time,layout.data_offset,data[0],data[1],data[2],data[3],data[4],data[5],data[6],data[7],data[8],data[9],data[10],data[11],data[12],data[13],data[14],data[15],data[16],data[17],data[18],data[19],data[20],data[21],data[22],data[23],data[24],data[25],data[26],data[27],data[28],data[29],data[30],data[31],data[32],data[33],data[34],data[35],data[36],data[37],data[38],data[39],data[40],data[41],data[42],data[43],data[44],data[45],data[46],data[47],data[48],data[49],data[50],data[51],data[52],data[53],data[54],data[55],data[56],data[57],data[58],data[59],data[60],data[61],data[62],data[63],data[64],data[65],data[66],data[67],data[68],data[69],data[70],data[71],data[72],data[73],data[74],data[75],data[76],data[77],data[78],data[79],data[80],data[81],data[82],data[83]
0,0,0.002536284038797021,-0.03286411985754967,-0.14256319403648376,0.002536284038797021,-0.03286411985754967,-0.14256319403648376,0.002113732974976301,0.005475105717778206,-0.0030485924798995256,0.0,0.0,0.0,-0.011439125053584576,-0.012952566146850586,-0.004607643932104111,0.0,0.0,-0.004607643932104111,-0.0007993577746674418,-0.00019207512377761304,-2.2506392269860953e-05,0.09083157032728195,0.10290611535310745,0.00012050161603838205,0.0,0.0,0.0,0.09217192232608795,0.10339919477701187,5.646197678288445e-05,-6.07273104833439e-05,-0.09043639898300171,-0.1028316393494606,-6.0619313444476575e-06,2.0,2.0,2.0,2.0,-0.0015332031762227416,-0.0015332031762227416,-0.0015332031762227416,-0.0015332031762227416,0.0,-3.3003976568579674e-05,-3.3003976568579674e-05,-3.300397293060087e-05,-3.300397293060087e-05,0.0,-0.1303625851869583,0.10893908143043518,-9.823182106018066,0.0,0.0,0.0,0.0,0.0,0.0,0.0,0.0,0.0,0.0,0.0,0.0,0.0,0.0,0.0,-3.4923370549222454e-05,-3.492336327326484e-05,-3.4923370549222454e-05,-3.4923370549222454e-05,0.04114978387951851,0.04114978387951851,0.04114978387951851,0.04114978387951851,-0.02934551239013672,-0.018400045111775398,0.008903395384550095,0.0,0.0,0.0,0.0,0.0,0.0,0.0
11189684,0,0.002536284038797021,-0.03286411985754967,-0.14256319403648376,0.002536284038797021,-0.03286411985754967,-0.14256319403648376,0.002113732974976301,0.005475105717778206,-0.0030485924798995256,0.0,0.0,0.0,-0.011439125053584576,-0.012952566146850586,-0.004607643932104111,0.0,0.0,-0.004607643932104111,-0.00014926292351447046,-0.0002166119811590761,0.0006844854797236621,0.09093620628118515,0.1029728427529335,7.46187215554528e-05,0.0,0.0,0.0,0.09116990864276886,0.10289262980222702,-0.0006342370761558414,-5.7661545724840835e-05,-0.0904504582285881,-0.10284337401390076,-4.246168828103691e-06,2.0,2.0,2.0,2.0,-0.0015332031762227416,-0.0015332031762227416,-0.0015332031762227416,-0.0015332031762227416,0.0,-3.1337800464825705e-05,-3.13377968268469e-05,-3.13377968268469e-05,-3.133779318886809e-05,0.0,-0.1161755844950676,0.08143182843923569,-9.818367004394531,0.0,0.0,0.0,0.0,0.0,0.0,0.0,0.0,0.0,0.0,0.0,0.0,0.0,0.0,0.0,-3.405684037716128e-05,-3.405682946322486e-05,-3.405683673918247e-05,-3.405683673918247e-05,0.04114978387951851,0.04114978387951851,0.04114978387951851,0.04114978387951851,0.016640210524201393,-0.014278583228588104,0.01712467521429062,0.0,0.0,0.0,0.0,0.0,0.0,0.0
16074978,0,0.002536284038797021,-0.03286411985754967,-0.14256319403648376,0.002554228762164712,-0.03282565623521805,-0.1426001638174057,0.002113732974976301,0.005475105717778206,-0.0030485924798995256,0.0,0.0,0.0,-0.011439125053584576,-0.012952566146850586,-0.004607643932104111,0.0,0.0,-0.004587497562170029,-0.00014926292351447046,-0.0002166119811590761,0.0006844854797236621,0.09093620628118515,0.1029728427529335,7.46187215554528e-05,0.0,0.0,0.0,0.09101478010416031,0.10342181473970413,-0.0005466265138238668,-5.668439553119242e-05,-0.09046486020088196,-0.10286900401115417,1.492387855250854e-05,2.0,2.0,2.0,2.0,-0.0015332031762227416,-0.0015332031762227416,-0.0015332031762227416,-0.0015332031762227416,0.0,-3.080673923250288e-05,-3.080673559452407e-05,-3.080673559452407e-05,-3.0806731956545264e-05,0.0,-0.1161755844950676,0.08143182843923569,-9.818367004394531,0.0,0.0,0.0,0.0,0.0,0.0,0.0,0.0,0.0,0.0,0.0,0.0,0.0,0.0,0.0,-3.318129893159494e-05,-3.318128437967971e-05,-3.3181291655637324e-05,-3.3181291655637324e-05,0.04114978387951851,0.04114978387951851,0.04114978387951851,0.04114978387951851,0.016640210524201393,-0.014278583228588104,0.01712467521429062,0.0,0.0,0.0,0.0,0.0,0.0,0.0
25558896,0,0.002554228762164712,-0.03282565623521805,-0.1426001638174057,0.002554228762164712,-0.03282565623521805,-0.1426001638174057,0.002256180392578244,0.005077439825981855,-0.0030564379412680864,0.0,0.0,0.0,-0.011426210403442383,-0.01297739427536726,-0.004587497562170029,0.0,0.0,-0.004587497562170029,0.000340621976647526,2.3780594347044826e-05,0.0003768978640437126,0.0908336341381073,0.10317013412714005,8.034650090849027e-05,0.0,0.0,0.0,0.09052395820617676,0.10299420356750488,6.016327461111359e-05,-5.5834490922279656e-05,-0.09046486020088196,-0.10286900401115417,1.492387855250854e-05,2.0,2.0,2.0,2.0,-0.0015332031762227416,-0.0015332031762227416,-0.0015332031762227416,-0.0015332031762227416,0.0,-3.0344841434271075e-05,-3.034483415831346e-05,-3.034483415831346e-05,-3.0344830520334654e-05,0.0,-0.10632297396659851,0.09854681044816971,-9.791166305541992,0.0,0.0,0.0,0.0,0.0,0.0,0.0,0.0,0.0,0.0,0.0,0.0,0.0,0.0,0.0,-3.231571463402361e-05,-3.2315703720087186e-05,-3.23157109960448e-05,-3.2315703720087186e-05,0.04114978387951851,0.04114978387951851,0.04114978387951851,0.04114978387951851,0.014734882861375809,-0.003932823892682791,-0.01891522854566574,0.0,0.0,0.0,0.0,0.0,0.0,0.0
36255114,0,0.0025947950780391693,-0.03279372304677963,-0.14263640344142914,0.0025947950780391693,-0.03279372304677963,-0.14263640344142914,0.002437242306768894,0.004644507542252541,-0.003036064561456442,0.0,0.0,0.0,-0.011426608078181744,-0.01296305377036333,-0.0046092309057712555,0.0,0.0,-0.0046092309057712555,0.000340621976647526,2.3780594347044826e-05,0.0003768978640437126,0.09083735942840576,0.10305566340684891,0.00011223873298149556,0.0,0.0,0.0,0.09052395820617676,0.10299420356750488,6.016327461111359e-05,-5.5834490922279656e-05,-0.09046352654695511,-0.10288830101490021,3.584982187021524e-05,2.0,2.0,2.0,2.0,-0.0015332031762227416,-0.0015332031762227416,-0.0015332031762227416,-0.0015332031762227416,0.0,-3.0344841434271075e-05,-3.034483415831346e-05,-3.034483415831346e-05,-3.0344830520334654e-05,0.0,-0.12681268155574799,0.10302162915468216,-9.82469367980957,0.0,0.0,0.0,0.0,0.0,0.0,0.0,0.0,0.0,0.0,0.0,0.0,0.0,0.0,0.0,-3.154763544443995e-05,-3.1547628168482333e-05,-3.154763544443995e-05,-3.1547624530503526e-05,0.04114978387951851,0.04114978387951851,0.04114978387951851,0.04114978387951851,0.014734882861375809,-0.003932823892682791,-0.01891522854566574,0.0,0.0,0.0,0.0,0.0,0.0,0.0
45910863,0,0.0025947950780391693,-0.03279372304677963,-0.14263640344142914,0.0025947950780391693,-0.03279372304677963,-0.14263640344142914,0.002437242306768894,0.004644507542252541,-0.003036064561456442,0.0,0.0,0.0,-0.011426608078181744,-0.01296305377036333,-0.0046092309057712555,0.0,0.0,-0.0046092309057712555,0.0008291314588859677,-0.00046602977090515196,-1.021267962642014e-06,0.09062297642230988,0.10305281728506088,0.00010302749433321878,0.0,0.0,0.0,0.08961412310600281,0.10378894209861755,0.0003540025791153312,-5.567723928834312e-05,-0.09045703709125519,-0.10290525108575821,3.29161666741129e-05,2.0,2.0,2.0,2.0,-0.0015332031762227416,-0.0015332031762227416,-0.0015332031762227416,-0.0015332031762227416,0.0,-3.0259376217145473e-05,-3.025936894118786e-05,-3.0259370760177262e-05,-3.0259367122198455e-05,0.0,-0.12681268155574799,0.10302162915468216,-9.82469367980957,0.0,0.0,0.0,0.0,0.0,0.0,0.0,0.0,0.0,0.0,0.0,0.0,0.0,0.0,0.0,-3.0943992896936834e-05,-3.094398562097922e-05,-3.0943992896936834e-05,-3.094398198300041e-05,0.04114978387951851,0.04114978387951851,0.04114978387951851,0.04114978387951851,0.03151409700512886,-0.02367902360856533,-0.02345619909465313,0.0,0.0,0.0,0.0,0.0,0.0,0.0
55827762,0,0.0026271850802004337,-0.032779306173324585,-0.14265577495098114,0.0026271850802004337,-0.032779306173324585,-0.14265577495098114,0.0025498997420072556,0.004664799198508263,-0.0028383336029946804,0.0,0.0,0.0,-0.011416735127568245,-0.012966830283403397,-0.004605208523571491,0.0,0.0,-0.0046052089892327785,0.00102102174423635,-0.00022946789977140725,5.1771428843494505e-05,0.09062297642230988,0.10305281728506088,0.00010302749433321878,0.0,0.0,0.0,0.09057784080505371,0.10268446058034897,0.0007880148477852345,-5.472287011798471e-05,-0.09045703709125519,-0.10290525108575821,3.29161666741129e-05,2.0,2.0,2.0,2.0,-0.0015332031762227416,-0.0015332031762227416,-0.0015332031762227416,-0.0015332031762227416,0.0,-2.9740696845692582e-05,-2.9740691388724372e-05,-2.9740691388724372e-05,-2.9740687750745565e-05,0.0,-0.12483273446559906,0.10280635952949524,-9.806463241577148,0.0,0.0,0.0,0.0,0.0,0.0,0.0,0.0,0.0,0.0,0.0,0.0,0.0,0.0,0.0,-3.0500796128762886e-05,-3.050079249078408e-05,-3.0500796128762886e-05,-3.0500790671794675e-05,0.04114978387951851,0.04114978387951851,0.04114978387951851,0.04114978387951851,0.024299856275320053,0.0009719156660139561,-0.009137754328548908,0.0,0.0,0.0,0.0,0.0,0.0,0.0
65660951,0,0.002689589513465762,-0.032804276794195175,-0.14269039034843445,0.002689589513465762,-0.032804276794195175,-0.14269039034843445,0.002673405222594738,0.004495898261666298,-0.0023768385872244835,0.0,0.0,0.0,-0.011440801434218884,-0.012960006482899189,-0.004611824173480272,0.0,0.0,-0.004611824173480272,0.00102102174423635,-0.00022946789977140725,5.1771428843494505e-05,0.09095007926225662,0.10303154587745667,0.00010542987001826987,0.0,0.0,0.0,0.09057784080505371,0.10268446058034897,0.0007880148477852345,-5.472287011798471e-05,-0.09045703709125519,-0.10290525108575821,3.29161666741129e-05,2.0,2.0,2.0,2.0,-0.0015332031762227416,-0.0015332031762227416,-0.0015332031762227416,-0.0015332031762227416,0.0,-2.9740696845692582e-05,-2.9740691388724372e-05,-2.9740691388724372e-05,-2.9740687750745565e-05,0.0,-0.11215002089738846,0.09413914382457733,-9.772745132446289,0.0,0.0,0.0,0.0,0.0,0.0,0.0,0.0,0.0,0.0,0.0,0.0,0.0,0.0,0.0,-3.0166491342242807e-05,-3.0166489523253404e-05,-3.0166489523253404e-05,-3.0166491342242807e-05,0.04114978387951851,0.04114978387951851,0.04114978387951851,0.04114978387951851,0.024299856275320053,0.0009719156660139561,-0.009137754328548908,0.0,0.0,0.0,0.0,0.0,0.0,0.0
75748187,0,0.002689589513465762,-0.032804276794195175,-0.14269039034843445,0.002689589513465762,-0.032804276794195175,-0.14269039034843445,0.002673405222594738,0.004495898261666298,-0.0023768385872244835,0.0,0.0,0.0,-0.011440801434218884,-0.012960006482899189,-0.004611824173480272,0.0,0.0,-0.004611824173480272,-6.482859316747636e-05,0.0006925271591171622,-0.000633126706816256,0.09095007926225662,0.10303154587745667,0.00010542987001826987,0.0,0.0,0.0,0.09057784080505371,0.10268446058034897,0.0007880148477852345,-5.472287011798471e-05,-0.09044363349676132,-0.10293088853359222,6.659189239144325e-06,2.0,2.0,2.0,2.0,-0.0015332031762227416,-0.0015332031762227416,-0.0015332031762227416,-0.0015332031762227416,0.0,-2.9740696845692582e-05,-2.9740691388724372e-05,-2.9740691388724372e-05,-2.9740687750745565e-05,0.0,-0.12997250258922577,0.10952965170145035,-9.807491302490234,0.0,0.0,0.0,0.0,0.0,0.0,0.0,0.0,0.0,0.0,0.0,0.0,0.0,0.0,0.0,-2.9923503461759537e-05,-2.9923503461759537e-05,-2.9923501642770134e-05,-2.9923503461759537e-05,0.04114978387951851,0.04114978387951851,0.04114978387951851,0.04114978387951851,-0.03343253582715988,0.03542429208755493,-0.022379444912075996,0.0,0.0,0.0,0.0,0.0,0.0,0.0
86639848,0,0.0027195848524570465,-0.03284474462270737,-0.14270451664924622,0.0027195848524570465,-0.03284474462270737,-0.14270451664924622,0.0027733836323022842,0.004400056786835194,-0.00233547599054873,0.0,0.0,0.0,-0.011448477394878864,-0.01292910985648632,-0.004635246004909277,0.0,0.0,-0.004635246004909277,0.00032429309794679284,0.00179433380253613,-0.00037142704240977764,0.09096415340900421,0.10276167839765549,7.791684765834361e-05,0.0,0.0,0.0,0.09086350351572037,0.10129527002573013,0.0006977504235692322,-5.237084405962378e-05,-0.09044363349676132,-0.10293088853359222,6.659189239144325e-06,2.0,2.0,2.0,2.0,-0.0015332031762227416,-0.0015332031762227416,-0.0015332031762227416,-0.0015332031762227416,0.0,-2.846242205123417e-05,-2.8462414775276557e-05,-2.846241659426596e-05,-2.846241113729775e-05,0.0,-0.12997250258922577,0.10952965170145035,-9.807491302490234,0.0,0.0,0.0,0.0,0.0,0.0,0.0,0.0,0.0,0.0,0.0,0.0,0.0,0.0,0.0,-2.9711294700973667e-05,-2.971129651996307e-05,-2.9711292881984264e-05,-2.9711294700973667e-05,0.04114978387951851,0.04114978387951851,0.04114978387951851,0.04114978387951851,-0.00019033584976568818,0.05865032970905304,0.002653377363458276,0.0,0.0,0.0,0.0,0.0,0.0,0.0
95922200,0,0.0028037710580974817,-0.03288262337446213,-0.1427467167377472,0.0028037710580974817,-0.03288262337446213,-0.1427467167377472,0.0025430251844227314,0.0038995917420834303,-0.0027806118596345186,0.0,0.0,0.0,-0.011415180750191212,-0.012881587259471416,-0.004640358965843916,0.0,0.0,-0.004640358965843916,0.00032429309794679284,0.00179433380253613,-0.00037142704240977764,0.0907461866736412,0.10240838676691055,8.84421169757843e-05,0.0,0.0,0.0,0.09069390594959259,0.09990441799163818,0.0003639254136942327,-5.052197229815647e-05,-0.09044363349676132,-0.10293088853359222,6.659189239144325e-06,2.0,2.0,2.0,2.0,-0.0015332031762227416,-0.0015332031762227416,-0.0015332031762227416,-0.0015332031762227416,0.0,-2.745759775280021e-05,-2.7457592295832e-05,-2.7457594114821404e-05,-2.7457592295832e-05,0.0,-0.12997250258922577,0.10952965170145035,-9.807491302490234,0.0,0.0,0.0,0.0,0.0,0.0,0.0,0.0,0.0,0.0,0.0,0.0,0.0,0.0,0.0,-2.938909165095538e-05,-2.9389095288934186e-05,-2.9389088012976572e-05,-2.938909165095538e-05,0.04114978387951851,0.04114978387951851,0.04114978387951851,0.04114978387951851,-0.00019033584976568818,0.05865032970905304,0.002653377363458276,0.0,0.0,0.0,0.0,0.0,0.0,0.0
106881327,0,0.0028037710580974817,-0.03288262337446213,-0.1427467167377472,0.0028037710580974817,-0.03288262337446213,-0.1427467167377472,0.0025430251844227314,0.0038995917420834303,-0.0027806118596345186,0.0,0.0,0.0,-0.011415180750191212,-0.012881587259471416,-0.004640358965843916,0.0,0.0,-0.004640358965843916,0.0005400757654570043,0.0014755410375073552,-9.094663255382329e-05,0.0907461866736412,0.10240838676691055,8.84421169757843e-05,0.0,0.0,0.0,0.09015531837940216,0.10089398175477982,8.911368786357343e-05,-4.674985393648967e-05,-0.09044339507818222,-0.10291212797164917,-1.5013141819508746e-05,2.0,2.0,2.0,2.0,-0.0015332031762227416,-0.0015332031762227416,-0.0015332031762227416,-0.0015332031762227416,0.0,-2.5407536668353714e-05,-2.5407527573406696e-05,-2.5407531211385503e-05,-2.5407525754417293e-05,0.0,-0.12313514947891235,0.10731904953718185,-9.80661678314209,0.0,0.0,0.0,0.0,0.0,0.0,0.0,0.0,0.0,0.0,0.0,0.0,0.0,0.0,0.0,-2.88259925582679e-05,-2.882599801523611e-05,-2.8825988920289092e-05,-2.8825990739278495e-05,0.04114978387951851,0.04114978387951851,0.04114978387951851,0.04114978387951851,0.0024894995149224997,0.002501523355022073,0.01085158996284008,0.0,0.0,0.0,0.0,0.0,0.0,0.0
118441278,0,0.002832140075042844,-0.03288479894399643,-0.1427759826183319,0.002832140075042844,-0.03288479894399643,-0.1427759826183319,0.0026435418985784054,0.003703706432133913,-0.0027025288436561823,0.0,0.0,0.0,-0.011433578096330166,-0.01283959485590458,-0.0046439035795629025,0.0,0.0,-0.0046439035795629025,0.0005400757654570043,0.0014755410375073552,-9.094663255382329e-05,0.09089213609695435,0.10207478702068329,7.029531116131693e-05,0.0,0.0,0.0,0.09015531837940216,0.10089398175477982,8.911368786357343e-05,-4.674985393648967e-05,-0.09043552726507187,-0.10287434607744217,-2.6942281692754477e-05,2.0,2.0,2.0,2.0,-0.0015332031762227416,-0.0015332031762227416,-0.0015332031762227416,-0.0015332031762227416,0.0,-2.5407536668353714e-05,-2.5407527573406696e-05,-2.5407531211385503e-05,-2.5407525754417293e-05,0.0,-0.13973213732242584,0.11278238892555237,-9.81434440612793,0.0,0.0,0.0,0.0,0.0,0.0,0.0,0.0,0.0,0.0,0.0,0.0,0.0,0.0,0.0,-2.801282607833855e-05,-2.8012829716317356e-05,-2.8012824259349145e-05,-2.801282607833855e-05,0.04114978387951851,0.04114978387951851,0.04114978387951851,0.04114978387951851,0.0024894995149224997,0.002501523355022073,0.01085158996284008,0.0,0.0,0.0,0.0,0.0,0.0,0.0
125878372,0,0.002832140075042844,-0.03288479894399643,-0.1427759826183319,0.002832140075042844,-0.03288479894399643,-0.1427759826183319,0.0026435418985784054,0.003703706432133913,-0.0027025288436561823,0.0,0.0,0.0,-0.011433578096330166,-0.01283959485590458,-0.0046439035795629025,0.0,0.0,-0.0046439035795629025,0.00038532260805368423,0.0016992720775306225,-0.0002934062504209578,0.09094977378845215,0.10202331095933914,7.596535579068586e-05,0.0,0.0,0.0,0.09064572304487228,0.10025577992200851,0.0003612319123931229,-4.465881283977069e-05,-0.09043316543102264,-0.10285629332065582,-3.319862298667431e-05,2.0,2.0,2.0,2.0,-0.0015332031762227416,-0.0015332031762227416,-0.0015332031762227416,-0.0015332031762227416,0.0,-2.4271101210615598e-05,-2.4271093934657983e-05,-2.427109757263679e-05,-2.4271093934657983e-05,0.0,-0.13200385868549347,0.11527799814939499,-9.8060302734375,0.0,0.0,0.0,0.0,0.0,0.0,0.0,0.0,0.0,0.0,0.0,0.0,0.0,0.0,0.0,-2.7079726351075806e-05,-2.7079726351075806e-05,-2.7079724532086402e-05,-2.7079726351075806e-05,0.04114978387951851,0.04114978387951851,0.04114978387951851,0.04114978387951851,-0.00812700018286705,0.006826166529208422,-0.003954438958317041,0.0,0.0,0.0,0.0,0.0,0.0,0.0
135824782,0,0.0028323354199528694,-0.03288711979985237,-0.14279161393642426,0.0028323354199528694,-0.03288711979985237,-0.14279161393642426,0.0024970867671072483,0.0038621665444225073,-0.002533174119889736,0.0,0.0,0.0,-0.011445574462413788,-0.012847596779465675,-0.004651176277548075,0.0,0.0,-0.004651176277548075,0.000276809063507244,0.0003855937975458801,1.4299075701273978e-06,0.09094977378845215,0.10202331095933914,7.596535579068586e-05,0.0,0.0,0.0,0.09089244902133942,0.10234586894512177,4.706439358415082e-05,-4.054190139868297e-05,-0.09043316543102264,-0.10285629332065582,-3.319862298667431e-05,2.0,2.0,2.0,2.0,-0.0015332031762227416,-0.0015332031762227416,-0.0015332031762227416,-0.0015332031762227416,0.0,-2.2033647837815806e-05,-2.2033644199837e-05,-2.2033644199837e-05,-2.2033640561858192e-05,0.0,-0.13200385868549347,0.11527799814939499,-9.8060302734375,0.0,0.0,0.0,0.0,0.0,0.0,0.0,0.0,0.0,0.0,0.0,0.0,0.0,0.0,0.0,-2.6051755412481725e-05,-2.6051751774502918e-05,-2.6051755412481725e-05,-2.6051755412481725e-05,0.04114978387951851,0.04114978387951851,0.04114978387951851,0.04114978387951851,-0.007742270361632109,-0.043679129332304,0.00736547214910388,0.0,0.0,0.0,0.0,0.0,0.0,0.0
146191331,0,0.0028294979128986597,-0.032889846712350845,-0.14282606542110443,0.0028294979128986597,-0.032889846712350845,-0.14282606542110443,0.002113023307174444,0.0042626443319022655,-0.0026224940083920956,0.0,0.0,0.0,-0.011458621360361576,-0.012867324985563755,-0.0046392143703997135,0.0,0.0,-0.0046392143703997135,0.000276809063507244,0.0003855937975458801,1.4299075701273978e-06,0.09109184145927429,0.1022946760058403,0.00010833285341504961,0.0,0.0,0.0,0.09089244902133942,0.10234586894512177,4.706439358415082e-05,-4.054190139868297e-05,-0.09043316543102264,-0.10285629332065582,-3.319862298667431e-05,2.0,2.0,2.0,2.0,-0.0015332031762227416,-0.0015332031762227416,-0.0015332031762227416,-0.0015332031762227416,0.0,-2.2033647837815806e-05,-2.2033644199837e-05,-2.2033644199837e-05,-2.2033640561858192e-05,0.0,-0.1381041705608368,0.12352834641933441,-9.793980598449707,0.0,0.0,0.0,0.0,0.0,0.0,0.0,0.0,0.0,0.0,0.0,0.0,0.0,0.0,0.0,-2.4907953047659248e-05,-2.4907945771701634e-05,-2.490795486664865e-05,-2.4907953047659248e-05,0.04114978387951851,0.04114978387951851,0.04114978387951851,0.04114978387951851,-0.007742270361632109,-0.043679129332304,0.00736547214910388,0.0,0.0,0.0,0.0,0.0,0.0,0.0
156289479,0,0.0028294979128986597,-0.032889846712350845,-0.14282606542110443,0.0028294979128986597,-0.032889846712350845,-0.14282606542110443,0.002113023307174444,0.0042626443319022655,-0.0026224940083920956,0.0,0.0,0.0,-0.011458621360361576,-0.012867324985563755,-0.0046392143703997135,0.0,0.0,-0.0046392143703997135,-0.0002768424164969474,-0.0009988107485696673,9.117006993619725e-05,0.09109184145927429,0.1022946760058403,0.00010833285341504961,0.0,0.0,0.0,0.09089244902133942,0.10234586894512177,4.706439358415082e-05,-4.054190139868297e-05,-0.0904325544834137,-0.10283911228179932,-3.9224578358698636e-05,2.0,2.0,2.0,2.0,-0.0015332031762227416,-0.0015332031762227416,-0.0015332031762227416,-0.0015332031762227416,0.0,-2.2033647837815806e-05,-2.2033644199837e-05,-2.2033644199837e-05,-2.2033640561858192e-05,0.0,-0.1381041705608368,0.12352834641933441,-9.793980598449707,0.0,0.0,0.0,0.0,0.0,0.0,0.0,0.0,0.0,0.0,0.0,0.0,0.0,0.0,0.0,-2.381502781645395e-05,-2.3815020540496334e-05,-2.3815029635443352e-05,-2.3815025997464545e-05,0.04114978387951851,0.04114978387951851,0.04114978387951851,0.04114978387951851,-0.032059695571660995,-0.08897306025028229,0.0073471879586577415,0.0,0.0,0.0,0.0,0.0,0.0,0.0
165679761,0,0.002824973315000534,-0.03289244696497917,-0.14284244179725647,0.002824973315000534,-0.03289244696497917,-0.14284244179725647,0.0018151073018088937,0.004207245539873838,-0.002802054164931178,0.0,0.0,0.0,-0.011463512666523457,-0.012904063798487186,-0.004618166480213404,0.0,0.0,-0.004618166480213404,-0.0003377445973455906,-0.001551012392155826,2.1860178094357252e-06,0.09112993627786636,0.10258744657039642,6.34973548585549e-05,0.0,0.0,0.0,0.091517873108387,0.10491850227117538,0.00016411967226304114,-3.641844159574248e-05,-0.09043941646814346,-0.10284993797540665,-3.874579124385491e-05,2.0,2.0,2.0,2.0,-0.0015332031762227416,-0.0015332031762227416,-0.0015332031762227416,-0.0015332031762227416,0.0,-1.9792634702753276e-05,-1.979263106477447e-05,-1.979263106477447e-05,-1.9792629245785065e-05,0.0,-0.14345315098762512,0.11372750997543335,-9.800251960754395,0.0,0.0,0.0,0.0,0.0,0.0,0.0,0.0,0.0,0.0,0.0,0.0,0.0,0.0,0.0,-2.284541551489383e-05,-2.2845411876915023e-05,-2.2845417333883233e-05,-2.2845413695904426e-05,0.04114978387951851,0.04114978387951851,0.04114978387951851,0.04114978387951851,-0.017115287482738495,-0.07056725770235062,-0.002083695726469159,0.0,0.0,0.0,0.0,0.0,0.0,0.0
175754841,0,0.002810433506965637,-0.03292699530720711,-0.14287416636943817,0.002810433506965637,-0.03292699530720711,-0.14287416636943817,0.0013541236985474825,0.00396961672231555,-0.003081049071624875,0.0,0.0,0.0,-0.011453515850007534,-0.012903791852295399,-0.004649639129638672,0.0,0.0,-0.004649638663977385,-0.00011534207442309707,-0.0015398350078612566,-0.0003928784281015396,0.09133538603782654,0.10277420282363892,0.00011367710249032825,0.0,0.0,0.0,0.091517873108387,0.10491850227117538,0.00016411967226304114,-3.641844159574248e-05,-0.09046149253845215,-0.10289733856916428,-4.63279357063584e-05,2.0,2.0,2.0,2.0,-0.0015332031762227416,-0.0015332031762227416,-0.0015332031762227416,-0.0015332031762227416,0.0,-1.9792634702753276e-05,-1.979263106477447e-05,-1.979263106477447e-05,-1.9792629245785065e-05,0.0,-0.14271917939186096,0.10667923092842102,-9.79513931274414,0.0,0.0,0.0,0.0,0.0,0.0,0.0,0.0,0.0,0.0,0.0,0.0,0.0,0.0,0.0,-2.190860868722666e-05,-2.1908605049247853e-05,-2.190860868722666e-05,-2.1908605049247853e-05,0.04114978387951851,0.04114978387951851,0.04114978387951851,0.04114978387951851,0.006286845542490482,-0.017153045162558556,-0.014219453558325768,0.0,0.0,0.0,0.0,0.0,0.0,0.0
186404038,0,0.002810433506965637,-0.03292699530720711,-0.14287416636943817,0.002810433506965637,-0.03292699530720711,-0.14287416636943817,0.0013541236985474825,0.00396961672231555,-0.003081049071624875,0.0,0.0,0.0,-0.011453515850007534,-0.012903791852295399,-0.004649639129638672,0.0,0.0,-0.004649638663977385,0.00040775834349915385,-0.0006684897234663367,-0.0006011108052916825,0.09133538603782654,0.10277420282363892,0.00011367710249032825,0.0,0.0,0.0,0.09104948490858078,0.10445963591337204,0.000550565542653203,-3.2521340472158045e-05,-0.09046149253845215,-0.10289733856916428,-4.63279357063584e-05,2.0,2.0,2.0,2.0,-0.0015332031762227416,-0.0015332031762227416,-0.0015332031762227416,-0.0015332031762227416,0.0,-1.767464345903136e-05,-1.767463982105255e-05,-1.767463982105255e-05,-1.7674638002063148e-05,0.0,-0.14271917939186096,0.10667923092842102,-9.79513931274414,0.0,0.0,0.0,0.0,0.0,0.0,0.0,0.0,0.0,0.0,0.0,0.0,0.0,0.0,0.0,-2.095971467497293e-05,-2.0959711036994122e-05,-2.0959712855983526e-05,-2.095970921800472e-05,0.04114978387951851,0.04114978387951851,0.04114978387951851,0.04114978387951851,0.025906803086400032,0.031598158180713654,-0.018181759864091873,0.0,0.0,0.0,0.0,0.0,0.0,0.0
196468333,0,0.002810433506965637,-0.03292699530720711,-0.14287416636943817,0.00277482601813972,-0.03302102908492088,-0.1429225504398346,0.0013541236985474825,0.00396961672231555,-0.003081049071624875,0.0,0.0,0.0,-0.011453515850007534,-0.012903791852295399,-0.004649639129638672,0.0,0.0,-0.004686799366027117,0.00040775834349915385,-0.0006684897234663367,-0.0006011108052916825,0.09133538603782654,0.10277420282363892,0.00011367710249032825,0.0,0.0,0.0,0.09031643718481064,0.10303936153650284,0.0007410014513880014,-3.042027492483612e-05,-0.09046149253845215,-0.10289733856916428,-4.63279357063584e-05,2.0,2.0,2.0,2.0,-0.0015332031762227416,-0.0015332031762227416,-0.0015332031762227416,-0.0015332031762227416,0.0,-1.6532760128029622e-05,-1.6532760128029622e-05,-1.653275830904022e-05,-1.653275830904022e-05,0.0,-0.14271917939186096,0.10667923092842102,-9.79513931274414,0.0,0.0,0.0,0.0,0.0,0.0,0.0,0.0,0.0,0.0,0.0,0.0,0.0,0.0,0.0,-1.9931880160584114e-05,-1.9931876522605307e-05,-1.9931880160584114e-05,-1.9931876522605307e-05,0.04114978387951851,0.04114978387951851,0.04114978387951851,0.04114978387951851,0.025906803086400032,0.031598158180713654,-0.018181759864091873,0.0,0.0,0.0,0.0,0.0,0.0,0.0
206767831,0,0.00277482601813972,-0.03302102908492088,-0.1429225504398346,0.002760163974016905,-0.03307957947254181,-0.14293915033340454,0.0010024758521467447,0.00284084165468812,-0.00296966964378953,0.0,0.0,0.0,-0.011475865729153156,-0.012893718667328358,-0.004686799366027117,0.0,0.0,-0.004688306711614132,0.00040775834349915385,-0.0006684897234663367,-0.0006011108052916825,0.09122875332832336,0.1025046706199646,9.867076005320996e-05,0.0,0.0,0.0,0.09031643718481064,0.10303936153650284,0.0007410014513880014,-3.042027492483612e-05,-0.09046913683414459,-0.1029316633939743,-6.618680345127359e-05,2.0,2.0,2.0,2.0,-0.0015332031762227416,-0.0015332031762227416,-0.0015332031762227416,-0.0015332031762227416,0.0,-1.6532760128029622e-05,-1.6532760128029622e-05,-1.653275830904022e-05,-1.653275830904022e-05,0.0,-0.1373615860939026,0.11086678504943848,-9.807069778442383,0.0,0.0,0.0,0.0,0.0,0.0,0.0,0.0,0.0,0.0,0.0,0.0,0.0,0.0,0.0,-1.8851824279408902e-05,-1.88518224604195e-05,-1.8851826098398305e-05,-1.88518224604195e-05,0.04114978387951851,0.04114978387951851,0.04114978387951851,0.04114978387951851,0.025906803086400032,0.031598158180713654,-0.018181759864091873,0.0,0.0,0.0,0.0,0.0,0.0,0.0
218078272,0,0.002760163974016905,-0.03307957947254181,-0.14293915033340454,0.002760163974016905,-0.03307957947254181,-0.14293915033340454,0.000970499066170305,0.0027223313227295876,-0.0027317043859511614,0.0,0.0,0.0,-0.01148562878370285,-0.01286979578435421,-0.004688306245952845,0.0,0.0,-0.004688306711614132,0.000553268357180059,0.002250439254567027,3.0920149583835155e-05,0.09130622446537018,0.10231458395719528,9.049834625329822e-05,0.0,0.0,0.0,0.09120984375476837,0.10020074993371964,0.000627095578238368,-2.4485143512720242e-05,-0.09046968817710876,-0.10293161123991013,-7.98007968114689e-05,2.0,2.0,2.0,2.0,-0.0015332031762227416,-0.0015332031762227416,-0.0015332031762227416,-0.0015332031762227416,0.0,-1.3307147128216457e-05,-1.330714349023765e-05,-1.3307145309227053e-05,-1.3307142580742948e-05,0.0,-0.12895236909389496,0.09766969829797745,-9.797799110412598,0.0,0.0,0.0,0.0,0.0,0.0,0.0,0.0,0.0,0.0,0.0,0.0,0.0,0.0,0.0,-1.7743906937539577e-05,-1.774390329956077e-05,-1.774390875652898e-05,-1.774390329956077e-05,0.04114978387951851,0.04114978387951851,0.04114978387951851,0.04114978387951851,0.011274268850684166,0.08384085446596146,0.023468317463994026,0.0,0.0,0.0,0.0,0.0,0.0,0.0
225765954,0,0.002760163974016905,-0.03307957947254181,-0.14293915033340454,0.0027278221677988768,-0.03322260081768036,-0.14297109842300415,0.000970499066170305,0.0027223313227295876,-0.0027317043859511614,0.0,0.0,0.0,-0.01148562878370285,-0.01286979578435421,-0.004688306245952845,0.0,0.0,-0.004691882990300655,0.000553268357180059,0.002250439254567027,3.0920149583835155e-05,0.09130622446537018,0.10231458395719528,9.049834625329822e-05,0.0,0.0,0.0,0.09027597308158875,0.09897588938474655,-0.00019080520723946393,-2.1187261154409498e-05,-0.09047133475542068,-0.10288622230291367,-9.139127359958366e-05,2.0,2.0,2.0,2.0,-0.0015332031762227416,-0.0015332031762227416,-0.0015332031762227416,-0.0015332031762227416,0.0,-1.1514818652358372e-05,-1.1514815923874266e-05,-1.1514816833368968e-05,-1.1514814104884863e-05,0.0,-0.12895236909389496,0.09766969829797745,-9.797799110412598,0.0,0.0,0.0,0.0,0.0,0.0,0.0,0.0,0.0,0.0,0.0,0.0,0.0,0.0,0.0,-1.6446436347905546e-05,-1.644643270992674e-05,-1.6446436347905546e-05,-1.644643270992674e-05,0.04114978387951851,0.04114978387951851,0.04114978387951851,0.04114978387951851,0.011274268850684166,0.08384085446596146,0.023468317463994026,0.0,0.0,0.0,0.0,0.0,0.0,0.0
235846425,0,0.0027278221677988768,-0.03322260081768036,-0.14297109842300415,0.0027278221677988768,-0.03322260081768036,-0.14297109842300415,0.0007202764973044395,0.0026439172215759754,-0.0027934438548982143,0.0,0.0,0.0,-0.011479988694190979,-0.012807661667466164,-0.004691883455961943,0.0,0.0,-0.004691882990300655,0.0007152885082177818,0.0023349567782133818,4.8912617785390466e-05,0.09126152098178864,0.10182057321071625,9.447155753150582e-05,0.0,0.0,0.0,0.09060002863407135,0.100320003926754,0.000212723360164091,-1.5606194210704416e-05,-0.09047133475542068,-0.10288622230291367,-9.139127359958366e-05,2.0,2.0,2.0,2.0,-0.0015332031762227416,-0.0015332031762227416,-0.0015332031762227416,-0.0015332031762227416,0.0,-8.481628356094006e-06,-8.481627446599305e-06,-8.481627446599305e-06,-8.481626537104603e-06,0.0,-0.12283723801374435,0.111607126891613,-9.793586730957031,0.0,0.0,0.0,0.0,0.0,0.0,0.0,0.0,0.0,0.0,0.0,0.0,0.0,0.0,0.0,-1.4841063602943905e-05,-1.4841061783954501e-05,-1.4841062693449203e-05,-1.4841061783954501e-05,0.04114978387951851,0.04114978387951851,0.04114978387951851,0.04114978387951851,0.012419616803526878,0.04950256645679474,0.011861414648592472,0.0,0.0,0.0,0.0,0.0,0.0,0.0
246087217,0,0.002693314803764224,-0.0333702377974987,-0.1429983675479889,0.002693314803764224,-0.0333702377974987,-0.1429983675479889,0.0005130331264808774,0.0023786176461726427,-0.0028470575343817472,0.0,0.0,0.0,-0.011458485387265682,-0.012810604646801949,-0.004695754963904619,0.0,0.0,-0.004695754963904619,0.00013201800175011158,0.0005841208039782941,0.00023742546909488738,0.09109053015708923,0.10184399783611298,9.209218842443079e-05,0.0,0.0,0.0,0.09146802872419357,0.10191717743873596,-0.0002727879036683589,-1.271459950658027e-05,-0.09046708047389984,-0.10282386094331741,-9.43482737056911e-05,2.0,2.0,2.0,2.0,-0.0015332031762227416,-0.0015332031762227416,-0.0015332031762227416,-0.0015332031762227416,0.0,-6.9101092776691075e-06,-6.910107458679704e-06,-6.910107458679704e-06,-6.910107003932353e-06,0.0,-0.1345909684896469,0.13602522015571594,-9.79491901397705,0.0,0.0,0.0,0.0,0.0,0.0,0.0,0.0,0.0,0.0,0.0,0.0,0.0,0.0,0.0,-1.2945462913194206e-05,-1.2945462003699504e-05,-1.2945461094204802e-05,-1.2945462003699504e-05,0.04114978387951851,0.04114978387951851,0.04114978387951851,0.04114978387951851,-0.02058836631476879,-0.05458097532391548,0.016543053090572357,0.0,0.0,0.0,0.0,0.0,0.0,0.0
268339661,0,0.002693314803764224,-0.0333702377974987,-0.1429983675479889,0.002693314803764224,-0.0333702377974987,-0.1429983675479889,0.0005130331264808774,0.0023786176461726427,-0.0028470575343817472,0.0,0.0,0.0,-0.011458485387265682,-0.012810604646801949,-0.004695754963904619,0.0,0.0,-0.004695754963904619,0.00013201800175011158,0.0005841208039782941,0.00023742546909488738,0.09109053015708923,0.10184399783611298,9.209218842443079e-05,0.0,0.0,0.0,0.09146802872419357,0.10191717743873596,-0.0002727879036683589,-1.271459950658027e-05,-0.09047166258096695,-0.10280684381723404,-9.278911602450535e-05,2.0,2.0,2.0,2.0,-0.0015332031762227416,-0.0015332031762227416,-0.0015332031762227416,-0.0015332031762227416,0.0,-6.9101092776691075e-06,-6.910107458679704e-06,-6.910107458679704e-06,-6.910107003932353e-06,0.0,-0.1345909684896469,0.13602522015571594,-9.79491901397705,0.0,0.0,0.0,0.0,0.0,0.0,0.0,0.0,0.0,0.0,0.0,0.0,0.0,0.0,0.0,-1.0971993106068112e-05,-1.0971994925057516e-05,-1.097199219657341e-05,-1.0971994925057516e-05,0.04114978387951851,0.04114978387951851,0.04114978387951851,0.04114978387951851,-0.02058836631476879,-0.05458097532391548,0.016543053090572357,0.0,0.0,0.0,0.0,0.0,0.0,0.0
268370623,0,0.0026743351481854916,-0.0334320142865181,-0.1430095136165619,0.0026743351481854916,-0.0334320142865181,-0.1430095136165619,0.00035293851397000253,0.002078046090900898,-0.0028318981640040874,0.0,0.0,0.0,-0.011496714316308498,-0.01282460056245327,-0.004686476197093725,0.0,0.0,-0.004686475731432438,0.0005671736435033381,0.0013529094867408276,0.0008995983516797423,0.09139416366815567,0.10195548832416534,7.732952508376911e-05,0.0,0.0,0.0,0.09146802872419357,0.10191717743873596,-0.0002727879036683589,-1.271459950658027e-05,-0.09047166258096695,-0.10280684381723404,-9.278911602450535e-05,2.0,2.0,2.0,2.0,-0.0015332031762227416,-0.0015332031762227416,-0.0015332031762227416,-0.0015332031762227416,0.0,-6.9101092776691075e-06,-6.910107458679704e-06,-6.910107458679704e-06,-6.910107003932353e-06,0.0,-0.11844433099031448,0.1125219389796257,-9.792495727539062,0.0,0.0,0.0,0.0,0.0,0.0,0.0,0.0,0.0,0.0,0.0,0.0,0.0,0.0,0.0,-9.251888513972517e-06,-9.251891242456622e-06,-9.251887604477815e-06,-9.251891242456622e-06,0.04114978387951851,0.04114978387951851,0.04114978387951851,0.04114978387951851,0.008388588204979897,0.025341017171740532,0.03143996372818947,0.0,0.0,0.0,0.0,0.0,0.0,0.0
278848992,0,0.002635324141010642,-0.033532191067934036,-0.1430298388004303,0.002635324141010642,-0.033532191067934036,-0.1430298388004303,0.00043954269494861364,0.0016789200017228723,-0.0028470181860029697,0.0,0.0,0.0,-0.011480904184281826,-0.012753325514495373,-0.004650915507227182,0.0,0.0,-0.004650915041565895,0.0005671736435033381,0.0013529094867408276,0.0008995983516797423,0.09130512177944183,0.10138621181249619,0.0001131983008235693,0.0,0.0,0.0,0.09061682224273682,0.09978313744068146,-0.0009524638880975544,-8.117158358800225e-06,-0.09047166258096695,-0.10280684381723404,-9.278911602450535e-05,2.0,2.0,2.0,2.0,-0.0015332031762227416,-0.0015332031762227416,-0.0015332031762227416,-0.0015332031762227416,0.0,-4.4114999582234304e-06,-4.411499048728729e-06,-4.4114995034760796e-06,-4.411498593981378e-06,0.0,-0.11844433099031448,0.1125219389796257,-9.792495727539062,0.0,0.0,0.0,0.0,0.0,0.0,0.0,0.0,0.0,0.0,0.0,0.0,0.0,0.0,0.0,-7.85853171691997e-06,-7.858534445404075e-06,-7.858530807425268e-06,-7.858534445404075e-06,0.04114978387951851,0.04114978387951851,0.04114978387951851,0.04114978387951851,0.008388588204979897,0.025341017171740532,0.03143996372818947,0.0,0.0,0.0,0.0,0.0,0.0,0.0
285693342,0,0.002635324141010642,-0.033532191067934036,-0.1430298388004303,0.002635324141010642,-0.033532191067934036,-0.1430298388004303,0.00043954269494861364,0.0016789200017228723,-0.0028470181860029697,0.0,0.0,0.0,-0.011480904184281826,-0.012753325514495373,-0.004650915507227182,0.0,0.0,-0.004650915041565895,0.0008846971904858947,0.0017410804284736514,0.0005729561089538038,0.09130512177944183,0.10138621181249619,0.0001131983008235693,0.0,0.0,0.0,0.09061682224273682,0.09978313744068146,-0.0009524638880975544,-8.117158358800225e-06,-0.09047451615333557,-0.10277368873357773,-7.178452506195754e-05,2.0,2.0,2.0,2.0,-0.0015332031762227416,-0.0015332031762227416,-0.0015332031762227416,-0.0015332031762227416,0.0,-4.4114999582234304e-06,-4.411499048728729e-06,-4.4114995034760796e-06,-4.411498593981378e-06,0.0,-0.12150561064481735,0.12291087955236435,-9.809386253356934,0.0,0.0,0.0,0.0,0.0,0.0,0.0,0.0,0.0,0.0,0.0,0.0,0.0,0.0,0.0,-6.6524553403723985e-06,-6.652457614109153e-06,-6.652454885625048e-06,-6.652457614109153e-06,0.04114978387951851,0.04114978387951851,0.04114978387951851,0.04114978387951851,0.019849229604005814,0.03504849597811699,-0.0011845793342217803,0.0,0.0,0.0,0.0,0.0,0.0,0.0
300276003,0,0.002593756653368473,-0.03358945623040199,-0.143052339553833,0.002593756653368473,-0.03358945623040199,-0.143052339553833,0.00033301112125627697,0.0016112111043184996,-0.0026106240693479776,0.0,0.0,0.0,-0.011521182022988796,-0.012729998677968979,-0.004683354403823614,0.0,0.0,-0.004683354403823614,0.0003234604373574257,0.0012864574091508985,0.0005185639602132142,0.09158944338560104,0.10120280832052231,0.00011836104386020452,0.0,0.0,0.0,0.09141300618648529,0.0999755784869194,-0.00025850432575680315,-5.40585415365058e-06,-0.09047223627567291,-0.10274142026901245,-5.967931792838499e-05,2.0,2.0,2.0,2.0,-0.0015332031762227416,-0.0015332031762227416,-0.0015332031762227416,-0.0015332031762227416,0.0,-2.9379655188677134e-06,-2.937964381999336e-06,-2.9379650641203625e-06,-2.9379641546256607e-06,0.0,-0.14047713577747345,0.12791210412979126,-9.81047248840332,0.0,0.0,0.0,0.0,0.0,0.0,0.0,0.0,0.0,0.0,0.0,0.0,0.0,0.0,0.0,-5.57779821974691e-06,-5.577799129241612e-06,-5.577797764999559e-06,-5.577799129241612e-06,0.04114978387951851,0.04114978387951851,0.04114978387951851,0.04114978387951851,-0.014702120795845985,-0.005922094918787479,-0.0036242022179067135,0.0,0.0,0.0,0.0,0.0,0.0,0.0
305915031,0,0.0025468962267041206,-0.03362393006682396,-0.14307759702205658,0.0025468962267041206,-0.03362393006682396,-0.14307759702205658,-4.537239146884531e-05,0.001992860808968544,-0.0028313721995800734,0.0,0.0,0.0,-0.011523091234266758,-0.012755201198160648,-0.004660091362893581,0.0,0.0,-0.004660091828554869,0.0003234604373574257,0.0012864574091508985,0.0005185639602132142,0.09160397201776505,0.10140368342399597,8.228764636442065e-05,0.0,0.0,0.0,0.09141300618648529,0.0999755784869194,-0.00025850432575680315,-5.40585415365058e-06,-0.09047223627567291,-0.10274142026901245,-5.967931792838499e-05,2.0,2.0,2.0,2.0,-0.0015332031762227416,-0.0015332031762227416,-0.0015332031762227416,-0.0015332031762227416,0.0,-2.9379655188677134e-06,-2.937964381999336e-06,-2.9379650641203625e-06,-2.9379641546256607e-06,0.0,-0.14047713577747345,0.12791210412979126,-9.81047248840332,0.0,0.0,0.0,0.0,0.0,0.0,0.0,0.0,0.0,0.0,0.0,0.0,0.0,0.0,0.0,-4.630124294635607e-06,-4.630124749382958e-06,-4.630123839888256e-06,-4.630124749382958e-06,0.04114978387951851,0.04114978387951851,0.04114978387951851,0.04114978387951851,-0.014702120795845985,-0.005922094918787479,-0.0036242022179067135,0.0,0.0,0.0,0.0,0.0,0.0,0.0
316905091,0,0.0025468962267041206,-0.03362393006682396,-0.14307759702205658,0.0025468962267041206,-0.03362393006682396,-0.14307759702205658,-4.537239146884531e-05,0.001992860808968544,-0.0028313721995800734,0.0,0.0,0.0,-0.011523091234266758,-0.012755201198160648,-0.004660091362893581,0.0,0.0,-0.004660091828554869,-0.0007587540312670171,0.0005875511560589075,0.0002695586299523711,0.09160397201776505,0.10140368342399597,8.228764636442065e-05,0.0,0.0,0.0,0.09275738149881363,0.100581593811512,7.447311509167776e-05,-3.5365512758289697e-06,-0.09050597995519638,-0.10266944020986557,-2.5853711122181267e-05,2.0,2.0,2.0,2.0,-0.0015332031762227416,-0.0015332031762227416,-0.0015332031762227416,-0.0015332031762227416,0.0,-1.9220390186092118e-06,-1.9220387912355363e-06,-1.9220387912355363e-06,-1.9220387912355363e-06,0.0,-0.12968531250953674,0.11360468715429306,-9.799989700317383,0.0,0.0,0.0,0.0,0.0,0.0,0.0,0.0,0.0,0.0,0.0,0.0,0.0,0.0,0.0,-3.8049306567700114e-06,-3.8049306567700114e-06,-3.804930429396336e-06,-3.8049306567700114e-06,0.04114978387951851,0.04114978387951851,0.04114978387951851,0.04114978387951851,-0.0237052533775568,-0.020576216280460358,-0.020645849406719208,0.0,0.0,0.0,0.0,0.0,0.0,0.0
326968091,0,0.0025468962267041206,-0.03362393006682396,-0.14307759702205658,0.002473514759913087,-0.03365915268659592,-0.14310216903686523,-4.537239146884531e-05,0.001992860808968544,-0.0028313721995800734,0.0,0.0,0.0,-0.011523091234266758,-0.012755201198160648,-0.004660091362893581,0.0,0.0,-0.00467314338311553,-0.0007587540312670171,0.0005875511560589075,0.0002695586299523711,0.09160397201776505,0.10140368342399597,8.228764636442065e-05,0.0,0.0,0.0,0.09275738149881363,0.100581593811512,7.447311509167776e-05,-3.5365512758289697e-06,-0.09050597995519638,-0.10266944020986557,-2.5853711122181267e-05,2.0,2.0,2.0,2.0,-0.0015332031762227416,-0.0015332031762227416,-0.0015332031762227416,-0.0015332031762227416,0.0,-1.9220390186092118e-06,-1.9220387912355363e-06,-1.9220387912355363e-06,-1.9220387912355363e-06,0.0,-0.12968531250953674,0.11360468715429306,-9.799989700317383,0.0,0.0,0.0,0.0,0.0,0.0,0.0,0.0,0.0,0.0,0.0,0.0,0.0,0.0,0.0,-3.098511797361425e-06,-3.0985115699877497e-06,-3.0985120247351006e-06,-3.0985115699877497e-06,0.04114978387951851,0.04114978387951851,0.04114978387951851,0.04114978387951851,-0.0237052533775568,-0.020576216280460358,-0.020645849406719208,0.0,0.0,0.0,0.0,0.0,0.0,0.0
336184266,0,0.002473514759913087,-0.03365915268659592,-0.14310216903686523,0.002473514759913087,-0.03365915268659592,-0.14310216903686523,-0.00040446221828460693,0.0020729675889015198,-0.0032041887752711773,0.0,0.0,0.0,-0.01151469349861145,-0.012738234363496304,-0.00467314338311553,0.0,0.0,-0.00467314338311553,-0.0007587540312670171,0.0005875511560589075,0.0002695586299523711,0.09153804183006287,0.10126809030771255,0.00012962130131199956,0.0,0.0,0.0,0.09275738149881363,0.100581593811512,7.447311509167776e-05,-3.5365512758289697e-06,-0.09052902460098267,-0.10264692455530167,-2.037556259892881e-05,2.0,2.0,2.0,2.0,-0.0015332031762227416,-0.0015332031762227416,-0.0015332031762227416,-0.0015332031762227416,0.0,-1.9220390186092118e-06,-1.9220387912355363e-06,-1.9220387912355363e-06,-1.9220387912355363e-06,0.0,-0.12953022122383118,0.13937979936599731,-9.815677642822266,0.0,0.0,0.0,0.0,0.0,0.0,0.0,0.0,0.0,0.0,0.0,0.0,0.0,0.0,0.0,-2.5339950298075564e-06,-2.5339945750602055e-06,-2.533995257181232e-06,-2.5339945750602055e-06,0.04114978387951851,0.04114978387951851,0.04114978387951851,0.04114978387951851,-0.0237052533775568,-0.020576216280460358,-0.020645849406719208,0.0,0.0,0.0,0.0,0.0,0.0,0.0
345880482,0,0.0024259688798338175,-0.03367668390274048,-0.1431146115064621,0.0024259688798338175,-0.03367668390274048,-0.1431146115064621,-0.000363393482984975,0.001914014108479023,-0.003384178504347801,0.0,0.0,0.0,-0.01151773426681757,-0.01277290191501379,-0.004677060060203075,0.0,0.0,-0.004677060060203075,-0.00027821408002637327,-0.0009478189749643207,-0.0003854717069771141,0.09156156331300735,0.10154426097869873,9.2969203251414e-05,0.0,0.0,0.0,0.09170365333557129,0.10290101170539856,0.0006461779703386128,-2.6732266178441932e-06,-0.09056323021650314,-0.10263710469007492,-2.9839135095244274e-05,2.0,2.0,2.0,2.0,-0.0015332031762227416,-0.0015332031762227416,-0.0015332031762227416,-0.0015332031762227416,0.0,-1.4528410474667908e-06,-1.4528407064062776e-06,-1.4528408200931153e-06,-1.4528404790326022e-06,0.0,-0.12067359685897827,0.1275511085987091,-9.828877449035645,0.0,0.0,0.0,0.0,0.0,0.0,0.0,0.0,0.0,0.0,0.0,0.0,0.0,0.0,0.0,-2.1217913399596e-06,-2.121790885212249e-06,-2.1217915673332755e-06,-2.121790885212249e-06,0.04114978387951851,0.04114978387951851,0.04114978387951851,0.04114978387951851,0.008585115894675255,-0.053569912910461426,-0.027993803843855858,0.0,0.0,0.0,0.0,0.0,0.0,0.0
356080622,0,0.0024259688798338175,-0.03367668390274048,-0.1431146115064621,0.0024259688798338175,-0.03367668390274048,-0.1431146115064621,-0.000363393482984975,0.001914014108479023,-0.003384178504347801,0.0,0.0,0.0,-0.01151773426681757,-0.01277290191501379,-0.004677060060203075,0.0,0.0,-0.004677060060203075,-0.0007445586961694062,-0.000617095734924078,-0.0007441506022587419,0.09158516675233841,0.10129506140947342,7.977615314302966e-05,0.0,0.0,0.0,0.09270547330379486,0.10212421417236328,0.000901186722330749,-2.0083612071175594e-06,-0.09058614820241928,-0.10263301432132721,-4.492939478950575e-05,2.0,2.0,2.0,2.0,-0.0015332031762227416,-0.0015332031762227416,-0.0015332031762227416,-0.0015332031762227416,0.0,-1.0915008488154854e-06,-1.0915007351286476e-06,-1.0915007351286476e-06,-1.09150062144181e-06,0.0,-0.12067359685897827,0.1275511085987091,-9.828877449035645,0.0,0.0,0.0,0.0,0.0,0.0,0.0,0.0,0.0,0.0,0.0,0.0,0.0,0.0,0.0,-1.800600557544385e-06,-1.8006003301707096e-06,-1.8006008986048982e-06,-1.8006003301707096e-06,0.04114978387951851,0.04114978387951851,0.04114978387951851,0.04114978387951851,-0.01876457780599594,-0.008750631473958492,-0.02738344483077526,0.0,0.0,0.0,0.0,0.0,0.0,0.0
372195534,0,0.002332518110051751,-0.03371460735797882,-0.1431446671485901,0.002332518110051751,-0.03371460735797882,-0.1431446671485901,-0.00043938506860286,0.0015204002847895026,-0.003658705623820424,0.0,0.0,0.0,-0.011544371955096722,-0.012757215648889542,-0.004687436856329441,0.0,0.0,-0.004687436390668154,-0.000724130542948842,-0.00011747042299248278,-0.0005156001425348222,0.09158516675233841,0.10129506140947342,7.977615314302966e-05,0.0,0.0,0.0,0.09254312515258789,0.10130204260349274,0.00045273060095496476,9.161142600078165e-08,-0.09058614820241928,-0.10263301432132721,-4.492939478950575e-05,2.0,2.0,2.0,2.0,-0.0015332031762227416,-0.0015332031762227416,-0.0015332031762227416,-0.0015332031762227416,0.0,4.978883083595065e-08,4.978882017780961e-08,4.978882373052329e-08,4.978881662509593e-08,0.0,-0.12614551186561584,0.11280565708875656,-9.808154106140137,0.0,0.0,0.0,0.0,0.0,0.0,0.0,0.0,0.0,0.0,0.0,0.0,0.0,0.0,0.0,-1.4758063571207458e-06,-1.4758063571207458e-06,-1.475806698181259e-06,-1.4758063571207458e-06,0.04114978387951851,0.04114978387951851,0.04114978387951851,0.04114978387951851,-0.006188260857015848,0.01488322764635086,-0.0031650718301534653,0.0,0.0,0.0,0.0,0.0,0.0,0.0
379708910,0,0.002195273293182254,-0.0339650921523571,-0.14319312572479248,0.002195273293182254,-0.0339650921523571,-0.14319312572479248,-0.00027600963949225843,0.0011444216361269355,-0.0031017891597002745,0.0,0.0,0.0,-0.01154622808098793,-0.012760180048644543,-0.004680521786212921,0.0,0.0,-0.004680522717535496,-0.0002818320645019412,-0.0003255410410929471,-0.0001261745928786695,0.09178830683231354,0.10144296288490295,0.00010515029134694487,0.0,0.0,0.0,0.09254312515258789,0.10130204260349274,0.00045273060095496476,9.161142600078165e-08,-0.09063246846199036,-0.10261298716068268,-6.716043571941555e-05,2.0,2.0,2.0,2.0,-0.0015332031762227416,-0.0015332031762227416,-0.0015332031762227416,-0.0015332031762227416,0.0,4.978883083595065e-08,4.978882017780961e-08,4.978882373052329e-08,4.978881662509593e-08,0.0,-0.12319771200418472,0.1273229718208313,-9.809320449829102,0.0,0.0,0.0,0.0,0.0,0.0,0.0,0.0,0.0,0.0,0.0,0.0,0.0,0.0,0.0,-1.0872047369048232e-06,-1.087204850591661e-06,-1.0872049642784987e-06,-1.087204850591661e-06,0.04114978387951851,0.04114978387951851,0.04114978387951851,0.04114978387951851,0.01959407702088356,-0.002693555783480406,0.016772599890828133,0.0,0.0,0.0,0.0,0.0,0.0,0.0
387576695,0,0.002195273293182254,-0.0339650921523571,-0.14319312572479248,0.002195273293182254,-0.0339650921523571,-0.14319312572479248,-0.00027600963949225843,0.0011444216361269355,-0.0031017891597002745,0.0,0.0,0.0,-0.01154622808098793,-0.012760180048644543,-0.004680521786212921,0.0,0.0,-0.004680522717535496,-0.0009674502070993185,-0.0003078094159718603,9.723433322506025e-05,0.09178830683231354,0.10144296288490295,0.00010515029134694487,0.0,0.0,0.0,0.09254312515258789,0.10130204260349274,0.00045273060095496476,9.161142600078165e-08,-0.09063246846199036,-0.10261298716068268,-6.716043571941555e-05,2.0,2.0,2.0,2.0,-0.0015332031762227416,-0.0015332031762227416,-0.0015332031762227416,-0.0015332031762227416,0.0,4.978883083595065e-08,4.978882017780961e-08,4.978882373052329e-08,4.978881662509593e-08,0.0,-0.12319771200418472,0.1273229718208313,-9.809320449829102,0.0,0.0,0.0,0.0,0.0,0.0,0.0,0.0,0.0,0.0,0.0,0.0,0.0,0.0,0.0,-6.862793497930397e-07,-6.862795771667152e-07,-6.862795203232963e-07,-6.862795771667152e-07,0.04114978387951851,0.04114978387951851,0.04114978387951851,0.04114978387951851,-0.023262934759259224,-0.0011064725695177913,0.016905738040804863,0.0,0.0,0.0,0.0,0.0,0.0,0.0
397485666,0,0.002111167414113879,-0.03414246067404747,-0.14322368800640106,0.002111167414113879,-0.03414246067404747,-0.14322368800640106,-0.0005440762033686042,0.0011659970041364431,-0.0034823755268007517,0.0,0.0,0.0,-0.011587312445044518,-0.012760411016643047,-0.004687860142439604,0.0,0.0,-0.004687860142439604,-0.0009674502070993185,-0.0003078094159718603,9.723433322506025e-05,0.0921146497130394,0.10144498199224472,9.193489677272737e-05,0.0,0.0,0.0,0.09331472963094711,0.10176385194063187,-0.0001773639232851565,4.331980107963318e-06,-0.09063246846199036,-0.10261298716068268,-6.716043571941555e-05,2.0,2.0,2.0,2.0,-0.0015332031762227416,-0.0015332031762227416,-0.0015332031762227416,-0.0015332031762227416,0.0,2.35433753914549e-06,2.3543370843981393e-06,2.3543373117718147e-06,2.354336857024464e-06,0.0,-0.12828470766544342,0.13548803329467773,-9.802703857421875,0.0,0.0,0.0,0.0,0.0,0.0,0.0,0.0,0.0,0.0,0.0,0.0,0.0,0.0,0.0,-2.4696177547411935e-07,-2.469620312695042e-07,-2.4696186073924764e-07,-2.469620312695042e-07,0.04114978387951851,0.04114978387951851,0.04114978387951851,0.04114978387951851,-0.023262934759259224,-0.0011064725695177913,0.016905738040804863,0.0,0.0,0.0,0.0,0.0,0.0,0.0
406126426,0,0.002068540547043085,-0.03423036262392998,-0.1432395726442337,0.002068540547043085,-0.03423036262392998,-0.1432395726442337,-0.0006958700250834227,0.0010115642799064517,-0.0036114638205617666,0.0,0.0,0.0,-0.011583395302295685,-0.012746219523251057,-0.0046868701465427876,0.0,0.0,-0.0046868696808815,-0.0013718942645937204,-0.00021822607959620655,0.0001569660089444369,0.0921146497130394,0.10144498199224472,9.193489677272737e-05,0.0,0.0,0.0,0.09331472963094711,0.10176385194063187,-0.0001773639232851565,4.331980107963318e-06,-0.09063246846199036,-0.10261298716068268,-6.716043571941555e-05,2.0,2.0,2.0,2.0,-0.0015332031762227416,-0.0015332031762227416,-0.0015332031762227416,-0.0015332031762227416,0.0,2.35433753914549e-06,2.3543370843981393e-06,2.3543373117718147e-06,2.354336857024464e-06,0.0,-0.12828470766544342,0.13548803329467773,-9.802703857421875,0.0,0.0,0.0,0.0,0.0,0.0,0.0,0.0,0.0,0.0,0.0,0.0,0.0,0.0,0.0,3.4279744909326837e-07,3.4279716487617407e-07,3.427973922498495e-07,3.4279713645446463e-07,0.04114978387951851,0.04114978387951851,0.04114978387951851,0.04114978387951851,-0.03513599932193756,0.002809608820825815,0.012397087179124355,0.0,0.0,0.0,0.0,0.0,0.0,0.0
416574032,0,0.002068540547043085,-0.03423036262392998,-0.1432395726442337,0.002068540547043085,-0.03423036262392998,-0.1432395726442337,-0.0006958700250834227,0.0010115642799064517,-0.0036114638205617666,0.0,0.0,0.0,-0.011583395302295685,-0.012746219523251057,-0.0046868701465427876,0.0,0.0,-0.0046868696808815,-0.0013718942645937204,-0.00021822607959620655,0.0001569660089444369,0.09224297851324081,0.10116313397884369,0.00012379967665765435,0.0,0.0,0.0,0.09381169825792313,0.1015254333615303,-0.00023459212388843298,5.884841812076047e-06,-0.09075161814689636,-0.10256099700927734,-7.190964242909104e-05,2.0,2.0,2.0,2.0,-0.0015332031762227416,-0.0015332031762227416,-0.0015332031762227416,-0.0015332031762227416,0.0,3.1982840482669417e-06,3.1982829113985645e-06,3.198283593519591e-06,3.198282684024889e-06,0.0,-0.13385134935379028,0.11301174759864807,-9.825370788574219,0.0,0.0,0.0,0.0,0.0,0.0,0.0,0.0,0.0,0.0,0.0,0.0,0.0,0.0,0.0,1.042964868247509e-06,1.0429644135001581e-06,1.0429647545606713e-06,1.0429644135001581e-06,0.04114978387951851,0.04114978387951851,0.04114978387951851,0.04114978387951851,-0.03513599932193756,0.002809608820825815,0.012397087179124355,0.0,0.0,0.0,0.0,0.0,0.0,0.0
426097831,0,0.0019390553934499621,-0.03439866006374359,-0.14327293634414673,0.0019390553934499621,-0.03439866006374359,-0.14327293634414673,-0.0011142902076244354,0.00040832211379893124,-0.004063352011144161,0.0,0.0,0.0,-0.011625152081251144,-0.012752929702401161,-0.004715018440037966,0.0,0.0,-0.004715018440037966,-0.0009991985280066729,-0.000537823885679245,-0.00037677070940844715,0.09224297851324081,0.10116313397884369,0.00012379967665765435,0.0,0.0,0.0,0.09335143864154816,0.1021101325750351,0.0005270183901302516,7.94597599451663e-06,-0.09075161814689636,-0.10256099700927734,-7.190964242909104e-05,2.0,2.0,2.0,2.0,-0.0015332031762227416,-0.0015332031762227416,-0.0015332031762227416,-0.0015332031762227416,0.0,4.318466380937025e-06,4.318465926189674e-06,4.318465471442323e-06,4.318465016694972e-06,0.0,-0.13385134935379028,0.11301174759864807,-9.825370788574219,0.0,0.0,0.0,0.0,0.0,0.0,0.0,0.0,0.0,0.0,0.0,0.0,0.0,0.0,0.0,1.7977740753849503e-06,1.797773393263924e-06,1.797773734324437e-06,1.797773393263924e-06,0.04114978387951851,0.04114978387951851,0.04114978387951851,0.04114978387951851,0.0063150376081466675,-0.018672844395041466,-0.01867470145225525,0.0,0.0,0.0,0.0,0.0,0.0,0.0
436104453,0,0.0018082187743857503,-0.03456631302833557,-0.14331412315368652,0.0018082187743857503,-0.03456631302833557,-0.14331412315368652,-0.0010757532436400652,-1.418945612385869e-05,-0.003886402817443013,0.0,0.0,0.0,-0.0116445766761899,-0.012796629220247269,-0.0047170971520245075,0.0,0.0,-0.0047170971520245075,-0.0009991985280066729,-0.000537823885679245,-0.00037677070940844715,0.09256986528635025,0.10173290967941284,9.331645560450852e-05,0.0,0.0,0.0,0.09335143864154816,0.1021101325750351,0.0005270183901302516,7.94597599451663e-06,-0.09075161814689636,-0.10256099700927734,-7.190964242909104e-05,2.0,2.0,2.0,2.0,-0.0015332031762227416,-0.0015332031762227416,-0.0015332031762227416,-0.0015332031762227416,0.0,4.318466380937025e-06,4.318465926189674e-06,4.318465471442323e-06,4.318465016694972e-06,0.0,-0.13385134935379028,0.11301174759864807,-9.825370788574219,0.0,0.0,0.0,0.0,0.0,0.0,0.0,0.0,0.0,0.0,0.0,0.0,0.0,0.0,0.0,2.5824588192335796e-06,2.5824579097388778e-06,2.5824581371125532e-06,2.5824579097388778e-06,0.04114978387951851,0.04114978387951851,0.04114978387951851,0.04114978387951851,0.0063150376081466675,-0.018672844395041466,-0.01867470145225525,0.0,0.0,0.0,0.0,0.0,0.0,0.0
446127890,0,0.0018082187743857503,-0.03456631302833557,-0.14331412315368652,0.0018082187743857503,-0.03456631302833557,-0.14331412315368652,-0.0010757532436400652,-1.418945612385869e-05,-0.003886402817443013,0.0,0.0,0.0,-0.0116445766761899,-0.012796629220247269,-0.0047170971520245075,0.0,0.0,-0.0047170971520245075,9.526571375317872e-05,-0.0016267242608591914,-0.0002507431199774146,0.09256986528635025,0.10173290967941284,9.331645560450852e-05,0.0,0.0,0.0,0.09211283177137375,0.1033053770661354,0.0002230694080935791,1.3359871445572935e-05,-0.09081220626831055,-0.10255289822816849,-8.827806595945731e-05,2.0,2.0,2.0,2.0,-0.0015332031762227416,-0.0015332031762227416,-0.0015332031762227416,-0.0015332031762227416,0.0,7.260801794473082e-06,7.260799975483678e-06,7.260800430231029e-06,7.2607990659889765e-06,0.0,-0.12203002721071243,0.12534725666046143,-9.815553665161133,0.0,0.0,0.0,0.0,0.0,0.0,0.0,0.0,0.0,0.0,0.0,0.0,0.0,0.0,0.0,3.424452415856649e-06,3.4244510516145965e-06,3.4244510516145965e-06,3.4244510516145965e-06,0.04114978387951851,0.04114978387951851,0.04114978387951851,0.04114978387951851,0.03493630513548851,-0.019788095727562904,0.002331752562895417,0.0,0.0,0.0,0.0,0.0,0.0,0.0
456151455,0,0.001678732456639409,-0.034731268882751465,-0.14336097240447998,0.001678732456639409,-0.034731268882751465,-0.14336097240447998,-0.0013971437001600862,-2.0188992493785918e-05,-0.003991575445979834,0.0,0.0,0.0,-0.011649842374026775,-0.01279430277645588,-0.00472082756459713,0.0,0.0,-0.004720828030258417,9.526571375317872e-05,-0.0016267242608591914,-0.0002507431199774146,0.0926116406917572,0.10171451419591904,8.74908801051788e-05,0.0,0.0,0.0,0.09211283177137375,0.1033053770661354,0.0002230694080935791,1.3359871445572935e-05,-0.09085670113563538,-0.10256727784872055,-9.984622738556936e-05,2.0,2.0,2.0,2.0,-0.0015332031762227416,0.0,-0.0015332031762227416,0.0,0.0,7.260801794473082e-06,7.260799975483678e-06,7.260800430231029e-06,7.2607990659889765e-06,0.0,-0.13652096688747406,0.12387601286172867,-9.834015846252441,0.0,0.0,0.0,0.0,0.0,0.0,0.0,0.0,0.0,0.0,0.0,0.0,0.0,0.0,0.0,4.4107309804530814e-06,4.410728706716327e-06,4.410728706716327e-06,4.410728706716327e-06,0.04114978387951851,0.04114978387951851,0.04114978387951851,0.04114978387951851,0.03493630513548851,-0.019788095727562904,0.002331752562895417,0.0,0.0,0.0,0.0,0.0,0.0,0.0
465989354,0,0.0016377082793042064,-0.03481123596429825,-0.14338430762290955,0.0016377082793042064,-0.03481123596429825,-0.14338430762290955,-0.001558226882480085,6.351606862153858e-05,-0.004053030628710985,0.0,0.0,0.0,-0.011660812422633171,-0.012765982188284397,-0.004733504261821508,0.0,0.0,-0.004733503796160221,9.526571375317872e-05,-0.0016267242608591914,-0.0002507431199774146,0.0926116406917572,0.10171451419591904,8.74908801051788e-05,0.0,0.0,0.0,0.09211283177137375,0.1033053770661354,0.0002230694080935791,1.3359871445572935e-05,-0.09087709337472916,-0.10256582498550415,-0.00010722721344791353,2.0,2.0,2.0,2.0,0.0,0.0,0.0,0.0,0.0,7.260801794473082e-06,7.260799975483678e-06,7.260800430231029e-06,7.2607990659889765e-06,0.0,-0.13652096688747406,0.12387601286172867,-9.834015846252441,0.0,0.0,0.0,0.0,0.0,0.0,0.0,0.0,0.0,0.0,0.0,0.0,0.0,0.0,0.0,5.421710284281289e-06,5.421707555797184e-06,5.421707555797184e-06,5.421707101049833e-06,0.04114978387951851,0.04114978387951851,0.04114978387951851,0.04114978387951851,0.03493630513548851,-0.019788095727562904,0.002331752562895417,0.0,0.0,0.0,0.0,0.0,0.0,0.0
476164527,0,0.0016377082793042064,-0.03481123596429825,-0.14338430762290955,0.0016377082793042064,-0.03481123596429825,-0.14338430762290955,-0.001558226882480085,6.351606862153858e-05,-0.004053030628710985,0.0,0.0,0.0,-0.011660812422633171,-0.012765982188284397,-0.004733504261821508,0.0,0.0,-0.004733503796160221,-8.834330947138369e-05,-0.0008600045694038272,4.583111876854673e-05,0.09269915521144867,0.1014890968799591,0.00010452653805259615,0.0,0.0,0.0,0.09278585761785507,0.10218408703804016,-0.00017753483552951366,1.7529906472191215e-05,-0.09087709337472916,-0.10256582498550415,-0.00010722721344791353,2.0,2.0,2.0,2.0,0.0,0.0,0.0,0.0,0.0,9.527123438601848e-06,9.527123438601848e-06,9.527121619612444e-06,9.527121619612444e-06,0.0,-0.12541119754314423,0.12400909513235092,-9.788603782653809,0.0,0.0,0.0,0.0,0.0,0.0,0.0,0.0,0.0,0.0,0.0,0.0,0.0,0.0,0.0,6.362833573803073e-06,6.362831300066318e-06,6.362831300066318e-06,6.362831300066318e-06,0.04114978387951851,0.04114978387951851,0.04114978387951851,0.04114978387951851,0.00016404493362642825,0.01650179922580719,0.02040264941751957,0.0,0.0,0.0,0.0,0.0,0.0,0.0
486913190,0,0.0016377082793042064,-0.03481123596429825,-0.14338430762290955,0.0016377082793042064,-0.03481123596429825,-0.14338430762290955,-0.001558226882480085,6.351606862153858e-05,-0.004053030628710985,0.0,0.0,0.0,-0.011660812422633171,-0.012765982188284397,-0.004733504261821508,0.0,0.0,-0.004733503796160221,-0.00018540483142714947,-0.0012935607228428125,0.0005008541629649699,0.09269915521144867,0.1014890968799591,0.00010452653805259615,0.0,0.0,0.0,0.09285947680473328,0.10323285311460495,-0.0006694017210975289,1.967489515664056e-05,-0.0909278467297554,-0.10256943851709366,-9.404082811670378e-05,2.0,2.0,2.0,2.0,0.0,0.0,0.0,0.0,0.0,1.0692880096030422e-05,1.0692878277041018e-05,1.069287918653572e-05,1.0692877367546316e-05,0.0,-0.12541119754314423,0.12400909513235092,-9.788603782653809,0.0,0.0,0.0,0.0,0.0,0.0,0.0,0.0,0.0,0.0,0.0,0.0,0.0,0.0,0.0,7.358815764746396e-06,7.358814400504343e-06,7.358814400504343e-06,7.358814400504343e-06,0.04114978387951851,0.04114978387951851,0.04114978387951851,0.04114978387951851,-0.002975723473355174,-0.012532739900052547,0.03093675710260868,0.0,0.0,0.0,0.0,0.0,0.0,0.0
496780403,0,0.001556250499561429,-0.0349663570523262,-0.14342720806598663,0.001556250499561429,-0.0349663570523262,-0.14342720806598663,-0.00190011749509722,0.00010009222023654729,-0.004067462403327227,0.0,0.0,0.0,-0.011659018695354462,-0.012841672636568546,-0.004701992031186819,0.0,0.0,-0.004701992031186819,-0.00018540483142714947,-0.0012935607228428125,0.0005008541629649699,0.09268467128276825,0.1020909771323204,9.452555968891829e-05,0.0,0.0,0.0,0.09285947680473328,0.10323285311460495,-0.0006694017210975289,1.967489515664056e-05,-0.09096407145261765,-0.10258058458566666,-6.619175837840885e-05,2.0,2.0,2.0,2.0,0.0,0.0,0.0,0.0,0.0,1.0692880096030422e-05,1.0692878277041018e-05,1.069287918653572e-05,1.0692877367546316e-05,0.0,-0.12541119754314423,0.12400909513235092,-9.788603782653809,0.0,0.0,0.0,0.0,0.0,0.0,0.0,0.0,0.0,0.0,0.0,0.0,0.0,0.0,0.0,8.41009841678897e-06,8.41009841678897e-06,8.41009841678897e-06,8.41009841678897e-06,0.04114978387951851,0.04114978387951851,0.04114978387951851,0.04114978387951851,-0.002975723473355174,-0.012532739900052547,0.03093675710260868,0.0,0.0,0.0,0.0,0.0,0.0,0.0
506533184,0,0.0014934658538550138,-0.035020168870687485,-0.14344651997089386,0.0014934658538550138,-0.035020168870687485,-0.14344651997089386,-0.002180475741624832,-0.00021644801017828286,-0.004149706568568945,0.0,0.0,0.0,-0.01168295368552208,-0.012838057242333889,-0.004666692111641169,0.0,0.0,-0.004666692111641169,-0.0008381835650652647,-0.0009990158723667264,0.0016484794905409217,0.09287413954734802,0.10206297785043716,4.7630634071538225e-05,0.0,0.0,0.0,0.09419585019350052,0.10267778486013412,-0.0016323617892339826,2.1749605366494507e-05,-0.09096407145261765,-0.10258058458566666,-6.619175837840885e-05,2.0,2.0,2.0,2.0,0.0,0.0,0.0,0.0,0.0,1.1820440704468638e-05,1.1820437975984532e-05,1.1820439794973936e-05,1.182043706648983e-05,0.0,-0.15729708969593048,0.12049288302659988,-9.82011890411377,0.0,0.0,0.0,0.0,0.0,0.0,0.0,0.0,0.0,0.0,0.0,0.0,0.0,0.0,0.0,9.400383532920387e-06,9.400384442415088e-06,9.400384442415088e-06,9.400384442415088e-06,0.04114978387951851,0.04114978387951851,0.04114978387951851,0.04114978387951851,-0.016228219494223595,0.02976527437567711,0.04246222600340843,0.0,0.0,0.0,0.0,0.0,0.0,0.0
516146049,0,0.0014934658538550138,-0.035020168870687485,-0.14344651997089386,0.0014934658538550138,-0.035020168870687485,-0.14344651997089386,-0.002180475741624832,-0.00021644801017828286,-0.004149706568568945,0.0,0.0,0.0,-0.01168295368552208,-0.012838057242333889,-0.004666692111641169,0.0,0.0,-0.004666692111641169,-0.0008381835650652647,-0.0009990158723667264,0.0016484794905409217,0.09287413954734802,0.10206297785043716,4.7630634071538225e-05,0.0,0.0,0.0,0.09419585019350052,0.10267778486013412,-0.0016323617892339826,2.1749605366494507e-05,-0.09104397892951965,-0.10254654288291931,-3.12806005240418e-05,2.0,2.0,2.0,2.0,0.0,0.0,0.0,0.0015332031762227416,0.0,1.1820440704468638e-05,1.1820437975984532e-05,1.1820439794973936e-05,1.182043706648983e-05,0.0,-0.12719453871250153,0.11589682102203369,-9.80281925201416,0.0,0.0,0.0,0.0,0.0,0.0,0.0,0.0,0.0,0.0,0.0,0.0,0.0,0.0,0.0,1.0281968570780009e-05,1.0281968570780009e-05,1.0281968570780009e-05,1.0281968570780009e-05,0.04114978387951851,0.04114978387951851,0.04114978387951851,0.04114978387951851,-0.016228219494223595,0.02976527437567711,0.04246222600340843,0.0,0.0,0.0,0.0,0.0,0.0,0.0
526308875,0,0.001363712246529758,-0.0351082980632782,-0.1434905230998993,0.001363712246529758,-0.0351082980632782,-0.1434905230998993,-0.002389887347817421,-0.0007483453373424709,-0.003957931883633137,0.0,0.0,0.0,-0.011741156689822674,-0.012739934958517551,-0.004697262775152922,0.0,0.0,-0.004697262775152922,-0.0009846077300608158,0.00014683042536489666,-0.0025432417169213295,0.09332089871168137,0.10138684511184692,9.770433825906366e-05,0.0,0.0,0.0,0.09403232485055923,0.10162857919931412,0.0031872086692601442,2.1317928258213215e-05,-0.09104397892951965,-0.10254654288291931,-3.12806005240418e-05,2.0,2.0,2.0,2.0,0.0,0.0,0.0,0.0,0.0,1.1585831998672802e-05,1.1585830179683398e-05,1.1585830179683398e-05,1.1585829270188697e-05,0.0,-0.12719453871250153,0.11589682102203369,-9.80281925201416,0.0,0.0,0.0,0.0,0.0,0.0,0.0,0.0,0.0,0.0,0.0,0.0,0.0,0.0,0.0,1.0988609574269503e-05,1.0988609574269503e-05,1.0988609574269503e-05,1.0988609574269503e-05,0.04114978387951851,0.04114978387951851,0.04114978387951851,0.04114978387951851,0.014079307205975056,-0.0209207646548748,-0.12266436219215393,0.0,0.0,0.0,0.0,0.0,0.0,0.0
537000139,0,0.001174264121800661,-0.035207413136959076,-0.14355331659317017,0.001174264121800661,-0.035207413136959076,-0.14355331659317017,-0.0026455139741301537,-0.0007140087545849383,-0.0034706061705946922,0.0,0.0,0.0,-0.011735508218407631,-0.012763123959302902,-0.004793142434209585,0.0,0.0,-0.004793141968548298,-0.0009846077300608158,0.00014683042536489666,-0.0025432417169213295,0.09329309314489365,0.10146623849868774,0.000113816509838216,0.0,0.0,0.0,0.09403232485055923,0.10162857919931412,0.0031872086692601442,2.1317928258213215e-05,-0.0911305695772171,-0.1024981141090393,-0.00010230092448182404,2.0,2.0,2.0,2.0,0.0,0.0,0.0,0.0,0.0,1.1585831998672802e-05,1.1585830179683398e-05,1.1585830179683398e-05,1.1585829270188697e-05,0.0,-0.13146856427192688,0.11891073733568192,-9.807649612426758,0.0,0.0,0.0,0.0,0.0,0.0,0.0,0.0,0.0,0.0,0.0,0.0,0.0,0.0,0.0,1.1457170330686495e-05,1.1457170330686495e-05,1.1457170330686495e-05,1.1457170330686495e-05,0.04114978387951851,0.04114978387951851,0.04114978387951851,0.04114978387951851,0.014079307205975056,-0.0209207646548748,-0.12266436219215393,0.0,0.0,0.0,0.0,0.0,0.0,0.0
546265961,0,0.001174264121800661,-0.035207413136959076,-0.14355331659317017,0.001174264121800661,-0.035207413136959076,-0.14355331659317017,-0.0026455139741301537,-0.0007140087545849383,-0.0034706061705946922,0.0,0.0,0.0,-0.011735508218407631,-0.012763123959302902,-0.004793142434209585,0.0,0.0,-0.004793141968548298,-0.0002923359861597419,0.00031056933221407235,-0.0030642347410321236,0.09329309314489365,0.10146623849868774,0.000113816509838216,0.0,0.0,0.0,0.09319726377725601,0.10115699470043182,0.003219516947865486,2.385073275945615e-05,-0.09116388112306595,-0.10247808694839478,-0.0001609717437531799,2.0,2.0,2.0,2.0,0.0,0.0,0.0,0.0,0.0,1.296235768677434e-05,1.2962354958290234e-05,1.2962355867784936e-05,1.2962354048795532e-05,0.0,-0.13146856427192688,0.11891073733568192,-9.807649612426758,0.0,0.0,0.0,0.0,0.0,0.0,0.0,0.0,0.0,0.0,0.0,0.0,0.0,0.0,0.0,1.177485773951048e-05,1.1774856830015779e-05,1.1774856830015779e-05,1.1774856830015779e-05,0.04114978387951851,0.04114978387951851,0.04114978387951851,0.04114978387951851,0.038817133754491806,-0.0001322981115663424,-0.08598291128873825,0.0,0.0,0.0,0.0,0.0,0.0,0.0
557830182,0,0.0011128858895972371,-0.035241011530160904,-0.14357523620128632,0.0011128858895972371,-0.035241011530160904,-0.14357523620128632,-0.0025973382871598005,-0.0005319182528182864,-0.0038109952583909035,0.0,0.0,0.0,-0.011726198717951775,-0.012804105877876282,-0.004814175423234701,0.0,0.0,-0.004814174957573414,0.000551000761333853,2.7812959160655737e-05,-0.0029734920244663954,0.0932190790772438,0.10179203003644943,0.00011532478674780577,0.0,0.0,0.0,0.09203917533159256,0.10189306735992432,0.0027279250789433718,2.766725629044231e-05,-0.09116388112306595,-0.10247808694839478,-0.0001609717437531799,2.0,2.0,2.0,2.0,0.0,0.0,0.0,0.0015332031762227416,0.0,1.503655676060589e-05,1.503655130363768e-05,1.5036552213132381e-05,1.5036550394142978e-05,0.0,-0.12348777800798416,0.10511095076799393,-9.82981014251709,0.0,0.0,0.0,0.0,0.0,0.0,0.0,0.0,0.0,0.0,0.0,0.0,0.0,0.0,0.0,1.2182411410321947e-05,1.218240777234314e-05,1.218240777234314e-05,1.218240777234314e-05,0.04114978387951851,0.04114978387951851,0.04114978387951851,0.04114978387951851,0.06289064139127731,-0.012884745374321938,-0.04389797896146774,0.0,0.0,0.0,0.0,0.0,0.0,0.0
566052089,0,0.0011128858895972371,-0.035241011530160904,-0.14357523620128632,0.0011128858895972371,-0.035241011530160904,-0.14357523620128632,-0.0025973382871598005,-0.0005319182528182864,-0.0038109952583909035,0.0,0.0,0.0,-0.011726198717951775,-0.012804105877876282,-0.004814175423234701,0.0,0.0,-0.004814174957573414,0.000551000761333853,2.7812959160655737e-05,-0.0029734920244663954,0.09320070594549179,0.1017240509390831,8.906507719075307e-05,0.0,0.0,0.0,0.09203917533159256,0.10189306735992432,0.0027279250789433718,2.766725629044231e-05,-0.09120408445596695,-0.10245193541049957,-0.0002442020340822637,2.0,2.0,2.0,2.0,0.0,0.0,0.0,0.0,0.0,1.503655676060589e-05,1.503655130363768e-05,1.5036552213132381e-05,1.5036550394142978e-05,0.0,-0.1257852166891098,0.11940625309944153,-9.803839683532715,0.0,0.0,0.0,0.0,0.0,0.0,0.0,0.0,0.0,0.0,0.0,0.0,0.0,0.0,0.0,1.281383174500661e-05,1.28138271975331e-05,1.28138271975331e-05,1.28138271975331e-05,0.04114978387951851,0.04114978387951851,0.04114978387951851,0.04114978387951851,0.06289064139127731,-0.012884745374321938,-0.04389797896146774,0.0,0.0,0.0,0.0,0.0,0.0,0.0
576167776,0,0.0009847622131928802,-0.03535290062427521,-0.143631249666214,0.0009847622131928802,-0.03535290062427521,-0.143631249666214,-0.002602112479507923,-0.0008694746065884829,-0.003777343314141035,0.0,0.0,0.0,-0.01174386776983738,-0.012792003341019154,-0.0047873156145215034,0.0,0.0,-0.004787315148860216,-0.0004099900834262371,-0.0015774950152263045,0.000977354240603745,0.09320070594549179,0.1017240509390831,8.906507719075307e-05,0.0,0.0,0.0,0.09401563555002213,0.10420049726963043,-0.0018480472499504685,4.632288255379535e-05,-0.09120408445596695,-0.10245193541049957,-0.0002442020340822637,2.0,2.0,2.0,2.0,0.0,0.0,0.0,0.0,0.0,2.517548273317516e-05,2.5175477276206948e-05,2.5175477276206948e-05,2.5175475457217544e-05,0.0,-0.1257852166891098,0.11940625309944153,-9.803839683532715,0.0,0.0,0.0,0.0,0.0,0.0,0.0,0.0,0.0,0.0,0.0,0.0,0.0,0.0,0.0,1.4002252100908663e-05,1.4002246643940452e-05,1.4002246643940452e-05,1.400224573444575e-05,0.04114978387951851,0.04114978387951851,0.04114978387951851,0.04114978387951851,-0.024861996993422508,-0.043429549783468246,0.11122626811265945,0.0,0.0,0.0,0.0,0.0,0.0,0.0
587364638,0,0.0008693308336660266,-0.035461194813251495,-0.14367316663265228,0.0008693308336660266,-0.035461194813251495,-0.14367316663265228,-0.0027141214814037085,-0.0005095589440315962,-0.004128079861402512,0.0,0.0,0.0,-0.011750231496989727,-0.012843028642237186,-0.004757101181894541,0.0,0.0,-0.004757101647555828,-0.0004099900834262371,-0.0015774950152263045,0.000977354240603745,0.09340961277484894,0.1021018996834755,8.678508311277255e-05,0.0,0.0,0.0,0.09401563555002213,0.10420049726963043,-0.0018480472499504685,4.632288255379535e-05,-0.09120408445596695,-0.10245193541049957,-0.0002442020340822637,2.0,2.0,2.0,2.0,0.0,0.0,0.0,0.0,0.0,2.517548273317516e-05,2.5175477276206948e-05,2.5175477276206948e-05,2.5175475457217544e-05,0.0,-0.13100717961788177,0.1379249095916748,-9.824285507202148,0.0,0.0,0.0,0.0,0.0,0.0,0.0,0.0,0.0,0.0,0.0,0.0,0.0,0.0,0.0,1.6180769307538867e-05,1.6180763850570656e-05,1.6180763850570656e-05,1.6180762031581253e-05,0.04114978387951851,0.04114978387951851,0.04114978387951851,0.04114978387951851,-0.024861996993422508,-0.043429549783468246,0.11122626811265945,0.0,0.0,0.0,0.0,0.0,0.0,0.0
596991342,0,0.0008693308336660266,-0.035461194813251495,-0.14367316663265228,0.0008693308336660266,-0.035461194813251495,-0.14367316663265228,-0.0027141214814037085,-0.0005095589440315962,-0.004128079861402512,0.0,0.0,0.0,-0.011750231496989727,-0.012843028642237186,-0.004757101181894541,0.0,0.0,-0.004757101647555828,-0.00039546273183077574,-0.0015227861003950238,0.0015454445965588093,0.09340961277484894,0.1021018996834755,8.678508311277255e-05,0.0,0.0,0.0,0.09401563555002213,0.10420049726963043,-0.0018480472499504685,4.632288255379535e-05,-0.09131081402301788,-0.10246732831001282,-0.00019883447384927422,2.0,2.0,2.0,2.0,0.0,0.0,0.0,0.0,0.0,2.517548273317516e-05,2.5175477276206948e-05,2.5175477276206948e-05,2.5175475457217544e-05,0.0,-0.12281644344329834,0.13657766580581665,-9.801119804382324,0.0,0.0,0.0,0.0,0.0,0.0,0.0,0.0,0.0,0.0,0.0,0.0,0.0,0.0,0.0,1.8911960069090128e-05,1.8911954612121917e-05,1.8911954612121917e-05,1.891195097414311e-05,0.04114978387951851,0.04114978387951851,0.04114978387951851,0.04114978387951851,-0.012069731019437313,-0.021544525399804115,0.089729443192482,0.0,0.0,0.0,0.0,0.0,0.0,0.0
611639376,0,0.00081258435966447,-0.03551241382956505,-0.14369337260723114,0.00081258435966447,-0.03551241382956505,-0.14369337260723114,-0.002777022309601307,-0.00038358071469701827,-0.004298566374927759,0.0,0.0,0.0,-0.011735524982213974,-0.012827109545469284,-0.004747516941279173,0.0,0.0,-0.004747516475617886,0.001438446925021708,-0.00025008965167216957,0.0018103561596944928,0.09329257905483246,0.1019754707813263,7.881915371399373e-05,0.0,0.0,0.0,0.09209109842777252,0.10301992297172546,-0.0018486325861886144,5.392482489696704e-05,-0.09131081402301788,-0.10246732831001282,-0.00019883447384927422,2.0,2.0,2.0,2.0,0.0,0.0,0.0,0.0,0.0,2.9306978831300512e-05,2.9306971555342898e-05,2.9306969736353494e-05,2.9306966098374687e-05,0.0,-0.12281644344329834,0.13657766580581665,-9.801119804382324,0.0,0.0,0.0,0.0,0.0,0.0,0.0,0.0,0.0,0.0,0.0,0.0,0.0,0.0,0.0,2.160157418984454e-05,2.1601570551865734e-05,2.1601570551865734e-05,2.1601566913886927e-05,0.04114978387951851,0.04114978387951851,0.04114978387951851,0.04114978387951851,0.05605041980743408,0.04894321784377098,0.03302231803536415,0.0,0.0,0.0,0.0,0.0,0.0,0.0
656514442,0,0.00081258435966447,-0.03551241382956505,-0.14369337260723114,0.00081258435966447,-0.03551241382956505,-0.14369337260723114,-0.002777022309601307,-0.00038358071469701827,-0.004298566374927759,0.0,0.0,0.0,-0.011735524982213974,-0.012827109545469284,-0.004747516941279173,0.0,0.0,-0.004747516475617886,0.001438446925021708,-0.00025008965167216957,0.0018103561596944928,0.09315717220306396,0.10165812075138092,0.0001143334957305342,0.0,0.0,0.0,0.09091867506504059,0.10153108835220337,-0.0016880553448572755,5.598693314823322e-05,-0.09131081402301788,-0.10246732831001282,-0.00019883447384927422,2.0,2.0,2.0,2.0,0.0,0.0,0.0,0.0,0.0,3.0427690944634378e-05,3.042768184968736e-05,3.0427683668676764e-05,3.0427678211708553e-05,0.0,-0.12281644344329834,0.13657766580581665,-9.801119804382324,0.0,0.0,0.0,0.0,0.0,0.0,0.0,0.0,0.0,0.0,0.0,0.0,0.0,0.0,0.0,2.420732198515907e-05,2.4207318347180262e-05,2.4207318347180262e-05,2.420731652819086e-05,0.04114978387951851,0.04114978387951851,0.04114978387951851,0.04114978387951851,0.05605041980743408,0.04894321784377098,0.03302231803536415,0.0,0.0,0.0,0.0,0.0,0.0,0.0
656544072,0,0.0007514042663387954,-0.035562485456466675,-0.14373372495174408,0.0007514042663387954,-0.035562485456466675,-0.14373372495174408,-0.0025195442140102386,-0.0006741156103089452,-0.004313873127102852,0.0,0.0,0.0,-0.011660679243505001,-0.012801879085600376,-0.004707464948296547,0.0,0.0,-0.004707465413957834,-0.0003101190668530762,0.0007950057042762637,0.0009771455079317093,0.09315717220306396,0.10165812075138092,0.0001143334957305342,0.0,0.0,0.0,0.09439794719219208,0.10056095570325851,-0.0005103522562421858,5.703522401745431e-05,-0.09134016931056976,-0.1024576872587204,-0.00013325494364835322,2.0,2.0,2.0,2.0,0.0,0.0,0.0,0.0,0.0,3.099740933976136e-05,3.0997405701782554e-05,3.0997405701782554e-05,3.099740206380375e-05,0.0,-0.12561611831188202,0.12106040120124817,-9.811240196228027,0.0,0.0,0.0,0.0,0.0,0.0,0.0,0.0,0.0,0.0,0.0,0.0,0.0,0.0,0.0,2.661127109604422e-05,2.661126563907601e-05,2.661126563907601e-05,2.6611262001097202e-05,0.04114978387951851,0.04114978387951851,0.04114978387951851,0.04114978387951851,-0.05912143737077713,0.038695406168699265,-0.020970923826098442,0.0,0.0,0.0,0.0,0.0,0.0,0.0
656555638,0,0.0006935167475603521,-0.03565571457147598,-0.14377351105213165,0.0006935167475603521,-0.03565571457147598,-0.14377351105213165,-0.002406479325145483,-0.0007694712840020657,-0.0038934822659939528,0.0,0.0,0.0,-0.011733690276741982,-0.012803299352526665,-0.004700153600424528,0.0,0.0,-0.004700153600424528,-0.0003101190668530762,0.0007950057042762637,0.0009771455079317093,0.09334222227334976,0.1018005833029747,0.00013058920740149915,0.0,0.0,0.0,0.09439794719219208,0.10056095570325851,-0.0005103522562421858,5.703522401745431e-05,-0.0913955420255661,-0.10240968316793442,-9.208544361172244e-05,2.0,2.0,2.0,2.0,0.0,0.0,0.0,0.0,0.0,3.099740933976136e-05,3.0997405701782554e-05,3.0997405701782554e-05,3.099740206380375e-05,0.0,-0.12561611831188202,0.12106040120124817,-9.811240196228027,0.0,0.0,0.0,0.0,0.0,0.0,0.0,0.0,0.0,0.0,0.0,0.0,0.0,0.0,0.0,2.8576640033861622e-05,2.857663457689341e-05,2.857663457689341e-05,2.8576630938914604e-05,0.04114978387951851,0.04114978387951851,0.04114978387951851,0.04114978387951851,-0.05912143737077713,0.038695406168699265,-0.020970923826098442,0.0,0.0,0.0,0.0,0.0,0.0,0.0
656577338,0,0.0006935167475603521,-0.03565571457147598,-0.14377351105213165,0.0006935167475603521,-0.03565571457147598,-0.14377351105213165,-0.002406479325145483,-0.0007694712840020657,-0.0038934822659939528,0.0,0.0,0.0,-0.011733690276741982,-0.012803299352526665,-0.004700153600424528,0.0,0.0,-0.004700153600424528,-0.0010155584895983338,0.0006987653905525804,0.00013962062075734138,0.09334222227334976,0.1018005833029747,0.00013058920740149915,0.0,0.0,0.0,0.09439794719219208,0.10056095570325851,-0.0005103522562421858,5.703522401745431e-05,-0.09144388139247894,-0.10238523781299591,-9.499383304500952e-05,2.0,2.0,2.0,2.0,0.0,0.0,0.0,0.0,0.0,3.099740933976136e-05,3.0997405701782554e-05,3.0997405701782554e-05,3.099740206380375e-05,0.0,-0.12357469648122787,0.14890514314174652,-9.800057411193848,0.0,0.0,0.0,0.0,0.0,0.0,0.0,0.0,0.0,0.0,0.0,0.0,0.0,0.0,0.0,2.9989929316798225e-05,2.998992204084061e-05,2.998992204084061e-05,2.998992204084061e-05,0.04114978387951851,0.04114978387951851,0.04114978387951851,0.04114978387951851,-0.06818340718746185,0.01875150017440319,-0.053971223533153534,0.0,0.0,0.0,0.0,0.0,0.0,0.0
662851877,0,0.0006425479659810662,-0.03572193160653114,-0.14379195868968964,0.0006425479659810662,-0.03572193160653114,-0.14379195868968964,-0.0024724320974200964,-0.0005245782085694373,-0.003627320984378457,0.0,0.0,0.0,-0.011749427765607834,-0.012777427211403847,-0.004778471775352955,0.0,0.0,-0.004778472241014242,-0.000643920328002423,-0.00015429194900207222,-0.0017068900633603334,0.09344282001256943,0.101716548204422,5.766841786680743e-05,0.0,0.0,0.0,0.09410544484853745,0.10238299518823624,0.0020087361335754395,5.859509838046506e-05,-0.09144388139247894,-0.10238523781299591,-9.499383304500952e-05,2.0,2.0,2.0,2.0,0.0,0.0,0.0,0.0,0.0,3.184516754117794e-05,3.1845163903199136e-05,3.1845163903199136e-05,3.184516026522033e-05,0.0,-0.12357469648122787,0.14890514314174652,-9.800057411193848,0.0,0.0,0.0,0.0,0.0,0.0,0.0,0.0,0.0,0.0,0.0,0.0,0.0,0.0,0.0,3.0910017812857404e-05,3.091000689892098e-05,3.091000689892098e-05,3.091001053689979e-05,0.04114978387951851,0.04114978387951851,0.04114978387951851,0.04114978387951851,-0.00042733957525342703,-0.030428240075707436,-0.07142511010169983,0.0,0.0,0.0,0.0,0.0,0.0,0.0
666016448,0,0.0004975251504220068,-0.03580118715763092,-0.14384350180625916,0.0004975251504220068,-0.03580118715763092,-0.14384350180625916,-0.0028180459048599005,-0.00020809576380997896,-0.003698832355439663,0.0,0.0,0.0,-0.011730984784662724,-0.012792989611625671,-0.004840643145143986,0.0,0.0,-0.004840643145143986,-0.000643920328002423,-0.00015429194900207222,-0.0017068900633603334,0.09325791150331497,0.1017029657959938,0.00016021373448893428,0.0,0.0,0.0,0.09410544484853745,0.10238299518823624,0.0020087361335754395,5.859509838046506e-05,-0.09144388139247894,-0.10238523781299591,-9.499383304500952e-05,2.0,2.0,2.0,2.0,0.0,0.0,0.0,0.0,0.0,3.184516754117794e-05,3.1845163903199136e-05,3.1845163903199136e-05,3.184516026522033e-05,0.0,-0.12357469648122787,0.14890514314174652,-9.800057411193848,0.0,0.0,0.0,0.0,0.0,0.0,0.0,0.0,0.0,0.0,0.0,0.0,0.0,0.0,0.0,3.149597978335805e-05,3.149596886942163e-05,3.149596886942163e-05,3.149597250740044e-05,0.04114978387951851,0.04114978387951851,0.04114978387951851,0.04114978387951851,-0.00042733957525342703,-0.030428240075707436,-0.07142511010169983,0.0,0.0,0.0,0.0,0.0,0.0,0.0
677652527,0,0.0004522731760516763,-0.035797953605651855,-0.14385952055454254,0.0004522731760516763,-0.035797953605651855,-0.14385952055454254,-0.002979062031954527,-0.0002279435284435749,-0.004000213462859392,0.0,0.0,0.0,-0.01172255352139473,-0.012803819961845875,-0.004847995005548,0.0,0.0,-0.004847994539886713,-6.972532719373703e-05,0.00041391915874555707,-0.0025409243535250425,0.09325791150331497,0.1017029657959938,0.00016021373448893428,0.0,0.0,0.0,0.09410544484853745,0.10238299518823624,0.0020087361335754395,5.859509838046506e-05,-0.09152809530496597,-0.10235264897346497,-0.00014882883988320827,2.0,2.0,2.0,2.0,0.0,0.0,0.0,0.0,0.0,3.184516754117794e-05,3.1845163903199136e-05,3.1845163903199136e-05,3.184516026522033e-05,0.0,-0.14150658249855042,0.11067928373813629,-9.804927825927734,0.0,0.0,0.0,0.0,0.0,0.0,0.0,0.0,0.0,0.0,0.0,0.0,0.0,0.0,0.0,3.184859815519303e-05,3.184858724125661e-05,3.184858724125661e-05,3.184859087923542e-05,0.04114978387951851,0.04114978387951851,0.04114978387951851,0.04114978387951851,0.02371593751013279,0.012742807157337666,-0.07402073591947556,0.0,0.0,0.0,0.0,0.0,0.0,0.0
688981211,0,0.0004522731760516763,-0.035797953605651855,-0.14385952055454254,0.0004522731760516763,-0.035797953605651855,-0.14385952055454254,-0.002979062031954527,-0.0002279435284435749,-0.004000213462859392,0.0,0.0,0.0,-0.01172255352139473,-0.012803819961845875,-0.004847995005548,0.0,0.0,-0.004847994539886713,0.0003374751249793917,0.00022119758068583906,-0.002619741717353463,0.09318982809782028,0.10179000347852707,9.887591295409948e-05,0.0,0.0,0.0,0.09255889803171158,0.10156556218862534,0.002373733324930072,6.56353440717794e-05,-0.09155790507793427,-0.10233543068170547,-0.0001897781912703067,2.0,2.0,2.0,2.0,0.0,0.0,0.0,0.0,0.0,3.5671386285685e-05,3.5671382647706196e-05,3.567137900972739e-05,3.567137900972739e-05,0.0,-0.14253556728363037,0.11230415850877762,-9.82393741607666,0.0,0.0,0.0,0.0,0.0,0.0,0.0,0.0,0.0,0.0,0.0,0.0,0.0,0.0,0.0,3.219789869035594e-05,3.219788777641952e-05,3.219788777641952e-05,3.219788777641952e-05,0.04114978387951851,0.04114978387951851,0.04114978387951851,0.04114978387951851,0.028005599975585938,-0.0028080251067876816,-0.04079871252179146,0.0,0.0,0.0,0.0,0.0,0.0,0.0
698685979,0,0.0004522731760516763,-0.035797953605651855,-0.14385952055454254,0.0004522731760516763,-0.035797953605651855,-0.14385952055454254,-0.002979062031954527,-0.0002279435284435749,-0.004000213462859392,0.0,0.0,0.0,-0.01172255352139473,-0.012803819961845875,-0.004847995005548,0.0,0.0,-0.004847994539886713,0.0003374751249793917,0.00022119758068583906,-0.002619741717353463,0.09318982809782028,0.10179000347852707,9.887591295409948e-05,0.0,0.0,0.0,0.09255889803171158,0.10156556218862534,0.002373733324930072,6.56353440717794e-05,-0.09162653237581253,-0.1023101732134819,-0.00027261237846687436,2.0,2.0,2.0,2.0,0.0,0.0,0.0,0.0,0.0,3.5671386285685e-05,3.5671382647706196e-05,3.567137900972739e-05,3.567137900972739e-05,0.0,-0.14253556728363037,0.11230415850877762,-9.82393741607666,0.0,0.0,0.0,0.0,0.0,0.0,0.0,0.0,0.0,0.0,0.0,0.0,0.0,0.0,0.0,3.283413025201298e-05,3.283412297605537e-05,3.283412297605537e-05,3.283411933807656e-05,0.04114978387951851,0.04114978387951851,0.04114978387951851,0.04114978387951851,0.028005599975585938,-0.0028080251067876816,-0.04079871252179146,0.0,0.0,0.0,0.0,0.0,0.0,0.0
706271854,0,0.00036418731906451285,-0.03579307720065117,-0.14389324188232422,0.00036418731906451285,-0.03579307720065117,-0.14389324188232422,-0.0028924616053700447,-0.0007951203733682632,-0.003931193612515926,0.0,0.0,0.0,-0.011736411601305008,-0.012816304340958595,-0.004831030499190092,0.0,0.0,-0.004831030499190092,-0.0005215895944274962,-0.00037136158789508045,-0.001627447665669024,0.09330005198717117,0.10188918560743332,0.00010308506898581982,0.0,0.0,0.0,0.094040647149086,0.10232876241207123,0.0010600575478747487,7.671969797229394e-05,-0.09162653237581253,-0.1023101732134819,-0.00027261237846687436,2.0,2.0,2.0,2.0,0.0,0.0,0.0,0.0,0.0,4.169548992649652e-05,4.1695486288517714e-05,4.16954790125601e-05,4.1695482650538906e-05,0.0,-0.1358010172843933,0.10827551782131195,-9.818507194519043,0.0,0.0,0.0,0.0,0.0,0.0,0.0,0.0,0.0,0.0,0.0,0.0,0.0,0.0,0.0,3.394849045434967e-05,3.394848317839205e-05,3.394848317839205e-05,3.394848317839205e-05,0.04114978387951851,0.04114978387951851,0.04114978387951851,0.04114978387951851,-0.022607363760471344,-0.01046136673539877,0.014971770346164703,0.0,0.0,0.0,0.0,0.0,0.0,0.0
720240210,0,0.00036418731906451285,-0.03579307720065117,-0.14389324188232422,0.0002828847209457308,-0.035787805914878845,-0.14392517507076263,-0.0028924616053700447,-0.0007951203733682632,-0.003931193612515926,0.0,0.0,0.0,-0.011736411601305008,-0.012816304340958595,-0.004831030499190092,0.0,0.0,-0.004825504031032324,-0.00020192937518004328,0.00022191488824319094,-0.0006137216696515679,0.09308259189128876,0.10184788703918457,7.984231342561543e-05,0.0,0.0,0.0,0.09340798109769821,0.10135642439126968,-0.0001485604589106515,8.338003681274131e-05,-0.09162653237581253,-0.1023101732134819,-0.00027261237846687436,2.0,2.0,2.0,2.0,0.0,0.0,0.0,0.0,0.0,4.53152388217859e-05,4.531523154582828e-05,4.5315227907849476e-05,4.5315227907849476e-05,0.0,-0.1358010172843933,0.10827551782131195,-9.818507194519043,0.0,0.0,0.0,0.0,0.0,0.0,0.0,0.0,0.0,0.0,0.0,0.0,0.0,0.0,0.0,3.5815162846120074e-05,3.581515557016246e-05,3.581515557016246e-05,3.581515557016246e-05,0.04114978387951851,0.04114978387951851,0.04114978387951851,0.04114978387951851,0.0008408065186813474,0.02236153371632099,0.056867245584726334,0.0,0.0,0.0,0.0,0.0,0.0,0.0
726579817,0,0.0002828847209457308,-0.035787805914878845,-0.14392517507076263,0.0002443897246848792,-0.035784896463155746,-0.1439380943775177,-0.0026261501479893923,-0.0006072311662137508,-0.003735677106305957,0.0,0.0,0.0,-0.01172990445047617,-0.012799343094229698,-0.0048255035653710365,0.0,0.0,-0.0047931973822414875,-0.00020192937518004328,0.00022191488824319094,-0.0006137216696515679,0.09308259189128876,0.10184788703918457,7.984231342561543e-05,0.0,0.0,0.0,0.09340798109769821,0.10135642439126968,-0.0001485604589106515,8.338003681274131e-05,-0.09173286706209183,-0.10227108746767044,-0.0002948227047454566,2.0,2.0,2.0,2.0,0.0,0.0,0.0,0.0,0.0,4.53152388217859e-05,4.531523154582828e-05,4.5315227907849476e-05,4.5315227907849476e-05,0.0,-0.13299885392189026,0.10988154262304306,-9.840381622314453,0.0,0.0,0.0,0.0,0.0,0.0,0.0,0.0,0.0,0.0,0.0,0.0,0.0,0.0,0.0,3.8319252780638635e-05,3.831924550468102e-05,3.831924550468102e-05,3.831924550468102e-05,0.04114978387951851,0.04114978387951851,0.04114978387951851,0.04114978387951851,0.0008408065186813474,0.02236153371632099,0.056867245584726334,0.0,0.0,0.0,0.0,0.0,0.0,0.0
738564695,0,0.0002443897246848792,-0.035784896463155746,-0.1439380943775177,0.0002443897246848792,-0.035784896463155746,-0.1439380943775177,-0.0024940459989011288,-0.00042810465674847364,-0.0035653996746987104,0.0,0.0,0.0,-0.011721396818757057,-0.0128098763525486,-0.004793197847902775,0.0,0.0,-0.0047931973822414875,0.00011091417400166392,0.000892293406650424,0.002380453748628497,0.09312106668949127,0.10172726213932037,7.876648305682465e-05,0.0,0.0,0.0,0.09294106811285019,0.1014058068394661,-0.0023946154396981,9.360034891869873e-05,-0.09176427870988846,-0.10225168615579605,-0.00025538617046549916,2.0,2.0,2.0,2.0,0.0,0.0,0.0,0.0,0.0,5.0869766710093245e-05,5.086976307211444e-05,5.086976307211444e-05,5.086975943413563e-05,0.0,-0.12500473856925964,0.09504718333482742,-9.807133674621582,0.0,0.0,0.0,0.0,0.0,0.0,0.0,0.0,0.0,0.0,0.0,0.0,0.0,0.0,0.0,4.109798464924097e-05,4.1097977373283356e-05,4.1097977373283356e-05,4.1097977373283356e-05,0.04114978387951851,0.04114978387951851,0.04114978387951851,0.04114978387951851,-0.0017496432410553098,0.035630565136671066,0.07821456342935562,0.0,0.0,0.0,0.0,0.0,0.0,0.0
749091122,0,0.0002443897246848792,-0.035784896463155746,-0.1439380943775177,0.00017232279060408473,-0.035780977457761765,-0.1439538598060608,-0.0024940459989011288,-0.00042810465674847364,-0.0035653996746987104,0.0,0.0,0.0,-0.011721396818757057,-0.0128098763525486,-0.004793197847902775,0.0,0.0,-0.0047507090494036674,0.00011091417400166392,0.000892293406650424,0.002380453748628497,0.09312106668949127,0.10172726213932037,7.876648305682465e-05,0.0,0.0,0.0,0.09322209656238556,0.10035382211208344,-0.002594192046672106,9.784464054973796e-05,-0.09176427870988846,-0.10225168615579605,-0.00025538617046549916,2.0,2.0,2.0,2.0,0.0,0.0,0.0,0.0,0.0,5.317644536262378e-05,5.317643444868736e-05,5.317643444868736e-05,5.3176427172729746e-05,0.0,-0.13582539558410645,0.1118040531873703,-9.823238372802734,0.0,0.0,0.0,0.0,0.0,0.0,0.0,0.0,0.0,0.0,0.0,0.0,0.0,0.0,0.0,4.4117929064668715e-05,4.41179217887111e-05,4.41179217887111e-05,4.41179217887111e-05,0.04114978387951851,0.04114978387951851,0.04114978387951851,0.04114978387951851,-0.0017496432410553098,0.035630565136671066,0.07821456342935562,0.0,0.0,0.0,0.0,0.0,0.0,0.0
755827802,0,0.00017232279060408473,-0.035780977457761765,-0.1439538598060608,0.00017232279060408473,-0.035780977457761765,-0.1439538598060608,-0.002574116922914982,-0.00020114658400416374,-0.003712898585945368,0.0,0.0,0.0,-0.011738370172679424,-0.012780215591192245,-0.004750709515064955,0.0,0.0,-0.0047507090494036674,-0.00023667284403927624,0.0023319420870393515,0.0020902371034026146,0.09293800592422485,0.10164827853441238,7.451165583916008e-05,0.0,0.0,0.0,0.09322209656238556,0.10035382211208344,-0.002594192046672106,9.784464054973796e-05,-0.09179216623306274,-0.10222847759723663,-0.00021356981596909463,2.0,2.0,2.0,2.0,0.0,0.0,0.0,0.0,0.0,5.317644536262378e-05,5.317643444868736e-05,5.317643444868736e-05,5.3176427172729746e-05,0.0,-0.13582539558410645,0.1118040531873703,-9.823238372802734,0.0,0.0,0.0,0.0,0.0,0.0,0.0,0.0,0.0,0.0,0.0,0.0,0.0,0.0,0.0,4.716830881079659e-05,4.7168301534838974e-05,4.7168301534838974e-05,4.7168301534838974e-05,0.04114978387951851,0.04114978387951851,0.04114978387951851,0.04114978387951851,-0.015224003233015537,0.06352284550666809,0.0037699409294873476,0.0,0.0,0.0,0.0,0.0,0.0,0.0
768510360,0,0.00017232279060408473,-0.035780977457761765,-0.1439538598060608,7.363828626694158e-05,-0.03592001274228096,-0.14399075508117676,-0.002574116922914982,-0.00020114658400416374,-0.003712898585945368,0.0,0.0,0.0,-0.011738370172679424,-0.012780215591192245,-0.004750709515064955,0.0,0.0,-0.00473979813978076,-0.00023667284403927624,0.0023319420870393515,0.0020902371034026146,0.09293800592422485,0.10164827853441238,7.451165583916008e-05,0.0,0.0,0.0,0.09341009706258774,0.0983688235282898,-0.0016548293642699718,9.962479816749692e-05,-0.0918627604842186,-0.10213939100503922,-0.00012174591392977163,2.0,2.0,2.0,2.0,0.0,0.0,0.0,0.0,0.0,5.414391489466652e-05,5.414390761870891e-05,5.4143900342751294e-05,5.4143900342751294e-05,0.0,-0.13582539558410645,0.1118040531873703,-9.823238372802734,0.0,0.0,0.0,0.0,0.0,0.0,0.0,0.0,0.0,0.0,0.0,0.0,0.0,0.0,0.0,4.982182144885883e-05,4.9821810534922406e-05,4.9821810534922406e-05,4.98218068969436e-05,0.04114978387951851,0.04114978387951851,0.04114978387951851,0.04114978387951851,-0.015224003233015537,0.06352284550666809,0.0037699409294873476,0.0,0.0,0.0,0.0,0.0,0.0,0.0
777275712,0,7.363828626694158e-05,-0.03592001274228096,-0.14399075508117676,7.363828626694158e-05,-0.03592001274228096,-0.14399075508117676,-0.0027522908058017492,-0.0009512804681435227,-0.004481636919081211,0.0,0.0,0.0,-0.01168397068977356,-0.012722394429147243,-0.0047397976741194725,0.0,0.0,-0.00473979813978076,5.7570403441786766e-05,0.002020113170146942,0.0012931360397487879,0.0928838774561882,0.1011420488357544,0.00014015754277352244,0.0,0.0,0.0,0.09302244335412979,0.0989328920841217,-0.0007017364841885865,9.873312956187874e-05,-0.09189362823963165,-0.10209483653306961,-9.469293581787497e-05,2.0,2.0,2.0,2.0,0.0,0.0,0.0,0.0015332031762227416,0.0,5.365931792766787e-05,5.365931065171026e-05,5.365931065171026e-05,5.365930701373145e-05,0.0,-0.12680771946907043,0.08717069774866104,-9.8329496383667,0.0,0.0,0.0,0.0,0.0,0.0,0.0,0.0,0.0,0.0,0.0,0.0,0.0,0.0,0.0,5.18574051966425e-05,5.185739428270608e-05,5.185739428270608e-05,5.185738700674847e-05,0.04114978387951851,0.04114978387951851,0.04114978387951851,0.04114978387951851,0.0032160503324121237,0.013725101947784424,-0.03364042565226555,0.0,0.0,0.0,0.0,0.0,0.0,0.0
787189188,0,4.293432357371785e-05,-0.035988155752420425,-0.14400646090507507,4.293432357371785e-05,-0.035988155752420425,-0.14400646090507507,-0.0026842074003070593,-0.0012383959256112576,-0.004281423985958099,0.0,0.0,0.0,-0.011675690300762653,-0.012723151594400406,-0.004702842328697443,0.0,0.0,-0.004702842328697443,0.0006692515453323722,0.0007338313153013587,4.540930240182206e-05,0.09281644225120544,0.1011495292186737,4.4784836063627154e-05,0.0,0.0,0.0,0.0926530659198761,0.10050339996814728,-0.00033957211417146027,9.758041414897889e-05,-0.09189362823963165,-0.10209483653306961,-9.469293581787497e-05,2.0,2.0,2.0,2.0,0.0,0.0,0.0,0.0,0.0,5.3032850701129064e-05,5.3032836149213836e-05,5.303283978719264e-05,5.303283251123503e-05,0.0,-0.1399480700492859,0.13453413546085358,-9.824808120727539,0.0,0.0,0.0,0.0,0.0,0.0,0.0,0.0,0.0,0.0,0.0,0.0,0.0,0.0,0.0,5.3184481657808647e-05,5.318447438185103e-05,5.318447438185103e-05,5.318446710589342e-05,0.04114978387951851,0.04114978387951851,0.04114978387951851,0.04114978387951851,0.01907346211373806,-0.035677470266819,-0.05541008338332176,0.0,0.0,0.0,0.0,0.0,0.0,0.0
795996580,0,4.293432357371785e-05,-0.035988155752420425,-0.14400646090507507,-1.8358849047217518e-05,-0.03609725087881088,-0.14404137432575226,-0.0026842074003070593,-0.0012383959256112576,-0.004281423985958099,0.0,0.0,0.0,-0.011675690300762653,-0.012723151594400406,-0.004702842328697443,0.0,0.0,-0.004721522331237793,0.0006692515453323722,0.0007338313153013587,4.540930240182206e-05,0.0928877517580986,0.10137567669153214,0.00011005760461557657,0.0,0.0,0.0,0.092063307762146,0.10082459449768066,0.0004698884440585971,9.61825717240572e-05,-0.09189362823963165,-0.10209483653306961,-9.469293581787497e-05,2.0,2.0,2.0,2.0,0.0,0.0,0.0,0.0,0.0,5.2273153414716944e-05,5.227313522482291e-05,5.227314613875933e-05,5.227313522482291e-05,0.0,-0.1399480700492859,0.13453413546085358,-9.824808120727539,0.0,0.0,0.0,0.0,0.0,0.0,0.0,0.0,0.0,0.0,0.0,0.0,0.0,0.0,0.0,5.3803029004484415e-05,5.3803018090547994e-05,5.38030217285268e-05,5.380301445256919e-05,0.04114978387951851,0.04114978387951851,0.04114978387951851,0.04114978387951851,0.01907346211373806,-0.035677470266819,-0.05541008338332176,0.0,0.0,0.0,0.0,0.0,0.0,0.0
806419061,0,-1.8358849047217518e-05,-0.03609725087881088,-0.14404137432575226,-4.635145523934625e-05,-0.036138322204351425,-0.14406193792819977,-0.0026519193779677153,-0.0014964683214202523,-0.004316502716392279,0.0,0.0,0.0,-0.011682126671075821,-0.012725163251161575,-0.004721521865576506,0.0,0.0,-0.0047293538227677345,0.0004899795167148113,0.000316512247081846,-0.0009030716028064489,0.0928877517580986,0.10137567669153214,0.00011005760461557657,0.0,0.0,0.0,0.092063307762146,0.10082459449768066,0.0004698884440585971,9.61825717240572e-05,-0.09193829447031021,-0.10203834623098373,-8.200068259611726e-05,2.0,2.0,2.0,2.0,0.0,0.0,0.0,0.0,0.0,5.2273153414716944e-05,5.227313522482291e-05,5.227314613875933e-05,5.227313522482291e-05,0.0,-0.12774968147277832,0.10729590058326721,-9.846641540527344,0.0,0.0,0.0,0.0,0.0,0.0,0.0,0.0,0.0,0.0,0.0,0.0,0.0,0.0,0.0,5.385998520068824e-05,5.385995973483659e-05,5.385997792473063e-05,5.385996701079421e-05,0.04114978387951851,0.04114978387951851,0.04114978387951851,0.04114978387951851,-0.0020605733152478933,-0.0335879921913147,-0.07263995707035065,0.0,0.0,0.0,0.0,0.0,0.0,0.0
816455534,0,-4.635145523934625e-05,-0.036138322204351425,-0.14406193792819977,-4.635145523934625e-05,-0.036138322204351425,-0.14406193792819977,-0.002519351663067937,-0.0013673927169293165,-0.004411888774484396,0.0,0.0,0.0,-0.011698469519615173,-0.012713457457721233,-0.004729354288429022,0.0,0.0,-0.0047293538227677345,0.0002742832584772259,0.00018260415527038276,-0.0012857011752203107,0.09278076887130737,0.10128787159919739,0.0001212784118251875,0.0,0.0,0.0,0.09265116602182388,0.10137120634317398,0.0015645759413018823,9.510516247246414e-05,-0.09198498725891113,-0.10199885815382004,-0.00012006429460598156,2.0,2.0,2.0,2.0,0.0,0.0,0.0,0.0,0.0,5.168759525986388e-05,5.168758798390627e-05,5.168758798390627e-05,5.1687580707948655e-05,0.0,-0.11304951459169388,0.10908880084753036,-9.826872825622559,0.0,0.0,0.0,0.0,0.0,0.0,0.0,0.0,0.0,0.0,0.0,0.0,0.0,0.0,0.0,5.35681756446138e-05,5.3568135626846924e-05,5.356815381674096e-05,5.3568146540783346e-05,0.04114978387951851,0.04114978387951851,0.04114978387951851,0.04114978387951851,-0.014468261040747166,-0.026594333350658417,-0.06044464558362961,0.0,0.0,0.0,0.0,0.0,0.0,0.0
826053228,0,-4.635145523934625e-05,-0.036138322204351425,-0.14406193792819977,-4.635145523934625e-05,-0.036138322204351425,-0.14406193792819977,-0.002519351663067937,-0.0013673927169293165,-0.004411888774484396,0.0,0.0,0.0,-0.011698469519615173,-0.012713457457721233,-0.004729354288429022,0.0,0.0,-0.0047293538227677345,0.0002742832584772259,0.00018260415527038276,-0.0012857011752203107,0.09278076887130737,0.10128787159919739,0.0001212784118251875,0.0,0.0,0.0,0.09265116602182388,0.10137120634317398,0.0015645759413018823,9.510516247246414e-05,-0.0920112356543541,-0.10198061168193817,-0.00015006435569375753,2.0,2.0,2.0,2.0,0.0,0.0,0.0,0.0,0.0,5.168759525986388e-05,5.168758798390627e-05,5.168758798390627e-05,5.1687580707948655e-05,0.0,-0.11304951459169388,0.10908880084753036,-9.826872825622559,0.0,0.0,0.0,0.0,0.0,0.0,0.0,0.0,0.0,0.0,0.0,0.0,0.0,0.0,0.0,5.310465348884463e-05,5.310460619512014e-05,5.3104624385014176e-05,5.310461710905656e-05,0.04114978387951851,0.04114978387951851,0.04114978387951851,0.04114978387951851,-0.014468261040747166,-0.026594333350658417,-0.06044464558362961,0.0,0.0,0.0,0.0,0.0,0.0,0.0
836531937,0,-9.657251939643174e-05,-0.03621772676706314,-0.14410173892974854,-9.657251939643174e-05,-0.03621772676706314,-0.14410173892974854,-0.0024134281557053328,-0.001100727473385632,-0.004615537356585264,0.0,0.0,0.0,-0.011686517857015133,-0.012745407409965992,-0.0047510950826108456,0.0,0.0,-0.0047510950826108456,0.00012200951459817588,0.0005928308819420636,-0.001537080854177475,0.09276767820119858,0.10109028220176697,0.00010890656267292798,0.0,0.0,0.0,0.09292032569646835,0.10011328756809235,0.0013390113599598408,9.794199286261573e-05,-0.0920112356543541,-0.10198061168193817,-0.00015006435569375753,2.0,2.0,2.0,2.0,0.0,0.0,0.0,0.0,0.0,5.322934885043651e-05,5.3229341574478894e-05,5.3229341574478894e-05,5.322933429852128e-05,0.0,-0.1354741007089615,0.13476908206939697,-9.82284164428711,0.0,0.0,0.0,0.0,0.0,0.0,0.0,0.0,0.0,0.0,0.0,0.0,0.0,0.0,0.0,5.2686325943795964e-05,5.268628228805028e-05,5.26862932019867e-05,5.268628956400789e-05,0.04114978387951851,0.04114978387951851,0.04114978387951851,0.04114978387951851,-0.012797338888049126,0.019048376008868217,-0.01918818987905979,0.0,0.0,0.0,0.0,0.0,0.0,0.0
849252782,0,-9.657251939643174e-05,-0.03621772676706314,-0.14410173892974854,-9.657251939643174e-05,-0.03621772676706314,-0.14410173892974854,-0.0024134281557053328,-0.001100727473385632,-0.004615537356585264,0.0,0.0,0.0,-0.011686517857015133,-0.012745407409965992,-0.0047510950826108456,0.0,0.0,-0.0047510950826108456,0.0005876010982319713,0.0002510735939722508,-0.0013118414208292961,0.09276767820119858,0.10109028220176697,0.00010890656267292798,0.0,0.0,0.0,0.09199516475200653,0.10106778889894485,0.0009366743033751845,0.00010027505049947649,-0.0920112356543541,-0.10198061168193817,-0.00015006435569375753,2.0,2.0,2.0,2.0,0.0,0.0,0.0,0.0,0.0,5.449732634588145e-05,5.449730815598741e-05,5.4497315431945026e-05,5.4497304518008605e-05,0.0,-0.1315765380859375,0.11582791060209274,-9.823807716369629,0.0,0.0,0.0,0.0,0.0,0.0,0.0,0.0,0.0,0.0,0.0,0.0,0.0,0.0,0.0,5.256816075416282e-05,5.256812437437475e-05,5.2568128012353554e-05,5.256812437437475e-05,0.04114978387951851,0.04114978387951851,0.04114978387951851,0.04114978387951851,0.012302289716899395,-0.004091539420187473,0.0006652824813500047,0.0,0.0,0.0,0.0,0.0,0.0,0.0
856552638,0,-0.00016454741125926375,-0.03632574528455734,-0.14416423439979553,-0.0001845775404945016,-0.03633684664964676,-0.14418259263038635,-0.0024214282166212797,-0.0011096805101260543,-0.005016513634473085,0.0,0.0,0.0,-0.011653020046651363,-0.012706317938864231,-0.004767249803990126,0.0,0.0,-0.004736920353025198,0.0005876010982319713,0.0002510735939722508,-0.0013118414208292961,0.09263688325881958,0.10101508349180222,8.371967123821378e-05,0.0,0.0,0.0,0.09199516475200653,0.10106778889894485,0.0009366743033751845,0.00010027505049947649,-0.0920112356543541,-0.10198061168193817,-0.00015006435569375753,2.0,2.0,2.0,2.0,0.0,0.0,0.0,0.0,0.0,5.449732634588145e-05,5.449730815598741e-05,5.4497315431945026e-05,5.4497304518008605e-05,0.0,-0.1315765380859375,0.11582791060209274,-9.823807716369629,0.0,0.0,0.0,0.0,0.0,0.0,0.0,0.0,0.0,0.0,0.0,0.0,0.0,0.0,0.0,5.280753975966945e-05,5.280750701786019e-05,5.2807499741902575e-05,5.2807499741902575e-05,0.04114978387951851,0.04114978387951851,0.04114978387951851,0.04114978387951851,0.012302289716899395,-0.004091539420187473,0.0006652824813500047,0.0,0.0,0.0,0.0,0.0,0.0,0.0
866884599,0,-0.0001845775404945016,-0.03633684664964676,-0.14418259263038635,-0.0001845775404945016,-0.03633684664964676,-0.14418259263038635,-0.002304005203768611,-0.0012020088033750653,-0.004766992758959532,0.0,0.0,0.0,-0.011660035699605942,-0.012672845274209976,-0.004736920353025198,0.0,0.0,-0.004736920353025198,0.000398549105739221,0.0018399987602606416,0.0006650610012002289,0.09269213676452637,0.10074945539236069,5.2265248086769134e-05,0.0,0.0,0.0,0.09246816486120224,0.0982937440276146,-0.0012207215186208487,0.00010623070556903258,-0.09209618717432022,-0.10184971988201141,-0.0001815725991036743,2.0,2.0,2.0,2.0,0.0,0.0,0.0,0.0,0.0,5.773409066023305e-05,5.773407974629663e-05,5.773407974629663e-05,5.773406883236021e-05,0.0,-0.11662711203098297,0.1128472164273262,-9.789911270141602,0.0,0.0,0.0,0.0,0.0,0.0,0.0,0.0,0.0,0.0,0.0,0.0,0.0,0.0,0.0,5.3386404033517465e-05,5.33863712917082e-05,5.338636401575059e-05,5.338636037777178e-05,0.04114978387951851,0.04114978387951851,0.04114978387951851,0.04114978387951851,-0.0032967969309538603,0.04783661291003227,0.0684732124209404,0.0,0.0,0.0,0.0,0.0,0.0,0.0
876598805,0,-0.00021909426141064614,-0.03631707653403282,-0.1442181020975113,-0.00021909426141064614,-0.03631707653403282,-0.1442181020975113,-0.0018327106954529881,-0.0012996934819966555,-0.004495719447731972,0.0,0.0,0.0,-0.011616306379437447,-0.012628618627786636,-0.0047108628787100315,0.0,0.0,-0.0047108628787100315,0.000398549105739221,0.0018399987602606416,0.0006650610012002289,0.09269213676452637,0.10074945539236069,5.2265248086769134e-05,0.0,0.0,0.0,0.09246816486120224,0.0982937440276146,-0.0012207215186208487,0.00010623070556903258,-0.09210747480392456,-0.10180632770061493,-0.0001594155328348279,2.0,2.0,2.0,2.0,0.0,0.0,0.0,0.0,0.0,5.773409066023305e-05,5.773407974629663e-05,5.773407974629663e-05,5.773406883236021e-05,0.0,-0.11662711203098297,0.1128472164273262,-9.789911270141602,0.0,0.0,0.0,0.0,0.0,0.0,0.0,0.0,0.0,0.0,0.0,0.0,0.0,0.0,0.0,5.432404577732086e-05,5.432400939753279e-05,5.4324016673490405e-05,5.432399484561756e-05,0.04114978387951851,0.04114978387951851,0.04114978387951851,0.04114978387951851,-0.0032967969309538603,0.04783661291003227,0.0684732124209404,0.0,0.0,0.0,0.0,0.0,0.0,0.0
887289606,0,-0.00021909426141064614,-0.03631707653403282,-0.1442181020975113,-0.00021909426141064614,-0.03631707653403282,-0.1442181020975113,-0.0018327106954529881,-0.0012996934819966555,-0.004495719447731972,0.0,0.0,0.0,-0.011616306379437447,-0.012628618627786636,-0.0047108628787100315,0.0,0.0,-0.0047108628787100315,-0.00043156903120689094,0.001679075532592833,0.0014749779365956783,0.0923452079296112,0.1003972738981247,9.043831960298121e-05,0.0,0.0,0.0,0.09358834475278854,0.09886536002159119,-0.0014258959563449025,0.00010883341019507498,-0.09210747480392456,-0.10180632770061493,-0.0001594155328348279,2.0,2.0,2.0,2.0,0.0,0.0,0.0,0.0,0.0,5.914861321798526e-05,5.9148591390112415e-05,5.914859502809122e-05,5.91485841141548e-05,0.0,-0.10505347698926926,0.10161376744508743,-9.796211242675781,0.0,0.0,0.0,0.0,0.0,0.0,0.0,0.0,0.0,0.0,0.0,0.0,0.0,0.0,0.0,5.547968976316042e-05,5.5479649745393544e-05,5.547967157326639e-05,5.5479635193478316e-05,0.04114978387951851,0.04114978387951851,0.04114978387951851,0.04114978387951851,-0.05665862187743187,-0.01042610127478838,0.027032995596528053,0.0,0.0,0.0,0.0,0.0,0.0,0.0
896007856,0,-0.00022545519459526986,-0.036297790706157684,-0.1442585289478302,-0.00022545519459526986,-0.036297790706157684,-0.1442585289478302,-0.0017106628511101007,-0.0006055051344446838,-0.0046655042096972466,0.0,0.0,0.0,-0.011690969578921795,-0.01263339538127184,-0.004658992402255535,0.0,0.0,-0.004658992402255535,-0.0007524715038016438,0.0010972201125696301,0.0011855403427034616,0.09267796576023102,0.10041384398937225,0.00010082126391353086,0.0,0.0,0.0,0.09358834475278854,0.09886536002159119,-0.0014258959563449025,0.00010883341019507498,-0.09215090423822403,-0.10171349346637726,-0.00010586637654341757,2.0,2.0,2.0,2.0,0.0,0.0,0.0,0.0015332031762227416,0.0,5.914861321798526e-05,5.9148591390112415e-05,5.914859502809122e-05,5.91485841141548e-05,0.0,-0.10261189937591553,0.11974860727787018,-9.803321838378906,0.0,0.0,0.0,0.0,0.0,0.0,0.0,0.0,0.0,0.0,0.0,0.0,0.0,0.0,0.0,5.66598137083929e-05,5.665977005264722e-05,5.665979551849887e-05,5.665975550073199e-05,0.04114978387951851,0.04114978387951851,0.04114978387951851,0.04114978387951851,-0.04781680181622505,-0.03308367729187012,0.002483281772583723,0.0,0.0,0.0,0.0,0.0,0.0,0.0
906346588,0,-0.00022545519459526986,-0.036297790706157684,-0.1442585289478302,-0.00022545519459526986,-0.036297790706157684,-0.1442585289478302,-0.0017106628511101007,-0.0006055051344446838,-0.0046655042096972466,0.0,0.0,0.0,-0.011690969578921795,-0.01263339538127184,-0.004658992402255535,0.0,0.0,-0.004658992402255535,-0.0007524715038016438,0.0010972201125696301,0.0011855403427034616,0.09267796576023102,0.10041384398937225,0.00010082126391353086,0.0,0.0,0.0,0.09390860795974731,0.09964746236801147,-0.0009464314207434654,0.00010805925558088347,-0.09218697249889374,-0.10167603194713593,-8.393140160478652e-05,2.0,2.0,2.0,2.0,0.0,0.0,0.0,0.0,0.0,5.872787369298749e-05,5.872785914107226e-05,5.872785914107226e-05,5.8727851865114644e-05,0.0,-0.10261189937591553,0.11974860727787018,-9.803321838378906,0.0,0.0,0.0,0.0,0.0,0.0,0.0,0.0,0.0,0.0,0.0,0.0,0.0,0.0,0.0,5.768005576101132e-05,5.7680008467286825e-05,5.7680033933138475e-05,5.768000119132921e-05,0.04114978387951851,0.04114978387951851,0.04114978387951851,0.04114978387951851,-0.04781680181622505,-0.03308367729187012,0.002483281772583723,0.0,0.0,0.0,0.0,0.0,0.0,0.0
916237302,0,-0.00021482085867319256,-0.03628595918416977,-0.14428047835826874,-0.00021482085867319256,-0.03628595918416977,-0.14428047835826874,-0.0017172421794384718,-0.00037651334423571825,-0.005190711002796888,0.0,0.0,0.0,-0.011686920188367367,-0.01263643242418766,-0.004696669522672892,0.0,0.0,-0.004696669057011604,-0.0007249005138874054,0.0004093003226444125,0.00039232437848113477,0.09258405864238739,0.10060721635818481,7.203724817372859e-05,0.0,0.0,0.0,0.09384177625179291,0.10060735046863556,2.8658309020102024e-05,0.00010689158807508647,-0.09218697249889374,-0.10167603194713593,-8.393140160478652e-05,2.0,2.0,2.0,2.0,0.0,0.0,0.0,0.0,0.0,5.809326466987841e-05,5.809325011796318e-05,5.809324647998437e-05,5.809324647998437e-05,0.0,-0.11284314841032028,0.11283823847770691,-9.815515518188477,0.0,0.0,0.0,0.0,0.0,0.0,0.0,0.0,0.0,0.0,0.0,0.0,0.0,0.0,0.0,5.8365301811136305e-05,5.836525815539062e-05,5.836528362124227e-05,5.836525815539062e-05,0.04114978387951851,0.04114978387951851,0.04114978387951851,0.04114978387951851,-0.024992020800709724,-0.05111082270741463,-0.03668792545795441,0.0,0.0,0.0,0.0,0.0,0.0,0.0
926061909,0,-0.00021482085867319256,-0.03628595918416977,-0.14428047835826874,-0.00019000571046490222,-0.036284107714891434,-0.14432550966739655,-0.0017172421794384718,-0.00037651334423571825,-0.005190711002796888,0.0,0.0,0.0,-0.011686920188367367,-0.01263643242418766,-0.004696669522672892,0.0,0.0,-0.00468452088534832,-0.00015184245421551168,0.00017964349535759538,-0.00024329900043085217,0.09258405864238739,0.10060721635818481,7.203724817372859e-05,0.0,0.0,0.0,0.09254513680934906,0.10071635991334915,0.0006040707230567932,0.00010538081551203504,-0.09218697249889374,-0.10167603194713593,-8.393140160478652e-05,2.0,2.0,2.0,2.0,0.0,0.0,0.0,0.0,0.0,5.7272201956948265e-05,5.727218740503304e-05,5.7272191043011844e-05,5.727218012907542e-05,0.0,-0.12044288218021393,0.10280656069517136,-9.792404174804688,0.0,0.0,0.0,0.0,0.0,0.0,0.0,0.0,0.0,0.0,0.0,0.0,0.0,0.0,0.0,5.864351260242984e-05,5.864347258466296e-05,5.864349805051461e-05,5.8643476222641766e-05,0.04114978387951851,0.04114978387951851,0.04114978387951851,0.04114978387951851,0.01714928075671196,-0.0364154577255249,-0.04681059718132019,0.0,0.0,0.0,0.0,0.0,0.0,0.0
936648252,0,-0.00019000571046490222,-0.036284107714891434,-0.14432550966739655,-0.00019000571046490222,-0.036284107714891434,-0.14432550966739655,-0.0014147829497233033,-0.00048667771625332534,-0.0052474141120910645,0.0,0.0,0.0,-0.011643950827419758,-0.012645521201193333,-0.004684521351009607,0.0,0.0,-0.00468452088534832,0.0003433781967032701,0.0001798991288524121,-0.0014899908564984798,0.09252498298883438,0.10059427469968796,0.00011891353642567992,0.0,0.0,0.0,0.0916227474808693,0.1005702018737793,0.001968156546354294,0.00010469334665685892,-0.09224539250135422,-0.10162312537431717,-8.189905202016234e-05,2.0,2.0,2.0,2.0,0.0,0.0,0.0,0.0,0.0,5.689857425750233e-05,5.68985560676083e-05,5.689856334356591e-05,5.689855242962949e-05,0.0,-0.12044288218021393,0.10280656069517136,-9.792404174804688,0.0,0.0,0.0,0.0,0.0,0.0,0.0,0.0,0.0,0.0,0.0,0.0,0.0,0.0,0.0,5.854793926118873e-05,5.854790288140066e-05,5.85479247092735e-05,5.854789924342185e-05,0.04114978387951851,0.04114978387951851,0.04114978387951851,0.04114978387951851,0.032367028295993805,-0.019357746466994286,-0.08508345484733582,0.0,0.0,0.0,0.0,0.0,0.0,0.0
945846266,0,-0.00016162876272574067,-0.036304302513599396,-0.14436489343643188,-0.00016162876272574067,-0.036304302513599396,-0.14436489343643188,-0.0013096549082547426,-0.0007863561622798443,-0.005178207065910101,0.0,0.0,0.0,-0.01164926402270794,-0.01263700146228075,-0.004703770857304335,0.0,0.0,-0.004703771322965622,-0.0002010447351494804,0.0004877597384620458,-0.001728295930661261,0.09260668605566025,0.10046438872814178,6.0163583839312196e-05,0.0,0.0,0.0,0.09289943426847458,0.09999262541532516,0.0017915082862600684,0.00010502372606424615,-0.09229232370853424,-0.1015624850988388,-0.00014140715938992798,2.0,2.0,2.0,2.0,0.0,0.0,0.0,0.0,0.0,5.707811578758992e-05,5.7078112149611115e-05,5.70781048736535e-05,5.70781048736535e-05,0.0,-0.1291562020778656,0.10192645341157913,-9.804197311401367,0.0,0.0,0.0,0.0,0.0,0.0,0.0,0.0,0.0,0.0,0.0,0.0,0.0,0.0,0.0,5.822210368933156e-05,5.8222074585501105e-05,5.8222085499437526e-05,5.822206367156468e-05,0.04114978387951851,0.04114978387951851,0.04114978387951851,0.04114978387951851,-0.009170470759272575,-0.0015996157890185714,-0.055518750101327896,0.0,0.0,0.0,0.0,0.0,0.0,0.0
956041411,0,-0.00016162876272574067,-0.036304302513599396,-0.14436489343643188,-0.00013383205805439502,-0.036323465406894684,-0.14440496265888214,-0.0013096549082547426,-0.0007863561622798443,-0.005178207065910101,0.0,0.0,0.0,-0.01164926402270794,-0.01263700146228075,-0.004703770857304335,0.0,0.0,-0.0047546494752168655,-0.0002010447351494804,0.0004877597384620458,-0.001728295930661261,0.09260668605566025,0.10046438872814178,6.0163583839312196e-05,0.0,0.0,0.0,0.09289943426847458,0.09999262541532516,0.0017915082862600684,0.00010502372606424615,-0.09232687950134277,-0.10152925550937653,-0.0001824850041884929,2.0,2.0,2.0,2.0,0.0,0.0,0.0,0.0,0.0,5.707811578758992e-05,5.7078112149611115e-05,5.70781048736535e-05,5.70781048736535e-05,0.0,-0.1291562020778656,0.10192645341157913,-9.804197311401367,0.0,0.0,0.0,0.0,0.0,0.0,0.0,0.0,0.0,0.0,0.0,0.0,0.0,0.0,0.0,5.784247332485393e-05,5.784244422102347e-05,5.784244785900228e-05,5.784243330708705e-05,0.04114978387951851,0.04114978387951851,0.04114978387951851,0.04114978387951851,-0.009170470759272575,-0.0015996157890185714,-0.055518750101327896,0.0,0.0,0.0,0.0,0.0,0.0,0.0
966487657,0,-0.00013383205805439502,-0.036323465406894684,-0.14440496265888214,-0.00013383205805439502,-0.036323465406894684,-0.14440496265888214,-0.0011531456839293242,-0.0007681853603571653,-0.004939042031764984,0.0,0.0,0.0,-0.01168961450457573,-0.012642215937376022,-0.0047546494752168655,0.0,0.0,-0.0047546494752168655,-0.0008637646678835154,1.7072641639970243e-05,-0.0021430563647300005,0.09292832016944885,0.100505031645298,0.00011270514369243756,0.0,0.0,0.0,0.09365984052419662,0.10067024827003479,0.0016692781355232,0.00011306592932669446,-0.09232687950134277,-0.10152925550937653,-0.0001824850041884929,2.0,2.0,2.0,2.0,0.0,0.0,0.0,0.0,0.0,6.14488817518577e-05,6.14488817518577e-05,6.144887447590008e-05,6.144887447590008e-05,0.0,-0.12774166464805603,0.11755748838186264,-9.797974586486816,0.0,0.0,0.0,0.0,0.0,0.0,0.0,0.0,0.0,0.0,0.0,0.0,0.0,0.0,0.0,5.7716359151527286e-05,5.7716322771739215e-05,5.7716322771739215e-05,5.771631185780279e-05,0.04114978387951851,0.04114978387951851,0.04114978387951851,0.04114978387951851,-0.006139880511909723,-0.018296165391802788,-0.00844829622656107,0.0,0.0,0.0,0.0,0.0,0.0,0.0
975915278,0,-0.00013383205805439502,-0.036323465406894684,-0.14440496265888214,-0.00013383205805439502,-0.036323465406894684,-0.14440496265888214,-0.0011531456839293242,-0.0007681853603571653,-0.004939042031764984,0.0,0.0,0.0,-0.01168961450457573,-0.012642215937376022,-0.0047546494752168655,0.0,0.0,-0.0047546494752168655,-0.0008637646678835154,1.7072641639970243e-05,-0.0021430563647300005,0.09290793538093567,0.1006043404340744,7.691141217947006e-05,0.0,0.0,0.0,0.09365984052419662,0.10067024827003479,0.0016692781355232,0.00011306592932669446,-0.09232687950134277,-0.10152925550937653,-0.0001824850041884929,2.0,2.0,2.0,2.0,0.0,0.0,0.0,0.0,0.0,6.14488817518577e-05,6.14488817518577e-05,6.144887447590008e-05,6.144887447590008e-05,0.0,-0.12774166464805603,0.11755748838186264,-9.797974586486816,0.0,0.0,0.0,0.0,0.0,0.0,0.0,0.0,0.0,0.0,0.0,0.0,0.0,0.0,0.0,5.814145697513595e-05,5.8141427871305496e-05,5.8141416957369074e-05,5.814140968141146e-05,0.04114978387951851,0.04114978387951851,0.04114978387951851,0.04114978387951851,-0.006139880511909723,-0.018296165391802788,-0.00844829622656107,0.0,0.0,0.0,0.0,0.0,0.0,0.0
986544549,0,-0.00010587263386696577,-0.0363655649125576,-0.14444464445114136,-0.00010587263386696577,-0.0363655649125576,-0.14444464445114136,-0.0011610366636887193,-0.0005639100563712418,-0.005104539450258017,0.0,0.0,0.0,-0.011701318435370922,-0.01264973171055317,-0.004750697407871485,0.0,0.0,-0.004750697407871485,-0.0008637646678835154,1.7072641639970243e-05,-0.0021430563647300005,0.09290793538093567,0.1006043404340744,7.691141217947006e-05,0.0,0.0,0.0,0.09365984052419662,0.10067024827003479,0.0016692781355232,0.00011306592932669446,-0.09239547699689865,-0.10148171335458755,-0.00025685958098620176,2.0,2.0,2.0,2.0,0.0,0.0,0.0,0.0,0.0,6.14488817518577e-05,6.14488817518577e-05,6.144887447590008e-05,6.144887447590008e-05,0.0,-0.12859445810317993,0.10123714059591293,-9.806907653808594,0.0,0.0,0.0,0.0,0.0,0.0,0.0,0.0,0.0,0.0,0.0,0.0,0.0,0.0,0.0,5.8960831665899605e-05,5.896080983802676e-05,5.8960791648132727e-05,5.8960791648132727e-05,0.04114978387951851,0.04114978387951851,0.04114978387951851,0.04114978387951851,-0.006139880511909723,-0.018296165391802788,-0.00844829622656107,0.0,0.0,0.0,0.0,0.0,0.0,0.0
996093329,0,-9.250680886907503e-05,-0.03639888018369675,-0.14446517825126648,-9.250680886907503e-05,-0.03639888018369675,-0.14446517825126648,-0.0014688827795907855,-0.0005866060964763165,-0.005289080552756786,0.0,0.0,0.0,-0.01173858530819416,-0.012645874172449112,-0.0047450559213757515,0.0,0.0,-0.004745055455714464,-0.0008928001625463367,5.323554796632379e-05,-0.0006203262018971145,0.09301119297742844,0.10072550922632217,0.0001038143818732351,0.0,0.0,0.0,0.09386768937110901,0.1007440909743309,-0.00010191829642280936,0.00012238799536135048,-0.09246495366096497,-0.10143646597862244,-0.00028424494666978717,2.0,2.0,2.0,2.0,0.0,0.0,0.0,0.0,0.0,6.65152256260626e-05,6.651521835010499e-05,6.651521835010499e-05,6.651521107414737e-05,0.0,-0.13917194306850433,0.10552018135786057,-9.798922538757324,0.0,0.0,0.0,0.0,0.0,0.0,0.0,0.0,0.0,0.0,0.0,0.0,0.0,0.0,0.0,6.005663817632012e-05,6.0056619986426085e-05,6.005660543451086e-05,6.0056609072489664e-05,0.04114978387951851,0.04114978387951851,0.04114978387951851,0.04114978387951851,0.003630519611760974,-0.007181626744568348,0.05226357281208038,0.0,0.0,0.0,0.0,0.0,0.0,0.0
1006236552,0,-9.250680886907503e-05,-0.03639888018369675,-0.14446517825126648,-6.80350058246404e-05,-0.03646473214030266,-0.1445096880197525,-0.0014688827795907855,-0.0005866060964763165,-0.005289080552756786,0.0,0.0,0.0,-0.01173858530819416,-0.012645874172449112,-0.0047450559213757515,0.0,0.0,-0.004739328753203154,-0.0008928001625463367,5.323554796632379e-05,-0.0006203262018971145,0.09301119297742844,0.10072550922632217,0.0001038143818732351,0.0,0.0,0.0,0.09386768937110901,0.1007440909743309,-0.00010191829642280936,0.00012238799536135048,-0.09249316155910492,-0.10141205787658691,-0.00028086797101423144,2.0,2.0,2.0,2.0,0.0,0.0,0.0,0.0,0.0,6.65152256260626e-05,6.651521835010499e-05,6.651521835010499e-05,6.651521107414737e-05,0.0,-0.13917194306850433,0.10552018135786057,-9.798922538757324,0.0,0.0,0.0,0.0,0.0,0.0,0.0,0.0,0.0,0.0,0.0,0.0,0.0,0.0,0.0,6.15536337136291e-05,6.155362643767148e-05,6.155361188575625e-05,6.155361916171387e-05,0.04114978387951851,0.04114978387951851,0.04114978387951851,0.04114978387951851,0.003630519611760974,-0.007181626744568348,0.05226357281208038,0.0,0.0,0.0,0.0,0.0,0.0,0.0
1016135117,0,-6.80350058246404e-05,-0.03646473214030266,-0.1445096880197525,-6.80350058246404e-05,-0.03646473214030266,-0.1445096880197525,-0.0015323517145588994,-0.0009112759726122022,-0.0059096417389810085,0.0,0.0,0.0,-0.011690409854054451,-0.01265937089920044,-0.004739328287541866,0.0,0.0,-0.004739328753203154,-0.0005355820176191628,-0.0004317839920986444,0.0015327417058870196,0.09299800544977188,0.10074165463447571,6.630436109844595e-05,0.0,0.0,0.0,0.09362929314374924,0.10149461776018143,-0.0020113966893404722,0.00013450327969621867,-0.09249316155910492,-0.10141205787658691,-0.00028086797101423144,2.0,2.0,2.0,2.0,0.0,0.0,0.0,0.0,0.0,7.309961802093312e-05,7.309960346901789e-05,7.309960346901789e-05,7.309959619306028e-05,0.0,-0.13177376985549927,0.13416624069213867,-9.832563400268555,0.0,0.0,0.0,0.0,0.0,0.0,0.0,0.0,0.0,0.0,0.0,0.0,0.0,0.0,0.0,6.350917101372033e-05,6.350917101372033e-05,6.35091564618051e-05,6.350916373776272e-05,0.04114978387951851,0.04114978387951851,0.04114978387951851,0.04114978387951851,0.003332197666168213,-0.02223275601863861,0.0753106027841568,0.0,0.0,0.0,0.0,0.0,0.0,0.0
1027928407,0,-2.699370452319272e-05,-0.03651731461286545,-0.14458337426185608,-2.699370452319272e-05,-0.03651731461286545,-0.14458337426185608,-0.001061315881088376,-0.001523463404737413,-0.00543260108679533,0.0,0.0,0.0,-0.011740575544536114,-0.01271831151098013,-0.004635896999388933,0.0,0.0,-0.0046358974650502205,-0.0005355820176191628,-0.0004317839920986444,0.0015327417058870196,0.09333252906799316,0.1011107861995697,6.233034218894318e-05,0.0,0.0,0.0,0.09362929314374924,0.10149461776018143,-0.0020113966893404722,0.00013450327969621867,-0.09255001693964005,-0.10137944668531418,-0.000231761863688007,2.0,2.0,2.0,2.0,0.0,0.0,0.0,0.0,0.0,7.309961802093312e-05,7.309960346901789e-05,7.309960346901789e-05,7.309959619306028e-05,0.0,-0.13177376985549927,0.13416624069213867,-9.832563400268555,0.0,0.0,0.0,0.0,0.0,0.0,0.0,0.0,0.0,0.0,0.0,0.0,0.0,0.0,0.0,6.5936881583184e-05,6.5936881583184e-05,6.593686703126878e-05,6.593687430722639e-05,0.04114978387951851,0.04114978387951851,0.04114978387951851,0.04114978387951851,0.003332197666168213,-0.02223275601863861,0.0753106027841568,0.0,0.0,0.0,0.0,0.0,0.0,0.0
1036023103,0,-2.699370452319272e-05,-0.03651731461286545,-0.14458337426185608,-1.179626451630611e-05,-0.036506809294223785,-0.14460743963718414,-0.001061315881088376,-0.001523463404737413,-0.00543260108679533,0.0,0.0,0.0,-0.011740575544536114,-0.01271831151098013,-0.004635896999388933,0.0,0.0,-0.004607497714459896,-0.000561028253287077,-0.0008671085815876722,0.0021623042412102222,0.09333252906799316,0.1011107861995697,6.233034218894318e-05,0.0,0.0,0.0,0.09362929314374924,0.10149461776018143,-0.0020113966893404722,0.00013450327969621867,-0.09258309006690979,-0.10136846452951431,-0.000185494776815176,2.0,2.0,2.0,2.0,0.0,0.0,0.0,0.0,0.0,7.309961802093312e-05,7.309960346901789e-05,7.309960346901789e-05,7.309959619306028e-05,0.0,-0.11836007237434387,0.0927995964884758,-9.78543472290039,0.0,0.0,0.0,0.0,0.0,0.0,0.0,0.0,0.0,0.0,0.0,0.0,0.0,0.0,0.0,6.845257303211838e-05,6.845257303211838e-05,6.845257303211838e-05,6.845257303211838e-05,0.04114978387951851,0.04114978387951851,0.04114978387951851,0.04114978387951851,0.005526648368686438,-0.029438260942697525,0.06695792824029922,0.0,0.0,0.0,0.0,0.0,0.0,0.0
1046105221,0,-1.179626451630611e-05,-0.036506809294223785,-0.14460743963718414,-1.179626451630611e-05,-0.036506809294223785,-0.14460743963718414,-0.0009024145547300577,-0.0014436561614274979,-0.00541490875184536,0.0,0.0,0.0,-0.01175131369382143,-0.012692995369434357,-0.004607497714459896,0.0,0.0,-0.004607497714459896,-0.0008678077720105648,-0.000262588873738423,0.002473314991220832,0.09341780096292496,0.10090962052345276,5.54146317881532e-05,0.0,0.0,0.0,0.09430953115224838,0.10111159831285477,-0.0023861753288656473,0.00013686167949344963,-0.09258309006690979,-0.10136846452951431,-0.000185494776815176,2.0,2.0,2.0,2.0,0.0,0.0,0.0,0.0,0.0,7.438135071424767e-05,7.438134343829006e-05,7.438134343829006e-05,7.438134343829006e-05,0.0,-0.11656034737825394,0.10711740702390671,-9.802245140075684,0.0,0.0,0.0,0.0,0.0,0.0,0.0,0.0,0.0,0.0,0.0,0.0,0.0,0.0,0.0,7.060645293677226e-05,7.060644566081464e-05,7.060646021272987e-05,7.060646021272987e-05,0.04114978387951851,0.04114978387951851,0.04114978387951851,0.04114978387951851,-0.00880397018045187,0.010393471457064152,0.04651812091469765,0.0,0.0,0.0,0.0,0.0,0.0,0.0
1055850395,0,-1.179626451630611e-05,-0.036506809294223785,-0.14460743963718414,1.852372042776551e-05,-0.036486562341451645,-0.14466077089309692,-0.0009024145547300577,-0.0014436561614274979,-0.00541490875184536,0.0,0.0,0.0,-0.01175131369382143,-0.012692995369434357,-0.004607497714459896,0.0,0.0,-0.004612269811332226,-0.0008678077720105648,-0.000262588873738423,0.002473314991220832,0.09341780096292496,0.10090962052345276,5.54146317881532e-05,0.0,0.0,0.0,0.09430953115224838,0.10111159831285477,-0.0023861753288656473,0.00013686167949344963,-0.09264717996120453,-0.1013251543045044,-9.974440035875887e-05,2.0,2.0,2.0,2.0,0.0,0.0,0.0,0.0,0.0,7.438135071424767e-05,7.438134343829006e-05,7.438134343829006e-05,7.438134343829006e-05,0.0,-0.11656034737825394,0.10711740702390671,-9.802245140075684,0.0,0.0,0.0,0.0,0.0,0.0,0.0,0.0,0.0,0.0,0.0,0.0,0.0,0.0,0.0,7.230320625239983e-05,7.230318442452699e-05,7.230319897644222e-05,7.230319897644222e-05,0.04114978387951851,0.04114978387951851,0.04114978387951851,0.04114978387951851,-0.00880397018045187,0.010393471457064152,0.04651812091469765,0.0,0.0,0.0,0.0,0.0,0.0,0.0
1073121331,0,1.852372042776551e-05,-0.036486562341451645,-0.14466077089309692,1.852372042776551e-05,-0.036486562341451645,-0.14466077089309692,-0.0010765607003122568,-0.0011825732653960586,-0.00563378119841218,0.0,0.0,0.0,-0.011750608682632446,-0.012681305408477783,-0.0046122693456709385,0.0,0.0,-0.004612269811332226,4.952453309670091e-07,0.0006812755018472672,0.0007109673460945487,0.09336292743682861,0.1007460281252861,8.739402983337641e-05,0.0,0.0,0.0,0.09257859736680984,0.09989263117313385,4.55651170341298e-05,0.00013361492892727256,-0.09264717996120453,-0.1013251543045044,-9.974440035875887e-05,2.0,2.0,2.0,2.0,0.0,0.0,0.0,0.0,0.0,7.261680730152875e-05,7.261681457748637e-05,7.261680002557114e-05,7.261680002557114e-05,0.0,-0.14232884347438812,0.1149325966835022,-9.820935249328613,0.0,0.0,0.0,0.0,0.0,0.0,0.0,0.0,0.0,0.0,0.0,0.0,0.0,0.0,0.0,7.34397690393962e-05,7.343973993556574e-05,7.343974721152335e-05,7.343974721152335e-05,0.04114978387951851,0.04114978387951851,0.04114978387951851,0.04114978387951851,0.03951616585254669,0.029179772362113,-0.06330722570419312,0.0,0.0,0.0,0.0,0.0,0.0,0.0
1077056625,0,3.2432712032459676e-05,-0.036457609385252,-0.14468489587306976,3.2432712032459676e-05,-0.036457609385252,-0.14468489587306976,-0.001239308505319059,-0.001096898689866066,-0.005581080913543701,0.0,0.0,0.0,-0.011755837127566338,-0.01268635131418705,-0.004607621114701033,0.0,0.0,-0.004607620649039745,-0.00015486495976801962,0.0004411973641254008,-0.0003292633919045329,0.09336292743682861,0.1007460281252861,8.739402983337641e-05,0.0,0.0,0.0,0.09334823489189148,0.10029131919145584,0.0009835870005190372,0.0001314239634666592,-0.09267186373472214,-0.10129482299089432,-8.506017184117809e-05,2.0,2.0,2.0,2.0,0.0,0.0,0.0,0.0,0.0,7.142608956201002e-05,7.142607501009479e-05,7.142607501009479e-05,7.142606773413718e-05,0.0,-0.12737533450126648,0.11036860942840576,-9.782137870788574,0.0,0.0,0.0,0.0,0.0,0.0,0.0,0.0,0.0,0.0,0.0,0.0,0.0,0.0,0.0,7.387335790554062e-05,7.387332880171016e-05,7.387332152575254e-05,7.387332152575254e-05,0.04114978387951851,0.04114978387951851,0.04114978387951851,0.04114978387951851,0.016956111416220665,0.0013509596465155482,-0.0802517905831337,0.0,0.0,0.0,0.0,0.0,0.0,0.0
1117095851,0,3.2432712032459676e-05,-0.036457609385252,-0.14468489587306976,5.681727998307906e-05,-0.036358099430799484,-0.14472989737987518,-0.001239308505319059,-0.001096898689866066,-0.005581080913543701,0.0,0.0,0.0,-0.011755837127566338,-0.01268635131418705,-0.004607621114701033,0.0,0.0,-0.004649318754673004,-0.00015486495976801962,0.0004411973641254008,-0.0003292633919045329,0.09336292743682861,0.1007460281252861,8.739402983337641e-05,0.0,0.0,0.0,0.09334823489189148,0.10029131919145584,0.0009835870005190372,0.0001314239634666592,-0.09271914511919022,-0.10125334560871124,-0.00010545718396315351,2.0,2.0,2.0,2.0,0.0,0.0,0.0,0.0,0.0,7.142608956201002e-05,7.142607501009479e-05,7.142607501009479e-05,7.142606773413718e-05,0.0,-0.12737533450126648,0.11036860942840576,-9.782137870788574,0.0,0.0,0.0,0.0,0.0,0.0,0.0,0.0,0.0,0.0,0.0,0.0,0.0,0.0,0.0,7.368994556600228e-05,7.368991646217182e-05,7.368989463429898e-05,7.368989463429898e-05,0.04114978387951851,0.04114978387951851,0.04114978387951851,0.04114978387951851,0.016956111416220665,0.0013509596465155482,-0.0802517905831337,0.0,0.0,0.0,0.0,0.0,0.0,0.0
1117164865,0,5.681727998307906e-05,-0.036358099430799484,-0.14472989737987518,5.681727998307906e-05,-0.036358099430799484,-0.14472989737987518,-0.0016150646843016148,-0.000793660175986588,-0.005821648519486189,0.0,0.0,0.0,-0.011723500676453114,-0.012694592587649822,-0.004649318754673004,0.0,0.0,-0.004649318754673004,-0.0006131564732640982,0.0006397512042894959,-0.0022849892266094685,0.09352955967187881,0.10091863572597504,0.0001009349653031677,0.0,0.0,0.0,0.09400953352451324,0.0999903604388237,0.00225864932872355,0.0001303131430177018,-0.09271914511919022,-0.10125334560871124,-0.00010545718396315351,2.0,2.0,2.0,2.0,0.0,0.0,0.0,0.0,0.0,7.082235970301554e-05,7.082235970301554e-05,7.082234515110031e-05,7.082234515110031e-05,0.0,-0.14029137790203094,0.1358458697795868,-9.797819137573242,0.0,0.0,0.0,0.0,0.0,0.0,0.0,0.0,0.0,0.0,0.0,0.0,0.0,0.0,0.0,7.315414404729381e-05,7.315411494346336e-05,7.31540858396329e-05,7.31540858396329e-05,0.04114978387951851,0.04114978387951851,0.04114978387951851,0.04114978387951851,-0.007291294168680906,0.016946833580732346,-0.06014532968401909,0.0,0.0,0.0,0.0,0.0,0.0,0.0
1117185440,0,7.765415648464113e-05,-0.0362761989235878,-0.14477024972438812,7.765415648464113e-05,-0.0362761989235878,-0.14477024972438812,-0.0015267434064298868,-0.0007361926836892962,-0.005514684598892927,0.0,0.0,0.0,-0.011739357374608517,-0.01267924066632986,-0.0046852389350533485,0.0,0.0,-0.0046852389350533485,-0.0006131564732640982,0.0006397512042894959,-0.0022849892266094685,0.09323430806398392,0.10084948688745499,7.812153489794582e-05,0.0,0.0,0.0,0.09400953352451324,0.0999903604388237,0.00225864932872355,0.0001303131430177018,-0.09277444332838058,-0.10120473802089691,-0.000177034642547369,2.0,2.0,2.0,2.0,0.0,0.0,0.0,0.0,0.0,7.082235970301554e-05,7.082235970301554e-05,7.082234515110031e-05,7.082234515110031e-05,0.0,-0.1150893047451973,0.10756399482488632,-9.78252124786377,0.0,0.0,0.0,0.0,0.0,0.0,0.0,0.0,0.0,0.0,0.0,0.0,0.0,0.0,0.0,7.248820475069806e-05,7.24881756468676e-05,7.248814654303715e-05,7.248814654303715e-05,0.04114978387951851,0.04114978387951851,0.04114978387951851,0.04114978387951851,-0.007291294168680906,0.016946833580732346,-0.06014532968401909,0.0,0.0,0.0,0.0,0.0,0.0,0.0
1117204996,0,7.765415648464113e-05,-0.0362761989235878,-0.14477024972438812,7.765415648464113e-05,-0.0362761989235878,-0.14477024972438812,-0.0015267434064298868,-0.0007361926836892962,-0.005514684598892927,0.0,0.0,0.0,-0.011739357374608517,-0.01267924066632986,-0.0046852389350533485,0.0,0.0,-0.0046852389350533485,-0.0006640063365921378,-9.169071563519537e-05,-0.0022572074085474014,0.09323430806398392,0.10084948688745499,7.812153489794582e-05,0.0,0.0,0.0,0.09400953352451324,0.0999903604388237,0.00225864932872355,0.0001303131430177018,-0.09277444332838058,-0.10120473802089691,-0.000177034642547369,2.0,2.0,2.0,2.0,0.0,0.0,0.0,0.0,0.0,7.082235970301554e-05,7.082235970301554e-05,7.082234515110031e-05,7.082234515110031e-05,0.0,-0.1150893047451973,0.10756399482488632,-9.78252124786377,0.0,0.0,0.0,0.0,0.0,0.0,0.0,0.0,0.0,0.0,0.0,0.0,0.0,0.0,0.0,7.185329013736919e-05,7.185326103353873e-05,7.18532464816235e-05,7.18532464816235e-05,0.04114978387951851,0.04114978387951851,0.04114978387951851,0.04114978387951851,-0.006794377230107784,-0.026014430448412895,-0.03251445293426514,0.0,0.0,0.0,0.0,0.0,0.0,0.0
1126085185,0,9.717657667351887e-05,-0.03624027222394943,-0.14480602741241455,9.717657667351887e-05,-0.03624027222394943,-0.14480602741241455,-0.0012442546430975199,-0.0004038963816128671,-0.005086369812488556,0.0,0.0,0.0,-0.01174948364496231,-0.012719864025712013,-0.004686885979026556,0.0,0.0,-0.004686885513365269,-0.0007665635785087943,-0.0005168322240933776,-0.0020125871524214745,0.09340369701385498,0.10112279653549194,8.332230208907276e-05,0.0,0.0,0.0,0.09423179179430008,0.10197220742702484,0.0014923401176929474,0.00013562291860580444,-0.09280560910701752,-0.10118785500526428,-0.0002181176678277552,2.0,2.0,2.0,2.0,0.0,0.0,0.0,0.0,0.0,7.370812090812251e-05,7.370812090812251e-05,7.37081136321649e-05,7.370810635620728e-05,0.0,-0.11929835379123688,0.13450615108013153,-9.795904159545898,0.0,0.0,0.0,0.0,0.0,0.0,0.0,0.0,0.0,0.0,0.0,0.0,0.0,0.0,0.0,7.148391887312755e-05,7.148389704525471e-05,7.148389704525471e-05,7.148389704525471e-05,0.04114978387951851,0.04114978387951851,0.04114978387951851,0.04114978387951851,-0.006153385154902935,-0.0332578644156456,-0.005603093188256025,0.0,0.0,0.0,0.0,0.0,0.0,0.0
1136998004,0,9.717657667351887e-05,-0.03624027222394943,-0.14480602741241455,9.717657667351887e-05,-0.03624027222394943,-0.14480602741241455,-0.0012442546430975199,-0.0004038963816128671,-0.005086369812488556,0.0,0.0,0.0,-0.01174948364496231,-0.012719864025712013,-0.004686885979026556,0.0,0.0,-0.004686885513365269,-0.0007665635785087943,-0.0005168322240933776,-0.0020125871524214745,0.09340369701385498,0.10112279653549194,8.332230208907276e-05,0.0,0.0,0.0,0.09423179179430008,0.10197220742702484,0.0014923401176929474,0.00013562291860580444,-0.09287150949239731,-0.1011534258723259,-0.00027295894687995315,2.0,2.0,2.0,2.0,0.0,0.0,0.0,0.0,0.0,7.370812090812251e-05,7.370812090812251e-05,7.37081136321649e-05,7.370810635620728e-05,0.0,-0.11929835379123688,0.13450615108013153,-9.795904159545898,0.0,0.0,0.0,0.0,0.0,0.0,0.0,0.0,0.0,0.0,0.0,0.0,0.0,0.0,0.0,7.157956133596599e-05,7.157954678405076e-05,7.157954678405076e-05,7.157954678405076e-05,0.04114978387951851,0.04114978387951851,0.04114978387951851,0.04114978387951851,-0.006153385154902935,-0.0332578644156456,-0.005603093188256025,0.0,0.0,0.0,0.0,0.0,0.0,0.0
1146226006,0,0.00011754260049201548,-0.03622548654675484,-0.14484068751335144,0.00011754260049201548,-0.03622548654675484,-0.14484068751335144,-0.0013732841471210122,2.606232555990573e-06,-0.005329570733010769,0.0,0.0,0.0,-0.011773491278290749,-0.012678331695497036,-0.0046889339573681355,0.0,0.0,-0.0046889339573681355,-0.0005092576611787081,0.001884800847619772,0.0004293290839996189,0.09359428286552429,0.10079289227724075,6.606375245610252e-05,0.0,0.0,0.0,0.09383335709571838,0.09785301238298416,-0.0011147023178637028,0.00014783977530896664,-0.09287150949239731,-0.1011534258723259,-0.00027295894687995315,2.0,2.0,2.0,2.0,0.0,0.0,0.0,0.0,0.0,8.034770871745422e-05,8.034770144149661e-05,8.034770144149661e-05,8.0347694165539e-05,0.0,-0.13661587238311768,0.13181813061237335,-9.821702003479004,0.0,0.0,0.0,0.0,0.0,0.0,0.0,0.0,0.0,0.0,0.0,0.0,0.0,0.0,0.0,7.232567440951243e-05,7.23256598575972e-05,7.23256598575972e-05,7.23256598575972e-05,0.04114978387951851,0.04114978387951851,0.04114978387951851,0.04114978387951851,0.017383292317390442,0.06681565940380096,0.07059907168149948,0.0,0.0,0.0,0.0,0.0,0.0,0.0
1156578221,0,0.000135432681418024,-0.03618112578988075,-0.14487573504447937,0.000135432681418024,-0.03618112578988075,-0.14487573504447937,-0.0014350955607369542,0.0003871599037665874,-0.005730644799768925,0.0,0.0,0.0,-0.011744235642254353,-0.012627733871340752,-0.0046751843765378,0.0,0.0,-0.0046751843765378,-0.0005092576611787081,0.001884800847619772,0.0004293290839996189,0.0933619812130928,0.10039040446281433,7.989243022166193e-05,0.0,0.0,0.0,0.09383335709571838,0.09785301238298416,-0.0011147023178637028,0.00014783977530896664,-0.0929253026843071,-0.10108572244644165,-0.00026526732835918665,2.0,2.0,2.0,2.0,0.0,0.0,0.0,0.0,0.0,8.034770871745422e-05,8.034770144149661e-05,8.034770144149661e-05,8.0347694165539e-05,0.0,-0.11058233678340912,0.13246680796146393,-9.801183700561523,0.0,0.0,0.0,0.0,0.0,0.0,0.0,0.0,0.0,0.0,0.0,0.0,0.0,0.0,0.0,7.386660581687465e-05,7.386659126495942e-05,7.386659126495942e-05,7.386659126495942e-05,0.04114978387951851,0.04114978387951851,0.04114978387951851,0.04114978387951851,0.017383292317390442,0.06681565940380096,0.07059907168149948,0.0,0.0,0.0,0.0,0.0,0.0,0.0
1165945714,0,0.000135432681418024,-0.03618112578988075,-0.14487573504447937,0.0001454545126762241,-0.036144670099020004,-0.14489182829856873,-0.0014350955607369542,0.0003871599037665874,-0.005730644799768925,0.0,0.0,0.0,-0.011744235642254353,-0.012627733871340752,-0.0046751843765378,0.0,0.0,-0.004661862272769213,-0.0005092576611787081,0.001884800847619772,0.0004293290839996189,0.0933619812130928,0.10039040446281433,7.989243022166193e-05,0.0,0.0,0.0,0.09383335709571838,0.09785301238298416,-0.0011147023178637028,0.00014783977530896664,-0.0929253026843071,-0.10108572244644165,-0.00026526732835918665,2.0,2.0,2.0,2.0,0.0,0.0,0.0,0.0,0.0,8.034770871745422e-05,8.034770144149661e-05,8.034770144149661e-05,8.0347694165539e-05,0.0,-0.11058233678340912,0.13246680796146393,-9.801183700561523,0.0,0.0,0.0,0.0,0.0,0.0,0.0,0.0,0.0,0.0,0.0,0.0,0.0,0.0,0.0,7.582038961118087e-05,7.582037505926564e-05,7.582037505926564e-05,7.582037505926564e-05,0.04114978387951851,0.04114978387951851,0.04114978387951851,0.04114978387951851,0.017383292317390442,0.06681565940380096,0.07059907168149948,0.0,0.0,0.0,0.0,0.0,0.0,0.0
1176540421,0,0.0001454545126762241,-0.036144670099020004,-0.14489182829856873,0.0001454545126762241,-0.036144670099020004,-0.14489182829856873,-0.0013744559837505221,0.0003135246515739709,-0.005748159252107143,0.0,0.0,0.0,-0.011746530421078205,-0.012613069266080856,-0.0046618627384305,0.0,0.0,-0.004661862272769213,-0.0005067221354693174,0.002121964003890753,0.0017192861996591091,0.09357703477144241,0.10016830265522003,8.614375110482797e-05,0.0,0.0,0.0,0.094114750623703,0.09810054302215576,-0.0017342620994895697,0.00015359681856352836,-0.09295161068439484,-0.10102857649326324,-0.00023912129108794034,2.0,2.0,2.0,2.0,0.0,0.0,0.0,0.0,0.0,8.347655239049345e-05,8.347654511453584e-05,8.347653783857822e-05,8.347653056262061e-05,0.0,-0.1196676567196846,0.11956729739904404,-9.797558784484863,0.0,0.0,0.0,0.0,0.0,0.0,0.0,0.0,0.0,0.0,0.0,0.0,0.0,0.0,0.0,7.776103302603588e-05,7.776101847412065e-05,7.776101847412065e-05,7.776101847412065e-05,0.04114978387951851,0.04114978387951851,0.04114978387951851,0.04114978387951851,-0.0032790075056254864,-0.008714982308447361,0.03506609797477722,0.0,0.0,0.0,0.0,0.0,0.0,0.0
1192276677,0,0.0002136369002982974,-0.03612158074975014,-0.14492061734199524,0.0002136369002982974,-0.03612158074975014,-0.14492061734199524,-0.0011392809683457017,0.00016462711209896952,-0.005308008287101984,0.0,0.0,0.0,-0.011771058663725853,-0.0125956479460001,-0.004634730517864227,0.0,0.0,-0.004634730517864227,-0.0005067221354693174,0.002121964003890753,0.0017192861996591091,0.09357703477144241,0.10016830265522003,8.614375110482797e-05,0.0,0.0,0.0,0.094114750623703,0.09810054302215576,-0.0017342620994895697,0.00015359681856352836,-0.0930032730102539,-0.10091977566480637,-0.0001683961454546079,2.0,2.0,2.0,2.0,0.0,0.0,0.0,0.0,0.0,8.347655239049345e-05,8.347654511453584e-05,8.347653783857822e-05,8.347653056262061e-05,0.0,-0.1196676567196846,0.11956729739904404,-9.797558784484863,0.0,0.0,0.0,0.0,0.0,0.0,0.0,0.0,0.0,0.0,0.0,0.0,0.0,0.0,0.0,7.962579547893256e-05,7.962578092701733e-05,7.962578092701733e-05,7.962578092701733e-05,0.04114978387951851,0.04114978387951851,0.04114978387951851,0.04114978387951851,-0.0032790075056254864,-0.008714982308447361,0.03506609797477722,0.0,0.0,0.0,0.0,0.0,0.0,0.0
1196806845,0,0.0002136369002982974,-0.03612158074975014,-0.14492061734199524,0.0002136369002982974,-0.03612158074975014,-0.14492061734199524,-0.0011392809683457017,0.00016462711209896952,-0.005308008287101984,0.0,0.0,0.0,-0.011771058663725853,-0.0125956479460001,-0.004634730517864227,0.0,0.0,-0.004634730517864227,-3.111091791652143e-05,0.0018036403926089406,0.001788207096979022,0.09356743097305298,0.10005824267864227,7.986123091541231e-05,0.0,0.0,0.0,0.094114750623703,0.09810054302215576,-0.0017342620994895697,0.00015359681856352836,-0.0930032730102539,-0.10091977566480637,-0.0001683961454546079,2.0,2.0,2.0,2.0,0.0,0.0,0.0,0.0,0.0,8.347655239049345e-05,8.347654511453584e-05,8.347653783857822e-05,8.347653056262061e-05,0.0,-0.14209511876106262,0.13054874539375305,-9.814946174621582,0.0,0.0,0.0,0.0,0.0,0.0,0.0,0.0,0.0,0.0,0.0,0.0,0.0,0.0,0.0,8.125347812892869e-05,8.125346357701346e-05,8.125346357701346e-05,8.125346357701346e-05,0.04114978387951851,0.04114978387951851,0.04114978387951851,0.04114978387951851,0.022867456078529358,-0.018079634755849838,0.02161804586648941,0.0,0.0,0.0,0.0,0.0,0.0,0.0
1206410536,0,0.0002460501273162663,-0.036108799278736115,-0.14493457973003387,0.0002460501273162663,-0.036108799278736115,-0.14493457973003387,-0.0009748380398377776,0.0002641128085087985,-0.005186398513615131,0.0,0.0,0.0,-0.01175348088145256,-0.012569693848490715,-0.004625971894711256,0.0,0.0,-0.004625971429049969,0.00020769669208675623,0.0012676926562562585,0.000767463119700551,0.09339753538370132,0.10011399537324905,6.11540162935853e-05,0.0,0.0,0.0,0.09300560504198074,0.09903878718614578,-0.0002500235568732023,0.00015198715846054256,-0.09302110970020294,-0.10087985545396805,-0.0001370697282254696,2.0,2.0,2.0,2.0,0.0,0.0,0.0,0.0,0.0,8.260173490270972e-05,8.26017203507945e-05,8.260172762675211e-05,8.260171307483688e-05,0.0,-0.14209511876106262,0.13054874539375305,-9.814946174621582,0.0,0.0,0.0,0.0,0.0,0.0,0.0,0.0,0.0,0.0,0.0,0.0,0.0,0.0,0.0,8.242385229095817e-05,8.242383773904294e-05,8.242383773904294e-05,8.242383773904294e-05,0.04114978387951851,0.04114978387951851,0.04114978387951851,0.04114978387951851,0.024754343554377556,-0.035582754760980606,-0.03934748098254204,0.0,0.0,0.0,0.0,0.0,0.0,0.0
1216438962,0,0.0002460501273162663,-0.036108799278736115,-0.14493457973003387,0.0002460501273162663,-0.036108799278736115,-0.14493457973003387,-0.0009748380398377776,0.0002641128085087985,-0.005186398513615131,0.0,0.0,0.0,-0.01175348088145256,-0.012569693848490715,-0.004625971894711256,0.0,0.0,-0.004625971429049969,0.00020769669208675623,0.0012676926562562585,0.000767463119700551,0.09339753538370132,0.10011399537324905,6.11540162935853e-05,0.0,0.0,0.0,0.09300560504198074,0.09903878718614578,-0.0002500235568732023,0.00015198715846054256,-0.0930510088801384,-0.10081500560045242,-0.0001261378056369722,2.0,2.0,2.0,2.0,0.0,0.0,0.0,0.0015332031762227416,0.0,8.260173490270972e-05,8.26017203507945e-05,8.260172762675211e-05,8.260171307483688e-05,0.0,-0.14209511876106262,0.13054874539375305,-9.814946174621582,0.0,0.0,0.0,0.0,0.0,0.0,0.0,0.0,0.0,0.0,0.0,0.0,0.0,0.0,0.0,8.307263487949967e-05,8.307262032758445e-05,8.307262032758445e-05,8.307262032758445e-05,0.04114978387951851,0.04114978387951851,0.04114978387951851,0.04114978387951851,0.024754343554377556,-0.035582754760980606,-0.03934748098254204,0.0,0.0,0.0,0.0,0.0,0.0,0.0
1226288927,0,0.00034601095831021667,-0.03607896715402603,-0.14497298002243042,0.00034601095831021667,-0.03607896715402603,-0.14497298002243042,-0.0007247290341183543,0.00011116491805296391,-0.005173000507056713,0.0,0.0,0.0,-0.011781449429690838,-0.012608434073626995,-0.0046439506113529205,0.0,0.0,-0.004643950145691633,-0.0005103253060951829,-0.00012667759438045323,-0.0009096126304939389,0.09365765750408173,0.1002371609210968,6.889765791129321e-05,0.0,0.0,0.0,0.09364724159240723,0.10069842636585236,0.0010333603713661432,0.00014954277139622718,-0.0930510088801384,-0.10081500560045242,-0.0001261378056369722,2.0,2.0,2.0,2.0,0.0,0.0,0.0,0.0,0.0,8.127325418172404e-05,8.127324690576643e-05,8.127323962980881e-05,8.127323962980881e-05,0.0,-0.13503442704677582,0.11583641171455383,-9.809419631958008,0.0,0.0,0.0,0.0,0.0,0.0,0.0,0.0,0.0,0.0,0.0,0.0,0.0,0.0,0.0,8.324353984789923e-05,8.324351802002639e-05,8.324351802002639e-05,8.324351802002639e-05,0.04114978387951851,0.04114978387951851,0.04114978387951851,0.04114978387951851,-0.02612179145216942,-0.02914409525692463,-0.036140076816082,0.0,0.0,0.0,0.0,0.0,0.0,0.0
1236151883,0,0.00034601095831021667,-0.03607896715402603,-0.14497298002243042,0.0004066068213433027,-0.03597741574048996,-0.14500027894973755,-0.0007247290341183543,0.00011116491805296391,-0.005173000507056713,0.0,0.0,0.0,-0.011781449429690838,-0.012608434073626995,-0.0046439506113529205,0.0,0.0,-0.0046722120605409145,-0.0005103253060951829,-0.00012667759438045323,-0.0009096126304939389,0.09365765750408173,0.1002371609210968,6.889765791129321e-05,0.0,0.0,0.0,0.09445803612470627,0.10065661370754242,0.000945250503718853,0.0001493615418439731,-0.0930938571691513,-0.10078030824661255,-0.00015303154941648245,2.0,2.0,2.0,2.0,0.0,0.0,0.0,0.0,0.0,8.117476681945845e-05,8.117475226754323e-05,8.117475226754323e-05,8.117474499158561e-05,0.0,-0.13503442704677582,0.11583641171455383,-9.809419631958008,0.0,0.0,0.0,0.0,0.0,0.0,0.0,0.0,0.0,0.0,0.0,0.0,0.0,0.0,0.0,8.302076457766816e-05,8.302074274979532e-05,8.302074274979532e-05,8.302074274979532e-05,0.04114978387951851,0.04114978387951851,0.04114978387951851,0.04114978387951851,-0.02612179145216942,-0.02914409525692463,-0.036140076816082,0.0,0.0,0.0,0.0,0.0,0.0,0.0
1246092326,0,0.0004137724172323942,-0.035930465906858444,-0.14501385390758514,0.0004137724172323942,-0.035930465906858444,-0.14501385390758514,-0.0009550762479193509,-0.000346887216437608,-0.00572015717625618,0.0,0.0,0.0,-0.01175717357546091,-0.012623908929526806,-0.004684790503233671,0.0,0.0,-0.004684790037572384,-0.0009425348835065961,-0.0003442702873144299,-0.0008630661759525537,0.09352396428585052,0.10017964243888855,8.649729716125876e-05,0.0,0.0,0.0,0.09445803612470627,0.10065661370754242,0.000945250503718853,0.0001493615418439731,-0.0930938571691513,-0.10078030824661255,-0.00015303154941648245,2.0,2.0,2.0,2.0,0.0,0.0,0.0,0.0,0.0,8.117476681945845e-05,8.117475226754323e-05,8.117475226754323e-05,8.117474499158561e-05,0.0,-0.11610869318246841,0.10191313922405243,-9.824179649353027,0.0,0.0,0.0,0.0,0.0,0.0,0.0,0.0,0.0,0.0,0.0,0.0,0.0,0.0,0.0,8.257510489784181e-05,8.25750976218842e-05,8.257509034592658e-05,8.257508306996897e-05,0.04114978387951851,0.04114978387951851,0.04114978387951851,0.04114978387951851,-0.03297857567667961,-0.027614330872893333,-0.01526374276727438,0.0,0.0,0.0,0.0,0.0,0.0,0.0
1256118405,0,0.0004137724172323942,-0.035930465906858444,-0.14501385390758514,0.0004137724172323942,-0.035930465906858444,-0.14501385390758514,-0.0009550762479193509,-0.000346887216437608,-0.00572015717625618,0.0,0.0,0.0,-0.01175717357546091,-0.012623908929526806,-0.004684790503233671,0.0,0.0,-0.004684790037572384,-0.0008608808275312185,-0.00042354382458142936,-0.0011024862760677934,0.09346526861190796,0.10035964101552963,0.00010414481221232563,0.0,0.0,0.0,0.09460511058568954,0.10103024542331696,0.0009684600518085063,0.0001507029664935544,-0.09312079846858978,-0.10076773166656494,-0.00016504983068443835,2.0,2.0,2.0,2.0,0.0,0.0,0.0,0.0,0.0,8.190379594452679e-05,8.190378866856918e-05,8.190378139261156e-05,8.190378139261156e-05,0.0,-0.11610869318246841,0.10191313922405243,-9.824179649353027,0.0,0.0,0.0,0.0,0.0,0.0,0.0,0.0,0.0,0.0,0.0,0.0,0.0,0.0,0.0,8.21311550680548e-05,8.213116234401241e-05,8.213114779209718e-05,8.213113324018195e-05,0.04114978387951851,0.04114978387951851,0.04114978387951851,0.04114978387951851,-0.012440797872841358,-0.01704474166035652,-0.022018061950802803,0.0,0.0,0.0,0.0,0.0,0.0,0.0
1266256517,0,0.0004137724172323942,-0.035930465906858444,-0.14501385390758514,0.0004137724172323942,-0.035930465906858444,-0.14501385390758514,-0.0009550762479193509,-0.000346887216437608,-0.00572015717625618,0.0,0.0,0.0,-0.01175717357546091,-0.012623908929526806,-0.004684790503233671,0.0,0.0,-0.004684790037572384,-0.0008608808275312185,-0.00042354382458142936,-0.0011024862760677934,0.09346526861190796,0.10035964101552963,0.00010414481221232563,0.0,0.0,0.0,0.09460511058568954,0.10103024542331696,0.0009684600518085063,0.0001507029664935544,-0.09317439794540405,-0.10073238611221313,-0.00020538439275696874,2.0,2.0,2.0,2.0,0.0,0.0,0.0,0.0,0.0,8.190379594452679e-05,8.190378866856918e-05,8.190378139261156e-05,8.190378139261156e-05,0.0,-0.11610869318246841,0.10191313922405243,-9.824179649353027,0.0,0.0,0.0,0.0,0.0,0.0,0.0,0.0,0.0,0.0,0.0,0.0,0.0,0.0,0.0,8.183722820831463e-05,8.183724276022986e-05,8.183722093235701e-05,8.183720638044178e-05,0.04114978387951851,0.04114978387951851,0.04114978387951851,0.04114978387951851,-0.012440797872841358,-0.01704474166035652,-0.022018061950802803,0.0,0.0,0.0,0.0,0.0,0.0,0.0
1276280234,0,0.00042778102215379477,-0.03583931922912598,-0.14504504203796387,0.00042778102215379477,-0.03583931922912598,-0.14504504203796387,-0.0008398232166655362,-0.0006045534973964095,-0.0056535727344453335,0.0,0.0,0.0,-0.01175636611878872,-0.012583511881530285,-0.0047169518657028675,0.0,0.0,-0.0047169518657028675,0.00011991607607342303,0.0015339100500568748,-0.00017296271107625216,0.09324301779270172,0.09992482513189316,7.099661161191761e-05,0.0,0.0,0.0,0.09271955490112305,0.09739813953638077,0.0005428915028460324,0.00015404063742607832,-0.09317439794540405,-0.10073238611221313,-0.00020538439275696874,2.0,2.0,2.0,2.0,0.0,0.0,0.0,0.0,0.0,8.371775766136125e-05,8.371774310944602e-05,8.371775038540363e-05,8.37177358334884e-05,0.0,-0.1304929405450821,0.10603481531143188,-9.813197135925293,0.0,0.0,0.0,0.0,0.0,0.0,0.0,0.0,0.0,0.0,0.0,0.0,0.0,0.0,0.0,8.17886320874095e-05,8.178864663932472e-05,8.178862481145188e-05,8.178861025953665e-05,0.04114978387951851,0.04114978387951851,0.04114978387951851,0.04114978387951851,0.012134991586208344,0.032768215984106064,0.03945377469062805,0.0,0.0,0.0,0.0,0.0,0.0,0.0
1286134528,0,0.00044275366235524416,-0.035752877593040466,-0.1450745016336441,0.00044275366235524416,-0.035752877593040466,-0.1450745016336441,-0.0006791590712964535,-0.0004420206823851913,-0.0054522547870874405,0.0,0.0,0.0,-0.011763539165258408,-0.012575053609907627,-0.004713153932243586,0.0,0.0,-0.004713153932243586,0.00011991607607342303,0.0015339100500568748,-0.00017296271107625216,0.09324301779270172,0.09992482513189316,7.099661161191761e-05,0.0,0.0,0.0,0.09327422082424164,0.09811003506183624,-0.00036172731779515743,0.00015639577759429812,-0.09317439794540405,-0.10073238611221313,-0.00020538439275696874,2.0,2.0,2.0,2.0,0.0,0.0,0.0,0.0,0.0,8.499770774506032e-05,8.499770046910271e-05,8.49976931931451e-05,8.49976931931451e-05,0.0,-0.13028712570667267,0.12916205823421478,-9.802958488464355,0.0,0.0,0.0,0.0,0.0,0.0,0.0,0.0,0.0,0.0,0.0,0.0,0.0,0.0,0.0,8.20960704004392e-05,8.209607767639682e-05,8.209606312448159e-05,8.209604857256636e-05,0.04114978387951851,0.04114978387951851,0.04114978387951851,0.04114978387951851,0.012134991586208344,0.032768215984106064,0.03945377469062805,0.0,0.0,0.0,0.0,0.0,0.0,0.0
1300625882,0,0.00047932902816683054,-0.03578262776136398,-0.14509794116020203,0.00047932902816683054,-0.03578262776136398,-0.14509794116020203,-0.0009494510595686734,-0.00018648896366357803,-0.005354118533432484,0.0,0.0,0.0,-0.011734528467059135,-0.012594508938491344,-0.004670691676437855,0.0,0.0,-0.004670691676437855,-3.728187584783882e-05,0.0008434159681200981,0.0006909221410751343,0.0933622196316719,0.10000120103359222,5.7848905271384865e-05,0.0,0.0,0.0,0.09327422082424164,0.09811003506183624,-0.00036172731779515743,0.00015639577759429812,-0.09320336580276489,-0.10065031051635742,-0.00021712275338359177,2.0,2.0,2.0,2.0,0.0,0.0,0.0,0.0,0.0,8.499770774506032e-05,8.499770046910271e-05,8.49976931931451e-05,8.49976931931451e-05,0.0,-0.13028712570667267,0.12916205823421478,-9.802958488464355,0.0,0.0,0.0,0.0,0.0,0.0,0.0,0.0,0.0,0.0,0.0,0.0,0.0,0.0,0.0,8.272365084849298e-05,8.272365084849298e-05,8.272364357253537e-05,8.272362902062014e-05,0.04114978387951851,0.04114978387951851,0.04114978387951851,0.04114978387951851,-0.000335093354806304,-0.013792750425636768,0.06331124156713486,0.0,0.0,0.0,0.0,0.0,0.0,0.0
1306471872,0,0.00047932902816683054,-0.03578262776136398,-0.14509794116020203,0.00047932902816683054,-0.03578262776136398,-0.14509794116020203,-0.0009494510595686734,-0.00018648896366357803,-0.005354118533432484,0.0,0.0,0.0,-0.011734528467059135,-0.012594508938491344,-0.004670691676437855,0.0,0.0,-0.004670691676437855,0.0008554895175620914,-0.00013644929276779294,0.0010912466095760465,0.09328515827655792,0.10012601315975189,9.727325232233852e-05,0.0,0.0,0.0,0.09288730472326279,0.1006985530257225,-0.00140070216730237,0.00015930710651446134,-0.09322626143693924,-0.10060688108205795,-0.00017556060629431158,2.0,2.0,2.0,2.0,0.0,0.0,0.0,0.0,0.0,8.65799593157135e-05,8.657994476379827e-05,8.657994476379827e-05,8.657993021188304e-05,0.0,-0.14614319801330566,0.13067960739135742,-9.803438186645508,0.0,0.0,0.0,0.0,0.0,0.0,0.0,0.0,0.0,0.0,0.0,0.0,0.0,0.0,0.0,8.352492295671254e-05,8.352491568075493e-05,8.352490840479732e-05,8.35249011288397e-05,0.04114978387951851,0.04114978387951851,0.04114978387951851,0.04114978387951851,0.03408183157444,-0.025532543659210205,0.023088714107871056,0.0,0.0,0.0,0.0,0.0,0.0,0.0
1316114588,0,0.00047932902816683054,-0.03578262776136398,-0.14509794116020203,0.00047932902816683054,-0.03578262776136398,-0.14509794116020203,-0.0009494510595686734,-0.00018648896366357803,-0.005354118533432484,0.0,0.0,0.0,-0.011734528467059135,-0.012594508938491344,-0.004670691676437855,0.0,0.0,-0.004670691676437855,0.0008554895175620914,-0.00013644929276779294,0.0010912466095760465,0.09328515827655792,0.10012601315975189,9.727325232233852e-05,0.0,0.0,0.0,0.09202716499567032,0.10040488839149475,-0.0011470530880615115,0.0001594530331203714,-0.09322703629732132,-0.10059040039777756,-0.00015238950436469167,2.0,2.0,2.0,2.0,0.0,0.0,0.0,0.0,0.0,8.665928180562332e-05,8.665924542583525e-05,8.665925997775048e-05,8.665923814987764e-05,0.0,-0.14614319801330566,0.13067960739135742,-9.803438186645508,0.0,0.0,0.0,0.0,0.0,0.0,0.0,0.0,0.0,0.0,0.0,0.0,0.0,0.0,0.0,8.441340469289571e-05,8.441339014098048e-05,8.441338286502287e-05,8.441338286502287e-05,0.04114978387951851,0.04114978387951851,0.04114978387951851,0.04114978387951851,0.03408183157444,-0.025532543659210205,0.023088714107871056,0.0,0.0,0.0,0.0,0.0,0.0,0.0
1335918524,0,0.0005332465516403317,-0.035925306379795074,-0.14512290060520172,0.0005332465516403317,-0.035925306379795074,-0.14512290060520172,-0.0009561382466927171,-0.0006308417650870979,-0.0060211410745978355,0.0,0.0,0.0,-0.01171934325248003,-0.012608791701495647,-0.004652609117329121,0.0,0.0,-0.004652609117329121,0.0007984348339959979,0.000253071979386732,4.189328319625929e-05,0.09316428750753403,0.10023970156908035,8.857381908455864e-05,0.0,0.0,0.0,0.09252630919218063,0.09977145493030548,0.00020265135390218347,0.00015804347640369087,-0.09322703629732132,-0.10059040039777756,-0.00015238950436469167,2.0,2.0,2.0,2.0,0.0,0.0,0.0,0.0,0.0,8.589319622842595e-05,8.589318895246834e-05,8.589318895246834e-05,8.589318167651072e-05,0.0,-0.1391441375017166,0.14269649982452393,-9.819259643554688,0.0,0.0,0.0,0.0,0.0,0.0,0.0,0.0,0.0,0.0,0.0,0.0,0.0,0.0,0.0,8.522580174030736e-05,8.52257726364769e-05,8.52257726364769e-05,8.52257726364769e-05,0.04114978387951851,0.04114978387951851,0.04114978387951851,0.04114978387951851,-0.002287662122398615,0.004550613462924957,-0.03303433954715729,0.0,0.0,0.0,0.0,0.0,0.0,0.0
1338356853,0,0.0005332465516403317,-0.035925306379795074,-0.14512290060520172,0.0005859857192263007,-0.036041852086782455,-0.14515087008476257,-0.0009561382466927171,-0.0006308417650870979,-0.0060211410745978355,0.0,0.0,0.0,-0.01171934325248003,-0.012608791701495647,-0.004652609117329121,0.0,0.0,-0.0046657598577439785,0.0007984348339959979,0.000253071979386732,4.189328319625929e-05,0.09316428750753403,0.10023970156908035,8.857381908455864e-05,0.0,0.0,0.0,0.09252630919218063,0.09977145493030548,0.00020265135390218347,0.00015804347640369087,-0.09322703629732132,-0.10059040039777756,-0.00015238950436469167,2.0,2.0,2.0,2.0,0.0,0.0,0.0,0.0,0.0,8.589319622842595e-05,8.589318895246834e-05,8.589318895246834e-05,8.589318167651072e-05,0.0,-0.1391441375017166,0.14269649982452393,-9.819259643554688,0.0,0.0,0.0,0.0,0.0,0.0,0.0,0.0,0.0,0.0,0.0,0.0,0.0,0.0,0.0,8.578383858548477e-05,8.578379492973909e-05,8.57838022056967e-05,8.57838022056967e-05,0.04114978387951851,0.04114978387951851,0.04114978387951851,0.04114978387951851,-0.002287662122398615,0.004550613462924957,-0.03303433954715729,0.0,0.0,0.0,0.0,0.0,0.0,0.0
1349277383,0,0.0005859857192263007,-0.036041852086782455,-0.14515087008476257,0.0005859857192263007,-0.036041852086782455,-0.14515087008476257,-0.0009327430743724108,-0.0011096473317593336,-0.006075663026422262,0.0,0.0,0.0,-0.011710611172020435,-0.012595624662935734,-0.004665760323405266,0.0,0.0,-0.0046657598577439785,0.0005846143467351794,0.00020915626373607665,-0.00020975680672563612,0.0932973176240921,0.10004983097314835,9.31753747863695e-05,0.0,0.0,0.0,0.09252630919218063,0.09977145493030548,0.00020265135390218347,0.00015804347640369087,-0.09322391450405121,-0.10055402666330338,-0.00013758562272414565,2.0,2.0,2.0,2.0,0.0,0.0,0.0,0.0,0.0,8.589319622842595e-05,8.589318895246834e-05,8.589318895246834e-05,8.589318167651072e-05,0.0,-0.1391441375017166,0.14269649982452393,-9.819259643554688,0.0,0.0,0.0,0.0,0.0,0.0,0.0,0.0,0.0,0.0,0.0,0.0,0.0,0.0,0.0,8.607845666119829e-05,8.60784130054526e-05,8.607842755736783e-05,8.607842755736783e-05,0.04114978387951851,0.04114978387951851,0.04114978387951851,0.04114978387951851,-0.01186304073780775,0.0007731489604339004,-0.02640506997704506,0.0,0.0,0.0,0.0,0.0,0.0,0.0
1356152651,0,0.0006117777666077018,-0.036087919026613235,-0.14516527950763702,0.0006117777666077018,-0.036087919026613235,-0.14516527950763702,-0.0007017265888862312,-0.0012075691483914852,-0.005966577213257551,0.0,0.0,0.0,-0.011717302724719048,-0.012583878822624683,-0.0046722497791051865,0.0,0.0,-0.004672249313443899,0.0007121016969904304,-0.00035614779335446656,-0.0005640021990984678,0.09312327206134796,0.10025769472122192,9.487637726124376e-05,0.0,0.0,0.0,0.09244576096534729,0.10087767243385315,0.0006494629196822643,0.0001569339365232736,-0.09322510659694672,-0.10053399950265884,-0.00014013877080287784,2.0,2.0,2.0,2.0,0.0,0.0,0.0,0.0015332031762227416,0.0,8.52902012411505e-05,8.529018668923527e-05,8.529018668923527e-05,8.529017941327766e-05,0.0,-0.12808893620967865,0.12809525430202484,-9.834413528442383,0.0,0.0,0.0,0.0,0.0,0.0,0.0,0.0,0.0,0.0,0.0,0.0,0.0,0.0,0.0,8.616135164629668e-05,8.6161307990551e-05,8.616132981842384e-05,8.616132981842384e-05,0.04114978387951851,0.04114978387951851,0.04114978387951851,0.04114978387951851,-0.0034592137672007084,-0.02638358622789383,-0.03122379258275032,0.0,0.0,0.0,0.0,0.0,0.0,0.0
1366041154,0,0.0006117777666077018,-0.036087919026613235,-0.14516527950763702,0.0006117777666077018,-0.036087919026613235,-0.14516527950763702,-0.0007017265888862312,-0.0012075691483914852,-0.005966577213257551,0.0,0.0,0.0,-0.011717302724719048,-0.012583878822624683,-0.0046722497791051865,0.0,0.0,-0.004672249313443899,0.0009249484864994884,-0.0004358002042863518,-0.0008819619542919099,0.09312327206134796,0.10025769472122192,9.487637726124376e-05,0.0,0.0,0.0,0.09209730476140976,0.1009683683514595,0.0009172225836664438,0.0001568929001223296,-0.0932234451174736,-0.10051777958869934,-0.00015256876940838993,2.0,2.0,2.0,2.0,0.0,0.0,0.0,0.0,0.0,8.526789315510541e-05,8.526787860319018e-05,8.526787860319018e-05,8.526787132723257e-05,0.0,-0.12808893620967865,0.12809525430202484,-9.834413528442383,0.0,0.0,0.0,0.0,0.0,0.0,0.0,0.0,0.0,0.0,0.0,0.0,0.0,0.0,0.0,8.606816118117422e-05,8.606811752542853e-05,8.606814662925899e-05,8.606813935330138e-05,0.04114978387951851,0.04114978387951851,0.04114978387951851,0.04114978387951851,0.007244445849210024,-0.01995760388672352,-0.03490765020251274,0.0,0.0,0.0,0.0,0.0,0.0,0.0
1375756366,0,0.0006401214050129056,-0.03617759421467781,-0.14519771933555603,0.0006447549094446003,-0.036267489194869995,-0.14523035287857056,-0.0006024972535669804,-0.0011899881064891815,-0.005860379431396723,0.0,0.0,0.0,-0.011734520085155964,-0.012596171349287033,-0.004687618464231491,0.0,0.0,-0.00468458142131567,6.271712481975555e-05,-0.0014029359444975853,0.0002460243704263121,0.09291423112154007,0.10033834725618362,8.482407429255545e-05,0.0,0.0,0.0,0.09209730476140976,0.1009683683514595,0.0009172225836664438,0.0001568929001223296,-0.0932234451174736,-0.10051777958869934,-0.00015256876940838993,2.0,2.0,2.0,2.0,0.0,0.0,0.0,0.0,0.0,8.526789315510541e-05,8.526787860319018e-05,8.526787860319018e-05,8.526787132723257e-05,0.0,-0.12479940056800842,0.12471833825111389,-9.823005676269531,0.0,0.0,0.0,0.0,0.0,0.0,0.0,0.0,0.0,0.0,0.0,0.0,0.0,0.0,0.0,8.587569027440622e-05,8.587563934270293e-05,8.587566844653338e-05,8.587566117057577e-05,0.04114978387951851,0.04114978387951851,0.04114978387951851,0.04114978387951851,-0.03521066904067993,-0.05119246616959572,0.029792707413434982,0.0,0.0,0.0,0.0,0.0,0.0,0.0
1389257343,0,0.0006447549094446003,-0.036267489194869995,-0.14523035287857056,0.0006447549094446003,-0.036267489194869995,-0.14523035287857056,-0.0007081884541548789,-0.0010301112197339535,-0.006190035957843065,0.0,0.0,0.0,-0.011746075935661793,-0.012629937380552292,-0.004684581886976957,0.0,0.0,-0.00468458142131567,-0.0005340029019862413,-0.0015669222921133041,0.0004930365830659866,0.09337673336267471,0.10040789097547531,8.509767212672159e-05,0.0,0.0,0.0,0.09442944824695587,0.10233169794082642,-0.000737483671400696,0.00015683670062571764,-0.09323234856128693,-0.10052329301834106,-0.00014381622895598412,2.0,2.0,2.0,2.0,0.0,0.0,0.0,0.0,0.0,8.523735596099868e-05,8.523733413312584e-05,8.523734140908346e-05,8.523732685716823e-05,0.0,-0.12479940056800842,0.12471833825111389,-9.823005676269531,0.0,0.0,0.0,0.0,0.0,0.0,0.0,0.0,0.0,0.0,0.0,0.0,0.0,0.0,0.0,8.566746691940352e-05,8.566742326365784e-05,8.566743781557307e-05,8.566743781557307e-05,0.04114978387951851,0.04114978387951851,0.04114978387951851,0.04114978387951851,-0.05187087506055832,-0.0356881357729435,0.027469277381896973,0.0,0.0,0.0,0.0,0.0,0.0,0.0
1395834370,0,0.000649352790787816,-0.03639860823750496,-0.1452651470899582,0.000649352790787816,-0.03639860823750496,-0.1452651470899582,-0.0007475096499547362,-0.001234299037605524,-0.006456926465034485,0.0,0.0,0.0,-0.011743556708097458,-0.012570851482450962,-0.004699850454926491,0.0,0.0,-0.004699850454926491,-0.0005340029019862413,-0.0015669222921133041,0.0004930365830659866,0.0933566763997078,0.09993815422058105,8.279143366962671e-05,0.0,0.0,0.0,0.09442944824695587,0.10233169794082642,-0.000737483671400696,0.00015683670062571764,-0.09326457977294922,-0.10053334385156631,-0.00013545968977268785,2.0,2.0,2.0,2.0,0.0,0.0,0.0,0.0,0.0,8.523735596099868e-05,8.523733413312584e-05,8.523734140908346e-05,8.523732685716823e-05,0.0,-0.12479940056800842,0.12471833825111389,-9.823005676269531,0.0,0.0,0.0,0.0,0.0,0.0,0.0,0.0,0.0,0.0,0.0,0.0,0.0,0.0,0.0,8.548709593014792e-05,8.548706682631746e-05,8.548706682631746e-05,8.548706682631746e-05,0.04114978387951851,0.04114978387951851,0.04114978387951851,0.04114978387951851,-0.05187087506055832,-0.0356881357729435,0.027469277381896973,0.0,0.0,0.0,0.0,0.0,0.0,0.0
1406633104,0,0.000649352790787816,-0.03639860823750496,-0.1452651470899582,0.000649352790787816,-0.03639860823750496,-0.1452651470899582,-0.0007475096499547362,-0.001234299037605524,-0.006456926465034485,0.0,0.0,0.0,-0.011743556708097458,-0.012570851482450962,-0.004699850454926491,0.0,0.0,-0.004699850454926491,-0.000638703815639019,0.0004030366544611752,-0.00030677710310555995,0.0933566763997078,0.09993815422058105,8.279143366962671e-05,0.0,0.0,0.0,0.09444795548915863,0.09872252494096756,0.0002922876738011837,0.00015579887258354574,-0.09326457977294922,-0.10053334385156631,-0.00013545968977268785,2.0,2.0,2.0,2.0,0.0,0.0,0.0,0.0015332031762227416,0.0,8.467330189887434e-05,8.467330189887434e-05,8.467328734695911e-05,8.467328734695911e-05,0.0,-0.11747585237026215,0.11704922467470169,-9.821074485778809,0.0,0.0,0.0,0.0,0.0,0.0,0.0,0.0,0.0,0.0,0.0,0.0,0.0,0.0,0.0,8.532628271495923e-05,8.5326268163044e-05,8.5326268163044e-05,8.532626088708639e-05,0.04114978387951851,0.04114978387951851,0.04114978387951851,0.04114978387951851,-0.016841946169734,0.07773276418447495,-0.015328983776271343,0.0,0.0,0.0,0.0,0.0,0.0,0.0
1418682189,0,0.0006540805916301906,-0.036484260112047195,-0.14529384672641754,0.0006540805916301906,-0.036484260112047195,-0.14529384672641754,-0.0007823300547897816,-0.0014367327094078064,-0.006185117643326521,0.0,0.0,0.0,-0.01175690721720457,-0.01259863842278719,-0.004675065167248249,0.0,0.0,-0.004675065167248249,-7.415709842462093e-05,0.00015022170555312186,0.00017058764933608472,0.0933566763997078,0.09993815422058105,8.279143366962671e-05,0.0,0.0,0.0,0.09341956675052643,0.10001669079065323,-0.0004898045444861054,0.00015515972336288542,-0.09326457977294922,-0.10053334385156631,-0.00013545968977268785,2.0,2.0,2.0,2.0,0.0,0.0,0.0,0.0,0.0,8.432596223428845e-05,8.432594768237323e-05,8.432594768237323e-05,8.432594040641561e-05,0.0,-0.11747585237026215,0.11704922467470169,-9.821074485778809,0.0,0.0,0.0,0.0,0.0,0.0,0.0,0.0,0.0,0.0,0.0,0.0,0.0,0.0,0.0,8.513669308740646e-05,8.513669308740646e-05,8.513669308740646e-05,8.513667125953361e-05,0.04114978387951851,0.04114978387951851,0.04114978387951851,0.04114978387951851,0.017652861773967743,0.019933898001909256,0.010444455780088902,0.0,0.0,0.0,0.0,0.0,0.0,0.0
1426922847,0,0.0006540805916301906,-0.036484260112047195,-0.14529384672641754,0.0006540805916301906,-0.036484260112047195,-0.14529384672641754,-0.0007823300547897816,-0.0014367327094078064,-0.006185117643326521,0.0,0.0,0.0,-0.01175690721720457,-0.01259863842278719,-0.004675065167248249,0.0,0.0,-0.004675065167248249,-0.00027213257271796465,6.517014116980135e-05,0.0013909409753978252,0.09346289932727814,0.10015895962715149,8.933758363127708e-05,0.0,0.0,0.0,0.09341956675052643,0.10001669079065323,-0.0004898045444861054,0.00015515972336288542,-0.09329257160425186,-0.10050193965435028,-0.00013077983749099076,2.0,2.0,2.0,2.0,0.0,0.0,0.0,0.0,0.0,8.432596223428845e-05,8.432594768237323e-05,8.432594768237323e-05,8.432594040641561e-05,0.0,-0.11816101521253586,0.12114214897155762,-9.783469200134277,0.0,0.0,0.0,0.0,0.0,0.0,0.0,0.0,0.0,0.0,0.0,0.0,0.0,0.0,0.0,8.490986510878429e-05,8.49098723847419e-05,8.49098723847419e-05,8.490984328091145e-05,0.04114978387951851,0.04114978387951851,0.04114978387951851,0.04114978387951851,0.001982826041057706,0.008694352582097054,0.05801726505160332,0.0,0.0,0.0,0.0,0.0,0.0,0.0
1438214236,0,0.0006561429472640157,-0.03652488440275192,-0.14530515670776367,0.0006561429472640157,-0.03652488440275192,-0.14530515670776367,-0.0006771915941499174,-0.0015224828384816647,-0.0059349071234464645,0.0,0.0,0.0,-0.011774259619414806,-0.012606969103217125,-0.004639070946723223,0.0,0.0,-0.00463907141238451,-0.00027213257271796465,6.517014116980135e-05,0.0013909409753978252,0.09365788102149963,0.10007995367050171,7.707544136792421e-05,0.0,0.0,0.0,0.09391018748283386,0.09992784261703491,-0.0017198353307321668,0.0001542635727673769,-0.09330581873655319,-0.10048872977495193,-0.00011012468894477934,2.0,2.0,2.0,2.0,0.0,0.0,0.0,0.0,0.0,8.383891690755263e-05,8.383889507967979e-05,8.38389023556374e-05,8.383889507967979e-05,0.0,-0.13374273478984833,0.12049393355846405,-9.819045066833496,0.0,0.0,0.0,0.0,0.0,0.0,0.0,0.0,0.0,0.0,0.0,0.0,0.0,0.0,0.0,8.466809231322259e-05,8.46680995891802e-05,8.46680995891802e-05,8.466807776130736e-05,0.04114978387951851,0.04114978387951851,0.04114978387951851,0.04114978387951851,0.001982826041057706,0.008694352582097054,0.05801726505160332,0.0,0.0,0.0,0.0,0.0,0.0,0.0
1454252249,0,0.0006588050164282322,-0.036607950925827026,-0.14532439410686493,0.0006588050164282322,-0.036607950925827026,-0.14532439410686493,-0.0007411937694996595,-0.0016086307587102056,-0.005319617222994566,0.0,0.0,0.0,-0.011806567199528217,-0.012571211904287338,-0.004609512630850077,0.0,0.0,-0.004609512630850077,-0.000610163202509284,0.0008925244910642505,0.0018639861373230815,0.09385757148265839,0.09994107484817505,8.096131205093116e-05,0.0,0.0,0.0,0.09461285173892975,0.09877758473157883,-0.0018854469526559114,0.0001511081645730883,-0.09330581873655319,-0.10048872977495193,-0.00011012468894477934,2.0,2.0,2.0,2.0,0.0,0.0,0.0,0.0,0.0,8.21240246295929e-05,8.212401007767767e-05,8.212401735363528e-05,8.212400280172005e-05,0.0,-0.13374273478984833,0.12049393355846405,-9.819045066833496,0.0,0.0,0.0,0.0,0.0,0.0,0.0,0.0,0.0,0.0,0.0,0.0,0.0,0.0,0.0,8.43395318952389e-05,8.433953917119652e-05,8.433953917119652e-05,8.433952461928129e-05,0.04114978387951851,0.04114978387951851,0.04114978387951851,0.04114978387951851,-0.014511344954371452,0.027096226811408997,0.03970701992511749,0.0,0.0,0.0,0.0,0.0,0.0,0.0
1458910934,0,0.0006588050164282322,-0.036607950925827026,-0.14532439410686493,0.0006588050164282322,-0.036607950925827026,-0.14532439410686493,-0.0007411937694996595,-0.0016086307587102056,-0.005319617222994566,0.0,0.0,0.0,-0.011806567199528217,-0.012571211904287338,-0.004609512630850077,0.0,0.0,-0.004609512630850077,-0.000610163202509284,0.0008925244910642505,0.0018639861373230815,0.09385757148265839,0.09994107484817505,8.096131205093116e-05,0.0,0.0,0.0,0.09461285173892975,0.09877758473157883,-0.0018854469526559114,0.0001511081645730883,-0.09335383027791977,-0.10041001439094543,-2.5972258299589157e-07,2.0,2.0,2.0,2.0,0.0,0.0,0.0,0.0,0.0,8.21240246295929e-05,8.212401007767767e-05,8.212401735363528e-05,8.212400280172005e-05,0.0,-0.1245061457157135,0.11843950301408768,-9.773365020751953,0.0,0.0,0.0,0.0,0.0,0.0,0.0,0.0,0.0,0.0,0.0,0.0,0.0,0.0,0.0,8.384823013329878e-05,8.384823013329878e-05,8.384823013329878e-05,8.384823013329878e-05,0.04114978387951851,0.04114978387951851,0.04114978387951851,0.04114978387951851,-0.014511344954371452,0.027096226811408997,0.03970701992511749,0.0,0.0,0.0,0.0,0.0,0.0,0.0
1465919991,0,0.000655019364785403,-0.0366942398250103,-0.14534074068069458,0.000655019364785403,-0.0366942398250103,-0.14534074068069458,-0.0013064021477475762,-0.0016854958375915885,-0.005761157721281052,0.0,0.0,0.0,-0.011794260703027248,-0.012562686577439308,-0.004592468962073326,0.0,0.0,-0.004592468962073326,-0.00024100916925817728,0.00037277600495144725,0.0013113348977640271,0.0937596932053566,0.09987334907054901,7.734792598057538e-05,0.0,0.0,0.0,0.09419433772563934,0.0997854620218277,-0.0009951104875653982,0.00013938390475232154,-0.09335383027791977,-0.10041001439094543,-2.5972258299589157e-07,2.0,2.0,2.0,2.0,0.0,0.0,0.0,0.0,0.0,7.575213385280222e-05,7.575211930088699e-05,7.575211930088699e-05,7.575211202492937e-05,0.0,-0.15286235511302948,0.11279767751693726,-9.83283519744873,0.0,0.0,0.0,0.0,0.0,0.0,0.0,0.0,0.0,0.0,0.0,0.0,0.0,0.0,0.0,8.299449109472334e-05,8.299449109472334e-05,8.299449109472334e-05,8.299449837068096e-05,0.04114978387951851,0.04114978387951851,0.04114978387951851,0.04114978387951851,-0.002130351960659027,-0.019394855946302414,-0.009030857123434544,0.0,0.0,0.0,0.0,0.0,0.0,0.0
1476142055,0,0.000655019364785403,-0.0366942398250103,-0.14534074068069458,0.000655019364785403,-0.0366942398250103,-0.14534074068069458,-0.0013064021477475762,-0.0016854958375915885,-0.005761157721281052,0.0,0.0,0.0,-0.011794260703027248,-0.012562686577439308,-0.004592468962073326,0.0,0.0,-0.004592468962073326,-0.00024100916925817728,0.00037277600495144725,0.0013113348977640271,0.0937596932053566,0.09987334907054901,7.734792598057538e-05,0.0,0.0,0.0,0.09419433772563934,0.0997854620218277,-0.0009951104875653982,0.00013938390475232154,-0.09337478876113892,-0.10037378966808319,4.644546424970031e-05,2.0,2.0,2.0,2.0,0.0,0.0,0.0,0.0,0.0,7.575213385280222e-05,7.575211930088699e-05,7.575211930088699e-05,7.575211202492937e-05,0.0,-0.15286235511302948,0.11279767751693726,-9.83283519744873,0.0,0.0,0.0,0.0,0.0,0.0,0.0,0.0,0.0,0.0,0.0,0.0,0.0,0.0,0.0,8.153215458150953e-05,8.15321400295943e-05,8.15321400295943e-05,8.153215458150953e-05,0.04114978387951851,0.04114978387951851,0.04114978387951851,0.04114978387951851,-0.002130351960659027,-0.019394855946302414,-0.009030857123434544,0.0,0.0,0.0,0.0,0.0,0.0,0.0
1489286144,0,0.0006462736637331545,-0.03678140044212341,-0.14535638689994812,0.0006462736637331545,-0.03678140044212341,-0.14535638689994812,-0.001659026718698442,-0.0019641336984932423,-0.005933865904808044,0.0,0.0,0.0,-0.011792734265327454,-0.012590971775352955,-0.004596116486936808,0.0,0.0,-0.004596116486936808,-0.0003373631334397942,-0.00046113491407595575,0.00036661524791270494,0.09374844282865524,0.10009734332561493,0.00013265246525406837,0.0,0.0,0.0,0.09419433772563934,0.0997854620218277,-0.0009951104875653982,0.00013938390475232154,-0.09337478876113892,-0.10037378966808319,4.644546424970031e-05,2.0,2.0,2.0,2.0,0.0,0.0,0.0,0.0,0.0,7.575213385280222e-05,7.575211930088699e-05,7.575211930088699e-05,7.575211202492937e-05,0.0,-0.1427312195301056,0.10396284610033035,-9.809245109558105,0.0,0.0,0.0,0.0,0.0,0.0,0.0,0.0,0.0,0.0,0.0,0.0,0.0,0.0,0.0,7.974638720043004e-05,7.974637264851481e-05,7.974637264851481e-05,7.974637992447242e-05,0.04114978387951851,0.04114978387951851,0.04114978387951851,0.04114978387951851,-0.009210055693984032,-0.04903347045183182,-0.05170733481645584,0.0,0.0,0.0,0.0,0.0,0.0,0.0
1496028852,0,0.0006410816567949951,-0.03682630509138107,-0.14536221325397491,0.0006410816567949951,-0.03682630509138107,-0.14536221325397491,-0.001550093642435968,-0.002320017432793975,-0.005961204878985882,0.0,0.0,0.0,-0.011840220540761948,-0.012622048147022724,-0.004603211767971516,0.0,0.0,-0.004603211767971516,-0.0007193597266450524,-0.001247954904101789,-0.00019037201127503067,0.0944262370467186,0.1001901626586914,7.58318929001689e-05,0.0,0.0,0.0,0.09509368985891342,0.10221891850233078,0.000635806645732373,0.0001295494002988562,-0.09339180588722229,-0.1003735363483429,4.901661304756999e-05,2.0,2.0,2.0,2.0,0.0,0.0,0.0,0.0,0.0,7.040729542495683e-05,7.040728814899921e-05,7.04072808730416e-05,7.040727359708399e-05,0.0,-0.1427312195301056,0.10396284610033035,-9.809245109558105,0.0,0.0,0.0,0.0,0.0,0.0,0.0,0.0,0.0,0.0,0.0,0.0,0.0,0.0,0.0,7.788450602674857e-05,7.788449147483334e-05,7.788449147483334e-05,7.788449875079095e-05,0.04114978387951851,0.04114978387951851,0.04114978387951851,0.04114978387951851,-0.024900343269109726,-0.06260233372449875,-0.05489395931363106,0.0,0.0,0.0,0.0,0.0,0.0,0.0
1506001313,0,0.0006410816567949951,-0.03682630509138107,-0.14536221325397491,0.0006410816567949951,-0.03682630509138107,-0.14536221325397491,-0.001550093642435968,-0.002320017432793975,-0.005961204878985882,0.0,0.0,0.0,-0.011840220540761948,-0.012622048147022724,-0.004603211767971516,0.0,0.0,-0.004603211767971516,-0.0009848232148215175,-0.0005722931819036603,-0.0008119852864183486,0.0944262370467186,0.1001901626586914,7.58318929001689e-05,0.0,0.0,0.0,0.09509368985891342,0.10221891850233078,0.000635806645732373,0.0001295494002988562,-0.09339180588722229,-0.1003735363483429,4.901661304756999e-05,2.0,2.0,2.0,2.0,0.0,0.0,0.0,0.0,0.0,7.040729542495683e-05,7.040728814899921e-05,7.04072808730416e-05,7.040727359708399e-05,0.0,-0.1427312195301056,0.10396284610033035,-9.809245109558105,0.0,0.0,0.0,0.0,0.0,0.0,0.0,0.0,0.0,0.0,0.0,0.0,0.0,0.0,0.0,7.583563274238259e-05,7.583561819046736e-05,7.583561091450974e-05,7.583561819046736e-05,0.04114978387951851,0.04114978387951851,0.04114978387951851,0.04114978387951851,-0.025829924270510674,-0.001998914871364832,-0.05675332993268967,0.0,0.0,0.0,0.0,0.0,0.0,0.0
1516540838,0,0.0006519805174320936,-0.0369156114757061,-0.14537566900253296,0.0006519805174320936,-0.0369156114757061,-0.14537566900253296,-0.0013953899033367634,-0.002879246836528182,-0.005973938852548599,0.0,0.0,0.0,-0.011867115274071693,-0.01257744338363409,-0.004613314289599657,0.0,0.0,-0.004613314755260944,-0.0009256914490833879,-0.0004096150805708021,-0.0012679743813350797,0.094354048371315,0.10031279176473618,0.0001274919486604631,0.0,0.0,0.0,0.09540508687496185,0.10067181289196014,0.001408671261742711,0.00012132867414038628,-0.09339180588722229,-0.1003735363483429,4.901661304756999e-05,2.0,2.0,2.0,2.0,0.0,0.0,0.0,0.0015332031762227416,0.0,6.593950820388272e-05,6.593950092792511e-05,6.593950092792511e-05,6.59394936519675e-05,0.0,-0.1290092170238495,0.10512279719114304,-9.83346939086914,0.0,0.0,0.0,0.0,0.0,0.0,0.0,0.0,0.0,0.0,0.0,0.0,0.0,0.0,0.0,7.36201909603551e-05,7.362018368439749e-05,7.362016913248226e-05,7.362016913248226e-05,0.04114978387951851,0.04114978387951851,0.04114978387951851,0.04114978387951851,-0.012534718960523605,0.005059874150902033,-0.04834001883864403,0.0,0.0,0.0,0.0,0.0,0.0,0.0
1526182806,0,0.0007018971955403686,-0.03704724833369255,-0.1454019397497177,0.0007018971955403686,-0.03704724833369255,-0.1454019397497177,-0.0011726608499884605,-0.002510820049792528,-0.005801004357635975,0.0,0.0,0.0,-0.011869894340634346,-0.01256414782255888,-0.004645459819585085,0.0,0.0,-0.004645459819585085,-0.0005390369333326817,0.0005114002851769328,-0.001370640704408288,0.094354048371315,0.10031279176473618,0.0001274919486604631,0.0,0.0,0.0,0.09474975615739822,0.09907907992601395,0.001154101686552167,0.00011725738295353949,-0.09339180588722229,-0.1003735363483429,4.901661304756999e-05,2.0,2.0,2.0,2.0,0.0,0.0,0.0,0.0,0.0,6.372684583766386e-05,6.372683856170624e-05,6.372683856170624e-05,6.372683128574863e-05,0.0,-0.12827537953853607,0.12627454102039337,-9.816274642944336,0.0,0.0,0.0,0.0,0.0,0.0,0.0,0.0,0.0,0.0,0.0,0.0,0.0,0.0,0.0,7.121734961401671e-05,7.12173423380591e-05,7.121732778614387e-05,7.121732051018625e-05,0.04114978387951851,0.04114978387951851,0.04114978387951851,0.04114978387951851,0.013743875548243523,0.03594411909580231,-0.017948906868696213,0.0,0.0,0.0,0.0,0.0,0.0,0.0
1536419520,0,0.0007018971955403686,-0.03704724833369255,-0.1454019397497177,0.0007018971955403686,-0.03704724833369255,-0.1454019397497177,-0.0011726608499884605,-0.002510820049792528,-0.005801004357635975,0.0,0.0,0.0,-0.011869894340634346,-0.01256414782255888,-0.004645459819585085,0.0,0.0,-0.004645459819585085,-0.0005390369333326817,0.0005114002851769328,-0.001370640704408288,0.09436101466417313,0.09988491237163544,8.258441812358797e-05,0.0,0.0,0.0,0.09474975615739822,0.09907907992601395,0.001154101686552167,0.00011725738295353949,-0.09348388761281967,-0.10034460574388504,-2.826660784194246e-05,2.0,2.0,2.0,2.0,0.0,0.0,0.0,0.0,0.0,6.372684583766386e-05,6.372683856170624e-05,6.372683856170624e-05,6.372683128574863e-05,0.0,-0.12827537953853607,0.12627454102039337,-9.816274642944336,0.0,0.0,0.0,0.0,0.0,0.0,0.0,0.0,0.0,0.0,0.0,0.0,0.0,0.0,0.0,6.875547114759684e-05,6.875546387163922e-05,6.875545659568161e-05,6.8755449319724e-05,0.04114978387951851,0.04114978387951851,0.04114978387951851,0.04114978387951851,0.013743875548243523,0.03594411909580231,-0.017948906868696213,0.0,0.0,0.0,0.0,0.0,0.0,0.0
1548098823,0,0.0007192708435468376,-0.03706667944788933,-0.14541125297546387,0.0007192708435468376,-0.03706667944788933,-0.14541125297546387,-0.0010184583952650428,-0.002409745007753372,-0.005729177966713905,0.0,0.0,0.0,-0.011886649765074253,-0.01257101446390152,-0.004657967481762171,0.0,0.0,-0.004657967947423458,-0.0004681593563873321,0.0008879493689164519,-0.0015042440500110388,0.09449455142021179,0.09993913769721985,0.00010466411185916513,0.0,0.0,0.0,0.09474975615739822,0.09907907992601395,0.001154101686552167,0.00011725738295353949,-0.09350166469812393,-0.10032504051923752,-5.1382434321567416e-05,2.0,2.0,2.0,2.0,0.0,0.0,0.0,0.0,0.0,6.372684583766386e-05,6.372683856170624e-05,6.372683856170624e-05,6.372683128574863e-05,0.0,-0.12827537953853607,0.12627454102039337,-9.816274642944336,0.0,0.0,0.0,0.0,0.0,0.0,0.0,0.0,0.0,0.0,0.0,0.0,0.0,0.0,0.0,6.661676161456853e-05,6.661676161456853e-05,6.661676161456853e-05,6.661676161456853e-05,0.04114978387951851,0.04114978387951851,0.04114978387951851,0.04114978387951851,0.011171344667673111,0.03768189996480942,-0.01794748567044735,0.0,0.0,0.0,0.0,0.0,0.0,0.0
1572370181,0,0.0007192708435468376,-0.03706667944788933,-0.14541125297546387,0.0007192708435468376,-0.03706667944788933,-0.14541125297546387,-0.0010184583952650428,-0.002409745007753372,-0.005729177966713905,0.0,0.0,0.0,-0.011886649765074253,-0.01257101446390152,-0.004657967481762171,0.0,0.0,-0.004657967947423458,-3.373609797563404e-05,6.0460399254225194e-05,-0.00028603870305232704,0.09449455142021179,0.09993913769721985,0.00010466411185916513,0.0,0.0,0.0,0.09485099464654922,0.09867436438798904,0.0012697330676019192,0.00011642287427093834,-0.09353756904602051,-0.10028404742479324,-8.536050881957635e-05,2.0,2.0,2.0,2.0,0.0,0.0,0.0,0.0,0.0,6.327331357169896e-05,6.327330629574135e-05,6.327329901978374e-05,6.327329174382612e-05,0.0,-0.11596482992172241,0.11985617876052856,-9.8047513961792,0.0,0.0,0.0,0.0,0.0,0.0,0.0,0.0,0.0,0.0,0.0,0.0,0.0,0.0,0.0,6.50107249384746e-05,6.50107249384746e-05,6.501073221443221e-05,6.501073949038982e-05,0.04114978387951851,0.04114978387951851,0.04114978387951851,0.04114978387951851,0.01832953467965126,-0.02277168072760105,0.03906501084566116,0.0,0.0,0.0,0.0,0.0,0.0,0.0
1572422629,0,0.0007553155883215368,-0.03710712119936943,-0.14542730152606964,0.0007553155883215368,-0.03710712119936943,-0.14542730152606964,-0.0009531672112643719,-0.002580654574558139,-0.00580934202298522,0.0,0.0,0.0,-0.011865299195051193,-0.012586196884512901,-0.004646767396479845,0.0,0.0,-0.004646767396479845,-3.373609797563404e-05,6.0460399254225194e-05,-0.00028603870305232704,0.09432455152273178,0.10006005316972733,8.937198435887694e-05,0.0,0.0,0.0,0.09417499601840973,0.10022731125354767,-0.0002253317943541333,0.0001162397165899165,-0.09353756904602051,-0.10028404742479324,-8.536050881957635e-05,2.0,2.0,2.0,2.0,0.0,0.0,0.0,0.0,0.0,6.317375664366409e-05,6.317375664366409e-05,6.317374936770648e-05,6.317374936770648e-05,0.0,-0.11535032838582993,0.10695932805538177,-9.803299903869629,0.0,0.0,0.0,0.0,0.0,0.0,0.0,0.0,0.0,0.0,0.0,0.0,0.0,0.0,0.0,6.391658098436892e-05,6.391658098436892e-05,6.391658826032653e-05,6.391659553628415e-05,0.04114978387951851,0.04114978387951851,0.04114978387951851,0.04114978387951851,0.01832953467965126,-0.02277168072760105,0.03906501084566116,0.0,0.0,0.0,0.0,0.0,0.0,0.0
1580893121,0,0.0007553155883215368,-0.03710712119936943,-0.14542730152606964,0.0007553155883215368,-0.03710712119936943,-0.14542730152606964,-0.0009531672112643719,-0.002580654574558139,-0.00580934202298522,0.0,0.0,0.0,-0.011865299195051193,-0.012586196884512901,-0.004646767396479845,0.0,0.0,-0.004646767396479845,0.00015487939526792616,-0.0003639722999650985,0.0001700185239315033,0.09448545426130295,0.10015735030174255,7.393670966848731e-05,0.0,0.0,0.0,0.09438665956258774,0.10028140246868134,-0.000999218551442027,0.00011614540562732145,-0.09356339275836945,-0.1002635583281517,-7.593720511067659e-05,2.0,2.0,2.0,2.0,0.0,0.0,0.0,0.0,0.0,6.312250479822978e-05,6.312250479822978e-05,6.312249752227217e-05,6.312249752227217e-05,0.0,-0.13132786750793457,0.12373322248458862,-9.795860290527344,0.0,0.0,0.0,0.0,0.0,0.0,0.0,0.0,0.0,0.0,0.0,0.0,0.0,0.0,0.0,6.32436276646331e-05,6.32436276646331e-05,6.32436276646331e-05,6.324363494059071e-05,0.04114978387951851,0.04114978387951851,0.04114978387951851,0.04114978387951851,0.013671094551682472,-0.025892119854688644,0.015780270099639893,0.0,0.0,0.0,0.0,0.0,0.0,0.0
1591434521,0,0.0007895128219388425,-0.03714718297123909,-0.1454395204782486,0.0007895128219388425,-0.03714718297123909,-0.1454395204782486,-0.000898494094144553,-0.002942283870652318,-0.005337885115295649,0.0,0.0,0.0,-0.011891824193298817,-0.012587979435920715,-0.004652384668588638,0.0,0.0,-0.004652384668588638,-0.00033105083275586367,-0.000995985814370215,0.0002236401487607509,0.09448545426130295,0.10015735030174255,7.393670966848731e-05,0.0,0.0,0.0,0.09424439817667007,0.1006966084241867,-0.0003080196911469102,0.00011564276064746082,-0.0935799703001976,-0.10026384890079498,-7.008489046711475e-05,2.0,2.0,2.0,2.0,0.0,0.0,0.0,0.0,0.0,6.28493435215205e-05,6.284932896960527e-05,6.284932896960527e-05,6.284932169364765e-05,0.0,-0.13132786750793457,0.12373322248458862,-9.795860290527344,0.0,0.0,0.0,0.0,0.0,0.0,0.0,0.0,0.0,0.0,0.0,0.0,0.0,0.0,0.0,6.288006989052519e-05,6.288006989052519e-05,6.288006261456758e-05,6.28800771664828e-05,0.04114978387951851,0.04114978387951851,0.04114978387951851,0.04114978387951851,-0.01533878780901432,-0.040175944566726685,0.008486296981573105,0.0,0.0,0.0,0.0,0.0,0.0,0.0
1596382232,0,0.0008063034038059413,-0.03716634586453438,-0.1454399675130844,0.0008063034038059413,-0.03716634586453438,-0.1454399675130844,-0.0006837787805125117,-0.00280493451282382,-0.005025370512157679,0.0,0.0,0.0,-0.01188814640045166,-0.012624266557395458,-0.0046247621066868305,0.0,0.0,-0.0046247621066868305,-0.00033105083275586367,-0.000995985814370215,0.0002236401487607509,0.09457577764987946,0.10039976984262466,0.0001015905654639937,0.0,0.0,0.0,0.09506021440029144,0.10179751366376877,-0.0002911926421802491,0.00011479248496470973,-0.09359817951917648,-0.1002643033862114,-6.704374391119927e-05,2.0,2.0,2.0,2.0,0.0,0.0,0.0,0.0,0.0,6.238722562557086e-05,6.238721834961325e-05,6.238721107365564e-05,6.238721107365564e-05,0.0,-0.12386731058359146,0.12327907979488373,-9.818840026855469,0.0,0.0,0.0,0.0,0.0,0.0,0.0,0.0,0.0,0.0,0.0,0.0,0.0,0.0,0.0,6.26868786639534e-05,6.26868786639534e-05,6.268687138799578e-05,6.268688593991101e-05,0.04114978387951851,0.04114978387951851,0.04114978387951851,0.04114978387951851,-0.01533878780901432,-0.040175944566726685,0.008486296981573105,0.0,0.0,0.0,0.0,0.0,0.0,0.0
1606050195,0,0.0008063034038059413,-0.03716634586453438,-0.1454399675130844,0.0008407356799580157,-0.03720361739397049,-0.14544354379177094,-0.0006837787805125117,-0.00280493451282382,-0.005025370512157679,0.0,0.0,0.0,-0.01188814640045166,-0.012624266557395458,-0.0046247621066868305,0.0,0.0,-0.004622845444828272,-0.00015679499483667314,0.0005223052576184273,0.00044801284093409777,0.09457577764987946,0.10039976984262466,0.0001015905654639937,0.0,0.0,0.0,0.09506021440029144,0.10179751366376877,-0.0002911926421802491,0.00011479248496470973,-0.09361854940652847,-0.10025165230035782,-5.82656757615041e-05,2.0,2.0,2.0,2.0,0.0,0.0,0.0,0.0,0.0,6.238722562557086e-05,6.238721834961325e-05,6.238721107365564e-05,6.238721107365564e-05,0.0,-0.12386731058359146,0.12327907979488373,-9.818840026855469,0.0,0.0,0.0,0.0,0.0,0.0,0.0,0.0,0.0,0.0,0.0,0.0,0.0,0.0,0.0,6.255788321141154e-05,6.255788321141154e-05,6.255788321141154e-05,6.255789048736915e-05,0.04114978387951851,0.04114978387951851,0.04114978387951851,0.04114978387951851,0.00675907963886857,0.04380444064736366,0.012223313562572002,0.0,0.0,0.0,0.0,0.0,0.0,0.0
1615880951,0,0.0008407356799580157,-0.03720361739397049,-0.14544354379177094,0.0008407356799580157,-0.03720361739397049,-0.14544354379177094,-0.00039770998409949243,-0.0027098252903670073,-0.004920246545225382,0.0,0.0,0.0,-0.01190582662820816,-0.012559553608298302,-0.004622845910489559,0.0,0.0,-0.004622845444828272,0.00041292671812698245,0.0007748069474473596,6.854412640677765e-05,0.0943451002240181,0.1000206470489502,0.00011538080434547737,0.0,0.0,0.0,0.09443430602550507,0.0990602970123291,-0.00048442051047459245,0.00011271338007645682,-0.09361854940652847,-0.10025165230035782,-5.82656757615041e-05,2.0,2.0,2.0,2.0,0.0,0.0,0.0,0.0,0.0,6.12572839600034e-05,6.125726940808818e-05,6.125727668404579e-05,6.125726213213056e-05,0.0,-0.10881249606609344,0.10223349183797836,-9.809563636779785,0.0,0.0,0.0,0.0,0.0,0.0,0.0,0.0,0.0,0.0,0.0,0.0,0.0,0.0,0.0,6.241081428015605e-05,6.241081428015605e-05,6.241082155611366e-05,6.241082883207127e-05,0.04114978387951851,0.04114978387951851,0.04114978387951851,0.04114978387951851,0.030202053487300873,0.03228123486042023,-0.012844598852097988,0.0,0.0,0.0,0.0,0.0,0.0,0.0
1626418849,0,0.0008759055635891855,-0.0371951125562191,-0.14545074105262756,0.0008759055635891855,-0.0371951125562191,-0.14545074105262756,-0.000538659980520606,-0.0019127532141283154,-0.005314683075994253,0.0,0.0,0.0,-0.01187992375344038,-0.012576202861964703,-0.004638401325792074,0.0,0.0,-0.0046384017914533615,0.00041292671812698245,0.0007748069474473596,6.854412640677765e-05,0.09444122761487961,0.09998024255037308,0.00011368226842023432,0.0,0.0,0.0,0.09363524615764618,0.09883733838796616,4.408650420373306e-05,0.00011124458251288161,-0.09361854940652847,-0.10025165230035782,-5.82656757615041e-05,2.0,2.0,2.0,2.0,0.0,0.0,0.0,0.0,0.0,6.045902046025731e-05,6.045900590834208e-05,6.0459009546320885e-05,6.0458998632384464e-05,0.0,-0.10881249606609344,0.10223349183797836,-9.809563636779785,0.0,0.0,0.0,0.0,0.0,0.0,0.0,0.0,0.0,0.0,0.0,0.0,0.0,0.0,0.0,6.214092718437314e-05,6.214092718437314e-05,6.214093446033075e-05,6.214094173628837e-05,0.04114978387951851,0.04114978387951851,0.04114978387951851,0.04114978387951851,0.030202053487300873,0.03228123486042023,-0.012844598852097988,0.0,0.0,0.0,0.0,0.0,0.0,0.0
1636169238,0,0.0008759055635891855,-0.0371951125562191,-0.14545074105262756,0.0008759055635891855,-0.0371951125562191,-0.14545074105262756,-0.000538659980520606,-0.0019127532141283154,-0.005314683075994253,0.0,0.0,0.0,-0.01187992375344038,-0.012576202861964703,-0.004638401325792074,0.0,0.0,-0.0046384017914533615,0.00041292671812698245,0.0007748069474473596,6.854412640677765e-05,0.09444122761487961,0.09998024255037308,0.00011368226842023432,0.0,0.0,0.0,0.09363524615764618,0.09883733838796616,4.408650420373306e-05,0.00011124458251288161,-0.09366962313652039,-0.10017900913953781,-6.096685319789685e-05,2.0,2.0,2.0,2.0,0.0,0.0,0.0,0.0,0.0,6.045902046025731e-05,6.045900590834208e-05,6.0459009546320885e-05,6.0458998632384464e-05,0.0,-0.13605956733226776,0.1441737711429596,-9.825268745422363,0.0,0.0,0.0,0.0,0.0,0.0,0.0,0.0,0.0,0.0,0.0,0.0,0.0,0.0,0.0,6.173465953906998e-05,6.173465953906998e-05,6.173465953906998e-05,6.173467409098521e-05,0.04114978387951851,0.04114978387951851,0.04114978387951851,0.04114978387951851,0.030202053487300873,0.03228123486042023,-0.012844598852097988,0.0,0.0,0.0,0.0,0.0,0.0,0.0
1646763507,0,0.0009101509349420667,-0.03713757544755936,-0.14546085894107819,0.0009101509349420667,-0.03713757544755936,-0.14546085894107819,-0.0006581943016499281,-0.0016707141185179353,-0.005869677290320396,0.0,0.0,0.0,-0.011914010159671307,-0.012560010887682438,-0.004656629636883736,0.0,0.0,-0.004656629636883736,-0.0007746139890514314,-0.0004559798107948154,-0.0011389856226742268,0.09471199661493301,0.09985173493623734,0.000100380988442339,0.0,0.0,0.0,0.095552459359169,0.09868571907281876,0.0007603951962664723,0.0001088876451831311,-0.09366962313652039,-0.10017900913953781,-6.096685319789685e-05,2.0,2.0,2.0,2.0,0.0,0.0,0.0,0.0015332031762227416,0.0,5.9178088122280315e-05,5.9178073570365086e-05,5.9178073570365086e-05,5.9178062656428665e-05,0.0,-0.13207069039344788,0.11064790189266205,-9.8358736038208,0.0,0.0,0.0,0.0,0.0,0.0,0.0,0.0,0.0,0.0,0.0,0.0,0.0,0.0,0.0,6.124036735855043e-05,6.124036735855043e-05,6.124036008259282e-05,6.124038191046566e-05,0.04114978387951851,0.04114978387951851,0.04114978387951851,0.04114978387951851,-0.015420633368194103,-0.06604491174221039,-0.03999299183487892,0.0,0.0,0.0,0.0,0.0,0.0,0.0
1656553718,0,0.0009101509349420667,-0.03713757544755936,-0.14546085894107819,0.0009616908500902355,-0.03707581385970116,-0.14547152817249298,-0.0006581943016499281,-0.0016707141185179353,-0.005869677290320396,0.0,0.0,0.0,-0.011914010159671307,-0.012560010887682438,-0.004656629636883736,0.0,0.0,-0.004643258638679981,-0.0007746139890514314,-0.0004559798107948154,-0.0011389856226742268,0.09471199661493301,0.09985173493623734,0.000100380988442339,0.0,0.0,0.0,0.095552459359169,0.09868571907281876,0.0007603951962664723,0.0001088876451831311,-0.09369835257530212,-0.10016468167304993,-7.739517604932189e-05,2.0,2.0,2.0,2.0,0.0,0.0,0.0,0.0,0.0,5.9178088122280315e-05,5.9178073570365086e-05,5.9178073570365086e-05,5.9178062656428665e-05,0.0,-0.13207069039344788,0.11064790189266205,-9.8358736038208,0.0,0.0,0.0,0.0,0.0,0.0,0.0,0.0,0.0,0.0,0.0,0.0,0.0,0.0,0.0,6.067581125535071e-05,6.067581125535071e-05,6.067579670343548e-05,6.067581853130832e-05,0.04114978387951851,0.04114978387951851,0.04114978387951851,0.04114978387951851,-0.015420633368194103,-0.06604491174221039,-0.03999299183487892,0.0,0.0,0.0,0.0,0.0,0.0,0.0
1665989169,0,0.0009616908500902355,-0.03707581385970116,-0.14547152817249298,0.0009616908500902355,-0.03707581385970116,-0.14547152817249298,-0.0005429530283436179,-0.0013807155191898346,-0.005716873798519373,0.0,0.0,0.0,-0.011936877854168415,-0.012607710435986519,-0.004643258638679981,0.0,0.0,-0.004643258638679981,-0.0012415238888934255,-0.0007909180130809546,-0.0005405864212661982,0.094914510846138,0.09986590594053268,9.534051059745252e-05,0.0,0.0,0.0,0.09642048925161362,0.10147999972105026,0.0002618457074277103,0.00010839422611752525,-0.09376402944326401,-0.10016036778688431,-0.00010201841359958053,2.0,2.0,2.0,2.0,0.0,0.0,0.0,0.0,0.0,5.890992179047316e-05,5.890990360057913e-05,5.890991087653674e-05,5.8909892686642706e-05,0.0,-0.12014636397361755,0.13036002218723297,-9.826322555541992,0.0,0.0,0.0,0.0,0.0,0.0,0.0,0.0,0.0,0.0,0.0,0.0,0.0,0.0,0.0,6.01094143348746e-05,6.010941069689579e-05,6.010939250700176e-05,6.010941069689579e-05,0.04114978387951851,0.04114978387951851,0.04114978387951851,0.04114978387951851,-0.028578154742717743,-0.0457632951438427,0.00856733601540327,0.0,0.0,0.0,0.0,0.0,0.0,0.0
1676283132,0,0.0009980256436392665,-0.037064772099256516,-0.1454741358757019,0.0009980256436392665,-0.037064772099256516,-0.1454741358757019,-0.0002682078047655523,-0.0011958485702052712,-0.005627869162708521,0.0,0.0,0.0,-0.011943163350224495,-0.012548225931823254,-0.004658212419599295,0.0,0.0,-0.004658212419599295,-0.0013451718259602785,0.00024579072487540543,-0.0004620468826033175,0.094914510846138,0.09986590594053268,9.534051059745252e-05,0.0,0.0,0.0,0.09648328274488449,0.09926348924636841,0.00022448066738434136,0.00010874075087485835,-0.09376402944326401,-0.10016036778688431,-0.00010201841359958053,2.0,2.0,2.0,2.0,0.0,0.0,0.0,0.0,0.0,5.909824903937988e-05,5.909823448746465e-05,5.909823812544346e-05,5.909822721150704e-05,0.0,-0.12014636397361755,0.13036002218723297,-9.826322555541992,0.0,0.0,0.0,0.0,0.0,0.0,0.0,0.0,0.0,0.0,0.0,0.0,0.0,0.0,0.0,5.963056901236996e-05,5.963056901236996e-05,5.963054718449712e-05,5.963056901236996e-05,0.04114978387951851,0.04114978387951851,0.04114978387951851,0.04114978387951851,-0.01942472718656063,0.02486470527946949,0.009420963004231453,0.0,0.0,0.0,0.0,0.0,0.0,0.0
1686655698,0,0.0009980256436392665,-0.037064772099256516,-0.1454741358757019,0.0010702264262363315,-0.037085920572280884,-0.14548271894454956,-0.0002682078047655523,-0.0011958485702052712,-0.005627869162708521,0.0,0.0,0.0,-0.011943163350224495,-0.012548225931823254,-0.004658212419599295,0.0,0.0,-0.004660983104258776,-0.0013451718259602785,0.00024579072487540543,-0.0004620468826033175,0.09465207159519196,0.09969841688871384,0.00012113519187550992,0.0,0.0,0.0,0.09648328274488449,0.09926348924636841,0.00022448066738434136,0.00010874075087485835,-0.09382815659046173,-0.10011843591928482,-0.00010687285248422995,2.0,2.0,2.0,2.0,0.0,0.0,0.0,0.0,0.0,5.909824903937988e-05,5.909823448746465e-05,5.909823812544346e-05,5.909822721150704e-05,0.0,-0.12850771844387054,0.10339540243148804,-9.816874504089355,0.0,0.0,0.0,0.0,0.0,0.0,0.0,0.0,0.0,0.0,0.0,0.0,0.0,0.0,0.0,5.928814789513126e-05,5.928814789513126e-05,5.9288129705237225e-05,5.928814789513126e-05,0.04114978387951851,0.04114978387951851,0.04114978387951851,0.04114978387951851,-0.01942472718656063,0.02486470527946949,0.009420963004231453,0.0,0.0,0.0,0.0,0.0,0.0,0.0
1696329006,0,0.0010702264262363315,-0.037085920572280884,-0.14548271894454956,0.0010702264262363315,-0.037085920572280884,-0.14548271894454956,-0.0001404435170115903,-0.001365223084576428,-0.005414141807705164,0.0,0.0,0.0,-0.011953192763030529,-0.012553179636597633,-0.004660983104258776,0.0,0.0,-0.004660983104258776,-0.00028769398340955377,0.0011184747563675046,-0.00029180655837990344,0.09465207159519196,0.09969841688871384,0.00012113519187550992,0.0,0.0,0.0,0.09453596919775009,0.09829077124595642,0.00021068476780783385,0.00010959924838971347,-0.09382815659046173,-0.10011843591928482,-0.00010687285248422995,2.0,2.0,2.0,2.0,0.0,0.0,0.0,0.0,0.0,5.956481982138939e-05,5.956481254543178e-05,5.956480890745297e-05,5.9564805269474164e-05,0.0,-0.13364386558532715,0.08766426891088486,-9.8172025680542,0.0,0.0,0.0,0.0,0.0,0.0,0.0,0.0,0.0,0.0,0.0,0.0,0.0,0.0,0.0,5.9106223488925025e-05,5.9106223488925025e-05,5.910620529903099e-05,5.9106223488925025e-05,0.04114978387951851,0.04114978387951851,0.04114978387951851,0.04114978387951851,0.04037956893444061,0.028917385265231133,-0.001057768939062953,0.0,0.0,0.0,0.0,0.0,0.0,0.0
1706306293,0,0.0010702264262363315,-0.037085920572280884,-0.14548271894454956,0.0010702264262363315,-0.037085920572280884,-0.14548271894454956,-0.0001404435170115903,-0.001365223084576428,-0.005414141807705164,0.0,0.0,0.0,-0.011953192763030529,-0.012553179636597633,-0.004660983104258776,0.0,0.0,-0.004660983104258776,0.0005005517159588635,0.0008858550572767854,-0.0003582567151170224,0.09465207159519196,0.09969841688871384,0.00012113519187550992,0.0,0.0,0.0,0.09404005855321884,0.09837622195482254,0.00044843123760074377,0.00010996607306879014,-0.09386392682790756,-0.10006773471832275,-0.00012125745706725866,2.0,2.0,2.0,2.0,0.0,0.0,0.0,0.0,0.0,5.976418833597563e-05,5.9764173784060404e-05,5.97641701460816e-05,5.976416650810279e-05,0.0,-0.13364386558532715,0.08766426891088486,-9.8172025680542,0.0,0.0,0.0,0.0,0.0,0.0,0.0,0.0,0.0,0.0,0.0,0.0,0.0,0.0,0.0,5.908904495299794e-05,5.908904131501913e-05,5.90890267631039e-05,5.908904131501913e-05,0.04114978387951851,0.04114978387951851,0.04114978387951851,0.04114978387951851,0.03832423686981201,5.181691449251957e-05,0.0011895827483385801,0.0,0.0,0.0,0.0,0.0,0.0,0.0
1716273908,0,0.0011352784931659698,-0.03712709620594978,-0.1454918384552002,0.0011352784931659698,-0.03712709620594978,-0.1454918384552002,-0.0005826043779961765,-0.000885021174326539,-0.005791173782199621,0.0,0.0,0.0,-0.011906135827302933,-0.012546254321932793,-0.004692449234426022,0.0,0.0,-0.004692449700087309,0.0005005517159588635,0.0008858550572767854,-0.0003582567151170224,0.09464355558156967,0.09979527443647385,3.802599894697778e-05,0.0,0.0,0.0,0.09375976026058197,0.09890890121459961,0.00017468785517849028,0.00011062834528274834,-0.09387549757957458,-0.10005013644695282,-0.00012527454236987978,2.0,2.0,2.0,2.0,0.0,0.0,0.0,0.0,0.0,6.012411176925525e-05,6.0124108131276444e-05,6.012410085531883e-05,6.012410085531883e-05,0.0,-0.13364386558532715,0.08766426891088486,-9.8172025680542,0.0,0.0,0.0,0.0,0.0,0.0,0.0,0.0,0.0,0.0,0.0,0.0,0.0,0.0,0.0,5.921259071328677e-05,5.9212576161371544e-05,5.9212561609456316e-05,5.921257252339274e-05,0.04114978387951851,0.04114978387951851,0.04114978387951851,0.04114978387951851,0.03832423686981201,5.181691449251957e-05,0.0011895827483385801,0.0,0.0,0.0,0.0,0.0,0.0,0.0
1726631484,0,0.0011656269198283553,-0.037134815007448196,-0.14549387991428375,0.0011656269198283553,-0.037134815007448196,-0.14549387991428375,-0.0006934583652764559,-0.0009455616236664355,-0.005912482738494873,0.0,0.0,0.0,-0.011921032331883907,-0.012543188408017159,-0.0046633039601147175,0.0,0.0,-0.0046633039601147175,0.0005971530918031931,0.0003616018802858889,-0.00025969409034587443,0.09477850049734116,0.09985427558422089,9.658143972046673e-05,0.0,0.0,0.0,0.09387177228927612,0.09976476430892944,0.00010888298129430041,0.00011128528421977535,-0.09387549757957458,-0.10005013644695282,-0.00012527454236987978,2.0,2.0,2.0,2.0,0.0,0.0,0.0,0.0,0.0,6.048114664736204e-05,6.048113573342562e-05,6.0481128457468e-05,6.0481128457468e-05,0.0,-0.12099918723106384,0.10218092799186707,-9.808280944824219,0.0,0.0,0.0,0.0,0.0,0.0,0.0,0.0,0.0,0.0,0.0,0.0,0.0,0.0,0.0,5.944141958025284e-05,5.944140866631642e-05,5.944138683844358e-05,5.9441390476422384e-05,0.04114978387951851,0.04114978387951851,0.04114978387951851,0.04114978387951851,0.030956877395510674,-0.027208814397454262,0.00470383744686842,0.0,0.0,0.0,0.0,0.0,0.0,0.0
1744193647,0,0.0011656269198283553,-0.037134815007448196,-0.14549387991428375,0.001226575579494238,-0.03712647408246994,-0.1454956829547882,-0.0006934583652764559,-0.0009455616236664355,-0.005912482738494873,0.0,0.0,0.0,-0.011921032331883907,-0.012543188408017159,-0.0046633039601147175,0.0,0.0,-0.004658603109419346,0.0005971530918031931,0.0003616018802858889,-0.00025969409034587443,0.09477850049734116,0.09985427558422089,9.658143972046673e-05,0.0,0.0,0.0,0.09387177228927612,0.09976476430892944,0.00010888298129430041,0.00011128528421977535,-0.0938897356390953,-0.10003826022148132,-0.00012659045751206577,2.0,2.0,2.0,2.0,0.0,0.0,0.0,0.0,0.0,6.048114664736204e-05,6.048113573342562e-05,6.0481128457468e-05,6.0481128457468e-05,0.0,-0.12099918723106384,0.10218092799186707,-9.808280944824219,0.0,0.0,0.0,0.0,0.0,0.0,0.0,0.0,0.0,0.0,0.0,0.0,0.0,0.0,0.0,5.972934377496131e-05,5.9729336499003693e-05,5.972931467113085e-05,5.972931830910966e-05,0.04114978387951851,0.04114978387951851,0.04114978387951851,0.04114978387951851,0.030956877395510674,-0.027208814397454262,0.00470383744686842,0.0,0.0,0.0,0.0,0.0,0.0,0.0
1748974283,0,0.001226575579494238,-0.03712647408246994,-0.1454956829547882,0.001226575579494238,-0.03712647408246994,-0.1454956829547882,-0.0006023637251928449,-0.0011660755844786763,-0.005771369207650423,0.0,0.0,0.0,-0.011911628767848015,-0.012577053159475327,-0.004658603109419346,0.0,0.0,-0.004658603109419346,-2.6068621082231402e-05,-0.0011078683892264962,0.0009145219228230417,0.094844289124012,0.10002408921718597,8.024662383832037e-05,0.0,0.0,0.0,0.09490974992513657,0.10155775398015976,-0.0006662315572611988,0.00011261470353929326,-0.09390894323587418,-0.1000368669629097,-0.00012044207687722519,2.0,2.0,2.0,2.0,0.0,0.0,0.0,0.0,0.0,6.120365287642926e-05,6.120364560047165e-05,6.120364560047165e-05,6.120363832451403e-05,0.0,-0.1271773874759674,0.09175178408622742,-9.817795753479004,0.0,0.0,0.0,0.0,0.0,0.0,0.0,0.0,0.0,0.0,0.0,0.0,0.0,0.0,0.0,6.004300666972995e-05,6.004300303175114e-05,6.0042984841857105e-05,6.004298847983591e-05,0.04114978387951851,0.04114978387951851,0.04114978387951851,0.04114978387951851,0.0011100678239017725,-0.03444160893559456,0.03445211425423622,0.0,0.0,0.0,0.0,0.0,0.0,0.0
1756890325,0,0.0012845213059335947,-0.03709537908434868,-0.14549584686756134,0.0012845213059335947,-0.03709537908434868,-0.14549584686756134,-0.000517001491971314,-0.0017470521852374077,-0.005430547054857016,0.0,0.0,0.0,-0.011919875629246235,-0.01258204597979784,-0.004623096901923418,0.0,0.0,-0.004623096901923418,-2.6068621082231402e-05,-0.0011078683892264962,0.0009145219228230417,0.09475801140069962,0.10002744942903519,6.538335583172739e-05,0.0,0.0,0.0,0.0948612168431282,0.10163440555334091,-0.001079244539141655,0.00011267619265709072,-0.09393081814050674,-0.10004385560750961,-0.00010504364036023617,2.0,2.0,2.0,2.0,0.0,0.0,0.0,0.0,0.0,6.12370713497512e-05,6.12370713497512e-05,6.123706407379359e-05,6.123706407379359e-05,0.0,-0.13984322547912598,0.08746559917926788,-9.80096435546875,0.0,0.0,0.0,0.0,0.0,0.0,0.0,0.0,0.0,0.0,0.0,0.0,0.0,0.0,0.0,6.03796579525806e-05,6.037965067662299e-05,6.037963612470776e-05,6.037963612470776e-05,0.04114978387951851,0.04114978387951851,0.04114978387951851,0.04114978387951851,0.0011100678239017725,-0.03444160893559456,0.03445211425423622,0.0,0.0,0.0,0.0,0.0,0.0,0.0
1766822643,0,0.0012845213059335947,-0.03709537908434868,-0.14549584686756134,0.0012845213059335947,-0.03709537908434868,-0.14549584686756134,-0.000517001491971314,-0.0017470521852374077,-0.005430547054857016,0.0,0.0,0.0,-0.011919875629246235,-0.01258204597979784,-0.004623096901923418,0.0,0.0,-0.004623096901923418,-2.6068621082231402e-05,-0.0011078683892264962,0.0009145219228230417,0.09475801140069962,0.10002744942903519,6.538335583172739e-05,0.0,0.0,0.0,0.0948612168431282,0.10163440555334091,-0.001079244539141655,0.00011267619265709072,-0.09393081814050674,-0.10004385560750961,-0.00010504364036023617,2.0,2.0,2.0,2.0,0.0,0.0,0.0,0.0,0.0,6.12370713497512e-05,6.12370713497512e-05,6.123706407379359e-05,6.123706407379359e-05,0.0,-0.12608590722084045,0.0894111916422844,-9.821184158325195,0.0,0.0,0.0,0.0,0.0,0.0,0.0,0.0,0.0,0.0,0.0,0.0,0.0,0.0,0.0,6.070190283935517e-05,6.0701895563397557e-05,6.070188101148233e-05,6.070188101148233e-05,0.04114978387951851,0.04114978387951851,0.04114978387951851,0.04114978387951851,0.0011100678239017725,-0.03444160893559456,0.03445211425423622,0.0,0.0,0.0,0.0,0.0,0.0,0.0
1776392389,0,0.0013388406950980425,-0.037024013698101044,-0.14549103379249573,0.0013388406950980425,-0.037024013698101044,-0.14549103379249573,-0.000449649611255154,-0.0016434343997389078,-0.005231859162449837,0.0,0.0,0.0,-0.01192244328558445,-0.012625562958419323,-0.004625737201422453,0.0,0.0,-0.004625736735761166,0.0004857161547988653,-0.0013978409115225077,0.001160521642304957,0.09477919340133667,0.10037270188331604,0.00011222016473766416,0.0,0.0,0.0,0.09407248347997665,0.10191021859645844,-0.0010778773576021194,0.00011090305633842945,-0.09395954757928848,-0.10006661713123322,-6.839333946118131e-05,2.0,2.0,2.0,2.0,0.0,0.0,0.0,0.0,0.0,6.0273414419498295e-05,6.0273399867583066e-05,6.0273399867583066e-05,6.027339259162545e-05,0.0,-0.12608590722084045,0.0894111916422844,-9.821184158325195,0.0,0.0,0.0,0.0,0.0,0.0,0.0,0.0,0.0,0.0,0.0,0.0,0.0,0.0,0.0,6.0914688219781965e-05,6.0914677305845544e-05,6.0914662753930315e-05,6.0914662753930315e-05,0.04114978387951851,0.04114978387951851,0.04114978387951851,0.04114978387951851,0.022099187597632408,-0.013967812061309814,0.01807481423020363,0.0,0.0,0.0,0.0,0.0,0.0,0.0
1789180798,0,0.0013388406950980425,-0.037024013698101044,-0.14549103379249573,0.0013388406950980425,-0.037024013698101044,-0.14549103379249573,-0.000449649611255154,-0.0016434343997389078,-0.005231859162449837,0.0,0.0,0.0,-0.01192244328558445,-0.012625562958419323,-0.004625737201422453,0.0,0.0,-0.004625736735761166,0.0004857161547988653,-0.0013978409115225077,0.001160521642304957,0.09477919340133667,0.10037270188331604,0.00011222016473766416,0.0,0.0,0.0,0.09407248347997665,0.10191021859645844,-0.0010778773576021194,0.00011090305633842945,-0.09397585690021515,-0.10008145123720169,-1.8734608602244407e-05,2.0,2.0,2.0,2.0,0.0,0.0,0.0,0.0,0.0,6.0273414419498295e-05,6.0273399867583066e-05,6.0273399867583066e-05,6.027339259162545e-05,0.0,-0.12608590722084045,0.0894111916422844,-9.821184158325195,0.0,0.0,0.0,0.0,0.0,0.0,0.0,0.0,0.0,0.0,0.0,0.0,0.0,0.0,0.0,6.094545824453235e-05,6.094545096857473e-05,6.094544369261712e-05,6.094544369261712e-05,0.04114978387951851,0.04114978387951851,0.04114978387951851,0.04114978387951851,0.022099187597632408,-0.013967812061309814,0.01807481423020363,0.0,0.0,0.0,0.0,0.0,0.0,0.0
1796076460,0,0.0013448013924062252,-0.036977265030145645,-0.14549016952514648,0.0013448013924062252,-0.036977265030145645,-0.14549016952514648,-0.0005321231437847018,-0.0013877094024792314,-0.005542350467294455,0.0,0.0,0.0,-0.011880814097821712,-0.012627728283405304,-0.004570833873003721,0.0,0.0,-0.0045708343386650085,0.0005312784924171865,-0.0004211037594359368,0.0006567594828084111,0.09433186054229736,0.10031147301197052,0.00012632501602638513,0.0,0.0,0.0,0.09362248331308365,0.10016602277755737,-0.0007478923071175814,0.00010665856098057702,-0.09398572146892548,-0.1000821515917778,-1.6591584426350892e-06,2.0,2.0,2.0,2.0,0.0,0.0,0.0,0.0,0.0,5.7966626627603546e-05,5.7966615713667125e-05,5.796661935164593e-05,5.796660843770951e-05,0.0,-0.11469967663288116,0.09469775855541229,-9.812968254089355,0.0,0.0,0.0,0.0,0.0,0.0,0.0,0.0,0.0,0.0,0.0,0.0,0.0,0.0,0.0,6.0730166296707466e-05,6.0730155382771045e-05,6.0730155382771045e-05,6.0730155382771045e-05,0.04114978387951851,0.04114978387951851,0.04114978387951851,0.04114978387951851,0.002284039044752717,0.011374549008905888,-0.02165931835770607,0.0,0.0,0.0,0.0,0.0,0.0,0.0
1806258245,0,0.001347571611404419,-0.03696608915925026,-0.14549021422863007,0.001347571611404419,-0.03696608915925026,-0.14549021422863007,-0.0005661483155563474,-0.0013607850996777415,-0.005904445890337229,0.0,0.0,0.0,-0.011849372647702694,-0.012638714164495468,-0.004586797673255205,0.0,0.0,-0.004586797673255205,0.0005312784924171865,-0.0004211037594359368,0.0006567594828084111,0.09438129514455795,0.10048428177833557,9.841853898251429e-05,0.0,0.0,0.0,0.09382717311382294,0.10079164057970047,-0.00030574071570299566,0.0001035781970131211,-0.09398572146892548,-0.1000821515917778,-1.6591584426350892e-06,2.0,2.0,2.0,2.0,0.0,0.0,0.0,0.0,0.0,5.6292508816113696e-05,5.629249426419847e-05,5.6292497902177274e-05,5.629249062621966e-05,0.0,-0.10580509901046753,0.11017060279846191,-9.819416046142578,0.0,0.0,0.0,0.0,0.0,0.0,0.0,0.0,0.0,0.0,0.0,0.0,0.0,0.0,0.0,6.014351674821228e-05,6.014350583427586e-05,6.014350583427586e-05,6.014350583427586e-05,0.04114978387951851,0.04114978387951851,0.04114978387951851,0.04114978387951851,0.002284039044752717,0.011374549008905888,-0.02165931835770607,0.0,0.0,0.0,0.0,0.0,0.0,0.0
1816071831,0,0.001347571611404419,-0.03696608915925026,-0.14549021422863007,0.0013544887769967318,-0.03691842406988144,-0.14549484848976135,-0.0005661483155563474,-0.0013607850996777415,-0.005904445890337229,0.0,0.0,0.0,-0.011849372647702694,-0.012638714164495468,-0.004586797673255205,0.0,0.0,-0.0045888107270002365,0.0005312784924171865,-0.0004211037594359368,0.0006567594828084111,0.09438129514455795,0.10048428177833557,9.841853898251429e-05,0.0,0.0,0.0,0.09382717311382294,0.10079164057970047,-0.00030574071570299566,0.0001035781970131211,-0.09399615228176117,-0.10008727014064789,3.5332413972355425e-06,2.0,2.0,2.0,2.0,0.0,0.0,0.0,0.0,0.0,5.6292508816113696e-05,5.629249426419847e-05,5.6292497902177274e-05,5.629249062621966e-05,0.0,-0.10580509901046753,0.11017060279846191,-9.819416046142578,0.0,0.0,0.0,0.0,0.0,0.0,0.0,0.0,0.0,0.0,0.0,0.0,0.0,0.0,0.0,5.922160926274955e-05,5.922159107285552e-05,5.922159107285552e-05,5.922159107285552e-05,0.04114978387951851,0.04114978387951851,0.04114978387951851,0.04114978387951851,0.002284039044752717,0.011374549008905888,-0.02165931835770607,0.0,0.0,0.0,0.0,0.0,0.0,0.0
1825947187,0,0.0013544887769967318,-0.03691842406988144,-0.14549484848976135,0.0013544887769967318,-0.03691842406988144,-0.14549484848976135,-0.0004570365708786994,-0.001183999003842473,-0.006106188986450434,0.0,0.0,0.0,-0.011822334490716457,-0.012654880993068218,-0.004588810261338949,0.0,0.0,-0.0045888107270002365,0.0010027990210801363,-0.0005708389217033982,-2.649571979418397e-05,0.09404868632555008,0.10050463676452637,0.00011490087490528822,0.0,0.0,0.0,0.092835932970047,0.10113474726676941,0.00023944303393363953,9.797166421776637e-05,-0.09399615228176117,-0.10008727014064789,3.5332413972355425e-06,2.0,2.0,2.0,2.0,0.0,0.0,0.0,0.0015332031762227416,0.0,5.324548692442477e-05,5.324546873453073e-05,5.324547964846715e-05,5.3245465096551925e-05,0.0,-0.11511889845132828,0.10787317156791687,-9.792441368103027,0.0,0.0,0.0,0.0,0.0,0.0,0.0,0.0,0.0,0.0,0.0,0.0,0.0,0.0,0.0,5.808714558952488e-05,5.8087112847715616e-05,5.8087112847715616e-05,5.8087112847715616e-05,0.04114978387951851,0.04114978387951851,0.04114978387951851,0.04114978387951851,0.020995857194066048,-0.005927039310336113,-0.023136727511882782,0.0,0.0,0.0,0.0,0.0,0.0,0.0
1838056727,0,0.0013365783961489797,-0.03688244894146919,-0.14549802243709564,0.0013365783961489797,-0.03688244894146919,-0.14549802243709564,-0.00046979807666502893,-0.001318780705332756,-0.005850454792380333,0.0,0.0,0.0,-0.011804659850895405,-0.012661746703088284,-0.004582430236041546,0.0,0.0,-0.0045824297703802586,0.0010027990210801363,-0.0005708389217033982,-2.649571979418397e-05,0.09404868632555008,0.10050463676452637,0.00011490087490528822,0.0,0.0,0.0,0.09353353828191757,0.10294916480779648,0.0007798580336384475,9.544634667690843e-05,-0.09399615228176117,-0.10008727014064789,3.5332413972355425e-06,2.0,2.0,2.0,2.0,0.0,0.0,0.0,0.0,0.0,5.187302303966135e-05,5.187300848774612e-05,5.1873015763703734e-05,5.187300484976731e-05,0.0,-0.11511889845132828,0.10787317156791687,-9.792441368103027,0.0,0.0,0.0,0.0,0.0,0.0,0.0,0.0,0.0,0.0,0.0,0.0,0.0,0.0,0.0,5.671303006238304e-05,5.671300459653139e-05,5.671300459653139e-05,5.671299732057378e-05,0.04114978387951851,0.04114978387951851,0.04114978387951851,0.04114978387951851,0.020995857194066048,-0.005927039310336113,-0.023136727511882782,0.0,0.0,0.0,0.0,0.0,0.0,0.0
1846627553,0,0.0013365783961489797,-0.03688244894146919,-0.14549802243709564,0.0013365783961489797,-0.03688244894146919,-0.14549802243709564,-0.00046979807666502893,-0.001318780705332756,-0.005850454792380333,0.0,0.0,0.0,-0.011804659850895405,-0.012661746703088284,-0.004582430236041546,0.0,0.0,-0.0045824297703802586,0.00045948312617838383,-0.00184956646990031,-0.0009872219525277615,0.09408864378929138,0.10081455111503601,0.00011116208042949438,0.0,0.0,0.0,0.09353353828191757,0.10294916480779648,0.0007798580336384475,9.544634667690843e-05,-0.09399615228176117,-0.10008727014064789,3.5332413972355425e-06,2.0,2.0,2.0,2.0,0.0,0.0,0.0,0.0,0.0,5.187302303966135e-05,5.187300848774612e-05,5.1873015763703734e-05,5.187300484976731e-05,0.0,-0.11020763218402863,0.09832925349473953,-9.789302825927734,0.0,0.0,0.0,0.0,0.0,0.0,0.0,0.0,0.0,0.0,0.0,0.0,0.0,0.0,0.0,5.520742342923768e-05,5.520740887732245e-05,5.520741251530126e-05,5.5207390687428415e-05,0.04114978387951851,0.04114978387951851,0.04114978387951851,0.04114978387951851,-0.005958585999906063,-0.039909861981868744,-0.040228940546512604,0.0,0.0,0.0,0.0,0.0,0.0,0.0
1857191670,0,0.0013314050156623125,-0.036781713366508484,-0.14550477266311646,0.0013314050156623125,-0.036781713366508484,-0.14550477266311646,-0.00021520108566619456,-0.0010717419208958745,-0.005638316739350557,0.0,0.0,0.0,-0.011821551248431206,-0.012719439342617989,-0.004653436131775379,0.0,0.0,-0.004653436131775379,7.456877210643142e-05,-0.002071127062663436,-0.0015139661263674498,0.09397713840007782,0.10111893713474274,0.00011510817421367392,0.0,0.0,0.0,0.09383010864257812,0.10367262363433838,0.0016093377489596605,9.244757529813796e-05,-0.09401703625917435,-0.10015006363391876,-3.759972969419323e-05,2.0,2.0,2.0,2.0,0.0,0.0,0.0,0.0,0.0,5.024326310376637e-05,5.024324855185114e-05,5.0243252189829946e-05,5.024324491387233e-05,0.0,-0.1253722459077835,0.09957243502140045,-9.823185920715332,0.0,0.0,0.0,0.0,0.0,0.0,0.0,0.0,0.0,0.0,0.0,0.0,0.0,0.0,0.0,5.377647539717145e-05,5.3776471759192646e-05,5.3776471759192646e-05,5.377643901738338e-05,0.04114978387951851,0.04114978387951851,0.04114978387951851,0.04114978387951851,-0.020322861149907112,-0.03341300040483475,-0.04943988472223282,0.0,0.0,0.0,0.0,0.0,0.0,0.0
1866445640,0,0.0013314050156623125,-0.036781713366508484,-0.14550477266311646,0.0013431287370622158,-0.03671114146709442,-0.14551930129528046,-0.00021520108566619456,-0.0010717419208958745,-0.005638316739350557,0.0,0.0,0.0,-0.011821551248431206,-0.012719439342617989,-0.004653436131775379,0.0,0.0,-0.004657018464058638,7.456877210643142e-05,-0.002071127062663436,-0.0015139661263674498,0.09407668560743332,0.10168540477752686,5.444397538667545e-05,0.0,0.0,0.0,0.09383010864257812,0.10367262363433838,0.0016093377489596605,9.244757529813796e-05,-0.09401703625917435,-0.10015006363391876,-3.759972969419323e-05,2.0,2.0,2.0,2.0,0.0,0.0,0.0,0.0,0.0,5.024326310376637e-05,5.024324855185114e-05,5.0243252189829946e-05,5.024324491387233e-05,0.0,-0.1253722459077835,0.09957243502140045,-9.823185920715332,0.0,0.0,0.0,0.0,0.0,0.0,0.0,0.0,0.0,0.0,0.0,0.0,0.0,0.0,0.0,5.24959214089904e-05,5.249592868494801e-05,5.249592868494801e-05,5.249589230515994e-05,0.04114978387951851,0.04114978387951851,0.04114978387951851,0.04114978387951851,-0.020322861149907112,-0.03341300040483475,-0.04943988472223282,0.0,0.0,0.0,0.0,0.0,0.0,0.0
1876123738,0,0.0013431287370622158,-0.03671114146709442,-0.14551930129528046,0.0013431287370622158,-0.03671114146709442,-0.14551930129528046,-0.0002465302241034806,-7.964842370711267e-05,-0.006253324449062347,0.0,0.0,0.0,-0.011824649758636951,-0.012801568023860455,-0.004657018464058638,0.0,0.0,-0.004657018464058638,-0.0005468958988785744,-0.002861248329281807,-0.00038750117528252304,0.09407668560743332,0.10168540477752686,5.444397538667545e-05,0.0,0.0,0.0,0.0948789119720459,0.10494039952754974,-8.988444460555911e-05,9.264918480766937e-05,-0.09406738728284836,-0.10026723146438599,-8.289410470752046e-05,2.0,2.0,2.0,2.0,0.0,0.0,0.0,0.0,0.0,5.035282447352074e-05,5.035281719756313e-05,5.0352820835541934e-05,5.035281355958432e-05,0.0,-0.10608687251806259,0.14265181124210358,-9.81065845489502,0.0,0.0,0.0,0.0,0.0,0.0,0.0,0.0,0.0,0.0,0.0,0.0,0.0,0.0,0.0,5.145550676388666e-05,5.1455514039844275e-05,5.1455514039844275e-05,5.145548129803501e-05,0.04114978387951851,0.04114978387951851,0.04114978387951851,0.04114978387951851,-0.02553281933069229,-0.039374541491270065,0.03286941349506378,0.0,0.0,0.0,0.0,0.0,0.0,0.0
1886152645,0,0.001350094680674374,-0.036672573536634445,-0.1455264836549759,0.001350094680674374,-0.036672573536634445,-0.1455264836549759,-0.00020871007291134447,0.00011798369087046012,-0.006388403940945864,0.0,0.0,0.0,-0.011823014356195927,-0.012818555347621441,-0.004637040197849274,0.0,0.0,-0.004637040197849274,-0.0006664016400463879,-0.0022961206268519163,0.00011452318722149357,0.09403920918703079,0.10169707238674164,7.508686394430697e-05,0.0,0.0,0.0,0.0948885902762413,0.10389941185712814,-0.0005538346013054252,9.300567035097629e-05,-0.09406738728284836,-0.10026723146438599,-8.289410470752046e-05,2.0,2.0,2.0,2.0,0.0,0.0,0.0,0.0,0.0,5.054656503489241e-05,5.0546557758934796e-05,5.0546557758934796e-05,5.0546557758934796e-05,0.0,-0.10586627572774887,0.13660907745361328,-9.791022300720215,0.0,0.0,0.0,0.0,0.0,0.0,0.0,0.0,0.0,0.0,0.0,0.0,0.0,0.0,0.0,5.074422369943932e-05,5.074423461337574e-05,5.074423461337574e-05,5.074420550954528e-05,0.04114978387951851,0.04114978387951851,0.04114978387951851,0.04114978387951851,-0.01829804666340351,0.009377834387123585,0.04312517121434212,0.0,0.0,0.0,0.0,0.0,0.0,0.0
1896019080,0,0.001350094680674374,-0.036672573536634445,-0.1455264836549759,0.0013907051179558039,-0.036596525460481644,-0.14553725719451904,-0.00020871007291134447,0.00011798369087046012,-0.006388403940945864,0.0,0.0,0.0,-0.011823014356195927,-0.012818555347621441,-0.004637040197849274,0.0,0.0,-0.004637240897864103,-0.000530341116245836,-0.0009511809330433607,0.0003643388918135315,0.09403920918703079,0.10169707238674164,7.508686394430697e-05,0.0,0.0,0.0,0.0948885902762413,0.10389941185712814,-0.0005538346013054252,9.300567035097629e-05,-0.09410454332828522,-0.10031484067440033,-7.100000220816582e-05,2.0,2.0,2.0,2.0,0.0,0.0,0.0,0.0,0.0,5.054656503489241e-05,5.0546557758934796e-05,5.0546557758934796e-05,5.0546557758934796e-05,0.0,-0.10586627572774887,0.13660907745361328,-9.791022300720215,0.0,0.0,0.0,0.0,0.0,0.0,0.0,0.0,0.0,0.0,0.0,0.0,0.0,0.0,0.0,5.0348990043858066e-05,5.034900095779449e-05,5.034900095779449e-05,5.034898276790045e-05,0.04114978387951851,0.04114978387951851,0.04114978387951851,0.04114978387951851,-0.0072171990759670734,0.06834178417921066,0.03406442701816559,0.0,0.0,0.0,0.0,0.0,0.0,0.0
1905861624,0,0.0013907051179558039,-0.036596525460481644,-0.14553725719451904,0.0013907051179558039,-0.036596525460481644,-0.14553725719451904,-1.7845668480731547e-05,0.00018946061027236283,-0.006312139797955751,0.0,0.0,0.0,-0.011815161444246769,-0.012770884670317173,-0.004637240897864103,0.0,0.0,-0.004637240897864103,-0.0009514472912997007,-0.0005218989681452513,0.0005531572387553751,0.0941540002822876,0.10166524350643158,7.246235327329487e-05,0.0,0.0,0.0,0.09535066038370132,0.10162899643182755,-0.0007468883413821459,9.284949919674546e-05,-0.09410454332828522,-0.10031484067440033,-7.100000220816582e-05,2.0,2.0,2.0,2.0,0.0,0.0,0.0,0.0,0.0,5.046169098932296e-05,5.046168735134415e-05,5.0461683713365346e-05,5.0461683713365346e-05,0.0,-0.11817212402820587,0.11221254616975784,-9.79637336730957,0.0,0.0,0.0,0.0,0.0,0.0,0.0,0.0,0.0,0.0,0.0,0.0,0.0,0.0,0.0,5.018714364268817e-05,5.0187150918645784e-05,5.0187150918645784e-05,5.018714364268817e-05,0.04114978387951851,0.04114978387951851,0.04114978387951851,0.04114978387951851,-0.024521633982658386,0.055814556777477264,0.029351770877838135,0.0,0.0,0.0,0.0,0.0,0.0,0.0
1916887723,0,0.0013907051179558039,-0.036596525460481644,-0.14553725719451904,0.0013907051179558039,-0.036596525460481644,-0.14553725719451904,-1.7845668480731547e-05,0.00018946061027236283,-0.006312139797955751,0.0,0.0,0.0,-0.011815161444246769,-0.012770884670317173,-0.004637240897864103,0.0,0.0,-0.004637240897864103,-0.0008654686389490962,0.00014953731442801654,0.00032384105725213885,0.0941540002822876,0.10166524350643158,7.246235327329487e-05,0.0,0.0,0.0,0.09535066038370132,0.10162899643182755,-0.0007468883413821459,9.284949919674546e-05,-0.09414901584386826,-0.10035091638565063,-5.590693763224408e-05,2.0,2.0,2.0,2.0,0.0,0.0,0.0,0.0,0.0,5.046169098932296e-05,5.046168735134415e-05,5.0461683713365346e-05,5.0461683713365346e-05,0.0,-0.11817212402820587,0.11221254616975784,-9.79637336730957,0.0,0.0,0.0,0.0,0.0,0.0,0.0,0.0,0.0,0.0,0.0,0.0,0.0,0.0,0.0,5.0162117986474186e-05,5.016212890041061e-05,5.016212890041061e-05,5.016212162445299e-05,0.04114978387951851,0.04114978387951851,0.04114978387951851,0.04114978387951851,-0.008513005450367928,0.05247185751795769,0.0024288941640406847,0.0,0.0,0.0,0.0,0.0,0.0,0.0
1926403104,0,0.0014559273840859532,-0.03651919215917587,-0.1455422043800354,0.0014559273840859532,-0.03651919215917587,-0.1455422043800354,0.0004458345065359026,0.00013267072790767998,-0.006100585218518972,0.0,0.0,0.0,-0.011840165592730045,-0.01279537659138441,-0.0046054343692958355,0.0,0.0,-0.0046054343692958355,-0.0002648702065926045,0.00028122676303610206,0.0005314884474501014,0.09412211179733276,0.10176467895507812,9.729583689477295e-05,0.0,0.0,0.0,0.09507270902395248,0.10109041631221771,-0.0002854396589100361,9.124180360231549e-05,-0.09414901584386826,-0.10035091638565063,-5.590693763224408e-05,2.0,2.0,2.0,2.0,0.0,0.0,0.0,0.0,0.0,4.958793942932971e-05,4.95879357913509e-05,4.958792851539329e-05,4.958792851539329e-05,0.0,-0.1341494470834732,0.1224537193775177,-9.809242248535156,0.0,0.0,0.0,0.0,0.0,0.0,0.0,0.0,0.0,0.0,0.0,0.0,0.0,0.0,0.0,5.016477734898217e-05,5.01647919008974e-05,5.01647919008974e-05,5.016477734898217e-05,0.04114978387951851,0.04114978387951851,0.04114978387951851,0.04114978387951851,0.024774592369794846,0.03440965712070465,0.008473540656268597,0.0,0.0,0.0,0.0,0.0,0.0,0.0
1936952839,0,0.0015188477700576186,-0.03646628558635712,-0.14554695785045624,0.0015188477700576186,-0.03646628558635712,-0.14554695785045624,0.0005457812221720815,0.0003952552215196192,-0.005879975389689207,0.0,0.0,0.0,-0.0118110878393054,-0.012793032452464104,-0.004583505913615227,0.0,0.0,-0.004583505913615227,-0.0002648702065926045,0.00028122676303610206,0.0005314884474501014,0.09389298409223557,0.10170481353998184,6.162866338854656e-05,0.0,0.0,0.0,0.09403350204229355,0.10108977556228638,-0.0005066757439635694,9.011131623992696e-05,-0.09416807442903519,-0.10036029666662216,-4.5884749852120876e-05,2.0,2.0,2.0,2.0,0.0,0.0,0.0,0.0015332031762227416,0.0,4.897354301647283e-05,4.897353574051522e-05,4.897353574051522e-05,4.897353210253641e-05,0.0,-0.12135472148656845,0.10520750284194946,-9.807822227478027,0.0,0.0,0.0,0.0,0.0,0.0,0.0,0.0,0.0,0.0,0.0,0.0,0.0,0.0,0.0,5.007160871173255e-05,5.007161234971136e-05,5.007161234971136e-05,5.007160143577494e-05,0.04114978387951851,0.04114978387951851,0.04114978387951851,0.04114978387951851,0.024774592369794846,0.03440965712070465,0.008473540656268597,0.0,0.0,0.0,0.0,0.0,0.0,0.0
1945951741,0,0.0015188477700576186,-0.03646628558635712,-0.14554695785045624,0.0015188477700576186,-0.03646628558635712,-0.14554695785045624,0.0005457812221720815,0.0003952552215196192,-0.005879975389689207,0.0,0.0,0.0,-0.0118110878393054,-0.012793032452464104,-0.004583505913615227,0.0,0.0,-0.004583505913615227,-0.0002648702065926045,0.00028122676303610206,0.0005314884474501014,0.09389298409223557,0.10170481353998184,6.162866338854656e-05,0.0,0.0,0.0,0.09403350204229355,0.10108977556228638,-0.0005066757439635694,9.011131623992696e-05,-0.09416807442903519,-0.10036029666662216,-4.5884749852120876e-05,2.0,2.0,2.0,2.0,0.0,0.0,0.0,0.0,0.0,4.897354301647283e-05,4.897353574051522e-05,4.897353574051522e-05,4.897353210253641e-05,0.0,-0.13813798129558563,0.12512074410915375,-9.80321216583252,0.0,0.0,0.0,0.0,0.0,0.0,0.0,0.0,0.0,0.0,0.0,0.0,0.0,0.0,0.0,4.98515109939035e-05,4.985150007996708e-05,4.985150007996708e-05,4.985149280400947e-05,0.04114978387951851,0.04114978387951851,0.04114978387951851,0.04114978387951851,0.024774592369794846,0.03440965712070465,0.008473540656268597,0.0,0.0,0.0,0.0,0.0,0.0,0.0
1956426652,0,0.0015798883978277445,-0.03643542528152466,-0.14555135369300842,0.0015798883978277445,-0.03643542528152466,-0.14555135369300842,0.00017349836707580835,0.0009235123288817704,-0.0061994255520403385,0.0,0.0,0.0,-0.011830123141407967,-0.012788533233106136,-0.004590035416185856,0.0,0.0,-0.004590035881847143,-0.0003510524402372539,0.0006708841538056731,-0.0003067739598918706,0.09404502063989639,0.10166841745376587,0.00010354985715821385,0.0,0.0,0.0,0.09469292312860489,0.10092794895172119,-0.0003201541258022189,8.697508746990934e-05,-0.09419357031583786,-0.10036827623844147,-2.1190226107137278e-05,2.0,2.0,2.0,2.0,0.0,0.0,0.0,0.0,0.0,4.726906990981661e-05,4.726906990981661e-05,4.7269062633858994e-05,4.7269062633858994e-05,0.0,-0.13813798129558563,0.12512074410915375,-9.80321216583252,0.0,0.0,0.0,0.0,0.0,0.0,0.0,0.0,0.0,0.0,0.0,0.0,0.0,0.0,0.0,4.95026251883246e-05,4.9502606998430565e-05,4.9502606998430565e-05,4.950259972247295e-05,0.04114978387951851,0.04114978387951851,0.04114978387951851,0.04114978387951851,0.010704136453568935,0.016247965395450592,-0.04264974594116211,0.0,0.0,0.0,0.0,0.0,0.0,0.0
1966316122,0,0.0015798883978277445,-0.03643542528152466,-0.14555135369300842,0.0015798883978277445,-0.03643542528152466,-0.14555135369300842,0.00017349836707580835,0.0009235123288817704,-0.0061994255520403385,0.0,0.0,0.0,-0.011830123141407967,-0.012788533233106136,-0.004590035416185856,0.0,0.0,-0.004590035881847143,-0.0003510524402372539,0.0006708841538056731,-0.0003067739598918706,0.09404502063989639,0.10166841745376587,0.00010354985715821385,0.0,0.0,0.0,0.09445668011903763,0.10083276033401489,0.0006593864527530968,8.493661152897403e-05,-0.09422111511230469,-0.100375697016716,-3.208388079656288e-05,2.0,2.0,2.0,2.0,0.0,0.0,0.0,0.0,0.0,4.61612107756082e-05,4.616120349965058e-05,4.6161199861671776e-05,4.6161199861671776e-05,0.0,-0.13813798129558563,0.12512074410915375,-9.80321216583252,0.0,0.0,0.0,0.0,0.0,0.0,0.0,0.0,0.0,0.0,0.0,0.0,0.0,0.0,0.0,4.894641460850835e-05,4.89463891426567e-05,4.89463891426567e-05,4.894638550467789e-05,0.04114978387951851,0.04114978387951851,0.04114978387951851,0.04114978387951851,0.010704136453568935,0.016247965395450592,-0.04264974594116211,0.0,0.0,0.0,0.0,0.0,0.0,0.0
1981962168,0,0.0016354677500203252,-0.036378152668476105,-0.1455589383840561,0.0016354677500203252,-0.036378152668476105,-0.1455589383840561,4.614395948010497e-05,0.0007856396259739995,-0.006387313362210989,0.0,0.0,0.0,-0.011797066777944565,-0.012766100466251373,-0.004642633255571127,0.0,0.0,-0.004642633255571127,0.00012020110443700105,0.0012961124302819371,-0.000753356609493494,0.0940193384885788,0.10155902802944183,7.911501597845927e-05,0.0,0.0,0.0,0.09445668011903763,0.10083276033401489,0.0006593864527530968,8.493661152897403e-05,-0.09422764927148819,-0.1003715917468071,-5.046586011303589e-05,2.0,2.0,2.0,2.0,0.0,0.0,0.0,0.0,0.0,4.61612107756082e-05,4.616120349965058e-05,4.6161199861671776e-05,4.6161199861671776e-05,0.0,-0.13813798129558563,0.12512074410915375,-9.80321216583252,0.0,0.0,0.0,0.0,0.0,0.0,0.0,0.0,0.0,0.0,0.0,0.0,0.0,0.0,0.0,4.821001857635565e-05,4.820999674848281e-05,4.820999674848281e-05,4.8209993110504e-05,0.04114978387951851,0.04114978387951851,0.04114978387951851,0.04114978387951851,0.013052001595497131,0.025439219549298286,-0.013574282638728619,0.0,0.0,0.0,0.0,0.0,0.0,0.0
1989237380,0,0.0016619025263935328,-0.036337289959192276,-0.1455618143081665,0.0016619025263935328,-0.036337289959192276,-0.1455618143081665,8.392293966608122e-05,0.0006776161026209593,-0.00627989461645484,0.0,0.0,0.0,-0.011832939460873604,-0.012753617018461227,-0.004614145960658789,0.0,0.0,-0.004614145494997501,0.00012020110443700105,0.0012961124302819371,-0.000753356609493494,0.09402643144130707,0.10137324035167694,9.416804823558778e-05,0.0,0.0,0.0,0.09377571195363998,0.09982273727655411,0.0006885163020342588,8.287002128781751e-05,-0.09422764927148819,-0.1003715917468071,-5.046586011303589e-05,2.0,2.0,2.0,2.0,0.0,0.0,0.0,0.0,0.0,4.503806121647358e-05,4.5038053940515965e-05,4.503805030253716e-05,4.503804666455835e-05,0.0,-0.1337403953075409,0.12777142226696014,-9.810832977294922,0.0,0.0,0.0,0.0,0.0,0.0,0.0,0.0,0.0,0.0,0.0,0.0,0.0,0.0,0.0,4.7417968744412065e-05,4.741796146845445e-05,4.741796146845445e-05,4.7417954192496836e-05,0.04114978387951851,0.04114978387951851,0.04114978387951851,0.04114978387951851,0.013052001595497131,0.025439219549298286,-0.013574282638728619,0.0,0.0,0.0,0.0,0.0,0.0,0.0
1996302763,0,0.0016619025263935328,-0.036337289959192276,-0.1455618143081665,0.0016619025263935328,-0.036337289959192276,-0.1455618143081665,8.392293966608122e-05,0.0006776161026209593,-0.00627989461645484,0.0,0.0,0.0,-0.011832939460873604,-0.012753617018461227,-0.004614145960658789,0.0,0.0,-0.004614145494997501,0.00012020110443700105,0.0012961124302819371,-0.000753356609493494,0.09402643144130707,0.10137324035167694,9.416804823558778e-05,0.0,0.0,0.0,0.09377571195363998,0.09982273727655411,0.0006885163020342588,8.287002128781751e-05,-0.09424253553152084,-0.1003832221031189,-6.75785486237146e-05,2.0,2.0,2.0,2.0,0.0,0.0,0.0,0.0,0.0,4.503806121647358e-05,4.5038053940515965e-05,4.503805030253716e-05,4.503804666455835e-05,0.0,-0.1337403953075409,0.12777142226696014,-9.810832977294922,0.0,0.0,0.0,0.0,0.0,0.0,0.0,0.0,0.0,0.0,0.0,0.0,0.0,0.0,0.0,4.664107837015763e-05,4.6641082008136436e-05,4.6641082008136436e-05,4.664107837015763e-05,0.04114978387951851,0.04114978387951851,0.04114978387951851,0.04114978387951851,0.013052001595497131,0.025439219549298286,-0.013574282638728619,0.0,0.0,0.0,0.0,0.0,0.0,0.0
2006397337,0,0.0016917826142162085,-0.03621369227766991,-0.14556880295276642,0.0016917826142162085,-0.03621369227766991,-0.14556880295276642,0.00041912600863724947,0.00039533432573080063,-0.006247752346098423,0.0,0.0,0.0,-0.011839301325380802,-0.012761987745761871,-0.004604586400091648,0.0,0.0,-0.004604586400091648,0.0001429475814802572,-0.0005007539875805378,-8.522416464984417e-05,0.09383796900510788,0.10180988907814026,0.00011259113671258092,0.0,0.0,0.0,0.0939626544713974,0.10322526097297668,8.091576455626637e-05,8.265614451374859e-05,-0.09424253553152084,-0.1003832221031189,-6.75785486237146e-05,2.0,2.0,2.0,2.0,0.0,0.0,0.0,0.0,0.0,4.492182415560819e-05,4.492181687965058e-05,4.492181687965058e-05,4.492181324167177e-05,0.0,-0.12013350427150726,0.10024967789649963,-9.829572677612305,0.0,0.0,0.0,0.0,0.0,0.0,0.0,0.0,0.0,0.0,0.0,0.0,0.0,0.0,0.0,4.5957829570397735e-05,4.595783684635535e-05,4.595783684635535e-05,4.595783684635535e-05,0.04114978387951851,0.04114978387951851,0.04114978387951851,0.04114978387951851,0.006378399208188057,-0.025650568306446075,0.013909982517361641,0.0,0.0,0.0,0.0,0.0,0.0,0.0
2015851785,0,0.0016949162818491459,-0.03615454584360123,-0.14557594060897827,0.0016949162818491459,-0.03615454584360123,-0.14557594060897827,0.0004244728770572692,0.00047220790293067694,-0.006356027442961931,0.0,0.0,0.0,-0.011819107457995415,-0.012808161787688732,-0.004603940062224865,0.0,0.0,-0.004603940527886152,0.0001429475814802572,-0.0005007539875805378,-8.522416464984417e-05,0.0937439501285553,0.10175154358148575,8.429063018411398e-05,0.0,0.0,0.0,0.09353721886873245,0.10250880569219589,-9.464682807447389e-05,8.268310193670914e-05,-0.09424670785665512,-0.10040833801031113,-7.053163426462561e-05,2.0,2.0,2.0,2.0,0.0,0.0,0.0,0.0015332031762227416,0.0,4.493647793424316e-05,4.4936467020306736e-05,4.4936467020306736e-05,4.493645974434912e-05,0.0,-0.12013350427150726,0.10024967789649963,-9.829572677612305,0.0,0.0,0.0,0.0,0.0,0.0,0.0,0.0,0.0,0.0,0.0,0.0,0.0,0.0,0.0,4.5436667278409004e-05,4.543667455436662e-05,4.543667455436662e-05,4.543667455436662e-05,0.04114978387951851,0.04114978387951851,0.04114978387951851,0.04114978387951851,0.006378399208188057,-0.025650568306446075,0.013909982517361641,0.0,0.0,0.0,0.0,0.0,0.0,0.0
2029103708,0,0.0016949162818491459,-0.03615454584360123,-0.14557594060897827,0.0017067850567400455,-0.035984527319669724,-0.14560575783252716,0.0004244728770572692,0.00047220790293067694,-0.006356027442961931,0.0,0.0,0.0,-0.011819107457995415,-0.012808161787688732,-0.004603940062224865,0.0,0.0,-0.004602258093655109,0.0001429475814802572,-0.0005007539875805378,-8.522416464984417e-05,0.0937439501285553,0.10175154358148575,8.429063018411398e-05,0.0,0.0,0.0,0.09353721886873245,0.10250880569219589,-9.464682807447389e-05,8.268310193670914e-05,-0.09424670785665512,-0.10040833801031113,-7.053163426462561e-05,2.0,2.0,2.0,2.0,0.0,0.0,0.0,0.0,0.0,4.493647793424316e-05,4.4936467020306736e-05,4.4936467020306736e-05,4.493645974434912e-05,0.0,-0.1242331713438034,0.13393059372901917,-9.826722145080566,0.0,0.0,0.0,0.0,0.0,0.0,0.0,0.0,0.0,0.0,0.0,0.0,0.0,0.0,0.0,4.508737401920371e-05,4.5087377657182515e-05,4.5087377657182515e-05,4.5087377657182515e-05,0.04114978387951851,0.04114978387951851,0.04114978387951851,0.04114978387951851,0.006378399208188057,-0.025650568306446075,0.013909982517361641,0.0,0.0,0.0,0.0,0.0,0.0,0.0
2036741840,0,0.0017067850567400455,-0.035984527319669724,-0.14560575783252716,0.0017067850567400455,-0.035984527319669724,-0.14560575783252716,0.00043649712461046875,0.0008404046529904008,-0.006596486084163189,0.0,0.0,0.0,-0.011781212873756886,-0.012774803675711155,-0.004602258093655109,0.0,0.0,-0.004602258093655109,0.000432959059253335,-7.636126247234643e-05,0.000133611261844635,0.09365589916706085,0.1015595942735672,8.28734555398114e-05,0.0,0.0,0.0,0.09321801364421844,0.10158766061067581,-0.0002557863772381097,8.257081208284944e-05,-0.09424658864736557,-0.10043919086456299,-7.065877434797585e-05,2.0,2.0,2.0,2.0,0.0,0.0,0.0,0.0015332031762227416,0.0,4.4875450839754194e-05,4.487543992581777e-05,4.487544356379658e-05,4.4875436287838966e-05,0.0,-0.11606135964393616,0.1106819435954094,-9.799742698669434,0.0,0.0,0.0,0.0,0.0,0.0,0.0,0.0,0.0,0.0,0.0,0.0,0.0,0.0,0.0,4.488492413656786e-05,4.4884920498589054e-05,4.4884920498589054e-05,4.4884920498589054e-05,0.04114978387951851,0.04114978387951851,0.04114978387951851,0.04114978387951851,0.009702889248728752,-0.0018906178884208202,0.012764486484229565,0.0,0.0,0.0,0.0,0.0,0.0,0.0
2046676558,0,0.0017176223918795586,-0.03590311482548714,-0.1456272155046463,0.0017176223918795586,-0.03590311482548714,-0.1456272155046463,0.0005298152100294828,0.0005620297743007541,-0.006830638274550438,0.0,0.0,0.0,-0.011760837398469448,-0.012806828133761883,-0.004608422052115202,0.0,0.0,-0.004608422052115202,0.000432959059253335,-7.636126247234643e-05,0.000133611261844635,0.09349650889635086,0.10172483325004578,6.122447666712105e-05,0.0,0.0,0.0,0.09321801364421844,0.10158766061067581,-0.0002557863772381097,8.257081208284944e-05,-0.09423886239528656,-0.10048624128103256,-6.563936040038243e-05,2.0,2.0,2.0,2.0,0.0,0.0,0.0,0.0,0.0,4.4875450839754194e-05,4.487543992581777e-05,4.487544356379658e-05,4.4875436287838966e-05,0.0,-0.11450222879648209,0.12060961127281189,-9.802265167236328,0.0,0.0,0.0,0.0,0.0,0.0,0.0,0.0,0.0,0.0,0.0,0.0,0.0,0.0,0.0,4.4786422222387046e-05,4.478641494642943e-05,4.478641494642943e-05,4.478641494642943e-05,0.04114978387951851,0.04114978387951851,0.04114978387951851,0.04114978387951851,0.009702889248728752,-0.0018906178884208202,0.012764486484229565,0.0,0.0,0.0,0.0,0.0,0.0,0.0
2056164120,0,0.0017176223918795586,-0.03590311482548714,-0.1456272155046463,0.0017176223918795586,-0.03590311482548714,-0.1456272155046463,0.0005298152100294828,0.0005620297743007541,-0.006830638274550438,0.0,0.0,0.0,-0.011760837398469448,-0.012806828133761883,-0.004608422052115202,0.0,0.0,-0.004608422052115202,0.00031400268198922276,-0.0005991907091811299,0.0005896417424082756,0.09349650889635086,0.10172483325004578,6.122447666712105e-05,0.0,0.0,0.0,0.09325128048658371,0.1024080440402031,-0.0007643515709787607,8.200847514672205e-05,-0.09423886239528656,-0.10048624128103256,-6.563936040038243e-05,2.0,2.0,2.0,2.0,0.0,0.0,0.0,0.0,0.0,4.4569827878149226e-05,4.456982060219161e-05,4.456982060219161e-05,4.4569816964212805e-05,0.0,-0.11450222879648209,0.12060961127281189,-9.802265167236328,0.0,0.0,0.0,0.0,0.0,0.0,0.0,0.0,0.0,0.0,0.0,0.0,0.0,0.0,0.0,4.474031084100716e-05,4.474029628909193e-05,4.474029628909193e-05,4.474029628909193e-05,0.04114978387951851,0.04114978387951851,0.04114978387951851,0.04114978387951851,-0.0068776533007621765,-0.00840201135724783,0.02860301360487938,0.0,0.0,0.0,0.0,0.0,0.0,0.0
2066363910,0,0.0017235081177204847,-0.03587570786476135,-0.14563773572444916,0.0017235081177204847,-0.03587570786476135,-0.14563773572444916,0.000496168271638453,0.0004349343362264335,-0.0068033910356462,0.0,0.0,0.0,-0.011773549020290375,-0.012795612215995789,-0.004583805799484253,0.0,0.0,-0.004583805799484253,0.00036152079701423645,-0.00014179848949424922,0.0009217840270139277,0.09353494644165039,0.1017536148428917,7.924030796857551e-05,0.0,0.0,0.0,0.09325128048658371,0.1024080440402031,-0.0007643515709787607,8.200847514672205e-05,-0.09423886239528656,-0.10048624128103256,-6.563936040038243e-05,2.0,2.0,2.0,2.0,0.0,0.0,0.0,0.0,0.0,4.4569827878149226e-05,4.456982060219161e-05,4.456982060219161e-05,4.4569816964212805e-05,0.0,-0.1409091055393219,0.13721135258674622,-9.811470985412598,0.0,0.0,0.0,0.0,0.0,0.0,0.0,0.0,0.0,0.0,0.0,0.0,0.0,0.0,0.0,4.470027124625631e-05,4.470025669434108e-05,4.470025669434108e-05,4.470025669434108e-05,0.04114978387951851,0.04114978387951851,0.04114978387951851,0.04114978387951851,-0.002488554222509265,0.018359242007136345,0.030970435589551926,0.0,0.0,0.0,0.0,0.0,0.0,0.0
2075938970,0,0.0017235081177204847,-0.03587570786476135,-0.14563773572444916,0.0017235081177204847,-0.03587570786476135,-0.14563773572444916,0.000496168271638453,0.0004349343362264335,-0.0068033910356462,0.0,0.0,0.0,-0.011773549020290375,-0.012795612215995789,-0.004583805799484253,0.0,0.0,-0.004583805799484253,0.00036152079701423645,-0.00014179848949424922,0.0009217840270139277,0.09353494644165039,0.1017536148428917,7.924030796857551e-05,0.0,0.0,0.0,0.09319831430912018,0.10171182453632355,-0.0010229754261672497,8.136330870911479e-05,-0.09423394501209259,-0.10053620487451553,-1.4561490388587117e-05,2.0,2.0,2.0,2.0,0.0,0.0,0.0,0.0,0.0,4.421919948072173e-05,4.421919220476411e-05,4.421919220476411e-05,4.4219188566785306e-05,0.0,-0.1409091055393219,0.13721135258674622,-9.811470985412598,0.0,0.0,0.0,0.0,0.0,0.0,0.0,0.0,0.0,0.0,0.0,0.0,0.0,0.0,0.0,4.4640331907430664e-05,4.464032099349424e-05,4.464032099349424e-05,4.464032099349424e-05,0.04114978387951851,0.04114978387951851,0.04114978387951851,0.04114978387951851,-0.002488554222509265,0.018359242007136345,0.030970435589551926,0.0,0.0,0.0,0.0,0.0,0.0,0.0
2086106336,0,0.0017321044579148293,-0.035823505371809006,-0.14565689861774445,0.0017321044579148293,-0.035823505371809006,-0.14565689861774445,0.0004890610580332577,0.00034341655555181205,-0.006244076415896416,0.0,0.0,0.0,-0.01179459597915411,-0.012760210782289505,-0.0045585548505187035,0.0,0.0,-0.0045585548505187035,2.6746696676127613e-05,0.0005253702402114868,0.000750598032027483,0.09361070394515991,0.10141293704509735,0.00011490275210235268,0.0,0.0,0.0,0.09367982298135757,0.10065235942602158,-0.0005097531247884035,7.827766239643097e-05,-0.09423394501209259,-0.10053620487451553,-1.4561490388587117e-05,2.0,2.0,2.0,2.0,0.0,0.0,0.0,0.0,0.0,4.254221130395308e-05,4.254220402799547e-05,4.254220039001666e-05,4.254220039001666e-05,0.0,-0.13750052452087402,0.11176235973834991,-9.808018684387207,0.0,0.0,0.0,0.0,0.0,0.0,0.0,0.0,0.0,0.0,0.0,0.0,0.0,0.0,0.0,4.447195533430204e-05,4.447194078238681e-05,4.447194078238681e-05,4.447194078238681e-05,0.04114978387951851,0.04114978387951851,0.04114978387951851,0.04114978387951851,-0.00958680547773838,0.02352108433842659,-0.004529603756964207,0.0,0.0,0.0,0.0,0.0,0.0,0.0
2097074935,0,0.0017321044579148293,-0.035823505371809006,-0.14565689861774445,0.0017321044579148293,-0.035823505371809006,-0.14565689861774445,0.0004890610580332577,0.00034341655555181205,-0.006244076415896416,0.0,0.0,0.0,-0.01179459597915411,-0.012760210782289505,-0.0045585548505187035,0.0,0.0,-0.0045585548505187035,1.694934326224029e-06,0.0012680720537900925,-0.0004851195844821632,0.09361070394515991,0.10141293704509735,0.00011490275210235268,0.0,0.0,0.0,0.09381294995546341,0.10053884983062744,0.00021372438641265035,7.569930312456563e-05,-0.09423267096281052,-0.1005510613322258,-8.017475920496508e-06,2.0,2.0,2.0,2.0,0.0,0.0,0.0,0.0,0.0,4.1140934627037495e-05,4.114092735107988e-05,4.114092735107988e-05,4.1140923713101074e-05,0.0,-0.13750052452087402,0.11176235973834991,-9.808018684387207,0.0,0.0,0.0,0.0,0.0,0.0,0.0,0.0,0.0,0.0,0.0,0.0,0.0,0.0,0.0,4.404577339300886e-05,4.404575884109363e-05,4.404575884109363e-05,4.404575884109363e-05,0.04114978387951851,0.04114978387951851,0.04114978387951851,0.04114978387951851,-0.003868198487907648,0.039487987756729126,-0.04784643277525902,0.0,0.0,0.0,0.0,0.0,0.0,0.0
2106340772,0,0.001737236394546926,-0.03580065444111824,-0.14567111432552338,0.001737236394546926,-0.03580065444111824,-0.14567111432552338,0.00042850206955336034,0.0005715457955375314,-0.006026437506079674,0.0,0.0,0.0,-0.011785836890339851,-0.012758980505168438,-0.0045601301826536655,0.0,0.0,-0.0045601301826536655,-5.176439299248159e-05,0.0009430224308744073,-0.0010013004066422582,0.09361070394515991,0.10141293704509735,0.00011490275210235268,0.0,0.0,0.0,0.09371165931224823,0.09959481656551361,0.000845703762024641,7.392816041829064e-05,-0.09423267096281052,-0.1005510613322258,-8.017475920496508e-06,2.0,2.0,2.0,2.0,0.0,0.0,0.0,0.0,0.0,4.0178354538511485e-05,4.0178343624575064e-05,4.0178343624575064e-05,4.0178343624575064e-05,0.0,-0.13750052452087402,0.11176235973834991,-9.808018684387207,0.0,0.0,0.0,0.0,0.0,0.0,0.0,0.0,0.0,0.0,0.0,0.0,0.0,0.0,0.0,4.332038952270523e-05,4.332037133281119e-05,4.332037133281119e-05,4.332037133281119e-05,0.04114978387951851,0.04114978387951851,0.04114978387951851,0.04114978387951851,-0.0068848393857479095,0.0016904075164347887,-0.04816129431128502,0.0,0.0,0.0,0.0,0.0,0.0,0.0
2116243205,0,0.001742657390423119,-0.0358031764626503,-0.14568594098091125,0.001742657390423119,-0.0358031764626503,-0.14568594098091125,0.00022382404131349176,0.0008309712284244597,-0.0061251153238117695,0.0,0.0,0.0,-0.011775203980505466,-0.012748900800943375,-0.004606877453625202,0.0,0.0,-0.004606877453625202,-5.176439299248159e-05,0.0009430224308744073,-0.0010013004066422582,0.09360889345407486,0.10135293751955032,0.00012906116899102926,0.0,0.0,0.0,0.09370649605989456,0.10024531930685043,0.0012495137052610517,7.24315395927988e-05,-0.09423097223043442,-0.10055085271596909,-2.3485143174184486e-05,2.0,2.0,2.0,2.0,0.0,0.0,0.0,0.0,0.0,3.936497887480073e-05,3.9364967960864305e-05,3.936497159884311e-05,3.93649643228855e-05,0.0,-0.1353110373020172,0.13239739835262299,-9.814257621765137,0.0,0.0,0.0,0.0,0.0,0.0,0.0,0.0,0.0,0.0,0.0,0.0,0.0,0.0,0.0,4.239072586642578e-05,4.2390711314510554e-05,4.2390711314510554e-05,4.2390711314510554e-05,0.04114978387951851,0.04114978387951851,0.04114978387951851,0.04114978387951851,-0.0068848393857479095,0.0016904075164347887,-0.04816129431128502,0.0,0.0,0.0,0.0,0.0,0.0,0.0
2126198452,0,0.001742657390423119,-0.0358031764626503,-0.14568594098091125,0.001742657390423119,-0.0358031764626503,-0.14568594098091125,0.00022382404131349176,0.0008309712284244597,-0.0061251153238117695,0.0,0.0,0.0,-0.011775203980505466,-0.012748900800943375,-0.004606877453625202,0.0,0.0,-0.004606877453625202,-5.176439299248159e-05,0.0009430224308744073,-0.0010013004066422582,0.09360889345407486,0.10135293751955032,0.00012906116899102926,0.0,0.0,0.0,0.09370649605989456,0.10024531930685043,0.0012495137052610517,7.24315395927988e-05,-0.09423097223043442,-0.10055085271596909,-2.3485143174184486e-05,2.0,2.0,2.0,2.0,0.0,0.0,0.0,0.0,0.0,3.936497887480073e-05,3.9364967960864305e-05,3.936497159884311e-05,3.93649643228855e-05,0.0,-0.12486201524734497,0.13393601775169373,-9.781311988830566,0.0,0.0,0.0,0.0,0.0,0.0,0.0,0.0,0.0,0.0,0.0,0.0,0.0,0.0,0.0,4.1412691643927246e-05,4.141268436796963e-05,4.141268436796963e-05,4.141268436796963e-05,0.04114978387951851,0.04114978387951851,0.04114978387951851,0.04114978387951851,-0.0068848393857479095,0.0016904075164347887,-0.04816129431128502,0.0,0.0,0.0,0.0,0.0,0.0,0.0
2139189590,0,0.0017484505660831928,-0.03580803424119949,-0.1456858515739441,0.0017484505660831928,-0.03580803424119949,-0.1456858515739441,0.0003249708970542997,0.0004806694632861763,-0.005619215313345194,0.0,0.0,0.0,-0.011757939122617245,-0.012778265401721,-0.0046013277024030685,0.0,0.0,-0.004601327236741781,-0.00015385090955533087,-0.0006011592922732234,-0.000822656147647649,0.09388871490955353,0.1016012579202652,0.0001107723219320178,0.0,0.0,0.0,0.0937177911400795,0.10276365280151367,0.000704887555912137,7.16686190571636e-05,-0.09422867745161057,-0.10057787597179413,-5.62140739930328e-05,2.0,2.0,2.0,2.0,0.0,0.0,0.0,0.0,0.0,3.895034024026245e-05,3.895033660228364e-05,3.895033660228364e-05,3.895033660228364e-05,0.0,-0.12486201524734497,0.13393601775169373,-9.781311988830566,0.0,0.0,0.0,0.0,0.0,0.0,0.0,0.0,0.0,0.0,0.0,0.0,0.0,0.0,0.0,4.053469456266612e-05,4.053469092468731e-05,4.053469092468731e-05,4.053469092468731e-05,0.04114978387951851,0.04114978387951851,0.04114978387951851,0.04114978387951851,-0.009288806468248367,-0.05755520984530449,-0.009003178216516972,0.0,0.0,0.0,0.0,0.0,0.0,0.0
2146387076,0,0.0017484505660831928,-0.03580803424119949,-0.1456858515739441,0.0017484505660831928,-0.03580803424119949,-0.1456858515739441,0.0003249708970542997,0.0004806694632861763,-0.005619215313345194,0.0,0.0,0.0,-0.011757939122617245,-0.012778265401721,-0.0046013277024030685,0.0,0.0,-0.004601327236741781,-0.0002831727615557611,-0.0015213197330012918,-0.0005899514071643353,0.09388871490955353,0.1016012579202652,0.0001107723219320178,0.0,0.0,0.0,0.09423572570085526,0.1041049063205719,0.0003659644862636924,7.198966341093183e-05,-0.09422530233860016,-0.10065250843763351,-7.925685349619016e-05,2.0,2.0,2.0,2.0,0.0,0.0,0.0,0.0,0.0,3.912482861778699e-05,3.912481770385057e-05,3.912482497980818e-05,3.912481406587176e-05,0.0,-0.12486201524734497,0.13393601775169373,-9.781311988830566,0.0,0.0,0.0,0.0,0.0,0.0,0.0,0.0,0.0,0.0,0.0,0.0,0.0,0.0,0.0,3.983770511695184e-05,3.983770511695184e-05,3.983770511695184e-05,3.983770511695184e-05,0.04114978387951851,0.04114978387951851,0.04114978387951851,0.04114978387951851,-0.013650146313011646,-0.07061281055212021,0.005974696949124336,0.0,0.0,0.0,0.0,0.0,0.0,0.0
2156673375,0,0.0017534042708575726,-0.03586320951581001,-0.1456795632839203,0.0017534042708575726,-0.03586320951581001,-0.1456795632839203,0.00024336074420716614,-1.214515941683203e-05,-0.00550558278337121,0.0,0.0,0.0,-0.01177382655441761,-0.012805615551769733,-0.004621295724064112,0.0,0.0,-0.004621295724064112,0.0005074609071016312,-0.0018783557461574674,-0.000752677908167243,0.09351453185081482,0.10209666937589645,9.662551019573584e-05,0.0,0.0,0.0,0.09423572570085526,0.1041049063205719,0.0003659644862636924,7.198966341093183e-05,-0.0942157506942749,-0.10070272535085678,-9.123280324274674e-05,2.0,2.0,2.0,2.0,0.0,0.0,0.0,0.0,0.0,3.912482861778699e-05,3.912481770385057e-05,3.912482497980818e-05,3.912481406587176e-05,0.0,-0.14911983907222748,0.12456182390451431,-9.827689170837402,0.0,0.0,0.0,0.0,0.0,0.0,0.0,0.0,0.0,0.0,0.0,0.0,0.0,0.0,0.0,3.9355323679046705e-05,3.93553200410679e-05,3.9355323679046705e-05,3.93553200410679e-05,0.04114978387951851,0.04114978387951851,0.04114978387951851,0.04114978387951851,0.018726028501987457,-0.020862793549895287,-0.00939431693404913,0.0,0.0,0.0,0.0,0.0,0.0,0.0
2167236263,0,0.001753959571942687,-0.03591453656554222,-0.14567573368549347,0.001753959571942687,-0.03591453656554222,-0.14567573368549347,0.00018269098654855043,-6.713467882946134e-05,-0.00538216857239604,0.0,0.0,0.0,-0.011773735284805298,-0.012829179875552654,-0.0046256305649876595,0.0,0.0,-0.0046256305649876595,0.0005074609071016312,-0.0018783557461574674,-0.000752677908167243,0.09356098622083664,0.10195059329271317,0.0001255752722499892,0.0,0.0,0.0,0.09286626428365707,0.1040375828742981,0.0006794086075387895,7.322442252188921e-05,-0.09420657902956009,-0.10074426233768463,-0.00010340908193029463,2.0,2.0,2.0,2.0,0.0,0.0,0.0,0.0,0.0,3.9795890188543126e-05,3.979588655056432e-05,3.979588655056432e-05,3.979588291258551e-05,0.0,-0.15029509365558624,0.12506753206253052,-9.834152221679688,0.0,0.0,0.0,0.0,0.0,0.0,0.0,0.0,0.0,0.0,0.0,0.0,0.0,0.0,0.0,3.910651139449328e-05,3.9106496842578053e-05,3.9106507756514475e-05,3.9106496842578053e-05,0.04114978387951851,0.04114978387951851,0.04114978387951851,0.04114978387951851,0.018726028501987457,-0.020862793549895287,-0.00939431693404913,0.0,0.0,0.0,0.0,0.0,0.0,0.0
2176095992,0,0.0017524409340694547,-0.03597281500697136,-0.1456712782382965,0.0017524409340694547,-0.03597281500697136,-0.1456712782382965,0.00015414546942338347,0.00012496564886532724,-0.005256399977952242,0.0,0.0,0.0,-0.011773230507969856,-0.012851846404373646,-0.0046406956389546394,0.0,0.0,-0.004640695173293352,0.0005074609071016312,-0.0018783557461574674,-0.000752677908167243,0.09350251406431198,0.10200268030166626,9.383150609210134e-05,0.0,0.0,0.0,0.09286626428365707,0.1040375828742981,0.0006794086075387895,7.322442252188921e-05,-0.09420657902956009,-0.10074426233768463,-0.00010340908193029463,2.0,2.0,2.0,2.0,0.0,0.0,0.0,0.0,0.0,3.9795890188543126e-05,3.979588655056432e-05,3.979588655056432e-05,3.979588291258551e-05,0.0,-0.12968330085277557,0.1406572312116623,-9.821152687072754,0.0,0.0,0.0,0.0,0.0,0.0,0.0,0.0,0.0,0.0,0.0,0.0,0.0,0.0,0.0,3.908039070665836e-05,3.908036887878552e-05,3.908038343070075e-05,3.908036887878552e-05,0.04114978387951851,0.04114978387951851,0.04114978387951851,0.04114978387951851,0.018726028501987457,-0.020862793549895287,-0.00939431693404913,0.0,0.0,0.0,0.0,0.0,0.0,0.0
2188897650,0,0.0017524409340694547,-0.03597281500697136,-0.1456712782382965,0.0017524409340694547,-0.03597281500697136,-0.1456712782382965,0.00015414546942338347,0.00012496564886532724,-0.005256399977952242,0.0,0.0,0.0,-0.011773230507969856,-0.012851846404373646,-0.0046406956389546394,0.0,0.0,-0.004640695173293352,0.00045805942500010133,0.00028871273389086127,-5.2826901082880795e-05,0.09350251406431198,0.10200268030166626,9.383150609210134e-05,0.0,0.0,0.0,0.09288705140352249,0.10227280855178833,7.755444676149637e-05,7.561460370197892e-05,-0.0941939502954483,-0.10078681260347366,-0.00011031808389816433,2.0,2.0,2.0,2.0,0.0,0.0,0.0,0.0,0.0,4.109489964321256e-05,4.109489600523375e-05,4.109489600523375e-05,4.109489236725494e-05,0.0,-0.12968330085277557,0.1406572312116623,-9.821152687072754,0.0,0.0,0.0,0.0,0.0,0.0,0.0,0.0,0.0,0.0,0.0,0.0,0.0,0.0,0.0,3.92594956792891e-05,3.925947021343745e-05,3.925948840333149e-05,3.925947021343745e-05,0.04114978387951851,0.04114978387951851,0.04114978387951851,0.04114978387951851,-0.00034343547304160893,0.07372255623340607,0.01673237606883049,0.0,0.0,0.0,0.0,0.0,0.0,0.0
2196220638,0,0.0017517840024083853,-0.03597991168498993,-0.14567022025585175,0.0017517840024083853,-0.03597991168498993,-0.14567022025585175,5.671258259098977e-05,0.00022595655173063278,-0.005393140483647585,0.0,0.0,0.0,-0.01177503727376461,-0.012829307466745377,-0.004642130341380835,0.0,0.0,-0.004642130341380835,0.00045805942500010133,0.00028871273389086127,-5.2826901082880795e-05,0.09350251406431198,0.10200268030166626,9.383150609210134e-05,0.0,0.0,0.0,0.09288705140352249,0.10227280855178833,7.755444676149637e-05,7.561460370197892e-05,-0.0941939502954483,-0.10078681260347366,-0.00011031808389816433,2.0,2.0,2.0,2.0,0.0,0.0,0.0,0.0,0.0,4.109489964321256e-05,4.109489600523375e-05,4.109489600523375e-05,4.109489236725494e-05,0.0,-0.12968330085277557,0.1406572312116623,-9.821152687072754,0.0,0.0,0.0,0.0,0.0,0.0,0.0,0.0,0.0,0.0,0.0,0.0,0.0,0.0,0.0,3.9626334910281e-05,3.962631308240816e-05,3.962632763432339e-05,3.962631308240816e-05,0.04114978387951851,0.04114978387951851,0.04114978387951851,0.04114978387951851,-0.00034343547304160893,0.07372255623340607,0.01673237606883049,0.0,0.0,0.0,0.0,0.0,0.0,0.0
2206155526,0,0.0017517840024083853,-0.03597991168498993,-0.14567022025585175,0.0017517840024083853,-0.03597991168498993,-0.14567022025585175,5.671258259098977e-05,0.00022595655173063278,-0.005393140483647585,0.0,0.0,0.0,-0.01177503727376461,-0.012829307466745377,-0.004642130341380835,0.0,0.0,-0.004642130341380835,0.00045805942500010133,0.00028871273389086127,-5.2826901082880795e-05,0.09367748349905014,0.1019057109951973,7.967238343553618e-05,0.0,0.0,0.0,0.09322285652160645,0.10087977349758148,-0.0001446208916604519,7.66716111684218e-05,-0.0941939502954483,-0.10078681260347366,-0.00011031808389816433,2.0,2.0,2.0,2.0,0.0,0.0,0.0,0.0,0.0,4.1669354686746374e-05,4.1669354686746374e-05,4.166934741078876e-05,4.166934741078876e-05,0.0,-0.13655880093574524,0.12440313398838043,-9.809603691101074,0.0,0.0,0.0,0.0,0.0,0.0,0.0,0.0,0.0,0.0,0.0,0.0,0.0,0.0,0.0,4.010424163425341e-05,4.010422344435938e-05,4.01042343582958e-05,4.010422344435938e-05,0.04114978387951851,0.04114978387951851,0.04114978387951851,0.04114978387951851,-0.00034343547304160893,0.07372255623340607,0.01673237606883049,0.0,0.0,0.0,0.0,0.0,0.0,0.0
2216054078,0,0.001749161398038268,-0.03595881164073944,-0.14566373825073242,0.001749161398038268,-0.03595881164073944,-0.14566373825073242,-1.9991544832009822e-05,-1.144417365139816e-05,-0.005602410063147545,0.0,0.0,0.0,-0.011773943901062012,-0.012834829278290272,-0.0046427613124251366,0.0,0.0,-0.004642761778086424,-0.00023306145158130676,3.6835335777141154e-05,0.0002775399771053344,0.09359823167324066,0.10203656554222107,9.474613761994988e-05,0.0,0.0,0.0,0.09435426443815231,0.10192835330963135,-0.0002977073017973453,7.824413478374481e-05,-0.09416745603084564,-0.10084766149520874,-0.00010113384632859379,2.0,2.0,2.0,2.0,0.0,0.0,0.0,0.0,0.0,4.252399594406597e-05,4.252398866810836e-05,4.252398866810836e-05,4.252398503012955e-05,0.0,-0.12565116584300995,0.09696917235851288,-9.824869155883789,0.0,0.0,0.0,0.0,0.0,0.0,0.0,0.0,0.0,0.0,0.0,0.0,0.0,0.0,0.0,4.0641010855324566e-05,4.064099630340934e-05,4.064100357936695e-05,4.064099630340934e-05,0.04114978387951851,0.04114978387951851,0.04114978387951851,0.04114978387951851,-0.028267700225114822,0.009005820378661156,0.007766463328152895,0.0,0.0,0.0,0.0,0.0,0.0,0.0
2226291809,0,0.0017468235455453396,-0.03593352064490318,-0.1456577032804489,0.0017468235455453396,-0.03593352064490318,-0.1456577032804489,0.00011699997412506491,-0.0003548737149685621,-0.005564648192375898,0.0,0.0,0.0,-0.011843073181807995,-0.012871287763118744,-0.004632139578461647,0.0,0.0,-0.004632139578461647,-0.00023306145158130676,3.6835335777141154e-05,0.0002775399771053344,0.09412824362516403,0.10211480408906937,0.00013922069047112018,0.0,0.0,0.0,0.09435426443815231,0.10192835330963135,-0.0002977073017973453,7.824413478374481e-05,-0.09416745603084564,-0.10084766149520874,-0.00010113384632859379,2.0,2.0,2.0,2.0,0.0,0.0,0.0,0.0,0.0,4.252399594406597e-05,4.252398866810836e-05,4.252398866810836e-05,4.252398503012955e-05,0.0,-0.1328313797712326,0.1239888072013855,-9.824869155883789,0.0,0.0,0.0,0.0,0.0,0.0,0.0,0.0,0.0,0.0,0.0,0.0,0.0,0.0,0.0,4.1213035729015246e-05,4.121302117710002e-05,4.121303209103644e-05,4.121302117710002e-05,0.04114978387951851,0.04114978387951851,0.04114978387951851,0.04114978387951851,-0.028267700225114822,0.009005820378661156,0.007766463328152895,0.0,0.0,0.0,0.0,0.0,0.0,0.0
2236393872,0,0.0017468235455453396,-0.03593352064490318,-0.1456577032804489,0.0017468235455453396,-0.03593352064490318,-0.1456577032804489,0.00011699997412506491,-0.0003548737149685621,-0.005564648192375898,0.0,0.0,0.0,-0.011843073181807995,-0.012871287763118744,-0.004632139578461647,0.0,0.0,-0.004632139578461647,-0.0012517878785729408,-0.0008165414910763502,0.0002512312785256654,0.09412824362516403,0.10211480408906937,0.00013922069047112018,0.0,0.0,0.0,0.09572786092758179,0.10320324450731277,-0.00013633458002004772,7.864020153647289e-05,-0.09419623762369156,-0.10093453526496887,-8.354556484846398e-05,2.0,2.0,2.0,2.0,0.0,0.0,0.0,0.0,0.0,4.273924059816636e-05,4.2739236960187554e-05,4.273923332220875e-05,4.273923332220875e-05,0.0,-0.13164059817790985,0.11151695996522903,-9.837834358215332,0.0,0.0,0.0,0.0,0.0,0.0,0.0,0.0,0.0,0.0,0.0,0.0,0.0,0.0,0.0,4.1746206989046186e-05,4.174618879915215e-05,4.174619971308857e-05,4.174618879915215e-05,0.04114978387951851,0.04114978387951851,0.04114978387951851,0.04114978387951851,-0.034782763570547104,-0.02719004638493061,-0.0026313569396734238,0.0,0.0,0.0,0.0,0.0,0.0,0.0
2246253575,0,0.0017450632294639945,-0.035922572016716,-0.14565540850162506,0.0017450632294639945,-0.035922572016716,-0.14565540850162506,6.905219379405025e-06,-0.00028429983649402857,-0.005551212467253208,0.0,0.0,0.0,-0.011857864446938038,-0.01284010149538517,-0.00464248564094305,0.0,0.0,-0.004642485175281763,-0.0007921768701635301,-0.0008304191287606955,-3.72832510038279e-05,0.09403646737337112,0.10230667144060135,0.0001067465273081325,0.0,0.0,0.0,0.09476567059755325,0.10326767712831497,0.00019525043899193406,7.858628669055179e-05,-0.09419623762369156,-0.10093453526496887,-8.354556484846398e-05,2.0,2.0,2.0,2.0,0.0,0.0,0.0,0.0,0.0,4.270994395483285e-05,4.2709940316854045e-05,4.2709940316854045e-05,4.270993304089643e-05,0.0,-0.15092580020427704,0.10308480262756348,-9.836392402648926,0.0,0.0,0.0,0.0,0.0,0.0,0.0,0.0,0.0,0.0,0.0,0.0,0.0,0.0,0.0,4.2180385207757354e-05,4.218036701786332e-05,4.218037793179974e-05,4.218036337988451e-05,0.04114978387951851,0.04114978387951851,0.04114978387951851,0.04114978387951851,0.006297407206147909,-0.01305880956351757,-0.01658143848180771,0.0,0.0,0.0,0.0,0.0,0.0,0.0
2256491879,0,0.0017450632294639945,-0.035922572016716,-0.14565540850162506,0.0017450632294639945,-0.035922572016716,-0.14565540850162506,6.905219379405025e-06,-0.00028429983649402857,-0.005551212467253208,0.0,0.0,0.0,-0.011857864446938038,-0.01284010149538517,-0.00464248564094305,0.0,0.0,-0.004642485175281763,-0.0007921768701635301,-0.0008304191287606955,-3.72832510038279e-05,0.09403646737337112,0.10230667144060135,0.0001067465273081325,0.0,0.0,0.0,0.09476567059755325,0.10326767712831497,0.00019525043899193406,7.858628669055179e-05,-0.09419718384742737,-0.1009828969836235,-0.00010463155194884166,2.0,2.0,2.0,2.0,0.0,0.0,0.0,0.0,0.0,4.270994395483285e-05,4.2709940316854045e-05,4.2709940316854045e-05,4.270993304089643e-05,0.0,-0.15092580020427704,0.10308480262756348,-9.836392402648926,0.0,0.0,0.0,0.0,0.0,0.0,0.0,0.0,0.0,0.0,0.0,0.0,0.0,0.0,0.0,4.2492985812714323e-05,4.249296762282029e-05,4.24929748987779e-05,4.249296398484148e-05,0.04114978387951851,0.04114978387951851,0.04114978387951851,0.04114978387951851,0.006297407206147909,-0.01305880956351757,-0.01658143848180771,0.0,0.0,0.0,0.0,0.0,0.0,0.0
2266457681,0,0.001736467587761581,-0.03595433756709099,-0.14565102756023407,0.001736467587761581,-0.03595433756709099,-0.14565102756023407,-0.00020677373686339706,-0.00027725243126042187,-0.005136869847774506,0.0,0.0,0.0,-0.011844526045024395,-0.012836004607379436,-0.004690434783697128,0.0,0.0,-0.004690435249358416,0.0001600397954462096,0.001016899012029171,-0.001690895645879209,0.09394531697034836,0.1016881987452507,0.00010791474778670818,0.0,0.0,0.0,0.09346041828393936,0.09998144209384918,0.0019965250976383686,7.917219045339152e-05,-0.09419718384742737,-0.1009828969836235,-0.00010463155194884166,2.0,2.0,2.0,2.0,0.0,0.0,0.0,0.0,0.0,4.302837623981759e-05,4.302836532588117e-05,4.302837260183878e-05,4.302836168790236e-05,0.0,-0.12665733695030212,0.10191130638122559,-9.79037094116211,0.0,0.0,0.0,0.0,0.0,0.0,0.0,0.0,0.0,0.0,0.0,0.0,0.0,0.0,0.0,4.27014529122971e-05,4.270143108442426e-05,4.270143836038187e-05,4.270143108442426e-05,0.04114978387951851,0.04114978387951851,0.04114978387951851,0.04114978387951851,0.03248576447367668,0.06898562610149384,-0.0726589560508728,0.0,0.0,0.0,0.0,0.0,0.0,0.0
2276409671,0,0.001736467587761581,-0.03595433756709099,-0.14565102756023407,0.001736467587761581,-0.03595433756709099,-0.14565102756023407,-0.00020677373686339706,-0.00027725243126042187,-0.005136869847774506,0.0,0.0,0.0,-0.011844526045024395,-0.012836004607379436,-0.004690434783697128,0.0,0.0,-0.004690435249358416,-0.00014486457803286612,0.0012013703817501664,-0.0021198559552431107,0.09394531697034836,0.1016881987452507,0.00010791474778670818,0.0,0.0,0.0,0.09404436498880386,0.09987444430589676,0.0021766596473753452,8.090347546385601e-05,-0.09418917447328568,-0.10099076479673386,-0.00018077441200148314,2.0,2.0,2.0,2.0,0.0,0.0,0.0,0.0,0.0,4.396928852656856e-05,4.396927761263214e-05,4.396928125061095e-05,4.3969273974653333e-05,0.0,-0.12665733695030212,0.10191130638122559,-9.79037094116211,0.0,0.0,0.0,0.0,0.0,0.0,0.0,0.0,0.0,0.0,0.0,0.0,0.0,0.0,0.0,4.2893021600320935e-05,4.2892996134469286e-05,4.28930034104269e-05,4.2892996134469286e-05,0.04114978387951851,0.04114978387951851,0.04114978387951851,0.04114978387951851,-0.0018763478146865964,0.018194252625107765,-0.03251061215996742,0.0,0.0,0.0,0.0,0.0,0.0,0.0
2286296661,0,0.0017734653083607554,-0.03601337596774101,-0.1456478089094162,0.0017734653083607554,-0.03601337596774101,-0.1456478089094162,-0.00030486483592540026,-0.0004105909320060164,-0.005660007242113352,0.0,0.0,0.0,-0.011831884272396564,-0.012817167676985264,-0.004740692209452391,0.0,0.0,-0.004740692675113678,0.0005463872803375125,0.00043022073805332184,-0.0018549159867689013,0.09441074728965759,0.10161246359348297,0.0001025875099003315,0.0,0.0,0.0,0.09404436498880386,0.09987444430589676,0.0021766596473753452,8.090347546385601e-05,-0.09418917447328568,-0.10099076479673386,-0.00018077441200148314,2.0,2.0,2.0,2.0,0.0,0.0,0.0,0.0,0.0,4.396928852656856e-05,4.396927761263214e-05,4.396928125061095e-05,4.3969273974653333e-05,0.0,-0.13593789935112,0.11021803319454193,-9.83553695678711,0.0,0.0,0.0,0.0,0.0,0.0,0.0,0.0,0.0,0.0,0.0,0.0,0.0,0.0,0.0,4.3142426875419915e-05,4.314240504754707e-05,4.3142412323504686e-05,4.314240504754707e-05,0.04114978387951851,0.04114978387951851,0.04114978387951851,0.04114978387951851,0.031824640929698944,-0.028483258560299873,-0.005016927607357502,0.0,0.0,0.0,0.0,0.0,0.0,0.0
2295861750,0,0.0018069804646074772,-0.03612405061721802,-0.14564597606658936,0.0018069804646074772,-0.03612405061721802,-0.14564597606658936,-0.00033836576039902866,-0.0010231006890535355,-0.006052360869944096,0.0,0.0,0.0,-0.011826390400528908,-0.012803154066205025,-0.004785563331097364,0.0,0.0,-0.004785563796758652,0.0005463872803375125,0.00043022073805332184,-0.0018549159867689013,0.0940157100558281,0.10178431123495102,0.000125305843539536,0.0,0.0,0.0,0.09348004311323166,0.10164812207221985,0.001437690923921764,8.75399709912017e-05,-0.09418265521526337,-0.10099973529577255,-0.00021865767484996468,2.0,2.0,2.0,2.0,0.0,0.0,0.0,0.0,0.0,4.7576082579325885e-05,4.757607166538946e-05,4.757607530336827e-05,4.757606438943185e-05,0.0,-0.13494202494621277,0.10164809972047806,-9.826562881469727,0.0,0.0,0.0,0.0,0.0,0.0,0.0,0.0,0.0,0.0,0.0,0.0,0.0,0.0,0.0,4.3584055674728006e-05,4.358404112281278e-05,4.358404112281278e-05,4.358404112281278e-05,0.04114978387951851,0.04114978387951851,0.04114978387951851,0.04114978387951851,0.031824640929698944,-0.028483258560299873,-0.005016927607357502,0.0,0.0,0.0,0.0,0.0,0.0,0.0
2306250598,0,0.0018069804646074772,-0.03612405061721802,-0.14564597606658936,0.0018069804646074772,-0.03612405061721802,-0.14564597606658936,-0.00033836576039902866,-0.0010231006890535355,-0.006052360869944096,0.0,0.0,0.0,-0.011826390400528908,-0.012803154066205025,-0.004785563331097364,0.0,0.0,-0.004785563796758652,0.0005385554977692664,-0.0006282334215939045,-0.0006817689281888306,0.0940592959523201,0.10198503732681274,6.153162394184619e-05,0.0,0.0,0.0,0.09348004311323166,0.10164812207221985,0.001437690923921764,8.75399709912017e-05,-0.09416523575782776,-0.10104923695325851,-0.0002640500897541642,2.0,2.0,2.0,2.0,0.0,0.0,0.0,0.0,0.0,4.7576082579325885e-05,4.757607166538946e-05,4.757607530336827e-05,4.757606438943185e-05,0.0,-0.12673480808734894,0.12576746940612793,-9.81709098815918,0.0,0.0,0.0,0.0,0.0,0.0,0.0,0.0,0.0,0.0,0.0,0.0,0.0,0.0,0.0,4.437150346348062e-05,4.43714925495442e-05,4.437148891156539e-05,4.43714925495442e-05,0.04114978387951851,0.04114978387951851,0.04114978387951851,0.04114978387951851,0.015791531652212143,-0.035681258887052536,0.04457946494221687,0.0,0.0,0.0,0.0,0.0,0.0,0.0
2315996490,0,0.0018419775879010558,-0.03626159578561783,-0.14564119279384613,0.0018419775879010558,-0.03626159578561783,-0.14564119279384613,0.0002219220477854833,-0.001725764013826847,-0.0055359420366585255,0.0,0.0,0.0,-0.011870527639985085,-0.01283147744834423,-0.004773121792823076,0.0,0.0,-0.004773121327161789,0.0005385554977692664,-0.0006282334215939045,-0.0006817689281888306,0.0940592959523201,0.10198503732681274,6.153162394184619e-05,0.0,0.0,0.0,0.09366942197084427,0.10299515724182129,3.366210876265541e-05,9.682692325441167e-05,-0.09416523575782776,-0.10104923695325851,-0.0002640500897541642,2.0,2.0,2.0,2.0,0.0,0.0,0.0,0.0,0.0,5.262333434075117e-05,5.2623330702772364e-05,5.262332706479356e-05,5.262332706479356e-05,0.0,-0.12673480808734894,0.12576746940612793,-9.81709098815918,0.0,0.0,0.0,0.0,0.0,0.0,0.0,0.0,0.0,0.0,0.0,0.0,0.0,0.0,0.0,4.558295040624216e-05,4.558293949230574e-05,4.5582935854326934e-05,4.558293949230574e-05,0.04114978387951851,0.04114978387951851,0.04114978387951851,0.04114978387951851,0.015791531652212143,-0.035681258887052536,0.04457946494221687,0.0,0.0,0.0,0.0,0.0,0.0,0.0
2326086984,0,0.0018597285961732268,-0.03630588576197624,-0.14563629031181335,0.0018597285961732268,-0.03630588576197624,-0.14563629031181335,0.0003687329590320587,-0.0017605365719646215,-0.005249035079032183,0.0,0.0,0.0,-0.011867816559970379,-0.012813298031687737,-0.004779218230396509,0.0,0.0,-0.004779218230396509,0.00038218399276956916,0.0002795053878799081,-0.00018015256500802934,0.09410810470581055,0.10179881751537323,7.993650797288865e-05,0.0,0.0,0.0,0.09374276548624039,0.1012539491057396,-0.0003630407154560089,0.00010189173917751759,-0.09415530413389206,-0.1010718047618866,-0.000270237447693944,2.0,2.0,2.0,2.0,0.0,0.0,0.0,0.0,0.0,5.5375949159497395e-05,5.5375938245560974e-05,5.5375938245560974e-05,5.537593460758217e-05,0.0,-0.1298864632844925,0.12148886173963547,-9.806138038635254,0.0,0.0,0.0,0.0,0.0,0.0,0.0,0.0,0.0,0.0,0.0,0.0,0.0,0.0,0.0,4.737203926197253e-05,4.737202834803611e-05,4.737203198601492e-05,4.737202834803611e-05,0.04114978387951851,0.04114978387951851,0.04114978387951851,0.04114978387951851,-0.0016844881465658545,0.02653590962290764,0.04562157765030861,0.0,0.0,0.0,0.0,0.0,0.0,0.0
2336231471,0,0.001894485205411911,-0.036369942128658295,-0.1456218659877777,0.001894485205411911,-0.036369942128658295,-0.1456218659877777,0.00030199234606698155,-0.0013126396806910634,-0.0050424570217728615,0.0,0.0,0.0,-0.011907460168004036,-0.012764768674969673,-0.004781189374625683,0.0,0.0,-0.004781189374625683,-0.0009543921914882958,0.002061737235635519,0.00023704321938566864,0.09410810470581055,0.10179881751537323,7.993650797288865e-05,0.0,0.0,0.0,0.09374276548624039,0.1012539491057396,-0.0003630407154560089,0.00010189173917751759,-0.09416195005178452,-0.10107222944498062,-0.0002631840470712632,2.0,2.0,2.0,2.0,0.0,0.0,0.0,0.0,0.0,5.5375949159497395e-05,5.5375938245560974e-05,5.5375938245560974e-05,5.537593460758217e-05,0.0,-0.1298864632844925,0.12148886173963547,-9.806138038635254,0.0,0.0,0.0,0.0,0.0,0.0,0.0,0.0,0.0,0.0,0.0,0.0,0.0,0.0,0.0,4.96018874400761e-05,4.9601880164118484e-05,4.96018874400761e-05,4.9601880164118484e-05,0.04114978387951851,0.04114978387951851,0.04114978387951851,0.04114978387951851,-0.04010952636599541,0.05924583598971367,0.026254506781697273,0.0,0.0,0.0,0.0,0.0,0.0,0.0
2346227742,0,0.001894485205411911,-0.036369942128658295,-0.1456218659877777,0.001894485205411911,-0.036369942128658295,-0.1456218659877777,0.00030199234606698155,-0.0013126396806910634,-0.0050424570217728615,0.0,0.0,0.0,-0.011907460168004036,-0.012764768674969673,-0.004781189374625683,0.0,0.0,-0.004781189374625683,-0.0009543921914882958,0.002061737235635519,0.00023704321938566864,0.09474609792232513,0.10127390921115875,8.491343760397285e-05,0.0,0.0,0.0,0.09610158205032349,0.09861971437931061,-0.00048665242502465844,0.00011001004168065265,-0.09416195005178452,-0.10107222944498062,-0.0002631840470712632,2.0,2.0,2.0,2.0,0.0,0.0,0.0,0.0,0.0,5.97880789428018e-05,5.9788064390886575e-05,5.978806802886538e-05,5.978805711492896e-05,0.0,-0.12573175132274628,0.11947809159755707,-9.798840522766113,0.0,0.0,0.0,0.0,0.0,0.0,0.0,0.0,0.0,0.0,0.0,0.0,0.0,0.0,0.0,5.196756683290005e-05,5.196755955694243e-05,5.196756319492124e-05,5.196755955694243e-05,0.04114978387951851,0.04114978387951851,0.04114978387951851,0.04114978387951851,-0.04010952636599541,0.05924583598971367,0.026254506781697273,0.0,0.0,0.0,0.0,0.0,0.0,0.0
2356478105,0,0.001894485205411911,-0.036369942128658295,-0.1456218659877777,0.001894485205411911,-0.036369942128658295,-0.1456218659877777,0.00030199234606698155,-0.0013126396806910634,-0.0050424570217728615,0.0,0.0,0.0,-0.011907460168004036,-0.012764768674969673,-0.004781189374625683,0.0,0.0,-0.004781189374625683,-0.0009543921914882958,0.002061737235635519,0.00023704321938566864,0.09474609792232513,0.10127390921115875,8.491343760397285e-05,0.0,0.0,0.0,0.09610158205032349,0.09861971437931061,-0.00048665242502465844,0.00011001004168065265,-0.09417358040809631,-0.10106538981199265,-0.00025290256598964334,2.0,2.0,2.0,2.0,0.0,0.0,0.0,0.0,0.0,5.97880789428018e-05,5.9788064390886575e-05,5.978806802886538e-05,5.978805711492896e-05,0.0,-0.12573175132274628,0.11947809159755707,-9.798840522766113,0.0,0.0,0.0,0.0,0.0,0.0,0.0,0.0,0.0,0.0,0.0,0.0,0.0,0.0,0.0,5.437059735413641e-05,5.437058280222118e-05,5.4370586440199986e-05,5.437058280222118e-05,0.04114978387951851,0.04114978387951851,0.04114978387951851,0.04114978387951851,-0.04010952636599541,0.05924583598971367,0.026254506781697273,0.0,0.0,0.0,0.0,0.0,0.0,0.0
2365894343,0,0.0019272181671112776,-0.03640776127576828,-0.1456088423728943,0.0019272181671112776,-0.03640776127576828,-0.1456088423728943,0.00015712088497821242,-0.001158722210675478,-0.005480834282934666,0.0,0.0,0.0,-0.011918588541448116,-0.012765348888933659,-0.0047544087283313274,0.0,0.0,-0.0047544087283313274,-0.0007199145038612187,0.0006413579685613513,0.00043187179835513234,0.09483189880847931,0.10165022313594818,8.850371523294598e-05,0.0,0.0,0.0,0.09610158205032349,0.09861971437931061,-0.00048665242502465844,0.00011001004168065265,-0.09419578313827515,-0.10107814520597458,-0.00023062078980728984,2.0,2.0,2.0,2.0,0.0,0.0,0.0,0.0,0.0,5.97880789428018e-05,5.9788064390886575e-05,5.978806802886538e-05,5.978805711492896e-05,0.0,-0.12727680802345276,0.12389446794986725,-9.845520973205566,0.0,0.0,0.0,0.0,0.0,0.0,0.0,0.0,0.0,0.0,0.0,0.0,0.0,0.0,0.0,5.655210406985134e-05,5.655209315591492e-05,5.655208951793611e-05,5.655208951793611e-05,0.04114978387951851,0.04114978387951851,0.04114978387951851,0.04114978387951851,0.006331327836960554,-0.03691306337714195,0.002247635740786791,0.0,0.0,0.0,0.0,0.0,0.0,0.0
2376269395,0,0.001942944130860269,-0.03642571344971657,-0.14560304582118988,0.001942944130860269,-0.03642571344971657,-0.14560304582118988,0.00028289121109992266,-0.0010805148631334305,-0.005842939019203186,0.0,0.0,0.0,-0.01191245298832655,-0.012772979214787483,-0.0047883568331599236,0.0,0.0,-0.004788357298821211,-0.00010897717584157363,0.00017550030315760523,1.0162402759306133e-06,0.09484494477510452,0.10159222036600113,5.273367423797026e-05,0.0,0.0,0.0,0.09459191560745239,0.10184463858604431,0.00011715621076291427,0.0001186777008115314,-0.09419578313827515,-0.10107814520597458,-0.00023062078980728984,2.0,2.0,2.0,2.0,0.0,0.0,0.0,0.0,0.0,6.449875945691019e-05,6.449875218095258e-05,6.449875218095258e-05,6.449874490499496e-05,0.0,-0.09883423894643784,0.11792686581611633,-9.838258743286133,0.0,0.0,0.0,0.0,0.0,0.0,0.0,0.0,0.0,0.0,0.0,0.0,0.0,0.0,0.0,5.843943290528841e-05,5.84394256293308e-05,5.843941471539438e-05,5.843941471539438e-05,0.04114978387951851,0.04114978387951851,0.04114978387951851,0.04114978387951851,0.03620055690407753,-0.04279163479804993,-0.019704584032297134,0.0,0.0,0.0,0.0,0.0,0.0,0.0
2389257226,0,0.001942944130860269,-0.03642571344971657,-0.14560304582118988,0.001973272068426013,-0.036476071923971176,-0.1455969512462616,0.00028289121109992266,-0.0010805148631334305,-0.005842939019203186,0.0,0.0,0.0,-0.01191245298832655,-0.012772979214787483,-0.0047883568331599236,0.0,0.0,-0.004779763985425234,-0.00010897717584157363,0.00017550030315760523,1.0162402759306133e-06,0.09484494477510452,0.10159222036600113,5.273367423797026e-05,0.0,0.0,0.0,0.09459191560745239,0.10184463858604431,0.00011715621076291427,0.0001186777008115314,-0.09419578313827515,-0.10107814520597458,-0.00023062078980728984,2.0,2.0,2.0,2.0,0.0,0.0,0.0,0.0,0.0,6.449875945691019e-05,6.449875218095258e-05,6.449875218095258e-05,6.449874490499496e-05,0.0,-0.09883423894643784,0.11792686581611633,-9.838258743286133,0.0,0.0,0.0,0.0,0.0,0.0,0.0,0.0,0.0,0.0,0.0,0.0,0.0,0.0,0.0,6.026844494044781e-05,6.026843766449019e-05,6.0268423112574965e-05,6.0268423112574965e-05,0.04114978387951851,0.04114978387951851,0.04114978387951851,0.04114978387951851,0.03620055690407753,-0.04279163479804993,-0.019704584032297134,0.0,0.0,0.0,0.0,0.0,0.0,0.0
2396397063,0,0.001973272068426013,-0.036476071923971176,-0.1455969512462616,0.001973272068426013,-0.036476071923971176,-0.1455969512462616,0.00037199046346358955,-0.0013863288331776857,-0.006081836298108101,0.0,0.0,0.0,-0.011937079951167107,-0.012749350629746914,-0.004779764451086521,0.0,0.0,-0.004779763985425234,5.778901686426252e-05,0.0013612407492473722,-0.0018897162517532706,0.09489554166793823,0.10135667026042938,0.00011911014007637277,0.0,0.0,0.0,0.09452544897794724,0.09979709982872009,0.002041594823822379,0.00012261317169759423,-0.09419528394937515,-0.10108429938554764,-0.0002739235933404416,2.0,2.0,2.0,2.0,0.0,0.0,0.0,0.0,0.0,6.663759995717555e-05,6.663759268121794e-05,6.663759268121794e-05,6.663758540526032e-05,0.0,-0.13683703541755676,0.11192114651203156,-9.812864303588867,0.0,0.0,0.0,0.0,0.0,0.0,0.0,0.0,0.0,0.0,0.0,0.0,0.0,0.0,0.0,6.204725650604814e-05,6.204724195413291e-05,6.20472346781753e-05,6.20472346781753e-05,0.04114978387951851,0.04114978387951851,0.04114978387951851,0.04114978387951851,0.015243764966726303,0.026276500895619392,-0.06653773039579391,0.0,0.0,0.0,0.0,0.0,0.0,0.0
2410418671,0,0.00195705215446651,-0.036486174911260605,-0.1455961912870407,0.00195705215446651,-0.036486174911260605,-0.1455961912870407,-2.8364793251967058e-06,-0.001144674839451909,-0.005554568022489548,0.0,0.0,0.0,-0.011934212408959866,-0.012756416574120522,-0.004763833712786436,0.0,0.0,-0.004763833712786436,0.00036794645711779594,0.00014887191355228424,-0.0005648094229400158,0.09489554166793823,0.10135667026042938,0.00011911014007637277,0.0,0.0,0.0,0.09432151168584824,0.10173067450523376,7.406997610814869e-06,0.00013198479427956045,-0.09419407695531845,-0.10108669847249985,-0.0003214743919670582,2.0,2.0,2.0,2.0,0.0,0.0,0.0,0.0,0.0,7.173086487455294e-05,7.173085759859532e-05,7.173085759859532e-05,7.173085032263771e-05,0.0,-0.13683703541755676,0.11192114651203156,-9.812864303588867,0.0,0.0,0.0,0.0,0.0,0.0,0.0,0.0,0.0,0.0,0.0,0.0,0.0,0.0,0.0,6.39054414932616e-05,6.390541966538876e-05,6.390541238943115e-05,6.390541238943115e-05,0.04114978387951851,0.04114978387951851,0.04114978387951851,0.04114978387951851,0.018296830356121063,-0.046635255217552185,0.03587173670530319,0.0,0.0,0.0,0.0,0.0,0.0,0.0
2416611001,0,0.00195705215446651,-0.036486174911260605,-0.1455961912870407,0.00195705215446651,-0.036486174911260605,-0.1455961912870407,-2.8364793251967058e-06,-0.001144674839451909,-0.005554568022489548,0.0,0.0,0.0,-0.011934212408959866,-0.012756416574120522,-0.004763833712786436,0.0,0.0,-0.004763833712786436,0.00036794645711779594,0.00014887191355228424,-0.0005648094229400158,0.09487242996692657,0.10141319036483765,9.933608816936612e-05,0.0,0.0,0.0,0.09432151168584824,0.10173067450523376,7.406997610814869e-06,0.00013198479427956045,-0.09419090300798416,-0.1011010929942131,-0.000324191089021042,2.0,2.0,2.0,2.0,0.0,0.0,0.0,0.0,0.0,7.173086487455294e-05,7.173085759859532e-05,7.173085759859532e-05,7.173085032263771e-05,0.0,-0.13899655640125275,0.10129059106111526,-9.785399436950684,0.0,0.0,0.0,0.0,0.0,0.0,0.0,0.0,0.0,0.0,0.0,0.0,0.0,0.0,0.0,6.602836219826713e-05,6.602834037039429e-05,6.602833309443668e-05,6.602833309443668e-05,0.04114978387951851,0.04114978387951851,0.04114978387951851,0.04114978387951851,0.018296830356121063,-0.046635255217552185,0.03587173670530319,0.0,0.0,0.0,0.0,0.0,0.0,0.0
2448568323,0,0.0019474404398351908,-0.03650197386741638,-0.1455916464328766,0.0019474404398351908,-0.03650197386741638,-0.1455916464328766,-0.00013091208529658616,-0.0008654475677758455,-0.005298316478729248,0.0,0.0,0.0,-0.011905237101018429,-0.012801903299987316,-0.0047523221001029015,0.0,0.0,-0.0047523221001029015,0.0006761548575013876,-0.00021425040904432535,-0.00023809625417925417,0.09464170038700104,0.1017751395702362,7.763202302157879e-05,0.0,0.0,0.0,0.09432151168584824,0.10173067450523376,7.406997610814869e-06,0.00013198479427956045,-0.09419090300798416,-0.1011010929942131,-0.000324191089021042,2.0,2.0,2.0,2.0,0.0,0.0,0.0,0.0,0.0,7.173086487455294e-05,7.173085759859532e-05,7.173085759859532e-05,7.173085032263771e-05,0.0,-0.11848687380552292,0.11399602890014648,-9.785457611083984,0.0,0.0,0.0,0.0,0.0,0.0,0.0,0.0,0.0,0.0,0.0,0.0,0.0,0.0,0.0,6.812471110606566e-05,6.812468927819282e-05,6.812467472627759e-05,6.812467472627759e-05,0.04114978387951851,0.04114978387951851,0.04114978387951851,0.04114978387951851,0.029384933412075043,-0.041256628930568695,0.033649928867816925,0.0,0.0,0.0,0.0,0.0,0.0,0.0
2448648908,0,0.0019474404398351908,-0.03650197386741638,-0.1455916464328766,0.0019474404398351908,-0.03650197386741638,-0.1455916464328766,-0.00013091208529658616,-0.0008654475677758455,-0.005298316478729248,0.0,0.0,0.0,-0.011905237101018429,-0.012801903299987316,-0.0047523221001029015,0.0,0.0,-0.0047523221001029015,0.0006761548575013876,-0.00021425040904432535,-0.00023809625417925417,0.09464170038700104,0.1017751395702362,7.763202302157879e-05,0.0,0.0,0.0,0.09367169439792633,0.10240195691585541,-0.00023591658100485802,0.0001362135080853477,-0.0941653698682785,-0.10113593190908432,-0.00031667109578847885,2.0,2.0,2.0,2.0,0.0,0.0,0.0,0.0,0.0,7.402908522635698e-05,7.402907795039937e-05,7.402907795039937e-05,7.402907067444175e-05,0.0,-0.11848687380552292,0.11399602890014648,-9.785457611083984,0.0,0.0,0.0,0.0,0.0,0.0,0.0,0.0,0.0,0.0,0.0,0.0,0.0,0.0,0.0,6.99271768098697e-05,6.992715498199686e-05,6.992714043008164e-05,6.992714043008164e-05,0.04114978387951851,0.04114978387951851,0.04114978387951851,0.04114978387951851,0.029384933412075043,-0.041256628930568695,0.033649928867816925,0.0,0.0,0.0,0.0,0.0,0.0,0.0
2448676043,0,0.0019301993306726217,-0.036555755883455276,-0.14558382332324982,0.0019301993306726217,-0.036555755883455276,-0.14558382332324982,-0.0001268400374101475,-0.0008688894449733198,-0.005535614211112261,0.0,0.0,0.0,-0.011874927207827568,-0.012762672267854214,-0.004752318374812603,0.0,0.0,-0.004752318374812603,0.001305204234085977,-0.0003343065909575671,0.0003186264948453754,0.09451745450496674,0.1016305536031723,6.799524271627888e-05,0.0,0.0,0.0,0.09294596314430237,0.10212177783250809,-0.000599604332819581,0.0001449638366466388,-0.0941653698682785,-0.10113593190908432,-0.00031667109578847885,2.0,2.0,2.0,2.0,0.0,0.0,0.0,0.0,0.0,7.878470933064818e-05,7.878469477873296e-05,7.878469477873296e-05,7.878468750277534e-05,0.0,-0.11534386873245239,0.12456979602575302,-9.801128387451172,0.0,0.0,0.0,0.0,0.0,0.0,0.0,0.0,0.0,0.0,0.0,0.0,0.0,0.0,0.0,7.168392767198384e-05,7.1683905844111e-05,7.168389129219577e-05,7.168389129219577e-05,0.04114978387951851,0.04114978387951851,0.04114978387951851,0.04114978387951851,0.026628244668245316,-0.015691548585891724,0.026666706427931786,0.0,0.0,0.0,0.0,0.0,0.0,0.0
2456169856,0,0.0019111098954454064,-0.03663114458322525,-0.1455763727426529,0.0019111098954454064,-0.03663114458322525,-0.1455763727426529,-0.0004353730473667383,-0.001122783636674285,-0.0056822644546628,0.0,0.0,0.0,-0.01188488770276308,-0.012731393799185753,-0.004761262331157923,0.0,0.0,-0.004761263262480497,0.0010740549769252539,0.0005315860034897923,-0.00012887005868833512,0.09448021650314331,0.10121432691812515,9.270805458072573e-05,0.0,0.0,0.0,0.0933469906449318,0.10037755221128464,0.00010594341438263655,0.00015007896581664681,-0.0941653698682785,-0.10113593190908432,-0.00031667109578847885,2.0,2.0,2.0,2.0,0.0,0.0,0.0,0.0,0.0,8.156467083608732e-05,8.156465628417209e-05,8.156465628417209e-05,8.156464900821447e-05,0.0,-0.11534386873245239,0.12456979602575302,-9.801128387451172,0.0,0.0,0.0,0.0,0.0,0.0,0.0,0.0,0.0,0.0,0.0,0.0,0.0,0.0,0.0,7.376706344075501e-05,7.376704161288217e-05,7.376702706096694e-05,7.376702706096694e-05,0.04114978387951851,0.04114978387951851,0.04114978387951851,0.04114978387951851,0.005917578004300594,0.03051878698170185,-0.008983878418803215,0.0,0.0,0.0,0.0,0.0,0.0,0.0
2466003925,0,0.0019111098954454064,-0.03663114458322525,-0.1455763727426529,0.0019111098954454064,-0.03663114458322525,-0.1455763727426529,-0.0004353730473667383,-0.001122783636674285,-0.0056822644546628,0.0,0.0,0.0,-0.01188488770276308,-0.012731393799185753,-0.004761262331157923,0.0,0.0,-0.004761263262480497,0.001143963891081512,0.0009105781791731715,-0.00019119749777019024,0.09448021650314331,0.10121432691812515,9.270805458072573e-05,0.0,0.0,0.0,0.0933469906449318,0.10037755221128464,0.00010594341438263655,0.00015007896581664681,-0.09414318203926086,-0.10115838795900345,-0.0003078394220210612,2.0,2.0,2.0,2.0,0.0,0.0,0.0,0.0,0.0,8.156467083608732e-05,8.156465628417209e-05,8.156465628417209e-05,8.156464900821447e-05,0.0,-0.14220236241817474,0.1418522149324417,-9.798877716064453,0.0,0.0,0.0,0.0,0.0,0.0,0.0,0.0,0.0,0.0,0.0,0.0,0.0,0.0,0.0,7.610220200149342e-05,7.61021874495782e-05,7.610217289766297e-05,7.610217289766297e-05,0.04114978387951851,0.04114978387951851,0.04114978387951851,0.04114978387951851,0.003773688804358244,0.029288245365023613,-0.004820094909518957,0.0,0.0,0.0,0.0,0.0,0.0,0.0
2476649242,0,0.0019003729103133082,-0.036690857261419296,-0.14556996524333954,0.0019003729103133082,-0.036690857261419296,-0.14556996524333954,-0.00046800365089438856,-0.0013272379292175174,-0.005429237615317106,0.0,0.0,0.0,-0.01187749020755291,-0.01273130439221859,-0.004776439163833857,0.0,0.0,-0.004776438698172569,0.001143963891081512,0.0009105781791731715,-0.00019119749777019024,0.09425406157970428,0.10125257819890976,9.969565144274384e-05,0.0,0.0,0.0,0.09307236224412918,0.10004911571741104,0.00011288278619758785,0.00015348801389336586,-0.09412471204996109,-0.10115966200828552,-0.0003086776123382151,2.0,2.0,2.0,2.0,0.0,0.0,0.0,0.0,0.0,8.341742068296298e-05,8.341739885509014e-05,8.341741340700537e-05,8.341739157913253e-05,0.0,-0.14570352435112,0.1330406814813614,-9.795028686523438,0.0,0.0,0.0,0.0,0.0,0.0,0.0,0.0,0.0,0.0,0.0,0.0,0.0,0.0,0.0,7.834409188944846e-05,7.834409188944846e-05,7.834407733753324e-05,7.834407733753324e-05,0.04114978387951851,0.04114978387951851,0.04114978387951851,0.04114978387951851,0.003773688804358244,0.029288245365023613,-0.004820094909518957,0.0,0.0,0.0,0.0,0.0,0.0,0.0
2486030559,0,0.0019003729103133082,-0.036690857261419296,-0.14556996524333954,0.0019003729103133082,-0.036690857261419296,-0.14556996524333954,-0.00046800365089438856,-0.0013272379292175174,-0.005429237615317106,0.0,0.0,0.0,-0.01187749020755291,-0.01273130439221859,-0.004776439163833857,0.0,0.0,-0.004776438698172569,0.0004571261233650148,0.0004018904292024672,2.8279770049266517e-05,0.09425406157970428,0.10125257819890976,9.969565144274384e-05,0.0,0.0,0.0,0.09307236224412918,0.10004911571741104,0.00011288278619758785,0.00015348801389336586,-0.09412471204996109,-0.10115966200828552,-0.0003086776123382151,2.0,2.0,2.0,2.0,0.0,0.0,0.0,0.0,0.0,8.341742068296298e-05,8.341739885509014e-05,8.341741340700537e-05,8.341739157913253e-05,0.0,-0.14570352435112,0.1330406814813614,-9.795028686523438,0.0,0.0,0.0,0.0,0.0,0.0,0.0,0.0,0.0,0.0,0.0,0.0,0.0,0.0,0.0,8.029738091863692e-05,8.029738091863692e-05,8.029736636672169e-05,8.029736636672169e-05,0.04114978387951851,0.04114978387951851,0.04114978387951851,0.04114978387951851,-0.026069987565279007,-0.009498660452663898,0.002853655954822898,0.0,0.0,0.0,0.0,0.0,0.0,0.0
2496045004,0,0.001873631845228374,-0.03680887818336487,-0.14555348455905914,0.001873631845228374,-0.03680887818336487,-0.14555348455905914,-0.0006614551530219615,-0.0015702273230999708,-0.004954805597662926,0.0,0.0,0.0,-0.01190630067139864,-0.012738783843815327,-0.004782710690051317,0.0,0.0,-0.0047827111557126045,0.0012865704484283924,-0.000910235452465713,0.0006304294802248478,0.09439367055892944,0.10135781019926071,5.3168758313404396e-05,0.0,0.0,0.0,0.09261561930179596,0.10309527814388275,-0.000794229912571609,0.0001632223866181448,-0.09410746395587921,-0.10116556286811829,-0.00030135043198242784,2.0,2.0,2.0,2.0,0.0,0.0,0.0,0.0,0.0,8.87078422238119e-05,8.870781311998144e-05,8.870782767189667e-05,8.870780584402382e-05,0.0,-0.1440332531929016,0.1009330302476883,-9.827446937561035,0.0,0.0,0.0,0.0,0.0,0.0,0.0,0.0,0.0,0.0,0.0,0.0,0.0,0.0,0.0,8.207781502278522e-05,8.207781502278522e-05,8.207780047086999e-05,8.207780047086999e-05,0.04114978387951851,0.04114978387951851,0.04114978387951851,0.04114978387951851,0.02579430490732193,-0.05102510750293732,0.022829316556453705,0.0,0.0,0.0,0.0,0.0,0.0,0.0
2505753575,0,0.0018424263689666986,-0.036900367587804794,-0.14553478360176086,0.0018424263689666986,-0.036900367587804794,-0.14553478360176086,-0.0008223046315833926,-0.0014392787124961615,-0.004871448036283255,0.0,0.0,0.0,-0.011844624765217304,-0.01278931275010109,-0.004755155183374882,0.0,0.0,-0.004755155183374882,0.0012865704484283924,-0.000910235452465713,0.0006304294802248478,0.09416013956069946,0.10167478770017624,9.34770141611807e-05,0.0,0.0,0.0,0.09261561930179596,0.10309527814388275,-0.000794229912571609,0.0001632223866181448,-0.09408990293741226,-0.10119282454252243,-0.0002832897880580276,2.0,2.0,2.0,2.0,0.0,0.0,0.0,0.0,0.0,8.87078422238119e-05,8.870781311998144e-05,8.870782767189667e-05,8.870780584402382e-05,0.0,-0.11045684665441513,0.10482867807149887,-9.816892623901367,0.0,0.0,0.0,0.0,0.0,0.0,0.0,0.0,0.0,0.0,0.0,0.0,0.0,0.0,0.0,8.393282041652128e-05,8.393281314056367e-05,8.393280586460605e-05,8.393279858864844e-05,0.04114978387951851,0.04114978387951851,0.04114978387951851,0.04114978387951851,0.02579430490732193,-0.05102510750293732,0.022829316556453705,0.0,0.0,0.0,0.0,0.0,0.0,0.0
2515962690,0,0.0018424263689666986,-0.036900367587804794,-0.14553478360176086,0.0018424263689666986,-0.036900367587804794,-0.14553478360176086,-0.0008223046315833926,-0.0014392787124961615,-0.004871448036283255,0.0,0.0,0.0,-0.011844624765217304,-0.01278931275010109,-0.004755155183374882,0.0,0.0,-0.004755155183374882,0.00025866006035357714,0.00037731818156316876,0.0009399443515576422,0.09454646706581116,0.10128211975097656,9.083042095880955e-05,0.0,0.0,0.0,0.09261561930179596,0.10309527814388275,-0.000794229912571609,0.0001632223866181448,-0.09406706690788269,-0.10122521221637726,-0.00024657120229676366,2.0,2.0,2.0,2.0,0.0,0.0,0.0,0.0,0.0,8.87078422238119e-05,8.870781311998144e-05,8.870782767189667e-05,8.870780584402382e-05,0.0,-0.11045684665441513,0.10482867807149887,-9.816892623901367,0.0,0.0,0.0,0.0,0.0,0.0,0.0,0.0,0.0,0.0,0.0,0.0,0.0,0.0,0.0,8.572625665692613e-05,8.57262421050109e-05,8.572624938096851e-05,8.572622755309567e-05,0.04114978387951851,0.04114978387951851,0.04114978387951851,0.04114978387951851,-0.03480556607246399,0.03558710590004921,0.018027812242507935,0.0,0.0,0.0,0.0,0.0,0.0,0.0
2526002764,0,0.0018112505786120892,-0.03706033155322075,-0.14552150666713715,0.0018112505786120892,-0.03706033155322075,-0.14552150666713715,-0.0010909151751548052,-0.0016801997553557158,-0.005400846712291241,0.0,0.0,0.0,-0.011860215105116367,-0.012733052484691143,-0.004748550243675709,0.0,0.0,-0.004748550243675709,0.00013608096924144775,0.0005286273080855608,0.0005793753080070019,0.09454646706581116,0.10128211975097656,9.083042095880955e-05,0.0,0.0,0.0,0.09454377740621567,0.10041026771068573,-0.00043107630335725844,0.00016683386638760567,-0.09406706690788269,-0.10122521221637726,-0.00024657120229676366,2.0,2.0,2.0,2.0,0.0,0.0,0.0,0.0,0.0,9.067058999789879e-05,9.067057544598356e-05,9.067058272194117e-05,9.067056817002594e-05,0.0,-0.11754517257213593,0.11562448740005493,-9.805532455444336,0.0,0.0,0.0,0.0,0.0,0.0,0.0,0.0,0.0,0.0,0.0,0.0,0.0,0.0,0.0,8.724901272216812e-05,8.724899817025289e-05,8.724901272216812e-05,8.724898361833766e-05,0.04114978387951851,0.04114978387951851,0.04114978387951851,0.04114978387951851,-0.02091793157160282,0.02477688528597355,-0.007698827423155308,0.0,0.0,0.0,0.0,0.0,0.0,0.0
2536044880,0,0.001780188293196261,-0.037197064608335495,-0.14550383388996124,0.001780188293196261,-0.037197064608335495,-0.14550383388996124,-0.001052613602951169,-0.002187361242249608,-0.005034135188907385,0.0,0.0,0.0,-0.011871257796883583,-0.012717561796307564,-0.004744506441056728,0.0,0.0,-0.004744506906718016,0.00013608096924144775,0.0005286273080855608,0.0005793753080070019,0.0944957435131073,0.1014571338891983,0.00011208300566067919,0.0,0.0,0.0,0.09454377740621567,0.10041026771068573,-0.00043107630335725844,0.00016683386638760567,-0.09406924247741699,-0.1012372225522995,-0.00022372179955709726,2.0,2.0,2.0,2.0,0.0,0.0,0.0,0.0015332031762227416,0.0,9.067058999789879e-05,9.067057544598356e-05,9.067058272194117e-05,9.067056817002594e-05,0.0,-0.11754517257213593,0.11562448740005493,-9.805532455444336,0.0,0.0,0.0,0.0,0.0,0.0,0.0,0.0,0.0,0.0,0.0,0.0,0.0,0.0,0.0,8.853874896885827e-05,8.853873441694304e-05,8.853874896885827e-05,8.853872714098543e-05,0.04114978387951851,0.04114978387951851,0.04114978387951851,0.04114978387951851,-0.02091793157160282,0.02477688528597355,-0.007698827423155308,0.0,0.0,0.0,0.0,0.0,0.0,0.0
2546008769,0,0.001780188293196261,-0.037197064608335495,-0.14550383388996124,0.001780188293196261,-0.037197064608335495,-0.14550383388996124,-0.001052613602951169,-0.002187361242249608,-0.005034135188907385,0.0,0.0,0.0,-0.011871257796883583,-0.012717561796307564,-0.004744506441056728,0.0,0.0,-0.004744506906718016,-0.0008458052179776132,-0.00016456758021377027,-0.0003452548407949507,0.0944957435131073,0.1014571338891983,0.00011208300566067919,0.0,0.0,0.0,0.09516982734203339,0.10153089463710785,0.00021413795184344053,0.0001672770013101399,-0.09408024698495865,-0.10124878585338593,-0.00022311840439215302,2.0,2.0,2.0,2.0,0.0,0.0,0.0,0.0,0.0,9.091142419492826e-05,9.091140964301303e-05,9.091140964301303e-05,9.091140236705542e-05,0.0,-0.13334804773330688,0.10366468876600266,-9.778298377990723,0.0,0.0,0.0,0.0,0.0,0.0,0.0,0.0,0.0,0.0,0.0,0.0,0.0,0.0,0.0,8.957754471339285e-05,8.957752288552001e-05,8.957754471339285e-05,8.957753016147763e-05,0.04114978387951851,0.04114978387951851,0.04114978387951851,0.04114978387951851,-0.03955540806055069,-0.013023225590586662,-0.030828319489955902,0.0,0.0,0.0,0.0,0.0,0.0,0.0
2555680070,0,0.0017640315927565098,-0.037228308618068695,-0.14549003541469574,0.0017640315927565098,-0.037228308618068695,-0.14549003541469574,-0.001155212288722396,-0.002265068469569087,-0.004856849554926157,0.0,0.0,0.0,-0.01190507784485817,-0.012764211744070053,-0.004744886886328459,0.0,0.0,-0.004744887351989746,-0.0008458052179776132,-0.00016456758021377027,-0.0003452548407949507,0.09464654326438904,0.10135921090841293,8.965589222498238e-05,0.0,0.0,0.0,0.09516982734203339,0.10153089463710785,0.00021413795184344053,0.0001672770013101399,-0.09408024698495865,-0.10124878585338593,-0.00022311840439215302,2.0,2.0,2.0,2.0,0.0,0.0,0.0,0.0,0.0,9.091142419492826e-05,9.091140964301303e-05,9.091140964301303e-05,9.091140236705542e-05,0.0,-0.12630710005760193,0.11378902196884155,-9.801129341125488,0.0,0.0,0.0,0.0,0.0,0.0,0.0,0.0,0.0,0.0,0.0,0.0,0.0,0.0,0.0,9.032346133608371e-05,9.032343950821087e-05,9.032346133608371e-05,9.03234540601261e-05,0.04114978387951851,0.04114978387951851,0.04114978387951851,0.04114978387951851,-0.03955540806055069,-0.013023225590586662,-0.030828319489955902,0.0,0.0,0.0,0.0,0.0,0.0,0.0
2566325744,0,0.0017640315927565098,-0.037228308618068695,-0.14549003541469574,0.0017126487800851464,-0.037340711802244186,-0.1454533040523529,-0.001155212288722396,-0.002265068469569087,-0.004856849554926157,0.0,0.0,0.0,-0.01190507784485817,-0.012764211744070053,-0.004744886886328459,0.0,0.0,-0.0047940341755747795,-0.0008458052179776132,-0.00016456758021377027,-0.0003452548407949507,0.09464654326438904,0.10135921090841293,8.965589222498238e-05,0.0,0.0,0.0,0.09588789939880371,0.10165400803089142,0.0004666799504775554,0.00016778628923930228,-0.09408024698495865,-0.10124878585338593,-0.00022311840439215302,2.0,2.0,2.0,2.0,0.0,0.0,0.0,0.0,0.0,9.118823072640225e-05,9.118819434661418e-05,9.118821617448702e-05,9.118819434661418e-05,0.0,-0.12630710005760193,0.11378902196884155,-9.801129341125488,0.0,0.0,0.0,0.0,0.0,0.0,0.0,0.0,0.0,0.0,0.0,0.0,0.0,0.0,0.0,9.08115689526312e-05,9.081155440071598e-05,9.08115689526312e-05,9.081156167667359e-05,0.04114978387951851,0.04114978387951851,0.04114978387951851,0.04114978387951851,-0.03955540806055069,-0.013023225590586662,-0.030828319489955902,0.0,0.0,0.0,0.0,0.0,0.0,0.0
2575868180,0,0.0017126487800851464,-0.037340711802244186,-0.1454533040523529,0.0017126487800851464,-0.037340711802244186,-0.1454533040523529,-0.0009933471446856856,-0.0019859522581100464,-0.004744503181427717,0.0,0.0,0.0,-0.011906051076948643,-0.012747641652822495,-0.004794033709913492,0.0,0.0,-0.0047940341755747795,-0.0004929032875224948,0.0005601110751740634,-0.0010821030009537935,0.09464907646179199,0.10134291648864746,0.00013024032523389906,0.0,0.0,0.0,0.09499625116586685,0.10034555941820145,0.001069625373929739,0.00016985635738819838,-0.09411678463220596,-0.10125856846570969,-0.0002618323196657002,2.0,2.0,2.0,2.0,0.0,0.0,0.0,0.0,0.0,9.231324656866491e-05,9.23132392927073e-05,9.231323201674968e-05,9.231323201674968e-05,0.0,-0.11805272847414017,0.14151903986930847,-9.826016426086426,0.0,0.0,0.0,0.0,0.0,0.0,0.0,0.0,0.0,0.0,0.0,0.0,0.0,0.0,0.0,9.116026194533333e-05,9.116024011746049e-05,9.116025466937572e-05,9.11602473934181e-05,0.04114978387951851,0.04114978387951851,0.04114978387951851,0.04114978387951851,0.006354857236146927,0.022588146850466728,-0.03504721447825432,0.0,0.0,0.0,0.0,0.0,0.0,0.0
2586264284,0,0.0016959663480520248,-0.037390753626823425,-0.14543995261192322,0.0016959663480520248,-0.037390753626823425,-0.14543995261192322,-0.0011123470030725002,-0.00203633401542902,-0.004650727845728397,0.0,0.0,0.0,-0.011915596202015877,-0.012721297331154346,-0.004773195367306471,0.0,0.0,-0.004773195367306471,-0.00035080983070656657,0.0012666467810049653,-0.0011600126745179296,0.0947239026427269,0.10113449394702911,6.594248407054693e-05,0.0,0.0,0.0,0.09499625116586685,0.10034555941820145,0.001069625373929739,0.00016985635738819838,-0.09411678463220596,-0.10125856846570969,-0.0002618323196657002,2.0,2.0,2.0,2.0,0.0,0.0,0.0,0.0,0.0,9.231324656866491e-05,9.23132392927073e-05,9.231323201674968e-05,9.231323201674968e-05,0.0,-0.12835580110549927,0.09786637872457504,-9.795204162597656,0.0,0.0,0.0,0.0,0.0,0.0,0.0,0.0,0.0,0.0,0.0,0.0,0.0,0.0,0.0,9.149260586127639e-05,9.149258403340355e-05,9.149259130936116e-05,9.149259130936116e-05,0.04114978387951851,0.04114978387951851,0.04114978387951851,0.04114978387951851,0.008103244006633759,0.047647539526224136,-0.02172918990254402,0.0,0.0,0.0,0.0,0.0,0.0,0.0
2596218414,0,0.0016959663480520248,-0.037390753626823425,-0.14543995261192322,0.0016959663480520248,-0.037390753626823425,-0.14543995261192322,-0.0011123470030725002,-0.00203633401542902,-0.004650727845728397,0.0,0.0,0.0,-0.011915596202015877,-0.012721297331154346,-0.004773195367306471,0.0,0.0,-0.004773195367306471,-0.00032247413764707744,0.0019068366382271051,-0.0008422405808232725,0.0947239026427269,0.10113449394702911,6.594248407054693e-05,0.0,0.0,0.0,0.09499368071556091,0.0993913784623146,0.0009649303974583745,0.00017182785086333752,-0.09413386881351471,-0.10122828185558319,-0.0002893538330681622,2.0,2.0,2.0,2.0,0.0,0.0,0.0,0.0015332031762227416,0.0,9.33847259148024e-05,9.338470408692956e-05,9.338471136288717e-05,9.338468953501433e-05,0.0,-0.12835580110549927,0.09786637872457504,-9.795204162597656,0.0,0.0,0.0,0.0,0.0,0.0,0.0,0.0,0.0,0.0,0.0,0.0,0.0,0.0,0.0,9.185691305901855e-05,9.185689123114571e-05,9.185689850710332e-05,9.185689850710332e-05,0.04114978387951851,0.04114978387951851,0.04114978387951851,0.04114978387951851,0.004953683819621801,0.051113780587911606,0.0069709657691419125,0.0,0.0,0.0,0.0,0.0,0.0,0.0
2607206279,0,0.0016628432786092162,-0.03748900815844536,-0.14541561901569366,0.0016628432786092162,-0.03748900815844536,-0.14541561901569366,-0.0011376251932233572,-0.0018527696374803782,-0.004918735474348068,0.0,0.0,0.0,-0.01192426960915327,-0.012689474038779736,-0.004789399914443493,0.0,0.0,-0.004789399448782206,-0.00026018169592134655,0.0008877366781234741,-0.0005415402119979262,0.09479722380638123,0.10107362270355225,9.051820961758494e-05,0.0,0.0,0.0,0.09499829262495041,0.10022151470184326,0.00010694169031921774,0.00017726713849697262,-0.09413386881351471,-0.10122828185558319,-0.0002893538330681622,2.0,2.0,2.0,2.0,0.0,0.0,0.0,0.0,0.0,9.634084563003853e-05,9.63408310781233e-05,9.63408310781233e-05,9.634081652620807e-05,0.0,-0.10857850313186646,0.12596768140792847,-9.802071571350098,0.0,0.0,0.0,0.0,0.0,0.0,0.0,0.0,0.0,0.0,0.0,0.0,0.0,0.0,0.0,9.240495273843408e-05,9.240493091056123e-05,9.240492363460362e-05,9.240492363460362e-05,0.04114978387951851,0.04114978387951851,0.04114978387951851,0.04114978387951851,0.005522205028682947,-0.02281331643462181,0.019073855131864548,0.0,0.0,0.0,0.0,0.0,0.0,0.0
2616030642,0,0.0015815933002159,-0.037588074803352356,-0.14540576934814453,0.0015815933002159,-0.037588074803352356,-0.14540576934814453,-0.001314896740950644,-0.002003490924835205,-0.004789895378053188,0.0,0.0,0.0,-0.011915645562112331,-0.012762460857629776,-0.0047926586121320724,0.0,0.0,-0.004792658146470785,-0.00026018169592134655,0.0008877366781234741,-0.0005415402119979262,0.09472491592168808,0.10146116465330124,0.00010446635133121163,0.0,0.0,0.0,0.09499829262495041,0.10022151470184326,0.00010694169031921774,0.00017726713849697262,-0.09413386881351471,-0.10122828185558319,-0.0002893538330681622,2.0,2.0,2.0,2.0,0.0,0.0,0.0,0.0,0.0,9.634084563003853e-05,9.63408310781233e-05,9.63408310781233e-05,9.634081652620807e-05,0.0,-0.10857850313186646,0.12596768140792847,-9.802071571350098,0.0,0.0,0.0,0.0,0.0,0.0,0.0,0.0,0.0,0.0,0.0,0.0,0.0,0.0,0.0,9.326438885182142e-05,9.326436702394858e-05,9.326434519607574e-05,9.326434519607574e-05,0.04114978387951851,0.04114978387951851,0.04114978387951851,0.04114978387951851,0.005522205028682947,-0.02281331643462181,0.019073855131864548,0.0,0.0,0.0,0.0,0.0,0.0,0.0
2625799997,0,0.0015815933002159,-0.037588074803352356,-0.14540576934814453,0.0015815933002159,-0.037588074803352356,-0.14540576934814453,-0.001314896740950644,-0.002003490924835205,-0.004789895378053188,0.0,0.0,0.0,-0.011915645562112331,-0.012762460857629776,-0.0047926586121320724,0.0,0.0,-0.004792658146470785,0.0007198231760412455,-0.001668919692747295,-0.0003926273784600198,0.09472491592168808,0.10146116465330124,0.00010446635133121163,0.0,0.0,0.0,0.09361244738101959,0.10413572192192078,1.9205865100957453e-05,0.0001827167288865894,-0.09414114058017731,-0.10124419629573822,-0.00030320644145831466,2.0,2.0,2.0,2.0,0.0,0.0,0.0,0.0,0.0,9.930259693646803e-05,9.93025823845528e-05,9.930257510859519e-05,9.930257510859519e-05,0.0,-0.13307741284370422,0.12531043589115143,-9.806400299072266,0.0,0.0,0.0,0.0,0.0,0.0,0.0,0.0,0.0,0.0,0.0,0.0,0.0,0.0,0.0,9.439138375455514e-05,9.439136920263991e-05,9.439134009880945e-05,9.439134009880945e-05,0.04114978387951851,0.04114978387951851,0.04114978387951851,0.04114978387951851,0.03926467522978783,-0.10056347399950027,0.01708977110683918,0.0,0.0,0.0,0.0,0.0,0.0,0.0
2636409489,0,0.0015417869435623288,-0.0376344732940197,-0.14538982510566711,0.0015417869435623288,-0.0376344732940197,-0.14538982510566711,-0.0016614964697510004,-0.002324797213077545,-0.004868621006608009,0.0,0.0,0.0,-0.011886385269463062,-0.012778871692717075,-0.0047751679085195065,0.0,0.0,-0.0047751679085195065,0.0011637343559414148,-0.0022992712911218405,-5.0982034736080095e-05,0.09457319229841232,0.10145459324121475,7.499016646761447e-05,0.0,0.0,0.0,0.09292472898960114,0.10473800450563431,-0.0003543103812262416,0.00018521456513553858,-0.09413186460733414,-0.1012801006436348,-0.00030350120505318046,2.0,2.0,2.0,2.0,0.0,0.0,0.0,0.0,0.0,0.0001006601014523767,0.00010066009417641908,0.00010066008690046147,0.00010066007962450385,0.0,-0.1274961531162262,0.10053879022598267,-9.79060173034668,0.0,0.0,0.0,0.0,0.0,0.0,0.0,0.0,0.0,0.0,0.0,0.0,0.0,0.0,0.0,9.577789751347154e-05,9.577789023751393e-05,9.577786840964109e-05,9.577786840964109e-05,0.04114978387951851,0.04114978387951851,0.04114978387951851,0.04114978387951851,0.04032454639673233,-0.08465881645679474,0.02599436230957508,0.0,0.0,0.0,0.0,0.0,0.0,0.0
2645835146,0,0.0015417869435623288,-0.0376344732940197,-0.14538982510566711,0.0015417869435623288,-0.0376344732940197,-0.14538982510566711,-0.0016614964697510004,-0.002324797213077545,-0.004868621006608009,0.0,0.0,0.0,-0.011886385269463062,-0.012778871692717075,-0.0047751679085195065,0.0,0.0,-0.0047751679085195065,0.0003774588112719357,-0.002287705196067691,-0.0007118442445062101,0.09457319229841232,0.10145459324121475,7.499016646761447e-05,0.0,0.0,0.0,0.09479550272226334,0.10422487556934357,0.0006128578679636121,0.00019048360991291702,-0.09411179274320602,-0.10136206448078156,-0.00030793354380875826,2.0,2.0,2.0,2.0,0.0,0.0,0.0,0.0,0.0,0.00010352373647037894,0.00010352370009059086,0.00010352372191846371,0.00010352369281463325,0.0,-0.1274961531162262,0.10053879022598267,-9.79060173034668,0.0,0.0,0.0,0.0,0.0,0.0,0.0,0.0,0.0,0.0,0.0,0.0,0.0,0.0,0.0,9.743018017616123e-05,9.743018017616123e-05,9.7430165624246e-05,9.7430165624246e-05,0.04114978387951851,0.04114978387951851,0.04114978387951851,0.04114978387951851,-0.029299939051270485,-0.022973578423261642,-0.018080223351716995,0.0,0.0,0.0,0.0,0.0,0.0,0.0
2656094370,0,0.0014607060002163053,-0.0377543605864048,-0.14536048471927643,0.0014607060002163053,-0.0377543605864048,-0.14536048471927643,-0.0017145635792985559,-0.0029909342993050814,-0.0048254369758069515,0.0,0.0,0.0,-0.011873207986354828,-0.012791910208761692,-0.004790666978806257,0.0,0.0,-0.004790666978806257,0.00030977517599239945,-0.0019821852911263704,-0.0006595370941795409,0.09487996250391006,0.10170742869377136,0.00011820798681583256,0.0,0.0,0.0,0.09479550272226334,0.10422487556934357,0.0006128578679636121,0.00019048360991291702,-0.09411179274320602,-0.10136206448078156,-0.00030793354380875826,2.0,2.0,2.0,2.0,0.0,0.0,0.0,0.0,0.0,0.00010352373647037894,0.00010352370009059086,0.00010352372191846371,0.00010352369281463325,0.0,-0.1324423849582672,0.1184585690498352,-9.79959487915039,0.0,0.0,0.0,0.0,0.0,0.0,0.0,0.0,0.0,0.0,0.0,0.0,0.0,0.0,0.0,9.923511242959648e-05,9.92351197055541e-05,9.923509787768126e-05,9.923509787768126e-05,0.04114978387951851,0.04114978387951851,0.04114978387951851,0.04114978387951851,-0.01809939369559288,0.0063374219462275505,-0.007616845890879631,0.0,0.0,0.0,0.0,0.0,0.0,0.0
2666084734,0,0.0014607060002163053,-0.0377543605864048,-0.14536048471927643,0.0013321936130523682,-0.03797405585646629,-0.14531159400939941,-0.0017145635792985559,-0.0029909342993050814,-0.0048254369758069515,0.0,0.0,0.0,-0.011873207986354828,-0.012791910208761692,-0.004790666978806257,0.0,0.0,-0.004775516223162413,0.00030977517599239945,-0.0019821852911263704,-0.0006595370941795409,0.09487996250391006,0.10170742869377136,0.00011820798681583256,0.0,0.0,0.0,0.09460045397281647,0.103840671479702,0.0004695059615187347,0.00019333635282237083,-0.09411179274320602,-0.10136206448078156,-0.00030793354380875826,2.0,2.0,2.0,2.0,0.0,0.0,0.0,0.0,0.0,0.00010507413389859721,0.00010507410479476675,0.00010507411934668198,0.00010507409751880914,0.0,-0.1324423849582672,0.1184585690498352,-9.79959487915039,0.0,0.0,0.0,0.0,0.0,0.0,0.0,0.0,0.0,0.0,0.0,0.0,0.0,0.0,0.0,0.00010098567872773856,0.00010098569327965379,0.00010098567145178095,0.00010098567145178095,0.04114978387951851,0.04114978387951851,0.04114978387951851,0.04114978387951851,-0.01809939369559288,0.0063374219462275505,-0.007616845890879631,0.0,0.0,0.0,0.0,0.0,0.0,0.0
2676201107,0,0.0012869160855188966,-0.03807157650589943,-0.14529533684253693,0.0012869160855188966,-0.03807157650589943,-0.14529533684253693,-0.0023739614989608526,-0.003156962338835001,-0.0039840745739638805,0.0,0.0,0.0,-0.011918244883418083,-0.01282130554318428,-0.00478622829541564,0.0,0.0,-0.00478622829541564,8.926114242058247e-05,-0.0015680528013035655,-0.0004161015967838466,0.09474790096282959,0.10197347402572632,6.752429180778563e-05,0.0,0.0,0.0,0.09460045397281647,0.103840671479702,0.0004695059615187347,0.00019333635282237083,-0.09411196410655975,-0.10143310576677322,-0.00032162442221306264,2.0,2.0,2.0,2.0,0.0,0.0,0.0,0.0015332031762227416,0.0,0.00010507413389859721,0.00010507410479476675,0.00010507411934668198,0.00010507409751880914,0.0,-0.13728909194469452,0.11819979548454285,-9.775410652160645,0.0,0.0,0.0,0.0,0.0,0.0,0.0,0.0,0.0,0.0,0.0,0.0,0.0,0.0,0.0,0.00010252952779410407,0.00010252953507006168,0.00010252952051814646,0.00010252952051814646,0.04114978387951851,0.04114978387951851,0.04114978387951851,0.04114978387951851,-0.025343481451272964,0.02012503147125244,0.00852309912443161,0.0,0.0,0.0,0.0,0.0,0.0,0.0
2686387659,0,0.0012869160855188966,-0.03807157650589943,-0.14529533684253693,0.0012869160855188966,-0.03807157650589943,-0.14529533684253693,-0.0023739614989608526,-0.003156962338835001,-0.0039840745739638805,0.0,0.0,0.0,-0.011918244883418083,-0.01282130554318428,-0.00478622829541564,0.0,0.0,-0.00478622829541564,-0.0001351081591565162,-0.001369217410683632,-0.00024738762294873595,0.09474554657936096,0.10192897915840149,0.00010453857248649001,0.0,0.0,0.0,0.09512889385223389,0.10308663547039032,-4.059473576489836e-05,0.00019895566219929606,-0.0941162034869194,-0.10146127641201019,-0.00032243033638224006,2.0,2.0,2.0,2.0,0.0,0.0,0.0,0.0,0.0,0.00010812810796778649,0.00010812807158799842,0.00010812808613991365,0.00010812807158799842,0.0,-0.14250072836875916,0.1194082722067833,-9.789907455444336,0.0,0.0,0.0,0.0,0.0,0.0,0.0,0.0,0.0,0.0,0.0,0.0,0.0,0.0,0.0,0.00010389923409093171,0.00010389924136688933,0.00010389924136688933,0.00010389924136688933,0.04114978387951851,0.04114978387951851,0.04114978387951851,0.04114978387951851,-0.024823667481541634,0.021155815571546555,0.010558372363448143,0.0,0.0,0.0,0.0,0.0,0.0,0.0
2695813954,0,0.0011952990898862481,-0.03826611861586571,-0.14526094496250153,0.0011952990898862481,-0.03826611861586571,-0.14526094496250153,-0.0027310741133987904,-0.003461637068539858,-0.0043709841556847095,0.0,0.0,0.0,-0.011934744194149971,-0.012805109843611717,-0.004762491676956415,0.0,0.0,-0.0047624921426177025,-0.0001351081591565162,-0.001369217410683632,-0.00024738762294873595,0.09487596154212952,0.10180085897445679,6.18626581854187e-05,0.0,0.0,0.0,0.09512889385223389,0.10308663547039032,-4.059473576489836e-05,0.00019895566219929606,-0.09412713348865509,-0.10151606798171997,-0.0003125336370430887,2.0,2.0,2.0,2.0,0.0,0.0,0.0,0.0,0.0,0.00010812810796778649,0.00010812807158799842,0.00010812808613991365,0.00010812807158799842,0.0,-0.14250072836875916,0.1194082722067833,-9.789907455444336,0.0,0.0,0.0,0.0,0.0,0.0,0.0,0.0,0.0,0.0,0.0,0.0,0.0,0.0,0.0,0.00010521231888560578,0.0001052123261615634,0.00010521233343752101,0.00010521233343752101,0.04114978387951851,0.04114978387951851,0.04114978387951851,0.04114978387951851,-0.024823667481541634,0.021155815571546555,0.010558372363448143,0.0,0.0,0.0,0.0,0.0,0.0,0.0
2705937262,0,0.0011952990898862481,-0.03826611861586571,-0.14526094496250153,0.0011952990898862481,-0.03826611861586571,-0.14526094496250153,-0.0027310741133987904,-0.003461637068539858,-0.0043709841556847095,0.0,0.0,0.0,-0.011934744194149971,-0.012805109843611717,-0.004762491676956415,0.0,0.0,-0.0047624921426177025,-0.00010866722004720941,-0.00017271353863179684,0.0007119069923646748,0.09487596154212952,0.10180085897445679,6.18626581854187e-05,0.0,0.0,0.0,0.095134437084198,0.10132969170808792,-0.00116667989641428,0.00020406165276654065,-0.09412713348865509,-0.10151606798171997,-0.0003125336370430887,2.0,2.0,2.0,2.0,0.0,0.0,0.0,0.0,0.0,0.00011090309271821752,0.00011090308544225991,0.00011090307089034468,0.00011090307089034468,0.0,-0.13435198366641998,0.11392831802368164,-9.82267951965332,0.0,0.0,0.0,0.0,0.0,0.0,0.0,0.0,0.0,0.0,0.0,0.0,0.0,0.0,0.0,0.00010652415949152783,0.00010652416676748544,0.00010652417404344305,0.00010652417404344305,0.04114978387951851,0.04114978387951851,0.04114978387951851,0.04114978387951851,-0.014980632811784744,0.06438767164945602,0.047508493065834045,0.0,0.0,0.0,0.0,0.0,0.0,0.0
2716706883,0,0.001176800113171339,-0.03836025670170784,-0.14524103701114655,0.001176800113171339,-0.03836025670170784,-0.14524103701114655,-0.0028128239791840315,-0.0037242542020976543,-0.0044218068942427635,0.0,0.0,0.0,-0.011907299980521202,-0.012819804251194,-0.0047876061871647835,0.0,0.0,-0.0047876061871647835,-0.00010866722004720941,-0.00017271353863179684,0.0007119069923646748,0.09465881437063217,0.10191674530506134,0.00012172458809800446,0.0,0.0,0.0,0.095134437084198,0.10132969170808792,-0.00116667989641428,0.00020406165276654065,-0.09413326531648636,-0.10152413696050644,-0.00029771667323075235,2.0,2.0,2.0,2.0,0.0,0.0,0.0,0.0,0.0,0.00011090309271821752,0.00011090308544225991,0.00011090307089034468,0.00011090307089034468,0.0,-0.13922226428985596,0.11169788241386414,-9.814369201660156,0.0,0.0,0.0,0.0,0.0,0.0,0.0,0.0,0.0,0.0,0.0,0.0,0.0,0.0,0.0,0.00010784936603158712,0.00010784936603158712,0.0001078493514796719,0.0001078493514796719,0.04114978387951851,0.04114978387951851,0.04114978387951851,0.04114978387951851,-0.014980632811784744,0.06438767164945602,0.047508493065834045,0.0,0.0,0.0,0.0,0.0,0.0,0.0
2725983481,0,0.001176800113171339,-0.03836025670170784,-0.14524103701114655,0.001176800113171339,-0.03836025670170784,-0.14524103701114655,-0.0028128239791840315,-0.0037242542020976543,-0.0044218068942427635,0.0,0.0,0.0,-0.011907299980521202,-0.012819804251194,-0.0047876061871647835,0.0,0.0,-0.0047876061871647835,-9.179521293845028e-05,7.109279977157712e-05,0.0005159041029401124,0.09465881437063217,0.10191674530506134,0.00012172458809800446,0.0,0.0,0.0,0.09484095126390457,0.10144605487585068,-0.0006502142641693354,0.0002059867838397622,-0.09413326531648636,-0.10152413696050644,-0.00029771667323075235,2.0,2.0,2.0,2.0,0.0,0.0,0.0,0.0,0.0,0.00011194935359526426,0.0001119493244914338,0.00011194933176739141,0.00011194931721547619,0.0,-0.13922226428985596,0.11169788241386414,-9.814369201660156,0.0,0.0,0.0,0.0,0.0,0.0,0.0,0.0,0.0,0.0,0.0,0.0,0.0,0.0,0.0,0.00010911288700299338,0.00010911287972703576,0.00010911284334724769,0.00010911284334724769,0.04114978387951851,0.04114978387951851,0.04114978387951851,0.04114978387951851,-0.009033634327352047,0.03995990753173828,0.01485928613692522,0.0,0.0,0.0,0.0,0.0,0.0,0.0
2736295594,0,0.0011403725948184729,-0.038545213639736176,-0.14520229399204254,0.0011403725948184729,-0.038545213639736176,-0.14520229399204254,-0.002699386328458786,-0.004389800131320953,-0.004311386030167341,0.0,0.0,0.0,-0.011931780725717545,-0.012826135382056236,-0.00478321872651577,0.0,0.0,-0.00478321872651577,-0.00021847411699127406,1.199680264107883e-05,-0.0007114384206943214,0.09511440992355347,0.10215914249420166,9.605298691894859e-05,0.0,0.0,0.0,0.09593350440263748,0.10254054516553879,0.0001901311188703403,0.0002082500868709758,-0.09413326531648636,-0.10152413696050644,-0.00029771667323075235,2.0,2.0,2.0,2.0,0.0,0.0,0.0,0.0,0.0,0.0001131794269895181,0.00011317940516164526,0.00011317941243760288,0.00011317939060973004,0.0,-0.13490785658359528,0.11943820118904114,-9.807608604431152,0.0,0.0,0.0,0.0,0.0,0.0,0.0,0.0,0.0,0.0,0.0,0.0,0.0,0.0,0.0,0.00011026619176845998,0.00011026617721654475,0.00011026613356079906,0.00011026613356079906,0.04114978387951851,0.04114978387951851,0.04114978387951851,0.04114978387951851,0.005563502665609121,0.013710680417716503,-0.037448856979608536,0.0,0.0,0.0,0.0,0.0,0.0,0.0
2746256162,0,0.001103305141441524,-0.038727544248104095,-0.1451634019613266,0.001103305141441524,-0.038727544248104095,-0.1451634019613266,-0.0025698740500956774,-0.004769792780280113,-0.004381098784506321,0.0,0.0,0.0,-0.011947491206228733,-0.012803465127944946,-0.004813303239643574,0.0,0.0,-0.004813303239643574,-0.00021847411699127406,1.199680264107883e-05,-0.0007114384206943214,0.09486088156700134,0.1020302101969719,7.367811485892162e-05,0.0,0.0,0.0,0.09593350440263748,0.10254054516553879,0.0001901311188703403,0.0002082500868709758,-0.09417799860239029,-0.10156538337469101,-0.00028797893901355565,2.0,2.0,2.0,2.0,0.0,0.0,0.0,0.0015332031762227416,0.0,0.0001131794269895181,0.00011317940516164526,0.00011317941243760288,0.00011317939060973004,0.0,-0.13490785658359528,0.11943820118904114,-9.807608604431152,0.0,0.0,0.0,0.0,0.0,0.0,0.0,0.0,0.0,0.0,0.0,0.0,0.0,0.0,0.0,0.00011131422070320696,0.0001113141915993765,0.00011131416977150366,0.00011131416977150366,0.04114978387951851,0.04114978387951851,0.04114978387951851,0.04114978387951851,0.005563502665609121,0.013710680417716503,-0.037448856979608536,0.0,0.0,0.0,0.0,0.0,0.0,0.0
2756402400,0,0.001103305141441524,-0.038727544248104095,-0.1451634019613266,0.0010694313095882535,-0.03885999321937561,-0.1451280415058136,-0.0025698740500956774,-0.004769792780280113,-0.004381098784506321,0.0,0.0,0.0,-0.011947491206228733,-0.012803465127944946,-0.004813303239643574,0.0,0.0,-0.004765390884131193,0.00022465696383733302,0.00037582218647003174,-0.0006695316405966878,0.09486088156700134,0.1020302101969719,7.367811485892162e-05,0.0,0.0,0.0,0.094427190721035,0.10139355063438416,0.0005123490118421614,0.00021103948529344052,-0.09417799860239029,-0.10156538337469101,-0.00028797893901355565,2.0,2.0,2.0,2.0,0.0,0.0,0.0,0.0,0.0,0.0001146954091382213,0.00011469537275843322,0.00011469538731034845,0.000114695358206518,0.0,-0.1340978443622589,0.11555653810501099,-9.83204174041748,0.0,0.0,0.0,0.0,0.0,0.0,0.0,0.0,0.0,0.0,0.0,0.0,0.0,0.0,0.0,0.00011224376066820696,0.00011224373884033412,0.00011224372428841889,0.00011224372428841889,0.04114978387951851,0.04114978387951851,0.04114978387951851,0.04114978387951851,0.020903250202536583,0.026083428412675858,-0.01659812405705452,0.0,0.0,0.0,0.0,0.0,0.0,0.0
2766574772,0,0.0010694313095882535,-0.03885999321937561,-0.1451280415058136,0.0010694313095882535,-0.03885999321937561,-0.1451280415058136,-0.0023833466693758965,-0.004632520489394665,-0.004329199902713299,0.0,0.0,0.0,-0.01196322962641716,-0.01279759407043457,-0.004765390884131193,0.0,0.0,-0.004765390884131193,0.0002955279196612537,0.0009087225189432502,-0.00028904801001772285,0.09510226547718048,0.10174129158258438,5.19881650689058e-05,0.0,0.0,0.0,0.0944732204079628,0.10056079179048538,-4.420148616191e-05,0.00021267081319820136,-0.09418219327926636,-0.1015649288892746,-0.00029404263477772474,2.0,2.0,2.0,2.0,0.0,0.0,0.0,0.0,0.0,0.00011558198457350954,0.00011558197002159432,0.0001155819627456367,0.00011558195546967909,0.0,-0.11466823518276215,0.11618887633085251,-9.80579948425293,0.0,0.0,0.0,0.0,0.0,0.0,0.0,0.0,0.0,0.0,0.0,0.0,0.0,0.0,0.0,0.00011312428250676021,0.00011312426795484498,0.00011312425340292975,0.00011312425340292975,0.04114978387951851,0.04114978387951851,0.04114978387951851,0.04114978387951851,0.012544098310172558,0.03740222007036209,0.011391926556825638,0.0,0.0,0.0,0.0,0.0,0.0,0.0
2775896464,0,0.0010694313095882535,-0.03885999321937561,-0.1451280415058136,0.0010694313095882535,-0.03885999321937561,-0.1451280415058136,-0.0023833466693758965,-0.004632520489394665,-0.004329199902713299,0.0,0.0,0.0,-0.01196322962641716,-0.01279759407043457,-0.004765390884131193,0.0,0.0,-0.004765390884131193,0.0002955279196612537,0.0009087225189432502,-0.00028904801001772285,0.09510226547718048,0.10174129158258438,5.19881650689058e-05,0.0,0.0,0.0,0.0944732204079628,0.10056079179048538,-4.420148616191e-05,0.00021267081319820136,-0.09419260174036026,-0.10155316442251205,-0.00027187808882445097,2.0,2.0,2.0,2.0,0.0,0.0,0.0,0.0,0.0,0.00011558198457350954,0.00011558197002159432,0.0001155819627456367,0.00011558195546967909,0.0,-0.11466823518276215,0.11618887633085251,-9.80579948425293,0.0,0.0,0.0,0.0,0.0,0.0,0.0,0.0,0.0,0.0,0.0,0.0,0.0,0.0,0.0,0.00011396993795642629,0.00011396993795642629,0.00011396991612855345,0.00011396990885259584,0.04114978387951851,0.04114978387951851,0.04114978387951851,0.04114978387951851,0.012544098310172558,0.03740222007036209,0.011391926556825638,0.0,0.0,0.0,0.0,0.0,0.0,0.0
2787081650,0,0.0010395825374871492,-0.03899149224162102,-0.14509445428848267,0.0010395825374871492,-0.03899149224162102,-0.14509445428848267,-0.0023163179866969585,-0.00456479424610734,-0.004869132302701473,0.0,0.0,0.0,-0.011968853883445263,-0.012787104584276676,-0.004762447904795408,0.0,0.0,-0.0047624483704566956,-0.00025728484615683556,0.0009492061799392104,0.0008323531947098672,0.09514743834733963,0.101657435297966,8.011716272449121e-05,0.0,0.0,0.0,0.09566628932952881,0.1006494089961052,-0.0011631886009126902,0.00021559871674980968,-0.09419260174036026,-0.10155316442251205,-0.00027187808882445097,2.0,2.0,2.0,2.0,0.0,0.0,0.0,0.0,0.0,0.00011717325105564669,0.00011717321467585862,0.00011717323650373146,0.00011717320012394339,0.0,-0.12434638291597366,0.12875257432460785,-9.837532997131348,0.0,0.0,0.0,0.0,0.0,0.0,0.0,0.0,0.0,0.0,0.0,0.0,0.0,0.0,0.0,0.00011475670908112079,0.00011475670908112079,0.00011475669452920556,0.00011475669452920556,0.04114978387951851,0.04114978387951851,0.04114978387951851,0.04114978387951851,-0.026156531646847725,0.005881944205611944,0.03834128379821777,0.0,0.0,0.0,0.0,0.0,0.0,0.0
2802684968,0,0.0010395825374871492,-0.03899149224162102,-0.14509445428848267,0.0010395825374871492,-0.03899149224162102,-0.14509445428848267,-0.0023163179866969585,-0.00456479424610734,-0.004869132302701473,0.0,0.0,0.0,-0.011968853883445263,-0.012787104584276676,-0.004762447904795408,0.0,0.0,-0.0047624483704566956,-0.0004298476269468665,0.00012797917588613927,0.0011462842812761664,0.09514743834733963,0.101657435297966,8.011716272449121e-05,0.0,0.0,0.0,0.0956827700138092,0.1021467000246048,-0.0013543582754209638,0.0002159261202905327,-0.09419260174036026,-0.10155316442251205,-0.00027187808882445097,2.0,2.0,2.0,2.0,0.0,0.0,0.0,0.0,0.0,0.00011735118459910154,0.00011735115549527109,0.00011735115549527109,0.00011735114821931347,0.0,-0.1303873211145401,0.11393814533948898,-9.834447860717773,0.0,0.0,0.0,0.0,0.0,0.0,0.0,0.0,0.0,0.0,0.0,0.0,0.0,0.0,0.0,0.00011552436626516283,0.00011552436626516283,0.0001155243517132476,0.0001155243517132476,0.04114978387951851,0.04114978387951851,0.04114978387951851,0.04114978387951851,-0.024779340252280235,-0.03723762929439545,0.034506943076848984,0.0,0.0,0.0,0.0,0.0,0.0,0.0
2806377118,0,0.0010187184670940042,-0.039125192910432816,-0.1450374275445938,0.0010187184670940042,-0.039125192910432816,-0.1450374275445938,-0.0021281687077134848,-0.004940174054354429,-0.00487901596352458,0.0,0.0,0.0,-0.01196292694658041,-0.012836134061217308,-0.004758093971759081,0.0,0.0,-0.004758093971759081,-0.0004298476269468665,0.00012797917588613927,0.0011462842812761664,0.09525872021913528,0.10203950852155685,8.769206033321097e-05,0.0,0.0,0.0,0.0956827700138092,0.1021467000246048,-0.0013543582754209638,0.0002159261202905327,-0.09423848241567612,-0.1015840545296669,-0.00020744824723806232,2.0,2.0,2.0,2.0,0.0,0.0,0.0,0.0,0.0,0.00011735118459910154,0.00011735115549527109,0.00011735115549527109,0.00011735114821931347,0.0,-0.12442503869533539,0.10939715057611465,-9.812973976135254,0.0,0.0,0.0,0.0,0.0,0.0,0.0,0.0,0.0,0.0,0.0,0.0,0.0,0.0,0.0,0.0001162307889899239,0.0001162307889899239,0.00011623076716205105,0.00011623076716205105,0.04114978387951851,0.04114978387951851,0.04114978387951851,0.04114978387951851,-0.024779340252280235,-0.03723762929439545,0.034506943076848984,0.0,0.0,0.0,0.0,0.0,0.0,0.0
2816638679,0,0.0010086286347359419,-0.03918977826833725,-0.14501218497753143,0.0010086286347359419,-0.03918977826833725,-0.14501218497753143,-0.0020079740788787603,-0.0051743583753705025,-0.005000973120331764,0.0,0.0,0.0,-0.011937982402741909,-0.012841071002185345,-0.004769424442201853,0.0,0.0,-0.0047694239765405655,-0.00040551333222538233,-0.000921342521905899,0.000264167960267514,0.09525872021913528,0.10203950852155685,8.769206033321097e-05,0.0,0.0,0.0,0.09573163837194443,0.10332600772380829,-7.730686047580093e-05,0.00021448309416882694,-0.09425356239080429,-0.10161080956459045,-0.00020027250866405666,2.0,2.0,2.0,2.0,0.0,0.0,0.0,0.0,0.0,0.00011656693095574155,0.00011656688729999587,0.0001165669018519111,0.00011656688002403826,0.0,-0.11636145412921906,0.1166832223534584,-9.826639175415039,0.0,0.0,0.0,0.0,0.0,0.0,0.0,0.0,0.0,0.0,0.0,0.0,0.0,0.0,0.0,0.00011674877168843523,0.00011674877168843523,0.00011674874986056238,0.00011674874986056238,0.04114978387951851,0.04114978387951851,0.04114978387951851,0.04114978387951851,-0.006740220822393894,-0.036514926701784134,-0.0269533172249794,0.0,0.0,0.0,0.0,0.0,0.0,0.0
2828801337,0,0.0010086286347359419,-0.03918977826833725,-0.14501218497753143,0.0010086286347359419,-0.03918977826833725,-0.14501218497753143,-0.0020079740788787603,-0.0051743583753705025,-0.005000973120331764,0.0,0.0,0.0,-0.011937982402741909,-0.012841071002185345,-0.004769424442201853,0.0,0.0,-0.0047694239765405655,2.487661549821496e-05,-0.0016544879181310534,-0.00027169683016836643,0.09525872021913528,0.10203950852155685,8.769206033321097e-05,0.0,0.0,0.0,0.09492276608943939,0.10441701859235764,0.00026097308727912605,0.00021263345843181014,-0.09426592290401459,-0.10164527595043182,-0.00020123078138567507,2.0,2.0,2.0,2.0,0.0,0.0,0.0,0.0,0.0,0.00011556168465176597,0.00011556166282389313,0.00011556165554793552,0.00011556164099602029,0.0,-0.11636145412921906,0.1166832223534584,-9.826639175415039,0.0,0.0,0.0,0.0,0.0,0.0,0.0,0.0,0.0,0.0,0.0,0.0,0.0,0.0,0.0,0.00011695976718328893,0.00011695975990733132,0.00011695973807945848,0.00011695973807945848,0.04114978387951851,0.04114978387951851,0.04114978387951851,0.04114978387951851,0.010047475807368755,-0.02915639989078045,-0.02242112159729004,0.0,0.0,0.0,0.0,0.0,0.0,0.0
2836685620,0,0.000991828739643097,-0.03931519389152527,-0.14497174322605133,0.000991828739643097,-0.03931519389152527,-0.14497174322605133,-0.0017069741152226925,-0.005298472009599209,-0.004527659621089697,0.0,0.0,0.0,-0.011970440857112408,-0.012855369597673416,-0.004797998815774918,0.0,0.0,-0.004797998815774918,2.487661549821496e-05,-0.0016544879181310534,-0.00027169683016836643,0.09504811465740204,0.10247096419334412,6.0830276197521016e-05,0.0,0.0,0.0,0.09492276608943939,0.10441701859235764,0.00026097308727912605,0.00021263345843181014,-0.09426592290401459,-0.10164527595043182,-0.00020123078138567507,2.0,2.0,2.0,2.0,0.0,0.0,0.0,0.0,0.0,0.00011556168465176597,0.00011556166282389313,0.00011556165554793552,0.00011556164099602029,0.0,-0.13943760097026825,0.12235762923955917,-9.822683334350586,0.0,0.0,0.0,0.0,0.0,0.0,0.0,0.0,0.0,0.0,0.0,0.0,0.0,0.0,0.0,0.00011685190838761628,0.00011685190838761628,0.00011685189383570105,0.00011685188655974343,0.04114978387951851,0.04114978387951851,0.04114978387951851,0.04114978387951851,0.010047475807368755,-0.02915639989078045,-0.02242112159729004,0.0,0.0,0.0,0.0,0.0,0.0,0.0
2846419556,0,0.0009836305398494005,-0.03940144553780556,-0.14495429396629333,0.0009836305398494005,-0.03940144553780556,-0.14495429396629333,-0.0016767331399023533,-0.005332751199603081,-0.004503704607486725,0.0,0.0,0.0,-0.011980986222624779,-0.012858477421104908,-0.004773532040417194,0.0,0.0,-0.004773532040417194,2.487661549821496e-05,-0.0016544879181310534,-0.00027169683016836643,0.09505488723516464,0.10246438533067703,7.276798714883626e-05,0.0,0.0,0.0,0.09492276608943939,0.10441701859235764,0.00026097308727912605,0.00021263345843181014,-0.09426592290401459,-0.10164527595043182,-0.00020123078138567507,2.0,2.0,2.0,2.0,0.0,0.0,0.0,0.0,0.0,0.00011556168465176597,0.00011556166282389313,0.00011556165554793552,0.00011556164099602029,0.0,-0.1458343267440796,0.10286100208759308,-9.818953514099121,0.0,0.0,0.0,0.0,0.0,0.0,0.0,0.0,0.0,0.0,0.0,0.0,0.0,0.0,0.0,0.00011656078277155757,0.00011656077549559996,0.00011656075366772711,0.00011656075366772711,0.04114978387951851,0.04114978387951851,0.04114978387951851,0.04114978387951851,0.010047475807368755,-0.02915639989078045,-0.02242112159729004,0.0,0.0,0.0,0.0,0.0,0.0,0.0
2858036965,0,0.0009836305398494005,-0.03940144553780556,-0.14495429396629333,0.0009610124980099499,-0.03971141576766968,-0.14490844309329987,-0.0016767331399023533,-0.005332751199603081,-0.004503704607486725,0.0,0.0,0.0,-0.011980986222624779,-0.012858477421104908,-0.004773532040417194,0.0,0.0,-0.004786084406077862,0.0002948801848106086,-0.0015758075751364231,-0.00011349160195095465,0.09505488723516464,0.10246438533067703,7.276798714883626e-05,0.0,0.0,0.0,0.09460259228944778,0.10417629778385162,-2.3070431780070066e-05,0.0002119515702361241,-0.09426592290401459,-0.10164527595043182,-0.00020123078138567507,2.0,2.0,2.0,2.0,0.0,0.0,0.0,0.0,0.0,0.00011519109830260277,0.00011519106919877231,0.00011519107647472993,0.0001151910619228147,0.0,-0.1458343267440796,0.10286100208759308,-9.818953514099121,0.0,0.0,0.0,0.0,0.0,0.0,0.0,0.0,0.0,0.0,0.0,0.0,0.0,0.0,0.0,0.00011621614976320416,0.00011621613521128893,0.00011621611338341609,0.00011621611338341609,0.04114978387951851,0.04114978387951851,0.04114978387951851,0.04114978387951851,0.015741312876343727,-0.01361058745533228,-0.004918645601719618,0.0,0.0,0.0,0.0,0.0,0.0,0.0
2866320389,0,0.0009610124980099499,-0.03971141576766968,-0.14490844309329987,0.0009610124980099499,-0.03971141576766968,-0.14490844309329987,-0.0016707312315702438,-0.005765985231846571,-0.0044516632333397865,0.0,0.0,0.0,-0.011974163353443146,-0.012880081310868263,-0.004786084406077862,0.0,0.0,-0.004786084406077862,0.00025679857935756445,-0.0009007718181237578,0.00016311970830429345,0.09518979489803314,0.1023964136838913,9.29152884054929e-05,0.0,0.0,0.0,0.09495923668146133,0.10310386121273041,-0.0003509940579533577,0.00021047514746896923,-0.09428586810827255,-0.10172975808382034,-0.00019068867550231516,2.0,2.0,2.0,2.0,0.0,0.0,0.0,0.0,0.0,0.000114388698420953,0.00011438867659308016,0.00011438868386903778,0.00011438866204116493,0.0,-0.10526416450738907,0.08876644819974899,-9.800932884216309,0.0,0.0,0.0,0.0,0.0,0.0,0.0,0.0,0.0,0.0,0.0,0.0,0.0,0.0,0.0,0.00011583758896449581,0.00011583755986066535,0.00011583755986066535,0.00011583755258470774,0.04114978387951851,0.04114978387951851,0.04114978387951851,0.04114978387951851,-0.0026238730642944574,0.019332483410835266,0.008786560967564583,0.0,0.0,0.0,0.0,0.0,0.0,0.0
2876890151,0,0.0009610124980099499,-0.03971141576766968,-0.14490844309329987,0.0009526211069896817,-0.0399262011051178,-0.1448785662651062,-0.0016707312315702438,-0.005765985231846571,-0.0044516632333397865,0.0,0.0,0.0,-0.011974163353443146,-0.012880081310868263,-0.004786084406077862,0.0,0.0,-0.0047820983454585075,0.00025679857935756445,-0.0009007718181237578,0.00016311970830429345,0.09518979489803314,0.1023964136838913,9.29152884054929e-05,0.0,0.0,0.0,0.09495923668146133,0.10310386121273041,-0.0003509940579533577,0.00021047514746896923,-0.09431245923042297,-0.10177790373563766,-0.00017470029706601053,2.0,2.0,2.0,2.0,0.0,0.0,0.0,0.0,0.0,0.000114388698420953,0.00011438867659308016,0.00011438868386903778,0.00011438866204116493,0.0,-0.10526416450738907,0.08876644819974899,-9.800932884216309,0.0,0.0,0.0,0.0,0.0,0.0,0.0,0.0,0.0,0.0,0.0,0.0,0.0,0.0,0.0,0.00011542104766704142,0.00011542102583916858,0.00011542103311512619,0.00011542101856321096,0.04114978387951851,0.04114978387951851,0.04114978387951851,0.04114978387951851,-0.0026238730642944574,0.019332483410835266,0.008786560967564583,0.0,0.0,0.0,0.0,0.0,0.0,0.0
2886413679,0,0.0009526211069896817,-0.0399262011051178,-0.1448785662651062,0.0009526211069896817,-0.0399262011051178,-0.1448785662651062,-0.0017399562057107687,-0.006283360533416271,-0.004411616362631321,0.0,0.0,0.0,-0.011980640701949596,-0.012942164205014706,-0.00478209787979722,0.0,0.0,-0.0047820983454585075,-0.00023105950094759464,-0.0009764120914041996,-0.00011956118396483362,0.0952415019273758,0.1028897613286972,0.00010748842032626271,0.0,0.0,0.0,0.09562581777572632,0.10391077399253845,0.0001107889402192086,0.00020830307039432228,-0.09431245923042297,-0.10177790373563766,-0.00017470029706601053,2.0,2.0,2.0,2.0,0.0,0.0,0.0,0.0,0.0,0.0001132082034018822,0.0001132082034018822,0.00011320818157400936,0.00011320818157400936,0.0,-0.14439824223518372,0.10546677559614182,-9.812390327453613,0.0,0.0,0.0,0.0,0.0,0.0,0.0,0.0,0.0,0.0,0.0,0.0,0.0,0.0,0.0,0.00011497122613945976,0.00011497121158754453,0.00011497122613945976,0.0001149711970356293,0.04114978387951851,0.04114978387951851,0.04114978387951851,0.04114978387951851,-0.015326026827096939,-0.004459783434867859,-0.01488048117607832,0.0,0.0,0.0,0.0,0.0,0.0,0.0
2900078223,0,0.0009469441138207912,-0.04003274440765381,-0.14486365020275116,0.0009469441138207912,-0.04003274440765381,-0.14486365020275116,-0.001961810514330864,-0.006601785775274038,-0.004512472543865442,0.0,0.0,0.0,-0.01198312547057867,-0.012900182045996189,-0.004786457866430283,0.0,0.0,-0.004786457866430283,-0.00020843782112933695,-0.00022666595759801567,-0.0003443855093792081,0.09526114910840988,0.10255617648363113,9.798113023862243e-05,0.0,0.0,0.0,0.09554518014192581,0.1024496927857399,0.00031024537747725844,0.00020710902754217386,-0.09432635456323624,-0.10179796814918518,-0.00017463351832702756,2.0,2.0,2.0,2.0,0.0,0.0,0.0,0.0,0.0,0.0001125592680182308,0.00011255924619035795,0.00011255924619035795,0.00011255923891440034,0.0,-0.15829263627529144,0.09876088052988052,-9.830082893371582,0.0,0.0,0.0,0.0,0.0,0.0,0.0,0.0,0.0,0.0,0.0,0.0,0.0,0.0,0.0,0.00011444919800851494,0.00011444919073255733,0.00011444920528447255,0.00011444916890468448,0.04114978387951851,0.04114978387951851,0.04114978387951851,0.04114978387951851,-0.007559280376881361,0.033315468579530716,-0.018557939678430557,0.0,0.0,0.0,0.0,0.0,0.0,0.0
2907871922,0,0.0009469441138207912,-0.04003274440765381,-0.14486365020275116,0.0009337374940514565,-0.04029079154133797,-0.14483943581581116,-0.001961810514330864,-0.006601785775274038,-0.004512472543865442,0.0,0.0,0.0,-0.01198312547057867,-0.012900182045996189,-0.004786457866430283,0.0,0.0,-0.004799929913133383,-0.00020843782112933695,-0.00022666595759801567,-0.0003443855093792081,0.09526114910840988,0.10255617648363113,9.798113023862243e-05,0.0,0.0,0.0,0.09554518014192581,0.1024496927857399,0.00031024537747725844,0.00020710902754217386,-0.09432635456323624,-0.10179796814918518,-0.00017463351832702756,2.0,2.0,2.0,2.0,0.0,0.0,0.0,0.0,0.0,0.0001125592680182308,0.00011255924619035795,0.00011255924619035795,0.00011255923891440034,0.0,-0.14767827093601227,0.12058484554290771,-9.82295036315918,0.0,0.0,0.0,0.0,0.0,0.0,0.0,0.0,0.0,0.0,0.0,0.0,0.0,0.0,0.0,0.00011387364065740258,0.00011387363338144496,0.0001138736552093178,0.00011387361155357212,0.04114978387951851,0.04114978387951851,0.04114978387951851,0.04114978387951851,-0.007559280376881361,0.033315468579530716,-0.018557939678430557,0.0,0.0,0.0,0.0,0.0,0.0,0.0
2917447586,0,0.0009337374940514565,-0.04029079154133797,-0.14483943581581116,0.0009337374940514565,-0.04029079154133797,-0.14483943581581116,-0.001924443757161498,-0.007117841392755508,-0.004430174827575684,0.0,0.0,0.0,-0.011968768201768398,-0.012892547063529491,-0.0047999294474720955,0.0,0.0,-0.004799929913133383,0.001014556037262082,0.0004700301797129214,-0.0005685905925929546,0.09489908069372177,0.10271502286195755,9.655309258960187e-05,0.0,0.0,0.0,0.09554518014192581,0.1024496927857399,0.00031024537747725844,0.00020710902754217386,-0.09434372931718826,-0.10181541740894318,-0.0001864489895524457,2.0,2.0,2.0,2.0,0.0,0.0,0.0,0.0,0.0,0.0001125592680182308,0.00011255924619035795,0.00011255924619035795,0.00011255923891440034,0.0,-0.14767827093601227,0.12058484554290771,-9.82295036315918,0.0,0.0,0.0,0.0,0.0,0.0,0.0,0.0,0.0,0.0,0.0,0.0,0.0,0.0,0.0,0.00011334802547935396,0.00011334802547935396,0.00011334805458318442,0.00011334801092743874,0.04114978387951851,0.04114978387951851,0.04114978387951851,0.04114978387951851,0.043286267668008804,0.023769889026880264,-0.010861458256840706,0.0,0.0,0.0,0.0,0.0,0.0,0.0
2926031945,0,0.0009267874411307275,-0.04041622206568718,-0.1448291391134262,0.0009267874411307275,-0.04041622206568718,-0.1448291391134262,-0.0019899329636245966,-0.007118687964975834,-0.004351515788584948,0.0,0.0,0.0,-0.011983711272478104,-0.01288834773004055,-0.004801563918590546,0.0,0.0,-0.004801563918590546,0.001014556037262082,0.0004700301797129214,-0.0005685905925929546,0.09503107517957687,0.10262478142976761,8.793058077571914e-05,0.0,0.0,0.0,0.09345166385173798,0.10200729966163635,0.00040186685509979725,0.000205605523660779,-0.09434372931718826,-0.10181541740894318,-0.0001864489895524457,2.0,2.0,2.0,2.0,0.0,0.0,0.0,0.0,0.0,0.00011174214887432754,0.0001117421270464547,0.00011174213432241231,0.00011174211977049708,0.0,-0.15114256739616394,0.11666946858167648,-9.834492683410645,0.0,0.0,0.0,0.0,0.0,0.0,0.0,0.0,0.0,0.0,0.0,0.0,0.0,0.0,0.0,0.00011290626571280882,0.00011290626571280882,0.00011290630209259689,0.00011290626571280882,0.04114978387951851,0.04114978387951851,0.04114978387951851,0.04114978387951851,0.043286267668008804,0.023769889026880264,-0.010861458256840706,0.0,0.0,0.0,0.0,0.0,0.0,0.0
2936891938,0,0.0009267874411307275,-0.04041622206568718,-0.1448291391134262,0.0009267874411307275,-0.04041622206568718,-0.1448291391134262,-0.0019899329636245966,-0.007118687964975834,-0.004351515788584948,0.0,0.0,0.0,-0.011983711272478104,-0.01288834773004055,-0.004801563918590546,0.0,0.0,-0.004801563918590546,0.001014556037262082,0.0004700301797129214,-0.0005685905925929546,0.09503107517957687,0.10262478142976761,8.793058077571914e-05,0.0,0.0,0.0,0.09345166385173798,0.10200729966163635,0.00040186685509979725,0.000205605523660779,-0.09434762597084045,-0.10182444006204605,-0.0001965579140232876,2.0,2.0,2.0,2.0,0.0,0.0,0.0,0.0,0.0,0.00011174214887432754,0.0001117421270464547,0.00011174213432241231,0.00011174211977049708,0.0,-0.15114256739616394,0.11666946858167648,-9.834492683410645,0.0,0.0,0.0,0.0,0.0,0.0,0.0,0.0,0.0,0.0,0.0,0.0,0.0,0.0,0.0,0.000112511872430332,0.00011251186515437439,0.00011251190881012008,0.00011251187970628962,0.04114978387951851,0.04114978387951851,0.04114978387951851,0.04114978387951851,0.043286267668008804,0.023769889026880264,-0.010861458256840706,0.0,0.0,0.0,0.0,0.0,0.0,0.0
2947065702,0,0.0008594196988269687,-0.04066052287817001,-0.1447996199131012,0.0008594196988269687,-0.04066052287817001,-0.1447996199131012,-0.0023489799350500107,-0.006637661252170801,-0.004698431584984064,0.0,0.0,0.0,-0.011967607773840427,-0.012937229126691818,-0.004819251596927643,0.0,0.0,-0.004819251596927643,0.00045034463983029127,7.264426676556468e-05,-0.00038816267624497414,0.09513767808675766,0.10285070538520813,9.48870147112757e-05,0.0,0.0,0.0,0.0946602001786232,0.10265245288610458,0.0001300819858442992,0.00020493852207437158,-0.09435588866472244,-0.10183153301477432,-0.00020025571575388312,2.0,2.0,2.0,2.0,0.0,0.0,0.0,0.0,0.0,0.00011137966066598892,0.00011137963156215847,0.00011137963883811608,0.00011137962428620085,0.0,-0.1183459609746933,0.10471010953187943,-9.811668395996094,0.0,0.0,0.0,0.0,0.0,0.0,0.0,0.0,0.0,0.0,0.0,0.0,0.0,0.0,0.0,0.000112159141281154,0.00011215912672923878,0.00011215917038498446,0.000112159141281154,0.04114978387951851,0.04114978387951851,0.04114978387951851,0.04114978387951851,-0.0031094541773200035,-0.02228812873363495,0.0021459064446389675,0.0,0.0,0.0,0.0,0.0,0.0,0.0
2956587975,0,0.0008594196988269687,-0.04066052287817001,-0.1447996199131012,0.0008594196988269687,-0.04066052287817001,-0.1447996199131012,-0.0023489799350500107,-0.006637661252170801,-0.004698431584984064,0.0,0.0,0.0,-0.011967607773840427,-0.012937229126691818,-0.004819251596927643,0.0,0.0,-0.004819251596927643,0.00045034463983029127,7.264426676556468e-05,-0.00038816267624497414,0.09513767808675766,0.10285070538520813,9.48870147112757e-05,0.0,0.0,0.0,0.0946602001786232,0.10265245288610458,0.0001300819858442992,0.00020493852207437158,-0.09437880665063858,-0.10185050964355469,-0.00020036807109136134,2.0,2.0,2.0,2.0,0.0,0.0,0.0,0.0,0.0,0.00011137966066598892,0.00011137963156215847,0.00011137963883811608,0.00011137962428620085,0.0,-0.13690097630023956,0.12778501212596893,-9.819619178771973,0.0,0.0,0.0,0.0,0.0,0.0,0.0,0.0,0.0,0.0,0.0,0.0,0.0,0.0,0.0,0.00011185854964423925,0.0001118585278163664,0.00011185855692019686,0.00011185854236828163,0.04114978387951851,0.04114978387951851,0.04114978387951851,0.04114978387951851,-0.0031094541773200035,-0.02228812873363495,0.0021459064446389675,0.0,0.0,0.0,0.0,0.0,0.0,0.0
2966407379,0,0.0008003950933925807,-0.0407477505505085,-0.14478139579296112,0.0008003950933925807,-0.0407477505505085,-0.14478139579296112,-0.0024244701489806175,-0.006674427073448896,-0.005006216000765562,0.0,0.0,0.0,-0.011954966932535172,-0.012876985594630241,-0.004827035591006279,0.0,0.0,-0.004827035591006279,-0.0001800880127120763,0.000621287792455405,-0.0004365623462945223,0.0950375646352768,0.1023714542388916,0.0001145755231846124,0.0,0.0,0.0,0.09541763365268707,0.10157860815525055,0.00032592215575277805,0.00020479645172599703,-0.09439316391944885,-0.1018538624048233,-0.00021172562264837325,2.0,2.0,2.0,2.0,0.0,0.0,0.0,0.0015332031762227416,0.0,0.00011130243365187198,0.00011130241182399914,0.00011130241182399914,0.00011130239727208391,0.0,-0.13368172943592072,0.1146075651049614,-9.832164764404297,0.0,0.0,0.0,0.0,0.0,0.0,0.0,0.0,0.0,0.0,0.0,0.0,0.0,0.0,0.0,0.00011161878501297906,0.0001116187559091486,0.00011161876318510622,0.00011161876318510622,0.04114978387951851,0.04114978387951851,0.04114978387951851,0.04114978387951851,-0.019997911527752876,0.017155705019831657,-0.011736524291336536,0.0,0.0,0.0,0.0,0.0,0.0,0.0
2975764008,0,0.0007712462102063,-0.040788695216178894,-0.14477115869522095,0.0007712462102063,-0.040788695216178894,-0.14477115869522095,-0.0025047583039849997,-0.006731109693646431,-0.004900927655398846,0.0,0.0,0.0,-0.01194105762988329,-0.012880593538284302,-0.0048531764186918736,0.0,0.0,-0.0048531764186918736,0.0002304165536770597,0.0006034699035808444,-0.0009636690374463797,0.09492714703083038,0.10239999741315842,0.0001236518146470189,0.0,0.0,0.0,0.09460095316171646,0.10172777622938156,0.0008988266345113516,0.00020485572167672217,-0.09439316391944885,-0.1018538624048233,-0.00021172562264837325,2.0,2.0,2.0,2.0,0.0,0.0,0.0,0.0,0.0,0.00011133467342006043,0.00011133464431622997,0.00011133465159218758,0.00011133462976431474,0.0,-0.1389703005552292,0.10604152083396912,-9.819231033325195,0.0,0.0,0.0,0.0,0.0,0.0,0.0,0.0,0.0,0.0,0.0,0.0,0.0,0.0,0.0,0.00011144754535052925,0.00011144750897074118,0.00011144749441882595,0.00011144750169478357,0.04114978387951851,0.04114978387951851,0.04114978387951851,0.04114978387951851,0.0095780398696661,0.006875390652567148,-0.02881917729973793,0.0,0.0,0.0,0.0,0.0,0.0,0.0
2991818047,0,0.0007712462102063,-0.040788695216178894,-0.14477115869522095,0.0007712462102063,-0.040788695216178894,-0.14477115869522095,-0.0025047583039849997,-0.006731109693646431,-0.004900927655398846,0.0,0.0,0.0,-0.01194105762988329,-0.012880593538284302,-0.0048531764186918736,0.0,0.0,-0.0048531764186918736,0.0002304165536770597,0.0006034699035808444,-0.0009636690374463797,0.09499571472406387,0.10227487981319427,7.42364936741069e-05,0.0,0.0,0.0,0.09460095316171646,0.10172777622938156,0.0008988266345113516,0.00020485572167672217,-0.09439316391944885,-0.1018538624048233,-0.00021172562264837325,2.0,2.0,2.0,2.0,0.0,0.0,0.0,0.0,0.0,0.00011133467342006043,0.00011133464431622997,0.00011133465159218758,0.00011133462976431474,0.0,-0.1389703005552292,0.10604152083396912,-9.819231033325195,0.0,0.0,0.0,0.0,0.0,0.0,0.0,0.0,0.0,0.0,0.0,0.0,0.0,0.0,0.0,0.00011134101077914238,0.0001113409671233967,0.00011134095257148147,0.0001113409671233967,0.04114978387951851,0.04114978387951851,0.04114978387951851,0.04114978387951851,0.0095780398696661,0.006875390652567148,-0.02881917729973793,0.0,0.0,0.0,0.0,0.0,0.0,0.0
2996092823,0,0.0007143935654312372,-0.04089139401912689,-0.14475366473197937,0.0007143935654312372,-0.04089139401912689,-0.14475366473197937,-0.00223084376193583,-0.006850021425634623,-0.0044694822281599045,0.0,0.0,0.0,-0.011975769884884357,-0.012860418297350407,-0.004837854765355587,0.0,0.0,-0.004837854765355587,4.871997225563973e-05,0.00066644127946347,-0.0007103995303623378,0.09499571472406387,0.10227487981319427,7.42364936741069e-05,0.0,0.0,0.0,0.09500515460968018,0.101453498005867,0.0003421268775127828,0.00020649733778554946,-0.09441390633583069,-0.10186804831027985,-0.0002373347815591842,2.0,2.0,2.0,2.0,0.0,0.0,0.0,0.0,0.0,0.00011222682951483876,0.00011222681496292353,0.00011222680768696591,0.00011222680768696591,0.0,-0.11187514662742615,0.09602290391921997,-9.787534713745117,0.0,0.0,0.0,0.0,0.0,0.0,0.0,0.0,0.0,0.0,0.0,0.0,0.0,0.0,0.0,0.00011132859799545258,0.0001113285543397069,0.0001113285543397069,0.0001113285543397069,0.04114978387951851,0.04114978387951851,0.04114978387951851,0.04114978387951851,-0.005815580952912569,0.015494107268750668,0.003985282965004444,0.0,0.0,0.0,0.0,0.0,0.0,0.0
3005966768,0,0.0007143935654312372,-0.04089139401912689,-0.14475366473197937,0.0007143935654312372,-0.04089139401912689,-0.14475366473197937,-0.00223084376193583,-0.006850021425634623,-0.0044694822281599045,0.0,0.0,0.0,-0.011975769884884357,-0.012860418297350407,-0.004837854765355587,0.0,0.0,-0.004837854765355587,-0.0001360100432066247,0.00037875393172726035,6.129663961473852e-05,0.09499571472406387,0.10227487981319427,7.42364936741069e-05,0.0,0.0,0.0,0.09500515460968018,0.101453498005867,0.0003421268775127828,0.00020649733778554946,-0.09444557875394821,-0.10186956077814102,-0.00024299544747918844,2.0,2.0,2.0,2.0,0.0,0.0,0.0,0.0,0.0,0.00011222682951483876,0.00011222681496292353,0.00011222680768696591,0.00011222680768696591,0.0,-0.1308913230895996,0.11053889244794846,-9.807065963745117,0.0,0.0,0.0,0.0,0.0,0.0,0.0,0.0,0.0,0.0,0.0,0.0,0.0,0.0,0.0,0.00011144709424115717,0.00011144703603349626,0.00011144704330945387,0.00011144703603349626,0.04114978387951851,0.04114978387951851,0.04114978387951851,0.04114978387951851,-0.005082991905510426,-0.01878584548830986,0.029137348756194115,0.0,0.0,0.0,0.0,0.0,0.0,0.0
3016089458,0,0.0006605302914977074,-0.04101422801613808,-0.1447344273328781,0.0006605302914977074,-0.04101422801613808,-0.1447344273328781,-0.00230105547234416,-0.006529386155307293,-0.004306933842599392,0.0,0.0,0.0,-0.011985458433628082,-0.012841543182730675,-0.004816616885364056,0.0,0.0,-0.004816616885364056,-0.0001360100432066247,0.00037875393172726035,6.129663961473852e-05,0.09499162435531616,0.10226452350616455,0.00011442338291089982,0.0,0.0,0.0,0.09517846256494522,0.10207363218069077,-0.0004602359840646386,0.00020870754087809473,-0.09444557875394821,-0.10186956077814102,-0.00024299544747918844,2.0,2.0,2.0,2.0,0.0,0.0,0.0,0.0,0.0,0.00011342803190927953,0.0001134280173573643,0.00011342801008140668,0.00011342799552949145,0.0,-0.12055931985378265,0.09535206109285355,-9.802872657775879,0.0,0.0,0.0,0.0,0.0,0.0,0.0,0.0,0.0,0.0,0.0,0.0,0.0,0.0,0.0,0.00011170464858878404,0.00011170460493303835,0.00011170461948495358,0.00011170460493303835,0.04114978387951851,0.04114978387951851,0.04114978387951851,0.04114978387951851,-0.005082991905510426,-0.01878584548830986,0.029137348756194115,0.0,0.0,0.0,0.0,0.0,0.0,0.0
3026326193,0,0.0006360983825288713,-0.04107280820608139,-0.14472420513629913,0.0006360983825288713,-0.04107280820608139,-0.14472420513629913,-0.0022728629410266876,-0.006630816031247377,-0.004220081493258476,0.0,0.0,0.0,-0.011989112012088299,-0.01288593653589487,-0.00481052091345191,0.0,0.0,-0.004810520447790623,-0.0006315362406894565,-0.00028683189884759486,0.00021229525736998767,0.09507473558187485,0.10236190259456635,0.00010259082773700356,0.0,0.0,0.0,0.09593146294355392,0.10304693132638931,-0.000504368101246655,0.00020950436010025442,-0.09446387737989426,-0.1018790751695633,-0.0002369058784097433,2.0,2.0,2.0,2.0,0.0,0.0,0.0,0.0,0.0,0.0001138610823545605,0.00011386106052668765,0.00011386106052668765,0.00011386104597477242,0.0,-0.12538060545921326,0.08866787701845169,-9.799041748046875,0.0,0.0,0.0,0.0,0.0,0.0,0.0,0.0,0.0,0.0,0.0,0.0,0.0,0.0,0.0,0.00011211388482479379,0.00011211385572096333,0.00011211386299692094,0.00011211385572096333,0.04114978387951851,0.04114978387951851,0.04114978387951851,0.04114978387951851,-0.022519255056977272,-0.03981930762529373,0.021258538588881493,0.0,0.0,0.0,0.0,0.0,0.0,0.0
3036087616,0,0.0006360983825288713,-0.04107280820608139,-0.14472420513629913,0.0006360983825288713,-0.04107280820608139,-0.14472420513629913,-0.0022728629410266876,-0.006630816031247377,-0.004220081493258476,0.0,0.0,0.0,-0.011989112012088299,-0.01288593653589487,-0.00481052091345191,0.0,0.0,-0.004810520447790623,-0.0006961545441299677,0.00027390714967623353,0.00025174033362418413,0.09507473558187485,0.10236190259456635,0.00010259082773700356,0.0,0.0,0.0,0.09593146294355392,0.10304693132638931,-0.000504368101246655,0.00020950436010025442,-0.09451273083686829,-0.10190670192241669,-0.00022229814203456044,2.0,2.0,2.0,2.0,0.0,0.0,0.0,0.0,0.0,0.0001138610823545605,0.00011386106052668765,0.00011386106052668765,0.00011386104597477242,0.0,-0.12998031079769135,0.11940115690231323,-9.83956527709961,0.0,0.0,0.0,0.0,0.0,0.0,0.0,0.0,0.0,0.0,0.0,0.0,0.0,0.0,0.0,0.00011261757754255086,0.0001126175484387204,0.00011261756299063563,0.0001126175484387204,0.04114978387951851,0.04114978387951851,0.04114978387951851,0.04114978387951851,-0.00920751690864563,0.014140424318611622,0.010115067474544048,0.0,0.0,0.0,0.0,0.0,0.0,0.0
3046060956,0,0.0005621523014269769,-0.0413392037153244,-0.1446978896856308,0.0005621523014269769,-0.0413392037153244,-0.1446978896856308,-0.0025504054501652718,-0.00693137152120471,-0.00496705574914813,0.0,0.0,0.0,-0.011977199465036392,-0.012853333726525307,-0.004816198721528053,0.0,0.0,-0.004816198721528053,-0.0007553442264907062,0.0002958101686090231,-9.060902812052518e-05,0.09521392732858658,0.10218385607004166,8.938080281950533e-05,0.0,0.0,0.0,0.0960271880030632,0.1019478291273117,5.484078428708017e-05,0.00021013521472923458,-0.09451273083686829,-0.10190670192241669,-0.00022229814203456044,2.0,2.0,2.0,2.0,0.0,0.0,0.0,0.0,0.0,0.00011420394002925605,0.00011420393275329843,0.0001142039182013832,0.0001142039182013832,0.0,-0.12998031079769135,0.11940115690231323,-9.83956527709961,0.0,0.0,0.0,0.0,0.0,0.0,0.0,0.0,0.0,0.0,0.0,0.0,0.0,0.0,0.0,0.0001131105818785727,0.00011311054549878463,0.00011311055277474225,0.00011311054549878463,0.04114978387951851,0.04114978387951851,0.04114978387951851,0.04114978387951851,-0.00563455605879426,0.004721079021692276,-0.012823312543332577,0.0,0.0,0.0,0.0,0.0,0.0,0.0
3056330094,0,0.0005621523014269769,-0.0413392037153244,-0.1446978896856308,0.0005388063727878034,-0.04143976420164108,-0.1446916162967682,-0.0025504054501652718,-0.00693137152120471,-0.00496705574914813,0.0,0.0,0.0,-0.011977199465036392,-0.012853333726525307,-0.004816198721528053,0.0,0.0,-0.004815572872757912,-0.0007553442264907062,0.0002958101686090231,-9.060902812052518e-05,0.09521392732858658,0.10218385607004166,8.938080281950533e-05,0.0,0.0,0.0,0.0960271880030632,0.1019478291273117,5.484078428708017e-05,0.00021013521472923458,-0.094539575278759,-0.10191243886947632,-0.0002155962574761361,2.0,2.0,2.0,2.0,0.0,0.0,0.0,0.0,0.0,0.00011420394002925605,0.00011420393275329843,0.0001142039182013832,0.0001142039182013832,0.0,-0.12998031079769135,0.11940115690231323,-9.83956527709961,0.0,0.0,0.0,0.0,0.0,0.0,0.0,0.0,0.0,0.0,0.0,0.0,0.0,0.0,0.0,0.0001135389757109806,0.00011353894660715014,0.00011353896115906537,0.00011353894660715014,0.04114978387951851,0.04114978387951851,0.04114978387951851,0.04114978387951851,-0.00563455605879426,0.004721079021692276,-0.012823312543332577,0.0,0.0,0.0,0.0,0.0,0.0,0.0
3065861147,0,0.0005388063727878034,-0.04143976420164108,-0.1446916162967682,0.0005388063727878034,-0.04143976420164108,-0.1446916162967682,-0.002364212879911065,-0.007054951973259449,-0.004891363438218832,0.0,0.0,0.0,-0.011977397836744785,-0.012866801582276821,-0.004815572872757912,0.0,0.0,-0.004815572872757912,-0.0007553442264907062,0.0002958101686090231,-9.060902812052518e-05,0.09521549195051193,0.10229085385799408,9.171480633085594e-05,0.0,0.0,0.0,0.0960271880030632,0.1019478291273117,5.484078428708017e-05,0.00021013521472923458,-0.09456481784582138,-0.10191289335489273,-0.0002171995583921671,2.0,2.0,2.0,2.0,0.0,0.0,0.0,0.0,0.0,0.00011420394002925605,0.00011420393275329843,0.0001142039182013832,0.0001142039182013832,0.0,-0.11674939095973969,0.11619649827480316,-9.822303771972656,0.0,0.0,0.0,0.0,0.0,0.0,0.0,0.0,0.0,0.0,0.0,0.0,0.0,0.0,0.0,0.00011387236008886248,0.00011387235281290486,0.00011387236008886248,0.00011387235281290486,0.04114978387951851,0.04114978387951851,0.04114978387951851,0.04114978387951851,-0.00563455605879426,0.004721079021692276,-0.012823312543332577,0.0,0.0,0.0,0.0,0.0,0.0,0.0
3075921275,0,0.0004968356224708259,-0.04155220463871956,-0.14468055963516235,0.0004968356224708259,-0.04155220463871956,-0.14468055963516235,-0.002178368391469121,-0.006969902664422989,-0.004625793546438217,0.0,0.0,0.0,-0.012000062502920628,-0.012795847840607166,-0.004823644645512104,0.0,0.0,-0.004823644645512104,-0.0003489576047286391,0.0016662880079820752,-0.0005570705980062485,0.0953955426812172,0.10172699391841888,8.002509275684133e-05,0.0,0.0,0.0,0.09548037499189377,0.09957895427942276,0.00047521578380838037,0.000210265934583731,-0.094589002430439,-0.10190541297197342,-0.0002198671136284247,2.0,2.0,2.0,2.0,0.0,0.0,0.0,0.0,0.0,0.00011427498247940093,0.00011427497520344332,0.0001142749679274857,0.00011427495337557048,0.0,-0.11585953831672668,0.10886058956384659,-9.805804252624512,0.0,0.0,0.0,0.0,0.0,0.0,0.0,0.0,0.0,0.0,0.0,0.0,0.0,0.0,0.0,0.00011410078150220215,0.00011410079605411738,0.00011410078150220215,0.00011410079605411738,0.04114978387951851,0.04114978387951851,0.04114978387951851,0.04114978387951851,0.026412561535835266,0.04817557334899902,-0.020765991881489754,0.0,0.0,0.0,0.0,0.0,0.0,0.0
3085848589,0,0.0004968356224708259,-0.04155220463871956,-0.14468055963516235,0.0004968356224708259,-0.04155220463871956,-0.14468055963516235,-0.002178368391469121,-0.006969902664422989,-0.004625793546438217,0.0,0.0,0.0,-0.012000062502920628,-0.012795847840607166,-0.004823644645512104,0.0,0.0,-0.004823644645512104,-0.0003489576047286391,0.0016662880079820752,-0.0005570705980062485,0.0953955426812172,0.10172699391841888,8.002509275684133e-05,0.0,0.0,0.0,0.09548037499189377,0.09957895427942276,0.00047521578380838037,0.000210265934583731,-0.09464030712842941,-0.10187067091464996,-0.0002400867233518511,2.0,2.0,2.0,2.0,0.0,0.0,0.0,0.0,0.0,0.00011427498247940093,0.00011427497520344332,0.0001142749679274857,0.00011427495337557048,0.0,-0.14382091164588928,0.09922898560762405,-9.807938575744629,0.0,0.0,0.0,0.0,0.0,0.0,0.0,0.0,0.0,0.0,0.0,0.0,0.0,0.0,0.0,0.000114241978735663,0.00011424200056353584,0.000114241978735663,0.00011424200056353584,0.04114978387951851,0.04114978387951851,0.04114978387951851,0.04114978387951851,0.026412561535835266,0.04817557334899902,-0.020765991881489754,0.0,0.0,0.0,0.0,0.0,0.0,0.0
3095919128,0,0.00045555809629149735,-0.04168868809938431,-0.14467225968837738,0.00045555809629149735,-0.04168868809938431,-0.14467225968837738,-0.002375697949901223,-0.006986816413700581,-0.004610069096088409,0.0,0.0,0.0,-0.012035033665597439,-0.012776017189025879,-0.004860440734773874,0.0,0.0,-0.004860440734773874,-0.0007735089748166502,0.00010943240340566263,-0.0007473398582078516,0.0954846739768982,0.10167927294969559,8.89350994839333e-05,0.0,0.0,0.0,0.09623120725154877,0.09973354637622833,0.0009158831089735031,0.00021135702263563871,-0.09467187523841858,-0.10186593234539032,-0.0002524729061406106,2.0,2.0,2.0,2.0,0.0,0.0,0.0,0.0,0.0,0.00011486796574899927,0.00011486795119708404,0.00011486794392112643,0.00011486793664516881,0.0,-0.14382091164588928,0.09922898560762405,-9.807938575744629,0.0,0.0,0.0,0.0,0.0,0.0,0.0,0.0,0.0,0.0,0.0,0.0,0.0,0.0,0.0,0.00011434485350036994,0.00011434487532824278,0.00011434485350036994,0.00011434487532824278,0.04114978387951851,0.04114978387951851,0.04114978387951851,0.04114978387951851,0.004168959334492683,-0.0678381398320198,-0.0012621316127479076,0.0,0.0,0.0,0.0,0.0,0.0,0.0
3106202882,0,0.0004099291400052607,-0.041802890598773956,-0.14466789364814758,0.0004099291400052607,-0.041802890598773956,-0.14466789364814758,-0.002602182561531663,-0.0070539009757339954,-0.004631738644093275,0.0,0.0,0.0,-0.012044453993439674,-0.012836148031055927,-0.0048348065465688705,0.0,0.0,-0.0048348065465688705,-0.0007735089748166502,0.00010943240340566263,-0.0007473398582078516,0.09563424438238144,0.10192444920539856,0.00012020568829029799,0.0,0.0,0.0,0.09636607021093369,0.10249339789152145,0.0004506810219027102,0.00021259946515783668,-0.09467187523841858,-0.10186593234539032,-0.0002524729061406106,2.0,2.0,2.0,2.0,0.0,0.0,0.0,0.0,0.0,0.00011554320371942595,0.00011554319644346833,0.00011554318916751072,0.00011554317461559549,0.0,-0.12433423846960068,0.10689681023359299,-9.790822982788086,0.0,0.0,0.0,0.0,0.0,0.0,0.0,0.0,0.0,0.0,0.0,0.0,0.0,0.0,0.0,0.00011449576413724571,0.00011449578596511856,0.00011449576413724571,0.00011449577868916094,0.04114978387951851,0.04114978387951851,0.04114978387951851,0.04114978387951851,0.004168959334492683,-0.0678381398320198,-0.0012621316127479076,0.0,0.0,0.0,0.0,0.0,0.0,0.0
3116693273,0,0.00030347149004228413,-0.042035724967718124,-0.14464779198169708,0.00030347149004228413,-0.042035724967718124,-0.14464779198169708,-0.0027895611710846424,-0.0075463904067873955,-0.0047622486017644405,0.0,0.0,0.0,-0.012005631811916828,-0.012841158546507359,-0.004852101672440767,0.0,0.0,-0.004852101672440767,-0.0007735089748166502,0.00010943240340566263,-0.0007473398582078516,0.0954398438334465,0.10208714008331299,8.38449050206691e-05,0.0,0.0,0.0,0.09636607021093369,0.10249339789152145,0.0004506810219027102,0.00021259946515783668,-0.09467187523841858,-0.10186593234539032,-0.0002524729061406106,2.0,2.0,2.0,2.0,0.0,0.0,0.0,0.0,0.0,0.00011554320371942595,0.00011554319644346833,0.00011554318916751072,0.00011554317461559549,0.0,-0.12433423846960068,0.10689681023359299,-9.790822982788086,0.0,0.0,0.0,0.0,0.0,0.0,0.0,0.0,0.0,0.0,0.0,0.0,0.0,0.0,0.0,0.00011473210179246962,0.00011473212362034246,0.00011473210179246962,0.00011473212362034246,0.04114978387951851,0.04114978387951851,0.04114978387951851,0.04114978387951851,0.004168959334492683,-0.0678381398320198,-0.0012621316127479076,0.0,0.0,0.0,0.0,0.0,0.0,0.0
3131809028,0,0.00030347149004228413,-0.042035724967718124,-0.14464779198169708,0.00030347149004228413,-0.042035724967718124,-0.14464779198169708,-0.0027895611710846424,-0.0075463904067873955,-0.0047622486017644405,0.0,0.0,0.0,-0.012005631811916828,-0.012841158546507359,-0.004852101672440767,0.0,0.0,-0.004852101672440767,-0.0001310863153776154,-0.0015190239064395428,-0.00015025923494249582,0.0954398438334465,0.10208714008331299,8.38449050206691e-05,0.0,0.0,0.0,0.09561268985271454,0.10443204641342163,-0.000249263335717842,0.00021528213983401656,-0.09471238404512405,-0.1019081100821495,-0.0002587574126664549,2.0,2.0,2.0,2.0,0.0,0.0,0.0,0.0,0.0,0.0001170012037619017,0.00011700117465807125,0.00011700117465807125,0.00011700115283019841,0.0,-0.12025270611047745,0.10555864125490189,-9.785099029541016,0.0,0.0,0.0,0.0,0.0,0.0,0.0,0.0,0.0,0.0,0.0,0.0,0.0,0.0,0.0,0.00011506526789162308,0.0001150652751675807,0.00011506525333970785,0.0001150652751675807,0.04114978387951851,0.04114978387951851,0.04114978387951851,0.04114978387951851,0.018035462126135826,-0.06428266316652298,0.018569543957710266,0.0,0.0,0.0,0.0,0.0,0.0,0.0
3136122676,0,0.00030347149004228413,-0.042035724967718124,-0.14464779198169708,0.00030347149004228413,-0.042035724967718124,-0.14464779198169708,-0.0027895611710846424,-0.0075463904067873955,-0.0047622486017644405,0.0,0.0,0.0,-0.012005631811916828,-0.012841158546507359,-0.004852101672440767,0.0,0.0,-0.004852101672440767,-0.0001310863153776154,-0.0015190239064395428,-0.00015025923494249582,0.0954398438334465,0.10208714008331299,8.38449050206691e-05,0.0,0.0,0.0,0.09561268985271454,0.10443204641342163,-0.000249263335717842,0.00021528213983401656,-0.09471238404512405,-0.1019081100821495,-0.0002587574126664549,2.0,2.0,2.0,2.0,0.0,0.0,0.0,0.0,0.0,0.0001170012037619017,0.00011700117465807125,0.00011700117465807125,0.00011700115283019841,0.0,-0.13358929753303528,0.10876493155956268,-9.805387496948242,0.0,0.0,0.0,0.0,0.0,0.0,0.0,0.0,0.0,0.0,0.0,0.0,0.0,0.0,0.0,0.00011551909847185016,0.00011551908391993493,0.00011551906209206209,0.00011551907664397731,0.04114978387951851,0.04114978387951851,0.04114978387951851,0.04114978387951851,0.018035462126135826,-0.06428266316652298,0.018569543957710266,0.0,0.0,0.0,0.0,0.0,0.0,0.0
3146177492,0,0.0002638408914208412,-0.04210440069437027,-0.14463619887828827,0.0002638408914208412,-0.04210440069437027,-0.14463619887828827,-0.002795964013785124,-0.007435761392116547,-0.00448267487809062,0.0,0.0,0.0,-0.0119590749964118,-0.012882196344435215,-0.004795573651790619,0.0,0.0,-0.004795573651790619,0.0013835174031555653,-0.0016156411729753017,0.0007898000185377896,0.09506899118423462,0.10241400450468063,4.3359119445085526e-05,0.0,0.0,0.0,0.0930524617433548,0.1044396162033081,-0.0012273036409169436,0.00021727434068452567,-0.09472820907831192,-0.10198887437582016,-0.00022247586457524449,2.0,2.0,2.0,2.0,0.0,0.0,0.0,0.0,0.0,0.00011808392446255311,0.00011808389535872266,0.00011808388808276504,0.0001180838662548922,0.0,-0.13358929753303528,0.10876493155956268,-9.805387496948242,0.0,0.0,0.0,0.0,0.0,0.0,0.0,0.0,0.0,0.0,0.0,0.0,0.0,0.0,0.0,0.00011606572661548853,0.00011606569751165807,0.00011606568295974284,0.00011606569751165807,0.04114978387951851,0.04114978387951851,0.04114978387951851,0.04114978387951851,0.06330054998397827,-0.04099668934941292,0.04501986503601074,0.0,0.0,0.0,0.0,0.0,0.0,0.0
3156723030,0,0.0002445997961331159,-0.04213487729430199,-0.14462605118751526,0.0002445997961331159,-0.04213487729430199,-0.14462605118751526,-0.0027443564031273127,-0.007274749223142862,-0.004192020278424025,0.0,0.0,0.0,-0.01196279190480709,-0.012903613038361073,-0.0047928402200341225,0.0,0.0,-0.0047928402200341225,0.0014199482975527644,-0.0018842320423573256,0.0011583446757867932,0.0950993075966835,0.10258354246616364,8.933614299166948e-05,0.0,0.0,0.0,0.0932958722114563,0.1048034131526947,-0.0014453914482146502,0.0002173439715988934,-0.09472820907831192,-0.10198887437582016,-0.00022247586457524449,2.0,2.0,2.0,2.0,0.0,0.0,0.0,0.0,0.0,0.00011812175216618925,0.00011812173033831641,0.0001181217230623588,0.00011812171578640118,0.0,-0.12365584820508957,0.11058896034955978,-9.787757873535156,0.0,0.0,0.0,0.0,0.0,0.0,0.0,0.0,0.0,0.0,0.0,0.0,0.0,0.0,0.0,0.00011665876081679016,0.00011665873898891732,0.00011665871716104448,0.00011665873898891732,0.04114978387951851,0.04114978387951851,0.04114978387951851,0.04114978387951851,0.03834913298487663,-0.03356447443366051,0.04262911528348923,0.0,0.0,0.0,0.0,0.0,0.0,0.0
3165898035,0,0.0002445997961331159,-0.04213487729430199,-0.14462605118751526,0.00020697929721791297,-0.04214545711874962,-0.14460480213165283,-0.0027443564031273127,-0.007274749223142862,-0.004192020278424025,0.0,0.0,0.0,-0.01196279190480709,-0.012903613038361073,-0.0047928402200341225,0.0,0.0,-0.0047533512115478516,0.0014199482975527644,-0.0018842320423573256,0.0011583446757867932,0.09510678052902222,0.1024315282702446,8.362736843992025e-05,0.0,0.0,0.0,0.0932958722114563,0.1048034131526947,-0.0014453914482146502,0.0002173439715988934,-0.09472820907831192,-0.10198887437582016,-0.00022247586457524449,2.0,2.0,2.0,2.0,0.0,0.0,0.0,0.0,0.0,0.00011812175216618925,0.00011812173033831641,0.0001181217230623588,0.00011812171578640118,0.0,-0.12365584820508957,0.11058896034955978,-9.787757873535156,0.0,0.0,0.0,0.0,0.0,0.0,0.0,0.0,0.0,0.0,0.0,0.0,0.0,0.0,0.0,0.00011721863120328635,0.00011721861665137112,0.00011721859482349828,0.00011721861665137112,0.04114978387951851,0.04114978387951851,0.04114978387951851,0.04114978387951851,0.03834913298487663,-0.03356447443366051,0.04262911528348923,0.0,0.0,0.0,0.0,0.0,0.0,0.0
3176038483,0,0.00020697929721791297,-0.04214545711874962,-0.14460480213165283,0.00020697929721791297,-0.04214545711874962,-0.14460480213165283,-0.0028906252700835466,-0.0065397233702242374,-0.004116057883948088,0.0,0.0,0.0,-0.011978110298514366,-0.012915420345962048,-0.0047533512115478516,0.0,0.0,-0.0047533512115478516,0.0003554908325895667,-0.0009175146697089076,0.0015425434103235602,0.09510678052902222,0.1024315282702446,8.362736843992025e-05,0.0,0.0,0.0,0.09506023675203323,0.102990061044693,-0.001477689715102315,0.000214457992115058,-0.09473991394042969,-0.1020759642124176,-0.00012831517960876226,2.0,2.0,2.0,2.0,0.0,0.0,0.0,0.0,0.0,0.00011655328125925735,0.0001165532594313845,0.0001165532594313845,0.00011655323760351166,0.0,-0.10944073647260666,0.09492459893226624,-9.776954650878906,0.0,0.0,0.0,0.0,0.0,0.0,0.0,0.0,0.0,0.0,0.0,0.0,0.0,0.0,0.0,0.00011758827895391732,0.00011758825712604448,0.00011758823529817164,0.00011758825712604448,0.04114978387951851,0.04114978387951851,0.04114978387951851,0.04114978387951851,-0.030894268304109573,0.03589852899312973,0.016904471442103386,0.0,0.0,0.0,0.0,0.0,0.0,0.0
3187587243,0,0.00017305601795669645,-0.042173661291599274,-0.14457781612873077,0.00017305601795669645,-0.042173661291599274,-0.14457781612873077,-0.0029353247955441475,-0.006367227528244257,-0.004072287585586309,0.0,0.0,0.0,-0.011929979547858238,-0.012894491665065289,-0.004765368532389402,0.0,0.0,-0.004765368532389402,0.00018465534958522767,0.00041413609869778156,0.0008161624427884817,0.09510678052902222,0.1024315282702446,8.362736843992025e-05,0.0,0.0,0.0,0.09506023675203323,0.102990061044693,-0.001477689715102315,0.000214457992115058,-0.09475159645080566,-0.10208650678396225,-0.00010561407543718815,2.0,2.0,2.0,2.0,0.0,0.0,0.0,0.0,0.0,0.00011655328125925735,0.0001165532594313845,0.0001165532594313845,0.00011655323760351166,0.0,-0.10944073647260666,0.09492459893226624,-9.776954650878906,0.0,0.0,0.0,0.0,0.0,0.0,0.0,0.0,0.0,0.0,0.0,0.0,0.0,0.0,0.0,0.00011765143426600844,0.0001176514124381356,0.00011765138333430514,0.0001176514124381356,0.04114978387951851,0.04114978387951851,0.04114978387951851,0.04114978387951851,-0.010347428731620312,0.06055374816060066,-0.020383702591061592,0.0,0.0,0.0,0.0,0.0,0.0,0.0
3195803745,0,0.00017305601795669645,-0.042173661291599274,-0.14457781612873077,0.00017305601795669645,-0.042173661291599274,-0.14457781612873077,-0.0029353247955441475,-0.006367227528244257,-0.004072287585586309,0.0,0.0,0.0,-0.011929979547858238,-0.012894491665065289,-0.004765368532389402,0.0,0.0,-0.004765368532389402,0.0002678681630641222,0.00031426866189576685,0.00038465706165879965,0.09487994015216827,0.10240255296230316,5.726614472223446e-05,0.0,0.0,0.0,0.0946614220738411,0.10185085237026215,-9.459476132178679e-05,0.00020486304129008204,-0.09476311504840851,-0.10209035128355026,-8.946735033532605e-05,2.0,2.0,2.0,2.0,0.0,0.0,0.0,0.0,0.0,0.00011133863154100254,0.00011133859516121447,0.00011133861698908731,0.00011133858788525686,0.0,-0.12562519311904907,0.11809137463569641,-9.795958518981934,0.0,0.0,0.0,0.0,0.0,0.0,0.0,0.0,0.0,0.0,0.0,0.0,0.0,0.0,0.0,0.00011723928764695302,0.00011723926581908017,0.0001172392294392921,0.00011723926581908017,0.04114978387951851,0.04114978387951851,0.04114978387951851,0.04114978387951851,0.0019408708903938532,0.02275311015546322,-0.03220861405134201,0.0,0.0,0.0,0.0,0.0,0.0,0.0
3206194406,0,0.00015727060963399708,-0.04219567030668259,-0.14456415176391602,0.00015727060963399708,-0.04219567030668259,-0.14456415176391602,-0.002934359246864915,-0.006308358162641525,-0.0041165477596223354,0.0,0.0,0.0,-0.011920812539756298,-0.012901587411761284,-0.004739602096378803,0.0,0.0,-0.004739603027701378,0.0002678681630641222,0.00031426866189576685,0.00038465706165879965,0.09494870156049728,0.10239265114068985,0.0001022332435240969,0.0,0.0,0.0,0.0946614220738411,0.10185085237026215,-9.459476132178679e-05,0.00020486304129008204,-0.09476311504840851,-0.10209035128355026,-8.946735033532605e-05,2.0,2.0,2.0,2.0,0.0,0.0,0.0,0.0,0.0,0.00011133863154100254,0.00011133859516121447,0.00011133861698908731,0.00011133858788525686,0.0,-0.12562519311904907,0.11809137463569641,-9.795958518981934,0.0,0.0,0.0,0.0,0.0,0.0,0.0,0.0,0.0,0.0,0.0,0.0,0.0,0.0,0.0,0.00011618831194937229,0.00011618829012149945,0.00011618826101766899,0.00011618829012149945,0.04114978387951851,0.04114978387951851,0.04114978387951851,0.04114978387951851,0.0019408708903938532,0.02275311015546322,-0.03220861405134201,0.0,0.0,0.0,0.0,0.0,0.0,0.0
3216496288,0,0.00015727060963399708,-0.04219567030668259,-0.14456415176391602,0.00015727060963399708,-0.04219567030668259,-0.14456415176391602,-0.002934359246864915,-0.006308358162641525,-0.0041165477596223354,0.0,0.0,0.0,-0.011920812539756298,-0.012901587411761284,-0.004739602096378803,0.0,0.0,-0.004739603027701378,0.0002727833343669772,-0.0009895467665046453,-0.0005071117193438113,0.09494870156049728,0.10239265114068985,0.0001022332435240969,0.0,0.0,0.0,0.0946614220738411,0.10185085237026215,-9.459476132178679e-05,0.00020486304129008204,-0.09478121250867844,-0.10213059186935425,-8.488652383675799e-05,2.0,2.0,2.0,2.0,0.0,0.0,0.0,0.0,0.0,0.00011133863154100254,0.00011133859516121447,0.00011133861698908731,0.00011133858788525686,0.0,-0.12834465503692627,0.10134650021791458,-9.814427375793457,0.0,0.0,0.0,0.0,0.0,0.0,0.0,0.0,0.0,0.0,0.0,0.0,0.0,0.0,0.0,0.00011477652878966182,0.00011477650696178898,0.00011477648513391614,0.00011477650696178898,0.04114978387951851,0.04114978387951851,0.04114978387951851,0.04114978387951851,0.003187825670465827,-0.022980958223342896,-0.04249672591686249,0.0,0.0,0.0,0.0,0.0,0.0,0.0
3225816851,0,0.00014937730156816542,-0.04225919395685196,-0.14453783631324768,0.00014937730156816542,-0.04225919395685196,-0.14453783631324768,-0.002810598583891988,-0.006606034468859434,-0.004293431062251329,0.0,0.0,0.0,-0.01191728189587593,-0.012954174540936947,-0.0047479369677603245,0.0,0.0,-0.0047479369677603245,0.0002727833343669772,-0.0009895467665046453,-0.0005071117193438113,0.09462942183017731,0.10293895751237869,0.00011373336019460112,0.0,0.0,0.0,0.0943247601389885,0.10415831953287125,0.0006923519540578127,0.0001982491376111284,-0.09478121250867844,-0.10213059186935425,-8.488652383675799e-05,2.0,2.0,2.0,2.0,0.0,0.0,0.0,0.0,0.0,0.00010774411930469796,0.00010774409747682512,0.00010774409747682512,0.0001077440902008675,0.0,-0.12834465503692627,0.10134650021791458,-9.814427375793457,0.0,0.0,0.0,0.0,0.0,0.0,0.0,0.0,0.0,0.0,0.0,0.0,0.0,0.0,0.0,0.00011328198888804764,0.00011328196706017479,0.00011328195250825956,0.00011328196706017479,0.04114978387951851,0.04114978387951851,0.04114978387951851,0.04114978387951851,0.003187825670465827,-0.022980958223342896,-0.04249672591686249,0.0,0.0,0.0,0.0,0.0,0.0,0.0
3236141592,0,0.00014937730156816542,-0.04225919395685196,-0.14453783631324768,0.00017700684838928282,-0.0424535907804966,-0.14450256526470184,-0.002810598583891988,-0.006606034468859434,-0.004293431062251329,0.0,0.0,0.0,-0.01191728189587593,-0.012954174540936947,-0.0047479369677603245,0.0,0.0,-0.004761881660670042,0.0004687218461185694,-0.0005219085142016411,-0.0009715714841149747,0.09462942183017731,0.10293895751237869,0.00011373336019460112,0.0,0.0,0.0,0.09419630467891693,0.10335849970579147,0.0010713820811361074,0.0001953840983333066,-0.09479258954524994,-0.10216972231864929,-0.0001097137646866031,2.0,2.0,2.0,2.0,0.0,0.0,0.0,0.0,0.0,0.00010618701344355941,0.0001061870061676018,0.00010618699889164418,0.00010618699889164418,0.0,-0.12834465503692627,0.10134650021791458,-9.814427375793457,0.0,0.0,0.0,0.0,0.0,0.0,0.0,0.0,0.0,0.0,0.0,0.0,0.0,0.0,0.0,0.0001116190614993684,0.00011161903967149556,0.00011161902511958033,0.00011161903967149556,0.04114978387951851,0.04114978387951851,0.04114978387951851,0.04114978387951851,0.009950973093509674,0.009763789363205433,-0.04620663821697235,0.0,0.0,0.0,0.0,0.0,0.0,0.0
3245924268,0,0.00017700684838928282,-0.0424535907804966,-0.14450256526470184,0.00017700684838928282,-0.0424535907804966,-0.14450256526470184,-0.001957190688699484,-0.006795378401875496,-0.003870133077725768,0.0,0.0,0.0,-0.011931789107620716,-0.012969591654837132,-0.004761882126331329,0.0,0.0,-0.004761881660670042,5.890149623155594e-06,-0.00046283481060527265,-0.0009445760515518486,0.09485282748937607,0.10310810804367065,8.88355280039832e-05,0.0,0.0,0.0,0.09419630467891693,0.10335849970579147,0.0010713820811361074,0.0001953840983333066,-0.09479258954524994,-0.10216972231864929,-0.0001097137646866031,2.0,2.0,2.0,2.0,0.0,0.0,0.0,0.0,0.0,0.00010618701344355941,0.0001061870061676018,0.00010618699889164418,0.00010618699889164418,0.0,-0.09657498449087143,0.10567424446344376,-9.793896675109863,0.0,0.0,0.0,0.0,0.0,0.0,0.0,0.0,0.0,0.0,0.0,0.0,0.0,0.0,0.0,0.00010987067798851058,0.00010987065616063774,0.00010987064888468012,0.00010987065616063774,0.04114978387951851,0.04114978387951851,0.04114978387951851,0.04114978387951851,-0.019178368151187897,0.008392399176955223,-0.022280899807810783,0.0,0.0,0.0,0.0,0.0,0.0,0.0
3257065345,0,0.00019029449322260916,-0.04249289259314537,-0.14448952674865723,0.00019029449322260916,-0.04249289259314537,-0.14448952674865723,-0.001851910725235939,-0.006642917636781931,-0.003786326851695776,0.0,0.0,0.0,-0.011913212947547436,-0.012963932938873768,-0.004745601676404476,0.0,0.0,-0.004745601676404476,-0.00017111351189669222,-0.0017718859016895294,-0.00044895417522639036,0.09470487385988235,0.10306333750486374,7.31297695892863e-05,0.0,0.0,0.0,0.09481607377529144,0.1039571762084961,7.986482523847371e-05,0.00019192731997463852,-0.09480230510234833,-0.10218621790409088,-0.00011944927973672748,2.0,2.0,2.0,2.0,0.0,0.0,0.0,0.0,0.0,0.0001043083393597044,0.00010430832480778918,0.00010430832480778918,0.00010430831753183156,0.0,-0.11164825409650803,0.11762184649705887,-9.787031173706055,0.0,0.0,0.0,0.0,0.0,0.0,0.0,0.0,0.0,0.0,0.0,0.0,0.0,0.0,0.0,0.00010824438504641876,0.00010824437049450353,0.00010824437777046114,0.00010824437049450353,0.04114978387951851,0.04114978387951851,0.04114978387951851,0.04114978387951851,-0.013643383979797363,-0.052969228476285934,0.004308350384235382,0.0,0.0,0.0,0.0,0.0,0.0,0.0
3267269717,0,0.00022109333076514304,-0.042568694800138474,-0.14446274936199188,0.00022109333076514304,-0.042568694800138474,-0.14446274936199188,-0.0017063203267753124,-0.006682435981929302,-0.003941983450204134,0.0,0.0,0.0,-0.011918531730771065,-0.013037665747106075,-0.0047475919127464294,0.0,0.0,-0.004747591447085142,-0.00017111351189669222,-0.0017718859016895294,-0.00044895417522639036,0.09474732726812363,0.10364927351474762,8.780906500760466e-05,0.0,0.0,0.0,0.09481607377529144,0.1039571762084961,7.986482523847371e-05,0.00019192731997463852,-0.09482589364051819,-0.10225950181484222,-0.00012725460692308843,2.0,2.0,2.0,2.0,0.0,0.0,0.0,0.0,0.0,0.0001043083393597044,0.00010430832480778918,0.00010430832480778918,0.00010430831753183156,0.0,-0.11164825409650803,0.11762184649705887,-9.787031173706055,0.0,0.0,0.0,0.0,0.0,0.0,0.0,0.0,0.0,0.0,0.0,0.0,0.0,0.0,0.0,0.00010680491686798632,0.00010680490959202871,0.00010680491686798632,0.00010680490959202871,0.04114978387951851,0.04114978387951851,0.04114978387951851,0.04114978387951851,-0.013643383979797363,-0.052969228476285934,0.004308350384235382,0.0,0.0,0.0,0.0,0.0,0.0,0.0
3275811189,0,0.00022109333076514304,-0.042568694800138474,-0.14446274936199188,0.00022109333076514304,-0.042568694800138474,-0.14446274936199188,-0.0017063203267753124,-0.006682435981929302,-0.003941983450204134,0.0,0.0,0.0,-0.011918531730771065,-0.013037665747106075,-0.0047475919127464294,0.0,0.0,-0.004747591447085142,-0.0003124053473584354,-0.0020400884095579386,-7.365262717939913e-06,0.09474732726812363,0.10364927351474762,8.780906500760466e-05,0.0,0.0,0.0,0.09520894289016724,0.10610330104827881,-0.0003697995562106371,0.0001893670269055292,-0.09482589364051819,-0.10225950181484222,-0.00012725460692308843,2.0,2.0,2.0,2.0,0.0,0.0,0.0,0.0,0.0,0.00010291689250152558,0.00010291686339769512,0.00010291687067365274,0.00010291685612173751,0.0,-0.11867489665746689,0.1009008139371872,-9.787944793701172,0.0,0.0,0.0,0.0,0.0,0.0,0.0,0.0,0.0,0.0,0.0,0.0,0.0,0.0,0.0,0.00010557210043771192,0.0001055720858857967,0.00010557209316175431,0.00010557207860983908,0.04114978387951851,0.04114978387951851,0.04114978387951851,0.04114978387951851,-0.014921599067747593,-0.04139409959316254,0.025181327015161514,0.0,0.0,0.0,0.0,0.0,0.0,0.0
3290662256,0,0.0002378162316745147,-0.04262696951627731,-0.14444921910762787,0.0002378162316745147,-0.04262696951627731,-0.14444921910762787,-0.0015448912745341659,-0.006814008578658104,-0.004173731431365013,0.0,0.0,0.0,-0.011885881423950195,-0.013048154301941395,-0.004725195001810789,0.0,0.0,-0.004725195001810789,0.00027574849082157016,-0.0015879430575296283,0.0009861082071438432,0.09448741376399994,0.10373299568891525,6.617677718168125e-05,0.0,0.0,0.0,0.09401988983154297,0.10528106987476349,-0.001481123035773635,0.0001878168695839122,-0.09483475983142853,-0.10230390727519989,-0.00011516968515934423,2.0,2.0,2.0,2.0,0.0,0.0,0.0,0.0015332031762227416,0.0,0.00010207440209342167,0.00010207438026554883,0.00010207438754150644,0.00010207437298959121,0.0,-0.11867489665746689,0.1009008139371872,-9.787944793701172,0.0,0.0,0.0,0.0,0.0,0.0,0.0,0.0,0.0,0.0,0.0,0.0,0.0,0.0,0.0,0.0001045011667883955,0.00010450112313264981,0.00010450113040860742,0.00010450112313264981,0.04114978387951851,0.04114978387951851,0.04114978387951851,0.04114978387951851,0.01917780376970768,0.003986469469964504,0.060335755348205566,0.0,0.0,0.0,0.0,0.0,0.0,0.0
3296586120,0,0.0002378162316745147,-0.04262696951627731,-0.14444921910762787,0.0002378162316745147,-0.04262696951627731,-0.14444921910762787,-0.0015448912745341659,-0.006814008578658104,-0.004173731431365013,0.0,0.0,0.0,-0.011885881423950195,-0.013048154301941395,-0.004725195001810789,0.0,0.0,-0.004725195001810789,0.0005676349392160773,-0.0010878085158765316,0.0010555643821135163,0.09434331953525543,0.10389473289251328,6.480963929789141e-05,0.0,0.0,0.0,0.09401988983154297,0.10528106987476349,-0.001481123035773635,0.0001878168695839122,-0.09483364224433899,-0.10237514972686768,-7.03715777490288e-05,2.0,2.0,2.0,2.0,0.0,0.0,0.0,0.0,0.0,0.00010207440209342167,0.00010207438026554883,0.00010207438754150644,0.00010207437298959121,0.0,-0.1104041337966919,0.13065561652183533,-9.810134887695312,0.0,0.0,0.0,0.0,0.0,0.0,0.0,0.0,0.0,0.0,0.0,0.0,0.0,0.0,0.0,0.00010356552229495719,0.00010356547136325389,0.0001035654786392115,0.0001035654786392115,0.04114978387951851,0.04114978387951851,0.04114978387951851,0.04114978387951851,0.009026296436786652,0.02306026965379715,0.016913486644625664,0.0,0.0,0.0,0.0,0.0,0.0,0.0
3305753492,0,0.00027417181991040707,-0.042735494673252106,-0.14442621171474457,0.00027417181991040707,-0.042735494673252106,-0.14442621171474457,-0.0012534062843769789,-0.007170386612415314,-0.004178147297352552,0.0,0.0,0.0,-0.011867379769682884,-0.013073942624032497,-0.004703479818999767,0.0,0.0,-0.004703479818999767,5.042071279603988e-05,-0.0007419161265715957,0.0010316234547644854,0.09434331953525543,0.10389473289251328,6.480963929789141e-05,0.0,0.0,0.0,0.09368301928043365,0.10479466617107391,-0.0010673098731786013,0.0001827147789299488,-0.09483364224433899,-0.10237514972686768,-7.03715777490288e-05,2.0,2.0,2.0,2.0,0.0,0.0,0.0,0.0,0.0,9.930151281878352e-05,9.93014982668683e-05,9.930149099091068e-05,9.930149099091068e-05,0.0,-0.13154634833335876,0.12058702111244202,-9.820599555969238,0.0,0.0,0.0,0.0,0.0,0.0,0.0,0.0,0.0,0.0,0.0,0.0,0.0,0.0,0.0,0.00010270229540765285,0.00010270223719999194,0.00010270225175190717,0.00010270225175190717,0.04114978387951851,0.04114978387951851,0.04114978387951851,0.04114978387951851,-0.021979762241244316,0.027758844196796417,0.005623859353363514,0.0,0.0,0.0,0.0,0.0,0.0,0.0
3316545046,0,0.0003340851981192827,-0.042865168303251266,-0.1443987637758255,0.0003340851981192827,-0.042865168303251266,-0.1443987637758255,-0.0007559730438515544,-0.0068269451148808,-0.004409526940435171,0.0,0.0,0.0,-0.011910585686564445,-0.013076880015432835,-0.004671934526413679,0.0,0.0,-0.004671934992074966,5.042071279603988e-05,-0.0007419161265715957,0.0010316234547644854,0.09468399733304977,0.10396121442317963,7.77981331339106e-05,0.0,0.0,0.0,0.09368301928043365,0.10479466617107391,-0.0010673098731786013,0.0001827147789299488,-0.09483364224433899,-0.10237514972686768,-7.03715777490288e-05,2.0,2.0,2.0,2.0,0.0,0.0,0.0,0.0,0.0,9.930151281878352e-05,9.93014982668683e-05,9.930149099091068e-05,9.930149099091068e-05,0.0,-0.13154634833335876,0.12058702111244202,-9.820599555969238,0.0,0.0,0.0,0.0,0.0,0.0,0.0,0.0,0.0,0.0,0.0,0.0,0.0,0.0,0.0,0.00010177813237532973,0.00010177808144362643,0.00010177808871958405,0.00010177808871958405,0.04114978387951851,0.04114978387951851,0.04114978387951851,0.04114978387951851,-0.021979762241244316,0.027758844196796417,0.005623859353363514,0.0,0.0,0.0,0.0,0.0,0.0,0.0
3326238189,0,0.0003340851981192827,-0.042865168303251266,-0.1443987637758255,0.0003340851981192827,-0.042865168303251266,-0.1443987637758255,-0.0007559730438515544,-0.0068269451148808,-0.004409526940435171,0.0,0.0,0.0,-0.011910585686564445,-0.013076880015432835,-0.004671934526413679,0.0,0.0,-0.004671934992074966,-0.00036648864625021815,-0.0004013798607047647,0.0007240573177114129,0.09468399733304977,0.10396121442317963,7.77981331339106e-05,0.0,0.0,0.0,0.09509555250406265,0.10390838235616684,-0.0005567141342908144,0.00017529228352941573,-0.09485337138175964,-0.10245621204376221,-1.712898665573448e-05,2.0,2.0,2.0,2.0,0.0,0.0,0.0,0.0,0.0,9.526756184641272e-05,9.526754001853988e-05,9.52675545704551e-05,9.526753274258226e-05,0.0,-0.11564986407756805,0.11930149048566818,-9.826187133789062,0.0,0.0,0.0,0.0,0.0,0.0,0.0,0.0,0.0,0.0,0.0,0.0,0.0,0.0,0.0,0.0001006805250653997,0.00010068047413369641,0.00010068048140965402,0.00010068047413369641,0.04114978387951851,0.04114978387951851,0.04114978387951851,0.04114978387951851,-0.035578470677137375,0.0308536347001791,-0.009982503019273281,0.0,0.0,0.0,0.0,0.0,0.0,0.0
3335988832,0,0.0003558879252523184,-0.04286915063858032,-0.14439167082309723,0.0003558879252523184,-0.04286915063858032,-0.14439167082309723,-0.000830175937153399,-0.006613139994442463,-0.0043729450553655624,0.0,0.0,0.0,-0.011904606595635414,-0.013091479428112507,-0.0046563479118049145,0.0,0.0,-0.004656348377466202,-0.0007311474764719605,-0.00027597014559432864,0.000517236883752048,0.09463640302419662,0.10407733172178268,7.480452040908858e-05,0.0,0.0,0.0,0.09573666751384735,0.10413740575313568,-0.00035746884532272816,0.00017087257583625615,-0.09485337138175964,-0.10245621204376221,-1.712898665573448e-05,2.0,2.0,2.0,2.0,0.0,0.0,0.0,0.0,0.0,9.286554268328473e-05,9.28655281313695e-05,9.28655281313695e-05,9.286552085541189e-05,0.0,-0.1288336217403412,0.11769840866327286,-9.804245948791504,0.0,0.0,0.0,0.0,0.0,0.0,0.0,0.0,0.0,0.0,0.0,0.0,0.0,0.0,0.0,9.921715536620468e-05,9.921710443450138e-05,9.921709715854377e-05,9.921709715854377e-05,0.04114978387951851,0.04114978387951851,0.04114978387951851,0.04114978387951851,-0.03691163659095764,0.021589281037449837,-0.014522798359394073,0.0,0.0,0.0,0.0,0.0,0.0,0.0
3346049359,0,0.0003558879252523184,-0.04286915063858032,-0.14439167082309723,0.0003558879252523184,-0.04286915063858032,-0.14439167082309723,-0.000830175937153399,-0.006613139994442463,-0.0043729450553655624,0.0,0.0,0.0,-0.011904606595635414,-0.013091479428112507,-0.0046563479118049145,0.0,0.0,-0.004656348377466202,-0.00013067908002994955,0.00031843603937886655,4.6504123019985855e-05,0.09463640302419662,0.10407733172178268,7.480452040908858e-05,0.0,0.0,0.0,0.0944191962480545,0.10357611626386642,-2.132111694663763e-05,0.00016231393965426832,-0.09486857056617737,-0.10249583423137665,-1.1441879905760288e-05,2.0,2.0,2.0,2.0,0.0,0.0,0.0,0.0,0.0,8.821411029202864e-05,8.821410301607102e-05,8.821409574011341e-05,8.821409574011341e-05,0.0,-0.1288336217403412,0.11769840866327286,-9.804245948791504,0.0,0.0,0.0,0.0,0.0,0.0,0.0,0.0,0.0,0.0,0.0,0.0,0.0,0.0,0.0,9.72216366790235e-05,9.722159302327782e-05,9.722157847136259e-05,9.722157847136259e-05,0.04114978387951851,0.04114978387951851,0.04114978387951851,0.04114978387951851,-0.0009596036979928613,0.024499142542481422,-0.0108530567958951,0.0,0.0,0.0,0.0,0.0,0.0,0.0
3356358329,0,0.0003789827460423112,-0.04285287484526634,-0.1443759799003601,0.0003789827460423112,-0.04285287484526634,-0.1443759799003601,-0.000988731742836535,-0.006340155377984047,-0.00447425339370966,0.0,0.0,0.0,-0.01185960415750742,-0.013099336996674538,-0.0046723997220396996,0.0,0.0,-0.004672400187700987,-0.00013067908002994955,0.00031843603937886655,4.6504123019985855e-05,0.09427892416715622,0.104139544069767,8.978713594842702e-05,0.0,0.0,0.0,0.0944191962480545,0.10357611626386642,-2.132111694663763e-05,0.00016231393965426832,-0.09486857056617737,-0.10249583423137665,-1.1441879905760288e-05,2.0,2.0,2.0,2.0,0.0,0.0,0.0,0.0,0.0,8.821411029202864e-05,8.821410301607102e-05,8.821409574011341e-05,8.821409574011341e-05,0.0,-0.12623511254787445,0.10496307164430618,-9.788147926330566,0.0,0.0,0.0,0.0,0.0,0.0,0.0,0.0,0.0,0.0,0.0,0.0,0.0,0.0,0.0,9.479266009293497e-05,9.479261643718928e-05,9.479260188527405e-05,9.479260188527405e-05,0.04114978387951851,0.04114978387951851,0.04114978387951851,0.04114978387951851,-0.0009596036979928613,0.024499142542481422,-0.0108530567958951,0.0,0.0,0.0,0.0,0.0,0.0,0.0
3365825318,0,0.0003789827460423112,-0.04285287484526634,-0.1443759799003601,0.0003789827460423112,-0.04285287484526634,-0.1443759799003601,-0.000988731742836535,-0.006340155377984047,-0.00447425339370966,0.0,0.0,0.0,-0.01185960415750742,-0.013099336996674538,-0.0046723997220396996,0.0,0.0,-0.004672400187700987,0.0006808461039327085,0.0007268072804436088,-0.00016172538744285703,0.09427892416715622,0.104139544069767,8.978713594842702e-05,0.0,0.0,0.0,0.0938272699713707,0.10354252904653549,-0.0001702929730527103,0.00015889268252067268,-0.0948648452758789,-0.10252469778060913,-7.822847692295909e-06,2.0,2.0,2.0,2.0,0.0,0.0,0.0,0.0,0.0,8.635473204776645e-05,8.635472477180883e-05,8.635471749585122e-05,8.63547102198936e-05,0.0,-0.12623511254787445,0.10496307164430618,-9.788147926330566,0.0,0.0,0.0,0.0,0.0,0.0,0.0,0.0,0.0,0.0,0.0,0.0,0.0,0.0,0.0,9.229835268342867e-05,9.229832357959822e-05,9.229829447576776e-05,9.229829447576776e-05,0.04114978387951851,0.04114978387951851,0.04114978387951851,0.04114978387951851,0.02537144534289837,0.025768132880330086,-0.014101930893957615,0.0,0.0,0.0,0.0,0.0,0.0,0.0
3376172040,0,0.00038063409738242626,-0.042809270322322845,-0.14435988664627075,0.00038063409738242626,-0.042809270322322845,-0.14435988664627075,-0.0009657236514613032,-0.006309760268777609,-0.004579018335789442,0.0,0.0,0.0,-0.011819852516055107,-0.013061889447271824,-0.004666236229240894,0.0,0.0,-0.004666235763579607,0.001019486808218062,7.523849490098655e-05,-0.00046329357428476214,0.09388502687215805,0.10407804697751999,0.00011374332825653255,0.0,0.0,0.0,0.09270157665014267,0.10393112897872925,0.00048155459808185697,0.00015133914712350816,-0.0948648452758789,-0.10252469778060913,-7.822847692295909e-06,2.0,2.0,2.0,2.0,0.0,0.0,0.0,0.0,0.0,8.224956400226802e-05,8.224954217439517e-05,8.224954945035279e-05,8.224953489843756e-05,0.0,-0.12623511254787445,0.10496307164430618,-9.788147926330566,0.0,0.0,0.0,0.0,0.0,0.0,0.0,0.0,0.0,0.0,0.0,0.0,0.0,0.0,0.0,8.987124601844698e-05,8.987123874248937e-05,8.98712023627013e-05,8.98712023627013e-05,0.04114978387951851,0.04114978387951851,0.04114978387951851,0.04114978387951851,0.027175704017281532,-0.018863452598452568,-0.020920058712363243,0.0,0.0,0.0,0.0,0.0,0.0,0.0
3386290775,0,0.0003823088190983981,-0.04282890260219574,-0.14435167610645294,0.0003823088190983981,-0.04282890260219574,-0.14435167610645294,-0.0008985613822005689,-0.006361015141010284,-0.004519025329500437,0.0,0.0,0.0,-0.01182358805090189,-0.013058883138000965,-0.0046737282536923885,0.0,0.0,-0.0046737282536923885,0.001019486808218062,7.523849490098655e-05,-0.00046329357428476214,0.09388502687215805,0.10407804697751999,0.00011374332825653255,0.0,0.0,0.0,0.09270157665014267,0.10393112897872925,0.00048155459808185697,0.00015133914712350816,-0.0948532372713089,-0.10254023969173431,-1.3120268704369664e-05,2.0,2.0,2.0,2.0,0.0,0.0,0.0,0.0,0.0,8.224956400226802e-05,8.224954217439517e-05,8.224954945035279e-05,8.224953489843756e-05,0.0,-0.13603876531124115,0.12466239184141159,-9.822924613952637,0.0,0.0,0.0,0.0,0.0,0.0,0.0,0.0,0.0,0.0,0.0,0.0,0.0,0.0,0.0,8.746053208597004e-05,8.746053208597004e-05,8.746049570618197e-05,8.746049570618197e-05,0.04114978387951851,0.04114978387951851,0.04114978387951851,0.04114978387951851,0.027175704017281532,-0.018863452598452568,-0.020920058712363243,0.0,0.0,0.0,0.0,0.0,0.0,0.0
3395810800,0,0.0003873303940054029,-0.042923614382743835,-0.14433017373085022,0.0003873303940054029,-0.042923614382743835,-0.14433017373085022,-0.0008331566932611167,-0.005897988565266132,-0.0041703288443386555,0.0,0.0,0.0,-0.011780506931245327,-0.013039232231676579,-0.0047223689034581184,0.0,0.0,-0.0047223689034581184,0.0011675290297716856,-0.00022249063476920128,-0.0015923219034448266,0.09365622699260712,0.10399291664361954,9.407196193933487e-05,0.0,0.0,0.0,0.09270157665014267,0.10393112897872925,0.00048155459808185697,0.00015133914712350816,-0.0948532372713089,-0.10254023969173431,-1.3120268704369664e-05,2.0,2.0,2.0,2.0,0.0,0.0,0.0,0.0,0.0,8.224956400226802e-05,8.224954217439517e-05,8.224954945035279e-05,8.224953489843756e-05,0.0,-0.13603876531124115,0.12466239184141159,-9.822924613952637,0.0,0.0,0.0,0.0,0.0,0.0,0.0,0.0,0.0,0.0,0.0,0.0,0.0,0.0,0.0,8.531334606232122e-05,8.531334606232122e-05,8.531331695849076e-05,8.531331695849076e-05,0.04114978387951851,0.04114978387951851,0.04114978387951851,0.04114978387951851,0.012734446674585342,-0.00553085608407855,-0.04317687079310417,0.0,0.0,0.0,0.0,0.0,0.0,0.0
3406034032,0,0.0003873303940054029,-0.042923614382743835,-0.14433017373085022,0.0003873303940054029,-0.042923614382743835,-0.14433017373085022,-0.0008331566932611167,-0.005897988565266132,-0.0041703288443386555,0.0,0.0,0.0,-0.011780506931245327,-0.013039232231676579,-0.0047223689034581184,0.0,0.0,-0.0047223689034581184,0.0011675290297716856,-0.00022249063476920128,-0.0015923219034448266,0.09365106374025345,0.10366088151931763,0.0001412662968505174,0.0,0.0,0.0,0.09227119386196136,0.10418421030044556,0.001546580228023231,0.00014765860396437347,-0.09482362121343613,-0.10259187966585159,-5.714900908060372e-05,2.0,2.0,2.0,2.0,0.0,0.0,0.0,0.0,0.0,8.02492504590191e-05,8.024924318306148e-05,8.024924318306148e-05,8.024923590710387e-05,0.0,-0.12253259122371674,0.13143378496170044,-9.790719032287598,0.0,0.0,0.0,0.0,0.0,0.0,0.0,0.0,0.0,0.0,0.0,0.0,0.0,0.0,0.0,8.359970524907112e-05,8.359970524907112e-05,8.359968342119828e-05,8.359967614524066e-05,0.04114978387951851,0.04114978387951851,0.04114978387951851,0.04114978387951851,0.012734446674585342,-0.00553085608407855,-0.04317687079310417,0.0,0.0,0.0,0.0,0.0,0.0,0.0
3415723625,0,0.0003896189737133682,-0.04295969009399414,-0.14432328939437866,0.0003896189737133682,-0.04295969009399414,-0.14432328939437866,-0.0009372622589580715,-0.005813327617943287,-0.004321435932070017,0.0,0.0,0.0,-0.011796737089753151,-0.013020524755120277,-0.004697501193732023,0.0,0.0,-0.004697501193732023,0.0006230535800568759,0.0007115330081433058,-0.0009510520612820983,0.09377872943878174,0.10351338237524033,6.23173255007714e-05,0.0,0.0,0.0,0.09227119386196136,0.10418421030044556,0.001546580228023231,0.00014765860396437347,-0.0948084220290184,-0.10260795056819916,-7.714795356150717e-05,2.0,2.0,2.0,2.0,0.0,0.0,0.0,0.0,0.0,8.02492504590191e-05,8.024924318306148e-05,8.024924318306148e-05,8.024923590710387e-05,0.0,-0.12684109807014465,0.1266290694475174,-9.807954788208008,0.0,0.0,0.0,0.0,0.0,0.0,0.0,0.0,0.0,0.0,0.0,0.0,0.0,0.0,0.0,8.223094482673332e-05,8.223094482673332e-05,8.223093027481809e-05,8.223091572290286e-05,0.04114978387951851,0.04114978387951851,0.04114978387951851,0.04114978387951851,-0.022189298644661903,0.03843840956687927,0.006311844568699598,0.0,0.0,0.0,0.0,0.0,0.0,0.0
3425977518,0,0.0003896189737133682,-0.04295969009399414,-0.14432328939437866,0.0003896189737133682,-0.04295969009399414,-0.14432328939437866,-0.0009372622589580715,-0.005813327617943287,-0.004321435932070017,0.0,0.0,0.0,-0.011796737089753151,-0.013020524755120277,-0.004697501193732023,0.0,0.0,-0.004697501193732023,0.0006230535800568759,0.0007115330081433058,-0.0009510520612820983,0.09377872943878174,0.10351338237524033,6.23173255007714e-05,0.0,0.0,0.0,0.09337756782770157,0.1024174690246582,0.0005509498878382146,0.0001459587219869718,-0.09479717165231705,-0.10261539369821548,-8.648452785564587e-05,2.0,2.0,2.0,2.0,0.0,0.0,0.0,0.0,0.0,7.932539301691577e-05,7.932539301691577e-05,7.932538574095815e-05,7.932538574095815e-05,0.0,-0.12684109807014465,0.1266290694475174,-9.807954788208008,0.0,0.0,0.0,0.0,0.0,0.0,0.0,0.0,0.0,0.0,0.0,0.0,0.0,0.0,0.0,8.114947559079155e-05,8.114947559079155e-05,8.114946103887632e-05,8.11494464869611e-05,0.04114978387951851,0.04114978387951851,0.04114978387951851,0.04114978387951851,-0.022189298644661903,0.03843840956687927,0.006311844568699598,0.0,0.0,0.0,0.0,0.0,0.0,0.0
3435780593,0,0.00039546529296785593,-0.04300153627991676,-0.14431056380271912,0.00039546529296785593,-0.04300153627991676,-0.14431056380271912,-0.0010228800820186734,-0.005652494728565216,-0.004614000674337149,0.0,0.0,0.0,-0.01178815308958292,-0.012990680523216724,-0.004666548687964678,0.0,0.0,-0.004666548687964678,-0.00037270650500431657,0.002088355366140604,0.0003572412533685565,0.09371064603328705,0.10327600687742233,6.954783748369664e-05,0.0,0.0,0.0,0.0945616140961647,0.10062192380428314,-0.0007321596494875848,0.00014303956413641572,-0.09479111433029175,-0.10261319577693939,-8.189039363060147e-05,2.0,2.0,2.0,2.0,0.0,0.0,0.0,0.0,0.0,7.773889956297353e-05,7.773889228701591e-05,7.77388850110583e-05,7.77388850110583e-05,0.0,-0.12793266773223877,0.12715336680412292,-9.821904182434082,0.0,0.0,0.0,0.0,0.0,0.0,0.0,0.0,0.0,0.0,0.0,0.0,0.0,0.0,0.0,8.025042916415259e-05,8.025042916415259e-05,8.025041461223736e-05,8.025040733627975e-05,0.04114978387951851,0.04114978387951851,0.04114978387951851,0.04114978387951851,-0.04782631993293762,0.05657282471656799,0.03733500465750694,0.0,0.0,0.0,0.0,0.0,0.0,0.0
3446229860,0,0.00039546529296785593,-0.04300153627991676,-0.14431056380271912,0.0004013171128463,-0.04299009591341019,-0.14429977536201477,-0.0010228800820186734,-0.005652494728565216,-0.004614000674337149,0.0,0.0,0.0,-0.01178815308958292,-0.012990680523216724,-0.004666548687964678,0.0,0.0,-0.004653650801628828,-0.0007279744022525847,0.002165227197110653,0.0007677577086724341,0.09371064603328705,0.10327600687742233,6.954783748369664e-05,0.0,0.0,0.0,0.0945616140961647,0.10062192380428314,-0.0007321596494875848,0.00014303956413641572,-0.0947936624288559,-0.10259511321783066,-5.292028799885884e-05,2.0,2.0,2.0,2.0,0.0,0.0,0.0,0.0,0.0,7.773889956297353e-05,7.773889228701591e-05,7.77388850110583e-05,7.77388850110583e-05,0.0,-0.12793266773223877,0.12715336680412292,-9.821904182434082,0.0,0.0,0.0,0.0,0.0,0.0,0.0,0.0,0.0,0.0,0.0,0.0,0.0,0.0,0.0,7.941800868138671e-05,7.941800868138671e-05,7.941799412947148e-05,7.941798685351387e-05,0.04114978387951851,0.04114978387951851,0.04114978387951851,0.04114978387951851,-0.045655038207769394,0.03456557169556618,0.043090932071208954,0.0,0.0,0.0,0.0,0.0,0.0,0.0
3456046615,0,0.0004013171128463,-0.04299009591341019,-0.14429977536201477,0.0004013171128463,-0.04299009591341019,-0.14429977536201477,-0.0011836306657642126,-0.00563812768086791,-0.004531875718384981,0.0,0.0,0.0,-0.01178734190762043,-0.012968947179615498,-0.004653650801628828,0.0,0.0,-0.004653650801628828,-0.00033273236476816237,0.0015321034006774426,0.001202529645524919,0.09370419383049011,0.10310324281454086,6.880277214804664e-05,0.0,0.0,0.0,0.09412102401256561,0.1016855388879776,-0.0014416864141821861,0.00013908551773056388,-0.0947936624288559,-0.10259511321783066,-5.292028799885884e-05,2.0,2.0,2.0,2.0,0.0,0.0,0.0,0.0,0.0,7.558996003353968e-05,7.558996003353968e-05,7.558995275758207e-05,7.558994548162445e-05,0.0,-0.13543856143951416,0.12511131167411804,-9.801636695861816,0.0,0.0,0.0,0.0,0.0,0.0,0.0,0.0,0.0,0.0,0.0,0.0,0.0,0.0,0.0,7.859963807277381e-05,7.859963807277381e-05,7.859962352085859e-05,7.859961624490097e-05,0.04114978387951851,0.04114978387951851,0.04114978387951851,0.04114978387951851,-0.008409521542489529,-0.011439789086580276,0.045230571180582047,0.0,0.0,0.0,0.0,0.0,0.0,0.0
3466401281,0,0.0004039204213768244,-0.04297054186463356,-0.14429356157779694,0.0004039204213768244,-0.04297054186463356,-0.14429356157779694,-0.0010095499455928802,-0.005596985574811697,-0.004273966420441866,0.0,0.0,0.0,-0.011783546768128872,-0.012941031716763973,-0.004667346831411123,0.0,0.0,-0.004667346831411123,-9.020819561555982e-06,0.0003295502392575145,0.0005325223901309073,0.09367473423480988,0.10288072377443314,0.00010792841931106523,0.0,0.0,0.0,0.09362669289112091,0.10320372134447098,-0.0003912749234586954,0.0001353346451651305,-0.09478934854269028,-0.10259487479925156,-3.714098420459777e-05,2.0,2.0,2.0,2.0,0.0,0.0,0.0,0.0,0.0,7.355144043685868e-05,7.355144043685868e-05,7.355142588494346e-05,7.355142588494346e-05,0.0,-0.12594236433506012,0.12077149003744125,-9.814952850341797,0.0,0.0,0.0,0.0,0.0,0.0,0.0,0.0,0.0,0.0,0.0,0.0,0.0,0.0,0.0,7.764687325106934e-05,7.764687325106934e-05,7.764687325106934e-05,7.764685869915411e-05,0.04114978387951851,0.04114978387951851,0.04114978387951851,0.04114978387951851,0.005706175230443478,-0.06525440514087677,-0.006250522565096617,0.0,0.0,0.0,0.0,0.0,0.0,0.0
3476074033,0,0.0004039204213768244,-0.04297054186463356,-0.14429356157779694,0.0004039204213768244,-0.04297054186463356,-0.14429356157779694,-0.0010095499455928802,-0.005596985574811697,-0.004273966420441866,0.0,0.0,0.0,-0.011783546768128872,-0.012941031716763973,-0.004667346831411123,0.0,0.0,-0.004667346831411123,-9.020819561555982e-06,0.0003295502392575145,0.0005325223901309073,0.09329766780138016,0.10360413789749146,8.242849435191602e-05,0.0,0.0,0.0,0.09362669289112091,0.10320372134447098,-0.0003912749234586954,0.0001353346451651305,-0.0947682335972786,-0.10265947133302689,-2.4261440557893366e-05,2.0,2.0,2.0,2.0,0.0,0.0,0.0,0.0,0.0,7.355144043685868e-05,7.355144043685868e-05,7.355142588494346e-05,7.355142588494346e-05,0.0,-0.12594236433506012,0.12077149003744125,-9.814952850341797,0.0,0.0,0.0,0.0,0.0,0.0,0.0,0.0,0.0,0.0,0.0,0.0,0.0,0.0,0.0,7.651661144336686e-05,7.651661144336686e-05,7.651661871932447e-05,7.651661144336686e-05,0.04114978387951851,0.04114978387951851,0.04114978387951851,0.04114978387951851,0.005706175230443478,-0.06525440514087677,-0.006250522565096617,0.0,0.0,0.0,0.0,0.0,0.0,0.0
3486196355,0,0.00041094343760050833,-0.0429515540599823,-0.14428290724754333,0.00041094343760050833,-0.0429515540599823,-0.14428290724754333,-0.0007557432982139289,-0.005316650029271841,-0.004012525547295809,0.0,0.0,0.0,-0.011756986379623413,-0.013033059425652027,-0.004673577379435301,0.0,0.0,-0.004673577379435301,0.0005181400338187814,-0.0020615188404917717,-1.1128067853860557e-05,0.09329766780138016,0.10360413789749146,8.242849435191602e-05,0.0,0.0,0.0,0.09272481501102448,0.10668063163757324,0.0002009999006986618,0.00012942255125381052,-0.0947682335972786,-0.10265947133302689,-2.4261440557893366e-05,2.0,2.0,2.0,2.0,0.0,0.0,0.0,0.0,0.0,7.033836300252005e-05,7.033834117464721e-05,7.033835572656244e-05,7.033834117464721e-05,0.0,-0.13540080189704895,0.12314686179161072,-9.820762634277344,0.0,0.0,0.0,0.0,0.0,0.0,0.0,0.0,0.0,0.0,0.0,0.0,0.0,0.0,0.0,7.52653504605405e-05,7.52653504605405e-05,7.526535773649812e-05,7.526535773649812e-05,0.04114978387951851,0.04114978387951851,0.04114978387951851,0.04114978387951851,0.022085130214691162,-0.1007043644785881,-0.022891396656632423,0.0,0.0,0.0,0.0,0.0,0.0,0.0
3496186083,0,0.00041094343760050833,-0.0429515540599823,-0.14428290724754333,0.0004189126775600016,-0.042950086295604706,-0.1442733258008957,-0.0007557432982139289,-0.005316650029271841,-0.004012525547295809,0.0,0.0,0.0,-0.011756986379623413,-0.013033059425652027,-0.004673577379435301,0.0,0.0,-0.004707113839685917,0.0005285220686346292,-0.0013845914509147406,-0.0006119130994193256,0.09329766780138016,0.10360413789749146,8.242849435191602e-05,0.0,0.0,0.0,0.09272481501102448,0.10668063163757324,0.0002009999006986618,0.00012942255125381052,-0.0947682335972786,-0.10265947133302689,-2.4261440557893366e-05,2.0,2.0,2.0,2.0,0.0,0.0,0.0,0.0,0.0,7.033836300252005e-05,7.033834117464721e-05,7.033835572656244e-05,7.033834117464721e-05,0.0,-0.13540080189704895,0.12314686179161072,-9.820762634277344,0.0,0.0,0.0,0.0,0.0,0.0,0.0,0.0,0.0,0.0,0.0,0.0,0.0,0.0,0.0,7.388903031824157e-05,7.388902304228395e-05,7.388903031824157e-05,7.388903031824157e-05,0.04114978387951851,0.04114978387951851,0.04114978387951851,0.04114978387951851,0.006358831189572811,0.00373846641741693,-0.03217240795493126,0.0,0.0,0.0,0.0,0.0,0.0,0.0
3506268944,0,0.0004189126775600016,-0.042950086295604706,-0.1442733258008957,0.0004189126775600016,-0.042950086295604706,-0.1442733258008957,-0.0007046429673209786,-0.004742163233458996,-0.004242408089339733,0.0,0.0,0.0,-0.011730799451470375,-0.013047882355749607,-0.004707113839685917,0.0,0.0,-0.004707113839685917,-0.0002692992566153407,0.00016477479948662221,-0.000738826347514987,0.09325546771287918,0.10373007506132126,0.00011456376523710787,0.0,0.0,0.0,0.09266335517168045,0.10507728159427643,0.0007415559375658631,0.00012502577737905085,-0.09473975747823715,-0.1027381643652916,-3.453623503446579e-05,2.0,2.0,2.0,2.0,0.0,0.0,0.0,0.0015332031762227416,0.0,6.794880027882755e-05,6.794878572691232e-05,6.794878572691232e-05,6.79487784509547e-05,0.0,-0.1059889867901802,0.09451241791248322,-9.805255889892578,0.0,0.0,0.0,0.0,0.0,0.0,0.0,0.0,0.0,0.0,0.0,0.0,0.0,0.0,0.0,7.244670996442437e-05,7.244668813655153e-05,7.244669541250914e-05,7.244669541250914e-05,0.04114978387951851,0.04114978387951851,0.04114978387951851,0.04114978387951851,-0.03261885046958923,0.06530537456274033,-0.018644101917743683,0.0,0.0,0.0,0.0,0.0,0.0,0.0
3515923544,0,0.0004319589352235198,-0.04290146753191948,-0.14426474273204803,0.0004319589352235198,-0.04290146753191948,-0.14426474273204803,-0.0006308621377684176,-0.004518087953329086,-0.004501960705965757,0.0,0.0,0.0,-0.011748610995709896,-0.013009878806769848,-0.004703135695308447,0.0,0.0,-0.004703135695308447,-0.0002692992566153407,0.00016477479948662221,-0.000738826347514987,0.09339646250009537,0.1034284457564354,8.047546725720167e-05,0.0,0.0,0.0,0.09402970969676971,0.10269727557897568,0.0006659658392891288,0.0001220641570398584,-0.09472541511058807,-0.10276982933282852,-4.9521459004608914e-05,2.0,2.0,2.0,2.0,0.0,0.0,0.0,0.0015332031762227416,0.0,6.633922748733312e-05,6.633921293541789e-05,6.63392202113755e-05,6.633920565946028e-05,0.0,-0.1311652809381485,0.12376241385936737,-9.82041072845459,0.0,0.0,0.0,0.0,0.0,0.0,0.0,0.0,0.0,0.0,0.0,0.0,0.0,0.0,0.0,7.094335160218179e-05,7.094332249835134e-05,7.094332977430895e-05,7.094332977430895e-05,0.04114978387951851,0.04114978387951851,0.04114978387951851,0.04114978387951851,-0.03261885046958923,0.06530537456274033,-0.018644101917743683,0.0,0.0,0.0,0.0,0.0,0.0,0.0
3526070173,0,0.0004319589352235198,-0.04290146753191948,-0.14426474273204803,0.0004319589352235198,-0.04290146753191948,-0.14426474273204803,-0.0006308621377684176,-0.004518087953329086,-0.004501960705965757,0.0,0.0,0.0,-0.011748610995709896,-0.013009878806769848,-0.004703135695308447,0.0,0.0,-0.004703135695308447,-0.0003525521606206894,0.00029512529727071524,-0.0010150328744202852,0.09339646250009537,0.1034284457564354,8.047546725720167e-05,0.0,0.0,0.0,0.09402970969676971,0.10269727557897568,0.0006659658392891288,0.0001220641570398584,-0.09472541511058807,-0.10276982933282852,-4.9521459004608914e-05,2.0,2.0,2.0,2.0,0.0,0.0,0.0,0.0015332031762227416,0.0,6.633922748733312e-05,6.633921293541789e-05,6.63392202113755e-05,6.633920565946028e-05,0.0,-0.1311652809381485,0.12376241385936737,-9.82041072845459,0.0,0.0,0.0,0.0,0.0,0.0,0.0,0.0,0.0,0.0,0.0,0.0,0.0,0.0,0.0,6.942864274606109e-05,6.942862091818824e-05,6.942862091818824e-05,6.942862091818824e-05,0.04114978387951851,0.04114978387951851,0.04114978387951851,0.04114978387951851,-0.0037906276993453503,0.017282407730817795,-0.015138190239667892,0.0,0.0,0.0,0.0,0.0,0.0,0.0
3536217415,0,0.00044419043115340173,-0.042802710086107254,-0.1442612260580063,0.00044419043115340173,-0.042802710086107254,-0.1442612260580063,-0.0006335358484648168,-0.0042217751033604145,-0.0044306120835244656,0.0,0.0,0.0,-0.011725347489118576,-0.01303195208311081,-0.004731392487883568,0.0,0.0,-0.0047313920222222805,0.0002751185675151646,0.0013721801806241274,-0.0006847796030342579,0.09321179986000061,0.10360370576381683,9.554288408253342e-05,0.0,0.0,0.0,0.09252037107944489,0.10142838954925537,0.00039727124385535717,0.00011882917897310108,-0.09469809383153915,-0.1028004139661789,-0.00010071685392176732,2.0,2.0,2.0,2.0,0.0,0.0,0.0,0.0,0.0,6.458108691731468e-05,6.458107964135706e-05,6.458107964135706e-05,6.458107236539945e-05,0.0,-0.13244037330150604,0.11450942605733871,-9.81130599975586,0.0,0.0,0.0,0.0,0.0,0.0,0.0,0.0,0.0,0.0,0.0,0.0,0.0,0.0,0.0,6.803250289522111e-05,6.803248834330589e-05,6.803248834330589e-05,6.803248834330589e-05,0.04114978387951851,0.04114978387951851,0.04114978387951851,0.04114978387951851,0.01983945071697235,0.0422481968998909,0.006872948724776506,0.0,0.0,0.0,0.0,0.0,0.0,0.0
3546326632,0,0.0004130775632802397,-0.04269871115684509,-0.1442578136920929,0.0004130775632802397,-0.04269871115684509,-0.1442578136920929,-0.0006104576750658453,-0.0037420387379825115,-0.0038062541279941797,0.0,0.0,0.0,-0.011733257211744785,-0.012981473468244076,-0.0047125727869570255,0.0,0.0,-0.0047125727869570255,0.0002751185675151646,0.0013721801806241274,-0.0006847796030342579,0.09299388527870178,0.10322305560112,9.499360749032348e-05,0.0,0.0,0.0,0.09252037107944489,0.10142838954925537,0.00039727124385535717,0.00011882917897310108,-0.09469809383153915,-0.1028004139661789,-0.00010071685392176732,2.0,2.0,2.0,2.0,0.0,0.0,0.0,0.0,0.0,6.458108691731468e-05,6.458107964135706e-05,6.458107964135706e-05,6.458107236539945e-05,0.0,-0.1335037350654602,0.13261562585830688,-9.798837661743164,0.0,0.0,0.0,0.0,0.0,0.0,0.0,0.0,0.0,0.0,0.0,0.0,0.0,0.0,0.0,6.679008947685361e-05,6.679008947685361e-05,6.679008947685361e-05,6.679008947685361e-05,0.04114978387951851,0.04114978387951851,0.04114978387951851,0.04114978387951851,0.01983945071697235,0.0422481968998909,0.006872948724776506,0.0,0.0,0.0,0.0,0.0,0.0,0.0
3556083409,0,0.0004130775632802397,-0.04269871115684509,-0.1442578136920929,0.0004130775632802397,-0.04269871115684509,-0.1442578136920929,-0.0006104576750658453,-0.0037420387379825115,-0.0038062541279941797,0.0,0.0,0.0,-0.011733257211744785,-0.012981473468244076,-0.0047125727869570255,0.0,0.0,-0.0047125727869570255,-0.00028993113664910197,-5.1903713028877974e-05,6.594212027266622e-05,0.09294947981834412,0.10349399596452713,8.306250674650073e-05,0.0,0.0,0.0,0.09365017712116241,0.10391804575920105,-0.0003756374353542924,0.0001184434731840156,-0.09469809383153915,-0.1028004139661789,-0.00010071685392176732,2.0,2.0,2.0,2.0,0.0,0.0,0.0,0.0,0.0,6.437146657845005e-05,6.437145202653483e-05,6.437145930249244e-05,6.437145202653483e-05,0.0,-0.1335037350654602,0.13261562585830688,-9.798837661743164,0.0,0.0,0.0,0.0,0.0,0.0,0.0,0.0,0.0,0.0,0.0,0.0,0.0,0.0,0.0,6.576177111128345e-05,6.576177838724107e-05,6.576177838724107e-05,6.576177838724107e-05,0.04114978387951851,0.04114978387951851,0.04114978387951851,0.04114978387951851,-0.020639527589082718,-0.03350404277443886,0.029248788952827454,0.0,0.0,0.0,0.0,0.0,0.0,0.0
3565781077,0,0.0004130775632802397,-0.04269871115684509,-0.1442578136920929,0.0003806054010055959,-0.04259057343006134,-0.1442556083202362,-0.0006104576750658453,-0.0037420387379825115,-0.0038062541279941797,0.0,0.0,0.0,-0.011733257211744785,-0.012981473468244076,-0.0047125727869570255,0.0,0.0,-0.004733897279947996,-0.00028993113664910197,-5.1903713028877974e-05,6.594212027266622e-05,0.09294947981834412,0.10349399596452713,8.306250674650073e-05,0.0,0.0,0.0,0.09365017712116241,0.10391804575920105,-0.0003756374353542924,0.0001184434731840156,-0.09466790407896042,-0.10281982272863388,-0.00010983927495544776,2.0,2.0,2.0,2.0,0.0,0.0,0.0,0.0,0.0,6.437146657845005e-05,6.437145202653483e-05,6.437145930249244e-05,6.437145202653483e-05,0.0,-0.12891757488250732,0.10776465386152267,-9.842982292175293,0.0,0.0,0.0,0.0,0.0,0.0,0.0,0.0,0.0,0.0,0.0,0.0,0.0,0.0,0.0,6.500916060758755e-05,6.500915333162993e-05,6.500916060758755e-05,6.500915333162993e-05,0.04114978387951851,0.04114978387951851,0.04114978387951851,0.04114978387951851,-0.020639527589082718,-0.03350404277443886,0.029248788952827454,0.0,0.0,0.0,0.0,0.0,0.0,0.0
3576116767,0,0.00039775410550646484,-0.04248170927166939,-0.144252747297287,0.00039775410550646484,-0.04248170927166939,-0.144252747297287,-0.0007976444321684539,-0.0027411263436079025,-0.004158053547143936,0.0,0.0,0.0,-0.01168341375887394,-0.013004402630031109,-0.00469791516661644,0.0,0.0,-0.004697915632277727,-0.00028993113664910197,-5.1903713028877974e-05,6.594212027266622e-05,0.09294947981834412,0.10349399596452713,8.306250674650073e-05,0.0,0.0,0.0,0.09365017712116241,0.10391804575920105,-0.0003756374353542924,0.0001184434731840156,-0.09466790407896042,-0.10281982272863388,-0.00010983927495544776,2.0,2.0,2.0,2.0,0.0,0.0,0.0,0.0,0.0,6.437146657845005e-05,6.437145202653483e-05,6.437145930249244e-05,6.437145202653483e-05,0.0,-0.12891757488250732,0.10776465386152267,-9.842982292175293,0.0,0.0,0.0,0.0,0.0,0.0,0.0,0.0,0.0,0.0,0.0,0.0,0.0,0.0,0.0,6.452135130530223e-05,6.452132947742939e-05,6.452134402934462e-05,6.452132947742939e-05,0.04114978387951851,0.04114978387951851,0.04114978387951851,0.04114978387951851,-0.020639527589082718,-0.03350404277443886,0.029248788952827454,0.0,0.0,0.0,0.0,0.0,0.0,0.0
3586348048,0,0.00039775410550646484,-0.04248170927166939,-0.144252747297287,0.00039775410550646484,-0.04248170927166939,-0.144252747297287,-0.0007976444321684539,-0.0027411263436079025,-0.004158053547143936,0.0,0.0,0.0,-0.01168341375887394,-0.013004402630031109,-0.00469791516661644,0.0,0.0,-0.004697915632277727,0.00019818787404801697,0.0003578220494091511,0.0014913216000422835,0.0928780809044838,0.10338503122329712,7.272401853697374e-05,0.0,0.0,0.0,0.09230085462331772,0.10274830460548401,-0.001489176182076335,0.00011456328502390534,-0.09464568644762039,-0.10285702347755432,-7.785699563100934e-05,2.0,2.0,2.0,2.0,0.0,0.0,0.0,0.0,0.0,6.226266123121604e-05,6.226266123121604e-05,6.226265395525843e-05,6.226264667930081e-05,0.0,-0.14173249900341034,0.1252182275056839,-9.79979419708252,0.0,0.0,0.0,0.0,0.0,0.0,0.0,0.0,0.0,0.0,0.0,0.0,0.0,0.0,0.0,6.4156498410739e-05,6.415646203095093e-05,6.415649113478139e-05,6.415646203095093e-05,0.04114978387951851,0.04114978387951851,0.04114978387951851,0.04114978387951851,0.019486866891384125,0.011348863132297993,0.031197290867567062,0.0,0.0,0.0,0.0,0.0,0.0,0.0
3595972827,0,0.0004058575432281941,-0.042449917644262314,-0.14425110816955566,0.0004058575432281941,-0.042449917644262314,-0.14425110816955566,-0.0007407462107948959,-0.002823658287525177,-0.0043250503949820995,0.0,0.0,0.0,-0.011660238727927208,-0.012983598746359348,-0.004684276878833771,0.0,0.0,-0.0046842764131724834,0.00019818787404801697,0.0003578220494091511,0.0014913216000422835,0.09269391000270844,0.10321961343288422,7.446816744050011e-05,0.0,0.0,0.0,0.09230085462331772,0.10274830460548401,-0.001489176182076335,0.00011456328502390534,-0.09462922811508179,-0.1028703823685646,-4.851625271840021e-05,2.0,2.0,2.0,2.0,0.0,0.0,0.0,0.0,0.0,6.226266123121604e-05,6.226266123121604e-05,6.226265395525843e-05,6.226264667930081e-05,0.0,-0.1360255628824234,0.11597004532814026,-9.819154739379883,0.0,0.0,0.0,0.0,0.0,0.0,0.0,0.0,0.0,0.0,0.0,0.0,0.0,0.0,0.0,6.372487405315042e-05,6.372483767336234e-05,6.37248667771928e-05,6.372483039740473e-05,0.04114978387951851,0.04114978387951851,0.04114978387951851,0.04114978387951851,0.019486866891384125,0.011348863132297993,0.031197290867567062,0.0,0.0,0.0,0.0,0.0,0.0,0.0
3606386417,0,0.0004058575432281941,-0.042449917644262314,-0.14425110816955566,0.0004058575432281941,-0.042449917644262314,-0.14425110816955566,-0.0007407462107948959,-0.002823658287525177,-0.0043250503949820995,0.0,0.0,0.0,-0.011660238727927208,-0.012983598746359348,-0.004684276878833771,0.0,0.0,-0.0046842764131724834,0.0015761730028316379,0.0005071485647931695,0.00025184982223436236,0.09269391000270844,0.10321961343288422,7.446816744050011e-05,0.0,0.0,0.0,0.09025809913873672,0.10249538719654083,0.00019809958757832646,0.00010789164662128314,-0.09456370770931244,-0.10289088636636734,-9.29010275285691e-06,2.0,2.0,2.0,2.0,0.0,0.0,0.0,0.0,0.0,5.863678234163672e-05,5.863676778972149e-05,5.863676778972149e-05,5.8636760513763875e-05,0.0,-0.1360255628824234,0.11597004532814026,-9.819154739379883,0.0,0.0,0.0,0.0,0.0,0.0,0.0,0.0,0.0,0.0,0.0,0.0,0.0,0.0,0.0,6.307550938799977e-05,6.307548028416932e-05,6.307550211204216e-05,6.307546573225409e-05,0.04114978387951851,0.04114978387951851,0.04114978387951851,0.04114978387951851,0.05137336254119873,0.006343177054077387,-0.041041381657123566,0.0,0.0,0.0,0.0,0.0,0.0,0.0
3618681688,0,0.0004232868959661573,-0.042384833097457886,-0.1442517340183258,0.0004232868959661573,-0.042384833097457886,-0.1442517340183258,-0.0004533394821919501,-0.002898405073210597,-0.004287058021873236,0.0,0.0,0.0,-0.011616640724241734,-0.012964347377419472,-0.0046904669143259525,0.0,0.0,-0.0046904669143259525,0.0015761730028316379,0.0005071485647931695,0.00025184982223436236,0.09234800189733505,0.10306596755981445,0.0001126197530538775,0.0,0.0,0.0,0.09025809913873672,0.10249538719654083,0.00019809958757832646,0.00010789164662128314,-0.09456370770931244,-0.10289088636636734,-9.29010275285691e-06,2.0,2.0,2.0,2.0,0.0,0.0,0.0,0.0,0.0,5.863678234163672e-05,5.863676778972149e-05,5.863676778972149e-05,5.8636760513763875e-05,0.0,-0.12656576931476593,0.13718965649604797,-9.811107635498047,0.0,0.0,0.0,0.0,0.0,0.0,0.0,0.0,0.0,0.0,0.0,0.0,0.0,0.0,0.0,6.210434366948903e-05,6.210432184161618e-05,6.210433639353141e-05,6.210430728970096e-05,0.04114978387951851,0.04114978387951851,0.04114978387951851,0.04114978387951851,0.05137336254119873,0.006343177054077387,-0.041041381657123566,0.0,0.0,0.0,0.0,0.0,0.0,0.0
3626843753,0,0.00043235369957983494,-0.0423506423830986,-0.14425179362297058,0.00043235369957983494,-0.0423506423830986,-0.14425179362297058,-0.0004548690631054342,-0.0027839953545480967,-0.004217516165226698,0.0,0.0,0.0,-0.01163863018155098,-0.012967845425009727,-0.004702243022620678,0.0,0.0,-0.004702243488281965,0.0015761730028316379,0.0005071485647931695,0.00025184982223436236,0.09252266585826874,0.10309390723705292,0.00010468557593412697,0.0,0.0,0.0,0.09096288681030273,0.10207054764032364,0.0010537687921896577,0.00010498628398636356,-0.09452684223651886,-0.10289639234542847,-1.0957082849927247e-05,2.0,2.0,2.0,2.0,0.0,0.0,0.0,0.0,0.0,5.705777948605828e-05,5.705776857212186e-05,5.705776857212186e-05,5.705775765818544e-05,0.0,-0.12834954261779785,0.11337786167860031,-9.812664031982422,0.0,0.0,0.0,0.0,0.0,0.0,0.0,0.0,0.0,0.0,0.0,0.0,0.0,0.0,0.0,6.0914011555723846e-05,6.0913989727851003e-05,6.091400427976623e-05,6.0913975175935775e-05,0.04114978387951851,0.04114978387951851,0.04114978387951851,0.04114978387951851,0.05137336254119873,0.006343177054077387,-0.041041381657123566,0.0,0.0,0.0,0.0,0.0,0.0,0.0
3636469437,0,0.00043235369957983494,-0.0423506423830986,-0.14425179362297058,0.00043235369957983494,-0.0423506423830986,-0.14425179362297058,-0.0004548690631054342,-0.0027839953545480967,-0.004217516165226698,0.0,0.0,0.0,-0.01163863018155098,-0.012967845425009727,-0.004702243022620678,0.0,0.0,-0.004702243488281965,0.0007637171074748039,0.00011328124674037099,-0.0014227997744455934,0.09252266585826874,0.10309390723705292,0.00010468557593412697,0.0,0.0,0.0,0.09096288681030273,0.10207054764032364,0.0010537687921896577,0.00010498628398636356,-0.09452684223651886,-0.10289639234542847,-1.0957082849927247e-05,2.0,2.0,2.0,2.0,0.0,0.0,0.0,0.0,0.0,5.705777948605828e-05,5.705776857212186e-05,5.705776857212186e-05,5.705775765818544e-05,0.0,-0.12834954261779785,0.11337786167860031,-9.812664031982422,0.0,0.0,0.0,0.0,0.0,0.0,0.0,0.0,0.0,0.0,0.0,0.0,0.0,0.0,0.0,5.968986079096794e-05,5.9689831687137485e-05,5.96898389630951e-05,5.968981349724345e-05,0.04114978387951851,0.04114978387951851,0.04114978387951851,0.04114978387951851,-0.011342930607497692,-0.04193369299173355,-0.039426736533641815,0.0,0.0,0.0,0.0,0.0,0.0,0.0
3646106211,0,0.00040287713636644185,-0.04227980226278305,-0.1442532241344452,0.00040287713636644185,-0.04227980226278305,-0.1442532241344452,-0.0004346141067799181,-0.0024345957208424807,-0.003816965501755476,0.0,0.0,0.0,-0.011616271920502186,-0.012925734743475914,-0.004739976488053799,0.0,0.0,-0.004739976953715086,0.0007637171074748039,0.00011328124674037099,-0.0014227997744455934,0.09219793975353241,0.10322808474302292,0.00010638541425578296,0.0,0.0,0.0,0.09169484674930573,0.10306503623723984,0.0014466512948274612,0.00010076453327201307,-0.09445147961378098,-0.10289796441793442,-5.558897464652546e-05,2.0,2.0,2.0,2.0,0.0,0.0,0.0,0.0,0.0,5.476334990817122e-05,5.476332808029838e-05,5.47633389942348e-05,5.476332808029838e-05,0.0,-0.13561972975730896,0.11445669084787369,-9.810948371887207,0.0,0.0,0.0,0.0,0.0,0.0,0.0,0.0,0.0,0.0,0.0,0.0,0.0,0.0,0.0,5.8496272686170414e-05,5.8496247220318764e-05,5.849623994436115e-05,5.849622539244592e-05,0.04114978387951851,0.04114978387951851,0.04114978387951851,0.04114978387951851,-0.011342930607497692,-0.04193369299173355,-0.039426736533641815,0.0,0.0,0.0,0.0,0.0,0.0,0.0
3656305314,0,0.00040287713636644185,-0.04227980226278305,-0.1442532241344452,0.00040287713636644185,-0.04227980226278305,-0.1442532241344452,-0.0004346141067799181,-0.0024345957208424807,-0.003816965501755476,0.0,0.0,0.0,-0.011616271920502186,-0.012925734743475914,-0.004739976488053799,0.0,0.0,-0.004739976953715086,0.0002045852888841182,-0.0007491711876355112,-0.001095748390071094,0.09219793975353241,0.10322808474302292,0.00010638541425578296,0.0,0.0,0.0,0.09169484674930573,0.10306503623723984,0.0014466512948274612,0.00010076453327201307,-0.09445147961378098,-0.10289796441793442,-5.558897464652546e-05,2.0,2.0,2.0,2.0,0.0,0.0,0.0,0.0,0.0,5.476334990817122e-05,5.476332808029838e-05,5.47633389942348e-05,5.476332808029838e-05,0.0,-0.13561972975730896,0.11445669084787369,-9.810948371887207,0.0,0.0,0.0,0.0,0.0,0.0,0.0,0.0,0.0,0.0,0.0,0.0,0.0,0.0,0.0,5.732626959797926e-05,5.732624777010642e-05,5.7326240494148806e-05,5.732623685617e-05,0.04114978387951851,0.04114978387951851,0.04114978387951851,0.04114978387951851,-0.0204323660582304,-0.04608876630663872,0.006818633060902357,0.0,0.0,0.0,0.0,0.0,0.0,0.0
3666218831,0,0.00035995576763525605,-0.04217180237174034,-0.14424894750118256,0.00035995576763525605,-0.04217180237174034,-0.14424894750118256,-0.0008703541825525463,-0.0020589190535247326,-0.003872713539749384,0.0,0.0,0.0,-0.011584053747355938,-0.012998056598007679,-0.004765477497130632,0.0,0.0,-0.004765478428453207,0.0002045852888841182,-0.0007491711876355112,-0.001095748390071094,0.09208838641643524,0.1033344715833664,8.016325591597706e-05,0.0,0.0,0.0,0.09232936799526215,0.10418443381786346,0.000702147139236331,0.00010067314724437892,-0.09445147961378098,-0.10289796441793442,-5.558897464652546e-05,2.0,2.0,2.0,2.0,0.0,0.0,0.0,0.0,0.0,5.4713680583518e-05,5.471366603160277e-05,5.471366966958158e-05,5.4713658755645156e-05,0.0,-0.137199267745018,0.11892519891262054,-9.797870635986328,0.0,0.0,0.0,0.0,0.0,0.0,0.0,0.0,0.0,0.0,0.0,0.0,0.0,0.0,0.0,5.627562859444879e-05,5.627560676657595e-05,5.627560676657595e-05,5.627560312859714e-05,0.04114978387951851,0.04114978387951851,0.04114978387951851,0.04114978387951851,-0.0204323660582304,-0.04608876630663872,0.006818633060902357,0.0,0.0,0.0,0.0,0.0,0.0,0.0
3676404502,0,0.0003451582742854953,-0.042136289179325104,-0.14424455165863037,0.0003451582742854953,-0.042136289179325104,-0.14424455165863037,-0.0008809440187178552,-0.0021645252127200365,-0.004106565844267607,0.0,0.0,0.0,-0.011593625880777836,-0.012981473468244076,-0.004789220169186592,0.0,0.0,-0.004789220169186592,-9.199793566949666e-06,-0.0010434818686917424,-0.0008220989839173853,0.09216514229774475,0.10320202261209488,0.00011878926306962967,0.0,0.0,0.0,0.09251823276281357,0.1048818826675415,0.0004396368458401412,0.00010137721983483061,-0.09436869621276855,-0.10295644402503967,-0.00012160042388131842,2.0,2.0,2.0,2.0,0.0,0.0,0.0,0.0,0.0,5.5096323194447905e-05,5.5096312280511484e-05,5.5096312280511484e-05,5.5096312280511484e-05,0.0,-0.13340643048286438,0.11124809086322784,-9.826030731201172,0.0,0.0,0.0,0.0,0.0,0.0,0.0,0.0,0.0,0.0,0.0,0.0,0.0,0.0,0.0,5.5490632803412154e-05,5.549061097553931e-05,5.5490618251496926e-05,5.549061097553931e-05,0.04114978387951851,0.04114978387951851,0.04114978387951851,0.04114978387951851,-0.01784934662282467,-0.03600730746984482,0.015760863199830055,0.0,0.0,0.0,0.0,0.0,0.0,0.0
3688514158,0,0.0003451582742854953,-0.042136289179325104,-0.14424455165863037,0.0003451582742854953,-0.042136289179325104,-0.14424455165863037,-0.0008809440187178552,-0.0021645252127200365,-0.004106565844267607,0.0,0.0,0.0,-0.011593625880777836,-0.012981473468244076,-0.004789220169186592,0.0,0.0,-0.004789220169186592,-5.755602614954114e-06,-0.0004746264312416315,-0.0006276186904869974,0.09216514229774475,0.10320202261209488,0.00011878926306962967,0.0,0.0,0.0,0.09212173521518707,0.10377051681280136,0.00027559432783164084,0.00010403931810287759,-0.09431203454732895,-0.10299913585186005,-0.0001544692349852994,2.0,2.0,2.0,2.0,0.0,0.0,0.0,0.0,0.0,5.654312190017663e-05,5.65431073482614e-05,5.6543114624219015e-05,5.654310007230379e-05,0.0,-0.13340643048286438,0.11124809086322784,-9.826030731201172,0.0,0.0,0.0,0.0,0.0,0.0,0.0,0.0,0.0,0.0,0.0,0.0,0.0,0.0,0.0,5.5080887250369415e-05,5.5080872698454186e-05,5.50808799744118e-05,5.5080872698454186e-05,0.04114978387951851,0.04114978387951851,0.04114978387951851,0.04114978387951851,-0.003669844474643469,0.0004846359370276332,0.016490356996655464,0.0,0.0,0.0,0.0,0.0,0.0,0.0
3696200541,0,0.00031709883478470147,-0.042025256901979446,-0.14423967897891998,0.00031709883478470147,-0.042025256901979446,-0.14423967897891998,-0.0008463594713248312,-0.0023875324986875057,-0.0038816179148852825,0.0,0.0,0.0,-0.011582869105041027,-0.012993850745260715,-0.004809345584362745,0.0,0.0,-0.004809345584362745,-5.755602614954114e-06,-0.0004746264312416315,-0.0006276186904869974,0.0920792743563652,0.10330073535442352,9.843098814599216e-05,0.0,0.0,0.0,0.09212173521518707,0.10377051681280136,0.00027559432783164084,0.00010403931810287759,-0.09431203454732895,-0.10299913585186005,-0.0001544692349852994,2.0,2.0,2.0,2.0,0.0,0.0,0.0,0.0,0.0,5.654312190017663e-05,5.65431073482614e-05,5.6543114624219015e-05,5.654310007230379e-05,0.0,-0.13323061168193817,0.10131660848855972,-9.807159423828125,0.0,0.0,0.0,0.0,0.0,0.0,0.0,0.0,0.0,0.0,0.0,0.0,0.0,0.0,0.0,5.5082437029341236e-05,5.5082437029341236e-05,5.5082437029341236e-05,5.5082437029341236e-05,0.04114978387951851,0.04114978387951851,0.04114978387951851,0.04114978387951851,-0.003669844474643469,0.0004846359370276332,0.016490356996655464,0.0,0.0,0.0,0.0,0.0,0.0,0.0
3706058725,0,0.000302590400679037,-0.04194878041744232,-0.1442347913980484,0.000302590400679037,-0.04194878041744232,-0.1442347913980484,-0.000832986319437623,-0.002203738782554865,-0.00349046871997416,0.0,0.0,0.0,-0.011597712524235249,-0.01299454364925623,-0.004793536849319935,0.0,0.0,-0.0047935363836586475,0.00033958835410885513,0.0011793867452070117,-0.00013869618123862892,0.09219678491353989,0.10330664366483688,7.145300332922488e-05,0.0,0.0,0.0,0.09212173521518707,0.10377051681280136,0.00027559432783164084,0.00010403931810287759,-0.09431203454732895,-0.10299913585186005,-0.0001544692349852994,2.0,2.0,2.0,2.0,0.0,0.0,0.0,0.0,0.0,5.654312190017663e-05,5.65431073482614e-05,5.6543114624219015e-05,5.654310007230379e-05,0.0,-0.13104404509067535,0.10946529358625412,-9.786059379577637,0.0,0.0,0.0,0.0,0.0,0.0,0.0,0.0,0.0,0.0,0.0,0.0,0.0,0.0,0.0,5.5352731578750536e-05,5.535273885470815e-05,5.535273521672934e-05,5.535273885470815e-05,0.04114978387951851,0.04114978387951851,0.04114978387951851,0.04114978387951851,0.015433933585882187,0.07117190212011337,0.022218473255634308,0.0,0.0,0.0,0.0,0.0,0.0,0.0
3715993561,0,0.000302590400679037,-0.04194878041744232,-0.1442347913980484,0.000302590400679037,-0.04194878041744232,-0.1442347913980484,-0.000832986319437623,-0.002203738782554865,-0.00349046871997416,0.0,0.0,0.0,-0.011597712524235249,-0.01299454364925623,-0.004793536849319935,0.0,0.0,-0.0047935363836586475,0.0005391548620536923,0.0013873274438083172,0.00026666681515052915,0.09219678491353989,0.10330664366483688,7.145300332922488e-05,0.0,0.0,0.0,0.09157206863164902,0.10088647156953812,-0.0001465307141188532,0.00010693068179534748,-0.09425382316112518,-0.10302086919546127,-0.00016527817933820188,2.0,2.0,2.0,2.0,0.0,0.0,0.0,0.0,0.0,5.811451774206944e-05,5.811450682813302e-05,5.811450682813302e-05,5.8114495914196596e-05,0.0,-0.13104404509067535,0.10946529358625412,-9.786059379577637,0.0,0.0,0.0,0.0,0.0,0.0,0.0,0.0,0.0,0.0,0.0,0.0,0.0,0.0,0.0,5.577781121246517e-05,5.577781848842278e-05,5.577781848842278e-05,5.5777814850443974e-05,0.04114978387951851,0.04114978387951851,0.04114978387951851,0.04114978387951851,0.020662130787968636,0.039895445108413696,0.032680731266736984,0.0,0.0,0.0,0.0,0.0,0.0,0.0
3725885802,0,0.0002705809019971639,-0.0417906753718853,-0.14422675967216492,0.0002705809019971639,-0.0417906753718853,-0.14422675967216492,-0.000959515746217221,-0.0013148944126442075,-0.0036009903997182846,0.0,0.0,0.0,-0.011571396142244339,-0.012908540666103363,-0.004799195099622011,0.0,0.0,-0.004799194633960724,0.0005391548620536923,0.0013873274438083172,0.00026666681515052915,0.09219678491353989,0.10330664366483688,7.145300332922488e-05,0.0,0.0,0.0,0.09124206751585007,0.10083647817373276,-0.000574033590964973,0.00010834540444193408,-0.0942174643278122,-0.10301081836223602,-0.00016425967623945326,2.0,2.0,2.0,2.0,0.0,0.0,0.0,0.0,0.0,5.8883386373054236e-05,5.8883375459117815e-05,5.888337182113901e-05,5.8883364545181394e-05,0.0,-0.13104404509067535,0.10946529358625412,-9.786059379577637,0.0,0.0,0.0,0.0,0.0,0.0,0.0,0.0,0.0,0.0,0.0,0.0,0.0,0.0,0.0,5.6381035392405465e-05,5.638103903038427e-05,5.638104266836308e-05,5.638102811644785e-05,0.04114978387951851,0.04114978387951851,0.04114978387951851,0.04114978387951851,0.020662130787968636,0.039895445108413696,0.032680731266736984,0.0,0.0,0.0,0.0,0.0,0.0,0.0
3736033724,0,0.0002705809019971639,-0.0417906753718853,-0.14422675967216492,0.0002705809019971639,-0.0417906753718853,-0.14422675967216492,-0.000959515746217221,-0.0013148944126442075,-0.0036009903997182846,0.0,0.0,0.0,-0.011571396142244339,-0.012908540666103363,-0.004799195099622011,0.0,0.0,-0.004799194633960724,0.0006930975941941142,-0.00033934711245819926,0.0012608938850462437,0.0916338860988617,0.10309270769357681,9.813715587370098e-05,0.0,0.0,0.0,0.09083995968103409,0.10377680510282516,-0.0014041431713849306,0.00010946374095510691,-0.09413811564445496,-0.10301879793405533,-0.0001288123312406242,2.0,2.0,2.0,2.0,0.0,0.0,0.0,0.0,0.0,5.9491187130333856e-05,5.949116530246101e-05,5.949116894043982e-05,5.949115438852459e-05,0.0,-0.13544656336307526,0.11408621817827225,-9.849238395690918,0.0,0.0,0.0,0.0,0.0,0.0,0.0,0.0,0.0,0.0,0.0,0.0,0.0,0.0,0.0,5.713202335755341e-05,5.713202335755341e-05,5.713203427148983e-05,5.7132012443616986e-05,0.04114978387951851,0.04114978387951851,0.04114978387951851,0.04114978387951851,0.010556180961430073,-0.04803391918540001,0.0382126085460186,0.0,0.0,0.0,0.0,0.0,0.0,0.0
3746095808,0,0.00023723581398371607,-0.04163157194852829,-0.1442248821258545,0.00023723581398371607,-0.04163157194852829,-0.1442248821258545,-0.001341656083241105,-0.0006519772578030825,-0.004250471014529467,0.0,0.0,0.0,-0.01152755320072174,-0.012950529344379902,-0.004736502189189196,0.0,0.0,-0.004736502189189196,0.0006930975941941142,-0.00033934711245819926,0.0012608938850462437,0.0916338860988617,0.10309270769357681,9.813715587370098e-05,0.0,0.0,0.0,0.09083995968103409,0.10377680510282516,-0.0014041431713849306,0.00010946374095510691,-0.09413811564445496,-0.10301879793405533,-0.0001288123312406242,2.0,2.0,2.0,2.0,0.0,0.0,0.0,0.0,0.0,5.9491187130333856e-05,5.949116530246101e-05,5.949116894043982e-05,5.949115438852459e-05,0.0,-0.1297466903924942,0.11017690598964691,-9.809837341308594,0.0,0.0,0.0,0.0,0.0,0.0,0.0,0.0,0.0,0.0,0.0,0.0,0.0,0.0,0.0,5.7908662711270154e-05,5.7908648159354925e-05,5.7908662711270154e-05,5.790864088339731e-05,0.04114978387951851,0.04114978387951851,0.04114978387951851,0.04114978387951851,0.010556180961430073,-0.04803391918540001,0.0382126085460186,0.0,0.0,0.0,0.0,0.0,0.0,0.0
3756464597,0,0.000200864058570005,-0.04146900027990341,-0.1442258208990097,0.000200864058570005,-0.04146900027990341,-0.1442258208990097,-0.001594811910763383,-0.0002076665114145726,-0.004653022158890963,0.0,0.0,0.0,-0.011525942012667656,-0.012975980527698994,-0.004731819033622742,0.0,0.0,-0.004731819033622742,0.0003227773995604366,-0.0004640350234694779,0.001408353797160089,0.0916261300444603,0.10315921157598495,6.255631160456687e-05,0.0,0.0,0.0,0.0914774015545845,0.10363052785396576,-0.001358929555863142,0.00010867786477319896,-0.09409666061401367,-0.10303354263305664,-0.00010141434904653579,2.0,2.0,2.0,2.0,0.0,0.0,0.0,0.0,0.0,5.906407386646606e-05,5.906405931455083e-05,5.906406295252964e-05,5.906404840061441e-05,0.0,-0.1297466903924942,0.11017690598964691,-9.809837341308594,0.0,0.0,0.0,0.0,0.0,0.0,0.0,0.0,0.0,0.0,0.0,0.0,0.0,0.0,0.0,5.856294228578918e-05,5.856290954397991e-05,5.856292409589514e-05,5.8562905906001106e-05,0.04114978387951851,0.04114978387951851,0.04114978387951851,0.04114978387951851,-0.010158354416489601,-0.03223615512251854,0.02648599073290825,0.0,0.0,0.0,0.0,0.0,0.0,0.0
3766299551,0,0.000200864058570005,-0.04146900027990341,-0.1442258208990097,0.000200864058570005,-0.04146900027990341,-0.1442258208990097,-0.001594811910763383,-0.0002076665114145726,-0.004653022158890963,0.0,0.0,0.0,-0.011525942012667656,-0.012975980527698994,-0.004731819033622742,0.0,0.0,-0.004731819033622742,-0.00019486183009576052,4.94174164487049e-05,0.0012211748398840427,0.0916261300444603,0.10315921157598495,6.255631160456687e-05,0.0,0.0,0.0,0.09174160659313202,0.10244466364383698,-0.0009064229670912027,0.00010485824168426916,-0.09403617680072784,-0.10306686162948608,-4.700791396317072e-05,2.0,2.0,2.0,2.0,0.0,0.0,0.0,0.0,0.0,5.698818131349981e-05,5.6988177675521e-05,5.698816676158458e-05,5.698816676158458e-05,0.0,-0.14586444199085236,0.1345110982656479,-9.83295726776123,0.0,0.0,0.0,0.0,0.0,0.0,0.0,0.0,0.0,0.0,0.0,0.0,0.0,0.0,0.0,5.8901139709632844e-05,5.890109605388716e-05,5.890110332984477e-05,5.890109241590835e-05,0.04114978387951851,0.04114978387951851,0.04114978387951851,0.04114978387951851,-0.009350189939141273,0.02623462677001953,-0.005285621155053377,0.0,0.0,0.0,0.0,0.0,0.0,0.0
3776589975,0,0.0001649809128139168,-0.041331496089696884,-0.1442307084798813,0.0001649809128139168,-0.041331496089696884,-0.1442307084798813,-0.0015272867167368531,-0.0003543339262250811,-0.004543553106486797,0.0,0.0,0.0,-0.011504143476486206,-0.012925351969897747,-0.004743545316159725,0.0,0.0,-0.004743545316159725,-0.00024751387536525726,0.00061516318237409,0.0007972107268869877,0.09145323932170868,0.10275643318891525,8.19469423731789e-05,0.0,0.0,0.0,0.09174160659313202,0.10244466364383698,-0.0009064229670912027,0.00010485824168426916,-0.09403617680072784,-0.10306686162948608,-4.700791396317072e-05,2.0,2.0,2.0,2.0,0.0,0.0,0.0,0.0,0.0,5.698818131349981e-05,5.6988177675521e-05,5.698816676158458e-05,5.698816676158458e-05,0.0,-0.13015328347682953,0.09604721516370773,-9.81567096710205,0.0,0.0,0.0,0.0,0.0,0.0,0.0,0.0,0.0,0.0,0.0,0.0,0.0,0.0,0.0,5.881023753318004e-05,5.881019387743436e-05,5.881020115339197e-05,5.8810197515413165e-05,0.04114978387951851,0.04114978387951851,0.04114978387951851,0.04114978387951851,-0.007100318558514118,0.035111162811517715,-0.019546911120414734,0.0,0.0,0.0,0.0,0.0,0.0,0.0
3785994747,0,0.0001649809128139168,-0.041331496089696884,-0.1442307084798813,0.0001649809128139168,-0.041331496089696884,-0.1442307084798813,-0.0015272867167368531,-0.0003543339262250811,-0.004543553106486797,0.0,0.0,0.0,-0.011504143476486206,-0.012925351969897747,-0.004743545316159725,0.0,0.0,-0.004743545316159725,-0.000812934129498899,-5.796688492409885e-05,0.0004804175696335733,0.09145323932170868,0.10275643318891525,8.19469423731789e-05,0.0,0.0,0.0,0.09190864115953445,0.10183051973581314,-0.0004405505897011608,0.00010190746252192184,-0.09400264173746109,-0.10306860506534576,-2.837197098415345e-05,2.0,2.0,2.0,2.0,0.0,0.0,0.0,0.0,0.0,5.5384505685651675e-05,5.538448749575764e-05,5.5384494771715254e-05,5.538448385777883e-05,0.0,-0.13015328347682953,0.09604721516370773,-9.81567096710205,0.0,0.0,0.0,0.0,0.0,0.0,0.0,0.0,0.0,0.0,0.0,0.0,0.0,0.0,0.0,5.8355333749204874e-05,5.8355293731437996e-05,5.83552973694168e-05,5.8355293731437996e-05,0.04114978387951851,0.04114978387951851,0.04114978387951851,0.04114978387951851,-0.027504997327923775,-0.016123207286000252,-0.023232189938426018,0.0,0.0,0.0,0.0,0.0,0.0,0.0
3796113754,0,0.00012708322901744395,-0.04122118279337883,-0.14423903822898865,0.00012708322901744395,-0.04122118279337883,-0.14423903822898865,-0.0015156192239373922,-0.00013658842362929136,-0.00439799390733242,0.0,0.0,0.0,-0.011554062366485596,-0.012953191064298153,-0.0047521512024104595,0.0,0.0,-0.004752150736749172,-0.0010367481736466289,-0.000566885806620121,0.00020746528753079474,0.09180010110139847,0.1031375378370285,7.443422509822994e-05,0.0,0.0,0.0,0.09293840080499649,0.10319658368825912,-0.0001484705862822011,9.881524601951241e-05,-0.0939745381474495,-0.1030716523528099,-1.638948015170172e-05,2.0,2.0,2.0,2.0,0.0,0.0,0.0,0.0,0.0,5.3703945013694465e-05,5.370394137571566e-05,5.3703934099758044e-05,5.3703934099758044e-05,0.0,-0.13015328347682953,0.09604721516370773,-9.81567096710205,0.0,0.0,0.0,0.0,0.0,0.0,0.0,0.0,0.0,0.0,0.0,0.0,0.0,0.0,0.0,5.7579862186685205e-05,5.7579825806897134e-05,5.757982944487594e-05,5.7579822168918326e-05,0.04114978387951851,0.04114978387951851,0.04114978387951851,0.04114978387951851,-0.021951716393232346,-0.034283414483070374,-0.02632385678589344,0.0,0.0,0.0,0.0,0.0,0.0,0.0
3805982083,0,0.00010719078272813931,-0.0411921888589859,-0.14424274861812592,0.00010719078272813931,-0.0411921888589859,-0.14424274861812592,-0.0017105505103245378,-5.8665082178777084e-05,-0.0044152336195111275,0.0,0.0,0.0,-0.011572510004043579,-0.012960840947926044,-0.004740334115922451,0.0,0.0,-0.004740334581583738,-0.0010367481736466289,-0.000566885806620121,0.00020746528753079474,0.09168726205825806,0.10310879349708557,9.244099783245474e-05,0.0,0.0,0.0,0.09325283765792847,0.10394837707281113,6.831970677012578e-05,9.61807745625265e-05,-0.0939561054110527,-0.10308220237493515,-1.0426585504319519e-05,2.0,2.0,2.0,2.0,0.0,0.0,0.0,0.0,0.0,5.2272163884481415e-05,5.22721566085238e-05,5.2272152970544994e-05,5.2272152970544994e-05,0.0,-0.13015328347682953,0.09604721516370773,-9.81567096710205,0.0,0.0,0.0,0.0,0.0,0.0,0.0,0.0,0.0,0.0,0.0,0.0,0.0,0.0,0.0,5.649474042002112e-05,5.649470767821185e-05,5.649471495416947e-05,5.649470767821185e-05,0.04114978387951851,0.04114978387951851,0.04114978387951851,0.04114978387951851,-0.021951716393232346,-0.034283414483070374,-0.02632385678589344,0.0,0.0,0.0,0.0,0.0,0.0,0.0
3816383582,0,0.00010719078272813931,-0.0411921888589859,-0.14424274861812592,0.00010719078272813931,-0.0411921888589859,-0.14424274861812592,-0.0017105505103245378,-5.8665082178777084e-05,-0.0044152336195111275,0.0,0.0,0.0,-0.011572510004043579,-0.012960840947926044,-0.004740334115922451,0.0,0.0,-0.004740334581583738,0.00012483439058996737,0.00015069816436152905,-0.0010946810944005847,0.09168726205825806,0.10310879349708557,9.244099783245474e-05,0.0,0.0,0.0,0.0912245437502861,0.10253949463367462,0.0012247567065060139,9.122925985138863e-05,-0.09389623254537582,-0.10310447216033936,-3.346133962622844e-05,2.0,2.0,2.0,2.0,0.0,0.0,0.0,0.0015332031762227416,0.0,4.958113277098164e-05,4.958111821906641e-05,4.9581125495024025e-05,4.9581114581087604e-05,0.0,-0.1287153661251068,0.09173761308193207,-9.82029914855957,0.0,0.0,0.0,0.0,0.0,0.0,0.0,0.0,0.0,0.0,0.0,0.0,0.0,0.0,0.0,5.5123793572420254e-05,5.51237644685898e-05,5.512377174454741e-05,5.51237644685898e-05,0.04114978387951851,0.04114978387951851,0.04114978387951851,0.04114978387951851,0.03943466395139694,0.01664295420050621,-0.04565661400556564,0.0,0.0,0.0,0.0,0.0,0.0,0.0
3826020904,0,6.569455581484362e-05,-0.04113857448101044,-0.14425118267536163,6.569455581484362e-05,-0.04113857448101044,-0.14425118267536163,-0.001828014967031777,-4.562388494377956e-05,-0.004641970619559288,0.0,0.0,0.0,-0.011541488580405712,-0.012946990318596363,-0.0047828578390181065,0.0,0.0,-0.0047828578390181065,0.00012483439058996737,0.00015069816436152905,-0.0010946810944005847,0.09168726205825806,0.10310879349708557,9.244099783245474e-05,0.0,0.0,0.0,0.0912245437502861,0.10253949463367462,0.0012247567065060139,9.122925985138863e-05,-0.09389623254537582,-0.10310447216033936,-3.346133962622844e-05,2.0,2.0,2.0,2.0,0.0,0.0,0.0,0.0,0.0,4.958113277098164e-05,4.958111821906641e-05,4.9581125495024025e-05,4.9581114581087604e-05,0.0,-0.1287153661251068,0.09173761308193207,-9.82029914855957,0.0,0.0,0.0,0.0,0.0,0.0,0.0,0.0,0.0,0.0,0.0,0.0,0.0,0.0,0.0,5.3550909797195345e-05,5.355089160730131e-05,5.355089160730131e-05,5.355089160730131e-05,0.04114978387951851,0.04114978387951851,0.04114978387951851,0.04114978387951851,0.03943466395139694,0.01664295420050621,-0.04565661400556564,0.0,0.0,0.0,0.0,0.0,0.0,0.0
3835837140,0,6.569455581484362e-05,-0.04113857448101044,-0.14425118267536163,6.569455581484362e-05,-0.04113857448101044,-0.14425118267536163,-0.001828014967031777,-4.562388494377956e-05,-0.004641970619559288,0.0,0.0,0.0,-0.011541488580405712,-0.012946990318596363,-0.0047828578390181065,0.0,0.0,-0.0047828578390181065,0.00012483439058996737,0.00015069816436152905,-0.0010946810944005847,0.09168726205825806,0.10310879349708557,9.244099783245474e-05,0.0,0.0,0.0,0.0912245437502861,0.10253949463367462,0.0012247567065060139,9.122925985138863e-05,-0.09389623254537582,-0.10310447216033936,-3.346133962622844e-05,2.0,2.0,2.0,2.0,0.0,0.0,0.0,0.0,0.0,4.958113277098164e-05,4.958111821906641e-05,4.9581125495024025e-05,4.9581114581087604e-05,0.0,-0.1287153661251068,0.09173761308193207,-9.82029914855957,0.0,0.0,0.0,0.0,0.0,0.0,0.0,0.0,0.0,0.0,0.0,0.0,0.0,0.0,0.0,5.204480839893222e-05,5.2044801122974604e-05,5.20447974849958e-05,5.2044801122974604e-05,0.04114978387951851,0.04114978387951851,0.04114978387951851,0.04114978387951851,0.03943466395139694,0.01664295420050621,-0.04565661400556564,0.0,0.0,0.0,0.0,0.0,0.0,0.0
3845873916,0,6.569455581484362e-05,-0.04113857448101044,-0.14425118267536163,6.569455581484362e-05,-0.04113857448101044,-0.14425118267536163,-0.001828014967031777,-4.562388494377956e-05,-0.004641970619559288,0.0,0.0,0.0,-0.011541488580405712,-0.012946990318596363,-0.0047828578390181065,0.0,0.0,-0.0047828578390181065,0.001767833367921412,-0.00013651413610205054,0.0012265595141798258,0.09174372255802155,0.10285662114620209,5.1211911340942606e-05,0.0,0.0,0.0,0.0912245437502861,0.10253949463367462,0.0012247567065060139,9.122925985138863e-05,-0.09389623254537582,-0.10310447216033936,-3.346133962622844e-05,2.0,2.0,2.0,2.0,0.0,0.0,0.0,0.0,0.0,4.958113277098164e-05,4.958111821906641e-05,4.9581125495024025e-05,4.9581114581087604e-05,0.0,-0.11331892758607864,0.0937471091747284,-9.809174537658691,0.0,0.0,0.0,0.0,0.0,0.0,0.0,0.0,0.0,0.0,0.0,0.0,0.0,0.0,0.0,5.084946678834967e-05,5.084947042632848e-05,5.0849463150370866e-05,5.084947042632848e-05,0.04114978387951851,0.04114978387951851,0.04114978387951851,0.04114978387951851,-0.0033060654532164335,-0.0015982070472091436,0.0320967435836792,0.0,0.0,0.0,0.0,0.0,0.0,0.0
3855952095,0,-2.0634979591704905e-06,-0.04109450802206993,-0.14427730441093445,6.569455581484362e-05,-0.04113857448101044,-0.14425118267536163,-0.0015138168819248676,-0.0010044086957350373,-0.004634983371943235,0.00013551679148804396,-8.813336171442643e-05,2.612173557281494e-05,-0.011517930775880814,-0.012951024807989597,-0.004775966517627239,0.0,0.0,-0.0047828578390181065,0.0017058785306289792,-0.00022423057816922665,0.0010358573636040092,0.09156278520822525,0.1029605120420456,8.123158477246761e-05,0.01992115005850792,0.00776098296046257,0.16315770149230957,0.0898280069231987,0.10311301052570343,-0.0012664261739701033,8.64627945702523e-05,-0.09364969283342361,-0.10312878340482712,-8.52176162879914e-06,2.0,2.0,2.0,2.0,0.0,0.0,0.0,0.0,0.0,0.004940568469464779,0.0021966262720525265,-0.00484658544883132,-0.0021026453468948603,0.0,-0.12564481794834137,0.09649491310119629,-9.793675422668457,0.0034188483841717243,0.0017434746259823442,0.028079044073820114,0.0,0.0,0.0,0.0,0.0,0.0,0.0,0.0,0.0,0.0,0.0,0.0,0.0002756575995590538,0.00014907460717950016,-0.00017584144370630383,-4.925853500026278e-05,0.04114978387951851,0.04114978387951851,0.04114978387951851,0.04114978387951851,-0.00678660161793232,-0.006658393889665604,0.017785176634788513,0.0,0.0,0.0,0.0,0.0,0.0,0.0
3866131159,0,-2.0634979591704905e-06,-0.04109450802206993,-0.14427730441093445,6.569455581484362e-05,-0.04113857448101044,-0.14425118267536163,-0.0015138168819248676,-0.0010044086957350373,-0.004634983371943235,0.00013551679148804396,-8.813336171442643e-05,2.612173557281494e-05,-0.011517930775880814,-0.012951024807989597,-0.004775966517627239,0.0,0.0,-0.0047828578390181065,0.0017058785306289792,-0.00022423057816922665,0.0010358573636040092,0.09164472669363022,0.1031472310423851,0.00012013802188448608,0.01992115005850792,0.00776098296046257,0.16315770149230957,0.08992477506399155,0.10325133055448532,-0.0009798844112083316,8.606325718574226e-05,-0.09363995492458344,-0.1031300276517868,-5.610636435449123e-06,2.0,2.0,2.0,2.0,0.0,0.0,0.0,0.0,0.0,0.004940349608659744,0.0021964088082313538,-0.004846801981329918,-0.0021028623450547457,0.0,-0.14124125242233276,0.1112329289317131,-9.804091453552246,0.0034188483841717243,0.0017434746259823442,0.028079044073820114,0.0,0.0,0.0,0.0,0.0,0.0,0.0,0.0,0.0,0.0,0.0,0.0,0.0010213837958872318,0.0004761547897942364,-0.0009233510936610401,-0.0003781225241255015,0.04114978387951851,0.04114978387951851,0.04114978387951851,0.04114978387951851,-0.00678660161793232,-0.006658393889665604,0.017785176634788513,0.0,0.0,0.0,0.0,0.0,0.0,0.0
3875900936,0,4.6927489165682346e-06,-0.04109669849276543,-0.144282728433609,6.569455581484362e-05,-0.04113857448101044,-0.14425118267536163,-0.0013181059621274471,-0.0010520817013457417,-0.0044174413196742535,0.0001057950867107138,-0.0001666554162511602,3.819167613983154e-05,-0.011534000746905804,-0.012944545596837997,-0.004796977154910564,0.0,0.0,-0.0047828578390181065,0.0008728280663490295,-0.0004498027847148478,0.0002668343367986381,0.09164472669363022,0.1031472310423851,0.00012013802188448608,0.01992115005850792,0.00776098296046257,0.16315770149230957,0.08992477506399155,0.10325133055448532,-0.0009798844112083316,8.606325718574226e-05,-0.09363995492458344,-0.1031300276517868,-5.610636435449123e-06,2.0,2.0,2.0,2.0,0.0,0.0,0.0,0.0,0.0,0.004940349608659744,0.0021964088082313538,-0.004846801981329918,-0.0021028623450547457,0.0,-0.14124125242233276,0.1112329289317131,-9.804091453552246,0.0026862872764468193,0.0007995766354724765,0.028151316568255424,0.0,0.0,0.0,0.0,0.0,0.0,0.0,0.0,0.0,0.0,0.0,0.0,0.002111306879669428,0.0009544604690745473,-0.0020149587653577328,-0.0008581132278777659,0.04114978387951851,0.04114978387951851,0.04114978387951851,0.04114978387951851,-0.044988345354795456,-0.013606470078229904,-0.02517915703356266,0.0,0.0,0.0,0.0,0.0,0.0,0.0
3885839726,0,1.2797278941434342e-05,-0.04105524718761444,-0.14428937435150146,6.569455581484362e-05,-0.04113857448101044,-0.14425118267536163,-0.0011739020701497793,-0.0006121164769865572,-0.004601741209626198,0.0001057950867107138,-0.0001666554162511602,3.819167613983154e-05,-0.011569187045097351,-0.012971041724085808,-0.004814656917005777,0.0,0.0,-0.0047828578390181065,0.0008728280663490295,-0.0004498027847148478,0.0002668343367986381,0.09164472669363022,0.1031472310423851,0.00012013802188448608,0.01992115005850792,0.00776098296046257,0.16315770149230957,0.08992477506399155,0.10325133055448532,-0.0009798844112083316,8.606325718574226e-05,-0.09363995492458344,-0.1031300276517868,-5.610636435449123e-06,2.0,2.0,2.0,2.0,0.0,0.0,0.0,0.0,0.0,0.004940349608659744,0.0021964088082313538,-0.004846801981329918,-0.0021028623450547457,0.0,-0.14124125242233276,0.1112329289317131,-9.804091453552246,0.0026862872764468193,0.0007995766354724765,0.028151316568255424,0.0,0.0,0.0,0.0,0.0,0.0,0.0,0.0,0.0,0.0,0.0,0.0,0.003169379662722349,0.0014188701752573252,-0.003074376843869686,-0.0013238685205578804,0.04114978387951851,0.04114978387951851,0.04114978387951851,0.04114978387951851,-0.044988345354795456,-0.013606470078229904,-0.02517915703356266,0.0,0.0,0.0,0.0,0.0,0.0,0.0
3896136758,0,3.180239946232177e-05,-0.040950238704681396,-0.14429965615272522,6.569455581484362e-05,-0.04113857448101044,-0.14425118267536163,-0.0011573542142286897,-0.0003822685976047069,-0.004484286531805992,6.778465467505157e-05,-0.00037667344440706074,4.8473477363586426e-05,-0.011539622209966183,-0.013005353510379791,-0.004794286098331213,0.0,0.0,-0.0047828578390181065,-0.0004958127392455935,-0.0006896109553053975,0.00035637739347293973,0.09164472669363022,0.1031472310423851,0.00012013802188448608,0.014197003096342087,-0.0004281233996152878,0.15136122703552246,0.09264389425516129,0.10391540080308914,-0.0003761146799661219,7.608310988871381e-05,-0.09363995492458344,-0.1031300276517868,-5.610636435449123e-06,2.0,2.0,2.0,2.0,0.0,0.0,0.0,0.0,0.0,0.00247536925598979,0.0026267333887517452,-0.0023926703725010157,-0.0025440347380936146,0.0,-0.14124125242233276,0.1112329289317131,-9.804091453552246,0.002581273205578327,-7.784061745041981e-05,0.02752022258937359,0.0,0.0,0.0,0.0,0.0,0.0,0.0,0.0,0.0,0.0,0.0,0.0,0.0039028306491672993,0.0018106010975316167,-0.003809258807450533,-0.0017170303035527468,0.04114978387951851,0.04114978387951851,0.04114978387951851,0.04114978387951851,-0.02614673785865307,-0.0026834828313440084,0.00938030332326889,0.0,0.0,0.0,0.0,0.0,0.0,0.0
3906290123,0,4.2772859160322696e-05,-0.04088849946856499,-0.14430400729179382,6.569455581484362e-05,-0.04113857448101044,-0.14425118267536163,-0.0010887604439631104,-0.0002608781214803457,-0.004594503901898861,4.5843622501706704e-05,-0.0005001525278203189,5.282461643218994e-05,-0.011529798619449139,-0.013018699362874031,-0.004781336057931185,0.0,0.0,-0.0047828578390181065,-0.0004958127392455935,-0.0006896109553053975,0.00035637739347293973,0.09188660979270935,0.10319895297288895,8.140601858031005e-05,0.014197003096342087,-0.0004281233996152878,0.15136122703552246,0.09264389425516129,0.10391540080308914,-0.0003761146799661219,7.608310988871381e-05,-0.09347406029701233,-0.10318324714899063,7.717237167526037e-06,2.0,2.0,2.0,2.0,0.0015332031762227416,0.0,-0.0015332031762227416,0.0,0.0,0.00247536925598979,0.0026267333887517452,-0.0023926703725010157,-0.0025440347380936146,0.0,-0.11049431562423706,0.08877807855606079,-9.794827461242676,0.002406735671684146,-0.0005712778656743467,0.028480075299739838,0.0,0.0,0.0,0.0,0.0,0.0,0.0,0.0,0.0,0.0,0.0,0.0,0.004113859497010708,0.002134006004780531,-0.004022497218102217,-0.002042644890025258,0.04114978387951851,0.04114978387951851,0.04114978387951851,0.04114978387951851,-0.02614673785865307,-0.0026834828313440084,0.00938030332326889,0.0,0.0,0.0,0.0,0.0,0.0,0.0
3915914464,0,4.2772859160322696e-05,-0.04088849946856499,-0.14430400729179382,6.569455581484362e-05,-0.04113857448101044,-0.14425118267536163,-0.0010887604439631104,-0.0002608781214803457,-0.004594503901898861,4.5843622501706704e-05,-0.0005001525278203189,5.282461643218994e-05,-0.011529798619449139,-0.013018699362874031,-0.004781336057931185,0.0,0.0,-0.0047828578390181065,-0.0004676070238929242,-0.0014852166641503572,0.0006878076819702983,0.09191713482141495,0.10366057604551315,6.394190131686628e-05,0.01323704607784748,-0.003142028348520398,0.1566404104232788,0.09252068400382996,0.10552020370960236,-0.0007434566505253315,7.346745405811816e-05,-0.09343849867582321,-0.10320574790239334,1.7853628378361464e-05,2.0,2.0,2.0,2.0,0.0015332031762227416,0.0,0.0,0.0,0.0,0.001824492821469903,0.0029353706631809473,-0.0017446374986320734,-0.0028555148746818304,0.0,-0.11382080614566803,0.10969775915145874,-9.78502082824707,0.002406735671684146,-0.0005712778656743467,0.028480075299739838,0.0,0.0,0.0,0.0,0.0,0.0,0.0,0.0,0.0,0.0,0.0,0.0,0.003885273588821292,0.0023982198908925056,-0.0037967280950397253,-0.00230967509560287,0.04114978387951851,0.04114978387951851,0.04114978387951851,0.04114978387951851,-0.013594547286629677,-0.03744126111268997,0.020208988338708878,0.0,0.0,0.0,0.0,0.0,0.0,0.0
3926228136,0,2.141932782251388e-05,-0.040764689445495605,-0.14430631697177887,6.569455581484362e-05,-0.04113857448101044,-0.14425118267536163,-0.000943857419770211,-0.0002149457868654281,-0.004573310259729624,8.855089981807396e-05,-0.0007477737963199615,5.513429641723633e-05,-0.01153910905122757,-0.013043032959103584,-0.004757715854793787,0.0,0.0,-0.0047828578390181065,-0.00033612578408792615,-0.0014820648357272148,0.0008449668530374765,0.09173069894313812,0.10369229316711426,6.013176607666537e-05,0.012177160941064358,-0.0043030367232859135,0.1559039056301117,0.09232074022293091,0.10519526153802872,-0.0008247733348980546,7.047739200061187e-05,-0.09343849867582321,-0.10320574790239334,1.7853628378361464e-05,2.0,2.0,2.0,2.0,-0.0015332031762227416,-0.0015332031762227416,-0.003066406352445483,-0.003066406352445483,0.0,0.001430264674127102,0.0029516215436160564,-0.0013536595506593585,-0.002875015838071704,0.0,-0.11382080614566803,0.10969775915145874,-9.78502082824707,0.002206852426752448,-0.0011599245481193066,0.02842438779771328,0.0,0.0,0.0,0.0,0.0,0.0,0.0,0.0,0.0,0.0,0.0,0.0,0.0034044214989989996,0.002613794058561325,-0.0033188837114721537,-0.002528256503865123,0.04114978387951851,0.04114978387951851,0.04114978387951851,0.04114978387951851,0.0016676465747877955,-0.017818357795476913,0.018424678593873978,0.0,0.0,0.0,0.0,0.0,0.0,0.0
3936456742,0,2.141932782251388e-05,-0.040764689445495605,-0.14430631697177887,6.569455581484362e-05,-0.04113857448101044,-0.14425118267536163,-0.000943857419770211,-0.0002149457868654281,-0.004573310259729624,8.855089981807396e-05,-0.0007477737963199615,5.513429641723633e-05,-0.01153910905122757,-0.013043032959103584,-0.004757715854793787,0.0,0.0,-0.0047828578390181065,-0.0015278627397492528,0.001807577908039093,0.001065925695002079,0.09173069894313812,0.10369229316711426,6.013176607666537e-05,0.028582435101270676,-0.018011966720223427,0.2026505470275879,0.09460290521383286,0.0989077091217041,-0.0010332714300602674,6.409618799807504e-05,-0.09333344548940659,-0.10327080637216568,5.972796134301461e-05,2.0,2.0,2.0,2.0,-0.0015332031762227416,-0.0076660155318677425,-0.006132812704890966,-0.004599609412252903,0.0,0.0019034469733014703,0.008271734230220318,-0.0018337792716920376,-0.00820206105709076,0.0,-0.12734197080135345,0.11677812784910202,-9.819402694702148,0.002206852426752448,-0.0011599245481193066,0.02842438779771328,0.0,0.0,0.0,0.0,0.0,0.0,0.0,0.0,0.0,0.0,0.0,0.0,0.002843662165105343,0.0030268309637904167,-0.0027614221908152103,-0.002944590523838997,0.04114978387951851,0.04114978387951851,0.04114978387951851,0.04114978387951851,-0.08060728758573532,0.16397789120674133,0.01772846281528473,0.0,0.0,0.0,0.0,0.0,0.0,0.0
3946705165,0,-2.4082955860649236e-05,-0.0406450517475605,-0.14431139826774597,6.569455581484362e-05,-0.04113857448101044,-0.14425118267536163,-0.006643188185989857,-0.001029436127282679,-0.005097249988466501,0.00017955592193175107,-0.0009870503563433886,6.021559238433838e-05,-0.011606911197304726,-0.012874728068709373,-0.004716531373560429,0.0,0.0,-0.0047828578390181065,-0.0015278627397492528,0.001807577908039093,0.001065925695002079,0.09226897358894348,0.10235506296157837,1.0071572432934772e-05,0.028582435101270676,-0.018011966720223427,0.2026505470275879,0.09460290521383286,0.0989077091217041,-0.0010332714300602674,6.409618799807504e-05,-0.09333344548940659,-0.10327080637216568,5.972796134301461e-05,2.0,2.0,2.0,2.0,0.0015332031762227416,0.0015332031762227416,-0.0076660155318677425,-0.004599609412252903,0.0,0.0019034469733014703,0.008271734230220318,-0.0018337792716920376,-0.00820206105709076,0.0,-0.5643568634986877,-0.06465013325214386,-9.832254409790039,0.013801650144159794,3.2312291295966133e-05,0.031712520867586136,0.0,0.0,0.0,0.0,0.0,0.0,0.0,0.0,0.0,0.0,0.0,0.0,0.002372549846768379,0.003952368162572384,-0.0022939317859709263,-0.003873748704791069,0.04114978387951851,0.04114978387951851,0.04114978387951851,0.04114978387951851,-0.08060728758573532,0.16397789120674133,0.01772846281528473,0.0,0.0,0.0,0.0,0.0,0.0,0.0
3956028658,0,-8.38518317323178e-05,-0.04050567001104355,-0.1443181186914444,6.569455581484362e-05,-0.04113857448101044,-0.14425118267536163,-0.003326265374198556,0.005061255767941475,-0.003898289753124118,0.0002990942739415914,-0.0012658152263611555,6.693601608276367e-05,-0.011353439651429653,-0.013149107806384563,-0.005972221959382296,0.0,0.0,-0.0047828578390181065,0.003738770727068186,-0.0019401009194552898,-0.0306400153785944,0.09226897358894348,0.10235506296157837,1.0071572432934772e-05,0.028582435101270676,-0.018011966720223427,0.2026505470275879,0.09460290521383286,0.0989077091217041,-0.0010332714300602674,6.409618799807504e-05,-0.09333344548940659,-0.10327080637216568,5.972796134301461e-05,2.0,2.0,2.0,2.0,0.004599609412252903,0.0076660155318677425,-0.004599609412252903,0.0,0.0,0.0019034469733014703,0.008271734230220318,-0.0018337792716920376,-0.00820206105709076,0.0,-0.5643568634986877,-0.06465013325214386,-9.832254409790039,0.007459155283868313,-0.012707315385341644,0.022620199248194695,0.0,0.0,0.0,0.0,0.0,0.0,0.0,0.0,0.0,0.0,0.0,0.0,0.002054288750514388,0.005204598885029554,-0.0019791037775576115,-0.005129411816596985,0.04114978387951851,0.04114978387951851,0.04114978387951851,0.04114978387951851,0.2476084977388382,-0.14083974063396454,-1.2082735300064087,0.0,0.0,0.0,0.0,0.0,0.0,0.0
3966774662,0,-8.38518317323178e-05,-0.04050567001104355,-0.1443181186914444,6.569455581484362e-05,-0.04113857448101044,-0.14425118267536163,-0.003326265374198556,0.005061255767941475,-0.003898289753124118,0.0002990942739415914,-0.0012658152263611555,6.693601608276367e-05,-0.011353439651429653,-0.013149107806384563,-0.005972221959382296,0.0,0.0,-0.0047828578390181065,0.003738770727068186,-0.0019401009194552898,-0.0306400153785944,0.09028004109859467,0.10451363027095795,0.0015167524106800556,0.012351766228675842,-0.04511399567127228,0.1282333880662918,0.08406519144773483,0.10786212980747223,0.03613220155239105,6.810767808929086e-05,-0.09328071773052216,-0.10324493795633316,-0.0004386484215501696,2.0,2.0,2.0,2.0,0.004599609412252903,0.0076660155318677425,-0.003066406352445483,0.0,0.0,-0.00575461657717824,0.010195797309279442,0.005828646942973137,-0.010121764615178108,0.0,-0.12266861647367477,0.3992479741573334,-9.748821258544922,0.007459155283868313,-0.012707315385341644,0.022620199248194695,0.0,0.0,0.0,0.0,0.0,0.0,0.0,0.0,0.0,0.0,0.0,0.0,0.001516649266704917,0.006475192029029131,-0.001443969551473856,-0.0064025092869997025,0.04114978387951851,0.04860343039035797,0.04114978387951851,0.05022953450679779,0.2476084977388382,-0.14083974063396454,-1.2082735300064087,0.0,0.0,0.0,0.0,0.0,0.0,0.0
3976170889,0,-8.38518317323178e-05,-0.04050567001104355,-0.1443181186914444,6.569455581484362e-05,-0.04113857448101044,-0.14425118267536163,-0.003326265374198556,0.005061255767941475,-0.003898289753124118,0.0002990942739415914,-0.0012658152263611555,6.693601608276367e-05,-0.011353439651429653,-0.013149107806384563,-0.005972221959382296,0.0,0.0,-0.0047828578390181065,-0.0016228239983320236,-0.004306165501475334,-0.023358460515737534,0.09352079033851624,0.10544665902853012,0.000844145193696022,0.04102535545825958,-0.06989023089408875,0.12441109865903854,0.0956403836607933,0.11074472218751907,0.02051171474158764,9.637478069635108e-05,-0.09321406483650208,-0.1032889112830162,-0.0009993213461712003,2.0,2.0,2.0,2.0,0.003066406352445483,0.003066406352445483,-0.003066406352445483,0.0,0.0,-0.005050282459706068,0.01966092921793461,0.005155038088560104,-0.019556155428290367,0.0,-0.12266861647367477,0.3992479741573334,-9.748821258544922,0.007459155283868313,-0.012707315385341644,0.022620199248194695,0.0,0.0,0.0,0.0,0.0,0.0,0.0,0.0,0.0,0.0,0.0,0.0,0.00029625784372910857,0.00813452061265707,-0.00022334470122586936,-0.0080616045743227,0.04114978387951851,0.04114978387951851,0.04114978387951851,0.04126241058111191,-0.14992599189281464,-0.20146939158439636,-0.2178071290254593,0.0,0.0,0.0,0.0,0.0,0.0,0.0
3987046716,0,-0.00012474013783503324,-0.04049709066748619,-0.14431504905223846,6.569455581484362e-05,-0.04113857448101044,-0.14425118267536163,-0.002610399154946208,-0.007435183972120285,-0.0027759261429309845,0.00038087129360064864,-0.001282974029891193,6.386637687683105e-05,-0.011635666713118553,-0.013137288391590118,-0.005718879867345095,0.0,0.0,-0.0047828578390181065,-0.0005253414274193347,0.010098062455654144,0.012498587369918823,0.09352079033851624,0.10544665902853012,0.000844145193696022,0.16186709702014923,-0.009791180491447449,0.26314228773117065,0.09056179225444794,0.08276950567960739,-0.020808255299925804,0.0001669714110903442,-0.09326568990945816,-0.1033438891172409,-0.0010912342695519328,2.0,2.0,2.0,2.0,-0.0015332031762227416,-0.003066406352445483,-0.003066406352445483,0.0,0.0,0.026977503672242165,0.030440622940659523,-0.026795946061611176,-0.03025905229151249,0.0,-0.7762073278427124,0.484241247177124,-9.85504150390625,0.0060182129964232445,0.012269487604498863,0.015485533513128757,0.0,0.0,0.0,0.0,0.0,0.0,0.0,0.0,0.0,0.0,0.0,0.0,0.0001544796396046877,0.01113817747682333,-7.345026824623346e-05,-0.011057143099606037,0.04114978387951851,0.04114978387951851,0.04114978387951851,0.04126241058111191,0.13490743935108185,0.6536876559257507,1.1448525190353394,0.0,0.0,0.0,0.0,0.0,0.0,0.0
3997717056,0,-0.0002480283146724105,-0.04045422002673149,-0.14433205127716064,6.569455581484362e-05,-0.04113857448101044,-0.14425118267536163,-0.013967378996312618,-0.0004902475047856569,-0.007121358532458544,0.0006274488987401128,-0.0013687157770618796,8.086860179901123e-05,-0.01152724213898182,-0.012742872349917889,-0.004979472141712904,0.0,0.0,-0.0047828578390181065,-0.0005253414274193347,0.010098062455654144,0.012498587369918823,0.09138552844524384,0.09940444678068161,0.0002415767521597445,0.16186709702014923,-0.009791180491447449,0.26314228773117065,0.09056179225444794,0.08276950567960739,-0.020808255299925804,0.0001669714110903442,-0.09326568990945816,-0.1033438891172409,-0.0010912342695519328,2.0,2.0,2.0,2.0,-0.0015332031762227416,-0.0015332031762227416,-0.003066406352445483,-0.0015332031762227416,0.0,0.026977503672242165,0.030440622940659523,-0.026795946061611176,-0.03025905229151249,0.0,-0.5295724868774414,0.37540262937545776,-9.881915092468262,0.02943038009107113,-0.0017802147194743156,0.0478440523147583,0.0,0.0,0.0,0.0,0.0,0.0,0.0,0.0,0.0,0.0,0.0,0.0,0.0035568298771977425,0.01567995175719261,-0.0034568016417324543,-0.015579916536808014,0.04607296735048294,0.04114978387951851,0.04114978387951851,0.04114978387951851,0.13490743935108185,0.6536876559257507,1.1448525190353394,0.0,0.0,0.0,0.0,0.0,0.0,0.0
4006687686,0,-0.0002480283146724105,-0.04045422002673149,-0.14433205127716064,6.569455581484362e-05,-0.04113857448101044,-0.14425118267536163,-0.013967378996312618,-0.0004902475047856569,-0.007121358532458544,0.0006274488987401128,-0.0013687157770618796,8.086860179901123e-05,-0.01152724213898182,-0.012742872349917889,-0.004979472141712904,0.0,0.0,-0.0047828578390181065,0.010984034277498722,-0.0027126886416226625,0.021258575841784477,0.09138552844524384,0.09940444678068161,0.0002415767521597445,0.12224363535642624,-0.063133105635643,0.2114696055650711,0.09056179225444794,0.08276950567960739,-0.020808255299925804,0.0001669714110903442,-0.09326568990945816,-0.1033438891172409,-0.0010912342695519328,2.0,2.0,2.0,2.0,-0.0015332031762227416,0.003066406352445483,-0.0015332031762227416,-0.003066406352445483,0.0,0.010540302842855453,0.0328669510781765,-0.010358805768191814,-0.032685358077287674,0.0,-0.5295724868774414,0.37540262937545776,-9.881915092468262,0.02943038009107113,-0.0017802147194743156,0.0478440523147583,0.0,0.0,0.0,0.0,0.0,0.0,0.0,0.0,0.0,0.0,0.0,0.0,0.008793621324002743,0.020749328657984734,-0.008669206872582436,-0.020624898374080658,0.04607296735048294,0.04114978387951851,0.04114978387951851,0.04114978387951851,0.41269737482070923,-0.4413515329360962,0.5717126727104187,0.0,0.0,0.0,0.0,0.0,0.0,0.0
4016167255,0,-0.0006352085620164871,-0.04033506661653519,-0.1443803459405899,6.569455581484362e-05,-0.04113857448101044,-0.14425118267536163,-0.011400667019188404,0.00012090186646673828,-0.004530307836830616,0.0014018132351338863,-0.0016070237616077065,0.00012916326522827148,-0.011286439374089241,-0.013238281942903996,-0.004503582138568163,0.0,0.0,-0.0047828578390181065,0.003439192892983556,-0.014245959930121899,0.027486836537718773,0.08971661329269409,0.10524905472993851,-0.000245471834205091,0.14863274991512299,-0.009844822809100151,0.22785644233226776,0.07362156361341476,0.11142362654209137,-0.02190980315208435,0.00019374133262317628,-0.09302268922328949,-0.10313087701797485,-0.0003824078885372728,2.0,2.0,2.0,2.0,0.0015332031762227416,0.0076660155318677425,-0.0015332031762227416,-0.006132812704890966,0.0,0.02464226633310318,0.028124144300818443,-0.024431612342596054,-0.027913477271795273,0.0,-0.5295724868774414,0.37540262937545776,-9.881915092468262,0.025826144963502884,-0.003456133883446455,0.026623668149113655,0.0,0.0,0.0,0.0,0.0,0.0,0.0,0.0,0.0,0.0,0.0,0.0,0.01310027576982975,0.02514781802892685,-0.01295198779553175,-0.024999499320983887,0.047282107174396515,0.04114978387951851,0.04114978387951851,0.04114978387951851,-0.14798016846179962,-0.7971365451812744,0.6337129473686218,0.0,0.0,0.0,0.0,0.0,0.0,0.0
4028088540,0,-0.0007412658305838704,-0.040316205471754074,-0.1443834900856018,6.569455581484362e-05,-0.04113857448101044,-0.14425118267536163,-0.00783069059252739,-0.003046696772798896,-0.003395652864128351,0.0016139288200065494,-0.0016447462840005755,0.00013230741024017334,-0.01166418194770813,-0.013502484187483788,-0.004029100760817528,0.0,0.0,-0.0047828578390181065,0.003439192892983556,-0.014245959930121899,0.027486836537718773,0.0927089974284172,0.10735839605331421,-0.0008099761325865984,0.142043799161911,-0.019008737057447433,0.14643017947673798,0.08900930732488632,0.12896551191806793,-0.027529606595635414,0.00018595009169075638,-0.09289112687110901,-0.10324787348508835,2.8740716516040266e-05,2.0,2.0,2.0,2.0,0.003066406352445483,0.009199218824505806,-0.003066406352445483,-0.010732421651482582,0.0,0.021852539852261543,0.028575286269187927,-0.021650362759828568,-0.028373083099722862,0.0,0.21863645315170288,-0.10863710194826126,-9.649484634399414,0.01906459964811802,0.002787254983559251,0.018907245248556137,0.0,0.0,0.0,0.0,0.0,0.0,0.0,0.0,0.0,0.0,0.0,0.0,0.016568906605243683,0.028099866583943367,-0.01639910601079464,-0.02793002687394619,0.047282107174396515,0.04114978387951851,0.04114978387951851,0.04114978387951851,-0.14798016846179962,-0.7971365451812744,0.6337129473686218,0.0,0.0,0.0,0.0,0.0,0.0,0.0
4036179881,0,-0.0007412658305838704,-0.040316205471754074,-0.1443834900856018,6.569455581484362e-05,-0.04113857448101044,-0.14425118267536163,-0.00783069059252739,-0.003046696772798896,-0.003395652864128351,0.0016139288200065494,-0.0016447462840005755,0.00013230741024017334,-0.01166418194770813,-0.013502484187483788,-0.004029100760817528,0.0,0.0,-0.0047828578390181065,-0.007051577791571617,0.0070337047800421715,0.038751229643821716,0.0927089974284172,0.10735839605331421,-0.0008099761325865984,0.1654840111732483,-0.019725756719708443,0.1511935591697693,0.08900930732488632,0.12896551191806793,-0.027529606595635414,0.00018595009169075638,-0.09289112687110901,-0.10324787348508835,2.8740716516040266e-05,2.0,2.0,2.0,2.0,0.003066406352445483,0.010732421651482582,-0.004599609412252903,-0.016865234822034836,0.0,0.025870606303215027,0.03284773230552673,-0.025668427348136902,-0.03264550864696503,0.0,-0.4225715696811676,0.2248697429895401,-9.836675643920898,0.01906459964811802,0.002787254983559251,0.018907245248556137,0.0,0.0,0.0,0.0,0.0,0.0,0.0,0.0,0.0,0.0,0.0,0.0,0.01956385187804699,0.029815729707479477,-0.019377103075385094,-0.029628943651914597,0.05197848379611969,0.04114978387951851,0.04114978387951851,0.04114978387951851,-0.2835163176059723,0.7264986038208008,0.4473380446434021,0.0,0.0,0.0,0.0,0.0,0.0,0.0
4046384790,0,-0.0010002446360886097,-0.04027700051665306,-0.14439070224761963,6.569455581484362e-05,-0.04113857448101044,-0.14425118267536163,-0.011532490141689777,0.002174666151404381,-0.0048738084733486176,0.00213188910856843,-0.0017231565434485674,0.0001395195722579956,-0.011707753874361515,-0.012665885500609875,-0.0033765477128326893,0.0,0.0,-0.0047828578390181065,-0.007051577791571617,0.0070337047800421715,0.038751229643821716,0.09305442124605179,0.10210924595594406,-0.0015485661569982767,0.1654840111732483,-0.019725756719708443,0.1511935591697693,0.10294116288423538,0.08781055361032486,-0.034807585179805756,0.00010935999307548627,-0.09294561296701431,-0.1035037413239479,0.0014300334732979536,2.0,2.0,2.0,2.0,0.004599609412252903,0.010732421651482582,-0.004599609412252903,-0.019931640475988388,0.0,0.025828968733549118,0.032806091010570526,-0.02571006864309311,-0.03268715366721153,0.0,-0.16656826436519623,0.4671931564807892,-9.874592781066895,0.02759888581931591,-0.007834497839212418,0.030464157462120056,0.0,0.0,0.0,0.0,0.0,0.0,0.0,0.0,0.0,0.0,0.0,0.0,0.022013287991285324,0.031020084396004677,-0.02181920036673546,-0.03082595206797123,0.055060308426618576,0.04114978387951851,0.04202103614807129,0.04114978387951851,-0.2835163176059723,0.7264986038208008,0.4473380446434021,0.0,0.0,0.0,0.0,0.0,0.0,0.0
4056889450,0,-0.0011283637722954154,-0.04025261849164963,-0.1443949192762375,6.569455581484362e-05,-0.04113857448101044,-0.14425118267536163,-0.013726655393838882,-0.0005015461938455701,-0.004040919244289398,0.0023881285451352596,-0.0017719208262860775,0.0001437366008758545,-0.011481924913823605,-0.012695939280092716,-0.003456197213381529,0.0,0.0,-0.0047828578390181065,-0.007051577791571617,0.0070337047800421715,0.038751229643821716,0.09305442124605179,0.10210924595594406,-0.0015485661569982767,0.1654840111732483,-0.019725756719708443,0.1511935591697693,0.10294116288423538,0.08781055361032486,-0.034807585179805756,0.00010935999307548627,-0.09294561296701431,-0.1035037413239479,0.0014300334732979536,2.0,2.0,2.0,2.0,0.0076660155318677425,0.013798828236758709,-0.0076660155318677425,-0.019931640475988388,0.0,0.025828968733549118,0.032806091010570526,-0.02571006864309311,-0.03268715366721153,0.0,-0.16656826436519623,0.4671931564807892,-9.874592781066895,0.0324755422770977,-0.002540057059377432,0.024101747199892998,0.0,0.0,0.0,0.0,0.0,0.0,0.0,0.0,0.0,0.0,0.0,0.0,0.02392396703362465,0.03194389119744301,-0.02373630367219448,-0.03175617381930351,0.055060308426618576,0.04114978387951851,0.04202103614807129,0.04114978387951851,-0.2835163176059723,0.7264986038208008,0.4473380446434021,0.0,0.0,0.0,0.0,0.0,0.0,0.0
4065907037,0,-0.0011283637722954154,-0.04025261849164963,-0.1443949192762375,6.569455581484362e-05,-0.04113857448101044,-0.14425118267536163,-0.013726655393838882,-0.0005015461938455701,-0.004040919244289398,0.0023881285451352596,-0.0017719208262860775,0.0001437366008758545,-0.011481924913823605,-0.012695939280092716,-0.003456197213381529,0.0,0.0,-0.0047828578390181065,0.01241261139512062,-0.008202305063605309,-0.01703241653740406,0.09305442124605179,0.10210924595594406,-0.0015485661569982767,0.18776753544807434,-0.07082469761371613,0.2018163949251175,0.07185503095388412,0.12000961601734161,0.02910790592432022,-0.00010124021355295554,-0.09286494553089142,-0.10322976857423782,0.0023229788057506084,2.0,2.0,2.0,2.0,0.009199218824505806,0.016865234822034836,-0.009199218824505806,-0.019931640475988388,0.0,0.020619217306375504,0.04567393288016319,-0.020729277282953262,-0.04578408598899841,0.0,-0.16656826436519623,0.4671931564807892,-9.874592781066895,0.0324755422770977,-0.002540057059377432,0.024101747199892998,0.0,0.0,0.0,0.0,0.0,0.0,0.0,0.0,0.0,0.0,0.0,0.0,0.024974852800369263,0.033150944858789444,-0.024813596159219742,-0.03298964351415634,0.04114978387951851,0.04114978387951851,0.04114978387951851,0.04114978387951851,0.4179795980453491,-0.6428266763687134,-1.6665997505187988,0.0,0.0,0.0,0.0,0.0,0.0,0.0
4076362426,0,-0.0014164178865030408,-0.0401664562523365,-0.14440658688545227,6.569455581484362e-05,-0.04113857448101044,-0.14425118267536163,-0.014301402494311333,0.0013394082197919488,-0.004523676820099354,0.002964239800348878,-0.0019442462362349033,0.0001554042100906372,-0.01112752128392458,-0.013254030607640743,-0.004227268975228071,0.0,0.0,-0.0047828578390181065,0.01241261139512062,-0.008202305063605309,-0.01703241653740406,0.0884474441409111,0.10537904500961304,-0.0005781917716376483,0.18776753544807434,-0.07082469761371613,0.2018163949251175,0.07185503095388412,0.12000961601734161,0.02910790592432022,-0.00010124021355295554,-0.09266110509634018,-0.10326043516397476,0.0021846601739525795,2.0,2.0,2.0,2.0,0.012265625409781933,0.019931640475988388,-0.012265625409781933,-0.019931640475988388,0.0,0.020619217306375504,0.04567393288016319,-0.020729277282953262,-0.04578408598899841,0.0,-0.12212486565113068,-0.12119212746620178,-9.757944107055664,0.03484436869621277,-0.006548128090798855,0.02763032354414463,0.0,0.0,0.0,0.0,0.0,0.0,0.0,0.0,0.0,0.0,0.0,0.0,0.024928290396928787,0.035461802035570145,-0.024819524958729744,-0.03535301610827446,0.04114978387951851,0.04345964640378952,0.04114978387951851,0.04674540460109711,0.4179795980453491,-0.6428266763687134,-1.6665997505187988,0.0,0.0,0.0,0.0,0.0,0.0,0.0
4087978715,0,-0.0014164178865030408,-0.0401664562523365,-0.14440658688545227,6.569455581484362e-05,-0.04113857448101044,-0.14425118267536163,-0.014301402494311333,0.0013394082197919488,-0.004523676820099354,0.002964239800348878,-0.0019442462362349033,0.0001554042100906372,-0.01112752128392458,-0.013254030607640743,-0.004227268975228071,0.0,0.0,-0.0047828578390181065,-0.0017466136487200856,0.0011809214483946562,-0.039407722651958466,0.0884474441409111,0.10537904500961304,-0.0005781917716376483,0.202203169465065,-0.03016229160130024,0.1805262565612793,0.0967283770442009,0.09924566745758057,0.041792165488004684,-0.00017115332593675703,-0.09240972995758057,-0.1034766137599945,0.0010302129667252302,2.0,2.0,2.0,2.0,0.012265625409781933,0.021464843302965164,-0.015332031063735485,-0.021464843302965164,0.0,0.03032444603741169,0.04099525883793831,-0.030510568991303444,-0.041181448847055435,0.0,-0.12212486565113068,-0.12119212746620178,-9.757944107055664,0.03484436869621277,-0.006548128090798855,0.02763032354414463,0.0,0.0,0.0,0.0,0.0,0.0,0.0,0.0,0.0,0.0,0.0,0.0,0.024557964876294136,0.03826688602566719,-0.024518907070159912,-0.03822783753275871,0.04114978387951851,0.05219196528196335,0.04114978387951851,0.05234835669398308,-0.42553776502609253,0.3309859335422516,-1.1819249391555786,0.0,0.0,0.0,0.0,0.0,0.0,0.0
4095905121,0,-0.0017166839679703116,-0.04009634628891945,-0.14441834390163422,6.569455581484362e-05,-0.04113857448101044,-0.14425118267536163,-0.01607801765203476,0.003071011044085026,-0.0050242566503584385,0.003564774990081787,-0.0020844668615609407,0.000167161226272583,-0.011412187479436398,-0.01304909773170948,-0.004981708247214556,0.0,0.0,-0.0047828578390181065,-0.008565894328057766,0.009768877178430557,-0.03985144570469856,0.09072638303041458,0.10373645275831223,0.0003279598895460367,0.202203169465065,-0.03016229160130024,0.1805262565612793,0.0967283770442009,0.09924566745758057,0.041792165488004684,-0.00017115332593675703,-0.09240972995758057,-0.1034766137599945,0.0010302129667252302,2.0,2.0,2.0,2.0,0.013798828236758709,0.02299804612994194,-0.016865234822034836,-0.021464843302965164,0.0,0.03032444603741169,0.04099525883793831,-0.030510568991303444,-0.041181448847055435,0.0,-0.20181719958782196,0.16382037103176117,-9.796981811523438,0.039667461067438126,-0.010262364521622658,0.03133128955960274,0.0,0.0,0.0,0.0,0.0,0.0,0.0,0.0,0.0,0.0,0.0,0.0,0.024992186576128006,0.04036575183272362,-0.02502545714378357,-0.040399059653282166,0.04114978387951851,0.05219196528196335,0.04114978387951851,0.05234835669398308,-0.564188539981842,0.5788490176200867,-0.6833963394165039,0.0,0.0,0.0,0.0,0.0,0.0,0.0
4105818032,0,-0.001875628950074315,-0.04005764052271843,-0.14442642033100128,6.569455581484362e-05,-0.04113857448101044,-0.14425118267536163,-0.01593674160540104,0.0006984577630646527,-0.004744053352624178,0.003882666351273656,-0.002161878626793623,0.00017523765563964844,-0.011545857414603233,-0.012723417952656746,-0.00526927737519145,0.0,0.0,-0.0047828578390181065,-0.008565894328057766,0.009768877178430557,-0.03985144570469856,0.09230548143386841,0.10092724114656448,0.0008079140679910779,0.21817103028297424,-0.05644300580024719,0.1723220944404602,0.10673624277114868,0.08510050177574158,0.03617941960692406,-0.00016734501696191728,-0.09240972995758057,-0.1034766137599945,0.0010302129667252302,2.0,2.0,2.0,2.0,0.015332031063735485,0.024531250819563866,-0.016865234822034836,-0.024531250819563866,0.0,0.028502656146883965,0.04847339168190956,-0.02868463285267353,-0.04865550249814987,0.0,-0.20181719958782196,0.16382037103176117,-9.796981811523438,0.04000713676214218,-0.005656903143972158,0.029480719938874245,0.0,0.0,0.0,0.0,0.0,0.0,0.0,0.0,0.0,0.0,0.0,0.0,0.026105646044015884,0.04185914248228073,-0.026202501729130745,-0.04195605590939522,0.04114978387951851,0.05219196528196335,0.04114978387951851,0.05234835669398308,-0.564188539981842,0.5788490176200867,-0.6833963394165039,0.0,0.0,0.0,0.0,0.0,0.0,0.0
4116179066,0,-0.001875628950074315,-0.04005764052271843,-0.14442642033100128,6.569455581484362e-05,-0.04113857448101044,-0.14425118267536163,-0.01593674160540104,0.0006984577630646527,-0.004744053352624178,0.003882666351273656,-0.002161878626793623,0.00017523765563964844,-0.011545857414603233,-0.012723417952656746,-0.00526927737519145,0.0,0.0,-0.0047828578390181065,-0.008565894328057766,0.009768877178430557,-0.03985144570469856,0.09230548143386841,0.10092724114656448,0.0008079140679910779,0.21817103028297424,-0.05644300580024719,0.1723220944404602,0.10673624277114868,0.08510050177574158,0.03617941960692406,-0.00016734501696191728,-0.09245050698518753,-0.10338158905506134,0.00024093965475913137,2.0,2.0,2.0,2.0,0.015332031063735485,0.027597656473517418,-0.016865234822034836,-0.026064453646540642,0.0,0.028502656146883965,0.04847339168190956,-0.02868463285267353,-0.04865550249814987,0.0,-0.1406603902578354,0.05217467248439789,-9.84216022491455,0.04000713676214218,-0.005656903143972158,0.029480719938874245,0.0,0.0,0.0,0.0,0.0,0.0,0.0,0.0,0.0,0.0,0.0,0.0,0.027179613709449768,0.04346913844347,-0.027323640882968903,-0.0436132438480854,0.04114978387951851,0.04994696378707886,0.04114978387951851,0.04845525696873665,-0.564188539981842,0.5788490176200867,-0.6833963394165039,0.0,0.0,0.0,0.0,0.0,0.0,0.0
4126067734,0,-0.002372408751398325,-0.03993495553731918,-0.14446166157722473,6.569455581484362e-05,-0.04113857448101044,-0.14425118267536163,-0.017077896744012833,0.0023116390220820904,-0.005179527681320906,0.004876230843365192,-0.0024072499945759773,0.00021047890186309814,-0.01148528978228569,-0.01316637359559536,-0.005485411733388901,0.0,0.0,-0.0047828578390181065,-0.0038169806357473135,-0.0013928778935223818,-0.02173115499317646,0.09131801128387451,0.1046595424413681,0.0009337627561762929,0.24025969207286835,-0.05300974100828171,0.16261348128318787,0.09403418004512787,0.10831540822982788,0.011607580818235874,-0.00010156480857403949,-0.09258723258972168,-0.1032126322388649,-0.0009492893004789948,2.0,2.0,2.0,2.0,0.015332031063735485,0.029130859300494194,-0.018398437649011612,-0.03066406212747097,0.0,0.033052243292331696,0.05181118845939636,-0.033162713050842285,-0.051921721547842026,0.0,-0.1406531035900116,0.0592045821249485,-9.806721687316895,0.04437217116355896,-0.009364747442305088,0.03274517506361008,0.0,0.0,0.0,0.0,0.0,0.0,0.0,0.0,0.0,0.0,0.0,0.0,0.02816181816160679,0.04533835127949715,-0.028332753106951714,-0.04550937935709953,0.04114978387951851,0.04994696378707886,0.04114978387951851,0.04845525696873665,0.08790335804224014,-0.3503953814506531,0.5597823262214661,0.0,0.0,0.0,0.0,0.0,0.0,0.0
4136131573,0,-0.0027151950635015965,-0.0398280993103981,-0.1444758176803589,6.569455581484362e-05,-0.04113857448101044,-0.14425118267536163,-0.018576083704829216,0.0023282405454665422,-0.005095982924103737,0.005561807192862034,-0.002620963379740715,0.00022463500499725342,-0.011420728638768196,-0.013026307336986065,-0.005046346224844456,0.0,0.0,-0.0047828578390181065,0.0026762508787214756,-0.004930505529046059,0.009016712196171284,0.09131801128387451,0.1046595424413681,0.0009337627561762929,0.25349682569503784,-0.04235855117440224,0.14333350956439972,0.09403418004512787,0.10831540822982788,0.011607580818235874,-0.00010156480857403949,-0.09258723258972168,-0.1032126322388649,-0.0009492893004789948,2.0,2.0,2.0,2.0,0.015332031063735485,0.029130859300494194,-0.019931640475988388,-0.036796875298023224,0.0,0.037277769297361374,0.05226892605423927,-0.037388235330581665,-0.05237948149442673,0.0,-0.1406531035900116,0.0592045821249485,-9.806721687316895,0.04877663031220436,-0.009827605448663235,0.03233000636100769,0.0,0.0,0.0,0.0,0.0,0.0,0.0,0.0,0.0,0.0,0.0,0.0,0.02953234314918518,0.0473192036151886,-0.029708653688430786,-0.04749561473727226,0.04114978387951851,0.04114978387951851,0.04114978387951851,0.04114978387951851,0.23726390302181244,-0.07851875573396683,1.2498723268508911,0.0,0.0,0.0,0.0,0.0,0.0,0.0
4146225583,0,-0.0027151950635015965,-0.0398280993103981,-0.1444758176803589,6.569455581484362e-05,-0.04113857448101044,-0.14425118267536163,-0.018576083704829216,0.0023282405454665422,-0.005095982924103737,0.005561807192862034,-0.002620963379740715,0.00022463500499725342,-0.011420728638768196,-0.013026307336986065,-0.005046346224844456,0.0,0.0,-0.0047828578390181065,0.0008024609414860606,0.0022287247702479362,0.019365321844816208,0.09079563617706299,0.10355408489704132,0.00040543562499806285,0.26827147603034973,-0.05405183136463165,0.1778150349855423,0.09034037590026855,0.09733720868825912,-0.025496507063508034,1.4969573385315016e-05,-0.0924587994813919,-0.10341116786003113,-0.0008549912599846721,2.0,2.0,2.0,2.0,0.016865234822034836,0.03066406212747097,-0.019931640475988388,-0.04139648377895355,0.0,0.03788624703884125,0.05701826512813568,-0.03786996006965637,-0.057001978158950806,0.0,-0.22843919694423676,0.14481276273727417,-9.82776165008545,0.04877663031220436,-0.009827605448663235,0.03233000636100769,0.0,0.0,0.0,0.0,0.0,0.0,0.0,0.0,0.0,0.0,0.0,0.0,0.03146876394748688,0.049404751509428024,-0.03162972256541252,-0.04956580325961113,0.046449728310108185,0.04114978387951851,0.04114978387951851,0.04114978387951851,0.029970290139317513,0.2735760509967804,1.1085995435714722,0.0,0.0,0.0,0.0,0.0,0.0,0.0
4156016349,0,-0.0028867933433502913,-0.03977524861693382,-0.1444869041442871,6.569455581484362e-05,-0.04113857448101044,-0.14425118267536163,-0.0182796698063612,0.0013116610934957862,-0.005507078021764755,0.005905005149543285,-0.0027266654651612043,0.00023572146892547607,-0.011502602137625217,-0.012868327088654041,-0.004851575009524822,0.0,0.0,-0.0047828578390181065,0.0008024609414860606,0.0022287247702479362,0.019365321844816208,0.0914425328373909,0.1023016944527626,0.00017126726743299514,0.26827147603034973,-0.05405183136463165,0.1778150349855423,0.09034037590026855,0.09733720868825912,-0.025496507063508034,1.4969573385315016e-05,-0.0924587994813919,-0.10341116786003113,-0.0008549912599846721,2.0,2.0,2.0,2.0,0.018398437649011612,0.032197266817092896,-0.021464843302965164,-0.04292968660593033,0.0,0.03788624703884125,0.05701826512813568,-0.03786996006965637,-0.057001978158950806,0.0,-0.1114530861377716,0.06935283541679382,-9.8702392578125,0.048890598118305206,-0.008029122836887836,0.03567793592810631,0.0,0.0,0.0,0.0,0.0,0.0,0.0,0.0,0.0,0.0,0.0,0.0,0.03357724845409393,0.051616255193948746,-0.03370380029082298,-0.051742877811193466,0.04965328425168991,0.04114978387951851,0.04114978387951851,0.04114978387951851,0.029970290139317513,0.2735760509967804,1.1085995435714722,0.0,0.0,0.0,0.0,0.0,0.0,0.0
4167038052,0,-0.0028867933433502913,-0.03977524861693382,-0.1444869041442871,6.569455581484362e-05,-0.04113857448101044,-0.14425118267536163,-0.0182796698063612,0.0013116610934957862,-0.005507078021764755,0.005905005149543285,-0.0027266654651612043,0.00023572146892547607,-0.011502602137625217,-0.012868327088654041,-0.004851575009524822,0.0,0.0,-0.0047828578390181065,-0.0007259286940097809,-0.0011432833271101117,0.02418231964111328,0.0914425328373909,0.1023016944527626,0.00017126726743299514,0.285767525434494,-0.04789366200566292,0.19975359737873077,0.09280557185411453,0.10581625252962112,-0.023030554875731468,2.3744783902657218e-05,-0.09238783270120621,-0.10336136817932129,-3.338044916745275e-05,2.0,2.0,2.0,2.0,0.018398437649011612,0.036796875298023224,-0.021464843302965164,-0.04139648377895355,0.0,0.04207587614655495,0.059030693024396896,-0.042050059884786606,-0.059004850685596466,0.0,-0.18244598805904388,0.10180029273033142,-9.786676406860352,0.048890598118305206,-0.008029122836887836,0.03567793592810631,0.0,0.0,0.0,0.0,0.0,0.0,0.0,0.0,0.0,0.0,0.0,0.0,0.0356026291847229,0.05379355326294899,-0.0356854647397995,-0.05387643352150917,0.04853811487555504,0.04114978387951851,0.04114978387951851,0.04114978387951851,-0.05105350539088249,-0.11520221084356308,0.4665309488773346,0.0,0.0,0.0,0.0,0.0,0.0,0.0
4175974901,0,-0.0032269798684865236,-0.03977813944220543,-0.14451614022254944,6.569455581484362e-05,-0.04113857448101044,-0.14425118267536163,-0.018892718479037285,0.0017567200120538473,-0.0058973305858671665,0.006585381925106049,-0.0027208838146179914,0.0002649575471878052,-0.01151950191706419,-0.013020840473473072,-0.004480339586734772,0.0,0.0,-0.0047828578390181065,-0.0007259286940097809,-0.0011432833271101117,0.02418231964111328,0.09156910330057144,0.1035209447145462,-0.00027301363297738135,0.285767525434494,-0.04789366200566292,0.19975359737873077,0.09280557185411453,0.10581625252962112,-0.023030554875731468,2.3744783902657218e-05,-0.09238783270120621,-0.10336136817932129,-3.338044916745275e-05,2.0,2.0,2.0,2.0,0.019931640475988388,0.038330078125,-0.02299804612994194,-0.04292968660593033,0.0,0.04207587614655495,0.059030693024396896,-0.042050059884786606,-0.059004850685596466,0.0,-0.18244598805904388,0.10180029273033142,-9.786676406860352,0.051537156105041504,-0.00893126055598259,0.038418497890233994,0.0,0.0,0.0,0.0,0.0,0.0,0.0,0.0,0.0,0.0,0.0,0.0,0.03759995475411415,0.0557379312813282,-0.037641674280166626,-0.055779676884412766,0.04853811487555504,0.04114978387951851,0.04114978387951851,0.04114978387951851,-0.05105350539088249,-0.11520221084356308,0.4665309488773346,0.0,0.0,0.0,0.0,0.0,0.0,0.0
4187488479,0,-0.0032269798684865236,-0.03977813944220543,-0.14451614022254944,6.569455581484362e-05,-0.04113857448101044,-0.14425118267536163,-0.018892718479037285,0.0017567200120538473,-0.0058973305858671665,0.006936706602573395,-0.002712732646614313,0.00028070807456970215,-0.01151950191706419,-0.013020840473473072,-0.004480339586734772,0.0,0.0,-0.0047828578390181065,-0.0004520737275015563,-0.004457242786884308,0.024752726778388023,0.09156910330057144,0.1035209447145462,-0.00027301363297738135,0.28345435857772827,-0.049121931195259094,0.2113017439842224,0.09219582378864288,0.11097972095012665,-0.021638978272676468,5.242465249466477e-06,-0.09236165136098862,-0.10341528803110123,0.0004472819564398378,2.0,2.0,2.0,2.0,0.021464843302965164,0.038330078125,-0.024531250819563866,-0.04292968660593033,0.0,0.04143921658396721,0.05882851406931877,-0.04143352806568146,-0.05882279947400093,0.0,-0.18244598805904388,0.10180029273033142,-9.786676406860352,0.05355639010667801,-0.007215079385787249,0.035870444029569626,0.0,0.0,0.0,0.0,0.0,0.0,0.0,0.0,0.0,0.0,0.0,0.0,0.039378821849823,0.057292476296424866,-0.039388783276081085,-0.05730244889855385,0.047857239842414856,0.04114978387951851,0.04114978387951851,0.04114978387951851,-0.011485306546092033,-0.19515474140644073,0.26553472876548767,0.0,0.0,0.0,0.0,0.0,0.0,0.0
4196083139,0,-0.003402641275897622,-0.039782214909791946,-0.14453189074993134,6.569455581484362e-05,-0.04113857448101044,-0.14425118267536163,-0.019547011703252792,0.0009070173837244511,-0.00558446766808629,0.006936706602573395,-0.002712732646614313,0.00028070807456970215,-0.011527652852237225,-0.01315237395465374,-0.004247205797582865,0.0,0.0,-0.0047828578390181065,0.0017565450398251414,0.002466566627845168,0.012492469511926174,0.09162890166044235,0.10457093268632889,-0.0005517894751392305,0.28345435857772827,-0.049121931195259094,0.2113017439842224,0.09219582378864288,0.11097972095012665,-0.021638978272676468,5.242465249466477e-06,-0.09236165136098862,-0.10341528803110123,0.0004472819564398378,2.0,2.0,2.0,2.0,0.02299804612994194,0.039863280951976776,-0.026064453646540642,-0.04292968660593033,0.0,0.04143921658396721,0.05882851406931877,-0.04143352806568146,-0.05882279947400093,0.0,-0.2271888554096222,0.15375244617462158,-9.787246704101562,0.05355639010667801,-0.007215079385787249,0.035870444029569626,0.0,0.0,0.0,0.0,0.0,0.0,0.0,0.0,0.0,0.0,0.0,0.0,0.04066326096653938,0.05834979563951492,-0.040653783828020096,-0.05834030732512474,0.047857239842414856,0.04114978387951851,0.04114978387951851,0.04114978387951851,0.0858488529920578,0.2147788405418396,-0.4456559717655182,0.0,0.0,0.0,0.0,0.0,0.0,0.0
4206612447,0,-0.003754175268113613,-0.039737291634082794,-0.14456361532211304,6.569455581484362e-05,-0.04113857448101044,-0.14425118267536163,-0.020628033205866814,0.0033736571203917265,-0.006018582731485367,0.007639777846634388,-0.002802579663693905,0.0003124326467514038,-0.011506134644150734,-0.012943330220878124,-0.004070643801242113,0.0,0.0,-0.0047828578390181065,0.0017565450398251414,0.002466566627845168,0.012492469511926174,0.09105876833200455,0.10284201055765152,-0.0006744891870766878,0.3159672021865845,-0.056582093238830566,0.21074779331684113,0.08883949369192123,0.09829788655042648,-0.005424316506832838,-6.242759991437197e-05,-0.09228439629077911,-0.10346445441246033,0.0011772890575230122,2.0,2.0,2.0,2.0,0.024531250819563866,0.044462889432907104,-0.026064453646540642,-0.04292968660593033,0.0,0.04583536088466644,0.0658717229962349,-0.04590329900383949,-0.06593973189592361,0.0,-0.043708931654691696,0.14442889392375946,-9.853675842285156,0.05720475688576698,-0.012342714704573154,0.038936417549848557,0.0,0.0,0.0,0.0,0.0,0.0,0.0,0.0,0.0,0.0,0.0,0.0,0.04164095222949982,0.0592830553650856,-0.041626010090112686,-0.05926809087395668,0.04114978387951851,0.04114978387951851,0.04114978387951851,0.04114978387951851,0.0858488529920578,0.2147788405418396,-0.4456559717655182,0.0,0.0,0.0,0.0,0.0,0.0,0.0
4216404752,0,-0.0040785083547234535,-0.03970195725560188,-0.14459623396396637,6.569455581484362e-05,-0.04113857448101044,-0.14425118267536163,-0.019673187285661697,0.0032711285166442394,-0.005256298929452896,0.007639777846634388,-0.002802579663693905,0.0003124326467514038,-0.01145152561366558,-0.01295844279229641,-0.004366626963019371,0.0,0.0,-0.0047828578390181065,0.0022340682335197926,0.003362110350281,0.0005366287077777088,0.09102646261453629,0.10302694141864777,-0.000410422682762146,0.3036249876022339,-0.06705930083990097,0.1914598047733307,0.08810297399759293,0.09809325635433197,0.007091032341122627,-0.0001052621882990934,-0.09221708029508591,-0.10342259705066681,0.0012900249566882849,2.0,2.0,2.0,2.0,0.026064453646540642,0.044462889432907104,-0.027597656473517418,-0.04752929508686066,0.0,0.041774243116378784,0.06551801413297653,-0.041888754814863205,-0.0656326562166214,0.0,-0.11513784527778625,0.11919435113668442,-9.738056182861328,0.05720475688576698,-0.012342714704573154,0.038936417549848557,0.0,0.0,0.0,0.0,0.0,0.0,0.0,0.0,0.0,0.0,0.0,0.0,0.04250562936067581,0.06061659753322601,-0.04250204190611839,-0.060613006353378296,0.04114978387951851,0.04114978387951851,0.04114978387951851,0.04114978387951851,0.05871283635497093,0.1442287117242813,-0.7777432203292847,0.0,0.0,0.0,0.0,0.0,0.0,0.0
4226345647,0,-0.0040785083547234535,-0.03970195725560188,-0.14459623396396637,6.569455581484362e-05,-0.04113857448101044,-0.14425118267536163,-0.019673187285661697,0.0032711285166442394,-0.005256298929452896,0.007639777846634388,-0.002802579663693905,0.0003124326467514038,-0.01145152561366558,-0.01295844279229641,-0.004366626963019371,0.0,0.0,-0.0047828578390181065,-0.007179102394729853,-0.0011823507957160473,-0.012013032101094723,0.09102646261453629,0.10302694141864777,-0.000410422682762146,0.31035491824150085,-0.051309194415807724,0.17255547642707825,0.10405643284320831,0.10602957010269165,0.015361764468252659,-0.00016990349104162306,-0.09220941364765167,-0.10340746492147446,0.0010269996710121632,2.0,2.0,2.0,2.0,0.027597656473517418,0.04599609225988388,-0.029130859300494194,-0.04906250163912773,0.0,0.04571683332324028,0.06388489156961441,-0.04590170830488205,-0.0640699565410614,0.0,-0.11513784527778625,0.11919435113668442,-9.738056182861328,0.05720475688576698,-0.012342714704573154,0.038936417549848557,0.0,0.0,0.0,0.0,0.0,0.0,0.0,0.0,0.0,0.0,0.0,0.0,0.04316515102982521,0.06211787089705467,-0.043190039694309235,-0.06214279308915138,0.04114978387951851,0.04114978387951851,0.04114978387951851,0.04114978387951851,-0.33546456694602966,-0.10326340049505234,-0.632346510887146,0.0,0.0,0.0,0.0,0.0,0.0,0.0
4238974124,0,-0.004325381480157375,-0.039746761322021484,-0.1446114182472229,6.569455581484362e-05,-0.04113857448101044,-0.14425118267536163,-0.019343042746186256,0.0006784828728996217,-0.005651567596942186,0.00878219585865736,-0.0027836402878165245,0.0003602355718612671,-0.011765076778829098,-0.013057921081781387,-0.004548949189484119,0.0,0.0,-0.0047828578390181065,-0.007179102394729853,-0.0011823507957160473,-0.012013032101094723,0.09352268278598785,0.10381458699703217,-0.0001885035599116236,0.31035491824150085,-0.051309194415807724,0.17255547642707825,0.10405643284320831,0.10602957010269165,0.015361764468252659,-0.00016990349104162306,-0.09220941364765167,-0.10340746492147446,0.0010269996710121632,2.0,2.0,2.0,2.0,0.029130859300494194,0.04752929508686066,-0.03066406212747097,-0.05059570446610451,0.0,0.04571683332324028,0.06388489156961441,-0.04590170830488205,-0.0640699565410614,0.0,-0.1440548449754715,-0.0017392426962032914,-9.850248336791992,0.05699415132403374,-0.006902768742293119,0.037161339074373245,0.0,0.0,0.0,0.0,0.0,0.0,0.0,0.0,0.0,0.0,0.0,0.0,0.04377848654985428,0.0632576122879982,-0.04384365677833557,-0.06332286447286606,0.04114978387951851,0.04114978387951851,0.04114978387951851,0.04114978387951851,-0.33546456694602966,-0.10326340049505234,-0.632346510887146,0.0,0.0,0.0,0.0,0.0,0.0,0.0
4246151472,0,-0.004325381480157375,-0.039746761322021484,-0.1446114182472229,6.569455581484362e-05,-0.04113857448101044,-0.14425118267536163,-0.019343042746186256,0.0006784828728996217,-0.005651567596942186,0.00878219585865736,-0.0027836402878165245,0.0003602355718612671,-0.011765076778829098,-0.013057921081781387,-0.004548949189484119,0.0,0.0,-0.0047828578390181065,0.0013348021311685443,0.0005080992705188692,-0.024210214614868164,0.09352268278598785,0.10381458699703217,-0.0001885035599116236,0.3127188980579376,-0.0737002044916153,0.24920834600925446,0.08757004141807556,0.10276861488819122,0.02443809248507023,-0.00018687202828004956,-0.09227580577135086,-0.10341659933328629,0.0003024871402885765,2.0,2.0,2.0,2.0,0.03066406212747097,0.04906250163912773,-0.03066406212747097,-0.052128907293081284,0.0,0.042163874953985214,0.06826131045818329,-0.04236717149615288,-0.06846492737531662,0.0,-0.1440548449754715,-0.0017392426962032914,-9.850248336791992,0.05699415132403374,-0.006902768742293119,0.037161339074373245,0.0,0.0,0.0,0.0,0.0,0.0,0.0,0.0,0.0,0.0,0.0,0.0,0.04427390918135643,0.06413578987121582,-0.04438182711601257,-0.064243845641613,0.04114978387951851,0.041733577847480774,0.04114978387951851,0.04276322200894356,0.2728646397590637,0.023883230984210968,-0.5710899829864502,0.0,0.0,0.0,0.0,0.0,0.0,0.0
4256431667,0,-0.004554991144686937,-0.03975871205329895,-0.14464445412158966,6.569455581484362e-05,-0.04113857448101044,-0.14425118267536163,-0.017842672765254974,0.002870238618925214,-0.006595442537218332,0.009241417981684208,-0.002759738592430949,0.00039327144622802734,-0.011525901034474373,-0.013021665625274181,-0.005133007653057575,0.0,0.0,-0.0047828578390181065,0.0013348021311685443,0.0005080992705188692,-0.024210214614868164,0.09163349121809006,0.10351555049419403,0.0005102137802168727,0.3127188980579376,-0.0737002044916153,0.24920834600925446,0.08757004141807556,0.10276861488819122,0.02443809248507023,-0.00018687202828004956,-0.09227580577135086,-0.10341659933328629,0.0003024871402885765,2.0,2.0,2.0,2.0,0.032197266817092896,0.04906250163912773,-0.032197266817092896,-0.05366211012005806,0.0,0.042163874953985214,0.06826131045818329,-0.04236717149615288,-0.06846492737531662,0.0,-0.10656208544969559,-0.012493561953306198,-9.79131031036377,0.05501300469040871,-0.011247128248214722,0.04416557401418686,0.0,0.0,0.0,0.0,0.0,0.0,0.0,0.0,0.0,0.0,0.0,0.0,0.044292110949754715,0.06512706726789474,-0.044437799602746964,-0.06527294963598251,0.04114978387951851,0.041733577847480774,0.04114978387951851,0.04276322200894356,0.2728646397590637,0.023883230984210968,-0.5710899829864502,0.0,0.0,0.0,0.0,0.0,0.0,0.0
4266258383,0,-0.004554991144686937,-0.03975871205329895,-0.14464445412158966,6.569455581484362e-05,-0.04113857448101044,-0.14425118267536163,-0.017842672765254974,0.002870238618925214,-0.006595442537218332,0.009241417981684208,-0.002759738592430949,0.00039327144622802734,-0.011525901034474373,-0.013021665625274181,-0.005133007653057575,0.0,0.0,-0.0047828578390181065,0.004913742654025555,0.001448021037504077,-0.020910758525133133,0.09163349121809006,0.10351555049419403,0.0005102137802168727,0.30257153511047363,-0.06185920536518097,0.24291065335273743,0.08285672962665558,0.10126146674156189,0.01783774048089981,-0.0001760456507327035,-0.09220955520868301,-0.10340528190135956,-8.454106864519417e-05,2.0,2.0,2.0,2.0,0.03373046964406967,0.05059570446610451,-0.03373046964406967,-0.055195312947034836,0.0,0.04246942698955536,0.06437162309885025,-0.04266095161437988,-0.06456337869167328,0.0,-0.10656208544969559,-0.012493561953306198,-9.79131031036377,0.05501300469040871,-0.011247128248214722,0.04416557401418686,0.0,0.0,0.0,0.0,0.0,0.0,0.0,0.0,0.0,0.0,0.0,0.0,0.043922439217567444,0.06601350009441376,-0.04409679025411606,-0.06618808954954147,0.04114978387951851,0.04114978387951851,0.04114978387951851,0.04114978387951851,0.3162839710712433,0.05715179070830345,-0.15582220256328583,0.0,0.0,0.0,0.0,0.0,0.0,0.0
4276193353,0,-0.004656774457544088,-0.03975091502070427,-0.14466044306755066,6.569455581484362e-05,-0.04113857448101044,-0.14425118267536163,-0.018526632338762283,0.0012602166971191764,-0.005881170742213726,0.009444985538721085,-0.0027753328904509544,0.0004092603921890259,-0.01143771130591631,-0.0129922553896904,-0.005175686441361904,0.0,0.0,-0.0047828578390181065,0.0048669748939573765,8.519476978108287e-05,-0.0046732728369534016,0.09093330800533295,0.10328100621700287,0.0005605372716672719,0.30257153511047363,-0.06185920536518097,0.24291065335273743,0.08285672962665558,0.10126146674156189,0.01783774048089981,-0.0001760456507327035,-0.09220955520868301,-0.10340528190135956,-8.454106864519417e-05,2.0,2.0,2.0,2.0,0.03526367247104645,0.052128907293081284,-0.03373046964406967,-0.05672851577401161,0.0,0.04246942698955536,0.06437162309885025,-0.04266095161437988,-0.06456337869167328,0.0,-0.33728811144828796,-0.03182067349553108,-9.800806999206543,0.056778714060783386,-0.008033212274312973,0.03856633976101875,0.0,0.0,0.0,0.0,0.0,0.0,0.0,0.0,0.0,0.0,0.0,0.0,0.04345841333270073,0.06632592529058456,-0.04365057498216629,-0.06651834398508072,0.04114978387951851,0.04114978387951851,0.04114978387951851,0.04114978387951851,0.10262666642665863,-0.10657747089862823,0.5499189496040344,0.0,0.0,0.0,0.0,0.0,0.0,0.0
4286364031,0,-0.004878104664385319,-0.03968928009271622,-0.1447005271911621,6.569455581484362e-05,-0.04113857448101044,-0.14425118267536163,-0.018266044557094574,0.003696189960464835,-0.006601124536246061,0.009887647815048695,-0.0028986032120883465,0.0004493445158004761,-0.011473680846393108,-0.012956148013472557,-0.0051834299229085445,0.0,0.0,-0.0047828578390181065,0.0048669748939573765,8.519476978108287e-05,-0.0046732728369534016,0.09069602936506271,0.10368162393569946,0.0005081924027763307,0.3343234360218048,-0.053246159106492996,0.2209894061088562,0.08532615751028061,0.10397437959909439,-0.0014416798949241638,-0.0001251609792234376,-0.09202469140291214,-0.10333862900733948,-0.0006038208957761526,2.0,2.0,2.0,2.0,0.03526367247104645,0.052128907293081284,-0.03526367247104645,-0.059794921427965164,0.0,0.04964025691151619,0.06849878281354904,-0.049776505678892136,-0.06863517314195633,0.0,0.006397291552275419,0.2104199081659317,-9.817205429077148,0.05724103003740311,-0.013176972977817059,0.04424670711159706,0.0,0.0,0.0,0.0,0.0,0.0,0.0,0.0,0.0,0.0,0.0,0.0,0.04337850958108902,0.06630934774875641,-0.04357675835490227,-0.06650786846876144,0.04114978387951851,0.04114978387951851,0.04114978387951851,0.04114978387951851,0.10262666642665863,-0.10657747089862823,0.5499189496040344,0.0,0.0,0.0,0.0,0.0,0.0,0.0
4296067884,0,-0.005182951223105192,-0.03961595147848129,-0.14476285874843597,6.569455581484362e-05,-0.04113857448101044,-0.14425118267536163,-0.02020999789237976,0.0027741321828216314,-0.006985493469983339,0.010497343726456165,-0.003045261139050126,0.0005116760730743408,-0.011716792359948158,-0.013015502132475376,-0.004555316176265478,0.0,0.0,-0.0047828578390181065,-0.0050666844472289085,-0.0008548340993002057,0.015803715214133263,0.09069602936506271,0.10368162393569946,0.0005081924027763307,0.3343234360218048,-0.053246159106492996,0.2209894061088562,0.08532615751028061,0.10397437959909439,-0.0014416798949241638,-0.0001251609792234376,-0.09202469140291214,-0.10333862900733948,-0.0006038208957761526,2.0,2.0,2.0,2.0,0.03526367247104645,0.05366211012005806,-0.03526367247104645,-0.059794921427965164,0.0,0.04964025691151619,0.06849878281354904,-0.049776505678892136,-0.06863517314195633,0.0,0.006397291552275419,0.2104199081659317,-9.817205429077148,0.06242851912975311,-0.011664735153317451,0.04701019078493118,0.0,0.0,0.0,0.0,0.0,0.0,0.0,0.0,0.0,0.0,0.0,0.0,0.044163867831230164,0.06651480495929718,-0.044356223195791245,-0.06670742481946945,0.04114978387951851,0.04114978387951851,0.04114978387951851,0.04114978387951851,-0.3633073568344116,-0.01812196522951126,0.8606502413749695,0.0,0.0,0.0,0.0,0.0,0.0,0.0
4305987371,0,-0.005182951223105192,-0.03961595147848129,-0.14476285874843597,6.569455581484362e-05,-0.04113857448101044,-0.14425118267536163,-0.02020999789237976,0.0027741321828216314,-0.006985493469983339,0.010497343726456165,-0.003045261139050126,0.0005116760730743408,-0.011716792359948158,-0.013015502132475376,-0.004555316176265478,0.0,0.0,-0.0047828578390181065,-0.0029732482507824898,0.0013934395974501967,0.020283663645386696,0.09313903003931046,0.10347722470760345,-0.00018154112331103534,0.3433568477630615,-0.06415604054927826,0.2585560381412506,0.09549456089735031,0.1008024513721466,-0.021907592192292213,-8.275559230241925e-05,-0.09195322543382645,-0.10338034480810165,-0.0003619669587351382,2.0,2.0,2.0,2.0,0.03526367247104645,0.05366211012005806,-0.03526367247104645,-0.06132812425494194,0.0,0.04933122545480728,0.0720561295747757,-0.049421295523643494,-0.07214631885290146,0.0,-0.14915208518505096,0.2404196411371231,-9.841972351074219,0.06242851912975311,-0.011664735153317451,0.04701019078493118,0.0,0.0,0.0,0.0,0.0,0.0,0.0,0.0,0.0,0.0,0.0,0.0,0.04554640129208565,0.06714605540037155,-0.04572337493300438,-0.06732326745986938,0.04711616411805153,0.04114978387951851,0.04114978387951851,0.04114978387951851,-0.06643466651439667,0.09702885895967484,0.651007354259491,0.0,0.0,0.0,0.0,0.0,0.0,0.0
4315914084,0,-0.005279569886624813,-0.03955474868416786,-0.14478443562984467,6.569455581484362e-05,-0.04113857448101044,-0.14425118267536163,-0.020253214985132217,0.003062613308429718,-0.006522373761981726,0.010690581984817982,-0.0031676674261689186,0.0005332529544830322,-0.011555886827409267,-0.012976049445569515,-0.0044106184504926205,0.0,0.0,-0.0047828578390181065,-0.0029732482507824898,0.0013934395974501967,0.020283663645386696,0.09185696393251419,0.10316617786884308,-0.00035670248325914145,0.3433568477630615,-0.06415604054927826,0.2585560381412506,0.09549456089735031,0.1008024513721466,-0.021907592192292213,-8.275559230241925e-05,-0.09199605882167816,-0.1033787652850151,-9.550501999910921e-06,2.0,2.0,2.0,2.0,0.036796875298023224,0.055195312947034836,-0.036796875298023224,-0.06132812425494194,0.0,0.04933122545480728,0.0720561295747757,-0.049421295523643494,-0.07214631885290146,0.0,-0.13136917352676392,0.27014395594596863,-9.806583404541016,0.06291914731264114,-0.012486272491514683,0.043379247188568115,0.0,0.0,0.0,0.0,0.0,0.0,0.0,0.0,0.0,0.0,0.0,0.0,0.046939004212617874,0.06819844990968704,-0.04709450900554657,-0.06835415214300156,0.047520026564598083,0.04114978387951851,0.04114978387951851,0.04114978387951851,-0.06643466651439667,0.09702885895967484,0.651007354259491,0.0,0.0,0.0,0.0,0.0,0.0,0.0
4326021334,0,-0.005279569886624813,-0.03955474868416786,-0.14478443562984467,6.569455581484362e-05,-0.04113857448101044,-0.14425118267536163,-0.020253214985132217,0.003062613308429718,-0.006522373761981726,0.010690581984817982,-0.0031676674261689186,0.0005332529544830322,-0.011555886827409267,-0.012976049445569515,-0.0044106184504926205,0.0,0.0,-0.0047828578390181065,0.0031658418010920286,-0.0022664163261651993,0.02083447389304638,0.09185696393251419,0.10316617786884308,-0.00035670248325914145,0.3618830144405365,-0.04115956276655197,0.25292205810546875,0.08573958277702332,0.10840609669685364,-0.017440717667341232,-0.00011680745228659362,-0.09199605882167816,-0.1033787652850151,-9.550501999910921e-06,2.0,2.0,2.0,2.0,0.038330078125,0.055195312947034836,-0.036796875298023224,-0.06132812425494194,0.0,0.056663259863853455,0.07124529033899307,-0.05679044872522354,-0.07137259840965271,0.0,-0.13136917352676392,0.27014395594596863,-9.806583404541016,0.06291914731264114,-0.012486272491514683,0.043379247188568115,0.0,0.0,0.0,0.0,0.0,0.0,0.0,0.0,0.0,0.0,0.0,0.0,0.04840357229113579,0.06939047574996948,-0.04853815212845802,-0.06952521204948425,0.047520026564598083,0.04114978387951851,0.04114978387951851,0.04114978387951851,0.21471107006072998,-0.148645281791687,0.13631559908390045,0.0,0.0,0.0,0.0,0.0,0.0,0.0
4335861377,0,-0.00548801152035594,-0.039460062980651855,-0.14482954144477844,6.569455581484362e-05,-0.04113857448101044,-0.14425118267536163,-0.021205341443419456,0.0027526875492185354,-0.007529567461460829,0.01110746804624796,-0.003357039764523506,0.0005783587694168091,-0.011455603875219822,-0.013162342831492424,-0.004075757693499327,0.0,0.0,-0.0047828578390181065,0.0031658418010920286,-0.0022664163261651993,0.02083447389304638,0.09105253219604492,0.10465323179960251,-0.0007580196834169328,0.3618830144405365,-0.04115956276655197,0.25292205810546875,0.08573958277702332,0.10840609669685364,-0.017440717667341232,-0.00011680745228659362,-0.0919523760676384,-0.10336795449256897,0.00079230876872316,2.0,2.0,2.0,2.0,0.039863280951976776,0.055195312947034836,-0.036796875298023224,-0.06439453363418579,0.0,0.056663259863853455,0.07124529033899307,-0.05679044872522354,-0.07137259840965271,0.0,-0.1422557234764099,0.15812304615974426,-9.871337890625,0.06574532389640808,-0.012286311946809292,0.05133631452918053,0.0,0.0,0.0,0.0,0.0,0.0,0.0,0.0,0.0,0.0,0.0,0.0,0.05030975490808487,0.07035639882087708,-0.05043096840381622,-0.07047773152589798,0.04499001055955887,0.04114978387951851,0.04114978387951851,0.04114978387951851,0.21471107006072998,-0.148645281791687,0.13631559908390045,0.0,0.0,0.0,0.0,0.0,0.0,0.0
4346737239,0,-0.00548801152035594,-0.039460062980651855,-0.14482954144477844,6.569455581484362e-05,-0.04113857448101044,-0.14425118267536163,-0.021205341443419456,0.0027526875492185354,-0.007529567461460829,0.01110746804624796,-0.003357039764523506,0.0005783587694168091,-0.011455603875219822,-0.013162342831492424,-0.004075757693499327,0.0,0.0,-0.0047828578390181065,0.00761250639334321,-0.003135570790618658,0.014711592346429825,0.09026278555393219,0.10468830168247223,-0.0007823973428457975,0.36159926652908325,-0.06757471710443497,0.28234973549842834,0.07904674112796783,0.10886227339506149,-0.009419288486242294,-0.00015213691222015768,-0.09184045344591141,-0.10341446846723557,0.001125178998336196,2.0,2.0,2.0,2.0,0.04139648377895355,0.05672851577401161,-0.036796875298023224,-0.06286133080720901,0.0,0.051917340606451035,0.0758579894900322,-0.05208292230963707,-0.07602384686470032,0.0,-0.1422557234764099,0.15812304615974426,-9.871337890625,0.06574532389640808,-0.012286311946809292,0.05133631452918053,0.0,0.0,0.0,0.0,0.0,0.0,0.0,0.0,0.0,0.0,0.0,0.0,0.05220069736242294,0.07120826840400696,-0.05231820419430733,-0.07132588326931,0.04114978387951851,0.04114978387951851,0.04114978387951851,0.04114978387951851,0.3002011775970459,-0.1099596619606018,-0.2037724256515503,0.0,0.0,0.0,0.0,0.0,0.0,0.0
4355878777,0,-0.005587076768279076,-0.039418600499629974,-0.14485923945903778,6.569455581484362e-05,-0.04113857448101044,-0.14425118267536163,-0.022076748311519623,0.0035864233504980803,-0.007604770828038454,0.011305599473416805,-0.0034399651922285557,0.0006080567836761475,-0.011280607432126999,-0.0131590710952878,-0.00406921561807394,0.0,0.0,-0.0047828578390181065,0.0004607077280525118,0.00048825168050825596,-0.0016498616896569729,0.09026278555393219,0.10468830168247223,-0.0007823973428457975,0.3766820430755615,-0.0939614400267601,0.2695282995700836,0.091720350086689,0.10212532430887222,0.008297459222376347,-0.00022747405455447733,-0.09184045344591141,-0.10341446846723557,0.001125178998336196,2.0,2.0,2.0,2.0,0.04292968660593033,0.05672851577401161,-0.036796875298023224,-0.06592773646116257,0.0,0.04987543448805809,0.08317100256681442,-0.05012304335832596,-0.08341914415359497,0.0,-0.2749221920967102,0.029446087777614594,-9.83375072479248,0.0679246038198471,-0.014116926118731499,0.05167035385966301,0.0,0.0,0.0,0.0,0.0,0.0,0.0,0.0,0.0,0.0,0.0,0.0,0.053203143179416656,0.0726097971200943,-0.0533297061920166,-0.07273650914430618,0.04114978387951851,0.04114978387951851,0.04114978387951851,0.04114978387951851,-0.1109190285205841,0.1316342055797577,-0.7120791673660278,0.0,0.0,0.0,0.0,0.0,0.0,0.0
4366519349,0,-0.005779302679002285,-0.03942447900772095,-0.14491890370845795,6.569455581484362e-05,-0.04113857448101044,-0.14425118267536163,-0.021940048784017563,0.005082025192677975,-0.007301307749003172,0.011690053157508373,-0.00342820817604661,0.0006677210330963135,-0.011478682979941368,-0.01312105543911457,-0.004172941204160452,0.0,0.0,-0.0047828578390181065,0.0004607077280525118,0.00048825168050825596,-0.0016498616896569729,0.09107186645269394,0.10392991453409195,-0.00038426945684477687,0.3766820430755615,-0.0939614400267601,0.2695282995700836,0.091720350086689,0.10212532430887222,0.008297459222376347,-0.00022747405455447733,-0.09172013401985168,-0.10347966104745865,0.0013876716839149594,2.0,2.0,2.0,2.0,0.044462889432907104,0.05672851577401161,-0.038330078125,-0.06746093928813934,0.0,0.04987543448805809,0.08317100256681442,-0.05012304335832596,-0.08341914415359497,0.0,-0.1431696116924286,0.45806482434272766,-9.734487533569336,0.06848764419555664,-0.017083898186683655,0.04900514706969261,0.0,0.0,0.0,0.0,0.0,0.0,0.0,0.0,0.0,0.0,0.0,0.0,0.05317630246281624,0.07491055130958557,-0.053325869143009186,-0.07506035268306732,0.04114978387951851,0.04114978387951851,0.04114978387951851,0.04114978387951851,-0.1109190285205841,0.1316342055797577,-0.7120791673660278,0.0,0.0,0.0,0.0,0.0,0.0,0.0
4375763646,0,-0.005779302679002285,-0.03942447900772095,-0.14491890370845795,6.569455581484362e-05,-0.04113857448101044,-0.14425118267536163,-0.021940048784017563,0.005082025192677975,-0.007301307749003172,0.011690053157508373,-0.00342820817604661,0.0006677210330963135,-0.011478682979941368,-0.01312105543911457,-0.004172941204160452,0.0,0.0,-0.0047828578390181065,-0.004286946263164282,-0.0015457344707101583,-0.014094684273004532,0.09107186645269394,0.10392991453409195,-0.00038426945684477687,0.3959689736366272,-0.08875925093889236,0.2267344743013382,0.09722290933132172,0.0993615910410881,0.012399045750498772,-0.00026192140649072826,-0.09172013401985168,-0.10347966104745865,0.0013876716839149594,2.0,2.0,2.0,2.0,0.04599609225988388,0.059794921427965164,-0.039863280951976776,-0.06746093928813934,0.0,0.05419167876243591,0.08565099537372589,-0.05447682738304138,-0.08593673259019852,0.0,-0.1431696116924286,0.45806482434272766,-9.734487533569336,0.06848764419555664,-0.017083898186683655,0.04900514706969261,0.0,0.0,0.0,0.0,0.0,0.0,0.0,0.0,0.0,0.0,0.0,0.0,0.05275311321020126,0.07768077403306961,-0.05293382331728935,-0.07786182314157486,0.04114978387951851,0.04114978387951851,0.04114978387951851,0.04114978387951851,-0.14993338286876678,-0.11605583131313324,-0.6174895763397217,0.0,0.0,0.0,0.0,0.0,0.0,0.0
4388519769,0,-0.006054864730685949,-0.03933078795671463,-0.14496736228466034,6.569455581484362e-05,-0.04113857448101044,-0.14425118267536163,-0.02399260737001896,0.008299995213747025,-0.006571748293936253,0.012241180054843426,-0.0036155912093818188,0.0007161796092987061,-0.011473755352199078,-0.01328513864427805,-0.0047187828458845615,0.0,0.0,-0.0047828578390181065,0.000919102574698627,-5.2402407163754106e-05,-0.018532386049628258,0.09121018648147583,0.1056177094578743,1.4570724488294218e-05,0.3902762234210968,-0.05524449422955513,0.22800295054912567,0.09883671253919601,0.1079530268907547,0.016941117122769356,-0.0002864147536456585,-0.09174581617116928,-0.10345526784658432,0.001044341130182147,2.0,2.0,2.0,2.0,0.04752929508686066,0.05826171860098839,-0.04139648377895355,-0.06899414211511612,0.0,0.059104565531015396,0.07868317514657974,-0.05941642075777054,-0.0789954736828804,0.0,-0.26401638984680176,0.5766890048980713,-9.843086242675781,0.0738164559006691,-0.02383846789598465,0.04403384029865265,0.0,0.0,0.0,0.0,0.0,0.0,0.0,0.0,0.0,0.0,0.0,0.0,0.05283796042203903,0.08007808774709702,-0.053052760660648346,-0.08029330521821976,0.04114978387951851,0.04114978387951851,0.04114978387951851,0.04114978387951851,0.16643652319908142,0.010952666401863098,-0.544002890586853,0.0,0.0,0.0,0.0,0.0,0.0,0.0
4397233113,0,-0.006163997109979391,-0.039268165826797485,-0.14497986435890198,6.569455581484362e-05,-0.04113857448101044,-0.14425118267536163,-0.024236030876636505,0.002536584623157978,-0.0055297547951340675,0.012459445744752884,-0.0037408359348773956,0.0007286816835403442,-0.01143458392471075,-0.013157116249203682,-0.004872563295066357,0.0,0.0,-0.0047828578390181065,0.000919102574698627,-5.2402407163754106e-05,-0.018532386049628258,0.09121018648147583,0.1056177094578743,1.4570724488294218e-05,0.40599051117897034,-0.13111157715320587,0.24218612909317017,0.09883671253919601,0.1079530268907547,0.016941117122769356,-0.0002864147536456585,-0.09174581617116928,-0.10345526784658432,0.001044341130182147,2.0,2.0,2.0,2.0,0.04752929508686066,0.059794921427965164,-0.04292968660593033,-0.06899414211511612,0.0,0.04845548793673515,0.09493400156497955,-0.048767175525426865,-0.09524673968553543,0.0,-0.26401638984680176,0.5766890048980713,-9.843086242675781,0.07469253987073898,-0.012528718449175358,0.03677675127983093,0.0,0.0,0.0,0.0,0.0,0.0,0.0,0.0,0.0,0.0,0.0,0.0,0.05331815034151077,0.08207083493471146,-0.05356638506054878,-0.08231956511735916,0.04114978387951851,0.04114978387951851,0.04114978387951851,0.04114978387951851,0.16643652319908142,0.010952666401863098,-0.544002890586853,0.0,0.0,0.0,0.0,0.0,0.0,0.0
4406122082,0,-0.006163997109979391,-0.039268165826797485,-0.14497986435890198,6.569455581484362e-05,-0.04113857448101044,-0.14425118267536163,-0.024236030876636505,0.002536584623157978,-0.0055297547951340675,0.012459445744752884,-0.0037408359348773956,0.0007286816835403442,-0.01143458392471075,-0.013157116249203682,-0.004872563295066357,0.0,0.0,-0.0047828578390181065,-0.002329857787117362,-0.0031126237008720636,-0.018167203292250633,0.09090209007263184,0.10459715127944946,0.00019790865189861506,0.3948996663093567,-0.07761106640100479,0.26422590017318726,0.08812772482633591,0.10430505871772766,0.019754953682422638,-0.0002973900700453669,-0.09174709767103195,-0.10347317159175873,0.0007477951003238559,2.0,2.0,2.0,2.0,0.04752929508686066,0.06132812425494194,-0.04292968660593033,-0.07206054776906967,0.0,0.05595680698752403,0.0834641307592392,-0.056280575692653656,-0.08378851413726807,0.0,-0.301052063703537,-0.0646297037601471,-9.774809837341309,0.07469253987073898,-0.012528718449175358,0.03677675127983093,0.0,0.0,0.0,0.0,0.0,0.0,0.0,0.0,0.0,0.0,0.0,0.0,0.053494326770305634,0.084145687520504,-0.05377128720283508,-0.08442322909832001,0.04114978387951851,0.04114978387951851,0.04114978387951851,0.04114978387951851,-0.07108252495527267,-0.16635558009147644,-0.2593432068824768,0.0,0.0,0.0,0.0,0.0,0.0,0.0
4417445333,0,-0.00637733843177557,-0.03914642706513405,-0.14501826465129852,6.569455581484362e-05,-0.04113857448101044,-0.14425118267536163,-0.027076201513409615,0.006651577539741993,-0.006345764268189669,0.01288613025099039,-0.003984314855188131,0.0007670819759368896,-0.011330556124448776,-0.01332010142505169,-0.0051400745287537575,0.0,0.0,-0.0047828578390181065,-0.002329857787117362,-0.0031126237008720636,-0.018167203292250633,0.09008070826530457,0.10588804632425308,0.0005191972013562918,0.3948996663093567,-0.07761106640100479,0.26422590017318726,0.08292435109615326,0.10966300219297409,0.014506249688565731,-0.00028606015257537365,-0.09170705080032349,-0.10357195138931274,1.776599674485624e-05,2.0,2.0,2.0,2.0,0.04906250163912773,0.06286133080720901,-0.044462889432907104,-0.07206054776906967,0.0,0.05596299096941948,0.08347031474113464,-0.056274402886629105,-0.08378233015537262,0.0,-0.3797867000102997,0.4200432598590851,-9.858880043029785,0.08136621117591858,-0.021224547177553177,0.04307634010910988,0.0,0.0,0.0,0.0,0.0,0.0,0.0,0.0,0.0,0.0,0.0,0.0,0.05368959903717041,0.08556977659463882,-0.05398820713162422,-0.08586902916431427,0.04114978387951851,0.04114978387951851,0.04114978387951851,0.04114978387951851,-0.07108252495527267,-0.16635558009147644,-0.2593432068824768,0.0,0.0,0.0,0.0,0.0,0.0,0.0
4426037441,0,-0.00637733843177557,-0.03914642706513405,-0.14501826465129852,6.569455581484362e-05,-0.04113857448101044,-0.14425118267536163,-0.027076201513409615,0.006651577539741993,-0.006345764268189669,0.01288613025099039,-0.003984314855188131,0.0007670819759368896,-0.011330556124448776,-0.01332010142505169,-0.0051400745287537575,0.0,0.0,-0.0047828578390181065,-0.0015441147843375802,-0.003107955912128091,-0.003187567461282015,0.09128165245056152,0.10643605142831802,0.0002584954781923443,0.46064451336860657,-0.047881368547677994,0.2275337278842926,0.09533403813838959,0.11036574840545654,-0.002030864590778947,-0.0002459716924931854,-0.09160881489515305,-0.10364332050085068,-0.00036421450204215944,2.0,2.0,2.0,2.0,0.04906250163912773,0.06592773646116257,-0.04292968660593033,-0.07512695342302322,0.0,0.0728977844119072,0.08988279104232788,-0.07316585630178452,-0.09015126526355743,0.0,-0.3797867000102997,0.4200432598590851,-9.858880043029785,0.08136621117591858,-0.021224547177553177,0.04307634010910988,0.0,0.0,0.0,0.0,0.0,0.0,0.0,0.0,0.0,0.0,0.0,0.0,0.05498608574271202,0.08617828786373138,-0.05529627576470375,-0.08648913353681564,0.04114978387951851,0.04114978387951851,0.04114978387951851,0.04114978387951851,-0.15541136264801025,-0.07434938102960587,0.4877047538757324,0.0,0.0,0.0,0.0,0.0,0.0,0.0
4436131653,0,-0.00661148875951767,-0.03908148407936096,-0.14506693184375763,6.569455581484362e-05,-0.04113857448101044,-0.14425118267536163,-0.028055565431714058,0.007697627879679203,-0.00768951466307044,0.013354433700442314,-0.004114201292395592,0.0008157491683959961,-0.011602195911109447,-0.013398425653576851,-0.00493795657530427,0.0,0.0,-0.0047828578390181065,0.0005619563162326813,0.0020522538106888533,0.0039566559717059135,0.09128165245056152,0.10643605142831802,0.0002584954781923443,0.46064451336860657,-0.047881368547677994,0.2275337278842926,0.09533403813838959,0.11036574840545654,-0.002030864590778947,-0.0002459716924931854,-0.09160881489515305,-0.10364332050085068,-0.00036421450204215944,2.0,2.0,2.0,2.0,0.05059570446610451,0.06746093928813934,-0.044462889432907104,-0.07666015625,0.0,0.0728977844119072,0.08988279104232788,-0.07316585630178452,-0.09015126526355743,0.0,-0.37458768486976624,0.48098400235176086,-9.9004545211792,0.08438172191381454,-0.023627813905477524,0.05397350713610649,0.0,0.0,0.0,0.0,0.0,0.0,0.0,0.0,0.0,0.0,0.0,0.0,0.05814766883850098,0.08686532080173492,-0.05845779553055763,-0.08717605471611023,0.04114978387951851,0.04114978387951851,0.04114978387951851,0.04114978387951851,0.005822924897074699,0.20061831176280975,0.6233050227165222,0.0,0.0,0.0,0.0,0.0,0.0,0.0
4446232938,0,-0.006747661158442497,-0.03901190310716629,-0.14509743452072144,6.569455581484362e-05,-0.04113857448101044,-0.14425118267536163,-0.030526071786880493,0.003841706784442067,-0.006912739481776953,0.013626779429614544,-0.00425336416810751,0.0008462518453598022,-0.01139193307608366,-0.013169309124350548,-0.004856745712459087,0.0,0.0,-0.0047828578390181065,0.0005619563162326813,0.0020522538106888533,0.0039566559717059135,0.09094682335853577,0.10483983159065247,-4.2247967940056697e-05,0.4941490590572357,-0.08888640254735947,0.26374551653862,0.09032664448022842,0.1007813960313797,-0.009004302322864532,-0.00022792584786657244,-0.09160881489515305,-0.10364332050085068,-0.00036421450204215944,2.0,2.0,2.0,2.0,0.05059570446610451,0.0705273449420929,-0.04599609225988388,-0.07819335907697678,0.0,0.07157821953296661,0.10312590003013611,-0.07182662934064865,-0.10337496548891068,0.0,-0.1851397454738617,-0.3730222284793854,-9.635932922363281,0.08984528481960297,-0.01616116426885128,0.047953732311725616,0.0,0.0,0.0,0.0,0.0,0.0,0.0,0.0,0.0,0.0,0.0,0.0,0.06236349046230316,0.08837094902992249,-0.0626649260520935,-0.0886729285120964,0.04114978387951851,0.04114978387951851,0.04114978387951851,0.04114978387951851,0.005822924897074699,0.20061831176280975,0.6233050227165222,0.0,0.0,0.0,0.0,0.0,0.0,0.0
4456109465,0,-0.006747661158442497,-0.03901190310716629,-0.14509743452072144,6.569455581484362e-05,-0.04113857448101044,-0.14425118267536163,-0.030526071786880493,0.003841706784442067,-0.006912739481776953,0.013626779429614544,-0.00425336416810751,0.0008462518453598022,-0.01139193307608366,-0.013169309124350548,-0.004856745712459087,0.0,0.0,-0.0047828578390181065,0.003054168773815036,-0.0003526676446199417,0.016976941376924515,0.09094682335853577,0.10483983159065247,-4.2247967940056697e-05,0.5036738514900208,-0.14988306164741516,0.31911882758140564,0.08395782113075256,0.104957714676857,-0.01835271716117859,-0.00021081676823087037,-0.09161175787448883,-0.1037362739443779,0.0001062031660694629,2.0,2.0,2.0,2.0,0.052128907293081284,0.0705273449420929,-0.04599609225988388,-0.07972656190395355,0.0,0.062468018382787704,0.11567685008049011,-0.06269761919975281,-0.11590754985809326,0.0,-0.1851397454738617,-0.3730222284793854,-9.635932922363281,0.08984528481960297,-0.01616116426885128,0.047953732311725616,0.0,0.0,0.0,0.0,0.0,0.0,0.0,0.0,0.0,0.0,0.0,0.0,0.06577786058187485,0.0918022021651268,-0.06606527417898178,-0.09209013730287552,0.04496268555521965,0.04114978387951851,0.04114978387951851,0.04114978387951851,0.25767603516578674,0.07493926584720612,0.5541530847549438,0.0,0.0,0.0,0.0,0.0,0.0,0.0
4466027060,0,-0.007006149739027023,-0.03887343034148216,-0.145136296749115,6.569455581484362e-05,-0.04113857448101044,-0.14425118267536163,-0.03079306334257126,0.009071172215044498,-0.008297387510538101,0.01414375938475132,-0.004530311096459627,0.0008851140737533569,-0.011487086303532124,-0.013532893732190132,-0.0044710105285048485,0.0,0.0,-0.0047828578390181065,0.003054168773815036,-0.0003526676446199417,0.016976941376924515,0.08958875387907028,0.105354443192482,-0.00038572773337364197,0.5036738514900208,-0.14988306164741516,0.31911882758140564,0.08395782113075256,0.104957714676857,-0.01835271716117859,-0.00021081676823087037,-0.09161175787448883,-0.1037362739443779,0.0001062031660694629,2.0,2.0,2.0,2.0,0.05366211012005806,0.07206054776906967,-0.04752929508686066,-0.07972656190395355,0.0,0.062468018382787704,0.11567685008049011,-0.06269761919975281,-0.11590754985809326,0.0,-0.5812839269638062,0.14616833627223969,-9.741433143615723,0.09157706052064896,-0.027251465246081352,0.058021605014801025,0.0,0.0,0.0,0.0,0.0,0.0,0.0,0.0,0.0,0.0,0.0,0.0,0.06726660579442978,0.09731625765562057,-0.06753731518983841,-0.09758757799863815,0.04496268555521965,0.04114978387951851,0.04114978387951851,0.04114978387951851,0.25767603516578674,0.07493926584720612,0.5541530847549438,0.0,0.0,0.0,0.0,0.0,0.0,0.0
4476034616,0,-0.007300316821783781,-0.038738980889320374,-0.14516325294971466,6.569455581484362e-05,-0.04113857448101044,-0.14425118267536163,-0.030876146629452705,0.008421145379543304,-0.00620595458894968,0.01473209634423256,-0.004799211397767067,0.0009120702743530273,-0.011392409913241863,-0.013514574617147446,-0.004144052043557167,0.0,0.0,-0.0047828578390181065,0.0035976225044578314,-6.747114821337163e-05,0.01919468864798546,0.08958875387907028,0.105354443192482,-0.00038572773337364197,0.5134042501449585,-0.06158571317791939,0.16272379457950592,0.08395782113075256,0.104957714676857,-0.01835271716117859,-0.00021081676823087037,-0.09161175787448883,-0.1037362739443779,0.0001062031660694629,2.0,2.0,2.0,2.0,0.055195312947034836,0.07359375059604645,-0.05059570446610451,-0.08125976473093033,0.0,0.07984121143817902,0.10170549899339676,-0.0800711065530777,-0.10193584114313126,0.0,-0.5812839269638062,0.14616833627223969,-9.741433143615723,0.09293448179960251,-0.02648107148706913,0.04275377467274666,0.0,0.0,0.0,0.0,0.0,0.0,0.0,0.0,0.0,0.0,0.0,0.0,0.06791477650403976,0.10277163982391357,-0.06816969066858292,-0.10302727669477463,0.04496268555521965,0.04114978387951851,0.04114978387951851,0.04114978387951851,0.13200034201145172,0.008431568741798401,0.37985262274742126,0.0,0.0,0.0,0.0,0.0,0.0,0.0
4486506778,0,-0.007300316821783781,-0.038738980889320374,-0.14516325294971466,6.569455581484362e-05,-0.04113857448101044,-0.14425118267536163,-0.030876146629452705,0.008421145379543304,-0.00620595458894968,0.01473209634423256,-0.004799211397767067,0.0009120702743530273,-0.011392409913241863,-0.013514574617147446,-0.004144052043557167,0.0,0.0,-0.0047828578390181065,0.00461176224052906,0.0019892898853868246,0.010559950023889542,0.09055100381374359,0.10745207220315933,-0.0006741615943610668,0.5784268379211426,-0.12347164005041122,0.26447349786758423,0.0861102044582367,0.1059742346405983,-0.01836666837334633,-0.00022080277267377824,-0.09153220802545547,-0.10374221205711365,0.00046406674664467573,2.0,2.0,2.0,2.0,0.05826171860098839,0.07512695342302322,-0.05366211012005806,-0.0827929675579071,0.0,0.08039207011461258,0.1242789551615715,-0.08063285052776337,-0.12452083826065063,0.0,-0.06209072098135948,0.4045027792453766,-9.858588218688965,0.09293448179960251,-0.02648107148706913,0.04275377467274666,0.0,0.0,0.0,0.0,0.0,0.0,0.0,0.0,0.0,0.0,0.0,0.0,0.06965826451778412,0.10694380849599838,-0.06990128010511398,-0.10718761384487152,0.04594767838716507,0.04114978387951851,0.04114978387951851,0.04114978387951851,-0.0046094926074147224,0.10412220656871796,-0.21205873787403107,0.0,0.0,0.0,0.0,0.0,0.0,0.0
4496026977,0,-0.007615006063133478,-0.038561102002859116,-0.14520567655563354,6.569455581484362e-05,-0.04113857448101044,-0.14425118267536163,-0.031002309173345566,0.0019338417332619429,-0.007699092850089073,0.015361478552222252,-0.005154970567673445,0.0009544938802719116,-0.011405167169868946,-0.013372612185776234,-0.004222017712891102,0.0,0.0,-0.0047828578390181065,0.00461176224052906,0.0019892898853868246,0.010559950023889542,0.09065431356430054,0.10632213950157166,-0.0005814729956910014,0.5784268379211426,-0.12347164005041122,0.26447349786758423,0.0860886499285698,0.10329163074493408,-0.005969232879579067,-0.00026624687598086894,-0.0913395881652832,-0.10378902405500412,0.0009919162839651108,2.0,2.0,2.0,2.0,0.059794921427965164,0.07819335907697678,-0.055195312947034836,-0.08585937321186066,0.0,0.0803673043847084,0.12425407767295837,-0.08065760880708694,-0.12454573810100555,0.0,0.042841725051403046,-0.3438478112220764,-9.817682266235352,0.09452315419912338,-0.014256646856665611,0.05537291243672371,0.0,0.0,0.0,0.0,0.0,0.0,0.0,0.0,0.0,0.0,0.0,0.0,0.07246986031532288,0.1111520454287529,-0.07270839065313339,-0.11139142513275146,0.04114978387951851,0.04114978387951851,0.04114978387951851,0.04114978387951851,-0.0046094926074147224,0.10412220656871796,-0.21205873787403107,0.0,0.0,0.0,0.0,0.0,0.0,0.0
4506054890,0,-0.007615006063133478,-0.038561102002859116,-0.14520567655563354,6.569455581484362e-05,-0.04113857448101044,-0.14425118267536163,-0.031002309173345566,0.0019338417332619429,-0.007699092850089073,0.015361478552222252,-0.005154970567673445,0.0009544938802719116,-0.011405167169868946,-0.013372612185776234,-0.004222017712891102,0.0,0.0,-0.0047828578390181065,-0.001288646599277854,0.003760791616514325,-0.00041691891965456307,0.09065431356430054,0.10632213950157166,-0.0005814729956910014,0.5533813834190369,-0.16870461404323578,0.4049523174762726,0.09308825433254242,0.09864044934511185,0.004859194625169039,-0.00032328959787264466,-0.09129304438829422,-0.1038626879453659,0.0011617443524301052,2.0,2.0,2.0,2.0,0.06132812425494194,0.0827929675579071,-0.059794921427965164,-0.08892577886581421,0.0,0.06787829101085663,0.12782005965709686,-0.0682305246591568,-0.12817434966564178,0.0,0.042841725051403046,-0.3438478112220764,-9.817682266235352,0.09452315419912338,-0.014256646856665611,0.05537291243672371,0.0,0.0,0.0,0.0,0.0,0.0,0.0,0.0,0.0,0.0,0.0,0.0,0.07473492622375488,0.11580503731966019,-0.07498138397932053,-0.11605249345302582,0.04114978387951851,0.04114978387951851,0.04114978387951851,0.04114978387951851,-0.15329162776470184,0.2503252625465393,-0.46173545718193054,0.0,0.0,0.0,0.0,0.0,0.0,0.0
4516312629,0,-0.007928937673568726,-0.038355737924575806,-0.14526408910751343,6.569455581484362e-05,-0.04113857448101044,-0.14425118267536163,-0.03352556750178337,0.0003378181718289852,-0.006751376204192638,0.01598934456706047,-0.005565701052546501,0.0010129064321517944,-0.011356242932379246,-0.013194405473768711,-0.004269987810403109,0.0,0.0,-0.0047828578390181065,-0.006825776770710945,-0.0012531906832009554,-0.007147794123739004,0.09026668965816498,0.10490449517965317,-0.0005255180294625461,0.5533813834190369,-0.16870461404323578,0.4049523174762726,0.09308825433254242,0.09864044934511185,0.004859194625169039,-0.00032328959787264466,-0.09129304438829422,-0.1038626879453659,0.0011617443524301052,2.0,2.0,2.0,2.0,0.06439453363418579,0.08739257603883743,-0.059794921427965164,-0.09352538734674454,0.0,0.06787829101085663,0.12782005965709686,-0.0682305246591568,-0.12817434966564178,0.0,-0.2823457419872284,-0.40939778089523315,-9.693253517150879,0.1008782610297203,-0.011851990595459938,0.04685957729816437,0.0,0.0,0.0,0.0,0.0,0.0,0.0,0.0,0.0,0.0,0.0,0.0,0.07515981793403625,0.1201460212469101,-0.07542683929204941,-0.12041428685188293,0.04114978387951851,0.04114978387951851,0.04114978387951851,0.04114978387951851,-0.3128059208393097,-0.12366016209125519,-0.553095817565918,0.0,0.0,0.0,0.0,0.0,0.0,0.0
4529369659,0,-0.008064093999564648,-0.038285136222839355,-0.14528554677963257,6.569455581484362e-05,-0.04113857448101044,-0.14425118267536163,-0.03020620346069336,0.007482763845473528,-0.0073521132580935955,0.016259659081697464,-0.005706904921680689,0.001034364104270935,-0.011592945083975792,-0.013535654172301292,-0.0043535479344427586,0.0,0.0,-0.0047828578390181065,-0.006825776770710945,-0.0012531906832009554,-0.007147794123739004,0.09154972434043884,0.1084112897515297,-0.00016288681945297867,0.5548304319381714,-0.06518594920635223,0.2577276825904846,0.10210346430540085,0.11010581254959106,0.010925042442977428,-0.00034898953163065016,-0.09134335070848465,-0.10386727005243301,0.001075840089470148,2.0,2.0,2.0,2.0,0.06439453363418579,0.09199218451976776,-0.06132812425494194,-0.09659180045127869,0.0,0.08647581934928894,0.10963425040245056,-0.08685658872127533,-0.11001591384410858,0.0,-0.24848774075508118,0.6196720004081726,-9.963608741760254,0.09490898996591568,-0.02647165209054947,0.05159720033407211,0.0,0.0,0.0,0.0,0.0,0.0,0.0,0.0,0.0,0.0,0.0,0.0,0.07488308101892471,0.12285808473825455,-0.07517725974321365,-0.12315373867750168,0.04114978387951851,0.04114978387951851,0.04114978387951851,0.04114978387951851,-0.3128059208393097,-0.12366016209125519,-0.553095817565918,0.0,0.0,0.0,0.0,0.0,0.0,0.0
4536046589,0,-0.008064093999564648,-0.038285136222839355,-0.14528554677963257,6.569455581484362e-05,-0.04113857448101044,-0.14425118267536163,-0.03020620346069336,0.007482763845473528,-0.0073521132580935955,0.016259659081697464,-0.005706904921680689,0.001034364104270935,-0.011592945083975792,-0.013535654172301292,-0.0043535479344427586,0.0,0.0,-0.0047828578390181065,-0.0010692053474485874,0.0018634517909958959,-0.013453468680381775,0.09154972434043884,0.1084112897515297,-0.00016288681945297867,0.6182873249053955,-0.14032869040966034,0.25152620673179626,0.09112503379583359,0.10121705383062363,0.015253622084856033,-0.00036456031375564635,-0.09134335070848465,-0.10386727005243301,0.001075840089470148,2.0,2.0,2.0,2.0,0.06439453363418579,0.09659180045127869,-0.06439453363418579,-0.10119140893220901,0.0,0.08439397066831589,0.13431093096733093,-0.0847916528582573,-0.13471081852912903,0.0,-0.24848774075508118,0.6196720004081726,-9.963608741760254,0.09490898996591568,-0.02647165209054947,0.05159720033407211,0.0,0.0,0.0,0.0,0.0,0.0,0.0,0.0,0.0,0.0,0.0,0.0,0.07593218237161636,0.12372907996177673,-0.07625515013933182,-0.12405365705490112,0.04114978387951851,0.04114978387951851,0.04114978387951851,0.04114978387951851,0.0500129759311676,-0.009846844710409641,-0.3392845392227173,0.0,0.0,0.0,0.0,0.0,0.0,0.0
4546113729,0,-0.008390303701162338,-0.03820974379777908,-0.14533114433288574,6.569455581484362e-05,-0.04113857448101044,-0.14425118267536163,-0.034753210842609406,0.0017471237806603312,-0.006203904282301664,0.016912080347537994,-0.005857690703123808,0.0010799616575241089,-0.011386546306312084,-0.013281864114105701,-0.004679958336055279,0.0,0.0,-0.0047828578390181065,-0.0010692053474485874,0.0018634517909958959,-0.013453468680381775,0.09108803421258926,0.1076110452413559,4.634391189028975e-06,0.579292893409729,-0.08366664499044418,0.23988297581672668,0.0916571095585823,0.10584606230258942,0.013859412632882595,-0.0003729898016899824,-0.09134335070848465,-0.10386727005243301,0.001075840089470148,2.0,2.0,2.0,2.0,0.06592773646116257,0.10119140893220901,-0.06439453363418579,-0.10425781458616257,0.0,0.0875241830945015,0.11726163327693939,-0.08793116360902786,-0.11766985803842545,0.0,0.09647657722234726,0.265147864818573,-9.859950065612793,0.10532598197460175,-0.015212117694318295,0.04361508786678314,0.0,0.0,0.0,0.0,0.0,0.0,0.0,0.0,0.0,0.0,0.0,0.0,0.07825002074241638,0.12418520450592041,-0.07860057801008224,-0.12453743070363998,0.04114978387951851,0.04114978387951851,0.04114978387951851,0.04114978387951851,0.0500129759311676,-0.009846844710409641,-0.3392845392227173,0.0,0.0,0.0,0.0,0.0,0.0,0.0
4556884054,0,-0.008390303701162338,-0.03820974379777908,-0.14533114433288574,6.569455581484362e-05,-0.04113857448101044,-0.14425118267536163,-0.034753210842609406,0.0017471237806603312,-0.006203904282301664,0.016912080347537994,-0.005857690703123808,0.0010799616575241089,-0.011386546306312084,-0.013281864114105701,-0.004679958336055279,0.0,0.0,-0.0047828578390181065,0.006588007789105177,0.0032336909789592028,-0.011107878759503365,0.09108803421258926,0.1076110452413559,4.634391189028975e-06,0.579292893409729,-0.08366664499044418,0.23988297581672668,0.0916571095585823,0.10584606230258942,0.013859412632882595,-0.0003729898016899824,-0.09137174487113953,-0.10387083142995834,0.0006354943616315722,2.0,2.0,2.0,2.0,0.06746093928813934,0.10425781458616257,-0.06746093928813934,-0.1088574230670929,0.0,0.0875241830945015,0.11726163327693939,-0.08793116360902786,-0.11766985803842545,0.0,0.09647657722234726,0.265147864818573,-9.859950065612793,0.10532598197460175,-0.015212117694318295,0.04361508786678314,0.0,0.0,0.0,0.0,0.0,0.0,0.0,0.0,0.0,0.0,0.0,0.0,0.08095689117908478,0.12391845881938934,-0.08133100718259811,-0.1242942288517952,0.04114978387951851,0.04114978387951851,0.04114978387951851,0.04114978387951851,0.25311484932899475,0.07824549078941345,0.0322127565741539,0.0,0.0,0.0,0.0,0.0,0.0,0.0
4566304018,0,-0.008734921924769878,-0.03812772035598755,-0.14537875354290009,6.569455581484362e-05,-0.04113857448101044,-0.14425118267536163,-0.03788915276527405,0.0008171736262738705,-0.0068090916611254215,0.017601320520043373,-0.006021738518029451,0.0011275708675384521,-0.011095684953033924,-0.013251876458525658,-0.004884007852524519,0.0,0.0,-0.0047828578390181065,0.006588007789105177,0.0032336909789592028,-0.011107878759503365,0.08910256624221802,0.10809218883514404,0.00011075445218011737,0.621979832649231,-0.07508307695388794,0.2644950747489929,0.08014123141765594,0.10376687347888947,0.007177007384598255,-0.00036147344508208334,-0.09122249484062195,-0.10389263182878494,0.0001019698684103787,2.0,2.0,2.0,2.0,0.06899414211511612,0.10732422024011612,-0.06746093928813934,-0.11192382872104645,0.0,0.09663249552249908,0.12334049493074417,-0.0970272570848465,-0.1237364411354065,0.0,-0.02751554362475872,-0.2613428235054016,-9.692815780639648,0.1130872368812561,-0.013651467859745026,0.04809001460671425,0.0,0.0,0.0,0.0,0.0,0.0,0.0,0.0,0.0,0.0,0.0,0.0,0.0839201882481575,0.12283932417631149,-0.08431139588356018,-0.12323209643363953,0.04114978387951851,0.04114978387951851,0.04114978387951851,0.04114978387951851,0.25311484932899475,0.07824549078941345,0.0322127565741539,0.0,0.0,0.0,0.0,0.0,0.0,0.0
4576114388,0,-0.009079042822122574,-0.03808091953396797,-0.1454296112060547,6.569455581484362e-05,-0.04113857448101044,-0.14425118267536163,-0.04185539111495018,0.004160615615546703,-0.007824460044503212,0.018289566040039062,-0.006115340627729893,0.0011784285306930542,-0.011085819453001022,-0.013476812280714512,-0.004805983975529671,0.0,0.0,-0.0047828578390181065,0.006319234147667885,-0.0014580120332539082,-0.006191389635205269,0.08812800794839859,0.10713990032672882,0.0001173904602183029,0.5834338068962097,-0.14169256389141083,0.3283706307411194,0.08055111765861511,0.10973405092954636,0.002869566436856985,-0.000346854591043666,-0.09122249484062195,-0.10389263182878494,0.0001019698684103787,2.0,2.0,2.0,2.0,0.0705273449420929,0.1088574230670929,-0.0705273449420929,-0.11345703154802322,0.0,0.07798004895448685,0.12834899127483368,-0.0783582329750061,-0.1287291795015335,0.0,-0.02751554362475872,-0.2613428235054016,-9.692815780639648,0.12256036698818207,-0.020531341433525085,0.05552206188440323,0.0,0.0,0.0,0.0,0.0,0.0,0.0,0.0,0.0,0.0,0.0,0.0,0.08644269406795502,0.12235169112682343,-0.08684275299310684,-0.12275325506925583,0.04114978387951851,0.04114978387951851,0.04114978387951851,0.04114978387951851,0.125765860080719,-0.11361401528120041,0.22088734805583954,0.0,0.0,0.0,0.0,0.0,0.0,0.0
4586521610,0,-0.009079042822122574,-0.03808091953396797,-0.1454296112060547,6.569455581484362e-05,-0.04113857448101044,-0.14425118267536163,-0.04185539111495018,0.004160615615546703,-0.007824460044503212,0.018987072631716728,-0.00611670408397913,0.0012226700782775879,-0.011085819453001022,-0.013476812280714512,-0.004805983975529671,0.0,0.0,-0.0047828578390181065,-0.005194812547415495,-0.0006375059019774199,0.005086461082100868,0.08812800794839859,0.10713990032672882,0.0001173904602183029,0.5834338068962097,-0.14169256389141083,0.3283706307411194,0.08055111765861511,0.10973405092954636,0.002869566436856985,-0.000346854591043666,-0.0911119356751442,-0.10394566506147385,-5.8969599194824696e-05,2.0,2.0,2.0,2.0,0.07206054776906967,0.11192382872104645,-0.0705273449420929,-0.11652343720197678,0.0,0.07798004895448685,0.12834899127483368,-0.0783582329750061,-0.1287291795015335,0.0,-0.5929595828056335,0.12468254566192627,-9.82991886138916,0.12192213535308838,-0.0317937433719635,0.07104760408401489,0.0,0.0,0.0,0.0,0.0,0.0,0.0,0.0,0.0,0.0,0.0,0.0,0.08698217570781708,0.12298747897148132,-0.08738330751657486,-0.12339014559984207,0.04114978387951851,0.04114978387951851,0.04114978387951851,0.04114978387951851,-0.3870566785335541,-0.11280092597007751,0.45784837007522583,0.0,0.0,0.0,0.0,0.0,0.0,0.0
4599407272,0,-0.009427794255316257,-0.03808023780584335,-0.14547385275363922,6.569455581484362e-05,-0.04113857448101044,-0.14425118267536163,-0.04073053598403931,0.009746178053319454,-0.009852282702922821,0.018987072631716728,-0.00611670408397913,0.0012226700782775879,-0.011537246406078339,-0.013631097972393036,-0.004729896783828735,0.0,0.0,-0.0047828578390181065,-0.004605206195265055,0.00416947714984417,0.009321972727775574,0.09045331925153732,0.10686514526605606,-0.00020637376292143017,0.6480749845504761,-0.08804798126220703,0.3038598895072937,0.10078025609254837,0.11013337224721909,-0.008052854798734188,-0.0003173706936649978,-0.0910201445221901,-0.10396233946084976,-9.35847929213196e-05,2.0,2.0,2.0,2.0,0.07359375059604645,0.11192382872104645,-0.07359375059604645,-0.11652343720197678,0.0,0.09898883104324341,0.1303255259990692,-0.09933549910783768,-0.13067343831062317,0.0,-0.23551443219184875,0.7064482569694519,-9.976529121398926,0.12192213535308838,-0.0317937433719635,0.07104760408401489,0.0,0.0,0.0,0.0,0.0,0.0,0.0,0.0,0.0,0.0,0.0,0.0,0.08655554056167603,0.1243806853890419,-0.08695149421691895,-0.12477826327085495,0.04114978387951851,0.04114978387951851,0.04114978387951851,0.04114978387951851,-0.18945074081420898,0.14173410832881927,0.4339669942855835,0.0,0.0,0.0,0.0,0.0,0.0,0.0
4605941301,0,-0.009620658122003078,-0.038051266223192215,-0.14549940824508667,6.569455581484362e-05,-0.04113857448101044,-0.14425118267536163,-0.0436750203371048,0.0013962339144200087,-0.007857601158320904,0.01937280222773552,-0.006174647249281406,0.0012482255697250366,-0.011289305984973907,-0.013263457454741001,-0.004510190803557634,0.0,0.0,-0.0047828578390181065,-0.004605206195265055,0.00416947714984417,0.009321972727775574,0.09045331925153732,0.10686514526605606,-0.00020637376292143017,0.7067354917526245,-0.08340097963809967,0.30627313256263733,0.09733297675848007,0.10014800727367401,-0.011229784227907658,-0.00030956853879615664,-0.0910201445221901,-0.10396233946084976,-9.35847929213196e-05,2.0,2.0,2.0,2.0,0.07512695342302322,0.11345703154802322,-0.07512695342302322,-0.11805664002895355,0.0,0.11024598777294159,0.13996601104736328,-0.11058451235294342,-0.14030583202838898,0.0,-0.23551443219184875,0.7064482569694519,-9.976529121398926,0.12849736213684082,-0.015163814648985863,0.05568602308630943,0.0,0.0,0.0,0.0,0.0,0.0,0.0,0.0,0.0,0.0,0.0,0.0,0.08819013088941574,0.1265164017677307,-0.08857551962137222,-0.12690342962741852,0.04114978387951851,0.04114978387951851,0.04114978387951851,0.04114978387951851,-0.18945074081420898,0.14173410832881927,0.4339669942855835,0.0,0.0,0.0,0.0,0.0,0.0,0.0
4616219434,0,-0.009620658122003078,-0.038051266223192215,-0.14549940824508667,6.569455581484362e-05,-0.04113857448101044,-0.14425118267536163,-0.0436750203371048,0.0013962339144200087,-0.007857601158320904,0.01937280222773552,-0.006174647249281406,0.0012482255697250366,-0.011289305984973907,-0.013263457454741001,-0.004510190803557634,0.0,0.0,-0.0047828578390181065,-0.0039426242001354694,-0.004656175151467323,0.012239725328981876,0.09083326905965805,0.10573482513427734,-0.00027760505327023566,0.7067354917526245,-0.08340097963809967,0.30627313256263733,0.09733297675848007,0.10014800727367401,-0.011229784227907658,-0.00030956853879615664,-0.09105677157640457,-0.10395928472280502,4.1177001548931e-05,2.0,2.0,2.0,2.0,0.07512695342302322,0.11192382872104645,-0.07666015625,-0.11958984285593033,0.0,0.11024598777294159,0.13996601104736328,-0.11058451235294342,-0.14030583202838898,0.0,-0.12762509286403656,-0.11229824274778366,-9.703205108642578,0.12849736213684082,-0.015163814648985863,0.05568602308630943,0.0,0.0,0.0,0.0,0.0,0.0,0.0,0.0,0.0,0.0,0.0,0.0,0.09254463762044907,0.12960386276245117,-0.09291655570268631,-0.12997736036777496,0.04137303680181503,0.04114978387951851,0.04114978387951851,0.04114978387951851,-0.0438888855278492,-0.32512328028678894,0.3433532416820526,0.0,0.0,0.0,0.0,0.0,0.0,0.0
4626146910,0,-0.009992022998631,-0.03795454278588295,-0.14555279910564423,6.569455581484362e-05,-0.04113857448101044,-0.14425118267536163,-0.04754401370882988,0.0065295640379190445,-0.008054932579398155,0.020115535706281662,-0.006368095055222511,0.0013016164302825928,-0.011241631582379341,-0.013579383492469788,-0.004258695989847183,0.0,0.0,-0.0047828578390181065,-0.0039426242001354694,-0.004656175151467323,0.012239725328981876,0.08935476839542389,0.1079651266336441,-0.0005373787716962397,0.6568499207496643,-0.17295363545417786,0.2749243974685669,0.09346787631511688,0.11696312576532364,-0.012666275724768639,-0.0003106233780272305,-0.09110891073942184,-0.10402180254459381,0.00029273395193740726,2.0,2.0,2.0,2.0,0.07666015625,0.11345703154802322,-0.07819335907697678,-0.11958984285593033,0.0,0.08547680824995041,0.14705045521259308,-0.08581570535898209,-0.14739184081554413,0.0,-0.2784995138645172,0.7342098355293274,-10.012989044189453,0.1378874033689499,-0.025837494060397148,0.05718187242746353,0.0,0.0,0.0,0.0,0.0,0.0,0.0,0.0,0.0,0.0,0.0,0.0,0.09680997580289841,0.13336123526096344,-0.09716911613941193,-0.13372191786766052,0.042798545211553574,0.04114978387951851,0.04114978387951851,0.04114978387951851,-0.0438888855278492,-0.32512328028678894,0.3433532416820526,0.0,0.0,0.0,0.0,0.0,0.0,0.0
4635937996,0,-0.009992022998631,-0.03795454278588295,-0.14555279910564423,6.569455581484362e-05,-0.04113857448101044,-0.14425118267536163,-0.04754401370882988,0.0065295640379190445,-0.008054932579398155,0.020896153524518013,-0.006595152895897627,0.0013418048620224,-0.011241631582379341,-0.013579383492469788,-0.004258695989847183,0.0,0.0,-0.0047828578390181065,0.0034897972363978624,-0.002103851642459631,0.012331152334809303,0.08935476839542389,0.1079651266336441,-0.0005373787716962397,0.7139902710914612,-0.1378665566444397,0.29213351011276245,0.08383242785930634,0.11147136241197586,-0.010663606226444244,-0.0003270733286626637,-0.09110891073942184,-0.10402180254459381,0.00029273395193740726,2.0,2.0,2.0,2.0,0.07666015625,0.11345703154802322,-0.07819335907697678,-0.1211230456829071,0.0,0.10184346139431,0.15098364651203156,-0.10220082849264145,-0.15134328603744507,0.0,-0.2784995138645172,0.7342098355293274,-10.012989044189453,0.1373872309923172,-0.03836294636130333,0.07201147824525833,0.0,0.0,0.0,0.0,0.0,0.0,0.0,0.0,0.0,0.0,0.0,0.0,0.09871411323547363,0.13758981227874756,-0.09906406700611115,-0.1379414051771164,0.042798545211553574,0.04114978387951851,0.04114978387951851,0.04114978387951851,0.20556071400642395,-0.08032409101724625,0.12076111882925034,0.0,0.0,0.0,0.0,0.0,0.0,0.0
4645958651,0,-0.010382330045104027,-0.03784101456403732,-0.14559298753738403,6.569455581484362e-05,-0.04113857448101044,-0.14425118267536163,-0.046398013830184937,0.012531852349638939,-0.009967884980142117,0.020896153524518013,-0.006595152895897627,0.0013418048620224,-0.011236024089157581,-0.013786528259515762,-0.00431231502443552,0.0,0.0,-0.0047828578390181065,0.0034897972363978624,-0.002103851642459631,0.012331152334809303,0.0903494656085968,0.10631592571735382,-0.0005186836351640522,0.7139902710914612,-0.1378665566444397,0.29213351011276245,0.08383242785930634,0.11147136241197586,-0.010663606226444244,-0.0003270733286626637,-0.0908936932682991,-0.10420992970466614,0.0008572257356718183,2.0,2.0,2.0,2.0,0.07819335907697678,0.114990234375,-0.08125976473093033,-0.12265624850988388,0.0,0.10184346139431,0.15098364651203156,-0.10220082849264145,-0.15134328603744507,0.0,-0.4472075402736664,-0.4510495066642761,-9.699906349182129,0.1373872309923172,-0.03836294636130333,0.07201147824525833,0.0,0.0,0.0,0.0,0.0,0.0,0.0,0.0,0.0,0.0,0.0,0.0,0.0994730144739151,0.141959547996521,-0.09981895238161087,-0.1423073261976242,0.04114978387951851,0.04114978387951851,0.04114978387951851,0.04114978387951851,0.20556071400642395,-0.08032409101724625,0.12076111882925034,0.0,0.0,0.0,0.0,0.0,0.0,0.0
4655957342,0,-0.01078096218407154,-0.037788063287734985,-0.14563842117786407,6.569455581484362e-05,-0.04113857448101044,-0.14425118267536163,-0.04313424602150917,0.010512741282582283,-0.007921566255390644,0.02169342152774334,-0.0067010559141635895,0.0013872385025024414,-0.011409902013838291,-0.013655575923621655,-0.004119420889765024,0.0,0.0,-0.0047828578390181065,-9.638032497605309e-05,0.0027552626561373472,0.003941809758543968,0.0903494656085968,0.10631592571735382,-0.0005186836351640522,0.7728705406188965,-0.10085336863994598,0.2511649429798126,0.09209489077329636,0.10205812752246857,-0.0008662582840770483,-0.0003668645804282278,-0.0908936932682991,-0.10420992970466614,0.0008572257356718183,2.0,2.0,2.0,2.0,0.08125976473093033,0.11652343720197678,-0.0827929675579071,-0.12572266161441803,0.0,0.11887738108634949,0.15487302839756012,-0.11927899718284607,-0.15527662634849548,0.0,-0.4472075402736664,-0.4510495066642761,-9.699906349182129,0.13249526917934418,-0.034565411508083344,0.05709363520145416,0.0,0.0,0.0,0.0,0.0,0.0,0.0,0.0,0.0,0.0,0.0,0.0,0.10106947273015976,0.1459532380104065,-0.10141756385564804,-0.14630338549613953,0.04114978387951851,0.04114978387951851,0.04114978387951851,0.04114978387951851,-0.16490419209003448,0.15025341510772705,-0.2112247496843338,0.0,0.0,0.0,0.0,0.0,0.0,0.0
4666049198,0,-0.01078096218407154,-0.037788063287734985,-0.14563842117786407,6.569455581484362e-05,-0.04113857448101044,-0.14425118267536163,-0.04313424602150917,0.010512741282582283,-0.007921566255390644,0.02169342152774334,-0.0067010559141635895,0.0013872385025024414,-0.011409902013838291,-0.013655575923621655,-0.004119420889765024,0.0,0.0,-0.0047828578390181065,-9.638032497605309e-05,0.0027552626561373472,0.003941809758543968,0.08963759988546371,0.10738372057676315,-0.00048544217133894563,0.7728705406188965,-0.10085336863994598,0.2511649429798126,0.09209489077329636,0.10205812752246857,-0.0008662582840770483,-0.0003668645804282278,-0.09090066701173782,-0.10428061336278915,0.0008755237213335931,2.0,2.0,2.0,2.0,0.08432617038488388,0.11958984285593033,-0.08585937321186066,-0.12878906726837158,0.0,0.11887738108634949,0.15487302839756012,-0.11927899718284607,-0.15527662634849548,0.0,-0.4011683762073517,-0.3160955309867859,-9.654358863830566,0.13249526917934418,-0.034565411508083344,0.05709363520145416,0.0,0.0,0.0,0.0,0.0,0.0,0.0,0.0,0.0,0.0,0.0,0.0,0.1043548732995987,0.14938390254974365,-0.10471183806657791,-0.14974305033683777,0.04114978387951851,0.04114978387951851,0.04114978387951851,0.04114978387951851,-0.16490419209003448,0.15025341510772705,-0.2112247496843338,0.0,0.0,0.0,0.0,0.0,0.0,0.0
4676011367,0,-0.011171938851475716,-0.0377320796251297,-0.14568670094013214,6.569455581484362e-05,-0.04113857448101044,-0.14425118267536163,-0.043571922928094864,0.008558664470911026,-0.009173749014735222,0.022475378587841988,-0.006813023705035448,0.0014355182647705078,-0.01152481697499752,-0.01358197070658207,-0.004451157990843058,0.0,0.0,-0.0047828578390181065,-0.004371582064777613,-0.006502985022962093,-0.006344229448586702,0.08963759988546371,0.10738372057676315,-0.00048544217133894563,0.7994058132171631,-0.1456652581691742,0.32245978713035583,0.09856191277503967,0.10634634643793106,0.007251394912600517,-0.0004011804412584752,-0.09090066701173782,-0.10428061336278915,0.0008755237213335931,2.0,2.0,2.0,2.0,0.08585937321186066,0.12265624850988388,-0.08892577886581421,-0.1333886682987213,0.0,0.1156054139137268,0.16763246059417725,-0.11604441702365875,-0.16807477176189423,0.0,-0.4011683762073517,-0.3160955309867859,-9.654358863830566,0.13508674502372742,-0.030884426087141037,0.06730245798826218,0.0,0.0,0.0,0.0,0.0,0.0,0.0,0.0,0.0,0.0,0.0,0.0,0.10849954187870026,0.1526726484298706,-0.10887081176042557,-0.15304620563983917,0.04114978387951851,0.04114978387951851,0.04114978387951851,0.04114978387951851,-0.052006546407938004,-0.30528777837753296,-0.26955991983413696,0.0,0.0,0.0,0.0,0.0,0.0,0.0
4686215582,0,-0.011171938851475716,-0.0377320796251297,-0.14568670094013214,6.569455581484362e-05,-0.04113857448101044,-0.14425118267536163,-0.043571922928094864,0.008558664470911026,-0.009173749014735222,0.022475378587841988,-0.006813023705035448,0.0014355182647705078,-0.01152481697499752,-0.01358197070658207,-0.004451157990843058,0.0,0.0,-0.0047828578390181065,-0.004371582064777613,-0.006502985022962093,-0.006344229448586702,0.08963759988546371,0.10738372057676315,-0.00048544217133894563,0.7429770827293396,-0.16986434161663055,0.37016353011131287,0.09615956246852875,0.1207268089056015,0.007701480761170387,-0.00041326205246150494,-0.09090066701173782,-0.10428061336278915,0.0008755237213335931,2.0,2.0,2.0,2.0,0.08892577886581421,0.1272558569908142,-0.09045898169279099,-0.13645507395267487,0.0,0.10126134753227234,0.16185015439987183,-0.10171288996934891,-0.16230535507202148,0.0,-0.4011683762073517,-0.3160955309867859,-9.654358863830566,0.13508674502372742,-0.030884426087141037,0.06730245798826218,0.0,0.0,0.0,0.0,0.0,0.0,0.0,0.0,0.0,0.0,0.0,0.0,0.11133839190006256,0.15619522333145142,-0.11172805726528168,-0.15658734738826752,0.04114978387951851,0.04114978387951851,0.04114978387951851,0.04114978387951851,-0.052006546407938004,-0.30528777837753296,-0.26955991983413696,0.0,0.0,0.0,0.0,0.0,0.0,0.0
4696103796,0,-0.011545679531991482,-0.037631090730428696,-0.1457296460866928,6.569455581484362e-05,-0.04113857448101044,-0.14425118267536163,-0.04720540717244148,0.005602305289357901,-0.006475233938544989,0.02322286367416382,-0.007015002425760031,0.0014784634113311768,-0.011122922413051128,-0.013571797870099545,-0.004461308941245079,0.0,0.0,-0.0047828578390181065,0.0020685752388089895,-0.00018162740161642432,-0.007591436617076397,0.08841545879840851,0.10790111869573593,-0.0002952715731225908,0.7429770827293396,-0.16986434161663055,0.37016353011131287,0.09615956246852875,0.1207268089056015,0.007701480761170387,-0.00041326205246150494,-0.0909733772277832,-0.10446283221244812,0.0006389162736013532,2.0,2.0,2.0,2.0,0.09045898169279099,0.13185547292232513,-0.09352538734674454,-0.13952147960662842,0.0,0.10126134753227234,0.16185015439987183,-0.10171288996934891,-0.16230535507202148,0.0,-0.40459463000297546,-0.41507717967033386,-9.685369491577148,0.14387650787830353,-0.02529747225344181,0.04587991535663605,0.0,0.0,0.0,0.0,0.0,0.0,0.0,0.0,0.0,0.0,0.0,0.0,0.11153680086135864,0.15923792123794556,-0.11194634437561035,-0.15965019166469574,0.04114978387951851,0.04114978387951851,0.04114978387951851,0.04114978387951851,0.2670488655567169,0.13996538519859314,-0.196523979306221,0.0,0.0,0.0,0.0,0.0,0.0,0.0
4706128095,0,-0.01170714944601059,-0.03760034218430519,-0.14575064182281494,6.569455581484362e-05,-0.04113857448101044,-0.14425118267536163,-0.0429358035326004,0.012316236272454262,-0.008118280209600925,0.023545805364847183,-0.007076499983668327,0.001499459147453308,-0.011357967741787434,-0.013810710050165653,-0.004485770594328642,0.0,0.0,-0.0047828578390181065,0.001108689932152629,-0.0027807713486254215,-0.008400799706578255,0.09028420597314835,0.10980012267827988,-0.00026237493148073554,0.79132080078125,-0.13913609087467194,0.25233954191207886,0.0882343202829361,0.11329793930053711,0.007933849468827248,-0.00042005363502539694,-0.09093248099088669,-0.10451427847146988,0.0004999290686100721,2.0,2.0,2.0,2.0,0.09045898169279099,0.13185547292232513,-0.09505859017372131,-0.14258788526058197,0.0,0.11531820148229599,0.1650024801492691,-0.11577785015106201,-0.16546538472175598,0.0,0.17015968263149261,0.4271385073661804,-9.885141372680664,0.13615497946739197,-0.03893856331706047,0.059273507446050644,0.0,0.0,0.0,0.0,0.0,0.0,0.0,0.0,0.0,0.0,0.0,0.0,0.11038673669099808,0.16136179864406586,-0.1108141764998436,-0.16179224848747253,0.04114978387951851,0.04114978387951851,0.04114978387951851,0.04114978387951851,0.09411945939064026,-0.07170429080724716,-0.1409977227449417,0.0,0.0,0.0,0.0,0.0,0.0,0.0
4715921034,0,-0.01170714944601059,-0.03760034218430519,-0.14575064182281494,6.569455581484362e-05,-0.04113857448101044,-0.14425118267536163,-0.0429358035326004,0.012316236272454262,-0.008118280209600925,0.024297913536429405,-0.007175175938755274,0.0015463382005691528,-0.011357967741787434,-0.013810710050165653,-0.004485770594328642,0.0,0.0,-0.0047828578390181065,0.001108689932152629,-0.0027807713486254215,-0.008400799706578255,0.09028420597314835,0.10980012267827988,-0.00026237493148073554,0.79132080078125,-0.13913609087467194,0.25233954191207886,0.0882343202829361,0.11329793930053711,0.007933849468827248,-0.00042005363502539694,-0.09083914011716843,-0.10460804402828217,0.00016450005932711065,2.0,2.0,2.0,2.0,0.09659180045127869,0.1349218785762787,-0.09812500327825546,-0.14412109553813934,0.0,0.11531820148229599,0.1650024801492691,-0.11577785015106201,-0.16546538472175598,0.0,0.17015968263149261,0.4271385073661804,-9.885141372680664,0.14211241900920868,-0.030572274699807167,0.07470287382602692,0.0,0.0,0.0,0.0,0.0,0.0,0.0,0.0,0.0,0.0,0.0,0.0,0.11008262634277344,0.16293272376060486,-0.11052444577217102,-0.16337774693965912,0.04114978387951851,0.04114978387951851,0.04114978387951851,0.04114978387951851,0.09411945939064026,-0.07170429080724716,-0.1409977227449417,0.0,0.0,0.0,0.0,0.0,0.0,0.0
4726090031,0,-0.012083201669156551,-0.03755100443959236,-0.1457975208759308,6.569455581484362e-05,-0.04113857448101044,-0.14425118267536163,-0.0450875386595726,0.008022982627153397,-0.010119198821485043,0.024297913536429405,-0.007175175938755274,0.0015463382005691528,-0.011450912803411484,-0.013625822961330414,-0.004659459926187992,0.0,0.0,-0.0047828578390181065,0.0002545512397773564,3.443098103161901e-05,-0.004786543548107147,0.09102706611156464,0.10832720249891281,-5.445555871119723e-05,0.8201102018356323,-0.2258329689502716,0.40721145272254944,0.08929074555635452,0.1092410534620285,0.0028551446739584208,-0.0003970114921685308,-0.09084814786911011,-0.10466088354587555,5.13237901031971e-05,2.0,2.0,2.0,2.0,0.09659180045127869,0.13645507395267487,-0.09965820610523224,-0.14565429091453552,0.0,0.10503160208463669,0.1857488453388214,-0.10546558350324631,-0.1861879974603653,0.0,-0.026844650506973267,-0.005482672713696957,-9.867315292358398,0.14211241900920868,-0.030572274699807167,0.07470287382602692,0.0,0.0,0.0,0.0,0.0,0.0,0.0,0.0,0.0,0.0,0.0,0.0,0.11042463034391403,0.16504432260990143,-0.11087562143802643,-0.16549871861934662,0.04114978387951851,0.04114978387951851,0.04114978387951851,0.04114978387951851,0.0510128028690815,-0.00038852239958941936,0.10970976948738098,0.0,0.0,0.0,0.0,0.0,0.0,0.0
4736150332,0,-0.012083201669156551,-0.03755100443959236,-0.1457975208759308,6.569455581484362e-05,-0.04113857448101044,-0.14425118267536163,-0.0450875386595726,0.008022982627153397,-0.010119198821485043,0.025028055533766747,-0.007506005931645632,0.0016124248504638672,-0.011450912803411484,-0.013625822961330414,-0.004659459926187992,0.0,0.0,-0.0047828578390181065,0.0002545512397773564,3.443098103161901e-05,-0.004786543548107147,0.09073153883218765,0.10892792791128159,-0.0001571434549987316,0.8201102018356323,-0.2258329689502716,0.40721145272254944,0.08929074555635452,0.1092410534620285,0.0028551446739584208,-0.0003970114921685308,-0.09081710875034332,-0.1047133132815361,-2.8973794542253017e-05,2.0,2.0,2.0,2.0,0.09812500327825546,0.13952147960662842,-0.10119140893220901,-0.14872069656848907,0.0,0.10503160208463669,0.1857488453388214,-0.10546558350324631,-0.1861879974603653,0.0,-0.026844650506973267,-0.005482672713696957,-9.867315292358398,0.1533234566450119,-0.024185949936509132,0.05827302858233452,0.0,0.0,0.0,0.0,0.0,0.0,0.0,0.0,0.0,0.0,0.0,0.0,0.11007221788167953,0.1689463108778,-0.11052577197551727,-0.16940359771251678,0.04114978387951851,0.04114978387951851,0.04114978387951851,0.04114978387951851,0.0510128028690815,-0.00038852239958941936,0.10970976948738098,0.0,0.0,0.0,0.0,0.0,0.0,0.0
4745901574,0,-0.012624025344848633,-0.03730592876672745,-0.14589424431324005,6.569455581484362e-05,-0.04113857448101044,-0.14425118267536163,-0.047129519283771515,0.013391157612204552,-0.00961211696267128,0.025379566475749016,-0.007665329612791538,0.001643061637878418,-0.01138574630022049,-0.013897517696022987,-0.004414261784404516,0.0,0.0,-0.0047828578390181065,0.0002545512397773564,3.443098103161901e-05,-0.004786543548107147,0.08980412781238556,0.11098897457122803,-0.000264022673945874,0.8201102018356323,-0.2258329689502716,0.40721145272254944,0.08929074555635452,0.1092410534620285,0.0028551446739584208,-0.0003970114921685308,-0.09081710875034332,-0.1047133132815361,-2.8973794542253017e-05,2.0,2.0,2.0,2.0,0.09965820610523224,0.14258788526058197,-0.10119140893220901,-0.15178710222244263,0.0,0.10503160208463669,0.1857488453388214,-0.10546558350324631,-0.1861879974603653,0.0,0.06600049138069153,0.5807514786720276,-9.865028381347656,0.14859701693058014,-0.042330123484134674,0.07014447450637817,0.0,0.0,0.0,0.0,0.0,0.0,0.0,0.0,0.0,0.0,0.0,0.0,0.10896877944469452,0.17396588623523712,-0.10941997170448303,-0.17442123591899872,0.04114978387951851,0.04114978387951851,0.04114978387951851,0.04114978387951851,0.0510128028690815,-0.00038852239958941936,0.10970976948738098,0.0,0.0,0.0,0.0,0.0,0.0,0.0
4756706309,0,-0.012624025344848633,-0.03730592876672745,-0.14589424431324005,6.569455581484362e-05,-0.04113857448101044,-0.14425118267536163,-0.047129519283771515,0.013391157612204552,-0.00961211696267128,0.025379566475749016,-0.007665329612791538,0.001643061637878418,-0.01138574630022049,-0.013897517696022987,-0.004414261784404516,0.0,0.0,-0.0047828578390181065,0.0011774185113608837,-0.00022058072499930859,0.004786540288478136,0.08980412781238556,0.11098897457122803,-0.000264022673945874,0.817283570766449,-0.232815682888031,0.38579460978507996,0.08814078569412231,0.11131653934717178,-0.0069875516928732395,-0.00037615260225720704,-0.09079395979642868,-0.10476446151733398,-1.3887154636904597e-05,2.0,2.0,2.0,2.0,0.09812500327825546,0.14565429091453552,-0.10272461175918579,-0.15485352277755737,0.0,0.10329947620630264,0.18650799989700317,-0.10371056199073792,-0.18692411482334137,0.0,0.06600049138069153,0.5807514786720276,-9.865028381347656,0.14859701693058014,-0.042330123484134674,0.07014447450637817,0.0,0.0,0.0,0.0,0.0,0.0,0.0,0.0,0.0,0.0,0.0,0.0,0.10761966556310654,0.1786438673734665,-0.10806547850370407,-0.17909421026706696,0.04114978387951851,0.04114978387951851,0.04114978387951851,0.04114978387951851,0.04859296232461929,-0.010698207654058933,0.35757824778556824,0.0,0.0,0.0,0.0,0.0,0.0,0.0
4766019639,0,-0.012624025344848633,-0.03730592876672745,-0.14589424431324005,6.569455581484362e-05,-0.04113857448101044,-0.14425118267536163,-0.047129519283771515,0.013391157612204552,-0.00961211696267128,0.025379566475749016,-0.007665329612791538,0.001643061637878418,-0.01138574630022049,-0.013897517696022987,-0.004414261784404516,0.0,0.0,-0.0047828578390181065,-0.0006580903427675366,0.0065415482968091965,0.008238040842115879,0.08980412781238556,0.11098897457122803,-0.000264022673945874,0.8958733677864075,-0.12943457067012787,0.4143342077732086,0.09328046441078186,0.0987706258893013,-0.009601824916899204,-0.0003710729943122715,-0.09074655175209045,-0.104801245033741,0.00024223115178756416,2.0,2.0,2.0,2.0,0.09812500327825546,0.15025390684604645,-0.10119140893220901,-0.1594531238079071,0.0,0.135702982544899,0.1820528656244278,-0.1361100822687149,-0.18246299028396606,0.0,0.06600049138069153,0.5807514786720276,-9.865028381347656,0.14859701693058014,-0.042330123484134674,0.07014447450637817,0.0,0.0,0.0,0.0,0.0,0.0,0.0,0.0,0.0,0.0,0.0,0.0,0.10773369669914246,0.18215514719486237,-0.10817134380340576,-0.18259753286838531,0.04114978387951851,0.04114978387951851,0.04114978387951851,0.04114978387951851,-0.10280964523553848,0.27431729435920715,0.3469218611717224,0.0,0.0,0.0,0.0,0.0,0.0,0.0
4776041801,0,-0.013010875321924686,-0.03714924305677414,-0.14595778286457062,6.569455581484362e-05,-0.04113857448101044,-0.14425118267536163,-0.04796939343214035,0.007636298891156912,-0.010995537042617798,0.02615327015519142,-0.007978702895343304,0.0017066001892089844,-0.011523122899234295,-0.013590899296104908,-0.004343261010944843,0.0,0.0,-0.0047828578390181065,-0.004818730056285858,0.0004428088723216206,0.009457211010158062,0.09192173182964325,0.11006007343530655,-0.0005699637113139033,0.8958733677864075,-0.12943457067012787,0.4143342077732086,0.09328046441078186,0.0987706258893013,-0.009601824916899204,-0.0003710729943122715,-0.09074655175209045,-0.104801245033741,0.00024223115178756416,2.0,2.0,2.0,2.0,0.09965820610523224,0.1533203125,-0.10272461175918579,-0.16098633408546448,0.0,0.135702982544899,0.1820528656244278,-0.1361100822687149,-0.18246299028396606,0.0,0.051892925053834915,0.6133853197097778,-9.937371253967285,0.1519450545310974,-0.031504444777965546,0.08127813786268234,0.0,0.0,0.0,0.0,0.0,0.0,0.0,0.0,0.0,0.0,0.0,0.0,0.11145604401826859,0.18406866490840912,-0.1118842288851738,-0.1845014989376068,0.04114978387951851,0.04114978387951851,0.04114978387951851,0.04114978387951851,-0.21367692947387695,-0.12220516055822372,0.2261817753314972,0.0,0.0,0.0,0.0,0.0,0.0,0.0
4786064029,0,-0.013373522087931633,-0.037044234573841095,-0.14602352678775787,6.569455581484362e-05,-0.04113857448101044,-0.14425118267536163,-0.051897525787353516,0.002252842066809535,-0.008538922294974327,0.026878567412495613,-0.008188720792531967,0.0017723441123962402,-0.011356786824762821,-0.013667179271578789,-0.004188035149127245,0.0,0.0,-0.0047828578390181065,-0.0023082417901605368,0.0024928480852395296,0.008941352367401123,0.09026852995157242,0.10866443812847137,-0.0006206298130564392,0.8781929016113281,-0.1935853660106659,0.37225866317749023,0.09266911447048187,0.10590655356645584,-0.00799048226326704,-0.0003787425230257213,-0.0907880961894989,-0.1048494502902031,0.0004090163274668157,2.0,2.0,2.0,2.0,0.09965820610523224,0.15791992843151093,-0.10119140893220901,-0.16251952946186066,0.0,0.12111268192529678,0.19040802121162415,-0.12152745574712753,-0.19082732498645782,0.0,-0.5682512521743774,-0.28508102893829346,-9.749110221862793,0.16128072142601013,-0.02110735885798931,0.06245766952633858,0.0,0.0,0.0,0.0,0.0,0.0,0.0,0.0,0.0,0.0,0.0,0.0,0.11708787828683853,0.1850232034921646,-0.11750787496566772,-0.1854476034641266,0.04114978387951851,0.04114978387951851,0.04114978387951851,0.04114978387951851,-0.009233950637280941,0.026504186913371086,0.11977386474609375,0.0,0.0,0.0,0.0,0.0,0.0,0.0
4796145629,0,-0.013373522087931633,-0.037044234573841095,-0.14602352678775787,6.569455581484362e-05,-0.04113857448101044,-0.14425118267536163,-0.051897525787353516,0.002252842066809535,-0.008538922294974327,0.027582941576838493,-0.008355644531548023,0.0018239021301269531,-0.011356786824762821,-0.013667179271578789,-0.004188035149127245,0.0,0.0,-0.0047828578390181065,-0.0023082417901605368,0.0024928480852395296,0.008941352367401123,0.09026852995157242,0.10866443812847137,-0.0006206298130564392,0.8781929016113281,-0.1935853660106659,0.37225866317749023,0.09266911447048187,0.10590655356645584,-0.00799048226326704,-0.0003787425230257213,-0.0907880961894989,-0.1048494502902031,0.0004090163274668157,2.0,2.0,2.0,2.0,0.10119140893220901,0.1594531238079071,-0.10272461175918579,-0.1655859351158142,0.0,0.12111268192529678,0.19040802121162415,-0.12152745574712753,-0.19082732498645782,0.0,-0.5682512521743774,-0.28508102893829346,-9.749110221862793,0.17053104937076569,-0.02366478182375431,0.06381164491176605,0.0,0.0,0.0,0.0,0.0,0.0,0.0,0.0,0.0,0.0,0.0,0.0,0.12127344310283661,0.18610087037086487,-0.12168809771537781,-0.18651972711086273,0.04114978387951851,0.04114978387951851,0.04114978387951851,0.04114978387951851,-0.009233950637280941,0.026504186913371086,0.11977386474609375,0.0,0.0,0.0,0.0,0.0,0.0,0.0
4806387298,0,-0.013725707307457924,-0.036960773169994354,-0.1460750848054886,6.569455581484362e-05,-0.04113857448101044,-0.14425118267536163,-0.055736951529979706,0.0033721718937158585,-0.00870620459318161,0.027582941576838493,-0.008355644531548023,0.0018239021301269531,-0.011156868189573288,-0.013786492869257927,-0.004224070347845554,0.0,0.0,-0.0047828578390181065,0.005955152679234743,0.00033876230008900166,0.0007722569862380624,0.08867984265089035,0.1096121221780777,-0.0005782324587926269,0.8732439279556274,-0.20685186982154846,0.3963027000427246,0.08243230730295181,0.11075733602046967,0.0014909228775650263,-0.00041661132127046585,-0.09078522026538849,-0.10499847680330276,0.0006554584251716733,2.0,2.0,2.0,2.0,0.10272461175918579,0.16405273973941803,-0.10272461175918579,-0.17018555104732513,0.0,0.11784878373146057,0.19188469648361206,-0.11830481886863708,-0.19234605133533478,0.0,-0.3705417513847351,0.5125097036361694,-9.822741508483887,0.17053104937076569,-0.02366478182375431,0.06381164491176605,0.0,0.0,0.0,0.0,0.0,0.0,0.0,0.0,0.0,0.0,0.0,0.0,0.12315172702074051,0.18749378621578217,-0.1235656663775444,-0.18791194260120392,0.04114978387951851,0.04114978387951851,0.04114978387951851,0.04114978387951851,0.14314982295036316,-0.007746037561446428,-0.21040673553943634,0.0,0.0,0.0,0.0,0.0,0.0,0.0
4815890786,0,-0.014088704250752926,-0.036904118955135345,-0.1461264044046402,6.569455581484362e-05,-0.04113857448101044,-0.14425118267536163,-0.05438859015703201,0.008714435622096062,-0.00982604268938303,0.028308939188718796,-0.008468953892588615,0.0018752217292785645,-0.011190648190677166,-0.013962434604763985,-0.004424475133419037,0.0,0.0,-0.0047828578390181065,0.005955152679234743,0.00033876230008900166,0.0007722569862380624,0.08895256370306015,0.11100730299949646,-0.000336294062435627,0.8732439279556274,-0.20685186982154846,0.3963027000427246,0.08243230730295181,0.11075733602046967,0.0014909228775650263,-0.00041661132127046585,-0.09055935591459274,-0.1051228940486908,0.0006944217020645738,2.0,2.0,2.0,2.0,0.10272461175918579,0.16711914539337158,-0.10425781458616257,-0.1717187464237213,0.0,0.11784878373146057,0.19188469648361206,-0.11830481886863708,-0.19234605133533478,0.0,-0.3705417513847351,0.5125097036361694,-9.822741508483887,0.16951970756053925,-0.034605808556079865,0.07277591526508331,0.0,0.0,0.0,0.0,0.0,0.0,0.0,0.0,0.0,0.0,0.0,0.0,0.12324751168489456,0.18892095983028412,-0.12366697937250137,-0.18934480845928192,0.04114978387951851,0.04114978387951851,0.04114978387951851,0.04114978387951851,0.14314982295036316,-0.007746037561446428,-0.21040673553943634,0.0,0.0,0.0,0.0,0.0,0.0,0.0
4826428870,0,-0.014088704250752926,-0.036904118955135345,-0.1461264044046402,6.569455581484362e-05,-0.04113857448101044,-0.14425118267536163,-0.05438859015703201,0.008714435622096062,-0.00982604268938303,0.028308939188718796,-0.008468953892588615,0.0018752217292785645,-0.011190648190677166,-0.013962434604763985,-0.004424475133419037,0.0,0.0,-0.0047828578390181065,0.005511488299816847,0.0037090741097927094,-0.0049219741486012936,0.08895256370306015,0.11100730299949646,-0.000336294062435627,0.9323583841323853,-0.19033195078372955,0.4002675414085388,0.08294646441936493,0.10316763073205948,0.007452607620507479,-0.000428484461735934,-0.09055935591459274,-0.1051228940486908,0.0006944217020645738,2.0,2.0,2.0,2.0,0.10579101741313934,0.17018555104732513,-0.10732422024011612,-0.17478515207767487,0.0,0.13131721317768097,0.19955439865589142,-0.1317869871854782,-0.20002958178520203,0.0,-0.40261101722717285,0.2996046245098114,-9.937249183654785,0.16951970756053925,-0.034605808556079865,0.07277591526508331,0.0,0.0,0.0,0.0,0.0,0.0,0.0,0.0,0.0,0.0,0.0,0.0,0.1229197233915329,0.19052356481552124,-0.12334930896759033,-0.19095778465270996,0.04114978387951851,0.04114978387951851,0.04114978387951851,0.04114978387951851,0.057472240179777145,0.19376371800899506,-0.36664047837257385,0.0,0.0,0.0,0.0,0.0,0.0,0.0
4836134828,0,-0.014291028492152691,-0.03692305088043213,-0.14615701138973236,6.569455581484362e-05,-0.04113857448101044,-0.14425118267536163,-0.053233951330184937,0.0005437373765744269,-0.010053450241684914,0.028713589534163475,-0.008431089110672474,0.0019058287143707275,-0.011246953159570694,-0.013650145381689072,-0.004421093035489321,0.0,0.0,-0.0047828578390181065,-0.0026440105866640806,0.0016750282375141978,-0.006517303641885519,0.09082547575235367,0.10973614454269409,-0.0003186817339155823,0.9241183996200562,-0.10016950964927673,0.4163106679916382,0.09703140705823898,0.10853882133960724,0.007717552594840527,-0.00043547319364733994,-0.09047318249940872,-0.10513781756162643,0.000599904335103929,2.0,2.0,2.0,2.0,0.10732422024011612,0.1717187464237213,-0.1088574230670929,-0.17631836235523224,0.0,0.1459357589483261,0.18183393776416779,-0.14641420543193817,-0.18231524527072906,0.0,-0.27385231852531433,-0.5687171220779419,-9.771533012390137,0.1680215299129486,-0.018212638795375824,0.07569284737110138,0.0,0.0,0.0,0.0,0.0,0.0,0.0,0.0,0.0,0.0,0.0,0.0,0.12436112016439438,0.1918068826198578,-0.12480287253856659,-0.19225339591503143,0.04114978387951851,0.04114978387951851,0.04114978387951851,0.04114978387951851,-0.35619229078292847,-0.047769978642463684,-0.2633112967014313,0.0,0.0,0.0,0.0,0.0,0.0,0.0
4846285851,0,-0.014291028492152691,-0.03692305088043213,-0.14615701138973236,6.569455581484362e-05,-0.04113857448101044,-0.14425118267536163,-0.053233951330184937,0.0005437373765744269,-0.010053450241684914,0.029329122975468636,-0.008543161675333977,0.0019897818565368652,-0.011246953159570694,-0.013650145381689072,-0.004421093035489321,0.0,0.0,-0.0047828578390181065,-0.0026440105866640806,0.0016750282375141978,-0.006517303641885519,0.09082547575235367,0.10973614454269409,-0.0003186817339155823,0.9241183996200562,-0.10016950964927673,0.4163106679916382,0.09703140705823898,0.10853882133960724,0.007717552594840527,-0.00043547319364733994,-0.09047318249940872,-0.10513781756162643,0.000599904335103929,2.0,2.0,2.0,2.0,0.11039062589406967,0.17478515207767487,-0.11192382872104645,-0.17785155773162842,0.0,0.1459357589483261,0.18183393776416779,-0.14641420543193817,-0.18231524527072906,0.0,-0.22608982026576996,-0.36992156505584717,-9.661184310913086,0.17574691772460938,-0.024158092215657234,0.07615447044372559,0.0,0.0,0.0,0.0,0.0,0.0,0.0,0.0,0.0,0.0,0.0,0.0,0.12837675213813782,0.1914152204990387,-0.12883085012435913,-0.19187389314174652,0.04114978387951851,0.04114978387951851,0.04114978387951851,0.04114978387951851,-0.35619229078292847,-0.047769978642463684,-0.2633112967014313,0.0,0.0,0.0,0.0,0.0,0.0,0.0
4856230738,0,-0.014598793350160122,-0.036867015063762665,-0.1462409645318985,6.569455581484362e-05,-0.04113857448101044,-0.14425118267536163,-0.056386496871709824,0.0034149102866649628,-0.010294010862708092,0.029329122975468636,-0.008543161675333977,0.0019897818565368652,-0.011257614940404892,-0.013758368790149689,-0.0045500146225094795,0.0,0.0,-0.0047828578390181065,0.007271983660757542,0.0007098565110936761,-0.013411587104201317,0.08905595541000366,0.10916482657194138,-0.00014685181668028235,0.9666080474853516,-0.13286951184272766,0.4188495874404907,0.0860259160399437,0.10743944346904755,0.013223743066191673,-0.0004358580044936389,-0.09048469364643097,-0.10523199290037155,0.0003528535598888993,2.0,2.0,2.0,2.0,0.11192382872104645,0.17478515207767487,-0.11192382872104645,-0.1793847680091858,0.0,0.1476849913597107,0.1953655630350113,-0.14816395938396454,-0.1958485096693039,0.0,-0.22608982026576996,-0.36992156505584717,-9.661184310913086,0.17574691772460938,-0.024158092215657234,0.07615447044372559,0.0,0.0,0.0,0.0,0.0,0.0,0.0,0.0,0.0,0.0,0.0,0.0,0.13367249071598053,0.19007883965969086,-0.13413718342781067,-0.19054770469665527,0.04114978387951851,0.04114978387951851,0.04114978387951851,0.04114978387951851,0.3028446435928345,-0.02253466658294201,-0.2017776519060135,0.0,0.0,0.0,0.0,0.0,0.0,0.0
4866026403,0,-0.015096509829163551,-0.0367996022105217,-0.1463492065668106,6.569455581484362e-05,-0.04113857448101044,-0.14425118267536163,-0.05408518761396408,0.0024780596140772104,-0.00848427601158619,0.030324561521410942,-0.008677988313138485,0.0020980238914489746,-0.011116547510027885,-0.013730505481362343,-0.004512924700975418,0.0,0.0,-0.0047828578390181065,0.007271983660757542,0.0007098565110936761,-0.013411587104201317,0.08836573362350464,0.10916192829608917,-0.00023232631792780012,0.9002431035041809,-0.2464383840560913,0.4655299484729767,0.07756821066141129,0.11097385734319687,0.01249679084867239,-0.0004273167287465185,-0.09048469364643097,-0.10523199290037155,0.0003528535598888993,2.0,2.0,2.0,2.0,0.114990234375,0.17631836235523224,-0.11345703154802322,-0.18091796338558197,0.0,0.11560249328613281,0.20388390123844147,-0.11607014387845993,-0.20435823500156403,0.0,-0.22608982026576996,-0.36992156505584717,-9.661184310913086,0.17330710589885712,-0.022578159347176552,0.0632551982998848,0.0,0.0,0.0,0.0,0.0,0.0,0.0,0.0,0.0,0.0,0.0,0.0,0.1373019516468048,0.19016586244106293,-0.13777396082878113,-0.1906418651342392,0.04114978387951851,0.04114978387951851,0.04114978387951851,0.04114978387951851,0.3028446435928345,-0.02253466658294201,-0.2017776519060135,0.0,0.0,0.0,0.0,0.0,0.0,0.0
4876659825,0,-0.015238579362630844,-0.03676266223192215,-0.14638009667396545,6.569455581484362e-05,-0.04113857448101044,-0.14425118267536163,-0.05420239642262459,0.013086657971143723,-0.011306374333798885,0.030608700588345528,-0.008751868270337582,0.002128913998603821,-0.011492613703012466,-0.014138163067400455,-0.004488709382712841,0.0,0.0,-0.0047828578390181065,0.007271983660757542,0.0007098565110936761,-0.013411587104201317,0.09135424345731735,0.11240332573652267,-0.0002554740640334785,0.9002431035041809,-0.2464383840560913,0.4655299484729767,0.07756821066141129,0.11097385734319687,0.01249679084867239,-0.0004273167287465185,-0.09026985615491867,-0.10534240305423737,-0.00023497716756537557,2.0,2.0,2.0,2.0,0.11652343720197678,0.17785155773162842,-0.114990234375,-0.18245117366313934,0.0,0.11560249328613281,0.20388390123844147,-0.11607014387845993,-0.20435823500156403,0.0,-0.7116700410842896,-0.5436815023422241,-9.690570831298828,0.17437036335468292,-0.0440332405269146,0.08493850380182266,0.0,0.0,0.0,0.0,0.0,0.0,0.0,0.0,0.0,0.0,0.0,0.0,0.13656285405158997,0.19234706461429596,-0.13703817129135132,-0.19282667338848114,0.04114978387951851,0.04114978387951851,0.04114978387951851,0.04114978387951851,0.3028446435928345,-0.02253466658294201,-0.2017776519060135,0.0,0.0,0.0,0.0,0.0,0.0,0.0
4886438691,0,-0.015238579362630844,-0.03676266223192215,-0.14638009667396545,6.569455581484362e-05,-0.04113857448101044,-0.14425118267536163,-0.05420239642262459,0.013086657971143723,-0.011306374333798885,0.030608700588345528,-0.008751868270337582,0.002128913998603821,-0.011492613703012466,-0.014138163067400455,-0.004488709382712841,0.0,0.0,-0.0047828578390181065,-0.0008567174663767219,-0.0010293780360370874,-0.0035953065380454063,0.09135424345731735,0.11240332573652267,-0.0002554740640334785,0.9531890749931335,-0.12417987734079361,0.3479035794734955,0.0949682667851448,0.11564958095550537,-0.0002715727605391294,-0.00039386822027154267,-0.09018173068761826,-0.10534710437059402,-0.0003790288174059242,2.0,2.0,2.0,2.0,0.11958984285593033,0.17785155773162842,-0.11805664002895355,-0.18398436903953552,0.0,0.14686287939548492,0.1914062798023224,-0.14729559421539307,-0.19184234738349915,0.0,0.1697143018245697,0.30592209100723267,-9.780011177062988,0.17437036335468292,-0.0440332405269146,0.08493850380182266,0.0,0.0,0.0,0.0,0.0,0.0,0.0,0.0,0.0,0.0,0.0,0.0,0.13377369940280914,0.19497305154800415,-0.13424761593341827,-0.19545167684555054,0.04114978387951851,0.04114978387951851,0.04114978387951851,0.04114978387951851,-0.27573060989379883,-0.22168758511543274,0.31703153252601624,0.0,0.0,0.0,0.0,0.0,0.0,0.0
4896065565,0,-0.015238579362630844,-0.03676266223192215,-0.14638009667396545,6.569455581484362e-05,-0.04113857448101044,-0.14425118267536163,-0.05420239642262459,0.013086657971143723,-0.011306374333798885,0.030608700588345528,-0.008751868270337582,0.002128913998603821,-0.011492613703012466,-0.014138163067400455,-0.004488709382712841,0.0,0.0,-0.0047828578390181065,-0.0008567174663767219,-0.0010293780360370874,-0.0035953065380454063,0.09135424345731735,0.11240332573652267,-0.0002554740640334785,0.9531890749931335,-0.12417987734079361,0.3479035794734955,0.0949682667851448,0.11564958095550537,-0.0002715727605391294,-0.00039386822027154267,-0.0902271643280983,-0.1055137887597084,-0.0003561033809091896,2.0,2.0,2.0,2.0,0.12418945133686066,0.18091796338558197,-0.1211230456829071,-0.18398436903953552,0.0,0.14686287939548492,0.1914062798023224,-0.14729559421539307,-0.19184234738349915,0.0,0.1697143018245697,0.30592209100723267,-9.780011177062988,0.17437036335468292,-0.0440332405269146,0.08493850380182266,0.0,0.0,0.0,0.0,0.0,0.0,0.0,0.0,0.0,0.0,0.0,0.0,0.1333751678466797,0.1961820125579834,-0.13384239375591278,-0.1966540664434433,0.041642945259809494,0.04114978387951851,0.04114978387951851,0.04114978387951851,-0.27573060989379883,-0.22168758511543274,0.31703153252601624,0.0,0.0,0.0,0.0,0.0,0.0,0.0
4906184960,0,-0.015589173883199692,-0.0367516428232193,-0.14643588662147522,6.569455581484362e-05,-0.04113857448101044,-0.14425118267536163,-0.05290617793798447,0.012572431936860085,-0.010965395718812943,0.03130989149212837,-0.008773907087743282,0.0021847039461135864,-0.011521697975695133,-0.014164498075842857,-0.004256036132574081,0.0,0.0,-0.0047828578390181065,0.0036881514824926853,-0.002514044288545847,0.009792594239115715,0.09158019721508026,0.11261698603630066,-0.0005342413205653429,0.9532415866851807,-0.2371411919593811,0.4553121328353882,0.1028432548046112,0.12370713800191879,-0.010744302533566952,-0.00036349528818391263,-0.0902271643280983,-0.1055137887597084,-0.0003561033809091896,2.0,2.0,2.0,2.0,0.12418945133686066,0.1793847680091858,-0.12265624850988388,-0.18398436903953552,0.0,0.1267312616109848,0.21181471645832062,-0.12712959945201874,-0.21221882104873657,0.0,0.19390881061553955,0.5373731255531311,-9.818526268005371,0.17331665754318237,-0.043116580694913864,0.0827840268611908,0.0,0.0,0.0,0.0,0.0,0.0,0.0,0.0,0.0,0.0,0.0,0.0,0.13473930954933167,0.19683681428432465,-0.1351952999830246,-0.19729754328727722,0.041642945259809494,0.04114978387951851,0.04114978387951851,0.04114978387951851,0.3659173250198364,0.017779726535081863,0.33157435059547424,0.0,0.0,0.0,0.0,0.0,0.0,0.0
4916069162,0,-0.015589173883199692,-0.0367516428232193,-0.14643588662147522,6.569455581484362e-05,-0.04113857448101044,-0.14425118267536163,-0.05290617793798447,0.012572431936860085,-0.010965395718812943,0.03130989149212837,-0.008773907087743282,0.0021847039461135864,-0.011521697975695133,-0.014164498075842857,-0.004256036132574081,0.0,0.0,-0.0047828578390181065,0.0036881514824926853,-0.002514044288545847,0.009792594239115715,0.08835727721452713,0.11285687237977982,-0.0007661586860194802,1.0281658172607422,-0.21102270483970642,0.4351200461387634,0.08119869232177734,0.11396989226341248,-0.010723179206252098,-0.000357162207365036,-0.0902060717344284,-0.10578709095716476,-2.2579013602808118e-05,2.0,2.0,2.0,2.0,0.1272558569908142,0.18091796338558197,-0.12418945133686066,-0.1855175793170929,0.0,0.14476285874843597,0.22065165638923645,-0.1451551914215088,-0.22104957699775696,0.0,0.19390881061553955,0.5373731255531311,-9.818526268005371,0.17331665754318237,-0.043116580694913864,0.0827840268611908,0.0,0.0,0.0,0.0,0.0,0.0,0.0,0.0,0.0,0.0,0.0,0.0,0.1356930434703827,0.19938886165618896,-0.13613417744636536,-0.19983474910259247,0.04114978387951851,0.04114978387951851,0.04114978387951851,0.04114978387951851,0.3659173250198364,0.017779726535081863,0.33157435059547424,0.0,0.0,0.0,0.0,0.0,0.0,0.0
4925955865,0,-0.01592121832072735,-0.036681123077869415,-0.14649862051010132,6.569455581484362e-05,-0.04113857448101044,-0.14425118267536163,-0.05492432415485382,0.005566392559558153,-0.009118622168898582,0.031973984092473984,-0.008914947509765625,0.002247437834739685,-0.01118700485676527,-0.013981452211737633,-0.004104346502572298,0.0,0.0,-0.0047828578390181065,0.006511688698083162,-0.002409101463854313,0.010427216067910194,0.08783280849456787,0.1125171110033989,-0.000757979170884937,1.0281658172607422,-0.21102270483970642,0.4351200461387634,0.08119869232177734,0.11396989226341248,-0.010723179206252098,-0.000357162207365036,-0.0902060717344284,-0.10578709095716476,-2.2579013602808118e-05,2.0,2.0,2.0,2.0,0.1272558569908142,0.18091796338558197,-0.12418945133686066,-0.18705077469348907,0.0,0.14476285874843597,0.22065165638923645,-0.1451551914215088,-0.22104957699775696,0.0,-0.06688156723976135,-0.3423541486263275,-9.656749725341797,0.17872408032417297,-0.029372483491897583,0.0694451779127121,0.0,0.0,0.0,0.0,0.0,0.0,0.0,0.0,0.0,0.0,0.0,0.0,0.13700389862060547,0.20415987074375153,-0.13742898404598236,-0.20458991825580597,0.04114978387951851,0.04114978387951851,0.04114978387951851,0.04114978387951851,0.30360162258148193,-0.022908037528395653,0.188384547829628,0.0,0.0,0.0,0.0,0.0,0.0,0.0
4936273573,0,-0.016053207218647003,-0.03662444278597832,-0.1465243250131607,6.569455581484362e-05,-0.04113857448101044,-0.14425118267536163,-0.057776227593421936,0.015220331959426403,-0.012802941724658012,0.03223796188831329,-0.009028309024870396,0.0022731423377990723,-0.011255769059062004,-0.014297710731625557,-0.004121084697544575,0.0,0.0,-0.0047828578390181065,-0.0025380849838256836,0.0009927386417984962,0.0057058478705585,0.08783280849456787,0.1125171110033989,-0.000757979170884937,1.0187666416168213,-0.2694019079208374,0.535362720489502,0.07704057544469833,0.10847513377666473,-0.0051742298528552055,-0.00036477413959801197,-0.09010116755962372,-0.10589374601840973,0.00014873157488182187,2.0,2.0,2.0,2.0,0.12878906726837158,0.18245117366313934,-0.12418945133686066,-0.18705077469348907,0.0,0.13266080617904663,0.22953002154827118,-0.1330607831478119,-0.22993725538253784,0.0,-0.21025824546813965,0.7585932612419128,-9.965421676635742,0.1852302998304367,-0.0489821657538414,0.09733867645263672,0.0,0.0,0.0,0.0,0.0,0.0,0.0,0.0,0.0,0.0,0.0,0.0,0.13852202892303467,0.20995904505252838,-0.13893355429172516,-0.2103758454322815,0.04114978387951851,0.04114978387951851,0.04114978387951851,0.04114978387951851,-0.39631959795951843,0.0075525036081671715,-0.09517353028059006,0.0,0.0,0.0,0.0,0.0,0.0,0.0
4946579452,0,-0.016053207218647003,-0.03662444278597832,-0.1465243250131607,6.569455581484362e-05,-0.04113857448101044,-0.14425118267536163,-0.057776227593421936,0.015220331959426403,-0.012802941724658012,0.032903797924518585,-0.009058975614607334,0.0023140311241149902,-0.011255769059062004,-0.014297710731625557,-0.004121084697544575,0.0,0.0,-0.0047828578390181065,-0.0025380849838256836,0.0009927386417984962,0.0057058478705585,0.08783280849456787,0.1125171110033989,-0.000757979170884937,1.0632404088974,-0.13657687604427338,0.4234161078929901,0.09842269867658615,0.11281304806470871,-0.0035431920550763607,-0.0003755077486857772,-0.090008944272995,-0.10605759918689728,0.0003890104708261788,2.0,2.0,2.0,2.0,0.12878906726837158,0.1855175793170929,-0.12418945133686066,-0.19011718034744263,0.0,0.164347305893898,0.2135142683982849,-0.164761021733284,-0.21393191814422607,0.0,-0.21025824546813965,0.7585932612419128,-9.965421676635742,0.1782195270061493,-0.04216201603412628,0.07964146882295609,0.0,0.0,0.0,0.0,0.0,0.0,0.0,0.0,0.0,0.0,0.0,0.0,0.14020715653896332,0.21527411043643951,-0.14061015844345093,-0.21568268537521362,0.04114978387951851,0.04114978387951851,0.04114978387951851,0.04114978387951851,-0.39631959795951843,0.0075525036081671715,-0.09517353028059006,0.0,0.0,0.0,0.0,0.0,0.0,0.0
4955991411,0,-0.0163861233741045,-0.03660910949110985,-0.14656521379947662,6.569455581484362e-05,-0.04113857448101044,-0.14425118267536163,-0.05357193574309349,0.01176545862108469,-0.0104454904794693,0.03356557711958885,-0.009107486344873905,0.0023885369300842285,-0.01156526431441307,-0.014323042705655098,-0.00404328154399991,0.0,0.0,-0.0047828578390181065,-0.010070825926959515,-0.005360082723200321,0.0009414638625457883,0.09353026747703552,0.11530068516731262,-0.000660657009575516,0.9802073836326599,-0.23189109563827515,0.4380280673503876,0.10711462795734406,0.12259289622306824,0.0018623879877850413,-0.00038776177098043263,-0.090008944272995,-0.10605759918689728,0.0003890104708261788,2.0,2.0,2.0,2.0,0.13032226264476776,0.18858398497104645,-0.12572266161441803,-0.19318360090255737,0.0,0.13246122002601624,0.2157294750213623,-0.1328863650560379,-0.21616093814373016,0.0,-0.14923109114170074,0.7563467025756836,-10.091697692871094,0.18548764288425446,-0.028428182005882263,0.09274010360240936,0.0,0.0,0.0,0.0,0.0,0.0,0.0,0.0,0.0,0.0,0.0,0.0,0.14255771040916443,0.21840442717075348,-0.14295841753482819,-0.2188107669353485,0.04114978387951851,0.04114978387951851,0.04114978387951851,0.04114978387951851,-0.5098407864570618,-0.24322807788848877,-0.2734473645687103,0.0,0.0,0.0,0.0,0.0,0.0,0.0
4966419296,0,-0.016717011108994484,-0.03658485412597656,-0.14663971960544586,6.569455581484362e-05,-0.04113857448101044,-0.14425118267536163,-0.05646388232707977,0.0048439172096550465,-0.0120084248483181,0.03356557711958885,-0.009107486344873905,0.0023885369300842285,-0.011685865931212902,-0.014319812878966331,-0.004189994651824236,0.0,0.0,-0.0047828578390181065,-0.010604488663375378,-0.0033269040286540985,-0.002009594812989235,0.09288349002599716,0.1138530820608139,-0.0006110034883022308,0.9802073836326599,-0.23189109563827515,0.4380280673503876,0.10711462795734406,0.12259289622306824,0.0018623879877850413,-0.00038776177098043263,-0.0901322215795517,-0.1062266081571579,0.0004039787454530597,2.0,2.0,2.0,2.0,0.13185547292232513,0.19318360090255737,-0.1272558569908142,-0.19625000655651093,0.0,0.13246122002601624,0.2157294750213623,-0.1328863650560379,-0.21616093814373016,0.0,-0.6446617841720581,-0.4260013699531555,-9.859955787658691,0.18548764288425446,-0.028428182005882263,0.09274010360240936,0.0,0.0,0.0,0.0,0.0,0.0,0.0,0.0,0.0,0.0,0.0,0.0,0.14332161843776703,0.21934817731380463,-0.14372518658638,-0.21975737810134888,0.04114978387951851,0.04114978387951851,0.04114978387951851,0.04114978387951851,-0.3223990797996521,-0.05291200429201126,-0.29522576928138733,0.0,0.0,0.0,0.0,0.0,0.0,0.0
4976383753,0,-0.016717011108994484,-0.03658485412597656,-0.14663971960544586,6.569455581484362e-05,-0.04113857448101044,-0.14425118267536163,-0.05646388232707977,0.0048439172096550465,-0.0120084248483181,0.03356557711958885,-0.009107486344873905,0.0023885369300842285,-0.011685865931212902,-0.014319812878966331,-0.004189994651824236,0.0,0.0,-0.0047828578390181065,-0.010604488663375378,-0.0033269040286540985,-0.002009594812989235,0.09288349002599716,0.1138530820608139,-0.0006110034883022308,1.0651527643203735,-0.17956189811229706,0.44956424832344055,0.1067119687795639,0.11770910769701004,0.004398405086249113,-0.00039720378117635846,-0.0901322215795517,-0.1062266081571579,0.0004039787454530597,2.0,2.0,2.0,2.0,0.1349218785762787,0.19471679627895355,-0.12878906726837158,-0.19931641221046448,0.0,0.1569799780845642,0.22163066267967224,-0.15741704404354095,-0.22207319736480713,0.0,-0.6446617841720581,-0.4260013699531555,-9.859955787658691,0.18548764288425446,-0.028428182005882263,0.09274010360240936,0.0,0.0,0.0,0.0,0.0,0.0,0.0,0.0,0.0,0.0,0.0,0.0,0.14282436668872833,0.21941682696342468,-0.14323386549949646,-0.21983201801776886,0.04114978387951851,0.04114978387951851,0.04114978387951851,0.04114978387951851,-0.3223990797996521,-0.05291200429201126,-0.29522576928138733,0.0,0.0,0.0,0.0,0.0,0.0,0.0
4986119834,0,-0.017001992091536522,-0.03647604584693909,-0.1467173993587494,6.569455581484362e-05,-0.04113857448101044,-0.14425118267536163,-0.060315798968076706,0.0030493917874991894,-0.010886403732001781,0.034135542809963226,-0.009325103834271431,0.0024662166833877563,-0.011138499714434147,-0.014236821793019772,-0.004459341522306204,0.0,0.0,-0.0047828578390181065,0.008065307512879372,0.0021628588438034058,-0.0073112500831484795,0.08853846043348312,0.1131879985332489,-0.0002930584014393389,1.0695312023162842,-0.13848789036273956,0.45697668194770813,0.07487056404352188,0.10779165476560593,0.008261660113930702,-0.00040807598270475864,-0.09026098996400833,-0.10654091835021973,0.00027540919836610556,2.0,2.0,2.0,2.0,0.13645507395267487,0.19931641221046448,-0.13032226264476776,-0.20544922351837158,0.0,0.16511420905590057,0.21497996151447296,-0.1655639410018921,-0.21543395519256592,0.0,-0.5450219511985779,0.10885079950094223,-9.766234397888184,0.1944602131843567,-0.02517961710691452,0.08308666944503784,0.0,0.0,0.0,0.0,0.0,0.0,0.0,0.0,0.0,0.0,0.0,0.0,0.1444360613822937,0.21928006410598755,-0.1448535919189453,-0.21970325708389282,0.04114978387951851,0.04114978387951851,0.04114978387951851,0.04114978387951851,0.6247564554214478,0.33437302708625793,-0.2647988200187683,0.0,0.0,0.0,0.0,0.0,0.0,0.0
4996383654,0,-0.017001992091536522,-0.03647604584693909,-0.1467173993587494,6.569455581484362e-05,-0.04113857448101044,-0.14425118267536163,-0.060315798968076706,0.0030493917874991894,-0.010886403732001781,0.034135542809963226,-0.009325103834271431,0.0024662166833877563,-0.011138499714434147,-0.014236821793019772,-0.004459341522306204,0.0,0.0,-0.0047828578390181065,0.010478286072611809,-0.0008461560355499387,-0.008960163220763206,0.08853846043348312,0.1131879985332489,-0.0002930584014393389,0.9973740577697754,-0.2505646049976349,0.451813280582428,0.07447768747806549,0.11689577251672745,0.009210332296788692,-0.0004059646453242749,-0.08996101468801498,-0.10675608366727829,-4.2273662984371185e-05,2.0,2.0,2.0,2.0,0.13645507395267487,0.19931641221046448,-0.13185547292232513,-0.20698241889476776,0.0,0.1321825385093689,0.22220999002456665,-0.13262762129306793,-0.22266243398189545,0.0,-0.5450219511985779,0.10885079950094223,-9.766234397888184,0.1944602131843567,-0.02517961710691452,0.08308666944503784,0.0,0.0,0.0,0.0,0.0,0.0,0.0,0.0,0.0,0.0,0.0,0.0,0.1471499651670456,0.21905966103076935,-0.14757657051086426,-0.2194918692111969,0.04114978387951851,0.04114978387951851,0.04114978387951851,0.04114978387951851,0.4216184914112091,0.010423225350677967,-0.21994362771511078,0.0,0.0,0.0,0.0,0.0,0.0,0.0
5006836710,0,-0.017262844368815422,-0.036386407911777496,-0.14676204323768616,6.569455581484362e-05,-0.04113857448101044,-0.14425118267536163,-0.059876903891563416,0.005407388787716627,-0.009570573456585407,0.034657251089811325,-0.009504380635917187,0.002510860562324524,-0.01105224434286356,-0.014515088871121407,-0.004484688863158226,0.0,0.0,-0.0047828578390181065,0.009032715111970901,0.0037207903806120157,-0.00875048153102398,0.09093019366264343,0.11601391434669495,-0.0002114133967552334,0.9973740577697754,-0.2505646049976349,0.451813280582428,0.07447768747806549,0.11689577251672745,0.009210332296788692,-0.0004059646453242749,-0.08984284847974777,-0.10682578384876251,-0.00021433841902762651,2.0,2.0,2.0,2.0,0.13798828423023224,0.20238281786441803,-0.1333886682987213,-0.2100488245487213,0.0,0.1321825385093689,0.22220999002456665,-0.13262762129306793,-0.22266243398189545,0.0,-0.5763676166534424,-0.1628701090812683,-9.721292495727539,0.19478347897529602,-0.030250709503889084,0.07362964749336243,0.0,0.0,0.0,0.0,0.0,0.0,0.0,0.0,0.0,0.0,0.0,0.0,0.1472419798374176,0.2191990464925766,-0.14767669141292572,-0.21963950991630554,0.04114978387951851,0.04114978387951851,0.04114978387951851,0.04114978387951851,0.11740586161613464,0.23941996693611145,-0.09179079532623291,0.0,0.0,0.0,0.0,0.0,0.0,0.0
5016013186,0,-0.017409726977348328,-0.03639481961727142,-0.14677856862545013,6.569455581484362e-05,-0.04113857448101044,-0.14425118267536163,-0.0547126829624176,0.004900881089270115,-0.009201893582940102,0.034951016306877136,-0.009487557224929333,0.002527385950088501,-0.01143860537558794,-0.014340611174702644,-0.004576024599373341,0.0,0.0,-0.0047828578390181065,-0.002676198957487941,-0.0008857499342411757,-0.007690734695643187,0.09093019366264343,0.11601391434669495,-0.0002114133967552334,1.0180965662002563,-0.16085390746593475,0.3977518081665039,0.09823338687419891,0.11813365668058395,0.006058083847165108,-0.00038496192428283393,-0.08984284847974777,-0.10682578384876251,-0.00021433841902762651,2.0,2.0,2.0,2.0,0.13645507395267487,0.20238281786441803,-0.1349218785762787,-0.2115820348262787,0.0,0.15191499888896942,0.20973603427410126,-0.15233831107616425,-0.2101638913154602,0.0,0.017440669238567352,-0.2116050273180008,-9.737181663513184,0.1851084679365158,-0.029246164485812187,0.07231850922107697,0.0,0.0,0.0,0.0,0.0,0.0,0.0,0.0,0.0,0.0,0.0,0.0,0.14541864395141602,0.2192477434873581,-0.14585824310779572,-0.21969333291053772,0.04114978387951851,0.04114978387951851,0.04114978387951851,0.04114978387951851,-0.46269941329956055,-0.12339931726455688,-0.006363106891512871,0.0,0.0,0.0,0.0,0.0,0.0,0.0
5026182221,0,-0.017409726977348328,-0.03639481961727142,-0.14677856862545013,6.569455581484362e-05,-0.04113857448101044,-0.14425118267536163,-0.0547126829624176,0.004900881089270115,-0.009201893582940102,0.03547503054141998,-0.009620565921068192,0.0025755465030670166,-0.01143860537558794,-0.014340611174702644,-0.004576024599373341,0.0,0.0,-0.0047828578390181065,-0.002676198957487941,-0.0008857499342411757,-0.007690734695643187,0.09093019366264343,0.11601391434669495,-0.0002114133967552334,1.0180965662002563,-0.16085390746593475,0.3977518081665039,0.09823338687419891,0.11813365668058395,0.006058083847165108,-0.00038496192428283393,-0.08992961794137955,-0.10704269260168076,-0.0004582447581924498,2.0,2.0,2.0,2.0,0.13952147960662842,0.20238281786441803,-0.1349218785762787,-0.2115820348262787,0.0,0.15191499888896942,0.20973603427410126,-0.15233831107616425,-0.2101638913154602,0.0,-0.03531263768672943,0.09257150441408157,-9.865004539489746,0.19732220470905304,-0.023270579054951668,0.0895494595170021,0.0,0.0,0.0,0.0,0.0,0.0,0.0,0.0,0.0,0.0,0.0,0.0,0.14481034874916077,0.2180919647216797,-0.1452503651380539,-0.21853792667388916,0.04114978387951851,0.04114978387951851,0.04114978387951851,0.04114978387951851,-0.46269941329956055,-0.12339931726455688,-0.006363106891512871,0.0,0.0,0.0,0.0,0.0,0.0,0.0
5036235005,0,-0.017671732231974602,-0.03632831573486328,-0.14682672917842865,6.569455581484362e-05,-0.04113857448101044,-0.14425118267536163,-0.060189660638570786,0.0017869706498458982,-0.011378580704331398,0.03547503054141998,-0.009620565921068192,0.0025755465030670166,-0.011462741531431675,-0.014381027780473232,-0.004772336222231388,0.0,0.0,-0.0047828578390181065,0.0011717561865225434,6.982256309129298e-06,-0.0005174133693799376,0.09212132543325424,0.1147303432226181,-7.131484744604677e-05,1.0391647815704346,-0.25616124272346497,0.585853636264801,0.08550091087818146,0.11575458198785782,-0.0014759580371901393,-0.00033338426146656275,-0.08992961794137955,-0.10704269260168076,-0.0004582447581924498,2.0,2.0,2.0,2.0,0.13798828423023224,0.20238281786441803,-0.13645507395267487,-0.21311523020267487,0.0,0.13867971301078796,0.2308470904827118,-0.1390455812215805,-0.23121938109397888,0.0,-0.03531263768672943,0.09257150441408157,-9.865004539489746,0.19732220470905304,-0.023270579054951668,0.0895494595170021,0.0,0.0,0.0,0.0,0.0,0.0,0.0,0.0,0.0,0.0,0.0,0.0,0.1452116072177887,0.21695555746555328,-0.1456461101770401,-0.21739576756954193,0.04114978387951851,0.04114978387951851,0.04114978387951851,0.04114978387951851,0.25722283124923706,0.0069208331406116486,0.20764833688735962,0.0,0.0,0.0,0.0,0.0,0.0,0.0
5046238845,0,-0.017671732231974602,-0.03632831573486328,-0.14682672917842865,6.569455581484362e-05,-0.04113857448101044,-0.14425118267536163,-0.060189660638570786,0.0017869706498458982,-0.011378580704331398,0.036252737045288086,-0.009794075973331928,0.002680644392967224,-0.011462741531431675,-0.014381027780473232,-0.004772336222231388,0.0,0.0,-0.0047828578390181065,0.0011717561865225434,6.982256309129298e-06,-0.0005174133693799376,0.09212132543325424,0.1147303432226181,-7.131484744604677e-05,1.0391647815704346,-0.25616124272346497,0.585853636264801,0.08550091087818146,0.11575458198785782,-0.0014759580371901393,-0.00033338426146656275,-0.08992961794137955,-0.10704269260168076,-0.0004582447581924498,2.0,2.0,2.0,2.0,0.13952147960662842,0.2039160132408142,-0.13798828423023224,-0.21311523020267487,0.0,0.13867971301078796,0.2308470904827118,-0.1390455812215805,-0.23121938109397888,0.0,-0.03531263768672943,0.09257150441408157,-9.865004539489746,0.19241654872894287,-0.03673005849123001,0.09039962291717529,0.0,0.0,0.0,0.0,0.0,0.0,0.0,0.0,0.0,0.0,0.0,0.0,0.14481422305107117,0.21798615157604218,-0.14523598551750183,-0.2184135466814041,0.04114978387951851,0.04114978387951851,0.04114978387951851,0.04114978387951851,0.25722283124923706,0.0069208331406116486,0.20764833688735962,0.0,0.0,0.0,0.0,0.0,0.0,0.0
5056033624,0,-0.018060583621263504,-0.0362415611743927,-0.14693182706832886,6.569455581484362e-05,-0.04113857448101044,-0.14425118267536163,-0.056798018515110016,0.008276427164673805,-0.011599328368902206,0.036252737045288086,-0.009794075973331928,0.002680644392967224,-0.011366596445441246,-0.014527826569974422,-0.004474889487028122,0.0,0.0,-0.0047828578390181065,0.0038406774401664734,0.001337541383691132,0.003998763393610716,0.09035169333219528,0.1155012771487236,-0.00027046873583458364,1.0391647815704346,-0.25616124272346497,0.585853636264801,0.08550091087818146,0.11575458198785782,-0.0014759580371901393,-0.00033338426146656275,-0.08997517079114914,-0.1072944924235344,-0.0004914460005238652,2.0,2.0,2.0,2.0,0.1410546898841858,0.2039160132408142,-0.13798828423023224,-0.21311523020267487,0.0,0.13867971301078796,0.2308470904827118,-0.1390455812215805,-0.23121938109397888,0.0,-0.45439860224723816,-0.5309095978736877,-9.828266143798828,0.19241654872894287,-0.03673005849123001,0.09039962291717529,0.0,0.0,0.0,0.0,0.0,0.0,0.0,0.0,0.0,0.0,0.0,0.0,0.14348679780960083,0.22086621820926666,-0.14389197528362274,-0.2212771326303482,0.04114978387951851,0.04114978387951851,0.04114978387951851,0.04114978387951851,0.25220221281051636,0.039336029440164566,0.3273228406906128,0.0,0.0,0.0,0.0,0.0,0.0,0.0
5066224640,0,-0.018164612352848053,-0.0361756794154644,-0.1469777226448059,6.569455581484362e-05,-0.04113857448101044,-0.14425118267536163,-0.062071580439805984,0.010545851662755013,-0.013574684970080853,0.036460794508457184,-0.009925839491188526,0.002726539969444275,-0.011289499700069427,-0.014825859107077122,-0.004517239052802324,0.0,0.0,-0.0047828578390181065,0.005796938203275204,-0.004035678692162037,0.008718098513782024,0.08973947167396545,0.11786976456642151,-0.00021830522746313363,1.058290958404541,-0.20201532542705536,0.4971979260444641,0.08167687058448792,0.12383382767438889,-0.010169295594096184,-0.0003074243140872568,-0.08991824090480804,-0.1074160560965538,-0.0003970832913182676,2.0,2.0,2.0,2.0,0.13952147960662842,0.2039160132408142,-0.13798828423023224,-0.21464844048023224,0.0,0.15178470313549042,0.2245069295167923,-0.15212267637252808,-0.22484971582889557,0.0,0.16652585566043854,0.762692928314209,-9.9304780960083,0.2035587579011917,-0.04153416305780411,0.10516798496246338,0.0,0.0,0.0,0.0,0.0,0.0,0.0,0.0,0.0,0.0,0.0,0.0,0.1425514668226242,0.2238319367170334,-0.14293994009494781,-0.22422626614570618,0.04114978387951851,0.04114978387951851,0.04114978387951851,0.04114978387951851,0.2265661060810089,-0.1928384006023407,0.37744173407554626,0.0,0.0,0.0,0.0,0.0,0.0,0.0
5076586692,0,-0.01840686984360218,-0.03613588586449623,-0.14703533053398132,6.569455581484362e-05,-0.04113857448101044,-0.14425118267536163,-0.056188710033893585,0.013231499120593071,-0.01408931240439415,0.03694531321525574,-0.010005427524447441,0.00278414785861969,-0.011476235464215279,-0.014892905950546265,-0.004094899166375399,0.0,0.0,-0.0047828578390181065,0.005796938203275204,-0.004035678692162037,0.008718098513782024,0.09121381491422653,0.11841058731079102,-0.0007229658658616245,1.058290958404541,-0.20201532542705536,0.4971979260444641,0.08167687058448792,0.12383382767438889,-0.010169295594096184,-0.0003074243140872568,-0.08980169147253036,-0.10775475949048996,1.1330412235110998e-06,2.0,2.0,2.0,2.0,0.13952147960662842,0.2039160132408142,-0.13798828423023224,-0.21618163585662842,0.0,0.15178470313549042,0.2245069295167923,-0.15212267637252808,-0.22484971582889557,0.0,0.16652585566043854,0.762692928314209,-9.9304780960083,0.1929599791765213,-0.04724346101284027,0.10922281444072723,0.0,0.0,0.0,0.0,0.0,0.0,0.0,0.0,0.0,0.0,0.0,0.0,0.1431906670331955,0.2257075309753418,-0.1435628980398178,-0.2260855883359909,0.04131261259317398,0.04114978387951851,0.04114978387951851,0.04114978387951851,0.2265661060810089,-0.1928384006023407,0.37744173407554626,0.0,0.0,0.0,0.0,0.0,0.0,0.0
5087327125,0,-0.01840686984360218,-0.03613588586449623,-0.14703533053398132,6.569455581484362e-05,-0.04113857448101044,-0.14425118267536163,-0.056188710033893585,0.013231499120593071,-0.01408931240439415,0.03694531321525574,-0.010005427524447441,0.00278414785861969,-0.011476235464215279,-0.014892905950546265,-0.004094899166375399,0.0,0.0,-0.0047828578390181065,-0.002923537977039814,-0.003215916221961379,0.011438431218266487,0.09121381491422653,0.11841058731079102,-0.0007229658658616245,1.0612798929214478,-0.2598390281200409,0.6007254719734192,0.0967818945646286,0.12220495194196701,-0.010414958000183105,-0.0003049393417313695,-0.08983507007360458,-0.10789982974529266,0.0001933317253133282,2.0,2.0,2.0,2.0,0.13952147960662842,0.2039160132408142,-0.13798828423023224,-0.21618163585662842,0.0,0.14198696613311768,0.2355494499206543,-0.14232182502746582,-0.23589032888412476,0.0,0.12908241152763367,0.7793303728103638,-9.857452392578125,0.1929599791765213,-0.04724346101284027,0.10922281444072723,0.0,0.0,0.0,0.0,0.0,0.0,0.0,0.0,0.0,0.0,0.0,0.0,0.14463888108730316,0.2269178330898285,-0.14499665796756744,-0.22728130221366882,0.04114978387951851,0.04114978387951851,0.04114978387951851,0.04114978387951851,-0.26819443702697754,-0.09494713693857193,0.17796273529529572,0.0,0.0,0.0,0.0,0.0,0.0,0.0
5097368972,0,-0.018535608425736427,-0.03609120845794678,-0.14706403017044067,6.569455581484362e-05,-0.04113857448101044,-0.14425118267536163,-0.062175653874874115,0.004128571599721909,-0.010646570473909378,0.03720279037952423,-0.010094782337546349,0.0028128474950790405,-0.011487419717013836,-0.014676331542432308,-0.004177339840680361,0.0,0.0,-0.0047828578390181065,-0.003358526388183236,0.0034548419062048197,0.010439831763505936,0.09130504727363586,0.11668737232685089,-0.0006254362524487078,1.1294724941253662,-0.15995576977729797,0.454056054353714,0.09557805955410004,0.10946054756641388,-0.008589056320488453,-0.0003125533112324774,-0.08983507007360458,-0.10789982974529266,0.0001933317253133282,2.0,2.0,2.0,2.0,0.13952147960662842,0.20698241889476776,-0.13798828423023224,-0.21924804151058197,0.0,0.1720658540725708,0.2297879010438919,-0.1724107414484024,-0.23013678193092346,0.0,-0.5929954051971436,-0.288303941488266,-9.683897018432617,0.205358624458313,-0.02908286824822426,0.08255564421415329,0.0,0.0,0.0,0.0,0.0,0.0,0.0,0.0,0.0,0.0,0.0,0.0,0.146701380610466,0.22833064198493958,-0.14704841375350952,-0.2286832332611084,0.04114978387951851,0.04114978387951851,0.04114978387951851,0.04114978387951851,-0.1651431769132614,0.2694569528102875,0.05805552005767822,0.0,0.0,0.0,0.0,0.0,0.0,0.0
5105894756,0,-0.018735704943537712,-0.03601876273751259,-0.14709486067295074,6.569455581484362e-05,-0.04113857448101044,-0.14425118267536163,-0.06110300496220589,0.009696262888610363,-0.010610658675432205,0.0376029871404171,-0.010239674709737301,0.0028436779975891113,-0.011408771388232708,-0.014952421188354492,-0.004317543935030699,0.0,0.0,-0.0047828578390181065,-0.003358526388183236,0.0034548419062048197,0.010439831763505936,0.08983588218688965,0.11774525791406631,-0.000496113148983568,1.1294724941253662,-0.15995576977729797,0.454056054353714,0.09557805955410004,0.10946054756641388,-0.008589056320488453,-0.0003125533112324774,-0.08983507007360458,-0.10789982974529266,0.0001933317253133282,2.0,2.0,2.0,2.0,0.13952147960662842,0.20698241889476776,-0.13952147960662842,-0.21924804151058197,0.0,0.1720658540725708,0.2297879010438919,-0.1724107414484024,-0.23013678193092346,0.0,-0.5929954051971436,-0.288303941488266,-9.683897018432617,0.20424698293209076,-0.040519725531339645,0.0840694010257721,0.0,0.0,0.0,0.0,0.0,0.0,0.0,0.0,0.0,0.0,0.0,0.0,0.15100859105587006,0.22956019639968872,-0.15134947001934052,-0.2299063801765442,0.04114978387951851,0.04114978387951851,0.04114978387951851,0.04114978387951851,-0.1651431769132614,0.2694569528102875,0.05805552005767822,0.0,0.0,0.0,0.0,0.0,0.0,0.0
5116537629,0,-0.018735704943537712,-0.03601876273751259,-0.14709486067295074,6.569455581484362e-05,-0.04113857448101044,-0.14425118267536163,-0.06110300496220589,0.009696262888610363,-0.010610658675432205,0.0376029871404171,-0.010239674709737301,0.0028436779975891113,-0.011408771388232708,-0.014952421188354492,-0.004317543935030699,0.0,0.0,-0.0047828578390181065,0.0026192711666226387,0.0006119398749433458,0.00045650932588614523,0.08983588218688965,0.11774525791406631,-0.000496113148983568,1.1233583688735962,-0.2228584885597229,0.4623817205429077,0.08437899500131607,0.11676416546106339,0.003353869542479515,-0.00034191468148492277,-0.08993784338235855,-0.10813333094120026,0.00048793101450428367,2.0,2.0,2.0,2.0,0.14258788526058197,0.2100488245487213,-0.13952147960662842,-0.22078125178813934,0.0,0.1596793234348297,0.24009397625923157,-0.1600557416677475,-0.24047668278217316,0.0,-0.3621286153793335,0.31717008352279663,-9.819181442260742,0.20424698293209076,-0.040519725531339645,0.0840694010257721,0.0,0.0,0.0,0.0,0.0,0.0,0.0,0.0,0.0,0.0,0.0,0.0,0.15644115209579468,0.2306823432445526,-0.15678121149539948,-0.23102745413780212,0.04114978387951851,0.04114978387951851,0.04114978387951851,0.04114978387951851,0.2837613523006439,0.036915071308612823,-0.3726421892642975,0.0,0.0,0.0,0.0,0.0,0.0,0.0
5128338394,0,-0.018735704943537712,-0.03601876273751259,-0.14709486067295074,6.569455581484362e-05,-0.04113857448101044,-0.14425118267536163,-0.06110300496220589,0.009696262888610363,-0.010610658675432205,0.0376029871404171,-0.010239674709737301,0.0028436779975891113,-0.011408771388232708,-0.014952421188354492,-0.004317543935030699,0.0,0.0,-0.0047828578390181065,0.004051574040204287,-0.0019138038624078035,-0.003995243459939957,0.08983588218688965,0.11774525791406631,-0.000496113148983568,1.0865013599395752,-0.16564105451107025,0.47016748785972595,0.08454319834709167,0.12095076590776443,0.00711388373747468,-0.0003551203990355134,-0.08983439207077026,-0.10844989120960236,0.0003962978080380708,2.0,2.0,2.0,2.0,0.1410546898841858,0.2115820348262787,-0.13952147960662842,-0.22231444716453552,0.0,0.16331873834133148,0.22300028800964355,-0.16370998322963715,-0.22339609265327454,0.0,-0.3621286153793335,0.31717008352279663,-9.819181442260742,0.20424698293209076,-0.040519725531339645,0.0840694010257721,0.0,0.0,0.0,0.0,0.0,0.0,0.0,0.0,0.0,0.0,0.0,0.0,0.1604497879743576,0.23170694708824158,-0.1607953906059265,-0.23205746710300446,0.04114978387951851,0.04114978387951851,0.04114978387951851,0.04114978387951851,0.21330967545509338,-0.12801775336265564,-0.39656898379325867,0.0,0.0,0.0,0.0,0.0,0.0,0.0
5138323548,0,-0.01887480914592743,-0.0359795056283474,-0.1471085548400879,6.569455581484362e-05,-0.04113857448101044,-0.14425118267536163,-0.055219925940036774,0.014916346408426762,-0.011752615682780743,0.03788119554519653,-0.010318188928067684,0.0028573721647262573,-0.011264510452747345,-0.01505469623953104,-0.00433416897431016,0.0,0.0,-0.0047828578390181065,0.007682110648602247,0.0028014311101287603,-0.010461654514074326,0.08901797235012054,0.11644947528839111,-0.00017860301886685193,1.063105821609497,-0.28171658515930176,0.517553985118866,0.08454319834709167,0.12095076590776443,0.00711388373747468,-0.0003551203990355134,-0.08983439207077026,-0.10844989120960236,0.0003962978080380708,2.0,2.0,2.0,2.0,0.14565429091453552,0.21311523020267487,-0.14258788526058197,-0.22231444716453552,0.0,0.13837960362434387,0.2398328334093094,-0.13876940310001373,-0.2402302324771881,0.0,-0.43210455775260925,0.27933812141418457,-9.991116523742676,0.19329197704792023,-0.05122119560837746,0.094100721180439,0.0,0.0,0.0,0.0,0.0,0.0,0.0,0.0,0.0,0.0,0.0,0.0,0.16163228452205658,0.23216933012008667,-0.1619883030653,-0.23253031075000763,0.04114978387951851,0.04114978387951851,0.04114978387951851,0.04114978387951851,0.27814263105392456,0.18994611501693726,-0.5001571178436279,0.0,0.0,0.0,0.0,0.0,0.0,0.0
5146062549,0,-0.018939055502414703,-0.03594813123345375,-0.14712396264076233,6.569455581484362e-05,-0.04113857448101044,-0.14425118267536163,-0.059976886957883835,0.0042707971297204494,-0.010411594994366169,0.03800968825817108,-0.010380938649177551,0.002872779965400696,-0.011134562082588673,-0.01473314967006445,-0.004623431712388992,0.0,0.0,-0.0047828578390181065,0.0033493931405246258,0.004165703430771828,-0.010209115222096443,0.08901797235012054,0.11644947528839111,-0.00017860301886685193,1.1166049242019653,-0.16465367376804352,0.4640665352344513,0.08761139959096909,0.11190222948789597,0.010756936855614185,-0.0003625598910730332,-0.08972951769828796,-0.10855723917484283,0.0002081078418996185,2.0,2.0,2.0,2.0,0.14565429091453552,0.21311523020267487,-0.14412109553813934,-0.2238476574420929,0.0,0.16888754069805145,0.2282770425081253,-0.16928730905056,-0.22868163883686066,0.0,-0.1359090507030487,-0.37891748547554016,-9.93361759185791,0.20301908254623413,-0.029937030747532845,0.08437573164701462,0.0,0.0,0.0,0.0,0.0,0.0,0.0,0.0,0.0,0.0,0.0,0.0,0.16048097610473633,0.23250123858451843,-0.16084887087345123,-0.23287436366081238,0.04114978387951851,0.04114978387951851,0.04114978387951851,0.04114978387951851,-0.05705732852220535,0.13880209624767303,-0.2716434895992279,0.0,0.0,0.0,0.0,0.0,0.0,0.0
5156092672,0,-0.019077707082033157,-0.03589441627264023,-0.14719294011592865,6.569455581484362e-05,-0.04113857448101044,-0.14425118267536163,-0.05478932708501816,0.005771381314843893,-0.013843085616827011,0.03828699141740799,-0.010488368570804596,0.0029417574405670166,-0.01144156139343977,-0.014835482463240623,-0.004684741143137217,0.0,0.0,-0.0047828578390181065,0.0033493931405246258,0.004165703430771828,-0.010209115222096443,0.09095220267772675,0.11794329434633255,-1.5891539078438655e-05,1.1166049242019653,-0.16465367376804352,0.4640665352344513,0.08761139959096909,0.11190222948789597,0.010756936855614185,-0.0003625598910730332,-0.08972951769828796,-0.10855723917484283,0.0002081078418996185,2.0,2.0,2.0,2.0,0.1471875011920929,0.21464844048023224,-0.14565429091453552,-0.2238476574420929,0.0,0.16888754069805145,0.2282770425081253,-0.16928730905056,-0.22868163883686066,0.0,-0.1359090507030487,-0.37891748547554016,-9.93361759185791,0.19358029961585999,-0.03332529589533806,0.11158416420221329,0.0,0.0,0.0,0.0,0.0,0.0,0.0,0.0,0.0,0.0,0.0,0.0,0.16005860269069672,0.23241806030273438,-0.16043774783611298,-0.23280265927314758,0.04114978387951851,0.04114978387951851,0.04114978387951851,0.04114978387951851,-0.05705732852220535,0.13880209624767303,-0.2716434895992279,0.0,0.0,0.0,0.0,0.0,0.0,0.0
5166413541,0,-0.019077707082033157,-0.03589441627264023,-0.14719294011592865,6.569455581484362e-05,-0.04113857448101044,-0.14425118267536163,-0.05478932708501816,0.005771381314843893,-0.013843085616827011,0.03828699141740799,-0.010488368570804596,0.0029417574405670166,-0.01144156139343977,-0.014835482463240623,-0.004684741143137217,0.0,0.0,-0.0047828578390181065,-0.004379678051918745,-0.004094531759619713,-0.006228119600564241,0.09095220267772675,0.11794329434633255,-1.5891539078438655e-05,1.0759838819503784,-0.29476049542427063,0.5824158191680908,0.0958835631608963,0.12672708928585052,0.003725187387317419,-0.00032626904430799186,-0.08968760818243027,-0.10876619815826416,-0.00015080635785125196,2.0,2.0,2.0,2.0,0.15178710222244263,0.21464844048023224,-0.14872069656848907,-0.2238476574420929,0.0,0.13836590945720673,0.24456912279129028,-0.1387239396572113,-0.24493469297885895,0.0,-0.6075636148452759,-0.40752896666526794,-9.713768005371094,0.19358029961585999,-0.03332529589533806,0.11158416420221329,0.0,0.0,0.0,0.0,0.0,0.0,0.0,0.0,0.0,0.0,0.0,0.0,0.16007202863693237,0.23236460983753204,-0.16045857965946198,-0.23275673389434814,0.04114978387951851,0.04114978387951851,0.04114978387951851,0.04114978387951851,-0.12412235140800476,-0.2499672770500183,0.13603292405605316,0.0,0.0,0.0,0.0,0.0,0.0,0.0
5176933770,0,-0.019161107018589973,-0.03580361604690552,-0.14723512530326843,6.569455581484362e-05,-0.04113857448101044,-0.14425118267536163,-0.06060392037034035,0.006166375707834959,-0.010173573158681393,0.03845379501581192,-0.010669969953596592,0.0029839426279067993,-0.011328347958624363,-0.014941004104912281,-0.004878705833107233,0.0,0.0,-0.0047828578390181065,-0.004379678051918745,-0.004094531759619713,-0.006228119600564241,0.09026266634464264,0.12013288587331772,0.00011754385195672512,1.0759838819503784,-0.29476049542427063,0.5824158191680908,0.0958835631608963,0.12672708928585052,0.003725187387317419,-0.00032626904430799186,-0.08980376273393631,-0.10912562906742096,-0.0004374103154987097,2.0,2.0,2.0,2.0,0.1533203125,0.21618163585662842,-0.15025390684604645,-0.22538085281848907,0.0,0.13836590945720673,0.24456912279129028,-0.1387239396572113,-0.24493469297885895,0.0,-0.5991954207420349,-0.38752174377441406,-9.666905403137207,0.20562253892421722,-0.03433436527848244,0.08182575553655624,0.0,0.0,0.0,0.0,0.0,0.0,0.0,0.0,0.0,0.0,0.0,0.0,0.15748126804828644,0.23383879661560059,-0.1578681319952011,-0.23423154652118683,0.04114978387951851,0.04114978387951851,0.04114978387951851,0.04114978387951851,-0.12412235140800476,-0.2499672770500183,0.13603292405605316,0.0,0.0,0.0,0.0,0.0,0.0,0.0
5186264246,0,-0.019161107018589973,-0.03580361604690552,-0.14723512530326843,6.569455581484362e-05,-0.04113857448101044,-0.14425118267536163,-0.06060392037034035,0.006166375707834959,-0.010173573158681393,0.03845379501581192,-0.010669969953596592,0.0029839426279067993,-0.011328347958624363,-0.014941004104912281,-0.004878705833107233,0.0,0.0,-0.0047828578390181065,-0.0012907885247841477,0.0008288517710752785,-0.0021812627092003822,0.09026266634464264,0.12013288587331772,0.00011754385195672512,1.1309239864349365,-0.18883900344371796,0.45004165172576904,0.0958835631608963,0.12672708928585052,0.003725187387317419,-0.00032626904430799186,-0.08980376273393631,-0.10912562906742096,-0.0004374103154987097,2.0,2.0,2.0,2.0,0.1533203125,0.2177148461341858,-0.15025390684604645,-0.22538085281848907,0.0,0.16713842749595642,0.23529095947742462,-0.1674981564283371,-0.2356557548046112,0.0,-0.5991954207420349,-0.38752174377441406,-9.666905403137207,0.20562253892421722,-0.03433436527848244,0.08182575553655624,0.0,0.0,0.0,0.0,0.0,0.0,0.0,0.0,0.0,0.0,0.0,0.0,0.15400712192058563,0.23611584305763245,-0.1543889045715332,-0.23650386929512024,0.04114978387951851,0.04114978387951851,0.04114978387951851,0.04114978387951851,0.05088118836283684,0.08793285489082336,0.2726879417896271,0.0,0.0,0.0,0.0,0.0,0.0,0.0
5196327201,0,-0.019198976457118988,-0.03577907010912895,-0.1472436785697937,6.569455581484362e-05,-0.04113857448101044,-0.14425118267536163,-0.05575845390558243,0.015669921413064003,-0.010814132168889046,0.03852953389286995,-0.010719062760472298,0.002992495894432068,-0.011355375871062279,-0.015037178993225098,-0.004648460075259209,0.0,0.0,-0.0047828578390181065,0.0007020480115897954,-0.0013588678557425737,0.0038700939621776342,0.09026604145765305,0.11954738944768906,-5.8820165577344596e-05,1.0794981718063354,-0.2946268916130066,0.4811341464519501,0.08908822387456894,0.12274885177612305,-0.006769899744540453,-0.0002883293491322547,-0.08981553465127945,-0.10929068177938461,-0.00045724300434812903,2.0,2.0,2.0,2.0,0.1533203125,0.21618163585662842,-0.15178710222244263,-0.22538085281848907,0.0,0.1390378326177597,0.24520641565322876,-0.13935422897338867,-0.24552948772907257,0.0,0.08103568851947784,0.530468761920929,-9.713688850402832,0.19627240300178528,-0.0535685233771801,0.08747893571853638,0.0,0.0,0.0,0.0,0.0,0.0,0.0,0.0,0.0,0.0,0.0,0.0,0.1520979255437851,0.23796895146369934,-0.15247105062007904,-0.23834846913814545,0.04114978387951851,0.04114978387951851,0.04114978387951851,0.04114978387951851,0.12662653625011444,-0.04208267480134964,0.4111887812614441,0.0,0.0,0.0,0.0,0.0,0.0,0.0
5206644673,0,-0.019198976457118988,-0.03577907010912895,-0.1472436785697937,6.569455581484362e-05,-0.04113857448101044,-0.14425118267536163,-0.05575845390558243,0.015669921413064003,-0.010814132168889046,0.03852953389286995,-0.010719062760472298,0.002992495894432068,-0.011355375871062279,-0.015037178993225098,-0.004648460075259209,0.0,0.0,-0.0047828578390181065,0.0007020480115897954,-0.0013588678557425737,0.0038700939621776342,0.09202259033918381,0.12000516802072525,-0.0003973245620727539,1.0794981718063354,-0.2946268916130066,0.4811341464519501,0.08908822387456894,0.12274885177612305,-0.006769899744540453,-0.0002883293491322547,-0.08983498811721802,-0.10955974459648132,-0.00023483511176891625,2.0,2.0,2.0,2.0,0.1533203125,0.21924804151058197,-0.15025390684604645,-0.22538085281848907,0.0,0.1390378326177597,0.24520641565322876,-0.13935422897338867,-0.24552948772907257,0.0,0.11434731632471085,0.5572715401649475,-9.804023742675781,0.19627240300178528,-0.0535685233771801,0.08747893571853638,0.0,0.0,0.0,0.0,0.0,0.0,0.0,0.0,0.0,0.0,0.0,0.0,0.15004535019397736,0.2397584319114685,-0.15040573477745056,-0.24012525379657745,0.04114978387951851,0.04114978387951851,0.04114978387951851,0.04114978387951851,0.12662653625011444,-0.04208267480134964,0.4111887812614441,0.0,0.0,0.0,0.0,0.0,0.0,0.0
5216415613,0,-0.019304372370243073,-0.035764627158641815,-0.14726172387599945,6.569455581484362e-05,-0.04113857448101044,-0.14425118267536163,-0.05610376223921776,0.004566136281937361,-0.01066396664828062,0.03874032571911812,-0.010747948661446571,0.0030105412006378174,-0.011527055874466896,-0.014944963157176971,-0.004452657885849476,0.0,0.0,-0.0047828578390181065,-0.006473081186413765,-0.0012381813721731305,0.010411393828690052,0.09202259033918381,0.12000516802072525,-0.0003973245620727539,1.085952639579773,-0.17316581308841705,0.48393529653549194,0.10118018090724945,0.12283124029636383,-0.011249309405684471,-0.0002691548434086144,-0.0899156853556633,-0.10974784195423126,-2.976417454192415e-05,2.0,2.0,2.0,2.0,0.15178710222244263,0.21924804151058197,-0.15025390684604645,-0.22538085281848907,0.0,0.16191977262496948,0.22431285679340363,-0.1622162163257599,-0.22461296617984772,0.0,0.11434731632471085,0.5572715401649475,-9.804023742675781,0.19744594395160675,-0.0314846932888031,0.0879882350564003,0.0,0.0,0.0,0.0,0.0,0.0,0.0,0.0,0.0,0.0,0.0,0.0,0.14806026220321655,0.24067997932434082,-0.14840534329414368,-0.24103139340877533,0.04114978387951851,0.04114978387951851,0.04114978387951851,0.04114978387951851,-0.2684507668018341,-0.15878881514072418,0.3411925733089447,0.0,0.0,0.0,0.0,0.0,0.0,0.0
5226509188,0,-0.019346417859196663,-0.03573523834347725,-0.14727212488651276,6.569455581484362e-05,-0.04113857448101044,-0.14425118267536163,-0.06044336408376694,0.012771232053637505,-0.013276307843625546,0.0388244166970253,-0.010806726291775703,0.003020942211151123,-0.011730214580893517,-0.01533983089029789,-0.00440971041098237,0.0,0.0,-0.0047828578390181065,-0.003697402076795697,7.551704766228795e-05,0.010132702067494392,0.09089288115501404,0.12123684585094452,-0.00043963780626654625,1.135989785194397,-0.2643590569496155,0.5899825692176819,0.09478222578763962,0.12111255526542664,-0.009317263960838318,-0.00026948368758894503,-0.08998502790927887,-0.10992682725191116,0.00017088380991481245,2.0,2.0,2.0,2.0,0.1533203125,0.22078125178813934,-0.15178710222244263,-0.22844725847244263,0.0,0.15455210208892822,0.2499985545873642,-0.1548485904932022,-0.25030091404914856,0.0,-0.7051555514335632,0.14834170043468475,-10.005853652954102,0.20654359459877014,-0.04806528240442276,0.10726956278085709,0.0,0.0,0.0,0.0,0.0,0.0,0.0,0.0,0.0,0.0,0.0,0.0,0.14824597537517548,0.24026180803775787,-0.14857545495033264,-0.24059735238552094,0.04114978387951851,0.04114978387951851,0.04114978387951851,0.04114978387951851,-0.01919407770037651,0.004877499770373106,0.1657492220401764,0.0,0.0,0.0,0.0,0.0,0.0,0.0
5236399673,0,-0.019346417859196663,-0.03573523834347725,-0.14727212488651276,6.569455581484362e-05,-0.04113857448101044,-0.14425118267536163,-0.06044336408376694,0.012771232053637505,-0.013276307843625546,0.03910156339406967,-0.010789582505822182,0.0030752718448638916,-0.011730214580893517,-0.01533983089029789,-0.00440971041098237,0.0,0.0,-0.0047828578390181065,-0.003697402076795697,7.551704766228795e-05,0.010132702067494392,0.09089288115501404,0.12123684585094452,-0.00043963780626654625,1.135989785194397,-0.2643590569496155,0.5899825692176819,0.09478222578763962,0.12111255526542664,-0.009317263960838318,-0.00026948368758894503,-0.09001746773719788,-0.11011499166488647,0.000328363967128098,2.0,2.0,2.0,2.0,0.15178710222244263,0.22078125178813934,-0.15025390684604645,-0.22998046875,0.0,0.15455210208892822,0.2499985545873642,-0.1548485904932022,-0.25030091404914856,0.0,-0.7051555514335632,0.14834170043468475,-10.005853652954102,0.19968457520008087,-0.04999976232647896,0.11093006283044815,0.0,0.0,0.0,0.0,0.0,0.0,0.0,0.0,0.0,0.0,0.0,0.0,0.149840846657753,0.240667924284935,-0.15015655755996704,-0.24098943173885345,0.04114978387951851,0.04114978387951851,0.04114978387951851,0.04114978387951851,-0.01919407770037651,0.004877499770373106,0.1657492220401764,0.0,0.0,0.0,0.0,0.0,0.0,0.0
5246045598,0,-0.0194849893450737,-0.03574381023645401,-0.14732645452022552,6.569455581484362e-05,-0.04113857448101044,-0.14425118267536163,-0.05664212256669998,0.013699513860046864,-0.01370509248226881,0.03910156339406967,-0.010789582505822182,0.0030752718448638916,-0.011525947600603104,-0.015285138040781021,-0.004203926771879196,0.0,0.0,-0.0047828578390181065,0.0019602044485509396,0.0018516273703426123,0.0026197852566838264,0.09184470772743225,0.12238035351037979,-0.0004821612383238971,1.1563416719436646,-0.18518131971359253,0.6533810496330261,0.08668443560600281,0.1218174621462822,-0.002688570413738489,-0.00028571850270964205,-0.09001746773719788,-0.11011499166488647,0.000328363967128098,2.0,2.0,2.0,2.0,0.15178710222244263,0.22078125178813934,-0.15178710222244263,-0.22998046875,0.0,0.1723756343126297,0.23927123844623566,-0.17269091308116913,-0.23959097266197205,0.0,-0.3782656192779541,0.6021273136138916,-9.958161354064941,0.19968457520008087,-0.04999976232647896,0.11093006283044815,0.0,0.0,0.0,0.0,0.0,0.0,0.0,0.0,0.0,0.0,0.0,0.0,0.15231680870056152,0.24209454655647278,-0.15262307226657867,-0.24240642786026,0.04114978387951851,0.04114978387951851,0.04114978387951851,0.04114978387951851,0.1238878145813942,0.11223025619983673,-0.24060946702957153,0.0,0.0,0.0,0.0,0.0,0.0,0.0
5255702724,0,-0.0194849893450737,-0.03574381023645401,-0.14732645452022552,6.569455581484362e-05,-0.04113857448101044,-0.14425118267536163,-0.05664212256669998,0.013699513860046864,-0.01370509248226881,0.03910156339406967,-0.010789582505822182,0.0030752718448638916,-0.011525947600603104,-0.015285138040781021,-0.004203926771879196,0.0,0.0,-0.0047828578390181065,0.0019602044485509396,0.0018516273703426123,0.0026197852566838264,0.09184470772743225,0.12238035351037979,-0.0004821612383238971,1.1563416719436646,-0.18518131971359253,0.6533810496330261,0.08850907534360886,0.11789561063051224,0.0003564459038898349,-0.0002965735620819032,-0.09001746773719788,-0.11011499166488647,0.000328363967128098,2.0,2.0,2.0,2.0,0.15025390684604645,0.22078125178813934,-0.15025390684604645,-0.22998046875,0.0,0.17236964404582977,0.23926520347595215,-0.17269690334796906,-0.23959703743457794,0.0,-0.3422377109527588,0.5868293642997742,-9.905378341674805,0.19968457520008087,-0.04999976232647896,0.11093006283044815,0.0,0.0,0.0,0.0,0.0,0.0,0.0,0.0,0.0,0.0,0.0,0.0,0.15641340613365173,0.24276980757713318,-0.15671636164188385,-0.2430781126022339,0.04114978387951851,0.04114978387951851,0.04114978387951851,0.04114978387951851,0.1238878145813942,0.11223025619983673,-0.24060946702957153,0.0,0.0,0.0,0.0,0.0,0.0,0.0
5266610807,0,-0.01958189345896244,-0.035765476524829865,-0.14738152921199799,6.569455581484362e-05,-0.04113857448101044,-0.14425118267536163,-0.05395227298140526,0.0041323816403746605,-0.010875933803617954,0.03929537162184715,-0.010746249929070473,0.0031303465366363525,-0.011537956073880196,-0.015202615410089493,-0.004271371755748987,0.0,0.0,-0.0047828578390181065,0.0025201085954904556,-0.001823011552914977,-0.0036261894274502993,0.0907488614320755,0.12197669595479965,-0.00042569980723783374,1.1563416719436646,-0.18518131971359253,0.6533810496330261,0.08850907534360886,0.11789561063051224,0.0003564459038898349,-0.0002965735620819032,-0.08997972309589386,-0.11044630408287048,0.00046639953507110476,2.0,2.0,2.0,2.0,0.15025390684604645,0.22231444716453552,-0.14872069656848907,-0.22998046875,0.0,0.17236964404582977,0.23926520347595215,-0.17269690334796906,-0.23959703743457794,0.0,-0.3422377109527588,0.5868293642997742,-9.905378341674805,0.19470268487930298,-0.030753644183278084,0.08948827534914017,0.0,0.0,0.0,0.0,0.0,0.0,0.0,0.0,0.0,0.0,0.0,0.0,0.16137279570102692,0.24245548248291016,-0.16167804598808289,-0.24276581406593323,0.04114978387951851,0.04114978387951851,0.04114978387951851,0.04114978387951851,0.09610015898942947,-0.08506663888692856,-0.41193971037864685,0.0,0.0,0.0,0.0,0.0,0.0,0.0
5276016476,0,-0.01959916763007641,-0.03575875237584114,-0.14739958941936493,6.569455581484362e-05,-0.04113857448101044,-0.14425118267536163,-0.059190813452005386,0.011154267936944962,-0.013591608963906765,0.03932991996407509,-0.01075969822704792,0.003148406744003296,-0.011525506153702736,-0.015440020710229874,-0.004368351772427559,0.0,0.0,-0.0047828578390181065,-0.0002484178403392434,0.0013604467967525125,-0.006423227488994598,0.09047355502843857,0.12257751077413559,-0.00023577280808240175,1.1161283254623413,-0.16460181772708893,0.5210175514221191,0.09329432249069214,0.11943439394235611,0.00816870853304863,-0.0003150081029161811,-0.08997972309589386,-0.11044630408287048,0.00046639953507110476,2.0,2.0,2.0,2.0,0.14872069656848907,0.2238476574420929,-0.15025390684604645,-0.23151367902755737,0.0,0.16883757710456848,0.22820770740509033,-0.16918490827083588,-0.2285592257976532,0.0,-0.3188173174858093,-0.34503307938575745,-9.728361129760742,0.20549117028713226,-0.044838935136795044,0.11007355153560638,0.0,0.0,0.0,0.0,0.0,0.0,0.0,0.0,0.0,0.0,0.0,0.0,0.16567814350128174,0.24120208621025085,-0.16598951816558838,-0.2415182888507843,0.04114978387951851,0.04114978387951851,0.04114978387951851,0.04114978387951851,-0.08425729721784592,0.08356275409460068,-0.3249609172344208,0.0,0.0,0.0,0.0,0.0,0.0,0.0
5285999284,0,-0.01959916763007641,-0.03575875237584114,-0.14739958941936493,6.569455581484362e-05,-0.04113857448101044,-0.14425118267536163,-0.059190813452005386,0.011154267936944962,-0.013591608963906765,0.03956782445311546,-0.01061630342155695,0.0032067596912384033,-0.011525506153702736,-0.015440020710229874,-0.004368351772427559,0.0,0.0,-0.0047828578390181065,-0.0002484178403392434,0.0013604467967525125,-0.006423227488994598,0.09047355502843857,0.12257751077413559,-0.00023577280808240175,1.1161283254623413,-0.16460181772708893,0.5210175514221191,0.09329432249069214,0.11943439394235611,0.00816870853304863,-0.0003150081029161811,-0.08997972309589386,-0.11044630408287048,0.00046639953507110476,2.0,2.0,2.0,2.0,0.15025390684604645,0.2238476574420929,-0.15178710222244263,-0.23151367902755737,0.0,0.16883757710456848,0.22820770740509033,-0.16918490827083588,-0.2285592257976532,0.0,-0.3188173174858093,-0.34503307938575745,-9.728361129760742,0.20943094789981842,-0.026862872764468193,0.1132621094584465,0.0,0.0,0.0,0.0,0.0,0.0,0.0,0.0,0.0,0.0,0.0,0.0,0.16854150593280792,0.23869793117046356,-0.16886159777641296,-0.2390226423740387,0.04114978387951851,0.04114978387951851,0.04114978387951851,0.04114978387951851,-0.08425729721784592,0.08356275409460068,-0.3249609172344208,0.0,0.0,0.0,0.0,0.0,0.0,0.0
5295921072,0,-0.019718119874596596,-0.03583044931292534,-0.14745794236660004,6.569455581484362e-05,-0.04113857448101044,-0.14425118267536163,-0.060821518301963806,0.0023236991837620735,-0.01385581586509943,0.03956782445311546,-0.01061630342155695,0.0032067596912384033,-0.011394900269806385,-0.015417007729411125,-0.004662071820348501,0.0,0.0,-0.0047828578390181065,-0.00042772386223077774,-0.0017862970707938075,-0.007106440607458353,0.09058021754026413,0.12256675213575363,-3.9532249502372e-05,1.0761640071868896,-0.18570250272750854,0.5124186873435974,0.09184519201517105,0.12713618576526642,0.005753409583121538,-0.00030130826053209603,-0.08997101336717606,-0.11099763959646225,0.00011670005187625065,2.0,2.0,2.0,2.0,0.1533203125,0.22691406309604645,-0.1533203125,-0.23304687440395355,0.0,0.15790455043315887,0.2247932404279709,-0.15823613107204437,-0.22512926161289215,0.0,-0.6307942271232605,-0.18094800412654877,-9.921670913696289,0.20943094789981842,-0.026862872764468193,0.1132621094584465,0.0,0.0,0.0,0.0,0.0,0.0,0.0,0.0,0.0,0.0,0.0,0.0,0.16950000822544098,0.2353730946779251,-0.16982869803905487,-0.23570623993873596,0.04114978387951851,0.04114978387951851,0.04114978387951851,0.04114978387951851,-0.018901553004980087,-0.15520204603672028,-0.00917262677103281,0.0,0.0,0.0,0.0,0.0,0.0,0.0
5306006239,0,-0.01975441537797451,-0.035894643515348434,-0.14748086035251617,6.569455581484362e-05,-0.04113857448101044,-0.14425118267536163,-0.058906812220811844,0.010278290137648582,-0.014233369380235672,0.03964041545987129,-0.010487914085388184,0.003229677677154541,-0.011520658619701862,-0.015599595382809639,-0.00464415131136775,0.0,0.0,-0.0047828578390181065,-0.00042772386223077774,-0.0017862970707938075,-0.007106440607458353,0.0906243845820427,0.1239166408777237,5.3667368774767965e-05,1.0761640071868896,-0.18570250272750854,0.5124186873435974,0.09184519201517105,0.12713618576526642,0.005753409583121538,-0.00030130826053209603,-0.0899975523352623,-0.11137828230857849,-0.00018342061957810074,2.0,2.0,2.0,2.0,0.15485352277755737,0.22538085281848907,-0.15485352277755737,-0.23151367902755737,0.0,0.15790455043315887,0.2247932404279709,-0.15823613107204437,-0.22512926161289215,0.0,-0.6307942271232605,-0.18094800412654877,-9.921670913696289,0.20601049065589905,-0.04258101060986519,0.11626363545656204,0.0,0.0,0.0,0.0,0.0,0.0,0.0,0.0,0.0,0.0,0.0,0.0,0.16833610832691193,0.23194316029548645,-0.16867026686668396,-0.2322816699743271,0.04114978387951851,0.04114978387951851,0.04114978387951851,0.04114978387951851,-0.018901553004980087,-0.15520204603672028,-0.00917262677103281,0.0,0.0,0.0,0.0,0.0,0.0,0.0
5315897247,0,-0.01975441537797451,-0.035894643515348434,-0.14748086035251617,6.569455581484362e-05,-0.04113857448101044,-0.14425118267536163,-0.058906812220811844,0.010278290137648582,-0.014233369380235672,0.03969304636120796,-0.010410971939563751,0.003250822424888611,-0.011520658619701862,-0.015599595382809639,-0.00464415131136775,0.0,0.0,-0.0047828578390181065,0.0013564834371209145,-0.00045885873259976506,-0.00607730308547616,0.0906243845820427,0.1239166408777237,5.3667368774767965e-05,1.133057713508606,-0.2341955602169037,0.6394500136375427,0.09184519201517105,0.12713618576526642,0.005753409583121538,-0.00030130826053209603,-0.08998928219079971,-0.1115877702832222,-0.0002849979791790247,2.0,2.0,2.0,2.0,0.1594531238079071,0.22691406309604645,-0.15638671815395355,-0.23151367902755737,0.0,0.15940843522548676,0.2439470887184143,-0.15974010527133942,-0.24428464472293854,0.0,-0.4423247277736664,-0.07482369244098663,-9.909910202026367,0.1970292329788208,-0.028495607897639275,0.10098981857299805,0.0,0.0,0.0,0.0,0.0,0.0,0.0,0.0,0.0,0.0,0.0,0.0,0.16590815782546997,0.22982051968574524,-0.1662445217370987,-0.23016127943992615,0.04114978387951851,0.04114978387951851,0.04114978387951851,0.04114978387951851,0.05544489622116089,-0.002769228769466281,0.05296460539102554,0.0,0.0,0.0,0.0,0.0,0.0,0.0
5325893065,0,-0.019780730828642845,-0.03593311458826065,-0.14750200510025024,6.569455581484362e-05,-0.04113857448101044,-0.14425118267536163,-0.05438684672117233,0.003318968927487731,-0.012126622721552849,0.03969304636120796,-0.010410971939563751,0.003250822424888611,-0.011437879875302315,-0.015423351898789406,-0.004745841957628727,0.0,0.0,-0.0047828578390181065,0.0022102552466094494,-0.0016818599542602897,-0.0024970141239464283,0.09143906831741333,0.12323891371488571,-8.130611968226731e-05,1.0836608409881592,-0.15672583878040314,0.5554440021514893,0.08847257494926453,0.12561088800430298,8.979668200481683e-05,-0.000274009071290493,-0.08998928219079971,-0.1115877702832222,-0.0002849979791790247,2.0,2.0,2.0,2.0,0.16098633408546448,0.22691406309604645,-0.15791992843151093,-0.22998046875,0.0,0.16445189714431763,0.2209150344133377,-0.16475379467010498,-0.22122032940387726,0.0,0.13971637189388275,0.20610472559928894,-9.715188026428223,0.1970292329788208,-0.028495607897639275,0.10098981857299805,0.0,0.0,0.0,0.0,0.0,0.0,0.0,0.0,0.0,0.0,0.0,0.0,0.16367796063423157,0.2294371873140335,-0.16401317715644836,-0.22977688908576965,0.04114978387951851,0.04114978387951851,0.04114978387951851,0.04114978387951851,0.07562430202960968,-0.06901199370622635,0.19959934055805206,0.0,0.0,0.0,0.0,0.0,0.0,0.0
5336319871,0,-0.019780730828642845,-0.03593311458826065,-0.14750200510025024,6.569455581484362e-05,-0.04113857448101044,-0.14425118267536163,-0.05438684672117233,0.003318968927487731,-0.012126622721552849,0.03969304636120796,-0.010410971939563751,0.003250822424888611,-0.011437879875302315,-0.015423351898789406,-0.004745841957628727,0.0,0.0,-0.0047828578390181065,0.003916292916983366,0.0035737156867980957,0.0016517185140401125,0.09143906831741333,0.12323891371488571,-8.130611968226731e-05,1.0643287897109985,-0.24221348762512207,0.6520134806632996,0.08556591719388962,0.11798941344022751,-0.004029821138828993,-0.0002586772898212075,-0.08992357552051544,-0.1119316965341568,-0.0002525013987906277,2.0,2.0,2.0,2.0,0.16098633408546448,0.22538085281848907,-0.1594531238079071,-0.23151367902755737,0.0,0.14570528268814087,0.2329261600971222,-0.14598946273326874,-0.23321515321731567,0.0,0.13971637189388275,0.20610472559928894,-9.715188026428223,0.1970292329788208,-0.028495607897639275,0.10098981857299805,0.0,0.0,0.0,0.0,0.0,0.0,0.0,0.0,0.0,0.0,0.0,0.0,0.16162645816802979,0.22929267585277557,-0.16195552051067352,-0.22962626814842224,0.04114978387951851,0.04114978387951851,0.04114978387951851,0.04114978387951851,0.0979534387588501,0.23152610659599304,0.29755735397338867,0.0,0.0,0.0,0.0,0.0,0.0,0.0
5345896732,0,-0.019761063158512115,-0.03597183898091316,-0.14754880964756012,6.569455581484362e-05,-0.04113857448101044,-0.14425118267536163,-0.056805625557899475,0.004744114354252815,-0.013981658034026623,0.0396537110209465,-0.010333523154258728,0.0032976269721984863,-0.011357777751982212,-0.015489289537072182,-0.00455383351072669,0.0,0.0,-0.0047828578390181065,0.001919616013765335,0.004039471037685871,0.007776183076202869,0.09060823917388916,0.12202238291501999,-0.00017370253044646233,1.0515252351760864,-0.2365197390317917,0.5736499428749084,0.08556591719388962,0.11798941344022751,-0.004029821138828993,-0.0002586772898212075,-0.08992357552051544,-0.1119316965341568,-0.0002525013987906277,2.0,2.0,2.0,2.0,0.1594531238079071,0.22538085281848907,-0.1594531238079071,-0.23151367902755737,0.0,0.1444350779056549,0.22956685721874237,-0.144719198346138,-0.22985558211803436,0.0,-0.14083364605903625,-0.3738802373409271,-9.717016220092773,0.20202623307704926,-0.03127777948975563,0.11520186811685562,0.0,0.0,0.0,0.0,0.0,0.0,0.0,0.0,0.0,0.0,0.0,0.0,0.15848582983016968,0.22918300330638885,-0.15880440175533295,-0.22950612008571625,0.04114978387951851,0.04114978387951851,0.04114978387951851,0.04114978387951851,-0.030530165880918503,0.13087968528270721,0.45250359177589417,0.0,0.0,0.0,0.0,0.0,0.0,0.0
5356286039,0,-0.019720233976840973,-0.03604545816779137,-0.14759103953838348,6.569455581484362e-05,-0.04113857448101044,-0.14425118267536163,-0.05703931301832199,0.009953792206943035,-0.01501634530723095,0.03957205265760422,-0.010186283849179745,0.0033398568630218506,-0.011418020352721214,-0.015586098656058311,-0.0042942361906170845,0.0,0.0,-0.0047828578390181065,0.001919616013765335,0.004039471037685871,0.007776183076202869,0.09060823917388916,0.12202238291501999,-0.00017370253044646233,1.0515252351760864,-0.2365197390317917,0.5736499428749084,0.09117388725280762,0.1220339685678482,-0.012403205968439579,-0.00024354389461223036,-0.08992652595043182,-0.11224491149187088,0.00010666299931472167,2.0,2.0,2.0,2.0,0.15791992843151093,0.22538085281848907,-0.1594531238079071,-0.23151367902755737,0.0,0.14444340765476227,0.2295752763748169,-0.14471088349819183,-0.22984713315963745,0.0,-0.14083364605903625,-0.3738802373409271,-9.717016220092773,0.20257173478603363,-0.04151336848735809,0.12325248122215271,0.0,0.0,0.0,0.0,0.0,0.0,0.0,0.0,0.0,0.0,0.0,0.0,0.15440747141838074,0.22935523092746735,-0.15471376478672028,-0.2296661138534546,0.04114978387951851,0.04114978387951851,0.04114978387951851,0.04114978387951851,-0.030530165880918503,0.13087968528270721,0.45250359177589417,0.0,0.0,0.0,0.0,0.0,0.0,0.0
5366067314,0,-0.019720233976840973,-0.03604545816779137,-0.14759103953838348,6.569455581484362e-05,-0.04113857448101044,-0.14425118267536163,-0.05703931301832199,0.009953792206943035,-0.01501634530723095,0.039438195526599884,-0.010126745328307152,0.0033596307039260864,-0.011418020352721214,-0.015586098656058311,-0.0042942361906170845,0.0,0.0,-0.0047828578390181065,-0.0037473037373274565,0.000223744340473786,0.008980334736406803,0.09130529314279556,0.12382834404706955,-0.0006170787964947522,1.0559343099594116,-0.14262543618679047,0.5483512282371521,0.09117388725280762,0.1220339685678482,-0.012403205968439579,-0.00024354389461223036,-0.08992652595043182,-0.11224491149187088,0.00010666299931472167,2.0,2.0,2.0,2.0,0.1594531238079071,0.22538085281848907,-0.15791992843151093,-0.23151367902755737,0.0,0.16202740371227264,0.21336016058921814,-0.1622956097126007,-0.21363100409507751,0.0,-0.08004099130630493,-0.4094040095806122,-9.587560653686523,0.19730088114738464,-0.04261014983057976,0.10607245564460754,0.0,0.0,0.0,0.0,0.0,0.0,0.0,0.0,0.0,0.0,0.0,0.0,0.15137381851673126,0.22873210906982422,-0.1516677290201187,-0.2290305197238922,0.04114978387951851,0.04114978387951851,0.04114978387951851,0.04114978387951851,-0.2288658618927002,-0.11012280732393265,0.08927533775568008,0.0,0.0,0.0,0.0,0.0,0.0,0.0
5376405888,0,-0.019653305411338806,-0.036075226962566376,-0.14761081337928772,6.569455581484362e-05,-0.04113857448101044,-0.14425118267536163,-0.05448322743177414,0.01055638212710619,-0.012724793516099453,0.039438195526599884,-0.010126745328307152,0.0033596307039260864,-0.011617430485785007,-0.015865743160247803,-0.004272249527275562,0.0,0.0,-0.0047828578390181065,-0.003907369449734688,0.0020747417584061623,0.002301131607964635,0.09233888983726501,0.12614133954048157,-0.0005021108081564307,1.1078580617904663,-0.16999021172523499,0.5462026596069336,0.09821981936693192,0.12850616872310638,-0.00163409230299294,-0.00025481998454779387,-0.08999750763177872,-0.11246353387832642,0.00027974217664450407,2.0,2.0,2.0,2.0,0.15791992843151093,0.22538085281848907,-0.15791992843151093,-0.22998046875,0.0,0.16642187535762787,0.22771824896335602,-0.16670271754264832,-0.2280026227235794,0.0,-0.2939557731151581,0.5910106897354126,-9.809815406799316,0.19730088114738464,-0.04261014983057976,0.10607245564460754,0.0,0.0,0.0,0.0,0.0,0.0,0.0,0.0,0.0,0.0,0.0,0.0,0.15123924612998962,0.22699952125549316,-0.15152288973331451,-0.22728735208511353,0.04114978387951851,0.04114978387951851,0.04114978387951851,0.04114978387951851,-0.05177415907382965,0.11964984238147736,-0.174169659614563,0.0,0.0,0.0,0.0,0.0,0.0,0.0
5386015256,0,-0.019653305411338806,-0.036075226962566376,-0.14761081337928772,6.569455581484362e-05,-0.04113857448101044,-0.14425118267536163,-0.05448322743177414,0.01055638212710619,-0.012724793516099453,0.039438195526599884,-0.010126745328307152,0.0033596307039260864,-0.011617430485785007,-0.015865743160247803,-0.004272249527275562,0.0,0.0,-0.0047828578390181065,-0.003907369449734688,0.0020747417584061623,0.002301131607964635,0.09162705391645432,0.12541425228118896,-0.0005186744383536279,1.1078580617904663,-0.16999021172523499,0.5462026596069336,0.09697124361991882,0.12046119570732117,1.2320204405114055e-05,-0.00026275895652361214,-0.09012967348098755,-0.11285688728094101,0.00038582150591537356,2.0,2.0,2.0,2.0,0.15791992843151093,0.22691406309604645,-0.15791992843151093,-0.22844725847244263,0.0,0.16641749441623688,0.22771388292312622,-0.16670706868171692,-0.2280070185661316,0.0,-0.2939557731151581,0.5910106897354126,-9.809815406799316,0.19730088114738464,-0.04261014983057976,0.10607245564460754,0.0,0.0,0.0,0.0,0.0,0.0,0.0,0.0,0.0,0.0,0.0,0.0,0.15377174317836761,0.225617453455925,-0.15404964983463287,-0.22589924931526184,0.04114978387951851,0.04114978387951851,0.04114978387951851,0.04114978387951851,-0.05177415907382965,0.11964984238147736,-0.174169659614563,0.0,0.0,0.0,0.0,0.0,0.0,0.0
5395997707,0,-0.019618365913629532,-0.036070313304662704,-0.1476174294948578,6.569455581484362e-05,-0.04113857448101044,-0.14425118267536163,-0.053960707038640976,0.012372304685413837,-0.011519605293869972,0.03932613134384155,-0.010224795900285244,0.0033715516328811646,-0.011601895093917847,-0.015599397011101246,-0.004199308808892965,0.0,0.0,-0.0047828578390181065,-0.003907369449734688,0.0020747417584061623,0.002301131607964635,0.09162705391645432,0.12541425228118896,-0.0005186744383536279,1.1078580617904663,-0.16999021172523499,0.5462026596069336,0.09697124361991882,0.12046119570732117,1.2320204405114055e-05,-0.00026275895652361214,-0.0901067703962326,-0.1130581647157669,0.000395418144762516,2.0,2.0,2.0,2.0,0.15638671815395355,0.22538085281848907,-0.15638671815395355,-0.22691406309604645,0.0,0.16641749441623688,0.22771388292312622,-0.16670706868171692,-0.2280070185661316,0.0,-0.2939557731151581,0.5910106897354126,-9.809815406799316,0.20495577156543732,-0.041687898337841034,0.12948356568813324,0.0,0.0,0.0,0.0,0.0,0.0,0.0,0.0,0.0,0.0,0.0,0.0,0.15735094249248505,0.225324809551239,-0.15762777626514435,-0.225605309009552,0.04114978387951851,0.04114978387951851,0.04114978387951851,0.04114978387951851,-0.05177415907382965,0.11964984238147736,-0.174169659614563,0.0,0.0,0.0,0.0,0.0,0.0,0.0
5406250870,0,-0.01959727331995964,-0.03602620214223862,-0.1476227343082428,6.569455581484362e-05,-0.04113857448101044,-0.14425118267536163,-0.05825246497988701,0.009963021613657475,-0.015557399019598961,0.03932613134384155,-0.010224795900285244,0.0033715516328811646,-0.011379974894225597,-0.015713684260845184,-0.004315629601478577,0.0,0.0,-0.0047828578390181065,0.005080582108348608,0.00132885726634413,-9.844472515396774e-05,0.09044503420591354,0.12493639439344406,-0.0005515939556062222,1.1272567510604858,-0.2292834371328354,0.7121596336364746,0.08297964930534363,0.12338373064994812,0.0009527959045954049,-0.00027860316913574934,-0.0901067703962326,-0.1130581647157669,0.000395418144762516,2.0,2.0,2.0,2.0,0.15485352277755737,0.22691406309604645,-0.15485352277755737,-0.22844725847244263,0.0,0.15926174819469452,0.24200865626335144,-0.15956850349903107,-0.24232064187526703,0.0,-0.40177780389785767,-0.20391970872879028,-9.812250137329102,0.20495577156543732,-0.041687898337841034,0.12948356568813324,0.0,0.0,0.0,0.0,0.0,0.0,0.0,0.0,0.0,0.0,0.0,0.0,0.1604541391134262,0.22628118097782135,-0.16073359549045563,-0.2265642285346985,0.04114978387951851,0.04114978387951851,0.04114978387951851,0.04114978387951851,0.2384805679321289,0.022381028160452843,-0.10140547156333923,0.0,0.0,0.0,0.0,0.0,0.0,0.0
5416218537,0,-0.01959727331995964,-0.03602620214223862,-0.1476227343082428,6.569455581484362e-05,-0.04113857448101044,-0.14425118267536163,-0.05825246497988701,0.009963021613657475,-0.015557399019598961,0.03932613134384155,-0.010224795900285244,0.0033715516328811646,-0.011379974894225597,-0.015713684260845184,-0.004315629601478577,0.0,0.0,-0.0047828578390181065,0.005080582108348608,0.00132885726634413,-9.844472515396774e-05,0.09044503420591354,0.12493639439344406,-0.0005515939556062222,1.1272567510604858,-0.2292834371328354,0.7121596336364746,0.08297964930534363,0.12338373064994812,0.0009527959045954049,-0.00027860316913574934,-0.09001640975475311,-0.11347641795873642,0.0003650431171990931,2.0,2.0,2.0,2.0,0.15178710222244263,0.22538085281848907,-0.15485352277755737,-0.22844725847244263,0.0,0.15926174819469452,0.24200865626335144,-0.15956850349903107,-0.24232064187526703,0.0,-0.40177780389785767,-0.20391970872879028,-9.812250137329102,0.20495577156543732,-0.041687898337841034,0.12948356568813324,0.0,0.0,0.0,0.0,0.0,0.0,0.0,0.0,0.0,0.0,0.0,0.0,0.16209040582180023,0.228994220495224,-0.16237540543079376,-0.22928299009799957,0.04114978387951851,0.04114978387951851,0.04114978387951851,0.04114978387951851,0.2384805679321289,0.022381028160452843,-0.10140547156333923,0.0,0.0,0.0,0.0,0.0,0.0,0.0
5426664926,0,-0.019544394686818123,-0.03604840487241745,-0.14764486253261566,6.569455581484362e-05,-0.04113857448101044,-0.14425118267536163,-0.05620371922850609,0.011611701920628548,-0.014439770951867104,0.03922037407755852,-0.010180390439927578,0.0033936798572540283,-0.011455537751317024,-0.015936532989144325,-0.004302695393562317,0.0,0.0,-0.0047828578390181065,-0.0018614251166582108,0.0015565823996439576,-0.003850259818136692,0.09123460948467255,0.1260920912027359,-0.00036047573667019606,1.1044152975082397,-0.24710384011268616,0.6624444723129272,0.09570052474737167,0.12349798530340195,0.0047516003251075745,-0.00028864905470982194,-0.09001640975475311,-0.11347641795873642,0.0003650431171990931,2.0,2.0,2.0,2.0,0.1533203125,0.22691406309604645,-0.15485352277755737,-0.22691406309604645,0.0,0.15198025107383728,0.24108894169330597,-0.15229766070842743,-0.24141202867031097,0.0,-0.6366270184516907,0.031230095773935318,-10.082290649414062,0.2008027732372284,-0.044927969574928284,0.12044444680213928,0.0,0.0,0.0,0.0,0.0,0.0,0.0,0.0,0.0,0.0,0.0,0.0,0.16203725337982178,0.2326875925064087,-0.1623295098543167,-0.23298397660255432,0.04114978387951851,0.04114978387951851,0.04114978387951851,0.04114978387951851,-0.2604493498802185,0.1037522479891777,-0.1845613569021225,0.0,0.0,0.0,0.0,0.0,0.0,0.0
5436020017,0,-0.019544394686818123,-0.03604840487241745,-0.14764486253261566,6.569455581484362e-05,-0.04113857448101044,-0.14425118267536163,-0.05620371922850609,0.011611701920628548,-0.014439770951867104,0.03916792571544647,-0.009992396458983421,0.003446444869041443,-0.011455537751317024,-0.015936532989144325,-0.004302695393562317,0.0,0.0,-0.0047828578390181065,-0.006371947005391121,0.0003917111607734114,-0.004494384862482548,0.09123460948467255,0.1260920912027359,-0.00036047573667019606,1.1187288761138916,-0.18028905987739563,0.6790033578872681,0.10292357206344604,0.125440314412117,0.004830924794077873,-0.0002903528802562505,-0.09001640975475311,-0.11347641795873642,0.0003650431171990931,2.0,2.0,2.0,2.0,0.1533203125,0.22538085281848907,-0.15638671815395355,-0.22691406309604645,0.0,0.1665048450231552,0.23154164850711823,-0.1668248027563095,-0.23186589777469635,0.0,-0.4523622989654541,0.16614598035812378,-9.948780059814453,0.19886142015457153,-0.04202629625797272,0.13251273334026337,0.0,0.0,0.0,0.0,0.0,0.0,0.0,0.0,0.0,0.0,0.0,0.0,0.16116127371788025,0.23565632104873657,-0.16146136820316315,-0.2359609156847,0.04114978387951851,0.04114978387951851,0.04114978387951851,0.04114978387951851,-0.3593204915523529,-0.019268089905381203,-0.14213019609451294,0.0,0.0,0.0,0.0,0.0,0.0,0.0
5446022797,0,-0.0195181705057621,-0.03614240139722824,-0.14769762754440308,6.569455581484362e-05,-0.04113857448101044,-0.14425118267536163,-0.055180031806230545,0.010315312072634697,-0.01599832996726036,0.039134614169597626,-0.009956223890185356,0.003479018807411194,-0.011694913730025291,-0.015802910551428795,-0.0044109695591032505,0.0,0.0,-0.0047828578390181065,-0.00513160414993763,0.00026623535086400807,-0.006844791583716869,0.09349789470434189,0.1267494112253189,-0.00038227770710363984,1.1187288761138916,-0.18028905987739563,0.6790033578872681,0.10292357206344604,0.125440314412117,0.004830924794077873,-0.0002903528802562505,-0.0902535542845726,-0.11409350484609604,8.58746498124674e-05,2.0,2.0,2.0,2.0,0.15638671815395355,0.22691406309604645,-0.15791992843151093,-0.22844725847244263,0.0,0.1665048450231552,0.23154164850711823,-0.1668248027563095,-0.23186589777469635,0.0,-0.4523622989654541,0.16614598035812378,-9.948780059814453,0.20317848026752472,-0.03479631990194321,0.1465863287448883,0.0,0.0,0.0,0.0,0.0,0.0,0.0,0.0,0.0,0.0,0.0,0.0,0.16104643046855927,0.23679755628108978,-0.1613539308309555,-0.23710976541042328,0.04114978387951851,0.04114978387951851,0.04114978387951851,0.04114978387951851,-0.11782702803611755,-0.00045490681077353656,-0.17850619554519653,0.0,0.0,0.0,0.0,0.0,0.0,0.0
5456026697,0,-0.019501514732837677,-0.036160487681627274,-0.14773020148277283,6.569455581484362e-05,-0.04113857448101044,-0.14425118267536163,-0.05730914697051048,0.006733441259711981,-0.01787589304149151,0.039134614169597626,-0.009956223890185356,0.003479018807411194,-0.01170499250292778,-0.01591837964951992,-0.004591231234371662,0.0,0.0,-0.0047828578390181065,0.007905063219368458,-0.00314418226480484,-0.0032923331018537283,0.09258083254098892,0.125955268740654,-0.0002625267079565674,1.0582358837127686,-0.2016560435295105,0.5712722539901733,0.0892062857747078,0.13185130059719086,0.0052766576409339905,-0.00028314744122326374,-0.0902535542845726,-0.11409350484609604,8.58746498124674e-05,2.0,2.0,2.0,2.0,0.15791992843151093,0.22691406309604645,-0.15791992843151093,-0.22844725847244263,0.0,0.15185241401195526,0.22444532811641693,-0.15216372907161713,-0.2247610241174698,0.0,0.07240811735391617,0.057918980717659,-9.531532287597656,0.20317848026752472,-0.03479631990194321,0.1465863287448883,0.0,0.0,0.0,0.0,0.0,0.0,0.0,0.0,0.0,0.0,0.0,0.0,0.1613212376832962,0.23606160283088684,-0.16163426637649536,-0.23637938499450684,0.04114978387951851,0.04114978387951851,0.04114978387951851,0.04114978387951851,0.43582433462142944,-0.06477467715740204,0.1046430915594101,0.0,0.0,0.0,0.0,0.0,0.0,0.0
5465882733,0,-0.019411589950323105,-0.03617136925458908,-0.1477610468864441,6.569455581484362e-05,-0.04113857448101044,-0.14425118267536163,-0.05518534034490585,0.006427054293453693,-0.010716688819229603,0.03895476087927818,-0.009934459812939167,0.0035098642110824585,-0.011341337114572525,-0.015926338732242584,-0.004454623907804489,0.0,0.0,-0.0047828578390181065,0.007905063219368458,-0.00314418226480484,-0.0032923331018537283,0.09258083254098892,0.125955268740654,-0.0002625267079565674,1.1031951904296875,-0.2543866038322449,0.57462477684021,0.07794949412345886,0.13179811835289001,0.0016157545614987612,-0.0002742587239481509,-0.0902535542845726,-0.11409350484609604,8.58746498124674e-05,2.0,2.0,2.0,2.0,0.15791992843151093,0.22691406309604645,-0.15791992843151093,-0.22998046875,0.0,0.15046773850917816,0.2422008365392685,-0.1507692039012909,-0.24250787496566772,0.0,0.07240811735391617,0.057918980717659,-9.531532287597656,0.1985912024974823,-0.034061990678310394,0.09277380257844925,0.0,0.0,0.0,0.0,0.0,0.0,0.0,0.0,0.0,0.0,0.0,0.0,0.1603211909532547,0.23470258712768555,-0.1606365591287613,-0.23502272367477417,0.04114978387951851,0.04114978387951851,0.04114978387951851,0.04114978387951851,0.43582433462142944,-0.06477467715740204,0.1046430915594101,0.0,0.0,0.0,0.0,0.0,0.0,0.0
5476385378,0,-0.019411589950323105,-0.03617136925458908,-0.1477610468864441,6.569455581484362e-05,-0.04113857448101044,-0.14425118267536163,-0.05518534034490585,0.006427054293453693,-0.010716688819229603,0.03895476087927818,-0.009934459812939167,0.0035098642110824585,-0.011341337114572525,-0.015926338732242584,-0.004454623907804489,0.0,0.0,-0.0047828578390181065,0.0007603607373312116,0.0010372266406193376,0.0031054422724992037,0.09014863520860672,0.12661950290203094,-0.00028548837872222066,1.0922516584396362,-0.18734094500541687,0.5102559328079224,0.07794949412345886,0.13179811835289001,0.0016157545614987612,-0.0002742587239481509,-0.09018206596374512,-0.11460185050964355,-7.754926627967507e-05,2.0,2.0,2.0,2.0,0.15791992843151093,0.22844725847244263,-0.1594531238079071,-0.23151367902755737,0.0,0.16050636768341064,0.2280239462852478,-0.16080838441848755,-0.22832997143268585,0.0,-0.2468704879283905,-0.27039578557014465,-9.616844177246094,0.1985912024974823,-0.034061990678310394,0.09277380257844925,0.0,0.0,0.0,0.0,0.0,0.0,0.0,0.0,0.0,0.0,0.0,0.0,0.1585380882024765,0.23394472897052765,-0.15885253250598907,-0.23426398634910583,0.04114978387951851,0.04114978387951851,0.04114978387951851,0.04114978387951851,-0.21804861724376678,0.09132560342550278,0.2489130049943924,0.0,0.0,0.0,0.0,0.0,0.0,0.0
5486699605,0,-0.019411589950323105,-0.03617136925458908,-0.1477610468864441,6.569455581484362e-05,-0.04113857448101044,-0.14425118267536163,-0.05518534034490585,0.006427054293453693,-0.010716688819229603,0.038768116384744644,-0.009952431544661522,0.0034878700971603394,-0.011341337114572525,-0.015926338732242584,-0.004454623907804489,0.0,0.0,-0.0047828578390181065,0.0007603607373312116,0.0010372266406193376,0.0031054422724992037,0.09014863520860672,0.12661950290203094,-0.00028548837872222066,1.0795694589614868,-0.21787843108177185,0.6236096024513245,0.09264901280403137,0.12584367394447327,-0.004932521376758814,-0.0002576225670054555,-0.09018206596374512,-0.11460185050964355,-7.754926627967507e-05,2.0,2.0,2.0,2.0,0.15485352277755737,0.22691406309604645,-0.1594531238079071,-0.23151367902755737,0.0,0.15278053283691406,0.23127475380897522,-0.15306393802165985,-0.23156248033046722,0.0,-0.19403046369552612,-0.31815198063850403,-9.854146957397461,0.19799187779426575,-0.02712898887693882,0.12313724309206009,0.0,0.0,0.0,0.0,0.0,0.0,0.0,0.0,0.0,0.0,0.0,0.0,0.15720482170581818,0.23328344523906708,-0.15751563012599945,-0.23359902203083038,0.04114978387951851,0.04114978387951851,0.04114978387951851,0.04114978387951851,-0.21804861724376678,0.09132560342550278,0.2489130049943924,0.0,0.0,0.0,0.0,0.0,0.0,0.0
5496603711,0,-0.019318267703056335,-0.03616238385438919,-0.14773905277252197,6.569455581484362e-05,-0.04113857448101044,-0.14425118267536163,-0.05494382232427597,0.0028775562532246113,-0.014420129358768463,0.038768116384744644,-0.009952431544661522,0.0034878700971603394,-0.0116718215867877,-0.016031989827752113,-0.004436691291630268,0.0,0.0,-0.0047828578390181065,-0.008332709781825542,0.002794933505356312,0.007215531542897224,0.09343848377466202,0.12662753462791443,-0.0005417352076619864,1.088955283164978,-0.14920943975448608,0.677254855632782,0.09264901280403137,0.12584367394447327,-0.004932521376758814,-0.0002576225670054555,-0.09027267247438431,-0.11525499075651169,0.00015290456940419972,2.0,2.0,2.0,2.0,0.15638671815395355,0.22844725847244263,-0.1594531238079071,-0.23151367902755737,0.0,0.1667570024728775,0.22052164375782013,-0.1670408993959427,-0.22080858051776886,0.0,-0.19403046369552612,-0.31815198063850403,-9.854146957397461,0.19799187779426575,-0.02712898887693882,0.12313724309206009,0.0,0.0,0.0,0.0,0.0,0.0,0.0,0.0,0.0,0.0,0.0,0.0,0.15673385560512543,0.23194155097007751,-0.15703870356082916,-0.23225097358226776,0.04114978387951851,0.04114978387951851,0.04114978387951851,0.04114978387951851,-0.5130978226661682,0.11206880956888199,0.3195174038410187,0.0,0.0,0.0,0.0,0.0,0.0,0.0
5506178038,0,-0.01927695795893669,-0.03619147837162018,-0.1477416604757309,6.569455581484362e-05,-0.04113857448101044,-0.14425118267536163,-0.04996582120656967,0.00468601705506444,-0.011648878455162048,0.038685496896505356,-0.009894241578876972,0.0034904778003692627,-0.011894920840859413,-0.01600510999560356,-0.004260138608515263,0.0,0.0,-0.0047828578390181065,-0.008385630324482918,-0.0012457984266802669,0.00749055203050375,0.09387832880020142,0.1279018372297287,-0.0005703245988115668,1.0333017110824585,-0.1686398983001709,0.5607477426528931,0.10502903908491135,0.1304134577512741,-0.00770525261759758,-0.0002543655573390424,-0.09027267247438431,-0.11525499075651169,0.00015290456940419972,2.0,2.0,2.0,2.0,0.15485352277755737,0.22691406309604645,-0.1594531238079071,-0.23151367902755737,0.0,0.1533137857913971,0.21396589279174805,-0.15359346568584442,-0.21424882113933563,0.0,-0.26147544384002686,0.4374137818813324,-10.043560981750488,0.18787303566932678,-0.030661799013614655,0.1019541323184967,0.0,0.0,0.0,0.0,0.0,0.0,0.0,0.0,0.0,0.0,0.0,0.0,0.15708684921264648,0.2293679267168045,-0.1573846936225891,-0.22967003285884857,0.04114978387951851,0.04114978387951851,0.04114978387951851,0.04114978387951851,-0.2765083909034729,-0.12658195197582245,0.1913960874080658,0.0,0.0,0.0,0.0,0.0,0.0,0.0
5515885801,0,-0.01927695795893669,-0.03619147837162018,-0.1477416604757309,6.569455581484362e-05,-0.04113857448101044,-0.14425118267536163,-0.04996582120656967,0.00468601705506444,-0.011648878455162048,0.038554880768060684,-0.009894330985844135,0.003546983003616333,-0.011894920840859413,-0.01600510999560356,-0.004260138608515263,0.0,0.0,-0.0047828578390181065,-0.0025085622910410166,-0.0021390870679169893,0.004796316847205162,0.09387832880020142,0.1279018372297287,-0.0005703245988115668,1.0979498624801636,-0.21972644329071045,0.6632316708564758,0.09456461668014526,0.13209451735019684,-0.0034796036779880524,-0.0002597931306809187,-0.09042831510305405,-0.11575528979301453,0.00036486677709035575,2.0,2.0,2.0,2.0,0.15638671815395355,0.22844725847244263,-0.15791992843151093,-0.23151367902755737,0.0,0.15573711693286896,0.23494888842105865,-0.15602286159992218,-0.23523926734924316,0.0,-0.26147544384002686,0.4374137818813324,-10.043560981750488,0.1960093230009079,-0.02937360666692257,0.1424425095319748,0.0,0.0,0.0,0.0,0.0,0.0,0.0,0.0,0.0,0.0,0.0,0.0,0.15729616582393646,0.2265305072069168,-0.1575876772403717,-0.226826012134552,0.04114978387951851,0.04114978387951851,0.04114978387951851,0.04114978387951851,0.1418813019990921,-0.09741046279668808,-0.021451259031891823,0.0,0.0,0.0,0.0,0.0,0.0,0.0
5526406691,0,-0.019211649894714355,-0.0361914336681366,-0.14779816567897797,6.569455581484362e-05,-0.04113857448101044,-0.14425118267536163,-0.05399713292717934,0.003985181450843811,-0.01681755855679512,0.038437824696302414,-0.009932507760822773,0.003568321466445923,-0.01162209827452898,-0.016165144741535187,-0.004234787076711655,0.0,0.0,-0.0047828578390181065,0.008709265850484371,-0.0029158543329685926,0.0030370394233614206,0.09139353781938553,0.12884584069252014,-0.0005765746464021504,1.0979498624801636,-0.21972644329071045,0.6632316708564758,0.09456461668014526,0.13209451735019684,-0.0034796036779880524,-0.0002597931306809187,-0.09042831510305405,-0.11575528979301453,0.00036486677709035575,2.0,2.0,2.0,2.0,0.15485352277755737,0.22691406309604645,-0.15791992843151093,-0.23151367902755737,0.0,0.15573711693286896,0.23494888842105865,-0.15602286159992218,-0.23523926734924316,0.0,-0.3583924472332001,-0.15489552915096283,-9.838224411010742,0.19667264819145203,-0.03748859465122223,0.15496090054512024,0.0,0.0,0.0,0.0,0.0,0.0,0.0,0.0,0.0,0.0,0.0,0.0,0.1569996327161789,0.22572045028209686,-0.15728668868541718,-0.22601142525672913,0.04114978387951851,0.04114978387951851,0.04114978387951851,0.04114978387951851,0.6125065088272095,-0.09288366138935089,-0.09655957669019699,0.0,0.0,0.0,0.0,0.0,0.0,0.0
5536088517,0,-0.01915312185883522,-0.03617234528064728,-0.14781950414180756,6.569455581484362e-05,-0.04113857448101044,-0.14425118267536163,-0.05435428023338318,0.007989841513335705,-0.01861472614109516,0.038437824696302414,-0.009932507760822773,0.003568321466445923,-0.011319453828036785,-0.01626613549888134,-0.00430761743336916,0.0,0.0,-0.0047828578390181065,0.009078450500965118,0.0011529610492289066,0.00016177483485080302,0.08873448520898819,0.1293114274740219,-0.0005704357172362506,1.0740008354187012,-0.15333113074302673,0.7569383382797241,0.07897600531578064,0.125566303730011,0.0014101306442171335,-0.000275533355306834,-0.0902148187160492,-0.11623585224151611,0.00042629989911802113,2.0,2.0,2.0,2.0,0.15791992843151093,0.22691406309604645,-0.15791992843151093,-0.23151367902755737,0.0,0.16332846879959106,0.21854960918426514,-0.16363196074962616,-0.21885637938976288,0.0,-0.3583924472332001,-0.15489552915096283,-9.838224411010742,0.19667264819145203,-0.03748859465122223,0.15496090054512024,0.0,0.0,0.0,0.0,0.0,0.0,0.0,0.0,0.0,0.0,0.0,0.0,0.1569710224866867,0.22626842558383942,-0.15725645422935486,-0.22655780613422394,0.04114978387951851,0.04114978387951851,0.04114978387951851,0.04114978387951851,0.24795758724212646,0.1459845006465912,-0.16287796199321747,0.0,0.0,0.0,0.0,0.0,0.0,0.0
5546014706,0,-0.01915312185883522,-0.03617234528064728,-0.14781950414180756,6.569455581484362e-05,-0.04113857448101044,-0.14425118267536163,-0.05435428023338318,0.007989841513335705,-0.01861472614109516,0.038437824696302414,-0.009932507760822773,0.003568321466445923,-0.011319453828036785,-0.01626613549888134,-0.00430761743336916,0.0,0.0,-0.0047828578390181065,0.009078450500965118,0.0011529610492289066,0.00016177483485080302,0.08873448520898819,0.1293114274740219,-0.0005704357172362506,1.0740008354187012,-0.15333113074302673,0.7569383382797241,0.07897600531578064,0.125566303730011,0.0014101306442171335,-0.000275533355306834,-0.0902148187160492,-0.11623585224151611,0.00042629989911802113,2.0,2.0,2.0,2.0,0.15485352277755737,0.22691406309604645,-0.15791992843151093,-0.22998046875,0.0,0.16332846879959106,0.21854960918426514,-0.16363196074962616,-0.21885637938976288,0.0,-0.3583924472332001,-0.15489552915096283,-9.838224411010742,0.19667264819145203,-0.03748859465122223,0.15496090054512024,0.0,0.0,0.0,0.0,0.0,0.0,0.0,0.0,0.0,0.0,0.0,0.0,0.15777987241744995,0.22587011754512787,-0.1580670177936554,-0.2261611521244049,0.04114978387951851,0.04114978387951851,0.04114978387951851,0.04114978387951851,0.24795758724212646,0.1459845006465912,-0.16287796199321747,0.0,0.0,0.0,0.0,0.0,0.0,0.0
5556345532,0,-0.019027886912226677,-0.036154311150312424,-0.14787298440933228,6.569455581484362e-05,-0.04113857448101044,-0.14425118267536163,-0.055349744856357574,0.0064087905921041965,-0.012345520779490471,0.03818735107779503,-0.009968576952815056,0.003621801733970642,-0.011428593657910824,-0.016333699226379395,-0.004174748435616493,0.0,0.0,-0.0047828578390181065,-0.0034145349636673927,-0.0005796054610982537,0.0009901562007144094,0.09083448350429535,0.12986309826374054,-0.0006176946917548776,1.0900510549545288,-0.18875522911548615,0.5910976529121399,0.10038729757070541,0.13084343075752258,-0.00034654323826543987,-0.0002894304634537548,-0.0901692733168602,-0.1164788082242012,0.0004538587818387896,2.0,2.0,2.0,2.0,0.15638671815395355,0.22691406309604645,-0.15791992843151093,-0.22998046875,0.0,0.15985064208507538,0.227872833609581,-0.16016940772533417,-0.22819575667381287,0.0,-0.5187205672264099,0.3264380693435669,-9.75777816772461,0.1981910914182663,-0.034319132566452026,0.10747230052947998,0.0,0.0,0.0,0.0,0.0,0.0,0.0,0.0,0.0,0.0,0.0,0.0,0.15904110670089722,0.2247534841299057,-0.15933281183242798,-0.2250489592552185,0.04114978387951851,0.04114978387951851,0.04114978387951851,0.04114978387951851,-0.4401078224182129,-0.01801902800798416,-0.04139546677470207,0.0,0.0,0.0,0.0,0.0,0.0,0.0
5566073365,0,-0.019027886912226677,-0.036154311150312424,-0.14787298440933228,6.569455581484362e-05,-0.04113857448101044,-0.14425118267536163,-0.055349744856357574,0.0064087905921041965,-0.012345520779490471,0.03818735107779503,-0.009968576952815056,0.003621801733970642,-0.011428593657910824,-0.016333699226379395,-0.004174748435616493,0.0,0.0,-0.0047828578390181065,-0.007224940694868565,-0.003608166007325053,-0.000457345275208354,0.09160833060741425,0.1313602179288864,-0.0004740105359815061,1.0464216470718384,-0.15835122764110565,0.6187373399734497,0.1036640852689743,0.13621720671653748,0.0011530228657647967,-0.0002966955362353474,-0.0901692733168602,-0.1164788082242012,0.0004538587818387896,2.0,2.0,2.0,2.0,0.15791992843151093,0.22538085281848907,-0.15791992843151093,-0.22691406309604645,0.0,0.15747903287410736,0.2144545614719391,-0.15780556201934814,-0.21478460729122162,0.0,-0.5187205672264099,0.3264380693435669,-9.75777816772461,0.1981910914182663,-0.034319132566452026,0.10747230052947998,0.0,0.0,0.0,0.0,0.0,0.0,0.0,0.0,0.0,0.0,0.0,0.0,0.15986180305480957,0.22373080253601074,-0.16016040742397308,-0.22403311729431152,0.04114978387951851,0.04114978387951851,0.04114978387951851,0.04114978387951851,-0.3781225383281708,-0.14889319241046906,-0.09026867896318436,0.0,0.0,0.0,0.0,0.0,0.0,0.0
5575988446,0,-0.0189004335552454,-0.03619154170155525,-0.14781507849693298,6.569455581484362e-05,-0.04113857448101044,-0.14425118267536163,-0.05238395556807518,0.008031700737774372,-0.014413105323910713,0.037932444363832474,-0.009894114919006824,0.00356389582157135,-0.011687981896102428,-0.01649557426571846,-0.0043548536486923695,0.0,0.0,-0.0047828578390181065,-0.004801361355930567,-0.0032059233635663986,-0.002530657919123769,0.09160833060741425,0.1313602179288864,-0.0004740105359815061,1.0464216470718384,-0.15835122764110565,0.6187373399734497,0.1036640852689743,0.13621720671653748,0.0011530228657647967,-0.0002966955362353474,-0.09034900367259979,-0.11701151728630066,0.0004642450949177146,2.0,2.0,2.0,2.0,0.15485352277755737,0.22538085281848907,-0.15791992843151093,-0.22538085281848907,0.0,0.15747903287410736,0.2144545614719391,-0.15780556201934814,-0.21478460729122162,0.0,-0.30260568857192993,0.41524219512939453,-9.883257865905762,0.1920032501220703,-0.03749335557222366,0.12462690472602844,0.0,0.0,0.0,0.0,0.0,0.0,0.0,0.0,0.0,0.0,0.0,0.0,0.1599351465702057,0.22213512659072876,-0.16024194657802582,-0.22244560718536377,0.04114978387951851,0.04114978387951851,0.04114978387951851,0.04114978387951851,-0.10724548250436783,-0.050374437123537064,-0.15732499957084656,0.0,0.0,0.0,0.0,0.0,0.0,0.0
5586196735,0,-0.018860630691051483,-0.036191463470458984,-0.14780114591121674,6.569455581484362e-05,-0.04113857448101044,-0.14425118267536163,-0.051313210278749466,0.006211062427610159,-0.012157938443124294,0.03785283863544464,-0.00989427138119936,0.0035499632358551025,-0.011643921956419945,-0.01644945703446865,-0.0044563463889062405,0.0,0.0,-0.0047828578390181065,0.001118000946007669,0.0007754552643746138,-0.003314852947369218,0.09191138297319412,0.12999920547008514,-0.0003497692523524165,1.0433199405670166,-0.1859281063079834,0.5903719067573547,0.0884295180439949,0.1277714967727661,0.003673419589176774,-0.00030651706038042903,-0.09043615311384201,-0.11730077117681503,0.0004165146965533495,2.0,2.0,2.0,2.0,0.15791992843151093,0.22538085281848907,-0.1594531238079071,-0.2238476574420929,0.0,0.15198475122451782,0.21887925267219543,-0.15232188999652863,-0.21922068297863007,0.0,-0.30260568857192993,0.41524219512939453,-9.883257865905762,0.18969452381134033,-0.033805109560489655,0.10734034329652786,0.0,0.0,0.0,0.0,0.0,0.0,0.0,0.0,0.0,0.0,0.0,0.0,0.15926453471183777,0.22013720870018005,-0.15957950055599213,-0.2204558402299881,0.04114978387951851,0.04114978387951851,0.04114978387951851,0.04114978387951851,0.23638592660427094,0.1452248990535736,-0.11430896073579788,0.0,0.0,0.0,0.0,0.0,0.0,0.0
5596117349,0,-0.018860630691051483,-0.036191463470458984,-0.14780114591121674,6.569455581484362e-05,-0.04113857448101044,-0.14425118267536163,-0.051313210278749466,0.006211062427610159,-0.012157938443124294,0.03785283863544464,-0.00989427138119936,0.0035499632358551025,-0.011643921956419945,-0.01644945703446865,-0.0044563463889062405,0.0,0.0,-0.0047828578390181065,0.006733101326972246,0.0013129992876201868,-0.004760584328323603,0.09191138297319412,0.12999920547008514,-0.0003497692523524165,1.0160939693450928,-0.2206311821937561,0.5047149062156677,0.07998963445425034,0.12824420630931854,0.0049133747816085815,-0.00030784335103817284,-0.09043615311384201,-0.11730077117681503,0.0004165146965533495,2.0,2.0,2.0,2.0,0.15791992843151093,0.2238476574420929,-0.1594531238079071,-0.22231444716453552,0.0,0.14091795682907104,0.22023285925388336,-0.14125588536262512,-0.22057579457759857,0.0,-0.30260568857192993,0.41524219512939453,-9.883257865905762,0.18969452381134033,-0.033805109560489655,0.10734034329652786,0.0,0.0,0.0,0.0,0.0,0.0,0.0,0.0,0.0,0.0,0.0,0.0,0.1573343425989151,0.21878081560134888,-0.1576569527387619,-0.21910718083381653,0.04114978387951851,0.04114978387951851,0.04114978387951851,0.04114978387951851,0.35506001114845276,0.11068197339773178,-0.1206284835934639,0.0,0.0,0.0,0.0,0.0,0.0,0.0
5605931044,0,-0.018732529133558273,-0.03618974611163139,-0.14773637056350708,6.569455581484362e-05,-0.04113857448101044,-0.14425118267536163,-0.05532458424568176,0.010414314456284046,-0.015393317677080631,0.03759663552045822,-0.009897706098854542,0.0034851878881454468,-0.011256659403443336,-0.016437867656350136,-0.004445123951882124,0.0,0.0,-0.0047828578390181065,0.004022111184895039,-0.0025758175179362297,-0.0006951087852939963,0.09071572124958038,0.13087590038776398,-0.00022281840210780501,1.022450566291809,-0.1834021806716919,0.7111538648605347,0.0864488035440445,0.13651227951049805,-0.000619546219240874,-0.000304092769511044,-0.0903768241405487,-0.11775825172662735,0.00027058340492658317,2.0,2.0,2.0,2.0,0.15791992843151093,0.2238476574420929,-0.16098633408546448,-0.2238476574420929,0.0,0.14870646595954895,0.2146458774805069,-0.14904063940048218,-0.21498411893844604,0.0,-0.26823654770851135,-0.033985912799835205,-9.921868324279785,0.19750694930553436,-0.04228082299232483,0.1333027184009552,0.0,0.0,0.0,0.0,0.0,0.0,0.0,0.0,0.0,0.0,0.0,0.0,0.15422560274600983,0.21806149184703827,-0.1545546054840088,-0.2183944135904312,0.04114978387951851,0.04114978387951851,0.04114978387951851,0.04114978387951851,0.01577719673514366,-0.15424731373786926,0.12371233105659485,0.0,0.0,0.0,0.0,0.0,0.0,0.0
5615890386,0,-0.018732529133558273,-0.03618974611163139,-0.14773637056350708,6.569455581484362e-05,-0.04113857448101044,-0.14425118267536163,-0.05532458424568176,0.010414314456284046,-0.015393317677080631,0.03759663552045822,-0.009897706098854542,0.0034851878881454468,-0.011256659403443336,-0.016437867656350136,-0.004445123951882124,0.0,0.0,-0.0047828578390181065,0.004022111184895039,-0.0025758175179362297,-0.0006951087852939963,0.09071572124958038,0.13087590038776398,-0.00022281840210780501,1.022450566291809,-0.1834021806716919,0.7111538648605347,0.0864488035440445,0.13651227951049805,-0.000619546219240874,-0.000304092769511044,-0.0903768241405487,-0.11775825172662735,0.00027058340492658317,2.0,2.0,2.0,2.0,0.15791992843151093,0.2238476574420929,-0.16098633408546448,-0.2238476574420929,0.0,0.14870646595954895,0.2146458774805069,-0.14904063940048218,-0.21498411893844604,0.0,-0.20744688808918,0.0012904296163469553,-9.801664352416992,0.19750694930553436,-0.04228082299232483,0.1333027184009552,0.0,0.0,0.0,0.0,0.0,0.0,0.0,0.0,0.0,0.0,0.0,0.0,0.15131895244121552,0.21733519434928894,-0.1516522467136383,-0.21767252683639526,0.04114978387951851,0.04114978387951851,0.04114978387951851,0.04114978387951851,0.01577719673514366,-0.15424731373786926,0.12371233105659485,0.0,0.0,0.0,0.0,0.0,0.0,0.0
5626142354,0,-0.018586358055472374,-0.03619701415300369,-0.1476507931947708,6.569455581484362e-05,-0.04113857448101044,-0.14425118267536163,-0.052197013050317764,0.009485870599746704,-0.01653153821825981,0.037304289638996124,-0.009883170016109943,0.0033996105194091797,-0.011401836760342121,-0.016652705147862434,-0.0044569652527570724,0.0,0.0,-0.0047828578390181065,-0.005690445192158222,-0.0007892372668720782,0.0005842091049998999,0.09068060666322708,0.13232244551181793,-0.00033209173125214875,1.022450566291809,-0.1834021806716919,0.7111538648605347,0.0864488035440445,0.13651227951049805,-0.000619546219240874,-0.000304092769511044,-0.09031613916158676,-0.1183115541934967,0.00020900748495478183,2.0,2.0,2.0,2.0,0.15791992843151093,0.22231444716453552,-0.1594531238079071,-0.2238476574420929,0.0,0.14870646595954895,0.2146458774805069,-0.14904063940048218,-0.21498411893844604,0.0,-0.20744688808918,0.0012904296163469553,-9.801664352416992,0.190862238407135,-0.04048437997698784,0.14077602326869965,0.0,0.0,0.0,0.0,0.0,0.0,0.0,0.0,0.0,0.0,0.0,0.0,0.14940734207630157,0.2164817452430725,-0.14974291622638702,-0.21682140231132507,0.04114978387951851,0.04114978387951851,0.04114978387951851,0.04114978387951851,-0.2551101744174957,0.035859718918800354,0.0687515139579773,0.0,0.0,0.0,0.0,0.0,0.0,0.0
5636290344,0,-0.018441610038280487,-0.036201488226652145,-0.14753736555576324,6.569455581484362e-05,-0.04113857448101044,-0.14425118267536163,-0.0504775233566761,0.00962845329195261,-0.009876578114926815,0.03701479360461235,-0.009874221868813038,0.0032861828804016113,-0.011623836122453213,-0.016644325107336044,-0.004393995273858309,0.0,0.0,-0.0047828578390181065,-0.005690445192158222,-0.0007892372668720782,0.0005842091049998999,0.09250465035438538,0.13208356499671936,-0.00024896234390325844,1.0272639989852905,-0.22365526854991913,0.48648810386657715,0.10074619948863983,0.13251420855522156,-0.0010125180706381798,-0.0002998756826855242,-0.09043233841657639,-0.11868324875831604,0.0002202782197855413,2.0,2.0,2.0,2.0,0.15485352277755737,0.22231444716453552,-0.15638671815395355,-0.22078125178813934,0.0,0.1423768699169159,0.2228093296289444,-0.14270617067813873,-0.2231435477733612,0.0,-0.5182724595069885,0.30518031120300293,-9.821717262268066,0.18677526712417603,-0.04066459462046623,0.08845238387584686,0.0,0.0,0.0,0.0,0.0,0.0,0.0,0.0,0.0,0.0,0.0,0.0,0.1480458676815033,0.2160998433828354,-0.14838208258152008,-0.21644018590450287,0.04114978387951851,0.04114978387951851,0.04114978387951851,0.04114978387951851,-0.2551101744174957,0.035859718918800354,0.0687515139579773,0.0,0.0,0.0,0.0,0.0,0.0,0.0
5646304691,0,-0.01839272305369377,-0.03619002923369408,-0.1474560797214508,6.569455581484362e-05,-0.04113857448101044,-0.14425118267536163,-0.05585583299398422,0.01094149611890316,-0.01364386361092329,0.03691701963543892,-0.009897139854729176,0.0032048970460891724,-0.011618079617619514,-0.01656564325094223,-0.004495442379266024,0.0,0.0,-0.0047828578390181065,-0.007485304959118366,0.0032549763564020395,-0.00029614430968649685,0.09334360063076019,0.13184627890586853,-0.0002886354341171682,1.086551308631897,-0.23855279386043549,0.6494177579879761,0.10304943472146988,0.12650960683822632,0.0003250584122724831,-0.00029874307801947,-0.09043233841657639,-0.11868324875831604,0.0002202782197855413,2.0,2.0,2.0,2.0,0.15485352277755737,0.22231444716453552,-0.15638671815395355,-0.21924804151058197,0.0,0.15030941367149353,0.23627744615077972,-0.15063779056072235,-0.2366115003824234,0.0,-0.5182724595069885,0.30518031120300293,-9.821717262268066,0.1975547820329666,-0.0433732345700264,0.11807595193386078,0.0,0.0,0.0,0.0,0.0,0.0,0.0,0.0,0.0,0.0,0.0,0.0,0.1469881236553192,0.21739482879638672,-0.1473235785961151,-0.21773454546928406,0.04114978387951851,0.04114978387951851,0.04114978387951851,0.04114978387951851,-0.22205238044261932,0.2081698328256607,-0.002068368485197425,0.0,0.0,0.0,0.0,0.0,0.0,0.0
5655989112,0,-0.01839272305369377,-0.03619002923369408,-0.1474560797214508,6.569455581484362e-05,-0.04113857448101044,-0.14425118267536163,-0.05585583299398422,0.01094149611890316,-0.01364386361092329,0.03691701963543892,-0.009897139854729176,0.0032048970460891724,-0.011618079617619514,-0.01656564325094223,-0.004495442379266024,0.0,0.0,-0.0047828578390181065,-0.007485304959118366,0.0032549763564020395,-0.00029614430968649685,0.09334360063076019,0.13184627890586853,-0.0002886354341171682,1.086551308631897,-0.23855279386043549,0.6494177579879761,0.10304943472146988,0.12650960683822632,0.0003250584122724831,-0.00029874307801947,-0.09055150300264359,-0.11893299221992493,0.00022101147624198347,2.0,2.0,2.0,2.0,0.1533203125,0.22231444716453552,-0.1533203125,-0.2177148461341858,0.0,0.15030941367149353,0.23627744615077972,-0.15063779056072235,-0.2366115003824234,0.0,-0.24130365252494812,0.09909655153751373,-9.686805725097656,0.1975547820329666,-0.0433732345700264,0.11807595193386078,0.0,0.0,0.0,0.0,0.0,0.0,0.0,0.0,0.0,0.0,0.0,0.0,0.14671483635902405,0.22089476883411407,-0.14704865217208862,-0.22123309969902039,0.04114978387951851,0.04114978387951851,0.04114978387951851,0.04114978387951851,-0.22205238044261932,0.2081698328256607,-0.002068368485197425,0.0,0.0,0.0,0.0,0.0,0.0,0.0
5665992535,0,-0.01827315241098404,-0.03623503819108009,-0.1472712904214859,6.569455581484362e-05,-0.04113857448101044,-0.14425118267536163,-0.05362112075090408,0.009472879581153393,-0.015277834609150887,0.036677874624729156,-0.009807121939957142,0.0030201077461242676,-0.011527485214173794,-0.016645383089780807,-0.004436164628714323,0.0,0.0,-0.0047828578390181065,-0.007485304959118366,0.0032549763564020395,-0.00029614430968649685,0.09161210805177689,0.13259676098823547,-0.0003765001893043518,1.086551308631897,-0.23855279386043549,0.6494177579879761,0.10304943472146988,0.12650960683822632,0.0003250584122724831,-0.00029874307801947,-0.09066305309534073,-0.11926326155662537,0.00025502077187411487,2.0,2.0,2.0,2.0,0.15025390684604645,0.22078125178813934,-0.15178710222244263,-0.21618163585662842,0.0,0.15030941367149353,0.23627744615077972,-0.15063779056072235,-0.2366115003824234,0.0,-0.6307576298713684,0.3753933310508728,-10.096733093261719,0.1928020715713501,-0.04035285487771034,0.13108646869659424,0.0,0.0,0.0,0.0,0.0,0.0,0.0,0.0,0.0,0.0,0.0,0.0,0.14724373817443848,0.22545458376407623,-0.1475757360458374,-0.22579145431518555,0.04114978387951851,0.04114978387951851,0.04114978387951851,0.04114978387951851,-0.22205238044261932,0.2081698328256607,-0.002068368485197425,0.0,0.0,0.0,0.0,0.0,0.0,0.0
5676039051,0,-0.01827315241098404,-0.03623503819108009,-0.1472712904214859,6.569455581484362e-05,-0.04113857448101044,-0.14425118267536163,-0.05362112075090408,0.009472879581153393,-0.015277834609150887,0.036493897438049316,-0.009740423411130905,0.002844884991645813,-0.011527485214173794,-0.016645383089780807,-0.004436164628714323,0.0,0.0,-0.0047828578390181065,-0.007485304959118366,0.0032549763564020395,-0.00029614430968649685,0.09161210805177689,0.13259676098823547,-0.0003765001893043518,1.086551308631897,-0.23855279386043549,0.6494177579879761,0.10304943472146988,0.12650960683822632,0.0003250584122724831,-0.00029874307801947,-0.09070199728012085,-0.11985119432210922,0.0004295773687772453,2.0,2.0,2.0,2.0,0.15025390684604645,0.22078125178813934,-0.15178710222244263,-0.21618163585662842,0.0,0.15030941367149353,0.23627744615077972,-0.15063779056072235,-0.2366115003824234,0.0,-0.6307576298713684,0.3753933310508728,-10.096733093261719,0.19273093342781067,-0.04103967174887657,0.09788677841424942,0.0,0.0,0.0,0.0,0.0,0.0,0.0,0.0,0.0,0.0,0.0,0.0,0.1480695605278015,0.22969424724578857,-0.14839999377727509,-0.2300298810005188,0.04114978387951851,0.04114978387951851,0.04114978387951851,0.04114978387951851,-0.22205238044261932,0.2081698328256607,-0.002068368485197425,0.0,0.0,0.0,0.0,0.0,0.0,0.0
5685902807,0,-0.01818116381764412,-0.036268386989831924,-0.14709606766700745,6.569455581484362e-05,-0.04113857448101044,-0.14425118267536163,-0.05376095697283745,0.009895465336740017,-0.011149774305522442,0.036493897438049316,-0.009740423411130905,0.002844884991645813,-0.011554578319191933,-0.016834065318107605,-0.0042136372067034245,0.0,0.0,-0.0047828578390181065,-0.0008757446194067597,-0.0039428835734725,0.005763776134699583,0.0920773595571518,0.13443197309970856,-0.0005122541333548725,1.060020089149475,-0.2257182002067566,0.5383772850036621,0.09347712248563766,0.1395888477563858,-0.005405084695667028,-0.0003069153754040599,-0.0907529816031456,-0.12016841769218445,0.0005308699328452349,2.0,2.0,2.0,2.0,0.14872069656848907,0.22078125178813934,-0.15025390684604645,-0.2177148461341858,0.0,0.14785653352737427,0.22912119328975677,-0.14819374680519104,-0.22946375608444214,0.0,-0.4620710015296936,0.160735622048378,-10.130245208740234,0.19273093342781067,-0.04103967174887657,0.09788677841424942,0.0,0.0,0.0,0.0,0.0,0.0,0.0,0.0,0.0,0.0,0.0,0.0,0.1487758755683899,0.23266401886940002,-0.14910556375980377,-0.23299914598464966,0.04114978387951851,0.04114978387951851,0.04114978387951851,0.04114978387951851,-0.05240243300795555,-0.1214003935456276,0.10049775242805481,0.0,0.0,0.0,0.0,0.0,0.0,0.0
5696589462,0,-0.01814592070877552,-0.03625384345650673,-0.1470164954662323,6.569455581484362e-05,-0.04113857448101044,-0.14425118267536163,-0.056384164839982986,0.011842982843518257,-0.01782296597957611,0.03642341122031212,-0.00976951140910387,0.0027653127908706665,-0.011644723825156689,-0.016847092658281326,-0.004272595979273319,0.0,0.0,-0.0047828578390181065,-0.0008757446194067597,-0.0039428835734725,0.005763776134699583,0.09398920834064484,0.13379088044166565,-0.0006075087003409863,1.060020089149475,-0.2257182002067566,0.5383772850036621,0.09347712248563766,0.1395888477563858,-0.005405084695667028,-0.0003069153754040599,-0.0907529816031456,-0.12016841769218445,0.0005308699328452349,2.0,2.0,2.0,2.0,0.14872069656848907,0.22231444716453552,-0.14872069656848907,-0.21924804151058197,0.0,0.14785653352737427,0.22912119328975677,-0.14819374680519104,-0.22946375608444214,0.0,-0.4620710015296936,0.160735622048378,-10.130245208740234,0.19816116988658905,-0.04513413831591606,0.1493528187274933,0.0,0.0,0.0,0.0,0.0,0.0,0.0,0.0,0.0,0.0,0.0,0.0,0.1490667462348938,0.2338009774684906,-0.14939706027507782,-0.23413681983947754,0.04114978387951851,0.04114978387951851,0.04114978387951851,0.04114978387951851,-0.05240243300795555,-0.1214003935456276,0.10049775242805481,0.0,0.0,0.0,0.0,0.0,0.0,0.0
5706010429,0,-0.01814592070877552,-0.03625384345650673,-0.1470164954662323,6.569455581484362e-05,-0.04113857448101044,-0.14425118267536163,-0.056384164839982986,0.011842982843518257,-0.01782296597957611,0.036193571984767914,-0.009807129390537739,0.0025828182697296143,-0.011644723825156689,-0.016847092658281326,-0.004272595979273319,0.0,0.0,-0.0047828578390181065,-0.0030948081985116005,-0.0011220636079087853,0.004156164359301329,0.09398920834064484,0.13379088044166565,-0.0006075087003409863,1.0898864269256592,-0.2482377588748932,0.8214405179023743,0.09826356172561646,0.13438460230827332,-0.003117084037512541,-0.00031482017948292196,-0.0907529816031456,-0.12016841769218445,0.0005308699328452349,2.0,2.0,2.0,2.0,0.14872069656848907,0.22231444716453552,-0.14565429091453552,-0.22078125178813934,0.0,0.14916537702083588,0.2386365532875061,-0.14951138198375702,-0.2389887571334839,0.0,-0.13204622268676758,0.08403051644563675,-9.568068504333496,0.19235913455486298,-0.03948025032877922,0.1350538432598114,0.0,0.0,0.0,0.0,0.0,0.0,0.0,0.0,0.0,0.0,0.0,0.0,0.1490468531847,0.23393559455871582,-0.14937914907932281,-0.23427343368530273,0.04114978387951851,0.04114978387951851,0.04114978387951851,0.04114978387951851,-0.1179545670747757,0.05283285304903984,-0.014085069298744202,0.0,0.0,0.0,0.0,0.0,0.0,0.0
5716563520,0,-0.018031001091003418,-0.036235034465789795,-0.14683400094509125,6.569455581484362e-05,-0.04113857448101044,-0.14425118267536163,-0.053674157708883286,0.008968780748546124,-0.016277441754937172,0.036193571984767914,-0.009807129390537739,0.0025828182697296143,-0.011696470901370049,-0.01686125434935093,-0.004279944580048323,0.0,0.0,-0.0047828578390181065,-0.0041675991378724575,0.0017232815735042095,-0.0019388687796890736,0.09367755055427551,0.13339315354824066,-0.0004059472121298313,1.0307612419128418,-0.21147190034389496,0.4950992166996002,0.09817195683717728,0.1309221088886261,0.0036299219354987144,-0.00033503162558190525,-0.09090563654899597,-0.12067916244268417,0.000602203537710011,2.0,2.0,2.0,2.0,0.14872069656848907,0.2238476574420929,-0.14565429091453552,-0.2238476574420929,0.0,0.14515843987464905,0.2212156504392624,-0.1455264836549759,-0.22158892452716827,0.0,-0.13204622268676758,0.08403051644563675,-9.568068504333496,0.19235913455486298,-0.03948025032877922,0.1350538432598114,0.0,0.0,0.0,0.0,0.0,0.0,0.0,0.0,0.0,0.0,0.0,0.0,0.14881370961666107,0.23362664878368378,-0.14915011823177338,-0.23396863043308258,0.04114978387951851,0.04114978387951851,0.04114978387951851,0.04114978387951851,-0.06111898273229599,0.09674203395843506,-0.2084551751613617,0.0,0.0,0.0,0.0,0.0,0.0,0.0
5725914432,0,-0.018031001091003418,-0.036235034465789795,-0.14683400094509125,6.569455581484362e-05,-0.04113857448101044,-0.14425118267536163,-0.053674157708883286,0.008968780748546124,-0.016277441754937172,0.036193571984767914,-0.009807129390537739,0.0025828182697296143,-0.011696470901370049,-0.01686125434935093,-0.004279944580048323,0.0,0.0,-0.0047828578390181065,-0.0013891306007280946,-0.000762873562052846,-0.0036045776214450598,0.09367755055427551,0.13339315354824066,-0.0004059472121298313,1.0525836944580078,-0.2044488489627838,0.43351876735687256,0.09331003576517105,0.13661225140094757,0.004740030039101839,-0.00034109706757590175,-0.09090563654899597,-0.12067916244268417,0.000602203537710011,2.0,2.0,2.0,2.0,0.14872069656848907,0.2238476574420929,-0.14872069656848907,-0.2238476574420929,0.0,0.15031050145626068,0.22389455139636993,-0.15068544447422028,-0.22427482903003693,0.0,-0.13204622268676758,0.08403051644563675,-9.568068504333496,0.19235913455486298,-0.03948025032877922,0.1350538432598114,0.0,0.0,0.0,0.0,0.0,0.0,0.0,0.0,0.0,0.0,0.0,0.0,0.14844705164432526,0.23211179673671722,-0.148790642619133,-0.23246094584465027,0.04114978387951851,0.04114978387951851,0.04114978387951851,0.04114978387951851,0.09763266891241074,-0.07492407411336899,-0.19396738708019257,0.0,0.0,0.0,0.0,0.0,0.0,0.0
5736294485,0,-0.017871253192424774,-0.036207836121320724,-0.14647771418094635,6.569455581484362e-05,-0.04113857448101044,-0.14425118267536163,-0.05303843319416046,0.010631866753101349,-0.011937947943806648,0.03587407246232033,-0.00986152607947588,0.002226531505584717,-0.011772683821618557,-0.016941506415605545,-0.004486681427806616,0.0,0.0,-0.0047828578390181065,0.0013670406769961119,-0.0019217191729694605,-0.0038866307586431503,0.0935770645737648,0.1346895545721054,-0.00023572662030346692,0.9848926663398743,-0.1939648687839508,0.42437389492988586,0.09044906497001648,0.13752876222133636,0.0033910367637872696,-0.0003449762880336493,-0.09090563654899597,-0.12067916244268417,0.000602203537710011,2.0,2.0,2.0,2.0,0.15025390684604645,0.22538085281848907,-0.15025390684604645,-0.2238476574420929,0.0,0.14008787274360657,0.209741473197937,-0.1404666006565094,-0.21012486517429352,0.0,-0.13204622268676758,0.08403051644563675,-9.568068504333496,0.19055552780628204,-0.0428287498652935,0.10220710188150406,0.0,0.0,0.0,0.0,0.0,0.0,0.0,0.0,0.0,0.0,0.0,0.0,0.14790129661560059,0.22907398641109467,-0.14825409650802612,-0.22943222522735596,0.04114978387951851,0.04114978387951851,0.04114978387951851,0.04114978387951851,0.15826696157455444,-0.06351917237043381,-0.03566453978419304,0.0,0.0,0.0,0.0,0.0,0.0,0.0
5746156438,0,-0.017743686214089394,-0.0362006314098835,-0.14616692066192627,6.569455581484362e-05,-0.04113857448101044,-0.14425118267536163,-0.05187183618545532,0.008417888544499874,-0.01106224674731493,0.03561893850564957,-0.00987593550235033,0.0019157379865646362,-0.01169320847839117,-0.01706772856414318,-0.004506319761276245,0.0,0.0,-0.0047828578390181065,0.0013670406769961119,-0.0019217191729694605,-0.0038866307586431503,0.09356003254652023,0.135004922747612,-0.00020450702868402004,0.9848926663398743,-0.1939648687839508,0.42437389492988586,0.09044906497001648,0.13752876222133636,0.0033910367637872696,-0.0003449762880336493,-0.09112639725208282,-0.12173972278833389,0.00033150881063193083,2.0,2.0,2.0,2.0,0.14872069656848907,0.2238476574420929,-0.15025390684604645,-0.22538085281848907,0.0,0.14008787274360657,0.209741473197937,-0.1404666006565094,-0.21012486517429352,0.0,-0.46237799525260925,0.1787472367286682,-10.04981517791748,0.18781021237373352,-0.03844086453318596,0.09587717801332474,0.0,0.0,0.0,0.0,0.0,0.0,0.0,0.0,0.0,0.0,0.0,0.0,0.1466626673936844,0.22466549277305603,-0.14702463150024414,-0.22503268718719482,0.04114978387951851,0.04114978387951851,0.04114978387951851,0.04114978387951851,0.15826696157455444,-0.06351917237043381,-0.03566453978419304,0.0,0.0,0.0,0.0,0.0,0.0,0.0
5756493783,0,-0.017743686214089394,-0.0362006314098835,-0.14616692066192627,6.569455581484362e-05,-0.04113857448101044,-0.14425118267536163,-0.05187183618545532,0.008417888544499874,-0.01106224674731493,0.03561893850564957,-0.00987593550235033,0.0019157379865646362,-0.01169320847839117,-0.01706772856414318,-0.004506319761276245,0.0,0.0,-0.0047828578390181065,-0.0007516689947806299,-0.0011868198635056615,-0.0037908563390374184,0.09356003254652023,0.135004922747612,-0.00020450702868402004,0.9848926663398743,-0.1939648687839508,0.42437389492988586,0.09044906497001648,0.13752876222133636,0.0033910367637872696,-0.0003449762880336493,-0.09116573631763458,-0.12203516811132431,0.00025414684205316007,2.0,2.0,2.0,2.0,0.14872069656848907,0.2238476574420929,-0.15025390684604645,-0.2238476574420929,0.0,0.14008787274360657,0.209741473197937,-0.1404666006565094,-0.21012486517429352,0.0,0.034066274762153625,-0.09618630260229111,-9.821885108947754,0.18781021237373352,-0.03844086453318596,0.09587717801332474,0.0,0.0,0.0,0.0,0.0,0.0,0.0,0.0,0.0,0.0,0.0,0.0,0.14484025537967682,0.21974347531795502,-0.14520983397960663,-0.22011806070804596,0.04114978387951851,0.04114978387951851,0.04114978387951851,0.04114978387951851,-0.02208922803401947,-0.0001597303489688784,-0.015430969186127186,0.0,0.0,0.0,0.0,0.0,0.0,0.0
5766194176,0,-0.01767636090517044,-0.03618612512946129,-0.1460406631231308,6.569455581484362e-05,-0.04113857448101044,-0.14425118267536163,-0.049106985330581665,0.009019004181027412,-0.00981428474187851,0.03548428788781166,-0.009904948063194752,0.001789480447769165,-0.011873755604028702,-0.01704012043774128,-0.004509990569204092,0.0,0.0,-0.0047828578390181065,0.002217243891209364,0.00046837812988087535,-0.003724827663972974,0.0929822251200676,0.13538490235805511,-0.00012118920130888,1.0012571811676025,-0.21843798458576202,0.4738546907901764,0.08945577591657639,0.1341370791196823,0.0030791035387665033,-0.0003390017955098301,-0.09116573631763458,-0.12203516811132431,0.00025414684205316007,2.0,2.0,2.0,2.0,0.1471875011920929,0.2238476574420929,-0.14872069656848907,-0.2238476574420929,0.0,0.13864369690418243,0.21713155508041382,-0.1390157788991928,-0.21750891208648682,0.0,0.034066274762153625,-0.09618630260229111,-9.821885108947754,0.1820467710494995,-0.039715997874736786,0.08615539968013763,0.0,0.0,0.0,0.0,0.0,0.0,0.0,0.0,0.0,0.0,0.0,0.0,0.14300039410591125,0.21581803262233734,-0.14337509870529175,-0.2161976397037506,0.04114978387951851,0.04114978387951851,0.04114978387951851,0.04114978387951851,0.13092076778411865,0.07794485986232758,-0.0037372801452875137,0.0,0.0,0.0,0.0,0.0,0.0,0.0
5775985165,0,-0.01767636090517044,-0.03618612512946129,-0.1460406631231308,6.569455581484362e-05,-0.04113857448101044,-0.14425118267536163,-0.049106985330581665,0.009019004181027412,-0.00981428474187851,0.03548428788781166,-0.009904948063194752,0.001789480447769165,-0.011873755604028702,-0.01704012043774128,-0.004509990569204092,0.0,0.0,-0.0047828578390181065,-0.001667371136136353,0.0008607092895545065,-0.00219779834151268,0.0929822251200676,0.13538490235805511,-0.00012118920130888,1.0327497720718384,-0.20335105061531067,0.6097631454467773,0.09587790071964264,0.1342906504869461,0.0011869847076013684,-0.0003331004409119487,-0.09124007076025009,-0.12257903814315796,0.00014690087118651718,2.0,2.0,2.0,2.0,0.14565429091453552,0.2238476574420929,-0.14565429091453552,-0.2238476574420929,0.0,0.1469658464193344,0.22010567784309387,-0.1473318338394165,-0.22047670185565948,0.0,0.034066274762153625,-0.09618630260229111,-9.821885108947754,0.1820467710494995,-0.039715997874736786,0.08615539968013763,0.0,0.0,0.0,0.0,0.0,0.0,0.0,0.0,0.0,0.0,0.0,0.0,0.14174214005470276,0.21392610669136047,-0.1421189159154892,-0.2143077701330185,0.04114978387951851,0.04114978387951851,0.04114978387951851,0.04114978387951851,-0.13609124720096588,0.06409325450658798,0.07023318111896515,0.0,0.0,0.0,0.0,0.0,0.0,0.0
5786089515,0,-0.017539726570248604,-0.03619302064180374,-0.14578022062778473,6.569455581484362e-05,-0.04113857448101044,-0.14425118267536163,-0.04994934797286987,0.008874105289578438,-0.016281111165881157,0.03521101549267769,-0.009891157038509846,0.0015290379524230957,-0.011786815710365772,-0.01703840307891369,-0.004570905584841967,0.0,0.0,-0.0047828578390181065,-0.0011856205528602004,0.0012772649060934782,-0.00016023940406739712,0.09527603536844254,0.13524632155895233,-0.00017758150352165103,1.0095407962799072,-0.21757838129997253,0.7408705949783325,0.09689066559076309,0.13345836102962494,-0.0010912332218140364,-0.0003275299386586994,-0.09128489345312119,-0.12280955910682678,0.00015235957107506692,2.0,2.0,2.0,2.0,0.14565429091453552,0.2238476574420929,-0.14565429091453552,-0.22231444716453552,0.0,0.14028221368789673,0.2184821516275406,-0.1406417042016983,-0.21884681284427643,0.0,-0.06487017124891281,0.04354923963546753,-9.759757041931152,0.18355287611484528,-0.039559707045555115,0.13470374047756195,0.0,0.0,0.0,0.0,0.0,0.0,0.0,0.0,0.0,0.0,0.0,0.0,0.1413949877023697,0.213923841714859,-0.14177075028419495,-0.21430453658103943,0.04114978387951851,0.04114978387951851,0.04114978387951851,0.04114978387951851,-0.04290096461772919,0.051069967448711395,0.14057566225528717,0.0,0.0,0.0,0.0,0.0,0.0,0.0
5796129241,0,-0.01746763288974762,-0.03620345517992973,-0.1456448882818222,6.569455581484362e-05,-0.04113857448101044,-0.14425118267536163,-0.04822628200054169,0.004112116526812315,-0.01129720825701952,0.03506682813167572,-0.009870287962257862,0.0013937056064605713,-0.011746047995984554,-0.017076682299375534,-0.004569786600768566,0.0,0.0,-0.0047828578390181065,-0.0012474639806896448,-0.00032729588565416634,0.0020982970017939806,0.09367746859788895,0.1354023516178131,-0.00023305541253648698,0.9882245063781738,-0.16446924209594727,0.5196067094802856,0.09513090550899506,0.13717171549797058,-0.0033129833173006773,-0.0003226574044674635,-0.09128489345312119,-0.12280955910682678,0.00015235957107506692,2.0,2.0,2.0,2.0,0.14412109553813934,0.22078125178813934,-0.14412109553813934,-0.22078125178813934,0.0,0.1459631621837616,0.20502743124961853,-0.14631761610507965,-0.20538568496704102,0.0,-0.37327030301094055,-0.039032310247421265,-9.739224433898926,0.17967718839645386,-0.02990349754691124,0.0944739505648613,0.0,0.0,0.0,0.0,0.0,0.0,0.0,0.0,0.0,0.0,0.0,0.0,0.14158931374549866,0.21421808004379272,-0.14196164906024933,-0.21459533274173737,0.04114978387951851,0.04114978387951851,0.04114978387951851,0.04114978387951851,-0.04152674600481987,-0.048583440482616425,0.18708941340446472,0.0,0.0,0.0,0.0,0.0,0.0,0.0
5806200229,0,-0.01726439595222473,-0.03634387627243996,-0.14519686996936798,6.569455581484362e-05,-0.04113857448101044,-0.14425118267536163,-0.05177076905965805,0.00502379285171628,-0.01312069408595562,0.034660354256629944,-0.00958944484591484,0.0009456872940063477,-0.011682399548590183,-0.01708749681711197,-0.004363873973488808,0.0,0.0,-0.0047828578390181065,-0.0012474639806896448,-0.00032729588565416634,0.0020982970017939806,0.09285580366849899,0.13585233688354492,-0.0003829816705547273,0.9882245063781738,-0.16446924209594727,0.5196067094802856,0.09513090550899506,0.13717171549797058,-0.0033129833173006773,-0.0003226574044674635,-0.09128489345312119,-0.12280955910682678,0.00015235957107506692,2.0,2.0,2.0,2.0,0.14412109553813934,0.22078125178813934,-0.14258788526058197,-0.21924804151058197,0.0,0.1459631621837616,0.20502743124961853,-0.14631761610507965,-0.20538568496704102,0.0,-0.37327030301094055,-0.039032310247421265,-9.739224433898926,0.18623016774654388,-0.031243275851011276,0.10653296858072281,0.0,0.0,0.0,0.0,0.0,0.0,0.0,0.0,0.0,0.0,0.0,0.0,0.14222988486289978,0.2132875770330429,-0.142597496509552,-0.21365991234779358,0.04114978387951851,0.04114978387951851,0.04114978387951851,0.04114978387951851,-0.04152674600481987,-0.048583440482616425,0.18708941340446472,0.0,0.0,0.0,0.0,0.0,0.0,0.0
5816455707,0,-0.01726439595222473,-0.03634387627243996,-0.14519686996936798,6.569455581484362e-05,-0.04113857448101044,-0.14425118267536163,-0.05177076905965805,0.00502379285171628,-0.01312069408595562,0.034660354256629944,-0.00958944484591484,0.0009456872940063477,-0.011682399548590183,-0.01708749681711197,-0.004363873973488808,0.0,0.0,-0.0047828578390181065,0.005318055395036936,-9.295720519730821e-05,0.005246680695563555,0.09285580366849899,0.13585233688354492,-0.0003829816705547273,0.980270504951477,-0.21007616817951202,0.5074442028999329,0.08625694364309311,0.13631415367126465,-0.004486577119678259,-0.00032418317277915776,-0.09137435257434845,-0.12339653819799423,0.00030348627478815615,2.0,2.0,2.0,2.0,0.14412109553813934,0.22078125178813934,-0.14258788526058197,-0.21618163585662842,0.0,0.1363988220691681,0.2118299901485443,-0.13675448298454285,-0.21219047904014587,0.0,-0.4722377359867096,-0.006736937910318375,-9.838761329650879,0.18623016774654388,-0.031243275851011276,0.10653296858072281,0.0,0.0,0.0,0.0,0.0,0.0,0.0,0.0,0.0,0.0,0.0,0.0,0.14279259741306305,0.2116195261478424,-0.1431555300951004,-0.2119869589805603,0.04114978387951851,0.04114978387951851,0.04114978387951851,0.04114978387951851,0.18551801145076752,0.027021847665309906,0.05511826276779175,0.0,0.0,0.0,0.0,0.0,0.0,0.0
5826150068,0,-0.01712661050260067,-0.036452338099479675,-0.1448732316493988,6.569455581484362e-05,-0.04113857448101044,-0.14425118267536163,-0.047880955040454865,0.0037333141081035137,-0.00698711397126317,0.03438477963209152,-0.009372519329190254,0.0006220489740371704,-0.01147434115409851,-0.01721506007015705,-0.004257088992744684,0.0,0.0,-0.0047828578390181065,0.005318055395036936,-9.295720519730821e-05,0.005246680695563555,0.09119878709316254,0.13686823844909668,-0.0005123710725456476,0.980270504951477,-0.21007616817951202,0.5074442028999329,0.08625694364309311,0.13631415367126465,-0.004486577119678259,-0.00032418317277915776,-0.09132856875658035,-0.12389304488897324,0.00048468689783476293,2.0,2.0,2.0,2.0,0.14258788526058197,0.22078125178813934,-0.1410546898841858,-0.21618163585662842,0.0,0.1363988220691681,0.2118299901485443,-0.13675448298454285,-0.21219047904014587,0.0,-0.09570492058992386,-0.11681947857141495,-9.570653915405273,0.17781461775302887,-0.028158340603113174,0.05814148113131523,0.0,0.0,0.0,0.0,0.0,0.0,0.0,0.0,0.0,0.0,0.0,0.0,0.14233075082302094,0.21052417159080505,-0.14268997311592102,-0.2108878195285797,0.04114978387951851,0.04114978387951851,0.04114978387951851,0.04114978387951851,0.18551801145076752,0.027021847665309906,0.05511826276779175,0.0,0.0,0.0,0.0,0.0,0.0,0.0
5836125595,0,-0.01712661050260067,-0.036452338099479675,-0.1448732316493988,6.569455581484362e-05,-0.04113857448101044,-0.14425118267536163,-0.047880955040454865,0.0037333141081035137,-0.00698711397126317,0.03438477963209152,-0.009372519329190254,0.0006220489740371704,-0.01147434115409851,-0.01721506007015705,-0.004257088992744684,0.0,0.0,-0.0047828578390181065,0.005318055395036936,-9.295720519730821e-05,0.005246680695563555,0.09401611238718033,0.1372743546962738,-0.0005463897250592709,0.980270504951477,-0.21007616817951202,0.5074442028999329,0.08625694364309311,0.13631415367126465,-0.004486577119678259,-0.00032418317277915776,-0.09132856875658035,-0.12389304488897324,0.00048468689783476293,2.0,2.0,2.0,2.0,0.1410546898841858,0.21924804151058197,-0.1410546898841858,-0.21618163585662842,0.0,0.1363988220691681,0.2118299901485443,-0.13675448298454285,-0.21219047904014587,0.0,-0.09570492058992386,-0.11681947857141495,-9.570653915405273,0.17781461775302887,-0.028158340603113174,0.05814148113131523,0.0,0.0,0.0,0.0,0.0,0.0,0.0,0.0,0.0,0.0,0.0,0.0,0.14100900292396545,0.2102264165878296,-0.14136576652526855,-0.21058762073516846,0.04114978387951851,0.04114978387951851,0.04114978387951851,0.04114978387951851,0.18551801145076752,0.027021847665309906,0.05511826276779175,0.0,0.0,0.0,0.0,0.0,0.0,0.0
5847051765,0,-0.01707031950354576,-0.03652621805667877,-0.1447189748287201,6.569455581484362e-05,-0.04113857448101044,-0.14425118267536163,-0.05027569457888603,0.007069093640893698,-0.010885770432651043,0.034272197633981705,-0.00922475941479206,0.00046779215335845947,-0.011592029593884945,-0.017281362786889076,-0.004234871361404657,0.0,0.0,-0.0047828578390181065,-0.0014951536431908607,-0.00019752087246160954,0.0035778386518359184,0.09401611238718033,0.1372743546962738,-0.0005463897250592709,1.004359483718872,-0.190408855676651,0.4878562390804291,0.09844453632831573,0.13759461045265198,-0.002283611800521612,-0.00033923136652447283,-0.09128713607788086,-0.12417303025722504,0.0005696160951629281,2.0,2.0,2.0,2.0,0.1410546898841858,0.21924804151058197,-0.14258788526058197,-0.21618163585662842,0.0,0.14420239627361298,0.21262127161026,-0.14457501471042633,-0.21299844980239868,0.0,-0.1461552530527115,-0.08751631528139114,-9.634578704833984,0.18261080980300903,-0.03461979329586029,0.08870113641023636,0.0,0.0,0.0,0.0,0.0,0.0,0.0,0.0,0.0,0.0,0.0,0.0,0.13986821472644806,0.2104123830795288,-0.1402243673801422,-0.2107730507850647,0.04114978387951851,0.04114978387951851,0.04114978387951851,0.04114978387951851,-0.2933269441127777,-0.012274036183953285,-0.047032810747623444,0.0,0.0,0.0,0.0,0.0,0.0,0.0
5857478654,0,-0.01707031950354576,-0.03652621805667877,-0.1447189748287201,6.569455581484362e-05,-0.04113857448101044,-0.14425118267536163,-0.05027569457888603,0.007069093640893698,-0.010885770432651043,0.034272197633981705,-0.00922475941479206,0.00046779215335845947,-0.011592029593884945,-0.017281362786889076,-0.004234871361404657,0.0,0.0,-0.0047828578390181065,-0.0028350239153951406,-0.0009437593398615718,0.00235089217312634,0.09401611238718033,0.1372743546962738,-0.0005463897250592709,0.9506289958953857,-0.16547542810440063,0.49874347448349,0.09844648092985153,0.13934774696826935,-0.0009723434923216701,-0.00034801647416315973,-0.09134025126695633,-0.12446388602256775,0.0006385290762409568,2.0,2.0,2.0,2.0,0.13952147960662842,0.2177148461341858,-0.14258788526058197,-0.21464844048023224,0.0,0.13905543088912964,0.19841134548187256,-0.13943742215633392,-0.19879721105098724,0.0,-0.039499565958976746,0.4586215019226074,-9.85875129699707,0.18261080980300903,-0.03461979329586029,0.08870113641023636,0.0,0.0,0.0,0.0,0.0,0.0,0.0,0.0,0.0,0.0,0.0,0.0,0.13950951397418976,0.2102193981409073,-0.13986805081367493,-0.21058250963687897,0.04114978387951851,0.04114978387951851,0.04114978387951851,0.04114978387951851,-0.23287346959114075,-0.03632107749581337,-0.08963654190301895,0.0,0.0,0.0,0.0,0.0,0.0,0.0
5866098917,0,-0.016900043934583664,-0.03666923567652702,-0.14437797665596008,6.569455581484362e-05,-0.04113857448101044,-0.14425118267536163,-0.04942748323082924,0.0035173525102436543,-0.013573252595961094,0.03393164649605751,-0.008938722312450409,0.0001267939805984497,-0.011817068792879581,-0.017299171537160873,-0.004237382207065821,0.0,0.0,-0.0047828578390181065,0.001505185617133975,0.003835792653262615,-0.007968796417117119,0.09401611238718033,0.1372743546962738,-0.0005463897250592709,0.9347322583198547,-0.192084401845932,0.4628344178199768,0.09086514264345169,0.13193751871585846,0.01036270335316658,-0.0003612590953707695,-0.09134025126695633,-0.12446388602256775,0.0006385290762409568,2.0,2.0,2.0,2.0,0.1410546898841858,0.21618163585662842,-0.14258788526058197,-0.21464844048023224,0.0,0.13146483898162842,0.20033594965934753,-0.13186100125312805,-0.20073668658733368,0.0,-0.039499565958976746,0.4586215019226074,-9.85875129699707,0.1804298311471939,-0.027038130909204483,0.10810811817646027,0.0,0.0,0.0,0.0,0.0,0.0,0.0,0.0,0.0,0.0,0.0,0.0,0.13913658261299133,0.208689883351326,-0.13950082659721375,-0.20905868709087372,0.04114978387951851,0.04114978387951851,0.04114978387951851,0.04114978387951851,0.230172261595726,0.19546541571617126,-0.427951455116272,0.0,0.0,0.0,0.0,0.0,0.0,0.0
5876155497,0,-0.01664096862077713,-0.03678186610341072,-0.1438722163438797,6.569455581484362e-05,-0.04113857448101044,-0.14425118267536163,-0.048838358372449875,0.008645066060125828,-0.01234536711126566,0.033413492143154144,-0.00871346052736044,-0.0003789663314819336,-0.011595639400184155,-0.017332006245851517,-0.0045844982378184795,0.0,0.0,-0.0047828578390181065,0.001505185617133975,0.003835792653262615,-0.007968796417117119,0.09217184036970139,0.1377919763326645,-0.00011743564391508698,0.9347322583198547,-0.192084401845932,0.4628344178199768,0.09086514264345169,0.13193751871585846,0.01036270335316658,-0.0003612590953707695,-0.09154199808835983,-0.12521326541900635,0.0004331071686465293,2.0,2.0,2.0,2.0,0.1410546898841858,0.2177148461341858,-0.14258788526058197,-0.2115820348262787,0.0,0.13146483898162842,0.20033594965934753,-0.13186100125312805,-0.20073668658733368,0.0,-0.5074834823608398,0.07407484203577042,-9.953685760498047,0.17844003438949585,-0.0367937795817852,0.09611916542053223,0.0,0.0,0.0,0.0,0.0,0.0,0.0,0.0,0.0,0.0,0.0,0.0,0.13788768649101257,0.2063073366880417,-0.13825996220111847,-0.20668412744998932,0.04114978387951851,0.04114978387951851,0.04114978387951851,0.04114978387951851,0.230172261595726,0.19546541571617126,-0.427951455116272,0.0,0.0,0.0,0.0,0.0,0.0,0.0
5886329144,0,-0.01664096862077713,-0.03678186610341072,-0.1438722163438797,6.569455581484362e-05,-0.04113857448101044,-0.14425118267536163,-0.048838358372449875,0.008645066060125828,-0.01234536711126566,0.033200547099113464,-0.008684649132192135,-0.0005575120449066162,-0.011595639400184155,-0.017332006245851517,-0.0045844982378184795,0.0,0.0,-0.0047828578390181065,0.006325459107756615,0.00419860053807497,-0.010997412726283073,0.09217184036970139,0.1377919763326645,-0.00011743564391508698,0.9347322583198547,-0.192084401845932,0.4628344178199768,0.09086514264345169,0.13193751871585846,0.01036270335316658,-0.0003612590953707695,-0.09154199808835983,-0.12521326541900635,0.0004331071686465293,2.0,2.0,2.0,2.0,0.13798828423023224,0.21464844048023224,-0.13952147960662842,-0.2100488245487213,0.0,0.13146483898162842,0.20033594965934753,-0.13186100125312805,-0.20073668658733368,0.0,-0.5074834823608398,0.07407484203577042,-9.953685760498047,0.17068599164485931,-0.03080908954143524,0.08077584952116013,0.0,0.0,0.0,0.0,0.0,0.0,0.0,0.0,0.0,0.0,0.0,0.0,0.1360882818698883,0.20403368771076202,-0.13646891713142395,-0.20441879332065582,0.04114978387951851,0.04114978387951851,0.04114978387951851,0.04114978387951851,0.31238481402397156,0.10680613666772842,-0.352031946182251,0.0,0.0,0.0,0.0,0.0,0.0,0.0
5897221479,0,-0.01653449609875679,-0.03679627180099487,-0.14369367063045502,6.569455581484362e-05,-0.04113857448101044,-0.14425118267536163,-0.04518771916627884,0.005681171547621489,-0.01045607216656208,0.033200547099113464,-0.008684649132192135,-0.0005575120449066162,-0.011554974131286144,-0.017342036589980125,-0.0045892056077718735,0.0,0.0,-0.0047828578390181065,0.0023346799425780773,0.0028802871238440275,-0.00730009563267231,0.0918487086892128,0.1378716230392456,-0.00011214062396902591,0.938772976398468,-0.16944998502731323,0.4442671835422516,0.09132995456457138,0.1351390928030014,0.005006527993828058,-0.00034651259193196893,-0.09149861335754395,-0.12540122866630554,0.0002466181176714599,2.0,2.0,2.0,2.0,0.13952147960662842,0.21464844048023224,-0.13952147960662842,-0.2100488245487213,0.0,0.13623106479644775,0.19699129462242126,-0.1366112381219864,-0.1973753571510315,0.0,-0.03668752312660217,0.35504958033561707,-9.714651107788086,0.17068599164485931,-0.03080908954143524,0.08077584952116013,0.0,0.0,0.0,0.0,0.0,0.0,0.0,0.0,0.0,0.0,0.0,0.0,0.13457003235816956,0.20207884907722473,-0.13495689630508423,-0.20247015357017517,0.04114978387951851,0.04114978387951851,0.04114978387951851,0.04114978387951851,-0.17671646177768707,-0.029890451580286026,0.06916294991970062,0.0,0.0,0.0,0.0,0.0,0.0,0.0
5908039973,0,-0.01653449609875679,-0.03679627180099487,-0.14369367063045502,6.569455581484362e-05,-0.04113857448101044,-0.14425118267536163,-0.04518771916627884,0.005681171547621489,-0.01045607216656208,0.033200547099113464,-0.008684649132192135,-0.0005575120449066162,-0.011554974131286144,-0.017342036589980125,-0.0045892056077718735,0.0,0.0,-0.0047828578390181065,0.0023346799425780773,0.0028802871238440275,-0.00730009563267231,0.0918487086892128,0.1378716230392456,-0.00011214062396902591,0.938772976398468,-0.16944998502731323,0.4442671835422516,0.09132995456457138,0.1351390928030014,0.005006527993828058,-0.00034651259193196893,-0.09143264591693878,-0.12587076425552368,-8.88328067958355e-05,2.0,2.0,2.0,2.0,0.13645507395267487,0.21311523020267487,-0.13952147960662842,-0.20851562917232513,0.0,0.13623106479644775,0.19699129462242126,-0.1366112381219864,-0.1973753571510315,0.0,-0.03668752312660217,0.35504958033561707,-9.714651107788086,0.17068599164485931,-0.03080908954143524,0.08077584952116013,0.0,0.0,0.0,0.0,0.0,0.0,0.0,0.0,0.0,0.0,0.0,0.0,0.13390997052192688,0.20033293962478638,-0.1342994123697281,-0.2007267326116562,0.04114978387951851,0.04114978387951851,0.04114978387951851,0.04114978387951851,-0.17671646177768707,-0.029890451580286026,0.06916294991970062,0.0,0.0,0.0,0.0,0.0,0.0,0.0
5916510372,0,-0.016366340219974518,-0.03686390817165375,-0.14333674311637878,6.569455581484362e-05,-0.04113857448101044,-0.14425118267536163,-0.0427730455994606,0.008673660457134247,-0.007585559040307999,0.03286423161625862,-0.008549375459551811,-0.0009144395589828491,-0.011870856396853924,-0.017462076619267464,-0.004555275663733482,0.0,0.0,-0.0047828578390181065,-0.003776645753532648,-0.0009929925436154008,-0.002551416167989373,0.09435861557722092,0.13882668316364288,-0.00014871249732095748,0.938772976398468,-0.16944998502731323,0.4442671835422516,0.09132995456457138,0.1351390928030014,0.005006527993828058,-0.00034651259193196893,-0.0915268063545227,-0.1261604279279709,-0.00013044127263128757,2.0,2.0,2.0,2.0,0.13645507395267487,0.2100488245487213,-0.13952147960662842,-0.20698241889476776,0.0,0.13623106479644775,0.19699129462242126,-0.1366112381219864,-0.1973753571510315,0.0,0.10608568042516708,0.40837362408638,-9.726330757141113,0.16524192690849304,-0.03651132434606552,0.056406907737255096,0.0,0.0,0.0,0.0,0.0,0.0,0.0,0.0,0.0,0.0,0.0,0.0,0.13401363790035248,0.1988576352596283,-0.13440264761447906,-0.19925086200237274,0.04114978387951851,0.04114978387951851,0.04114978387951851,0.04114978387951851,-0.32604944705963135,-0.19184981286525726,0.25215962529182434,0.0,0.0,0.0,0.0,0.0,0.0,0.0
5926038034,0,-0.016272349283099174,-0.03689032047986984,-0.14315466582775116,6.569455581484362e-05,-0.04113857448101044,-0.14425118267536163,-0.04830388352274895,0.004594855476170778,-0.007576725445687771,0.032676249742507935,-0.008496550843119621,-0.0010965168476104736,-0.011727441102266312,-0.01751309260725975,-0.0045368866994977,0.0,0.0,-0.0047828578390181065,-0.004990947898477316,-0.0016052897553890944,0.001510174130089581,0.09321800619363785,0.13923253118991852,-0.00017192124505527318,0.9088305830955505,-0.20081228017807007,0.3102380037307739,0.10045942664146423,0.1421356052160263,-0.004073263145983219,-0.00031796228722669184,-0.0915268063545227,-0.1261604279279709,-0.00013044127263128757,2.0,2.0,2.0,2.0,0.1349218785762787,0.20698241889476776,-0.13798828423023224,-0.20544922351837158,0.0,0.1253160536289215,0.19726303219795227,-0.12566445767879486,-0.19761550426483154,0.0,-0.4153386950492859,-0.027272162958979607,-9.691580772399902,0.17595434188842773,-0.02820619009435177,0.05631476268172264,0.0,0.0,0.0,0.0,0.0,0.0,0.0,0.0,0.0,0.0,0.0,0.0,0.13397027552127838,0.19780020415782928,-0.13435597717761993,-0.19819000363349915,0.04114978387951851,0.04114978387951851,0.04114978387951851,0.04114978387951851,-0.22504699230194092,-0.12977877259254456,0.31296539306640625,0.0,0.0,0.0,0.0,0.0,0.0,0.0
5937758063,0,-0.016272349283099174,-0.03689032047986984,-0.14315466582775116,6.569455581484362e-05,-0.04113857448101044,-0.14425118267536163,-0.04830388352274895,0.004594855476170778,-0.007576725445687771,0.032676249742507935,-0.008496550843119621,-0.0010965168476104736,-0.011727441102266312,-0.01751309260725975,-0.0045368866994977,0.0,0.0,-0.0047828578390181065,-0.004990947898477316,-0.0016052897553890944,0.001510174130089581,0.09321800619363785,0.13923253118991852,-0.00017192124505527318,0.9088305830955505,-0.20081228017807007,0.3102380037307739,0.10045942664146423,0.1421356052160263,-0.004073263145983219,-0.00031796228722669184,-0.09168568253517151,-0.1267329752445221,-2.7247151592746377e-05,2.0,2.0,2.0,2.0,0.1349218785762787,0.20544922351837158,-0.13645507395267487,-0.20238281786441803,0.0,0.1253160536289215,0.19726303219795227,-0.12566445767879486,-0.19761550426483154,0.0,-0.5723441243171692,-0.13239340484142303,-9.692375183105469,0.17595434188842773,-0.02820619009435177,0.05631476268172264,0.0,0.0,0.0,0.0,0.0,0.0,0.0,0.0,0.0,0.0,0.0,0.0,0.13285553455352783,0.19716845452785492,-0.1332342028617859,-0.1975511908531189,0.04114978387951851,0.04114978387951851,0.04114978387951851,0.04114978387951851,-0.22504699230194092,-0.12977877259254456,0.31296539306640625,0.0,0.0,0.0,0.0,0.0,0.0,0.0
5946116263,0,-0.016165947541594505,-0.036929141730070114,-0.14280015230178833,6.569455581484362e-05,-0.04113857448101044,-0.14525118470191956,-0.045961424708366394,0.009456738829612732,-0.008690980263054371,0.032463446259498596,-0.008418907411396503,-0.0024510324001312256,-0.011542027816176414,-0.017566291615366936,-0.004406574182212353,0.0,0.0,-0.0047828578390181065,0.002996762515977025,0.002907511778175831,0.005653537344187498,0.09174042195081711,0.13965773582458496,-0.0003298679075669497,0.9462845325469971,-0.21488189697265625,0.5075133442878723,0.08348358422517776,0.1363440901041031,-0.0053816502913832664,-0.00030160401365719736,-0.09166401624679565,-0.1269850730895996,7.125755655579269e-05,2.0,2.0,2.0,2.0,0.13185547292232513,0.2039160132408142,-0.1349218785762787,-0.20238281786441803,0.0,0.1294926255941391,0.2065691500902176,-0.1298232525587082,-0.20690415799617767,0.0,-0.5723441243171692,-0.13239340484142303,-9.692375183105469,0.17102934420108795,-0.03784611448645592,0.05695057287812233,0.0,0.0,0.0,0.0,0.0,0.0,0.0,0.0,0.0,0.0,0.0,0.0,0.13110871613025665,0.19730448722839355,-0.13147753477096558,-0.1976773887872696,0.04114978387951851,0.04114978387951851,0.04114978387951851,0.04114978387951851,0.09254264831542969,0.1151474118232727,0.1332172006368637,0.0,0.0,0.0,0.0,0.0,0.0,0.0
5957316674,0,-0.016019966453313828,-0.037025585770606995,-0.1424267739057541,6.569455581484362e-05,-0.04113857448101044,-0.1472511887550354,-0.04503772780299187,0.008981451392173767,-0.006835950072854757,0.03217148035764694,-0.008226018399000168,-0.004824414849281311,-0.011677166447043419,-0.017495974898338318,-0.00427620904520154,0.0,0.0,-0.0047828578390181065,0.002996762515977025,0.002907511778175831,0.005653537344187498,0.09227034449577332,0.13938750326633453,-0.0004918890190310776,0.9608098864555359,-0.20940940082073212,0.3091413378715515,0.08925565332174301,0.13439108431339264,-0.005621471907943487,-0.00029865140095353127,-0.09166401624679565,-0.1269850730895996,7.125755655579269e-05,2.0,2.0,2.0,2.0,0.1349218785762787,0.20238281786441803,-0.1333886682987213,-0.19931641221046448,0.0,0.13306009769439697,0.2082061767578125,-0.13338764011859894,-0.20853804051876068,0.0,-0.5723441243171692,-0.13239340484142303,-9.692375183105469,0.16859295964241028,-0.03647750988602638,0.029780466109514236,0.0,0.0,0.0,0.0,0.0,0.0,0.0,0.0,0.0,0.0,0.0,0.0,0.1299232840538025,0.19872722029685974,-0.13028091192245483,-0.199088916182518,0.04114978387951851,0.04114978387951851,0.04114978387951851,0.04114978387951851,0.09254264831542969,0.1151474118232727,0.1332172006368637,0.0,0.0,0.0,0.0,0.0,0.0,0.0
5966179505,0,-0.016013670712709427,-0.037079356610774994,-0.1422378271818161,6.569455581484362e-05,-0.04113857448101044,-0.14825117588043213,-0.05052934214472771,0.006208382081240416,-0.012134070508182049,0.03215888887643814,-0.00811847671866417,-0.006013348698616028,-0.011787774041295052,-0.017502576112747192,-0.004232467617839575,0.0,0.0,-0.0047828578390181065,0.002996762515977025,0.002907511778175831,0.005653537344187498,0.09227034449577332,0.13938750326633453,-0.0004918890190310776,0.9608098864555359,-0.20940940082073212,0.3091413378715515,0.08925565332174301,0.13439108431339264,-0.005621471907943487,-0.00029865140095353127,-0.09167318791151047,-0.12744656205177307,0.00028354968526400626,2.0,2.0,2.0,2.0,0.1333886682987213,0.20238281786441803,-0.13185547292232513,-0.1977832019329071,0.0,0.13306009769439697,0.2082061767578125,-0.13338764011859894,-0.20853804051876068,0.0,-0.06660258769989014,0.015351067297160625,-9.666687965393066,0.17974179983139038,-0.03078441694378853,0.06419502943754196,0.0,0.0,0.0,0.0,0.0,0.0,0.0,0.0,0.0,0.0,0.0,0.0,0.12975452840328217,0.20110055804252625,-0.13010123372077942,-0.201451376080513,0.04114978387951851,0.04114978387951851,0.04114978387951851,0.04114978387951851,0.09254264831542969,0.1151474118232727,0.1332172006368637,0.0,0.0,0.0,0.0,0.0,0.0,0.0
5975833843,0,-0.016013670712709427,-0.037079356610774994,-0.1422378271818161,6.569455581484362e-05,-0.04113857448101044,-0.14825117588043213,-0.05052934214472771,0.006208382081240416,-0.012134070508182049,0.03215888887643814,-0.00811847671866417,-0.006013348698616028,-0.011787774041295052,-0.017502576112747192,-0.004232467617839575,0.0,0.0,-0.0047828578390181065,-0.0064616440795362,-0.0017673869151622057,0.006956778466701508,0.09368915110826492,0.13915464282035828,-0.0005366445984691381,0.9885798692703247,-0.16931429505348206,0.3530726730823517,0.08925565332174301,0.13439108431339264,-0.005621471907943487,-0.00029865140095353127,-0.09167318791151047,-0.12744656205177307,0.00028354968526400626,2.0,2.0,2.0,2.0,0.13185547292232513,0.19931641221046448,-0.13032226264476776,-0.1977832019329071,0.0,0.14517417550086975,0.2059798389673233,-0.1455022692680359,-0.20631147921085358,0.0,-0.536198616027832,0.029022136703133583,-9.995298385620117,0.17974179983139038,-0.03078441694378853,0.06419502943754196,0.0,0.0,0.0,0.0,0.0,0.0,0.0,0.0,0.0,0.0,0.0,0.0,0.13084034621715546,0.20347626507282257,-0.13117815554141998,-0.20381823182106018,0.04114978387951851,0.04114978387951851,0.04114978387951851,0.04114978387951851,-0.39256855845451355,-0.17548169195652008,0.09755004942417145,0.0,0.0,0.0,0.0,0.0,0.0,0.0
5986620100,0,-0.016013670712709427,-0.037079356610774994,-0.1422378271818161,6.569455581484362e-05,-0.04113857448101044,-0.14825117588043213,-0.05052934214472771,0.006208382081240416,-0.012134070508182049,0.03215888887643814,-0.00811847671866417,-0.006013348698616028,-0.011787774041295052,-0.017502576112747192,-0.004232467617839575,0.0,0.0,-0.0047828578390181065,-0.0064616440795362,-0.0017673869151622057,0.006956778466701508,0.09368915110826492,0.13915464282035828,-0.0005366445984691381,0.8989177942276001,-0.21060506999492645,0.13793237507343292,0.10157046467065811,0.14736412465572357,-0.0074152699671685696,-0.0003116795269306749,-0.09167318791151047,-0.12744656205177307,0.00028354968526400626,2.0,2.0,2.0,2.0,0.13185547292232513,0.20084960758686066,-0.13032226264476776,-0.1977832019329071,0.0,0.12180928885936737,0.19724489748477936,-0.12215056270360947,-0.19759035110473633,0.0,-0.5285565257072449,0.14293527603149414,-10.00641918182373,0.17974179983139038,-0.03078441694378853,0.06419502943754196,0.0,0.0,0.0,0.0,0.0,0.0,0.0,0.0,0.0,0.0,0.0,0.0,0.13238264620304108,0.2048063725233078,-0.13271485269069672,-0.20514273643493652,0.04114978387951851,0.04114978387951851,0.04114978387951851,0.04114978387951851,-0.39256855845451355,-0.17548169195652008,0.09755004942417145,0.0,0.0,0.0,0.0,0.0,0.0,0.0
5997180168,0,-0.01586264558136463,-0.037158407270908356,-0.14187054336071014,6.569455581484362e-05,-0.04113857448101044,-0.15025117993354797,-0.04898446425795555,0.0036457774695008993,-0.006916751619428396,0.03185683861374855,-0.007960374467074871,-0.00838063657283783,-0.011861437931656837,-0.017721839249134064,-0.003981334622949362,0.0,0.0,-0.0047828578390181065,-9.794355719350278e-06,-0.0016522316727787256,0.002801267197355628,0.09475308656692505,0.14089158177375793,-0.0007873997092247009,0.9574394822120667,-0.21300867199897766,0.17850473523139954,0.09159082919359207,0.1424770951271057,-0.00023553360369987786,-0.0003376402019057423,-0.09190413355827332,-0.12805376946926117,0.0005534755764529109,2.0,2.0,2.0,2.0,0.12878906726837158,0.19931641221046448,-0.12878906726837158,-0.1977832019329071,0.0,0.1317957639694214,0.20822587609291077,-0.13216596841812134,-0.20860101282596588,0.0,-0.5285565257072449,0.14293527603149414,-10.00641918182373,0.17590413987636566,-0.02524959109723568,0.009692697785794735,0.0,0.0,0.0,0.0,0.0,0.0,0.0,0.0,0.0,0.0,0.0,0.0,0.13272865116596222,0.20497475564479828,-0.133060485124588,-0.20531079173088074,0.042093899101018906,0.04114978387951851,0.04114978387951851,0.04114978387951851,0.23111099004745483,0.03716551885008812,-0.2000420242547989,0.0,0.0,0.0,0.0,0.0,0.0,0.0
6006365367,0,-0.015661882236599922,-0.03727280721068382,-0.14132040739059448,6.569455581484362e-05,-0.04113857448101044,-0.15325118601322174,-0.049274951219558716,0.0038461082149297,-0.01160085666924715,0.03145530819892883,-0.007731573190540075,-0.011930778622627258,-0.011843560263514519,-0.017744557932019234,-0.004198250826448202,0.0,0.0,-0.0047828578390181065,-9.794355719350278e-06,-0.0016522316727787256,0.002801267197355628,0.0941312164068222,0.14107905328273773,-0.0005753948353230953,0.9574394822120667,-0.21300867199897766,0.17850473523139954,0.09159082919359207,0.1424770951271057,-0.00023553360369987786,-0.0003376402019057423,-0.09205906838178635,-0.1286727637052536,0.0007230630144476891,2.0,2.0,2.0,2.0,0.13032226264476776,0.20084960758686066,-0.13032226264476776,-0.19931641221046448,0.0,0.1317957639694214,0.20822587609291077,-0.13216596841812134,-0.20860101282596588,0.0,-0.5285565257072449,0.14293527603149414,-10.00641918182373,0.1759413480758667,-0.02522224374115467,0.0244086142629385,0.0,0.0,0.0,0.0,0.0,0.0,0.0,0.0,0.0,0.0,0.0,0.0,0.13226598501205444,0.20515091717243195,-0.13260337710380554,-0.20549264550209045,0.042093899101018906,0.04114978387951851,0.04114978387951851,0.04114978387951851,0.23111099004745483,0.03716551885008812,-0.2000420242547989,0.0,0.0,0.0,0.0,0.0,0.0,0.0
6016370394,0,-0.015661882236599922,-0.03727280721068382,-0.14132040739059448,6.569455581484362e-05,-0.04113857448101044,-0.15325118601322174,-0.049274951219558716,0.0038461082149297,-0.01160085666924715,0.03145530819892883,-0.007731573190540075,-0.011930778622627258,-0.011843560263514519,-0.017744557932019234,-0.004198250826448202,0.0,0.0,-0.0047828578390181065,0.0005297724856063724,0.000353660638211295,-0.002152625937014818,0.0941312164068222,0.14107905328273773,-0.0005753948353230953,0.934242844581604,-0.14381319284439087,0.10559866577386856,0.09249746054410934,0.13972154259681702,0.0048398831859230995,-0.000352637522155419,-0.09205906838178635,-0.1286727637052536,0.0007230630144476891,2.0,2.0,2.0,2.0,0.13032226264476776,0.20084960758686066,-0.13032226264476776,-0.20084960758686066,0.0,0.1399947702884674,0.1915528029203415,-0.1403818428516388,-0.19194325804710388,0.0,-0.6442295908927917,-0.5067194104194641,-9.792359352111816,0.1759413480758667,-0.02522224374115467,0.0244086142629385,0.0,0.0,0.0,0.0,0.0,0.0,0.0,0.0,0.0,0.0,0.0,0.0,0.13232991099357605,0.20503582060337067,-0.1326768696308136,-0.2053872048854828,0.04114978387951851,0.04114978387951851,0.04114978387951851,0.04114978387951851,0.11039814352989197,0.10038430243730545,-0.330432265996933,0.0,0.0,0.0,0.0,0.0,0.0,0.0
6026105177,0,-0.015588720329105854,-0.03728476166725159,-0.14114557206630707,6.569455581484362e-05,-0.04113857448101044,-0.15425118803977966,-0.041900068521499634,0.006350641138851643,-0.005712525919079781,0.031308986246585846,-0.007707664277404547,-0.013105615973472595,-0.011890001595020294,-0.017875153571367264,-0.004220742266625166,0.0,0.0,-0.0047828578390181065,0.0010306222829967737,-0.0034951032139360905,-0.009197607636451721,0.09450079500675201,0.14211685955524445,-0.0005469802999868989,0.9716521501541138,-0.08502021431922913,-0.16333162784576416,0.09387549757957458,0.1460176557302475,0.009481736458837986,-0.00036244746297597885,-0.09209160506725311,-0.12891925871372223,0.0006787140155211091,2.0,2.0,2.0,2.0,0.13185547292232513,0.20084960758686066,-0.13185547292232513,-0.20084960758686066,0.0,0.1571854054927826,0.18769821524620056,-0.1575842946767807,-0.18809926509857178,0.0,-0.047243937849998474,0.5179768204689026,-9.973002433776855,0.16073602437973022,-0.030090145766735077,-0.02826528809964657,0.0,0.0,0.0,0.0,0.0,0.0,0.0,0.0,0.0,0.0,0.0,0.0,0.13419051468372345,0.20308256149291992,-0.1345493644475937,-0.203445702791214,0.04114978387951851,0.04114978387951851,0.04114978387951851,0.04114978387951851,0.058830250054597855,-0.07382339239120483,-0.3085378408432007,0.0,0.0,0.0,0.0,0.0,0.0,0.0
6036103930,0,-0.015588720329105854,-0.03728476166725159,-0.14114557206630707,6.569455581484362e-05,-0.04113857448101044,-0.15425118803977966,-0.041900068521499634,0.006350641138851643,-0.005712525919079781,0.031308986246585846,-0.007707664277404547,-0.013105615973472595,-0.011890001595020294,-0.017875153571367264,-0.004220742266625166,0.0,0.0,-0.0047828578390181065,0.0010306222829967737,-0.0034951032139360905,-0.009197607636451721,0.09450079500675201,0.14211685955524445,-0.0005469802999868989,0.9716521501541138,-0.08502021431922913,-0.16333162784576416,0.09283564239740372,0.14712141454219818,0.010112329386174679,-0.0003678050416056067,-0.09216398000717163,-0.12957850098609924,0.00035264482721686363,2.0,2.0,2.0,2.0,0.13032226264476776,0.20084960758686066,-0.13185547292232513,-0.20238281786441803,0.0,0.1571824550628662,0.18769527971744537,-0.1575872153043747,-0.18810223042964935,0.0,-0.047243937849998474,0.5179768204689026,-9.973002433776855,0.16073602437973022,-0.030090145766735077,-0.02826528809964657,0.0,0.0,0.0,0.0,0.0,0.0,0.0,0.0,0.0,0.0,0.0,0.0,0.1385556012392044,0.19946077466011047,-0.1389274150133133,-0.19983647763729095,0.04114978387951851,0.04114978387951851,0.04114978387951851,0.04114978387951851,0.058830250054597855,-0.07382339239120483,-0.3085378408432007,0.0,0.0,0.0,0.0,0.0,0.0,0.0
6046263795,0,-0.015466533601284027,-0.03737928345799446,-0.14076435565948486,6.569455581484362e-05,-0.04113857448101044,-0.15625117719173431,-0.046631623059511185,0.009100737050175667,-0.008994103409349918,0.031064612790942192,-0.007518619764596224,-0.01548682153224945,-0.01199247408658266,-0.017945148050785065,-0.004520755726844072,0.0,0.0,-0.0047828578390181065,0.001710274489596486,-0.0032254757825285196,-0.010267202742397785,0.09288334101438522,0.1416955590248108,-0.00021753486362285912,0.9716521501541138,-0.08502021431922913,-0.16333162784576416,0.09283564239740372,0.14712141454219818,0.010112329386174679,-0.0003678050416056067,-0.09217067062854767,-0.12990620732307434,0.00015493626415263861,2.0,2.0,2.0,2.0,0.13185547292232513,0.20084960758686066,-0.1333886682987213,-0.2039160132408142,0.0,0.1571824550628662,0.18769527971744537,-0.1575872153043747,-0.18810223042964935,0.0,-0.039608184248209,0.7097553610801697,-9.943726539611816,0.16991376876831055,-0.03516525402665138,-0.015868613496422768,0.0,0.0,0.0,0.0,0.0,0.0,0.0,0.0,0.0,0.0,0.0,0.0,0.14413969218730927,0.19550862908363342,-0.1445237100124359,-0.1958959996700287,0.04114978387951851,0.04114978387951851,0.04114978387951851,0.04114978387951851,0.09701560437679291,-0.02317490428686142,-0.20801252126693726,0.0,0.0,0.0,0.0,0.0,0.0,0.0
6056358963,0,-0.015369676053524017,-0.037428244948387146,-0.1405622810125351,6.569455581484362e-05,-0.04113857448101044,-0.15725117921829224,-0.046470757573843,0.0008991566719487309,-0.007974730804562569,0.030870895832777023,-0.007420696318149567,-0.01668889820575714,-0.01170513778924942,-0.017994431778788567,-0.004634387791156769,0.0,0.0,-0.0047828578390181065,0.00475965766236186,0.0006009511998854578,-0.010173961520195007,0.09288334101438522,0.1416955590248108,-0.00021753486362285912,0.9301612973213196,-0.10182076692581177,-0.1676972657442093,0.08626879006624222,0.1393042504787445,0.009007732383906841,-0.00035903207026422024,-0.09217067062854767,-0.12990620732307434,0.00015493626415263861,2.0,2.0,2.0,2.0,0.13185547292232513,0.20084960758686066,-0.1349218785762787,-0.20238281786441803,0.0,0.14676247537136078,0.1832592934370041,-0.14715701341629028,-0.18365618586540222,0.0,-0.28647899627685547,-0.3682531416416168,-9.708305358886719,0.16912023723125458,-0.018512867391109467,-0.030490411445498466,0.0,0.0,0.0,0.0,0.0,0.0,0.0,0.0,0.0,0.0,0.0,0.0,0.14881207048892975,0.1919185072183609,-0.14920544624328613,-0.1923147737979889,0.04114978387951851,0.04114978387951851,0.04114978387951851,0.04114978387951851,0.1854899674654007,0.17903605103492737,-0.11813797801733017,0.0,0.0,0.0,0.0,0.0,0.0,0.0
6066205253,0,-0.015369676053524017,-0.037428244948387146,-0.1405622810125351,6.569455581484362e-05,-0.04113857448101044,-0.15725117921829224,-0.046470757573843,0.0008991566719487309,-0.007974730804562569,0.030870895832777023,-0.007420696318149567,-0.01668889820575714,-0.01170513778924942,-0.017994431778788567,-0.004634387791156769,0.0,0.0,-0.0047828578390181065,0.00475965766236186,0.0006009511998854578,-0.010173961520195007,0.09288334101438522,0.1416955590248108,-0.00021753486362285912,0.9301612973213196,-0.10182076692581177,-0.1676972657442093,0.08626879006624222,0.1393042504787445,0.009007732383906841,-0.00035903207026422024,-0.0921352207660675,-0.13036832213401794,-0.0001221185375470668,2.0,2.0,2.0,2.0,0.1333886682987213,0.19931641221046448,-0.1349218785762787,-0.20238281786441803,0.0,0.14676247537136078,0.1832592934370041,-0.14715701341629028,-0.18365618586540222,0.0,-0.28647899627685547,-0.3682531416416168,-9.708305358886719,0.16912023723125458,-0.018512867391109467,-0.030490411445498466,0.0,0.0,0.0,0.0,0.0,0.0,0.0,0.0,0.0,0.0,0.0,0.0,0.15121249854564667,0.18875962495803833,-0.15161114931106567,-0.18916085362434387,0.04114978387951851,0.04114978387951851,0.04114978387951851,0.04114978387951851,0.1854899674654007,0.17903605103492737,-0.11813797801733017,0.0,0.0,0.0,0.0,0.0,0.0,0.0
6076213609,0,-0.015201257541775703,-0.03756400942802429,-0.140173077583313,6.569455581484362e-05,-0.04113857448101044,-0.15925118327140808,-0.04269685223698616,0.00485218083485961,-0.005351565312594175,0.030534056946635246,-0.007149165961891413,-0.019078105688095093,-0.011673575267195702,-0.017910730093717575,-0.004407835192978382,0.0,0.0,-0.0047828578390181065,0.003226327942684293,0.004318105988204479,-0.0034939772449433804,0.09299970418214798,0.1423964500427246,-5.4847594583407044e-05,0.8848804235458374,-0.14218191802501678,-0.3618040382862091,0.090006023645401,0.13592629134655,0.0008839612128213048,-0.0003311448672320694,-0.0921352207660675,-0.13036832213401794,-0.0001221185375470668,2.0,2.0,2.0,2.0,0.13798828423023224,0.1977832019329071,-0.13798828423023224,-0.20084960758686066,0.0,0.13149040937423706,0.1823902428150177,-0.13185352087020874,-0.18275628983974457,0.0,-0.3414861857891083,0.601051926612854,-10.009016036987305,0.16088734567165375,-0.025851259008049965,-0.06578255444765091,0.0,0.0,0.0,0.0,0.0,0.0,0.0,0.0,0.0,0.0,0.0,0.0,0.15086737275123596,0.18615098297595978,-0.151266410946846,-0.18655245006084442,0.04114978387951851,0.04114978387951851,0.04114978387951851,0.04114978387951851,-0.00020111934281885624,0.15214219689369202,0.19159676134586334,0.0,0.0,0.0,0.0,0.0,0.0,0.0
6086320355,0,-0.015201257541775703,-0.03756400942802429,-0.140173077583313,6.569455581484362e-05,-0.04113857448101044,-0.15925118327140808,-0.04269685223698616,0.00485218083485961,-0.005351565312594175,0.030534056946635246,-0.007149165961891413,-0.019078105688095093,-0.011673575267195702,-0.017910730093717575,-0.004407835192978382,0.0,0.0,-0.0047828578390181065,0.003226327942684293,0.004318105988204479,-0.0034939772449433804,0.09299970418214798,0.1423964500427246,-5.4847594583407044e-05,0.9588530659675598,-0.053124427795410156,-0.36898118257522583,0.09855469316244125,0.14404579997062683,-0.003169781295582652,-0.00031826997292228043,-0.0921686515212059,-0.13084916770458221,-0.00013886397937312722,2.0,2.0,2.0,2.0,0.13798828423023224,0.19471679627895355,-0.13952147960662842,-0.1977832019329071,0.0,0.16062863171100616,0.17968642711639404,-0.16097909212112427,-0.18003803491592407,0.0,-0.3414861857891083,0.601051926612854,-10.009016036987305,0.16088734567165375,-0.025851259008049965,-0.06578255444765091,0.0,0.0,0.0,0.0,0.0,0.0,0.0,0.0,0.0,0.0,0.0,0.0,0.14917078614234924,0.18408942222595215,-0.1495642513036728,-0.18448522686958313,0.04295560345053673,0.04114978387951851,0.04114978387951851,0.04114978387951851,-0.00020111934281885624,0.15214219689369202,0.19159676134586334,0.0,0.0,0.0,0.0,0.0,0.0,0.0
6095990503,0,-0.014921884983778,-0.03782488778233528,-0.13938690721988678,6.569455581484362e-05,-0.04113857448101044,-0.16325119137763977,-0.04593119025230408,0.009114003740251064,-0.008854951709508896,0.02997530996799469,-0.00662740645930171,-0.02386428415775299,-0.011571087874472141,-0.018089892342686653,-0.004116468597203493,0.0,0.0,-0.0047828578390181065,0.003226327942684293,0.004318105988204479,-0.0034939772449433804,0.0919623151421547,0.14382563531398773,-0.000674031674861908,0.9588530659675598,-0.053124427795410156,-0.36898118257522583,0.09855469316244125,0.14404579997062683,-0.003169781295582652,-0.00031826997292228043,-0.0921686515212059,-0.13084916770458221,-0.00013886397937312722,2.0,2.0,2.0,2.0,0.14412109553813934,0.19318360090255737,-0.14258788526058197,-0.19625000655651093,0.0,0.16062863171100616,0.17968642711639404,-0.16097909212112427,-0.18003803491592407,0.0,-0.3414861857891083,0.601051926612854,-10.009016036987305,0.16648533940315247,-0.03335900232195854,-0.06715942174196243,0.0,0.0,0.0,0.0,0.0,0.0,0.0,0.0,0.0,0.0,0.0,0.0,0.1491064727306366,0.18238778412342072,-0.1494898498058319,-0.18277329206466675,0.04295560345053673,0.04114978387951851,0.04114978387951851,0.04114978387951851,-0.00020111934281885624,0.15214219689369202,0.19159676134586334,0.0,0.0,0.0,0.0,0.0,0.0,0.0
6106388137,0,-0.014921884983778,-0.03782488778233528,-0.13938690721988678,6.569455581484362e-05,-0.04113857448101044,-0.16325119137763977,-0.04593119025230408,0.009114003740251064,-0.008854951709508896,0.02997530996799469,-0.00662740645930171,-0.02386428415775299,-0.011571087874472141,-0.018089892342686653,-0.004116468597203493,0.0,0.0,-0.0047828578390181065,0.003194826655089855,-0.002636868506669998,0.007050507701933384,0.0919623151421547,0.14382563531398773,-0.000674031674861908,0.924048662185669,-0.07089552283287048,-0.4150591492652893,0.08830493688583374,0.14724251627922058,-0.008126599714159966,-0.00029944349080324173,-0.09216579794883728,-0.1311761736869812,-3.9615784771740437e-05,2.0,2.0,2.0,2.0,0.14258788526058197,0.19011718034744263,-0.14258788526058197,-0.19318360090255737,0.0,0.15123063325881958,0.17663727700710297,-0.15155993402004242,-0.17696796357631683,0.0,-0.5899259448051453,-0.18240855634212494,-9.970823287963867,0.16648533940315247,-0.03335900232195854,-0.06715942174196243,0.0,0.0,0.0,0.0,0.0,0.0,0.0,0.0,0.0,0.0,0.0,0.0,0.15076744556427002,0.18091174960136414,-0.1511388123035431,-0.18128497898578644,0.04536610469222069,0.04114978387951851,0.04114978387951851,0.04114978387951851,0.04625556245446205,-0.07800158858299255,0.26326388120651245,0.0,0.0,0.0,0.0,0.0,0.0,0.0
6118752099,0,-0.01471671275794506,-0.0378740169107914,-0.13899758458137512,6.569455581484362e-05,-0.04113857448101044,-0.16525118052959442,-0.048741281032562256,-0.0008860273519530892,-0.008416710421442986,0.029564961791038513,-0.006529147736728191,-0.0262535959482193,-0.011609028093516827,-0.018019264563918114,-0.004181812983006239,0.0,0.0,-0.0047828578390181065,0.003194826655089855,-0.002636868506669998,0.007050507701933384,0.09226589649915695,0.14326292276382446,-0.0005957034882158041,0.924048662185669,-0.07089552283287048,-0.4150591492652893,0.08830493688583374,0.14724251627922058,-0.008126599714159966,-0.00029944349080324173,-0.09210802614688873,-0.1317482590675354,0.00025346004986204207,2.0,2.0,2.0,2.0,0.14412109553813934,0.18858398497104645,-0.14412109553813934,-0.191650390625,0.0,0.15123063325881958,0.17663727700710297,-0.15155993402004242,-0.17696796357631683,0.0,-0.5899259448051453,-0.18240855634212494,-9.970823287963867,0.17123627662658691,-0.013082821853458881,-0.08388353884220123,0.0,0.0,0.0,0.0,0.0,0.0,0.0,0.0,0.0,0.0,0.0,0.0,0.15210336446762085,0.17953772842884064,-0.15246202051639557,-0.17989802360534668,0.04549472779035568,0.04114978387951851,0.04114978387951851,0.04114978387951851,0.04625556245446205,-0.07800158858299255,0.26326388120651245,0.0,0.0,0.0,0.0,0.0,0.0,0.0
6126122453,0,-0.01471671275794506,-0.0378740169107914,-0.13899758458137512,6.569455581484362e-05,-0.04113857448101044,-0.16525118052959442,-0.048741281032562256,-0.0008860273519530892,-0.008416710421442986,0.029564961791038513,-0.006529147736728191,-0.0262535959482193,-0.011609028093516827,-0.018019264563918114,-0.004181812983006239,0.0,0.0,-0.0047828578390181065,-0.0032231693621724844,0.0007305826293304563,0.006031710188835859,0.09226589649915695,0.14326292276382446,-0.0005957034882158041,0.941799521446228,-0.07195551693439484,-0.4613594710826874,0.0889652743935585,0.13886475563049316,-0.00864088349044323,-0.00030260506900958717,-0.09210802614688873,-0.1317482590675354,0.00025346004986204207,2.0,2.0,2.0,2.0,0.14412109553813934,0.18705077469348907,-0.14258788526058197,-0.19011718034744263,0.0,0.1542142629623413,0.1800144612789154,-0.15454712510108948,-0.18034878373146057,0.0,-0.606585681438446,-0.3555000126361847,-10.007950782775879,0.17123627662658691,-0.013082821853458881,-0.08388353884220123,0.0,0.0,0.0,0.0,0.0,0.0,0.0,0.0,0.0,0.0,0.0,0.0,0.15273699164390564,0.1784825325012207,-0.15308412909507751,-0.17883117496967316,0.04549472779035568,0.04114978387951851,0.04114978387951851,0.04114978387951851,-0.3018965423107147,0.006266382057219744,-0.07180417329072952,0.0,0.0,0.0,0.0,0.0,0.0,0.0
6135835234,0,-0.01471671275794506,-0.0378740169107914,-0.13899758458137512,6.569455581484362e-05,-0.04113857448101044,-0.16725118458271027,-0.048741281032562256,-0.0008860273519530892,-0.008416710421442986,0.029114751145243645,-0.006433921400457621,-0.028649628162384033,-0.011609028093516827,-0.018019264563918114,-0.004181812983006239,0.0,0.0,-0.0047828578390181065,-0.0032231693621724844,0.0007305826293304563,0.006031710188835859,0.0946585088968277,0.1439390629529953,-0.0005568909109570086,0.8609086275100708,-0.17881041765213013,-0.47022685408592224,0.09978073090314865,0.14364725351333618,-0.00402163015678525,-0.0003118209133390337,-0.09218132495880127,-0.13226749002933502,0.0005377810448408127,2.0,2.0,2.0,2.0,0.14565429091453552,0.1855175793170929,-0.14412109553813934,-0.18858398497104645,0.0,0.12070247530937195,0.18467655777931213,-0.12104392051696777,-0.18502137064933777,0.0,-0.606585681438446,-0.3555000126361847,-10.007950782775879,0.1670103520154953,-0.011817011050879955,-0.1098192110657692,0.0,0.0,0.0,0.0,0.0,0.0,0.0,0.0,0.0,0.0,0.0,0.0,0.15163761377334595,0.178305521607399,-0.15197667479515076,-0.17864610254764557,0.04214988276362419,0.04114978387951851,0.04114978387951851,0.04114978387951851,-0.3018965423107147,0.006266382057219744,-0.07180417329072952,0.0,0.0,0.0,0.0,0.0,0.0,0.0
6147759250,0,-0.014491608366370201,-0.03792162984609604,-0.13860155642032623,6.569455581484362e-05,-0.04113857448101044,-0.16725118458271027,-0.0470854826271534,-0.0014017994981259108,-0.0071094948798418045,0.029114751145243645,-0.006433921400457621,-0.028649628162384033,-0.011762311682105064,-0.018170684576034546,-0.004092842806130648,0.0,0.0,-0.0047828578390181065,-0.005472574848681688,0.0009180257329717278,0.0036534143146127462,0.09527239203453064,0.14495432376861572,-0.0005011697066947818,0.9185569286346436,-0.06499356031417847,-0.6040056347846985,0.10295501351356506,0.1429019421339035,-0.001278347335755825,-0.0003219874342903495,-0.09228339791297913,-0.13250167667865753,0.0005830457666888833,2.0,2.0,2.0,2.0,0.14565429091453552,0.18398436903953552,-0.14412109553813934,-0.1855175793170929,0.0,0.151291623711586,0.17457926273345947,-0.151645690202713,-0.17493467032909393,0.0,-0.6050371527671814,-0.542289137840271,-9.654672622680664,0.1670103520154953,-0.011817011050879955,-0.1098192110657692,0.0,0.0,0.0,0.0,0.0,0.0,0.0,0.0,0.0,0.0,0.0,0.0,0.14834564924240112,0.17871320247650146,-0.14868135750293732,-0.17905059456825256,0.04114978387951851,0.04114978387951851,0.04114978387951851,0.04114978387951851,-0.282392680644989,0.011908764950931072,-0.155739426612854,0.0,0.0,0.0,0.0,0.0,0.0,0.0
6155895014,0,-0.014389391988515854,-0.03798103332519531,-0.1384020745754242,6.569455581484362e-05,-0.04113857448101044,-0.1682511866092682,-0.044122569262981415,0.009811262600123882,-0.007032009772956371,0.02891031838953495,-0.006315113976597786,-0.029849112033843994,-0.011811490170657635,-0.018175208941102028,-0.0041090212762355804,0.0,0.0,-0.0047828578390181065,-0.0008101975545287132,0.001235166215337813,-0.0050665331073105335,0.09527239203453064,0.14495432376861572,-0.0005011697066947818,0.8843273520469666,-0.18705692887306213,-0.6504858136177063,0.10244613140821457,0.14680975675582886,0.0035336853470653296,-0.0003339645336382091,-0.09228339791297913,-0.13250167667865753,0.0005830457666888833,2.0,2.0,2.0,2.0,0.14872069656848907,0.18245117366313934,-0.14412109553813934,-0.1855175793170929,0.0,0.1233924999833107,0.190361887216568,-0.12375837564468384,-0.19073159992694855,0.0,-0.11744434386491776,0.7946553230285645,-9.929023742675781,0.16078679263591766,-0.034010350704193115,-0.1182701513171196,0.0,0.0,0.0,0.0,0.0,0.0,0.0,0.0,0.0,0.0,0.0,0.0,0.14457204937934875,0.17934474349021912,-0.14490947127342224,-0.1796840876340866,0.04114978387951851,0.04114978387951851,0.04114978387951851,0.04114978387951851,0.15751081705093384,0.08016252517700195,-0.3284916579723358,0.0,0.0,0.0,0.0,0.0,0.0,0.0
6166033106,0,-0.014389391988515854,-0.03798103332519531,-0.1384020745754242,6.569455581484362e-05,-0.04113857448101044,-0.17025119066238403,-0.044122569262981415,0.009811262600123882,-0.007032009772956371,0.028462804853916168,-0.006247186567634344,-0.03224954009056091,-0.011811490170657635,-0.018175208941102028,-0.0041090212762355804,0.0,0.0,-0.0047828578390181065,-0.0008101975545287132,0.001235166215337813,-0.0050665331073105335,0.09527239203453064,0.14495432376861572,-0.0005011697066947818,0.8627679944038391,-0.157467782497406,-0.8152289390563965,0.09283289313316345,0.14181911945343018,0.00718658696860075,-0.00034290537587367,-0.09228339791297913,-0.13250167667865753,0.0005830457666888833,2.0,2.0,2.0,2.0,0.14872069656848907,0.18245117366313934,-0.14565429091453552,-0.18398436903953552,0.0,0.1248181164264679,0.1811567097902298,-0.12519380450248718,-0.1815357357263565,0.0,-0.031724799424409866,0.8294735550880432,-9.954187393188477,0.16475671529769897,-0.020152190700173378,-0.118215411901474,0.0,0.0,0.0,0.0,0.0,0.0,0.0,0.0,0.0,0.0,0.0,0.0,0.14016073942184448,0.18053555488586426,-0.1405041664838791,-0.18088124692440033,0.04114978387951851,0.04114978387951851,0.04114978387951851,0.04114978387951851,0.15751081705093384,0.08016252517700195,-0.3284916579723358,0.0,0.0,0.0,0.0,0.0,0.0,0.0
6176183308,0,-0.014165636152029037,-0.03801499679684639,-0.13800165057182312,6.569455581484362e-05,-0.04113857448101044,-0.17025119066238403,-0.04652619734406471,0.0029780142940580845,-0.008745024912059307,0.028462804853916168,-0.006247186567634344,-0.03224954009056091,-0.011775779537856579,-0.018094366416335106,-0.00440837349742651,0.0,0.0,-0.0047828578390181065,0.0032797574531286955,0.0003880729782395065,-0.004495576489716768,0.09220618009567261,0.14430227875709534,-0.0005282642086967826,0.906161904335022,-0.11083704978227615,-0.6501847505569458,0.08691245317459106,0.144928976893425,0.00500740110874176,-0.00034694827627390623,-0.09242486953735352,-0.1330234408378601,0.0004768338694702834,2.0,2.0,2.0,2.0,0.1471875011920929,0.1793847680091858,-0.14565429091453552,-0.18398436903953552,0.0,0.1408718079328537,0.18057285249233246,-0.14125271141529083,-0.18095619976520538,0.0,-0.031724799424409866,0.8294735550880432,-9.954187393188477,0.16475671529769897,-0.020152190700173378,-0.118215411901474,0.0,0.0,0.0,0.0,0.0,0.0,0.0,0.0,0.0,0.0,0.0,0.0,0.13583488762378693,0.18163356184959412,-0.13618701696395874,-0.18198829889297485,0.04114978387951851,0.04114978387951851,0.04114978387951851,0.04114978387951851,0.27951347827911377,-0.0059028565883636475,-0.1607373058795929,0.0,0.0,0.0,0.0,0.0,0.0,0.0
6185894819,0,-0.014032847248017788,-0.03799176588654518,-0.13781797885894775,6.569455581484362e-05,-0.04113857448101044,-0.17125117778778076,-0.03923563286662102,0.012898866087198257,-0.007155196275562048,0.02819722518324852,-0.006293648853898048,-0.03343319892883301,-0.011699335649609566,-0.018270542845129967,-0.00432195421308279,0.0,0.0,-0.0047828578390181065,0.005715746898204088,0.0005644841003231704,-0.00418589124456048,0.09217048436403275,0.14560467004776,-0.0003349627659190446,0.8232499361038208,-0.22067207098007202,-0.7624599933624268,0.08377833664417267,0.14412908256053925,0.003804268781095743,-0.0003481738967821002,-0.09242486953735352,-0.1330234408378601,0.0004768338694702834,2.0,2.0,2.0,2.0,0.1471875011920929,0.1793847680091858,-0.14565429091453552,-0.18245117366313934,0.0,0.10653391480445862,0.18541234731674194,-0.10691452026367188,-0.18579743802547455,0.0,-0.23514778912067413,-0.18781502544879913,-9.692970275878906,0.14968180656433105,-0.040122196078300476,-0.13862909376621246,0.0,0.0,0.0,0.0,0.0,0.0,0.0,0.0,0.0,0.0,0.0,0.0,0.13231216371059418,0.18222801387310028,-0.13267365097999573,-0.18259239196777344,0.04114978387951851,0.04114978387951851,0.04114978387951851,0.04114978387951851,0.23320730030536652,0.02921624295413494,-0.06523699313402176,0.0,0.0,0.0,0.0,0.0,0.0,0.0
6196210217,0,-0.014032847248017788,-0.03799176588654518,-0.13781797885894775,6.569455581484362e-05,-0.04113857448101044,-0.17125117778778076,-0.03923563286662102,0.012898866087198257,-0.007155196275562048,0.02819722518324852,-0.006293648853898048,-0.03343319892883301,-0.011699335649609566,-0.018270542845129967,-0.00432195421308279,0.0,0.0,-0.0047828578390181065,0.005715746898204088,0.0005644841003231704,-0.00418589124456048,0.09217048436403275,0.14560467004776,-0.0003349627659190446,0.8232499361038208,-0.22067207098007202,-0.7624599933624268,0.08377833664417267,0.14412908256053925,0.003804268781095743,-0.0003481738967821002,-0.09242486953735352,-0.1330234408378601,0.0004768338694702834,2.0,2.0,2.0,2.0,0.14258788526058197,0.17785155773162842,-0.14412109553813934,-0.1793847680091858,0.0,0.10653391480445862,0.18541234731674194,-0.10691452026367188,-0.18579743802547455,0.0,-0.23514778912067413,-0.18781502544879913,-9.692970275878906,0.14968180656433105,-0.040122196078300476,-0.13862909376621246,0.0,0.0,0.0,0.0,0.0,0.0,0.0,0.0,0.0,0.0,0.0,0.0,0.12740692496299744,0.18288470804691315,-0.12777656316757202,-0.1832575798034668,0.04114978387951851,0.04114978387951851,0.04114978387951851,0.04114978387951851,0.23320730030536652,0.02921624295413494,-0.06523699313402176,0.0,0.0,0.0,0.0,0.0,0.0,0.0
6205937310,0,-0.013688214123249054,-0.03798241168260574,-0.13726748526096344,6.569455581484362e-05,-0.04113857448101044,-0.17425118386745453,-0.04221097007393837,0.005588462110608816,-0.004793511237949133,0.027507955208420753,-0.006312357261776924,-0.03698369860649109,-0.011942917481064796,-0.018296904861927032,-0.004538810811936855,0.0,0.0,-0.0047828578390181065,-0.004342758562415838,0.0010379207087680697,-0.003899666480720043,0.09492989629507065,0.14546369016170502,-0.00016172946197912097,0.8429262638092041,-0.22568440437316895,-0.8704888820648193,0.10217069089412689,0.1442698985338211,0.003394825616851449,-0.00034414796391502023,-0.0923842042684555,-0.13378946483135223,0.0002498640969861299,2.0,2.0,2.0,2.0,0.1410546898841858,0.17785155773162842,-0.14258788526058197,-0.18245117366313934,0.0,0.10914349555969238,0.18985696136951447,-0.109519824385643,-0.1902378797531128,0.0,0.2386104315519333,0.696241021156311,-9.6019868850708,0.15416736900806427,-0.02536763623356819,-0.1780514419078827,0.0,0.0,0.0,0.0,0.0,0.0,0.0,0.0,0.0,0.0,0.0,0.0,0.12126322090625763,0.18387912213802338,-0.12163868546485901,-0.18425822257995605,0.041407469660043716,0.04114978387951851,0.04114978387951851,0.04114978387951851,-0.2898041009902954,0.015587318688631058,-0.02472248487174511,0.0,0.0,0.0,0.0,0.0,0.0,0.0
6215826485,0,-0.013688214123249054,-0.03798241168260574,-0.13726748526096344,6.569455581484362e-05,-0.04113857448101044,-0.17425118386745453,-0.04221097007393837,0.005588462110608816,-0.004793511237949133,0.027507955208420753,-0.006312357261776924,-0.03698369860649109,-0.011942917481064796,-0.018296904861927032,-0.004538810811936855,0.0,0.0,-0.0047828578390181065,-0.007224203087389469,0.002303388202562928,-0.0037350167986005545,0.09492989629507065,0.14546369016170502,-0.00016172946197912097,0.8860535025596619,-0.12356951832771301,-0.858218789100647,0.10542300343513489,0.14223971962928772,0.0030992976389825344,-0.0003390540659893304,-0.0926128625869751,-0.13429154455661774,0.00010068046685773879,2.0,2.0,2.0,2.0,0.13645507395267487,0.1793847680091858,-0.13952147960662842,-0.18245117366313934,0.0,0.13501498103141785,0.17925190925598145,-0.13538692891597748,-0.1796264946460724,0.0,0.2386104315519333,0.696241021156311,-9.6019868850708,0.15416736900806427,-0.02536763623356819,-0.1780514419078827,0.0,0.0,0.0,0.0,0.0,0.0,0.0,0.0,0.0,0.0,0.0,0.0,0.11707835644483566,0.18477699160575867,-0.1174568459391594,-0.18515938520431519,0.041460566222667694,0.04114978387951851,0.04114978387951851,0.04114978387951851,-0.2822507619857788,0.05364646017551422,-0.007186295930296183,0.0,0.0,0.0,0.0,0.0,0.0,0.0
6226490527,0,-0.013491825200617313,-0.0379846915602684,-0.1369132548570633,6.569455581484362e-05,-0.04113857448101044,-0.17625118792057037,-0.03842032328248024,0.01357780210673809,-0.005836181808263063,0.027115175500512123,-0.006307797506451607,-0.03933793306350708,-0.011923686601221561,-0.018373338505625725,-0.00452624075114727,0.0,0.0,-0.0047828578390181065,-0.007224203087389469,0.002303388202562928,-0.0037350167986005545,0.09446723759174347,0.145304873585701,-0.00023524757125414908,0.8860535025596619,-0.12356951832771301,-0.858218789100647,0.10542300343513489,0.14223971962928772,0.0030992976389825344,-0.0003390540659893304,-0.09271441400051117,-0.134568452835083,3.430154174566269e-05,2.0,2.0,2.0,2.0,0.13798828423023224,0.1793847680091858,-0.13645507395267487,-0.18245117366313934,0.0,0.13501498103141785,0.17925190925598145,-0.13538692891597748,-0.1796264946460724,0.0,0.22028733789920807,0.6549662351608276,-9.647672653198242,0.14594408869743347,-0.04137326404452324,-0.18546542525291443,0.0,0.0,0.0,0.0,0.0,0.0,0.0,0.0,0.0,0.0,0.0,0.0,0.11713648587465286,0.1846882700920105,-0.1175154596567154,-0.18507112562656403,0.04342477396130562,0.04114978387951851,0.04114978387951851,0.04114978387951851,-0.2822507619857788,0.05364646017551422,-0.007186295930296183,0.0,0.0,0.0,0.0,0.0,0.0,0.0
6236140113,0,-0.013409372419118881,-0.03799843415617943,-0.13672779500484467,6.569455581484362e-05,-0.04113857448101044,-0.1772511899471283,-0.04613446444272995,-0.0005018203519284725,-0.0049730027094483376,0.02695026807487011,-0.006280312314629555,-0.04052339494228363,-0.011855478398501873,-0.01832101121544838,-0.00457178708165884,0.0,0.0,-0.0047828578390181065,-0.0018707772251218557,0.0008440990932285786,-0.001385705079883337,0.09446723759174347,0.145304873585701,-0.00023524757125414908,0.8849858641624451,-0.07174047827720642,-1.0953439474105835,0.0950850248336792,0.14427582919597626,2.721691271290183e-05,-0.00032472837483510375,-0.09271441400051117,-0.134568452835083,3.430154174566269e-05,2.0,2.0,2.0,2.0,0.13185547292232513,0.1793847680091858,-0.1333886682987213,-0.1855175793170929,0.0,0.1440843790769577,0.1697646677494049,-0.14444108307361603,-0.17012281715869904,0.0,-0.6689214110374451,-0.7901923656463623,-9.865874290466309,0.16090652346611023,-0.013043724000453949,-0.19915343821048737,0.0,0.0,0.0,0.0,0.0,0.0,0.0,0.0,0.0,0.0,0.0,0.0,0.1208825334906578,0.1832038015127182,-0.12125974148511887,-0.18358461558818817,0.04342477396130562,0.04114978387951851,0.04114978387951851,0.04114978387951851,0.12529902160167694,0.018493933603167534,0.11603546142578125,0.0,0.0,0.0,0.0,0.0,0.0,0.0
6246030045,0,-0.013409372419118881,-0.03799843415617943,-0.13672779500484467,6.569455581484362e-05,-0.04113857448101044,-0.1772511899471283,-0.04613446444272995,-0.0005018203519284725,-0.0049730027094483376,0.02695026807487011,-0.006280312314629555,-0.04052339494228363,-0.011855478398501873,-0.01832101121544838,-0.00457178708165884,0.0,0.0,-0.0047828578390181065,0.0007958412170410156,-0.00222747097723186,0.0014567796606570482,0.0940202921628952,0.1468057483434677,-0.0003032915701624006,0.7996566295623779,-0.19507506489753723,-1.0623507499694824,0.09121188521385193,0.1504160314798355,-0.0028985263779759407,-0.00031644164118915796,-0.09279368817806244,-0.135091632604599,6.29671267233789e-05,2.0,2.0,2.0,2.0,0.13185547292232513,0.1793847680091858,-0.13032226264476776,-0.1855175793170929,0.0,0.10690750181674957,0.1765897125005722,-0.10725343227386475,-0.17693915963172913,0.0,-0.6689214110374451,-0.7901923656463623,-9.865874290466309,0.16090652346611023,-0.013043724000453949,-0.19915343821048737,0.0,0.0,0.0,0.0,0.0,0.0,0.0,0.0,0.0,0.0,0.0,0.0,0.1248728334903717,0.18074634671211243,-0.125245600938797,-0.1811223328113556,0.04756045714020729,0.04114978387951851,0.04114978387951851,0.04114978387951851,0.2012563943862915,-0.13828149437904358,0.18949145078659058,0.0,0.0,0.0,0.0,0.0,0.0,0.0
6255926687,0,-0.013226873241364956,-0.038001563400030136,-0.13638997077941895,6.569455581484362e-05,-0.04113857448101044,-0.17925117909908295,-0.04172206670045853,0.0019895515870302916,-0.005252418108284473,0.02658526785671711,-0.006274053361266851,-0.042861208319664,-0.011865803971886635,-0.018480101600289345,-0.004425691440701485,0.0,0.0,-0.0047828578390181065,0.0028210871387273073,0.0006865756004117429,0.005646166857331991,0.09386984258890152,0.14618894457817078,-0.0003422550798859447,0.8413187861442566,-0.11868700385093689,-1.0714350938796997,0.08826839923858643,0.14760147035121918,-0.007342083845287561,-0.00030935535323806107,-0.09279368817806244,-0.135091632604599,6.29671267233789e-05,2.0,2.0,2.0,2.0,0.1272558569908142,0.1793847680091858,-0.12878906726837158,-0.18398436903953552,0.0,0.12792491912841797,0.17036135494709015,-0.12826400995254517,-0.17070260643959045,0.0,-0.5033189654350281,-0.4484415650367737,-9.77708911895752,0.15140531957149506,-0.018050801008939743,-0.21129760146141052,0.0,0.0,0.0,0.0,0.0,0.0,0.0,0.0,0.0,0.0,0.0,0.0,0.12620483338832855,0.17816855013370514,-0.12657064199447632,-0.1785372942686081,0.04756045714020729,0.04114978387951851,0.04114978387951851,0.04114978387951851,0.1940854787826538,0.07039718329906464,0.29103049635887146,0.0,0.0,0.0,0.0,0.0,0.0,0.0
6266610018,0,-0.013226873241364956,-0.038001563400030136,-0.13638997077941895,6.569455581484362e-05,-0.04113857448101044,-0.17925117909908295,-0.04172206670045853,0.0019895515870302916,-0.005252418108284473,0.02658526785671711,-0.006274053361266851,-0.042861208319664,-0.011865803971886635,-0.018480101600289345,-0.004425691440701485,0.0,0.0,-0.0047828578390181065,0.0028210871387273073,0.0006865756004117429,0.005646166857331991,0.09386984258890152,0.14618894457817078,-0.0003422550798859447,0.8413187861442566,-0.11868700385093689,-1.0714350938796997,0.08826839923858643,0.14760147035121918,-0.007342083845287561,-0.00030935535323806107,-0.09277676790952682,-0.13559311628341675,0.00028430772363208234,2.0,2.0,2.0,2.0,0.1272558569908142,0.1793847680091858,-0.1272558569908142,-0.18398436903953552,0.0,0.12792491912841797,0.17036135494709015,-0.12826400995254517,-0.17070260643959045,0.0,-0.5033189654350281,-0.4484415650367737,-9.77708911895752,0.15140531957149506,-0.018050801008939743,-0.21129760146141052,0.0,0.0,0.0,0.0,0.0,0.0,0.0,0.0,0.0,0.0,0.0,0.0,0.12620775401592255,0.17574745416641235,-0.12656551599502563,-0.17610792815685272,0.04940915107727051,0.04114978387951851,0.04114978387951851,0.04114978387951851,0.1940854787826538,0.07039718329906464,0.29103049635887146,0.0,0.0,0.0,0.0,0.0,0.0,0.0
6276138800,0,-0.013043545186519623,-0.03804255276918411,-0.13606345653533936,6.569455581484362e-05,-0.04113857448101044,-0.1812511682510376,-0.03695492446422577,0.011098794639110565,-0.0027196286246180534,0.026218609884381294,-0.0061920746229588985,-0.04518771171569824,-0.011769209057092667,-0.018489401787519455,-0.004280182532966137,0.0,0.0,-0.0047828578390181065,0.0029354593716561794,0.0010950096184387803,0.006939933635294437,0.09387185424566269,0.14700371026992798,-0.00043625698890537024,0.7763329148292542,-0.19847488403320312,-1.3557337522506714,0.08826839923858643,0.14760147035121918,-0.007342083845287561,-0.00030935535323806107,-0.09277676790952682,-0.13559311628341675,0.00028430772363208234,2.0,2.0,2.0,2.0,0.12572266161441803,0.1793847680091858,-0.1272558569908142,-0.18245117366313934,0.0,0.10216134041547775,0.17301706969738007,-0.10249938070774078,-0.17335844039916992,0.0,-0.714634120464325,-0.4949265718460083,-9.781187057495117,0.14115144312381744,-0.036086343228816986,-0.2464970499277115,0.0,0.0,0.0,0.0,0.0,0.0,0.0,0.0,0.0,0.0,0.0,0.0,0.12533752620220184,0.17368535697460175,-0.125687837600708,-0.17403820157051086,0.04940915107727051,0.04114978387951851,0.04114978387951851,0.04114978387951851,0.03692330792546272,0.0734657272696495,0.12476737052202225,0.0,0.0,0.0,0.0,0.0,0.0,0.0
6285975716,0,-0.012885364703834057,-0.03813640773296356,-0.13573481142520905,6.569455581484362e-05,-0.04113857448101044,-0.18325117230415344,-0.03727579116821289,0.010489191859960556,-0.004220524337142706,0.025902248919010162,-0.006004363764077425,-0.0475163608789444,-0.01190860103815794,-0.018484385684132576,-0.004274459555745125,0.0,0.0,-0.0047828578390181065,0.0006846589967608452,9.536655124975368e-05,0.006050176918506622,0.09464909136295319,0.1469591110944748,-0.0004779695882461965,0.866597592830658,-0.04525633901357651,-1.3042182922363281,0.08826839923858643,0.14760147035121918,-0.007342083845287561,-0.00030935535323806107,-0.09276868402957916,-0.1358453333377838,0.0004200886469334364,2.0,2.0,2.0,2.0,0.1272558569908142,0.17631836235523224,-0.1272558569908142,-0.18091796338558197,0.0,0.14553914964199066,0.1617305427789688,-0.14587898552417755,-0.16207124292850494,0.0,-0.15912383794784546,0.22705647349357605,-9.886263847351074,0.14124301075935364,-0.034477028995752335,-0.248230442404747,0.0,0.0,0.0,0.0,0.0,0.0,0.0,0.0,0.0,0.0,0.0,0.0,0.12382251769304276,0.17190468311309814,-0.12416702508926392,-0.1722516268491745,0.04869583994150162,0.04114978387951851,0.04114978387951851,0.04114978387951851,-0.08078507333993912,-0.025957828387618065,0.018962878733873367,0.0,0.0,0.0,0.0,0.0,0.0,0.0
6296031598,0,-0.01272530760616064,-0.03821619972586632,-0.1354128122329712,6.569455581484362e-05,-0.04113857448101044,-0.1852511763572693,-0.040021803230047226,0.005168484523892403,-0.006798540707677603,0.02558213286101818,-0.005844778846949339,-0.049838364124298096,-0.011905690655112267,-0.01860763318836689,-0.004259263165295124,0.0,0.0,-0.0047828578390181065,0.0006846589967608452,9.536655124975368e-05,0.006050176918506622,0.09464909136295319,0.1469591110944748,-0.0004779695882461965,0.866597592830658,-0.04525633901357651,-1.3042182922363281,0.09477228671312332,0.147123321890831,-0.0047661978751420975,-0.0003195411991328001,-0.09282667934894562,-0.13636359572410583,0.0005882481345906854,2.0,2.0,2.0,2.0,0.12878906726837158,0.17785155773162842,-0.1272558569908142,-0.1793847680091858,0.0,0.14553353190422058,0.16172492504119873,-0.14588458836078644,-0.16207686066627502,0.0,-0.15912383794784546,0.22705647349357605,-9.886263847351074,0.14616581797599792,-0.02351825311779976,-0.24340958893299103,0.0,0.0,0.0,0.0,0.0,0.0,0.0,0.0,0.0,0.0,0.0,0.0,0.12508337199687958,0.1696719378232956,-0.1254246085882187,-0.1700153648853302,0.046661656349897385,0.04114978387951851,0.04114978387951851,0.04114978387951851,-0.08078507333993912,-0.025957828387618065,0.018962878733873367,0.0,0.0,0.0,0.0,0.0,0.0,0.0
6306084334,0,-0.01272530760616064,-0.03821619972586632,-0.1354128122329712,6.569455581484362e-05,-0.04113857448101044,-0.1852511763572693,-0.040021803230047226,0.005168484523892403,-0.006798540707677603,0.02558213286101818,-0.005844778846949339,-0.049838364124298096,-0.011905690655112267,-0.01860763318836689,-0.004259263165295124,0.0,0.0,-0.0047828578390181065,-0.002287298673763871,-0.0022242304403334856,0.0022958230692893267,0.09462528675794601,0.14793914556503296,-0.0004953555762767792,0.8039119839668274,-0.12935039401054382,-1.3387527465820312,0.09888598322868347,0.15115132927894592,-0.0005322760553099215,-0.0003388974000699818,-0.09288202971220016,-0.13667185604572296,0.0006321778055280447,2.0,2.0,2.0,2.0,0.1272558569908142,0.17478515207767487,-0.12572266161441803,-0.17785155773162842,0.0,0.11934571713209152,0.16554997861385345,-0.11971672624349594,-0.16592352092266083,0.0,-0.5200448036193848,-0.5251843929290771,-9.993843078613281,0.14616581797599792,-0.02351825311779976,-0.24340958893299103,0.0,0.0,0.0,0.0,0.0,0.0,0.0,0.0,0.0,0.0,0.0,0.0,0.1282692551612854,0.16728410124778748,-0.12861108779907227,-0.16762785613536835,0.04586504399776459,0.04114978387951851,0.04114978387951851,0.04114978387951851,-0.14109660685062408,-0.0825415626168251,-0.1235940158367157,0.0,0.0,0.0,0.0,0.0,0.0,0.0
6315891470,0,-0.012620238587260246,-0.038197990506887436,-0.13525940477848053,6.569455581484362e-05,-0.04113857448101044,-0.18625116348266602,-0.03723612055182457,0.008401195518672466,-0.004591312725096941,0.025371992960572243,-0.005881197284907103,-0.050991758704185486,-0.011801925487816334,-0.018742820248007774,-0.004232541657984257,0.0,0.0,-0.0047828578390181065,-0.0009949739323928952,-0.0028585251420736313,5.137566040502861e-05,0.0937994197010994,0.14901426434516907,-0.000527621537912637,0.7706599235534668,-0.16515406966209412,-1.476263165473938,0.0960402861237526,0.15184028446674347,0.0017177440458908677,-0.00034982242505066097,-0.09288202971220016,-0.13667185604572296,0.0006321778055280447,2.0,2.0,2.0,2.0,0.1272558569908142,0.17478515207767487,-0.1272558569908142,-0.17631836235523224,0.0,0.10705355554819107,0.1660013049840927,-0.10743603110313416,-0.1663869023323059,0.0,-0.07809078693389893,0.3640548586845398,-9.752108573913574,0.1401199847459793,-0.03002801164984703,-0.2684114873409271,0.0,0.0,0.0,0.0,0.0,0.0,0.0,0.0,0.0,0.0,0.0,0.0,0.12883050739765167,0.16563409566879272,-0.12917762994766235,-0.16598306596279144,0.04586504399776459,0.04114978387951851,0.04114978387951851,0.04114978387951851,-0.026860136538743973,-0.04691163823008537,-0.16702547669410706,0.0,0.0,0.0,0.0,0.0,0.0,0.0
6326152373,0,-0.012620238587260246,-0.038197990506887436,-0.13525940477848053,6.569455581484362e-05,-0.04113857448101044,-0.18825116753578186,-0.03723612055182457,0.008401195518672466,-0.004591312725096941,0.025057686492800713,-0.005837350618094206,-0.05326712131500244,-0.011801925487816334,-0.018742820248007774,-0.004232541657984257,0.0,0.0,-0.0047828578390181065,-0.0009949739323928952,-0.0028585251420736313,5.137566040502861e-05,0.09409794211387634,0.14864616096019745,-0.000394976232200861,0.7706599235534668,-0.16515406966209412,-1.476263165473938,0.0960402861237526,0.15184028446674347,0.0017177440458908677,-0.00034982242505066097,-0.09298501163721085,-0.1371915638446808,0.0006183057557791471,2.0,2.0,2.0,2.0,0.12418945133686066,0.1732519567012787,-0.12572266161441803,-0.17478515207767487,0.0,0.10705355554819107,0.1660013049840927,-0.10743603110313416,-0.1663869023323059,0.0,-0.07809078693389893,0.3640548586845398,-9.752108573913574,0.13630275428295135,-0.03435732424259186,-0.2743004858493805,0.0,0.0,0.0,0.0,0.0,0.0,0.0,0.0,0.0,0.0,0.0,0.0,0.1256551593542099,0.1648695468902588,-0.12601086497306824,-0.1652272790670395,0.04458881914615631,0.04114978387951851,0.04114978387951851,0.041181549429893494,-0.026860136538743973,-0.04691163823008537,-0.16702547669410706,0.0,0.0,0.0,0.0,0.0,0.0,0.0
6336828103,0,-0.012463086284697056,-0.038219913840293884,-0.13498404622077942,6.569455581484362e-05,-0.04113857448101044,-0.18825116753578186,-0.0355854332447052,0.01062201801687479,-0.005773845594376326,0.025057686492800713,-0.005837350618094206,-0.05326712131500244,-0.01197229977697134,-0.01858280412852764,-0.00436451705172658,0.0,0.0,-0.0047828578390181065,-0.0011479273671284318,0.0014396366896107793,-0.003087492659687996,0.09409794211387634,0.14864616096019745,-0.000394976232200861,0.7496651411056519,-0.18896529078483582,-1.508652687072754,0.09524337947368622,0.14610019326210022,0.004307271912693977,-0.00036650666152127087,-0.09298501163721085,-0.1371915638446808,0.0006183057557791471,2.0,2.0,2.0,2.0,0.1272558569908142,0.1717187464237213,-0.12572266161441803,-0.1732519567012787,0.0,0.09908150136470795,0.16649700701236725,-0.09948188811540604,-0.16690096259117126,0.0,0.21367351710796356,0.8343113660812378,-9.728381156921387,0.13630275428295135,-0.03435732424259186,-0.2743004858493805,0.0,0.0,0.0,0.0,0.0,0.0,0.0,0.0,0.0,0.0,0.0,0.0,0.12029321491718292,0.16472524404525757,-0.12065891176462173,-0.1650932878255844,0.04458881914615631,0.04114978387951851,0.04114978387951851,0.041181549429893494,0.00024853431386873126,0.11063312739133835,-0.19213782250881195,0.0,0.0,0.0,0.0,0.0,0.0,0.0
6346287753,0,-0.012463086284697056,-0.038219913840293884,-0.13498404622077942,6.569455581484362e-05,-0.04113857448101044,-0.18825116753578186,-0.0355854332447052,0.01062201801687479,-0.005773845594376326,0.025057686492800713,-0.005837350618094206,-0.05326712131500244,-0.01197229977697134,-0.01858280412852764,-0.00436451705172658,0.0,0.0,-0.0047828578390181065,-0.001983530353754759,0.004260340239852667,-0.004099945537745953,0.09409794211387634,0.14864616096019745,-0.000394976232200861,0.8374693393707275,-0.07080112397670746,-1.51971435546875,0.09772339463233948,0.14123159646987915,0.004703397396951914,-0.0003718380758073181,-0.09298501163721085,-0.1371915638446808,0.0006183057557791471,2.0,2.0,2.0,2.0,0.1272558569908142,0.16865234076976776,-0.12572266161441803,-0.1717187464237213,0.0,0.13574351370334625,0.16105429828166962,-0.13615141808986664,-0.16146379709243774,0.0,0.18269887566566467,0.8121374249458313,-9.615740776062012,0.13630275428295135,-0.03435732424259186,-0.2743004858493805,0.0,0.0,0.0,0.0,0.0,0.0,0.0,0.0,0.0,0.0,0.0,0.0,0.11580105125904083,0.1647072434425354,-0.11617760360240936,-0.16508641839027405,0.04458881914615631,0.04114978387951851,0.04114978387951851,0.041181549429893494,-0.04629354923963547,0.18434524536132812,-0.14335523545742035,0.0,0.0,0.0,0.0,0.0,0.0,0.0
6357107898,0,-0.01229015737771988,-0.03825272619724274,-0.13469776511192322,6.569455581484362e-05,-0.04113857448101044,-0.1902511566877365,-0.03817141428589821,0.006232818588614464,-0.004145182203501463,0.02471182681620121,-0.0057717254385352135,-0.05555339157581329,-0.011986851692199707,-0.018532194197177887,-0.004475157242268324,0.0,0.0,-0.0047828578390181065,-0.00032903748797252774,0.001503494568169117,-0.0053679668344557285,0.09515981376171112,0.14803864061832428,-0.0002172575768781826,0.8374693393707275,-0.07080112397670746,-1.51971435546875,0.09772339463233948,0.14123159646987915,0.004703397396951914,-0.0003718380758073181,-0.09312567114830017,-0.13784363865852356,0.0003765540604945272,2.0,2.0,2.0,2.0,0.1272558569908142,0.16865234076976776,-0.1272558569908142,-0.17018555104732513,0.0,0.13574351370334625,0.16105429828166962,-0.13615141808986664,-0.16146379709243774,0.0,0.18269887566566467,0.8121374249458313,-9.615740776062012,0.14072249829769135,-0.025333033874630928,-0.30206090211868286,0.0,0.0,0.0,0.0,0.0,0.0,0.0,0.0,0.0,0.0,0.0,0.0,0.11558038741350174,0.1642754077911377,-0.11596772074699402,-0.16466540098190308,0.04441176727414131,0.041695594787597656,0.04114978387951851,0.04535788297653198,0.061670273542404175,-0.03785324841737747,-0.14440983533859253,0.0,0.0,0.0,0.0,0.0,0.0,0.0
6366453087,0,-0.012181195430457592,-0.038228943943977356,-0.13454078137874603,6.569455581484362e-05,-0.04113857448101044,-0.19125115871429443,-0.0371704064309597,0.0066419122740626335,-0.002839336171746254,0.024493902921676636,-0.0058192904107272625,-0.0567103773355484,-0.011874345131218433,-0.018746312707662582,-0.004555380437523127,0.0,0.0,-0.0047828578390181065,0.0018544357735663652,0.001976967789232731,-0.004866249859333038,0.09403640776872635,0.14833638072013855,-0.00010791103704832494,0.760269820690155,-0.14416195452213287,-1.7548576593399048,0.09142033755779266,0.14613386988639832,0.004249696619808674,-0.00037215789780020714,-0.09312567114830017,-0.13784363865852356,0.0003765540604945272,2.0,2.0,2.0,2.0,0.1272558569908142,0.16711914539337158,-0.12572266161441803,-0.16865234076976776,0.0,0.10892653465270996,0.16036666929721832,-0.10933349281549454,-0.16077646613121033,0.0,-0.7244648933410645,-0.3995724022388458,-9.89474105834961,0.13823087513446808,-0.026211263611912727,-0.31906503438949585,0.0,0.0,0.0,0.0,0.0,0.0,0.0,0.0,0.0,0.0,0.0,0.0,0.11795540153980255,0.16343693435192108,-0.1183517649769783,-0.16383583843708038,0.04441176727414131,0.041695594787597656,0.04114978387951851,0.04535788297653198,0.12263644486665726,0.012562654912471771,-0.03524066135287285,0.0,0.0,0.0,0.0,0.0,0.0,0.0
6376430293,0,-0.012181195430457592,-0.038228943943977356,-0.13454078137874603,6.569455581484362e-05,-0.04113857448101044,-0.19125115871429443,-0.0371704064309597,0.0066419122740626335,-0.002839336171746254,0.024493902921676636,-0.0058192904107272625,-0.0567103773355484,-0.011874345131218433,-0.018746312707662582,-0.004555380437523127,0.0,0.0,-0.0047828578390181065,0.0018544357735663652,0.001976967789232731,-0.004866249859333038,0.09403640776872635,0.14833638072013855,-0.00010791103704832494,0.795261025428772,-0.06511466205120087,-1.7027695178985596,0.08898599445819855,0.1510406881570816,0.0009367626043967903,-0.00036781386006623507,-0.09312567114830017,-0.13784363865852356,0.0003765540604945272,2.0,2.0,2.0,2.0,0.12418945133686066,0.16711914539337158,-0.12418945133686066,-0.16711914539337158,0.0,0.12923237681388855,0.15248467028141022,-0.12963557243347168,-0.1528891921043396,0.0,-0.7244648933410645,-0.3995724022388458,-9.89474105834961,0.13823087513446808,-0.026211263611912727,-0.31906503438949585,0.0,0.0,0.0,0.0,0.0,0.0,0.0,0.0,0.0,0.0,0.0,0.0,0.11963126063346863,0.16212612390518188,-0.1200338825583458,-0.16253116726875305,0.04441176727414131,0.041695594787597656,0.04114978387951851,0.04535788297653198,0.12263644486665726,0.012562654912471771,-0.03524066135287285,0.0,0.0,0.0,0.0,0.0,0.0,0.0
6386303890,0,-0.011910924687981606,-0.038332946598529816,-0.13409629464149475,6.569455581484362e-05,-0.04113857448101044,-0.194251149892807,-0.043222807347774506,-0.0014744946965947747,-0.006016029976308346,0.023953357711434364,-0.005611283704638481,-0.060154855251312256,-0.011840933002531528,-0.018697494640946388,-0.00454507814720273,0.0,0.0,-0.0047828578390181065,-0.003662576200440526,0.002834687242284417,0.002953018294647336,0.0941188633441925,0.14864808320999146,-0.00015248439740389585,0.7496917247772217,-0.11112771928310394,-1.8113514184951782,0.1016591265797615,0.14474335312843323,-0.004165268503129482,-0.00036006880691275,-0.09312373399734497,-0.13830648362636566,0.0002487283491063863,2.0,2.0,2.0,2.0,0.11958984285593033,0.16711914539337158,-0.12418945133686066,-0.1655859351158142,0.0,0.1129273921251297,0.1525682955980301,-0.11332134902477264,-0.1529642939567566,0.0,-0.28961530327796936,-0.01688472367823124,-9.83838176727295,0.14934125542640686,-0.009529897011816502,-0.31557875871658325,0.0,0.0,0.0,0.0,0.0,0.0,0.0,0.0,0.0,0.0,0.0,0.0,0.12053821235895157,0.1600698083639145,-0.12094375491142273,-0.1604776382446289,0.048394832760095596,0.04114978387951851,0.04114978387951851,0.04255973547697067,-0.2309514433145523,0.08041859418153763,0.2078198939561844,0.0,0.0,0.0,0.0,0.0,0.0,0.0
6395991580,0,-0.011720379814505577,-0.038409266620874405,-0.13383790850639343,6.569455581484362e-05,-0.04113857448101044,-0.19625115394592285,-0.03836337849497795,0.0033108957577496767,-0.007228478789329529,0.023572266101837158,-0.005458643194288015,-0.06241324543952942,-0.012034179642796516,-0.01874568872153759,-0.004348561633378267,0.0,0.0,-0.0047828578390181065,-0.003662576200440526,0.002834687242284417,0.002953018294647336,0.09564907103776932,0.14903508126735687,-0.0003857702831737697,0.7496917247772217,-0.11112771928310394,-1.8113514184951782,0.1016591265797615,0.14474335312843323,-0.004165268503129482,-0.00036006880691275,-0.09323836863040924,-0.13876134157180786,0.00031837387359701097,2.0,2.0,2.0,2.0,0.11958984285593033,0.16405273973941803,-0.1211230456829071,-0.1655859351158142,0.0,0.1129273921251297,0.1525682955980301,-0.11332134902477264,-0.1529642939567566,0.0,-0.28961530327796936,-0.01688472367823124,-9.83838176727295,0.13896451890468597,-0.018837006762623787,-0.3217944800853729,0.0,0.0,0.0,0.0,0.0,0.0,0.0,0.0,0.0,0.0,0.0,0.0,0.12033203989267349,0.15767039358615875,-0.12073729932308197,-0.15807782113552094,0.05122319236397743,0.04114978387951851,0.04114978387951851,0.04114978387951851,-0.2309514433145523,0.08041859418153763,0.2078198939561844,0.0,0.0,0.0,0.0,0.0,0.0,0.0
6406100990,0,-0.011720379814505577,-0.038409266620874405,-0.13383790850639343,6.569455581484362e-05,-0.04113857448101044,-0.19725114107131958,-0.03836337849497795,0.0033108957577496767,-0.007228478789329529,0.023467840626835823,-0.00532727362588048,-0.06350906193256378,-0.012034179642796516,-0.01874568872153759,-0.004348561633378267,0.0,0.0,-0.0047828578390181065,-0.00537030678242445,0.0015961857279762626,0.003562044817954302,0.09571394324302673,0.14902165532112122,-0.000278834777418524,0.7643048763275146,-0.1036035344004631,-1.7698696851730347,0.1016591265797615,0.14474335312843323,-0.004165268503129482,-0.00036006880691275,-0.09335270524024963,-0.13898725807666779,0.00038553576450794935,2.0,2.0,2.0,2.0,0.11958984285593033,0.16405273973941803,-0.12265624850988388,-0.16405273973941803,0.0,0.11686673760414124,0.15383630990982056,-0.1172608733177185,-0.1542324274778366,0.0,-0.40216660499572754,0.09886500239372253,-10.044085502624512,0.14108841121196747,-0.008503027260303497,-0.3228854537010193,0.0,0.0,0.0,0.0,0.0,0.0,0.0,0.0,0.0,0.0,0.0,0.0,0.11904600262641907,0.15560735762119293,-0.11944905668497086,-0.15601249039173126,0.0502350889146328,0.04114978387951851,0.04114978387951851,0.04114978387951851,-0.20136809349060059,-0.008907088078558445,0.13434955477714539,0.0,0.0,0.0,0.0,0.0,0.0,0.0
6418320116,0,-0.01166816707700491,-0.038474950939416885,-0.1337420791387558,6.569455581484362e-05,-0.04113857448101044,-0.19725114107131958,-0.03952543064951897,-0.001717861508950591,-0.008109232410788536,0.023467840626835823,-0.00532727362588048,-0.06350906193256378,-0.01209984626621008,-0.01868838630616665,-0.004306637682020664,0.0,0.0,-0.0047828578390181065,-0.0034877832513302565,0.0004824642091989517,0.004217520821839571,0.09571394324302673,0.14902165532112122,-0.000278834777418524,0.7759862542152405,-0.046766649931669235,-1.7758699655532837,0.09925610572099686,0.14927242696285248,-0.004109677858650684,-0.0003611555730458349,-0.09335270524024963,-0.13898725807666779,0.00038553576450794935,2.0,2.0,2.0,2.0,0.12418945133686066,0.16251952946186066,-0.1211230456829071,-0.16405273973941803,0.0,0.12907084822654724,0.1457628458738327,-0.1294666975736618,-0.14615966379642487,0.0,-0.2916378676891327,-0.09946730732917786,-9.888505935668945,0.14108841121196747,-0.008503027260303497,-0.3228854537010193,0.0,0.0,0.0,0.0,0.0,0.0,0.0,0.0,0.0,0.0,0.0,0.0,0.11839263886213303,0.1538349688053131,-0.11879304051399231,-0.15423734486103058,0.0502350889146328,0.04114978387951851,0.04114978387951851,0.04114978387951851,-0.005437962245196104,-0.07332421094179153,0.10985669493675232,0.0,0.0,0.0,0.0,0.0,0.0,0.0
6426055114,0,-0.01166816707700491,-0.038474950939416885,-0.1337420791387558,6.569455581484362e-05,-0.04113857448101044,-0.19725114107131958,-0.03952543064951897,-0.001717861508950591,-0.008109232410788536,0.023467840626835823,-0.00532727362588048,-0.06350906193256378,-0.01209984626621008,-0.01868838630616665,-0.004306637682020664,0.0,0.0,-0.0047828578390181065,0.005796101875603199,-0.0034894433338195086,0.0009068302460946143,0.09571394324302673,0.14902165532112122,-0.000278834777418524,0.735770583152771,-0.18312187492847443,-1.8895845413208008,0.08315747231245041,0.15607166290283203,0.0004336605197750032,-0.00036499707493931055,-0.09335033595561981,-0.13950511813163757,0.0004670310881920159,2.0,2.0,2.0,2.0,0.12418945133686066,0.16098633408546448,-0.12265624850988388,-0.16405273973941803,0.0,0.0976521372795105,0.16296067833900452,-0.09805085510015488,-0.1633628010749817,0.0,-0.2916378676891327,-0.09946730732917786,-9.888505935668945,0.14108841121196747,-0.008503027260303497,-0.3228854537010193,0.0,0.0,0.0,0.0,0.0,0.0,0.0,0.0,0.0,0.0,0.0,0.0,0.11802933365106583,0.15263956785202026,-0.11842764914035797,-0.15303976833820343,0.04891376569867134,0.04114978387951851,0.04114978387951851,0.04285541549324989,0.4064792990684509,-0.20430663228034973,-0.09902586042881012,0.0,0.0,0.0,0.0,0.0,0.0,0.0
6436056799,0,-0.011483542621135712,-0.0385017991065979,-0.13352666795253754,6.569455581484362e-05,-0.04113857448101044,-0.19925114512443542,-0.04091418534517288,-0.0019747705664485693,-0.007094281725585461,0.023098589852452278,-0.00527357729151845,-0.06572447717189789,-0.011723719537258148,-0.01889137178659439,-0.004556957632303238,0.0,0.0,-0.0047828578390181065,0.009280864149332047,-0.001355573651380837,0.001752023003064096,0.09309931099414825,0.1495240330696106,-0.00036791915772482753,0.7869960069656372,-0.04302513599395752,-1.9089487791061401,0.07977379858493805,0.15136601030826569,-0.0011034650960937142,-0.00036912260111421347,-0.09335033595561981,-0.13950511813163757,0.0004670310881920159,2.0,2.0,2.0,2.0,0.12418945133686066,0.1594531238079071,-0.1211230456829071,-0.16098633408546448,0.0,0.13169649243354797,0.14705723524093628,-0.13210120797157288,-0.1474628448486328,0.0,-0.08798085898160934,0.7305085062980652,-9.646039009094238,0.14309018850326538,-0.007822751998901367,-0.34708160161972046,0.0,0.0,0.0,0.0,0.0,0.0,0.0,0.0,0.0,0.0,0.0,0.0,0.11711043864488602,0.15242916345596313,-0.1175079494714737,-0.15282854437828064,0.04891376569867134,0.04114978387951851,0.04114978387951851,0.04285541549324989,0.3655906915664673,-0.009290941059589386,-0.007866622880101204,0.0,0.0,0.0,0.0,0.0,0.0,0.0
6446149652,0,-0.011394795961678028,-0.038541924208402634,-0.13339756429195404,6.569455581484362e-05,-0.04113857448101044,-0.20025114715099335,-0.034700799733400345,0.007068469189107418,-0.0026889885775744915,0.02292109653353691,-0.005193326622247696,-0.0668535828590393,-0.011664309538900852,-0.018856873735785484,-0.0044092643074691296,0.0,0.0,-0.0047828578390181065,0.011195824481546879,-3.487949288683012e-05,0.0016449702670797706,0.09159620851278305,0.1501888930797577,-0.0002629231894388795,0.716291606426239,-0.14142495393753052,-2.139317512512207,0.07803720235824585,0.14902465045452118,-0.001064230571500957,-0.0003728917508851737,-0.09323732554912567,-0.13977694511413574,0.0004936303594149649,2.0,2.0,2.0,2.0,0.1211230456829071,0.15791992843151093,-0.1211230456829071,-0.1594531238079071,0.0,0.10159508883953094,0.1520063430070877,-0.10200248658657074,-0.15241639316082,0.0,-0.08798085898160934,0.7305085062980652,-9.646039009094238,0.13023483753204346,-0.02571362815797329,-0.388966828584671,0.0,0.0,0.0,0.0,0.0,0.0,0.0,0.0,0.0,0.0,0.0,0.0,0.1163908839225769,0.15229637920856476,-0.11678916960954666,-0.15269656479358673,0.049960292875766754,0.04114978387951851,0.04114978387951851,0.04428625479340553,0.2781291604042053,0.06705127656459808,-0.007315458729863167,0.0,0.0,0.0,0.0,0.0,0.0,0.0
6456305517,0,-0.011089295148849487,-0.038543589413166046,-0.13300372660160065,6.569455581484362e-05,-0.04113857448101044,-0.20325113832950592,-0.035144489258527756,0.010087735019624233,-0.005318155512213707,0.02231009118258953,-0.005189996212720871,-0.07024741172790527,-0.011921408586204052,-0.018856797367334366,-0.004498497117310762,0.0,0.0,-0.0047828578390181065,0.011195824481546879,-3.487949288683012e-05,0.0016449702670797706,0.09159620851278305,0.1501888930797577,-0.0002629231894388795,0.716291606426239,-0.14142495393753052,-2.139317512512207,0.07803720235824585,0.14902465045452118,-0.001064230571500957,-0.0003728917508851737,-0.09323732554912567,-0.13977694511413574,0.0004936303594149649,2.0,2.0,2.0,2.0,0.1211230456829071,0.15791992843151093,-0.11958984285593033,-0.15791992843151093,0.0,0.10159508883953094,0.1520063430070877,-0.10200248658657074,-0.15241639316082,0.0,-0.08798085898160934,0.7305085062980652,-9.646039009094238,0.13005869090557098,-0.03170770779252052,-0.3897808790206909,0.0,0.0,0.0,0.0,0.0,0.0,0.0,0.0,0.0,0.0,0.0,0.0,0.11469540745019913,0.15194924175739288,-0.1150956079363823,-0.15235143899917603,0.049960292875766754,0.04114978387951851,0.04114978387951851,0.04428625479340553,0.2781291604042053,0.06705127656459808,-0.007315458729863167,0.0,0.0,0.0,0.0,0.0,0.0,0.0
6466118072,0,-0.011089295148849487,-0.038543589413166046,-0.13300372660160065,6.569455581484362e-05,-0.04113857448101044,-0.20325113832950592,-0.035144489258527756,0.010087735019624233,-0.005318155512213707,0.02231009118258953,-0.005189996212720871,-0.07024741172790527,-0.011921408586204052,-0.018856797367334366,-0.004498497117310762,0.0,0.0,-0.0047828578390181065,-0.013076240196824074,5.693143612006679e-05,-0.001246421248652041,0.09475695341825485,0.149915412068367,-0.00020633407984860241,0.7153227925300598,-0.17439238727092743,-2.1437947750091553,0.1157914325594902,0.151541605591774,0.0020977361127734184,-0.00038607680471614003,-0.09316479414701462,-0.14016956090927124,0.0005387970595620573,2.0,2.0,2.0,2.0,0.11958984285593033,0.15485352277755737,-0.11652343720197678,-0.15638671815395355,0.0,0.09555942565202713,0.15772420167922974,-0.09598101675510406,-0.1581491380929947,0.0,0.0568666085600853,0.690202534198761,-9.791681289672852,0.13005869090557098,-0.03170770779252052,-0.3897808790206909,0.0,0.0,0.0,0.0,0.0,0.0,0.0,0.0,0.0,0.0,0.0,0.0,0.11116575449705124,0.1520528346300125,-0.1115688681602478,-0.15245813131332397,0.05067138001322746,0.04114978387951851,0.04114978387951851,0.04353606700897217,-0.6053059101104736,-0.11007259786128998,-0.08949082344770432,0.0,0.0,0.0,0.0,0.0,0.0,0.0
6475832375,0,-0.011089295148849487,-0.038543589413166046,-0.13300372660160065,6.569455581484362e-05,-0.04113857448101044,-0.20525112748146057,-0.035144489258527756,0.010087735019624233,-0.005318155512213707,0.02192027121782303,-0.005162302404642105,-0.07244201004505157,-0.011921408586204052,-0.018856797367334366,-0.004498497117310762,0.0,0.0,-0.0047828578390181065,-0.013076240196824074,5.693143612006679e-05,-0.001246421248652041,0.09475695341825485,0.149915412068367,-0.00020633407984860241,0.7153227925300598,-0.17439238727092743,-2.1437947750091553,0.1157914325594902,0.151541605591774,0.0020977361127734184,-0.00038607680471614003,-0.09348474442958832,-0.14059233665466309,0.0004957100027240813,2.0,2.0,2.0,2.0,0.11958984285593033,0.15485352277755737,-0.11652343720197678,-0.15791992843151093,0.0,0.09555942565202713,0.15772420167922974,-0.09598101675510406,-0.1581491380929947,0.0,0.0568666085600853,0.690202534198761,-9.791681289672852,0.1269037276506424,-0.028691211715340614,-0.3894156813621521,0.0,0.0,0.0,0.0,0.0,0.0,0.0,0.0,0.0,0.0,0.0,0.0,0.106828473508358,0.1528865247964859,-0.10723575949668884,-0.15329627692699432,0.049784354865550995,0.041659824550151825,0.04114978387951851,0.044350676238536835,-0.6053059101104736,-0.11007259786128998,-0.08949082344770432,0.0,0.0,0.0,0.0,0.0,0.0,0.0
6486261389,0,-0.01089438609778881,-0.03855743631720543,-0.132809117436409,6.569455581484362e-05,-0.04113857448101044,-0.20525112748146057,-0.03392386808991432,0.00860676821321249,-0.0073716044425964355,0.02192027121782303,-0.005162302404642105,-0.07244201004505157,-0.012090664356946945,-0.019001422449946404,-0.004498410038650036,0.0,0.0,-0.0047828578390181065,-0.006272607017308474,-0.0034364028833806515,-0.002709762891754508,0.09610217809677124,0.15106523036956787,-0.0002034736389759928,0.7153227925300598,-0.17439238727092743,-2.1437947750091553,0.1157914325594902,0.151541605591774,0.0020977361127734184,-0.00038607680471614003,-0.09348474442958832,-0.14059233665466309,0.0004957100027240813,2.0,2.0,2.0,2.0,0.11958984285593033,0.15178710222244263,-0.114990234375,-0.15638671815395355,0.0,0.09555942565202713,0.15772420167922974,-0.09598101675510406,-0.1581491380929947,0.0,-0.0700581893324852,0.1179923340678215,-9.778984069824219,0.1269037276506424,-0.028691211715340614,-0.3894156813621521,0.0,0.0,0.0,0.0,0.0,0.0,0.0,0.0,0.0,0.0,0.0,0.0,0.10261590778827667,0.15418922901153564,-0.10302787274122238,-0.1546039581298828,0.049784354865550995,0.041659824550151825,0.04114978387951851,0.044350676238536835,0.05354811251163483,-0.22427408397197723,-0.12059570103883743,0.0,0.0,0.0,0.0,0.0,0.0,0.0
6496309184,0,-0.010791413486003876,-0.038499630987644196,-0.13272725045681,6.569455581484362e-05,-0.04113857448101044,-0.2062511295080185,-0.039417196065187454,0.0036420109681785107,-0.011325892992317677,0.02171432413160801,-0.0052779135294258595,-0.0735238790512085,-0.011855733580887318,-0.019056275486946106,-0.004534834064543247,0.0,0.0,-0.0047828578390181065,0.0014579410199075937,-0.0030012784991413355,-0.002331394236534834,0.09423571825027466,0.15150049328804016,-0.00016205680731218308,0.756743311882019,-0.10475031286478043,-2.0201194286346436,0.08909633755683899,0.15535825490951538,0.002421899000182748,-0.00038882941589690745,-0.09360107779502869,-0.14088605344295502,0.00044330867240205407,2.0,2.0,2.0,2.0,0.11805664002895355,0.1533203125,-0.11345703154802322,-0.15791992843151093,0.0,0.11530118435621262,0.15267308056354523,-0.11572663486003876,-0.15310071408748627,0.0,-0.0700581893324852,0.1179923340678215,-9.778984069824219,0.137589693069458,-0.0190455112606287,-0.36729446053504944,0.0,0.0,0.0,0.0,0.0,0.0,0.0,0.0,0.0,0.0,0.0,0.0,0.10015272349119186,0.1552491933107376,-0.10056893527507782,-0.15566836297512054,0.048271987587213516,0.042227186262607574,0.04114978387951851,0.04643262177705765,0.36779528856277466,-0.07793683558702469,-0.03000897541642189,0.0,0.0,0.0,0.0,0.0,0.0,0.0
6505971652,0,-0.010791413486003876,-0.038499630987644196,-0.13272725045681,6.569455581484362e-05,-0.04113857448101044,-0.2062511295080185,-0.039417196065187454,0.0036420109681785107,-0.011325892992317677,0.02171432413160801,-0.0052779135294258595,-0.0735238790512085,-0.011855733580887318,-0.019056275486946106,-0.004534834064543247,0.0,0.0,-0.0047828578390181065,0.0014579410199075937,-0.0030012784991413355,-0.002331394236534834,0.09235084801912308,0.15078553557395935,-0.00017204905452672392,0.756743311882019,-0.10475031286478043,-2.0201194286346436,0.08909633755683899,0.15535825490951538,0.002421899000182748,-0.00038882941589690745,-0.09351644665002823,-0.14135994017124176,0.000350173533661291,2.0,2.0,2.0,2.0,0.114990234375,0.15178710222244263,-0.11192382872104645,-0.15638671815395355,0.0,0.11530118435621262,0.15267308056354523,-0.11572663486003876,-0.15310071408748627,0.0,-0.0700581893324852,0.1179923340678215,-9.778984069824219,0.137589693069458,-0.0190455112606287,-0.36729446053504944,0.0,0.0,0.0,0.0,0.0,0.0,0.0,0.0,0.0,0.0,0.0,0.0,0.10082587599754333,0.15552814304828644,-0.1012457013130188,-0.15595094859600067,0.04961085692048073,0.04145212098956108,0.04114978387951851,0.04614272341132164,0.36779528856277466,-0.07793683558702469,-0.03000897541642189,0.0,0.0,0.0,0.0,0.0,0.0,0.0
6516124902,0,-0.010569357313215733,-0.03851662948727608,-0.1325571984052658,6.569455581484362e-05,-0.04113857448101044,-0.20825113356113434,-0.03450528532266617,0.01173537690192461,-0.00688921008259058,0.021270209923386574,-0.005243916064500809,-0.07569393515586853,-0.011561227031052113,-0.018952030688524246,-0.004718588199466467,0.0,0.0,-0.0047828578390181065,0.003173123812302947,0.003040623152628541,0.0010819194139912724,0.09235084801912308,0.15078553557395935,-0.00017204905452672392,0.7035610675811768,-0.014790251851081848,-2.3643321990966797,0.09125793725252151,0.14744466543197632,-0.002084931591525674,-0.0003811309579759836,-0.09351644665002823,-0.14135994017124176,0.000350173533661291,2.0,2.0,2.0,2.0,0.11345703154802322,0.15178710222244263,-0.11192382872104645,-0.15485352277755737,0.0,0.12185277789831161,0.12712271511554718,-0.12227023392915726,-0.12754040956497192,0.0,-0.23122917115688324,0.5215381383895874,-9.857434272766113,0.12682011723518372,-0.03509976714849472,-0.4178968667984009,0.0,0.0,0.0,0.0,0.0,0.0,0.0,0.0,0.0,0.0,0.0,0.0,0.10413025319576263,0.15395979583263397,-0.10455253720283508,-0.15438483655452728,0.04961085692048073,0.04145212098956108,0.04114978387951851,0.04614272341132164,-0.10373803228139877,0.07842433452606201,0.14700628817081451,0.0,0.0,0.0,0.0,0.0,0.0,0.0
6525967694,0,-0.010346376337110996,-0.0385737381875515,-0.1323656290769577,6.569455581484362e-05,-0.04113857448101044,-0.21025113761425018,-0.03143520653247833,0.010702700354158878,-0.004072193522006273,0.020824246108531952,-0.005129698198288679,-0.07788550853729248,-0.011750062927603722,-0.019027071073651314,-0.004465990234166384,0.0,0.0,-0.0047828578390181065,0.003173123812302947,0.003040623152628541,0.0010819194139912724,0.09235084801912308,0.15078553557395935,-0.00017204905452672392,0.7035610675811768,-0.014790251851081848,-2.3643321990966797,0.09125793725252151,0.14744466543197632,-0.002084931591525674,-0.0003811309579759836,-0.09342070668935776,-0.1417616456747055,0.000323697691783309,2.0,2.0,2.0,2.0,0.11039062589406967,0.1533203125,-0.1088574230670929,-0.15485352277755737,0.0,0.12185277789831161,0.12712271511554718,-0.12227023392915726,-0.12754040956497192,0.0,-0.36626800894737244,0.34583792090415955,-9.93968391418457,0.11966494470834732,-0.03273601830005646,-0.4539740979671478,0.0,0.0,0.0,0.0,0.0,0.0,0.0,0.0,0.0,0.0,0.0,0.0,0.10872343182563782,0.14941497147083282,-0.10914640128612518,-0.14984023571014404,0.05322272330522537,0.04149343818426132,0.04114978387951851,0.045034442096948624,-0.10373803228139877,0.07842433452606201,0.14700628817081451,0.0,0.0,0.0,0.0,0.0,0.0,0.0
6536201047,0,-0.010346376337110996,-0.0385737381875515,-0.1323656290769577,6.569455581484362e-05,-0.04113857448101044,-0.2112511396408081,-0.03143520653247833,0.010702700354158878,-0.004072193522006273,0.020585276186466217,-0.005137744825333357,-0.07897847890853882,-0.011750062927603722,-0.019027071073651314,-0.004465990234166384,0.0,0.0,-0.0047828578390181065,-0.003073696279898286,-0.0004140018718317151,0.000937944685574621,0.09431687742471695,0.15181565284729004,-2.578635758254677e-06,0.6581571698188782,-0.1800481081008911,-2.4968576431274414,0.10239145904779434,0.15371161699295044,-0.0012570040998980403,-0.00037869648076593876,-0.0935017466545105,-0.14197108149528503,0.00033753717434592545,2.0,2.0,2.0,2.0,0.1088574230670929,0.1533203125,-0.1088574230670929,-0.1533203125,0.0,0.08441291749477386,0.14851467311382294,-0.08482605218887329,-0.14893090724945068,0.0,-0.36626800894737244,0.34583792090415955,-9.93968391418457,0.1268739104270935,-0.00582636334002018,-0.445709764957428,0.0,0.0,0.0,0.0,0.0,0.0,0.0,0.0,0.0,0.0,0.0,0.0,0.11167797446250916,0.14405307173728943,-0.1121000424027443,-0.1444770097732544,0.05395135655999184,0.0411951020359993,0.04114978387951851,0.04386484622955322,-0.37438350915908813,-0.11884436011314392,0.07990153878927231,0.0,0.0,0.0,0.0,0.0,0.0,0.0
6547260480,0,-0.010226892307400703,-0.03856971487402916,-0.1322726607322693,6.569455581484362e-05,-0.04113857448101044,-0.2112511396408081,-0.03530830144882202,-0.0027300675865262747,-0.005910525564104319,0.020585276186466217,-0.005137744825333357,-0.07897847890853882,-0.012024151161313057,-0.019132794812321663,-0.00451978575438261,0.0,0.0,-0.0047828578390181065,-0.0029822331853210926,-0.0009727465221658349,0.0016995933838188648,0.09644892066717148,0.15176574885845184,-0.00012349362077657133,0.6605571508407593,-0.10490529984235764,-2.5762431621551514,0.11076502501964569,0.15223629772663116,-0.001626515993848443,-0.00037672993494197726,-0.0935017466545105,-0.14197108149528503,0.00033753717434592545,2.0,2.0,2.0,2.0,0.1088574230670929,0.15178710222244263,-0.10579101741313934,-0.15485352277755737,0.0,0.09817919880151749,0.135525643825531,-0.09859072417020798,-0.13593894243240356,0.0,-0.36626800894737244,0.34583792090415955,-9.93968391418457,0.1268739104270935,-0.00582636334002018,-0.445709764957428,0.0,0.0,0.0,0.0,0.0,0.0,0.0,0.0,0.0,0.0,0.0,0.0,0.11046213656663895,0.14065323770046234,-0.1108822375535965,-0.1410750448703766,0.05395135655999184,0.0411951020359993,0.04114978387951851,0.04386484622955322,0.054760899394750595,-0.05992448329925537,0.037986304610967636,0.0,0.0,0.0,0.0,0.0,0.0,0.0
6556118185,0,-0.010226892307400703,-0.03856971487402916,-0.1322726607322693,6.569455581484362e-05,-0.04113857448101044,-0.2112511396408081,-0.03530830144882202,-0.0027300675865262747,-0.005910525564104319,0.020585276186466217,-0.005137744825333357,-0.07897847890853882,-0.012024151161313057,-0.019132794812321663,-0.00451978575438261,0.0,0.0,-0.0047828578390181065,-0.0029822331853210926,-0.0009727465221658349,0.0016995933838188648,0.09644892066717148,0.15176574885845184,-0.00012349362077657133,0.6605571508407593,-0.10490529984235764,-2.5762431621551514,0.09664901345968246,0.15387237071990967,-0.0013307405170053244,-0.00037604954559355974,-0.0935017466545105,-0.14197108149528503,0.00033753717434592545,2.0,2.0,2.0,2.0,0.11039062589406967,0.15178710222244263,-0.10579101741313934,-0.1533203125,0.0,0.09817962348461151,0.13552603125572205,-0.09859032928943634,-0.13593856990337372,0.0,-0.36626800894737244,0.34583792090415955,-9.93968391418457,0.1268739104270935,-0.00582636334002018,-0.445709764957428,0.0,0.0,0.0,0.0,0.0,0.0,0.0,0.0,0.0,0.0,0.0,0.0,0.10696258395910263,0.13863420486450195,-0.10738018155097961,-0.13905349373817444,0.05395135655999184,0.0411951020359993,0.04114978387951851,0.04386484622955322,0.054760899394750595,-0.05992448329925537,0.037986304610967636,0.0,0.0,0.0,0.0,0.0,0.0,0.0
6566934656,0,-0.009865122847259045,-0.038623224943876266,-0.13200870156288147,6.569455581484362e-05,-0.04113857448101044,-0.21425114572048187,-0.03198213130235672,-0.004517246503382921,-0.005439228843897581,0.0198617335408926,-0.005030724219977856,-0.0822424441576004,-0.011904312297701836,-0.019159898161888123,-0.004517037887126207,0.0,0.0,-0.0047828578390181065,0.00842790026217699,-0.0022558558266609907,0.000612415955401957,0.0946212038397789,0.1523246169090271,-0.00018211526912637055,0.6679205894470215,-0.13964086771011353,-2.4780850410461426,0.09664901345968246,0.15387237071990967,-0.0013307405170053244,-0.00037604954559355974,-0.0937146469950676,-0.14242923259735107,0.0003847719344776124,2.0,2.0,2.0,2.0,0.11039062589406967,0.15025390684604645,-0.10732422024011612,-0.1533203125,0.0,0.09331856667995453,0.1430409699678421,-0.09372910857200623,-0.143453910946846,0.0,-0.37342777848243713,-0.7394227981567383,-9.961699485778809,0.11874979734420776,-0.0020222547464072704,-0.4710749387741089,0.0,0.0,0.0,0.0,0.0,0.0,0.0,0.0,0.0,0.0,0.0,0.0,0.10339648276567459,0.1374143362045288,-0.10381161421537399,-0.1378312110900879,0.05240122601389885,0.04204413667321205,0.04114978387951851,0.045759301632642746,0.4787466824054718,-0.09450500458478928,-0.021617813035845757,0.0,0.0,0.0,0.0,0.0,0.0,0.0
6576278337,0,-0.009865122847259045,-0.038623224943876266,-0.13200870156288147,6.569455581484362e-05,-0.04113857448101044,-0.21425114572048187,-0.03198213130235672,-0.004517246503382921,-0.005439228843897581,0.0198617335408926,-0.005030724219977856,-0.0822424441576004,-0.011904312297701836,-0.019159898161888123,-0.004517037887126207,0.0,0.0,-0.0047828578390181065,0.00842790026217699,-0.0022558558266609907,0.000612415955401957,0.09173901379108429,0.15337659418582916,-0.00012449739733710885,0.6142181754112244,-0.18872223794460297,-2.5881781578063965,0.07852364331483841,0.15657749772071838,3.981284680776298e-05,-0.0003763197164516896,-0.09365998208522797,-0.14290176331996918,0.0004067340341862291,2.0,2.0,2.0,2.0,0.11039062589406967,0.14565429091453552,-0.1088574230670929,-0.15025390684604645,0.0,0.07508376985788345,0.1422155350446701,-0.07549399137496948,-0.1426287740468979,0.0,-0.39995327591896057,-0.8035933375358582,-9.898650169372559,0.11874979734420776,-0.0020222547464072704,-0.4710749387741089,0.0,0.0,0.0,0.0,0.0,0.0,0.0,0.0,0.0,0.0,0.0,0.0,0.09916602820158005,0.1374678909778595,-0.0995790883898735,-0.13788284361362457,0.05195249617099762,0.042747896164655685,0.04114978387951851,0.04759711027145386,0.4787466824054718,-0.09450500458478928,-0.021617813035845757,0.0,0.0,0.0,0.0,0.0,0.0,0.0
6585896342,0,-0.00958127249032259,-0.038613032549619675,-0.1318615823984146,6.569455581484362e-05,-0.04113857448101044,-0.21725115180015564,-0.031801823526620865,-0.004104503896087408,-0.00772657198831439,0.019007431343197823,-0.004942613188177347,-0.08546210825443268,-0.011792783625423908,-0.019249185919761658,-0.004597101826220751,0.0,0.0,-0.0047828578390181065,0.00842790026217699,-0.0022558558266609907,0.000612415955401957,0.09314803779125214,0.15321145951747894,-0.0001314896799158305,0.6142181754112244,-0.18872223794460297,-2.5881781578063965,0.07852364331483841,0.15657749772071838,3.981284680776298e-05,-0.0003763197164516896,-0.0935964360833168,-0.14318804442882538,0.0004054677265230566,2.0,2.0,2.0,2.0,0.1088574230670929,0.14565429091453552,-0.1088574230670929,-0.14872069656848907,0.0,0.07508376985788345,0.1422155350446701,-0.07549399137496948,-0.1426287740468979,0.0,-0.39995327591896057,-0.8035933375358582,-9.898650169372559,0.10776104032993317,-0.026229841634631157,-0.5033639073371887,0.0,0.0,0.0,0.0,0.0,0.0,0.0,0.0,0.0,0.0,0.0,0.0,0.09348281472921371,0.1384083777666092,-0.0938943549990654,-0.1388220489025116,0.05226149782538414,0.04279521480202675,0.04114978387951851,0.04687047377228737,0.4787466824054718,-0.09450500458478928,-0.021617813035845757,0.0,0.0,0.0,0.0,0.0,0.0,0.0
6596024992,0,-0.009437973611056805,-0.03866728022694588,-0.13178904354572296,6.569455581484362e-05,-0.04113857448101044,-0.21725115180015564,-0.027306823059916496,0.007680968381464481,-0.004321693442761898,0.019007431343197823,-0.004942613188177347,-0.08546210825443268,-0.011780999600887299,-0.019176790490746498,-0.004562430549412966,0.0,0.0,-0.0047828578390181065,0.004043088294565678,-1.2594326108228415e-05,-0.0015469746431335807,0.09531113505363464,0.15285368263721466,0.00010788118379423395,0.5926856994628906,-0.1442641317844391,-2.7685015201568604,0.08908967673778534,0.15271279215812683,0.0025721462443470955,-0.00037643895484507084,-0.09357478469610214,-0.1433919221162796,0.0003649273712653667,2.0,2.0,2.0,2.0,0.10579101741313934,0.14258788526058197,-0.1088574230670929,-0.14412109553813934,0.0,0.07914850115776062,0.13044054806232452,-0.07955899834632874,-0.13085326552391052,0.0,0.028842026367783546,0.7805067300796509,-9.67406940460205,0.10776104032993317,-0.026229841634631157,-0.5033639073371887,0.0,0.0,0.0,0.0,0.0,0.0,0.0,0.0,0.0,0.0,0.0,0.0,0.08748012781143188,0.13903024792671204,-0.08789069950580597,-0.13944317400455475,0.05226149782538414,0.04279521480202675,0.04114978387951851,0.04687047377228737,0.0015271070878952742,0.05112577602267265,-0.1134093627333641,0.0,0.0,0.0,0.0,0.0,0.0,0.0
6605925392,0,-0.009437973611056805,-0.03866728022694588,-0.13178904354572296,6.569455581484362e-05,-0.04113857448101044,-0.21725115180015564,-0.027306823059916496,0.007680968381464481,-0.004321693442761898,0.019007431343197823,-0.004942613188177347,-0.08546210825443268,-0.011780999600887299,-0.019176790490746498,-0.004562430549412966,0.0,0.0,-0.0047828578390181065,-0.002510444261133671,0.0012788648018613458,-0.005135144107043743,0.09531113505363464,0.15285368263721466,0.00010788118379423395,0.6117438077926636,-0.08933308720588684,-2.6375925540924072,0.10089170932769775,0.15061171352863312,0.006481284275650978,-0.00037462374893948436,-0.09363847970962524,-0.14360202848911285,0.0002573665406089276,2.0,2.0,2.0,2.0,0.10579101741313934,0.14412109553813934,-0.10732422024011612,-0.14412109553813934,0.0,0.09227734804153442,0.12404834479093552,-0.09268631786108017,-0.12445871531963348,0.0,0.028842026367783546,0.7805067300796509,-9.67406940460205,0.10776104032993317,-0.026229841634631157,-0.5033639073371887,0.0,0.0,0.0,0.0,0.0,0.0,0.0,0.0,0.0,0.0,0.0,0.0,0.0834086611866951,0.13799935579299927,-0.08381865918636322,-0.13841181993484497,0.04987321421504021,0.048275984823703766,0.04114978387951851,0.05117764696478844,-0.3070134222507477,0.09631060063838959,-0.217439204454422,0.0,0.0,0.0,0.0,0.0,0.0,0.0
6616156898,0,-0.009144317358732224,-0.03870063275098801,-0.13166509568691254,6.569455581484362e-05,-0.04113857448101044,-0.2202511578798294,-0.02850373089313507,-0.0021816804073750973,-0.006122444290667772,0.0181030984967947,-0.0049040489830076694,-0.08865809440612793,-0.01196104846894741,-0.019222227856516838,-0.004700846970081329,0.0,0.0,-0.0047828578390181065,-0.002510444261133671,0.0012788648018613458,-0.005135144107043743,0.09452790766954422,0.15248271822929382,0.00020581681746989489,0.6117438077926636,-0.08933308720588684,-2.6375925540924072,0.10089170932769775,0.15061171352863312,0.006481284275650978,-0.00037462374893948436,-0.09370353817939758,-0.14381027221679688,0.00014562239812221378,2.0,2.0,2.0,2.0,0.10272461175918579,0.14412109553813934,-0.10272461175918579,-0.14258788526058197,0.0,0.09227734804153442,0.12404834479093552,-0.09268631786108017,-0.12445871531963348,0.0,-0.359091579914093,-0.476317435503006,-9.789774894714355,0.10716982930898666,-0.031044187024235725,-0.515832245349884,0.0,0.0,0.0,0.0,0.0,0.0,0.0,0.0,0.0,0.0,0.0,0.0,0.08243711292743683,0.13521289825439453,-0.08284671604633331,-0.13562485575675964,0.05209066718816757,0.04658767953515053,0.04114978387951851,0.05000227689743042,-0.3070134222507477,0.09631060063838959,-0.217439204454422,0.0,0.0,0.0,0.0,0.0,0.0,0.0
6626163003,0,-0.008985809050500393,-0.038686562329530716,-0.13159306347370148,6.569455581484362e-05,-0.04113857448101044,-0.2202511578798294,-0.027888644486665726,0.010146191343665123,-0.005658972542732954,0.0181030984967947,-0.0049040489830076694,-0.08865809440612793,-0.011820673942565918,-0.019315356388688087,-0.004677808377891779,0.0,0.0,-0.0047828578390181065,-0.003919485956430435,-9.424953896086663e-05,-0.0043020290322601795,0.09428572654724121,0.15367573499679565,0.00013245188165456057,0.5894340872764587,-0.17074303328990936,-2.8370773792266846,0.1004890650510788,0.15482312440872192,0.0037075290456414223,-0.00036055862437933683,-0.09370353817939758,-0.14381027221679688,0.00014562239812221378,2.0,2.0,2.0,2.0,0.10119140893220901,0.14412109553813934,-0.10119140893220901,-0.14258788526058197,0.0,0.07388604432344437,0.13459157943725586,-0.07427908480167389,-0.13498711585998535,0.0,-0.359091579914093,-0.476317435503006,-9.789774894714355,0.10716982930898666,-0.031044187024235725,-0.515832245349884,0.0,0.0,0.0,0.0,0.0,0.0,0.0,0.0,0.0,0.0,0.0,0.0,0.08292665332555771,0.13226871192455292,-0.08333521336317062,-0.13267943263053894,0.05209066718816757,0.04658767953515053,0.04114978387951851,0.05000227689743042,-0.13705477118492126,-0.06472305953502655,-0.0043785846792161465,0.0,0.0,0.0,0.0,0.0,0.0,0.0
6636337897,0,-0.008985809050500393,-0.038686562329530716,-0.13159306347370148,6.569455581484362e-05,-0.04113857448101044,-0.2202511578798294,-0.027888644486665726,0.010146191343665123,-0.005658972542732954,0.0181030984967947,-0.0049040489830076694,-0.08865809440612793,-0.011820673942565918,-0.019315356388688087,-0.004677808377891779,0.0,0.0,-0.0047828578390181065,-0.003919485956430435,-9.424953896086663e-05,-0.0043020290322601795,0.09428572654724121,0.15367573499679565,0.00013245188165456057,0.5894340872764587,-0.17074303328990936,-2.8370773792266846,0.1004890650510788,0.15482312440872192,0.0037075290456414223,-0.00036055862437933683,-0.09377036243677139,-0.14401262998580933,9.975756984204054e-05,2.0,2.0,2.0,2.0,0.09812500327825546,0.14258788526058197,-0.09659180045127869,-0.14258788526058197,0.0,0.07388604432344437,0.13459157943725586,-0.07427908480167389,-0.13498711585998535,0.0,-0.09690940380096436,0.22300377488136292,-9.647174835205078,0.10716982930898666,-0.031044187024235725,-0.515832245349884,0.0,0.0,0.0,0.0,0.0,0.0,0.0,0.0,0.0,0.0,0.0,0.0,0.08234759420156479,0.1307629644870758,-0.08275351673364639,-0.13117095828056335,0.05209066718816757,0.04658767953515053,0.04114978387951851,0.05000227689743042,-0.13705477118492126,-0.06472305953502655,-0.0043785846792161465,0.0,0.0,0.0,0.0,0.0,0.0,0.0
6645946560,0,-0.008547202683985233,-0.03874126449227333,-0.13137151300907135,6.569455581484362e-05,-0.04113857448101044,-0.22325116395950317,-0.02842572145164013,-0.003667874727398157,-0.004930985625833273,0.017225880175828934,-0.004794644191861153,-0.09187965095043182,-0.011638345196843147,-0.01952904649078846,-0.004342203959822655,0.0,0.0,-0.0047828578390181065,0.006136456038802862,-0.0015853680670261383,0.011463017202913761,0.09250106662511826,0.15526233613491058,-0.00039238278986886144,0.5544753670692444,-0.1591356098651886,-3.003934860229492,0.0854564979672432,0.16084951162338257,-0.010277527384459972,-0.0003433323581703007,-0.09377708286046982,-0.14428158104419708,0.0001736529084155336,2.0,2.0,2.0,2.0,0.09659180045127869,0.1410546898841858,-0.09505859017372131,-0.13952147960662842,0.0,0.06975682079792023,0.1262986958026886,-0.07013092190027237,-0.12667487561702728,0.0,-0.27526405453681946,0.40201058983802795,-9.910627365112305,0.10628732293844223,-0.0031813564710319042,-0.5414627194404602,0.0,0.0,0.0,0.0,0.0,0.0,0.0,0.0,0.0,0.0,0.0,0.0,0.08031092584133148,0.13034632802009583,-0.08071230351924896,-0.13074979186058044,0.0602944977581501,0.04114978387951851,0.0437326654791832,0.04410431906580925,0.2293226718902588,0.037770044058561325,0.36306461691856384,0.0,0.0,0.0,0.0,0.0,0.0,0.0
6656038931,0,-0.008547202683985233,-0.03874126449227333,-0.13137151300907135,6.569455581484362e-05,-0.04113857448101044,-0.22525116801261902,-0.02842572145164013,-0.003667874727398157,-0.004930985625833273,0.016677357256412506,-0.0046775201335549355,-0.0940043032169342,-0.011638345196843147,-0.01952904649078846,-0.004342203959822655,0.0,0.0,-0.0047828578390181065,0.006136456038802862,-0.0015853680670261383,0.011463017202913761,0.09250106662511826,0.15526233613491058,-0.00039238278986886144,0.5845803022384644,-0.017497461289167404,-2.9780449867248535,0.0845600888133049,0.15578490495681763,-0.012278173118829727,-0.000343513471307233,-0.09365659207105637,-0.14478519558906555,0.0005301001365296543,2.0,2.0,2.0,2.0,0.09199218451976776,0.13952147960662842,-0.09352538734674454,-0.13798828423023224,0.0,0.10022807866334915,0.10644752532243729,-0.10060334205627441,-0.10682306438684464,0.0,-0.27526405453681946,0.40201058983802795,-9.910627365112305,0.10311996936798096,-0.01634332910180092,-0.5367743372917175,0.0,0.0,0.0,0.0,0.0,0.0,0.0,0.0,0.0,0.0,0.0,0.0,0.0789579302072525,0.12886132299900055,-0.0793529599905014,-0.12925837934017181,0.060384247452020645,0.04114978387951851,0.04451928660273552,0.04420628026127815,0.2293226718902588,0.037770044058561325,0.36306461691856384,0.0,0.0,0.0,0.0,0.0,0.0,0.0
6666253704,0,-0.008272942155599594,-0.03879982605576515,-0.13124686479568481,6.569455581484362e-05,-0.04113857448101044,-0.22525116801261902,-0.027310937643051147,0.0030060552526265383,-0.007464589085429907,0.016677357256412506,-0.0046775201335549355,-0.0940043032169342,-0.011574718169867992,-0.01946830563247204,-0.004314155783504248,0.0,0.0,-0.0047828578390181065,0.0009759929962456226,0.0001374334387946874,0.00479927146807313,0.09199449419975281,0.15477991104125977,-0.00042720482451841235,0.5590182542800903,-0.08110103756189346,-3.058384895324707,0.08420304954051971,0.15432488918304443,-0.00701145688071847,-0.0003510083770379424,-0.09365659207105637,-0.14478519558906555,0.0005301001365296543,2.0,2.0,2.0,2.0,0.09352538734674454,0.13798828423023224,-0.09199218451976776,-0.13645507395267487,0.0,0.08439400792121887,0.11320905387401581,-0.08477692306041718,-0.11359307914972305,0.0,-0.04576492682099342,0.9041388630867004,-9.855012893676758,0.10311996936798096,-0.01634332910180092,-0.5367743372917175,0.0,0.0,0.0,0.0,0.0,0.0,0.0,0.0,0.0,0.0,0.0,0.0,0.0800812765955925,0.12522271275520325,-0.08046984672546387,-0.12561306357383728,0.060384247452020645,0.04114978387951851,0.04451928660273552,0.04420628026127815,-0.18313130736351013,0.05022839829325676,-0.14769834280014038,0.0,0.0,0.0,0.0,0.0,0.0,0.0
6676109002,0,-0.00814941804856062,-0.03885621950030327,-0.13120853900909424,6.569455581484362e-05,-0.04113857448101044,-0.22625117003917694,-0.026666250079870224,-0.0025715921074151993,-0.009012077935039997,0.016430307179689407,-0.004564732778817415,-0.0950426310300827,-0.011765236966311932,-0.01949157752096653,-0.004346024710685015,0.0,0.0,-0.0047828578390181065,0.0009759929962456226,0.0001374334387946874,0.00479927146807313,0.0936485305428505,0.15509404242038727,-0.0004337321443017572,0.5573750138282776,-0.02721398137509823,-2.9289283752441406,0.09450384974479675,0.1544543206691742,-0.0020847772248089314,-0.0003629919374361634,-0.09358301013708115,-0.1451200544834137,0.000725748366676271,2.0,2.0,2.0,2.0,0.09045898169279099,0.13798828423023224,-0.09045898169279099,-0.1333886682987213,0.0,0.09365974366664886,0.10332822054624557,-0.09405601769685745,-0.1037248820066452,0.0,0.018772421404719353,0.6678360104560852,-9.780152320861816,0.10134091228246689,-0.004947996698319912,-0.5325324535369873,0.0,0.0,0.0,0.0,0.0,0.0,0.0,0.0,0.0,0.0,0.0,0.0,0.08258747309446335,0.12044861167669296,-0.08297207206487656,-0.12083468586206436,0.05593311786651611,0.04340989142656326,0.04114978387951851,0.04722367972135544,-0.18313130736351013,0.05022839829325676,-0.14769834280014038,0.0,0.0,0.0,0.0,0.0,0.0,0.0
6686008841,0,-0.007862932980060577,-0.038881562650203705,-0.13113248348236084,6.569455581484362e-05,-0.04113857448101044,-0.22825117409229279,-0.02588983066380024,-0.0016982086235657334,-0.008734826929867268,0.015857335180044174,-0.0045140464790165424,-0.09711869060993195,-0.011663605459034443,-0.019674064591526985,-0.0044751400128006935,0.0,0.0,-0.0047828578390181065,-0.002513183979317546,-0.002120512304827571,-0.004071269184350967,0.09373991936445236,0.15589584410190582,-0.0001987966534215957,0.542280912399292,-0.03613108769059181,-3.0319857597351074,0.09853139519691467,0.15836404263973236,0.006705428473651409,-0.000384615792427212,-0.09358301013708115,-0.1451200544834137,0.000725748366676271,2.0,2.0,2.0,2.0,0.09045898169279099,0.13645507395267487,-0.08739257603883743,-0.13185547292232513,0.0,0.08938544988632202,0.1022186353802681,-0.08980520814657211,-0.10263890773057938,0.0,0.018772421404719353,0.6678360104560852,-9.780152320861816,0.09859652817249298,-0.006569288671016693,-0.5512701272964478,0.0,0.0,0.0,0.0,0.0,0.0,0.0,0.0,0.0,0.0,0.0,0.0,0.08523855358362198,0.11534611135721207,-0.08562381565570831,-0.11573253571987152,0.05593311786651611,0.04340989142656326,0.04114978387951851,0.04722367972135544,-0.2278287708759308,-0.034769587218761444,-0.34164583683013916,0.0,0.0,0.0,0.0,0.0,0.0,0.0
6695943039,0,-0.007862932980060577,-0.038881562650203705,-0.13113248348236084,6.569455581484362e-05,-0.04113857448101044,-0.22825117409229279,-0.02588983066380024,-0.0016982086235657334,-0.008734826929867268,0.015857335180044174,-0.0045140464790165424,-0.09711869060993195,-0.011663605459034443,-0.019674064591526985,-0.0044751400128006935,0.0,0.0,-0.0047828578390181065,-0.002513183979317546,-0.002120512304827571,-0.004071269184350967,0.09373991936445236,0.15589584410190582,-0.0001987966534215957,0.542280912399292,-0.03613108769059181,-3.0319857597351074,0.09853139519691467,0.15836404263973236,0.006705428473651409,-0.000384615792427212,-0.09358877688646317,-0.14560368657112122,0.0007078757043927908,2.0,2.0,2.0,2.0,0.08892577886581421,0.13645507395267487,-0.08739257603883743,-0.12878906726837158,0.0,0.08938544988632202,0.1022186353802681,-0.08980520814657211,-0.10263890773057938,0.0,-0.14818193018436432,0.00935022160410881,-9.803372383117676,0.09859652817249298,-0.006569288671016693,-0.5512701272964478,0.0,0.0,0.0,0.0,0.0,0.0,0.0,0.0,0.0,0.0,0.0,0.0,0.08750477433204651,0.11046545207500458,-0.08789565414190292,-0.11085721105337143,0.05188007280230522,0.04894975572824478,0.04114978387951851,0.052715785801410675,-0.2278287708759308,-0.034769587218761444,-0.34164583683013916,0.0,0.0,0.0,0.0,0.0,0.0,0.0
6706190713,0,-0.007718469016253948,-0.03891311585903168,-0.13109330832958221,6.569455581484362e-05,-0.04113857448101044,-0.2292511761188507,-0.021384097635746002,0.007329024374485016,-0.005470183677971363,0.015568405389785767,-0.00445093959569931,-0.0981578677892685,-0.011771021410822868,-0.01961851865053177,-0.00447519076988101,0.0,0.0,-0.0047828578390181065,0.000908017042092979,-2.011822653003037e-05,-0.005100645590573549,0.09280949085950851,0.1560886651277542,-0.000262601999565959,0.4892919063568115,-0.13436724245548248,-3.2168173789978027,0.09144710749387741,0.15524323284626007,0.0062994142062962055,-0.0003903941542375833,-0.09358877688646317,-0.14560368657112122,0.0007078757043927908,2.0,2.0,2.0,2.0,0.08892577886581421,0.1333886682987213,-0.08585937321186066,-0.1272558569908142,0.0,0.06257108598947525,0.11025948822498322,-0.06299623847007751,-0.11068644374608994,0.0,-0.14818193018436432,0.00935022160410881,-9.803372383117676,0.08896216750144958,-0.0244304072111845,-0.5848758816719055,0.0,0.0,0.0,0.0,0.0,0.0,0.0,0.0,0.0,0.0,0.0,0.0,0.08772937208414078,0.10691425949335098,-0.08812858909368515,-0.10731421411037445,0.05188007280230522,0.04894975572824478,0.04114978387951851,0.052715785801410675,0.045436277985572815,0.08655430376529694,-0.22804871201515198,0.0,0.0,0.0,0.0,0.0,0.0,0.0
6717624684,0,-0.007718469016253948,-0.03891311585903168,-0.13109330832958221,6.569455581484362e-05,-0.04113857448101044,-0.2292511761188507,-0.021384097635746002,0.007329024374485016,-0.005470183677971363,0.015568405389785767,-0.00445093959569931,-0.0981578677892685,-0.011771021410822868,-0.01961851865053177,-0.00447519076988101,0.0,0.0,-0.0047828578390181065,0.000908017042092979,-2.011822653003037e-05,-0.005100645590573549,0.09280949085950851,0.1560886651277542,-0.000262601999565959,0.4892919063568115,-0.13436724245548248,-3.2168173789978027,0.09144710749387741,0.15524323284626007,0.0062994142062962055,-0.0003903941542375833,-0.09360751509666443,-0.14585518836975098,0.0006147876265458763,2.0,2.0,2.0,2.0,0.08892577886581421,0.13032226264476776,-0.08585937321186066,-0.12418945133686066,0.0,0.06257108598947525,0.11025948822498322,-0.06299623847007751,-0.11068644374608994,0.0,-0.2244803011417389,0.3749600946903229,-9.592489242553711,0.08896216750144958,-0.0244304072111845,-0.5848758816719055,0.0,0.0,0.0,0.0,0.0,0.0,0.0,0.0,0.0,0.0,0.0,0.0,0.08443443477153778,0.10541407763957977,-0.08484228700399399,-0.10582275688648224,0.052770212292671204,0.04961685463786125,0.04114978387951851,0.05363546684384346,0.045436277985572815,0.08655430376529694,-0.22804871201515198,0.0,0.0,0.0,0.0,0.0,0.0,0.0
6726058379,0,-0.0074285343289375305,-0.038954004645347595,-0.1309901475906372,6.569455581484362e-05,-0.04113857448101044,-0.23125118017196655,-0.023530423641204834,0.0013590395683422685,-0.006896050181239843,0.014988533221185207,-0.004369161557406187,-0.10026103258132935,-0.011900168843567371,-0.01954084075987339,-0.004597761202603579,0.0,0.0,-0.0047828578390181065,0.00027043375303037465,-0.0005263937637209892,-0.0024611230473965406,0.09391628950834274,0.15626415610313416,-0.00020741805201396346,0.4892919063568115,-0.13436724245548248,-3.2168173789978027,0.09144710749387741,0.15524323284626007,0.0062994142062962055,-0.0003903941542375833,-0.09365153312683105,-0.14615191519260406,0.0004661905113607645,2.0,2.0,2.0,2.0,0.08892577886581421,0.12572266161441803,-0.08585937321186066,-0.1211230456829071,0.0,0.06257108598947525,0.11025948822498322,-0.06299623847007751,-0.11068644374608994,0.0,0.11163454502820969,0.6176842451095581,-9.513951301574707,0.09209945797920227,-0.012270785868167877,-0.5873121619224548,0.0,0.0,0.0,0.0,0.0,0.0,0.0,0.0,0.0,0.0,0.0,0.0,0.07877956330776215,0.10557036846876144,-0.07919484376907349,-0.10598672926425934,0.05405421182513237,0.04892309382557869,0.04114978387951851,0.052394118160009384,0.033171940594911575,-0.0737995058298111,0.06816579401493073,0.0,0.0,0.0,0.0,0.0,0.0,0.0
6736213678,0,-0.0074285343289375305,-0.038954004645347595,-0.1309901475906372,6.569455581484362e-05,-0.04113857448101044,-0.23125118017196655,-0.023530423641204834,0.0013590395683422685,-0.006896050181239843,0.014988533221185207,-0.004369161557406187,-0.10026103258132935,-0.011900168843567371,-0.01954084075987339,-0.004597761202603579,0.0,0.0,-0.0047828578390181065,0.00027043375303037465,-0.0005263937637209892,-0.0024611230473965406,0.09391628950834274,0.15626415610313416,-0.00020741805201396346,0.5026943683624268,-0.1074548289179802,-3.3406577110290527,0.09186184406280518,0.15718621015548706,0.001527544460259378,-0.0003862813755404204,-0.09366585314273834,-0.14661626517772675,0.00034442023024894297,2.0,2.0,2.0,2.0,0.08739257603883743,0.11958984285593033,-0.08585937321186066,-0.11652343720197678,0.0,0.06971568614244461,0.10785923153162003,-0.07013656198978424,-0.10828157514333725,0.0,0.11163454502820969,0.6176842451095581,-9.513951301574707,0.09209945797920227,-0.012270785868167877,-0.5873121619224548,0.0,0.0,0.0,0.0,0.0,0.0,0.0,0.0,0.0,0.0,0.0,0.0,0.0733371153473854,0.10640176385641098,-0.07375767081975937,-0.10682366043329239,0.05750879645347595,0.04593590646982193,0.04114978387951851,0.05029840022325516,0.033171940594911575,-0.0737995058298111,0.06816579401493073,0.0,0.0,0.0,0.0,0.0,0.0,0.0
6747319514,0,-0.007088080979883671,-0.03894383832812309,-0.1308664232492447,6.569455581484362e-05,-0.04113857448101044,-0.2332511842250824,-0.0247097946703434,0.002531870733946562,-0.007159076631069183,0.01430762279778719,-0.004389494191855192,-0.10238476097583771,-0.011667536571621895,-0.019669542089104652,-0.004484318662434816,0.0,0.0,-0.0047828578390181065,0.0016890157712623477,-0.0035591572523117065,0.0010697327088564634,0.09364817291498184,0.1573859602212906,-0.00023062771651893854,0.5026943683624268,-0.1074548289179802,-3.3406577110290527,0.09186184406280518,0.15718621015548706,0.001527544460259378,-0.0003862813755404204,-0.09366585314273834,-0.14661626517772675,0.00034442023024894297,2.0,2.0,2.0,2.0,0.08739257603883743,0.114990234375,-0.08739257603883743,-0.11345703154802322,0.0,0.06971568614244461,0.10785923153162003,-0.07013656198978424,-0.10828157514333725,0.0,0.10895231366157532,0.3568331003189087,-9.813350677490234,0.09307435154914856,-0.014673583209514618,-0.6007494330406189,0.0,0.0,0.0,0.0,0.0,0.0,0.0,0.0,0.0,0.0,0.0,0.0,0.06966260820627213,0.1071903333067894,-0.07008600980043411,-0.10761524736881256,0.058970510959625244,0.04546917974948883,0.042568400502204895,0.05024530738592148,0.11027797311544418,-0.178587406873703,0.20500816404819489,0.0,0.0,0.0,0.0,0.0,0.0,0.0
6755986306,0,-0.006896838080137968,-0.038917217403650284,-0.13081660866737366,6.569455581484362e-05,-0.04113857448101044,-0.23425118625164032,-0.020855076611042023,0.007663031108677387,-0.004775747191160917,0.013925135135650635,-0.004442736506462097,-0.10343457758426666,-0.011759703978896141,-0.01984497345983982,-0.004514086060225964,0.0,0.0,-0.0047828578390181065,0.0030433854553848505,-0.0005431909812614322,0.001493018469773233,0.09179861843585968,0.15750735998153687,-0.00035762457991950214,0.4647975265979767,-0.13744869828224182,-3.44870662689209,0.08768794685602188,0.156789630651474,-0.002073116134852171,-0.00037929549580439925,-0.0936378687620163,-0.1468508243560791,0.00035331331309862435,2.0,2.0,2.0,2.0,0.08432617038488388,0.11039062589406967,-0.08585937321186066,-0.11039062589406967,0.0,0.05769351124763489,0.10645791888237,-0.058106474578380585,-0.1068725511431694,0.0,-0.5783993601799011,0.14734074473381042,-9.911584854125977,0.08450864255428314,-0.02499067224562168,-0.6270375847816467,0.0,0.0,0.0,0.0,0.0,0.0,0.0,0.0,0.0,0.0,0.0,0.0,0.0673106238245964,0.107636958360672,-0.06773459911346436,-0.10806252062320709,0.058970510959625244,0.04546917974948883,0.042568400502204895,0.05024530738592148,0.08118297159671783,0.04369540885090828,0.11953931301832199,0.0,0.0,0.0,0.0,0.0,0.0,0.0
6766449430,0,-0.006896838080137968,-0.038917217403650284,-0.13081660866737366,6.569455581484362e-05,-0.04113857448101044,-0.2372511923313141,-0.020855076611042023,0.007663031108677387,-0.004775747191160917,0.013027901761233807,-0.004519977141171694,-0.10653053224086761,-0.011759703978896141,-0.01984497345983982,-0.004514086060225964,0.0,0.0,-0.0047828578390181065,0.0030433854553848505,-0.0005431909812614322,0.001493018469773233,0.09179861843585968,0.15750735998153687,-0.00035762457991950214,0.4647975265979767,-0.13744869828224182,-3.44870662689209,0.08768794685602188,0.156789630651474,-0.002073116134852171,-0.00037929549580439925,-0.0936378687620163,-0.1468508243560791,0.00035331331309862435,2.0,2.0,2.0,2.0,0.08125976473093033,0.1088574230670929,-0.0827929675579071,-0.11039062589406967,0.0,0.05769351124763489,0.10645791888237,-0.058106474578380585,-0.1068725511431694,0.0,-0.5783993601799011,0.14734074473381042,-9.911584854125977,0.095646433532238,-0.01626184768974781,-0.6194025874137878,0.0,0.0,0.0,0.0,0.0,0.0,0.0,0.0,0.0,0.0,0.0,0.0,0.06493387371301651,0.10770368576049805,-0.06535646319389343,-0.1081278994679451,0.058970510959625244,0.04546917974948883,0.042568400502204895,0.05024530738592148,0.08118297159671783,0.04369540885090828,0.11953931301832199,0.0,0.0,0.0,0.0,0.0,0.0,0.0
6778375411,0,-0.0064482237212359905,-0.03887859731912613,-0.13072066009044647,6.569455581484362e-05,-0.04113857448101044,-0.2372511923313141,-0.02726706862449646,0.0032304124906659126,-0.008731923997402191,0.013027901761233807,-0.004519977141171694,-0.10653053224086761,-0.011806203983724117,-0.019741157069802284,-0.00449004303663969,0.0,0.0,-0.0047828578390181065,-0.0036351277958601713,0.002341133076697588,0.001029801438562572,0.0938396230340004,0.1569458693265915,-0.00021151668624952435,0.5260553956031799,-0.08944015949964523,-3.4067142009735107,0.09887661784887314,0.15245847404003143,-0.00045076219248585403,-0.00037858550786040723,-0.0936422049999237,-0.1473318636417389,0.0004233016516081989,2.0,2.0,2.0,2.0,0.07819335907697678,0.1088574230670929,-0.08125976473093033,-0.1088574230670929,0.0,0.07705385982990265,0.10881411284208298,-0.07746662199497223,-0.10922808200120926,0.0,-0.7268177270889282,-0.12365015596151352,-9.809293746948242,0.095646433532238,-0.01626184768974781,-0.6194025874137878,0.0,0.0,0.0,0.0,0.0,0.0,0.0,0.0,0.0,0.0,0.0,0.0,0.0633220374584198,0.10761531442403793,-0.06374216079711914,-0.108037069439888,0.05823187530040741,0.04737740755081177,0.041237972676754,0.050976164638996124,-0.18500013649463654,0.16110797226428986,-0.012038304470479488,0.0,0.0,0.0,0.0,0.0,0.0,0.0
6786050453,0,-0.0064482237212359905,-0.03887859731912613,-0.13072066009044647,6.569455581484362e-05,-0.04113857448101044,-0.2372511923313141,-0.02726706862449646,0.0032304124906659126,-0.008731923997402191,0.013027901761233807,-0.004519977141171694,-0.10653053224086761,-0.011806203983724117,-0.019741157069802284,-0.00449004303663969,0.0,0.0,-0.0047828578390181065,-0.00956342276185751,-0.002088547684252262,0.0006197745096869767,0.09514370560646057,0.15770025551319122,-0.00018943088070955127,0.45759117603302,-0.10018984973430634,-3.4580211639404297,0.10921316593885422,0.16186589002609253,-0.00014528975589200854,-0.000379188044462353,-0.0938534140586853,-0.14776885509490967,0.000443705590441823,2.0,2.0,2.0,2.0,0.07666015625,0.1088574230670929,-0.07819335907697678,-0.1088574230670929,0.0,0.06301583349704742,0.09855605661869049,-0.0634288489818573,-0.09897024929523468,0.0,-0.7268177270889282,-0.12365015596151352,-9.809293746948242,0.095646433532238,-0.01626184768974781,-0.6194025874137878,0.0,0.0,0.0,0.0,0.0,0.0,0.0,0.0,0.0,0.0,0.0,0.0,0.06352248042821884,0.10721113532781601,-0.06394006311893463,-0.10763029009103775,0.05864018201828003,0.0472254604101181,0.04114978387951851,0.05076468363404274,-0.33861854672431946,-0.12981413304805756,-0.016607457771897316,0.0,0.0,0.0,0.0,0.0,0.0,0.0
6796805798,0,-0.006162460893392563,-0.03887123987078667,-0.1306726485490799,6.569455581484362e-05,-0.04113857448101044,-0.24025119841098785,-0.02438586950302124,0.003386962693184614,-0.00559970224276185,0.012234143912792206,-0.004531182814389467,-0.10960841178894043,-0.011973540298640728,-0.01998596079647541,-0.0044465516693890095,0.0,0.0,-0.0047828578390181065,-0.00956342276185751,-0.002088547684252262,0.0006197745096869767,0.09514370560646057,0.15770025551319122,-0.00018943088070955127,0.45759117603302,-0.10018984973430634,-3.4580211639404297,0.10921316593885422,0.16186589002609253,-0.00014528975589200854,-0.000379188044462353,-0.0938534140586853,-0.14776885509490967,0.000443705590441823,2.0,2.0,2.0,2.0,0.07359375059604645,0.1088574230670929,-0.07512695342302322,-0.11039062589406967,0.0,0.06301583349704742,0.09855605661869049,-0.0634288489818573,-0.09897024929523468,0.0,-0.5133426189422607,-0.003121080109849572,-9.596059799194336,0.08342871814966202,-0.013474552892148495,-0.6342806816101074,0.0,0.0,0.0,0.0,0.0,0.0,0.0,0.0,0.0,0.0,0.0,0.0,0.06417516618967056,0.1058884859085083,-0.06459065526723862,-0.10630542784929276,0.05864018201828003,0.0472254604101181,0.04114978387951851,0.05076468363404274,-0.33861854672431946,-0.12981413304805756,-0.016607457771897316,0.0,0.0,0.0,0.0,0.0,0.0,0.0
6806246427,0,-0.006051346659660339,-0.03887299448251724,-0.13064278662204742,6.569455581484362e-05,-0.04113857448101044,-0.24025119841098785,-0.02196611277759075,0.0018091110978275537,-0.009720849804580212,0.012234143912792206,-0.004531182814389467,-0.10960841178894043,-0.01181272603571415,-0.019856790080666542,-0.004361164290457964,0.0,0.0,-0.0047828578390181065,-0.0014273246051743627,-0.003805085550993681,0.004033556208014488,0.094497911632061,0.15846984088420868,-0.00029793987050652504,0.4588579535484314,-0.07411003857851028,-3.488543748855591,0.09392160922288895,0.16379860043525696,-0.004204295575618744,-0.00038177118403837085,-0.09392572939395905,-0.1479817032814026,0.00047154934145510197,2.0,2.0,2.0,2.0,0.07206054776906967,0.1088574230670929,-0.07359375059604645,-0.1088574230670929,0.0,0.06785903871059418,0.09414783865213394,-0.06827500462532043,-0.09456467628479004,0.0,-0.11312951892614365,0.10487212240695953,-10.02437686920166,0.08342871814966202,-0.013474552892148495,-0.6342806816101074,0.0,0.0,0.0,0.0,0.0,0.0,0.0,0.0,0.0,0.0,0.0,0.0,0.06450565904378891,0.10368159413337708,-0.06491979956626892,-0.10409707576036453,0.06272988021373749,0.046281564980745316,0.046081189066171646,0.05132537707686424,0.20036253333091736,-0.15236717462539673,0.13374443352222443,0.0,0.0,0.0,0.0,0.0,0.0,0.0
6816227540,0,-0.006051346659660339,-0.03887299448251724,-0.13064278662204742,6.569455581484362e-05,-0.04113857448101044,-0.24025119841098785,-0.02196611277759075,0.0018091110978275537,-0.009720849804580212,0.012234143912792206,-0.004531182814389467,-0.10960841178894043,-0.01181272603571415,-0.019856790080666542,-0.004361164290457964,0.0,0.0,-0.0047828578390181065,0.009314443916082382,0.00010286859469488263,0.004787704441696405,0.094497911632061,0.15846984088420868,-0.00029793987050652504,0.4206415116786957,-0.09764925390481949,-3.8645737171173096,0.07731381058692932,0.15792988240718842,-0.004510548897087574,-0.00038621373823843896,-0.09381800144910812,-0.14849364757537842,0.0006247122073546052,2.0,2.0,2.0,2.0,0.0705273449420929,0.10579101741313934,-0.07206054776906967,-0.11039062589406967,0.0,0.056918323040008545,0.09153961390256882,-0.057338833808898926,-0.09196118265390396,0.0,-0.11312951892614365,0.10487212240695953,-10.02437686920166,0.08342871814966202,-0.013474552892148495,-0.6342806816101074,0.0,0.0,0.0,0.0,0.0,0.0,0.0,0.0,0.0,0.0,0.0,0.0,0.06455884873867035,0.10092002153396606,-0.06497272849082947,-0.10133513063192368,0.05972824990749359,0.04661211743950844,0.044432204216718674,0.0516810305416584,0.613695502281189,0.13457804918289185,0.09493822604417801,0.0,0.0,0.0,0.0,0.0,0.0,0.0
6826058393,0,-0.005765506997704506,-0.03887031599879265,-0.1305583417415619,6.569455581484362e-05,-0.04113857448101044,-0.2422512024641037,-0.026134511455893517,0.0015510921366512775,-0.007001158781349659,0.011662461794912815,-0.0045365397818386555,-0.11169286072254181,-0.011525986716151237,-0.019811326637864113,-0.004342248663306236,0.0,0.0,-0.0047828578390181065,0.010768802836537361,0.002247883938252926,-0.001031045918352902,0.09121914952993393,0.15750177204608917,-0.00039766114787198603,0.3663431704044342,-0.11891555041074753,-3.8639142513275146,0.07912436872720718,0.15574528276920319,0.0029654349200427532,-0.00039969614590518177,-0.09352532774209976,-0.14891189336776733,0.000610518385656178,2.0,2.0,2.0,2.0,0.0705273449420929,0.10732422024011612,-0.0705273449420929,-0.10732422024011612,0.0,0.043535977602005005,0.08566996455192566,-0.043970830738544464,-0.08610602468252182,0.0,0.13065287470817566,0.31494757533073425,-9.964784622192383,0.09049509465694427,-0.012895355932414532,-0.6702521443367004,0.0,0.0,0.0,0.0,0.0,0.0,0.0,0.0,0.0,0.0,0.0,0.0,0.06306248158216476,0.09768044203519821,-0.06347790360450745,-0.09809701889753342,0.05972824990749359,0.04661211743950844,0.044432204216718674,0.0516810305416584,0.2043813019990921,0.13770689070224762,-0.20384050905704498,0.0,0.0,0.0,0.0,0.0,0.0,0.0
6836316403,0,-0.0054709454998373985,-0.03887303173542023,-0.13048109412193298,6.569455581484362e-05,-0.04113857448101044,-0.24425120651721954,-0.023688526824116707,-0.0019979241769760847,-0.006959420628845692,0.011073336005210876,-0.004531108308583498,-0.11377011239528656,-0.011449990794062614,-0.019959749653935432,-0.004421975929290056,0.0,0.0,-0.0047828578390181065,0.010768802836537361,0.002247883938252926,-0.001031045918352902,0.0907486230134964,0.15728969871997833,-0.0002793119056150317,0.3663431704044342,-0.11891555041074753,-3.8639142513275146,0.07912436872720718,0.15574528276920319,0.0029654349200427532,-0.00039969614590518177,-0.09352532774209976,-0.14891189336776733,0.000610518385656178,2.0,2.0,2.0,2.0,0.06899414211511612,0.10272461175918579,-0.0705273449420929,-0.10579101741313934,0.0,0.043535977602005005,0.08566996455192566,-0.043970830738544464,-0.08610602468252182,0.0,0.13065287470817566,0.31494757533073425,-9.964784622192383,0.08433066308498383,-0.005785756278783083,-0.6845157146453857,0.0,0.0,0.0,0.0,0.0,0.0,0.0,0.0,0.0,0.0,0.0,0.0,0.05934072658419609,0.09414169192314148,-0.05975983664393425,-0.09456191211938858,0.05578072369098663,0.052383456379175186,0.04114978387951851,0.056507810950279236,0.2043813019990921,0.13770689070224762,-0.20384050905704498,0.0,0.0,0.0,0.0,0.0,0.0,0.0
6846528335,0,-0.0054709454998373985,-0.03887303173542023,-0.13048109412193298,6.569455581484362e-05,-0.04113857448101044,-0.24425120651721954,-0.023688526824116707,-0.0019979241769760847,-0.006959420628845692,0.011073336005210876,-0.004531108308583498,-0.11377011239528656,-0.011449990794062614,-0.019959749653935432,-0.004421975929290056,0.0,0.0,-0.0047828578390181065,0.001971909310668707,0.0007260829443112016,-0.004472931381314993,0.0907486230134964,0.15728969871997833,-0.0002793119056150317,0.46381863951683044,-0.031821660697460175,-3.764836311340332,0.09424447268247604,0.15781141817569733,0.006216783542186022,-0.00040508093661628664,-0.09351841360330582,-0.14911189675331116,0.0005225678905844688,2.0,2.0,2.0,2.0,0.06899414211511612,0.10272461175918579,-0.06899414211511612,-0.10425781458616257,0.0,0.07622063905000687,0.0875091627240181,-0.07666222006082535,-0.08795115351676941,0.0,-0.63128662109375,-0.17019614577293396,-9.73572063446045,0.08433066308498383,-0.005785756278783083,-0.6845157146453857,0.0,0.0,0.0,0.0,0.0,0.0,0.0,0.0,0.0,0.0,0.0,0.0,0.0561017170548439,0.09092286974191666,-0.05652586370706558,-0.0913480818271637,0.05578072369098663,0.052383456379175186,0.04114978387951851,0.056507810950279236,-0.31424134969711304,-0.03463342413306236,-0.2570820748806,0.0,0.0,0.0,0.0,0.0,0.0,0.0
6856241776,0,-0.005337180569767952,-0.038857072591781616,-0.13046450912952423,6.569455581484362e-05,-0.04113857448101044,-0.24525120854377747,-0.01637187972664833,0.003245391882956028,-0.0070064072497189045,0.010805804282426834,-0.00456302659586072,-0.11478669941425323,-0.011709712445735931,-0.019897926598787308,-0.004539881832897663,0.0,0.0,-0.0047828578390181065,-0.005105375777930021,-0.0007029607077129185,-0.006233952008187771,0.0930376946926117,0.159566730260849,-0.00020976891391910613,0.4428471028804779,-0.05459890887141228,-3.890064239501953,0.09424447268247604,0.15781141817569733,0.006216783542186022,-0.00040508093661628664,-0.09351841360330582,-0.14911189675331116,0.0005225678905844688,2.0,2.0,2.0,2.0,0.06592773646116257,0.09965820610523224,-0.06746093928813934,-0.10119140893220901,0.0,0.06846658885478973,0.08782958984375,-0.06890791654586792,-0.0882715955376625,0.0,-0.63128662109375,-0.17019614577293396,-9.73572063446045,0.0692109763622284,-0.016326870769262314,-0.6914589405059814,0.0,0.0,0.0,0.0,0.0,0.0,0.0,0.0,0.0,0.0,0.0,0.0,0.056355707347393036,0.08863981813192368,-0.056785229593515396,-0.08907032012939453,0.05621413141489029,0.05323893949389458,0.04114978387951851,0.05712359398603439,-0.4582253396511078,-0.04924191161990166,-0.20699240267276764,0.0,0.0,0.0,0.0,0.0,0.0,0.0
6866241550,0,-0.005337180569767952,-0.038857072591781616,-0.13046450912952423,6.569455581484362e-05,-0.04113857448101044,-0.24525120854377747,-0.01637187972664833,0.003245391882956028,-0.0070064072497189045,0.010805804282426834,-0.00456302659586072,-0.11478669941425323,-0.011709712445735931,-0.019897926598787308,-0.004539881832897663,0.0,0.0,-0.0047828578390181065,-0.008947552181780338,-2.2528329282067716e-05,-0.005376867949962616,0.0930376946926117,0.159566730260849,-0.00020976891391910613,0.42287594079971313,-0.12318187952041626,-3.8254926204681396,0.10860665142536163,0.15883617103099823,0.004995277151465416,-0.0004023898800369352,-0.09351841360330582,-0.14911189675331116,0.0005225678905844688,2.0,2.0,2.0,2.0,0.06592773646116257,0.09659180045127869,-0.06592773646116257,-0.10272461175918579,0.0,0.052784744650125504,0.09646110981702805,-0.05322275310754776,-0.09690055251121521,0.0,-0.63128662109375,-0.17019614577293396,-9.73572063446045,0.0692109763622284,-0.016326870769262314,-0.6914589405059814,0.0,0.0,0.0,0.0,0.0,0.0,0.0,0.0,0.0,0.0,0.0,0.0,0.05834968015551567,0.0877508893609047,-0.058783888816833496,-0.08818598091602325,0.05621413141489029,0.05323893949389458,0.04114978387951851,0.05712359398603439,-0.40803688764572144,-0.018644489347934723,-0.06228103116154671,0.0,0.0,0.0,0.0,0.0,0.0,0.0
6876101156,0,-0.004905347246676683,-0.03877349942922592,-0.13038137555122375,6.569455581484362e-05,-0.04113857448101044,-0.24825121462345123,-0.017300128936767578,0.0028982246294617653,-0.004191315732896328,0.009942132979631424,-0.0047301738522946835,-0.11786983907222748,-0.011888395063579082,-0.020124323666095734,-0.004587392322719097,0.0,0.0,-0.0047828578390181065,-0.008947552181780338,-2.2528329282067716e-05,-0.005376867949962616,0.09449552744626999,0.15999014675617218,-9.099980525206774e-05,0.42287594079971313,-0.12318187952041626,-3.8254926204681396,0.10860665142536163,0.15883617103099823,0.004995277151465416,-0.0004023898800369352,-0.09377551078796387,-0.1497204601764679,0.00023283732298295945,2.0,2.0,2.0,2.0,0.06286133080720901,0.09505859017372131,-0.06439453363418579,-0.10119140893220901,0.0,0.052784744650125504,0.09646110981702805,-0.05322275310754776,-0.09690055251121521,0.0,-0.1549750566482544,0.033437296748161316,-9.647825241088867,0.0691288411617279,-0.01580149121582508,-0.7374314665794373,0.0,0.0,0.0,0.0,0.0,0.0,0.0,0.0,0.0,0.0,0.0,0.0,0.05902688577771187,0.08852279931306839,-0.05946425348520279,-0.08896105736494064,0.05953920632600784,0.05252851918339729,0.042512863874435425,0.05606884881854057,-0.40803688764572144,-0.018644489347934723,-0.06228103116154671,0.0,0.0,0.0,0.0,0.0,0.0,0.0
6886013399,0,-0.0048088510520756245,-0.038766056299209595,-0.1303551346063614,6.569455581484362e-05,-0.04113857448101044,-0.24925121665000916,-0.025088703259825706,0.0009291638270951807,-0.008761094883084297,0.009749139659106731,-0.004745060112327337,-0.11889608204364777,-0.011744881048798561,-0.019961804151535034,-0.004586655646562576,0.0,0.0,-0.0047828578390181065,-0.00370637234300375,0.003776215948164463,-0.0027439056430011988,0.09290975332260132,0.15802045166492462,-3.472285607131198e-05,0.46478888392448425,-0.06567095220088959,-3.904317617416382,0.09580536931753159,0.1526004672050476,0.0016667172312736511,-0.0003931894025299698,-0.09377551078796387,-0.1497204601764679,0.00023283732298295945,2.0,2.0,2.0,2.0,0.06286133080720901,0.09352538734674454,-0.059794921427965164,-0.10119140893220901,0.0,0.0703992173075676,0.09369628876447678,-0.07082764059305191,-0.09412553906440735,0.0,-0.6778485774993896,0.040543217211961746,-10.018901824951172,0.08450707048177719,-0.011940172873437405,-0.7098759412765503,0.0,0.0,0.0,0.0,0.0,0.0,0.0,0.0,0.0,0.0,0.0,0.0,0.05902068316936493,0.09023973345756531,-0.05945928022265434,-0.09067928791046143,0.05953920632600784,0.05252851918339729,0.042512863874435425,0.05606884881854057,0.08107604086399078,0.16437578201293945,0.07583591341972351,0.0,0.0,0.0,0.0,0.0,0.0,0.0
6896400863,0,-0.004582502879202366,-0.038717929273843765,-0.130301371216774,6.569455581484362e-05,-0.04113857448101044,-0.251251220703125,-0.02710690349340439,-0.0028857069555670023,-0.006526972632855177,0.009296441450715065,-0.0048413146287202835,-0.12094984948635101,-0.011662784963846207,-0.019947834312915802,-0.004542610142379999,0.0,0.0,-0.0047828578390181065,-0.00370637234300375,0.003776215948164463,-0.0027439056430011988,0.0913371741771698,0.15802358090877533,-0.00023840914946049452,0.46478888392448425,-0.06567095220088959,-3.904317617416382,0.09580536931753159,0.1526004672050476,0.0016667172312736511,-0.0003931894025299698,-0.09377551078796387,-0.1497204601764679,0.00023283732298295945,2.0,2.0,2.0,2.0,0.06286133080720901,0.09199218451976776,-0.059794921427965164,-0.09965820610523224,0.0,0.0703992173075676,0.09369628876447678,-0.07082764059305191,-0.09412553906440735,0.0,-0.30491355061531067,0.19121435284614563,-10.0239839553833,0.08748643100261688,-0.004418789874762297,-0.7422214150428772,0.0,0.0,0.0,0.0,0.0,0.0,0.0,0.0,0.0,0.0,0.0,0.0,0.060304686427116394,0.09184951335191727,-0.060742463916540146,-0.09228828549385071,0.05953920632600784,0.05252851918339729,0.042512863874435425,0.05606884881854057,0.08107604086399078,0.16437578201293945,0.07583591341972351,0.0,0.0,0.0,0.0,0.0,0.0,0.0
6905967472,0,-0.004582502879202366,-0.038717929273843765,-0.130301371216774,6.569455581484362e-05,-0.04113857448101044,-0.251251220703125,-0.02710690349340439,-0.0028857069555670023,-0.006526972632855177,0.009296441450715065,-0.0048413146287202835,-0.12094984948635101,-0.011662784963846207,-0.019947834312915802,-0.004542610142379999,0.0,0.0,-0.0047828578390181065,0.005457513500005007,0.004193603061139584,0.002554824575781822,0.0913371741771698,0.15802358090877533,-0.00023840914946049452,0.36812567710876465,-0.1298111379146576,-4.210568904876709,0.08722851425409317,0.16318319737911224,-0.0071889557875692844,-0.00037359754787757993,-0.09373734891414642,-0.1502409130334854,0.000206247583264485,2.0,2.0,2.0,2.0,0.06286133080720901,0.09045898169279099,-0.059794921427965164,-0.09965820610523224,0.0,0.04193771630525589,0.08793387562036514,-0.04234415665268898,-0.08834152668714523,0.0,-0.30491355061531067,0.19121435284614563,-10.0239839553833,0.08748643100261688,-0.004418789874762297,-0.7422214150428772,0.0,0.0,0.0,0.0,0.0,0.0,0.0,0.0,0.0,0.0,0.0,0.0,0.0614859014749527,0.09271617233753204,-0.061920542269945145,-0.09315181523561478,0.06197991594672203,0.04929163306951523,0.046233583241701126,0.053695447742938995,0.34276241064071655,0.06464181840419769,0.23023979365825653,0.0,0.0,0.0,0.0,0.0,0.0,0.0
6916072107,0,-0.004582502879202366,-0.038717929273843765,-0.130301371216774,6.569455581484362e-05,-0.04113857448101044,-0.251251220703125,-0.02710690349340439,-0.0028857069555670023,-0.006526972632855177,0.009296441450715065,-0.0048413146287202835,-0.12094984948635101,-0.011662784963846207,-0.019947834312915802,-0.004542610142379999,0.0,0.0,-0.0047828578390181065,0.005457513500005007,0.004193603061139584,0.002554824575781822,0.0913371741771698,0.15802358090877533,-0.00023840914946049452,0.36812567710876465,-0.1298111379146576,-4.210568904876709,0.08722851425409317,0.16318319737911224,-0.0071889557875692844,-0.00037359754787757993,-0.0936797633767128,-0.1504761278629303,0.0003266488201916218,2.0,2.0,2.0,2.0,0.06132812425494194,0.08892577886581421,-0.059794921427965164,-0.09812500327825546,0.0,0.04193771630525589,0.08793387562036514,-0.04234415665268898,-0.08834152668714523,0.0,-0.30491355061531067,0.19121435284614563,-10.0239839553833,0.08748643100261688,-0.004418789874762297,-0.7422214150428772,0.0,0.0,0.0,0.0,0.0,0.0,0.0,0.0,0.0,0.0,0.0,0.0,0.059772640466690063,0.09252577275037766,-0.060201551765203476,-0.09295571595430374,0.06582880765199661,0.046480827033519745,0.04888244345784187,0.05106435716152191,0.34276241064071655,0.06464181840419769,0.23023979365825653,0.0,0.0,0.0,0.0,0.0,0.0,0.0
6926139083,0,-0.004368203226476908,-0.03867493197321892,-0.1302625983953476,6.569455581484362e-05,-0.04113857448101044,-0.25325122475624084,-0.025331085547804832,-0.00037170338327996433,-0.007261826191097498,0.008867840282619,-0.004927309695631266,-0.12298862636089325,-0.011592252179980278,-0.020138531923294067,-0.004328378010541201,0.0,0.0,-0.0047828578390181065,0.005457513500005007,0.004193603061139584,0.002554824575781822,0.09274538606405258,0.15969152748584747,-0.00044742802856490016,0.36812567710876465,-0.1298111379146576,-4.210568904876709,0.08722851425409317,0.16318319737911224,-0.0071889557875692844,-0.00037359754787757993,-0.09367026388645172,-0.15070447325706482,0.0004613836936186999,2.0,2.0,2.0,2.0,0.06286133080720901,0.08739257603883743,-0.06132812425494194,-0.09812500327825546,0.0,0.04193771630525589,0.08793387562036514,-0.04234415665268898,-0.08834152668714523,0.0,-0.7123745679855347,-0.2418869584798813,-10.099595069885254,0.08305394649505615,-0.00965176708996296,-0.7514051198959351,0.0,0.0,0.0,0.0,0.0,0.0,0.0,0.0,0.0,0.0,0.0,0.0,0.055639006197452545,0.09158480912446976,-0.056060951203107834,-0.0920078381896019,0.06455391645431519,0.04771551489830017,0.047350749373435974,0.05185963585972786,0.34276241064071655,0.06464181840419769,0.23023979365825653,0.0,0.0,0.0,0.0,0.0,0.0,0.0
6936261432,0,-0.00429961271584034,-0.03868388384580612,-0.13026019930839539,6.569455581484362e-05,-0.04113857448101044,-0.25425124168395996,-0.021135238930583,0.004564568400382996,-0.009113750420510769,0.008730658330023289,-0.004909405950456858,-0.12399104237556458,-0.011661852709949017,-0.020007623359560966,-0.0043057785369455814,0.0,0.0,-0.0047828578390181065,-0.002956098411232233,-0.0006210916908457875,0.0046816314570605755,0.09295334666967392,0.1590082198381424,-0.000537859566975385,0.4098667502403259,-0.10746776312589645,-4.097538948059082,0.09833074361085892,0.16062289476394653,-0.0030849173199385405,-0.00037822412559762597,-0.09367026388645172,-0.15070447325706482,0.0004613836936186999,2.0,2.0,2.0,2.0,0.06132812425494194,0.08892577886581421,-0.06132812425494194,-0.09505859017372131,0.0,0.053276728838682175,0.0913742184638977,-0.05368845909833908,-0.09178706258535385,0.0,-0.5225154757499695,-0.09673153609037399,-10.079602241516113,0.07452122867107391,-0.019539592787623405,-0.7450070977210999,0.0,0.0,0.0,0.0,0.0,0.0,0.0,0.0,0.0,0.0,0.0,0.0,0.0516008585691452,0.09060703217983246,-0.05201675742864609,-0.09102407097816467,0.06455391645431519,0.04771551489830017,0.047350749373435974,0.05185963585972786,-0.23584921658039093,-0.03646870702505112,-0.03476230800151825,0.0,0.0,0.0,0.0,0.0,0.0,0.0
6946201592,0,-0.00429961271584034,-0.03868388384580612,-0.13026019930839539,6.569455581484362e-05,-0.04113857448101044,-0.25425124168395996,-0.021135238930583,0.004564568400382996,-0.009113750420510769,0.008730658330023289,-0.004909405950456858,-0.12399104237556458,-0.011661852709949017,-0.020007623359560966,-0.0043057785369455814,0.0,0.0,-0.0047828578390181065,-0.0050124917179346085,0.00313930818811059,-0.0007939308998174965,0.09295334666967392,0.1590082198381424,-0.000537859566975385,0.4479108452796936,-0.06946641951799393,-4.073332786560059,0.10113093256950378,0.15345104038715363,0.00357351778075099,-0.00038491454324685037,-0.09370771795511246,-0.15089218318462372,0.0005217911093495786,2.0,2.0,2.0,2.0,0.06132812425494194,0.08892577886581421,-0.06132812425494194,-0.09352538734674454,0.0,0.06674052774906158,0.09137814491987228,-0.06715982407331467,-0.09179829806089401,0.0,-0.5225154757499695,-0.09673153609037399,-10.079602241516113,0.07452122867107391,-0.019539592787623405,-0.7450070977210999,0.0,0.0,0.0,0.0,0.0,0.0,0.0,0.0,0.0,0.0,0.0,0.0,0.05002211406826973,0.0901091918349266,-0.05043437331914902,-0.09052259474992752,0.06455391645431519,0.04771551489830017,0.047350749373435974,0.05185963585972786,-0.2048138976097107,0.161935493350029,-0.27061858773231506,0.0,0.0,0.0,0.0,0.0,0.0,0.0
6956571627,0,-0.004011217970401049,-0.03862214460968971,-0.1302667260169983,6.569455581484362e-05,-0.04113857448101044,-0.25725123286247253,-0.01802266202867031,0.01203179731965065,-0.004411756061017513,0.008153866045176983,-0.005032884888350964,-0.12698450684547424,-0.011702985502779484,-0.019949177280068398,-0.004583657253533602,0.0,0.0,-0.0047828578390181065,-0.0003787350724451244,-0.0011105698067694902,-0.00909668579697609,0.09302181005477905,0.15859775245189667,-9.894939285004511e-05,0.45145606994628906,-0.011731251142919064,-4.266543865203857,0.09267985820770264,0.16258323192596436,0.010441024787724018,-0.00038670928915962577,-0.09376244246959686,-0.15106730163097382,0.0004764691402669996,2.0,2.0,2.0,2.0,0.059794921427965164,0.09045898169279099,-0.059794921427965164,-0.09045898169279099,0.0,0.07760081440210342,0.08176162838935852,-0.07802241295576096,-0.08218337595462799,0.0,0.10242496430873871,0.7660037875175476,-9.489819526672363,0.0669979527592659,-0.03457613289356232,-0.807311475276947,0.0,0.0,0.0,0.0,0.0,0.0,0.0,0.0,0.0,0.0,0.0,0.0,0.05221056193113327,0.08965469896793365,-0.05262209102511406,-0.0900672897696495,0.05700274929404259,0.05509185045957565,0.04114978387951851,0.05878391116857529,0.10338793694972992,-0.11740114539861679,-0.32512569427490234,0.0,0.0,0.0,0.0,0.0,0.0,0.0
6966245893,0,-0.003849733155220747,-0.03862578049302101,-0.13026659190654755,6.569455581484362e-05,-0.04113857448101044,-0.2592512369155884,-0.01801171526312828,0.010634343139827251,-0.005210842005908489,0.00783089455217123,-0.005025613121688366,-0.12898464500904083,-0.011621210724115372,-0.02015255019068718,-0.0046389163471758366,0.0,0.0,-0.0047828578390181065,-0.0003787350724451244,-0.0011105698067694902,-0.00909668579697609,0.09165087342262268,0.16001230478286743,5.358075941330753e-05,0.45145606994628906,-0.011731251142919064,-4.266543865203857,0.09267985820770264,0.16258323192596436,0.010441024787724018,-0.00038670928915962577,-0.09377750009298325,-0.15146681666374207,0.00017936632502824068,2.0,2.0,2.0,2.0,0.05826171860098839,0.09045898169279099,-0.05826171860098839,-0.08892577886581421,0.0,0.07760081440210342,0.08176162838935852,-0.07802241295576096,-0.08218337595462799,0.0,0.10242496430873871,0.7660037875175476,-9.489819526672363,0.06626999378204346,-0.031771477311849594,-0.8157413601875305,0.0,0.0,0.0,0.0,0.0,0.0,0.0,0.0,0.0,0.0,0.0,0.0,0.05747105926275253,0.08841831982135773,-0.05788397789001465,-0.08883211761713028,0.057394612580537796,0.05615992844104767,0.04114978387951851,0.06108533591032028,0.10338793694972992,-0.11740114539861679,-0.32512569427490234,0.0,0.0,0.0,0.0,0.0,0.0,0.0
6976931609,0,-0.003763508051633835,-0.03859623521566391,-0.13025006651878357,6.569455581484362e-05,-0.04113857448101044,-0.2602512240409851,-0.025582650676369667,-0.0014720436884090304,-0.0061632851138710976,0.007658443413674831,-0.005084704142063856,-0.13000115752220154,-0.01163204200565815,-0.02017495408654213,-0.004571379628032446,0.0,0.0,-0.0047828578390181065,0.003446825547143817,-0.002440845128148794,-0.0062399995513260365,0.09165087342262268,0.16001230478286743,5.358075941330753e-05,0.45145606994628906,-0.011731251142919064,-4.266543865203857,0.09267985820770264,0.16258323192596436,0.010441024787724018,-0.00038670928915962577,-0.09377750009298325,-0.15146681666374207,0.00017936632502824068,2.0,2.0,2.0,2.0,0.05672851577401161,0.09045898169279099,-0.059794921427965164,-0.08892577886581421,0.0,0.07760081440210342,0.08176162838935852,-0.07802241295576096,-0.08218337595462799,0.0,0.1759498566389084,0.965952455997467,-9.446890830993652,0.08097101002931595,-0.007608664687722921,-0.8153148293495178,0.0,0.0,0.0,0.0,0.0,0.0,0.0,0.0,0.0,0.0,0.0,0.0,0.06377272307872772,0.08658191561698914,-0.0641879290342331,-0.08699776232242584,0.057394612580537796,0.05615992844104767,0.04114978387951851,0.06108533591032028,0.2033335268497467,-0.11908123642206192,-0.027125917375087738,0.0,0.0,0.0,0.0,0.0,0.0,0.0
6986266806,0,-0.003763508051633835,-0.03859623521566391,-0.13025006651878357,6.569455581484362e-05,-0.04113857448101044,-0.2602512240409851,-0.025582650676369667,-0.0014720436884090304,-0.0061632851138710976,0.007658443413674831,-0.005084704142063856,-0.13000115752220154,-0.01163204200565815,-0.02017495408654213,-0.004571379628032446,0.0,0.0,-0.0047828578390181065,0.0007507943082600832,-0.0019342671148478985,-0.0009887294145300984,0.09262575209140778,0.16051916778087616,-0.00016957399202510715,0.4453405439853668,-0.04184765741229057,-4.484231472015381,0.09197494387626648,0.162726491689682,-0.001260272809304297,-0.0003667634737212211,-0.09373229742050171,-0.15168167650699615,7.734276005066931e-05,2.0,2.0,2.0,2.0,0.05672851577401161,0.08739257603883743,-0.05826171860098839,-0.09045898169279099,0.0,0.07118893414735794,0.08603028208017349,-0.07158860564231873,-0.08643042296171188,0.0,-0.6684333682060242,-0.6414245367050171,-9.893739700317383,0.08097101002931595,-0.007608664687722921,-0.8153148293495178,0.0,0.0,0.0,0.0,0.0,0.0,0.0,0.0,0.0,0.0,0.0,0.0,0.06912782788276672,0.08498619496822357,-0.06954433023929596,-0.08540313690900803,0.06251972913742065,0.053597256541252136,0.0455622561275959,0.05845935642719269,-0.009998845867812634,-0.02730683609843254,0.22414028644561768,0.0,0.0,0.0,0.0,0.0,0.0,0.0
6995991176,0,-0.003763508051633835,-0.03859623521566391,-0.13025006651878357,6.569455581484362e-05,-0.04113857448101044,-0.2602512240409851,-0.025582650676369667,-0.0014720436884090304,-0.0061632851138710976,0.007658443413674831,-0.005084704142063856,-0.13000115752220154,-0.01163204200565815,-0.02017495408654213,-0.004571379628032446,0.0,0.0,-0.0047828578390181065,0.002493031555786729,0.00042679632315412164,0.0024071247316896915,0.09262575209140778,0.16051916778087616,-0.00016957399202510715,0.3980707824230194,-0.13413360714912415,-4.4804463386535645,0.08894557505846024,0.158762589097023,-0.004544619936496019,-0.00035761704202741385,-0.09367503225803375,-0.15212789177894592,8.854028419591486e-05,2.0,2.0,2.0,2.0,0.05826171860098839,0.08739257603883743,-0.059794921427965164,-0.09045898169279099,0.0,0.046480339020490646,0.09402544796466827,-0.04686945676803589,-0.09441590309143066,0.0,-0.6684333682060242,-0.6414245367050171,-9.893739700317383,0.08097101002931595,-0.007608664687722921,-0.8153148293495178,0.0,0.0,0.0,0.0,0.0,0.0,0.0,0.0,0.0,0.0,0.0,0.0,0.07129780203104019,0.08456596732139587,-0.07171235978603363,-0.08498090505599976,0.06633441150188446,0.05089396983385086,0.04937360808253288,0.054902806878089905,0.06319782137870789,0.1007518395781517,0.2907148599624634,0.0,0.0,0.0,0.0,0.0,0.0,0.0
7006012933,0,-0.0036131523083895445,-0.03857042267918587,-0.13023459911346436,6.569455581484362e-05,-0.04113857448101044,-0.26225125789642334,-0.022816501557826996,0.0046865856274962425,-0.006596244405955076,0.007357730530202389,-0.005136329215019941,-0.13201665878295898,-0.011544167064130306,-0.02012014202773571,-0.004519462585449219,0.0,0.0,-0.0047828578390181065,-0.003407748183235526,-6.354066135827452e-05,0.0027286261320114136,0.09326572716236115,0.1598493903875351,-0.00021219071641098708,0.4119114875793457,-0.11034657806158066,-4.550021171569824,0.09906630218029022,0.15971264243125916,-0.0033975860569626093,-0.0003497945726849139,-0.09370287507772446,-0.15234176814556122,0.000135695532662794,2.0,2.0,2.0,2.0,0.059794921427965164,0.08585937321186066,-0.059794921427965164,-0.09199218451976776,0.0,0.05314457044005394,0.09226377308368683,-0.05352531000971794,-0.09264563024044037,0.0,-0.519444465637207,-0.9370638728141785,-10.052098274230957,0.07489299774169922,-0.020063014701008797,-0.8272765874862671,0.0,0.0,0.0,0.0,0.0,0.0,0.0,0.0,0.0,0.0,0.0,0.0,0.06923281401395798,0.08565472066402435,-0.06964182108640671,-0.08606420457363129,0.0644281804561615,0.05234924703836441,0.04712771624326706,0.05644027516245842,-0.2392827719449997,0.020028309896588326,0.15417680144309998,0.0,0.0,0.0,0.0,0.0,0.0,0.0
7016104654,0,-0.0035520887468010187,-0.03861237317323685,-0.13024280965328217,6.569455581484362e-05,-0.04113857448101044,-0.26325124502182007,-0.020881230011582375,0.0005167821072973311,-0.008725238032639027,0.00723560294136405,-0.005052427761256695,-0.1330084353685379,-0.011813645251095295,-0.02019849233329296,-0.004417970776557922,0.0,0.0,-0.0047828578390181065,-0.0020316552836447954,0.0004330429364927113,0.0008156017283909023,0.0940878614783287,0.1607254445552826,-0.00012792878260370344,0.3893381953239441,-0.06349178403615952,-4.497158050537109,0.09548970311880112,0.15989947319030762,-0.0002994238748215139,-0.0003445523325353861,-0.09370287507772446,-0.15234176814556122,0.000135695532662794,2.0,2.0,2.0,2.0,0.06439453363418579,0.08585937321186066,-0.06132812425494194,-0.09199218451976776,0.0,0.057446397840976715,0.07994765788316727,-0.05782153084874153,-0.08032338321208954,0.0,0.20231744647026062,1.159954309463501,-9.705866813659668,0.07078876346349716,-0.011543960310518742,-0.8176651000976562,0.0,0.0,0.0,0.0,0.0,0.0,0.0,0.0,0.0,0.0,0.0,0.0,0.0651395246386528,0.08692283183336258,-0.06554071605205536,-0.08732465654611588,0.0644281804561615,0.05234924703836441,0.04712771624326706,0.05644027516245842,-0.07083676755428314,0.04880078136920929,-0.008136802352964878,0.0,0.0,0.0,0.0,0.0,0.0,0.0
7026449199,0,-0.0035520887468010187,-0.03861237317323685,-0.13024280965328217,6.569455581484362e-05,-0.04113857448101044,-0.26325124502182007,-0.020881230011582375,0.0005167821072973311,-0.008725238032639027,0.00723560294136405,-0.005052427761256695,-0.1330084353685379,-0.011813645251095295,-0.02019849233329296,-0.004417970776557922,0.0,0.0,-0.0047828578390181065,-0.0020316552836447954,0.0004330429364927113,0.0008156017283909023,0.0940878614783287,0.1607254445552826,-0.00012792878260370344,0.3893381953239441,-0.06349178403615952,-4.497158050537109,0.09548970311880112,0.15989947319030762,-0.0002994238748215139,-0.0003445523325353861,-0.09377913922071457,-0.15272822976112366,0.00013218502863310277,2.0,2.0,2.0,2.0,0.06439453363418579,0.08432617038488388,-0.06286133080720901,-0.09199218451976776,0.0,0.057446397840976715,0.07994765788316727,-0.05782153084874153,-0.08032338321208954,0.0,0.20231744647026062,1.159954309463501,-9.705866813659668,0.07078876346349716,-0.011543960310518742,-0.8176651000976562,0.0,0.0,0.0,0.0,0.0,0.0,0.0,0.0,0.0,0.0,0.0,0.0,0.06150834634900093,0.08682756125926971,-0.06190115585923195,-0.08722107857465744,0.06332967430353165,0.05428435280919075,0.045973002910614014,0.05847668647766113,-0.07083676755428314,0.04880078136920929,-0.008136802352964878,0.0,0.0,0.0,0.0,0.0,0.0,0.0
7035735445,0,-0.0033863114658743143,-0.03857279196381569,-0.13025103509426117,6.569455581484362e-05,-0.04113857448101044,-0.2652512490749359,-0.021678846329450607,-0.0040901461616158485,-0.008872856386005878,0.006904046516865492,-0.005131590645760298,-0.13500021398067474,-0.011852993629872799,-0.020175762474536896,-0.004559455439448357,0.0,0.0,-0.0047828578390181065,-0.0003669827710837126,0.0008429173612967134,-0.0003602832439355552,0.09478668123483658,0.16100135445594788,-0.00015431473730131984,0.3889308273792267,-0.023935098201036453,-4.719400405883789,0.09354754537343979,0.1594061255455017,0.0004360221209935844,-0.0003289985179435462,-0.09377913922071457,-0.15272822976112366,0.00013218502863310277,2.0,2.0,2.0,2.0,0.06592773646116257,0.08432617038488388,-0.06439453363418579,-0.09045898169279099,0.0,0.06438841670751572,0.07287075370550156,-0.06474677473306656,-0.07322930544614792,0.0,-0.05067910999059677,1.24102783203125,-9.626873970031738,0.07165779173374176,-0.0024371682666242123,-0.8316971659660339,0.0,0.0,0.0,0.0,0.0,0.0,0.0,0.0,0.0,0.0,0.0,0.0,0.059293195605278015,0.08518470823764801,-0.0596778467297554,-0.08557005226612091,0.06332967430353165,0.05428435280919075,0.045973002910614014,0.05847668647766113,0.03355026990175247,0.015405415557324886,0.007268139161169529,0.0,0.0,0.0,0.0,0.0,0.0,0.0
7045759930,0,-0.0031106797978281975,-0.03844833001494408,-0.130269855260849,6.569455581484362e-05,-0.04113857448101044,-0.2682512402534485,-0.015129654668271542,0.012301973067224026,-0.008343213237822056,0.006352780386805534,-0.005380515940487385,-0.1379813849925995,-0.011826198548078537,-0.020314853638410568,-0.004515232052654028,0.0,0.0,-0.0047828578390181065,-0.0003669827710837126,0.0008429173612967134,-0.0003602832439355552,0.0939985141158104,0.1615060567855835,-0.000176984365680255,0.3889308273792267,-0.023935098201036453,-4.719400405883789,0.09354754537343979,0.1594061255455017,0.0004360221209935844,-0.0003289985179435462,-0.09377913922071457,-0.15272822976112366,0.00013218502863310277,2.0,2.0,2.0,2.0,0.06439453363418579,0.0827929675579071,-0.06439453363418579,-0.08892577886581421,0.0,0.06438841670751572,0.07287075370550156,-0.06474677473306656,-0.07322930544614792,0.0,0.14662548899650574,1.010969638824463,-9.77128791809082,0.057491425424814224,-0.035743068903684616,-0.8595649600028992,0.0,0.0,0.0,0.0,0.0,0.0,0.0,0.0,0.0,0.0,0.0,0.0,0.058823712170124054,0.08243093639612198,-0.05920027941465378,-0.08280811458826065,0.06332967430353165,0.05428435280919075,0.045973002910614014,0.05847668647766113,0.03355026990175247,0.015405415557324886,0.007268139161169529,0.0,0.0,0.0,0.0,0.0,0.0,0.0
7055720314,0,-0.0031106797978281975,-0.03844833001494408,-0.130269855260849,6.569455581484362e-05,-0.04113857448101044,-0.2682512402534485,-0.015129654668271542,0.012301973067224026,-0.008343213237822056,0.006352780386805534,-0.005380515940487385,-0.1379813849925995,-0.011826198548078537,-0.020314853638410568,-0.004515232052654028,0.0,0.0,-0.0047828578390181065,-0.0003669827710837126,0.0008429173612967134,-0.0003602832439355552,0.09324146062135696,0.16058601438999176,-0.0001386959629599005,0.3889308273792267,-0.023935098201036453,-4.719400405883789,0.09354754537343979,0.1594061255455017,0.0004360221209935844,-0.0003289985179435462,-0.09372261166572571,-0.15330733358860016,9.825285815168172e-05,2.0,2.0,2.0,2.0,0.06286133080720901,0.08432617038488388,-0.06439453363418579,-0.08892577886581421,0.0,0.06438841670751572,0.07287075370550156,-0.06474677473306656,-0.07322930544614792,0.0,0.14662548899650574,1.010969638824463,-9.77128791809082,0.057491425424814224,-0.035743068903684616,-0.8595649600028992,0.0,0.0,0.0,0.0,0.0,0.0,0.0,0.0,0.0,0.0,0.0,0.0,0.05961965397000313,0.07931248098611832,-0.05998888239264488,-0.07968220859766006,0.06475651264190674,0.054067984223365784,0.04779615253210068,0.05867550149559975,0.03355026990175247,0.015405415557324886,0.007268139161169529,0.0,0.0,0.0,0.0,0.0,0.0,0.0
7066086954,0,-0.003024269128218293,-0.03835567459464073,-0.13027384877204895,6.569455581484362e-05,-0.04113857448101044,-0.2692512571811676,-0.022278178483247757,-0.0004082577070221305,-0.006596103310585022,0.006179958116263151,-0.005565827712416649,-0.13897740840911865,-0.011642747558653355,-0.02022663503885269,-0.004501456394791603,0.0,0.0,-0.0047828578390181065,-0.0015713577158749104,0.00020262820180505514,0.0005335158784873784,0.09324146062135696,0.16058601438999176,-0.0001386959629599005,0.39194098114967346,-0.05839189887046814,-4.846880912780762,0.09625709056854248,0.16023670136928558,-0.0004897832404822111,-0.00031746324384585023,-0.09372261166572571,-0.15330733358860016,9.825285815168172e-05,2.0,2.0,2.0,2.0,0.06132812425494194,0.08432617038488388,-0.06286133080720901,-0.08739257603883743,0.0,0.058825086802244186,0.0795196071267128,-0.05917076766490936,-0.07986576855182648,0.0,-0.6496885418891907,-0.75356525182724,-9.83076286315918,0.07126199454069138,-0.010616708546876907,-0.8812510967254639,0.0,0.0,0.0,0.0,0.0,0.0,0.0,0.0,0.0,0.0,0.0,0.0,0.06063442304730415,0.07689683884382248,-0.060997456312179565,-0.07726026326417923,0.0649540051817894,0.05388960242271423,0.04827043414115906,0.05836605280637741,-0.14442706108093262,0.01466895267367363,0.030308756977319717,0.0,0.0,0.0,0.0,0.0,0.0,0.0
7076236894,0,-0.003024269128218293,-0.03835567459464073,-0.13027384877204895,6.569455581484362e-05,-0.04113857448101044,-0.2692512571811676,-0.022278178483247757,-0.0004082577070221305,-0.006596103310585022,0.006179958116263151,-0.005565827712416649,-0.13897740840911865,-0.011642747558653355,-0.02022663503885269,-0.004501456394791603,0.0,0.0,-0.0047828578390181065,-0.004275808110833168,-2.155144466087222e-05,0.00043189222924411297,0.09324146062135696,0.16058601438999176,-0.0001386959629599005,0.3443814814090729,-0.10895886272192001,-4.7671284675598145,0.1002078577876091,0.1620931178331375,-0.00024881932768039405,-0.0003120253386441618,-0.09372261166572571,-0.15330733358860016,9.825285815168172e-05,2.0,2.0,2.0,2.0,0.059794921427965164,0.08432617038488388,-0.06286133080720901,-0.08739257603883743,0.0,0.04145954176783562,0.08005593717098236,-0.04179897904396057,-0.0803961530327797,0.0,-0.5072520971298218,-0.8494361042976379,-9.772865295410156,0.07126199454069138,-0.010616708546876907,-0.8812510967254639,0.0,0.0,0.0,0.0,0.0,0.0,0.0,0.0,0.0,0.0,0.0,0.0,0.06025516614317894,0.075910784304142,-0.06061224639415741,-0.07626822590827942,0.0649540051817894,0.05388960242271423,0.04827043414115906,0.05836605280637741,-0.2076527178287506,0.03181280568242073,0.0065278466790914536,0.0,0.0,0.0,0.0,0.0,0.0,0.0
7086251295,0,-0.0029005103278905153,-0.03831158205866814,-0.13031570613384247,6.569455581484362e-05,-0.04113857448101044,-0.27125126123428345,-0.022083822637796402,0.005551589652895927,-0.008268099278211594,0.005932439584285021,-0.005654013250023127,-0.14093555510044098,-0.011863915249705315,-0.020278550684452057,-0.004548381548374891,0.0,0.0,-0.0047828578390181065,-0.0026672938838601112,-0.0019504105439409614,0.0018588424427434802,0.0952640250325203,0.1599372774362564,-0.00013937104085925967,0.34301289916038513,-0.045470867305994034,-4.869053840637207,0.09696706384420395,0.1650739312171936,-0.0018443004228174686,-0.00030340070952661335,-0.0937822088599205,-0.15368370711803436,0.00011494768841657788,2.0,2.0,2.0,2.0,0.06132812425494194,0.0827929675579071,-0.06132812425494194,-0.08585937321186066,0.0,0.05245767906308174,0.06856367737054825,-0.052787911146879196,-0.06889425218105316,0.0,-0.5072520971298218,-0.8494361042976379,-9.772865295410156,0.07045053690671921,-0.022663531824946404,-0.8847711086273193,0.0,0.0,0.0,0.0,0.0,0.0,0.0,0.0,0.0,0.0,0.0,0.0,0.057908810675144196,0.07563582062721252,-0.05825956165790558,-0.07598697394132614,0.06582481414079666,0.05538730323314667,0.048644304275512695,0.058684833347797394,0.049103423953056335,-0.1491132229566574,0.05778725445270538,0.0,0.0,0.0,0.0,0.0,0.0,0.0
7096019779,0,-0.0029005103278905153,-0.03831158205866814,-0.13031570613384247,6.569455581484362e-05,-0.04113857448101044,-0.2732512652873993,-0.022083822637796402,0.005551589652895927,-0.008268099278211594,0.005689145531505346,-0.005747064016759396,-0.14288842678070068,-0.011863915249705315,-0.020278550684452057,-0.004548381548374891,0.0,0.0,-0.0047828578390181065,-0.0026672938838601112,-0.0019504105439409614,0.0018588424427434802,0.0952640250325203,0.1599372774362564,-0.00013937104085925967,0.34301289916038513,-0.045470867305994034,-4.869053840637207,0.09696706384420395,0.1650739312171936,-0.0018443004228174686,-0.00030340070952661335,-0.09388614445924759,-0.15406683087348938,0.00017030815070029348,2.0,2.0,2.0,2.0,0.059794921427965164,0.0827929675579071,-0.06132812425494194,-0.08432617038488388,0.0,0.05245767906308174,0.06856367737054825,-0.052787911146879196,-0.06889425218105316,0.0,-0.5072520971298218,-0.8494361042976379,-9.772865295410156,0.06222371757030487,-0.038782648742198944,-0.88978511095047,0.0,0.0,0.0,0.0,0.0,0.0,0.0,0.0,0.0,0.0,0.0,0.0,0.05524159595370293,0.07472574710845947,-0.055585868656635284,-0.07507044821977615,0.06709348410367966,0.05375031754374504,0.05012201517820358,0.058174341917037964,0.049103423953056335,-0.1491132229566574,0.05778725445270538,0.0,0.0,0.0,0.0,0.0,0.0,0.0
7105914479,0,-0.002778863999992609,-0.038265056908130646,-0.1303628385066986,6.569455581484362e-05,-0.04113857448101044,-0.2732512652873993,-0.018198493868112564,0.013492371886968613,-0.00971689261496067,0.005689145531505346,-0.005747064016759396,-0.14288842678070068,-0.011850141920149326,-0.020500442013144493,-0.004471825435757637,0.0,0.0,-0.0047828578390181065,0.0022546248510479927,0.00025384206674061716,0.0030312794260680676,0.09431622922420502,0.1617433875799179,-0.0002585046458989382,0.34301289916038513,-0.045470867305994034,-4.869053840637207,0.09696706384420395,0.1650739312171936,-0.0018443004228174686,-0.00030340070952661335,-0.09383894503116608,-0.1542769819498062,0.00022666112636215985,2.0,2.0,2.0,2.0,0.059794921427965164,0.08125976473093033,-0.059794921427965164,-0.0827929675579071,0.0,0.05245767906308174,0.06856367737054825,-0.052787911146879196,-0.06889425218105316,0.0,-0.7298303842544556,-0.6328997015953064,-9.678243637084961,0.06222371757030487,-0.038782648742198944,-0.88978511095047,0.0,0.0,0.0,0.0,0.0,0.0,0.0,0.0,0.0,0.0,0.0,0.0,0.05341612175107002,0.07314109057188034,-0.05375461280345917,-0.0734800174832344,0.06825175136327744,0.05400000885128975,0.05152042210102081,0.059243086725473404,0.2528765797615051,0.015027914196252823,0.08266216516494751,0.0,0.0,0.0,0.0,0.0,0.0,0.0
7115856954,0,-0.00272168661467731,-0.03823675215244293,-0.1303747594356537,6.569455581484362e-05,-0.04113857448101044,-0.2742512822151184,-0.021555842831730843,-0.0042185913771390915,-0.006526593118906021,0.005574790295213461,-0.005803673528134823,-0.14387652277946472,-0.011777286417782307,-0.02022610232234001,-0.004438010044395924,0.0,0.0,-0.0047828578390181065,0.0057642958126962185,0.0040764459408819675,0.0018268334679305553,0.09327535331249237,0.16134627163410187,-0.00033721738145686686,0.4116588234901428,2.123950980603695e-05,-5.125875473022461,0.08464991301298141,0.15327101945877075,-0.0009957177098840475,-0.00030033179791644216,-0.09383894503116608,-0.1542769819498062,0.00022666112636215985,2.0,2.0,2.0,2.0,0.059794921427965164,0.07819335907697678,-0.05826171860098839,-0.08125976473093033,0.0,0.07267620414495468,0.0726686492562294,-0.07300349324941635,-0.07299596071243286,0.0,0.20060297846794128,0.658501386642456,-9.829716682434082,0.06847670674324036,-0.003368990495800972,-0.9216235876083374,0.0,0.0,0.0,0.0,0.0,0.0,0.0,0.0,0.0,0.0,0.0,0.0,0.053274184465408325,0.07170644402503967,-0.05360817164182663,-0.072040855884552,0.06825175136327744,0.05400000885128975,0.05152042210102081,0.059243086725473404,0.16889651119709015,0.2606761157512665,-0.028395459055900574,0.0,0.0,0.0,0.0,0.0,0.0,0.0
7126194904,0,-0.0025819027796387672,-0.03811360523104668,-0.1304064840078354,6.569455581484362e-05,-0.04113857448101044,-0.27625125646591187,-0.02503892220556736,-0.006134875118732452,-0.0071541196666657925,0.0052952212281525135,-0.006049968767911196,-0.14584477245807648,-0.011737676337361336,-0.020250732079148293,-0.004421712830662727,0.0,0.0,-0.0047828578390181065,0.0057642958126962185,0.0040764459408819675,0.0018268334679305553,0.09327535331249237,0.16134627163410187,-0.00033721738145686686,0.4116588234901428,2.123950980603695e-05,-5.125875473022461,0.08464991301298141,0.15327101945877075,-0.0009957177098840475,-0.00030033179791644216,-0.09383894503116608,-0.1542769819498062,0.00022666112636215985,2.0,2.0,2.0,2.0,0.05826171860098839,0.07666015625,-0.05826171860098839,-0.08125976473093033,0.0,0.07267620414495468,0.0726686492562294,-0.07300349324941635,-0.07299596071243286,0.0,0.36443498730659485,1.1547092199325562,-9.997391700744629,0.07484705746173859,3.861729055643082e-06,-0.9319773316383362,0.0,0.0,0.0,0.0,0.0,0.0,0.0,0.0,0.0,0.0,0.0,0.0,0.055851858109235764,0.07098904997110367,-0.056182533502578735,-0.07132008671760559,0.06825175136327744,0.05400000885128975,0.05152042210102081,0.059243086725473404,0.16889651119709015,0.2606761157512665,-0.028395459055900574,0.0,0.0,0.0,0.0,0.0,0.0,0.0
7136390797,0,-0.0025819027796387672,-0.03811360523104668,-0.1304064840078354,6.569455581484362e-05,-0.04113857448101044,-0.27625125646591187,-0.02503892220556736,-0.006134875118732452,-0.0071541196666657925,0.0052952212281525135,-0.006049968767911196,-0.14584477245807648,-0.011737676337361336,-0.020250732079148293,-0.004421712830662727,0.0,0.0,-0.0047828578390181065,0.002614762634038925,-0.0017072285991162062,-0.00015088090731296688,0.09210317581892014,0.159954234957695,-0.0002798386267386377,0.2940741181373596,-0.22013382613658905,-5.0303635597229,0.09136046469211578,0.16660891473293304,0.0013294740347191691,-0.0003015260735992342,-0.09369271993637085,-0.1545935869216919,0.00029584625735878944,2.0,2.0,2.0,2.0,0.05672851577401161,0.07512695342302322,-0.05672851577401161,-0.07972656190395355,0.0,0.01290740817785263,0.09086106717586517,-0.0132351815700531,-0.09119018912315369,0.0,0.36443498730659485,1.1547092199325562,-9.997391700744629,0.07484705746173859,3.861729055643082e-06,-0.9319773316383362,0.0,0.0,0.0,0.0,0.0,0.0,0.0,0.0,0.0,0.0,0.0,0.0,0.05746689811348915,0.07178541272878647,-0.057795338332653046,-0.07211418449878693,0.06657321751117706,0.05623301491141319,0.050581853836774826,0.060888517647981644,-0.09793483465909958,-0.13745851814746857,-0.11330650746822357,0.0,0.0,0.0,0.0,0.0,0.0,0.0
7145873319,0,-0.0024534533731639385,-0.038022253662347794,-0.13045112788677216,6.569455581484362e-05,-0.04113857448101044,-0.2782512903213501,-0.0256086066365242,-0.003094807267189026,-0.007291273679584265,0.005038321018218994,-0.0062326728366315365,-0.14780016243457794,-0.011850807815790176,-0.020478954538702965,-0.004533317871391773,0.0,0.0,-0.0047828578390181065,-0.00023421568039339036,0.0009750324534252286,-0.0021657845936715603,0.09419450163841248,0.1628103405237198,-0.00015381591219920665,0.2940741181373596,-0.22013382613658905,-5.0303635597229,0.09136046469211578,0.16660891473293304,0.0013294740347191691,-0.0003015260735992342,-0.09364285320043564,-0.15479835867881775,0.0002960163983516395,2.0,2.0,2.0,2.0,0.05672851577401161,0.07359375059604645,-0.055195312947034836,-0.07972656190395355,0.0,0.01290740817785263,0.09086106717586517,-0.0132351815700531,-0.09119018912315369,0.0,-0.8747275471687317,-0.843961775302887,-9.752012252807617,0.07540374249219894,-0.006374211050570011,-0.9474380612373352,0.0,0.0,0.0,0.0,0.0,0.0,0.0,0.0,0.0,0.0,0.0,0.0,0.052796002477407455,0.07485780119895935,-0.053123194724321365,-0.07518544793128967,0.06602874398231506,0.05652135610580444,0.048644304275512695,0.06095094233751297,-0.17317238450050354,0.05887558311223984,-0.16894808411598206,0.0,0.0,0.0,0.0,0.0,0.0,0.0
7156486368,0,-0.0024534533731639385,-0.038022253662347794,-0.13045112788677216,6.569455581484362e-05,-0.04113857448101044,-0.2782512903213501,-0.0256086066365242,-0.003094807267189026,-0.007291273679584265,0.005038321018218994,-0.0062326728366315365,-0.14780016243457794,-0.011850807815790176,-0.020478954538702965,-0.004533317871391773,0.0,0.0,-0.0047828578390181065,-0.00023421568039339036,0.0009750324534252286,-0.0021657845936715603,0.09419450163841248,0.1628103405237198,-0.00015381591219920665,0.4147205948829651,-0.0350581593811512,-5.210909366607666,0.09540203958749771,0.15986201167106628,0.0033749775029718876,-0.00030201979097910225,-0.09369008988142014,-0.15525132417678833,0.0002020619431277737,2.0,2.0,2.0,2.0,0.05672851577401161,0.07359375059604645,-0.055195312947034836,-0.07819335907697678,0.0,0.06700145453214645,0.0794297456741333,-0.06733047962188721,-0.07975907623767853,0.0,-0.8747275471687317,-0.843961775302887,-9.752012252807617,0.07540374249219894,-0.006374211050570011,-0.9474380612373352,0.0,0.0,0.0,0.0,0.0,0.0,0.0,0.0,0.0,0.0,0.0,0.0,0.04563372954726219,0.07879453152418137,-0.04596046730875969,-0.0791219100356102,0.06695219874382019,0.058604639023542404,0.04872049763798714,0.0624513104557991,-0.17317238450050354,0.05887558311223984,-0.16894808411598206,0.0,0.0,0.0,0.0,0.0,0.0,0.0
7166041867,0,-0.002340814797207713,-0.03795883059501648,-0.13050836324691772,6.569455581484362e-05,-0.04113857448101044,-0.28025126457214355,-0.024169107899069786,0.0045975372195243835,-0.008741391822695732,0.004813042934983969,-0.006359519436955452,-0.14974290132522583,-0.012013518251478672,-0.02067927084863186,-0.004455161280930042,0.0,0.0,-0.0047828578390181065,-0.002270600525662303,-0.0021839963737875223,-0.0012011108919978142,0.09560883790254593,0.16301923990249634,-0.00021213632135186344,0.3965834379196167,-0.12095186859369278,-5.238043308258057,0.10125693678855896,0.16073989868164062,0.0023944200947880745,-0.00029744385392405093,-0.09369008988142014,-0.15525132417678833,0.0002020619431277737,2.0,2.0,2.0,2.0,0.055195312947034836,0.07359375059604645,-0.055195312947034836,-0.07666015625,0.0,0.04858269542455673,0.09145394712686539,-0.04890639707446098,-0.09177862852811813,0.0,-0.8068116307258606,-0.1941104531288147,-9.763635635375977,0.07210607826709747,-0.021991249173879623,-0.9523714780807495,0.0,0.0,0.0,0.0,0.0,0.0,0.0,0.0,0.0,0.0,0.0,0.0,0.04270901530981064,0.08192992210388184,-0.04303564876317978,-0.08225730061531067,0.06695219874382019,0.058604639023542404,0.04872049763798714,0.0624513104557991,-0.007640127558261156,-0.056834615767002106,0.03637082874774933,0.0,0.0,0.0,0.0,0.0,0.0,0.0
7176278756,0,-0.002340814797207713,-0.03795883059501648,-0.13050836324691772,6.569455581484362e-05,-0.04113857448101044,-0.2822512984275818,-0.024169107899069786,0.0045975372195243835,-0.008741391822695732,0.00462819030508399,-0.0064812107011675835,-0.1516939401626587,-0.012013518251478672,-0.02067927084863186,-0.004455161280930042,0.0,0.0,-0.0047828578390181065,-0.002270600525662303,-0.0021839963737875223,-0.0012011108919978142,0.09560883790254593,0.16301923990249634,-0.00021213632135186344,0.34551727771759033,-0.08178430050611496,-5.328192234039307,0.09496729075908661,0.16492903232574463,0.0006180034251883626,-0.00029333552811294794,-0.09376468509435654,-0.15563303232192993,0.0001354385749436915,2.0,2.0,2.0,2.0,0.055195312947034836,0.07206054776906967,-0.055195312947034836,-0.07512695342302322,0.0,0.046479154378175735,0.07544908672571182,-0.04679834842681885,-0.0757688581943512,0.0,-0.8068116307258606,-0.1941104531288147,-9.763635635375977,0.060928765684366226,-0.033454135060310364,-0.9590837955474854,0.0,0.0,0.0,0.0,0.0,0.0,0.0,0.0,0.0,0.0,0.0,0.0,0.043107107281684875,0.08393635600805283,-0.043433185666799545,-0.08426322042942047,0.06850255280733109,0.05687723681330681,0.05103059113025665,0.06111488118767738,-0.007640127558261156,-0.056834615767002106,0.03637082874774933,0.0,0.0,0.0,0.0,0.0,0.0,0.0
7186008373,0,-0.002248388947919011,-0.0378979854285717,-0.1305573582649231,6.569455581484362e-05,-0.04113857448101044,-0.2832512855529785,-0.018730444833636284,0.010152743197977543,-0.009798774495720863,0.004597747698426247,-0.006459417287260294,-0.15267150104045868,-0.011799726635217667,-0.0206253994256258,-0.00447205500677228,0.0,0.0,-0.0047828578390181065,0.002228908007964492,0.002855709521099925,-0.00023862702073529363,0.09539246559143066,0.16373348236083984,-0.0001429813273716718,0.34551727771759033,-0.08178430050611496,-5.328192234039307,0.09496729075908661,0.16492903232574463,0.0006180034251883626,-0.00029333552811294794,-0.0937071293592453,-0.15579171478748322,0.00012936817074660212,2.0,2.0,2.0,2.0,0.052128907293081284,0.07359375059604645,-0.05366211012005806,-0.07666015625,0.0,0.046479154378175735,0.07544908672571182,-0.04679834842681885,-0.0757688581943512,0.0,-0.9384759664535522,-0.7916125059127808,-9.729836463928223,0.0711214542388916,-0.010135849937796593,-0.9951149225234985,0.0,0.0,0.0,0.0,0.0,0.0,0.0,0.0,0.0,0.0,0.0,0.0,0.04402216523885727,0.08409535139799118,-0.04434690624475479,-0.08442086726427078,0.0683552697300911,0.057926204055547714,0.05251230299472809,0.0631166324019432,0.2568645775318146,0.23254308104515076,0.06286687403917313,0.0,0.0,0.0,0.0,0.0,0.0,0.0
7196098141,0,-0.002233167877420783,-0.0379088819026947,-0.13057978451251984,6.569455581484362e-05,-0.04113857448101044,-0.2832512855529785,-0.02395867183804512,-0.0014208137290552258,-0.006179703865200281,0.004597747698426247,-0.006459417287260294,-0.15267150104045868,-0.011723266914486885,-0.02038702927529812,-0.004426107741892338,0.0,0.0,-0.0047828578390181065,0.005298801697790623,-0.0025225572753697634,0.0006190371932461858,0.09123726189136505,0.16122426092624664,-0.0002837816718965769,0.3911679983139038,-0.055747173726558685,-5.473132133483887,0.08359893411397934,0.16767890751361847,-0.0009536605793982744,-0.00028352494700811803,-0.09362808614969254,-0.15601368248462677,0.00014160637510940433,2.0,2.0,2.0,2.0,0.05059570446610451,0.07359375059604645,-0.052128907293081284,-0.07666015625,0.0,0.05917505547404289,0.0789320170879364,-0.05948374792933464,-0.07924117892980576,0.0,0.5201097130775452,0.9308652877807617,-9.764885902404785,0.0711214542388916,-0.010135849937796593,-0.9951149225234985,0.0,0.0,0.0,0.0,0.0,0.0,0.0,0.0,0.0,0.0,0.0,0.0,0.04551126807928085,0.08273874968290329,-0.04583384096622467,-0.0830620527267456,0.0696026161313057,0.05632254108786583,0.05249319598078728,0.061389897018671036,0.1947515606880188,-0.15590214729309082,0.07009764015674591,0.0,0.0,0.0,0.0,0.0,0.0,0.0
7205847357,0,-0.002233167877420783,-0.0379088819026947,-0.13057978451251984,6.569455581484362e-05,-0.04113857448101044,-0.2832512855529785,-0.02395867183804512,-0.0014208137290552258,-0.006179703865200281,0.004597747698426247,-0.006459417287260294,-0.15267150104045868,-0.011723266914486885,-0.02038702927529812,-0.004426107741892338,0.0,0.0,-0.0047828578390181065,0.005298801697790623,-0.0025225572753697634,0.0006190371932461858,0.09123726189136505,0.16122426092624664,-0.0002837816718965769,0.3911679983139038,-0.055747173726558685,-5.473132133483887,0.08359893411397934,0.16767890751361847,-0.0009536605793982744,-0.00028352494700811803,-0.09354490041732788,-0.15616077184677124,0.00015436587273143232,2.0,2.0,2.0,2.0,0.04906250163912773,0.07512695342302322,-0.05059570446610451,-0.07819335907697678,0.0,0.05917505547404289,0.0789320170879364,-0.05948374792933464,-0.07924117892980576,0.0,0.5201097130775452,0.9308652877807617,-9.764885902404785,0.0711214542388916,-0.010135849937796593,-0.9951149225234985,0.0,0.0,0.0,0.0,0.0,0.0,0.0,0.0,0.0,0.0,0.0,0.0,0.04817928001284599,0.08120844513177872,-0.04849871248006821,-0.08152852952480316,0.0685218796133995,0.05821877345442772,0.05231592431664467,0.06300956010818481,0.1947515606880188,-0.15590214729309082,0.07009764015674591,0.0,0.0,0.0,0.0,0.0,0.0,0.0
7215954870,0,-0.002119341865181923,-0.03784424439072609,-0.13062693178653717,6.569455581484362e-05,-0.04113857448101044,-0.28525128960609436,-0.0261224377900362,-0.006107975263148546,-0.007962740026414394,0.004370094742625952,-0.006588693242520094,-0.1546243578195572,-0.011750142090022564,-0.020654071122407913,-0.0044305999763309956,0.0,0.0,-0.0047828578390181065,-0.00509895384311676,0.005488571710884571,-0.0014379927888512611,0.09194763004779816,0.16173987090587616,-0.00012056842388119549,0.26562291383743286,-0.21703970432281494,-5.510022163391113,0.09612886607646942,0.1646604984998703,-0.0003638923808466643,-0.00027709497953765094,-0.09354490041732788,-0.15616077184677124,0.00015436587273143232,2.0,2.0,2.0,2.0,0.04906250163912773,0.07512695342302322,-0.05059570446610451,-0.07972656190395355,0.0,0.008437891490757465,0.08527622371912003,-0.008739087730646133,-0.08557850867509842,0.0,0.44149237871170044,1.0353375673294067,-9.89957046508789,0.0749041885137558,-0.0010058158077299595,-0.9964885115623474,0.0,0.0,0.0,0.0,0.0,0.0,0.0,0.0,0.0,0.0,0.0,0.0,0.049179866909980774,0.08032842725515366,-0.049495428800582886,-0.08064459264278412,0.0685218796133995,0.05821877345442772,0.05231592431664467,0.06300956010818481,-0.28710949420928955,0.28438252210617065,-0.07625535130500793,0.0,0.0,0.0,0.0,0.0,0.0,0.0
7225916011,0,-0.002007763832807541,-0.03785255551338196,-0.1307242512702942,6.569455581484362e-05,-0.04113857448101044,-0.28825128078460693,-0.011640647426247597,0.011315573938190937,-0.007697560358792543,0.004146937746554613,-0.006572070997208357,-0.15752702951431274,-0.011631814762949944,-0.020259801298379898,-0.004471162334084511,0.0,0.0,-0.0047828578390181065,-0.00509895384311676,0.005488571710884571,-0.0014379927888512611,0.0924520418047905,0.16106918454170227,-0.0002326176327187568,0.42067351937294006,0.0051270658150315285,-5.420934677124023,0.10272307693958282,0.15344741940498352,0.0019347445340827107,-0.00027398430393077433,-0.09354490041732788,-0.15616077184677124,0.00015436587273143232,2.0,2.0,2.0,2.0,0.04906250163912773,0.07666015625,-0.05059570446610451,-0.0827929675579071,0.0,0.07519357651472092,0.07337585836648941,-0.07549221813678741,-0.07367446273565292,0.0,0.44149237871170044,1.0353375673294067,-9.89957046508789,0.04569356143474579,-0.03594284504652023,-1.0221811532974243,0.0,0.0,0.0,0.0,0.0,0.0,0.0,0.0,0.0,0.0,0.0,0.0,0.04757412523031235,0.07996697723865509,-0.04788535460829735,-0.08027879893779755,0.0685218796133995,0.05821877345442772,0.05231592431664467,0.06300956010818481,-0.28710949420928955,0.28438252210617065,-0.07625535130500793,0.0,0.0,0.0,0.0,0.0,0.0,0.0
7237071074,0,-0.002007763832807541,-0.03785255551338196,-0.1307242512702942,6.569455581484362e-05,-0.04113857448101044,-0.28825128078460693,-0.011640647426247597,0.011315573938190937,-0.007697560358792543,0.004146937746554613,-0.006572070997208357,-0.15752702951431274,-0.011631814762949944,-0.020259801298379898,-0.004471162334084511,0.0,0.0,-0.0047828578390181065,-0.0037423940375447273,0.0006289586890488863,-0.0005538847763091326,0.09381911158561707,0.16425754129886627,-0.0002140719152521342,0.42067351937294006,0.0051270658150315285,-5.420934677124023,0.10272307693958282,0.15344741940498352,0.0019347445340827107,-0.00027398430393077433,-0.09365294873714447,-0.15661895275115967,0.000105790670204442,2.0,2.0,2.0,2.0,0.04906250163912773,0.07819335907697678,-0.05059570446610451,-0.08432617038488388,0.0,0.07519357651472092,0.07337585836648941,-0.07549221813678741,-0.07367446273565292,0.0,0.5979521870613098,1.2775558233261108,-9.70059871673584,0.04569356143474579,-0.03594284504652023,-1.0221811532974243,0.0,0.0,0.0,0.0,0.0,0.0,0.0,0.0,0.0,0.0,0.0,0.0,0.04880138114094734,0.07912195473909378,-0.049108270555734634,-0.07942938059568405,0.06990384310483932,0.05948411300778389,0.05199514701962471,0.06378795951604843,-0.14458304643630981,-0.0981210395693779,0.0037954626604914665,0.0,0.0,0.0,0.0,0.0,0.0,0.0
7246416306,0,-0.0019110547145828605,-0.03780364617705345,-0.1307660937309265,6.569455581484362e-05,-0.04113857448101044,-0.28925129771232605,-0.02302347496151924,-0.000456339301308617,-0.010444015264511108,0.003953518345952034,-0.006669890135526657,-0.15848520398139954,-0.011998569592833519,-0.02069549448788166,-0.00441734166815877,0.0,0.0,-0.0047828578390181065,0.007016780320554972,-0.003690218087285757,-0.001257426803931594,0.09381911158561707,0.16425754129886627,-0.0002140719152521342,0.3736000657081604,-0.06836602836847305,-5.55001163482666,0.08979471772909164,0.16481459140777588,0.0016870689578354359,-0.00026592324138619006,-0.09365294873714447,-0.15661895275115967,0.000105790670204442,2.0,2.0,2.0,2.0,0.04906250163912773,0.07819335907697678,-0.05059570446610451,-0.08432617038488388,0.0,0.05383974686264992,0.07806402444839478,-0.054129235446453094,-0.07835397124290466,0.0,-0.855985164642334,-0.6075997948646545,-9.959957122802734,0.067927286028862,-0.012430187314748764,-1.0090930461883545,0.0,0.0,0.0,0.0,0.0,0.0,0.0,0.0,0.0,0.0,0.0,0.0,0.053289949893951416,0.07786231487989426,-0.053592756390571594,-0.07816556096076965,0.06990384310483932,0.05948411300778389,0.05199514701962471,0.06378795951604843,0.28139111399650574,-0.20133183896541595,-0.015085477381944656,0.0,0.0,0.0,0.0,0.0,0.0,0.0
7255856925,0,-0.0019110547145828605,-0.03780364617705345,-0.1307660937309265,6.569455581484362e-05,-0.04113857448101044,-0.2912513017654419,-0.02302347496151924,-0.000456339301308617,-0.010444015264511108,0.0037484595086425543,-0.006768327672034502,-0.16042540967464447,-0.011998569592833519,-0.02069549448788166,-0.00441734166815877,0.0,0.0,-0.0047828578390181065,0.007016780320554972,-0.003690218087285757,-0.001257426803931594,0.09381911158561707,0.16425754129886627,-0.0002140719152521342,0.28712907433509827,-0.17355118691921234,-5.7202301025390625,0.0795222595334053,0.16919082403182983,0.0011387476697564125,-0.0002606571651995182,-0.09365294873714447,-0.15661895275115967,0.000105790670204442,2.0,2.0,2.0,2.0,0.04906250163912773,0.07972656190395355,-0.05059570446610451,-0.0827929675579071,0.0,0.019937576726078987,0.08138568699359894,-0.02022096887230873,-0.08166994899511337,0.0,-1.0287139415740967,-0.9447181820869446,-9.950493812561035,0.05983731150627136,-0.019983012229204178,-1.0330644845962524,0.0,0.0,0.0,0.0,0.0,0.0,0.0,0.0,0.0,0.0,0.0,0.0,0.055020060390233994,0.0772169828414917,-0.055318545550107956,-0.0775158554315567,0.06990384310483932,0.05948411300778389,0.05199514701962471,0.06378795951604843,0.28139111399650574,-0.20133183896541595,-0.015085477381944656,0.0,0.0,0.0,0.0,0.0,0.0,0.0
7265675802,0,-0.001808525761589408,-0.03775442764163017,-0.13082589209079742,6.569455581484362e-05,-0.04113857448101044,-0.2922512888908386,-0.01922679878771305,0.0031623332761228085,-0.009346989914774895,0.0037649059668183327,-0.006701212376356125,-0.16138826310634613,-0.011533794924616814,-0.020794976502656937,-0.004544791765511036,0.0,0.0,-0.0047828578390181065,0.0061240713112056255,0.0013336450792849064,-0.0017857905477285385,0.09337865561246872,0.16441261768341064,-7.543083484051749e-05,0.28712907433509827,-0.17355118691921234,-5.7202301025390625,0.0795222595334053,0.16919082403182983,0.0011387476697564125,-0.0002606571651995182,-0.09350161254405975,-0.15699943900108337,5.650109960697591e-05,2.0,2.0,2.0,2.0,0.04906250163912773,0.07819335907697678,-0.05059570446610451,-0.08125976473093033,0.0,0.019937576726078987,0.08138568699359894,-0.02022096887230873,-0.08166994899511337,0.0,-1.0287139415740967,-0.9447181820869446,-9.950493812561035,0.06182096153497696,-0.021761547774076462,-1.0596275329589844,0.0,0.0,0.0,0.0,0.0,0.0,0.0,0.0,0.0,0.0,0.0,0.0,0.050961244851350784,0.0775156021118164,-0.05125510320067406,-0.0778098851442337,0.06895728409290314,0.06023252010345459,0.05194782465696335,0.06537918746471405,0.1496061235666275,0.1514841914176941,-0.02691412903368473,0.0,0.0,0.0,0.0,0.0,0.0,0.0
7276025108,0,-0.0018167489906772971,-0.03778798505663872,-0.1308630257844925,6.569455581484362e-05,-0.04113857448101044,-0.2922512888908386,-0.020207103341817856,0.004164192359894514,-0.006980681326240301,0.0037649059668183327,-0.006701212376356125,-0.16138826310634613,-0.011577150784432888,-0.020465340465307236,-0.004529909696429968,0.0,0.0,-0.0047828578390181065,0.0021698023192584515,0.0014313015853986144,-0.0002783607051242143,0.08974982053041458,0.1616992950439453,-0.00013272187788970768,0.3400152921676636,-0.11968851089477539,-5.827951431274414,0.08935976773500443,0.15985333919525146,-0.0002964221639558673,-0.0002485810546204448,-0.09350161254405975,-0.15699943900108337,5.650109960697591e-05,2.0,2.0,2.0,2.0,0.05059570446610451,0.07819335907697678,-0.05059570446610451,-0.07972656190395355,0.0,0.038823287934064865,0.08121906965970993,-0.039093706756830215,-0.0814901664853096,0.0,0.3348510265350342,1.2000176906585693,-9.616026878356934,0.06182096153497696,-0.021761547774076462,-1.0596275329589844,0.0,0.0,0.0,0.0,0.0,0.0,0.0,0.0,0.0,0.0,0.0,0.0,0.04411159083247185,0.07836891710758209,-0.044400643557310104,-0.07865848392248154,0.06895728409290314,0.06023252010345459,0.05194782465696335,0.06537918746471405,-0.1779748797416687,0.04146503284573555,0.06542323529720306,0.0,0.0,0.0,0.0,0.0,0.0,0.0
7285915916,0,-0.0018167489906772971,-0.03778798505663872,-0.1308630257844925,6.569455581484362e-05,-0.04113857448101044,-0.2922512888908386,-0.020207103341817856,0.004164192359894514,-0.006980681326240301,0.0037649059668183327,-0.006701212376356125,-0.16138826310634613,-0.011577150784432888,-0.020465340465307236,-0.004529909696429968,0.0,0.0,-0.0047828578390181065,0.0021698023192584515,0.0014313015853986144,-0.0002783607051242143,0.08974982053041458,0.1616992950439453,-0.00013272187788970768,0.3400152921676636,-0.11968851089477539,-5.827951431274414,0.08935976773500443,0.15985333919525146,-0.0002964221639558673,-0.0002485810546204448,-0.09336008876562119,-0.1573045402765274,2.3691842216067016e-05,2.0,2.0,2.0,2.0,0.04906250163912773,0.07666015625,-0.05059570446610451,-0.07819335907697678,0.0,0.038823287934064865,0.08121906965970993,-0.039093706756830215,-0.0814901664853096,0.0,0.3348510265350342,1.2000176906585693,-9.616026878356934,0.06182096153497696,-0.021761547774076462,-1.0596275329589844,0.0,0.0,0.0,0.0,0.0,0.0,0.0,0.0,0.0,0.0,0.0,0.0,0.03889577463269234,0.0793222039937973,-0.03917962685227394,-0.07960665225982666,0.06895728409290314,0.06023252010345459,0.05194782465696335,0.06537918746471405,-0.1779748797416687,0.04146503284573555,0.06542323529720306,0.0,0.0,0.0,0.0,0.0,0.0,0.0
7295777235,0,-0.0017335274023935199,-0.037635013461112976,-0.1309497207403183,6.569455581484362e-05,-0.04113857448101044,-0.2952513098716736,-0.017170386388897896,0.014583966694772243,-0.008565898984670639,0.0035984618589282036,-0.00700715696439147,-0.16430158913135529,-0.011760051362216473,-0.02064397558569908,-0.0044095818884670734,0.0,0.0,-0.0047828578390181065,-0.0062745618633925915,-0.0009851796785369515,0.0031840542796999216,0.09346878528594971,0.16412444412708282,-0.0003022382443305105,0.39778944849967957,-0.0826377123594284,-5.785794258117676,0.10304498672485352,0.16675744950771332,-0.0035128481686115265,-0.00023872149176895618,-0.09338969737291336,-0.15741245448589325,6.88648724462837e-05,2.0,2.0,2.0,2.0,0.05059570446610451,0.07666015625,-0.052128907293081284,-0.07666015625,0.0,0.05561041086912155,0.08490053564310074,-0.05587029829621315,-0.08516096323728561,0.0,0.14637050032615662,1.1222755908966064,-9.611530303955078,0.055455662310123444,-0.043197453022003174,-1.0719999074935913,0.0,0.0,0.0,0.0,0.0,0.0,0.0,0.0,0.0,0.0,0.0,0.0,0.03709161654114723,0.0803108960390091,-0.037369947880506516,-0.08058987557888031,0.07287837564945221,0.058112144470214844,0.055828265845775604,0.06199302524328232,-0.33016422390937805,-0.16478297114372253,0.11368504166603088,0.0,0.0,0.0,0.0,0.0,0.0,0.0
7307104725,0,-0.0017335274023935199,-0.037635013461112976,-0.1309497207403183,6.569455581484362e-05,-0.04113857448101044,-0.2952513098716736,-0.017170386388897896,0.014583966694772243,-0.008565898984670639,0.0035984618589282036,-0.00700715696439147,-0.16430158913135529,-0.011760051362216473,-0.02064397558569908,-0.0044095818884670734,0.0,0.0,-0.0047828578390181065,-0.0062745618633925915,-0.0009851796785369515,0.0031840542796999216,0.09346878528594971,0.16412444412708282,-0.0003022382443305105,0.40402382612228394,-0.06743957102298737,-5.695209503173828,0.09987003356218338,0.16550090909004211,-0.0018328474834561348,-0.00023686926579102874,-0.09347815811634064,-0.15760158002376556,0.00012596056330949068,2.0,2.0,2.0,2.0,0.04906250163912773,0.07666015625,-0.04752929508686066,-0.07512695342302322,0.0,0.05940647050738335,0.08331137150526047,-0.05966437980532646,-0.08356970548629761,0.0,0.18746744096279144,1.0453708171844482,-9.648945808410645,0.055455662310123444,-0.043197453022003174,-1.0719999074935913,0.0,0.0,0.0,0.0,0.0,0.0,0.0,0.0,0.0,0.0,0.0,0.0,0.03902222961187363,0.08140090852975845,-0.03929483890533447,-0.08167417347431183,0.07287837564945221,0.058112144470214844,0.055828265845775604,0.06199302524328232,-0.33016422390937805,-0.16478297114372253,0.11368504166603088,0.0,0.0,0.0,0.0,0.0,0.0,0.0
7316248807,0,-0.0017224587500095367,-0.03754201531410217,-0.13103309273719788,6.569455581484362e-05,-0.04113857448101044,-0.29725131392478943,-0.016763966530561447,0.016949379816651344,-0.005342250689864159,0.0035763245541602373,-0.007193154189735651,-0.16621822118759155,-0.011599358171224594,-0.020642846822738647,-0.004473311360925436,0.0,0.0,-0.0047828578390181065,-0.0062745618633925915,-0.0009851796785369515,0.0031840542796999216,0.09363441169261932,0.16326101124286652,-0.00016998776118271053,0.40402382612228394,-0.06743957102298737,-5.695209503173828,0.09987003356218338,0.16550090909004211,-0.0018328474834561348,-0.00023686926579102874,-0.09354467689990997,-0.15798699855804443,0.0001622519048396498,2.0,2.0,2.0,2.0,0.04906250163912773,0.07666015625,-0.04752929508686066,-0.07512695342302322,0.0,0.05940647050738335,0.08331137150526047,-0.05966437980532646,-0.08356970548629761,0.0,0.18746744096279144,1.0453708171844482,-9.648945808410645,0.05445181578397751,-0.0482560358941555,-1.1146321296691895,0.0,0.0,0.0,0.0,0.0,0.0,0.0,0.0,0.0,0.0,0.0,0.0,0.04355805739760399,0.0823628306388855,-0.04382523149251938,-0.08263062685728073,0.07159703969955444,0.06297179311513901,0.054525382816791534,0.06732740253210068,-0.33016422390937805,-0.16478297114372253,0.11368504166603088,0.0,0.0,0.0,0.0,0.0,0.0,0.0
7325977503,0,-0.0017117568058893085,-0.037490230053663254,-0.13109008967876434,6.569455581484362e-05,-0.04113857448101044,-0.29825133085250854,-0.026202138513326645,-0.0023111822083592415,-0.01394476369023323,0.003554920433089137,-0.0072967251762747765,-0.1671612411737442,-0.011800418607890606,-0.02062542922794819,-0.004454800393432379,0.0,0.0,-0.0047828578390181065,0.0010726721957325935,0.0013587750727310777,-0.00041114597115665674,0.09363441169261932,0.16326101124286652,-0.00016998776118271053,0.4040043354034424,-0.05486666411161423,-5.797085285186768,0.09063214808702469,0.16064712405204773,0.0010978440986946225,-0.00023522147967014462,-0.09354467689990997,-0.15798699855804443,0.0001622519048396498,2.0,2.0,2.0,2.0,0.04752929508686066,0.07819335907697678,-0.04599609225988388,-0.07512695342302322,0.0,0.06163056567311287,0.08107864856719971,-0.0618867501616478,-0.08133517950773239,0.0,-0.7568643689155579,-1.0038892030715942,-10.132716178894043,0.0734553337097168,-0.009975757449865341,-1.0540155172348022,0.0,0.0,0.0,0.0,0.0,0.0,0.0,0.0,0.0,0.0,0.0,0.0,0.04881589859724045,0.08290793746709824,-0.04907861351966858,-0.08317121863365173,0.07159703969955444,0.06297179311513901,0.054525382816791534,0.06732740253210068,0.19295884668827057,0.1255103051662445,-0.06817539036273956,0.0,0.0,0.0,0.0,0.0,0.0,0.0
7335963297,0,-0.0016978320199996233,-0.03740096092224121,-0.13117635250091553,6.569455581484362e-05,-0.04113857448101044,-0.300251305103302,-0.025551609694957733,-0.0022095018066465855,-0.009750962257385254,0.0035270708613097668,-0.007475264370441437,-0.16907495260238647,-0.012036428786814213,-0.0206745658069849,-0.004496332723647356,0.0,0.0,-0.0047828578390181065,0.0010726721957325935,0.0013587750727310777,-0.00041114597115665674,0.09363441169261932,0.16326101124286652,-0.00016998776118271053,0.4040043354034424,-0.05486666411161423,-5.797085285186768,0.09063214808702469,0.16064712405204773,0.0010978440986946225,-0.00023522147967014462,-0.0935497134923935,-0.15826596319675446,0.0001477516780141741,2.0,2.0,2.0,2.0,0.04752929508686066,0.07972656190395355,-0.04599609225988388,-0.07666015625,0.0,0.06163056567311287,0.08107864856719971,-0.0618867501616478,-0.08133517950773239,0.0,-0.7568643689155579,-1.0038892030715942,-10.132716178894043,0.0718727856874466,-0.01033982913941145,-1.1026500463485718,0.0,0.0,0.0,0.0,0.0,0.0,0.0,0.0,0.0,0.0,0.0,0.0,0.05366382375359535,0.0829414650797844,-0.053923219442367554,-0.08320137113332748,0.07255248725414276,0.06212830916047096,0.05455292761325836,0.06570729613304138,0.19295884668827057,0.1255103051662445,-0.06817539036273956,0.0,0.0,0.0,0.0,0.0,0.0,0.0
7346535733,0,-0.0016978320199996233,-0.03740096092224121,-0.13117635250091553,6.569455581484362e-05,-0.04113857448101044,-0.300251305103302,-0.025551609694957733,-0.0022095018066465855,-0.009750962257385254,0.0035270708613097668,-0.007475264370441437,-0.16907495260238647,-0.012036428786814213,-0.0206745658069849,-0.004496332723647356,0.0,0.0,-0.0047828578390181065,-0.006432992406189442,-0.0009069325169548392,0.0002540037967264652,0.09622899442911148,0.16460849344730377,-0.00028918805764988065,0.39530032873153687,-0.056869059801101685,-6.0645751953125,0.10315586626529694,0.16681867837905884,-0.0003283467376604676,-0.00023133990180213004,-0.0935497134923935,-0.15826596319675446,0.0001477516780141741,2.0,2.0,2.0,2.0,0.04752929508686066,0.08125976473093033,-0.044462889432907104,-0.07972656190395355,0.0,0.059736549854278564,0.07989222556352615,-0.05998847261071205,-0.080144502222538,0.0,-0.6750677824020386,-0.8001945614814758,-10.02131175994873,0.0718727856874466,-0.01033982913941145,-1.1026500463485718,0.0,0.0,0.0,0.0,0.0,0.0,0.0,0.0,0.0,0.0,0.0,0.0,0.05743079632520676,0.08255947381258011,-0.05768777057528496,-0.08281690627336502,0.07255248725414276,0.06212830916047096,0.05455292761325836,0.06570729613304138,-0.2235468626022339,-0.07896535098552704,0.012891619466245174,0.0,0.0,0.0,0.0,0.0,0.0,0.0
7356170485,0,-0.0016978320199996233,-0.03740096092224121,-0.13117635250091553,6.569455581484362e-05,-0.04113857448101044,-0.300251305103302,-0.025551609694957733,-0.0022095018066465855,-0.009750962257385254,0.0035270708613097668,-0.007475264370441437,-0.16907495260238647,-0.012036428786814213,-0.0206745658069849,-0.004496332723647356,0.0,0.0,-0.0047828578390181065,-0.007003593258559704,-0.003872920759022236,-0.0004666347522288561,0.09622899442911148,0.16460849344730377,-0.00028918805764988065,0.31065163016319275,-0.18718783557415009,-6.217782497406006,0.1044066920876503,0.17151421308517456,0.0007032511639408767,-0.00022959764464758337,-0.09373417496681213,-0.15864773094654083,0.00013857174781151116,2.0,2.0,2.0,2.0,0.04906250163912773,0.08125976473093033,-0.04599609225988388,-0.08125976473093033,0.0,0.021702447906136513,0.08799514174461365,-0.0219520702958107,-0.08824567496776581,0.0,-0.6750677824020386,-0.8001945614814758,-10.02131175994873,0.0718727856874466,-0.01033982913941145,-1.1026500463485718,0.0,0.0,0.0,0.0,0.0,0.0,0.0,0.0,0.0,0.0,0.0,0.0,0.05804169923067093,0.08230795711278915,-0.05829664319753647,-0.08256333321332932,0.07284749299287796,0.06250084936618805,0.054350774735212326,0.06670406460762024,-0.1573985517024994,-0.1875547170639038,-0.029654378071427345,0.0,0.0,0.0,0.0,0.0,0.0,0.0
7366048037,0,-0.0016803182661533356,-0.037327300757169724,-0.13124939799308777,6.569455581484362e-05,-0.04113857448101044,-0.30225133895874023,-0.02378658764064312,0.0015263714594766498,-0.010177933610975742,0.0034920431207865477,-0.007622585631906986,-0.17100194096565247,-0.012056803330779076,-0.020850548520684242,-0.004465068224817514,0.0,0.0,-0.0047828578390181065,-0.004284425172954798,-0.005456832237541676,-0.00040709954919293523,0.09604836255311966,0.16602236032485962,-0.00021342033869586885,0.37524765729904175,-0.09955840557813644,-6.131025314331055,0.09876267611980438,0.17327691614627838,0.000406242732424289,-0.00022725357848685235,-0.09373417496681213,-0.15864773094654083,0.00013857174781151116,2.0,2.0,2.0,2.0,0.05059570446610451,0.08125976473093033,-0.04752929508686066,-0.0827929675579071,0.0,0.04863110929727554,0.08390957862138748,-0.048878416419029236,-0.08415745198726654,0.0,-0.34795770049095154,-0.5513866543769836,-9.99935245513916,0.06822684407234192,-0.0181015282869339,-1.1147319078445435,0.0,0.0,0.0,0.0,0.0,0.0,0.0,0.0,0.0,0.0,0.0,0.0,0.05463341623544693,0.08267141133546829,-0.05488637834787369,-0.08292484283447266,0.07284749299287796,0.06250084936618805,0.054350774735212326,0.06670406460762024,0.0841260775923729,-0.16457702219486237,-0.008049809373915195,0.0,0.0,0.0,0.0,0.0,0.0,0.0
7375972236,0,-0.0016423569759353995,-0.03727241978049278,-0.1313309669494629,6.569455581484362e-05,-0.04113857448101044,-0.3042513132095337,-0.021592238917946815,0.00606826227158308,-0.010200964286923409,0.0034161200746893883,-0.007732348050922155,-0.1729203462600708,-0.01171178836375475,-0.020858805626630783,-0.004477517679333687,0.0,0.0,-0.0047828578390181065,0.004875288810580969,-0.0018212361028417945,-0.00039808842120692134,0.09308704733848572,0.16583096981048584,-0.00021980830933898687,0.30507415533065796,-0.15066543221473694,-6.227378845214844,0.08360141515731812,0.16663040220737457,0.00044394383439794183,-0.00022472972341347486,-0.09378600865602493,-0.15889142453670502,0.00013326598855201155,2.0,2.0,2.0,2.0,0.05059570446610451,0.08125976473093033,-0.052128907293081284,-0.08432617038488388,0.0,0.027177080512046814,0.08052902668714523,-0.027421437203884125,-0.08077406883239746,0.0,-0.014851351268589497,0.8594163060188293,-9.721057891845703,0.06368273496627808,-0.027513055130839348,-1.1309125423431396,0.0,0.0,0.0,0.0,0.0,0.0,0.0,0.0,0.0,0.0,0.0,0.0,0.04961761459708214,0.08311115950345993,-0.04986852407455444,-0.08336260169744492,0.073076531291008,0.0622580423951149,0.05577072873711586,0.06743847578763962,0.46103477478027344,0.10217989981174469,-0.008550400845706463,0.0,0.0,0.0,0.0,0.0,0.0,0.0
7386772842,0,-0.0016423569759353995,-0.03727241978049278,-0.1313309669494629,6.569455581484362e-05,-0.04113857448101044,-0.3062513470649719,-0.021592238917946815,0.00606826227158308,-0.010200964286923409,0.0033386629074811935,-0.007803024724125862,-0.17481021583080292,-0.01171178836375475,-0.020858805626630783,-0.004477517679333687,0.0,0.0,-0.0047828578390181065,0.004875288810580969,-0.0018212361028417945,-0.00039808842120692134,0.09308704733848572,0.16583096981048584,-0.00021980830933898687,0.30507415533065796,-0.15066543221473694,-6.227378845214844,0.08360141515731812,0.16663040220737457,0.00044394383439794183,-0.00022472972341347486,-0.09359613060951233,-0.15918263792991638,0.0001280914875678718,2.0,2.0,2.0,2.0,0.052128907293081284,0.08125976473093033,-0.052128907293081284,-0.0827929675579071,0.0,0.027177080512046814,0.08052902668714523,-0.027421437203884125,-0.08077406883239746,0.0,-0.014851351268589497,0.8594163060188293,-9.721057891845703,0.06237044930458069,-0.032648131251335144,-1.1361247301101685,0.0,0.0,0.0,0.0,0.0,0.0,0.0,0.0,0.0,0.0,0.0,0.0,0.043999604880809784,0.08300691097974777,-0.04424843564629555,-0.0832563117146492,0.07249561697244644,0.06202590465545654,0.05693499371409416,0.06728474795818329,0.46103477478027344,0.10217989981174469,-0.008550400845706463,0.0,0.0,0.0,0.0,0.0,0.0,0.0
7396912222,0,-0.001603628508746624,-0.03723708167672157,-0.131441131234169,6.569455581484362e-05,-0.04113857448101044,-0.3062513470649719,-0.02097289264202118,0.008527734316885471,-0.011703928001224995,0.0033386629074811935,-0.007803024724125862,-0.17481021583080292,-0.01153804175555706,-0.020736312493681908,-0.004451478365808725,0.0,0.0,-0.0047828578390181065,0.004830415826290846,0.0014285281067714095,-0.00047948857536539435,0.09170527011156082,0.16485756635665894,-0.00025407696375623345,0.31732940673828125,-0.06458979099988937,-6.189000606536865,0.0895879790186882,0.1649160236120224,0.00042209820821881294,-0.000217229884583503,-0.09359613060951233,-0.15918263792991638,0.0001280914875678718,2.0,2.0,2.0,2.0,0.052128907293081284,0.08125976473093033,-0.05366211012005806,-0.0827929675579071,0.0,0.04457516968250275,0.0674474760890007,-0.04481153190135956,-0.06768413633108139,0.0,0.16338497400283813,0.6803244352340698,-9.600191116333008,0.06237044930458069,-0.032648131251335144,-1.1361247301101685,0.0,0.0,0.0,0.0,0.0,0.0,0.0,0.0,0.0,0.0,0.0,0.0,0.038934994488954544,0.08189492672681808,-0.039181604981422424,-0.08214212208986282,0.07249561697244644,0.06202590465545654,0.05693499371409416,0.06728474795818329,-0.12205114960670471,-0.06164801865816116,-0.004578504711389542,0.0,0.0,0.0,0.0,0.0,0.0,0.0
7405752381,0,-0.0015659253112971783,-0.037237077951431274,-0.13156671822071075,6.569455581484362e-05,-0.04113857448101044,-0.3082513213157654,-0.018624322488904,0.007607626728713512,-0.01050411257892847,0.003263256046921015,-0.007803032174706459,-0.17668460309505463,-0.011750830337405205,-0.020934397354722023,-0.0044362484477460384,0.0,0.0,-0.0047828578390181065,0.004830415826290846,0.0014285281067714095,-0.00047948857536539435,0.09338673949241638,0.1658143848180771,-0.0002271276607643813,0.31732940673828125,-0.06458979099988937,-6.189000606536865,0.0895879790186882,0.1649160236120224,0.00042209820821881294,-0.000217229884583503,-0.09337132424116135,-0.15942387282848358,0.00010738438868429512,2.0,2.0,2.0,2.0,0.052128907293081284,0.08125976473093033,-0.052128907293081284,-0.0827929675579071,0.0,0.04457516968250275,0.0674474760890007,-0.04481153190135956,-0.06768413633108139,0.0,-0.35903120040893555,0.567196786403656,-9.762678146362305,0.057354897260665894,-0.030705053359270096,-1.162908911705017,0.0,0.0,0.0,0.0,0.0,0.0,0.0,0.0,0.0,0.0,0.0,0.0,0.03668231889605522,0.07928556948900223,-0.03692631423473358,-0.07953011244535446,0.07288725674152374,0.06236889213323593,0.05545372888445854,0.06704283505678177,-0.12205114960670471,-0.06164801865816116,-0.004578504711389542,0.0,0.0,0.0,0.0,0.0,0.0,0.0
7415719107,0,-0.0015659253112971783,-0.037237077951431274,-0.13156671822071075,6.569455581484362e-05,-0.04113857448101044,-0.3082513213157654,-0.018624322488904,0.007607626728713512,-0.01050411257892847,0.003263256046921015,-0.007803032174706459,-0.17668460309505463,-0.011750830337405205,-0.020934397354722023,-0.0044362484477460384,0.0,0.0,-0.0047828578390181065,0.004830415826290846,0.0014285281067714095,-0.00047948857536539435,0.09610044211149216,0.1657782644033432,-0.0003377659304533154,0.31732940673828125,-0.06458979099988937,-6.189000606536865,0.0895879790186882,0.1649160236120224,0.00042209820821881294,-0.000217229884583503,-0.0933956429362297,-0.15955674648284912,0.00011250327224843204,2.0,2.0,2.0,2.0,0.04906250163912773,0.08125976473093033,-0.05059570446610451,-0.0827929675579071,0.0,0.04457516968250275,0.0674474760890007,-0.04481153190135956,-0.06768413633108139,0.0,-0.35903120040893555,0.567196786403656,-9.762678146362305,0.057354897260665894,-0.030705053359270096,-1.162908911705017,0.0,0.0,0.0,0.0,0.0,0.0,0.0,0.0,0.0,0.0,0.0,0.0,0.03703087195754051,0.07581780850887299,-0.037272170186042786,-0.07605957984924316,0.07533752173185349,0.06305665522813797,0.057324860244989395,0.06658387929201126,-0.12205114960670471,-0.06164801865816116,-0.004578504711389542,0.0,0.0,0.0,0.0,0.0,0.0,0.0
7426245728,0,-0.001575007801875472,-0.0372399166226387,-0.13163763284683228,6.569455581484362e-05,-0.04113857448101044,-0.3092513382434845,-0.02159963920712471,-0.002062421990558505,-0.014450146816670895,0.003281421260908246,-0.007797354832291603,-0.17761370539665222,-0.011911074630916119,-0.02072666585445404,-0.0044167558662593365,0.0,0.0,-0.0047828578390181065,-0.00877077691257,-0.0009111120598390698,0.0021202589850872755,0.09610044211149216,0.1657782644033432,-0.0003377659304533154,0.34907418489456177,-0.0624239407479763,-6.267922401428223,0.11011981219053268,0.1677200347185135,-0.0027465661987662315,-0.00021208768885117024,-0.0933956429362297,-0.15955674648284912,0.00011250327224843204,2.0568230152130127,2.0,2.0,2.0,0.04906250163912773,0.08125976473093033,-0.04752929508686066,-0.08432617038488388,0.0,0.04918089881539345,0.07269201427698135,-0.050810202956199646,-0.07292314618825912,0.0,-0.3558931350708008,-0.44168806076049805,-10.019285202026367,0.06346803158521652,-0.011349807493388653,-1.1396222114562988,0.0,0.0,0.0,0.0,0.0,0.0,0.0,0.0,0.0,0.0,0.0,0.0,0.038806889206171036,0.07280971109867096,-0.0391102135181427,-0.0730489194393158,0.07533752173185349,0.06305665522813797,0.057324860244989395,0.06658387929201126,-0.5248590707778931,-0.103065624833107,0.11151352524757385,0.0,0.0,0.0,0.0,0.0,0.0,0.0
7435930282,0,-0.001575007801875472,-0.0372399166226387,-0.13163763284683228,6.569455581484362e-05,-0.04113857448101044,-0.3092513382434845,-0.02159963920712471,-0.002062421990558505,-0.014450146816670895,0.003281421260908246,-0.007797354832291603,-0.17761370539665222,-0.011911074630916119,-0.02072666585445404,-0.0044167558662593365,0.0,0.0,-0.0047828578390181065,-0.008417774923145771,0.002331579104065895,0.0027160379104316235,0.09610044211149216,0.1657782644033432,-0.0003377659304533154,0.2896610498428345,-0.17620061337947845,-6.598355770111084,0.1058034598827362,0.16081252694129944,-0.0029177567921578884,-0.0002112596994265914,-0.09351813793182373,-0.15972504019737244,0.0001559173979330808,2.1259632110595703,2.0,2.0,2.0,0.04599609225988388,0.07972656190395355,-0.04599609225988388,-0.0827929675579071,0.0,0.018761873245239258,0.08233167231082916,-0.020173335447907448,-0.08256203681230545,0.0,0.2559871971607208,-0.1046956479549408,-9.644869804382324,0.06346803158521652,-0.011349807493388653,-1.1396222114562988,0.0,0.0,0.0,0.0,0.0,0.0,0.0,0.0,0.0,0.0,0.0,0.0,0.03997889161109924,0.07151132076978683,-0.04048308730125427,-0.07174800336360931,0.07533752173185349,0.06305665522813797,0.057324860244989395,0.06658387929201126,-0.23744304478168488,0.12007304280996323,0.0795183777809143,0.0,0.0,0.0,0.0,0.0,0.0,0.0
7446306038,0,-0.0015452781226485968,-0.037182051688432693,-0.1317497193813324,6.569455581484362e-05,-0.04113857448101044,-0.31125134229660034,-0.023797936737537384,-0.001078912289813161,-0.012668498791754246,0.003221961436793208,-0.007913085632026196,-0.17950162291526794,-0.01195443794131279,-0.020671498030424118,-0.004329487215727568,0.0,0.0,-0.0047828578390181065,-0.008417774923145771,0.002331579104065895,0.0027160379104316235,0.09544029831886292,0.16450320184230804,-0.00033555712434463203,0.2896610498428345,-0.17620061337947845,-6.598355770111084,0.1058034598827362,0.16081252694129944,-0.0029177567921578884,-0.0002112596994265914,-0.09368528425693512,-0.15996788442134857,0.0002086474560201168,2.1259632110595703,2.0,2.0,2.0,0.04599609225988388,0.07972656190395355,-0.044462889432907104,-0.0827929675579071,0.0,0.018761873245239258,0.08233167231082916,-0.020173335447907448,-0.08256203681230545,0.0,0.2559871971607208,-0.1046956479549408,-9.644869804382324,0.06765538454055786,-0.013447856530547142,-1.16963791847229,0.0,0.0,0.0,0.0,0.0,0.0,0.0,0.0,0.0,0.0,0.0,0.0,0.038043465465307236,0.07242470979690552,-0.03882391378283501,-0.07265902310609818,0.07452446967363358,0.06676293164491653,0.05743282288312912,0.07138977944850922,-0.23744304478168488,0.12007304280996323,0.0795183777809143,0.0,0.0,0.0,0.0,0.0,0.0,0.0
7456181417,0,-0.0015178713947534561,-0.037178799510002136,-0.13179513812065125,6.569455581484362e-05,-0.04113857448101044,-0.31225132942199707,-0.014498571865260601,0.0077901072800159454,-0.00624076696112752,0.003167147748172283,-0.00791958998888731,-0.18045619130134583,-0.011851928196847439,-0.020884593948721886,-0.004417627118527889,0.0,0.0,-0.0047828578390181065,0.003486273344606161,0.0013553767930716276,-0.0033941466826945543,0.09396380931138992,0.1660626381635666,-0.0002268348471261561,0.26765090227127075,-0.17133334279060364,-6.750272274017334,0.08505736291408539,0.1638002097606659,0.004942835308611393,-0.00021291909797582775,-0.09368528425693512,-0.15996788442134857,0.0002086474560201168,2.0,2.0,2.0,2.0,0.04599609225988388,0.07819335907697678,-0.044462889432907104,-0.08125976473093033,0.0,0.01691180095076561,0.07756421715021133,-0.017143262550234795,-0.07779634743928909,0.0,-0.7567846775054932,0.446342408657074,-9.942471504211426,0.048663802444934845,-0.03115151636302471,-1.2273222208023071,0.0,0.0,0.0,0.0,0.0,0.0,0.0,0.0,0.0,0.0,0.0,0.0,0.03344827517867088,0.07448210567235947,-0.03442658483982086,-0.07471460103988647,0.07452446967363358,0.06676293164491653,0.05743282288312912,0.07138977944850922,0.41262146830558777,0.01844937913119793,-0.22885149717330933,0.0,0.0,0.0,0.0,0.0,0.0,0.0
7466372813,0,-0.0014931241748854518,-0.037120845168828964,-0.13193708658218384,6.569455581484362e-05,-0.04113857448101044,-0.31525135040283203,-0.02599869854748249,0.004100228659808636,-0.014378019608557224,0.003117653075605631,-0.008035498671233654,-0.1833142638206482,-0.011569940485060215,-0.020992323756217957,-0.004609125200659037,0.0,0.0,-0.0047828578390181065,0.003486273344606161,0.0013553767930716276,-0.0033941466826945543,0.09396380931138992,0.1660626381635666,-0.0002268348471261561,0.26765090227127075,-0.17133334279060364,-6.750272274017334,0.08505736291408539,0.1638002097606659,0.004942835308611393,-0.00021291909797582775,-0.09368528425693512,-0.15996788442134857,0.0002086474560201168,2.0,2.0,2.0,2.0,0.04599609225988388,0.07666015625,-0.044462889432907104,-0.08125976473093033,0.0,0.01691180095076561,0.07756421715021133,-0.017143262550234795,-0.07779634743928909,0.0,-0.7567846775054932,0.446342408657074,-9.942471504211426,0.07177378237247467,-0.024133237078785896,-1.1878578662872314,0.0,0.0,0.0,0.0,0.0,0.0,0.0,0.0,0.0,0.0,0.0,0.0,0.02822222374379635,0.07628262788057327,-0.029214460402727127,-0.07651408016681671,0.07452446967363358,0.06676293164491653,0.05743282288312912,0.07138977944850922,0.41262146830558777,0.01844937913119793,-0.22885149717330933,0.0,0.0,0.0,0.0,0.0,0.0,0.0
7476001311,0,-0.0014931241748854518,-0.037120845168828964,-0.13193708658218384,6.569455581484362e-05,-0.04113857448101044,-0.31525135040283203,-0.02599869854748249,0.004100228659808636,-0.014378019608557224,0.003117653075605631,-0.008035498671233654,-0.1833142638206482,-0.011569940485060215,-0.020992323756217957,-0.004609125200659037,0.0,0.0,-0.0047828578390181065,0.006842063274234533,-0.001758553902618587,-0.002040016232058406,0.09196367859840393,0.16688987612724304,-6.27393092145212e-05,0.24914848804473877,-0.14206966757774353,-6.764586925506592,0.08568045496940613,0.16894756257534027,0.0007592218462377787,-0.0001973307371372357,-0.09352456778287888,-0.16025464236736298,4.919293860439211e-05,2.056856393814087,2.0,2.0,2.0,0.044462889432907104,0.07512695342302322,-0.04292968660593033,-0.07972656190395355,0.0,0.018302546814084053,0.06910598278045654,-0.019037436693906784,-0.06932099908590317,0.0,-0.4162834584712982,0.6279454827308655,-9.927340507507324,0.07177378237247467,-0.024133237078785896,-1.1878578662872314,0.0,0.0,0.0,0.0,0.0,0.0,0.0,0.0,0.0,0.0,0.0,0.0,0.023629067465662956,0.07701444625854492,-0.02451099082827568,-0.07724471390247345,0.07270199060440063,0.06783056259155273,0.05604974552989006,0.07381382584571838,-0.008756174705922604,-0.040816716849803925,0.08448661863803864,0.0,0.0,0.0,0.0,0.0,0.0,0.0
7486406716,0,-0.0014931241748854518,-0.037120845168828964,-0.13193708658218384,6.569455581484362e-05,-0.04113857448101044,-0.31525135040283203,-0.02599869854748249,0.004100228659808636,-0.014378019608557224,0.003117653075605631,-0.008035498671233654,-0.1833142638206482,-0.011569940485060215,-0.020992323756217957,-0.004609125200659037,0.0,0.0,-0.0047828578390181065,0.006842063274234533,-0.001758553902618587,-0.002040016232058406,0.09196367859840393,0.16688987612724304,-6.27393092145212e-05,0.24914848804473877,-0.14206966757774353,-6.764586925506592,0.08568045496940613,0.16894756257534027,0.0007592218462377787,-0.0001973307371372357,-0.09352456778287888,-0.16025464236736298,4.919293860439211e-05,2.056856393814087,2.0,2.0,2.0,0.04139648377895355,0.07206054776906967,-0.04139648377895355,-0.07819335907697678,0.0,0.018302546814084053,0.06910598278045654,-0.019037436693906784,-0.06932099908590317,0.0,-0.9666014313697815,0.01737026683986187,-10.135467529296875,0.07177378237247467,-0.024133237078785896,-1.1878578662872314,0.0,0.0,0.0,0.0,0.0,0.0,0.0,0.0,0.0,0.0,0.0,0.0,0.020323053002357483,0.07630524039268494,-0.021100366488099098,-0.07653289288282394,0.07270199060440063,0.06783056259155273,0.05604974552989006,0.07381382584571838,-0.008756174705922604,-0.040816716849803925,0.08448661863803864,0.0,0.0,0.0,0.0,0.0,0.0,0.0
7496013588,0,-0.001477288780733943,-0.03710135072469711,-0.1320597529411316,6.569455581484362e-05,-0.04113857448101044,-0.3172513544559479,-0.02590407244861126,0.004995123483240604,-0.01643158122897148,0.0030859820544719696,-0.008074487559497356,-0.18519160151481628,-0.011835025623440742,-0.0209675170481205,-0.004559021443128586,0.0,0.0,-0.0047828578390181065,-0.002029037568718195,0.0019277000101283193,-0.0011569929774850607,0.0947125107049942,0.1660020798444748,-0.00010480546916369349,0.3936814069747925,-0.14266379177570343,-6.541387557983398,0.09957095235586166,0.16164599359035492,0.0001310119841946289,-0.00018852147331926972,-0.09331037849187851,-0.16073307394981384,-8.647629874758422e-05,2.0271763801574707,2.0,2.0,2.0,0.039863280951976776,0.07206054776906967,-0.038330078125,-0.07666015625,0.0,0.04369199648499489,0.09485304355621338,-0.04449120908975601,-0.0950588807463646,0.0,-0.9666014313697815,0.01737026683986187,-10.135467529296875,0.07157843559980392,-0.02593887224793434,-1.1893432140350342,0.0,0.0,0.0,0.0,0.0,0.0,0.0,0.0,0.0,0.0,0.0,0.0,0.019495539367198944,0.07581574469804764,-0.02021654322743416,-0.07603935152292252,0.07620366662740707,0.06544715911149979,0.05877991020679474,0.06996093690395355,-0.4024541974067688,0.17743751406669617,0.07706957310438156,0.0,0.0,0.0,0.0,0.0,0.0,0.0
7506650100,0,-0.0015059056458994746,-0.037107788026332855,-0.13214385509490967,6.569455581484362e-05,-0.04113857448101044,-0.318251371383667,-0.015930475667119026,0.0037151623982936144,-0.010994377546012402,0.00314321625046432,-0.008061612956225872,-0.18610751628875732,-0.011835215613245964,-0.020717991515994072,-0.004532251972705126,0.0,0.0,-0.0047828578390181065,-0.0068662529811263084,0.0028825358022004366,0.00014587728946935385,0.0947125107049942,0.1660020798444748,-0.00010480546916369349,0.2836511731147766,-0.12819470465183258,-6.817428112030029,0.10621391981840134,0.1619044691324234,-0.0010657792445272207,-0.00018134384299628437,-0.09331037849187851,-0.16073307394981384,-8.647629874758422e-05,2.136575937271118,2.0,2.0,2.0,0.036796875298023224,0.07206054776906967,-0.03526367247104645,-0.07359375059604645,0.0,0.025634970515966415,0.0727703794836998,-0.027583125978708267,-0.07296803593635559,0.0,0.313875287771225,0.13133658468723297,-9.51822280883789,0.05157294124364853,-0.023308128118515015,-1.2395323514938354,0.0,0.0,0.0,0.0,0.0,0.0,0.0,0.0,0.0,0.0,0.0,0.0,0.021549198776483536,0.07688143104314804,-0.022306974977254868,-0.07709982246160507,0.07519557327032089,0.06455369293689728,0.057790253311395645,0.06793253123760223,-0.4635157883167267,0.12150707840919495,0.10591110587120056,0.0,0.0,0.0,0.0,0.0,0.0,0.0
7516686698,0,-0.0015059056458994746,-0.037107788026332855,-0.13214385509490967,6.569455581484362e-05,-0.04113857448101044,-0.32025134563446045,-0.015930475667119026,0.0037151623982936144,-0.010994377546012402,0.0032089476007968187,-0.008132200688123703,-0.18798190355300903,-0.011835215613245964,-0.020717991515994072,-0.004532251972705126,0.0,0.0,-0.0047828578390181065,-0.0068662529811263084,0.0028825358022004366,0.00014587728946935385,0.0947125107049942,0.1660020798444748,-0.00010480546916369349,0.2836511731147766,-0.12819470465183258,-6.817428112030029,0.10621391981840134,0.1619044691324234,-0.0010657792445272207,-0.00018134384299628437,-0.09355280548334122,-0.160925954580307,-7.081033254507929e-05,2.136575937271118,2.0,2.0,2.0,0.03526367247104645,0.07359375059604645,-0.032197266817092896,-0.07359375059604645,0.0,0.025634970515966415,0.0727703794836998,-0.027583125978708267,-0.07296803593635559,0.0,0.313875287771225,0.13133658468723297,-9.51822280883789,0.062438998371362686,-0.026358526200056076,-1.249434471130371,0.0,0.0,0.0,0.0,0.0,0.0,0.0,0.0,0.0,0.0,0.0,0.0,0.024146152660250664,0.07766566425561905,-0.025088666006922722,-0.07787803560495377,0.07820186764001846,0.06512816250324249,0.06056595966219902,0.06881533563137054,-0.4635157883167267,0.12150707840919495,0.10591110587120056,0.0,0.0,0.0,0.0,0.0,0.0,0.0
7532163290,0,-0.001538771204650402,-0.03707249462604523,-0.13226944208145142,6.569455581484362e-05,-0.04113857448101044,-0.32025134563446045,-0.021294591948390007,0.005227506160736084,-0.01199323870241642,0.0032089476007968187,-0.008132200688123703,-0.18798190355300903,-0.012006123550236225,-0.0207514651119709,-0.004587366711348295,0.0,0.0,-0.0047828578390181065,-0.0056352014653384686,-0.0008575137471780181,0.0028591761365532875,0.09458677470684052,0.16609692573547363,-0.00024279662466142327,0.3434144854545593,-0.14497189223766327,-6.871889591217041,0.09997300058603287,0.1702316254377365,-0.0037635203916579485,-0.00016722858708817512,-0.09355280548334122,-0.160925954580307,-7.081033254507929e-05,2.221102237701416,2.0,2.0,2.0,0.03373046964406967,0.07512695342302322,-0.03066406212747097,-0.07359375059604645,0.0,0.031511325389146805,0.08635169267654419,-0.03517816960811615,-0.08653416484594345,0.0,0.09868649393320084,0.23224443197250366,-9.55064582824707,0.062438998371362686,-0.026358526200056076,-1.249434471130371,0.0,0.0,0.0,0.0,0.0,0.0,0.0,0.0,0.0,0.0,0.0,0.0,0.02596917934715748,0.07777456939220428,-0.027267402037978172,-0.07798057049512863,0.07820186764001846,0.06512816250324249,0.06056595966219902,0.06881533563137054,0.0321684256196022,-0.1763276904821396,0.15664246678352356,0.0,0.0,0.0,0.0,0.0,0.0,0.0
7535905300,0,-0.0015236529288813472,-0.03700055927038193,-0.13230648636817932,6.569455581484362e-05,-0.04113857448101044,-0.32125136256217957,-0.0228387750685215,0.007201608270406723,-0.011421674862504005,0.0031787108164280653,-0.008276071399450302,-0.18894487619400024,-0.011909928172826767,-0.02108253538608551,-0.004412909038364887,0.0,0.0,-0.0047828578390181065,-0.0006905500777065754,-0.0034118653275072575,0.00368896359577775,0.09444424510002136,0.16775472462177277,-0.000221332666114904,0.35925352573394775,-0.1682877540588379,-6.943060398101807,0.09199076145887375,0.17233428359031677,-0.004108200781047344,-0.000163532022270374,-0.0936315581202507,-0.1610897332429886,-1.4836914488114417e-05,2.2383859157562256,2.0,2.0,2.0,0.032197266817092896,0.07512695342302322,-0.03066406212747097,-0.07666015625,0.0,0.03008819743990898,0.09330344945192337,-0.033853642642498016,-0.09348198026418686,0.0,0.09868649393320084,0.23224443197250366,-9.55064582824707,0.06531882286071777,-0.03059777431190014,-1.2623746395111084,0.0,0.0,0.0,0.0,0.0,0.0,0.0,0.0,0.0,0.0,0.0,0.0,0.02755170315504074,0.07910500466823578,-0.029387203976511955,-0.0793040543794632,0.07980042695999146,0.06375930458307266,0.06196814402937889,0.0687175914645195,0.2632671594619751,-0.20202432572841644,0.12683364748954773,0.0,0.0,0.0,0.0,0.0,0.0,0.0
7547396253,0,-0.0016144639812409878,-0.036857884377241135,-0.13247612118721008,6.569455581484362e-05,-0.04113857448101044,-0.32425135374069214,-0.025455208495259285,0.0031097959727048874,-0.014654531143605709,0.003360333852469921,-0.008561423048377037,-0.19177523255348206,-0.011853408999741077,-0.02108389139175415,-0.00449182465672493,0.0,0.0,-0.0047828578390181065,-0.0006905500777065754,-0.0034118653275072575,0.00368896359577775,0.09421291202306747,0.16762013733386993,-0.0001992667675949633,0.35925352573394775,-0.1682877540588379,-6.943060398101807,0.09199076145887375,0.17233428359031677,-0.004108200781047344,-0.000163532022270374,-0.0936315581202507,-0.1610897332429886,-1.4836914488114417e-05,2.2383859157562256,2.0,2.0,2.0,0.032197266817092896,0.07512695342302322,-0.03066406212747097,-0.07819335907697678,0.0,0.03008819743990898,0.09330344945192337,-0.033853642642498016,-0.09348198026418686,0.0,0.3897874653339386,0.6308075189590454,-9.314812660217285,0.07096078991889954,-0.023016704246401787,-1.260342001914978,0.0,0.0,0.0,0.0,0.0,0.0,0.0,0.0,0.0,0.0,0.0,0.0,0.028863711282610893,0.08205863833427429,-0.03131503239274025,-0.08225066214799881,0.07980042695999146,0.06375930458307266,0.06196814402937889,0.0687175914645195,0.2632671594619751,-0.20202432572841644,0.12683364748954773,0.0,0.0,0.0,0.0,0.0,0.0,0.0
7556025041,0,-0.0016144639812409878,-0.036857884377241135,-0.13247612118721008,6.569455581484362e-05,-0.04113857448101044,-0.32425135374069214,-0.025455208495259285,0.0031097959727048874,-0.014654531143605709,0.003360333852469921,-0.008561423048377037,-0.19177523255348206,-0.011853408999741077,-0.02108389139175415,-0.00449182465672493,0.0,0.0,-0.0047828578390181065,0.003471724921837449,-0.0012962229084223509,-0.0036279137711972,0.09421291202306747,0.16762013733386993,-0.0001992667675949633,0.3477814793586731,-0.18089579045772552,-7.107062339782715,0.08959218114614487,0.17112502455711365,0.001276433002203703,-0.00016275429516099393,-0.09354773908853531,-0.1614781618118286,0.0001206185479531996,2.0,2.0,2.0,2.0,0.032197266817092896,0.07512695342302322,-0.029130859300494194,-0.07972656190395355,0.0,0.029417293146252632,0.09350555390119553,-0.02959427237510681,-0.09368325024843216,0.0,-0.8352444171905518,-0.5023615956306458,-10.2536039352417,0.07096078991889954,-0.023016704246401787,-1.260342001914978,0.0,0.0,0.0,0.0,0.0,0.0,0.0,0.0,0.0,0.0,0.0,0.0,0.029703974723815918,0.08559557050466537,-0.03253510966897011,-0.08578161150217056,0.07881277054548264,0.06605362147092819,0.06138123199343681,0.07159837335348129,0.04183556139469147,0.08893396705389023,-0.26392215490341187,0.0,0.0,0.0,0.0,0.0,0.0,0.0
7566460405,0,-0.0016144639812409878,-0.036857884377241135,-0.13247612118721008,6.569455581484362e-05,-0.04113857448101044,-0.32425135374069214,-0.025455208495259285,0.0031097959727048874,-0.014654531143605709,0.003360333852469921,-0.008561423048377037,-0.19177523255348206,-0.011853408999741077,-0.02108389139175415,-0.00449182465672493,0.0,0.0,-0.0047828578390181065,0.003471724921837449,-0.0012962229084223509,-0.0036279137711972,0.09421291202306747,0.16762013733386993,-0.0001992667675949633,0.39028435945510864,-0.12659187614917755,-6.931880950927734,0.08900375664234161,0.16763457655906677,0.005453141406178474,-0.00016285001765936613,-0.09346101433038712,-0.16181501746177673,4.202976560918614e-05,2.0,2.0,2.0,2.0,0.032197266817092896,0.07666015625,-0.03066406212747097,-0.07972656190395355,0.0,0.04654296487569809,0.09141039848327637,-0.04672021046280861,-0.09158816188573837,0.0,-0.8352444171905518,-0.5023615956306458,-10.2536039352417,0.07096078991889954,-0.023016704246401787,-1.260342001914978,0.0,0.0,0.0,0.0,0.0,0.0,0.0,0.0,0.0,0.0,0.0,0.0,0.03088531270623207,0.08868870884180069,-0.033579036593437195,-0.08887030929327011,0.07424279302358627,0.07191670686006546,0.056740839034318924,0.07647335529327393,0.04183556139469147,0.08893396705389023,-0.26392215490341187,0.0,0.0,0.0,0.0,0.0,0.0,0.0
7576536614,0,-0.0016532123554497957,-0.03680628538131714,-0.1326117217540741,6.569455581484362e-05,-0.04113857448101044,-0.32625138759613037,-0.02574700489640236,0.002530340338125825,-0.018051909282803535,0.0034378310665488243,-0.008664621971547604,-0.19363966584205627,-0.011884474195539951,-0.021137483417987823,-0.004669127054512501,0.0,0.0,-0.0047828578390181065,0.003471724921837449,-0.0012962229084223509,-0.0036279137711972,0.09446568042039871,0.1680428385734558,1.425484697392676e-05,0.39028435945510864,-0.12659187614917755,-6.931880950927734,0.08900375664234161,0.16763457655906677,0.005453141406178474,-0.00016285001765936613,-0.09347066283226013,-0.16196119785308838,-8.37651314213872e-05,2.0,2.0,2.0,2.0,0.03373046964406967,0.07819335907697678,-0.03066406212747097,-0.08125976473093033,0.0,0.04654296487569809,0.09141039848327637,-0.04672021046280861,-0.09158816188573837,0.0,0.03700635954737663,0.5512092709541321,-9.528987884521484,0.07178482413291931,-0.022099750116467476,-1.2506225109100342,0.0,0.0,0.0,0.0,0.0,0.0,0.0,0.0,0.0,0.0,0.0,0.0,0.03356553241610527,0.09080883115530014,-0.035727307200431824,-0.09098754078149796,0.07345550507307053,0.06949176639318466,0.056014202535152435,0.07386758923530579,0.04183556139469147,0.08893396705389023,-0.26392215490341187,0.0,0.0,0.0,0.0,0.0,0.0,0.0
7586033032,0,-0.001662116264924407,-0.03675553575158119,-0.1326821893453598,6.569455581484362e-05,-0.04113857448101044,-0.3272513747215271,-0.01823064684867859,0.014065716415643692,-0.00910412147641182,0.003455638885498047,-0.008766121231019497,-0.1945691853761673,-0.011748731136322021,-0.021084338426589966,-0.004623491317033768,0.0,0.0,-0.0047828578390181065,-0.003995007369667292,-0.0009585097432136536,-0.003987818956375122,0.09338521957397461,0.16762115061283112,-4.260097193764523e-05,0.394816517829895,-0.1215486228466034,-6.878423690795898,0.09991925954818726,0.16857430338859558,0.0030512656085193157,-0.00015095416165422648,-0.09347066283226013,-0.16196119785308838,-8.37651314213872e-05,2.0490639209747314,2.0,2.0,2.0,0.032197266817092896,0.07819335907697678,-0.03066406212747097,-0.0827929675579071,0.0,0.04708803817629814,0.09132618457078934,-0.04840833321213722,-0.09149094671010971,0.0,0.03700635954737663,0.5512092709541321,-9.528987884521484,0.05651603639125824,-0.0452817939221859,-1.3299380540847778,0.0,0.0,0.0,0.0,0.0,0.0,0.0,0.0,0.0,0.0,0.0,0.0,0.03730352967977524,0.09195864945650101,-0.03889021649956703,-0.09213516861200333,0.07345550507307053,0.06949176639318466,0.056014202535152435,0.07386758923530579,-0.25390303134918213,0.000535759434569627,0.005860180128365755,0.0,0.0,0.0,0.0,0.0,0.0,0.0
7596240590,0,-0.001662116264924407,-0.03675553575158119,-0.1326821893453598,6.569455581484362e-05,-0.04113857448101044,-0.3272513747215271,-0.01823064684867859,0.014065716415643692,-0.00910412147641182,0.003455638885498047,-0.008766121231019497,-0.1945691853761673,-0.011748731136322021,-0.021084338426589966,-0.004623491317033768,0.0,0.0,-0.0047828578390181065,-0.003995007369667292,-0.0009585097432136536,-0.003987818956375122,0.09338521957397461,0.16762115061283112,-4.260097193764523e-05,0.394816517829895,-0.1215486228466034,-6.878423690795898,0.09991925954818726,0.16857430338859558,0.0030512656085193157,-0.00015095416165422648,-0.09362699836492538,-0.16223888099193573,-0.000132193963509053,2.0490639209747314,2.0,2.0,2.0,0.032197266817092896,0.07972656190395355,-0.032197266817092896,-0.08432617038488388,0.0,0.04708803817629814,0.09132618457078934,-0.04840833321213722,-0.09149094671010971,0.0,-0.5984410643577576,-0.48480644822120667,-10.170145988464355,0.05651603639125824,-0.0452817939221859,-1.3299380540847778,0.0,0.0,0.0,0.0,0.0,0.0,0.0,0.0,0.0,0.0,0.0,0.0,0.04092228412628174,0.09241132438182831,-0.042124249041080475,-0.09258519858121872,0.07980620115995407,0.0638408288359642,0.06213764101266861,0.06794163584709167,-0.25390303134918213,0.000535759434569627,0.005860180128365755,0.0,0.0,0.0,0.0,0.0,0.0,0.0
7609034363,0,-0.001743542612530291,-0.036715004593133926,-0.1328532099723816,6.569455581484362e-05,-0.04113857448101044,-0.32925137877464294,-0.019941693171858788,0.014130249619483948,-0.010273239575326443,0.0036184925120323896,-0.008847184479236603,-0.19639816880226135,-0.011877330020070076,-0.02111826092004776,-0.004424989223480225,0.0,0.0,-0.0047828578390181065,-0.0005257256561890244,0.0004064647073391825,0.005077592097222805,0.09440073370933533,0.1678946167230606,-0.00027891789795830846,0.4046034812927246,-0.040656011551618576,-7.122171878814697,0.09175319969654083,0.16727906465530396,-0.005799034610390663,-0.00012882539886049926,-0.09362699836492538,-0.16223888099193573,-0.000132193963509053,2.3168694972991943,2.0,2.0,2.0,0.032197266817092896,0.08125976473093033,-0.03373046964406967,-0.08585937321186066,0.0,0.055506281554698944,0.07872278988361359,-0.06445206701755524,-0.0788632482290268,0.0,0.005345539655536413,0.8778553009033203,-9.452725410461426,0.06025620549917221,-0.045522794127464294,-1.3383042812347412,0.0,0.0,0.0,0.0,0.0,0.0,0.0,0.0,0.0,0.0,0.0,0.0,0.04422812908887863,0.09185229241847992,-0.04561449587345123,-0.09202206134796143,0.07980620115995407,0.0638408288359642,0.06213764101266861,0.06794163584709167,0.23311340808868408,0.038391243666410446,0.18966126441955566,0.0,0.0,0.0,0.0,0.0,0.0,0.0
7617034774,0,-0.001743542612530291,-0.036715004593133926,-0.1328532099723816,6.569455581484362e-05,-0.04113857448101044,-0.3312513828277588,-0.019941693171858788,0.014130249619483948,-0.010273239575326443,0.003734184429049492,-0.008925139904022217,-0.1982412189245224,-0.011877330020070076,-0.02111826092004776,-0.004424989223480225,0.0,0.0,-0.0047828578390181065,-0.0005257256561890244,0.0004064647073391825,0.005077592097222805,0.09440073370933533,0.1678946167230606,-0.00027891789795830846,0.4046034812927246,-0.040656011551618576,-7.122171878814697,0.09175319969654083,0.16727906465530396,-0.005799034610390663,-0.00012882539886049926,-0.09372999519109726,-0.16252705454826355,4.689900015364401e-05,2.3168694972991943,2.0,2.0,2.0,0.03373046964406967,0.0827929675579071,-0.03526367247104645,-0.08739257603883743,0.0,0.055506281554698944,0.07872278988361359,-0.06445206701755524,-0.0788632482290268,0.0,0.005345539655536413,0.8778553009033203,-9.452725410461426,0.06101592257618904,-0.04645348712801933,-1.3463822603225708,0.0,0.0,0.0,0.0,0.0,0.0,0.0,0.0,0.0,0.0,0.0,0.0,0.047546762973070145,0.08973601460456848,-0.050066955387592316,-0.08989948034286499,0.08064702153205872,0.06431310623884201,0.06381616741418839,0.06943778693675995,0.23311340808868408,0.038391243666410446,0.18966126441955566,0.0,0.0,0.0,0.0,0.0,0.0,0.0
7626107079,0,-0.0018013883382081985,-0.03667602688074112,-0.1330101639032364,6.569455581484362e-05,-0.04113857448101044,-0.3322513699531555,-0.02020425535738468,0.014498432166874409,-0.011324136517941952,0.0037838323041796684,-0.008954383432865143,-0.19917944073677063,-0.01177145168185234,-0.02114022895693779,-0.00441057188436389,0.0,0.0,-0.0047828578390181065,0.0034469899255782366,-0.0008548013865947723,0.004382845014333725,0.09355860948562622,0.16806943714618683,-0.00029740401078015566,0.4046034812927246,-0.040656011551618576,-7.122171878814697,0.09175319969654083,0.16727906465530396,-0.005799034610390663,-0.00012882539886049926,-0.09369147568941116,-0.1626698523759842,0.00011604992323555052,2.341135263442993,2.0,2.0,2.0,0.036796875298023224,0.0827929675579071,-0.036796875298023224,-0.08892577886581421,0.0,0.054930418729782104,0.0787227675318718,-0.06445205956697464,-0.0788632333278656,0.0,-0.19594107568264008,-0.28066709637641907,-9.728249549865723,0.0698501244187355,-0.0013222265988588333,-1.3387246131896973,0.0,0.0,0.0,0.0,0.0,0.0,0.0,0.0,0.0,0.0,0.0,0.0,0.05062108859419823,0.08666296303272247,-0.05491117015480995,-0.08681908249855042,0.08098068088293076,0.06709437072277069,0.06385349482297897,0.07252716273069382,0.3039200007915497,-0.05164116993546486,0.07111504673957825,0.0,0.0,0.0,0.0,0.0,0.0,0.0
7636092516,0,-0.001826212159357965,-0.036661405116319656,-0.1330719292163849,6.569455581484362e-05,-0.04113857448101044,-0.3322513699531555,-0.024673616513609886,-0.008068333379924297,-0.013079220429062843,0.0037838323041796684,-0.008954383432865143,-0.19917944073677063,-0.011864994652569294,-0.021299801766872406,-0.004417513497173786,0.0,0.0,-0.0047828578390181065,0.008247550576925278,-0.0030063269659876823,0.0023004990071058273,0.09430213272571564,0.1693379282951355,-0.000286750408122316,0.38417568802833557,-0.007272246293723583,-7.362985610961914,0.08032489567995071,0.17345833778381348,-0.0011916926596313715,-0.00012968812370672822,-0.09369147568941116,-0.1626698523759842,0.00011604992323555052,2.2532131671905518,2.0,2.0,2.0,0.038330078125,0.0827929675579071,-0.038330078125,-0.08892577886581421,0.0,0.0591120682656765,0.0691835954785347,-0.0667477697134018,-0.06932486593723297,0.0,-0.23165005445480347,0.21754726767539978,-9.901358604431152,0.0698501244187355,-0.0013222265988588333,-1.3387246131896973,0.0,0.0,0.0,0.0,0.0,0.0,0.0,0.0,0.0,0.0,0.0,0.0,0.05314774438738823,0.08324635028839111,-0.05916007235646248,-0.08339601010084152,0.08098068088293076,0.06709437072277069,0.06385349482297897,0.07252716273069382,0.40086397528648376,-0.11812062561511993,-0.060328222811222076,0.0,0.0,0.0,0.0,0.0,0.0,0.0
7646486908,0,-0.001826212159357965,-0.036661405116319656,-0.1330719292163849,6.569455581484362e-05,-0.04113857448101044,-0.33425140380859375,-0.024673616513609886,-0.008068333379924297,-0.013079220429062843,0.0038650864735245705,-0.008891716599464417,-0.2010486125946045,-0.011864994652569294,-0.021299801766872406,-0.004417513497173786,0.0,0.0,-0.0047828578390181065,0.008247550576925278,-0.0030063269659876823,0.0023004990071058273,0.09430213272571564,0.1693379282951355,-0.000286750408122316,0.38417568802833557,-0.007272246293723583,-7.362985610961914,0.08032489567995071,0.17345833778381348,-0.0011916926596313715,-0.00012968812370672822,-0.09369147568941116,-0.1626698523759842,0.00011604992323555052,2.2532131671905518,2.0,2.0,2.0,0.04139648377895355,0.08432617038488388,-0.038330078125,-0.08892577886581421,0.0,0.0591120682656765,0.0691835954785347,-0.0667477697134018,-0.06932486593723297,0.0,-0.23165005445480347,0.21754726767539978,-9.901358604431152,0.06707388162612915,0.0022099544294178486,-1.3516417741775513,0.0,0.0,0.0,0.0,0.0,0.0,0.0,0.0,0.0,0.0,0.0,0.0,0.055298060178756714,0.07941111922264099,-0.06254397332668304,-0.07955601066350937,0.08098068088293076,0.06709437072277069,0.06385349482297897,0.07252716273069382,0.40086397528648376,-0.11812062561511993,-0.060328222811222076,0.0,0.0,0.0,0.0,0.0,0.0,0.0
7656483687,0,-0.0018668390111997724,-0.03669273853302002,-0.13320279121398926,6.569455581484362e-05,-0.04113857448101044,-0.33425140380859375,-0.02322874404489994,-0.009775999933481216,-0.013429311104118824,0.0038650864735245705,-0.008891716599464417,-0.2010486125946045,-0.011803488247096539,-0.021319955587387085,-0.004567189607769251,0.0,0.0,-0.0047828578390181065,-0.006197069771587849,0.0023442788515239954,-0.005237045232206583,0.09483838081359863,0.16992928087711334,-4.7902678488753736e-05,0.3689063489437103,0.012154749594628811,-7.434029579162598,0.09407243877649307,0.1695675253868103,0.006925123278051615,-0.0001315555564360693,-0.09353256970643997,-0.16301055252552032,0.00011292847921140492,2.1377439498901367,2.0,2.0,2.0888123512268066,0.04292968660593033,0.0827929675579071,-0.039863280951976776,-0.08892577886581421,0.0,0.0629970133304596,0.06303560733795166,-0.06748541444540024,-0.060489289462566376,0.0,-0.2701510787010193,-0.27733534574508667,-10.090239524841309,0.06707388162612915,0.0022099544294178486,-1.3516417741775513,0.0,0.0,0.0,0.0,0.0,0.0,0.0,0.0,0.0,0.0,0.0,0.0,0.05723861977458,0.07535403221845627,-0.06501796096563339,-0.07537192106246948,0.07674970477819443,0.07214973866939545,0.05924508348107338,0.07702916115522385,-0.4282900094985962,0.1668606698513031,-0.13621023297309875,0.0,0.0,0.0,0.0,0.0,0.0,0.0
7666859751,0,-0.0019051432609558105,-0.03683435544371605,-0.1334487497806549,6.569455581484362e-05,-0.04113857448101044,-0.3372513949871063,-0.018906883895397186,0.009889221750199795,-0.015190736390650272,0.0039416952058672905,-0.008608480915427208,-0.20380264520645142,-0.012066029012203217,-0.021293601021170616,-0.00457215728238225,0.0,0.0,-0.0047828578390181065,-0.006197069771587849,0.0023442788515239954,-0.005237045232206583,0.0959053635597229,0.16928578913211823,-9.866690379567444e-05,0.3293871283531189,-0.22505982220172882,-7.461390495300293,0.10630311816930771,0.16464735567569733,0.00542721850797534,-0.00012717347999569029,-0.09353256970643997,-0.16301055252552032,0.00011292847921140492,2.1377439498901367,2.0,2.0,2.0888123512268066,0.04599609225988388,0.0827929675579071,-0.044462889432907104,-0.08739257603883743,0.0,0.01719048246741295,0.09810145944356918,-0.018512804061174393,-0.09405072778463364,0.0,-0.2701510787010193,-0.27733534574508667,-10.090239524841309,0.0587850958108902,-0.036497730761766434,-1.3643145561218262,0.0,0.0,0.0,0.0,0.0,0.0,0.0,0.0,0.0,0.0,0.0,0.0,0.0569632351398468,0.0729868933558464,-0.06439678370952606,-0.07252372801303864,0.07674970477819443,0.07214973866939545,0.05924508348107338,0.07702916115522385,-0.4282900094985962,0.1668606698513031,-0.13621023297309875,0.0,0.0,0.0,0.0,0.0,0.0,0.0
7675935291,0,-0.0019093949813395739,-0.03680860251188278,-0.1335168331861496,6.569455581484362e-05,-0.04113857448101044,-0.33825141191482544,-0.02262483537197113,-0.00295763136819005,-0.015703830868005753,0.003950198646634817,-0.008659987710416317,-0.20473457872867584,-0.01192780863493681,-0.02128158137202263,-0.004568896722048521,0.0,0.0,-0.0047828578390181065,-0.0030661066994071007,0.0017375043826177716,-0.0020891977474093437,0.09480657428503036,0.16919024288654327,-0.0001044318632921204,0.3293871283531189,-0.22505982220172882,-7.461390495300293,0.10630311816930771,0.16464735567569733,0.00542721850797534,-0.00012717347999569029,-0.09360812604427338,-0.16325928270816803,-6.661532097496092e-05,2.25059175491333,2.0,2.0,2.0,0.04752929508686066,0.0827929675579071,-0.04752929508686066,-0.08739257603883743,0.0,0.01632845401763916,0.09810146689414978,-0.018512798473238945,-0.09824034571647644,0.0,-0.36618196964263916,-0.6645945906639099,-9.70313835144043,0.06612639129161835,-0.01091858185827732,-1.3685201406478882,0.0,0.0,0.0,0.0,0.0,0.0,0.0,0.0,0.0,0.0,0.0,0.0,0.05156201869249344,0.07483937591314316,-0.05788363516330719,-0.07374028861522675,0.07880566269159317,0.07152306288480759,0.06081831827759743,0.07505273073911667,-0.039846207946538925,0.06507913768291473,0.0765209048986435,0.0,0.0,0.0,0.0,0.0,0.0,0.0
7687293668,0,-0.0019093949813395739,-0.03680860251188278,-0.1335168331861496,6.569455581484362e-05,-0.04113857448101044,-0.33825141191482544,-0.02262483537197113,-0.00295763136819005,-0.015703830868005753,0.003950198646634817,-0.008659987710416317,-0.20473457872867584,-0.01192780863493681,-0.02128158137202263,-0.004568896722048521,0.0,0.0,-0.0047828578390181065,0.008023587986826897,-0.005229979287832975,0.003163732588291168,0.09480657428503036,0.16919024288654327,-0.0001044318632921204,0.3233180344104767,-0.20073752105236053,-7.503729820251465,0.09424903243780136,0.17057475447654724,-0.001671178499236703,-0.00011252499098191038,-0.09367074072360992,-0.16354410350322723,-9.257868077838793e-05,2.3855645656585693,2.0,2.0,2.0,0.04906250163912773,0.08125976473093033,-0.052128907293081284,-0.08585937321186066,0.0,0.018116788938641548,0.09271244704723358,-0.02173224836587906,-0.09283526241779327,0.0,-0.36618196964263916,-0.6645945906639099,-9.70313835144043,0.06612639129161835,-0.01091858185827732,-1.3685201406478882,0.0,0.0,0.0,0.0,0.0,0.0,0.0,0.0,0.0,0.0,0.0,0.0,0.04252634942531586,0.07979433238506317,-0.04756392166018486,-0.07841692119836807,0.08043043315410614,0.0693880245089531,0.06304465979337692,0.07379116863012314,0.4366837739944458,-0.2343912422657013,0.20737996697425842,0.0,0.0,0.0,0.0,0.0,0.0,0.0
7696648676,0,-0.0019093949813395739,-0.03680860251188278,-0.1335168331861496,6.569455581484362e-05,-0.04113857448101044,-0.3402513861656189,-0.02262483537197113,-0.00295763136819005,-0.015703830868005753,0.0039433971978724,-0.008593207225203514,-0.20658497512340546,-0.01192780863493681,-0.02128158137202263,-0.004568896722048521,0.0,0.0,-0.0047828578390181065,0.008023587986826897,-0.005229979287832975,0.003163732588291168,0.09480657428503036,0.16919024288654327,-0.0001044318632921204,0.3636951446533203,-0.06005220115184784,-7.52686071395874,0.08135208487510681,0.1786206215620041,-0.004474263172596693,-0.00010590195597615093,-0.09356947988271713,-0.163755863904953,-2.8920436307089403e-05,2.3855645656585693,2.0,2.0,2.0,0.04906250163912773,0.07972656190395355,-0.05366211012005806,-0.08585937321186066,0.0,0.044968381524086,0.07492119073867798,-0.05376044288277626,-0.07503661513328552,0.0,-0.36618196964263916,-0.6645945906639099,-9.70313835144043,0.0663319081068039,-0.018199389800429344,-1.399627685546875,0.0,0.0,0.0,0.0,0.0,0.0,0.0,0.0,0.0,0.0,0.0,0.0,0.03473448008298874,0.08404284715652466,-0.03905091434717178,-0.08280579000711441,0.08309950679540634,0.06711725145578384,0.06628154218196869,0.07292146980762482,0.4366837739944458,-0.2343912422657013,0.20737996697425842,0.0,0.0,0.0,0.0,0.0,0.0,0.0
7706149236,0,-0.0019059942569583654,-0.036841992288827896,-0.13366641104221344,6.569455581484362e-05,-0.04113857448101044,-0.3402513861656189,-0.022809071466326714,0.0007322941091842949,-0.013926682062447071,0.0039433971978724,-0.008593207225203514,-0.20658497512340546,-0.011664949357509613,-0.021443387493491173,-0.00449520954862237,0.0,0.0,-0.0047828578390181065,0.007681261282414198,-0.0028063529171049595,0.003379098605364561,0.09271439164876938,0.17047780752182007,-0.00019507392426021397,0.3636951446533203,-0.06005220115184784,-7.52686071395874,0.08135208487510681,0.1786206215620041,-0.004474263172596693,-0.00010590195597615093,-0.09345325082540512,-0.1639443188905716,3.343908610986546e-05,2.4045190811157227,2.0,2.0,2.0,0.04906250163912773,0.07819335907697678,-0.05366211012005806,-0.08432617038488388,0.0,0.04461367055773735,0.074921153485775,-0.053760454058647156,-0.07503660768270493,0.0,-0.5171747803688049,-0.49760037660598755,-9.640695571899414,0.0663319081068039,-0.018199389800429344,-1.399627685546875,0.0,0.0,0.0,0.0,0.0,0.0,0.0,0.0,0.0,0.0,0.0,0.0,0.03153569996356964,0.08526986837387085,-0.036100905388593674,-0.08435174077749252,0.08241129666566849,0.06855519860982895,0.06569107621908188,0.07429610192775726,0.21150240302085876,-0.020426567643880844,0.1145668551325798,0.0,0.0,0.0,0.0,0.0,0.0,0.0
7716061515,0,-0.0019069727277383208,-0.0369231142103672,-0.13373008370399475,6.569455581484362e-05,-0.04113857448101044,-0.341251403093338,-0.016327105462551117,0.0019783913157880306,-0.014920699410140514,0.003945353906601667,-0.008430962450802326,-0.20752131938934326,-0.011690013110637665,-0.021458854898810387,-0.004495479632169008,0.0,0.0,-0.0047828578390181065,0.007259877864271402,-0.0004796838038600981,0.002208871301263571,0.09291359037160873,0.17060071229934692,-0.00019431975670158863,0.29367661476135254,-0.11235031485557556,-7.694769859313965,0.08362849801778793,0.17030495405197144,-0.0017542955465614796,-0.00010135391494259238,-0.09345325082540512,-0.1639443188905716,3.343908610986546e-05,2.349925994873047,2.0,2.0,2.009939432144165,0.04906250163912773,0.07819335907697678,-0.05059570446610451,-0.08125976473093033,0.0,0.027237575501203537,0.0717826560139656,-0.03211487829685211,-0.07153696566820145,0.0,-0.09532373398542404,1.2726587057113647,-9.591558456420898,0.053395748138427734,-0.02042732946574688,-1.3990490436553955,0.0,0.0,0.0,0.0,0.0,0.0,0.0,0.0,0.0,0.0,0.0,0.0,0.03159051388502121,0.08381892740726471,-0.036910176277160645,-0.08323171734809875,0.08241129666566849,0.06855519860982895,0.06569107621908188,0.07429610192775726,0.0704987645149231,0.1213555857539177,0.007053110748529434,0.0,0.0,0.0,0.0,0.0,0.0,0.0
7725968678,0,-0.0019069727277383208,-0.0369231142103672,-0.13373008370399475,6.569455581484362e-05,-0.04113857448101044,-0.341251403093338,-0.016327105462551117,0.0019783913157880306,-0.014920699410140514,0.003945353906601667,-0.008430962450802326,-0.20752131938934326,-0.011690013110637665,-0.021458854898810387,-0.004495479632169008,0.0,0.0,-0.0047828578390181065,-0.0027063884772360325,-0.0003770071780309081,0.0014235235285013914,0.09291359037160873,0.17060071229934692,-0.00019431975670158863,0.29367661476135254,-0.11235031485557556,-7.694769859313965,0.08362849801778793,0.17030495405197144,-0.0017542955465614796,-0.00010135391494259238,-0.09338720887899399,-0.1640610545873642,6.787113670725375e-05,2.349925994873047,2.0,2.0,2.009939432144165,0.04599609225988388,0.07972656190395355,-0.04752929508686066,-0.08125976473093033,0.0,0.027237575501203537,0.0717826560139656,-0.03211487829685211,-0.07153696566820145,0.0,-0.09532373398542404,1.2726587057113647,-9.591558456420898,0.053395748138427734,-0.02042732946574688,-1.3990490436553955,0.0,0.0,0.0,0.0,0.0,0.0,0.0,0.0,0.0,0.0,0.0,0.0,0.03161582723259926,0.08102909475564957,-0.03742187097668648,-0.08068431913852692,0.08164867013692856,0.07008334249258041,0.06476228684186935,0.07439318299293518,-0.3211815655231476,-0.02505589835345745,-0.012201281264424324,0.0,0.0,0.0,0.0,0.0,0.0,0.0
7736488681,0,-0.001902413205243647,-0.03695337846875191,-0.13384981453418732,6.569455581484362e-05,-0.04113857448101044,-0.34325140714645386,-0.01720024086534977,-0.0018981612520292401,-0.016065362840890884,0.00393623486161232,-0.008370433934032917,-0.20940159261226654,-0.011954042129218578,-0.02135799638926983,-0.004562392830848694,0.0,0.0,-0.0047828578390181065,-0.0027063884772360325,-0.0003770071780309081,0.0014235235285013914,0.09348566830158234,0.17132613062858582,-0.0002653579867910594,0.3709167242050171,-0.1302877962589264,-7.876516819000244,0.10093297064304352,0.1704254150390625,-0.0009276262717321515,-0.00010151838068850338,-0.09340132027864456,-0.16418790817260742,9.468926873523742e-05,2.4013350009918213,2.0,2.0,2.049150228500366,0.04292968660593033,0.07972656190395355,-0.04599609225988388,-0.08125976473093033,0.0,0.03538971766829491,0.08866222202777863,-0.04260564595460892,-0.08663833141326904,0.0,0.017753127962350845,1.3137174844741821,-9.63506031036377,0.05513262003660202,-0.012435611337423325,-1.4058927297592163,0.0,0.0,0.0,0.0,0.0,0.0,0.0,0.0,0.0,0.0,0.0,0.0,0.031196443364024162,0.07872948050498962,-0.03717820346355438,-0.07844019681215286,0.08306685090065002,0.07115474343299866,0.06527433544397354,0.07538017630577087,-0.3211815655231476,-0.02505589835345745,-0.012201281264424324,0.0,0.0,0.0,0.0,0.0,0.0,0.0
7746051823,0,-0.001902413205243647,-0.03695337846875191,-0.13384981453418732,6.569455581484362e-05,-0.04113857448101044,-0.3462514281272888,-0.01720024086534977,-0.0018981612520292401,-0.016065362840890884,0.003919247072190046,-0.008435879833996296,-0.21220500767230988,-0.011954042129218578,-0.02135799638926983,-0.004562392830848694,0.0,0.0,-0.0047828578390181065,-0.006333152763545513,-0.0016529697459191084,0.0031622012611478567,0.09405715018510818,0.17202723026275635,-0.00036415772046893835,0.3731025159358978,-0.1475546658039093,-8.00354290008545,0.10355182737112045,0.17335832118988037,-0.0031720935367047787,-0.0001033235530485399,-0.09340132027864456,-0.16418790817260742,9.468926873523742e-05,2.4981091022491455,2.0,2.0,2.0246896743774414,0.04139648377895355,0.08125976473093033,-0.044462889432907104,-0.08125976473093033,0.0,0.03188186511397362,0.09211411327123642,-0.039938364177942276,-0.09109912812709808,0.0,0.11909983307123184,-0.02583920583128929,-10.176993370056152,0.06416837126016617,-0.03568976745009422,-1.4620323181152344,0.0,0.0,0.0,0.0,0.0,0.0,0.0,0.0,0.0,0.0,0.0,0.0,0.031226061284542084,0.07881192117929459,-0.03745286911725998,-0.07835841923952103,0.08306685090065002,0.07115474343299866,0.06527433544397354,0.07538017630577087,-0.14355333149433136,-0.12596110999584198,0.06904035806655884,0.0,0.0,0.0,0.0,0.0,0.0,0.0
7757359735,0,-0.0019161371747031808,-0.03694866597652435,-0.1341206431388855,6.569455581484362e-05,-0.04113857448101044,-0.34725141525268555,-0.018120067194104195,-0.002122888807207346,-0.01768301986157894,0.003963683266192675,-0.008379858918488026,-0.21313077211380005,-0.011745905503630638,-0.021508071571588516,-0.004475392866879702,0.0,0.0,-0.0047828578390181065,-0.006333152763545513,-0.0016529697459191084,0.0031622012611478567,0.09405715018510818,0.17202723026275635,-0.00036415772046893835,0.3731025159358978,-0.1475546658039093,-8.00354290008545,0.10355182737112045,0.17335832118988037,-0.0031720935367047787,-0.0001033235530485399,-0.09364745020866394,-0.16462180018424988,0.0002064030704787001,2.4981091022491455,2.0,2.0,2.0246896743774414,0.04139648377895355,0.08125976473093033,-0.044462889432907104,-0.08432617038488388,0.0,0.03188186511397362,0.09211411327123642,-0.039938364177942276,-0.09109912812709808,0.0,0.11909983307123184,-0.02583920583128929,-10.176993370056152,0.05694766342639923,-0.012061872519552708,-1.4269933700561523,0.0,0.0,0.0,0.0,0.0,0.0,0.0,0.0,0.0,0.0,0.0,0.0,0.031523462384939194,0.08114784210920334,-0.03816963732242584,-0.08046341687440872,0.08306685090065002,0.07115474343299866,0.06527433544397354,0.07538017630577087,-0.14355333149433136,-0.12596110999584198,0.06904035806655884,0.0,0.0,0.0,0.0,0.0,0.0,0.0
7766251766,0,-0.0019161371747031808,-0.03694866597652435,-0.1341206431388855,6.569455581484362e-05,-0.04113857448101044,-0.34725141525268555,-0.018120067194104195,-0.002122888807207346,-0.01768301986157894,0.003963683266192675,-0.008379858918488026,-0.21313077211380005,-0.011745905503630638,-0.021508071571588516,-0.004475392866879702,0.0,0.0,-0.0047828578390181065,0.00918461661785841,-0.0036774701438844204,-0.00174149579834193,0.0933571308851242,0.1709924191236496,-0.00021735450718551874,0.3529260456562042,-0.19629372656345367,-8.041177749633789,0.07783820480108261,0.17592020332813263,0.0029235437978059053,-0.00010915143502643332,-0.09364745020866394,-0.16462180018424988,0.0002064030704787001,2.318967580795288,2.0,2.0,2.230531692504883,0.04139648377895355,0.08125976473093033,-0.04292968660593033,-0.08585937321186066,0.0,0.02383149415254593,0.09718283265829086,-0.027751818299293518,-0.0872185155749321,0.0,0.15367060899734497,-0.23895426094532013,-10.089327812194824,0.05694766342639923,-0.012061872519552708,-1.4269933700561523,0.0,0.0,0.0,0.0,0.0,0.0,0.0,0.0,0.0,0.0,0.0,0.0,0.03136448562145233,0.08455409109592438,-0.03828633949160576,-0.0832822397351265,0.08261855691671371,0.0728914812207222,0.06518258899450302,0.07776646316051483,0.6334315538406372,-0.1250304877758026,-0.16712863743305206,0.0,0.0,0.0,0.0,0.0,0.0,0.0
7776002528,0,-0.0019161371747031808,-0.03694866597652435,-0.1341206431388855,6.569455581484362e-05,-0.04113857448101044,-0.3492514193058014,-0.018120067194104195,-0.002122888807207346,-0.01768301986157894,0.003918061498552561,-0.00847727619111538,-0.21499386429786682,-0.011745905503630638,-0.021508071571588516,-0.004475392866879702,0.0,0.0,-0.0047828578390181065,0.00918461661785841,-0.0036774701438844204,-0.00174149579834193,0.0933571308851242,0.1709924191236496,-0.00021735450718551874,0.3529260456562042,-0.19629372656345367,-8.041177749633789,0.07783820480108261,0.17592020332813263,0.0029235437978059053,-0.00010915143502643332,-0.09364745020866394,-0.16462180018424988,0.0002064030704787001,2.318967580795288,2.0,2.0,2.230531692504883,0.039863280951976776,0.07972656190395355,-0.04292968660593033,-0.08585937321186066,0.0,0.02383149415254593,0.09718283265829086,-0.027751818299293518,-0.0872185155749321,0.0,0.15367060899734497,-0.23895426094532013,-10.089327812194824,0.059448786079883575,-0.0103538166731596,-1.4642659425735474,0.0,0.0,0.0,0.0,0.0,0.0,0.0,0.0,0.0,0.0,0.0,0.0,0.030267629772424698,0.08832584321498871,-0.03696201369166374,-0.0855739414691925,0.08261855691671371,0.0728914812207222,0.06518258899450302,0.07776646316051483,0.6334315538406372,-0.1250304877758026,-0.16712863743305206,0.0,0.0,0.0,0.0,0.0,0.0,0.0
7785957415,0,-0.0018933264072984457,-0.036899957805871964,-0.13425755500793457,6.569455581484362e-05,-0.04113857448101044,-0.3492514193058014,-0.019475391134619713,-0.003064252668991685,-0.01516688521951437,0.003918061498552561,-0.00847727619111538,-0.21499386429786682,-0.011554781347513199,-0.021401023492217064,-0.004515237174928188,0.0,0.0,-0.0047828578390181065,0.013766550458967686,0.002260444685816765,-0.002733268542215228,0.09183941781520844,0.17014054954051971,-0.00017275482241529971,0.33315008878707886,-0.23697490990161896,-8.050188064575195,0.0736161470413208,0.1661178320646286,0.002619404112920165,-0.00010934202873613685,-0.09342031180858612,-0.1649675816297531,0.00011183916649315506,2.3070249557495117,2.0,2.0,2.2167716026306152,0.039863280951976776,0.07819335907697678,-0.04139648377895355,-0.08432617038488388,0.0,0.014687929302453995,0.10089647769927979,-0.017061792314052582,-0.09110896289348602,0.0,-1.2613904476165771,-0.5293272137641907,-9.675761222839355,0.059448786079883575,-0.0103538166731596,-1.4642659425735474,0.0,0.0,0.0,0.0,0.0,0.0,0.0,0.0,0.0,0.0,0.0,0.0,0.02811872959136963,0.0919865146279335,-0.034118007868528366,-0.08718397468328476,0.08031802624464035,0.0742165818810463,0.06447794288396835,0.07964003831148148,0.44567179679870605,0.17622768878936768,-0.05896768346428871,0.0,0.0,0.0,0.0,0.0,0.0,0.0
7797156379,0,-0.0018722686218097806,-0.03684921935200691,-0.13436545431613922,6.569455581484362e-05,-0.04113857448101044,-0.35125142335891724,-0.022861996665596962,-0.004420051816850901,-0.012808622792363167,0.003875945694744587,-0.008578753098845482,-0.21688596904277802,-0.011883922852575779,-0.021425694227218628,-0.0045698946341872215,0.0,0.0,-0.0047828578390181065,-0.0001559240772621706,0.004184328019618988,-0.0021377629600465298,0.09028790891170502,0.1719377487897873,-2.947383836726658e-05,0.3193400800228119,-0.24054673314094543,-8.189533233642578,0.098937027156353,0.16411572694778442,0.0015220396453514695,-0.0001057453264365904,-0.09342031180858612,-0.1649675816297531,0.00011183916649315506,2.4049360752105713,2.0028798580169678,2.0,2.1823437213897705,0.038330078125,0.07819335907697678,-0.039863280951976776,-0.08125976473093033,0.0,0.011535998433828354,0.09893656522035599,-0.013986749574542046,-0.09088289737701416,0.0,-1.2613904476165771,-0.5293272137641907,-9.675761222839355,0.0659700259566307,-0.00759679963812232,-1.4992780685424805,0.0,0.0,0.0,0.0,0.0,0.0,0.0,0.0,0.0,0.0,0.0,0.0,0.024859927594661713,0.09516927599906921,-0.029923245310783386,-0.0885101705789566,0.08031802624464035,0.0742165818810463,0.06447794288396835,0.07964003831148148,-0.4323531687259674,0.20358002185821533,0.010995237156748772,0.0,0.0,0.0,0.0,0.0,0.0,0.0
7806178342,0,-0.0018722686218097806,-0.03684921935200691,-0.13436545431613922,6.569455581484362e-05,-0.04113857448101044,-0.35125142335891724,-0.022861996665596962,-0.004420051816850901,-0.012808622792363167,0.003875945694744587,-0.008578753098845482,-0.21688596904277802,-0.011883922852575779,-0.021425694227218628,-0.0045698946341872215,0.0,0.0,-0.0047828578390181065,-0.0001559240772621706,0.004184328019618988,-0.0021377629600465298,0.09028790891170502,0.1719377487897873,-2.947383836726658e-05,0.3193400800228119,-0.24054673314094543,-8.189533233642578,0.098937027156353,0.16411572694778442,0.0015220396453514695,-0.0001057453264365904,-0.0933023989200592,-0.16529811918735504,-9.993163985200226e-07,2.4049360752105713,2.0028798580169678,2.0,2.1823437213897705,0.038330078125,0.07972656190395355,-0.038330078125,-0.07819335907697678,0.0,0.011535998433828354,0.09893656522035599,-0.013986749574542046,-0.09088289737701416,0.0,-1.2613904476165771,-0.5293272137641907,-9.675761222839355,0.0659700259566307,-0.00759679963812232,-1.4992780685424805,0.0,0.0,0.0,0.0,0.0,0.0,0.0,0.0,0.0,0.0,0.0,0.0,0.020943984389305115,0.09752018749713898,-0.02506134659051895,-0.08961066603660583,0.08581634610891342,0.07311984151601791,0.06703772395849228,0.07696296274662018,-0.4323531687259674,0.20358002185821533,0.010995237156748772,0.0,0.0,0.0,0.0,0.0,0.0,0.0
7816206875,0,-0.0018626372329890728,-0.036794546991586685,-0.13446901738643646,6.569455581484362e-05,-0.04113857448101044,-0.3532514274120331,-0.02536616660654545,-0.0012416429817676544,-0.01387462392449379,0.0038566829171031713,-0.00868809875100851,-0.21878241002559662,-0.012159880250692368,-0.02153497375547886,-0.004546184558421373,0.0,0.0,-0.0047828578390181065,-0.006154583767056465,-0.0038413461297750473,0.0041382797062397,0.0966501235961914,0.17120514810085297,-0.00012687291018664837,0.2958837151527405,-0.25002366304397583,-8.314204216003418,0.1170969158411026,0.17292146384716034,-0.0021051543299108744,-9.809334733290598e-05,-0.0933023989200592,-0.16529811918735504,-9.993163985200226e-07,2.5683979988098145,2.0,2.0,2.108671188354492,0.036796875298023224,0.08125976473093033,-0.038330078125,-0.07972656190395355,0.0,0.006271398160606623,0.09660056978464127,-0.00816040113568306,-0.0917094275355339,0.0,-1.3368271589279175,-0.1027190089225769,-9.786418914794922,0.07092498242855072,-0.014038781635463238,-1.5073997974395752,0.0,0.0,0.0,0.0,0.0,0.0,0.0,0.0,0.0,0.0,0.0,0.0,0.017039181664586067,0.09882998466491699,-0.020357860252261162,-0.0904248058795929,0.08581634610891342,0.07311984151601791,0.06703772395849228,0.07696296274662018,-0.0604451447725296,-0.2471953183412552,0.19832256436347961,0.0,0.0,0.0,0.0,0.0,0.0,0.0
7826943384,0,-0.0018626372329890728,-0.036794546991586685,-0.13446901738643646,6.569455581484362e-05,-0.04113857448101044,-0.3552514314651489,-0.02536616660654545,-0.0012416429817676544,-0.01387462392449379,0.0039418842643499374,-0.00881496723741293,-0.22066818177700043,-0.012159880250692368,-0.02153497375547886,-0.004546184558421373,0.0,0.0,-0.0047828578390181065,-0.006154583767056465,-0.0038413461297750473,0.0041382797062397,0.0966501235961914,0.17120514810085297,-0.00012687291018664837,0.39008739590644836,-0.07721330225467682,-8.290699005126953,0.09974899888038635,0.17955704033374786,-0.005174336023628712,-9.508591756457463e-05,-0.09356844425201416,-0.16563183069229126,0.00012517112190835178,2.623039484024048,2.0,2.0,2.062711477279663,0.036796875298023224,0.0827929675579071,-0.03526367247104645,-0.07972656190395355,0.0,0.04214464873075485,0.08265027403831482,-0.05538882687687874,-0.08023254573345184,0.0,-0.8299230933189392,-0.6070932149887085,-10.068273544311523,0.07864288985729218,-0.014431015588343143,-1.5121973752975464,0.0,0.0,0.0,0.0,0.0,0.0,0.0,0.0,0.0,0.0,0.0,0.0,0.015029565431177616,0.0985269770026207,-0.01824137754738331,-0.09049467742443085,0.08922138810157776,0.0709492638707161,0.07058672606945038,0.07548125088214874,-0.0604451447725296,-0.2471953183412552,0.19832256436347961,0.0,0.0,0.0,0.0,0.0,0.0,0.0
7836596932,0,-0.001905237790197134,-0.036731112748384476,-0.1345832496881485,6.569455581484362e-05,-0.04113857448101044,-0.3552514314651489,-0.02916404791176319,-0.001183286658488214,-0.015467324294149876,0.0039418842643499374,-0.00881496723741293,-0.22066818177700043,-0.01207893155515194,-0.021709488704800606,-0.004387370776385069,0.0,0.0,-0.0047828578390181065,-0.00571415014564991,-0.0020695021376013756,0.00591344153508544,0.09600091725587845,0.17259545624256134,-0.0003172159777022898,0.27602601051330566,-0.24598544836044312,-8.399970054626465,0.10139821469783783,0.17500433325767517,-0.00653039338067174,-9.586322266841307e-05,-0.09356844425201416,-0.16563183069229126,0.00012517112190835178,2.679840326309204,2.0,2.0,2.0461819171905518,0.03373046964406967,0.08432617038488388,-0.03373046964406967,-0.08432617038488388,0.0,0.003924394492059946,0.09235859662294388,-0.005362604279071093,-0.09037061780691147,0.0,0.3683125972747803,0.6413570046424866,-9.73243522644043,0.07864288985729218,-0.014431015588343143,-1.5121973752975464,0.0,0.0,0.0,0.0,0.0,0.0,0.0,0.0,0.0,0.0,0.0,0.0,0.015626614913344383,0.0965396836400032,-0.01956864632666111,-0.08963252604007721,0.08836679905653,0.06954286247491837,0.07114963978528976,0.07535973936319351,0.03168497607111931,-0.033936936408281326,0.19532640278339386,0.0,0.0,0.0,0.0,0.0,0.0,0.0
7847020544,0,-0.001892436877824366,-0.036734286695718765,-0.13465332984924316,6.569455581484362e-05,-0.04113857448101044,-0.35625141859054565,-0.012727792374789715,0.011027244850993156,-0.014281838200986385,0.003916282206773758,-0.00880861934274435,-0.2215980887413025,-0.011560063809156418,-0.021818973124027252,-0.00434814253821969,0.0,0.0,-0.0047828578390181065,0.0002077914250548929,-0.0048284693621098995,0.00601558992639184,0.09187499433755875,0.17346617579460144,-0.00037028396036475897,0.27602601051330566,-0.24598544836044312,-8.399970054626465,0.10139821469783783,0.17500433325767517,-0.00653039338067174,-9.586322266841307e-05,-0.09356844425201416,-0.16563183069229126,0.00012517112190835178,2.6261067390441895,2.0,2.0,2.0733284950256348,0.03066406212747097,0.08739257603883743,-0.029130859300494194,-0.08432617038488388,0.0,0.004004693124443293,0.09235859662294388,-0.005362604279071093,-0.08918420225381851,0.0,0.3683125972747803,0.6413570046424866,-9.73243522644043,0.04570626839995384,-0.039172034710645676,-1.528782606124878,0.0,0.0,0.0,0.0,0.0,0.0,0.0,0.0,0.0,0.0,0.0,0.0,0.015527746640145779,0.0943429172039032,-0.019907811656594276,-0.08882228285074234,0.08836679905653,0.06954286247491837,0.07114963978528976,0.07535973936319351,0.20162354409694672,-0.15378718078136444,0.09392298758029938,0.0,0.0,0.0,0.0,0.0,0.0,0.0
7857062332,0,-0.001892436877824366,-0.036734286695718765,-0.13465332984924316,6.569455581484362e-05,-0.04113857448101044,-0.35625141859054565,-0.012727792374789715,0.011027244850993156,-0.014281838200986385,0.003916282206773758,-0.00880861934274435,-0.2215980887413025,-0.011560063809156418,-0.021818973124027252,-0.00434814253821969,0.0,0.0,-0.0047828578390181065,0.0002077914250548929,-0.0048284693621098995,0.00601558992639184,0.09740693122148514,0.1731802225112915,1.5359950111815124e-06,0.43253588676452637,-0.07937058806419373,-8.317085266113281,0.0896509662270546,0.17983251810073853,-0.005627803038805723,-0.00010083265806315467,-0.093642458319664,-0.1661343276500702,0.000367595290299505,2.6261067390441895,2.0,2.0,2.0733284950256348,0.03066406212747097,0.08739257603883743,-0.027597656473517418,-0.08739257603883743,0.0,0.0475228875875473,0.09056205302476883,-0.06252692639827728,-0.08745694905519485,0.0,0.3683125972747803,0.6413570046424866,-9.73243522644043,0.04570626839995384,-0.039172034710645676,-1.528782606124878,0.0,0.0,0.0,0.0,0.0,0.0,0.0,0.0,0.0,0.0,0.0,0.0,0.015356672927737236,0.09281348437070847,-0.020027723163366318,-0.0884656310081482,0.0826452225446701,0.07604461163282394,0.0652356818318367,0.08094935864210129,0.20162354409694672,-0.15378718078136444,0.09392298758029938,0.0,0.0,0.0,0.0,0.0,0.0,0.0
7866241788,0,-0.0019655891228467226,-0.036761026829481125,-0.13480477035045624,6.569455581484362e-05,-0.04113857448101044,-0.3582514524459839,-0.013074574992060661,0.010014506056904793,-0.01404518075287342,0.004062587860971689,-0.008755139075219631,-0.22344668209552765,-0.011739560402929783,-0.02179994061589241,-0.00455311918631196,0.0,0.0,-0.0047828578390181065,-0.00394087191671133,-3.637335612438619e-05,-0.003463055705651641,0.09740693122148514,0.1731802225112915,1.5359950111815124e-06,0.25657138228416443,-0.2030879706144333,-8.520349502563477,0.10285449773073196,0.17267046868801117,0.00620174640789628,-0.00011662819451885298,-0.093642458319664,-0.1661343276500702,0.000367595290299505,2.389503240585327,2.196366310119629,2.0,2.389057159423828,0.027597656473517418,0.08892577886581421,-0.026064453646540642,-0.08585937321186066,0.0,0.007860484533011913,0.07400205731391907,-0.009518160484731197,-0.06813015043735504,0.0,0.4597683250904083,0.7180376648902893,-9.5755615234375,0.04664934054017067,-0.03692508488893509,-1.5491544008255005,0.0,0.0,0.0,0.0,0.0,0.0,0.0,0.0,0.0,0.0,0.0,0.0,0.017370807006955147,0.09096478670835495,-0.02284647524356842,-0.08729219436645508,0.0826452225446701,0.07604461163282394,0.0652356818318367,0.08094935864210129,-0.1506693959236145,0.054613277316093445,-0.3486674726009369,0.0,0.0,0.0,0.0,0.0,0.0,0.0
7876907234,0,-0.0020287742372602224,-0.0367734469473362,-0.13487529754638672,6.569455581484362e-05,-0.04113857448101044,-0.3592514395713806,-0.03385500609874725,-0.0024744588881731033,-0.017236242070794106,0.004188958555459976,-0.008730298839509487,-0.2243761420249939,-0.012240603566169739,-0.021684596315026283,-0.0046491967514157295,0.0,0.0,-0.0047828578390181065,-0.0038645919412374496,0.0019304923480376601,-0.007415184751152992,0.09495067596435547,0.17230582237243652,8.239457383751869e-05,0.4868423640727997,-0.06346410512924194,-8.442846298217773,0.09912800043821335,0.16915136575698853,0.009611614979803562,-0.00012079777661710978,-0.093642458319664,-0.1661343276500702,0.000367595290299505,2.2734456062316895,2.262808322906494,2.0,2.4563350677490234,0.029130859300494194,0.08892577886581421,-0.026064453646540642,-0.08585937321186066,0.0,0.06583117693662643,0.08603090792894363,-0.07497930526733398,-0.0793452039361,0.0,0.46249014139175415,0.5152469277381897,-9.633574485778809,0.08851679414510727,-0.011538928374648094,-1.5350630283355713,0.0,0.0,0.0,0.0,0.0,0.0,0.0,0.0,0.0,0.0,0.0,0.0,0.02111045829951763,0.08824434876441956,-0.02723856456577778,-0.08458811789751053,0.0826452225446701,0.07604461163282394,0.0652356818318367,0.08094935864210129,-0.031272802501916885,0.12239730358123779,-0.38676321506500244,0.0,0.0,0.0,0.0,0.0,0.0,0.0
7887177779,0,-0.0020287742372602224,-0.0367734469473362,-0.13487529754638672,6.569455581484362e-05,-0.04113857448101044,-0.3592514395713806,-0.03385500609874725,-0.0024744588881731033,-0.017236242070794106,0.004188958555459976,-0.008730298839509487,-0.2243761420249939,-0.012240603566169739,-0.021684596315026283,-0.0046491967514157295,0.0,0.0,-0.0047828578390181065,-0.0038645919412374496,0.0019304923480376601,-0.007415184751152992,0.09495067596435547,0.17230582237243652,8.239457383751869e-05,0.4868423640727997,-0.06346410512924194,-8.442846298217773,0.09912800043821335,0.16915136575698853,0.009611614979803562,-0.00012079777661710978,-0.09375698864459991,-0.16640765964984894,0.00014345037925522774,2.2734456062316895,2.262808322906494,2.0,2.4563350677490234,0.027597656473517418,0.08892577886581421,-0.026064453646540642,-0.08585937321186066,0.0,0.06583117693662643,0.08603090792894363,-0.07497930526733398,-0.0793452039361,0.0,0.46249014139175415,0.5152469277381897,-9.633574485778809,0.08851679414510727,-0.011538928374648094,-1.5350630283355713,0.0,0.0,0.0,0.0,0.0,0.0,0.0,0.0,0.0,0.0,0.0,0.0,0.02852756157517433,0.08594304323196411,-0.03518827259540558,-0.08177338540554047,0.08370263129472733,0.07751654833555222,0.06598075479269028,0.0828355997800827,-0.031272802501916885,0.12239730358123779,-0.38676321506500244,0.0,0.0,0.0,0.0,0.0,0.0,0.0
7896096897,0,-0.002102816943079233,-0.036762870848178864,-0.13498032093048096,6.569455581484362e-05,-0.04113857448101044,-0.36125144362449646,-0.034326765686273575,-0.001115928404033184,-0.01636279746890068,0.004337044898420572,-0.008751451037824154,-0.2262711226940155,-0.012115038931369781,-0.02188967540860176,-0.004696084186434746,0.0,0.0,-0.0047828578390181065,0.00352031784132123,-0.004288388416171074,-0.0045248884707689285,0.09278113394975662,0.1734849512577057,1.470199458708521e-05,0.4928247630596161,-0.07861911505460739,-8.569189071655273,0.08607752621173859,0.17907708883285522,0.0030075458344072104,-0.00011740017362171784,-0.09376827627420425,-0.16680584847927094,-3.998073952971026e-05,2.4654009342193604,2.0935676097869873,2.0,2.3586273193359375,0.026064453646540642,0.08892577886581421,-0.026064453646540642,-0.08585937321186066,0.0,0.059382740408182144,0.09659235179424286,-0.07335146516561508,-0.08581765741109848,0.0,0.26073479652404785,0.5028846859931946,-9.685722351074219,0.08960450440645218,-0.01429438404738903,-1.5580344200134277,0.0,0.0,0.0,0.0,0.0,0.0,0.0,0.0,0.0,0.0,0.0,0.0,0.038761433213949203,0.08531465381383896,-0.046365465968847275,-0.08023958653211594,0.08370263129472733,0.07751654833555222,0.06598075479269028,0.0828355997800827,0.3183286786079407,-0.13037438690662384,0.05145472288131714,0.0,0.0,0.0,0.0,0.0,0.0,0.0
7905971018,0,-0.002102816943079233,-0.036762870848178864,-0.13498032093048096,6.569455581484362e-05,-0.04113857448101044,-0.36425143480300903,-0.034326765686273575,-0.001115928404033184,-0.01636279746890068,0.004601604305207729,-0.008822477422654629,-0.229147270321846,-0.012115038931369781,-0.02188967540860176,-0.004696084186434746,0.0,0.0,-0.0047828578390181065,0.00352031784132123,-0.004288388416171074,-0.0045248884707689285,0.09278113394975662,0.1734849512577057,1.470199458708521e-05,0.4928247630596161,-0.07861911505460739,-8.569189071655273,0.08607752621173859,0.17907708883285522,0.0030075458344072104,-0.00011740017362171784,-0.09380070120096207,-0.16701480746269226,-5.633461114484817e-06,2.4654009342193604,2.0935676097869873,2.0,2.3586273193359375,0.026064453646540642,0.08739257603883743,-0.027597656473517418,-0.08892577886581421,0.0,0.059382740408182144,0.09659235179424286,-0.07335146516561508,-0.08581765741109848,0.0,0.26073479652404785,0.5028846859931946,-9.685722351074219,0.04852541536092758,-0.04561328515410423,-1.6340844631195068,0.0,0.0,0.0,0.0,0.0,0.0,0.0,0.0,0.0,0.0,0.0,0.0,0.04789724573493004,0.0865994319319725,-0.05691729113459587,-0.08021596074104309,0.08953262120485306,0.07222326844930649,0.0723361149430275,0.07730840146541595,0.3183286786079407,-0.13037438690662384,0.05145472288131714,0.0,0.0,0.0,0.0,0.0,0.0,0.0
7916203960,0,-0.0022350961808115244,-0.036727357655763626,-0.13510416448116302,6.569455581484362e-05,-0.04113857448101044,-0.36425143480300903,-0.013634487055242062,0.014336683787405491,-0.009630279615521431,0.004601604305207729,-0.008822477422654629,-0.229147270321846,-0.011524547822773457,-0.021903961896896362,-0.004566752817481756,0.0,0.0,-0.0047828578390181065,0.0015602469211444259,-0.0009753638878464699,0.004734190646559,0.09160013496875763,0.17413772642612457,-0.00010785013728309423,0.4869338274002075,-0.044839292764663696,-8.635866165161133,0.08901986479759216,0.1739773452281952,-0.006554207764565945,-0.00010821031901286915,-0.09380070120096207,-0.16701480746269226,-5.633461114484817e-06,2.717836380004883,2.0,2.0,2.122842311859131,0.029130859300494194,0.08585937321186066,-0.029130859300494194,-0.08585937321186066,0.0,0.05749886855483055,0.09408502280712128,-0.07829077541828156,-0.08873714506626129,0.0,-1.0398094654083252,-0.9842701554298401,-10.124768257141113,0.04852541536092758,-0.04561328515410423,-1.6340844631195068,0.0,0.0,0.0,0.0,0.0,0.0,0.0,0.0,0.0,0.0,0.0,0.0,0.054422833025455475,0.08895959705114365,-0.0653672143816948,-0.08137267827987671,0.08953262120485306,0.07222326844930649,0.0723361149430275,0.07730840146541595,0.1020020991563797,0.11357499659061432,0.3030887842178345,0.0,0.0,0.0,0.0,0.0,0.0,0.0
7928114426,0,-0.0022894099820405245,-0.03673167526721954,-0.13516853749752045,6.569455581484362e-05,-0.04113857448101044,-0.36525145173072815,-0.03189827874302864,-0.00752532621845603,-0.018273819237947464,0.004710232838988304,-0.008813842199742794,-0.2300829142332077,-0.012333882972598076,-0.021922579035162926,-0.0044533321633934975,0.0,0.0,-0.0047828578390181065,-0.011295011267066002,-0.0002534263185225427,0.00582914287224412,0.09802943468093872,0.17428836226463318,-0.0002331693540327251,0.2668897807598114,-0.25087305903434753,-8.987464904785156,0.1146889179944992,0.17338299751281738,-0.006655201781541109,-0.00010888394172070548,-0.09380070120096207,-0.16701480746269226,-5.633461114484817e-06,2.8466975688934326,2.008617401123047,2.0,2.1679527759552,0.03526367247104645,0.08585937321186066,-0.032197266817092896,-0.08739257603883743,0.0,0.001947668381035328,0.09120319038629532,-0.0028905654326081276,-0.08459308743476868,0.0,-1.0398094654083252,-0.9842701554298401,-10.124768257141113,0.08541975915431976,-0.001538613811135292,-1.575390338897705,0.0,0.0,0.0,0.0,0.0,0.0,0.0,0.0,0.0,0.0,0.0,0.0,0.05572403967380524,0.09104884415864944,-0.06820153445005417,-0.08297465741634369,0.08953262120485306,0.07222326844930649,0.0723361149430275,0.07730840146541595,-0.536446750164032,0.1158791184425354,0.2217351496219635,0.0,0.0,0.0,0.0,0.0,0.0,0.0
7938591273,0,-0.0022894099820405245,-0.03673167526721954,-0.13516853749752045,6.569455581484362e-05,-0.04113857448101044,-0.36525145173072815,-0.03189827874302864,-0.00752532621845603,-0.018273819237947464,0.004710232838988304,-0.008813842199742794,-0.2300829142332077,-0.012333882972598076,-0.021922579035162926,-0.0044533321633934975,0.0,0.0,-0.0047828578390181065,-0.009310910478234291,-0.001845017308369279,0.003198640886694193,0.09558170288801193,0.17442648112773895,-0.00017553560610394925,0.2668897807598114,-0.25087305903434753,-8.987464904785156,0.1146889179944992,0.17338299751281738,-0.006655201781541109,-0.00010888394172070548,-0.09396768361330032,-0.16732412576675415,0.0001805450883693993,2.8466975688934326,2.008617401123047,2.0,2.1679527759552,0.038330078125,0.08432617038488388,-0.036796875298023224,-0.08432617038488388,0.0,0.001947668381035328,0.09120319038629532,-0.0028905654326081276,-0.08459308743476868,0.0,0.6656802892684937,1.2732733488082886,-9.674640655517578,0.08541975915431976,-0.001538613811135292,-1.575390338897705,0.0,0.0,0.0,0.0,0.0,0.0,0.0,0.0,0.0,0.0,0.0,0.0,0.04900345951318741,0.09223777800798416,-0.061022184789180756,-0.08425234258174896,0.0904885083436966,0.07617878913879395,0.07147996872663498,0.08022961765527725,-0.10769391059875488,-0.01594383642077446,-0.030382845550775528,0.0,0.0,0.0,0.0,0.0,0.0,0.0
7947488454,0,-0.0023550507612526417,-0.03673122450709343,-0.13529786467552185,6.569455581484362e-05,-0.04113857448101044,-0.367251455783844,-0.029993688687682152,-0.005981084890663624,-0.018842879682779312,0.004841514863073826,-0.008814743719995022,-0.23195359110832214,-0.0123060904443264,-0.022068563848733902,-0.004477300681173801,0.0,0.0,-0.0047828578390181065,-0.009310910478234291,-0.001845017308369279,0.003198640886694193,0.09558170288801193,0.17442648112773895,-0.00017553560610394925,0.26784229278564453,-0.2578306794166565,-8.952180862426758,0.10819695889949799,0.17745287716388702,-0.0021282907109707594,-0.00011963357974309474,-0.0942043587565422,-0.16768088936805725,0.0003227519046049565,2.720707893371582,2.097292900085449,2.0,2.2894558906555176,0.044462889432907104,0.08585937321186066,-0.04292968660593033,-0.0827929675579071,0.0,0.001253201742656529,0.0886700302362442,-0.00183484039735049,-0.08132440596818924,0.0,-1.0032556056976318,-0.8501577377319336,-10.094477653503418,0.08180789649486542,-0.004642486572265625,-1.5893781185150146,0.0,0.0,0.0,0.0,0.0,0.0,0.0,0.0,0.0,0.0,0.0,0.0,0.03698308765888214,0.09251474589109421,-0.04671572148799896,-0.08479281514883041,0.0904885083436966,0.07617878913879395,0.07147996872663498,0.08022961765527725,-0.10769391059875488,-0.01594383642077446,-0.030382845550775528,0.0,0.0,0.0,0.0,0.0,0.0,0.0
7956702212,0,-0.0023550507612526417,-0.03673122450709343,-0.13529786467552185,6.569455581484362e-05,-0.04113857448101044,-0.36925145983695984,-0.029993688687682152,-0.005981084890663624,-0.018842879682779312,0.004956897348165512,-0.008894383907318115,-0.23382121324539185,-0.0123060904443264,-0.022068563848733902,-0.004477300681173801,0.0,0.0,-0.0047828578390181065,0.004898766987025738,0.003865533974021673,0.0008957546087913215,0.09558170288801193,0.17442648112773895,-0.00017553560610394925,0.26784229278564453,-0.2578306794166565,-8.952180862426758,0.10819695889949799,0.17745287716388702,-0.0021282907109707594,-0.00011963357974309474,-0.09419289976358414,-0.16780351102352142,0.00035253664827905595,2.720707893371582,2.097292900085449,2.0,2.2894558906555176,0.044462889432907104,0.08739257603883743,-0.04752929508686066,-0.0827929675579071,0.0,0.001253201742656529,0.0886700302362442,-0.00183484039735049,-0.08132440596818924,0.0,0.06464269757270813,-0.11201255768537521,-9.67017650604248,0.07972580939531326,-0.004118799697607756,-1.6086246967315674,0.0,0.0,0.0,0.0,0.0,0.0,0.0,0.0,0.0,0.0,0.0,0.0,0.024510223418474197,0.09205836802721024,-0.031446587294340134,-0.08456940948963165,0.08867025375366211,0.07783999294042587,0.07169411331415176,0.08261900395154953,0.37926357984542847,0.22552591562271118,-0.09505951404571533,0.0,0.0,0.0,0.0,0.0,0.0,0.0
7966405054,0,-0.002412741770967841,-0.03669140487909317,-0.135430246591568,6.569455581484362e-05,-0.04113857448101044,-0.36925145983695984,-0.028823867440223694,-0.006369591224938631,-0.018652215600013733,0.004956897348165512,-0.008894383907318115,-0.23382121324539185,-0.012037422508001328,-0.021880092099308968,-0.004498560447245836,0.0,0.0,-0.0047828578390181065,0.004898766987025738,0.003865533974021673,0.0008957546087913215,0.09396199882030487,0.17352253198623657,-0.00017929341993294656,0.43849194049835205,-0.022653399035334587,-8.84743595123291,0.08148621022701263,0.16678917407989502,0.0006241481751203537,-0.00013637747906614095,-0.09408602863550186,-0.1678965985774994,0.0003562323981896043,2.5679190158843994,2.115182638168335,2.0,2.3557019233703613,0.044462889432907104,0.08739257603883743,-0.05059570446610451,-0.0827929675579071,0.0,0.05722651258111,0.07708681374788284,-0.0736512541770935,-0.06932902336120605,0.0,-0.3615782856941223,0.208681121468544,-9.769508361816406,0.07972580939531326,-0.004118799697607756,-1.6086246967315674,0.0,0.0,0.0,0.0,0.0,0.0,0.0,0.0,0.0,0.0,0.0,0.0,0.016666516661643982,0.09067431837320328,-0.021785888820886612,-0.08330737799406052,0.08569460362195969,0.0772772952914238,0.07004313170909882,0.08311150223016739,0.37926357984542847,0.22552591562271118,-0.09505951404571533,0.0,0.0,0.0,0.0,0.0,0.0,0.0
7976221117,0,-0.0024301449302583933,-0.0366913266479969,-0.1354963332414627,6.569455581484362e-05,-0.04113857448101044,-0.37025147676467896,-0.013077068142592907,0.015491276979446411,-0.010631837882101536,0.004991704132407904,-0.00889454036951065,-0.23475514352321625,-0.01141328550875187,-0.02183930017054081,-0.004561331123113632,0.0,0.0,-0.0047828578390181065,0.005561537109315395,0.0044027031399309635,-0.0015805085422471166,0.0933808907866478,0.1741328239440918,-0.00012993288692086935,0.26481205224990845,-0.2643813192844391,-9.240028381347656,0.09043724834918976,0.16859188675880432,0.0027475086972117424,-0.00014400837244465947,-0.09408602863550186,-0.1678965985774994,0.0003562323981896043,2.6296231746673584,2.2789242267608643,2.0,2.4955780506134033,0.04139648377895355,0.08892577886581421,-0.04752929508686066,-0.08125976473093033,0.0,-1.6086866025943891e-06,0.08212289959192276,-0.00015439868730027229,-0.0751051977276802,0.0,-0.3615782856941223,0.208681121468544,-9.769508361816406,0.04814764857292175,-0.04806933179497719,-1.6800050735473633,0.0,0.0,0.0,0.0,0.0,0.0,0.0,0.0,0.0,0.0,0.0,0.0,0.015071121975779533,0.08825304359197617,-0.019901646301150322,-0.08092714101076126,0.08569460362195969,0.0772772952914238,0.07004313170909882,0.08311150223016739,0.061911240220069885,0.11531577259302139,-0.14922326803207397,0.0,0.0,0.0,0.0,0.0,0.0,0.0
7988316302,0,-0.0024703408125787973,-0.03665273264050484,-0.13562248647212982,6.569455581484362e-05,-0.04113857448101044,-0.37325146794319153,-0.026932010427117348,-0.01320814248174429,-0.014799542725086212,0.005072096362709999,-0.008971728384494781,-0.2376289814710617,-0.012440543621778488,-0.021952498704195023,-0.004675588104873896,0.0,0.0,-0.0047828578390181065,0.005561537109315395,0.0044027031399309635,-0.0015805085422471166,0.0933808907866478,0.1741328239440918,-0.00012993288692086935,0.26481205224990845,-0.2643813192844391,-9.240028381347656,0.09043724834918976,0.16859188675880432,0.0027475086972117424,-0.00014400837244465947,-0.09402596950531006,-0.16810044646263123,0.00023973957286216319,2.6296231746673584,2.2789242267608643,2.0,2.4955780506134033,0.038330078125,0.08892577886581421,-0.04292968660593033,-0.0827929675579071,0.0,-1.6086866025943891e-06,0.08212289959192276,-0.00015439868730027229,-0.0751051977276802,0.0,-0.3615782856941223,0.208681121468544,-9.769508361816406,0.07581616193056107,0.009731944650411606,-1.6714582443237305,0.0,0.0,0.0,0.0,0.0,0.0,0.0,0.0,0.0,0.0,0.0,0.0,0.014145193621516228,0.08569873124361038,-0.01872158981859684,-0.07841574400663376,0.08668604493141174,0.08329232782125473,0.06881999969482422,0.08774301409721375,0.061911240220069885,0.11531577259302139,-0.14922326803207397,0.0,0.0,0.0,0.0,0.0,0.0,0.0
7996551539,0,-0.0024703408125787973,-0.03665273264050484,-0.13562248647212982,6.569455581484362e-05,-0.04113857448101044,-0.37325146794319153,-0.026932010427117348,-0.01320814248174429,-0.014799542725086212,0.005072096362709999,-0.008971728384494781,-0.2376289814710617,-0.012440543621778488,-0.021952498704195023,-0.004675588104873896,0.0,0.0,-0.0047828578390181065,-0.006557800341397524,0.0006384087027981877,-0.005708589684218168,0.0988849401473999,0.17452187836170197,3.514255513437092e-05,0.2742924094200134,-0.2644284963607788,-9.323212623596191,0.1076066866517067,0.17489950358867645,0.006374993361532688,-0.00015085074119269848,-0.09402596950531006,-0.16810044646263123,0.00023973957286216319,2.5951898097991943,2.4091455936431885,2.0,2.589134693145752,0.03526367247104645,0.08739257603883743,-0.036796875298023224,-0.08585937321186066,0.0,0.001280610915273428,0.07907412201166153,-0.0018257113406434655,-0.07369384914636612,0.0,-0.6470215916633606,0.33616551756858826,-9.929869651794434,0.07581616193056107,0.009731944650411606,-1.6714582443237305,0.0,0.0,0.0,0.0,0.0,0.0,0.0,0.0,0.0,0.0,0.0,0.0,0.011138491332530975,0.08364200592041016,-0.01479217316955328,-0.07650461792945862,0.08668604493141174,0.08329232782125473,0.06881999969482422,0.08774301409721375,-0.517175555229187,-0.08789395540952682,-0.18558281660079956,0.0,0.0,0.0,0.0,0.0,0.0,0.0
8006736133,0,-0.0024703408125787973,-0.03665273264050484,-0.13562248647212982,6.569455581484362e-05,-0.04113857448101044,-0.37325146794319153,-0.026932010427117348,-0.01320814248174429,-0.014799542725086212,0.005072096362709999,-0.008971728384494781,-0.2376289814710617,-0.012440543621778488,-0.021952498704195023,-0.004675588104873896,0.0,0.0,-0.0047828578390181065,-0.005512260366231203,-0.00041056101326830685,-0.0024849085602909327,0.0988849401473999,0.17452187836170197,3.514255513437092e-05,0.41698887944221497,0.05352569371461868,-9.19301986694336,0.10082834213972092,0.17632333934307098,0.0013638088712468743,-0.00014906127762515098,-0.09429769217967987,-0.16839830577373505,0.00010304411989636719,2.6801257133483887,2.2378616333007812,2.0,2.4438138008117676,0.03066406212747097,0.08585937321186066,-0.03373046964406967,-0.08739257603883743,0.0,0.06204809248447418,0.05738159641623497,-0.08335351198911667,-0.05267389863729477,0.0,-0.7171070575714111,-1.1800848245620728,-10.11406421661377,0.07581616193056107,0.009731944650411606,-1.6714582443237305,0.0,0.0,0.0,0.0,0.0,0.0,0.0,0.0,0.0,0.0,0.0,0.0,0.010584874078631401,0.0809275209903717,-0.014150896109640598,-0.07414145767688751,0.09172119945287704,0.07824073731899261,0.07331688702106476,0.08215005695819855,-0.09116525202989578,-0.08358607441186905,0.06361047178506851,0.0,0.0,0.0,0.0,0.0,0.0,0.0
8020930936,0,-0.0025141965597867966,-0.03666018322110176,-0.13572005927562714,6.569455581484362e-05,-0.04113857448101044,-0.3752514719963074,-0.027385154739022255,-0.01093975454568863,-0.015753088518977165,0.0051598078571259975,-0.008956827223300934,-0.23953141272068024,-0.01239857543259859,-0.021970732137560844,-0.004519920330494642,0.0,0.0,-0.0047828578390181065,-0.010499872267246246,-0.00013776459672953933,0.002197441877797246,0.09854588657617569,0.17466986179351807,-0.0001520616642665118,0.2998480498790741,-0.264535129070282,-9.272479057312012,0.10082834213972092,0.17632333934307098,0.0013638088712468743,-0.00014906127762515098,-0.09441106766462326,-0.1685401350259781,0.00014935371291358024,2.855837821960449,2.135971784591675,2.0,2.304417371749878,0.027597656473517418,0.08585937321186066,-0.03066406212747097,-0.08892577886581421,0.0,0.0043150316923856735,0.09347889572381973,-0.006323548033833504,-0.08676917105913162,0.0,0.17132219672203064,1.6378165483474731,-9.820511817932129,0.07690911740064621,0.005210219882428646,-1.682279348373413,0.0,0.0,0.0,0.0,0.0,0.0,0.0,0.0,0.0,0.0,0.0,0.0,0.01434231735765934,0.07791358977556229,-0.01929071731865406,-0.07156044989824295,0.09315069764852524,0.07534085214138031,0.07553034275770187,0.08092803508043289,-0.2930624783039093,-0.039097610861063004,0.26264217495918274,0.0,0.0,0.0,0.0,0.0,0.0,0.0
8027491532,0,-0.0025273889768868685,-0.03669004142284393,-0.13578329980373383,6.569455581484362e-05,-0.04113857448101044,-0.3762514591217041,-0.016705814749002457,0.016026942059397697,-0.018062833696603775,0.005186193156987429,-0.00889711081981659,-0.24046815931797028,-0.011589966714382172,-0.022207429632544518,-0.004490170162171125,0.0,0.0,-0.0047828578390181065,0.006283050402998924,-0.003987730015069246,0.004295647609978914,0.09211701154708862,0.17655164003372192,-0.000196772045455873,0.42300015687942505,0.028656208887696266,-9.25253677368164,0.07960007339715958,0.18240217864513397,-0.005386954639106989,-0.00014676449063699692,-0.09441106766462326,-0.1685401350259781,0.00014935371291358024,2.8406617641448975,2.0406062602996826,2.058842897415161,2.332258939743042,0.026064453646540642,0.08432617038488388,-0.029130859300494194,-0.08739257603883743,0.0,0.05618730187416077,0.06829854846000671,-0.07771605998277664,-0.059883829206228256,0.0,0.17132219672203064,1.6378165483474731,-9.820511817932129,0.05582033470273018,-0.049117449671030045,-1.6744099855422974,0.0,0.0,0.0,0.0,0.0,0.0,0.0,0.0,0.0,0.0,0.0,0.0,0.019396258518099785,0.07647667825222015,-0.026272743940353394,-0.07028435915708542,0.09315069764852524,0.07534085214138031,0.07553034275770187,0.08092803508043289,0.6233885884284973,-0.18628060817718506,0.21644040942192078,0.0,0.0,0.0,0.0,0.0,0.0,0.0
8036073263,0,-0.0025273889768868685,-0.03669004142284393,-0.13578329980373383,6.569455581484362e-05,-0.04113857448101044,-0.37825149297714233,-0.016705814749002457,0.016026942059397697,-0.018062833696603775,0.005184914451092482,-0.008843742311000824,-0.24235761165618896,-0.011589966714382172,-0.022207429632544518,-0.004490170162171125,0.0,0.0,-0.0047828578390181065,0.006283050402998924,-0.003987730015069246,0.004295647609978914,0.09098111838102341,0.17597132921218872,7.590076711494476e-05,0.42300015687942505,0.028656208887696266,-9.25253677368164,0.07960007339715958,0.18240217864513397,-0.005386954639106989,-0.00014676449063699692,-0.09419801831245422,-0.1689721792936325,0.0002489639155101031,2.8406617641448975,2.0406062602996826,2.058842897415161,2.332258939743042,0.024531250819563866,0.08432617038488388,-0.027597656473517418,-0.08432617038488388,0.0,0.05618730187416077,0.06829854846000671,-0.07771605998277664,-0.059883829206228256,0.0,0.17132219672203064,1.6378165483474731,-9.820511817932129,0.05169133096933365,-0.05002062767744064,-1.7023683786392212,0.0,0.0,0.0,0.0,0.0,0.0,0.0,0.0,0.0,0.0,0.0,0.0,0.026277834549546242,0.0754225105047226,-0.03590581566095352,-0.06897784769535065,0.08831904083490372,0.07881876081228256,0.07227546721696854,0.0865909680724144,0.6233885884284973,-0.18628060817718506,0.21644040942192078,0.0,0.0,0.0,0.0,0.0,0.0,0.0
8046323426,0,-0.002526749623939395,-0.036716725677251816,-0.13589388132095337,6.569455581484362e-05,-0.04113857448101044,-0.37825149297714233,-0.01471072155982256,0.016464561223983765,-0.016915688291192055,0.005184914451092482,-0.008843742311000824,-0.24235761165618896,-0.011204013600945473,-0.02231919765472412,-0.004639315418899059,0.0,0.0,-0.0047828578390181065,0.01074920129030943,0.0007817309815436602,-0.00404765410348773,0.09098111838102341,0.17597132921218872,7.590076711494476e-05,0.28430232405662537,-0.27511346340179443,-9.363025665283203,0.0657971054315567,0.18095850944519043,0.0036056216340512037,-0.00015353977505583316,-0.09419801831245422,-0.1689721792936325,0.0002489639155101031,2.619544506072998,2.2745118141174316,2.0,2.6058809757232666,0.026064453646540642,0.0827929675579071,-0.026064453646540642,-0.07972656190395355,0.0,0.0011764701921492815,0.08699268102645874,-0.0017078346572816372,-0.07603615522384644,0.0,0.11637383699417114,-0.3499841094017029,-9.583197593688965,0.05169133096933365,-0.05002062767744064,-1.7023683786392212,0.0,0.0,0.0,0.0,0.0,0.0,0.0,0.0,0.0,0.0,0.0,0.0,0.0326436422765255,0.07445188611745834,-0.044852208346128464,-0.06740232557058334,0.08831904083490372,0.07881876081228256,0.07227546721696854,0.0865909680724144,0.01949952356517315,0.21431590616703033,-0.1983509361743927,0.0,0.0,0.0,0.0,0.0,0.0,0.0
8056715779,0,-0.002538632368668914,-0.036679692566394806,-0.13595043122768402,6.569455581484362e-05,-0.04113857448101044,-0.37925148010253906,-0.026252124458551407,-0.0070308842696249485,-0.01651999168097973,0.005208679940551519,-0.008917808532714844,-0.24330104887485504,-0.011748070828616619,-0.022032788023352623,-0.004740237724035978,0.0,0.0,-0.0047828578390181065,0.01074920129030943,0.0007817309815436602,-0.00404765410348773,0.09314252436161041,0.17522183060646057,9.585470252204686e-05,0.4108124375343323,-0.015309582464396954,-9.429669380187988,0.08176678419113159,0.1718137562274933,0.004730924963951111,-0.00015531413373537362,-0.09384311735630035,-0.16928277909755707,0.00013367165229283273,2.6065471172332764,2.3707311153411865,2.0,2.625136613845825,0.026064453646540642,0.07972656190395355,-0.026064453646540642,-0.07512695342302322,0.0,0.05360710993409157,0.06352018564939499,-0.07005738466978073,-0.057486068457365036,0.0,0.11637383699417114,-0.3499841094017029,-9.583197593688965,0.07469317317008972,-0.0027835604269057512,-1.7144852876663208,0.0,0.0,0.0,0.0,0.0,0.0,0.0,0.0,0.0,0.0,0.0,0.0,0.03492433950304985,0.07434341311454773,-0.047950323671102524,-0.06661976128816605,0.08876177668571472,0.08110775053501129,0.072331003844738,0.086609847843647,0.01949952356517315,0.21431590616703033,-0.1983509361743927,0.0,0.0,0.0,0.0,0.0,0.0,0.0
8066970982,0,-0.002538632368668914,-0.036679692566394806,-0.13595043122768402,6.569455581484362e-05,-0.04113857448101044,-0.37925148010253906,-0.026252124458551407,-0.0070308842696249485,-0.01651999168097973,0.005208679940551519,-0.008917808532714844,-0.24330104887485504,-0.011748070828616619,-0.022032788023352623,-0.004740237724035978,0.0,0.0,-0.0047828578390181065,-0.007023849058896303,0.0032918513752520084,0.005210647359490395,0.09314252436161041,0.17522183060646057,9.585470252204686e-05,0.4108124375343323,-0.015309582464396954,-9.429669380187988,0.08176678419113159,0.1718137562274933,0.004730924963951111,-0.00015531413373537362,-0.09385372698307037,-0.16936171054840088,0.00014026896678842604,2.6065471172332764,2.3707311153411865,2.0,2.625136613845825,0.027597656473517418,0.07819335907697678,-0.027597656473517418,-0.07206054776906967,0.0,0.05360710993409157,0.06352018564939499,-0.07005738466978073,-0.057486068457365036,0.0,-0.7063503265380859,0.6192156076431274,-9.843728065490723,0.07469317317008972,-0.0027835604269057512,-1.7144852876663208,0.0,0.0,0.0,0.0,0.0,0.0,0.0,0.0,0.0,0.0,0.0,0.0,0.03707477077841759,0.07337571680545807,-0.050400275737047195,-0.0654052272439003,0.09431474655866623,0.07829094678163528,0.07606660574674606,0.08150694519281387,-0.6192489862442017,0.056859612464904785,0.3197270631790161,0.0,0.0,0.0,0.0,0.0,0.0,0.0
8076137324,0,-0.0025219726376235485,-0.03669881075620651,-0.1360638290643692,6.569455581484362e-05,-0.04113857448101044,-0.382251501083374,-0.013653325848281384,0.016558868810534477,-0.010311507619917393,0.005175360478460789,-0.00887957215309143,-0.24618767201900482,-0.01175640244036913,-0.02223283052444458,-0.004382921848446131,0.0,0.0,-0.0047828578390181065,-0.007023849058896303,0.0032918513752520084,0.005210647359490395,0.09343612194061279,0.1767556518316269,-0.00032306258799508214,0.41848427057266235,-0.04195690527558327,-9.493457794189453,0.10979939252138138,0.17113208770751953,-0.007127874530851841,-0.00015308597357943654,-0.09385372698307037,-0.16936171054840088,0.00014026896678842604,2.9741103649139404,2.1194136142730713,2.131232500076294,2.2870500087738037,0.027597656473517418,0.07666015625,-0.032197266817092896,-0.0705273449420929,0.0,0.04471942037343979,0.07680622488260269,-0.0625816062092781,-0.07131244987249374,0.0,0.1701531708240509,-0.21074137091636658,-9.68163013458252,0.04919513314962387,-0.04984530434012413,-1.788684368133545,0.0,0.0,0.0,0.0,0.0,0.0,0.0,0.0,0.0,0.0,0.0,0.0,0.04077304154634476,0.07169409096240997,-0.054887592792510986,-0.0639844462275505,0.09431474655866623,0.07829094678163528,0.07606660574674606,0.08150694519281387,-0.6192489862442017,0.056859612464904785,0.3197270631790161,0.0,0.0,0.0,0.0,0.0,0.0,0.0
8087011087,0,-0.0025219726376235485,-0.03669881075620651,-0.1360638290643692,6.569455581484362e-05,-0.04113857448101044,-0.3842514753341675,-0.013653325848281384,0.016558868810534477,-0.010311507619917393,0.0051194485276937485,-0.009089239872992039,-0.24811136722564697,-0.01175640244036913,-0.02223283052444458,-0.004382921848446131,0.0,0.0,-0.0047828578390181065,-0.007023849058896303,0.0032918513752520084,0.005210647359490395,0.09343612194061279,0.1767556518316269,-0.00032306258799508214,0.41848427057266235,-0.04195690527558327,-9.493457794189453,0.10979939252138138,0.17113208770751953,-0.007127874530851841,-0.00015308597357943654,-0.09412777423858643,-0.16967011988162994,0.00036888712202198803,2.9741103649139404,2.1194136142730713,2.131232500076294,2.2870500087738037,0.029130859300494194,0.07512695342302322,-0.036796875298023224,-0.07206054776906967,0.0,0.04471942037343979,0.07680622488260269,-0.0625816062092781,-0.07131244987249374,0.0,0.1701531708240509,-0.21074137091636658,-9.68163013458252,0.04793771356344223,-0.055301323533058167,-1.7894976139068604,0.0,0.0,0.0,0.0,0.0,0.0,0.0,0.0,0.0,0.0,0.0,0.0,0.04373011365532875,0.07119747251272202,-0.05885913968086243,-0.06400006264448166,0.09553032368421555,0.07769804447889328,0.07624254375696182,0.08232399821281433,-0.6192489862442017,0.056859612464904785,0.3197270631790161,0.0,0.0,0.0,0.0,0.0,0.0,0.0
8097548884,0,-0.002494016895070672,-0.036593977361917496,-0.1361401081085205,6.569455581484362e-05,-0.04113857448101044,-0.3842514753341675,-0.013101876713335514,0.01903010532259941,-0.012416376732289791,0.0051194485276937485,-0.009089239872992039,-0.24811136722564697,-0.011624128557741642,-0.02248019352555275,-0.004496488254517317,0.0,0.0,-0.0047828578390181065,-0.0037161274813115597,-0.0078743239864707,0.0034881788305938244,0.0923883393406868,0.1787198781967163,-0.00018683297093957663,0.416586697101593,-0.07107921689748764,-9.570981979370117,0.09460777044296265,0.19017648696899414,-0.001928685000166297,-0.00016438428428955376,-0.09420601278543472,-0.16992713510990143,0.0004165071004536003,2.86965012550354,2.2152888774871826,2.0142011642456055,2.488093614578247,0.032197266817092896,0.07512695342302322,-0.036796875298023224,-0.0705273449420929,0.0,0.042518578469753265,0.07782787084579468,-0.060773156583309174,-0.06942398846149445,0.0,-0.7807216048240662,-0.8400433659553528,-10.007990837097168,0.04793771356344223,-0.055301323533058167,-1.7894976139068604,0.0,0.0,0.0,0.0,0.0,0.0,0.0,0.0,0.0,0.0,0.0,0.0,0.04526546224951744,0.07203532755374908,-0.061415866017341614,-0.06526995450258255,0.0918193832039833,0.08357356488704681,0.07335420697927475,0.08897258341312408,0.14966970682144165,-0.35822775959968567,-0.06631896644830704,0.0,0.0,0.0,0.0,0.0,0.0,0.0
8108322793,0,-0.0024925877805799246,-0.03649637848138809,-0.13618414103984833,6.569455581484362e-05,-0.04113857448101044,-0.3852514922618866,-0.0262716356664896,0.0003992212295997888,-0.018195297569036484,0.005116590298712254,-0.00928443856537342,-0.24906735122203827,-0.012095678597688675,-0.022251905873417854,-0.004709024913609028,0.0,0.0,-0.0047828578390181065,-0.004374321084469557,-0.0031895218417048454,-0.0027404059655964375,0.09614446759223938,0.17690128087997437,7.289257337106392e-05,0.26365742087364197,-0.3041572868824005,-9.842236518859863,0.10009820014238358,0.17966224253177643,0.0056312792003154755,-0.00017232497339136899,-0.09420601278543472,-0.16992713510990143,0.0004165071004536003,2.7401115894317627,2.4978137016296387,2.0,2.719618558883667,0.03373046964406967,0.07512695342302322,-0.039863280951976776,-0.07206054776906967,0.0,-0.005294026341289282,0.08038297295570374,0.0070658461190760136,-0.0739528089761734,0.0,-0.7807216048240662,-0.8400433659553528,-10.007990837097168,0.07444921880960464,-0.018193896859884262,-1.7533305883407593,0.0,0.0,0.0,0.0,0.0,0.0,0.0,0.0,0.0,0.0,0.0,0.0,0.04340953752398491,0.07358701527118683,-0.059508588165044785,-0.06695707142353058,0.0918193832039833,0.08357356488704681,0.07335420697927475,0.08897258341312408,0.04205828532576561,0.04285598546266556,-0.3348980247974396,0.0,0.0,0.0,0.0,0.0,0.0,0.0
8116769702,0,-0.0024925877805799246,-0.03649637848138809,-0.13618414103984833,6.569455581484362e-05,-0.04113857448101044,-0.3852514922618866,-0.0262716356664896,0.0003992212295997888,-0.018195297569036484,0.005116590298712254,-0.00928443856537342,-0.24906735122203827,-0.012095678597688675,-0.022251905873417854,-0.004709024913609028,0.0,0.0,-0.0047828578390181065,-0.004374321084469557,-0.0031895218417048454,-0.0027404059655964375,0.09569260478019714,0.17524319887161255,0.00012456557305995375,0.26365742087364197,-0.3041572868824005,-9.842236518859863,0.10009820014238358,0.17966224253177643,0.0056312792003154755,-0.00017232497339136899,-0.09420816600322723,-0.17020952701568604,0.00020154080993961543,2.7401115894317627,2.4978137016296387,2.0,2.719618558883667,0.038330078125,0.07512695342302322,-0.04139648377895355,-0.0705273449420929,0.0,-0.005294026341289282,0.08038297295570374,0.0070658461190760136,-0.0739528089761734,0.0,-0.7807216048240662,-0.8400433659553528,-10.007990837097168,0.07444921880960464,-0.018193896859884262,-1.7533305883407593,0.0,0.0,0.0,0.0,0.0,0.0,0.0,0.0,0.0,0.0,0.0,0.0,0.03571531921625137,0.07548632472753525,-0.04941530525684357,-0.06886879354715347,0.08822374045848846,0.08803869038820267,0.07098791748285294,0.0922778844833374,0.04205828532576561,0.04285598546266556,-0.3348980247974396,0.0,0.0,0.0,0.0,0.0,0.0,0.0
8126454393,0,-0.002440274693071842,-0.03636116534471512,-0.13628633320331573,6.569455581484362e-05,-0.04113857448101044,-0.38725149631500244,-0.026168225333094597,0.0012531481916084886,-0.019833844155073166,0.0050119636580348015,-0.009554865770041943,-0.2509651780128479,-0.012142547406256199,-0.022094687446951866,-0.004815598484128714,0.0,0.0,-0.0047828578390181065,-0.0018220704514533281,0.006347901187837124,-0.007576035335659981,0.09569260478019714,0.17524319887161255,0.00012456557305995375,0.2489696443080902,-0.2642638087272644,-10.055275917053223,0.10312571376562119,0.177239790558815,0.0012578696478158236,-0.00017182226292788982,-0.09420816600322723,-0.17020952701568604,0.00020154080993961543,2.9035446643829346,2.449735641479492,2.064012289047241,2.654228687286377,0.038330078125,0.07359375059604645,-0.04599609225988388,-0.07206054776906967,0.0,-0.0019266267772763968,0.07406288385391235,0.002529314486309886,-0.06848853826522827,0.0,-0.8227587342262268,-0.7123162150382996,-10.019712448120117,0.07414194941520691,-0.020437786355614662,-1.7588623762130737,0.0,0.0,0.0,0.0,0.0,0.0,0.0,0.0,0.0,0.0,0.0,0.0,0.024519214406609535,0.0770324319601059,-0.03423827514052391,-0.07049506157636642,0.08822374045848846,0.08803869038820267,0.07098791748285294,0.0922778844833374,-0.08455093950033188,0.35708650946617126,-0.20702974498271942,0.0,0.0,0.0,0.0,0.0,0.0,0.0
8136627924,0,-0.002440274693071842,-0.03636116534471512,-0.13628633320331573,6.569455581484362e-05,-0.04113857448101044,-0.38725149631500244,-0.026168225333094597,0.0012531481916084886,-0.019833844155073166,0.0050119636580348015,-0.009554865770041943,-0.2509651780128479,-0.012142547406256199,-0.022094687446951866,-0.004815598484128714,0.0,0.0,-0.0047828578390181065,-0.010977803729474545,-0.00030217369203455746,0.0026104396674782038,0.09569260478019714,0.17524319887161255,0.00012456557305995375,0.2489696443080902,-0.2642638087272644,-10.055275917053223,0.10312571376562119,0.177239790558815,0.0012578696478158236,-0.00017182226292788982,-0.09433320164680481,-0.17040717601776123,4.040133353555575e-05,2.9035446643829346,2.449735641479492,2.064012289047241,2.654228687286377,0.038330078125,0.07206054776906967,-0.04752929508686066,-0.06899414211511612,0.0,-0.0019266267772763968,0.07406288385391235,0.002529314486309886,-0.06848853826522827,0.0,0.31443458795547485,0.3765687942504883,-9.71224308013916,0.07414194941520691,-0.020437786355614662,-1.7588623762130737,0.0,0.0,0.0,0.0,0.0,0.0,0.0,0.0,0.0,0.0,0.0,0.0,0.013977515511214733,0.07753641903400421,-0.019780125468969345,-0.07117670029401779,0.09685475379228592,0.08196856081485748,0.07783021777868271,0.08570260554552078,-0.39498764276504517,-0.10758310556411743,0.33096209168434143,0.0,0.0,0.0,0.0,0.0,0.0,0.0
8147095057,0,-0.002389637753367424,-0.03622369095683098,-0.13639865815639496,6.569455581484362e-05,-0.04113857448101044,-0.3892515003681183,-0.027629472315311432,0.004301192704588175,-0.020960645750164986,0.004910689312964678,-0.009829816408455372,-0.2528528571128845,-0.012444203719496727,-0.0223077405244112,-0.0045939101837575436,0.0,0.0,-0.0047828578390181065,-0.010977803729474545,-0.00030217369203455746,0.0026104396674782038,0.09790533035993576,0.1770210564136505,-0.00013317144475877285,0.42234188318252563,-0.1482480764389038,-9.729133605957031,0.10994233936071396,0.17987565696239471,-0.005635324865579605,-0.0001657524553593248,-0.0944773405790329,-0.17059177160263062,0.00010756276606116444,3.009373664855957,2.201207399368286,2.140270233154297,2.3939013481140137,0.036796875298023224,0.07206054776906967,-0.05059570446610451,-0.06899414211511612,0.0,0.03214730694890022,0.09169355779886246,-0.04537758231163025,-0.08444558829069138,0.0,-0.9743528962135315,0.16211289167404175,-9.882784843444824,0.07678943127393723,-0.02695419453084469,-1.7689332962036133,0.0,0.0,0.0,0.0,0.0,0.0,0.0,0.0,0.0,0.0,0.0,0.0,0.007430124096572399,0.0779566615819931,-0.010762765072286129,-0.07175202667713165,0.09686452895402908,0.07757963985204697,0.07805369794368744,0.08274208009243011,-0.39498764276504517,-0.10758310556411743,0.33096209168434143,0.0,0.0,0.0,0.0,0.0,0.0,0.0
8156072628,0,-0.002358904341235757,-0.03614567592740059,-0.13645128905773163,6.569455581484362e-05,-0.04113857448101044,-0.3902515172958374,-0.012224803678691387,0.017585156485438347,-0.011554514989256859,0.004849222023040056,-0.009985847398638725,-0.2538002133369446,-0.01197531633079052,-0.022470034658908844,-0.0045204488560557365,0.0,0.0,-0.0047828578390181065,-0.009137965738773346,-0.003985396586358547,0.0054017324000597,0.09709995239973068,0.17883837223052979,-7.397308945655823e-05,0.24999912083148956,-0.2968754768371582,-10.181498527526855,0.10941363126039505,0.18286719918251038,-0.006623784080147743,-0.00016346652409993112,-0.0944773405790329,-0.17059177160263062,0.00010756276606116444,3.1508045196533203,2.2852206230163574,2.275374174118042,2.4869208335876465,0.032197266817092896,0.07206054776906967,-0.044462889432907104,-0.06899414211511612,0.0,-0.005316429305821657,0.08463188260793686,0.007205755915492773,-0.07789666205644608,0.0,-0.9743528962135315,0.16211289167404175,-9.882784843444824,0.04545438662171364,-0.0539773590862751,-1.8511815071105957,0.0,0.0,0.0,0.0,0.0,0.0,0.0,0.0,0.0,0.0,0.0,0.0,0.005470868665724993,0.0795590728521347,-0.008079497143626213,-0.07333903759717941,0.09686452895402908,0.07757963985204697,0.07805369794368744,0.08274208009243011,-0.1759282946586609,-0.16483135521411896,0.2631937265396118,0.0,0.0,0.0,0.0,0.0,0.0,0.0
8166017494,0,-0.002358904341235757,-0.03614567592740059,-0.13645128905773163,6.569455581484362e-05,-0.04113857448101044,-0.3902515172958374,-0.012224803678691387,0.017585156485438347,-0.011554514989256859,0.004849222023040056,-0.009985847398638725,-0.2538002133369446,-0.01197531633079052,-0.022470034658908844,-0.0045204488560557365,0.0,0.0,-0.0047828578390181065,-0.009137965738773346,-0.003985396586358547,0.0054017324000597,0.09709995239973068,0.17883837223052979,-7.397308945655823e-05,0.24999912083148956,-0.2968754768371582,-10.181498527526855,0.10941363126039505,0.18286719918251038,-0.006623784080147743,-0.00016346652409993112,-0.09461063146591187,-0.17092496156692505,0.00025675224605947733,3.1508045196533203,2.2852206230163574,2.275374174118042,2.4869208335876465,0.029130859300494194,0.07359375059604645,-0.036796875298023224,-0.06592773646116257,0.0,-0.005316429305821657,0.08463188260793686,0.007205755915492773,-0.07789666205644608,0.0,-0.9743528962135315,0.16211289167404175,-9.882784843444824,0.04545438662171364,-0.0539773590862751,-1.8511815071105957,0.0,0.0,0.0,0.0,0.0,0.0,0.0,0.0,0.0,0.0,0.0,0.0,0.0042450022883713245,0.08160899579524994,-0.006365051493048668,-0.0752626582980156,0.09600860625505447,0.08403118699789047,0.07882920652627945,0.08903612196445465,-0.1759282946586609,-0.16483135521411896,0.2631937265396118,0.0,0.0,0.0,0.0,0.0,0.0,0.0
8177695335,0,-0.002386487554758787,-0.03594152629375458,-0.13657288253307343,6.569455581484362e-05,-0.04113857448101044,-0.39325150847435,-0.031565092504024506,0.002809830941259861,-0.01950364001095295,0.004904388915747404,-0.010394148528575897,-0.25667864084243774,-0.012140666134655476,-0.022128883749246597,-0.00462248083204031,0.0,0.0,-0.0047828578390181065,0.001556243048980832,0.0031060976907610893,0.0015606689266860485,0.09503526240587234,0.17690560221672058,-0.00013097800547257066,0.2728137969970703,-0.2913656234741211,-10.309202194213867,0.09197031706571579,0.17253544926643372,-0.00039928918704390526,-0.0001680234563536942,-0.09461063146591187,-0.17092496156692505,0.00025675224605947733,2.9838685989379883,2.462172031402588,2.1952826976776123,2.685166120529175,0.024531250819563866,0.07512695342302322,-0.03066406212747097,-0.06899414211511612,0.0,-0.0022593874018639326,0.08102728426456451,0.0029046074487268925,-0.07442169636487961,0.0,-1.0624231100082397,-0.2774076759815216,-9.881871223449707,0.08456447720527649,-0.025137819349765778,-1.8168026208877563,0.0,0.0,0.0,0.0,0.0,0.0,0.0,0.0,0.0,0.0,0.0,0.0,0.0020187885966151953,0.08300868421792984,-0.0032161029521375895,-0.0765344426035881,0.09600860625505447,0.08403118699789047,0.07882920652627945,0.08903612196445465,0.23114757239818573,0.19655799865722656,-0.06310077756643295,0.0,0.0,0.0,0.0,0.0,0.0,0.0
8185978482,0,-0.002386487554758787,-0.03594152629375458,-0.13657288253307343,6.569455581484362e-05,-0.04113857448101044,-0.39325150847435,-0.031565092504024506,0.002809830941259861,-0.01950364001095295,0.004904388915747404,-0.010394148528575897,-0.25667864084243774,-0.012140666134655476,-0.022128883749246597,-0.00462248083204031,0.0,0.0,-0.0047828578390181065,0.002309181960299611,0.004819744732230902,0.0017352241557091475,0.09503526240587234,0.17690560221672058,-0.00013097800547257066,0.4651046395301819,-0.13825801014900208,-9.992414474487305,0.09156785905361176,0.17115287482738495,-0.0010633127531036735,-0.00017261083121411502,-0.09462957084178925,-0.17106664180755615,0.0003158074105158448,2.918696165084839,2.367307186126709,2.1353719234466553,2.5880253314971924,0.021464843302965164,0.07666015625,-0.024531250819563866,-0.06899414211511612,0.0,0.039538267999887466,0.09015402942895889,-0.05423041433095932,-0.08259252458810806,0.0,-0.9112834334373474,-0.34834176301956177,-10.140153884887695,0.08456447720527649,-0.025137819349765778,-1.8168026208877563,0.0,0.0,0.0,0.0,0.0,0.0,0.0,0.0,0.0,0.0,0.0,0.0,0.0019216439686715603,0.08391875773668289,-0.0029752959962934256,-0.0773073062300682,0.09812942147254944,0.08439061790704727,0.07975710928440094,0.08848986774682999,0.11582238227128983,0.09329810738563538,-0.0163728054612875,0.0,0.0,0.0,0.0,0.0,0.0,0.0
8196534594,0,-0.0024407508317381144,-0.03599033132195473,-0.13664329051971436,6.569455581484362e-05,-0.04113857448101044,-0.3952515125274658,-0.03154018893837929,-0.0010764027247205377,-0.02074504643678665,0.005012915935367346,-0.010296537540853024,-0.25860822200775146,-0.012476443313062191,-0.022290337830781937,-0.004468967672437429,0.0,0.0,-0.0047828578390181065,0.002309181960299611,0.004819744732230902,0.0017352241557091475,0.0991625189781189,0.17721164226531982,-0.0002097785472869873,0.4651046395301819,-0.13825801014900208,-9.992414474487305,0.09156785905361176,0.17115287482738495,-0.0010633127531036735,-0.00017261083121411502,-0.09471386671066284,-0.17118388414382935,0.0003715605416800827,2.918696165084839,2.367307186126709,2.1353719234466553,2.5880253314971924,0.019931640475988388,0.07666015625,-0.02299804612994194,-0.07512695342302322,0.0,0.039538267999887466,0.09015402942895889,-0.05423041433095932,-0.08259252458810806,0.0,0.37243589758872986,0.36754631996154785,-9.588418960571289,0.08462599664926529,-0.017023533582687378,-1.8243359327316284,0.0,0.0,0.0,0.0,0.0,0.0,0.0,0.0,0.0,0.0,0.0,0.0,0.006886956747621298,0.08509588241577148,-0.00967908650636673,-0.07828573882579803,0.096537746489048,0.08107154816389084,0.07794328778982162,0.0862799659371376,0.11582238227128983,0.09329810738563538,-0.0163728054612875,0.0,0.0,0.0,0.0,0.0,0.0,0.0
8207211125,0,-0.0024355619680136442,-0.036025241017341614,-0.13667789101600647,6.569455581484362e-05,-0.04113857448101044,-0.39625149965286255,-0.0158589668571949,0.005980693269520998,-0.012361140921711922,0.0050025382079184055,-0.01022671815007925,-0.2595736086368561,-0.012155097909271717,-0.02260676957666874,-0.004468737170100212,0.0,0.0,-0.0047828578390181065,-0.004621895495802164,-0.007434552069753408,0.003658884670585394,0.09660767018795013,0.17972694337368011,-0.0002120450371876359,0.4654429852962494,-0.09362943470478058,-10.03384780883789,0.10244515538215637,0.19204719364643097,-0.0031780146528035402,-0.00018288507999386638,-0.09471386671066284,-0.17118388414382935,0.0003715605416800827,3.031123161315918,2.308109760284424,2.1470165252685547,2.5613441467285156,0.016865234822034836,0.07666015625,-0.016865234822034836,-0.07819335907697678,0.0,0.04331668093800545,0.08565659821033478,-0.061358340084552765,-0.07732583582401276,0.0,0.37243589758872986,0.36754631996154785,-9.588418960571289,0.0527535080909729,-0.031083587557077408,-1.8983138799667358,0.0,0.0,0.0,0.0,0.0,0.0,0.0,0.0,0.0,0.0,0.0,0.0,0.015528317540884018,0.08640068769454956,-0.021525848656892776,-0.07931870222091675,0.096537746489048,0.08107154816389084,0.07794328778982162,0.0862799659371376,-0.12155918031930923,-0.4885702133178711,0.04577023908495903,0.0,0.0,0.0,0.0,0.0,0.0,0.0
8216131080,0,-0.0024355619680136442,-0.036025241017341614,-0.13667789101600647,6.569455581484362e-05,-0.04113857448101044,-0.39625149965286255,-0.0158589668571949,0.005980693269520998,-0.012361140921711922,0.0050025382079184055,-0.01022671815007925,-0.2595736086368561,-0.012155097909271717,-0.02260676957666874,-0.004468737170100212,0.0,0.0,-0.0047828578390181065,-0.004621895495802164,-0.007434552069753408,0.003658884670585394,0.09634629637002945,0.17996913194656372,0.00025260361144319177,0.4654429852962494,-0.09362943470478058,-10.03384780883789,0.10244515538215637,0.19204719364643097,-0.0031780146528035402,-0.00018288507999386638,-0.09480633586645126,-0.17171908915042877,0.00039063330041244626,3.031123161315918,2.308109760284424,2.1470165252685547,2.5613441467285156,0.016865234822034836,0.07819335907697678,-0.016865234822034836,-0.08125976473093033,0.0,0.04331668093800545,0.08565659821033478,-0.061358340084552765,-0.07732583582401276,0.0,0.37243589758872986,0.36754631996154785,-9.588418960571289,0.0527535080909729,-0.031083587557077408,-1.8983138799667358,0.0,0.0,0.0,0.0,0.0,0.0,0.0,0.0,0.0,0.0,0.0,0.0,0.024731647223234177,0.08711257576942444,-0.034373585134744644,-0.07970195263624191,0.09072909504175186,0.08679378032684326,0.072770856320858,0.09347814321517944,-0.12155918031930923,-0.4885702133178711,0.04577023908495903,0.0,0.0,0.0,0.0,0.0,0.0,0.0
8226034588,0,-0.0024614310823380947,-0.03611886128783226,-0.13675589859485626,6.569455581484362e-05,-0.04113857448101044,-0.398251473903656,-0.015344090759754181,0.005887327250093222,-0.013654300943017006,0.0050542764365673065,-0.010039476677775383,-0.26149559020996094,-0.011867042630910873,-0.02268936298787594,-0.004757366608828306,0.0,0.0,-0.0047828578390181065,0.005585239268839359,-0.007470929063856602,-0.0071802688762545586,0.09634629637002945,0.17996913194656372,0.00025260361144319177,0.28492456674575806,-0.16862308979034424,-10.489338874816895,0.08760683238506317,0.18843625485897064,0.009921768680214882,-0.00019581567903514951,-0.0947343036532402,-0.17194712162017822,0.0002176213456550613,2.7881946563720703,2.734513759613037,2.0,3.0210838317871094,0.015332031063735485,0.07972656190395355,-0.013798828236758709,-0.08125976473093033,0.0,0.014671644195914268,0.05859621614217758,-0.02066727913916111,-0.05317356809973717,0.0,0.29533663392066956,0.29787588119506836,-9.573345184326172,0.05180446803569794,-0.030658744275569916,-1.907152533531189,0.0,0.0,0.0,0.0,0.0,0.0,0.0,0.0,0.0,0.0,0.0,0.0,0.031365953385829926,0.08594568073749542,-0.043794527649879456,-0.07833779603242874,0.08892149478197098,0.09240896254777908,0.07224592566490173,0.09819851815700531,0.3154226243495941,-0.09961877018213272,-0.41512995958328247,0.0,0.0,0.0,0.0,0.0,0.0,0.0
8236078680,0,-0.002497971523553133,-0.0361778661608696,-0.13681259751319885,6.569455581484362e-05,-0.04113857448101044,-0.39925146102905273,-0.028221532702445984,-0.0033119379077106714,-0.01854075863957405,0.00512735778465867,-0.009921466000378132,-0.2624388635158539,-0.011968433856964111,-0.02243054285645485,-0.00492029869928956,0.0,0.0,-0.0047828578390181065,0.012397618032991886,0.0020253844559192657,-0.012048964388668537,0.09272131323814392,0.17761202156543732,0.00037688660086132586,0.42868536710739136,-0.06562528759241104,-10.333081245422363,0.07535082846879959,0.1718330979347229,0.013788873329758644,-0.00019532410078682005,-0.0947343036532402,-0.17194712162017822,0.0002176213456550613,2.607872486114502,2.7995331287384033,2.0,3.0733702182769775,0.018398437649011612,0.07972656190395355,-0.016865234822034836,-0.07972656190395355,0.0,0.049159009009599686,0.062391187995672226,-0.06433107703924179,-0.05696422606706619,0.0,0.4876331090927124,0.5373756885528564,-9.469917297363281,0.07794279605150223,-0.011931870132684708,-1.8787420988082886,0.0,0.0,0.0,0.0,0.0,0.0,0.0,0.0,0.0,0.0,0.0,0.0,0.0344606414437294,0.08174847811460495,-0.04805169627070427,-0.07431246340274811,0.08892149478197098,0.09240896254777908,0.07224592566490173,0.09819851815700531,0.49728691577911377,0.3753542900085449,-0.4274161159992218,0.0,0.0,0.0,0.0,0.0,0.0,0.0
8246291850,0,-0.002497971523553133,-0.0361778661608696,-0.13681259751319885,6.569455581484362e-05,-0.04113857448101044,-0.39925146102905273,-0.028221532702445984,-0.0033119379077106714,-0.01854075863957405,0.00512735778465867,-0.009921466000378132,-0.2624388635158539,-0.011968433856964111,-0.02243054285645485,-0.00492029869928956,0.0,0.0,-0.0047828578390181065,0.006680892314761877,0.0022235531359910965,-0.0028730726335197687,0.09272131323814392,0.17761202156543732,0.00037688660086132586,0.42868536710739136,-0.06562528759241104,-10.333081245422363,0.07535082846879959,0.1718330979347229,0.013788873329758644,-0.00019532410078682005,-0.0945509672164917,-0.17213959991931915,-0.00014690845273435116,2.607872486114502,2.7995331287384033,2.0,3.0733702182769775,0.018398437649011612,0.07972656190395355,-0.021464843302965164,-0.07972656190395355,0.0,0.049159009009599686,0.062391187995672226,-0.06433107703924179,-0.05696422606706619,0.0,0.4876331090927124,0.5373756885528564,-9.469917297363281,0.07794279605150223,-0.011931870132684708,-1.8787420988082886,0.0,0.0,0.0,0.0,0.0,0.0,0.0,0.0,0.0,0.0,0.0,0.0,0.03710392862558365,0.07593722641468048,-0.051135122776031494,-0.068956658244133,0.0939115509390831,0.08625263720750809,0.07707736641168594,0.09145306050777435,0.03135017678141594,0.030279917642474174,0.2704630196094513,0.0,0.0,0.0,0.0,0.0,0.0,0.0
8256604930,0,-0.002459587762132287,-0.03632804751396179,-0.1369185745716095,6.569455581484362e-05,-0.04113857448101044,-0.4022514224052429,-0.014114148914813995,0.0034299499820917845,-0.012394296936690807,0.005050589796155691,-0.00962110236287117,-0.2653328478336334,-0.011875145137310028,-0.02266441285610199,-0.004720685072243214,0.0,0.0,-0.0047828578390181065,0.0015768647426739335,-0.003314531408250332,0.005609402898699045,0.09439139068126678,0.18018029630184174,8.68804709170945e-05,0.4036320447921753,-0.05444703996181488,-10.345767974853516,0.08648964762687683,0.1758279651403427,-0.00023670762311667204,-0.00017400726210325956,-0.0945509672164917,-0.17213959991931915,-0.00014690845273435116,2.9855306148529053,2.4613234996795654,2.1996259689331055,2.7159054279327393,0.021464843302965164,0.07972656190395355,-0.027597656473517418,-0.07819335907697678,0.0,0.041299670934677124,0.0657706931233406,-0.05624133348464966,-0.05973734334111214,0.0,0.566424548625946,0.7971864938735962,-9.539721488952637,0.049164287745952606,-0.02481871098279953,-1.9534902572631836,0.0,0.0,0.0,0.0,0.0,0.0,0.0,0.0,0.0,0.0,0.0,0.0,0.040265850722789764,0.07073547691106796,-0.054713405668735504,-0.06423760950565338,0.0939115509390831,0.08625263720750809,0.07707736641168594,0.09145306050777435,-0.1676734983921051,-0.21442389488220215,0.5226399302482605,0.0,0.0,0.0,0.0,0.0,0.0,0.0
8266087781,0,-0.002459587762132287,-0.03632804751396179,-0.1369185745716095,6.569455581484362e-05,-0.04113857448101044,-0.4042513966560364,-0.014114148914813995,0.0034299499820917845,-0.012394296936690807,0.005005771294236183,-0.009521166794002056,-0.26724982261657715,-0.011875145137310028,-0.02266441285610199,-0.004720685072243214,0.0,0.0,-0.0047828578390181065,0.0015768647426739335,-0.003314531408250332,0.005609402898699045,0.09439139068126678,0.18018029630184174,8.68804709170945e-05,0.27040359377861023,-0.13650290668010712,-10.744195938110352,0.0947604849934578,0.18562428653240204,-0.009322034195065498,-0.00016071619756985456,-0.0944751426577568,-0.1724584996700287,-5.021852848585695e-05,3.3406152725219727,2.3311190605163574,2.4983599185943604,2.5908961296081543,0.024531250819563866,0.07972656190395355,-0.03526367247104645,-0.07819335907697678,0.0,0.0141195273026824,0.06167837232351303,-0.019019918516278267,-0.05562252178788185,0.0,0.566424548625946,0.7971864938735962,-9.539721488952637,0.049278393387794495,-0.030041705816984177,-1.9708755016326904,0.0,0.0,0.0,0.0,0.0,0.0,0.0,0.0,0.0,0.0,0.0,0.0,0.041120387613773346,0.06691636145114899,-0.05541129782795906,-0.06076854467391968,0.1027129516005516,0.0784120187163353,0.0853840559720993,0.08465719223022461,-0.1676734983921051,-0.21442389488220215,0.5226399302482605,0.0,0.0,0.0,0.0,0.0,0.0,0.0
8276334673,0,-0.002437178511172533,-0.03637801483273506,-0.13700155913829803,6.569455581484362e-05,-0.04113857448101044,-0.4042513966560364,-0.01423094142228365,0.006129445042461157,-0.01253034919500351,0.005005771294236183,-0.009521166794002056,-0.26724982261657715,-0.011792587116360664,-0.02266607992351055,-0.004510500002652407,0.0,0.0,-0.0047828578390181065,0.0015768647426739335,-0.003314531408250332,0.005609402898699045,0.09372755885124207,0.18019743263721466,-0.00016643218987155706,0.27040359377861023,-0.13650290668010712,-10.744195938110352,0.0947604849934578,0.18562428653240204,-0.009322034195065498,-0.00016071619756985456,-0.09443462640047073,-0.17264841496944427,0.00012523280747700483,3.3406152725219727,2.3311190605163574,2.4983599185943604,2.5908961296081543,0.026064453646540642,0.07972656190395355,-0.036796875298023224,-0.07512695342302322,0.0,0.0141195273026824,0.06167837232351303,-0.019019918516278267,-0.05562252178788185,0.0,-0.23445959389209747,0.26469647884368896,-9.813338279724121,0.049278393387794495,-0.030041705816984177,-1.9708755016326904,0.0,0.0,0.0,0.0,0.0,0.0,0.0,0.0,0.0,0.0,0.0,0.0,0.037812136113643646,0.06426030397415161,-0.05075642094016075,-0.058302659541368484,0.10326587408781052,0.08274007588624954,0.08537027984857559,0.08799803256988525,-0.1676734983921051,-0.21442389488220215,0.5226399302482605,0.0,0.0,0.0,0.0,0.0,0.0,0.0
8288076428,0,-0.0024367012083530426,-0.03640991076827049,-0.13705311715602875,6.569455581484362e-05,-0.04113857448101044,-0.4052513837814331,-0.020272180438041687,0.0023643658496439457,-0.01896505057811737,0.005004816688597202,-0.009457374922931194,-0.26819825172424316,-0.011809037066996098,-0.022526048123836517,-0.004621476400643587,0.0,0.0,-0.0047828578390181065,0.003566771512851119,0.00024838888202793896,0.006926888599991798,0.09386253356933594,0.17908215522766113,-3.403964001336135e-05,0.2710311710834503,-0.16522938013076782,-10.839815139770508,0.0903964415192604,0.17782579362392426,-0.0061355531215667725,-0.000154463283251971,-0.09443462640047073,-0.17264841496944427,0.00012523280747700483,3.265181303024292,2.4408984184265137,2.4621851444244385,2.6880972385406494,0.03066406212747097,0.07819335907697678,-0.039863280951976776,-0.07206054776906967,0.0,0.011405032128095627,0.06316361576318741,-0.015261219814419746,-0.05747348442673683,0.0,-0.23445959389209747,0.26469647884368896,-9.813338279724121,0.061660222709178925,-0.022450288757681847,-1.92941415309906,0.0,0.0,0.0,0.0,0.0,0.0,0.0,0.0,0.0,0.0,0.0,0.0,0.03168794512748718,0.06254610419273376,-0.04243744909763336,-0.05668073892593384,0.10326587408781052,0.08274007588624954,0.08537027984857559,0.08799803256988525,-0.010068239644169807,0.1007978692650795,0.10693201422691345,0.0,0.0,0.0,0.0,0.0,0.0,0.0
8296995476,0,-0.0024367012083530426,-0.03640991076827049,-0.13705311715602875,6.569455581484362e-05,-0.04113857448101044,-0.4052513837814331,-0.020272180438041687,0.0023643658496439457,-0.01896505057811737,0.005004816688597202,-0.009457374922931194,-0.26819825172424316,-0.011809037066996098,-0.022526048123836517,-0.004621476400643587,0.0,0.0,-0.0047828578390181065,0.003566771512851119,0.00024838888202793896,0.006926888599991798,0.09290555864572525,0.1787780076265335,0.0002885245776269585,0.2710311710834503,-0.16522938013076782,-10.839815139770508,0.0903964415192604,0.17782579362392426,-0.0061355531215667725,-0.000154463283251971,-0.09438949823379517,-0.17288191616535187,0.00018678973719943315,3.265181303024292,2.4408984184265137,2.4621851444244385,2.6880972385406494,0.032197266817092896,0.07512695342302322,-0.038330078125,-0.0705273449420929,0.0,0.011405032128095627,0.06316361576318741,-0.015261219814419746,-0.05747348442673683,0.0,-0.23445959389209747,0.26469647884368896,-9.813338279724121,0.061660222709178925,-0.022450288757681847,-1.92941415309906,0.0,0.0,0.0,0.0,0.0,0.0,0.0,0.0,0.0,0.0,0.0,0.0,0.02505846507847309,0.06174846366047859,-0.03350471705198288,-0.05594395846128464,0.09536682814359665,0.09172741323709488,0.07766183465719223,0.09609613567590714,-0.010068239644169807,0.1007978692650795,0.10693201422691345,0.0,0.0,0.0,0.0,0.0,0.0,0.0
8306385340,0,-0.0023702383041381836,-0.036403920501470566,-0.1371144950389862,6.569455581484362e-05,-0.04113857448101044,-0.40725135803222656,-0.018320541828870773,0.004082937259227037,-0.0171536672860384,0.00487188994884491,-0.009469355456531048,-0.27013686299324036,-0.011961614713072777,-0.022489124909043312,-0.004866634961217642,0.0,0.0,-0.0047828578390181065,9.348560706712306e-05,0.003904827870428562,-0.0048811123706400394,0.09290555864572525,0.1787780076265335,0.0002885245776269585,0.28524601459503174,-0.1496652066707611,-10.902137756347656,0.0960347130894661,0.17346245050430298,0.007650681771337986,-0.0001598320814082399,-0.09438949823379517,-0.17288191616535187,0.00018678973719943315,2.937112331390381,2.8201003074645996,2.134280204772949,3.03236985206604,0.03373046964406967,0.07206054776906967,-0.039863280951976776,-0.06746093928813934,0.0,0.01626203954219818,0.054489776492118835,-0.022542892023921013,-0.05078674852848053,0.0,-0.17744427919387817,0.4029586613178253,-9.834668159484863,0.057393740862607956,-0.025773614645004272,-1.961714506149292,0.0,0.0,0.0,0.0,0.0,0.0,0.0,0.0,0.0,0.0,0.0,0.0,0.019502634182572365,0.06121717020869255,-0.026080986484885216,-0.055555373430252075,0.09536682814359665,0.09172741323709488,0.07766183465719223,0.09609613567590714,-0.10440365225076675,0.14167530834674835,-0.3633572459220886,0.0,0.0,0.0,0.0,0.0,0.0,0.0
8316524782,0,-0.0023702383041381836,-0.036403920501470566,-0.1371144950389862,6.569455581484362e-05,-0.04113857448101044,-0.40725135803222656,-0.018320541828870773,0.004082937259227037,-0.0171536672860384,0.00487188994884491,-0.009469355456531048,-0.27013686299324036,-0.011961614713072777,-0.022489124909043312,-0.004866634961217642,0.0,0.0,-0.0047828578390181065,-3.327641752548516e-05,-0.001379957189783454,-0.0005826808046549559,0.09290555864572525,0.1787780076265335,0.0002885245776269585,0.3005426824092865,-0.14646926522254944,-10.89674186706543,0.10509198904037476,0.17821717262268066,0.0043624090030789375,-0.0001562400721013546,-0.09448497742414474,-0.1731167435646057,8.62053275341168e-06,3.0393099784851074,2.7424521446228027,2.1936638355255127,2.94122314453125,0.032197266817092896,0.0705273449420929,-0.039863280951976776,-0.06746093928813934,0.0,0.017867956310510635,0.05759811028838158,-0.024912042543292046,-0.05381733551621437,0.0,0.16721399128437042,1.0825072526931763,-9.526498794555664,0.057393740862607956,-0.025773614645004272,-1.961714506149292,0.0,0.0,0.0,0.0,0.0,0.0,0.0,0.0,0.0,0.0,0.0,0.0,0.016022250056266785,0.06025801971554756,-0.021550405770540237,-0.054932594299316406,0.09841377288103104,0.08828549087047577,0.08052350580692291,0.09346570819616318,0.08241502195596695,-0.17003050446510315,0.10877354443073273,0.0,0.0,0.0,0.0,0.0,0.0,0.0
8326430974,0,-0.002321456791833043,-0.03638871759176254,-0.1371816098690033,6.569455581484362e-05,-0.04113857448101044,-0.40925133228302,-0.01597188599407673,0.009263550862669945,-0.015452371910214424,0.004774326458573341,-0.009499761275947094,-0.2720697224140167,-0.011981215327978134,-0.022593094035983086,-0.004749720450490713,0.0,0.0,-0.0047828578390181065,-3.327641752548516e-05,-0.001379957189783454,-0.0005826808046549559,0.09290555864572525,0.1787780076265335,0.0002885245776269585,0.3005426824092865,-0.14646926522254944,-10.89674186706543,0.10509198904037476,0.17821717262268066,0.0043624090030789375,-0.0001562400721013546,-0.09448497742414474,-0.1731167435646057,8.62053275341168e-06,3.1650943756103516,2.611069679260254,2.343236207962036,2.865262746810913,0.027597656473517418,0.06746093928813934,-0.039863280951976776,-0.06592773646116257,0.0,0.017157789319753647,0.06049976497888565,-0.023321567103266716,-0.055245496332645416,0.0,-0.6693370342254639,-0.7380359768867493,-10.141817092895508,0.052360035479068756,-0.03615149110555649,-1.993801236152649,0.0,0.0,0.0,0.0,0.0,0.0,0.0,0.0,0.0,0.0,0.0,0.0,0.014544292353093624,0.05928593501448631,-0.019759858027100563,-0.054346583783626556,0.10128410905599594,0.08643501996994019,0.08270097523927689,0.0917254164814949,0.08241502195596695,-0.17003050446510315,0.10877354443073273,0.0,0.0,0.0,0.0,0.0,0.0,0.0
8335957113,0,-0.0022758750710636377,-0.036333709955215454,-0.13718274235725403,6.569455581484362e-05,-0.04113857448101044,-0.41025131940841675,-0.01876404508948326,0.003553610760718584,-0.016942361369729042,0.004683162551373243,-0.009609777480363846,-0.2730685770511627,-0.01198848057538271,-0.022732648998498917,-0.004687533713877201,0.0,0.0,-0.0047828578390181065,-0.003606123384088278,-0.005307856481522322,0.002889023395255208,0.09594552963972092,0.1814342439174652,1.8772650946630165e-05,0.3171975612640381,-0.13719908893108368,-10.953160285949707,0.10066425055265427,0.18959073722362518,-0.004303998313844204,-0.00014554847439285368,-0.0945514440536499,-0.17350278794765472,5.726231029257178e-05,3.281515121459961,2.5133402347564697,2.4135124683380127,2.7617485523223877,0.027597656473517418,0.06592773646116257,-0.036796875298023224,-0.06439453363418579,0.0,0.019346194341778755,0.06390083581209183,-0.0264364555478096,-0.05826116353273392,0.0,-0.6693370342254639,-0.7380359768867493,-10.141817092895508,0.05767228454351425,-0.02494528889656067,-1.9914836883544922,0.0,0.0,0.0,0.0,0.0,0.0,0.0,0.0,0.0,0.0,0.0,0.0,0.014433393254876137,0.05905487388372421,-0.01975354366004467,-0.05429748445749283,0.10128410905599594,0.08643501996994019,0.08270097523927689,0.0917254164814949,-0.1112598329782486,-0.28486332297325134,0.22968587279319763,0.0,0.0,0.0,0.0,0.0,0.0,0.0
8345929720,0,-0.0022784078028053045,-0.03635519742965698,-0.13730110228061676,6.569455581484362e-05,-0.04113857448101044,-0.41325128078460693,-0.013484394177794456,0.015301459468901157,-0.016859624534845352,0.004688228014856577,-0.009566801600158215,-0.27595019340515137,-0.011962811462581158,-0.022553715854883194,-0.00476890429854393,0.0,0.0,-0.0047828578390181065,-0.003606123384088278,-0.005307856481522322,0.002889023395255208,0.0950900986790657,0.17929936945438385,0.00014513636415358633,0.3171975612640381,-0.13719908893108368,-10.953160285949707,0.10066425055265427,0.18959073722362518,-0.004303998313844204,-0.00014554847439285368,-0.0945994034409523,-0.17367053031921387,9.861159196589142e-05,3.281515121459961,2.5133402347564697,2.4135124683380127,2.7617485523223877,0.026064453646540642,0.06439453363418579,-0.03526367247104645,-0.059794921427965164,0.0,0.019346194341778755,0.06390083581209183,-0.0264364555478096,-0.05826116353273392,0.0,-0.6693370342254639,-0.7380359768867493,-10.141817092895508,0.04724070429801941,-0.048388347029685974,-2.020653486251831,0.0,0.0,0.0,0.0,0.0,0.0,0.0,0.0,0.0,0.0,0.0,0.0,0.015184443444013596,0.059678543359041214,-0.02083992213010788,-0.054865624755620956,0.10106663405895233,0.08823595941066742,0.083074189722538,0.09249448776245117,-0.1112598329782486,-0.28486332297325134,0.22968587279319763,0.0,0.0,0.0,0.0,0.0,0.0,0.0
8357235361,0,-0.0022784078028053045,-0.03635519742965698,-0.13730110228061676,6.569455581484362e-05,-0.04113857448101044,-0.41325128078460693,-0.013484394177794456,0.015301459468901157,-0.016859624534845352,0.004688228014856577,-0.009566801600158215,-0.27595019340515137,-0.011962811462581158,-0.022553715854883194,-0.00476890429854393,0.0,0.0,-0.0047828578390181065,-0.003912978805601597,0.0027066573966294527,0.0015870913630351424,0.0950900986790657,0.17929936945438385,0.00014513636415358633,0.3634335398674011,-0.10277310013771057,-11.091710090637207,0.10171698033809662,0.1741512268781662,-0.0010641540866345167,-0.00014024629490450025,-0.0945994034409523,-0.17367053031921387,9.861159196589142e-05,3.2132315635681152,2.6539223194122314,2.389479398727417,2.8518929481506348,0.024531250819563866,0.06439453363418579,-0.03066406212747097,-0.055195312947034836,0.0,0.028637059032917023,0.06209011748433113,-0.038641393184661865,-0.057882096618413925,0.0,-0.5565921068191528,-0.5469120144844055,-10.0608549118042,0.04724070429801941,-0.048388347029685974,-2.020653486251831,0.0,0.0,0.0,0.0,0.0,0.0,0.0,0.0,0.0,0.0,0.0,0.0,0.016750378534197807,0.06068086251616478,-0.022969964891672134,-0.055754125118255615,0.10106663405895233,0.08823595941066742,0.083074189722538,0.09249448776245117,-0.11236736923456192,0.25099438428878784,0.009505286812782288,0.0,0.0,0.0,0.0,0.0,0.0,0.0
8367145346,0,-0.0022808259818702936,-0.03632597252726555,-0.1373339146375656,6.569455581484362e-05,-0.04113857448101044,-0.41425126791000366,-0.024437211453914642,-0.0011864339467138052,-0.0179622620344162,0.004693064372986555,-0.009625252336263657,-0.27691733837127686,-0.012302162125706673,-0.022524507716298103,-0.004720380529761314,0.0,0.0,-0.0047828578390181065,-0.0057625253684818745,0.005504232365638018,0.0006012829835526645,0.09778580069541931,0.17906813323497772,9.128876990871504e-05,0.25982385873794556,-0.26613590121269226,-11.113594055175781,0.10548121482133865,0.1713547259569168,2.7797315851785243e-05,-0.00013890456466469914,-0.0945994034409523,-0.17367053031921387,9.861159196589142e-05,3.193073272705078,2.695901870727539,2.3657352924346924,2.874946117401123,0.024531250819563866,0.06439453363418579,-0.027597656473517418,-0.05672851577401161,0.0,-0.0007461865898221731,0.068975530564785,0.0008794986642897129,-0.06477897614240646,0.0,-0.2628289759159088,0.6350291967391968,-9.626896858215332,0.06903509050607681,-0.01525612361729145,-2.022024154663086,0.0,0.0,0.0,0.0,0.0,0.0,0.0,0.0,0.0,0.0,0.0,0.0,0.017929833382368088,0.06183502823114395,-0.024523146450519562,-0.05691942200064659,0.10106663405895233,0.08823595941066742,0.083074189722538,0.09249448776245117,-0.19328929483890533,0.22091752290725708,-0.02713884226977825,0.0,0.0,0.0,0.0,0.0,0.0,0.0
8376502048,0,-0.0022808259818702936,-0.03632597252726555,-0.1373339146375656,6.569455581484362e-05,-0.04113857448101044,-0.41425126791000366,-0.024437211453914642,-0.0011864339467138052,-0.0179622620344162,0.004693064372986555,-0.009625252336263657,-0.27691733837127686,-0.012302162125706673,-0.022524507716298103,-0.004720380529761314,0.0,0.0,-0.0047828578390181065,-0.0057625253684818745,0.005504232365638018,0.0006012829835526645,0.09778580069541931,0.17906813323497772,9.128876990871504e-05,0.25982385873794556,-0.26613590121269226,-11.113594055175781,0.10548121482133865,0.1713547259569168,2.7797315851785243e-05,-0.00013890456466469914,-0.09476778656244278,-0.17397406697273254,0.00017564745212439448,3.193073272705078,2.695901870727539,2.3657352924346924,2.874946117401123,0.024531250819563866,0.06286133080720901,-0.027597656473517418,-0.055195312947034836,0.0,-0.0007461865898221731,0.068975530564785,0.0008794986642897129,-0.06477897614240646,0.0,-0.6939523816108704,-1.0985575914382935,-10.02968978881836,0.06903509050607681,-0.01525612361729145,-2.022024154663086,0.0,0.0,0.0,0.0,0.0,0.0,0.0,0.0,0.0,0.0,0.0,0.0,0.016419172286987305,0.06340263783931732,-0.02242271415889263,-0.058624666184186935,0.10445079207420349,0.08764415234327316,0.08621931821107864,0.09281859546899796,-0.19328929483890533,0.22091752290725708,-0.02713884226977825,0.0,0.0,0.0,0.0,0.0,0.0,0.0
8386666157,0,-0.002310077426955104,-0.03633880242705345,-0.1374017745256424,6.569455581484362e-05,-0.04113857448101044,-0.4162512421607971,-0.025674741715192795,-0.003428658237680793,-0.019612843170762062,0.004751567728817463,-0.009599592536687851,-0.2788494825363159,-0.012258151546120644,-0.02270202711224556,-0.004532328806817532,0.0,0.0,-0.0047828578390181065,-0.00297924829646945,-0.0033265233505517244,0.005552720278501511,0.09742894023656845,0.18048299849033356,-0.00013364515325520188,0.25470519065856934,-0.29968321323394775,-11.38490104675293,0.10072673112154007,0.18612629175186157,-0.0059422217309474945,-0.00013872538693249226,-0.09476778656244278,-0.17397406697273254,0.00017564745212439448,3.426095724105835,2.582651138305664,2.566136121749878,2.822986364364624,0.024531250819563866,0.06286133080720901,-0.026064453646540642,-0.05826171860098839,0.0,-0.004685505758970976,0.07590778172016144,0.006138197146356106,-0.0695415586233139,0.0,-0.6939523816108704,-1.0985575914382935,-10.02968978881836,0.07153072953224182,-0.010759871453046799,-2.0271310806274414,0.0,0.0,0.0,0.0,0.0,0.0,0.0,0.0,0.0,0.0,0.0,0.0,0.01232700701802969,0.06552175432443619,-0.01684720814228058,-0.06081867218017578,0.10445079207420349,0.08764415234327316,0.08621931821107864,0.09281859546899796,-0.03185420483350754,-0.23167678713798523,0.18161733448505402,0.0,0.0,0.0,0.0,0.0,0.0,0.0
8396923324,0,-0.002310077426955104,-0.03633880242705345,-0.1374017745256424,6.569455581484362e-05,-0.04113857448101044,-0.4162512421607971,-0.025674741715192795,-0.003428658237680793,-0.019612843170762062,0.004751567728817463,-0.009599592536687851,-0.2788494825363159,-0.012258151546120644,-0.02270202711224556,-0.004532328806817532,0.0,0.0,-0.0047828578390181065,0.0009914485272020102,-0.005124400835484266,0.00473676947876811,0.09731877595186234,0.18084320425987244,0.00011840845400001854,0.3934190273284912,-0.059179291129112244,-11.149221420288086,0.09240608662366867,0.18941178917884827,-0.003966995049268007,-0.00014222270692698658,-0.09485330432653427,-0.1743794083595276,0.000338509475113824,3.3106491565704346,2.5544300079345703,2.4643149375915527,2.831334352493286,0.024531250819563866,0.06286133080720901,-0.027597656473517418,-0.059794921427965164,0.0,0.035655248910188675,0.06262362748384476,-0.04803432151675224,-0.056601520627737045,0.0,-0.6939523816108704,-1.0985575914382935,-10.02968978881836,0.07153072953224182,-0.010759871453046799,-2.0271310806274414,0.0,0.0,0.0,0.0,0.0,0.0,0.0,0.0,0.0,0.0,0.0,0.0,0.009217878803610802,0.06754784286022186,-0.012605343945324421,-0.06269066780805588,0.10241617262363434,0.09234586358070374,0.08400874584913254,0.09702469408512115,0.16949498653411865,-0.19983583688735962,0.05180744081735611,0.0,0.0,0.0,0.0,0.0,0.0,0.0
8406130116,0,-0.002344042994081974,-0.036323294043540955,-0.1374465525150299,6.569455581484362e-05,-0.04113857448101044,-0.4182512164115906,-0.024572590366005898,-0.004015727434307337,-0.020814120769500732,0.0048194993287324905,-0.009630609303712845,-0.28080466389656067,-0.012333190068602562,-0.022647330537438393,-0.004704329650849104,0.0,0.0,-0.0047828578390181065,-0.0026410629507154226,0.001205913256853819,-0.00965323206037283,0.09731877595186234,0.18084320425987244,0.00011840845400001854,0.25325077772140503,-0.2944011390209198,-11.682014465332031,0.10084135085344315,0.1778090000152588,0.012820780277252197,-0.00015113549306988716,-0.09485330432653427,-0.1743794083595276,0.000338509475113824,3.018324613571167,3.1398067474365234,2.183032751083374,3.353231906890869,0.02299804612994194,0.06439453363418579,-0.024531250819563866,-0.06286133080720901,0.0,-0.004874621983617544,0.06165426969528198,0.006589309312403202,-0.0578237846493721,0.0,-0.7985377907752991,-0.3711404800415039,-9.8838472366333,0.06948675960302353,-0.009613403119146824,-2.0354442596435547,0.0,0.0,0.0,0.0,0.0,0.0,0.0,0.0,0.0,0.0,0.0,0.0,0.008836477994918823,0.06820375472307205,-0.012037791311740875,-0.06314105540513992,0.09448534995317459,0.09536860138177872,0.07653088867664337,0.10057035833597183,-0.07426666468381882,0.14920556545257568,-0.5049143433570862,0.0,0.0,0.0,0.0,0.0,0.0,0.0
8415964510,0,-0.002329817973077297,-0.036321867257356644,-0.13747556507587433,6.569455581484362e-05,-0.04113857448101044,-0.4192512035369873,-0.013057294301688671,0.017912665382027626,-0.010835754685103893,0.004791049286723137,-0.009633462876081467,-0.28177565336227417,-0.011968269944190979,-0.022823531180620193,-0.004975195974111557,0.0,0.0,-0.0047828578390181065,-0.0026410629507154226,0.001205913256853819,-0.00965323206037283,0.09745762497186661,0.18050695955753326,0.0005074358195997775,0.25325077772140503,-0.2944011390209198,-11.682014465332031,0.10084135085344315,0.1778090000152588,0.012820780277252197,-0.00015113549306988716,-0.09496814757585526,-0.17466521263122559,8.656634599901736e-05,3.018324613571167,3.1398067474365234,2.183032751083374,3.353231906890869,0.02299804612994194,0.06439453363418579,-0.02299804612994194,-0.06439453363418579,0.0,-0.004874621983617544,0.06165426969528198,0.006589309312403202,-0.0578237846493721,0.0,-0.7985377907752991,-0.3711404800415039,-9.8838472366333,0.04604559391736984,-0.053527481853961945,-2.124002695083618,0.0,0.0,0.0,0.0,0.0,0.0,0.0,0.0,0.0,0.0,0.0,0.0,0.007988544180989265,0.06736249476671219,-0.010841341689229012,-0.062324997037649155,0.09642267972230911,0.0994911715388298,0.0777709037065506,0.10383923351764679,-0.07426666468381882,0.14920556545257568,-0.5049143433570862,0.0,0.0,0.0,0.0,0.0,0.0,0.0
8426160440,0,-0.002329817973077297,-0.036321867257356644,-0.13747556507587433,6.569455581484362e-05,-0.04113857448101044,-0.4192512035369873,-0.013057294301688671,0.017912665382027626,-0.010835754685103893,0.004791049286723137,-0.009633462876081467,-0.28177565336227417,-0.011968269944190979,-0.022823531180620193,-0.004975195974111557,0.0,0.0,-0.0047828578390181065,-0.0026410629507154226,0.001205913256853819,-0.00965323206037283,0.09745762497186661,0.18050695955753326,0.0005074358195997775,0.25325077772140503,-0.2944011390209198,-11.682014465332031,0.10084135085344315,0.1778090000152588,0.012820780277252197,-0.00015113549306988716,-0.09504494816064835,-0.17481762170791626,-0.00013486883835867047,3.018324613571167,3.1398067474365234,2.183032751083374,3.353231906890869,0.021464843302965164,0.06439453363418579,-0.019931640475988388,-0.06286133080720901,0.0,-0.004874621983617544,0.06165426969528198,0.006589309312403202,-0.0578237846493721,0.0,-1.0312793254852295,-0.6462323665618896,-10.028584480285645,0.04604559391736984,-0.053527481853961945,-2.124002695083618,0.0,0.0,0.0,0.0,0.0,0.0,0.0,0.0,0.0,0.0,0.0,0.0,0.005197915248572826,0.06589542329311371,-0.007036483380943537,-0.061093054711818695,0.09839555621147156,0.09720107913017273,0.08020251244306564,0.10171263664960861,-0.07426666468381882,0.14920556545257568,-0.5049143433570862,0.0,0.0,0.0,0.0,0.0,0.0,0.0
8437232476,0,-0.002317258855327964,-0.03632090240716934,-0.137523353099823,6.569455581484362e-05,-0.04113857448101044,-0.42125117778778076,-0.017578493803739548,0.013903838582336903,-0.013319595716893673,0.004765930585563183,-0.00963539257645607,-0.28372782468795776,-0.012116503901779652,-0.022860877215862274,-0.005062727723270655,0.0,0.0,-0.0047828578390181065,-0.005210371688008308,0.001765795866958797,-0.006330545991659164,0.09809254854917526,0.18031270802021027,0.0004832904669456184,0.302703320980072,-0.2497708946466446,-11.680136680603027,0.10517977178096771,0.17837253212928772,0.004183874931186438,-0.00013238027167972177,-0.09504494816064835,-0.17481762170791626,-0.00013486883835867047,3.241511344909668,2.9289069175720215,2.3911941051483154,3.1316583156585693,0.018398437649011612,0.06439453363418579,-0.018398437649011612,-0.06439453363418579,0.0,0.005729008466005325,0.06669040769338608,-0.00788666121661663,-0.06245897337794304,0.0,-1.0312793254852295,-0.6462323665618896,-10.028584480285645,0.055036965757608414,-0.04541289061307907,-2.1236612796783447,0.0,0.0,0.0,0.0,0.0,0.0,0.0,0.0,0.0,0.0,0.0,0.0,0.0024559570010751486,0.06462361663579941,-0.003318680915981531,-0.06009772792458534,0.09839555621147156,0.09720107913017273,0.08020251244306564,0.10171263664960861,-0.11656524986028671,0.08909992128610611,0.09459953010082245,0.0,0.0,0.0,0.0,0.0,0.0,0.0
8446554397,0,-0.0023269911762326956,-0.036361563950777054,-0.13761375844478607,6.569455581484362e-05,-0.04113857448101044,-0.4232511520385742,-0.02098819427192211,0.011100437492132187,-0.016122329980134964,0.004785395227372646,-0.009554068557918072,-0.28563737869262695,-0.012065079063177109,-0.022880766540765762,-0.0047875517047941685,0.0,0.0,-0.0047828578390181065,0.00039593197288922966,-0.0016003268538042903,0.0008921570843085647,0.09590325504541397,0.18189890682697296,0.0001712628290988505,0.32848772406578064,-0.013169667683541775,-11.351207733154297,0.09335499256849289,0.1844935566186905,-0.004440351855009794,-0.00011862788232974708,-0.09504494816064835,-0.17481762170791626,-0.00013486883835867047,3.3666751384735107,2.602487325668335,2.532595157623291,2.8621387481689453,0.018398437649011612,0.06286133080720901,-0.016865234822034836,-0.06286133080720901,0.0,0.033081043511629105,0.046381961554288864,-0.044083986431360245,-0.042261768132448196,0.0,0.4413802921772003,0.7635360360145569,-9.753571510314941,0.0619175061583519,-0.039685193449258804,-2.1223814487457275,0.0,0.0,0.0,0.0,0.0,0.0,0.0,0.0,0.0,0.0,0.0,0.0,0.0024840296246111393,0.06321031600236893,-0.0033351818565279245,-0.058898359537124634,0.09839555621147156,0.09720107913017273,0.08020251244306564,0.10171263664960861,0.21523311734199524,-0.09943284839391708,0.40183088183403015,0.0,0.0,0.0,0.0,0.0,0.0,0.0
8456603949,0,-0.0023269911762326956,-0.036361563950777054,-0.13761375844478607,6.569455581484362e-05,-0.04113857448101044,-0.4232511520385742,-0.02098819427192211,0.011100437492132187,-0.016122329980134964,0.004785395227372646,-0.009554068557918072,-0.28563737869262695,-0.012065079063177109,-0.022880766540765762,-0.0047875517047941685,0.0,0.0,-0.0047828578390181065,0.009160430170595646,-0.004015280399471521,0.013311322778463364,0.09590325504541397,0.18189890682697296,0.0001712628290988505,0.32848772406578064,-0.013169667683541775,-11.351207733154297,0.09335499256849289,0.1844935566186905,-0.004440351855009794,-0.00011862788232974708,-0.09510456770658493,-0.17529034614562988,-1.0126990673597902e-05,3.3666751384735107,2.602487325668335,2.532595157623291,2.8621387481689453,0.016865234822034836,0.06286133080720901,-0.016865234822034836,-0.06286133080720901,0.0,0.033081043511629105,0.046381961554288864,-0.044083986431360245,-0.042261768132448196,0.0,-0.8138749003410339,0.2386206090450287,-9.737347602844238,0.0619175061583519,-0.039685193449258804,-2.1223814487457275,0.0,0.0,0.0,0.0,0.0,0.0,0.0,0.0,0.0,0.0,0.0,0.0,0.006882018409669399,0.060346819460392,-0.009192712604999542,-0.056170325726270676,0.1105644553899765,0.08186905086040497,0.09304741024971008,0.08880820125341415,0.3723610043525696,-0.12624873220920563,0.507500410079956,0.0,0.0,0.0,0.0,0.0,0.0,0.0
8466396976,0,-0.0023636077530682087,-0.03642404079437256,-0.13771659135818481,6.569455581484362e-05,-0.04113857448101044,-0.4252511262893677,-0.023267321288585663,0.006233434658497572,-0.017217125743627548,0.00485862884670496,-0.009429114870727062,-0.28753453493118286,-0.01195895578712225,-0.022962993010878563,-0.004521967843174934,0.0,0.0,-0.0047828578390181065,0.009160430170595646,-0.004015280399471521,0.013311322778463364,0.0950499176979065,0.1825575977563858,-0.00014827845734544098,0.3121456205844879,-0.041092097759246826,-11.534990310668945,0.08216588199138641,0.18783536553382874,-0.015067152678966522,-0.00010255228698952124,-0.09502097219228745,-0.1754615753889084,0.0002100164711009711,3.6669633388519287,2.359353542327881,2.855543375015259,2.665173292160034,0.015332031063735485,0.06286133080720901,-0.013798828236758709,-0.06286133080720901,0.0,0.02610643394291401,0.05291075259447098,-0.03360530734062195,-0.04691842943429947,0.0,-0.8138749003410339,0.2386206090450287,-9.737347602844238,0.06651883572340012,-0.029743483290076256,-2.1335268020629883,0.0,0.0,0.0,0.0,0.0,0.0,0.0,0.0,0.0,0.0,0.0,0.0,0.013557684607803822,0.05666280537843704,-0.018028507009148598,-0.05247695744037628,0.1105644553899765,0.08186905086040497,0.09304741024971008,0.08880820125341415,0.3723610043525696,-0.12624873220920563,0.507500410079956,0.0,0.0,0.0,0.0,0.0,0.0,0.0
8478221035,0,-0.0023636077530682087,-0.03642404079437256,-0.13771659135818481,6.569455581484362e-05,-0.04113857448101044,-0.42725110054016113,-0.023267321288585663,0.006233434658497572,-0.017217125743627548,0.00493386946618557,-0.009117105044424534,-0.2894842028617859,-0.01195895578712225,-0.022962993010878563,-0.004521967843174934,0.0,0.0,-0.0047828578390181065,0.009160430170595646,-0.004015280399471521,0.013311322778463364,0.09784693270921707,0.18169814348220825,1.4891602404532023e-05,0.3121456205844879,-0.041092097759246826,-11.534990310668945,0.08216588199138641,0.18783536553382874,-0.015067152678966522,-0.00010255228698952124,-0.09492763876914978,-0.17564262449741364,0.00042462098645046353,3.6669633388519287,2.359353542327881,2.855543375015259,2.665173292160034,0.013798828236758709,0.06286133080720901,-0.012265625409781933,-0.059794921427965164,0.0,0.02610643394291401,0.05291075259447098,-0.03360530734062195,-0.04691842943429947,0.0,-0.8138749003410339,0.2386206090450287,-9.737347602844238,0.07166778296232224,-0.01772492378950119,-2.1555187702178955,0.0,0.0,0.0,0.0,0.0,0.0,0.0,0.0,0.0,0.0,0.0,0.0,0.019478196278214455,0.05385742336511612,-0.025731801986694336,-0.04941999167203903,0.1073024794459343,0.08952951431274414,0.0895710438489914,0.09500028192996979,0.3723610043525696,-0.12624873220920563,0.507500410079956,0.0,0.0,0.0,0.0,0.0,0.0,0.0
8486050894,0,-0.00240122782997787,-0.03658004477620125,-0.13776691257953644,6.569455581484362e-05,-0.04113857448101044,-0.42725110054016113,-0.0257989801466465,0.0006325620925053954,-0.01670154184103012,0.00493386946618557,-0.009117105044424534,-0.2894842028617859,-0.012166558764874935,-0.022839967161417007,-0.004577594343572855,0.0,0.0,-0.0047828578390181065,0.001726364018395543,0.0006480563897639513,0.006345611065626144,0.09784693270921707,0.18169814348220825,1.4891602404532023e-05,0.2792210876941681,-0.046344250440597534,-11.860808372497559,0.09752207249403,0.1794826239347458,-0.002965600462630391,-0.00011818685743492097,-0.09492763876914978,-0.17564262449741364,0.00042462098645046353,3.455887794494629,2.7806203365325928,2.623622179031372,3.0128257274627686,0.013798828236758709,0.06439453363418579,-0.010732421651482582,-0.059794921427965164,0.0,0.023789450526237488,0.04136093705892563,-0.03143608942627907,-0.038256872445344925,0.0,-0.9204002022743225,-0.050429947674274445,-9.850566864013672,0.07166778296232224,-0.01772492378950119,-2.1555187702178955,0.0,0.0,0.0,0.0,0.0,0.0,0.0,0.0,0.0,0.0,0.0,0.0,0.023506179451942444,0.051770199090242386,-0.03087318316102028,-0.047055359929800034,0.1073024794459343,0.08952951431274414,0.0895710438489914,0.09500028192996979,-0.25461387634277344,0.14479579031467438,-0.17350992560386658,0.0,0.0,0.0,0.0,0.0,0.0,0.0
8496198049,0,-0.002435144502669573,-0.03671476989984512,-0.13777422904968262,6.569455581484362e-05,-0.04113857448101044,-0.42825108766555786,-0.011115274392068386,-0.002032779622823,-0.011880267411470413,0.005001703277230263,-0.008847653865814209,-0.29047685861587524,-0.012260382063686848,-0.022944623604416847,-0.004629796836525202,0.0,0.0,-0.0047828578390181065,0.001726364018395543,0.0006480563897639513,0.006345611065626144,0.09744983166456223,0.1824095994234085,-1.487518056819681e-05,0.2792210876941681,-0.046344250440597534,-11.860808372497559,0.09752207249403,0.1794826239347458,-0.002965600462630391,-0.00011818685743492097,-0.09492763876914978,-0.17564262449741364,0.00042462098645046353,3.455887794494629,2.7806203365325928,2.623622179031372,3.0128257274627686,0.013798828236758709,0.06439453363418579,-0.010732421651482582,-0.055195312947034836,0.0,0.023789450526237488,0.04136093705892563,-0.03143608942627907,-0.038256872445344925,0.0,0.551578164100647,0.3033256232738495,-9.609694480895996,0.04210246354341507,-0.011805221438407898,-2.1994197368621826,0.0,0.0,0.0,0.0,0.0,0.0,0.0,0.0,0.0,0.0,0.0,0.0,0.025646349415183067,0.04935568943619728,-0.03360571712255478,-0.044668424874544144,0.1073024794459343,0.08952951431274414,0.0895710438489914,0.09500028192996979,-0.25461387634277344,0.14479579031467438,-0.17350992560386658,0.0,0.0,0.0,0.0,0.0,0.0,0.0
8506377502,0,-0.002435144502669573,-0.03671476989984512,-0.13777422904968262,6.569455581484362e-05,-0.04113857448101044,-0.42825108766555786,-0.011115274392068386,-0.002032779622823,-0.011880267411470413,0.005001703277230263,-0.008847653865814209,-0.29047685861587524,-0.012260382063686848,-0.022944623604416847,-0.004629796836525202,0.0,0.0,-0.0047828578390181065,-0.010378161445260048,-0.0005356470937840641,-0.008623695001006126,0.09744983166456223,0.1824095994234085,-1.487518056819681e-05,0.3941728174686432,-0.09748707711696625,-11.855353355407715,0.10700993984937668,0.18375563621520996,0.007683552335947752,-0.00013319765275809914,-0.09521066397428513,-0.17610250413417816,0.00026153645012527704,3.209115982055664,3.0546226501464844,2.335371255874634,3.2698981761932373,0.015332031063735485,0.06286133080720901,-0.013798828236758709,-0.055195312947034836,0.0,0.032647017389535904,0.05688982829451561,-0.04499262198805809,-0.05322949215769768,0.0,-0.45167943835258484,0.5901269912719727,-9.808748245239258,0.04210246354341507,-0.011805221438407898,-2.1994197368621826,0.0,0.0,0.0,0.0,0.0,0.0,0.0,0.0,0.0,0.0,0.0,0.0,0.026764879003167152,0.04740932956337929,-0.035174641758203506,-0.043002109974622726,0.09792748838663101,0.10056192427873611,0.07888451963663101,0.10552509129047394,-0.4428403079509735,0.012466900050640106,-0.5341522097587585,0.0,0.0,0.0,0.0,0.0,0.0,0.0
8516384562,0,-0.002457032911479473,-0.036898087710142136,-0.13779757916927338,6.569455581484362e-05,-0.04113857448101044,-0.4302510619163513,-0.00772463483735919,0.003542429069057107,-0.01088025514036417,0.005045480094850063,-0.008481016382575035,-0.29245346784591675,-0.012293939478695393,-0.02306007407605648,-0.004945226479321718,0.0,0.0,-0.0047828578390181065,-0.005397920962423086,-0.002800320740789175,-0.01088026911020279,0.09772797673940659,0.1833212524652481,0.00036491884384304285,0.1941206306219101,-0.1219051256775856,-12.237872123718262,0.10289383679628372,0.1876976191997528,0.01225297525525093,-0.00014028673467691988,-0.09521066397428513,-0.17610250413417816,0.00026153645012527704,3.190108299255371,3.252288818359375,2.3166186809539795,3.491908550262451,0.016865234822034836,0.06132812425494194,-0.016865234822034836,-0.05366211012005806,0.0,0.007955783978104591,0.034314725548028946,-0.011087301187217236,-0.03204654902219772,0.0,-0.45167943835258484,0.5901269912719727,-9.808748245239258,0.035294659435749054,-0.022164568305015564,-2.225067615509033,0.0,0.0,0.0,0.0,0.0,0.0,0.0,0.0,0.0,0.0,0.0,0.0,0.02685273252427578,0.04644368961453438,-0.035568442195653915,-0.04240190610289574,0.09792748838663101,0.10056192427873611,0.07888451963663101,0.10552509129047394,-0.019201014190912247,-0.08701090514659882,-0.3628343641757965,0.0,0.0,0.0,0.0,0.0,0.0,0.0
8533583806,0,-0.002457032911479473,-0.036898087710142136,-0.13779757916927338,6.569455581484362e-05,-0.04113857448101044,-0.4302510619163513,-0.00772463483735919,0.003542429069057107,-0.01088025514036417,0.005045480094850063,-0.008481016382575035,-0.29245346784591675,-0.012293939478695393,-0.02306007407605648,-0.004945226479321718,0.0,0.0,-0.0047828578390181065,0.008922658860683441,-0.003195364959537983,-0.007331185042858124,0.09772797673940659,0.1833212524652481,0.00036491884384304285,0.4078022837638855,-0.05734740197658539,-11.956932067871094,0.07724939286708832,0.18811659514904022,0.006111101247370243,-0.0001324171753367409,-0.0952054038643837,-0.17650237679481506,-7.713332888670266e-05,3.235206365585327,2.9877469539642334,2.438220262527466,3.3084657192230225,0.018398437649011612,0.05826171860098839,-0.02299804612994194,-0.052128907293081284,0.0,0.038263656198978424,0.05502280965447426,-0.05089860036969185,-0.04977145791053772,0.0,-0.45167943835258484,0.5901269912719727,-9.808748245239258,0.035294659435749054,-0.022164568305015564,-2.225067615509033,0.0,0.0,0.0,0.0,0.0,0.0,0.0,0.0,0.0,0.0,0.0,0.0,0.02594614587724209,0.045727379620075226,-0.034645359963178635,-0.04199075698852539,0.10452011227607727,0.0952257588505745,0.08743467926979065,0.10223689675331116,0.6979343295097351,-0.0677754282951355,-0.02148411236703396,0.0,0.0,0.0,0.0,0.0,0.0,0.0
8536299216,0,-0.0024757003411650658,-0.03707960247993469,-0.13787738978862762,6.569455581484362e-05,-0.04113857448101044,-0.4332510232925415,-0.024463998153805733,-0.001660920912399888,-0.019622016698122025,0.005082815419882536,-0.008117984980344772,-0.2953736186027527,-0.011967557482421398,-0.02318129688501358,-0.004937425255775452,0.0,0.0,-0.0047828578390181065,0.012235866859555244,-0.0032964027486741543,-0.003418338717892766,0.09513324499130249,0.18428508937358856,0.0003519146121107042,0.2038419246673584,-0.19108529388904572,-12.231822967529297,0.07724939286708832,0.18811659514904022,0.006111101247370243,-0.0001324171753367409,-0.0952054038643837,-0.17650237679481506,-7.713332888670266e-05,3.426055669784546,2.9351699352264404,2.627624750137329,3.254173755645752,0.019931640475988388,0.05672851577401161,-0.026064453646540642,-0.052128907293081284,0.0,0.0012744175037369132,0.04753949120640755,-0.0017712120898067951,-0.04296477884054184,0.0,-0.6428341865539551,0.3092181384563446,-9.966845512390137,0.06903564184904099,-0.01119965873658657,-2.1875948905944824,0.0,0.0,0.0,0.0,0.0,0.0,0.0,0.0,0.0,0.0,0.0,0.0,0.024668654426932335,0.04578983411192894,-0.03308764100074768,-0.042092613875865936,0.10452011227607727,0.0952257588505745,0.08743467926979065,0.10223689675331116,0.5261973142623901,-0.03961993381381035,0.16988977789878845,0.0,0.0,0.0,0.0,0.0,0.0,0.0
8546638321,0,-0.002449911320582032,-0.037136636674404144,-0.13792532682418823,6.569455581484362e-05,-0.04113857448101044,-0.43425101041793823,-0.007606020662933588,0.006796718575060368,-0.016272472217679024,0.0050312369130551815,-0.008003915660083294,-0.29632568359375,-0.011648430489003658,-0.023074794560670853,-0.0049614571034908295,0.0,0.0,-0.0047828578390181065,0.01586204767227173,-0.0006563587812706828,-0.0005416720523498952,0.0925976112484932,0.18343810737133026,0.00037556758616119623,0.3796960413455963,-0.061598122119903564,-12.031771659851074,0.07275855541229248,0.1829843819141388,-0.0015402340795844793,-0.00011237656144658104,-0.09491284191608429,-0.17681777477264404,-0.00012202498328406364,3.430824041366577,2.8149056434631348,2.662602424621582,3.1341371536254883,0.021464843302965164,0.052128907293081284,-0.024531250819563866,-0.04906250163912773,0.0,0.032750897109508514,0.05541170760989189,-0.042297087609767914,-0.0498407781124115,0.0,0.4356001615524292,0.27466028928756714,-9.838519096374512,0.035174839198589325,-0.028147589415311813,-2.2222442626953125,0.0,0.0,0.0,0.0,0.0,0.0,0.0,0.0,0.0,0.0,0.0,0.0,0.022881940007209778,0.04685179144144058,-0.03067866712808609,-0.042934853583574295,0.10813619196414948,0.09276972711086273,0.09045474976301193,0.09783641248941422,0.4619801938533783,0.10142669081687927,0.2254028469324112,0.0,0.0,0.0,0.0,0.0,0.0,0.0
8557608749,0,-0.002449911320582032,-0.037136636674404144,-0.13792532682418823,6.569455581484362e-05,-0.04113857448101044,-0.43425101041793823,-0.007606020662933588,0.006796718575060368,-0.016272472217679024,0.0050312369130551815,-0.008003915660083294,-0.29632568359375,-0.011648430489003658,-0.023074794560670853,-0.0049614571034908295,0.0,0.0,-0.0047828578390181065,-0.01137452945113182,0.005661681294441223,0.007476468104869127,0.09720807522535324,0.18265797197818756,0.00017005702829919755,0.3796960413455963,-0.061598122119903564,-12.031771659851074,0.07275855541229248,0.1829843819141388,-0.0015402340795844793,-0.00011237656144658104,-0.09493087232112885,-0.17689500749111176,-5.7705437939148396e-05,3.430824041366577,2.8149056434631348,2.662602424621582,3.1341371536254883,0.021464843302965164,0.05059570446610451,-0.027597656473517418,-0.04752929508686066,0.0,0.032750897109508514,0.05541170760989189,-0.042297087609767914,-0.0498407781124115,0.0,-0.10616486519575119,-0.004299353342503309,-9.44295883178711,0.035174839198589325,-0.028147589415311813,-2.2222442626953125,0.0,0.0,0.0,0.0,0.0,0.0,0.0,0.0,0.0,0.0,0.0,0.0,0.022372234612703323,0.04859044775366783,-0.029768284410238266,-0.044306207448244095,0.1102585643529892,0.09109719097614288,0.09200332313776016,0.09521065652370453,-0.8324150443077087,0.20580406486988068,0.34548190236091614,0.0,0.0,0.0,0.0,0.0,0.0,0.0
8566544103,0,-0.002416779985651374,-0.037209536880254745,-0.13797833025455475,6.569455581484362e-05,-0.04113857448101044,-0.4362509846687317,-0.011163975112140179,0.0030152923427522182,-0.01426705252379179,0.0049649737775325775,-0.007858114317059517,-0.29827266931533813,-0.0123439971357584,-0.022964460775256157,-0.004717113450169563,0.0,0.0,-0.0047828578390181065,-0.01137452945113182,0.005661681294441223,0.007476468104869127,0.09720807522535324,0.18265797197818756,0.00017005702829919755,0.3571343421936035,-0.0954914540052414,-12.194592475891113,0.11690675467252731,0.17493824660778046,-0.008838924579322338,-9.570258407620713e-05,-0.09493087232112885,-0.17689500749111176,-5.7705437939148396e-05,3.7096004486083984,2.752652883529663,2.8310279846191406,2.9113337993621826,0.019931640475988388,0.04752929508686066,-0.026064453646540642,-0.04752929508686066,0.0,0.024911105632781982,0.05813063681125641,-0.03271789848804474,-0.05503053218126297,0.0,-0.10616486519575119,-0.004299353342503309,-9.44295883178711,0.04202011227607727,-0.01978945918381214,-2.258153200149536,0.0,0.0,0.0,0.0,0.0,0.0,0.0,0.0,0.0,0.0,0.0,0.0,0.023675037547945976,0.050829678773880005,-0.031190544366836548,-0.04624134674668312,0.1102585643529892,0.09109719097614288,0.09200332313776016,0.09521065652370453,-0.8324150443077087,0.20580406486988068,0.34548190236091614,0.0,0.0,0.0,0.0,0.0,0.0,0.0
8576181976,0,-0.002442957367748022,-0.03726039454340935,-0.1379883587360382,6.569455581484362e-05,-0.04113857448101044,-0.4372509717941284,-0.020433343946933746,0.004064689856022596,-0.014775348827242851,0.005017329007387161,-0.0077563985250890255,-0.2992626130580902,-0.012688315473496914,-0.02288638800382614,-0.004519444424659014,0.0,0.0,-0.0047828578390181065,-0.015088452026247978,0.004221607930958271,0.010660804808139801,0.09720807522535324,0.18265797197818756,0.00017005702829919755,0.231110617518425,-0.10884202271699905,-12.419842720031738,0.12110111862421036,0.17752210795879364,-0.011167853139340878,-9.556749137118459e-05,-0.09493087232112885,-0.17689500749111176,-5.7705437939148396e-05,3.834368944168091,2.753286123275757,2.9357430934906006,2.9066426753997803,0.021464843302965164,0.04906250163912773,-0.026064453646540642,-0.04599609225988388,0.0,0.011247100308537483,0.04362991079688072,-0.014760805293917656,-0.04139816388487816,0.0,-0.10616486519575119,-0.004299353342503309,-9.44295883178711,0.06070239469408989,-0.02140064164996147,-2.264899253845215,0.0,0.0,0.0,0.0,0.0,0.0,0.0,0.0,0.0,0.0,0.0,0.0,0.024275178089737892,0.05248381569981575,-0.031785380095243454,-0.047946617007255554,0.1102585643529892,0.09109719097614288,0.09200332313776016,0.09521065652370453,-0.5165232419967651,0.020534614101052284,0.31614381074905396,0.0,0.0,0.0,0.0,0.0,0.0,0.0
8589667635,0,-0.002442957367748022,-0.03726039454340935,-0.1379883587360382,6.569455581484362e-05,-0.04113857448101044,-0.4372509717941284,-0.020433343946933746,0.004064689856022596,-0.014775348827242851,0.005017329007387161,-0.0077563985250890255,-0.2992626130580902,-0.012688315473496914,-0.02288638800382614,-0.004519444424659014,0.0,0.0,-0.0047828578390181065,0.003856963012367487,-0.003811031114310026,0.0015528422081843019,0.10084743052721024,0.18194906413555145,-0.00014183990424498916,0.28255972266197205,-0.1015479564666748,-12.635498046875,0.12110111862421036,0.17752210795879364,-0.011167853139340878,-9.556749137118459e-05,-0.09556461125612259,-0.17721900343894958,0.00041907239938154817,3.527491331100464,3.0614852905273438,2.695513963699341,3.360562562942505,0.019931640475988388,0.05059570446610451,-0.027597656473517418,-0.04752929508686066,0.0,0.018113987520337105,0.044338978826999664,-0.023782940581440926,-0.04045260697603226,0.0,-0.42594870924949646,0.3614570200443268,-9.700468063354492,0.06070239469408989,-0.02140064164996147,-2.264899253845215,0.0,0.0,0.0,0.0,0.0,0.0,0.0,0.0,0.0,0.0,0.0,0.0,0.023113425821065903,0.05236520618200302,-0.030181027948856354,-0.04816218465566635,0.10953570902347565,0.09560985118150711,0.09134399145841599,0.10159622877836227,0.690859854221344,-0.28158143162727356,-0.29972806572914124,0.0,0.0,0.0,0.0,0.0,0.0,0.0
8596074413,0,-0.0024393689818680286,-0.037320561707019806,-0.13795363903045654,6.569455581484362e-05,-0.04113857448101044,-0.4392509460449219,-0.015449103899300098,0.0059278737753629684,-0.011988389305770397,0.005010152235627174,-0.0076360637322068214,-0.30129730701446533,-0.012251456268131733,-0.023113183677196503,-0.0046273572370409966,0.0,0.0,-0.0047828578390181065,0.003856963012367487,-0.003811031114310026,0.0015528422081843019,0.09737858176231384,0.18374967575073242,-1.668684126343578e-05,0.28255972266197205,-0.1015479564666748,-12.635498046875,0.08661302179098129,0.19037652015686035,0.0019316335674375296,-0.00011149977217428386,-0.09556461125612259,-0.17721900343894958,0.00041907239938154817,3.527491331100464,3.0614852905273438,2.695513963699341,3.360562562942505,0.02299804612994194,0.05059570446610451,-0.026064453646540642,-0.04752929508686066,0.0,0.01810907945036888,0.0443333201110363,-0.023789362981915474,-0.04045776650309563,0.0,0.43594712018966675,0.12369100004434586,-9.701383590698242,0.05041404813528061,-0.025075314566493034,-2.303518533706665,0.0,0.0,0.0,0.0,0.0,0.0,0.0,0.0,0.0,0.0,0.0,0.0,0.021302521228790283,0.05079284682869911,-0.0277954563498497,-0.04688942804932594,0.10953570902347565,0.09560985118150711,0.09134399145841599,0.10159622877836227,0.690859854221344,-0.28158143162727356,-0.29972806572914124,0.0,0.0,0.0,0.0,0.0,0.0,0.0
8606203277,0,-0.0024393689818680286,-0.037320561707019806,-0.13795363903045654,6.569455581484362e-05,-0.04113857448101044,-0.44125092029571533,-0.015449103899300098,0.0059278737753629684,-0.011988389305770397,0.004867848940193653,-0.007461465895175934,-0.303311288356781,-0.012251456268131733,-0.023113183677196503,-0.0046273572370409966,0.0,0.0,-0.0047828578390181065,0.003856963012367487,-0.003811031114310026,0.0015528422081843019,0.09737858176231384,0.18374967575073242,-1.668684126343578e-05,0.28255972266197205,-0.1015479564666748,-12.635498046875,0.08661302179098129,0.19037652015686035,0.0019316335674375296,-0.00011149977217428386,-0.09544296562671661,-0.17760513722896576,0.0002998078125528991,3.527491331100464,3.0614852905273438,2.695513963699341,3.360562562942505,0.024531250819563866,0.05059570446610451,-0.027597656473517418,-0.04906250163912773,0.0,0.01810907945036888,0.0443333201110363,-0.023789362981915474,-0.04045776650309563,0.0,0.025818876922130585,-0.19156835973262787,-9.963434219360352,0.04105265438556671,-0.02602553367614746,-2.3058054447174072,0.0,0.0,0.0,0.0,0.0,0.0,0.0,0.0,0.0,0.0,0.0,0.0,0.019822845235466957,0.04882784187793732,-0.025882674381136894,-0.04507641866803169,0.10194855183362961,0.10228043049573898,0.08488022536039352,0.10927246510982513,0.690859854221344,-0.28158143162727356,-0.29972806572914124,0.0,0.0,0.0,0.0,0.0,0.0,0.0
8616058969,0,-0.0023682177998125553,-0.03740786015987396,-0.13793964684009552,6.569455581484362e-05,-0.04113857448101044,-0.44125092029571533,-0.010900790803134441,0.006449850741773844,-0.013984390534460545,0.004867848940193653,-0.007461465895175934,-0.303311288356781,-0.01189056970179081,-0.023144830018281937,-0.004992990288883448,0.0,0.0,-0.0047828578390181065,0.0072723934426903725,-0.001204648520797491,-0.009170159697532654,0.09793627262115479,0.183045893907547,0.0004181896219961345,0.2257896065711975,-0.14314043521881104,-12.681929588317871,0.08627394586801529,0.1844780296087265,0.011343758553266525,-0.00012323466944508255,-0.09544296562671661,-0.17760513722896576,0.0002998078125528991,3.294241428375244,3.3170504570007324,2.4812285900115967,3.5989818572998047,0.021464843302965164,0.05059570446610451,-0.026064453646540642,-0.04906250163912773,0.0,0.008829742670059204,0.039292749017477036,-0.011831043288111687,-0.036287788301706314,0.0,0.025818876922130585,-0.19156835973262787,-9.963434219360352,0.04105265438556671,-0.02602553367614746,-2.3058054447174072,0.0,0.0,0.0,0.0,0.0,0.0,0.0,0.0,0.0,0.0,0.0,0.0,0.018350815400481224,0.04679953679442406,-0.02400401048362255,-0.043140120804309845,0.10194855183362961,0.10228043049573898,0.08488022536039352,0.10927246510982513,0.141296848654747,0.07017295807600021,-0.40281152725219727,0.0,0.0,0.0,0.0,0.0,0.0,0.0
8626123075,0,-0.002323294524103403,-0.03746803477406502,-0.13794498145580292,6.569455581484362e-05,-0.04113857448101044,-0.44225090742111206,-0.023198645561933517,-0.004649423994123936,-0.016217421740293503,0.004778001923114061,-0.007341116201132536,-0.30430591106414795,-0.01235964521765709,-0.02308199554681778,-0.005002309568226337,0.0,0.0,-0.0047828578390181065,0.004460716154426336,0.0027702772058546543,-0.008306932635605335,0.09793627262115479,0.183045893907547,0.0004181896219961345,0.360045850276947,-0.017691675573587418,-12.647628784179688,0.09360937029123306,0.17809268832206726,0.008490169420838356,-0.00011952510249102488,-0.09544296562671661,-0.17760513722896576,0.0002998078125528991,3.358250856399536,3.258470296859741,2.5427253246307373,3.497990608215332,0.024531250819563866,0.05059570446610451,-0.027597656473517418,-0.04906250163912773,0.0,0.03601181134581566,0.04095718637108803,-0.04767180606722832,-0.038225628435611725,0.0,-0.47675853967666626,0.38070595264434814,-10.070962905883789,0.0654628798365593,-0.003216668264940381,-2.2995688915252686,0.0,0.0,0.0,0.0,0.0,0.0,0.0,0.0,0.0,0.0,0.0,0.0,0.017551984637975693,0.04472609981894493,-0.023038875311613083,-0.04120514914393425,0.10194855183362961,0.10228043049573898,0.08488022536039352,0.10927246510982513,-0.013381156139075756,0.21829260885715485,-0.18268020451068878,0.0,0.0,0.0,0.0,0.0,0.0,0.0
8635807349,0,-0.002302872948348522,-0.037663668394088745,-0.13803310692310333,6.569455581484362e-05,-0.04113857448101044,-0.44525086879730225,-0.01034524291753769,0.0006489504012279212,-0.011502702720463276,0.0047371587716042995,-0.006949847098439932,-0.3072177767753601,-0.012285848148167133,-0.023184800520539284,-0.004836746491491795,0.0,0.0,-0.0047828578390181065,0.004460716154426336,0.0027702772058546543,-0.008306932635605335,0.09793627262115479,0.183045893907547,0.0004181896219961345,0.360045850276947,-0.017691675573587418,-12.647628784179688,0.09360937029123306,0.17809268832206726,0.008490169420838356,-0.00011952510249102488,-0.09552128612995148,-0.17793194949626923,-8.503214485244825e-05,3.358250856399536,3.258470296859741,2.5427253246307373,3.497990608215332,0.021464843302965164,0.05059570446610451,-0.027597656473517418,-0.04906250163912773,0.0,0.03601181134581566,0.04095718637108803,-0.04767180606722832,-0.038225628435611725,0.0,-0.47675853967666626,0.38070595264434814,-10.070962905883789,0.03934932127594948,-0.01303658727556467,-2.366936206817627,0.0,0.0,0.0,0.0,0.0,0.0,0.0,0.0,0.0,0.0,0.0,0.0,0.019311491400003433,0.0429341085255146,-0.025456257164478302,-0.03961430490016937,0.11003975570201874,0.09665504097938538,0.09110584855079651,0.1006176769733429,-0.013381156139075756,0.21829260885715485,-0.18268020451068878,0.0,0.0,0.0,0.0,0.0,0.0,0.0
8646702853,0,-0.002302872948348522,-0.037663668394088745,-0.13803310692310333,6.569455581484362e-05,-0.04113857448101044,-0.44525086879730225,-0.01034524291753769,0.0006489504012279212,-0.011502702720463276,0.0047371587716042995,-0.006949847098439932,-0.3072177767753601,-0.012285848148167133,-0.023184800520539284,-0.004836746491491795,0.0,0.0,-0.0047828578390181065,-0.00801620539277792,0.0008807986741885543,0.0019190695602446795,0.09765954315662384,0.18431492149829865,0.00023556227097287774,0.3743581175804138,-0.023316456004977226,-12.606436729431152,0.1086735874414444,0.1843772977590561,-0.004481262061744928,-9.95288573903963e-05,-0.09552128612995148,-0.17793194949626923,-8.503214485244825e-05,3.7053542137145996,2.9369919300079346,2.824089288711548,3.149691581726074,0.019931640475988388,0.04752929508686066,-0.027597656473517418,-0.04599609225988388,0.0,0.033472370356321335,0.047853268682956696,-0.044000107795000076,-0.04468826577067375,0.0,-0.057105693966150284,0.461391419172287,-9.76462173461914,0.03934932127594948,-0.01303658727556467,-2.366936206817627,0.0,0.0,0.0,0.0,0.0,0.0,0.0,0.0,0.0,0.0,0.0,0.0,0.023141350597143173,0.04200611636042595,-0.030575143173336983,-0.03887379169464111,0.11003975570201874,0.09665504097938538,0.09110584855079651,0.1006176769733429,-0.2997835576534271,-0.09431657195091248,0.33181604743003845,0.0,0.0,0.0,0.0,0.0,0.0,0.0
8655904705,0,-0.002302872948348522,-0.037663668394088745,-0.13803310692310333,6.569455581484362e-05,-0.04113857448101044,-0.44525086879730225,-0.01034524291753769,0.0006489504012279212,-0.011502702720463276,0.0047371587716042995,-0.006949847098439932,-0.3072177767753601,-0.012285848148167133,-0.023184800520539284,-0.004836746491491795,0.0,0.0,-0.0047828578390181065,-0.0021592294797301292,-0.002052009105682373,0.009753967635333538,0.09765954315662384,0.18431492149829865,0.00023556227097287774,0.36738717555999756,-0.04788612946867943,-12.755005836486816,0.09732960164546967,0.18785473704338074,-0.010711641982197762,-9.122223855229095e-05,-0.09583210945129395,-0.17820797860622406,7.930024730740115e-05,3.8862407207489014,2.795358419418335,3.0291383266448975,3.0537936687469482,0.021464843302965164,0.04752929508686066,-0.027597656473517418,-0.044462889432907104,0.0,0.02904539369046688,0.05251188948750496,-0.03733276203274727,-0.0481293722987175,0.0,-0.057105693966150284,0.461391419172287,-9.76462173461914,0.03934932127594948,-0.01303658727556467,-2.366936206817627,0.0,0.0,0.0,0.0,0.0,0.0,0.0,0.0,0.0,0.0,0.0,0.0,0.026844199746847153,0.042525455355644226,-0.03543175011873245,-0.039443135261535645,0.11503002792596817,0.0917358547449112,0.09643290191888809,0.09743054956197739,0.19333100318908691,-0.0938393622636795,0.34615641832351685,0.0,0.0,0.0,0.0,0.0,0.0,0.0
8666912770,0,-0.0023150553461164236,-0.03780854865908623,-0.13804703950881958,6.569455581484362e-05,-0.04113857448101044,-0.4472508430480957,-0.01347925141453743,0.000726833357475698,-0.010355188511312008,0.004761523567140102,-0.006660085171461105,-0.3092038035392761,-0.012216972187161446,-0.023253366351127625,-0.0046121105551719666,0.0,0.0,-0.0047828578390181065,-0.0021592294797301292,-0.002052009105682373,0.009753967635333538,0.09710367769002914,0.1848643273115158,-3.4432927350280806e-05,0.36738717555999756,-0.04788612946867943,-12.755005836486816,0.09732960164546967,0.18785473704338074,-0.010711641982197762,-9.122223855229095e-05,-0.09583210945129395,-0.17820797860622406,7.930024730740115e-05,3.8862407207489014,2.795358419418335,3.0291383266448975,3.0537936687469482,0.018398437649011612,0.04599609225988388,-0.026064453646540642,-0.04292968660593033,0.0,0.02904539369046688,0.05251188948750496,-0.03733276203274727,-0.0481293722987175,0.0,-0.06436866521835327,0.1472083032131195,-9.588078498840332,0.045502688735723495,-0.012557804584503174,-2.395885705947876,0.0,0.0,0.0,0.0,0.0,0.0,0.0,0.0,0.0,0.0,0.0,0.0,0.02927570790052414,0.044408731162548065,-0.038478653877973557,-0.0411672480404377,0.11503002792596817,0.0917358547449112,0.09643290191888809,0.09743054956197739,0.19333100318908691,-0.0938393622636795,0.34615641832351685,0.0,0.0,0.0,0.0,0.0,0.0,0.0
8676364863,0,-0.002337604993954301,-0.03789130970835686,-0.13803011178970337,6.569455581484362e-05,-0.04113857448101044,-0.44825083017349243,-0.021177805960178375,0.0002864433918148279,-0.014243117533624172,0.004806623328477144,-0.006494562141597271,-0.31022071838378906,-0.012480600737035275,-0.02314034104347229,-0.004658740013837814,0.0,0.0,-0.0047828578390181065,0.008778505958616734,-0.0015234296442940831,0.00866869930177927,0.09920107573270798,0.1839650422334671,2.4350012608920224e-05,0.2502647936344147,-0.06906792521476746,-13.17737102508545,0.08383406698703766,0.1858820766210556,-0.007659419905394316,-9.638864867156371e-05,-0.09583210945129395,-0.17820797860622406,7.930024730740115e-05,3.8913443088531494,2.959946870803833,3.082381010055542,3.253471851348877,0.02299804612994194,0.044462889432907104,-0.027597656473517418,-0.04139648377895355,0.0,0.016436705365777016,0.03811679780483246,-0.02081902138888836,-0.03474095091223717,0.0,-0.3757935166358948,0.20322230458259583,-9.83493423461914,0.06119844689965248,-0.011184295639395714,-2.375197649002075,0.0,0.0,0.0,0.0,0.0,0.0,0.0,0.0,0.0,0.0,0.0,0.0,0.029847390949726105,0.046166129410266876,-0.039003901183605194,-0.042682256549596786,0.11503002792596817,0.0917358547449112,0.09643290191888809,0.09743054956197739,0.6588502526283264,-0.03935988247394562,0.1272546947002411,0.0,0.0,0.0,0.0,0.0,0.0,0.0
8686221716,0,-0.002337604993954301,-0.03789130970835686,-0.13803011178970337,6.569455581484362e-05,-0.04113857448101044,-0.44825083017349243,-0.021177805960178375,0.0002864433918148279,-0.014243117533624172,0.004806623328477144,-0.006494562141597271,-0.31022071838378906,-0.012480600737035275,-0.02314034104347229,-0.004658740013837814,0.0,0.0,-0.0047828578390181065,0.004119082819670439,0.0014239277224987745,0.00584373576566577,0.09920107573270798,0.1839650422334671,2.4350012608920224e-05,0.2502647936344147,-0.06906792521476746,-13.17737102508545,0.08383406698703766,0.1858820766210556,-0.007659419905394316,-9.638864867156371e-05,-0.0958220586180687,-0.1786527782678604,0.0004939131322316825,3.8913443088531494,2.959946870803833,3.082381010055542,3.253471851348877,0.024531250819563866,0.04292968660593033,-0.027597656473517418,-0.04292968660593033,0.0,0.016436705365777016,0.03811679780483246,-0.02081902138888836,-0.03474095091223717,0.0,0.20280370116233826,0.19826699793338776,-9.803426742553711,0.06119844689965248,-0.011184295639395714,-2.375197649002075,0.0,0.0,0.0,0.0,0.0,0.0,0.0,0.0,0.0,0.0,0.0,0.0,0.028235575184226036,0.0462091863155365,-0.03666842728853226,-0.04257959872484207,0.11212237179279327,0.09858104586601257,0.09436561167240143,0.10448300838470459,0.12550097703933716,0.11912614107131958,-0.06365147233009338,0.0,0.0,0.0,0.0,0.0,0.0,0.0
8697505591,0,-0.0023481734097003937,-0.03803155571222305,-0.1380210667848587,6.569455581484362e-05,-0.04113857448101044,-0.4502508044242859,-0.016669519245624542,0.0008623841567896307,-0.015873271971940994,0.00482776015996933,-0.006214068736881018,-0.3122297525405884,-0.012358862906694412,-0.023175938054919243,-0.004614245146512985,0.0,0.0,-0.0047828578390181065,-0.0024977929424494505,-0.0020205769687891006,-0.003323058597743511,0.0982317328453064,0.18424883484840393,-3.0465813324553892e-05,0.31878626346588135,-0.008948694914579391,-13.071816444396973,0.10623330622911453,0.1869819313287735,0.006458413787186146,-0.00012745764979626983,-0.0958220586180687,-0.1786527782678604,0.0004939131322316825,3.548637866973877,3.3181509971618652,2.6658053398132324,3.547400951385498,0.02299804612994194,0.04292968660593033,-0.029130859300494194,-0.04292968660593033,0.0,0.030835192650556564,0.034885916858911514,-0.04115591198205948,-0.032708752900362015,0.0,0.20280370116233826,0.19826699793338776,-9.803426742553711,0.0522165484726429,-0.011888310313224792,-2.3810741901397705,0.0,0.0,0.0,0.0,0.0,0.0,0.0,0.0,0.0,0.0,0.0,0.0,0.025929879397153854,0.04458804801106453,-0.03353334590792656,-0.04098891466856003,0.11212237179279327,0.09858104586601257,0.09436561167240143,0.10448300838470459,-0.2422313541173935,-0.10295986384153366,-0.3648589551448822,0.0,0.0,0.0,0.0,0.0,0.0,0.0
8705939861,0,-0.0023768164683133364,-0.03814365342259407,-0.13807186484336853,6.569455581484362e-05,-0.04113857448101044,-0.45225077867507935,-0.010485104285180569,0.002522603143006563,-0.015402810648083687,0.0048850467428565025,-0.005989871919155121,-0.3141789138317108,-0.012446977198123932,-0.023348180577158928,-0.004874851554632187,0.0,0.0,-0.0047828578390181065,-0.0024977929424494505,-0.0020205769687891006,-0.003323058597743511,0.09771554917097092,0.1861991584300995,0.00027015828527510166,0.31878626346588135,-0.008948694914579391,-13.071816444396973,0.10623330622911453,0.1869819313287735,0.006458413787186146,-0.00012745764979626983,-0.09589055925607681,-0.17898570001125336,0.00044150330359116197,3.548637866973877,3.3181509971618652,2.6658053398132324,3.547400951385498,0.027597656473517418,0.04292968660593033,-0.03066406212747097,-0.04292968660593033,0.0,0.030835192650556564,0.034885916858911514,-0.04115591198205948,-0.032708752900362015,0.0,0.20280370116233826,0.19826699793338776,-9.803426742553711,0.0397915244102478,-0.014702212065458298,-2.405305862426758,0.0,0.0,0.0,0.0,0.0,0.0,0.0,0.0,0.0,0.0,0.0,0.0,0.025036849081516266,0.04214949533343315,-0.032459866255521774,-0.03877243399620056,0.10683552175760269,0.10364151746034622,0.08780454099178314,0.10916027426719666,-0.2422313541173935,-0.10295986384153366,-0.3648589551448822,0.0,0.0,0.0,0.0,0.0,0.0,0.0
8717035507,0,-0.0023768164683133364,-0.03814365342259407,-0.13807186484336853,6.569455581484362e-05,-0.04113857448101044,-0.45225077867507935,-0.010485104285180569,0.002522603143006563,-0.015402810648083687,0.0048850467428565025,-0.005989871919155121,-0.3141789138317108,-0.012446977198123932,-0.023348180577158928,-0.004874851554632187,0.0,0.0,-0.0047828578390181065,-0.004109169822186232,-0.0027448763139545918,-0.006401719991117716,0.09771554917097092,0.1861991584300995,0.00027015828527510166,0.21885338425636292,-0.08086216449737549,-13.229182243347168,0.10623330622911453,0.1869819313287735,0.006458413787186146,-0.00012745764979626983,-0.09599196165800095,-0.17913818359375,0.00032352752168662846,3.5335745811462402,3.4066014289855957,2.648900270462036,3.6486012935638428,0.027597656473517418,0.044462889432907104,-0.03066406212747097,-0.044462889432907104,0.0,0.013768002390861511,0.031070247292518616,-0.018471281975507736,-0.029084835201501846,0.0,0.021036336198449135,0.14703962206840515,-9.786473274230957,0.0397915244102478,-0.014702212065458298,-2.405305862426758,0.0,0.0,0.0,0.0,0.0,0.0,0.0,0.0,0.0,0.0,0.0,0.0,0.024880260229110718,0.039433833211660385,-0.0324900858104229,-0.036396246403455734,0.10756238549947739,0.10506480932235718,0.08839257061481476,0.1098131611943245,-0.26063838601112366,-0.06092045456171036,-0.3544691503047943,0.0,0.0,0.0,0.0,0.0,0.0,0.0
8726097645,0,-0.0023700359743088484,-0.03826409950852394,-0.1381385773420334,6.569455581484362e-05,-0.04113857448101044,-0.4542507529258728,-0.00833225529640913,0.0007845440995879471,-0.013277779333293438,0.004871485289186239,-0.005748978815972805,-0.3161121606826782,-0.01224636472761631,-0.02340722270309925,-0.005034544039517641,0.0,0.0,-0.0047828578390181065,-0.0016081836074590683,-0.0030075986869633198,-0.007831871509552002,0.09735283255577087,0.1860792189836502,0.0004739845753647387,0.32532966136932373,-0.01583733968436718,-13.064228057861328,0.10223652422428131,0.18867869675159454,0.00895142275840044,-0.00013484439114108682,-0.09599196165800095,-0.17913818359375,0.00032352752168662846,3.4809648990631104,3.3697967529296875,2.6056182384490967,3.616316080093384,0.026064453646540642,0.04292968660593033,-0.032197266817092896,-0.04292968660593033,0.0,0.031397465616464615,0.03575878590345383,-0.04206332564353943,-0.03340134769678116,0.0,-0.12360120564699173,0.224811390042305,-9.773930549621582,0.035239145159721375,-0.010784821584820747,-2.4428396224975586,0.0,0.0,0.0,0.0,0.0,0.0,0.0,0.0,0.0,0.0,0.0,0.0,0.024353355169296265,0.03694724291563034,-0.03205292299389839,-0.03424476087093353,0.10756238549947739,0.10506480932235718,0.08839257061481476,0.1098131611943245,0.03223275765776634,-0.06705930083990097,-0.2673897445201874,0.0,0.0,0.0,0.0,0.0,0.0,0.0
8736052961,0,-0.0023700359743088484,-0.03826409950852394,-0.1381385773420334,6.569455581484362e-05,-0.04113857448101044,-0.4542507529258728,-0.00833225529640913,0.0007845440995879471,-0.013277779333293438,0.004871485289186239,-0.005748978815972805,-0.3161121606826782,-0.01224636472761631,-0.02340722270309925,-0.005034544039517641,0.0,0.0,-0.0047828578390181065,-0.0016081836074590683,-0.0030075986869633198,-0.007831871509552002,0.09735283255577087,0.1860792189836502,0.0004739845753647387,0.32532966136932373,-0.01583733968436718,-13.064228057861328,0.10223652422428131,0.18867869675159454,0.00895142275840044,-0.00013484439114108682,-0.09607484936714172,-0.17939482629299164,7.65288423281163e-05,3.4809648990631104,3.3697967529296875,2.6056182384490967,3.616316080093384,0.024531250819563866,0.04292968660593033,-0.032197266817092896,-0.044462889432907104,0.0,0.031397465616464615,0.03575878590345383,-0.04206332564353943,-0.03340134769678116,0.0,-0.06581637263298035,0.2104383260011673,-9.541068077087402,0.035239145159721375,-0.010784821584820747,-2.4428396224975586,0.0,0.0,0.0,0.0,0.0,0.0,0.0,0.0,0.0,0.0,0.0,0.0,0.024580763652920723,0.03528871387243271,-0.03259676694869995,-0.03283187374472618,0.11108805239200592,0.10164576023817062,0.09340150654315948,0.10713431239128113,0.03223275765776634,-0.06705930083990097,-0.2673897445201874,0.0,0.0,0.0,0.0,0.0,0.0,0.0
8745933165,0,-0.002298337174579501,-0.03842582553625107,-0.1381458044052124,6.569455581484362e-05,-0.04113857448101044,-0.45625072717666626,-0.010738958604633808,-0.0002928805770352483,-0.013718721456825733,0.0047280872240662575,-0.005425524897873402,-0.31810492277145386,-0.012119544669985771,-0.02334885485470295,-0.004879804328083992,0.0,0.0,-0.0047828578390181065,0.0045129070058465,0.0019707074388861656,-0.001157639198936522,0.09633906185626984,0.18561823666095734,0.00028610636945813894,0.3092903196811676,0.005476712249219418,-13.34050178527832,0.08958301693201065,0.18278540670871735,-0.0008077387465164065,-0.0001240419369423762,-0.09607484936714172,-0.17939482629299164,7.65288423281163e-05,3.765388011932373,3.1847574710845947,2.948063373565674,3.4512195587158203,0.02299804612994194,0.039863280951976776,-0.032197266817092896,-0.04139648377895355,0.0,0.029523726552724838,0.03369166702032089,-0.03780391439795494,-0.03116770274937153,0.0,-0.06581637263298035,0.2104383260011673,-9.541068077087402,0.03973424434661865,-0.008001718670129776,-2.4590635299682617,0.0,0.0,0.0,0.0,0.0,0.0,0.0,0.0,0.0,0.0,0.0,0.0,0.02586403302848339,0.034464407712221146,-0.03441457822918892,-0.03213903680443764,0.11108805239200592,0.10164576023817062,0.09340150654315948,0.10713431239128113,0.22431382536888123,0.08621150255203247,0.20145899057388306,0.0,0.0,0.0,0.0,0.0,0.0,0.0
8756068652,0,-0.002279985463246703,-0.03858434408903122,-0.1381428986787796,6.569455581484362e-05,-0.04113857448101044,-0.4582507014274597,-0.01421167328953743,0.0003906748606823385,-0.015320571139454842,0.004691383335739374,-0.005108486395329237,-0.3201078176498413,-0.012329748831689358,-0.023447716608643532,-0.004816726315766573,0.0,0.0,-0.0047828578390181065,0.0026876237243413925,-0.0015744790434837341,0.003459378145635128,0.098007433116436,0.18640533089637756,0.00021409688633866608,0.28564050793647766,0.0034444271586835384,-13.52954387664795,0.09545604884624481,0.18994955718517303,-0.004979081451892853,-0.0001157788501586765,-0.09607484936714172,-0.17939482629299164,7.65288423281163e-05,3.9368093013763428,3.125734567642212,3.079834461212158,3.396077871322632,0.02299804612994194,0.039863280951976776,-0.032197266817092896,-0.038330078125,0.0,0.025932814925909042,0.03188446909189224,-0.03323283791542053,-0.029419703409075737,0.0,0.1702427715063095,0.5890936851501465,-9.548900604248047,0.04655180871486664,-0.008562358096241951,-2.4665443897247314,0.0,0.0,0.0,0.0,0.0,0.0,0.0,0.0,0.0,0.0,0.0,0.0,0.027091259136795998,0.03392840176820755,-0.03591964766383171,-0.031641457229852676,0.11108805239200592,0.10164576023817062,0.09340150654315948,0.10713431239128113,0.08940239250659943,-0.1863749623298645,0.26910990476608276,0.0,0.0,0.0,0.0,0.0,0.0,0.0
8766009371,0,-0.002279985463246703,-0.03858434408903122,-0.1381428986787796,6.569455581484362e-05,-0.04113857448101044,-0.45925068855285645,-0.01421167328953743,0.0003906748606823385,-0.015320571139454842,0.00474447151646018,-0.00491419667378068,-0.3210853636264801,-0.012329748831689358,-0.023447716608643532,-0.004816726315766573,0.0,0.0,-0.0047828578390181065,-0.003334981855005026,-0.0040562208741903305,0.00306180608458817,0.098007433116436,0.18640533089637756,0.00021409688633866608,0.28564050793647766,0.0034444271586835384,-13.52954387664795,0.09545604884624481,0.18994955718517303,-0.004979081451892853,-0.0001157788501586765,-0.09610086679458618,-0.17960888147354126,9.628044790588319e-05,3.9368093013763428,3.125734567642212,3.079834461212158,3.396077871322632,0.024531250819563866,0.038330078125,-0.032197266817092896,-0.038330078125,0.0,0.025932814925909042,0.03188446909189224,-0.03323283791542053,-0.029419703409075737,0.0,0.1702427715063095,0.5890936851501465,-9.548900604248047,0.039260223507881165,-0.002666521817445755,-2.4937140941619873,0.0,0.0,0.0,0.0,0.0,0.0,0.0,0.0,0.0,0.0,0.0,0.0,0.027646712958812714,0.03337099403142929,-0.03637494146823883,-0.031067408621311188,0.11618296056985855,0.0987694263458252,0.09777866303920746,0.10459297150373459,-0.19425730407238007,-0.23522451519966125,0.10270839929580688,0.0,0.0,0.0,0.0,0.0,0.0,0.0
8775986024,0,-0.0023065293207764626,-0.03868148848414421,-0.13816532492637634,6.569455581484362e-05,-0.04113857448101044,-0.45925068855285645,-0.010582635179162025,-0.002260595792904496,-0.012974581681191921,0.00474447151646018,-0.00491419667378068,-0.3210853636264801,-0.012586220167577267,-0.02339232712984085,-0.00483063654974103,0.0,0.0,-0.0047828578390181065,-0.003334981855005026,-0.0040562208741903305,0.00306180608458817,0.10004664212465286,0.18596479296684265,0.00023397694167215377,0.2560349404811859,-0.047092970460653305,-13.565994262695312,0.10324753820896149,0.19526375830173492,-0.002961032558232546,-0.00011377425107639283,-0.09618628025054932,-0.1798081248998642,0.0001622785348445177,3.9154410362243652,3.1892268657684326,3.0183565616607666,3.4520742893218994,0.024531250819563866,0.036796875298023224,-0.03373046964406967,-0.036796875298023224,0.0,0.018836406990885735,0.03357188031077385,-0.024517714977264404,-0.031086478382349014,0.0,0.16906417906284332,0.26005998253822327,-9.76474666595459,0.039260223507881165,-0.002666521817445755,-2.4937140941619873,0.0,0.0,0.0,0.0,0.0,0.0,0.0,0.0,0.0,0.0,0.0,0.0,0.027276260778307915,0.03290039300918579,-0.03561701253056526,-0.03055793233215809,0.11572645604610443,0.10013895481824875,0.09645090252161026,0.10579700022935867,-0.19425730407238007,-0.23522451519966125,0.10270839929580688,0.0,0.0,0.0,0.0,0.0,0.0,0.0
8786162045,0,-0.0023065293207764626,-0.03868148848414421,-0.13816532492637634,6.569455581484362e-05,-0.04113857448101044,-0.45925068855285645,-0.010582635179162025,-0.002260595792904496,-0.012974581681191921,0.00474447151646018,-0.00491419667378068,-0.3210853636264801,-0.012586220167577267,-0.02339232712984085,-0.00483063654974103,0.0,0.0,-0.0047828578390181065,0.0037612197920680046,-0.003199924947693944,-4.5980770664755255e-05,0.10004664212465286,0.18596479296684265,0.00023397694167215377,0.2560349404811859,-0.047092970460653305,-13.565994262695312,0.10324753820896149,0.19526375830173492,-0.002961032558232546,-0.00011377425107639283,-0.09618628025054932,-0.1798081248998642,0.0001622785348445177,3.9154410362243652,3.1892268657684326,3.0183565616607666,3.4520742893218994,0.027597656473517418,0.036796875298023224,-0.03526367247104645,-0.036796875298023224,0.0,0.018836406990885735,0.03357188031077385,-0.024517714977264404,-0.031086478382349014,0.0,0.16906417906284332,0.26005998253822327,-9.76474666595459,0.039260223507881165,-0.002666521817445755,-2.4937140941619873,0.0,0.0,0.0,0.0,0.0,0.0,0.0,0.0,0.0,0.0,0.0,0.0,0.02586405538022518,0.03271501138806343,-0.033598173409700394,-0.03032800182700157,0.11572645604610443,0.10013895481824875,0.09645090252161026,0.10579700022935867,0.21049916744232178,-0.005415040533989668,-0.09776890277862549,0.0,0.0,0.0,0.0,0.0,0.0,0.0
8796152345,0,-0.002327950671315193,-0.03881509602069855,-0.13820038735866547,6.569455581484362e-05,-0.04113857448101044,-0.4612506628036499,-0.009143101051449776,0.0002072628412861377,-0.01420357171446085,0.0047873142175376415,-0.004646980203688145,-0.32305026054382324,-0.012228663079440594,-0.023425789549946785,-0.004942828323692083,0.0,0.0,-0.0047828578390181065,0.0037612197920680046,-0.003199924947693944,-4.5980770664755255e-05,0.09777813404798508,0.1846057027578354,0.0004121340753044933,0.3195948004722595,-0.03974572941660881,-13.484054565429688,0.09134244918823242,0.18948262929916382,0.0013999263755977154,-0.00011488523887237534,-0.09619267284870148,-0.18035449087619781,0.00014971768541727215,3.7593390941619873,3.267225503921509,2.9152135848999023,3.5500130653381348,0.027597656473517418,0.03526367247104645,-0.03526367247104645,-0.036796875298023224,0.0,0.02628868632018566,0.03885655105113983,-0.03398912772536278,-0.03583032637834549,0.0,-0.5337357521057129,-0.03872177004814148,-10.02079963684082,0.03645666688680649,-0.007282925769686699,-2.5052218437194824,0.0,0.0,0.0,0.0,0.0,0.0,0.0,0.0,0.0,0.0,0.0,0.0,0.024216512218117714,0.033025745302438736,-0.03136662766337395,-0.03057372011244297,0.11572645604610443,0.10013895481824875,0.09645090252161026,0.10579700022935867,0.21049916744232178,-0.005415040533989668,-0.09776890277862549,0.0,0.0,0.0,0.0,0.0,0.0,0.0
8805873734,0,-0.002279995707795024,-0.03897988051176071,-0.13821226358413696,6.569455581484362e-05,-0.04113857448101044,-0.46325063705444336,-0.008403665386140347,0.00014794524759054184,-0.0122465118765831,0.004691403824836016,-0.004317409358918667,-0.3250383734703064,-0.012080118991434574,-0.023504147306084633,-0.00502811511978507,0.0,0.0,-0.0047828578390181065,0.00744973961263895,0.0006270176381804049,-0.0032576967496424913,0.09777813404798508,0.1846057027578354,0.0004121340753044933,0.3100992739200592,0.02344842068850994,-13.639307975769043,0.0880781039595604,0.18301889300346375,0.004490637220442295,-0.00011410294973757118,-0.09619267284870148,-0.18035449087619781,0.00014971768541727215,3.7058868408203125,3.3882758617401123,2.8918566703796387,3.661094903945923,0.027597656473517418,0.03373046964406967,-0.03526367247104645,-0.03526367247104645,0.0,0.03179340437054634,0.02987874299287796,-0.04083319380879402,-0.027719415724277496,0.0,-0.04492530599236488,0.008025025948882103,-9.699277877807617,0.03456971049308777,-0.0065044863149523735,-2.541038990020752,0.0,0.0,0.0,0.0,0.0,0.0,0.0,0.0,0.0,0.0,0.0,0.0,0.023698758333921432,0.03359655663371086,-0.030631843954324722,-0.031071539968252182,0.11205661296844482,0.10518698394298553,0.09454088658094406,0.11088123917579651,0.22502918541431427,0.09598054736852646,-0.16241614520549774,0.0,0.0,0.0,0.0,0.0,0.0,0.0
8819923967,0,-0.002279995707795024,-0.03897988051176071,-0.13821226358413696,6.569455581484362e-05,-0.04113857448101044,-0.46325063705444336,-0.008403665386140347,0.00014794524759054184,-0.0122465118765831,0.004691403824836016,-0.004317409358918667,-0.3250383734703064,-0.012080118991434574,-0.023504147306084633,-0.00502811511978507,0.0,0.0,-0.0047828578390181065,0.00744973961263895,0.0006270176381804049,-0.0032576967496424913,0.09777813404798508,0.1846057027578354,0.0004121340753044933,0.3100992739200592,0.02344842068850994,-13.639307975769043,0.0880781039595604,0.18301889300346375,0.004490637220442295,-0.00011410294973757118,-0.09619267284870148,-0.18035449087619781,0.00014971768541727215,3.7058868408203125,3.3882758617401123,2.8918566703796387,3.661094903945923,0.027597656473517418,0.03373046964406967,-0.03526367247104645,-0.03373046964406967,0.0,0.03179340437054634,0.02987874299287796,-0.04083319380879402,-0.027719415724277496,0.0,-0.04492530599236488,0.008025025948882103,-9.699277877807617,0.03456971049308777,-0.0065044863149523735,-2.541038990020752,0.0,0.0,0.0,0.0,0.0,0.0,0.0,0.0,0.0,0.0,0.0,0.0,0.024683862924575806,0.033605415374040604,-0.03183716535568237,-0.031071988865733147,0.11205661296844482,0.10518698394298553,0.09454088658094406,0.11088123917579651,0.22502918541431427,0.09598054736852646,-0.16241614520549774,0.0,0.0,0.0,0.0,0.0,0.0,0.0
8825947041,0,-0.0022532157599925995,-0.039143215864896774,-0.13819262385368347,6.569455581484362e-05,-0.04113857448101044,-0.4652506113052368,-0.010623429901897907,-0.002757652662694454,-0.012320557609200478,0.004637843929231167,-0.00399073725566268,-0.32705798745155334,-0.012295747175812721,-0.02363002300262451,-0.0050408788956701756,0.0,0.0,-0.0047828578390181065,-0.006508782505989075,0.0010853128042072058,-0.00014990898489486426,0.0977453738451004,0.18785016238689423,0.00048392039025202394,0.21296241879463196,0.000952230766415596,-14.082032203674316,0.10967065393924713,0.18356305360794067,-0.0008738053147681057,-9.647908882470801e-05,-0.09617380052804947,-0.18059803545475006,2.2782987798564136e-06,3.9846994876861572,3.39715838432312,3.1034531593322754,3.6047205924987793,0.027597656473517418,0.03066406212747097,-0.03373046964406967,-0.03373046964406967,0.0,0.01895497925579548,0.02203550562262535,-0.02440592087805271,-0.020824700593948364,0.0,0.27761927247047424,0.260276734828949,-9.431954383850098,0.03872044011950493,0.00017313286662101746,-2.5603694915771484,0.0,0.0,0.0,0.0,0.0,0.0,0.0,0.0,0.0,0.0,0.0,0.0,0.025887994095683098,0.03256027400493622,-0.03333215042948723,-0.03013550490140915,0.11303316801786423,0.10533338040113449,0.09424810111522675,0.11069775372743607,-0.3308775722980499,0.05229322612285614,0.13442319631576538,0.0,0.0,0.0,0.0,0.0,0.0,0.0
8836020916,0,-0.00221831863746047,-0.039316192269325256,-0.1381617933511734,6.569455581484362e-05,-0.04113857448101044,-0.4672505855560303,-0.01366942934691906,-0.0049802446737885475,-0.015390267595648766,0.004568049218505621,-0.0036447825841605663,-0.32908880710601807,-0.012384225614368916,-0.0235679242759943,-0.004821977112442255,0.0,0.0,-0.0047828578390181065,-0.006508782505989075,0.0010853128042072058,-0.00014990898489486426,0.09844052791595459,0.18736083805561066,0.00022205678396858275,0.21296241879463196,0.000952230766415596,-14.082032203674316,0.10967065393924713,0.18356305360794067,-0.0008738053147681057,-9.647908882470801e-05,-0.09617380052804947,-0.18059803545475006,2.2782987798564136e-06,3.9846994876861572,3.39715838432312,3.1034531593322754,3.6047205924987793,0.024531250819563866,0.03066406212747097,-0.03373046964406967,-0.03373046964406967,0.0,0.01895497925579548,0.02203550562262535,-0.02440592087805271,-0.020824700593948364,0.0,-0.46253103017807007,-0.11103188991546631,-10.055318832397461,0.04475519061088562,0.005371548235416412,-2.556129217147827,0.0,0.0,0.0,0.0,0.0,0.0,0.0,0.0,0.0,0.0,0.0,0.0,0.025793131440877914,0.030465973541140556,-0.033178091049194336,-0.0282749030739069,0.11303316801786423,0.10533338040113449,0.09424810111522675,0.11069775372743607,-0.3308775722980499,0.05229322612285614,0.13442319631576538,0.0,0.0,0.0,0.0,0.0,0.0,0.0
8846254262,0,-0.00221831863746047,-0.039316192269325256,-0.1381617933511734,6.569455581484362e-05,-0.04113857448101044,-0.4672505855560303,-0.01366942934691906,-0.0049802446737885475,-0.015390267595648766,0.004568049218505621,-0.0036447825841605663,-0.32908880710601807,-0.012384225614368916,-0.0235679242759943,-0.004821977112442255,0.0,0.0,-0.0047828578390181065,-0.00420694425702095,0.0004923449596390128,0.004450885578989983,0.09844052791595459,0.18736083805561066,0.00022205678396858275,0.266555517911911,0.010158274322748184,-14.044546127319336,0.10358048230409622,0.18646718561649323,-0.005832960829138756,-8.927105227485299e-05,-0.09646323323249817,-0.1809956431388855,4.92757790198084e-05,4.094701290130615,3.2494330406188965,3.222783088684082,3.4852075576782227,0.024531250819563866,0.029130859300494194,-0.03373046964406967,-0.03526367247104645,0.0,0.023871179670095444,0.027870958670973778,-0.030391499400138855,-0.02604074217379093,0.0,-0.46253103017807007,-0.11103188991546631,-10.055318832397461,0.04475519061088562,0.005371548235416412,-2.556129217147827,0.0,0.0,0.0,0.0,0.0,0.0,0.0,0.0,0.0,0.0,0.0,0.0,0.024711446836590767,0.028149517253041267,-0.03175974264740944,-0.026225697249174118,0.11862878501415253,0.10207495093345642,0.10031933337450027,0.10764391720294952,-0.09330128878355026,0.04013044014573097,0.2750610113143921,0.0,0.0,0.0,0.0,0.0,0.0,0.0
8857204675,0,-0.002229998353868723,-0.03939477354288101,-0.1381789892911911,6.569455581484362e-05,-0.04113857448101044,-0.468250572681427,-0.011842270381748676,0.0024794151540845633,-0.014778252691030502,0.004591408651322126,-0.003487619338557124,-0.3300715684890747,-0.012423266656696796,-0.02343473769724369,-0.004887985996901989,0.0,0.0,-0.0047828578390181065,0.001976786181330681,-0.0018329720478504896,0.003508512396365404,0.09875345230102539,0.18630073964595795,0.0003008174244314432,0.266555517911911,0.010158274322748184,-14.044546127319336,0.10358048230409622,0.18646718561649323,-0.005832960829138756,-8.927105227485299e-05,-0.09646323323249817,-0.1809956431388855,4.92757790198084e-05,4.094701290130615,3.2494330406188965,3.222783088684082,3.4852075576782227,0.027597656473517418,0.029130859300494194,-0.03066406212747097,-0.032197266817092896,0.0,0.023871179670095444,0.027870958670973778,-0.030391499400138855,-0.02604074217379093,0.0,0.0698586255311966,0.5121446847915649,-9.69573974609375,0.041236817836761475,-0.009186134673655033,-2.5715384483337402,0.0,0.0,0.0,0.0,0.0,0.0,0.0,0.0,0.0,0.0,0.0,0.0,0.023797612637281418,0.02668965421617031,-0.030533580109477043,-0.024943113327026367,0.11862878501415253,0.10207495093345642,0.10031933337450027,0.10764391720294952,0.24633358418941498,-0.10824987292289734,0.09013636410236359,0.0,0.0,0.0,0.0,0.0,0.0,0.0
8866259075,0,-0.002229998353868723,-0.03939477354288101,-0.1381789892911911,6.569455581484362e-05,-0.04113857448101044,-0.468250572681427,-0.011842270381748676,0.0024794151540845633,-0.014778252691030502,0.004591408651322126,-0.003487619338557124,-0.3300715684890747,-0.012423266656696796,-0.02343473769724369,-0.004887985996901989,0.0,0.0,-0.0047828578390181065,0.001976786181330681,-0.0018329720478504896,0.003508512396365404,0.09875345230102539,0.18630073964595795,0.0003008174244314432,0.2461535483598709,0.029543515294790268,-14.058711051940918,0.09431333094835281,0.18921621143817902,-0.0032213949598371983,-8.573995728511363e-05,-0.09645257145166397,-0.18129433691501617,6.903445319039747e-05,4.023002624511719,3.29972767829895,3.170924663543701,3.572467088699341,0.027597656473517418,0.03066406212747097,-0.032197266817092896,-0.03066406212747097,0.0,0.024208273738622665,0.023182787001132965,-0.030774060636758804,-0.021464798599481583,0.0,0.0698586255311966,0.5121446847915649,-9.69573974609375,0.041236817836761475,-0.009186134673655033,-2.5715384483337402,0.0,0.0,0.0,0.0,0.0,0.0,0.0,0.0,0.0,0.0,0.0,0.0,0.023377303034067154,0.025973383337259293,-0.029921971261501312,-0.02430376596748829,0.11468148231506348,0.10466228425502777,0.09666815400123596,0.1110580712556839,0.24633358418941498,-0.10824987292289734,0.09013636410236359,0.0,0.0,0.0,0.0,0.0,0.0,0.0
8875983080,0,-0.0021994321141391993,-0.0395255945622921,-0.138200581073761,6.569455581484362e-05,-0.04113857448101044,-0.47025054693222046,-0.007429653778672218,0.0033697416074573994,-0.01117872167378664,0.004530276171863079,-0.003225975902751088,-0.3320499658584595,-0.012142332270741463,-0.023555470630526543,-0.005068083293735981,0.0,0.0,-0.0047828578390181065,0.006125351879745722,-0.0022902691271156073,-0.0007912663859315217,0.09652703255414963,0.1872570812702179,0.0005138469859957695,0.3089462220668793,0.053866900503635406,-13.984947204589844,0.08801056444644928,0.1906183809041977,0.0020077363587915897,-8.280554902739823e-05,-0.09645257145166397,-0.18129433691501617,6.903445319039747e-05,3.866551399230957,3.399301052093506,3.0284194946289062,3.697258710861206,0.027597656473517418,0.03066406212747097,-0.032197266817092896,-0.03066406212747097,0.0,0.033158063888549805,0.026506831869482994,-0.04239910468459129,-0.024418942630290985,0.0,0.4642147123813629,0.5866680145263672,-9.527555465698242,0.03198026120662689,-0.010522880591452122,-2.620669364929199,0.0,0.0,0.0,0.0,0.0,0.0,0.0,0.0,0.0,0.0,0.0,0.0,0.023721247911453247,0.025475788861513138,-0.030297046527266502,-0.02381283789873123,0.11468148231506348,0.10466228425502777,0.09666815400123596,0.1110580712556839,0.2391114979982376,-0.1071038618683815,-0.0946095809340477,0.0,0.0,0.0,0.0,0.0,0.0,0.0
8886013490,0,-0.0021690838038921356,-0.03960083797574043,-0.13820281624794006,6.569455581484362e-05,-0.04113857448101044,-0.4712505340576172,-0.01958220824599266,-0.005418507847934961,-0.020605063065886497,0.0044695790857076645,-0.0030754883773624897,-0.3330477178096771,-0.012293215841054916,-0.023522263392806053,-0.005016123875975609,0.0,0.0,-0.0047828578390181065,0.004987272433936596,-0.0013458019820973277,0.0004164057318121195,0.09791076183319092,0.18670989573001862,0.00034288407186977565,0.3089462220668793,0.053866900503635406,-13.984947204589844,0.08801056444644928,0.1906183809041977,0.0020077363587915897,-8.280554902739823e-05,-0.09642377495765686,-0.18145476281642914,5.5249594879569486e-05,4.026987552642822,3.4647634029388428,3.1841812133789062,3.7445647716522217,0.024531250819563866,0.029130859300494194,-0.032197266817092896,-0.029130859300494194,0.0,0.03183656930923462,0.026005905121564865,-0.040323901921510696,-0.024110397323966026,0.0,-0.004363649990409613,0.6256152391433716,-9.61685848236084,0.05649959295988083,0.007375538349151611,-2.5577139854431152,0.0,0.0,0.0,0.0,0.0,0.0,0.0,0.0,0.0,0.0,0.0,0.0,0.025157921016216278,0.02524486742913723,-0.03208265081048012,-0.023532724007964134,0.11810851842164993,0.10606957226991653,0.10003010183572769,0.11207127571105957,0.0947485938668251,-0.021638251841068268,0.013348201289772987,0.0,0.0,0.0,0.0,0.0,0.0,0.0
8896556282,0,-0.0021690926514565945,-0.03976081311702728,-0.13820263743400574,6.569455581484362e-05,-0.04113857448101044,-0.4742504954338074,-0.01084174681454897,-0.006258626934140921,-0.014404436573386192,0.004469596780836582,-0.002755536464974284,-0.33604785799980164,-0.012340226210653782,-0.02342253550887108,-0.0049760001711547375,0.0,0.0,-0.0047828578390181065,0.004987272433936596,-0.0013458019820973277,0.0004164057318121195,0.09809668362140656,0.1862020343542099,0.00040517025627195835,0.1758914291858673,-0.05787584185600281,-14.413681030273438,0.09178965538740158,0.18855620920658112,-2.6158442778978497e-05,-7.958806963870302e-05,-0.09642377495765686,-0.18145476281642914,5.5249594879569486e-05,4.026987552642822,3.4647634029388428,3.1841812133789062,3.7445647716522217,0.021464843302965164,0.027597656473517418,-0.03373046964406967,-0.027597656473517418,0.0,0.010339997708797455,0.023831505328416824,-0.013131322339177132,-0.022096678614616394,0.0,-0.004363649990409613,0.6256152391433716,-9.61685848236084,0.03866850584745407,0.00986943207681179,-2.636561870574951,0.0,0.0,0.0,0.0,0.0,0.0,0.0,0.0,0.0,0.0,0.0,0.0,0.026166176423430443,0.025194531306624413,-0.033322859555482864,-0.02342289313673973,0.11810851842164993,0.10606957226991653,0.10003010183572769,0.11207127571105957,0.0947485938668251,-0.021638251841068268,0.013348201289772987,0.0,0.0,0.0,0.0,0.0,0.0,0.0
8907495400,0,-0.0021690926514565945,-0.03976081311702728,-0.13820263743400574,6.569455581484362e-05,-0.04113857448101044,-0.4742504954338074,-0.01084174681454897,-0.006258626934140921,-0.014404436573386192,0.004469596780836582,-0.002755536464974284,-0.33604785799980164,-0.012340226210653782,-0.02342253550887108,-0.0049760001711547375,0.0,0.0,-0.0047828578390181065,-0.0015818255487829447,0.0023046245332807302,0.0038919681683182716,0.09809668362140656,0.1862020343542099,0.00040517025627195835,0.1671503186225891,-0.014004046097397804,-14.413806915283203,0.1028769239783287,0.1820785105228424,-0.004163574893027544,-7.647756865480915e-05,-0.09643295407295227,-0.18162158131599426,0.00010180377284996212,4.13808536529541,3.388115406036377,3.280116081237793,3.6139206886291504,0.02299804612994194,0.026064453646540642,-0.032197266817092896,-0.027597656473517418,0.0,0.013064935803413391,0.018880238756537437,-0.016533248126506805,-0.017746439203619957,0.0,0.08920521289110184,0.6793705821037292,-9.50594425201416,0.03866850584745407,0.00986943207681179,-2.636561870574951,0.0,0.0,0.0,0.0,0.0,0.0,0.0,0.0,0.0,0.0,0.0,0.0,0.024859068915247917,0.024790160357952118,-0.03161829710006714,-0.023016365244984627,0.12047748267650604,0.1044216975569725,0.10209738463163376,0.1092715710401535,-0.26312369108200073,0.19015352427959442,0.15261238813400269,0.0,0.0,0.0,0.0,0.0,0.0,0.0
8916261820,0,-0.0021690926514565945,-0.03976081311702728,-0.13820263743400574,6.569455581484362e-05,-0.04113857448101044,-0.4742504954338074,-0.01084174681454897,-0.006258626934140921,-0.014404436573386192,0.004469596780836582,-0.002755536464974284,-0.33604785799980164,-0.012340226210653782,-0.02342253550887108,-0.0049760001711547375,0.0,0.0,-0.0047828578390181065,-0.007307738997042179,0.007828660309314728,-0.004865074064582586,0.09809668362140656,0.1862020343542099,0.00040517025627195835,0.2126767784357071,0.05428187549114227,-14.501090049743652,0.1097918376326561,0.17596368491649628,0.007485019508749247,-7.493579323636368e-05,-0.0967455580830574,-0.18171818554401398,-4.2949286580551416e-06,3.869673728942871,3.721675157546997,3.009653329849243,3.9067065715789795,0.02299804612994194,0.026064453646540642,-0.032197266817092896,-0.026064453646540642,0.0,0.02437208592891693,0.015025950036942959,-0.03139267861843109,-0.014355928637087345,0.0,0.08920521289110184,0.6793705821037292,-9.50594425201416,0.03866850584745407,0.00986943207681179,-2.636561870574951,0.0,0.0,0.0,0.0,0.0,0.0,0.0,0.0,0.0,0.0,0.0,0.0,0.022435791790485382,0.023551354184746742,-0.02852492406964302,-0.021888257935643196,0.11299695819616318,0.11345724016427994,0.09437583386898041,0.118314228951931,-0.2543211579322815,0.20569100975990295,-0.33342406153678894,0.0,0.0,0.0,0.0,0.0,0.0,0.0
8926002512,0,-0.002147940918803215,-0.03981814533472061,-0.13819362223148346,6.569455581484362e-05,-0.04113857448101044,-0.47625046968460083,-0.013733337633311749,-0.009519927203655243,-0.013265504501760006,0.004427293315529823,-0.002640871563926339,-0.33805686235427856,-0.012304910458624363,-0.023557107895612717,-0.005283326376229525,0.0,0.0,-0.0047828578390181065,-0.007307738997042179,0.007828660309314728,-0.004865074064582586,0.09782733768224716,0.1872657835483551,0.0007744260365143418,0.2126767784357071,0.05428187549114227,-14.501090049743652,0.1097918376326561,0.17596368491649628,0.007485019508749247,-7.493579323636368e-05,-0.0967455580830574,-0.18171818554401398,-4.2949286580551416e-06,3.869673728942871,3.721675157546997,3.009653329849243,3.9067065715789795,0.024531250819563866,0.024531250819563866,-0.029130859300494194,-0.027597656473517418,0.0,0.02437208592891693,0.015025950036942959,-0.03139267861843109,-0.014355928637087345,0.0,0.07111682742834091,0.5907487869262695,-9.615018844604492,0.04411066696047783,0.01672041416168213,-2.665369987487793,0.0,0.0,0.0,0.0,0.0,0.0,0.0,0.0,0.0,0.0,0.0,0.0,0.02107967436313629,0.021546730771660805,-0.026847252622246742,-0.020099930465221405,0.11299695819616318,0.11345724016427994,0.09437583386898041,0.118314228951931,-0.2543211579322815,0.20569100975990295,-0.33342406153678894,0.0,0.0,0.0,0.0,0.0,0.0,0.0
8936132328,0,-0.002139776712283492,-0.03983369097113609,-0.13818776607513428,6.569455581484362e-05,-0.04113857448101044,-0.47725045680999756,-0.010079065337777138,0.008016255684196949,-0.013263382017612457,0.00441096443682909,-0.0026097800582647324,-0.3390626907348633,-0.012300563044846058,-0.023574745282530785,-0.005336624104529619,0.0,0.0,-0.0047828578390181065,0.0013351310044527054,-0.0013995454646646976,-0.008229085244238377,0.09779477119445801,0.18740494549274445,0.0008384414250031114,0.2426086664199829,0.09196227788925171,-14.659534454345703,0.09383741766214371,0.19167496263980865,0.008117849938571453,-5.79681436647661e-05,-0.09682371467351913,-0.18181198835372925,-0.0001993117475649342,3.8933165073394775,3.7272939682006836,3.033179759979248,4.0113115310668945,0.026064453646540642,0.02299804612994194,-0.029130859300494194,-0.029130859300494194,0.0,0.030370978638529778,0.014273177832365036,-0.03902892768383026,-0.013293937779963017,0.0,0.07111682742834091,0.5907487869262695,-9.615018844604492,0.03690483421087265,-0.0183100588619709,-2.6760623455047607,0.0,0.0,0.0,0.0,0.0,0.0,0.0,0.0,0.0,0.0,0.0,0.0,0.021296998485922813,0.019322844222187996,-0.02721318230032921,-0.018111491575837135,0.11446823179721832,0.11253821849822998,0.0960228219628334,0.11846284568309784,0.262222558259964,-0.28704726696014404,-0.12592366337776184,0.0,0.0,0.0,0.0,0.0,0.0,0.0
8946132432,0,-0.002139776712283492,-0.03983369097113609,-0.13818776607513428,6.569455581484362e-05,-0.04113857448101044,-0.47725045680999756,-0.010079065337777138,0.008016255684196949,-0.013263382017612457,0.00441096443682909,-0.0026097800582647324,-0.3390626907348633,-0.012300563044846058,-0.023574745282530785,-0.005336624104529619,0.0,0.0,-0.0047828578390181065,0.0013351310044527054,-0.0013995454646646976,-0.008229085244238377,0.09779477119445801,0.18740494549274445,0.0008384414250031114,0.2426086664199829,0.09196227788925171,-14.659534454345703,0.09383741766214371,0.19167496263980865,0.008117849938571453,-5.79681436647661e-05,-0.09681511670351028,-0.1820894181728363,-0.00029178743716329336,3.8933165073394775,3.7272939682006836,3.033179759979248,4.0113115310668945,0.026064453646540642,0.021464843302965164,-0.03066406212747097,-0.027597656473517418,0.0,0.030370978638529778,0.014273177832365036,-0.03902892768383026,-0.013293937779963017,0.0,0.07111682742834091,0.5907487869262695,-9.615018844604492,0.03690483421087265,-0.0183100588619709,-2.6760623455047607,0.0,0.0,0.0,0.0,0.0,0.0,0.0,0.0,0.0,0.0,0.0,0.0,0.022801537066698074,0.017332034185528755,-0.029221199452877045,-0.01629357412457466,0.12261319160461426,0.10267630219459534,0.1047811284661293,0.10877019912004471,0.262222558259964,-0.28704726696014404,-0.12592366337776184,0.0,0.0,0.0,0.0,0.0,0.0,0.0
8956321614,0,-0.002080589532852173,-0.03987834230065346,-0.13817745447158813,6.569455581484362e-05,-0.04113857448101044,-0.479250431060791,-0.008855571039021015,0.00034152812440879643,-0.012117489241063595,0.004292589612305164,-0.002520476933568716,-0.3410729765892029,-0.01211721170693636,-0.02352316863834858,-0.005041182041168213,0.0,0.0,-0.0047828578390181065,0.004487485624849796,0.00046692026080563664,0.005540142301470041,0.09632637351751328,0.1870008111000061,0.00048097953549586236,0.274990975856781,0.08584014326334,-14.535515785217285,0.09018552303314209,0.18628287315368652,-0.008433984592556953,-2.7385129214962944e-05,-0.09681511670351028,-0.1820894181728363,-0.00029178743716329336,4.262662410736084,3.284564971923828,3.4297008514404297,3.5638206005096436,0.024531250819563866,0.018398437649011612,-0.029130859300494194,-0.026064453646540642,0.0,0.02992551214993,0.020352698862552643,-0.037213828414678574,-0.018774403259158134,0.0,0.005893013905733824,0.12269062548875809,-9.686637878417969,0.03403940051794052,-0.0028389173094183207,-2.7056407928466797,0.0,0.0,0.0,0.0,0.0,0.0,0.0,0.0,0.0,0.0,0.0,0.0,0.02491770312190056,0.016068946570158005,-0.03193482756614685,-0.015098808333277702,0.12261319160461426,0.10267630219459534,0.1047811284661293,0.10877019912004471,0.16533663868904114,0.02510196901857853,0.46669983863830566,0.0,0.0,0.0,0.0,0.0,0.0,0.0
8966386413,0,-0.002080589532852173,-0.03987834230065346,-0.13817745447158813,6.569455581484362e-05,-0.04113857448101044,-0.479250431060791,-0.008855571039021015,0.00034152812440879643,-0.012117489241063595,0.004292589612305164,-0.002520476933568716,-0.3410729765892029,-0.01211721170693636,-0.02352316863834858,-0.005041182041168213,0.0,0.0,-0.0047828578390181065,0.0020822505466639996,0.0019552046433091164,0.008363822475075722,0.09632637351751328,0.1870008111000061,0.00048097953549586236,0.256862998008728,0.010699239559471607,-14.642936706542969,0.09603685140609741,0.18402676284313202,-0.009443685412406921,-1.7278496670769528e-05,-0.09681511670351028,-0.1820894181728363,-0.00029178743716329336,4.3204755783081055,3.2985024452209473,3.475952386856079,3.5531275272369385,0.024531250819563866,0.018398437649011612,-0.03066406212747097,-0.02299804612994194,0.0,0.021892564371228218,0.026382679119706154,-0.0272236168384552,-0.024502217769622803,0.0,-0.5037073493003845,-0.3301611840724945,-9.993077278137207,0.03403940051794052,-0.0028389173094183207,-2.7056407928466797,0.0,0.0,0.0,0.0,0.0,0.0,0.0,0.0,0.0,0.0,0.0,0.0,0.026532510295510292,0.016235927119851112,-0.033866409212350845,-0.015200866386294365,0.12261319160461426,0.10267630219459534,0.1047811284661293,0.10877019912004471,-0.019629741087555885,0.08003222942352295,0.34665191173553467,0.0,0.0,0.0,0.0,0.0,0.0,0.0
8975863327,0,-0.0020045365672558546,-0.03994615003466606,-0.13818450272083282,6.569455581484362e-05,-0.04113857448101044,-0.4812504053115845,-0.010624204762279987,-0.01026380155235529,-0.01631222851574421,0.0041404832154512405,-0.0023848607670515776,-0.34306591749191284,-0.012285099364817142,-0.023506805300712585,-0.004949340131133795,0.0,0.0,-0.0047828578390181065,-0.002910839393734932,-0.00018189678667113185,0.006887035444378853,0.09822586178779602,0.18755251169204712,0.0002935101219918579,0.256862998008728,0.010699239559471607,-14.642936706542969,0.09603685140609741,0.18402676284313202,-0.009443685412406921,-1.7278496670769528e-05,-0.09684314578771591,-0.182314932346344,-1.0715512871684041e-05,4.252983570098877,3.3877522945404053,3.375852346420288,3.631660223007202,0.021464843302965164,0.018398437649011612,-0.029130859300494194,-0.016865234822034836,0.0,0.022240042686462402,0.025687478482723236,-0.02803105302155018,-0.023972272872924805,0.0,-0.18986013531684875,0.281206339597702,-9.594250679016113,0.03729591518640518,0.01872612163424492,-2.693626880645752,0.0,0.0,0.0,0.0,0.0,0.0,0.0,0.0,0.0,0.0,0.0,0.0,0.026857098564505577,0.017880156636238098,-0.03408872336149216,-0.01667873002588749,0.12292440980672836,0.10441391915082932,0.10415800660848618,0.10965188592672348,-0.25294291973114014,-0.054743338376283646,0.12183324992656708,0.0,0.0,0.0,0.0,0.0,0.0,0.0
8986515173,0,-0.001968931872397661,-0.04001877084374428,-0.13818398118019104,6.569455581484362e-05,-0.04113857448101044,-0.4822503924369812,-0.009887771680951118,0.00543242646381259,-0.014525444246828556,0.0040692733600735664,-0.0022396184504032135,-0.34406641125679016,-0.012439959682524204,-0.023636741563677788,-0.004963577724993229,0.0,0.0,-0.0047828578390181065,-0.008098226971924305,-0.0024412046186625957,0.0028396418783813715,0.09931739419698715,0.18832118809223175,0.0004501286312006414,0.19593238830566406,-0.0671759843826294,-14.957401275634766,0.1110818013548851,0.19201073050498962,-0.0007022747886367142,-1.3710309758607764e-05,-0.09694208204746246,-0.1824411302804947,5.6331147789023817e-05,4.215913772583008,3.606520175933838,3.3008837699890137,3.8393592834472656,0.02299804612994194,0.018398437649011612,-0.029130859300494194,-0.016865234822034836,0.0,0.01079439464956522,0.02579168975353241,-0.013795887120068073,-0.02423500455915928,0.0,-0.18986013531684875,0.281206339597702,-9.594250679016113,0.03562407195568085,-0.0122138150036335,-2.71952748298645,0.0,0.0,0.0,0.0,0.0,0.0,0.0,0.0,0.0,0.0,0.0,0.0,0.025620725005865097,0.020166348665952682,-0.032386310398578644,-0.018787983804941177,0.12136095762252808,0.10831346362829208,0.1018623635172844,0.11330418288707733,-0.36661791801452637,-0.12483467161655426,-0.10761498659849167,0.0,0.0,0.0,0.0,0.0,0.0,0.0
8995903992,0,-0.0018462322186678648,-0.04011018946766853,-0.1381126195192337,6.569455581484362e-05,-0.04113857448101044,-0.4852503538131714,-0.013623973354697227,-0.008680512197315693,-0.011141634546220303,0.0038238726556301117,-0.002056780271232128,-0.3471377491950989,-0.012374150566756725,-0.02359956130385399,-0.004920225590467453,0.0,0.0,-0.0047828578390181065,-0.008098226971924305,-0.0024412046186625957,0.0028396418783813715,0.09836405515670776,0.18761038780212402,0.00034003681503236294,0.19593238830566406,-0.0671759843826294,-14.957401275634766,0.1110818013548851,0.19201073050498962,-0.0007022747886367142,-1.3710309758607764e-05,-0.09694208204746246,-0.1824411302804947,5.6331147789023817e-05,4.215913772583008,3.606520175933838,3.3008837699890137,3.8393592834472656,0.024531250819563866,0.018398437649011612,-0.03066406212747097,-0.012265625409781933,0.0,0.01079439464956522,0.02579168975353241,-0.013795887120068073,-0.02423500455915928,0.0,-0.18986013531684875,0.281206339597702,-9.594250679016113,0.04220431298017502,0.016546331346035004,-2.775470733642578,0.0,0.0,0.0,0.0,0.0,0.0,0.0,0.0,0.0,0.0,0.0,0.0,0.022804809734225273,0.02232394553720951,-0.028775295242667198,-0.02081834338605404,0.12136095762252808,0.10831346362829208,0.1018623635172844,0.11330418288707733,-0.36661791801452637,-0.12483467161655426,-0.10761498659849167,0.0,0.0,0.0,0.0,0.0,0.0,0.0
9007114280,0,-0.0018462322186678648,-0.04011018946766853,-0.1381126195192337,6.569455581484362e-05,-0.04113857448101044,-0.4852503538131714,-0.013623973354697227,-0.008680512197315693,-0.011141634546220303,0.0038238726556301117,-0.002056780271232128,-0.3471377491950989,-0.012374150566756725,-0.02359956130385399,-0.004920225590467453,0.0,0.0,-0.0047828578390181065,-0.002415191847831011,0.002489738166332245,0.001319902716204524,0.09836405515670776,0.18761038780212402,0.00034003681503236294,0.19739873707294464,-0.09024936705827713,-15.120575904846191,0.0989179015159607,0.18357379734516144,-0.00024012819631025195,-1.3945451428298838e-05,-0.09723295271396637,-0.18269847333431244,9.796481026569381e-05,4.21396541595459,3.6522529125213623,3.361175537109375,3.8976757526397705,0.024531250819563866,0.016865234822034836,-0.03066406212747097,-0.013798828236758709,0.0,0.008986400440335274,0.02784499153494835,-0.011275512166321278,-0.0260990671813488,0.0,-0.3088058829307556,-0.2150355577468872,-9.738652229309082,0.04220431298017502,0.016546331346035004,-2.775470733642578,0.0,0.0,0.0,0.0,0.0,0.0,0.0,0.0,0.0,0.0,0.0,0.0,0.01912025548517704,0.024119693785905838,-0.024118976667523384,-0.02253335900604725,0.12196429818868637,0.1104089617729187,0.10343670845031738,0.11556495726108551,0.18613499402999878,0.15468411147594452,-0.04808257892727852,0.0,0.0,0.0,0.0,0.0,0.0,0.0
9016135314,0,-0.0017978043761104345,-0.04011846333742142,-0.13808655738830566,6.569455581484362e-05,-0.04113857448101044,-0.4862503409385681,-0.009174615144729614,0.002957248128950596,-0.014492531307041645,0.003727016504853964,-0.0020402325317263603,-0.34816378355026245,-0.012335257604718208,-0.023483455181121826,-0.004913746379315853,0.0,0.0,-0.0047828578390181065,0.0043746535666286945,0.003648297395557165,0.0026658896822482347,0.09805478900671005,0.18668751418590546,0.00033085199538618326,0.19739873707294464,-0.09024936705827713,-15.120575904846191,0.0989179015159607,0.18357379734516144,-0.00024012819631025195,-1.3945451428298838e-05,-0.09728318452835083,-0.1827802062034607,0.00012417830293998122,4.21396541595459,3.6522529125213623,3.361175537109375,3.8976757526397705,0.026064453646540642,0.016865234822034836,-0.032197266817092896,-0.018398437649011612,0.0,0.008986400440335274,0.02784499153494835,-0.011275512166321278,-0.0260990671813488,0.0,-0.06524841487407684,0.8342683911323547,-9.783560752868652,0.03342057764530182,-0.006825913675129414,-2.759110689163208,0.0,0.0,0.0,0.0,0.0,0.0,0.0,0.0,0.0,0.0,0.0,0.0,0.015521581284701824,0.025595560669898987,-0.019575247541069984,-0.023948801681399345,0.12339247763156891,0.10980027914047241,0.1057896688580513,0.11546965688467026,0.43109768629074097,0.13803422451019287,0.03914928436279297,0.0,0.0,0.0,0.0,0.0,0.0,0.0
9026024672,0,-0.0017978043761104345,-0.04011846333742142,-0.13808655738830566,6.569455581484362e-05,-0.04113857448101044,-0.4862503409385681,-0.009174615144729614,0.002957248128950596,-0.014492531307041645,0.003727016504853964,-0.0020402325317263603,-0.34816378355026245,-0.012335257604718208,-0.023483455181121826,-0.004913746379315853,0.0,0.0,-0.0047828578390181065,0.0043746535666286945,0.003648297395557165,0.0026658896822482347,0.09805478900671005,0.18668751418590546,0.00033085199538618326,0.2321237176656723,0.09100481867790222,-15.26508903503418,0.08936915546655655,0.18165887892246246,-0.0021289093419909477,-1.3861475054000039e-05,-0.09714663773775101,-0.18299177289009094,0.00024158257292583585,4.280208110809326,3.6286163330078125,3.461240768432617,3.8986546993255615,0.026064453646540642,0.016865234822034836,-0.032197266817092896,-0.019931640475988388,0.0,0.026690686121582985,0.01374617125838995,-0.03301677852869034,-0.01280172448605299,0.0,-0.12640565633773804,0.37197527289390564,-10.058127403259277,0.03342057764530182,-0.006825913675129414,-2.759110689163208,0.0,0.0,0.0,0.0,0.0,0.0,0.0,0.0,0.0,0.0,0.0,0.0,0.0133625203743577,0.02608608640730381,-0.016812022775411606,-0.024428287521004677,0.12280556559562683,0.10876597464084625,0.10456164926290512,0.11532525718212128,0.43109768629074097,0.13803422451019287,0.03914928436279297,0.0,0.0,0.0,0.0,0.0,0.0,0.0
9036322496,0,-0.0016362201422452927,-0.040167566388845444,-0.13807211816310883,6.569455581484362e-05,-0.04113857448101044,-0.4882503151893616,-0.010416372679173946,-0.008371496573090553,-0.01254595723003149,0.0034038464073091745,-0.00194202596321702,-0.35017818212509155,-0.012240665033459663,-0.02372950315475464,-0.0048327273689210415,0.0,0.0,-0.0047828578390181065,0.005744365509599447,-0.0027234358713030815,0.0020796614699065685,0.09729961305856705,0.18864507973194122,0.00023411252186633646,0.1819874793291092,-0.001265340019017458,-15.125282287597656,0.09109653532505035,0.1929885894060135,-0.0007524098036810756,-1.9047982277697884e-05,-0.09713655710220337,-0.18314588069915771,0.00023683170729782432,4.231250286102295,3.6132137775421143,3.3718628883361816,3.912707805633545,0.02299804612994194,0.016865234822034836,-0.029130859300494194,-0.024531250819563866,0.0,0.015096399001777172,0.01792653650045395,-0.01895672082901001,-0.01656482368707657,0.0,-0.3725770115852356,-0.6587215662002563,-9.869125366210938,0.034803349524736404,0.016078965738415718,-2.7954964637756348,0.0,0.0,0.0,0.0,0.0,0.0,0.0,0.0,0.0,0.0,0.0,0.0,0.013408482074737549,0.024893533438444138,-0.016791673377156258,-0.02330571785569191,0.12280556559562683,0.10876597464084625,0.10456164926290512,0.11532525718212128,0.04587063938379288,-0.16200625896453857,-0.06127040088176727,0.0,0.0,0.0,0.0,0.0,0.0,0.0
9046289034,0,-0.0016362201422452927,-0.040167566388845444,-0.13807211816310883,6.569455581484362e-05,-0.04113857448101044,-0.4882503151893616,-0.010416372679173946,-0.008371496573090553,-0.01254595723003149,0.0034038464073091745,-0.00194202596321702,-0.35017818212509155,-0.012240665033459663,-0.02372950315475464,-0.0048327273689210415,0.0,0.0,-0.0047828578390181065,0.005744365509599447,-0.0027234358713030815,0.0020796614699065685,0.09729961305856705,0.18864507973194122,0.00023411252186633646,0.19141842424869537,0.08843430876731873,-15.37523078918457,0.10729584842920303,0.18881674110889435,0.006157460622489452,-2.2258423996390775e-05,-0.09727230668067932,-0.1832653284072876,0.00012483957107178867,4.13943338394165,3.8797476291656494,3.243083953857422,4.1166863441467285,0.02299804612994194,0.018398437649011612,-0.027597656473517418,-0.026064453646540642,0.0,0.02389894612133503,0.009378627873957157,-0.03052108734846115,-0.008850575424730778,0.0,-0.3725770115852356,-0.6587215662002563,-9.869125366210938,0.034803349524736404,0.016078965738415718,-2.7954964637756348,0.0,0.0,0.0,0.0,0.0,0.0,0.0,0.0,0.0,0.0,0.0,0.0,0.014683496206998825,0.022434240207076073,-0.01836327463388443,-0.02098027803003788,0.11845328658819199,0.11587195843458176,0.09895846992731094,0.12018180638551712,0.04587063938379288,-0.16200625896453857,-0.06127040088176727,0.0,0.0,0.0,0.0,0.0,0.0,0.0
9056236746,0,-0.001469395007006824,-0.04023934155702591,-0.13807763159275055,6.569455581484362e-05,-0.04113857448101044,-0.49125027656555176,-0.011681820265948772,-0.012890306301414967,-0.016337841749191284,0.0028984181117266417,-0.0017273437697440386,-0.35317838191986084,-0.012626965530216694,-0.023625697940587997,-0.00506417965516448,0.0,0.0,-0.0047828578390181065,-0.010292398743331432,0.001666508847847581,-0.0074299173429608345,0.10037899762392044,0.18781524896621704,0.0005165430484339595,0.19141842424869537,0.08843430876731873,-15.37523078918457,0.10729584842920303,0.18881674110889435,0.006157460622489452,-2.2258423996390775e-05,-0.09727230668067932,-0.1832653284072876,0.00012483957107178867,4.13943338394165,3.8797476291656494,3.243083953857422,4.1166863441467285,0.021464843302965164,0.019931640475988388,-0.02299804612994194,-0.026064453646540642,0.0,0.02389894612133503,0.009378627873957157,-0.03052108734846115,-0.008850575424730778,0.0,-0.46235373616218567,-0.5947977900505066,-9.872529029846191,0.02793067693710327,-0.0005555283278226852,-2.8185007572174072,0.0,0.0,0.0,0.0,0.0,0.0,0.0,0.0,0.0,0.0,0.0,0.0,0.016604987904429436,0.01920994557440281,-0.0208461694419384,-0.017954209819436073,0.11845328658819199,0.11587195843458176,0.09895846992731094,0.12018180638551712,-0.5076583623886108,0.11567523330450058,-0.3292115032672882,0.0,0.0,0.0,0.0,0.0,0.0,0.0
9065926974,0,-0.0013835072750225663,-0.040274906903505325,-0.13807189464569092,6.569455581484362e-05,-0.04113857448101044,-0.49125027656555176,-0.007432440761476755,0.00033234889269806445,-0.013800603337585926,0.0028984181117266417,-0.0017273437697440386,-0.35317838191986084,-0.012703589163720608,-0.02359127253293991,-0.005174887366592884,0.0,0.0,-0.0047828578390181065,-0.012314727529883385,0.003295984584838152,-0.008935564197599888,0.1017095148563385,0.1871776133775711,0.000694959016982466,0.20228320360183716,0.1410571187734604,-15.330162048339844,0.11681768298149109,0.18291020393371582,0.009712307713925838,-1.7079371900763363e-05,-0.09749136120080948,-0.18334665894508362,-4.7944133257260546e-05,4.04428768157959,3.9818055629730225,3.1381800174713135,4.170291423797607,0.019931640475988388,0.019931640475988388,-0.02299804612994194,-0.027597656473517418,0.0,0.030014880001544952,0.005431763827800751,-0.038696952164173126,-0.005195164121687412,0.0,0.036899879574775696,0.8602898120880127,-9.603322982788086,0.02793067693710327,-0.0005555283278226852,-2.8185007572174072,0.0,0.0,0.0,0.0,0.0,0.0,0.0,0.0,0.0,0.0,0.0,0.0,0.019178073853254318,0.01562797836959362,-0.0242297425866127,-0.014617452397942543,0.11847750097513199,0.11714395880699158,0.0990377813577652,0.12116368860006332,-0.35107582807540894,0.13331131637096405,-0.25059014558792114,0.0,0.0,0.0,0.0,0.0,0.0,0.0
9076199390,0,-0.0013835072750225663,-0.040274906903505325,-0.13807189464569092,6.569455581484362e-05,-0.04113857448101044,-0.49125027656555176,-0.007432440761476755,0.00033234889269806445,-0.013800603337585926,0.0028984181117266417,-0.0017273437697440386,-0.35317838191986084,-0.012703589163720608,-0.02359127253293991,-0.005174887366592884,0.0,0.0,-0.0047828578390181065,-0.012314727529883385,0.003295984584838152,-0.008935564197599888,0.1017095148563385,0.1871776133775711,0.000694959016982466,0.20228320360183716,0.1410571187734604,-15.330162048339844,0.11681768298149109,0.18291020393371582,0.009712307713925838,-1.7079371900763363e-05,-0.09749136120080948,-0.18334665894508362,-4.7944133257260546e-05,4.04428768157959,3.9818055629730225,3.1381800174713135,4.170291423797607,0.021464843302965164,0.019931640475988388,-0.02299804612994194,-0.026064453646540642,0.0,0.030014880001544952,0.005431763827800751,-0.038696952164173126,-0.005195164121687412,0.0,0.036899879574775696,0.8602898120880127,-9.603322982788086,0.02793067693710327,-0.0005555283278226852,-2.8185007572174072,0.0,0.0,0.0,0.0,0.0,0.0,0.0,0.0,0.0,0.0,0.0,0.0,0.022161094471812248,0.012166919186711311,-0.02818625420331955,-0.01140635646879673,0.11847750097513199,0.11714395880699158,0.0990377813577652,0.12116368860006332,-0.35107582807540894,0.13331131637096405,-0.25059014558792114,0.0,0.0,0.0,0.0,0.0,0.0,0.0
9086196864,0,-0.0011319622863084078,-0.040402404963970184,-0.1380067616701126,6.569455581484362e-05,-0.04113857448101044,-0.49425023794174194,-0.005839980207383633,-0.0008340472704730928,-0.014572427608072758,0.002395325805991888,-0.0014723463682457805,-0.3562434911727905,-0.011915834620594978,-0.02397250570356846,-0.00482837064191699,0.0,0.0,-0.0047828578390181065,0.01131194643676281,-0.0064056203700602055,0.001726761693134904,0.09471718966960907,0.19057689607143402,0.00022599492513108999,0.17687974870204926,0.017154883593320847,-15.683757781982422,0.07791615277528763,0.1995398998260498,-0.004677323624491692,5.656418124999618e-06,-0.09759866446256638,-0.18359433114528656,-0.00022958259796723723,4.457669734954834,3.6255059242248535,3.620635747909546,3.9844748973846436,0.021464843302965164,0.018398437649011612,-0.02299804612994194,-0.024531250819563866,0.0,0.01539155188947916,0.015578432939946651,-0.018946828320622444,-0.01417175680398941,0.0,-0.4666863977909088,-0.27512508630752563,-9.863978385925293,0.023364942520856857,0.0017949235625565052,-2.842973232269287,0.0,0.0,0.0,0.0,0.0,0.0,0.0,0.0,0.0,0.0,0.0,0.0,0.024402817711234093,0.009689992293715477,-0.031160512939095497,-0.00909507367759943,0.12727469205856323,0.10951993614435196,0.10941553115844727,0.1172010600566864,0.7956270575523376,-0.3471679091453552,0.37104231119155884,0.0,0.0,0.0,0.0,0.0,0.0,0.0
9095898161,0,-0.0011319622863084078,-0.040402404963970184,-0.1380067616701126,6.569455581484362e-05,-0.04113857448101044,-0.49425023794174194,-0.005839980207383633,-0.0008340472704730928,-0.014572427608072758,0.002395325805991888,-0.0014723463682457805,-0.3562434911727905,-0.011915834620594978,-0.02397250570356846,-0.00482837064191699,0.0,0.0,-0.0047828578390181065,0.0166503693908453,-0.007865956984460354,0.006960910279303789,0.09471718966960907,0.19057689607143402,0.00022599492513108999,0.12850718200206757,0.009872079826891422,-15.6363525390625,0.07269862294197083,0.20042330026626587,-0.009029610082507133,1.7040330931195058e-05,-0.09725101292133331,-0.1840234100818634,-2.9321206966415048e-05,4.548246383666992,3.4951589107513428,3.7234432697296143,3.873547077178955,0.018398437649011612,0.018398437649011612,-0.024531250819563866,-0.024531250819563866,0.0,0.010761052370071411,0.012006139382719994,-0.013134980574250221,-0.010823710821568966,0.0,-0.4666863977909088,-0.27512508630752563,-9.863978385925293,0.023364942520856857,0.0017949235625565052,-2.842973232269287,0.0,0.0,0.0,0.0,0.0,0.0,0.0,0.0,0.0,0.0,0.0,0.0,0.024303490296006203,0.008925506845116615,-0.031012531369924545,-0.008326585404574871,0.12958499789237976,0.1082683652639389,0.11189822107553482,0.11533526331186295,0.5911756157875061,-0.19505015015602112,0.3969108760356903,0.0,0.0,0.0,0.0,0.0,0.0,0.0
9107020687,0,-0.0009962506592273712,-0.04047059267759323,-0.13796932995319366,6.569455581484362e-05,-0.04113857448101044,-0.4962502121925354,-0.003101081820204854,-0.002588885836303234,-0.01298744510859251,0.002123901154845953,-0.0013359702425077558,-0.35828089714050293,-0.012001071125268936,-0.02385828271508217,-0.004825347103178501,0.0,0.0,-0.0047828578390181065,0.00972287729382515,-0.003387284465134144,0.007290073670446873,0.09539470821619034,0.1896689236164093,0.00022277250536717474,0.12850718200206757,0.009872079826891422,-15.6363525390625,0.07269862294197083,0.20042330026626587,-0.009029610082507133,1.7040330931195058e-05,-0.09723075479269028,-0.18416891992092133,7.393158739432693e-05,4.550454616546631,3.597686767578125,3.710489273071289,3.908719539642334,0.019931640475988388,0.016865234822034836,-0.024531250819563866,-0.021464843302965164,0.0,0.010755832307040691,0.011663970537483692,-0.013180837035179138,-0.010726307518780231,0.0,-0.2889802157878876,0.0888446569442749,-10.054442405700684,0.017234914004802704,0.005702816415578127,-2.8754355907440186,0.0,0.0,0.0,0.0,0.0,0.0,0.0,0.0,0.0,0.0,0.0,0.0,0.021969061344861984,0.009266995824873447,-0.02791108377277851,-0.00855937972664833,0.12765789031982422,0.11261508613824844,0.10862845927476883,0.1173054650425911,-0.04878883808851242,0.10996268689632416,0.22278814017772675,0.0,0.0,0.0,0.0,0.0,0.0,0.0
9115884500,0,-0.0009304347331635654,-0.04051923751831055,-0.13796144723892212,6.569455581484362e-05,-0.04113857448101044,-0.49725019931793213,-0.009229503571987152,-0.003623286262154579,-0.018470516428351402,0.0019922684878110886,-0.001238680095411837,-0.35928875207901,-0.012509776279330254,-0.02378583513200283,-0.004874451085925102,0.0,0.0,-0.0047828578390181065,-0.005697190761566162,0.0013946276158094406,0.0037686603609472513,0.09944017231464386,0.18909204006195068,0.0002884303976316005,0.09479202330112457,0.031365491449832916,-15.814895629882812,0.11225156486034393,0.18502961099147797,-0.002202690811827779,1.931556107592769e-05,-0.09723075479269028,-0.18416891992092133,7.393158739432693e-05,4.459257125854492,3.795078992843628,3.5602943897247314,4.0043487548828125,0.024531250819563866,0.015332031063735485,-0.024531250819563866,-0.018398437649011612,0.0,0.01000730786472559,0.005914446897804737,-0.012522445060312748,-0.005594864021986723,0.0,-0.2889802157878876,0.0888446569442749,-10.054442405700684,0.029479578137397766,0.008273964747786522,-2.844386339187622,0.0,0.0,0.0,0.0,0.0,0.0,0.0,0.0,0.0,0.0,0.0,0.0,0.018717525526881218,0.00962779950350523,-0.023635132238268852,-0.008841497823596,0.12765789031982422,0.11261508613824844,0.10862845927476883,0.1173054650425911,-0.711420476436615,0.26678019762039185,-0.042679741978645325,0.0,0.0,0.0,0.0,0.0,0.0,0.0
9127209399,0,-0.0007876773597672582,-0.04056962952017784,-0.13796183466911316,6.569455581484362e-05,-0.04113857448101044,-0.4992501735687256,-0.007231271360069513,-0.00011153864761581644,-0.015510658733546734,0.0017067523440346122,-0.0011378956260159612,-0.3612883388996124,-0.012574899941682816,-0.023940235376358032,-0.005055959802120924,0.0,0.0,-0.0047828578390181065,-0.005697190761566162,0.0013946276158094406,0.0037686603609472513,0.09944017231464386,0.18909204006195068,0.0002884303976316005,0.09479202330112457,0.031365491449832916,-15.814895629882812,0.11225156486034393,0.18502961099147797,-0.002202690811827779,1.931556107592769e-05,-0.09761246293783188,-0.18437455594539642,2.8171107260277495e-05,4.459257125854492,3.795078992843628,3.5602943897247314,4.0043487548828125,0.024531250819563866,0.013798828236758709,-0.026064453646540642,-0.016865234822034836,0.0,0.01000730786472559,0.005914446897804737,-0.012522445060312748,-0.005594864021986723,0.0,-0.2889802157878876,0.0888446569442749,-10.054442405700684,0.02460402622818947,0.0016105640679597855,-2.8898470401763916,0.0,0.0,0.0,0.0,0.0,0.0,0.0,0.0,0.0,0.0,0.0,0.0,0.015545638278126717,0.009385267272591591,-0.01951194554567337,-0.008617877028882504,0.12356085330247879,0.11785861104726791,0.10373126715421677,0.12267827987670898,-0.711420476436615,0.26678019762039185,-0.042679741978645325,0.0,0.0,0.0,0.0,0.0,0.0,0.0
9138406385,0,-0.0007876773597672582,-0.04056962952017784,-0.13796183466911316,6.569455581484362e-05,-0.04113857448101044,-0.4992501735687256,-0.007231271360069513,-0.00011153864761581644,-0.015510658733546734,0.0017067523440346122,-0.0011378956260159612,-0.3612883388996124,-0.012574899941682816,-0.023940235376358032,-0.005055959802120924,0.0,0.0,-0.0047828578390181065,-0.01049966923892498,-0.0015066417399793863,-0.004287106916308403,0.09996455162763596,0.19031581282615662,0.0005083151045255363,0.11757078766822815,0.04776424169540405,-15.891932487487793,0.11234386265277863,0.19254416227340698,0.006167171988636255,1.818881901272107e-05,-0.09774262458086014,-0.1845373958349228,-6.15696408203803e-05,4.281060695648193,4.011719703674316,3.358283281326294,4.244562149047852,0.024531250819563866,0.010732421651482582,-0.024531250819563866,-0.015332031063735485,0.0,0.013659315183758736,0.0061570280231535435,-0.017401132732629776,-0.005809953901916742,0.0,-0.035029876977205276,0.5659710168838501,-9.846444129943848,0.02460402622818947,0.0016105640679597855,-2.8898470401763916,0.0,0.0,0.0,0.0,0.0,0.0,0.0,0.0,0.0,0.0,0.0,0.0,0.013132166117429733,0.0086367167532444,-0.0164194218814373,-0.007959991693496704,0.12431526929140091,0.1157791018486023,0.10566193610429764,0.12212669104337692,-0.18796418607234955,-0.07217056304216385,-0.2588794231414795,0.0,0.0,0.0,0.0,0.0,0.0,0.0
9146069167,0,-0.0006984327919781208,-0.040560588240623474,-0.13794080913066864,6.569455581484362e-05,-0.04113857448101044,-0.5002501606941223,-0.008980229496955872,-0.0026639248244464397,-0.013845185749232769,0.0015282623935490847,-0.0011559783015400171,-0.3623093366622925,-0.01255123969167471,-0.024044955149292946,-0.00505997147411108,0.0,0.0,-0.0047828578390181065,-0.01049966923892498,-0.0015066417399793863,-0.004287106916308403,0.09977655857801437,0.19114825129508972,0.0005135766114108264,0.11757078766822815,0.04776424169540405,-15.891932487487793,0.11234386265277863,0.19254416227340698,0.006167171988636255,1.818881901272107e-05,-0.09774262458086014,-0.1845373958349228,-6.15696408203803e-05,4.281060695648193,4.011719703674316,3.358283281326294,4.244562149047852,0.02299804612994194,0.009199218824505806,-0.024531250819563866,-0.015332031063735485,0.0,0.013659315183758736,0.0061570280231535435,-0.017401132732629776,-0.005809953901916742,0.0,-0.47156181931495667,0.013944059610366821,-9.650503158569336,0.027518682181835175,0.006752027198672295,-2.913832426071167,0.0,0.0,0.0,0.0,0.0,0.0,0.0,0.0,0.0,0.0,0.0,0.0,0.01187399122864008,0.007799809332937002,-0.014854570850729942,-0.007229771930724382,0.12431526929140091,0.1157791018486023,0.10566193610429764,0.12212669104337692,-0.18796418607234955,-0.07217056304216385,-0.2588794231414795,0.0,0.0,0.0,0.0,0.0,0.0,0.0
9155911665,0,-0.0006984327919781208,-0.040560588240623474,-0.13794080913066864,6.569455581484362e-05,-0.04113857448101044,-0.5002501606941223,-0.008980229496955872,-0.0026639248244464397,-0.013845185749232769,0.0015282623935490847,-0.0011559783015400171,-0.3623093366622925,-0.01255123969167471,-0.024044955149292946,-0.00505997147411108,0.0,0.0,-0.0047828578390181065,0.004127373918890953,-0.002438158495351672,-0.0026988412719219923,0.09977655857801437,0.19114825129508972,0.0005135766114108264,0.15135274827480316,0.037136148661375046,-16.026079177856445,0.08669073134660721,0.1939420998096466,0.0027193394489586353,2.2742917280993424e-05,-0.09756278991699219,-0.18476103246212006,-9.333333582617342e-05,4.363816738128662,3.917145252227783,3.5151805877685547,4.233393669128418,0.016865234822034836,0.009199218824505806,-0.024531250819563866,-0.016865234822034836,0.0,0.015277499333024025,0.010315445251762867,-0.018952127546072006,-0.009533144533634186,0.0,-0.041968222707509995,0.039274200797080994,-9.940242767333984,0.027518682181835175,0.006752027198672295,-2.913832426071167,0.0,0.0,0.0,0.0,0.0,0.0,0.0,0.0,0.0,0.0,0.0,0.0,0.011659296229481697,0.00727690476924181,-0.014626417309045792,-0.006780402269214392,0.12762323021888733,0.11336016654968262,0.11066220700740814,0.11946982890367508,0.6296042203903198,-0.060304198414087296,-0.041661396622657776,0.0,0.0,0.0,0.0,0.0,0.0,0.0
9165923723,0,-0.0005107031902298331,-0.040567897260189056,-0.1378842294216156,6.569455581484362e-05,-0.04113857448101044,-0.5022501349449158,-0.00998326763510704,-0.0027813741471618414,-0.01614414155483246,0.00115280132740736,-0.0011413601459935308,-0.36436590552330017,-0.012146638706326485,-0.02376207336783409,-0.004929938353598118,0.0,0.0,-0.0047828578390181065,0.008232757449150085,0.005622734781354666,0.0014411945594474673,0.09567680209875107,0.18854574859142303,0.0002676681033335626,0.1593904048204422,0.037075165659189224,-16.044940948486328,0.08539330959320068,0.1799769550561905,-0.002100214594975114,3.427566116442904e-05,-0.09756278991699219,-0.18476103246212006,-9.333333582617342e-05,4.46605920791626,3.8205366134643555,3.6640048027038574,4.097864627838135,0.015332031063735485,0.009199218824505806,-0.021464843302965164,-0.015332031063735485,0.0,0.015562072396278381,0.011329076252877712,-0.01894865371286869,-0.01054415199905634,0.0,-0.041968222707509995,0.039274200797080994,-9.940242767333984,0.0289800725877285,0.00674093933776021,-2.917262077331543,0.0,0.0,0.0,0.0,0.0,0.0,0.0,0.0,0.0,0.0,0.0,0.0,0.012159841135144234,0.007435352075845003,-0.015240708366036415,-0.006942234933376312,0.12762323021888733,0.11336016654968262,0.11066220700740814,0.11946982890367508,0.20507319271564484,0.2946062684059143,0.11857941001653671,0.0,0.0,0.0,0.0,0.0,0.0,0.0
9176129941,0,-0.0002067832974717021,-0.040683768689632416,-0.13785351812839508,6.569455581484362e-05,-0.04113857448101044,-0.505250096321106,-0.004751861561089754,-0.00403345562517643,-0.013212120160460472,0.0005449584568850696,-0.0009096161229535937,-0.36739659309387207,-0.01289108395576477,-0.024135269224643707,-0.004977011121809483,0.0,0.0,-0.0047828578390181065,0.008232757449150085,0.005622734781354666,0.0014411945594474673,0.10247454792261124,0.19186775386333466,0.0004196340451017022,0.1593904048204422,0.037075165659189224,-16.044940948486328,0.08539330959320068,0.1799769550561905,-0.002100214594975114,3.427566116442904e-05,-0.09756278991699219,-0.18476103246212006,-9.333333582617342e-05,4.46605920791626,3.8205366134643555,3.6640048027038574,4.097864627838135,0.019931640475988388,0.009199218824505806,-0.021464843302965164,-0.015332031063735485,0.0,0.015562072396278381,0.011329076252877712,-0.01894865371286869,-0.01054415199905634,0.0,-0.041968222707509995,0.039274200797080994,-9.940242767333984,0.01673458330333233,0.010341527871787548,-2.97214937210083,0.0,0.0,0.0,0.0,0.0,0.0,0.0,0.0,0.0,0.0,0.0,0.0,0.013020691461861134,0.008185015991330147,-0.016227202489972115,-0.007639839313924313,0.12762323021888733,0.11336016654968262,0.11066220700740814,0.11946982890367508,0.20507319271564484,0.2946062684059143,0.11857941001653671,0.0,0.0,0.0,0.0,0.0,0.0,0.0
9185951147,0,-0.0002067832974717021,-0.040683768689632416,-0.13785351812839508,6.569455581484362e-05,-0.04113857448101044,-0.505250096321106,-0.004751861561089754,-0.00403345562517643,-0.013212120160460472,0.0005449584568850696,-0.0009096161229535937,-0.36739659309387207,-0.01289108395576477,-0.024135269224643707,-0.004977011121809483,0.0,0.0,-0.0047828578390181065,-0.01671731099486351,-0.002838174579665065,-0.00041507347486913204,0.10247454792261124,0.19186775386333466,0.0004196340451017022,0.12655231356620789,0.04491325095295906,-16.104942321777344,0.12674854695796967,0.19788073003292084,0.0009959108429029584,4.2687737732194364e-05,-0.09796407073736191,-0.18504729866981506,-8.762469951761886e-05,4.49537992477417,3.9480018615722656,3.5095396041870117,4.154918193817139,0.018398437649011612,0.009199218824505806,-0.018398437649011612,-0.013798828236758709,0.0,0.013496183790266514,0.007322798483073711,-0.017261192202568054,-0.006935780867934227,0.0,0.12643848359584808,0.11706548184156418,-9.798832893371582,0.01673458330333233,0.010341527871787548,-2.97214937210083,0.0,0.0,0.0,0.0,0.0,0.0,0.0,0.0,0.0,0.0,0.0,0.0,0.01381771918386221,0.008949058130383492,-0.0171367097645998,-0.00835239514708519,0.12996287643909454,0.11627692729234695,0.10935910046100616,0.12191831320524216,-0.7556684613227844,-0.31748008728027344,-0.04125680401921272,0.0,0.0,0.0,0.0,0.0,0.0,0.0
9196048401,0,-0.00011228391667827964,-0.04067877680063248,-0.13786374032497406,6.569455581484362e-05,-0.04113857448101044,-0.5062500834465027,-0.002064460190013051,0.0022899729665368795,-0.017877457663416862,0.0003559587348718196,-0.0009195999591611326,-0.36838632822036743,-0.012571924366056919,-0.024226335808634758,-0.004810985177755356,0.0,0.0,-0.0047828578390181065,-0.010126475244760513,-0.008466685190796852,0.0008088251925073564,0.09993124008178711,0.19259513914585114,0.000216488100704737,0.09204021096229553,0.05687840282917023,-16.346820831298828,0.1108037456870079,0.20567457377910614,-0.000919544545467943,4.62545249320101e-05,-0.09796407073736191,-0.18504729866981506,-8.762469951761886e-05,4.591029167175293,3.9237749576568604,3.630105495452881,4.20442008972168,0.018398437649011612,0.0076660155318677425,-0.016865234822034836,-0.013798828236758709,0.0,0.011479370296001434,0.003181088250130415,-0.014490554109215736,-0.002944834064692259,0.0,-0.49915334582328796,0.2931414544582367,-9.930608749389648,0.011153561994433403,-0.002672734437510371,-2.946457862854004,0.0,0.0,0.0,0.0,0.0,0.0,0.0,0.0,0.0,0.0,0.0,0.0,0.01415263768285513,0.009018486365675926,-0.017557017505168915,-0.00842378567904234,0.12996287643909454,0.11627692729234695,0.10935910046100616,0.12191831320524216,-0.07460326701402664,-0.46127480268478394,0.04290371760725975,0.0,0.0,0.0,0.0,0.0,0.0,0.0
9206941523,0,-0.00011228391667827964,-0.04067877680063248,-0.13786374032497406,6.569455581484362e-05,-0.04113857448101044,-0.5062500834465027,-0.002064460190013051,0.0022899729665368795,-0.017877457663416862,0.0003559587348718196,-0.0009195999591611326,-0.36838632822036743,-0.012571924366056919,-0.024226335808634758,-0.004810985177755356,0.0,0.0,-0.0047828578390181065,-0.010126475244760513,-0.008466685190796852,0.0008088251925073564,0.09993124008178711,0.19259513914585114,0.000216488100704737,0.09204021096229553,0.05687840282917023,-16.346820831298828,0.1108037456870079,0.20567457377910614,-0.000919544545467943,4.62545249320101e-05,-0.09802339971065521,-0.18547189235687256,3.710175951709971e-05,4.591029167175293,3.9237749576568604,3.630105495452881,4.20442008972168,0.018398437649011612,0.0076660155318677425,-0.016865234822034836,-0.013798828236758709,0.0,0.011479370296001434,0.003181088250130415,-0.014490554109215736,-0.002944834064692259,0.0,-0.49915334582328796,0.2931414544582367,-9.930608749389648,0.011153561994433403,-0.002672734437510371,-2.946457862854004,0.0,0.0,0.0,0.0,0.0,0.0,0.0,0.0,0.0,0.0,0.0,0.0,0.013917102478444576,0.008166537620127201,-0.01732569746673107,-0.007631990127265453,0.1313754916191101,0.11171606928110123,0.11428184062242508,0.11953514069318771,-0.07460326701402664,-0.46127480268478394,0.04290371760725975,0.0,0.0,0.0,0.0,0.0,0.0,0.0
9216170712,0,0.00010908699914580211,-0.04069777950644493,-0.13787661492824554,6.569455581484362e-05,-0.04113857448101044,-0.5082500576972961,-0.0003628665872383863,-0.002453647553920746,-0.013171578757464886,-8.678532321937382e-05,-0.0008815943729132414,-0.3703734278678894,-0.011856584809720516,-0.024146998301148415,-0.0046600112691521645,0.0,0.0,-0.0047828578390181065,0.014779050834476948,3.990018740296364e-06,0.006327348295599222,0.09423956274986267,0.1919671595096588,2.4372855477849953e-05,0.03599166125059128,0.03594589605927467,-16.52963638305664,0.1108037456870079,0.20567457377910614,-0.000919544545467943,4.62545249320101e-05,-0.09802339971065521,-0.18547189235687256,3.710175951709971e-05,4.688694000244141,3.8022093772888184,3.898739814758301,4.142470359802246,0.013798828236758709,0.006132812704890966,-0.016865234822034836,-0.015332031063735485,0.0,0.005435238592326641,1.7478383597335778e-05,-0.006510737352073193,8.231126230384689e-06,0.0,-0.13883431255817413,-0.14324162900447845,-9.466476440429688,0.00654393807053566,0.006535617634654045,-3.0053882598876953,0.0,0.0,0.0,0.0,0.0,0.0,0.0,0.0,0.0,0.0,0.0,0.0,0.013072608970105648,0.006681645289063454,-0.016320645809173584,-0.00624143797904253,0.1313754916191101,0.11171606928110123,0.11428184062242508,0.11953514069318771,0.8055530786514282,0.25173982977867126,0.16950716078281403,0.0,0.0,0.0,0.0,0.0,0.0,0.0
9226451754,0,0.00010908699914580211,-0.04069777950644493,-0.13787661492824554,6.569455581484362e-05,-0.04113857448101044,-0.5082500576972961,-0.0003628665872383863,-0.002453647553920746,-0.013171578757464886,-8.678532321937382e-05,-0.0008815943729132414,-0.3703734278678894,-0.011856584809720516,-0.024146998301148415,-0.0046600112691521645,0.0,0.0,-0.0047828578390181065,0.014369331300258636,0.006276593543589115,0.004047545604407787,0.09423956274986267,0.1919671595096588,2.4372855477849953e-05,0.08949553221464157,0.023050615563988686,-16.346267700195312,0.07720906287431717,0.17947523295879364,-0.0027691368013620377,4.545683623291552e-05,-0.09773053973913193,-0.1856134682893753,0.0001627056481083855,4.545910358428955,3.865447759628296,3.7670881748199463,4.169787883758545,0.013798828236758709,0.006132812704890966,-0.016865234822034836,-0.013798828236758709,0.0,0.008764141239225864,0.006090209819376469,-0.010549897328019142,-0.00562199717387557,0.0,-0.13883431255817413,-0.14324162900447845,-9.466476440429688,0.00654393807053566,0.006535617634654045,-3.0053882598876953,0.0,0.0,0.0,0.0,0.0,0.0,0.0,0.0,0.0,0.0,0.0,0.0,0.011680370196700096,0.005147726275026798,-0.014570611529052258,-0.0048002758994698524,0.12804685533046722,0.12104728072881699,0.1094997227191925,0.12615463137626648,0.43646252155303955,0.39723384380340576,-0.02177431806921959,0.0,0.0,0.0,0.0,0.0,0.0,0.0
9236057990,0,0.00033227604581043124,-0.0407707579433918,-0.1378621757030487,6.569455581484362e-05,-0.04113857448101044,-0.5102500319480896,-0.003587918123230338,-0.00813505332916975,-0.012366270646452904,-0.000533165642991662,-0.0007356367423199117,-0.3723878562450409,-0.012302067130804062,-0.024035189300775528,-0.004811253398656845,0.0,0.0,-0.0047828578390181065,-0.0007642077980563045,0.004493319895118475,-0.002862678375095129,0.10007265955209732,0.18995845317840576,0.0003453149984125048,0.08949553221464157,0.023050615563988686,-16.346267700195312,0.07720906287431717,0.17947523295879364,-0.0027691368013620377,4.545683623291552e-05,-0.09779498726129532,-0.18572866916656494,4.630227340385318e-05,4.470158576965332,4.198957920074463,3.5892369747161865,4.429984092712402,0.018398437649011612,0.0076660155318677425,-0.016865234822034836,-0.012265625409781933,0.0,0.008912663906812668,0.005606475286185741,-0.011072679422795773,-0.005291786510497332,0.0,-0.05854615569114685,0.19653359055519104,-9.59158992767334,0.011979217641055584,0.018620161339640617,-3.0339133739471436,0.0,0.0,0.0,0.0,0.0,0.0,0.0,0.0,0.0,0.0,0.0,0.0,0.010310810059309006,0.004264778457581997,-0.012805776670575142,-0.003968158736824989,0.12456362694501877,0.12350154668092728,0.10429907590150833,0.12921778857707977,-0.4888056814670563,0.14739687740802765,-0.33366692066192627,0.0,0.0,0.0,0.0,0.0,0.0,0.0
9246083990,0,0.00042278648470528424,-0.040792204439640045,-0.13785795867443085,6.569455581484362e-05,-0.04113857448101044,-0.5112500190734863,-0.002316034398972988,0.000167522463016212,-0.01713048480451107,-0.0007141873938962817,-0.0006927435752004385,-0.3733920454978943,-0.012525061145424843,-0.024035073816776276,-0.004971337504684925,0.0,0.0,-0.0047828578390181065,-0.006232325453311205,-0.004002272617071867,-0.008418628014624119,0.09870215505361557,0.19368666410446167,0.0005083419382572174,0.051306840032339096,0.011866165325045586,-16.540058135986328,0.1103731244802475,0.2009856104850769,0.011175621300935745,3.8260834116954356e-05,-0.09779498726129532,-0.18572866916656494,4.630227340385318e-05,4.33004903793335,4.280114650726318,3.382412910461426,4.549255847930908,0.016865234822034836,0.006132812704890966,-0.016865234822034836,-0.013798828236758709,0.0,0.005167772527784109,0.0032676691189408302,-0.00659103412181139,-0.003056063549593091,0.0,-0.05854615569114685,0.19653359055519104,-9.59158992767334,0.009328516200184822,0.002157484646886587,-3.0072832107543945,0.0,0.0,0.0,0.0,0.0,0.0,0.0,0.0,0.0,0.0,0.0,0.0,0.009199636988341808,0.003992535639554262,-0.011387141421437263,-0.003715254133567214,0.12456362694501877,0.12350154668092728,0.10429907590150833,0.12921778857707977,-0.5438640713691711,-0.329667329788208,-0.45186540484428406,0.0,0.0,0.0,0.0,0.0,0.0,0.0
9255987670,0,0.00042278648470528424,-0.040792204439640045,-0.13785795867443085,6.569455581484362e-05,-0.04113857448101044,-0.5142499804496765,-0.002316034398972988,0.000167522463016212,-0.01713048480451107,-0.0013561452506110072,-0.0006005123723298311,-0.37643158435821533,-0.012525061145424843,-0.024035073816776276,-0.004971337504684925,0.0,0.0,-0.0047828578390181065,-0.006232325453311205,-0.004002272617071867,-0.008418628014624119,0.09870215505361557,0.19368666410446167,0.0005083419382572174,0.051306840032339096,0.011866165325045586,-16.540058135986328,0.1103731244802475,0.2009856104850769,0.011175621300935745,3.8260834116954356e-05,-0.09793146699666977,-0.18588832020759583,-0.00010319445573259145,4.33004903793335,4.280114650726318,3.382412910461426,4.549255847930908,0.015332031063735485,0.004599609412252903,-0.016865234822034836,-0.012265625409781933,0.0,0.005167772527784109,0.0032676691189408302,-0.00659103412181139,-0.003056063549593091,0.0,-0.19088561832904816,0.5864319801330566,-10.016483306884766,0.009053955785930157,0.011253117583692074,-3.037057399749756,0.0,0.0,0.0,0.0,0.0,0.0,0.0,0.0,0.0,0.0,0.0,0.0,0.008081918582320213,0.0038327788934111595,-0.010011173784732819,-0.0035723717883229256,0.12456362694501877,0.12350154668092728,0.10429907590150833,0.12921778857707977,-0.5438640713691711,-0.329667329788208,-0.45186540484428406,0.0,0.0,0.0,0.0,0.0,0.0,0.0
9266024403,0,0.0007437638123519719,-0.040838319808244705,-0.13781841099262238,6.569455581484362e-05,-0.04113857448101044,-0.5142499804496765,-0.002918634098023176,-0.004291276913136244,-0.017406556755304337,-0.0013561452506110072,-0.0006005123723298311,-0.37643158435821533,-0.01239802222698927,-0.024035705253481865,-0.004792738240212202,0.0,0.0,-0.0047828578390181065,-0.0026874057948589325,-0.004862452857196331,-0.0015890239737927914,0.09854846447706223,0.1910799741744995,0.00019064682419411838,0.019733324646949768,-0.018909625709056854,-16.82076072692871,0.10081496089696884,0.1994262933731079,-0.0004977145581506193,5.050356776337139e-05,-0.09802219271659851,-0.18611791729927063,-0.0001988221047213301,4.675094127655029,4.045695781707764,3.7611536979675293,4.34028959274292,0.015332031063735485,0.004599609412252903,-0.015332031063735485,-0.012265625409781933,0.0,7.403395284200087e-05,0.0033905827440321445,-6.283374386839569e-05,-0.0031351528596132994,0.0,-0.36749860644340515,-0.2045174539089203,-9.747870445251465,0.009053955785930157,0.011253117583692074,-3.037057399749756,0.0,0.0,0.0,0.0,0.0,0.0,0.0,0.0,0.0,0.0,0.0,0.0,0.006759487558156252,0.0036556003615260124,-0.008402189239859581,-0.003410476027056575,0.13188420236110687,0.11850771307945251,0.11242648959159851,0.12478133291006088,0.055361710488796234,-0.0601278655230999,0.1823272407054901,0.0,0.0,0.0,0.0,0.0,0.0,0.0
9276029895,0,0.0008600958390161395,-0.040843795984983444,-0.1378195732831955,6.569455581484362e-05,-0.04113857448101044,-0.5152499675750732,-0.000664178398437798,-0.0034203568939119577,-0.013431329280138016,-0.0015888104680925608,-0.0005895599606446922,-0.37743037939071655,-0.012043964117765427,-0.02412906289100647,-0.0047388263046741486,0.0,0.0,-0.0047828578390181065,0.006337150000035763,0.0026343550998717546,0.004047897644340992,0.09573202580213547,0.19182315468788147,0.00012152794806752354,0.049796756356954575,0.06189214810729027,-16.703815460205078,0.08553951978683472,0.18631649017333984,-0.006217916030436754,5.9663099818862975e-05,-0.09801881015300751,-0.18624275922775269,-0.00018416630337014794,4.745113372802734,3.870598316192627,3.9190521240234375,4.170841693878174,0.013798828236758709,0.004599609412252903,-0.013798828236758709,-0.013798828236758709,0.0,0.00833558477461338,-0.0010880790650844574,-0.01005952525883913,0.0010408489033579826,0.0,-0.17100147902965546,0.48899129033088684,-9.75819206237793,0.0037739593535661697,0.009380249306559563,-3.0792574882507324,0.0,0.0,0.0,0.0,0.0,0.0,0.0,0.0,0.0,0.0,0.0,0.0,0.005491555202752352,0.0033072801306843758,-0.00683435657992959,-0.0030837543308734894,0.13301759958267212,0.11505535989999771,0.11535502970218658,0.12168706953525543,0.38553550839424133,0.28723058104515076,0.32134753465652466,0.0,0.0,0.0,0.0,0.0,0.0,0.0
9287351653,0,0.0008600958390161395,-0.040843795984983444,-0.1378195732831955,6.569455581484362e-05,-0.04113857448101044,-0.5152499675750732,-0.000664178398437798,-0.0034203568939119577,-0.013431329280138016,-0.0015888104680925608,-0.0005895599606446922,-0.37743037939071655,-0.012043964117765427,-0.02412906289100647,-0.0047388263046741486,0.0,0.0,-0.0047828578390181065,0.006337150000035763,0.0026343550998717546,0.004047897644340992,0.09573202580213547,0.19182315468788147,0.00012152794806752354,0.049796756356954575,0.06189214810729027,-16.703815460205078,0.08553951978683472,0.18631649017333984,-0.006217916030436754,5.9663099818862975e-05,-0.09795127809047699,-0.1863909363746643,-2.6350098778493702e-06,4.745113372802734,3.870598316192627,3.9190521240234375,4.170841693878174,0.012265625409781933,0.0015332031762227416,-0.013798828236758709,-0.010732421651482582,0.0,0.00833558477461338,-0.0010880790650844574,-0.01005952525883913,0.0010408489033579826,0.0,-0.4509614109992981,-0.5684765577316284,-9.850300788879395,0.0037739593535661697,0.009380249306559563,-3.0792574882507324,0.0,0.0,0.0,0.0,0.0,0.0,0.0,0.0,0.0,0.0,0.0,0.0,0.005011651664972305,0.0025315172970294952,-0.0061972434632480145,-0.0023546137381345034,0.13401392102241516,0.1164979636669159,0.11475634574890137,0.12213601917028427,0.38553550839424133,0.28723058104515076,0.32134753465652466,0.0,0.0,0.0,0.0,0.0,0.0,0.0
9296169872,0,0.0010822105687111616,-0.04089406132698059,-0.1378113329410553,6.569455581484362e-05,-0.04113857448101044,-0.5172499418258667,-0.0030363041441887617,-0.010075137950479984,-0.01434952300041914,-0.0020330422557890415,-0.0004890287527814507,-0.3794386088848114,-0.012558241374790668,-0.02424400858581066,-0.004710196051746607,0.0,0.0,-0.0047828578390181065,-0.0032062013633549213,0.0005832090973854065,0.004305914044380188,0.09981854259967804,0.19273759424686432,9.548518573865294e-05,0.008964799344539642,-0.006324077490717173,-16.811819076538086,0.10602967441082001,0.19284141063690186,-0.0038030161522328854,6.266889249673113e-05,-0.09795127809047699,-0.1863909363746643,-2.6350098778493702e-06,4.7535810470581055,3.978817939758301,3.843585729598999,4.237303733825684,0.013798828236758709,0.0015332031762227416,-0.009199218824505806,-0.009199218824505806,0.0,0.000210736965527758,0.0013756733387708664,-0.0002251850819448009,-0.0012596020242199302,0.0,-0.4509614109992981,-0.5684765577316284,-9.850300788879395,0.007411813363432884,0.023325078189373016,-3.0940568447113037,0.0,0.0,0.0,0.0,0.0,0.0,0.0,0.0,0.0,0.0,0.0,0.0,0.005014171823859215,0.0015957311261445284,-0.006142923608422279,-0.0014755821321159601,0.13401392102241516,0.1164979636669159,0.11475634574890137,0.12213601917028427,-0.30049338936805725,-0.06870390474796295,0.05825257673859596,0.0,0.0,0.0,0.0,0.0,0.0,0.0
9306817271,0,0.0010822105687111616,-0.04089406132698059,-0.1378113329410553,6.569455581484362e-05,-0.04113857448101044,-0.5172499418258667,-0.0030363041441887617,-0.010075137950479984,-0.01434952300041914,-0.0020330422557890415,-0.0004890287527814507,-0.3794386088848114,-0.012558241374790668,-0.02424400858581066,-0.004710196051746607,0.0,0.0,-0.0047828578390181065,-0.004653287585824728,-0.007636109832674265,0.0008952334756031632,0.09981854259967804,0.19273759424686432,9.548518573865294e-05,0.004792522639036179,-0.03796738386154175,-16.975238800048828,0.10675381124019623,0.20673586428165436,0.0006770296604372561,5.9750160289695486e-05,-0.09800583869218826,-0.18652206659317017,4.522551171248779e-05,4.705020427703857,4.111324310302734,3.749742269515991,4.410523414611816,0.015332031063735485,0.0015332031762227416,-0.0076660155318677425,-0.010732421651482582,0.0,-0.0024790861643850803,0.0036929440684616566,0.0031452958937734365,-0.003412972204387188,0.0,-0.4509614109992981,-0.5684765577316284,-9.850300788879395,0.007411813363432884,0.023325078189373016,-3.0940568447113037,0.0,0.0,0.0,0.0,0.0,0.0,0.0,0.0,0.0,0.0,0.0,0.0,0.004379774443805218,0.0010881359921768308,-0.005322413519024849,-0.0009966243524104357,0.13401392102241516,0.1164979636669159,0.11475634574890137,0.12213601917028427,-0.24313099682331085,-0.4175671637058258,-0.1278456449508667,0.0,0.0,0.0,0.0,0.0,0.0,0.0
9315963347,0,0.001274538110010326,-0.04095226153731346,-0.137812539935112,6.569455581484362e-05,-0.04113857448101044,-0.5192499160766602,-0.004483364522457123,-0.008350424468517303,-0.016623981297016144,-0.0024176992010325193,-0.00037262775003910065,-0.38143736124038696,-0.012610647827386856,-0.024247733876109123,-0.004733780398964882,0.0,0.0,-0.0047828578390181065,-0.0023583397269248962,-0.00521825160831213,-0.00028573189047165215,0.09981263428926468,0.1928211748600006,5.386496923165396e-05,0.004792522639036179,-0.03796738386154175,-16.975238800048828,0.10675381124019623,0.20673586428165436,0.0006770296604372561,5.9750160289695486e-05,-0.09814547747373581,-0.18695466220378876,5.504121509147808e-05,4.665834903717041,4.137017726898193,3.7466635704040527,4.426986217498779,0.012265625409781933,0.0015332031762227416,-0.006132812704890966,-0.0076660155318677425,0.0,-0.0024999063462018967,0.003670008620247245,0.0031478803139179945,-0.003400280140340328,0.0,-0.39126476645469666,-0.0513659231364727,-9.80990982055664,0.009545229375362396,0.020161254331469536,-3.0988271236419678,0.0,0.0,0.0,0.0,0.0,0.0,0.0,0.0,0.0,0.0,0.0,0.0,0.0029252495151013136,0.0012111946707591414,-0.0035117208026349545,-0.0011070246109738946,0.13176780939102173,0.12052657455205917,0.11189199984073639,0.1266944408416748,0.02016741968691349,-0.1278732419013977,-0.12680219113826752,0.0,0.0,0.0,0.0,0.0,0.0,0.0
9326037601,0,0.0013660162221640348,-0.04095996916294098,-0.13782906532287598,6.569455581484362e-05,-0.04113857448101044,-0.5202499032020569,-0.00220211548730731,-0.0008556134416721761,-0.017338916659355164,-0.002600656356662512,-0.0003572124114725739,-0.3824208378791809,-0.012355771847069263,-0.024440400302410126,-0.004679434467107058,0.0,0.0,-0.0047828578390181065,-0.001960472669452429,-0.0016125162364915013,0.0014994809171184897,0.09981263428926468,0.1928211748600006,5.386496923165396e-05,0.024899058043956757,0.027522988617420197,-17.076396942138672,0.10171812772750854,0.19303885102272034,-0.001294028596021235,5.52591955056414e-05,-0.09814547747373581,-0.18695466220378876,5.504121509147808e-05,4.751395225524902,4.099811553955078,3.8522300720214844,4.37394380569458,0.010732421651482582,0.0015332031762227416,-0.004599609412252903,-0.0076660155318677425,0.0,0.0039133974350988865,-0.00021162789198569953,-0.004795663524419069,0.00022582922247238457,0.0,-0.23599202930927277,-0.12918122112751007,-9.62666130065918,0.004527101293206215,0.005004179663956165,-3.104799509048462,0.0,0.0,0.0,0.0,0.0,0.0,0.0,0.0,0.0,0.0,0.0,0.0,0.0015056250849738717,0.00154742575250566,-0.0017588913906365633,-0.001417795312590897,0.13325706124305725,0.11946938186883926,0.11394862830638885,0.12565702199935913,0.005497554317116737,0.13948394358158112,0.015455738641321659,0.0,0.0,0.0,0.0,0.0,0.0,0.0
9336142617,0,0.0013660162221640348,-0.04095996916294098,-0.13782906532287598,6.569455581484362e-05,-0.04113857448101044,-0.5202499032020569,-0.00220211548730731,-0.0008556134416721761,-0.017338916659355164,-0.002600656356662512,-0.0003572124114725739,-0.3824208378791809,-0.012355771847069263,-0.024440400302410126,-0.004679434467107058,0.0,0.0,-0.0047828578390181065,-0.001960472669452429,-0.0016125162364915013,0.0014994809171184897,0.09981263428926468,0.1928211748600006,5.386496923165396e-05,0.024899058043956757,0.027522988617420197,-17.076396942138672,0.10171812772750854,0.19303885102272034,-0.001294028596021235,5.52591955056414e-05,-0.09819623827934265,-0.18718735873699188,0.0001303404860664159,4.751395225524902,4.099811553955078,3.8522300720214844,4.37394380569458,0.010732421651482582,0.0015332031762227416,-0.006132812704890966,-0.009199218824505806,0.0,0.0039133974350988865,-0.00021162789198569953,-0.004795663524419069,0.00022582922247238457,0.0,-0.06694155931472778,0.5441750884056091,-9.6892671585083,0.004527101293206215,0.005004179663956165,-3.104799509048462,0.0,0.0,0.0,0.0,0.0,0.0,0.0,0.0,0.0,0.0,0.0,0.0,0.0009558788151480258,0.0015672618756070733,-0.0010907456744462252,-0.0014346216339617968,0.13453395664691925,0.11973795294761658,0.11572868376970291,0.12513920664787292,0.005497554317116737,0.13948394358158112,0.015455738641321659,0.0,0.0,0.0,0.0,0.0,0.0,0.0
9345985333,0,0.0015781299443915486,-0.04111010953783989,-0.13779719173908234,6.569455581484362e-05,-0.04113857448101044,-0.5222498774528503,-0.0021748035214841366,-0.01374893356114626,-0.011426174081861973,-0.0030248858965933323,-5.6930170103441924e-05,-0.3844527006149292,-0.012613062746822834,-0.02427142672240734,-0.004579481668770313,0.0,0.0,-0.0047828578390181065,-0.005068486090749502,-0.0014148139161989093,0.0027532032690942287,0.10024919360876083,0.19295817613601685,-6.035152910044417e-05,-0.012360990047454834,-0.07810570299625397,-17.34364128112793,0.10722523182630539,0.19649475812911987,-0.002329810056835413,4.3180152715649456e-05,-0.09819623827934265,-0.18718735873699188,0.0001303404860664159,4.858755111694336,4.143028736114502,3.9299943447113037,4.4124345779418945,0.009199218824505806,0.0015332031762227416,-0.006132812704890966,-0.0076660155318677425,0.0,-0.006573309190571308,0.005621810909360647,0.008150671608746052,-0.005257289856672287,0.0,-0.4687041938304901,0.3078310787677765,-9.96155071258545,0.0032231714576482773,0.03179199621081352,-3.171889305114746,0.0,0.0,0.0,0.0,0.0,0.0,0.0,0.0,0.0,0.0,0.0,0.0,0.0007474787998944521,0.0015178709290921688,-0.0008485638536512852,-0.0013894448056817055,0.13453395664691925,0.11973795294761658,0.11572868376970291,0.12513920664787292,-0.19335615634918213,-0.08894957602024078,0.01879696175456047,0.0,0.0,0.0,0.0,0.0,0.0,0.0
9355865932,0,0.0018722186796367168,-0.04125746339559555,-0.13779319822788239,6.569455581484362e-05,-0.04113857448101044,-0.5252498388290405,0.0016275309026241302,0.003048107959330082,-0.018355682492256165,-0.003613066393882036,0.00023777902242727578,-0.38745665550231934,-0.01242776121944189,-0.024608027189970016,-0.004600680433213711,0.0,0.0,-0.0047828578390181065,-0.005068486090749502,-0.0014148139161989093,0.0027532032690942287,0.10024919360876083,0.19295817613601685,-6.035152910044417e-05,-0.012360990047454834,-0.07810570299625397,-17.34364128112793,0.10722523182630539,0.19649475812911987,-0.002329810056835413,4.3180152715649456e-05,-0.09819623827934265,-0.18718735873699188,0.0001303404860664159,4.858755111694336,4.143028736114502,3.9299943447113037,4.4124345779418945,0.0076660155318677425,0.0015332031762227416,-0.006132812704890966,-0.0076660155318677425,0.0,-0.006573309190571308,0.005621810909360647,0.008150671608746052,-0.005257289856672287,0.0,-0.4687041938304901,0.3078310787677765,-9.96155071258545,-0.005494460463523865,-0.0014766291715204716,-3.1504061222076416,0.0,0.0,0.0,0.0,0.0,0.0,0.0,0.0,0.0,0.0,0.0,0.0,-0.00022212884505279362,0.0019817613065242767,0.00033391013857908547,-0.001828002859838307,0.13453395664691925,0.11973795294761658,0.11572868376970291,0.12513920664787292,-0.19335615634918213,-0.08894957602024078,0.01879696175456047,0.0,0.0,0.0,0.0,0.0,0.0,0.0
9366430124,0,0.0018722186796367168,-0.04125746339559555,-0.13779319822788239,6.569455581484362e-05,-0.04113857448101044,-0.5252498388290405,0.0016275309026241302,0.003048107959330082,-0.018355682492256165,-0.003613066393882036,0.00023777902242727578,-0.38745665550231934,-0.01242776121944189,-0.024608027189970016,-0.004600680433213711,0.0,0.0,-0.0047828578390181065,-0.00025219496455974877,-0.006402245722711086,0.0014239439042285085,0.09877660125494003,0.19563348591327667,-3.510349051794037e-05,0.024739425629377365,0.15222731232643127,-17.409626007080078,0.09796302020549774,0.20348674058914185,-0.0005927158053964376,3.7338122638175264e-05,-0.0983109176158905,-0.18748793005943298,0.00021019467385485768,4.828535079956055,4.177698612213135,3.9062328338623047,4.497615814208984,0.009199218824505806,0.0015332031762227416,-0.006132812704890966,-0.0076660155318677425,0.0,0.012966571375727654,-0.010779633186757565,-0.01600756123661995,0.010030891746282578,0.0,-0.09235909581184387,1.2431578636169434,-10.136948585510254,-0.005494460463523865,-0.0014766291715204716,-3.1504061222076416,0.0,0.0,0.0,0.0,0.0,0.0,0.0,0.0,0.0,0.0,0.0,0.0,-0.0009695494081825018,0.0021249682176858187,0.001243407605215907,-0.001971216406673193,0.13512997329235077,0.12132164090871811,0.11552964150905609,0.12812261283397675,0.10718394070863724,-0.31043002009391785,-0.05124855041503906,0.0,0.0,0.0,0.0,0.0,0.0,0.0
9376155853,0,0.00195669406093657,-0.041307851672172546,-0.13781429827213287,6.569455581484362e-05,-0.04113857448101044,-0.5262498259544373,-0.001398399006575346,0.0046405005268752575,-0.019551696255803108,-0.003782017854973674,0.00033855607034638524,-0.3884355425834656,-0.012317052111029625,-0.02429298311471939,-0.004615561105310917,0.0,0.0,-0.0047828578390181065,0.003468668321147561,-0.0034436755813658237,0.0002547319745644927,0.0978977158665657,0.19312873482704163,-2.1212936189840548e-05,0.024739425629377365,0.15222731232643127,-17.409626007080078,0.09796302020549774,0.20348674058914185,-0.0005927158053964376,3.7338122638175264e-05,-0.09833657741546631,-0.1876775622367859,0.00023038395738694817,4.754033088684082,4.1916375160217285,3.872896194458008,4.50921106338501,0.009199218824505806,0.0,-0.004599609412252903,-0.006132812704890966,0.0,0.013169785030186176,-0.010743784718215466,-0.016145363450050354,0.0100051024928689,0.0,-0.6262034177780151,-0.5921323895454407,-9.966105461120605,0.0004643537104129791,-0.004518392030149698,-3.153989315032959,0.0,0.0,0.0,0.0,0.0,0.0,0.0,0.0,0.0,0.0,0.0,0.0,0.0003424180904403329,0.0005724309594370425,-0.00038445775862783194,-0.0005333962035365403,0.13417719304561615,0.12132896482944489,0.11494383215904236,0.1279066950082779,0.27653780579566956,6.33205272606574e-05,-0.0977785512804985,0.0,0.0,0.0,0.0,0.0,0.0,0.0
9386147240,0,0.00195669406093657,-0.041307851672172546,-0.13781429827213287,6.569455581484362e-05,-0.04113857448101044,-0.5262498259544373,-0.001398399006575346,0.0046405005268752575,-0.019551696255803108,-0.003782017854973674,0.00033855607034638524,-0.3884355425834656,-0.012317052111029625,-0.02429298311471939,-0.004615561105310917,0.0,0.0,-0.0047828578390181065,0.003468668321147561,-0.0034436755813658237,0.0002547319745644927,0.0978977158665657,0.19312873482704163,-2.1212936189840548e-05,-0.030219532549381256,-0.008121460676193237,-17.327234268188477,0.0916636660695076,0.19657178223133087,0.0007406919030472636,3.013490277226083e-05,-0.09826084226369858,-0.18793246150016785,0.00017240566376131028,4.754033088684082,4.1916375160217285,3.872896194458008,4.50921106338501,0.004599609412252903,0.0015332031762227416,-0.004599609412252903,-0.006132812704890966,0.0,-0.002844500355422497,-0.0018560995813459158,0.003508581081405282,0.001739906962029636,0.0,-0.6262034177780151,-0.5921323895454407,-9.966105461120605,0.0004643537104129791,-0.004518392030149698,-3.153989315032959,0.0,0.0,0.0,0.0,0.0,0.0,0.0,0.0,0.0,0.0,0.0,0.0,0.002606515306979418,-0.0018709242576733232,-0.0031803485471755266,0.0017382822697982192,0.1328292191028595,0.1251412034034729,0.11436781287193298,0.13097384572029114,0.27653780579566956,6.33205272606574e-05,-0.0977785512804985,0.0,0.0,0.0,0.0,0.0,0.0,0.0
9396101972,0,0.0021247684489935637,-0.04124833643436432,-0.13785962760448456,6.569455581484362e-05,-0.04113857448101044,-0.5282498002052307,0.0014894258929416537,0.009613346308469772,-0.019187740981578827,-0.004118168260902166,0.00021952501265332103,-0.39039015769958496,-0.012377485632896423,-0.024260971695184708,-0.004730224143713713,0.0,0.0,-0.0047828578390181065,-0.0007735235849395394,0.002269608899950981,-0.0024735156912356615,0.09838255494832993,0.19287201762199402,0.00011701448238454759,0.009785152040421963,0.1443890929222107,-17.56060791015625,0.10102953761816025,0.1892307549715042,0.002899483311921358,1.872082066256553e-05,-0.09832022339105606,-0.18803280591964722,0.00012395445082802325,4.761824131011963,4.3292036056518555,3.87371826171875,4.596214294433594,0.004599609412252903,0.0,-0.003066406352445483,-0.0076660155318677425,0.0,0.011451570317149162,-0.010988232679665089,-0.014066660776734352,0.010358717292547226,0.0,0.02243833616375923,0.7159429788589478,-9.734793663024902,-0.006044043228030205,-0.014622684568166733,-3.1795568466186523,0.0,0.0,0.0,0.0,0.0,0.0,0.0,0.0,0.0,0.0,0.0,0.0,0.004112436436116695,-0.003901147283613682,-0.005038561765104532,0.0036347107961773872,0.1342107355594635,0.12383697926998138,0.11476323008537292,0.12895099818706512,-0.18734537065029144,0.13716517388820648,-0.09753065556287766,0.0,0.0,0.0,0.0,0.0,0.0,0.0
9406062014,0,0.0022071036510169506,-0.04124533757567406,-0.1378626972436905,6.569455581484362e-05,-0.04113857448101044,-0.5292497873306274,-0.003324688645079732,-0.007094919215887785,-0.01381752360612154,-0.004282839596271515,0.00021352725161705166,-0.39138710498809814,-0.012722669169306755,-0.024341776967048645,-0.004624075721949339,0.0,0.0,-0.0047828578390181065,-0.005381481721997261,0.002540693385526538,-0.0017342549981549382,0.10112202912569046,0.1935165971517563,-4.710066605184693e-06,-0.03324223682284355,-0.08042476326227188,-17.48756217956543,0.10953017324209213,0.1900816559791565,0.001515837386250496,1.6396310456912033e-05,-0.09832022339105606,-0.18803280591964722,0.00012395445082802325,4.792437553405762,4.288252830505371,3.875826358795166,4.531457424163818,0.006132812704890966,0.0,-0.0015332031762227416,-0.006132812704890966,0.0,-0.00838195439428091,0.0038942210376262665,0.010373502969741821,-0.0036773516330868006,0.0,-0.44667795300483704,-0.1861848086118698,-9.610258102416992,0.002716558054089546,0.01925494894385338,-3.2322521209716797,0.0,0.0,0.0,0.0,0.0,0.0,0.0,0.0,0.0,0.0,0.0,0.0,0.004632876254618168,-0.005099559668451548,-0.005680136848241091,0.0047630490735173225,0.1342107355594635,0.12383697926998138,0.11476323008537292,0.12895099818706512,-0.30266621708869934,0.08942415565252304,-0.02350749634206295,0.0,0.0,0.0,0.0,0.0,0.0,0.0
9416297077,0,0.0022071036510169506,-0.04124533757567406,-0.1378626972436905,6.569455581484362e-05,-0.04113857448101044,-0.5312497615814209,-0.003324688645079732,-0.007094919215887785,-0.01381752360612154,-0.004631566349416971,0.00013527342525776476,-0.39342182874679565,-0.012722669169306755,-0.024341776967048645,-0.004624075721949339,0.0,0.0,-0.0047828578390181065,-0.005381481721997261,0.002540693385526538,-0.0017342549981549382,0.10112202912569046,0.1935165971517563,-4.710066605184693e-06,-0.03324223682284355,-0.08042476326227188,-17.48756217956543,0.10953017324209213,0.1900816559791565,0.001515837386250496,1.6396310456912033e-05,-0.09858261793851852,-0.1883641928434372,7.675901724724099e-05,4.792437553405762,4.288252830505371,3.875826358795166,4.531457424163818,0.003066406352445483,0.0,-0.0015332031762227416,-0.004599609412252903,0.0,-0.00838195439428091,0.0038942210376262665,0.010373502969741821,-0.0036773516330868006,0.0,-0.44667795300483704,-0.1861848086118698,-9.610258102416992,-0.0067489054054021835,-0.008839752525091171,-3.2485616207122803,0.0,0.0,0.0,0.0,0.0,0.0,0.0,0.0,0.0,0.0,0.0,0.0,0.003402200760319829,-0.00471591018140316,-0.004160806071013212,0.004408005625009537,0.13760823011398315,0.12413977086544037,0.11774931848049164,0.13031674921512604,-0.30266621708869934,0.08942415565252304,-0.02350749634206295,0.0,0.0,0.0,0.0,0.0,0.0,0.0
9426158824,0,0.002381466096267104,-0.04120621085166931,-0.13782793283462524,6.569455581484362e-05,-0.04113857448101044,-0.5312497615814209,0.0010420270264148712,0.0068316953256726265,-0.014430339448153973,-0.004631566349416971,0.00013527342525776476,-0.39342182874679565,-0.012615394778549671,-0.024432769045233727,-0.004699774086475372,0.0,0.0,-0.0047828578390181065,-0.004685683641582727,-0.003827087115496397,-7.358266157098114e-05,0.10054303705692291,0.19530808925628662,4.0261940739583224e-05,-0.037118978798389435,-0.04861863702535629,-17.867088317871094,0.10487329214811325,0.20053263008594513,-0.000448294886155054,1.3383135410549585e-05,-0.09862774610519409,-0.18851682543754578,8.677465666551143e-05,4.945891380310059,4.310122489929199,4.010162353515625,4.601099014282227,0.003066406352445483,-0.003066406352445483,-0.003066406352445483,-0.006132812704890966,0.0,-0.00612598704174161,0.0009466764167882502,0.007562701124697924,-0.0008804851095192134,0.0,-0.12182396650314331,0.18375171720981598,-9.73309326171875,-0.0067489054054021835,-0.008839752525091171,-3.2485616207122803,0.0,0.0,0.0,0.0,0.0,0.0,0.0,0.0,0.0,0.0,0.0,0.0,0.0007265142630785704,-0.003074398497119546,-0.0008612723322585225,0.0028704472351819277,0.1380169689655304,0.12430083006620407,0.11933743208646774,0.13064485788345337,0.03554309159517288,-0.13974565267562866,0.05202952027320862,0.0,0.0,0.0,0.0,0.0,0.0,0.0
9436314941,0,0.002381466096267104,-0.04120621085166931,-0.13782793283462524,6.569455581484362e-05,-0.04113857448101044,-0.5312497615814209,0.0010420270264148712,0.0068316953256726265,-0.014430339448153973,-0.004631566349416971,0.00013527342525776476,-0.39342182874679565,-0.012615394778549671,-0.024432769045233727,-0.004699774086475372,0.0,0.0,-0.0047828578390181065,-0.004685683641582727,-0.003827087115496397,-7.358266157098114e-05,0.10054303705692291,0.19530808925628662,4.0261940739583224e-05,-0.037118978798389435,-0.04861863702535629,-17.867088317871094,0.10487329214811325,0.20053263008594513,-0.000448294886155054,1.3383135410549585e-05,-0.0986202284693718,-0.18866339325904846,8.499865361955017e-05,4.945891380310059,4.310122489929199,4.010162353515625,4.601099014282227,0.004599609412252903,-0.003066406352445483,-0.003066406352445483,-0.004599609412252903,0.0,-0.00612598704174161,0.0009466764167882502,0.007562701124697924,-0.0008804851095192134,0.0,-0.12182396650314331,0.18375171720981598,-9.73309326171875,-0.0067489054054021835,-0.008839752525091171,-3.2485616207122803,0.0,0.0,0.0,0.0,0.0,0.0,0.0,0.0,0.0,0.0,0.0,0.0,-0.001957965549081564,-0.001389110111631453,0.002445598365738988,0.0012930837692692876,0.13747049868106842,0.12444255501031876,0.11859524250030518,0.13102960586547852,0.03554309159517288,-0.13974565267562866,0.05202952027320862,0.0,0.0,0.0,0.0,0.0,0.0,0.0
9445986898,0,0.0025683699641376734,-0.041162390261888504,-0.1378043293952942,6.569455581484362e-05,-0.04113857448101044,-0.5332497358322144,0.0063461558893322945,0.0031270484905689955,-0.01508148293942213,-0.005005375947803259,4.76318018627353e-05,-0.39544540643692017,-0.012532193213701248,-0.024440595880150795,-0.004666260909289122,0.0,0.0,-0.0047828578390181065,0.003556563053280115,-0.00014815645408816636,0.0001439983898308128,0.09986939281225204,0.1953098475933075,-8.946949492383283e-06,-0.10031423717737198,-0.009214527904987335,-17.948076248168945,0.0938945859670639,0.19471444189548492,-0.00017708782979752868,8.959048500400968e-06,-0.0986202284693718,-0.18866339325904846,8.499865361955017e-05,4.933813095092773,4.328976631164551,4.0491790771484375,4.636295795440674,0.006132812704890966,-0.004599609412252903,-0.004599609412252903,-0.0015332031762227416,0.0,-0.00784685742110014,-0.0074380552396178246,0.00956603605300188,0.006949211936444044,0.0,-0.3157742917537689,-0.5656239986419678,-9.92570972442627,-0.01823895238339901,-0.0016753687523305416,-3.263286590576172,0.0,0.0,0.0,0.0,0.0,0.0,0.0,0.0,0.0,0.0,0.0,0.0,-0.004126725718379021,-0.0005160513101145625,0.005108619574457407,0.00047743265167810023,0.13747049868106842,0.12444255501031876,0.11859524250030518,0.13102960586547852,0.2418241649866104,0.07435698807239532,0.005341978278011084,0.0,0.0,0.0,0.0,0.0,0.0,0.0
9455945257,0,0.0027751228772103786,-0.041162554174661636,-0.13781766593456268,6.569455581484362e-05,-0.04113857448101044,-0.5352497100830078,0.002886510919779539,-0.007886468432843685,-0.017295394092798233,-0.005418883636593819,4.795962740899995e-05,-0.39743202924728394,-0.012699432671070099,-0.024595879018306732,-0.004640998784452677,0.0,0.0,-0.0047828578390181065,0.0004103437822777778,0.0006348055321723223,-0.0022162199020385742,0.10093759000301361,0.19553619623184204,1.7192709492519498e-05,-0.04179586097598076,0.07454073429107666,-17.999656677246094,0.09988819807767868,0.19245831668376923,0.0027052934747189283,7.192546036094427e-06,-0.09861075133085251,-0.18878237903118134,5.2567102102329955e-05,4.880795955657959,4.426150321960449,3.9837961196899414,4.7089924812316895,0.003066406352445483,-0.004599609412252903,-0.004599609412252903,-0.004599609412252903,0.0,0.0023735645227134228,-0.009291139431297779,-0.0029040805529803038,0.008736377581954002,0.0,-0.07632020860910416,0.5752516984939575,-10.049907684326172,-0.012387510389089584,0.020522190257906914,-3.2683072090148926,0.0,0.0,0.0,0.0,0.0,0.0,0.0,0.0,0.0,0.0,0.0,0.0,-0.0053289406932890415,-0.0010626517469063401,0.006573154125362635,0.0009917519055306911,0.13623380661010742,0.1266055852174759,0.11718662083148956,0.13260173797607422,-0.029606526717543602,0.04442131891846657,-0.0973929613828659,0.0,0.0,0.0,0.0,0.0,0.0,0.0
9466127033,0,0.0027751228772103786,-0.041162554174661636,-0.13781766593456268,6.569455581484362e-05,-0.04113857448101044,-0.5352497100830078,0.002886510919779539,-0.007886468432843685,-0.017295394092798233,-0.005418883636593819,4.795962740899995e-05,-0.39743202924728394,-0.012699432671070099,-0.024595879018306732,-0.004640998784452677,0.0,0.0,-0.0047828578390181065,0.0004103437822777778,0.0006348055321723223,-0.0022162199020385742,0.10093759000301361,0.19553619623184204,1.7192709492519498e-05,-0.04179586097598076,0.07454073429107666,-17.999656677246094,0.09988819807767868,0.19245831668376923,0.0027052934747189283,7.192546036094427e-06,-0.0987054705619812,-0.1890539973974228,1.4963775356591213e-05,4.880795955657959,4.426150321960449,3.9837961196899414,4.7089924812316895,0.003066406352445483,-0.004599609412252903,-0.0015332031762227416,-0.003066406352445483,0.0,0.0023735645227134228,-0.009291139431297779,-0.0029040805529803038,0.008736377581954002,0.0,-0.07632020860910416,0.5752516984939575,-10.049907684326172,-0.012387510389089584,0.020522190257906914,-3.2683072090148926,0.0,0.0,0.0,0.0,0.0,0.0,0.0,0.0,0.0,0.0,0.0,0.0,-0.004970369394868612,-0.0027643702924251556,0.006119892001152039,0.002591349184513092,0.13835085928440094,0.12381632626056671,0.11890935897827148,0.13044315576553345,-0.029606526717543602,0.04442131891846657,-0.0973929613828659,0.0,0.0,0.0,0.0,0.0,0.0,0.0
9476153234,0,0.0029761595651507378,-0.0411703884601593,-0.13788406550884247,6.569455581484362e-05,-0.04113857448101044,-0.5372496843338013,0.0006048781215213239,-0.006542057730257511,-0.01874619722366333,-0.0058209593407809734,6.362827843986452e-05,-0.3993656039237976,-0.012455758638679981,-0.024630511179566383,-0.004574669059365988,0.0,0.0,-0.0047828578390181065,0.0028762249276041985,-0.0029258595313876867,-0.0008684460772201419,0.09899809211492538,0.19581273198127747,-6.573431164724752e-05,-0.10854574292898178,-0.027028122916817665,-17.94744873046875,0.09725914895534515,0.19909363985061646,-0.0017051452305167913,6.108257366577163e-06,-0.0987054705619812,-0.1890539973974228,1.4963775356591213e-05,4.939461708068848,4.3781280517578125,4.036526679992676,4.6967692375183105,0.0015332031762227416,-0.003066406352445483,-0.0015332031762227416,-0.003066406352445483,0.0,-0.00970282033085823,-0.006581443827599287,0.011876634322106838,0.006137763615697622,0.0,-0.566464364528656,-0.16394807398319244,-9.822452545166016,-0.008699791505932808,0.01772153191268444,-3.281944990158081,0.0,0.0,0.0,0.0,0.0,0.0,0.0,0.0,0.0,0.0,0.0,0.0,-0.003995969425886869,-0.004680659156292677,0.004913664422929287,0.004392096772789955,0.13835085928440094,0.12381632626056671,0.11890935897827148,0.13044315576553345,0.14256854355335236,-0.1018766462802887,-0.02432958036661148,0.0,0.0,0.0,0.0,0.0,0.0,0.0
9486068765,0,0.0029761595651507378,-0.0411703884601593,-0.13788406550884247,6.569455581484362e-05,-0.04113857448101044,-0.5392496585845947,0.0006048781215213239,-0.006542057730257511,-0.01874619722366333,-0.006236341781914234,5.700467590941116e-05,-0.40135812759399414,-0.012455758638679981,-0.024630511179566383,-0.004574669059365988,0.0,0.0,-0.0047828578390181065,0.0028762249276041985,-0.0029258595313876867,-0.0008684460772201419,0.09899809211492538,0.19581273198127747,-6.573431164724752e-05,-0.04784885421395302,0.09746842831373215,-18.050697326660156,0.0950377956032753,0.19916163384914398,0.0009899178985506296,5.457011411635904e-06,-0.09868694841861725,-0.18935982882976532,-1.8661070498637855e-05,4.939461708068848,4.3781280517578125,4.036526679992676,4.6967692375183105,0.0,-0.0015332031762227416,-0.0015332031762227416,-0.003066406352445483,0.0,0.003552844747900963,-0.01173393428325653,-0.004344648215919733,0.01094037014991045,0.0,-0.566464364528656,-0.16394807398319244,-9.822452545166016,-0.01698938012123108,0.01063159666955471,-3.347871780395508,0.0,0.0,0.0,0.0,0.0,0.0,0.0,0.0,0.0,0.0,0.0,0.0,-0.003401203779503703,-0.006336556281894445,0.004175106063485146,0.0059412806294858456,0.1374833881855011,0.12787692248821259,0.11864100396633148,0.13426338136196136,0.14256854355335236,-0.1018766462802887,-0.02432958036661148,0.0,0.0,0.0,0.0,0.0,0.0,0.0
9495808895,0,0.0031838498543947935,-0.04116707667708397,-0.13789154589176178,6.569455581484362e-05,-0.04113857448101044,-0.5392496585845947,0.004215487278997898,-0.0029055399354547262,-0.013088539242744446,-0.006236341781914234,5.700467590941116e-05,-0.40135812759399414,-0.012500610202550888,-0.024446815252304077,-0.004707885906100273,0.0,0.0,-0.0047828578390181065,0.0023553597275167704,8.942052954807878e-05,-0.003248244524002075,0.09955993294715881,0.19521363079547882,-1.3674805813934654e-05,-0.12305288016796112,0.039588816463947296,-18.265357971191406,0.09662461280822754,0.19327813386917114,0.003927444573491812,5.4432134675153065e-06,-0.09868712723255157,-0.18950967490673065,-8.772214641794562e-05,4.913053512573242,4.5167131423950195,4.023318290710449,4.812434673309326,0.0,0.0,0.003066406352445483,-0.0015332031762227416,0.0,-0.006005076225847006,-0.012730088084936142,0.0073360297828912735,0.011950249783694744,0.0,-0.14890655875205994,0.22049634158611298,-9.41990852355957,-0.01698938012123108,0.01063159666955471,-3.347871780395508,0.0,0.0,0.0,0.0,0.0,0.0,0.0,0.0,0.0,0.0,0.0,0.0,-0.002877911552786827,-0.007955171167850494,0.0035269150976091623,0.007450690492987633,0.13894154131412506,0.12819747626781464,0.11964887380599976,0.1346103698015213,0.038012102246284485,0.09822862595319748,-0.14266565442085266,0.0,0.0,0.0,0.0,0.0,0.0,0.0
9506410709,0,0.00330135109834373,-0.04118409380316734,-0.13785654306411743,6.569455581484362e-05,-0.04113857448101044,-0.5402496457099915,0.003919112961739302,-0.009952772408723831,-0.009168639779090881,-0.006471345666795969,9.103910269914195e-05,-0.402393102645874,-0.012560426257550716,-0.024633219465613365,-0.004706414416432381,0.0,0.0,-0.0047828578390181065,0.0008149524801410735,-0.0013974403264001012,-0.0019348107744008303,0.09955993294715881,0.19521363079547882,-1.3674805813934654e-05,-0.09537108987569809,0.13737782835960388,-18.632081985473633,0.09662461280822754,0.19327813386917114,0.003927444573491812,5.4432134675153065e-06,-0.09868712723255157,-0.18950967490673065,-8.772214641794562e-05,5.078174114227295,4.542993068695068,4.169075965881348,4.8419413566589355,0.003066406352445483,0.0,0.0015332031762227416,0.0015332031762227416,0.0,0.0029257673304528,-0.018113112077116966,-0.0035609183833003044,0.016997123137116432,0.0,-0.4125271439552307,-0.16570335626602173,-9.465054512023926,-0.017340198159217834,0.0249777864664793,-3.387651205062866,0.0,0.0,0.0,0.0,0.0,0.0,0.0,0.0,0.0,0.0,0.0,0.0,-0.002344677224755287,-0.00983470119535923,0.0028694653883576393,0.00920956116169691,0.13894154131412506,0.12819747626781464,0.11964887380599976,0.1346103698015213,-0.04912516847252846,-0.007848521694540977,0.005692820064723492,0.0,0.0,0.0,0.0,0.0,0.0,0.0
9516553365,0,0.00330135109834373,-0.04118409380316734,-0.13785654306411743,6.569455581484362e-05,-0.04113857448101044,-0.5402496457099915,0.003919112961739302,-0.009952772408723831,-0.009168639779090881,-0.006471345666795969,9.103910269914195e-05,-0.402393102645874,-0.012560426257550716,-0.024633219465613365,-0.004706414416432381,0.0,0.0,-0.0047828578390181065,0.0008149524801410735,-0.0013974403264001012,-0.0019348107744008303,0.09955993294715881,0.19521363079547882,-1.3674805813934654e-05,-0.09537108987569809,0.13737782835960388,-18.632081985473633,0.09923623502254486,0.19668956100940704,0.0013764325994998217,7.491041742468951e-06,-0.0987357348203659,-0.18983453512191772,-2.9294293199200183e-05,5.078174114227295,4.542993068695068,4.169075965881348,4.8419413566589355,0.0015332031762227416,-0.003066406352445483,0.0015332031762227416,0.0,0.0,0.0029262057505548,-0.01811262220144272,-0.0035603861324489117,0.016997581347823143,0.0,-0.4125271439552307,-0.16570335626602173,-9.465054512023926,-0.017340198159217834,0.0249777864664793,-3.387651205062866,0.0,0.0,0.0,0.0,0.0,0.0,0.0,0.0,0.0,0.0,0.0,0.0,-0.0015218612970784307,-0.012038318440318108,0.0018622634233906865,0.01127881184220314,0.1459093689918518,0.1230865865945816,0.12667222321033478,0.1299479901790619,-0.04912516847252846,-0.007848521694540977,0.005692820064723492,0.0,0.0,0.0,0.0,0.0,0.0,0.0
9526283821,0,0.0035052523016929626,-0.04127352312207222,-0.13775303959846497,6.569455581484362e-05,-0.04113857448101044,-0.5422496199607849,0.0028628860600292683,-0.0036671666894108057,-0.01209988072514534,-0.006879149936139584,0.0002698986208997667,-0.40449658036231995,-0.012451650574803352,-0.024729635566473007,-0.004368640016764402,0.0,0.0,-0.0047828578390181065,0.0040494706481695175,-0.004664271138608456,0.007903438061475754,0.09850138425827026,0.19589202105998993,-0.0002801950031425804,-0.08831808716058731,0.06977680325508118,-18.613719940185547,0.09246828407049179,0.20174559950828552,-0.009620643220841885,1.0834038221219089e-05,-0.0987357348203659,-0.18983453512191772,-2.9294293199200183e-05,5.3459062576293945,4.245242595672607,4.441991806030273,4.580612659454346,-0.0015332031762227416,-0.006132812704890966,0.0015332031762227416,0.0,0.0,-0.0012240310898050666,-0.013164103962481022,0.001478416146710515,0.01220538467168808,0.0,-0.008426851592957973,0.680204451084137,-10.125643730163574,-0.016057834029197693,0.012686692178249359,-3.384312868118286,0.0,0.0,0.0,0.0,0.0,0.0,0.0,0.0,0.0,0.0,0.0,0.0,-0.00048787923878990114,-0.014014696702361107,0.0005987072945572436,0.013130668550729752,0.1459093689918518,0.1230865865945816,0.12667222321033478,0.1299479901790619,0.19836270809173584,-0.11893036216497421,0.3472083806991577,0.0,0.0,0.0,0.0,0.0,0.0,0.0
9536846780,0,0.0036200101021677256,-0.04126632213592529,-0.13772881031036377,6.569455581484362e-05,-0.04113857448101044,-0.5432496070861816,0.0064523108303546906,-0.004690955393016338,-0.013190828263759613,-0.007108666468411684,0.000255496590398252,-0.40552079677581787,-0.012281876988708973,-0.024778272956609726,-0.004366769455373287,0.0,0.0,-0.0047828578390181065,0.012015065178275108,-0.006427162792533636,0.009592358022928238,0.09542820602655411,0.19754405319690704,-0.00045073911314830184,-0.08831808716058731,0.06977680325508118,-18.613719940185547,0.09246828407049179,0.20174559950828552,-0.009620643220841885,1.0834038221219089e-05,-0.09865810722112656,-0.19006028771400452,0.000139702096930705,5.346144676208496,4.207396984100342,4.4732279777526855,4.59721565246582,0.0,-0.0076660155318677425,0.0015332031762227416,0.003066406352445483,0.0,-0.0012239774223417044,-0.01328252349048853,0.0014680922031402588,0.01216130331158638,0.0,-0.4133768081665039,-0.04427741467952728,-10.3388090133667,-0.023757923394441605,0.014543639495968819,-3.386173963546753,0.0,0.0,0.0,0.0,0.0,0.0,0.0,0.0,0.0,0.0,0.0,0.0,7.626606384292245e-05,-0.015063492581248283,-9.332002082373947e-05,0.014089732430875301,0.14661067724227905,0.12143892794847488,0.1280413120985031,0.12973028421401978,0.4849320948123932,-0.13041836023330688,0.26093950867652893,0.0,0.0,0.0,0.0,0.0,0.0,0.0
9548714362,0,0.0036200101021677256,-0.04126632213592529,-0.13772881031036377,6.569455581484362e-05,-0.04113857448101044,-0.5462495684623718,0.0064523108303546906,-0.004690955393016338,-0.013190828263759613,-0.007659499067813158,0.0003623235388658941,-0.40845823287963867,-0.012281876988708973,-0.024778272956609726,-0.004366769455373287,0.0,0.0,-0.0047828578390181065,0.012015065178275108,-0.006427162792533636,0.009592358022928238,0.09542820602655411,0.19754405319690704,-0.00045073911314830184,-0.13066858053207397,0.07999001443386078,-18.62395668029785,0.07856381684541702,0.20527540147304535,-0.010147438384592533,5.720380613638554e-06,-0.09865810722112656,-0.19006028771400452,0.000139702096930705,5.346144676208496,4.207396984100342,4.4732279777526855,4.59721565246582,0.0,-0.009199218824505806,0.003066406352445483,0.004599609412252903,0.0,-0.003350338898599148,-0.01770137809216976,0.004006915260106325,0.01620296761393547,0.0,-0.4133768081665039,-0.04427741467952728,-10.3388090133667,-0.023524001240730286,0.014890054240822792,-3.4032182693481445,0.0,0.0,0.0,0.0,0.0,0.0,0.0,0.0,0.0,0.0,0.0,0.0,1.5693920431658626e-05,-0.01544905360788107,-2.7947724447585642e-05,0.014394047670066357,0.14661067724227905,0.12143892794847488,0.1280413120985031,0.12973028421401978,0.4849320948123932,-0.13041836023330688,0.26093950867652893,0.0,0.0,0.0,0.0,0.0,0.0,0.0
9555998960,0,0.0038954250048846006,-0.04131973534822464,-0.13779132068157196,6.569455581484362e-05,-0.04113857448101044,-0.5462495684623718,0.005931141786277294,-0.004704828839749098,-0.015852132812142372,-0.007659499067813158,0.0003623235388658941,-0.40845823287963867,-0.012390142306685448,-0.024303952232003212,-0.004687077831476927,0.0,0.0,-0.0047828578390181065,0.0032381515484303236,0.007106148172169924,-0.0037738990504294634,0.09848139435052872,0.19321449100971222,6.574577855644748e-05,-0.08787492662668228,0.09994997084140778,-18.499969482421875,0.09766605496406555,0.18109306693077087,0.007119441870599985,-1.7783435396268032e-05,-0.09839766472578049,-0.19042712450027466,0.00021518900757655501,4.875782012939453,4.674472808837891,4.0182414054870605,4.931506156921387,-0.003066406352445483,-0.0076660155318677425,0.003066406352445483,0.006132812704890966,0.0,0.0008716225274838507,-0.014210733585059643,-0.0010672578355297446,0.013462180271744728,0.0,-0.24742265045642853,0.27260664105415344,-9.800013542175293,-0.023524001240730286,0.014890054240822792,-3.4032182693481445,0.0,0.0,0.0,0.0,0.0,0.0,0.0,0.0,0.0,0.0,0.0,0.0,-0.00034236127976328135,-0.015689413994550705,0.0003975439176429063,0.01456462126225233,0.13727568089962006,0.13049669563770294,0.11909639835357666,0.1363646537065506,-0.24228133261203766,0.5015268921852112,-0.42219245433807373,0.0,0.0,0.0,0.0,0.0,0.0,0.0
9566064715,0,0.0038954250048846006,-0.04131973534822464,-0.13779132068157196,6.569455581484362e-05,-0.04113857448101044,-0.5462495684623718,0.005931141786277294,-0.004704828839749098,-0.015852132812142372,-0.007659499067813158,0.0003623235388658941,-0.40845823287963867,-0.012390142306685448,-0.024303952232003212,-0.004687077831476927,0.0,0.0,-0.0047828578390181065,0.0032381515484303236,0.007106148172169924,-0.0037738990504294634,0.09848139435052872,0.19321449100971222,6.574577855644748e-05,-0.08787492662668228,0.09994997084140778,-18.499969482421875,0.09766605496406555,0.18109306693077087,0.007119441870599985,-1.7783435396268032e-05,-0.09846487641334534,-0.19046033918857574,0.0001318019931204617,4.875782012939453,4.674472808837891,4.0182414054870605,4.931506156921387,-0.003066406352445483,-0.0076660155318677425,0.0015332031762227416,0.006132812704890966,0.0,0.0008716225274838507,-0.014210733585059643,-0.0010672578355297446,0.013462180271744728,0.0,-0.5615713000297546,-0.1797027438879013,-9.557906150817871,-0.023524001240730286,0.014890054240822792,-3.4032182693481445,0.0,0.0,0.0,0.0,0.0,0.0,0.0,0.0,0.0,0.0,0.0,0.0,-0.0004892108263447881,-0.01569579914212227,0.000570590840652585,0.014571518637239933,0.14023643732070923,0.13154631853103638,0.12057766318321228,0.1369200199842453,-0.24228133261203766,0.5015268921852112,-0.42219245433807373,0.0,0.0,0.0,0.0,0.0,0.0,0.0
9575941506,0,0.004049153067171574,-0.04135425388813019,-0.13779959082603455,6.569455581484362e-05,-0.04113857448101044,-0.5482495427131653,0.0026337355375289917,-0.005755915772169828,-0.0161451268941164,-0.007966957055032253,0.00043136096792295575,-0.41044995188713074,-0.012448005378246307,-0.024658894166350365,-0.004468879196792841,0.0,0.0,-0.0047828578390181065,-0.006517931818962097,0.0012527875369414687,-0.0008732799906283617,0.09893226623535156,0.19604045152664185,-0.0001925717224366963,-0.08787492662668228,0.09994997084140778,-18.499969482421875,0.09766605496406555,0.18109306693077087,0.007119441870599985,-1.7783435396268032e-05,-0.09846487641334534,-0.19046033918857574,0.0001318019931204617,5.172957897186279,4.5552544593811035,4.231238842010498,4.826275825500488,-0.003066406352445483,-0.009199218824505806,0.0,0.006132812704890966,0.0,0.000821548979729414,-0.0145826805382967,-0.001013535656966269,0.01375571545213461,0.0,-0.5615713000297546,-0.1797027438879013,-9.557906150817871,-0.017954783514142036,0.017268795520067215,-3.4243886470794678,0.0,0.0,0.0,0.0,0.0,0.0,0.0,0.0,0.0,0.0,0.0,0.0,-0.00031263241544365883,-0.01544206216931343,0.0003559481119737029,0.014383749105036259,0.14023643732070923,0.13154631853103638,0.12057766318321228,0.1369200199842453,-0.362957239151001,-0.1693734973669052,0.07672777771949768,0.0,0.0,0.0,0.0,0.0,0.0,0.0
9587231753,0,0.0041153584606945515,-0.04136098921298981,-0.13778920471668243,6.569455581484362e-05,-0.04113857448101044,-0.549249529838562,0.00914296880364418,0.0007821350009180605,-0.009607959538698196,-0.008099368773400784,0.0004448317049536854,-0.41146034002304077,-0.012555748224258423,-0.024765394628047943,-0.004337110556662083,0.0,0.0,-0.0047828578390181065,-0.005369520280510187,-0.005995633080601692,0.0052899885922670364,0.0997832790017128,0.19688977301120758,-0.00034828251227736473,-0.08787492662668228,0.09994997084140778,-18.499969482421875,0.09766605496406555,0.18109306693077087,0.007119441870599985,-1.7783435396268032e-05,-0.09846487641334534,-0.19046033918857574,0.0001318019931204617,5.460391044616699,4.448956489562988,4.4956865310668945,4.767648696899414,-0.004599609412252903,-0.012265625409781933,-0.0015332031762227416,0.006132812704890966,0.0,0.0007783049950376153,-0.01493112463504076,-0.0009539135498926044,0.013924876227974892,0.0,0.009352085180580616,0.49375516176223755,-9.517475128173828,-0.03165791928768158,0.004440246149897575,-3.4858951568603516,0.0,0.0,0.0,0.0,0.0,0.0,0.0,0.0,0.0,0.0,0.0,0.0,-1.618661917746067e-05,-0.015157606452703476,-2.050626790151e-06,0.014169774949550629,0.14567500352859497,0.12659426033496857,0.1252080649137497,0.13282188773155212,-0.10311762988567352,-0.42138856649398804,0.3155393600463867,0.0,0.0,0.0,0.0,0.0,0.0,0.0
9597916346,0,0.0041153584606945515,-0.04136098921298981,-0.13778920471668243,6.569455581484362e-05,-0.04113857448101044,-0.549249529838562,0.00914296880364418,0.0007821350009180605,-0.009607959538698196,-0.008099368773400784,0.0004448317049536854,-0.41146034002304077,-0.012555748224258423,-0.024765394628047943,-0.004337110556662083,0.0,0.0,-0.0047828578390181065,-0.005369520280510187,-0.005995633080601692,0.0052899885922670364,0.09755437821149826,0.1980912834405899,-0.00044007657561451197,-0.1741185486316681,0.02442135289311409,-19.17242431640625,0.10506579279899597,0.20769919455051422,-0.007396890316158533,-3.2118285162141547e-05,-0.09860211610794067,-0.19109991192817688,0.00039882067358121276,5.460391044616699,4.448956489562988,4.4956865310668945,4.767648696899414,-0.003066406352445483,-0.012265625409781933,-0.0015332031762227416,0.010732421651482582,0.0,-0.00969924870878458,-0.01578623801469803,0.011765112169086933,0.01471628062427044,0.0,0.009352085180580616,0.49375516176223755,-9.517475128173828,-0.03165791928768158,0.004440246149897575,-3.4858951568603516,0.0,0.0,0.0,0.0,0.0,0.0,0.0,0.0,0.0,0.0,0.0,0.0,-0.00020513914932962507,-0.014999289065599442,0.0002302377251908183,0.01404805388301611,0.14643339812755585,0.12792180478572845,0.12769988179206848,0.1355762630701065,-0.10311762988567352,-0.42138856649398804,0.3155393600463867,0.0,0.0,0.0,0.0,0.0,0.0,0.0
9605846217,0,0.004291927441954613,-0.04135052114725113,-0.13768397271633148,6.569455581484362e-05,-0.04113857448101044,-0.5512495040893555,0.00650652963668108,0.0027465797029435635,-0.012066478841006756,-0.00845250766724348,0.0004238954570610076,-0.4135655164718628,-0.012239084579050541,-0.02479156106710434,-0.0043628280982375145,0.0,0.0,-0.0047828578390181065,0.0066491360776126385,-0.005116661544889212,0.005662919022142887,0.09635346382856369,0.19684278964996338,-0.0003896277630701661,-0.1491747349500656,0.0013071070425212383,-19.180383682250977,0.08554054796695709,0.2019241452217102,-0.005051957909017801,-4.993792390450835e-05,-0.09860211610794067,-0.19109991192817688,0.00039882067358121276,5.3651251792907715,4.488154411315918,4.477694988250732,4.8496623039245605,0.003066406352445483,-0.013798828236758709,0.0,0.015332031063735485,0.0,-0.00975451897829771,-0.011866544373333454,0.011663591489195824,0.010959556326270103,0.0,-0.4433499872684479,0.15849031507968903,-10.20681381225586,-0.027122678235173225,0.00023765582591295242,-3.487342357635498,0.0,0.0,0.0,0.0,0.0,0.0,0.0,0.0,0.0,0.0,0.0,0.0,-0.0015691909939050674,-0.014846369624137878,0.0018815433140844107,0.013901682570576668,0.14643339812755585,0.12792180478572845,0.12769988179206848,0.1355762630701065,0.4163777530193329,0.003529677400365472,0.056248556822538376,0.0,0.0,0.0,0.0,0.0,0.0,0.0
9616167564,0,0.004291927441954613,-0.04135052114725113,-0.13768397271633148,6.569455581484362e-05,-0.04113857448101044,-0.5512495040893555,0.00650652963668108,0.0027465797029435635,-0.012066478841006756,-0.00845250766724348,0.0004238954570610076,-0.4135655164718628,-0.012239084579050541,-0.02479156106710434,-0.0043628280982375145,0.0,0.0,-0.0047828578390181065,0.009327426552772522,0.006351596675813198,-0.001837079762481153,0.09635346382856369,0.19684278964996338,-0.0003896277630701661,-0.16470205783843994,0.025807376950979233,-19.022842407226562,0.08416887372732162,0.18325014412403107,0.004380024503916502,-6.685542757622898e-05,-0.09838788956403732,-0.1912713497877121,0.00039621800533495843,5.059159278869629,4.711175918579102,4.233284950256348,5.019540786743164,0.0015332031762227416,-0.013798828236758709,0.0,0.013798828236758709,0.0,-0.009721008129417896,-0.014312822371721268,0.011583232320845127,0.013404530473053455,0.0,-0.4433499872684479,0.15849031507968903,-10.20681381225586,-0.027122678235173225,0.00023765582591295242,-3.487342357635498,0.0,0.0,0.0,0.0,0.0,0.0,0.0,0.0,0.0,0.0,0.0,0.0,-0.003746368456631899,-0.014514977112412453,0.004499705508351326,0.013572887517511845,0.14020222425460815,0.1326921582221985,0.12207870185375214,0.13879914581775665,0.29500657320022583,0.5175098180770874,-0.3022446930408478,0.0,0.0,0.0,0.0,0.0,0.0,0.0
9625951555,0,0.004436012357473373,-0.041309136897325516,-0.1377112865447998,6.569455581484362e-05,-0.04113857448101044,-0.5532494783401489,0.004276889842003584,-0.0007835653959773481,-0.019447699189186096,-0.008740679360926151,0.0003411265497561544,-0.4155381917953491,-0.012116819620132446,-0.024425283074378967,-0.004483444150537252,0.0,0.0,-0.0047828578390181065,0.003361666342243552,0.006309655029326677,-0.0034641423262655735,0.09715243428945541,0.19489407539367676,-0.0002978960401378572,-0.16470205783843994,0.025807376950979233,-19.022842407226562,0.08416887372732162,0.18325014412403107,0.004380024503916502,-6.685542757622898e-05,-0.09838788956403732,-0.1912713497877121,0.00039621800533495843,5.057502746582031,4.73418664932251,4.188866138458252,5.017208576202393,0.0,-0.013798828236758709,0.0,0.016865234822034836,0.0,-0.009724191389977932,-0.014243247918784618,0.011706063523888588,0.013410761952400208,0.0,-0.009867525659501553,-0.10695616155862808,-9.868971824645996,-0.022757377475500107,0.006927486974745989,-3.4540460109710693,0.0,0.0,0.0,0.0,0.0,0.0,0.0,0.0,0.0,0.0,0.0,0.0,-0.005921307019889355,-0.014198629185557365,0.007103826384991407,0.01326761208474636,0.14020222425460815,0.1326921582221985,0.12207870185375214,0.13879914581775665,-0.14305543899536133,0.26998141407966614,-0.259418249130249,0.0,0.0,0.0,0.0,0.0,0.0,0.0
9636417232,0,0.004572421777993441,-0.041342537850141525,-0.13774923980236053,6.569455581484362e-05,-0.04113857448101044,-0.5552494525909424,0.00661756657063961,-0.004094727803021669,-0.018716441467404366,-0.00901349913328886,0.0004079287755303085,-0.41750019788742065,-0.012594015337526798,-0.024800963699817657,-0.004363511223345995,0.0,0.0,-0.0047828578390181065,-0.007550536189228296,0.0011542950524017215,-0.003173511242493987,0.10008841007947922,0.19717201590538025,-0.0003157663159072399,-0.16078002750873566,0.023909812793135643,-19.25550651550293,0.11334460228681564,0.19567415118217468,0.003463761182501912,-8.52681405376643e-05,-0.09842167794704437,-0.19134794175624847,0.0003150696284137666,5.204832077026367,4.771635055541992,4.249764442443848,5.0299553871154785,-0.0015332031762227416,-0.015332031063735485,0.0015332031762227416,0.013798828236758709,0.0,-0.00931524857878685,-0.013704412616789341,0.011365166865289211,0.012963701970875263,0.0,-0.4552818536758423,0.2054867148399353,-9.92271900177002,-0.028489215299487114,0.014119349420070648,-3.4833641052246094,0.0,0.0,0.0,0.0,0.0,0.0,0.0,0.0,0.0,0.0,0.0,0.0,-0.007673691492527723,-0.014029629528522491,0.00921241007745266,0.013122976757586002,0.14306434988975525,0.13392706215381622,0.1228557676076889,0.13938139379024506,-0.5858789682388306,-0.09578727930784225,-0.11248477548360825,0.0,0.0,0.0,0.0,0.0,0.0,0.0
9646676343,0,0.004572421777993441,-0.041342537850141525,-0.13774923980236053,6.569455581484362e-05,-0.04113857448101044,-0.5552494525909424,0.00661756657063961,-0.004094727803021669,-0.018716441467404366,-0.00901349913328886,0.0004079287755303085,-0.41750019788742065,-0.012594015337526798,-0.024800963699817657,-0.004363511223345995,0.0,0.0,-0.0047828578390181065,-0.007550536189228296,0.0011542950524017215,-0.003173511242493987,0.10008841007947922,0.19717201590538025,-0.0003157663159072399,-0.16078002750873566,0.023909812793135643,-19.25550651550293,0.11334460228681564,0.19567415118217468,0.003463761182501912,-8.52681405376643e-05,-0.09883232414722443,-0.1917571723461151,0.00016515268362127244,5.204832077026367,4.771635055541992,4.249764442443848,5.0299553871154785,-0.003066406352445483,-0.015332031063735485,0.0015332031762227416,0.0076660155318677425,0.0,-0.00931524857878685,-0.013704412616789341,0.011365166865289211,0.012963701970875263,0.0,-0.4552818536758423,0.2054867148399353,-9.92271900177002,-0.028489215299487114,0.014119349420070648,-3.4833641052246094,0.0,0.0,0.0,0.0,0.0,0.0,0.0,0.0,0.0,0.0,0.0,0.0,-0.008857311680912971,-0.013911359012126923,0.01066240482032299,0.013043075799942017,0.14288751780986786,0.13448086380958557,0.12132252752780914,0.14067362248897552,-0.5858789682388306,-0.09578727930784225,-0.11248477548360825,0.0,0.0,0.0,0.0,0.0,0.0,0.0
9656393705,0,0.004684521351009607,-0.04134711995720863,-0.13778600096702576,6.569455581484362e-05,-0.04113857448101044,-0.5572494268417358,0.005666657816618681,0.0006659076898358762,-0.015161175280809402,-0.009237700141966343,0.0004170930478721857,-0.4194634258747101,-0.012660469859838486,-0.02498559094965458,-0.00464113662019372,0.0,0.0,-0.0047828578390181065,-0.013713267631828785,-0.009379778057336807,-0.006075028330087662,0.10062728077173233,0.19863417744636536,1.9743874872801825e-05,-0.1240796223282814,-0.01676350273191929,-19.262317657470703,0.11636245995759964,0.21110323071479797,0.006329203490167856,-9.463028254685923e-05,-0.09883232414722443,-0.1917571723461151,0.00016515268362127244,5.163365840911865,4.825811386108398,4.151340961456299,5.122753620147705,-0.0076660155318677425,-0.013798828236758709,0.0015332031762227416,0.006132812704890966,0.0,-0.009664083831012249,-0.007883695885539055,0.011970562860369682,0.007386546116322279,0.0,-0.05970637872815132,0.03202622011303902,-9.818620681762695,-0.027460113167762756,0.004813330247998238,-3.536072254180908,0.0,0.0,0.0,0.0,0.0,0.0,0.0,0.0,0.0,0.0,0.0,0.0,-0.00954002421349287,-0.01354648545384407,0.01153313647955656,0.012731848284602165,0.14288751780986786,0.13448086380958557,0.12132252752780914,0.14067362248897552,-0.20219093561172485,-0.30892759561538696,-0.1663493812084198,0.0,0.0,0.0,0.0,0.0,0.0,0.0
9666120021,0,0.004684521351009607,-0.04134711995720863,-0.13778600096702576,6.569455581484362e-05,-0.04113857448101044,-0.5572494268417358,0.005666657816618681,0.0006659076898358762,-0.015161175280809402,-0.009237700141966343,0.0004170930478721857,-0.4194634258747101,-0.012660469859838486,-0.02498559094965458,-0.00464113662019372,0.0,0.0,-0.0047828578390181065,-0.003945637494325638,-0.002154221758246422,-0.008338020183146,0.10062728077173233,0.19863417744636536,1.9743874872801825e-05,-0.15103062987327576,0.02647331729531288,-19.448396682739258,0.10000370442867279,0.19679537415504456,0.008253837935626507,-9.370918269269168e-05,-0.09905466437339783,-0.1921061873435974,-0.000140626187203452,5.115175724029541,4.916738510131836,4.19633150100708,5.221364974975586,-0.0076660155318677425,-0.015332031063735485,0.006132812704890966,0.006132812704890966,0.0,-0.008629238232970238,-0.01278503704816103,0.010470244102180004,0.012000071816146374,0.0,-0.05970637872815132,0.03202622011303902,-9.818620681762695,-0.027460113167762756,0.004813330247998238,-3.536072254180908,0.0,0.0,0.0,0.0,0.0,0.0,0.0,0.0,0.0,0.0,0.0,0.0,-0.009834851138293743,-0.012816725298762321,0.011944949626922607,0.012062544003129005,0.13992387056350708,0.13772374391555786,0.12093088030815125,0.1439906805753708,0.3665463626384735,0.14675147831439972,-0.18281076848506927,0.0,0.0,0.0,0.0,0.0,0.0,0.0
9676268813,0,0.004779682029038668,-0.04132077470421791,-0.1377837210893631,6.569455581484362e-05,-0.04113857448101044,-0.5592494010925293,0.004002721048891544,0.005702235735952854,-0.0135105075314641,-0.009428022429347038,0.0003644022799562663,-0.4214656949043274,-0.012574650347232819,-0.0247197188436985,-0.004903595428913832,0.0,0.0,-0.0047828578390181065,0.0011208560317754745,0.002829743316397071,-0.009007219225168228,0.1000838503241539,0.19811749458312988,0.00012528056686278433,-0.15103062987327576,0.02647331729531288,-19.448396682739258,0.10000370442867279,0.19679537415504456,0.008253837935626507,-9.370918269269168e-05,-0.09904057532548904,-0.19222034513950348,-0.0002931555500254035,5.152761459350586,4.961747646331787,4.272990703582764,5.2626776695251465,-0.004599609412252903,-0.016865234822034836,0.006132812704890966,0.006132812704890966,0.0,-0.008566292934119701,-0.012669052928686142,0.010282397270202637,0.011905866675078869,0.0,-0.42979446053504944,0.3535349667072296,-9.748845100402832,-0.024473654106259346,-0.00532944779843092,-3.5725600719451904,0.0,0.0,0.0,0.0,0.0,0.0,0.0,0.0,0.0,0.0,0.0,0.0,-0.009802217595279217,-0.012220514938235283,0.01193590834736824,0.01150466687977314,0.14446185529232025,0.13523682951927185,0.1255674958229065,0.1422823816537857,0.4244247376918793,0.30976709723472595,-0.09813307970762253,0.0,0.0,0.0,0.0,0.0,0.0,0.0
9686060912,0,0.004838406573981047,-0.04129704833030701,-0.1377759426832199,6.569455581484362e-05,-0.04113857448101044,-0.560249388217926,0.010052265599370003,0.0004264208546373993,-0.01147275697439909,-0.009545471519231796,0.00031694929930381477,-0.4224734306335449,-0.012427972629666328,-0.024850033223628998,-0.004741614684462547,0.0,0.0,-0.0047828578390181065,0.0035102893598377705,-0.001164549496024847,-0.005193282850086689,0.1000838503241539,0.19811749458312988,0.00012528056686278433,-0.20426765084266663,0.027659032493829727,-19.783700942993164,0.09328620880842209,0.1994691640138626,0.0028350194916129112,-7.710501085966825e-05,-0.09904057532548904,-0.19222034513950348,-0.0002931555500254035,5.3279290199279785,4.851194858551025,4.422200679779053,5.18312931060791,-0.004599609412252903,-0.016865234822034836,0.006132812704890966,0.006132812704890966,0.0,-0.011735484004020691,-0.016920819878578186,0.014101313427090645,0.015804750844836235,0.0,-0.08094552904367447,0.050253912806510925,-9.678816795349121,-0.03713957220315933,0.005028915125876665,-3.597036600112915,0.0,0.0,0.0,0.0,0.0,0.0,0.0,0.0,0.0,0.0,0.0,0.0,-0.009707209654152393,-0.012211550027132034,0.011811183765530586,0.011488537304103374,0.14446185529232025,0.13523682951927185,0.1255674958229065,0.1422823816537857,0.32873520255088806,-0.01871100626885891,0.12310081720352173,0.0,0.0,0.0,0.0,0.0,0.0,0.0
9697773886,0,0.004838406573981047,-0.04129704833030701,-0.1377759426832199,6.569455581484362e-05,-0.04113857448101044,-0.5622493624687195,0.010052265599370003,0.0004264208546373993,-0.01147275697439909,-0.009744036942720413,0.00025291123893111944,-0.4244861304759979,-0.012427972629666328,-0.024850033223628998,-0.004741614684462547,0.0,0.0,-0.0047828578390181065,0.0035102893598377705,-0.001164549496024847,-0.005193282850086689,0.1000838503241539,0.19811749458312988,0.00012528056686278433,-0.20426765084266663,0.027659032493829727,-19.783700942993164,0.09328620880842209,0.1994691640138626,0.0028350194916129112,-7.710501085966825e-05,-0.09902368485927582,-0.19258412718772888,-0.000255160266533494,5.3279290199279785,4.851194858551025,4.422200679779053,5.18312931060791,-0.006132812704890966,-0.016865234822034836,0.0076660155318677425,0.0076660155318677425,0.0,-0.011735484004020691,-0.016920819878578186,0.014101313427090645,0.015804750844836235,0.0,-0.08094552904367447,0.050253912806510925,-9.678816795349121,-0.022610893473029137,0.005644149146974087,-3.597904682159424,0.0,0.0,0.0,0.0,0.0,0.0,0.0,0.0,0.0,0.0,0.0,0.0,-0.00988855492323637,-0.012879988178610802,0.011996258981525898,0.012097199447453022,0.15273521840572357,0.1291784793138504,0.13255175948143005,0.135997012257576,0.32873520255088806,-0.01871100626885891,0.12310081720352173,0.0,0.0,0.0,0.0,0.0,0.0,0.0
9707394244,0,0.004937688820064068,-0.04126502946019173,-0.13776323199272156,6.569455581484362e-05,-0.04113857448101044,-0.5622493624687195,0.002455814741551876,0.00019349386275280267,-0.014354883693158627,-0.009744036942720413,0.00025291123893111944,-0.4244861304759979,-0.012686667963862419,-0.02516869641840458,-0.004503037314862013,0.0,0.0,-0.0047828578390181065,-0.001092312391847372,-0.005901429336518049,0.008161303587257862,0.10146380960941315,0.1980615109205246,-0.0001931797742145136,-0.12435991317033768,0.03104281984269619,-19.788475036621094,0.10338559746742249,0.20506049692630768,-0.010851352475583553,-5.721078923670575e-05,-0.09907087683677673,-0.1928129494190216,-9.752379992278293e-05,5.69631290435791,4.516436576843262,4.740751266479492,4.8358564376831055,-0.006132812704890966,-0.016865234822034836,0.0076660155318677425,0.0076660155318677425,0.0,-0.005802869331091642,-0.012179226614534855,0.006946291774511337,0.011349002830684185,0.0,-0.5050199627876282,0.07859323918819427,-9.830097198486328,-0.022610893473029137,0.005644149146974087,-3.597904682159424,0.0,0.0,0.0,0.0,0.0,0.0,0.0,0.0,0.0,0.0,0.0,0.0,-0.010044869035482407,-0.013735640794038773,0.01214564684778452,0.012875138781964779,0.15119709074497223,0.12901543080806732,0.13081146776676178,0.13556915521621704,-0.08294732868671417,-0.1097552627325058,0.46427011489868164,0.0,0.0,0.0,0.0,0.0,0.0,0.0
9716645865,0,0.004963776096701622,-0.04126185178756714,-0.13779324293136597,6.569455581484362e-05,-0.04113857448101044,-0.5632493495941162,0.008049994707107544,-0.0007647531456314027,-0.019962986931204796,-0.009796212427318096,0.0002465558354742825,-0.42545610666275024,-0.01267968025058508,-0.0249819066375494,-0.004378992132842541,0.0,0.0,-0.0047828578390181065,-0.001092312391847372,-0.005901429336518049,0.008161303587257862,0.101579450070858,0.19937027990818024,-0.00021242420189082623,-0.12435991317033768,0.03104281984269619,-19.788475036621094,0.10338559746742249,0.20506049692630768,-0.010851352475583553,-5.721078923670575e-05,-0.09907087683677673,-0.1928129494190216,-9.752379992278293e-05,5.69631290435791,4.516436576843262,4.740751266479492,4.8358564376831055,-0.006132812704890966,-0.013798828236758709,0.009199218824505806,0.0076660155318677425,0.0,-0.005802869331091642,-0.012179226614534855,0.006946291774511337,0.011349002830684185,0.0,-0.401322603225708,-0.15063126385211945,-9.841048240661621,-0.033548757433891296,0.007380029186606407,-3.5645241737365723,0.0,0.0,0.0,0.0,0.0,0.0,0.0,0.0,0.0,0.0,0.0,0.0,-0.00961266364902258,-0.014087997376918793,0.011589768342673779,0.013181674294173717,0.15119709074497223,0.12901543080806732,0.13081146776676178,0.13556915521621704,-0.08294732868671417,-0.1097552627325058,0.46427011489868164,0.0,0.0,0.0,0.0,0.0,0.0,0.0
9726128035,0,0.004963776096701622,-0.04126185178756714,-0.13779324293136597,6.569455581484362e-05,-0.04113857448101044,-0.5632493495941162,0.008049994707107544,-0.0007647531456314027,-0.019962986931204796,-0.009796212427318096,0.0002465558354742825,-0.42545610666275024,-0.01267968025058508,-0.0249819066375494,-0.004378992132842541,0.0,0.0,-0.0047828578390181065,-0.0038732895627617836,-0.004373162519186735,0.0071662128902971745,0.101579450070858,0.19937027990818024,-0.00021242420189082623,-0.18451815843582153,0.040590159595012665,-19.604883193969727,0.10724733024835587,0.20337127149105072,-0.007470732554793358,-5.628262442769483e-05,-0.09907087683677673,-0.1928129494190216,-9.752379992278293e-05,5.5688796043396,4.563917636871338,4.607242107391357,4.865726470947266,-0.009199218824505806,-0.010732421651482582,0.012265625409781933,0.0076660155318677425,0.0,-0.009148712269961834,-0.017452774569392204,0.011031784117221832,0.01634497568011284,0.0,-0.401322603225708,-0.15063126385211945,-9.841048240661621,-0.033548757433891296,0.007380029186606407,-3.5645241737365723,0.0,0.0,0.0,0.0,0.0,0.0,0.0,0.0,0.0,0.0,0.0,0.0,-0.008851437829434872,-0.014152349904179573,0.010648002848029137,0.013224726542830467,0.15119709074497223,0.12901543080806732,0.13081146776676178,0.13556915521621704,-0.1794588416814804,0.03721661493182182,0.1993037909269333,0.0,0.0,0.0,0.0,0.0,0.0,0.0
9736002681,0,0.005039741285145283,-0.041313186287879944,-0.13788269460201263,6.569455581484362e-05,-0.04113857448101044,-0.5662493109703064,0.009484517388045788,-0.0017167696496471763,-0.018380384892225266,-0.009948142804205418,0.0003492253599688411,-0.42836660146713257,-0.012796196155250072,-0.024791250005364418,-0.00458819093182683,0.0,0.0,-0.0047828578390181065,-0.004449405707418919,0.0027235716115683317,-0.0005311417626217008,0.10170432180166245,0.19709037244319916,-4.324469045968726e-05,-0.1728420853614807,0.08170060813426971,-19.913972854614258,0.10643471777439117,0.19253218173980713,0.0027149831876158714,-6.55355688650161e-05,-0.0992446169257164,-0.19306129217147827,6.247931014513597e-05,5.3742499351501465,4.910683631896973,4.447218418121338,5.182901382446289,-0.009199218824505806,-0.012265625409781933,0.012265625409781933,0.009199218824505806,0.0,-0.0060091782361269,-0.01834178902208805,0.0072297826409339905,0.017350846901535988,0.0,-0.38162127137184143,-0.1620195358991623,-9.716046333312988,-0.036869682371616364,0.009697463363409042,-3.6130056381225586,0.0,0.0,0.0,0.0,0.0,0.0,0.0,0.0,0.0,0.0,0.0,0.0,-0.008232731372117996,-0.014590749517083168,0.009891784749925137,0.013637599535286427,0.14707385003566742,0.13656415045261383,0.12740664184093475,0.1421022266149521,-0.028099114075303078,0.18346138298511505,-0.22835248708724976,0.0,0.0,0.0,0.0,0.0,0.0,0.0
9746209673,0,0.005039741285145283,-0.041313186287879944,-0.13788269460201263,6.569455581484362e-05,-0.04113857448101044,-0.5682492852210999,0.009484517388045788,-0.0017167696496471763,-0.018380384892225266,-0.010030960664153099,0.00048454347415827215,-0.4303539991378784,-0.012796196155250072,-0.024791250005364418,-0.00458819093182683,0.0,0.0,-0.0047828578390181065,-0.004449405707418919,0.0027235716115683317,-0.0005311417626217008,0.10170432180166245,0.19709037244319916,-4.324469045968726e-05,-0.1728420853614807,0.08170060813426971,-19.913972854614258,0.10643471777439117,0.19253218173980713,0.0027149831876158714,-6.55355688650161e-05,-0.09933357685804367,-0.19318167865276337,3.2534386264160275e-05,5.3742499351501465,4.910683631896973,4.447218418121338,5.182901382446289,-0.0076660155318677425,-0.012265625409781933,0.012265625409781933,0.0076660155318677425,0.0,-0.0060091782361269,-0.01834178902208805,0.0072297826409339905,0.017350846901535988,0.0,-0.38162127137184143,-0.1620195358991623,-9.716046333312988,-0.0351913720369339,0.012576591223478317,-3.6596455574035645,0.0,0.0,0.0,0.0,0.0,0.0,0.0,0.0,0.0,0.0,0.0,0.0,-0.00766297010704875,-0.0154575165361166,0.009204047732055187,0.014479448087513447,0.14707385003566742,0.13656415045261383,0.12740664184093475,0.1421022266149521,-0.028099114075303078,0.18346138298511505,-0.22835248708724976,0.0,0.0,0.0,0.0,0.0,0.0,0.0
9755955096,0,0.005081149749457836,-0.04138084501028061,-0.13789527118206024,6.569455581484362e-05,-0.04113857448101044,-0.5682492852210999,0.008295864798128605,-0.0029685376212000847,-0.015295930206775665,-0.010030960664153099,0.00048454347415827215,-0.4303539991378784,-0.012731368653476238,-0.02505878172814846,-0.004636145196855068,0.0,0.0,-0.0047828578390181065,-0.0013814368285238743,-0.003907531965523958,-0.0037501375190913677,0.1011904776096344,0.1992160975933075,1.5375344446511008e-05,-0.12853294610977173,0.12692052125930786,-20.134614944458008,0.10152141749858856,0.20504872500896454,0.00449072290211916,-6.903718167450279e-05,-0.09942112118005753,-0.19349175691604614,-9.583084465702996e-05,5.3965888023376465,4.983363628387451,4.446472644805908,5.30911111831665,-0.006132812704890966,-0.012265625409781933,0.012265625409781933,0.0076660155318677425,0.0,-0.00011954211367992684,-0.018139639869332314,0.00011133303632959723,0.016998274251818657,0.0,-0.15504904091358185,0.23388247191905975,-9.72883415222168,-0.0351913720369339,0.012576591223478317,-3.6596455574035645,0.0,0.0,0.0,0.0,0.0,0.0,0.0,0.0,0.0,0.0,0.0,0.0,-0.006805885583162308,-0.016406705603003502,0.008173118345439434,0.01540706492960453,0.1474112868309021,0.137434720993042,0.12814660370349884,0.14466489851474762,0.1050494909286499,-0.19251012802124023,-0.15975512564182281,0.0,0.0,0.0,0.0,0.0,0.0,0.0
9766065365,0,0.005101128481328487,-0.041430339217185974,-0.13788987696170807,6.569455581484362e-05,-0.04113857448101044,-0.5692492723464966,0.007999964989721775,-0.005736155901104212,-0.013952763751149178,-0.010070918127894402,0.0005835323827341199,-0.4313594102859497,-0.012653596699237823,-0.024945992976427078,-0.00470114266499877,0.0,0.0,-0.0047828578390181065,0.008136476390063763,-0.0033361336681991816,-0.0026325127109885216,0.10057511180639267,0.198318213224411,9.134024003287777e-05,-0.19115987420082092,0.10073184967041016,-20.246379852294922,0.08490129560232162,0.20307832956314087,0.0022264637518674135,-6.652557203778997e-05,-0.09942112118005753,-0.19349175691604614,-9.583084465702996e-05,5.453062534332275,4.931678295135498,4.5593791007995605,5.303275108337402,-0.006132812704890966,-0.015332031063735485,0.010732421651482582,0.009199218824505806,0.0,-0.0058762612752616405,-0.02094198577105999,0.006996367126703262,0.01944713480770588,0.0,-0.14983698725700378,0.34095486998558044,-9.918004989624023,-0.034756340086460114,0.01831488125026226,-3.6811599731445312,0.0,0.0,0.0,0.0,0.0,0.0,0.0,0.0,0.0,0.0,0.0,0.0,-0.00568781653419137,-0.01733190193772316,0.006824481301009655,0.016286134719848633,0.1474112868309021,0.137434720993042,0.12814660370349884,0.14466489851474762,0.531842827796936,-0.08069512993097305,-0.01915491186082363,0.0,0.0,0.0,0.0,0.0,0.0,0.0
9775856316,0,0.005101128481328487,-0.041430339217185974,-0.13788987696170807,6.569455581484362e-05,-0.04113857448101044,-0.57124924659729,0.007999964989721775,-0.005736155901104212,-0.013952763751149178,-0.010173681192100048,0.0007841179030947387,-0.4333503246307373,-0.012653596699237823,-0.024945992976427078,-0.00470114266499877,0.0,0.0,-0.0047828578390181065,0.008136476390063763,-0.0033361336681991816,-0.0026325127109885216,0.10057511180639267,0.198318213224411,9.134024003287777e-05,-0.19115987420082092,0.10073184967041016,-20.246379852294922,0.08490129560232162,0.20307832956314087,0.0022264637518674135,-6.652557203778997e-05,-0.09913700073957443,-0.19380934536457062,-0.00017131722415797412,5.453062534332275,4.931678295135498,4.5593791007995605,5.303275108337402,-0.0076660155318677425,-0.015332031063735485,0.009199218824505806,0.010732421651482582,0.0,-0.0058762612752616405,-0.02094198577105999,0.006996367126703262,0.01944713480770588,0.0,-0.14983698725700378,0.34095486998558044,-9.918004989624023,-0.03418823331594467,0.009179904125630856,-3.6876413822174072,0.0,0.0,0.0,0.0,0.0,0.0,0.0,0.0,0.0,0.0,0.0,0.0,-0.0049071419052779675,-0.018323805183172226,0.005875302944332361,0.017188791185617447,0.1497264802455902,0.1361873894929886,0.13137415051460266,0.14362281560897827,0.531842827796936,-0.08069512993097305,-0.01915491186082363,0.0,0.0,0.0,0.0,0.0,0.0,0.0
9786108875,0,0.005152509547770023,-0.041530631482601166,-0.13789893686771393,6.569455581484362e-05,-0.04113857448101044,-0.57124924659729,0.007631419692188501,-0.001154877943918109,-0.016001172363758087,-0.010173681192100048,0.0007841179030947387,-0.4333503246307373,-0.012175241485238075,-0.024895990267395973,-0.0046017225831747055,0.0,0.0,-0.0047828578390181065,0.012347908690571785,0.0005303720245137811,-0.00033172639086842537,0.09905126690864563,0.198089599609375,-2.9408045520540327e-05,-0.1880352795124054,0.05048947408795357,-20.282028198242188,0.0842859297990799,0.1963762789964676,-0.0006312833284027874,-5.867502113687806e-05,-0.09913700073957443,-0.19380934536457062,-0.00017131722415797412,5.5220842361450195,4.878583908081055,4.651005744934082,5.231385231018066,-0.006132812704890966,-0.013798828236758709,0.009199218824505806,0.010732421651482582,0.0,-0.008818083442747593,-0.017299944534897804,0.010442230850458145,0.01610875315964222,0.0,-0.23017168045043945,0.6717625260353088,-10.000584602355957,-0.03418823331594467,0.009179904125630856,-3.6876413822174072,0.0,0.0,0.0,0.0,0.0,0.0,0.0,0.0,0.0,0.0,0.0,0.0,-0.004837736953049898,-0.01912674680352211,0.005774316377937794,0.017895447090268135,0.1497264802455902,0.1361873894929886,0.13137415051460266,0.14362281560897827,0.24174268543720245,0.11829385161399841,0.0916697084903717,0.0,0.0,0.0,0.0,0.0,0.0,0.0
9796548224,0,0.005152509547770023,-0.041530631482601166,-0.13789893686771393,6.569455581484362e-05,-0.04113857448101044,-0.57124924659729,0.007631419692188501,-0.001154877943918109,-0.016001172363758087,-0.010173681192100048,0.0007841179030947387,-0.4333503246307373,-0.012175241485238075,-0.024895990267395973,-0.0046017225831747055,0.0,0.0,-0.0047828578390181065,-0.001462011830881238,0.0017438732320442796,0.004726925864815712,0.09905126690864563,0.198089599609375,-2.9408045520540327e-05,-0.1880352795124054,0.05048947408795357,-20.282028198242188,0.0842859297990799,0.1963762789964676,-0.0006312833284027874,-5.867502113687806e-05,-0.09913700073957443,-0.19380934536457062,-0.00017131722415797412,5.5220842361450195,4.878583908081055,4.651005744934082,5.231385231018066,-0.0076660155318677425,-0.015332031063735485,0.009199218824505806,0.010732421651482582,0.0,-0.008818083442747593,-0.017299944534897804,0.010442230850458145,0.01610875315964222,0.0,-0.23017168045043945,0.6717625260353088,-10.000584602355957,-0.03418823331594467,0.009179904125630856,-3.6876413822174072,0.0,0.0,0.0,0.0,0.0,0.0,0.0,0.0,0.0,0.0,0.0,0.0,-0.0054023731499910355,-0.019352560862898827,0.006427044048905373,0.01806730031967163,0.1497264802455902,0.1361873894929886,0.13137415051460266,0.14362281560897827,-0.5438274145126343,0.061667367815971375,0.2545406222343445,0.0,0.0,0.0,0.0,0.0,0.0,0.0
9805905714,0,0.005185189191251993,-0.041673921048641205,-0.13791197538375854,6.569455581484362e-05,-0.04113857448101044,-0.5732492208480835,0.0051122624427080154,-0.008122173137962818,-0.015829559415578842,-0.010239040479063988,0.0010706984903663397,-0.43533724546432495,-0.012701495550572872,-0.024888889864087105,-0.004471351858228445,0.0,0.0,-0.0047828578390181065,-0.001462011830881238,0.0017438732320442796,0.004726925864815712,0.10094679892063141,0.19786886870861053,-0.00018410079064778984,-0.18162022531032562,0.21200066804885864,-20.48126983642578,0.10784708708524704,0.19550833106040955,-0.006175192538648844,-5.34833779965993e-05,-0.09901462495326996,-0.1939539611339569,-0.00011535327939782292,5.745478630065918,4.82735013961792,4.804300785064697,5.10530948638916,-0.0076660155318677425,-0.016865234822034836,0.006132812704890966,0.012265625409781933,0.0,0.0018593709683045745,-0.028844697400927544,-0.0022478336468338966,0.027251051738858223,0.0,-0.3818945288658142,-0.1713024377822876,-9.872615814208984,-0.02949613519012928,0.024240389466285706,-3.7113821506500244,0.0,0.0,0.0,0.0,0.0,0.0,0.0,0.0,0.0,0.0,0.0,0.0,-0.005817789118736982,-0.019617434591054916,0.006903558503836393,0.018304428085684776,0.1497264802455902,0.1361873894929886,0.13137415051460266,0.14362281560897827,-0.5438274145126343,0.061667367815971375,0.2545406222343445,0.0,0.0,0.0,0.0,0.0,0.0,0.0
9815989165,0,0.0051890090107917786,-0.041788578033447266,-0.13791334629058838,6.569455581484362e-05,-0.04113857448101044,-0.5742492079734802,0.007382277399301529,-0.000564781716093421,-0.01682986319065094,-0.010246680118143559,0.0013000136241316795,-0.43633586168289185,-0.012632920406758785,-0.024910349398851395,-0.004320978187024593,0.0,0.0,-0.0047828578390181065,-0.007643377408385277,-0.000475826469482854,0.008935704827308655,0.10182887315750122,0.19869089126586914,-0.00038362538907676935,-0.18714913725852966,0.05234828591346741,-20.438087463378906,0.11661575734615326,0.20053325593471527,-0.009905539453029633,-5.5189688282553107e-05,-0.09914155304431915,-0.19408556818962097,4.601357795763761e-05,5.849375247955322,4.728869915008545,4.865324020385742,4.9957404136657715,-0.009199218824505806,-0.015332031063735485,0.0076660155318677425,0.010732421651482582,0.0,-0.008158104494214058,-0.017919639125466347,0.00978353526443243,0.016938267275691032,0.0,-0.11330696940422058,1.0486329793930054,-10.09740161895752,-0.034027114510536194,0.009517869912087917,-3.7160160541534424,0.0,0.0,0.0,0.0,0.0,0.0,0.0,0.0,0.0,0.0,0.0,0.0,-0.005560144316405058,-0.020413808524608612,0.006589677184820175,0.01908218488097191,0.1497264802455902,0.1361873894929886,0.13137415051460266,0.14362281560897827,-0.5210041403770447,-0.08514230698347092,0.3236547112464905,0.0,0.0,0.0,0.0,0.0,0.0,0.0
9826188839,0,0.0051890090107917786,-0.041788578033447266,-0.13791334629058838,6.569455581484362e-05,-0.04113857448101044,-0.5772491693496704,0.007382277399301529,-0.000564781716093421,-0.01682986319065094,-0.010280615650117397,0.0016699368134140968,-0.43921977281570435,-0.012632920406758785,-0.024910349398851395,-0.004320978187024593,0.0,0.0,-0.0047828578390181065,0.007093468680977821,-0.0018987045623362064,0.0039389049634337425,0.10182887315750122,0.19869089126586914,-0.00038362538907676935,-0.18714913725852966,0.05234828591346741,-20.438087463378906,0.11661575734615326,0.20053325593471527,-0.009905539453029633,-5.5189688282553107e-05,-0.09914155304431915,-0.19408556818962097,4.601357795763761e-05,5.849375247955322,4.728869915008545,4.865324020385742,4.9957404136657715,-0.0076660155318677425,-0.015332031063735485,0.0076660155318677425,0.010732421651482582,0.0,-0.008158104494214058,-0.017919639125466347,0.00978353526443243,0.016938267275691032,0.0,-0.11330696940422058,1.0486329793930054,-10.09740161895752,-0.03246559947729111,0.012890323996543884,-3.7478291988372803,0.0,0.0,0.0,0.0,0.0,0.0,0.0,0.0,0.0,0.0,0.0,0.0,-0.005450701341032982,-0.02084922417998314,0.006469630636274815,0.019544830545783043,0.15657322108745575,0.1330222636461258,0.13590726256370544,0.13865986466407776,0.5142232775688171,-0.02185547538101673,-0.16092433035373688,0.0,0.0,0.0,0.0,0.0,0.0,0.0
9836034016,0,0.005205976776778698,-0.0419735386967659,-0.13802941143512726,6.569455581484362e-05,-0.04113857448101044,-0.5772491693496704,0.006471120286732912,-0.002079871017485857,-0.017657065764069557,-0.010280615650117397,0.0016699368134140968,-0.43921977281570435,-0.01205544825643301,-0.024911530315876007,-0.0044027878902852535,0.0,0.0,-0.0047828578390181065,0.013421839103102684,0.0033581857569515705,-0.002437376184388995,0.09580892324447632,0.19804978370666504,-0.0002758554182946682,-0.17595642805099487,0.00951367150992155,-20.323881149291992,0.08760485053062439,0.20100539922714233,-0.0014683546032756567,-7.692208600929007e-05,-0.0992724746465683,-0.19440299272537231,0.0003497847937978804,5.566022872924805,4.865925312042236,4.669697284698486,5.223470211029053,-0.003066406352445483,-0.018398437649011612,0.0076660155318677425,0.013798828236758709,0.0,-0.010587649419903755,-0.013493668287992477,0.012584184296429157,0.01253796648234129,0.0,-0.3845369517803192,-0.7030514478683472,-9.672131538391113,-0.03246559947729111,0.012890323996543884,-3.7478291988372803,0.0,0.0,0.0,0.0,0.0,0.0,0.0,0.0,0.0,0.0,0.0,0.0,-0.006008544936776161,-0.02031859941780567,0.007151294033974409,0.019088391214609146,0.15064705908298492,0.13591991364955902,0.1317700296640396,0.14345642924308777,0.47678983211517334,0.22721745073795319,-0.3685363829135895,0.0,0.0,0.0,0.0,0.0,0.0,0.0
9846303061,0,0.00521839177235961,-0.04200434684753418,-0.13806380331516266,6.569455581484362e-05,-0.04113857448101044,-0.5782491564750671,0.006006463896483183,-0.01494930125772953,-0.01482831034809351,-0.01030544564127922,0.0017315533477813005,-0.4401853680610657,-0.012297717854380608,-0.024798022583127022,-0.004532774910330772,0.0,0.0,-0.0047828578390181065,0.013421839103102684,0.0033581857569515705,-0.002437376184388995,0.09773994982242584,0.19714505970478058,-0.00011710245598806068,-0.1785607933998108,0.07089678198099136,-20.613059997558594,0.07899045944213867,0.19020594656467438,0.006716293282806873,-9.233344462700188e-05,-0.09906941652297974,-0.1945207417011261,0.000343477469868958,5.436849117279053,5.115027904510498,4.5941162109375,5.468454360961914,-0.0015332031762227416,-0.019931640475988388,0.0076660155318677425,0.015332031063735485,0.0,-0.007019811309874058,-0.01726311817765236,0.008263838477432728,0.016110586002469063,0.0,-0.3522098660469055,-0.729642927646637,-9.420374870300293,-0.03182118386030197,0.039067160338163376,-3.780151128768921,0.0,0.0,0.0,0.0,0.0,0.0,0.0,0.0,0.0,0.0,0.0,0.0,-0.006851199083030224,-0.019176317378878593,0.008160555735230446,0.01802298240363598,0.15064705908298492,0.13591991364955902,0.1317700296640396,0.14345642924308777,0.47678983211517334,0.22721745073795319,-0.3685363829135895,0.0,0.0,0.0,0.0,0.0,0.0,0.0
9856370605,0,0.005235092714428902,-0.04208998754620552,-0.1380884051322937,6.569455581484362e-05,-0.04113857448101044,-0.5802491307258606,0.005165563430637121,-0.0029257354326546192,-0.012388070113956928,-0.01033884845674038,0.001902835676446557,-0.4421607255935669,-0.012150331400334835,-0.02477644942700863,-0.0045252712443470955,0.0,0.0,-0.0047828578390181065,0.016683386638760567,0.005975035019218922,-0.004856808576732874,0.09773994982242584,0.19714505970478058,-0.00011710245598806068,-0.1785607933998108,0.07089678198099136,-20.613059997558594,0.07899045944213867,0.19020594656467438,0.006716293282806873,-9.233344462700188e-05,-0.09906941652297974,-0.1945207417011261,0.000343477469868958,5.436849117279053,5.115027904510498,4.5941162109375,5.468454360961914,-0.0015332031762227416,-0.019931640475988388,0.0076660155318677425,0.013798828236758709,0.0,-0.007019811309874058,-0.01726311817765236,0.008263838477432728,0.016110586002469063,0.0,-0.3522098660469055,-0.729642927646637,-9.420374870300293,-0.03034944087266922,0.015359112992882729,-3.8230245113372803,0.0,0.0,0.0,0.0,0.0,0.0,0.0,0.0,0.0,0.0,0.0,0.0,-0.007461331319063902,-0.0180876012891531,0.00887528620660305,0.016981299966573715,0.14724934101104736,0.14182987809181213,0.12959367036819458,0.14920711517333984,0.541345477104187,0.31372007727622986,-0.40679746866226196,0.0,0.0,0.0,0.0,0.0,0.0,0.0
9868609505,0,0.005235092714428902,-0.04208998754620552,-0.1380884051322937,6.569455581484362e-05,-0.04113857448101044,-0.5802491307258606,0.005165563430637121,-0.0029257354326546192,-0.012388070113956928,-0.01033884845674038,0.001902835676446557,-0.4421607255935669,-0.012150331400334835,-0.02477644942700863,-0.0045252712443470955,0.0,0.0,-0.0047828578390181065,0.004624167922884226,0.003954693209379911,-0.0023055914789438248,0.09773994982242584,0.19714505970478058,-0.00011710245598806068,-0.166921928524971,0.08447512239217758,-21.026634216308594,0.09518015384674072,0.19352291524410248,0.0014772440772503614,-0.00010467272659298033,-0.0987396389245987,-0.19457672536373138,0.00015514594269916415,5.668229579925537,5.138401508331299,4.771531581878662,5.449693202972412,-0.0015332031762227416,-0.02299804612994194,0.006132812704890966,0.013798828236758709,0.0,-0.005162680521607399,-0.01732066087424755,0.006085206754505634,0.01628943346440792,0.0,-0.3522098660469055,-0.729642927646637,-9.420374870300293,-0.03034944087266922,0.015359112992882729,-3.8230245113372803,0.0,0.0,0.0,0.0,0.0,0.0,0.0,0.0,0.0,0.0,0.0,0.0,-0.007594256196171045,-0.01740267127752304,0.009013466536998749,0.016316566616296768,0.152786985039711,0.14166615903377533,0.13392482697963715,0.14820833504199982,-0.28637489676475525,-0.025788290426135063,0.021591966971755028,0.0,0.0,0.0,0.0,0.0,0.0,0.0
9876356556,0,0.0052650319412350655,-0.042095355689525604,-0.13808760046958923,6.569455581484362e-05,-0.04113857448101044,-0.582249104976654,0.009544041939079762,0.015961524099111557,-0.016163233667612076,-0.010398726910352707,0.0019135719630867243,-0.4441615045070648,-0.012545859441161156,-0.024864712730050087,-0.004334880970418453,0.0,0.0,-0.0047828578390181065,0.004624167922884226,0.003954693209379911,-0.0023055914789438248,0.09773994982242584,0.19714505970478058,-0.00011710245598806068,-0.166921928524971,0.08447512239217758,-21.026634216308594,0.09518015384674072,0.19352291524410248,0.0014772440772503614,-0.00010467272659298033,-0.0989924967288971,-0.19479238986968994,0.00027551548555493355,5.668229579925537,5.138401508331299,4.771531581878662,5.449693202972412,-0.003066406352445483,-0.02299804612994194,0.004599609412252903,0.013798828236758709,0.0,-0.005162680521607399,-0.01732066087424755,0.006085206754505634,0.01628943346440792,0.0,-0.3522098660469055,-0.729642927646637,-9.420374870300293,-0.039099570363759995,-0.022126780822873116,-3.815842628479004,0.0,0.0,0.0,0.0,0.0,0.0,0.0,0.0,0.0,0.0,0.0,0.0,-0.007296611089259386,-0.017048027366399765,0.00864158570766449,0.01597638428211212,0.1598285436630249,0.1368342787027359,0.13770641386508942,0.14135582745075226,-0.28637489676475525,-0.025788290426135063,0.021591966971755028,0.0,0.0,0.0,0.0,0.0,0.0,0.0
9885989362,0,0.0052650319412350655,-0.042095355689525604,-0.13808760046958923,6.569455581484362e-05,-0.04113857448101044,-0.582249104976654,0.009544041939079762,0.015961524099111557,-0.016163233667612076,-0.010398726910352707,0.0019135719630867243,-0.4441615045070648,-0.012545859441161156,-0.024864712730050087,-0.004334880970418453,0.0,0.0,-0.0047828578390181065,-0.021263880655169487,-0.0007185996510088444,0.006829143036156893,0.10464872419834137,0.1978776901960373,-0.000392660906072706,-0.21504764258861542,-0.12169729173183441,-20.98713493347168,0.13670332729816437,0.20345118641853333,-0.009245089255273342,-0.00011261732288403437,-0.0989924967288971,-0.19479238986968994,0.00027551548555493355,6.005428791046143,4.9092302322387695,4.9505438804626465,5.123661994934082,-0.006132812704890966,-0.019931640475988388,0.0076660155318677425,0.013798828236758709,0.0,-0.019846633076667786,-0.006747898180037737,0.024026919156312943,0.006417703814804554,0.0,-0.15004770457744598,-0.6325852274894714,-9.79662799835205,-0.039099570363759995,-0.022126780822873116,-3.815842628479004,0.0,0.0,0.0,0.0,0.0,0.0,0.0,0.0,0.0,0.0,0.0,0.0,-0.007433854974806309,-0.016436176374554634,0.008814651519060135,0.015411444008350372,0.1598285436630249,0.1368342787027359,0.13770641386508942,0.14135582745075226,-0.5566343665122986,0.006536543369293213,0.1397480070590973,0.0,0.0,0.0,0.0,0.0,0.0,0.0
9896006557,0,0.005312830675393343,-0.0421094074845314,-0.138102725148201,6.569455581484362e-05,-0.04113857448101044,-0.5842490792274475,0.010041897185146809,0.0009250807925127447,-0.016670482233166695,-0.010494324378669262,0.0019416757859289646,-0.4461463689804077,-0.013302951119840145,-0.024736495688557625,-0.004249814432114363,0.0,0.0,-0.0047828578390181065,-0.021263880655169487,-0.0007185996510088444,0.006829143036156893,0.10571902990341187,0.19666245579719543,-0.00044215473462827504,-0.174763485789299,0.1206715926527977,-21.206958770751953,0.12833864986896515,0.19792477786540985,-0.006651171483099461,-0.00012378777319099754,-0.09930506348609924,-0.19493353366851807,0.00041484262328594923,5.974107265472412,5.024775981903076,4.962084770202637,5.247642517089844,-0.0076660155318677425,-0.019931640475988388,0.009199218824505806,0.012265625409781933,0.0,-0.0032237395644187927,-0.020815687254071236,0.003826993750408292,0.01988024264574051,0.0,-0.1992761641740799,1.4512468576431274,-10.284029960632324,-0.040432192385196686,0.008702073246240616,-3.8328232765197754,0.0,0.0,0.0,0.0,0.0,0.0,0.0,0.0,0.0,0.0,0.0,0.0,-0.008347607217729092,-0.015484224073588848,0.009947302751243114,0.014550460502505302,0.15917544066905975,0.13927209377288818,0.1379498839378357,0.14396491646766663,-0.5566343665122986,0.006536543369293213,0.1397480070590973,0.0,0.0,0.0,0.0,0.0,0.0,0.0
9906299136,0,0.005312830675393343,-0.0421094074845314,-0.138102725148201,6.569455581484362e-05,-0.04113857448101044,-0.586249053478241,0.010041897185146809,0.0009250807925127447,-0.016670482233166695,-0.010540430434048176,0.002161602955311537,-0.44807231426239014,-0.013302951119840145,-0.024736495688557625,-0.004249814432114363,0.0,0.0,-0.0047828578390181065,-0.006126163061708212,0.001663726638071239,0.0012790696928277612,0.10571902990341187,0.19666245579719543,-0.00044215473462827504,-0.174763485789299,0.1206715926527977,-21.206958770751953,0.12833864986896515,0.19792477786540985,-0.006651171483099461,-0.00012378777319099754,-0.09930506348609924,-0.19493353366851807,0.00041484262328594923,5.974107265472412,5.024775981903076,4.962084770202637,5.247642517089844,-0.004599609412252903,-0.018398437649011612,0.010732421651482582,0.015332031063735485,0.0,-0.0032237395644187927,-0.020815687254071236,0.003826993750408292,0.01988024264574051,0.0,-0.44811907410621643,-0.4616992473602295,-9.783185005187988,-0.031370699405670166,0.03351827710866928,-3.85123610496521,0.0,0.0,0.0,0.0,0.0,0.0,0.0,0.0,0.0,0.0,0.0,0.0,-0.008618352934718132,-0.015350869856774807,0.01030685007572174,0.014489457942545414,0.15917544066905975,0.13927209377288818,0.1379498839378357,0.14396491646766663,0.4444592595100403,0.10647162050008774,-0.1832275241613388,0.0,0.0,0.0,0.0,0.0,0.0,0.0
9915995539,0,0.005335883237421513,-0.0422193706035614,-0.13817673921585083,6.569455581484362e-05,-0.04113857448101044,-0.586249053478241,0.0053222994320094585,-0.011519519612193108,-0.017596296966075897,-0.010540430434048176,0.002161602955311537,-0.44807231426239014,-0.012621283531188965,-0.024819888174533844,-0.004388959612697363,0.0,0.0,-0.0047828578390181065,-0.006126163061708212,0.001663726638071239,0.0012790696928277612,0.10030610114336014,0.19732195138931274,-0.00028468441450968385,-0.22237706184387207,0.047861404716968536,-21.080528259277344,0.1015603318810463,0.19357667863368988,0.0008513139910064638,-0.00014333958097267896,-0.0996183529496193,-0.19506169855594635,0.0005151436780579388,5.707313537597656,5.1463422775268555,4.790473461151123,5.438357830047607,-0.003066406352445483,-0.016865234822034836,0.012265625409781933,0.016865234822034836,0.0,-0.01083830650895834,-0.01859671249985695,0.012847687117755413,0.017540743574500084,0.0,-0.19244913756847382,-0.1612875908613205,-9.76185131072998,-0.031370699405670166,0.03351827710866928,-3.85123610496521,0.0,0.0,0.0,0.0,0.0,0.0,0.0,0.0,0.0,0.0,0.0,0.0,-0.008107329718768597,-0.016191327944397926,0.009704112075269222,0.015346276573836803,0.15360447764396667,0.14183343946933746,0.13432535529136658,0.14797064661979675,0.4444592595100403,0.10647162050008774,-0.1832275241613388,0.0,0.0,0.0,0.0,0.0,0.0,0.0
9925998628,0,0.005345281213521957,-0.042230717837810516,-0.1382337510585785,6.569455581484362e-05,-0.04113857448101044,-0.5872490406036377,0.009584738872945309,0.002451349515467882,-0.02010452002286911,-0.010559226386249065,0.0021842976566404104,-0.4490152895450592,-0.01230601966381073,-0.024734903126955032,-0.0044199819676578045,0.0,0.0,-0.0047828578390181065,0.008601664565503597,-0.0004197387315798551,-0.0017528735334053636,0.09780161082744598,0.19664551317691803,-0.0002527835895307362,-0.1725388467311859,0.18435052037239075,-21.181798934936523,0.0820532888174057,0.19735868275165558,0.0028606660198420286,-0.00015751297178212553,-0.09957582503557205,-0.19522252678871155,0.00046730763278901577,5.658775329589844,5.1853790283203125,4.789332866668701,5.550111293792725,-0.004599609412252903,-0.016865234822034836,0.009199218824505806,0.013798828236758709,0.0,0.0007077241316437721,-0.024369120597839355,-0.0009076957940123975,0.022705670446157455,0.0,-0.19244913756847382,-0.1612875908613205,-9.76185131072998,-0.039685241878032684,0.005277771037071943,-3.8443353176116943,0.0,0.0,0.0,0.0,0.0,0.0,0.0,0.0,0.0,0.0,0.0,0.0,-0.007476029451936483,-0.017417190596461296,0.008937051519751549,0.01651880145072937,0.15258905291557312,0.142655149102211,0.13430114090442657,0.1503136157989502,0.7146655917167664,-0.02934386394917965,-0.1578085720539093,0.0,0.0,0.0,0.0,0.0,0.0,0.0
9936429302,0,0.005345281213521957,-0.042230717837810516,-0.1382337510585785,6.569455581484362e-05,-0.04113857448101044,-0.5872490406036377,0.009584738872945309,0.002451349515467882,-0.02010452002286911,-0.010559226386249065,0.0021842976566404104,-0.4490152895450592,-0.01230601966381073,-0.024734903126955032,-0.0044199819676578045,0.0,0.0,-0.0047828578390181065,0.008601664565503597,-0.0004197387315798551,-0.0017528735334053636,0.1001763641834259,0.1955343335866928,-0.0006911117816343904,-0.1725388467311859,0.18435052037239075,-21.181798934936523,0.0820532888174057,0.19735868275165558,0.0028606660198420286,-0.00015751297178212553,-0.09935491532087326,-0.19540947675704956,0.0005953868385404348,5.658775329589844,5.1853790283203125,4.789332866668701,5.550111293792725,-0.006132812704890966,-0.018398437649011612,0.006132812704890966,0.012265625409781933,0.0,0.0007077241316437721,-0.024369120597839355,-0.0009076957940123975,0.022705670446157455,0.0,-0.19244913756847382,-0.1612875908613205,-9.76185131072998,-0.039685241878032684,0.005277771037071943,-3.8443353176116943,0.0,0.0,0.0,0.0,0.0,0.0,0.0,0.0,0.0,0.0,0.0,0.0,-0.006188062950968742,-0.019036613404750824,0.00737773859873414,0.017998842522501945,0.15258905291557312,0.142655149102211,0.13430114090442657,0.1503136157989502,0.7146655917167664,-0.02934386394917965,-0.1578085720539093,0.0,0.0,0.0,0.0,0.0,0.0,0.0
9946478363,0,0.005363513249903917,-0.042326878756284714,-0.13828837871551514,6.569455581484362e-05,-0.04113857448101044,-0.5892490148544312,0.0032259610015898943,-0.012620475143194199,-0.01385653205215931,-0.010595690459012985,0.00237662042491138,-0.450960636138916,-0.012612669728696346,-0.02470632828772068,-0.003986688796430826,0.0,0.0,-0.0047828578390181065,0.000953993177972734,0.0011319346958771348,0.009199644438922405,0.1001763641834259,0.1955343335866928,-0.0006911117816343904,-0.20924682915210724,-0.03527957201004028,-21.31046485900879,0.10179059207439423,0.19452843070030212,-0.01088528148829937,-0.00018213926523458213,-0.09935491532087326,-0.19540947675704956,0.0005953868385404348,6.060591697692871,4.908365726470947,5.139265537261963,5.204046726226807,-0.0076660155318677425,-0.018398437649011612,0.004599609412252903,0.012265625409781933,0.0,-0.014297952875494957,-0.012571664527058601,0.016784343868494034,0.011781244538724422,0.0,-0.47105666995048523,-0.8430383205413818,-9.46078872680664,-0.027595937252044678,0.03636215627193451,-3.9169838428497314,0.0,0.0,0.0,0.0,0.0,0.0,0.0,0.0,0.0,0.0,0.0,0.0,-0.004974404349923134,-0.020272819325327873,0.0058981264010071754,0.019091319292783737,0.16097770631313324,0.13681627810001373,0.1416843831539154,0.14304789900779724,-0.2522531747817993,0.07668827474117279,0.35914260149002075,0.0,0.0,0.0,0.0,0.0,0.0,0.0
9956079960,0,0.005363513249903917,-0.042326878756284714,-0.13828837871551514,6.569455581484362e-05,-0.04113857448101044,-0.5902490019798279,0.0032259610015898943,-0.012620475143194199,-0.01385653205215931,-0.010570049285888672,0.002380233956500888,-0.4519374668598175,-0.012612669728696346,-0.02470632828772068,-0.003986688796430826,0.0,0.0,-0.0047828578390181065,-0.01875770278275013,0.0033101774752140045,0.007238224148750305,0.1001763641834259,0.1955343335866928,-0.0006911117816343904,-0.17201048135757446,0.02383355237543583,-21.519107818603516,0.13492490351200104,0.19149161875247955,-0.006493949331343174,-0.00020220738952048123,-0.09950385987758636,-0.19545899331569672,0.0007558786310255527,6.049259185791016,5.125735759735107,5.035398006439209,5.310603141784668,-0.009199218824505806,-0.018398437649011612,0.006132812704890966,0.012265625409781933,0.0,-0.008696750737726688,-0.013551857322454453,0.010360571555793285,0.012997295707464218,0.0,-0.47105666995048523,-0.8430383205413818,-9.46078872680664,-0.03127463161945343,0.004333373159170151,-3.912565231323242,0.0,0.0,0.0,0.0,0.0,0.0,0.0,0.0,0.0,0.0,0.0,0.0,-0.0051473286002874374,-0.020049182698130608,0.006066732574254274,0.018839767202734947,0.16074177622795105,0.1413995772600174,0.13949601352214813,0.14528824388980865,-1.0418140888214111,0.12272253632545471,0.08285969495773315,0.0,0.0,0.0,0.0,0.0,0.0,0.0
9966337155,0,0.005350692663341761,-0.04232868552207947,-0.13831153512001038,6.569455581484362e-05,-0.04113857448101044,-0.5902490019798279,0.005236627534031868,0.0035843306686729193,-0.01593286171555519,-0.010570049285888672,0.002380233956500888,-0.4519374668598175,-0.013088417239487171,-0.02455659583210945,-0.0040744151920080185,0.0,0.0,-0.0047828578390181065,-0.02604467049241066,0.002200341783463955,-0.004695783369243145,0.10574906319379807,0.19602902233600616,-0.0005851894966326654,-0.153424471616745,-0.014243392273783684,-21.6789493560791,0.14101356267929077,0.19376444816589355,0.008848188444972038,-0.00022512477880809456,-0.10017272084951401,-0.19557493925094604,0.0006154991569928825,5.7182464599609375,5.555471897125244,4.679075717926025,5.727747440338135,-0.009199218824505806,-0.019931640475988388,0.009199218824505806,0.015332031063735485,0.0,-0.01040971465408802,-0.008901726454496384,0.012617110274732113,0.008548536337912083,0.0,-0.2351677119731903,0.659784734249115,-9.941765785217285,-0.03127463161945343,0.004333373159170151,-3.912565231323242,0.0,0.0,0.0,0.0,0.0,0.0,0.0,0.0,0.0,0.0,0.0,0.0,-0.006224755197763443,-0.01848052442073822,0.007342423778027296,0.017376627773046494,0.14956387877464294,0.15482227504253387,0.1283789724111557,0.15994428098201752,-0.8822362422943115,-0.0009239819482900202,-0.5226072072982788,0.0,0.0,0.0,0.0,0.0,0.0,0.0
9976181887,0,0.00527706416323781,-0.04230031371116638,-0.13831064105033875,6.569455581484362e-05,-0.04113857448101044,-0.5922489762306213,-0.0007043975638225675,-0.008406734094023705,-0.012215138413012028,-0.010422791354358196,0.0023234901018440723,-0.4539383351802826,-0.013395694084465504,-0.02477363310754299,-0.004590770695358515,0.0,0.0,-0.0047828578390181065,-0.018593331798911095,-0.0014498495729640126,-0.013406886719167233,0.10373273491859436,0.197017639875412,3.691433084895834e-05,-0.10847800970077515,0.157738596200943,-21.798952102661133,0.12343671917915344,0.2000746726989746,0.017512746155261993,-0.00024017345276661217,-0.10017272084951401,-0.19557493925094604,0.0006154991569928825,5.514333248138428,5.765562534332275,4.509696960449219,6.010982036590576,-0.006132812704890966,-0.019931640475988388,0.012265625409781933,0.018398437649011612,0.0,0.003111025085672736,-0.016370829194784164,-0.003919853828847408,0.01561550423502922,0.0,-0.2351677119731903,0.659784734249115,-9.941765785217285,-0.019723273813724518,0.02867974527180195,-3.9634459018707275,0.0,0.0,0.0,0.0,0.0,0.0,0.0,0.0,0.0,0.0,0.0,0.0,-0.006824126932770014,-0.016500571742653847,0.008076168596744537,0.01555925514549017,0.14956387877464294,0.15482227504253387,0.1283789724111557,0.15994428098201752,-0.11106490343809128,-0.16071857511997223,-0.7189722657203674,0.0,0.0,0.0,0.0,0.0,0.0,0.0
9986385655,0,0.005115221254527569,-0.042256131768226624,-0.13838951289653778,6.569455581484362e-05,-0.04113857448101044,-0.5952489376068115,-0.0024752554018050432,-0.006497214548289776,-0.020565124228596687,-0.010099103674292564,0.0022351257503032684,-0.45685940980911255,-0.012547207996249199,-0.024724047631025314,-0.004419021774083376,0.0,0.0,-0.0047828578390181065,-0.018593331798911095,-0.0014498495729640126,-0.013406886719167233,0.09971867501735687,0.19655941426753998,-0.00025043750065378845,-0.10847800970077515,0.157738596200943,-21.798952102661133,0.12343671917915344,0.2000746726989746,0.017512746155261993,-0.00024017345276661217,-0.10017272084951401,-0.19557493925094604,0.0006154991569928825,5.514333248138428,5.765562534332275,4.509696960449219,6.010982036590576,-0.004599609412252903,-0.018398437649011612,0.010732421651482582,0.018398437649011612,0.0,0.003111025085672736,-0.016370829194784164,-0.003919853828847408,0.01561550423502922,0.0,-0.2351677119731903,0.659784734249115,-9.941765785217285,-0.015262937173247337,0.023840630427002907,-3.9347739219665527,0.0,0.0,0.0,0.0,0.0,0.0,0.0,0.0,0.0,0.0,0.0,0.0,-0.00590933533385396,-0.015158303081989288,0.006986320950090885,0.014349816367030144,0.14956387877464294,0.15482227504253387,0.1283789724111557,0.15994428098201752,-0.11106490343809128,-0.16071857511997223,-0.7189722657203674,0.0,0.0,0.0,0.0,0.0,0.0,0.0
9996187978,0,0.005115221254527569,-0.042256131768226624,-0.13838951289653778,6.569455581484362e-05,-0.04113857448101044,-0.5952489376068115,-0.0024752554018050432,-0.006497214548289776,-0.020565124228596687,-0.010099103674292564,0.0022351257503032684,-0.45685940980911255,-0.012547207996249199,-0.024724047631025314,-0.004419021774083376,0.0,0.0,-0.0047828578390181065,0.011413485743105412,-0.0010145647684112191,-0.007261894177645445,0.09971867501735687,0.19655941426753998,-0.00025043750065378845,-0.14264126121997833,0.006649044808000326,-21.706737518310547,0.07795846462249756,0.19696171581745148,0.004195208661258221,-0.00024359277449548244,-0.10012362152338028,-0.19586458802223206,0.00012411228090059012,5.749897003173828,5.34418249130249,4.894047260284424,5.720283031463623,-0.0076660155318677425,-0.019931640475988388,0.0076660155318677425,0.015332031063735485,0.0,-0.008408121764659882,-0.00992625579237938,0.009770339354872704,0.009181022644042969,0.0,-0.20791201293468475,0.09811805933713913,-10.234792709350586,-0.015262937173247337,0.023840630427002907,-3.9347739219665527,0.0,0.0,0.0,0.0,0.0,0.0,0.0,0.0,0.0,0.0,0.0,0.0,-0.00432632677257061,-0.01442460436373949,0.005069388542324305,0.013691719621419907,0.16147130727767944,0.137888565659523,0.14397291839122772,0.14615504443645477,1.027195692062378,0.001039438066072762,0.1482313573360443,0.0,0.0,0.0,0.0,0.0,0.0,0.0
10006284334,0,0.005115221254527569,-0.042256131768226624,-0.13838951289653778,6.569455581484362e-05,-0.04113857448101044,-0.5962489247322083,-0.0024752554018050432,-0.006497214548289776,-0.020565124228596687,-0.009969358332455158,0.002223450690507889,-0.4577780067920685,-0.012547207996249199,-0.024724047631025314,-0.004419021774083376,0.0,0.0,-0.0047828578390181065,0.018580526113510132,-0.00013791071251034737,0.005189034156501293,0.09971867501735687,0.19655941426753998,-0.00025043750065378845,-0.14264126121997833,0.006649044808000326,-21.706737518310547,0.07795846462249756,0.19696171581745148,0.004195208661258221,-0.00024359277449548244,-0.10012362152338028,-0.19586458802223206,0.00012411228090059012,5.749897003173828,5.34418249130249,4.894047260284424,5.720283031463623,-0.009199218824505806,-0.02299804612994194,0.006132812704890966,0.013798828236758709,0.0,-0.008408121764659882,-0.00992625579237938,0.009770339354872704,0.009181022644042969,0.0,-0.20791201293468475,0.09811805933713913,-10.234792709350586,-0.033112116158008575,0.0036860033869743347,-3.929224729537964,0.0,0.0,0.0,0.0,0.0,0.0,0.0,0.0,0.0,0.0,0.0,0.0,-0.0037695870269089937,-0.013530994765460491,0.00436251750215888,0.01283254660665989,0.16147130727767944,0.137888565659523,0.14397291839122772,0.14615504443645477,0.8117767572402954,0.04223531112074852,0.6243725419044495,0.0,0.0,0.0,0.0,0.0,0.0,0.0
10016096529,0,0.005050348583608866,-0.042250294238328934,-0.13847091794013977,6.569455581484362e-05,-0.04113857448101044,-0.5962489247322083,0.006662722676992416,0.0034641141537576914,-0.022883711382746696,-0.009969358332455158,0.002223450690507889,-0.4577780067920685,-0.012433505617082119,-0.024690384045243263,-0.004265910480171442,0.0,0.0,-0.0047828578390181065,-0.000193900108570233,-0.0006638565682806075,0.005413499660789967,0.09880898147821426,0.19629478454589844,-0.0004360908642411232,-0.08394615352153778,0.13112346827983856,-21.64125633239746,0.07211069017648697,0.19601033627986908,-0.010224051773548126,-0.00023851741570979357,-0.10012362152338028,-0.19586458802223206,0.00012411228090059012,5.998169898986816,5.154600143432617,5.048277854919434,5.442758560180664,-0.0076660155318677425,-0.021464843302965164,0.006132812704890966,0.015332031063735485,0.0,0.0027375787030905485,-0.014802436344325542,-0.0033554001711308956,0.013923412188887596,0.0,0.01966097578406334,0.42978036403656006,-10.152053833007812,-0.033112116158008575,0.0036860033869743347,-3.929224729537964,0.0,0.0,0.0,0.0,0.0,0.0,0.0,0.0,0.0,0.0,0.0,0.0,-0.003837540512904525,-0.012651282362639904,0.0044072456657886505,0.011954964138567448,0.16147130727767944,0.137888565659523,0.14397291839122772,0.14615504443645477,-0.5300725102424622,0.03397233039140701,0.05157873407006264,0.0,0.0,0.0,0.0,0.0,0.0,0.0
10026179920,0,0.004917473997920752,-0.04231427609920502,-0.13865751028060913,6.569455581484362e-05,-0.04113857448101044,-0.5982488989830017,-0.0015163279604166746,-0.006995879113674164,-0.021839316934347153,-0.00970360729843378,0.0023514151107519865,-0.4595913887023926,-0.01286179106682539,-0.02481197565793991,-0.004424404352903366,0.0,0.0,-0.0047828578390181065,-0.000193900108570233,-0.0006638565682806075,0.005413499660789967,0.10229263454675674,0.19632287323474884,-0.00029541790718212724,-0.11046390235424042,0.07911176979541779,-21.641653060913086,0.10771379619836807,0.1975826472043991,-0.0045053088106215,-0.0002495783264748752,-0.09984885901212692,-0.1960553675889969,0.0004299045540392399,5.998169898986816,5.154600143432617,5.048277854919434,5.442758560180664,-0.006132812704890966,-0.019931640475988388,0.004599609412252903,0.013798828236758709,0.0,-0.0018932343227788806,-0.013055969029664993,0.0021419937256723642,0.012265014462172985,0.0,-0.5388814806938171,-0.15989689528942108,-9.560188293457031,-0.016604382544755936,0.025402238592505455,-3.9648635387420654,0.0,0.0,0.0,0.0,0.0,0.0,0.0,0.0,0.0,0.0,0.0,0.0,-0.003385471412912011,-0.012310061603784561,0.0038559427484869957,0.011591310612857342,0.15967726707458496,0.14200738072395325,0.13976770639419556,0.1480628401041031,-0.5300725102424622,0.03397233039140701,0.05157873407006264,0.0,0.0,0.0,0.0,0.0,0.0,0.0
10036159128,0,0.004917473997920752,-0.04231427609920502,-0.13865751028060913,6.569455581484362e-05,-0.04113857448101044,-0.5982488989830017,-0.0015163279604166746,-0.006995879113674164,-0.021839316934347153,-0.00970360729843378,0.0023514151107519865,-0.4595913887023926,-0.01286179106682539,-0.02481197565793991,-0.004424404352903366,0.0,0.0,-0.0047828578390181065,-0.00943770445883274,0.005271042697131634,-0.009233411401510239,0.10229263454675674,0.19632287323474884,-0.00029541790718212724,-0.12071408331394196,0.07955075055360794,-22.276290893554688,0.11483225226402283,0.18861061334609985,0.01182679831981659,-0.0002669687382876873,-0.10011997818946838,-0.19607873260974884,0.000288693729089573,5.746268272399902,5.746501922607422,4.800863742828369,5.985074043273926,-0.004599609412252903,-0.019931640475988388,0.006132812704890966,0.010732421651482582,0.0,-0.0025831791572272778,-0.012372100725769997,0.0029709814116358757,0.011781935580074787,0.0,-0.5388814806938171,-0.15989689528942108,-9.560188293457031,-0.016604382544755936,0.025402238592505455,-3.9648635387420654,0.0,0.0,0.0,0.0,0.0,0.0,0.0,0.0,0.0,0.0,0.0,0.0,-0.0027059803251177073,-0.012328905053436756,0.0030531729571521282,0.011590996757149696,0.15441907942295074,0.15442398190498352,0.13454507291316986,0.15940424799919128,-0.33424752950668335,0.1658681482076645,-0.44842445850372314,0.0,0.0,0.0,0.0,0.0,0.0,0.0
10045944861,0,0.004766263999044895,-0.042421404272317886,-0.13873809576034546,6.569455581484362e-05,-0.04113857448101044,-0.6002488732337952,0.001311271684244275,-0.001160716055892408,-0.013753707520663738,-0.009401186369359493,0.0025656723883002996,-0.4615107774734497,-0.012925236485898495,-0.024591952562332153,-0.0047020274214446545,0.0,0.0,-0.0047828578390181065,0.0009364142315462232,-0.0004956454504281282,-0.007674680557101965,0.10205207765102386,0.19554033875465393,0.00020070234313607216,-0.12071408331394196,0.07955075055360794,-22.276290893554688,0.09780212491750717,0.19879022240638733,0.007493502926081419,-0.0002661624748725444,-0.10011997818946838,-0.19607873260974884,0.000288693729089573,5.843766689300537,5.596346378326416,4.919973850250244,5.918460369110107,-0.0015332031762227416,-0.018398437649011612,0.0076660155318677425,0.010732421651482582,0.0,-0.0025399290025234222,-0.012703915126621723,0.0028992320876568556,0.011914694681763649,0.0,-0.2027519941329956,0.3717464804649353,-9.722105979919434,-0.021948015317320824,0.014463772997260094,-4.050234794616699,0.0,0.0,0.0,0.0,0.0,0.0,0.0,0.0,0.0,0.0,0.0,0.0,-0.0023153144866228104,-0.012392997741699219,0.0026016414631158113,0.011654485017061234,0.15441907942295074,0.15442398190498352,0.13454507291316986,0.15940424799919128,0.3330921232700348,-0.1709938794374466,-0.1305001825094223,0.0,0.0,0.0,0.0,0.0,0.0,0.0
10058326208,0,0.0047134277410805225,-0.042434439063072205,-0.13873283565044403,6.569455581484362e-05,-0.04113857448101044,-0.6012488603591919,-0.0017941620899364352,-0.0055734096094965935,-0.013420906849205494,-0.009295512922108173,0.0025917422026395798,-0.46251600980758667,-0.012841030023992062,-0.0247281976044178,-0.004808908328413963,0.0,0.0,-0.0047828578390181065,0.0009364142315462232,-0.0004956454504281282,-0.007674680557101965,0.10206945985555649,0.19658464193344116,0.00022177063510753214,-0.12071408331394196,0.07955075055360794,-22.276290893554688,0.09780212491750717,0.19879022240638733,0.007493502926081419,-0.0002661624748725444,-0.10022032260894775,-0.19611290097236633,0.00010372386896051466,5.843766689300537,5.596346378326416,4.919973850250244,5.918460369110107,-0.0015332031762227416,-0.015332031063735485,0.004599609412252903,0.009199218824505806,0.0,-0.0025399290025234222,-0.012703915126621723,0.0028992320876568556,0.011914694681763649,0.0,-0.2027519941329956,0.3717464804649353,-9.722105979919434,-0.015776025131344795,0.023342503234744072,-4.062975883483887,0.0,0.0,0.0,0.0,0.0,0.0,0.0,0.0,0.0,0.0,0.0,0.0,-0.0021666227839887142,-0.012466584332287312,0.002437795978039503,0.011727599427103996,0.15645593404769897,0.1512821763753891,0.13706131279468536,0.1580149531364441,0.3330921232700348,-0.1709938794374466,-0.1305001825094223,0.0,0.0,0.0,0.0,0.0,0.0,0.0
10066825845,0,0.0047134277410805225,-0.042434439063072205,-0.13873283565044403,6.569455581484362e-05,-0.04113857448101044,-0.6012488603591919,-0.0017941620899364352,-0.0055734096094965935,-0.013420906849205494,-0.009295512922108173,0.0025917422026395798,-0.46251600980758667,-0.012841030023992062,-0.0247281976044178,-0.004808908328413963,0.0,0.0,-0.0047828578390181065,0.01357204932719469,-0.012439008802175522,0.00353354774415493,0.10206945985555649,0.19658464193344116,0.00022177063510753214,-0.1047411561012268,0.07440251857042313,-22.246742248535156,0.07898885756731033,0.21594280004501343,-0.006154569797217846,-0.0002550430945120752,-0.10003329813480377,-0.1964617520570755,2.745207166299224e-05,6.17364501953125,5.193528652191162,5.257615089416504,5.623471736907959,-0.0015332031762227416,-0.015332031063735485,0.003066406352445483,0.0076660155318677425,0.0,-0.0017823443049564958,-0.012249024584889412,0.0019874239806085825,0.011213883757591248,0.0,-0.41901731491088867,-0.16862507164478302,-10.1788969039917,-0.015776025131344795,0.023342503234744072,-4.062975883483887,0.0,0.0,0.0,0.0,0.0,0.0,0.0,0.0,0.0,0.0,0.0,0.0,-0.002127430634573102,-0.012525583617389202,0.0024002986028790474,0.011765751987695694,0.16333089768886566,0.142826646566391,0.14417439699172974,0.15185019373893738,0.4921059012413025,-0.3938385248184204,0.3640266954898834,0.0,0.0,0.0,0.0,0.0,0.0,0.0
10077342375,0,0.004584185313433409,-0.04246174171566963,-0.13875779509544373,6.569455581484362e-05,-0.04113857448101044,-0.6032488346099854,-1.392064405081328e-05,-0.0008634226978756487,-0.018461503088474274,-0.009037027135491371,0.002646347740665078,-0.4644910395145416,-0.012358341366052628,-0.025153376162052155,-0.00445986445993185,0.0,0.0,-0.0047828578390181065,0.01357204932719469,-0.012439008802175522,0.00353354774415493,0.09748196601867676,0.19956539571285248,-0.00015891357907094061,-0.1047411561012268,0.07440251857042313,-22.246742248535156,0.07898885756731033,0.21594280004501343,-0.006154569797217846,-0.0002550430945120752,-0.10003329813480377,-0.1964617520570755,2.745207166299224e-05,6.17364501953125,5.193528652191162,5.257615089416504,5.623471736907959,-0.004599609412252903,-0.016865234822034836,0.0015332031762227416,0.0076660155318677425,0.0,-0.0017823443049564958,-0.012249024584889412,0.0019874239806085825,0.011213883757591248,0.0,-0.41901731491088867,-0.16862507164478302,-10.1788969039917,-0.019043846055865288,0.013527730479836464,-4.044862270355225,0.0,0.0,0.0,0.0,0.0,0.0,0.0,0.0,0.0,0.0,0.0,0.0,-0.002079426310956478,-0.012524551711976528,0.0023477335926145315,0.011715009808540344,0.16333089768886566,0.142826646566391,0.14417439699172974,0.15185019373893738,0.4921059012413025,-0.3938385248184204,0.3640266954898834,0.0,0.0,0.0,0.0,0.0,0.0,0.0
10086548877,0,0.004543157760053873,-0.04245954006910324,-0.1387997418642044,6.569455581484362e-05,-0.04113857448101044,-0.6042488217353821,0.0025717136450111866,-0.003680591005831957,-0.020453404635190964,-0.008954971097409725,0.002641944447532296,-0.46544909477233887,-0.012382433749735355,-0.025041287764906883,-0.00449201837182045,0.0,0.0,-0.0047828578390181065,0.01357204932719469,-0.012439008802175522,0.00353354774415493,0.09791308641433716,0.1984688937664032,-0.0003794492222368717,-0.1047411561012268,0.07440251857042313,-22.246742248535156,0.07898885756731033,0.21594280004501343,-0.006154569797217846,-0.0002550430945120752,-0.10003329813480377,-0.1964617520570755,2.745207166299224e-05,6.17364501953125,5.193528652191162,5.257615089416504,5.623471736907959,-0.004599609412252903,-0.016865234822034836,0.0015332031762227416,0.012265625409781933,0.0,-0.0017823443049564958,-0.012249024584889412,0.0019874239806085825,0.011213883757591248,0.0,-0.38541895151138306,0.2551054060459137,-10.23001766204834,-0.023943627253174782,0.01913469471037388,-4.04140567779541,0.0,0.0,0.0,0.0,0.0,0.0,0.0,0.0,0.0,0.0,0.0,0.0,-0.002000997541472316,-0.01247320231050253,0.0022553943563252687,0.011597581207752228,0.16333089768886566,0.142826646566391,0.14417439699172974,0.15185019373893738,0.4921059012413025,-0.3938385248184204,0.3640266954898834,0.0,0.0,0.0,0.0,0.0,0.0,0.0
10096105843,0,0.004543157760053873,-0.04245954006910324,-0.1387997418642044,6.569455581484362e-05,-0.04113857448101044,-0.6042488217353821,0.0025717136450111866,-0.003680591005831957,-0.020453404635190964,-0.008954971097409725,0.002641944447532296,-0.46544909477233887,-0.012382433749735355,-0.025041287764906883,-0.00449201837182045,0.0,0.0,-0.0047828578390181065,-0.005663287825882435,0.008773712441325188,0.003746181959286332,0.09791308641433716,0.1984688937664032,-0.0003794492222368717,-0.1347731053829193,0.04438656568527222,-22.199499130249023,0.07898885756731033,0.21594280004501343,-0.006154569797217846,-0.0002550430945120752,-0.0997849702835083,-0.1966947466135025,0.000279974308796227,6.0523271560668945,5.3907012939453125,5.142665386199951,5.614638805389404,-0.0015332031762227416,-0.018398437649011612,0.0,0.013798828236758709,0.0,-0.005325859412550926,-0.011802027001976967,0.006160122808068991,0.011232534423470497,0.0,-0.38541895151138306,0.2551054060459137,-10.23001766204834,-0.023943627253174782,0.01913469471037388,-4.04140567779541,0.0,0.0,0.0,0.0,0.0,0.0,0.0,0.0,0.0,0.0,0.0,0.0,-0.0020855464972555637,-0.01238595973700285,0.002353027230128646,0.011469883844256401,0.16392424702644348,0.143510639667511,0.14551393687725067,0.14914801716804504,-0.5766791701316833,0.4125382900238037,-0.0860961303114891,0.0,0.0,0.0,0.0,0.0,0.0,0.0
10106218203,0,0.004462954588234425,-0.042459141463041306,-0.13899298012256622,6.569455581484362e-05,-0.04113857448101044,-0.6062487959861755,0.0032751455437391996,0.001919788308441639,-0.024547716602683067,-0.008794563822448254,0.0026411472354084253,-0.4672558307647705,-0.012591656297445297,-0.024580227211117744,-0.0043389578349888325,0.0,0.0,-0.0047828578390181065,-0.005663287825882435,0.008773712441325188,0.003746181959286332,0.10006169974803925,0.1952727735042572,-0.00029631273355334997,-0.1347731053829193,0.04438656568527222,-22.199499130249023,0.11149178445339203,0.18237367272377014,-0.0019042044878005981,-0.0002667049702722579,-0.09981163591146469,-0.19663941860198975,0.00039035032386891544,6.0523271560668945,5.3907012939453125,5.142665386199951,5.614638805389404,0.0,-0.019931640475988388,0.0015332031762227416,0.010732421651482582,0.0,-0.005327953957021236,-0.011804379522800446,0.0061576575972139835,0.01123027317225933,0.0,-0.4925656020641327,-0.18117398023605347,-9.658258438110352,-0.024504199624061584,0.008070284500718117,-4.0362725257873535,0.0,0.0,0.0,0.0,0.0,0.0,0.0,0.0,0.0,0.0,0.0,0.0,-0.0025616823695600033,-0.012256029061973095,0.002910949056968093,0.011362317949533463,0.16080555319786072,0.14697054028511047,0.14175590872764587,0.15166515111923218,-0.5766791701316833,0.4125382900238037,-0.0860961303114891,0.0,0.0,0.0,0.0,0.0,0.0,0.0
10116200151,0,0.004462954588234425,-0.042459141463041306,-0.13899298012256622,6.569455581484362e-05,-0.04113857448101044,-0.6092487573623657,0.0032751455437391996,0.001919788308441639,-0.024547716602683067,-0.00875957403331995,0.002526273485273123,-0.4701167643070221,-0.012591656297445297,-0.024580227211117744,-0.0043389578349888325,0.0,0.0,-0.0047828578390181065,-0.005663287825882435,0.008773712441325188,0.003746181959286332,0.10006169974803925,0.1952727735042572,-0.00029631273355334997,-0.1347731053829193,0.04438656568527222,-22.199499130249023,0.11149178445339203,0.18237367272377014,-0.0019042044878005981,-0.0002667049702722579,-0.09981163591146469,-0.19663941860198975,0.00039035032386891544,6.0523271560668945,5.3907012939453125,5.142665386199951,5.614638805389404,-0.0015332031762227416,-0.019931640475988388,0.003066406352445483,0.009199218824505806,0.0,-0.005327953957021236,-0.011804379522800446,0.0061576575972139835,0.01123027317225933,0.0,-0.4925656020641327,-0.18117398023605347,-9.658258438110352,-0.028818070888519287,0.00656940508633852,-4.130173683166504,0.0,0.0,0.0,0.0,0.0,0.0,0.0,0.0,0.0,0.0,0.0,0.0,-0.003306207712739706,-0.012108676135540009,0.003784561762586236,0.011285154148936272,0.16080555319786072,0.14697054028511047,0.14175590872764587,0.15166515111923218,-0.5766791701316833,0.4125382900238037,-0.0860961303114891,0.0,0.0,0.0,0.0,0.0,0.0,0.0
10127321492,0,0.004445459693670273,-0.04240170493721962,-0.13913199305534363,6.569455581484362e-05,-0.04113857448101044,-0.6092487573623657,0.005026333965361118,0.002667378168553114,-0.01705111935734749,-0.00875957403331995,0.002526273485273123,-0.4701167643070221,-0.012553206644952297,-0.02492101676762104,-0.0044410754926502705,0.0,0.0,-0.0047828578390181065,-0.0020180093124508858,-0.0035044860560446978,-0.0011993442894890904,0.0991797223687172,0.1977902203798294,-0.0001731434604153037,-0.22854913771152496,-0.012182619422674179,-22.722824096679688,0.10326119512319565,0.20423361659049988,0.0030641478952020407,-0.0002851303725037724,-0.09999144822359085,-0.19664904475212097,0.0004224934382364154,6.081035137176514,5.59852933883667,5.127239227294922,5.917330265045166,-0.003066406352445483,-0.016865234822034836,0.003066406352445483,0.009199218824505806,0.0,-0.014047648757696152,-0.013719575479626656,0.016540180891752243,0.012875620275735855,0.0,-0.30835095047950745,0.29011133313179016,-9.639187812805176,-0.028818070888519287,0.00656940508633852,-4.130173683166504,0.0,0.0,0.0,0.0,0.0,0.0,0.0,0.0,0.0,0.0,0.0,0.0,-0.004447696730494499,-0.012068407610058784,0.005131080746650696,0.011312980204820633,0.16140355169773102,0.1513279378414154,0.14143112301826477,0.1579914093017578,0.05570584908127785,-0.35893794894218445,-0.19366063177585602,0.0,0.0,0.0,0.0,0.0,0.0,0.0
10136097565,0,0.00445139966905117,-0.04236189275979996,-0.13914799690246582,6.569455581484362e-05,-0.04113857448101044,-0.6102487444877625,0.004937663674354553,-0.0015672283479943871,-0.014284815639257431,-0.008771453984081745,0.002446648897603154,-0.47110074758529663,-0.012590887024998665,-0.024861522018909454,-0.004585768561810255,0.0,0.0,-0.0047828578390181065,0.0020428334828466177,-0.00541056040674448,-0.0028690521139651537,0.0991797223687172,0.1977902203798294,-0.0001731434604153037,-0.15871822834014893,0.08257003128528595,-22.893735885620117,0.09493064880371094,0.2058197259902954,0.0038822691421955824,-0.00029187690233811736,-0.10000820457935333,-0.1967702955007553,0.000366083811968565,6.092710494995117,5.646740436553955,5.1600494384765625,5.9957661628723145,-0.003066406352445483,-0.015332031063735485,0.003066406352445483,0.0076660155318677425,0.0,-0.00447088573127985,-0.015164295211434364,0.0051560187712311745,0.014175646007061005,0.0,-0.49293529987335205,-0.24886254966259003,-9.77312183380127,-0.02885786071419716,0.01501273363828659,-4.162497520446777,0.0,0.0,0.0,0.0,0.0,0.0,0.0,0.0,0.0,0.0,0.0,0.0,-0.005936498753726482,-0.012331586331129074,0.006894468329846859,0.011599083431065083,0.16140355169773102,0.1513279378414154,0.14143112301826477,0.1579914093017578,0.22062432765960693,-0.2618938684463501,-0.1568460613489151,0.0,0.0,0.0,0.0,0.0,0.0,0.0
10146187710,0,0.00445139966905117,-0.04236189275979996,-0.13914799690246582,6.569455581484362e-05,-0.04113857448101044,-0.6122487187385559,0.004937663674354553,-0.0015672283479943871,-0.014284815639257431,-0.008744987659156322,0.0023817389737814665,-0.47308868169784546,-0.012590887024998665,-0.024861522018909454,-0.004585768561810255,0.0,0.0,-0.0047828578390181065,-0.0012128547532483935,0.0015422196593135595,-0.002550202887505293,0.0991797223687172,0.1977902203798294,-0.0001731434604153037,-0.15871822834014893,0.08257003128528595,-22.893735885620117,0.09493064880371094,0.2058197259902954,0.0038822691421955824,-0.00029187690233811736,-0.10000820457935333,-0.1967702955007553,0.000366083811968565,6.092710494995117,5.646740436553955,5.1600494384765625,5.9957661628723145,-0.003066406352445483,-0.013798828236758709,0.004599609412252903,0.0076660155318677425,0.0,-0.00447088573127985,-0.015164295211434364,0.0051560187712311745,0.014175646007061005,0.0,-0.49293529987335205,-0.24886254966259003,-9.77312183380127,-0.030259018763899803,0.010455619543790817,-4.171339988708496,0.0,0.0,0.0,0.0,0.0,0.0,0.0,0.0,0.0,0.0,0.0,0.0,-0.006840058136731386,-0.01291708555072546,0.007966103963553905,0.012155265547335148,0.16263914108276367,0.1523442417383194,0.14343754947185516,0.15833351016044617,-0.09698943793773651,0.15130645036697388,-0.004410558380186558,0.0,0.0,0.0,0.0,0.0,0.0,0.0
10156150942,0,0.004438166506588459,-0.04232943803071976,-0.13916005194187164,6.569455581484362e-05,-0.04113857448101044,-0.6122487187385559,0.005715245380997658,0.0006801490671932697,-0.01587468944489956,-0.008744987659156322,0.0023817389737814665,-0.47308868169784546,-0.012647380121052265,-0.024698272347450256,-0.0045229168608784676,0.0,0.0,-0.0047828578390181065,-0.0012128547532483935,0.0015422196593135595,-0.002550202887505293,0.10038850456476212,0.19644930958747864,-0.00011714628635672852,-0.16642460227012634,0.057505905628204346,-22.94236946105957,0.10257125645875931,0.1933940201997757,0.0021649787668138742,-0.00029608068871311843,-0.10000820457935333,-0.1967702955007553,0.000366083811968565,6.140397548675537,5.647074222564697,5.222569465637207,5.933732509613037,-0.003066406352445483,-0.013798828236758709,0.006132812704890966,0.010732421651482582,0.0,-0.0063238018192350864,-0.014077350497245789,0.007311936933547258,0.013288745656609535,0.0,-0.19502267241477966,0.27503514289855957,-9.741735458374023,-0.030259018763899803,0.010455619543790817,-4.171339988708496,0.0,0.0,0.0,0.0,0.0,0.0,0.0,0.0,0.0,0.0,0.0,0.0,-0.006932741031050682,-0.01356956921517849,0.00807406660169363,0.012760702520608902,0.16263914108276367,0.1523442417383194,0.14343754947185516,0.15833351016044617,-0.09698943793773651,0.15130645036697388,-0.004410558380186558,0.0,0.0,0.0,0.0,0.0,0.0,0.0
10166156556,0,0.004438166506588459,-0.04232943803071976,-0.13916005194187164,6.569455581484362e-05,-0.04113857448101044,-0.6122487187385559,0.005715245380997658,0.0006801490671932697,-0.01587468944489956,-0.008744987659156322,0.0023817389737814665,-0.47308868169784546,-0.012647380121052265,-0.024698272347450256,-0.0045229168608784676,0.0,0.0,-0.0047828578390181065,0.00015763542614877224,-0.0021700244396924973,0.005015163216739893,0.10038850456476212,0.19644930958747864,-0.00011714628635672852,-0.19715172052383423,-0.011833734810352325,-23.054418563842773,0.09879142791032791,0.20071715116500854,-0.00660829059779644,-0.00029567760066129267,-0.10011595487594604,-0.1969514787197113,0.00025029119569808245,6.392641544342041,5.438843250274658,5.4650421142578125,5.758762359619141,-0.0015332031762227416,-0.012265625409781933,0.004599609412252903,0.013798828236758709,0.0,-0.011608743108808994,-0.012106029316782951,0.013461628928780556,0.011321843601763248,0.0,-0.19502267241477966,0.27503514289855957,-9.741735458374023,-0.030259018763899803,0.010455619543790817,-4.171339988708496,0.0,0.0,0.0,0.0,0.0,0.0,0.0,0.0,0.0,0.0,0.0,0.0,-0.007024283055216074,-0.013943370431661606,0.008170771412551403,0.013106079772114754,0.16788043081760406,0.14798086881637573,0.14853045344352722,0.15468032658100128,0.13708655536174774,-0.15987403690814972,0.30033808946609497,0.0,0.0,0.0,0.0,0.0,0.0,0.0
10176180628,0,0.004379339050501585,-0.0422854907810688,-0.13918405771255493,6.569455581484362e-05,-0.04113857448101044,-0.6142486929893494,0.00856861937791109,0.006884289905428886,-0.01623362861573696,-0.00862733181566,0.0022938440088182688,-0.47506463527679443,-0.012590720318257809,-0.02474827505648136,-0.00440455786883831,0.0,0.0,-0.0047828578390181065,0.00015763542614877224,-0.0021700244396924973,0.005015163216739893,0.10031992197036743,0.19694837927818298,-0.0001856198359746486,-0.19715172052383423,-0.011833734810352325,-23.054418563842773,0.09879142791032791,0.20071715116500854,-0.00660829059779644,-0.00029567760066129267,-0.10008692741394043,-0.1970434933900833,0.0003904759360011667,6.392641544342041,5.438843250274658,5.4650421142578125,5.758762359619141,-0.0015332031762227416,-0.012265625409781933,0.0076660155318677425,0.015332031063735485,0.0,-0.011608743108808994,-0.012106029316782951,0.013461628928780556,0.011321843601763248,0.0,-0.4780171811580658,0.1750328540802002,-10.177560806274414,-0.035845767706632614,-0.002151588210836053,-4.191712379455566,0.0,0.0,0.0,0.0,0.0,0.0,0.0,0.0,0.0,0.0,0.0,0.0,-0.007671458180993795,-0.013879112899303436,0.008910942822694778,0.01303743664175272,0.169585183262825,0.14370590448379517,0.15042735636234283,0.15124018490314484,0.13708655536174774,-0.15987403690814972,0.30033808946609497,0.0,0.0,0.0,0.0,0.0,0.0,0.0
10186222819,0,0.0043422263115644455,-0.04224170744419098,-0.13923592865467072,6.569455581484362e-05,-0.04113857448101044,-0.6152486801147461,0.005204335320740938,0.004258725326508284,-0.02243688516318798,-0.00855310633778572,0.0022062768694013357,-0.4760127663612366,-0.012513278983533382,-0.02485315501689911,-0.004280309658497572,0.0,0.0,-0.0047828578390181065,0.004613762721419334,-0.005257942248135805,0.010368099436163902,0.09842915087938309,0.19827532768249512,-0.0005806534900330007,-0.15868239104747772,0.015182804316282272,-22.859310150146484,0.09110525250434875,0.20575624704360962,-0.012012890540063381,-0.0002995794638991356,-0.10008692741394043,-0.1970434933900833,0.0003904759360011667,6.474851131439209,5.2353315353393555,5.555536270141602,5.594339370727539,-0.004599609412252903,-0.013798828236758709,0.0076660155318677425,0.012265625409781933,0.0,-0.007886036299169064,-0.011803969740867615,0.009073799476027489,0.010930011980235577,0.0,-0.25940316915512085,0.19856318831443787,-9.921099662780762,-0.02885134331882,0.0027605099603533745,-4.156238079071045,0.0,0.0,0.0,0.0,0.0,0.0,0.0,0.0,0.0,0.0,0.0,0.0,-0.008544547483325005,-0.013506394810974598,0.009912274777889252,0.012669025920331478,0.169585183262825,0.14370590448379517,0.15042735636234283,0.15124018490314484,0.2710132598876953,-0.2222975790500641,0.4100905656814575,0.0,0.0,0.0,0.0,0.0,0.0,0.0
10196067628,0,0.0043422263115644455,-0.04224170744419098,-0.13923592865467072,6.569455581484362e-05,-0.04113857448101044,-0.6152486801147461,0.005204335320740938,0.004258725326508284,-0.02243688516318798,-0.00855310633778572,0.0022062768694013357,-0.4760127663612366,-0.012513278983533382,-0.02485315501689911,-0.004280309658497572,0.0,0.0,-0.0047828578390181065,-0.002824554219841957,0.0038484237156808376,0.011785426177084446,0.09842915087938309,0.19827532768249512,-0.0005806534900330007,-0.1042206659913063,0.02427453175187111,-22.96656036376953,0.09110525250434875,0.20575624704360962,-0.012012890540063381,-0.0002995794638991356,-0.10008692741394043,-0.1970434933900833,0.0003904759360011667,6.623836517333984,5.148041725158691,5.708197593688965,5.487432479858398,-0.0076660155318677425,-0.013798828236758709,0.0076660155318677425,0.010732421651482582,0.0,-0.004316371865570545,-0.008888068608939648,0.004894664045423269,0.008219650946557522,0.0,-0.25940316915512085,0.19856318831443787,-9.921099662780762,-0.02885134331882,0.0027605099603533745,-4.156238079071045,0.0,0.0,0.0,0.0,0.0,0.0,0.0,0.0,0.0,0.0,0.0,0.0,-0.008859490044414997,-0.012888362631201744,0.010259648784995079,0.012059983797371387,0.169585183262825,0.14370590448379517,0.15042735636234283,0.15124018490314484,-0.2579195201396942,0.3099055588245392,0.02824188768863678,0.0,0.0,0.0,0.0,0.0,0.0,0.0
10207513183,0,0.004155975766479969,-0.04213252663612366,-0.13942398130893707,6.569455581484362e-05,-0.04113857448101044,-0.6182486414909363,0.003324770601466298,-0.0019171977182850242,-0.020484255626797676,-0.008180603384971619,0.0019879143219441175,-0.4788246750831604,-0.012705844826996326,-0.02460917830467224,-0.003954509273171425,0.0,0.0,-0.0047828578390181065,-0.012771193869411945,0.006912251003086567,-0.00037183702806942165,0.10096166282892227,0.19565576314926147,-0.0008063206914812326,-0.13458296656608582,0.0825589969754219,-23.160367965698242,0.10605200380086899,0.1896868497133255,-0.009353826753795147,-0.0003349834878463298,-0.10003450512886047,-0.19718317687511444,0.0009297622600570321,6.11900520324707,5.830850124359131,5.168848991394043,6.04296875,-0.010732421651482582,-0.015332031063735485,0.009199218824505806,0.012265625409781933,0.0,-0.003065431257709861,-0.013229228556156158,0.0034880435559898615,0.012644315138459206,0.0,-0.0678068995475769,-0.3124074935913086,-9.644577980041504,-0.024469628930091858,0.015010726638138294,-4.2109761238098145,0.0,0.0,0.0,0.0,0.0,0.0,0.0,0.0,0.0,0.0,0.0,0.0,-0.008283020928502083,-0.012181023135781288,0.009568408131599426,0.011380953714251518,0.1695876270532608,0.14752036333084106,0.15048599243164062,0.15307310223579407,-0.6270111799240112,0.32058286666870117,-0.5718886852264404,0.0,0.0,0.0,0.0,0.0,0.0,0.0
10216055542,0,0.004155975766479969,-0.04213252663612366,-0.13942398130893707,6.569455581484362e-05,-0.04113857448101044,-0.6202486157417297,0.003324770601466298,-0.0019171977182850242,-0.020484255626797676,-0.007870586588978767,0.0020046632271260023,-0.48073291778564453,-0.012705844826996326,-0.02460917830467224,-0.003954509273171425,0.0,0.0,-0.0047828578390181065,-0.014020630158483982,0.0011575913522392511,-0.016151046380400658,0.10354682058095932,0.19731752574443817,0.00031824273173697293,-0.13458296656608582,0.0825589969754219,-23.160367965698242,0.12014692276716232,0.18608134984970093,0.005849746521562338,-0.0003584535443224013,-0.10003450512886047,-0.19718317687511444,0.0009297622600570321,6.11900520324707,5.830850124359131,5.168848991394043,6.04296875,-0.0076660155318677425,-0.015332031063735485,0.010732421651482582,0.012265625409781933,0.0,-0.003069601720198989,-0.013233602978289127,0.003483107779175043,0.012640093453228474,0.0,-0.5004488229751587,0.15163783729076385,-9.716147422790527,-0.018790744245052338,0.0036022919230163097,-4.258193492889404,0.0,0.0,0.0,0.0,0.0,0.0,0.0,0.0,0.0,0.0,0.0,0.0,-0.007094619330018759,-0.01182650402188301,0.00817111786454916,0.01107580866664648,0.1695876270532608,0.14752036333084106,0.15048599243164062,0.15307310223579407,-0.3885805904865265,-0.10361377894878387,-1.0429526567459106,0.0,0.0,0.0,0.0,0.0,0.0,0.0
10226191858,0,0.004000968299806118,-0.0421409010887146,-0.1395157128572464,6.569455581484362e-05,-0.04113857448101044,-0.6202486157417297,0.0005915186484344304,0.003952817525714636,-0.01773998700082302,-0.007870586588978767,0.0020046632271260023,-0.48073291778564453,-0.012873170897364616,-0.024818792939186096,-0.004584916401654482,0.0,0.0,-0.0047828578390181065,-0.014020630158483982,0.0011575913522392511,-0.016151046380400658,0.10354682058095932,0.19731752574443817,0.00031824273173697293,-0.10334908962249756,0.019812606275081635,-23.42006492614746,0.12145325541496277,0.19719606637954712,0.023162484169006348,-0.0003809905028901994,-0.10003450512886047,-0.19718317687511444,0.0009297622600570321,5.770637035369873,6.313315391540527,4.7814741134643555,6.555935859680176,-0.004599609412252903,-0.013798828236758709,0.010732421651482582,0.012265625409781933,0.0,-0.005189869552850723,-0.006962855812162161,0.00609030993655324,0.006578834727406502,0.0,-0.416899174451828,0.5443868637084961,-9.651458740234375,-0.018790744245052338,0.0036022919230163097,-4.258193492889404,0.0,0.0,0.0,0.0,0.0,0.0,0.0,0.0,0.0,0.0,0.0,0.0,-0.00586504302918911,-0.011622313410043716,0.006739350967109203,0.010934964753687382,0.1695876270532608,0.14752036333084106,0.15048599243164062,0.15307310223579407,-0.3885805904865265,-0.10361377894878387,-1.0429526567459106,0.0,0.0,0.0,0.0,0.0,0.0,0.0
10238118762,0,0.003907923586666584,-0.04213450849056244,-0.13955506682395935,6.569455581484362e-05,-0.04113857448101044,-0.6212486028671265,0.0042029875330626965,-0.0025800024159252644,-0.016336126253008842,-0.007684496697038412,0.001991878030821681,-0.4816935360431671,-0.013012866489589214,-0.024833254516124725,-0.004819914232939482,0.0,0.0,-0.0047828578390181065,-0.005089841783046722,-0.0063455356284976006,-0.02169225364923477,0.09982357174158096,0.19964466989040375,0.00031729653710499406,-0.10334908962249756,0.019812606275081635,-23.42006492614746,0.10597535222768784,0.2082493007183075,0.025247205048799515,-0.00038855228922329843,-0.10051226615905762,-0.1971748322248459,0.0005106207099743187,5.712008476257324,6.324499130249023,4.735970497131348,6.648878574371338,-0.003066406352445483,-0.012265625409781933,0.009199218824505806,0.010732421651482582,0.0,-0.005244579166173935,-0.0069518438540399075,0.00614709360525012,0.006485635880380869,0.0,0.09129245579242706,-0.07785813510417938,-9.665813446044922,-0.025853049010038376,0.016802169382572174,-4.279088497161865,0.0,0.0,0.0,0.0,0.0,0.0,0.0,0.0,0.0,0.0,0.0,0.0,-0.005040446296334267,-0.010950865224003792,0.005797768943011761,0.010337188839912415,0.15370266139507294,0.16646604239940643,0.1331726461648941,0.17318904399871826,0.2550085783004761,-0.4484177529811859,-0.841070294380188,0.0,0.0,0.0,0.0,0.0,0.0,0.0
10245973524,0,0.003907923586666584,-0.04213450849056244,-0.13955506682395935,6.569455581484362e-05,-0.04113857448101044,-0.6212486028671265,0.0042029875330626965,-0.0025800024159252644,-0.016336126253008842,-0.007684496697038412,0.001991878030821681,-0.4816935360431671,-0.013012866489589214,-0.024833254516124725,-0.004819914232939482,0.0,0.0,-0.0047828578390181065,0.012448086403310299,-0.006262102164328098,0.002566580893471837,0.09982357174158096,0.19964466989040375,0.00031729653710499406,-0.09075918048620224,-0.01638144813477993,-23.597139358520508,0.08055147528648376,0.20517370104789734,-0.009702394716441631,-0.0003666194388642907,-0.10042345523834229,-0.1974986046552658,-6.241461960598826e-06,6.586856842041016,5.460136413574219,5.697354793548584,5.854395866394043,-0.006132812704890966,-0.012265625409781933,0.0076660155318677425,0.010732421651482582,0.0,-0.0058113690465688705,-0.00488909101113677,0.006578789092600346,0.004423699341714382,0.0,0.09129245579242706,-0.07785813510417938,-9.665813446044922,-0.025853049010038376,0.016802169382572174,-4.279088497161865,0.0,0.0,0.0,0.0,0.0,0.0,0.0,0.0,0.0,0.0,0.0,0.0,-0.004696191288530827,-0.009788058698177338,0.0054164426401257515,0.009241657331585884,0.1719054877758026,0.1484275907278061,0.1533960998058319,0.15667808055877686,0.6340990662574768,-0.000273428246146068,0.7949343323707581,0.0,0.0,0.0,0.0,0.0,0.0,0.0
10256027096,0,0.0037562698125839233,-0.042095694690942764,-0.13960525393486023,6.569455581484362e-05,-0.04113857448101044,-0.6232485771179199,-0.0003241507220081985,0.006943707820028067,-0.01808539591729641,-0.0073811872862279415,0.0019142499659210443,-0.4836433231830597,-0.012323721311986446,-0.025216450914740562,-0.0045332517474889755,0.0,0.0,-0.0047828578390181065,0.010415496304631233,0.00035427839611656964,0.019239099696278572,0.09934055060148239,0.19890886545181274,-0.00025964766973629594,-0.09075918048620224,-0.01638144813477993,-23.597139358520508,0.08055147528648376,0.20517370104789734,-0.009702394716441631,-0.0003666194388642907,-0.10042345523834229,-0.1974986046552658,-6.241461960598826e-06,6.586856842041016,5.460136413574219,5.697354793548584,5.854395866394043,-0.0076660155318677425,-0.013798828236758709,0.006132812704890966,0.0076660155318677425,0.0,-0.0058113690465688705,-0.00488909101113677,0.006578789092600346,0.004423699341714382,0.0,-0.4327711760997772,-0.16162019968032837,-10.030884742736816,-0.016501668840646744,-0.002978445030748844,-4.290389060974121,0.0,0.0,0.0,0.0,0.0,0.0,0.0,0.0,0.0,0.0,0.0,0.0,-0.004706516396254301,-0.008407341316342354,0.005423471797257662,0.007908937521278858,0.1719054877758026,0.1484275907278061,0.1533960998058319,0.15667808055877686,0.15692265331745148,0.3071027994155884,1.1273529529571533,0.0,0.0,0.0,0.0,0.0,0.0,0.0
10266039301,0,0.003664401825517416,-0.04208289831876755,-0.1396603286266327,6.569455581484362e-05,-0.04113857448101044,-0.6242485642433167,0.004900997504591942,-0.0014755980810150504,-0.019991740584373474,-0.007197450380772352,0.0018886571051552892,-0.48458823561668396,-0.012385230511426926,-0.024852685630321503,-0.004083093721419573,0.0,0.0,-0.0047828578390181065,0.010415496304631233,0.00035427839611656964,0.019239099696278572,0.09788351505994797,0.198263481259346,-0.0008903859998099506,-0.14459195733070374,0.0759628638625145,-23.571855545043945,0.08589879423379898,0.19483818113803864,-0.026012009009718895,-0.00035863291122950613,-0.10023605823516846,-0.1975793093442917,0.00024430587654933333,6.979794025421143,5.07072639465332,6.107161045074463,5.415492534637451,-0.0076660155318677425,-0.013798828236758709,0.003066406352445483,0.004599609412252903,0.0,-0.003532183123752475,-0.015455544926226139,0.003909229766577482,0.014327546581625938,0.0,-0.4327711760997772,-0.16162019968032837,-10.030884742736816,-0.026289448142051697,0.013811429962515831,-4.285791873931885,0.0,0.0,0.0,0.0,0.0,0.0,0.0,0.0,0.0,0.0,0.0,0.0,-0.004810326732695103,-0.0075665246695280075,0.0055169654078781605,0.007067250553518534,0.18002156913280487,0.1402406543493271,0.1619475930929184,0.14749081432819366,0.15692265331745148,0.3071027994155884,1.1273529529571533,0.0,0.0,0.0,0.0,0.0,0.0,0.0
10276461651,0,0.003664401825517416,-0.04208289831876755,-0.1396603286266327,6.569455581484362e-05,-0.04113857448101044,-0.6242485642433167,0.004900997504591942,-0.0014755980810150504,-0.019991740584373474,-0.007197450380772352,0.0018886571051552892,-0.48458823561668396,-0.012385230511426926,-0.024852685630321503,-0.004083093721419573,0.0,0.0,-0.0047828578390181065,-0.012546638958156109,0.0026083544362336397,0.01640227437019348,0.09788351505994797,0.198263481259346,-0.0008903859998099506,-0.07641971111297607,0.06593026220798492,-23.65569496154785,0.12438677251338959,0.19360926747322083,-0.013268187642097473,-0.0003897265705745667,-0.10030360519886017,-0.19754542410373688,0.0010082186199724674,6.739051818847656,5.471689701080322,5.752500534057617,5.693487644195557,-0.006132812704890966,-0.013798828236758709,0.004599609412252903,0.0076660155318677425,0.0,-0.0006131712580099702,-0.009275500662624836,0.0005710504483431578,0.00876533892005682,0.0,-0.49516379833221436,-0.012735862284898758,-9.987201690673828,-0.026289448142051697,0.013811429962515831,-4.285791873931885,0.0,0.0,0.0,0.0,0.0,0.0,0.0,0.0,0.0,0.0,0.0,0.0,-0.004596013575792313,-0.007836193777620792,0.005235430784523487,0.0072795432060956955,0.17505328357219696,0.14866973459720612,0.1545492559671402,0.153315469622612,-0.7573201656341553,0.07701409608125687,0.07249603420495987,0.0,0.0,0.0,0.0,0.0,0.0,0.0
10291479519,0,0.003509350586682558,-0.042127206921577454,-0.13979578018188477,6.569455581484362e-05,-0.04113857448101044,-0.6262485384941101,-0.001013817498460412,-0.00028596288757398725,-0.0214939434081316,-0.006887346506118774,0.0019772748928517103,-0.48645275831222534,-0.012703640386462212,-0.024868883192539215,-0.0038179238326847553,0.0,0.0,-0.0047828578390181065,-0.012546638958156109,0.0026083544362336397,0.01640227437019348,0.1042669340968132,0.19698776304721832,-0.0008416636846959591,-0.07641971111297607,0.06593026220798492,-23.65569496154785,0.12438677251338959,0.19360926747322083,-0.013268187642097473,-0.0003897265705745667,-0.10030360519886017,-0.19754542410373688,0.0010082186199724674,6.739051818847656,5.471689701080322,5.752500534057617,5.693487644195557,-0.004599609412252903,-0.013798828236758709,0.0076660155318677425,0.015332031063735485,0.0,-0.0006131712580099702,-0.009275500662624836,0.0005710504483431578,0.00876533892005682,0.0,-0.5482632517814636,0.09528331458568573,-9.757728576660156,-0.013894492760300636,0.011987321078777313,-4.301035404205322,0.0,0.0,0.0,0.0,0.0,0.0,0.0,0.0,0.0,0.0,0.0,0.0,-0.0038903281092643738,-0.008519508875906467,0.004390259273350239,0.007914715446531773,0.17505328357219696,0.14866973459720612,0.1545492559671402,0.153315469622612,-0.7573201656341553,0.07701409608125687,0.07249603420495987,0.0,0.0,0.0,0.0,0.0,0.0,0.0
10297475068,0,0.003509350586682558,-0.042127206921577454,-0.13979578018188477,6.569455581484362e-05,-0.04113857448101044,-0.6262485384941101,-0.001013817498460412,-0.00028596288757398725,-0.0214939434081316,-0.006887346506118774,0.0019772748928517103,-0.48645275831222534,-0.012703640386462212,-0.024868883192539215,-0.0038179238326847553,0.0,0.0,-0.0047828578390181065,-0.012546638958156109,0.0026083544362336397,0.01640227437019348,0.1042669340968132,0.19698776304721832,-0.0008416636846959591,-0.07641971111297607,0.06593026220798492,-23.65569496154785,0.12438677251338959,0.19360926747322083,-0.013268187642097473,-0.0003897265705745667,-0.10030360519886017,-0.19754542410373688,0.0010082186199724674,6.739051818847656,5.471689701080322,5.752500534057617,5.693487644195557,-0.003066406352445483,-0.012265625409781933,0.009199218824505806,0.016865234822034836,0.0,-0.0006131712580099702,-0.009275500662624836,0.0005710504483431578,0.00876533892005682,0.0,-0.5482632517814636,0.09528331458568573,-9.757728576660156,-0.013894492760300636,0.011987321078777313,-4.301035404205322,0.0,0.0,0.0,0.0,0.0,0.0,0.0,0.0,0.0,0.0,0.0,0.0,-0.002938538324087858,-0.008995071984827518,0.003269846085458994,0.00838406290858984,0.17505328357219696,0.14866973459720612,0.1545492559671402,0.153315469622612,-0.7573201656341553,0.07701409608125687,0.07249603420495987,0.0,0.0,0.0,0.0,0.0,0.0,0.0
10307594640,0,0.0032954730559140444,-0.042190056294202805,-0.13991616666316986,6.569455581484362e-05,-0.04113857448101044,-0.6292484998703003,0.0002929239999502897,0.0043031396344304085,-0.017034491524100304,-0.0064595891162753105,0.0021029741037636995,-0.48933231830596924,-0.012827247381210327,-0.0250406451523304,-0.004161525052040815,0.0,0.0,-0.0047828578390181065,-0.008849208243191242,-0.0034785689786076546,-0.0036350085865706205,0.10193371772766113,0.1990816593170166,-0.000552810204681009,-0.02773866057395935,0.10469862073659897,-23.884918212890625,0.11204603314399719,0.2028149664402008,0.008939860388636589,-0.0004458259209059179,-0.10070418566465378,-0.19763466715812683,0.0011390717700123787,6.235609531402588,6.052018165588379,5.26006555557251,6.338077545166016,-0.003066406352445483,-0.009199218824505806,0.009199218824505806,0.012265625409781933,0.0,0.004285859409719706,-0.007817015051841736,-0.005264985840767622,0.007311283145099878,0.0,-0.37825533747673035,0.4271317422389984,-9.71605110168457,-0.01619475521147251,0.0033782734535634518,-4.372363567352295,0.0,0.0,0.0,0.0,0.0,0.0,0.0,0.0,0.0,0.0,0.0,0.0,-0.0018153421115130186,-0.009213423356413841,0.001951585290953517,0.008618170395493507,0.1646193414926529,0.16079910099506378,0.14422594010829926,0.16674792766571045,0.0265435092151165,-0.1796477735042572,-0.6147608757019043,0.0,0.0,0.0,0.0,0.0,0.0,0.0
10316602777,0,0.00321670388802886,-0.04219680279493332,-0.13993355631828308,6.569455581484362e-05,-0.04113857448101044,-0.630248486995697,0.00822557881474495,0.0022363767493516207,-0.014311494305729866,-0.006302050314843655,0.0021164673380553722,-0.49031493067741394,-0.012612470425665379,-0.024838460609316826,-0.004046331159770489,0.0,0.0,-0.0047828578390181065,0.0074066221714019775,-0.0023278750013560057,-0.0010855107102543116,0.0986398234963417,0.19907963275909424,-0.000813754799310118,-0.17475982010364532,0.04052545502781868,-24.216934204101562,0.08339229971170425,0.20208857953548431,0.0024845311418175697,-0.00046866823686286807,-0.10074660927057266,-0.19769300520420074,0.0010776109993457794,6.43515157699585,5.930296421051025,5.54926872253418,6.303149223327637,-0.006132812704890966,-0.010732421651482582,0.0076660155318677425,0.006132812704890966,0.0,-0.007454196456819773,-0.012921174988150597,0.008460602723062038,0.011995146982371807,0.0,0.2839139699935913,0.24606837332248688,-9.598877906799316,-0.03177451342344284,0.007368264254182577,-4.403079032897949,0.0,0.0,0.0,0.0,0.0,0.0,0.0,0.0,0.0,0.0,0.0,0.0,-0.0009046938503161073,-0.00936588179320097,0.0008740078192204237,0.008775304071605206,0.1646193414926529,0.16079910099506378,0.14422594010829926,0.16674792766571045,0.784090518951416,-0.0681079551577568,-0.18120460212230682,0.0,0.0,0.0,0.0,0.0,0.0,0.0
10326363209,0,0.00321670388802886,-0.04219680279493332,-0.13993355631828308,6.569455581484362e-05,-0.04113857448101044,-0.630248486995697,0.00822557881474495,0.0022363767493516207,-0.014311494305729866,-0.006302050314843655,0.0021164673380553722,-0.49031493067741394,-0.012612470425665379,-0.024838460609316826,-0.004046331159770489,0.0,0.0,-0.0047828578390181065,0.0074066221714019775,-0.0023278750013560057,-0.0010855107102543116,0.0986398234963417,0.19907963275909424,-0.000813754799310118,-0.17475982010364532,0.04052545502781868,-24.216934204101562,0.08339229971170425,0.20208857953548431,0.0024845311418175697,-0.00046866823686286807,-0.1004994735121727,-0.1977837234735489,0.001026118639856577,6.43515157699585,5.930296421051025,5.54926872253418,6.303149223327637,-0.010732421651482582,-0.012265625409781933,0.0076660155318677425,0.004599609412252903,0.0,-0.007454196456819773,-0.012921174988150597,0.008460602723062038,0.011995146982371807,0.0,0.2839139699935913,0.24606837332248688,-9.598877906799316,-0.03177451342344284,0.007368264254182577,-4.403079032897949,0.0,0.0,0.0,0.0,0.0,0.0,0.0,0.0,0.0,0.0,0.0,0.0,-0.0011237974977120757,-0.009861446917057037,0.0011107891332358122,0.0092306574806571,0.166781485080719,0.16094571352005005,0.14757056534290314,0.1680372804403305,0.784090518951416,-0.0681079551577568,-0.18120460212230682,0.0,0.0,0.0,0.0,0.0,0.0,0.0
10336086086,0,0.0030997074209153652,-0.042154036462306976,-0.13995003700256348,6.569455581484362e-05,-0.04113857448101044,-0.6322484612464905,0.0011183280730620027,0.0033802990801632404,-0.017352523282170296,-0.006068055983632803,0.0020309342071413994,-0.492298424243927,-0.01233805250376463,-0.025068754330277443,-0.0040506660006940365,0.0,0.0,-0.0047828578390181065,2.0267150830477476e-05,-0.0047096870839595795,-0.016066350042819977,0.10200351476669312,0.19879084825515747,-0.0004277458065189421,-0.09506149590015411,0.025853073224425316,-24.216604232788086,0.09436149150133133,0.2016816884279251,0.006991664879024029,-0.000504152150824666,-0.1004994735121727,-0.1977837234735489,0.001026118639856577,6.33969259262085,6.0590500831604,5.419283390045166,6.400202751159668,-0.009199218824505806,-0.010732421651482582,0.004599609412252903,0.004599609412252903,0.0,-0.003946077544242144,-0.0071460227482020855,0.0044140443205833435,0.006593865808099508,0.0,-0.24795271456241608,-0.48319950699806213,-9.832425117492676,-0.017283909022808075,0.004700558725744486,-4.403018951416016,0.0,0.0,0.0,0.0,0.0,0.0,0.0,0.0,0.0,0.0,0.0,0.0,-0.002237850334495306,-0.01040335651487112,0.0023968066088855267,0.009715558961033821,0.166781485080719,0.16094571352005005,0.14757056534290314,0.1680372804403305,-0.35541781783103943,-0.1356448084115982,-0.6763651967048645,0.0,0.0,0.0,0.0,0.0,0.0,0.0
10346185345,0,0.0030997074209153652,-0.042154036462306976,-0.13995003700256348,6.569455581484362e-05,-0.04113857448101044,-0.6342484354972839,0.0011183280730620027,0.0033802990801632404,-0.017352523282170296,-0.005877125542610884,0.0020265160128474236,-0.49423545598983765,-0.01233805250376463,-0.025068754330277443,-0.0040506660006940365,0.0,0.0,-0.0047828578390181065,-0.0039403075352311134,-0.0012547136284410954,-0.021439172327518463,0.10200351476669312,0.19879084825515747,-0.0004277458065189421,-0.08784330636262894,0.1347145140171051,-24.298233032226562,0.10859284549951553,0.198306605219841,0.022379400208592415,-0.0005176621489226818,-0.10048923641443253,-0.19794060289859772,0.0004095620824955404,5.9908599853515625,6.492551803588867,5.039547443389893,6.776036262512207,-0.004599609412252903,-0.009199218824505806,0.004599609412252903,0.0076660155318677425,0.0,0.002672206610441208,-0.012206405401229858,-0.003399946726858616,0.011529618874192238,0.0,-0.24795271456241608,-0.48319950699806213,-9.832425117492676,-0.015971509739756584,0.024493547156453133,-4.417860507965088,0.0,0.0,0.0,0.0,0.0,0.0,0.0,0.0,0.0,0.0,0.0,0.0,-0.002957491669803858,-0.010568669997155666,0.0032277225982397795,0.009854868054389954,0.15952487289905548,0.1699521541595459,0.1395835429430008,0.17581745982170105,-0.3491787314414978,0.08038313686847687,-0.5626664161682129,0.0,0.0,0.0,0.0,0.0,0.0,0.0
10356200666,0,0.003004242666065693,-0.04215182736515999,-0.14001299440860748,6.569455581484362e-05,-0.04113857448101044,-0.6342484354972839,0.0005859109805896878,-0.006186031736433506,-0.018498390913009644,-0.005877125542610884,0.0020265160128474236,-0.49423545598983765,-0.013005709275603294,-0.025029469281435013,-0.004799241665750742,0.0,0.0,-0.0047828578390181065,-0.0039403075352311134,-0.0012547136284410954,-0.021439172327518463,0.10116074979305267,0.19785572588443756,0.0002075933152809739,-0.08784330636262894,0.1347145140171051,-24.298233032226562,0.10859284549951553,0.198306605219841,0.022379400208592415,-0.0005176621489226818,-0.10060104727745056,-0.1979435533285141,9.730958845466375e-05,5.9908599853515625,6.492551803588867,5.039547443389893,6.776036262512207,0.0,-0.009199218824505806,0.006132812704890966,0.0076660155318677425,0.0,0.002672206610441208,-0.012206405401229858,-0.003399946726858616,0.011529618874192238,0.0,0.136641263961792,0.6739323139190674,-10.014504432678223,-0.015971509739756584,0.024493547156453133,-4.417860507965088,0.0,0.0,0.0,0.0,0.0,0.0,0.0,0.0,0.0,0.0,0.0,0.0,-0.0025779008865356445,-0.010718736797571182,0.0027738651260733604,0.010004723444581032,0.16496409475803375,0.1638147383928299,0.1453806608915329,0.16896405816078186,-0.3491787314414978,0.08038313686847687,-0.5626664161682129,0.0,0.0,0.0,0.0,0.0,0.0,0.0
10366154110,0,0.0029873372986912727,-0.04212285205721855,-0.14006301760673523,6.569455581484362e-05,-0.04113857448101044,-0.6352484226226807,0.0024447254836559296,0.0016222278354689479,-0.022318903356790543,-0.005843314807862043,0.0019685649313032627,-0.49518540501594543,-0.012744950130581856,-0.02496795915067196,-0.004808767698705196,0.0,0.0,-0.0047828578390181065,-0.005175305530428886,0.004235539585351944,-0.014210857450962067,0.10515546053647995,0.19712908565998077,0.00013896054588258266,-0.08784330636262894,0.1347145140171051,-24.298233032226562,0.10859284549951553,0.198306605219841,0.022379400208592415,-0.0005176621489226818,-0.10060104727745056,-0.1979435533285141,9.730958845466375e-05,6.252192974090576,6.196903228759766,5.315002918243408,6.444891452789307,0.0,-0.012265625409781933,0.004599609412252903,0.010732421651482582,0.0,0.002560512162744999,-0.012788789346814156,-0.003223738633096218,0.012122053653001785,0.0,-0.3771742284297943,-0.3081800937652588,-9.734756469726562,-0.019361235201358795,0.008428432047367096,-4.401443004608154,0.0,0.0,0.0,0.0,0.0,0.0,0.0,0.0,0.0,0.0,0.0,0.0,-0.0014275785069912672,-0.011093922890722752,0.001419544918462634,0.010387139394879341,0.16496409475803375,0.1638147383928299,0.1453806608915329,0.16896405816078186,-0.1658335030078888,0.30395522713661194,0.05228675901889801,0.0,0.0,0.0,0.0,0.0,0.0,0.0
10376506596,0,0.0029873372986912727,-0.04212285205721855,-0.14006301760673523,6.569455581484362e-05,-0.04113857448101044,-0.6352484226226807,0.0024447254836559296,0.0016222278354689479,-0.022318903356790543,-0.005843314807862043,0.0019685649313032627,-0.49518540501594543,-0.012744950130581856,-0.02496795915067196,-0.004808767698705196,0.0,0.0,-0.0047828578390181065,-0.0007995110936462879,0.006756179500371218,0.004494931548833847,0.10515546053647995,0.19712908565998077,0.00013896054588258266,-0.20094852149486542,-0.05377396196126938,-24.36109161376953,0.1119891032576561,0.1898539960384369,0.010745810344815254,-0.0005063142161816359,-0.10060104727745056,-0.1979435533285141,9.730958845466375e-05,6.838624477386475,5.652243137359619,5.945189952850342,5.925772190093994,-0.004599609412252903,-0.013798828236758709,0.0015332031762227416,0.010732421651482582,0.0,-0.013249881565570831,-0.00930341612547636,0.015056041069328785,0.008688211441040039,0.0,-0.5020542144775391,-0.3755938410758972,-9.795762062072754,-0.019361235201358795,0.008428432047367096,-4.401443004608154,0.0,0.0,0.0,0.0,0.0,0.0,0.0,0.0,0.0,0.0,0.0,0.0,-0.000850134005304426,-0.011403539218008518,0.0007318120333366096,0.010709616355597973,0.16496409475803375,0.1638147383928299,0.1453806608915329,0.16896405816078186,0.13212206959724426,0.27448010444641113,0.887791097164154,0.0,0.0,0.0,0.0,0.0,0.0,0.0
10386114985,0,0.00291376537643373,-0.04206011816859245,-0.14016349613666534,6.569455581484362e-05,-0.04113857448101044,-0.6372483968734741,0.0012509780935943127,-0.005194195546209812,-0.018631955608725548,-0.0056961700320243835,0.0018430965719744563,-0.49708491563796997,-0.01294572465121746,-0.02469283528625965,-0.004218751564621925,0.0,0.0,-0.0047828578390181065,0.005621878895908594,0.0031275921501219273,0.018455011770129204,0.09738009423017502,0.19672849774360657,-0.0008004623232409358,-0.09237127006053925,0.12196222692728043,-24.509044647216797,0.08878543972969055,0.1938902586698532,-0.025516323745250702,-0.00047866840031929314,-0.10061127692461014,-0.19784632325172424,0.00022045581135898829,7.203011512756348,5.324734687805176,6.3274712562561035,5.654365539550781,-0.0076660155318677425,-0.013798828236758709,0.0015332031762227416,0.0076660155318677425,0.0,0.0013802143512293696,-0.014329586178064346,-0.0017356498865410686,0.013310118578374386,0.0,-0.5020542144775391,-0.3755938410758972,-9.795762062072754,-0.016794776543974876,0.022174950689077377,-4.45619010925293,0.0,0.0,0.0,0.0,0.0,0.0,0.0,0.0,0.0,0.0,0.0,0.0,-0.0014499559765681624,-0.011560934595763683,0.0014188764616847038,0.01086683664470911,0.18461598455905914,0.14558503031730652,0.16652777791023254,0.15249685943126678,0.2972777187824249,-0.028935424983501434,1.1553386449813843,0.0,0.0,0.0,0.0,0.0,0.0,0.0
10395845596,0,0.0028712237253785133,-0.04204901307821274,-0.14021262526512146,6.569455581484362e-05,-0.04113857448101044,-0.6392483711242676,0.0077061159536242485,0.010746643878519535,-0.017296327278017998,-0.005611086264252663,0.0018208862747997046,-0.4990357458591461,-0.012410590425133705,-0.024916116148233414,-0.0037439726293087006,0.0,0.0,-0.0047828578390181065,0.00530375586822629,-0.0011595308315008879,0.021631211042404175,0.09860565513372421,0.19809946417808533,-0.0010610135504975915,-0.09237127006053925,0.12196222692728043,-24.509044647216797,0.08878543972969055,0.1938902586698532,-0.025516323745250702,-0.00047866840031929314,-0.10055331885814667,-0.197854146361351,0.0006246392149478197,7.177358150482178,5.377691268920898,6.259012699127197,5.706418037414551,-0.006132812704890966,-0.012265625409781933,0.0015332031762227416,0.006132812704890966,0.0,0.0013851472176611423,-0.014188465662300587,-0.0017546346643939614,0.013188698329031467,0.0,-0.5020542144775391,-0.3755938410758972,-9.795762062072754,-0.02982327900826931,-0.010221818462014198,-4.49172830581665,0.0,0.0,0.0,0.0,0.0,0.0,0.0,0.0,0.0,0.0,0.0,0.0,-0.0018973973346874118,-0.011910858564078808,0.0019484423100948334,0.01117619313299656,0.18408839404582977,0.14669731259346008,0.16510583460330963,0.15358582139015198,0.14329485595226288,-0.21286657452583313,0.7077571153640747,0.0,0.0,0.0,0.0,0.0,0.0,0.0
10405980714,0,0.0028712237253785133,-0.04204901307821274,-0.14021262526512146,6.569455581484362e-05,-0.04113857448101044,-0.641248345375061,0.0077061159536242485,0.010746643878519535,-0.017296327278017998,-0.0054856822825968266,0.0018188522662967443,-0.5,-0.012410590425133705,-0.024916116148233414,-0.0037439726293087006,0.0,0.0,-0.0047828578390181065,0.00530375586822629,-0.0011595308315008879,0.021631211042404175,0.09860565513372421,0.19809946417808533,-0.0010610135504975915,-0.11208746582269669,0.033513061702251434,-24.51996612548828,0.09592495858669281,0.20104075968265533,-0.023525381460785866,-0.0004835780127905309,-0.10055331885814667,-0.197854146361351,0.0006246392149478197,7.177358150482178,5.377691268920898,6.259012699127197,5.706418037414551,-0.003066406352445483,-0.010732421651482582,0.003066406352445483,0.0076660155318677425,0.0,-0.003943783696740866,-0.009670320898294449,0.004354473669081926,0.008928999304771423,0.0,-0.09290827065706253,0.8386715054512024,-9.778409004211426,-0.019751932471990585,0.015233853831887245,-4.517850399017334,0.0,0.0,0.0,0.0,0.0,0.0,0.0,0.0,0.0,0.0,0.0,0.0,-0.0017577963881194592,-0.012301314622163773,0.001808270695619285,0.011508793570101261,0.18408839404582977,0.14669731259346008,0.16510583460330963,0.15358582139015198,0.14329485595226288,-0.21286657452583313,0.7077571153640747,0.0,0.0,0.0,0.0,0.0,0.0,0.0
10415883307,0,0.002808521967381239,-0.04204799607396126,-0.14021891355514526,6.569455581484362e-05,-0.04113857448101044,-0.641248345375061,0.002763009862974286,-0.0016081836074590683,-0.016020096838474274,-0.0054856822825968266,0.0018188522662967443,-0.5,-0.013074983842670918,-0.024729039520025253,-0.004454621113836765,0.0,0.0,-0.0047828578390181065,-0.012885093688964844,0.003817163174971938,-0.009396580047905445,0.10640586167573929,0.19603386521339417,9.027895430335775e-05,-0.08576159179210663,0.16926486790180206,-24.887929916381836,0.12303347885608673,0.1916009783744812,0.01728501170873642,-0.0005210386007092893,-0.10082380473613739,-0.1978188157081604,0.0005467723240144551,6.2777099609375,6.545032501220703,5.3020782470703125,6.764195919036865,0.0,-0.010732421651482582,0.004599609412252903,0.0076660155318677425,0.0,0.004612609278410673,-0.01386314257979393,-0.00567501550540328,0.013246471993625164,0.0,-0.37595340609550476,-0.5046608448028564,-9.795980453491211,-0.019751932471990585,0.015233853831887245,-4.517850399017334,0.0,0.0,0.0,0.0,0.0,0.0,0.0,0.0,0.0,0.0,0.0,0.0,-0.0014519579708576202,-0.01240970753133297,0.0014646737836301327,0.011592008173465729,0.1654941588640213,0.17103934288024902,0.14510919153690338,0.17557288706302643,-0.6233242154121399,0.11806731671094894,-0.9866427183151245,0.0,0.0,0.0,0.0,0.0,0.0,0.0
10426354124,0,0.002808521967381239,-0.04204799607396126,-0.14021891355514526,6.569455581484362e-05,-0.04113857448101044,-0.641248345375061,0.002763009862974286,-0.0016081836074590683,-0.016020096838474274,-0.0054856822825968266,0.0018188522662967443,-0.5,-0.013074983842670918,-0.024729039520025253,-0.004454621113836765,0.0,0.0,-0.0047828578390181065,0.006382809020578861,-7.475391612388194e-05,-0.017177985981106758,0.10640586167573929,0.19603386521339417,9.027895430335775e-05,-0.10485175251960754,0.1566387563943863,-25.162498474121094,0.12303347885608673,0.1916009783744812,0.01728501170873642,-0.0005210386007092893,-0.10084843635559082,-0.19781237840652466,0.00016518286429345608,6.306929588317871,6.536149024963379,5.428433895111084,6.891733169555664,-0.0015332031762227416,-0.009199218824505806,0.006132812704890966,0.009199218824505806,0.0,0.002813278464600444,-0.014231673441827297,-0.003477218560874462,0.013332967646420002,0.0,-0.37595340609550476,-0.5046608448028564,-9.795980453491211,-0.019751932471990585,0.015233853831887245,-4.517850399017334,0.0,0.0,0.0,0.0,0.0,0.0,0.0,0.0,0.0,0.0,0.0,0.0,-0.000660193560179323,-0.012554793618619442,0.0005422884714789689,0.01174304448068142,0.16610105335712433,0.17085540294647217,0.1477624922990799,0.17820575833320618,0.541395902633667,-0.12363190948963165,-0.3368781805038452,0.0,0.0,0.0,0.0,0.0,0.0,0.0
10435992953,0,0.0027546435594558716,-0.042158424854278564,-0.14018294215202332,6.569455581484362e-05,-0.04113857448101044,-0.6432483196258545,0.002325322013348341,-0.007919673807919025,-0.009972594678401947,-0.0053779250010848045,0.0020397109910845757,-0.5,-0.013091602362692356,-0.024725576862692833,-0.004815395455807447,0.0,0.0,-0.0047828578390181065,0.014838096685707569,-0.002864381531253457,-0.0057825082913041115,0.09679507464170456,0.1971094161272049,0.000192376843187958,-0.10485175251960754,0.1566387563943863,-25.162498474121094,0.08499830961227417,0.19842049479484558,0.016920221969485283,-0.0005236670258454978,-0.10084843635559082,-0.19781237840652466,0.00016518286429345608,6.631849765777588,6.069547653198242,5.76257848739624,6.456247806549072,-0.004599609412252903,-0.009199218824505806,0.004599609412252903,0.0076660155318677425,0.0,0.002675012918189168,-0.015326298773288727,-0.003276086412370205,0.014231917448341846,0.0,-0.1500670611858368,1.1347527503967285,-10.109700202941895,-0.019063955172896385,0.028479773551225662,-4.574999809265137,0.0,0.0,0.0,0.0,0.0,0.0,0.0,0.0,0.0,0.0,0.0,0.0,0.0004467837861739099,-0.012969073839485645,-0.0007451699348166585,0.01214818935841322,0.16610105335712433,0.17085540294647217,0.1477624922990799,0.17820575833320618,0.7642133235931396,-0.1944604516029358,0.34721094369888306,0.0,0.0,0.0,0.0,0.0,0.0,0.0
10446043778,0,0.0027546435594558716,-0.042158424854278564,-0.14018294215202332,6.569455581484362e-05,-0.04113857448101044,-0.6442483067512512,0.002325322013348341,-0.007919673807919025,-0.009972594678401947,-0.005338186398148537,0.002056482248008251,-0.5,-0.013091602362692356,-0.024725576862692833,-0.004815395455807447,0.0,0.0,-0.0047828578390181065,0.014838096685707569,-0.002864381531253457,-0.0057825082913041115,0.09679507464170456,0.1971094161272049,0.000192376843187958,-0.10632532089948654,0.1449764370918274,-24.91962242126465,0.07848851382732391,0.20219582319259644,0.0013088625855743885,-0.0005059009417891502,-0.10075756162405014,-0.1978452354669571,-5.2467978093773127e-05,6.631849765777588,6.069547653198242,5.76257848739624,6.456247806549072,-0.004599609412252903,-0.012265625409781933,0.0,0.009199218824505806,0.0,0.0019776311237365007,-0.014729553833603859,-0.0024668010883033276,0.013676895759999752,0.0,-0.1500670611858368,1.1347527503967285,-10.109700202941895,-0.019331876188516617,0.026359353214502335,-4.5308403968811035,0.0,0.0,0.0,0.0,0.0,0.0,0.0,0.0,0.0,0.0,0.0,0.0,0.0013765845214948058,-0.013529766350984573,-0.0018173253629356623,0.012664875015616417,0.17283672094345093,0.1611643135547638,0.15475985407829285,0.16919974982738495,0.7642133235931396,-0.1944604516029358,0.34721094369888306,0.0,0.0,0.0,0.0,0.0,0.0,0.0
10456291293,0,0.0027347744908183813,-0.0421668104827404,-0.1401766687631607,6.569455581484362e-05,-0.04113857448101044,-0.6442483067512512,0.0026101511903107166,-0.007077083457261324,-0.01623339205980301,-0.005338186398148537,0.002056482248008251,-0.5,-0.012762367725372314,-0.024807995185256004,-0.0046914853155612946,0.0,0.0,-0.0047828578390181065,-0.003533576149493456,-0.001519545679911971,0.010471407324075699,0.10096874833106995,0.19738684594631195,-8.241361501859501e-05,-0.10632532089948654,0.1449764370918274,-24.91962242126465,0.07848851382732391,0.20219582319259644,0.0013088625855743885,-0.0005059009417891502,-0.10058297961950302,-0.19791856408119202,0.00010068630217574537,7.076858997344971,5.7701215744018555,6.132482528686523,6.063092231750488,-0.006132812704890966,-0.013798828236758709,0.0,0.010732421651482582,0.0,0.0018532720860093832,-0.015493962913751602,-0.002318007405847311,0.014563823118805885,0.0,-0.36828896403312683,0.10549952834844589,-9.821593284606934,-0.019331876188516617,0.026359353214502335,-4.5308403968811035,0.0,0.0,0.0,0.0,0.0,0.0,0.0,0.0,0.0,0.0,0.0,0.0,0.0019712159410119057,-0.014089707285165787,-0.0024949400685727596,0.013172252103686333,0.1820208877325058,0.15491758286952972,0.16247452795505524,0.1610299050807953,-0.5717229843139648,-0.015820670872926712,0.6133238077163696,0.0,0.0,0.0,0.0,0.0,0.0,0.0
10466211783,0,0.0026121430564671755,-0.04223078116774559,-0.1402042806148529,6.569455581484362e-05,-0.04113857448101044,-0.6462482810020447,0.0021139252930879593,-0.004848873242735863,-0.015373210422694683,-0.00509292259812355,0.002184424316510558,-0.5,-0.012627841904759407,-0.02480168640613556,-0.0042899674735963345,0.0,0.0,-0.0047828578390181065,-0.003533576149493456,-0.001519545679911971,0.010471407324075699,0.09673527628183365,0.19741520285606384,-0.0003425960603635758,-0.09842760115861893,0.12136702984571457,-25.041929244995117,0.105986088514328,0.19909295439720154,-0.013765035197138786,-0.0004787055077031255,-0.10058297961950302,-0.19791856408119202,0.00010068630217574537,7.076858997344971,5.7701215744018555,6.132482528686523,6.063092231750488,-0.006132812704890966,-0.013798828236758709,0.0015332031762227416,0.010732421651482582,0.0,0.0010725068859755993,-0.013558097183704376,-0.001407366362400353,0.012731274589896202,0.0,-0.39625442028045654,-1.0469776391983032,-9.90726089477539,-0.017895927652716637,0.022066732868552208,-4.5530781745910645,0.0,0.0,0.0,0.0,0.0,0.0,0.0,0.0,0.0,0.0,0.0,0.0,0.0022116180043667555,-0.014499646611511707,-0.0027604049537330866,0.013553112745285034,0.1820208877325058,0.15491758286952972,0.16247452795505524,0.1610299050807953,-0.5717229843139648,-0.015820670872926712,0.6133238077163696,0.0,0.0,0.0,0.0,0.0,0.0,0.0
10475876787,0,0.0024121832102537155,-0.04228430613875389,-0.14032766222953796,6.569455581484362e-05,-0.04113857448101044,-0.6492482423782349,0.000226357820793055,0.0042930832132697105,-0.013386035338044167,-0.004693000577390194,0.002291474724188447,-0.5,-0.013151280581951141,-0.02479466423392296,-0.004288452677428722,0.0,0.0,-0.0047828578390181065,-0.003533576149493456,-0.001519545679911971,0.010471407324075699,0.10451488196849823,0.19712397456169128,-0.0003975852741859853,-0.09842760115861893,0.12136702984571457,-25.041929244995117,0.105986088514328,0.19909295439720154,-0.013765035197138786,-0.0004787055077031255,-0.10058297961950302,-0.19791856408119202,0.00010068630217574537,7.076858997344971,5.7701215744018555,6.132482528686523,6.063092231750488,0.0015332031762227416,-0.013798828236758709,0.0015332031762227416,0.010732421651482582,0.0,0.0010725068859755993,-0.013558097183704376,-0.001407366362400353,0.012731274589896202,0.0,-0.2723666727542877,1.2091484069824219,-10.109562873840332,-0.013383552432060242,0.004590116906911135,-4.5943922996521,0.0,0.0,0.0,0.0,0.0,0.0,0.0,0.0,0.0,0.0,0.0,0.0,0.002155671827495098,-0.014616822823882103,-0.0026833009906113148,0.013673311099410057,0.1820208877325058,0.15491758286952972,0.16247452795505524,0.1610299050807953,-0.5717229843139648,-0.015820670872926712,0.6133238077163696,0.0,0.0,0.0,0.0,0.0,0.0,0.0
10486115082,0,0.0024121832102537155,-0.04228430613875389,-0.14032766222953796,6.569455581484362e-05,-0.04113857448101044,-0.6492482423782349,0.000226357820793055,0.0042930832132697105,-0.013386035338044167,-0.004693000577390194,0.002291474724188447,-0.5,-0.013151280581951141,-0.02479466423392296,-0.004288452677428722,0.0,0.0,-0.0047828578390181065,-0.008494867943227291,0.0003084290074184537,0.0058654798194766045,0.10235098749399185,0.19822342693805695,-0.0005461744149215519,-0.08244325965642929,-0.15955471992492676,-24.65264892578125,0.1189572662115097,0.19626681506633759,-0.003432713681831956,-0.0004783609474543482,-0.10081922262907028,-0.1979599893093109,0.000386067753424868,6.736941814422607,5.955493927001953,5.761090278625488,6.199908256530762,0.003066406352445483,-0.013798828236758709,0.0015332031762227416,0.010732421651482582,0.0,-0.0127775389701128,0.004490498919039965,0.014761499129235744,-0.004481208976358175,0.0,-0.15326358377933502,0.5357821583747864,-9.275943756103516,-0.013383552432060242,0.004590116906911135,-4.5943922996521,0.0,0.0,0.0,0.0,0.0,0.0,0.0,0.0,0.0,0.0,0.0,0.0,0.0012893558014184237,-0.013646474108099937,-0.0016640368849039078,0.012764549814164639,0.17500974237918854,0.1587875783443451,0.1547287553548813,0.16387715935707092,-0.003049546154215932,0.006151198409497738,0.027929076924920082,0.0,0.0,0.0,0.0,0.0,0.0,0.0
10496176120,0,0.0023350059054791927,-0.042258188128471375,-0.14033134281635284,6.569455581484362e-05,-0.04113857448101044,-0.6502482295036316,-0.0020243783947080374,-0.00832985620945692,-0.011868408881127834,-0.004538645502179861,0.0022392384707927704,-0.5,-0.013628453016281128,-0.024723423644900322,-0.004255696199834347,0.0,0.0,-0.0047828578390181065,-0.008494867943227291,0.0003084290074184537,0.0058654798194766045,0.10235098749399185,0.19822342693805695,-0.0005461744149215519,-0.04785504937171936,0.16649894416332245,-25.351900100708008,0.11087635159492493,0.19785349071025848,-0.004604468122124672,-0.00048356314073316753,-0.10101767629384995,-0.19795098900794983,0.00048229447565972805,6.931828022003174,6.085563659667969,5.974475383758545,6.361108303070068,0.003066406352445483,-0.013798828236758709,0.0,0.010732421651482582,0.0,0.005975563544780016,-0.012540035881102085,-0.007109062280505896,0.011831540614366531,0.0,-0.2783169150352478,-1.0026065111160278,-9.296730041503906,-0.008700918406248093,0.030272534117102623,-4.609436511993408,0.0,0.0,0.0,0.0,0.0,0.0,0.0,0.0,0.0,0.0,0.0,0.0,-0.00022839178564026952,-0.011440742760896683,0.00011338049080222845,0.010681875981390476,0.1790328025817871,0.16149774193763733,0.15918321907520294,0.16722598671913147,-0.003049546154215932,0.006151198409497738,0.027929076924920082,0.0,0.0,0.0,0.0,0.0,0.0,0.0
10505996983,0,0.0023350059054791927,-0.042258188128471375,-0.14033134281635284,6.569455581484362e-05,-0.04113857448101044,-0.652248203754425,-0.0020243783947080374,-0.00832985620945692,-0.011868408881127834,-0.004267947748303413,0.00229822495020926,-0.5,-0.013628453016281128,-0.024723423644900322,-0.004255696199834347,0.0,0.0,-0.0047828578390181065,-0.008494867943227291,0.0003084290074184537,0.0058654798194766045,0.10235098749399185,0.19822342693805695,-0.0005461744149215519,-0.04785504937171936,0.16649894416332245,-25.351900100708008,0.11087635159492493,0.19785349071025848,-0.004604468122124672,-0.00048356314073316753,-0.10098465532064438,-0.1981010138988495,0.0008411816088482738,6.931828022003174,6.085563659667969,5.974475383758545,6.361108303070068,0.0,-0.012265625409781933,-0.003066406352445483,0.010732421651482582,0.0,0.005975563544780016,-0.012540035881102085,-0.007109062280505896,0.011831540614366531,0.0,-0.2783169150352478,-1.0026065111160278,-9.296730041503906,-0.02146245166659355,-0.007267917972058058,-4.622293472290039,0.0,0.0,0.0,0.0,0.0,0.0,0.0,0.0,0.0,0.0,0.0,0.0,-0.0006951544783078134,-0.009773137047886848,0.0006637272890657187,0.00911719910800457,0.18129602074623108,0.15817689895629883,0.1623474657535553,0.16656577587127686,-0.003049546154215932,0.006151198409497738,0.027929076924920082,0.0,0.0,0.0,0.0,0.0,0.0,0.0
10516379607,0,0.0021996577270329,-0.0422876812517643,-0.14028257131576538,6.569455581484362e-05,-0.04113857448101044,-0.652248203754425,0.0044838241301476955,0.009896907024085522,-0.011727802455425262,-0.004267947748303413,0.00229822495020926,-0.5,-0.01244908943772316,-0.025130726397037506,-0.0038813233841210604,0.0,0.0,-0.0047828578390181065,0.009761502034962177,-0.009265027940273285,0.010723304003477097,0.09873751550912857,0.19980646669864655,-0.0008026915602385998,-0.11804348230361938,-0.03997354954481125,-25.42261505126953,0.08333078026771545,0.21241150796413422,-0.009134268388152122,-0.0005046267760917544,-0.10098465532064438,-0.1981010138988495,0.0008411816088482738,7.041658401489258,5.926214694976807,6.126377105712891,6.329308986663818,-0.004599609412252903,-0.012265625409781933,-0.004599609412252903,0.010732421651482582,0.0,-0.008011830039322376,-0.004750166088342667,0.009029757231473923,0.004274315200746059,0.0,0.011445367708802223,0.7691391110420227,-9.908126831054688,-0.02146245166659355,-0.007267917972058058,-4.622293472290039,0.0,0.0,0.0,0.0,0.0,0.0,0.0,0.0,0.0,0.0,0.0,0.0,-0.0003390487690921873,-0.009104195050895214,0.0002446162689011544,0.008499913848936558,0.18129602074623108,0.15817689895629883,0.1623474657535553,0.16656577587127686,0.564522922039032,-0.3340017795562744,0.09943979233503342,0.0,0.0,0.0,0.0,0.0,0.0,0.0
10526432343,0,0.0021543027833104134,-0.04226220026612282,-0.14029380679130554,6.569455581484362e-05,-0.04113857448101044,-0.6532481908798218,-0.00048702044296078384,-0.01344131026417017,-0.014081548899412155,-0.004177237395197153,0.0022472627460956573,-0.5,-0.013017527759075165,-0.025108978152275085,-0.00405448954552412,0.0,0.0,-0.0047828578390181065,0.011817113496363163,-0.007509920746088028,-7.4964584200643e-05,0.09873751550912857,0.19980646669864655,-0.0008026915602385998,-0.11804348230361938,-0.03997354954481125,-25.42261505126953,0.08333078026771545,0.21241150796413422,-0.009134268388152122,-0.0005046267760917544,-0.1008729338645935,-0.19824275374412537,0.000947876600548625,6.660418510437012,6.263517379760742,5.7610344886779785,6.6561279296875,-0.004599609412252903,-0.012265625409781933,-0.004599609412252903,0.009199218824505806,0.0,-0.008470435626804829,-0.0044943587854504585,0.009602407924830914,0.004064442124217749,0.0,0.011445367708802223,0.7691391110420227,-9.908126831054688,-0.011403638869524002,0.03985705226659775,-4.607285976409912,0.0,0.0,0.0,0.0,0.0,0.0,0.0,0.0,0.0,0.0,0.0,0.0,-0.0009556411532685161,-0.008319323882460594,0.0009414944797754288,0.00775553472340107,0.17342764139175415,0.16519935429096222,0.15472765266895294,0.17333899438381195,0.4338909089565277,-0.07789910584688187,-0.4741062819957733,0.0,0.0,0.0,0.0,0.0,0.0,0.0
10535987310,0,0.0021543027833104134,-0.04226220026612282,-0.14029380679130554,6.569455581484362e-05,-0.04113857448101044,-0.6532481908798218,-0.00048702044296078384,-0.01344131026417017,-0.014081548899412155,-0.004177237395197153,0.0022472627460956573,-0.5,-0.013017527759075165,-0.025108978152275085,-0.00405448954552412,0.0,0.0,-0.0047828578390181065,0.0029340465553104877,-0.0006525276112370193,-0.01004085410386324,0.09860826283693314,0.19985823333263397,-0.0004650783957913518,-0.08502750843763351,0.028292452916502953,-24.966156005859375,0.08245223760604858,0.20814713835716248,0.004972513765096664,-0.0005240365280769765,-0.10088197886943817,-0.19830188155174255,0.0006299942033365369,6.332813262939453,6.466681003570557,5.408267974853516,6.759428024291992,-0.0015332031762227416,-0.012265625409781933,-0.0015332031762227416,0.009199218824505806,0.0,-0.003257401753216982,-0.006283675320446491,0.003603613469749689,0.005842991638928652,0.0,-0.008428975939750671,0.7614299058914185,-10.139293670654297,-0.011403638869524002,0.03985705226659775,-4.607285976409912,0.0,0.0,0.0,0.0,0.0,0.0,0.0,0.0,0.0,0.0,0.0,0.0,-0.0023839299101382494,-0.0073218499310314655,0.0025792489759624004,0.0068000624887645245,0.16879989206790924,0.1700676679611206,0.1489374190568924,0.17494487762451172,-0.09014302492141724,0.25950607657432556,-0.6928333640098572,0.0,0.0,0.0,0.0,0.0,0.0,0.0
10546050931,0,0.0020596825052052736,-0.04229806363582611,-0.1403495967388153,6.569455581484362e-05,-0.04113857448101044,-0.6552481651306152,0.006619486026465893,0.009254662320017815,-0.020629512146115303,-0.003987995907664299,0.0023189899511635303,-0.5,-0.01261065248399973,-0.02495989017188549,-0.0045320019125938416,0.0,0.0,-0.0047828578390181065,-0.007417003624141216,0.0031568771228194237,-0.01119354460388422,0.10384147614240646,0.19777701795101166,-8.773754234425724e-05,-0.13534751534461975,-0.0330820269882679,-25.152441024780273,0.11664456874132156,0.19140757620334625,0.013096633367240429,-0.0005456544458866119,-0.10088197886943817,-0.19830188155174255,0.0006299942033365369,6.436968803405762,6.498131275177002,5.4844465255737305,6.733799457550049,0.0015332031762227416,-0.012265625409781933,0.0,0.0076660155318677425,0.0,-0.009343343786895275,-0.0056554111652076244,0.01074983086436987,0.005281322635710239,0.0,-0.37104788422584534,-0.24995139241218567,-10.081941604614258,-0.024608638137578964,-0.006014913786202669,-4.573171138763428,0.0,0.0,0.0,0.0,0.0,0.0,0.0,0.0,0.0,0.0,0.0,0.0,-0.003768801223486662,-0.006528181489557028,0.004180142655968666,0.006045585032552481,0.16879989206790924,0.1700676679611206,0.1489374190568924,0.17494487762451172,-0.538608968257904,0.3212567865848541,-0.4221622943878174,0.0,0.0,0.0,0.0,0.0,0.0,0.0
10555946448,0,0.0020596825052052736,-0.04229806363582611,-0.1403495967388153,6.569455581484362e-05,-0.04113857448101044,-0.6552481651306152,0.006619486026465893,0.009254662320017815,-0.020629512146115303,-0.003987995907664299,0.0023189899511635303,-0.5,-0.01261065248399973,-0.02495989017188549,-0.0045320019125938416,0.0,0.0,-0.0047828578390181065,3.5980832763016224e-05,-0.0031343146692961454,-0.0013183067785575986,0.10384147614240646,0.19777701795101166,-8.773754234425724e-05,-0.13534751534461975,-0.0330820269882679,-25.152441024780273,0.11664456874132156,0.19140757620334625,0.013096633367240429,-0.0005456544458866119,-0.10095291584730148,-0.19829322397708893,0.0004306719929445535,6.634852409362793,6.363893032073975,5.690100193023682,6.646437168121338,0.003066406352445483,-0.012265625409781933,0.0,0.004599609412252903,0.0,-0.009064670652151108,-0.005774707067757845,0.010361290536820889,0.005350740160793066,0.0,0.23000311851501465,0.5831978917121887,-9.550652503967285,-0.024608638137578964,-0.006014913786202669,-4.573171138763428,0.0,0.0,0.0,0.0,0.0,0.0,0.0,0.0,0.0,0.0,0.0,0.0,-0.005184940993785858,-0.006011281628161669,0.005832175724208355,0.005562609061598778,0.16879989206790924,0.1700676679611206,0.1489374190568924,0.17494487762451172,0.09300467371940613,-0.15460720658302307,0.2796761393547058,0.0,0.0,0.0,0.0,0.0,0.0,0.0
10565901485,0,0.002029950963333249,-0.04227376729249954,-0.1404176652431488,6.569455581484362e-05,-0.04113857448101044,-0.6572481393814087,0.0013372742105275393,0.0012855191016569734,-0.019501758739352226,-0.003928532358258963,0.0022703970316797495,-0.5,-0.01302001066505909,-0.025003813207149506,-0.0044416338205337524,0.0,0.0,-0.0047828578390181065,3.5980832763016224e-05,-0.0031343146692961454,-0.0013183067785575986,0.10331255197525024,0.19933220744132996,-0.0003392710932530463,-0.07770772278308868,0.05677039921283722,-25.27812385559082,0.1023465245962143,0.20401258766651154,-0.0015239114873111248,-0.0005385731928981841,-0.10099618881940842,-0.19832216203212738,0.00035785892396233976,6.831471920013428,6.1226043701171875,5.883918762207031,6.440995216369629,0.0015332031762227416,-0.010732421651482582,0.0,0.003066406352445483,0.0,-0.001169275608845055,-0.007861213758587837,0.0011585915926843882,0.00729083176702261,0.0,0.23000311851501465,0.5831978917121887,-9.550652503967285,-0.014128677546977997,0.01032189093530178,-4.596022605895996,0.0,0.0,0.0,0.0,0.0,0.0,0.0,0.0,0.0,0.0,0.0,0.0,-0.006245958618819714,-0.005804160609841347,0.007073797285556793,0.005372277926653624,0.17696218192577362,0.16226883232593536,0.15729431807994843,0.16888341307640076,0.09300467371940613,-0.15460720658302307,0.2796761393547058,0.0,0.0,0.0,0.0,0.0,0.0,0.0
10575922584,0,0.0020129824988543987,-0.04227466508746147,-0.1403944343328476,6.569455581484362e-05,-0.04113857448101044,-0.6592481136322021,0.0030073446687310934,-0.0021474354434758425,-0.01255032978951931,-0.003894595429301262,0.002272192621603608,-0.5,-0.012999024242162704,-0.02514035999774933,-0.004031611606478691,0.0,0.0,-0.0047828578390181065,0.00047547684516757727,-0.004196082707494497,0.008524150587618351,0.10329364240169525,0.19987720251083374,-0.0007053328445181251,-0.18136624991893768,-0.03867180272936821,-25.47507095336914,0.10234378278255463,0.2053176909685135,-0.012090032920241356,-0.0005342648364603519,-0.1010655090212822,-0.1983945220708847,0.0004334972472861409,7.146644592285156,5.90582275390625,6.195411682128906,6.227922439575195,-0.0015332031762227416,-0.009199218824505806,0.0,0.003066406352445483,0.0,-0.010967031121253967,-0.00864087138324976,0.012463496066629887,0.0080074742436409,0.0,-0.2559761106967926,0.2881971299648285,-9.540614128112793,-0.0179486945271492,0.017349619418382645,-4.661704063415527,0.0,0.0,0.0,0.0,0.0,0.0,0.0,0.0,0.0,0.0,0.0,0.0,-0.006647210568189621,-0.006021590903401375,0.007538978476077318,0.005576256196945906,0.18345683813095093,0.15775127708911896,0.16378362476825714,0.16445960104465485,0.17220567166805267,-0.12163308262825012,0.5889755487442017,0.0,0.0,0.0,0.0,0.0,0.0,0.0
10586211907,0,0.0020129824988543987,-0.04227466508746147,-0.1403944343328476,6.569455581484362e-05,-0.04113857448101044,-0.6592481136322021,0.0030073446687310934,-0.0021474354434758425,-0.01255032978951931,-0.003894595429301262,0.002272192621603608,-0.5,-0.012999024242162704,-0.02514035999774933,-0.004031611606478691,0.0,0.0,-0.0047828578390181065,0.00047547684516757727,-0.004196082707494497,0.008524150587618351,0.10329364240169525,0.19987720251083374,-0.0007053328445181251,-0.18136624991893768,-0.03867180272936821,-25.47507095336914,0.10234378278255463,0.2053176909685135,-0.012090032920241356,-0.0005342648364603519,-0.1010655090212822,-0.1983945220708847,0.0004334972472861409,7.146644592285156,5.90582275390625,6.195411682128906,6.227922439575195,-0.004599609412252903,-0.0076660155318677425,0.0015332031762227416,0.006132812704890966,0.0,-0.010967031121253967,-0.00864087138324976,0.012463496066629887,0.0080074742436409,0.0,-0.2559761106967926,0.2881971299648285,-9.540614128112793,-0.0179486945271492,0.017349619418382645,-4.661704063415527,0.0,0.0,0.0,0.0,0.0,0.0,0.0,0.0,0.0,0.0,0.0,0.0,-0.007189687341451645,-0.006575887557119131,0.008154951967298985,0.006092140916734934,0.18345683813095093,0.15775127708911896,0.16378362476825714,0.16445960104465485,0.17220567166805267,-0.12163308262825012,0.5889755487442017,0.0,0.0,0.0,0.0,0.0,0.0,0.0
10595862536,0,0.0020152328070253134,-0.04229714348912239,-0.14035707712173462,6.569455581484362e-05,-0.04113857448101044,-0.6612480878829956,0.010019893757998943,0.0037385490722954273,-0.015593785792589188,-0.003899096045643091,0.00231714965775609,-0.5,-0.012550100684165955,-0.024936441332101822,-0.003990813158452511,0.0,0.0,-0.0047828578390181065,0.0028172722086310387,0.003911134786903858,0.01011090911924839,0.10285735875368118,0.19806374609470367,-0.0006447724881581962,-0.06866426020860672,0.14903849363327026,-25.554943084716797,0.09592771530151367,0.1919449120759964,-0.00865410827100277,-0.0005493509233929217,-0.10105077922344208,-0.19841508567333221,0.0008601829176768661,7.049269676208496,6.023443698883057,6.160939693450928,6.321842670440674,-0.004599609412252903,-0.0076660155318677425,0.0015332031762227416,0.006132812704890966,0.0,0.003946440760046244,-0.012877818197011948,-0.0047093164175748825,0.012081019580364227,0.0,-0.03240405023097992,0.07369571179151535,-10.062603950500488,-0.031619101762771606,0.005113368388265371,-4.648139953613281,0.0,0.0,0.0,0.0,0.0,0.0,0.0,0.0,0.0,0.0,0.0,0.0,-0.007465521339327097,-0.007425000891089439,0.008460725657641888,0.0068872105330228806,0.18145285546779633,0.1602039635181427,0.1630665361881256,0.16641072928905487,0.09793045371770859,0.24003303050994873,0.1048332080245018,0.0,0.0,0.0,0.0,0.0,0.0,0.0
10606111273,0,0.0020152328070253134,-0.04229714348912239,-0.14035707712173462,6.569455581484362e-05,-0.04113857448101044,-0.6612480878829956,0.010019893757998943,0.0037385490722954273,-0.015593785792589188,-0.003899096045643091,0.00231714965775609,-0.5,-0.012550100684165955,-0.024936441332101822,-0.003990813158452511,0.0,0.0,-0.0047828578390181065,0.007339811883866787,0.001510837348178029,-0.013982715085148811,0.10285735875368118,0.19806374609470367,-0.0006447724881581962,-0.06866426020860672,0.14903849363327026,-25.554943084716797,0.09592771530151367,0.1919449120759964,-0.00865410827100277,-0.0005493509233929217,-0.10091443359851837,-0.19833700358867645,0.0007570046000182629,7.049269676208496,6.023443698883057,6.160939693450928,6.321842670440674,-0.003066406352445483,-0.0076660155318677425,0.004599609412252903,0.006132812704890966,0.0,0.003946440760046244,-0.012877818197011948,-0.0047093164175748825,0.012081019580364227,0.0,-0.18933100998401642,-0.1144910603761673,-10.103045463562012,-0.031619101762771606,0.005113368388265371,-4.648139953613281,0.0,0.0,0.0,0.0,0.0,0.0,0.0,0.0,0.0,0.0,0.0,0.0,-0.0061833481304347515,-0.008653339929878712,0.006973091047257185,0.008048715069890022,0.16665153205394745,0.17383170127868652,0.14812104403972626,0.18072955310344696,0.16227704286575317,-0.05476820096373558,-0.8147453665733337,0.0,0.0,0.0,0.0,0.0,0.0,0.0
10616510389,0,0.0020002603996545076,-0.04238405078649521,-0.14037460088729858,6.569455581484362e-05,-0.04113857448101044,-0.6632480621337891,-0.0020740919280797243,-0.007589441724121571,-0.019625850021839142,-0.003869150998070836,0.0024909651838243008,-0.5,-0.012857790105044842,-0.02498321607708931,-0.004482428543269634,0.0,0.0,-0.0047828578390181065,0.0048501743003726006,-0.001408721087500453,-0.017346497625112534,0.09900397062301636,0.19848839938640594,-8.745663217268884e-05,-0.15050652623176575,0.09614084661006927,-25.50580596923828,0.0967581495642662,0.2018934190273285,0.019120950251817703,-0.0005793850286863744,-0.10091443359851837,-0.19833700358867645,0.0007570046000182629,6.36032247543335,6.690239906311035,5.436605453491211,7.019038200378418,-0.003066406352445483,-0.0076660155318677425,0.009199218824505806,0.004599609412252903,0.0,-0.0031210635788738728,-0.013128873892128468,0.003419676562771201,0.012334371916949749,0.0,0.14541301131248474,0.6598253846168518,-9.969873428344727,-0.0073577966541051865,0.028430020436644554,-4.631407260894775,0.0,0.0,0.0,0.0,0.0,0.0,0.0,0.0,0.0,0.0,0.0,0.0,-0.00400957465171814,-0.010048565454781055,0.0044607375748455524,0.00937571469694376,0.16665153205394745,0.17383170127868652,0.14812104403972626,0.18072955310344696,0.016873979941010475,-0.15734721720218658,-0.5450593829154968,0.0,0.0,0.0,0.0,0.0,0.0,0.0
10626702547,0,0.002008887007832527,-0.04240311682224274,-0.14040163159370422,6.569455581484362e-05,-0.04113857448101044,-0.6642480492591858,0.007935072295367718,-0.0022193666081875563,-0.019665803760290146,-0.0038864044472575188,0.002529097255319357,-0.5,-0.012656391598284245,-0.024969158694148064,-0.004736607428640127,0.0,0.0,-0.0047828578390181065,0.0048501743003726006,-0.001408721087500453,-0.017346497625112534,0.10177706182003021,0.19891121983528137,0.00010813106200657785,-0.15050652623176575,0.09614084661006927,-25.50580596923828,0.0967581495642662,0.2018934190273285,0.019120950251817703,-0.0005793850286863744,-0.1008620336651802,-0.1983506679534912,0.00042369920993223786,6.36032247543335,6.690239906311035,5.436605453491211,7.019038200378418,-0.003066406352445483,-0.0076660155318677425,0.010732421651482582,0.006132812704890966,0.0,-0.0031210635788738728,-0.013128873892128468,0.003419676562771201,0.012334371916949749,0.0,-0.6144049763679504,-0.027014480903744698,-9.918208122253418,-0.0273648239672184,0.01748015359044075,-4.6374192237854,0.0,0.0,0.0,0.0,0.0,0.0,0.0,0.0,0.0,0.0,0.0,0.0,-0.0024504954926669598,-0.011291573755443096,0.002658022101968527,0.010562613606452942,0.16720977425575256,0.17404429614543915,0.1479339897632599,0.1808301955461502,0.016873979941010475,-0.15734721720218658,-0.5450593829154968,0.0,0.0,0.0,0.0,0.0,0.0,0.0
10637637846,0,0.002008887007832527,-0.04240311682224274,-0.14040163159370422,6.569455581484362e-05,-0.04113857448101044,-0.6662480235099792,0.007935072295367718,-0.0022193666081875563,-0.019665803760290146,-0.0038050501607358456,0.002742818323895335,-0.5,-0.012656391598284245,-0.024969158694148064,-0.004736607428640127,0.0,0.0,-0.0047828578390181065,-9.559742466080934e-05,0.0006857711123302579,-0.010571910068392754,0.10177706182003021,0.19891121983528137,0.00010813106200657785,-0.15050652623176575,0.09614084661006927,-25.50580596923828,0.0967581495642662,0.2018934190273285,0.019120950251817703,-0.0005793850286863744,-0.10089737176895142,-0.19834284484386444,2.69946176558733e-05,6.36032247543335,6.690239906311035,5.436605453491211,7.019038200378418,-0.003066406352445483,-0.009199218824505806,0.009199218824505806,0.004599609412252903,0.0,-0.0031210635788738728,-0.013128873892128468,0.003419676562771201,0.012334371916949749,0.0,-0.6144049763679504,-0.027014480903744698,-9.918208122253418,-0.01095491461455822,0.017245782539248466,-4.654936790466309,0.0,0.0,0.0,0.0,0.0,0.0,0.0,0.0,0.0,0.0,0.0,0.0,-0.0018074593972414732,-0.012241932563483715,0.0019119703210890293,0.011473281309008598,0.1792527288198471,0.1637880653142929,0.1598500907421112,0.16923508048057556,-0.17463567852973938,0.014983653090894222,0.06690653413534164,0.0,0.0,0.0,0.0,0.0,0.0,0.0
10646039435,0,0.001968210097402334,-0.04250997677445412,-0.14043712615966797,6.569455581484362e-05,-0.04113857448101044,-0.6662480235099792,-0.00018288906721863896,-0.0017598919803276658,-0.01950179412961006,-0.0038050501607358456,0.002742818323895335,-0.5,-0.012821258045732975,-0.024906955659389496,-0.004579570610076189,0.0,0.0,-0.0047828578390181065,-0.004379157442599535,0.0037217983044683933,0.005455280654132366,0.10016585141420364,0.19748374819755554,-0.00020123794092796743,-0.060252029448747635,0.09485180675983429,-25.60215187072754,0.10957799851894379,0.1930416375398636,-0.00295582739636302,-0.0005510937189683318,-0.10089737176895142,-0.19834284484386444,2.69946176558733e-05,6.942493438720703,6.195632457733154,6.006471633911133,6.457956790924072,-0.003066406352445483,-0.010732421651482582,0.0076660155318677425,0.003066406352445483,0.0,0.0016757467528805137,-0.008947791531682014,-0.0021363450214266777,0.008398802950978279,0.0,-0.035675570368766785,0.6010693907737732,-9.617613792419434,-0.01095491461455822,0.017245782539248466,-4.654936790466309,0.0,0.0,0.0,0.0,0.0,0.0,0.0,0.0,0.0,0.0,0.0,0.0,-0.001512316637672484,-0.01268011424690485,0.0015669562853872776,0.011898497119545937,0.1792527288198471,0.1637880653142929,0.1598500907421112,0.16923508048057556,-0.16995328664779663,0.09642597287893295,0.5830798149108887,0.0,0.0,0.0,0.0,0.0,0.0,0.0
10656397862,0,0.0019236095249652863,-0.04258197918534279,-0.14041230082511902,6.569455581484362e-05,-0.04113857448101044,-0.6682479977607727,0.008697443641722202,0.0069924104027450085,-0.01396821066737175,-0.0037158485502004623,0.00288682384416461,-0.5,-0.01281495951116085,-0.024886857718229294,-0.004376364406198263,0.0,0.0,-0.0047828578390181065,-0.004379157442599535,0.0037217983044683933,0.005455280654132366,0.10016585141420364,0.19748374819755554,-0.00020123794092796743,-0.12673375010490417,0.14873471856117249,-25.804834365844727,0.10957799851894379,0.1930416375398636,-0.00295582739636302,-0.0005510937189683318,-0.10089737176895142,-0.19834284484386444,2.69946176558733e-05,7.1575236320495605,6.076908111572266,6.225541591644287,6.345404148101807,-0.003066406352445483,-0.012265625409781933,0.0076660155318677425,0.003066406352445483,0.0,0.001003070967271924,-0.01612597331404686,-0.0013456704327836633,0.015254748985171318,0.0,-0.035675570368766785,0.6010693907737732,-9.617613792419434,-0.02875577285885811,0.00010151602327823639,-4.710203647613525,0.0,0.0,0.0,0.0,0.0,0.0,0.0,0.0,0.0,0.0,0.0,0.0,-0.001031194580718875,-0.012730926275253296,0.0010066989343613386,0.011959665454924107,0.1792527288198471,0.1637880653142929,0.1598500907421112,0.16923508048057556,-0.16995328664779663,0.09642597287893295,0.5830798149108887,0.0,0.0,0.0,0.0,0.0,0.0,0.0
10667630538,0,0.0019236095249652863,-0.04258197918534279,-0.14041230082511902,6.569455581484362e-05,-0.04113857448101044,-0.6682479977607727,0.008697443641722202,0.0069924104027450085,-0.01396821066737175,-0.0037158485502004623,0.00288682384416461,-0.5,-0.01281495951116085,-0.024886857718229294,-0.004376364406198263,0.0,0.0,-0.0047828578390181065,-0.001234798924997449,-0.0004611954791471362,0.007433475460857153,0.09913834929466248,0.19949522614479065,-0.00038283277535811067,-0.12673375010490417,0.14873471856117249,-25.804834365844727,0.10792361944913864,0.1931687295436859,-0.009607009589672089,-0.0005375451291911304,-0.10096832364797592,-0.19830641150474548,7.317995186895132e-05,7.16668176651001,6.098592281341553,6.2315778732299805,6.4099578857421875,-0.003066406352445483,-0.012265625409781933,0.006132812704890966,0.006132812704890966,0.0,0.001003844547085464,-0.016066215932369232,-0.0013420053292065859,0.015103405341506004,0.0,-0.035675570368766785,0.6010693907737732,-9.617613792419434,-0.02875577285885811,0.00010151602327823639,-4.710203647613525,0.0,0.0,0.0,0.0,0.0,0.0,0.0,0.0,0.0,0.0,0.0,0.0,-0.00038812815910205245,-0.01304849423468113,0.0002607752976473421,0.012274523265659809,0.18368053436279297,0.1613175868988037,0.1644100695848465,0.16690009832382202,0.0986703634262085,-0.15288934111595154,0.3536815345287323,0.0,0.0,0.0,0.0,0.0,0.0,0.0
10676104737,0,0.0019113989546895027,-0.04259843751788139,-0.1403433233499527,6.569455581484362e-05,-0.04113857448101044,-0.6702479720115662,-0.00030709675047546625,-0.002746486570686102,-0.014478887431323528,-0.0036914271768182516,0.002919740742072463,-0.5,-0.012768122367560863,-0.025028586387634277,-0.004319438710808754,0.0,0.0,-0.0047828578390181065,0.0014378995401784778,-0.0033634898718446493,0.006384564097970724,0.09913834929466248,0.19949522614479065,-0.00038283277535811067,-0.06011684238910675,0.10825671255588531,-25.947586059570312,0.09269418567419052,0.20626124739646912,-0.006073916796594858,-0.0005248397937975824,-0.1010681614279747,-0.19831350445747375,0.0003207725821994245,7.101808071136475,6.157247066497803,6.17597770690918,6.513180255889893,-0.0015332031762227416,-0.012265625409781933,0.004599609412252903,0.009199218824505806,0.0,0.002316247671842575,-0.009760931134223938,-0.0028482156340032816,0.009052316658198833,0.0,-0.5579861998558044,-0.28695979714393616,-9.91031265258789,-0.010930335149168968,0.01968303881585598,-4.717742919921875,0.0,0.0,0.0,0.0,0.0,0.0,0.0,0.0,0.0,0.0,0.0,0.0,0.0002455044013913721,-0.01347341202199459,-0.0004714889219030738,0.012679213657975197,0.18253424763679504,0.16298967599868774,0.16337954998016357,0.17037957906723022,0.21752417087554932,-0.2475443333387375,0.17082275450229645,0.0,0.0,0.0,0.0,0.0,0.0,0.0
10686394095,0,0.0019113989546895027,-0.04259843751788139,-0.1403433233499527,6.569455581484362e-05,-0.04113857448101044,-0.6702479720115662,-0.00030709675047546625,-0.002746486570686102,-0.014478887431323528,-0.0036914271768182516,0.002919740742072463,-0.5,-0.012768122367560863,-0.025028586387634277,-0.004319438710808754,0.0,0.0,-0.0047828578390181065,0.007408241741359234,0.0007675433298572898,-0.0034280342515558004,0.09913834929466248,0.19949522614479065,-0.00038283277535811067,-0.06011684238910675,0.10825671255588531,-25.947586059570312,0.09269418567419052,0.20626124739646912,-0.006073916796594858,-0.0005248397937975824,-0.1010681614279747,-0.19831350445747375,0.0003207725821994245,7.101808071136475,6.157247066497803,6.17597770690918,6.513180255889893,-0.0015332031762227416,-0.013798828236758709,0.003066406352445483,0.010732421651482582,0.0,0.002316247671842575,-0.009760931134223938,-0.0028482156340032816,0.009052316658198833,0.0,-0.35766804218292236,-0.4775651693344116,-9.985047340393066,-0.010930335149168968,0.01968303881585598,-4.717742919921875,0.0,0.0,0.0,0.0,0.0,0.0,0.0,0.0,0.0,0.0,0.0,0.0,0.0008786975522525609,-0.013288212940096855,-0.0012007118202745914,0.012488131411373615,0.18253424763679504,0.16298967599868774,0.16337954998016357,0.17037957906723022,0.14073362946510315,0.14705567061901093,-0.3007579743862152,0.0,0.0,0.0,0.0,0.0,0.0,0.0
10696048975,0,0.0018886252073571086,-0.042569249868392944,-0.1403302252292633,6.569455581484362e-05,-0.04113857448101044,-0.6722479462623596,0.006677160505205393,0.00861694011837244,-0.017600079998373985,-0.0036458794493228197,0.002861365210264921,-0.5,-0.012299319729208946,-0.024937152862548828,-0.004483008291572332,0.0,0.0,-0.0047828578390181065,0.0016436552396044135,0.0029631038196384907,-0.001796435215510428,0.10028921067714691,0.1971954107284546,-3.4507018426666036e-05,-0.13474051654338837,-0.02066676877439022,-25.880290985107422,0.09415917098522186,0.19391295313835144,0.006066644098609686,-0.000524598581250757,-0.1008346900343895,-0.19837188720703125,0.0002954519004561007,6.764733791351318,6.465364933013916,5.872283458709717,6.778629779815674,-0.003066406352445483,-0.015332031063735485,0.0015332031762227416,0.009199218824505806,0.0,-0.008206622675061226,-0.006326271221041679,0.009259657002985477,0.005865664687007666,0.0,-0.35766804218292236,-0.4775651693344116,-9.985047340393066,-0.02449827641248703,-0.00375759438611567,-4.705507278442383,0.0,0.0,0.0,0.0,0.0,0.0,0.0,0.0,0.0,0.0,0.0,0.0,0.0009699377114884555,-0.012387803755700588,-0.0013048038817942142,0.011613147333264351,0.17726518213748932,0.16741925477981567,0.15839792788028717,0.1734582930803299,-0.1842477172613144,0.1583540439605713,-0.07940199971199036,0.0,0.0,0.0,0.0,0.0,0.0,0.0
10706870629,0,0.0018860148265957832,-0.042585697025060654,-0.14034779369831085,6.569455581484362e-05,-0.04113857448101044,-0.6732479333877563,0.0018245854880660772,-0.004908772185444832,-0.02003384381532669,-0.003640658687800169,0.00289425952360034,-0.5,-0.012705663219094276,-0.024780843406915665,-0.004483224358409643,0.0,0.0,-0.0047828578390181065,0.0016436552396044135,0.0029631038196384907,-0.001796435215510428,0.10026591271162033,0.19748841226100922,-0.0002318470797035843,-0.08058382570743561,0.13060490787029266,-25.814537048339844,0.10046473145484924,0.19294175505638123,0.002489001490175724,-0.0005215404089540243,-0.1008346900343895,-0.19837188720703125,0.0002954519004561007,6.846142768859863,6.370423793792725,5.936821460723877,6.661899089813232,-0.003066406352445483,-0.016865234822034836,0.0,0.009199218824505806,0.0,0.0025004232302308083,-0.011810068041086197,-0.0030743787065148354,0.01112312264740467,0.0,-0.195688858628273,0.5965197086334229,-9.854266166687012,-0.014651603996753693,0.023746347054839134,-4.693552017211914,0.0,0.0,0.0,0.0,0.0,0.0,0.0,0.0,0.0,0.0,0.0,0.0,0.00030085991602391005,-0.01123787835240364,-0.0005341164069250226,0.010511794127523899,0.17726518213748932,0.16741925477981567,0.15839792788028717,0.1734582930803299,-0.1842477172613144,0.1583540439605713,-0.07940199971199036,0.0,0.0,0.0,0.0,0.0,0.0,0.0
10716099953,0,0.0018582039047032595,-0.042559098452329636,-0.1403728425502777,6.569455581484362e-05,-0.04113857448101044,-0.6762478947639465,0.005910602863878012,-0.0011517110979184508,-0.016957445070147514,-0.003585036611184478,0.00284106214530766,-0.5,-0.01301656011492014,-0.025092635303735733,-0.004424406215548515,0.0,0.0,-0.0047828578390181065,-0.005762482527643442,0.0020484025590121746,0.00035838852636516094,0.10026591271162033,0.19748841226100922,-0.0002318470797035843,-0.08058382570743561,0.13060490787029266,-25.814537048339844,0.10046473145484924,0.19294175505638123,0.002489001490175724,-0.0005215404089540243,-0.1008346900343895,-0.19837188720703125,0.0002954519004561007,6.846142768859863,6.370423793792725,5.936821460723877,6.661899089813232,-0.004599609412252903,-0.015332031063735485,-0.0015332031762227416,0.009199218824505806,0.0,0.0025004232302308083,-0.011810068041086197,-0.0030743787065148354,0.01112312264740467,0.0,-0.195688858628273,0.5965197086334229,-9.854266166687012,-0.023182177916169167,0.01648499071598053,-4.7384724617004395,0.0,0.0,0.0,0.0,0.0,0.0,0.0,0.0,0.0,0.0,0.0,0.0,-0.00011625681509030983,-0.010524938814342022,-5.4839125368744135e-05,0.009840406477451324,0.17726518213748932,0.16741925477981567,0.15839792788028717,0.1734582930803299,-0.38329368829727173,0.012745124287903309,0.06767546385526657,0.0,0.0,0.0,0.0,0.0,0.0,0.0
10725874342,0,0.0018582039047032595,-0.042559098452329636,-0.1403728425502777,6.569455581484362e-05,-0.04113857448101044,-0.6762478947639465,0.005910602863878012,-0.0011517110979184508,-0.016957445070147514,-0.003585036611184478,0.00284106214530766,-0.5,-0.01301656011492014,-0.025092635303735733,-0.004424406215548515,0.0,0.0,-0.0047828578390181065,-0.012702589854598045,-0.0018729768926277757,-0.000536405888851732,0.10344881564378738,0.19948968291282654,-0.0002341341896681115,-0.1252879947423935,0.03394225984811783,-26.051740646362305,0.12226607650518417,0.20222625136375427,0.000820869579911232,-0.0005118853878229856,-0.10103605687618256,-0.19833068549633026,0.0002603236644063145,6.995129108428955,6.407083034515381,5.989737510681152,6.660825252532959,-0.0015332031762227416,-0.015332031063735485,-0.0015332031762227416,0.009199218824505806,0.0,-0.004696426913142204,-0.00887354463338852,0.00529895443469286,0.008368430659174919,0.0,-0.3760541081428528,-0.039613932371139526,-9.716645240783691,-0.023182177916169167,0.01648499071598053,-4.7384724617004395,0.0,0.0,0.0,0.0,0.0,0.0,0.0,0.0,0.0,0.0,0.0,0.0,-0.0001705549075268209,-0.010275979526340961,9.965006029233336e-06,0.009619827382266521,0.17726518213748932,0.16741925477981567,0.15839792788028717,0.1734582930803299,-0.529566764831543,-0.18410830199718475,0.004830101504921913,0.0,0.0,0.0,0.0,0.0,0.0,0.0
10736446673,0,0.0018582039047032595,-0.042559098452329636,-0.1403728425502777,6.569455581484362e-05,-0.04113857448101044,-0.6762478947639465,0.005910602863878012,-0.0011517110979184508,-0.016957445070147514,-0.003585036611184478,0.00284106214530766,-0.5,-0.01301656011492014,-0.025092635303735733,-0.004424406215548515,0.0,0.0,-0.0047828578390181065,-0.005103324539959431,-0.004766739904880524,0.0011387639679014683,0.10344881564378738,0.19948968291282654,-0.0002341341896681115,-0.1252879947423935,0.03394225984811783,-26.051740646362305,0.12226607650518417,0.20222625136375427,0.000820869579911232,-0.0005118853878229856,-0.1012217104434967,-0.19839729368686676,0.00023443179088644683,6.995129108428955,6.407083034515381,5.989737510681152,6.660825252532959,0.0,-0.015332031063735485,-0.0015332031762227416,0.0076660155318677425,0.0,-0.004696426913142204,-0.00887354463338852,0.00529895443469286,0.008368430659174919,0.0,-0.44931843876838684,0.30678537487983704,-9.693573951721191,-0.023182177916169167,0.01648499071598053,-4.7384724617004395,0.0,0.0,0.0,0.0,0.0,0.0,0.0,0.0,0.0,0.0,0.0,0.0,-0.0007004021899774671,-0.010030217468738556,0.0006315219798125327,0.009407506324350834,0.18033745884895325,0.16817988455295563,0.1595015525817871,0.17343606054782867,0.15496177971363068,-0.12286759167909622,0.1037505716085434,0.0,0.0,0.0,0.0,0.0,0.0,0.0
10745844777,0,0.001839432748965919,-0.04255511239171028,-0.14032939076423645,6.569455581484362e-05,-0.04113857448101044,-0.67824786901474,0.002940105739980936,0.004002434201538563,-0.013372660614550114,-0.0035474940668791533,0.0028330900240689516,-0.5,-0.012923241592943668,-0.025087198242545128,-0.004387003369629383,0.0,0.0,-0.0047828578390181065,2.5830668164417148e-05,-0.002560442080721259,0.007606822997331619,0.10270561277866364,0.19944719970226288,-0.00028045912040397525,-0.04701128974556923,0.07365899533033371,-26.118511199951172,0.10562599450349808,0.20500290393829346,-0.0018313750624656677,-0.0004998720833100379,-0.10134532302618027,-0.19846992194652557,0.00023362209321931005,7.056840419769287,6.327892780303955,6.09401798248291,6.6409759521484375,0.0015332031762227416,-0.013798828236758709,-0.0015332031762227416,0.0076660155318677425,0.0,0.0012580777984112501,-0.006828033830970526,-0.0016351650701835752,0.006342489738017321,0.0,-0.44931843876838684,0.30678537487983704,-9.693573951721191,-0.017326729372143745,0.006205681711435318,-4.7799224853515625,0.0,0.0,0.0,0.0,0.0,0.0,0.0,0.0,0.0,0.0,0.0,0.0,-0.0014236707938835025,-0.009601547382771969,0.0014785961247980595,0.009017887525260448,0.18160857260227203,0.16653646528720856,0.161673903465271,0.17302532494068146,0.3266232907772064,0.026233194395899773,0.33616477251052856,0.0,0.0,0.0,0.0,0.0,0.0,0.0
10756906386,0,0.0018256912007927895,-0.04257684573531151,-0.140311598777771,6.569455581484362e-05,-0.04113857448101044,-0.6792478561401367,0.010007093660533428,0.0005361369112506509,-0.014496727846562862,-0.003520010970532894,0.002876556944102049,-0.5,-0.012917094863951206,-0.02503812313079834,-0.00413771066814661,0.0,0.0,-0.0047828578390181065,2.5830668164417148e-05,-0.002560442080721259,0.007606822997331619,0.10292340070009232,0.1990746408700943,-0.0005036727525293827,-0.09529700875282288,0.0341312512755394,-26.289573669433594,0.09935484826564789,0.20136027038097382,-0.009006238542497158,-0.0004955681506544352,-0.10141577571630478,-0.19852246344089508,0.00032587142777629197,7.263558864593506,6.187315940856934,6.3316240310668945,6.508163928985596,0.0,-0.012265625409781933,0.0,0.0076660155318677425,0.0,-0.003051403444260359,-0.007482872344553471,0.0033303839154541492,0.006948425900191069,0.0,0.08143385499715805,0.16201035678386688,-9.763862609863281,-0.03135012090206146,0.013137764297425747,-4.774694919586182,0.0,0.0,0.0,0.0,0.0,0.0,0.0,0.0,0.0,0.0,0.0,0.0,-0.0017580236308276653,-0.009003506042063236,0.00186957698315382,0.008453997783362865,0.18585999310016632,0.16361524164676666,0.16661398112773895,0.17027561366558075,0.3266232907772064,0.026233194395899773,0.33616477251052856,0.0,0.0,0.0,0.0,0.0,0.0,0.0
10766203118,0,0.0018256912007927895,-0.04257684573531151,-0.140311598777771,6.569455581484362e-05,-0.04113857448101044,-0.6792478561401367,0.010007093660533428,0.0005361369112506509,-0.014496727846562862,-0.003520010970532894,0.002876556944102049,-0.5,-0.012917094863951206,-0.02503812313079834,-0.00413771066814661,0.0,0.0,-0.0047828578390181065,2.5830668164417148e-05,-0.002560442080721259,0.007606822997331619,0.10292340070009232,0.1990746408700943,-0.0005036727525293827,-0.09529700875282288,0.0341312512755394,-26.289573669433594,0.09935484826564789,0.20136027038097382,-0.009006238542497158,-0.0004955681506544352,-0.10141577571630478,-0.19852246344089508,0.00032587142777629197,7.263558864593506,6.187315940856934,6.3316240310668945,6.508163928985596,-0.0015332031762227416,-0.012265625409781933,0.0015332031762227416,0.010732421651482582,0.0,-0.003051403444260359,-0.007482872344553471,0.0033303839154541492,0.006948425900191069,0.0,0.08143385499715805,0.16201035678386688,-9.763862609863281,-0.03135012090206146,0.013137764297425747,-4.774694919586182,0.0,0.0,0.0,0.0,0.0,0.0,0.0,0.0,0.0,0.0,0.0,0.0,-0.001962321810424328,-0.008398574776947498,0.0021023547742515802,0.007870898582041264,0.18585999310016632,0.16361524164676666,0.16661398112773895,0.17027561366558075,0.3266232907772064,0.026233194395899773,0.33616477251052856,0.0,0.0,0.0,0.0,0.0,0.0,0.0
10776874009,0,0.001803703955374658,-0.042603183537721634,-0.1402764618396759,6.569455581484362e-05,-0.04113857448101044,-0.6812478303909302,-0.001034500077366829,0.006215892732143402,-0.01584654115140438,-0.0034760362468659878,0.002929232781752944,-0.5,-0.013088209554553032,-0.025133252143859863,-0.004184098914265633,0.0,0.0,-0.0047828578390181065,-0.004012232646346092,-0.0021615060977637768,0.007563760969787836,0.10534299165010452,0.19957979023456573,-0.000532361795194447,-0.05055652931332588,0.011668533086776733,-26.287342071533203,0.11086799949407578,0.2023267149925232,-0.005845476407557726,-0.0005037533701397479,-0.10144887864589691,-0.1985464096069336,0.0006265903939493,7.202201843261719,6.282853603363037,6.2337517738342285,6.569475173950195,-0.003066406352445483,-0.012265625409781933,0.003066406352445483,0.012265625409781933,0.0,-0.0019850244279950857,-0.003588733496144414,0.002117735333740711,0.003265460254624486,0.0,-0.8543631434440613,0.44045764207839966,-9.976371765136719,-0.009192096069455147,0.002121551427990198,-4.779516696929932,0.0,0.0,0.0,0.0,0.0,0.0,0.0,0.0,0.0,0.0,0.0,0.0,-0.002214569365605712,-0.007752446457743645,0.002387500833719969,0.00724400021135807,0.18446937203407288,0.16495965421199799,0.16466467082500458,0.17096692323684692,-0.15127727389335632,-0.0585426390171051,0.027713725343346596,0.0,0.0,0.0,0.0,0.0,0.0,0.0
10787238532,0,0.0018120482563972473,-0.04259003326296806,-0.1402713805437088,6.569455581484362e-05,-0.04113857448101044,-0.6822478175163269,0.009015291929244995,0.006385388318449259,-0.01609254814684391,-0.003492724848911166,0.0029029319994151592,-0.5,-0.012928307987749577,-0.025318477302789688,-0.004200047813355923,0.0,0.0,-0.0047828578390181065,-0.0025738163385540247,-0.006333814933896065,0.000924890860915184,0.10361283272504807,0.20071068406105042,-0.00022298851399682462,-0.16228221356868744,0.00814012810587883,-26.30136489868164,0.10714174807071686,0.20752480626106262,0.004139930009841919,-0.0005147559568285942,-0.10152437537908554,-0.19863896071910858,0.000720628013368696,6.958032608032227,6.522462368011475,5.98567008972168,6.836039066314697,-0.003066406352445483,-0.010732421651482582,0.003066406352445483,0.0076660155318677425,0.0,-0.007912803441286087,-0.00932374782860279,0.009011298418045044,0.008732344023883343,0.0,-0.8543631434440613,0.44045764207839966,-9.976371765136719,-0.029505858197808266,0.0014800233766436577,-4.782066345214844,0.0,0.0,0.0,0.0,0.0,0.0,0.0,0.0,0.0,0.0,0.0,0.0,-0.002618923783302307,-0.00711056450381875,0.0028519141487777233,0.00662363413721323,0.17957305908203125,0.1705719530582428,0.15941669046878815,0.17705659568309784,-0.03615163266658783,-0.2139531970024109,-0.32597365975379944,0.0,0.0,0.0,0.0,0.0,0.0,0.0
10796897896,0,0.0018120482563972473,-0.04259003326296806,-0.1402713805437088,6.569455581484362e-05,-0.04113857448101044,-0.6822478175163269,0.009015291929244995,0.006385388318449259,-0.01609254814684391,-0.003492724848911166,0.0029029319994151592,-0.5,-0.012928307987749577,-0.025318477302789688,-0.004200047813355923,0.0,0.0,-0.0047828578390181065,0.008062277920544147,0.002365153981372714,-0.009814102202653885,0.10361283272504807,0.20071068406105042,-0.00022298851399682462,-0.16228221356868744,0.00814012810587883,-26.30136489868164,0.10714174807071686,0.20752480626106262,0.004139930009841919,-0.0005147559568285942,-0.10152437537908554,-0.19863896071910858,0.000720628013368696,6.958032608032227,6.522462368011475,5.98567008972168,6.836039066314697,-0.0015332031762227416,-0.009199218824505806,0.003066406352445483,0.006132812704890966,0.0,-0.007912803441286087,-0.00932374782860279,0.009011298418045044,0.008732344023883343,0.0,-0.34765535593032837,0.09778019040822983,-9.799139976501465,-0.029505858197808266,0.0014800233766436577,-4.782066345214844,0.0,0.0,0.0,0.0,0.0,0.0,0.0,0.0,0.0,0.0,0.0,0.0,-0.0035211958456784487,-0.006938704755157232,0.0038988799788057804,0.00645544845610857,0.17957305908203125,0.1705719530582428,0.15941669046878815,0.17705659568309784,0.45276033878326416,0.2787477374076843,-0.41170910000801086,0.0,0.0,0.0,0.0,0.0,0.0,0.0
10808385128,0,0.0017683831974864006,-0.042545922100543976,-0.1402616947889328,6.569455581484362e-05,-0.04113857448101044,-0.6852477788925171,0.00358780799433589,0.005880830343812704,-0.013562020845711231,-0.0034053942654281855,0.0028147094417363405,-0.5,-0.012484844774007797,-0.025068022310733795,-0.004580873064696789,0.0,0.0,-0.0047828578390181065,0.008062277920544147,0.002365153981372714,-0.009814102202653885,0.09922877699136734,0.19929057359695435,-5.458218220155686e-05,-0.012362444773316383,0.04085899144411087,-26.250926971435547,0.08942241966724396,0.19291962683200836,0.01190788485109806,-0.0005248603993095458,-0.10153169929981232,-0.1987304538488388,0.0004906042595393956,6.70269250869751,6.698020935058594,5.827393054962158,7.023744583129883,-0.0015332031762227416,-0.0076660155318677425,0.0015332031762227416,0.003066406352445483,0.0,0.0014180202269926667,-0.0028944588266313076,-0.0018268130952492356,0.002597779268398881,0.0,-0.34765535593032837,0.09778019040822983,-9.799139976501465,-0.018415505066514015,0.0020056357607245445,-4.824128150939941,0.0,0.0,0.0,0.0,0.0,0.0,0.0,0.0,0.0,0.0,0.0,0.0,-0.004344867542386055,-0.0069976914674043655,0.004857189487665892,0.0065098837949335575,0.17430177330970764,0.17420536279678345,0.15611405670642853,0.18092703819274902,0.45276033878326416,0.2787477374076843,-0.41170910000801086,0.0,0.0,0.0,0.0,0.0,0.0,0.0
10816071137,0,0.0017683831974864006,-0.042545922100543976,-0.1402616947889328,6.569455581484362e-05,-0.04113857448101044,-0.6852477788925171,0.00358780799433589,0.005880830343812704,-0.013562020845711231,-0.0034053942654281855,0.0028147094417363405,-0.5,-0.012484844774007797,-0.025068022310733795,-0.004580873064696789,0.0,0.0,-0.0047828578390181065,0.0010678446851670742,-0.0001781583996489644,-0.001830314053222537,0.09922877699136734,0.19929057359695435,-5.458218220155686e-05,-0.012362444773316383,0.04085899144411087,-26.250926971435547,0.08942241966724396,0.19291962683200836,0.01190788485109806,-0.0005248603993095458,-0.10138864815235138,-0.1986681967973709,0.0002183243923354894,6.70269250869751,6.698020935058594,5.827393054962158,7.023744583129883,-0.0015332031762227416,-0.0076660155318677425,0.0015332031762227416,0.004599609412252903,0.0,0.0014180202269926667,-0.0028944588266313076,-0.0018268130952492356,0.002597779268398881,0.0,0.4014323949813843,-0.11436484754085541,-9.496262550354004,-0.018415505066514015,0.0020056357607245445,-4.824128150939941,0.0,0.0,0.0,0.0,0.0,0.0,0.0,0.0,0.0,0.0,0.0,0.0,-0.004116997588425875,-0.006566138006746769,0.0045950994826853275,0.006097764242440462,0.18332886695861816,0.16973401606082916,0.16370142996311188,0.17595097422599792,-0.23362359404563904,-0.09894866496324539,0.23464199900627136,0.0,0.0,0.0,0.0,0.0,0.0,0.0
10827014877,0,0.0017106210580095649,-0.04262646287679672,-0.140187069773674,6.569455581484362e-05,-0.04113857448101044,-0.6872477531433105,0.0022513160947710276,-0.0060971141792833805,-0.012119443155825138,-0.0032898695208132267,0.0029757916927337646,-0.5,-0.013112005777657032,-0.025135530158877373,-0.004378646612167358,0.0,0.0,-0.0047828578390181065,0.0010678446851670742,-0.0001781583996489644,-0.001830314053222537,0.10420554876327515,0.19983170926570892,-0.0002872655459214002,-0.20088297128677368,0.0854678675532341,-26.595775604248047,0.10547393560409546,0.20099934935569763,-0.0006786011508665979,-0.0005105324671603739,-0.10138864815235138,-0.1986681967973709,0.0002183243923354894,7.140423774719238,6.482034683227539,6.191458702087402,6.782497406005859,-0.003066406352445483,-0.010732421651482582,0.0015332031762227416,0.006132812704890966,0.0,-0.005792447831481695,-0.01570485532283783,0.006501017138361931,0.014845428988337517,0.0,-0.9714213013648987,-0.05708140879869461,-9.91766357421875,-0.015799501910805702,0.026968123391270638,-4.844735622406006,0.0,0.0,0.0,0.0,0.0,0.0,0.0,0.0,0.0,0.0,0.0,0.0,-0.0033161987084895372,-0.00626733573153615,0.0036653601564466953,0.005814243108034134,0.18332886695861816,0.16973401606082916,0.16370142996311188,0.17595097422599792,-0.23362359404563904,-0.09894866496324539,0.23464199900627136,0.0,0.0,0.0,0.0,0.0,0.0,0.0
10836281426,0,0.0017403352539986372,-0.04269000142812729,-0.14012882113456726,6.569455581484362e-05,-0.04113857448101044,-0.6882477402687073,0.00014305321383289993,-0.0004874231817666441,-0.014575374312698841,-0.003349298145622015,0.0031028694938868284,-0.5,-0.013085254468023777,-0.025312554091215134,-0.004102408420294523,0.0,0.0,-0.0047828578390181065,-0.004554652143269777,-0.00607505114749074,0.009133736602962017,0.10398142784833908,0.20124465227127075,-0.0006177314789965749,-0.08689726144075394,0.14832468330860138,-26.646045684814453,0.11304611712694168,0.21032971143722534,-0.01288339588791132,-0.0005021131946705282,-0.10140161216259003,-0.19873932003974915,0.0003046130877919495,7.483354091644287,6.187402725219727,6.483880043029785,6.491836071014404,-0.003066406352445483,-0.012265625409781933,0.0015332031762227416,0.006132812704890966,0.0,0.0028292289935052395,-0.01352940034121275,-0.0034336992539465427,0.012726747430860996,0.0,-0.9714213013648987,-0.05708140879869461,-9.91766357421875,-0.011715704575181007,0.015943653881549835,-4.832045078277588,0.0,0.0,0.0,0.0,0.0,0.0,0.0,0.0,0.0,0.0,0.0,0.0,-0.0026489258743822575,-0.007170535624027252,0.002888874150812626,0.006678558420389891,0.18332886695861816,0.16973401606082916,0.16370142996311188,0.17595097422599792,-0.4510038495063782,-0.3010004758834839,0.6071908473968506,0.0,0.0,0.0,0.0,0.0,0.0,0.0
10846270558,0,0.0017403352539986372,-0.04269000142812729,-0.14012882113456726,6.569455581484362e-05,-0.04113857448101044,-0.6882477402687073,0.00014305321383289993,-0.0004874231817666441,-0.014575374312698841,-0.003349298145622015,0.0031028694938868284,-0.5,-0.013085254468023777,-0.025312554091215134,-0.004102408420294523,0.0,0.0,-0.0047828578390181065,-0.008970936760306358,0.00024260635836981237,0.015656311064958572,0.10398142784833908,0.20124465227127075,-0.0006177314789965749,-0.08689726144075394,0.14832468330860138,-26.646045684814453,0.11304611712694168,0.21032971143722534,-0.01288339588791132,-0.0005021131946705282,-0.10140161216259003,-0.19873932003974915,0.0003046130877919495,7.483354091644287,6.187402725219727,6.483880043029785,6.491836071014404,-0.004599609412252903,-0.013798828236758709,0.004599609412252903,0.004599609412252903,0.0,0.0028292289935052395,-0.01352940034121275,-0.0034336992539465427,0.012726747430860996,0.0,-0.9714213013648987,-0.05708140879869461,-9.91766357421875,-0.011715704575181007,0.015943653881549835,-4.832045078277588,0.0,0.0,0.0,0.0,0.0,0.0,0.0,0.0,0.0,0.0,0.0,0.0,-0.0017076178919523954,-0.008888481184840202,0.0017986084567382932,0.00831743236631155,0.19036954641342163,0.16361701488494873,0.1697724461555481,0.16993728280067444,-0.10662063211202621,0.11028792709112167,0.16360799968242645,0.0,0.0,0.0,0.0,0.0,0.0,0.0
10856075567,0,0.0017117521492764354,-0.0429018959403038,-0.14005842804908752,6.569455581484362e-05,-0.04113857448101044,-0.6912477016448975,-0.0023818430490791798,-0.00633257208392024,-0.021434932947158813,-0.0032921317033469677,0.0035266606137156487,-0.5,-0.0134536512196064,-0.025121740996837616,-0.0038904554676264524,0.0,0.0,-0.0047828578390181065,-0.008970936760306358,0.00024260635836981237,0.015656311064958572,0.1069016233086586,0.19973276555538177,-0.0008679921738803387,-0.10076645016670227,0.18160732090473175,-26.717378616333008,0.11248559504747391,0.19876153767108917,-0.013581253588199615,-0.0005231049144640565,-0.10178715735673904,-0.19885477423667908,0.001017122995108366,7.500247478485107,6.204562664031982,6.537549018859863,6.4755425453186035,-0.004599609412252903,-0.013798828236758709,0.006132812704890966,0.006132812704890966,0.0,0.0037349483463913202,-0.01618279702961445,-0.00445889588445425,0.015329912304878235,0.0,-0.12339343875646591,0.8018173575401306,-10.292567253112793,-0.006124131381511688,0.02871437929570675,-4.7973313331604,0.0,0.0,0.0,0.0,0.0,0.0,0.0,0.0,0.0,0.0,0.0,0.0,-0.00036571710370481014,-0.010712169110774994,0.00024960527662187815,0.010057177394628525,0.19071587920188904,0.16397377848625183,0.17088428139686584,0.16959962248802185,-0.10662063211202621,0.11028792709112167,0.16360799968242645,0.0,0.0,0.0,0.0,0.0,0.0,0.0
10866194095,0,0.0016912569990381598,-0.04298181086778641,-0.14009331166744232,6.569455581484362e-05,-0.04113857448101044,-0.6922476887702942,0.007037485484033823,0.0038949709851294756,-0.02354520931839943,-0.003251141170039773,0.0036864911671727896,-0.5,-0.012824108824133873,-0.025289833545684814,-0.003919455222785473,0.0,0.0,-0.0047828578390181065,4.1071558371186256e-05,-0.0005205883644521236,0.008623678237199783,0.1069016233086586,0.19973276555538177,-0.0008679921738803387,-0.10076645016670227,0.18160732090473175,-26.717378616333008,0.11248559504747391,0.19876153767108917,-0.013581253588199615,-0.0005231049144640565,-0.10178715735673904,-0.19885477423667908,0.001017122995108366,7.500247478485107,6.204562664031982,6.537549018859863,6.4755425453186035,-0.003066406352445483,-0.012265625409781933,0.004599609412252903,0.0076660155318677425,0.0,0.0037349483463913202,-0.01618279702961445,-0.00445889588445425,0.015329912304878235,0.0,-0.12339343875646591,0.8018173575401306,-10.292567253112793,-0.024870626628398895,0.007850026711821556,-4.789494514465332,0.0,0.0,0.0,0.0,0.0,0.0,0.0,0.0,0.0,0.0,0.0,0.0,0.00100914784707129,-0.012496153824031353,-0.001333765685558319,0.0117656784132123,0.19071587920188904,0.16397377848625183,0.17088428139686584,0.16959962248802185,0.4070744514465332,-0.0033404396381229162,-0.24488475918769836,0.0,0.0,0.0,0.0,0.0,0.0,0.0
10876294810,0,0.0016912569990381598,-0.04298181086778641,-0.14009331166744232,6.569455581484362e-05,-0.04113857448101044,-0.6922476887702942,0.007037485484033823,0.0038949709851294756,-0.02354520931839943,-0.003251141170039773,0.0036864911671727896,-0.5,-0.012824108824133873,-0.025289833545684814,-0.003919455222785473,0.0,0.0,-0.0047828578390181065,4.1071558371186256e-05,-0.0005205883644521236,0.008623678237199783,0.1018984317779541,0.2010674774646759,-0.0008413937175646424,-0.033682722598314285,0.15792909264564514,-26.38532257080078,0.09892989695072174,0.2020658254623413,-0.002016613958403468,-0.0005533185903914273,-0.10191791504621506,-0.1988675743341446,0.001264801248908043,7.162232875823975,6.331454277038574,6.235501289367676,6.656769752502441,-0.0015332031762227416,-0.010732421651482582,0.003066406352445483,0.0076660155318677425,0.0,0.006049307528883219,-0.010794954374432564,-0.0071412925608456135,0.01008667889982462,0.0,-0.07406065613031387,0.450786292552948,-10.155794143676758,-0.024870626628398895,0.007850026711821556,-4.789494514465332,0.0,0.0,0.0,0.0,0.0,0.0,0.0,0.0,0.0,0.0,0.0,0.0,0.0022950731217861176,-0.013805272988975048,-0.0028129019774496555,0.013021757826209068,0.1827561855316162,0.16771383583545685,0.16348282992839813,0.1744077205657959,0.4070744514465332,-0.0033404396381229162,-0.24488475918769836,0.0,0.0,0.0,0.0,0.0,0.0,0.0
10886309184,0,0.0016635520150884986,-0.043104637414216995,-0.14014343917369843,6.569455581484362e-05,-0.04113857448101044,-0.6932476758956909,0.0038210563361644745,-0.0062868730165064335,-0.01771031692624092,-0.003195730969309807,0.003932145424187183,-0.5,-0.012882978655397892,-0.025166938081383705,-0.0041129011660814285,0.0,0.0,-0.0047828578390181065,0.007455796469002962,-0.0016868415987119079,-0.002802956150844693,0.10203001648187637,0.20069986581802368,-0.0005558411940000951,-0.10234741121530533,0.15922173857688904,-26.639814376831055,0.08968310803174973,0.20312929153442383,0.008785908110439777,-0.000583789951633662,-0.10191791504621506,-0.1988675743341446,0.001264801248908043,6.831601142883301,6.612758636474609,5.929348945617676,6.969350814819336,0.0015332031762227416,-0.0076660155318677425,0.0,0.0076660155318677425,0.0,0.002850515069440007,-0.014081310480833054,-0.0034983139485120773,0.013178665190935135,0.0,0.08497604727745056,0.34613552689552307,-9.460731506347656,-0.018608620390295982,0.028949405997991562,-4.843602657318115,0.0,0.0,0.0,0.0,0.0,0.0,0.0,0.0,0.0,0.0,0.0,0.0,0.0033659336622804403,-0.014293784275650978,-0.004047263879328966,0.013482430018484592,0.1827561855316162,0.16771383583545685,0.16348282992839813,0.1744077205657959,0.6239935159683228,-0.05505470186471939,-0.5980328321456909,0.0,0.0,0.0,0.0,0.0,0.0,0.0
10896518762,0,0.0016635520150884986,-0.043104637414216995,-0.14014343917369843,6.569455581484362e-05,-0.04113857448101044,-0.6932476758956909,0.0038210563361644745,-0.0062868730165064335,-0.01771031692624092,-0.003195730969309807,0.003932145424187183,-0.5,-0.012882978655397892,-0.025166938081383705,-0.0041129011660814285,0.0,0.0,-0.0047828578390181065,0.007455796469002962,-0.0016868415987119079,-0.002802956150844693,0.10203001648187637,0.20069986581802368,-0.0005558411940000951,-0.10234741121530533,0.15922173857688904,-26.639814376831055,0.08968310803174973,0.20312929153442383,0.008785908110439777,-0.000583789951633662,-0.10193516314029694,-0.1989092081785202,0.0012683914974331856,6.831601142883301,6.612758636474609,5.929348945617676,6.969350814819336,0.0015332031762227416,-0.009199218824505806,0.0,0.0076660155318677425,0.0,0.002850515069440007,-0.014081310480833054,-0.0034983139485120773,0.013178665190935135,0.0,0.01081564836204052,0.6306766271591187,-9.611821174621582,-0.018608620390295982,0.028949405997991562,-4.843602657318115,0.0,0.0,0.0,0.0,0.0,0.0,0.0,0.0,0.0,0.0,0.0,0.0,0.003945053089410067,-0.01434322725981474,-0.00472109904512763,0.013510302640497684,0.17825929820537567,0.17428599298000336,0.15943224728107452,0.18163233995437622,0.6239935159683228,-0.05505470186471939,-0.5980328321456909,0.0,0.0,0.0,0.0,0.0,0.0,0.0
10906180509,0,0.0016465377993881702,-0.04325522482395172,-0.14004909992218018,6.569455581484362e-05,-0.04113857448101044,-0.6962476372718811,0.008109822869300842,0.007367038168013096,-0.008420613594353199,-0.0031617023050785065,0.0042333221063017845,-0.5,-0.012373470701277256,-0.025105604901909828,-0.004023787099868059,0.0,0.0,-0.0047828578390181065,0.008818070404231548,-7.28641462046653e-05,-0.0041116285137832165,0.09832121431827545,0.1996002197265625,-0.0007244163425639272,-0.1496482640504837,0.09026255458593369,-26.861690521240234,0.0937129482626915,0.19919231534004211,0.003953804261982441,-0.0006155900773592293,-0.10174509137868881,-0.19901825487613678,0.001009078579954803,7.070709228515625,6.6486687660217285,6.162545204162598,6.980573654174805,0.0015332031762227416,-0.012265625409781933,0.0,0.009199218824505806,0.0,-0.003064071526750922,-0.012858626432716846,0.0032984658610075712,0.01205548644065857,0.0,0.01081564836204052,0.6306766271591187,-9.611821174621582,-0.02746817283332348,0.001981711946427822,-4.934103012084961,0.0,0.0,0.0,0.0,0.0,0.0,0.0,0.0,0.0,0.0,0.0,0.0,0.0037550488486886024,-0.014262808486819267,-0.004513314459472895,0.013411000370979309,0.17825929820537567,0.17428599298000336,0.15943224728107452,0.18163233995437622,0.3210645616054535,0.0943937823176384,-0.06927939504384995,0.0,0.0,0.0,0.0,0.0,0.0,0.0
10916204607,0,0.0016592617612332106,-0.043299272656440735,-0.13997046649456024,6.569455581484362e-05,-0.04113857448101044,-0.6972476243972778,-0.0010299950372427702,-0.012301974929869175,-0.005911974236369133,-0.0031871504615992308,0.004321417771279812,-0.5,-0.01298239454627037,-0.025116976350545883,-0.0038582300767302513,0.0,0.0,-0.0047828578390181065,0.006671405863016844,0.0013700948329642415,0.004117346368730068,0.10315459966659546,0.19969484210014343,-0.0009138028835877776,-0.15107494592666626,0.010899415239691734,-27.13756561279297,0.09592664986848831,0.1971374899148941,-0.006523842923343182,-0.0006250555161386728,-0.10174509137868881,-0.19901825487613678,0.001009078579954803,7.401150703430176,6.462811470031738,6.493864059448242,6.7803521156311035,0.0015332031762227416,-0.015332031063735485,-0.0015332031762227416,0.009199218824505806,0.0,-0.006788045167922974,-0.008966188877820969,0.007527194917201996,0.00834585539996624,0.0,0.01081564836204052,0.6306766271591187,-9.611821174621582,-0.009549025446176529,0.04225641116499901,-4.95680046081543,0.0,0.0,0.0,0.0,0.0,0.0,0.0,0.0,0.0,0.0,0.0,0.0,0.0025043459609150887,-0.013840987347066402,-0.00308810593560338,0.012992714531719685,0.1886843591928482,0.16933570802211761,0.1699792593717575,0.17590676248073578,0.05565459281206131,0.11872478574514389,0.33755362033843994,0.0,0.0,0.0,0.0,0.0,0.0,0.0
10926586951,0,0.0016592617612332106,-0.043299272656440735,-0.13997046649456024,6.569455581484362e-05,-0.04113857448101044,-0.6972476243972778,-0.0010299950372427702,-0.012301974929869175,-0.005911974236369133,-0.0031871504615992308,0.004321417771279812,-0.5,-0.01298239454627037,-0.025116976350545883,-0.0038582300767302513,0.0,0.0,-0.0047828578390181065,0.008666809648275375,0.001675332779996097,0.017368368804454803,0.10545045882463455,0.2009715884923935,-0.0012863295851275325,-0.1348092257976532,0.17842182517051697,-27.026302337646484,0.09108899533748627,0.19840320944786072,-0.018315277993679047,-0.0006483378238044679,-0.10174509137868881,-0.19901825487613678,0.001009078579954803,7.661381721496582,6.131927013397217,6.767543792724609,6.465909957885742,0.0,-0.018398437649011612,-0.0015332031762227416,0.0076660155318677425,0.0,0.0019206287106499076,-0.018176138401031494,-0.0023825655225664377,0.017019180580973625,0.0,-0.5214328765869141,-0.7544751763343811,-10.08165168762207,-0.009549025446176529,0.04225641116499901,-4.95680046081543,0.0,0.0,0.0,0.0,0.0,0.0,0.0,0.0,0.0,0.0,0.0,0.0,0.0007480767089873552,-0.01333843357861042,-0.0010805929778143764,0.012500772252678871,0.1886843591928482,0.16933570802211761,0.1699792593717575,0.17590676248073578,-0.10848482698202133,-0.005437280051410198,0.5022343993186951,0.0,0.0,0.0,0.0,0.0,0.0,0.0
10936282450,0,0.0016561568481847644,-0.04335308447480202,-0.1398705542087555,6.569455581484362e-05,-0.04113857448101044,-0.6992475986480713,0.013202988542616367,0.01173324603587389,-0.018075231462717056,-0.0031809404026716948,0.004429042339324951,-0.5,-0.012419568374752998,-0.02515789121389389,-0.0036098589189350605,0.0,0.0,-0.0047828578390181065,0.008666809648275375,0.001675332779996097,0.017368368804454803,0.10545045882463455,0.2009715884923935,-0.0012863295851275325,-0.1348092257976532,0.17842182517051697,-27.026302337646484,0.09108899533748627,0.19840320944786072,-0.018315277993679047,-0.0006483378238044679,-0.1014130562543869,-0.19897669553756714,0.0015055043622851372,7.661381721496582,6.131927013397217,6.767543792724609,6.465909957885742,0.0,-0.019931640475988388,-0.003066406352445483,0.009199218824505806,0.0,0.0019206287106499076,-0.018176138401031494,-0.0023825655225664377,0.017019180580973625,0.0,0.45118242502212524,0.7539064884185791,-10.564216613769531,-0.03728668391704559,-0.006548106670379639,-4.8720855712890625,0.0,0.0,0.0,0.0,0.0,0.0,0.0,0.0,0.0,0.0,0.0,0.0,-0.0003010568907484412,-0.013559087179601192,0.0001236321113537997,0.012692482210695744,0.1940140724182129,0.16246297955513,0.1756419688463211,0.1693999022245407,-0.10848482698202133,-0.005437280051410198,0.5022343993186951,0.0,0.0,0.0,0.0,0.0,0.0,0.0
10946697578,0,0.0016561568481847644,-0.04335308447480202,-0.1398705542087555,6.569455581484362e-05,-0.04113857448101044,-0.6992475986480713,0.013202988542616367,0.01173324603587389,-0.018075231462717056,-0.0031809404026716948,0.004429042339324951,-0.5,-0.012419568374752998,-0.02515789121389389,-0.0036098589189350605,0.0,0.0,-0.0047828578390181065,-0.0015110671520233154,-0.004194990731775761,0.004078430589288473,0.10545045882463455,0.2009715884923935,-0.0012863295851275325,-0.06630900502204895,0.26394304633140564,-26.734464645385742,0.10539036989212036,0.20660574734210968,0.0009097665315493941,-0.0007069999119266868,-0.10138259083032608,-0.19909679889678955,0.0019095232710242271,7.143375873565674,6.548402309417725,6.178384780883789,6.865374565124512,0.0,-0.018398437649011612,-0.0015332031762227416,0.012265625409781933,0.0,0.009674247354269028,-0.01794888824224472,-0.011434090323746204,0.0168962050229311,0.0,0.45118242502212524,0.7539064884185791,-10.564216613769531,-0.03728668391704559,-0.006548106670379639,-4.8720855712890625,0.0,0.0,0.0,0.0,0.0,0.0,0.0,0.0,0.0,0.0,0.0,0.0,-4.938369966112077e-05,-0.014509094879031181,-0.00016414019046351314,0.013579487800598145,0.18338973820209503,0.17110909521579742,0.16342952847480774,0.1776619553565979,-0.31134462356567383,-0.1325702667236328,-0.393898606300354,0.0,0.0,0.0,0.0,0.0,0.0,0.0
10956253956,0,0.001673005404882133,-0.043427444994449615,-0.13992072641849518,6.569455581484362e-05,-0.04113857448101044,-0.7012475728988647,0.0003893215034622699,-0.014880942180752754,-0.021633893251419067,-0.0032146377488970757,0.004577763844281435,-0.5,-0.013434463180601597,-0.025446373969316483,-0.0037388973869383335,0.0,0.0,-0.0047828578390181065,-0.006399569101631641,0.0012656344333663583,-0.0044999574311077595,0.10076585412025452,0.20108506083488464,-0.0009031952358782291,-0.2002413123846054,-0.0099323820322752,-26.721101760864258,0.10539036989212036,0.20660574734210968,0.0009097665315493941,-0.0007069999119266868,-0.10138259083032608,-0.19909679889678955,0.0019095232710242271,6.929214954376221,6.790121555328369,5.96049165725708,7.042636871337891,0.003066406352445483,-0.016865234822034836,-0.003066406352445483,0.015332031063735485,0.0,-0.010834934189915657,-0.010022498667240143,0.012338077649474144,0.009444882161915302,0.0,-0.7659378051757812,-0.7384910583496094,-9.978950500488281,-0.012056183069944382,0.04798964411020279,-4.860811710357666,0.0,0.0,0.0,0.0,0.0,0.0,0.0,0.0,0.0,0.0,0.0,0.0,0.0005648528458550572,-0.015255882404744625,-0.0008710665279068053,0.014289682731032372,0.18338973820209503,0.17110909521579742,0.16342952847480774,0.1776619553565979,-0.38830509781837463,0.200254887342453,-0.5910264253616333,0.0,0.0,0.0,0.0,0.0,0.0,0.0
10966303549,0,0.0016509678680449724,-0.0434759184718132,-0.13997198641300201,6.569455581484362e-05,-0.04113857448101044,-0.7022475600242615,0.012814727611839771,0.00976137537509203,-0.023147139698266983,-0.003170562442392111,0.004674711264669895,-0.5,-0.012841826304793358,-0.02527143619954586,-0.003867876948788762,0.0,0.0,-0.0047828578390181065,-0.006399569101631641,0.0012656344333663583,-0.0044999574311077595,0.10612533986568451,0.19970907270908356,-0.0008105473243631423,-0.2002413123846054,-0.0099323820322752,-26.721101760864258,0.11640796065330505,0.1964408904314041,0.009416995570063591,-0.0007396744913421571,-0.10145144909620285,-0.199147567152977,0.0018817794043570757,6.929214954376221,6.790121555328369,5.96049165725708,7.042636871337891,0.0015332031762227416,-0.012265625409781933,-0.003066406352445483,0.012265625409781933,0.0,-0.010840058326721191,-0.010027729906141758,0.01233211811631918,0.009439838118851185,0.0,-0.7531746625900269,-0.39528220891952515,-9.605260848999023,-0.03640751168131828,-0.001805887557566166,-4.858382225036621,0.0,0.0,0.0,0.0,0.0,0.0,0.0,0.0,0.0,0.0,0.0,0.0,-0.00029073984478600323,-0.015023360028862953,0.0001217770332004875,0.014088477939367294,0.1789788156747818,0.1761084645986557,0.15889176726341248,0.18131624162197113,-0.38830509781837463,0.200254887342453,-0.5910264253616333,0.0,0.0,0.0,0.0,0.0,0.0,0.0
10976811634,0,0.0016509678680449724,-0.0434759184718132,-0.13997198641300201,6.569455581484362e-05,-0.04113857448101044,-0.7022475600242615,0.012814727611839771,0.00976137537509203,-0.023147139698266983,-0.003170562442392111,0.004674711264669895,-0.5,-0.012841826304793358,-0.02527143619954586,-0.003867876948788762,0.0,0.0,-0.0047828578390181065,0.00806988775730133,0.003054380416870117,-0.00536626111716032,0.10612533986568451,0.19970907270908356,-0.0008105473243631423,-0.2002413123846054,-0.0099323820322752,-26.721101760864258,0.11640796065330505,0.1964408904314041,0.009416995570063591,-0.0007396744913421571,-0.10145144909620285,-0.199147567152977,0.0018817794043570757,6.929214954376221,6.790121555328369,5.96049165725708,7.042636871337891,0.0,-0.010732421651482582,-0.0015332031762227416,0.010732421651482582,0.0,-0.010840058326721191,-0.010027729906141758,0.01233211811631918,0.009439838118851185,0.0,0.3363799750804901,0.1784384697675705,-9.389434814453125,-0.03640751168131828,-0.001805887557566166,-4.858382225036621,0.0,0.0,0.0,0.0,0.0,0.0,0.0,0.0,0.0,0.0,0.0,0.0,-0.002657930366694927,-0.01398693211376667,0.0028634846676141024,0.01313195563852787,0.1789788156747818,0.1761084645986557,0.15889176726341248,0.18131624162197113,0.40894314646720886,0.05049533396959305,-0.15572042763233185,0.0,0.0,0.0,0.0,0.0,0.0,0.0
10986247585,0,0.0016382798785343766,-0.043589185923337936,-0.13997554779052734,6.569455581484362e-05,-0.04113857448101044,-0.7052475214004517,0.01194019615650177,0.001804807921871543,-0.01232339907437563,-0.0031451864633709192,0.004901247564703226,-0.5,-0.012721812352538109,-0.025207947939634323,-0.0038604172877967358,0.0,0.0,-0.0047828578390181065,0.00806988775730133,0.003054380416870117,-0.00536626111716032,0.10108320415019989,0.20041759312152863,-0.0009144089417532086,-0.055072806775569916,0.22385700047016144,-27.057058334350586,0.08587411046028137,0.1958657205104828,0.005714434199035168,-0.0007820143946446478,-0.1014384925365448,-0.1990828663110733,0.0016383633483201265,7.058590888977051,6.734801292419434,6.184222221374512,7.081125736236572,-0.0015332031762227416,-0.010732421651482582,-0.0015332031762227416,0.009199218824505806,0.0,0.008333802223205566,-0.014769583940505981,-0.009787035174667835,0.013807076029479504,0.0,0.19205236434936523,0.8566921353340149,-9.293706893920898,-0.035212792456150055,0.014759441837668419,-4.9635114669799805,0.0,0.0,0.0,0.0,0.0,0.0,0.0,0.0,0.0,0.0,0.0,0.0,-0.004447443876415491,-0.012965372763574123,0.004938713740557432,0.012181700207293034,0.18164478242397308,0.17496554553508759,0.16355104744434357,0.18210862576961517,0.40894314646720886,0.05049533396959305,-0.15572042763233185,0.0,0.0,0.0,0.0,0.0,0.0,0.0
10996374927,0,0.0016096779145300388,-0.04366164281964302,-0.13991492986679077,6.569455581484362e-05,-0.04113857448101044,-0.7062475085258484,0.015039141289889812,0.010488046333193779,-0.008313954807817936,-0.0030879820697009563,0.005046161822974682,-0.5,-0.012357169762253761,-0.025152476504445076,-0.0038648932240903378,0.0,0.0,-0.0047828578390181065,0.008439655415713787,0.0010961547959595919,-0.002359418896958232,0.09818518906831741,0.19997598230838776,-0.0009149676188826561,-0.1936703622341156,0.08117692917585373,-27.299312591552734,0.09114997088909149,0.1996653527021408,0.0013562946114689112,-0.0007951435982249677,-0.1013726219534874,-0.199081689119339,0.0015625422820448875,7.241598129272461,6.688933372497559,6.340312957763672,7.030313968658447,-0.003066406352445483,-0.012265625409781933,0.0,0.010732421651482582,0.0,-0.005611598026007414,-0.01465719286352396,0.006136666983366013,0.01369952131062746,0.0,-0.680519163608551,-0.4760378897190094,-9.343713760375977,-0.04140342399477959,-0.0025969932321459055,-4.999298572540283,0.0,0.0,0.0,0.0,0.0,0.0,0.0,0.0,0.0,0.0,0.0,0.0,-0.004496912006288767,-0.012571947649121284,0.0049970210529863834,0.011807848699390888,0.18164478242397308,0.17496554553508759,0.16355104744434357,0.18210862576961517,0.30936962366104126,-0.05029517784714699,0.05700013414025307,0.0,0.0,0.0,0.0,0.0,0.0,0.0
11006240143,0,0.0016096779145300388,-0.04366164281964302,-0.13991492986679077,6.569455581484362e-05,-0.04113857448101044,-0.7062475085258484,0.015039141289889812,0.010488046333193779,-0.008313954807817936,-0.0030879820697009563,0.005046161822974682,-0.5,-0.012357169762253761,-0.025152476504445076,-0.0038648932240903378,0.0,0.0,-0.0047828578390181065,0.008439655415713787,0.0010961547959595919,-0.002359418896958232,0.09818518906831741,0.19997598230838776,-0.0009149676188826561,-0.09915968030691147,0.16228020191192627,-27.48818016052246,0.10764646530151367,0.2057277411222458,-0.005625052377581596,-0.0008250725804828107,-0.10128377377986908,-0.19921419024467468,0.001590413972735405,7.497122287750244,6.578092098236084,6.528228759765625,6.88552188873291,-0.003066406352445483,-0.013798828236758709,0.0,0.013798828236758709,0.0,0.002857053419575095,-0.014188443310558796,-0.003555839881300926,0.013294394128024578,0.0,-0.6552919149398804,-0.1777249425649643,-10.07917594909668,-0.04140342399477959,-0.0025969932321459055,-4.999298572540283,0.0,0.0,0.0,0.0,0.0,0.0,0.0,0.0,0.0,0.0,0.0,0.0,-0.0036929307971149683,-0.012746800668537617,0.004054271150380373,0.011959321796894073,0.19065168499946594,0.17172399163246155,0.17069123685359955,0.1780775785446167,0.30936962366104126,-0.05029517784714699,0.05700013414025307,0.0,0.0,0.0,0.0,0.0,0.0,0.0
11016069701,0,0.0016096779145300388,-0.04366164281964302,-0.13991492986679077,6.569455581484362e-05,-0.04113857448101044,-0.7082474827766418,0.015039141289889812,0.010488046333193779,-0.008313954807817936,-0.003070071106776595,0.005244959145784378,-0.5,-0.012357169762253761,-0.025152476504445076,-0.0038648932240903378,0.0,0.0,-0.0047828578390181065,-0.0015079264994710684,-0.0035297302529215813,0.004407037515193224,0.09818518906831741,0.19997598230838776,-0.0009149676188826561,-0.09915968030691147,0.16228020191192627,-27.48818016052246,0.10764646530151367,0.2057277411222458,-0.005625052377581596,-0.0008250725804828107,-0.10128377377986908,-0.19921419024467468,0.001590413972735405,7.497122287750244,6.578092098236084,6.528228759765625,6.88552188873291,-0.0015332031762227416,-0.013798828236758709,0.0015332031762227416,0.012265625409781933,0.0,0.002857053419575095,-0.014188443310558796,-0.003555839881300926,0.013294394128024578,0.0,-0.6552919149398804,-0.1777249425649643,-10.07917594909668,-0.02104726992547512,0.01619969680905342,-4.985252857208252,0.0,0.0,0.0,0.0,0.0,0.0,0.0,0.0,0.0,0.0,0.0,0.0,-0.002479546470567584,-0.01312043983489275,0.002633475698530674,0.012298863381147385,0.19065168499946594,0.17172399163246155,0.17069123685359955,0.1780775785446167,-0.29294055700302124,-0.09051820635795593,0.2374931424856186,0.0,0.0,0.0,0.0,0.0,0.0,0.0
11026111473,0,0.0016007224330678582,-0.04376104101538658,-0.13976992666721344,6.569455581484362e-05,-0.04113857448101044,-0.7082474827766418,0.004817883484065533,0.0016152251046150923,-0.011301031336188316,-0.003070071106776595,0.005244959145784378,-0.5,-0.012989814393222332,-0.02531774714589119,-0.0037628633435815573,0.0,0.0,-0.0047828578390181065,-0.003056921064853668,0.0031497739255428314,0.012366795912384987,0.10155002027750015,0.1995135247707367,-0.00145745649933815,-0.09915968030691147,0.16228020191192627,-27.48818016052246,0.10764646530151367,0.2057277411222458,-0.005625052377581596,-0.0008250725804828107,-0.10128377377986908,-0.19921419024467468,0.001590413972735405,7.497122287750244,6.578092098236084,6.528228759765625,6.88552188873291,-0.0015332031762227416,-0.015332031063735485,0.0015332031762227416,0.010732421651482582,0.0,0.002857053419575095,-0.014188443310558796,-0.003555839881300926,0.013294394128024578,0.0,-0.6552919149398804,-0.1777249425649643,-10.07917594909668,-0.02104726992547512,0.01619969680905342,-4.985252857208252,0.0,0.0,0.0,0.0,0.0,0.0,0.0,0.0,0.0,0.0,0.0,0.0,-0.0008980415295809507,-0.013501274399459362,0.0007926137768663466,0.012649556621909142,0.19065168499946594,0.17172399163246155,0.17069123685359955,0.1780775785446167,-0.15889300405979156,0.21629413962364197,0.35079213976860046,0.0,0.0,0.0,0.0,0.0,0.0,0.0
11036185079,0,0.001504743006080389,-0.04385785385966301,-0.13968372344970703,6.569455581484362e-05,-0.04113857448101044,-0.7102474570274353,0.005395934917032719,0.0019104963866993785,-0.009138756431639194,-0.002878111321479082,0.005438585765659809,-0.5,-0.01300379540771246,-0.025077788159251213,-0.00346198258921504,0.0,0.0,-0.0047828578390181065,-0.011156020686030388,0.003450274234637618,0.012623647227883339,0.10155002027750015,0.1995135247707367,-0.00145745649933815,-0.11954288929700851,0.08840007334947586,-27.572805404663086,0.10619587451219559,0.194200798869133,-0.01301093865185976,-0.0008651719545014203,-0.10133514553308487,-0.19926327466964722,0.0018729041330516338,7.590206623077393,6.409733295440674,6.619963645935059,6.654284477233887,-0.0015332031762227416,-0.018398437649011612,0.003066406352445483,0.0076660155318677425,0.0,-0.0015745334094390273,-0.011616867035627365,0.0015211942372843623,0.010907256044447422,0.0,-0.13485930860042572,0.13424454629421234,-9.779143333435059,-0.021735070273280144,0.016072740778326988,-5.013237476348877,0.0,0.0,0.0,0.0,0.0,0.0,0.0,0.0,0.0,0.0,0.0,0.0,0.0003682419192045927,-0.013696742244064808,-0.0006809398182667792,0.012830899097025394,0.19065168499946594,0.17172399163246155,0.17069123685359955,0.1780775785446167,-0.3716442286968231,0.11865483969449997,0.17661824822425842,0.0,0.0,0.0,0.0,0.0,0.0,0.0
11046226715,0,0.0014706344809383154,-0.04382473602890968,-0.13967308402061462,6.569455581484362e-05,-0.04113857448101044,-0.711247444152832,0.0029892625752836466,-0.002820392372086644,-0.01688360422849655,-0.0028098938055336475,0.005372350104153156,-0.5,-0.013529698364436626,-0.025101199746131897,-0.003392835147678852,0.0,0.0,-0.0047828578390181065,-0.011156020686030388,0.003450274234637618,0.012623647227883339,0.10321477055549622,0.1994025558233261,-0.0015156117733567953,-0.09057596325874329,0.1415718048810959,-27.272911071777344,0.11808723211288452,0.19476573169231415,-0.011473579332232475,-0.0008970484486781061,-0.1014942079782486,-0.19923512637615204,0.0021092055831104517,7.590206623077393,6.409733295440674,6.619963645935059,6.654284477233887,-0.003066406352445483,-0.018398437649011612,0.0015332031762227416,0.010732421651482582,0.0,0.002246938878670335,-0.012957480736076832,-0.002870834432542324,0.01218817662447691,0.0,-0.13485930860042572,0.13424454629421234,-9.779143333435059,-0.016468357294797897,0.025740329176187515,-4.95871114730835,0.0,0.0,0.0,0.0,0.0,0.0,0.0,0.0,0.0,0.0,0.0,0.0,0.001013249158859253,-0.013589558191597462,-0.0014361226931214333,0.012734334915876389,0.1925579011440277,0.16823497414588928,0.17259080708026886,0.17330077290534973,-0.3716442286968231,0.11865483969449997,0.17661824822425842,0.0,0.0,0.0,0.0,0.0,0.0,0.0
11056105531,0,0.0014706344809383154,-0.04382473602890968,-0.13967308402061462,6.569455581484362e-05,-0.04113857448101044,-0.7132474184036255,0.0029892625752836466,-0.002820392372086644,-0.01688360422849655,-0.0026206928305327892,0.005429078824818134,-0.5,-0.013529698364436626,-0.025101199746131897,-0.003392835147678852,0.0,0.0,-0.0047828578390181065,-0.007544593419879675,-0.002672675298526883,-0.0003550792462192476,0.10321477055549622,0.1994025558233261,-0.0015156117733567953,-0.14144879579544067,-0.07301092892885208,-27.090621948242188,0.11808723211288452,0.19476573169231415,-0.011473579332232475,-0.0008970484486781061,-0.1014942079782486,-0.19923512637615204,0.0021092055831104517,7.3859453201293945,6.55327844619751,6.367404460906982,6.785147190093994,-0.003066406352445483,-0.015332031063735485,0.0015332031762227416,0.013798828236758709,0.0,-0.010398046113550663,-0.003841061843559146,0.011755125597119331,0.003422392066568136,0.0,-0.25709784030914307,0.44164323806762695,-10.024678230285645,-0.02420978806912899,0.011792712844908237,-4.989753246307373,0.0,0.0,0.0,0.0,0.0,0.0,0.0,0.0,0.0,0.0,0.0,0.0,0.0007984935073181987,-0.01293780654668808,-0.0011949401814490557,0.012122590094804764,0.1925579011440277,0.16823497414588928,0.17259080708026886,0.17330077290534973,-0.013619303703308105,-0.1704179048538208,-0.4499102234840393,0.0,0.0,0.0,0.0,0.0,0.0,0.0
11066477296,0,0.0013760344590991735,-0.04385310038924217,-0.13972115516662598,6.569455581484362e-05,-0.04113857448101044,-0.7132474184036255,0.006954153534024954,0.0038656792603433132,-0.015249584801495075,-0.0026206928305327892,0.005429078824818134,-0.5,-0.012801260687410831,-0.025219865143299103,-0.0035596059169620275,0.0,0.0,-0.0047828578390181065,0.003279504831880331,-0.002202671719714999,-0.0069015128538012505,0.10306449979543686,0.20064225792884827,-0.0011296841548755765,-0.09588758647441864,0.21235549449920654,-27.477619171142578,0.11074528843164444,0.20501911640167236,0.004886920098215342,-0.0009687715210020542,-0.1017737090587616,-0.1992776244878769,0.0023146546445786953,7.228290557861328,6.834605693817139,6.24920129776001,7.132774829864502,-0.0015332031762227416,-0.010732421651482582,0.0015332031762227416,0.015332031063735485,0.0,0.0055510806851089,-0.016100140288472176,-0.006757813971489668,0.015131774358451366,0.0,-0.25709784030914307,0.44164323806762695,-10.024678230285645,-0.02420978806912899,0.011792712844908237,-4.989753246307373,0.0,0.0,0.0,0.0,0.0,0.0,0.0,0.0,0.0,0.0,0.0,0.0,-5.409418372437358e-05,-0.011924760416150093,-0.00021544130868278444,0.01116085983812809,0.1851355880498886,0.17702682316303253,0.16490189731121063,0.1831715852022171,0.5307560563087463,-0.062075696885585785,-0.5184220671653748,0.0,0.0,0.0,0.0,0.0,0.0,0.0
11076233972,0,0.0013760344590991735,-0.04385310038924217,-0.13972115516662598,6.569455581484362e-05,-0.04113857448101044,-0.7132474184036255,0.006954153534024954,0.0038656792603433132,-0.015249584801495075,-0.0026206928305327892,0.005429078824818134,-0.5,-0.012801260687410831,-0.025219865143299103,-0.0035596059169620275,0.0,0.0,-0.0047828578390181065,0.003279504831880331,-0.002202671719714999,-0.0069015128538012505,0.10432557761669159,0.19956855475902557,-0.0010795257985591888,-0.09588758647441864,0.21235549449920654,-27.477619171142578,0.0909404382109642,0.2033540904521942,0.010617922060191631,-0.0010034333681687713,-0.10185065120458603,-0.199336439371109,0.0022105046082288027,7.228290557861328,6.834605693817139,6.24920129776001,7.132774829864502,-0.0015332031762227416,-0.009199218824505806,0.0015332031762227416,0.015332031063735485,0.0,0.005545866675674915,-0.016105659306049347,-0.00676384661346674,0.015126487240195274,0.0,-0.07973901927471161,1.2083991765975952,-9.35915470123291,-0.02420978806912899,0.011792712844908237,-4.989753246307373,0.0,0.0,0.0,0.0,0.0,0.0,0.0,0.0,0.0,0.0,0.0,0.0,-0.000175102410139516,-0.01163172535598278,-8.720063487999141e-05,0.010880190879106522,0.18168945610523224,0.1795850545167923,0.16278064250946045,0.18686474859714508,0.5307560563087463,-0.062075696885585785,-0.5184220671653748,0.0,0.0,0.0,0.0,0.0,0.0,0.0
11086139195,0,0.0012534687994048,-0.04381196200847626,-0.1397252380847931,6.569455581484362e-05,-0.04113857448101044,-0.7162473797798157,0.008033017627894878,0.020993467420339584,-0.009299146011471748,-0.0023755603469908237,0.005346801597625017,-0.5,-0.012298967689275742,-0.025097856298089027,-0.0036448719911277294,0.0,0.0,-0.0047828578390181065,0.00523288594558835,0.0005641118623316288,-0.004770482890307903,0.09771396219730377,0.1995459645986557,-0.0011802485678344965,-0.09588758647441864,0.21235549449920654,-27.477619171142578,0.0909404382109642,0.2033540904521942,0.010617922060191631,-0.0010034333681687713,-0.10186228156089783,-0.19936496019363403,0.002075206022709608,7.228290557861328,6.834605693817139,6.24920129776001,7.132774829864502,0.0,-0.010732421651482582,0.0,0.013798828236758709,0.0,0.005545866675674915,-0.016105659306049347,-0.00676384661346674,0.015126487240195274,0.0,-0.07973901927471161,1.2083991765975952,-9.35915470123291,-0.025988250970840454,-0.022959673777222633,-5.058008670806885,0.0,0.0,0.0,0.0,0.0,0.0,0.0,0.0,0.0,0.0,0.0,0.0,0.0008212992688640952,-0.012312915176153183,-0.001255874871276319,0.0115259550511837,0.18168945610523224,0.1795850545167923,0.16278064250946045,0.18686474859714508,0.541802704334259,0.08938336372375488,-0.1915442943572998,0.0,0.0,0.0,0.0,0.0,0.0,0.0
11098242100,0,0.0012313618790358305,-0.043784886598587036,-0.13970878720283508,6.569455581484362e-05,-0.04113857448101044,-0.7172473669052124,0.001527393818832934,-0.0062063271179795265,-0.002400781726464629,-0.002331346273422241,0.005292650777846575,-0.5,-0.013363201171159744,-0.025038884952664375,-0.00330553250387311,0.0,0.0,-0.0047828578390181065,-0.00020987633615732193,0.0022485055960714817,0.004046428017318249,0.10615964233875275,0.19908641278743744,-0.0015718592330813408,-0.1429353803396225,-0.12627820670604706,-27.819047927856445,0.10637237131595612,0.19553352892398834,-0.0062622749246656895,-0.0010510360589250922,-0.10186228156089783,-0.19936496019363403,0.002075206022709608,7.580211162567139,6.656944274902344,6.642472743988037,6.9409050941467285,0.0,-0.012265625409781933,-0.0015332031762227416,0.013798828236758709,0.0,-0.012707614339888096,-0.001056287088431418,0.014157693833112717,0.0006838836707174778,0.0,-0.07973901927471161,1.2083991765975952,-9.35915470123291,-0.013385044410824776,0.0326259471476078,-5.113985061645508,0.0,0.0,0.0,0.0,0.0,0.0,0.0,0.0,0.0,0.0,0.0,0.0,0.001341087045148015,-0.012653542682528496,-0.0018818650860339403,0.01184168178588152,0.19235330820083618,0.17335587739944458,0.17305642366409302,0.1792200654745102,-0.00028553762240335345,0.13043661415576935,0.3099595904350281,0.0,0.0,0.0,0.0,0.0,0.0,0.0
11106262419,0,0.0012313618790358305,-0.043784886598587036,-0.13970878720283508,6.569455581484362e-05,-0.04113857448101044,-0.7172473669052124,0.001527393818832934,-0.0062063271179795265,-0.002400781726464629,-0.002331346273422241,0.005292650777846575,-0.5,-0.013363201171159744,-0.025038884952664375,-0.00330553250387311,0.0,0.0,-0.0047828578390181065,-0.011962267570197582,-0.0038728604558855295,0.0069057513028383255,0.10615964233875275,0.19908641278743744,-0.0015718592330813408,-0.10558963567018509,0.14069749414920807,-27.710723876953125,0.12013367563486099,0.20645293593406677,-0.006114777643233538,-0.0011096374364569783,-0.10186228156089783,-0.19936496019363403,0.002075206022709608,7.586471080780029,6.638328552246094,6.574647903442383,6.912388324737549,-0.0015332031762227416,-0.013798828236758709,-0.003066406352445483,0.009199218824505806,0.0,0.001477152924053371,-0.0132991848513484,-0.0020713862031698227,0.012422875501215458,0.0,-0.23082180321216583,-0.38325035572052,-9.73349380493164,-0.013385044410824776,0.0326259471476078,-5.113985061645508,0.0,0.0,0.0,0.0,0.0,0.0,0.0,0.0,0.0,0.0,0.0,0.0,0.0005007922882214189,-0.011940100230276585,-0.0009438248234800994,0.011145846918225288,0.19235330820083618,0.17335587739944458,0.17305642366409302,0.1792200654745102,-0.5620238184928894,-0.14556750655174255,0.09466347098350525,0.0,0.0,0.0,0.0,0.0,0.0,0.0
11116115571,0,0.0011674624402076006,-0.04370567202568054,-0.13970404863357544,6.569455581484362e-05,-0.04113857448101044,-0.7192473411560059,0.007797469384968281,0.024766044691205025,-0.015795424580574036,-0.0022035466972738504,0.005134220700711012,-0.5,-0.01290886476635933,-0.02529563196003437,-0.003398936940357089,0.0,0.0,-0.0047828578390181065,-0.011962267570197582,-0.0038728604558855295,0.0069057513028383255,0.1121908500790596,0.200078547000885,-0.001539812539704144,-0.10558963567018509,0.14069749414920807,-27.710723876953125,0.12013367563486099,0.20645293593406677,-0.006114777643233538,-0.0011096374364569783,-0.1020049899816513,-0.19945316016674042,0.002319311024621129,7.586471080780029,6.638328552246094,6.574647903442383,6.912388324737549,-0.0015332031762227416,-0.012265625409781933,-0.0015332031762227416,0.006132812704890966,0.0,0.001477152924053371,-0.0132991848513484,-0.0020713862031698227,0.012422875501215458,0.0,-0.0816301554441452,1.1113319396972656,-10.5023832321167,-0.025071419775485992,-0.03047339618206024,-5.021664142608643,0.0,0.0,0.0,0.0,0.0,0.0,0.0,0.0,0.0,0.0,0.0,0.0,-0.0003866787301376462,-0.011275221593677998,5.812577001051977e-05,0.01049773208796978,0.19248148798942566,0.17297066748142242,0.171652689576149,0.17863184213638306,-0.5620238184928894,-0.14556750655174255,0.09466347098350525,0.0,0.0,0.0,0.0,0.0,0.0,0.0
11126424601,0,0.0011306415544822812,-0.04369419440627098,-0.13974472880363464,6.569455581484362e-05,-0.04113857448101044,-0.7202473282814026,0.0022651993203908205,0.008056479506194592,-0.008744449354708195,-0.002129904692992568,0.00511126546189189,-0.5,-0.013051160611212254,-0.025218265131115913,-0.0035013407468795776,0.0,0.0,-0.0047828578390181065,-0.003422460751608014,-0.0029403234366327524,-0.0004573547630570829,0.1121908500790596,0.200078547000885,-0.001539812539704144,-0.13789281249046326,-0.16760367155075073,-27.619152069091797,0.10550525784492493,0.20381009578704834,0.003627761732786894,-0.001139420666731894,-0.10216178745031357,-0.19951550662517548,0.002356115495786071,7.293087005615234,6.8410210609436035,6.335101127624512,7.151016712188721,0.0,-0.013798828236758709,-0.0015332031762227416,0.004599609412252903,0.0,-0.014980203472077847,0.0013544590910896659,0.01685464195907116,-0.0016421262407675385,0.0,-0.0816301554441452,1.1113319396972656,-10.5023832321167,-0.014271700754761696,0.0032626718748360872,-5.083472728729248,0.0,0.0,0.0,0.0,0.0,0.0,0.0,0.0,0.0,0.0,0.0,0.0,-0.0012384275905787945,-0.01064570527523756,0.0010310361394658685,0.009885380044579506,0.18646666407585144,0.17715945839881897,0.16668619215488434,0.18354681134223938,0.1603763848543167,-0.03622228652238846,-0.3150472640991211,0.0,0.0,0.0,0.0,0.0,0.0,0.0
11136283612,0,0.0011306415544822812,-0.04369419440627098,-0.13974472880363464,6.569455581484362e-05,-0.04113857448101044,-0.7202473282814026,0.0022651993203908205,0.008056479506194592,-0.008744449354708195,-0.002129904692992568,0.00511126546189189,-0.5,-0.013051160611212254,-0.025218265131115913,-0.0035013407468795776,0.0,0.0,-0.0047828578390181065,-0.0020787720568478107,0.0017717693699523807,-0.010129791684448719,0.10368656367063522,0.20050755143165588,-0.0013401965843513608,-0.05806262791156769,0.23608800768852234,-27.704946517944336,0.10630757361650467,0.19670946896076202,0.01152154989540577,-0.0011940854601562023,-0.10244299471378326,-0.19955246150493622,0.0020346357487142086,7.107203483581543,7.072554588317871,6.169229984283447,7.356979846954346,0.0,-0.013798828236758709,-0.0015332031762227416,0.0076660155318677425,0.0,0.008673501200973988,-0.014888506382703781,-0.010413059033453465,0.013959988951683044,0.0,-0.2516794502735138,0.52135169506073,-9.863314628601074,-0.014271700754761696,0.0032626718748360872,-5.083472728729248,0.0,0.0,0.0,0.0,0.0,0.0,0.0,0.0,0.0,0.0,0.0,0.0,-0.002342664171010256,-0.00954706035554409,0.0022984109818935394,0.008825677447021008,0.18264533579349518,0.1819322407245636,0.16323915123939514,0.18777821958065033,0.23916703462600708,0.1186496838927269,-0.3449505865573883,0.0,0.0,0.0,0.0,0.0,0.0,0.0
11146617996,0,0.001049877260811627,-0.04368225485086441,-0.13997213542461395,6.569455581484362e-05,-0.04113857448101044,-0.722247302532196,0.007727156393229961,0.004704885184764862,-0.023476678878068924,-0.001968375174328685,0.005087386351078749,-0.5,-0.013418653979897499,-0.025113357231020927,-0.0038149524480104446,0.0,0.0,-0.0047828578390181065,-0.0020787720568478107,0.0017717693699523807,-0.010129791684448719,0.10662047564983368,0.19966772198677063,-0.0009591815178282559,-0.05806262791156769,0.23608800768852234,-27.704946517944336,0.10630757361650467,0.19670946896076202,0.01152154989540577,-0.0011940854601562023,-0.10243092477321625,-0.19956333935260773,0.0018578445306047797,7.107203483581543,7.072554588317871,6.169229984283447,7.356979846954346,0.0,-0.013798828236758709,-0.0015332031762227416,0.013798828236758709,0.0,0.008673501200973988,-0.014888506382703781,-0.010413059033453465,0.013959988951683044,0.0,-0.4208652973175049,-0.28956127166748047,-9.535953521728516,-0.024082716554403305,0.00986338872462511,-4.98123025894165,0.0,0.0,0.0,0.0,0.0,0.0,0.0,0.0,0.0,0.0,0.0,0.0,-0.001944146933965385,-0.009243058040738106,0.0018340174574404955,0.00853216927498579,0.18264533579349518,0.1819322407245636,0.16323915123939514,0.18777821958065033,0.23916703462600708,0.1186496838927269,-0.3449505865573883,0.0,0.0,0.0,0.0,0.0,0.0,0.0
11157129961,0,0.001049877260811627,-0.04368225485086441,-0.13997213542461395,6.569455581484362e-05,-0.04113857448101044,-0.722247302532196,0.007727156393229961,0.004704885184764862,-0.023476678878068924,-0.001968375174328685,0.005087386351078749,-0.5,-0.013418653979897499,-0.025113357231020927,-0.0038149524480104446,0.0,0.0,-0.0047828578390181065,0.008058550767600536,0.0007534779142588377,0.002000946318730712,0.10662047564983368,0.19966772198677063,-0.0009591815178282559,-0.05806262791156769,0.23608800768852234,-27.704946517944336,0.10630757361650467,0.19670946896076202,0.01152154989540577,-0.0011940854601562023,-0.10243092477321625,-0.19956333935260773,0.0018578445306047797,7.506467819213867,6.620295524597168,6.60071325302124,6.946691036224365,-0.0015332031762227416,-0.013798828236758709,0.0,0.015332031063735485,0.0,0.008212149143218994,-0.015905680134892464,-0.009732342325150967,0.014784560538828373,0.0,-0.4208652973175049,-0.28956127166748047,-9.535953521728516,-0.024082716554403305,0.00986338872462511,-4.98123025894165,0.0,0.0,0.0,0.0,0.0,0.0,0.0,0.0,0.0,0.0,0.0,0.0,0.0001898108166642487,-0.010182208381593227,-0.0006228931015357375,0.009427436627447605,0.18264533579349518,0.1819322407245636,0.16323915123939514,0.18777821958065033,0.2758338451385498,0.03111903741955757,0.4169962704181671,0.0,0.0,0.0,0.0,0.0,0.0,0.0
11166626631,0,0.000922684499528259,-0.043759215623140335,-0.14022985100746155,6.569455581484362e-05,-0.04113857448101044,-0.7242472767829895,-0.0007467065006494522,-0.0022328977938741446,-0.014660759828984737,-0.0017139884876087308,0.005241308361291885,-0.5,-0.013217131607234478,-0.025153756141662598,-0.0035541048273444176,0.0,0.0,-0.0047828578390181065,0.008058550767600536,0.0007534779142588377,0.002000946318730712,0.10078007727861404,0.20046588778495789,-0.0013008320238441229,-0.1453203707933426,-0.040869832038879395,-27.67345428466797,0.09419126063585281,0.19892938435077667,-0.005408914294093847,-0.00121792231220752,-0.10234879702329636,-0.19957861304283142,0.001786760170944035,7.506467819213867,6.620295524597168,6.60071325302124,6.946691036224365,-0.0015332031762227416,-0.013798828236758709,0.0,0.010732421651482582,0.0,-0.008946004323661327,-0.005778123624622822,0.009772486053407192,0.005125484429299831,0.0,-0.06437298655509949,0.6463168859481812,-9.95799732208252,-0.007196374237537384,0.024170314893126488,-5.06868314743042,0.0,0.0,0.0,0.0,0.0,0.0,0.0,0.0,0.0,0.0,0.0,0.0,0.001949403202161193,-0.011186104267835617,-0.0026437826454639435,0.0103726452216506,0.19084316492080688,0.1725974678993225,0.1721922904253006,0.17933914065361023,0.2758338451385498,0.03111903741955757,0.4169962704181671,0.0,0.0,0.0,0.0,0.0,0.0,0.0
11175980456,0,0.000858037150464952,-0.04375884681940079,-0.14036409556865692,6.569455581484362e-05,-0.04113857448101044,-0.7252472639083862,-0.0003880768781527877,-0.006245352327823639,-0.017751507461071014,-0.0015846930909901857,0.00524057075381279,-0.5,-0.013602983206510544,-0.025033680722117424,-0.0033176024444401264,0.0,0.0,-0.0047828578390181065,0.007091485429555178,0.00023794741719029844,0.012754032388329506,0.1047675833106041,0.1995197832584381,-0.0017847558483481407,-0.1453203707933426,-0.040869832038879395,-27.67345428466797,0.09419126063585281,0.19892938435077667,-0.005408914294093847,-0.00121792231220752,-0.10231610387563705,-0.19958698749542236,0.0019117442425340414,7.506467819213867,6.620295524597168,6.60071325302124,6.946691036224365,-0.0015332031762227416,-0.013798828236758709,0.0015332031762227416,0.006132812704890966,0.0,-0.008946004323661327,-0.005778123624622822,0.009772486053407192,0.005125484429299831,0.0,-0.08401934802532196,0.2262953817844391,-9.37267017364502,-0.007418641820549965,0.032498203217983246,-5.050389766693115,0.0,0.0,0.0,0.0,0.0,0.0,0.0,0.0,0.0,0.0,0.0,0.0,0.001595829613506794,-0.011149115860462189,-0.0022463342174887657,0.01031485665589571,0.1978907287120819,0.16789954900741577,0.17897237837314606,0.1743488609790802,0.16291795670986176,-0.01259667705744505,0.7322289347648621,0.0,0.0,0.0,0.0,0.0,0.0,0.0
11187886929,0,0.000858037150464952,-0.04375884681940079,-0.14036409556865692,6.569455581484362e-05,-0.04113857448101044,-0.7252472639083862,-0.0003880768781527877,-0.006245352327823639,-0.017751507461071014,-0.0015846930909901857,0.00524057075381279,-0.5,-0.013602983206510544,-0.025033680722117424,-0.0033176024444401264,0.0,0.0,-0.0047828578390181065,-0.013010058552026749,-0.005892387591302395,0.015071757137775421,0.1047675833106041,0.1995197832584381,-0.0017847558483481407,-0.14891085028648376,0.0799151360988617,-28.157718658447266,0.1293429285287857,0.20952743291854858,-0.012797694653272629,-0.0012916105333715677,-0.10254092514514923,-0.19969232380390167,0.0025347296614199877,7.884556293487549,6.592349052429199,6.834197521209717,6.848057270050049,-0.0015332031762227416,-0.013798828236758709,0.0015332031762227416,0.003066406352445483,0.0,-0.0032719182781875134,-0.012485421262681484,0.003363932715728879,0.01160914171487093,0.0,-0.08401934802532196,0.2262953817844391,-9.37267017364502,-0.007418641820549965,0.032498203217983246,-5.050389766693115,0.0,0.0,0.0,0.0,0.0,0.0,0.0,0.0,0.0,0.0,0.0,0.0,-0.0002615616249386221,-0.010449249297380447,-0.00012870287173427641,0.009627957828342915,0.1978907287120819,0.16789954900741577,0.17897237837314606,0.1743488609790802,-0.6131890416145325,-0.24333830177783966,0.13250546157360077,0.0,0.0,0.0,0.0,0.0,0.0,0.0
11196037901,0,0.0007528119604103267,-0.04387873411178589,-0.14075703918933868,6.569455581484362e-05,-0.04113857448101044,-0.7282472252845764,0.004865273367613554,-0.007219425402581692,-0.013673709705471992,-0.0013742416631430387,0.0054803467355668545,-0.5,-0.01387339923530817,-0.025303920730948448,-0.00298444926738739,0.0,0.0,-0.0047828578390181065,-0.013010058552026749,-0.005892387591302395,0.015071757137775421,0.11020098626613617,0.2012016624212265,-0.001947241835296154,-0.14891085028648376,0.0799151360988617,-28.157718658447266,0.1293429285287857,0.20952743291854858,-0.012797694653272629,-0.0012916105333715677,-0.10254092514514923,-0.19969232380390167,0.0025347296614199877,7.884556293487549,6.592349052429199,6.834197521209717,6.848057270050049,0.0015332031762227416,-0.010732421651482582,0.003066406352445483,0.004599609412252903,0.0,-0.0032719182781875134,-0.012485421262681484,0.003363932715728879,0.01160914171487093,0.0,-0.07479561120271683,-0.41760581731796265,-9.472085952758789,-0.018023669719696045,0.03529537096619606,-5.099834442138672,0.0,0.0,0.0,0.0,0.0,0.0,0.0,0.0,0.0,0.0,0.0,0.0,-0.001992297824472189,-0.010171354748308659,0.0018528985092416406,0.009356612339615822,0.19857226312160492,0.17201922833919525,0.17701859772205353,0.17730450630187988,-0.6131890416145325,-0.24333830177783966,0.13250546157360077,0.0,0.0,0.0,0.0,0.0,0.0,0.0
11206344713,0,0.0007528119604103267,-0.04387873411178589,-0.14075703918933868,6.569455581484362e-05,-0.04113857448101044,-0.7282472252845764,0.004865273367613554,-0.007219425402581692,-0.013673709705471992,-0.0013742416631430387,0.0054803467355668545,-0.5,-0.01387339923530817,-0.025303920730948448,-0.00298444926738739,0.0,0.0,-0.0047828578390181065,0.0019517573527991772,-0.0032462577801197767,-0.010141007602214813,0.11020098626613617,0.2012016624212265,-0.001947241835296154,-0.08943679183721542,0.07439552992582321,-27.943359375,0.09756070375442505,0.20411641895771027,0.016650617122650146,-0.0013684795703738928,-0.10283679515123367,-0.19991286098957062,0.002543528564274311,7.036743640899658,7.235406875610352,6.102420806884766,7.569635391235352,0.0015332031762227416,-0.010732421651482582,0.003066406352445483,0.009199218824505806,0.0,-0.0009671198786236346,-0.008211236447095871,0.000627686851657927,0.007455645594745874,0.0,-0.41153159737586975,0.1638445258140564,-9.99251937866211,-0.018023669719696045,0.03529537096619606,-5.099834442138672,0.0,0.0,0.0,0.0,0.0,0.0,0.0,0.0,0.0,0.0,0.0,0.0,-0.002973295049741864,-0.01026451587677002,0.0029800732154399157,0.009447205811738968,0.1811949461698532,0.18528175354003906,0.1618487387895584,0.1921367198228836,0.45416975021362305,0.10925927013158798,-0.8568721413612366,0.0,0.0,0.0,0.0,0.0,0.0,0.0
11216003443,0,0.0007375940913334489,-0.043936047703027725,-0.14099490642547607,6.569455581484362e-05,-0.04113857448101044,-0.7302471995353699,0.006957176141440868,0.0026025455445051193,-0.010480587370693684,-0.0013438058085739613,0.005594974383711815,-0.5,-0.013096858747303486,-0.025401633232831955,-0.003624916775152087,0.0,0.0,-0.0047828578390181065,0.011795633472502232,0.0024920154828578234,-0.012692773714661598,0.10405415296554565,0.20196275413036346,-0.0011897855438292027,-0.12310595065355301,0.08361772447824478,-28.262176513671875,0.08627700805664062,0.19471631944179535,0.015490558929741383,-0.0013969311257824302,-0.10281697660684586,-0.19993561506271362,0.0022945995442569256,7.113204479217529,7.283697605133057,6.243371486663818,7.622646331787109,0.0,-0.010732421651482582,0.003066406352445483,0.012265625409781933,0.0,-0.002176180249080062,-0.010243088938295841,0.001992962323129177,0.009389196522533894,0.0,-0.35822194814682007,0.6093626022338867,-9.913824081420898,-0.02238290011882782,0.015203222632408142,-5.138577461242676,0.0,0.0,0.0,0.0,0.0,0.0,0.0,0.0,0.0,0.0,0.0,0.0,-0.003247668035328388,-0.010222356766462326,0.0032895624171942472,0.00940506998449564,0.1827688366174698,0.18627385795116425,0.1647806167602539,0.19322167336940765,0.7414532899856567,0.30718839168548584,-0.5580160021781921,0.0,0.0,0.0,0.0,0.0,0.0,0.0
11225827134,0,0.000691640714649111,-0.04397692158818245,-0.14116467535495758,6.569455581484362e-05,-0.04113857448101044,-0.7312471866607666,0.012181355617940426,-0.006259570829570293,-0.012313065119087696,-0.0012518985895439982,0.00567672261968255,-0.5,-0.013277699239552021,-0.025189591571688652,-0.0034976021852344275,0.0,0.0,-0.0047828578390181065,0.011795633472502232,0.0024920154828578234,-0.012692773714661598,0.10548717528581619,0.20028021931648254,-0.0013414823915809393,-0.12310595065355301,0.08361772447824478,-28.262176513671875,0.08627700805664062,0.19471631944179535,0.015490558929741383,-0.0013969311257824302,-0.10281697660684586,-0.19993561506271362,0.0022945995442569256,7.113204479217529,7.283697605133057,6.243371486663818,7.622646331787109,-0.003066406352445483,-0.010732421651482582,0.0,0.010732421651482582,0.0,-0.002176180249080062,-0.010243088938295841,0.001992962323129177,0.009389196522533894,0.0,0.0998481959104538,-0.05956868454813957,-9.72032642364502,-0.03242938965559006,0.03319699689745903,-5.127291679382324,0.0,0.0,0.0,0.0,0.0,0.0,0.0,0.0,0.0,0.0,0.0,0.0,-0.0031291136983782053,-0.010111714713275433,0.0031395324040204287,0.009292219765484333,0.1827688366174698,0.18627385795116425,0.1647806167602539,0.19322167336940765,0.7414532899856567,0.30718839168548584,-0.5580160021781921,0.0,0.0,0.0,0.0,0.0,0.0,0.0
11236364163,0,0.000691640714649111,-0.04397692158818245,-0.14116467535495758,6.569455581484362e-05,-0.04113857448101044,-0.7312471866607666,0.012181355617940426,-0.006259570829570293,-0.012313065119087696,-0.0012518985895439982,0.00567672261968255,-0.5,-0.013277699239552021,-0.025189591571688652,-0.0034976021852344275,0.0,0.0,-0.0047828578390181065,0.01304519735276699,0.001396565930917859,-0.0037167679984122515,0.10548717528581619,0.20028021931648254,-0.0013414823915809393,-0.12310595065355301,0.08361772447824478,-28.262176513671875,0.08627700805664062,0.19471631944179535,0.015490558929741383,-0.0013969311257824302,-0.10248388350009918,-0.19986312091350555,0.001960636582225561,7.113204479217529,7.283697605133057,6.243371486663818,7.622646331787109,-0.003066406352445483,-0.010732421651482582,0.0,0.0076660155318677425,0.0,-0.002176180249080062,-0.010243088938295841,0.001992962323129177,0.009389196522533894,0.0,0.0998481959104538,-0.05956868454813957,-9.72032642364502,-0.03242938965559006,0.03319699689745903,-5.127291679382324,0.0,0.0,0.0,0.0,0.0,0.0,0.0,0.0,0.0,0.0,0.0,0.0,-0.0028949652332812548,-0.010081542655825615,0.0028541728388518095,0.00925461295992136,0.18742923438549042,0.17635728418827057,0.16915465891361237,0.18365009129047394,0.1154831200838089,-0.04815567657351494,0.16166028380393982,0.0,0.0,0.0,0.0,0.0,0.0,0.0
11247717090,0,0.0006594593869522214,-0.04403114691376686,-0.14156436920166016,6.569455581484362e-05,-0.04113857448101044,-0.7332471609115601,0.0018382603302598,0.005444803275167942,-0.02535020001232624,-0.0011875355849042535,0.005785173736512661,-0.5,-0.012683906592428684,-0.025222809985280037,-0.0035545227583497763,0.0,0.0,-0.0047828578390181065,0.01304519735276699,0.001396565930917859,-0.0037167679984122515,0.10076957941055298,0.20054180920124054,-0.0012819082476198673,-0.09901399165391922,0.1128811240196228,-27.75153160095215,0.08656954765319824,0.19962680339813232,0.001634993008337915,-0.00142545101698488,-0.10248388350009918,-0.19986312091350555,0.001960636582225561,7.339978218078613,6.802166938781738,6.454078674316406,7.156044006347656,-0.0015332031762227416,-0.010732421651482582,0.003066406352445483,0.0076660155318677425,0.0,0.0004568624426610768,-0.011241602711379528,-0.0009997057495638728,0.01025260891765356,0.0,0.23182688653469086,-0.5684041976928711,-9.92073917388916,-0.010944994166493416,0.009193710051476955,-5.045949935913086,0.0,0.0,0.0,0.0,0.0,0.0,0.0,0.0,0.0,0.0,0.0,0.0,-0.0025257058441638947,-0.010142577812075615,0.002416855888441205,0.009300782345235348,0.18742923438549042,0.17635728418827057,0.16915465891361237,0.18365009129047394,0.1154831200838089,-0.04815567657351494,0.16166028380393982,0.0,0.0,0.0,0.0,0.0,0.0,0.0
11255847276,0,0.0006606690585613251,-0.04409964755177498,-0.14179743826389313,6.569455581484362e-05,-0.04113857448101044,-0.7342471480369568,0.0094755869358778,-0.0030820537358522415,-0.015531406737864017,-0.0011899549281224608,0.005922175943851471,-0.5,-0.012933889403939247,-0.025439972057938576,-0.0035114081110805273,0.0,0.0,-0.0047828578390181065,0.005682653747498989,-0.005121530499309301,-0.003292071633040905,0.10255210846662521,0.20262476801872253,-0.001144693000242114,-0.06019746884703636,0.05056540668010712,-27.752723693847656,0.10040626674890518,0.21033169329166412,0.0017393808811903,-0.0014357304899021983,-0.10236163437366486,-0.19992968440055847,0.0018579864408820868,7.376073837280273,6.809182643890381,6.413349151611328,7.1550774574279785,-0.0015332031762227416,-0.010732421651482582,0.003066406352445483,0.0076660155318677425,0.0,-0.0006732615293003619,-0.005980366375297308,0.0002876612124964595,0.0052550374530255795,0.0,0.23182688653469086,-0.5684041976928711,-9.92073917388916,-0.027006717398762703,0.026966286823153496,-5.129272937774658,0.0,0.0,0.0,0.0,0.0,0.0,0.0,0.0,0.0,0.0,0.0,0.0,-0.0019673360511660576,-0.010086621157824993,0.0017687749350443482,0.009228748269379139,0.18817009031772614,0.17650212347507477,0.16831006109714508,0.1836303323507309,-0.3334830701351166,-0.29406195878982544,0.11692766845226288,0.0,0.0,0.0,0.0,0.0,0.0,0.0
11266029737,0,0.0006606690585613251,-0.04409964755177498,-0.14179743826389313,6.569455581484362e-05,-0.04113857448101044,-0.7342471480369568,0.0094755869358778,-0.0030820537358522415,-0.015531406737864017,-0.0011899549281224608,0.005922175943851471,-0.5,-0.012933889403939247,-0.025439972057938576,-0.0035114081110805273,0.0,0.0,-0.0047828578390181065,0.005682653747498989,-0.005121530499309301,-0.003292071633040905,0.10255210846662521,0.20262476801872253,-0.001144693000242114,-0.06019746884703636,0.05056540668010712,-27.752723693847656,0.10040626674890518,0.21033169329166412,0.0017393808811903,-0.0014357304899021983,-0.10236163437366486,-0.19992968440055847,0.0018579864408820868,7.376073837280273,6.809182643890381,6.413349151611328,7.1550774574279785,0.0,-0.012265625409781933,0.0,0.006132812704890966,0.0,-0.0006732615293003619,-0.005980366375297308,0.0002876612124964595,0.0052550374530255795,0.0,-0.37301403284072876,0.3487488925457001,-9.888378143310547,-0.027006717398762703,0.026966286823153496,-5.129272937774658,0.0,0.0,0.0,0.0,0.0,0.0,0.0,0.0,0.0,0.0,0.0,0.0,-0.0014017963549122214,-0.009544095024466515,0.0011173463426530361,0.008690609596669674,0.18817009031772614,0.17650212347507477,0.16831006109714508,0.1836303323507309,-0.3334830701351166,-0.29406195878982544,0.11692766845226288,0.0,0.0,0.0,0.0,0.0,0.0,0.0
11276950880,0,0.0007386428187601268,-0.044284626841545105,-0.14235761761665344,6.569455581484362e-05,-0.04113857448101044,-0.737247109413147,0.005857334937900305,-0.0019820791203528643,-0.012456421740353107,-0.0013459032634273171,0.006292136386036873,-0.5,-0.013070415705442429,-0.025236764922738075,-0.0034497547894716263,0.0,0.0,-0.0047828578390181065,-0.004560364875942469,0.00014353476581163704,0.0027024629525840282,0.1038375049829483,0.2006557434797287,-0.0014016558416187763,-0.1117209792137146,0.11129694432020187,-28.164175033569336,0.1143789067864418,0.1987607330083847,-0.0041711893863976,-0.0014525080332532525,-0.10242334753274918,-0.2000572681427002,0.0018082301830872893,7.62982177734375,6.804200172424316,6.660860061645508,7.069925308227539,-0.003066406352445483,-0.010732421651482582,0.0,0.0076660155318677425,0.0,-0.00022657545923721045,-0.011820554733276367,-0.00021452071086969227,0.01092960312962532,0.0,0.17801082134246826,-0.15329614281654358,-9.118433952331543,-0.020093752071261406,0.025785915553569794,-5.1722564697265625,0.0,0.0,0.0,0.0,0.0,0.0,0.0,0.0,0.0,0.0,0.0,0.0,-0.0009686161647550762,-0.008889087475836277,0.0006206998368725181,0.008053767494857311,0.19336850941181183,0.17639926075935364,0.1734367311000824,0.18187804520130157,-0.4472830891609192,0.1256347894668579,0.24318827688694,0.0,0.0,0.0,0.0,0.0,0.0,0.0
11286109306,0,0.0007780746091157198,-0.04434984549880028,-0.14271971583366394,6.569455581484362e-05,-0.04113857448101044,-0.7392470836639404,0.010214067064225674,0.0005812359740957618,-0.016050470992922783,-0.0014247671933844686,0.006422574166208506,-0.5,-0.013135852292180061,-0.025113103911280632,-0.0036639783065766096,0.0,0.0,-0.0047828578390181065,-0.0024212352000176907,0.005292869172990322,-0.0038486155681312084,0.1038375049829483,0.2006557434797287,-0.0014016558416187763,-0.16464577615261078,0.09756243973970413,-28.57533836364746,0.10671041905879974,0.19265270233154297,0.005752360913902521,-0.0014744073851034045,-0.10242334753274918,-0.2000572681427002,0.0018082301830872893,7.463628768920898,7.152397632598877,6.536462783813477,7.423521518707275,-0.006132812704890966,-0.010732421651482582,0.0015332031762227416,0.0076660155318677425,0.0,-0.0033924782183021307,-0.013185781426727772,0.0033833228517323732,0.012272380292415619,0.0,0.06663287431001663,0.20862020552158356,-10.030875205993652,-0.028690367937088013,0.020871995016932487,-5.152858734130859,0.0,0.0,0.0,0.0,0.0,0.0,0.0,0.0,0.0,0.0,0.0,0.0,-0.0007853014976717532,-0.0089014433324337,0.00041146366856992245,0.008071397431194782,0.19336850941181183,0.17639926075935364,0.1734367311000824,0.18187804520130157,0.007743573281913996,0.1722836047410965,-0.2249939739704132,0.0,0.0,0.0,0.0,0.0,0.0,0.0
11298352621,0,0.0007780746091157198,-0.04434984549880028,-0.14271971583366394,6.569455581484362e-05,-0.04113857448101044,-0.7392470836639404,0.010214067064225674,0.0005812359740957618,-0.016050470992922783,-0.0014247671933844686,0.006422574166208506,-0.5,-0.013135852292180061,-0.025113103911280632,-0.0036639783065766096,0.0,0.0,-0.0047828578390181065,0.00041110909660346806,-0.003917510621249676,-0.011761235073208809,0.10436661541461945,0.19966840744018555,-0.0011445973068475723,-0.15779702365398407,0.1147959753870964,-28.340723037719727,0.10317923873662949,0.2096024751663208,0.014288756996393204,-0.001481465995311737,-0.10268549621105194,-0.20001500844955444,0.0015935886185616255,7.211544036865234,7.276400089263916,6.244380474090576,7.609090328216553,-0.006132812704890966,-0.009199218824505806,0.003066406352445483,0.0076660155318677425,0.0,-0.002331466181203723,-0.013466745615005493,0.002176821231842041,0.012454623356461525,0.0,0.06663287431001663,0.20862020552158356,-10.030875205993652,-0.028690367937088013,0.020871995016932487,-5.152858734130859,0.0,0.0,0.0,0.0,0.0,0.0,0.0,0.0,0.0,0.0,0.0,0.0,-0.000981244957074523,-0.009648078121244907,0.0006353144999593496,0.008801725693047047,0.18479125201702118,0.18612390756607056,0.1648017317056656,0.1929442137479782,0.1406237632036209,-0.32627055048942566,-0.4518173635005951,0.0,0.0,0.0,0.0,0.0,0.0,0.0
11307783557,0,0.0008023393456824124,-0.04438864812254906,-0.14292609691619873,6.569455581484362e-05,-0.04113857448101044,-0.7402470707893372,0.005182380322366953,-0.00523612042888999,-0.01798849366605282,-0.0014732968993484974,0.0065001798793673515,-0.5,-0.013213418424129486,-0.025460459291934967,-0.0040236772038042545,0.0,0.0,-0.0047828578390181065,0.00041110909660346806,-0.003917510621249676,-0.011761235073208809,0.10436661541461945,0.19966840744018555,-0.0011445973068475723,-0.15779702365398407,0.1147959753870964,-28.340723037719727,0.10317923873662949,0.2096024751663208,0.014288756996393204,-0.001481465995311737,-0.10268549621105194,-0.20001500844955444,0.0015935886185616255,7.211544036865234,7.276400089263916,6.244380474090576,7.609090328216553,-0.003066406352445483,-0.009199218824505806,0.003066406352445483,0.009199218824505806,0.0,-0.002331466181203723,-0.013466745615005493,0.002176821231842041,0.012454623356461525,0.0,0.06663287431001663,0.20862020552158356,-10.030875205993652,-0.019033104181289673,0.03273564577102661,-5.1451334953308105,0.0,0.0,0.0,0.0,0.0,0.0,0.0,0.0,0.0,0.0,0.0,0.0,-0.001375711290165782,-0.010706968605518341,0.0010855150176212192,0.009826562367379665,0.18479125201702118,0.18612390756607056,0.1648017317056656,0.1929442137479782,0.1406237632036209,-0.32627055048942566,-0.4518173635005951,0.0,0.0,0.0,0.0,0.0,0.0,0.0
11316175774,0,0.0008023393456824124,-0.04438864812254906,-0.14292609691619873,6.569455581484362e-05,-0.04113857448101044,-0.7402470707893372,0.005182380322366953,-0.00523612042888999,-0.01798849366605282,-0.0014732968993484974,0.0065001798793673515,-0.5,-0.013213418424129486,-0.025460459291934967,-0.0040236772038042545,0.0,0.0,-0.0047828578390181065,-0.0012208801927044988,-0.0005122418515384197,-0.010130096226930618,0.10499658435583115,0.20242226123809814,-0.0007090786239132285,-0.08383514732122421,0.09075139462947845,-28.197816848754883,0.10439971834421158,0.2008255124092102,0.008054221048951149,-0.0014655562117695808,-0.10268189758062363,-0.2001791000366211,0.001032901694998145,7.321331024169922,7.098987579345703,6.3750128746032715,7.403259754180908,0.003066406352445483,-0.010732421651482582,0.003066406352445483,0.0076660155318677425,0.0,0.00011640806769719347,-0.008919511921703815,-0.0006334513891488314,0.008122548460960388,0.0,-0.32951557636260986,-0.18108528852462769,-10.13054370880127,-0.019033104181289673,0.03273564577102661,-5.1451334953308105,0.0,0.0,0.0,0.0,0.0,0.0,0.0,0.0,0.0,0.0,0.0,0.0,-0.001633152598515153,-0.011527225375175476,0.0013786618364974856,0.010615691542625427,0.18479125201702118,0.18612390756607056,0.1648017317056656,0.1929442137479782,-0.1767699271440506,0.11354036629199982,0.04066586121916771,0.0,0.0,0.0,0.0,0.0,0.0,0.0
11326275041,0,0.0008255200227722526,-0.04443926736712456,-0.143394336104393,6.569455581484362e-05,-0.04113857448101044,-0.7422470450401306,0.01040892954915762,0.00905970111489296,-0.020727118477225304,-0.0015196584863588214,0.00660141883417964,-0.5,-0.012762654572725296,-0.025337878614664078,-0.003951925318688154,0.0,0.0,-0.0047828578390181065,-0.0012208801927044988,-0.0005122418515384197,-0.010130096226930618,0.1014111340045929,0.20144867897033691,-0.0008029985474422574,-0.08383514732122421,0.09075139462947845,-28.197816848754883,0.10439971834421158,0.2008255124092102,0.008054221048951149,-0.0014655562117695808,-0.10268189758062363,-0.2001791000366211,0.001032901694998145,7.321331024169922,7.098987579345703,6.3750128746032715,7.403259754180908,0.003066406352445483,-0.013798828236758709,0.0015332031762227416,0.006132812704890966,0.0,0.00011640806769719347,-0.008919511921703815,-0.0006334513891488314,0.008122548460960388,0.0,-0.2767083942890167,-0.2642243504524231,-9.9152193069458,-0.029241817072033882,0.003813082119449973,-5.140528202056885,0.0,0.0,0.0,0.0,0.0,0.0,0.0,0.0,0.0,0.0,0.0,0.0,-0.0015498485881835222,-0.011659214273095131,0.0012811883352696896,0.010743588209152222,0.18704648315906525,0.18247628211975098,0.16751456260681152,0.18872767686843872,-0.1767699271440506,0.11354036629199982,0.04066586121916771,0.0,0.0,0.0,0.0,0.0,0.0,0.0
11336397749,0,0.0008435015915893018,-0.04448726028203964,-0.14365004003047943,6.569455581484362e-05,-0.04113857448101044,-0.7432470321655273,0.006911393720656633,0.00043482129694893956,-0.01889948919415474,-0.0015556218568235636,0.006697405129671097,-0.5,-0.013163559138774872,-0.02527916245162487,-0.0038596210069954395,0.0,0.0,-0.0047828578390181065,0.005905007477849722,0.002594737568870187,-0.00022261872072704136,0.1045941412448883,0.200984388589859,-0.0009081205353140831,-0.08383514732122421,0.09075139462947845,-28.197816848754883,0.10439971834421158,0.2008255124092102,0.008054221048951149,-0.0014655562117695808,-0.10267490893602371,-0.20019219815731049,0.0009416008251719177,7.621386528015137,6.811728477478027,6.714321136474609,7.1261420249938965,0.0,-0.013798828236758709,0.0,0.006132812704890966,0.0,0.00011182673915755004,-0.009295668452978134,-0.0006014385726302862,0.008438419550657272,0.0,-0.15523689985275269,0.5273097157478333,-9.622596740722656,-0.02244339883327484,0.02172781154513359,-5.162276744842529,0.0,0.0,0.0,0.0,0.0,0.0,0.0,0.0,0.0,0.0,0.0,0.0,-0.001201620209030807,-0.01123593095690012,0.0008814234170131385,0.010337408632040024,0.1931959092617035,0.17655476927757263,0.1745421439409256,0.1830349713563919,0.23134566843509674,0.22728358209133148,0.4918251037597656,0.0,0.0,0.0,0.0,0.0,0.0,0.0
11346494632,0,0.0008435015915893018,-0.04448726028203964,-0.14365004003047943,6.569455581484362e-05,-0.04113857448101044,-0.7452470064163208,0.006911393720656633,0.00043482129694893956,-0.01889948919415474,-0.0015513135585933924,0.0067434427328407764,-0.5,-0.013163559138774872,-0.02527916245162487,-0.0038596210069954395,0.0,0.0,-0.0047828578390181065,0.005905007477849722,0.002594737568870187,-0.00022261872072704136,0.1045941412448883,0.200984388589859,-0.0009081205353140831,-0.16082999110221863,0.020971952006220818,-28.272905349731445,0.09637567400932312,0.19611681997776031,-0.0039815958589315414,-0.0014507812447845936,-0.10267490893602371,-0.20019219815731049,0.0009416008251719177,7.621386528015137,6.811728477478027,6.714321136474609,7.1261420249938965,-0.003066406352445483,-0.013798828236758709,0.0,0.0076660155318677425,0.0,-0.006694925017654896,-0.009667834267020226,0.007129649166017771,0.008798671886324883,0.0,-0.11165665090084076,0.7363138198852539,-9.565620422363281,-0.023697396740317345,0.0117192342877388,-5.135417461395264,0.0,0.0,0.0,0.0,0.0,0.0,0.0,0.0,0.0,0.0,0.0,0.0,-0.001101786969229579,-0.01066953968256712,0.0007663578726351261,0.00978927593678236,0.1931959092617035,0.17655476927757263,0.1745421439409256,0.1830349713563919,0.23134566843509674,0.22728358209133148,0.4918251037597656,0.0,0.0,0.0,0.0,0.0,0.0,0.0
11355833427,0,0.0008413474424742162,-0.04451027885079384,-0.1441553831100464,6.569455581484362e-05,-0.04113857448101044,-0.7452470064163208,0.007689640857279301,0.005215863231569529,-0.02433091029524803,-0.0015513135585933924,0.0067434427328407764,-0.5,-0.012721043080091476,-0.02526099421083927,-0.0034877650905400515,0.0,0.0,-0.0047828578390181065,0.004062359221279621,0.0012465273030102253,0.014798169955611229,0.10589929670095444,0.20089685916900635,-0.001406588009558618,-0.10428105294704437,0.18784861266613007,-28.305082321166992,0.09723424166440964,0.20000885426998138,-0.01672040857374668,-0.0014333977596834302,-0.10258496552705765,-0.20014597475528717,0.001249777153134346,7.953670024871826,6.498056888580322,7.034964561462402,6.819040775299072,-0.003066406352445483,-0.013798828236758709,-0.0015332031762227416,0.009199218824505806,0.0,0.0035188312176615,-0.01613498106598854,-0.004421305377036333,0.014918399043381214,0.0,-0.2315581887960434,-0.7959247827529907,-9.357414245605469,-0.023697396740317345,0.0117192342877388,-5.135417461395264,0.0,0.0,0.0,0.0,0.0,0.0,0.0,0.0,0.0,0.0,0.0,0.0,-0.0012995870783925056,-0.010487311519682407,0.0009944522753357887,0.009602599777281284,0.19998177886009216,0.17006611824035645,0.18115828931331635,0.17670559883117676,-0.023464703932404518,-0.0408603809773922,0.6034315228462219,0.0,0.0,0.0,0.0,0.0,0.0,0.0
11366563807,0,0.0008413474424742162,-0.04451027885079384,-0.1441553831100464,6.569455581484362e-05,-0.04113857448101044,-0.7452470064163208,0.007689640857279301,0.005215863231569529,-0.02433091029524803,-0.0015513135585933924,0.0067434427328407764,-0.5,-0.012721043080091476,-0.02526099421083927,-0.0034877650905400515,0.0,0.0,-0.0047828578390181065,-0.018033312633633614,0.004737940616905689,0.005252412986010313,0.10589929670095444,0.20089685916900635,-0.001406588009558618,-0.10373999178409576,0.19581419229507446,-28.744384765625,0.13657453656196594,0.19339868426322937,-0.0014650351367890835,-0.0014508331660181284,-0.10279405862092972,-0.20009014010429382,0.001618713024072349,7.732851028442383,7.059710502624512,6.7125935554504395,7.240039348602295,-0.0015332031762227416,-0.013798828236758709,-0.0015332031762227416,0.009199218824505806,0.0,0.0040057990700006485,-0.015225769951939583,-0.005084515083581209,0.014410833828151226,0.0,-0.2315581887960434,-0.7959247827529907,-9.357414245605469,-0.023697396740317345,0.0117192342877388,-5.135417461395264,0.0,0.0,0.0,0.0,0.0,0.0,0.0,0.0,0.0,0.0,0.0,0.0,-0.0009564525098539889,-0.011099553667008877,0.0006095484714023769,0.010185970924794674,0.19547490775585175,0.18166789412498474,0.17450638115406036,0.1853770613670349,-0.8916532397270203,0.09811457246541977,-0.1950129270553589,0.0,0.0,0.0,0.0,0.0,0.0,0.0
11376173412,0,0.0007993270410224795,-0.044741012156009674,-0.14486777782440186,6.569455581484362e-05,-0.04113857448101044,-0.748246967792511,0.005946344695985317,-0.010349602438509464,-0.019834168255329132,-0.0014672722900286317,0.007204911205917597,-0.5,-0.013797766529023647,-0.02504344843327999,-0.0035803162027150393,0.0,0.0,-0.0047828578390181065,-0.018033312633633614,0.004737940616905689,0.005252412986010313,0.10962469130754471,0.1991177797317505,-0.0012355836806818843,-0.10373999178409576,0.19581419229507446,-28.744384765625,0.13657453656196594,0.19339868426322937,-0.0014650351367890835,-0.0014508331660181284,-0.10279405862092972,-0.20009014010429382,0.001618713024072349,7.732851028442383,7.059710502624512,6.7125935554504395,7.240039348602295,-0.0015332031762227416,-0.013798828236758709,0.0,0.009199218824505806,0.0,0.0040057990700006485,-0.015225769951939583,-0.005084515083581209,0.014410833828151226,0.0,-0.2315581887960434,-0.7959247827529907,-9.357414245605469,-0.020231980830430984,0.04497429355978966,-5.187168598175049,0.0,0.0,0.0,0.0,0.0,0.0,0.0,0.0,0.0,0.0,0.0,0.0,0.0001055108878063038,-0.0122040044516325,-0.0005998665001243353,0.01127589587122202,0.19547490775585175,0.18166789412498474,0.17450638115406036,0.1853770613670349,-0.8916532397270203,0.09811457246541977,-0.1950129270553589,0.0,0.0,0.0,0.0,0.0,0.0,0.0
11386367192,0,0.0007938849157653749,-0.04481132701039314,-0.14508934319019318,6.569455581484362e-05,-0.04113857448101044,-0.7492469549179077,0.008070169016718864,0.009159411303699017,-0.021014228463172913,-0.0014563880395144224,0.007345541846007109,-0.5,-0.012881318107247353,-0.025438884273171425,-0.0035273514222353697,0.0,0.0,-0.0047828578390181065,-0.009019100107252598,-0.001632325118407607,0.0026359057519584894,0.10233687609434128,0.20226044952869415,-0.0013098488561809063,-0.11127589643001556,0.24735862016677856,-28.52942657470703,0.11254999786615372,0.20629988610744476,0.0008387334528379142,-0.0014617833076044917,-0.10279405862092972,-0.20009014010429382,0.001618713024072349,7.605181694030762,7.006083965301514,6.6176300048828125,7.301443576812744,-0.0015332031762227416,-0.012265625409781933,0.0015332031762227416,0.009199218824505806,0.0,0.00611739419400692,-0.018325859680771828,-0.0075105237774550915,0.017149168998003006,0.0,-0.26816490292549133,0.5313841104507446,-10.010746955871582,-0.0246571097522974,0.005319675430655479,-5.186825275421143,0.0,0.0,0.0,0.0,0.0,0.0,0.0,0.0,0.0,0.0,0.0,0.0,0.0014449183363467455,-0.013447797857224941,-0.0021341273095458746,0.012516739778220654,0.19547490775585175,0.18166789412498474,0.17450638115406036,0.1853770613670349,-0.11940255761146545,-0.24071228504180908,-0.23362663388252258,0.0,0.0,0.0,0.0,0.0,0.0,0.0
11396064876,0,0.0007938849157653749,-0.04481132701039314,-0.14508934319019318,6.569455581484362e-05,-0.04113857448101044,-0.7492469549179077,0.008070169016718864,0.009159411303699017,-0.021014228463172913,-0.0014563880395144224,0.007345541846007109,-0.5,-0.012881318107247353,-0.025438884273171425,-0.0035273514222353697,0.0,0.0,-0.0047828578390181065,0.00965117383748293,-0.005660173017531633,0.0032448540441691875,0.10233687609434128,0.20226044952869415,-0.0013098488561809063,-0.15610943734645844,0.0011835782788693905,-28.786123275756836,0.09050722420215607,0.2085425853729248,-0.0017175347311422229,-0.0014854696346446872,-0.10308946669101715,-0.20026905834674835,0.0017335738521069288,7.702551364898682,6.969227313995361,6.776407241821289,7.338934421539307,-0.0015332031762227416,-0.009199218824505806,0.0015332031762227416,0.0076660155318677425,0.0,-0.007320913020521402,-0.0082113491371274,0.007844933308660984,0.007357651833444834,0.0,-0.26816490292549133,0.5313841104507446,-10.010746955871582,-0.0246571097522974,0.005319675430655479,-5.186825275421143,0.0,0.0,0.0,0.0,0.0,0.0,0.0,0.0,0.0,0.0,0.0,0.0,0.0022485090885311365,-0.014350032433867455,-0.0030604959465563297,0.013403787277638912,0.19485577940940857,0.17980365455150604,0.17582525312900543,0.18740791082382202,0.7192884683609009,-0.15981341898441315,-0.0262680072337389,0.0,0.0,0.0,0.0,0.0,0.0,0.0
11406310707,0,0.0007378607988357544,-0.044925473630428314,-0.14556452631950378,6.569455581484362e-05,-0.04113857448101044,-0.7512469291687012,0.0035008948761969805,-0.009127913042902946,-0.014687237329781055,-0.0013443392235785723,0.007573836017400026,-0.5,-0.013512451201677322,-0.025315752252936363,-0.0034649744629859924,0.0,0.0,-0.0047828578390181065,0.008044462651014328,-0.0005742080393247306,0.002841792069375515,0.10735128819942474,0.2012842744588852,-0.0013760586734861135,-0.15610943734645844,0.0011835782788693905,-28.786123275756836,0.09050722420215607,0.2085425853729248,-0.0017175347311422229,-0.0014854696346446872,-0.10308946669101715,-0.20026905834674835,0.0017335738521069288,7.702551364898682,6.969227313995361,6.776407241821289,7.338934421539307,-0.003066406352445483,-0.009199218824505806,0.0,0.009199218824505806,0.0,-0.007320913020521402,-0.0082113491371274,0.007844933308660984,0.007357651833444834,0.0,-0.21428269147872925,-0.4172837436199188,-9.382750511169434,-0.015664970502257347,0.04318184405565262,-5.247221946716309,0.0,0.0,0.0,0.0,0.0,0.0,0.0,0.0,0.0,0.0,0.0,0.0,0.00149783946108073,-0.014127609319984913,-0.002212122082710266,0.01317607145756483,0.19485577940940857,0.17980365455150604,0.17582525312900543,0.18740791082382202,0.34957975149154663,0.14376166462898254,-0.037837497889995575,0.0,0.0,0.0,0.0,0.0,0.0,0.0
11416188213,0,0.0007245191372931004,-0.04497451335191727,-0.14580272138118744,6.569455581484362e-05,-0.04113857448101044,-0.7522469162940979,0.0006361412233673036,-0.005946586839854717,-0.02262096479535103,-0.0013176557840779424,0.007671915926039219,-0.5,-0.013177946209907532,-0.02532503567636013,-0.0033924104645848274,0.0,0.0,-0.0047828578390181065,0.008044462651014328,-0.0005742080393247306,0.002841792069375515,0.1046895980834961,0.20135891437530518,-0.0014681334141641855,-0.08615733683109283,0.2375001460313797,-28.85972023010254,0.09050722420215607,0.2085425853729248,-0.0017175347311422229,-0.0014854696346446872,-0.10299075394868851,-0.20035280287265778,0.0017844624817371368,7.703850269317627,7.012863636016846,6.793835163116455,7.350159645080566,-0.0015332031762227416,-0.009199218824505806,-0.0015332031762227416,0.009199218824505806,0.0,0.006736051291227341,-0.01654817722737789,-0.0081136804074049,0.01534932292997837,0.0,-0.6567686200141907,-0.4445814788341522,-10.094362258911133,-0.009480498731136322,0.03652271628379822,-5.192018985748291,0.0,0.0,0.0,0.0,0.0,0.0,0.0,0.0,0.0,0.0,0.0,0.0,0.00014982421998865902,-0.013311099261045456,-0.000675280811265111,0.012359091080725193,0.19485577940940857,0.17980365455150604,0.17582525312900543,0.18740791082382202,0.34957975149154663,0.14376166462898254,-0.037837497889995575,0.0,0.0,0.0,0.0,0.0,0.0,0.0
11428222336,0,0.0007245191372931004,-0.04497451335191727,-0.14580272138118744,6.569455581484362e-05,-0.04113857448101044,-0.7532469034194946,0.0006361412233673036,-0.005946586839854717,-0.02262096479535103,-0.0012428690679371357,0.007782893255352974,-0.5,-0.013177946209907532,-0.02532503567636013,-0.0033924104645848274,0.0,0.0,-0.0047828578390181065,0.008044462651014328,-0.0005742080393247306,0.002841792069375515,0.1046895980834961,0.20135891437530518,-0.0014681334141641855,-0.08615733683109283,0.2375001460313797,-28.85972023010254,0.09050722420215607,0.2085425853729248,-0.0017175347311422229,-0.0014854696346446872,-0.10299075394868851,-0.20035280287265778,0.0017844624817371368,7.703850269317627,7.012863636016846,6.793835163116455,7.350159645080566,0.0015332031762227416,-0.010732421651482582,-0.0015332031762227416,0.010732421651482582,0.0,0.006736051291227341,-0.01654817722737789,-0.0081136804074049,0.01534932292997837,0.0,-0.5761992931365967,0.04642185568809509,-10.005066871643066,-0.024144602939486504,0.007355075795203447,-5.200260162353516,0.0,0.0,0.0,0.0,0.0,0.0,0.0,0.0,0.0,0.0,0.0,0.0,5.3718889830634e-05,-0.013122264295816422,-0.0005558310076594353,0.012140399776399136,0.19205518066883087,0.1811487376689911,0.1727260947227478,0.18723085522651672,0.34957975149154663,0.14376166462898254,-0.037837497889995575,0.0,0.0,0.0,0.0,0.0,0.0,0.0
11435892584,0,0.0006430477369576693,-0.045084964483976364,-0.14632543921470642,6.569455581484362e-05,-0.04113857448101044,-0.7542468905448914,0.012093544006347656,0.006252031307667494,-0.016635389998555183,-0.0011547121684998274,0.007892819121479988,-0.5,-0.013088385574519634,-0.025256190448999405,-0.003503733314573765,0.0,0.0,-0.0047828578390181065,-0.004036156926304102,0.0021598506718873978,-0.002768436213955283,0.10398241877555847,0.2008090764284134,-0.0013364637270569801,-0.1327953189611435,0.04045291617512703,-28.601430892944336,0.11182770878076553,0.19733113050460815,0.0047230166383087635,-0.0015194349689409137,-0.10300244390964508,-0.2003498524427414,0.0017467162106186152,7.510497093200684,7.134200096130371,6.5540852546691895,7.4031877517700195,0.003066406352445483,-0.012265625409781933,-0.0015332031762227416,0.010732421651482582,0.0,-0.0045668939128518105,-0.008817370049655437,0.004729344509541988,0.008050798438489437,0.0,-0.5761992931365967,0.04642185568809509,-10.005066871643066,-0.03226020559668541,0.012565500102937222,-5.253520488739014,0.0,0.0,0.0,0.0,0.0,0.0,0.0,0.0,0.0,0.0,0.0,0.0,0.0007180999964475632,-0.013304930180311203,-0.001299241092056036,0.012288284488022327,0.19099222123622894,0.18290546536445618,0.1714949607849121,0.18868881464004517,-0.38091301918029785,0.1318092942237854,-0.21296024322509766,0.0,0.0,0.0,0.0,0.0,0.0,0.0
11446100178,0,0.0006430477369576693,-0.045084964483976364,-0.14632543921470642,6.569455581484362e-05,-0.04113857448101044,-0.7542468905448914,0.012093544006347656,0.006252031307667494,-0.016635389998555183,-0.0011547121684998274,0.007892819121479988,-0.5,-0.013088385574519634,-0.025256190448999405,-0.003503733314573765,0.0,0.0,-0.0047828578390181065,-0.004036156926304102,0.0021598506718873978,-0.002768436213955283,0.10398241877555847,0.2008090764284134,-0.0013364637270569801,-0.1327953189611435,0.04045291617512703,-28.601430892944336,0.11182770878076553,0.19733113050460815,0.0047230166383087635,-0.0015194349689409137,-0.10300244390964508,-0.2003498524427414,0.0017467162106186152,7.510497093200684,7.134200096130371,6.5540852546691895,7.4031877517700195,0.0015332031762227416,-0.012265625409781933,-0.0015332031762227416,0.010732421651482582,0.0,-0.0045668939128518105,-0.008817370049655437,0.004729344509541988,0.008050798438489437,0.0,-0.5761992931365967,0.04642185568809509,-10.005066871643066,-0.03226020559668541,0.012565500102937222,-5.253520488739014,0.0,0.0,0.0,0.0,0.0,0.0,0.0,0.0,0.0,0.0,0.0,0.0,0.0005910507752560079,-0.012923326343297958,-0.0011448931181803346,0.011915777809917927,0.19099222123622894,0.18290546536445618,0.1714949607849121,0.18868881464004517,-0.38091301918029785,0.1318092942237854,-0.21296024322509766,0.0,0.0,0.0,0.0,0.0,0.0,0.0
11455987175,0,0.0005531287170015275,-0.04529065266251564,-0.14714905619621277,6.569455581484362e-05,-0.04113857448101044,-0.7572468519210815,0.012097141705453396,0.008271208964288235,-0.020399009808897972,-0.0009748731972649693,0.008304198272526264,-0.5,-0.01304568536579609,-0.025492103770375252,-0.0035293579567223787,0.0,0.0,-0.0047828578390181065,-0.0035078872460871935,-0.0029275401029735804,-0.0019478005124256015,0.10364321619272232,0.20268376171588898,-0.0013045165687799454,-0.031884897500276566,0.16555115580558777,-28.59383773803711,0.1109389215707779,0.20619596540927887,0.0019945967942476273,-0.0015305643901228905,-0.1032242402434349,-0.2003992348909378,0.0015850526979193091,7.588839530944824,7.049285411834717,6.608367919921875,7.347973346710205,0.0,-0.013798828236758709,-0.0015332031762227416,0.009199218824505806,0.0,0.006008135620504618,-0.010138485580682755,-0.00740307942032814,0.009273508563637733,0.0,-0.11776850372552872,0.16474545001983643,-9.767617225646973,-0.03197719156742096,0.009251267649233341,-5.246336936950684,0.0,0.0,0.0,0.0,0.0,0.0,0.0,0.0,0.0,0.0,0.0,0.0,6.463046884164214e-05,-0.012038933113217354,-0.000544716720469296,0.011075787246227264,0.19252991676330566,0.18145306408405304,0.17235067486763,0.18759340047836304,-0.005901098717004061,-0.1526450514793396,0.0053651039488613605,0.0,0.0,0.0,0.0,0.0,0.0,0.0
11465990887,0,0.0005531287170015275,-0.04529065266251564,-0.14714905619621277,6.569455581484362e-05,-0.04113857448101044,-0.7582468390464783,0.012097141705453396,0.008271208964288235,-0.020399009808897972,-0.0008342816727235913,0.008435291238129139,-0.5,-0.01304568536579609,-0.025492103770375252,-0.0035293579567223787,0.0,0.0,-0.0047828578390181065,-0.0035078872460871935,-0.0029275401029735804,-0.0019478005124256015,0.10364321619272232,0.20268376171588898,-0.0013045165687799454,-0.17587456107139587,0.050881970673799515,-28.8548526763916,0.1081940084695816,0.20481246709823608,-0.0014711155090481043,-0.0015335397329181433,-0.10333699733018875,-0.20045790076255798,0.0015591756673529744,7.734316349029541,7.025923728942871,6.766685485839844,7.32877254486084,-0.0015332031762227416,-0.013798828236758709,-0.0015332031762227416,0.009199218824505806,0.0,-0.005929253529757261,-0.011648189276456833,0.006284455768764019,0.010711909271776676,0.0,-0.11776850372552872,0.16474545001983643,-9.767617225646973,-0.02319147065281868,0.02194821648299694,-5.236763000488281,0.0,0.0,0.0,0.0,0.0,0.0,0.0,0.0,0.0,0.0,0.0,0.0,-0.0001360694586765021,-0.01126199308782816,-0.00032397586619481444,0.010340049862861633,0.19550488889217377,0.1809719055891037,0.17562419176101685,0.18719932436943054,-0.005901098717004061,-0.1526450514793396,0.0053651039488613605,0.0,0.0,0.0,0.0,0.0,0.0,0.0
11476501879,0,0.000482833303976804,-0.04535619914531708,-0.14744827151298523,6.569455581484362e-05,-0.04113857448101044,-0.7582468390464783,0.007890718057751656,0.002170815132558346,-0.02247672714293003,-0.0008342816727235913,0.008435291238129139,-0.5,-0.013300557620823383,-0.025439154356718063,-0.003462018445134163,0.0,0.0,-0.0047828578390181065,-0.004619159270077944,0.0009223282686434686,0.0020106337033212185,0.10566652566194534,0.20226483047008514,-0.0013818381121382117,-0.17587456107139587,0.050881970673799515,-28.8548526763916,0.1081940084695816,0.20481246709823608,-0.0014711155090481043,-0.0015335397329181433,-0.10349563509225845,-0.2005346268415451,0.0015823300927877426,7.680567741394043,6.972597122192383,6.717662811279297,7.24980354309082,-0.0015332031762227416,-0.013798828236758709,-0.0015332031762227416,0.010732421651482582,0.0,-0.005970746744424105,-0.011737275868654251,0.006330318748950958,0.010828595608472824,0.0,-0.7425805926322937,-0.16016966104507446,-10.038965225219727,-0.02319147065281868,0.02194821648299694,-5.236763000488281,0.0,0.0,0.0,0.0,0.0,0.0,0.0,0.0,0.0,0.0,0.0,0.0,-0.0007549970760010183,-0.010885611176490784,0.0003747076843865216,0.009985851123929024,0.19440637528896332,0.17987318336963654,0.17461122572422028,0.1855774223804474,-0.09121678024530411,0.12308917939662933,0.07424674928188324,0.0,0.0,0.0,0.0,0.0,0.0,0.0
11485922152,0,0.0004168337327428162,-0.04549241438508034,-0.14801141619682312,6.569455581484362e-05,-0.04113857448101044,-0.7602468132972717,0.0010456180898472667,0.0046653905883431435,-0.02157566510140896,-0.0007022818317636847,0.008707723580300808,-0.5,-0.013348672538995743,-0.025395402684807777,-0.0034373451489955187,0.0,0.0,-0.0047828578390181065,-0.004619159270077944,0.0009223282686434686,0.0020106337033212185,0.1060481071472168,0.20191767811775208,-0.0014110594056546688,0.034217897802591324,0.1936625987291336,-28.619670867919922,0.11157943308353424,0.1997644603252411,-0.0017675610724836588,-0.0015411763451993465,-0.10349563509225845,-0.2005346268415451,0.0015823300927877426,7.680567741394043,6.972597122192383,6.717662811279297,7.24980354309082,0.0,-0.012265625409781933,-0.0015332031762227416,0.010732421651482582,0.0,0.010271914303302765,-0.00832517072558403,-0.012243120931088924,0.007544695399701595,0.0,-0.8097385168075562,0.1384931057691574,-9.862616539001465,-0.00924825668334961,0.01765412464737892,-5.261216163635254,0.0,0.0,0.0,0.0,0.0,0.0,0.0,0.0,0.0,0.0,0.0,0.0,-0.0012706235283985734,-0.010696141049265862,0.0009583589853718877,0.00981028564274311,0.19440637528896332,0.17987318336963654,0.17461122572422028,0.1855774223804474,-0.09121678024530411,0.12308917939662933,0.07424674928188324,0.0,0.0,0.0,0.0,0.0,0.0,0.0
11495822953,0,0.0004168337327428162,-0.04549241438508034,-0.14801141619682312,6.569455581484362e-05,-0.04113857448101044,-0.7602468132972717,0.0010456180898472667,0.0046653905883431435,-0.02157566510140896,-0.0007022818317636847,0.008707723580300808,-0.5,-0.013348672538995743,-0.025395402684807777,-0.0034373451489955187,0.0,0.0,-0.0047828578390181065,0.0035383596550673246,-0.0036733204033225775,0.005736805498600006,0.1060481071472168,0.20191767811775208,-0.0014110594056546688,-0.2287764549255371,0.04707476496696472,-29.369295120239258,0.10105732083320618,0.20788224041461945,-0.0054080905392766,-0.0015550306998193264,-0.10358185321092606,-0.20060200989246368,0.001701381872408092,7.955838680267334,7.039966106414795,6.999234199523926,7.3752617835998535,0.0015332031762227416,-0.012265625409781933,-0.0015332031762227416,0.010732421651482582,0.0,-0.008287280797958374,-0.014094055630266666,0.008936954662203789,0.012994872406125069,0.0,-0.8097385168075562,0.1384931057691574,-9.862616539001465,-0.00924825668334961,0.01765412464737892,-5.261216163635254,0.0,0.0,0.0,0.0,0.0,0.0,0.0,0.0,0.0,0.0,0.0,0.0,-0.0009997750166803598,-0.01058898400515318,0.0006432749214582145,0.009708795696496964,0.2000257670879364,0.18126113712787628,0.1804220974445343,0.1881534308195114,0.2421543002128601,-0.1680971384048462,0.14719288051128387,0.0,0.0,0.0,0.0,0.0,0.0,0.0
11505844354,0,0.0003308610466774553,-0.04558897390961647,-0.14852739870548248,6.569455581484362e-05,-0.04113857448101044,-0.7622467875480652,0.005541910883039236,0.001005549100227654,-0.01872359775006771,-0.0005303356447257102,0.008900843560695648,-0.5,-0.013471378944814205,-0.02547173947095871,-0.0032904858235269785,0.0,0.0,-0.0047828578390181065,0.003950083162635565,-0.004922565538436174,0.007606086321175098,0.10701722651720047,0.2025279551744461,-0.0015847838949412107,-0.2287764549255371,0.04707476496696472,-29.369295120239258,0.10105732083320618,0.20788224041461945,-0.0054080905392766,-0.0015550306998193264,-0.10359702259302139,-0.20067813992500305,0.0017996574752032757,7.955838680267334,7.039966106414795,6.999234199523926,7.3752617835998535,0.0015332031762227416,-0.012265625409781933,-0.0015332031762227416,0.009199218824505806,0.0,-0.008287280797958374,-0.014094055630266666,0.008936954662203789,0.012994872406125069,0.0,0.21291495859622955,0.24363210797309875,-9.447710990905762,-0.018180152401328087,0.025540752336382866,-5.290609359741211,0.0,0.0,0.0,0.0,0.0,0.0,0.0,0.0,0.0,0.0,0.0,0.0,-0.00135514244902879,-0.0109169352799654,0.0010416472796350718,0.010013826191425323,0.19956281781196594,0.17895682156085968,0.17980876564979553,0.18596617877483368,0.20953136682510376,-0.16122108697891235,0.17183436453342438,0.0,0.0,0.0,0.0,0.0,0.0,0.0
11516324400,0,0.00031260837567970157,-0.045633044093847275,-0.14875252544879913,6.569455581484362e-05,-0.04113857448101044,-0.7632467746734619,-0.0046534463763237,-0.0032028681598603725,-0.02250092104077339,-0.000493830069899559,0.008988983929157257,-0.5,-0.013521256856620312,-0.025558186694979668,-0.0032657156698405743,0.0,0.0,-0.0047828578390181065,0.003950083162635565,-0.004922565538436174,0.007606086321175098,0.10741231590509415,0.2032157927751541,-0.0016130413860082626,-0.2287764549255371,0.04707476496696472,-29.369295120239258,0.10105732083320618,0.20788224041461945,-0.0054080905392766,-0.0015550306998193264,-0.10359702259302139,-0.20067813992500305,0.0017996574752032757,7.933123588562012,6.92813777923584,6.969470977783203,7.2687177658081055,0.0,-0.013798828236758709,0.0,0.0076660155318677425,0.0,-0.008311009965837002,-0.014321562834084034,0.008975121192634106,0.013185360468924046,0.0,-0.7977668642997742,-0.18432117998600006,-10.018999099731445,0.002351852133870125,0.034169863909482956,-5.268947601318359,0.0,0.0,0.0,0.0,0.0,0.0,0.0,0.0,0.0,0.0,0.0,0.0,-0.002810179255902767,-0.011674986220896244,0.0026962312404066324,0.010722716338932514,0.19956281781196594,0.17895682156085968,0.17980876564979553,0.18596617877483368,0.20953136682510376,-0.16122108697891235,0.17183436453342438,0.0,0.0,0.0,0.0,0.0,0.0,0.0
11526018829,0,0.00031260837567970157,-0.045633044093847275,-0.14875252544879913,6.569455581484362e-05,-0.04113857448101044,-0.7632467746734619,-0.0046534463763237,-0.0032028681598603725,-0.02250092104077339,-0.000493830069899559,0.008988983929157257,-0.5,-0.013521256856620312,-0.025558186694979668,-0.0032657156698405743,0.0,0.0,-0.0047828578390181065,0.003950083162635565,-0.004922565538436174,0.007606086321175098,0.10741231590509415,0.2032157927751541,-0.0016130413860082626,-0.0999908372759819,0.1404741406440735,-29.098350524902344,0.10136692225933075,0.20975057780742645,-0.0070679886266589165,-0.0015647001564502716,-0.10359702259302139,-0.20067813992500305,0.0017996574752032757,7.933123588562012,6.92813777923584,6.969470977783203,7.2687177658081055,-0.0015332031762227416,-0.013798828236758709,0.0,0.009199218824505806,0.0,0.001589821302331984,-0.012517105787992477,-0.0022977045737206936,0.01146258506923914,0.0,-0.42826348543167114,-0.27073368430137634,-10.114570617675781,0.002351852133870125,0.034169863909482956,-5.268947601318359,0.0,0.0,0.0,0.0,0.0,0.0,0.0,0.0,0.0,0.0,0.0,0.0,-0.004082999192178249,-0.012442432343959808,0.004146805498749018,0.011437519453465939,0.19956281781196594,0.17895682156085968,0.17980876564979553,0.18596617877483368,0.20953136682510376,-0.16122108697891235,0.17183436453342438,0.0,0.0,0.0,0.0,0.0,0.0,0.0
11536030428,0,0.0002886432339437306,-0.04572117328643799,-0.14924411475658417,6.569455581484362e-05,-0.04113857448101044,-0.7652467489242554,0.016159001737833023,0.007155438419431448,-0.01573679968714714,-0.0004458995827008039,0.009165243245661259,-0.5,-0.013211184181272984,-0.025660717859864235,-0.0031733436044305563,0.0,0.0,-0.0047828578390181065,-0.005284955259412527,-0.004269032273441553,0.0052071199752390385,0.10690231621265411,0.20367500185966492,-0.0016488065011799335,-0.12849535048007965,0.10000540316104889,-29.161638259887695,0.11355980485677719,0.20809946954250336,-0.002742065116763115,-0.001596393994987011,-0.10367748141288757,-0.20088981091976166,0.002036833669990301,7.856320381164551,7.073920726776123,6.861619472503662,7.370753288269043,-0.003066406352445483,-0.013798828236758709,0.0,0.010732421651482582,0.0,-0.001502983970567584,-0.011665990576148033,0.0012150942347943783,0.010725297965109348,0.0,-0.8094013333320618,-0.315159410238266,-10.290205955505371,-0.03958659619092941,0.013560746796429157,-5.331522464752197,0.0,0.0,0.0,0.0,0.0,0.0,0.0,0.0,0.0,0.0,0.0,0.0,-0.004261617548763752,-0.0128776291385293,0.00435311533510685,0.011839156039059162,0.19799624383449554,0.18196024000644684,0.17758440971374512,0.18806079030036926,-0.3331257998943329,0.020160501822829247,-0.08627445250749588,0.0,0.0,0.0,0.0,0.0,0.0,0.0
11546290371,0,0.0002886432339437306,-0.04572117328643799,-0.14924411475658417,6.569455581484362e-05,-0.04113857448101044,-0.7652467489242554,0.016159001737833023,0.007155438419431448,-0.01573679968714714,-0.0004458995827008039,0.009165243245661259,-0.5,-0.013211184181272984,-0.025660717859864235,-0.0031733436044305563,0.0,0.0,-0.0047828578390181065,-0.0034583292435854673,0.002624096814543009,-0.012695688754320145,0.10690231621265411,0.20367500185966492,-0.0016488065011799335,-0.05990561097860336,0.2350647747516632,-28.947792053222656,0.10816583782434464,0.1981215924024582,0.01671978086233139,-0.00162878620903939,-0.1039339229464531,-0.2009507119655609,0.0018289972795173526,7.293115139007568,7.513827323913574,6.344791889190674,7.797005653381348,-0.0015332031762227416,-0.012265625409781933,0.0015332031762227416,0.010732421651482582,0.0,0.008248652331531048,-0.014115541242063046,-0.010039670392870903,0.013148675672709942,0.0,-0.8094013333320618,-0.315159410238266,-10.290205955505371,-0.03958659619092941,0.013560746796429157,-5.331522464752197,0.0,0.0,0.0,0.0,0.0,0.0,0.0,0.0,0.0,0.0,0.0,0.0,-0.0032478838693350554,-0.013020348735153675,0.0031942762434482574,0.011976955458521843,0.18646712601184845,0.1909940093755722,0.16688722372055054,0.1967853307723999,0.028747020289301872,0.1910063922405243,-0.6344152688980103,0.0,0.0,0.0,0.0,0.0,0.0,0.0
11556579448,0,0.00025104288943111897,-0.04591545835137367,-0.15009824931621552,6.569455581484362e-05,-0.04113857448101044,-0.7682467103004456,0.009887666441500187,0.005396801047027111,-0.02713462896645069,-0.0003706985153257847,0.009553815238177776,-0.5,-0.013214606791734695,-0.025489119812846184,-0.0037533158902078867,0.0,0.0,-0.0047828578390181065,0.0017419090727344155,-0.000131524313474074,-0.01459828857332468,0.10499498248100281,0.20265574753284454,-0.001033232780173421,-0.05990561097860336,0.2350647747516632,-28.947792053222656,0.10816583782434464,0.1981215924024582,0.01671978086233139,-0.00162878620903939,-0.1039339229464531,-0.2009507119655609,0.0018289972795173526,7.293115139007568,7.513827323913574,6.344791889190674,7.797005653381348,-0.003066406352445483,-0.012265625409781933,0.0015332031762227416,0.009199218824505806,0.0,0.008248652331531048,-0.014115541242063046,-0.010039670392870903,0.013148675672709942,0.0,0.12507466971874237,0.69565749168396,-9.642243385314941,-0.02621702291071415,0.017638033255934715,-5.266026973724365,0.0,0.0,0.0,0.0,0.0,0.0,0.0,0.0,0.0,0.0,0.0,0.0,-0.0010777544230222702,-0.013179630041122437,0.0007015243172645569,0.012149147689342499,0.18646712601184845,0.1909940093755722,0.16688722372055054,0.1967853307723999,0.3607451021671295,-0.038232527673244476,-0.45268261432647705,0.0,0.0,0.0,0.0,0.0,0.0,0.0
11566347847,0,0.0002548823831602931,-0.04601714387536049,-0.1504037231206894,6.569455581484362e-05,-0.04113857448101044,-0.7692466974258423,0.01009821891784668,0.004038891289383173,-0.021743444725871086,-0.0003783775318879634,0.009757187217473984,-0.5,-0.013344616629183292,-0.02562098018825054,-0.0037736278027296066,0.0,0.0,-0.0047828578390181065,0.0017419090727344155,-0.000131524313474074,-0.01459828857332468,0.10602875798940659,0.20370371639728546,-0.0010058160405606031,-0.1441936194896698,0.09700918197631836,-28.96314811706543,0.0987982451915741,0.20495660603046417,0.01602039858698845,-0.001630858751013875,-0.1040341705083847,-0.20096710324287415,0.00154156144708395,7.311033725738525,7.474790096282959,6.369530200958252,7.8088459968566895,-0.003066406352445483,-0.010732421651482582,0.004599609412252903,0.009199218824505806,0.0,-0.0025242541451007128,-0.011646172031760216,0.0023407640401273966,0.010693898424506187,0.0,0.12507466971874237,0.69565749168396,-9.642243385314941,-0.02708667330443859,0.0210355743765831,-5.316076755523682,0.0,0.0,0.0,0.0,0.0,0.0,0.0,0.0,0.0,0.0,0.0,0.0,0.0012135438155382872,-0.013316751457750797,-0.0019353522220626473,0.012305030599236488,0.18683521449565887,0.1901940554380417,0.1674008071422577,0.1970272660255432,0.3607451021671295,-0.038232527673244476,-0.45268261432647705,0.0,0.0,0.0,0.0,0.0,0.0,0.0
11576062258,0,0.0002548823831602931,-0.04601714387536049,-0.1504037231206894,6.569455581484362e-05,-0.04113857448101044,-0.7692466974258423,0.01009821891784668,0.004038891289383173,-0.021743444725871086,-0.0003783775318879634,0.009757187217473984,-0.5,-0.013344616629183292,-0.02562098018825054,-0.0037736278027296066,0.0,0.0,-0.0047828578390181065,0.000442744028987363,-0.0034544714726507664,-0.0010204548016190529,0.10762416571378708,0.20395639538764954,-0.0013701500138267875,-0.07424896955490112,0.31148186326026917,-29.222339630126953,0.10980818420648575,0.20811787247657776,-0.002968116197735071,-0.0016117407940328121,-0.10404278337955475,-0.20112571120262146,0.0011833859607577324,7.8723955154418945,7.07672119140625,6.887199401855469,7.386999607086182,-0.003066406352445483,-0.010732421651482582,0.004599609412252903,0.009199218824505806,0.0,0.010431909002363682,-0.019519926980137825,-0.012433003634214401,0.0182255320250988,0.0,0.12507466971874237,0.69565749168396,-9.642243385314941,-0.02708667330443859,0.0210355743765831,-5.316076755523682,0.0,0.0,0.0,0.0,0.0,0.0,0.0,0.0,0.0,0.0,0.0,0.0,0.0027453715447336435,-0.013553067110478878,-0.0036958125419914722,0.012545089237391949,0.19832414388656616,0.1820179969072342,0.1781122386455536,0.188394233584404,-0.07264022529125214,-0.06610262393951416,0.43822750449180603,0.0,0.0,0.0,0.0,0.0,0.0,0.0
11586078305,0,0.00026415212778374553,-0.04619302228093147,-0.1509818285703659,6.569455581484362e-05,-0.04113857448101044,-0.7712466716766357,0.006471751723438501,-0.01140559185296297,-0.028360269963741302,-0.00039691710844635963,0.0101089458912611,-0.5,-0.013785659335553646,-0.02565779536962509,-0.0035359631292521954,0.0,0.0,-0.0047828578390181065,-0.004618531093001366,0.003315803362056613,0.008534268476068974,0.10762416571378708,0.20395639538764954,-0.0013701500138267875,-0.07424896955490112,0.31148186326026917,-29.222339630126953,0.10980818420648575,0.20811787247657776,-0.002968116197735071,-0.0016117407940328121,-0.10404278337955475,-0.20112571120262146,0.0011833859607577324,8.152289390563965,6.895649433135986,7.171419143676758,7.1309895515441895,-0.003066406352445483,-0.012265625409781933,0.003066406352445483,0.010732421651482582,0.0,0.010073733516037464,-0.020032567903399467,-0.01194023247808218,0.018879927694797516,0.0,-0.3624262809753418,-0.6490248441696167,-9.782815933227539,-0.01971164345741272,0.052953384816646576,-5.277879238128662,0.0,0.0,0.0,0.0,0.0,0.0,0.0,0.0,0.0,0.0,0.0,0.0,0.0043029035441577435,-0.0144307566806674,-0.005469605326652527,0.013394089415669441,0.19832414388656616,0.1820179969072342,0.1781122386455536,0.188394233584404,-0.4072308838367462,0.30007821321487427,0.6917263865470886,0.0,0.0,0.0,0.0,0.0,0.0,0.0
11596464876,0,0.00026415212778374553,-0.04619302228093147,-0.1509818285703659,6.569455581484362e-05,-0.04113857448101044,-0.7712466716766357,0.006471751723438501,-0.01140559185296297,-0.028360269963741302,-0.00039691710844635963,0.0101089458912611,-0.5,-0.013785659335553646,-0.02565779536962509,-0.0035359631292521954,0.0,0.0,-0.0047828578390181065,-0.004618531093001366,0.003315803362056613,0.008534268476068974,0.10762416571378708,0.20395639538764954,-0.0013701500138267875,-0.13369014859199524,0.09874603152275085,-29.3494815826416,0.12125742435455322,0.19527485966682434,-0.01297842152416706,-0.001600724644958973,-0.10411533713340759,-0.20114850997924805,0.0013771872036159039,8.152289390563965,6.895649433135986,7.171419143676758,7.1309895515441895,-0.003066406352445483,-0.013798828236758709,0.003066406352445483,0.012265625409781933,0.0,-0.0017289072275161743,-0.012170079164206982,0.001480138162150979,0.011280394159257412,0.0,-0.3624262809753418,-0.6490248441696167,-9.782815933227539,-0.01971164345741272,0.052953384816646576,-5.277879238128662,0.0,0.0,0.0,0.0,0.0,0.0,0.0,0.0,0.0,0.0,0.0,0.0,0.005605837795883417,-0.015509740449488163,-0.006939611863344908,0.014443155378103256,0.20522798597812653,0.1809932291507721,0.18608303368091583,0.18656618893146515,-0.4072308838367462,0.30007821321487427,0.6917263865470886,0.0,0.0,0.0,0.0,0.0,0.0,0.0
11606279421,0,0.0002266439696541056,-0.046430088579654694,-0.15147177875041962,6.569455581484362e-05,-0.04113857448101044,-0.7732466459274292,0.005567626561969519,-0.0014971432974562049,-0.011993913911283016,-0.0003219004429411143,0.010583081282675266,-0.5,-0.013245089910924435,-0.025476016104221344,-0.0033423439599573612,0.0,0.0,-0.0047828578390181065,0.002051370218396187,-5.999274435453117e-05,0.005267258733510971,0.10710650682449341,0.20227517187595367,-0.0014732421841472387,-0.13369014859199524,0.09874603152275085,-29.3494815826416,0.12125742435455322,0.19527485966682434,-0.01297842152416706,-0.001600724644958973,-0.10411533713340759,-0.20114850997924805,0.0013771872036159039,8.152289390563965,6.895649433135986,7.171419143676758,7.1309895515441895,0.0,-0.013798828236758709,0.003066406352445483,0.012265625409781933,0.0,-0.0017289072275161743,-0.012170079164206982,0.001480138162150979,0.011280394159257412,0.0,-0.3041367828845978,0.6666914820671082,-9.37501335144043,-0.01838088594377041,0.03404681012034416,-5.419980525970459,0.0,0.0,0.0,0.0,0.0,0.0,0.0,0.0,0.0,0.0,0.0,0.0,0.005437653977423906,-0.015786848962306976,-0.006728012580424547,0.014726062305271626,0.20522798597812653,0.1809932291507721,0.18608303368091583,0.18656618893146515,0.17451916635036469,-0.14571237564086914,-0.028636381030082703,0.0,0.0,0.0,0.0,0.0,0.0,0.0
11616577770,0,0.00022182604880072176,-0.04649585485458374,-0.15170235931873322,6.569455581484362e-05,-0.04113857448101044,-0.7742466330528259,0.0049920594319701195,-0.012744320556521416,-0.016241084784269333,-0.0003122645430266857,0.010714614763855934,-0.5,-0.01397829968482256,-0.02549256943166256,-0.0032734163105487823,0.0,0.0,-0.0047828578390181065,0.002051370218396187,-5.999274435453117e-05,0.005267258733510971,0.10329463332891464,0.20469403266906738,-0.0012715302873402834,-0.09404534101486206,0.31586626172065735,-29.635053634643555,0.09949807077646255,0.2062111496925354,-0.0030167517252266407,-0.0016009756363928318,-0.1042078360915184,-0.20113667845726013,0.001533203641884029,7.958365440368652,7.165389537811279,7.010110855102539,7.502029895782471,0.0015332031762227416,-0.015332031063735485,0.003066406352445483,0.010732421651482582,0.0,0.009635968133807182,-0.02047007344663143,-0.0114359762519598,0.01908738538622856,0.0,-0.3041367828845978,0.6666914820671082,-9.37501335144043,-0.017099153250455856,0.05743023008108139,-5.3881916999816895,0.0,0.0,0.0,0.0,0.0,0.0,0.0,0.0,0.0,0.0,0.0,0.0,0.004556795582175255,-0.01563863642513752,-0.005705162417143583,0.014589531347155571,0.20007729530334473,0.1838424652814865,0.18064624071121216,0.190752312541008,0.17451916635036469,-0.14571237564086914,-0.028636381030082703,0.0,0.0,0.0,0.0,0.0,0.0,0.0
11626064688,0,0.00022182604880072176,-0.04649585485458374,-0.15170235931873322,6.569455581484362e-05,-0.04113857448101044,-0.7772465944290161,0.0049920594319701195,-0.012744320556521416,-0.016241084784269333,-0.00026323235942982137,0.01131479162722826,-0.5,-0.01397829968482256,-0.02549256943166256,-0.0032734163105487823,0.0,0.0,-0.0047828578390181065,0.002051370218396187,-5.999274435453117e-05,0.005267258733510971,0.10329463332891464,0.20469403266906738,-0.0012715302873402834,-0.09404534101486206,0.31586626172065735,-29.635053634643555,0.09949807077646255,0.2062111496925354,-0.0030167517252266407,-0.0016009756363928318,-0.1042078360915184,-0.20113667845726013,0.001533203641884029,7.958365440368652,7.165389537811279,7.010110855102539,7.502029895782471,0.004599609412252903,-0.016865234822034836,0.003066406352445483,0.010732421651482582,0.0,0.009635968133807182,-0.02047007344663143,-0.0114359762519598,0.01908738538622856,0.0,-0.3041367828845978,0.6666914820671082,-9.37501335144043,-0.018629372119903564,0.040553055703639984,-5.382575035095215,0.0,0.0,0.0,0.0,0.0,0.0,0.0,0.0,0.0,0.0,0.0,0.0,0.004536542110145092,-0.01607438176870346,-0.005663759540766478,0.014992209151387215,0.20007729530334473,0.1838424652814865,0.18064624071121216,0.190752312541008,0.17451916635036469,-0.14571237564086914,-0.028636381030082703,0.0,0.0,0.0,0.0,0.0,0.0,0.0
11637004993,0,0.00019731007341761142,-0.04679594188928604,-0.1524512618780136,6.569455581484362e-05,-0.04113857448101044,-0.7772465944290161,0.005675339139997959,-0.004191376734524965,-0.019853057339787483,-0.00026323235942982137,0.01131479162722826,-0.5,-0.013027966022491455,-0.025934897363185883,-0.0038878214545547962,0.0,0.0,-0.0047828578390181065,0.00030297503690235317,-0.00012051346129737794,-0.011352377943694592,0.1035156100988388,0.20619623363018036,-0.0008712104754522443,-0.1024615466594696,0.22304180264472961,-29.604162216186523,0.11147895455360413,0.19995717704296112,0.012726891785860062,-0.0016034580767154694,-0.10423614829778671,-0.20140321552753448,0.0014346882235258818,7.566153526306152,7.57914400100708,6.599617958068848,7.860595703125,0.004599609412252903,-0.016865234822034836,0.0015332031762227416,0.012265625409781933,0.0,0.005404181778430939,-0.015414713881909847,-0.006723841652274132,0.014419243671000004,0.0,-0.34348899126052856,-0.6741028428077698,-10.05632495880127,-0.018629372119903564,0.040553055703639984,-5.382575035095215,0.0,0.0,0.0,0.0,0.0,0.0,0.0,0.0,0.0,0.0,0.0,0.0,0.005272343754768372,-0.016866598278284073,-0.006491148378700018,0.01573057286441326,0.19095778465270996,0.18996480107307434,0.17042867839336395,0.1975148469209671,-0.2202061414718628,0.31700897216796875,-0.33452266454696655,0.0,0.0,0.0,0.0,0.0,0.0,0.0
11646104893,0,0.00018466507026460022,-0.04689187556505203,-0.15275518596172333,6.569455581484362e-05,-0.04113857448101044,-0.7782465815544128,0.006811206694692373,-0.016787689179182053,-0.025538787245750427,-0.0002379422221565619,0.011506659910082817,-0.5,-0.013791271485388279,-0.025533240288496017,-0.0037888281513005495,0.0,0.0,-0.0047828578390181065,0.00030297503690235317,-0.00012051346129737794,-0.011352377943694592,0.10957986861467361,0.20300674438476562,-0.0009814351797103882,-0.1024615466594696,0.22304180264472961,-29.604162216186523,0.11147895455360413,0.19995717704296112,0.012726891785860062,-0.0016034580767154694,-0.10420160740613937,-0.20153459906578064,0.001189637929201126,7.566153526306152,7.57914400100708,6.599617958068848,7.860595703125,0.004599609412252903,-0.015332031063735485,0.0015332031762227416,0.013798828236758709,0.0,0.005404181778430939,-0.015414713881909847,-0.006723841652274132,0.014419243671000004,0.0,-0.37540313601493835,0.274613618850708,-10.538835525512695,-0.02028524875640869,0.06672593206167221,-5.342650413513184,0.0,0.0,0.0,0.0,0.0,0.0,0.0,0.0,0.0,0.0,0.0,0.0,0.00585376750677824,-0.017221519723534584,-0.007158386055380106,0.016067083925008774,0.19206564128398895,0.19233131408691406,0.17216962575912476,0.1980835497379303,-0.2202061414718628,0.31700897216796875,-0.33452266454696655,0.0,0.0,0.0,0.0,0.0,0.0,0.0
11656017192,0,0.00018466507026460022,-0.04689187556505203,-0.15275518596172333,6.569455581484362e-05,-0.04113857448101044,-0.7782465815544128,0.006811206694692373,-0.016787689179182053,-0.025538787245750427,-0.0002379422221565619,0.011506659910082817,-0.5,-0.013791271485388279,-0.025533240288496017,-0.0037888281513005495,0.0,0.0,-0.0047828578390181065,0.002194504952058196,0.003671078011393547,0.00023100868565961719,0.10957986861467361,0.20300674438476562,-0.0009814351797103882,-0.1024615466594696,0.22304180264472961,-29.604162216186523,0.11147895455360413,0.19995717704296112,0.012726891785860062,-0.0016034580767154694,-0.1042528748512268,-0.20149898529052734,0.0009057605639100075,7.566153526306152,7.57914400100708,6.599617958068848,7.860595703125,0.0015332031762227416,-0.015332031063735485,0.0,0.015332031063735485,0.0,0.005404181778430939,-0.015414713881909847,-0.006723841652274132,0.014419243671000004,0.0,0.018999818712472916,-0.03222502022981644,-10.275726318359375,-0.02028524875640869,0.06672593206167221,-5.342650413513184,0.0,0.0,0.0,0.0,0.0,0.0,0.0,0.0,0.0,0.0,0.0,0.0,0.006056757643818855,-0.01706266961991787,-0.007406356744468212,0.015928514301776886,0.19680465757846832,0.18064002692699432,0.17761218547821045,0.18701359629631042,0.01023329608142376,0.10821124911308289,0.3924090564250946,0.0,0.0,0.0,0.0,0.0,0.0,0.0
11666981452,0,0.00014117111277300864,-0.04710950329899788,-0.15338268876075745,6.569455581484362e-05,-0.04113857448101044,-0.7802465558052063,0.002732402179390192,0.006467584520578384,-0.03267873078584671,-0.00015095387061592191,0.01194191724061966,-0.5,-0.01308244839310646,-0.02576003037393093,-0.003723404137417674,0.0,0.0,-0.0047828578390181065,0.002194504952058196,0.003671078011393547,0.00023100868565961719,0.10394243896007538,0.20480966567993164,-0.001069017336703837,-0.12114965170621872,0.2471800297498703,-28.98891830444336,0.10164560377597809,0.20005647838115692,-0.0033267501275986433,-0.0015723600517958403,-0.1042528748512268,-0.20149898529052734,0.0009057605639100075,7.797950744628906,7.0098066329956055,6.86295747756958,7.319732189178467,0.0,-0.016865234822034836,-0.003066406352445483,0.015332031063735485,0.0,0.005494982004165649,-0.018822358921170235,-0.006741685327142477,0.017558254301548004,0.0,0.018999818712472916,-0.03222502022981644,-10.275726318359375,-0.011661563068628311,0.020298102870583534,-5.310031414031982,0.0,0.0,0.0,0.0,0.0,0.0,0.0,0.0,0.0,0.0,0.0,0.0,0.0060403612442314625,-0.016837652772665024,-0.007403192110359669,0.015726670622825623,0.19680465757846832,0.18064002692699432,0.17761218547821045,0.18701359629631042,0.01023329608142376,0.10821124911308289,0.3924090564250946,0.0,0.0,0.0,0.0,0.0,0.0,0.0
11676009022,0,0.00014117111277300864,-0.04710950329899788,-0.15338268876075745,6.569455581484362e-05,-0.04113857448101044,-0.7822465300559998,0.002732402179390192,0.006467584520578384,-0.03267873078584671,-5.1630628149723634e-05,0.012354599311947823,-0.5,-0.01308244839310646,-0.02576003037393093,-0.003723404137417674,0.0,0.0,-0.0047828578390181065,0.002194504952058196,0.003671078011393547,0.00023100868565961719,0.10394243896007538,0.20480966567993164,-0.001069017336703837,-0.12114965170621872,0.2471800297498703,-28.98891830444336,0.10164560377597809,0.20005647838115692,-0.0033267501275986433,-0.0015723600517958403,-0.1042528748512268,-0.20149898529052734,0.0009057605639100075,7.797950744628906,7.0098066329956055,6.86295747756958,7.319732189178467,0.0015332031762227416,-0.019931640475988388,-0.004599609412252903,0.013798828236758709,0.0,0.005494982004165649,-0.018822358921170235,-0.006741685327142477,0.017558254301548004,0.0,-0.47605201601982117,0.7982610464096069,-10.106569290161133,-0.01842615194618702,0.05100031942129135,-5.378270626068115,0.0,0.0,0.0,0.0,0.0,0.0,0.0,0.0,0.0,0.0,0.0,0.0,0.0059274714440107346,-0.01693601720035076,-0.007278746925294399,0.015820568427443504,0.19680465757846832,0.18064002692699432,0.17761218547821045,0.18701359629631042,0.01023329608142376,0.10821124911308289,0.3924090564250946,0.0,0.0,0.0,0.0,0.0,0.0,0.0
11686821297,0,9.150974074145779e-05,-0.047315843403339386,-0.1539851725101471,6.569455581484362e-05,-0.04113857448101044,-0.7822465300559998,0.005945899523794651,-0.008178233169019222,-0.025302492082118988,-5.1630628149723634e-05,0.012354599311947823,-0.5,-0.013471697457134724,-0.025796925649046898,-0.0032166424207389355,0.0,0.0,-0.0047828578390181065,0.0065043289214372635,-0.003485838882625103,0.013383586890995502,0.10305356979370117,0.20522983372211456,-0.0013681622222065926,-0.08995048701763153,0.23932960629463196,-29.69680404663086,0.09844022989273071,0.21085859835147858,-0.014457857236266136,-0.0015525890048593283,-0.10417523235082626,-0.20165559649467468,0.0014057508669793606,8.264802932739258,6.886837005615234,7.3065900802612305,7.240171909332275,0.004599609412252903,-0.021464843302965164,-0.004599609412252903,0.013798828236758709,0.0,0.006186016369611025,-0.01715032570064068,-0.007459240034222603,0.015847040340304375,0.0,-0.14909802377223969,0.01614980958402157,-9.250221252441406,-0.01842615194618702,0.05100031942129135,-5.378270626068115,0.0,0.0,0.0,0.0,0.0,0.0,0.0,0.0,0.0,0.0,0.0,0.0,0.005824023857712746,-0.01725534163415432,-0.007151543628424406,0.016108456999063492,0.2000066637992859,0.18351946771144867,0.18123272061347961,0.1906823366880417,0.20708946883678436,-0.22581690549850464,0.4719693660736084,0.0,0.0,0.0,0.0,0.0,0.0,0.0
11696347904,0,5.944638542132452e-05,-0.04740552231669426,-0.15424060821533203,6.569455581484362e-05,-0.04113857448101044,-0.7832465171813965,0.004408619366586208,-0.002632098039612174,-0.024825172498822212,1.249640354217263e-05,0.012533958069980145,-0.5,-0.01321883499622345,-0.025595901533961296,-0.0034773540683090687,0.0,0.0,-0.0047828578390181065,0.009065032936632633,0.00018619082402437925,0.006383066531270742,0.1036442369222641,0.20356620848178864,-0.0013547015842050314,-0.08275573700666428,0.22038018703460693,-29.640039443969727,0.09238441288471222,0.2028493732213974,-0.003468889044597745,-0.0015550472307950258,-0.10417523235082626,-0.20165559649467468,0.0014057508669793606,7.954898357391357,7.149693012237549,7.038580894470215,7.4986114501953125,0.006132812704890966,-0.018398437649011612,-0.0015332031762227416,0.015332031063735485,0.0,0.005904234480112791,-0.015227115713059902,-0.007153186481446028,0.014067662879824638,0.0,-0.1801498830318451,0.00116420304402709,-9.575136184692383,-0.0150464978069067,0.04006912559270859,-5.389098167419434,0.0,0.0,0.0,0.0,0.0,0.0,0.0,0.0,0.0,0.0,0.0,0.0,0.005795067176222801,-0.017381422221660614,-0.0070985411293804646,0.01619866117835045,0.2000066637992859,0.18351946771144867,0.18123272061347961,0.1906823366880417,0.2194792628288269,0.053065259009599686,-0.0779389888048172,0.0,0.0,0.0,0.0,0.0,0.0,0.0
11705992786,0,5.944638542132452e-05,-0.04740552231669426,-0.15424060821533203,6.569455581484362e-05,-0.04113857448101044,-0.7862464785575867,0.004408619366586208,-0.002632098039612174,-0.024825172498822212,0.00012134250573581085,0.013092918321490288,-0.5,-0.01321883499622345,-0.025595901533961296,-0.0034773540683090687,0.0,0.0,-0.0047828578390181065,-0.00013942978694103658,0.0033350081648677588,-0.009294619783759117,0.1036442369222641,0.20356620848178864,-0.0013547015842050314,-0.08275573700666428,0.22038018703460693,-29.640039443969727,0.09238441288471222,0.2028493732213974,-0.003468889044597745,-0.0015550472307950258,-0.10417523235082626,-0.20165559649467468,0.0014057508669793606,7.954898357391357,7.149693012237549,7.038580894470215,7.4986114501953125,0.0076660155318677425,-0.016865234822034836,-0.0015332031762227416,0.016865234822034836,0.0,0.005904234480112791,-0.015227115713059902,-0.007153186481446028,0.014067662879824638,0.0,-0.1648024320602417,-0.13076277077198029,-9.745211601257324,-0.018095266073942184,0.043239615857601166,-5.416302680969238,0.0,0.0,0.0,0.0,0.0,0.0,0.0,0.0,0.0,0.0,0.0,0.0,0.005813969299197197,-0.017134619876742363,-0.007096676621586084,0.015931881964206696,0.2000066637992859,0.18351946771144867,0.18123272061347961,0.1906823366880417,-0.32100626826286316,0.09187798202037811,-0.4344041645526886,0.0,0.0,0.0,0.0,0.0,0.0,0.0
11716300911,0,5.02360489917919e-06,-0.04768500104546547,-0.15489260852336884,6.569455581484362e-05,-0.04113857448101044,-0.7862464785575867,0.005952660925686359,-0.003584137884899974,-0.0231208186596632,0.00012134250573581085,0.013092918321490288,-0.5,-0.013280910439789295,-0.025620512664318085,-0.0037512658163905144,0.0,0.0,-0.0047828578390181065,-0.005367109552025795,-0.003829341847449541,-0.007321398239582777,0.10552152991294861,0.203700453042984,-0.0010336306877434254,-0.12611280381679535,0.239185631275177,-29.9898681640625,0.10934329777956009,0.1990886926651001,0.012280655093491077,-0.001555963302962482,-0.10408373177051544,-0.2016773223876953,0.0011989885242655873,7.75933837890625,7.4913554191589355,6.743680477142334,7.797903537750244,0.006132812704890966,-0.015332031063735485,-0.0015332031762227416,0.018398437649011612,0.0,0.004934204742312431,-0.017466852441430092,-0.006178942043334246,0.01634630747139454,0.0,-0.5430808663368225,-0.014815010130405426,-9.976724624633789,-0.018095266073942184,0.043239615857601166,-5.416302680969238,0.0,0.0,0.0,0.0,0.0,0.0,0.0,0.0,0.0,0.0,0.0,0.0,0.005795172415673733,-0.016764575615525246,-0.007061243522912264,0.015561794862151146,0.1941700130701065,0.1940516084432602,0.1744934767484665,0.19986671209335327,-0.4732303023338318,-0.29732248187065125,-0.15291351079940796,0.0,0.0,0.0,0.0,0.0,0.0,0.0
11727352976,0,5.02360489917919e-06,-0.04768500104546547,-0.15489260852336884,6.569455581484362e-05,-0.04113857448101044,-0.7862464785575867,0.005952660925686359,-0.003584137884899974,-0.0231208186596632,0.00012134250573581085,0.013092918321490288,-0.5,-0.013280910439789295,-0.025620512664318085,-0.0037512658163905144,0.0,0.0,-0.0047828578390181065,-0.006917621940374374,-0.010277080349624157,0.0003450225049164146,0.10552152991294861,0.203700453042984,-0.0010336306877434254,-0.04607030749320984,0.3108557462692261,-29.705726623535156,0.11741474270820618,0.22123898565769196,-0.0021517914719879627,-0.0015330786118283868,-0.10425432026386261,-0.20188425481319427,0.0009922967292368412,8.004725456237793,7.210086822509766,6.955887794494629,7.537296772003174,0.004599609412252903,-0.016865234822034836,-0.004599609412252903,0.015332031063735485,0.0,0.011487146839499474,-0.01773424632847309,-0.013698486611247063,0.01652207039296627,0.0,-0.26617708802223206,-0.06947841495275497,-10.211138725280762,-0.018095266073942184,0.043239615857601166,-5.416302680969238,0.0,0.0,0.0,0.0,0.0,0.0,0.0,0.0,0.0,0.0,0.0,0.0,0.005974104627966881,-0.016621183604002,-0.00727284187451005,0.015427535399794579,0.1941700130701065,0.1940516084432602,0.1744934767484665,0.19986671209335327,-0.32886263728141785,-0.43660208582878113,0.25337517261505127,0.0,0.0,0.0,0.0,0.0,0.0,0.0
11736162257,0,5.02360489917919e-06,-0.04768500104546547,-0.15489260852336884,6.569455581484362e-05,-0.04113857448101044,-0.7882464528083801,0.005952660925686359,-0.003584137884899974,-0.0231208186596632,0.00018879487470258027,0.013407506048679352,-0.5,-0.013280910439789295,-0.025620512664318085,-0.0037512658163905144,0.0,0.0,-0.0047828578390181065,-0.006917621940374374,-0.010277080349624157,0.0003450225049164146,0.10552152991294861,0.203700453042984,-0.0010336306877434254,-0.04607030749320984,0.3108557462692261,-29.705726623535156,0.11741474270820618,0.22123898565769196,-0.0021517914719879627,-0.0015330786118283868,-0.10425432026386261,-0.20188425481319427,0.0009922967292368412,8.004725456237793,7.210086822509766,6.955887794494629,7.537296772003174,0.0015332031762227416,-0.018398437649011612,-0.006132812704890966,0.012265625409781933,0.0,0.011487146839499474,-0.01773424632847309,-0.013698486611247063,0.01652207039296627,0.0,0.09427160024642944,0.7332063913345337,-10.009625434875488,-0.016048287972807884,0.05244830995798111,-5.386980056762695,0.0,0.0,0.0,0.0,0.0,0.0,0.0,0.0,0.0,0.0,0.0,0.0,0.0067771123722195625,-0.016743717715144157,-0.008215724490582943,0.01555536687374115,0.20102208852767944,0.18476127088069916,0.1795288622379303,0.19147472083568573,-0.32886263728141785,-0.43660208582878113,0.25337517261505127,0.0,0.0,0.0,0.0,0.0,0.0,0.0
11746140391,0,-3.60859849024564e-05,-0.047884516417980194,-0.1557316780090332,6.569455581484362e-05,-0.04113857448101044,-0.7892464399337769,0.012741511687636375,0.0060270605608820915,-0.03271744027733803,0.00020356210006866604,0.013491951860487461,-0.5,-0.013050656765699387,-0.025922240689396858,-0.003494241274893284,0.0,0.0,-0.0047828578390181065,-0.0013884224463254213,-0.008490805514156818,0.005179358180612326,0.10367980599403381,0.2061038613319397,-0.0013432040577754378,-0.08826558291912079,0.2884657084941864,-29.62839126586914,0.1044374406337738,0.21590431034564972,-0.00669732503592968,-0.001521131955087185,-0.10434373468160629,-0.20208095014095306,0.0010495143942534924,8.070603370666504,7.0655012130737305,7.0787034034729,7.415887832641602,0.0015332031762227416,-0.018398437649011612,-0.006132812704890966,0.012265625409781933,0.0,0.008565512485802174,-0.019086573272943497,-0.010232962667942047,0.01773868501186371,0.0,0.09427160024642944,0.7332063913345337,-10.009625434875488,-0.03127063438296318,0.024362297728657722,-5.363992214202881,0.0,0.0,0.0,0.0,0.0,0.0,0.0,0.0,0.0,0.0,0.0,0.0,0.007906390354037285,-0.017049144953489304,-0.009531293995678425,0.01585274189710617,0.20102208852767944,0.18476127088069916,0.1795288622379303,0.19147472083568573,0.06307913362979889,-0.13096480071544647,0.3326535224914551,0.0,0.0,0.0,0.0,0.0,0.0,0.0
11756300494,0,-3.60859849024564e-05,-0.047884516417980194,-0.1557316780090332,6.569455581484362e-05,-0.04113857448101044,-0.7892464399337769,0.012741511687636375,0.0060270605608820915,-0.03271744027733803,0.00020356210006866604,0.013491951860487461,-0.5,-0.013050656765699387,-0.025922240689396858,-0.003494241274893284,0.0,0.0,-0.0047828578390181065,-0.002066008746623993,0.009046783670783043,-0.003254358423873782,0.1046910509467125,0.20288395881652832,-0.0009829389164224267,-0.0941205620765686,0.17673151195049286,-29.608671188354492,0.1044374406337738,0.21590431034564972,-0.00669732503592968,-0.001521131955087185,-0.10445287823677063,-0.20217587053775787,0.0010654493235051632,7.727671146392822,7.4176130294799805,6.804021835327148,7.661481857299805,0.003066406352445483,-0.018398437649011612,-0.006132812704890966,0.013798828236758709,0.0,0.0035656339023262262,-0.013133184053003788,-0.004535682965070009,0.012283474206924438,0.0,0.09427160024642944,0.7332063913345337,-10.009625434875488,-0.03127063438296318,0.024362297728657722,-5.363992214202881,0.0,0.0,0.0,0.0,0.0,0.0,0.0,0.0,0.0,0.0,0.0,0.0,0.008487536571919918,-0.017238294705748558,-0.010204829275608063,0.016039220616221428,0.20236362516880035,0.18178695440292358,0.18205887079238892,0.18898646533489227,-0.018572524189949036,0.5926611423492432,-0.217105433344841,0.0,0.0,0.0,0.0,0.0,0.0,0.0
11766211251,0,-3.9678670873399824e-05,-0.04794280603528023,-0.1563057154417038,6.569455581484362e-05,-0.04113857448101044,-0.7912464141845703,-0.0009251993033103645,-0.009840650483965874,-0.029114818200469017,0.00021074751566629857,0.013608531095087528,-0.5,-0.01364344172179699,-0.025465363636612892,-0.003872421570122242,0.0,0.0,-0.0047828578390181065,-0.002066008746623993,0.009046783670783043,-0.003254358423873782,0.1046910509467125,0.20288395881652832,-0.0009829389164224267,-0.0941205620765686,0.17673151195049286,-29.608671188354492,0.11066016554832458,0.18749168515205383,0.005455952603369951,-0.0015070970403030515,-0.10445287823677063,-0.20217587053775787,0.0010654493235051632,7.727671146392822,7.4176130294799805,6.804021835327148,7.661481857299805,0.006132812704890966,-0.018398437649011612,-0.004599609412252903,0.015332031063735485,0.0,0.003567608306184411,-0.013131126761436462,-0.004533440340310335,0.012285467237234116,0.0,-0.6825718283653259,-0.08109106123447418,-9.58720588684082,-0.0038437284529209137,0.05712802708148956,-5.410341739654541,0.0,0.0,0.0,0.0,0.0,0.0,0.0,0.0,0.0,0.0,0.0,0.0,0.008095871657133102,-0.016848361119627953,-0.00975269265472889,0.01568964496254921,0.1953691691160202,0.1890220195055008,0.1763954907655716,0.19401606917381287,-0.018572524189949036,0.5926611423492432,-0.217105433344841,0.0,0.0,0.0,0.0,0.0,0.0,0.0
11776223810,0,-3.0055303795961663e-05,-0.04794428497552872,-0.15655675530433655,6.569455581484362e-05,-0.04113857448101044,-0.792246401309967,0.010732118040323257,-0.0032939885277301073,-0.020841408520936966,0.00019150067237205803,0.013611488975584507,-0.5,-0.013857404701411724,-0.025516236200928688,-0.003831560257822275,0.0,0.0,-0.0047828578390181065,-0.010318712331354618,0.00904940813779831,-0.004190919455140829,0.10810738056898117,0.20377211272716522,-0.0010182998375967145,-0.021140506491065025,0.3142041563987732,-29.756879806518555,0.12457817047834396,0.19059209525585175,0.005558909848332405,-0.0014985431917011738,-0.10456617921590805,-0.20210397243499756,0.0009900747099891305,7.78830099105835,7.474040985107422,6.812331199645996,7.684187412261963,0.0076660155318677425,-0.018398437649011612,-0.006132812704890966,0.015332031063735485,0.0,0.013094986788928509,-0.016081832349300385,-0.01544943731278181,0.01521798875182867,0.0,-0.19806455075740814,-0.23937642574310303,-9.252254486083984,-0.02762775868177414,0.04439574107527733,-5.479497909545898,0.0,0.0,0.0,0.0,0.0,0.0,0.0,0.0,0.0,0.0,0.0,0.0,0.0075070820748806,-0.016106871888041496,-0.009070910513401031,0.015024746768176556,0.19660761952400208,0.1901787370443344,0.1765672117471695,0.19448035955429077,-0.4152185618877411,0.32292166352272034,-0.16141445934772491,0.0,0.0,0.0,0.0,0.0,0.0,0.0
11787951896,0,-3.0055303795961663e-05,-0.04794428497552872,-0.15655675530433655,6.569455581484362e-05,-0.04113857448101044,-0.792246401309967,0.010732118040323257,-0.0032939885277301073,-0.020841408520936966,0.00019150067237205803,0.013611488975584507,-0.5,-0.013857404701411724,-0.025516236200928688,-0.003831560257822275,0.0,0.0,-0.0047828578390181065,-0.004492925480008125,-0.00779716856777668,0.00897197611629963,0.10810738056898117,0.20377211272716522,-0.0010182998375967145,-0.021140506491065025,0.3142041563987732,-29.756879806518555,0.12457817047834396,0.19059209525585175,0.005558909848332405,-0.0014985431917011738,-0.10486071556806564,-0.20221765339374542,0.001055187894962728,8.30562686920166,7.089426040649414,7.284477710723877,7.431166172027588,0.0076660155318677425,-0.016865234822034836,-0.0076660155318677425,0.013798828236758709,0.0,0.012279308401048183,-0.01695438288152218,-0.01444800104945898,0.015736188739538193,0.0,0.07062240689992905,-0.017645353451371193,-9.621722221374512,-0.02762775868177414,0.04439574107527733,-5.479497909545898,0.0,0.0,0.0,0.0,0.0,0.0,0.0,0.0,0.0,0.0,0.0,0.0,0.007771485485136509,-0.01564170978963375,-0.00936284102499485,0.014622022397816181,0.20714175701141357,0.18227945268154144,0.18628986179828644,0.18929992616176605,0.06259435415267944,-0.4620116055011749,0.4352317452430725,0.0,0.0,0.0,0.0,0.0,0.0,0.0
11796154635,0,-2.19308931264095e-05,-0.04795238748192787,-0.15696988999843597,6.569455581484362e-05,-0.04113857448101044,-0.7942463755607605,0.004833390936255455,0.009672215208411217,-0.022921612486243248,0.00017525177099741995,0.013627693988382816,-0.5,-0.01317946333438158,-0.02601645141839981,-0.003439920488744974,0.0,0.0,-0.0047828578390181065,-0.004492925480008125,-0.00779716856777668,0.00897197611629963,0.10669305920600891,0.2070978879928589,-0.0014760310295969248,-0.08896628767251968,0.09824371337890625,-30.108604431152344,0.11056003719568253,0.21951517462730408,-0.010712463408708572,-0.0014758588513359427,-0.10486071556806564,-0.20221765339374542,0.001055187894962728,8.30562686920166,7.089426040649414,7.284477710723877,7.431166172027588,0.006132812704890966,-0.016865234822034836,-0.009199218824505806,0.012265625409781933,0.0,0.00020177557598799467,-0.00956268422305584,-0.0006705013220198452,0.008691144175827503,0.0,0.07062240689992905,-0.017645353451371193,-9.621722221374512,-0.016175689175724983,0.01786249317228794,-5.474291801452637,0.0,0.0,0.0,0.0,0.0,0.0,0.0,0.0,0.0,0.0,0.0,0.0,0.008213808760046959,-0.01527391653507948,-0.009855383075773716,0.014280646108090878,0.20714175701141357,0.18227945268154144,0.18628986179828644,0.18929992616176605,0.06259435415267944,-0.4620116055011749,0.4352317452430725,0.0,0.0,0.0,0.0,0.0,0.0,0.0
11806318584,0,-2.19308931264095e-05,-0.04795238748192787,-0.15696988999843597,6.569455581484362e-05,-0.04113857448101044,-0.7942463755607605,0.004833390936255455,0.009672215208411217,-0.022921612486243248,0.00017525177099741995,0.013627693988382816,-0.5,-0.01317946333438158,-0.02601645141839981,-0.003439920488744974,0.0,0.0,-0.0047828578390181065,-0.004492925480008125,-0.00779716856777668,0.00897197611629963,0.10669305920600891,0.2070978879928589,-0.0014760310295969248,-0.08896628767251968,0.09824371337890625,-30.108604431152344,0.11056003719568253,0.21951517462730408,-0.010712463408708572,-0.0014758588513359427,-0.10486071556806564,-0.20221765339374542,0.001055187894962728,8.30562686920166,7.089426040649414,7.284477710723877,7.431166172027588,0.004599609412252903,-0.016865234822034836,-0.009199218824505806,0.013798828236758709,0.0,0.00020177557598799467,-0.00956268422305584,-0.0006705013220198452,0.008691144175827503,0.0,0.07062240689992905,-0.017645353451371193,-9.621722221374512,-0.016175689175724983,0.01786249317228794,-5.474291801452637,0.0,0.0,0.0,0.0,0.0,0.0,0.0,0.0,0.0,0.0,0.0,0.0,0.007510068826377392,-0.014380146749317646,-0.009038340300321579,0.01340633723884821,0.20714175701141357,0.18227945268154144,0.18628986179828644,0.18929992616176605,0.06259435415267944,-0.4620116055011749,0.4352317452430725,0.0,0.0,0.0,0.0,0.0,0.0,0.0
11816225658,0,1.86436518561095e-05,-0.04803493991494179,-0.15762749314308167,6.569455581484362e-05,-0.04113857448101044,-0.7972463369369507,0.019205207005143166,0.012523854151368141,-0.02866354212164879,9.410228085471317e-05,0.013792799785733223,-0.5,-0.013208884745836258,-0.02601107954978943,-0.0035362408962100744,0.0,0.0,-0.0047828578390181065,0.0032564252614974976,-0.006573099177330732,0.005292663816362619,0.10493890196084976,0.20680958032608032,-0.001289642765186727,-0.17640283703804016,0.23267745971679688,-30.242687225341797,0.10156774520874023,0.21299618482589722,-0.0023298116866499186,-0.0014758009929209948,-0.10496851056814194,-0.2025347352027893,0.0013820718741044402,8.105559349060059,7.32905387878418,7.132649898529053,7.677943229675293,0.004599609412252903,-0.016865234822034836,-0.009199218824505806,0.013798828236758709,0.0,0.002256714506074786,-0.019954221323132515,-0.0030143449548631907,0.01862945221364498,0.0,-0.7512836456298828,0.06361518055200577,-10.378190040588379,-0.04481130093336105,0.012303212657570839,-5.442945957183838,0.0,0.0,0.0,0.0,0.0,0.0,0.0,0.0,0.0,0.0,0.0,0.0,0.005910179112106562,-0.013531007803976536,-0.007200540974736214,0.01256473083049059,0.20307515561580658,0.18720507621765137,0.1831689178943634,0.1943526268005371,0.32331299781799316,-0.06918743252754211,-0.11683119833469391,0.0,0.0,0.0,0.0,0.0,0.0,0.0
11826324005,0,3.215174365323037e-05,-0.048079244792461395,-0.15787364542484283,6.569455581484362e-05,-0.04113857448101044,-0.7982463240623474,0.005858759395778179,0.006061139050871134,-0.03082577884197235,6.708595901727676e-05,0.013881410472095013,-0.5,-0.013175608590245247,-0.02587033621966839,-0.003769848495721817,0.0,0.0,-0.0047828578390181065,0.0017512744525447488,0.0004930485156364739,-0.0049145580269396305,0.1046844944357872,0.20568576455116272,-0.001010976149700582,-0.2464621514081955,0.06766767054796219,-29.936203002929688,0.1008557379245758,0.20264261960983276,0.00964139960706234,-0.0014801834477111697,-0.10503380745649338,-0.20262327790260315,0.0013633540365844965,7.712195873260498,7.566827297210693,6.774265766143799,7.8851728439331055,0.0076660155318677425,-0.016865234822034836,-0.009199218824505806,0.015332031063735485,0.0,-0.008405264467000961,-0.014890615828335285,0.009094025939702988,0.013881276361644268,0.0,-0.7512836456298828,0.06361518055200577,-10.378190040588379,-0.018003230914473534,0.02542972005903721,-5.436816215515137,0.0,0.0,0.0,0.0,0.0,0.0,0.0,0.0,0.0,0.0,0.0,0.0,0.003862516488879919,-0.01358567364513874,-0.00485751498490572,0.01259241160005331,0.195052832365036,0.19207917153835297,0.17578080296516418,0.1985849291086197,0.20774821937084198,0.25501006841659546,-0.5233529806137085,0.0,0.0,0.0,0.0,0.0,0.0,0.0
11836493044,0,3.215174365323037e-05,-0.048079244792461395,-0.15787364542484283,6.569455581484362e-05,-0.04113857448101044,-0.7982463240623474,0.005858759395778179,0.006061139050871134,-0.03082577884197235,6.708595901727676e-05,0.013881410472095013,-0.5,-0.013175608590245247,-0.02587033621966839,-0.003769848495721817,0.0,0.0,-0.0047828578390181065,-0.003690314246341586,-0.0010634168284013867,-0.006164517719298601,0.1046844944357872,0.20568576455116272,-0.001010976149700582,-0.09901776909828186,0.13986346125602722,-29.902488708496094,0.1008557379245758,0.20264261960983276,0.00964139960706234,-0.0014801834477111697,-0.10512445122003555,-0.20273609459400177,0.0010667546885088086,7.655584812164307,7.64417028427124,6.681950092315674,7.922893047332764,0.009199218824505806,-0.016865234822034836,-0.0076660155318677425,0.013798828236758709,0.0,0.0016761935548856854,-0.011259297840297222,-0.002402001526206732,0.010457026772201061,0.0,-0.8200709819793701,-0.6667844653129578,-10.015544891357422,-0.018003230914473534,0.02542972005903721,-5.436816215515137,0.0,0.0,0.0,0.0,0.0,0.0,0.0,0.0,0.0,0.0,0.0,0.0,0.0015486441552639008,-0.01391942985355854,-0.0022196611389517784,0.012904929928481579,0.19769345223903656,0.19099977612495422,0.17721854150295258,0.19689752161502838,-0.2105807662010193,0.007472900673747063,-0.10364194214344025,0.0,0.0,0.0,0.0,0.0,0.0,0.0
11846212089,0,0.00011292044655419886,-0.04811851680278778,-0.15838666260242462,6.569455581484362e-05,-0.04113857448101044,-0.8002462983131409,0.012414218857884407,-0.0023175394162535667,-0.028013451024889946,-9.44522544159554e-05,0.013959954492747784,-0.5,-0.013803092762827873,-0.02595815435051918,-0.003678245237097144,0.0,0.0,-0.0047828578390181065,-0.003690314246341586,-0.0010634168284013867,-0.006164517719298601,0.10966789722442627,0.2063869833946228,-0.001110417302697897,-0.05130331590771675,0.30342814326286316,-29.99978256225586,0.11546402424573898,0.2073756754398346,0.006297954358160496,-0.0014709597453474998,-0.10512445122003555,-0.20273609459400177,0.0010667546885088086,7.841481685638428,7.514104843139648,6.843883991241455,7.802493572235107,0.0076660155318677425,-0.018398437649011612,-0.0076660155318677425,0.012265625409781933,0.0,0.011164032854139805,-0.016904400661587715,-0.013258715160191059,0.01586965285241604,0.0,-0.5035044550895691,-0.4679032564163208,-9.687528610229492,-0.03175629675388336,0.04300140589475632,-5.472689628601074,0.0,0.0,0.0,0.0,0.0,0.0,0.0,0.0,0.0,0.0,0.0,0.0,0.0004068051930516958,-0.014020646922290325,-0.0009264866821467876,0.013014586642384529,0.19769345223903656,0.19099977612495422,0.17721854150295258,0.19689752161502838,-0.2105807662010193,0.007472900673747063,-0.10364194214344025,0.0,0.0,0.0,0.0,0.0,0.0,0.0
11861835019,0,0.00015188028919510543,-0.048175349831581116,-0.15862664580345154,6.569455581484362e-05,-0.04113857448101044,-0.8012462854385376,0.01865994557738304,0.006973187439143658,-0.028238192200660706,-0.0001723723253235221,0.014073621481657028,-0.5,-0.013002544641494751,-0.026173746213316917,-0.003531481372192502,0.0,0.0,-0.0047828578390181065,-0.003690314246341586,-0.0010634168284013867,-0.006164517719298601,0.10966789722442627,0.2063869833946228,-0.001110417302697897,-0.1746596395969391,0.23650772869586945,-30.09979248046875,0.10422814637422562,0.21236282587051392,-0.004697983153164387,-0.0014588083140552044,-0.10512445122003555,-0.20273609459400177,0.0010667546885088086,7.841481685638428,7.514104843139648,6.843883991241455,7.802493572235107,0.004599609412252903,-0.016865234822034836,-0.0076660155318677425,0.009199218824505806,0.0,0.0025863696355372667,-0.019558502361178398,-0.0034267534501850605,0.018428992480039597,0.0,0.42158594727516174,0.3488609790802002,-9.624242782592773,-0.04454929009079933,0.02385495975613594,-5.477652549743652,0.0,0.0,0.0,0.0,0.0,0.0,0.0,0.0,0.0,0.0,0.0,0.0,0.0009968419326469302,-0.01446457952260971,-0.0016117136692628264,0.013463727198541164,0.19769345223903656,0.19099977612495422,0.17721854150295258,0.19689752161502838,-0.2105807662010193,0.007472900673747063,-0.10364194214344025,0.0,0.0,0.0,0.0,0.0,0.0,0.0
11866779548,0,0.00020480391685850918,-0.048247646540403366,-0.15883857011795044,6.569455581484362e-05,-0.04113857448101044,-0.8022462725639343,0.008122097700834274,-0.0023810823913663626,-0.0276092067360878,-0.0002782201045192778,0.014218214899301529,-0.5,-0.013521555811166763,-0.02608867920935154,-0.003431174671277404,0.0,0.0,-0.0047828578390181065,-0.003690314246341586,-0.0010634168284013867,-0.006164517719298601,0.10966789722442627,0.2063869833946228,-0.001110417302697897,-0.1746596395969391,0.23650772869586945,-30.09979248046875,0.10422814637422562,0.21236282587051392,-0.004697983153164387,-0.0014588083140552044,-0.10541218519210815,-0.20301762223243713,0.0012566829100251198,7.841481685638428,7.514104843139648,6.843883991241455,7.802493572235107,0.003066406352445483,-0.015332031063735485,-0.006132812704890966,0.0076660155318677425,0.0,0.0025863696355372667,-0.019558502361178398,-0.0034267534501850605,0.018428992480039597,0.0,0.42158594727516174,0.3488609790802002,-9.624242782592773,-0.02372751757502556,0.043460242450237274,-5.490525722503662,0.0,0.0,0.0,0.0,0.0,0.0,0.0,0.0,0.0,0.0,0.0,0.0,0.001976043451577425,-0.015500440262258053,-0.0027372068725526333,0.014482778497040272,0.20645910501480103,0.1854199320077896,0.18642979860305786,0.191036656498909,-0.2105807662010193,0.007472900673747063,-0.10364194214344025,0.0,0.0,0.0,0.0,0.0,0.0,0.0
11876070500,0,0.0002577501581981778,-0.04830311983823776,-0.1590329259634018,6.569455581484362e-05,-0.04113857448101044,-0.803246259689331,-0.00020224275067448616,-0.011375869624316692,-0.0256740041077137,-0.0003841131110675633,0.014329162426292896,-0.5,-0.014411958865821362,-0.025709275156259537,-0.0033436459489166737,0.0,0.0,-0.0047828578390181065,-0.006973759736865759,0.001306301448494196,0.008154567331075668,0.10673719644546509,0.2058870941400528,-0.001440130639821291,-0.1746596395969391,0.23650772869586945,-30.09979248046875,0.10422814637422562,0.21236282587051392,-0.004697983153164387,-0.0014588083140552044,-0.10541218519210815,-0.20301762223243713,0.0012566829100251198,8.27200984954834,7.2421369552612305,7.291296005249023,7.515915393829346,0.003066406352445483,-0.015332031063735485,-0.004599609412252903,0.009199218824505806,0.0,0.0024517569690942764,-0.020293094217777252,-0.0032164801377803087,0.019131768494844437,0.0,-0.9204941391944885,-0.5050029754638672,-9.77606201171875,-0.007106628268957138,0.06265778094530106,-5.512553691864014,0.0,0.0,0.0,0.0,0.0,0.0,0.0,0.0,0.0,0.0,0.0,0.0,0.002564038382843137,-0.016792600974440575,-0.0034082781057804823,0.015744565054774284,0.20645910501480103,0.1854199320077896,0.18642979860305786,0.191036656498909,-0.13399483263492584,0.18152129650115967,0.23157855868339539,0.0,0.0,0.0,0.0,0.0,0.0,0.0
11886297468,0,0.0002577501581981778,-0.04830311983823776,-0.1590329259634018,6.569455581484362e-05,-0.04113857448101044,-0.803246259689331,-0.00020224275067448616,-0.011375869624316692,-0.0256740041077137,-0.0003841131110675633,0.014329162426292896,-0.5,-0.014411958865821362,-0.025709275156259537,-0.0033436459489166737,0.0,0.0,-0.0047828578390181065,-0.01100146397948265,0.001166708767414093,-0.0024800642859190702,0.10673719644546509,0.2058870941400528,-0.001440130639821291,-0.03908645361661911,0.3446177840232849,-30.319046020507812,0.11505090445280075,0.2027655839920044,-0.008064325898885727,-0.0014474825002253056,-0.10541218519210815,-0.20301762223243713,0.0012566829100251198,8.27200984954834,7.2421369552612305,7.291296005249023,7.515915393829346,0.006132812704890966,-0.016865234822034836,-0.0015332031762227416,0.010732421651482582,0.0,0.012868847697973251,-0.018950413912534714,-0.015031498856842518,0.017841298133134842,0.0,-0.24713031947612762,0.014811019413173199,-9.608925819396973,-0.007106628268957138,0.06265778094530106,-5.512553691864014,0.0,0.0,0.0,0.0,0.0,0.0,0.0,0.0,0.0,0.0,0.0,0.0,0.0033192718401551247,-0.017978210002183914,-0.004257675725966692,0.016898205503821373,0.20645910501480103,0.1854199320077896,0.18642979860305786,0.191036656498909,0.07476314157247543,-0.044014204293489456,-0.32674524188041687,0.0,0.0,0.0,0.0,0.0,0.0,0.0
11896572072,0,0.0004471449356060475,-0.04848838225007057,-0.15962155163288116,6.569455581484362e-05,-0.04113857448101044,-0.8062462210655212,0.012521195225417614,0.00028626545099541545,-0.023220468312501907,-0.0007629045867361128,0.014699689112603664,-0.5,-0.013632391579449177,-0.026046868413686752,-0.0036455015651881695,0.0,0.0,-0.0047828578390181065,-0.01100146397948265,0.001166708767414093,-0.0024800642859190702,0.10830946266651154,0.20709259808063507,-0.0011516385711729527,-0.259675532579422,0.158465176820755,-30.515399932861328,0.12531721591949463,0.20450793206691742,0.00564146600663662,-0.001453107688575983,-0.10598228871822357,-0.2030499428510666,0.0013586819404736161,7.997057914733887,7.646705627441406,6.978858470916748,7.894488334655762,0.006132812704890966,-0.016865234822034836,-0.0015332031762227416,0.012265625409781933,0.0,-0.004672079347074032,-0.019540969282388687,0.004901077598333359,0.018527356907725334,0.0,-0.7876549959182739,-0.00045491286437027156,-10.084365844726562,-0.033759452402591705,0.03935622051358223,-5.546605587005615,0.0,0.0,0.0,0.0,0.0,0.0,0.0,0.0,0.0,0.0,0.0,0.0,0.004163107834756374,-0.018829889595508575,-0.005198909901082516,0.01773078739643097,0.20086592435836792,0.1937139481306076,0.18000224232673645,0.19877487421035767,0.07476314157247543,-0.044014204293489456,-0.32674524188041687,0.0,0.0,0.0,0.0,0.0,0.0,0.0
11906423332,0,0.0005081833223812282,-0.04848633334040642,-0.15982402861118317,6.569455581484362e-05,-0.04113857448101044,-0.807246208190918,0.0053291781805455685,-0.01085162814706564,-0.02706117369234562,-0.0008849819423630834,0.014695591293275356,-0.5,-0.01387808471918106,-0.025878528133034706,-0.003405198222026229,0.0,0.0,-0.0047828578390181065,0.004114438779652119,-0.001039549126289785,-0.0019338401034474373,0.11025300621986389,0.2057601660490036,-0.0014375353930518031,-0.18567699193954468,0.2164592146873474,-30.506330490112305,0.09747183322906494,0.20721730589866638,0.0020304773934185505,-0.0014528129249811172,-0.10598228871822357,-0.2030499428510666,0.0013586819404736161,8.046320915222168,7.507110595703125,7.10549259185791,7.84868860244751,0.003066406352445483,-0.015332031063735485,-0.0015332031762227416,0.012265625409781933,0.0,0.0011563088046386838,-0.019150447100400925,-0.001753895659931004,0.017914460971951485,0.0,-0.7876549959182739,-0.00045491286437027156,-10.084365844726562,-0.019350776448845863,0.061837583780288696,-5.522686004638672,0.0,0.0,0.0,0.0,0.0,0.0,0.0,0.0,0.0,0.0,0.0,0.0,0.004025853238999844,-0.019334711134433746,-0.005024629645049572,0.01822732761502266,0.20086592435836792,0.1937139481306076,0.18000224232673645,0.19877487421035767,0.6528780460357666,-0.09785127639770508,-0.1331004500389099,0.0,0.0,0.0,0.0,0.0,0.0,0.0
11916432429,0,0.0006051096715964377,-0.04855018109083176,-0.1602371782064438,6.569455581484362e-05,-0.04113857448101044,-0.8092461824417114,0.012540715746581554,0.004026247188448906,-0.026003118604421616,-0.001078835572116077,0.014823287725448608,-0.5,-0.012905491515994072,-0.025988014414906502,-0.003356370609253645,0.0,0.0,-0.0047828578390181065,0.005814587231725454,-0.0007424945943057537,-0.0011833199532702565,0.11025300621986389,0.2057601660490036,-0.0014375353930518031,-0.18567699193954468,0.2164592146873474,-30.506330490112305,0.09747183322906494,0.20721730589866638,0.0020304773934185505,-0.0014528129249811172,-0.10602844506502151,-0.20313119888305664,0.0012947232462465763,8.05185604095459,7.484853267669678,7.121551990509033,7.849392890930176,0.0015332031762227416,-0.013798828236758709,-0.003066406352445483,0.012265625409781933,0.0,0.0011555134551599622,-0.019207404926419258,-0.0017499439418315887,0.01791284792125225,0.0,-0.27329304814338684,0.23138394951820374,-10.024452209472656,-0.03425482660531998,0.03143228217959404,-5.546256065368652,0.0,0.0,0.0,0.0,0.0,0.0,0.0,0.0,0.0,0.0,0.0,0.0,0.003159930231049657,-0.019569627940654755,-0.004028188530355692,0.018441999331116676,0.20186935365200043,0.19085648655891418,0.18261024355888367,0.19784052670001984,0.6966585516929626,-0.07146503031253815,-0.0768325924873352,0.0,0.0,0.0,0.0,0.0,0.0,0.0
11926478531,0,0.0006051096715964377,-0.04855018109083176,-0.1602371782064438,6.569455581484362e-05,-0.04113857448101044,-0.8092461824417114,0.012540715746581554,0.004026247188448906,-0.026003118604421616,-0.001078835572116077,0.014823287725448608,-0.5,-0.012905491515994072,-0.025988014414906502,-0.003356370609253645,0.0,0.0,-0.0047828578390181065,0.014653007499873638,0.002164622535929084,0.005646108649671078,0.11042781919240952,0.20376868546009064,-0.0016199937090277672,-0.12192180752754211,0.26526373624801636,-30.284284591674805,0.08608204126358032,0.2025156170129776,-0.005709751509130001,-0.0014514734502881765,-0.10564068704843521,-0.203314408659935,0.0013972356682643294,8.160435676574707,7.247196674346924,7.267359256744385,7.610929489135742,0.0015332031762227416,-0.015332031063735485,-0.004599609412252903,0.012265625409781933,0.0,0.006017033476382494,-0.019107647240161896,-0.0071906703524291515,0.017779724672436714,0.0,-0.26178956031799316,0.6582026481628418,-9.849773406982422,-0.03425482660531998,0.03143228217959404,-5.546256065368652,0.0,0.0,0.0,0.0,0.0,0.0,0.0,0.0,0.0,0.0,0.0,0.0,0.002588496543467045,-0.019611094146966934,-0.0033689008560031652,0.018443869426846504,0.2041914314031601,0.1855238825082779,0.18593819439411163,0.19298198819160461,0.17850147187709808,0.19490043818950653,0.17938588559627533,0.0,0.0,0.0,0.0,0.0,0.0,0.0
11936288603,0,0.0006051096715964377,-0.04855018109083176,-0.1602371782064438,6.569455581484362e-05,-0.04113857448101044,-0.8112461566925049,0.012540715746581554,0.004026247188448906,-0.026003118604421616,-0.001199869206175208,0.015002601779997349,-0.5,-0.012905491515994072,-0.025988014414906502,-0.003356370609253645,0.0,0.0,-0.0047828578390181065,0.006374893244355917,0.002663146471604705,0.0033268507104367018,0.10724731534719467,0.20541144907474518,-0.0013067753752693534,-0.18840155005455017,0.17287755012512207,-30.50440788269043,0.10421749949455261,0.20141080021858215,-0.0019461470656096935,-0.0014535500667989254,-0.10560418665409088,-0.20332679152488708,0.0014454429037868977,8.147887229919434,7.425562858581543,7.201784133911133,7.730970859527588,0.0015332031762227416,-0.015332031063735485,-0.004599609412252903,0.013798828236758709,0.0,-0.0008675275021232665,-0.01741524040699005,0.0005427281721495092,0.01631840504705906,0.0,-0.26178956031799316,0.6582026481628418,-9.849773406982422,-0.02338121086359024,0.07153299450874329,-5.537891864776611,0.0,0.0,0.0,0.0,0.0,0.0,0.0,0.0,0.0,0.0,0.0,0.0,0.0023982489947229624,-0.019465114921331406,-0.0031421289313584566,0.01826096512377262,0.20393618941307068,0.18918508291244507,0.1845906525850296,0.19543668627738953,-0.26653262972831726,0.1460755616426468,-0.01120422687381506,0.0,0.0,0.0,0.0,0.0,0.0,0.0
11946049228,0,0.0006656261393800378,-0.04863983765244484,-0.16065214574337006,6.569455581484362e-05,-0.04113857448101044,-0.8112461566925049,0.007045545615255833,-0.015121492557227612,-0.02825058437883854,-0.001199869206175208,0.015002601779997349,-0.5,-0.014404484070837498,-0.025781895965337753,-0.003509742673486471,0.0,0.0,-0.0047828578390181065,-0.006404944695532322,-0.0028564364183694124,-0.010951096192002296,0.10724731534719467,0.20541144907474518,-0.0013067753752693534,-0.18840155005455017,0.17287755012512207,-30.50440788269043,0.10421749949455261,0.20141080021858215,-0.0019461470656096935,-0.0014535500667989254,-0.10560418665409088,-0.20332679152488708,0.0014454429037868977,8.147887229919434,7.425562858581543,7.201784133911133,7.730970859527588,0.003066406352445483,-0.016865234822034836,-0.004599609412252903,0.015332031063735485,0.0,-0.0008675275021232665,-0.01741524040699005,0.0005427281721495092,0.01631840504705906,0.0,-0.13298548758029938,0.023701071739196777,-9.363056182861328,-0.02338121086359024,0.07153299450874329,-5.537891864776611,0.0,0.0,0.0,0.0,0.0,0.0,0.0,0.0,0.0,0.0,0.0,0.0,0.0020196556579321623,-0.019093135371804237,-0.002707399195060134,0.017879968509078026,0.20393618941307068,0.18918508291244507,0.1845906525850296,0.19543668627738953,-0.24516069889068604,-0.18720360100269318,-0.46216967701911926,0.0,0.0,0.0,0.0,0.0,0.0,0.0
11956406592,0,0.0006656261393800378,-0.04863983765244484,-0.16065214574337006,6.569455581484362e-05,-0.04113857448101044,-0.8112461566925049,0.007045545615255833,-0.015121492557227612,-0.02825058437883854,-0.001199869206175208,0.015002601779997349,-0.5,-0.014404484070837498,-0.025781895965337753,-0.003509742673486471,0.0,0.0,-0.0047828578390181065,-0.006404944695532322,-0.0028564364183694124,-0.010951096192002296,0.11088305711746216,0.20533299446105957,-0.0009971718536689878,-0.09255319088697433,0.2281818687915802,-30.412151336669922,0.1197396069765091,0.2100614607334137,0.013541686348617077,-0.0014545459998771548,-0.10597608983516693,-0.20345406234264374,0.0012260967632755637,7.775006294250488,7.799777507781982,6.754064559936523,8.084907531738281,0.004599609412252903,-0.016865234822034836,-0.004599609412252903,0.015332031063735485,0.0,0.00596414040774107,-0.014741722494363785,-0.007333872374147177,0.013830641284584999,0.0,-0.13298548758029938,0.023701071739196777,-9.363056182861328,-0.02338121086359024,0.07153299450874329,-5.537891864776611,0.0,0.0,0.0,0.0,0.0,0.0,0.0,0.0,0.0,0.0,0.0,0.0,0.0016158523503690958,-0.018477238714694977,-0.0022572188172489405,0.017289672046899796,0.19633615016937256,0.1968419849872589,0.17536363005638123,0.2026548534631729,-0.24516069889068604,-0.18720360100269318,-0.46216967701911926,0.0,0.0,0.0,0.0,0.0,0.0,0.0
11966186409,0,0.0006587884272448719,-0.048739008605480194,-0.1609838604927063,6.569455581484362e-05,-0.04113857448101044,-0.8142461180686951,0.009089705534279346,0.002550461096689105,-0.020817000418901443,-0.001203439082019031,0.015363420359790325,-0.5,-0.013274520635604858,-0.02604992873966694,-0.003879608353599906,0.0,0.0,-0.0047828578390181065,-0.006404944695532322,-0.0028564364183694124,-0.010951096192002296,0.11088305711746216,0.20533299446105957,-0.0009971718536689878,-0.09255319088697433,0.2281818687915802,-30.412151336669922,0.1197396069765091,0.2100614607334137,0.013541686348617077,-0.0014545459998771548,-0.10597608983516693,-0.20345406234264374,0.0012260967632755637,7.775006294250488,7.799777507781982,6.754064559936523,8.084907531738281,0.003066406352445483,-0.019931640475988388,-0.004599609412252903,0.015332031063735485,0.0,0.00596414040774107,-0.014741722494363785,-0.007333872374147177,0.013830641284584999,0.0,-0.13298548758029938,0.023701071739196777,-9.363056182861328,-0.03355799615383148,0.053236398845911026,-5.659918308258057,0.0,0.0,0.0,0.0,0.0,0.0,0.0,0.0,0.0,0.0,0.0,0.0,0.0019044773653149605,-0.017608363181352615,-0.0026092336047440767,0.01647583581507206,0.19633615016937256,0.1968419849872589,0.17536363005638123,0.2026548534631729,-0.24516069889068604,-0.18720360100269318,-0.46216967701911926,0.0,0.0,0.0,0.0,0.0,0.0,0.0
11976345326,0,0.0006747647421434522,-0.0488772988319397,-0.16129948198795319,6.569455581484362e-05,-0.04113857448101044,-0.8152461051940918,0.00759286992251873,-0.009047052823007107,-0.02581941895186901,-0.0012181464117020369,0.015477526001632214,-0.5,-0.013587678782641888,-0.02595468796789646,-0.0035519711673259735,0.0,0.0,-0.0047828578390181065,0.008895812556147575,-0.00668004434555769,-0.0033713302109390497,0.10795050859451294,0.20636171102523804,-0.001265315106138587,-0.09255319088697433,0.2281818687915802,-30.412151336669922,0.1197396069765091,0.2100614607334137,0.013541686348617077,-0.0014545459998771548,-0.10597608983516693,-0.20345406234264374,0.0012260967632755637,7.775006294250488,7.799777507781982,6.754064559936523,8.084907531738281,0.0015332031762227416,-0.021464843302965164,-0.004599609412252903,0.015332031063735485,0.0,0.00596414040774107,-0.014741722494363785,-0.007333872374147177,0.013830641284584999,0.0,-0.6465150713920593,0.5385362505912781,-10.314924240112305,-0.024841967970132828,0.059715982526540756,-5.579915523529053,0.0,0.0,0.0,0.0,0.0,0.0,0.0,0.0,0.0,0.0,0.0,0.0,0.002795544918626547,-0.016652066260576248,-0.003654183354228735,0.015587469562888145,0.19633615016937256,0.1968419849872589,0.17536363005638123,0.2026548534631729,0.4472630023956299,-0.11964982748031616,0.20938517153263092,0.0,0.0,0.0,0.0,0.0,0.0,0.0
11986337760,0,0.0006770417094230652,-0.04892962798476219,-0.16147175431251526,6.569455581484362e-05,-0.04113857448101044,-0.8162460923194885,0.0048271105624735355,-0.005819055251777172,-0.03551020473241806,-0.0012227004626765847,0.015582185238599777,-0.5,-0.013477307744324207,-0.025861062109470367,-0.0036543975584208965,0.0,0.0,-0.0047828578390181065,0.010771367698907852,-0.002293039346113801,-0.0005705790827050805,0.10795050859451294,0.20636171102523804,-0.001265315106138587,-0.1366308182477951,0.3284378945827484,-30.68953514099121,0.09383421391248703,0.2063397914171219,-0.0014071875484660268,-0.0014152302173897624,-0.10593047738075256,-0.20388759672641754,0.0008521601557731628,8.172775268554688,7.461175441741943,7.2424635887146,7.815211772918701,0.0015332031762227416,-0.021464843302965164,-0.003066406352445483,0.015332031063735485,0.0,0.008109420537948608,-0.022245636209845543,-0.009575938805937767,0.020843980833888054,0.0,-0.6465150713920593,0.5385362505912781,-10.314924240112305,-0.018730033189058304,0.05314946919679642,-5.513370990753174,0.0,0.0,0.0,0.0,0.0,0.0,0.0,0.0,0.0,0.0,0.0,0.0,0.003917440306395292,-0.0161754060536623,-0.004950535483658314,0.015149915590882301,0.20444245636463165,0.18991504609584808,0.18542659282684326,0.19715720415115356,0.24722006916999817,0.1568271368741989,0.23916813731193542,0.0,0.0,0.0,0.0,0.0,0.0,0.0
11996283797,0,0.0006770417094230652,-0.04892962798476219,-0.16147175431251526,6.569455581484362e-05,-0.04113857448101044,-0.8162460923194885,0.0048271105624735355,-0.005819055251777172,-0.03551020473241806,-0.0012227004626765847,0.015582185238599777,-0.5,-0.013477307744324207,-0.025861062109470367,-0.0036543975584208965,0.0,0.0,-0.0047828578390181065,-0.007425195071846247,0.0009616514435037971,-0.009430021047592163,0.10707777738571167,0.20561502873897552,-0.0011448943987488747,-0.1366308182477951,0.3284378945827484,-30.68953514099121,0.09383421391248703,0.2063397914171219,-0.0014071875484660268,-0.0014152302173897624,-0.10593047738075256,-0.20388759672641754,0.0008521601557731628,7.869673728942871,7.777517795562744,6.861185073852539,8.040019989013672,0.0015332031762227416,-0.021464843302965164,-0.0015332031762227416,0.016865234822034836,0.0,0.008421765640377998,-0.02134067378938198,-0.010108094662427902,0.02026107721030712,0.0,-0.43298718333244324,0.49830618500709534,-9.768889427185059,-0.018730033189058304,0.05314946919679642,-5.513370990753174,0.0,0.0,0.0,0.0,0.0,0.0,0.0,0.0,0.0,0.0,0.0,0.0,0.005158180370926857,-0.01667318493127823,-0.006362728774547577,0.01563500240445137,0.20444245636463165,0.18991504609584808,0.18542659282684326,0.19715720415115356,-0.5200711488723755,0.1420198380947113,-0.28336599469184875,0.0,0.0,0.0,0.0,0.0,0.0,0.0
12006091989,0,0.0007304461323656142,-0.04906905069947243,-0.16185437142848969,6.569455581484362e-05,-0.04113857448101044,-0.818246066570282,0.006902366876602173,-0.0028316122479736805,-0.02547271177172661,-0.00132950977422297,0.015861032530665398,-0.5,-0.01368502713739872,-0.025928156450390816,-0.004108030814677477,0.0,0.0,-0.0047828578390181065,-0.007425195071846247,0.0009616514435037971,-0.009430021047592163,0.10874730348587036,0.20613890886306763,-0.0005968161858618259,-0.07184720039367676,0.22937385737895966,-30.54578971862793,0.12137321382761002,0.20375706255435944,0.010842992924153805,-0.0013844284694641829,-0.10602807998657227,-0.20402099192142487,0.0006729843444190919,7.869673728942871,7.777517795562744,6.861185073852539,8.040019989013672,0.0015332031762227416,-0.019931640475988388,-0.0015332031762227416,0.016865234822034836,0.0,0.006885888520628214,-0.013886949978768826,-0.008336687460541725,0.013059156946837902,0.0,-0.43298718333244324,0.49830618500709534,-9.768889427185059,-0.02370496094226837,0.04821750149130821,-5.609711170196533,0.0,0.0,0.0,0.0,0.0,0.0,0.0,0.0,0.0,0.0,0.0,0.0,0.00628534983843565,-0.01747717149555683,-0.007642116863280535,0.016421863809227943,0.1982688307762146,0.19638748466968536,0.17757552862167358,0.20174095034599304,-0.5200711488723755,0.1420198380947113,-0.28336599469184875,0.0,0.0,0.0,0.0,0.0,0.0,0.0
12016015322,0,0.0007304461323656142,-0.04906905069947243,-0.16185437142848969,6.569455581484362e-05,-0.04113857448101044,-0.8192460536956787,0.006902366876602173,-0.0028316122479736805,-0.02547271177172661,-0.001385374111123383,0.015982111915946007,-0.5,-0.01368502713739872,-0.025928156450390816,-0.004108030814677477,0.0,0.0,-0.0047828578390181065,-0.012061160057783127,0.002241002395749092,-0.0067425938323140144,0.1086016520857811,0.20609383285045624,-0.0006593954167328775,-0.13037729263305664,0.2651962637901306,-30.853410720825195,0.12824112176895142,0.2019515484571457,0.006121838465332985,-0.0013616920914500952,-0.10625569522380829,-0.2040531188249588,0.0005172485252842307,8.072813987731934,7.749514102935791,7.047888278961182,7.986006259918213,0.0015332031762227416,-0.018398437649011612,-0.003066406352445483,0.015332031063735485,0.0,0.005721160676330328,-0.018239116296172142,-0.006973179988563061,0.017328213900327682,0.0,0.01478245947510004,-0.14055970311164856,-9.544957160949707,-0.03274194151163101,0.06466123461723328,-5.582775115966797,0.0,0.0,0.0,0.0,0.0,0.0,0.0,0.0,0.0,0.0,0.0,0.0,0.006967642810195684,-0.01775471493601799,-0.008418318815529346,0.016717517748475075,0.20240873098373413,0.19581544399261475,0.18142442405223846,0.20064067840576172,-0.4220448434352875,0.10991188883781433,-0.033040620386600494,0.0,0.0,0.0,0.0,0.0,0.0,0.0
12026357951,0,0.000758378126192838,-0.04912959039211273,-0.16207872331142426,6.569455581484362e-05,-0.04113857448101044,-0.8192460536956787,0.011480842716991901,-0.010800269432365894,-0.029441045597195625,-0.001385374111123383,0.015982111915946007,-0.5,-0.014090178534388542,-0.025820929557085037,-0.003903963603079319,0.0,0.0,-0.0047828578390181065,-0.012061160057783127,0.002241002395749092,-0.0067425938323140144,0.1086016520857811,0.20609383285045624,-0.0006593954167328775,-0.13037729263305664,0.2651962637901306,-30.853410720825195,0.12824112176895142,0.2019515484571457,0.006121838465332985,-0.0013616920914500952,-0.10625569522380829,-0.2040531188249588,0.0005172485252842307,8.072813987731934,7.749514102935791,7.047888278961182,7.986006259918213,0.0015332031762227416,-0.016865234822034836,-0.004599609412252903,0.013798828236758709,0.0,0.005721160676330328,-0.018239116296172142,-0.006973179988563061,0.017328213900327682,0.0,-0.06297826021909714,0.25708168745040894,-9.946977615356445,-0.03274194151163101,0.06466123461723328,-5.582775115966797,0.0,0.0,0.0,0.0,0.0,0.0,0.0,0.0,0.0,0.0,0.0,0.0,0.007126923650503159,-0.017779825255274773,-0.008596298284828663,0.016778675839304924,0.20240873098373413,0.19581544399261475,0.18142442405223846,0.20064067840576172,-0.4220448434352875,0.10991188883781433,-0.033040620386600494,0.0,0.0,0.0,0.0,0.0,0.0,0.0
12036256137,0,0.0008676752913743258,-0.049127135425806046,-0.16247132420539856,6.569455581484362e-05,-0.04113857448101044,-0.8212460279464722,0.0032048732973635197,0.0021269889548420906,-0.03326046094298363,-0.001603969489224255,0.015977201983332634,-0.5,-0.01321279164403677,-0.025968944653868675,-0.003730553900822997,0.0,0.0,-0.0047828578390181065,0.010076671838760376,-0.0016793207032606006,0.00904935598373413,0.10576047748327255,0.20702537894248962,-0.0013994905166327953,-0.09076274186372757,0.20892125368118286,-30.657752990722656,0.08846012502908707,0.21001064777374268,-0.012340990826487541,-0.0013172687031328678,-0.10625569522380829,-0.2040531188249588,0.0005172485252842307,8.436990737915039,7.1651082038879395,7.508952617645264,7.5494465827941895,0.003066406352445483,-0.018398437649011612,-0.006132812704890966,0.012265625409781933,0.0,0.004781760275363922,-0.014987925067543983,-0.005754117853939533,0.013845497742295265,0.0,-0.39552411437034607,0.32600072026252747,-9.887036323547363,-0.016502317041158676,0.03798568248748779,-5.574136734008789,0.0,0.0,0.0,0.0,0.0,0.0,0.0,0.0,0.0,0.0,0.0,0.0,0.006902522407472134,-0.017726944759488106,-0.008328082971274853,0.016749495640397072,0.20240873098373413,0.19581544399261475,0.18142442405223846,0.20064067840576172,0.7223681211471558,-0.130595862865448,0.5821624994277954,0.0,0.0,0.0,0.0,0.0,0.0,0.0
12046221687,0,0.0008676752913743258,-0.049127135425806046,-0.16247132420539856,6.569455581484362e-05,-0.04113857448101044,-0.8212460279464722,0.0032048732973635197,0.0021269889548420906,-0.03326046094298363,-0.001603969489224255,0.015977201983332634,-0.5,-0.01321279164403677,-0.025968944653868675,-0.003730553900822997,0.0,0.0,-0.0047828578390181065,0.012616712599992752,-0.0018247144762426615,0.007972752675414085,0.10576047748327255,0.20702537894248962,-0.0013994905166327953,-0.09076274186372757,0.20892125368118286,-30.657752990722656,0.08846012502908707,0.21001064777374268,-0.012340990826487541,-0.0013172687031328678,-0.10642079263925552,-0.20415276288986206,0.0005469523021019995,8.436990737915039,7.1651082038879395,7.508952617645264,7.5494465827941895,0.004599609412252903,-0.018398437649011612,-0.006132812704890966,0.012265625409781933,0.0,0.004781760275363922,-0.014987925067543983,-0.005754117853939533,0.013845497742295265,0.0,-0.5127580761909485,0.2633669674396515,-9.649724006652832,-0.016502317041158676,0.03798568248748779,-5.574136734008789,0.0,0.0,0.0,0.0,0.0,0.0,0.0,0.0,0.0,0.0,0.0,0.0,0.006444157101213932,-0.017345497384667397,-0.007777442689985037,0.01635994203388691,0.20980705320835114,0.1838366985321045,0.1908940225839615,0.1917235404253006,0.17958559095859528,0.08658039569854736,0.06849431991577148,0.0,0.0,0.0,0.0,0.0,0.0,0.0
12056343577,0,0.0010187741136178374,-0.049068644642829895,-0.16276611387729645,6.569455581484362e-05,-0.04113857448101044,-0.8232460021972656,0.013544974848628044,-0.0008856540080159903,-0.01967845857143402,-0.0019061686471104622,0.015860220417380333,-0.5,-0.013182182796299458,-0.026087511330842972,-0.0034841778688132763,0.0,0.0,-0.0047828578390181065,0.012616712599992752,-0.0018247144762426615,0.007972752675414085,0.10430120676755905,0.20640809834003448,-0.001109526609070599,-0.2126145213842392,0.24238307774066925,-31.280704498291016,0.08988863229751587,0.20736701786518097,-0.006200297269970179,-0.0012963548069819808,-0.10612600296735764,-0.2043992578983307,0.0008954971563071012,8.43662166595459,7.4809746742248535,7.513791084289551,7.8515520095825195,0.0076660155318677425,-0.019931640475988388,-0.006132812704890966,0.015332031063735485,0.0,0.0010804913472384214,-0.02169339917600155,-0.0015882601728662848,0.020310359075665474,0.0,-0.1812218427658081,0.12386445701122284,-9.650226593017578,-0.038657184690237045,0.04406965151429176,-5.687400817871094,0.0,0.0,0.0,0.0,0.0,0.0,0.0,0.0,0.0,0.0,0.0,0.0,0.005741224158555269,-0.0170321986079216,-0.006941094994544983,0.016002606600522995,0.20979972183704376,0.1903209090232849,0.19099311530590057,0.1978989541530609,0.17958559095859528,0.08658039569854736,0.06849431991577148,0.0,0.0,0.0,0.0,0.0,0.0,0.0
12066349127,0,0.0010708788176998496,-0.04902733117341995,-0.16287145018577576,6.569455581484362e-05,-0.04113857448101044,-0.8242459893226624,0.01002411637455225,-0.0020126700401306152,-0.021932005882263184,-0.002010378520935774,0.0157775916159153,-0.5,-0.01321872603148222,-0.025839809328317642,-0.0034874158445745707,0.0,0.0,-0.0047828578390181065,0.003181103616952896,0.00390826677903533,0.0032325121574103832,0.10490521043539047,0.20566773414611816,-0.001154415076598525,-0.1732572764158249,0.2539982795715332,-31.204801559448242,0.10564614087343216,0.19878537952899933,5.105778109282255e-05,-0.0012936459388583899,-0.10603038221597672,-0.20444123446941376,0.0010103360982611775,8.271775245666504,7.6561503410339355,7.328160762786865,7.950652122497559,0.010732421651482582,-0.019931640475988388,-0.0076660155318677425,0.015332031063735485,0.0,0.003281054785475135,-0.01991521567106247,-0.0040873149409890175,0.018823659047484398,0.0,-0.1812218427658081,0.12386445701122284,-9.650226593017578,-0.031501322984695435,0.04618150740861893,-5.673600196838379,0.0,0.0,0.0,0.0,0.0,0.0,0.0,0.0,0.0,0.0,0.0,0.0,0.004807743243873119,-0.01734686829149723,-0.005849490407854319,0.01625494286417961,0.20979972183704376,0.1903209090232849,0.19099311530590057,0.1978989541530609,-0.3922038972377777,0.2974097728729248,-0.20476071536540985,0.0,0.0,0.0,0.0,0.0,0.0,0.0
12076539450,0,0.0010708788176998496,-0.04902733117341995,-0.16287145018577576,6.569455581484362e-05,-0.04113857448101044,-0.8242459893226624,0.01002411637455225,-0.0020126700401306152,-0.021932005882263184,-0.002010378520935774,0.0157775916159153,-0.5,-0.01321872603148222,-0.025839809328317642,-0.0034874158445745707,0.0,0.0,-0.0047828578390181065,-0.008317366242408752,-0.004244760610163212,-0.0004012945864815265,0.10490521043539047,0.20566773414611816,-0.001154415076598525,-0.19035877287387848,0.23873642086982727,-31.1577091217041,0.12062695622444153,0.21328696608543396,0.002404987346380949,-0.001288914936594665,-0.10629884898662567,-0.20455148816108704,0.0010452152928337455,8.245793342590332,7.704882621765137,7.213036060333252,7.996122360229492,0.009199218824505806,-0.019931640475988388,-0.0076660155318677425,0.015332031063735485,0.0,0.0019043802749365568,-0.019873004406690598,-0.002565505914390087,0.018798604607582092,0.0,-0.1812218427658081,0.12386445701122284,-9.650226593017578,-0.031501322984695435,0.04618150740861893,-5.673600196838379,0.0,0.0,0.0,0.0,0.0,0.0,0.0,0.0,0.0,0.0,0.0,0.0,0.0039019060786813498,-0.018055640161037445,-0.004801967181265354,0.01692046970129013,0.20592662692070007,0.19490331411361694,0.18482190370559692,0.2008468210697174,-0.3262033462524414,-0.2409125715494156,-0.17047245800495148,0.0,0.0,0.0,0.0,0.0,0.0,0.0
12086177320,0,0.0012065459741279483,-0.048954110592603683,-0.1630600541830063,6.569455581484362e-05,-0.04113857448101044,-0.8262459635734558,0.011290638707578182,-0.0005129358032718301,-0.02438916079699993,-0.002281714230775833,0.01563115045428276,-0.5,-0.013804977759718895,-0.025969568639993668,-0.003739640349522233,0.0,0.0,-0.0047828578390181065,-0.008317366242408752,-0.004244760610163212,-0.0004012945864815265,0.1090475544333458,0.2066330760717392,-0.0011861639795824885,-0.19035877287387848,0.23873642086982727,-31.1577091217041,0.12062695622444153,0.21328696608543396,0.002404987346380949,-0.001288914936594665,-0.10629884898662567,-0.20455148816108704,0.0010452152928337455,8.245793342590332,7.704882621765137,7.213036060333252,7.996122360229492,0.006132812704890966,-0.019931640475988388,-0.0076660155318677425,0.013798828236758709,0.0,0.0019043802749365568,-0.019873004406690598,-0.002565505914390087,0.018798604607582092,0.0,-0.2391975224018097,0.6455496549606323,-10.322916984558105,-0.03461068496108055,0.04340662062168121,-5.665038108825684,0.0,0.0,0.0,0.0,0.0,0.0,0.0,0.0,0.0,0.0,0.0,0.0,0.0031513150315731764,-0.01874152012169361,-0.0039442977868020535,0.017595507204532623,0.20592662692070007,0.19490331411361694,0.18482190370559692,0.2008468210697174,-0.3262033462524414,-0.2409125715494156,-0.17047245800495148,0.0,0.0,0.0,0.0,0.0,0.0,0.0
12096999363,0,0.0012065459741279483,-0.048954110592603683,-0.1630600541830063,6.569455581484362e-05,-0.04113857448101044,-0.8262459635734558,0.011290638707578182,-0.0005129358032718301,-0.02438916079699993,-0.002281714230775833,0.01563115045428276,-0.5,-0.013804977759718895,-0.025969568639993668,-0.003739640349522233,0.0,0.0,-0.0047828578390181065,0.0028592050075531006,-0.001997044775635004,-0.006418836768716574,0.1090475544333458,0.2066330760717392,-0.0011861639795824885,-0.19035877287387848,0.23873642086982727,-31.1577091217041,0.12062695622444153,0.21328696608543396,0.002404987346380949,-0.001288914936594665,-0.10629884898662567,-0.20455148816108704,0.0010452152928337455,8.245793342590332,7.704882621765137,7.213036060333252,7.996122360229492,0.0015332031762227416,-0.019931640475988388,-0.006132812704890966,0.013798828236758709,0.0,0.0019043802749365568,-0.019873004406690598,-0.002565505914390087,0.018798604607582092,0.0,-0.5670832395553589,-0.27126559615135193,-9.897664070129395,-0.03461068496108055,0.04340662062168121,-5.665038108825684,0.0,0.0,0.0,0.0,0.0,0.0,0.0,0.0,0.0,0.0,0.0,0.0,0.002552072051912546,-0.019287632778286934,-0.0032680602744221687,0.01814950257539749,0.20592662692070007,0.19490331411361694,0.18482190370559692,0.2008468210697174,0.3512560725212097,0.1045830175280571,-0.3060359060764313,0.0,0.0,0.0,0.0,0.0,0.0,0.0
12106111657,0,0.001409374875947833,-0.04891236871480942,-0.1634700894355774,6.569455581484362e-05,-0.04113857448101044,-0.829245924949646,0.006440145894885063,-0.009551200084388256,-0.031092297285795212,-0.0026873741298913956,0.015547666698694229,-0.5,-0.013677651062607765,-0.02596447616815567,-0.003870605956763029,0.0,0.0,-0.0047828578390181065,0.0028592050075531006,-0.001997044775635004,-0.006418836768716574,0.10867878049612045,0.20643281936645508,-0.0008815119508653879,-0.21936655044555664,0.23879054188728333,-30.96328353881836,0.09999024868011475,0.2089853286743164,0.008402516134083271,-0.001278674346394837,-0.10647120326757431,-0.20481494069099426,0.000940428813919425,8.008841514587402,7.781665325164795,7.053339958190918,8.122601509094238,0.0,-0.018398437649011612,-0.004599609412252903,0.013798828236758709,0.0,0.0006839394918642938,-0.020996129140257835,-0.0011706930818036199,0.019772430881857872,0.0,-0.5670832395553589,-0.27126559615135193,-9.897664070129395,-0.025515450164675713,0.06110604107379913,-5.634605884552002,0.0,0.0,0.0,0.0,0.0,0.0,0.0,0.0,0.0,0.0,0.0,0.0,0.0020815390162169933,-0.019716044887900352,-0.00274149258621037,0.018586663529276848,0.20110583305358887,0.19647233188152313,0.18153659999370575,0.2034219354391098,0.3512560725212097,0.1045830175280571,-0.3060359060764313,0.0,0.0,0.0,0.0,0.0,0.0,0.0
12116757344,0,0.001409374875947833,-0.04891236871480942,-0.1634700894355774,6.569455581484362e-05,-0.04113857448101044,-0.829245924949646,0.006440145894885063,-0.009551200084388256,-0.031092297285795212,-0.0026873741298913956,0.015547666698694229,-0.5,-0.013677651062607765,-0.02596447616815567,-0.003870605956763029,0.0,0.0,-0.0047828578390181065,-0.0026388252153992653,0.008440393954515457,-0.011966250836849213,0.1072651818394661,0.2042066901922226,-0.0006644919631071389,-0.14033497869968414,0.33608323335647583,-30.990331649780273,0.11369222402572632,0.1907009482383728,0.01364880707114935,-0.0012661112705245614,-0.10653386265039444,-0.20481865108013153,0.0007329897489398718,7.877692222595215,7.968385219573975,6.935569763183594,8.21176528930664,0.0015332031762227416,-0.018398437649011612,-0.004599609412252903,0.015332031063735485,0.0,0.008610651828348637,-0.021312769502401352,-0.010177230462431908,0.02034575492143631,0.0,-0.44346946477890015,-0.5301654934883118,-9.910091400146484,-0.025515450164675713,0.06110604107379913,-5.634605884552002,0.0,0.0,0.0,0.0,0.0,0.0,0.0,0.0,0.0,0.0,0.0,0.0,0.002014204626902938,-0.020125748589634895,-0.002672497881576419,0.019001996144652367,0.1984323263168335,0.20028145611286163,0.17910988628864288,0.2052350789308548,-0.025586003437638283,0.5145323276519775,-0.3840816915035248,0.0,0.0,0.0,0.0,0.0,0.0,0.0
12126077843,0,0.0014750738628208637,-0.04885699972510338,-0.163619726896286,6.569455581484362e-05,-0.04113857448101044,-0.8302459120750427,0.009682876989245415,-0.007805883884429932,-0.03210124373435974,-0.002818772802129388,0.015436927787959576,-0.5,-0.01394281629472971,-0.02569514885544777,-0.004122762009501457,0.0,0.0,-0.0047828578390181065,-0.005408025812357664,0.004681823775172234,-0.0015231702709570527,0.1072651818394661,0.2042066901922226,-0.0006644919631071389,-0.14033497869968414,0.33608323335647583,-30.990331649780273,0.11369222402572632,0.1907009482383728,0.01364880707114935,-0.0012661112705245614,-0.10653386265039444,-0.20481865108013153,0.0007329897489398718,7.877692222595215,7.968385219573975,6.935569763183594,8.21176528930664,0.003066406352445483,-0.016865234822034836,-0.004599609412252903,0.016865234822034836,0.0,0.008610651828348637,-0.021312769502401352,-0.010177230462431908,0.02034575492143631,0.0,-0.15846064686775208,-0.1405526101589203,-9.60382080078125,-0.03197672590613365,0.05760643631219864,-5.634214401245117,0.0,0.0,0.0,0.0,0.0,0.0,0.0,0.0,0.0,0.0,0.0,0.0,0.0028326394967734814,-0.020531676709651947,-0.0036079050041735172,0.019427772611379623,0.1984323263168335,0.20028145611286163,0.17910988628864288,0.2052350789308548,-0.1565927416086197,-0.09073945134878159,0.3428880572319031,0.0,0.0,0.0,0.0,0.0,0.0,0.0
12136472125,0,0.0016259589465335011,-0.0488346591591835,-0.16387689113616943,6.569455581484362e-05,-0.04113857448101044,-0.8322458863258362,0.014558590017259121,0.0037385497707873583,-0.027841875329613686,-0.0031205443665385246,0.015392246656119823,-0.5,-0.013089844956994057,-0.02582000009715557,-0.0038662354927510023,0.0,0.0,-0.0047828578390181065,-0.005408025812357664,0.004681823775172234,-0.0015231702709570527,0.10400696098804474,0.2052835077047348,-0.0008970499620772898,-0.28415149450302124,0.2192348837852478,-31.164548873901367,0.11098091304302216,0.20150907337665558,-0.0017358640907332301,-0.0012234261957928538,-0.10670081526041031,-0.20468077063560486,0.0004232260980643332,8.318965911865234,7.605612277984619,7.350250244140625,7.892132759094238,0.006132812704890966,-0.018398437649011612,-0.004599609412252903,0.015332031063735485,0.0,-0.0029187891632318497,-0.02357737347483635,0.0029416277538985014,0.022384170442819595,0.0,0.23867423832416534,0.9376527667045593,-9.976758003234863,-0.04262127727270126,0.03374252840876579,-5.681789398193359,0.0,0.0,0.0,0.0,0.0,0.0,0.0,0.0,0.0,0.0,0.0,0.0,0.003769482485949993,-0.020979920402169228,-0.0046749720349907875,0.019900601357221603,0.20741254091262817,0.19287313520908356,0.18764005601406097,0.19872687757015228,-0.1565927416086197,-0.09073945134878159,0.3428880572319031,0.0,0.0,0.0,0.0,0.0,0.0,0.0
12146242456,0,0.0017219175351783633,-0.048780955374240875,-0.16398543119430542,6.569455581484362e-05,-0.04113857448101044,-0.8332458734512329,0.011001240462064743,-0.0005804949905723333,-0.02595708519220352,-0.0033124624751508236,0.015284838154911995,-0.5,-0.013710799627006054,-0.025897527113556862,-0.0036624253261834383,0.0,0.0,-0.0047828578390181065,0.00838765874505043,-0.0065101999789476395,0.009751957841217518,0.10893390327692032,0.20590521395206451,-0.0011313364375382662,-0.23441702127456665,0.1855839043855667,-31.249841690063477,0.09523192048072815,0.21835103631019592,-0.014266678132116795,-0.0012035685358569026,-0.1066889837384224,-0.20473995804786682,0.0005019755335524678,8.655280113220215,7.263287544250488,7.683049201965332,7.650256156921387,0.004599609412252903,-0.019931640475988388,-0.006132812704890966,0.013798828236758709,0.0,-0.0021458971314132214,-0.02062586322426796,0.0020768987014889717,0.01924034208059311,0.0,0.23867423832416534,0.9376527667045593,-9.976758003234863,-0.03611362352967262,0.04285638406872749,-5.702518939971924,0.0,0.0,0.0,0.0,0.0,0.0,0.0,0.0,0.0,0.0,0.0,0.0,0.0035635943058878183,-0.021439043805003166,-0.004439387004822493,0.02035236358642578,0.20741254091262817,0.19287313520908356,0.18764005601406097,0.19872687757015228,0.5314317345619202,-0.5935630798339844,0.7307776212692261,0.0,0.0,0.0,0.0,0.0,0.0,0.0
12156115472,0,0.0017219175351783633,-0.048780955374240875,-0.16398543119430542,6.569455581484362e-05,-0.04113857448101044,-0.8332458734512329,0.011001240462064743,-0.0005804949905723333,-0.02595708519220352,-0.0033124624751508236,0.015284838154911995,-0.5,-0.013710799627006054,-0.025897527113556862,-0.0036624253261834383,0.0,0.0,-0.0047828578390181065,0.006281937938183546,-0.004825319163501263,0.020107155665755272,0.10893390327692032,0.20590521395206451,-0.0011313364375382662,-0.23441702127456665,0.1855839043855667,-31.249841690063477,0.09523192048072815,0.21835103631019592,-0.014266678132116795,-0.0012035685358569026,-0.1066889837384224,-0.20473995804786682,0.0005019755335524678,8.655280113220215,7.263287544250488,7.683049201965332,7.650256156921387,0.0015332031762227416,-0.021464843302965164,-0.004599609412252903,0.015332031063735485,0.0,-0.0021458971314132214,-0.02062586322426796,0.0020768987014889717,0.01924034208059311,0.0,-0.1830216497182846,0.4767252802848816,-9.77996826171875,-0.03611362352967262,0.04285638406872749,-5.702518939971924,0.0,0.0,0.0,0.0,0.0,0.0,0.0,0.0,0.0,0.0,0.0,0.0,0.0023731249384582043,-0.021650949493050575,-0.0030811999458819628,0.02051437646150589,0.21422754228115082,0.18585465848445892,0.1944570243358612,0.1937865912914276,0.18704697489738464,0.049011316150426865,0.3939729332923889,0.0,0.0,0.0,0.0,0.0,0.0,0.0
12166140583,0,0.0019902063068002462,-0.048592980951070786,-0.16425523161888123,6.569455581484362e-05,-0.04113857448101044,-0.8362458348274231,0.018145781010389328,0.011139275506138802,-0.02668781392276287,-0.0038490428123623133,0.014908887445926666,-0.5,-0.012786060571670532,-0.025978030636906624,-0.0032055270858108997,0.0,0.0,-0.0047828578390181065,0.006281937938183546,-0.004825319163501263,0.020107155665755272,0.10156457126140594,0.2065526247024536,-0.0016933116130530834,-0.32126882672309875,0.21523171663284302,-31.300376892089844,0.1034245416522026,0.2091478556394577,-0.019138235598802567,-0.001193292555399239,-0.1066889837384224,-0.20473995804786682,0.0005019755335524678,8.787765502929688,7.181041240692139,7.8194475173950195,7.51432466506958,0.0,-0.02299804612994194,-0.004599609412252903,0.016865234822034836,0.0,-0.0044137462973594666,-0.02659797854721546,0.004628566559404135,0.02507268637418747,0.0,-0.1830216497182846,0.4767252802848816,-9.77996826171875,-0.05150719732046127,0.017782967537641525,-5.714599609375,0.0,0.0,0.0,0.0,0.0,0.0,0.0,0.0,0.0,0.0,0.0,0.0,0.000849135045427829,-0.021841512992978096,-0.0013437047600746155,0.02062801830470562,0.21422754228115082,0.18585465848445892,0.1944570243358612,0.1937865912914276,0.18704697489738464,0.049011316150426865,0.3939729332923889,0.0,0.0,0.0,0.0,0.0,0.0,0.0
12176092079,0,0.0019902063068002462,-0.048592980951070786,-0.16425523161888123,6.569455581484362e-05,-0.04113857448101044,-0.8362458348274231,0.018145781010389328,0.011139275506138802,-0.02668781392276287,-0.0038490428123623133,0.014908887445926666,-0.5,-0.012786060571670532,-0.025978030636906624,-0.0032055270858108997,0.0,0.0,-0.0047828578390181065,-0.01755387708544731,0.012711902149021626,-0.005329151172190905,0.10156457126140594,0.2065526247024536,-0.0016933116130530834,-0.32126882672309875,0.21523171663284302,-31.300376892089844,0.1034245416522026,0.2091478556394577,-0.019138235598802567,-0.001193292555399239,-0.10660980641841888,-0.2051161378622055,0.0012187116080895066,8.787765502929688,7.181041240692139,7.8194475173950195,7.51432466506958,0.0015332031762227416,-0.02299804612994194,-0.004599609412252903,0.018398437649011612,0.0,-0.0044137462973594666,-0.02659797854721546,0.004628566559404135,0.02507268637418747,0.0,-0.9031445384025574,-0.5294574499130249,-9.816267013549805,-0.05150719732046127,0.017782967537641525,-5.714599609375,0.0,0.0,0.0,0.0,0.0,0.0,0.0,0.0,0.0,0.0,0.0,0.0,-0.0007669065962545574,-0.02253742702305317,0.0004951499868184328,0.021235017105937004,0.21690526604652405,0.1841641366481781,0.19724363088607788,0.19100421667099,-0.7622660994529724,0.501794695854187,-0.8243268132209778,0.0,0.0,0.0,0.0,0.0,0.0,0.0
12186144555,0,0.0021414875518530607,-0.048507995903491974,-0.16442111134529114,6.569455581484362e-05,-0.04113857448101044,-0.8382458090782166,0.004202508367598057,-0.00837594922631979,-0.026841148734092712,-0.004151606932282448,0.014738916419446468,-0.5,-0.01468650158494711,-0.02538960799574852,-0.003692766185849905,0.0,0.0,-0.0047828578390181065,-0.01755387708544731,0.012711902149021626,-0.005329151172190905,0.11669205874204636,0.2018687129020691,-0.001084247138351202,-0.13763527572155,0.23982596397399902,-31.497156143188477,0.14186859130859375,0.18413886427879333,0.012648649513721466,-0.0012217035982757807,-0.10687269270420074,-0.20500785112380981,0.0014775587478652596,8.063179969787598,8.122783660888672,7.0531768798828125,8.260623931884766,0.006132812704890966,-0.02299804612994194,-0.004599609412252903,0.018398437649011612,0.0,0.0043161665089428425,-0.016593672335147858,-0.0053107962012290955,0.0159952063113451,0.0,-0.10418801754713058,-0.1636848747730255,-10.060807228088379,-0.023854520171880722,0.05839811637997627,-5.7255730628967285,0.0,0.0,0.0,0.0,0.0,0.0,0.0,0.0,0.0,0.0,0.0,0.0,-0.0018319101072847843,-0.023167451843619347,0.001703728106804192,0.021822940558195114,0.20221257209777832,0.20342548191547394,0.18153327703475952,0.2062278538942337,-0.7622660994529724,0.501794695854187,-0.8243268132209778,0.0,0.0,0.0,0.0,0.0,0.0,0.0
12196574011,0,0.0022093832958489656,-0.04845139756798744,-0.164481520652771,6.569455581484362e-05,-0.04113857448101044,-0.8392457962036133,0.01908070035278797,4.809146776096895e-05,-0.02685616724193096,-0.004287398885935545,0.014625719748437405,-0.5,-0.013803675770759583,-0.025743884965777397,-0.003808273235335946,0.0,0.0,-0.0047828578390181065,-0.012403336353600025,0.004015576560050249,-0.012232488952577114,0.10967860370874405,0.20468083024024963,-0.0009561668848618865,-0.13119986653327942,0.32118964195251465,-31.490652084350586,0.1250382661819458,0.20205894112586975,0.016811160370707512,-0.0012291629100218415,-0.10705611109733582,-0.2049366980791092,0.001278158975765109,7.9604668617248535,8.1707124710083,6.944388389587402,8.418042182922363,0.006132812704890966,-0.021464843302965164,-0.004599609412252903,0.018398437649011612,0.0,0.008270400576293468,-0.01974005438387394,-0.009865332394838333,0.01884252391755581,0.0,-0.10418801754713058,-0.1636848747730255,-10.060807228088379,-0.054178886115550995,0.040382418781518936,-5.729674339294434,0.0,0.0,0.0,0.0,0.0,0.0,0.0,0.0,0.0,0.0,0.0,0.0,-0.0014415150508284569,-0.022870929911732674,0.0012521626194939017,0.021586824208498,0.20012018084526062,0.20440047979354858,0.17929181456565857,0.20942296087741852,-0.29563194513320923,-0.13936901092529297,-0.7124755382537842,0.0,0.0,0.0,0.0,0.0,0.0,0.0
12206521414,0,0.0022093832958489656,-0.04845139756798744,-0.164481520652771,6.569455581484362e-05,-0.04113857448101044,-0.8392457962036133,0.01908070035278797,4.809146776096895e-05,-0.02685616724193096,-0.004287398885935545,0.014625719748437405,-0.5,-0.013803675770759583,-0.025743884965777397,-0.003808273235335946,0.0,0.0,-0.0047828578390181065,0.011738581582903862,-0.010733725503087044,0.0022287077736109495,0.10967860370874405,0.20468083024024963,-0.0009561668848618865,-0.30833059549331665,0.08547380566596985,-31.307884216308594,0.08567056059837341,0.22229698300361633,-0.0051126377657055855,-0.0012178986798971891,-0.10705239325761795,-0.2052912563085556,0.0010326915653422475,8.433663368225098,7.485170364379883,7.475994110107422,7.916454315185547,0.004599609412252903,-0.021464843302965164,-0.003066406352445483,0.018398437649011612,0.0,-0.00949963927268982,-0.018778856843709946,0.010362415574491024,0.017421187832951546,0.0,0.3035420775413513,0.7250983715057373,-10.294074058532715,-0.054178886115550995,0.040382418781518936,-5.729674339294434,0.0,0.0,0.0,0.0,0.0,0.0,0.0,0.0,0.0,0.0,0.0,0.0,-0.00045958126429468393,-0.021957872435450554,0.00012184827937744558,0.02076737955212593,0.20973952114582062,0.19040687382221222,0.1902189403772354,0.19922293722629547,0.6389837265014648,-0.2978837490081787,0.37083327770233154,0.0,0.0,0.0,0.0,0.0,0.0,0.0
12216093716,0,0.0023272898979485035,-0.04837048426270485,-0.16466794908046722,6.569455581484362e-05,-0.04113857448101044,-0.8412457704544067,0.00872105173766613,0.0034731999039649963,-0.025526005774736404,-0.004523213487118483,0.014463892206549644,-0.5,-0.013065468519926071,-0.026234442368149757,-0.0035550470929592848,0.0,0.0,-0.0047828578390181065,0.021645350381731987,-0.008496896363794804,0.006304032169282436,0.10379897803068161,0.20858442783355713,-0.0012675640173256397,-0.18972039222717285,0.17963166534900665,-31.663850784301758,0.08567056059837341,0.22229698300361633,-0.0051126377657055855,-0.0012178986798971891,-0.10705239325761795,-0.2052912563085556,0.0010326915653422475,8.585623741149902,7.488542079925537,7.674689769744873,7.918566703796387,0.003066406352445483,-0.02299804612994194,-0.0015332031762227416,0.018398437649011612,0.0,-0.000569640367757529,-0.017615750432014465,0.00029227155027911067,0.016324620693922043,0.0,-0.1276780366897583,0.05755004659295082,-10.037552833557129,-0.03449461609125137,0.03266030177474022,-5.757063865661621,0.0,0.0,0.0,0.0,0.0,0.0,0.0,0.0,0.0,0.0,0.0,0.0,-0.0004130700835958123,-0.020912889391183853,5.791291914647445e-05,0.019761884585022926,0.20973952114582062,0.19040687382221222,0.1902189403772354,0.19922293722629547,0.873856246471405,-0.09155493229627609,0.3946194052696228,0.0,0.0,0.0,0.0,0.0,0.0,0.0
12226682445,0,0.0023957407101988792,-0.048308007419109344,-0.16476501524448395,6.569455581484362e-05,-0.04113857448101044,-0.8422457575798035,0.005038743373006582,-0.006097882520407438,-0.02815193310379982,-0.004660115577280521,0.01433893758803606,-0.5,-0.013676689937710762,-0.025859694927930832,-0.0033813021145761013,0.0,0.0,-0.0047828578390181065,0.021645350381731987,-0.008496896363794804,0.006304032169282436,0.10379897803068161,0.20858442783355713,-0.0012675640173256397,-0.18972039222717285,0.17963166534900665,-31.663850784301758,0.0782674103975296,0.21502293646335602,-0.00856279581785202,-0.0012135395081713796,-0.10688116401433945,-0.20544099807739258,0.0011081115808337927,8.585623741149902,7.488542079925537,7.674689769744873,7.918566703796387,0.0015332031762227416,-0.02299804612994194,-0.0015332031762227416,0.018398437649011612,0.0,-0.0005690884427167475,-0.017615118995308876,0.00029288671794347465,0.016325222328305244,0.0,0.1744832992553711,0.7179668545722961,-10.067965507507324,-0.026994964107871056,0.05211362615227699,-5.741750717163086,0.0,0.0,0.0,0.0,0.0,0.0,0.0,0.0,0.0,0.0,0.0,0.0,-0.0008310183184221387,-0.019844168797135353,0.0005342965596355498,0.018683716654777527,0.2128182351589203,0.1904759556055069,0.19428618252277374,0.19926603138446808,0.873856246471405,-0.09155493229627609,0.3946194052696228,0.0,0.0,0.0,0.0,0.0,0.0,0.0
12235945904,0,0.0023957407101988792,-0.048308007419109344,-0.16476501524448395,6.569455581484362e-05,-0.04113857448101044,-0.8422457575798035,0.005038743373006582,-0.006097882520407438,-0.02815193310379982,-0.004660115577280521,0.01433893758803606,-0.5,-0.013676689937710762,-0.025859694927930832,-0.0033813021145761013,0.0,0.0,-0.0047828578390181065,0.013143890537321568,-0.002975605195388198,0.0067587378434836864,0.10865132510662079,0.2056104987859726,-0.001469489187002182,-0.18972039222717285,0.17963166534900665,-31.663850784301758,0.0782674103975296,0.21502293646335602,-0.00856279581785202,-0.0012135395081713796,-0.10688116401433945,-0.20544099807739258,0.0011081115808337927,8.585623741149902,7.488542079925537,7.674689769744873,7.918566703796387,-0.003066406352445483,-0.02299804612994194,0.0015332031762227416,0.018398437649011612,0.0,-0.0005690884427167475,-0.017615118995308876,0.00029288671794347465,0.016325222328305244,0.0,-0.4406462013721466,-0.17086878418922424,-9.891127586364746,-0.026994964107871056,0.05211362615227699,-5.741750717163086,0.0,0.0,0.0,0.0,0.0,0.0,0.0,0.0,0.0,0.0,0.0,0.0,-0.0009882625890895724,-0.018907267600297928,0.0007240127888508141,0.017718227580189705,0.2128182351589203,0.1904759556055069,0.19428618252277374,0.19926603138446808,0.22086122632026672,0.16898535192012787,0.2220471203327179,0.0,0.0,0.0,0.0,0.0,0.0,0.0
12246414431,0,0.0024816326331347227,-0.048193372786045074,-0.16497601568698883,6.569455581484362e-05,-0.04113857448101044,-0.8442457318305969,0.017169563099741936,0.005269970744848251,-0.030256900936365128,-0.004831900354474783,0.014109667390584946,-0.5,-0.01270928606390953,-0.02614813856780529,-0.003461058484390378,0.0,0.0,-0.0047828578390181065,-0.0009497478604316711,-0.0002660910249687731,0.003294672816991806,0.11135094612836838,0.20523495972156525,-0.001471526687964797,-0.18575865030288696,0.26543933153152466,-31.563392639160156,0.10715135186910629,0.20625126361846924,-0.001704094698652625,-0.001218253280967474,-0.10688116401433945,-0.20544099807739258,0.0011081115808337927,8.420342445373535,7.692147254943848,7.446680545806885,8.007468223571777,-0.0015332031762227416,-0.021464843302965164,0.003066406352445483,0.018398437649011612,0.0,0.0031883774790912867,-0.020912041887640953,-0.003960912115871906,0.019757645204663277,0.0,-0.6699383854866028,-0.26260513067245483,-9.74242877960205,-0.05173026770353317,0.027896933257579803,-5.73768424987793,0.0,0.0,0.0,0.0,0.0,0.0,0.0,0.0,0.0,0.0,0.0,0.0,-0.0008149095228873193,-0.018360143527388573,0.0005415276391431689,0.017144685611128807,0.2128182351589203,0.1904759556055069,0.19428618252277374,0.19926603138446808,-0.5237306356430054,0.19143718481063843,-0.058861054480075836,0.0,0.0,0.0,0.0,0.0,0.0,0.0
12256424445,0,0.0024816326331347227,-0.048193372786045074,-0.16497601568698883,6.569455581484362e-05,-0.04113857448101044,-0.8442457318305969,0.017169563099741936,0.005269970744848251,-0.030256900936365128,-0.004831900354474783,0.014109667390584946,-0.5,-0.01270928606390953,-0.02614813856780529,-0.003461058484390378,0.0,0.0,-0.0047828578390181065,-0.015966614708304405,0.001590549829415977,-0.0026953942142426968,0.11135094612836838,0.20523495972156525,-0.001471526687964797,-0.14347752928733826,0.3039066791534424,-31.838424682617188,0.13469552993774414,0.2019355148077011,0.003978531341999769,-0.0012272425228729844,-0.1069301888346672,-0.20577341318130493,0.0012714011827483773,8.383903503417969,7.951064586639404,7.336403846740723,8.170565605163574,0.0,-0.021464843302965164,0.004599609412252903,0.018398437649011612,0.0,0.006606314796954393,-0.020062580704689026,-0.007913256995379925,0.019196949899196625,0.0,-0.6699383854866028,-0.26260513067245483,-9.74242877960205,-0.05173026770353317,0.027896933257579803,-5.73768424987793,0.0,0.0,0.0,0.0,0.0,0.0,0.0,0.0,0.0,0.0,0.0,0.0,-6.600108463317156e-06,-0.018370674923062325,-0.00036513677332550287,0.017160562798380852,0.2087305337190628,0.19992847740650177,0.18735593557357788,0.20439736545085907,-0.7240437269210815,0.24089840054512024,-0.16889548301696777,0.0,0.0,0.0,0.0,0.0,0.0,0.0
12266241468,0,0.0025633734185248613,-0.04805952310562134,-0.16520659625530243,6.569455581484362e-05,-0.04113857448101044,-0.8442511558532715,0.0011416841298341751,-0.0043124062940478325,-0.030396340414881706,-0.004995382856577635,0.013841966167092323,-0.5,-0.014032857492566109,-0.02590084634721279,-0.0035352071281522512,0.0,0.0,-0.0047828578390181065,-0.0037365916650742292,0.00015586541849188507,-0.001162764965556562,0.1114884689450264,0.2059350460767746,-0.0012789490865543485,-0.14347752928733826,0.3039066791534424,-31.838424682617188,0.13469552993774414,0.2019355148077011,0.003978531341999769,-0.0012272425228729844,-0.1069301888346672,-0.20577341318130493,0.0012714011827483773,8.383903503417969,7.951064586639404,7.336403846740723,8.170565605163574,0.0015332031762227416,-0.021464843302965164,0.003066406352445483,0.018398437649011612,0.0,0.006606314796954393,-0.020062580704689026,-0.007913256995379925,0.019196949899196625,0.0,0.06784427911043167,0.23385049402713776,-9.508829116821289,-0.019904017448425293,0.047944799065589905,-5.757206916809082,0.0,0.0,0.0,0.0,0.0,0.0,0.0,0.0,0.0,0.0,0.0,0.0,0.001453523407690227,-0.018727242946624756,-0.002021550200879574,0.017570003867149353,0.2087305337190628,0.19992847740650177,0.18735593557357788,0.20439736545085907,0.1277335286140442,0.09947798401117325,-0.012273724190890789,0.0,0.0,0.0,0.0,0.0,0.0,0.0
12276623078,0,0.00258218077942729,-0.048005055636167526,-0.16525010764598846,6.569455581484362e-05,-0.04113857448101044,-0.8442511558532715,0.015261229127645493,0.006437717005610466,-0.020758064463734627,-0.005032997578382492,0.0137330312281847,-0.5,-0.013094760477542877,-0.026138514280319214,-0.0034850970841944218,0.0,0.0,-0.0047828578390181065,-0.0037365916650742292,0.00015586541849188507,-0.001162764965556562,0.10402923077344894,0.20782344043254852,-0.0013517875922843814,-0.10947209596633911,0.2636964023113251,-31.66463851928711,0.10648848861455917,0.2066727876663208,0.001208636211231351,-0.001227665925398469,-0.10704532265663147,-0.20582248270511627,0.001229486078955233,8.374879837036133,7.786535263061523,7.3970489501953125,8.109636306762695,0.0015332031762227416,-0.019931640475988388,0.003066406352445483,0.015332031063735485,0.0,0.0063514322973787785,-0.017116203904151917,-0.00755185866728425,0.01610506698489189,0.0,0.06784427911043167,0.23385049402713776,-9.508829116821289,-0.04888772964477539,0.025505343452095985,-5.837285995483398,0.0,0.0,0.0,0.0,0.0,0.0,0.0,0.0,0.0,0.0,0.0,0.0,0.0031107019167393446,-0.019013091921806335,-0.003906702622771263,0.0179289523512125,0.20854726433753967,0.19657163321971893,0.18860037624835968,0.20315800607204437,0.1277335286140442,0.09947798401117325,-0.012273724190890789,0.0,0.0,0.0,0.0,0.0,0.0,0.0
12286027985,0,0.00258218077942729,-0.048005055636167526,-0.16525010764598846,6.569455581484362e-05,-0.04113857448101044,-0.8442511558532715,0.015261229127645493,0.006437717005610466,-0.020758064463734627,-0.005032997578382492,0.0137330312281847,-0.5,-0.013094760477542877,-0.026138514280319214,-0.0034850970841944218,0.0,0.0,-0.0047828578390181065,0.011013031005859375,0.0007849420653656125,-0.002737048314884305,0.10402923077344894,0.20782344043254852,-0.0013517875922843814,-0.25290027260780334,0.1534729301929474,-32.113346099853516,0.09131111949682236,0.20484445989131927,0.0032854853197932243,-0.001225739368237555,-0.10695186257362366,-0.20592035353183746,0.0011668393854051828,8.408793449401855,7.930056095123291,7.483688831329346,8.294119834899902,0.0,-0.018398437649011612,0.0,0.015332031063735485,0.0,-0.004338947124779224,-0.018286755308508873,0.004519251175224781,0.01716267690062523,0.0,-0.11208998411893845,-0.27034786343574524,-9.594390869140625,-0.04888772964477539,0.025505343452095985,-5.837285995483398,0.0,0.0,0.0,0.0,0.0,0.0,0.0,0.0,0.0,0.0,0.0,0.0,0.004042316693812609,-0.018993569537997246,-0.0049662841483950615,0.017960354685783386,0.2092352658510208,0.19950039684772491,0.1903764307498932,0.20690828561782837,0.5226510167121887,0.06366891413927078,-0.09127987176179886,0.0,0.0,0.0,0.0,0.0,0.0,0.0
12296105521,0,0.0026115202344954014,-0.047981955111026764,-0.16532687842845917,6.569455581484362e-05,-0.04113857448101044,-0.8442511558532715,0.007141193840652704,-0.009993129409849644,-0.022312616929411888,-0.005091676954180002,0.013686830177903175,-0.5,-0.013537110760807991,-0.02594279684126377,-0.003600654425099492,0.0,0.0,-0.0047828578390181065,-0.0034340862184762955,-0.0026899301446974277,-0.004266951233148575,0.10755065828561783,0.20626609027385712,-0.001207785215228796,-0.17969827353954315,0.32313668727874756,-32.08203125,0.09131111949682236,0.20484445989131927,0.0032854853197932243,-0.001225739368237555,-0.10695186257362366,-0.20592035353183746,0.0011668393854051828,8.409913063049316,7.990035057067871,7.39059591293335,8.29476547241211,-0.0015332031762227416,-0.018398437649011612,-0.0015332031762227416,0.015332031063735485,0.0,0.005871772766113281,-0.022418716922402382,-0.00704217841848731,0.021273653954267502,0.0,-0.11208998411893845,-0.27034786343574524,-9.594390869140625,-0.03267241269350052,0.05875212326645851,-5.833096504211426,0.0,0.0,0.0,0.0,0.0,0.0,0.0,0.0,0.0,0.0,0.0,0.0,0.00391813088208437,-0.018990157172083855,-0.004827271215617657,0.017969463020563126,0.2092352658510208,0.19950039684772491,0.1903764307498932,0.20690828561782837,-0.3008612394332886,-0.1582549512386322,-0.12796130776405334,0.0,0.0,0.0,0.0,0.0,0.0,0.0
12306150248,0,0.0026329599786549807,-0.04797380045056343,-0.1653837114572525,6.569455581484362e-05,-0.04113857448101044,-0.8442511558532715,0.00415300577878952,-0.006708052009344101,-0.036963533610105515,-0.005134556442499161,0.013670519925653934,-0.5,-0.013825103640556335,-0.025979559868574142,-0.0036126195918768644,0.0,0.0,-0.0047828578390181065,-0.0034340862184762955,-0.0026899301446974277,-0.004266951233148575,0.10984008014202118,0.20655861496925354,-0.0011886401334777474,-0.17969827353954315,0.32313668727874756,-32.08203125,0.11628277599811554,0.21083109080791473,0.004810863174498081,-0.0012225171085447073,-0.10696208477020264,-0.20597010850906372,0.001097536412999034,8.409913063049316,7.990035057067871,7.39059591293335,8.29476547241211,0.0015332031762227416,-0.018398437649011612,-0.0015332031762227416,0.016865234822034836,0.0,0.005872190464287996,-0.022418281063437462,-0.007041705772280693,0.021274078637361526,0.0,-0.11208998411893845,-0.27034786343574524,-9.594390869140625,-0.026053674519062042,0.052066825330257416,-5.726080894470215,0.0,0.0,0.0,0.0,0.0,0.0,0.0,0.0,0.0,0.0,0.0,0.0,0.003746535163372755,-0.019430506974458694,-0.0046342420391738415,0.018394028767943382,0.20925791561603546,0.2007228583097458,0.18846777081489563,0.20692117512226105,-0.3008612394332886,-0.1582549512386322,-0.12796130776405334,0.0,0.0,0.0,0.0,0.0,0.0,0.0
12316216938,0,0.0026329599786549807,-0.04797380045056343,-0.1653837114572525,6.569455581484362e-05,-0.04113857448101044,-0.8442511558532715,0.00415300577878952,-0.006708052009344101,-0.036963533610105515,-0.005134556442499161,0.013670519925653934,-0.5,-0.013825103640556335,-0.025979559868574142,-0.0036126195918768644,0.0,0.0,-0.0047828578390181065,-0.012656285427510738,-0.0015793188940733671,-0.004146862309426069,0.10984008014202118,0.20655861496925354,-0.0011886401334777474,-0.14329521358013153,0.2863675355911255,-31.493444442749023,0.11628277599811554,0.21083109080791473,0.004810863174498081,-0.0012225171085447073,-0.10696208477020264,-0.20597010850906372,0.001097536412999034,8.291030883789062,7.8420538902282715,7.24749755859375,8.115427017211914,0.003066406352445483,-0.019931640475988388,-0.0015332031762227416,0.016865234822034836,0.0,0.005940778646618128,-0.019541727378964424,-0.007162882015109062,0.018555834889411926,0.0,-0.41552290320396423,-0.28761887550354004,-10.129185676574707,-0.026053674519062042,0.052066825330257416,-5.726080894470215,0.0,0.0,0.0,0.0,0.0,0.0,0.0,0.0,0.0,0.0,0.0,0.0,0.004057528451085091,-0.02006571926176548,-0.004989161621779203,0.01900886557996273,0.20925791561603546,0.2007228583097458,0.18846777081489563,0.20692117512226105,-0.5949038863182068,-0.03450038656592369,-0.06385654956102371,0.0,0.0,0.0,0.0,0.0,0.0,0.0
12326417925,0,0.0027116206474602222,-0.04798867180943489,-0.16553546488285065,6.569455581484362e-05,-0.04113857448101044,-0.8442511558532715,0.018400007858872414,0.010801327414810658,-0.024494856595993042,-0.0052918787114322186,0.013700263574719429,-0.5,-0.013141957111656666,-0.026247981935739517,-0.003689106786623597,0.0,0.0,-0.0047828578390181065,-0.004194329492747784,0.0006679088110104203,-0.0007013823487795889,0.10677006840705872,0.20644783973693848,-0.0011786798713728786,-0.1877010613679886,0.15335878729820251,-31.713502883911133,0.10884738713502884,0.20675213634967804,-0.00048675877042114735,-0.0012107695220038295,-0.1071683019399643,-0.20610855519771576,0.0009714278276078403,8.43112564086914,7.761229515075684,7.449958801269531,8.073451042175293,0.003066406352445483,-0.021464843302965164,-0.003066406352445483,0.016865234822034836,0.0,-0.0015962145989760756,-0.015706781297922134,0.0014531316701322794,0.014773253351449966,0.0,-0.41552290320396423,-0.28761887550354004,-10.129185676574707,-0.05568496137857437,0.016710184514522552,-5.840639114379883,0.0,0.0,0.0,0.0,0.0,0.0,0.0,0.0,0.0,0.0,0.0,0.0,0.004207130521535873,-0.02023722045123577,-0.00516176363453269,0.01917855255305767,0.20925791561603546,0.2007228583097458,0.18846777081489563,0.20692117512226105,-0.02405720390379429,0.12694072723388672,0.13945169746875763,0.0,0.0,0.0,0.0,0.0,0.0,0.0
12336374386,0,0.0027116206474602222,-0.04798867180943489,-0.16553546488285065,6.569455581484362e-05,-0.04113857448101044,-0.8442511558532715,0.018400007858872414,0.010801327414810658,-0.024494856595993042,-0.0052918787114322186,0.013700263574719429,-0.5,-0.013141957111656666,-0.026247981935739517,-0.003689106786623597,0.0,0.0,-0.0047828578390181065,0.031132247298955917,-0.0027317919302731752,0.0072942073456943035,0.10677006840705872,0.20644783973693848,-0.0011786798713728786,-0.1877010613679886,0.15335878729820251,-31.713502883911133,0.10884738713502884,0.20675213634967804,-0.00048675877042114735,-0.0012107695220038295,-0.1071683019399643,-0.20610855519771576,0.0009714278276078403,8.43112564086914,7.761229515075684,7.449958801269531,8.073451042175293,0.0015332031762227416,-0.02299804612994194,-0.004599609412252903,0.016865234822034836,0.0,-0.0015962145989760756,-0.015706781297922134,0.0014531316701322794,0.014773253351449966,0.0,-0.01738940365612507,0.2640012800693512,-9.291929244995117,-0.05568496137857437,0.016710184514522552,-5.840639114379883,0.0,0.0,0.0,0.0,0.0,0.0,0.0,0.0,0.0,0.0,0.0,0.0,0.0035575267393141985,-0.019662490114569664,-0.004423495382070541,0.018623607233166695,0.21011117100715637,0.19547802209854126,0.19025182723999023,0.20200908184051514,1.035523533821106,-0.014920626766979694,0.26312631368637085,0.0,0.0,0.0,0.0,0.0,0.0,0.0
12346206850,0,0.002854549326002598,-0.047767262905836105,-0.16570819914340973,6.569455581484362e-05,-0.04113857448101044,-0.8442511558532715,0.009425022639334202,-0.0026871762238442898,-0.0282183438539505,-0.005577737465500832,0.013257442973554134,-0.5,-0.012262449599802494,-0.02613058313727379,-0.0034268905874341726,0.0,0.0,-0.0047828578390181065,0.017469046637415886,-0.0019255896331742406,0.0015240069478750229,0.09741133451461792,0.20775964856147766,-0.0014347427058964968,-0.20996034145355225,0.23109762370586395,-32.06918716430664,0.08130238950252533,0.21089135110378265,0.0007490740390494466,-0.001203374587930739,-0.10664284229278564,-0.20627835392951965,0.0011359653435647488,8.452977180480957,7.832724094390869,7.544201850891113,8.242044448852539,0.0,-0.02299804612994194,-0.004599609412252903,0.016865234822034836,0.0,0.0007293441449292004,-0.020076809450984,-0.0011639640433713794,0.018762169405817986,0.0,-0.01738940365612507,0.2640012800693512,-9.291929244995117,-0.03817460685968399,0.042017750442028046,-5.830761432647705,0.0,0.0,0.0,0.0,0.0,0.0,0.0,0.0,0.0,0.0,0.0,0.0,0.0023943206761032343,-0.018851490691304207,-0.003096739761531353,0.017824197188019753,0.2133065164089203,0.19171841442584991,0.19639302790164948,0.20173318684101105,-0.021388866007328033,0.0002338351187063381,-0.15861664712429047,0.0,0.0,0.0,0.0,0.0,0.0,0.0
12357333796,0,0.002924575936049223,-0.04774606227874756,-0.16573429107666016,6.569455581484362e-05,-0.04113857448101044,-0.8442511558532715,0.020033998414874077,0.004119187593460083,-0.020500022917985916,-0.005717791151255369,0.01321504171937704,-0.5,-0.012405691668391228,-0.026283035054802895,-0.003622530959546566,0.0,0.0,-0.0047828578390181065,0.017469046637415886,-0.0019255896331742406,0.0015240069478750229,0.09855754673480988,0.20896810293197632,-0.001196615630760789,-0.20996034145355225,0.23109762370586395,-32.06918716430664,0.08130238950252533,0.21089135110378265,0.0007490740390494466,-0.001203374587930739,-0.10632076114416122,-0.2063460499048233,0.0012288662837818265,8.452977180480957,7.832724094390869,7.544201850891113,8.242044448852539,0.0,-0.02299804612994194,-0.004599609412252903,0.018398437649011612,0.0,0.0007293441449292004,-0.020076809450984,-0.0011639640433713794,0.018762169405817986,0.0,-0.057803377509117126,-0.3478703796863556,-9.438552856445312,-0.06020570918917656,0.02857024222612381,-5.895175933837891,0.0,0.0,0.0,0.0,0.0,0.0,0.0,0.0,0.0,0.0,0.0,0.0,0.00140772620216012,-0.018477139994502068,-0.0019668445456773043,0.017420103773474693,0.21013116836547852,0.1975146383047104,0.1916160136461258,0.20585019886493683,-0.021388866007328033,0.0002338351187063381,-0.15861664712429047,0.0,0.0,0.0,0.0,0.0,0.0,0.0
12368202179,0,0.002924575936049223,-0.04774606227874756,-0.16573429107666016,6.569455581484362e-05,-0.04113857448101044,-0.8442511558532715,0.020033998414874077,0.004119187593460083,-0.020500022917985916,-0.006009539123624563,0.013052819296717644,-0.5,-0.012405691668391228,-0.026283035054802895,-0.003622530959546566,0.0,0.0,-0.0047828578390181065,-0.02847316302359104,0.004808985628187656,-0.010765235871076584,0.09855754673480988,0.20896810293197632,-0.001196615630760789,-0.20996034145355225,0.23109762370586395,-32.06918716430664,0.08130238950252533,0.21089135110378265,0.0007490740390494466,-0.001203374587930739,-0.10632076114416122,-0.2063460499048233,0.0012288662837818265,8.452977180480957,7.832724094390869,7.544201850891113,8.242044448852539,0.003066406352445483,-0.021464843302965164,-0.004599609412252903,0.018398437649011612,0.0,0.0007293441449292004,-0.020076809450984,-0.0011639640433713794,0.018762169405817986,0.0,-0.6042193174362183,0.06085139513015747,-9.999802589416504,-0.03233540430665016,0.05822841823101044,-5.866873264312744,0.0,0.0,0.0,0.0,0.0,0.0,0.0,0.0,0.0,0.0,0.0,0.0,0.0007973270840011537,-0.018588213250041008,-0.001262995065189898,0.0174690131098032,0.21013116836547852,0.1975146383047104,0.1916160136461258,0.20585019886493683,-1.6834813356399536,0.25632044672966003,-0.4509482681751251,0.0,0.0,0.0,0.0,0.0,0.0,0.0
12376938950,0,0.0030704489909112453,-0.04766495153307915,-0.16575010120868683,6.569455581484362e-05,-0.04113857448101044,-0.8442511558532715,0.006088458467274904,-0.009932835586369038,-0.02503667026758194,-0.006009539123624563,0.013052819296717644,-0.5,-0.014349077828228474,-0.025755824521183968,-0.0038807534147053957,0.0,0.0,-0.0047828578390181065,-0.02847316302359104,0.004808985628187656,-0.010765235871076584,0.114016592502594,0.20477505028247833,-0.000860671978443861,-0.17784471809864044,0.3202562928199768,-32.26780319213867,0.154971644282341,0.19999675452709198,0.012755950912833214,-0.0012013916857540607,-0.10654626786708832,-0.2063867449760437,0.000979521544650197,8.608001708984375,7.992520809173584,7.485316276550293,8.18531608581543,0.006132812704890966,-0.019931640475988388,-0.003066406352445483,0.018398437649011612,0.0,0.005697549320757389,-0.02219896763563156,-0.006901024840772152,0.021356871351599693,0.0,-0.6042193174362183,0.06085139513015747,-9.999802589416504,-0.03233540430665016,0.05822841823101044,-5.866873264312744,0.0,0.0,0.0,0.0,0.0,0.0,0.0,0.0,0.0,0.0,0.0,0.0,0.000713772838935256,-0.01901542767882347,-0.001163220265880227,0.017851388081908226,0.20922614634037018,0.2094758301973343,0.18670615553855896,0.21253034472465515,-1.6834813356399536,0.25632044672966003,-0.4509482681751251,0.0,0.0,0.0,0.0,0.0,0.0,0.0
12386198634,0,0.0030704489909112453,-0.04766495153307915,-0.16575010120868683,6.569455581484362e-05,-0.04113857448101044,-0.8442511558532715,0.006088458467274904,-0.009932835586369038,-0.02503667026758194,-0.006009539123624563,0.013052819296717644,-0.5,-0.014349077828228474,-0.025755824521183968,-0.0038807534147053957,0.0,0.0,-0.0047828578390181065,-0.02847316302359104,0.004808985628187656,-0.010765235871076584,0.114016592502594,0.20477505028247833,-0.000860671978443861,-0.17784471809864044,0.3202562928199768,-32.26780319213867,0.15124163031578064,0.21016734838485718,0.0008131279610097408,-0.0011895658681169152,-0.10695101320743561,-0.2064228355884552,0.0008296113228425384,8.608001708984375,7.992520809173584,7.485316276550293,8.18531608581543,0.004599609412252903,-0.021464843302965164,-0.003066406352445483,0.016865234822034836,0.0,0.005699042230844498,-0.022197362035512924,-0.006899308878928423,0.021358439698815346,0.0,-0.6042193174362183,0.06085139513015747,-9.999802589416504,-0.03233540430665016,0.05822841823101044,-5.866873264312744,0.0,0.0,0.0,0.0,0.0,0.0,0.0,0.0,0.0,0.0,0.0,0.0,0.0013631987385451794,-0.019715014845132828,-0.0019081906648352742,0.01856667548418045,0.21327096223831177,0.20077329874038696,0.19040974974632263,0.20469748973846436,-1.6834813356399536,0.25632044672966003,-0.4509482681751251,0.0,0.0,0.0,0.0,0.0,0.0,0.0
12396315378,0,0.0031605151016265154,-0.04761021211743355,-0.16575762629508972,6.569455581484362e-05,-0.04113857448101044,-0.8442511558532715,0.014739912934601307,-0.00016585184494033456,-0.026011211797595024,-0.006189672276377678,0.012943340465426445,-0.5,-0.013900354504585266,-0.026136377826333046,-0.0037613355088979006,0.0,0.0,-0.0047828578390181065,0.011401510797441006,-0.0032055655028671026,0.014893428422510624,0.1104438379406929,0.20780205726623535,-0.0010077174520120025,-0.2763913869857788,0.20884783565998077,-32.260257720947266,0.1128017008304596,0.21587112545967102,-0.012902423739433289,-0.0011772646103054285,-0.10720796883106232,-0.20654484629631042,0.000883610628079623,8.898608207702637,7.57986307144165,7.876731872558594,7.908494472503662,0.003066406352445483,-0.021464843302965164,-0.003066406352445483,0.015332031063735485,0.0,-0.0028273998759686947,-0.022804182022809982,0.0028692935593426228,0.021532732993364334,0.0,-0.6042193174362183,0.06085139513015747,-9.999802589416504,-0.05025298148393631,0.037972334772348404,-5.865501403808594,0.0,0.0,0.0,0.0,0.0,0.0,0.0,0.0,0.0,0.0,0.0,0.0,0.0020892664324492216,-0.02054520696401596,-0.0027450090274214745,0.01944158598780632,0.21327096223831177,0.20077329874038696,0.19040974974632263,0.20469748973846436,1.1571226119995117,0.011242548003792763,0.6574723124504089,0.0,0.0,0.0,0.0,0.0,0.0,0.0
12406243746,0,0.0032955235801637173,-0.04754534736275673,-0.16579283773899078,6.569455581484362e-05,-0.04113857448101044,-0.8442511558532715,0.019130581989884377,0.008997551165521145,-0.02606569230556488,-0.006459690164774656,0.012813610024750233,-0.5,-0.012837225571274757,-0.026205429807305336,-0.003283225931227207,0.0,0.0,-0.0047828578390181065,0.011401510797441006,-0.0032055655028671026,0.014893428422510624,0.1104438379406929,0.20780205726623535,-0.0010077174520120025,-0.38454902172088623,0.10102315992116928,-32.519962310791016,0.07900084555149078,0.21145203709602356,-0.0177698265761137,-0.0011731155682355165,-0.10715443640947342,-0.2066464126110077,0.0010812664404511452,9.025592803955078,7.478550910949707,8.123004913330078,7.896005630493164,0.003066406352445483,-0.021464843302965164,-0.004599609412252903,0.016865234822034836,0.0,-0.011247880756855011,-0.023128308355808258,0.012183773331344128,0.021582279354333878,0.0,-0.6042193174362183,0.06085139513015747,-9.999802589416504,-0.05963323265314102,0.01838427037000656,-5.877366542816162,0.0,0.0,0.0,0.0,0.0,0.0,0.0,0.0,0.0,0.0,0.0,0.0,0.0015439849812537432,-0.021357307210564613,-0.002141524339094758,0.02025199681520462,0.22170227766036987,0.19027113914489746,0.2034301459789276,0.19880574941635132,1.1571226119995117,0.011242548003792763,0.6574723124504089,0.0,0.0,0.0,0.0,0.0,0.0,0.0
12417145615,0,0.0032955235801637173,-0.04754534736275673,-0.16579283773899078,6.569455581484362e-05,-0.04113857448101044,-0.8442511558532715,0.019130581989884377,0.008997551165521145,-0.02606569230556488,-0.0067705209366977215,0.01261993870139122,-0.5,-0.012837225571274757,-0.026205429807305336,-0.003283225931227207,0.0,0.0,-0.0047828578390181065,0.031908877193927765,0.0030279355123639107,0.003802670631557703,0.10197358578443527,0.20835889875888824,-0.0015975306741893291,-0.38454902172088623,0.10102315992116928,-32.519962310791016,0.07900084555149078,0.21145203709602356,-0.0177698265761137,-0.0011731155682355165,-0.10715443640947342,-0.2066464126110077,0.0010812664404511452,9.025592803955078,7.478550910949707,8.123004913330078,7.896005630493164,0.003066406352445483,-0.019931640475988388,-0.004599609412252903,0.016865234822034836,0.0,-0.011247880756855011,-0.023128308355808258,0.012183773331344128,0.021582279354333878,0.0,-0.022664139047265053,0.1619303822517395,-9.723454475402832,-0.04472287744283676,0.04596171900629997,-5.887906074523926,0.0,0.0,0.0,0.0,0.0,0.0,0.0,0.0,0.0,0.0,0.0,0.0,-0.0006961862090975046,-0.022068552672863007,0.00036899029510095716,0.020893756300210953,0.22170227766036987,0.19027113914489746,0.2034301459789276,0.19880574941635132,0.9647693634033203,0.17014271020889282,-0.2928846478462219,0.0,0.0,0.0,0.0,0.0,0.0,0.0
12426947141,0,0.0034509380348026752,-0.04744851216673851,-0.1658278852701187,6.569455581484362e-05,-0.04113857448101044,-0.8442511558532715,0.011455204337835312,-0.004948577377945185,-0.02653690055012703,-0.0067705209366977215,0.01261993870139122,-0.5,-0.012833623215556145,-0.025882305577397346,-0.003327456768602133,0.0,0.0,-0.0047828578390181065,0.031908877193927765,0.0030279355123639107,0.003802670631557703,0.09836509078741074,0.2065669447183609,-0.0014292128616943955,-0.21154718101024628,0.2038445919752121,-32.40845489501953,0.060391467064619064,0.20106001198291779,0.00010602863039821386,-0.001189440954476595,-0.10646320879459381,-0.20669594407081604,0.0014711618423461914,8.50642204284668,7.884898662567139,7.6926398277282715,8.327634811401367,0.003066406352445483,-0.019931640475988388,-0.003066406352445483,0.019931640475988388,0.0,-0.0004721315635833889,-0.01879095658659935,0.00018594293214846402,0.017481276765465736,0.0,-0.7284786701202393,-0.22083091735839844,-9.9097261428833,-0.04472287744283676,0.04596171900629997,-5.887906074523926,0.0,0.0,0.0,0.0,0.0,0.0,0.0,0.0,0.0,0.0,0.0,0.0,-0.003247899701818824,-0.022413812577724457,0.0032303594052791595,0.021147247403860092,0.2112143486738205,0.19857938587665558,0.19465318322181702,0.20758870244026184,0.9647693634033203,0.17014271020889282,-0.2928846478462219,0.0,0.0,0.0,0.0,0.0,0.0,0.0
12436398128,0,0.0035956287756562233,-0.047432947903871536,-0.1658511459827423,6.569455581484362e-05,-0.04113857448101044,-0.8442511558532715,0.02491855062544346,0.004681235179305077,-0.024253858253359795,-0.0070599038153886795,0.012588810175657272,-0.5,-0.012740790843963623,-0.02632208727300167,-0.003419522661715746,0.0,0.0,-0.0047828578390181065,0.01069384254515171,0.0021509218495339155,-0.00013722191215492785,0.10121233761310577,0.209283247590065,-0.0014346162788569927,-0.4099586308002472,0.21166805922985077,-32.57619857788086,0.09825633466243744,0.20343069732189178,0.0035307765938341618,-0.0012019937857985497,-0.10618134588003159,-0.20666007697582245,0.00149924133438617,8.524664878845215,8.066950798034668,7.586970329284668,8.400533676147461,0.004599609412252903,-0.021464843302965164,-0.0015332031762227416,0.019931640475988388,0.0,-0.008377296850085258,-0.027409663423895836,0.009068275801837444,0.026009825989603996,0.0,-0.7284786701202393,-0.22083091735839844,-9.9097261428833,-0.07277972996234894,0.026538148522377014,-5.917552471160889,0.0,0.0,0.0,0.0,0.0,0.0,0.0,0.0,0.0,0.0,0.0,0.0,-0.004852443002164364,-0.022512786090373993,0.005039077252149582,0.021178068593144417,0.2112143486738205,0.19857938587665558,0.19465318322181702,0.20758870244026184,-0.38003650307655334,-0.03586941584944725,-0.3315931558609009,0.0,0.0,0.0,0.0,0.0,0.0,0.0
12446273917,0,0.0035956287756562233,-0.047432947903871536,-0.1658511459827423,6.569455581484362e-05,-0.04113857448101044,-0.8442511558532715,0.02491855062544346,0.004681235179305077,-0.024253858253359795,-0.0070599038153886795,0.012588810175657272,-0.5,-0.012740790843963623,-0.02632208727300167,-0.003419522661715746,0.0,0.0,-0.0047828578390181065,-0.02430533617734909,-0.0010490946006029844,0.008538847789168358,0.10121233761310577,0.209283247590065,-0.0014346162788569927,-0.4099586308002472,0.21166805922985077,-32.57619857788086,0.09825633466243744,0.20343069732189178,0.0035307765938341618,-0.0012019937857985497,-0.10618134588003159,-0.20666007697582245,0.00149924133438617,8.72055435180664,7.951536178588867,7.6650471687316895,8.21253776550293,0.003066406352445483,-0.024531250819563866,0.0,0.019931640475988388,0.0,-0.008189117535948753,-0.027807610109448433,0.008975899778306484,0.026605352759361267,0.0,-0.948743999004364,-0.03346461430191994,-10.003040313720703,-0.07277972996234894,0.026538148522377014,-5.917552471160889,0.0,0.0,0.0,0.0,0.0,0.0,0.0,0.0,0.0,0.0,0.0,0.0,-0.0059186480939388275,-0.023085832595825195,0.006258103996515274,0.02171885222196579,0.21158377826213837,0.20228920876979828,0.19249169528484344,0.20906776189804077,-1.123420238494873,-0.05903729051351547,0.22308051586151123,0.0,0.0,0.0,0.0,0.0,0.0,0.0
12457392907,0,0.0037281315308064222,-0.04729769006371498,-0.16583846509456635,6.569455581484362e-05,-0.04113857448101044,-0.8442511558532715,0.007568099070340395,2.1857449610251933e-06,-0.023313216865062714,-0.007324910722672939,0.012318292632699013,-0.5,-0.014045452699065208,-0.025846123695373535,-0.003035483183339238,0.0,0.0,-0.0047828578390181065,-0.02430533617734909,-0.0010490946006029844,0.008538847789168358,0.11156824231147766,0.20551125705242157,-0.0018788179149851203,-0.21410323679447174,0.1286192089319229,-32.50748825073242,0.147107794880867,0.20715072751045227,-0.008819001726806164,-0.0012250520521774888,-0.10618134588003159,-0.20666007697582245,0.00149924133438617,8.897274017333984,7.809844017028809,7.797488689422607,8.006091117858887,0.0,-0.024531250819563866,0.0015332031762227416,0.018398437649011612,0.0,-0.0035465708933770657,-0.015686267986893654,0.003705250099301338,0.014969049952924252,0.0,-0.948743999004364,-0.03346461430191994,-10.003040313720703,-0.03828701376914978,0.036788471043109894,-5.94126558303833,0.0,0.0,0.0,0.0,0.0,0.0,0.0,0.0,0.0,0.0,0.0,0.0,-0.00665649538859725,-0.023661421611905098,0.007120260037481785,0.02232223190367222,0.21158377826213837,0.20228920876979828,0.19249169528484344,0.20906776189804077,-1.123420238494873,-0.05903729051351547,0.22308051586151123,0.0,0.0,0.0,0.0,0.0,0.0,0.0
12466339265,0,0.0037281315308064222,-0.04729769006371498,-0.16583846509456635,6.569455581484362e-05,-0.04113857448101044,-0.8442511558532715,0.007568099070340395,2.1857449610251933e-06,-0.023313216865062714,-0.007324910722672939,0.012318292632699013,-0.5,-0.014045452699065208,-0.025846123695373535,-0.003035483183339238,0.0,0.0,-0.0047828578390181065,-0.011629008688032627,0.003163361456245184,0.004869577940553427,0.11156824231147766,0.20551125705242157,-0.0018788179149851203,-0.21410323679447174,0.1286192089319229,-32.50748825073242,0.147107794880867,0.20715072751045227,-0.008819001726806164,-0.0012250520521774888,-0.10647264122962952,-0.20675349235534668,0.0016497826436534524,8.897274017333984,7.809844017028809,7.797488689422607,8.006091117858887,-0.003066406352445483,-0.024531250819563866,0.0015332031762227416,0.016865234822034836,0.0,-0.0035465708933770657,-0.015686267986893654,0.003705250099301338,0.014969049952924252,0.0,-0.594405472278595,0.5022799372673035,-9.854670524597168,-0.03828701376914978,0.036788471043109894,-5.94126558303833,0.0,0.0,0.0,0.0,0.0,0.0,0.0,0.0,0.0,0.0,0.0,0.0,-0.006659680511802435,-0.0230320505797863,0.0071572610177099705,0.02179892361164093,0.21911561489105225,0.19704768061637878,0.19679532945156097,0.20104986429214478,0.11338753998279572,0.21615289151668549,-0.11602815240621567,0.0,0.0,0.0,0.0,0.0,0.0,0.0
12476255608,0,0.0038599753752350807,-0.047151628881692886,-0.1657980978488922,6.569455581484362e-05,-0.04113857448101044,-0.8442511558532715,0.027712829411029816,0.009828375652432442,-0.018604129552841187,-0.007588599808514118,0.012026169337332249,-0.5,-0.01314370147883892,-0.02601904422044754,-0.0031670203898102045,0.0,0.0,-0.0047828578390181065,-0.011629008688032627,0.003163361456245184,0.004869577940553427,0.10964473336935043,0.20405779778957367,-0.0017922339029610157,-0.3635002076625824,0.18348625302314758,-32.93048858642578,0.1149006262421608,0.2015555202960968,-0.0025313682854175568,-0.0012607446406036615,-0.10693351924419403,-0.20683810114860535,0.0019165435805916786,8.788224220275879,8.031705856323242,7.803699493408203,8.310471534729004,-0.003066406352445483,-0.024531250819563866,0.0015332031762227416,0.013798828236758709,0.0,-0.007398025598376989,-0.0242511834949255,0.007980169728398323,0.02310766838490963,0.0,-0.594405472278595,0.5022799372673035,-9.854670524597168,-0.07951890677213669,0.015694808214902878,-5.984472751617432,0.0,0.0,0.0,0.0,0.0,0.0,0.0,0.0,0.0,0.0,0.0,0.0,-0.006264467723667622,-0.021762138232588768,0.006735678296536207,0.020656708627939224,0.21691438555717468,0.20157168805599213,0.1969221830368042,0.20724016427993774,0.11338753998279572,0.21615289151668549,-0.11602815240621567,0.0,0.0,0.0,0.0,0.0,0.0,0.0
12486159104,0,0.003913610242307186,-0.04706208035349846,-0.16576705873012543,6.569455581484362e-05,-0.04113857448101044,-0.8442511558532715,0.014037691988050938,0.008498302660882473,-0.021707724779844284,-0.007695870008319616,0.011847071349620819,-0.5,-0.013064654543995857,-0.02594994567334652,-0.0033670009579509497,0.0,0.0,-0.0047828578390181065,0.0012897627893835306,0.0039022453129291534,-0.0024498701095581055,0.10600399971008301,0.20474322140216827,-0.0015746538992971182,-0.4373539984226227,0.08632144331932068,-32.91460037231445,0.09564336389303207,0.20091287791728973,0.006099926773458719,-0.0012793531641364098,-0.10699459910392761,-0.20681637525558472,0.0019190533785149455,8.539084434509277,8.214245796203613,7.613255977630615,8.55221176147461,-0.003066406352445483,-0.024531250819563866,0.003066406352445483,0.013798828236758709,0.0,-0.014697580598294735,-0.0227110106498003,0.016119709238409996,0.021488100290298462,0.0,-0.12169919162988663,0.3607960045337677,-9.740291595458984,-0.0522041991353035,0.01793464832007885,-5.968019485473633,0.0,0.0,0.0,0.0,0.0,0.0,0.0,0.0,0.0,0.0,0.0,0.0,-0.006438336335122585,-0.02113071084022522,0.006936263293027878,0.02009706012904644,0.21691438555717468,0.20157168805599213,0.1969221830368042,0.20724016427993774,0.685261607170105,0.15117089450359344,-0.41047513484954834,0.0,0.0,0.0,0.0,0.0,0.0,0.0
12496198956,0,0.003913610242307186,-0.04706208035349846,-0.16576705873012543,6.569455581484362e-05,-0.04113857448101044,-0.8442511558532715,0.014037691988050938,0.008498302660882473,-0.021707724779844284,-0.007695870008319616,0.011847071349620819,-0.5,-0.013064654543995857,-0.02594994567334652,-0.0033670009579509497,0.0,0.0,-0.0047828578390181065,0.011619712226092815,-0.006776141468435526,-0.011709783226251602,0.10600399971008301,0.20474322140216827,-0.0015746538992971182,-0.23696263134479523,0.11898289620876312,-32.89400100708008,0.0847800001502037,0.20967191457748413,0.01318234670907259,-0.001296607544645667,-0.10699459910392761,-0.20681637525558472,0.0019190533785149455,8.354297637939453,8.355399131774902,7.433595657348633,8.75471019744873,-0.0015332031762227416,-0.024531250819563866,0.004599609412252903,0.015332031063735485,0.0,-0.005161616951227188,-0.0152308763936162,0.0054217311553657055,0.014214124530553818,0.0,-0.1643429696559906,0.3391995131969452,-10.317388534545898,-0.0522041991353035,0.01793464832007885,-5.968019485473633,0.0,0.0,0.0,0.0,0.0,0.0,0.0,0.0,0.0,0.0,0.0,0.0,-0.007271249778568745,-0.020837752148509026,0.007860500365495682,0.0198176559060812,0.21187588572502136,0.20528550446033478,0.1930295079946518,0.21214181184768677,0.5833341479301453,-0.43628743290901184,-0.3974994122982025,0.0,0.0,0.0,0.0,0.0,0.0,0.0
12507070721,0,0.0040365345776081085,-0.04690653085708618,-0.16568675637245178,6.569455581484362e-05,-0.04113857448101044,-0.8442511558532715,0.012863792479038239,0.006181435659527779,-0.01984214037656784,-0.007941720075905323,0.011535970494151115,-0.5,-0.013497618958353996,-0.025922764092683792,-0.003410806879401207,0.0,0.0,-0.0047828578390181065,0.011619712226092815,-0.006776141468435526,-0.011709783226251602,0.10402211546897888,0.20766447484493256,-0.0012406513560563326,-0.2776947617530823,0.12339530885219574,-32.97052001953125,0.08656906336545944,0.2188034951686859,0.013132317923009396,-0.001305474666878581,-0.10682011395692825,-0.20684783160686493,0.0015863925218582153,8.391252517700195,8.362332344055176,7.437440872192383,8.7828950881958,0.0,-0.02299804612994194,0.0076660155318677425,0.018398437649011612,0.0,-0.006670340895652771,-0.01712832599878311,0.007144197355955839,0.015984905883669853,0.0,-0.5824379324913025,-0.179762601852417,-10.186006546020508,-0.05048995465040207,0.022435510531067848,-5.994640350341797,0.0,0.0,0.0,0.0,0.0,0.0,0.0,0.0,0.0,0.0,0.0,0.0,-0.007801113184541464,-0.020091654732823372,0.008438008837401867,0.01906348578631878,0.20887960493564606,0.20829269289970398,0.18942853808403015,0.21680685877799988,0.5833341479301453,-0.43628743290901184,-0.3974994122982025,0.0,0.0,0.0,0.0,0.0,0.0,0.0
12518941311,0,0.004085129126906395,-0.04683380573987961,-0.16568438708782196,6.569455581484362e-05,-0.04113857448101044,-0.8442511558532715,0.02277711220085621,0.014155255630612373,-0.024737097322940826,-0.008038909174501896,0.011390519328415394,-0.5,-0.013064241968095303,-0.026266522705554962,-0.003517508739605546,0.0,0.0,-0.0047828578390181065,0.0042280214838683605,-0.008071835152804852,-0.008777769282460213,0.10198825597763062,0.2082527130842209,-0.0012315843487158418,-0.38807737827301025,0.030668141320347786,-32.78718185424805,0.09952447563409805,0.21892715990543365,0.007663286291062832,-0.0013062292709946632,-0.1067071259021759,-0.20699073374271393,0.0013917407486587763,8.502373695373535,8.199347496032715,7.508134841918945,8.580684661865234,-0.0015332031762227416,-0.02299804612994194,0.009199218824505806,0.019931640475988388,0.0,-0.015029670670628548,-0.01823035068809986,0.01664184406399727,0.017089109867811203,0.0,-0.5824379324913025,-0.179762601852417,-10.186006546020508,-0.07055952399969101,0.005576025694608688,-5.961306095123291,0.0,0.0,0.0,0.0,0.0,0.0,0.0,0.0,0.0,0.0,0.0,0.0,-0.008169078268110752,-0.01914120651781559,0.00884197372943163,0.018093744292855263,0.20887960493564606,0.20829269289970398,0.18942853808403015,0.21680685877799988,-0.0037275857757776976,-0.3003300726413727,-0.098349429666996,0.0,0.0,0.0,0.0,0.0,0.0,0.0
12528513153,0,0.004085129126906395,-0.04683380573987961,-0.16568438708782196,6.569455581484362e-05,-0.04113857448101044,-0.8442511558532715,0.02277711220085621,0.014155255630612373,-0.024737097322940826,-0.008038909174501896,0.011390519328415394,-0.5,-0.013064241968095303,-0.026266522705554962,-0.003517508739605546,0.0,0.0,-0.0047828578390181065,0.0042280214838683605,-0.008071835152804852,-0.008777769282460213,0.10198825597763062,0.2082527130842209,-0.0012315843487158418,-0.38807737827301025,0.030668141320347786,-32.78718185424805,0.09952447563409805,0.21892715990543365,0.007663286291062832,-0.0013062292709946632,-0.1067071259021759,-0.20699073374271393,0.0013917407486587763,8.502373695373535,8.199347496032715,7.508134841918945,8.580684661865234,-0.004599609412252903,-0.02299804612994194,0.009199218824505806,0.021464843302965164,0.0,-0.015029670670628548,-0.01823035068809986,0.01664184406399727,0.017089109867811203,0.0,-0.5538504719734192,-0.09179487079381943,-10.042757034301758,-0.07055952399969101,0.005576025694608688,-5.961306095123291,0.0,0.0,0.0,0.0,0.0,0.0,0.0,0.0,0.0,0.0,0.0,0.0,-0.009230382740497589,-0.01845484972000122,0.010041791945695877,0.017380492761731148,0.21113215386867523,0.2049827128648758,0.19087737798690796,0.21271827816963196,-0.0037275857757776976,-0.3003300726413727,-0.098349429666996,0.0,0.0,0.0,0.0,0.0,0.0,0.0
12536410040,0,0.004125512670725584,-0.04666992649435997,-0.16573737561702728,6.569455581484362e-05,-0.04113857448101044,-0.8442511558532715,0.013148408383131027,-0.0009439993882551789,-0.024378236383199692,-0.008119677193462849,0.011062758974730968,-0.5,-0.013783609494566917,-0.02572881057858467,-0.0030277615878731012,0.0,0.0,-0.0047828578390181065,0.0042280214838683605,-0.008071835152804852,-0.008777769282460213,0.10198825597763062,0.2082527130842209,-0.0012315843487158418,-0.2631482779979706,0.10340574383735657,-32.81878662109375,0.12199398875236511,0.19439032673835754,-0.012681647203862667,-0.0013008833630010486,-0.10662326961755753,-0.20699486136436462,0.001358700217679143,9.015593528747559,7.770855903625488,8.027968406677246,8.007731437683105,-0.0076660155318677425,-0.02299804612994194,0.009199218824505806,0.018398437649011612,0.0,-0.006421310361474752,-0.016859998926520348,0.006859013345092535,0.016008013859391212,0.0,-0.5538504719734192,-0.09179487079381943,-10.042757034301758,-0.05116388201713562,0.03593554347753525,-5.987812042236328,0.0,0.0,0.0,0.0,0.0,0.0,0.0,0.0,0.0,0.0,0.0,0.0,-0.010425352491438389,-0.018012648448348045,0.011398466303944588,0.01692606694996357,0.22150102257728577,0.1962512880563736,0.2014954835176468,0.20108340680599213,-0.0037275857757776976,-0.3003300726413727,-0.098349429666996,0.0,0.0,0.0,0.0,0.0,0.0,0.0
12546423730,0,0.004125512670725584,-0.04666992649435997,-0.16573737561702728,6.569455581484362e-05,-0.04113857448101044,-0.8442511558532715,0.013148408383131027,-0.0009439993882551789,-0.024378236383199692,-0.00810044351965189,0.010975460521876812,-0.5,-0.013783609494566917,-0.02572881057858467,-0.0030277615878731012,0.0,0.0,-0.0047828578390181065,-0.004243367817252874,-0.010582804679870605,0.002840702421963215,0.10948720574378967,0.20457807183265686,-0.0018931174417957664,-0.2631482779979706,0.10340574383735657,-32.81878662109375,0.12199398875236511,0.19439032673835754,-0.012681647203862667,-0.0013008833630010486,-0.10662326961755753,-0.20699486136436462,0.001358700217679143,9.015593528747559,7.770855903625488,8.027968406677246,8.007731437683105,-0.009199218824505806,-0.02299804612994194,0.009199218824505806,0.016865234822034836,0.0,-0.006421310361474752,-0.016859998926520348,0.006859013345092535,0.016008013859391212,0.0,-0.246283620595932,0.13593623042106628,-9.583343505859375,-0.0516943484544754,0.014460706152021885,-6.016761779785156,0.0,0.0,0.0,0.0,0.0,0.0,0.0,0.0,0.0,0.0,0.0,0.0,-0.010671318508684635,-0.017645690590143204,0.01167934201657772,0.016583042219281197,0.22150102257728577,0.1962512880563736,0.2014954835176468,0.20108340680599213,0.0463528111577034,-0.4299834668636322,-0.11275310814380646,0.0,0.0,0.0,0.0,0.0,0.0,0.0
12556536321,0,0.004115895833820105,-0.04662627726793289,-0.1657721996307373,6.569455581484362e-05,-0.04113857448101044,-0.8442511558532715,0.013083253987133503,0.009406507015228271,-0.022701919078826904,-0.00810044351965189,0.010975460521876812,-0.5,-0.013102365657687187,-0.026372257620096207,-0.003422714304178953,0.0,0.0,-0.0047828578390181065,-0.004243367817252874,-0.010582804679870605,0.002840702421963215,0.10408622026443481,0.20968282222747803,-0.0014246792998164892,-0.2966804504394531,0.1371927559375763,-32.768009185791016,0.10786605626344681,0.22456546127796173,-0.0007564292754977942,-0.0013150761369615793,-0.10681573301553726,-0.20715168118476868,0.0016163093969225883,8.731841087341309,7.985649585723877,7.690390586853027,8.364564895629883,-0.0076660155318677425,-0.021464843302965164,0.009199218824505806,0.015332031063735485,0.0,-0.006621429696679115,-0.01938934251666069,0.0071463799104094505,0.018169062212109566,0.0,-0.06006553769111633,-0.25121060013771057,-9.378424644470215,-0.0516943484544754,0.014460706152021885,-6.016761779785156,0.0,0.0,0.0,0.0,0.0,0.0,0.0,0.0,0.0,0.0,0.0,0.0,-0.010017277672886848,-0.017436916008591652,0.01094125397503376,0.0164079200476408,0.21577544510364532,0.20063333213329315,0.1946071982383728,0.20833800733089447,0.0463528111577034,-0.4299834668636322,-0.11275310814380646,0.0,0.0,0.0,0.0,0.0,0.0,0.0
12567295475,0,0.0041116103529930115,-0.04659601300954819,-0.16573286056518555,6.569455581484362e-05,-0.04113857448101044,-0.8442511558532715,0.011998763307929039,0.0035646120086312294,-0.01347164437174797,-0.008091872557997704,0.010914932005107403,-0.5,-0.01293902937322855,-0.026436174288392067,-0.0037190287839621305,0.0,0.0,-0.0047828578390181065,0.007512103766202927,-0.011832996271550655,-0.008615478873252869,0.10259777307510376,0.2086019665002823,-0.0011581296566873789,-0.2843189239501953,0.0795338824391365,-33.09218978881836,0.08900251984596252,0.2246609330177307,0.012832343578338623,-0.001325551769696176,-0.1068093478679657,-0.20734985172748566,0.0015430657658725977,8.444620132446289,8.377038955688477,7.460249900817871,8.814911842346191,-0.004599609412252903,-0.021464843302965164,0.009199218824505806,0.013798828236758709,0.0,-0.008744526654481888,-0.01552905049175024,0.009512107819318771,0.014430660754442215,0.0,-0.06006553769111633,-0.25121060013771057,-9.378424644470215,-0.0501314252614975,0.02611400932073593,-6.0932087898254395,0.0,0.0,0.0,0.0,0.0,0.0,0.0,0.0,0.0,0.0,0.0,0.0,-0.00915769673883915,-0.017399748787283897,0.009973875246942043,0.01637461967766285,0.2099616825580597,0.2085912525653839,0.18989616632461548,0.21745330095291138,0.6285609006881714,-0.2643410563468933,-0.5848604440689087,0.0,0.0,0.0,0.0,0.0,0.0,0.0
12576411111,0,0.0041116103529930115,-0.04659601300954819,-0.16573286056518555,6.569455581484362e-05,-0.04113857448101044,-0.8442511558532715,0.011998763307929039,0.0035646120086312294,-0.01347164437174797,-0.008091872557997704,0.010914932005107403,-0.5,-0.01293902937322855,-0.026436174288392067,-0.0037190287839621305,0.0,0.0,-0.0047828578390181065,0.018041374161839485,-0.003732076846063137,-0.011856518685817719,0.10259777307510376,0.2086019665002823,-0.0011581296566873789,-0.33906495571136475,0.19445642828941345,-33.418861389160156,0.0780194103717804,0.21089541912078857,0.011934508569538593,-0.0013222048291936517,-0.10639996081590652,-0.20758455991744995,0.0011142819421365857,8.511070251464844,8.440552711486816,7.602307319641113,8.869091987609863,-0.006132812704890966,-0.021464843302965164,0.009199218824505806,0.013798828236758709,0.0,-0.006175995338708162,-0.02252003736793995,0.00653617549687624,0.021107574924826622,0.0,-0.34694984555244446,-0.007492947857826948,-9.304908752441406,-0.0501314252614975,0.02611400932073593,-6.0932087898254395,0.0,0.0,0.0,0.0,0.0,0.0,0.0,0.0,0.0,0.0,0.0,0.0,-0.008442271500825882,-0.017536863684654236,0.009166478179395199,0.016480006277561188,0.2099616825580597,0.2085912525653839,0.18989616632461548,0.21745330095291138,0.5229524970054626,0.15863247215747833,-0.24298514425754547,0.0,0.0,0.0,0.0,0.0,0.0,0.0
12586124693,0,0.004139327444136143,-0.04660734534263611,-0.16556324064731598,6.569455581484362e-05,-0.04113857448101044,-0.8442511558532715,0.017874786630272865,-0.0009968209778890014,-0.01609509252011776,-0.008147306740283966,0.010937596671283245,-0.5,-0.013092140667140484,-0.02612527273595333,-0.0035792184062302113,0.0,0.0,-0.0047828578390181065,0.0073128314688801765,-0.00048809501458890736,-0.008816747926175594,0.10129030793905258,0.2087496668100357,-0.000946582411415875,-0.33906495571136475,0.19445642828941345,-33.418861389160156,0.0780194103717804,0.21089541912078857,0.011934508569538593,-0.0013222048291936517,-0.10639996081590652,-0.20758455991744995,0.0011142819421365857,8.511070251464844,8.440552711486816,7.602307319641113,8.869091987609863,-0.0076660155318677425,-0.021464843302965164,0.0076660155318677425,0.015332031063735485,0.0,-0.006175995338708162,-0.02252003736793995,0.00653617549687624,0.021107574924826622,0.0,-0.2784065902233124,-0.23394331336021423,-9.74605655670166,-0.0616481751203537,0.035355713218450546,-6.0761566162109375,0.0,0.0,0.0,0.0,0.0,0.0,0.0,0.0,0.0,0.0,0.0,0.0,-0.007790718227624893,-0.018201325088739395,0.00842131394892931,0.017077729105949402,0.2113085389137268,0.20987926423549652,0.19280558824539185,0.21854715049266815,-0.2818680703639984,0.2302154153585434,-0.004344794433563948,0.0,0.0,0.0,0.0,0.0,0.0,0.0
12596067681,0,0.004169735591858625,-0.046609699726104736,-0.16547000408172607,6.569455581484362e-05,-0.04113857448101044,-0.8442511558532715,0.012888491153717041,0.005294812377542257,-0.019840307533740997,-0.008208123035728931,0.010942305438220501,-0.5,-0.012643125839531422,-0.026172040030360222,-0.0037229331210255623,0.0,0.0,-0.0047828578390181065,0.0073128314688801765,-0.00048809501458890736,-0.008816747926175594,0.10129030793905258,0.2087496668100357,-0.000946582411415875,-0.28400081396102905,0.12263577431440353,-33.297508239746094,0.0780194103717804,0.21089541912078857,0.011934508569538593,-0.0013222048291936517,-0.10639996081590652,-0.20758455991744995,0.0011142819421365857,8.625560760498047,8.333516120910645,7.66618537902832,8.675414085388184,-0.009199218824505806,-0.021464843302965164,0.0076660155318677425,0.015332031063735485,0.0,-0.006780866999179125,-0.017425091937184334,0.007254516240209341,0.016406934708356857,0.0,-0.2784065902233124,-0.23394331336021423,-9.74605655670166,-0.05163651332259178,0.022297414019703865,-6.0540924072265625,0.0,0.0,0.0,0.0,0.0,0.0,0.0,0.0,0.0,0.0,0.0,0.0,-0.007200219202786684,-0.019089993089437485,0.00774011155590415,0.01789846271276474,0.2113085389137268,0.20987926423549652,0.19280558824539185,0.21854715049266815,-0.2818680703639984,0.2302154153585434,-0.004344794433563948,0.0,0.0,0.0,0.0,0.0,0.0,0.0
12606338630,0,0.004169735591858625,-0.046609699726104736,-0.16547000408172607,6.569455581484362e-05,-0.04113857448101044,-0.8442511558532715,0.012888491153717041,0.005294812377542257,-0.019840307533740997,-0.008208123035728931,0.010942305438220501,-0.5,-0.012643125839531422,-0.026172040030360222,-0.0037229331210255623,0.0,0.0,-0.0047828578390181065,-0.009599752724170685,0.008431228809058666,-0.005316801834851503,0.10485745966434479,0.20805463194847107,-0.001088497112505138,-0.28400081396102905,0.12263577431440353,-33.297508239746094,0.10036330670118332,0.20624057948589325,0.007148534059524536,-0.001308897975832224,-0.1061588004231453,-0.20764721930027008,0.0009180859779007733,8.625560760498047,8.333516120910645,7.66618537902832,8.675414085388184,-0.009199218824505806,-0.021464843302965164,0.0076660155318677425,0.015332031063735485,0.0,-0.006779191084206104,-0.0174233540892601,0.007256402168422937,0.01640859805047512,0.0,-0.13573482632637024,-0.1532268226146698,-10.034629821777344,-0.05163651332259178,0.022297414019703865,-6.0540924072265625,0.0,0.0,0.0,0.0,0.0,0.0,0.0,0.0,0.0,0.0,0.0,0.0,-0.0068044415675103664,-0.01945478841662407,0.0072824303060770035,0.018243806436657906,0.21362639963626862,0.20770801603794098,0.19411225616931915,0.2146347165107727,-1.0141654014587402,0.5657827258110046,0.181599959731102,0.0,0.0,0.0,0.0,0.0,0.0,0.0
12616330449,0,0.004133983515202999,-0.04664422199130058,-0.16529308259487152,6.569455581484362e-05,-0.04113857448101044,-0.8442511558532715,0.021259520202875137,-0.004100130870938301,-0.022489089518785477,-0.008136618882417679,0.011011349968612194,-0.5,-0.014131223782896996,-0.025715261697769165,-0.0036364577244967222,0.0,0.0,-0.0047828578390181065,-0.026316754519939423,0.014811418950557709,-0.0012862631119787693,0.1122751459479332,0.20445771515369415,-0.0011575066018849611,-0.24593329429626465,0.24196211993694305,-33.51240539550781,0.14891448616981506,0.18302586674690247,-0.0017033080803230405,-0.0012746212305501103,-0.1061588004231453,-0.20764721930027008,0.0009180859779007733,8.939873695373535,8.276001930236816,7.90199089050293,8.397737503051758,-0.0076660155318677425,-0.021464843302965164,0.0076660155318677425,0.016865234822034836,0.0,-0.00031202437821775675,-0.021011993288993835,2.35019251704216e-06,0.020377326756715775,0.0,-0.13573482632637024,-0.1532268226146698,-10.034629821777344,-0.06781305372714996,0.0425696037709713,-6.048308372497559,0.0,0.0,0.0,0.0,0.0,0.0,0.0,0.0,0.0,0.0,0.0,0.0,-0.006306868512183428,-0.01942497305572033,0.006717804353684187,0.01825801283121109,0.21362639963626862,0.20770801603794098,0.19411225616931915,0.2146347165107727,-1.2971584796905518,0.5510095953941345,0.31983742117881775,0.0,0.0,0.0,0.0,0.0,0.0,0.0
12626399575,0,0.004133983515202999,-0.04664422199130058,-0.16529308259487152,6.569455581484362e-05,-0.04113857448101044,-0.8442511558532715,0.021259520202875137,-0.004100130870938301,-0.022489089518785477,-0.007965468801558018,0.011127542704343796,-0.5,-0.014131223782896996,-0.025715261697769165,-0.0036364577244967222,0.0,0.0,-0.0047828578390181065,-0.005689875688403845,0.004086813889443874,0.008921404369175434,0.1122751459479332,0.20445771515369415,-0.0011575066018849611,-0.24593329429626465,0.24196211993694305,-33.51240539550781,0.14891448616981506,0.18302586674690247,-0.0017033080803230405,-0.0012746212305501103,-0.10637232661247253,-0.20745714008808136,0.0006913382094353437,8.939873695373535,8.276001930236816,7.90199089050293,8.397737503051758,-0.006132812704890966,-0.021464843302965164,0.006132812704890966,0.016865234822034836,0.0,-0.00031202437821775675,-0.021011993288993835,2.35019251704216e-06,0.020377326756715775,0.0,-0.2763940095901489,0.5468494296073914,-10.349844932556152,-0.04192252829670906,0.030247384682297707,-5.963069915771484,0.0,0.0,0.0,0.0,0.0,0.0,0.0,0.0,0.0,0.0,0.0,0.0,-0.00525428494438529,-0.019537605345249176,0.005535572301596403,0.018472986295819283,0.21997487545013428,0.20654018223285675,0.19892793893814087,0.20901110768318176,0.577298641204834,-0.2707982361316681,0.47356995940208435,0.0,0.0,0.0,0.0,0.0,0.0,0.0
12637138979,0,0.004048408940434456,-0.046702317893505096,-0.16535843908786774,6.569455581484362e-05,-0.04113857448101044,-0.8442511558532715,0.008826113305985928,0.00171450967900455,-0.0366082601249218,-0.007965468801558018,0.011127542704343796,-0.5,-0.01341175101697445,-0.025742441415786743,-0.0035041063092648983,0.0,0.0,-0.0047828578390181065,0.010663802735507488,-0.003208523616194725,0.0073443688452243805,0.10655097663402557,0.20467515289783478,-0.0013271976495161653,-0.27076250314712524,0.22538131475448608,-32.80783462524414,0.10646786540746689,0.20329633355140686,-0.011179775930941105,-0.0012423762818798423,-0.10694578289985657,-0.20717847347259521,0.0008082689018920064,8.96706485748291,7.766157627105713,7.9964599609375,8.08151626586914,-0.006132812704890966,-0.021464843302965164,0.004599609412252903,0.015332031063735485,0.0,-0.0019398847362026572,-0.022762734442949295,0.0018376001389697194,0.021540068089962006,0.0,-0.47850683331489563,0.4256860315799713,-9.7744779586792,-0.04192252829670906,0.030247384682297707,-5.963069915771484,0.0,0.0,0.0,0.0,0.0,0.0,0.0,0.0,0.0,0.0,0.0,0.0,-0.0038997260853648186,-0.01994583196938038,0.0040177698247134686,0.0189837533980608,0.2205229103565216,0.19615554809570312,0.20085370540618896,0.20258577167987823,1.118251919746399,-0.4790250062942505,0.18763823807239532,0.0,0.0,0.0,0.0,0.0,0.0,0.0
12646377615,0,0.004024365916848183,-0.04671718180179596,-0.1654176115989685,6.569455581484362e-05,-0.04113857448101044,-0.8442511558532715,0.008828994818031788,0.002788604935631156,-0.028968635946512222,-0.007917382754385471,0.011157270520925522,-0.5,-0.013066544197499752,-0.02601778320968151,-0.0036209779791533947,0.0,0.0,-0.0047828578390181065,0.010663802735507488,-0.003208523616194725,0.0073443688452243805,0.10381100326776505,0.20686079561710358,-0.001190138515084982,-0.23057390749454498,0.16636061668395996,-32.79688262939453,0.08196468651294708,0.21485956013202667,-0.007041125558316708,-0.0012361378176137805,-0.1069105938076973,-0.20719055831432343,0.0009423518786206841,8.84099292755127,7.811419486999512,7.9101152420043945,8.237740516662598,-0.006132812704890966,-0.018398437649011612,0.006132812704890966,0.015332031063735485,0.0,-0.0027198868338018656,-0.018138693645596504,0.002700241282582283,0.01687362603843212,0.0,-0.47850683331489563,0.4256860315799713,-9.7744779586792,-0.042505234479904175,0.028048215433955193,-6.033803462982178,0.0,0.0,0.0,0.0,0.0,0.0,0.0,0.0,0.0,0.0,0.0,0.0,-0.002832780359312892,-0.020372318103909492,0.0028241274412721395,0.019437752664089203,0.2179800122976303,0.19707989692687988,0.19909363985061646,0.20576289296150208,1.118251919746399,-0.4790250062942505,0.18763823807239532,0.0,0.0,0.0,0.0,0.0,0.0,0.0
12659427453,0,0.004024365916848183,-0.04671718180179596,-0.1654176115989685,6.569455581484362e-05,-0.04113857448101044,-0.8442511558532715,0.008828994818031788,0.002788604935631156,-0.028968635946512222,-0.007610836066305637,0.011314299888908863,-0.5,-0.013066544197499752,-0.02601778320968151,-0.0036209779791533947,0.0,0.0,-0.0047828578390181065,0.008808935061097145,-0.00180444261059165,-0.0021937477868050337,0.10381100326776505,0.20686079561710358,-0.001190138515084982,-0.23057390749454498,0.16636061668395996,-32.79688262939453,0.08196468651294708,0.21485956013202667,-0.007041125558316708,-0.0012361378176137805,-0.1069105938076973,-0.20719055831432343,0.0009423518786206841,8.84099292755127,7.811419486999512,7.9101152420043945,8.237740516662598,-0.006132812704890966,-0.016865234822034836,0.006132812704890966,0.016865234822034836,0.0,-0.0027198868338018656,-0.018138693645596504,0.002700241282582283,0.01687362603843212,0.0,0.1277126520872116,-0.2633013129234314,-9.143476486206055,-0.06183100491762161,0.046727489680051804,-6.090341567993164,0.0,0.0,0.0,0.0,0.0,0.0,0.0,0.0,0.0,0.0,0.0,0.0,-0.0022512287832796574,-0.02038322016596794,0.0021744242403656244,0.019403155893087387,0.2179800122976303,0.19707989692687988,0.19909363985061646,0.20576289296150208,0.06742791831493378,-0.0059933108277618885,-0.3418981730937958,0.0,0.0,0.0,0.0,0.0,0.0,0.0
12666171555,0,0.0038710935041308403,-0.04679569602012634,-0.16546054184436798,6.569455581484362e-05,-0.04113857448101044,-0.8442511558532715,0.01867329329252243,-0.0062402687035501,-0.02289126254618168,-0.007610836066305637,0.011314299888908863,-0.5,-0.013258269988000393,-0.025818729773163795,-0.003586253384128213,0.0,0.0,-0.0047828578390181065,0.00184500846080482,-0.002081895712763071,-0.0051540806889534,0.1065356433391571,0.20472769439220428,-0.0008607475319877267,-0.2826014459133148,0.23910923302173615,-33.52912521362305,0.09585095942020416,0.20714396238327026,0.005374176427721977,-0.0012326788855716586,-0.10651224106550217,-0.2073216736316681,0.0010634674690663815,8.649372100830078,8.368891716003418,7.659290790557861,8.69344711303711,-0.004599609412252903,-0.019931640475988388,0.006132812704890966,0.018398437649011612,0.0,-0.001932706218212843,-0.02220219001173973,0.0018326689023524523,0.02106485515832901,0.0,0.1277126520872116,-0.2633013129234314,-9.143476486206055,-0.06183100491762161,0.046727489680051804,-6.090341567993164,0.0,0.0,0.0,0.0,0.0,0.0,0.0,0.0,0.0,0.0,0.0,0.0,-0.0020153806544840336,-0.020161863416433334,0.0019118969794362783,0.0191127210855484,0.21559083461761475,0.20780573785305023,0.19630460441112518,0.2150934487581253,-0.29684168100357056,-0.02965976484119892,-0.313051700592041,0.0,0.0,0.0,0.0,0.0,0.0,0.0
12676711539,0,0.0038710935041308403,-0.04679569602012634,-0.16546054184436798,6.569455581484362e-05,-0.04113857448101044,-0.8442511558532715,0.01867329329252243,-0.0062402687035501,-0.02289126254618168,-0.007610836066305637,0.011314299888908863,-0.5,-0.013258269988000393,-0.025818729773163795,-0.003586253384128213,0.0,0.0,-0.0047828578390181065,0.00184500846080482,-0.002081895712763071,-0.0051540806889534,0.1065356433391571,0.20472769439220428,-0.0008607475319877267,-0.26203620433807373,0.19538822770118713,-33.36780548095703,0.10817211121320724,0.20843614637851715,0.007509651593863964,-0.0012285197153687477,-0.10641267150640488,-0.2073480635881424,0.0009852758375927806,8.649372100830078,8.368891716003418,7.659290790557861,8.69344711303711,-0.0015332031762227416,-0.018398437649011612,0.006132812704890966,0.018398437649011612,0.0,-0.0028787071350961924,-0.019485212862491608,0.00290213362313807,0.018450411036610603,0.0,0.1277126520872116,-0.2633013129234314,-9.143476486206055,-0.06183100491762161,0.046727489680051804,-6.090341567993164,0.0,0.0,0.0,0.0,0.0,0.0,0.0,0.0,0.0,0.0,0.0,0.0,-0.001964086899533868,-0.020116696134209633,0.001857522176578641,0.019016146659851074,0.21410802006721497,0.20842596888542175,0.193971186876297,0.2149992734193802,-0.29684168100357056,-0.02965976484119892,-0.313051700592041,0.0,0.0,0.0,0.0,0.0,0.0,0.0
12686198863,0,0.003813627175986767,-0.046843163669109344,-0.16542258858680725,6.569455581484362e-05,-0.04113857448101044,-0.8442511558532715,0.011761869303882122,-0.000564063258934766,-0.026918966323137283,-0.007495902944356203,0.011409235186874866,-0.5,-0.01325633842498064,-0.025900285691022873,-0.003684715833514929,0.0,0.0,-0.0047828578390181065,0.0035147657617926598,-0.003258527023717761,-0.0056337169371545315,0.10704870522022247,0.20605765283107758,-0.0009532609255984426,-0.26203620433807373,0.19538822770118713,-33.36780548095703,0.10817211121320724,0.20843614637851715,0.007509651593863964,-0.0012285197153687477,-0.10641267150640488,-0.2073480635881424,0.0009852758375927806,8.649372100830078,8.368891716003418,7.659290790557861,8.69344711303711,-0.0015332031762227416,-0.019931640475988388,0.004599609412252903,0.018398437649011612,0.0,-0.0028787071350961924,-0.019485212862491608,0.00290213362313807,0.018450411036610603,0.0,0.09752443432807922,0.04858870804309845,-9.759920120239258,-0.04764294624328613,0.035525131970644,-6.066874027252197,0.0,0.0,0.0,0.0,0.0,0.0,0.0,0.0,0.0,0.0,0.0,0.0,-0.002063991501927376,-0.020103296265006065,0.0019742026925086975,0.01898486539721489,0.21410802006721497,0.20842596888542175,0.193971186876297,0.2149992734193802,-0.060580722987651825,-0.06894023716449738,-0.1698179543018341,0.0,0.0,0.0,0.0,0.0,0.0,0.0
12696551507,0,0.003674589330330491,-0.04682004451751709,-0.16523869335651398,6.569455581484362e-05,-0.04113857448101044,-0.8442511558532715,0.010638716630637646,0.003034113207831979,-0.008780228905379772,-0.00721782585605979,0.011362996883690357,-0.5,-0.01308219414204359,-0.025824353098869324,-0.0038772597908973694,0.0,0.0,-0.0047828578390181065,0.006482341326773167,-0.0019829149823635817,-0.002492422703653574,0.10343632102012634,0.2059820592403412,-0.0011304470244795084,-0.2515253722667694,0.15717142820358276,-34.206443786621094,0.09581144899129868,0.20793192088603973,0.001405725721269846,-0.0012083847541362047,-0.10627664625644684,-0.2074190080165863,0.0007806718349456787,8.991738319396973,8.407170295715332,8.041520118713379,8.76878547668457,-0.0015332031762227416,-0.019931640475988388,0.004599609412252903,0.016865234822034836,0.0,-0.0038560612592846155,-0.01734434999525547,0.003985040821135044,0.01632940024137497,0.0,0.09752443432807922,0.04858870804309845,-9.759920120239258,-0.045731887221336365,0.028576623648405075,-6.219353199005127,0.0,0.0,0.0,0.0,0.0,0.0,0.0,0.0,0.0,0.0,0.0,0.0,-0.0023085500579327345,-0.019883889704942703,0.0022527724504470825,0.018773013725876808,0.21410802006721497,0.20842596888542175,0.193971186876297,0.2149992734193802,0.11425294727087021,0.003305490594357252,0.08241409063339233,0.0,0.0,0.0,0.0,0.0,0.0,0.0
12706156880,0,0.003674589330330491,-0.04682004451751709,-0.16523869335651398,6.569455581484362e-05,-0.04113857448101044,-0.8442511558532715,0.010638716630637646,0.003034113207831979,-0.008780228905379772,-0.00721782585605979,0.011362996883690357,-0.5,-0.01308219414204359,-0.025824353098869324,-0.0038772597908973694,0.0,0.0,-0.0047828578390181065,0.006482341326773167,-0.0019829149823635817,-0.002492422703653574,0.10343632102012634,0.2059820592403412,-0.0011304470244795084,-0.35693174600601196,0.1441766768693924,-34.024417877197266,0.1138496845960617,0.18952789902687073,-0.007757119834423065,-0.0011834076140075922,-0.10621850192546844,-0.20730829238891602,0.000843745656311512,9.17404556274414,8.18925952911377,8.226186752319336,8.437901496887207,-0.0015332031762227416,-0.019931640475988388,0.004599609412252903,0.018398437649011612,0.0,-0.008339561522006989,-0.02179306000471115,0.00898775365203619,0.02084582857787609,0.0,0.09752443432807922,0.04858870804309845,-9.759920120239258,-0.045731887221336365,0.028576623648405075,-6.219353199005127,0.0,0.0,0.0,0.0,0.0,0.0,0.0,0.0,0.0,0.0,0.0,0.0,-0.0028761294670403004,-0.019611356779932976,0.0028902548365294933,0.018524106591939926,0.22469036281108856,0.20477746427059174,0.20552808046340942,0.20982548594474792,0.11425294727087021,0.003305490594357252,0.08241409063339233,0.0,0.0,0.0,0.0,0.0,0.0,0.0
12716350384,0,0.003505243454128504,-0.046896230429410934,-0.16491934657096863,6.569455581484362e-05,-0.04113857448101044,-0.8442511558532715,0.008594661019742489,0.0018119772430509329,-0.02206806093454361,-0.006879132241010666,0.011515369638800621,-0.5,-0.013390800915658474,-0.025526195764541626,-0.0034785165917128325,0.0,0.0,-0.0047828578390181065,-0.006890759337693453,0.006930185481905937,0.006108840927481651,0.10638415813446045,0.20295660197734833,-0.0013599643716588616,-0.2205217480659485,0.17240458726882935,-33.68465042114258,0.11807151138782501,0.1947237104177475,-0.005869569256901741,-0.0011774630984291434,-0.10626900941133499,-0.20717045664787292,0.000966884195804596,9.0563325881958,8.15027904510498,8.079582214355469,8.40160846710205,-0.004599609412252903,-0.021464843302965164,0.0015332031762227416,0.018398437649011612,0.0,-0.0020197881385684013,-0.017202749848365784,0.0019471475388854742,0.016383377835154533,0.0,-0.4594915211200714,-0.024347802624106407,-10.24667739868164,-0.04009486362338066,0.031346287578344345,-6.124481678009033,0.0,0.0,0.0,0.0,0.0,0.0,0.0,0.0,0.0,0.0,0.0,0.0,-0.0036650493275374174,-0.019462918862700462,0.003773350501433015,0.018415898084640503,0.22469036281108856,0.20477746427059174,0.20552808046340942,0.20982548594474792,-0.304017573595047,0.07200892269611359,0.16008947789669037,0.0,0.0,0.0,0.0,0.0,0.0,0.0
12726239799,0,0.0034527720417827368,-0.046934857964515686,-0.16484473645687103,6.569455581484362e-05,-0.04113857448101044,-0.8442511558532715,0.008817298337817192,0.001237820484675467,-0.02172979898750782,-0.0067741889506578445,0.011592624709010124,-0.5,-0.013610875234007835,-0.025453301146626472,-0.003648961428552866,0.0,0.0,-0.0047828578390181065,-0.006890759337693453,0.006930185481905937,0.006108840927481651,0.10814058035612106,0.20237398147583008,-0.0011526767630130053,-0.2205217480659485,0.17240458726882935,-33.68465042114258,0.11807151138782501,0.1947237104177475,-0.005869569256901741,-0.0011774630984291434,-0.10626900941133499,-0.20717045664787292,0.000966884195804596,9.0563325881958,8.15027904510498,8.079582214355469,8.40160846710205,-0.0076660155318677425,-0.02299804612994194,0.0,0.018398437649011612,0.0,-0.0020197881385684013,-0.017202749848365784,0.0019471475388854742,0.016383377835154533,0.0,-0.4594915211200714,-0.024347802624106407,-10.24667739868164,-0.04031071811914444,0.03287709876894951,-6.135316848754883,0.0,0.0,0.0,0.0,0.0,0.0,0.0,0.0,0.0,0.0,0.0,0.0,-0.004040997009724379,-0.019184613600373268,0.004195479676127434,0.018193483352661133,0.22232139110565186,0.2039848417043686,0.20254646241664886,0.2090895175933838,-0.304017573595047,0.07200892269611359,0.16008947789669037,0.0,0.0,0.0,0.0,0.0,0.0,0.0
12735950219,0,0.0034527720417827368,-0.046934857964515686,-0.16484473645687103,6.569455581484362e-05,-0.04113857448101044,-0.8442511558532715,0.008817298337817192,0.001237820484675467,-0.02172979898750782,-0.0067741889506578445,0.011592624709010124,-0.5,-0.013610875234007835,-0.025453301146626472,-0.003648961428552866,0.0,0.0,-0.0047828578390181065,-0.0031325011514127254,-0.009014946408569813,-0.00782871525734663,0.10814058035612106,0.20237398147583008,-0.0011526767630130053,-0.2702854871749878,0.1441626399755478,-33.93500518798828,0.10763240605592728,0.22083298861980438,0.011311215348541737,-0.0011719901813194156,-0.10626900941133499,-0.20717045664787292,0.000966884195804596,8.713822364807129,8.585930824279785,7.688225269317627,8.95035171508789,-0.009199218824505806,-0.02299804612994194,0.0,0.016865234822034836,0.0,-0.005263506434857845,-0.017215458676218987,0.005634263623505831,0.01622975431382656,0.0,-0.43659356236457825,0.4166161119937897,-10.392004013061523,-0.04031071811914444,0.03287709876894951,-6.135316848754883,0.0,0.0,0.0,0.0,0.0,0.0,0.0,0.0,0.0,0.0,0.0,0.0,-0.004002563189715147,-0.01868261769413948,0.004158302675932646,0.01774299517273903,0.22232139110565186,0.2039848417043686,0.20254646241664886,0.2090895175933838,-0.004602402448654175,-0.44273048639297485,-0.4890936315059662,0.0,0.0,0.0,0.0,0.0,0.0,0.0
12746326724,0,0.0034527720417827368,-0.046934857964515686,-0.16484473645687103,6.569455581484362e-05,-0.04113857448101044,-0.8442511558532715,0.008817298337817192,0.001237820484675467,-0.02172979898750782,-0.006560697685927153,0.011654793284833431,-0.5,-0.013610875234007835,-0.025453301146626472,-0.003648961428552866,0.0,0.0,-0.0047828578390181065,-0.0031325011514127254,-0.009014946408569813,-0.00782871525734663,0.10880181193351746,0.20504480600357056,-0.0006646650726906955,-0.2702854871749878,0.1441626399755478,-33.93500518798828,0.10763240605592728,0.22083298861980438,0.011311215348541737,-0.0011719901813194156,-0.10634694993495941,-0.20724640786647797,0.0009453173261135817,8.713822364807129,8.585930824279785,7.688225269317627,8.95035171508789,-0.006132812704890966,-0.019931640475988388,0.0,0.018398437649011612,0.0,-0.005263506434857845,-0.017215458676218987,0.005634263623505831,0.01622975431382656,0.0,-0.43659356236457825,0.4166161119937897,-10.392004013061523,-0.060100313276052475,0.010342137888073921,-6.1426239013671875,0.0,0.0,0.0,0.0,0.0,0.0,0.0,0.0,0.0,0.0,0.0,0.0,-0.0040667010471224785,-0.018164411187171936,0.0042422800324857235,0.017249291762709618,0.21541133522987366,0.21282444894313812,0.19456277787685394,0.22018612921237946,-0.004602402448654175,-0.44273048639297485,-0.4890936315059662,0.0,0.0,0.0,0.0,0.0,0.0,0.0
12756404144,0,0.003346026875078678,-0.04696594178676605,-0.16475613415241241,6.569455581484362e-05,-0.04113857448101044,-0.8442511558532715,0.018655825406312943,0.01229945570230484,-0.02249341644346714,-0.006560697685927153,0.011654793284833431,-0.5,-0.013145897537469864,-0.026085201650857925,-0.003918817732483149,0.0,0.0,-0.0047828578390181065,0.003159348154440522,-0.002777424408122897,-0.010886918753385544,0.10880181193351746,0.20504480600357056,-0.0006646650726906955,-0.29242318868637085,0.12147292494773865,-33.75566864013672,0.09928250312805176,0.2048562616109848,0.01284926850348711,-0.0011618111748248339,-0.10632064938545227,-0.20733338594436646,0.0007611237233504653,8.593534469604492,8.59121322631836,7.641936302185059,8.932574272155762,0.0,-0.016865234822034836,0.0015332031762227416,0.018398437649011612,0.0,-0.007180212531238794,-0.01718086376786232,0.0077438210137188435,0.016241442412137985,0.0,-0.43659356236457825,0.4166161119937897,-10.392004013061523,-0.060100313276052475,0.010342137888073921,-6.1426239013671875,0.0,0.0,0.0,0.0,0.0,0.0,0.0,0.0,0.0,0.0,0.0,0.0,-0.004407509230077267,-0.01773284561932087,0.004637757316231728,0.01681889034807682,0.21297839283943176,0.2129313051700592,0.19361642003059387,0.2198275923728943,0.2622734308242798,0.09695262461900711,-0.398749977350235,0.0,0.0,0.0,0.0,0.0,0.0,0.0
12767191885,0,0.0032847768161445856,-0.046962279826402664,-0.16473804414272308,6.569455581484362e-05,-0.04113857448101044,-0.8442511558532715,0.015393659472465515,0.0063485074788331985,-0.024205952882766724,-0.006438196636736393,0.011647469364106655,-0.5,-0.013003027997910976,-0.025923511013388634,-0.003937978763133287,0.0,0.0,-0.0047828578390181065,0.007540114223957062,0.014532703906297684,0.011213084682822227,0.10506458580493927,0.20304836332798004,-0.0006203084485605359,-0.23235073685646057,0.18140548467636108,-33.801143646240234,0.09329698979854584,0.18052060902118683,-0.016730299219489098,-0.0011289484100416303,-0.10623782128095627,-0.20726659893989563,0.0006189983105286956,9.29823112487793,7.891341686248779,8.439247131347656,8.175955772399902,0.0,-0.016865234822034836,0.0015332031762227416,0.016865234822034836,0.0,-0.0020691012032330036,-0.018693987280130386,0.00198889197781682,0.017742928117513657,0.0,-0.43659356236457825,0.4166161119937897,-10.392004013061523,-0.05316784977912903,0.02208598703145981,-6.137394428253174,0.0,0.0,0.0,0.0,0.0,0.0,0.0,0.0,0.0,0.0,0.0,0.0,-0.004762555938214064,-0.017490139231085777,0.0050426083616912365,0.016569387167692184,0.21297839283943176,0.2129313051700592,0.19361642003059387,0.2198275923728943,0.234328031539917,0.5065622925758362,0.8278465270996094,0.0,0.0,0.0,0.0,0.0,0.0,0.0
12776326312,0,0.0031777897384017706,-0.04692380502820015,-0.1646837294101715,6.569455581484362e-05,-0.04113857448101044,-0.8442511558532715,0.010543527081608772,0.0011495501967146993,-0.02546929195523262,-0.006224221549928188,0.011570518836379051,-0.5,-0.013644485734403133,-0.02506198175251484,-0.0037450145464390516,0.0,0.0,-0.0047828578390181065,0.007540114223957062,0.014532703906297684,0.011213084682822227,0.10318038612604141,0.20011892914772034,-0.00156129221431911,-0.23235073685646057,0.18140548467636108,-33.801143646240234,0.09329698979854584,0.18052060902118683,-0.016730299219489098,-0.0011289484100416303,-0.10613231360912323,-0.2070428431034088,0.0006633487646467984,9.29823112487793,7.891341686248779,8.439247131347656,8.175955772399902,-0.003066406352445483,-0.018398437649011612,0.0015332031762227416,0.013798828236758709,0.0,-0.0020691012032330036,-0.018693987280130386,0.00198889197781682,0.017742928117513657,0.0,-0.027737408876419067,0.2915150821208954,-9.78497314453125,-0.042245589196681976,0.03298281505703926,-6.145662784576416,0.0,0.0,0.0,0.0,0.0,0.0,0.0,0.0,0.0,0.0,0.0,0.0,-0.004675941541790962,-0.017523111775517464,0.0049437107518315315,0.016593962907791138,0.227186381816864,0.19871066510677338,0.20985282957553864,0.20450711250305176,0.234328031539917,0.5065622925758362,0.8278465270996094,0.0,0.0,0.0,0.0,0.0,0.0,0.0
12787647342,0,0.0031777897384017706,-0.04692380502820015,-0.1646837294101715,6.569455581484362e-05,-0.04113857448101044,-0.8442511558532715,0.010543527081608772,0.0011495501967146993,-0.02546929195523262,-0.006224221549928188,0.011570518836379051,-0.5,-0.013644485734403133,-0.02506198175251484,-0.0037450145464390516,0.0,0.0,-0.0047828578390181065,-0.009625262580811977,0.016197551041841507,0.030151769518852234,0.10318038612604141,0.20011892914772034,-0.00156129221431911,-0.23235073685646057,0.18140548467636108,-33.801143646240234,0.09329698979854584,0.18052060902118683,-0.016730299219489098,-0.0011289484100416303,-0.10613231360912323,-0.2070428431034088,0.0006633487646467984,9.29823112487793,7.891341686248779,8.439247131347656,8.175955772399902,-0.0076660155318677425,-0.021464843302965164,0.003066406352445483,0.013798828236758709,0.0,-0.0020691012032330036,-0.018693987280130386,0.00198889197781682,0.017742928117513657,0.0,-0.8496119976043701,-0.431208997964859,-9.827601432800293,-0.042245589196681976,0.03298281505703926,-6.145662784576416,0.0,0.0,0.0,0.0,0.0,0.0,0.0,0.0,0.0,0.0,0.0,0.0,-0.0041523100808262825,-0.017755387350916862,0.004349826835095882,0.01681806519627571,0.227186381816864,0.19871066510677338,0.20985282957553864,0.20450711250305176,-0.5391396880149841,0.1935441941022873,0.7481191158294678,0.0,0.0,0.0,0.0,0.0,0.0,0.0
12796307649,0,0.002989214612171054,-0.04690095782279968,-0.16459521651268005,6.569455581484362e-05,-0.04113857448101044,-0.8442511558532715,0.007596090901643038,0.0052996487356722355,-0.020536169409751892,-0.005847069434821606,0.011524824425578117,-0.5,-0.013388385064899921,-0.02494703233242035,-0.0028376062400639057,0.0,0.0,-0.0047828578390181065,-0.009625262580811977,0.016197551041841507,0.030151769518852234,0.10634161531925201,0.19836628437042236,-0.0021336746867746115,-0.2707282602787018,0.07645928114652634,-34.053688049316406,0.1269029825925827,0.1787952482700348,-0.030517982318997383,-0.0011332986177876592,-0.10614205151796341,-0.20653891563415527,0.0015629229601472616,9.752172470092773,7.665576934814453,8.80058765411377,7.837790489196777,-0.009199218824505806,-0.02299804612994194,0.004599609412252903,0.013798828236758709,0.0,-0.00716936681419611,-0.01617446169257164,0.007664631586521864,0.015504672192037106,0.0,-0.8496119976043701,-0.431208997964859,-9.827601432800293,-0.03577938675880432,0.02456367202103138,-6.203830718994141,0.0,0.0,0.0,0.0,0.0,0.0,0.0,0.0,0.0,0.0,0.0,0.0,-0.00374565739184618,-0.017926588654518127,0.003883922938257456,0.016995688900351524,0.23628146946430206,0.19409982860088348,0.2171642780303955,0.19761815667152405,-0.5391396880149841,0.1935441941022873,0.7481191158294678,0.0,0.0,0.0,0.0,0.0,0.0,0.0
12806565132,0,0.002928665606305003,-0.04691271856427193,-0.16453231871128082,6.569455581484362e-05,-0.04113857448101044,-0.8442511558532715,0.0020745480433106422,-0.0028385091572999954,-0.018030110746622086,-0.005725970957428217,0.011548345908522606,-0.5,-0.013924608938395977,-0.025046056136488914,-0.003374677151441574,0.0,0.0,-0.0047828578390181065,-0.013947075232863426,0.007447733078151941,0.011840803548693657,0.11062470823526382,0.19914333522319794,-0.0014803963713347912,-0.19678662717342377,0.13510020077228546,-34.121070861816406,0.1297617256641388,0.1947486400604248,-0.003945230972021818,-0.0011634213151410222,-0.10627865791320801,-0.20631356537342072,0.001971856225281954,9.133818626403809,8.326486587524414,8.123993873596191,8.539185523986816,-0.006132812704890966,-0.02299804612994194,0.006132812704890966,0.015332031063735485,0.0,-0.002526222262531519,-0.014244700782001019,0.0025289137847721577,0.013593649491667747,0.0,0.10231874138116837,-0.1246582642197609,-9.542903900146484,-0.024797752499580383,0.04151526466012001,-6.229194164276123,0.0,0.0,0.0,0.0,0.0,0.0,0.0,0.0,0.0,0.0,0.0,0.0,-0.003727947361767292,-0.01771467924118042,0.003853677539154887,0.01682300865650177,0.23628146946430206,0.19409982860088348,0.2171642780303955,0.19761815667152405,-0.5189933180809021,-0.3053038418292999,-0.4882248640060425,0.0,0.0,0.0,0.0,0.0,0.0,0.0
12816762854,0,0.002928665606305003,-0.04691271856427193,-0.16453231871128082,6.569455581484362e-05,-0.04113857448101044,-0.8442511558532715,0.0020745480433106422,-0.0028385091572999954,-0.018030110746622086,-0.005725970957428217,0.011548345908522606,-0.5,-0.013924608938395977,-0.025046056136488914,-0.003374677151441574,0.0,0.0,-0.0047828578390181065,0.008985914289951324,-0.02996090240776539,-0.016809633001685143,0.11062470823526382,0.19914333522319794,-0.0014803963713347912,-0.23691292107105255,0.2286636084318161,-34.36669921875,0.08767896145582199,0.25218528509140015,0.023099007084965706,-0.0012119599850848317,-0.10627865791320801,-0.20631356537342072,0.001971856225281954,8.545376777648926,8.909530639648438,7.483310222625732,9.431718826293945,0.0015332031762227416,-0.021464843302965164,0.009199218824505806,0.018398437649011612,0.0,-0.000495464657433331,-0.01862422563135624,0.0002137047122232616,0.017313599586486816,0.0,0.1696494221687317,0.010721582919359207,-9.241399765014648,-0.024797752499580383,0.04151526466012001,-6.229194164276123,0.0,0.0,0.0,0.0,0.0,0.0,0.0,0.0,0.0,0.0,0.0,0.0,-0.003618000540882349,-0.017261212691664696,0.003724462352693081,0.016401944682002068,0.2238813042640686,0.20756517350673676,0.20345014333724976,0.21187789738178253,0.6022226810455322,-1.3610361814498901,-1.005672574043274,0.0,0.0,0.0,0.0,0.0,0.0,0.0
12826125787,0,0.002848826814442873,-0.046907853335142136,-0.16437628865242004,6.569455581484362e-05,-0.04113857448101044,-0.8442511558532715,0.019688649103045464,0.005033255089074373,-0.011627484112977982,-0.005566292442381382,0.011538615450263023,-0.5,-0.012924560345709324,-0.026238704100251198,-0.0037499694153666496,0.0,0.0,-0.0047828578390181065,0.008985914289951324,-0.02996090240776539,-0.016809633001685143,0.10268710553646088,0.2086140364408493,-0.0010358686558902264,-0.23691292107105255,0.2286636084318161,-34.36669921875,0.08767896145582199,0.25218528509140015,0.023099007084965706,-0.0012119599850848317,-0.10627759248018265,-0.20657862722873688,0.00170793104916811,8.545376777648926,8.909530639648438,7.483310222625732,9.431718826293945,0.003066406352445483,-0.018398437649011612,0.010732421651482582,0.019931640475988388,0.0,-0.000495464657433331,-0.01862422563135624,0.0002137047122232616,0.017313599586486816,0.0,0.1696494221687317,0.010721582919359207,-9.241399765014648,-0.061191197484731674,0.02483731508255005,-6.2856268882751465,0.0,0.0,0.0,0.0,0.0,0.0,0.0,0.0,0.0,0.0,0.0,0.0,-0.003081416944041848,-0.017087670043110847,0.003119886852800846,0.016191476956009865,0.2120031863451004,0.21936286985874176,0.1903686672449112,0.2298654466867447,0.6022226810455322,-1.3610361814498901,-1.005672574043274,0.0,0.0,0.0,0.0,0.0,0.0,0.0
12836134503,0,0.002848826814442873,-0.046907853335142136,-0.16437628865242004,6.569455581484362e-05,-0.04113857448101044,-0.8442511558532715,0.019688649103045464,0.005033255089074373,-0.011627484112977982,-0.005566292442381382,0.011538615450263023,-0.5,-0.012924560345709324,-0.026238704100251198,-0.0037499694153666496,0.0,0.0,-0.0047828578390181065,0.019270168617367744,-0.03289587050676346,-0.010029156692326069,0.1057480052113533,0.20709946751594543,-0.001433974364772439,-0.33655157685279846,0.13660523295402527,-34.57094955444336,0.0706663578748703,0.2511403262615204,0.009557515382766724,-0.0012173316208645701,-0.1060168594121933,-0.20700812339782715,0.0014293307904154062,8.908053398132324,8.597063064575195,7.900010585784912,9.169438362121582,0.0015332031762227416,-0.021464843302965164,0.009199218824505806,0.018398437649011612,0.0,-0.008084333501756191,-0.01961369439959526,0.008780925534665585,0.018100572749972343,0.0,-0.663303554058075,0.2799786627292633,-9.861781120300293,-0.061191197484731674,0.02483731508255005,-6.2856268882751465,0.0,0.0,0.0,0.0,0.0,0.0,0.0,0.0,0.0,0.0,0.0,0.0,-0.002690428402274847,-0.017331501469016075,0.0026815005112439394,0.01633133366703987,0.21933309733867645,0.21304970979690552,0.19888749718666077,0.2245977222919464,0.6952965259552002,-0.8137117624282837,-0.1780296415090561,0.0,0.0,0.0,0.0,0.0,0.0,0.0
12846801071,0,0.0028134144376963377,-0.04689202085137367,-0.16426312923431396,6.569455581484362e-05,-0.04113857448101044,-0.8442511558532715,0.017823072150349617,0.011407996527850628,-0.02054574154317379,-0.005495467223227024,0.011506950482726097,-0.5,-0.012196263298392296,-0.02642623521387577,-0.003552716691046953,0.0,0.0,-0.0047828578390181065,0.01711277849972248,0.012598434463143349,0.02344471588730812,0.1057480052113533,0.20709946751594543,-0.001433974364772439,-0.17345348000526428,0.1948089599609375,-34.46142578125,0.07971741259098053,0.17367121577262878,-0.02944306656718254,-0.0012236720649525523,-0.1060168594121933,-0.20700812339782715,0.0014293307904154062,9.74881649017334,7.728435516357422,8.954422950744629,8.033257484436035,-0.0015332031762227416,-0.021464843302965164,0.006132812704890966,0.016865234822034836,0.0,0.0006380496779456735,-0.017019854858517647,-0.0009917313000187278,0.016042791306972504,0.0,-0.3663593530654907,0.480241596698761,-10.0438232421875,-0.057015642523765564,0.011128118261694908,-6.2213053703308105,0.0,0.0,0.0,0.0,0.0,0.0,0.0,0.0,0.0,0.0,0.0,0.0,-0.0027409899048507214,-0.01770724356174469,0.0027453554794192314,0.016595356166362762,0.21933309733867645,0.21304970979690552,0.19888749718666077,0.2245977222919464,0.11117717623710632,1.4163249731063843,1.1228866577148438,0.0,0.0,0.0,0.0,0.0,0.0,0.0
12856521967,0,0.0027692150324583054,-0.0468604676425457,-0.16407553851604462,6.569455581484362e-05,-0.04113857448101044,-0.8442511558532715,0.0057591162621974945,-0.00028393077082000673,-0.016900494694709778,-0.005407067947089672,0.011443844065070152,-0.5,-0.013036927208304405,-0.02489285171031952,-0.002765174489468336,0.0,0.0,-0.0047828578390181065,0.01711277849972248,0.012598434463143349,0.02344471588730812,0.09794195741415024,0.2004329115152359,-0.0024724474642425776,-0.17345348000526428,0.1948089599609375,-34.46142578125,0.07971741259098053,0.17367121577262878,-0.02944306656718254,-0.0012236720649525523,-0.10545945912599564,-0.20722803473472595,0.0017087854212149978,9.74881649017334,7.728435516357422,8.954422950744629,8.033257484436035,-0.004599609412252903,-0.02299804612994194,0.004599609412252903,0.013798828236758709,0.0,0.0006380496779456735,-0.017019854858517647,-0.0009917313000187278,0.016042791306972504,0.0,-0.3663593530654907,0.480241596698761,-10.0438232421875,-0.031536996364593506,0.03541981056332588,-6.265713691711426,0.0,0.0,0.0,0.0,0.0,0.0,0.0,0.0,0.0,0.0,0.0,0.0,-0.002544711111113429,-0.01788485422730446,0.002537996042519808,0.016718171536922455,0.23621416091918945,0.19538471102714539,0.220268115401268,0.2016032189130783,0.11117717623710632,1.4163249731063843,1.1228866577148438,0.0,0.0,0.0,0.0,0.0,0.0,0.0
12866600602,0,0.0026580344419926405,-0.04690217226743698,-0.16391518712043762,6.569455581484362e-05,-0.04113857448101044,-0.8442511558532715,0.020447880029678345,-0.0010569831356406212,-0.016465051099658012,-0.005184705834835768,0.011527253314852715,-0.5,-0.013794374652206898,-0.025004234164953232,-0.002939413068816066,0.0,0.0,-0.0047828578390181065,-0.03581651300191879,0.021311558783054352,0.006935144308954477,0.09794195741415024,0.2004329115152359,-0.0024724474642425776,-0.17345348000526428,0.1948089599609375,-34.46142578125,0.07971741259098053,0.17367121577262878,-0.02944306656718254,-0.0012236720649525523,-0.10545945912599564,-0.20722803473472595,0.0017087854212149978,9.175776481628418,8.608847618103027,8.109203338623047,8.631608009338379,-0.006132812704890966,-0.021464843302965164,0.003066406352445483,0.013798828236758709,0.0,0.0006778966635465622,-0.01527912076562643,-0.0010950993746519089,0.014930603094398975,0.0,-0.7783739566802979,0.39205655455589294,-10.235493659973145,-0.060659971088171005,0.03781476616859436,-6.276665687561035,0.0,0.0,0.0,0.0,0.0,0.0,0.0,0.0,0.0,0.0,0.0,0.0,-0.0018590347608551383,-0.0177322831004858,0.0017799146007746458,0.016602640971541405,0.23621416091918945,0.19538471102714539,0.220268115401268,0.2016032189130783,-1.8076096773147583,0.45877206325531006,-0.47803252935409546,0.0,0.0,0.0,0.0,0.0,0.0,0.0
12876158626,0,0.0026580344419926405,-0.04690217226743698,-0.16391518712043762,6.569455581484362e-05,-0.04113857448101044,-0.8442511558532715,0.020447880029678345,-0.0010569831356406212,-0.016465051099658012,-0.005184705834835768,0.011527253314852715,-0.5,-0.013794374652206898,-0.025004234164953232,-0.002939413068816066,0.0,0.0,-0.0047828578390181065,-0.04443584755063057,0.004309351556003094,-0.012228448875248432,0.11595701426267624,0.19765834510326385,-0.001781594124622643,-0.333629846572876,0.20798121392726898,-34.52165985107422,0.16984961926937103,0.17175905406475067,-0.0004762454191222787,-0.0012809832114726305,-0.10572832822799683,-0.20650765299797058,0.0023983707651495934,9.175776481628418,8.608847618103027,8.109203338623047,8.631608009338379,0.0,-0.021464843302965164,0.003066406352445483,0.015332031063735485,0.0,-0.004993149545043707,-0.022406822070479393,0.0053064823150634766,0.022025026381015778,0.0,-0.5167350172996521,0.06876655668020248,-10.520718574523926,-0.060659971088171005,0.03781476616859436,-6.276665687561035,0.0,0.0,0.0,0.0,0.0,0.0,0.0,0.0,0.0,0.0,0.0,0.0,-0.0013171315658837557,-0.017613688483834267,0.0011766477255150676,0.016615871340036392,0.22472524642944336,0.2132880687713623,0.20314934849739075,0.21374858915805817,-1.3078564405441284,-0.5035382509231567,-1.1037583351135254,0.0,0.0,0.0,0.0,0.0,0.0,0.0
12886593580,0,0.002530967351049185,-0.04695725813508034,-0.16385550796985626,6.569455581484362e-05,-0.04113857448101044,-0.8442511558532715,0.00624540401622653,0.008641324937343597,-0.02522594854235649,-0.004930570255964994,0.011637425981462002,-0.5,-0.014111615717411041,-0.025430724024772644,-0.003627331228926778,0.0,0.0,-0.0047828578390181065,-0.04443584755063057,0.004309351556003094,-0.012228448875248432,0.11595701426267624,0.19765834510326385,-0.001781594124622643,-0.269783616065979,0.1030787006020546,-34.27180099487305,0.16984961926937103,0.17175905406475067,-0.0004762454191222787,-0.0012809832114726305,-0.10572832822799683,-0.20650765299797058,0.0023983707651495934,8.643118858337402,9.036043167114258,7.466324329376221,9.129849433898926,0.003066406352445483,-0.018398437649011612,0.004599609412252903,0.016865234822034836,0.0,-0.006980342790484428,-0.014743614941835403,0.007707578595727682,0.014287066645920277,0.0,-0.5167350172996521,0.06876655668020248,-10.520718574523926,-0.03171966224908829,0.01879623904824257,-6.2275519371032715,0.0,0.0,0.0,0.0,0.0,0.0,0.0,0.0,0.0,0.0,0.0,0.0,-0.0015589995309710503,-0.017757494002580643,0.0014574709348380566,0.016936268657445908,0.22472524642944336,0.2132880687713623,0.20314934849739075,0.21374858915805817,-1.3078564405441284,-0.5035382509231567,-1.1037583351135254,0.0,0.0,0.0,0.0,0.0,0.0,0.0
12896358274,0,0.002530967351049185,-0.04695725813508034,-0.16385550796985626,6.569455581484362e-05,-0.04113857448101044,-0.8442511558532715,0.00624540401622653,0.008641324937343597,-0.02522594854235649,-0.004930570255964994,0.011637425981462002,-0.5,-0.014111615717411041,-0.025430724024772644,-0.003627331228926778,0.0,0.0,-0.0047828578390181065,-0.0020529702305793762,-0.0030939821153879166,-0.012850879691541195,0.1121198832988739,0.20219598710536957,-0.0011711716651916504,-0.17445814609527588,0.10337931662797928,-34.25153732299805,0.1415373682975769,0.20755065977573395,0.02272195741534233,-0.0013386911014094949,-0.10631385445594788,-0.2062833160161972,0.0023051381576806307,8.81091022491455,8.726259231567383,7.859385967254639,9.088379859924316,0.003066406352445483,-0.018398437649011612,0.003066406352445483,0.015332031063735485,0.0,-0.0030173161067068577,-0.01142386719584465,0.003012336092069745,0.010648447088897228,0.0,-0.5167350172996521,0.06876655668020248,-10.520718574523926,-0.03171966224908829,0.01879623904824257,-6.2275519371032715,0.0,0.0,0.0,0.0,0.0,0.0,0.0,0.0,0.0,0.0,0.0,0.0,-0.002403844380751252,-0.01747244969010353,0.0024215311277657747,0.016794102266430855,0.21398162841796875,0.22191287577152252,0.19002056121826172,0.22380134463310242,1.0143728256225586,-0.21577420830726624,-0.13354815542697906,0.0,0.0,0.0,0.0,0.0,0.0,0.0
12906894816,0,0.002530967351049185,-0.04695725813508034,-0.16385550796985626,6.569455581484362e-05,-0.04113857448101044,-0.8442511558532715,0.00624540401622653,0.008641324937343597,-0.02522594854235649,-0.004930570255964994,0.011637425981462002,-0.5,-0.014111615717411041,-0.025430724024772644,-0.003627331228926778,0.0,0.0,-0.0047828578390181065,0.016838671639561653,-0.006207208149135113,-0.0052224271930754185,0.1121198832988739,0.20219598710536957,-0.0011711716651916504,-0.16249509155750275,0.18541495501995087,-34.48185348510742,0.09574994444847107,0.20844797790050507,0.011416614055633545,-0.0013446289813145995,-0.10695238411426544,-0.2062407284975052,0.0016343374736607075,8.81091022491455,8.726259231567383,7.859385967254639,9.088379859924316,-0.0015332031762227416,-0.018398437649011612,0.0,0.013798828236758709,0.0,0.0007538209902122617,-0.01426390279084444,-0.0012170078698545694,0.013373875990509987,0.0,-0.4123035669326782,0.04193960875272751,-9.409829139709473,-0.03171966224908829,0.01879623904824257,-6.2275519371032715,0.0,0.0,0.0,0.0,0.0,0.0,0.0,0.0,0.0,0.0,0.0,0.0,-0.0029414037708193064,-0.01650029607117176,0.0030261799693107605,0.015883726999163628,0.21737265586853027,0.21566258370876312,0.19805888831615448,0.222966730594635,1.3317711353302002,-0.23600949347019196,0.29700833559036255,0.0,0.0,0.0,0.0,0.0,0.0,0.0
12917044128,0,0.002389377448707819,-0.046951767057180405,-0.16370399296283722,6.569455581484362e-05,-0.04113857448101044,-0.8442511558532715,0.01890900544822216,0.001635620603337884,-0.01729760505259037,-0.004647389054298401,0.011626443825662136,-0.5,-0.013014598749577999,-0.0255831778049469,-0.0033850660547614098,0.0,0.0,-0.0047828578390181065,0.016838671639561653,-0.006207208149135113,-0.0052224271930754185,0.10338996350765228,0.20341069996356964,-0.0014774110168218613,-0.22387342154979706,0.13778170943260193,-34.50555419921875,0.07997123152017593,0.20815184712409973,2.2507156245410442e-05,-0.0013423021882772446,-0.10677549988031387,-0.20625977218151093,0.0014607388293370605,9.075191497802734,8.424532890319824,8.176589012145996,8.832053184509277,-0.004599609412252903,-0.021464843302965164,-0.0015332031762227416,0.013798828236758709,0.0,-0.0035147571470588446,-0.015351410955190659,0.0035441513173282146,0.014312605373561382,0.0,0.07232066243886948,-0.34760919213294983,-9.651643753051758,-0.05714571475982666,0.031904954463243484,-6.307834625244141,0.0,0.0,0.0,0.0,0.0,0.0,0.0,0.0,0.0,0.0,0.0,0.0,-0.002894798992201686,-0.015528656542301178,0.0029553179629147053,0.014890434220433235,0.22270125150680542,0.20955447852611542,0.20451998710632324,0.2177996188402176,1.3317711353302002,-0.23600949347019196,0.29700833559036255,0.0,0.0,0.0,0.0,0.0,0.0,0.0
12927330146,0,0.0023515396751463413,-0.046995606273412704,-0.16361887753009796,6.569455581484362e-05,-0.04113857448101044,-0.8442511558532715,0.01688334345817566,0.008769919164478779,-0.015609825029969215,-0.004571713041514158,0.011714122258126736,-0.5,-0.01256382092833519,-0.025907959789037704,-0.0035316082648932934,0.0,0.0,-0.0047828578390181065,0.024827994406223297,-0.01307631190866232,-0.002170134335756302,0.09981182962656021,0.20598851144313812,-0.001306049176491797,-0.31430143117904663,0.17547725141048431,-34.693092346191406,0.07541912794113159,0.21809379756450653,-0.000937008298933506,-0.0013394136913120747,-0.10677549988031387,-0.20625977218151093,0.0014607388293370605,9.153815269470215,8.425686836242676,8.239665985107422,8.876482009887695,-0.006132812704890966,-0.02299804612994194,0.0,0.015332031063735485,0.0,-0.005520966835319996,-0.02072606235742569,0.005780104547739029,0.01934524066746235,0.0,0.07232066243886948,-0.34760919213294983,-9.651643753051758,-0.05332869291305542,0.017437953501939774,-6.327340126037598,0.0,0.0,0.0,0.0,0.0,0.0,0.0,0.0,0.0,0.0,0.0,0.0,-0.0028819097205996513,-0.01521585788577795,0.002912630559876561,0.014484154060482979,0.22270125150680542,0.20955447852611542,0.20451998710632324,0.2177996188402176,1.018279790878296,-0.4395752251148224,0.281686931848526,0.0,0.0,0.0,0.0,0.0,0.0,0.0
12936568065,0,0.0023515396751463413,-0.046995606273412704,-0.16361887753009796,6.569455581484362e-05,-0.04113857448101044,-0.8442511558532715,0.01688334345817566,0.008769919164478779,-0.015609825029969215,-0.004571713041514158,0.011714122258126736,-0.5,-0.01256382092833519,-0.025907959789037704,-0.0035316082648932934,0.0,0.0,-0.0047828578390181065,0.024827994406223297,-0.01307631190866232,-0.002170134335756302,0.10120560973882675,0.20730216801166534,-0.0008820781367830932,-0.31430143117904663,0.17547725141048431,-34.693092346191406,0.07541912794113159,0.21809379756450653,-0.000937008298933506,-0.0013394136913120747,-0.10649614036083221,-0.20633342862129211,0.001399819739162922,9.153815269470215,8.425686836242676,8.239665985107422,8.876482009887695,-0.003066406352445483,-0.021464843302965164,0.0015332031762227416,0.015332031063735485,0.0,-0.005520966835319996,-0.02072606235742569,0.005780104547739029,0.01934524066746235,0.0,0.27465811371803284,0.4119998812675476,-9.684598922729492,-0.05332869291305542,0.017437953501939774,-6.327340126037598,0.0,0.0,0.0,0.0,0.0,0.0,0.0,0.0,0.0,0.0,0.0,0.0,-0.0032699983566999435,-0.015830859541893005,0.00331761478446424,0.014949178323149681,0.2242836207151413,0.2095777988433838,0.20580199360847473,0.2186962068080902,1.018279790878296,-0.4395752251148224,0.281686931848526,0.0,0.0,0.0,0.0,0.0,0.0,0.0
12946363016,0,0.002299218438565731,-0.047036681324243546,-0.1634032130241394,6.569455581484362e-05,-0.04113857448101044,-0.8442511558532715,0.0064094290137290955,-0.002796458313241601,-0.011383517645299435,-0.00446707010269165,0.011796272359788418,-0.5,-0.013609599322080612,-0.025685304775834084,-0.004007202107459307,0.0,0.0,-0.0047828578390181065,0.020809579640626907,-0.014944841153919697,-0.016245001927018166,0.10120560973882675,0.20730216801166534,-0.0008820781367830932,-0.17775258421897888,0.23080132901668549,-35.041038513183594,0.08628226816654205,0.21951495110988617,0.015469861216843128,-0.0013219171669334173,-0.10649614036083221,-0.20633342862129211,0.001399819739162922,8.850852966308594,8.936698913574219,7.896271705627441,9.36026382446289,0.0015332031762227416,-0.02299804612994194,0.003066406352445483,0.016865234822034836,0.0,0.0019567289855331182,-0.01632470078766346,-0.0025572124868631363,0.015278875827789307,0.0,-0.01496506854891777,0.03624740615487099,-9.605297088623047,-0.03231865167617798,0.04196387901902199,-6.371097564697266,0.0,0.0,0.0,0.0,0.0,0.0,0.0,0.0,0.0,0.0,0.0,0.0,-0.0035312699619680643,-0.016833579167723656,0.0035865718964487314,0.015801485627889633,0.2242836207151413,0.2095777988433838,0.20580199360847473,0.2186962068080902,0.2593965530395508,0.006409709341824055,-0.2515793442726135,0.0,0.0,0.0,0.0,0.0,0.0,0.0
12955966128,0,0.002299218438565731,-0.047036681324243546,-0.1634032130241394,6.569455581484362e-05,-0.04113857448101044,-0.8442511558532715,0.0064094290137290955,-0.002796458313241601,-0.011383517645299435,-0.00446707010269165,0.011796272359788418,-0.5,-0.013609599322080612,-0.025685304775834084,-0.004007202107459307,0.0,0.0,-0.0047828578390181065,0.020809579640626907,-0.014944841153919697,-0.016245001927018166,0.1058761328458786,0.20567116141319275,-0.0006206183461472392,-0.17775258421897888,0.23080132901668549,-35.041038513183594,0.08628226816654205,0.21951495110988617,0.015469861216843128,-0.0013219171669334173,-0.10569935292005539,-0.2068617045879364,0.0007287865737453103,8.850852966308594,8.936698913574219,7.896271705627441,9.36026382446289,0.003066406352445483,-0.021464843302965164,0.003066406352445483,0.016865234822034836,0.0,0.0019567289855331182,-0.01632470078766346,-0.0025572124868631363,0.015278875827789307,0.0,-0.01496506854891777,0.03624740615487099,-9.605297088623047,-0.03231865167617798,0.04196387901902199,-6.371097564697266,0.0,0.0,0.0,0.0,0.0,0.0,0.0,0.0,0.0,0.0,0.0,0.0,-0.0029920407105237246,-0.017435869202017784,0.002969768363982439,0.01631181314587593,0.21817904710769653,0.21991068124771118,0.19881129264831543,0.22843173146247864,0.2593965530395508,0.006409709341824055,-0.2515793442726135,0.0,0.0,0.0,0.0,0.0,0.0,0.0
12966236423,0,0.002262223046272993,-0.047087814658880234,-0.16324888169765472,6.569455581484362e-05,-0.04113857448101044,-0.8442511558532715,0.016567809507250786,0.004808658733963966,-0.011937519535422325,-0.004393078852444887,0.011898539960384369,-0.5,-0.013155994936823845,-0.025539914146065712,-0.003863332327455282,0.0,0.0,-0.0047828578390181065,0.010687797330319881,0.003483904991298914,-0.005814512725919485,0.1058761328458786,0.20567116141319275,-0.0006206183461472392,-0.2363242357969284,0.18346241116523743,-34.75043487548828,0.09701654314994812,0.19087670743465424,0.0014545992016792297,-0.0013044156366959214,-0.10569935292005539,-0.2068617045879364,0.0007287865737453103,9.101984024047852,8.573575973510742,8.20067310333252,8.877683639526367,0.0015332031762227416,-0.018398437649011612,0.004599609412252903,0.016865234822034836,0.0,-0.0022091162391006947,-0.01747724413871765,0.002106125932186842,0.01655903272330761,0.0,-0.461510568857193,0.08117899298667908,-10.014145851135254,-0.05230426788330078,0.026448028162121773,-6.37691068649292,0.0,0.0,0.0,0.0,0.0,0.0,0.0,0.0,0.0,0.0,0.0,0.0,-0.002005836460739374,-0.01758021116256714,0.0018616667948663235,0.01643124781548977,0.21817904710769653,0.21991068124771118,0.19881129264831543,0.22843173146247864,-0.3170921802520752,0.8696485757827759,0.3534408509731293,0.0,0.0,0.0,0.0,0.0,0.0,0.0
12976448586,0,0.002262223046272993,-0.047087814658880234,-0.16324888169765472,6.569455581484362e-05,-0.04113857448101044,-0.8442511558532715,0.016567809507250786,0.004808658733963966,-0.011937519535422325,-0.00432027131319046,0.012077146209776402,-0.5,-0.013155994936823845,-0.025539914146065712,-0.003863332327455282,0.0,0.0,-0.0047828578390181065,-0.0042324368841946125,0.018248161301016808,0.008606506511569023,0.1058761328458786,0.20567116141319275,-0.0006206183461472392,-0.2876734733581543,0.14546415209770203,-35.0730094909668,0.11668822914361954,0.1714632660150528,-0.0143448356539011,-0.0012844649609178305,-0.1053968295454979,-0.20664705336093903,0.0005872951005585492,9.577094078063965,8.319757461547852,8.676692962646484,8.50241470336914,-0.004599609412252903,-0.018398437649011612,0.006132812704890966,0.013798828236758709,0.0,-0.005395686253905296,-0.018575336784124374,0.005633790977299213,0.01784776709973812,0.0,-0.461510568857193,0.08117899298667908,-10.014145851135254,-0.04361754655838013,0.038712505251169205,-6.391637802124023,0.0,0.0,0.0,0.0,0.0,0.0,0.0,0.0,0.0,0.0,0.0,0.0,-0.0015131441177800298,-0.01762968860566616,0.0013094076421111822,0.016513962298631668,0.2327788919210434,0.20742876827716827,0.21466071903705597,0.21113303303718567,-0.9479005932807922,1.0961295366287231,0.835622251033783,0.0,0.0,0.0,0.0,0.0,0.0,0.0
12987797753,0,0.0022258195094764233,-0.04717711731791496,-0.16302746534347534,6.569455581484362e-05,-0.04113857448101044,-0.8442511558532715,0.012463347986340523,-0.0007316421833820641,-0.011095271445810795,-0.0042884377762675285,0.012167775072157383,-0.5,-0.01389960665255785,-0.025060977786779404,-0.003458240767940879,0.0,0.0,-0.0047828578390181065,-0.0042324368841946125,0.018248161301016808,0.008606506511569023,0.11042927950620651,0.19926005601882935,-0.0013803818728774786,-0.2876734733581543,0.14546415209770203,-35.0730094909668,0.11668822914361954,0.1714632660150528,-0.0143448356539011,-0.0012844649609178305,-0.1053968295454979,-0.20664705336093903,0.0005872951005585492,9.577094078063965,8.319757461547852,8.676692962646484,8.50241470336914,-0.009199218824505806,-0.019931640475988388,0.006132812704890966,0.013798828236758709,0.0,-0.005395686253905296,-0.018575336784124374,0.005633790977299213,0.01784776709973812,0.0,-0.461510568857193,0.08117899298667908,-10.014145851135254,-0.03745673596858978,0.04418923333287239,-6.3508710861206055,0.0,0.0,0.0,0.0,0.0,0.0,0.0,0.0,0.0,0.0,0.0,0.0,-0.0018402643036097288,-0.017777862027287483,0.0016730285715311766,0.0167413130402565,0.2327788919210434,0.20742876827716827,0.21466071903705597,0.21113303303718567,-0.9479005932807922,1.0961295366287231,0.835622251033783,0.0,0.0,0.0,0.0,0.0,0.0,0.0
12997539742,0,0.0022099027410149574,-0.047222431749105453,-0.16293469071388245,6.569455581484362e-05,-0.04113857448101044,-0.8442511558532715,0.009598404169082642,-0.0030269972048699856,-0.017115838825702667,-0.0042884377762675285,0.012167775072157383,-0.5,-0.014751296490430832,-0.024959910660982132,-0.0031338236294686794,0.0,0.0,-0.0047828578390181065,-0.02372807264328003,0.006194146350026131,0.017025088891386986,0.11117620766162872,0.20196296274662018,-0.0013765087351202965,-0.2060120403766632,0.2430407851934433,-34.92979049682617,0.14863847196102142,0.19562727212905884,-0.01639406569302082,-0.0012794248759746552,-0.10581772774457932,-0.20611926913261414,0.0012098485603928566,9.677984237670898,8.245403289794922,8.606696128845215,8.402880668640137,-0.0076660155318677425,-0.021464843302965164,0.004599609412252903,0.012265625409781933,0.0,0.001209028298035264,-0.01942475140094757,-0.0016826811479404569,0.01872960850596428,0.0,-0.6178892850875854,-0.16778656840324402,-10.196565628051758,-0.03745673596858978,0.04418923333287239,-6.3508710861206055,0.0,0.0,0.0,0.0,0.0,0.0,0.0,0.0,0.0,0.0,0.0,0.0,-0.002352530835196376,-0.01803707517683506,0.002245208015665412,0.01709797792136669,0.23479796946048737,0.20591862499713898,0.21324452757835388,0.20911552011966705,-0.9149066209793091,-0.18532651662826538,0.3603416383266449,0.0,0.0,0.0,0.0,0.0,0.0,0.0
13006335252,0,0.0021721883676946163,-0.04726067930459976,-0.16284886002540588,6.569455581484362e-05,-0.04113857448101044,-0.8442511558532715,0.007230550982058048,-0.0051153190433979034,-0.020460132509469986,-0.004213008563965559,0.012244271114468575,-0.5,-0.014572017826139927,-0.02514898218214512,-0.003153613768517971,0.0,0.0,-0.0047828578390181065,-0.0049030957743525505,-0.003860191907733679,0.005923837423324585,0.11117620766162872,0.20196296274662018,-0.0013765087351202965,-0.1794169694185257,0.26557499170303345,-34.83224868774414,0.10885336250066757,0.21163855493068695,-0.0010057806503027678,-0.0012917174026370049,-0.10597676038742065,-0.2060590386390686,0.0013779641594737768,9.23263931274414,8.519224166870117,8.233865737915039,8.849313735961914,-0.004599609412252903,-0.019931640475988388,0.004599609412252903,0.012265625409781933,0.0,0.0031472539994865656,-0.018633345142006874,-0.003870063228532672,0.017620857805013657,0.0,-0.32917001843452454,0.7556055188179016,-9.808065414428711,-0.032621268182992935,0.04828635975718498,-6.333136081695557,0.0,0.0,0.0,0.0,0.0,0.0,0.0,0.0,0.0,0.0,0.0,0.0,-0.002162538468837738,-0.018344929441809654,0.002038424601778388,0.017482642084360123,0.22586862742900848,0.21147359907627106,0.20568402111530304,0.21814796328544617,0.32727348804473877,-0.5501325130462646,-0.314225435256958,0.0,0.0,0.0,0.0,0.0,0.0,0.0
13016598737,0,0.0021721883676946163,-0.04726067930459976,-0.16284886002540588,6.569455581484362e-05,-0.04113857448101044,-0.8442511558532715,0.007230550982058048,-0.0051153190433979034,-0.020460132509469986,-0.004213008563965559,0.012244271114468575,-0.5,-0.014572017826139927,-0.02514898218214512,-0.003153613768517971,0.0,0.0,-0.0047828578390181065,0.043939586728811264,-0.0243915393948555,-0.011519783176481724,0.11117620766162872,0.20196296274662018,-0.0013765087351202965,-0.24555453658103943,0.09916627407073975,-35.118255615234375,0.037610944360494614,0.2400239259004593,0.01430443674325943,-0.0013082919176667929,-0.10540856420993805,-0.20642441511154175,0.001079753739759326,8.858201026916504,8.818455696105957,7.986232280731201,9.45854663848877,0.0,-0.018398437649011612,0.003066406352445483,0.013798828236758709,0.0,-0.006003297865390778,-0.013982408680021763,0.006302638910710812,0.012735404074192047,0.0,-0.1855759173631668,0.02388743683695793,-9.718317985534668,-0.032621268182992935,0.04828635975718498,-6.333136081695557,0.0,0.0,0.0,0.0,0.0,0.0,0.0,0.0,0.0,0.0,0.0,0.0,-0.0016008417587727308,-0.01837150752544403,0.0014166422188282013,0.017523102462291718,0.21832722425460815,0.21752506494522095,0.2006453275680542,0.23040349781513214,1.7771528959274292,-0.7208803296089172,-0.4924742877483368,0.0,0.0,0.0,0.0,0.0,0.0,0.0
13026819229,0,0.0020313069690018892,-0.047394171357154846,-0.16264048218727112,6.569455581484362e-05,-0.04113857448101044,-0.8442511558532715,0.007883588783442974,-0.003504919121041894,-0.01580149494111538,-0.003931244369596243,0.012511256150901318,-0.5,-0.012499939650297165,-0.026215430349111557,-0.003987337928265333,0.0,0.0,-0.0047828578390181065,0.0511845164000988,-0.020409565418958664,-0.005796351935714483,0.09626934677362442,0.20741717517375946,-0.0010557329514995217,-0.24555453658103943,0.09916627407073975,-35.118255615234375,0.037610944360494614,0.2400239259004593,0.01430443674325943,-0.0013082919176667929,-0.10540856420993805,-0.20642441511154175,0.001079753739759326,8.858201026916504,8.818455696105957,7.986232280731201,9.45854663848877,0.0,-0.016865234822034836,0.003066406352445483,0.015332031063735485,0.0,-0.006003297865390778,-0.013982408680021763,0.006302638910710812,0.012735404074192047,0.0,-0.1855759173631668,0.02388743683695793,-9.718317985534668,-0.03472164273262024,0.04374833405017853,-6.39210844039917,0.0,0.0,0.0,0.0,0.0,0.0,0.0,0.0,0.0,0.0,0.0,0.0,-0.0017148340120911598,-0.01778922788798809,0.001543156336992979,0.01688491553068161,0.21832722425460815,0.21752506494522095,0.2006453275680542,0.23040349781513214,1.4197536706924438,-0.23920802772045135,-0.0030498732812702656,0.0,0.0,0.0,0.0,0.0,0.0,0.0
13036596000,0,0.0020313069690018892,-0.047394171357154846,-0.16264048218727112,6.569455581484362e-05,-0.04113857448101044,-0.8442511558532715,0.007883588783442974,-0.003504919121041894,-0.01580149494111538,-0.003931244369596243,0.012511256150901318,-0.5,-0.012499939650297165,-0.026215430349111557,-0.003987337928265333,0.0,0.0,-0.0047828578390181065,0.0511845164000988,-0.020409565418958664,-0.005796351935714483,0.09626934677362442,0.20741717517375946,-0.0010557329514995217,-0.19096903502941132,0.2406158447265625,-35.15659713745117,0.035714101046323776,0.22776447236537933,0.004806546960026026,-0.0013032351853325963,-0.10482783615589142,-0.20664843916893005,0.0009360951371490955,9.082691192626953,8.607403755187988,8.255632400512695,9.213892936706543,0.0,-0.015332031063735485,0.0015332031762227416,0.016865234822034836,0.0,0.0017765945522114635,-0.017893090844154358,-0.0022977483458817005,0.016407672315835953,0.0,-0.3159652650356293,-0.3644774854183197,-9.814482688903809,-0.03472164273262024,0.04374833405017853,-6.39210844039917,0.0,0.0,0.0,0.0,0.0,0.0,0.0,0.0,0.0,0.0,0.0,0.0,-0.0022033348213881254,-0.01698080264031887,0.002086880151182413,0.015974756330251694,0.22285231947898865,0.21325896680355072,0.20612631738185883,0.22549162805080414,1.4197536706924438,-0.23920802772045135,-0.0030498732812702656,0.0,0.0,0.0,0.0,0.0,0.0,0.0
13046244763,0,0.0019832917023450136,-0.04744153097271919,-0.16258984804153442,6.569455581484362e-05,-0.04113857448101044,-0.8442511558532715,0.008781934157013893,-0.0030799906235188246,-0.020575707778334618,-0.0038352133706212044,0.012605976313352585,-0.5,-0.012724749743938446,-0.025779178366065025,-0.0036471181083470583,0.0,0.0,-0.0047828578390181065,-0.008924824185669422,0.005910230800509453,0.013366950675845146,0.10109615325927734,0.204962819814682,-0.0011659348383545876,-0.19616802036762238,0.23763039708137512,-34.988582611083984,0.07485939562320709,0.20382800698280334,-0.007609952241182327,-0.0012954893754795194,-0.10482783615589142,-0.20664843916893005,0.0009360951371490955,9.693676948547363,8.278257369995117,8.69874382019043,8.468706130981445,-0.003066406352445483,-0.018398437649011612,0.0,0.016865234822034836,0.0,0.0013669768813997507,-0.01869814656674862,-0.0018470840295776725,0.01794499345123768,0.0,-0.3159652650356293,-0.3644774854183197,-9.814482688903809,-0.03566691279411316,0.04320552572607994,-6.361560344696045,0.0,0.0,0.0,0.0,0.0,0.0,0.0,0.0,0.0,0.0,0.0,0.0,-0.0020869772415608168,-0.016608282923698425,0.001962748123332858,0.01550852507352829,0.22285231947898865,0.21325896680355072,0.20612631738185883,0.22549162805080414,-1.910793423652649,0.7947725653648376,0.6494377255439758,0.0,0.0,0.0,0.0,0.0,0.0,0.0
13056054353,0,0.0019832917023450136,-0.04744153097271919,-0.16258984804153442,6.569455581484362e-05,-0.04113857448101044,-0.8442511558532715,0.008781934157013893,-0.0030799906235188246,-0.020575707778334618,-0.0034215645864605904,0.013088686391711235,-0.5,-0.012724749743938446,-0.025779178366065025,-0.0036471181083470583,0.0,0.0,-0.0047828578390181065,-0.008924824185669422,0.005910230800509453,0.013366950675845146,0.10109615325927734,0.204962819814682,-0.0011659348383545876,-0.19319629669189453,0.27937081456184387,-35.13714599609375,0.13084977865219116,0.18882915377616882,-0.016476156190037727,-0.0012934798141941428,-0.10412514209747314,-0.2066936194896698,0.0011120946146547794,9.693676948547363,8.278257369995117,8.69874382019043,8.468706130981445,-0.006132812704890966,-0.021464843302965164,0.0,0.016865234822034836,0.0,0.0029979743994772434,-0.020353956148028374,-0.0036641284823417664,0.019564058631658554,0.0,-0.3159652650356293,-0.3644774854183197,-9.814482688903809,-0.032836344093084335,0.0371343195438385,-6.473231792449951,0.0,0.0,0.0,0.0,0.0,0.0,0.0,0.0,0.0,0.0,0.0,0.0,-0.0012982651824131608,-0.016849955543875694,0.0010940672364085913,0.015732593834400177,0.23511186242103577,0.20658595860004425,0.2151065617799759,0.2104499340057373,-1.910793423652649,0.7947725653648376,0.6494377255439758,0.0,0.0,0.0,0.0,0.0,0.0,0.0
13066331714,0,0.001676066080108285,-0.04777669906616211,-0.1622926890850067,6.569455581484362e-05,-0.04113857448101044,-0.8442511558532715,0.006777459289878607,-0.0066872755996882915,-0.011286650784313679,-0.0032207590993493795,0.013276315294206142,-0.5,-0.014244718477129936,-0.025505732744932175,-0.003236735938116908,0.0,0.0,-0.0047828578390181065,-0.008924824185669422,0.005910230800509453,0.013366950675845146,0.11316171288490295,0.20280131697654724,-0.0016371624078601599,-0.19319629669189453,0.27937081456184387,-35.13714599609375,0.13084977865219116,0.18882915377616882,-0.016476156190037727,-0.0012934798141941428,-0.10412514209747314,-0.2066936194896698,0.0011120946146547794,9.693676948547363,8.278257369995117,8.69874382019043,8.468706130981445,-0.006132812704890966,-0.021464843302965164,0.0,0.016865234822034836,0.0,0.0029979743994772434,-0.020353956148028374,-0.0036641284823417664,0.019564058631658554,0.0,-0.3159652650356293,-0.3644774854183197,-9.814482688903809,-0.030741743743419647,0.05358866974711418,-6.458202838897705,0.0,0.0,0.0,0.0,0.0,0.0,0.0,0.0,0.0,0.0,0.0,0.0,-0.0001928347919601947,-0.01753901317715645,-0.00012735348718706518,0.016475113108754158,0.23511186242103577,0.20658595860004425,0.2151065617799759,0.2104499340057373,-1.910793423652649,0.7947725653648376,0.6494377255439758,0.0,0.0,0.0,0.0,0.0,0.0,0.0
13076116660,0,0.001676066080108285,-0.04777669906616211,-0.1622926890850067,6.569455581484362e-05,-0.04113857448101044,-0.8442511558532715,0.006777459289878607,-0.0066872755996882915,-0.011286650784313679,-0.0032207590993493795,0.013276315294206142,-0.5,-0.014244718477129936,-0.025505732744932175,-0.003236735938116908,0.0,0.0,-0.0047828578390181065,-0.03752610832452774,0.020486237481236458,-0.004338287282735109,0.11316171288490295,0.20280131697654724,-0.0016371624078601599,-0.16907958686351776,0.29473769664764404,-35.52011489868164,0.17922912538051605,0.18073557317256927,-0.0024150805547833443,-0.0013203010894358158,-0.10507184267044067,-0.2062569260597229,0.001637941226363182,9.085841178894043,9.024585723876953,8.064960479736328,9.085545539855957,-0.0015332031762227416,-0.018398437649011612,0.0015332031762227416,0.015332031063735485,0.0,0.004731745924800634,-0.018330872058868408,-0.005686601623892784,0.017891909927129745,0.0,-0.5603591203689575,0.5620493292808533,-10.19946575164795,-0.030741743743419647,0.05358866974711418,-6.458202838897705,0.0,0.0,0.0,0.0,0.0,0.0,0.0,0.0,0.0,0.0,0.0,0.0,0.001019602408632636,-0.01830400340259075,-0.0014739945763722062,0.017333148047327995,0.23123076558113098,0.21739332377910614,0.2086714506149292,0.21775119006633759,-0.3695424497127533,0.5131822824478149,-0.601951003074646,0.0,0.0,0.0,0.0,0.0,0.0,0.0
13086156296,0,0.001676066080108285,-0.04777669906616211,-0.1622926890850067,6.569455581484362e-05,-0.04113857448101044,-0.8442511558532715,0.006777459289878607,-0.0066872755996882915,-0.011286650784313679,-0.0027701444923877716,0.013471469283103943,-0.5,-0.014244718477129936,-0.025505732744932175,-0.003236735938116908,0.0,0.0,-0.0047828578390181065,-0.03752610832452774,0.020486237481236458,-0.004338287282735109,0.11348605901002884,0.19838178157806396,-0.001046283869072795,-0.1592767834663391,0.2788007855415344,-35.258060455322266,0.15619468688964844,0.17121419310569763,0.009565603919327259,-0.0013395585119724274,-0.10570864379405975,-0.20592506229877472,0.0016258367104455829,9.085841178894043,9.024585723876953,8.064960479736328,9.085545539855957,0.0015332031762227416,-0.015332031063735485,0.0015332031762227416,0.013798828236758709,0.0,0.004490744788199663,-0.01732463948428631,-0.005420285277068615,0.01688782125711441,0.0,-0.01477532647550106,0.17802220582962036,-10.098597526550293,-0.02469828724861145,0.038573380559682846,-6.385435104370117,0.0,0.0,0.0,0.0,0.0,0.0,0.0,0.0,0.0,0.0,0.0,0.0,0.002209785394370556,-0.01873210072517395,-0.002808043733239174,0.01788906380534172,0.2229156494140625,0.22168207168579102,0.20224878191947937,0.22290962934494019,-0.3695424497127533,0.5131822824478149,-0.601951003074646,0.0,0.0,0.0,0.0,0.0,0.0,0.0
13096217323,0,0.0014507598243653774,-0.04787427559494972,-0.1621616929769516,6.569455581484362e-05,-0.04113857448101044,-0.8442511558532715,0.0048538208939135075,0.0009913990506902337,-0.022542107850313187,-0.0027701444923877716,0.013471469283103943,-0.5,-0.01447123009711504,-0.024755366146564484,-0.003440071828663349,0.0,0.0,-0.0047828578390181065,0.010032433085143566,0.00863319169729948,-0.00916171446442604,0.11348605901002884,0.19838178157806396,-0.001046283869072795,-0.14428099989891052,0.1979714334011078,-35.34072494506836,0.08080418407917023,0.19319984316825867,0.009966207668185234,-0.0013545204419642687,-0.10612619668245316,-0.20532964169979095,0.0012822552816942334,9.015694618225098,8.904936790466309,8.15653133392334,9.26711368560791,0.0015332031762227416,-0.016865234822034836,0.0,0.013798828236758709,0.0,0.0019421834731474519,-0.013754243031144142,-0.0025077771861106157,0.012898894026875496,0.0,0.06359293311834335,-0.18727143108844757,-9.38309383392334,-0.02469828724861145,0.038573380559682846,-6.385435104370117,0.0,0.0,0.0,0.0,0.0,0.0,0.0,0.0,0.0,0.0,0.0,0.0,0.0031095792073756456,-0.01856464147567749,-0.003824101062491536,0.01784001663327217,0.22150301933288574,0.2192702293395996,0.20411214232444763,0.2265612781047821,1.581618309020996,-0.35584667325019836,-0.25025174021720886,0.0,0.0,0.0,0.0,0.0,0.0,0.0
13106292977,0,0.0014507598243653774,-0.04787427559494972,-0.1621616929769516,6.569455581484362e-05,-0.04113857448101044,-0.8442511558532715,0.0048538208939135075,0.0009913990506902337,-0.022542107850313187,-0.0023751556873321533,0.013603159226477146,-0.5,-0.01447123009711504,-0.024755366146564484,-0.003440071828663349,0.0,0.0,-0.0047828578390181065,0.010032433085143566,0.00863319169729948,-0.00916171446442604,0.11348605901002884,0.19838178157806396,-0.001046283869072795,-0.14428099989891052,0.1979714334011078,-35.34072494506836,0.08080418407917023,0.19319984316825867,0.009966207668185234,-0.0013545204419642687,-0.10612619668245316,-0.20532964169979095,0.0012822552816942334,9.015694618225098,8.904936790466309,8.15653133392334,9.26711368560791,0.0,-0.016865234822034836,0.0,0.015332031063735485,0.0,0.0019421834731474519,-0.013754243031144142,-0.0025077771861106157,0.012898894026875496,0.0,0.06359293311834335,-0.18727143108844757,-9.38309383392334,-0.024772528558969498,0.04023032262921333,-6.471983432769775,0.0,0.0,0.0,0.0,0.0,0.0,0.0,0.0,0.0,0.0,0.0,0.0,0.003454262390732765,-0.01775934360921383,-0.004215271677821875,0.017088139429688454,0.22150301933288574,0.2192702293395996,0.20411214232444763,0.2265612781047821,1.581618309020996,-0.35584667325019836,-0.25025174021720886,0.0,0.0,0.0,0.0,0.0,0.0,0.0
13116216777,0,0.0012532664695754647,-0.04794012010097504,-0.16200707852840424,6.569455581484362e-05,-0.04113857448101044,-0.8442511558532715,0.00494507746770978,-6.733094778610393e-05,-0.013431457802653313,-0.0023751556873321533,0.013603159226477146,-0.5,-0.013422884047031403,-0.024937976151704788,-0.0037685963325202465,0.0,0.0,-0.0047828578390181065,0.017961349338293076,-0.005472680553793907,-0.008468600921332836,0.10665279626846313,0.19827456772327423,-0.0010161551181226969,-0.1362489014863968,0.22126677632331848,-35.595909118652344,0.07805964350700378,0.214016392827034,0.007764212787151337,-0.0013508875854313374,-0.10595183819532394,-0.20521822571754456,0.0010898459004238248,9.16069507598877,8.878396034240723,8.249072074890137,9.310368537902832,-0.0015332031762227416,-0.016865234822034836,-0.0015332031762227416,0.016865234822034836,0.0,0.003120948327705264,-0.014402789063751698,-0.0038218579720705748,0.013419044204056263,0.0,-0.3404967188835144,0.38619184494018555,-9.622520446777344,-0.024772528558969498,0.04023032262921333,-6.471983432769775,0.0,0.0,0.0,0.0,0.0,0.0,0.0,0.0,0.0,0.0,0.0,0.0,0.003399140667170286,-0.016654158011078835,-0.0041531953029334545,0.015969322994351387,0.22442178428173065,0.21873487532138824,0.20599326491355896,0.2274300754070282,1.155035138130188,-0.8301486968994141,-0.07399851828813553,0.0,0.0,0.0,0.0,0.0,0.0,0.0
13126609196,0,0.001132855424657464,-0.04794909432530403,-0.16192862391471863,6.569455581484362e-05,-0.04113857448101044,-0.8442511558532715,0.00702923908829689,6.957897858228534e-05,-0.011950687505304813,-0.0021343324333429337,0.013621107675135136,-0.5,-0.013538092374801636,-0.025185728445649147,-0.003858831012621522,0.0,0.0,-0.0047828578390181065,0.01104549691081047,-0.017986318096518517,-0.001493915100581944,0.1070047914981842,0.2007065713405609,-0.001146946451626718,-0.15323053300380707,0.2672886848449707,-35.65859603881836,0.09723636507987976,0.2260110080242157,-0.0008426560088992119,-0.0013326667249202728,-0.10595183819532394,-0.20521822571754456,0.0010898459004238248,9.43786334991455,8.691245079040527,8.433575630187988,9.098017692565918,-0.003066406352445483,-0.018398437649011612,-0.004599609412252903,0.018398437649011612,0.0,0.00411927979439497,-0.017273934558033943,-0.00495334155857563,0.016183067113161087,0.0,-0.3404967188835144,0.38619184494018555,-9.622520446777344,-0.02879442647099495,0.0401456393301487,-6.488102912902832,0.0,0.0,0.0,0.0,0.0,0.0,0.0,0.0,0.0,0.0,0.0,0.0,0.003312373533844948,-0.015797708183526993,-0.004053100943565369,0.015051992610096931,0.22442178428173065,0.21873487532138824,0.20599326491355896,0.2274300754070282,0.0871911495923996,-0.6248475313186646,0.2262892872095108,0.0,0.0,0.0,0.0,0.0,0.0,0.0
13136450066,0,0.000886049005202949,-0.04795365780591965,-0.1617552936077118,6.569455581484362e-05,-0.04113857448101044,-0.8442511558532715,0.006037409882992506,0.0052756317891180515,-0.014275593683123589,-0.0016407171497121453,0.013630234636366367,-0.5,-0.013739270158112049,-0.025377556681632996,-0.003460763255134225,0.0,0.0,-0.0047828578390181065,0.01104549691081047,-0.017986318096518517,-0.001493915100581944,0.1070047914981842,0.2007065713405609,-0.001146946451626718,-0.15323053300380707,0.2672886848449707,-35.65859603881836,0.09723636507987976,0.2260110080242157,-0.0008426560088992119,-0.0013326667249202728,-0.10561714321374893,-0.20542018115520477,0.0008990357164293528,9.43786334991455,8.691245079040527,8.433575630187988,9.098017692565918,-0.0015332031762227416,-0.019931640475988388,-0.004599609412252903,0.021464843302965164,0.0,0.00411927979439497,-0.017273934558033943,-0.00495334155857563,0.016183067113161087,0.0,-0.3048286437988281,0.1365429162979126,-9.965192794799805,-0.025883832946419716,0.029939016327261925,-6.48151159286499,0.0,0.0,0.0,0.0,0.0,0.0,0.0,0.0,0.0,0.0,0.0,0.0,0.0033725418616086245,-0.015516447834670544,-0.004117794334888458,0.01468204241245985,0.22998873889446259,0.21495482325553894,0.20973774790763855,0.22316066920757294,0.0871911495923996,-0.6248475313186646,0.2262892872095108,0.0,0.0,0.0,0.0,0.0,0.0,0.0
13146388324,0,0.000886049005202949,-0.04795365780591965,-0.1617552936077118,6.569455581484362e-05,-0.04113857448101044,-0.8442511558532715,0.006037409882992506,0.0052756317891180515,-0.014275593683123589,-0.0012284006224945188,0.013568677939474583,-0.5,-0.013739270158112049,-0.025377556681632996,-0.003460763255134225,0.0,0.0,-0.0047828578390181065,0.010669030249118805,-0.01614191196858883,-0.0003890434745699167,0.10775957256555557,0.20333507657051086,-0.0010336801642552018,-0.15323053300380707,0.2672886848449707,-35.65859603881836,0.09723636507987976,0.2260110080242157,-0.0008426560088992119,-0.0013326667249202728,-0.10561714321374893,-0.20542018115520477,0.0008990357164293528,9.43786334991455,8.691245079040527,8.433575630187988,9.098017692565918,0.003066406352445483,-0.021464843302965164,-0.004599609412252903,0.021464843302965164,0.0,0.00411927979439497,-0.017273934558033943,-0.00495334155857563,0.016183067113161087,0.0,-0.30045193433761597,0.402965784072876,-9.877974510192871,-0.02159152925014496,0.028579242527484894,-6.4945454597473145,0.0,0.0,0.0,0.0,0.0,0.0,0.0,0.0,0.0,0.0,0.0,0.0,0.003539926838129759,-0.015702422708272934,-0.004303792491555214,0.014777076430618763,0.22998873889446259,0.21495482325553894,0.20973774790763855,0.22316066920757294,0.04242045804858208,-0.27482959628105164,0.13965727388858795,0.0,0.0,0.0,0.0,0.0,0.0,0.0
13156204591,0,0.0006798917893320322,-0.047922879457473755,-0.1615801751613617,6.569455581484362e-05,-0.04113857448101044,-0.8442511558532715,0.004210489336401224,0.005717247724533081,-0.01420978456735611,-0.0012284006224945188,0.013568677939474583,-0.5,-0.013330033980309963,-0.02553008869290352,-0.0037065541837364435,0.0,0.0,-0.0047828578390181065,0.008259233087301254,-0.0028037643060088158,0.0019236743682995439,0.10591042786836624,0.20298261940479279,-0.0010872480925172567,-0.13128870725631714,0.1698048710823059,-35.70627212524414,0.09347324073314667,0.21038387715816498,-0.00045503408182412386,-0.0013169437879696488,-0.10535536706447601,-0.20566418766975403,0.0009131412371061742,9.446855545043945,8.71160888671875,8.511326789855957,9.0396089553833,0.006132812704890966,-0.02299804612994194,-0.004599609412252903,0.019931640475988388,0.0,0.0012899595312774181,-0.012384266592562199,-0.0017681146273389459,0.011618147604167461,0.0,-0.13893035054206848,0.37973570823669434,-9.799789428710938,-0.02159152925014496,0.028579242527484894,-6.4945454597473145,0.0,0.0,0.0,0.0,0.0,0.0,0.0,0.0,0.0,0.0,0.0,0.0,0.00359863368794322,-0.015858305618166924,-0.004368187393993139,0.014872671104967594,0.22998873889446259,0.21495482325553894,0.20973774790763855,0.22316066920757294,-0.11609064042568207,0.37313973903656006,0.09203369915485382,0.0,0.0,0.0,0.0,0.0,0.0,0.0
13166103820,0,0.0005145956529304385,-0.047936733812093735,-0.16138698160648346,6.569455581484362e-05,-0.04113857448101044,-0.8442511558532715,0.006808390375226736,0.007243821397423744,-0.014851617626845837,-0.0008978066616691649,0.013596386648714542,-0.5,-0.013250809162855148,-0.025455420836806297,-0.0036619447637349367,0.0,0.0,-0.0047828578390181065,0.008259233087301254,-0.0028037643060088158,0.0019236743682995439,0.10591042786836624,0.20298261940479279,-0.0010872480925172567,-0.13128870725631714,0.1698048710823059,-35.70627212524414,0.09896428883075714,0.20115163922309875,-0.002098372206091881,-0.0013106906553730369,-0.1052301675081253,-0.20567898452281952,0.000942854443565011,9.446855545043945,8.71160888671875,8.511326789855957,9.0396089553833,0.006132812704890966,-0.019931640475988388,-0.004599609412252903,0.018398437649011612,0.0,0.0012906786287203431,-0.012383486144244671,-0.0017673150869086385,0.01161890383809805,0.0,-0.13893035054206848,0.37973570823669434,-9.799789428710938,-0.026043064892292023,0.02549568936228752,-6.502679347991943,0.0,0.0,0.0,0.0,0.0,0.0,0.0,0.0,0.0,0.0,0.0,0.0,0.0033320479560643435,-0.015519448556005955,-0.004066977184265852,0.014529759995639324,0.2301689088344574,0.21536646783351898,0.2113136500120163,0.2219846248626709,-0.11609064042568207,0.37313973903656006,0.09203369915485382,0.0,0.0,0.0,0.0,0.0,0.0,0.0
13176855987,0,0.0005145956529304385,-0.047936733812093735,-0.16138698160648346,6.569455581484362e-05,-0.04113857448101044,-0.8442511558532715,0.006808390375226736,0.007243821397423744,-0.014851617626845837,-0.0007586604333482683,0.01356858853250742,-0.5,-0.013250809162855148,-0.025455420836806297,-0.0036619447637349367,0.0,0.0,-0.0047828578390181065,0.008259233087301254,-0.0028037643060088158,0.0019236743682995439,0.1070164367556572,0.2012229710817337,-0.0010618758387863636,-0.13128870725631714,0.1698048710823059,-35.70627212524414,0.09896428883075714,0.20115163922309875,-0.002098372206091881,-0.0013106906553730369,-0.1052301675081253,-0.20567898452281952,0.000942854443565011,9.446855545043945,8.71160888671875,8.511326789855957,9.0396089553833,0.003066406352445483,-0.018398437649011612,-0.004599609412252903,0.012265625409781933,0.0,0.0012906786287203431,-0.012383486144244671,-0.0017673150869086385,0.01161890383809805,0.0,-0.13893035054206848,0.37973570823669434,-9.799789428710938,-0.032963212579488754,0.027708038687705994,-6.524820327758789,0.0,0.0,0.0,0.0,0.0,0.0,0.0,0.0,0.0,0.0,0.0,0.0,0.002824216615408659,-0.014774158596992493,-0.0034945248626172543,0.013823946006596088,0.2301689088344574,0.21536646783351898,0.2113136500120163,0.2219846248626709,-0.11609064042568207,0.37313973903656006,0.09203369915485382,0.0,0.0,0.0,0.0,0.0,0.0,0.0
13186312340,0,0.0004450228880159557,-0.04792283475399017,-0.16129489243030548,6.569455581484362e-05,-0.04113857448101044,-0.8442511558532715,0.010423468425869942,0.0061113168485462666,-0.012741297483444214,-0.0007586604333482683,0.01356858853250742,-0.5,-0.013207116164267063,-0.02528834342956543,-0.003436107188463211,0.0,0.0,-0.0047828578390181065,-0.0007973938481882215,0.003836287185549736,0.004136533942073584,0.1070164367556572,0.2012229710817337,-0.0010618758387863636,-0.1812976747751236,0.15239420533180237,-35.886512756347656,0.11078792065382004,0.19478021562099457,-0.004002445377409458,-0.0013044109800830483,-0.10515390336513519,-0.2054835557937622,0.0010425946675240993,9.547738075256348,8.737589836120605,8.595776557922363,9.009625434875488,0.0015332031762227416,-0.018398437649011612,-0.006132812704890966,0.0076660155318677425,0.0,-0.0012187984539195895,-0.013665035367012024,0.0010238824179396033,0.012937641702592373,0.0,-0.18635259568691254,-0.13211137056350708,-10.001473426818848,-0.032963212579488754,0.027708038687705994,-6.524820327758789,0.0,0.0,0.0,0.0,0.0,0.0,0.0,0.0,0.0,0.0,0.0,0.0,0.002175712725147605,-0.014025592245161533,-0.0027655053418129683,0.013130763545632362,0.23219087719917297,0.21589162945747375,0.21302349865436554,0.22138060629367828,-0.3606126308441162,0.2661363482475281,0.11281447112560272,0.0,0.0,0.0,0.0,0.0,0.0,0.0
13196731610,0,0.0004450228880159557,-0.04792283475399017,-0.16129489243030548,6.569455581484362e-05,-0.04113857448101044,-0.8442511558532715,0.010423468425869942,0.0061113168485462666,-0.012741297483444214,-0.0005695403669960797,0.013610430993139744,-0.5,-0.013207116164267063,-0.02528834342956543,-0.003436107188463211,0.0,0.0,-0.0047828578390181065,-0.010093637742102146,-0.00016155189950950444,-0.0006661276565864682,0.1070164367556572,0.2012229710817337,-0.0010618758387863636,-0.17848336696624756,0.16285087168216705,-35.887386322021484,0.12563972175121307,0.20232312381267548,0.002392396330833435,-0.0013033943250775337,-0.10526902228593826,-0.2053738534450531,0.0010547208366915584,9.422179222106934,8.909687995910645,8.402168273925781,9.157806396484375,0.003066406352445483,-0.018398437649011612,-0.004599609412252903,0.006132812704890966,0.0,-0.0007369479862973094,-0.013704231008887291,0.0004891821881756186,0.013023481704294682,0.0,-0.18635259568691254,-0.13211137056350708,-10.001473426818848,-0.03245152160525322,0.029609249904751778,-6.524979114532471,0.0,0.0,0.0,0.0,0.0,0.0,0.0,0.0,0.0,0.0,0.0,0.0,0.0013683863217011094,-0.013533592224121094,-0.0018611489795148373,0.012697337195277214,0.22967420518398285,0.21936596930027008,0.20910108089447021,0.2243638038635254,-0.5787398219108582,-0.06989666819572449,-0.1442970633506775,0.0,0.0,0.0,0.0,0.0,0.0,0.0
13206030823,0,0.0002809503930620849,-0.04797820374369621,-0.16114003956317902,6.569455581484362e-05,-0.04113857448101044,-0.8442511558532715,0.009356096386909485,0.0018047780031338334,-0.0179932601749897,-0.00043051381362602115,0.013679327443242073,-0.5,-0.0138143515214324,-0.025338634848594666,-0.0036593240220099688,0.0,0.0,-0.0047828578390181065,-0.012842555530369282,-0.012050862424075603,-0.01459118165075779,0.10975868254899979,0.20146259665489197,-0.0011380857322365046,-0.17848336696624756,0.16285087168216705,-35.887386322021484,0.12563972175121307,0.20232312381267548,0.002392396330833435,-0.0013033943250775337,-0.10526902228593826,-0.2053738534450531,0.0010547208366915584,9.04569149017334,9.189251899719238,7.976105213165283,9.498440742492676,0.0076660155318677425,-0.016865234822034836,-0.0015332031762227416,0.0076660155318677425,0.0,-0.0007676196401007473,-0.01328728161752224,0.0005153122474439442,0.012556406669318676,0.0,-0.27619343996047974,0.14696890115737915,-9.989662170410156,-0.030032292008399963,0.037023819983005524,-6.496180534362793,0.0,0.0,0.0,0.0,0.0,0.0,0.0,0.0,0.0,0.0,0.0,0.0,0.0005591983208432794,-0.013302067294716835,-0.0009568032692186534,0.012518850155174732,0.22967420518398285,0.21936596930027008,0.20910108089447021,0.2243638038635254,-0.18067288398742676,-0.46869564056396484,-0.47493165731430054,0.0,0.0,0.0,0.0,0.0,0.0,0.0
13216034830,0,0.0002809503930620849,-0.04797820374369621,-0.16114003956317902,6.569455581484362e-05,-0.04113857448101044,-0.8442511558532715,0.009356096386909485,0.0018047780031338334,-0.0179932601749897,-0.00043051381362602115,0.013679327443242073,-0.5,-0.0138143515214324,-0.025338634848594666,-0.0036593240220099688,0.0,0.0,-0.0047828578390181065,-0.012842555530369282,-0.012050862424075603,-0.01459118165075779,0.10975868254899979,0.20146259665489197,-0.0011380857322365046,-0.1381162703037262,0.1768956482410431,-35.70709228515625,0.12368572503328323,0.22134661674499512,0.016637545078992844,-0.0012898881686851382,-0.10569287091493607,-0.20539654791355133,0.0007037853938527405,9.04569149017334,9.189251899719238,7.976105213165283,9.498440742492676,0.0076660155318677425,-0.015332031063735485,-0.0015332031762227416,0.012265625409781933,0.0,0.0013607065193355083,-0.012272861786186695,-0.0018947409698739648,0.011578104458749294,0.0,-0.04943797364830971,0.6228662729263306,-9.843003273010254,-0.030032292008399963,0.037023819983005524,-6.496180534362793,0.0,0.0,0.0,0.0,0.0,0.0,0.0,0.0,0.0,0.0,0.0,0.0,1.5994184650480747e-05,-0.013157909736037254,-0.0003527751541696489,0.012414416298270226,0.22210724651813507,0.22499625384807587,0.2004389464855194,0.23120322823524475,-0.18067288398742676,-0.46869564056396484,-0.47493165731430054,0.0,0.0,0.0,0.0,0.0,0.0,0.0
13226376354,0,0.00014835044567007571,-0.047972194850444794,-0.16098874807357788,6.569455581484362e-05,-0.04113857448101044,-0.8442511558532715,0.014276877045631409,0.009975160472095013,-0.013543494045734406,-0.0001653126091696322,0.01366730872541666,-0.5,-0.013720748014748096,-0.02573598176240921,-0.004222862888127565,0.0,0.0,-0.0047828578390181065,0.011403389275074005,-0.0018071105005219579,0.008285678923130035,0.11036435514688492,0.20470812916755676,-0.0005946018500253558,-0.21396704018115997,0.06948079913854599,-36.24019241333008,0.08646119385957718,0.2018044888973236,-0.013739063404500484,-0.0012501234887167811,-0.10571473836898804,-0.2055225819349289,0.0005210457020439208,9.849461555480957,8.53757095336914,8.957728385925293,8.897186279296875,0.004599609412252903,-0.016865234822034836,-0.0015332031762227416,0.015332031063735485,0.0,-0.005324420519173145,-0.011897429823875427,0.005551076028496027,0.011111055500805378,0.0,-0.1723090410232544,0.09671196341514587,-10.090259552001953,-0.03993832319974899,0.02066241204738617,-6.5467448234558105,0.0,0.0,0.0,0.0,0.0,0.0,0.0,0.0,0.0,0.0,0.0,0.0,-0.00040960469050332904,-0.012953173369169235,0.00011442767572589219,0.01223231665790081,0.2382247895002365,0.21184523403644562,0.2203347533941269,0.21911384165287018,0.7332236170768738,0.3225608766078949,0.7787267565727234,0.0,0.0,0.0,0.0,0.0,0.0,0.0
13236289032,0,-7.592340261908248e-05,-0.04787471145391464,-0.1606910228729248,6.569455581484362e-05,-0.04113857448101044,-0.8442511558532715,0.010461930185556412,0.006530069746077061,-0.01523217000067234,0.0002832373429555446,0.013472341001033783,-0.5,-0.013308269903063774,-0.02552350051701069,-0.003220220562070608,0.0,0.0,-0.0047828578390181065,0.018400022760033607,-0.006603116635233164,0.01957118697464466,0.1057177409529686,0.20294052362442017,-0.001671173027716577,-0.18627825379371643,0.08392036706209183,-36.299678802490234,0.08078319579362869,0.2102229744195938,-0.023109227418899536,-0.001238239579834044,-0.10571473836898804,-0.2055225819349289,0.0005210457020439208,10.102509498596191,8.296773910522461,9.20309829711914,8.699037551879883,0.0015332031762227416,-0.018398437649011612,-0.004599609412252903,0.015332031063735485,0.0,-0.0037154119927436113,-0.011676555499434471,0.0037860237061977386,0.010827123187482357,0.0,-0.056307412683963776,0.36148959398269653,-9.782864570617676,-0.031200530007481575,0.026800312101840973,-6.548408508300781,0.0,0.0,0.0,0.0,0.0,0.0,0.0,0.0,0.0,0.0,0.0,0.0,-0.001143213245086372,-0.01266479678452015,0.0009224992245435715,0.01194430235773325,0.2382247895002365,0.21184523403644562,0.2203347533941269,0.21911384165287018,0.6534525752067566,-0.06793354451656342,0.8415697813034058,0.0,0.0,0.0,0.0,0.0,0.0,0.0
13246148755,0,-7.592340261908248e-05,-0.04787471145391464,-0.1606910228729248,6.569455581484362e-05,-0.04113857448101044,-0.8442511558532715,0.010461930185556412,0.006530069746077061,-0.01523217000067234,0.0002832373429555446,0.013472341001033783,-0.5,-0.013308269903063774,-0.02552350051701069,-0.003220220562070608,0.0,0.0,-0.0047828578390181065,0.018400022760033607,-0.006603116635233164,0.01957118697464466,0.1057177409529686,0.20294052362442017,-0.001671173027716577,-0.18627825379371643,0.08392036706209183,-36.299678802490234,0.08078319579362869,0.2102229744195938,-0.023109227418899536,-0.001238239579834044,-0.10550260543823242,-0.20552314817905426,0.0008466517319902778,10.102509498596191,8.296773910522461,9.20309829711914,8.699037551879883,-0.0015332031762227416,-0.019931640475988388,-0.004599609412252903,0.010732421651482582,0.0,-0.0037154119927436113,-0.011676555499434471,0.0037860237061977386,0.010827123187482357,0.0,-0.056307412683963776,0.36148959398269653,-9.782864570617676,-0.031200530007481575,0.026800312101840973,-6.548408508300781,0.0,0.0,0.0,0.0,0.0,0.0,0.0,0.0,0.0,0.0,0.0,0.0,-0.0020528780296444893,-0.012350799515843391,0.0019297418184578419,0.01160960178822279,0.2432703673839569,0.20696204900741577,0.22527459263801575,0.2151123434305191,0.6534525752067566,-0.06793354451656342,0.8415697813034058,0.0,0.0,0.0,0.0,0.0,0.0,0.0
13257857088,0,-0.00012089429947081953,-0.04784698784351349,-0.16059616208076477,6.569455581484362e-05,-0.04113857448101044,-0.8442511558532715,0.010460020042955875,0.008512713015079498,-0.01754557527601719,0.0003731795586645603,0.013416893780231476,-0.5,-0.01330944336950779,-0.025852631777524948,-0.0033626307267695665,0.0,0.0,-0.0047828578390181065,0.01428308803588152,-0.020573781803250313,0.013519145548343658,0.10573158413171768,0.20555388927459717,-0.0014976500533521175,-0.17173579335212708,0.12469495832920074,-35.96025848388672,0.08806676417589188,0.23512236773967743,-0.011137718334794044,-0.0012422242434695363,-0.10550260543823242,-0.20552314817905426,0.0008466517319902778,9.768575668334961,8.483158111572266,8.768735885620117,8.941752433776855,-0.003066406352445483,-0.019931640475988388,-0.0015332031762227416,0.009199218824505806,0.0,-0.001840769313275814,-0.012513864785432816,0.0017426920821890235,0.011570011265575886,0.0,-0.23633573949337006,0.4704016149044037,-10.39521598815918,-0.03122469037771225,0.022671811282634735,-6.538228988647461,0.0,0.0,0.0,0.0,0.0,0.0,0.0,0.0,0.0,0.0,0.0,0.0,-0.0027205641381442547,-0.012110580690205097,0.002673387760296464,0.011334874667227268,0.2432703673839569,0.20696204900741577,0.22527459263801575,0.2151123434305191,0.13987170159816742,-0.69621741771698,0.09288488328456879,0.0,0.0,0.0,0.0,0.0,0.0,0.0
13266438464,0,-0.00012089429947081953,-0.04784698784351349,-0.16059616208076477,6.569455581484362e-05,-0.04113857448101044,-0.8442511558532715,0.010460020042955875,0.008512713015079498,-0.01754557527601719,0.0003731795586645603,0.013416893780231476,-0.5,-0.01330944336950779,-0.025852631777524948,-0.0033626307267695665,0.0,0.0,-0.0047828578390181065,0.007010248489677906,-0.025788987055420876,0.0007474695448763669,0.10647239536046982,0.21035726368427277,-0.0008601636509411037,-0.1741480529308319,0.07254189997911453,-35.890464782714844,0.09786177426576614,0.24291826784610748,0.005309117957949638,-0.0012540033785626292,-0.105170339345932,-0.20597845315933228,0.0013307702029123902,9.36860179901123,8.878400802612305,8.311285018920898,9.334643363952637,0.0,-0.018398437649011612,-0.0015332031762227416,0.0076660155318677425,0.0,-0.0039799269288778305,-0.009977314621210098,0.004158231429755688,0.009197590872645378,0.0,-0.0008797336486168206,-0.28351926803588867,-9.927033424377441,-0.03122469037771225,0.022671811282634735,-6.538228988647461,0.0,0.0,0.0,0.0,0.0,0.0,0.0,0.0,0.0,0.0,0.0,0.0,-0.0030717579647898674,-0.011911211535334587,0.003073078813031316,0.011099433526396751,0.22859923541545868,0.21873487532138824,0.20725682377815247,0.22791746258735657,-0.21257224678993225,-0.5744056701660156,-0.555696964263916,0.0,0.0,0.0,0.0,0.0,0.0,0.0
13276354840,0,-0.00018630131671670824,-0.047751955687999725,-0.16051264107227325,6.569455581484362e-05,-0.04113857448101044,-0.8442511558532715,0.014184393920004368,0.01476194616407156,-0.015925439074635506,0.000632711686193943,0.013162716291844845,-0.5,-0.012933128513395786,-0.026586828753352165,-0.0035649691708385944,0.0,0.0,-0.0047828578390181065,0.007010248489677906,-0.025788987055420876,0.0007474695448763669,0.10647239536046982,0.21035726368427277,-0.0008601636509411037,-0.1741480529308319,0.07254189997911453,-35.890464782714844,0.09786177426576614,0.24291826784610748,0.005309117957949638,-0.0012540033785626292,-0.105170339345932,-0.20597845315933228,0.0013307702029123902,9.36860179901123,8.878400802612305,8.311285018920898,9.334643363952637,0.0015332031762227416,-0.015332031063735485,0.0,0.009199218824505806,0.0,-0.0039799269288778305,-0.009977314621210098,0.004158231429755688,0.009197590872645378,0.0,-0.0008797336486168206,-0.28351926803588867,-9.927033424377441,-0.03827614337205887,0.01759950816631317,-6.577976703643799,0.0,0.0,0.0,0.0,0.0,0.0,0.0,0.0,0.0,0.0,0.0,0.0,-0.0033133781980723143,-0.01157331746071577,0.003358458401635289,0.010742142796516418,0.22859923541545868,0.21873487532138824,0.20725682377815247,0.22791746258735657,-0.21257224678993225,-0.5744056701660156,-0.555696964263916,0.0,0.0,0.0,0.0,0.0,0.0,0.0
13286182626,0,-0.0002506597083993256,-0.04771989956498146,-0.160490944981575,6.569455581484362e-05,-0.04113857448101044,-0.8442511558532715,0.01391481515020132,0.010720351710915565,-0.015389268286526203,0.000632711686193943,0.013162716291844845,-0.5,-0.013109446503221989,-0.026368143036961555,-0.0036185537464916706,0.0,0.0,-0.0047828578390181065,0.010676217265427113,0.012927803210914135,-0.0036801896058022976,0.10415076464414597,0.20964612066745758,-0.0011896174401044846,-0.21051879227161407,0.09679729491472244,-36.178871154785156,0.09783551096916199,0.19546915590763092,0.011587058193981647,-0.0012624496594071388,-0.1051030233502388,-0.20632968842983246,0.0010666600428521633,9.21121597290039,9.180434226989746,8.298967361450195,9.490720748901367,0.0,-0.013798828236758709,0.003066406352445483,0.010732421651482582,0.0,-0.004513951949775219,-0.011985001154243946,0.004679441452026367,0.011303956620395184,0.0,-0.09617030620574951,-0.371850848197937,-9.586031913757324,-0.03827614337205887,0.01759950816631317,-6.577976703643799,0.0,0.0,0.0,0.0,0.0,0.0,0.0,0.0,0.0,0.0,0.0,0.0,-0.0035798419266939163,-0.011205250397324562,0.003670435631647706,0.010378580540418625,0.22543787956237793,0.22481898963451385,0.20700646936893463,0.2310485988855362,0.27711740136146545,0.9711846113204956,0.10087145119905472,0.0,0.0,0.0,0.0,0.0,0.0,0.0
13296491997,0,-0.0002506597083993256,-0.04771989956498146,-0.160490944981575,6.569455581484362e-05,-0.04113857448101044,-0.8442511558532715,0.01391481515020132,0.010720351710915565,-0.015389268286526203,0.000632711686193943,0.013162716291844845,-0.5,-0.013109446503221989,-0.026368143036961555,-0.0036185537464916706,0.0,0.0,-0.0047828578390181065,0.010676217265427113,0.012927803210914135,-0.0036801896058022976,0.10060825943946838,0.20523492991924286,-0.0013600513339042664,-0.20120304822921753,0.17817877233028412,-36.10795593261719,0.0906902551651001,0.18196868896484375,0.0023288028314709663,-0.001254864502698183,-0.10499425232410431,-0.2061825841665268,0.0009084973717108369,9.393658638000488,8.940633773803711,8.543932914733887,9.231954574584961,-0.003066406352445483,-0.010732421651482582,0.003066406352445483,0.010732421651482582,0.0,-0.0010117768542841077,-0.015155625529587269,0.0007931162836030126,0.014381819404661655,0.0,-0.09617030620574951,-0.371850848197937,-9.586031913757324,-0.03827614337205887,0.01759950816631317,-6.577976703643799,0.0,0.0,0.0,0.0,0.0,0.0,0.0,0.0,0.0,0.0,0.0,0.0,-0.003697063773870468,-0.011221762746572495,0.0038067311979830265,0.010415350086987019,0.22910194098949432,0.21999020874500275,0.21197408437728882,0.22585484385490417,0.27711740136146545,0.9711846113204956,0.10087145119905472,0.0,0.0,0.0,0.0,0.0,0.0,0.0
13306477017,0,-0.00034965871600434184,-0.047627050429582596,-0.1603551208972931,6.569455581484362e-05,-0.04113857448101044,-0.8442511558532715,0.010960724204778671,0.001955239102244377,-0.01787557639181614,0.000830710690934211,0.01297701708972454,-0.5,-0.013106283731758595,-0.025735054165124893,-0.0038613569922745228,0.0,0.0,-0.0047828578390181065,-0.0038094245828688145,-0.002592324046418071,0.012112424708902836,0.10060825943946838,0.20523492991924286,-0.0013600513339042664,-0.1659860461950302,0.1476709395647049,-36.43324661254883,0.11036316305398941,0.2139374017715454,-0.015037956647574902,-0.0012413666117936373,-0.10480477660894394,-0.20592449605464935,0.0010678810067474842,9.98680591583252,8.569830894470215,8.98172378540039,8.896271705627441,-0.006132812704890966,-0.010732421651482582,0.004599609412252903,0.009199218824505806,0.0,-0.000783501542173326,-0.01309792511165142,0.000570721342228353,0.012313914485275745,0.0,-0.37663036584854126,0.363931804895401,-9.800359725952148,-0.03134353458881378,0.03473909571766853,-6.572474956512451,0.0,0.0,0.0,0.0,0.0,0.0,0.0,0.0,0.0,0.0,0.0,0.0,-0.003410237142816186,-0.011714596301317215,0.0034866929054260254,0.010927972383797169,0.24096496403217316,0.21249835193157196,0.22081835567951202,0.2190953940153122,-0.6093856692314148,-0.4000224471092224,0.5940632820129395,0.0,0.0,0.0,0.0,0.0,0.0,0.0
13316084203,0,-0.00034965871600434184,-0.047627050429582596,-0.1603551208972931,6.569455581484362e-05,-0.04113857448101044,-0.8442511558532715,0.010960724204778671,0.001955239102244377,-0.01787557639181614,0.0010467635001987219,0.01299496553838253,-0.5,-0.013106283731758595,-0.025735054165124893,-0.0038613569922745228,0.0,0.0,-0.0047828578390181065,-0.0038094245828688145,-0.002592324046418071,0.012112424708902836,0.10060825943946838,0.20523492991924286,-0.0013600513339042664,-0.1659860461950302,0.1476709395647049,-36.43324661254883,0.11036316305398941,0.2139374017715454,-0.015037956647574902,-0.0012413666117936373,-0.10480477660894394,-0.20592449605464935,0.0010678810067474842,9.98680591583252,8.569830894470215,8.98172378540039,8.896271705627441,-0.0076660155318677425,-0.015332031063735485,0.003066406352445483,0.009199218824505806,0.0,-0.000783501542173326,-0.01309792511165142,0.000570721342228353,0.012313914485275745,0.0,-0.37663036584854126,0.363931804895401,-9.800359725952148,-0.02913595363497734,0.020188741385936737,-6.679285526275635,0.0,0.0,0.0,0.0,0.0,0.0,0.0,0.0,0.0,0.0,0.0,0.0,-0.0027949989307671785,-0.012307164259254932,0.0028014779090881348,0.011531227268278599,0.24096496403217316,0.21249835193157196,0.22081835567951202,0.2190953940153122,-0.6093856692314148,-0.4000224471092224,0.5940632820129395,0.0,0.0,0.0,0.0,0.0,0.0,0.0
13326607993,0,-0.0004576845676638186,-0.04763602465391159,-0.16008222103118896,6.569455581484362e-05,-0.04113857448101044,-0.8442511558532715,0.009602111764252186,0.00920352153480053,-0.005756358150392771,0.0010467635001987219,0.01299496553838253,-0.5,-0.012647030875086784,-0.02607777900993824,-0.0032240492291748524,0.0,0.0,-0.0047828578390181065,-0.011813982389867306,-0.011078305542469025,0.012161357328295708,0.10630060732364655,0.2084631770849228,-0.0014986626338213682,-0.16024774312973022,0.11103807389736176,-36.73606872558594,0.12477627396583557,0.22631174325942993,-0.012295580469071865,-0.0012450426584109664,-0.10487964004278183,-0.2060025930404663,0.0012915576808154583,10.036130905151367,8.716093063354492,8.946722030639648,9.0385103225708,-0.004599609412252903,-0.016865234822034836,0.003066406352445483,0.009199218824505806,0.0,-0.0018684046808630228,-0.011159739457070827,0.0017933894414454699,0.010462173260748386,0.0,-0.39732468128204346,-0.03062525950372219,-10.475061416625977,-0.02913595363497734,0.020188741385936737,-6.679285526275635,0.0,0.0,0.0,0.0,0.0,0.0,0.0,0.0,0.0,0.0,0.0,0.0,-0.0021712896414101124,-0.012655100785195827,0.002109249122440815,0.011886917985975742,0.2419481724500656,0.21545711159706116,0.22011283040046692,0.22196263074874878,-0.7797896862030029,-0.6085220575332642,0.2972618043422699,0.0,0.0,0.0,0.0,0.0,0.0,0.0
13336555969,0,-0.0005706054507754743,-0.04771444946527481,-0.15989090502262115,6.569455581484362e-05,-0.04113857448101044,-0.8442511558532715,0.006711912807077169,-0.006188679486513138,-0.015396947041153908,0.0012726064305752516,0.013151816092431545,-0.5,-0.013647735118865967,-0.02633870765566826,-0.0031747545581310987,0.0,0.0,-0.0047828578390181065,-0.003116282168775797,0.009103499352931976,-0.010897899977862835,0.10841072350740433,0.2094227820634842,-0.001713841105811298,-0.12536421418190002,0.28639549016952515,-36.3668327331543,0.12681616842746735,0.21608933806419373,0.0021966961212456226,-0.0012570398394018412,-0.10487964004278183,-0.2060025930404663,0.0012915576808154583,9.569167137145996,9.004515647888184,8.504507064819336,9.289793014526367,0.0,-0.015332031063735485,0.003066406352445483,0.010732421651482582,0.0,0.005806891713291407,-0.01631980389356613,-0.006855183281004429,0.015524405986070633,0.0,-0.19260472059249878,0.43206191062927246,-9.551359176635742,-0.022793494164943695,0.05207190662622452,-6.612151145935059,0.0,0.0,0.0,0.0,0.0,0.0,0.0,0.0,0.0,0.0,0.0,0.0,-0.0014045273419469595,-0.012877740897238255,0.00125513959210366,0.012117899954319,0.2419481724500656,0.21545711159706116,0.22011283040046692,0.22196263074874878,0.34276431798934937,0.7248143553733826,-0.8194023966789246,0.0,0.0,0.0,0.0,0.0,0.0,0.0
13346425340,0,-0.0005706054507754743,-0.04771444946527481,-0.15989090502262115,6.569455581484362e-05,-0.04113857448101044,-0.8442511558532715,0.006711912807077169,-0.006188679486513138,-0.015396947041153908,0.0014684556517750025,0.01334814727306366,-0.5,-0.013647735118865967,-0.02633870765566826,-0.0031747545581310987,0.0,0.0,-0.0047828578390181065,-0.003116282168775797,0.009103499352931976,-0.010897899977862835,0.10841072350740433,0.2094227820634842,-0.001713841105811298,-0.10095842182636261,0.25011447072029114,-36.098854064941406,0.10307056456804276,0.18796966969966888,0.016844216734170914,-0.0012682772940024734,-0.10526389628648758,-0.20611250400543213,0.0013748756609857082,9.057027816772461,9.309860229492188,8.150444984436035,9.582719802856445,0.0015332031762227416,-0.013798828236758709,0.0015332031762227416,0.010732421651482582,0.0,0.005670328624546528,-0.013480907306075096,-0.006639342289417982,0.012809284962713718,0.0,-0.19260472059249878,0.43206191062927246,-9.551359176635742,-0.020362641662359238,0.03467371314764023,-6.581740379333496,0.0,0.0,0.0,0.0,0.0,0.0,0.0,0.0,0.0,0.0,0.0,0.0,-5.709644756279886e-05,-0.013253385201096535,-0.000252565776463598,0.012501307763159275,0.22233562171459198,0.2274198681116104,0.203988179564476,0.2328915148973465,0.34276431798934937,0.7248143553733826,-0.8194023966789246,0.0,0.0,0.0,0.0,0.0,0.0,0.0
13356441547,0,-0.0006685295957140625,-0.04781261458992958,-0.1597720980644226,6.569455581484362e-05,-0.04113857448101044,-0.8442511558532715,0.006242045667022467,0.0023724976927042007,-0.021815115585923195,0.0014684556517750025,0.01334814727306366,-0.5,-0.01309516467154026,-0.025547172874212265,-0.00399966724216938,0.0,0.0,-0.0047828578390181065,0.023157676681876183,0.0018117831787094474,-0.009954661130905151,0.10405544936656952,0.203111931681633,-0.00073901133146137,-0.13001808524131775,0.21746650338172913,-36.56053161621094,0.06400855630636215,0.2079588770866394,0.008778980933129787,-0.0012609687400981784,-0.10498278588056564,-0.2058277428150177,0.0008957190439105034,9.345273971557617,9.132953643798828,8.496183395385742,9.587969779968262,0.0015332031762227416,-0.012265625409781933,0.0015332031762227416,0.010732421651482582,0.0,0.0031617165077477694,-0.013602260500192642,-0.0038003381341695786,0.012670772150158882,0.0,-0.3360854983329773,-0.5774314999580383,-10.044168472290039,-0.020362641662359238,0.03467371314764023,-6.581740379333496,0.0,0.0,0.0,0.0,0.0,0.0,0.0,0.0,0.0,0.0,0.0,0.0,0.0015530253294855356,-0.01361667551100254,-0.0020515962969511747,0.012865567579865456,0.22813095152378082,0.22386375069618225,0.21100686490535736,0.2329965978860855,1.0426785945892334,-0.21869921684265137,-0.08870004862546921,0.0,0.0,0.0,0.0,0.0,0.0,0.0
13366512712,0,-0.0007550301379524171,-0.047983318567276,-0.15972177684307098,6.569455581484362e-05,-0.04113857448101044,-0.8442511558532715,0.006255314685404301,-0.00373638141900301,-0.012217245995998383,0.0016414576675742865,0.01368955709040165,-0.5,-0.012283900752663612,-0.026109090074896812,-0.0036946304608136415,0.0,0.0,-0.0047828578390181065,0.016708405688405037,-0.014870669692754745,-0.00011546023597475141,0.09759301692247391,0.20758366584777832,-0.001113311154767871,-0.11635202914476395,0.2589210867881775,-36.68540954589844,0.08178596943616867,0.23442356288433075,-0.003990053199231625,-0.0012460940051823854,-0.10498278588056564,-0.2058277428150177,0.0008957190439105034,9.762572288513184,8.832341194152832,8.779677391052246,9.312438011169434,-0.0015332031762227416,-0.013798828236758709,0.0,0.010732421651482582,0.0,0.005024449899792671,-0.015175892040133476,-0.005895491223782301,0.01410253532230854,0.0,-0.3506517708301544,-0.2105059176683426,-10.09731674194336,-0.021154914051294327,0.04707656055688858,-6.670074462890625,0.0,0.0,0.0,0.0,0.0,0.0,0.0,0.0,0.0,0.0,0.0,0.0,0.0028434081468731165,-0.013859682716429234,-0.0034866933710873127,0.013081209734082222,0.22813095152378082,0.22386375069618225,0.21100686490535736,0.2329965978860855,0.2502252757549286,-0.8628695011138916,0.4292120635509491,0.0,0.0,0.0,0.0,0.0,0.0,0.0
13376364590,0,-0.0008064699359238148,-0.04806769639253616,-0.15969112515449524,6.569455581484362e-05,-0.04113857448101044,-0.8442511558532715,0.0036196315195411444,-0.011180897243320942,-0.01752496510744095,0.001744337729178369,0.013858313672244549,-0.5,-0.012713482603430748,-0.026528649032115936,-0.003468951443210244,0.0,0.0,-0.0047828578390181065,0.016708405688405037,-0.014870669692754745,-0.00011546023597475141,0.10194063186645508,0.21112459897994995,-0.00120260426774621,-0.11635202914476395,0.2589210867881775,-36.68540954589844,0.08178596943616867,0.23442356288433075,-0.003990053199231625,-0.0012460940051823854,-0.10468655824661255,-0.20592094957828522,0.0007855732692405581,9.762572288513184,8.832341194152832,8.779677391052246,9.312438011169434,-0.004599609412252903,-0.013798828236758709,0.0,0.010732421651482582,0.0,0.005024449899792671,-0.015175892040133476,-0.005895491223782301,0.01410253532230854,0.0,-0.3506517708301544,-0.2105059176683426,-10.09731674194336,-0.015865426510572433,0.0626363605260849,-6.633908748626709,0.0,0.0,0.0,0.0,0.0,0.0,0.0,0.0,0.0,0.0,0.0,0.0,0.0037945646326988935,-0.014149477705359459,-0.004540327005088329,0.013309678062796593,0.2364891767501831,0.2178054004907608,0.21674199402332306,0.22747161984443665,0.2502252757549286,-0.8628695011138916,0.4292120635509491,0.0,0.0,0.0,0.0,0.0,0.0,0.0
13386126066,0,-0.0009434258099645376,-0.04825111851096153,-0.15960277616977692,6.569455581484362e-05,-0.04113857448101044,-0.8442511558532715,0.0026041746605187654,-0.007960994727909565,-0.02025662176311016,0.002018250757828355,0.014225158840417862,-0.5,-0.012827150523662567,-0.026242714375257492,-0.003449373645707965,0.0,0.0,-0.0047828578390181065,0.006759565323591232,-0.017204923555254936,0.00842745415866375,0.10194063186645508,0.21112459897994995,-0.00120260426774621,-0.08725984394550323,0.34449997544288635,-36.48649978637695,0.09927435964345932,0.2331637442111969,-0.012499991804361343,-0.0012334268540143967,-0.10468655824661255,-0.20592094957828522,0.0007855732692405581,9.949524879455566,8.599479675292969,8.918745994567871,9.020110130310059,-0.004599609412252903,-0.013798828236758709,0.0,0.010732421651482582,0.0,0.009006326086819172,-0.017907951027154922,-0.010347915813326836,0.0167754665017128,0.0,-0.5536261796951294,-0.08782728761434555,-9.853099822998047,-0.012870904989540577,0.05703442916274071,-6.629754543304443,0.0,0.0,0.0,0.0,0.0,0.0,0.0,0.0,0.0,0.0,0.0,0.0,0.00467299297451973,-0.014607438817620277,-0.0055139800533652306,0.013691652566194534,0.2364891767501831,0.2178054004907608,0.21674199402332306,0.22747161984443665,-0.2661725580692291,-0.500141441822052,0.6326450109481812,0.0,0.0,0.0,0.0,0.0,0.0,0.0
13396456647,0,-0.0009434258099645376,-0.04825111851096153,-0.15960277616977692,6.569455581484362e-05,-0.04113857448101044,-0.8442511558532715,0.0026041746605187654,-0.007960994727909565,-0.02025662176311016,0.002018250757828355,0.014225158840417862,-0.5,-0.012827150523662567,-0.026242714375257492,-0.003449373645707965,0.0,0.0,-0.0047828578390181065,0.003799805650487542,-0.00804812926799059,0.012274344451725483,0.10190031677484512,0.20865190029144287,-0.001398047199472785,-0.07078997790813446,0.31368935108184814,-36.46364974975586,0.09932953864336014,0.21467533707618713,-0.014925839379429817,-0.0012286825804039836,-0.10444170981645584,-0.2063230723142624,0.0010147248394787312,9.975825309753418,8.561767578125,9.002314567565918,8.924922943115234,-0.003066406352445483,-0.013798828236758709,-0.0015332031762227416,0.012265625409781933,0.0,0.008474822156131268,-0.016033535823225975,-0.009688043035566807,0.015081766992807388,0.0,-0.38261157274246216,0.006405527703464031,-10.039528846740723,-0.012870904989540577,0.05703442916274071,-6.629754543304443,0.0,0.0,0.0,0.0,0.0,0.0,0.0,0.0,0.0,0.0,0.0,0.0,0.005696422420442104,-0.015229199081659317,-0.0066489870660007,0.01424711849540472,0.2407461553812027,0.21233506500720978,0.2212333232164383,0.21967321634292603,-0.2818882465362549,0.1515500396490097,0.5645453929901123,0.0,0.0,0.0,0.0,0.0,0.0,0.0
13406413485,0,-0.0009434258099645376,-0.04825111851096153,-0.15960277616977692,6.569455581484362e-05,-0.04113857448101044,-0.8442511558532715,0.0026041746605187654,-0.007960994727909565,-0.02025662176311016,0.002018250757828355,0.014225158840417862,-0.5,-0.012827150523662567,-0.026242714375257492,-0.003449373645707965,0.0,0.0,-0.0047828578390181065,0.007127742283046246,0.0008011253084987402,0.01074001844972372,0.10190031677484512,0.20865190029144287,-0.001398047199472785,-0.09334155172109604,0.28950437903404236,-36.76504898071289,0.09168045222759247,0.20250552892684937,-0.010321582667529583,-0.0012316082138568163,-0.10433042794466019,-0.2063651978969574,0.0012276318157091737,9.906330108642578,8.758630752563477,8.992283821105957,9.10916519165039,0.0,-0.015332031063735485,-0.003066406352445483,0.013798828236758709,0.0,0.006865898612886667,-0.015607546083629131,-0.007861570455133915,0.01471294742077589,0.0,-0.10876987874507904,0.10983272641897202,-9.760282516479492,-0.012870904989540577,0.05703442916274071,-6.629754543304443,0.0,0.0,0.0,0.0,0.0,0.0,0.0,0.0,0.0,0.0,0.0,0.0,0.00666274456307292,-0.015750227496027946,-0.007714168168604374,0.01473543792963028,0.23935995995998383,0.2163168042898178,0.22103118896484375,0.2233850210905075,0.014997162856161594,0.457001268863678,0.23105372488498688,0.0,0.0,0.0,0.0,0.0,0.0,0.0
13416046229,0,-0.0011312691494822502,-0.048457980155944824,-0.15947076678276062,6.569455581484362e-05,-0.04113857448101044,-0.8442511558532715,0.0076857372187078,-0.005052537657320499,-0.005746080074459314,0.0023939392995089293,0.014638884924352169,-0.5,-0.012165763415396214,-0.026172606274485588,-0.0033111805096268654,0.0,0.0,-0.0047828578390181065,0.019902735948562622,-0.002900562947615981,0.006598031613975763,0.09895816445350647,0.20787666738033295,-0.0015835198573768139,-0.12638574838638306,0.28477349877357483,-37.14686965942383,0.07735560834407806,0.20415183901786804,-0.005195578560233116,-0.0012395060621201992,-0.10414522886276245,-0.2063506692647934,0.001377212000079453,9.843883514404297,8.978001594543457,8.957107543945312,9.422158241271973,0.003066406352445483,-0.016865234822034836,-0.004599609412252903,0.013798828236758709,0.0,0.0055518257431685925,-0.01634223200380802,-0.006402310915291309,0.015285780653357506,0.0,-0.1545247882604599,0.15838144719600677,-9.515145301818848,-0.02297922596335411,0.05177699774503708,-6.753976345062256,0.0,0.0,0.0,0.0,0.0,0.0,0.0,0.0,0.0,0.0,0.0,0.0,0.0071890829131007195,-0.01603369228541851,-0.008282177150249481,0.01501488871872425,0.23935995995998383,0.2163168042898178,0.22103118896484375,0.2233850210905075,0.35487455129623413,-0.053446803241968155,-0.08128570020198822,0.0,0.0,0.0,0.0,0.0,0.0,0.0
13428097283,0,-0.0011312691494822502,-0.048457980155944824,-0.15947076678276062,6.569455581484362e-05,-0.04113857448101044,-0.8442511558532715,0.0076857372187078,-0.005052537657320499,-0.005746080074459314,0.002700184006243944,0.01500628236681223,-0.5,-0.012165763415396214,-0.026172606274485588,-0.0033111805096268654,0.0,0.0,-0.0047828578390181065,0.019902735948562622,-0.002900562947615981,0.006598031613975763,0.09895816445350647,0.20787666738033295,-0.0015835198573768139,-0.10350528359413147,0.3096817433834076,-37.19964599609375,0.07199376821517944,0.2127821147441864,-0.004021270666271448,-0.0012525756610557437,-0.10381080955266953,-0.20637530088424683,0.0015278564533218741,9.843883514404297,8.978001594543457,8.957107543945312,9.422158241271973,0.004599609412252903,-0.016865234822034836,-0.004599609412252903,0.015332031063735485,0.0,0.007266799919307232,-0.016423674300312996,-0.00829025637358427,0.015360376797616482,0.0,-0.1545247882604599,0.15838144719600677,-9.515145301818848,-0.013440055772662163,0.06047588586807251,-6.746586799621582,0.0,0.0,0.0,0.0,0.0,0.0,0.0,0.0,0.0,0.0,0.0,0.0,0.007285559084266424,-0.016199901700019836,-0.008369057439267635,0.015179327689111233,0.23811349272727966,0.22074349224567413,0.22032231092453003,0.22967374324798584,0.35487455129623413,-0.053446803241968155,-0.08128570020198822,0.0,0.0,0.0,0.0,0.0,0.0,0.0
13436483355,0,-0.0012843906879425049,-0.04864167794585228,-0.15920962393283844,6.569455581484362e-05,-0.04113857448101044,-0.8442511558532715,0.0030801943503320217,-0.009054388850927353,-0.007481691427528858,0.002700184006243944,0.01500628236681223,-0.5,-0.012079642154276371,-0.026504136621952057,-0.0030972666572779417,0.0,0.0,-0.0047828578390181065,-0.008805043995380402,0.011139842681586742,0.0055312346667051315,0.09594308584928513,0.21073508262634277,-0.001830405555665493,-0.04889238253235817,0.3458099365234375,-37.19707107543945,0.12201221287250519,0.18723011016845703,-0.0031956564635038376,-0.0012877038680016994,-0.10343198478221893,-0.20636770129203796,0.0017848298884928226,9.859413146972656,9.114916801452637,8.898942947387695,9.325793266296387,0.004599609412252903,-0.013798828236758709,-0.004599609412252903,0.016865234822034836,0.0,0.010505540296435356,-0.0154640581458807,-0.011954049579799175,0.01481415145099163,0.0,0.010647149756550789,-0.02561551332473755,-9.644630432128906,-0.013440055772662163,0.06047588586807251,-6.746586799621582,0.0,0.0,0.0,0.0,0.0,0.0,0.0,0.0,0.0,0.0,0.0,0.0,0.007399839349091053,-0.016274912282824516,-0.008479167707264423,0.015264968387782574,0.23842361569404602,0.22350075840950012,0.2191493809223175,0.22773997485637665,-1.0721209049224854,0.6201196908950806,-0.0941445529460907,0.0,0.0,0.0,0.0,0.0,0.0,0.0
13446239540,0,-0.001388547127135098,-0.048968683928251266,-0.1588691920042038,6.569455581484362e-05,-0.04113857448101044,-0.8442511558532715,0.00611996091902256,-0.011232391931116581,-0.0027074445970356464,0.0029084980487823486,0.015660297125577927,-0.5,-0.012901892885565758,-0.025728711858391762,-0.0031985254026949406,0.0,0.0,-0.0047828578390181065,-0.02734741009771824,0.018859006464481354,0.00874797161668539,0.10248596221208572,0.20457114279270172,-0.0017018403159454465,-0.10246876627206802,0.3691035509109497,-37.355430603027344,0.14810216426849365,0.17690588533878326,-0.0076984381303191185,-0.001305847312323749,-0.10343198478221893,-0.20636770129203796,0.0017848298884928226,10.035120964050293,9.098797798156738,9.027657508850098,9.1961669921875,0.004599609412252903,-0.013798828236758709,-0.006132812704890966,0.016865234822034836,0.0,0.009252657182514668,-0.01848101057112217,-0.010599743574857712,0.017976567149162292,0.0,0.010647149756550789,-0.02561551332473755,-9.644630432128906,-0.018630685284733772,0.06710973381996155,-6.791896820068359,0.0,0.0,0.0,0.0,0.0,0.0,0.0,0.0,0.0,0.0,0.0,0.0,0.00782192312180996,-0.01634562574326992,-0.008943036198616028,0.015394985675811768,0.23842361569404602,0.22350075840950012,0.2191493809223175,0.22773997485637665,-1.4834736585617065,0.722856342792511,0.09229830652475357,0.0,0.0,0.0,0.0,0.0,0.0,0.0
13456168889,0,-0.0014241449534893036,-0.049229785799980164,-0.1587461680173874,6.569455581484362e-05,-0.04113857448101044,-0.8442511558532715,0.00806643906980753,-0.008971219882369041,-0.00261528417468071,0.0029796939343214035,0.01618250273168087,-0.5,-0.013335240073502064,-0.02552935481071472,-0.002923201769590378,0.0,0.0,-0.0047828578390181065,-0.02734741009771824,0.018859006464481354,0.00874797161668539,0.10248596221208572,0.20457114279270172,-0.0017018403159454465,-0.10246876627206802,0.3691035509109497,-37.355430603027344,0.14810216426849365,0.17690588533878326,-0.0076984381303191185,-0.001305847312323749,-0.10362350940704346,-0.20618022978305817,0.0019062242936342955,10.035120964050293,9.098797798156738,9.027657508850098,9.1961669921875,0.006132812704890966,-0.016865234822034836,-0.006132812704890966,0.013798828236758709,0.0,0.009252657182514668,-0.01848101057112217,-0.010599743574857712,0.017976567149162292,0.0,-0.31426575779914856,-0.03254043683409691,-10.327587127685547,-0.022177662700414658,0.06408325582742691,-6.796286582946777,0.0,0.0,0.0,0.0,0.0,0.0,0.0,0.0,0.0,0.0,0.0,0.0,0.008351316675543785,-0.016635261476039886,-0.009539356455206871,0.015789413824677467,0.24192796647548676,0.22317643463611603,0.22174382209777832,0.22513532638549805,-1.4834736585617065,0.722856342792511,0.09229830652475357,0.0,0.0,0.0,0.0,0.0,0.0,0.0
13466210599,0,-0.0014241449534893036,-0.049229785799980164,-0.1587461680173874,6.569455581484362e-05,-0.04113857448101044,-0.8442511558532715,0.00806643906980753,-0.008971219882369041,-0.00261528417468071,0.0029796939343214035,0.01618250273168087,-0.5,-0.013335240073502064,-0.02552935481071472,-0.002923201769590378,0.0,0.0,-0.0047828578390181065,-0.03545057401061058,0.01675468124449253,0.005298675503581762,0.10592002421617508,0.2029934674501419,-0.002027098787948489,-0.11431825906038284,0.35703229904174805,-37.1011848449707,0.15011262893676758,0.1852925568819046,-0.0023804570082575083,-0.0013605814892798662,-0.10362350940704346,-0.20618022978305817,0.0019062242936342955,9.854408264160156,9.158190727233887,8.815410614013672,9.275580406188965,0.006132812704890966,-0.019931640475988388,-0.0076660155318677425,0.010732421651482582,0.0,0.00855804793536663,-0.018359079957008362,-0.009902284480631351,0.01780777797102928,0.0,-0.15322628617286682,0.4483341872692108,-10.650753021240234,-0.022177662700414658,0.06408325582742691,-6.796286582946777,0.0,0.0,0.0,0.0,0.0,0.0,0.0,0.0,0.0,0.0,0.0,0.0,0.008745957165956497,-0.017112672328948975,-0.00999612919986248,0.016379201784729958,0.24192796647548676,0.22317643463611603,0.22174382209777832,0.22513532638549805,-0.43284913897514343,0.01697535812854767,-0.1792817860841751,0.0,0.0,0.0,0.0,0.0,0.0,0.0
13476350820,0,-0.0014549405314028263,-0.049884624779224396,-0.15858672559261322,6.569455581484362e-05,-0.04113857448101044,-0.8442511558532715,0.003109217854216695,-0.005802910774946213,-0.026080992072820663,0.0030412853229790926,0.01749218814074993,-0.5,-0.013890719041228294,-0.025431333109736443,-0.002872868673875928,0.0,0.0,-0.0047828578390181065,-0.03545057401061058,0.01675468124449253,0.005298675503581762,0.10881493240594864,0.20215333998203278,-0.0017235346604138613,-0.11431825906038284,0.35703229904174805,-37.1011848449707,0.15011262893676758,0.1852925568819046,-0.0023804570082575083,-0.0013605814892798662,-0.10464002192020416,-0.20557190477848053,0.002227259799838066,9.854408264160156,9.158190727233887,8.815410614013672,9.275580406188965,0.0076660155318677425,-0.02299804612994194,-0.0076660155318677425,0.009199218824505806,0.0,0.00855804793536663,-0.018359079957008362,-0.009902284480631351,0.01780777797102928,0.0,-0.15322628617286682,0.4483341872692108,-10.650753021240234,-0.010865658521652222,0.060355398803949356,-6.628305912017822,0.0,0.0,0.0,0.0,0.0,0.0,0.0,0.0,0.0,0.0,0.0,0.0,0.008937414735555649,-0.01758309081196785,-0.010235633701086044,0.016940662637352943,0.2383236438035965,0.22437158226966858,0.21746352314949036,0.22673143446445465,-0.43284913897514343,0.01697535812854767,-0.1792817860841751,0.0,0.0,0.0,0.0,0.0,0.0,0.0
13488398066,0,-0.0014549405314028263,-0.049884624779224396,-0.15858672559261322,6.569455581484362e-05,-0.04113857448101044,-0.8442511558532715,0.003109217854216695,-0.005802910774946213,-0.026080992072820663,0.0030412853229790926,0.01749218814074993,-0.5,-0.013890719041228294,-0.025431333109736443,-0.002872868673875928,0.0,0.0,-0.0047828578390181065,-0.019531244412064552,0.011673122644424438,-0.0035070034209638834,0.10881493240594864,0.20215333998203278,-0.0017235346604138613,-0.05475170165300369,0.31635430455207825,-36.519187927246094,0.12080513685941696,0.19256369769573212,0.0077670784667134285,-0.001385906245559454,-0.104982890188694,-0.20537467300891876,0.002208692952990532,9.421210289001465,9.210267066955566,8.450292587280273,9.43990421295166,0.010732421651482582,-0.02299804612994194,-0.0076660155318677425,0.010732421651482582,0.0,0.009657513350248337,-0.014409661293029785,-0.011123738251626492,0.013739913702011108,0.0,-0.5090832114219666,0.46410998702049255,-10.624093055725098,-0.010865658521652222,0.060355398803949356,-6.628305912017822,0.0,0.0,0.0,0.0,0.0,0.0,0.0,0.0,0.0,0.0,0.0,0.0,0.009012293070554733,-0.01777544617652893,-0.010348259471356869,0.0171891450881958,0.22965486347675323,0.22541877627372742,0.21007674932479858,0.2300296127796173,0.5393196940422058,-0.23145727813243866,-0.49608638882637024,0.0,0.0,0.0,0.0,0.0,0.0,0.0
13496115940,0,-0.001462434884160757,-0.05018451064825058,-0.15857212245464325,6.569455581484362e-05,-0.04113857448101044,-0.8442511558532715,0.0026722943875938654,-0.00393729517236352,-0.026332227513194084,0.0030562742613255978,0.018091963604092598,-0.5,-0.013545544818043709,-0.025414064526557922,-0.003296000650152564,0.0,0.0,-0.0047828578390181065,0.013319289311766624,0.0025059247855097055,-0.01696954481303692,0.10666709393262863,0.2019222527742386,-0.0016132589662447572,-0.08215159177780151,0.4132881164550781,-37.21089172363281,0.0788465365767479,0.2049124389886856,0.01835457980632782,-0.0014186096377670765,-0.104982890188694,-0.20537467300891876,0.002208692952990532,9.283663749694824,9.565712928771973,8.40446949005127,9.959938049316406,0.012265625409781933,-0.021464843302965164,-0.009199218824505806,0.010732421651482582,0.0,0.012445027939975262,-0.01847393810749054,-0.014113958925008774,0.017432965338230133,0.0,-0.32544681429862976,0.5825814008712769,-10.029362678527832,-0.009954854846000671,0.05751896649599075,-6.639852523803711,0.0,0.0,0.0,0.0,0.0,0.0,0.0,0.0,0.0,0.0,0.0,0.0,0.00924605317413807,-0.017618656158447266,-0.010628343559801579,0.01703290082514286,0.22965486347675323,0.22541877627372742,0.21007674932479858,0.2300296127796173,1.1889160871505737,-0.5202882885932922,-0.49558934569358826,0.0,0.0,0.0,0.0,0.0,0.0,0.0
13506312893,0,-0.0015407716855406761,-0.051148101687431335,-0.1584831029176712,6.569455581484362e-05,-0.04113857448101044,-0.8442511558532715,0.004845367278903723,-0.0067269159480929375,-0.012618348002433777,0.003212948562577367,0.020019154995679855,-0.5,-0.01305429544299841,-0.025646019726991653,-0.003660345682874322,0.0,0.0,-0.0047828578390181065,0.013319289311766624,0.0025059247855097055,-0.01696954481303692,0.10666709393262863,0.2019222527742386,-0.0016132589662447572,-0.08215159177780151,0.4132881164550781,-37.21089172363281,0.0788465365767479,0.2049124389886856,0.01835457980632782,-0.0014186096377670765,-0.10500451922416687,-0.20501162111759186,0.0016853775596246123,9.283663749694824,9.565712928771973,8.40446949005127,9.959938049316406,0.010732421651482582,-0.021464843302965164,-0.009199218824505806,0.012265625409781933,0.0,0.012445027939975262,-0.01847393810749054,-0.014113958925008774,0.017432965338230133,0.0,-0.32544681429862976,0.5825814008712769,-10.029362678527832,-0.014989553019404411,0.06692352890968323,-6.771643161773682,0.0,0.0,0.0,0.0,0.0,0.0,0.0,0.0,0.0,0.0,0.0,0.0,0.009822724387049675,-0.017511874437332153,-0.011271339841187,0.0168595127761364,0.2268938273191452,0.2325509786605835,0.20914751291275024,0.2404293566942215,1.1889160871505737,-0.5202882885932922,-0.49558934569358826,0.0,0.0,0.0,0.0,0.0,0.0,0.0
13516180078,0,-0.0015688312705606222,-0.051421329379081726,-0.15840086340904236,6.569455581484362e-05,-0.04113857448101044,-0.8442511558532715,0.004488532897084951,-0.008648955263197422,-0.017023809254169464,0.0032690679654479027,0.020565612241625786,-0.5,-0.012794055044651031,-0.025995271280407906,-0.003593530273064971,0.0,0.0,-0.0047828578390181065,0.027829676866531372,-0.023722941055893898,-0.008837666362524033,0.10071088373661041,0.20791932940483093,-0.0009921807795763016,-0.07866055518388748,0.3934117257595062,-37.08529281616211,0.06471637636423111,0.24235883355140686,0.005116810090839863,-0.001406294759362936,-0.10437800735235214,-0.20526857674121857,0.0011450968449935317,9.6187105178833,9.125237464904785,8.668905258178711,9.676225662231445,0.009199218824505806,-0.019931640475988388,-0.010732421651482582,0.013798828236758709,0.0,0.011410587467253208,-0.01845879666507244,-0.013013535179197788,0.017091605812311172,0.0,-0.2137230485677719,0.2963416576385498,-9.08249282836914,-0.014301919378340244,0.07152940332889557,-6.742780685424805,0.0,0.0,0.0,0.0,0.0,0.0,0.0,0.0,0.0,0.0,0.0,0.0,0.01054250355809927,-0.017636185511946678,-0.012061350047588348,0.01686430722475052,0.23361194133758545,0.22370846569538116,0.214503213763237,0.23476287722587585,0.8164834380149841,-1.0716558694839478,0.21735987067222595,0.0,0.0,0.0,0.0,0.0,0.0,0.0
13526435825,0,-0.0015841301064938307,-0.051689453423023224,-0.15824656188488007,6.569455581484362e-05,-0.04113857448101044,-0.8442511558532715,0.002724954392760992,-0.00167021993547678,-0.017482664436101913,0.0032996658701449633,0.02110186405479908,-0.5,-0.012557665817439556,-0.026263268664479256,-0.0036280942149460316,0.0,0.0,-0.0047828578390181065,0.027829676866531372,-0.023722941055893898,-0.008837666362524033,0.09976574778556824,0.20881111919879913,-0.0011876934440806508,-0.060036152601242065,0.32145148515701294,-37.11065673828125,0.07047649472951889,0.24755114316940308,-0.005671186372637749,-0.0013936208561062813,-0.10437800735235214,-0.20526857674121857,0.0011450968449935317,9.910579681396484,8.863560676574707,8.929429054260254,9.410792350769043,0.006132812704890966,-0.016865234822034836,-0.010732421651482582,0.015332031063735485,0.0,0.00917309895157814,-0.015388446860015392,-0.010520363226532936,0.01417158916592598,0.0,-0.2137230485677719,0.2963416576385498,-9.08249282836914,-0.01091566402465105,0.05844572186470032,-6.747392177581787,0.0,0.0,0.0,0.0,0.0,0.0,0.0,0.0,0.0,0.0,0.0,0.0,0.01100118551403284,-0.017708174884319305,-0.012561340816318989,0.016789648681879044,0.23361194133758545,0.22370846569538116,0.214503213763237,0.23476287722587585,0.8164834380149841,-1.0716558694839478,0.21735987067222595,0.0,0.0,0.0,0.0,0.0,0.0,0.0
13536680014,0,-0.0015841301064938307,-0.051689453423023224,-0.15824656188488007,6.569455581484362e-05,-0.04113857448101044,-0.8442511558532715,0.002724954392760992,-0.00167021993547678,-0.017482664436101913,0.0032996658701449633,0.02110186405479908,-0.5,-0.012557665817439556,-0.026263268664479256,-0.0036280942149460316,0.0,0.0,-0.0047828578390181065,0.027829676866531372,-0.023722941055893898,-0.008837666362524033,0.09976574778556824,0.20881111919879913,-0.0011876934440806508,-0.060036152601242065,0.32145148515701294,-37.11065673828125,0.07047649472951889,0.24755114316940308,-0.005671186372637749,-0.0013936208561062813,-0.10397133976221085,-0.20567038655281067,0.0011006846325471997,9.910579681396484,8.863560676574707,8.929429054260254,9.410792350769043,0.004599609412252903,-0.013798828236758709,-0.012265625409781933,0.016865234822034836,0.0,0.00917309895157814,-0.015388446860015392,-0.010520363226532936,0.01417158916592598,0.0,-0.014153808355331421,-0.052978526800870895,-8.807185173034668,-0.01091566402465105,0.05844572186470032,-6.747392177581787,0.0,0.0,0.0,0.0,0.0,0.0,0.0,0.0,0.0,0.0,0.0,0.0,0.010992658324539661,-0.01745716668665409,-0.012545640580356121,0.01640453189611435,0.2394448220729828,0.21843542158603668,0.21976429224014282,0.22944582998752594,0.8164834380149841,-1.0716558694839478,0.21735987067222595,0.0,0.0,0.0,0.0,0.0,0.0,0.0
13546215482,0,-0.0015883264131844044,-0.05194562301039696,-0.1580466330051422,6.569455581484362e-05,-0.04113857448101044,-0.8442511558532715,-0.0025463553611189127,-0.0013402499025687575,-0.003969959449023008,0.0033080584835261106,0.021614205092191696,-0.5,-0.012350235134363174,-0.02645670622587204,-0.0036717429757118225,0.0,0.0,-0.0047828578390181065,-0.006887681782245636,-0.0039782216772437096,0.008455170318484306,0.09811821579933167,0.21034754812717438,-0.0011371537111699581,-0.06355039030313492,0.36118265986442566,-38.034969329833984,0.12418577820062637,0.2028304487466812,-0.0090669896453619,-0.0013863786589354277,-0.10397133976221085,-0.20567038655281067,0.0011006846325471997,10.240715980529785,9.16015338897705,9.231080055236816,9.406695365905762,0.004599609412252903,-0.013798828236758709,-0.013798828236758709,0.015332031063735485,0.0,0.010128562338650227,-0.016558635979890823,-0.011562916450202465,0.015804175287485123,0.0,0.1279274821281433,0.1584719568490982,-9.951773643493652,-0.001271451823413372,0.059012483805418015,-6.860001087188721,0.0,0.0,0.0,0.0,0.0,0.0,0.0,0.0,0.0,0.0,0.0,0.0,0.010696782730519772,-0.01700596697628498,-0.012212294153869152,0.015878399834036827,0.2394448220729828,0.21843542158603668,0.21976429224014282,0.22944582998752594,-1.0618865489959717,0.7627424001693726,0.29759112000465393,0.0,0.0,0.0,0.0,0.0,0.0,0.0
13558282968,0,-0.0016017686575651169,-0.05244768038392067,-0.15756207704544067,6.569455581484362e-05,-0.04113857448101044,-0.8442511558532715,0.011352929286658764,-0.008970857597887516,0.005457423161715269,0.0033349432051181793,0.022618325427174568,-0.5,-0.01342881191521883,-0.02596900798380375,-0.0033460333943367004,0.0,0.0,-0.0047828578390181065,-0.006887681782245636,-0.0039782216772437096,0.008455170318484306,0.10292460024356842,0.20586808025836945,-0.0011699135648086667,-0.06355039030313492,0.36118265986442566,-38.034969329833984,0.12418577820062637,0.2028304487466812,-0.0090669896453619,-0.0013863786589354277,-0.10365331918001175,-0.20616546273231506,0.0013618648517876863,10.240715980529785,9.16015338897705,9.231080055236816,9.406695365905762,0.006132812704890966,-0.015332031063735485,-0.016865234822034836,0.013798828236758709,0.0,0.010128562338650227,-0.016558635979890823,-0.011562916450202465,0.015804175287485123,0.0,0.1279274821281433,0.1584719568490982,-9.951773643493652,-0.029085811227560043,0.077560193836689,-6.931555271148682,0.0,0.0,0.0,0.0,0.0,0.0,0.0,0.0,0.0,0.0,0.0,0.0,0.010402337647974491,-0.01664753444492817,-0.011880425736308098,0.015530629083514214,0.24602031707763672,0.22441089153289795,0.22583706676959991,0.22936362028121948,-1.0618865489959717,0.7627424001693726,0.29759112000465393,0.0,0.0,0.0,0.0,0.0,0.0,0.0
13566321255,0,-0.0016017686575651169,-0.05244768038392067,-0.15756207704544067,6.569455581484362e-05,-0.04113857448101044,-0.8442511558532715,0.011352929286658764,-0.008970857597887516,0.005457423161715269,0.0033349432051181793,0.022618325427174568,-0.5,-0.01342881191521883,-0.02596900798380375,-0.0033460333943367004,0.0,0.0,-0.0047828578390181065,-0.01379848551005125,0.007689762394875288,0.0031058199238032103,0.10292460024356842,0.20586808025836945,-0.0011699135648086667,-0.15997196733951569,0.4265810549259186,-38.12355422973633,0.1286221146583557,0.18844394385814667,-0.0008632632670924067,-0.001392033533193171,-0.10375145077705383,-0.20614154636859894,0.001473036827519536,10.042847633361816,9.415282249450684,9.062797546386719,9.605801582336426,0.009199218824505806,-0.018398437649011612,-0.016865234822034836,0.013798828236758709,0.0,0.009235307574272156,-0.022188186645507812,-0.010567976161837578,0.02143292874097824,0.0,-0.004064365290105343,0.6993026733398438,-9.938076972961426,-0.029085811227560043,0.077560193836689,-6.931555271148682,0.0,0.0,0.0,0.0,0.0,0.0,0.0,0.0,0.0,0.0,0.0,0.0,0.010165798477828503,-0.01671455055475235,-0.011612720787525177,0.015669729560613632,0.2420819103717804,0.2295358031988144,0.2224515676498413,0.23335358500480652,-0.8942619562149048,0.9246810078620911,-0.11482629179954529,0.0,0.0,0.0,0.0,0.0,0.0,0.0
13576432592,0,-0.0015879148850217462,-0.05267033353447914,-0.15730126202106476,6.569455581484362e-05,-0.04113857448101044,-0.8442511558532715,0.01090491097420454,0.0025244434364140034,-0.0050874026492238045,0.0033072354272007942,0.02306363359093666,-0.5,-0.013327947817742825,-0.025830954313278198,-0.0034170320723205805,0.0,0.0,-0.0047828578390181065,-0.015907876193523407,0.008089657872915268,-0.013870775699615479,0.10542462021112442,0.20471744239330292,-0.0009414419182576239,-0.13189005851745605,0.34468933939933777,-37.370033264160156,0.12842337787151337,0.19651222229003906,0.017240073531866074,-0.001396709238179028,-0.10409276932477951,-0.2058420181274414,0.0012135048164054751,9.413451194763184,9.666828155517578,8.410462379455566,9.882274627685547,0.012265625409781933,-0.018398437649011612,-0.015332031063735485,0.013798828236758709,0.0,0.007831186056137085,-0.017588311806321144,-0.009126151911914349,0.0168975330889225,0.0,-0.14376160502433777,-0.07363677024841309,-10.5487642288208,-0.02750878781080246,0.0551060326397419,-6.852579593658447,0.0,0.0,0.0,0.0,0.0,0.0,0.0,0.0,0.0,0.0,0.0,0.0,0.009854196570813656,-0.017285645008087158,-0.011267660185694695,0.01633271761238575,0.2420819103717804,0.2295358031988144,0.2224515676498413,0.23335358500480652,-0.3730311393737793,0.14077560603618622,-0.5979405045509338,0.0,0.0,0.0,0.0,0.0,0.0,0.0
13587296326,0,-0.0015342363622039557,-0.05309321731328964,-0.15686197578907013,6.569455581484362e-05,-0.04113857448101044,-0.8442511558532715,0.00924486294388771,-0.0006009733187966049,-0.01463246252387762,0.003199877915903926,0.02390940487384796,-0.5,-0.013142147101461887,-0.02580210193991661,-0.004227892030030489,0.0,0.0,-0.0047828578390181065,-0.015907876193523407,0.008089657872915268,-0.013870775699615479,0.10878519713878632,0.206009641289711,-0.0007188322488218546,-0.13189005851745605,0.34468933939933777,-37.370033264160156,0.12842337787151337,0.19651222229003906,0.017240073531866074,-0.001396709238179028,-0.10409276932477951,-0.2058420181274414,0.0012135048164054751,9.413451194763184,9.666828155517578,8.410462379455566,9.882274627685547,0.013798828236758709,-0.016865234822034836,-0.010732421651482582,0.015332031063735485,0.0,0.007831186056137085,-0.017588311806321144,-0.009126151911914349,0.0168975330889225,0.0,-0.09736602753400803,0.07421967387199402,-10.764374732971191,-0.02398001030087471,0.06267078965902328,-6.794551849365234,0.0,0.0,0.0,0.0,0.0,0.0,0.0,0.0,0.0,0.0,0.0,0.0,0.009392420761287212,-0.01783456839621067,-0.01076930295675993,0.01697223260998726,0.22949914634227753,0.23457494378089905,0.20926925539970398,0.23887990415096283,-0.3730311393737793,0.14077560603618622,-0.5979405045509338,0.0,0.0,0.0,0.0,0.0,0.0,0.0
13596435557,0,-0.0014626082265749574,-0.05352779105305672,-0.15664489567279816,6.569455581484362e-05,-0.04113857448101044,-0.8442511558532715,0.011816526763141155,-0.006605835165828466,-0.020100601017475128,0.0030566209461539984,0.02477855794131756,-0.5,-0.013619190081954002,-0.026272226125001907,-0.004148279782384634,0.0,0.0,-0.0047828578390181065,-0.011918285861611366,-0.004724332597106695,-0.01586480624973774,0.1082247942686081,0.20887312293052673,-0.0005467343726195395,-0.13189005851745605,0.34468933939933777,-37.370033264160156,0.12842337787151337,0.19651222229003906,0.017240073531866074,-0.001396709238179028,-0.10409276932477951,-0.2058420181274414,0.0012135048164054751,9.413451194763184,9.666828155517578,8.410462379455566,9.882274627685547,0.012265625409781933,-0.015332031063735485,-0.009199218824505806,0.018398437649011612,0.0,0.007831186056137085,-0.017588311806321144,-0.009126151911914349,0.0168975330889225,0.0,-0.09736602753400803,0.07421967387199402,-10.764374732971191,-0.029663844034075737,0.0767708271741867,-6.769577980041504,0.0,0.0,0.0,0.0,0.0,0.0,0.0,0.0,0.0,0.0,0.0,0.0,0.008877222426235676,-0.01805909536778927,-0.010220998898148537,0.017272967845201492,0.22949914634227753,0.23457494378089905,0.20926925539970398,0.23887990415096283,-0.04138926416635513,-0.4866587817668915,-0.3258211612701416,0.0,0.0,0.0,0.0,0.0,0.0,0.0
13607215090,0,-0.0014626082265749574,-0.05352779105305672,-0.15664489567279816,6.569455581484362e-05,-0.04113857448101044,-0.8442511558532715,0.011816526763141155,-0.006605835165828466,-0.020100601017475128,0.0030566209461539984,0.02477855794131756,-0.5,-0.013619190081954002,-0.026272226125001907,-0.004148279782384634,0.0,0.0,-0.0047828578390181065,-0.010591335594654083,-0.013547257520258427,-0.0074862088076770306,0.1082247942686081,0.20887312293052673,-0.0005467343726195395,-0.16315114498138428,0.4222395420074463,-37.2326774597168,0.11867931485176086,0.2308036983013153,0.003864448517560959,-0.0013633448397740722,-0.10439983755350113,-0.20595678687095642,0.0006455852999351919,9.75023365020752,9.232243537902832,8.674528121948242,9.579792976379395,0.009199218824505806,-0.015332031063735485,-0.009199218824505806,0.019931640475988388,0.0,0.009242953732609749,-0.022580260410904884,-0.010730874724686146,0.021451478824019432,0.0,-0.11069197952747345,-0.36422863602638245,-10.228265762329102,-0.029663844034075737,0.0767708271741867,-6.769577980041504,0.0,0.0,0.0,0.0,0.0,0.0,0.0,0.0,0.0,0.0,0.0,0.0,0.008495946414768696,-0.018312932923436165,-0.009823334403336048,0.01756167598068714,0.22949914634227753,0.23457494378089905,0.20926925539970398,0.23887990415096283,0.016323218122124672,-0.6873530149459839,0.26696720719337463,0.0,0.0,0.0,0.0,0.0,0.0,0.0
13616357906,0,-0.0014626082265749574,-0.05352779105305672,-0.15664489567279816,6.569455581484362e-05,-0.04113857448101044,-0.8442511558532715,0.011816526763141155,-0.006605835165828466,-0.020100601017475128,0.0030566209461539984,0.02477855794131756,-0.5,-0.013619190081954002,-0.026272226125001907,-0.004148279782384634,0.0,0.0,-0.0047828578390181065,-0.0003272535977885127,-0.01634569652378559,0.00878035556524992,0.1082247942686081,0.20887312293052673,-0.0005467343726195395,-0.1549447476863861,0.4077174663543701,-37.134521484375,0.10080919414758682,0.23189537227153778,-0.014880501665174961,-0.0013384228805080056,-0.10449719429016113,-0.20619994401931763,0.000657269440125674,10.167922973632812,8.710783004760742,9.145201683044434,9.114794731140137,0.003066406352445483,-0.015332031063735485,-0.010732421651482582,0.021464843302965164,0.0,0.008646302856504917,-0.023006385192275047,-0.009931428357958794,0.02166716568171978,0.0,-0.3257219195365906,0.562369167804718,-10.102828979492188,-0.029663844034075737,0.0767708271741867,-6.769577980041504,0.0,0.0,0.0,0.0,0.0,0.0,0.0,0.0,0.0,0.0,0.0,0.0,0.008353621698915958,-0.01901458390057087,-0.009684314951300621,0.018221309408545494,0.24457259476184845,0.21534980833530426,0.22411033511161804,0.22349831461906433,0.5191078782081604,-0.4497622847557068,0.9022423624992371,0.0,0.0,0.0,0.0,0.0,0.0,0.0
13626348838,0,-0.001373279606923461,-0.0539846196770668,-0.15652820467948914,6.569455581484362e-05,-0.04113857448101044,-0.8442511558532715,0.009711341001093388,-0.009551001712679863,-0.027062082663178444,0.002877962775528431,0.02569221891462803,-0.5,-0.01328329462558031,-0.026404770091176033,-0.003294966649264097,0.0,0.0,-0.0047828578390181065,0.030140263959765434,-0.013125093653798103,0.016293106600642204,0.10551881790161133,0.20994438230991364,-0.001574837719090283,-0.18377381563186646,0.4672333598136902,-37.17285919189453,0.05767086148262024,0.22710038721561432,-0.014744380488991737,-0.0013250034535303712,-0.10399149358272552,-0.20660774409770966,0.0013172159669920802,10.101962089538574,8.662879943847656,9.222837448120117,9.1889009475708,0.003066406352445483,-0.016865234822034836,-0.010732421651482582,0.021464843302965164,0.0,0.009778239764273167,-0.026738639920949936,-0.011022680439054966,0.024894075468182564,0.0,-0.11944012343883514,0.0947316363453865,-9.335322380065918,-0.025579728186130524,0.08408042043447495,-6.73624324798584,0.0,0.0,0.0,0.0,0.0,0.0,0.0,0.0,0.0,0.0,0.0,0.0,0.008417375385761261,-0.02024877816438675,-0.009748764336109161,0.019320493564009666,0.24457259476184845,0.21534980833530426,0.22411033511161804,0.22349831461906433,1.1183292865753174,-0.11626118421554565,0.2960541248321533,0.0,0.0,0.0,0.0,0.0,0.0,0.0
13636295072,0,-0.0012530394596979022,-0.054439157247543335,-0.1563389152288437,6.569455581484362e-05,-0.04113857448101044,-0.8442511558532715,0.014592518098652363,-0.010665424168109894,-0.01640244573354721,0.002637481316924095,0.02660129964351654,-0.5,-0.012460829690098763,-0.02676667645573616,-0.0036281768698245287,0.0,0.0,-0.0047828578390181065,0.030140263959765434,-0.013125093653798103,0.016293106600642204,0.09906095266342163,0.21293088793754578,-0.0014879414811730385,-0.18377381563186646,0.4672333598136902,-37.17285919189453,0.05767086148262024,0.22710038721561432,-0.014744380488991737,-0.0013250034535303712,-0.10399149358272552,-0.20660774409770966,0.0013172159669920802,10.101962089538574,8.662879943847656,9.222837448120117,9.1889009475708,0.006132812704890966,-0.019931640475988388,-0.012265625409781933,0.019931640475988388,0.0,0.009778239764273167,-0.026738639920949936,-0.011022680439054966,0.024894075468182564,0.0,-0.11944012343883514,0.0947316363453865,-9.335322380065918,-0.03681366518139839,0.08764729648828506,-6.837583541870117,0.0,0.0,0.0,0.0,0.0,0.0,0.0,0.0,0.0,0.0,0.0,0.0,0.008647628128528595,-0.02188115008175373,-0.009965192526578903,0.020740699023008347,0.2432595044374466,0.21438124775886536,0.22567157447338104,0.2249891459941864,1.1183292865753174,-0.11626118421554565,0.2960541248321533,0.0,0.0,0.0,0.0,0.0,0.0,0.0
13646495397,0,-0.0012530394596979022,-0.054439157247543335,-0.1563389152288437,6.569455581484362e-05,-0.04113857448101044,-0.8442511558532715,0.014592518098652363,-0.010665424168109894,-0.01640244573354721,0.002637481316924095,0.02660129964351654,-0.5,-0.012460829690098763,-0.02676667645573616,-0.0036281768698245287,0.0,0.0,-0.0047828578390181065,0.03132837265729904,-0.017253220081329346,0.005246513057500124,0.09906095266342163,0.21293088793754578,-0.0014879414811730385,-0.2024751603603363,0.48206013441085815,-37.60670852661133,0.059906840324401855,0.23433011770248413,0.0006452348898164928,-0.0013343633618205786,-0.10357944667339325,-0.20682847499847412,0.0014971501659601927,9.841320037841797,9.147042274475098,8.93056869506836,9.691573143005371,0.012265625409781933,-0.021464843302965164,-0.010732421651482582,0.018398437649011612,0.0,0.00989698525518179,-0.02662050910294056,-0.01123116910457611,0.024825088679790497,0.0,-0.4267728328704834,0.35944512486457825,-9.087008476257324,-0.03681366518139839,0.08764729648828506,-6.837583541870117,0.0,0.0,0.0,0.0,0.0,0.0,0.0,0.0,0.0,0.0,0.0,0.0,0.008974975906312466,-0.02357485704123974,-0.010276387445628643,0.022202400490641594,0.23806239664554596,0.22414721548557281,0.21978718042373657,0.2350696474313736,0.6714478731155396,-0.26848268508911133,-0.3883371651172638,0.0,0.0,0.0,0.0,0.0,0.0,0.0
13658556572,0,-0.0010253379587084055,-0.055157385766506195,-0.15566591918468475,6.569455581484362e-05,-0.04113857448101044,-0.8442511558532715,0.01575646735727787,-0.0076838769018650055,0.006406210362911224,0.0025277079548686743,0.027020731940865517,-0.5,-0.012310127727687359,-0.02693638950586319,-0.003476858139038086,0.0,0.0,-0.0047828578390181065,0.026361685246229172,-0.016435299068689346,-0.0023849420249462128,0.09778953343629837,0.21416440606117249,-0.0013680809643119574,-0.18973484635353088,0.42362597584724426,-37.82744216918945,0.06892454624176025,0.23170478641986847,0.008167424239218235,-0.0013459251495078206,-0.10357944667339325,-0.20682847499847412,0.0014971501659601927,9.719444274902344,9.406700134277344,8.786457061767578,9.918781280517578,0.012265625409781933,-0.021464843302965164,-0.009199218824505806,0.016865234822034836,0.0,0.008357573300600052,-0.023210937157273293,-0.00957806222140789,0.021717362105846405,0.0,-0.04529339820146561,0.41618746519088745,-8.919673919677734,-0.03449724614620209,0.07702290266752243,-6.877716541290283,0.0,0.0,0.0,0.0,0.0,0.0,0.0,0.0,0.0,0.0,0.0,0.0,0.009229610674083233,-0.02481800876557827,-0.010519741103053093,0.023265056312084198,0.23806239664554596,0.22414721548557281,0.21978718042373657,0.2350696474313736,0.06611379981040955,-0.08833256363868713,-0.5781625509262085,0.0,0.0,0.0,0.0,0.0,0.0,0.0
13666386690,0,-0.0010253379587084055,-0.055157385766506195,-0.15566591918468475,6.569455581484362e-05,-0.04113857448101044,-0.8442511558532715,0.01575646735727787,-0.0076838769018650055,0.006406210362911224,0.0025277079548686743,0.027020731940865517,-0.5,-0.012310127727687359,-0.02693638950586319,-0.003476858139038086,0.0,0.0,-0.0047828578390181065,0.012360407039523125,-0.010538337752223015,0.00018050325161311775,0.09778953343629837,0.21416440606117249,-0.0013680809643119574,-0.20633423328399658,0.4532356262207031,-38.32478713989258,0.09208787977695465,0.22216390073299408,0.0024548685178160667,-0.0013528420822694898,-0.10280284285545349,-0.2073511779308319,0.0015235560713335872,10.007732391357422,9.43851375579834,9.032480239868164,9.850238800048828,0.010732421651482582,-0.02299804612994194,-0.009199218824505806,0.015332031063735485,0.0,0.008575710467994213,-0.024864913895726204,-0.00982727948576212,0.023526743054389954,0.0,-0.04529339820146561,0.41618746519088745,-8.919673919677734,-0.03449724614620209,0.07702290266752243,-6.877716541290283,0.0,0.0,0.0,0.0,0.0,0.0,0.0,0.0,0.0,0.0,0.0,0.0,0.00927500706166029,-0.025366446003317833,-0.010553417727351189,0.023728927597403526,0.2413821518421173,0.23000186681747437,0.22184112668037415,0.2382403463125229,-0.6658757328987122,0.25388404726982117,-0.2263464629650116,0.0,0.0,0.0,0.0,0.0,0.0,0.0
13676077772,0,-0.0008581049623899162,-0.05567450821399689,-0.15502354502677917,6.569455581484362e-05,-0.04113857448101044,-0.8442511558532715,0.014132250100374222,-0.025954028591513634,0.002675666706636548,0.0018476082477718592,0.02907201275229454,-0.5,-0.013986555859446526,-0.026048297062516212,-0.003146196249872446,0.0,0.0,-0.0047828578390181065,0.012360407039523125,-0.010538337752223015,0.00018050325161311775,0.11110381782054901,0.2071157693862915,-0.001745192101225257,-0.20633423328399658,0.4532356262207031,-38.32478713989258,0.09208787977695465,0.22216390073299408,0.0024548685178160667,-0.0013528420822694898,-0.10280284285545349,-0.2073511779308319,0.0015235560713335872,10.007732391357422,9.43851375579834,9.032480239868164,9.850238800048828,0.004599609412252903,-0.024531250819563866,-0.012265625409781933,0.015332031063735485,0.0,0.008575710467994213,-0.024864913895726204,-0.00982727948576212,0.023526743054389954,0.0,-0.04529339820146561,0.41618746519088745,-8.919673919677734,-0.03796028718352318,0.12538336217403412,-6.992471694946289,0.0,0.0,0.0,0.0,0.0,0.0,0.0,0.0,0.0,0.0,0.0,0.0,0.00915822945535183,-0.02546732686460018,-0.01042449101805687,0.0238362867385149,0.2413821518421173,0.23000186681747437,0.22184112668037415,0.2382403463125229,-0.6658757328987122,0.25388404726982117,-0.2263464629650116,0.0,0.0,0.0,0.0,0.0,0.0,0.0
13686415998,0,-0.0008581049623899162,-0.05567450821399689,-0.15502354502677917,6.569455581484362e-05,-0.04113857448101044,-0.8442511558532715,0.014132250100374222,-0.025954028591513634,0.002675666706636548,0.0018476082477718592,0.02907201275229454,-0.5,-0.013986555859446526,-0.026048297062516212,-0.003146196249872446,0.0,0.0,-0.0047828578390181065,-0.0353117398917675,0.024089265614748,0.016039451584219933,0.11110381782054901,0.2071157693862915,-0.001745192101225257,-0.20878158509731293,0.6896085143089294,-38.458595275878906,0.16011449694633484,0.1706860363483429,-0.016495980322360992,-0.0013738911366090178,-0.10312487930059433,-0.20719972252845764,0.001875625690445304,10.538810729980469,9.184868812561035,9.51662826538086,9.223306655883789,0.004599609412252903,-0.02299804612994194,-0.010732421651482582,0.016865234822034836,0.0,0.015989646315574646,-0.03475133329629898,-0.018021151423454285,0.03428244590759277,0.0,-0.0939377024769783,0.1766645312309265,-9.967569351196289,-0.03796028718352318,0.12538336217403412,-6.992471694946289,0.0,0.0,0.0,0.0,0.0,0.0,0.0,0.0,0.0,0.0,0.0,0.0,0.009335323236882687,-0.02586185932159424,-0.010628880001604557,0.024328146129846573,0.2519380450248718,0.22490805387496948,0.23156775534152985,0.2256809026002884,-1.7356302738189697,1.1819146871566772,0.4353465735912323,0.0,0.0,0.0,0.0,0.0,0.0,0.0
13696279204,0,-0.0008581049623899162,-0.05567450821399689,-0.15502354502677917,6.569455581484362e-05,-0.04113857448101044,-0.8442511558532715,0.014132250100374222,-0.025954028591513634,0.002675666706636548,0.0018476082477718592,0.02907201275229454,-0.5,-0.013986555859446526,-0.026048297062516212,-0.003146196249872446,0.0,0.0,-0.0047828578390181065,-0.03897115960717201,0.02687249146401882,0.01673734560608864,0.10744644701480865,0.20659445226192474,-0.001982423011213541,-0.2273651659488678,0.6085317134857178,-38.310272216796875,0.15889744460582733,0.17076362669467926,-0.015505960211157799,-0.0013938173651695251,-0.10363122075796127,-0.20690636336803436,0.002138485899195075,10.475271224975586,9.170537948608398,9.456355094909668,9.212722778320312,0.006132812704890966,-0.026064453646540642,-0.010732421651482582,0.018398437649011612,0.0,0.012720558792352676,-0.032397352159023285,-0.01441173255443573,0.03191987797617912,0.0,-0.6257568001747131,0.7709369659423828,-10.174857139587402,-0.03796028718352318,0.12538336217403412,-6.992471694946289,0.0,0.0,0.0,0.0,0.0,0.0,0.0,0.0,0.0,0.0,0.0,0.0,0.010157495737075806,-0.027131572365760803,-0.011548969894647598,0.02580171823501587,0.25067827105522156,0.22461993992328644,0.2303595095872879,0.22546809911727905,-1.0340231657028198,0.784506618976593,0.28032127022743225,0.0,0.0,0.0,0.0,0.0,0.0,0.0
13706221368,0,-0.000702198944054544,-0.056227825582027435,-0.1544923484325409,6.569455581484362e-05,-0.04113857448101044,-0.8442511558532715,0.014457056298851967,-0.016995267942547798,-0.005747739691287279,0.001535794697701931,0.030178653076291084,-0.5,-0.013895582407712936,-0.025871722027659416,-0.0031765454914420843,0.0,0.0,-0.0047828578390181065,-0.006675647106021643,0.000315262092044577,0.017416493967175484,0.11038269847631454,0.20571117103099823,-0.0017116721719503403,-0.23569723963737488,0.5547497272491455,-38.22216033935547,0.10852311551570892,0.21613115072250366,-0.014778333716094494,-0.0014644722687080503,-0.10363122075796127,-0.20690636336803436,0.002138485899195075,10.428055763244629,9.018792152404785,9.422750473022461,9.357177734375,0.009199218824505806,-0.026064453646540642,-0.010732421651482582,0.018398437649011612,0.0,0.010664728470146656,-0.031168531626462936,-0.012140478938817978,0.02970064990222454,0.0,-0.4203283190727234,-0.2112501561641693,-10.424418449401855,-0.03862127289175987,0.10944823920726776,-6.937796592712402,0.0,0.0,0.0,0.0,0.0,0.0,0.0,0.0,0.0,0.0,0.0,0.0,0.011090775020420551,-0.028779618442058563,-0.012591470032930374,0.027662018314003944,0.25067827105522156,0.22461993992328644,0.2303595095872879,0.22546809911727905,1.0626089572906494,-0.8292689919471741,0.15709635615348816,0.0,0.0,0.0,0.0,0.0,0.0,0.0
13716539672,0,-0.0005571533110924065,-0.05680172145366669,-0.15418308973312378,6.569455581484362e-05,-0.04113857448101044,-0.8442511558532715,0.009015372954308987,-0.008748242631554604,-0.013082812540233135,0.0012457020347937942,0.031326450407505035,-0.5,-0.013229187577962875,-0.026420800015330315,-0.002582892309874296,0.0,0.0,-0.0047828578390181065,-0.006675647106021643,0.000315262092044577,0.017416493967175484,0.11038269847631454,0.20571117103099823,-0.0017116721719503403,-0.23569723963737488,0.5547497272491455,-38.22216033935547,0.10852311551570892,0.21613115072250366,-0.014778333716094494,-0.0014644722687080503,-0.10443942248821259,-0.2064943164587021,0.0027243015356361866,10.428055763244629,9.018792152404785,9.422750473022461,9.357177734375,0.010732421651482582,-0.029130859300494194,-0.009199218824505806,0.018398437649011612,0.0,0.010664728470146656,-0.031168531626462936,-0.012140478938817978,0.02970064990222454,0.0,-0.4203283190727234,-0.2112501561641693,-10.424418449401855,-0.028427399694919586,0.09453149139881134,-6.897860050201416,0.0,0.0,0.0,0.0,0.0,0.0,0.0,0.0,0.0,0.0,0.0,0.0,0.011565995402634144,-0.030087653547525406,-0.013125739991664886,0.029055500403046608,0.24974147975444794,0.22156542539596558,0.2296857386827469,0.22836998105049133,1.0626089572906494,-0.8292689919471741,0.15709635615348816,0.0,0.0,0.0,0.0,0.0,0.0,0.0
13726459362,0,-0.0005571533110924065,-0.05680172145366669,-0.15418308973312378,6.569455581484362e-05,-0.04113857448101044,-0.8442511558532715,0.009015372954308987,-0.008748242631554604,-0.013082812540233135,0.0012457020347937942,0.031326450407505035,-0.5,-0.013229187577962875,-0.026420800015330315,-0.002582892309874296,0.0,0.0,-0.0047828578390181065,0.010723534971475601,-0.006135019473731518,0.017777251079678535,0.10505877435207367,0.2100866287946701,-0.002429962856695056,-0.15635070204734802,0.519923210144043,-37.938228607177734,0.08408701419830322,0.22241979837417603,-0.014723021537065506,-0.0015114860143512487,-0.10446643084287643,-0.2065773755311966,0.003038722788915038,10.328080177307129,8.901350021362305,9.37783432006836,9.335301399230957,0.012265625409781933,-0.026064453646540642,-0.0076660155318677425,0.018398437649011612,0.0,0.012287137098610401,-0.027048837393522263,-0.013882673345506191,0.025439096614718437,0.0,-0.5160573720932007,0.4049772024154663,-10.145699501037598,-0.028427399694919586,0.09453149139881134,-6.897860050201416,0.0,0.0,0.0,0.0,0.0,0.0,0.0,0.0,0.0,0.0,0.0,0.0,0.01170825120061636,-0.030740363523364067,-0.013287062756717205,0.029663288965821266,0.24775661528110504,0.2191978096961975,0.2287845015525818,0.22793078422546387,1.4421314001083374,-0.69134920835495,0.12028864771127701,0.0,0.0,0.0,0.0,0.0,0.0,0.0
13736080151,0,-0.0005203146138228476,-0.057060468941926956,-0.15412792563438416,6.569455581484362e-05,-0.04113857448101044,-0.8442511558532715,0.005974701605737209,-0.016554653644561768,-0.016234492883086205,0.001172024174593389,0.03184394910931587,-0.5,-0.013331977650523186,-0.026253635063767433,-0.0024368634913116693,0.0,0.0,-0.0047828578390181065,0.006506957113742828,-0.003414520062506199,0.011630956083536148,0.10587051510810852,0.20876124501228333,-0.002604889450594783,-0.12213331460952759,0.7229693531990051,-37.625160217285156,0.09352406859397888,0.2139187604188919,-0.006867184303700924,-0.0016177650541067123,-0.10446643084287643,-0.2065773755311966,0.003038722788915038,10.055221557617188,9.047603607177734,9.101670265197754,9.426283836364746,0.010732421651482582,-0.024531250819563866,-0.0076660155318677425,0.019931640475988388,0.0,0.020952749997377396,-0.03322456404566765,-0.023534782230854034,0.03151609003543854,0.0,-0.6861053705215454,-0.24272708594799042,-9.700418472290039,-0.022212021052837372,0.1112620085477829,-6.883114814758301,0.0,0.0,0.0,0.0,0.0,0.0,0.0,0.0,0.0,0.0,0.0,0.0,0.012209950014948845,-0.03085513599216938,-0.013841206207871437,0.029659664258360863,0.24775661528110504,0.2191978096961975,0.2287845015525818,0.22793078422546387,0.1371767520904541,-0.14980609714984894,-0.22118321061134338,0.0,0.0,0.0,0.0,0.0,0.0,0.0
13746292016,0,-0.000428227853262797,-0.05759288743138313,-0.15405245125293732,6.569455581484362e-05,-0.04113857448101044,-0.8442511558532715,0.006988005246967077,-0.028317421674728394,-0.019584432244300842,0.0009878496639430523,0.032908789813518524,-0.5,-0.013924787752330303,-0.026143265888094902,-0.002459426876157522,0.0,0.0,-0.0047828578390181065,0.006506957113742828,-0.003414520062506199,0.011630956083536148,0.10572811216115952,0.20933634042739868,-0.002546395640820265,-0.12213331460952759,0.7229693531990051,-37.625160217285156,0.09352406859397888,0.2139187604188919,-0.006867184303700924,-0.0016177650541067123,-0.10419060289859772,-0.20672748982906342,0.0035551537293940783,10.055221557617188,9.047603607177734,9.101670265197754,9.426283836364746,0.006132812704890966,-0.027597656473517418,-0.009199218824505806,0.021464843302965164,0.0,0.020952749997377396,-0.03322456404566765,-0.023534782230854034,0.03151609003543854,0.0,-0.6861053705215454,-0.24272708594799042,-9.700418472290039,-0.02442232146859169,0.13750673830509186,-6.87770414352417,0.0,0.0,0.0,0.0,0.0,0.0,0.0,0.0,0.0,0.0,0.0,0.0,0.013670215383172035,-0.031063910573720932,-0.015457198023796082,0.02972009778022766,0.242328479886055,0.2221456915140152,0.22323419153690338,0.22975659370422363,0.1371767520904541,-0.14980609714984894,-0.22118321061134338,0.0,0.0,0.0,0.0,0.0,0.0,0.0
13756391402,0,-0.000428227853262797,-0.05759288743138313,-0.15405245125293732,6.569455581484362e-05,-0.04113857448101044,-0.8442511558532715,0.006988005246967077,-0.028317421674728394,-0.019584432244300842,0.0009878496639430523,0.032908789813518524,-0.5,-0.013924787752330303,-0.026143265888094902,-0.002459426876157522,0.0,0.0,-0.0047828578390181065,0.004482831805944443,-0.01646643690764904,-0.004155143164098263,0.10572811216115952,0.20933634042739868,-0.002546395640820265,-0.18603861331939697,0.642510712146759,-38.14704132080078,0.09725673496723175,0.2359277307987213,0.009405255317687988,-0.0017297434387728572,-0.1040235087275505,-0.20707285404205322,0.0036314381286501884,9.819307327270508,9.556406021118164,8.784964561462402,9.992325782775879,0.004599609412252903,-0.03066406212747097,-0.009199218824505806,0.021464843302965164,0.0,0.01624494232237339,-0.030855054035782814,-0.018585940822958946,0.029132090508937836,0.0,-0.29172876477241516,0.10645231604576111,-9.326855659484863,-0.02442232146859169,0.13750673830509186,-6.87770414352417,0.0,0.0,0.0,0.0,0.0,0.0,0.0,0.0,0.0,0.0,0.0,0.0,0.015515037812292576,-0.031455978751182556,-0.017514197155833244,0.029971247538924217,0.23762276768684387,0.23236438632011414,0.21684861183166504,0.24107514321804047,-0.09069763869047165,-0.5107316374778748,-0.6332144737243652,0.0,0.0,0.0,0.0,0.0,0.0,0.0
13766186351,0,-0.00038936431519687176,-0.05809538811445236,-0.15390415489673615,6.569455581484362e-05,-0.04113857448101044,-0.8442511558532715,0.014954783022403717,-0.010375266894698143,-0.006114116869866848,0.0009101222967728972,0.03391379863023758,-0.5,-0.012697500176727772,-0.026958011090755463,-0.002641487866640091,0.0,0.0,-0.0047828578390181065,0.004482831805944443,-0.01646643690764904,-0.004155143164098263,0.10889602452516556,0.21188199520111084,-0.002198244445025921,-0.18603861331939697,0.642510712146759,-38.14704132080078,0.09725673496723175,0.2359277307987213,0.009405255317687988,-0.0017297434387728572,-0.1040235087275505,-0.20707285404205322,0.0036314381286501884,9.819307327270508,9.556406021118164,8.784964561462402,9.992325782775879,0.006132812704890966,-0.032197266817092896,-0.010732421651482582,0.024531250819563866,0.0,0.01624494232237339,-0.030855054035782814,-0.018585940822958946,0.029132090508937836,0.0,0.2097233682870865,0.5744909048080444,-9.187016487121582,-0.04199247434735298,0.10284706205129623,-6.998270034790039,0.0,0.0,0.0,0.0,0.0,0.0,0.0,0.0,0.0,0.0,0.0,0.0,0.016774211078882217,-0.031647223979234695,-0.018951917067170143,0.030049895867705345,0.23762276768684387,0.23236438632011414,0.21684861183166504,0.24107514321804047,-0.09069763869047165,-0.5107316374778748,-0.6332144737243652,0.0,0.0,0.0,0.0,0.0,0.0,0.0
13776384994,0,-0.00038936431519687176,-0.05809538811445236,-0.15390415489673615,6.569455581484362e-05,-0.04113857448101044,-0.8442511558532715,0.014954783022403717,-0.010375266894698143,-0.006114116869866848,0.0009101222967728972,0.03391379863023758,-0.5,-0.012697500176727772,-0.026958011090755463,-0.002641487866640091,0.0,0.0,-0.0047828578390181065,0.018333857879042625,-0.013199424371123314,-0.007833629846572876,0.10889602452516556,0.21188199520111084,-0.002198244445025921,-0.12750600278377533,0.5934720635414124,-38.67514419555664,0.07818899303674698,0.22543947398662567,0.010834316723048687,-0.001780441147275269,-0.10379696637392044,-0.20737962424755096,0.0034766290336847305,9.870440483093262,9.710188865661621,8.926225662231445,10.174036979675293,0.012265625409781933,-0.03373046964406967,-0.010732421651482582,0.024531250819563866,0.0,0.01649531163275242,-0.02645360678434372,-0.018674055114388466,0.024866724386811256,0.0,-0.49621376395225525,-0.31602606177330017,-9.384525299072266,-0.04199247434735298,0.10284706205129623,-6.998270034790039,0.0,0.0,0.0,0.0,0.0,0.0,0.0,0.0,0.0,0.0,0.0,0.0,0.017307370901107788,-0.03139205649495125,-0.019595535472035408,0.029722444713115692,0.23864354193210602,0.23544198274612427,0.2196996510028839,0.24469411373138428,0.46940234303474426,-0.021258652210235596,-0.47979190945625305,0.0,0.0,0.0,0.0,0.0,0.0,0.0
13786474967,0,-0.0003822463913820684,-0.058318521827459335,-0.1537807285785675,6.569455581484362e-05,-0.04113857448101044,-0.8442511558532715,0.005372693762183189,-0.012457703240215778,-0.0025107641704380512,0.0008958863909356296,0.034360066056251526,-0.5,-0.012501174584031105,-0.027040669694542885,-0.002782196272164583,0.0,0.0,-0.0047828578390181065,0.019362477585673332,0.0076514785178005695,0.0033313771709799767,0.1012168750166893,0.21202747523784637,-0.0021590213291347027,-0.08606261014938354,0.7512178421020508,-38.641639709472656,0.07878822833299637,0.1955437958240509,-0.006252132821828127,-0.0018536153947934508,-0.10307906568050385,-0.20751571655273438,0.0032640984281897545,10.245704650878906,9.320998191833496,9.388214111328125,9.693816184997559,0.015332031063735485,-0.03526367247104645,-0.013798828236758709,0.024531250819563866,0.0,0.02275814488530159,-0.031980372965335846,-0.02526656724512577,0.030334142968058586,0.0,0.020052412524819374,-0.1619061678647995,-9.469051361083984,-0.023182909935712814,0.10790400952100754,-7.031844139099121,0.0,0.0,0.0,0.0,0.0,0.0,0.0,0.0,0.0,0.0,0.0,0.0,0.017697105184197426,-0.030813291668891907,-0.020042097195982933,0.029114380478858948,0.23864354193210602,0.23544198274612427,0.2196996510028839,0.24469411373138428,-0.10750573873519897,0.6946626305580139,0.37369924783706665,0.0,0.0,0.0,0.0,0.0,0.0,0.0
13796260925,0,-0.0003598920884542167,-0.05878352373838425,-0.15341518819332123,6.569455581484362e-05,-0.04113857448101044,-0.8442511558532715,0.0020310948602855206,-0.025531519204378128,-0.004029478877782822,0.0008511775522492826,0.03529007360339165,-0.5,-0.013083312660455704,-0.026081128045916557,-0.0026721847243607044,0.0,0.0,-0.0047828578390181065,0.019362477585673332,0.0076514785178005695,0.0033313771709799767,0.09707564860582352,0.21014189720153809,-0.002493630861863494,-0.08606261014938354,0.7512178421020508,-38.641639709472656,0.07878822833299637,0.1955437958240509,-0.006252132821828127,-0.0018536153947934508,-0.10307906568050385,-0.20751571655273438,0.0032640984281897545,10.245704650878906,9.320998191833496,9.388214111328125,9.693816184997559,0.016865234822034836,-0.036796875298023224,-0.013798828236758709,0.024531250819563866,0.0,0.02275814488530159,-0.031980372965335846,-0.02526656724512577,0.030334142968058586,0.0,0.020052412524819374,-0.1619061678647995,-9.469051361083984,-0.01564774662256241,0.1365850567817688,-7.025753021240234,0.0,0.0,0.0,0.0,0.0,0.0,0.0,0.0,0.0,0.0,0.0,0.0,0.01853376440703869,-0.03048904612660408,-0.020921653136610985,0.028788182884454727,0.2461196333169937,0.22764356434345245,0.22899287939071655,0.23511452972888947,-0.10750573873519897,0.6946626305580139,0.37369924783706665,0.0,0.0,0.0,0.0,0.0,0.0,0.0
13806137279,0,-0.00034655790659599006,-0.0590452179312706,-0.15322646498680115,6.569455581484362e-05,-0.04113857448101044,-0.8442511558532715,0.003951172810047865,-0.02126247063279152,-0.001024475321173668,0.0008245090721175075,0.03581346571445465,-0.5,-0.01307306531816721,-0.026044178754091263,-0.002345929853618145,0.0,0.0,-0.0047828578390181065,-0.030216839164495468,0.0073288818821311,0.02031457982957363,0.10436144471168518,0.20765018463134766,-0.002900070743635297,-0.08606261014938354,0.7512178421020508,-38.641639709472656,0.07878822833299637,0.1955437958240509,-0.006252132821828127,-0.0018536153947934508,-0.10307906568050385,-0.20751571655273438,0.0032640984281897545,10.791363716125488,9.117733001708984,9.677861213684082,9.248212814331055,0.015332031063735485,-0.036796875298023224,-0.015332031063735485,0.024531250819563866,0.0,0.021607201546430588,-0.03269357234239578,-0.024510212242603302,0.031796202063560486,0.0,0.020052412524819374,-0.1619061678647995,-9.469051361083984,-0.01961710676550865,0.12921011447906494,-7.054218292236328,0.0,0.0,0.0,0.0,0.0,0.0,0.0,0.0,0.0,0.0,0.0,0.0,0.019671663641929626,-0.030637670308351517,-0.022121090441942215,0.028980473056435585,0.2461196333169937,0.22764356434345245,0.22899287939071655,0.23511452972888947,-1.6257412433624268,-0.006870677229017019,0.5502594709396362,0.0,0.0,0.0,0.0,0.0,0.0,0.0
13816134225,0,-0.00034655790659599006,-0.0590452179312706,-0.15322646498680115,6.569455581484362e-05,-0.04113857448101044,-0.8442511558532715,0.003951172810047865,-0.02126247063279152,-0.001024475321173668,0.0008245090721175075,0.03581346571445465,-0.5,-0.01307306531816721,-0.026044178754091263,-0.002345929853618145,0.0,0.0,-0.0047828578390181065,-0.04181063920259476,-0.0012270677834749222,0.01109433826059103,0.10436144471168518,0.20765018463134766,-0.002900070743635297,-0.19181931018829346,0.6911484003067017,-38.70694351196289,0.17138731479644775,0.21325568854808807,-0.007155500818043947,-0.0019985190592706203,-0.10330349951982498,-0.20727452635765076,0.003797262441366911,10.453475952148438,9.432917594909668,9.259926795959473,9.571547508239746,0.013798828236758709,-0.03373046964406967,-0.015332031063735485,0.026064453646540642,0.0,0.01668107882142067,-0.033330805599689484,-0.019300680607557297,0.03239373490214348,0.0,0.06734375655651093,0.24295547604560852,-9.87000560760498,-0.01961710676550865,0.12921011447906494,-7.054218292236328,0.0,0.0,0.0,0.0,0.0,0.0,0.0,0.0,0.0,0.0,0.0,0.0,0.02041429840028286,-0.031086629256606102,-0.02294641174376011,0.029554741457104683,0.2569369971752167,0.22355763614177704,0.23479552567005157,0.22618161141872406,-1.335269570350647,-0.4722868502140045,-0.13648295402526855,0.0,0.0,0.0,0.0,0.0,0.0,0.0
13826300023,0,-0.00034655790659599006,-0.0590452179312706,-0.15322646498680115,6.569455581484362e-05,-0.04113857448101044,-0.8442511558532715,0.003951172810047865,-0.02126247063279152,-0.001024475321173668,0.0008245090721175075,0.03581346571445465,-0.5,-0.01307306531816721,-0.026044178754091263,-0.002345929853618145,0.0,0.0,-0.0047828578390181065,-0.04181063920259476,-0.0012270677834749222,0.01109433826059103,0.10436144471168518,0.20765018463134766,-0.002900070743635297,-0.19181931018829346,0.6911484003067017,-38.70694351196289,0.17138731479644775,0.21325568854808807,-0.007155500818043947,-0.0019985190592706203,-0.10382862389087677,-0.20724637806415558,0.00402595940977335,10.453475952148438,9.432917594909668,9.259926795959473,9.571547508239746,0.012265625409781933,-0.03066406212747097,-0.013798828236758709,0.027597656473517418,0.0,0.01668107882142067,-0.033330805599689484,-0.019300680607557297,0.03239373490214348,0.0,-0.4066050350666046,0.6795042753219604,-10.80019760131836,-0.01961710676550865,0.12921011447906494,-7.054218292236328,0.0,0.0,0.0,0.0,0.0,0.0,0.0,0.0,0.0,0.0,0.0,0.0,0.020317906513810158,-0.03169214725494385,-0.022919904440641403,0.03033347986638546,0.25024595856666565,0.2298896759748459,0.22641687095165253,0.23266781866550446,-1.335269570350647,-0.4722868502140045,-0.13648295402526855,0.0,0.0,0.0,0.0,0.0,0.0,0.0
13837004196,0,-0.00031594157917425036,-0.05976071208715439,-0.15283507108688354,6.569455581484362e-05,-0.04113857448101044,-0.8442511558532715,0.005942031741142273,-0.014436310157179832,-0.020932160317897797,0.0007632761262357235,0.037244461476802826,-0.5,-0.014339462853968143,-0.026433277875185013,-0.0022207247093319893,0.0,0.0,-0.0047828578390181065,-0.0062255654484033585,0.0002082612772937864,-0.009178364649415016,0.10436144471168518,0.20765018463134766,-0.002900070743635297,-0.0671161413192749,0.6946498155593872,-38.041465759277344,0.10585785657167435,0.20623798668384552,0.0138324536383152,-0.0021105711348354816,-0.10382862389087677,-0.20724637806415558,0.00402595940977335,9.651652336120605,9.70108699798584,8.679625511169434,10.020859718322754,0.015332031063735485,-0.027597656473517418,-0.013798828236758709,0.026064453646540642,0.0,0.02275170013308525,-0.028002487495541573,-0.025828959420323372,0.026650650426745415,0.0,-0.2196965515613556,0.09592154622077942,-10.240259170532227,-0.023074433207511902,0.11926304548978806,-6.916125297546387,0.0,0.0,0.0,0.0,0.0,0.0,0.0,0.0,0.0,0.0,0.0,0.0,0.019879454746842384,-0.032046519219875336,-0.02254018373787403,0.030831705778837204,0.25024595856666565,0.2298896759748459,0.22641687095165253,0.23266781866550446,1.2309002876281738,-0.09316131472587585,-0.6624561548233032,0.0,0.0,0.0,0.0,0.0,0.0,0.0
13846807931,0,-0.0003013359964825213,-0.060113463550806046,-0.15274183452129364,6.569455581484362e-05,-0.04113857448101044,-0.8442511558532715,0.0028611456509679556,-0.016595343127846718,-0.021386686712503433,0.0007340647862292826,0.03794996812939644,-0.5,-0.014094558544456959,-0.025845352560281754,-0.002615543082356453,0.0,0.0,-0.0047828578390181065,-0.0062255654484033585,0.0002082612772937864,-0.009178364649415016,0.10208601504564285,0.2110176831483841,-0.002470684703439474,-0.0671161413192749,0.6946498155593872,-38.041465759277344,0.10585785657167435,0.20623798668384552,0.0138324536383152,-0.0021105711348354816,-0.10474930703639984,-0.20733188092708588,0.003897275310009718,9.651652336120605,9.70108699798584,8.679625511169434,10.020859718322754,0.018398437649011612,-0.027597656473517418,-0.013798828236758709,0.026064453646540642,0.0,0.02275170013308525,-0.028002487495541573,-0.025828959420323372,0.026650650426745415,0.0,-0.2196965515613556,0.09592154622077942,-10.240259170532227,-0.016466839239001274,0.12486983835697174,-6.937516212463379,0.0,0.0,0.0,0.0,0.0,0.0,0.0,0.0,0.0,0.0,0.0,0.0,0.019913775846362114,-0.031720373779535294,-0.022659137845039368,0.03057016059756279,0.23427127301692963,0.2352600395679474,0.21471980214118958,0.24164383113384247,1.2309002876281738,-0.09316131472587585,-0.6624561548233032,0.0,0.0,0.0,0.0,0.0,0.0,0.0
13856426558,0,-0.0003013359964825213,-0.060113463550806046,-0.15274183452129364,6.569455581484362e-05,-0.04113857448101044,-0.8442511558532715,0.0028611456509679556,-0.016595343127846718,-0.021386686712503433,0.0007340647862292826,0.03794996812939644,-0.5,-0.014094558544456959,-0.025845352560281754,-0.002615543082356453,0.0,0.0,-0.0047828578390181065,0.028540775179862976,-0.007121572270989418,-0.008308588527143002,0.10208601504564285,0.2110176831483841,-0.002470684703439474,-0.09056761860847473,0.6867840886116028,-38.15633773803711,0.05173390731215477,0.2210591584444046,0.009426595643162727,-0.0021564275957643986,-0.1045670285820961,-0.20742814242839813,0.0036872245837002993,9.729731559753418,9.512748718261719,8.879125595092773,10.045599937438965,0.019931640475988388,-0.027597656473517418,-0.013798828236758709,0.026064453646540642,0.0,0.02142571471631527,-0.029141787439584732,-0.024006729945540428,0.027128763496875763,0.0,-0.16537971794605255,0.19768770039081573,-9.670623779296875,-0.016466839239001274,0.12486983835697174,-6.937516212463379,0.0,0.0,0.0,0.0,0.0,0.0,0.0,0.0,0.0,0.0,0.0,0.0,0.020393161103129387,-0.030926475301384926,-0.023218495771288872,0.029740331694483757,0.23583272099494934,0.23149001598358154,0.2187495231628418,0.24213677644729614,2.1397109031677246,-0.38935062289237976,-0.2885056734085083,0.0,0.0,0.0,0.0,0.0,0.0,0.0
13866577827,0,-0.00026524049462750554,-0.060244664549827576,-0.15266016125679016,6.569455581484362e-05,-0.04113857448101044,-0.8442511558532715,0.0056365979835391045,-0.011064530350267887,-0.013336949050426483,0.0006618734332732856,0.0382123701274395,-0.5,-0.012803168036043644,-0.026415586471557617,-0.0025620453525334597,0.0,0.0,-0.0047828578390181065,0.02528686262667179,-0.010175376199185848,0.006917610298842192,0.10148917883634567,0.21113933622837067,-0.00252547487616539,-0.2008899599313736,0.5972205996513367,-38.815452575683594,0.0779922679066658,0.22079186141490936,-0.01045498438179493,-0.002225608332082629,-0.10358582437038422,-0.20787353813648224,0.0035654189996421337,10.429777145385742,9.221430778503418,9.50283432006836,9.670350074768066,0.019931640475988388,-0.03066406212747097,-0.015332031063735485,0.029130859300494194,0.0,0.013203437440097332,-0.03086712397634983,-0.015000630170106888,0.028933238238096237,0.0,-0.23222841322422028,-0.01809867098927498,-9.769418716430664,-0.02311430126428604,0.11333975195884705,-7.010290622711182,0.0,0.0,0.0,0.0,0.0,0.0,0.0,0.0,0.0,0.0,0.0,0.0,0.02050132490694523,-0.030233735218644142,-0.023307640105485916,0.028911493718624115,0.249775692820549,0.225643128156662,0.23129118978977203,0.23464536666870117,0.0333322249352932,-0.026718175038695335,0.5241705775260925,0.0,0.0,0.0,0.0,0.0,0.0,0.0
13876030802,0,-0.00018442230066284537,-0.06051411107182503,-0.15246354043483734,6.569455581484362e-05,-0.04113857448101044,-0.8442511558532715,0.011732458136975765,-0.00844044890254736,-0.008776305243372917,0.0005002362304367125,0.0387512668967247,-0.5,-0.012022534385323524,-0.02707844413816929,-0.0023414804600179195,0.0,0.0,-0.0047828578390181065,0.003297414630651474,0.0005797224002890289,0.016989892348647118,0.10361245274543762,0.21034930646419525,-0.0030009064357727766,-0.2008899599313736,0.5972205996513367,-38.815452575683594,0.0779922679066658,0.22079186141490936,-0.01045498438179493,-0.002225608332082629,-0.10358582437038422,-0.20787353813648224,0.0035654189996421337,10.429777145385742,9.221430778503418,9.50283432006836,9.670350074768066,0.019931640475988388,-0.03373046964406967,-0.016865234822034836,0.029130859300494194,0.0,0.013203437440097332,-0.03086712397634983,-0.015000630170106888,0.028933238238096237,0.0,-0.31450799107551575,0.5123908519744873,-9.126241683959961,-0.03652544692158699,0.10858555883169174,-7.057354927062988,0.0,0.0,0.0,0.0,0.0,0.0,0.0,0.0,0.0,0.0,0.0,0.0,0.019587170332670212,-0.029930325224995613,-0.022234080359339714,0.02842462994158268,0.249775692820549,0.225643128156662,0.23129118978977203,0.23464536666870117,-1.1493903398513794,0.556618332862854,0.7519229650497437,0.0,0.0,0.0,0.0,0.0,0.0,0.0
13886194032,0,-0.00010764844773802906,-0.060627132654190063,-0.15232832729816437,6.569455581484362e-05,-0.04113857448101044,-0.8442511558532715,0.009041777811944485,-0.010855475440621376,-0.007270453032106161,0.00034668773878365755,0.03897731006145477,-0.5,-0.012764054350554943,-0.026688149198889732,-0.002090210560709238,0.0,0.0,-0.0047828578390181065,0.003297414630651474,0.0005797224002890289,0.016989892348647118,0.10100051760673523,0.21105247735977173,-0.003277936950325966,-0.2008899599313736,0.5972205996513367,-38.815452575683594,0.0779922679066658,0.22079186141490936,-0.01045498438179493,-0.002225608332082629,-0.10358582437038422,-0.20787353813648224,0.0035654189996421337,10.725674629211426,9.067851066589355,9.753340721130371,9.369758605957031,0.018398437649011612,-0.036796875298023224,-0.018398437649011612,0.03066406212747097,0.0,0.012839162722229958,-0.03139008209109306,-0.01461532898247242,0.029861729592084885,0.0,-0.31450799107551575,0.5123908519744873,-9.126241683959961,-0.031157463788986206,0.11470156908035278,-7.074041843414307,0.0,0.0,0.0,0.0,0.0,0.0,0.0,0.0,0.0,0.0,0.0,0.0,0.017942799255251884,-0.02997809834778309,-0.020353548228740692,0.028321869671344757,0.249775692820549,0.225643128156662,0.23129118978977203,0.23464536666870117,-1.1493903398513794,0.556618332862854,0.7519229650497437,0.0,0.0,0.0,0.0,0.0,0.0,0.0
13896088819,0,-0.00010764844773802906,-0.060627132654190063,-0.15232832729816437,6.569455581484362e-05,-0.04113857448101044,-0.8442511558532715,0.009041777811944485,-0.010855475440621376,-0.007270453032106161,0.00034668773878365755,0.03897731006145477,-0.5,-0.012764054350554943,-0.026688149198889732,-0.002090210560709238,0.0,0.0,-0.0047828578390181065,-0.028273221105337143,0.005586873274296522,0.024615703150629997,0.10100051760673523,0.21105247735977173,-0.003277936950325966,-0.14688697457313538,0.6053973436355591,-39.18073272705078,0.15346655249595642,0.2002294957637787,-0.026233000680804253,-0.002320006722584367,-0.10343236476182938,-0.20805276930332184,0.004129922017455101,10.999171257019043,9.067534446716309,9.905963897705078,9.217757225036621,0.015332031063735485,-0.038330078125,-0.021464843302965164,0.032197266817092896,0.0,0.014509433880448341,-0.029614854604005814,-0.016620012000203133,0.02858470380306244,0.0,-0.20901820063591003,0.4194547235965729,-9.392396926879883,-0.031157463788986206,0.11470156908035278,-7.074041843414307,0.0,0.0,0.0,0.0,0.0,0.0,0.0,0.0,0.0,0.0,0.0,0.0,0.016286175698041916,-0.030156124383211136,-0.018480077385902405,0.028453731909394264,0.249775692820549,0.225643128156662,0.23129118978977203,0.23464536666870117,-2.19828200340271,0.5370306968688965,0.7484432458877563,0.0,0.0,0.0,0.0,0.0,0.0,0.0
13906174779,0,-0.00010764844773802906,-0.060627132654190063,-0.15232832729816437,6.569455581484362e-05,-0.04113857448101044,-0.8442511558532715,0.009041777811944485,-0.010855475440621376,-0.007270453032106161,0.00034668773878365755,0.03897731006145477,-0.5,-0.012764054350554943,-0.026688149198889732,-0.002090210560709238,0.0,0.0,-0.0047828578390181065,-0.04032621532678604,-0.0020868710707873106,0.02466486021876335,0.10100051760673523,0.21105247735977173,-0.003277936950325966,-0.18247617781162262,0.6149153113365173,-39.164276123046875,0.16882620751857758,0.21609802544116974,-0.023215584456920624,-0.002377160592004657,-0.10386575013399124,-0.2081049531698227,0.004506703000515699,10.96858024597168,9.137862205505371,9.777660369873047,9.291727066040039,0.016865234822034836,-0.036796875298023224,-0.019931640475988388,0.03373046964406967,0.0,0.013703794218599796,-0.03113970346748829,-0.015901625156402588,0.030067475512623787,0.0,0.09504720568656921,0.27360817790031433,-9.674713134765625,-0.031157463788986206,0.11470156908035278,-7.074041843414307,0.0,0.0,0.0,0.0,0.0,0.0,0.0,0.0,0.0,0.0,0.0,0.0,0.015029353089630604,-0.03029603883624077,-0.017089830711483955,0.028670065104961395,0.26043713092803955,0.22396260499954224,0.23679061233997345,0.22705575823783875,-1.847674012184143,-0.01841636560857296,0.4334050118923187,0.0,0.0,0.0,0.0,0.0,0.0,0.0
13916448064,0,7.764656402287073e-06,-0.06075992062687874,-0.15186740458011627,6.569455581484362e-05,-0.04113857448101044,-0.8442511558532715,0.009935637004673481,-0.008080710656940937,-0.0021567430812865496,0.00011586038453970104,0.03924288973212242,-0.5,-0.014659552834928036,-0.026221277192234993,-0.0014049186138436198,0.0,0.0,-0.0047828578390181065,-0.00958938430994749,-0.010342215187847614,0.004917023237794638,0.11325135082006454,0.2121436893939972,-0.0038506072014570236,-0.22150516510009766,0.5057207345962524,-39.51509475708008,0.11565377563238144,0.22377051413059235,0.0021995140705257654,-0.0025253756903111935,-0.104707270860672,-0.20837661623954773,0.004986897576600313,10.353083610534668,9.766993522644043,9.297750473022461,10.111852645874023,0.018398437649011612,-0.03526367247104645,-0.019931640475988388,0.032197266817092896,0.0,0.009440847672522068,-0.026608886197209358,-0.011102949269115925,0.025158101692795753,0.0,-0.0026468257419764996,0.0026875732000917196,-10.38857650756836,-0.033177487552165985,0.11180277913808823,-7.120777130126953,0.0,0.0,0.0,0.0,0.0,0.0,0.0,0.0,0.0,0.0,0.0,0.0,0.014007139019668102,-0.030241169035434723,-0.015998603776097298,0.028739439323544502,0.26043713092803955,0.22396260499954224,0.23679061233997345,0.22705575823783875,0.7401714324951172,-0.3360842764377594,-0.6176052093505859,0.0,0.0,0.0,0.0,0.0,0.0,0.0
13926229728,0,0.00030291429720818996,-0.060810334980487823,-0.1508500576019287,6.569455581484362e-05,-0.04113857448101044,-0.8442511558532715,0.010500025004148483,-0.0035405815578997135,-0.007757692597806454,-0.0004744418547488749,0.03934371843934059,-0.5,-0.013364038430154324,-0.026783883571624756,-0.001947131589986384,0.0,0.0,-0.0047828578390181065,0.0062661971896886826,-0.0027436090167611837,-0.0027878419496119022,0.11325135082006454,0.2121436893939972,-0.0038506072014570236,-0.22150516510009766,0.5057207345962524,-39.51509475708008,0.11565377563238144,0.22377051413059235,0.0021995140705257654,-0.0025253756903111935,-0.104707270860672,-0.20837661623954773,0.004986897576600313,10.353083610534668,9.766993522644043,9.297750473022461,10.111852645874023,0.019931640475988388,-0.032197266817092896,-0.016865234822034836,0.03066406212747097,0.0,0.009440847672522068,-0.026608886197209358,-0.011102949269115925,0.025158101692795753,0.0,-0.0026468257419764996,0.0026875732000917196,-10.38857650756836,-0.035872701555490494,0.10164234787225723,-7.09700345993042,0.0,0.0,0.0,0.0,0.0,0.0,0.0,0.0,0.0,0.0,0.0,0.0,0.012858455069363117,-0.0297529436647892,-0.014779916033148766,0.02833918109536171,0.24825331568717957,0.2365775853395462,0.22717683017253876,0.24345654249191284,1.2015999555587769,0.173638254404068,-0.657494306564331,0.0,0.0,0.0,0.0,0.0,0.0,0.0
13936155262,0,0.00030291429720818996,-0.060810334980487823,-0.1508500576019287,6.569455581484362e-05,-0.04113857448101044,-0.8442511558532715,0.010500025004148483,-0.0035405815578997135,-0.007757692597806454,-0.0004744418547488749,0.03934371843934059,-0.5,-0.013364038430154324,-0.026783883571624756,-0.001947131589986384,0.0,0.0,-0.0047828578390181065,0.013462785631418228,0.011370430700480938,0.0014912914484739304,0.10610169917345047,0.21298691630363464,-0.00318773346953094,-0.22411489486694336,0.5043405890464783,-38.92376708984375,0.08781950175762177,0.2139941304922104,0.008878306485712528,-0.00260328222066164,-0.10482697188854218,-0.20852774381637573,0.00495695136487484,9.980907440185547,9.757965087890625,9.04036808013916,10.160265922546387,0.019931640475988388,-0.032197266817092896,-0.016865234822034836,0.029130859300494194,0.0,0.009643066674470901,-0.026686757802963257,-0.011272392235696316,0.02507266215980053,0.0,-0.20856057107448578,-0.07815121114253998,-10.08280086517334,-0.035872701555490494,0.10164234787225723,-7.09700345993042,0.0,0.0,0.0,0.0,0.0,0.0,0.0,0.0,0.0,0.0,0.0,0.0,0.011672206223011017,-0.02893625944852829,-0.013509868644177914,0.02755139209330082,0.24084745347499847,0.23639720678329468,0.22199994325637817,0.24442020058631897,0.9707238674163818,0.6568713188171387,-0.12249630689620972,0.0,0.0,0.0,0.0,0.0,0.0,0.0
13946120640,0,0.0003915202396456152,-0.060831259936094284,-0.1506149023771286,6.569455581484362e-05,-0.04113857448101044,-0.8442511558532715,0.011022442951798439,-0.0011090505868196487,-0.010367091745138168,-0.0006516546127386391,0.03938556835055351,-0.5,-0.013524435460567474,-0.026022611185908318,-0.0016633212799206376,0.0,0.0,-0.0047828578390181065,0.013462785631418228,0.011370430700480938,0.0014912914484739304,0.1043989434838295,0.20997536182403564,-0.003846430918201804,-0.19729985296726227,0.5590329170227051,-39.03351974487305,0.0841994360089302,0.18900300562381744,0.0001313122920691967,-0.0026737304870039225,-0.1047467365860939,-0.20848026871681213,0.00489979051053524,10.182103157043457,9.599839210510254,9.331633567810059,9.934588432312012,0.018398437649011612,-0.029130859300494194,-0.016865234822034836,0.026064453646540642,0.0,0.012275349348783493,-0.028161512687802315,-0.014017103239893913,0.02662706933915615,0.0,-0.21581363677978516,0.22003138065338135,-10.51404857635498,-0.036376699805259705,0.0969967395067215,-7.084904193878174,0.0,0.0,0.0,0.0,0.0,0.0,0.0,0.0,0.0,0.0,0.0,0.0,0.010826467536389828,-0.028183946385979652,-0.012591170147061348,0.026782201603055,0.24485473334789276,0.23323428630828857,0.2278570532798767,0.23992376029491425,0.9707238674163818,0.6568713188171387,-0.12249630689620972,0.0,0.0,0.0,0.0,0.0,0.0,0.0
13956482575,0,0.0005939801922068,-0.060851018875837326,-0.15023928880691528,6.569455581484362e-05,-0.04113857448101044,-0.8442511558532715,0.012097571045160294,-0.005219328682869673,-0.00972332339733839,-0.0010565764969214797,0.0394250862300396,-0.5,-0.014059153385460377,-0.02623894438147545,-0.0006482492317445576,0.0,0.0,-0.0047828578390181065,0.013462785631418228,0.011370430700480938,0.0014912914484739304,0.10779225081205368,0.2112300843000412,-0.004030449781566858,-0.19729985296726227,0.5590329170227051,-39.03351974487305,0.0841994360089302,0.18900300562381744,0.0001313122920691967,-0.0026737304870039225,-0.1047467365860939,-0.20848026871681213,0.00489979051053524,10.182103157043457,9.599839210510254,9.331633567810059,9.934588432312012,0.016865234822034836,-0.03066406212747097,-0.016865234822034836,0.024531250819563866,0.0,0.012275349348783493,-0.028161512687802315,-0.014017103239893913,0.02662706933915615,0.0,-0.21581363677978516,0.22003138065338135,-10.51404857635498,-0.03955193608999252,0.1059473380446434,-7.105487823486328,0.0,0.0,0.0,0.0,0.0,0.0,0.0,0.0,0.0,0.0,0.0,0.0,0.010556449182331562,-0.027741773054003716,-0.012275846675038338,0.026303570717573166,0.24485473334789276,0.23323428630828857,0.2278570532798767,0.23992376029491425,0.9707238674163818,0.6568713188171387,-0.12249630689620972,0.0,0.0,0.0,0.0,0.0,0.0,0.0
13966257590,0,0.0005939801922068,-0.060851018875837326,-0.15023928880691528,6.569455581484362e-05,-0.04113857448101044,-0.8442511558532715,0.012097571045160294,-0.005219328682869673,-0.00972332339733839,-0.0010565764969214797,0.0394250862300396,-0.5,-0.014059153385460377,-0.02623894438147545,-0.0006482492317445576,0.0,0.0,-0.0047828578390181065,0.0030174131970852613,0.0013979830546304584,0.01848089136183262,0.10779225081205368,0.2112300843000412,-0.004030449781566858,-0.21753564476966858,0.5827103853225708,-39.08018493652344,0.10555119812488556,0.21205107867717743,-0.019521517679095268,-0.0027632242999970913,-0.10473166406154633,-0.20836250483989716,0.005284701008349657,10.752124786376953,9.118094444274902,9.767585754394531,9.455111503601074,0.015332031063735485,-0.032197266817092896,-0.016865234822034836,0.02299804612994194,0.0,0.011728672310709953,-0.031364019960165024,-0.01352599635720253,0.029610134661197662,0.0,-0.5289114117622375,0.08417349308729172,-9.980328559875488,-0.03955193608999252,0.1059473380446434,-7.105487823486328,0.0,0.0,0.0,0.0,0.0,0.0,0.0,0.0,0.0,0.0,0.0,0.0,0.01071561686694622,-0.027749495580792427,-0.01241941936314106,0.02626548334956169,0.24485473334789276,0.23323428630828857,0.2278570532798767,0.23992376029491425,0.11089399456977844,-0.30447062849998474,0.5157637000083923,0.0,0.0,0.0,0.0,0.0,0.0,0.0
13976347342,0,0.0005939801922068,-0.060851018875837326,-0.15023928880691528,6.569455581484362e-05,-0.04113857448101044,-0.8442511558532715,0.012097571045160294,-0.005219328682869673,-0.00972332339733839,-0.0010565764969214797,0.0394250862300396,-0.5,-0.014059153385460377,-0.02623894438147545,-0.0006482492317445576,0.0,0.0,-0.0047828578390181065,0.009586151689291,-0.015172977931797504,0.022155456244945526,0.10858602821826935,0.21264700591564178,-0.0048019071109592915,-0.2937075197696686,0.5714296102523804,-39.03216552734375,0.0949781984090805,0.23740215599536896,-0.021026864647865295,-0.0028439247980713844,-0.10469941794872284,-0.20850978791713715,0.005683147348463535,10.800086975097656,9.01357650756836,9.770873069763184,9.459847450256348,0.015332031063735485,-0.032197266817092896,-0.013798828236758709,0.024531250819563866,0.0,0.008805444464087486,-0.03428427502512932,-0.010365770198404789,0.032012417912483215,0.0,-0.16798609495162964,-0.08011090010404587,-9.769482612609863,-0.03955193608999252,0.1059473380446434,-7.105487823486328,0.0,0.0,0.0,0.0,0.0,0.0,0.0,0.0,0.0,0.0,0.0,0.0,0.010871199890971184,-0.028407249599695206,-0.012571092694997787,0.02683713659644127,0.2571096122264862,0.22146035730838776,0.2366551160812378,0.2304294854402542,0.40216735005378723,-0.9582183957099915,0.3652766942977905,0.0,0.0,0.0,0.0,0.0,0.0,0.0
13986245567,0,0.0008016201318241656,-0.06087520718574524,-0.14989042282104492,6.569455581484362e-05,-0.04113857448101044,-0.8442511558532715,0.018704866990447044,-0.012395640835165977,-0.009575624950230122,-0.0016875234432518482,0.03946753218770027,-0.5,-0.013312744908034801,-0.027212342247366905,-0.0006392713985405862,0.0,0.0,-0.0047828578390181065,0.009586151689291,-0.015172977931797504,0.022155456244945526,0.10858602821826935,0.21264700591564178,-0.0048019071109592915,-0.2937075197696686,0.5714296102523804,-39.03216552734375,0.0949781984090805,0.23740215599536896,-0.021026864647865295,-0.0028439247980713844,-0.10469941794872284,-0.20850978791713715,0.005683147348463535,10.800086975097656,9.01357650756836,9.770873069763184,9.459847450256348,0.015332031063735485,-0.03066406212747097,-0.010732421651482582,0.026064453646540642,0.0,0.008805444464087486,-0.03428427502512932,-0.010365770198404789,0.032012417912483215,0.0,-0.38198816776275635,0.46067506074905396,-9.583996772766113,-0.05606294050812721,0.10086995363235474,-7.082341194152832,0.0,0.0,0.0,0.0,0.0,0.0,0.0,0.0,0.0,0.0,0.0,0.0,0.010701382532715797,-0.029680496081709862,-0.012384532019495964,0.027962442487478256,0.2571096122264862,0.22146035730838776,0.2366551160812378,0.2304294854402542,0.40216735005378723,-0.9582183957099915,0.3652766942977905,0.0,0.0,0.0,0.0,0.0,0.0,0.0
13996520783,0,0.0009094520355574787,-0.060872241854667664,-0.14966437220573425,6.569455581484362e-05,-0.04113857448101044,-0.8442511558532715,0.019279934465885162,-0.0031020960304886103,-0.01550816185772419,-0.0016875234432518482,0.03946753218770027,-0.5,-0.013137560337781906,-0.027381276711821556,-0.0006489397492259741,0.0,0.0,-0.0047828578390181065,0.026751181110739708,-0.026987256482243538,0.017919860780239105,0.10858602821826935,0.21264700591564178,-0.0048019071109592915,-0.3083461821079254,0.5547847747802734,-38.952877044677734,0.0688273087143898,0.250112920999527,-0.013097068294882774,-0.00304016238078475,-0.1041807010769844,-0.20937208831310272,0.006440137978643179,10.560626983642578,9.132105827331543,9.573542594909668,9.696708679199219,0.015332031063735485,-0.03066406212747097,-0.010732421651482582,0.027597656473517418,0.0,0.007937555201351643,-0.03378476947546005,-0.00944635458290577,0.031135018914937973,0.0,-0.10742329806089401,-0.33339861035346985,-9.90778636932373,-0.05606294050812721,0.10086995363235474,-7.082341194152832,0.0,0.0,0.0,0.0,0.0,0.0,0.0,0.0,0.0,0.0,0.0,0.0,0.010227974504232407,-0.031133173033595085,-0.011877845972776413,0.02922273799777031,0.25237035751342773,0.2238466441631317,0.23270779848098755,0.23517251014709473,0.6240085363388062,-0.5118856430053711,-0.1307949721813202,0.0,0.0,0.0,0.0,0.0,0.0,0.0
14006272791,0,0.0009094520355574787,-0.060872241854667664,-0.14966437220573425,6.569455581484362e-05,-0.04113857448101044,-0.8442511558532715,0.019279934465885162,-0.0031020960304886103,-0.01550816185772419,-0.0016875234432518482,0.03946753218770027,-0.5,-0.013137560337781906,-0.027381276711821556,-0.0006489397492259741,0.0,0.0,-0.0047828578390181065,0.02763812430202961,-0.014227672480046749,0.017724035307765007,0.10858602821826935,0.21264700591564178,-0.0048019071109592915,-0.2964264452457428,0.6146820187568665,-39.21854782104492,0.0680345669388771,0.2254587709903717,-0.012925924733281136,-0.0031337772961705923,-0.1038491278886795,-0.20971331000328064,0.0067168730311095715,10.583758354187012,9.239604949951172,9.67442798614502,9.730732917785645,0.015332031063735485,-0.032197266817092896,-0.012265625409781933,0.029130859300494194,0.0,0.010309756733477116,-0.03523951396346092,-0.011983069591224194,0.03275974094867706,0.0,0.003222273662686348,-0.06835233420133591,-9.398238182067871,-0.05606294050812721,0.10086995363235474,-7.082341194152832,0.0,0.0,0.0,0.0,0.0,0.0,0.0,0.0,0.0,0.0,0.0,0.0,0.009721972979605198,-0.03242706134915352,-0.011339412070810795,0.0303108599036932,0.2528286278247833,0.2260085642337799,0.23472687602043152,0.23585273325443268,0.3796868324279785,0.35232415795326233,-0.12159883230924606,0.0,0.0,0.0,0.0,0.0,0.0,0.0
14017237487,0,0.001169153256341815,-0.06087956205010414,-0.1491856724023819,6.569455581484362e-05,-0.04113857448101044,-0.8442511558532715,0.021591898053884506,-0.0031438840087503195,-0.0006662256782874465,-0.0022069283295422792,0.03948217257857323,-0.5,-0.012539295479655266,-0.02700229547917843,-0.00018787737644743174,0.0,0.0,-0.0047828578390181065,0.016996897757053375,0.020432626828551292,0.018622159957885742,0.09946955740451813,0.21475434303283691,-0.005310218781232834,-0.2937111258506775,0.5264410972595215,-39.88200378417969,0.08293130248785019,0.1770285665988922,-0.015468064695596695,-0.0033498569391667843,-0.1038491278886795,-0.20971331000328064,0.0067168730311095715,10.76325798034668,9.43733024597168,9.952971458435059,9.737996101379395,0.016865234822034836,-0.03373046964406967,-0.012265625409781933,0.029130859300494194,0.0,0.007306525483727455,-0.031116440892219543,-0.008633066900074482,0.029407251626253128,0.0,-0.3290267586708069,0.5619714856147766,-9.269548416137695,-0.06218833848834038,0.10089386999607086,-7.213012218475342,0.0,0.0,0.0,0.0,0.0,0.0,0.0,0.0,0.0,0.0,0.0,0.0,0.009333598427474499,-0.03332507237792015,-0.010921810753643513,0.031068287789821625,0.2528286278247833,0.2260085642337799,0.23472687602043152,0.23585273325443268,-0.2797861397266388,1.2185059785842896,0.03243406489491463,0.0,0.0,0.0,0.0,0.0,0.0,0.0
14026241126,0,0.0014565649908035994,-0.06084606423974037,-0.14857709407806396,6.569455581484362e-05,-0.04113857448101044,-0.8442511558532715,0.01937081106007099,-0.004339816980063915,0.0019320390420034528,-0.0027817548252642155,0.03941517695784569,-0.5,-0.01224743202328682,-0.026358535513281822,0.00040905570494942367,0.0,0.0,-0.0047828578390181065,0.016996897757053375,0.020432626828551292,0.018622159957885742,0.09946955740451813,0.21475434303283691,-0.005310218781232834,-0.2937111258506775,0.5264410972595215,-39.88200378417969,0.08293130248785019,0.1770285665988922,-0.015468064695596695,-0.0033498569391667843,-0.10323113948106766,-0.20970886945724487,0.0072510866448283195,10.76325798034668,9.43733024597168,9.952971458435059,9.737996101379395,0.015332031063735485,-0.03373046964406967,-0.012265625409781933,0.027597656473517418,0.0,0.007306525483727455,-0.031116440892219543,-0.008633066900074482,0.029407251626253128,0.0,-0.3290267586708069,0.5619714856147766,-9.269548416137695,-0.058401476591825485,0.10303957015275955,-7.239186763763428,0.0,0.0,0.0,0.0,0.0,0.0,0.0,0.0,0.0,0.0,0.0,0.0,0.008907086215913296,-0.03354937583208084,-0.010448635555803776,0.03128894791007042,0.25638142228126526,0.22997808456420898,0.2402902990579605,0.2359980195760727,-0.2797861397266388,1.2185059785842896,0.03243406489491463,0.0,0.0,0.0,0.0,0.0,0.0,0.0
14036739190,0,0.0016205027932301164,-0.060805827379226685,-0.14823564887046814,6.569455581484362e-05,-0.04113857448101044,-0.8442511558532715,0.02117905579507351,-0.009471772238612175,-0.0009758795495145023,-0.003109632059931755,0.039334703236818314,-0.5,-0.012778806500136852,-0.026552293449640274,0.0005210241652093828,0.0,0.0,-0.0047828578390181065,0.005302619654685259,0.012522363103926182,0.020480362698435783,0.09959405660629272,0.21327921748161316,-0.006215087603777647,-0.2937111258506775,0.5264410972595215,-39.88200378417969,0.08293130248785019,0.1770285665988922,-0.015468064695596695,-0.0033498569391667843,-0.10323113948106766,-0.20970886945724487,0.0072510866448283195,10.863003730773926,9.362900733947754,9.933393478393555,9.666150093078613,0.013798828236758709,-0.03373046964406967,-0.012265625409781933,0.026064453646540642,0.0,0.00723943579941988,-0.031363874673843384,-0.008650082163512707,0.02962588705122471,0.0,-0.3290267586708069,0.5619714856147766,-9.269548416137695,-0.06273071467876434,0.11365466564893723,-7.21962308883667,0.0,0.0,0.0,0.0,0.0,0.0,0.0,0.0,0.0,0.0,0.0,0.0,0.008398881182074547,-0.03322216495871544,-0.009881685487926006,0.03106033243238926,0.25638142228126526,0.22997808456420898,0.2402902990579605,0.2359980195760727,-0.5942128896713257,0.20126961171627045,0.12289327383041382,0.0,0.0,0.0,0.0,0.0,0.0,0.0
14047415523,0,0.0016205027932301164,-0.060805827379226685,-0.14823564887046814,6.569455581484362e-05,-0.04113857448101044,-0.8442511558532715,0.02117905579507351,-0.009471772238612175,-0.0009758795495145023,-0.003109632059931755,0.039334703236818314,-0.5,-0.012778806500136852,-0.026552293449640274,0.0005210241652093828,0.0,0.0,-0.0047828578390181065,-0.0065482184290885925,-0.002508842619135976,0.02144535444676876,0.09959405660629272,0.21327921748161316,-0.006215087603777647,-0.33742865920066833,0.6298873424530029,-39.744876861572266,0.11503589898347855,0.22323745489120483,-0.018705230206251144,-0.0036041324492543936,-0.10312284529209137,-0.2095179259777069,0.007895085960626602,10.930697441101074,9.300360679626465,9.879012107849121,9.645716667175293,0.013798828236758709,-0.032197266817092896,-0.012265625409781933,0.026064453646540642,0.0,0.009101304225623608,-0.03720233961939812,-0.010863371193408966,0.03505697101354599,0.0,-0.5763857960700989,-0.2794732451438904,-10.101943016052246,-0.06273071467876434,0.11365466564893723,-7.21962308883667,0.0,0.0,0.0,0.0,0.0,0.0,0.0,0.0,0.0,0.0,0.0,0.0,0.008023976348340511,-0.03297625854611397,-0.009476905688643456,0.030923662707209587,0.259689599275589,0.2272292673587799,0.2388148009777069,0.2341524213552475,-0.8146041035652161,-0.6059401035308838,0.13124310970306396,0.0,0.0,0.0,0.0,0.0,0.0,0.0
14056024181,0,0.0016205027932301164,-0.060805827379226685,-0.14823564887046814,6.569455581484362e-05,-0.04113857448101044,-0.8442511558532715,0.02117905579507351,-0.009471772238612175,-0.0009758795495145023,-0.0034539259504526854,0.03920707479119301,-0.5,-0.012778806500136852,-0.026552293449640274,0.0005210241652093828,0.0,0.0,-0.0047828578390181065,-0.026366455480456352,-0.011463424190878868,0.020468819886446,0.09959405660629272,0.21327921748161316,-0.006215087603777647,-0.4090719521045685,0.6880803108215332,-39.675376892089844,0.1474733203649521,0.2343628704547882,-0.017133761197328568,-0.003721522865816951,-0.10336535423994064,-0.20967939496040344,0.008177218958735466,10.941291809082031,9.35551929473877,9.75542163848877,9.634903907775879,0.012265625409781933,-0.032197266817092896,-0.010732421651482582,0.027597656473517418,0.0,0.008646182715892792,-0.04190700501203537,-0.010526593774557114,0.039850782603025436,0.0,-0.3118714988231659,0.22387324273586273,-10.078032493591309,-0.06135066598653793,0.1145249754190445,-7.226341247558594,0.0,0.0,0.0,0.0,0.0,0.0,0.0,0.0,0.0,0.0,0.0,0.0,0.007931503467261791,-0.033582840114831924,-0.009416031651198864,0.03158975765109062,0.2598986327648163,0.2283366471529007,0.23634611070156097,0.23393605649471283,-1.3433185815811157,-0.7537444233894348,0.04980134591460228,0.0,0.0,0.0,0.0,0.0,0.0,0.0
14066293871,0,0.002110372995957732,-0.060677967965602875,-0.14730215072631836,6.569455581484362e-05,-0.04113857448101044,-0.8442511558532715,0.025597799569368362,-0.00019058177713304758,-0.005788269452750683,-0.003763256361708045,0.03912452980875969,-0.5,-0.01380965020507574,-0.02689155749976635,0.0009175768354907632,0.0,0.0,-0.0047828578390181065,-0.020093118771910667,0.01562667079269886,0.023445794358849525,0.1095203310251236,0.21390768885612488,-0.006616929545998573,-0.4053090810775757,0.5260559320449829,-39.60272216796875,0.1474733203649521,0.2343628704547882,-0.017133761197328568,-0.003721522865816951,-0.10336535423994064,-0.20967939496040344,0.008177218958735466,10.962455749511719,9.363312721252441,9.991266250610352,9.540639877319336,0.013798828236758709,-0.03373046964406967,-0.010732421651482582,0.029130859300494194,0.0,0.003525250591337681,-0.03560735285282135,-0.00467766122892499,0.034096796065568924,0.0,-0.5195832252502441,-0.023604480549693108,-9.885002136230469,-0.07437671720981598,0.12510551512241364,-7.213704586029053,0.0,0.0,0.0,0.0,0.0,0.0,0.0,0.0,0.0,0.0,0.0,0.0,0.0078026601113379,-0.03490954637527466,-0.009336736984550953,0.032955143600702286,0.2598986327648163,0.2283366471529007,0.23634611070156097,0.23393605649471283,0.146033376455307,0.8199976682662964,0.17293784022331238,0.0,0.0,0.0,0.0,0.0,0.0,0.0
14076288964,0,0.002110372995957732,-0.060677967965602875,-0.14730215072631836,6.569455581484362e-05,-0.04113857448101044,-0.8442511558532715,0.025597799569368362,-0.00019058177713304758,-0.005788269452750683,-0.00466771237552166,0.03873933106660843,-0.5,-0.01380965020507574,-0.02689155749976635,0.0009175768354907632,0.0,0.0,-0.0047828578390181065,-0.020093118771910667,0.01562667079269886,0.023445794358849525,0.1095203310251236,0.21390768885612488,-0.006616929545998573,-0.41542619466781616,0.5064895153045654,-39.847312927246094,0.12907856702804565,0.18309366703033447,-0.020565509796142578,-0.00401304941624403,-0.10426615178585052,-0.20981423556804657,0.008854404091835022,10.962455749511719,9.363312721252441,9.991266250610352,9.540639877319336,0.013798828236758709,-0.03373046964406967,-0.009199218824505806,0.03066406212747097,0.0,0.0025390067603439093,-0.035284195095300674,-0.0036589789669960737,0.033713191747665405,0.0,-0.5195832252502441,-0.023604480549693108,-9.885002136230469,-0.05894181877374649,0.10246065258979797,-7.21281099319458,0.0,0.0,0.0,0.0,0.0,0.0,0.0,0.0,0.0,0.0,0.0,0.0,0.007140735629945993,-0.03596650809049606,-0.008660840801894665,0.03408506512641907,0.26031628251075745,0.22849303483963013,0.24105402827262878,0.23204869031906128,0.146033376455307,0.8199976682662964,0.17293784022331238,0.0,0.0,0.0,0.0,0.0,0.0,0.0
14086273063,0,0.0023995391093194485,-0.06050814315676689,-0.14677268266677856,6.569455581484362e-05,-0.04113857448101044,-0.8442511558532715,0.018016062676906586,-0.004224733915179968,-0.006150199566036463,-0.004941524472087622,0.038508810102939606,-0.5,-0.013126858510077,-0.02614568918943405,0.0015986105427145958,0.0,0.0,-0.0047828578390181065,-0.020093118771910667,0.01562667079269886,0.023445794358849525,0.09845059365034103,0.21052512526512146,-0.007691164501011372,-0.41542619466781616,0.5064895153045654,-39.847312927246094,0.12907856702804565,0.18309366703033447,-0.020565509796142578,-0.00401304941624403,-0.10426615178585052,-0.20981423556804657,0.008854404091835022,10.962455749511719,9.363312721252441,9.991266250610352,9.540639877319336,0.012265625409781933,-0.03526367247104645,-0.009199218824505806,0.03066406212747097,0.0,0.0025390067603439093,-0.035284195095300674,-0.0036589789669960737,0.033713191747665405,0.0,-0.5822601318359375,0.07235366851091385,-9.850789070129395,-0.05484091863036156,0.10752701759338379,-7.219578266143799,0.0,0.0,0.0,0.0,0.0,0.0,0.0,0.0,0.0,0.0,0.0,0.0,0.00601154612377286,-0.036375340074300766,-0.0074524409137666225,0.034589849412441254,0.26031628251075745,0.22849303483963013,0.24105402827262878,0.23204869031906128,0.146033376455307,0.8199976682662964,0.17293784022331238,0.0,0.0,0.0,0.0,0.0,0.0,0.0
14096487945,0,0.0025364444591104984,-0.06039288267493248,-0.14650407433509827,6.569455581484362e-05,-0.04113857448101044,-0.8442511558532715,0.015677282586693764,-0.00694036902859807,-0.006307961884886026,-0.004941524472087622,0.038508810102939606,-0.5,-0.013185149058699608,-0.026163503527641296,0.0016406344948336482,0.0,0.0,-0.0047828578390181065,0.02554577961564064,-0.01321148406714201,0.02198229357600212,0.09845059365034103,0.21052512526512146,-0.007691164501011372,-0.31595468521118164,0.5808565616607666,-39.68148422241211,0.07440809905529022,0.20637767016887665,-0.01674385368824005,-0.00431087939068675,-0.1043124794960022,-0.20953267812728882,0.009558137506246567,10.832869529724121,9.211328506469727,9.88701343536377,9.761259078979492,0.010732421651482582,-0.036796875298023224,-0.009199218824505806,0.03066406212747097,0.0,0.008213176392018795,-0.03493760898709297,-0.009946811012923717,0.03200797364115715,0.0,-0.26058441400527954,-0.5274185538291931,-10.074055671691895,-0.05484091863036156,0.10752701759338379,-7.219578266143799,0.0,0.0,0.0,0.0,0.0,0.0,0.0,0.0,0.0,0.0,0.0,0.0,0.005077178589999676,-0.03635907545685768,-0.006448207423090935,0.03459767624735832,0.25679880380630493,0.22727836668491364,0.2393943965435028,0.23568543791770935,1.0486148595809937,-1.0636590719223022,-0.036445826292037964,0.0,0.0,0.0,0.0,0.0,0.0,0.0
14105954829,0,0.0025364444591104984,-0.06039288267493248,-0.14650407433509827,6.569455581484362e-05,-0.04113857448101044,-0.8442511558532715,0.015677282586693764,-0.00694036902859807,-0.006307961884886026,-0.004941524472087622,0.038508810102939606,-0.5,-0.013185149058699608,-0.026163503527641296,0.0016406344948336482,0.0,0.0,-0.0047828578390181065,0.02554577961564064,-0.01321148406714201,0.02198229357600212,0.09845059365034103,0.21052512526512146,-0.007691164501011372,-0.31595468521118164,0.5808565616607666,-39.68148422241211,0.06449834257364273,0.23871473968029022,-0.017550919204950333,-0.0044564842246472836,-0.10401145368814468,-0.20964168012142181,0.00987626239657402,10.832869529724121,9.211328506469727,9.88701343536377,9.761259078979492,0.010732421651482582,-0.03526367247104645,-0.009199218824505806,0.03066406212747097,0.0,0.008198565803468227,-0.03495480865240097,-0.009962820447981358,0.03199175372719765,0.0,-0.26058441400527954,-0.5274185538291931,-10.074055671691895,-0.05484091863036156,0.10752701759338379,-7.219578266143799,0.0,0.0,0.0,0.0,0.0,0.0,0.0,0.0,0.0,0.0,0.0,0.0,0.004933888092637062,-0.03610555827617645,-0.006310570985078812,0.034201569855213165,0.25775736570358276,0.2254400998353958,0.23897431790828705,0.23646295070648193,1.0486148595809937,-1.0636590719223022,-0.036445826292037964,0.0,0.0,0.0,0.0,0.0,0.0,0.0
14116363387,0,0.002794693224132061,-0.06018202751874924,-0.14597079157829285,6.569455581484362e-05,-0.04113857448101044,-0.8442511558532715,0.022478893399238586,-0.007157720625400543,-0.006307796575129032,-0.005458024796098471,0.03808709606528282,-0.5,-0.012684197165071964,-0.02701093629002571,0.0019282379653304815,0.0,0.0,-0.0047828578390181065,0.013523934409022331,-0.026836421340703964,0.021106019616127014,0.10117948800325394,0.21644437313079834,-0.008283785544335842,-0.36485588550567627,0.48036038875579834,-39.798675537109375,0.10664158314466476,0.23752640187740326,-0.01432093046605587,-0.004814422223716974,-0.10401145368814468,-0.20964168012142181,0.00987626239657402,10.845624923706055,9.38711166381836,9.770998001098633,9.806628227233887,0.012265625409781933,-0.03526367247104645,-0.009199218824505806,0.03066406212747097,0.0,0.003282794263213873,-0.03239711746573448,-0.004715003538876772,0.029943004250526428,0.0,-0.3400754928588867,0.45915329456329346,-9.968498229980469,-0.070350281894207,0.10675159096717834,-7.233692169189453,0.0,0.0,0.0,0.0,0.0,0.0,0.0,0.0,0.0,0.0,0.0,0.0,0.005239738151431084,-0.03564974293112755,-0.006673989351838827,0.03350522741675377,0.25775736570358276,0.2254400998353958,0.23897431790828705,0.23646295070648193,-0.07659054547548294,-1.1239534616470337,-0.1026124358177185,0.0,0.0,0.0,0.0,0.0,0.0,0.0
14126302483,0,0.002993173198774457,-0.06002670153975487,-0.14552396535873413,6.569455581484362e-05,-0.04113857448101044,-0.8442511558532715,0.018980197608470917,-0.0006811742205172777,-0.010172189213335514,-0.005854986608028412,0.03777644410729408,-0.5,-0.012458317913115025,-0.027197301387786865,0.0024453059304505587,0.0,0.0,-0.0047828578390181065,0.013523934409022331,-0.026836421340703964,0.021106019616127014,0.10117948800325394,0.21644437313079834,-0.008283785544335842,-0.36485588550567627,0.48036038875579834,-39.798675537109375,0.10664158314466476,0.23752640187740326,-0.01432093046605587,-0.004814422223716974,-0.10361026972532272,-0.2104453444480896,0.010570365935564041,10.845624923706055,9.38711166381836,9.770998001098633,9.806628227233887,0.012265625409781933,-0.03526367247104645,-0.009199218824505806,0.032197266817092896,0.0,0.003282794263213873,-0.03239711746573448,-0.004715003538876772,0.029943004250526428,0.0,-0.10305818170309067,0.666211724281311,-9.913850784301758,-0.06417838484048843,0.09295292943716049,-7.219624996185303,0.0,0.0,0.0,0.0,0.0,0.0,0.0,0.0,0.0,0.0,0.0,0.0,0.005255823023617268,-0.0349433608353138,-0.006733328569680452,0.03259994462132454,0.25800949335098267,0.22897066175937653,0.23665755987167358,0.23736953735351562,-0.07659054547548294,-1.1239534616470337,-0.1026124358177185,0.0,0.0,0.0,0.0,0.0,0.0,0.0
14136925346,0,0.002993173198774457,-0.06002670153975487,-0.14552396535873413,6.569455581484362e-05,-0.04113857448101044,-0.8442511558532715,0.018980197608470917,-0.0006811742205172777,-0.010172189213335514,-0.005854986608028412,0.03777644410729408,-0.5,-0.012458317913115025,-0.027197301387786865,0.0024453059304505587,0.0,0.0,-0.0047828578390181065,-0.005655637476593256,-0.005196110345423222,0.02172757498919964,0.10771004855632782,0.21355865895748138,-0.008339847438037395,-0.32235848903656006,0.5425739288330078,-39.86622619628906,0.11364799737930298,0.21325258910655975,-0.018030580133199692,-0.005000490229576826,-0.1036609560251236,-0.21069756150245667,0.010894034057855606,10.92902660369873,9.359331130981445,9.906657218933105,9.68312931060791,0.012265625409781933,-0.036796875298023224,-0.009199218824505806,0.032197266817092896,0.0,0.006626675836741924,-0.03326012194156647,-0.00840790569782257,0.031024331226944923,0.0,-0.16076891124248505,0.4202481806278229,-9.529380798339844,-0.06417838484048843,0.09295292943716049,-7.219624996185303,0.0,0.0,0.0,0.0,0.0,0.0,0.0,0.0,0.0,0.0,0.0,0.0,0.005053915549069643,-0.034165915101766586,-0.006560437381267548,0.03171432390809059,0.25965648889541626,0.22841307520866394,0.23936662077903748,0.2349008321762085,-0.5954789519309998,0.5360788106918335,0.01839333027601242,0.0,0.0,0.0,0.0,0.0,0.0,0.0
14146495885,0,0.0030947192572057247,-0.05995345860719681,-0.14528793096542358,6.569455581484362e-05,-0.04113857448101044,-0.8442511558532715,0.0160837322473526,-0.003493035677820444,-0.007555567193776369,-0.006058079656213522,0.03762995824217796,-0.5,-0.01272011548280716,-0.026871394366025925,0.0027307404670864344,0.0,0.0,-0.0047828578390181065,0.013980125077068806,0.005092773586511612,0.028677767142653465,0.10203757137060165,0.21341726183891296,-0.008735276758670807,-0.3556055724620819,0.5621351599693298,-40.40689468383789,0.11364799737930298,0.21325258910655975,-0.018030580133199692,-0.005000490229576826,-0.1036609560251236,-0.21069756150245667,0.010894034057855606,11.176834106445312,9.256714820861816,10.306314468383789,9.678627014160156,0.010732421651482582,-0.038330078125,-0.009199218824505806,0.032197266817092896,0.0,0.006046820431947708,-0.03564715385437012,-0.007612352725118399,0.03296881169080734,0.0,-0.21930661797523499,0.24832862615585327,-9.391257286071777,-0.05861063674092293,0.09864980727434158,-7.248404502868652,0.0,0.0,0.0,0.0,0.0,0.0,0.0,0.0,0.0,0.0,0.0,0.0,0.0050638229586184025,-0.033686716109514236,-0.0066092549823224545,0.031191259622573853,0.25965648889541626,0.22841307520866394,0.23936662077903748,0.2349008321762085,0.7290107607841492,0.3414948582649231,0.2252282351255417,0.0,0.0,0.0,0.0,0.0,0.0,0.0
14156180851,0,0.0034049926325678825,-0.05954056978225708,-0.14436282217502594,6.569455581484362e-05,-0.04113857448101044,-0.8442511558532715,0.025172241032123566,-0.005659020971506834,0.011781128123402596,-0.006678629666566849,0.03680417314171791,-0.5,-0.012580735608935356,-0.026715561747550964,0.003402919974178076,0.0,0.0,-0.0047828578390181065,0.013980125077068806,0.005092773586511612,0.028677767142653465,0.10203757137060165,0.21341726183891296,-0.008735276758670807,-0.3556055724620819,0.5621351599693298,-40.40689468383789,0.07306049019098282,0.20495761930942535,-0.025568271055817604,-0.005364499986171722,-0.10364490747451782,-0.21073834598064423,0.011672360822558403,11.176834106445312,9.256714820861816,10.306314468383789,9.678627014160156,0.009199218824505806,-0.03526367247104645,-0.0076660155318677425,0.032197266817092896,0.0,0.006011417135596275,-0.03568992763757706,-0.007650747895240784,0.03292791172862053,0.0,-0.21930661797523499,0.24832862615585327,-9.391257286071777,-0.0789404809474945,0.10190626978874207,-7.411564350128174,0.0,0.0,0.0,0.0,0.0,0.0,0.0,0.0,0.0,0.0,0.0,0.0,0.005275201518088579,-0.03370464965701103,-0.006856834050267935,0.031170429661870003,0.2645416855812073,0.22635222971439362,0.24732409417629242,0.23481085896492004,0.7290107607841492,0.3414948582649231,0.2252282351255417,0.0,0.0,0.0,0.0,0.0,0.0,0.0
14166732967,0,0.0034049926325678825,-0.05954056978225708,-0.14436282217502594,6.569455581484362e-05,-0.04113857448101044,-0.8442511558532715,0.025172241032123566,-0.005659020971506834,0.011781128123402596,-0.006678629666566849,0.03680417314171791,-0.5,-0.012580735608935356,-0.026715561747550964,0.003402919974178076,0.0,0.0,-0.0047828578390181065,0.013980125077068806,0.005092773586511612,0.028677767142653465,0.09964882582426071,0.2125469148159027,-0.00962020456790924,-0.4167728126049042,0.45748043060302734,-40.4457893371582,0.08628358691930771,0.22369268536567688,-0.02148349955677986,-0.0057906112633645535,-0.10326807200908661,-0.21085335314273834,0.0125257708132267,11.134346961975098,9.35982894897461,10.163991928100586,9.800305366516113,0.004599609412252903,-0.03373046964406967,-0.006132812704890966,0.03066406212747097,0.0,0.0007273168303072453,-0.033702436834573746,-0.0020352709107100964,0.03090202435851097,0.0,-0.6851035356521606,-0.2841714024543762,-9.997045516967773,-0.0789404809474945,0.10190626978874207,-7.411564350128174,0.0,0.0,0.0,0.0,0.0,0.0,0.0,0.0,0.0,0.0,0.0,0.0,0.00527288019657135,-0.03398614749312401,-0.006864272523671389,0.03139291703701019,0.2637051045894623,0.228423073887825,0.24449418485164642,0.23724313080310822,0.7290107607841492,0.3414948582649231,0.2252282351255417,0.0,0.0,0.0,0.0,0.0,0.0,0.0
14176087898,0,0.0036250026896595955,-0.05922509357333183,-0.1436711996793747,6.569455581484362e-05,-0.04113857448101044,-0.8442511558532715,0.018458515405654907,0.0006227625999599695,-0.0013227007584646344,-0.007118652109056711,0.036173220723867416,-0.5,-0.012054063379764557,-0.02705639973282814,0.003920514602214098,0.0,0.0,-0.0047828578390181065,-0.012596309185028076,-0.00346060236915946,0.026443812996149063,0.10564827919006348,0.2130853831768036,-0.010256667621433735,-0.4167728126049042,0.45748043060302734,-40.4457893371582,0.08628358691930771,0.22369268536567688,-0.02148349955677986,-0.0057906112633645535,-0.10326807200908661,-0.21085335314273834,0.0125257708132267,11.134346961975098,9.35982894897461,10.163991928100586,9.800305366516113,0.006132812704890966,-0.03373046964406967,-0.006132812704890966,0.03066406212747097,0.0,0.0007273168303072453,-0.033702436834573746,-0.0020352709107100964,0.03090202435851097,0.0,-0.6851035356521606,-0.2841714024543762,-9.997045516967773,-0.06612136960029602,0.08728908002376556,-7.318265438079834,0.0,0.0,0.0,0.0,0.0,0.0,0.0,0.0,0.0,0.0,0.0,0.0,0.004676723387092352,-0.03416392207145691,-0.006235901266336441,0.03150521218776703,0.2637051045894623,0.228423073887825,0.24449418485164642,0.23724313080310822,-0.9474247097969055,-0.10955870151519775,0.023895729333162308,0.0,0.0,0.0,0.0,0.0,0.0,0.0
14186288007,0,0.0036250026896595955,-0.05922509357333183,-0.1436711996793747,6.569455581484362e-05,-0.04113857448101044,-0.8442511558532715,0.018458515405654907,0.0006227625999599695,-0.0013227007584646344,-0.007118652109056711,0.036173220723867416,-0.5,-0.012054063379764557,-0.02705639973282814,0.003920514602214098,0.0,0.0,-0.0047828578390181065,-0.012596309185028076,-0.00346060236915946,0.026443812996149063,0.10564827919006348,0.2130853831768036,-0.010256667621433735,-0.3636675477027893,0.48008993268013,-40.25046157836914,0.12487635761499405,0.21797820925712585,-0.021940264850854874,-0.005981475580483675,-0.10331760346889496,-0.21096530556678772,0.012873201631009579,11.1478271484375,9.36758041381836,10.075383186340332,9.672410011291504,0.0076660155318677425,-0.03526367247104645,-0.009199218824505806,0.03066406212747097,0.0,0.0031091258861124516,-0.03254508227109909,-0.004730667918920517,0.030174072831869125,0.0,-0.39561837911605835,-0.6235265135765076,-10.052928924560547,-0.06612136960029602,0.08728908002376556,-7.318265438079834,0.0,0.0,0.0,0.0,0.0,0.0,0.0,0.0,0.0,0.0,0.0,0.0,0.00376463052816689,-0.034112803637981415,-0.005276073701679707,0.03141555190086365,0.2639705538749695,0.22857879102230072,0.24273011088371277,0.2346864640712738,-0.9474247097969055,-0.10955870151519775,0.023895729333162308,0.0,0.0,0.0,0.0,0.0,0.0,0.0
14196281206,0,0.0037494339048862457,-0.0590730719268322,-0.1433592587709427,6.569455581484362e-05,-0.04113857448101044,-0.8442511558532715,0.009631296619772911,-0.009171923622488976,-0.001282034907490015,-0.007367515470832586,0.03586917370557785,-0.5,-0.012981939129531384,-0.0268231388181448,0.004114372190088034,0.0,0.0,-0.0047828578390181065,-0.03196508437395096,0.005304501857608557,0.02449185587465763,0.10280580073595047,0.2134220153093338,-0.010466564446687698,-0.2677192986011505,0.5895165205001831,-40.296199798583984,0.15683779120445251,0.19991986453533173,-0.01916610077023506,-0.006177130155265331,-0.10331760346889496,-0.21096530556678772,0.012873201631009579,11.111405372619629,9.52415657043457,9.995741844177246,9.676534652709961,0.010732421651482582,-0.03526367247104645,-0.009199218824505806,0.032197266817092896,0.0,0.009635135531425476,-0.03253281116485596,-0.012054100632667542,0.030631905421614647,0.0,-0.9817458391189575,0.4336130619049072,-10.035045623779297,-0.04867623746395111,0.10718481987714767,-7.326581954956055,0.0,0.0,0.0,0.0,0.0,0.0,0.0,0.0,0.0,0.0,0.0,0.0,0.0033862730488181114,-0.033851198852062225,-0.0049168760888278484,0.031197072938084602,0.2639705538749695,0.22857879102230072,0.24273011088371277,0.2346864640712738,-1.4722861051559448,0.40258893370628357,-0.09006521850824356,0.0,0.0,0.0,0.0,0.0,0.0,0.0
14206124677,0,0.0038887239061295986,-0.05888054892420769,-0.14307072758674622,6.569455581484362e-05,-0.04113857448101044,-0.8442511558532715,0.005933841690421104,-0.004660995677113533,-0.0008535720407962799,-0.007646096870303154,0.03548412770032883,-0.5,-0.013905070722103119,-0.0262965876609087,0.004150948487222195,0.0,0.0,-0.0047828578390181065,-0.02924071066081524,0.015164364129304886,0.021477598696947098,0.10335918515920639,0.21112939715385437,-0.010820609517395496,-0.2276996672153473,0.5408816337585449,-40.35890197753906,0.1446983367204666,0.18568512797355652,-0.01574545167386532,-0.0064100041054189205,-0.10331760346889496,-0.21096530556678772,0.012873201631009579,11.001652717590332,9.627259254455566,9.965340614318848,9.774967193603516,0.010732421651482582,-0.03373046964406967,-0.009199218824505806,0.032197266817092896,0.0,0.009431371465325356,-0.02895328961312771,-0.011810601688921452,0.027089552953839302,0.0,-0.579643964767456,0.32435956597328186,-9.630881309509277,-0.041399940848350525,0.09834211319684982,-7.337982177734375,0.0,0.0,0.0,0.0,0.0,0.0,0.0,0.0,0.0,0.0,0.0,0.0,0.004042821004986763,-0.03331468999385834,-0.005708153825253248,0.030800797045230865,0.2639705538749695,0.22857879102230072,0.24273011088371277,0.2346864640712738,-0.6863839030265808,0.6956428289413452,-0.19455991685390472,0.0,0.0,0.0,0.0,0.0,0.0,0.0
14216252469,0,0.0038887239061295986,-0.05888054892420769,-0.14307072758674622,6.569455581484362e-05,-0.04113857448101044,-0.8442511558532715,0.005933841690421104,-0.004660995677113533,-0.0008535720407962799,-0.007646096870303154,0.03548412770032883,-0.5,-0.013905070722103119,-0.0262965876609087,0.004150948487222195,0.0,0.0,-0.0047828578390181065,-0.015082305297255516,0.008062454871833324,0.021322470158338547,0.10335918515920639,0.21112939715385437,-0.010820609517395496,-0.33556652069091797,0.4615227282047272,-40.57307052612305,0.11631756275892258,0.20322906970977783,-0.01642511412501335,-0.0066459449008107185,-0.10428591072559357,-0.21085485816001892,0.013876304030418396,11.055266380310059,9.593517303466797,10.052864074707031,9.881853103637695,0.009199218824505806,-0.03526367247104645,-0.0076660155318677425,0.032197266817092896,0.0,0.003374722320586443,-0.030132973566651344,-0.005148416385054588,0.0277908556163311,0.0,0.018324414268136024,-0.1319783478975296,-9.746109008789062,-0.041399940848350525,0.09834211319684982,-7.337982177734375,0.0,0.0,0.0,0.0,0.0,0.0,0.0,0.0,0.0,0.0,0.0,0.0,0.005090049467980862,-0.032465580850839615,-0.0069272760301828384,0.030116844922304153,0.2621467411518097,0.23310767114162445,0.24228161573410034,0.23887145519256592,0.2178964912891388,0.025968246161937714,-0.12126349657773972,0.0,0.0,0.0,0.0,0.0,0.0,0.0
14227113131,0,0.004121359437704086,-0.05839302018284798,-0.14254377782344818,6.569455581484362e-05,-0.04113857448101044,-0.8442511558532715,0.024954302236437798,0.0011566819157451391,0.000214179846807383,-0.008111370727419853,0.03450906276702881,-0.5,-0.013060634955763817,-0.026586385443806648,0.004604943562299013,0.0,0.0,-0.0047828578390181065,0.03355827182531357,-0.017340239137411118,0.02261449582874775,0.10545394569635391,0.2110588699579239,-0.011229070834815502,-0.35647863149642944,0.5051678419113159,-40.055259704589844,0.04378039017319679,0.24283728003501892,-0.018208922818303108,-0.007093518972396851,-0.10427414625883102,-0.21092480421066284,0.014202531427145004,10.91887092590332,9.248627662658691,10.020275115966797,9.879422187805176,0.0076660155318677425,-0.036796875298023224,-0.006132812704890966,0.03066406212747097,0.0,0.0041084252297878265,-0.03377882018685341,-0.0060158297419548035,0.03005969524383545,0.0,-0.21137554943561554,-0.4158770442008972,-9.666461944580078,-0.08080347627401352,0.08419441431760788,-7.355194091796875,0.0,0.0,0.0,0.0,0.0,0.0,0.0,0.0,0.0,0.0,0.0,0.0,0.0056018163450062275,-0.031731318682432175,-0.007545961532741785,0.02942357026040554,0.2621467411518097,0.23310767114162445,0.24228161573410034,0.23887145519256592,1.6874860525131226,-0.8643484711647034,-0.03933025896549225,0.0,0.0,0.0,0.0,0.0,0.0,0.0
14236199456,0,0.004370140843093395,-0.05767139792442322,-0.14186415076255798,6.569455581484362e-05,-0.04113857448101044,-0.8442511558532715,0.0091857286170125,-0.007954155094921589,-0.01052927877753973,-0.00860893540084362,0.033065810799598694,-0.5,-0.011954763904213905,-0.027129817754030228,0.005377976689487696,0.0,0.0,-0.0047828578390181065,0.03355827182531357,-0.017340239137411118,0.02261449582874775,0.09458218514919281,0.21586911380290985,-0.011997060850262642,-0.35647863149642944,0.5051678419113159,-40.055259704589844,0.04378039017319679,0.24283728003501892,-0.018208922818303108,-0.007093518972396851,-0.10393860936164856,-0.21113143861293793,0.014496469870209694,10.91887092590332,9.248627662658691,10.020275115966797,9.879422187805176,0.006132812704890966,-0.036796875298023224,-0.004599609412252903,0.029130859300494194,0.0,0.0041084252297878265,-0.03377882018685341,-0.0060158297419548035,0.03005969524383545,0.0,-0.21137554943561554,-0.4158770442008972,-9.666461944580078,-0.05019674822688103,0.09817829728126526,-7.302157878875732,0.0,0.0,0.0,0.0,0.0,0.0,0.0,0.0,0.0,0.0,0.0,0.0,0.005544091109186411,-0.03157982975244522,-0.007527872920036316,0.029095323756337166,0.2594558894634247,0.22618983685970306,0.24163228273391724,0.2388228178024292,1.6874860525131226,-0.8643484711647034,-0.03933025896549225,0.0,0.0,0.0,0.0,0.0,0.0,0.0
14247452645,0,0.004440476652234793,-0.05744167044758797,-0.141649529337883,6.569455581484362e-05,-0.04113857448101044,-0.8442511558532715,0.0072343298234045506,-0.013705277815461159,-0.002259952714666724,-0.00874960795044899,0.03260635584592819,-0.5,-0.012326083146035671,-0.02658199891448021,0.005293137859553099,0.0,0.0,-0.0047828578390181065,0.019775139167904854,0.0013872489798814058,0.014068820513784885,0.0975467711687088,0.2115187793970108,-0.01189330592751503,-0.25551703572273254,0.601446270942688,-40.56218338012695,0.07403460144996643,0.20492681860923767,-0.008090397343039513,-0.007588911801576614,-0.10295049101114273,-0.21165986359119415,0.015026676468551159,10.781952857971191,9.732122421264648,9.904383659362793,10.155723571777344,0.006132812704890966,-0.036796875298023224,-0.004599609412252903,0.029130859300494194,0.0,0.01057858020067215,-0.03198522329330444,-0.013181742280721664,0.029025480151176453,0.0,0.1269097477197647,0.3369472622871399,-9.626395225524902,-0.046457644551992416,0.10935386270284653,-7.374942302703857,0.0,0.0,0.0,0.0,0.0,0.0,0.0,0.0,0.0,0.0,0.0,0.0,0.005549261346459389,-0.03182835504412651,-0.0075705405324697495,0.029064128175377846,0.2594558894634247,0.22618983685970306,0.24163228273391724,0.2388228178024292,-0.2664741575717926,0.6683288216590881,-0.3846781551837921,0.0,0.0,0.0,0.0,0.0,0.0,0.0
14256536233,0,0.004440476652234793,-0.05744167044758797,-0.141649529337883,6.569455581484362e-05,-0.04113857448101044,-0.8442511558532715,0.0072343298234045506,-0.013705277815461159,-0.002259952714666724,-0.00874960795044899,0.03260635584592819,-0.5,-0.012326083146035671,-0.02658199891448021,0.005293137859553099,0.0,0.0,-0.0047828578390181065,0.019775139167904854,0.0013872489798814058,0.014068820513784885,0.0975467711687088,0.2115187793970108,-0.01189330592751503,-0.25551703572273254,0.601446270942688,-40.56218338012695,0.07403460144996643,0.20492681860923767,-0.008090397343039513,-0.007588911801576614,-0.10295049101114273,-0.21165986359119415,0.015026676468551159,10.781952857971191,9.732122421264648,9.904383659362793,10.155723571777344,0.006132812704890966,-0.036796875298023224,-0.004599609412252903,0.029130859300494194,0.0,0.01057858020067215,-0.03198522329330444,-0.013181742280721664,0.029025480151176453,0.0,0.1269097477197647,0.3369472622871399,-9.626395225524902,-0.046457644551992416,0.10935386270284653,-7.374942302703857,0.0,0.0,0.0,0.0,0.0,0.0,0.0,0.0,0.0,0.0,0.0,0.0,0.0061813704669475555,-0.03206226974725723,-0.008296368643641472,0.029089363291859627,0.25675106048583984,0.23588071763515472,0.23932106792926788,0.2443297952413559,-0.2664741575717926,0.6683288216590881,-0.3846781551837921,0.0,0.0,0.0,0.0,0.0,0.0,0.0
14266598677,0,0.004440476652234793,-0.05744167044758797,-0.141649529337883,6.569455581484362e-05,-0.04113857448101044,-0.8442511558532715,0.0072343298234045506,-0.013705277815461159,-0.002259952714666724,-0.00874960795044899,0.03260635584592819,-0.5,-0.012326083146035671,-0.02658199891448021,0.005293137859553099,0.0,0.0,-0.0047828578390181065,-0.010723238810896873,0.010572151280939579,0.011107489466667175,0.0975467711687088,0.2115187793970108,-0.01189330592751503,-0.3453750014305115,0.5340663194656372,-40.82752990722656,0.12781062722206116,0.19358466565608978,-0.006138981319963932,-0.007834683172404766,-0.10284925997257233,-0.2116098254919052,0.015146991237998009,10.865483283996582,9.947261810302734,9.855807304382324,10.171117782592773,0.006132812704890966,-0.036796875298023224,-0.006132812704890966,0.03066406212747097,0.0,0.005356114357709885,-0.032119423151016235,-0.007632978726178408,0.0297369547188282,0.0,0.11609812825918198,0.23884040117263794,-9.727517127990723,-0.046457644551992416,0.10935386270284653,-7.374942302703857,0.0,0.0,0.0,0.0,0.0,0.0,0.0,0.0,0.0,0.0,0.0,0.0,0.007062731776386499,-0.03216928243637085,-0.009298848919570446,0.029122808948159218,0.2584018409252167,0.24017655849456787,0.23835141956806183,0.24463613331317902,-1.5392166376113892,0.7136131525039673,-0.33877643942832947,0.0,0.0,0.0,0.0,0.0,0.0,0.0
14276320208,0,0.0046372548677027225,-0.056985918432474136,-0.14115965366363525,6.569455581484362e-05,-0.04113857448101044,-0.8442511558532715,0.02256500907242298,-0.0024709119461476803,0.007061116397380829,-0.009143166244029999,0.03169484809041023,-0.5,-0.012848642654716969,-0.02655220590531826,0.005423068534582853,0.0,0.0,-0.0047828578390181065,-0.04211553931236267,0.013885436579585075,0.015246262773871422,0.10844707489013672,0.2083091139793396,-0.012343643233180046,-0.38852715492248535,0.40680965781211853,-40.88389205932617,0.15980495512485504,0.193184956908226,-0.012866241857409477,-0.008248291909694672,-0.10366315394639969,-0.21135996282100677,0.015381371602416039,11.096321105957031,9.842822074890137,9.989286422729492,9.966716766357422,0.004599609412252903,-0.036796875298023224,-0.006132812704890966,0.03066406212747097,0.0,-0.00022545199317391962,-0.029483579099178314,-0.0015445895260199904,0.027317147701978683,0.0,-0.05396405607461929,0.9113174676895142,-9.890080451965332,-0.07855352014303207,0.08606504648923874,-7.4539899826049805,0.0,0.0,0.0,0.0,0.0,0.0,0.0,0.0,0.0,0.0,0.0,0.0,0.007164712529629469,-0.03208492323756218,-0.009459588676691055,0.029108135029673576,0.26295578479766846,0.23809216916561127,0.2410144954919815,0.24056443572044373,-1.3175078630447388,0.2844436764717102,0.02714819461107254,0.0,0.0,0.0,0.0,0.0,0.0,0.0
14286101252,0,0.004853138700127602,-0.056466467678546906,-0.14056991040706635,6.569455581484362e-05,-0.04113857448101044,-0.8442511558532715,0.015220782719552517,0.00871291384100914,1.3216820661909878e-05,-0.009574935771524906,0.030655939131975174,-0.5,-0.01320516224950552,-0.026376992464065552,0.005846182815730572,0.0,0.0,-0.0047828578390181065,-0.03363487124443054,0.009642969816923141,0.012603293173015118,0.10944469273090363,0.20831675827503204,-0.012586659751832485,-0.38852715492248535,0.40680965781211853,-40.88389205932617,0.15980495512485504,0.193184956908226,-0.012866241857409477,-0.008248291909694672,-0.10366315394639969,-0.21135996282100677,0.015381371602416039,11.096321105957031,9.842822074890137,9.989286422729492,9.966716766357422,0.004599609412252903,-0.036796875298023224,-0.0076660155318677425,0.027597656473517418,0.0,-0.00022545199317391962,-0.029483579099178314,-0.0015445895260199904,0.027317147701978683,0.0,-0.3843908905982971,0.43100592494010925,-10.111502647399902,-0.06436925381422043,0.06180436909198761,-7.410347938537598,0.0,0.0,0.0,0.0,0.0,0.0,0.0,0.0,0.0,0.0,0.0,0.0,0.0061086686328053474,-0.03168501332402229,-0.008358977735042572,0.028882062062621117,0.26295578479766846,0.23809216916561127,0.2410144954919815,0.24056443572044373,-0.1583816111087799,-0.09869235008955002,-0.13005825877189636,0.0,0.0,0.0,0.0,0.0,0.0,0.0
14296039538,0,0.004853138700127602,-0.056466467678546906,-0.14056991040706635,6.569455581484362e-05,-0.04113857448101044,-0.8442511558532715,0.015220782719552517,0.00871291384100914,1.3216820661909878e-05,-0.009574935771524906,0.030655939131975174,-0.5,-0.01320516224950552,-0.026376992464065552,0.005846182815730572,0.0,0.0,-0.0047828578390181065,-0.03363487124443054,0.009642969816923141,0.012603293173015118,0.10944469273090363,0.20831675827503204,-0.012586659751832485,-0.35403090715408325,0.33992403745651245,-40.75691223144531,0.1437968611717224,0.19944021105766296,-0.009125684387981892,-0.008488520048558712,-0.10426125675439835,-0.2112095057964325,0.0155289676040411,10.956174850463867,9.87027645111084,9.878910064697266,10.062860488891602,0.006132812704890966,-0.03526367247104645,-0.006132812704890966,0.027597656473517418,0.0,-0.0012973661068826914,-0.02579512633383274,-0.0004291064105927944,0.02346699871122837,0.0,-0.3843908905982971,0.43100592494010925,-10.111502647399902,-0.06436925381422043,0.06180436909198761,-7.410347938537598,0.0,0.0,0.0,0.0,0.0,0.0,0.0,0.0,0.0,0.0,0.0,0.0,0.004371026065200567,-0.03091195411980152,-0.006508783437311649,0.02830449305474758,0.26019230484962463,0.2386404126882553,0.23881259560585022,0.24248065054416656,-0.1583816111087799,-0.09869235008955002,-0.13005825877189636,0.0,0.0,0.0,0.0,0.0,0.0,0.0
14306138817,0,0.004992463625967503,-0.05616322532296181,-0.14026124775409698,6.569455581484362e-05,-0.04113857448101044,-0.8442511558532715,0.012041190639138222,0.007640467956662178,0.0015418992843478918,-0.009853587485849857,0.030049452558159828,-0.5,-0.01371625903993845,-0.02614695392549038,0.005911313928663731,0.0,0.0,-0.0047828578390181065,0.021630506962537766,-0.000370060617569834,0.008466607891023159,0.10185005515813828,0.21059350669384003,-0.012546336278319359,-0.40783417224884033,0.3973042368888855,-40.96367645263672,0.05596316233277321,0.2164793610572815,-0.005472179502248764,-0.008959614671766758,-0.10440637171268463,-0.21104829013347626,0.015635870397090912,10.808080673217773,9.851469993591309,9.947572708129883,10.368215560913086,0.004599609412252903,-0.03373046964406967,-0.006132812704890966,0.026064453646540642,0.0,-0.0012455179821699858,-0.029888121411204338,-0.0006047548959031701,0.02651883475482464,0.0,-0.7512364983558655,0.26411399245262146,-10.12000846862793,-0.05844268202781677,0.0632857233285904,-7.429436683654785,0.0,0.0,0.0,0.0,0.0,0.0,0.0,0.0,0.0,0.0,0.0,0.0,0.0025223009288311005,-0.029946528375148773,-0.004536531399935484,0.027446189895272255,0.2572675347328186,0.2382649928331375,0.240182563662529,0.24855367839336395,1.8539769649505615,-0.5245908498764038,-0.14987878501415253,0.0,0.0,0.0,0.0,0.0,0.0,0.0
14316141116,0,0.005274394527077675,-0.05552290380001068,-0.13969779014587402,6.569455581484362e-05,-0.04113857448101044,-0.8442511558532715,0.019333431497216225,0.0014929050812497735,0.0026717924047261477,-0.010417452082037926,0.02876880206167698,-0.5,-0.012746422551572323,-0.02609148994088173,0.006140327546745539,0.0,0.0,-0.0047828578390181065,0.021630506962537766,-0.000370060617569834,0.008466607891023159,0.09613343328237534,0.210863396525383,-0.012774167582392693,-0.40783417224884033,0.3973042368888855,-40.96367645263672,0.05596316233277321,0.2164793610572815,-0.005472179502248764,-0.008959614671766758,-0.10440637171268463,-0.21104829013347626,0.015635870397090912,10.808080673217773,9.851469993591309,9.947572708129883,10.368215560913086,0.003066406352445483,-0.03526367247104645,-0.006132812704890966,0.026064453646540642,0.0,-0.0012455179821699858,-0.029888121411204338,-0.0006047548959031701,0.02651883475482464,0.0,-0.06841420382261276,-0.44974181056022644,-9.889955520629883,-0.0741516649723053,0.07223713397979736,-7.447940826416016,0.0,0.0,0.0,0.0,0.0,0.0,0.0,0.0,0.0,0.0,0.0,0.0,0.0009154185536317527,-0.029272127896547318,-0.0028329312335699797,0.02671215496957302,0.2572675347328186,0.2382649928331375,0.240182563662529,0.24855367839336395,1.8539769649505615,-0.5245908498764038,-0.14987878501415253,0.0,0.0,0.0,0.0,0.0,0.0,0.0
14326173789,0,0.005274394527077675,-0.05552290380001068,-0.13969779014587402,6.569455581484362e-05,-0.04113857448101044,-0.8442511558532715,0.019333431497216225,0.0014929050812497735,0.0026717924047261477,-0.010417452082037926,0.02876880206167698,-0.5,-0.012746422551572323,-0.02609148994088173,0.006140327546745539,0.0,0.0,-0.0047828578390181065,0.021630506962537766,-0.000370060617569834,0.008466607891023159,0.09613343328237534,0.210863396525383,-0.012774167582392693,-0.40783417224884033,0.3973042368888855,-40.96367645263672,0.05596316233277321,0.2164793610572815,-0.005472179502248764,-0.008959614671766758,-0.10440637171268463,-0.21104829013347626,0.015635870397090912,10.808080673217773,9.851469993591309,9.947572708129883,10.368215560913086,0.003066406352445483,-0.03373046964406967,-0.0076660155318677425,0.027597656473517418,0.0,-0.0012455179821699858,-0.029888121411204338,-0.0006047548959031701,0.02651883475482464,0.0,-0.06841420382261276,-0.44974181056022644,-9.889955520629883,-0.0741516649723053,0.07223713397979736,-7.447940826416016,0.0,0.0,0.0,0.0,0.0,0.0,0.0,0.0,0.0,0.0,0.0,0.0,-0.000273617246421054,-0.02905411832034588,-0.0015839210245758295,0.02631547302007675,0.2572675347328186,0.2382649928331375,0.240182563662529,0.24855367839336395,1.8539769649505615,-0.5245908498764038,-0.14987878501415253,0.0,0.0,0.0,0.0,0.0,0.0,0.0
14336191198,0,0.005532183684408665,-0.054947685450315475,-0.13933423161506653,6.569455581484362e-05,-0.04113857448101044,-0.8442511558532715,0.01906302571296692,0.0016391715034842491,-0.010942432098090649,-0.01093303319066763,0.02761835977435112,-0.5,-0.012116827070713043,-0.026981769129633904,0.006204892415553331,0.0,0.0,-0.0047828578390181065,0.013794751837849617,-0.007673925720155239,0.0072042024694383144,0.09583739191293716,0.21471072733402252,-0.012987693771719933,-0.4119051396846771,0.37810882925987244,-40.484554290771484,0.08709300309419632,0.21681301295757294,-0.004364624619483948,-0.00938188936561346,-0.10381480306386948,-0.21139408648014069,0.01570943556725979,10.707378387451172,9.807451248168945,9.753460884094238,10.225665092468262,0.006132812704890966,-0.03066406212747097,-0.006132812704890966,0.029130859300494194,0.0,-0.0020683440379798412,-0.02952367253601551,0.00017953508358914405,0.02632058411836624,0.0,-0.5744826793670654,-0.1139855906367302,-9.51382064819336,-0.0748918429017067,0.06874705851078033,-7.360827922821045,0.0,0.0,0.0,0.0,0.0,0.0,0.0,0.0,0.0,0.0,0.0,0.0,-0.0010757000418379903,-0.029083985835313797,-0.0007527790730819106,0.026148758828639984,0.25527623295783997,0.23738574981689453,0.23630701005458832,0.24572108685970306,0.12852166593074799,-0.12435194849967957,-0.15074250102043152,0.0,0.0,0.0,0.0,0.0,0.0,0.0
14346035777,0,0.005532183684408665,-0.054947685450315475,-0.13933423161506653,6.569455581484362e-05,-0.04113857448101044,-0.8442511558532715,0.01906302571296692,0.0016391715034842491,-0.010942432098090649,-0.01093303319066763,0.02761835977435112,-0.5,-0.012116827070713043,-0.026981769129633904,0.006204892415553331,0.0,0.0,-0.0047828578390181065,0.00269669434055686,-0.005969745106995106,0.0076818340457975864,0.09583739191293716,0.21471072733402252,-0.012987693771719933,-0.4045120179653168,0.3119174540042877,-40.20126724243164,0.10485925525426865,0.2162819653749466,-0.005697966553270817,-0.00960273202508688,-0.10362157225608826,-0.2115701586008072,0.015703832730650902,10.696269989013672,9.731501579284668,9.689590454101562,10.093216896057129,0.006132812704890966,-0.032197266817092896,-0.004599609412252903,0.026064453646540642,0.0,-0.004036452155560255,-0.027104362845420837,0.002301373751834035,0.02406385913491249,0.0,-0.041671138256788254,0.44329503178596497,-9.593238830566406,-0.0748918429017067,0.06874705851078033,-7.360827922821045,0.0,0.0,0.0,0.0,0.0,0.0,0.0,0.0,0.0,0.0,0.0,0.0,-0.0017061778344213963,-0.02908501774072647,-0.00011027250002371147,0.026003509759902954,0.25505632162094116,0.23586827516555786,0.23503011465072632,0.2430853396654129,-0.5193846821784973,0.09726572781801224,-0.041807398200035095,0.0,0.0,0.0,0.0,0.0,0.0,0.0
14357319941,0,0.005775920581072569,-0.0543367899954319,-0.1390133798122406,6.569455581484362e-05,-0.04113857448101044,-0.8442511558532715,0.012278012931346893,0.009124652482569218,-0.014205741696059704,-0.011420508846640587,0.02639656327664852,-0.5,-0.01259884238243103,-0.026508262380957603,0.006377623416483402,0.0,0.0,-0.0047828578390181065,-0.004312099888920784,0.0032884273678064346,0.02455085888504982,0.09803235530853271,0.2124786078929901,-0.013700136914849281,-0.3277270793914795,0.33931592106819153,-40.877647399902344,0.11142851412296295,0.20057328045368195,-0.025101035833358765,-0.010009023360908031,-0.10362157225608826,-0.2115701586008072,0.015703832730650902,11.336128234863281,9.449801445007324,10.358120918273926,9.743081092834473,0.003066406352445483,-0.03066406212747097,-0.004599609412252903,0.02299804612994194,0.0,-0.0005982747534289956,-0.02611089125275612,-0.0014458878431469202,0.023090839385986328,0.0,0.42957088351249695,0.18204590678215027,-9.471983909606934,-0.061839036643505096,0.05170140787959099,-7.360263824462891,0.0,0.0,0.0,0.0,0.0,0.0,0.0,0.0,0.0,0.0,0.0,0.0,-0.0021968516521155834,-0.028785817325115204,0.00037998222978785634,0.025633374229073524,0.25505632162094116,0.23586827516555786,0.23503011465072632,0.2430853396654129,-0.4945722222328186,0.41140303015708923,0.6018090844154358,0.0,0.0,0.0,0.0,0.0,0.0,0.0
14366615111,0,0.006070748902857304,-0.05371497571468353,-0.13863840699195862,6.569455581484362e-05,-0.04113857448101044,-0.8442511558532715,0.020451074466109276,0.010241672396659851,-0.002434689551591873,-0.012010169215500355,0.02515292912721634,-0.5,-0.012917093001306057,-0.02613006718456745,0.007252551149576902,0.0,0.0,-0.0047828578390181065,-0.004312099888920784,0.0032884273678064346,0.02455085888504982,0.10217069089412689,0.20797574520111084,-0.01423843577504158,-0.3277270793914795,0.33931592106819153,-40.877647399902344,0.11142851412296295,0.20057328045368195,-0.025101035833358765,-0.010009023360908031,-0.10351205617189407,-0.21170605719089508,0.016033748164772987,11.336128234863281,9.449801445007324,10.358120918273926,9.743081092834473,-0.0015332031762227416,-0.03373046964406967,-0.004599609412252903,0.02299804612994194,0.0,-0.0005982747534289956,-0.02611089125275612,-0.0014458878431469202,0.023090839385986328,0.0,0.42957088351249695,0.18204590678215027,-9.471983909606934,-0.079682856798172,0.04780105501413345,-7.4645586013793945,0.0,0.0,0.0,0.0,0.0,0.0,0.0,0.0,0.0,0.0,0.0,0.0,-0.002301799366250634,-0.02819090150296688,0.0004570407036226243,0.025027060881257057,0.2676752805709839,0.2302282303571701,0.2483532875776291,0.23609952628612518,-0.4945722222328186,0.41140303015708923,0.6018090844154358,0.0,0.0,0.0,0.0,0.0,0.0,0.0
14376084897,0,0.006070748902857304,-0.05371497571468353,-0.13863840699195862,6.569455581484362e-05,-0.04113857448101044,-0.8442511558532715,0.020451074466109276,0.010241672396659851,-0.002434689551591873,-0.012010169215500355,0.02515292912721634,-0.5,-0.012917093001306057,-0.02613006718456745,0.007252551149576902,0.0,0.0,-0.0047828578390181065,-0.0033974957186728716,0.00220909109339118,0.026847783476114273,0.10217069089412689,0.20797574520111084,-0.01423843577504158,-0.4382557272911072,0.2629058063030243,-41.05507278442383,0.10607800632715225,0.20531834661960602,-0.025491543114185333,-0.010203571058809757,-0.10350561887025833,-0.21171480417251587,0.016330661252141,11.388812065124512,9.468600273132324,10.413734436035156,9.792963981628418,-0.003066406352445483,-0.03373046964406967,-0.004599609412252903,0.024531250819563866,0.0,-0.006417433265596628,-0.02735580876469612,0.004888250958174467,0.024183711037039757,0.0,-0.4951756000518799,0.007592248730361462,-9.231995582580566,-0.079682856798172,0.04780105501413345,-7.4645586013793945,0.0,0.0,0.0,0.0,0.0,0.0,0.0,0.0,0.0,0.0,0.0,0.0,-0.0023075153585523367,-0.02757192589342594,0.0004360021266620606,0.024422001093626022,0.2687107026576996,0.23060499131679535,0.24945735931396484,0.23709651827812195,-0.2736940085887909,0.21802201867103577,0.4686903953552246,0.0,0.0,0.0,0.0,0.0,0.0,0.0
14386228464,0,0.006210372317582369,-0.05337085947394371,-0.13837668299674988,6.569455581484362e-05,-0.04113857448101044,-0.8442511558532715,0.01722671650350094,0.005264034494757652,0.004636910278350115,-0.01228941697627306,0.024464692920446396,-0.5,-0.012638579122722149,-0.026348073035478592,0.0074653723277151585,0.0,0.0,-0.0047828578390181065,-0.0030370198655873537,-0.001795695861801505,0.01633952371776104,0.09963908791542053,0.20934665203094482,-0.014232747256755829,-0.46665000915527344,0.31655392050743103,-41.650794982910156,0.101735919713974,0.21577520668506622,-0.01016391534358263,-0.010673956014215946,-0.10353225469589233,-0.21173804998397827,0.016857914626598358,11.164318084716797,9.977860450744629,10.16951847076416,10.346839904785156,-0.0015332031762227416,-0.03526367247104645,-0.003066406352445483,0.027597656473517418,0.0,-0.005792513955384493,-0.02891869843006134,0.004077380057424307,0.025643708184361458,0.0,-0.16915586590766907,0.07540421932935715,-9.55335521697998,-0.07435163855552673,0.05627581104636192,-7.523952484130859,0.0,0.0,0.0,0.0,0.0,0.0,0.0,0.0,0.0,0.0,0.0,0.0,-0.00277144112624228,-0.02724229171872139,0.000917603902053088,0.024097388610243797,0.2642953395843506,0.2407865673303604,0.24460414052009583,0.24812936782836914,-0.027060125023126602,-0.10406742990016937,-0.21543468534946442,0.0,0.0,0.0,0.0,0.0,0.0,0.0
14396020485,0,0.006210372317582369,-0.05337085947394371,-0.13837668299674988,6.569455581484362e-05,-0.04113857448101044,-0.8442511558532715,0.01722671650350094,0.005264034494757652,0.004636910278350115,-0.01228941697627306,0.024464692920446396,-0.5,-0.012638579122722149,-0.026348073035478592,0.0074653723277151585,0.0,0.0,-0.0047828578390181065,-0.0030370198655873537,-0.001795695861801505,0.01633952371776104,0.09963908791542053,0.20934665203094482,-0.014232747256755829,-0.46665000915527344,0.31655392050743103,-41.650794982910156,0.101735919713974,0.21577520668506622,-0.01016391534358263,-0.010673956014215946,-0.10353225469589233,-0.21173804998397827,0.016857914626598358,11.164318084716797,9.977860450744629,10.16951847076416,10.346839904785156,0.0015332031762227416,-0.032197266817092896,-0.0015332031762227416,0.032197266817092896,0.0,-0.005792513955384493,-0.02891869843006134,0.004077380057424307,0.025643708184361458,0.0,-0.16915586590766907,0.07540421932935715,-9.55335521697998,-0.07435163855552673,0.05627581104636192,-7.523952484130859,0.0,0.0,0.0,0.0,0.0,0.0,0.0,0.0,0.0,0.0,0.0,0.0,-0.0035859039053320885,-0.027317414060235023,0.0017749330727383494,0.02415572479367256,0.2642953395843506,0.2407865673303604,0.24460414052009583,0.24812936782836914,-0.027060125023126602,-0.10406742990016937,-0.21543468534946442,0.0,0.0,0.0,0.0,0.0,0.0,0.0
14406508198,0,0.006521853152662516,-0.05270328000187874,-0.13776598870754242,6.569455581484362e-05,-0.04113857448101044,-0.8442511558532715,0.02075284905731678,0.009757974185049534,0.013292982243001461,-0.012912381440401077,0.023129526525735855,-0.5,-0.012448212131857872,-0.02675539068877697,0.007315634749829769,0.0,0.0,-0.0047828578390181065,0.0037248709704726934,0.002680369885638356,0.01605953834950924,0.09992896765470505,0.20964166522026062,-0.014642385765910149,-0.4389132857322693,0.18806399405002594,-41.706398010253906,0.101735919713974,0.21577520668506622,-0.01016391534358263,-0.010673956014215946,-0.10353225469589233,-0.21173804998397827,0.016857914626598358,11.186280250549316,9.949121475219727,10.257329940795898,10.322210311889648,0.003066406352445483,-0.03066406212747097,0.0015332031762227416,0.03373046964406967,0.0,-0.008965632878243923,-0.023448651656508446,0.007515329401940107,0.020352451130747795,0.0,-0.16915586590766907,0.07540421932935715,-9.55335521697998,-0.08369683474302292,0.044732943177223206,-7.594172954559326,0.0,0.0,0.0,0.0,0.0,0.0,0.0,0.0,0.0,0.0,0.0,0.0,-0.0045400275848805904,-0.02739749848842621,0.0027800409588962793,0.024214891716837883,0.2642953395843506,0.2407865673303604,0.24460414052009583,0.24812936782836914,0.30516257882118225,0.15097112953662872,-0.06118248403072357,0.0,0.0,0.0,0.0,0.0,0.0,0.0
14416467242,0,0.006675845477730036,-0.052338503301143646,-0.13745778799057007,6.569455581484362e-05,-0.04113857448101044,-0.8442511558532715,0.01867150329053402,0.014232679270207882,0.011519844643771648,-0.013220367953181267,0.022399969398975372,-0.5,-0.012366781942546368,-0.02639360912144184,0.007415929343551397,0.0,0.0,-0.0047828578390181065,0.007890644483268261,0.0013739016139879823,0.025591619312763214,0.09697330743074417,0.20899151265621185,-0.015040869824588299,-0.4879661500453949,0.11657406389713287,-41.63169479370117,0.08311353623867035,0.2101002186536789,-0.02443748712539673,-0.011108013801276684,-0.10338985919952393,-0.21171754598617554,0.01719723641872406,11.48100471496582,9.595154762268066,10.55693531036377,10.007308959960938,0.0015332031762227416,-0.029130859300494194,0.0015332031762227416,0.029130859300494194,0.0,-0.012488854117691517,-0.023536046966910362,0.011294521391391754,0.02015295997262001,0.0,0.02089719846844673,0.03184011951088905,-9.794541358947754,-0.07980241626501083,0.03419345244765282,-7.582981586456299,0.0,0.0,0.0,0.0,0.0,0.0,0.0,0.0,0.0,0.0,0.0,0.0,-0.005842072423547506,-0.026964591816067696,0.004163897130638361,0.023766158148646355,0.270520955324173,0.23314055800437927,0.2522972524166107,0.2413737028837204,0.417324036359787,-0.021734099835157394,0.4615623652935028,0.0,0.0,0.0,0.0,0.0,0.0,0.0
14426657294,0,0.006675845477730036,-0.052338503301143646,-0.13745778799057007,6.569455581484362e-05,-0.04113857448101044,-0.8442511558532715,0.01867150329053402,0.014232679270207882,0.011519844643771648,-0.013220367953181267,0.022399969398975372,-0.5,-0.012366781942546368,-0.02639360912144184,0.007415929343551397,0.0,0.0,-0.0047828578390181065,0.009936749003827572,-0.009342420846223831,0.042128533124923706,0.09697330743074417,0.20899151265621185,-0.015040869824588299,-0.4858495593070984,0.1567864567041397,-41.465850830078125,0.08131086081266403,0.22901394963264465,-0.042315851897001266,-0.011349244974553585,-0.10323098301887512,-0.21176651120185852,0.017731493338942528,11.912870407104492,9.073877334594727,10.935830116271973,9.552861213684082,-0.0015332031762227416,-0.029130859300494194,0.003066406352445483,0.024531250819563866,0.0,-0.010801766067743301,-0.026402177289128304,0.00951064471155405,0.022494632750749588,0.0,-0.27920857071876526,-0.39037826657295227,-10.049869537353516,-0.07980241626501083,0.03419345244765282,-7.582981586456299,0.0,0.0,0.0,0.0,0.0,0.0,0.0,0.0,0.0,0.0,0.0,0.0,-0.0074685849249362946,-0.026247210800647736,0.005903654266148806,0.02299596183001995,0.27897804975509644,0.22267484664916992,0.25979068875312805,0.232293501496315,0.3645784854888916,-0.5686205625534058,0.9869260191917419,0.0,0.0,0.0,0.0,0.0,0.0,0.0
14436470912,0,0.007473412435501814,-0.050897203385829926,-0.13629014790058136,6.569455581484362e-05,-0.04113857448101044,-0.8442511558532715,0.02219730243086815,0.012675542384386063,-0.008038204163312912,-0.014815510250627995,0.019517354667186737,-0.5,-0.012407044880092144,-0.02735014259815216,0.00950570311397314,0.0,0.0,-0.0047828578390181065,-0.00576801085844636,-0.017194604501128197,0.030222035944461823,0.10248753428459167,0.21448329091072083,-0.016602613031864166,-0.4858495593070984,0.1567864567041397,-41.465850830078125,0.08131086081266403,0.22901394963264465,-0.042315851897001266,-0.011349244974553585,-0.10323098301887512,-0.21176651120185852,0.017731493338942528,11.912870407104492,9.073877334594727,10.935830116271973,9.552861213684082,-0.004599609412252903,-0.029130859300494194,0.004599609412252903,0.021464843302965164,0.0,-0.010801766067743301,-0.026402177289128304,0.00951064471155405,0.022494632750749588,0.0,-0.12447132170200348,-0.05191749706864357,-10.620508193969727,-0.0901174396276474,0.031368009746074677,-7.45256233215332,0.0,0.0,0.0,0.0,0.0,0.0,0.0,0.0,0.0,0.0,0.0,0.0,-0.00896141491830349,-0.02579076960682869,0.007507169619202614,0.02241663634777069,0.27897804975509644,0.22267484664916992,0.25979068875312805,0.232293501496315,-0.29789578914642334,-0.18440502882003784,-0.45995408296585083,0.0,0.0,0.0,0.0,0.0,0.0,0.0
14446108559,0,0.007473412435501814,-0.050897203385829926,-0.13629014790058136,6.569455581484362e-05,-0.04113857448101044,-0.8442511558532715,0.02219730243086815,0.012675542384386063,-0.008038204163312912,-0.014815510250627995,0.019517354667186737,-0.5,-0.012407044880092144,-0.02735014259815216,0.00950570311397314,0.0,0.0,-0.0047828578390181065,-0.00576801085844636,-0.017194604501128197,0.030222035944461823,0.10248178988695145,0.21005293726921082,-0.016449831426143646,-0.4956459105014801,0.17252404987812042,-40.98909378051758,0.1061188131570816,0.23429596424102783,-0.01849476993083954,-0.01188818458467722,-0.10314739495515823,-0.2123563140630722,0.01909584179520607,11.245442390441895,9.579019546508789,10.173871994018555,10.000930786132812,-0.004599609412252903,-0.027597656473517418,0.006132812704890966,0.021464843302965164,0.0,-0.011308176442980766,-0.02601349540054798,0.009958898648619652,0.022330956533551216,0.0,-0.31287458539009094,0.060155559331178665,-9.913185119628906,-0.0901174396276474,0.031368009746074677,-7.45256233215332,0.0,0.0,0.0,0.0,0.0,0.0,0.0,0.0,0.0,0.0,0.0,0.0,-0.010058563202619553,-0.025661177933216095,0.008686172775924206,0.022138558328151703,0.2658921182155609,0.23281732201576233,0.24469077587127686,0.24124664068222046,-0.29789578914642334,-0.18440502882003784,-0.45995408296585083,0.0,0.0,0.0,0.0,0.0,0.0,0.0
14456544675,0,0.007865799590945244,-0.05023755505681038,-0.1357724815607071,6.569455581484362e-05,-0.04113857448101044,-0.8442511558532715,0.0239870622754097,0.015649283304810524,-0.003065363969653845,-0.015600288286805153,0.018198052421212196,-0.5,-0.012589521706104279,-0.02643420360982418,0.008744049817323685,0.0,0.0,-0.0047828578390181065,-0.00576801085844636,-0.017194604501128197,0.030222035944461823,0.09949802607297897,0.21041682362556458,-0.01603086292743683,-0.4956459105014801,0.17252404987812042,-40.98909378051758,0.1061188131570816,0.23429596424102783,-0.01849476993083954,-0.01188818458467722,-0.10314739495515823,-0.2123563140630722,0.01909584179520607,11.245442390441895,9.579019546508789,10.173871994018555,10.000930786132812,-0.003066406352445483,-0.024531250819563866,0.0076660155318677425,0.019931640475988388,0.0,-0.011308176442980766,-0.02601349540054798,0.009958898648619652,0.022330956533551216,0.0,-0.31287458539009094,0.060155559331178665,-9.913185119628906,-0.09480921924114227,0.023097816854715347,-7.511719226837158,0.0,0.0,0.0,0.0,0.0,0.0,0.0,0.0,0.0,0.0,0.0,0.0,-0.010805380530655384,-0.025680385529994965,0.009480195119976997,0.022044850513339043,0.2658921182155609,0.23281732201576233,0.24469077587127686,0.24124664068222046,-0.29789578914642334,-0.18440502882003784,-0.45995408296585083,0.0,0.0,0.0,0.0,0.0,0.0,0.0
14466058545,0,0.007865799590945244,-0.05023755505681038,-0.1357724815607071,6.569455581484362e-05,-0.04113857448101044,-0.8442511558532715,0.0239870622754097,0.015649283304810524,-0.003065363969653845,-0.015600288286805153,0.018198052421212196,-0.5,-0.012589521706104279,-0.02643420360982418,0.008744049817323685,0.0,0.0,-0.0047828578390181065,-0.0151167381554842,0.01803125999867916,-0.002312545897439122,0.09949802607297897,0.21041682362556458,-0.01603086292743683,-0.5214506983757019,0.12703798711299896,-41.314456939697266,0.1217334046959877,0.1773967295885086,0.015204256400465965,-0.012362736277282238,-0.1033422127366066,-0.2123420536518097,0.019219422712922096,10.421060562133789,10.614256858825684,9.476022720336914,10.81094741821289,0.0,-0.024531250819563866,0.0076660155318677425,0.021464843302965164,0.0,-0.014671175740659237,-0.022868704050779343,0.01329797226935625,0.01996605657041073,0.0,-0.2476305216550827,0.05125506594777107,-9.829325675964355,-0.09480921924114227,0.023097816854715347,-7.511719226837158,0.0,0.0,0.0,0.0,0.0,0.0,0.0,0.0,0.0,0.0,0.0,0.0,-0.011420594528317451,-0.025606226176023483,0.01011307630687952,0.021942462772130966,0.24960263073444366,0.25343286991119385,0.2307538241147995,0.2573241889476776,-0.4121009409427643,1.1925899982452393,-1.3147871494293213,0.0,0.0,0.0,0.0,0.0,0.0,0.0
14476470977,0,0.007865799590945244,-0.05023755505681038,-0.1357724815607071,6.569455581484362e-05,-0.04113857448101044,-0.8442511558532715,0.0239870622754097,0.015649283304810524,-0.003065363969653845,-0.015600288286805153,0.018198052421212196,-0.5,-0.012589521706104279,-0.02643420360982418,0.008744049817323685,0.0,0.0,-0.0047828578390181065,-0.012718258425593376,0.02552054077386856,-0.005925297271460295,0.09949802607297897,0.21041682362556458,-0.01603086292743683,-0.5222989916801453,0.15166938304901123,-41.625633239746094,0.11814572662115097,0.16983577609062195,0.013124966993927956,-0.01261660922318697,-0.1034863144159317,-0.21202629804611206,0.018969088792800903,10.534160614013672,10.645898818969727,9.622584342956543,10.830169677734375,-0.0015332031762227416,-0.027597656473517418,0.0076660155318677425,0.021464843302965164,0.0,-0.013741538859903812,-0.02367306686937809,0.012192831374704838,0.02073708549141884,0.0,-0.2476305216550827,0.05125506594777107,-9.829325675964355,-0.09480921924114227,0.023097816854715347,-7.511719226837158,0.0,0.0,0.0,0.0,0.0,0.0,0.0,0.0,0.0,0.0,0.0,0.0,-0.012124957516789436,-0.025246789678931236,0.01080701407045126,0.021672073751688004,0.2518458664417267,0.2540593147277832,0.23368947207927704,0.2577040493488312,-0.11945176124572754,0.9290190935134888,-0.8358611464500427,0.0,0.0,0.0,0.0,0.0,0.0,0.0
14486274411,0,0.008256381377577782,-0.04955430328845978,-0.13526079058647156,6.569455581484362e-05,-0.04113857448101044,-0.8442511558532715,0.022255348041653633,0.012630686163902283,0.0022331327199935913,-0.016381455585360527,0.016831541433930397,-0.5,-0.013184699229896069,-0.025705905631184578,0.009048310108482838,0.0,0.0,-0.0047828578390181065,-0.0038983882404863834,-0.0024917160626500845,0.024714471772313118,0.09947432577610016,0.20758765935897827,-0.016211867332458496,-0.5776795744895935,0.15788786113262177,-41.59761428833008,0.10315591841936111,0.22166864573955536,-0.027525531128048897,-0.013086916878819466,-0.10362306237220764,-0.2116403877735138,0.018980015069246292,11.598260879516602,9.520201683044434,10.57719898223877,9.907160758972168,-0.006132812704890966,-0.029130859300494194,0.006132812704890966,0.021464843302965164,0.0,-0.014023566618561745,-0.02881506271660328,0.01268742699176073,0.024816665798425674,0.0,-0.2476305216550827,0.05125506594777107,-9.829325675964355,-0.09252098202705383,0.02715998701751232,-7.566812992095947,0.0,0.0,0.0,0.0,0.0,0.0,0.0,0.0,0.0,0.0,0.0,0.0,-0.01282557100057602,-0.02497972548007965,0.011477820575237274,0.021519191563129425,0.2728208303451538,0.23163928091526031,0.252698689699173,0.23937638103961945,0.25444599986076355,-0.8156037330627441,0.8910528421401978,0.0,0.0,0.0,0.0,0.0,0.0,0.0
14496113302,0,0.008256381377577782,-0.04955430328845978,-0.13526079058647156,6.569455581484362e-05,-0.04113857448101044,-0.8442511558532715,0.022255348041653633,0.012630686163902283,0.0022331327199935913,-0.01725967414677143,0.015492434613406658,-0.5,-0.013184699229896069,-0.025705905631184578,0.009048310108482838,0.0,0.0,-0.0047828578390181065,-0.0038983882404863834,-0.0024917160626500845,0.024714471772313118,0.10180199146270752,0.21102090179920197,-0.0175547543913126,-0.5776795744895935,0.15788786113262177,-41.59761428833008,0.10315591841936111,0.22166864573955536,-0.027525531128048897,-0.013086916878819466,-0.10362306237220764,-0.2116403877735138,0.018980015069246292,11.598260879516602,9.520201683044434,10.57719898223877,9.907160758972168,-0.009199218824505806,-0.027597656473517418,0.004599609412252903,0.021464843302965164,0.0,-0.014023566618561745,-0.02881506271660328,0.01268742699176073,0.024816665798425674,0.0,-0.165582075715065,0.012494245544075966,-9.657186508178711,-0.10503264516592026,0.028706884011626244,-7.563202381134033,0.0,0.0,0.0,0.0,0.0,0.0,0.0,0.0,0.0,0.0,0.0,0.0,-0.013378193601965904,-0.025318894535303116,0.012008121237158775,0.021864278241991997,0.2728208303451538,0.23163928091526031,0.252698689699173,0.23937638103961945,0.25444599986076355,-0.8156037330627441,0.8910528421401978,0.0,0.0,0.0,0.0,0.0,0.0,0.0
14506572662,0,0.008695488795638084,-0.04888475313782692,-0.13478116691112518,6.569455581484362e-05,-0.04113857448101044,-0.8442511558532715,0.027322445064783096,0.010426903143525124,0.00036046074819751084,-0.01725967414677143,0.015492434613406658,-0.5,-0.012830154970288277,-0.02635273151099682,0.010158028453588486,0.0,0.0,-0.0047828578390181065,0.002670565154403448,-0.013132020831108093,0.03611750155687332,0.10180199146270752,0.21102090179920197,-0.0175547543913126,-0.5160410404205322,0.12311072647571564,-41.431034088134766,0.09298153221607208,0.23595844209194183,-0.0350627526640892,-0.013330245390534401,-0.10355646163225174,-0.2117825150489807,0.019444312900304794,11.815354347229004,9.193045616149902,10.784209251403809,9.643718719482422,-0.009199218824505806,-0.027597656473517418,0.004599609412252903,0.02299804612994194,0.0,-0.012984424829483032,-0.026160111650824547,0.011538651771843433,0.021931564435362816,0.0,-0.29531562328338623,-0.04036624729633331,-9.880298614501953,-0.10503264516592026,0.028706884011626244,-7.563202381134033,0.0,0.0,0.0,0.0,0.0,0.0,0.0,0.0,0.0,0.0,0.0,0.0,-0.013721130788326263,-0.026008365675807,0.01234128512442112,0.022445695474743843,0.275805801153183,0.22627846896648407,0.25549259781837463,0.23552528023719788,0.41210323572158813,-0.943897545337677,1.0248504877090454,0.0,0.0,0.0,0.0,0.0,0.0,0.0
14516475159,0,0.009083496406674385,-0.048235077410936356,-0.13433124125003815,6.569455581484362e-05,-0.04113857448101044,-0.8442511558532715,0.025126557797193527,0.004160318057984114,-0.00400592852383852,-0.01803569309413433,0.014193076640367508,-0.5,-0.012330110184848309,-0.02707097865641117,0.010256711393594742,0.0,0.0,-0.0047828578390181065,0.016880378127098083,-0.03306759148836136,0.025015000253915787,0.09735635668039322,0.21550261974334717,-0.017845194786787033,-0.5446809530258179,0.09146763384342194,-41.24630355834961,0.07413136214017868,0.2605889141559601,-0.01746191270649433,-0.01381525956094265,-0.10309414565563202,-0.21252679824829102,0.020229607820510864,11.275895118713379,9.578960418701172,10.220756530761719,10.177497863769531,-0.0076660155318677425,-0.027597656473517418,0.0076660155318677425,0.021464843302965164,0.0,-0.015542782843112946,-0.025050124153494835,0.014208673499524593,0.020624995231628418,0.0,-0.2590089738368988,0.08526895940303802,-10.043038368225098,-0.10266918689012527,0.03803589567542076,-7.545268535614014,0.0,0.0,0.0,0.0,0.0,0.0,0.0,0.0,0.0,0.0,0.0,0.0,-0.013919808901846409,-0.02644672989845276,0.012533199973404408,0.022709593176841736,0.275805801153183,0.22627846896648407,0.25549259781837463,0.23552528023719788,0.4789426624774933,-0.8387106657028198,-0.12683828175067902,0.0,0.0,0.0,0.0,0.0,0.0,0.0
14526328204,0,0.009486719034612179,-0.04762991517782211,-0.1340019553899765,6.569455581484362e-05,-0.04113857448101044,-0.8442511558532715,0.02337045967578888,0.01337350718677044,-0.003188386792317033,-0.018842143937945366,0.012982746586203575,-0.5,-0.01225387491285801,-0.027398359030485153,0.010538609698414803,0.0,0.0,-0.0047828578390181065,0.016880378127098083,-0.03306759148836136,0.025015000253915787,0.0967298224568367,0.21810868382453918,-0.018182232975959778,-0.5446809530258179,0.09146763384342194,-41.24630355834961,0.07413136214017868,0.2605889141559601,-0.01746191270649433,-0.01381525956094265,-0.10309414565563202,-0.21252679824829102,0.020229607820510864,11.275895118713379,9.578960418701172,10.220756530761719,10.177497863769531,-0.006132812704890966,-0.029130859300494194,0.013798828236758709,0.021464843302965164,0.0,-0.015542782843112946,-0.025050124153494835,0.014208673499524593,0.020624995231628418,0.0,-0.2590089738368988,0.08526895940303802,-10.043038368225098,-0.10145242512226105,0.01715127006173134,-7.571350574493408,0.0,0.0,0.0,0.0,0.0,0.0,0.0,0.0,0.0,0.0,0.0,0.0,-0.01419898308813572,-0.026455819606781006,0.012813582085072994,0.022514991462230682,0.26649102568626404,0.23281621932983398,0.24562355875968933,0.24476297199726105,0.4789426624774933,-0.8387106657028198,-0.12683828175067902,0.0,0.0,0.0,0.0,0.0,0.0,0.0
14536018635,0,0.009665966965258121,-0.04731772840023041,-0.13385069370269775,6.569455581484362e-05,-0.04113857448101044,-0.8442511558532715,0.02494402788579464,0.011504223570227623,0.00037031021201983094,-0.0192006416618824,0.012358369305729866,-0.5,-0.011852657422423363,-0.027111699804663658,0.010890775360167027,0.0,0.0,-0.0047828578390181065,0.02046002447605133,-0.021453315392136574,0.01942983642220497,0.09353302419185638,0.21582667529582977,-0.01861347258090973,-0.5446809530258179,0.09146763384342194,-41.24630355834961,0.07413136214017868,0.2605889141559601,-0.01746191270649433,-0.01381525956094265,-0.10309414565563202,-0.21252679824829102,0.020229607820510864,11.275895118713379,9.578960418701172,10.220756530761719,10.177497863769531,-0.0076660155318677425,-0.029130859300494194,0.016865234822034836,0.021464843302965164,0.0,-0.015542782843112946,-0.025050124153494835,0.014208673499524593,0.020624995231628418,0.0,-0.2590089738368988,0.08526895940303802,-10.043038368225098,-0.10524854063987732,0.019405024126172066,-7.605124473571777,0.0,0.0,0.0,0.0,0.0,0.0,0.0,0.0,0.0,0.0,0.0,0.0,-0.014584253542125225,-0.026200897991657257,0.013208908028900623,0.02207052707672119,0.26649102568626404,0.23281621932983398,0.24562355875968933,0.24476297199726105,0.38860446214675903,0.14338108897209167,-0.28567200899124146,0.0,0.0,0.0,0.0,0.0,0.0,0.0
14546533469,0,0.009665966965258121,-0.04731772840023041,-0.13385069370269775,6.569455581484362e-05,-0.04113857448101044,-0.8442511558532715,0.02494402788579464,0.011504223570227623,0.00037031021201983094,-0.0192006416618824,0.012358369305729866,-0.5,-0.011852657422423363,-0.027111699804663658,0.010890775360167027,0.0,0.0,-0.0047828578390181065,0.024175025522708893,-0.0025968390982598066,0.01553166564553976,0.09353302419185638,0.21582667529582977,-0.01861347258090973,-0.5788669586181641,0.10672762989997864,-41.82818603515625,0.06454596668481827,0.20558568835258484,-0.008440437726676464,-0.014307049103081226,-0.10237392783164978,-0.213153675198555,0.020577389746904373,11.097599983215332,10.018754005432129,10.239116668701172,10.479913711547852,-0.009199218824505806,-0.029130859300494194,0.016865234822034836,0.021464843302965164,0.0,-0.016443725675344467,-0.02574910596013069,0.014784550294280052,0.021647201851010323,0.0,-0.03309653699398041,-0.084140844643116,-9.165404319763184,-0.10524854063987732,0.019405024126172066,-7.605124473571777,0.0,0.0,0.0,0.0,0.0,0.0,0.0,0.0,0.0,0.0,0.0,0.0,-0.01499217189848423,-0.02589542046189308,0.013614383526146412,0.021632349118590355,0.262981116771698,0.2416018396615982,0.24598854780197144,0.25077024102211,0.37292081117630005,0.986231803894043,-0.29916003346443176,0.0,0.0,0.0,0.0,0.0,0.0,0.0
14556046278,0,0.009665966965258121,-0.04731772840023041,-0.13385069370269775,6.569455581484362e-05,-0.04113857448101044,-0.8442511558532715,0.02494402788579464,0.011504223570227623,0.00037031021201983094,-0.0192006416618824,0.012358369305729866,-0.5,-0.011852657422423363,-0.027111699804663658,0.010890775360167027,0.0,0.0,-0.0047828578390181065,0.014882621355354786,0.013610059395432472,0.016177505254745483,0.09353302419185638,0.21582667529582977,-0.01861347258090973,-0.543024480342865,0.0969213992357254,-41.77823257446289,0.07992471754550934,0.1859711855649948,-0.01129027921706438,-0.014565342105925083,-0.10199709236621857,-0.21309131383895874,0.020669275894761086,11.150813102722168,9.988065719604492,10.30400276184082,10.343143463134766,-0.012265625409781933,-0.029130859300494194,0.010732421651482582,0.024531250819563866,0.0,-0.01556479837745428,-0.02423999272286892,0.013770747929811478,0.020345620810985565,0.0,-0.4194059371948242,0.2981118857860565,-9.574508666992188,-0.10524854063987732,0.019405024126172066,-7.605124473571777,0.0,0.0,0.0,0.0,0.0,0.0,0.0,0.0,0.0,0.0,0.0,0.0,-0.015378533862531185,-0.025616317987442017,0.013956393115222454,0.02131238952279091,0.26402944326400757,0.2409900575876236,0.24727831780910492,0.2480558305978775,-0.2392931878566742,1.2177211046218872,-0.04988197237253189,0.0,0.0,0.0,0.0,0.0,0.0,0.0
14566556298,0,0.010098511353135109,-0.04671536758542061,-0.13339129090309143,6.569455581484362e-05,-0.04113857448101044,-0.8442511558532715,0.022485418245196342,0.00993446633219719,0.003306489670649171,-0.020065734162926674,0.01115364208817482,-0.5,-0.011711742728948593,-0.026599707081913948,0.011176074855029583,0.0,0.0,-0.0047828578390181065,-0.011434070765972137,0.003591682994738221,0.021871225908398628,0.09631244838237762,0.2114400863647461,-0.018940968438982964,-0.5829961895942688,0.1121843010187149,-42.22022247314453,0.11849483847618103,0.21219637989997864,-0.017489280551671982,-0.015040282160043716,-0.10186756402254105,-0.21282407641410828,0.021049775183200836,11.517163276672363,9.96149730682373,10.469252586364746,10.280745506286621,-0.015332031063735485,-0.029130859300494194,0.0076660155318677425,0.026064453646540642,0.0,-0.01587308757007122,-0.02631750889122486,0.01433857437223196,0.02231884002685547,0.0,-0.3480241596698761,0.15359239280223846,-9.70805549621582,-0.10179834067821503,0.02006690390408039,-7.640124797821045,0.0,0.0,0.0,0.0,0.0,0.0,0.0,0.0,0.0,0.0,0.0,0.0,-0.015657689422369003,-0.025390541180968285,0.014163302257657051,0.02112770639359951,0.26402944326400757,0.2409900575876236,0.24727831780910492,0.2480558305978775,-0.8658171892166138,-0.1535002887248993,0.17671328783035278,0.0,0.0,0.0,0.0,0.0,0.0,0.0
14576593182,0,0.01054050400853157,-0.04610683396458626,-0.13283951580524445,6.569455581484362e-05,-0.04113857448101044,-0.8442511558532715,0.02406131848692894,0.009537747129797935,0.01292002946138382,-0.020949723199009895,0.009936568327248096,-0.5,-0.012467080727219582,-0.026910698041319847,0.011341140605509281,0.0,0.0,-0.0047828578390181065,-0.011434070765972137,0.003591682994738221,0.021871225908398628,0.09633434563875198,0.21524399518966675,-0.019625959917902946,-0.5829961895942688,0.1121843010187149,-42.22022247314453,0.11849483847618103,0.21219637989997864,-0.017489280551671982,-0.015040282160043716,-0.10186756402254105,-0.21282407641410828,0.021049775183200836,11.517163276672363,9.96149730682373,10.469252586364746,10.280745506286621,-0.016865234822034836,-0.027597656473517418,0.006132812704890966,0.024531250819563866,0.0,-0.01587308757007122,-0.02631750889122486,0.01433857437223196,0.02231884002685547,0.0,-0.3480241596698761,0.15359239280223846,-9.70805549621582,-0.10766872018575668,0.019505556672811508,-7.722164154052734,0.0,0.0,0.0,0.0,0.0,0.0,0.0,0.0,0.0,0.0,0.0,0.0,-0.01582050696015358,-0.025354711338877678,0.014271209947764874,0.021165644749999046,0.2712304890155792,0.24046047031879425,0.2505589723587036,0.24681603908538818,-0.8658171892166138,-0.1535002887248993,0.17671328783035278,0.0,0.0,0.0,0.0,0.0,0.0,0.0
14586060581,0,0.01054050400853157,-0.04610683396458626,-0.13283951580524445,6.569455581484362e-05,-0.04113857448101044,-0.8442511558532715,0.02406131848692894,0.009537747129797935,0.01292002946138382,-0.020949723199009895,0.009936568327248096,-0.5,-0.012467080727219582,-0.026910698041319847,0.011341140605509281,0.0,0.0,-0.0047828578390181065,-0.016662143170833588,-0.006178767420351505,0.011671127751469612,0.09633434563875198,0.21524399518966675,-0.019625959917902946,-0.6127527952194214,0.06482134759426117,-42.37429428100586,0.12110850214958191,0.22758762538433075,-0.0040463898330926895,-0.01529761403799057,-0.10199737548828125,-0.21287739276885986,0.021196424961090088,11.248002052307129,10.315988540649414,10.143362998962402,10.675674438476562,-0.013798828236758709,-0.026064453646540642,0.0076660155318677425,0.021464843302965164,0.0,-0.018702266737818718,-0.024836480617523193,0.017460105940699577,0.02088363841176033,0.0,-0.24880902469158173,0.09478488564491272,-10.057409286499023,-0.10766872018575668,0.019505556672811508,-7.722164154052734,0.0,0.0,0.0,0.0,0.0,0.0,0.0,0.0,0.0,0.0,0.0,0.0,-0.016040800139307976,-0.02544643171131611,0.014480714686214924,0.02133088931441307,0.2659423053264618,0.24751624464988708,0.24408367276191711,0.25464868545532227,-0.6521278619766235,-0.5148494839668274,-0.3818502724170685,0.0,0.0,0.0,0.0,0.0,0.0,0.0
14596332143,0,0.010752794332802296,-0.04576665163040161,-0.1325620412826538,6.569455581484362e-05,-0.04113857448101044,-0.8442511558532715,0.025423260405659676,0.012781276367604733,0.010324752889573574,-0.021374305710196495,0.00925620086491108,-0.5,-0.01261769887059927,-0.02707354538142681,0.01129978708922863,0.0,0.0,-0.0047828578390181065,-0.00959484837949276,0.002978220582008362,-0.008783919736742973,0.0979250818490982,0.21626035869121552,-0.019212214276194572,-0.6409210562705994,0.08053629100322723,-41.9802360534668,0.10816852748394012,0.20756250619888306,0.015938282012939453,-0.015748729929327965,-0.10224724560976028,-0.21299874782562256,0.020829828456044197,10.600207328796387,10.72762680053711,9.594680786132812,11.0668306350708,-0.0076660155318677425,-0.024531250819563866,0.009199218824505806,0.018398437649011612,0.0,-0.020307043567299843,-0.025375699624419212,0.01886654831469059,0.021503349766135216,0.0,-0.3960796594619751,0.033952564001083374,-10.153228759765625,-0.11140960454940796,0.011785699054598808,-7.7044172286987305,0.0,0.0,0.0,0.0,0.0,0.0,0.0,0.0,0.0,0.0,0.0,0.0,-0.016583772376179695,-0.025472184643149376,0.015054411254823208,0.021424425765872,0.2659423053264618,0.24751624464988708,0.24408367276191711,0.25464868545532227,0.13886959850788116,0.23038259148597717,-0.7564347982406616,0.0,0.0,0.0,0.0,0.0,0.0,0.0
14605972958,0,0.011424031108617783,-0.044903989881277084,-0.13195157051086426,6.569455581484362e-05,-0.04113857448101044,-0.8442511558532715,0.02353360876441002,0.016372893005609512,-0.006029740907251835,-0.022716786712408066,0.007530868519097567,-0.5,-0.012250869534909725,-0.026644185185432434,0.011358038522303104,0.0,0.0,-0.0047828578390181065,-0.00959484837949276,0.002978220582008362,-0.008783919736742973,0.09669061005115509,0.21212926506996155,-0.01917111873626709,-0.6409210562705994,0.08053629100322723,-41.9802360534668,0.10816852748394012,0.20756250619888306,0.015938282012939453,-0.015748729929327965,-0.10224724560976028,-0.21299874782562256,0.020829828456044197,10.600207328796387,10.72762680053711,9.594680786132812,11.0668306350708,-0.0076660155318677425,-0.026064453646540642,0.013798828236758709,0.016865234822034836,0.0,-0.020307043567299843,-0.025375699624419212,0.01886654831469059,0.021503349766135216,0.0,-0.3960796594619751,0.033952564001083374,-10.153228759765625,-0.10929520428180695,0.00037862593308091164,-7.598665714263916,0.0,0.0,0.0,0.0,0.0,0.0,0.0,0.0,0.0,0.0,0.0,0.0,-0.01746382750570774,-0.02544216997921467,0.015975123271346092,0.021456403657794,0.2531545162200928,0.2556767463684082,0.23313100636005402,0.2623746693134308,0.13886959850788116,0.23038259148597717,-0.7564347982406616,0.0,0.0,0.0,0.0,0.0,0.0,0.0
14616230451,0,0.011424031108617783,-0.044903989881277084,-0.13195157051086426,6.569455581484362e-05,-0.04113857448101044,-0.8442511558532715,0.02353360876441002,0.016372893005609512,-0.006029740907251835,-0.022716786712408066,0.007530868519097567,-0.5,-0.012250869534909725,-0.026644185185432434,0.011358038522303104,0.0,0.0,-0.0047828578390181065,-0.00959484837949276,0.002978220582008362,-0.008783919736742973,0.09669061005115509,0.21212926506996155,-0.01917111873626709,-0.569758415222168,0.05049814283847809,-41.74595260620117,0.07671556621789932,0.22153344750404358,-0.009691055864095688,-0.01617424748837948,-0.10215078294277191,-0.2130005657672882,0.02044794335961342,11.15322208404541,9.959732055664062,10.205676078796387,10.434486389160156,-0.009199218824505806,-0.026064453646540642,0.015332031063735485,0.013798828236758709,0.0,-0.018037647008895874,-0.023785462602972984,0.0162667166441679,0.01933259516954422,0.0,0.0638987272977829,-0.039414070546627045,-9.329473495483398,-0.10929520428180695,0.00037862593308091164,-7.598665714263916,0.0,0.0,0.0,0.0,0.0,0.0,0.0,0.0,0.0,0.0,0.0,0.0,-0.018316609784960747,-0.025341780856251717,0.016841553151607513,0.021380649879574776,0.26407673954963684,0.24042513966560364,0.24532367289066315,0.2498692125082016,0.13886959850788116,0.23038259148597717,-0.7564347982406616,0.0,0.0,0.0,0.0,0.0,0.0,0.0
14626295561,0,0.01184492465108633,-0.04433787986636162,-0.13167686760425568,6.569455581484362e-05,-0.04113857448101044,-0.8442511558532715,0.018754465505480766,0.009247083216905594,-0.0006547508528456092,-0.02355857752263546,0.006398642901331186,-0.5,-0.011949487030506134,-0.026997463777661324,0.011681152507662773,0.0,0.0,-0.0047828578390181065,0.018352938815951347,-0.012163403443992138,0.016682514920830727,0.09113669395446777,0.21708285808563232,-0.020005719736218452,-0.569758415222168,0.05049814283847809,-41.74595260620117,0.07671556621789932,0.22153344750404358,-0.009691055864095688,-0.01617424748837948,-0.10215078294277191,-0.2130005657672882,0.02044794335961342,11.15322208404541,9.959732055664062,10.205676078796387,10.434486389160156,-0.013798828236758709,-0.026064453646540642,0.016865234822034836,0.015332031063735485,0.0,-0.018037647008895874,-0.023785462602972984,0.0162667166441679,0.01933259516954422,0.0,0.0638987272977829,-0.039414070546627045,-9.329473495483398,-0.10202860832214355,0.012140845879912376,-7.661141872406006,0.0,0.0,0.0,0.0,0.0,0.0,0.0,0.0,0.0,0.0,0.0,0.0,-0.018789231777191162,-0.025078583508729935,0.017281537875533104,0.021065611392259598,0.26407673954963684,0.24042513966560364,0.24532367289066315,0.2498692125082016,0.8130514025688171,-0.5350345373153687,0.5982992053031921,0.0,0.0,0.0,0.0,0.0,0.0,0.0
14636607092,0,0.01184492465108633,-0.04433787986636162,-0.13167686760425568,6.569455581484362e-05,-0.04113857448101044,-0.8442511558532715,0.018754465505480766,0.009247083216905594,-0.0006547508528456092,-0.023898957297205925,0.005796878598630428,-0.5,-0.011949487030506134,-0.026997463777661324,0.011681152507662773,0.0,0.0,-0.0047828578390181065,0.018352938815951347,-0.012163403443992138,0.016682514920830727,0.09113669395446777,0.21708285808563232,-0.020005719736218452,-0.5611573457717896,0.0667746514081955,-42.13628005981445,0.06860759109258652,0.23458801209926605,-0.016932448372244835,-0.016351157799363136,-0.10186697542667389,-0.21313557028770447,0.02054387331008911,11.43661880493164,9.845409393310547,10.478910446166992,10.380814552307129,-0.015332031063735485,-0.027597656473517418,0.016865234822034836,0.016865234822034836,0.0,-0.016838256269693375,-0.02435695379972458,0.014984720386564732,0.019675498828291893,0.0,-0.24619056284427643,0.37557998299598694,-9.805646896362305,-0.10854455083608627,0.005629103630781174,-7.667246341705322,0.0,0.0,0.0,0.0,0.0,0.0,0.0,0.0,0.0,0.0,0.0,0.0,-0.0188276544213295,-0.024736884981393814,0.017251525074243546,0.02060670033097267,0.2696497142314911,0.2381439357995987,0.25075045228004456,0.24880379438400269,0.8130514025688171,-0.5350345373153687,0.5982992053031921,0.0,0.0,0.0,0.0,0.0,0.0,0.0
14646509770,0,0.012015113607048988,-0.044036999344825745,-0.13154618442058563,6.569455581484362e-05,-0.04113857448101044,-0.8442511558532715,0.021473994478583336,0.011994249187409878,-0.0006840945570729673,-0.023898957297205925,0.005796878598630428,-0.5,-0.01205423939973116,-0.027265798300504684,0.011815265752375126,0.0,0.0,-0.0047828578390181065,0.01887984201312065,-0.016945969313383102,0.017763882875442505,0.09509104490280151,0.21707426011562347,-0.01971830241382122,-0.5969950556755066,0.030960069969296455,-42.16985321044922,0.07022617012262344,0.24051371216773987,-0.014599340036511421,-0.016561882570385933,-0.10186697542667389,-0.21313557028770447,0.02054387331008911,11.399348258972168,9.904912948608398,10.416869163513184,10.454898834228516,-0.013798828236758709,-0.027597656473517418,0.015332031063735485,0.019931640475988388,0.0,-0.019136089831590652,-0.024234561249613762,0.017484216019511223,0.019514916464686394,0.0,-0.11816444993019104,-0.4705584645271301,-9.305127143859863,-0.10854455083608627,0.005629103630781174,-7.667246341705322,0.0,0.0,0.0,0.0,0.0,0.0,0.0,0.0,0.0,0.0,0.0,0.0,-0.018640784546732903,-0.02446671389043331,0.016992924734950066,0.020185943692922592,0.2696497142314911,0.2381439357995987,0.25075045228004456,0.24880379438400269,0.4035942852497101,-0.4608737528324127,0.2916075885295868,0.0,0.0,0.0,0.0,0.0,0.0,0.0
14656984722,0,0.01219117920845747,-0.04375350475311279,-0.13141104578971863,6.569455581484362e-05,-0.04113857448101044,-0.8442511558532715,0.028198059648275375,0.004918953403830528,0.004900564439594746,-0.024251090362668037,0.005229886621236801,-0.5,-0.011810650117695332,-0.0275033600628376,0.011961719952523708,0.0,0.0,-0.0047828578390181065,0.0175615344196558,-0.0011844257824122906,0.01799156703054905,0.09070335328578949,0.21737028658390045,-0.019976139068603516,-0.6646166443824768,0.019633769989013672,-42.10179138183594,0.07058694958686829,0.23485088348388672,-0.00934930145740509,-0.01674526371061802,-0.10186697542667389,-0.21313557028770447,0.02054387331008911,11.312359809875488,9.958730697631836,10.413044929504395,10.424818992614746,-0.010732421651482582,-0.027597656473517418,0.012265625409781933,0.02299804612994194,0.0,-0.02176881767809391,-0.0261228084564209,0.020152483135461807,0.021461747586727142,0.0,-0.18156974017620087,0.33934229612350464,-9.781986236572266,-0.12313975393772125,0.01871708780527115,-7.714945316314697,0.0,0.0,0.0,0.0,0.0,0.0,0.0,0.0,0.0,0.0,0.0,0.0,-0.018655724823474884,-0.024383755400776863,0.016964184120297432,0.019952407106757164,0.2696497142314911,0.2381439357995987,0.25075045228004456,0.24880379438400269,-0.007944873534142971,0.533902645111084,0.14512327313423157,0.0,0.0,0.0,0.0,0.0,0.0,0.0
14666459517,0,0.01219117920845747,-0.04375350475311279,-0.13141104578971863,6.569455581484362e-05,-0.04113857448101044,-0.8442511558532715,0.028198059648275375,0.004918953403830528,0.004900564439594746,-0.02483753301203251,0.004077231511473656,-0.5,-0.011810650117695332,-0.0275033600628376,0.011961719952523708,0.0,0.0,-0.0047828578390181065,0.0175615344196558,-0.0011844257824122906,0.01799156703054905,0.09070335328578949,0.21737028658390045,-0.019976139068603516,-0.6646166443824768,0.019633769989013672,-42.10179138183594,0.07020963728427887,0.2121746838092804,-0.01343904435634613,-0.016958940774202347,-0.10071706771850586,-0.21379035711288452,0.021035749465227127,11.312359809875488,9.958730697631836,10.413044929504395,10.424818992614746,-0.009199218824505806,-0.026064453646540642,0.012265625409781933,0.02299804612994194,0.0,-0.021789351478219032,-0.026146138086915016,0.020130176097154617,0.021439464762806892,0.0,-0.18156974017620087,0.33934229612350464,-9.781986236572266,-0.11988846212625504,-0.008648309856653214,-7.667989730834961,0.0,0.0,0.0,0.0,0.0,0.0,0.0,0.0,0.0,0.0,0.0,0.0,-0.019117018207907677,-0.024577824398875237,0.01741425320506096,0.02002522721886635,0.2672080993652344,0.2404051572084427,0.24944357573986053,0.24967727065086365,-0.007944873534142971,0.533902645111084,0.14512327313423157,0.0,0.0,0.0,0.0,0.0,0.0,0.0
14676596791,0,0.012484398670494556,-0.043177179992198944,-0.13115109503269196,6.569455581484362e-05,-0.04113857448101044,-0.8442511558532715,0.026144102215766907,0.01702716201543808,-0.0030801116954535246,-0.02483753301203251,0.004077231511473656,-0.5,-0.011126918718218803,-0.027173573151230812,0.012540302239358425,0.0,0.0,-0.0047828578390181065,0.0004429127147886902,0.009236365556716919,0.03951055929064751,0.09179888665676117,0.2140013724565506,-0.020412707701325417,-0.5718847513198853,0.014716673642396927,-42.37160110473633,0.09737978875637054,0.2021973431110382,-0.03550565987825394,-0.01740296185016632,-0.10009943693876266,-0.21368348598480225,0.021910736337304115,11.958845138549805,9.530940055847168,11.004674911499023,9.885162353515625,-0.010732421651482582,-0.026064453646540642,0.013798828236758709,0.021464843302965164,0.0,-0.018054980784654617,-0.02374712936580181,0.016182225197553635,0.019067980349063873,0.0,-0.35496363043785095,-0.06988684833049774,-9.478534698486328,-0.11988846212625504,-0.008648309856653214,-7.667989730834961,0.0,0.0,0.0,0.0,0.0,0.0,0.0,0.0,0.0,0.0,0.0,0.0,-0.01966378465294838,-0.024850919842720032,0.017955666407942772,0.02021363377571106,0.279876172542572,0.23185431957244873,0.2611491084098816,0.23893742263317108,-0.7459704279899597,0.3999048173427582,0.6927706003189087,0.0,0.0,0.0,0.0,0.0,0.0,0.0
14686294296,0,0.012484398670494556,-0.043177179992198944,-0.13115109503269196,6.569455581484362e-05,-0.04113857448101044,-0.8442511558532715,0.026144102215766907,0.01702716201543808,-0.0030801116954535246,-0.02483753301203251,0.004077231511473656,-0.5,-0.011126918718218803,-0.027173573151230812,0.012540302239358425,0.0,0.0,-0.0047828578390181065,0.0004429127147886902,0.009236365556716919,0.03951055929064751,0.09179888665676117,0.2140013724565506,-0.020412707701325417,-0.5718847513198853,0.014716673642396927,-42.37160110473633,0.09737978875637054,0.2021973431110382,-0.03550565987825394,-0.01740296185016632,-0.10009943693876266,-0.21368348598480225,0.021910736337304115,11.958845138549805,9.530940055847168,11.004674911499023,9.885162353515625,-0.012265625409781933,-0.027597656473517418,0.015332031063735485,0.018398437649011612,0.0,-0.018054980784654617,-0.02374712936580181,0.016182225197553635,0.019067980349063873,0.0,-0.35496363043785095,-0.06988684833049774,-9.478534698486328,-0.11988846212625504,-0.008648309856653214,-7.667989730834961,0.0,0.0,0.0,0.0,0.0,0.0,0.0,0.0,0.0,0.0,0.0,0.0,-0.019808094948530197,-0.02489222213625908,0.0180768184363842,0.020204292610287666,0.279876172542572,0.23185431957244873,0.2611491084098816,0.23893742263317108,-0.7459704279899597,0.3999048173427582,0.6927706003189087,0.0,0.0,0.0,0.0,0.0,0.0,0.0
14696244969,0,0.012897329404950142,-0.04237743839621544,-0.13061919808387756,6.569455581484362e-05,-0.04113857448101044,-0.8442511558532715,0.01776740886271,0.003456222591921687,0.00034555629827082157,-0.025970425456762314,0.0020657507702708244,-0.5,-0.012248534709215164,-0.026594102382659912,0.013571176677942276,0.0,0.0,-0.0047828578390181065,0.0004429127147886902,0.009236365556716919,0.03951055929064751,0.09296891838312149,0.21477365493774414,-0.022370658814907074,-0.5718847513198853,0.014716673642396927,-42.37160110473633,0.09737978875637054,0.2021973431110382,-0.03550565987825394,-0.01740296185016632,-0.10009943693876266,-0.21368348598480225,0.021910736337304115,11.958845138549805,9.530940055847168,11.004674911499023,9.885162353515625,-0.012265625409781933,-0.03066406212747097,0.013798828236758709,0.016865234822034836,0.0,-0.018054980784654617,-0.02374712936580181,0.016182225197553635,0.019067980349063873,0.0,-0.35496363043785095,-0.06988684833049774,-9.478534698486328,-0.11684960871934891,0.017969174310564995,-7.772916316986084,0.0,0.0,0.0,0.0,0.0,0.0,0.0,0.0,0.0,0.0,0.0,0.0,-0.01955556869506836,-0.024701233953237534,0.017786797136068344,0.019990019500255585,0.279876172542572,0.23185431957244873,0.2611491084098816,0.23893742263317108,-0.7459704279899597,0.3999048173427582,0.6927706003189087,0.0,0.0,0.0,0.0,0.0,0.0,0.0
14706313334,0,0.013050842098891735,-0.04217144474387169,-0.13042359054088593,6.569455581484362e-05,-0.04113857448101044,-0.8442511558532715,0.02348562330007553,0.0026114294305443764,0.006990530528128147,-0.025970425456762314,0.0020657507702708244,-0.5,-0.012610622681677341,-0.026740040630102158,0.0137313362210989,0.0,0.0,-0.0047828578390181065,-0.022483360022306442,-8.088533650152385e-05,0.03678930178284645,0.09296891838312149,0.21477365493774414,-0.022370658814907074,-0.6426728367805481,0.0988304615020752,-42.751041412353516,0.12774868309497833,0.21885739266872406,-0.02633131854236126,-0.017867347225546837,-0.10025979578495026,-0.21353697776794434,0.023074407130479813,11.894648551940918,9.87714672088623,10.798748016357422,10.187851905822754,-0.012265625409781933,-0.03066406212747097,0.015332031063735485,0.016865234822034836,0.0,-0.01779872365295887,-0.028512300923466682,0.01600774936378002,0.023828668519854546,0.0,-0.38364121317863464,0.8075034618377686,-9.986030578613281,-0.11684960871934891,0.017969174310564995,-7.772916316986084,0.0,0.0,0.0,0.0,0.0,0.0,0.0,0.0,0.0,0.0,0.0,0.0,-0.019142651930451393,-0.024651071056723595,0.017340024933218956,0.019934115931391716,0.2786221504211426,0.2387775033712387,0.2570829391479492,0.24496890604496002,-0.8711386919021606,-0.37230372428894043,-0.03186327964067459,0.0,0.0,0.0,0.0,0.0,0.0,0.0
14716296262,0,0.013050842098891735,-0.04217144474387169,-0.13042359054088593,6.569455581484362e-05,-0.04113857448101044,-0.8442511558532715,0.02348562330007553,0.0026114294305443764,0.006990530528128147,-0.025970425456762314,0.0020657507702708244,-0.5,-0.012610622681677341,-0.026740040630102158,0.0137313362210989,0.0,0.0,-0.0047828578390181065,-0.0125582255423069,-0.0036031121853739023,0.024610986933112144,0.09296891838312149,0.21477365493774414,-0.022370658814907074,-0.6315811276435852,0.018923185765743256,-42.805816650390625,0.10950245708227158,0.22116300463676453,-0.011283934116363525,-0.01813225820660591,-0.10044091939926147,-0.2135797142982483,0.02349647879600525,11.508442878723145,10.234972953796387,10.460331916809082,10.609671592712402,-0.013798828236758709,-0.03066406212747097,0.018398437649011612,0.018398437649011612,0.0,-0.020535612478852272,-0.024398865178227425,0.018824446946382523,0.019820865243673325,0.0,-0.3220723569393158,0.7281517386436462,-9.255410194396973,-0.11684960871934891,0.017969174310564995,-7.772916316986084,0.0,0.0,0.0,0.0,0.0,0.0,0.0,0.0,0.0,0.0,0.0,0.0,-0.01882966235280037,-0.024929314851760864,0.017012445256114006,0.020220767706632614,0.27105921506881714,0.24590614438056946,0.2503819167613983,0.25334200263023376,0.1115550622344017,-0.3916856348514557,-0.5924538373947144,0.0,0.0,0.0,0.0,0.0,0.0,0.0
14726041696,0,0.01329900324344635,-0.04166947677731514,-0.13003505766391754,6.569455581484362e-05,-0.04113857448101044,-0.8442511558532715,0.022610541433095932,0.015079738572239876,0.005650983192026615,-0.026466749608516693,0.0010618099477142096,-0.5,-0.01173468865454197,-0.027205780148506165,0.013917733915150166,0.0,0.0,-0.0047828578390181065,-0.0125582255423069,-0.0036031121853739023,0.024610986933112144,0.09805978089570999,0.21364302933216095,-0.02250998467206955,-0.678719162940979,0.002314778743311763,-42.96668243408203,0.07857173681259155,0.20726557075977325,-0.006656931713223457,-0.018618416041135788,-0.10036017745733261,-0.21368476748466492,0.023856977000832558,11.36471939086914,10.365633964538574,10.453330039978027,10.79127025604248,-0.015332031063735485,-0.029130859300494194,0.021464843302965164,0.02299804612994194,0.0,-0.022825462743639946,-0.02518387883901596,0.020942961797118187,0.020438728854060173,0.0,-0.597796618938446,0.17260217666625977,-9.718094825744629,-0.11697761714458466,-0.009887929074466228,-7.771824836730957,0.0,0.0,0.0,0.0,0.0,0.0,0.0,0.0,0.0,0.0,0.0,0.0,-0.018969902768731117,-0.02519425004720688,0.01715349219739437,0.02050134539604187,0.26823732256889343,0.24850256741046906,0.25024309754371643,0.2569352090358734,0.1115550622344017,-0.3916856348514557,-0.5924538373947144,0.0,0.0,0.0,0.0,0.0,0.0,0.0
14736034870,0,0.01359339989721775,-0.04124249145388603,-0.1296328604221344,6.569455581484362e-05,-0.04113857448101044,-0.8442511558532715,0.017424046993255615,0.015073972754180431,0.009213672019541264,-0.027055546641349792,0.00020783499348908663,-0.5,-0.011616387404501438,-0.026525437831878662,0.01438985113054514,0.0,0.0,-0.0047828578390181065,0.01219829823821783,0.017491476610302925,0.021084994077682495,0.09152272343635559,0.2112245112657547,-0.02281991019845009,-0.678719162940979,0.002314778743311763,-42.96668243408203,0.07857173681259155,0.20726557075977325,-0.006656931713223457,-0.018618416041135788,-0.10036017745733261,-0.21368476748466492,0.023856977000832558,11.507426261901855,10.202065467834473,10.676467895507812,10.579241752624512,-0.015332031063735485,-0.026064453646540642,0.021464843302965164,0.02299804612994194,0.0,-0.022542359307408333,-0.025587737560272217,0.020505184307694435,0.02084842137992382,0.0,-0.28685107827186584,0.6434374451637268,-9.909076690673828,-0.10743826627731323,-0.011712100356817245,-7.810327053070068,0.0,0.0,0.0,0.0,0.0,0.0,0.0,0.0,0.0,0.0,0.0,0.0,-0.019631633535027504,-0.02530505135655403,0.01780419424176216,0.020618179813027382,0.26823732256889343,0.24850256741046906,0.25024309754371643,0.2569352090358734,0.7639831304550171,0.7368391752243042,-0.01685234159231186,0.0,0.0,0.0,0.0,0.0,0.0,0.0
14746077903,0,0.01359339989721775,-0.04124249145388603,-0.1296328604221344,6.569455581484362e-05,-0.04113857448101044,-0.8442511558532715,0.017424046993255615,0.015073972754180431,0.009213672019541264,-0.027055546641349792,0.00020783499348908663,-0.5,-0.011616387404501438,-0.026525437831878662,0.01438985113054514,0.0,0.0,-0.0047828578390181065,0.01219829823821783,0.017491476610302925,0.021084994077682495,0.09159330278635025,0.21223986148834229,-0.023414449766278267,-0.5909104347229004,-0.0644165500998497,-42.9567985534668,0.07340767979621887,0.18616309762001038,-0.014067552983760834,-0.018837492913007736,-0.10016010701656342,-0.21354520320892334,0.02402225136756897,11.507426261901855,10.202065467834473,10.676467895507812,10.579241752624512,-0.015332031063735485,-0.024531250819563866,0.019931640475988388,0.019931640475988388,0.0,-0.021915314719080925,-0.020254069939255714,0.019784750416874886,0.015660377219319344,0.0,-0.28685107827186584,0.6434374451637268,-9.909076690673828,-0.10743826627731323,-0.011712100356817245,-7.810327053070068,0.0,0.0,0.0,0.0,0.0,0.0,0.0,0.0,0.0,0.0,0.0,0.0,-0.020478321239352226,-0.025147026404738426,0.018609581515192986,0.020459894090890884,0.2710394561290741,0.24525168538093567,0.25466445088386536,0.2527393400669098,0.7639831304550171,0.7368391752243042,-0.01685234159231186,0.0,0.0,0.0,0.0,0.0,0.0,0.0
14756127653,0,0.013726651668548584,-0.04105054959654808,-0.12943142652511597,6.569455581484362e-05,-0.04113857448101044,-0.8442511558532715,0.01817084103822708,0.015700234100222588,0.005318871233612299,-0.02732205018401146,-0.00017605065659154207,-0.5,-0.011911435052752495,-0.025999004021286964,0.014763051643967628,0.0,0.0,-0.0047828578390181065,0.004595184698700905,0.010250582359731197,0.027366353198885918,0.09159330278635025,0.21223986148834229,-0.023414449766278267,-0.5985106229782104,-0.07408472150564194,-42.81960678100586,0.08606857806444168,0.20196375250816345,-0.021539362147450447,-0.019093791022896767,-0.10016010701656342,-0.21354520320892334,0.02402225136756897,11.705229759216309,9.974811553955078,10.784479141235352,10.364479064941406,-0.015332031063735485,-0.026064453646540642,0.018398437649011612,0.019931640475988388,0.0,-0.022090431302785873,-0.020670201629400253,0.020126966759562492,0.015887469053268433,0.0,-0.17120981216430664,0.04063941165804863,-9.851953506469727,-0.1088201180100441,-0.01346994936466217,-7.7853827476501465,0.0,0.0,0.0,0.0,0.0,0.0,0.0,0.0,0.0,0.0,0.0,0.0,-0.02119690179824829,-0.02443167380988598,0.019271552562713623,0.019746216014027596,0.2710394561290741,0.24525168538093567,0.25466445088386536,0.2527393400669098,0.09295415878295898,0.0025519966147840023,0.25475507974624634,0.0,0.0,0.0,0.0,0.0,0.0,0.0
14766344475,0,0.014039880596101284,-0.040701258927583694,-0.1290973722934723,6.569455581484362e-05,-0.04113857448101044,-0.8442511558532715,0.02137049287557602,0.006683666724711657,-0.0023109563626348972,-0.027948511764407158,-0.0008746354724280536,-0.5,-0.013009550981223583,-0.026994092389941216,0.015423152595758438,0.0,0.0,-0.0047828578390181065,-0.014311162754893303,-0.00755327008664608,0.027815576642751694,0.10253652930259705,0.215013787150383,-0.024033721536397934,-0.6622970700263977,0.031086713075637817,-43.00227355957031,0.12429862469434738,0.23031316697597504,-0.020705360919237137,-0.01935529336333275,-0.09993885457515717,-0.21338315308094025,0.024705056101083755,11.834518432617188,10.054254531860352,10.705744743347168,10.418628692626953,-0.015332031063735485,-0.026064453646540642,0.016865234822034836,0.018398437649011612,0.0,-0.020636437460780144,-0.026478109881281853,0.01888146810233593,0.021512148901820183,0.0,-0.6525783538818359,0.328336626291275,-10.589606285095215,-0.11693796515464783,0.004245671909302473,-7.737053871154785,0.0,0.0,0.0,0.0,0.0,0.0,0.0,0.0,0.0,0.0,0.0,0.0,-0.021640034392476082,-0.023634493350982666,0.019681720063090324,0.018932178616523743,0.27744656801223755,0.24230916798114777,0.25524377822875977,0.24955444037914276,-0.7450934052467346,-0.7746113538742065,0.11736828833818436,0.0,0.0,0.0,0.0,0.0,0.0,0.0
14776104426,0,0.01432707253843546,-0.04037278890609741,-0.12885253131389618,6.569455581484362e-05,-0.04113857448101044,-0.8442511558532715,0.03200659155845642,0.002705504186451435,0.0014486153377220035,-0.028522899374365807,-0.0015315788332372904,-0.5,-0.012584364041686058,-0.026683416217565536,0.015556693077087402,0.0,0.0,-0.0047828578390181065,-0.02071756310760975,0.016752202063798904,0.02153777703642845,0.09916181862354279,0.212533101439476,-0.024203266948461533,-0.765978991985321,0.06006988137960434,-42.79648971557617,0.12429862469434738,0.23031316697597504,-0.020705360919237137,-0.01935529336333275,-0.09993885457515717,-0.21338315308094025,0.024705056101083755,11.4993896484375,10.294093132019043,10.523767471313477,10.487859725952148,-0.018398437649011612,-0.027597656473517418,0.018398437649011612,0.018398437649011612,0.0,-0.02353515475988388,-0.03041929379105568,0.021718086674809456,0.025843607261776924,0.0,-0.6525783538818359,0.328336626291275,-10.589606285095215,-0.1392689049243927,0.010921796783804893,-7.781179904937744,0.0,0.0,0.0,0.0,0.0,0.0,0.0,0.0,0.0,0.0,0.0,0.0,-0.021873578429222107,-0.0236810389906168,0.019924093037843704,0.01894824020564556,0.27744656801223755,0.24230916798114777,0.25524377822875977,0.24955444037914276,-0.3148220479488373,0.896212100982666,-0.21256589889526367,0.0,0.0,0.0,0.0,0.0,0.0,0.0
14786429878,0,0.01432707253843546,-0.04037278890609741,-0.12885253131389618,6.569455581484362e-05,-0.04113857448101044,-0.8442511558532715,0.03200659155845642,0.002705504186451435,0.0014486153377220035,-0.028522899374365807,-0.0015315788332372904,-0.5,-0.012584364041686058,-0.026683416217565536,0.015556693077087402,0.0,0.0,-0.0047828578390181065,-0.02071756310760975,0.016752202063798904,0.02153777703642845,0.10327786952257156,0.20455564558506012,-0.02433663234114647,-0.765978991985321,0.06006988137960434,-42.79648971557617,0.12714365124702454,0.17884132266044617,-0.012429393827915192,-0.019850753247737885,-0.10031186789274216,-0.21343110501766205,0.02526172064244747,11.4993896484375,10.294093132019043,10.523767471313477,10.487859725952148,-0.018398437649011612,-0.027597656473517418,0.019931640475988388,0.018398437649011612,0.0,-0.02358199842274189,-0.03047163039445877,0.02166689746081829,0.025792237371206284,0.0,-0.6751613020896912,0.3962051272392273,-10.00724983215332,-0.1392689049243927,0.010921796783804893,-7.781179904937744,0.0,0.0,0.0,0.0,0.0,0.0,0.0,0.0,0.0,0.0,0.0,0.0,-0.022163482382893562,-0.0247679203748703,0.020241115242242813,0.02002633363008499,0.270881712436676,0.24708129465579987,0.2516396939754486,0.25092795491218567,-0.3148220479488373,0.896212100982666,-0.21256589889526367,0.0,0.0,0.0,0.0,0.0,0.0,0.0
14796225100,0,0.014459489844739437,-0.04022248089313507,-0.128731369972229,6.569455581484362e-05,-0.04113857448101044,-0.8442511558532715,0.02462994121015072,0.004953337833285332,-0.002337238984182477,-0.028787733986973763,-0.0018321963725611567,-0.5,-0.012791107408702374,-0.02607368491590023,0.015677541494369507,0.0,0.0,-0.0047828578390181065,-0.02011190354824066,0.0324111171066761,0.02145294100046158,0.10327786952257156,0.20455564558506012,-0.02433663234114647,-0.6841202974319458,0.031534790992736816,-42.6894645690918,0.12630386650562286,0.15802925825119019,-0.013216236606240273,-0.020117534324526787,-0.10052616149187088,-0.21309037506580353,0.025502391159534454,11.458942413330078,10.278788566589355,10.549729347229004,10.41068172454834,-0.018398437649011612,-0.027597656473517418,0.019931640475988388,0.019931640475988388,0.0,-0.022044887766242027,-0.026746531948447227,0.01979866437613964,0.022205501794815063,0.0,-0.44685426354408264,0.04214424267411232,-9.62844467163086,-0.12438550591468811,0.00573359802365303,-7.761721134185791,0.0,0.0,0.0,0.0,0.0,0.0,0.0,0.0,0.0,0.0,0.0,0.0,-0.022494744509458542,-0.02618069015443325,0.020576301962137222,0.021457426249980927,0.2700877785682678,0.24677716195583344,0.2521544098854065,0.24939672648906708,-0.13154500722885132,1.2231518030166626,-0.13257449865341187,0.0,0.0,0.0,0.0,0.0,0.0,0.0
14806229185,0,0.014732462354004383,-0.04001355916261673,-0.12845757603645325,6.569455581484362e-05,-0.04113857448101044,-0.8442511558532715,0.022185420617461205,0.009739142842590809,-0.0014004254480823874,-0.029333682730793953,-0.00225004181265831,-0.5,-0.013137906789779663,-0.02528649941086769,0.016098901629447937,0.0,0.0,-0.0047828578390181065,-0.012906086631119251,0.020643221214413643,0.02668696828186512,0.10487651079893112,0.20267188549041748,-0.024759747087955475,-0.6608024835586548,-0.023760182783007622,-42.82129669189453,0.1145111471414566,0.18698225915431976,-0.019966445863246918,-0.020613819360733032,-0.10052616149187088,-0.21309037506580353,0.025502391159534454,11.688451766967773,10.07999038696289,10.724315643310547,10.337918281555176,-0.018398437649011612,-0.029130859300494194,0.019931640475988388,0.019931640475988388,0.0,-0.022625600919127464,-0.0245694387704134,0.02048042044043541,0.01962050423026085,0.0,-0.23259374499320984,-0.20244431495666504,-10.024618148803711,-0.12014590203762054,-0.004320033360272646,-7.7856903076171875,0.0,0.0,0.0,0.0,0.0,0.0,0.0,0.0,0.0,0.0,0.0,0.0,-0.022672349587082863,-0.02705133520066738,0.020715290680527687,0.02234550751745701,0.2700877785682678,0.24677716195583344,0.2521544098854065,0.24939672648906708,0.14126642048358917,-0.14681480824947357,0.16297952830791473,0.0,0.0,0.0,0.0,0.0,0.0,0.0
14816293174,0,0.014855326153337955,-0.03990086913108826,-0.12833772599697113,6.569455581484362e-05,-0.04113857448101044,-0.8442511558532715,0.021144632250070572,0.0056535289622843266,-0.004949170630425215,-0.029579412192106247,-0.002475423039868474,-0.5,-0.013414519838988781,-0.025392921641469002,0.016569212079048157,0.0,0.0,-0.0047828578390181065,-0.012906086631119251,0.020643221214413643,0.02668696828186512,0.10301772505044937,0.20615732669830322,-0.025246992707252502,-0.6608024835586548,-0.023760182783007622,-42.82129669189453,0.1145111471414566,0.18698225915431976,-0.019966445863246918,-0.020613819360733032,-0.1008053719997406,-0.21227942407131195,0.02601354755461216,11.688451766967773,10.07999038696289,10.724315643310547,10.337918281555176,-0.018398437649011612,-0.027597656473517418,0.018398437649011612,0.019931640475988388,0.0,-0.022625600919127464,-0.0245694387704134,0.02048042044043541,0.01962050423026085,0.0,-0.23259374499320984,-0.20244431495666504,-10.024618148803711,-0.11842203885316849,0.0036007112357765436,-7.766103744506836,0.0,0.0,0.0,0.0,0.0,0.0,0.0,0.0,0.0,0.0,0.0,0.0,-0.02272428199648857,-0.02712198533117771,0.020708857104182243,0.02239868976175785,0.274588018655777,0.24282187223434448,0.25561121106147766,0.24795208871364594,0.14126642048358917,-0.14681480824947357,0.16297952830791473,0.0,0.0,0.0,0.0,0.0,0.0,0.0
14826230988,0,0.014855326153337955,-0.03990086913108826,-0.12833772599697113,6.569455581484362e-05,-0.04113857448101044,-0.8442511558532715,0.021144632250070572,0.0056535289622843266,-0.004949170630425215,-0.029579412192106247,-0.002475423039868474,-0.5,-0.013414519838988781,-0.025392921641469002,0.016569212079048157,0.0,0.0,-0.0047828578390181065,-0.011171679012477398,0.014042737893760204,0.029623761773109436,0.10301772505044937,0.20615732669830322,-0.025246992707252502,-0.6513212323188782,0.019803911447525024,-42.71356964111328,0.11343450099229813,0.19453847408294678,-0.02263181284070015,-0.02088497206568718,-0.10089989751577377,-0.2120104283094406,0.026369301602244377,11.738421440124512,9.972846031188965,10.754077911376953,10.257883071899414,-0.016865234822034836,-0.027597656473517418,0.016865234822034836,0.018398437649011612,0.0,-0.02095632255077362,-0.026071706786751747,0.01865205727517605,0.020919829607009888,0.0,-0.26396453380584717,0.0715763121843338,-9.563159942626953,-0.11842203885316849,0.0036007112357765436,-7.766103744506836,0.0,0.0,0.0,0.0,0.0,0.0,0.0,0.0,0.0,0.0,0.0,0.0,-0.02265460416674614,-0.026755018159747124,0.020579194650053978,0.021972134709358215,0.27556630969047546,0.24068683385849,0.2561998963356018,0.24636176228523254,0.09184635430574417,-0.3155156075954437,0.2186661660671234,0.0,0.0,0.0,0.0,0.0,0.0,0.0
14836832045,0,0.014965292997658253,-0.03977672755718231,-0.12820763885974884,6.569455581484362e-05,-0.04113857448101044,-0.8442511558532715,0.024631613865494728,0.004183880984783173,-0.004894721787422895,-0.02979934588074684,-0.0027237075846642256,-0.5,-0.013508811593055725,-0.025362199172377586,0.0169112179428339,0.0,0.0,-0.0047828578390181065,-0.016513800248503685,0.030159173533320427,0.023807207122445107,0.10649954527616501,0.20208923518657684,-0.025824569165706635,-0.6513212323188782,0.019803911447525024,-42.71356964111328,0.11343450099229813,0.19453847408294678,-0.02263181284070015,-0.02088497206568718,-0.10089989751577377,-0.2120104283094406,0.026369301602244377,11.505841255187988,10.26137638092041,10.58736515045166,10.409027099609375,-0.016865234822034836,-0.029130859300494194,0.016865234822034836,0.018398437649011612,0.0,-0.02138000726699829,-0.02533845789730549,0.018945790827274323,0.020616021007299423,0.0,-0.2400209903717041,-0.17681069672107697,-9.916650772094727,-0.1258286088705063,0.006295721046626568,-7.774683475494385,0.0,0.0,0.0,0.0,0.0,0.0,0.0,0.0,0.0,0.0,0.0,0.0,-0.02240350842475891,-0.026345321908593178,0.02025770954787731,0.021494215354323387,0.27556630969047546,0.24068683385849,0.2561998963356018,0.24636176228523254,-0.27655109763145447,0.6741592288017273,-0.16585703194141388,0.0,0.0,0.0,0.0,0.0,0.0,0.0
14846032703,0,0.014965292997658253,-0.03977672755718231,-0.12820763885974884,6.569455581484362e-05,-0.04113857448101044,-0.8442511558532715,0.024631613865494728,0.004183880984783173,-0.004894721787422895,-0.03025382198393345,-0.0031514475122094154,-0.5,-0.013508811593055725,-0.025362199172377586,0.0169112179428339,0.0,0.0,-0.0047828578390181065,-0.016513800248503685,0.030159173533320427,0.023807207122445107,0.10649954527616501,0.20208923518657684,-0.025824569165706635,-0.6716449856758118,0.08022765070199966,-42.75312805175781,0.12505172193050385,0.1610424518585205,-0.01425173506140709,-0.021439462900161743,-0.10115926712751389,-0.21135112643241882,0.027031023055315018,11.505841255187988,10.26137638092041,10.58736515045166,10.409027099609375,-0.015332031063735485,-0.029130859300494194,0.016865234822034836,0.018398437649011612,0.0,-0.02019992470741272,-0.028180347755551338,0.017549533396959305,0.023301435634493828,0.0,-0.13812386989593506,-0.1380884200334549,-9.627262115478516,-0.11759035289287567,0.017635762691497803,-7.824947834014893,0.0,0.0,0.0,0.0,0.0,0.0,0.0,0.0,0.0,0.0,0.0,0.0,-0.022017166018486023,-0.026122961193323135,0.019779551774263382,0.021235015243291855,0.27100834250450134,0.24643105268478394,0.2529001832008362,0.24936383962631226,-0.27655109763145447,0.6741592288017273,-0.16585703194141388,0.0,0.0,0.0,0.0,0.0,0.0,0.0
14858085770,0,0.015192530117928982,-0.039562858641147614,-0.12796920537948608,6.569455581484362e-05,-0.04113857448101044,-0.8442511558532715,0.020247383043169975,-0.00195715413428843,-0.0006593776633962989,-0.03025382198393345,-0.0031514475122094154,-0.5,-0.013415641151368618,-0.024840692058205605,0.017046412453055382,0.0,0.0,-0.0047828578390181065,-0.020013246685266495,0.031092898920178413,0.018995489925146103,0.11137272417545319,0.19346483051776886,-0.026181690394878387,-0.6467469334602356,0.09699669480323792,-43.03721237182617,0.13218212127685547,0.15866132080554962,-0.009147495031356812,-0.021677197888493538,-0.10135061293840408,-0.21089063584804535,0.02718813344836235,11.45602035522461,10.474761009216309,10.523676872253418,10.592555046081543,-0.015332031063735485,-0.029130859300494194,0.018398437649011612,0.019931640475988388,0.0,-0.019024178385734558,-0.027356330305337906,0.016231151297688484,0.02260185033082962,0.0,-0.13812386989593506,-0.1380884200334549,-9.627262115478516,-0.11759035289287567,0.017635762691497803,-7.824947834014893,0.0,0.0,0.0,0.0,0.0,0.0,0.0,0.0,0.0,0.0,0.0,0.0,-0.02149202674627304,-0.026224130764603615,0.01913648098707199,0.021332692354917526,0.27100834250450134,0.24643105268478394,0.2529001832008362,0.24936383962631226,-0.3775205910205841,0.4331030249595642,-0.2828190326690674,0.0,0.0,0.0,0.0,0.0,0.0,0.0
14866312875,0,0.015325277112424374,-0.039472512900829315,-0.12783481180667877,6.569455581484362e-05,-0.04113857448101044,-0.8442511558532715,0.023349320515990257,0.0023873457685112953,0.006925841327756643,-0.03051931783556938,-0.0033321399241685867,-0.5,-0.013742736540734768,-0.024354202672839165,0.01694919355213642,0.0,0.0,-0.0047828578390181065,-0.012949221767485142,0.00751193892210722,0.019626712426543236,0.11222473531961441,0.19379208981990814,-0.026372157037258148,-0.621883749961853,0.028975004330277443,-43.27170181274414,0.13677911460399628,0.17492619156837463,-0.008803227916359901,-0.02194959484040737,-0.10165629535913467,-0.21038047969341278,0.02728954702615738,11.536834716796875,10.5250244140625,10.542306900024414,10.676485061645508,-0.016865234822034836,-0.027597656473517418,0.019931640475988388,0.019931640475988388,0.0,-0.020239435136318207,-0.024132603779435158,0.017621975392103195,0.019319824874401093,0.0,-0.11042560636997223,-0.054152581840753555,-10.238029479980469,-0.1244201585650444,0.009226392954587936,-7.889687538146973,0.0,0.0,0.0,0.0,0.0,0.0,0.0,0.0,0.0,0.0,0.0,0.0,-0.020888671278953552,-0.02637210488319397,0.01840907707810402,0.021495791152119637,0.27100834250450134,0.24643105268478394,0.2529001832008362,0.24936383962631226,0.2995350658893585,-0.8444488048553467,0.0992145836353302,0.0,0.0,0.0,0.0,0.0,0.0,0.0
14876121927,0,0.015325277112424374,-0.039472512900829315,-0.12783481180667877,6.569455581484362e-05,-0.04113857448101044,-0.8442511558532715,0.023349320515990257,0.0023873457685112953,0.006925841327756643,-0.03051931783556938,-0.0033321399241685867,-0.5,-0.013742736540734768,-0.024354202672839165,0.01694919355213642,0.0,0.0,-0.0047828578390181065,-0.012949221767485142,0.00751193892210722,0.019626712426543236,0.10983294993638992,0.1974838376045227,-0.02669631689786911,-0.6778714656829834,-0.011969543062150478,-43.49165725708008,0.1197868213057518,0.19841638207435608,-0.01355590671300888,-0.022178512066602707,-0.10189396142959595,-0.21008162200450897,0.02738642692565918,11.72104263305664,10.398983001708984,10.705771446228027,10.67527961730957,-0.019931640475988388,-0.029130859300494194,0.021464843302965164,0.018398437649011612,0.0,-0.02286708354949951,-0.024960702285170555,0.02053135260939598,0.019797001034021378,0.0,-0.11042560636997223,-0.054152581840753555,-10.238029479980469,-0.1244201585650444,0.009226392954587936,-7.889687538146973,0.0,0.0,0.0,0.0,0.0,0.0,0.0,0.0,0.0,0.0,0.0,0.0,-0.02053728885948658,-0.02621854841709137,0.017976142466068268,0.0213478971272707,0.2752262353897095,0.24916458129882812,0.2552444636821747,0.2546409070491791,0.2995350658893585,-0.8444488048553467,0.0992145836353302,0.0,0.0,0.0,0.0,0.0,0.0,0.0
14886275002,0,0.015834810212254524,-0.03919846564531326,-0.12737998366355896,6.569455581484362e-05,-0.04113857448101044,-0.8442511558532715,0.023603443056344986,0.0006927218637429178,-0.0009592573624104261,-0.03153838962316513,-0.0038802369963377714,-0.5,-0.013800626620650291,-0.024867719039320946,0.018202070146799088,0.0,0.0,-0.0047828578390181065,0.021437492221593857,-0.014041881076991558,0.023472029715776443,0.10983294993638992,0.1974838376045227,-0.02669631689786911,-0.6778714656829834,-0.011969543062150478,-43.49165725708008,0.1197868213057518,0.19841638207435608,-0.01355590671300888,-0.022178512066602707,-0.10189396142959595,-0.21008162200450897,0.02738642692565918,11.755020141601562,10.167695999145508,10.753438949584961,10.570379257202148,-0.019931640475988388,-0.03066406212747097,0.021464843302965164,0.018398437649011612,0.0,-0.022800974547863007,-0.025528613477945328,0.02044033259153366,0.019993500784039497,0.0,-0.19982434809207916,-0.10106074064970016,-9.714960098266602,-0.12729762494564056,0.011534496210515499,-7.848400592803955,0.0,0.0,0.0,0.0,0.0,0.0,0.0,0.0,0.0,0.0,0.0,0.0,-0.020670117810368538,-0.025898916646838188,0.018096312880516052,0.020976031199097633,0.2752262353897095,0.24916458129882812,0.2552444636821747,0.2546409070491791,1.3498798608779907,-0.891474187374115,0.19350576400756836,0.0,0.0,0.0,0.0,0.0,0.0,0.0
14896148608,0,0.015834810212254524,-0.03919846564531326,-0.12737998366355896,6.569455581484362e-05,-0.04113857448101044,-0.8442511558532715,0.023603443056344986,0.0006927218637429178,-0.0009592573624104261,-0.03153838962316513,-0.0038802369963377714,-0.5,-0.013800626620650291,-0.024867719039320946,0.018202070146799088,0.0,0.0,-0.0047828578390181065,0.021437492221593857,-0.014041881076991558,0.023472029715776443,0.10599645227193832,0.19821901619434357,-0.026772819459438324,-0.7001369595527649,0.06343972682952881,-43.166202545166016,0.0710601657629013,0.2211756408214569,-0.016909781843423843,-0.022708911448717117,-0.10184913128614426,-0.20996670424938202,0.02780251018702984,11.683435440063477,10.12363052368164,10.748350143432617,10.620381355285645,-0.019931640475988388,-0.03066406212747097,0.019931640475988388,0.018398437649011612,0.0,-0.021381476894021034,-0.029109159484505653,0.0186479315161705,0.023097407072782516,0.0,-0.19982434809207916,-0.10106074064970016,-9.714960098266602,-0.12729762494564056,0.011534496210515499,-7.848400592803955,0.0,0.0,0.0,0.0,0.0,0.0,0.0,0.0,0.0,0.0,0.0,0.0,-0.0210662093013525,-0.025812365114688873,0.018509460613131523,0.020745962858200073,0.2744898200035095,0.24369090795516968,0.2560866177082062,0.25355416536331177,1.3498798608779907,-0.891474187374115,0.19350576400756836,0.0,0.0,0.0,0.0,0.0,0.0,0.0
14906162780,0,0.01612151227891445,-0.03906792402267456,-0.12717054784297943,6.569455581484362e-05,-0.04113857448101044,-0.8442511558532715,0.024438153952360153,-0.0009771998738870025,-0.0020303523633629084,-0.032111797481775284,-0.004141321871429682,-0.5,-0.012723702937364578,-0.025397537276148796,0.018384188413619995,0.0,0.0,-0.0047828578390181065,0.021437492221593857,-0.014041881076991558,0.023472029715776443,0.10019831359386444,0.2023724466562271,-0.027603667229413986,-0.7001369595527649,0.06343972682952881,-43.166202545166016,0.0710601657629013,0.2211756408214569,-0.016909781843423843,-0.022708911448717117,-0.10184913128614426,-0.20996670424938202,0.02780251018702984,11.683435440063477,10.12363052368164,10.748350143432617,10.620381355285645,-0.018398437649011612,-0.027597656473517418,0.019931640475988388,0.019931640475988388,0.0,-0.021381476894021034,-0.029109159484505653,0.0186479315161705,0.023097407072782516,0.0,-0.19982434809207916,-0.10106074064970016,-9.714960098266602,-0.13066105544567108,0.013329314067959785,-7.855746269226074,0.0,0.0,0.0,0.0,0.0,0.0,0.0,0.0,0.0,0.0,0.0,0.0,-0.021384671330451965,-0.026212966069579124,0.01882088929414749,0.02092352695763111,0.2744898200035095,0.24369090795516968,0.2560866177082062,0.25355416536331177,1.3498798608779907,-0.891474187374115,0.19350576400756836,0.0,0.0,0.0,0.0,0.0,0.0,0.0
14917986192,0,0.01612151227891445,-0.03906792402267456,-0.12717054784297943,6.569455581484362e-05,-0.04113857448101044,-0.8442511558532715,0.024438153952360153,-0.0009771998738870025,-0.0020303523633629084,-0.032111797481775284,-0.004141321871429682,-0.5,-0.012723702937364578,-0.025397537276148796,0.018384188413619995,0.0,0.0,-0.0047828578390181065,0.044134899973869324,-0.02748223952949047,0.026895422488451004,0.10019831359386444,0.2023724466562271,-0.027603667229413986,-0.7186357975006104,0.0733112245798111,-43.20660400390625,0.045032087713479996,0.2365940362215042,-0.020611338317394257,-0.023202717304229736,-0.10094915330410004,-0.21023599803447723,0.02825300768017769,11.772279739379883,9.9760160446167,10.866432189941406,10.602747917175293,-0.019931640475988388,-0.024531250819563866,0.018398437649011612,0.019931640475988388,0.0,-0.021524855867028236,-0.030599741265177727,0.01867661252617836,0.02403147704899311,0.0,-0.008106255903840065,0.11925238370895386,-9.225142478942871,-0.13066105544567108,0.013329314067959785,-7.855746269226074,0.0,0.0,0.0,0.0,0.0,0.0,0.0,0.0,0.0,0.0,0.0,0.0,-0.02154731936752796,-0.027013175189495087,0.018943458795547485,0.021455084905028343,0.27622899413108826,0.24074992537498474,0.258420467376709,0.25320494174957275,1.1926437616348267,-0.8368031978607178,0.2836332321166992,0.0,0.0,0.0,0.0,0.0,0.0,0.0
14927005899,0,0.01612151227891445,-0.03906792402267456,-0.12717054784297943,6.569455581484362e-05,-0.04113857448101044,-0.8442511558532715,0.024438153952360153,-0.0009771998738870025,-0.0020303523633629084,-0.03246796876192093,-0.004232360981404781,-0.5,-0.012723702937364578,-0.025397537276148796,0.018384188413619995,0.0,0.0,-0.0047828578390181065,0.04006103798747063,-0.034366872161626816,0.0317462719976902,0.10019831359386444,0.2023724466562271,-0.027603667229413986,-0.7465575933456421,0.1073780208826065,-43.53740692138672,0.0524304136633873,0.24754422903060913,-0.0256565622985363,-0.02343369647860527,-0.10041249543428421,-0.21051502227783203,0.02857205457985401,12.00981616973877,9.927098274230957,11.046642303466797,10.565229415893555,-0.019931640475988388,-0.024531250819563866,0.018398437649011612,0.019931640475988388,0.0,-0.020939024165272713,-0.03298472240567207,0.01815245859324932,0.02616809867322445,0.0,-0.3258822560310364,-0.4454333186149597,-9.384512901306152,-0.13573774695396423,0.019523276016116142,-7.915892124176025,0.0,0.0,0.0,0.0,0.0,0.0,0.0,0.0,0.0,0.0,0.0,0.0,-0.021589526906609535,-0.028109807521104813,0.018928997218608856,0.022247403860092163,0.2808713912963867,0.23977425694465637,0.26197680830955505,0.25246164202690125,0.4835044741630554,-0.8265298008918762,0.3954596221446991,0.0,0.0,0.0,0.0,0.0,0.0,0.0
14938225414,0,0.016451457515358925,-0.038984380662441254,-0.12684392929077148,6.569455581484362e-05,-0.04113857448101044,-0.8442511558532715,0.024535195901989937,-0.003328667487949133,0.009741034358739853,-0.03277169167995453,-0.004308409057557583,-0.5,-0.01244339719414711,-0.025948673486709595,0.0187884122133255,0.0,0.0,-0.0047828578390181065,0.0163253266364336,-0.04694802686572075,0.04425506666302681,0.10019831359386444,0.2023724466562271,-0.027603667229413986,-0.7673036456108093,0.05414449796080589,-43.980098724365234,0.08781885355710983,0.2666555643081665,-0.035661082714796066,-0.02400200068950653,-0.09960057586431503,-0.2115067094564438,0.029743000864982605,12.453207015991211,9.812642097473145,11.324248313903809,10.400154113769531,-0.021464843302965164,-0.026064453646540642,0.016865234822034836,0.018398437649011612,0.0,-0.022343812510371208,-0.032261427491903305,0.01996297761797905,0.02541935443878174,0.0,-0.09793773293495178,0.6007065773010254,-9.46296501159668,-0.13337941467761993,0.01779664121568203,-7.958866119384766,0.0,0.0,0.0,0.0,0.0,0.0,0.0,0.0,0.0,0.0,0.0,0.0,-0.02158208005130291,-0.02940531075000763,0.018886294215917587,0.023227443918585777,0.28950685262680054,0.2374894917011261,0.2674418091773987,0.2491878867149353,-0.572981595993042,-0.6811320781707764,0.4364987313747406,0.0,0.0,0.0,0.0,0.0,0.0,0.0
14946276514,0,0.016948729753494263,-0.03891182690858841,-0.12614354491233826,6.569455581484362e-05,-0.04113857448101044,-0.8442511558532715,0.020912904292345047,0.00013736063556279987,0.016204839572310448,-0.0337662398815155,-0.004453517496585846,-0.5,-0.012087998911738396,-0.027114858850836754,0.020403781905770302,0.0,0.0,-0.0047828578390181065,0.015668760985136032,-0.044425662606954575,0.03777638077735901,0.10019831359386444,0.2023724466562271,-0.027603667229413986,-0.7150259017944336,0.05746801942586899,-44.10612106323242,0.08371476829051971,0.2641853392124176,-0.02489803172647953,-0.024306373670697212,-0.09960057586431503,-0.2115067094564438,0.029743000864982605,12.20534610748291,10.110529899597168,11.096917152404785,10.702791213989258,-0.02299804612994194,-0.03066406212747097,0.015332031063735485,0.018398437649011612,0.0,-0.02121375873684883,-0.029630661010742188,0.018570348620414734,0.023051908239722252,0.0,-0.09793773293495178,0.6007065773010254,-9.46296501159668,-0.13000470399856567,0.010448730550706387,-8.019294738769531,0.0,0.0,0.0,0.0,0.0,0.0,0.0,0.0,0.0,0.0,0.0,0.0,-0.02160204015672207,-0.0304814912378788,0.01891620270907879,0.02403923124074936,0.28950685262680054,0.2374894917011261,0.2674418091773987,0.2491878867149353,-0.302409827709198,-0.2374732792377472,-0.12404127418994904,0.0,0.0,0.0,0.0,0.0,0.0,0.0
14956313672,0,0.016948729753494263,-0.03891182690858841,-0.12614354491233826,6.569455581484362e-05,-0.04113857448101044,-0.8442511558532715,0.020912904292345047,0.00013736063556279987,0.016204839572310448,-0.0337662398815155,-0.004453517496585846,-0.5,-0.012087998911738396,-0.027114858850836754,0.020403781905770302,0.0,0.0,-0.0047828578390181065,0.015668760985136032,-0.044425662606954575,0.03777638077735901,0.09635942429304123,0.2173849493265152,-0.029483377933502197,-0.7150259017944336,0.05746801942586899,-44.10612106323242,0.08371476829051971,0.2641853392124176,-0.02489803172647953,-0.024306373670697212,-0.0993279367685318,-0.21211367845535278,0.030363917350769043,12.20534610748291,10.110529899597168,11.096917152404785,10.702791213989258,-0.021464843302965164,-0.03066406212747097,0.016865234822034836,0.019931640475988388,0.0,-0.02121375873684883,-0.029630661010742188,0.018570348620414734,0.023051908239722252,0.0,-0.35309121012687683,-0.5126184225082397,-10.277836799621582,-0.13000470399856567,0.010448730550706387,-8.019294738769531,0.0,0.0,0.0,0.0,0.0,0.0,0.0,0.0,0.0,0.0,0.0,0.0,-0.021592337638139725,-0.030975129455327988,0.01893133670091629,0.02436549961566925,0.28468430042266846,0.24343010783195496,0.262967586517334,0.2551853656768799,-0.302409827709198,-0.2374732792377472,-0.12404127418994904,0.0,0.0,0.0,0.0,0.0,0.0,0.0
14966349992,0,0.01709567941725254,-0.038924746215343475,-0.1259223371744156,6.569455581484362e-05,-0.04113857448101044,-0.8442511558532715,0.022566484287381172,0.0024364537093788385,0.010519583709537983,-0.03406014293432236,-0.004427678883075714,-0.5,-0.01187128946185112,-0.027220923453569412,0.02040472812950611,0.0,0.0,-0.0047828578390181065,0.013904756866395473,-0.03007335588335991,0.021369345486164093,0.09326577931642532,0.21687330305576324,-0.03002776950597763,-0.7361917495727539,0.030931608751416206,-43.882667541503906,0.08454318344593048,0.24000725150108337,-0.0043485816568136215,-0.02457232028245926,-0.09909366816282272,-0.21254119277000427,0.03069046325981617,11.599677085876465,10.606992721557617,10.563176155090332,11.122306823730469,-0.018398437649011612,-0.029130859300494194,0.019931640475988388,0.026064453646540642,0.0,-0.02380085363984108,-0.028091588988900185,0.02107837237417698,0.021985521540045738,0.0,-0.5723108053207397,0.13340820372104645,-10.220219612121582,-0.13385304808616638,0.005623928736895323,-7.97866678237915,0.0,0.0,0.0,0.0,0.0,0.0,0.0,0.0,0.0,0.0,0.0,0.0,-0.02163705602288246,-0.030898815020918846,0.0189878661185503,0.024234376847743988,0.28468430042266846,0.24343010783195496,0.262967586517334,0.2551853656768799,-0.2737334370613098,0.5710214376449585,-0.9079141020774841,0.0,0.0,0.0,0.0,0.0,0.0,0.0
14976542531,0,0.01709567941725254,-0.038924746215343475,-0.1259223371744156,6.569455581484362e-05,-0.04113857448101044,-0.8442511558532715,0.022566484287381172,0.0024364537093788385,0.010519583709537983,-0.03406014293432236,-0.004427678883075714,-0.5,-0.01187128946185112,-0.027220923453569412,0.02040472812950611,0.0,0.0,-0.0047828578390181065,0.013904756866395473,-0.03007335588335991,0.021369345486164093,0.09404227137565613,0.21210113167762756,-0.029311420395970345,-0.7361917495727539,0.030931608751416206,-43.882667541503906,0.08454318344593048,0.24000725150108337,-0.0043485816568136215,-0.02457232028245926,-0.09909366816282272,-0.21254119277000427,0.03069046325981617,11.599677085876465,10.606992721557617,10.563176155090332,11.122306823730469,-0.016865234822034836,-0.026064453646540642,0.021464843302965164,0.029130859300494194,0.0,-0.02380085363984108,-0.028091588988900185,0.02107837237417698,0.021985521540045738,0.0,-0.5723108053207397,0.13340820372104645,-10.220219612121582,-0.13385304808616638,0.005623928736895323,-7.97866678237915,0.0,0.0,0.0,0.0,0.0,0.0,0.0,0.0,0.0,0.0,0.0,0.0,-0.021938983350992203,-0.030414272099733353,0.019285723567008972,0.023804105818271637,0.28468430042266846,0.24343010783195496,0.262967586517334,0.2551853656768799,-0.2737334370613098,0.5710214376449585,-0.9079141020774841,0.0,0.0,0.0,0.0,0.0,0.0,0.0
14986563858,0,0.017361963167786598,-0.03894173726439476,-0.12563365697860718,6.569455581484362e-05,-0.04113857448101044,-0.8442511558532715,0.025715148076415062,-0.003306362545117736,-0.007335824891924858,-0.03459271043539047,-0.004393696319311857,-0.5,-0.011527876369655132,-0.026550352573394775,0.01977401413023472,0.0,0.0,-0.0047828578390181065,0.003650325583294034,0.015603426843881607,0.01013010274618864,0.09404227137565613,0.21210113167762756,-0.029311420395970345,-0.7670890688896179,0.09073787927627563,-43.213809967041016,0.09641531109809875,0.17806127667427063,0.00028946250677108765,-0.025001099333167076,-0.09859026968479156,-0.21253059804439545,0.030687501654028893,11.240987777709961,10.670180320739746,10.355637550354004,10.95806884765625,-0.018398437649011612,-0.024531250819563866,0.021464843302965164,0.027597656473517418,0.0,-0.023692430928349495,-0.03097563609480858,0.020468654111027718,0.025199849158525467,0.0,-0.049133192747831345,-0.5376908183097839,-10.016303062438965,-0.13947074115276337,0.016497796401381493,-7.857056617736816,0.0,0.0,0.0,0.0,0.0,0.0,0.0,0.0,0.0,0.0,0.0,0.0,-0.02242603898048401,-0.02988041564822197,0.019734878093004227,0.023405196145176888,0.26580438017845154,0.25454002618789673,0.24830397963523865,0.2602296471595764,-0.6497822403907776,1.6945711374282837,-0.52020263671875,0.0,0.0,0.0,0.0,0.0,0.0,0.0
14996885730,0,0.017361963167786598,-0.03894173726439476,-0.12563365697860718,6.569455581484362e-05,-0.04113857448101044,-0.8442511558532715,0.025715148076415062,-0.003306362545117736,-0.007335824891924858,-0.03459271043539047,-0.004393696319311857,-0.5,-0.011527876369655132,-0.026550352573394775,0.01977401413023472,0.0,0.0,-0.0047828578390181065,-0.014272996224462986,0.020946860313415527,0.025161070749163628,0.09404227137565613,0.21210113167762756,-0.029311420395970345,-0.7246432900428772,0.2319784164428711,-43.293460845947266,0.12183382362127304,0.17856399714946747,-0.020345604047179222,-0.02528912015259266,-0.09860952943563461,-0.2122010588645935,0.030840886756777763,11.816631317138672,10.212079048156738,10.851645469665527,10.424248695373535,-0.02299804612994194,-0.027597656473517418,0.021464843302965164,0.02299804612994194,0.0,-0.01706758327782154,-0.035818684846162796,0.013518648222088814,0.02981267124414444,0.0,-0.3274315893650055,0.10192876309156418,-9.903398513793945,-0.13947074115276337,0.016497796401381493,-7.857056617736816,0.0,0.0,0.0,0.0,0.0,0.0,0.0,0.0,0.0,0.0,0.0,0.0,-0.022598646581172943,-0.02991032786667347,0.01979869045317173,0.023604685440659523,0.277096688747406,0.24545073509216309,0.2581283450126648,0.24966594576835632,-1.1684352159500122,1.0864392518997192,0.3982490301132202,0.0,0.0,0.0,0.0,0.0,0.0,0.0
15006519057,0,0.017635060474276543,-0.0390511229634285,-0.12550853192806244,6.569455581484362e-05,-0.04113857448101044,-0.8442511558532715,0.024470582604408264,-0.0073107825592160225,-0.0025396726559847593,-0.03513890877366066,-0.004174923989921808,-0.5,-0.0128378476947546,-0.02621927671134472,0.020746268332004547,0.0,0.0,-0.0047828578390181065,-0.03176917880773544,-0.0015962934121489525,0.03753214702010155,0.10097544640302658,0.20895670354366302,-0.030429605394601822,-0.7900543212890625,0.16933882236480713,-43.62644958496094,0.14190363883972168,0.22067293524742126,-0.029635481536388397,-0.02579665556550026,-0.09918872267007828,-0.21187138557434082,0.03166225925087929,12.227709770202637,10.026772499084473,11.071571350097656,10.312469482421875,-0.026064453646540642,-0.029130859300494194,0.02299804612994194,0.018398437649011612,0.0,-0.020241959020495415,-0.03663378953933716,0.017289845272898674,0.030177459120750427,0.0,-0.34046831727027893,-0.09596342593431473,-10.29349422454834,-0.13795392215251923,0.026466716080904007,-7.9169392585754395,0.0,0.0,0.0,0.0,0.0,0.0,0.0,0.0,0.0,0.0,0.0,0.0,-0.022114962339401245,-0.030829476192593575,0.019165825098752975,0.02465236932039261,0.2851199209690094,0.24176156520843506,0.26246798038482666,0.24744649231433868,-0.9172759652137756,-0.4906017780303955,0.40655994415283203,0.0,0.0,0.0,0.0,0.0,0.0,0.0
15016211070,0,0.01791379414498806,-0.03910800814628601,-0.12544956803321838,6.569455581484362e-05,-0.04113857448101044,-0.8442511558532715,0.024613723158836365,-0.010098326951265335,-0.006033469922840595,-0.03569637984037399,-0.004061153158545494,-0.5,-0.01313782949000597,-0.026902183890342712,0.021631265059113503,0.0,0.0,-0.0047828578390181065,-0.006643692962825298,-0.010046513751149178,0.02304730750620365,0.10040344297885895,0.21402011811733246,-0.030856875702738762,-0.7900543212890625,0.16933882236480713,-43.62644958496094,0.14190363883972168,0.22067293524742126,-0.029635481536388397,-0.02579665556550026,-0.09918872267007828,-0.21187138557434082,0.03166225925087929,12.227709770202637,10.026772499084473,11.071571350097656,10.312469482421875,-0.024531250819563866,-0.03066406212747097,0.02299804612994194,0.018398437649011612,0.0,-0.020241959020495415,-0.03663378953933716,0.017289845272898674,0.030177459120750427,0.0,-0.14968495070934296,0.14995764195919037,-9.688045501708984,-0.1398436427116394,0.032630980014801025,-7.9050092697143555,0.0,0.0,0.0,0.0,0.0,0.0,0.0,0.0,0.0,0.0,0.0,0.0,-0.02138501964509487,-0.0323149748146534,0.01833443157374859,0.026170335710048676,0.2851199209690094,0.24176156520843506,0.26246798038482666,0.24744649231433868,0.6605469584465027,-0.5837818384170532,-0.45376360416412354,0.0,0.0,0.0,0.0,0.0,0.0,0.0
15026642383,0,0.01791379414498806,-0.03910800814628601,-0.12544956803321838,6.569455581484362e-05,-0.04113857448101044,-0.8442511558532715,0.024613723158836365,-0.010098326951265335,-0.006033469922840595,-0.035944994539022446,-0.003978838678449392,-0.5,-0.01313782949000597,-0.026902183890342712,0.021631265059113503,0.0,0.0,-0.0047828578390181065,-0.006643692962825298,-0.010046513751149178,0.02304730750620365,0.10040344297885895,0.21402011811733246,-0.030856875702738762,-0.7691400051116943,0.17947039008140564,-43.4775505065918,0.09788813441991806,0.23063449561595917,-0.010083965957164764,-0.026148490607738495,-0.09945431351661682,-0.21191896498203278,0.03206387907266617,11.649391174316406,10.395280838012695,10.597997665405273,10.846549987792969,-0.019931640475988388,-0.03066406212747097,0.02299804612994194,0.018398437649011612,0.0,-0.02033739537000656,-0.03500444442033768,0.016990575939416885,0.028304224833846092,0.0,-0.14968495070934296,0.14995764195919037,-9.688045501708984,-0.14103710651397705,0.027091000229120255,-7.888179302215576,0.0,0.0,0.0,0.0,0.0,0.0,0.0,0.0,0.0,0.0,0.0,0.0,-0.02081950195133686,-0.03376733511686325,0.017718981951475143,0.027569899335503578,0.27382293343544006,0.2490910291671753,0.25311076641082764,0.25802773237228394,0.6605469584465027,-0.5837818384170532,-0.45376360416412354,0.0,0.0,0.0,0.0,0.0,0.0,0.0
15036347734,0,0.018038101494312286,-0.03914916515350342,-0.12538330256938934,6.569455581484362e-05,-0.04113857448101044,-0.8442511558532715,0.024944227188825607,-0.007616239599883556,-0.009397367015480995,-0.035944994539022446,-0.003978838678449392,-0.5,-0.012452445924282074,-0.02694825455546379,0.021481947973370552,0.0,0.0,-0.0047828578390181065,0.04048595577478409,-0.027976367622613907,0.025928491726517677,0.09946756809949875,0.21492648124694824,-0.03100314363837242,-0.7676540613174438,0.10857284814119339,-43.84992980957031,0.03202784061431885,0.25630882382392883,-0.018446236848831177,-0.026709433645009995,-0.09878498315811157,-0.2124137282371521,0.03238930180668831,11.893242835998535,10.1386137008667,10.960970878601074,10.870179176330566,-0.015332031063735485,-0.032197266817092896,0.019931640475988388,0.019931640475988388,0.0,-0.0220355037599802,-0.03342548385262489,0.018611503764986992,0.025831421837210655,0.0,-0.47579944133758545,0.22653859853744507,-10.222832679748535,-0.14103710651397705,0.027091000229120255,-7.888179302215576,0.0,0.0,0.0,0.0,0.0,0.0,0.0,0.0,0.0,0.0,0.0,0.0,-0.0205263439565897,-0.03471222519874573,0.017370466142892838,0.02836606651544571,0.27859440445899963,0.2439892590045929,0.26028695702552795,0.25849443674087524,1.6871223449707031,-0.7528566718101501,0.14373041689395905,0.0,0.0,0.0,0.0,0.0,0.0,0.0
15046364610,0,0.018038101494312286,-0.03914916515350342,-0.12538330256938934,6.569455581484362e-05,-0.04113857448101044,-0.8442511558532715,0.024944227188825607,-0.007616239599883556,-0.009397367015480995,-0.035944994539022446,-0.003978838678449392,-0.5,-0.012452445924282074,-0.02694825455546379,0.021481947973370552,0.0,0.0,-0.0047828578390181065,0.04048595577478409,-0.027976367622613907,0.025928491726517677,0.09946756809949875,0.21492648124694824,-0.03100314363837242,-0.7676540613174438,0.10857284814119339,-43.84992980957031,0.03202784061431885,0.25630882382392883,-0.018446236848831177,-0.026709433645009995,-0.09878498315811157,-0.2124137282371521,0.03238930180668831,11.893242835998535,10.1386137008667,10.960970878601074,10.870179176330566,-0.015332031063735485,-0.03373046964406967,0.018398437649011612,0.019931640475988388,0.0,-0.0220355037599802,-0.03342548385262489,0.018611503764986992,0.025831421837210655,0.0,-0.47579944133758545,0.22653859853744507,-10.222832679748535,-0.14103710651397705,0.027091000229120255,-7.888179302215576,0.0,0.0,0.0,0.0,0.0,0.0,0.0,0.0,0.0,0.0,0.0,0.0,-0.020582308992743492,-0.03501233458518982,0.017353292554616928,0.0284039918333292,0.27859440445899963,0.2439892590045929,0.26028695702552795,0.25849443674087524,1.6871223449707031,-0.7528566718101501,0.14373041689395905,0.0,0.0,0.0,0.0,0.0,0.0,0.0
15056253090,0,0.018359631299972534,-0.03922556713223457,-0.12515957653522491,6.569455581484362e-05,-0.04113857448101044,-0.8442511558532715,0.0228472538292408,-0.00433763163164258,-0.0006449767388403416,-0.03658805787563324,-0.003826033789664507,-0.5,-0.011156083084642887,-0.027654293924570084,0.02157939411699772,0.0,0.0,-0.0047828578390181065,0.04048595577478409,-0.027976367622613907,0.025928491726517677,0.0893850177526474,0.2208038866519928,-0.032362669706344604,-0.7676540613174438,0.10857284814119339,-43.84992980957031,0.03202784061431885,0.25630882382392883,-0.018446236848831177,-0.026709433645009995,-0.09878498315811157,-0.2124137282371521,0.03238930180668831,11.893242835998535,10.1386137008667,10.960970878601074,10.870179176330566,-0.019931640475988388,-0.03526367247104645,0.016865234822034836,0.019931640475988388,0.0,-0.0220355037599802,-0.03342548385262489,0.018611503764986992,0.025831421837210655,0.0,-0.21760092675685883,-0.06186206638813019,-9.977856636047363,-0.13957346975803375,0.019740518182516098,-7.972714424133301,0.0,0.0,0.0,0.0,0.0,0.0,0.0,0.0,0.0,0.0,0.0,0.0,-0.020877987146377563,-0.03486711531877518,0.017577020451426506,0.027947932481765747,0.27859440445899963,0.2439892590045929,0.26028695702552795,0.25849443674087524,1.6871223449707031,-0.7528566718101501,0.14373041689395905,0.0,0.0,0.0,0.0,0.0,0.0,0.0
15066691325,0,0.01849302090704441,-0.03927569091320038,-0.12504763901233673,6.569455581484362e-05,-0.04113857448101044,-0.8442511558532715,0.021410109475255013,-0.006109021604061127,0.006694817915558815,-0.03685484081506729,-0.0037257857620716095,-0.5,-0.010737579315900803,-0.027630304917693138,0.02208239957690239,0.0,0.0,-0.0047828578390181065,0.04162822291254997,-0.0034217271022498608,0.03885118290781975,0.08344322443008423,0.21875956654548645,-0.03294268995523453,-0.8014882206916809,0.14340481162071228,-44.40348815917969,0.04966402426362038,0.2086971402168274,-0.03126147389411926,-0.027273135259747505,-0.09732874482870102,-0.2128453552722931,0.03318733721971512,12.30204963684082,10.02873706817627,11.485755920410156,10.598941802978516,-0.02299804612994194,-0.036796875298023224,0.016865234822034836,0.021464843302965164,0.0,-0.021324260160326958,-0.03627520427107811,0.017676981166005135,0.028726186603307724,0.0,-0.12102197855710983,-0.5396026968955994,-10.14560317993164,-0.13759605586528778,0.0232408307492733,-8.035300254821777,0.0,0.0,0.0,0.0,0.0,0.0,0.0,0.0,0.0,0.0,0.0,0.0,-0.021204188466072083,-0.03466114029288292,0.017834831029176712,0.02746662124991417,0.2865469753742218,0.2424224615097046,0.2702566087245941,0.2528741657733917,0.2312663197517395,0.776304304599762,0.49969178438186646,0.0,0.0,0.0,0.0,0.0,0.0,0.0
15077246749,0,0.01849302090704441,-0.03927569091320038,-0.12504763901233673,6.569455581484362e-05,-0.04113857448101044,-0.8442511558532715,0.021410109475255013,-0.006109021604061127,0.006694817915558815,-0.03685484081506729,-0.0037257857620716095,-0.5,-0.010737579315900803,-0.027630304917693138,0.02208239957690239,0.0,0.0,-0.0047828578390181065,-0.0029383269138634205,0.015506895259022713,0.03482283279299736,0.08344322443008423,0.21875956654548645,-0.03294268995523453,-0.7600877285003662,0.20472824573516846,-44.14762496948242,0.11192275583744049,0.1866265833377838,-0.02420632354915142,-0.027587706223130226,-0.09698621928691864,-0.2127230316400528,0.033633917570114136,12.122376441955566,10.302123069763184,11.165396690368652,10.568817138671875,-0.021464843302965164,-0.036796875298023224,0.018398437649011612,0.02299804612994194,0.0,-0.018671995028853416,-0.036029551178216934,0.01490038726478815,0.029442479833960533,0.0,-0.2969307005405426,-0.037064943462610245,-10.16241455078125,-0.13759605586528778,0.0232408307492733,-8.035300254821777,0.0,0.0,0.0,0.0,0.0,0.0,0.0,0.0,0.0,0.0,0.0,0.0,-0.021297231316566467,-0.03471488505601883,0.017847517505288124,0.027361834421753883,0.2830672860145569,0.24724102020263672,0.2643164396286011,0.2525327503681183,-1.8858990669250488,1.1766588687896729,0.10173437744379044,0.0,0.0,0.0,0.0,0.0,0.0,0.0
15086432449,0,0.018783794716000557,-0.039457615464925766,-0.12483289837837219,6.569455581484362e-05,-0.04113857448101044,-0.8442511558532715,0.021624546498060226,-0.012227371335029602,0.00491550425067544,-0.037436388432979584,-0.003361934795975685,-0.5,-0.011626983061432838,-0.026914551854133606,0.022979557514190674,0.0,0.0,-0.0047828578390181065,-0.0029383269138634205,0.015506895259022713,0.03482283279299736,0.0901254341006279,0.21390005946159363,-0.032879412174224854,-0.8177044987678528,0.24350595474243164,-43.90304183959961,0.15729594230651855,0.21623936295509338,-0.00408133864402771,-0.028174586594104767,-0.09760336577892303,-0.21237297356128693,0.03408854454755783,11.675455093383789,10.76843547821045,10.483968734741211,10.987902641296387,-0.018398437649011612,-0.036796875298023224,0.019931640475988388,0.02299804612994194,0.0,-0.020012078806757927,-0.037694916129112244,0.016443487256765366,0.03136417269706726,0.0,-0.24723853170871735,0.34818875789642334,-9.274336814880371,-0.13819776475429535,0.037223316729068756,-8.026841163635254,0.0,0.0,0.0,0.0,0.0,0.0,0.0,0.0,0.0,0.0,0.0,0.0,-0.02104273810982704,-0.035072069615125656,0.017509205266833305,0.027749845758080482,0.2743334472179413,0.2564838230609894,0.2508508861064911,0.26081833243370056,-1.8858990669250488,1.1766588687896729,0.10173437744379044,0.0,0.0,0.0,0.0,0.0,0.0,0.0
15096302403,0,0.019206680357456207,-0.03995034471154213,-0.1245170459151268,6.569455581484362e-05,-0.04113857448101044,-0.8442511558532715,0.021853549405932426,-0.012445146217942238,0.0005915281944908202,-0.03828216344118118,-0.0023764714132994413,-0.5,-0.012372808530926704,-0.027302175760269165,0.023141570389270782,0.0,0.0,-0.0047828578390181065,-0.02592557854950428,-0.01327426452189684,0.011771860532462597,0.0971294566988945,0.2175924926996231,-0.03330270200967789,-0.8177044987678528,0.24350595474243164,-43.90304183959961,0.15729594230651855,0.21623936295509338,-0.00408133864402771,-0.028174586594104767,-0.09760336577892303,-0.21237297356128693,0.03408854454755783,11.675455093383789,10.76843547821045,10.483968734741211,10.987902641296387,-0.016865234822034836,-0.038330078125,0.021464843302965164,0.02299804612994194,0.0,-0.020012078806757927,-0.037694916129112244,0.016443487256765366,0.03136417269706726,0.0,-0.3046661615371704,0.061489082872867584,-9.360066413879395,-0.1406448483467102,0.040392693132162094,-8.014680862426758,0.0,0.0,0.0,0.0,0.0,0.0,0.0,0.0,0.0,0.0,0.0,0.0,-0.020665571093559265,-0.03565489873290062,0.017074979841709137,0.02851896546781063,0.2743334472179413,0.2564838230609894,0.2508508861064911,0.26081833243370056,-0.11627773940563202,-0.9055591821670532,-0.5452979207038879,0.0,0.0,0.0,0.0,0.0,0.0,0.0
15106518029,0,0.019206680357456207,-0.03995034471154213,-0.1245170459151268,6.569455581484362e-05,-0.04113857448101044,-0.8442511558532715,0.021853549405932426,-0.012445146217942238,0.0005915281944908202,-0.038534313440322876,-0.002019355772063136,-0.5,-0.012372808530926704,-0.027302175760269165,0.023141570389270782,0.0,0.0,-0.0047828578390181065,-0.02592557854950428,-0.01327426452189684,0.011771860532462597,0.0971294566988945,0.2175924926996231,-0.03330270200967789,-0.7735466957092285,0.22215981781482697,-44.080745697021484,0.12848904728889465,0.24094411730766296,8.630938827991486e-05,-0.028436807915568352,-0.097995825111866,-0.21245083212852478,0.034101296216249466,11.611690521240234,10.833864212036133,10.428936958312988,11.220746040344238,-0.016865234822034836,-0.036796875298023224,0.02299804612994194,0.021464843302965164,0.0,-0.019451823085546494,-0.03535440191626549,0.015729494392871857,0.028622852638363838,0.0,-0.3046661615371704,0.061489082872867584,-9.360066413879395,-0.14783598482608795,0.04601549357175827,-8.066189765930176,0.0,0.0,0.0,0.0,0.0,0.0,0.0,0.0,0.0,0.0,0.0,0.0,-0.02033364400267601,-0.03621000424027443,0.01671195775270462,0.0292957853525877,0.2730840742588043,0.2577769160270691,0.2497590184211731,0.26540607213974,-0.11627773940563202,-0.9055591821670532,-0.5452979207038879,0.0,0.0,0.0,0.0,0.0,0.0,0.0
15116584099,0,0.019332753494381905,-0.04012890160083771,-0.12439887225627899,6.569455581484362e-05,-0.04113857448101044,-0.8442511558532715,0.024921396747231483,-0.014813074842095375,0.006495794281363487,-0.038534313440322876,-0.002019355772063136,-0.5,-0.012235814705491066,-0.027588656172156334,0.023121148347854614,0.0,0.0,-0.0047828578390181065,-0.00028813688550144434,-0.01942271552979946,0.01586700789630413,0.09686742722988129,0.2205948531627655,-0.03370063006877899,-0.8130978941917419,0.2530852258205414,-44.364044189453125,0.08455784618854523,0.24671109020709991,-0.007952617481350899,-0.028773875907063484,-0.097995825111866,-0.21245083212852478,0.034101296216249466,11.824828147888184,10.626813888549805,10.759364128112793,11.167718887329102,-0.015332031063735485,-0.036796875298023224,0.021464843302965164,0.02299804612994194,0.0,-0.019390109926462173,-0.038424406200647354,0.015495814383029938,0.0309581495821476,0.0,-0.260942667722702,0.27184662222862244,-9.920762062072754,-0.14783598482608795,0.04601549357175827,-8.066189765930176,0.0,0.0,0.0,0.0,0.0,0.0,0.0,0.0,0.0,0.0,0.0,0.0,-0.02003067545592785,-0.036574725061655045,0.016374286264181137,0.029787855222821236,0.2730840742588043,0.2577769160270691,0.2497590184211731,0.26540607213974,1.1219253540039062,-0.6367263197898865,-0.030447943136096,0.0,0.0,0.0,0.0,0.0,0.0,0.0
15126528690,0,0.019332753494381905,-0.04012890160083771,-0.12439887225627899,6.569455581484362e-05,-0.04113857448101044,-0.8442511558532715,0.024921396747231483,-0.014813074842095375,0.006495794281363487,-0.038534313440322876,-0.002019355772063136,-0.5,-0.012235814705491066,-0.027588656172156334,0.023121148347854614,0.0,0.0,-0.0047828578390181065,0.01969156041741371,-0.008206705562770367,0.0215232465416193,0.09686742722988129,0.2205948531627655,-0.03370063006877899,-0.7987062335014343,0.254437118768692,-44.48186111450195,0.058712560683488846,0.22487318515777588,-0.015295922756195068,-0.02902109920978546,-0.09801995009183884,-0.21296223998069763,0.03422031179070473,11.963418960571289,10.466851234436035,11.046504020690918,11.019271850585938,-0.016865234822034836,-0.036796875298023224,0.016865234822034836,0.024531250819563866,0.0,-0.018722573295235634,-0.03859684243798256,0.014564720913767815,0.030932355672121048,0.0,-0.4054357707500458,0.35543718934059143,-9.550213813781738,-0.14783598482608795,0.04601549357175827,-8.066189765930176,0.0,0.0,0.0,0.0,0.0,0.0,0.0,0.0,0.0,0.0,0.0,0.0,-0.01973552443087101,-0.03696174547076225,0.016013940796256065,0.030136890709400177,0.27996546030044556,0.2505112290382385,0.26197391748428345,0.26143699884414673,1.640465497970581,0.20753762125968933,0.26061373949050903,0.0,0.0,0.0,0.0,0.0,0.0,0.0
15136204758,0,0.019650474190711975,-0.04074355214834213,-0.12422052770853043,6.569455581484362e-05,-0.04113857448101044,-0.8442511558532715,0.023975448682904243,-0.021727485582232475,0.0015167045639827847,-0.039169758558273315,-0.000790048623457551,-0.5,-0.011968055739998817,-0.026981718838214874,0.024350393563508987,0.0,0.0,-0.0047828578390181065,0.01969156041741371,-0.008206705562770367,0.0215232465416193,0.08788879215717316,0.2119700312614441,-0.034569524228572845,-0.7987062335014343,0.254437118768692,-44.48186111450195,0.058712560683488846,0.22487318515777588,-0.015295922756195068,-0.02902109920978546,-0.09801995009183884,-0.21296223998069763,0.03422031179070473,11.963418960571289,10.466851234436035,11.046504020690918,11.019271850585938,-0.018398437649011612,-0.036796875298023224,0.013798828236758709,0.026064453646540642,0.0,-0.018722573295235634,-0.03859684243798256,0.014564720913767815,0.030932355672121048,0.0,-0.4054357707500458,0.35543718934059143,-9.550213813781738,-0.14610938727855682,0.062108784914016724,-8.041728019714355,0.0,0.0,0.0,0.0,0.0,0.0,0.0,0.0,0.0,0.0,0.0,0.0,-0.019434243440628052,-0.03744585067033768,0.015612250193953514,0.030456524342298508,0.27996546030044556,0.2505112290382385,0.26197391748428345,0.26143699884414673,1.640465497970581,0.20753762125968933,0.26061373949050903,0.0,0.0,0.0,0.0,0.0,0.0,0.0
15146173593,0,0.019650474190711975,-0.04074355214834213,-0.12422052770853043,6.569455581484362e-05,-0.04113857448101044,-0.8442511558532715,0.023975448682904243,-0.021727485582232475,0.0015167045639827847,-0.039169758558273315,-0.000790048623457551,-0.5,-0.011968055739998817,-0.026981718838214874,0.024350393563508987,0.0,0.0,-0.0047828578390181065,0.014517447911202908,0.02435075305402279,0.03332773223519325,0.08788879215717316,0.2119700312614441,-0.034569524228572845,-0.8439193964004517,0.2971079349517822,-43.62834930419922,0.07719739526510239,0.17573371529579163,-0.025532064959406853,-0.029562605544924736,-0.09735802561044693,-0.21268098056316376,0.03486490249633789,11.958012580871582,10.10184097290039,11.137398719787598,10.444960594177246,-0.018398437649011612,-0.038330078125,0.013798828236758709,0.026064453646540642,0.0,-0.018855446949601173,-0.04312901943922043,0.014473700895905495,0.03555389493703842,0.0,-0.5762843489646912,0.25372323393821716,-10.065934181213379,-0.14610938727855682,0.062108784914016724,-8.041728019714355,0.0,0.0,0.0,0.0,0.0,0.0,0.0,0.0,0.0,0.0,0.0,0.0,-0.019160877913236618,-0.03810540586709976,0.015217197127640247,0.030914725735783577,0.28074076771736145,0.24247132241725922,0.2644330859184265,0.2492869645357132,0.17420677840709686,1.090551495552063,0.3880205452442169,0.0,0.0,0.0,0.0,0.0,0.0,0.0
15156072183,0,0.019650474190711975,-0.04074355214834213,-0.12422052770853043,6.569455581484362e-05,-0.04113857448101044,-0.8442511558532715,0.023975448682904243,-0.021727485582232475,0.0015167045639827847,-0.039169758558273315,-0.000790048623457551,-0.5,-0.011968055739998817,-0.026981718838214874,0.024350393563508987,0.0,0.0,-0.0047828578390181065,0.004791706334799528,0.025645773857831955,0.03380514681339264,0.08788879215717316,0.2119700312614441,-0.034569524228572845,-0.8142470121383667,0.31730756163597107,-43.40144729614258,0.09371739625930786,0.17841023206710815,-0.023584648966789246,-0.02986469864845276,-0.09717053920030594,-0.2123313993215561,0.03532200679183006,11.881207466125488,10.115887641906738,11.002030372619629,10.41561222076416,-0.018398437649011612,-0.036796875298023224,0.013798828236758709,0.026064453646540642,0.0,-0.017520681023597717,-0.04277019575238228,0.013019147329032421,0.035300835967063904,0.0,-0.5888614654541016,0.2688940167427063,-9.226654052734375,-0.14610938727855682,0.062108784914016724,-8.041728019714355,0.0,0.0,0.0,0.0,0.0,0.0,0.0,0.0,0.0,0.0,0.0,0.0,-0.01890236884355545,-0.03913114592432976,0.014822807163000107,0.031771253794431686,0.27835938334465027,0.24353674054145813,0.26109689474105835,0.24949468672275543,-0.2835509181022644,0.6333287954330444,0.15389594435691833,0.0,0.0,0.0,0.0,0.0,0.0,0.0
15166106202,0,0.019833730533719063,-0.041228342801332474,-0.1242486983537674,6.569455581484362e-05,-0.04113857448101044,-0.8442511558532715,0.025226779282093048,-0.018737565726041794,-0.020720170810818672,-0.03953627124428749,0.00017953754286281765,-0.5,-0.011914855800569057,-0.026655839756131172,0.02498677559196949,0.0,0.0,-0.0047828578390181065,-0.009833461605012417,0.0006626378162764013,0.034280456602573395,0.0956735908985138,0.21038930118083954,-0.03540870547294617,-0.7560008764266968,0.36918115615844727,-44.15760803222656,0.11283791810274124,0.2199949324131012,-0.02271399088203907,-0.03048774041235447,-0.09715230762958527,-0.2119782716035843,0.036215201020240784,12.142537117004395,10.291851043701172,11.075095176696777,10.661864280700684,-0.016865234822034836,-0.03526367247104645,0.016865234822034836,0.024531250819563866,0.0,-0.0139926141127944,-0.04188524931669235,0.009356500580906868,0.03421016037464142,0.0,-0.5888614654541016,0.2688940167427063,-9.226654052734375,-0.1480449140071869,0.057692285627126694,-7.891172409057617,0.0,0.0,0.0,0.0,0.0,0.0,0.0,0.0,0.0,0.0,0.0,0.0,-0.018419090658426285,-0.040282852947711945,0.014194153249263763,0.03280516713857651,0.28346049785614014,0.2470368593931198,0.26253747940063477,0.2543754279613495,-0.4828850328922272,-0.6587662100791931,0.002055250806733966,0.0,0.0,0.0,0.0,0.0,0.0,0.0
15176237866,0,0.020044036209583282,-0.042019251734018326,-0.12435124814510345,6.569455581484362e-05,-0.04113857448101044,-0.8442511558532715,0.018035952001810074,-0.016589440405368805,-0.003937124274671078,-0.039857205003499985,0.0012158364988863468,-0.5,-0.012258180417120457,-0.026728162541985512,0.025475915521383286,0.0,0.0,-0.0047828578390181065,0.00023415987379848957,-0.009914161637425423,0.036213088780641556,0.09614520519971848,0.213069349527359,-0.0361098013818264,-0.7462769150733948,0.3140559494495392,-44.29708480834961,0.09399374574422836,0.23294717073440552,-0.024439146742224693,-0.03076145611703396,-0.09715230762958527,-0.2119782716035843,0.036215201020240784,12.211861610412598,10.234904289245605,11.161824226379395,10.702873229980469,-0.016865234822034836,-0.03526367247104645,0.016865234822034836,0.024531250819563866,0.0,-0.015252120792865753,-0.03990550339221954,0.010695302858948708,0.031907856464385986,0.0,-0.5221628546714783,0.5001381039619446,-9.748285293579102,-0.13745470345020294,0.06712384521961212,-8.028656005859375,0.0,0.0,0.0,0.0,0.0,0.0,0.0,0.0,0.0,0.0,0.0,0.0,-0.01758546195924282,-0.041094452142715454,0.013223021291196346,0.0335170216858387,0.28346049785614014,0.2470368593931198,0.26253747940063477,0.2543754279613495,0.26690149307250977,-0.8737563490867615,0.029833165928721428,0.0,0.0,0.0,0.0,0.0,0.0,0.0
15186094405,0,0.020044036209583282,-0.042019251734018326,-0.12435124814510345,6.569455581484362e-05,-0.04113857448101044,-0.8442511558532715,0.018035952001810074,-0.016589440405368805,-0.003937124274671078,-0.039857205003499985,0.0012158364988863468,-0.5,-0.012258180417120457,-0.026728162541985512,0.025475915521383286,0.0,0.0,-0.0047828578390181065,0.00023415987379848957,-0.009914161637425423,0.036213088780641556,0.09614520519971848,0.213069349527359,-0.0361098013818264,-0.7462769150733948,0.3140559494495392,-44.29708480834961,0.09399374574422836,0.23294717073440552,-0.024439146742224693,-0.03076145611703396,-0.09717027097940445,-0.21204228699207306,0.03663504868745804,12.211861610412598,10.234904289245605,11.161824226379395,10.702873229980469,-0.018398437649011612,-0.036796875298023224,0.015332031063735485,0.026064453646540642,0.0,-0.015252120792865753,-0.03990550339221954,0.010695302858948708,0.031907856464385986,0.0,0.11368874460458755,0.37806767225265503,-10.283215522766113,-0.13745470345020294,0.06712384521961212,-8.028656005859375,0.0,0.0,0.0,0.0,0.0,0.0,0.0,0.0,0.0,0.0,0.0,0.0,-0.016686806455254555,-0.04136553779244423,0.012217210605740547,0.0336763933300972,0.2848111391067505,0.245904803276062,0.26424601674079895,0.25518715381622314,0.26690149307250977,-0.8737563490867615,0.029833165928721428,0.0,0.0,0.0,0.0,0.0,0.0,0.0
15196275896,0,0.020114054903388023,-0.04230548068881035,-0.12442819774150848,6.569455581484362e-05,-0.04113857448101044,-0.8442511558532715,0.021766098216176033,-0.014102896675467491,-0.0038064608816057444,-0.04009692370891571,0.0023338240571320057,-0.5,-0.011902255937457085,-0.027103479951620102,0.026020033285021782,0.0,0.0,-0.0047828578390181065,0.04396754875779152,-0.01516877580434084,0.040927644819021225,0.09327419102191925,0.2160457819700241,-0.03676564246416092,-0.7462769150733948,0.3140559494495392,-44.29708480834961,0.09399374574422836,0.23294717073440552,-0.024439146742224693,-0.03076145611703396,-0.09717027097940445,-0.21204228699207306,0.03663504868745804,12.295909881591797,10.08819580078125,11.297797203063965,10.660225868225098,-0.019931640475988388,-0.036796875298023224,0.013798828236758709,0.026064453646540642,0.0,-0.015147851780056953,-0.04048614948987961,0.01056657638400793,0.032035551965236664,0.0,-0.4156726002693176,0.6484113931655884,-9.266327857971191,-0.14394475519657135,0.05320805683732033,-8.059723854064941,0.0,0.0,0.0,0.0,0.0,0.0,0.0,0.0,0.0,0.0,0.0,0.0,-0.015975289046764374,-0.04125623032450676,0.011435768567025661,0.033434320241212845,0.2848111391067505,0.245904803276062,0.26424601674079895,0.25518715381622314,1.6878793239593506,-0.2934955954551697,0.04749814048409462,0.0,0.0,0.0,0.0,0.0,0.0,0.0
15206414321,0,0.020114054903388023,-0.04230548068881035,-0.12442819774150848,6.569455581484362e-05,-0.04113857448101044,-0.8442511558532715,0.021766098216176033,-0.014102896675467491,-0.0038064608816057444,-0.040333569049835205,0.003500255523249507,-0.5,-0.011902255937457085,-0.027103479951620102,0.026020033285021782,0.0,0.0,-0.0047828578390181065,0.04396754875779152,-0.01516877580434084,0.040927644819021225,0.09327419102191925,0.2160457819700241,-0.03676564246416092,-0.7691379189491272,0.30792245268821716,-44.23101043701172,0.02410106547176838,0.23523959517478943,-0.028425738215446472,-0.03142187371850014,-0.0964149534702301,-0.21252134442329407,0.037751466035842896,12.189966201782227,10.007262229919434,11.350132942199707,10.696352005004883,-0.021464843302965164,-0.038330078125,0.013798828236758709,0.027597656473517418,0.0,-0.016179464757442474,-0.041477032005786896,0.011357830837368965,0.03241337090730667,0.0,-0.08743008971214294,0.01035132072865963,-9.637781143188477,-0.1396431177854538,0.047028061002492905,-8.041269302368164,0.0,0.0,0.0,0.0,0.0,0.0,0.0,0.0,0.0,0.0,0.0,0.0,-0.015525070950388908,-0.04107929393649101,0.010933496989309788,0.0330686941742897,0.2843848466873169,0.24137280881404877,0.26795074343681335,0.2550578713417053,1.6878793239593506,-0.2934955954551697,0.04749814048409462,0.0,0.0,0.0,0.0,0.0,0.0,0.0
15216275559,0,0.02023237757384777,-0.04288869351148605,-0.12458615005016327,6.569455581484362e-05,-0.04113857448101044,-0.8442511558532715,0.019306683912873268,-0.010369091294705868,-0.007945634424686432,-0.040333569049835205,0.003500255523249507,-0.5,-0.010862128809094429,-0.02724444679915905,0.02723197638988495,0.0,0.0,-0.0047828578390181065,0.04396754875779152,-0.01516877580434084,0.040927644819021225,0.08164335042238235,0.21663476526737213,-0.03785465657711029,-0.7691379189491272,0.30792245268821716,-44.23101043701172,0.02410106547176838,0.23523959517478943,-0.028425738215446472,-0.03142187371850014,-0.0964149534702301,-0.21252134442329407,0.037751466035842896,12.189966201782227,10.007262229919434,11.350132942199707,10.696352005004883,-0.019931640475988388,-0.039863280951976776,0.013798828236758709,0.027597656473517418,0.0,-0.016179464757442474,-0.041477032005786896,0.011357830837368965,0.03241337090730667,0.0,-0.08743008971214294,0.01035132072865963,-9.637781143188477,-0.1396431177854538,0.047028061002492905,-8.041269302368164,0.0,0.0,0.0,0.0,0.0,0.0,0.0,0.0,0.0,0.0,0.0,0.0,-0.015376811847090721,-0.04101995378732681,0.01072827260941267,0.03275051712989807,0.2843848466873169,0.24137280881404877,0.26795074343681335,0.2550578713417053,1.6878793239593506,-0.2934955954551697,0.04749814048409462,0.0,0.0,0.0,0.0,0.0,0.0,0.0
15226191279,0,0.020282050594687462,-0.04319678246974945,-0.12463372200727463,6.569455581484362e-05,-0.04113857448101044,-0.8442511558532715,0.021077383309602737,-0.018030231818556786,-0.009607167914509773,-0.04043291509151459,0.004116436466574669,-0.5,-0.01035473681986332,-0.027499189600348473,0.02751348167657852,0.0,0.0,-0.0047828578390181065,0.0479460284113884,-0.03609827533364296,0.03527336195111275,0.07888147979974747,0.22109220921993256,-0.03833897411823273,-0.7459464073181152,0.42755240201950073,-44.2812385559082,0.026456506922841072,0.2715015411376953,-0.02083928883075714,-0.03206246346235275,-0.09478835016489029,-0.21325920522212982,0.03872385621070862,12.073366165161133,10.15718936920166,11.112592697143555,10.9520902633667,-0.016865234822034836,-0.039863280951976776,0.012265625409781933,0.027597656473517418,0.0,-0.012210628017783165,-0.04429296404123306,0.006993813905864954,0.03470754995942116,0.0,-0.24673616886138916,0.24026042222976685,-9.953075408935547,-0.1431417018175125,0.06320483237504959,-8.034687042236328,0.0,0.0,0.0,0.0,0.0,0.0,0.0,0.0,0.0,0.0,0.0,0.0,-0.015268919058144093,-0.041205015033483505,0.010542191565036774,0.03263765573501587,0.28211140632629395,0.24435889720916748,0.2632765769958496,0.26011165976524353,0.4069737195968628,-0.9066846966743469,-0.27047988772392273,0.0,0.0,0.0,0.0,0.0,0.0,0.0
15236537801,0,0.020282050594687462,-0.04319678246974945,-0.12463372200727463,6.569455581484362e-05,-0.04113857448101044,-0.8442511558532715,0.021077383309602737,-0.018030231818556786,-0.009607167914509773,-0.04043291509151459,0.004116436466574669,-0.5,-0.01035473681986332,-0.027499189600348473,0.02751348167657852,0.0,0.0,-0.0047828578390181065,0.0319371335208416,-0.041827816516160965,0.03341600298881531,0.07888147979974747,0.22109220921993256,-0.03833897411823273,-0.7535803914070129,0.4130098223686218,-44.37141799926758,0.05289095640182495,0.2780314087867737,-0.019874945282936096,-0.032361675053834915,-0.09415359050035477,-0.21381372213363647,0.03906584158539772,12.12295150756836,10.234384536743164,11.060006141662598,10.968259811401367,-0.013798828236758709,-0.04292968660593033,0.012265625409781933,0.026064453646540642,0.0,-0.01283432450145483,-0.04375158250331879,0.007706593256443739,0.03440386801958084,0.0,-0.24673616886138916,0.24026042222976685,-9.953075408935547,-0.1431417018175125,0.06320483237504959,-8.034687042236328,0.0,0.0,0.0,0.0,0.0,0.0,0.0,0.0,0.0,0.0,0.0,0.0,-0.01486338023096323,-0.04171096161007881,0.010030103847384453,0.03284425660967827,0.2830786406993866,0.24589437246322632,0.26224005222320557,0.2604306638240814,-0.55302494764328,-0.7682499289512634,-0.23214402794837952,0.0,0.0,0.0,0.0,0.0,0.0,0.0
15246353565,0,0.02035658247768879,-0.04388847202062607,-0.12471489608287811,6.569455581484362e-05,-0.04113857448101044,-0.8442511558532715,0.017406484112143517,-0.022654756903648376,-0.007277384866029024,-0.04058198258280754,0.005499822553247213,-0.5,-0.010302449576556683,-0.0285085029900074,0.027597008273005486,0.0,0.0,-0.0047828578390181065,-0.0015412899665534496,-0.014376013539731503,0.03175513073801994,0.07929784059524536,0.22852107882499695,-0.03932807594537735,-0.7951493263244629,0.48299989104270935,-44.72172927856445,0.0952189490199089,0.2317010760307312,-0.019895855337381363,-0.03305860981345177,-0.09341084212064743,-0.21495895087718964,0.0397588312625885,12.20610523223877,10.457843780517578,11.15304946899414,10.920748710632324,-0.013798828236758709,-0.044462889432907104,0.010732421651482582,0.027597656473517418,0.0,-0.01198566984385252,-0.046663958579301834,0.00667339563369751,0.03809824958443642,0.0,-0.24213320016860962,0.18599092960357666,-10.021444320678711,-0.13701461255550385,0.07509269565343857,-8.067530632019043,0.0,0.0,0.0,0.0,0.0,0.0,0.0,0.0,0.0,0.0,0.0,0.0,-0.01422159280627966,-0.04249567165970802,0.009268957190215588,0.033418089151382446,0.2846991717815399,0.25033262372016907,0.2640734314918518,0.25949299335479736,-1.2316323518753052,0.9579704999923706,-0.06607376039028168,0.0,0.0,0.0,0.0,0.0,0.0,0.0
15256064100,0,0.0204029381275177,-0.044607341289520264,-0.12489169836044312,6.569455581484362e-05,-0.04113857448101044,-0.8442511558532715,0.020962363108992577,-0.0271050576120615,-0.0005425707204267383,-0.04067469388246536,0.006937568541616201,-0.5,-0.010762501507997513,-0.028635822236537933,0.028317589312791824,0.0,0.0,-0.0047828578390181065,-0.0015412899665534496,-0.014376013539731503,0.03175513073801994,0.08136133849620819,0.2269047647714615,-0.03973180055618286,-0.7951493263244629,0.48299989104270935,-44.72172927856445,0.0952189490199089,0.2317010760307312,-0.019895855337381363,-0.03305860981345177,-0.09341084212064743,-0.21495895087718964,0.0397588312625885,12.20610523223877,10.457843780517578,11.15304946899414,10.920748710632324,-0.013798828236758709,-0.04599609225988388,0.012265625409781933,0.029130859300494194,0.0,-0.01198566984385252,-0.046663958579301834,0.00667339563369751,0.03809824958443642,0.0,-0.24213320016860962,0.18599092960357666,-10.021444320678711,-0.14457260072231293,0.08781816065311432,-8.131223678588867,0.0,0.0,0.0,0.0,0.0,0.0,0.0,0.0,0.0,0.0,0.0,0.0,-0.013532515615224838,-0.043516408652067184,0.008463326841592789,0.034393493086099625,0.2846991717815399,0.25033262372016907,0.2640734314918518,0.25949299335479736,-1.2316323518753052,0.9579704999923706,-0.06607376039028168,0.0,0.0,0.0,0.0,0.0,0.0,0.0
15266554014,0,0.0204029381275177,-0.044607341289520264,-0.12489169836044312,6.569455581484362e-05,-0.04113857448101044,-0.8442511558532715,0.020962363108992577,-0.0271050576120615,-0.0005425707204267383,-0.04067469388246536,0.006937568541616201,-0.5,-0.010762501507997513,-0.028635822236537933,0.028317589312791824,0.0,0.0,-0.0047828578390181065,-0.008800900541245937,0.007337040267884731,0.030311673879623413,0.08136133849620819,0.2269047647714615,-0.03973180055618286,-0.8033314943313599,0.4187127351760864,-44.63010787963867,0.10226088017225266,0.20187005400657654,-0.018516071140766144,-0.03340621665120125,-0.09330419450998306,-0.21511615812778473,0.04006889462471008,12.111770629882812,10.527246475219727,11.131645202636719,10.874476432800293,-0.016865234822034836,-0.044462889432907104,0.012265625409781933,0.029130859300494194,0.0,-0.01422584056854248,-0.044505808502435684,0.008954065851867199,0.03640029579401016,0.0,-0.6258201599121094,0.13897542655467987,-9.96442699432373,-0.14457260072231293,0.08781816065311432,-8.131223678588867,0.0,0.0,0.0,0.0,0.0,0.0,0.0,0.0,0.0,0.0,0.0,0.0,-0.013011528179049492,-0.04449966922402382,0.007842028513550758,0.035478509962558746,0.28286048769950867,0.2517088055610657,0.2636517882347107,0.2585793137550354,-0.974598228931427,1.4830217361450195,-0.06393632292747498,0.0,0.0,0.0,0.0,0.0,0.0,0.0
15276206636,0,0.020426657050848007,-0.04535536840558052,-0.12507084012031555,6.569455581484362e-05,-0.04113857448101044,-0.8442511558532715,0.01895248517394066,-0.024007610976696014,-0.01145235076546669,-0.04072213172912598,0.008433629758656025,-0.5,-0.010657405480742455,-0.027999136596918106,0.029094750061631203,0.0,0.0,-0.0047828578390181065,-0.0073397052474319935,0.018024271354079247,0.03021538257598877,0.08319773524999619,0.22315563261508942,-0.040469229221343994,-0.7676762342453003,0.4638124108314514,-44.31797409057617,0.09706190973520279,0.1913890689611435,-0.01913025975227356,-0.03370306268334389,-0.09330419450998306,-0.21511615812778473,0.04006889462471008,12.02381420135498,10.443873405456543,11.093775749206543,10.771942138671875,-0.019931640475988388,-0.04292968660593033,0.012265625409781933,0.029130859300494194,0.0,-0.011981997638940811,-0.04521230608224869,0.006381852552294731,0.03702715411782265,0.0,-0.6258201599121094,0.13897542655467987,-9.96442699432373,-0.1395774930715561,0.0843295305967331,-8.05781364440918,0.0,0.0,0.0,0.0,0.0,0.0,0.0,0.0,0.0,0.0,0.0,0.0,-0.012772517278790474,-0.04511653259396553,0.007517795544117689,0.03628947585821152,0.28286048769950867,0.2517088055610657,0.2636517882347107,0.2585793137550354,-0.4687674045562744,1.3324575424194336,0.010297144763171673,0.0,0.0,0.0,0.0,0.0,0.0,0.0
15286117196,0,0.020426657050848007,-0.04535536840558052,-0.12507084012031555,6.569455581484362e-05,-0.04113857448101044,-0.8442511558532715,0.01895248517394066,-0.024007610976696014,-0.01145235076546669,-0.04072213172912598,0.008433629758656025,-0.5,-0.010657405480742455,-0.027999136596918106,0.029094750061631203,0.0,0.0,-0.0047828578390181065,0.003608929691836238,0.014421850442886353,0.02780122123658657,0.08319773524999619,0.22315563261508942,-0.040469229221343994,-0.751632034778595,0.4667421579360962,-44.08158493041992,0.07753974944353104,0.20301899313926697,-0.016675978899002075,-0.033998649567365646,-0.09314046800136566,-0.21493999660015106,0.04053568094968796,11.891393661499023,10.39859676361084,10.984994888305664,10.8228178024292,-0.021464843302965164,-0.04292968660593033,0.009199218824505806,0.027597656473517418,0.0,-0.011578282341361046,-0.04499387741088867,0.00580510962754488,0.03639461100101471,0.0,-0.5587748885154724,0.19459515810012817,-9.714075088500977,-0.1395774930715561,0.0843295305967331,-8.05781364440918,0.0,0.0,0.0,0.0,0.0,0.0,0.0,0.0,0.0,0.0,0.0,0.0,-0.012593984603881836,-0.04539491608738899,0.007240775506943464,0.03676633909344673,0.2785584330558777,0.24915678799152374,0.2607607841491699,0.25755879282951355,0.2986815869808197,0.5748332738876343,-0.061406638473272324,0.0,0.0,0.0,0.0,0.0,0.0,0.0
15296254703,0,0.020404215902090073,-0.04649362340569496,-0.12547574937343597,6.569455581484362e-05,-0.04113857448101044,-0.8442511558532715,0.014999793842434883,-0.027044257149100304,-0.011077146977186203,-0.04067724943161011,0.010710151866078377,-0.5,-0.00998700875788927,-0.028386473655700684,0.029252754524350166,0.0,0.0,-0.0047828578390181065,0.022733934223651886,-0.012532259337604046,0.022489935159683228,0.07742374390363693,0.22867447137832642,-0.04079136997461319,-0.7251855134963989,0.5181210041046143,-44.50071334838867,0.048397570848464966,0.2483171969652176,-0.011240150779485703,-0.03467956930398941,-0.09230203926563263,-0.2151954174041748,0.04093383625149727,11.887382507324219,10.523090362548828,10.927332878112793,11.180227279663086,-0.019931640475988388,-0.044462889432907104,0.0076660155318677425,0.03066406212747097,0.0,-0.009329651482403278,-0.045370154082775116,0.0032499388325959444,0.03595336154103279,0.0,-0.2963427007198334,-0.11471206694841385,-9.933512687683105,-0.1318519115447998,0.09420382231473923,-8.091038703918457,0.0,0.0,0.0,0.0,0.0,0.0,0.0,0.0,0.0,0.0,0.0,0.0,-0.012233646586537361,-0.04548526182770729,0.006748345214873552,0.03694109991192818,0.2785584330558777,0.24915678799152374,0.2607607841491699,0.25755879282951355,0.6292237639427185,-0.7110462784767151,-0.15412597358226776,0.0,0.0,0.0,0.0,0.0,0.0,0.0
15306330432,0,0.020404215902090073,-0.04649362340569496,-0.12547574937343597,6.569455581484362e-05,-0.04113857448101044,-0.8442511558532715,0.014999793842434883,-0.027044257149100304,-0.011077146977186203,-0.04068373516201973,0.01156962476670742,-0.5,-0.00998700875788927,-0.028386473655700684,0.029252754524350166,0.0,0.0,-0.0047828578390181065,0.026764295995235443,-0.012906561605632305,0.016306141391396523,0.07742374390363693,0.22867447137832642,-0.04079136997461319,-0.7251855134963989,0.5181210041046143,-44.50071334838867,0.048397570848464966,0.2483171969652176,-0.011240150779485703,-0.03467956930398941,-0.09230203926563263,-0.2151954174041748,0.04093383625149727,11.887382507324219,10.523090362548828,10.927332878112793,11.180227279663086,-0.016865234822034836,-0.04599609225988388,0.0076660155318677425,0.032197266817092896,0.0,-0.009329651482403278,-0.045370154082775116,0.0032499388325959444,0.03595336154103279,0.0,-0.2963427007198334,-0.11471206694841385,-9.933512687683105,-0.12998232245445251,0.09572166949510574,-8.111369132995605,0.0,0.0,0.0,0.0,0.0,0.0,0.0,0.0,0.0,0.0,0.0,0.0,-0.011624295264482498,-0.045491088181734085,0.005978485569357872,0.03686514124274254,0.27847999334335327,0.2516264021396637,0.2596231698989868,0.26460856199264526,0.5204441547393799,-0.33978232741355896,-0.30417153239250183,0.0,0.0,0.0,0.0,0.0,0.0,0.0
15316750792,0,0.020404215902090073,-0.04649362340569496,-0.12547574937343597,6.569455581484362e-05,-0.04113857448101044,-0.8442511558532715,0.014999793842434883,-0.027044257149100304,-0.011077146977186203,-0.04068571701645851,0.012406322173774242,-0.5,-0.00998700875788927,-0.028386473655700684,0.029252754524350166,0.0,0.0,-0.0047828578390181065,0.026764295995235443,-0.012906561605632305,0.016306141391396523,0.07742374390363693,0.22867447137832642,-0.04079136997461319,-0.7150469422340393,0.4575616419315338,-44.673095703125,0.04199052229523659,0.243079274892807,-0.005347073078155518,-0.03501146286725998,-0.09173115342855453,-0.21553152799606323,0.0409974604845047,11.766639709472656,10.710636138916016,10.84040641784668,11.373224258422852,-0.012265625409781933,-0.04599609225988388,0.0076660155318677425,0.032197266817092896,0.0,-0.01097113173455,-0.04227298125624657,0.00488718505948782,0.03311220556497574,0.0,-0.49487021565437317,0.5353872776031494,-9.642807006835938,-0.1300085335969925,0.08319302648305893,-8.122381210327148,0.0,0.0,0.0,0.0,0.0,0.0,0.0,0.0,0.0,0.0,0.0,0.0,-0.010976908728480339,-0.045328762382268906,0.005171897821128368,0.03652846813201904,0.27611857652664185,0.2553406357765198,0.257906436920166,0.26840436458587646,0.5204441547393799,-0.33978232741355896,-0.30417153239250183,0.0,0.0,0.0,0.0,0.0,0.0,0.0
15327526362,0,0.020408449694514275,-0.04734170436859131,-0.12583240866661072,6.569455581484362e-05,-0.04113857448101044,-0.8442511558532715,0.013607602566480637,-0.01997433416545391,-0.008815271779894829,-0.04068571701645851,0.012406322173774242,-0.5,-0.009653420187532902,-0.028749775141477585,0.029369482770562172,0.0,0.0,-0.0047828578390181065,0.04482324421405792,-0.0289955772459507,0.02186087891459465,0.07395926117897034,0.2267748862504959,-0.041560858488082886,-0.7926077842712402,0.47564777731895447,-44.19623565673828,0.011095695197582245,0.27719756960868835,-0.019293691962957382,-0.03560296818614006,-0.09029793739318848,-0.21633115410804749,0.04109344631433487,11.884628295898438,10.263754844665527,10.957393646240234,11.108437538146973,-0.009199218824505806,-0.044462889432907104,0.006132812704890966,0.03066406212747097,0.0,-0.012685732915997505,-0.047475606203079224,0.006695383694022894,0.03688998147845268,0.0,-0.514689028263092,-0.4227636158466339,-9.649200439453125,-0.1300085335969925,0.08319302648305893,-8.122381210327148,0.0,0.0,0.0,0.0,0.0,0.0,0.0,0.0,0.0,0.0,0.0,0.0,-0.010660823434591293,-0.045067936182022095,0.004730557091534138,0.03603783994913101,0.280667245388031,0.24411121010780334,0.2623508870601654,0.2611601948738098,0.8694381713867188,-0.8424928188323975,0.24194490909576416,0.0,0.0,0.0,0.0,0.0,0.0,0.0
15336661393,0,0.020408449694514275,-0.04734170436859131,-0.12583240866661072,6.569455581484362e-05,-0.04113857448101044,-0.8442511558532715,0.013607602566480637,-0.01997433416545391,-0.008815271779894829,-0.040678657591342926,0.014841169118881226,-0.5,-0.009653420187532902,-0.028749775141477585,0.029369482770562172,0.0,0.0,-0.0047828578390181065,0.04482324421405792,-0.0289955772459507,0.02186087891459465,0.07395926117897034,0.2267748862504959,-0.041560858488082886,-0.7926077842712402,0.47564777731895447,-44.19623565673828,0.011095695197582245,0.27719756960868835,-0.019293691962957382,-0.03560296818614006,-0.09029793739318848,-0.21633115410804749,0.04109344631433487,11.884628295898438,10.263754844665527,10.957393646240234,11.108437538146973,-0.010732421651482582,-0.04599609225988388,0.004599609412252903,0.029130859300494194,0.0,-0.012685732915997505,-0.047475606203079224,0.006695383694022894,0.03688998147845268,0.0,-0.514689028263092,-0.4227636158466339,-9.649200439453125,-0.13547344505786896,0.09034214913845062,-8.007292747497559,0.0,0.0,0.0,0.0,0.0,0.0,0.0,0.0,0.0,0.0,0.0,0.0,-0.010799922049045563,-0.04514393210411072,0.004792649298906326,0.03577951341867447,0.280667245388031,0.24411121010780334,0.2623508870601654,0.2611601948738098,0.8694381713867188,-0.8424928188323975,0.24194490909576416,0.0,0.0,0.0,0.0,0.0,0.0,0.0
15346371954,0,0.020404919981956482,-0.048559121787548065,-0.12653286755084991,6.569455581484362e-05,-0.04113857448101044,-0.8442511558532715,0.0163244791328907,-0.02179565466940403,-0.02681591361761093,-0.040678657591342926,0.014841169118881226,-0.5,-0.008102289400994778,-0.030095594003796577,0.031021596863865852,0.0,0.0,-0.0047828578390181065,0.05211738497018814,-0.054525505751371384,0.03797631710767746,0.0626821517944336,0.23970657587051392,-0.04281345382332802,-0.7451039552688599,0.4968818128108978,-44.04011154174805,0.0033754731994122267,0.31288763880729675,-0.03260832279920578,-0.035918839275836945,-0.08925388753414154,-0.21718519926071167,0.041448865085840225,12.335787773132324,9.706155776977539,11.316920280456543,10.699419975280762,-0.013798828236758709,-0.04906250163912773,0.003066406352445483,0.03066406212747097,0.0,-0.010279374197125435,-0.04928254708647728,0.004304854664951563,0.03740009292960167,0.0,-0.5246477127075195,0.16375328600406647,-10.007048606872559,-0.13547344505786896,0.09034214913845062,-8.007292747497559,0.0,0.0,0.0,0.0,0.0,0.0,0.0,0.0,0.0,0.0,0.0,0.0,-0.011105305515229702,-0.04569492116570473,0.005064013879746199,0.035880912095308304,0.2872238755226135,0.23536133766174316,0.2672978639602661,0.255118727684021,0.6558535099029541,-1.485277771949768,0.8051555156707764,0.0,0.0,0.0,0.0,0.0,0.0,0.0
15356144099,0,0.020388701930642128,-0.04899504780769348,-0.12680847942829132,6.569455581484362e-05,-0.04113857448101044,-0.8442511558532715,0.017605401575565338,-0.026303766295313835,-0.028436653316020966,-0.04064622148871422,0.015713024884462357,-0.5,-0.00791997741907835,-0.030781339854002,0.03146930783987045,0.0,0.0,-0.0047828578390181065,0.049688778817653656,-0.06121901422739029,0.03846312314271927,0.06117148697376251,0.24515262246131897,-0.0433504581451416,-0.7601351737976074,0.5558814406394958,-44.02864456176758,0.008581612259149551,0.3175746202468872,-0.02926715835928917,-0.03624371066689491,-0.08925388753414154,-0.21718519926071167,0.041448865085840225,11.902965545654297,10.204122543334961,10.935885429382324,11.032784461975098,-0.013798828236758709,-0.04599609225988388,0.004599609412252903,0.032197266817092896,0.0,-0.009376789443194866,-0.049478378146886826,0.003001065459102392,0.0386115238070488,0.0,-0.5246477127075195,0.16375328600406647,-10.007048606872559,-0.1382063925266266,0.10106935352087021,-8.005208015441895,0.0,0.0,0.0,0.0,0.0,0.0,0.0,0.0,0.0,0.0,0.0,0.0,-0.011172463186085224,-0.0465535931289196,0.005107522010803223,0.036243461072444916,0.2872238755226135,0.23536133766174316,0.2672978639602661,0.255118727684021,0.17625431716442108,-0.9721526503562927,0.417248010635376,0.0,0.0,0.0,0.0,0.0,0.0,0.0
15366563068,0,0.020388701930642128,-0.04899504780769348,-0.12680847942829132,6.569455581484362e-05,-0.04113857448101044,-0.8442511558532715,0.017605401575565338,-0.026303766295313835,-0.028436653316020966,-0.04061971232295036,0.017547031864523888,-0.5,-0.00791997741907835,-0.030781339854002,0.03146930783987045,0.0,0.0,-0.0047828578390181065,0.049688778817653656,-0.06121901422739029,0.03846312314271927,0.06117148697376251,0.24515262246131897,-0.0433504581451416,-0.7174775004386902,0.5951708555221558,-44.060142517089844,0.021927645429968834,0.279513955116272,-0.01616503670811653,-0.036527905613183975,-0.0872851088643074,-0.21920090913772583,0.04225793853402138,11.902965545654297,10.204122543334961,10.935885429382324,11.032784461975098,-0.012265625409781933,-0.04292968660593033,0.006132812704890966,0.03373046964406967,0.0,-0.006968581583350897,-0.049391839653253555,0.00032349288812838495,0.038475487381219864,0.0,-0.41698241233825684,0.31285226345062256,-9.814257621765137,-0.13044887781143188,0.10961930453777313,-8.076818466186523,0.0,0.0,0.0,0.0,0.0,0.0,0.0,0.0,0.0,0.0,0.0,0.0,-0.010804683901369572,-0.04750257357954979,0.0046768467873334885,0.036796581000089645,0.27878454327583313,0.24529258906841278,0.2597917914390564,0.26170334219932556,0.17625431716442108,-0.9721526503562927,0.417248010635376,0.0,0.0,0.0,0.0,0.0,0.0,0.0
15377170203,0,0.0203754473477602,-0.049912046641111374,-0.12741872668266296,6.569455581484362e-05,-0.04113857448101044,-0.8442511558532715,0.013754588551819324,-0.028917638584971428,-0.021962838247418404,-0.04061971232295036,0.017547031864523888,-0.5,-0.007628968916833401,-0.030502185225486755,0.03130567818880081,0.0,0.0,-0.0047828578390181065,0.026682768017053604,0.00745821138843894,0.042030662298202515,0.05888296663761139,0.24291490018367767,-0.04316089674830437,-0.7268496155738831,0.5467604398727417,-44.670711517333984,0.03254494071006775,0.21867293119430542,-0.03338800370693207,-0.03719054162502289,-0.08555102348327637,-0.22010621428489685,0.0429588221013546,12.410834312438965,10.03682804107666,11.594919204711914,10.646028518676758,-0.0076660155318677425,-0.04139648377895355,0.006132812704890966,0.03373046964406967,0.0,-0.008387579582631588,-0.04891080781817436,0.0020048972219228745,0.0385088250041008,0.0,-0.10245464742183685,-0.11800608038902283,-9.064058303833008,-0.13044887781143188,0.10961930453777313,-8.076818466186523,0.0,0.0,0.0,0.0,0.0,0.0,0.0,0.0,0.0,0.0,0.0,0.0,-0.010092495940625668,-0.04829971864819527,0.003862810553982854,0.03738623112440109,0.28868335485458374,0.24196195602416992,0.27275532484054565,0.2540619671344757,-0.557607114315033,1.5955818891525269,0.5639339089393616,0.0,0.0,0.0,0.0,0.0,0.0,0.0
15386522675,0,0.02029828354716301,-0.05129745602607727,-0.12823541462421417,6.569455581484362e-05,-0.04113857448101044,-0.8442511558532715,0.016602516174316406,-0.020197542384266853,-0.021916210651397705,-0.04046538099646568,0.020317865535616875,-0.5,-0.006352304480969906,-0.03083154186606407,0.033378683030605316,0.0,0.0,-0.0047828578390181065,0.037344980984926224,0.0028258012607693672,0.055673059076070786,0.04861545190215111,0.2454797774553299,-0.04567023366689682,-0.7693287134170532,0.5799552202224731,-44.85154724121094,0.009409922175109386,0.23558104038238525,-0.047868192195892334,-0.037482939660549164,-0.08477865159511566,-0.22031225264072418,0.04357345402240753,12.80838394165039,9.657072067260742,12.012189865112305,10.390909194946289,-0.009199218824505806,-0.04139648377895355,0.006132812704890966,0.032197266817092896,0.0,-0.00840834155678749,-0.053643036633729935,0.002182058058679104,0.04200112447142601,0.0,-0.14641672372817993,0.5128428936004639,-9.599446296691895,-0.1365342140197754,0.0970383733510971,-8.092204093933105,0.0,0.0,0.0,0.0,0.0,0.0,0.0,0.0,0.0,0.0,0.0,0.0,-0.009363126941025257,-0.049045026302337646,0.003050228115171194,0.03804294392466545,0.28868335485458374,0.24196195602416992,0.27275532484054565,0.2540619671344757,0.18605484068393707,0.7072935700416565,0.9343659281730652,0.0,0.0,0.0,0.0,0.0,0.0,0.0
15396500696,0,0.020280761644244194,-0.05171498283743858,-0.12849798798561096,6.569455581484362e-05,-0.04113857448101044,-0.8442511558532715,0.019569899886846542,-0.017470085993409157,-0.02679598331451416,-0.04043033719062805,0.0211529228836298,-0.5,-0.005502334795892239,-0.030939245596528053,0.033943064510822296,0.0,0.0,-0.0047828578390181065,0.037344980984926224,0.0028258012607693672,0.055673059076070786,0.04846816882491112,0.24245457351207733,-0.045778676867485046,-0.7693287134170532,0.5799552202224731,-44.85154724121094,0.009409922175109386,0.23558104038238525,-0.047868192195892334,-0.037482939660549164,-0.08477865159511566,-0.22031225264072418,0.04357345402240753,12.80838394165039,9.657072067260742,12.012189865112305,10.390909194946289,-0.012265625409781933,-0.04599609225988388,0.003066406352445483,0.029130859300494194,0.0,-0.00840834155678749,-0.053643036633729935,0.002182058058679104,0.04200112447142601,0.0,-0.14641672372817993,0.5128428936004639,-9.599446296691895,-0.14233949780464172,0.09269260615110397,-8.061538696289062,0.0,0.0,0.0,0.0,0.0,0.0,0.0,0.0,0.0,0.0,0.0,0.0,-0.008827272802591324,-0.05004172772169113,0.0024822161067277193,0.038935206830501556,0.2963964641094208,0.23437966406345367,0.28091782331466675,0.24900439381599426,0.18605484068393707,0.7072935700416565,0.9343659281730652,0.0,0.0,0.0,0.0,0.0,0.0,0.0
15406422910,0,0.020280761644244194,-0.05171498283743858,-0.12849798798561096,6.569455581484362e-05,-0.04113857448101044,-0.8442511558532715,0.019569899886846542,-0.017470085993409157,-0.02679598331451416,-0.04043033719062805,0.0211529228836298,-0.5,-0.005502334795892239,-0.030939245596528053,0.033943064510822296,0.0,0.0,-0.0047828578390181065,0.05687451362609863,-0.005496767815202475,0.05962521582841873,0.04846816882491112,0.24245457351207733,-0.045778676867485046,-0.7828672528266907,0.5098093152046204,-44.338462829589844,-0.025010770186781883,0.2506914436817169,-0.047422729432582855,-0.03784279525279999,-0.08477865159511566,-0.22031225264072418,0.04357345402240753,12.638479232788086,9.462897300720215,11.903148651123047,10.349828720092773,-0.015332031063735485,-0.04752929508686066,0.0015332031762227416,0.03066406212747097,0.0,-0.010893452912569046,-0.05266822129487991,0.004654846619814634,0.04019474610686302,0.0,-0.14641672372817993,0.5128428936004639,-9.599446296691895,-0.14233949780464172,0.09269260615110397,-8.061538696289062,0.0,0.0,0.0,0.0,0.0,0.0,0.0,0.0,0.0,0.0,0.0,0.0,-0.008601071313023567,-0.05115148425102234,0.0022615473717451096,0.0398564413189888,0.2963964641094208,0.23437966406345367,0.28091782331466675,0.24900439381599426,0.9666630625724792,0.008938867598772049,0.5910691618919373,0.0,0.0,0.0,0.0,0.0,0.0,0.0
15417336931,0,0.020276661962270737,-0.05214979127049446,-0.12875530123710632,6.569455581484362e-05,-0.04113857448101044,-0.8442511558532715,0.018334712833166122,-0.024047348648309708,-0.028699841350317,-0.04042213782668114,0.022022543475031853,-0.5,-0.004991493187844753,-0.030846767127513885,0.0340920053422451,0.0,0.0,-0.0047828578390181065,0.06727954745292664,-0.005930464249104261,0.04894812032580376,0.04153037443757057,0.2452840656042099,-0.046181224286556244,-0.7655763030052185,0.5888080596923828,-44.30894470214844,-0.04069741442799568,0.25179633498191833,-0.030862201005220413,-0.03822169825434685,-0.08477865159511566,-0.22031225264072418,0.04357345402240753,12.19295597076416,9.84437370300293,11.50517463684082,10.781533241271973,-0.012265625409781933,-0.04906250163912773,0.0,0.03526367247104645,0.0,-0.008533087559044361,-0.05288657173514366,0.0018210707930848002,0.04057140648365021,0.0,-0.4489161968231201,-0.0428062342107296,-8.887560844421387,-0.13919569551944733,0.10705601423978806,-8.056171417236328,0.0,0.0,0.0,0.0,0.0,0.0,0.0,0.0,0.0,0.0,0.0,0.0,-0.00868929922580719,-0.052032195031642914,0.0023498472291976213,0.040472645312547684,0.2963964641094208,0.23437966406345367,0.28091782331466675,0.24900439381599426,0.9395660758018494,0.03406153619289398,-0.24330087006092072,0.0,0.0,0.0,0.0,0.0,0.0,0.0
15426068270,0,0.020276661962270737,-0.05214979127049446,-0.12875530123710632,6.569455581484362e-05,-0.04113857448101044,-0.8442511558532715,0.018334712833166122,-0.024047348648309708,-0.028699841350317,-0.040339481085538864,0.023767583072185516,-0.5,-0.004991493187844753,-0.030846767127513885,0.0340920053422451,0.0,0.0,-0.0047828578390181065,0.06727954745292664,-0.005930464249104261,0.04894812032580376,0.04153037443757057,0.2452840656042099,-0.046181224286556244,-0.7655763030052185,0.5888080596923828,-44.30894470214844,-0.04069741442799568,0.25179633498191833,-0.030862201005220413,-0.03822169825434685,-0.0808815062046051,-0.22133979201316833,0.045727863907814026,12.19295597076416,9.84437370300293,11.50517463684082,10.781533241271973,-0.0076660155318677425,-0.05059570446610451,0.0015332031762227416,0.038330078125,0.0,-0.008533087559044361,-0.05288657173514366,0.0018210707930848002,0.04057140648365021,0.0,-0.4489161968231201,-0.0428062342107296,-8.887560844421387,-0.13120484352111816,0.11324800550937653,-8.195086479187012,0.0,0.0,0.0,0.0,0.0,0.0,0.0,0.0,0.0,0.0,0.0,0.0,-0.008812753483653069,-0.05261291563510895,0.0024264275562018156,0.04077655076980591,0.27901002764701843,0.24856142699718475,0.26687246561050415,0.266216903924942,0.9395660758018494,0.03406153619289398,-0.24330087006092072,0.0,0.0,0.0,0.0,0.0,0.0,0.0
15436204452,0,0.0202353335916996,-0.05302230641245842,-0.1291869580745697,6.569455581484362e-05,-0.04113857448101044,-0.8442511558532715,0.014251584187150002,-0.025673706084489822,-0.012666827067732811,-0.040339481085538864,0.023767583072185516,-0.5,-0.004466431215405464,-0.030278058722615242,0.03404150530695915,0.0,0.0,-0.0047828578390181065,0.06168442219495773,0.0049384660087525845,0.03223518654704094,0.03362911567091942,0.24097013473510742,-0.04650218039751053,-0.7216266393661499,0.6228640079498291,-45.072975158691406,-0.032248593866825104,0.23615744709968567,-0.015245430171489716,-0.03893708437681198,-0.07935747504234314,-0.2215760052204132,0.046086862683296204,11.984329223632812,10.464316368103027,11.315542221069336,11.325922012329102,-0.004599609412252903,-0.052128907293081284,0.004599609412252903,0.036796875298023224,0.0,-0.006445187609642744,-0.04949042201042175,-0.0006544100469909608,0.03824253007769585,0.0,-0.42180341482162476,0.6835600137710571,-10.2222261428833,-0.13120484352111816,0.11324800550937653,-8.195086479187012,0.0,0.0,0.0,0.0,0.0,0.0,0.0,0.0,0.0,0.0,0.0,0.0,-0.00872554536908865,-0.052792344242334366,0.0022381877060979605,0.040780726820230484,0.28037402033805847,0.25046101212501526,0.2672707438468933,0.2674746811389923,-0.0003843734157271683,0.24185757339000702,-0.5427480936050415,0.0,0.0,0.0,0.0,0.0,0.0,0.0
15446196251,0,0.0202353335916996,-0.05302230641245842,-0.1291869580745697,6.569455581484362e-05,-0.04113857448101044,-0.8442511558532715,0.014251584187150002,-0.025673706084489822,-0.012666827067732811,-0.04027494043111801,0.025612788274884224,-0.5,-0.004466431215405464,-0.030278058722615242,0.03404150530695915,0.0,0.0,-0.0047828578390181065,0.06010770797729492,0.0009189961710944772,0.03557060286402702,0.03362911567091942,0.24097013473510742,-0.04650218039751053,-0.7435950636863708,0.6340785026550293,-45.202457427978516,-0.03776424005627632,0.2440565526485443,-0.021938670426607132,-0.03931767866015434,-0.07788657397031784,-0.2218647450208664,0.04646187648177147,12.189125061035156,10.308307647705078,11.510528564453125,11.212960243225098,-0.004599609412252903,-0.05366211012005806,0.004599609412252903,0.03526367247104645,0.0,-0.006682776380330324,-0.05141982436180115,-0.0003489520458970219,0.03963814675807953,0.0,-0.42180341482162476,0.6835600137710571,-10.2222261428833,-0.13393987715244293,0.08619458228349686,-8.215031623840332,0.0,0.0,0.0,0.0,0.0,0.0,0.0,0.0,0.0,0.0,0.0,0.0,-0.008369145914912224,-0.05251697078347206,0.0017401357181370258,0.040486227720975876,0.2843683958053589,0.2473638504743576,0.27110031247138977,0.2652527987957001,0.0014124230947345495,-0.05505124107003212,-0.1331626921892166,0.0,0.0,0.0,0.0,0.0,0.0,0.0
15456284947,0,0.020203063264489174,-0.0539449043571949,-0.129598006606102,6.569455581484362e-05,-0.04113857448101044,-0.8442511558532715,0.014953378587961197,-0.010847311466932297,-0.010901142843067646,-0.04027494043111801,0.025612788274884224,-0.5,-0.0030586428474634886,-0.030722998082637787,0.0351693257689476,0.0,0.0,-0.0047828578390181065,0.038362909108400345,-0.00017700062016956508,0.04541884735226631,0.03362911567091942,0.24097013473510742,-0.04650218039751053,-0.7929389476776123,0.5729690790176392,-45.25858688354492,-0.006600755266845226,0.24502499401569366,-0.034828878939151764,-0.03997422754764557,-0.07543241232633591,-0.22241196036338806,0.04728052020072937,12.57348918914795,10.047432899475098,11.79737377166748,10.861010551452637,-0.0076660155318677425,-0.055195312947034836,0.0015332031762227416,0.03526367247104645,0.0,-0.00964116957038641,-0.05241266265511513,0.0029092037584632635,0.04047423228621483,0.0,-0.21643786132335663,-0.7648012638092041,-9.74072265625,-0.13393987715244293,0.08619458228349686,-8.215031623840332,0.0,0.0,0.0,0.0,0.0,0.0,0.0,0.0,0.0,0.0,0.0,0.0,-0.00800819881260395,-0.0521358847618103,0.001245907275006175,0.04015908017754555,0.2918429374694824,0.24217341840267181,0.27671992778778076,0.25831338763237,-0.9234686493873596,-0.09146685898303986,0.3797420263290405,0.0,0.0,0.0,0.0,0.0,0.0,0.0
15466159253,0,0.020212402567267418,-0.05488233640789986,-0.13000799715518951,6.569455581484362e-05,-0.04113857448101044,-0.8442511558532715,0.017575271427631378,-0.024524085223674774,-0.008892291225492954,-0.0402936190366745,0.027487661689519882,-0.5,-0.003086551558226347,-0.030660266056656837,0.03631596639752388,0.0,0.0,-0.0047828578390181065,0.010762124322354794,0.005842187441885471,0.04406792297959328,0.026857655495405197,0.24269051849842072,-0.04887571185827255,-0.7929389476776123,0.5729690790176392,-45.25858688354492,-0.006600755266845226,0.24502499401569366,-0.034828878939151764,-0.03997422754764557,-0.07543241232633591,-0.22241196036338806,0.04728052020072937,12.532658576965332,10.234663009643555,11.673582077026367,10.888740539550781,-0.0076660155318677425,-0.05366211012005806,0.0015332031762227416,0.03526367247104645,0.0,-0.009672584012150764,-0.051452990621328354,0.0029400531202554703,0.0403711162507534,0.0,-0.787441074848175,0.650809109210968,-9.816280364990234,-0.13819074630737305,0.11772587895393372,-8.237861633300781,0.0,0.0,0.0,0.0,0.0,0.0,0.0,0.0,0.0,0.0,0.0,0.0,-0.007996981963515282,-0.051909469068050385,0.0011608817148953676,0.040013011544942856,0.2918429374694824,0.24217341840267181,0.27671992778778076,0.25831338763237,-1.5445311069488525,0.2239425778388977,0.12418661266565323,0.0,0.0,0.0,0.0,0.0,0.0,0.0
15476602926,0,0.020212402567267418,-0.05488233640789986,-0.13000799715518951,6.569455581484362e-05,-0.04113857448101044,-0.8442511558532715,0.017575271427631378,-0.024524085223674774,-0.008892291225492954,-0.0402936190366745,0.027487661689519882,-0.5,-0.003086551558226347,-0.030660266056656837,0.03631596639752388,0.0,0.0,-0.0047828578390181065,0.010762124322354794,0.005842187441885471,0.04406792297959328,0.026857655495405197,0.24269051849842072,-0.04887571185827255,-0.7600491046905518,0.6474923491477966,-45.3082389831543,0.032625410705804825,0.23281432688236237,-0.031038541346788406,-0.040422242134809494,-0.07425767183303833,-0.22275564074516296,0.04792720451951027,12.532658576965332,10.234663009643555,11.673582077026367,10.888740539550781,-0.009199218824505806,-0.05366211012005806,0.0,0.036796875298023224,0.0,-0.006681155413389206,-0.05294080823659897,-0.00035484746331349015,0.041679318994283676,0.0,-0.787441074848175,0.650809109210968,-9.816280364990234,-0.13819074630737305,0.11772587895393372,-8.237861633300781,0.0,0.0,0.0,0.0,0.0,0.0,0.0,0.0,0.0,0.0,0.0,0.0,-0.0081612104550004,-0.05182679370045662,0.001293947803787887,0.04007235914468765,0.2910503149032593,0.24589991569519043,0.27429676055908203,0.2588612139225006,-1.5445311069488525,0.2239425778388977,0.12418661266565323,0.0,0.0,0.0,0.0,0.0,0.0,0.0
15486407569,0,0.020242733880877495,-0.05623304843902588,-0.13056956231594086,6.569455581484362e-05,-0.04113857448101044,-0.8442511558532715,0.02314845658838749,-0.027060305699706078,-0.01046576164662838,-0.04035428166389465,0.03018909879028797,-0.5,-0.004344072192907333,-0.0306441318243742,0.03646181523799896,0.0,0.0,-0.0047828578390181065,0.010762124322354794,0.005842187441885471,0.04406792297959328,0.031192965805530548,0.2388818860054016,-0.04947910085320473,-0.7600491046905518,0.6474923491477966,-45.3082389831543,0.032625410705804825,0.23281432688236237,-0.031038541346788406,-0.040422242134809494,-0.07425767183303833,-0.22275564074516296,0.04792720451951027,12.532658576965332,10.234663009643555,11.673582077026367,10.888740539550781,-0.0076660155318677425,-0.05366211012005806,0.0,0.038330078125,0.0,-0.006681155413389206,-0.05294080823659897,-0.00035484746331349015,0.041679318994283676,0.0,-0.787441074848175,0.650809109210968,-9.816280364990234,-0.14912524819374084,0.129991352558136,-8.239954948425293,0.0,0.0,0.0,0.0,0.0,0.0,0.0,0.0,0.0,0.0,0.0,0.0,-0.008106869645416737,-0.05192306637763977,0.0012071434175595641,0.04033772647380829,0.2910503149032593,0.24589991569519043,0.27429676055908203,0.2588612139225006,-1.5445311069488525,0.2239425778388977,0.12418661266565323,0.0,0.0,0.0,0.0,0.0,0.0,0.0
15496390002,0,0.020242733880877495,-0.05623304843902588,-0.13056956231594086,6.569455581484362e-05,-0.04113857448101044,-0.8442511558532715,0.02314845658838749,-0.027060305699706078,-0.01046576164662838,-0.04035428166389465,0.03018909879028797,-0.5,-0.004344072192907333,-0.0306441318243742,0.03646181523799896,0.0,0.0,-0.0047828578390181065,-0.008847967721521854,-0.007846545428037643,0.0270085409283638,0.031192965805530548,0.2388818860054016,-0.04947910085320473,-0.8201888799667358,0.7149524688720703,-45.31975173950195,0.04296048358082771,0.26193657517433167,-0.011013418436050415,-0.04115929454565048,-0.07304052263498306,-0.22326934337615967,0.04861452430486679,12.0969877243042,10.710461616516113,11.113896369934082,11.422150611877441,-0.0076660155318677425,-0.05672851577401161,0.0,0.036796875298023224,0.0,-0.006774056702852249,-0.05487978458404541,-0.0006776841473765671,0.04361472651362419,0.0,-0.07811664044857025,-0.24481822550296783,-9.897255897521973,-0.14912524819374084,0.129991352558136,-8.239954948425293,0.0,0.0,0.0,0.0,0.0,0.0,0.0,0.0,0.0,0.0,0.0,0.0,-0.007821346633136272,-0.05224766954779625,0.0008613291429355741,0.04080507904291153,0.28257235884666443,0.25533708930015564,0.26330211758613586,0.2693653702735901,-0.8711652159690857,-0.6852198243141174,-0.5465103983879089,0.0,0.0,0.0,0.0,0.0,0.0,0.0
15506596634,0,0.02025379054248333,-0.0566786527633667,-0.1307743638753891,6.569455581484362e-05,-0.04113857448101044,-0.8442511558532715,0.020754581317305565,-0.02200063318014145,-0.012539914809167385,-0.04037639498710632,0.03108031302690506,-0.5,-0.0037163286469876766,-0.03117263875901699,0.03665345534682274,0.0,0.0,-0.0047828578390181065,0.004646246787160635,-0.023571323603391647,0.024107905104756355,0.025400865823030472,0.24723781645298004,-0.049841880798339844,-0.7981739044189453,0.6651384234428406,-45.267494201660156,0.017214812338352203,0.28266432881355286,-0.010539576411247253,-0.041547827422618866,-0.07235679775476456,-0.22386471927165985,0.04877335950732231,12.064045906066895,10.63723373413086,11.097126007080078,11.492053985595703,-0.006132812704890966,-0.05672851577401161,0.0,0.03526367247104645,0.0,-0.007642270531505346,-0.0529068224132061,0.00016891358245629817,0.04110068455338478,0.0,-0.4663660526275635,0.7861653566360474,-10.090689659118652,-0.14512252807617188,0.12093425542116165,-8.230453491210938,0.0,0.0,0.0,0.0,0.0,0.0,0.0,0.0,0.0,0.0,0.0,0.0,-0.0075234356336295605,-0.05271254852414131,0.0004612117481883615,0.04134812578558922,0.28192970156669617,0.2538878321647644,0.26297178864479065,0.27073776721954346,0.25340691208839417,-1.0772736072540283,-0.3647390604019165,0.0,0.0,0.0,0.0,0.0,0.0,0.0
15516186609,0,0.020247438922524452,-0.057122595608234406,-0.1309785544872284,6.569455581484362e-05,-0.04113857448101044,-0.8442511558532715,0.023760516196489334,-0.02014421857893467,-0.012916073203086853,-0.04036369174718857,0.03196820244193077,-0.5,-0.003168398980051279,-0.0318281464278698,0.037106264382600784,0.0,0.0,-0.0047828578390181065,-0.0035772561095654964,-0.0441724956035614,0.023058565333485603,0.023061126470565796,0.2532254755496979,-0.05019943043589592,-0.8139773011207581,0.6121554374694824,-44.991641998291016,0.038798678666353226,0.30951210856437683,-0.01101779192686081,-0.04225055128335953,-0.07235679775476456,-0.22386471927165985,0.04877335950732231,12.081568717956543,10.54774284362793,10.965339660644531,11.420635223388672,-0.006132812704890966,-0.055195312947034836,0.0015332031762227416,0.036796875298023224,0.0,-0.009707442484796047,-0.05218066647648811,0.0023191547952592373,0.04013896360993385,0.0,-0.555695652961731,-0.15667679905891418,-9.999344825744629,-0.15180586278438568,0.11878956854343414,-8.233469009399414,0.0,0.0,0.0,0.0,0.0,0.0,0.0,0.0,0.0,0.0,0.0,0.0,-0.007454065140336752,-0.053034551441669464,0.00027063157176598907,0.041641149669885635,0.28192970156669617,0.2538878321647644,0.26297178864479065,0.27073776721954346,-0.3148324191570282,-0.8913589119911194,-0.18470366299152374,0.0,0.0,0.0,0.0,0.0,0.0,0.0
15526466778,0,0.020253557711839676,-0.0580420047044754,-0.13146063685417175,6.569455581484362e-05,-0.04113857448101044,-0.8442511558532715,0.018787456676363945,-0.016143277287483215,-0.024465126916766167,-0.040375929325819016,0.03380702808499336,-0.5,-0.003676116466522217,-0.0324326828122139,0.037520911544561386,0.0,0.0,-0.0047828578390181065,-0.0035772561095654964,-0.0441724956035614,0.023058565333485603,0.02703424170613289,0.258066862821579,-0.050685614347457886,-0.8139773011207581,0.6121554374694824,-44.991641998291016,0.038798678666353226,0.30951210856437683,-0.01101779192686081,-0.04225055128335953,-0.07087685167789459,-0.22562751173973083,0.0490880087018013,12.081568717956543,10.54774284362793,10.965339660644531,11.420635223388672,-0.006132812704890966,-0.05366211012005806,0.003066406352445483,0.036796875298023224,0.0,-0.009707442484796047,-0.05218066647648811,0.0023191547952592373,0.04013896360993385,0.0,-0.555695652961731,-0.15667679905891418,-9.999344825744629,-0.14198428392410278,0.11465153098106384,-8.161649703979492,0.0,0.0,0.0,0.0,0.0,0.0,0.0,0.0,0.0,0.0,0.0,0.0,-0.007740487344563007,-0.053068857640028,0.0004557156644295901,0.041552431881427765,0.2822715640068054,0.2521151006221771,0.26037314534187317,0.2693358063697815,-0.3148324191570282,-0.8913589119911194,-0.18470366299152374,0.0,0.0,0.0,0.0,0.0,0.0,0.0
15537039913,0,0.02026103436946869,-0.05852989852428436,-0.13170191645622253,6.569455581484362e-05,-0.04113857448101044,-0.8442511558532715,0.015219862572848797,-0.01626219041645527,-0.027247855439782143,-0.04039088264107704,0.03478282317519188,-0.5,-0.004608616698533297,-0.03259718045592308,0.037662576884031296,0.0,0.0,-0.0047828578390181065,-0.03949929028749466,-0.04753539338707924,0.021450761705636978,0.036937013268470764,0.26548951864242554,-0.05098998546600342,-0.7415472865104675,0.6462247967720032,-44.82967758178711,0.09520364552736282,0.3148771822452545,-0.011244051158428192,-0.04292939603328705,-0.07087685167789459,-0.22562751173973083,0.0490880087018013,12.141109466552734,10.582391738891602,10.836104393005371,11.294191360473633,-0.006132812704890966,-0.04906250163912773,0.003066406352445483,0.038330078125,0.0,-0.006619212217628956,-0.05079617351293564,-0.001196076744236052,0.039321418851614,0.0,-0.32971835136413574,-0.33326369524002075,-9.719111442565918,-0.13482677936553955,0.11749541759490967,-8.150850296020508,0.0,0.0,0.0,0.0,0.0,0.0,0.0,0.0,0.0,0.0,0.0,0.0,-0.008101844228804111,-0.05285796523094177,0.0007284334860742092,0.04121026024222374,0.2822715640068054,0.2521151006221771,0.26037314534187317,0.2693358063697815,-1.4739922285079956,-0.34063979983329773,-0.027658037841320038,0.0,0.0,0.0,0.0,0.0,0.0,0.0
15546384062,0,0.02026103436946869,-0.05852989852428436,-0.13170191645622253,6.569455581484362e-05,-0.04113857448101044,-0.8442511558532715,0.015219862572848797,-0.01626219041645527,-0.027247855439782143,-0.04039088264107704,0.03478282317519188,-0.5,-0.004608616698533297,-0.03259718045592308,0.037662576884031296,0.0,0.0,-0.0047828578390181065,-0.03949929028749466,-0.04753539338707924,0.021450761705636978,0.036937013268470764,0.26548951864242554,-0.05098998546600342,-0.7506715059280396,0.691574215888977,-45.0041389465332,0.09520364552736282,0.3148771822452545,-0.011244051158428192,-0.04292939603328705,-0.07000613957643509,-0.2277373969554901,0.049248889088630676,12.457014083862305,10.352110862731934,11.120201110839844,11.098546028137207,-0.006132812704890966,-0.04906250163912773,0.003066406352445483,0.038330078125,0.0,-0.005423187278211117,-0.05379016697406769,-0.002317258156836033,0.041751690208911896,0.0,-0.32971835136413574,-0.33326369524002075,-9.719111442565918,-0.13482677936553955,0.11749541759490967,-8.150850296020508,0.0,0.0,0.0,0.0,0.0,0.0,0.0,0.0,0.0,0.0,0.0,0.0,-0.008093268610537052,-0.05257578194141388,0.0006178767653182149,0.040843263268470764,0.2834324836730957,0.2528015375137329,0.25782135128974915,0.26685091853141785,-1.4739922285079956,-0.34063979983329773,-0.027658037841320038,0.0,0.0,0.0,0.0,0.0,0.0,0.0
15556372465,0,0.02026103436946869,-0.05852989852428436,-0.13170191645622253,6.569455581484362e-05,-0.04113857448101044,-0.8442511558532715,0.015219862572848797,-0.01626219041645527,-0.027247855439782143,-0.04039088264107704,0.03478282317519188,-0.5,-0.004608616698533297,-0.03259718045592308,0.037662576884031296,0.0,0.0,-0.0047828578390181065,-0.03949929028749466,-0.04753539338707924,0.021450761705636978,0.036937013268470764,0.26548951864242554,-0.05098998546600342,-0.7506715059280396,0.691574215888977,-45.0041389465332,0.09501341730356216,0.32539743185043335,-0.021495170891284943,-0.04323528707027435,-0.06987790763378143,-0.22882354259490967,0.04941945895552635,12.457014083862305,10.352110862731934,11.120201110839844,11.098546028137207,-0.0076660155318677425,-0.052128907293081284,0.0015332031762227416,0.036796875298023224,0.0,-0.005449877120554447,-0.05382233485579491,-0.0023471585009247065,0.04172169417142868,0.0,-0.32971835136413574,-0.33326369524002075,-9.719111442565918,-0.13482677936553955,0.11749541759490967,-8.150850296020508,0.0,0.0,0.0,0.0,0.0,0.0,0.0,0.0,0.0,0.0,0.0,0.0,-0.007652754429727793,-0.05252445489168167,7.223413558676839e-05,0.040716905146837234,0.2907181978225708,0.24680005013942719,0.2648966908454895,0.26177555322647095,-1.4739922285079956,-0.34063979983329773,-0.027658037841320038,0.0,0.0,0.0,0.0,0.0,0.0,0.0
15568298194,0,0.020255111157894135,-0.059459153562784195,-0.13223277032375336,6.569455581484362e-05,-0.04113857448101044,-0.8442511558532715,0.014912975020706654,-0.015127674676477909,-0.02447543852031231,-0.04042650759220123,0.038386985659599304,-0.5,-0.005567220970988274,-0.03378709405660629,0.038437046110630035,0.0,0.0,-0.0047828578390181065,-0.022693384438753128,-0.04992842301726341,0.04181753844022751,0.037624508142471313,0.2727697491645813,-0.05232317000627518,-0.7451675534248352,0.6602047681808472,-45.046905517578125,0.05695135146379471,0.32315370440483093,-0.03375085070729256,-0.043646324425935745,-0.06987790763378143,-0.22882354259490967,0.04941945895552635,12.711002349853516,9.998733520507812,11.500263214111328,10.8571195602417,-0.009199218824505806,-0.055195312947034836,0.0015332031762227416,0.036796875298023224,0.0,-0.006095580291002989,-0.054465390741825104,-0.0015132533153519034,0.0414070300757885,0.0,-0.364693284034729,-0.05184145271778107,-9.976526260375977,-0.14322714507579803,0.12856565415859222,-8.205787658691406,0.0,0.0,0.0,0.0,0.0,0.0,0.0,0.0,0.0,0.0,0.0,0.0,-0.007058170158416033,-0.05276688560843468,-0.0006027144263498485,0.04082703962922096,0.2907181978225708,0.24680005013942719,0.2648966908454895,0.26177555322647095,0.39651480317115784,0.02129724621772766,0.6760039925575256,0.0,0.0,0.0,0.0,0.0,0.0,0.0
15576235712,0,0.020278846845030785,-0.06033197045326233,-0.1328311711549759,6.569455581484362e-05,-0.04113857448101044,-0.8442511558532715,0.018401244655251503,-0.01788247376680374,-0.02433641254901886,-0.04042650759220123,0.038386985659599304,-0.5,-0.0045808060094714165,-0.034818217158317566,0.03920293599367142,0.0,0.0,-0.0047828578390181065,-0.0011803836096078157,-0.043645862489938736,0.04009830951690674,0.03396892175078392,0.2771008312702179,-0.05267845839262009,-0.757644772529602,0.7098299860954285,-45.110713958740234,0.023138536140322685,0.316951721906662,-0.02832746133208275,-0.04396206513047218,-0.06906658411026001,-0.2314385324716568,0.0503324531018734,12.530089378356934,10.107707023620605,11.44190788269043,11.051494598388672,-0.010732421651482582,-0.05672851577401161,0.0,0.038330078125,0.0,-0.005162790883332491,-0.05608717352151871,-0.00269883475266397,0.0426357239484787,0.0,-0.3363395929336548,-0.12551036477088928,-9.575895309448242,-0.14322714507579803,0.12856565415859222,-8.205787658691406,0.0,0.0,0.0,0.0,0.0,0.0,0.0,0.0,0.0,0.0,0.0,0.0,-0.006515303626656532,-0.05324468016624451,-0.00119584403000772,0.041059426963329315,0.2910003364086151,0.24337390065193176,0.26975345611572266,0.2620723247528076,1.2010769844055176,0.37949755787849426,0.27069544792175293,0.0,0.0,0.0,0.0,0.0,0.0,0.0
15586577647,0,0.020289041101932526,-0.06117716059088707,-0.1334124356508255,6.569455581484362e-05,-0.04113857448101044,-0.8442511558532715,0.016807425767183304,-0.0075279767625033855,-0.028309762477874756,-0.040446896106004715,0.04007737338542938,-0.5,-0.00397356366738677,-0.034704480320215225,0.039545174688100815,0.0,0.0,-0.0047828578390181065,0.025217246264219284,-0.015426342375576496,0.03126096352934837,0.03396892175078392,0.2771008312702179,-0.05267845839262009,-0.7726107239723206,0.6085860729217529,-45.04844284057617,-0.002209440106526017,0.28064829111099243,-0.017590496689081192,-0.04470731317996979,-0.06699894368648529,-0.2335275113582611,0.05100651830434799,12.1521635055542,10.378549575805664,11.251920700073242,11.287781715393066,-0.0076660155318677425,-0.05672851577401161,0.0015332031762227416,0.038330078125,0.0,-0.008771093562245369,-0.05175689235329628,0.0008351115975528955,0.03896631300449371,0.0,-0.2431301772594452,-0.3438771069049835,-9.93541431427002,-0.14047467708587646,0.11065201461315155,-8.19062614440918,0.0,0.0,0.0,0.0,0.0,0.0,0.0,0.0,0.0,0.0,0.0,0.0,-0.006208228878676891,-0.05372960492968559,-0.0015471747610718012,0.04123862832784653,0.2910003364086151,0.24337390065193176,0.26975345611572266,0.2620723247528076,0.863162100315094,1.102884292602539,-0.11866355687379837,0.0,0.0,0.0,0.0,0.0,0.0,0.0
15596637816,0,0.020267624408006668,-0.0616147443652153,-0.13370759785175323,6.569455581484362e-05,-0.04113857448101044,-0.8442511558532715,0.01933235116302967,-0.007070457562804222,-0.03033921867609024,-0.040404062718153,0.040952544659376144,-0.5,-0.004406615626066923,-0.03465203568339348,0.040155962109565735,0.0,0.0,-0.0047828578390181065,0.025217246264219284,-0.015426342375576496,0.03126096352934837,0.03254379704594612,0.2757739722728729,-0.053826019167900085,-0.7726107239723206,0.6085860729217529,-45.04844284057617,-0.002209440106526017,0.28064829111099243,-0.017590496689081192,-0.04470731317996979,-0.06699894368648529,-0.2335275113582611,0.05100651830434799,12.1521635055542,10.378549575805664,11.251920700073242,11.287781715393066,-0.004599609412252903,-0.055195312947034836,0.003066406352445483,0.038330078125,0.0,-0.008771093562245369,-0.05175689235329628,0.0008351115975528955,0.03896631300449371,0.0,-0.2431301772594452,-0.3438771069049835,-9.93541431427002,-0.1452142298221588,0.11218851804733276,-8.182575225830078,0.0,0.0,0.0,0.0,0.0,0.0,0.0,0.0,0.0,0.0,0.0,0.0,-0.00636366568505764,-0.05380383878946304,-0.0014433939941227436,0.04107673466205597,0.28364798426628113,0.248758926987648,0.2660196125507355,0.26672494411468506,0.863162100315094,1.102884292602539,-0.11866355687379837,0.0,0.0,0.0,0.0,0.0,0.0,0.0
15606277991,0,0.020267624408006668,-0.0616147443652153,-0.13370759785175323,6.569455581484362e-05,-0.04113857448101044,-0.8442511558532715,0.01933235116302967,-0.007070457562804222,-0.03033921867609024,-0.04034092277288437,0.04175105690956116,-0.5,-0.004406615626066923,-0.03465203568339348,0.040155962109565735,0.0,0.0,-0.0047828578390181065,0.025217246264219284,-0.015426342375576496,0.03126096352934837,0.03254379704594612,0.2757739722728729,-0.053826019167900085,-0.7986782789230347,0.6170368194580078,-45.00416564941406,0.004024334251880646,0.2839517295360565,-0.027705363929271698,-0.04502466320991516,-0.06603355705738068,-0.23426425457000732,0.05132341757416725,12.409540176391602,10.120007514953613,11.478568077087402,11.019941329956055,-0.006132812704890966,-0.05672851577401161,0.0,0.036796875298023224,0.0,-0.009118904359638691,-0.05432220548391342,0.0013311859220266342,0.040990907698869705,0.0,-0.4301949143409729,-0.0517549104988575,-9.551834106445312,-0.14612749218940735,0.10913702845573425,-8.20291805267334,0.0,0.0,0.0,0.0,0.0,0.0,0.0,0.0,0.0,0.0,0.0,0.0,-0.006900392007082701,-0.05358096957206726,-0.0009490223601460457,0.04070108011364937,0.2886582612991333,0.24361871182918549,0.2704729735851288,0.26145032048225403,0.863162100315094,1.102884292602539,-0.11866355687379837,0.0,0.0,0.0,0.0,0.0,0.0,0.0
15616841329,0,0.020236054435372353,-0.06201399862766266,-0.13399173319339752,6.569455581484362e-05,-0.04113857448101044,-0.8442511558532715,0.01981695555150509,-0.0046743713319301605,-0.028835926204919815,-0.04034092277288437,0.04175105690956116,-0.5,-0.004380619619041681,-0.0344739593565464,0.04077921807765961,0.0,0.0,-0.0047828578390181065,0.027574699372053146,0.00878714770078659,0.05479596182703972,0.03231584280729294,0.274360716342926,-0.0545748732984066,-0.8062429428100586,0.6875847578048706,-45.15293502807617,-0.005860424134880304,0.2557626962661743,-0.04337354749441147,-0.04573020339012146,-0.06603355705738068,-0.23426425457000732,0.05132341757416725,12.779176712036133,9.79410171508789,11.966110229492188,10.637107849121094,-0.009199218824505806,-0.05672851577401161,-0.0015332031762227416,0.03526367247104645,0.0,-0.007172572426497936,-0.059034548699855804,-0.0006480603478848934,0.04499367997050285,0.0,-0.3641660213470459,-0.03456062078475952,-9.860904693603516,-0.14612749218940735,0.10913702845573425,-8.20291805267334,0.0,0.0,0.0,0.0,0.0,0.0,0.0,0.0,0.0,0.0,0.0,0.0,-0.007467902731150389,-0.05370718613266945,-0.00039931482751853764,0.04066106304526329,0.2886582612991333,0.24361871182918549,0.2704729735851288,0.26145032048225403,0.2664000391960144,1.0468263626098633,0.6575205326080322,0.0,0.0,0.0,0.0,0.0,0.0,0.0
15626473297,0,0.020236054435372353,-0.06201399862766266,-0.13399173319339752,6.569455581484362e-05,-0.04113857448101044,-0.8442511558532715,0.01981695555150509,-0.0046743713319301605,-0.028835926204919815,-0.04034092277288437,0.04175105690956116,-0.5,-0.004380619619041681,-0.0344739593565464,0.04077921807765961,0.0,0.0,-0.0047828578390181065,0.027574699372053146,0.00878714770078659,0.05479596182703972,0.03231584280729294,0.274360716342926,-0.0545748732984066,-0.8062429428100586,0.6875847578048706,-45.15293502807617,-0.005860424134880304,0.2557626962661743,-0.04337354749441147,-0.04573020339012146,-0.06390640884637833,-0.23554623126983643,0.052463941276073456,12.779176712036133,9.79410171508789,11.966110229492188,10.637107849121094,-0.010732421651482582,-0.05672851577401161,-0.004599609412252903,0.03526367247104645,0.0,-0.007172572426497936,-0.059034548699855804,-0.0006480603478848934,0.04499367997050285,0.0,-0.3641660213470459,-0.03456062078475952,-9.860904693603516,-0.14612749218940735,0.10913702845573425,-8.20291805267334,0.0,0.0,0.0,0.0,0.0,0.0,0.0,0.0,0.0,0.0,0.0,0.0,-0.007782301399856806,-0.0545349158346653,-8.355608588317409e-05,0.041256215423345566,0.2958306670188904,0.2371191680431366,0.2800181210041046,0.2538853883743286,0.2664000391960144,1.0468263626098633,0.6575205326080322,0.0,0.0,0.0,0.0,0.0,0.0,0.0
15636677558,0,0.02019226737320423,-0.06282298266887665,-0.13463513553142548,6.569455581484362e-05,-0.04113857448101044,-0.8442511558532715,0.01959202066063881,-0.014023472554981709,-0.028733588755130768,-0.040253348648548126,0.04336903244256973,-0.5,-0.0038473003078252077,-0.03406530246138573,0.041983794420957565,0.0,0.0,-0.0047828578390181065,0.027905460447072983,0.03360878303647041,0.058308884501457214,0.028042050078511238,0.2710806131362915,-0.05603228509426117,-0.7932237982749939,0.7192649245262146,-45.20439910888672,-0.005536732729524374,0.21613572537899017,-0.04533868283033371,-0.04612928628921509,-0.06271734088659286,-0.2358710914850235,0.05323868244886398,12.779823303222656,9.81932258605957,12.089472770690918,10.538642883300781,-0.010732421651482582,-0.05672851577401161,-0.004599609412252903,0.036796875298023224,0.0,-0.005969516932964325,-0.05960008129477501,-0.0019845471251755953,0.04599984362721443,0.0,-0.6384744048118591,0.7827024459838867,-10.280414581298828,-0.14422251284122467,0.13077543675899506,-8.218981742858887,0.0,0.0,0.0,0.0,0.0,0.0,0.0,0.0,0.0,0.0,0.0,0.0,-0.007768915966153145,-0.05579839646816254,-9.408304322278127e-05,0.042284995317459106,0.29584333300590515,0.23762300610542297,0.28242573142051697,0.2519347071647644,0.16780902445316315,1.672328233718872,0.5284988284111023,0.0,0.0,0.0,0.0,0.0,0.0,0.0
15646063541,0,0.02015528827905655,-0.0631866604089737,-0.1350317895412445,6.569455581484362e-05,-0.04113857448101044,-0.8442511558532715,0.01439944002777338,-0.012722071260213852,-0.0317017026245594,-0.04017939046025276,0.04409639164805412,-0.5,-0.003342266194522381,-0.0334894061088562,0.04244862496852875,0.0,0.0,-0.0047828578390181065,0.033581074327230453,0.06970085948705673,0.045522045344114304,0.024046817794442177,0.26646777987480164,-0.056601762771606445,-0.7932237982749939,0.7192649245262146,-45.20439910888672,-0.005536732729524374,0.21613572537899017,-0.04533868283033371,-0.04612928628921509,-0.06271734088659286,-0.2358710914850235,0.05323868244886398,12.189249992370605,10.300579071044922,11.669817924499512,10.921801567077637,-0.0076660155318677425,-0.055195312947034836,-0.003066406352445483,0.038330078125,0.0,-0.0062587447464466095,-0.05681242048740387,-0.002055912045761943,0.04438500106334686,0.0,-0.4487190544605255,0.5262322425842285,-10.172487258911133,-0.1330198049545288,0.12879739701747894,-8.204961776733398,0.0,0.0,0.0,0.0,0.0,0.0,0.0,0.0,0.0,0.0,0.0,0.0,-0.007499136961996555,-0.05696661397814751,-0.0003897400456480682,0.043355543166399,0.29584333300590515,0.23762300610542297,0.28242573142051697,0.2519347071647644,0.2627525329589844,1.4126979112625122,-0.31538739800453186,0.0,0.0,0.0,0.0,0.0,0.0,0.0
15656720852,0,0.02015528827905655,-0.0631866604089737,-0.1350317895412445,6.569455581484362e-05,-0.04113857448101044,-0.8442511558532715,0.01439944002777338,-0.012722071260213852,-0.0317017026245594,-0.04006953164935112,0.04549149051308632,-0.5,-0.003342266194522381,-0.0334894061088562,0.04244862496852875,0.0,0.0,-0.0047828578390181065,0.033581074327230453,0.06970085948705673,0.045522045344114304,0.019869893789291382,0.2519838213920593,-0.05746522545814514,-0.7294298410415649,0.7147741913795471,-45.057254791259766,-0.017855746671557426,0.17243246734142303,-0.026595409959554672,-0.04696517810225487,-0.060204051434993744,-0.23539085686206818,0.05463428422808647,12.189249992370605,10.300579071044922,11.669817924499512,10.921801567077637,-0.006132812704890966,-0.05366211012005806,0.0,0.039863280951976776,0.0,-0.004613146185874939,-0.05455334484577179,-0.0039304508827626705,0.042089201509952545,0.0,-0.4487190544605255,0.5262322425842285,-10.172487258911133,-0.13070856034755707,0.10560078918933868,-8.169473648071289,0.0,0.0,0.0,0.0,0.0,0.0,0.0,0.0,0.0,0.0,0.0,0.0,-0.00704831350594759,-0.05753709375858307,-0.000925785512663424,0.04404059797525406,0.28437086939811707,0.2472103387117386,0.2742230296134949,0.25951388478279114,0.2627525329589844,1.4126979112625122,-0.31538739800453186,0.0,0.0,0.0,0.0,0.0,0.0,0.0
15666863355,0,0.020100358873605728,-0.0638842061161995,-0.1358826458454132,6.569455581484362e-05,-0.04113857448101044,-0.8442511558532715,0.013636930845677853,-5.6689808843657374e-05,-0.038575224578380585,-0.04006953164935112,0.04549149051308632,-0.5,-0.002614441094920039,-0.032212045043706894,0.042569391429424286,0.0,0.0,-0.0047828578390181065,0.03981010988354683,0.07133795320987701,0.04447757825255394,0.019869893789291382,0.2519838213920593,-0.05746522545814514,-0.7721076607704163,0.5515183210372925,-44.95526885986328,-0.02854854427278042,0.16788411140441895,-0.031118884682655334,-0.04774945229291916,-0.05755850672721863,-0.23446984589099884,0.05544668808579445,12.253130912780762,10.152422904968262,11.781064987182617,10.792756080627441,-0.006132812704890966,-0.05059570446610451,0.0015332031762227416,0.039863280951976776,0.0,-0.010600895620882511,-0.05122929811477661,0.0022144410759210587,0.038560498505830765,0.0,0.041833505034446716,0.08765991032123566,-9.824307441711426,-0.13070856034755707,0.10560078918933868,-8.169473648071289,0.0,0.0,0.0,0.0,0.0,0.0,0.0,0.0,0.0,0.0,0.0,0.0,-0.006729378830641508,-0.05721794813871384,-0.0013739108107984066,0.043960556387901306,0.28561508655548096,0.24426405131816864,0.27640095353126526,0.2569645345211029,0.18599943816661835,0.43765315413475037,0.13829199969768524,0.0,0.0,0.0,0.0,0.0,0.0,0.0
15676322579,0,0.01997298002243042,-0.06441134959459305,-0.1368425190448761,6.569455581484362e-05,-0.04113857448101044,-0.8442511558532715,0.01930665597319603,0.0037615210749208927,-0.04028448835015297,-0.039814773947000504,0.046545784920454025,-0.5,-0.0021597619634121656,-0.030763108283281326,0.04324786737561226,0.0,0.0,-0.0047828578390181065,0.020062705501914024,0.07375045120716095,0.05554622784256935,0.013121559284627438,0.2435985952615738,-0.05883631110191345,-0.765166699886322,0.5528971552848816,-44.614051818847656,0.0039324709214270115,0.15971124172210693,-0.044314395636320114,-0.048174191266298294,-0.05755850672721863,-0.23446984589099884,0.05544668808579445,12.533734321594238,9.799574851989746,11.989492416381836,10.314261436462402,-0.0076660155318677425,-0.052128907293081284,0.0,0.039863280951976776,0.0,-0.01016569510102272,-0.05292180925607681,0.0018921011360362172,0.040114715695381165,0.0,-0.6063894033432007,0.03547477349638939,-10.370224952697754,-0.14038321375846863,0.10027606040239334,-8.173685073852539,0.0,0.0,0.0,0.0,0.0,0.0,0.0,0.0,0.0,0.0,0.0,0.0,-0.0069906204007565975,-0.05618733912706375,-0.0012305008713155985,0.04315921664237976,0.28561508655548096,0.24426405131816864,0.27640095353126526,0.2569645345211029,-0.7779988050460815,0.3619910180568695,0.6254342198371887,0.0,0.0,0.0,0.0,0.0,0.0,0.0
15686218020,0,0.01987598091363907,-0.06493324041366577,-0.1379338502883911,6.569455581484362e-05,-0.04113857448101044,-0.8442511558532715,0.01816708967089653,0.003047320758923888,-0.058606866747140884,-0.0396207720041275,0.04758957028388977,-0.5,-0.0028215094935148954,-0.029461389407515526,0.044952552765607834,0.0,0.0,-0.0047828578390181065,0.020062705501914024,0.07375045120716095,0.05554622784256935,0.020094888284802437,0.23442134261131287,-0.05962509289383888,-0.765166699886322,0.5528971552848816,-44.614051818847656,0.0039324709214270115,0.15971124172210693,-0.044314395636320114,-0.048174191266298294,-0.05628460645675659,-0.23391056060791016,0.056072499603033066,12.533734321594238,9.799574851989746,11.989492416381836,10.314261436462402,-0.010732421651482582,-0.05366211012005806,-0.003066406352445483,0.039863280951976776,0.0,-0.01016569510102272,-0.05292180925607681,0.0018921011360362172,0.040114715695381165,0.0,-0.6063894033432007,0.03547477349638939,-10.370224952697754,-0.13526153564453125,0.10445188730955124,-8.053577423095703,0.0,0.0,0.0,0.0,0.0,0.0,0.0,0.0,0.0,0.0,0.0,0.0,-0.007725066505372524,-0.054999805986881256,-0.0005688949022442102,0.042131613940000534,0.29107120633125305,0.23722846806049347,0.28047463297843933,0.24748225510120392,-0.7779988050460815,0.3619910180568695,0.6254342198371887,0.0,0.0,0.0,0.0,0.0,0.0,0.0
15696345889,0,0.01987598091363907,-0.06493324041366577,-0.1379338502883911,6.569455581484362e-05,-0.04113857448101044,-0.8442511558532715,0.01816708967089653,0.003047320758923888,-0.058606866747140884,-0.0396207720041275,0.04758957028388977,-0.5,-0.0028215094935148954,-0.029461389407515526,0.044952552765607834,0.0,0.0,-0.0047828578390181065,-0.0017120884731411934,0.07618596404790878,0.05249521881341934,0.020094888284802437,0.23442134261131287,-0.05962509289383888,-0.765166699886322,0.5528971552848816,-44.614051818847656,0.036127883940935135,0.15502014756202698,-0.037569865584373474,-0.04854734241962433,-0.05628460645675659,-0.23391056060791016,0.056072499603033066,12.407879829406738,10.02355670928955,11.777719497680664,10.427483558654785,-0.009199218824505806,-0.055195312947034836,-0.003066406352445483,0.039863280951976776,0.0,-0.010301493108272552,-0.05177868902683258,0.0018916898407042027,0.03963997960090637,0.0,-0.24364528059959412,0.46211859583854675,-10.041680335998535,-0.13526153564453125,0.10445188730955124,-8.053577423095703,0.0,0.0,0.0,0.0,0.0,0.0,0.0,0.0,0.0,0.0,0.0,0.0,-0.008542902767658234,-0.05397958680987358,0.00021059272694401443,0.0412321537733078,0.29107120633125305,0.23722846806049347,0.28047463297843933,0.24748225510120392,-1.4320905208587646,0.32152169942855835,0.20269718766212463,0.0,0.0,0.0,0.0,0.0,0.0,0.0
15706215907,0,0.01984407752752304,-0.0651497021317482,-0.13854116201400757,6.569455581484362e-05,-0.04113857448101044,-0.8442511558532715,0.019367706030607224,0.00660496111959219,-0.064497210085392,-0.03955696523189545,0.048022497445344925,-0.5,-0.0030138706788420677,-0.02878781221807003,0.045112043619155884,0.0,0.0,-0.0047828578390181065,-0.01804816536605358,0.0715586394071579,0.03559517860412598,0.021669931709766388,0.22908316552639008,-0.059814564883708954,-0.7439384460449219,0.5744853615760803,-44.294677734375,0.054040614515542984,0.15813662111759186,-0.01571965217590332,-0.04898981750011444,-0.054767269641160965,-0.23267117142677307,0.05721049755811691,11.814751625061035,10.511378288269043,11.118904113769531,10.872201919555664,-0.004599609412252903,-0.05672851577401161,-0.0015332031762227416,0.04139648377895355,0.0,-0.009578045457601547,-0.04943162947893143,0.0005990646895952523,0.037985190749168396,0.0,-0.5372646450996399,0.4209010899066925,-9.888867378234863,-0.13692988455295563,0.09850353747606277,-8.02187728881836,0.0,0.0,0.0,0.0,0.0,0.0,0.0,0.0,0.0,0.0,0.0,0.0,-0.0092299934476614,-0.053016163408756256,0.0008445502026006579,0.04044155031442642,0.27706003189086914,0.25139424204826355,0.26340076327323914,0.25853443145751953,-1.4322515726089478,-0.0612097904086113,-0.6847837567329407,0.0,0.0,0.0,0.0,0.0,0.0,0.0
15716488436,0,0.01984407752752304,-0.0651497021317482,-0.13854116201400757,6.569455581484362e-05,-0.04113857448101044,-0.8442511558532715,0.019367706030607224,0.00660496111959219,-0.064497210085392,-0.039283934980630875,0.04860566928982735,-0.5,-0.0030138706788420677,-0.02878781221807003,0.045112043619155884,0.0,0.0,-0.0047828578390181065,-0.01804816536605358,0.0715586394071579,0.03559517860412598,0.021669931709766388,0.22908316552639008,-0.059814564883708954,-0.7439384460449219,0.5744853615760803,-44.294677734375,0.054040614515542984,0.15813662111759186,-0.01571965217590332,-0.04898981750011444,-0.054767269641160965,-0.23267117142677307,0.05721049755811691,11.814751625061035,10.511378288269043,11.118904113769531,10.872201919555664,-0.0015332031762227416,-0.055195312947034836,0.0,0.04139648377895355,0.0,-0.009578045457601547,-0.04943162947893143,0.0005990646895952523,0.037985190749168396,0.0,-0.5372646450996399,0.4209010899066925,-9.888867378234863,-0.12085332721471786,0.08892231434583664,-8.070183753967285,0.0,0.0,0.0,0.0,0.0,0.0,0.0,0.0,0.0,0.0,0.0,0.0,-0.009665511548519135,-0.05198916792869568,0.0011706706136465073,0.039675794541835785,0.27706003189086914,0.25139424204826355,0.26340076327323914,0.25853443145751953,-1.4322515726089478,-0.0612097904086113,-0.6847837567329407,0.0,0.0,0.0,0.0,0.0,0.0,0.0
15726201591,0,0.019707562401890755,-0.06544128805398941,-0.13982248306274414,6.569455581484362e-05,-0.04113857448101044,-0.8442511558532715,0.011482367292046547,0.011654634028673172,-0.06209861487150192,-0.039283934980630875,0.04860566928982735,-0.5,-0.003003222169354558,-0.02828310616314411,0.04505331814289093,0.0,0.0,-0.0047828578390181065,-0.004072350449860096,0.03171499818563461,0.021728457883000374,0.021628163754940033,0.22507022321224213,-0.059745416045188904,-0.664693295955658,0.4890727400779724,-44.386009216308594,0.022466033697128296,0.21158547699451447,-0.006142210215330124,-0.049790848046541214,-0.05359536409378052,-0.23188161849975586,0.05748007073998451,11.633430480957031,10.643596649169922,10.867587089538574,11.266735076904297,-0.003066406352445483,-0.052128907293081284,0.003066406352445483,0.039863280951976776,0.0,-0.009989631362259388,-0.04342363402247429,0.0007334414985962212,0.03140712156891823,0.0,-0.08636684715747833,0.4022473394870758,-9.689866065979004,-0.12085332721471786,0.08892231434583664,-8.070183753967285,0.0,0.0,0.0,0.0,0.0,0.0,0.0,0.0,0.0,0.0,0.0,0.0,-0.009882551617920399,-0.0507349856197834,0.0012317828368395567,0.03868376091122627,0.2735101580619812,0.2540137767791748,0.25844335556030273,0.2663108706474304,0.23647095263004303,-1.539651870727539,-0.54465252161026,0.0,0.0,0.0,0.0,0.0,0.0,0.0
15736774390,0,0.019707562401890755,-0.06544128805398941,-0.13982248306274414,6.569455581484362e-05,-0.04113857448101044,-0.8442511558532715,0.011482367292046547,0.011654634028673172,-0.06209861487150192,-0.039283934980630875,0.04860566928982735,-0.5,-0.003003222169354558,-0.02828310616314411,0.04505331814289093,0.0,0.0,-0.0047828578390181065,0.0145359355956316,0.012018325738608837,0.03210790082812309,0.021628163754940033,0.22507022321224213,-0.059745416045188904,-0.6558835506439209,0.4865042567253113,-44.605857849121094,-0.0055057755671441555,0.2324254810810089,-0.021194856613874435,-0.05020642653107643,-0.052675582468509674,-0.23190419375896454,0.05769927054643631,12.052212715148926,10.248921394348145,11.310418128967285,11.020017623901367,-0.006132812704890966,-0.052128907293081284,0.003066406352445483,0.038330078125,0.0,-0.00949688721448183,-0.04474814981222153,0.0004696928954217583,0.03170425444841385,0.0,-0.11901234835386276,0.14621397852897644,-10.188260078430176,-0.12085332721471786,0.08892231434583664,-8.070183753967285,0.0,0.0,0.0,0.0,0.0,0.0,0.0,0.0,0.0,0.0,0.0,0.0,-0.009967335499823093,-0.04910728335380554,0.0011515148216858506,0.03717029467225075,0.28169888257980347,0.2461833655834198,0.26716992259025574,0.2614516615867615,0.9762125015258789,-1.6416387557983398,0.1606685072183609,0.0,0.0,0.0,0.0,0.0,0.0,0.0
15746217769,0,0.019549502059817314,-0.06564326584339142,-0.1411629319190979,6.569455581484362e-05,-0.04113857448101044,-0.8442511558532715,0.01143983006477356,0.01673177070915699,-0.05652100220322609,-0.038967810571193695,0.04900962859392166,-0.5,-0.0023102331906557083,-0.028577232733368874,0.04597288370132446,0.0,0.0,-0.0047828578390181065,0.03439150005578995,-0.00897261779755354,0.04324687644839287,0.021628163754940033,0.22507022321224213,-0.059745416045188904,-0.7233607769012451,0.3864356279373169,-44.74213790893555,-0.028660735115408897,0.2476494163274765,-0.030611123889684677,-0.05098327621817589,-0.0503758005797863,-0.2324426770210266,0.05856966972351074,12.30838680267334,9.98867416381836,11.593379974365234,10.876562118530273,-0.009199218824505806,-0.05059570446610451,0.0015332031762227416,0.036796875298023224,0.0,-0.01418085303157568,-0.04484468698501587,0.005494927056133747,0.030984940007328987,0.0,-0.4268481433391571,0.09436847269535065,-9.417291641235352,-0.12117958068847656,0.07913234829902649,-8.130590438842773,0.0,0.0,0.0,0.0,0.0,0.0,0.0,0.0,0.0,0.0,0.0,0.0,-0.01016103383153677,-0.04744572937488556,0.0012302136747166514,0.03537042811512947,0.28669071197509766,0.24100226163864136,0.27272510528564453,0.25862064957618713,0.8861517310142517,-1.1770296096801758,0.2805260121822357,0.0,0.0,0.0,0.0,0.0,0.0,0.0
15757508543,0,0.01939404383301735,-0.06578777730464935,-0.14250442385673523,6.569455581484362e-05,-0.04113857448101044,-0.8442511558532715,0.0144210709258914,0.01858915574848652,-0.06512725353240967,-0.038656894117593765,0.04929865151643753,-0.5,-0.0017014282057061791,-0.028924012556672096,0.04723094776272774,0.0,0.0,-0.0047828578390181065,0.0397656224668026,-0.014541616663336754,0.04302266240119934,0.012415120378136635,0.22787609696388245,-0.06204260140657425,-0.6957485675811768,0.41725894808769226,-44.42104721069336,-0.03735921159386635,0.25299322605133057,-0.028769373893737793,-0.05141131579875946,-0.0503758005797863,-0.2324426770210266,0.05856966972351074,12.177000045776367,9.931026458740234,11.472061157226562,10.863102912902832,-0.012265625409781933,-0.05059570446610451,0.0,0.038330078125,0.0,-0.012675284408032894,-0.04526650905609131,0.003711553756147623,0.031085044145584106,0.0,-0.4268481433391571,0.09436847269535065,-9.417291641235352,-0.126499742269516,0.0758652612566948,-8.076554298400879,0.0,0.0,0.0,0.0,0.0,0.0,0.0,0.0,0.0,0.0,0.0,0.0,-0.010712528601288795,-0.04616360366344452,0.0017417811322957277,0.03371378779411316,0.28669071197509766,0.24100226163864136,0.27272510528564453,0.25862064957618713,0.7388317584991455,-0.8705812096595764,0.06821095943450928,0.0,0.0,0.0,0.0,0.0,0.0,0.0
15766314006,0,0.01939404383301735,-0.06578777730464935,-0.14250442385673523,6.569455581484362e-05,-0.04113857448101044,-0.8442511558532715,0.0144210709258914,0.01858915574848652,-0.06512725353240967,-0.038656894117593765,0.04929865151643753,-0.5,-0.0017014282057061791,-0.028924012556672096,0.04723094776272774,0.0,0.0,-0.0047828578390181065,0.0397656224668026,-0.014541616663336754,0.04302266240119934,0.012415120378136635,0.22787609696388245,-0.06204260140657425,-0.6957485675811768,0.41725894808769226,-44.42104721069336,-0.03735921159386635,0.25299322605133057,-0.028769373893737793,-0.05141131579875946,-0.04898490384221077,-0.23288893699645996,0.059109389781951904,12.177000045776367,9.931026458740234,11.472061157226562,10.863102912902832,-0.010732421651482582,-0.052128907293081284,0.0,0.038330078125,0.0,-0.012675284408032894,-0.04526650905609131,0.003711553756147623,0.031085044145584106,0.0,-0.41924169659614563,0.7590012550354004,-9.771265029907227,-0.126499742269516,0.0758652612566948,-8.076554298400879,0.0,0.0,0.0,0.0,0.0,0.0,0.0,0.0,0.0,0.0,0.0,0.0,-0.011415396817028522,-0.04534803703427315,0.0024391228798776865,0.032409340143203735,0.2841322720050812,0.2398526668548584,0.2703454792499542,0.25835472345352173,0.7388317584991455,-0.8705812096595764,0.06821095943450928,0.0,0.0,0.0,0.0,0.0,0.0,0.0
15776627319,0,0.019303258508443832,-0.06585811823606491,-0.1431451290845871,6.569455581484362e-05,-0.04113857448101044,-0.8442511558532715,0.013027134351432323,0.022121790796518326,-0.07174346596002579,-0.03829380124807358,0.049480926245450974,-0.5,-0.0015358038945123553,-0.028885284438729286,0.047725338488817215,0.0,0.0,-0.0047828578390181065,0.051965054124593735,-0.02141640894114971,0.044548776000738144,0.007066595833748579,0.23052090406417847,-0.06248841434717178,-0.6971259117126465,0.3738590478897095,-44.2234001159668,-0.06145472079515457,0.26299944519996643,-0.029394838958978653,-0.051845137029886246,-0.04898490384221077,-0.23288893699645996,0.059109389781951904,12.121882438659668,9.813028335571289,11.459433555603027,10.849945068359375,-0.0076660155318677425,-0.052128907293081284,0.0,0.036796875298023224,0.0,-0.014077945612370968,-0.0443437397480011,0.00505600543692708,0.029709311202168465,0.0,-0.41924169659614563,0.7590012550354004,-9.771265029907227,-0.1267501711845398,0.06797437369823456,-8.040617942810059,0.0,0.0,0.0,0.0,0.0,0.0,0.0,0.0,0.0,0.0,0.0,0.0,-0.012058265507221222,-0.04488931596279144,0.003078904002904892,0.03145996481180191,0.2841322720050812,0.2398526668548584,0.2703454792499542,0.25835472345352173,0.9780082106590271,-0.7810302972793579,0.040736179798841476,0.0,0.0,0.0,0.0,0.0,0.0,0.0
15786422763,0,0.019212499260902405,-0.06587891280651093,-0.14378176629543304,6.569455581484362e-05,-0.04113857448101044,-0.8442511558532715,0.01490552257746458,0.022555403411388397,-0.07242939621210098,-0.03829380124807358,0.049480926245450974,-0.5,-0.0011491026962175965,-0.028942080214619637,0.048179056495428085,0.0,0.0,-0.0047828578390181065,0.06944010406732559,-0.027454834431409836,0.0430164597928524,0.0002904143475461751,0.23377275466918945,-0.06322804093360901,-0.6850403547286987,0.37754255533218384,-44.37486267089844,-0.09148227423429489,0.27112725377082825,-0.02693866565823555,-0.052221063524484634,-0.04592074826359749,-0.23394468426704407,0.0601205937564373,12.065069198608398,9.853165626525879,11.469769477844238,11.007332801818848,-0.0076660155318677425,-0.05059570446610451,0.0,0.03526367247104645,0.0,-0.013715970329940319,-0.04390271380543709,0.00452973460778594,0.02897726744413376,0.0,-0.2952650189399719,0.32555800676345825,-9.361258506774902,-0.1267501711845398,0.06797437369823456,-8.040617942810059,0.0,0.0,0.0,0.0,0.0,0.0,0.0,0.0,0.0,0.0,0.0,0.0,-0.01266571506857872,-0.04458526149392128,0.0036720854695886374,0.030699700117111206,0.2819496989250183,0.23829877376556396,0.27030038833618164,0.26120153069496155,1.4121568202972412,-0.7476280927658081,-0.09964949637651443,0.0,0.0,0.0,0.0,0.0,0.0,0.0
15796845979,0,0.019212499260902405,-0.06587891280651093,-0.14378176629543304,6.569455581484362e-05,-0.04113857448101044,-0.8442511558532715,0.01490552257746458,0.022555403411388397,-0.07242939621210098,-0.0379493422806263,0.04946628957986832,-0.5,-0.0011491026962175965,-0.028942080214619637,0.048179056495428085,0.0,0.0,-0.0047828578390181065,0.06944010406732559,-0.027454834431409836,0.0430164597928524,0.0002904143475461751,0.23377275466918945,-0.06322804093360901,-0.6850403547286987,0.37754255533218384,-44.37486267089844,-0.09148227423429489,0.27112725377082825,-0.02693866565823555,-0.052221063524484634,-0.04592074826359749,-0.23394468426704407,0.0601205937564373,12.065069198608398,9.853165626525879,11.469769477844238,11.007332801818848,-0.0076660155318677425,-0.05059570446610451,0.0015332031762227416,0.03526367247104645,0.0,-0.013715970329940319,-0.04390271380543709,0.00452973460778594,0.02897726744413376,0.0,-0.2952650189399719,0.32555800676345825,-9.361258506774902,-0.11971606314182281,0.07425099611282349,-8.126898765563965,0.0,0.0,0.0,0.0,0.0,0.0,0.0,0.0,0.0,0.0,0.0,0.0,-0.013174965977668762,-0.04433012008666992,0.00414635706692934,0.030041728168725967,0.2819496989250183,0.23829877376556396,0.27030038833618164,0.26120153069496155,1.4121568202972412,-0.7476280927658081,-0.09964949637651443,0.0,0.0,0.0,0.0,0.0,0.0,0.0
15808546014,0,0.019040269777178764,-0.06587159633636475,-0.14498333632946014,6.569455581484362e-05,-0.04113857448101044,-0.8442511558532715,0.011394225060939789,0.01855285093188286,-0.06378503888845444,-0.0379493422806263,0.04946628957986832,-0.5,0.0004912861040793359,-0.02946973778307438,0.0484953373670578,0.0,0.0,-0.0047828578390181065,0.08912353217601776,-0.02411263808608055,0.052657511085271835,-0.01430678553879261,0.23601354658603668,-0.06437844783067703,-0.7282235622406006,0.3176431953907013,-44.704776763916016,-0.12054844200611115,0.26469141244888306,-0.03024662286043167,-0.05310365557670593,-0.041545890271663666,-0.235233336687088,0.06105334311723709,12.418647766113281,9.596521377563477,11.924466133117676,10.78625202178955,-0.009199218824505806,-0.05059570446610451,0.0015332031762227416,0.03373046964406967,0.0,-0.01633772999048233,-0.044561199843883514,0.007332946173846722,0.028934242203831673,0.0,-0.11827944964170456,0.5706533789634705,-10.42919635772705,-0.11971606314182281,0.07425099611282349,-8.126898765563965,0.0,0.0,0.0,0.0,0.0,0.0,0.0,0.0,0.0,0.0,0.0,0.0,-0.013646197505295277,-0.04415614902973175,0.004579670261591673,0.02951972186565399,0.28477802872657776,0.23826877772808075,0.2752504348754883,0.2625732719898224,0.5150864720344543,-0.03953840583562851,0.44593653082847595,0.0,0.0,0.0,0.0,0.0,0.0,0.0
15816270905,0,0.019040269777178764,-0.06587159633636475,-0.14498333632946014,6.569455581484362e-05,-0.04113857448101044,-0.8442511558532715,0.011394225060939789,0.01855285093188286,-0.06378503888845444,-0.03766026720404625,0.04906197637319565,-0.5,0.0004912861040793359,-0.02946973778307438,0.0484953373670578,0.0,0.0,-0.0047828578390181065,0.08912353217601776,-0.02411263808608055,0.052657511085271835,-0.019497664645314217,0.23661914467811584,-0.06578205525875092,-0.7282235622406006,0.3176431953907013,-44.704776763916016,-0.11377205699682236,0.26112717390060425,-0.039803389459848404,-0.05348565801978111,-0.03956002742052078,-0.23576636612415314,0.06157604977488518,12.418647766113281,9.596521377563477,11.924466133117676,10.78625202178955,-0.013798828236758709,-0.04752929508686066,0.003066406352445483,0.03066406212747097,0.0,-0.016371173784136772,-0.04460451751947403,0.007298121694475412,0.028895726427435875,0.0,-0.4340992867946625,0.10423654317855835,-10.162755966186523,-0.12430256605148315,0.04826860502362251,-8.1225004196167,0.0,0.0,0.0,0.0,0.0,0.0,0.0,0.0,0.0,0.0,0.0,0.0,-0.014255211688578129,-0.044116951525211334,0.005169909447431564,0.02915516309440136,0.2888353168964386,0.2331678718328476,0.2792046368122101,0.2568361461162567,0.5150864720344543,-0.03953840583562851,0.44593653082847595,0.0,0.0,0.0,0.0,0.0,0.0,0.0
15826541988,0,0.01889573223888874,-0.06566943973302841,-0.14681346714496613,6.569455581484362e-05,-0.04113857448101044,-0.8442511558532715,0.01308391708880663,0.030163878574967384,-0.06638950854539871,-0.03766026720404625,0.04906197637319565,-0.5,0.003223113249987364,-0.03025824762880802,0.05029190331697464,0.0,0.0,-0.0047828578390181065,0.07674466818571091,0.0006603595684282482,0.04835111275315285,-0.019497664645314217,0.23661914467811584,-0.06578205525875092,-0.6899148225784302,0.1730477511882782,-44.486572265625,-0.10418703407049179,0.2269277721643448,-0.030815422534942627,-0.05433771014213562,-0.03538067266345024,-0.2365075796842575,0.06281255185604095,12.101373672485352,9.833357810974121,11.682853698730469,10.888351440429688,-0.016865234822034836,-0.04599609225988388,0.004599609412252903,0.029130859300494194,0.0,-0.01998276263475418,-0.03704221546649933,0.010586429387331009,0.02259860187768936,0.0,-0.4340992867946625,0.10423654317855835,-10.162755966186523,-0.12430256605148315,0.04826860502362251,-8.1225004196167,0.0,0.0,0.0,0.0,0.0,0.0,0.0,0.0,0.0,0.0,0.0,0.0,-0.015110250562429428,-0.04383678361773491,0.006006211042404175,0.02863927185535431,0.2826578915119171,0.23790334165096283,0.2744782567024231,0.2588534355163574,-0.1335112303495407,0.8081517219543457,-0.11288569122552872,0.0,0.0,0.0,0.0,0.0,0.0,0.0
15836496564,0,0.018839413300156593,-0.06544653326272964,-0.14802640676498413,6.569455581484362e-05,-0.04113857448101044,-0.8442511558532715,0.011495363898575306,0.04172062873840332,-0.07490724325180054,-0.037547625601291656,0.048616159707307816,-0.5,0.004022117238491774,-0.02953997440636158,0.05093467980623245,0.0,0.0,-0.0047828578390181065,0.07674466818571091,0.0006603595684282482,0.04835111275315285,-0.019497664645314217,0.23661914467811584,-0.06578205525875092,-0.6899148225784302,0.1730477511882782,-44.486572265625,-0.10418703407049179,0.2269277721643448,-0.030815422534942627,-0.05433771014213562,-0.03538067266345024,-0.2365075796842575,0.06281255185604095,12.101373672485352,9.833357810974121,11.682853698730469,10.888351440429688,-0.016865234822034836,-0.04752929508686066,0.004599609412252903,0.029130859300494194,0.0,-0.01998276263475418,-0.03704221546649933,0.010586429387331009,0.02259860187768936,0.0,-0.4340992867946625,0.10423654317855835,-10.162755966186523,-0.12108854204416275,0.023580294102430344,-8.072105407714844,0.0,0.0,0.0,0.0,0.0,0.0,0.0,0.0,0.0,0.0,0.0,0.0,-0.016263272613286972,-0.04279407486319542,0.007110993843525648,0.027561381459236145,0.2826578915119171,0.23790334165096283,0.2744782567024231,0.2588534355163574,-0.1335112303495407,0.8081517219543457,-0.11288569122552872,0.0,0.0,0.0,0.0,0.0,0.0,0.0
15846422636,0,0.018839413300156593,-0.06544653326272964,-0.14802640676498413,6.569455581484362e-05,-0.04113857448101044,-0.8442511558532715,0.011495363898575306,0.04172062873840332,-0.07490724325180054,-0.037547625601291656,0.048616159707307816,-0.5,0.004022117238491774,-0.02953997440636158,0.05093467980623245,0.0,0.0,-0.0047828578390181065,0.07834585011005402,0.013842848129570484,0.0404256172478199,-0.037588149309158325,0.23559829592704773,-0.0670647844672203,-0.665986955165863,0.12969161570072174,-44.39657974243164,-0.11712720990180969,0.21173951029777527,-0.021657299250364304,-0.05480414256453514,-0.03314467892050743,-0.23662574589252472,0.0633080005645752,11.807344436645508,10.043357849121094,11.47445297241211,11.091378211975098,-0.013798828236758709,-0.04599609225988388,0.004599609412252903,0.029130859300494194,0.0,-0.021105272695422173,-0.033947814255952835,0.011333183385431767,0.019993897527456284,0.0,-0.5051532983779907,0.6288219094276428,-10.337902069091797,-0.12108854204416275,0.023580294102430344,-8.072105407714844,0.0,0.0,0.0,0.0,0.0,0.0,0.0,0.0,0.0,0.0,0.0,0.0,-0.017568472772836685,-0.0410771369934082,0.008330101147294044,0.02599533461034298,0.2769149839878082,0.24209213256835938,0.2703923285007477,0.262858510017395,0.11932087689638138,1.0015935897827148,-0.4156358242034912,0.0,0.0,0.0,0.0,0.0,0.0,0.0
15856449890,0,0.01885182037949562,-0.06526773422956467,-0.14863146841526031,6.569455581484362e-05,-0.04113857448101044,-0.8442511558532715,0.007828841917216778,0.041035041213035583,-0.07675916701555252,-0.03757243975996971,0.04825856164097786,-0.5,0.0044753169640898705,-0.029118996113538742,0.05117637291550636,0.0,0.0,-0.0047828578390181065,0.08870156109333038,0.029481185600161552,0.0332341268658638,-0.0467894971370697,0.23299342393875122,-0.06744639575481415,-0.6326757669448853,0.14623378217220306,-44.42115020751953,-0.13897810876369476,0.18599916994571686,-0.014864079654216766,-0.05526813119649887,-0.03314467892050743,-0.23662574589252472,0.0633080005645752,11.382421493530273,10.293014526367188,11.393880844116211,11.369332313537598,-0.0076660155318677425,-0.044462889432907104,0.006132812704890966,0.03066406212747097,0.0,-0.02038874477148056,-0.03259681910276413,0.009822020307183266,0.018939102068543434,0.0,-0.21359534561634064,0.6010995507240295,-10.172744750976562,-0.11336702853441238,0.023524776101112366,-8.067879676818848,0.0,0.0,0.0,0.0,0.0,0.0,0.0,0.0,0.0,0.0,0.0,0.0,-0.018778182566165924,-0.038997601717710495,0.00937966164201498,0.02418920211493969,0.2769149839878082,0.24209213256835938,0.2703923285007477,0.262858510017395,0.6628496646881104,1.2147547006607056,-0.5485731363296509,0.0,0.0,0.0,0.0,0.0,0.0,0.0
15866579236,0,0.01885182037949562,-0.06526773422956467,-0.14863146841526031,6.569455581484362e-05,-0.04113857448101044,-0.8442511558532715,0.007828841917216778,0.041035041213035583,-0.07675916701555252,-0.03764696791768074,0.04723108932375908,-0.5,0.0044753169640898705,-0.029118996113538742,0.05117637291550636,0.0,0.0,-0.0047828578390181065,0.08870156109333038,0.029481185600161552,0.0332341268658638,-0.0467894971370697,0.23299342393875122,-0.06744639575481415,-0.6326757669448853,0.14623378217220306,-44.42115020751953,-0.17790229618549347,0.15953810513019562,-0.011278633028268814,-0.055725183337926865,-0.02812989614903927,-0.23611512780189514,0.06388983130455017,11.382421493530273,10.293014526367188,11.393880844116211,11.369332313537598,-0.0076660155318677425,-0.04292968660593033,0.006132812704890966,0.03066406212747097,0.0,-0.020432403311133385,-0.03264510631561279,0.00977841392159462,0.018895400688052177,0.0,-0.34849825501441956,0.046310774981975555,-10.061097145080566,-0.11503195762634277,0.02658795937895775,-8.07657241821289,0.0,0.0,0.0,0.0,0.0,0.0,0.0,0.0,0.0,0.0,0.0,0.0,-0.01970539428293705,-0.036858294159173965,0.01004517637193203,0.02237877808511257,0.268585205078125,0.24705997109413147,0.2688102424144745,0.2683279514312744,0.6628496646881104,1.2147547006607056,-0.5485731363296509,0.0,0.0,0.0,0.0,0.0,0.0,0.0
15877452430,0,0.018919924274086952,-0.06446093320846558,-0.15066935122013092,6.569455581484362e-05,-0.04113857448101044,-0.8442511558532715,0.012734565883874893,0.0408766083419323,-0.07939738035202026,-0.03770865127444267,0.04664495214819908,-0.5,0.007912877015769482,-0.027842586860060692,0.05198410898447037,0.0,0.0,-0.0047828578390181065,0.08870156109333038,0.029481185600161552,0.0332341268658638,-0.0620761513710022,0.22064699232578278,-0.06800459325313568,-0.6326757669448853,0.14623378217220306,-44.42115020751953,-0.17790229618549347,0.15953810513019562,-0.011278633028268814,-0.055725183337926865,-0.02812989614903927,-0.23611512780189514,0.06388983130455017,11.382421493530273,10.293014526367188,11.393880844116211,11.369332313537598,-0.009199218824505806,-0.04292968660593033,0.006132812704890966,0.027597656473517418,0.0,-0.020432403311133385,-0.03264510631561279,0.00977841392159462,0.018895400688052177,0.0,-0.34849825501441956,0.046310774981975555,-10.061097145080566,-0.12250633537769318,0.018376410007476807,-8.072410583496094,0.0,0.0,0.0,0.0,0.0,0.0,0.0,0.0,0.0,0.0,0.0,0.0,-0.020293546840548515,-0.03502648323774338,0.010325271636247635,0.020847627893090248,0.268585205078125,0.24705997109413147,0.2688102424144745,0.2683279514312744,0.6628496646881104,1.2147547006607056,-0.5485731363296509,0.0,0.0,0.0,0.0,0.0,0.0,0.0
15886296708,0,0.018919924274086952,-0.06446093320846558,-0.15066935122013092,6.569455581484362e-05,-0.04113857448101044,-0.8442511558532715,0.012734565883874893,0.0408766083419323,-0.07939738035202026,-0.03770865127444267,0.04664495214819908,-0.5,0.007912877015769482,-0.027842586860060692,0.05198410898447037,0.0,0.0,-0.0047828578390181065,0.10715075582265854,0.06796140968799591,0.03706235811114311,-0.06602416187524796,0.21554063260555267,-0.06858589500188828,-0.6414607167243958,0.025283627212047577,-44.49506378173828,-0.18414714932441711,0.1294703334569931,-0.025684963911771774,-0.056490544229745865,-0.022702287882566452,-0.23475107550621033,0.06436052173376083,11.703529357910156,9.988703727722168,11.82939624786377,10.989689826965332,-0.015332031063735485,-0.04292968660593033,0.0076660155318677425,0.024531250819563866,0.0,-0.02386295236647129,-0.029751241207122803,0.013225807808339596,0.015863439068198204,0.0,-0.1361832320690155,-0.12693724036216736,-10.028597831726074,-0.12250633537769318,0.018376410007476807,-8.072410583496094,0.0,0.0,0.0,0.0,0.0,0.0,0.0,0.0,0.0,0.0,0.0,0.0,-0.020766686648130417,-0.03355265408754349,0.010521150194108486,0.019594481214880943,0.2748412489891052,0.2408187836408615,0.2776120603084564,0.26079031825065613,0.4300001859664917,1.2717918157577515,0.23833338916301727,0.0,0.0,0.0,0.0,0.0,0.0,0.0
15896509098,0,0.018919924274086952,-0.06446093320846558,-0.15066935122013092,6.569455581484362e-05,-0.04113857448101044,-0.8442511558532715,0.012734565883874893,0.0408766083419323,-0.07939738035202026,-0.03770865127444267,0.04664495214819908,-0.5,0.007912877015769482,-0.027842586860060692,0.05198410898447037,0.0,0.0,-0.0047828578390181065,0.10159429162740707,0.07808652520179749,0.045047711580991745,-0.06602416187524796,0.21554063260555267,-0.06858589500188828,-0.6478763222694397,-0.016361480578780174,-44.473533630371094,-0.1798686385154724,0.11682651191949844,-0.03365733474493027,-0.056999221444129944,-0.01972765475511551,-0.23373699188232422,0.06482374668121338,11.88239574432373,9.8104829788208,12.037617683410645,10.758037567138672,-0.018398437649011612,-0.04292968660593033,0.0076660155318677425,0.02299804612994194,0.0,-0.024980656802654266,-0.029078086838126183,0.014362785965204239,0.014995717443525791,0.0,-0.1361832320690155,-0.12693724036216736,-10.028597831726074,-0.12250633537769318,0.018376410007476807,-8.072410583496094,0.0,0.0,0.0,0.0,0.0,0.0,0.0,0.0,0.0,0.0,0.0,0.0,-0.0214640311896801,-0.03222879022359848,0.011009984649717808,0.01838953047990799,0.27838248014450073,0.2374463975429535,0.28141409158706665,0.2562783360481262,-0.07001964747905731,1.083016037940979,0.4346711039543152,0.0,0.0,0.0,0.0,0.0,0.0,0.0
15906121448,0,0.019148340448737144,-0.06337343901395798,-0.1528293788433075,6.569455581484362e-05,-0.04113857448101044,-0.8442511558532715,0.006907065398991108,0.053133800625801086,-0.07921303808689117,-0.03816548362374306,0.04446995258331299,-0.5,0.010394544340670109,-0.02535107173025608,0.053421858698129654,0.0,0.0,-0.0047828578390181065,0.09569057822227478,0.09990198910236359,0.03952670097351074,-0.08496217429637909,0.20056097209453583,-0.06999561190605164,-0.6478763222694397,-0.016361480578780174,-44.473533630371094,-0.1798686385154724,0.11682651191949844,-0.03365733474493027,-0.056999221444129944,-0.01972765475511551,-0.23373699188232422,0.06482374668121338,11.88239574432373,9.8104829788208,12.037617683410645,10.758037567138672,-0.018398437649011612,-0.039863280951976776,0.009199218824505806,0.024531250819563866,0.0,-0.024980656802654266,-0.029078086838126183,0.014362785965204239,0.014995717443525791,0.0,-0.2276865392923355,0.04058285057544708,-10.273638725280762,-0.11137792468070984,-0.012980734929442406,-8.097136497497559,0.0,0.0,0.0,0.0,0.0,0.0,0.0,0.0,0.0,0.0,0.0,0.0,-0.022404346615076065,-0.031027361750602722,0.011816632002592087,0.017210697755217552,0.27838248014450073,0.2374463975429535,0.28141409158706665,0.2562783360481262,-0.2310408353805542,1.2189650535583496,-0.13233616948127747,0.0,0.0,0.0,0.0,0.0,0.0,0.0
15916419121,0,0.019148340448737144,-0.06337343901395798,-0.1528293788433075,6.569455581484362e-05,-0.04113857448101044,-0.8442511558532715,0.006907065398991108,0.053133800625801086,-0.07921303808689117,-0.0383429192006588,0.04280542582273483,-0.5,0.010394544340670109,-0.02535107173025608,0.053421858698129654,0.0,0.0,-0.0047828578390181065,0.09569057822227478,0.09990198910236359,0.03952670097351074,-0.08496217429637909,0.20056097209453583,-0.06999561190605164,-0.6038691401481628,-0.14854469895362854,-44.537445068359375,-0.18940642476081848,0.07872382551431656,-0.023276936262845993,-0.05777565762400627,-0.014612439088523388,-0.23145101964473724,0.06565426290035248,11.565648078918457,10.129923820495605,11.86771297454834,10.988517761230469,-0.015332031063735485,-0.038330078125,0.010732421651482582,0.027597656473517418,0.0,-0.02843441069126129,-0.022092897444963455,0.017124511301517487,0.008935066871345043,0.0,-0.2276865392923355,0.04058285057544708,-10.273638725280762,-0.12032225728034973,-0.03044494241476059,-8.085197448730469,0.0,0.0,0.0,0.0,0.0,0.0,0.0,0.0,0.0,0.0,0.0,0.0,-0.023501534014940262,-0.029754551127552986,0.01281058881431818,0.015942618250846863,0.2696583569049835,0.24639219045639038,0.2756125330924988,0.2633187770843506,-0.2310408353805542,1.2189650535583496,-0.13233616948127747,0.0,0.0,0.0,0.0,0.0,0.0,0.0
15926356063,0,0.019237056374549866,-0.0625411793589592,-0.15431997179985046,6.569455581484362e-05,-0.04113857448101044,-0.8442511558532715,0.011630071327090263,0.05986633896827698,-0.08238151669502258,-0.0383429192006588,0.04280542582273483,-0.5,0.011985212564468384,-0.023308956995606422,0.05413869023323059,0.0,0.0,-0.0047828578390181065,0.09843789041042328,0.10403066128492355,0.032537709921598434,-0.09744475036859512,0.18416741490364075,-0.07086575031280518,-0.6617724299430847,-0.16744717955589294,-44.46858596801758,-0.2010703831911087,0.06914353370666504,-0.015648245811462402,-0.05822756886482239,-0.011547667905688286,-0.22981026768684387,0.06593237072229385,11.32726764678955,10.299127578735352,11.691168785095215,11.16562271118164,-0.012265625409781933,-0.038330078125,0.012265625409781933,0.027597656473517418,0.0,-0.0314747653901577,-0.02311675064265728,0.01966419443488121,0.009984344244003296,0.0,-0.024076471105217934,0.43266767263412476,-9.880839347839355,-0.12032225728034973,-0.03044494241476059,-8.085197448730469,0.0,0.0,0.0,0.0,0.0,0.0,0.0,0.0,0.0,0.0,0.0,0.0,-0.024932321161031723,-0.028084255754947662,0.014085219241678715,0.014353870414197445,0.2675011157989502,0.2471812516450882,0.2746413052082062,0.26432111859321594,0.009043999016284943,0.809767484664917,-0.3194200396537781,0.0,0.0,0.0,0.0,0.0,0.0,0.0
15937373252,0,0.019328497350215912,-0.062075354158878326,-0.15507811307907104,6.569455581484362e-05,-0.04113857448101044,-0.8442511558532715,0.011880033649504185,0.060173213481903076,-0.08941777050495148,-0.03852580115199089,0.04187376797199249,-0.5,0.013156235218048096,-0.0226282961666584,0.05456288531422615,0.0,0.0,-0.0047828578390181065,0.06558535993099213,0.10824304074048996,0.05667535960674286,-0.10829108953475952,0.1741303652524948,-0.07077696919441223,-0.6298643946647644,-0.1694917231798172,-44.16400909423828,-0.2010703831911087,0.06914353370666504,-0.015648245811462402,-0.05822756886482239,-0.011547667905688286,-0.22981026768684387,0.06593237072229385,12.058388710021973,9.52981185913086,12.365813255310059,10.22304916381836,-0.012265625409781933,-0.036796875298023224,0.012265625409781933,0.02299804612994194,0.0,-0.028689853847026825,-0.023723280057311058,0.017737263813614845,0.00973066408187151,0.0,-0.2687278687953949,0.40929195284843445,-10.080825805664062,-0.12050296366214752,-0.03363683819770813,-8.038267135620117,0.0,0.0,0.0,0.0,0.0,0.0,0.0,0.0,0.0,0.0,0.0,0.0,-0.026574529707431793,-0.026326891034841537,0.015535516664385796,0.012706100009381771,0.2675011157989502,0.2471812516450882,0.2746413052082062,0.26432111859321594,-1.3651401996612549,0.4063578248023987,0.876433789730072,0.0,0.0,0.0,0.0,0.0,0.0,0.0
15947841584,0,0.01952199451625347,-0.061061978340148926,-0.15662148594856262,6.569455581484362e-05,-0.04113857448101044,-0.8442511558532715,0.00706319697201252,0.06080743297934532,-0.09498531371355057,-0.03891279548406601,0.039847008883953094,-0.5,0.013798767700791359,-0.020581969991326332,0.055797453969717026,0.0,0.0,-0.0047828578390181065,0.06558535993099213,0.10824304074048996,0.05667535960674286,-0.10829108953475952,0.1741303652524948,-0.07077696919441223,-0.6298643946647644,-0.1694917231798172,-44.16400909423828,-0.16359500586986542,0.04997716099023819,-0.04679426550865173,-0.05912112444639206,-0.005517789162695408,-0.2261902391910553,0.06682922691106796,12.058388710021973,9.52981185913086,12.365813255310059,10.22304916381836,-0.013798828236758709,-0.039863280951976776,0.012265625409781933,0.016865234822034836,0.0,-0.028770433738827705,-0.023825228214263916,0.017658712342381477,0.009635650552809238,0.0,-0.2687278687953949,0.40929195284843445,-10.080825805664062,-0.11019093543291092,-0.039734262973070145,-8.015625953674316,0.0,0.0,0.0,0.0,0.0,0.0,0.0,0.0,0.0,0.0,0.0,0.0,-0.027904711663722992,-0.024958884343504906,0.0167403407394886,0.011353977024555206,0.28181928396224976,0.231831893324852,0.2878078818321228,0.24566911160945892,-1.3651401996612549,0.4063578248023987,0.876433789730072,0.0,0.0,0.0,0.0,0.0,0.0,0.0
15956250309,0,0.01952199451625347,-0.061061978340148926,-0.15662148594856262,6.569455581484362e-05,-0.04113857448101044,-0.8442511558532715,0.00706319697201252,0.06080743297934532,-0.09498531371355057,-0.03908915817737579,0.038741983473300934,-0.5,0.013798767700791359,-0.020581969991326332,0.055797453969717026,0.0,0.0,-0.0047828578390181065,0.03103608638048172,0.11980175226926804,0.06496676057577133,-0.11298006027936935,0.15858963131904602,-0.07318150252103806,-0.5859376192092896,-0.2055593878030777,-44.194671630859375,-0.16359500586986542,0.04997716099023819,-0.04679426550865173,-0.05912112444639206,-0.005517789162695408,-0.2261902391910553,0.06682922691106796,12.233988761901855,9.501797676086426,12.49927043914795,9.972613334655762,-0.016865234822034836,-0.04139648377895355,0.012265625409781933,0.012265625409781933,0.0,-0.028130143880844116,-0.020918207243084908,0.01724780909717083,0.007041533011943102,0.0,-0.2687278687953949,0.40929195284843445,-10.080825805664062,-0.10653411597013474,-0.037374433130025864,-8.035394668579102,0.0,0.0,0.0,0.0,0.0,0.0,0.0,0.0,0.0,0.0,0.0,0.0,-0.028685403987765312,-0.023938078433275223,0.017487017437815666,0.01025662012398243,0.28181928396224976,0.231831893324852,0.2878078818321228,0.24566911160945892,-2.271042585372925,0.7270757555961609,0.7929768562316895,0.0,0.0,0.0,0.0,0.0,0.0,0.0
15966617617,0,0.019610174000263214,-0.060509469360113144,-0.15739832818508148,6.569455581484362e-05,-0.04113857448101044,-0.8442511558532715,0.0055779265239834785,0.05857174098491669,-0.09380582720041275,-0.03908915817737579,0.038741983473300934,-0.5,0.01347268559038639,-0.019311852753162384,0.056232478469610214,0.0,0.0,-0.0047828578390181065,0.005036801099777222,0.1249251663684845,0.06292515248060226,-0.11188866198062897,0.14771704375743866,-0.07413731515407562,-0.5859376192092896,-0.2055593878030777,-44.194671630859375,-0.16359500586986542,0.04997716099023819,-0.04679426550865173,-0.05912112444639206,-0.005517789162695408,-0.2261902391910553,0.06682922691106796,12.233988761901855,9.501797676086426,12.49927043914795,9.972613334655762,-0.019931640475988388,-0.04139648377895355,0.013798828236758709,0.012265625409781933,0.0,-0.028130143880844116,-0.020918207243084908,0.01724780909717083,0.007041533011943102,0.0,-0.2687278687953949,0.40929195284843445,-10.080825805664062,-0.10653411597013474,-0.037374433130025864,-8.035394668579102,0.0,0.0,0.0,0.0,0.0,0.0,0.0,0.0,0.0,0.0,0.0,0.0,-0.028996434062719345,-0.02301289513707161,0.017829056829214096,0.00924332719296217,0.28181928396224976,0.231831893324852,0.2878078818321228,0.24566911160945892,-2.471198081970215,0.6019251346588135,0.34422168135643005,0.0,0.0,0.0,0.0,0.0,0.0,0.0
15976235908,0,0.01978987269103527,-0.0593477226793766,-0.15897345542907715,6.569455581484362e-05,-0.04113857448101044,-0.8442511558532715,0.009349416010081768,0.06077180057764053,-0.09176717698574066,-0.03944855555891991,0.036418478935956955,-0.5,0.012960812076926231,-0.01711028255522251,0.05676794424653053,0.0,0.0,-0.0047828578390181065,0.005036801099777222,0.1249251663684845,0.06292515248060226,-0.10358695685863495,0.13031218945980072,-0.07478457689285278,-0.6253424286842346,-0.2506508529186249,-44.3637809753418,-0.06117258965969086,0.005062509328126907,-0.03359738737344742,-0.060413070023059845,-0.005517789162695408,-0.2261902391910553,0.06682922691106796,11.864367485046387,10.136762619018555,11.999165534973145,10.374824523925781,-0.019931640475988388,-0.038330078125,0.016865234822034836,0.015332031063735485,0.0,-0.03164428472518921,-0.019547905772924423,0.020339826121926308,0.0064393929205834866,0.0,-0.2687278687953949,0.40929195284843445,-10.080825805664062,-0.11369862407445908,-0.04557288438081741,-8.066142082214355,0.0,0.0,0.0,0.0,0.0,0.0,0.0,0.0,0.0,0.0,0.0,0.0,-0.029151659458875656,-0.022108137607574463,0.018032660707831383,0.008310909382998943,0.28181928396224976,0.231831893324852,0.2878078818321228,0.24566911160945892,-2.471198081970215,0.6019251346588135,0.34422168135643005,0.0,0.0,0.0,0.0,0.0,0.0,0.0
15987515320,0,0.01978987269103527,-0.0593477226793766,-0.15897345542907715,6.569455581484362e-05,-0.04113857448101044,-0.8442511558532715,0.009349416010081768,0.06077180057764053,-0.09176717698574066,-0.03944855555891991,0.036418478935956955,-0.5,0.012960812076926231,-0.01711028255522251,0.05676794424653053,0.0,0.0,-0.0047828578390181065,-0.033682774752378464,0.12171132117509842,0.04433887079358101,-0.10358695685863495,0.13031218945980072,-0.07478457689285278,-0.6253424286842346,-0.2506508529186249,-44.3637809753418,-0.06117258965969086,0.005062509328126907,-0.03359738737344742,-0.060413070023059845,0.0002307947725057602,-0.22007915377616882,0.06902993470430374,11.864367485046387,10.136762619018555,11.999165534973145,10.374824523925781,-0.019931640475988388,-0.03526367247104645,0.016865234822034836,0.015332031063735485,0.0,-0.03164428472518921,-0.019547905772924423,0.020339826121926308,0.0064393929205834866,0.0,-0.4287697672843933,0.269588440656662,-10.278559684753418,-0.11369862407445908,-0.04557288438081741,-8.066142082214355,0.0,0.0,0.0,0.0,0.0,0.0,0.0,0.0,0.0,0.0,0.0,0.0,-0.029525842517614365,-0.02125394716858864,0.018415888771414757,0.007534767501056194,0.278030127286911,0.24395236372947693,0.28066346049308777,0.24868495762348175,-2.482605457305908,0.11006385087966919,-0.608147919178009,0.0,0.0,0.0,0.0,0.0,0.0,0.0
15996342435,0,0.019897863268852234,-0.058100372552871704,-0.16057439148426056,6.569455581484362e-05,-0.04113857448101044,-0.8442511558532715,0.0102275675162673,0.0708608403801918,-0.09369391202926636,-0.03966453671455383,0.03392376750707626,-0.5,0.012721956707537174,-0.015301305800676346,0.05759987235069275,0.0,0.0,-0.0047828578390181065,-0.05224725231528282,0.11675083637237549,0.03580927848815918,-0.10358695685863495,0.13031218945980072,-0.07478457689285278,-0.6286347508430481,-0.30019327998161316,-44.42091751098633,-0.06117258965969086,0.005062509328126907,-0.03359738737344742,-0.060413070023059845,0.0002307947725057602,-0.22007915377616882,0.06902993470430374,11.450836181640625,10.69359302520752,11.472362518310547,10.816526412963867,-0.018398437649011612,-0.03066406212747097,0.016865234822034836,0.015332031063735485,0.0,-0.0344197079539299,-0.017000526189804077,0.02290259674191475,0.004664659034460783,0.0,0.0626467615365982,-0.25039801001548767,-9.528739929199219,-0.11593861132860184,-0.07030922174453735,-8.063666343688965,0.0,0.0,0.0,0.0,0.0,0.0,0.0,0.0,0.0,0.0,0.0,0.0,-0.030228814110159874,-0.020401520654559135,0.019077608361840248,0.006869053468108177,0.278030127286911,0.24395236372947693,0.28066346049308777,0.24868495762348175,-2.5520927906036377,-0.16325674951076508,-0.8044242262840271,0.0,0.0,0.0,0.0,0.0,0.0,0.0
16006107473,0,0.020026130601763725,-0.05683480203151703,-0.1621076911687851,6.569455581484362e-05,-0.04113857448101044,-0.8442511558532715,0.004341373685747385,0.07647265493869781,-0.09526416659355164,-0.039921075105667114,0.03139261156320572,-0.5,0.009919919073581696,-0.013421307317912579,0.05873805657029152,0.0,0.0,-0.0047828578390181065,-0.05224725231528282,0.11675083637237549,0.03580927848815918,-0.08020833879709244,0.10568854957818985,-0.0763002559542656,-0.6286347508430481,-0.30019327998161316,-44.42091751098633,-0.06117258965969086,0.005062509328126907,-0.03359738737344742,-0.060413070023059845,0.0002307947725057602,-0.22007915377616882,0.06902993470430374,11.450836181640625,10.69359302520752,11.472362518310547,10.816526412963867,-0.018398437649011612,-0.03066406212747097,0.016865234822034836,0.010732421651482582,0.0,-0.0344197079539299,-0.017000526189804077,0.02290259674191475,0.004664659034460783,0.0,-0.050359927117824554,0.2601764500141144,-10.20130729675293,-0.10426174104213715,-0.08488766103982925,-8.066523551940918,0.0,0.0,0.0,0.0,0.0,0.0,0.0,0.0,0.0,0.0,0.0,0.0,-0.0312198456376791,-0.01947222650051117,0.01999063976109028,0.006216748151928186,0.278030127286911,0.24395236372947693,0.28066346049308777,0.24868495762348175,-2.5520927906036377,-0.16325674951076508,-0.8044242262840271,0.0,0.0,0.0,0.0,0.0,0.0,0.0
16016086022,0,0.020026130601763725,-0.05683480203151703,-0.1621076911687851,6.569455581484362e-05,-0.04113857448101044,-0.8442511558532715,0.004341373685747385,0.07647265493869781,-0.09526416659355164,-0.039921075105667114,0.03139261156320572,-0.5,0.009919919073581696,-0.013421307317912579,0.05873805657029152,0.0,0.0,-0.0047828578390181065,-0.1625240594148636,0.07453323155641556,0.06184402108192444,-0.08020833879709244,0.10568854957818985,-0.0763002559542656,-0.5578439831733704,-0.42419350147247314,-44.36358642578125,0.08730925619602203,0.02998432330787182,-0.0381094329059124,-0.06200912967324257,0.0033032111823558807,-0.210837721824646,0.07060688734054565,12.599360466003418,9.983447074890137,12.044964790344238,9.747371673583984,-0.019931640475988388,-0.03066406212747097,0.016865234822034836,0.006132812704890966,0.0,-0.032912690192461014,-0.011484644375741482,0.023231836035847664,-0.0020670860540121794,0.0,-0.050359927117824554,0.2601764500141144,-10.20130729675293,-0.10426174104213715,-0.08488766103982925,-8.066523551940918,0.0,0.0,0.0,0.0,0.0,0.0,0.0,0.0,0.0,0.0,0.0,0.0,-0.03222818672657013,-0.01830463483929634,0.020992202684283257,0.005298986099660397,0.28551024198532104,0.24547740817070007,0.2776474058628082,0.242677241563797,-3.0010781288146973,-1.0368320941925049,0.7281178832054138,0.0,0.0,0.0,0.0,0.0,0.0,0.0
16026257710,0,0.020026130601763725,-0.05683480203151703,-0.1621076911687851,6.569455581484362e-05,-0.04113857448101044,-0.8442511558532715,0.004341373685747385,0.07647265493869781,-0.09526416659355164,-0.039921075105667114,0.03139261156320572,-0.5,0.009919919073581696,-0.013421307317912579,0.05873805657029152,0.0,0.0,-0.0047828578390181065,-0.1625240594148636,0.07453323155641556,0.06184402108192444,-0.08020833879709244,0.10568854957818985,-0.0763002559542656,-0.5578439831733704,-0.42419350147247314,-44.36358642578125,0.12762673199176788,0.0393545962870121,-0.04916657507419586,-0.062498822808265686,0.002862620400264859,-0.20865818858146667,0.07134070992469788,12.599360466003418,9.983447074890137,12.044964790344238,9.747371673583984,-0.019931640475988388,-0.03066406212747097,0.018398437649011612,0.004599609412252903,0.0,-0.032954953610897064,-0.011537961661815643,0.023187635466456413,-0.0021216936875134706,0.0,-0.32564079761505127,0.062357354909181595,-9.911043167114258,-0.10426174104213715,-0.08488766103982925,-8.066523551940918,0.0,0.0,0.0,0.0,0.0,0.0,0.0,0.0,0.0,0.0,0.0,0.0,-0.03292188420891762,-0.0167288426309824,0.021880829706788063,0.0037964072544127703,0.29234498739242554,0.24089808762073517,0.2815573811531067,0.23618528246879578,-3.0010781288146973,-1.0368320941925049,0.7281178832054138,0.0,0.0,0.0,0.0,0.0,0.0,0.0
16036464387,0,0.020026130601763725,-0.05683480203151703,-0.1621076911687851,6.569455581484362e-05,-0.04113857448101044,-0.8442511558532715,0.004341373685747385,0.07647265493869781,-0.09526416659355164,-0.040250010788440704,0.028730133548378944,-0.5,0.009919919073581696,-0.013421307317912579,0.05873805657029152,0.0,0.0,-0.0047828578390181065,-0.1990441232919693,0.07713715732097626,0.052423764020204544,-0.08020833879709244,0.10568854957818985,-0.0763002559542656,-0.556983232498169,-0.36568185687065125,-44.916526794433594,0.20489512383937836,0.005588552448898554,-0.031892530620098114,-0.06352037191390991,0.0006926101632416248,-0.20417414605617523,0.07292681187391281,12.370269775390625,10.7250394821167,11.686380386352539,10.144224166870117,-0.021464843302965164,-0.03066406212747097,0.018398437649011612,0.004599609412252903,0.0,-0.0319574698805809,-0.012744272127747536,0.022007519379258156,-0.00013886377564631402,0.0,-0.06491570174694061,-0.37123048305511475,-9.49958324432373,-0.10342364758253098,-0.07779412716627121,-8.120336532592773,0.0,0.0,0.0,0.0,0.0,0.0,0.0,0.0,0.0,0.0,0.0,0.0,-0.03322118520736694,-0.015049179084599018,0.022506605833768845,0.0020593605004251003,0.28789451718330383,0.255625456571579,0.27454736828804016,0.24410098791122437,-2.0318193435668945,-0.11792764067649841,-0.3006436228752136,0.0,0.0,0.0,0.0,0.0,0.0,0.0
16046087669,0,0.02029622532427311,-0.05416170135140419,-0.1651717722415924,6.569455581484362e-05,-0.04113857448101044,-0.8442511558532715,0.003369720885530114,0.06450055539608002,-0.08564978092908859,-0.04046126455068588,0.026046384125947952,-0.5,0.003430296666920185,-0.01107634138315916,0.06084180623292923,0.0,0.0,-0.0047828578390181065,-0.20991931855678558,0.07378802448511124,0.045358434319496155,-0.01446719653904438,0.08154643326997757,-0.07880201935768127,-0.5279749631881714,-0.4069722890853882,-44.92612075805664,0.22972425818443298,0.005498205311596394,-0.02430790662765503,-0.06396649777889252,0.0006926101632416248,-0.20417414605617523,0.07292681187391281,12.220888137817383,10.95605754852295,11.461626052856445,10.296950340270996,-0.021464843302965164,-0.027597656473517418,0.019931640475988388,0.004599609412252903,0.0,-0.032743457704782486,-0.010251104831695557,0.022775789722800255,-0.002597652142867446,0.0,-0.3511037528514862,-0.2371891885995865,-9.54373836517334,-0.1012696772813797,-0.06648761034011841,-8.166641235351562,0.0,0.0,0.0,0.0,0.0,0.0,0.0,0.0,0.0,0.0,0.0,0.0,-0.03321747109293938,-0.013627118431031704,0.02281215786933899,0.000594527751673013,0.28789451718330383,0.255625456571579,0.27454736828804016,0.24410098791122437,-1.728084683418274,-0.18931002914905548,-0.5179272890090942,0.0,0.0,0.0,0.0,0.0,0.0,0.0
16057197781,0,0.02029622532427311,-0.05416170135140419,-0.1651717722415924,6.569455581484362e-05,-0.04113857448101044,-0.8442511558532715,0.003369720885530114,0.06450055539608002,-0.08564978092908859,-0.04046126455068588,0.026046384125947952,-0.5,0.003430296666920185,-0.01107634138315916,0.06084180623292923,0.0,0.0,-0.0047828578390181065,-0.20991931855678558,0.07378802448511124,0.045358434319496155,-0.01446719653904438,0.08154643326997757,-0.07880201935768127,-0.5279749631881714,-0.4069722890853882,-44.92612075805664,0.22972425818443298,0.005498205311596394,-0.02430790662765503,-0.06396649777889252,-0.0006430749781429768,-0.20214901864528656,0.07340668141841888,12.220888137817383,10.95605754852295,11.461626052856445,10.296950340270996,-0.021464843302965164,-0.024531250819563866,0.02299804612994194,0.004599609412252903,0.0,-0.032743457704782486,-0.010251104831695557,0.022775789722800255,-0.002597652142867446,0.0,-0.3511037528514862,-0.2371891885995865,-9.54373836517334,-0.1012696772813797,-0.06648761034011841,-8.166641235351562,0.0,0.0,0.0,0.0,0.0,0.0,0.0,0.0,0.0,0.0,0.0,0.0,-0.033091917634010315,-0.012419779784977436,0.02292027696967125,-0.0006015104590915143,0.28498709201812744,0.26019009947776794,0.2701404392719269,0.2471381574869156,-1.728084683418274,-0.18931002914905548,-0.5179272890090942,0.0,0.0,0.0,0.0,0.0,0.0,0.0
16066310313,0,0.020346637815237045,-0.05349403992295265,-0.16592271625995636,6.569455581484362e-05,-0.04113857448101044,-0.8442511558532715,0.0005888426094315946,0.06768810749053955,-0.08604032546281815,-0.04056209325790405,0.02471105381846428,-0.5,0.0011849221773445606,-0.010416743345558643,0.061205342411994934,0.0,0.0,-0.0047828578390181065,-0.21525613963603973,0.0645938441157341,0.04308021441102028,0.002524093259125948,0.07739312946796417,-0.07924646139144897,-0.49083831906318665,-0.47153767943382263,-44.976402282714844,0.2456253319978714,0.015489785932004452,-0.02377001941204071,-0.06441114842891693,-0.0006430749781429768,-0.20214901864528656,0.07340668141841888,12.259902954101562,10.991134643554688,11.421165466308594,10.313841819763184,-0.02299804612994194,-0.024531250819563866,0.02299804612994194,0.0015332031762227416,0.0,-0.033470090478658676,-0.0069907717406749725,0.023663470521569252,-0.00612659240141511,0.0,-0.16915248334407806,-0.04702182114124298,-9.79959774017334,-0.0959954485297203,-0.0739949643611908,-8.16838550567627,0.0,0.0,0.0,0.0,0.0,0.0,0.0,0.0,0.0,0.0,0.0,0.0,-0.03299938887357712,-0.011275412514805794,0.022987740114331245,-0.0017208755016326904,0.28498709201812744,0.26019009947776794,0.2701404392719269,0.2471381574869156,-1.3184171915054321,-0.5039981603622437,-0.4019260108470917,0.0,0.0,0.0,0.0,0.0,0.0,0.0
16076295892,0,0.020426588132977486,-0.052150022238492966,-0.16737443208694458,6.569455581484362e-05,-0.04113857448101044,-0.8442511558532715,9.410908387508243e-05,0.07716622948646545,-0.0876602753996849,-0.040721993893384933,0.022023005411028862,-0.5,-0.0025692565832287073,-0.009707235731184483,0.06200215220451355,0.0,0.0,-0.0047828578390181065,-0.2136685848236084,0.0428280308842659,0.04373278096318245,0.019392497837543488,0.07743824273347855,-0.0801236554980278,-0.5300034880638123,-0.523842453956604,-44.908851623535156,0.24725233018398285,0.04592534527182579,-0.02646605670452118,-0.06500095129013062,-0.004395494237542152,-0.1976357400417328,0.07432253658771515,12.36048698425293,10.862159729003906,11.422019958496094,10.27417278289795,-0.021464843302965164,-0.02299804612994194,0.021464843302965164,0.0,0.0,-0.03586744889616966,-0.006705112289637327,0.02643776684999466,-0.006664818152785301,0.0,-0.16915248334407806,-0.04702182114124298,-9.79959774017334,-0.09636427462100983,-0.09524407982826233,-8.16524600982666,0.0,0.0,0.0,0.0,0.0,0.0,0.0,0.0,0.0,0.0,0.0,0.0,-0.033117812126874924,-0.010059193708002567,0.02323264069855213,-0.0029464003164321184,0.28770437836647034,0.25833606719970703,0.2693629264831543,0.2466854304075241,-0.6398118138313293,-1.1695494651794434,-0.16492439806461334,0.0,0.0,0.0,0.0,0.0,0.0,0.0
16086475125,0,0.020426588132977486,-0.052150022238492966,-0.16737443208694458,6.569455581484362e-05,-0.04113857448101044,-0.8442511558532715,9.410908387508243e-05,0.07716622948646545,-0.0876602753996849,-0.040721993893384933,0.022023005411028862,-0.5,-0.0025692565832287073,-0.009707235731184483,0.06200215220451355,0.0,0.0,-0.0047828578390181065,-0.20358553528785706,0.027392717078328133,0.0444427989423275,0.019392497837543488,0.07743824273347855,-0.0801236554980278,-0.5295040607452393,-0.46833017468452454,-44.86113357543945,0.24027997255325317,0.06388753652572632,-0.02774398773908615,-0.06544269621372223,-0.006104401312768459,-0.19594943523406982,0.07473314553499222,12.397082328796387,10.7793550491333,11.425811767578125,10.268227577209473,-0.02299804612994194,-0.02299804612994194,0.021464843302965164,-0.0015332031762227416,0.0,-0.03420189395546913,-0.0086055938154459,0.024653201922774315,-0.004821211565285921,0.0,-0.32148468494415283,-0.3609071373939514,-9.468230247497559,-0.09636427462100983,-0.09524407982826233,-8.16524600982666,0.0,0.0,0.0,0.0,0.0,0.0,0.0,0.0,0.0,0.0,0.0,0.0,-0.033496007323265076,-0.008942972868680954,0.023734206333756447,-0.004125399515032768,0.2884161174297333,0.25669974088668823,0.26943734288215637,0.2465672492980957,0.02301597408950329,-1.3373706340789795,-0.08585166186094284,0.0,0.0,0.0,0.0,0.0,0.0,0.0
16096445046,0,0.02057831548154354,-0.050793468952178955,-0.16876354813575745,6.569455581484362e-05,-0.04113857448101044,-0.8442511558532715,-0.0022446145303547382,0.06844000518321991,-0.08664006739854813,-0.041025448590517044,0.019309885799884796,-0.5,-0.006483186036348343,-0.009197874926030636,0.06273133307695389,0.0,0.0,-0.0047828578390181065,-0.17584559321403503,0.0018353775376453996,0.0444045327603817,0.050548065453767776,0.07381226122379303,-0.08097751438617706,-0.5556800365447998,-0.4216997027397156,-45.28274154663086,0.23787395656108856,0.08873304724693298,-0.027775123715400696,-0.06647394597530365,-0.006104401312768459,-0.19594943523406982,0.07473314553499222,12.536317825317383,10.842472076416016,11.499346733093262,10.413013458251953,-0.026064453646540642,-0.021464843302965164,0.02299804612994194,-0.0015332031762227416,0.0,-0.0333341509103775,-0.01103308517485857,0.02376895397901535,-0.0023898081853985786,0.0,-0.1777237504720688,-0.9017319083213806,-9.558934211730957,-0.09130797535181046,-0.0802738294005394,-8.18559741973877,0.0,0.0,0.0,0.0,0.0,0.0,0.0,0.0,0.0,0.0,0.0,0.0,-0.033849067986011505,-0.008356058038771152,0.024191994220018387,-0.004806526005268097,0.2884161174297333,0.25669974088668823,0.26943734288215637,0.2465672492980957,0.6919633150100708,-1.24012291431427,-0.04770022630691528,0.0,0.0,0.0,0.0,0.0,0.0,0.0
16106274529,0,0.020790496841073036,-0.04928378760814667,-0.17004336416721344,6.569455581484362e-05,-0.04113857448101044,-0.8442511558532715,-0.0008751876885071397,0.06082042679190636,-0.07609594613313675,-0.04144981503486633,0.016290508210659027,-0.5,-0.008806437253952026,-0.009712987579405308,0.06351092457771301,0.0,0.0,-0.0047828578390181065,-0.17584559321403503,0.0018353775376453996,0.0444045327603817,0.07644754648208618,0.0770740658044815,-0.08240851759910583,-0.5556800365447998,-0.4216997027397156,-45.28274154663086,0.23787395656108856,0.08873304724693298,-0.027775123715400696,-0.06647394597530365,-0.009887004271149635,-0.1923903524875641,0.0756823942065239,12.536317825317383,10.842472076416016,11.499346733093262,10.413013458251953,-0.026064453646540642,-0.018398437649011612,0.024531250819563866,-0.0015332031762227416,0.0,-0.0333341509103775,-0.01103308517485857,0.02376895397901535,-0.0023898081853985786,0.0,-0.1777237504720688,-0.9017319083213806,-9.558934211730957,-0.0950954258441925,-0.06876634806394577,-8.27491569519043,0.0,0.0,0.0,0.0,0.0,0.0,0.0,0.0,0.0,0.0,0.0,0.0,-0.03396771848201752,-0.008449406363070011,0.02437986619770527,-0.004807727411389351,0.2911211848258972,0.25794708728790283,0.2708808481693268,0.2494431436061859,0.6919633150100708,-1.24012291431427,-0.04770022630691528,0.0,0.0,0.0,0.0,0.0,0.0,0.0
16116280589,0,0.020885277539491653,-0.04849797114729881,-0.17065131664276123,6.569455581484362e-05,-0.04113857448101044,-0.8442511558532715,-0.005466302391141653,0.07217223942279816,-0.07458976656198502,-0.04163937643170357,0.014718866907060146,-0.5,-0.00983648281544447,-0.010222751647233963,0.06400970369577408,0.0,0.0,-0.0047828578390181065,-0.17584559321403503,0.0018353775376453996,0.0444045327603817,0.09010801464319229,0.0812000036239624,-0.08276954293251038,-0.5556800365447998,-0.4216997027397156,-45.28274154663086,0.23787395656108856,0.08873304724693298,-0.027775123715400696,-0.06647394597530365,-0.009887004271149635,-0.1923903524875641,0.0756823942065239,12.536317825317383,10.842472076416016,11.499346733093262,10.413013458251953,-0.026064453646540642,-0.019931640475988388,0.024531250819563866,-0.003066406352445483,0.0,-0.0333341509103775,-0.01103308517485857,0.02376895397901535,-0.0023898081853985786,0.0,-0.1777237504720688,-0.9017319083213806,-9.558934211730957,-0.0885077565908432,-0.0942215546965599,-8.289661407470703,0.0,0.0,0.0,0.0,0.0,0.0,0.0,0.0,0.0,0.0,0.0,0.0,-0.033909156918525696,-0.008972075767815113,0.024359529837965965,-0.004362146370112896,0.2911211848258972,0.25794708728790283,0.2708808481693268,0.2494431436061859,0.6919633150100708,-1.24012291431427,-0.04770022630691528,0.0,0.0,0.0,0.0,0.0,0.0,0.0
16126909974,0,0.020885277539491653,-0.04849797114729881,-0.17065131664276123,6.569455581484362e-05,-0.04113857448101044,-0.8442511558532715,-0.005466302391141653,0.07217223942279816,-0.07458976656198502,-0.04163937643170357,0.014718866907060146,-0.5,-0.00983648281544447,-0.010222751647233963,0.06400970369577408,0.0,0.0,-0.0047828578390181065,-0.16267885267734528,-0.044338762760162354,0.04569840431213379,0.09010801464319229,0.0812000036239624,-0.08276954293251038,-0.486792653799057,-0.5182185769081116,-45.5931396484375,0.24200907349586487,0.1554538607597351,-0.02938876301050186,-0.06743242591619492,-0.013505976647138596,-0.18985134363174438,0.07657155394554138,12.763839721679688,10.78338623046875,11.508190155029297,10.546611785888672,-0.027597656473517418,-0.019931640475988388,0.02299804612994194,-0.006132812704890966,0.0,-0.03358721360564232,-0.005766808986663818,0.024509262293577194,-0.008003306575119495,0.0,-0.04639670252799988,0.14880865812301636,-9.760618209838867,-0.0885077565908432,-0.0942215546965599,-8.289661407470703,0.0,0.0,0.0,0.0,0.0,0.0,0.0,0.0,0.0,0.0,0.0,0.0,-0.033785924315452576,-0.009366500191390514,0.02427470125257969,-0.00403801491484046,0.2955336570739746,0.2567794919013977,0.27105432748794556,0.2520926594734192,0.6277469992637634,-2.1861014366149902,0.022214364260435104,0.0,0.0,0.0,0.0,0.0,0.0,0.0
16137364298,0,0.020885277539491653,-0.04849797114729881,-0.17065131664276123,6.569455581484362e-05,-0.04113857448101044,-0.8442511558532715,-0.005466302391141653,0.07217223942279816,-0.07458976656198502,-0.04163937643170357,0.014718866907060146,-0.5,-0.00983648281544447,-0.010222751647233963,0.06400970369577408,0.0,0.0,-0.0047828578390181065,-0.15264271199703217,-0.0777207538485527,0.04840116202831268,0.09010801464319229,0.0812000036239624,-0.08276954293251038,-0.47984251379966736,-0.5818015336990356,-45.34598922729492,0.2506159245967865,0.20622915029525757,-0.03232350945472717,-0.067950040102005,-0.01548897847533226,-0.18910688161849976,0.07709398865699768,12.868521690368652,10.582262992858887,11.428027153015137,10.47700023651123,-0.029130859300494194,-0.018398437649011612,0.02299804612994194,-0.0076660155318677425,0.0,-0.03491448611021042,-0.0035730425734072924,0.026384618133306503,-0.010490472428500652,0.0,-0.4051547646522522,0.0876690223813057,-10.052114486694336,-0.0885077565908432,-0.0942215546965599,-8.289661407470703,0.0,0.0,0.0,0.0,0.0,0.0,0.0,0.0,0.0,0.0,0.0,0.0,-0.03373820334672928,-0.009037982672452927,0.024328628554940224,-0.00446608429774642,0.29756051301956177,0.2527990937232971,0.2694808840751648,0.25071248412132263,0.7631931304931641,-2.676969528198242,0.11440876126289368,0.0,0.0,0.0,0.0,0.0,0.0,0.0
16146783483,0,0.021106021478772163,-0.04687916487455368,-0.17186710238456726,6.569455581484362e-05,-0.04113857448101044,-0.8442511558532715,-0.0077186147682368755,0.07559150457382202,-0.08125674724578857,-0.042080868035554886,0.011481238529086113,-0.5,-0.012353825382888317,-0.011923344805836678,0.06508079916238785,0.0,0.0,-0.0047828578390181065,-0.12950840592384338,-0.10704448074102402,0.05115848407149315,0.1056051254272461,0.10173869878053665,-0.08377145230770111,-0.4999332129955292,-0.5072358846664429,-45.476585388183594,0.23868529498577118,0.241644024848938,-0.03288573771715164,-0.06891986727714539,-0.019122187048196793,-0.18871980905532837,0.07815292477607727,12.985722541809082,10.482405662536621,11.48398208618164,10.534466743469238,-0.029130859300494194,-0.019931640475988388,0.02299804612994194,-0.0076660155318677425,0.0,-0.03319646790623665,-0.006900283973664045,0.024486564099788666,-0.007356376387178898,0.0,0.04370506852865219,-0.5774635076522827,-9.701870918273926,-0.08724409341812134,-0.10578209161758423,-8.244725227355957,0.0,0.0,0.0,0.0,0.0,0.0,0.0,0.0,0.0,0.0,0.0,0.0,-0.033791303634643555,-0.00812267791479826,0.024560460820794106,-0.005528958514332771,0.2991566061973572,0.25173813104629517,0.2697063684463501,0.2525085210800171,1.1278367042541504,-1.8800721168518066,0.12189742922782898,0.0,0.0,0.0,0.0,0.0,0.0,0.0
16156335016,0,0.02147596701979637,-0.04445381462574005,-0.17370089888572693,6.569455581484362e-05,-0.04113857448101044,-0.8442511558532715,0.00033971481025218964,0.056650564074516296,-0.07475117594003677,-0.0428207628428936,0.006630513351410627,-0.5,-0.016711607575416565,-0.014628925360739231,0.06612782925367355,0.0,0.0,-0.0047828578390181065,-0.12950840592384338,-0.10704448074102402,0.05115848407149315,0.131185382604599,0.11817215383052826,-0.08493804931640625,-0.4999332129955292,-0.5072358846664429,-45.476585388183594,0.23868529498577118,0.241644024848938,-0.03288573771715164,-0.06891986727714539,-0.019122187048196793,-0.18871980905532837,0.07815292477607727,12.985722541809082,10.482405662536621,11.48398208618164,10.534466743469238,-0.029130859300494194,-0.019931640475988388,0.02299804612994194,-0.006132812704890966,0.0,-0.03319646790623665,-0.006900283973664045,0.024486564099788666,-0.007356376387178898,0.0,0.04370506852865219,-0.5774635076522827,-9.701870918273926,-0.1056504026055336,-0.07269731163978577,-8.309714317321777,0.0,0.0,0.0,0.0,0.0,0.0,0.0,0.0,0.0,0.0,0.0,0.0,-0.03378690779209137,-0.007293463218957186,0.02474839985370636,-0.006533482577651739,0.2991566061973572,0.25173813104629517,0.2697063684463501,0.2525085210800171,1.1278367042541504,-1.8800721168518066,0.12189742922782898,0.0,0.0,0.0,0.0,0.0,0.0,0.0
16167580796,0,0.02147596701979637,-0.04445381462574005,-0.17370089888572693,6.569455581484362e-05,-0.04113857448101044,-0.8442511558532715,0.00033971481025218964,0.056650564074516296,-0.07475117594003677,-0.0428207628428936,0.006630513351410627,-0.5,-0.016711607575416565,-0.014628925360739231,0.06612782925367355,0.0,0.0,-0.0047828578390181065,-0.1376982480287552,-0.11340664327144623,0.045094892382621765,0.131185382604599,0.11817215383052826,-0.08493804931640625,-0.5810772180557251,-0.3998352289199829,-45.70343017578125,0.26518526673316956,0.2485603541135788,-0.026215508580207825,-0.06944616138935089,-0.02120589278638363,-0.18876343965530396,0.07866328209638596,12.892295837402344,10.782370567321777,11.278093338012695,10.760934829711914,-0.029130859300494194,-0.019931640475988388,0.024531250819563866,-0.003066406352445483,0.0,-0.032761067152023315,-0.012944051064550877,0.024059580639004707,-0.0010599669767543674,0.0,-0.2095327377319336,0.1253952980041504,-10.057882308959961,-0.1056504026055336,-0.07269731163978577,-8.309714317321777,0.0,0.0,0.0,0.0,0.0,0.0,0.0,0.0,0.0,0.0,0.0,0.0,-0.03365571051836014,-0.007091902196407318,0.02477281540632248,-0.00688890041783452,0.2980205714702606,0.25675928592681885,0.26653432846069336,0.25633543729782104,0.1994451880455017,-1.207865595817566,-0.2115485817193985,0.0,0.0,0.0,0.0,0.0,0.0,0.0
16176492955,0,0.021722037345170975,-0.04278649017214775,-0.1749648153781891,6.569455581484362e-05,-0.04113857448101044,-0.8442511558532715,-0.0012171374401077628,0.06014258787035942,-0.07843813300132751,-0.04331290349364281,0.003295847913250327,-0.5,-0.018831172958016396,-0.016788750886917114,0.06694468855857849,0.0,0.0,-0.0047828578390181065,-0.14268086850643158,-0.11147141456604004,0.04260668903589249,0.1410096436738968,0.12804660201072693,-0.08563485741615295,-0.5366581678390503,-0.4363686740398407,-45.69269561767578,0.2917312979698181,0.2529902458190918,-0.02432543784379959,-0.06997092813253403,-0.02120589278638363,-0.18876343965530396,0.07866328209638596,12.890265464782715,10.860957145690918,11.180779457092285,10.771281242370605,-0.027597656473517418,-0.018398437649011612,0.02299804612994194,-0.004599609412252903,0.0,-0.032594114542007446,-0.010267512872815132,0.023968562483787537,-0.003769072936847806,0.0,-0.2095327377319336,0.1253952980041504,-10.057882308959961,-0.10631708800792694,-0.08480458706617355,-8.289833068847656,0.0,0.0,0.0,0.0,0.0,0.0,0.0,0.0,0.0,0.0,0.0,0.0,-0.03343848139047623,-0.00767036946490407,0.024668710306286812,-0.006403543055057526,0.2980205714702606,0.25675928592681885,0.26653432846069336,0.25633543729782104,-0.12862716615200043,-0.5914850831031799,-0.20638535916805267,0.0,0.0,0.0,0.0,0.0,0.0,0.0
16186307797,0,0.021722037345170975,-0.04278649017214775,-0.1749648153781891,6.569455581484362e-05,-0.04113857448101044,-0.8442511558532715,-0.0012171374401077628,0.06014258787035942,-0.07843813300132751,-0.04331290349364281,0.003295847913250327,-0.5,-0.018831172958016396,-0.016788750886917114,0.06694468855857849,0.0,0.0,-0.0047828578390181065,-0.14760981500148773,-0.1127399206161499,0.04505982995033264,0.1410096436738968,0.12804660201072693,-0.08563485741615295,-0.5847439765930176,-0.46642524003982544,-45.59408187866211,0.30730992555618286,0.2615371346473694,-0.02855575829744339,-0.07041818648576736,-0.025712857022881508,-0.1890019029378891,0.0794556587934494,13.009243965148926,10.740863800048828,11.224061012268066,10.630715370178223,-0.029130859300494194,-0.016865234822034836,0.024531250819563866,-0.006132812704890966,0.0,-0.034458160400390625,-0.011021076701581478,0.026295026764273643,-0.0032650281209498644,0.0,0.13940079510211945,-0.05055134743452072,-10.143729209899902,-0.10631708800792694,-0.08480458706617355,-8.289833068847656,0.0,0.0,0.0,0.0,0.0,0.0,0.0,0.0,0.0,0.0,0.0,0.0,-0.03326953202486038,-0.00859234668314457,0.0245998352766037,-0.0055304779671132565,0.3002815842628479,0.25593867897987366,0.26547136902809143,0.2537587583065033,-0.27457889914512634,-0.46015897393226624,0.02386002242565155,0.0,0.0,0.0,0.0,0.0,0.0,0.0
16196533752,0,0.021722037345170975,-0.04278649017214775,-0.1749648153781891,6.569455581484362e-05,-0.04113857448101044,-0.8442511558532715,-0.0012171374401077628,0.06014258787035942,-0.07843813300132751,-0.04331290349364281,0.003295847913250327,-0.5,-0.018831172958016396,-0.016788750886917114,0.06694468855857849,0.0,0.0,-0.0047828578390181065,-0.14760981500148773,-0.1127399206161499,0.04505982995033264,0.1410096436738968,0.12804660201072693,-0.08563485741615295,-0.5847439765930176,-0.46642524003982544,-45.59408187866211,0.30730992555618286,0.2615371346473694,-0.02855575829744339,-0.07041818648576736,-0.025712857022881508,-0.1890019029378891,0.0794556587934494,13.009243965148926,10.740863800048828,11.224061012268066,10.630715370178223,-0.03066406212747097,-0.016865234822034836,0.024531250819563866,-0.0076660155318677425,0.0,-0.034458160400390625,-0.011021076701581478,0.026295026764273643,-0.0032650281209498644,0.0,0.13940079510211945,-0.05055134743452072,-10.143729209899902,-0.10631708800792694,-0.08480458706617355,-8.289833068847656,0.0,0.0,0.0,0.0,0.0,0.0,0.0,0.0,0.0,0.0,0.0,0.0,-0.033319782465696335,-0.009459189139306545,0.024771444499492645,-0.004706309176981449,0.3002815842628479,0.25593867897987366,0.26547136902809143,0.2537587583065033,-0.27457889914512634,-0.46015897393226624,0.02386002242565155,0.0,0.0,0.0,0.0,0.0,0.0,0.0
16206589701,0,0.022008134052157402,-0.04107344150543213,-0.17623937129974365,6.569455581484362e-05,-0.04113857448101044,-0.8442511558532715,-0.003101005684584379,0.06795195490121841,-0.08680325746536255,-0.04388510063290596,-0.0001302666059928015,-0.5,-0.02121717855334282,-0.018450163304805756,0.06812600791454315,0.0,0.0,-0.0047828578390181065,-0.14627717435359955,-0.10305936634540558,0.05269014090299606,0.1750272661447525,0.1524125039577484,-0.0872209370136261,-0.6320310831069946,-0.5702253580093384,-45.25799560546875,0.32610413432121277,0.2614520788192749,-0.03619959205389023,-0.07146454602479935,-0.03140976279973984,-0.1893974393606186,0.08055140823125839,13.146225929260254,10.49362564086914,11.301726341247559,10.327519416809082,-0.029130859300494194,-0.016865234822034836,0.024531250819563866,-0.009199218824505806,0.0,-0.03825153782963753,-0.009484997019171715,0.030741997063159943,-0.005405706819146872,0.0,0.13940079510211945,-0.05055134743452072,-10.143729209899902,-0.10654386132955551,-0.10573018342256546,-8.239448547363281,0.0,0.0,0.0,0.0,0.0,0.0,0.0,0.0,0.0,0.0,0.0,0.0,-0.03372954577207565,-0.010102860629558563,0.02534213289618492,-0.0041337707079946995,0.3029268682003021,0.25104212760925293,0.2669990658760071,0.24774551391601562,0.18928571045398712,0.1927071064710617,0.23720580339431763,0.0,0.0,0.0,0.0,0.0,0.0,0.0
16216418263,0,0.022008134052157402,-0.04107344150543213,-0.17623937129974365,6.569455581484362e-05,-0.04113857448101044,-0.8442511558532715,-0.003101005684584379,0.06795195490121841,-0.08680325746536255,-0.04388510063290596,-0.0001302666059928015,-0.5,-0.02121717855334282,-0.018450163304805756,0.06812600791454315,0.0,0.0,-0.0047828578390181065,-0.13770295679569244,-0.09467540681362152,0.0465938001871109,0.1750272661447525,0.1524125039577484,-0.0872209370136261,-0.6320310831069946,-0.5702253580093384,-45.25799560546875,0.319082647562027,0.2483978271484375,-0.027422048151493073,-0.07191751897335052,-0.03397602215409279,-0.18952248990535736,0.0810050517320633,12.893608093261719,10.723681449890137,11.114325523376465,10.536124229431152,-0.027597656473517418,-0.016865234822034836,0.024531250819563866,-0.0076660155318677425,0.0,-0.03903956338763237,-0.009327417239546776,0.031216204166412354,-0.005345405079424381,0.0,-0.17577621340751648,0.33004963397979736,-10.501810073852539,-0.10654386132955551,-0.10573018342256546,-8.239448547363281,0.0,0.0,0.0,0.0,0.0,0.0,0.0,0.0,0.0,0.0,0.0,0.0,-0.03462686017155647,-0.010369005613029003,0.026435958221554756,-0.0039853607304394245,0.29804590344429016,0.255598783493042,0.2633105516433716,0.25188472867012024,0.594675600528717,0.4973583221435547,-0.1430581957101822,0.0,0.0,0.0,0.0,0.0,0.0,0.0
16226306716,0,0.022320378571748734,-0.03932513669133186,-0.1775377243757248,6.569455581484362e-05,-0.04113857448101044,-0.8442511558532715,0.00018413818906992674,0.05955704674124718,-0.09083139151334763,-0.04450959339737892,-0.0036268937401473522,-0.5,-0.02385655604302883,-0.019613802433013916,0.0686010792851448,0.0,0.0,-0.0047828578390181065,-0.08651388436555862,-0.058815617114305496,0.031955499202013016,0.18717309832572937,0.16458864510059357,-0.08786642551422119,-0.6202069520950317,-0.47889694571495056,-45.55672073364258,0.260002076625824,0.21187953650951385,-0.013203591108322144,-0.07296008616685867,-0.03946252912282944,-0.1892678439617157,0.0815616101026535,12.466774940490723,11.119088172912598,10.980929374694824,11.000999450683594,-0.026064453646540642,-0.015332031063735485,0.026064453646540642,-0.0076660155318677425,0.0,-0.037540286779403687,-0.011625772342085838,0.028169600293040276,-0.0026673839893192053,0.0,-0.0986892357468605,0.2117595076560974,-10.02791976928711,-0.11463753879070282,-0.09349007159471512,-8.224397659301758,0.0,0.0,0.0,0.0,0.0,0.0,0.0,0.0,0.0,0.0,0.0,0.0,-0.03577691689133644,-0.010420993901789188,0.027693580836057663,-0.004042576067149639,0.29804590344429016,0.255598783493042,0.2633105516433716,0.25188472867012024,2.070162773132324,1.2717328071594238,-0.4224948287010193,0.0,0.0,0.0,0.0,0.0,0.0,0.0
16236204884,0,0.022629229351878166,-0.0374826081097126,-0.17887672781944275,6.569455581484362e-05,-0.04113857448101044,-0.8442511558532715,-0.001718707731924951,0.0531274676322937,-0.08512730896472931,-0.045127298682928085,-0.00731196952983737,-0.5,-0.024960989132523537,-0.020487084984779358,0.0687938705086708,0.0,0.0,-0.0047828578390181065,-0.08651388436555862,-0.058815617114305496,0.031955499202013016,0.19418981671333313,0.16578124463558197,-0.08856265991926193,-0.6202069520950317,-0.47889694571495056,-45.55672073364258,0.260002076625824,0.21187953650951385,-0.013203591108322144,-0.07296008616685867,-0.03946252912282944,-0.1892678439617157,0.0815616101026535,12.466774940490723,11.119088172912598,10.980929374694824,11.000999450683594,-0.027597656473517418,-0.015332031063735485,0.026064453646540642,-0.0076660155318677425,0.0,-0.037540286779403687,-0.011625772342085838,0.028169600293040276,-0.0026673839893192053,0.0,-0.0986892357468605,0.2117595076560974,-10.02791976928711,-0.11276489496231079,-0.08707217127084732,-8.283040046691895,0.0,0.0,0.0,0.0,0.0,0.0,0.0,0.0,0.0,0.0,0.0,0.0,-0.03673708438873291,-0.010562850162386894,0.0285404771566391,-0.00394049659371376,0.28977054357528687,0.26340430974960327,0.26068058609962463,0.2610766589641571,2.070162773132324,1.2717328071594238,-0.4224948287010193,0.0,0.0,0.0,0.0,0.0,0.0,0.0
16246783767,0,0.022629229351878166,-0.0374826081097126,-0.17887672781944275,6.569455581484362e-05,-0.04113857448101044,-0.8442511558532715,-0.001718707731924951,0.0531274676322937,-0.08512730896472931,-0.045127298682928085,-0.00731196952983737,-0.5,-0.024960989132523537,-0.020487084984779358,0.0687938705086708,0.0,0.0,-0.0047828578390181065,-0.07099209725856781,-0.04888686537742615,0.033761635422706604,0.19418981671333313,0.16578124463558197,-0.08856265991926193,-0.6131336092948914,-0.46769800782203674,-45.54536056518555,0.2507931590080261,0.20445194840431213,-0.017236486077308655,-0.07339447736740112,-0.041572295129299164,-0.1889570951461792,0.081739142537117,12.537982940673828,11.013344764709473,11.105195999145508,10.899542808532715,-0.029130859300494194,-0.015332031063735485,0.026064453646540642,-0.0076660155318677425,0.0,-0.03684904798865318,-0.011912724934518337,0.027229811996221542,-0.0026017064228653908,0.0,-0.4387158453464508,0.5075767040252686,-10.291080474853516,-0.11276489496231079,-0.08707217127084732,-8.283040046691895,0.0,0.0,0.0,0.0,0.0,0.0,0.0,0.0,0.0,0.0,0.0,0.0,-0.03732563182711601,-0.010841992683708668,0.028845198452472687,-0.003652338869869709,0.29115360975265503,0.2613201439380646,0.2631308436393738,0.25907447934150696,1.992610216140747,1.2003912925720215,-0.1392332762479782,0.0,0.0,0.0,0.0,0.0,0.0,0.0
16257167430,0,0.022972607985138893,-0.03555277734994888,-0.18025463819503784,6.569455581484362e-05,-0.04113857448101044,-0.8442511558532715,-0.004144033882766962,0.05851222947239876,-0.09113579243421555,-0.04581405967473984,-0.011171650141477585,-0.5,-0.02532995119690895,-0.021485935896635056,0.06960348039865494,0.0,0.0,-0.0047828578390181065,-0.03734130039811134,-0.01858806610107422,0.029614748433232307,0.19877897202968597,0.17378926277160645,-0.08892149478197098,-0.662036657333374,-0.6077959537506104,-45.27822494506836,0.21901854872703552,0.1722058206796646,-0.01178818941116333,-0.07438796758651733,-0.046057261526584625,-0.1878385990858078,0.08220627158880234,12.234710693359375,11.083861351013184,11.00168228149414,10.96744155883789,-0.03066406212747097,-0.013798828236758709,0.027597656473517418,-0.006132812704890966,0.0,-0.04331739619374275,-0.009025271050632,0.03346450254321098,-0.0056239026598632336,0.0,-0.4387158453464508,0.5075767040252686,-10.291080474853516,-0.11134310811758041,-0.1057669147849083,-8.250168800354004,0.0,0.0,0.0,0.0,0.0,0.0,0.0,0.0,0.0,0.0,0.0,0.0,-0.037857431918382645,-0.011030416004359722,0.029027951881289482,-0.0034591984003782272,0.2852563261985779,0.2627103328704834,0.2610900104045868,0.26041465997695923,1.8384368419647217,1.4988044500350952,-0.2905786335468292,0.0,0.0,0.0,0.0,0.0,0.0,0.0
16266326673,0,0.022972607985138893,-0.03555277734994888,-0.18025463819503784,6.569455581484362e-05,-0.04113857448101044,-0.8442511558532715,-0.004144033882766962,0.05851222947239876,-0.09113579243421555,-0.04581405967473984,-0.011171650141477585,-0.5,-0.02532995119690895,-0.021485935896635056,0.06960348039865494,0.0,0.0,-0.0047828578390181065,-0.03734130039811134,-0.01858806610107422,0.029614748433232307,0.19877897202968597,0.17378926277160645,-0.08892149478197098,-0.662036657333374,-0.6077959537506104,-45.27822494506836,0.21901854872703552,0.1722058206796646,-0.01178818941116333,-0.07438796758651733,-0.046057261526584625,-0.1878385990858078,0.08220627158880234,12.234710693359375,11.083861351013184,11.00168228149414,10.96744155883789,-0.03066406212747097,-0.013798828236758709,0.027597656473517418,-0.004599609412252903,0.0,-0.04331739619374275,-0.009025271050632,0.03346450254321098,-0.0056239026598632336,0.0,-0.16546611487865448,-0.22640033066272736,-9.934021949768066,-0.11134310811758041,-0.1057669147849083,-8.250168800354004,0.0,0.0,0.0,0.0,0.0,0.0,0.0,0.0,0.0,0.0,0.0,0.0,-0.03882809355854988,-0.01088628452271223,0.029648875817656517,-0.0036242371425032616,0.2852563261985779,0.2627103328704834,0.2610900104045868,0.26041465997695923,1.8384368419647217,1.4988044500350952,-0.2905786335468292,0.0,0.0,0.0,0.0,0.0,0.0,0.0
16276976847,0,0.023359663784503937,-0.032548874616622925,-0.18241624534130096,6.569455581484362e-05,-0.04113857448101044,-0.8442511558532715,-0.0035830866545438766,0.06258734315633774,-0.09893970936536789,-0.04658817499876022,-0.01717948541045189,-0.5,-0.025150803849101067,-0.020100779831409454,0.0699874684214592,0.0,0.0,-0.0047828578390181065,-0.03734130039811134,-0.01858806610107422,0.029614748433232307,0.1975097507238388,0.16277295351028442,-0.08940614759922028,-0.627986490726471,-0.6950008273124695,-45.200103759765625,0.1420779526233673,0.11700429767370224,-0.014952950179576874,-0.07527859508991241,-0.046057261526584625,-0.1878385990858078,0.08220627158880234,12.092989921569824,10.951004028320312,11.263646125793457,10.903009414672852,-0.032197266817092896,-0.012265625409781933,0.027597656473517418,-0.003066406352445483,0.0,-0.04546108469367027,-0.0053083403035998344,0.034269336611032486,-0.009678004309535027,0.0,-0.16546611487865448,-0.22640033066272736,-9.934021949768066,-0.11417935788631439,-0.12636378407478333,-8.21820068359375,0.0,0.0,0.0,0.0,0.0,0.0,0.0,0.0,0.0,0.0,0.0,0.0,-0.040232766419649124,-0.010300521738827229,0.030695470049977303,-0.004261421505361795,0.2852563261985779,0.2627103328704834,0.2610900104045868,0.26041465997695923,1.8384368419647217,1.4988044500350952,-0.2905786335468292,0.0,0.0,0.0,0.0,0.0,0.0,0.0
16286480076,0,0.023359663784503937,-0.032548874616622925,-0.18241624534130096,6.569455581484362e-05,-0.04113857448101044,-0.8442511558532715,-0.0035830866545438766,0.06258734315633774,-0.09893970936536789,-0.04676394537091255,-0.01928754895925522,-0.5,-0.025150803849101067,-0.020100779831409454,0.0699874684214592,0.0,0.0,-0.0047828578390181065,0.021911825984716415,0.023040909320116043,0.030545677989721298,0.1975097507238388,0.16277295351028442,-0.08940614759922028,-0.627986490726471,-0.6950008273124695,-45.200103759765625,0.1420779526233673,0.11700429767370224,-0.014952950179576874,-0.07527859508991241,-0.04932796210050583,-0.18582838773727417,0.0824550986289978,12.092989921569824,10.951004028320312,11.263646125793457,10.903009414672852,-0.03526367247104645,-0.012265625409781933,0.027597656473517418,-0.003066406352445483,0.0,-0.04546108469367027,-0.0053083403035998344,0.034269336611032486,-0.009678004309535027,0.0,-0.06959576904773712,0.1286824345588684,-10.439261436462402,-0.11507191509008408,-0.11886873841285706,-8.205872535705566,0.0,0.0,0.0,0.0,0.0,0.0,0.0,0.0,0.0,0.0,0.0,0.0,-0.041789475828409195,-0.009262711741030216,0.03183254599571228,-0.005387280136346817,0.2824941575527191,0.26009035110473633,0.26625022292137146,0.25914266705513,2.877830982208252,1.9320882558822632,0.0020619367714971304,0.0,0.0,0.0,0.0,0.0,0.0,0.0
16296258850,0,0.0234475489705801,-0.03149484843015671,-0.1831655651330948,6.569455581484362e-05,-0.04113857448101044,-0.8442511558532715,-0.0028558634221553802,0.05646437406539917,-0.10148506611585617,-0.04676394537091255,-0.01928754895925522,-0.5,-0.0245488490909338,-0.019679928198456764,0.07025039941072464,0.0,0.0,-0.0047828578390181065,0.06322081387042999,0.031956929713487625,0.03394998982548714,0.1975097507238388,0.16277295351028442,-0.08940614759922028,-0.6000681519508362,-0.6145923137664795,-45.32870101928711,0.0782373771071434,0.11097726225852966,-0.018938258290290833,-0.07574647665023804,-0.05036450922489166,-0.18442650139331818,0.08267048001289368,12.118836402893066,10.793540000915527,11.5024995803833,10.925092697143555,-0.038330078125,-0.010732421651482582,0.027597656473517418,-0.004599609412252903,0.0,-0.04224272444844246,-0.007152307312935591,0.030181868001818657,-0.008006259799003601,0.0,-0.06959576904773712,0.1286824345588684,-10.439261436462402,-0.11507191509008408,-0.11886873841285706,-8.205872535705566,0.0,0.0,0.0,0.0,0.0,0.0,0.0,0.0,0.0,0.0,0.0,0.0,-0.04308412969112396,-0.008107680827379227,0.03265286609530449,-0.006655625067651272,0.2829982042312622,0.2569800913333893,0.2709428071975708,0.25957897305488586,3.4056313037872314,1.4606419801712036,0.1416000872850418,0.0,0.0,0.0,0.0,0.0,0.0,0.0
16306458188,0,0.023536840453743935,-0.0304567813873291,-0.18393351137638092,6.569455581484362e-05,-0.04113857448101044,-0.8442511558532715,-0.005797794554382563,0.05030733346939087,-0.09789853543043137,-0.04694252833724022,-0.021363692358136177,-0.5,-0.02359706535935402,-0.019563883543014526,0.07039535045623779,0.0,0.0,-0.0047828578390181065,0.1273721605539322,0.05002087727189064,0.03339686244726181,0.17551450431346893,0.15754060447216034,-0.0904083251953125,-0.61251300573349,-0.6674773693084717,-45.559391021728516,-0.002901841187849641,0.08401422947645187,-0.016570746898651123,-0.0766017735004425,-0.05076759681105614,-0.1814371794462204,0.08310025930404663,11.95238971710205,10.826225280761719,11.666509628295898,11.125848770141602,-0.04139648377895355,-0.009199218824505806,0.027597656473517418,-0.006132812704890966,0.0,-0.044843509793281555,-0.005895895883440971,0.03165847808122635,-0.009230494499206543,0.0,-0.296230673789978,-0.5733615756034851,-9.51783275604248,-0.10910329967737198,-0.11174405366182327,-8.241581916809082,0.0,0.0,0.0,0.0,0.0,0.0,0.0,0.0,0.0,0.0,0.0,0.0,-0.04383404552936554,-0.007220303639769554,0.0328570231795311,-0.007662237621843815,0.2797499895095825,0.25762608647346497,0.27415838837623596,0.26353758573532104,3.150177478790283,1.1379117965698242,0.018966717645525932,0.0,0.0,0.0,0.0,0.0,0.0,0.0
16316456811,0,0.023549553006887436,-0.028330015018582344,-0.18546977639198303,6.569455581484362e-05,-0.04113857448101044,-0.8442511558532715,-0.004790181294083595,0.04972301423549652,-0.09394855052232742,-0.04696795344352722,-0.025617247447371483,-0.5,-0.020454123616218567,-0.01879183202981949,0.07080724090337753,0.0,0.0,-0.0047828578390181065,0.1273721605539322,0.05002087727189064,0.03339686244726181,0.15597209334373474,0.14541421830654144,-0.09058026969432831,-0.61251300573349,-0.6674773693084717,-45.559391021728516,-0.002901841187849641,0.08401422947645187,-0.016570746898651123,-0.0766017735004425,-0.05076759681105614,-0.1814371794462204,0.08310025930404663,11.95238971710205,10.826225280761719,11.666509628295898,11.125848770141602,-0.039863280951976776,-0.009199218824505806,0.03066406212747097,-0.0076660155318677425,0.0,-0.044843509793281555,-0.005895895883440971,0.03165847808122635,-0.009230494499206543,0.0,-0.296230673789978,-0.5733615756034851,-9.51783275604248,-0.11136600375175476,-0.12135951966047287,-8.283525466918945,0.0,0.0,0.0,0.0,0.0,0.0,0.0,0.0,0.0,0.0,0.0,0.0,-0.04426915943622589,-0.006597450934350491,0.03266814723610878,-0.008390212431550026,0.2797499895095825,0.25762608647346497,0.27415838837623596,0.26353758573532104,3.150177478790283,1.1379117965698242,0.018966717645525932,0.0,0.0,0.0,0.0,0.0,0.0,0.0
16326626770,0,0.023549553006887436,-0.028330015018582344,-0.18546977639198303,6.569455581484362e-05,-0.04113857448101044,-0.8442511558532715,-0.004790181294083595,0.04972301423549652,-0.09394855052232742,-0.04696795344352722,-0.025617247447371483,-0.5,-0.020454123616218567,-0.01879183202981949,0.07080724090337753,0.0,0.0,-0.0047828578390181065,0.1527390480041504,0.058471716940402985,0.033604223281145096,0.15597209334373474,0.14541421830654144,-0.09058026969432831,-0.6046730875968933,-0.7952259182929993,-45.43011474609375,-0.036629509180784225,0.07124694436788559,-0.016499511897563934,-0.07705390453338623,-0.050346679985523224,-0.1796315312385559,0.08331568539142609,11.848716735839844,10.762782096862793,11.70317554473877,11.128206253051758,-0.04139648377895355,-0.010732421651482582,0.032197266817092896,-0.009199218824505806,0.0,-0.04885958880186081,-0.001522244419902563,0.03514169901609421,-0.01358075626194477,0.0,-0.20539826154708862,0.3145696818828583,-10.083298683166504,-0.11136600375175476,-0.12135951966047287,-8.283525466918945,0.0,0.0,0.0,0.0,0.0,0.0,0.0,0.0,0.0,0.0,0.0,0.0,-0.04477440565824509,-0.005959903821349144,0.03254963457584381,-0.009103978984057903,0.2777242660522461,0.2563720941543579,0.27487632632255554,0.26358404755592346,2.779470205307007,1.0350078344345093,0.037291478365659714,0.0,0.0,0.0,0.0,0.0,0.0,0.0
16336202405,0,0.02347227931022644,-0.026141731068491936,-0.18701684474945068,6.569455581484362e-05,-0.04113857448101044,-0.8442511558532715,-0.0035412448924034834,0.06470677256584167,-0.10222569108009338,-0.04681340605020523,-0.02999383769929409,-0.5,-0.016661055386066437,-0.01729440689086914,0.07117842137813568,0.0,0.0,-0.0047828578390181065,0.17717285454273224,0.06148704141378403,0.03419877588748932,0.1303391307592392,0.13948608934879303,-0.09097057580947876,-0.632260262966156,-0.8980831503868103,-45.27656936645508,-0.07716547697782516,0.06711791455745697,-0.016881294548511505,-0.07743650674819946,-0.050346679985523224,-0.1796315312385559,0.08331568539142609,11.75243854522705,10.65865707397461,11.742916107177734,11.136137962341309,-0.04139648377895355,-0.010732421651482582,0.03373046964406967,-0.010732421651482582,0.0,-0.05322498083114624,0.0009206183603964746,0.03891736641526222,-0.015998389571905136,0.0,0.18346728384494781,-0.4802999496459961,-9.759966850280762,-0.11495640873908997,-0.16328784823417664,-8.23210334777832,0.0,0.0,0.0,0.0,0.0,0.0,0.0,0.0,0.0,0.0,0.0,0.0,-0.0457928329706192,-0.004916551988571882,0.032983146607875824,-0.010191950015723705,0.2777242660522461,0.2563720941543579,0.27487632632255554,0.26358404755592346,2.706125020980835,0.7745839357376099,0.06017429381608963,0.0,0.0,0.0,0.0,0.0,0.0,0.0
16346366051,0,0.02347227931022644,-0.026141731068491936,-0.18701684474945068,6.569455581484362e-05,-0.04113857448101044,-0.8442511558532715,-0.0035412448924034834,0.06470677256584167,-0.10222569108009338,-0.04681340605020523,-0.02999383769929409,-0.5,-0.016661055386066437,-0.01729440689086914,0.07117842137813568,0.0,0.0,-0.0047828578390181065,0.20891492068767548,0.06294358521699905,0.03531030938029289,0.1303391307592392,0.13948608934879303,-0.09097057580947876,-0.6645016074180603,-0.8931097984313965,-45.29869842529297,-0.1299103945493698,0.06485611945390701,-0.017648376524448395,-0.07787782698869705,-0.04828350618481636,-0.1760483831167221,0.08376121520996094,11.694087982177734,10.567292213439941,11.852157592773438,11.200227737426758,-0.04292968660593033,-0.009199218824505806,0.03373046964406967,-0.012265625409781933,0.0,-0.054357532411813736,-0.0003619287454057485,0.03933199495077133,-0.014774794690310955,0.0,-0.5312367677688599,-0.5224977135658264,-9.797186851501465,-0.11495640873908997,-0.16328784823417664,-8.23210334777832,0.0,0.0,0.0,0.0,0.0,0.0,0.0,0.0,0.0,0.0,0.0,0.0,-0.04751601070165634,-0.0034981623757630587,0.0341363288462162,-0.011630496941506863,0.274698406457901,0.25250253081321716,0.2777915596961975,0.26500222086906433,2.803966522216797,0.5323501229286194,0.0824107974767685,0.0,0.0,0.0,0.0,0.0,0.0,0.0
16356294079,0,0.02322615496814251,-0.022766143083572388,-0.18935219943523407,6.569455581484362e-05,-0.04113857448101044,-0.8442511558532715,-0.00830750446766615,0.053500670939683914,-0.0994638130068779,-0.04632115364074707,-0.03674504533410072,-0.5,-0.009853857569396496,-0.0146116241812706,0.07150095701217651,0.0,0.0,-0.0047828578390181065,0.20891492068767548,0.06294358521699905,0.03531030938029289,0.09637318551540375,0.12551599740982056,-0.09130807220935822,-0.6645016074180603,-0.8931097984313965,-45.29869842529297,-0.1299103945493698,0.06485611945390701,-0.017648376524448395,-0.07787782698869705,-0.04828350618481636,-0.1760483831167221,0.08376121520996094,11.694087982177734,10.567292213439941,11.852157592773438,11.200227737426758,-0.04292968660593033,-0.0076660155318677425,0.032197266817092896,-0.012265625409781933,0.0,-0.054357532411813736,-0.0003619287454057485,0.03933199495077133,-0.014774794690310955,0.0,-0.5312367677688599,-0.5224977135658264,-9.797186851501465,-0.1019856333732605,-0.1607096642255783,-8.273632049560547,0.0,0.0,0.0,0.0,0.0,0.0,0.0,0.0,0.0,0.0,0.0,0.0,-0.04957369714975357,-0.0021626949310302734,0.035643089562654495,-0.012974645011126995,0.274698406457901,0.25250253081321716,0.2777915596961975,0.26500222086906433,2.803966522216797,0.5323501229286194,0.0824107974767685,0.0,0.0,0.0,0.0,0.0,0.0,0.0
16367913765,0,0.02322615496814251,-0.022766143083572388,-0.18935219943523407,6.569455581484362e-05,-0.04113857448101044,-0.8442511558532715,-0.00830750446766615,0.053500670939683914,-0.0994638130068779,-0.04632115364074707,-0.03674504533410072,-0.5,-0.009853857569396496,-0.0146116241812706,0.07150095701217651,0.0,0.0,-0.0047828578390181065,0.26281148195266724,0.07454366981983185,0.03779081627726555,0.09637318551540375,0.12551599740982056,-0.09130807220935822,-0.5609209537506104,-0.8839031457901001,-45.504974365234375,-0.2301875650882721,0.0327286534011364,-0.019799180328845978,-0.07868477702140808,-0.04423234239220619,-0.1721048206090927,0.08426642417907715,11.596717834472656,10.459712982177734,12.1619234085083,11.303868293762207,-0.044462889432907104,-0.006132812704890966,0.032197266817092896,-0.013798828236758709,0.0,-0.051446668803691864,0.002740478841587901,0.03497655317187309,-0.017669063061475754,0.0,0.16410687565803528,-0.4554250240325928,-9.60372257232666,-0.1019856333732605,-0.1607096642255783,-8.273632049560547,0.0,0.0,0.0,0.0,0.0,0.0,0.0,0.0,0.0,0.0,0.0,0.0,-0.05133415386080742,-0.0010304857278242707,0.036863911896944046,-0.014101406559348106,0.2727906107902527,0.25036972761154175,0.2838381230831146,0.26704105734825134,2.499640703201294,0.5559508204460144,0.1428491175174713,0.0,0.0,0.0,0.0,0.0,0.0,0.0
16377161916,0,0.02322615496814251,-0.022766143083572388,-0.18935219943523407,6.569455581484362e-05,-0.04113857448101044,-0.8442511558532715,-0.00830750446766615,0.053500670939683914,-0.0994638130068779,-0.046065542846918106,-0.039014607667922974,-0.5,-0.009853857569396496,-0.0146116241812706,0.07150095701217651,0.0,0.0,-0.0047828578390181065,0.27263736724853516,0.06913150101900101,0.03801477327942848,0.09637318551540375,0.12551599740982056,-0.09130807220935822,-0.5937137603759766,-0.8281621336936951,-45.669612884521484,-0.2518485486507416,0.0403534434735775,-0.01894322782754898,-0.07911413908004761,-0.041462112218141556,-0.16992540657520294,0.08457817882299423,11.594955444335938,10.477206230163574,12.203831672668457,11.411595344543457,-0.04599609225988388,-0.006132812704890966,0.032197266817092896,-0.013798828236758709,0.0,-0.050794146955013275,-0.00029622690635733306,0.034152910113334656,-0.014799842610955238,0.0,-0.3094368278980255,-0.20273713767528534,-9.620586395263672,-0.1079479530453682,-0.1505749374628067,-8.303565979003906,0.0,0.0,0.0,0.0,0.0,0.0,0.0,0.0,0.0,0.0,0.0,0.0,-0.05232490971684456,-6.101415419834666e-05,0.03727898746728897,-0.015048010274767876,0.2727559804916382,0.2507166862487793,0.28465497493743896,0.26915809512138367,1.6626527309417725,0.06087237596511841,0.07701723277568817,0.0,0.0,0.0,0.0,0.0,0.0,0.0
16386148680,0,0.02295105531811714,-0.02047060616314411,-0.1908891797065735,6.569455581484362e-05,-0.04113857448101044,-0.8442511558532715,-0.007200677879154682,0.047789715230464935,-0.09466684609651566,-0.045770954340696335,-0.041336145251989365,-0.5,-0.004917789716273546,-0.013774764724075794,0.07167395204305649,0.0,0.0,-0.0047828578390181065,0.27864763140678406,0.05464436486363411,0.03352874144911766,0.02401510812342167,0.10553127527236938,-0.09174128621816635,-0.5549094080924988,-0.9976406097412109,-45.750030517578125,-0.2911280393600464,0.05251806974411011,-0.012545682489871979,-0.07990075647830963,-0.03557991236448288,-0.16601234674453735,0.08508119732141495,11.41279125213623,10.579386711120605,12.106423377990723,11.669700622558594,-0.04752929508686066,-0.006132812704890966,0.032197266817092896,-0.013798828236758709,0.0,-0.055734582245349884,0.0065864864736795425,0.03817583620548248,-0.020857039839029312,0.0,0.08599928021430969,-0.3753836452960968,-9.637060165405273,-0.10252209007740021,-0.16243323683738708,-8.317876815795898,0.0,0.0,0.0,0.0,0.0,0.0,0.0,0.0,0.0,0.0,0.0,0.0,-0.052787717431783676,0.0008299813489429653,0.03712986037135124,-0.015879560261964798,0.26918163895606995,0.2527422308921814,0.2827562987804413,0.2742207944393158,0.4845814108848572,-0.5225765705108643,-0.1543009877204895,0.0,0.0,0.0,0.0,0.0,0.0,0.0
16398352491,0,0.022553572431206703,-0.01804741844534874,-0.19240489602088928,6.569455581484362e-05,-0.04113857448101044,-0.8442511558532715,-0.0025815125554800034,0.057124972343444824,-0.09641312062740326,-0.04497598111629486,-0.0461825430393219,-0.5,0.0007640959229320288,-0.012835487723350525,0.07170891016721725,0.0,0.0,-0.0047828578390181065,0.27427008748054504,0.044204533100128174,0.03342309594154358,-0.010537638328969479,0.09634548425674438,-0.09177183359861374,-0.5549094080924988,-0.9976406097412109,-45.750030517578125,-0.2911280393600464,0.05251806974411011,-0.012545682489871979,-0.07990075647830963,-0.03557991236448288,-0.16601234674453735,0.08508119732141495,11.33677864074707,10.460814476013184,12.059528350830078,11.613788604736328,-0.04752929508686066,-0.006132812704890966,0.03373046964406967,-0.013798828236758709,0.0,-0.05610867962241173,0.006661140359938145,0.03832436352968216,-0.020957471802830696,0.0,0.08599928021430969,-0.3753836452960968,-9.637060165405273,-0.11147691309452057,-0.19494464993476868,-8.309488296508789,0.0,0.0,0.0,0.0,0.0,0.0,0.0,0.0,0.0,0.0,0.0,0.0,-0.05334845557808876,0.002016347600147128,0.03707079216837883,-0.016932209953665733,0.26918163895606995,0.2527422308921814,0.2827562987804413,0.2742207944393158,0.0021438312251120806,-0.7464264631271362,-0.0684346929192543,0.0,0.0,0.0,0.0,0.0,0.0,0.0
16406965919,0,0.022553572431206703,-0.01804741844534874,-0.19240489602088928,6.569455581484362e-05,-0.04113857448101044,-0.8442511558532715,-0.0025815125554800034,0.057124972343444824,-0.09641312062740326,-0.04454801231622696,-0.04860663041472435,-0.5,0.0007640959229320288,-0.012835487723350525,0.07170891016721725,0.0,0.0,-0.0047828578390181065,0.27427008748054504,0.044204533100128174,0.03342309594154358,-0.010537638328969479,0.09634548425674438,-0.09177183359861374,-0.5472307801246643,-1.2122818231582642,-45.451934814453125,-0.30613473057746887,0.058096881955862045,-0.013055764138698578,-0.0803149938583374,-0.03222876414656639,-0.16406604647636414,0.0852893739938736,11.33677864074707,10.460814476013184,12.059528350830078,11.613788604736328,-0.04599609225988388,-0.006132812704890966,0.03526367247104645,-0.015332031063735485,0.0,-0.06261428445577621,0.014132456853985786,0.04435979202389717,-0.027766259387135506,0.0,-0.27853116393089294,0.21983133256435394,-9.895977020263672,-0.0994965061545372,-0.2204148769378662,-8.263988494873047,0.0,0.0,0.0,0.0,0.0,0.0,0.0,0.0,0.0,0.0,0.0,0.0,-0.05441642925143242,0.003798128804191947,0.03754463791847229,-0.01850215531885624,0.26768818497657776,0.25039148330688477,0.2818414866924286,0.27312517166137695,0.0021438312251120806,-0.7464264631271362,-0.0684346929192543,0.0,0.0,0.0,0.0,0.0,0.0,0.0
16416581567,0,0.022339588031172752,-0.016835380345582962,-0.1931668072938919,6.569455581484362e-05,-0.04113857448101044,-0.8442511558532715,-0.00869852863252163,0.0660252496600151,-0.10284087061882019,-0.04454801231622696,-0.04860663041472435,-0.5,0.003100290661677718,-0.012290342710912228,0.07173465192317963,0.0,0.0,-0.0047828578390181065,0.27055537700653076,0.025287827476859093,0.03601592034101486,-0.03184320405125618,0.09483715146780014,-0.09198370575904846,-0.563179075717926,-1.2879159450531006,-45.483619689941406,-0.30613473057746887,0.058096881955862045,-0.013055764138698578,-0.0803149938583374,-0.03222876414656639,-0.16406604647636414,0.0852893739938736,11.442887306213379,10.324995994567871,12.132055282592773,11.603384017944336,-0.04599609225988388,-0.004599609412252903,0.036796875298023224,-0.016865234822034836,0.0,-0.0648682713508606,0.01636240817606449,0.046766091138124466,-0.029610520228743553,0.0,-0.27853116393089294,0.21983133256435394,-9.895977020263672,-0.0994965061545372,-0.2204148769378662,-8.263988494873047,0.0,0.0,0.0,0.0,0.0,0.0,0.0,0.0,0.0,0.0,0.0,0.0,-0.05625826120376587,0.006339600775390863,0.03886784613132477,-0.020754728466272354,0.26768818497657776,0.25039148330688477,0.2818414866924286,0.27312517166137695,-0.26455625891685486,-1.2676295042037964,0.08953849971294403,0.0,0.0,0.0,0.0,0.0,0.0,0.0
16426074632,0,0.022339588031172752,-0.016835380345582962,-0.1931668072938919,6.569455581484362e-05,-0.04113857448101044,-0.8442511558532715,-0.00869852863252163,0.0660252496600151,-0.10284087061882019,-0.04454801231622696,-0.04860663041472435,-0.5,0.003100290661677718,-0.012290342710912228,0.07173465192317963,0.0,0.0,-0.0047828578390181065,0.2643944323062897,-0.0013536147307604551,0.03737937659025192,-0.03184320405125618,0.09483715146780014,-0.09198370575904846,-0.5295088887214661,-1.2150481939315796,-45.56245422363281,-0.3325158953666687,0.12100610882043839,-0.01743166148662567,-0.08106783032417297,-0.025619594380259514,-0.16106370091438293,0.08576709032058716,11.532698631286621,10.240788459777832,12.13942813873291,11.670099258422852,-0.04752929508686066,-0.004599609412252903,0.036796875298023224,-0.018398437649011612,0.0,-0.06116095930337906,0.01506362296640873,0.04356418550014496,-0.0283233392983675,0.0,-0.29139256477355957,-0.5689012408256531,-9.50644302368164,-0.0994965061545372,-0.2204148769378662,-8.263988494873047,0.0,0.0,0.0,0.0,0.0,0.0,0.0,0.0,0.0,0.0,0.0,0.0,-0.05847786366939545,0.009276220574975014,0.040717341005802155,-0.02335224486887455,0.2715352773666382,0.24602188169956207,0.2833998501300812,0.274228572845459,-0.49331822991371155,-2.0112335681915283,0.1239282488822937,0.0,0.0,0.0,0.0,0.0,0.0,0.0
16437246801,0,0.02161368541419506,-0.01311036292463541,-0.19537048041820526,6.569455581484362e-05,-0.04113857448101044,-0.8442511558532715,-0.012038072571158409,0.06009507179260254,-0.09905324131250381,-0.04309619963169098,-0.05605670437216759,-0.5,0.009154369123280048,-0.01226959191262722,0.07208231836557388,0.0,0.0,-0.0047828578390181065,0.2643944323062897,-0.0013536147307604551,0.03737937659025192,-0.07426493614912033,0.09641274809837341,-0.09229924529790878,-0.4865596890449524,-1.2165178060531616,-45.81081771850586,-0.27758654952049255,0.1700766235589981,-0.019840016961097717,-0.08186308294534683,-0.018809078261256218,-0.1592906415462494,0.08637489378452301,11.814678192138672,10.25146484375,12.102800369262695,11.663528442382812,-0.04906250163912773,-0.003066406352445483,0.036796875298023224,-0.019931640475988388,0.0,-0.05852934345602989,0.016495710238814354,0.04241175577044487,-0.029760470613837242,0.0,-0.29139256477355957,-0.5689012408256531,-9.50644302368164,-0.09043997526168823,-0.22928529977798462,-8.310317993164062,0.0,0.0,0.0,0.0,0.0,0.0,0.0,0.0,0.0,0.0,0.0,0.0,-0.06011421978473663,0.011914399452507496,0.04224681109189987,-0.02567271515727043,0.277058482170105,0.24623402953147888,0.28268542885780334,0.2740999460220337,-0.49331822991371155,-2.0112335681915283,0.1239282488822937,0.0,0.0,0.0,0.0,0.0,0.0,0.0
16446031511,0,0.02109779790043831,-0.01063790824264288,-0.1968873292207718,6.569455581484362e-05,-0.04113857448101044,-0.8442511558532715,-0.011701468378305435,0.05160694941878319,-0.09697943925857544,-0.042064420878887177,-0.06100163608789444,-0.5,0.012318182736635208,-0.013456938788294792,0.07241874933242798,0.0,0.0,-0.0047828578390181065,0.16426075994968414,-0.058032069355249405,0.042444877326488495,-0.09956426918506622,0.10545772314071655,-0.09273380786180496,-0.4865596890449524,-1.2165178060531616,-45.81081771850586,-0.27758654952049255,0.1700766235589981,-0.019840016961097717,-0.08186308294534683,-0.018809078261256218,-0.1592906415462494,0.08637489378452301,11.814678192138672,10.25146484375,12.102800369262695,11.663528442382812,-0.04906250163912773,-0.0015332031762227416,0.036796875298023224,-0.02299804612994194,0.0,-0.05852934345602989,0.016495710238814354,0.04241175577044487,-0.029760470613837242,0.0,0.13727150857448578,-0.2165253460407257,-9.917506217956543,-0.08970214426517487,-0.2250734120607376,-8.33376407623291,0.0,0.0,0.0,0.0,0.0,0.0,0.0,0.0,0.0,0.0,0.0,0.0,-0.06074794754385948,0.013991200365126133,0.043082620948553085,-0.027501951903104782,0.277058482170105,0.24623402953147888,0.28268542885780334,0.2740999460220337,-3.2928287982940674,-1.7563928365707397,0.21771828830242157,0.0,0.0,0.0,0.0,0.0,0.0,0.0
16456156123,0,0.02109779790043831,-0.01063790824264288,-0.1968873292207718,6.569455581484362e-05,-0.04113857448101044,-0.8442511558532715,-0.011701468378305435,0.05160694941878319,-0.09697943925857544,-0.04151534289121628,-0.06334958225488663,-0.5,0.012318182736635208,-0.013456938788294792,0.07241874933242798,0.0,0.0,-0.0047828578390181065,0.16426075994968414,-0.058032069355249405,0.042444877326488495,-0.09956426918506622,0.10545772314071655,-0.09273380786180496,-0.49336180090904236,-1.2379037141799927,-45.83570098876953,-0.2319352626800537,0.1803542673587799,-0.021259695291519165,-0.08220065385103226,-0.016371022909879684,-0.15887664258480072,0.08668327331542969,11.94239330291748,10.2767972946167,12.059391021728516,11.580005645751953,-0.04906250163912773,-0.0015332031762227416,0.036796875298023224,-0.02299804612994194,0.0,-0.05876940116286278,0.016921138390898705,0.043361227959394455,-0.030452348291873932,0.0,-0.1420903205871582,0.08167251944541931,-10.143898010253906,-0.08809567242860794,-0.2385413944721222,-8.323537826538086,0.0,0.0,0.0,0.0,0.0,0.0,0.0,0.0,0.0,0.0,0.0,0.0,-0.060661301016807556,0.015494373627007008,0.043413691222667694,-0.028850268572568893,0.27955496311187744,0.24673762917518616,0.2818388342857361,0.27246296405792236,-3.2928287982940674,-1.7563928365707397,0.21771828830242157,0.0,0.0,0.0,0.0,0.0,0.0,0.0
16466280821,0,0.02082326076924801,-0.009463942609727383,-0.1976623684167862,6.569455581484362e-05,-0.04113857448101044,-0.8442511558532715,-0.012633317150175571,0.0554887130856514,-0.09872518479824066,-0.04151534289121628,-0.06334958225488663,-0.5,0.013279377482831478,-0.01400068961083889,0.07249782234430313,0.0,0.0,-0.0047828578390181065,0.0833955779671669,-0.08006272464990616,0.03662296012043953,-0.10727238655090332,0.10966034978628159,-0.09284034371376038,-0.48146718740463257,-1.4337078332901,-45.71266555786133,-0.16061492264270782,0.2132117599248886,-0.012112140655517578,-0.08292778581380844,-0.012486020103096962,-0.15850350260734558,0.08731645345687866,11.843897819519043,10.534523963928223,11.640174865722656,11.718576431274414,-0.04906250163912773,0.0,0.038330078125,-0.02299804612994194,0.0,-0.06482605636119843,0.023404141888022423,0.05044827610254288,-0.03642943501472473,0.0,-0.22581776976585388,-0.32230961322784424,-9.726114273071289,-0.08809567242860794,-0.2385413944721222,-8.323537826538086,0.0,0.0,0.0,0.0,0.0,0.0,0.0,0.0,0.0,0.0,0.0,0.0,-0.0605379119515419,0.016776377335190773,0.043849971145391464,-0.030052829533815384,0.2776298522949219,0.25185295939445496,0.27364233136177063,0.27517780661582947,-3.7113733291625977,-1.402990460395813,-0.17915497720241547,0.0,0.0,0.0,0.0,0.0,0.0,0.0
16476874470,0,0.020277082920074463,-0.007163885980844498,-0.19921697676181793,6.569455581484362e-05,-0.04113857448101044,-0.8442511558532715,-0.012791036628186703,0.06464304774999619,-0.10047660022974014,-0.04042297974228859,-0.06794971972703934,-0.5,0.014150162227451801,-0.015203194692730904,0.07218816131353378,0.0,0.0,-0.0047828578390181065,0.048038847744464874,-0.09286455065011978,0.034888725727796555,-0.11433307081460953,0.11911913007497787,-0.09248567372560501,-0.48146718740463257,-1.4337078332901,-45.71266555786133,-0.16061492264270782,0.2132117599248886,-0.012112140655517578,-0.08292778581380844,-0.012486020103096962,-0.15850350260734558,0.08731645345687866,11.898249626159668,10.606070518493652,11.536469459533691,11.739832878112793,-0.04906250163912773,0.0015332031762227416,0.039863280951976776,-0.02299804612994194,0.0,-0.06452950835227966,0.023246238008141518,0.050902169197797775,-0.036363452672958374,0.0,-0.22581776976585388,-0.32230961322784424,-9.726114273071289,-0.08850177377462387,-0.2670653164386749,-8.319246292114258,0.0,0.0,0.0,0.0,0.0,0.0,0.0,0.0,0.0,0.0,0.0,0.0,-0.060975417494773865,0.01832352578639984,0.04497610032558441,-0.03154214099049568,0.2776298522949219,0.25185295939445496,0.27364233136177063,0.27517780661582947,-3.43802809715271,-1.3411239385604858,-0.1487068384885788,0.0,0.0,0.0,0.0,0.0,0.0,0.0
16486880067,0,0.020277082920074463,-0.007163885980844498,-0.19921697676181793,6.569455581484362e-05,-0.04113857448101044,-0.8442511558532715,-0.012791036628186703,0.06464304774999619,-0.10047660022974014,-0.04042297974228859,-0.06794971972703934,-0.5,0.014150162227451801,-0.015203194692730904,0.07218816131353378,0.0,0.0,-0.0047828578390181065,0.048038847744464874,-0.09286455065011978,0.034888725727796555,-0.11433307081460953,0.11911913007497787,-0.09248567372560501,-0.486759752035141,-1.4688591957092285,-45.755855560302734,-0.126641646027565,0.2313191145658493,-0.010697953402996063,-0.08331192284822464,-0.011050587520003319,-0.15863682329654694,0.0875561386346817,11.898249626159668,10.606070518493652,11.536469459533691,11.739832878112793,-0.04906250163912773,0.003066406352445483,0.039863280951976776,-0.024531250819563866,0.0,-0.0657690092921257,0.024202482774853706,0.05210704356431961,-0.03729887679219246,0.0,-0.26731303334236145,0.21325147151947021,-9.833924293518066,-0.08850177377462387,-0.2670653164386749,-8.319246292114258,0.0,0.0,0.0,0.0,0.0,0.0,0.0,0.0,0.0,0.0,0.0,0.0,-0.061917275190353394,0.020044203847646713,0.04665810987353325,-0.03321046009659767,0.278692364692688,0.25327068567276,0.27160927653312683,0.2755940854549408,-3.43802809715271,-1.3411239385604858,-0.1487068384885788,0.0,0.0,0.0,0.0,0.0,0.0,0.0
16496352601,0,0.019995922222733498,-0.006049653515219688,-0.2000053972005844,6.569455581484362e-05,-0.04113857448101044,-0.8442511558532715,-0.013609552755951881,0.06852371245622635,-0.10324342548847198,-0.03986065834760666,-0.07017818838357925,-0.5,0.013969110324978828,-0.01594558358192444,0.0721469447016716,0.0,0.0,-0.0047828578390181065,0.022472422569990158,-0.10083089023828506,0.03988581895828247,-0.1129830852150917,0.1250433325767517,-0.09244053810834885,-0.47937896847724915,-1.536474585533142,-45.66765213012695,-0.10568112134933472,0.2426784336566925,-0.017689287662506104,-0.08368894457817078,-0.011050587520003319,-0.15863682329654694,0.0875561386346817,12.101300239562988,10.423614501953125,11.63919734954834,11.528563499450684,-0.05059570446610451,0.004599609412252903,0.039863280951976776,-0.03066406212747097,0.0,-0.06646145135164261,0.027131488546729088,0.05344369634985924,-0.0403200127184391,0.0,-0.26731303334236145,0.21325147151947021,-9.833924293518066,-0.08715981245040894,-0.27935901284217834,-8.30320930480957,0.0,0.0,0.0,0.0,0.0,0.0,0.0,0.0,0.0,0.0,0.0,0.0,-0.0630660131573677,0.021748775616288185,0.048496898263692856,-0.034881602972745895,0.278692364692688,0.25327068567276,0.27160927653312683,0.2755940854549408,-2.8929026126861572,-1.090794324874878,0.1846657693386078,0.0,0.0,0.0,0.0,0.0,0.0,0.0
16506058556,0,0.019995922222733498,-0.006049653515219688,-0.2000053972005844,6.569455581484362e-05,-0.04113857448101044,-0.8442511558532715,-0.013609552755951881,0.06852371245622635,-0.10324342548847198,-0.03986065834760666,-0.07017818838357925,-0.5,0.013969110324978828,-0.01594558358192444,0.0721469447016716,0.0,0.0,-0.0047828578390181065,-0.004948836285620928,-0.10682463645935059,0.04369834437966347,-0.1129830852150917,0.1250433325767517,-0.09244053810834885,-0.4839581251144409,-1.5627532005310059,-45.483219146728516,-0.0778467059135437,0.2546369135379791,-0.021400660276412964,-0.08406291157007217,-0.009144509211182594,-0.15947070717811584,0.08818911761045456,12.20969295501709,10.309110641479492,11.625297546386719,11.365612983703613,-0.05059570446610451,0.004599609412252903,0.039863280951976776,-0.03373046964406967,0.0,-0.06679946184158325,0.028137942776083946,0.054412465542554855,-0.04160979017615318,0.0,-0.28742504119873047,-0.3537892997264862,-10.017657279968262,-0.08715981245040894,-0.27935901284217834,-8.30320930480957,0.0,0.0,0.0,0.0,0.0,0.0,0.0,0.0,0.0,0.0,0.0,0.0,-0.06424117088317871,0.023491671308875084,0.0502970814704895,-0.0366271547973156,0.2847691476345062,0.2473798543214798,0.27335089445114136,0.2682548761367798,-2.710805654525757,-0.8495463132858276,0.27489811182022095,0.0,0.0,0.0,0.0,0.0,0.0,0.0
16516302596,0,0.01939685270190239,-0.0038593693170696497,-0.20161624252796173,6.569455581484362e-05,-0.04113857448101044,-0.8442511558532715,-0.014273352921009064,0.06002124398946762,-0.11307018995285034,-0.038662511855363846,-0.07455877959728241,-0.5,0.0135519839823246,-0.01773669198155403,0.07281696796417236,0.0,0.0,-0.0047828578390181065,-0.07223373651504517,-0.11893247067928314,0.02103312499821186,-0.10990360379219055,0.13931682705879211,-0.0932544469833374,-0.45952531695365906,-1.555389404296875,-45.19377899169922,0.00467216782271862,0.28200244903564453,0.007355496287345886,-0.08474843204021454,-0.008690116927027702,-0.16084107756614685,0.08856746554374695,11.584102630615234,11.042886734008789,10.66744613647461,11.925443649291992,-0.05059570446610451,0.006132812704890966,0.04292968660593033,-0.03526367247104645,0.0,-0.06950440257787704,0.026746967807412148,0.0581781268119812,-0.04022439941763878,0.0,-0.14034707844257355,-0.5741780996322632,-9.767810821533203,-0.08417525887489319,-0.27101755142211914,-8.243128776550293,0.0,0.0,0.0,0.0,0.0,0.0,0.0,0.0,0.0,0.0,0.0,0.0,-0.0654003918170929,0.025095613673329353,0.05207085981965065,-0.03828165680170059,0.27254340052604675,0.2619026005268097,0.2544860541820526,0.2792237401008606,-3.3142170906066895,-0.686323344707489,-0.8235065340995789,0.0,0.0,0.0,0.0,0.0,0.0,0.0
16526219370,0,0.018495727330446243,-0.0009448934579268098,-0.20410451292991638,6.569455581484362e-05,-0.04113857448101044,-0.8442511558532715,-0.015712780877947807,0.054643936455249786,-0.12235679477453232,-0.036860253661870956,-0.08038776367902756,-0.5,0.010975119657814503,-0.02081448771059513,0.07224836945533752,0.0,0.0,-0.0047828578390181065,-0.10872504115104675,-0.12331464886665344,0.012611227110028267,-0.08978031575679779,0.1641092151403427,-0.09256444871425629,-0.4384754002094269,-1.488384485244751,-45.11522674560547,0.00467216782271862,0.28200244903564453,0.007355496287345886,-0.08474843204021454,-0.008690116927027702,-0.16084107756614685,0.08856746554374695,11.498784065246582,11.255390167236328,10.369551658630371,12.020401000976562,-0.04906250163912773,0.009199218824505806,0.04599609225988388,-0.03526367247104645,0.0,-0.06730711460113525,0.024797871708869934,0.0568440742790699,-0.038553740829229355,0.0,-0.14034707844257355,-0.5741780996322632,-9.767810821533203,-0.0797227993607521,-0.2706153690814972,-8.202768325805664,0.0,0.0,0.0,0.0,0.0,0.0,0.0,0.0,0.0,0.0,0.0,0.0,-0.0665016621351242,0.02616342529654503,0.053834930062294006,-0.039440687745809555,0.27254340052604675,0.2619026005268097,0.2544860541820526,0.2792237401008606,-3.3913283348083496,-0.5163367390632629,-0.7769684195518494,0.0,0.0,0.0,0.0,0.0,0.0,0.0
16536546529,0,0.018495727330446243,-0.0009448934579268098,-0.20410451292991638,6.569455581484362e-05,-0.04113857448101044,-0.8442511558532715,-0.015712780877947807,0.054643936455249786,-0.12235679477453232,-0.03624870255589485,-0.08209668099880219,-0.5,0.010975119657814503,-0.02081448771059513,0.07224836945533752,0.0,0.0,-0.0047828578390181065,-0.10872504115104675,-0.12331464886665344,0.012611227110028267,-0.08978031575679779,0.1641092151403427,-0.09256444871425629,-0.4384754002094269,-1.488384485244751,-45.11522674560547,0.05848062410950661,0.29823553562164307,0.014246471226215363,-0.08509614318609238,-0.009180411696434021,-0.16183066368103027,0.08841181546449661,11.498784065246582,11.255390167236328,10.369551658630371,12.020401000976562,-0.04752929508686066,0.010732421651482582,0.04906250163912773,-0.03526367247104645,0.0,-0.06734005361795425,0.024764280766248703,0.05680755898356438,-0.03858520835638046,0.0,-0.2143317013978958,-0.334651917219162,-9.51254940032959,-0.07173730432987213,-0.27112528681755066,-8.217264175415039,0.0,0.0,0.0,0.0,0.0,0.0,0.0,0.0,0.0,0.0,0.0,0.0,-0.06729479879140854,0.026524970307946205,0.055317651480436325,-0.039925575256347656,0.27086973190307617,0.2660875916481018,0.24858032166957855,0.2810779809951782,-3.3913283348083496,-0.5163367390632629,-0.7769684195518494,0.0,0.0,0.0,0.0,0.0,0.0,0.0
16547610779,0,0.01818995364010334,-9.044029866345227e-05,-0.2049369215965271,6.569455581484362e-05,-0.04113857448101044,-0.8442511558532715,-0.019497346132993698,0.053380656987428665,-0.12194051593542099,-0.03624870255589485,-0.08209668099880219,-0.5,0.009435995481908321,-0.021766310557723045,0.07206399738788605,0.0,0.0,-0.0047828578390181065,-0.16348223388195038,-0.12871845066547394,0.03461074456572533,-0.07765673100948334,0.17186616361141205,-0.09232930839061737,-0.4074699878692627,-1.4398353099822998,-45.47950744628906,0.14269115030765533,0.3231801390647888,-0.016517847776412964,-0.08569145947694778,-0.011332460679113865,-0.16401135921478271,0.0883525013923645,12.529677391052246,10.667132377624512,11.062267303466797,11.254023551940918,-0.04906250163912773,0.013798828236758709,0.04906250163912773,-0.036796875298023224,0.0,-0.059594959020614624,0.025487907230854034,0.05064220353960991,-0.04072018712759018,0.0,-0.19158855080604553,-0.5520429015159607,-9.702900886535645,-0.07173730432987213,-0.27112528681755066,-8.217264175415039,0.0,0.0,0.0,0.0,0.0,0.0,0.0,0.0,0.0,0.0,0.0,0.0,-0.06733440607786179,0.02641282044351101,0.05603906139731407,-0.04001375660300255,0.2909923195838928,0.25447961688041687,0.26228469610214233,0.2660607397556305,-3.0013158321380615,-0.3257456421852112,0.6568755507469177,0.0,0.0,0.0,0.0,0.0,0.0,0.0
16557732620,0,0.01818995364010334,-9.044029866345227e-05,-0.2049369215965271,6.569455581484362e-05,-0.04113857448101044,-0.8442511558532715,-0.019497346132993698,0.053380656987428665,-0.12194051593542099,-0.035005901008844376,-0.0850827544927597,-0.5,0.009435995481908321,-0.021766310557723045,0.07206399738788605,0.0,0.0,-0.0047828578390181065,-0.16348223388195038,-0.12871845066547394,0.03461074456572533,-0.07765673100948334,0.17186616361141205,-0.09232930839061737,-0.4074699878692627,-1.4398353099822998,-45.47950744628906,0.14269115030765533,0.3231801390647888,-0.016517847776412964,-0.08569145947694778,-0.011332460679113865,-0.16401135921478271,0.0883525013923645,12.529677391052246,10.667132377624512,11.062267303466797,11.254023551940918,-0.052128907293081284,0.013798828236758709,0.04599609225988388,-0.04139648377895355,0.0,-0.059594959020614624,0.025487907230854034,0.05064220353960991,-0.04072018712759018,0.0,-0.19158855080604553,-0.5520429015159607,-9.702900886535645,-0.08073552697896957,-0.2597775459289551,-8.306375503540039,0.0,0.0,0.0,0.0,0.0,0.0,0.0,0.0,0.0,0.0,0.0,0.0,-0.06628303974866867,0.026153605431318283,0.055682405829429626,-0.040088992565870285,0.2909923195838928,0.25447961688041687,0.26228469610214233,0.2660607397556305,-3.0013158321380615,-0.3257456421852112,0.6568755507469177,0.0,0.0,0.0,0.0,0.0,0.0,0.0
16566248222,0,0.0175685565918684,0.001402590423822403,-0.20667992532253265,6.569455581484362e-05,-0.04113857448101044,-0.8442511558532715,-0.01466304063796997,0.046094316989183426,-0.1124720573425293,-0.035005901008844376,-0.0850827544927597,-0.5,0.0060185641050338745,-0.02414736896753311,0.0725785419344902,0.0,0.0,-0.0047828578390181065,-0.16348223388195038,-0.12871845066547394,0.03461074456572533,-0.05080423876643181,0.1912042200565338,-0.09290999174118042,-0.4074699878692627,-1.4398353099822998,-45.47950744628906,0.14269115030765533,0.3231801390647888,-0.016517847776412964,-0.08569145947694778,-0.011332460679113865,-0.16401135921478271,0.0883525013923645,12.529677391052246,10.667132377624512,11.062267303466797,11.254023551940918,-0.05366211012005806,0.013798828236758709,0.04752929508686066,-0.044462889432907104,0.0,-0.059594959020614624,0.025487907230854034,0.05064220353960991,-0.04072018712759018,0.0,-0.4900038540363312,-0.47402462363243103,-9.53828239440918,-0.08073552697896957,-0.2597775459289551,-8.306375503540039,0.0,0.0,0.0,0.0,0.0,0.0,0.0,0.0,0.0,0.0,0.0,0.0,-0.0645318329334259,0.025903277099132538,0.05457693710923195,-0.04024247080087662,0.2909923195838928,0.25447961688041687,0.26228469610214233,0.2660607397556305,-3.0013158321380615,-0.3257456421852112,0.6568755507469177,0.0,0.0,0.0,0.0,0.0,0.0,0.0
16577331553,0,0.017249349504709244,0.0020522959530353546,-0.2075568437576294,6.569455581484362e-05,-0.04113857448101044,-0.8442511558532715,-0.017932849004864693,0.04337548837065697,-0.11477778106927872,-0.034367483109235764,-0.0863821730017662,-0.5,0.004256737418472767,-0.025573886930942535,0.07292400300502777,0.0,0.0,-0.0047828578390181065,-0.20799462497234344,-0.13294745981693268,0.0503937266767025,-0.036990441381931305,0.20275676250457764,-0.0933019369840622,-0.40613171458244324,-1.4092756509780884,-45.619720458984375,0.2116011679172516,0.34636273980140686,-0.02766258269548416,-0.08628024160861969,-0.014941063709557056,-0.16672304272651672,0.08917289227247238,12.984099388122559,10.4938383102417,11.237150192260742,10.940411567687988,-0.052128907293081284,0.012265625409781933,0.04752929508686066,-0.044462889432907104,0.0,-0.056686289608478546,0.02486306056380272,0.048791561275720596,-0.04100150987505913,0.0,-0.09064386039972305,-0.4583083689212799,-9.67603874206543,-0.0738421306014061,-0.2562319338321686,-8.29449462890625,0.0,0.0,0.0,0.0,0.0,0.0,0.0,0.0,0.0,0.0,0.0,0.0,-0.06262540072202682,0.025674687698483467,0.05322181433439255,-0.040419090539216995,0.2997957468032837,0.2510465681552887,0.2657288610935211,0.25988107919692993,-2.572211265563965,-0.13392964005470276,0.5966812968254089,0.0,0.0,0.0,0.0,0.0,0.0,0.0
16586672189,0,0.017249349504709244,0.0020522959530353546,-0.2075568437576294,6.569455581484362e-05,-0.04113857448101044,-0.8442511558532715,-0.017932849004864693,0.04337548837065697,-0.11477778106927872,-0.034367483109235764,-0.0863821730017662,-0.5,0.004256737418472767,-0.025573886930942535,0.07292400300502777,0.0,0.0,-0.0047828578390181065,-0.22838005423545837,-0.13022629916667938,0.04690418764948845,-0.036990441381931305,0.20275676250457764,-0.0933019369840622,-0.4662274718284607,-1.4191256761550903,-45.38819885253906,0.24673369526863098,0.3513187766075134,-0.01989138126373291,-0.08660746365785599,-0.017448430880904198,-0.1683182716369629,0.08967453241348267,12.792972564697266,10.678215026855469,10.924118041992188,11.029688835144043,-0.05059570446610451,0.012265625409781933,0.05059570446610451,-0.04292968660593033,0.0,-0.059498339891433716,0.022736266255378723,0.05242498591542244,-0.03908982500433922,0.0,-0.13149213790893555,-0.2321973741054535,-9.80539321899414,-0.0738421306014061,-0.2562319338321686,-8.29449462890625,0.0,0.0,0.0,0.0,0.0,0.0,0.0,0.0,0.0,0.0,0.0,0.0,-0.06085577607154846,0.025343207642436028,0.05199083685874939,-0.04051225632429123,0.29609814286231995,0.25469908118247986,0.25955963134765625,0.2616424560546875,-2.3114945888519287,0.1087498888373375,0.10296814143657684,0.0,0.0,0.0,0.0,0.0,0.0,0.0
16596445380,0,0.016624826937913895,0.003184444271028042,-0.209371879696846,6.569455581484362e-05,-0.04113857448101044,-0.8442511558532715,-0.012283779680728912,0.04466924071311951,-0.12841925024986267,-0.03311843425035477,-0.08864648640155792,-0.5,0.00016229646280407906,-0.027953989803791046,0.07332684099674225,0.0,0.0,-0.0047828578390181065,-0.22838005423545837,-0.13022629916667938,0.04690418764948845,-0.004761302378028631,0.22217996418476105,-0.09372135996818542,-0.45647913217544556,-1.40047025680542,-45.06771469116211,0.2923153340816498,0.3502342700958252,-0.01633474975824356,-0.08721926808357239,-0.02295398898422718,-0.17133872210979462,0.09046215564012527,12.694198608398438,10.760139465332031,10.686870574951172,10.968945503234863,-0.04906250163912773,0.013798828236758709,0.052128907293081284,-0.04139648377895355,0.0,-0.05922183394432068,0.022208575159311295,0.052586592733860016,-0.03907977044582367,0.0,-0.6048689484596252,-0.2613506317138672,-9.424772262573242,-0.08438057452440262,-0.25974902510643005,-8.20330810546875,0.0,0.0,0.0,0.0,0.0,0.0,0.0,0.0,0.0,0.0,0.0,0.0,-0.05959248170256615,0.024772901087999344,0.0513053797185421,-0.04038332775235176,0.2941841185092926,0.25631964206695557,0.25487038493156433,0.2604442238807678,-2.3114945888519287,0.1087498888373375,0.10296814143657684,0.0,0.0,0.0,0.0,0.0,0.0,0.0
16606827441,0,0.01594557985663414,0.00408354215323925,-0.2111940234899521,6.569455581484362e-05,-0.04113857448101044,-0.8442511558532715,-0.010354021564126015,0.04335460439324379,-0.13265517354011536,-0.03175993263721466,-0.09044469147920609,-0.5,-0.004688647110015154,-0.029549308121204376,0.073543019592762,0.0,0.0,-0.0047828578390181065,-0.24607624113559723,-0.11068887263536453,0.04715467616915703,0.04145832359790802,0.2423446923494339,-0.093828946352005,-0.4765942692756653,-1.4151076078414917,-45.06229782104492,0.2923153340816498,0.3502342700958252,-0.01633474975824356,-0.08721926808357239,-0.02295398898422718,-0.17133872210979462,0.09046215564012527,12.770788192749023,10.72242546081543,10.72963809967041,10.880287170410156,-0.05059570446610451,0.015332031063735485,0.052128907293081284,-0.04139648377895355,0.0,-0.05983005464076996,0.02210603840649128,0.05352354794740677,-0.03922024741768837,0.0,-0.6048689484596252,-0.2613506317138672,-9.424772262573242,-0.08665350079536438,-0.2572923004627228,-8.193144798278809,0.0,0.0,0.0,0.0,0.0,0.0,0.0,0.0,0.0,0.0,0.0,0.0,-0.05894359201192856,0.02403884381055832,0.05124044790863991,-0.04008632153272629,0.2941841185092926,0.25631964206695557,0.25487038493156433,0.2604442238807678,-0.7159360647201538,0.6265290379524231,0.05041028559207916,0.0,0.0,0.0,0.0,0.0,0.0,0.0
16617486334,0,0.0151734109967947,0.004814553540199995,-0.21297310292720795,6.569455581484362e-05,-0.04113857448101044,-0.8442511558532715,-0.01565537601709366,0.02592894807457924,-0.12416747957468033,-0.030215583741664886,-0.09190671890974045,-0.5,-0.009437480941414833,-0.031232748180627823,0.07382474839687347,0.0,0.0,-0.0047828578390181065,-0.24607624113559723,-0.11068887263536453,0.04715467616915703,0.04145832359790802,0.2423446923494339,-0.093828946352005,-0.4765942692756653,-1.4151076078414917,-45.06229782104492,0.30629533529281616,0.34748393297195435,-0.01879826933145523,-0.08754783123731613,-0.02617661841213703,-0.17298553884029388,0.09089973568916321,12.770788192749023,10.72242546081543,10.72963809967041,10.880287170410156,-0.05366211012005806,0.018398437649011612,0.05059570446610451,-0.04139648377895355,0.0,-0.059858065098524094,0.022072719410061836,0.05349021777510643,-0.03925308957695961,0.0,-0.46973341703414917,-0.630321741104126,-9.178171157836914,-0.07255371659994125,-0.22300638258457184,-8.278702735900879,0.0,0.0,0.0,0.0,0.0,0.0,0.0,0.0,0.0,0.0,0.0,0.0,-0.058761272579431534,0.023324361070990562,0.05158504471182823,-0.03977546840906143,0.29566851258277893,0.25557392835617065,0.2557165324687958,0.2586941719055176,-0.7159360647201538,0.6265290379524231,0.05041028559207916,0.0,0.0,0.0,0.0,0.0,0.0,0.0
16626394771,0,0.0151734109967947,0.004814553540199995,-0.21297310292720795,6.569455581484362e-05,-0.04113857448101044,-0.8442511558532715,-0.01565537601709366,0.02592894807457924,-0.12416747957468033,-0.030215583741664886,-0.09190671890974045,-0.5,-0.009437480941414833,-0.031232748180627823,0.07382474839687347,0.0,0.0,-0.0047828578390181065,-0.24593676626682281,-0.10557585954666138,0.047899045050144196,0.07109502702951431,0.24943959712982178,-0.09413585811853409,-0.3990454375743866,-1.2265350818634033,-45.53286361694336,0.3251749575138092,0.35699373483657837,-0.01912439614534378,-0.08787745982408524,-0.02617661841213703,-0.17298553884029388,0.09089973568916321,12.940325736999512,10.84570026397705,10.812816619873047,10.975651741027832,-0.05366211012005806,0.018398437649011612,0.04906250163912773,-0.04139648377895355,0.0,-0.05181852728128433,0.018168820068240166,0.04433326795697212,-0.03536570444703102,0.0,-0.46973341703414917,-0.630321741104126,-9.178171157836914,-0.07255371659994125,-0.22300638258457184,-8.278702735900879,0.0,0.0,0.0,0.0,0.0,0.0,0.0,0.0,0.0,0.0,0.0,0.0,-0.058501824736595154,0.022563450038433075,0.051685184240341187,-0.03934534639120102,0.29566851258277893,0.25557392835617065,0.2557165324687958,0.2586941719055176,-0.42059198021888733,0.5765253901481628,0.01982409507036209,0.0,0.0,0.0,0.0,0.0,0.0,0.0
16636860720,0,0.0151734109967947,0.004814553540199995,-0.21297310292720795,6.569455581484362e-05,-0.04113857448101044,-0.8442511558532715,-0.01565537601709366,0.02592894807457924,-0.12416747957468033,-0.030215583741664886,-0.09190671890974045,-0.5,-0.009437480941414833,-0.031232748180627823,0.07382474839687347,0.0,0.0,-0.0047828578390181065,-0.24685579538345337,-0.10189907252788544,0.04424620419740677,0.07109502702951431,0.24943959712982178,-0.09413585811853409,-0.36654186248779297,-1.16753351688385,-45.88898468017578,0.346401572227478,0.35957977175712585,-0.014008626341819763,-0.08816064149141312,-0.03256934881210327,-0.17610368132591248,0.09173604100942612,12.936713218688965,11.091886520385742,10.738504409790039,11.162965774536133,-0.05366211012005806,0.018398437649011612,0.05059570446610451,-0.04292968660593033,0.0,-0.04935283958911896,0.016893021762371063,0.04159608110785484,-0.033959876745939255,0.0,-0.026250582188367844,-0.009122094139456749,-9.461726188659668,-0.07255371659994125,-0.22300638258457184,-8.278702735900879,0.0,0.0,0.0,0.0,0.0,0.0,0.0,0.0,0.0,0.0,0.0,0.0,-0.057398103177547455,0.02149953320622444,0.0506739616394043,-0.03851393237709999,0.29887962341308594,0.2628684937953949,0.2558917999267578,0.2642686665058136,-0.2926619052886963,0.5129076838493347,-0.19247840344905853,0.0,0.0,0.0,0.0,0.0,0.0,0.0
16646594402,0,0.014284905046224594,0.005302637815475464,-0.21466445922851562,6.569455581484362e-05,-0.04113857448101044,-0.8442511558532715,-0.017479173839092255,0.015492474660277367,-0.11060960590839386,-0.027520570904016495,-0.0932963639497757,-0.5,-0.013710696250200272,-0.033343784511089325,0.07410931587219238,0.0,0.0,-0.0047828578390181065,-0.24685579538345337,-0.10189907252788544,0.04424620419740677,0.07109502702951431,0.24943959712982178,-0.09413585811853409,-0.36654186248779297,-1.16753351688385,-45.88898468017578,0.346401572227478,0.35957977175712585,-0.014008626341819763,-0.08816064149141312,-0.03256934881210327,-0.17610368132591248,0.09173604100942612,12.936713218688965,11.091886520385742,10.738504409790039,11.162965774536133,-0.052128907293081284,0.015332031063735485,0.05059570446610451,-0.04139648377895355,0.0,-0.04935283958911896,0.016893021762371063,0.04159608110785484,-0.033959876745939255,0.0,-0.026250582188367844,-0.009122094139456749,-9.461726188659668,-0.0666179284453392,-0.20905713737010956,-8.395445823669434,0.0,0.0,0.0,0.0,0.0,0.0,0.0,0.0,0.0,0.0,0.0,0.0,-0.05548445135354996,0.020185112953186035,0.04862778261303902,-0.0373295359313488,0.29887962341308594,0.2628684937953949,0.2558917999267578,0.2642686665058136,-0.2926619052886963,0.5129076838493347,-0.19247840344905853,0.0,0.0,0.0,0.0,0.0,0.0,0.0
16656067875,0,0.013825911097228527,0.005509373266249895,-0.21547755599021912,6.569455581484362e-05,-0.04113857448101044,-0.8442511558532715,-0.017213942483067513,0.019719678908586502,-0.11053977161645889,-0.027520570904016495,-0.0932963639497757,-0.5,-0.015818661078810692,-0.034113794565200806,0.07417263090610504,0.0,0.0,-0.0047828578390181065,-0.24132126569747925,-0.08530999720096588,0.028023740276694298,0.12141898274421692,0.27314478158950806,-0.09440214931964874,-0.3663986027240753,-1.149814248085022,-46.17495346069336,0.37646734714508057,0.3574269711971283,0.003568612039089203,-0.08876144886016846,-0.03951675444841385,-0.17918767035007477,0.09212644398212433,12.612713813781738,11.654864311218262,10.327805519104004,11.623071670532227,-0.05059570446610451,0.015332031063735485,0.05059570446610451,-0.04139648377895355,0.0,-0.05017221346497536,0.015487668104469776,0.042575862258672714,-0.03213637322187424,0.0,-0.22628958523273468,-0.18663975596427917,-9.450355529785156,-0.0666179284453392,-0.20905713737010956,-8.395445823669434,0.0,0.0,0.0,0.0,0.0,0.0,0.0,0.0,0.0,0.0,0.0,0.0,-0.05344964563846588,0.01886635273694992,0.046369098126888275,-0.03604111820459366,0.292603999376297,0.27393025159835815,0.24775105714797974,0.27330711483955383,0.2767033278942108,0.6907246112823486,-0.660812497138977,0.0,0.0,0.0,0.0,0.0,0.0,0.0
16666243806,0,0.013825911097228527,0.005509373266249895,-0.21547755599021912,6.569455581484362e-05,-0.04113857448101044,-0.8442511558532715,-0.017213942483067513,0.019719678908586502,-0.11053977161645889,-0.027520570904016495,-0.0932963639497757,-0.5,-0.015818661078810692,-0.034113794565200806,0.07417263090610504,0.0,0.0,-0.0047828578390181065,-0.22866080701351166,-0.07595615833997726,0.021669995039701462,0.12141898274421692,0.27314478158950806,-0.09440214931964874,-0.40365147590637207,-1.135090947151184,-46.17909240722656,0.37576502561569214,0.3509770333766937,0.008271053433418274,-0.08906658738851547,-0.04337354749441147,-0.1808154135942459,0.09209642559289932,12.484267234802246,11.783050537109375,10.222110748291016,11.732220649719238,-0.05059570446610451,0.016865234822034836,0.05059570446610451,-0.039863280951976776,0.0,-0.0513542965054512,0.01373128779232502,0.04376384615898132,-0.030298518016934395,0.0,-0.3349449336528778,0.14368733763694763,-9.810702323913574,-0.0666179284453392,-0.20905713737010956,-8.395445823669434,0.0,0.0,0.0,0.0,0.0,0.0,0.0,0.0,0.0,0.0,0.0,0.0,-0.05186085402965546,0.017578117549419403,0.04456789791584015,-0.034686263650655746,0.29011040925979614,0.2764398157596588,0.24565045535564423,0.27544504404067993,0.8228418231010437,0.7438191175460815,-0.6203998923301697,0.0,0.0,0.0,0.0,0.0,0.0,0.0
16681072337,0,0.012950469739735126,0.005802591796964407,-0.21706154942512512,6.569455581484362e-05,-0.04113857448101044,-0.8442511558532715,-0.011143186129629612,0.021449362859129906,-0.11373509466648102,-0.025769678875803947,-0.09388279914855957,-0.5,-0.02010463923215866,-0.035217806696891785,0.07419843971729279,0.0,0.0,-0.0047828578390181065,-0.20034532248973846,-0.05471270531415939,0.026986408978700638,0.15533262491226196,0.2824590504169464,-0.09432938694953918,-0.4084094762802124,-1.087081789970398,-46.01036834716797,0.37599071860313416,0.3336534798145294,-0.0016359016299247742,-0.08963073045015335,-0.05087415874004364,-0.1838974803686142,0.09204041212797165,12.664179801940918,11.517998695373535,10.453492164611816,11.416620254516602,-0.052128907293081284,0.018398437649011612,0.05059570446610451,-0.038330078125,0.0,-0.049463607370853424,0.01237417757511139,0.04127173498272896,-0.029555218294262886,0.0,-0.331685870885849,-0.6384932398796082,-9.636128425598145,-0.07627514749765396,-0.21001176536083221,-8.376313209533691,0.0,0.0,0.0,0.0,0.0,0.0,0.0,0.0,0.0,0.0,0.0,0.0,-0.050844237208366394,0.016253123059868813,0.04336390271782875,-0.0332607626914978,0.29360231757164,0.27124693989753723,0.25024619698524475,0.26925674080848694,1.2465256452560425,0.8858981132507324,0.008867507800459862,0.0,0.0,0.0,0.0,0.0,0.0,0.0
16689175736,0,0.012008118443191051,0.0059508574195206165,-0.21863806247711182,6.569455581484362e-05,-0.04113857448101044,-0.8442511558532715,-0.009694390930235386,0.003541463054716587,-0.11456258594989777,-0.02388496696949005,-0.09417933225631714,-0.5,-0.024241814389824867,-0.035822875797748566,0.07449328154325485,0.0,0.0,-0.0047828578390181065,-0.1883750706911087,-0.04414147511124611,0.02852366864681244,0.18873663246631622,0.29284289479255676,-0.09457631409168243,-0.4032838046550751,-0.9457085728645325,-46.084449768066406,0.37599071860313416,0.3336534798145294,-0.0016359016299247742,-0.08963073045015335,-0.05087415874004364,-0.1838974803686142,0.09204041212797165,12.705962181091309,11.516883850097656,10.518933296203613,11.38312816619873,-0.05366211012005806,0.018398437649011612,0.04906250163912773,-0.038330078125,0.0,-0.04521981626749039,0.008192532695829868,0.03608716279268265,-0.025408828631043434,0.0,-0.331685870885849,-0.6384932398796082,-9.636128425598145,-0.07332433015108109,-0.17194701731204987,-8.37899112701416,0.0,0.0,0.0,0.0,0.0,0.0,0.0,0.0,0.0,0.0,0.0,0.0,-0.04998093098402023,0.014755402691662312,0.04226149618625641,-0.031718917191028595,0.29360231757164,0.27124693989753723,0.25024619698524475,0.26925674080848694,1.3386591672897339,0.9659394025802612,0.06157999485731125,0.0,0.0,0.0,0.0,0.0,0.0,0.0
16696590867,0,0.012008118443191051,0.0059508574195206165,-0.21863806247711182,6.569455581484362e-05,-0.04113857448101044,-0.8442511558532715,-0.009694390930235386,0.003541463054716587,-0.11456258594989777,-0.022898903116583824,-0.09422317892313004,-0.5,-0.024241814389824867,-0.035822875797748566,0.07449328154325485,0.0,0.0,-0.0047828578390181065,-0.1883750706911087,-0.04414147511124611,0.02852366864681244,0.18873663246631622,0.29284289479255676,-0.09457631409168243,-0.4032838046550751,-0.9457085728645325,-46.084449768066406,0.3775775134563446,0.32488393783569336,-0.003062903881072998,-0.08985958248376846,-0.05407550930976868,-0.18513090908527374,0.09207913279533386,12.705962181091309,11.516883850097656,10.518933296203613,11.38312816619873,-0.05366211012005806,0.016865234822034836,0.04752929508686066,-0.038330078125,0.0,-0.045239418745040894,0.008170930668711662,0.03606349974870682,-0.025430690497159958,0.0,-0.2717165946960449,-0.1836395412683487,-9.793703079223633,-0.06883568316698074,-0.1565062552690506,-8.39938735961914,0.0,0.0,0.0,0.0,0.0,0.0,0.0,0.0,0.0,0.0,0.0,0.0,-0.048874471336603165,0.01299968734383583,0.04081806540489197,-0.029988523572683334,0.2944122552871704,0.2712249457836151,0.25154396891593933,0.2685989737510681,1.3386591672897339,0.9659394025802612,0.06157999485731125,0.0,0.0,0.0,0.0,0.0,0.0,0.0
16706995635,0,0.011515088379383087,0.005972778424620628,-0.21942420303821564,6.569455581484362e-05,-0.04113857448101044,-0.8442511558532715,-0.010629148222506046,-0.0036630055401474237,-0.11256967484951019,-0.022898903116583824,-0.09422317892313004,-0.5,-0.026068974286317825,-0.036121170967817307,0.07450411468744278,0.0,0.0,-0.0047828578390181065,-0.1407517045736313,-0.01743493415415287,0.0282089002430439,0.2026340365409851,0.29406067728996277,-0.09471097588539124,-0.3785962462425232,-0.8607844114303589,-46.196632385253906,0.3775775134563446,0.32488393783569336,-0.003062903881072998,-0.08985958248376846,-0.05407550930976868,-0.18513090908527374,0.09207913279533386,12.689143180847168,11.550990104675293,10.581344604492188,11.415430068969727,-0.05059570446610451,0.016865234822034836,0.04752929508686066,-0.038330078125,0.0,-0.04224243015050888,0.006303034722805023,0.03218613564968109,-0.023492535576224327,0.0,-0.2717165946960449,-0.1836395412683487,-9.793703079223633,-0.06883568316698074,-0.1565062552690506,-8.39938735961914,0.0,0.0,0.0,0.0,0.0,0.0,0.0,0.0,0.0,0.0,0.0,0.0,-0.04752037301659584,0.011159995570778847,0.03905303776264191,-0.028206029906868935,0.2944122552871704,0.2712249457836151,0.25154396891593933,0.2685989737510681,2.1856813430786133,1.0886435508728027,-0.020403670147061348,0.0,0.0,0.0,0.0,0.0,0.0,0.0
16718449108,0,0.011515088379383087,0.005972778424620628,-0.21942420303821564,6.569455581484362e-05,-0.04113857448101044,-0.8442511558532715,-0.010629148222506046,-0.0036630055401474237,-0.11256967484951019,-0.0198616124689579,-0.09388456493616104,-0.5,-0.026068974286317825,-0.036121170967817307,0.07450411468744278,0.0,0.0,-0.0047828578390181065,-0.1407517045736313,-0.01743493415415287,0.0282089002430439,0.2026340365409851,0.29406067728996277,-0.09471097588539124,-0.33342254161834717,-0.6797974705696106,-46.354270935058594,0.3428970277309418,0.29937243461608887,-0.001789197325706482,-0.09037082642316818,-0.061128538101911545,-0.1876455694437027,0.09218386560678482,12.650416374206543,11.602424621582031,10.64693546295166,11.495607376098633,-0.04906250163912773,0.013798828236758709,0.04752929508686066,-0.036796875298023224,0.0,-0.036090169101953506,0.0020886105485260487,0.024422435089945793,-0.01919904351234436,0.0,0.03551843762397766,0.3335893750190735,-10.328145027160645,-0.061795081943273544,-0.12147340923547745,-8.404891014099121,0.0,0.0,0.0,0.0,0.0,0.0,0.0,0.0,0.0,0.0,0.0,0.0,-0.04573493078351021,0.009250720962882042,0.0367385596036911,-0.026350950822234154,0.29333528876304626,0.27290236949920654,0.25407975912094116,0.27080753445625305,2.1856813430786133,1.0886435508728027,-0.020403670147061348,0.0,0.0,0.0,0.0,0.0,0.0,0.0
16726403556,0,0.009996451437473297,0.005803472362458706,-0.22183863818645477,6.569455581484362e-05,-0.04113857448101044,-0.8442511558532715,-0.010189964435994625,-0.020016556605696678,-0.11320357024669647,-0.018828924745321274,-0.09363546967506409,-0.5,-0.029067138209939003,-0.03680204972624779,0.07493191212415695,0.0,0.0,-0.0047828578390181065,-0.1407517045736313,-0.01743493415415287,0.0282089002430439,0.22629627585411072,0.2962116301059723,-0.09498566389083862,-0.33342254161834717,-0.6797974705696106,-46.354270935058594,0.3428970277309418,0.29937243461608887,-0.001789197325706482,-0.09037082642316818,-0.061128538101911545,-0.1876455694437027,0.09218386560678482,12.650416374206543,11.602424621582031,10.64693546295166,11.495607376098633,-0.04906250163912773,0.012265625409781933,0.04599609225988388,-0.03526367247104645,0.0,-0.036090169101953506,0.0020886105485260487,0.024422435089945793,-0.01919904351234436,0.0,0.03551843762397766,0.3335893750190735,-10.328145027160645,-0.06874210387468338,-0.11631570011377335,-8.382269859313965,0.0,0.0,0.0,0.0,0.0,0.0,0.0,0.0,0.0,0.0,0.0,0.0,-0.04336092248558998,0.007184531074017286,0.03368576243519783,-0.024316946044564247,0.29333528876304626,0.27290236949920654,0.25407975912094116,0.27080753445625305,2.1856813430786133,1.0886435508728027,-0.020403670147061348,0.0,0.0,0.0,0.0,0.0,0.0,0.0
16736684260,0,0.009480109438300133,0.005678925197571516,-0.2226654291152954,6.569455581484362e-05,-0.04113857448101044,-0.8442511558532715,-0.005420144181698561,-0.02193060889840126,-0.11667676270008087,-0.018828924745321274,-0.09363546967506409,-0.5,-0.02977023273706436,-0.03682471066713333,0.07515262067317963,0.0,0.0,-0.0047828578390181065,-0.09601004421710968,-0.010743319056928158,0.030580323189496994,0.23186643421649933,0.2964913249015808,-0.0952339768409729,-0.3780815601348877,-0.6397363543510437,-46.10248565673828,0.31276175379753113,0.3049996793270111,-0.004827745258808136,-0.09081649780273438,-0.06680411100387573,-0.18972855806350708,0.09227196127176285,12.627028465270996,11.407934188842773,10.695892333984375,11.411900520324707,-0.04906250163912773,0.010732421651482582,0.04599609225988388,-0.03526367247104645,0.0,-0.036324262619018555,-0.0005438903463073075,0.024417346343398094,-0.016757195815443993,0.0,-0.101064532995224,-0.11952689290046692,-10.041752815246582,-0.06874210387468338,-0.11631570011377335,-8.382269859313965,0.0,0.0,0.0,0.0,0.0,0.0,0.0,0.0,0.0,0.0,0.0,0.0,-0.04086250439286232,0.005106575321406126,0.030474789440631866,-0.022259555757045746,0.29288169741630554,0.2690863609313965,0.2550489604473114,0.2691640853881836,2.172865152359009,0.38098329305648804,0.1076551154255867,0.0,0.0,0.0,0.0,0.0,0.0,0.0
16746415564,0,0.009480109438300133,0.005678925197571516,-0.2226654291152954,6.569455581484362e-05,-0.04113857448101044,-0.8442511558532715,-0.005420144181698561,-0.02193060889840126,-0.11667676270008087,-0.018828924745321274,-0.09363546967506409,-0.5,-0.02977023273706436,-0.03682471066713333,0.07515262067317963,0.0,0.0,-0.0047828578390181065,-0.08443869650363922,-0.00900082103908062,0.03198801726102829,0.23186643421649933,0.2964913249015808,-0.0952339768409729,-0.41394922137260437,-0.6452544927597046,-45.846519470214844,0.3114818334579468,0.30326592922210693,-0.0062042176723480225,-0.09101405739784241,-0.06926340609788895,-0.19074378907680511,0.09234409779310226,12.589873313903809,11.310843467712402,10.671630859375,11.3118896484375,-0.04906250163912773,0.010732421651482582,0.04599609225988388,-0.03373046964406967,0.0,-0.037611570209264755,-0.0015162046765908599,0.025824295356869698,-0.015975650399923325,0.0,-0.101064532995224,-0.11952689290046692,-10.041752815246582,-0.06874210387468338,-0.11631570011377335,-8.382269859313965,0.0,0.0,0.0,0.0,0.0,0.0,0.0,0.0,0.0,0.0,0.0,0.0,-0.038844913244247437,0.0031185343395918608,0.027842970564961433,-0.0203089639544487,0.29216083884239197,0.26717832684516907,0.2545686960220337,0.26719900965690613,1.818801999092102,0.265901654958725,0.14428040385246277,0.0,0.0,0.0,0.0,0.0,0.0,0.0
16773963741,0,0.008466746658086777,0.005268564913421869,-0.22438716888427734,6.569455581484362e-05,-0.04113857448101044,-0.8442511558532715,-0.0017460983945056796,-0.023019270971417427,-0.12733396887779236,-0.016802188009023666,-0.09281474351882935,-0.5,-0.031456004828214645,-0.03684946522116661,0.07558413594961166,0.0,0.0,-0.0047828578390181065,-0.08955082297325134,-0.015606348402798176,0.036337826400995255,0.2529807984828949,0.29692184925079346,-0.09581083059310913,-0.3941543698310852,-0.5182133913040161,-45.7142333984375,0.3504365086555481,0.31837934255599976,-0.010468557476997375,-0.09146053344011307,-0.07524743676185608,-0.19327065348625183,0.09260537475347519,12.747173309326172,11.205756187438965,10.660089492797852,11.13581657409668,-0.04906250163912773,0.010732421651482582,0.044462889432907104,-0.032197266817092896,0.0,-0.03311019390821457,-0.00495748408138752,0.020935416221618652,-0.012866504490375519,0.0,0.0470229908823967,0.17508254945278168,-10.060134887695312,-0.07109449058771133,-0.11172710359096527,-8.315439224243164,0.0,0.0,0.0,0.0,0.0,0.0,0.0,0.0,0.0,0.0,0.0,0.0,-0.037358008325099945,0.0011716580484062433,0.025885675102472305,-0.01844264753162861,0.2952108681201935,0.2651110589504242,0.25434035062789917,0.26373398303985596,0.3065308928489685,-0.34271082282066345,0.23739200830459595,0.0,0.0,0.0,0.0,0.0,0.0,0.0
16773996022,0,0.007401202339679003,0.004626295529305935,-0.2261391431093216,6.569455581484362e-05,-0.04113857448101044,-0.8442511558532715,-0.002844559494405985,-0.037042051553726196,-0.12603551149368286,-0.014671089127659798,-0.0915302038192749,-0.5,-0.03382130712270737,-0.03711186721920967,0.07620897144079208,0.0,0.0,-0.0047828578390181065,-0.08141108602285385,-0.024309223517775536,0.03992254287004471,0.2697184383869171,0.3025188148021698,-0.09659217298030853,-0.3941543698310852,-0.5182133913040161,-45.7142333984375,0.3504365086555481,0.31837934255599976,-0.010468557476997375,-0.09146053344011307,-0.07524743676185608,-0.19327065348625183,0.09260537475347519,12.747173309326172,11.205756187438965,10.660089492797852,11.13581657409668,-0.04599609225988388,0.009199218824505806,0.04292968660593033,-0.032197266817092896,0.0,-0.03311019390821457,-0.00495748408138752,0.020935416221618652,-0.012866504490375519,0.0,0.0470229908823967,0.17508254945278168,-10.060134887695312,-0.06276892870664597,-0.07990589737892151,-8.343688011169434,0.0,0.0,0.0,0.0,0.0,0.0,0.0,0.0,0.0,0.0,0.0,0.0,-0.036050546914339066,-0.0007580803940072656,0.024235129356384277,-0.01663925126194954,0.2952108681201935,0.2651110589504242,0.25434035062789917,0.26373398303985596,0.5702438950538635,-0.6286360621452332,0.29940086603164673,0.0,0.0,0.0,0.0,0.0,0.0,0.0
16782654052,0,0.007401202339679003,0.004626295529305935,-0.2261391431093216,6.569455581484362e-05,-0.04113857448101044,-0.8442511558532715,-0.002844559494405985,-0.037042051553726196,-0.12603551149368286,-0.014671089127659798,-0.0915302038192749,-0.5,-0.03382130712270737,-0.03711186721920967,0.07620897144079208,0.0,0.0,-0.0047828578390181065,-0.08141108602285385,-0.024309223517775536,0.03992254287004471,0.2697184383869171,0.3025188148021698,-0.09659217298030853,-0.27537065744400024,-0.34720540046691895,-45.985008239746094,0.3477569818496704,0.336374431848526,-0.014083407819271088,-0.09167934954166412,-0.07842779159545898,-0.19476960599422455,0.09282364696264267,12.929705619812012,11.150416374206543,10.794087409973145,11.145620346069336,-0.04292968660593033,0.006132812704890966,0.04139648377895355,-0.032197266817092896,0.0,-0.024733582511544228,-0.006659356411546469,0.01116026472300291,-0.011219787411391735,0.0,-0.04207787662744522,-0.02053426206111908,-9.936386108398438,-0.06276892870664597,-0.07990589737892151,-8.343688011169434,0.0,0.0,0.0,0.0,0.0,0.0,0.0,0.0,0.0,0.0,0.0,0.0,-0.03447851538658142,-0.0025605640839785337,0.022363537922501564,-0.014980178326368332,0.2987441122531891,0.2640216648578644,0.2569909691810608,0.26392701268196106,0.5702438950538635,-0.6286360621452332,0.29940086603164673,0.0,0.0,0.0,0.0,0.0,0.0,0.0
16786906021,0,0.006854679901152849,0.004277714528143406,-0.22702278196811676,6.569455581484362e-05,-0.04113857448101044,-0.8442511558532715,-0.007614207919687033,-0.0448685847222805,-0.12471692264080048,-0.013578038662672043,-0.09083303064107895,-0.5,-0.03461891785264015,-0.037287164479494095,0.07652272284030914,0.0,0.0,-0.0047828578390181065,-0.0619283989071846,-0.030278513208031654,0.04266928508877754,0.27204832434654236,0.3057788610458374,-0.09710244834423065,-0.26797550916671753,-0.256418913602829,-46.10558319091797,0.3216066360473633,0.34462639689445496,-0.01659727841615677,-0.09186704456806183,-0.07842779159545898,-0.19476960599422455,0.09282364696264267,12.995657920837402,11.064135551452637,10.91402530670166,11.165643692016602,-0.038330078125,0.0015332031762227416,0.039863280951976776,-0.03066406212747097,0.0,-0.021951928734779358,-0.009394578635692596,0.007838246412575245,-0.008577275089919567,0.0,-0.04207787662744522,-0.02053426206111908,-9.936386108398438,-0.050067391246557236,-0.06312825530767441,-8.360910415649414,0.0,0.0,0.0,0.0,0.0,0.0,0.0,0.0,0.0,0.0,0.0,0.0,-0.032165270298719406,-0.0042510563507676125,0.019673451781272888,-0.013424393720924854,0.2987441122531891,0.2640216648578644,0.2569909691810608,0.26392701268196106,1.2919023036956787,-0.6771410703659058,0.3241427540779114,0.0,0.0,0.0,0.0,0.0,0.0,0.0
16798641713,0,0.006854679901152849,0.004277714528143406,-0.22702278196811676,6.569455581484362e-05,-0.04113857448101044,-0.8442511558532715,-0.007614207919687033,-0.0448685847222805,-0.12471692264080048,-0.013578038662672043,-0.09083303064107895,-0.5,-0.03461891785264015,-0.037287164479494095,0.07652272284030914,0.0,0.0,-0.0047828578390181065,-0.030689727514982224,-0.02473469264805317,0.04524025321006775,0.27204832434654236,0.3057788610458374,-0.09710244834423065,-0.24567419290542603,-0.19494670629501343,-46.15840148925781,0.2798866033554077,0.3313336670398712,-0.018659397959709167,-0.0920875146985054,-0.08388885855674744,-0.19793570041656494,0.09337183833122253,12.975979804992676,10.981913566589355,11.062643051147461,11.170583724975586,-0.036796875298023224,-0.0015332031762227416,0.038330078125,-0.029130859300494194,0.0,-0.0197206512093544,-0.010747878812253475,0.005033890716731548,-0.00735511863604188,0.0,0.07397189736366272,0.4639943540096283,-10.031572341918945,-0.050067391246557236,-0.06312825530767441,-8.360910415649414,0.0,0.0,0.0,0.0,0.0,0.0,0.0,0.0,0.0,0.0,0.0,0.0,-0.02916833572089672,-0.005967830307781696,0.01619039848446846,-0.011830338276922703,0.29963868856430054,0.26070013642311096,0.2622922360897064,0.2644186317920685,2.1336655616760254,-0.1028057113289833,0.318109393119812,0.0,0.0,0.0,0.0,0.0,0.0,0.0
16807772532,0,0.00467641931027174,0.002806000644341111,-0.23070789873600006,6.569455581484362e-05,-0.04113857448101044,-0.8442511558532715,-0.0003585466183722019,-0.05627948418259621,-0.12134291976690292,-0.010344330221414566,-0.08861951529979706,-0.5,-0.03485458344221115,-0.03768305480480194,0.07810837030410767,0.0,0.0,-0.0047828578390181065,0.020515885204076767,-0.0020883441902697086,0.047399744391441345,0.27196791768074036,0.3041224181652069,-0.09864433854818344,-0.299101322889328,-0.18537837266921997,-46.219451904296875,0.22372978925704956,0.29611220955848694,-0.019244246184825897,-0.09250491112470627,-0.0882083922624588,-0.20086230337619781,0.09406186640262604,12.860245704650879,10.951192855834961,11.233104705810547,11.20228099822998,-0.036796875298023224,-0.0015332031762227416,0.03526367247104645,-0.027597656473517418,0.0,-0.021139448508620262,-0.012853378430008888,0.006297553889453411,-0.005386579781770706,0.0,0.07397189736366272,0.4639943540096283,-10.031572341918945,-0.04781734198331833,-0.033332910388708115,-8.40642261505127,0.0,0.0,0.0,0.0,0.0,0.0,0.0,0.0,0.0,0.0,0.0,0.0,-0.02611943520605564,-0.007728909607976675,0.012606375850737095,-0.010186130180954933,0.29963868856430054,0.26070013642311096,0.2622922360897064,0.2644186317920685,2.475414276123047,0.6951762437820435,0.19267521798610687,0.0,0.0,0.0,0.0,0.0,0.0,0.0
16817808331,0,0.0041258144192397594,0.0023926342837512493,-0.23162275552749634,6.569455581484362e-05,-0.04113857448101044,-0.8442511558532715,0.002669788897037506,-0.05745143070816994,-0.12234795093536377,-0.0081202806904912,-0.08706285804510117,-0.5,-0.03432299196720123,-0.03762444853782654,0.07860671728849411,0.0,0.0,-0.0047828578390181065,0.04076296091079712,0.007025485392659903,0.04433983936905861,0.27196791768074036,0.3041224181652069,-0.09864433854818344,-0.299101322889328,-0.18537837266921997,-46.219451904296875,0.22372978925704956,0.29611220955848694,-0.019244246184825897,-0.09250491112470627,-0.0882083922624588,-0.20086230337619781,0.09406186640262604,12.860245704650879,10.951192855834961,11.233104705810547,11.20228099822998,-0.036796875298023224,-0.0015332031762227416,0.032197266817092896,-0.026064453646540642,0.0,-0.021139448508620262,-0.012853378430008888,0.006297553889453411,-0.005386579781770706,0.0,-0.1272968053817749,-0.06510169059038162,-10.015302658081055,-0.05784347653388977,-0.029899105429649353,-8.399758338928223,0.0,0.0,0.0,0.0,0.0,0.0,0.0,0.0,0.0,0.0,0.0,0.0,-0.023635555058717728,-0.009443502873182297,0.009621266275644302,-0.008582654409110546,0.2974003255367279,0.26009389758110046,0.26564931869506836,0.26504263281822205,2.278371572494507,0.7348647117614746,-0.006597721949219704,0.0,0.0,0.0,0.0,0.0,0.0,0.0
16826150978,0,0.0041258144192397594,0.0023926342837512493,-0.23162275552749634,6.569455581484362e-05,-0.04113857448101044,-0.8442511558532715,0.002669788897037506,-0.05745143070816994,-0.12234795093536377,-0.0081202806904912,-0.08706285804510117,-0.5,-0.03432299196720123,-0.03762444853782654,0.07860671728849411,0.0,0.0,-0.0047828578390181065,0.04076296091079712,0.007025485392659903,0.04433983936905861,0.27196791768074036,0.3041224181652069,-0.09864433854818344,-0.31813913583755493,-0.16444507241249084,-46.19866943359375,0.19806791841983795,0.2869044542312622,-0.015363030135631561,-0.09273402392864227,-0.09012916684150696,-0.20226116478443146,0.09440293163061142,12.701404571533203,11.017913818359375,11.184303283691406,11.318624496459961,-0.03526367247104645,-0.0015332031762227416,0.03066406212747097,-0.024531250819563866,0.0,-0.021370690315961838,-0.014080890454351902,0.0062428428791463375,-0.0041046421974897385,0.0,-0.4063723087310791,-0.1734139770269394,-9.933748245239258,-0.05784347653388977,-0.029899105429649353,-8.399758338928223,0.0,0.0,0.0,0.0,0.0,0.0,0.0,0.0,0.0,0.0,0.0,0.0,-0.021964017301797867,-0.010972602292895317,0.007537314668297768,-0.007145144511014223,0.2943238615989685,0.26141035556793213,0.26468876004219055,0.26733139157295227,2.278371572494507,0.7348647117614746,-0.006597721949219704,0.0,0.0,0.0,0.0,0.0,0.0,0.0
16837232817,0,0.0035495185293257236,0.0019420054741203785,-0.23253199458122253,6.569455581484362e-05,-0.04113857448101044,-0.8442511558532715,0.004071313422173262,-0.05382457748055458,-0.12510327994823456,-0.006967682857066393,-0.08616159111261368,-0.5,-0.033553045243024826,-0.03734033554792404,0.07910504192113876,0.0,0.0,-0.0047828578390181065,0.08731784671545029,0.02386690303683281,0.0370604582130909,0.261614590883255,0.30127859115600586,-0.09987752884626389,-0.3095652461051941,-0.12768134474754333,-46.11116027832031,0.13483765721321106,0.2610743045806885,-0.007894128561019897,-0.09315802156925201,-0.09297651052474976,-0.204623281955719,0.09486345946788788,12.354334831237793,11.1256742477417,11.111221313476562,11.539637565612793,-0.032197266817092896,-0.0015332031762227416,0.027597656473517418,-0.024531250819563866,0.0,-0.020710710436105728,-0.014881842769682407,0.004799786489456892,-0.00320227793417871,0.0,-0.09996382147073746,0.6810972690582275,-9.958641052246094,-0.058403220027685165,-0.03606162965297699,-8.384504318237305,0.0,0.0,0.0,0.0,0.0,0.0,0.0,0.0,0.0,0.0,0.0,0.0,-0.020991336554288864,-0.012278517708182335,0.006209489423781633,-0.005894614849239588,0.2875846326351166,0.2635340392589569,0.2632494866847992,0.27167147397994995,2.583543062210083,0.8306469917297363,-0.22872617840766907,0.0,0.0,0.0,0.0,0.0,0.0,0.0
16846354926,0,0.0035495185293257236,0.0019420054741203785,-0.23253199458122253,6.569455581484362e-05,-0.04113857448101044,-0.8442511558532715,0.004071313422173262,-0.05382457748055458,-0.12510327994823456,-0.004709778819233179,-0.08423114567995071,-0.5,-0.033553045243024826,-0.03734033554792404,0.07910504192113876,0.0,0.0,-0.0047828578390181065,0.08731784671545029,0.02386690303683281,0.0370604582130909,0.261614590883255,0.30127859115600586,-0.09987752884626389,-0.3095652461051941,-0.12768134474754333,-46.11116027832031,0.13483765721321106,0.2610743045806885,-0.007894128561019897,-0.09315802156925201,-0.09297651052474976,-0.204623281955719,0.09486345946788788,12.354334831237793,11.1256742477417,11.111221313476562,11.539637565612793,-0.029130859300494194,-0.004599609412252903,0.024531250819563866,-0.024531250819563866,0.0,-0.020710710436105728,-0.014881842769682407,0.004799786489456892,-0.00320227793417871,0.0,-0.09996382147073746,0.6810972690582275,-9.958641052246094,-0.051604013890028,-0.015245404094457626,-8.384763717651367,0.0,0.0,0.0,0.0,0.0,0.0,0.0,0.0,0.0,0.0,0.0,0.0,-0.020491622388362885,-0.013364218175411224,0.0053628915920853615,-0.004824406933039427,0.2875846326351166,0.2635340392589569,0.2632494866847992,0.27167147397994995,2.583543062210083,0.8306469917297363,-0.22872617840766907,0.0,0.0,0.0,0.0,0.0,0.0,0.0
16860218949,0,0.0024205720983445644,0.0009767869487404823,-0.23432964086532593,6.569455581484362e-05,-0.04113857448101044,-0.8442511558532715,0.004197256173938513,-0.06320115178823471,-0.12648217380046844,-0.004709778819233179,-0.08423114567995071,-0.5,-0.03182592988014221,-0.03635483235120773,0.07976207137107849,0.0,0.0,-0.0047828578390181065,0.12807296216487885,0.03828737884759903,0.0337391123175621,0.24548126757144928,0.2932162284851074,-0.10053735226392746,-0.28382208943367004,-0.0838497206568718,-46.1161994934082,0.0763503685593605,0.23831221461296082,-0.005310028791427612,-0.09338080883026123,-0.09386830031871796,-0.2056652158498764,0.09500034898519516,12.165441513061523,11.137097358703613,11.172231674194336,11.659496307373047,-0.024531250819563866,-0.0076660155318677425,0.02299804612994194,-0.02299804612994194,0.0,-0.01902984268963337,-0.01546261366456747,0.002550141653046012,-0.002641626400873065,0.0,0.0490809828042984,0.4703987240791321,-9.964608192443848,-0.051604013890028,-0.015245404094457626,-8.384763717651367,0.0,0.0,0.0,0.0,0.0,0.0,0.0,0.0,0.0,0.0,0.0,0.0,-0.02020874433219433,-0.014205015264451504,0.004738836549222469,-0.003972874954342842,0.2839067876338959,0.2637590765953064,0.2644510567188263,0.27402088046073914,3.354018449783325,1.0781233310699463,-0.2384321689605713,0.0,0.0,0.0,0.0,0.0,0.0,0.0
16866722710,0,0.00187738670501858,0.0004974448820576072,-0.23522621393203735,6.569455581484362e-05,-0.04113857448101044,-0.8442511558532715,0.006203675642609596,-0.07015547156333923,-0.12418553233146667,-0.0036234024446457624,-0.08327245712280273,-0.5,-0.030552811920642853,-0.03563694655895233,0.07997864484786987,0.0,0.0,-0.0047828578390181065,0.20654736459255219,0.06660794466733932,0.026112467050552368,0.22727154195308685,0.2879692018032074,-0.101127490401268,-0.27458372712135315,0.0944134071469307,-46.37807846069336,0.0763503685593605,0.23831221461296082,-0.005310028791427612,-0.09338080883026123,-0.09386830031871796,-0.2056652158498764,0.09500034898519516,11.833749771118164,11.262605667114258,11.382097244262695,12.039833068847656,-0.02299804612994194,-0.009199218824505806,0.021464843302965164,-0.021464843302965164,0.0,-0.013960583135485649,-0.020597141236066818,-0.0033211023546755314,0.0024052949156612158,0.0,0.0490809828042984,0.4703987240791321,-9.964608192443848,-0.05183228850364685,-0.0001364456256851554,-8.406972885131836,0.0,0.0,0.0,0.0,0.0,0.0,0.0,0.0,0.0,0.0,0.0,0.0,-0.019695768132805824,-0.015060663223266602,0.003860973985865712,-0.003101469948887825,0.2839067876338959,0.2637590765953064,0.2644510567188263,0.27402088046073914,3.940463066101074,1.324169397354126,-0.3222028315067291,0.0,0.0,0.0,0.0,0.0,0.0,0.0
16876385548,0,0.00187738670501858,0.0004974448820576072,-0.23522621393203735,6.569455581484362e-05,-0.04113857448101044,-0.8442511558532715,0.006203675642609596,-0.07015547156333923,-0.12418553233146667,-0.0036234024446457624,-0.08327245712280273,-0.5,-0.030552811920642853,-0.03563694655895233,0.07997864484786987,0.0,0.0,-0.0047828578390181065,0.20654736459255219,0.06660794466733932,0.026112467050552368,0.19288429617881775,0.27310827374458313,-0.10197426378726959,-0.2488592118024826,0.09709987789392471,-46.50420379638672,-0.05306769907474518,0.1932586282491684,0.0009341016411781311,-0.0937771201133728,-0.09375885874032974,-0.2070106565952301,0.09507768601179123,11.833749771118164,11.262605667114258,11.382097244262695,12.039833068847656,-0.021464843302965164,-0.010732421651482582,0.019931640475988388,-0.018398437649011612,0.0,-0.013148085214197636,-0.01991204358637333,-0.004241466522216797,0.0016929941484704614,0.0,-0.23833787441253662,0.605744481086731,-9.752527236938477,-0.05183228850364685,-0.0001364456256851554,-8.406972885131836,0.0,0.0,0.0,0.0,0.0,0.0,0.0,0.0,0.0,0.0,0.0,0.0,-0.018581554293632507,-0.016234641894698143,0.0023323348723351955,-0.0019224378047510982,0.277431458234787,0.2662295699119568,0.26857873797416687,0.28145718574523926,3.940463066101074,1.324169397354126,-0.3222028315067291,0.0,0.0,0.0,0.0,0.0,0.0,0.0
16886194051,0,-0.00014980282867327332,-0.0015114599373191595,-0.23881152272224426,6.569455581484362e-05,-0.04113857448101044,-0.8442511558532715,0.007458524312824011,-0.07442165911197662,-0.11773865669965744,0.0004309969372116029,-0.0792546272277832,-0.5,-0.02193095162510872,-0.03313803672790527,0.08072277903556824,0.0,0.0,-0.0047828578390181065,0.2574600577354431,0.07194184511899948,0.02096983976662159,0.16976474225521088,0.26638078689575195,-0.10214551538228989,-0.2396046370267868,0.05379140377044678,-46.60248947143555,-0.05306769907474518,0.1932586282491684,0.0009341016411781311,-0.0937771201133728,-0.09375885874032974,-0.2070106565952301,0.09507768601179123,11.674001693725586,11.254603385925293,11.46522045135498,12.218774795532227,-0.021464843302965164,-0.009199218824505806,0.018398437649011612,-0.018398437649011612,0.0,-0.014359458349645138,-0.01827467605471611,-0.0031605889089405537,0.00014727551024407148,0.0,-0.23833787441253662,0.605744481086731,-9.752527236938477,-0.04356447979807854,0.009780255146324635,-8.473179817199707,0.0,0.0,0.0,0.0,0.0,0.0,0.0,0.0,0.0,0.0,0.0,0.0,-0.017124313861131668,-0.017446670681238174,0.00045980722643435,-0.0007138769724406302,0.277431458234787,0.2662295699119568,0.26857873797416687,0.28145718574523926,2.863377094268799,0.36142483353614807,-0.18908289074897766,0.0,0.0,0.0,0.0,0.0,0.0,0.0
16896275406,0,-0.00014980282867327332,-0.0015114599373191595,-0.23881152272224426,6.569455581484362e-05,-0.04113857448101044,-0.8442511558532715,0.007458524312824011,-0.07442165911197662,-0.11773865669965744,0.001371480873785913,-0.07812954485416412,-0.5,-0.02193095162510872,-0.03313803672790527,0.08072277903556824,0.0,0.0,-0.0047828578390181065,0.2574600577354431,0.07194184511899948,0.02096983976662159,0.16976474225521088,0.26638078689575195,-0.10214551538228989,-0.2396046370267868,0.05379140377044678,-46.60248947143555,-0.12277494370937347,0.1853388249874115,0.0033713802695274353,-0.09416595101356506,-0.09138620644807816,-0.2077769786119461,0.0948675349354744,11.674001693725586,11.254603385925293,11.46522045135498,12.218774795532227,-0.019931640475988388,-0.010732421651482582,0.015332031063735485,-0.018398437649011612,0.0,-0.014395659789443016,-0.018312236294150352,-0.003197448793798685,0.00011268445814494044,0.0,-0.04334796592593193,0.012316801585257053,-10.10062313079834,-0.043454110622406006,6.215344183146954e-05,-8.448685646057129,0.0,0.0,0.0,0.0,0.0,0.0,0.0,0.0,0.0,0.0,0.0,0.0,-0.015843220055103302,-0.018272817134857178,-0.001180749386548996,0.00010912503057625145,0.27430498600006104,0.26607227325439453,0.2702110707759857,0.2849459648132324,2.863377094268799,0.36142483353614807,-0.18908289074897766,0.0,0.0,0.0,0.0,0.0,0.0,0.0
16906556758,0,-0.00014980282867327332,-0.0015114599373191595,-0.23881152272224426,6.569455581484362e-05,-0.04113857448101044,-0.8442511558532715,0.007458524312824011,-0.07442165911197662,-0.11773865669965744,0.001371480873785913,-0.07812954485416412,-0.5,-0.02193095162510872,-0.03313803672790527,0.08072277903556824,0.0,0.0,-0.0047828578390181065,0.2710789442062378,0.06754891574382782,0.021831516176462173,0.16976474225521088,0.26638078689575195,-0.10214551538228989,-0.23899760842323303,0.00034184393007308245,-46.467769622802734,-0.14934289455413818,0.1893925964832306,0.0012508928775787354,-0.0943194329738617,-0.08985109627246857,-0.20811256766319275,0.09476316720247269,11.658269882202148,11.1209135055542,11.518810272216797,12.178791999816895,-0.019931640475988388,-0.013798828236758709,0.013798828236758709,-0.018398437649011612,0.0,-0.016032114624977112,-0.016828585416078568,-0.0015751270111650229,-0.0014699219027534127,0.0,-0.20906122028827667,0.06372776627540588,-9.928943634033203,-0.043454110622406006,6.215344183146954e-05,-8.448685646057129,0.0,0.0,0.0,0.0,0.0,0.0,0.0,0.0,0.0,0.0,0.0,0.0,-0.01501986850053072,-0.018616225570440292,-0.0022831899113953114,0.00044313151738606393,0.27399688959121704,0.2634403109550476,0.2712627053260803,0.28416693210601807,2.3874645233154297,0.0061293719336390495,-0.045532140880823135,0.0,0.0,0.0,0.0,0.0,0.0,0.0
16916526199,0,-0.0010872682323679328,-0.0026353439316153526,-0.24060669541358948,6.569455581484362e-05,-0.04113857448101044,-0.8442511558532715,0.00997643917798996,-0.06577091664075851,-0.12577690184116364,0.0023059372324496508,-0.07700684666633606,-0.5,-0.016437597572803497,-0.031967394053936005,0.08146202564239502,0.0,0.0,-0.0047828578390181065,0.3085508346557617,0.06242869049310684,0.01813281513750553,0.16976474225521088,0.26638078689575195,-0.10214551538228989,-0.2689501643180847,-0.02005757763981819,-46.25897979736328,-0.14934289455413818,0.1893925964832306,0.0012508928775787354,-0.0943194329738617,-0.08985109627246857,-0.20811256766319275,0.09476316720247269,11.359896659851074,11.01311206817627,11.544687271118164,12.34840202331543,-0.018398437649011612,-0.013798828236758709,0.012265625409781933,-0.016865234822034836,0.0,-0.018020575866103172,-0.017300056293606758,-2.957758078991901e-05,-0.0011762097710743546,0.0,-0.09124502539634705,0.7131826877593994,-10.133770942687988,-0.044522058218717575,-0.007330155931413174,-8.421255111694336,0.0,0.0,0.0,0.0,0.0,0.0,0.0,0.0,0.0,0.0,0.0,0.0,-0.014817960560321808,-0.018545443192124367,-0.00269826827570796,0.0003409475029911846,0.27399688959121704,0.2634403109550476,0.2712627053260803,0.28416693210601807,2.1766340732574463,-0.09315650165081024,-0.13860753178596497,0.0,0.0,0.0,0.0,0.0,0.0,0.0
16926335100,0,-0.0010872682323679328,-0.0026353439316153526,-0.24060669541358948,6.569455581484362e-05,-0.04113857448101044,-0.8442511558532715,0.00997643917798996,-0.06577091664075851,-0.12577690184116364,0.003993795718997717,-0.07474251091480255,-0.5,-0.016437597572803497,-0.031967394053936005,0.08146202564239502,0.0,0.0,-0.0047828578390181065,0.3085508346557617,0.06242869049310684,0.01813281513750553,0.07153888791799545,0.24346642196178436,-0.10385952889919281,-0.2689501643180847,-0.02005757763981819,-46.25897979736328,-0.2473083734512329,0.1822076439857483,0.00458943098783493,-0.09462985396385193,-0.08542860299348831,-0.20890715718269348,0.09451084583997726,11.359896659851074,11.01311206817627,11.544687271118164,12.34840202331543,-0.015332031063735485,-0.015332031063735485,0.010732421651482582,-0.015332031063735485,0.0,-0.01805027946829796,-0.017330696806311607,-5.880288881598972e-05,-0.0012035317486152053,0.0,-0.09124502539634705,0.7131826877593994,-10.133770942687988,-0.04327249154448509,0.00044071488082408905,-8.434732437133789,0.0,0.0,0.0,0.0,0.0,0.0,0.0,0.0,0.0,0.0,0.0,0.0,-0.015219269320368767,-0.01826048642396927,-0.0024826100561767817,-4.074507160112262e-06,0.268142431974411,0.2613154649734497,0.27177032828330994,0.2874693274497986,2.1766340732574463,-0.09315650165081024,-0.13860753178596497,0.0,0.0,0.0,0.0,0.0,0.0,0.0
16936629622,0,-0.00193119328469038,-0.0037675057537853718,-0.24241574108600616,6.569455581484362e-05,-0.04113857448101044,-0.8442511558532715,0.012061684392392635,-0.06942026317119598,-0.12581224739551544,0.003993795718997717,-0.07474251091480255,-0.5,-0.010973901487886906,-0.030470190569758415,0.08187435567378998,0.0,0.0,-0.0047828578390181065,0.33371663093566895,0.0632433220744133,0.018142426386475563,0.07153888791799545,0.24346642196178436,-0.10385952889919281,-0.23799870908260345,0.0024239318445324898,-46.391029357910156,-0.2966787815093994,0.17430655658245087,0.0035640597343444824,-0.09478316456079483,-0.08229353278875351,-0.20929068326950073,0.0943337231874466,11.329333305358887,10.95762825012207,11.691596984863281,12.418818473815918,-0.012265625409781933,-0.015332031063735485,0.009199218824505806,-0.013798828236758709,0.0,-0.016445962712168694,-0.017160339280962944,-0.0016881279880180955,-0.0014512607594951987,0.0,-0.25086721777915955,0.4445381760597229,-10.166893005371094,-0.04327249154448509,0.00044071488082408905,-8.434732437133789,0.0,0.0,0.0,0.0,0.0,0.0,0.0,0.0,0.0,0.0,0.0,0.0,-0.015863656997680664,-0.017939496785402298,-0.0020031039603054523,-0.0004052607691846788,0.267541766166687,0.2602209746837616,0.2746497690677643,0.28883862495422363,2.341090440750122,0.011382841505110264,-0.04670374467968941,0.0,0.0,0.0,0.0,0.0,0.0,0.0
16946854369,0,-0.0023055775091052055,-0.004351884126663208,-0.2433260679244995,6.569455581484362e-05,-0.04113857448101044,-0.8442511558532715,0.010884660296142101,-0.07560563832521439,-0.12498464435338974,0.004742567893117666,-0.07357374578714371,-0.5,-0.00812394917011261,-0.029759177938103676,0.0821075290441513,0.0,0.0,-0.0047828578390181065,0.37021657824516296,0.04327889531850815,0.020256033167243004,0.0424816831946373,0.2385513186454773,-0.10437969863414764,-0.2094329446554184,0.14342506229877472,-46.536865234375,-0.4003636837005615,0.19703644514083862,0.00035224854946136475,-0.0950641855597496,-0.08229353278875351,-0.20929068326950073,0.0943337231874466,11.321176528930664,10.719874382019043,11.932463645935059,12.568984031677246,-0.012265625409781933,-0.015332031063735485,0.0076660155318677425,-0.013798828236758709,0.0,-0.011188819073140621,-0.021278422325849533,-0.006703890860080719,0.001704472815617919,0.0,-0.25086721777915955,0.4445381760597229,-10.166893005371094,-0.03776508569717407,0.012676469050347805,-8.447380065917969,0.0,0.0,0.0,0.0,0.0,0.0,0.0,0.0,0.0,0.0,0.0,0.0,-0.016119513660669327,-0.01783568784594536,-0.0018653777660802007,-0.0006385765736922622,0.267541766166687,0.2602209746837616,0.2746497690677643,0.28883862495422363,1.941809892654419,-0.786358654499054,0.06631137430667877,0.0,0.0,0.0,0.0,0.0,0.0,0.0
16956329301,0,-0.0023055775091052055,-0.004351884126663208,-0.2433260679244995,6.569455581484362e-05,-0.04113857448101044,-0.8442511558532715,0.010884660296142101,-0.07560563832521439,-0.12498464435338974,0.006725905928760767,-0.06989659368991852,-0.5,-0.00812394917011261,-0.029759177938103676,0.0821075290441513,0.0,0.0,-0.0047828578390181065,0.37021657824516296,0.04327889531850815,0.020256033167243004,0.0424816831946373,0.2385513186454773,-0.10437969863414764,-0.2094329446554184,0.14342506229877472,-46.536865234375,-0.4003636837005615,0.19703644514083862,0.00035224854946136475,-0.0950641855597496,-0.07448413968086243,-0.21012504398822784,0.09406105428934097,11.321176528930664,10.719874382019043,11.932463645935059,12.568984031677246,-0.013798828236758709,-0.016865234822034836,0.006132812704890966,-0.013798828236758709,0.0,-0.011188819073140621,-0.021278422325849533,-0.006703890860080719,0.001704472815617919,0.0,-0.3900041878223419,-0.2421545535326004,-10.078213691711426,-0.04352374002337456,0.02314761094748974,-8.449397087097168,0.0,0.0,0.0,0.0,0.0,0.0,0.0,0.0,0.0,0.0,0.0,0.0,-0.015578021295368671,-0.018229937180876732,-0.0024590936955064535,-0.0004665474407374859,0.26738137006759644,0.2555234730243683,0.2793610095977783,0.29175540804862976,1.941809892654419,-0.786358654499054,0.06631137430667877,0.0,0.0,0.0,0.0,0.0,0.0,0.0
16966479360,0,-0.0035703799221664667,-0.006840957794338465,-0.2471933811903,6.569455581484362e-05,-0.04113857448101044,-0.8442511558532715,0.02240292727947235,-0.07882106304168701,-0.13016442954540253,0.007272185292094946,-0.06859557330608368,-0.5,0.004861708730459213,-0.029338078573346138,0.08310455828905106,0.0,0.0,-0.0047828578390181065,0.36142417788505554,0.02036069892346859,0.015032361261546612,-0.016571486368775368,0.2329261153936386,-0.1052825003862381,-0.29568618535995483,0.11480767279863358,-46.35279083251953,-0.41742756962776184,0.21928632259368896,0.007226519286632538,-0.09528418630361557,-0.07448413968086243,-0.21012504398822784,0.09406105428934097,11.108875274658203,10.78662395477295,11.707524299621582,12.75357723236084,-0.013798828236758709,-0.016865234822034836,0.006132812704890966,-0.013798828236758709,0.0,-0.015080402605235577,-0.023058490827679634,-0.003384115407243371,0.003258840413764119,0.0,-0.20691324770450592,0.2456928938627243,-10.362700462341309,-0.05376112461090088,0.02087412215769291,-8.427780151367188,0.0,0.0,0.0,0.0,0.0,0.0,0.0,0.0,0.0,0.0,0.0,0.0,-0.014681306667625904,-0.019068483263254166,-0.00338122365064919,9.037663403432816e-05,0.26738137006759644,0.2555234730243683,0.2793610095977783,0.29175540804862976,0.2129296213388443,-1.0470976829528809,-0.23380236327648163,0.0,0.0,0.0,0.0,0.0,0.0,0.0
16976099206,0,-0.0035703799221664667,-0.006840957794338465,-0.2471933811903,6.569455581484362e-05,-0.04113857448101044,-0.8442511558532715,0.02240292727947235,-0.07882106304168701,-0.13016442954540253,0.007746357470750809,-0.06719991564750671,-0.5,0.004861708730459213,-0.029338078573346138,0.08310455828905106,0.0,0.0,-0.0047828578390181065,0.36142417788505554,0.02036069892346859,0.015032361261546612,-0.016571486368775368,0.2329261153936386,-0.1052825003862381,-0.29568618535995483,0.11480767279863358,-46.35279083251953,-0.41742756962776184,0.21928632259368896,0.007226519286632538,-0.09528418630361557,-0.06658823788166046,-0.21133548021316528,0.09383226186037064,11.108875274658203,10.78662395477295,11.707524299621582,12.75357723236084,-0.013798828236758709,-0.016865234822034836,0.0076660155318677425,-0.012265625409781933,0.0,-0.015080402605235577,-0.023058490827679634,-0.003384115407243371,0.003258840413764119,0.0,-0.20691324770450592,0.2456928938627243,-10.362700462341309,-0.052551351487636566,0.004637550562620163,-8.396791458129883,0.0,0.0,0.0,0.0,0.0,0.0,0.0,0.0,0.0,0.0,0.0,0.0,-0.014134407974779606,-0.02013503946363926,-0.0039884187281131744,0.0008772406727075577,0.2632032632827759,0.2568434774875641,0.2749614417552948,0.2953348159790039,0.2129296213388443,-1.0470976829528809,-0.23380236327648163,0.0,0.0,0.0,0.0,0.0,0.0,0.0
16986682250,0,-0.0035703799221664667,-0.006840957794338465,-0.2471933811903,6.569455581484362e-05,-0.04113857448101044,-0.8442511558532715,0.02240292727947235,-0.07882106304168701,-0.13016442954540253,0.007746357470750809,-0.06719991564750671,-0.5,0.004861708730459213,-0.029338078573346138,0.08310455828905106,0.0,0.0,-0.0047828578390181065,0.34418028593063354,0.014848158694803715,0.008794690482318401,-0.016571486368775368,0.2329261153936386,-0.1052825003862381,-0.2890324294567108,0.025506528094410896,-46.18235397338867,-0.4098515808582306,0.21986061334609985,0.013678692281246185,-0.09540016204118729,-0.061149146407842636,-0.2123284935951233,0.09352095425128937,10.917008399963379,10.916534423828125,11.491390228271484,12.86108112335205,-0.012265625409781933,-0.016865234822034836,0.0076660155318677425,-0.010732421651482582,0.0,-0.018033964559435844,-0.019687198102474213,-0.0009159341570921242,0.0005839732475578785,0.0,-0.28928518295288086,0.16387195885181427,-10.190577507019043,-0.052551351487636566,0.004637550562620163,-8.396791458129883,0.0,0.0,0.0,0.0,0.0,0.0,0.0,0.0,0.0,0.0,0.0,0.0,-0.014176251366734505,-0.02104351669549942,-0.004061672370880842,0.0015803035348653793,0.2591153383255005,0.2596951425075531,0.27030235528945923,0.29785841703414917,-0.6939616203308105,-0.7457587718963623,-0.4118397831916809,0.0,0.0,0.0,0.0,0.0,0.0,0.0
16998167768,0,-0.004032985307276249,-0.008221101947128773,-0.24927140772342682,6.569455581484362e-05,-0.04113857448101044,-0.8442511558532715,0.0247854795306921,-0.06603113561868668,-0.1402958482503891,0.008197400718927383,-0.06583527475595474,-0.5,0.010809258557856083,-0.02900286205112934,0.08321283012628555,0.0,0.0,-0.0047828578390181065,0.34418028593063354,0.014848158694803715,0.008794690482318401,-0.08995763212442398,0.22901791334152222,-0.10576482117176056,-0.2890324294567108,0.025506528094410896,-46.18235397338867,-0.4098515808582306,0.21986061334609985,0.013678692281246185,-0.09540016204118729,-0.061149146407842636,-0.2123284935951233,0.09352095425128937,10.917008399963379,10.916534423828125,11.491390228271484,12.86108112335205,-0.010732421651482582,-0.018398437649011612,0.006132812704890966,-0.010732421651482582,0.0,-0.018033964559435844,-0.019687198102474213,-0.0009159341570921242,0.0005839732475578785,0.0,-0.28928518295288086,0.16387195885181427,-10.190577507019043,-0.057539667934179306,-0.003043167991563678,-8.36418342590332,0.0,0.0,0.0,0.0,0.0,0.0,0.0,0.0,0.0,0.0,0.0,0.0,-0.014772431924939156,-0.02139556221663952,-0.0036310867872089148,0.0018656249158084393,0.2591153383255005,0.2596951425075531,0.27030235528945923,0.29785841703414917,-0.6939616203308105,-0.7457587718963623,-0.4118397831916809,0.0,0.0,0.0,0.0,0.0,0.0,0.0
17006396723,0,-0.004355760291218758,-0.009665010496973991,-0.2514630854129791,6.569455581484362e-05,-0.04113857448101044,-0.8442511558532715,0.02460234798491001,-0.06182723864912987,-0.14630934596061707,0.0088429544121027,-0.06294743716716766,-0.5,0.01575888879597187,-0.029420020058751106,0.08336089551448822,0.0,0.0,-0.0047828578390181065,0.2895509898662567,-0.011059081181883812,0.0038870139978826046,-0.13637158274650574,0.23489288985729218,-0.10644146800041199,-0.33035042881965637,0.007300272583961487,-45.95658874511719,-0.3999553322792053,0.25378045439720154,0.01556406170129776,-0.09556697309017181,-0.061149146407842636,-0.2123284935951233,0.09352095425128937,10.882051467895508,10.869492530822754,11.319412231445312,12.889524459838867,-0.010732421651482582,-0.021464843302965164,0.006132812704890966,-0.010732421651482582,0.0,-0.020042844116687775,-0.020541014149785042,0.0009133229032158852,0.0012025578180328012,0.0,-0.28928518295288086,0.16387195885181427,-10.190577507019043,-0.05610208958387375,-0.009169184602797031,-8.336545944213867,0.0,0.0,0.0,0.0,0.0,0.0,0.0,0.0,0.0,0.0,0.0,0.0,-0.015760155394673347,-0.021292852237820625,-0.0028339128475636244,0.00179798633325845,0.2591153383255005,0.2596951425075531,0.27030235528945923,0.29785841703414917,-1.895124912261963,-1.1083166599273682,-0.24351656436920166,0.0,0.0,0.0,0.0,0.0,0.0,0.0
17016538014,0,-0.004355760291218758,-0.009665010496973991,-0.2514630854129791,6.569455581484362e-05,-0.04113857448101044,-0.8442511558532715,0.02460234798491001,-0.06182723864912987,-0.14630934596061707,0.0088429544121027,-0.06294743716716766,-0.5,0.01575888879597187,-0.029420020058751106,0.08336089551448822,0.0,0.0,-0.0047828578390181065,0.26862382888793945,-0.02149096317589283,0.007265383843332529,-0.13637158274650574,0.23489288985729218,-0.10644146800041199,-0.33035042881965637,0.007300272583961487,-45.95658874511719,-0.3999553322792053,0.25378045439720154,0.01556406170129776,-0.09556697309017181,-0.0513954758644104,-0.21456149220466614,0.09272703528404236,10.882051467895508,10.869492530822754,11.319412231445312,12.889524459838867,-0.012265625409781933,-0.019931640475988388,0.004599609412252903,-0.009199218824505806,0.0,-0.020042844116687775,-0.020541014149785042,0.0009133229032158852,0.0012025578180328012,0.0,-0.06744495779275894,0.7314156889915466,-10.160774230957031,-0.05610208958387375,-0.009169184602797031,-8.336545944213867,0.0,0.0,0.0,0.0,0.0,0.0,0.0,0.0,0.0,0.0,0.0,0.0,-0.01694352924823761,-0.021064216271042824,-0.0018347727600485086,0.0016263119177892804,0.2587290406227112,0.25848090648651123,0.26734673976898193,0.2979668080806732,-1.845218300819397,-0.9918803572654724,0.0713210254907608,0.0,0.0,0.0,0.0,0.0,0.0,0.0
17026465870,0,-0.004490682389587164,-0.010358369909226894,-0.2526033818721771,6.569455581484362e-05,-0.04113857448101044,-0.8442511558532715,0.02458515204489231,-0.06557551771402359,-0.14861001074314117,0.009112799540162086,-0.06156071648001671,-0.5,0.017953095957636833,-0.02962864749133587,0.08354921638965607,0.0,0.0,-0.0047828578390181065,0.2213430106639862,-0.02305440790951252,0.00915741641074419,-0.1554126888513565,0.2360544502735138,-0.10656403005123138,-0.3008909523487091,-0.002456802874803543,-45.810943603515625,-0.40558430552482605,0.26746422052383423,0.00956958532333374,-0.09565485268831253,-0.04619135707616806,-0.2159954160451889,0.09229428321123123,11.085482597351074,10.637593269348145,11.383185386657715,12.581000328063965,-0.013798828236758709,-0.019931640475988388,0.004599609412252903,-0.009199218824505806,0.0,-0.019055107608437538,-0.019694169983267784,0.00028787594055756927,0.000122385288705118,0.0,0.014278980903327465,-0.5788251757621765,-10.128130912780762,-0.054707445204257965,-0.00044669141061604023,-8.329262733459473,0.0,0.0,0.0,0.0,0.0,0.0,0.0,0.0,0.0,0.0,0.0,0.0,-0.018051866441965103,-0.02081615850329399,-0.000865137844812125,0.001413856167346239,0.26120927929878235,0.25420793890953064,0.26933181285858154,0.294932097196579,-2.7110440731048584,-0.4061022400856018,0.10033874213695526,0.0,0.0,0.0,0.0,0.0,0.0,0.0
17038077954,0,-0.004490682389587164,-0.010358369909226894,-0.2526033818721771,6.569455581484362e-05,-0.04113857448101044,-0.8442511558532715,0.02458515204489231,-0.06557551771402359,-0.14861001074314117,0.00929818395525217,-0.058438051491975784,-0.5,0.017953095957636833,-0.02962864749133587,0.08354921638965607,0.0,0.0,-0.0047828578390181065,0.2213430106639862,-0.02305440790951252,0.00915741641074419,-0.1554126888513565,0.2360544502735138,-0.10656403005123138,-0.31257033348083496,0.056699030101299286,-45.6832389831543,-0.36487147212028503,0.2639911472797394,0.007476001977920532,-0.09574396163225174,-0.03992053493857384,-0.21790790557861328,0.091856449842453,11.085482597351074,10.637593269348145,11.383185386657715,12.581000328063965,-0.013798828236758709,-0.018398437649011612,0.003066406352445483,-0.0076660155318677425,0.0,-0.017549410462379456,-0.022058088332414627,-0.00119521445594728,0.0021053121890872717,0.0,-0.16217197477817535,-0.016463547945022583,-10.050350189208984,-0.05694296583533287,0.01873486116528511,-8.289114952087402,0.0,0.0,0.0,0.0,0.0,0.0,0.0,0.0,0.0,0.0,0.0,0.0,-0.018758190795779228,-0.020635241642594337,-0.00021506183838937432,0.001212362665683031,0.2627423107624054,0.2538949251174927,0.26860007643699646,0.29198864102363586,-2.7110440731048584,-0.4061022400856018,0.10033874213695526,0.0,0.0,0.0,0.0,0.0,0.0,0.0
17047231665,0,-0.004491032566875219,-0.013639502227306366,-0.2575053572654724,6.569455581484362e-05,-0.04113857448101044,-0.8442511558532715,0.03257102519273758,-0.07425443083047867,-0.16108769178390503,0.009113499894738197,-0.05499842017889023,-0.5,0.022682247683405876,-0.031169641762971878,0.08485648036003113,0.0,0.0,-0.0047828578390181065,0.13686496019363403,-0.04051581025123596,0.01764513924717903,-0.18468518555164337,0.24452053010463715,-0.10796554386615753,-0.376334547996521,0.1573268473148346,-45.49979019165039,-0.2875221073627472,0.29649674892425537,0.00022524595260620117,-0.09584327042102814,-0.03992053493857384,-0.21790790557861328,0.091856449842453,11.390100479125977,10.478907585144043,11.34951114654541,12.284850120544434,-0.013798828236758709,-0.019931640475988388,0.003066406352445483,-0.0076660155318677425,0.0,-0.015945082530379295,-0.02795075811445713,-0.0023566295858472586,0.0068784733302891254,0.0,-0.16217197477817535,-0.016463547945022583,-10.050350189208984,-0.06842446327209473,0.02860487997531891,-8.272688865661621,0.0,0.0,0.0,0.0,0.0,0.0,0.0,0.0,0.0,0.0,0.0,0.0,-0.018877966329455376,-0.02097160369157791,-6.13719312241301e-05,0.0014067577430978417,0.2627423107624054,0.2538949251174927,0.26860007643699646,0.29198864102363586,-3.836050033569336,-0.8943614959716797,0.1939532309770584,0.0,0.0,0.0,0.0,0.0,0.0,0.0
17056855667,0,-0.004491032566875219,-0.013639502227306366,-0.2575053572654724,6.569455581484362e-05,-0.04113857448101044,-0.8442511558532715,0.03257102519273758,-0.07425443083047867,-0.16108769178390503,0.009113499894738197,-0.05499842017889023,-0.5,0.022682247683405876,-0.031169641762971878,0.08485648036003113,0.0,0.0,-0.0047828578390181065,0.10257803648710251,-0.057116761803627014,0.019633222371339798,-0.1890176683664322,0.24703732132911682,-0.10725951194763184,-0.376334547996521,0.1573268473148346,-45.49979019165039,-0.2875221073627472,0.29649674892425537,0.00022524595260620117,-0.09584327042102814,-0.032921262085437775,-0.22051507234573364,0.0916237011551857,11.390100479125977,10.478907585144043,11.34951114654541,12.284850120544434,-0.013798828236758709,-0.02299804612994194,0.003066406352445483,-0.009199218824505806,0.0,-0.015945082530379295,-0.02795075811445713,-0.0023566295858472586,0.0068784733302891254,0.0,-0.2719264030456543,0.04673833027482033,-10.1987886428833,-0.06842446327209473,0.02860487997531891,-8.272688865661621,0.0,0.0,0.0,0.0,0.0,0.0,0.0,0.0,0.0,0.0,0.0,0.0,-0.018469687551259995,-0.022153034806251526,-0.00035574467619881034,0.0022918491158634424,0.26873579621315,0.25075045228004456,0.2679385244846344,0.2862326502799988,-3.527631998062134,-1.213262915611267,0.12005052715539932,0.0,0.0,0.0,0.0,0.0,0.0,0.0
17068098176,0,-0.004491032566875219,-0.013639502227306366,-0.2575053572654724,6.569455581484362e-05,-0.04113857448101044,-0.8442511558532715,0.03257102519273758,-0.07425443083047867,-0.16108769178390503,0.009113499894738197,-0.05499842017889023,-0.5,0.022682247683405876,-0.031169641762971878,0.08485648036003113,0.0,0.0,-0.0047828578390181065,0.10257803648710251,-0.057116761803627014,0.019633222371339798,-0.1890176683664322,0.24703732132911682,-0.10725951194763184,-0.4121320843696594,0.13152895867824554,-45.637969970703125,-0.26223671436309814,0.3226255476474762,-0.0008765310049057007,-0.09589512646198273,-0.02977164462208748,-0.22221040725708008,0.09159316122531891,11.53188419342041,10.484219551086426,11.332144737243652,12.293545722961426,-0.013798828236758709,-0.02299804612994194,0.003066406352445483,-0.009199218824505806,0.0,-0.017642609775066376,-0.028279319405555725,-0.00044348929077386856,0.007156601641327143,0.0,-0.03384757414460182,0.231639102101326,-9.405182838439941,-0.06842446327209473,0.02860487997531891,-8.272688865661621,0.0,0.0,0.0,0.0,0.0,0.0,0.0,0.0,0.0,0.0,0.0,0.0,-0.017881343141198158,-0.02381906844675541,-0.0007814817945472896,0.003586335340514779,0.2715193033218384,0.25085577368736267,0.2675970792770386,0.2864019274711609,-3.527631998062134,-1.213262915611267,0.12005052715539932,0.0,0.0,0.0,0.0,0.0,0.0,0.0
17076893816,0,-0.004293530713766813,-0.015473303385078907,-0.2599788010120392,6.569455581484362e-05,-0.04113857448101044,-0.8442511558532715,0.03807556629180908,-0.07174519449472427,-0.1576688289642334,0.008718494325876236,-0.0513308010995388,-0.5,0.023836150765419006,-0.032543811947107315,0.08491069823503494,0.0,0.0,-0.0047828578390181065,0.07116542756557465,-0.06997966021299362,0.022009361535310745,-0.19812677800655365,0.2646341025829315,-0.10898825526237488,-0.4465697705745697,0.17053154110908508,-45.731842041015625,-0.23627866804599762,0.3422519564628601,-0.0028161853551864624,-0.09594757854938507,-0.02977164462208748,-0.22221040725708008,0.09159316122531891,11.673649787902832,10.46886920928955,11.334243774414062,12.258371353149414,-0.013798828236758709,-0.02299804612994194,0.003066406352445483,-0.009199218824505806,0.0,-0.017294950783252716,-0.03080754168331623,-0.0005908304592594504,0.009290718473494053,0.0,-0.03384757414460182,0.231639102101326,-9.405182838439941,-0.08119450509548187,0.031005734577775,-8.31488037109375,0.0,0.0,0.0,0.0,0.0,0.0,0.0,0.0,0.0,0.0,0.0,0.0,-0.01745358668267727,-0.0255629550665617,-0.0010235493537038565,0.004967410117387772,0.2715193033218384,0.25085577368736267,0.2675970792770386,0.2864019274711609,-3.2790584564208984,-1.190348505973816,0.0951053574681282,0.0,0.0,0.0,0.0,0.0,0.0,0.0
17086704948,0,-0.004149557091295719,-0.016417277976870537,-0.26120856404304504,6.569455581484362e-05,-0.04113857448101044,-0.8442511558532715,0.03865668177604675,-0.07300551235675812,-0.15164123475551605,0.008430545218288898,-0.0494428388774395,-0.5,0.023954104632139206,-0.033259425312280655,0.08497355878353119,0.0,0.0,-0.0047828578390181065,0.046464696526527405,-0.07085626572370529,0.02552751451730728,-0.19812677800655365,0.2646341025829315,-0.10898825526237488,-0.45822376012802124,0.20392771065235138,-46.02526092529297,-0.21412821114063263,0.34246882796287537,-0.0064397454261779785,-0.09599393606185913,-0.02465444803237915,-0.22590374946594238,0.0916934683918953,11.872406959533691,10.485236167907715,11.463396072387695,12.207850456237793,-0.013798828236758709,-0.02299804612994194,0.0015332031762227416,-0.0076660155318677425,0.0,-0.016362067312002182,-0.032284051179885864,-0.0012591417180374265,0.010629802942276001,0.0,-0.3096822202205658,0.4155818819999695,-9.548140525817871,-0.08331341296434402,0.03707776591181755,-8.368228912353516,0.0,0.0,0.0,0.0,0.0,0.0,0.0,0.0,0.0,0.0,0.0,0.0,-0.01718693971633911,-0.027339870110154152,-0.0010867860401049256,0.0064077312126755714,0.27818721532821655,0.25087597966194153,0.2701753079891205,0.2847331762313843,-3.04632568359375,-0.697844922542572,0.1546860784292221,0.0,0.0,0.0,0.0,0.0,0.0,0.0
17097921984,0,-0.003834982169792056,-0.018313394859433174,-0.2636297047138214,6.569455581484362e-05,-0.04113857448101044,-0.8442511558532715,0.04011436924338341,-0.06791019439697266,-0.14555417001247406,0.0078013925813138485,-0.04565058648586273,-0.5,0.023673124611377716,-0.03441079333424568,0.08551623672246933,0.0,0.0,-0.0047828578390181065,0.046464696526527405,-0.07085626572370529,0.02552751451730728,-0.19304534792900085,0.27011439204216003,-0.10881806910037994,-0.45822376012802124,0.20392771065235138,-46.02526092529297,-0.21412821114063263,0.34246882796287537,-0.0064397454261779785,-0.09599393606185913,-0.02465444803237915,-0.22590374946594238,0.0916934683918953,11.872406959533691,10.485236167907715,11.463396072387695,12.207850456237793,-0.015332031063735485,-0.02299804612994194,0.0015332031762227416,-0.0076660155318677425,0.0,-0.016362067312002182,-0.032284051179885864,-0.0012591417180374265,0.010629802942276001,0.0,-0.3096822202205658,0.4155818819999695,-9.548140525817871,-0.08895693719387054,0.03480978682637215,-8.4202880859375,0.0,0.0,0.0,0.0,0.0,0.0,0.0,0.0,0.0,0.0,0.0,0.0,-0.016946623101830482,-0.029058000072836876,-0.0011188604403287172,0.007833411917090416,0.27818721532821655,0.25087597966194153,0.2701753079891205,0.2847331762313843,-3.04632568359375,-0.697844922542572,0.1546860784292221,0.0,0.0,0.0,0.0,0.0,0.0,0.0
17108496482,0,-0.003834982169792056,-0.018313394859433174,-0.2636297047138214,6.569455581484362e-05,-0.04113857448101044,-0.8442511558532715,0.04011436924338341,-0.06791019439697266,-0.14555417001247406,0.0078013925813138485,-0.04565058648586273,-0.5,0.023673124611377716,-0.03441079333424568,0.08551623672246933,0.0,0.0,-0.0047828578390181065,-0.049118004739284515,-0.05165199190378189,0.024163898080587387,-0.19304534792900085,0.27011439204216003,-0.10881806910037994,-0.4892631471157074,0.19145382940769196,-46.31158447265625,-0.1303512305021286,0.3333631455898285,-0.006949782371520996,-0.09611388295888901,-0.02046169713139534,-0.22985276579856873,0.09201934933662415,12.071981430053711,10.687124252319336,11.432498931884766,12.124521255493164,-0.013798828236758709,-0.024531250819563866,0.0,-0.006132812704890966,0.0,-0.01737689971923828,-0.032300688326358795,7.171691686380655e-05,0.011233516968786716,0.0,-0.23191697895526886,-0.44202202558517456,-9.4960298538208,-0.08895693719387054,0.03480978682637215,-8.4202880859375,0.0,0.0,0.0,0.0,0.0,0.0,0.0,0.0,0.0,0.0,0.0,0.0,-0.016767382621765137,-0.030499057844281197,-0.001099125831387937,0.009078440256416798,0.28208452463150024,0.2548754811286926,0.26956862211227417,0.28310927748680115,-3.0452070236206055,0.5007733702659607,-0.21768216788768768,0.0,0.0,0.0,0.0,0.0,0.0,0.0
17116420921,0,-0.003834982169792056,-0.018313394859433174,-0.2636297047138214,6.569455581484362e-05,-0.04113857448101044,-0.8442511558532715,0.04011436924338341,-0.06791019439697266,-0.14555417001247406,0.007005463819950819,-0.04163829982280731,-0.5,0.023673124611377716,-0.03441079333424568,0.08551623672246933,0.0,0.0,-0.0047828578390181065,-0.049118004739284515,-0.05165199190378189,0.024163898080587387,-0.19304534792900085,0.27011439204216003,-0.10881806910037994,-0.5198279619216919,0.19865576922893524,-46.39882278442383,-0.10477021336555481,0.3253149688243866,-0.001825377345085144,-0.09616971015930176,-0.019160818308591843,-0.2314606010913849,0.09212004393339157,11.992668151855469,10.888741493225098,11.299202919006348,12.222801208496094,-0.013798828236758709,-0.026064453646540642,0.0,-0.006132812704890966,0.0,-0.01818576455116272,-0.03293488174676895,0.0007982152164913714,0.012230731546878815,0.0,-0.3454725444316864,0.14191994071006775,-9.67815113067627,-0.09327931702136993,0.024995511397719383,-8.407191276550293,0.0,0.0,0.0,0.0,0.0,0.0,0.0,0.0,0.0,0.0,0.0,0.0,-0.016782201826572418,-0.031568724662065506,-0.0009012480149976909,0.010106583125889301,0.28053662180900574,0.2588612139225006,0.26694929599761963,0.28502440452575684,-3.0452070236206055,0.5007733702659607,-0.21768216788768768,0.0,0.0,0.0,0.0,0.0,0.0,0.0
17127077973,0,-0.0034370198845863342,-0.020319528877735138,-0.2660321891307831,6.569455581484362e-05,-0.04113857448101044,-0.8442511558532715,0.040683358907699585,-0.05837930738925934,-0.14763151109218597,0.007005463819950819,-0.04163829982280731,-0.5,0.022555431351065636,-0.03546953201293945,0.08600779622793198,0.0,0.0,-0.0047828578390181065,-0.10707062482833862,-0.019336499273777008,0.017115915194153786,-0.17382577061653137,0.2754916548728943,-0.10961894690990448,-0.5724767446517944,0.17976410686969757,-46.28535842895508,-0.02218012697994709,0.2856604754924774,0.004285939037799835,-0.09629463404417038,-0.017158180475234985,-0.23462940752506256,0.09213382005691528,11.87829303741455,11.200602531433105,11.05150032043457,12.159695625305176,-0.013798828236758709,-0.027597656473517418,0.0,-0.004599609412252903,0.0,-0.020502109080553055,-0.03309581056237221,0.003092508763074875,0.013264641165733337,0.0,-0.26726898550987244,0.20469734072685242,-9.628010749816895,-0.09327931702136993,0.024995511397719383,-8.407191276550293,0.0,0.0,0.0,0.0,0.0,0.0,0.0,0.0,0.0,0.0,0.0,0.0,-0.017118025571107864,-0.03232505917549133,-0.00041800690814852715,0.011005891487002373,0.27830228209495544,0.2650095224380493,0.2620723247528076,0.2837948203086853,-2.8107597827911377,1.2927147150039673,-0.31946712732315063,0.0,0.0,0.0,0.0,0.0,0.0,0.0
17136726608,0,-0.0034370198845863342,-0.020319528877735138,-0.2660321891307831,6.569455581484362e-05,-0.04113857448101044,-0.8442511558532715,0.040683358907699585,-0.05837930738925934,-0.14763151109218597,0.005345000419765711,-0.03518833592534065,-0.5,0.022555431351065636,-0.03546953201293945,0.08600779622793198,0.0,0.0,-0.0047828578390181065,-0.10707062482833862,-0.019336499273777008,0.017115915194153786,-0.17382577061653137,0.2754916548728943,-0.10961894690990448,-0.5724767446517944,0.17976410686969757,-46.28535842895508,-0.02218012697994709,0.2856604754924774,0.004285939037799835,-0.09629463404417038,-0.017158180475234985,-0.23462940752506256,0.09213382005691528,11.87829303741455,11.200602531433105,11.05150032043457,12.159695625305176,-0.013798828236758709,-0.03066406212747097,-0.0015332031762227416,-0.004599609412252903,0.0,-0.020502109080553055,-0.03309581056237221,0.003092508763074875,0.013264641165733337,0.0,-0.26726898550987244,0.20469734072685242,-9.628010749816895,-0.10581301897764206,0.03763582929968834,-8.407453536987305,0.0,0.0,0.0,0.0,0.0,0.0,0.0,0.0,0.0,0.0,0.0,0.0,-0.01780078560113907,-0.032831836491823196,0.0003616026951931417,0.011817286722362041,0.27830228209495544,0.2650095224380493,0.2620723247528076,0.2837948203086853,-2.8107597827911377,1.2927147150039673,-0.31946712732315063,0.0,0.0,0.0,0.0,0.0,0.0,0.0
17146302645,0,-0.002606792375445366,-0.023544494062662125,-0.26964235305786133,6.569455581484362e-05,-0.04113857448101044,-0.8442511558532715,0.04574090614914894,-0.05604713410139084,-0.14912323653697968,0.005345000419765711,-0.03518833592534065,-0.5,0.018059439957141876,-0.035249412059783936,0.08625371009111404,0.0,0.0,-0.0047828578390181065,-0.12989935278892517,-0.0021252089645713568,0.01057939138263464,-0.14859971404075623,0.2775614559650421,-0.10959827899932861,-0.5819715857505798,0.2069970667362213,-46.24099349975586,0.010158088989555836,0.265326589345932,0.010972388088703156,-0.0963415578007698,-0.017158180475234985,-0.23462940752506256,0.09213382005691528,11.718243598937988,11.437987327575684,10.854752540588379,12.2348051071167,-0.013798828236758709,-0.032197266817092896,-0.0015332031762227416,-0.0015332031762227416,0.0,-0.020251229405403137,-0.033549051731824875,0.0025661056861281395,0.01424045953899622,0.0,-0.26726898550987244,0.20469734072685242,-9.628010749816895,-0.10581301897764206,0.03763582929968834,-8.407453536987305,0.0,0.0,0.0,0.0,0.0,0.0,0.0,0.0,0.0,0.0,0.0,0.0,-0.01862346939742565,-0.03315069526433945,0.0012246668338775635,0.01252843253314495,0.27830228209495544,0.2650095224380493,0.2620723247528076,0.2837948203086853,-2.6576993465423584,1.5405807495117188,-0.47976088523864746,0.0,0.0,0.0,0.0,0.0,0.0,0.0
17160116803,0,-0.0022869971580803394,-0.024698946624994278,-0.27084654569625854,6.569455581484362e-05,-0.04113857448101044,-0.8442511558532715,0.050016045570373535,-0.062099162489175797,-0.1492268592119217,0.004705407191067934,-0.03287941962480545,-0.5,0.01615976355969906,-0.035000596195459366,0.0863032415509224,0.0,0.0,-0.0047828578390181065,-0.1781330108642578,0.03727645426988602,0.001579533563926816,-0.146318256855011,0.27860718965530396,-0.10964298248291016,-0.6271395087242126,0.3107783794403076,-46.26433181762695,0.0532258078455925,0.2465255856513977,0.015814319252967834,-0.09638645499944687,-0.01670127362012863,-0.23660506308078766,0.09174994379281998,11.640769958496094,11.660006523132324,10.701784133911133,12.267060279846191,-0.013798828236758709,-0.032197266817092896,-0.0015332031762227416,-0.0015332031762227416,0.0,-0.018609672784805298,-0.03743341937661171,0.0006618183688260615,0.01849253848195076,0.0,-0.3884586691856384,-0.1997714638710022,-10.078596115112305,-0.11402536183595657,0.05650516226887703,-8.411696434020996,0.0,0.0,0.0,0.0,0.0,0.0,0.0,0.0,0.0,0.0,0.0,0.0,-0.019264286383986473,-0.0335392989218235,0.0018330999882891774,0.013345238752663136,0.27365410327911377,0.274030864238739,0.25516536831855774,0.28588631749153137,-2.1737329959869385,1.824021339416504,-0.33069583773612976,0.0,0.0,0.0,0.0,0.0,0.0,0.0
17166423298,0,-0.0022869971580803394,-0.024698946624994278,-0.27084654569625854,6.569455581484362e-05,-0.04113857448101044,-0.8442511558532715,0.050016045570373535,-0.062099162489175797,-0.1492268592119217,0.004705407191067934,-0.03287941962480545,-0.5,0.01615976355969906,-0.035000596195459366,0.0863032415509224,0.0,0.0,-0.0047828578390181065,-0.1781330108642578,0.03727645426988602,0.001579533563926816,-0.146318256855011,0.27860718965530396,-0.10964298248291016,-0.6149471402168274,0.34337830543518066,-46.18221664428711,0.08192271739244461,0.21810925006866455,0.01664586365222931,-0.09641741216182709,-0.017013322561979294,-0.23724867403507233,0.09138692170381546,11.600677490234375,11.74772834777832,10.65924072265625,12.180272102355957,-0.015332031063735485,-0.03373046964406967,-0.0015332031762227416,0.0,0.0,-0.017311537638306618,-0.037771228700876236,-0.0008243933552876115,0.019214043393731117,0.0,-0.607121467590332,0.14111027121543884,-9.878626823425293,-0.11402536183595657,0.05650516226887703,-8.411696434020996,0.0,0.0,0.0,0.0,0.0,0.0,0.0,0.0,0.0,0.0,0.0,0.0,-0.019474497064948082,-0.03428538516163826,0.0019354878459125757,0.01453389972448349,0.27286815643310547,0.27574849128723145,0.25432345271110535,0.28419581055641174,-2.1737329959869385,1.824021339416504,-0.33069583773612976,0.0,0.0,0.0,0.0,0.0,0.0,0.0
17176520626,0,-0.0016242703422904015,-0.02704603411257267,-0.27327942848205566,6.569455581484362e-05,-0.04113857448101044,-0.8442511558532715,0.04930185154080391,-0.06379317492246628,-0.15412920713424683,0.003379946807399392,-0.028185222297906876,-0.5,0.012891368940472603,-0.03410140052437782,0.08653005957603455,0.0,0.0,-0.0047828578390181065,-0.19459731876850128,0.07145644724369049,0.003296696813777089,-0.10738654434680939,0.26917824149131775,-0.10981491208076477,-0.6334466338157654,0.4609542787075043,-46.00465393066406,0.12091383337974548,0.17465537786483765,0.01161503791809082,-0.09643834084272385,-0.018165122717618942,-0.2375527322292328,0.09071088582277298,11.67671012878418,11.704241752624512,10.745975494384766,11.884913444519043,-0.015332031063735485,-0.03526367247104645,-0.003066406352445483,0.0,0.0,-0.01420049648731947,-0.04202733561396599,-0.00407958822324872,0.023738613352179527,0.0,-0.24899138510227203,-0.11359259486198425,-9.718713760375977,-0.11325933039188385,0.07182630896568298,-8.385331153869629,0.0,0.0,0.0,0.0,0.0,0.0,0.0,0.0,0.0,0.0,0.0,0.0,-0.019095124676823616,-0.035476308315992355,0.0013949638232588768,0.01615755446255207,0.2743580639362335,0.2748972177505493,0.25603973865509033,0.27843180298805237,-1.1423815488815308,1.717652678489685,0.053289610892534256,0.0,0.0,0.0,0.0,0.0,0.0,0.0
17187914347,0,-0.000826594652608037,-0.029555920511484146,-0.27574869990348816,6.569455581484362e-05,-0.04113857448101044,-0.8442511558532715,0.049203064292669296,-0.06773411482572556,-0.15896287560462952,0.0017845873953774571,-0.023165423423051834,-0.5,0.009609395638108253,-0.03296492621302605,0.0865929052233696,0.0,0.0,-0.0047828578390181065,-0.2016412764787674,0.08981184661388397,0.0031847883947193623,-0.08114781230688095,0.26062077283859253,-0.10981863737106323,-0.6334466338157654,0.4609542787075043,-46.00465393066406,0.12091383337974548,0.17465537786483765,0.01161503791809082,-0.09643834084272385,-0.018165122717618942,-0.2375527322292328,0.09071088582277298,11.6857271194458,11.761585235595703,10.768364906311035,11.782994270324707,-0.016865234822034836,-0.03526367247104645,-0.0015332031762227416,0.0015332031762227416,0.0,-0.014189541339874268,-0.041822317987680435,-0.004071108531206846,0.023943986743688583,0.0,-0.31569981575012207,0.1648327261209488,-10.486373901367188,-0.11368346959352493,0.09237595647573471,-8.362082481384277,0.0,0.0,0.0,0.0,0.0,0.0,0.0,0.0,0.0,0.0,0.0,0.0,-0.01814836636185646,-0.037065062671899796,0.00026948287268169224,0.018155746161937714,0.2743580639362335,0.2748972177505493,0.25603973865509033,0.27843180298805237,-0.8717985153198242,1.7224457263946533,0.10439403355121613,0.0,0.0,0.0,0.0,0.0,0.0,0.0
17196631329,0,-0.000826594652608037,-0.029555920511484146,-0.27574869990348816,6.569455581484362e-05,-0.04113857448101044,-0.8442511558532715,0.049203064292669296,-0.06773411482572556,-0.15896287560462952,0.0009753766935318708,-0.02062143199145794,-0.5,0.009609395638108253,-0.03296492621302605,0.0865929052233696,0.0,0.0,-0.0047828578390181065,-0.2016412764787674,0.08981184661388397,0.0031847883947193623,-0.08114781230688095,0.26062077283859253,-0.10981863737106323,-0.6252591013908386,0.508067786693573,-45.991455078125,0.1446366012096405,0.14655520021915436,0.010854937136173248,-0.09643373638391495,-0.01903393492102623,-0.23727858066558838,0.09035782516002655,11.6857271194458,11.761585235595703,10.768364906311035,11.782994270324707,-0.015332031063735485,-0.03526367247104645,0.0015332031762227416,0.003066406352445483,0.0,-0.012515821494162083,-0.04299306124448776,-0.005886344239115715,0.025112753733992577,0.0,-0.31569981575012207,0.1648327261209488,-10.486373901367188,-0.11233412474393845,0.093267060816288,-8.355127334594727,0.0,0.0,0.0,0.0,0.0,0.0,0.0,0.0,0.0,0.0,0.0,0.0,-0.01687552221119404,-0.03878774121403694,-0.0011691309046000242,0.020251011475920677,0.2745347023010254,0.27601975202560425,0.25648248195648193,0.27643871307373047,-0.8717985153198242,1.7224457263946533,0.10439403355121613,0.0,0.0,0.0,0.0,0.0,0.0,0.0
17206877120,0,-0.0004219913389533758,-0.03082790970802307,-0.2770155072212219,6.569455581484362e-05,-0.04113857448101044,-0.8442511558532715,0.04803630709648132,-0.0649871975183487,-0.16077932715415955,0.0009753766935318708,-0.02062143199145794,-0.5,0.007686216849833727,-0.03204501420259476,0.08638507127761841,0.0,0.0,-0.0047828578390181065,-0.20936250686645508,0.10040123015642166,0.0033963369205594063,-0.053628601133823395,0.2499234825372696,-0.10929360240697861,-0.61783766746521,0.5129688382148743,-45.95320129394531,0.1446366012096405,0.14655520021915436,0.010854937136173248,-0.09643373638391495,-0.01903393492102623,-0.23727858066558838,0.09035782516002655,11.7030029296875,11.785511016845703,10.759672164916992,11.71312141418457,-0.016865234822034836,-0.036796875298023224,0.003066406352445483,0.004599609412252903,0.0,-0.012125049717724323,-0.04283006116747856,-0.006296010222285986,0.025186486542224884,0.0,-0.31569981575012207,0.1648327261209488,-10.486373901367188,-0.11233412474393845,0.093267060816288,-8.355127334594727,0.0,0.0,0.0,0.0,0.0,0.0,0.0,0.0,0.0,0.0,0.0,0.0,-0.015504223294556141,-0.04034943878650665,-0.0026822714135050774,0.022128095850348473,0.2745347023010254,0.27601975202560425,0.25648248195648193,0.27643871307373047,-0.8244765996932983,1.469586730003357,0.15974420309066772,0.0,0.0,0.0,0.0,0.0,0.0,0.0
17217058055,0,-0.0004219913389533758,-0.03082790970802307,-0.2770155072212219,6.569455581484362e-05,-0.04113857448101044,-0.8442511558532715,0.04803630709648132,-0.0649871975183487,-0.16077932715415955,0.0009753766935318708,-0.02062143199145794,-0.5,0.007686216849833727,-0.03204501420259476,0.08638507127761841,0.0,0.0,-0.0047828578390181065,-0.21736033260822296,0.10429619252681732,0.008115265518426895,-0.053628601133823395,0.2499234825372696,-0.10929360240697861,-0.6668599247932434,0.5803038477897644,-46.112911224365234,0.18688203394412994,0.13149100542068481,0.004195190966129303,-0.09639827162027359,-0.021195044741034508,-0.23611661791801453,0.08976326882839203,11.925835609436035,11.71350383758545,10.922314643859863,11.559988021850586,-0.016865234822034836,-0.04139648377895355,0.0015332031762227416,0.004599609412252903,0.0,-0.01135231088846922,-0.04660581052303314,-0.0067915162071585655,0.02908356487751007,0.0,-0.4963569939136505,0.09718231856822968,-10.165542602539062,-0.11233412474393845,0.093267060816288,-8.355127334594727,0.0,0.0,0.0,0.0,0.0,0.0,0.0,0.0,0.0,0.0,0.0,0.0,-0.014188631437718868,-0.041756946593523026,-0.004097245633602142,0.023792002350091934,0.2792312800884247,0.27507850527763367,0.259523868560791,0.27207040786743164,-0.735734224319458,0.9365968704223633,0.3865894675254822,0.0,0.0,0.0,0.0,0.0,0.0,0.0
17226265293,0,0.0008907306473702192,-0.03479144722223282,-0.2809237241744995,6.569455581484362e-05,-0.04113857448101044,-0.8442511558532715,0.05365204066038132,-0.06400830298662186,-0.15391860902309418,-0.0007799390587024391,-0.015329265967011452,-0.5,0.0011649202788248658,-0.02974332682788372,0.08604240417480469,0.0,0.0,-0.0047828578390181065,-0.20480500161647797,0.0982937216758728,0.008691681548953056,-0.008883935399353504,0.23358792066574097,-0.11014225333929062,-0.6963032484054565,0.6216902732849121,-46.32759094238281,0.20004436373710632,0.13380911946296692,0.006172314286231995,-0.09634212404489517,-0.021195044741034508,-0.23611661791801453,0.08976326882839203,11.955804824829102,11.831459999084473,10.90081787109375,11.648390769958496,-0.015332031063735485,-0.04292968660593033,0.0,0.006132812704890966,0.0,-0.01096554845571518,-0.048254597932100296,-0.0071866801008582115,0.0310188140720129,0.0,-0.1861100047826767,0.09952697157859802,-9.590225219726562,-0.12003550678491592,0.10805752128362656,-8.40353012084961,0.0,0.0,0.0,0.0,0.0,0.0,0.0,0.0,0.0,0.0,0.0,0.0,-0.013036033138632774,-0.04324579983949661,-0.005285684484988451,0.025496266782283783,0.2792312800884247,0.27507850527763367,0.259523868560791,0.27207040786743164,0.43839848041534424,-0.0005713606951758265,0.19945946335792542,0.0,0.0,0.0,0.0,0.0,0.0,0.0
17236382411,0,0.0013513803714886308,-0.03611445799469948,-0.2822374999523163,6.569455581484362e-05,-0.04113857448101044,-0.8442511558532715,0.054681677371263504,-0.0622251033782959,-0.15300123393535614,-0.00257138442248106,-0.010048283264040947,-0.5,-0.0004826010554097593,-0.029191669076681137,0.0859682634472847,0.0,0.0,-0.0047828578390181065,-0.20480500161647797,0.0982937216758728,0.008691681548953056,0.003340892493724823,0.22915998101234436,-0.10987067222595215,-0.6963032484054565,0.6216902732849121,-46.32759094238281,0.20004436373710632,0.13380911946296692,0.006172314286231995,-0.09634212404489517,-0.023824987933039665,-0.2346344292163849,0.08938468992710114,11.955804824829102,11.831459999084473,10.90081787109375,11.648390769958496,-0.016865234822034836,-0.044462889432907104,0.0,0.009199218824505806,0.0,-0.01096554845571518,-0.048254597932100296,-0.0071866801008582115,0.0310188140720129,0.0,-0.1861100047826767,0.09952697157859802,-9.590225219726562,-0.13007621467113495,0.11626829952001572,-8.433537483215332,0.0,0.0,0.0,0.0,0.0,0.0,0.0,0.0,0.0,0.0,0.0,0.0,-0.01210495363920927,-0.04482623189687729,-0.0062027289532125,0.027264228090643883,0.2798168659210205,0.2773866057395935,0.2590995728969574,0.27380338311195374,0.43839848041534424,-0.0005713606951758265,0.19945946335792542,0.0,0.0,0.0,0.0,0.0,0.0,0.0
17246084531,0,0.0013513803714886308,-0.03611445799469948,-0.2822374999523163,6.569455581484362e-05,-0.04113857448101044,-0.8442511558532715,0.054681677371263504,-0.0622251033782959,-0.15300123393535614,-0.00257138442248106,-0.010048283264040947,-0.5,-0.0004826010554097593,-0.029191669076681137,0.0859682634472847,0.0,0.0,-0.0047828578390181065,-0.20480500161647797,0.0982937216758728,0.008691681548953056,0.003340892493724823,0.22915998101234436,-0.10987067222595215,-0.721680223941803,0.6545867323875427,-46.41301727294922,0.18562723696231842,0.13416576385498047,0.00996188074350357,-0.09630411118268967,-0.025087367743253708,-0.2338617444038391,0.08912868052721024,11.862619400024414,11.923977851867676,10.847530364990234,11.78878402709961,-0.015332031063735485,-0.044462889432907104,0.0,0.009199218824505806,0.0,-0.010824086144566536,-0.049606338143348694,-0.007463268470019102,0.032401327043771744,0.0,-0.19297727942466736,0.15116329491138458,-10.19912338256836,-0.13007621467113495,0.11626829952001572,-8.433537483215332,0.0,0.0,0.0,0.0,0.0,0.0,0.0,0.0,0.0,0.0,0.0,0.0,-0.011430259793996811,-0.046298496425151825,-0.006848067976534367,0.028890330344438553,0.2779959440231323,0.27919507026672363,0.25804707407951355,0.2765519917011261,0.43839848041534424,-0.0005713606951758265,0.19945946335792542,0.0,0.0,0.0,0.0,0.0,0.0,0.0
17256355193,0,0.0022609189618378878,-0.038741376250982285,-0.2848442494869232,6.569455581484362e-05,-0.04113857448101044,-0.8442511558532715,0.05549133941531181,-0.0607294924557209,-0.15562796592712402,-0.0043904706835746765,-0.004794420674443245,-0.5,-0.0031216731294989586,-0.028034912422299385,0.0863334983587265,0.0,0.0,-0.0047828578390181065,-0.15541717410087585,0.07499875873327255,0.0034839275758713484,0.003340892493724823,0.22915998101234436,-0.10987067222595215,-0.7358522415161133,0.6938942670822144,-46.3101692199707,0.1742151975631714,0.15220794081687927,0.01057925820350647,-0.09621033072471619,-0.0270291268825531,-0.2325458973646164,0.08857998251914978,11.832071304321289,11.870454788208008,10.795461654663086,11.824797630310059,-0.015332031063735485,-0.04599609225988388,-0.0015332031762227416,0.010732421651482582,0.0,-0.010092302225530148,-0.05141647905111313,-0.008313038386404514,0.03391111642122269,0.0,-0.21806932985782623,-0.2020869255065918,-10.222761154174805,-0.13379131257534027,0.126162588596344,-8.42003059387207,0.0,0.0,0.0,0.0,0.0,0.0,0.0,0.0,0.0,0.0,0.0,0.0,-0.01095934771001339,-0.04765411093831062,-0.007305417209863663,0.030343813821673393,0.27739858627319336,0.27814921736717224,0.2570180892944336,0.27725639939308167,1.3238184452056885,-0.7196006178855896,0.08205004781484604,0.0,0.0,0.0,0.0,0.0,0.0,0.0
17266302599,0,0.00317977974191308,-0.04139808937907219,-0.28740939497947693,6.569455581484362e-05,-0.04113857448101044,-0.8442511558532715,0.057367611676454544,-0.06341332197189331,-0.16923882067203522,-0.006228201556950808,0.0005190324154682457,-0.5,-0.005914814304560423,-0.027225134894251823,0.08673793822526932,0.0,0.0,-0.0047828578390181065,-0.14501623809337616,0.0654221698641777,0.0011626699706539512,0.04304388910531998,0.2172578126192093,-0.10971157252788544,-0.7621852159500122,0.7956404089927673,-45.78894805908203,0.1817501038312912,0.15764404833316803,0.01350189745426178,-0.0961473360657692,-0.0270291268825531,-0.2325458973646164,0.08857998251914978,11.650270462036133,11.815739631652832,10.570758819580078,11.766018867492676,-0.012265625409781933,-0.04599609225988388,-0.0015332031762227416,0.013798828236758709,0.0,-0.007955247536301613,-0.055486928671598434,-0.011005692183971405,0.037937525659799576,0.0,-0.21806932985782623,-0.2020869255065918,-10.222761154174805,-0.1385791301727295,0.14466188848018646,-8.325263023376465,0.0,0.0,0.0,0.0,0.0,0.0,0.0,0.0,0.0,0.0,0.0,0.0,-0.01050292607396841,-0.04911934211850166,-0.007801296189427376,0.031833019107580185,0.27739858627319336,0.27814921736717224,0.2570180892944336,0.27725639939308167,1.1780118942260742,-0.8090786337852478,0.025770224630832672,0.0,0.0,0.0,0.0,0.0,0.0,0.0
17276248863,0,0.00317977974191308,-0.04139808937907219,-0.28740939497947693,6.569455581484362e-05,-0.04113857448101044,-0.8442511558532715,0.057367611676454544,-0.06341332197189331,-0.16923882067203522,-0.006228201556950808,0.0005190324154682457,-0.5,-0.005914814304560423,-0.027225134894251823,0.08673793822526932,0.0,0.0,-0.0047828578390181065,-0.14501623809337616,0.0654221698641777,0.0011626699706539512,0.04304388910531998,0.2172578126192093,-0.10971157252788544,-0.7621852159500122,0.7956404089927673,-45.78894805908203,0.1817501038312912,0.15764404833316803,0.01350189745426178,-0.0961473360657692,-0.027976736426353455,-0.23196306824684143,0.08825702965259552,11.650270462036133,11.815739631652832,10.570758819580078,11.766018867492676,-0.010732421651482582,-0.04906250163912773,-0.0015332031762227416,0.015332031063735485,0.0,-0.007955247536301613,-0.055486928671598434,-0.011005692183971405,0.037937525659799576,0.0,-0.2804715633392334,0.1561514139175415,-9.839547157287598,-0.1385791301727295,0.14466188848018646,-8.325263023376465,0.0,0.0,0.0,0.0,0.0,0.0,0.0,0.0,0.0,0.0,0.0,0.0,-0.009906922467052937,-0.05082717165350914,-0.008512256667017937,0.033506128937006,0.2738400399684906,0.27707937359809875,0.252571165561676,0.276106595993042,1.1780118942260742,-0.8090786337852478,0.025770224630832672,0.0,0.0,0.0,0.0,0.0,0.0,0.0
17286462989,0,0.003650607308372855,-0.04268878698348999,-0.2886944115161896,6.569455581484362e-05,-0.04113857448101044,-0.8442511558532715,0.05908363685011864,-0.06583382934331894,-0.17281754314899445,-0.007169861346483231,0.0031004406046122313,-0.5,-0.007035159971565008,-0.02676321752369404,0.08675358444452286,0.0,0.0,-0.0047828578390181065,-0.14501623809337616,0.0654221698641777,0.0011626699706539512,0.0642569363117218,0.2103252410888672,-0.10904169082641602,-0.7841347455978394,0.8571444749832153,-45.683448791503906,0.17750130593776703,0.15802326798439026,0.009533554315567017,-0.09607447683811188,-0.027976736426353455,-0.23196306824684143,0.08825702965259552,11.716363906860352,11.683398246765137,10.650045394897461,11.647039413452148,-0.010732421651482582,-0.05059570446610451,-0.0015332031762227416,0.016865234822034836,0.0,-0.006709969602525234,-0.058638863265514374,-0.012229508720338345,0.04086733236908913,0.0,-0.08391077816486359,0.05429147928953171,-10.386083602905273,-0.14256995916366577,0.15584444999694824,-8.306081771850586,0.0,0.0,0.0,0.0,0.0,0.0,0.0,0.0,0.0,0.0,0.0,0.0,-0.00919621717184782,-0.05267235264182091,-0.009378478862345219,0.03528185561299324,0.2738400399684906,0.27707937359809875,0.252571165561676,0.276106595993042,1.1780118942260742,-0.8090786337852478,0.025770224630832672,0.0,0.0,0.0,0.0,0.0,0.0,0.0
17296625352,0,0.004130639601498842,-0.04398465156555176,-0.28998565673828125,6.569455581484362e-05,-0.04113857448101044,-0.8442511558532715,0.06053349748253822,-0.06954789161682129,-0.1738085001707077,-0.008129931055009365,0.005692182574421167,-0.5,-0.00801437720656395,-0.026280805468559265,0.08679323643445969,0.0,0.0,-0.0047828578390181065,-0.1133374571800232,0.05779210478067398,0.010668479837477207,0.0642569363117218,0.2103252410888672,-0.10904169082641602,-0.802827000617981,0.932393491268158,-45.689430236816406,0.16375786066055298,0.15341292321681976,-0.00014640390872955322,-0.09600622206926346,-0.02950545772910118,-0.23098903894424438,0.08773522078990936,11.931807518005371,11.429186820983887,10.921603202819824,11.420923233032227,-0.012265625409781933,-0.05366211012005806,-0.0015332031762227416,0.016865234822034836,0.0,-0.004906732589006424,-0.06284966319799423,-0.013749632053077221,0.044594235718250275,0.0,-0.39591464400291443,0.23743651807308197,-10.572818756103516,-0.14596854150295258,0.1695260852575302,-8.307168960571289,0.0,0.0,0.0,0.0,0.0,0.0,0.0,0.0,0.0,0.0,0.0,0.0,-0.008362162858247757,-0.05472966283559799,-0.01034425850957632,0.03722262382507324,0.27934813499450684,0.26950377225875854,0.2595098912715912,0.269341379404068,1.569288969039917,-0.4572017788887024,0.578906238079071,0.0,0.0,0.0,0.0,0.0,0.0,0.0
17306518132,0,0.004130639601498842,-0.04398465156555176,-0.28998565673828125,6.569455581484362e-05,-0.04113857448101044,-0.8442511558532715,0.06053349748253822,-0.06954789161682129,-0.1738085001707077,-0.010037224739789963,0.01079544611275196,-0.5,-0.00801437720656395,-0.026280805468559265,0.08679323643445969,0.0,0.0,-0.0047828578390181065,-0.1133374571800232,0.05779210478067398,0.010668479837477207,0.0642569363117218,0.2103252410888672,-0.10904169082641602,-0.802827000617981,0.932393491268158,-45.689430236816406,0.16375786066055298,0.15341292321681976,-0.00014640390872955322,-0.09600622206926346,-0.02950545772910118,-0.23098903894424438,0.08773522078990936,11.931807518005371,11.429186820983887,10.921603202819824,11.420923233032227,-0.012265625409781933,-0.055195312947034836,-0.0015332031762227416,0.018398437649011612,0.0,-0.004906732589006424,-0.06284966319799423,-0.013749632053077221,0.044594235718250275,0.0,-0.39591464400291443,0.23743651807308197,-10.572818756103516,-0.13642092049121857,0.1793469786643982,-8.369431495666504,0.0,0.0,0.0,0.0,0.0,0.0,0.0,0.0,0.0,0.0,0.0,0.0,-0.007397530134767294,-0.057045575231313705,-0.01137749757617712,0.03936545178294182,0.27934813499450684,0.26950377225875854,0.2595098912715912,0.269341379404068,1.569288969039917,-0.4572017788887024,0.578906238079071,0.0,0.0,0.0,0.0,0.0,0.0,0.0
17316432756,0,0.005084281787276268,-0.046536270529031754,-0.29256513714790344,6.569455581484362e-05,-0.04113857448101044,-0.8442511558532715,0.05442787706851959,-0.06922151148319244,-0.16794797778129578,-0.010037224739789963,0.01079544611275196,-0.5,-0.009205997921526432,-0.025070397183299065,0.08670482784509659,0.0,0.0,-0.0047828578390181065,-0.04065693914890289,0.08971424400806427,-0.0019430163083598018,0.06951601058244705,0.20061053335666656,-0.10963083803653717,-0.7503150701522827,0.9864083528518677,-46.0318717956543,0.10788014531135559,0.1120644137263298,0.01056092232465744,-0.095844566822052,-0.0302472785115242,-0.22953154146671295,0.08749883621931076,11.600555419921875,11.761066436767578,10.888053894042969,11.798513412475586,-0.010732421651482582,-0.055195312947034836,-0.003066406352445483,0.021464843302965164,0.0,-0.0017850283766165376,-0.061104197055101395,-0.01723537966609001,0.04322616010904312,0.0,-0.2504161298274994,-0.21978065371513367,-9.972343444824219,-0.13642092049121857,0.1793469786643982,-8.369431495666504,0.0,0.0,0.0,0.0,0.0,0.0,0.0,0.0,0.0,0.0,0.0,0.0,-0.0063194818794727325,-0.059175051748752594,-0.012484182603657246,0.04132106155157089,0.2728657126426697,0.27600952982902527,0.2588474452495575,0.2767423689365387,2.190248727798462,0.931477427482605,-0.30419161915779114,0.0,0.0,0.0,0.0,0.0,0.0,0.0
17326427503,0,0.005084281787276268,-0.046536270529031754,-0.29256513714790344,6.569455581484362e-05,-0.04113857448101044,-0.8442511558532715,0.05442787706851959,-0.06922151148319244,-0.16794797778129578,-0.010037224739789963,0.01079544611275196,-0.5,-0.009205997921526432,-0.025070397183299065,0.08670482784509659,0.0,0.0,-0.0047828578390181065,-0.04065693914890289,0.08971424400806427,-0.0019430163083598018,0.06951601058244705,0.20061053335666656,-0.10963083803653717,-0.7459069490432739,1.0426912307739258,-46.36666488647461,0.09321139752864838,0.09032915532588959,0.018811605870723724,-0.09576985985040665,-0.030219942331314087,-0.2286042720079422,0.08722767233848572,11.423111915588379,12.061970710754395,10.820329666137695,12.07910442352295,-0.009199218824505806,-0.05672851577401161,-0.003066406352445483,0.024531250819563866,0.0,7.277809345396236e-05,-0.06109457090497017,-0.019319171085953712,0.04374793916940689,0.0,-0.5726528763771057,0.0296329353004694,-9.682589530944824,-0.13642092049121857,0.1793469786643982,-8.369431495666504,0.0,0.0,0.0,0.0,0.0,0.0,0.0,0.0,0.0,0.0,0.0,0.0,-0.005010860972106457,-0.06065840646624565,-0.013840512372553349,0.04272158071398735,0.2693842351436615,0.28188925981521606,0.25750967860221863,0.2822233736515045,2.190248727798462,0.931477427482605,-0.30419161915779114,0.0,0.0,0.0,0.0,0.0,0.0,0.0
17336859429,0,0.006021704059094191,-0.049003053456544876,-0.2951427102088928,6.569455581484362e-05,-0.04113857448101044,-0.8442511558532715,0.0509907528758049,-0.06995605677366257,-0.1560010462999344,-0.011912078596651554,0.015729036182165146,-0.5,-0.009797392413020134,-0.0236454289406538,0.08585357666015625,0.0,0.0,-0.0047828578390181065,-0.017409496009349823,0.11050006747245789,-0.003985981922596693,0.07445694506168365,0.1893581748008728,-0.10860990732908249,-0.7484799027442932,1.0539908409118652,-46.672874450683594,0.08350621908903122,0.05639629438519478,0.017236866056919098,-0.09555970132350922,-0.029717857018113136,-0.22570699453353882,0.08644742518663406,11.474286079406738,12.137524604797363,11.001487731933594,12.08157730102539,-0.0076660155318677425,-0.05826171860098839,-0.003066406352445483,0.024531250819563866,0.0,0.0003612623841036111,-0.06109977513551712,-0.019260743632912636,0.04416424781084061,0.0,-0.37737780809402466,0.2472391277551651,-10.64694595336914,-0.13222064077854156,0.19107091426849365,-8.469395637512207,0.0,0.0,0.0,0.0,0.0,0.0,0.0,0.0,0.0,0.0,0.0,0.0,-0.0035015910398215055,-0.061469100415706635,-0.015419707633554935,0.04359489679336548,0.27038902044296265,0.2833627462387085,0.26108622550964355,0.2822715640068054,1.2938042879104614,0.9189767837524414,-0.018186302855610847,0.0,0.0,0.0,0.0,0.0,0.0,0.0
17346123406,0,0.006021704059094191,-0.049003053456544876,-0.2951427102088928,6.569455581484362e-05,-0.04113857448101044,-0.8442511558532715,0.0509907528758049,-0.06995605677366257,-0.1560010462999344,-0.014713957905769348,0.022533314302563667,-0.5,-0.009797392413020134,-0.0236454289406538,0.08585357666015625,0.0,0.0,-0.0047828578390181065,-0.017409496009349823,0.11050006747245789,-0.003985981922596693,0.07445694506168365,0.1893581748008728,-0.10860990732908249,-0.7484799027442932,1.0539908409118652,-46.672874450683594,0.08350621908903122,0.05639629438519478,0.017236866056919098,-0.09555970132350922,-0.029717857018113136,-0.22570699453353882,0.08644742518663406,11.474286079406738,12.137524604797363,11.001487731933594,12.08157730102539,-0.0076660155318677425,-0.059794921427965164,-0.004599609412252903,0.026064453646540642,0.0,0.0003612623841036111,-0.06109977513551712,-0.019260743632912636,0.04416424781084061,0.0,-0.37737780809402466,0.2472391277551651,-10.64694595336914,-0.13922995328903198,0.19609370827674866,-8.413663864135742,0.0,0.0,0.0,0.0,0.0,0.0,0.0,0.0,0.0,0.0,0.0,0.0,-0.0020598198752850294,-0.06179942563176155,-0.016907846555113792,0.044110257178545,0.27038902044296265,0.2833627462387085,0.26108622550964355,0.2822715640068054,1.2938042879104614,0.9189767837524414,-0.018186302855610847,0.0,0.0,0.0,0.0,0.0,0.0,0.0
17356723287,0,0.007422636728733778,-0.05240517482161522,-0.29906904697418213,6.569455581484362e-05,-0.04113857448101044,-0.8442511558532715,0.05292460322380066,-0.06499183923006058,-0.16393987834453583,-0.014713957905769348,0.022533314302563667,-0.5,-0.010428518056869507,-0.02083314023911953,0.08601909875869751,0.0,0.0,-0.0047828578390181065,-0.0068243807181715965,0.12410106509923935,-0.004290880635380745,0.07987529039382935,0.16709914803504944,-0.10881862044334412,-0.7672417759895325,1.059523105621338,-46.48817443847656,0.07421049475669861,0.03135666996240616,0.016738899052143097,-0.09545612335205078,-0.02940721996128559,-0.22413447499275208,0.08611766248941422,11.387324333190918,12.102901458740234,11.020508766174316,11.999324798583984,-0.0076660155318677425,-0.059794921427965164,-0.004599609412252903,0.027597656473517418,0.0,-3.685236151795834e-05,-0.061976537108421326,-0.01879277266561985,0.04519311338663101,0.0,-0.20172961056232452,-0.0019605818670243025,-10.294333457946777,-0.13922995328903198,0.19609370827674866,-8.413663864135742,0.0,0.0,0.0,0.0,0.0,0.0,0.0,0.0,0.0,0.0,0.0,0.0,-0.000922349572647363,-0.06187323108315468,-0.018052315339446068,0.04442114010453224,0.2686813771724701,0.2826876640319824,0.26146143674850464,0.2806665599346161,1.248917579650879,1.164141297340393,0.03214191645383835,0.0,0.0,0.0,0.0,0.0,0.0,0.0
17366534842,0,0.007923353463411331,-0.05350474640727043,-0.30040955543518066,6.569455581484362e-05,-0.04113857448101044,-0.8442511558532715,0.05512785166501999,-0.06531233340501785,-0.1708134114742279,-0.015715396031737328,0.024732466787099838,-0.5,-0.010220631957054138,-0.01949557103216648,0.08602093160152435,0.0,0.0,-0.0047828578390181065,0.025131208822131157,0.15087740123271942,-0.010167116299271584,0.0784173309803009,0.15643778443336487,-0.108832448720932,-0.7924415469169617,1.1081181764602661,-46.015140533447266,0.058101218193769455,0.0007363482727669179,0.022776491940021515,-0.09532520174980164,-0.02940721996128559,-0.22413447499275208,0.08611766248941422,10.92331314086914,12.07496166229248,10.881240844726562,11.917417526245117,-0.006132812704890966,-0.06132812425494194,-0.006132812704890966,0.029130859300494194,0.0,0.0007318462594412267,-0.06427332013845444,-0.01978055015206337,0.047707539051771164,0.0,-0.20172961056232452,-0.0019605818670243025,-10.294333457946777,-0.1440802812576294,0.20147603750228882,-8.366389274597168,0.0,0.0,0.0,0.0,0.0,0.0,0.0,0.0,0.0,0.0,0.0,0.0,-0.00014570225903298706,-0.061994101852178574,-0.018818968906998634,0.044785015285015106,0.2686813771724701,0.2826876640319824,0.26146143674850464,0.2806665599346161,1.5313899517059326,1.2251371145248413,-0.0626521110534668,0.0,0.0,0.0,0.0,0.0,0.0,0.0
17376395684,0,0.007923353463411331,-0.05350474640727043,-0.30040955543518066,6.569455581484362e-05,-0.04113857448101044,-0.8442511558532715,0.05512785166501999,-0.06531233340501785,-0.1708134114742279,-0.015715396031737328,0.024732466787099838,-0.5,-0.010220631957054138,-0.01949557103216648,0.08602093160152435,0.0,0.0,-0.0047828578390181065,0.025131208822131157,0.15087740123271942,-0.010167116299271584,0.0784173309803009,0.15643778443336487,-0.108832448720932,-0.7765970826148987,1.1080423593521118,-45.77257537841797,0.03007286973297596,-0.030421162024140358,0.021642006933689117,-0.09518158435821533,-0.02829446643590927,-0.21960438787937164,0.08520418405532837,10.92331314086914,12.07496166229248,10.881240844726562,11.917417526245117,-0.006132812704890966,-0.06439453363418579,-0.0076660155318677425,0.03066406212747097,0.0,0.001256519928574562,-0.06379326432943344,-0.02027866058051586,0.047247812151908875,0.0,-0.23476152122020721,0.4441017508506775,-10.170117378234863,-0.1440802812576294,0.20147603750228882,-8.366389274597168,0.0,0.0,0.0,0.0,0.0,0.0,0.0,0.0,0.0,0.0,0.0,0.0,0.00038693659007549286,-0.06234602630138397,-0.019350867718458176,0.045366059988737106,0.25954362750053406,0.2821427285671234,0.258713036775589,0.27906712889671326,1.5313899517059326,1.2251371145248413,-0.0626521110534668,0.0,0.0,0.0,0.0,0.0,0.0,0.0
17386357728,0,0.008888494223356247,-0.05558032914996147,-0.30314576625823975,6.569455581484362e-05,-0.04113857448101044,-0.8442511558532715,0.05175488442182541,-0.06231844425201416,-0.1806856244802475,-0.017645686864852905,0.02888365462422371,-0.5,-0.009173101745545864,-0.016528788954019547,0.08618142455816269,0.0,0.0,-0.0047828578390181065,0.025131208822131157,0.15087740123271942,-0.010167116299271584,0.07103824615478516,0.12728092074394226,-0.10783262550830841,-0.7570807933807373,1.108715534210205,-45.703330993652344,-0.02437957562506199,-0.06701074540615082,0.02480417490005493,-0.09488656371831894,-0.02641427516937256,-0.21431848406791687,0.08437271416187286,10.687853813171387,12.109543800354004,10.924127578735352,12.008576393127441,-0.006132812704890966,-0.06286133080720901,-0.0076660155318677425,0.032197266817092896,0.0,0.001982071902602911,-0.06303306668996811,-0.02082323282957077,0.04636022821068764,0.0,-0.21226203441619873,0.2269730269908905,-10.35094928741455,-0.13882403075695038,0.20287032425403595,-8.309818267822266,0.0,0.0,0.0,0.0,0.0,0.0,0.0,0.0,0.0,0.0,0.0,0.0,0.000818623520899564,-0.06277323514223099,-0.01978580839931965,0.045979321002960205,0.25488993525505066,0.28281715512275696,0.25955963134765625,0.2808471918106079,1.5313899517059326,1.2251371145248413,-0.0626521110534668,0.0,0.0,0.0,0.0,0.0,0.0,0.0
17396984892,0,0.009830714203417301,-0.05743807926774025,-0.3059445321559906,6.569455581484362e-05,-0.04113857448101044,-0.8442511558532715,0.04897031933069229,-0.06256190687417984,-0.1813182681798935,-0.01953013613820076,0.03259917348623276,-0.5,-0.007686829660087824,-0.013466796837747097,0.08567451685667038,0.0,0.0,-0.0047828578390181065,0.08363806456327438,0.17029646039009094,-0.01794140785932541,0.05916038528084755,0.10814844071865082,-0.10847758501768112,-0.74031001329422,1.153761386871338,-45.790340423583984,-0.049368713051080704,-0.07997029274702072,0.030231505632400513,-0.09471113979816437,-0.02641427516937256,-0.21431848406791687,0.08437271416187286,10.515606880187988,12.249411582946777,10.868155479431152,12.185456275939941,-0.004599609412252903,-0.06286133080720901,-0.0076660155318677425,0.03373046964406967,0.0,0.004111066460609436,-0.06311450153589249,-0.0229243915528059,0.04652373120188713,0.0,-0.21226203441619873,0.2269730269908905,-10.35094928741455,-0.13460181653499603,0.20977480709552765,-8.325516700744629,0.0,0.0,0.0,0.0,0.0,0.0,0.0,0.0,0.0,0.0,0.0,0.0,0.0013103635283187032,-0.06307010352611542,-0.020262956619262695,0.04639970511198044,0.25488993525505066,0.28281715512275696,0.25955963134765625,0.2808471918106079,1.8573068380355835,0.5541480183601379,-0.30410492420196533,0.0,0.0,0.0,0.0,0.0,0.0,0.0
17406345430,0,0.01028764620423317,-0.0583038255572319,-0.30737191438674927,6.569455581484362e-05,-0.04113857448101044,-0.8442511558532715,0.04572082310914993,-0.06117505580186844,-0.1806165724992752,-0.020444005727767944,0.03433067351579666,-0.5,-0.006863143760710955,-0.011937249451875687,0.08523927628993988,0.0,0.0,-0.0047828578390181065,0.08363806456327438,0.17029646039009094,-0.01794140785932541,0.05916038528084755,0.10814844071865082,-0.10847758501768112,-0.74031001329422,1.153761386871338,-45.790340423583984,-0.049368713051080704,-0.07997029274702072,0.030231505632400513,-0.09471113979816437,-0.0249954666942358,-0.21115301549434662,0.08383427560329437,10.515606880187988,12.249411582946777,10.868155479431152,12.185456275939941,-0.003066406352445483,-0.06132812425494194,-0.009199218824505806,0.03373046964406967,0.0,0.004111066460609436,-0.06311450153589249,-0.0229243915528059,0.04652373120188713,0.0,-0.28283923864364624,0.39825376868247986,-10.427108764648438,-0.1290767788887024,0.20959365367889404,-8.339924812316895,0.0,0.0,0.0,0.0,0.0,0.0,0.0,0.0,0.0,0.0,0.0,0.0,0.001970798708498478,-0.0632205456495285,-0.02089180052280426,0.046621792018413544,0.251477986574173,0.28554266691207886,0.25845447182655334,0.2842968702316284,1.8573068380355835,0.5541480183601379,-0.30410492420196533,0.0,0.0,0.0,0.0,0.0,0.0,0.0
17416525314,0,0.01028764620423317,-0.0583038255572319,-0.30737191438674927,6.569455581484362e-05,-0.04113857448101044,-0.8442511558532715,0.04572082310914993,-0.06117505580186844,-0.1806165724992752,-0.020444005727767944,0.03433067351579666,-0.5,-0.006863143760710955,-0.011937249451875687,0.08523927628993988,0.0,0.0,-0.0047828578390181065,0.10790746659040451,0.16752877831459045,-0.013400165364146233,0.05284241959452629,0.09586764872074127,-0.10796898603439331,-0.6946020722389221,1.1905030012130737,-46.0056266784668,-0.08238828927278519,-0.09421546757221222,0.023355022072792053,-0.09434984624385834,-0.0249954666942358,-0.21115301549434662,0.08383427560329437,10.669313430786133,12.10275650024414,11.166274070739746,12.09792709350586,-0.0015332031762227416,-0.06286133080720901,-0.009199218824505806,0.03526367247104645,0.0,0.00682086031883955,-0.06358533352613449,-0.02488836459815502,0.04663075506687164,0.0,-0.2763366103172302,0.1449490189552307,-10.314372062683105,-0.1290767788887024,0.20959365367889404,-8.339924812316895,0.0,0.0,0.0,0.0,0.0,0.0,0.0,0.0,0.0,0.0,0.0,0.0,0.002815553918480873,-0.06329669058322906,-0.021666742861270905,0.04671785980463028,0.251477986574173,0.28554266691207886,0.25845447182655334,0.2842968702316284,1.3776146173477173,-0.03156609088182449,0.07400241494178772,0.0,0.0,0.0,0.0,0.0,0.0,0.0
17426944611,0,0.01028764620423317,-0.0583038255572319,-0.30737191438674927,6.569455581484362e-05,-0.04113857448101044,-0.8442511558532715,0.04572082310914993,-0.06117505580186844,-0.1806165724992752,-0.020444005727767944,0.03433067351579666,-0.5,-0.006863143760710955,-0.011937249451875687,0.08523927628993988,0.0,0.0,-0.0047828578390181065,0.10790746659040451,0.16752877831459045,-0.013400165364146233,0.05284241959452629,0.09586764872074127,-0.10796898603439331,-0.6946020722389221,1.1905030012130737,-46.0056266784668,-0.08238828927278519,-0.09421546757221222,0.023355022072792053,-0.09434984624385834,-0.021755419671535492,-0.20486214756965637,0.08287045359611511,10.669313430786133,12.10275650024414,11.166274070739746,12.09792709350586,-0.0015332031762227416,-0.06132812425494194,-0.010732421651482582,0.03526367247104645,0.0,0.00682086031883955,-0.06358533352613449,-0.02488836459815502,0.04663075506687164,0.0,-0.21786610782146454,0.3687119483947754,-9.910931587219238,-0.1290767788887024,0.20959365367889404,-8.339924812316895,0.0,0.0,0.0,0.0,0.0,0.0,0.0,0.0,0.0,0.0,0.0,0.0,0.0038450947031378746,-0.06336568295955658,-0.022551745176315308,0.046744100749492645,0.2545229494571686,0.2826847732067108,0.2643337845802307,0.2825905680656433,1.3776146173477173,-0.03156609088182449,0.07400241494178772,0.0,0.0,0.0,0.0,0.0,0.0,0.0
17436685951,0,0.011210042983293533,-0.05995791405439377,-0.31028032302856445,6.569455581484362e-05,-0.04113857448101044,-0.8442511558532715,0.04321640357375145,-0.06315546482801437,-0.17649200558662415,-0.022288808599114418,0.037638869136571884,-0.5,-0.005106040742248297,-0.009092415682971478,0.08447398990392685,0.0,0.0,-0.0047828578390181065,0.11133438348770142,0.15893317759037018,-0.013491068966686726,0.05284241959452629,0.09586764872074127,-0.10796898603439331,-0.6896618604660034,1.2047832012176514,-46.121368408203125,-0.0884217917919159,-0.09168136119842529,0.024374887347221375,-0.09414107352495193,-0.019801834598183632,-0.20136113464832306,0.08243612945079803,10.667337417602539,12.143877029418945,11.17490291595459,12.166301727294922,0.0,-0.059794921427965164,-0.012265625409781933,0.03526367247104645,0.0,0.0074804420582950115,-0.06362350285053253,-0.025457128882408142,0.04665886610746384,0.0,-0.03828252851963043,0.32759547233581543,-10.045388221740723,-0.1253930628299713,0.21905148029327393,-8.385703086853027,0.0,0.0,0.0,0.0,0.0,0.0,0.0,0.0,0.0,0.0,0.0,0.0,0.004930972587317228,-0.06344190239906311,-0.02344440668821335,0.04673738777637482,0.2544838488101959,0.2834864854812622,0.26450368762016296,0.2839236855506897,0.8438380360603333,-0.46086207032203674,-0.018313802778720856,0.0,0.0,0.0,0.0,0.0,0.0,0.0
17446304004,0,0.012202340178191662,-0.06142346188426018,-0.31326907873153687,6.569455581484362e-05,-0.04113857448101044,-0.8442511558532715,0.04250437021255493,-0.05993957445025444,-0.1731071025133133,-0.02427341230213642,0.0405699796974659,-0.5,-0.0031421701423823833,-0.006737355142831802,0.08395564556121826,0.0,0.0,-0.0047828578390181065,0.10444637387990952,0.13385970890522003,-0.01278823520988226,0.02402547001838684,0.05399682745337486,-0.10646717995405197,-0.68930983543396,1.202433466911316,-46.2664909362793,-0.0884217917919159,-0.09168136119842529,0.024374887347221375,-0.09414107352495193,-0.019801834598183632,-0.20136113464832306,0.08243612945079803,10.766376495361328,12.157896995544434,11.263145446777344,12.216986656188965,0.0,-0.059794921427965164,-0.012265625409781933,0.036796875298023224,0.0,0.007346026133745909,-0.06347129493951797,-0.02519490197300911,0.04638690501451492,0.0,-0.03828252851963043,0.32759547233581543,-10.045388221740723,-0.1267186999320984,0.21758636832237244,-8.421709060668945,0.0,0.0,0.0,0.0,0.0,0.0,0.0,0.0,0.0,0.0,0.0,0.0,0.005898838397115469,-0.06350411474704742,-0.02421649545431137,0.04670575261116028,0.2544838488101959,0.2834864854812622,0.26450368762016296,0.2839236855506897,-0.06557608395814896,-1.0950868129730225,-0.019909560680389404,0.0,0.0,0.0,0.0,0.0,0.0,0.0
17458114907,0,0.012202340178191662,-0.06142346188426018,-0.31326907873153687,6.569455581484362e-05,-0.04113857448101044,-0.8442511558532715,0.04250437021255493,-0.05993957445025444,-0.1731071025133133,-0.02618076093494892,0.0432414785027504,-0.5,-0.0031421701423823833,-0.006737355142831802,0.08395564556121826,0.0,0.0,-0.0047828578390181065,0.10444637387990952,0.13385970890522003,-0.01278823520988226,0.02402547001838684,0.05399682745337486,-0.10646717995405197,-0.7007222771644592,1.166839361190796,-46.37184143066406,-0.09245280176401138,-0.08362699300050735,0.02314344048500061,-0.0937315970659256,-0.016155175864696503,-0.19496001303195953,0.08164029568433762,10.766376495361328,12.157896995544434,11.263145446777344,12.216986656188965,0.0015332031762227416,-0.06132812425494194,-0.012265625409781933,0.036796875298023224,0.0,0.005843705963343382,-0.06273000687360764,-0.023679377511143684,0.0457228384912014,0.0,-0.18476246297359467,0.3511108458042145,-10.292394638061523,-0.128843292593956,0.2077733427286148,-8.406058311462402,0.0,0.0,0.0,0.0,0.0,0.0,0.0,0.0,0.0,0.0,0.0,0.0,0.006578788161277771,-0.06350147724151611,-0.02471894398331642,0.04661327227950096,0.25644317269325256,0.2837597131729126,0.2662402391433716,0.2849111258983612,-0.06557608395814896,-1.0950868129730225,-0.019909560680389404,0.0,0.0,0.0,0.0,0.0,0.0,0.0
17466167127,0,0.01363911759108305,-0.0633746087551117,-0.3178848624229431,6.569455581484362e-05,-0.04113857448101044,-0.8442511558532715,0.041740428656339645,-0.048338547348976135,-0.18240642547607422,-0.02714698202908039,0.04447229206562042,-0.5,-0.00038340245373547077,-0.004007809795439243,0.08415498584508896,0.0,0.0,-0.0047828578390181065,0.09267187118530273,0.0960138589143753,-0.007136101834475994,0.0006170448032207787,0.026944098994135857,-0.1065337210893631,-0.717658281326294,1.1059808731079102,-46.003273010253906,-0.09357332438230515,-0.05131653696298599,0.017691031098365784,-0.09329957515001297,-0.016155175864696503,-0.19496001303195953,0.08164029568433762,10.856033325195312,11.877569198608398,11.261978149414062,12.037405967712402,0.003066406352445483,-0.06286133080720901,-0.013798828236758709,0.036796875298023224,0.0,0.003305102000012994,-0.06286285072565079,-0.02119726687669754,0.045153096318244934,0.0,-0.26254624128341675,0.27663299441337585,-10.28003978729248,-0.13048332929611206,0.20108743011951447,-8.36423110961914,0.0,0.0,0.0,0.0,0.0,0.0,0.0,0.0,0.0,0.0,0.0,0.0,0.0067297471687197685,-0.06339814513921738,-0.024729633703827858,0.04640783369541168,0.25644317269325256,0.2837597131729126,0.2662402391433716,0.2849111258983612,-0.3903373181819916,-1.7898149490356445,0.08408340811729431,0.0,0.0,0.0,0.0,0.0,0.0,0.0
17476545157,0,0.01411239430308342,-0.0639617070555687,-0.3194679915904999,6.569455581484362e-05,-0.04113857448101044,-0.8442511558532715,0.03924301266670227,-0.043061334639787674,-0.18775765597820282,-0.02809354104101658,0.04564649239182472,-0.5,0.000544268696103245,-0.003381189424544573,0.08424308896064758,0.0,0.0,-0.0047828578390181065,0.09240231662988663,0.06717900931835175,-0.010129028931260109,0.0006170448032207787,0.026944098994135857,-0.1065337210893631,-0.717658281326294,1.1059808731079102,-46.003273010253906,-0.09357332438230515,-0.05131653696298599,0.017691031098365784,-0.09329957515001297,-0.01274855062365532,-0.1889289915561676,0.08104884624481201,10.856033325195312,11.877569198608398,11.261978149414062,12.037405967712402,0.004599609412252903,-0.06592773646116257,-0.013798828236758709,0.036796875298023224,0.0,0.003305102000012994,-0.06286285072565079,-0.02119726687669754,0.045153096318244934,0.0,-0.26254624128341675,0.27663299441337585,-10.28003978729248,-0.12768645584583282,0.1921616494655609,-8.3307523727417,0.0,0.0,0.0,0.0,0.0,0.0,0.0,0.0,0.0,0.0,0.0,0.0,0.006289159879088402,-0.06324241310358047,-0.024197576567530632,0.04610154405236244,0.2582150101661682,0.2782882750034332,0.26621735095977783,0.2814098596572876,-0.23174285888671875,-2.2979702949523926,-0.16847707331180573,0.0,0.0,0.0,0.0,0.0,0.0,0.0
17486556957,0,0.01411239430308342,-0.0639617070555687,-0.3194679915904999,6.569455581484362e-05,-0.04113857448101044,-0.8442511558532715,0.03924301266670227,-0.043061334639787674,-0.18775765597820282,-0.02911137230694294,0.04672522470355034,-0.5,0.000544268696103245,-0.003381189424544573,0.08424308896064758,0.0,0.0,-0.0047828578390181065,0.09240231662988663,0.06717900931835175,-0.010129028931260109,0.0006170448032207787,0.026944098994135857,-0.1065337210893631,-0.7022755146026611,1.0568890571594238,-45.81913757324219,-0.10291511565446854,-0.019954223185777664,0.02226334810256958,-0.09306225180625916,-0.010948576964437962,-0.1860409379005432,0.08076126873493195,10.729960441589355,11.882646560668945,11.067122459411621,12.169492721557617,0.004599609412252903,-0.06746093928813934,-0.015332031063735485,0.036796875298023224,0.0,0.002257248619571328,-0.06089218705892563,-0.020470108836889267,0.04280894622206688,0.0,-0.028879299759864807,0.5413488149642944,-9.782238006591797,-0.1302373707294464,0.18659181892871857,-8.314643859863281,0.0,0.0,0.0,0.0,0.0,0.0,0.0,0.0,0.0,0.0,0.0,0.0,0.0054734935984015465,-0.06300486624240875,-0.023348720744252205,0.04566775634884834,0.2557229697704315,0.2783873379230499,0.262380450963974,0.2839858829975128,-0.23174285888671875,-2.2979702949523926,-0.16847707331180573,0.0,0.0,0.0,0.0,0.0,0.0,0.0
17498981335,0,0.014621308073401451,-0.0645010694861412,-0.32105568051338196,6.569455581484362e-05,-0.04113857448101044,-0.8442511558532715,0.03935718536376953,-0.03936677798628807,-0.19101017713546753,-0.02911137230694294,0.04672522470355034,-0.5,0.0015593416756018996,-0.003077930072322488,0.08419782668352127,0.0,0.0,-0.0047828578390181065,0.09240231662988663,0.06717900931835175,-0.010129028931260109,-0.012830224819481373,0.024245085194706917,-0.10677392780780792,-0.7022755146026611,1.0568890571594238,-45.81913757324219,-0.10291511565446854,-0.019954223185777664,0.02226334810256958,-0.09306225180625916,-0.010948576964437962,-0.1860409379005432,0.08076126873493195,10.626333236694336,11.923750877380371,10.789841651916504,12.42300033569336,0.0076660155318677425,-0.06439453363418579,-0.015332031063735485,0.038330078125,0.0,0.0022792653180658817,-0.060682009905576706,-0.020996246486902237,0.04193484038114548,0.0,-0.028879299759864807,0.5413488149642944,-9.782238006591797,-0.1302373707294464,0.18659181892871857,-8.314643859863281,0.0,0.0,0.0,0.0,0.0,0.0,0.0,0.0,0.0,0.0,0.0,0.0,0.00452820910140872,-0.06257940083742142,-0.022457879036664963,0.04499470442533493,0.2557229697704315,0.2783873379230499,0.262380450963974,0.2839858829975128,-0.23174285888671875,-2.2979702949523926,-0.16847707331180573,0.0,0.0,0.0,0.0,0.0,0.0,0.0
17506574164,0,0.014621308073401451,-0.0645010694861412,-0.32105568051338196,6.569455581484362e-05,-0.04113857448101044,-0.8442511558532715,0.03935718536376953,-0.03936677798628807,-0.19101017713546753,-0.031142955645918846,0.04868841543793678,-0.5,0.0015593416756018996,-0.003077930072322488,0.08419782668352127,0.0,0.0,-0.0047828578390181065,0.09240231662988663,0.06717900931835175,-0.010129028931260109,-0.012830224819481373,0.024245085194706917,-0.10677392780780792,-0.7093806266784668,1.0358492136001587,-45.73029327392578,-0.10950201004743576,0.04316912963986397,0.028997018933296204,-0.09260653704404831,-0.00757255544885993,-0.18164484202861786,0.08007530868053436,10.626333236694336,11.923750877380371,10.789841651916504,12.42300033569336,0.0076660155318677425,-0.06132812425494194,-0.015332031063735485,0.036796875298023224,0.0,0.0013894544681534171,-0.0602264478802681,-0.020027900114655495,0.04157783091068268,0.0,-0.29400378465652466,0.5551455020904541,-9.900786399841309,-0.12661293148994446,0.18857036530971527,-8.352596282958984,0.0,0.0,0.0,0.0,0.0,0.0,0.0,0.0,0.0,0.0,0.0,0.0,0.0036062507424503565,-0.06200871244072914,-0.021681098267436028,0.04412291571497917,0.25367191433906555,0.27919062972068787,0.25690698623657227,0.28891992568969727,-0.23174285888671875,-2.2979702949523926,-0.16847707331180573,0.0,0.0,0.0,0.0,0.0,0.0,0.0
17517233216,0,0.015637094154953957,-0.06548266112804413,-0.32420507073402405,6.569455581484362e-05,-0.04113857448101044,-0.8442511558532715,0.035502880811691284,-0.03896376118063927,-0.1883842647075653,-0.031142955645918846,0.04868841543793678,-0.5,0.003066858509555459,-0.0032052858732640743,0.08384368568658829,0.0,0.0,-0.0047828578390181065,0.0811072289943695,-0.01831471174955368,-0.015256018377840519,-0.02482929825782776,0.02504589594900608,-0.10635189712047577,-0.6963711380958557,1.0371370315551758,-45.93927764892578,-0.10950201004743576,0.04316912963986397,0.028997018933296204,-0.09260653704404831,-0.00757255544885993,-0.18164484202861786,0.08007530868053436,10.792181015014648,11.875166893005371,10.855621337890625,12.453039169311523,0.009199218824505806,-0.059794921427965164,-0.015332031063735485,0.036796875298023224,0.0,0.0018364820862188935,-0.060123544186353683,-0.020372256636619568,0.04114440828561783,0.0,-0.29400378465652466,0.5551455020904541,-9.900786399841309,-0.12661293148994446,0.18857036530971527,-8.352596282958984,0.0,0.0,0.0,0.0,0.0,0.0,0.0,0.0,0.0,0.0,0.0,0.0,0.0028054318390786648,-0.06141543388366699,-0.021054565906524658,0.04322099685668945,0.25367191433906555,0.27919062972068787,0.25690698623657227,0.28891992568969727,-0.43309518694877625,-2.7032365798950195,-0.21975907683372498,0.0,0.0,0.0,0.0,0.0,0.0,0.0
17526730163,0,0.016148459166288376,-0.06589865684509277,-0.32574063539505005,6.569455581484362e-05,-0.04113857448101044,-0.8442511558532715,0.03749648481607437,-0.03851839527487755,-0.18269799649715424,-0.03216569125652313,0.04952041432261467,-0.5,0.0036610898096114397,-0.0034628703724592924,0.08356761187314987,0.0,0.0,-0.0047828578390181065,0.0797450840473175,-0.042893894016742706,-0.010500026866793633,-0.03245203197002411,0.03128257393836975,-0.10535730421543121,-0.7307736277580261,1.04215669631958,-46.21412658691406,-0.11207257211208344,0.10240936279296875,0.020515888929367065,-0.09212381392717361,-0.004308306612074375,-0.17850930988788605,0.07940292358398438,11.046845436096191,11.741024017333984,11.036270141601562,12.427424430847168,0.009199218824505806,-0.059794921427965164,-0.015332031063735485,0.036796875298023224,0.0,0.0009012467344291508,-0.061955876648426056,-0.019049715250730515,0.042394038289785385,0.0,-0.2518865168094635,0.5807127952575684,-9.291812896728516,-0.1328679323196411,0.18948304653167725,-8.402568817138672,0.0,0.0,0.0,0.0,0.0,0.0,0.0,0.0,0.0,0.0,0.0,0.0,0.0021690153516829014,-0.060974542051553726,-0.020543627440929413,0.04247187823057175,0.2619805932044983,0.27561742067337036,0.2617722153663635,0.28900590538978577,-0.2918905019760132,-2.7291221618652344,0.021425047889351845,0.0,0.0,0.0,0.0,0.0,0.0,0.0
17536328159,0,0.016148459166288376,-0.06589865684509277,-0.32574063539505005,6.569455581484362e-05,-0.04113857448101044,-0.8442511558532715,0.03749648481607437,-0.03851839527487755,-0.18269799649715424,-0.03216569125652313,0.04952041432261467,-0.5,0.0036610898096114397,-0.0034628703724592924,0.08356761187314987,0.0,0.0,-0.0047828578390181065,0.09113779664039612,-0.06538692861795425,-0.00830700621008873,-0.03245203197002411,0.03128257393836975,-0.10535730421543121,-0.7179214954376221,1.0637924671173096,-46.52181625366211,-0.13884980976581573,0.1279347836971283,0.01881071925163269,-0.09185779839754105,-0.0024413650389760733,-0.17731358110904694,0.07914094626903534,11.163439750671387,11.69338607788086,11.158742904663086,12.541683197021484,0.006132812704890966,-0.06132812425494194,-0.015332031063735485,0.036796875298023224,0.0,0.002009997144341469,-0.06244991347193718,-0.019907621666789055,0.042278483510017395,0.0,-0.1652251034975052,0.6805629134178162,-9.450350761413574,-0.1328679323196411,0.18948304653167725,-8.402568817138672,0.0,0.0,0.0,0.0,0.0,0.0,0.0,0.0,0.0,0.0,0.0,0.0,0.00171637290623039,-0.06087705120444298,-0.02011726424098015,0.042026109993457794,0.26427799463272095,0.2746846377849579,0.2641856074333191,0.2912253737449646,0.41329172253608704,-2.4547510147094727,0.03193400055170059,0.0,0.0,0.0,0.0,0.0,0.0,0.0
17546154148,0,0.017697308212518692,-0.06695651262998581,-0.33022335171699524,6.569455581484362e-05,-0.04113857448101044,-0.8442511558532715,0.03376487269997597,-0.027370641008019447,-0.1608920693397522,-0.03526340425014496,0.05163613334298134,-0.5,0.006806629244238138,-0.0057392423041164875,0.08265814185142517,0.0,0.0,-0.0047828578390181065,0.1333473026752472,-0.0965484082698822,-0.00889434665441513,-0.054901786148548126,0.04467376321554184,-0.10494624078273773,-0.744940459728241,0.8917622566223145,-47.28744125366211,-0.22607818245887756,0.17233309149742126,0.021328017115592957,-0.09132235497236252,0.002274417085573077,-0.1757451593875885,0.07871391624212265,11.224451065063477,11.743515014648438,11.354379653930664,12.996155738830566,0.006132812704890966,-0.06592773646116257,-0.015332031063735485,0.036796875298023224,0.0,-0.004218842834234238,-0.05775974690914154,-0.013314442709088326,0.03689606115221977,0.0,-0.1652251034975052,0.6805629134178162,-9.450350761413574,-0.1351303607225418,0.16920848190784454,-8.574939727783203,0.0,0.0,0.0,0.0,0.0,0.0,0.0,0.0,0.0,0.0,0.0,0.0,0.0012094432022422552,-0.060880180448293686,-0.019525155425071716,0.0416104756295681,0.2654789388179779,0.27566608786582947,0.26803404092788696,0.3000287711620331,1.586990237236023,-1.6704782247543335,-0.18015079200267792,0.0,0.0,0.0,0.0,0.0,0.0,0.0
17556250029,0,0.01873963139951229,-0.06744640320539474,-0.33310893177986145,6.569455581484362e-05,-0.04113857448101044,-0.8442511558532715,0.02942804992198944,-0.014994526281952858,-0.1569281667470932,-0.03734806180000305,0.052615921944379807,-0.5,0.009537223726511002,-0.007598811760544777,0.08237206935882568,0.0,0.0,-0.0047828578390181065,0.1333473026752472,-0.0965484082698822,-0.00889434665441513,-0.08477816730737686,0.06158008426427841,-0.10525760054588318,-0.744940459728241,0.8917622566223145,-47.28744125366211,-0.22607818245887756,0.17233309149742126,0.021328017115592957,-0.09132235497236252,0.002274417085573077,-0.1757451593875885,0.07871391624212265,11.224451065063477,11.743515014648438,11.354379653930664,12.996155738830566,0.006132812704890966,-0.06286133080720901,-0.015332031063735485,0.036796875298023224,0.0,-0.004218842834234238,-0.05775974690914154,-0.013314442709088326,0.03689606115221977,0.0,-0.3968517780303955,0.47904929518699646,-9.109848976135254,-0.13399970531463623,0.14429357647895813,-8.60103988647461,0.0,0.0,0.0,0.0,0.0,0.0,0.0,0.0,0.0,0.0,0.0,0.0,0.0002458101080264896,-0.06052228435873985,-0.018392058089375496,0.04078442230820656,0.2654789388179779,0.27566608786582947,0.26803404092788696,0.3000287711620331,1.586990237236023,-1.6704782247543335,-0.18015079200267792,0.0,0.0,0.0,0.0,0.0,0.0,0.0
17566814446,0,0.01873963139951229,-0.06744640320539474,-0.33310893177986145,6.569455581484362e-05,-0.04113857448101044,-0.8442511558532715,0.02942804992198944,-0.014994526281952858,-0.1569281667470932,-0.03734806180000305,0.052615921944379807,-0.5,0.009537223726511002,-0.007598811760544777,0.08237206935882568,0.0,0.0,-0.0047828578390181065,0.1333473026752472,-0.0965484082698822,-0.00889434665441513,-0.08477816730737686,0.06158008426427841,-0.10525760054588318,-0.744940459728241,0.8917622566223145,-47.28744125366211,-0.22607818245887756,0.17233309149742126,0.021328017115592957,-0.09132235497236252,0.002274417085573077,-0.1757451593875885,0.07871391624212265,11.224451065063477,11.743515014648438,11.354379653930664,12.996155738830566,0.004599609412252903,-0.059794921427965164,-0.015332031063735485,0.036796875298023224,0.0,-0.004218842834234238,-0.05775974690914154,-0.013314442709088326,0.03689606115221977,0.0,-0.3968517780303955,0.47904929518699646,-9.109848976135254,-0.13399970531463623,0.14429357647895813,-8.60103988647461,0.0,0.0,0.0,0.0,0.0,0.0,0.0,0.0,0.0,0.0,0.0,0.0,-0.0010519663337618113,-0.059836503118276596,-0.01689782738685608,0.03966065123677254,0.2654789388179779,0.27566608786582947,0.26803404092788696,0.3000287711620331,1.586990237236023,-1.6704782247543335,-0.18015079200267792,0.0,0.0,0.0,0.0,0.0,0.0,0.0
17578015477,0,0.019248628988862038,-0.06762830168008804,-0.33451297879219055,6.569455581484362e-05,-0.04113857448101044,-0.8442511558532715,0.031078549101948738,-0.014344559982419014,-0.15502357482910156,-0.03836606442928314,0.0529797188937664,-0.5,0.011338870972394943,-0.00877902191132307,0.08205848187208176,0.0,0.0,-0.0047828578390181065,0.15376728773117065,-0.12015263736248016,-0.01485334150493145,-0.09134027361869812,0.06821724772453308,-0.1042613834142685,-0.7717778086662292,0.7860410213470459,-47.38273620605469,-0.2666471600532532,0.2129630148410797,0.027600467205047607,-0.09081527590751648,0.007866918109357357,-0.17498283088207245,0.07817622274160385,11.092801094055176,11.799099922180176,11.219836235046387,13.303335189819336,0.004599609412252903,-0.05826171860098839,-0.015332031063735485,0.036796875298023224,0.0,-0.008444269187748432,-0.0550730861723423,-0.00924760103225708,0.03398749232292175,0.0,-0.10861727595329285,0.13668948411941528,-9.181578636169434,-0.1403232365846634,0.14291654527187347,-8.615042686462402,0.0,0.0,0.0,0.0,0.0,0.0,0.0,0.0,0.0,0.0,0.0,0.0,-0.002469529863446951,-0.05899207293987274,-0.015314103104174137,0.038463640958070755,0.26288649439811707,0.276753693819046,0.26538828015327454,0.30595627427101135,1.1153931617736816,-1.4232583045959473,-0.37660107016563416,0.0,0.0,0.0,0.0,0.0,0.0,0.0
17586328218,0,0.019248628988862038,-0.06762830168008804,-0.33451297879219055,6.569455581484362e-05,-0.04113857448101044,-0.8442511558532715,0.031078549101948738,-0.014344559982419014,-0.15502357482910156,-0.03836606442928314,0.0529797188937664,-0.5,0.011338870972394943,-0.00877902191132307,0.08205848187208176,0.0,0.0,-0.0047828578390181065,0.15832239389419556,-0.13486087322235107,-0.011149315163493156,-0.09134027361869812,0.06821724772453308,-0.1042613834142685,-0.7882057428359985,0.7619794011116028,-47.35039138793945,-0.2794078290462494,0.237836554646492,0.02149210125207901,-0.09053418040275574,0.011174609884619713,-0.17493824660778046,0.07787882536649704,11.256705284118652,11.582719802856445,11.345160484313965,13.201059341430664,0.004599609412252903,-0.05672851577401161,-0.015332031063735485,0.036796875298023224,0.0,-0.009565926156938076,-0.05584320053458214,-0.007856672629714012,0.03406950831413269,0.0,-0.13353124260902405,0.3826471269130707,-9.487932205200195,-0.1403232365846634,0.14291654527187347,-8.615042686462402,0.0,0.0,0.0,0.0,0.0,0.0,0.0,0.0,0.0,0.0,0.0,0.0,-0.004126023966819048,-0.058013077825307846,-0.013539217412471771,0.03718692809343338,0.26611360907554626,0.27251628041267395,0.2678529918193817,0.30398452281951904,0.8048462867736816,-1.3952956199645996,-0.0971502885222435,0.0,0.0,0.0,0.0,0.0,0.0,0.0
17596664146,0,0.020326316356658936,-0.06796931475400925,-0.3372226357460022,6.569455581484362e-05,-0.04113857448101044,-0.8442511558532715,0.029095938429236412,-0.010230464860796928,-0.1569029837846756,-0.040521446615457535,0.05366174876689911,-0.5,0.01402207836508751,-0.011443546041846275,0.0822288766503334,0.0,0.0,-0.0047828578390181065,0.17892681062221527,-0.1386851668357849,-0.00722504174336791,-0.12321340292692184,0.09337867051362991,-0.10445315390825272,-0.8087732195854187,0.6476574540138245,-47.44484329223633,-0.34112173318862915,0.25401315093040466,0.018392033874988556,-0.09000851958990097,0.01794208027422428,-0.17529542744159698,0.07754137367010117,11.286484718322754,11.40575122833252,11.517659187316895,13.265531539916992,0.003066406352445483,-0.059794921427965164,-0.015332031063735485,0.03526367247104645,0.0,-0.013715805485844612,-0.05374975875020027,-0.003548679407685995,0.03144685924053192,0.0,-0.31694093346595764,0.3765750527381897,-9.175278663635254,-0.14312095940113068,0.13444925844669342,-8.601268768310547,0.0,0.0,0.0,0.0,0.0,0.0,0.0,0.0,0.0,0.0,0.0,0.0,-0.0060842158272862434,-0.0569990910589695,-0.011483154259622097,0.03585899993777275,0.2666994035243988,0.2690432369709015,0.2712402641773224,0.3052278757095337,1.0714305639266968,-0.4353150427341461,-0.0795239582657814,0.0,0.0,0.0,0.0,0.0,0.0,0.0
17606694190,0,0.02145981974899769,-0.068229541182518,-0.3398433327674866,6.569455581484362e-05,-0.04113857448101044,-0.8442511558532715,0.027337435632944107,-0.0025751213543117046,-0.15425901114940643,-0.042788468301296234,0.054182205349206924,-0.5,0.01782982237637043,-0.013757569715380669,0.08253965526819229,0.0,0.0,-0.0047828578390181065,0.1955217719078064,-0.1333387941122055,-0.010507452301681042,-0.15148061513900757,0.11097484827041626,-0.10377401113510132,-0.8087732195854187,0.6476574540138245,-47.44484329223633,-0.34112173318862915,0.25401315093040466,0.018392033874988556,-0.09000851958990097,0.01794208027422428,-0.17529542744159698,0.07754137367010117,11.286484718322754,11.40575122833252,11.517659187316895,13.265531539916992,0.0015332031762227416,-0.06286133080720901,-0.015332031063735485,0.03526367247104645,0.0,-0.013715805485844612,-0.05374975875020027,-0.003548679407685995,0.03144685924053192,0.0,-0.26501014828681946,0.47300854325294495,-9.086230278015137,-0.147049680352211,0.11775590479373932,-8.626335144042969,0.0,0.0,0.0,0.0,0.0,0.0,0.0,0.0,0.0,0.0,0.0,0.0,-0.008264073170721531,-0.05599737912416458,-0.009206566028296947,0.03451273590326309,0.2666994035243988,0.2690432369709015,0.2712402641773224,0.3052278757095337,1.380468726158142,0.007853896357119083,-0.3052264451980591,0.0,0.0,0.0,0.0,0.0,0.0,0.0
17616267248,0,0.02145981974899769,-0.068229541182518,-0.3398433327674866,6.569455581484362e-05,-0.04113857448101044,-0.8442511558532715,0.027337435632944107,-0.0025751213543117046,-0.15425901114940643,-0.04505760222673416,0.05428183451294899,-0.5,0.01782982237637043,-0.013757569715380669,0.08253965526819229,0.0,0.0,-0.0047828578390181065,0.1955217719078064,-0.1333387941122055,-0.010507452301681042,-0.15148061513900757,0.11097484827041626,-0.10377401113510132,-0.8026799559593201,0.6085506677627563,-47.59615707397461,-0.3775061368942261,0.2522284686565399,0.023056842386722565,-0.08976645022630692,0.021496355533599854,-0.17548905313014984,0.07738152146339417,11.149042129516602,11.506219863891602,11.4976806640625,13.473241806030273,0.0,-0.06132812425494194,-0.013798828236758709,0.03526367247104645,0.0,-0.014908313751220703,-0.051866304129362106,-0.002516786102205515,0.02979479916393757,0.0,-0.26501014828681946,0.47300854325294495,-9.086230278015137,-0.14829769730567932,0.10195529460906982,-8.704916954040527,0.0,0.0,0.0,0.0,0.0,0.0,0.0,0.0,0.0,0.0,0.0,0.0,-0.010397158563137054,-0.0550030916929245,-0.006995275150984526,0.03320867940783501,0.2639945447444916,0.2710156738758087,0.27084818482398987,0.3092271685600281,1.380468726158142,0.007853896357119083,-0.3052264451980591,0.0,0.0,0.0,0.0,0.0,0.0,0.0
17626593633,0,0.022594381123781204,-0.06827935576438904,-0.3423430919647217,6.569455581484362e-05,-0.04113857448101044,-0.8442511558532715,0.024207789450883865,0.0036231358535587788,-0.14456534385681152,-0.04505760222673416,0.05428183451294899,-0.5,0.022314520552754402,-0.01588226482272148,0.08201931416988373,0.0,0.0,-0.0047828578390181065,0.22875326871871948,-0.1348298043012619,-0.01961563155055046,-0.17954984307289124,0.12316606193780899,-0.1043601930141449,-0.8423090577125549,0.48614203929901123,-48.18267059326172,-0.447299063205719,0.2754305303096771,0.031020306050777435,-0.0891888439655304,0.031035859137773514,-0.1760280579328537,0.07670906186103821,11.025561332702637,11.70930004119873,11.515682220458984,13.962226867675781,0.0,-0.059794921427965164,-0.012265625409781933,0.03526367247104645,0.0,-0.020215168595314026,-0.048409730195999146,0.0025165423285216093,0.026699064299464226,0.0,-0.21392583847045898,0.36842411756515503,-9.275379180908203,-0.14829769730567932,0.10195529460906982,-8.704916954040527,0.0,0.0,0.0,0.0,0.0,0.0,0.0,0.0,0.0,0.0,0.0,0.0,-0.012468468397855759,-0.05386269837617874,-0.004896738100796938,0.031870774924755096,0.26156094670295715,0.2749963104724884,0.27120140194892883,0.31860968470573425,1.3812804222106934,-0.1444186419248581,-0.4796764850616455,0.0,0.0,0.0,0.0,0.0,0.0,0.0
17636449643,0,0.022594381123781204,-0.06827935576438904,-0.3423430919647217,6.569455581484362e-05,-0.04113857448101044,-0.8442511558532715,0.024207789450883865,0.0036231358535587788,-0.14456534385681152,-0.04505760222673416,0.05428183451294899,-0.5,0.022314520552754402,-0.01588226482272148,0.08201931416988373,0.0,0.0,-0.0047828578390181065,0.22875326871871948,-0.1348298043012619,-0.01961563155055046,-0.17954984307289124,0.12316606193780899,-0.1043601930141449,-0.8423090577125549,0.48614203929901123,-48.18267059326172,-0.447299063205719,0.2754305303096771,0.031020306050777435,-0.0891888439655304,0.031035859137773514,-0.1760280579328537,0.07670906186103821,11.025561332702637,11.70930004119873,11.515682220458984,13.962226867675781,0.0,-0.05672851577401161,-0.010732421651482582,0.03373046964406967,0.0,-0.020215168595314026,-0.048409730195999146,0.0025165423285216093,0.026699064299464226,0.0,-0.21392583847045898,0.36842411756515503,-9.275379180908203,-0.14829769730567932,0.10195529460906982,-8.704916954040527,0.0,0.0,0.0,0.0,0.0,0.0,0.0,0.0,0.0,0.0,0.0,0.0,-0.014671826735138893,-0.052455078810453415,-0.0027288966812193394,0.030401265248656273,0.26156094670295715,0.2749963104724884,0.27120140194892883,0.31860968470573425,1.3812804222106934,-0.1444186419248581,-0.4796764850616455,0.0,0.0,0.0,0.0,0.0,0.0,0.0
17646619578,0,0.023739973083138466,-0.06815120577812195,-0.344713032245636,6.569455581484362e-05,-0.04113857448101044,-0.8442511558532715,0.024127870798110962,0.011490107513964176,-0.1299479901790619,-0.04734879732131958,0.05402553454041481,-0.4995381236076355,0.02654283121228218,-0.01845415122807026,0.08107027411460876,0.0,0.0,-0.0047828578390181065,0.22875326871871948,-0.1348298043012619,-0.01961563155055046,-0.21347767114639282,0.1430668979883194,-0.10329906642436981,-0.8423090577125549,0.48614203929901123,-48.18267059326172,-0.447299063205719,0.2754305303096771,0.031020306050777435,-0.0891888439655304,0.031035859137773514,-0.1760280579328537,0.07670906186103821,11.025561332702637,11.70930004119873,11.515682220458984,13.962226867675781,-0.003066406352445483,-0.05826171860098839,-0.012265625409781933,0.032197266817092896,0.0,-0.020215168595314026,-0.048409730195999146,0.0025165423285216093,0.026699064299464226,0.0,-0.21392583847045898,0.36842411756515503,-9.275379180908203,-0.15660405158996582,0.08232812583446503,-8.811727523803711,0.0,0.0,0.0,0.0,0.0,0.0,0.0,0.0,0.0,0.0,0.0,0.0,-0.016778362914919853,-0.051016323268413544,-0.0006947997026145458,0.028995387256145477,0.26156094670295715,0.2749963104724884,0.27120140194892883,0.31860968470573425,1.3812804222106934,-0.1444186419248581,-0.4796764850616455,0.0,0.0,0.0,0.0,0.0,0.0,0.0
17656230879,0,0.02430642582476139,-0.06802878528833389,-0.3458729088306427,6.569455581484362e-05,-0.04113857448101044,-0.8442511558532715,0.025131333619356155,0.019051194190979004,-0.12516972422599792,-0.04848170652985573,0.0537806898355484,-0.4983782470226288,0.028462959453463554,-0.01963294856250286,0.08075140416622162,0.0,0.0,-0.0047828578390181065,0.22816616296768188,-0.1340893656015396,-0.016145948320627213,-0.22888600826263428,0.1521897166967392,-0.10295594483613968,-0.8977769017219543,0.36016738414764404,-48.60224533081055,-0.47589051723480225,0.2931502163410187,0.02512054145336151,-0.08862634003162384,0.04097181558609009,-0.17696183919906616,0.07604996114969254,11.262840270996094,11.595507621765137,11.783636093139648,13.992429733276367,-0.004599609412252903,-0.05826171860098839,-0.010732421651482582,0.03066406212747097,0.0,-0.02543208748102188,-0.04668014496564865,0.007955250330269337,0.024903010576963425,0.0,-0.13744547963142395,0.24847683310508728,-9.325900077819824,-0.16323216259479523,0.06548497825860977,-8.836771965026855,0.0,0.0,0.0,0.0,0.0,0.0,0.0,0.0,0.0,0.0,0.0,0.0,-0.01868923380970955,-0.049747951328754425,0.0011490712640807033,0.02779737114906311,0.26623421907424927,0.2727668583393097,0.27645134925842285,0.3191877007484436,0.27370038628578186,0.10757839679718018,-0.14493635296821594,0.0,0.0,0.0,0.0,0.0,0.0,0.0
17705380522,0,0.02430642582476139,-0.06802878528833389,-0.3458729088306427,6.569455581484362e-05,-0.04113857448101044,-0.8442511558532715,0.025131333619356155,0.019051194190979004,-0.12516972422599792,-0.04848170652985573,0.0537806898355484,-0.4983782470226288,0.028462959453463554,-0.01963294856250286,0.08075140416622162,0.0,0.0,-0.0047828578390181065,0.22816616296768188,-0.1340893656015396,-0.016145948320627213,-0.22888600826263428,0.1521897166967392,-0.10295594483613968,-0.9290552139282227,0.2647525370121002,-48.6066780090332,-0.4803416430950165,0.28303974866867065,0.026613570749759674,-0.08831702172756195,0.04648405313491821,-0.17746210098266602,0.07572413980960846,11.204262733459473,11.641471862792969,11.769367218017578,14.022148132324219,-0.006132812704890966,-0.05672851577401161,-0.009199218824505806,0.03066406212747097,0.0,-0.029534410685300827,-0.04451693221926689,0.011799522675573826,0.023256588727235794,0.0,-0.349377304315567,0.11872045695781708,-9.230435371398926,-0.16323216259479523,0.06548497825860977,-8.836771965026855,0.0,0.0,0.0,0.0,0.0,0.0,0.0,0.0,0.0,0.0,0.0,0.0,-0.020821847021579742,-0.048538047820329666,0.0032382807694375515,0.02668098546564579,0.2650817334651947,0.27366766333580017,0.27617213129997253,0.319756418466568,0.27370038628578186,0.10757839679718018,-0.14493635296821594,0.0,0.0,0.0,0.0,0.0,0.0,0.0
17705418382,0,0.025468675419688225,-0.06762175261974335,-0.34817004203796387,6.569455581484362e-05,-0.04113857448101044,-0.8442511558532715,0.025733668357133865,0.032081760466098785,-0.12505938112735748,-0.05080621689558029,0.05296662077307701,-0.4960811138153076,0.0324275940656662,-0.021620117127895355,0.0803229957818985,0.0,0.0,-0.0047828578390181065,0.1944078505039215,-0.1079091802239418,-0.016602452844381332,-0.2703540623188019,0.16891181468963623,-0.10315528512001038,-0.9973862171173096,0.0235431045293808,-47.853424072265625,-0.4760390520095825,0.28677892684936523,0.02352127432823181,-0.08768238872289658,0.05767860263586044,-0.17825818061828613,0.07497580349445343,11.104761123657227,11.376367568969727,11.647006034851074,13.752986907958984,-0.0076660155318677425,-0.05672851577401161,-0.0076660155318677425,0.027597656473517418,0.0,-0.03959808871150017,-0.04011670500040054,0.02138039842247963,0.01931670866906643,0.0,-0.349377304315567,0.11872045695781708,-9.230435371398926,-0.17285148799419403,0.03554239124059677,-8.815377235412598,0.0,0.0,0.0,0.0,0.0,0.0,0.0,0.0,0.0,0.0,0.0,0.0,-0.02375340647995472,-0.04709779471158981,0.0061102015897631645,0.025394238531589508,0.26312220096588135,0.26846611499786377,0.27377626299858093,0.31460040807724,-1.1702821254730225,0.550183117389679,-0.026913724839687347,0.0,0.0,0.0,0.0,0.0,0.0,0.0
17705426968,0,0.02710660733282566,-0.06666459143161774,-0.35164326429367065,6.569455581484362e-05,-0.04113857448101044,-0.8442511558532715,0.02612505853176117,0.05262356251478195,-0.14292387664318085,-0.054082099348306656,0.051052290946245193,-0.49260789155960083,0.03772037476301193,-0.02488463744521141,0.08005084842443466,0.0,0.0,-0.0047828578390181065,0.1749332696199417,-0.11408521980047226,-0.019513849169015884,-0.3031218349933624,0.19272007048130035,-0.10233263671398163,-0.9973862171173096,0.0235431045293808,-47.853424072265625,-0.4760390520095825,0.28677892684936523,0.02352127432823181,-0.08768238872289658,0.05767860263586044,-0.17825818061828613,0.07497580349445343,11.01186466217041,11.401276588439941,11.443497657775879,13.795525550842285,-0.0076660155318677425,-0.05672851577401161,-0.004599609412252903,0.027597656473517418,0.0,-0.03993232175707817,-0.04002900794148445,0.02176068350672722,0.01925714872777462,0.0,-0.20726248621940613,0.11700041592121124,-9.821590423583984,-0.1853470653295517,-0.01092882826924324,-8.65916919708252,0.0,0.0,0.0,0.0,0.0,0.0,0.0,0.0,0.0,0.0,0.0,0.0,-0.0276701208204031,-0.0453002043068409,0.009915973991155624,0.023818939924240112,0.26312220096588135,0.26846611499786377,0.27377626299858093,0.31460040807724,-1.660003900527954,0.06243206188082695,-0.16351473331451416,0.0,0.0,0.0,0.0,0.0,0.0,0.0
17705435155,0,0.02710660733282566,-0.06666459143161774,-0.35164326429367065,6.569455581484362e-05,-0.04113857448101044,-0.8442511558532715,0.02612505853176117,0.05262356251478195,-0.14292387664318085,-0.05514335259795189,0.05023571848869324,-0.49141475558280945,0.03772037476301193,-0.02488463744521141,0.08005084842443466,0.0,0.0,-0.0047828578390181065,0.1749332696199417,-0.11408521980047226,-0.019513849169015884,-0.3027641773223877,0.19398906826972961,-0.10201331973075867,-1.0194088220596313,-0.06010855734348297,-47.625431060791016,-0.46109738945961,0.30744996666908264,0.02716405689716339,-0.08740351349115372,0.0623810738325119,-0.17872177064418793,0.07464344054460526,11.01186466217041,11.401276588439941,11.443497657775879,13.795525550842285,-0.009199218824505806,-0.05826171860098839,-0.004599609412252903,0.026064453646540642,0.0,-0.04330054670572281,-0.038089819252491,0.02505294233560562,0.017699431627988815,0.0,-0.2303159236907959,0.21749892830848694,-10.245068550109863,-0.18990418314933777,-0.02832021564245224,-8.633766174316406,0.0,0.0,0.0,0.0,0.0,0.0,0.0,0.0,0.0,0.0,0.0,0.0,-0.03199908137321472,-0.04335803911089897,0.014107704162597656,0.022133303806185722,0.2612908184528351,0.2689554989337921,0.2697845697402954,0.3154161274433136,-1.660003900527954,0.06243206188082695,-0.16351473331451416,0.0,0.0,0.0,0.0,0.0,0.0,0.0
17711765494,0,0.027637232095003128,-0.06625630706548691,-0.35283640027046204,6.569455581484362e-05,-0.04113857448101044,-0.8442511558532715,0.026342514902353287,0.06031685695052147,-0.14587987959384918,-0.05514335259795189,0.05023571848869324,-0.49141475558280945,0.03901766985654831,-0.02601383812725544,0.07967380434274673,0.0,0.0,-0.0047828578390181065,0.15145795047283173,-0.12115927040576935,-0.024505939334630966,-0.3027641773223877,0.19398906826972961,-0.10201331973075867,-1.0444730520248413,-0.15576118230819702,-47.485713958740234,-0.4403155446052551,0.3274483382701874,0.03269130736589432,-0.08711942285299301,0.0623810738325119,-0.17872177064418793,0.07464344054460526,10.902091026306152,11.504314422607422,11.206859588623047,13.89814281463623,-0.009199218824505806,-0.05672851577401161,-0.0015332031762227416,0.024531250819563866,0.0,-0.04762740060687065,-0.03555086627602577,0.029419420287013054,0.015794996172189713,0.0,-0.20359022915363312,-0.16736102104187012,-9.830368041992188,-0.18990418314933777,-0.02832021564245224,-8.633766174316406,0.0,0.0,0.0,0.0,0.0,0.0,0.0,0.0,0.0,0.0,0.0,0.0,-0.03625776991248131,-0.04140305891633034,0.018238497897982597,0.02047012187540531,0.2612908184528351,0.2689554989337921,0.2697845697402954,0.3154161274433136,-2.1678693294525146,-0.2597917318344116,-0.3361954689025879,0.0,0.0,0.0,0.0,0.0,0.0,0.0
17717989955,0,0.027637232095003128,-0.06625630706548691,-0.35283640027046204,6.569455581484362e-05,-0.04113857448101044,-0.8442511558532715,0.026342514902353287,0.06031685695052147,-0.14587987959384918,-0.05514335259795189,0.05023571848869324,-0.49141475558280945,0.03901766985654831,-0.02601383812725544,0.07967380434274673,0.0,0.0,-0.0047828578390181065,0.11118222028017044,-0.11912155896425247,-0.026909932494163513,-0.3027641773223877,0.19398906826972961,-0.10201331973075867,-1.0767675638198853,-0.19960865378379822,-47.55242919921875,-0.39825543761253357,0.33068937063217163,0.03333823010325432,-0.08672840148210526,0.07267459481954575,-0.1803358495235443,0.07362137734889984,10.972430229187012,11.59719467163086,11.13769817352295,13.870048522949219,-0.012265625409781933,-0.05366211012005806,0.003066406352445483,0.024531250819563866,0.0,-0.049739401787519455,-0.03487692028284073,0.03205852955579758,0.0155631173402071,0.0,-0.20359022915363312,-0.16736102104187012,-9.830368041992188,-0.18990418314933777,-0.02832021564245224,-8.633766174316406,0.0,0.0,0.0,0.0,0.0,0.0,0.0,0.0,0.0,0.0,0.0,0.0,-0.04034807160496712,-0.03944772109389305,0.022253569215536118,0.01886661909520626,0.2605130970478058,0.2727999687194824,0.26377105712890625,0.31684428453445435,-2.8933494091033936,0.04118628054857254,-0.24147535860538483,0.0,0.0,0.0,0.0,0.0,0.0,0.0
17726701412,0,0.028755605220794678,-0.06530880928039551,-0.3552924692630768,6.569455581484362e-05,-0.04113857448101044,-0.8442511558532715,0.026250476017594337,0.06640654802322388,-0.1431090235710144,-0.057380110025405884,0.04834071174263954,-0.4889586865901947,0.039846912026405334,-0.027656633406877518,0.07901191711425781,0.0,0.0,-0.0047828578390181065,0.11118222028017044,-0.11912155896425247,-0.026909932494163513,-0.32033583521842957,0.21453405916690826,-0.10118045657873154,-1.0767675638198853,-0.19960865378379822,-47.55242919921875,-0.39825543761253357,0.33068937063217163,0.03333823010325432,-0.08672840148210526,0.07267459481954575,-0.1803358495235443,0.07362137734889984,10.972430229187012,11.59719467163086,11.13769817352295,13.870048522949219,-0.015332031063735485,-0.05366211012005806,0.004599609412252903,0.021464843302965164,0.0,-0.049739401787519455,-0.03487692028284073,0.03205852955579758,0.0155631173402071,0.0,-0.3712417483329773,-0.3545156419277191,-9.921072006225586,-0.19674822688102722,-0.04461449384689331,-8.6522855758667,0.0,0.0,0.0,0.0,0.0,0.0,0.0,0.0,0.0,0.0,0.0,0.0,-0.04399525374174118,-0.0376737155020237,0.02591576613485813,0.01747910864651203,0.2605130970478058,0.2727999687194824,0.26377105712890625,0.31684428453445435,-2.8933494091033936,0.04118628054857254,-0.24147535860538483,0.0,0.0,0.0,0.0,0.0,0.0,0.0
17741653265,0,0.029296299442648888,-0.06479153782129288,-0.3565542995929718,6.569455581484362e-05,-0.04113857448101044,-0.8442511558532715,0.026047810912132263,0.06725854426622391,-0.14384818077087402,-0.0584615059196949,0.04730616509914398,-0.4876968562602997,0.03933386132121086,-0.028232427313923836,0.07890672236680984,0.0,0.0,-0.0047828578390181065,0.011874983087182045,-0.09856951236724854,-0.020070752128958702,-0.316328763961792,0.21918557584285736,-0.10105952620506287,-1.0953953266143799,-0.26268473267555237,-47.5436897277832,-0.275657594203949,0.31662678718566895,0.023405104875564575,-0.08606462925672531,0.08040978014469147,-0.18191228806972504,0.07270045578479767,11.386295318603516,11.556889533996582,11.215879440307617,13.409366607666016,-0.018398437649011612,-0.05366211012005806,0.0076660155318677425,0.018398437649011612,0.0,-0.050406672060489655,-0.03357556089758873,0.03447629511356354,0.014979575760662556,0.0,-0.3712417483329773,-0.3545156419277191,-9.921072006225586,-0.1991627812385559,-0.04776085913181305,-8.644307136535645,0.0,0.0,0.0,0.0,0.0,0.0,0.0,0.0,0.0,0.0,0.0,0.0,-0.04687971621751785,-0.03622511774301529,0.028961922973394394,0.016416240483522415,0.26866117119789124,0.27200978994369507,0.2653103172779083,0.30799803137779236,-4.595839977264404,0.7883225083351135,0.20236161351203918,0.0,0.0,0.0,0.0,0.0,0.0,0.0
17746528106,0,0.029296299442648888,-0.06479153782129288,-0.3565542995929718,6.569455581484362e-05,-0.04113857448101044,-0.8442511558532715,0.026047810912132263,0.06725854426622391,-0.14384818077087402,-0.0584615059196949,0.04730616509914398,-0.4876968562602997,0.03933386132121086,-0.028232427313923836,0.07890672236680984,0.0,0.0,-0.0047828578390181065,-0.03519889712333679,-0.09495822340250015,-0.018442176282405853,-0.316328763961792,0.21918557584285736,-0.10105952620506287,-1.112402081489563,-0.25832614302635193,-47.358558654785156,-0.21816322207450867,0.32190051674842834,0.02233199030160904,-0.08575262129306793,0.08314424008131027,-0.1826164722442627,0.07237527519464493,11.4633150100708,11.56326961517334,11.099987030029297,13.255271911621094,-0.019931640475988388,-0.05366211012005806,0.009199218824505806,0.016865234822034836,0.0,-0.050428688526153564,-0.034181319177150726,0.035270076245069504,0.015749258920550346,0.0,-0.3095175623893738,0.18348923325538635,-9.924101829528809,-0.1991627812385559,-0.04776085913181305,-8.644307136535645,0.0,0.0,0.0,0.0,0.0,0.0,0.0,0.0,0.0,0.0,0.0,0.0,-0.04891938343644142,-0.03511174023151398,0.03140269219875336,0.01569083333015442,0.2701735198497772,0.27213484048843384,0.26302799582481384,0.3050299286842346,-4.917461395263672,0.6395789980888367,0.17125555872917175,0.0,0.0,0.0,0.0,0.0,0.0,0.0
17756863356,0,0.030378740280866623,-0.06375058740377426,-0.3591555058956146,6.569455581484362e-05,-0.04113857448101044,-0.8442511558532715,0.023859521374106407,0.06964472681283951,-0.15252846479415894,-0.06062639504671097,0.045224253088235855,-0.48509564995765686,0.03757156431674957,-0.02998136542737484,0.07861504703760147,0.0,0.0,-0.0047828578390181065,-0.1197686493396759,-0.09708335250616074,-0.03578627109527588,-0.3025367259979248,0.23333808779716492,-0.10071960836648941,-1.1386256217956543,-0.36523622274398804,-46.92041015625,-0.1249423623085022,0.34486815333366394,0.043130479753017426,-0.0850088968873024,0.08757507055997849,-0.184538334608078,0.07133962213993073,11.014965057373047,12.078655242919922,10.289871215820312,13.558423042297363,-0.02299804612994194,-0.05059570446610451,0.012265625409781933,0.016865234822034836,0.0,-0.056689321994781494,-0.030292395502328873,0.04270491003990173,0.013352499343454838,0.0,-0.28255701065063477,0.16234491765499115,-10.140362739562988,-0.2005007117986679,-0.0547068789601326,-8.573188781738281,0.0,0.0,0.0,0.0,0.0,0.0,0.0,0.0,0.0,0.0,0.0,0.0,-0.05048881843686104,-0.03418513014912605,0.033623091876506805,0.015198776498436928,0.2613521218299866,0.2822147011756897,0.24699753522872925,0.31086480617523193,-4.2421488761901855,0.13477468490600586,-0.635564923286438,0.0,0.0,0.0,0.0,0.0,0.0,0.0
17766643347,0,0.03140346333384514,-0.06257133930921555,-0.3618535101413727,6.569455581484362e-05,-0.04113857448101044,-0.8442511558532715,0.02474972978234291,0.08002419769763947,-0.16332048177719116,-0.0626758486032486,0.04286574572324753,-0.4823976457118988,0.03560476377606392,-0.0319320447742939,0.0780915915966034,0.0,0.0,-0.0047828578390181065,-0.1532311886548996,-0.08684350550174713,-0.03502195328474045,-0.2786064147949219,0.25171080231666565,-0.09881595522165298,-1.1487655639648438,-0.47343310713768005,-46.57950973510742,-0.07244061678647995,0.3368907868862152,0.04086077958345413,-0.08462019264698029,0.08757507055997849,-0.184538334608078,0.07133962213993073,11.055939674377441,12.029279708862305,10.192721366882324,13.32287311553955,-0.026064453646540642,-0.04752929508686066,0.016865234822034836,0.016865234822034836,0.0,-0.06023139879107475,-0.027498425915837288,0.04726261645555496,0.011017930693924427,0.0,-0.28255701065063477,0.16234491765499115,-10.140362739562988,-0.2089315801858902,-0.07751432806253433,-8.486467361450195,0.0,0.0,0.0,0.0,0.0,0.0,0.0,0.0,0.0,0.0,0.0,0.0,-0.05227942764759064,-0.03306160867214203,0.03625822439789772,0.014618957415223122,0.2613521218299866,0.2822147011756897,0.24699753522872925,0.31086480617523193,-3.810420036315918,0.5569057464599609,-0.3832414448261261,0.0,0.0,0.0,0.0,0.0,0.0,0.0
17776192401,0,0.031893450766801834,-0.06194504350423813,-0.3632284104824066,6.569455581484362e-05,-0.04113857448101044,-0.8442511558532715,0.02324974723160267,0.08355455100536346,-0.1657128632068634,-0.06365583091974258,0.0416131466627121,-0.48102274537086487,0.034263644367456436,-0.0325445719063282,0.07799578458070755,0.0,0.0,-0.0047828578390181065,-0.1532311886548996,-0.08684350550174713,-0.03502195328474045,-0.2786064147949219,0.25171080231666565,-0.09881595522165298,-1.1487655639648438,-0.47343310713768005,-46.57950973510742,-0.07244061678647995,0.3368907868862152,0.04086077958345413,-0.08462019264698029,0.08897129446268082,-0.18559512495994568,0.07071530818939209,11.055939674377441,12.029279708862305,10.192721366882324,13.32287311553955,-0.029130859300494194,-0.04599609225988388,0.019931640475988388,0.013798828236758709,0.0,-0.06023139879107475,-0.027498425915837288,0.04726261645555496,0.011017930693924427,0.0,-0.3974338471889496,0.20920811593532562,-10.355029106140137,-0.20886647701263428,-0.08607874810695648,-8.469001770019531,0.0,0.0,0.0,0.0,0.0,0.0,0.0,0.0,0.0,0.0,0.0,0.0,-0.05446401983499527,-0.031611379235982895,0.039374567568302155,0.013777005486190319,0.2621600925922394,0.2812514901161194,0.24506576359272003,0.3063325881958008,-3.810420036315918,0.5569057464599609,-0.3832414448261261,0.0,0.0,0.0,0.0,0.0,0.0,0.0
17786556103,0,0.031893450766801834,-0.06194504350423813,-0.3632284104824066,6.569455581484362e-05,-0.04113857448101044,-0.8442511558532715,0.02324974723160267,0.08355455100536346,-0.1657128632068634,-0.06365583091974258,0.0416131466627121,-0.48102274537086487,0.034263644367456436,-0.0325445719063282,0.07799578458070755,0.0,0.0,-0.0047828578390181065,-0.1789841204881668,-0.0757836103439331,-0.030809545889496803,-0.2637760043144226,0.25561636686325073,-0.09847772121429443,-1.1905014514923096,-0.5061818361282349,-46.630775451660156,-0.07244061678647995,0.3368907868862152,0.04086077958345413,-0.08462019264698029,0.08897129446268082,-0.18559512495994568,0.07071530818939209,11.262101173400879,11.964306831359863,10.311089515686035,13.1153564453125,-0.032197266817092896,-0.044462889432907104,0.021464843302965164,0.012265625409781933,0.0,-0.061470095068216324,-0.027913475409150124,0.049276579171419144,0.011434556916356087,0.0,-0.3974338471889496,0.20920811593532562,-10.355029106140137,-0.20886647701263428,-0.08607874810695648,-8.469001770019531,0.0,0.0,0.0,0.0,0.0,0.0,0.0,0.0,0.0,0.0,0.0,0.0,-0.05665980279445648,-0.030158333480358124,0.04245569184422493,0.012873017229139805,0.2621600925922394,0.2812514901161194,0.24506576359272003,0.3063325881958008,-3.4773271083831787,0.8404833674430847,-0.12424120306968689,0.0,0.0,0.0,0.0,0.0,0.0,0.0
17796475978,0,0.031893450766801834,-0.06194504350423813,-0.3632284104824066,6.569455581484362e-05,-0.04113857448101044,-0.8442511558532715,0.02324974723160267,0.08355455100536346,-0.1657128632068634,-0.06365583091974258,0.0416131466627121,-0.48102274537086487,0.034263644367456436,-0.0325445719063282,0.07799578458070755,0.0,0.0,-0.0047828578390181065,-0.20174109935760498,-0.07149345427751541,-0.026531843468546867,-0.2637760043144226,0.25561636686325073,-0.09847772121429443,-1.2080062627792358,-0.5329956412315369,-46.64723587036133,-0.0010415519354864955,0.33193615078926086,0.029851023107767105,-0.08393319696187973,0.09020662307739258,-0.18726582825183868,0.0698479488492012,11.452457427978516,11.885640144348145,10.38243579864502,12.947565078735352,-0.036796875298023224,-0.044462889432907104,0.02299804612994194,0.010732421651482582,0.0,-0.06175253540277481,-0.02775840274989605,0.05052075535058975,0.011386210098862648,0.0,-0.2991733253002167,-0.35662078857421875,-9.852015495300293,-0.20886647701263428,-0.08607874810695648,-8.469001770019531,0.0,0.0,0.0,0.0,0.0,0.0,0.0,0.0,0.0,0.0,0.0,0.0,-0.058583226054906845,-0.029003169387578964,0.04519415274262428,0.01214153878390789,0.26996049284935,0.2784459888935089,0.24883601069450378,0.29908955097198486,-3.128450632095337,0.6600267291069031,0.031329356133937836,0.0,0.0,0.0,0.0,0.0,0.0,0.0
17806594938,0,0.03321566805243492,-0.06004360690712929,-0.36748191714286804,6.569455581484362e-05,-0.04113857448101044,-0.8442511558532715,0.02659468539059162,0.0846819132566452,-0.16352501511573792,-0.06630028039216995,0.03781025484204292,-0.47676923871040344,0.027866307646036148,-0.034180376678705215,0.0771837830543518,0.0,0.0,-0.0047828578390181065,-0.2455664575099945,-0.0739796906709671,-0.031153611838817596,-0.2258836030960083,0.26805955171585083,-0.09890301525592804,-1.2633720636367798,-0.5215339064598083,-46.634159088134766,0.06705952435731888,0.3532435894012451,0.03613506630063057,-0.083115354180336,0.08990643918514252,-0.18946994841098785,0.0688992440700531,11.432759284973145,12.107877731323242,10.084424018859863,13.029995918273926,-0.036796875298023224,-0.04599609225988388,0.024531250819563866,0.010732421651482582,0.0,-0.06314152479171753,-0.02912748232483864,0.053644731640815735,0.013195830397307873,0.0,-0.2984025478363037,0.18983203172683716,-10.11178970336914,-0.2226705551147461,-0.09114699065685272,-8.484212875366211,0.0,0.0,0.0,0.0,0.0,0.0,0.0,0.0,0.0,0.0,0.0,0.0,-0.06016505882143974,-0.028275663033127785,0.047610580921173096,0.011728121899068356,0.26957374811172485,0.28278473019599915,0.24291005730628967,0.30068275332450867,-2.329007387161255,0.0852053090929985,-0.29767340421676636,0.0,0.0,0.0,0.0,0.0,0.0,0.0
17816445130,0,0.0340079702436924,-0.05879306048154831,-0.3704163432121277,6.569455581484362e-05,-0.04113857448101044,-0.8442511558532715,0.02692093327641487,0.08828996121883392,-0.1654983013868332,-0.0678848922252655,0.03530914708971977,-0.4738348126411438,0.023055706173181534,-0.035476479679346085,0.07615198194980621,0.0,0.0,-0.0047828578390181065,-0.2499484121799469,-0.06333653628826141,-0.034263741225004196,-0.18776652216911316,0.27902457118034363,-0.0975864827632904,-1.2538789510726929,-0.5506629347801208,-46.54402160644531,0.093637615442276,0.3386090099811554,0.03871588781476021,-0.08269557356834412,0.08990643918514252,-0.18946994841098785,0.0688992440700531,11.365399360656738,12.21228313446045,9.97899341583252,13.008570671081543,-0.038330078125,-0.044462889432907104,0.027597656473517418,0.012265625409781933,0.0,-0.06408810615539551,-0.02772243320941925,0.05495458096265793,0.012202857062220573,0.0,-0.2984025478363037,0.18983203172683716,-10.11178970336914,-0.22797799110412598,-0.10012052953243256,-8.462549209594727,0.0,0.0,0.0,0.0,0.0,0.0,0.0,0.0,0.0,0.0,0.0,0.0,-0.0614718459546566,-0.0279470756649971,0.04982878267765045,0.011666341684758663,0.26957374811172485,0.28278473019599915,0.24291005730628967,0.30068275332450867,-1.467287540435791,0.5985932946205139,-0.31471288204193115,0.0,0.0,0.0,0.0,0.0,0.0,0.0
17826473726,0,0.0340079702436924,-0.05879306048154831,-0.3704163432121277,6.569455581484362e-05,-0.04113857448101044,-0.8442511558532715,0.02692093327641487,0.08828996121883392,-0.1654983013868332,-0.06864014267921448,0.03397425264120102,-0.47235745191574097,0.023055706173181534,-0.035476479679346085,0.07615198194980621,0.0,0.0,-0.0047828578390181065,-0.2499484121799469,-0.06333653628826141,-0.034263741225004196,-0.18776652216911316,0.27902457118034363,-0.0975864827632904,-1.2538789510726929,-0.5506629347801208,-46.54402160644531,0.093637615442276,0.3386090099811554,0.03871588781476021,-0.08269557356834412,0.08928201347589493,-0.19069860875606537,0.06831087172031403,11.365399360656738,12.21228313446045,9.97899341583252,13.008570671081543,-0.039863280951976776,-0.04292968660593033,0.03066406212747097,0.012265625409781933,0.0,-0.06408810615539551,-0.02772243320941925,0.05495458096265793,0.012202857062220573,0.0,-0.34613022208213806,0.30830544233322144,-10.029792785644531,-0.22628943622112274,-0.10072671622037888,-8.450153350830078,0.0,0.0,0.0,0.0,0.0,0.0,0.0,0.0,0.0,0.0,0.0,0.0,-0.06255363672971725,-0.027808837592601776,0.05180514231324196,0.01178076770156622,0.26825064420700073,0.2848195731639862,0.24080923199653625,0.30026867985725403,-1.467287540435791,0.5985932946205139,-0.31471288204193115,0.0,0.0,0.0,0.0,0.0,0.0,0.0
17836163596,0,0.034385595470666885,-0.05812561511993408,-0.3718937039375305,6.569455581484362e-05,-0.04113857448101044,-0.8442511558532715,0.025245891883969307,0.08783124387264252,-0.16683800518512726,-0.06928505003452301,0.032660163938999176,-0.4708704948425293,0.020942283794283867,-0.03572181984782219,0.07578018307685852,0.0,0.0,-0.0047828578390181065,-0.25041916966438293,-0.049784984439611435,-0.03526177257299423,-0.1709836721420288,0.28125840425491333,-0.09709949791431427,-1.2538789510726929,-0.5506629347801208,-46.54402160644531,0.093637615442276,0.3386090099811554,0.03871588781476021,-0.08269557356834412,0.08928201347589493,-0.19069860875606537,0.06831087172031403,11.350815773010254,12.231796264648438,9.971325874328613,12.945053100585938,-0.04292968660593033,-0.04139648377895355,0.032197266817092896,0.012265625409781933,0.0,-0.06417055428028107,-0.027678200975060463,0.05499687418341637,0.012262736447155476,0.0,-0.41717901825904846,-0.31778618693351746,-9.797844886779785,-0.22914017736911774,-0.10520613938570023,-8.43691635131836,0.0,0.0,0.0,0.0,0.0,0.0,0.0,0.0,0.0,0.0,0.0,0.0,-0.06337262690067291,-0.02772286720573902,0.05336024984717369,0.011917691677808762,0.26825064420700073,0.2848195731639862,0.24080923199653625,0.30026867985725403,-0.9328397512435913,1.0246950387954712,-0.23209582269191742,0.0,0.0,0.0,0.0,0.0,0.0,0.0
17846263334,0,0.03470804542303085,-0.05746857449412346,-0.3733806610107422,6.569455581484362e-05,-0.04113857448101044,-0.8442511558532715,0.025790033861994743,0.08950317651033401,-0.1681607961654663,-0.06928505003452301,0.032660163938999176,-0.4708704948425293,0.018808195367455482,-0.03598139062523842,0.07553482800722122,0.0,0.0,-0.0047828578390181065,-0.2405683547258377,-0.02743358723819256,-0.02787545882165432,-0.15003636479377747,0.2854340970516205,-0.09684599936008453,-1.2602709531784058,-0.5786337852478027,-46.403038024902344,0.1144004762172699,0.3070569634437561,0.03327106311917305,-0.08188757300376892,0.08771046251058578,-0.19266293942928314,0.06716303527355194,11.562460899353027,11.956300735473633,10.195480346679688,12.588067054748535,-0.04599609225988388,-0.039863280951976776,0.03373046964406967,0.010732421651482582,0.0,-0.06397110968828201,-0.027604293078184128,0.05506621673703194,0.0120741818100214,0.0,-0.5579625368118286,-0.26761841773986816,-9.866219520568848,-0.22914017736911774,-0.10520613938570023,-8.43691635131836,0.0,0.0,0.0,0.0,0.0,0.0,0.0,0.0,0.0,0.0,0.0,0.0,-0.06390964984893799,-0.027670975774526596,0.05442832037806511,0.012037241831421852,0.2699775993824005,0.2830297648906708,0.24312953650951385,0.29542413353919983,0.08258632570505142,0.9935077428817749,0.22677019238471985,0.0,0.0,0.0,0.0,0.0,0.0,0.0
17857485207,0,0.03470804542303085,-0.05746857449412346,-0.3733806610107422,6.569455581484362e-05,-0.04113857448101044,-0.8442511558532715,0.025790033861994743,0.08950317651033401,-0.1681607961654663,-0.06928505003452301,0.032660163938999176,-0.4708704948425293,0.018808195367455482,-0.03598139062523842,0.07553482800722122,0.0,0.0,-0.0047828578390181065,-0.2405683547258377,-0.02743358723819256,-0.02787545882165432,-0.15003636479377747,0.2854340970516205,-0.09684599936008453,-1.2602722644805908,-0.6148599982261658,-46.27717208862305,0.11703721433877945,0.30673786997795105,0.027860380709171295,-0.0814405232667923,0.08672194927930832,-0.19358381628990173,0.06662601232528687,11.562460899353027,11.956300735473633,10.195480346679688,12.588067054748535,-0.04752929508686066,-0.038330078125,0.036796875298023224,0.009199218824505806,0.0,-0.06503906100988388,-0.026492057368159294,0.05637217313051224,0.011095285415649414,0.0,-0.4855545163154602,-0.16538836061954498,-10.07535457611084,-0.22914017736911774,-0.10520613938570023,-8.43691635131836,0.0,0.0,0.0,0.0,0.0,0.0,0.0,0.0,0.0,0.0,0.0,0.0,-0.06424357742071152,-0.02758525125682354,0.055128373205661774,0.012066394090652466,0.27211883664131165,0.27982643246650696,0.24512086808681488,0.2921257019042969,0.08258632570505142,0.9935077428817749,0.22677019238471985,0.0,0.0,0.0,0.0,0.0,0.0,0.0
17866557330,0,0.03527522459626198,-0.05611858516931534,-0.3763788342475891,6.569455581484362e-05,-0.04113857448101044,-0.8442511558532715,0.025557586923241615,0.0980268195271492,-0.1756807118654251,-0.07148885726928711,0.027120353654026985,-0.4647942781448364,0.014856230467557907,-0.03662636876106262,0.07520756870508194,0.0,0.0,-0.0047828578390181065,-0.22742176055908203,-0.02355099469423294,-0.027639374136924744,-0.11600296944379807,0.28883668780326843,-0.09632354974746704,-1.3114756345748901,-0.7006484866142273,-45.935333251953125,0.12034234404563904,0.30577051639556885,0.028532803058624268,-0.08098923414945602,0.0857103168964386,-0.19451972842216492,0.06614513695240021,11.464865684509277,11.892977714538574,10.090021133422852,12.513219833374023,-0.04906250163912773,-0.039863280951976776,0.039863280951976776,0.009199218824505806,0.0,-0.06978485733270645,-0.025563394650816917,0.06181936711072922,0.010223615914583206,0.0,-0.4855545163154602,-0.16538836061954498,-10.07535457611084,-0.24055026471614838,-0.14511285722255707,-8.338644981384277,0.0,0.0,0.0,0.0,0.0,0.0,0.0,0.0,0.0,0.0,0.0,0.0,-0.06472425907850266,-0.02734983339905739,0.055893223732709885,0.011906481347978115,0.27211883664131165,0.27982643246650696,0.24512086808681488,0.2921257019042969,0.6470561623573303,0.7450579404830933,0.1250547617673874,0.0,0.0,0.0,0.0,0.0,0.0,0.0
17876693895,0,0.035809945315122604,-0.05469868332147598,-0.37945687770843506,6.569455581484362e-05,-0.04113857448101044,-0.8442511558532715,0.027819937095046043,0.10646279156208038,-0.17962746322155,-0.07148885726928711,0.027120353654026985,-0.4647942781448364,0.0115580502897501,-0.03696876019239426,0.07469522207975388,0.0,0.0,-0.0047828578390181065,-0.21230079233646393,-0.012798690237104893,-0.030683455988764763,-0.09651127457618713,0.2923891842365265,-0.09560811519622803,-1.323026418685913,-0.7981207370758057,-45.862548828125,0.11443581432104111,0.2912892699241638,0.03278599679470062,-0.08059929311275482,0.08489979803562164,-0.1952880620956421,0.06571272015571594,11.310935974121094,11.99306583404541,9.996651649475098,12.588735580444336,-0.04906250163912773,-0.039863280951976776,0.039863280951976776,0.010732421651482582,0.0,-0.0741153284907341,-0.022780969738960266,0.06630383431911469,0.007782770786434412,0.0,-0.4464356601238251,-0.04421355947852135,-10.144783973693848,-0.24055026471614838,-0.14511285722255707,-8.338644981384277,0.0,0.0,0.0,0.0,0.0,0.0,0.0,0.0,0.0,0.0,0.0,0.0,-0.06587532162666321,-0.026818886399269104,0.057318516075611115,0.011444909498095512,0.26718011498451233,0.2805444002151489,0.24116134643554688,0.29213884472846985,1.080668568611145,0.9972876310348511,-0.07927930355072021,0.0,0.0,0.0,0.0,0.0,0.0,0.0
17887164934,0,0.03626030683517456,-0.053139954805374146,-0.38258662819862366,6.569455581484362e-05,-0.04113857448101044,-0.8442511558532715,0.026235761120915413,0.11719311028718948,-0.17595435678958893,-0.07238958775997162,0.024002881720662117,-0.4616645276546478,0.0094241201877594,-0.0363389253616333,0.07404113560914993,0.0,0.0,-0.0047828578390181065,-0.21230079233646393,-0.012798690237104893,-0.030683455988764763,-0.09651127457618713,0.2923891842365265,-0.09560811519622803,-1.323026418685913,-0.7981207370758057,-45.862548828125,0.11443581432104111,0.2912892699241638,0.03278599679470062,-0.08059929311275482,0.08489979803562164,-0.1952880620956421,0.06571272015571594,11.310935974121094,11.99306583404541,9.996651649475098,12.588735580444336,-0.04906250163912773,-0.039863280951976776,0.04139648377895355,0.010732421651482582,0.0,-0.0741153284907341,-0.022780969738960266,0.06630383431911469,0.007782770786434412,0.0,-0.4464356601238251,-0.04421355947852135,-10.144783973693848,-0.24103564023971558,-0.1719377040863037,-8.362465858459473,0.0,0.0,0.0,0.0,0.0,0.0,0.0,0.0,0.0,0.0,0.0,0.0,-0.06776216626167297,-0.02594101056456566,0.059470657259225845,0.01065473910421133,0.26718011498451233,0.2805444002151489,0.24116134643554688,0.29213884472846985,1.080668568611145,0.9972876310348511,-0.07927930355072021,0.0,0.0,0.0,0.0,0.0,0.0,0.0
17896576646,0,0.03626030683517456,-0.053139954805374146,-0.38258662819862366,6.569455581484362e-05,-0.04113857448101044,-0.8442511558532715,0.026235761120915413,0.11719311028718948,-0.17595435678958893,-0.07238958775997162,0.024002881720662117,-0.4616645276546478,0.0094241201877594,-0.0363389253616333,0.07404113560914993,0.0,0.0,-0.0047828578390181065,-0.1247524544596672,0.030451953411102295,-0.03521708771586418,-0.07943898439407349,0.28766295313835144,-0.09477366507053375,-1.3256959915161133,-0.9456573724746704,-45.993560791015625,0.05614524334669113,0.25247976183891296,0.03923603519797325,-0.07966839522123337,0.08365566283464432,-0.1965915411710739,0.06451401859521866,11.098694801330566,12.065412521362305,10.185629844665527,12.743364334106445,-0.04906250163912773,-0.038330078125,0.044462889432907104,0.012265625409781933,0.0,-0.08024332672357559,-0.018314529210329056,0.070397287607193,0.0037484585773199797,0.0,-0.4464356601238251,-0.04421355947852135,-10.144783973693848,-0.24103564023971558,-0.1719377040863037,-8.362465858459473,0.0,0.0,0.0,0.0,0.0,0.0,0.0,0.0,0.0,0.0,0.0,0.0,-0.07014516741037369,-0.024720102548599243,0.06197885423898697,0.009550057351589203,0.261761337518692,0.28371286392211914,0.24159739911556244,0.2964775562286377,2.632340669631958,1.3631112575531006,-0.06975558400154114,0.0,0.0,0.0,0.0,0.0,0.0,0.0
17906719027,0,0.03626030683517456,-0.053139954805374146,-0.38258662819862366,6.569455581484362e-05,-0.04113857448101044,-0.8442511558532715,0.026235761120915413,0.11719311028718948,-0.17595435678958893,-0.07312265783548355,0.02051168493926525,-0.4585256278514862,0.0094241201877594,-0.0363389253616333,0.07404113560914993,0.0,0.0,-0.0047828578390181065,-0.1247524544596672,0.030451953411102295,-0.03521708771586418,-0.07943898439407349,0.28766295313835144,-0.09477366507053375,-1.3244891166687012,-0.9875156879425049,-46.06134033203125,0.035760797560214996,0.23813024163246155,0.03535744547843933,-0.07925868034362793,0.08352689445018768,-0.196936696767807,0.06400574743747711,11.098694801330566,12.065412521362305,10.185629844665527,12.743364334106445,-0.05059570446610451,-0.036796875298023224,0.04599609225988388,0.010732421651482582,0.0,-0.08150230348110199,-0.017015477642416954,0.07185574620962143,0.002588593168184161,0.0,-0.42580100893974304,-0.13436578214168549,-10.006068229675293,-0.2428855299949646,-0.17861782014369965,-8.37147045135498,0.0,0.0,0.0,0.0,0.0,0.0,0.0,0.0,0.0,0.0,0.0,0.0,-0.07295592129230499,-0.02308376133441925,0.06464429199695587,0.00806881207972765,0.2630026638507843,0.28195634484291077,0.24492469429969788,0.2951371371746063,2.632340669631958,1.3631112575531006,-0.06975558400154114,0.0,0.0,0.0,0.0,0.0,0.0,0.0
17917073850,0,0.03662684187293053,-0.05139436572790146,-0.3857255280017853,6.569455581484362e-05,-0.04113857448101044,-0.8442511558532715,0.026372238993644714,0.11751684546470642,-0.17361536622047424,-0.07312265783548355,0.02051168493926525,-0.4585256278514862,0.007533589377999306,-0.03543834388256073,0.07353055477142334,0.0,0.0,-0.0047828578390181065,-0.08605529367923737,0.0531429685652256,-0.02704358845949173,-0.06427623331546783,0.28074848651885986,-0.09411695599555969,-1.341676115989685,-0.9868011474609375,-45.91178894042969,0.011058945208787918,0.2039238065481186,0.026357993483543396,-0.07829137146472931,0.0839095264673233,-0.19730909168720245,0.0630815401673317,11.198949813842773,11.830824851989746,10.44560432434082,12.469000816345215,-0.05366211012005806,-0.036796875298023224,0.04752929508686066,0.009199218824505806,0.0,-0.08119861036539078,-0.017799075692892075,0.0707242339849472,0.0032374663278460503,0.0,-0.19535896182060242,0.13830794394016266,-9.746055603027344,-0.2428855299949646,-0.17861782014369965,-8.37147045135498,0.0,0.0,0.0,0.0,0.0,0.0,0.0,0.0,0.0,0.0,0.0,0.0,-0.07584322988986969,-0.02125530131161213,0.06716641783714294,0.006412508897483349,0.26494577527046204,0.2770691514015198,0.25046321749687195,0.2897985279560089,2.0225441455841064,1.263485312461853,0.16809944808483124,0.0,0.0,0.0,0.0,0.0,0.0,0.0
17926472706,0,0.036875490099191666,-0.04952966049313545,-0.3888300359249115,6.569455581484362e-05,-0.04113857448101044,-0.8442511558532715,0.024607814848423004,0.11783131957054138,-0.17869266867637634,-0.07361995428800583,0.016782255843281746,-0.45542111992836,0.0056839813478291035,-0.034181851893663406,0.07323111593723297,0.0,0.0,-0.0047828578390181065,-0.08605529367923737,0.0531429685652256,-0.02704358845949173,-0.04940725117921829,0.2709951400756836,-0.09371550381183624,-1.341676115989685,-0.9868011474609375,-45.91178894042969,0.011058945208787918,0.2039238065481186,0.026357993483543396,-0.07829137146472931,0.0839095264673233,-0.19730909168720245,0.0630815401673317,11.198949813842773,11.830824851989746,10.44560432434082,12.469000816345215,-0.055195312947034836,-0.036796875298023224,0.04906250163912773,0.0076660155318677425,0.0,-0.08119861036539078,-0.017799075692892075,0.0707242339849472,0.0032374663278460503,0.0,-0.19535896182060242,0.13830794394016266,-9.746055603027344,-0.2398402839899063,-0.18597319722175598,-8.323944091796875,0.0,0.0,0.0,0.0,0.0,0.0,0.0,0.0,0.0,0.0,0.0,0.0,-0.0782654657959938,-0.019682126119732857,0.0691155344247818,0.004982103127986193,0.26494577527046204,0.2770691514015198,0.25046321749687195,0.2897985279560089,2.0225441455841064,1.263485312461853,0.16809944808483124,0.0,0.0,0.0,0.0,0.0,0.0,0.0
17938752357,0,0.036875490099191666,-0.04952966049313545,-0.3888300359249115,6.569455581484362e-05,-0.04113857448101044,-0.8442511558532715,0.024607814848423004,0.11783131957054138,-0.17869266867637634,-0.07361995428800583,0.016782255843281746,-0.45542111992836,0.0056839813478291035,-0.034181851893663406,0.07323111593723297,0.0,0.0,-0.0047828578390181065,-0.06399683654308319,0.06754430383443832,-0.029445786029100418,-0.04940725117921829,0.2709951400756836,-0.09371550381183624,-1.3191215991973877,-1.0228525400161743,-45.78169250488281,-0.0036129262298345566,0.18341578543186188,0.031040910631418228,-0.0778769999742508,0.08428168296813965,-0.19723479449748993,0.06274832040071487,10.993219375610352,11.909008026123047,10.369039535522461,12.543601036071777,-0.05672851577401161,-0.038330078125,0.05059570446610451,0.006132812704890966,0.0,-0.08311612159013748,-0.01590425707399845,0.07175226509571075,0.0016022520139813423,0.0,0.021917514503002167,0.2948678731918335,-9.752997398376465,-0.2398402839899063,-0.18597319722175598,-8.323944091796875,0.0,0.0,0.0,0.0,0.0,0.0,0.0,0.0,0.0,0.0,0.0,0.0,-0.08008645474910736,-0.018473533913493156,0.07041840255260468,0.0038812437560409307,0.2609231770038605,0.27890250086784363,0.24857011437416077,0.291262686252594,2.031231164932251,1.3037103414535522,-0.11168892681598663,0.0,0.0,0.0,0.0,0.0,0.0,0.0
17946345318,0,0.03698006272315979,-0.04854515567421913,-0.39037904143333435,6.569455581484362e-05,-0.04113857448101044,-0.8442511558532715,0.02238006889820099,0.12292720377445221,-0.1790153980255127,-0.07382910698652267,0.014813236892223358,-0.45387211441993713,0.005433998070657253,-0.03329715132713318,0.07296012341976166,0.0,0.0,-0.0047828578390181065,-0.03904825448989868,0.07622582465410233,-0.03724976256489754,-0.04973549023270607,0.26285070180892944,-0.09364014118909836,-1.2150557041168213,-1.1721999645233154,-45.75804901123047,-0.05547070503234863,0.16061189770698547,0.049666330218315125,-0.07689891755580902,0.08428168296813965,-0.19723479449748993,0.06274832040071487,10.408706665039062,12.323800086975098,10.013397216796875,13.04751968383789,-0.05672851577401161,-0.036796875298023224,0.05672851577401161,0.006132812704890966,0.0,-0.08923687040805817,-0.008012030273675919,0.07601509988307953,-0.005245017819106579,0.0,0.021917514503002167,0.2948678731918335,-9.752997398376465,-0.23628920316696167,-0.20035426318645477,-8.318347930908203,0.0,0.0,0.0,0.0,0.0,0.0,0.0,0.0,0.0,0.0,0.0,0.0,-0.08173500001430511,-0.017128361389040947,0.07145452499389648,0.002678850432857871,0.2609231770038605,0.27890250086784363,0.24857011437416077,0.291262686252594,2.178292989730835,1.0620731115341187,-0.5022896528244019,0.0,0.0,0.0,0.0,0.0,0.0,0.0
17956169324,0,0.037093669176101685,-0.04641687124967575,-0.3934611976146698,6.569455581484362e-05,-0.04113857448101044,-0.8442511558532715,0.014459196478128433,0.12433315813541412,-0.17800091207027435,-0.07405631989240646,0.01055664662271738,-0.4507899582386017,0.005583958234637976,-0.031812965869903564,0.07244112342596054,0.0,0.0,-0.0047828578390181065,-0.03904825448989868,0.07622582465410233,-0.03724976256489754,-0.04973549023270607,0.26285070180892944,-0.09364014118909836,-1.2150557041168213,-1.1721999645233154,-45.75804901123047,-0.05547070503234863,0.16061189770698547,0.049666330218315125,-0.07689891755580902,0.08582976460456848,-0.196649968624115,0.061593491584062576,10.408706665039062,12.323800086975098,10.013397216796875,13.04751968383789,-0.05826171860098839,-0.03526367247104645,0.05826171860098839,0.006132812704890966,0.0,-0.08923687040805817,-0.008012030273675919,0.07601509988307953,-0.005245017819106579,0.0,-0.572866678237915,0.34700101613998413,-9.718701362609863,-0.22091922163963318,-0.2131272703409195,-8.319644927978516,0.0,0.0,0.0,0.0,0.0,0.0,0.0,0.0,0.0,0.0,0.0,0.0,-0.0836477130651474,-0.01514866016805172,0.07260899990797043,0.0009412062354385853,0.24935762584209442,0.28699061274528503,0.24149499833583832,0.30102109909057617,2.178292989730835,1.0620731115341187,-0.5022896528244019,0.0,0.0,0.0,0.0,0.0,0.0,0.0
17966490403,0,0.037122368812561035,-0.045314908027648926,-0.39497917890548706,6.569455581484362e-05,-0.04113857448101044,-0.8442511558532715,0.014562688767910004,0.12268262356519699,-0.17828874289989471,-0.07411371916532516,0.008352709002792835,-0.4492719769477844,0.005586272571235895,-0.031145570799708366,0.07220461219549179,0.0,0.0,-0.0047828578390181065,-0.03904825448989868,0.07622582465410233,-0.03724976256489754,-0.0509645901620388,0.24525770545005798,-0.09130539745092392,-1.2150557041168213,-1.1721999645233154,-45.75804901123047,-0.05547070503234863,0.16061189770698547,0.049666330218315125,-0.07689891755580902,0.08582976460456848,-0.196649968624115,0.061593491584062576,10.408706665039062,12.323800086975098,10.013397216796875,13.04751968383789,-0.059794921427965164,-0.03373046964406967,0.06132812425494194,0.003066406352445483,0.0,-0.08923687040805817,-0.008012030273675919,0.07601509988307953,-0.005245017819106579,0.0,-0.572866678237915,0.34700101613998413,-9.718701362609863,-0.22089140117168427,-0.21433357894420624,-8.312722206115723,0.0,0.0,0.0,0.0,0.0,0.0,0.0,0.0,0.0,0.0,0.0,0.0,-0.08561976253986359,-0.012858116067945957,0.0738052949309349,-0.0010549150174483657,0.24935762584209442,0.28699061274528503,0.24149499833583832,0.30102109909057617,2.178292989730835,1.0620731115341187,-0.5022896528244019,0.0,0.0,0.0,0.0,0.0,0.0,0.0
17976496993,0,0.037122368812561035,-0.045314908027648926,-0.39497917890548706,6.569455581484362e-05,-0.04113857448101044,-0.8442511558532715,0.014562688767910004,0.12268262356519699,-0.17828874289989471,-0.07411371916532516,0.008352709002792835,-0.4492719769477844,0.005586272571235895,-0.031145570799708366,0.07220461219549179,0.0,0.0,-0.0047828578390181065,0.010019896551966667,0.07450980693101883,-0.052856381982564926,-0.0509645901620388,0.24525770545005798,-0.09130539745092392,-1.215819001197815,-1.1578670740127563,-45.64995574951172,-0.07653231918811798,0.1666601300239563,0.051866382360458374,-0.0759434625506401,0.08796501159667969,-0.1959659308195114,0.06003141403198242,10.305943489074707,12.310189247131348,9.955155372619629,13.117525100708008,-0.06286133080720901,-0.032197266817092896,0.06132812425494194,0.0015332031762227416,0.0,-0.08956047147512436,-0.008370106108486652,0.07608199119567871,-0.004730949178338051,0.0,-0.1911359280347824,-0.05820978432893753,-9.592008590698242,-0.22089140117168427,-0.21433357894420624,-8.312722206115723,0.0,0.0,0.0,0.0,0.0,0.0,0.0,0.0,0.0,0.0,0.0,0.0,-0.08727201819419861,-0.010853881947696209,0.07480449229478836,-0.0027861048001796007,0.24731676280498505,0.286725789308548,0.24033384025096893,0.30237284302711487,1.5068312883377075,-0.10345274209976196,-0.438502699136734,0.0,0.0,0.0,0.0,0.0,0.0,0.0
17986541861,0,0.037122368812561035,-0.045314908027648926,-0.39497917890548706,6.569455581484362e-05,-0.04113857448101044,-0.8442511558532715,0.014562688767910004,0.12268262356519699,-0.17828874289989471,-0.07411371916532516,0.008352709002792835,-0.4492719769477844,0.005586272571235895,-0.031145570799708366,0.07220461219549179,0.0,0.0,-0.0047828578390181065,0.013426338322460651,0.06829816848039627,-0.05007746443152428,-0.0509645901620388,0.24525770545005798,-0.09130539745092392,-1.2426743507385254,-1.1749980449676514,-45.64668655395508,-0.07395245134830475,0.17041534185409546,0.04625711217522621,-0.07540669292211533,0.08917590230703354,-0.1957029104232788,0.05918130651116371,10.456579208374023,12.165583610534668,10.087236404418945,12.97939395904541,-0.06592773646116257,-0.032197266817092896,0.06132812425494194,-0.0015332031762227416,0.0,-0.08970405906438828,-0.008704251609742641,0.07668804377317429,-0.004471454303711653,0.0,-0.2191859930753708,0.20233020186424255,-9.502165794372559,-0.22089140117168427,-0.21433357894420624,-8.312722206115723,0.0,0.0,0.0,0.0,0.0,0.0,0.0,0.0,0.0,0.0,0.0,0.0,-0.08849859982728958,-0.009408746846020222,0.07555651664733887,-0.004008145537227392,0.25030750036239624,0.2839096784591675,0.24296626448631287,0.2997046709060669,0.9613351821899414,-0.3277243971824646,-0.10743632912635803,0.0,0.0,0.0,0.0,0.0,0.0,0.0
17996202757,0,0.037122368812561035,-0.045314908027648926,-0.39497917890548706,6.569455581484362e-05,-0.04113857448101044,-0.8442511558532715,0.014562688767910004,0.12268262356519699,-0.17828874289989471,-0.0741463378071785,0.0015068278880789876,-0.44474145770072937,0.005586272571235895,-0.031145570799708366,0.07220461219549179,0.0,0.0,-0.0047828578390181065,0.013426338322460651,0.06829816848039627,-0.05007746443152428,-0.0509645901620388,0.24525770545005798,-0.09130539745092392,-1.2426743507385254,-1.1749980449676514,-45.64668655395508,-0.07395245134830475,0.17041534185409546,0.04625711217522621,-0.07540669292211533,0.08917590230703354,-0.1957029104232788,0.05918130651116371,10.456579208374023,12.165583610534668,10.087236404418945,12.97939395904541,-0.06746093928813934,-0.03066406212747097,0.06286133080720901,-0.0015332031762227416,0.0,-0.08970405906438828,-0.008704251609742641,0.07668804377317429,-0.004471454303711653,0.0,-0.36041688919067383,-0.07350929081439972,-9.799012184143066,-0.2258276641368866,-0.22208227217197418,-8.30457592010498,0.0,0.0,0.0,0.0,0.0,0.0,0.0,0.0,0.0,0.0,0.0,0.0,-0.08931766450405121,-0.008552598766982555,0.0761072188615799,-0.0047066244296729565,0.25030750036239624,0.2839096784591675,0.24296626448631287,0.2997046709060669,0.9613351821899414,-0.3277243971824646,-0.10743632912635803,0.0,0.0,0.0,0.0,0.0,0.0,0.0
18006457244,0,0.03707865998148918,-0.03942667692899704,-0.40250834822654724,6.569455581484362e-05,-0.04113857448101044,-0.8442511558532715,0.015628311783075333,0.12181413918733597,-0.17054447531700134,-0.07402630150318146,-0.003423812333494425,-0.44174280762672424,0.006030693184584379,-0.02796015329658985,0.06969432532787323,0.0,0.0,-0.0047828578390181065,0.00928669422864914,0.06823549419641495,-0.058785296976566315,-0.05123915150761604,0.22153781354427338,-0.08946134150028229,-1.2326910495758057,-1.223931908607483,-45.78008270263672,-0.05906817689538002,0.1580580323934555,0.05607251822948456,-0.07445676624774933,0.0910627618432045,-0.19530373811721802,0.05769455432891846,10.249309539794922,12.484992027282715,9.873414993286133,13.215314865112305,-0.06899414211511612,-0.027597656473517418,0.06592773646116257,-0.003066406352445483,0.0,-0.09277130663394928,-0.0067303781397640705,0.07985624670982361,-0.005889750085771084,0.0,-0.36041688919067383,-0.07350929081439972,-9.799012184143066,-0.22260355949401855,-0.2371942400932312,-8.34613037109375,0.0,0.0,0.0,0.0,0.0,0.0,0.0,0.0,0.0,0.0,0.0,0.0,-0.08993328362703323,-0.00806846097111702,0.07663139700889587,-0.005072178319096565,0.24619115889072418,0.29012441635131836,0.23870284855365753,0.3042597472667694,0.2019606977701187,-0.04841581732034683,-0.475031316280365,0.0,0.0,0.0,0.0,0.0,0.0,0.0
18016225512,0,0.03707865998148918,-0.03942667692899704,-0.40250834822654724,6.569455581484362e-05,-0.04113857448101044,-0.8442511558532715,0.015628311783075333,0.12181413918733597,-0.17054447531700134,-0.07402630150318146,-0.003423812333494425,-0.44174280762672424,0.006030693184584379,-0.02796015329658985,0.06969432532787323,0.0,0.0,-0.0047828578390181065,0.014764824882149696,0.06513511389493942,-0.06720101088285446,-0.05123915150761604,0.22153781354427338,-0.08946134150028229,-1.224319577217102,-1.3045682907104492,-45.903717041015625,-0.0692044347524643,0.15346799790859222,0.06384288519620895,-0.07412915676832199,0.09224692732095718,-0.19502273201942444,0.0563419833779335,10.066554069519043,12.702126502990723,9.733283996582031,13.448504447937012,-0.0705273449420929,-0.026064453646540642,0.0705273449420929,-0.004599609412252903,0.0,-0.09697470813989639,-0.004109798930585384,0.08367903530597687,-0.008101167157292366,0.0,-0.3171856701374054,-0.2588522136211395,-9.633618354797363,-0.22260355949401855,-0.2371942400932312,-8.34613037109375,0.0,0.0,0.0,0.0,0.0,0.0,0.0,0.0,0.0,0.0,0.0,0.0,-0.09081215411424637,-0.007553609553724527,0.07751446217298508,-0.005439414642751217,0.2425544112920761,0.29433783888816833,0.2359038144350052,0.30875107645988464,0.37087374925613403,-0.16192014515399933,-0.5656105279922485,0.0,0.0,0.0,0.0,0.0,0.0,0.0
18028148168,0,0.03695978224277496,-0.0369032584130764,-0.40545380115509033,6.569455581484362e-05,-0.04113857448101044,-0.8442511558532715,0.013724523596465588,0.1189999207854271,-0.16354162991046906,-0.07378854602575302,-0.008470674976706505,-0.43879735469818115,0.005704332608729601,-0.027138788253068924,0.06831272691488266,0.0,0.0,-0.0047828578390181065,0.010601332411170006,0.05714406073093414,-0.06732586771249771,-0.046040236949920654,0.217063307762146,-0.08897827565670013,-1.1977245807647705,-1.3452293872833252,-46.03502655029297,-0.05970514565706253,0.16252340376377106,0.06084165349602699,-0.0736226886510849,0.09224692732095718,-0.19502273201942444,0.0563419833779335,10.204833030700684,12.65943431854248,9.813165664672852,13.406005859375,-0.0705273449420929,-0.024531250819563866,0.0705273449420929,-0.006132812704890966,0.0,-0.09609198570251465,-0.002201833762228489,0.08356112986803055,-0.009859589859843254,0.0,-0.3245786726474762,-0.39810410141944885,-9.594650268554688,-0.21827441453933716,-0.2423081398010254,-8.384998321533203,0.0,0.0,0.0,0.0,0.0,0.0,0.0,0.0,0.0,0.0,0.0,0.0,-0.09214691072702408,-0.00669779721647501,0.07890450954437256,-0.006090294569730759,0.2425544112920761,0.29433783888816833,0.2359038144350052,0.30875107645988464,0.06144701689481735,-0.4606130123138428,-0.25715821981430054,0.0,0.0,0.0,0.0,0.0,0.0,0.0
18036831854,0,0.03695978224277496,-0.0369032584130764,-0.40545380115509033,6.569455581484362e-05,-0.04113857448101044,-0.8442511558532715,0.013724523596465588,0.1189999207854271,-0.16354162991046906,-0.07378854602575302,-0.008470674976706505,-0.43879735469818115,0.005704332608729601,-0.027138788253068924,0.06831272691488266,0.0,0.0,-0.0047828578390181065,-0.014621641486883163,0.03475930914282799,-0.034158337861299515,-0.045548874884843826,0.21488775312900543,-0.08889970183372498,-1.2005093097686768,-1.3326947689056396,-46.11749267578125,-0.036722298711538315,0.17767125368118286,0.03824929893016815,-0.07301367819309235,0.09375853091478348,-0.19479961693286896,0.05432829260826111,10.85169506072998,12.125805854797363,10.339668273925781,12.85099983215332,-0.07359375059604645,-0.024531250819563866,0.0705273449420929,-0.0076660155318677425,0.0,-0.08996771275997162,-0.002690799767151475,0.07902675867080688,-0.009812417440116405,0.0,-0.3245786726474762,-0.39810410141944885,-9.594650268554688,-0.21827441453933716,-0.2423081398010254,-8.384998321533203,0.0,0.0,0.0,0.0,0.0,0.0,0.0,0.0,0.0,0.0,0.0,0.0,-0.09328952431678772,-0.005557845812290907,0.08024368435144424,-0.007022647187113762,0.2581292390823364,0.2831341624259949,0.24798674881458282,0.297221302986145,-0.7499620318412781,-0.8098178505897522,1.195051670074463,0.0,0.0,0.0,0.0,0.0,0.0,0.0
18046362477,0,0.036777298897504807,-0.034343965351581573,-0.40838807821273804,6.569455581484362e-05,-0.04113857448101044,-0.8442511558532715,0.011338711716234684,0.120734304189682,-0.16490378975868225,-0.07342357188463211,-0.013589286245405674,-0.43586307764053345,0.004586421884596348,-0.026760539039969444,0.0680403783917427,0.0,0.0,-0.0047828578390181065,-0.014621641486883163,0.03475930914282799,-0.034158337861299515,-0.043162751942873,0.2089442014694214,-0.08869233727455139,-1.173691749572754,-1.4079627990722656,-45.97196960449219,-0.021041490137577057,0.18228307366371155,0.019547060132026672,-0.07239807397127151,0.09420666843652725,-0.1948811262845993,0.05365712568163872,11.318724632263184,11.635516166687012,10.743902206420898,12.331053733825684,-0.07666015625,-0.024531250819563866,0.0705273449420929,-0.010732421651482582,0.0,-0.08770584315061569,0.0003552683047018945,0.0777091234922409,-0.013099086470901966,0.0,-0.24299727380275726,-0.14435245096683502,-9.414889335632324,-0.2133985012769699,-0.2559932470321655,-8.358539581298828,0.0,0.0,0.0,0.0,0.0,0.0,0.0,0.0,0.0,0.0,0.0,0.0,-0.09341669827699661,-0.004305079113692045,0.08082614839076996,-0.008149774745106697,0.26733341813087463,0.2735510468482971,0.2559986412525177,0.2871319055557251,-0.7499620318412781,-0.8098178505897522,1.195051670074463,0.0,0.0,0.0,0.0,0.0,0.0,0.0
18056377035,0,0.036679308861494064,-0.03305106237530708,-0.40985405445098877,6.569455581484362e-05,-0.04113857448101044,-0.8442511558532715,0.012034455314278603,0.12010876089334488,-0.16780148446559906,-0.07322759181261063,-0.016175104305148125,-0.4343971014022827,0.004068047273904085,-0.02646019123494625,0.06779313832521439,0.0,0.0,-0.0047828578390181065,-0.02882932312786579,0.029417691752314568,-0.031582411378622055,-0.03897601738572121,0.20682120323181152,-0.08798796683549881,-1.1786308288574219,-1.4282861948013306,-45.81258773803711,-0.0006448522326536477,0.1837991625070572,0.021296732127666473,-0.07178599387407303,0.09420666843652725,-0.1948811262845993,0.05365712568163872,11.267866134643555,11.66917896270752,10.627487182617188,12.305174827575684,-0.07819335907697678,-0.024531250819563866,0.0705273449420929,-0.009199218824505806,0.0,-0.08883925527334213,0.0008773740846663713,0.07946794480085373,-0.013514635153114796,0.0,-0.24299727380275726,-0.14435245096683502,-9.414889335632324,-0.21429650485515594,-0.2596884071826935,-8.329561233520508,0.0,0.0,0.0,0.0,0.0,0.0,0.0,0.0,0.0,0.0,0.0,0.0,-0.09258206188678741,-0.002945427317172289,0.08067935705184937,-0.009484942071139812,0.26733341813087463,0.2735510468482971,0.2559986412525177,0.2871319055557251,-0.9501842260360718,-0.6395654678344727,0.8185096979141235,0.0,0.0,0.0,0.0,0.0,0.0,0.0
18066475607,0,0.036679308861494064,-0.03305106237530708,-0.40985405445098877,6.569455581484362e-05,-0.04113857448101044,-0.8442511558532715,0.012034455314278603,0.12010876089334488,-0.16780148446559906,-0.07322759181261063,-0.016175104305148125,-0.4343971014022827,0.004068047273904085,-0.02646019123494625,0.06779313832521439,0.0,0.0,-0.0047828578390181065,-0.02882932312786579,0.029417691752314568,-0.031582411378622055,-0.03897601738572121,0.20682120323181152,-0.08798796683549881,-1.1786308288574219,-1.4282861948013306,-45.81258773803711,-0.0006448522326536477,0.1837991625070572,0.021296732127666473,-0.07178599387407303,0.09436199069023132,-0.19504395127296448,0.05315632373094559,11.267866134643555,11.66917896270752,10.627487182617188,12.305174827575684,-0.07972656190395355,-0.02299804612994194,0.07206054776906967,-0.0076660155318677425,0.0,-0.08883925527334213,0.0008773740846663713,0.07946794480085373,-0.013514635153114796,0.0,-0.3020245432853699,-0.03929537534713745,-10.097243309020996,-0.21429650485515594,-0.2596884071826935,-8.329561233520508,0.0,0.0,0.0,0.0,0.0,0.0,0.0,0.0,0.0,0.0,0.0,0.0,-0.09142863750457764,-0.0015954088885337114,0.08030248433351517,-0.010866010561585426,0.26633307337760925,0.2742105722427368,0.2536947727203369,0.2866283059120178,-0.9501842260360718,-0.6395654678344727,0.8185096979141235,0.0,0.0,0.0,0.0,0.0,0.0,0.0
18077429701,0,0.036679308861494064,-0.03305106237530708,-0.40985405445098877,6.569455581484362e-05,-0.04113857448101044,-0.8442511558532715,0.012034455314278603,0.12010876089334488,-0.16780148446559906,-0.07322759181261063,-0.016175104305148125,-0.4343971014022827,0.004068047273904085,-0.02646019123494625,0.06779313832521439,0.0,0.0,-0.0047828578390181065,-0.05950639769434929,0.028819670900702477,-0.049074891954660416,-0.03897601738572121,0.20682120323181152,-0.08798796683549881,-1.1523864269256592,-1.5117766857147217,-45.445274353027344,0.04822934418916702,0.1750846654176712,0.045293740928173065,-0.07064911723136902,0.09378638863563538,-0.19533148407936096,0.051933519542217255,10.63697338104248,12.267388343811035,9.873604774475098,12.72331714630127,-0.07972656190395355,-0.019931640475988388,0.07512695342302322,-0.0076660155318677425,0.0,-0.09591829031705856,0.0040979571640491486,0.08773311972618103,-0.01602293737232685,0.0,-0.25673261284828186,-0.19721858203411102,-9.861761093139648,-0.21429650485515594,-0.2596884071826935,-8.329561233520508,0.0,0.0,0.0,0.0,0.0,0.0,0.0,0.0,0.0,0.0,0.0,0.0,-0.0907101184129715,-0.00032658653799444437,0.08034442365169525,-0.012149691581726074,0.2538827061653137,0.2858927547931671,0.23870685696601868,0.29474857449531555,-1.2651978731155396,-0.22565957903862,-0.23274733126163483,0.0,0.0,0.0,0.0,0.0,0.0,0.0
18086686901,0,0.036679308861494064,-0.03305106237530708,-0.40985405445098877,6.569455581484362e-05,-0.04113857448101044,-0.8442511558532715,0.012034455314278603,0.12010876089334488,-0.16780148446559906,-0.07283180207014084,-0.02405432052910328,-0.42998093366622925,0.004068047273904085,-0.02646019123494625,0.06779313832521439,0.0,0.0,-0.0047828578390181065,-0.08044938743114471,0.013077246025204659,-0.04905476048588753,-0.03897601738572121,0.20682120323181152,-0.08798796683549881,-1.1159156560897827,-1.5993566513061523,-45.339019775390625,0.07797380536794662,0.19495926797389984,0.040302153676748276,-0.06947606056928635,0.0921168103814125,-0.19575175642967224,0.05036495253443718,10.816753387451172,12.130264282226562,9.894706726074219,12.557748794555664,-0.07819335907697678,-0.015332031063735485,0.07819335907697678,-0.0076660155318677425,0.0,-0.0958789810538292,0.007865091785788536,0.0895083025097847,-0.019625766202807426,0.0,-0.25673261284828186,-0.19721858203411102,-9.861761093139648,-0.20740960538387299,-0.28511297702789307,-8.245038986206055,0.0,0.0,0.0,0.0,0.0,0.0,0.0,0.0,0.0,0.0,0.0,0.0,-0.09098939597606659,0.001139097847044468,0.08142906427383423,-0.013546233996748924,0.2574388384819031,0.2832212448120117,0.23912803828716278,0.29153725504875183,-0.9738337993621826,-0.6746789813041687,0.1770835816860199,0.0,0.0,0.0,0.0,0.0,0.0,0.0
18096637946,0,0.036341629922389984,-0.02650601975619793,-0.41723746061325073,6.569455581484362e-05,-0.04113857448101044,-0.8442511558532715,0.007367681711912155,0.12452124804258347,-0.1769961565732956,-0.07255223393440247,-0.029265256598591805,-0.42701369524002075,0.0011752477148547769,-0.025339454412460327,0.06653725355863571,0.0,0.0,-0.0047828578390181065,-0.0866631343960762,0.003247455693781376,-0.0412348248064518,-0.01221392396837473,0.20128972828388214,-0.08559218794107437,-1.1159156560897827,-1.5993566513061523,-45.339019775390625,0.07797380536794662,0.19495926797389984,0.040302153676748276,-0.06947606056928635,0.0921168103814125,-0.19575175642967224,0.05036495253443718,10.816753387451172,12.130264282226562,9.894706726074219,12.557748794555664,-0.07819335907697678,-0.013798828236758709,0.07819335907697678,-0.009199218824505806,0.0,-0.0958789810538292,0.007865091785788536,0.0895083025097847,-0.019625766202807426,0.0,-0.2874554395675659,0.22965341806411743,-9.988438606262207,-0.20464521646499634,-0.2946421205997467,-8.242984771728516,0.0,0.0,0.0,0.0,0.0,0.0,0.0,0.0,0.0,0.0,0.0,0.0,-0.09203081578016281,0.00292728329077363,0.08337144553661346,-0.015188705176115036,0.2574388384819031,0.2832212448120117,0.23912803828716278,0.29153725504875183,-0.7186384797096252,-0.8122447729110718,0.5015373229980469,0.0,0.0,0.0,0.0,0.0,0.0,0.0
18106263578,0,0.036341629922389984,-0.02650601975619793,-0.41723746061325073,6.569455581484362e-05,-0.04113857448101044,-0.8442511558532715,0.007367681711912155,0.12452124804258347,-0.1769961565732956,-0.07246914505958557,-0.03186667338013649,-0.42552492022514343,0.0011752477148547769,-0.025339454412460327,0.06653725355863571,0.0,0.0,-0.0047828578390181065,-0.0866631343960762,0.003247455693781376,-0.0412348248064518,-0.01221392396837473,0.20128972828388214,-0.08559218794107437,-1.1255487203598022,-1.620531678199768,-45.33641815185547,0.08909985423088074,0.206146702170372,0.030645500868558884,-0.06883154809474945,0.09087102860212326,-0.19614244997501373,0.04969032108783722,11.095253944396973,11.88620662689209,10.10117244720459,12.316889762878418,-0.07972656190395355,-0.015332031063735485,0.07819335907697678,-0.012265625409781933,0.0,-0.09438785165548325,0.008428863249719143,0.08882617205381393,-0.02028408832848072,0.0,-0.16645561158657074,0.12476634979248047,-10.060272216796875,-0.20707973837852478,-0.29506343603134155,-8.231690406799316,0.0,0.0,0.0,0.0,0.0,0.0,0.0,0.0,0.0,0.0,0.0,0.0,-0.09318429231643677,0.00474390247836709,0.08542768657207489,-0.016845619305968285,0.26293492317199707,0.2784571349620819,0.2432437241077423,0.28685620427131653,-0.7186384797096252,-0.8122447729110718,0.5015373229980469,0.0,0.0,0.0,0.0,0.0,0.0,0.0
18116183472,0,0.03625962883234024,-0.023912688717246056,-0.42022526264190674,6.569455581484362e-05,-0.04113857448101044,-0.8442511558532715,0.008944657631218433,0.11922501772642136,-0.17887228727340698,-0.07238823175430298,-0.03445194289088249,-0.42402589321136475,-0.0006389589398168027,-0.025128092616796494,0.06621701270341873,0.0,0.0,-0.0047828578390181065,-0.09239982068538666,0.012519201263785362,-0.0367836095392704,0.008001885376870632,0.19929586350917816,-0.08378560096025467,-1.138938546180725,-1.6228488683700562,-45.274295806884766,0.08909985423088074,0.206146702170372,0.030645500868558884,-0.06883154809474945,0.09087102860212326,-0.19614244997501373,0.04969032108783722,11.078926086425781,11.895452499389648,10.117653846740723,12.194696426391602,-0.08125976473093033,-0.013798828236758709,0.07819335907697678,-0.013798828236758709,0.0,-0.09503089636564255,0.008093196898698807,0.08923214673995972,-0.020166289061307907,0.0,-0.16645561158657074,0.12476634979248047,-10.060272216796875,-0.2071813941001892,-0.293669193983078,-8.221479415893555,0.0,0.0,0.0,0.0,0.0,0.0,0.0,0.0,0.0,0.0,0.0,0.0,-0.094072125852108,0.006275820545852184,0.08711627870798111,-0.018259195610880852,0.26293492317199707,0.2784571349620819,0.2432437241077423,0.28685620427131653,-0.357176810503006,0.20353436470031738,0.22417354583740234,0.0,0.0,0.0,0.0,0.0,0.0,0.0
18126206131,0,0.03625962883234024,-0.023912688717246056,-0.42022526264190674,6.569455581484362e-05,-0.04113857448101044,-0.8442511558532715,0.008944657631218433,0.11922501772642136,-0.17887228727340698,-0.07229936867952347,-0.03706208989024162,-0.42250949144363403,-0.0006389589398168027,-0.025128092616796494,0.06621701270341873,0.0,0.0,-0.0047828578390181065,-0.10356064885854721,0.02803971618413925,-0.04428020492196083,0.008001885376870632,0.19929586350917816,-0.08378560096025467,-1.1394976377487183,-1.6151806116104126,-45.218135833740234,0.106357142329216,0.18076340854167938,0.029565248638391495,-0.06763909012079239,0.08809752762317657,-0.19688962399959564,0.04880182445049286,11.078926086425781,11.895452499389648,10.117653846740723,12.194696426391602,-0.08125976473093033,-0.012265625409781933,0.07819335907697678,-0.016865234822034836,0.0,-0.09468547999858856,0.007957628928124905,0.08911135792732239,-0.019821401685476303,0.0,-0.16645561158657074,0.12476634979248047,-10.060272216796875,-0.20319320261478424,-0.29495611786842346,-8.226180076599121,0.0,0.0,0.0,0.0,0.0,0.0,0.0,0.0,0.0,0.0,0.0,0.0,-0.0946400910615921,0.00737382285296917,0.08831287175416946,-0.019295843318104744,0.2626130282878876,0.27863770723342896,0.24357183277606964,0.2844768166542053,-0.7071236371994019,0.768316924571991,-0.2469334453344345,0.0,0.0,0.0,0.0,0.0,0.0,0.0
18136342270,0,0.03625962883234024,-0.023912688717246056,-0.42022526264190674,6.569455581484362e-05,-0.04113857448101044,-0.8442511558532715,0.008944657631218433,0.11922501772642136,-0.17887228727340698,-0.07229936867952347,-0.03706208989024162,-0.42250949144363403,-0.0006389589398168027,-0.025128092616796494,0.06621701270341873,0.0,0.0,-0.0047828578390181065,-0.10356064885854721,0.02803971618413925,-0.04428020492196083,0.008001885376870632,0.19929586350917816,-0.08378560096025467,-1.0711952447891235,-1.5937224626541138,-45.29582977294922,0.13491375744342804,0.15565024316310883,0.04043259844183922,-0.0670006275177002,0.08632395416498184,-0.19700981676578522,0.04827265068888664,10.830074310302734,12.270809173583984,9.861288070678711,12.402369499206543,-0.08125976473093033,-0.010732421651482582,0.08125976473093033,-0.016865234822034836,0.0,-0.09385985881090164,0.009120509028434753,0.08827386796474457,-0.020769141614437103,0.0,-0.21046610176563263,-0.16156116127967834,-9.865286827087402,-0.20319320261478424,-0.29495611786842346,-8.226180076599121,0.0,0.0,0.0,0.0,0.0,0.0,0.0,0.0,0.0,0.0,0.0,0.0,-0.09490565955638885,0.008081462234258652,0.0890156552195549,-0.019962292164564133,0.2577022910118103,0.2859591841697693,0.2384609431028366,0.2885187566280365,-0.7071236371994019,0.768316924571991,-0.2469334453344345,0.0,0.0,0.0,0.0,0.0,0.0,0.0
18146172793,0,0.036088161170482635,-0.02007262594997883,-0.4247601330280304,6.569455581484362e-05,-0.04113857448101044,-0.8442511558532715,0.0032044381368905306,0.10700222849845886,-0.17421774566173553,-0.07204528898000717,-0.04213210940361023,-0.4194910228252411,-0.004200490191578865,-0.023596052080392838,0.0645197257399559,0.0,0.0,-0.0047828578390181065,-0.10356064885854721,0.02803971618413925,-0.04428020492196083,0.03078565187752247,0.18802930414676666,-0.08309498429298401,-1.0711952447891235,-1.5937224626541138,-45.29582977294922,0.13491375744342804,0.15565024316310883,0.04043259844183922,-0.0670006275177002,0.08632395416498184,-0.19700981676578522,0.04827265068888664,10.830074310302734,12.270809173583984,9.861288070678711,12.402369499206543,-0.08125976473093033,-0.009199218824505806,0.08432617038488388,-0.018398437649011612,0.0,-0.09385985881090164,0.009120509028434753,0.08827386796474457,-0.020769141614437103,0.0,-0.21046610176563263,-0.16156116127967834,-9.865286827087402,-0.19346603751182556,-0.28435394167900085,-8.24721622467041,0.0,0.0,0.0,0.0,0.0,0.0,0.0,0.0,0.0,0.0,0.0,0.0,-0.09488137811422348,0.008567574433982372,0.08926305174827576,-0.020395223051309586,0.2577022910118103,0.2859591841697693,0.2384609431028366,0.2885187566280365,-0.7071236371994019,0.768316924571991,-0.2469334453344345,0.0,0.0,0.0,0.0,0.0,0.0,0.0
18156855139,0,0.036088161170482635,-0.02007262594997883,-0.4247601330280304,6.569455581484362e-05,-0.04113857448101044,-0.8442511558532715,0.0032044381368905306,0.10700222849845886,-0.17421774566173553,-0.07174152880907059,-0.04703259840607643,-0.4164479970932007,-0.004200490191578865,-0.023596052080392838,0.0645197257399559,0.0,0.0,-0.0047828578390181065,-0.1404040902853012,0.03235016390681267,-0.04665232449769974,0.03078565187752247,0.18802930414676666,-0.08309498429298401,-1.0147278308868408,-1.5668179988861084,-45.261451721191406,0.2020607739686966,0.1529686599969864,0.040481556206941605,-0.0658055767416954,0.0820184051990509,-0.1968451887369156,0.04712791368365288,10.921003341674805,12.370343208312988,9.751561164855957,12.286819458007812,-0.08125976473093033,-0.006132812704890966,0.08432617038488388,-0.019931640475988388,0.0,-0.09024623781442642,0.009997103363275528,0.08636905252933502,-0.021709607914090157,0.0,-0.21046610176563263,-0.16156116127967834,-9.865286827087402,-0.17751246690750122,-0.27784502506256104,-8.226195335388184,0.0,0.0,0.0,0.0,0.0,0.0,0.0,0.0,0.0,0.0,0.0,0.0,-0.09451423585414886,0.00894912052899599,0.08911432325839996,-0.020720526576042175,0.25949811935424805,0.287896066904068,0.2362690269947052,0.2862708568572998,-1.564144492149353,0.2619755268096924,-0.155847430229187,0.0,0.0,0.0,0.0,0.0,0.0,0.0
18166087767,0,0.03593628108501434,-0.017622392624616623,-0.4278031587600708,6.569455581484362e-05,-0.04113857448101044,-0.8442511558532715,-0.004013495519757271,0.09890371561050415,-0.17584550380706787,-0.07174152880907059,-0.04703259840607643,-0.4164479970932007,-0.007363850716501474,-0.023112107068300247,0.06369257718324661,0.0,0.0,-0.0047828578390181065,-0.16412030160427094,0.037045639008283615,-0.03820278123021126,0.06946837157011032,0.18156109750270844,-0.08172500133514404,-0.969597339630127,-1.5119149684906006,-45.25005340576172,0.2455047070980072,0.14073719084262848,0.029254917055368423,-0.0645998939871788,0.0820184051990509,-0.1968451887369156,0.04712791368365288,11.249484062194824,12.173421859741211,9.98580265045166,11.919695854187012,-0.08125976473093033,-0.004599609412252903,0.08585937321186066,-0.021464843302965164,0.0,-0.08433174341917038,0.00998265203088522,0.08091600984334946,-0.021978460252285004,0.0,-0.38606199622154236,-0.24606971442699432,-9.830483436584473,-0.17751246690750122,-0.27784502506256104,-8.226195335388184,0.0,0.0,0.0,0.0,0.0,0.0,0.0,0.0,0.0,0.0,0.0,0.0,-0.0934399664402008,0.009289045818150043,0.0883709192276001,-0.021032044664025307,0.25949811935424805,0.287896066904068,0.2362690269947052,0.2862708568572998,-1.3384674787521362,0.2866048812866211,0.2540155053138733,0.0,0.0,0.0,0.0,0.0,0.0,0.0
18176428113,0,0.03576122224330902,-0.015224656090140343,-0.4308502972126007,6.569455581484362e-05,-0.04113857448101044,-0.8442511558532715,-0.004991936031728983,0.09216883033514023,-0.17485567927360535,-0.07139141112565994,-0.05182809755206108,-0.4134008586406708,-0.010623078793287277,-0.02225285768508911,0.0632747933268547,0.0,0.0,-0.0047828578390181065,-0.16412030160427094,0.037045639008283615,-0.03820278123021126,0.08202595263719559,0.17804023623466492,-0.08151864260435104,-0.969597339630127,-1.5119149684906006,-45.25005340576172,0.2455047070980072,0.14073719084262848,0.029254917055368423,-0.0645998939871788,0.07636702805757523,-0.19652049243450165,0.04613726958632469,11.249484062194824,12.173421859741211,9.98580265045166,11.919695854187012,-0.0827929675579071,-0.004599609412252903,0.08585937321186066,-0.02299804612994194,0.0,-0.08433174341917038,0.00998265203088522,0.08091600984334946,-0.021978460252285004,0.0,-0.15338589251041412,-0.052586983889341354,-9.69878101348877,-0.17414185404777527,-0.2729301154613495,-8.224729537963867,0.0,0.0,0.0,0.0,0.0,0.0,0.0,0.0,0.0,0.0,0.0,0.0,-0.09150376170873642,0.00958488043397665,0.08688122779130936,-0.021347491070628166,0.26597166061401367,0.28406229615211487,0.240944966673851,0.2791115641593933,-1.3384674787521362,0.2866048812866211,0.2540155053138733,0.0,0.0,0.0,0.0,0.0,0.0,0.0
18186214901,0,0.03576122224330902,-0.015224656090140343,-0.4308502972126007,6.569455581484362e-05,-0.04113857448101044,-0.8442511558532715,-0.004991936031728983,0.09216883033514023,-0.17485567927360535,-0.07139141112565994,-0.05182809755206108,-0.4134008586406708,-0.010623078793287277,-0.02225285768508911,0.0632747933268547,0.0,0.0,-0.0047828578390181065,-0.17133721709251404,0.046781204640865326,-0.03557238355278969,0.08202595263719559,0.17804023623466492,-0.08151864260435104,-0.9577801823616028,-1.5011156797409058,-45.23601150512695,0.2749258577823639,0.12109779566526413,0.027384139597415924,-0.06395378708839417,0.07288406789302826,-0.19615277647972107,0.04572806507349014,11.307103157043457,12.197375297546387,10.015557289123535,11.793357849121094,-0.08432617038488388,-0.003066406352445483,0.08585937321186066,-0.024531250819563866,0.0,-0.08312899619340897,0.010050124488770962,0.07994449138641357,-0.022184912115335464,0.0,-0.586808443069458,-0.4660348892211914,-9.79860782623291,-0.17414185404777527,-0.2729301154613495,-8.224729537963867,0.0,0.0,0.0,0.0,0.0,0.0,0.0,0.0,0.0,0.0,0.0,0.0,-0.0891726016998291,0.009806887246668339,0.08500301092863083,-0.02162858657538891,0.2671048045158386,0.2845290005207062,0.24153809249401093,0.27664151787757874,-1.0836234092712402,0.5837748646736145,0.23533941805362701,0.0,0.0,0.0,0.0,0.0,0.0,0.0
18196290030,0,0.03567909821867943,-0.01406144443899393,-0.43237441778182983,6.569455581484362e-05,-0.04113857448101044,-0.8442511558532715,-0.006652505602687597,0.09070638567209244,-0.17405474185943604,-0.07122716307640076,-0.05415453389286995,-0.41187673807144165,-0.011963789351284504,-0.021691281348466873,0.0630158856511116,0.0,0.0,-0.0047828578390181065,-0.17811612784862518,0.067421093583107,-0.040666282176971436,0.09275240451097488,0.17371675372123718,-0.08119405806064606,-0.9349569082260132,-1.5265908241271973,-45.240020751953125,0.2998920977115631,0.08602047711610794,0.034213192760944366,-0.06276334077119827,0.06580059230327606,-0.19492207467556,0.04491870477795601,11.117237091064453,12.461549758911133,9.86249828338623,11.869498252868652,-0.08432617038488388,-0.003066406352445483,0.08585937321186066,-0.024531250819563866,0.0,-0.0845199003815651,0.011311285197734833,0.08141489326953888,-0.023372551426291466,0.0,-0.586808443069458,-0.4660348892211914,-9.79860782623291,-0.17031031847000122,-0.27442339062690735,-8.226336479187012,0.0,0.0,0.0,0.0,0.0,0.0,0.0,0.0,0.0,0.0,0.0,0.0,-0.08703054487705231,0.010016024112701416,0.0832585021853447,-0.021914754062891006,0.2633678615093231,0.289669007062912,0.23848514258861542,0.27813056111335754,-0.6980535387992859,0.91146320104599,-0.11728018522262573,0.0,0.0,0.0,0.0,0.0,0.0,0.0
18206396960,0,0.035440679639577866,-0.01180487684905529,-0.4354110360145569,6.569455581484362e-05,-0.04113857448101044,-0.8442511558532715,-0.006578835193067789,0.08783534914255142,-0.17381426692008972,-0.07075032591819763,-0.05866768956184387,-0.4088401198387146,-0.014714427292346954,-0.020252006128430367,0.06228747218847275,0.0,0.0,-0.0047828578390181065,-0.17811612784862518,0.067421093583107,-0.040666282176971436,0.12434728443622589,0.15709908306598663,-0.07992938905954361,-0.9349569082260132,-1.5265908241271973,-45.240020751953125,0.2998920977115631,0.08602047711610794,0.034213192760944366,-0.06276334077119827,0.06580059230327606,-0.19492207467556,0.04491870477795601,11.117237091064453,12.461549758911133,9.86249828338623,11.869498252868652,-0.08432617038488388,-0.0015332031762227416,0.08739257603883743,-0.02299804612994194,0.0,-0.0845199003815651,0.011311285197734833,0.08141489326953888,-0.023372551426291466,0.0,-0.570263683795929,-0.559118926525116,-9.61390495300293,-0.1688532531261444,-0.27687811851501465,-8.21821117401123,0.0,0.0,0.0,0.0,0.0,0.0,0.0,0.0,0.0,0.0,0.0,0.0,-0.08544960618019104,0.010299711488187313,0.0819924995303154,-0.022269710898399353,0.2633678615093231,0.289669007062912,0.23848514258861542,0.27813056111335754,-0.6980535387992859,0.91146320104599,-0.11728018522262573,0.0,0.0,0.0,0.0,0.0,0.0,0.0
18216519926,0,0.035440679639577866,-0.01180487684905529,-0.4354110360145569,6.569455581484362e-05,-0.04113857448101044,-0.8442511558532715,-0.006578835193067789,0.08783534914255142,-0.17381426692008972,-0.07075032591819763,-0.05866768956184387,-0.4088401198387146,-0.014714427292346954,-0.020252006128430367,0.06228747218847275,0.0,0.0,-0.0047828578390181065,-0.17811612784862518,0.067421093583107,-0.040666282176971436,0.12434728443622589,0.15709908306598663,-0.07992938905954361,-0.9349569082260132,-1.5265908241271973,-45.240020751953125,0.2998920977115631,0.08602047711610794,0.034213192760944366,-0.06276334077119827,0.06580059230327606,-0.19492207467556,0.04491870477795601,11.117237091064453,12.461549758911133,9.86249828338623,11.869498252868652,-0.0827929675579071,-0.0015332031762227416,0.08739257603883743,-0.021464843302965164,0.0,-0.0845199003815651,0.011311285197734833,0.08141489326953888,-0.023372551426291466,0.0,-0.570263683795929,-0.559118926525116,-9.61390495300293,-0.1688532531261444,-0.27687811851501465,-8.21821117401123,0.0,0.0,0.0,0.0,0.0,0.0,0.0,0.0,0.0,0.0,0.0,0.0,-0.08450052887201309,0.01062589418143034,0.08126328140497208,-0.022647786885499954,0.2633678615093231,0.289669007062912,0.23848514258861542,0.27813056111335754,-0.6980535387992859,0.91146320104599,-0.11728018522262573,0.0,0.0,0.0,0.0,0.0,0.0,0.0
18226545212,0,0.03529411554336548,-0.010694856755435467,-0.437004417181015,6.569455581484362e-05,-0.04113857448101044,-0.8442511558532715,-0.007323974743485451,0.08071239292621613,-0.17427799105644226,-0.07045719027519226,-0.060887739062309265,-0.40724673867225647,-0.016356289386749268,-0.019582515582442284,0.061883196234703064,0.0,0.0,-0.0047828578390181065,-0.19530636072158813,0.08176638185977936,-0.04408719763159752,0.1399264633655548,0.15140239894390106,-0.07951688021421432,-0.9115414619445801,-1.4667965173721313,-45.14973831176758,0.34547311067581177,0.06202604994177818,0.03616982698440552,-0.06147947907447815,0.05709318816661835,-0.19284456968307495,0.04386001080274582,11.082818984985352,12.597147941589355,9.759851455688477,11.790672302246094,-0.0827929675579071,-0.0015332031762227416,0.08739257603883743,-0.021464843302965164,0.0,-0.08199293911457062,0.010279236361384392,0.07939235866069794,-0.022319313138723373,0.0,-0.6533674597740173,-0.77229243516922,-9.696895599365234,-0.16573481261730194,-0.26669028401374817,-8.209043502807617,0.0,0.0,0.0,0.0,0.0,0.0,0.0,0.0,0.0,0.0,0.0,0.0,-0.08392076194286346,0.01086517795920372,0.08083932101726532,-0.022918879985809326,0.2626896798610687,0.29230186343193054,0.23643474280834198,0.27658888697624207,-0.869737982749939,0.7573354244232178,-0.1063113585114479,0.0,0.0,0.0,0.0,0.0,0.0,0.0
18236332261,0,0.03529411554336548,-0.010694856755435467,-0.437004417181015,6.569455581484362e-05,-0.04113857448101044,-0.8442511558532715,-0.007323974743485451,0.08071239292621613,-0.17427799105644226,-0.07045719027519226,-0.060887739062309265,-0.40724673867225647,-0.016356289386749268,-0.019582515582442284,0.061883196234703064,0.0,0.0,-0.0047828578390181065,-0.1972409188747406,0.08997200429439545,-0.04328949749469757,0.1399264633655548,0.15140239894390106,-0.07951688021421432,-0.9327808022499084,-1.4603245258331299,-45.0830192565918,0.35883527994155884,0.0452486127614975,0.034344740211963654,-0.06092671677470207,0.053028106689453125,-0.19174285233020782,0.04339509457349777,11.106761932373047,12.581012725830078,9.794013977050781,11.682160377502441,-0.0827929675579071,-0.0015332031762227416,0.08739257603883743,-0.02299804612994194,0.0,-0.08223319798707962,0.009561383165419102,0.07971116900444031,-0.021636346355080605,0.0,-0.5753560662269592,0.044697489589452744,-9.718901634216309,-0.16573481261730194,-0.26669028401374817,-8.209043502807617,0.0,0.0,0.0,0.0,0.0,0.0,0.0,0.0,0.0,0.0,0.0,0.0,-0.08340754359960556,0.010889232158660889,0.08047181367874146,-0.022958651185035706,0.2631615102291107,0.29198887944221497,0.23711739480495453,0.2744647264480591,-0.6612001061439514,0.8707790970802307,0.0030091539956629276,0.0,0.0,0.0,0.0,0.0,0.0,0.0
18246104828,0,0.03501727059483528,-0.008668908849358559,-0.44001835584640503,6.569455581484362e-05,-0.04113857448101044,-0.8442511558532715,-0.005468188319355249,0.07836143672466278,-0.17653903365135193,-0.06990350037813187,-0.06493966281414032,-0.40423280000686646,-0.019733073189854622,-0.017846286296844482,0.06097757816314697,0.0,0.0,-0.0047828578390181065,-0.1820664256811142,0.10955023020505905,-0.04239632934331894,0.16820749640464783,0.13664066791534424,-0.07886643707752228,-0.8681730031967163,-1.5038204193115234,-45.181785583496094,0.36944735050201416,0.003319768700748682,0.03261584788560867,-0.05963554605841637,0.043105222284793854,-0.1884773075580597,0.04239194095134735,11.126361846923828,12.643218994140625,9.91180419921875,11.583247184753418,-0.0827929675579071,0.0,0.08585937321186066,-0.02299804612994194,0.0,-0.08128830790519714,0.012648545205593109,0.07814856618642807,-0.025000475347042084,0.0,-0.5753560662269592,0.044697489589452744,-9.718901634216309,-0.16743941605091095,-0.2689208984375,-8.18338394165039,0.0,0.0,0.0,0.0,0.0,0.0,0.0,0.0,0.0,0.0,0.0,0.0,-0.08288376778364182,0.010831569321453571,0.08006391674280167,-0.022920910269021988,0.2631615102291107,0.29198887944221497,0.23711739480495453,0.2744647264480591,0.38283902406692505,0.921788215637207,0.023120706900954247,0.0,0.0,0.0,0.0,0.0,0.0,0.0
18256267563,0,0.03453192859888077,-0.005731666460633278,-0.44449466466903687,6.569455581484362e-05,-0.04113857448101044,-0.8442511558532715,-0.01349507737904787,0.07659000903367996,-0.1701793670654297,-0.06893280893564224,-0.07081417739391327,-0.3997564911842346,-0.024305259808897972,-0.014352063648402691,0.05979809910058975,0.0,0.0,-0.0047828578390181065,-0.1820664256811142,0.10955023020505905,-0.04239632934331894,0.19172151386737823,0.11658572405576706,-0.0772780030965805,-0.8681730031967163,-1.5038204193115234,-45.181785583496094,0.36944735050201416,0.003319768700748682,0.03261584788560867,-0.05963554605841637,0.043105222284793854,-0.1884773075580597,0.04239194095134735,11.126361846923828,12.643218994140625,9.91180419921875,11.583247184753418,-0.08432617038488388,0.0015332031762227416,0.08432617038488388,-0.02299804612994194,0.0,-0.08128830790519714,0.012648545205593109,0.07814856618642807,-0.025000475347042084,0.0,-0.43992385268211365,-0.23822693526744843,-9.717071533203125,-0.14830425381660461,-0.27651745080947876,-8.221378326416016,0.0,0.0,0.0,0.0,0.0,0.0,0.0,0.0,0.0,0.0,0.0,0.0,-0.08237534761428833,0.010996075347065926,0.07958195358514786,-0.023130889981985092,0.2635478079319,0.29319578409194946,0.2394690215587616,0.27252647280693054,0.38283902406692505,0.921788215637207,0.023120706900954247,0.0,0.0,0.0,0.0,0.0,0.0,0.0
18266331140,0,0.03453192859888077,-0.005731666460633278,-0.44449466466903687,6.569455581484362e-05,-0.04113857448101044,-0.8442511558532715,-0.01349507737904787,0.07659000903367996,-0.1701793670654297,-0.06856425851583481,-0.07267840206623077,-0.3982847332954407,-0.024305259808897972,-0.014352063648402691,0.05979809910058975,0.0,0.0,-0.0047828578390181065,-0.17098648846149445,0.11618968844413757,-0.042281635105609894,0.20017138123512268,0.1134854182600975,-0.07760418951511383,-0.8681730031967163,-1.5038204193115234,-45.181785583496094,0.36944735050201416,0.003319768700748682,0.03261584788560867,-0.05963554605841637,0.03882186859846115,-0.18681785464286804,0.04199014976620674,11.126361846923828,12.643218994140625,9.91180419921875,11.583247184753418,-0.08432617038488388,0.0015332031762227416,0.0827929675579071,-0.02299804612994194,0.0,-0.08128830790519714,0.012648545205593109,0.07814856618642807,-0.025000475347042084,0.0,-0.4571931064128876,-0.4673880338668823,-9.816457748413086,-0.14032822847366333,-0.27303531765937805,-8.224926948547363,0.0,0.0,0.0,0.0,0.0,0.0,0.0,0.0,0.0,0.0,0.0,0.0,-0.08192470669746399,0.011381907388567924,0.07908042520284653,-0.023579150438308716,0.26312485337257385,0.29364606738090515,0.2402743101119995,0.2724043130874634,0.6939415335655212,0.8810311555862427,-0.0005921947886236012,0.0,0.0,0.0,0.0,0.0,0.0,0.0
18275912226,0,0.03434765338897705,-0.004799556452780962,-0.4459664225578308,6.569455581484362e-05,-0.04113857448101044,-0.8442511558532715,-0.01669701747596264,0.07301761955022812,-0.16899670660495758,-0.06856425851583481,-0.07267840206623077,-0.3982847332954407,-0.025763053447008133,-0.013075308874249458,0.059412404894828796,0.0,0.0,-0.0047828578390181065,-0.12965065240859985,0.1419728547334671,-0.046578966081142426,0.20017138123512268,0.1134854182600975,-0.07760418951511383,-0.7552580833435059,-1.4487261772155762,-45.19825744628906,0.32502639293670654,-0.06204330176115036,0.0372970774769783,-0.057797499001026154,0.029096443206071854,-0.1821538209915161,0.04098847508430481,10.840378761291504,12.796222686767578,9.96627426147461,11.66921615600586,-0.08432617038488388,0.0015332031762227416,0.08125976473093033,-0.024531250819563866,0.0,-0.07775544375181198,0.014251142740249634,0.07194475829601288,-0.02639741823077202,0.0,-0.4571931064128876,-0.4673880338668823,-9.816457748413086,-0.14032822847366333,-0.27303531765937805,-8.224926948547363,0.0,0.0,0.0,0.0,0.0,0.0,0.0,0.0,0.0,0.0,0.0,0.0,-0.08142266422510147,0.011879324913024902,0.07837562263011932,-0.0241263248026371,0.26312485337257385,0.29364606738090515,0.2402743101119995,0.2724043130874634,1.572972059249878,1.1754088401794434,-0.19350098073482513,0.0,0.0,0.0,0.0,0.0,0.0,0.0
18286312593,0,0.03434765338897705,-0.004799556452780962,-0.4459664225578308,6.569455581484362e-05,-0.04113857448101044,-0.8442511558532715,-0.01669701747596264,0.07301761955022812,-0.16899670660495758,-0.06856425851583481,-0.07267840206623077,-0.3982847332954407,-0.025763053447008133,-0.013075308874249458,0.059412404894828796,0.0,0.0,-0.0047828578390181065,-0.12965065240859985,0.1419728547334671,-0.046578966081142426,0.20017138123512268,0.1134854182600975,-0.07760418951511383,-0.7552580833435059,-1.4487261772155762,-45.19825744628906,0.32502639293670654,-0.06204330176115036,0.0372970774769783,-0.057797499001026154,0.029096443206071854,-0.1821538209915161,0.04098847508430481,10.840378761291504,12.796222686767578,9.96627426147461,11.66921615600586,-0.08432617038488388,0.0015332031762227416,0.0827929675579071,-0.024531250819563866,0.0,-0.07775544375181198,0.014251142740249634,0.07194475829601288,-0.02639741823077202,0.0,-0.4571931064128876,-0.4673880338668823,-9.816457748413086,-0.14032822847366333,-0.27303531765937805,-8.224926948547363,0.0,0.0,0.0,0.0,0.0,0.0,0.0,0.0,0.0,0.0,0.0,0.0,-0.08066203445196152,0.01248769462108612,0.07712851464748383,-0.024750065058469772,0.2579057514667511,0.2961609959602356,0.2405555546283722,0.27421125769615173,1.572972059249878,1.1754088401794434,-0.19350098073482513,0.0,0.0,0.0,0.0,0.0,0.0,0.0
18296573963,0,0.03394276276230812,-0.003028743900358677,-0.44889530539512634,6.569455581484362e-05,-0.04113857448101044,-0.8442511558532715,-0.017596853896975517,0.05981004238128662,-0.17089204490184784,-0.06775447726249695,-0.07622004300355911,-0.39535585045814514,-0.028267521411180496,-0.010218878276646137,0.058700162917375565,0.0,0.0,-0.0047828578390181065,-0.0950557217001915,0.15388694405555725,-0.05100458860397339,0.2236635684967041,0.08408792316913605,-0.07599568367004395,-0.7029696106910706,-1.3502230644226074,-45.00544738769531,0.32502639293670654,-0.06204330176115036,0.0372970774769783,-0.057797499001026154,0.029096443206071854,-0.1821538209915161,0.04098847508430481,10.6118803024292,12.861716270446777,9.899128913879395,11.710003852844238,-0.08432617038488388,0.0015332031762227416,0.0827929675579071,-0.024531250819563866,0.0,-0.07439444214105606,0.01290806196630001,0.06703486293554306,-0.024909665808081627,0.0,-0.2025001049041748,0.0348244272172451,-9.639925003051758,-0.13428373634815216,-0.2533608376979828,-8.19709300994873,0.0,0.0,0.0,0.0,0.0,0.0,0.0,0.0,0.0,0.0,0.0,0.0,-0.07959654927253723,0.013050342909991741,0.07533212751150131,-0.025292174890637398,0.2579057514667511,0.2961609959602356,0.2405555546283722,0.27421125769615173,1.6705573797225952,0.696611762046814,-0.28713276982307434,0.0,0.0,0.0,0.0,0.0,0.0,0.0
18305968217,0,0.03348328545689583,-0.001407272880896926,-0.45178720355033875,6.569455581484362e-05,-0.04113857448101044,-0.8442511558532715,-0.02238474227488041,0.04784936457872391,-0.1710360050201416,-0.06683551520109177,-0.07946299761533737,-0.39246395230293274,-0.029532989487051964,-0.007374668028205633,0.05786231532692909,0.0,0.0,-0.0047828578390181065,-0.0950557217001915,0.15388694405555725,-0.05100458860397339,0.2236635684967041,0.08408792316913605,-0.07599568367004395,-0.7029696106910706,-1.3502230644226074,-45.00544738769531,0.3022603392601013,-0.09203466773033142,0.04129313677549362,-0.05659946799278259,0.020541109144687653,-0.17681537568569183,0.039955057203769684,10.6118803024292,12.861716270446777,9.899128913879395,11.710003852844238,-0.08432617038488388,0.0,0.0827929675579071,-0.024531250819563866,0.0,-0.07427136600017548,0.013009324669837952,0.06716670840978622,-0.024798423051834106,0.0,-0.2025001049041748,0.0348244272172451,-9.639925003051758,-0.12043918669223785,-0.2365257441997528,-8.185134887695312,0.0,0.0,0.0,0.0,0.0,0.0,0.0,0.0,0.0,0.0,0.0,0.0,-0.07826196402311325,0.013367434032261372,0.0731501504778862,-0.025551706552505493,0.2533857524394989,0.29742878675460815,0.23921622335910797,0.2750100791454315,1.6705573797225952,0.696611762046814,-0.28713276982307434,0.0,0.0,0.0,0.0,0.0,0.0,0.0
18316140380,0,0.03348328545689583,-0.001407272880896926,-0.45178720355033875,6.569455581484362e-05,-0.04113857448101044,-0.8442511558532715,-0.02238474227488041,0.04784936457872391,-0.1710360050201416,-0.06683551520109177,-0.07946299761533737,-0.39246395230293274,-0.029532989487051964,-0.007374668028205633,0.05786231532692909,0.0,0.0,-0.0047828578390181065,-0.07480785995721817,0.1507883071899414,-0.0520603246986866,0.22996415197849274,0.058344077318906784,-0.07459959387779236,-0.6624155044555664,-1.300891637802124,-45.01824188232422,0.29279929399490356,-0.1010509580373764,0.04126455634832382,-0.05594976246356964,0.016128089278936386,-0.1737058013677597,0.03933682665228844,10.587700843811035,12.86541748046875,9.932082176208496,11.714115142822266,-0.08125976473093033,0.0015332031762227416,0.0827929675579071,-0.024531250819563866,0.0,-0.07136490195989609,0.012819238938391209,0.06380826234817505,-0.02446441538631916,0.0,-0.2025001049041748,0.0348244272172451,-9.639925003051758,-0.12043918669223785,-0.2365257441997528,-8.185134887695312,0.0,0.0,0.0,0.0,0.0,0.0,0.0,0.0,0.0,0.0,0.0,0.0,-0.0767408162355423,0.01344386301934719,0.07081190496683121,-0.025530070066452026,0.25290682911872864,0.2975003123283386,0.23987378180027008,0.2750904858112335,1.8005003929138184,0.18580438196659088,-0.21639929711818695,0.0,0.0,0.0,0.0,0.0,0.0,0.0
18326603042,0,0.03322724625468254,-0.0006603474030271173,-0.4532093405723572,6.569455581484362e-05,-0.04113857448101044,-0.8442511558532715,-0.027372313663363457,0.043930813670158386,-0.170913964509964,-0.06632343679666519,-0.0809568539261818,-0.3910418152809143,-0.029764901846647263,-0.006120049394667149,0.05742192640900612,0.0,0.0,-0.0047828578390181065,-0.02895464561879635,0.13970986008644104,-0.04797722399234772,0.23516516387462616,0.04815562441945076,-0.07402385771274567,-0.5212768912315369,-1.2354165315628052,-45.26921463012695,0.24338309466838837,-0.10805375128984451,0.03480268269777298,-0.05473330616950989,0.008462876081466675,-0.16777747869491577,0.0382167287170887,10.724831581115723,12.698094367980957,10.242151260375977,11.6793794631958,-0.07972656190395355,0.003066406352445483,0.08125976473093033,-0.024531250819563866,0.0,-0.0635007917881012,0.015199224464595318,0.0548589751124382,-0.026715142652392387,0.0,-0.36184921860694885,-0.21727892756462097,-9.950662612915039,-0.10854217410087585,-0.23243436217308044,-8.180785179138184,0.0,0.0,0.0,0.0,0.0,0.0,0.0,0.0,0.0,0.0,0.0,0.0,-0.07477198541164398,0.013484754599630833,0.06811165064573288,-0.025442024692893028,0.25290682911872864,0.2975003123283386,0.23987378180027008,0.2750904858112335,2.2981390953063965,-0.38382795453071594,0.11505994200706482,0.0,0.0,0.0,0.0,0.0,0.0,0.0
18336485871,0,0.03264058753848076,0.0008126130560413003,-0.45601797103881836,6.569455581484362e-05,-0.04113857448101044,-0.8442511558532715,-0.032298073172569275,0.03673473373055458,-0.16286352276802063,-0.06515011191368103,-0.08390279114246368,-0.3882331848144531,-0.02971629798412323,-0.0037968307733535767,0.0566154308617115,0.0,0.0,-0.0047828578390181065,-0.02895464561879635,0.13970986008644104,-0.04797722399234772,0.2374098300933838,0.027817828580737114,-0.07301725447177887,-0.5212768912315369,-1.2354165315628052,-45.26921463012695,0.24338309466838837,-0.10805375128984451,0.03480268269777298,-0.05473330616950989,0.008462876081466675,-0.16777747869491577,0.0382167287170887,10.724831581115723,12.698094367980957,10.242151260375977,11.6793794631958,-0.07972656190395355,0.0015332031762227416,0.08125976473093033,-0.026064453646540642,0.0,-0.0635007917881012,0.015199224464595318,0.0548589751124382,-0.026715142652392387,0.0,0.1191866546869278,-0.041568852961063385,-9.494277000427246,-0.09477762132883072,-0.22462119162082672,-8.230766296386719,0.0,0.0,0.0,0.0,0.0,0.0,0.0,0.0,0.0,0.0,0.0,0.0,-0.0720866322517395,0.01371143851429224,0.06475099921226501,-0.02552981860935688,0.25562143325805664,0.2942598760128021,0.2460489720106125,0.27441027760505676,2.2981390953063965,-0.38382795453071594,0.11505994200706482,0.0,0.0,0.0,0.0,0.0,0.0,0.0
18346123948,0,0.03231702372431755,0.0015267160488292575,-0.4574027955532074,6.569455581484362e-05,-0.04113857448101044,-0.8442511558532715,-0.032404620200395584,0.0338968001306057,-0.15967296063899994,-0.06450297683477402,-0.0853310078382492,-0.3868483603000641,-0.02940683625638485,-0.002687279600650072,0.056337106972932816,0.0,0.0,-0.0047828578390181065,0.0026810476556420326,0.1327640861272812,-0.04063287004828453,0.2374098300933838,0.027817828580737114,-0.07301725447177887,-0.5212768912315369,-1.2354165315628052,-45.26921463012695,0.24338309466838837,-0.10805375128984451,0.03480268269777298,-0.05473330616950989,0.008462876081466675,-0.16777747869491577,0.0382167287170887,10.724831581115723,12.698094367980957,10.242151260375977,11.6793794631958,-0.07972656190395355,0.0015332031762227416,0.07972656190395355,-0.027597656473517418,0.0,-0.0635007917881012,0.015199224464595318,0.0548589751124382,-0.026715142652392387,0.0,0.09781821072101593,0.15992969274520874,-9.650874137878418,-0.09259334951639175,-0.22204679250717163,-8.24710464477539,0.0,0.0,0.0,0.0,0.0,0.0,0.0,0.0,0.0,0.0,0.0,0.0,-0.06918161362409592,0.01409746240824461,0.06127283722162247,-0.025791721418499947,0.25562143325805664,0.2942598760128021,0.2460489720106125,0.27441027760505676,2.6931045055389404,-0.5440899729728699,0.4141198396682739,0.0,0.0,0.0,0.0,0.0,0.0,0.0
18356388638,0,0.03231702372431755,0.0015267160488292575,-0.4574027955532074,6.569455581484362e-05,-0.04113857448101044,-0.8442511558532715,-0.032404620200395584,0.0338968001306057,-0.15967296063899994,-0.06450297683477402,-0.0853310078382492,-0.3868483603000641,-0.02940683625638485,-0.002687279600650072,0.056337106972932816,0.0,0.0,-0.0047828578390181065,0.031959615647792816,0.12925522029399872,-0.037729982286691666,0.23435476422309875,0.01778523437678814,-0.07269835472106934,-0.5053107738494873,-1.2155781984329224,-45.42567825317383,0.1676671802997589,-0.11575312912464142,0.02371487207710743,-0.05351850762963295,0.0019368119537830353,-0.1617099493741989,0.03741409257054329,10.910907745361328,12.35449504852295,10.687318801879883,11.545798301696777,-0.07972656190395355,0.003066406352445483,0.07819335907697678,-0.029130859300494194,0.0,-0.06113274767994881,0.015618043020367622,0.05150938779115677,-0.0267912819981575,0.0,0.09781821072101593,0.15992969274520874,-9.650874137878418,-0.09259334951639175,-0.22204679250717163,-8.24710464477539,0.0,0.0,0.0,0.0,0.0,0.0,0.0,0.0,0.0,0.0,0.0,0.0,-0.06659537553787231,0.014509939588606358,0.05822417512536049,-0.026094434782862663,0.2592988610267639,0.2875877320766449,0.25487926602363586,0.27179232239723206,3.007141351699829,-0.49411705136299133,0.38803836703300476,0.0,0.0,0.0,0.0,0.0,0.0,0.0
18366038818,0,0.03231702372431755,0.0015267160488292575,-0.4574027955532074,6.569455581484362e-05,-0.04113857448101044,-0.8442511558532715,-0.032404620200395584,0.0338968001306057,-0.15967296063899994,-0.06450297683477402,-0.0853310078382492,-0.3868483603000641,-0.02940683625638485,-0.002687279600650072,0.056337106972932816,0.0,0.0,-0.0047828578390181065,0.06550589948892593,0.12306784838438034,-0.039627935737371445,0.23435476422309875,0.01778523437678814,-0.07269835472106934,-0.4927358627319336,-1.2231382131576538,-45.45940017700195,0.1261824071407318,-0.11720381677150726,0.027494383975863457,-0.052872397005558014,-0.0009623076766729355,-0.1583738774061203,0.037042807787656784,10.75640869140625,12.398393630981445,10.668237686157227,11.709857940673828,-0.07819335907697678,0.003066406352445483,0.07666015625,-0.029130859300494194,0.0,-0.0617813803255558,0.016193632036447525,0.05150109902024269,-0.02696399576961994,0.0,0.09781821072101593,0.15992969274520874,-9.650874137878418,-0.09259334951639175,-0.22204679250717163,-8.24710464477539,0.0,0.0,0.0,0.0,0.0,0.0,0.0,0.0,0.0,0.0,0.0,0.0,-0.0644545927643776,0.014924508519470692,0.055639881640672684,-0.026376355439424515,0.2562461197376251,0.2884414494037628,0.254501610994339,0.2750071883201599,3.172504425048828,-0.5572344064712524,0.13275985419750214,0.0,0.0,0.0,0.0,0.0,0.0,0.0
18378156039,0,0.0316486656665802,0.002858348423615098,-0.46014854311943054,6.569455581484362e-05,-0.04113857448101044,-0.8442511558532715,-0.032003387808799744,0.030937286093831062,-0.15500587224960327,-0.06316625326871872,-0.087994284927845,-0.38410261273384094,-0.027902567759156227,-0.00043814064702019095,0.05568484216928482,0.0,0.0,-0.0047828578390181065,0.1199285015463829,0.0996464192867279,-0.04775761440396309,0.2234133630990982,0.0002916933153755963,-0.07169515639543533,-0.4639557898044586,-1.2433468103408813,-45.36906433105469,0.05600299313664436,-0.10094849020242691,0.03618059679865837,-0.05167737603187561,-0.005225414410233498,-0.15221303701400757,0.036127012223005295,10.429120063781738,12.459882736206055,10.509393692016602,12.034817695617676,-0.07512695342302322,0.003066406352445483,0.07512695342302322,-0.027597656473517418,0.0,-0.06330683082342148,0.017608238384127617,0.05211523920297623,-0.027567468583583832,0.0,-0.16154950857162476,-0.12519733607769012,-9.885661125183105,-0.08958833664655685,-0.22238877415657043,-8.265345573425293,0.0,0.0,0.0,0.0,0.0,0.0,0.0,0.0,0.0,0.0,0.0,0.0,-0.06294889003038406,0.015401292592287064,0.053633883595466614,-0.026643315330147743,0.2562461197376251,0.2884414494037628,0.254501610994339,0.2750071883201599,3.0525331497192383,-1.0988216400146484,-0.16230863332748413,0.0,0.0,0.0,0.0,0.0,0.0,0.0
18386225606,0,0.030662233009934425,0.004596459213644266,-0.464205801486969,6.569455581484362e-05,-0.04113857448101044,-0.8442511558532715,-0.03341221436858177,0.028526922687888145,-0.15692220628261566,-0.06119338423013687,-0.09147052466869354,-0.3800453543663025,-0.024253828451037407,0.0022350663784891367,0.054112061858177185,0.0,0.0,-0.0047828578390181065,0.1199285015463829,0.0996464192867279,-0.04775761440396309,0.19300906360149384,-0.015496731735765934,-0.0706995278596878,-0.4639557898044586,-1.2433468103408813,-45.36906433105469,0.05600299313664436,-0.10094849020242691,0.03618059679865837,-0.05167737603187561,-0.005225414410233498,-0.15221303701400757,0.036127012223005295,10.429120063781738,12.459882736206055,10.509393692016602,12.034817695617676,-0.0705273449420929,0.004599609412252903,0.07206054776906967,-0.027597656473517418,0.0,-0.06330683082342148,0.017608238384127617,0.05211523920297623,-0.027567468583583832,0.0,-0.16154950857162476,-0.12519733607769012,-9.885661125183105,-0.08147985488176346,-0.2272828370332718,-8.224977493286133,0.0,0.0,0.0,0.0,0.0,0.0,0.0,0.0,0.0,0.0,0.0,0.0,-0.062204040586948395,0.015977762639522552,0.05233874171972275,-0.02691730484366417,0.24976257979869843,0.2896365821361542,0.2513549029827118,0.2813594341278076,3.0525331497192383,-1.0988216400146484,-0.16230863332748413,0.0,0.0,0.0,0.0,0.0,0.0,0.0
18395981426,0,0.030662233009934425,0.004596459213644266,-0.464205801486969,6.569455581484362e-05,-0.04113857448101044,-0.8442511558532715,-0.03341221436858177,0.028526922687888145,-0.15692220628261566,-0.06119338423013687,-0.09147052466869354,-0.3800453543663025,-0.024253828451037407,0.0022350663784891367,0.054112061858177185,0.0,0.0,-0.0047828578390181065,0.1489850878715515,0.0851007029414177,-0.05059800669550896,0.19300906360149384,-0.015496731735765934,-0.0706995278596878,-0.4481391906738281,-1.2500555515289307,-45.23737716674805,0.013406875543296337,-0.08975475281476974,0.03807118535041809,-0.051030389964580536,-0.006889399141073227,-0.1490340530872345,0.035542622208595276,10.301396369934082,12.395635604858398,10.480157852172852,12.133532524108887,-0.06746093928813934,0.006132812704890966,0.0705273449420929,-0.027597656473517418,0.0,-0.06371119618415833,0.018398825079202652,0.05202027037739754,-0.027941759675741196,0.0,-0.05248550325632095,0.3490378260612488,-9.680667877197266,-0.08147985488176346,-0.2272828370332718,-8.224977493286133,0.0,0.0,0.0,0.0,0.0,0.0,0.0,0.0,0.0,0.0,0.0,0.0,-0.06205986067652702,0.016598613932728767,0.05165614187717438,-0.02718929946422577,0.24722658097743988,0.28838789463043213,0.25077512860298157,0.283284991979599,3.005645990371704,-1.2397181987762451,-0.16768430173397064,0.0,0.0,0.0,0.0,0.0,0.0,0.0
18406266652,0,0.030316488817334175,0.005136521067470312,-0.4655432403087616,6.569455581484362e-05,-0.04113857448101044,-0.8442511558532715,-0.03526851534843445,0.02473052404820919,-0.1579725742340088,-0.06050189211964607,-0.09255065023899078,-0.3787079155445099,-0.022844908758997917,0.0028872701805084944,0.05355122685432434,0.0,0.0,-0.0047828578390181065,0.19993457198143005,0.06739352643489838,-0.05052468180656433,0.17597177624702454,-0.02242172323167324,-0.06964623928070068,-0.36608070135116577,-1.190505862236023,-45.1588020324707,-0.038493797183036804,-0.09099440276622772,0.039684221148490906,-0.050379280000925064,-0.006889399141073227,-0.1490340530872345,0.035542622208595276,10.205669403076172,12.181814193725586,10.652042388916016,12.186861991882324,-0.06592773646116257,0.006132812704890966,0.06746093928813934,-0.027597656473517418,0.0,-0.05932502821087837,0.019433321431279182,0.04654087498784065,-0.02841462567448616,0.0,0.06700512766838074,0.2665248513221741,-9.67392349243164,-0.07571829110383987,-0.22301460802555084,-8.209636688232422,0.0,0.0,0.0,0.0,0.0,0.0,0.0,0.0,0.0,0.0,0.0,0.0,-0.062072671949863434,0.0172473955899477,0.0511392280459404,-0.027466466650366783,0.24722658097743988,0.28838789463043213,0.25077512860298157,0.283284991979599,2.7462964057922363,-1.0302515029907227,0.05617937073111534,0.0,0.0,0.0,0.0,0.0,0.0,0.0
18416115288,0,0.030316488817334175,0.005136521067470312,-0.4655432403087616,6.569455581484362e-05,-0.04113857448101044,-0.8442511558532715,-0.03526851534843445,0.02473052404820919,-0.1579725742340088,-0.059056516736745834,-0.09447257220745087,-0.3760850727558136,-0.022844908758997917,0.0028872701805084944,0.05355122685432434,0.0,0.0,-0.0047828578390181065,0.19993457198143005,0.06739352643489838,-0.05052468180656433,0.17597177624702454,-0.02242172323167324,-0.06964623928070068,-0.36608070135116577,-1.190505862236023,-45.1588020324707,-0.07328914850950241,-0.08866337686777115,0.03564848750829697,-0.049817975610494614,-0.008681651204824448,-0.14327141642570496,0.03439398482441902,10.205669403076172,12.181814193725586,10.652042388916016,12.186861991882324,-0.06592773646116257,0.009199218824505806,0.06746093928813934,-0.027597656473517418,0.0,-0.0592651404440403,0.0194834154099226,0.04659821093082428,-0.02836453914642334,0.0,-0.3685263991355896,-0.4099959135055542,-9.370710372924805,-0.05842306837439537,-0.20859189331531525,-8.216541290283203,0.0,0.0,0.0,0.0,0.0,0.0,0.0,0.0,0.0,0.0,0.0,0.0,-0.061771538108587265,0.01792442426085472,0.05029190704226494,-0.027753617614507675,0.24532344937324524,0.2842260003089905,0.25418105721473694,0.28432419896125793,2.7462964057922363,-1.0302515029907227,0.05617937073111534,0.0,0.0,0.0,0.0,0.0,0.0,0.0
18427047706,0,0.029593804851174355,0.006097475532442331,-0.4681660830974579,6.569455581484362e-05,-0.04113857448101044,-0.8442511558532715,-0.041634153574705124,0.014263355173170567,-0.15525096654891968,-0.059056516736745834,-0.09447257220745087,-0.3760850727558136,-0.019338387995958328,0.004192772321403027,0.05240422487258911,0.0,0.0,-0.0047828578390181065,0.227838933467865,0.04383941367268562,-0.04474443569779396,0.14170525968074799,-0.031342513859272,-0.06892324239015579,-0.1810617446899414,-1.0575823783874512,-45.421302795410156,-0.1361846625804901,-0.0693698301911354,0.028755752369761467,-0.048507027328014374,-0.008681651204824448,-0.14327141642570496,0.03439398482441902,10.368205070495605,11.951136589050293,10.956612586975098,12.203263282775879,-0.06746093928813934,0.009199218824505806,0.06592773646116257,-0.027597656473517418,0.0,-0.04734042286872864,0.02152026817202568,0.035164251923561096,-0.029719531536102295,0.0,-0.3685263991355896,-0.4099959135055542,-9.370710372924805,-0.05842306837439537,-0.20859189331531525,-8.216541290283203,0.0,0.0,0.0,0.0,0.0,0.0,0.0,0.0,0.0,0.0,0.0,0.0,-0.060613591223955154,0.01863672398030758,0.04866348206996918,-0.02807239070534706,0.24532344937324524,0.2842260003089905,0.25418105721473694,0.28432419896125793,1.6093156337738037,-1.1893081665039062,0.2178889960050583,0.0,0.0,0.0,0.0,0.0,0.0,0.0
18436650952,0,0.028478767722845078,0.0073732007294893265,-0.4719724953174591,6.569455581484362e-05,-0.04113857448101044,-0.8442511558532715,-0.053553614765405655,-0.003151864744722843,-0.14322428405284882,-0.056826431304216385,-0.09702403098344803,-0.3722786605358124,-0.013161008246243,0.0049705770798027515,0.0512600913643837,0.0,0.0,-0.0047828578390181065,0.227838933467865,0.04383941367268562,-0.04474443569779396,0.14170525968074799,-0.031342513859272,-0.06892324239015579,-0.1810617446899414,-1.0575823783874512,-45.421302795410156,-0.1361846625804901,-0.0693698301911354,0.028755752369761467,-0.048507027328014374,-0.009040763601660728,-0.1372532695531845,0.03337080776691437,10.368205070495605,11.951136589050293,10.956612586975098,12.203263282775879,-0.06592773646116257,0.010732421651482582,0.06286133080720901,-0.029130859300494194,0.0,-0.04734042286872864,0.02152026817202568,0.035164251923561096,-0.029719531536102295,0.0,0.009674728848040104,-0.18934932351112366,-9.578868865966797,-0.02799484133720398,-0.18320080637931824,-8.283916473388672,0.0,0.0,0.0,0.0,0.0,0.0,0.0,0.0,0.0,0.0,0.0,0.0,-0.0581449456512928,0.019425170496106148,0.04589908942580223,-0.02847059816122055,0.24855343997478485,0.2797255516052246,0.26020097732543945,0.28464385867118835,1.6093156337738037,-1.1893081665039062,0.2178889960050583,0.0,0.0,0.0,0.0,0.0,0.0,0.0
18446915879,0,0.028478767722845078,0.0073732007294893265,-0.4719724953174591,6.569455581484362e-05,-0.04113857448101044,-0.8442511558532715,-0.053553614765405655,-0.003151864744722843,-0.14322428405284882,-0.056826431304216385,-0.09702403098344803,-0.3722786605358124,-0.013161008246243,0.0049705770798027515,0.0512600913643837,0.0,0.0,-0.0047828578390181065,0.23377510905265808,0.023495180532336235,-0.04107077419757843,0.10506502538919449,-0.03834106773138046,-0.06728772073984146,-0.1539716273546219,-1.0076044797897339,-45.56153869628906,-0.15413551032543182,-0.043783314526081085,0.025156281888484955,-0.04794961214065552,-0.008856282569468021,-0.13485835492610931,0.033037230372428894,10.503414154052734,11.829804420471191,11.068466186523438,12.214461326599121,-0.06132812425494194,0.012265625409781933,0.06132812425494194,-0.029130859300494194,0.0,-0.044075969606637955,0.021108055487275124,0.03240041062235832,-0.028979867696762085,0.0,0.009674728848040104,-0.18934932351112366,-9.578868865966797,-0.02799484133720398,-0.18320080637931824,-8.283916473388672,0.0,0.0,0.0,0.0,0.0,0.0,0.0,0.0,0.0,0.0,0.0,0.0,-0.05478651449084282,0.02018052153289318,0.04243115708231926,-0.028862779960036278,0.25123628973960876,0.2773543894290924,0.2624068856239319,0.2848620116710663,1.1986069679260254,-1.6921892166137695,0.2755804657936096,0.0,0.0,0.0,0.0,0.0,0.0,0.0
18456879782,0,0.02809722162783146,0.007776213809847832,-0.47321829199790955,6.569455581484362e-05,-0.04113857448101044,-0.8442511558532715,-0.05564708262681961,-0.0025298218242824078,-0.14197157323360443,-0.05606333538889885,-0.09783007204532623,-0.37103286385536194,-0.010899513028562069,0.004571082070469856,0.05094534158706665,0.0,0.0,-0.0047828578390181065,0.24027255177497864,-0.02991698682308197,-0.03990384563803673,0.09162567555904388,-0.037210024893283844,-0.06778747588396072,-0.1259744018316269,-1.0537463426589966,-45.47890090942383,-0.18606656789779663,0.021231159567832947,0.02585522271692753,-0.04666696861386299,-0.007782191038131714,-0.13017062842845917,0.03235869109630585,10.515811920166016,11.678512573242188,10.978571891784668,12.359067916870117,-0.05826171860098839,0.012265625409781933,0.06132812425494194,-0.03066406212747097,0.0,-0.044501904398202896,0.02374599687755108,0.0333775095641613,-0.030649656429886818,0.0,0.021831495687365532,0.1165967658162117,-9.872743606567383,-0.02256246656179428,-0.1874738484621048,-8.283916473388672,0.0,0.0,0.0,0.0,0.0,0.0,0.0,0.0,0.0,0.0,0.0,0.0,-0.05132865533232689,0.02086387760937214,0.03904721513390541,-0.02918841876089573,0.25123628973960876,0.2773543894290924,0.2624068856239319,0.2848620116710663,0.451781302690506,-2.383133888244629,0.06466824561357498,0.0,0.0,0.0,0.0,0.0,0.0,0.0
18467516791,0,0.02729729376733303,0.008548205718398094,-0.47568559646606445,6.569455581484362e-05,-0.04113857448101044,-0.8442511558532715,-0.05305459722876549,-0.0009679371723905206,-0.14323827624320984,-0.054463472217321396,-0.09937406331300735,-0.36856555938720703,-0.006084077060222626,0.003520934609696269,0.05054101347923279,0.0,0.0,-0.0047828578390181065,0.24027255177497864,-0.02991698682308197,-0.03990384563803673,0.04867498576641083,-0.027454588562250137,-0.0663997232913971,-0.1259744018316269,-1.0537463426589966,-45.47890090942383,-0.18606656789779663,0.021231159567832947,0.02585522271692753,-0.04666696861386299,-0.007782191038131714,-0.13017062842845917,0.03235869109630585,10.515811920166016,11.678512573242188,10.978571891784668,12.359067916870117,-0.05672851577401161,0.010732421651482582,0.059794921427965164,-0.03066406212747097,0.0,-0.044501904398202896,0.02374599687755108,0.0333775095641613,-0.030649656429886818,0.0,0.021831495687365532,0.1165967658162117,-9.872743606567383,-0.025298450142145157,-0.19601324200630188,-8.256668090820312,0.0,0.0,0.0,0.0,0.0,0.0,0.0,0.0,0.0,0.0,0.0,0.0,-0.04834866523742676,0.021610097959637642,0.03629165515303612,-0.02954118326306343,0.251482218503952,0.2743934094905853,0.2606341540813446,0.2876768112182617,0.451781302690506,-2.383133888244629,0.06466824561357498,0.0,0.0,0.0,0.0,0.0,0.0,0.0
18476104587,0,0.026884347200393677,0.008907688781619072,-0.476904034614563,6.569455581484362e-05,-0.04113857448101044,-0.8442511558532715,-0.05337652564048767,0.0020231646485626698,-0.14318419992923737,-0.05363757535815239,-0.10009302943944931,-0.3673471212387085,-0.00394475320354104,0.0027592480182647705,0.05043266341090202,0.0,0.0,-0.0047828578390181065,0.23735679686069489,-0.05299679562449455,-0.03661635145545006,0.04867498576641083,-0.027454588562250137,-0.0663997232913971,-0.1259744018316269,-1.0537463426589966,-45.47890090942383,-0.18606656789779663,0.021231159567832947,0.02585522271692753,-0.04666696861386299,-0.007782191038131714,-0.13017062842845917,0.03235869109630585,10.515811920166016,11.678512573242188,10.978571891784668,12.359067916870117,-0.055195312947034836,0.012265625409781933,0.05826171860098839,-0.03066406212747097,0.0,-0.044501904398202896,0.02374599687755108,0.0333775095641613,-0.030649656429886818,0.0,-0.3112778663635254,-0.28464066982269287,-9.559633255004883,-0.023712538182735443,-0.20460796356201172,-8.249794960021973,0.0,0.0,0.0,0.0,0.0,0.0,0.0,0.0,0.0,0.0,0.0,0.0,-0.04617323353886604,0.022371230646967888,0.034398697316646576,-0.029919220134615898,0.251482218503952,0.2743934094905853,0.2606341540813446,0.2876768112182617,0.08523017913103104,-2.4632091522216797,0.13298657536506653,0.0,0.0,0.0,0.0,0.0,0.0,0.0
18486104708,0,0.026884347200393677,0.008907688781619072,-0.476904034614563,6.569455581484362e-05,-0.04113857448101044,-0.8442511558532715,-0.05337652564048767,0.0020231646485626698,-0.14318419992923737,-0.05363757535815239,-0.10009302943944931,-0.3673471212387085,-0.00394475320354104,0.0027592480182647705,0.05043266341090202,0.0,0.0,-0.0047828578390181065,0.21242249011993408,-0.09344641864299774,-0.03536159545183182,0.03160106763243675,-0.02158840373158455,-0.06626362353563309,-0.13882210850715637,-1.1523106098175049,-45.40531921386719,-0.20038636028766632,0.10574061423540115,0.022325266152620316,-0.04488978907465935,-0.006279896944761276,-0.12708815932273865,0.03191670775413513,10.683329582214355,11.424726486206055,10.941811561584473,12.401055335998535,-0.05366211012005806,0.015332031063735485,0.055195312947034836,-0.03066406212747097,0.0,-0.047313541173934937,0.027096224948763847,0.03726855292916298,-0.03283499553799629,0.0,-0.3112778663635254,-0.28464066982269287,-9.559633255004883,-0.023712538182735443,-0.20460796356201172,-8.249794960021973,0.0,0.0,0.0,0.0,0.0,0.0,0.0,0.0,0.0,0.0,0.0,0.0,-0.044924624264240265,0.023153798654675484,0.033458784222602844,-0.03034074604511261,0.25399133563041687,0.2702915072441101,0.26067569851875305,0.2870945632457733,-0.964220404624939,-2.1153998374938965,-0.03210671991109848,0.0,0.0,0.0,0.0,0.0,0.0,0.0
18496171349,0,0.026884347200393677,0.008907688781619072,-0.476904034614563,6.569455581484362e-05,-0.04113857448101044,-0.8442511558532715,-0.05337652564048767,0.0020231646485626698,-0.14318419992923737,-0.05363757535815239,-0.10009302943944931,-0.3673471212387085,-0.00394475320354104,0.0027592480182647705,0.05043266341090202,0.0,0.0,-0.0047828578390181065,0.21242249011993408,-0.09344641864299774,-0.03536159545183182,0.03160106763243675,-0.02158840373158455,-0.06626362353563309,-0.13882210850715637,-1.1523106098175049,-45.40531921386719,-0.20038636028766632,0.10574061423540115,0.022325266152620316,-0.04488978907465935,-0.005451815202832222,-0.1258489489555359,0.03171472251415253,10.683329582214355,11.424726486206055,10.941811561584473,12.401055335998535,-0.052128907293081284,0.016865234822034836,0.052128907293081284,-0.03066406212747097,0.0,-0.047313541173934937,0.027096224948763847,0.03726855292916298,-0.03283499553799629,0.0,-0.029975704848766327,-0.13944017887115479,-9.548097610473633,-0.023712538182735443,-0.20460796356201172,-8.249794960021973,0.0,0.0,0.0,0.0,0.0,0.0,0.0,0.0,0.0,0.0,0.0,0.0,-0.04462165758013725,0.024111606180667877,0.03352002799510956,-0.03090749680995941,0.25480037927627563,0.2694162428379059,0.25990864634513855,0.28849321603775024,-0.964220404624939,-2.1153998374938965,-0.03210671991109848,0.0,0.0,0.0,0.0,0.0,0.0,0.0
18509441137,0,0.026000458747148514,0.009536431171000004,-0.47929251194000244,6.569455581484362e-05,-0.04113857448101044,-0.8442511558532715,-0.05250442400574684,0.001250981236808002,-0.14073646068572998,-0.05186979100108147,-0.10135051608085632,-0.36495864391326904,-0.0002888698363676667,0.0011176785919815302,0.05011455714702606,0.0,0.0,-0.0047828578390181065,0.21242249011993408,-0.09344641864299774,-0.03536159545183182,-0.00025551996077410877,-0.004055694676935673,-0.0648617297410965,-0.09096961468458176,-1.1679824590682983,-45.53141784667969,-0.22214174270629883,0.18687209486961365,0.022073905915021896,-0.04377346858382225,-0.0039069764316082,-0.12460727989673615,0.03135642781853676,10.809233665466309,11.293018341064453,10.887615203857422,12.583033561706543,-0.04906250163912773,0.016865234822034836,0.04906250163912773,-0.03066406212747097,0.0,-0.045595962554216385,0.02950938604772091,0.03651996701955795,-0.03404936566948891,0.0,-0.029975704848766327,-0.13944017887115479,-9.548097610473633,-0.02265181764960289,-0.2074960172176361,-8.254877090454102,0.0,0.0,0.0,0.0,0.0,0.0,0.0,0.0,0.0,0.0,0.0,0.0,-0.0448901504278183,0.025244731456041336,0.03420732170343399,-0.03159792721271515,0.25480037927627563,0.2694162428379059,0.25990864634513855,0.28849321603775024,-0.964220404624939,-2.1153998374938965,-0.03210671991109848,0.0,0.0,0.0,0.0,0.0,0.0,0.0
18516373642,0,0.02505815029144287,0.010115263052284718,-0.4815882742404938,6.569455581484362e-05,-0.04113857448101044,-0.8442511558532715,-0.05429292842745781,0.0015003348235040903,-0.1358492523431778,-0.049985162913799286,-0.10250818729400635,-0.3626628816127777,0.003018304007127881,-0.001611693063750863,0.04938748478889465,0.0,0.0,-0.0047828578390181065,0.21242249011993408,-0.09344641864299774,-0.03536159545183182,-0.032152678817510605,0.02068212628364563,-0.06446535885334015,-0.09096961468458176,-1.1679824590682983,-45.53141784667969,-0.22214174270629883,0.18687209486961365,0.022073905915021896,-0.04377346858382225,-0.0039069764316082,-0.12460727989673615,0.03135642781853676,10.809233665466309,11.293018341064453,10.887615203857422,12.583033561706543,-0.04752929508686066,0.018398437649011612,0.04599609225988388,-0.032197266817092896,0.0,-0.045595962554216385,0.02950938604772091,0.03651996701955795,-0.03404936566948891,0.0,-0.2768777906894684,-0.24171091616153717,-9.44561767578125,-0.016539929434657097,-0.2123604416847229,-8.27843952178955,0.0,0.0,0.0,0.0,0.0,0.0,0.0,0.0,0.0,0.0,0.0,0.0,-0.04523167759180069,0.026477638632059097,0.03500661998987198,-0.032333824783563614,0.25729042291641235,0.266827791929245,0.2588387727737427,0.29202818870544434,-0.964220404624939,-2.1153998374938965,-0.03210671991109848,0.0,0.0,0.0,0.0,0.0,0.0,0.0
18527325809,0,0.02505815029144287,0.010115263052284718,-0.4815882742404938,6.569455581484362e-05,-0.04113857448101044,-0.8442511558532715,-0.05429292842745781,0.0015003348235040903,-0.1358492523431778,-0.049985162913799286,-0.10250818729400635,-0.3626628816127777,0.003018304007127881,-0.001611693063750863,0.04938748478889465,0.0,0.0,-0.0047828578390181065,0.20412443578243256,-0.15593867003917694,-0.03317184001207352,-0.032152678817510605,0.02068212628364563,-0.06446535885334015,-0.05637921392917633,-1.1611251831054688,-45.59852600097656,-0.25295117497444153,0.20598013699054718,0.020039405673742294,-0.04318441450595856,-0.0028317011892795563,-0.12447667121887207,0.031184285879135132,10.856302261352539,11.184158325195312,10.972980499267578,12.623961448669434,-0.04599609225988388,0.016865234822034836,0.044462889432907104,-0.032197266817092896,0.0,-0.043987937271595,0.030731072649359703,0.03495780751109123,-0.034665338695049286,0.0,-0.2768777906894684,-0.24171091616153717,-9.44561767578125,-0.016539929434657097,-0.2123604416847229,-8.27843952178955,0.0,0.0,0.0,0.0,0.0,0.0,0.0,0.0,0.0,0.0,0.0,0.0,-0.04539268836379051,0.027699796482920647,0.03560691326856613,-0.03304072842001915,0.2582203149795532,0.26468586921691895,0.2605239748954773,0.2928221523761749,-0.15620191395282745,-1.8004131317138672,-0.02636120282113552,0.0,0.0,0.0,0.0,0.0,0.0,0.0
18536207123,0,0.02458387427031994,0.010405367240309715,-0.4827022850513458,6.569455581484362e-05,-0.04113857448101044,-0.8442511558532715,-0.056722965091466904,-0.0003476706915535033,-0.13332806527614594,-0.04903660714626312,-0.10308840125799179,-0.36154887080192566,0.004887100774794817,-0.0030643604695796967,0.048994891345500946,0.0,0.0,-0.0047828578390181065,0.21451549232006073,-0.15273122489452362,-0.03176507353782654,-0.05038876086473465,0.03203732520341873,-0.06438333541154861,0.03715047612786293,-1.1244356632232666,-45.77290725708008,-0.2994491755962372,0.20650415122509003,0.018412915989756584,-0.042115408927202225,2.662278711795807e-05,-0.12452153116464615,0.03092145174741745,10.864800453186035,11.117956161499023,11.127545356750488,12.69683837890625,-0.04599609225988388,0.016865234822034836,0.044462889432907104,-0.03373046964406967,0.0,-0.0396052822470665,0.03282713517546654,0.030436906963586807,-0.03595845401287079,0.0,-0.4139683246612549,-0.208800807595253,-9.398839950561523,-0.010250765830278397,-0.21111366152763367,-8.290640830993652,0.0,0.0,0.0,0.0,0.0,0.0,0.0,0.0,0.0,0.0,0.0,0.0,-0.04508466273546219,0.02890055812895298,0.035645876079797745,-0.03371940925717354,0.2582203149795532,0.26468586921691895,0.2605239748954773,0.2928221523761749,0.10531671345233917,-0.40711236000061035,-0.04375497251749039,0.0,0.0,0.0,0.0,0.0,0.0,0.0
18547412355,0,0.023735465481877327,0.010902134701609612,-0.48486241698265076,6.569455581484362e-05,-0.04113857448101044,-0.8442511558532715,-0.06381214410066605,-0.006136938463896513,-0.1272849440574646,-0.0473397821187973,-0.10408194363117218,-0.3593887388706207,0.008869972079992294,-0.00555732985958457,0.04823174327611923,0.0,0.0,-0.0047828578390181065,0.21451549232006073,-0.15273122489452362,-0.03176507353782654,-0.05038876086473465,0.03203732520341873,-0.06438333541154861,0.03715047612786293,-1.1244356632232666,-45.77290725708008,-0.2994491755962372,0.20650415122509003,0.018412915989756584,-0.042115408927202225,2.662278711795807e-05,-0.12452153116464615,0.03092145174741745,10.864800453186035,11.117956161499023,11.127545356750488,12.69683837890625,-0.04599609225988388,0.016865234822034836,0.04292968660593033,-0.03526367247104645,0.0,-0.0396052822470665,0.03282713517546654,0.030436906963586807,-0.03595845401287079,0.0,0.046109430491924286,-0.2871910333633423,-9.28076457977295,0.006754632107913494,-0.2044428586959839,-8.322346687316895,0.0,0.0,0.0,0.0,0.0,0.0,0.0,0.0,0.0,0.0,0.0,0.0,-0.04412425309419632,0.030118972063064575,0.03491239622235298,-0.03440670296549797,0.2583882510662079,0.26338210701942444,0.2635709345340729,0.2942354381084442,0.10531671345233917,-0.40711236000061035,-0.04375497251749039,0.0,0.0,0.0,0.0,0.0,0.0,0.0
18556063057,0,0.0229325070977211,0.011252821423113346,-0.48692813515663147,6.569455581484362e-05,-0.04113857448101044,-0.8442511558532715,-0.06715559214353561,-0.011381406337022781,-0.11983136087656021,-0.04573385417461395,-0.1047833114862442,-0.35732302069664,0.012309890240430832,-0.008750907145440578,0.0476662740111351,0.0,0.0,-0.0047828578390181065,0.21451549232006073,-0.15273122489452362,-0.03176507353782654,-0.09858545660972595,0.06853947788476944,-0.0630006343126297,0.03715047612786293,-1.1244356632232666,-45.77290725708008,-0.2994491755962372,0.20650415122509003,0.018412915989756584,-0.042115408927202225,2.662278711795807e-05,-0.12452153116464615,0.03092145174741745,10.864800453186035,11.117956161499023,11.127545356750488,12.69683837890625,-0.04599609225988388,0.018398437649011612,0.044462889432907104,-0.03526367247104645,0.0,-0.0396052822470665,0.03282713517546654,0.030436906963586807,-0.03595845401287079,0.0,-0.5323110818862915,-0.4962402880191803,-9.671452522277832,0.015632957220077515,-0.19772455096244812,-8.364309310913086,0.0,0.0,0.0,0.0,0.0,0.0,0.0,0.0,0.0,0.0,0.0,0.0,-0.042818039655685425,0.03121793456375599,0.033725809305906296,-0.03503106161952019,0.2583882510662079,0.26338210701942444,0.2635709345340729,0.2942354381084442,0.10531671345233917,-0.40711236000061035,-0.04375497251749039,0.0,0.0,0.0,0.0,0.0,0.0,0.0
18566651043,0,0.0229325070977211,0.011252821423113346,-0.48692813515663147,6.569455581484362e-05,-0.04113857448101044,-0.8442511558532715,-0.06715559214353561,-0.011381406337022781,-0.11983136087656021,-0.04573385417461395,-0.1047833114862442,-0.35732302069664,0.012309890240430832,-0.008750907145440578,0.0476662740111351,0.0,0.0,-0.0047828578390181065,0.1670452058315277,-0.16929225623607635,-0.0332607626914978,-0.09858545660972595,0.06853947788476944,-0.0630006343126297,0.0591178759932518,-1.0987277030944824,-46.12529754638672,-0.26694434881210327,0.2596195340156555,0.018330739811062813,-0.040525369346141815,0.003385119140148163,-0.12490908801555634,0.03057030960917473,11.082674980163574,11.174809455871582,11.086212158203125,12.813348770141602,-0.04139648377895355,0.021464843302965164,0.04292968660593033,-0.03526367247104645,0.0,-0.03714820742607117,0.03269640728831291,0.029185282066464424,-0.03539310768246651,0.0,-0.5323110818862915,-0.4962402880191803,-9.671452522277832,0.015632957220077515,-0.19772455096244812,-8.364309310913086,0.0,0.0,0.0,0.0,0.0,0.0,0.0,0.0,0.0,0.0,0.0,0.0,-0.04146943986415863,0.032049331814050674,0.032477594912052155,-0.03548317402601242,0.2594057023525238,0.2655193507671356,0.26173046231269836,0.29735347628593445,-1.6477195024490356,-0.5606949329376221,0.0158359594643116,0.0,0.0,0.0,0.0,0.0,0.0,0.0
18576356400,0,0.0229325070977211,0.011252821423113346,-0.48692813515663147,6.569455581484362e-05,-0.04113857448101044,-0.8442511558532715,-0.06715559214353561,-0.011381406337022781,-0.11983136087656021,-0.04573385417461395,-0.1047833114862442,-0.35732302069664,0.012309890240430832,-0.008750907145440578,0.0476662740111351,0.0,0.0,-0.0047828578390181065,0.1670452058315277,-0.16929225623607635,-0.0332607626914978,-0.09858545660972595,0.06853947788476944,-0.0630006343126297,0.0591178759932518,-1.0987277030944824,-46.12529754638672,-0.26694434881210327,0.2596195340156555,0.018330739811062813,-0.040525369346141815,0.005122309550642967,-0.12539377808570862,0.03035372868180275,11.082674980163574,11.174809455871582,11.086212158203125,12.813348770141602,-0.039863280951976776,0.021464843302965164,0.04139648377895355,-0.03526367247104645,0.0,-0.03714820742607117,0.03269640728831291,0.029185282066464424,-0.03539310768246651,0.0,-0.5323110818862915,-0.4962402880191803,-9.671452522277832,0.015632957220077515,-0.19772455096244812,-8.364309310913086,0.0,0.0,0.0,0.0,0.0,0.0,0.0,0.0,0.0,0.0,0.0,0.0,-0.040122151374816895,0.032583657652139664,0.031313925981521606,-0.03571498766541481,0.26268699765205383,0.2645019292831421,0.2627567648887634,0.29649242758750916,-1.6477195024490356,-0.5606949329376221,0.0158359594643116,0.0,0.0,0.0,0.0,0.0,0.0,0.0
18586650100,0,0.0221266932785511,0.01153948251157999,-0.48893651366233826,6.569455581484362e-05,-0.04113857448101044,-0.8442511558532715,-0.06146369129419327,-0.00877341814339161,-0.11482560634613037,-0.04412221908569336,-0.10535664111375809,-0.3553146421909332,0.015556266531348228,-0.012010844424366951,0.0471353642642498,0.0,0.0,-0.0047828578390181065,0.14759749174118042,-0.15987785160541534,-0.0257815420627594,-0.12459853291511536,0.09697037190198898,-0.06241144984960556,0.02385232038795948,-1.233211874961853,-46.09680938720703,-0.28387078642845154,0.27023977041244507,0.009228933602571487,-0.03952294588088989,0.005122309550642967,-0.12539377808570862,0.03035372868180275,11.293495178222656,10.898146629333496,11.316575050354004,12.621407508850098,-0.04139648377895355,0.021464843302965164,0.039863280951976776,-0.03526367247104645,0.0,-0.0416761189699173,0.036847591400146484,0.03399328142404556,-0.03862645849585533,0.0,-0.27861160039901733,-0.531121015548706,-9.58956241607666,0.005680985748767853,-0.20548349618911743,-8.384798049926758,0.0,0.0,0.0,0.0,0.0,0.0,0.0,0.0,0.0,0.0,0.0,0.0,-0.039119645953178406,0.03305875137448311,0.030570629984140396,-0.03591876104474068,0.26268699765205383,0.2645019292831421,0.2627567648887634,0.29649242758750916,-1.245704174041748,0.2798923850059509,0.32483145594596863,0.0,0.0,0.0,0.0,0.0,0.0,0.0
18596402303,0,0.021371440961956978,0.011794022284448147,-0.490898072719574,6.569455581484362e-05,-0.04113857448101044,-0.8442511558532715,-0.05813230201601982,0.0025243235286325216,-0.11255842447280884,-0.042611707001924515,-0.1058657243847847,-0.3533530831336975,0.01856219582259655,-0.014425639994442463,0.0466231144964695,0.0,0.0,-0.0047828578390181065,0.14759749174118042,-0.15987785160541534,-0.0257815420627594,-0.14678606390953064,0.11892356723546982,-0.06219334900379181,0.02385232038795948,-1.233211874961853,-46.09680938720703,-0.28387078642845154,0.27023977041244507,0.009228933602571487,-0.03952294588088989,0.008294565603137016,-0.12659117579460144,0.030095625668764114,11.293495178222656,10.898146629333496,11.316575050354004,12.621407508850098,-0.04139648377895355,0.021464843302965164,0.039863280951976776,-0.03526367247104645,0.0,-0.0416761189699173,0.036847591400146484,0.03399328142404556,-0.03862645849585533,0.0,-0.27861160039901733,-0.531121015548706,-9.58956241607666,-0.00011366326361894608,-0.2305334508419037,-8.385085105895996,0.0,0.0,0.0,0.0,0.0,0.0,0.0,0.0,0.0,0.0,0.0,0.0,-0.038889460265636444,0.03380005434155464,0.030614838004112244,-0.03636946156620979,0.26683732867240906,0.2590467035770416,0.26729097962379456,0.2927726209163666,-1.245704174041748,0.2798923850059509,0.32483145594596863,0.0,0.0,0.0,0.0,0.0,0.0,0.0
18606324402,0,0.021371440961956978,0.011794022284448147,-0.490898072719574,6.569455581484362e-05,-0.04113857448101044,-0.8442511558532715,-0.05813230201601982,0.0025243235286325216,-0.11255842447280884,-0.042611707001924515,-0.1058657243847847,-0.3533530831336975,0.01856219582259655,-0.014425639994442463,0.0466231144964695,0.0,0.0,-0.0047828578390181065,0.140321284532547,-0.1438557207584381,-0.023964863270521164,-0.14678606390953064,0.11892356723546982,-0.06219334900379181,0.01309984177350998,-1.294584035873413,-46.145748138427734,-0.2883397042751312,0.2622135579586029,0.007614761590957642,-0.03899887576699257,0.010125376284122467,-0.12717370688915253,0.030039750039577484,11.322585105895996,10.878175735473633,11.389751434326172,12.585786819458008,-0.04292968660593033,0.021464843302965164,0.038330078125,-0.03526367247104645,0.0,-0.043772827833890915,0.038614049553871155,0.036065056920051575,-0.04011362046003342,0.0,-0.28099098801612854,-0.2470436841249466,-9.748638153076172,-0.00011366326361894608,-0.2305334508419037,-8.385085105895996,0.0,0.0,0.0,0.0,0.0,0.0,0.0,0.0,0.0,0.0,0.0,0.0,-0.03938719257712364,0.034808479249477386,0.03135557100176811,-0.037076205015182495,0.26740914583206177,0.25865238904953003,0.26872915029525757,0.2920815348625183,-1.089022159576416,0.8828359842300415,0.28894904255867004,0.0,0.0,0.0,0.0,0.0,0.0,0.0
18616349199,0,0.02030135691165924,0.012068294920027256,-0.4937049448490143,6.569455581484362e-05,-0.04113857448101044,-0.8442511558532715,-0.058602601289749146,0.004276797641068697,-0.10794973373413086,-0.040471527725458145,-0.10641427338123322,-0.3505462110042572,0.021036168560385704,-0.01771371439099312,0.04601166397333145,0.0,0.0,-0.0047828578390181065,0.12735696136951447,-0.1327875852584839,-0.02339339256286621,-0.16864220798015594,0.13911789655685425,-0.061170175671577454,0.028570350259542465,-1.3231879472732544,-46.15705490112305,-0.2883397042751312,0.2622135579586029,0.007614761590957642,-0.03899887576699257,0.010125376284122467,-0.12717370688915253,0.030039750039577484,11.325851440429688,10.894938468933105,11.387227058410645,12.578121185302734,-0.044462889432907104,0.021464843302965164,0.038330078125,-0.036796875298023224,0.0,-0.0441705696284771,0.03998597338795662,0.0364810973405838,-0.041377972811460495,0.0,-0.3357115089893341,-0.27114278078079224,-9.667101860046387,0.0033982694149017334,-0.23693214356899261,-8.402170181274414,0.0,0.0,0.0,0.0,0.0,0.0,0.0,0.0,0.0,0.0,0.0,0.0,-0.040362875908613205,0.0359884649515152,0.032512515783309937,-0.03797399252653122,0.26740914583206177,0.25865238904953003,0.26872915029525757,0.2920815348625183,-1.2616771459579468,0.951754629611969,0.21126142144203186,0.0,0.0,0.0,0.0,0.0,0.0,0.0
18626158788,0,0.02030135691165924,0.012068294920027256,-0.4937049448490143,6.569455581484362e-05,-0.04113857448101044,-0.8442511558532715,-0.058602601289749146,0.004276797641068697,-0.10794973373413086,-0.040471527725458145,-0.10641427338123322,-0.3505462110042572,0.021036168560385704,-0.01771371439099312,0.04601166397333145,0.0,0.0,-0.0047828578390181065,0.11279229819774628,-0.131755992770195,-0.023629499599337578,-0.16864220798015594,0.13911789655685425,-0.061170175671577454,0.018690481781959534,-1.3031268119812012,-46.211936950683594,-0.2748437523841858,0.2721455693244934,0.00830872356891632,-0.03805754706263542,0.01358826458454132,-0.12811918556690216,0.029965555295348167,11.357039451599121,10.918318748474121,11.352270126342773,12.613471984863281,-0.04292968660593033,0.02299804612994194,0.038330078125,-0.036796875298023224,0.0,-0.043641749769449234,0.039023786783218384,0.036366384476423264,-0.04034082964062691,0.0,-0.3357115089893341,-0.27114278078079224,-9.667101860046387,0.0033982694149017334,-0.23693214356899261,-8.402170181274414,0.0,0.0,0.0,0.0,0.0,0.0,0.0,0.0,0.0,0.0,0.0,0.0,-0.041502609848976135,0.03719876706600189,0.033789344131946564,-0.038937490433454514,0.2680864632129669,0.2594452500343323,0.26799270510673523,0.29261866211891174,-1.5117931365966797,0.5802887082099915,0.1625678390264511,0.0,0.0,0.0,0.0,0.0,0.0,0.0
18636155337,0,0.019655169919133186,0.012082278728485107,-0.495478093624115,6.569455581484362e-05,-0.04113857448101044,-0.8442511558532715,-0.05941140279173851,0.004310988821089268,-0.1080830842256546,-0.03917915001511574,-0.10644224286079407,-0.3487730622291565,0.02220829389989376,-0.020339615643024445,0.04584987089037895,0.0,0.0,-0.0047828578390181065,0.07108321040868759,-0.1252102553844452,-0.026479970663785934,-0.18155965209007263,0.15548254549503326,-0.06054624170064926,0.03545321524143219,-1.3086395263671875,-46.1497688293457,-0.2358068823814392,0.28401824831962585,0.011306779459118843,-0.037081919610500336,0.01691490039229393,-0.12944722175598145,0.029777945950627327,11.34528636932373,11.019680976867676,11.182893753051758,12.630901336669922,-0.039863280951976776,0.024531250819563866,0.036796875298023224,-0.038330078125,0.0,-0.043242499232292175,0.039476197212934494,0.03665641322731972,-0.04082512855529785,0.0,-0.2117927223443985,-0.38663196563720703,-9.667868614196777,0.00644603930413723,-0.23793445527553558,-8.390867233276367,0.0,0.0,0.0,0.0,0.0,0.0,0.0,0.0,0.0,0.0,0.0,0.0,-0.04246385395526886,0.038196031004190445,0.03491150960326195,-0.039740487933158875,0.2678554356098175,0.26144498586654663,0.2646609842777252,0.29295676946640015,-1.9029289484024048,0.4551105797290802,0.06123620271682739,0.0,0.0,0.0,0.0,0.0,0.0,0.0
18646433412,0,0.019655169919133186,0.012082278728485107,-0.495478093624115,6.569455581484362e-05,-0.04113857448101044,-0.8442511558532715,-0.05941140279173851,0.004310988821089268,-0.1080830842256546,-0.03917915001511574,-0.10644224286079407,-0.3487730622291565,0.02220829389989376,-0.020339615643024445,0.04584987089037895,0.0,0.0,-0.0047828578390181065,0.07108321040868759,-0.1252102553844452,-0.026479970663785934,-0.18155965209007263,0.15548254549503326,-0.06054624170064926,0.03545321524143219,-1.3086395263671875,-46.1497688293457,-0.2358068823814392,0.28401824831962585,0.011306779459118843,-0.037081919610500336,0.01691490039229393,-0.12944722175598145,0.029777945950627327,11.34528636932373,11.019680976867676,11.182893753051758,12.630901336669922,-0.038330078125,0.024531250819563866,0.03526367247104645,-0.039863280951976776,0.0,-0.043242499232292175,0.039476197212934494,0.03665641322731972,-0.04082512855529785,0.0,-0.0018034887034446,0.049392201006412506,-9.834251403808594,0.00644603930413723,-0.23793445527553558,-8.390867233276367,0.0,0.0,0.0,0.0,0.0,0.0,0.0,0.0,0.0,0.0,0.0,0.0,-0.043098706752061844,0.03890185430645943,0.03577200695872307,-0.04031321406364441,0.2678554356098175,0.26144498586654663,0.2646609842777252,0.29295676946640015,-1.9029289484024048,0.4551105797290802,0.06123620271682739,0.0,0.0,0.0,0.0,0.0,0.0,0.0
18656317565,0,0.019338635727763176,0.012061727233231068,-0.49636247754096985,6.569455581484362e-05,-0.04113857448101044,-0.8442511558532715,-0.05619863048195839,0.004665479063987732,-0.10938744992017746,-0.03854607790708542,-0.10640113800764084,-0.34788867831230164,0.022913407534360886,-0.021315859630703926,0.04581892117857933,0.0,0.0,-0.0047828578390181065,0.05804511904716492,-0.11465209722518921,-0.022340094670653343,-0.18155965209007263,0.15548254549503326,-0.06054624170064926,0.004955262411385775,-1.3126435279846191,-46.068092346191406,-0.22616994380950928,0.27746471762657166,0.005627317354083061,-0.03667400777339935,0.018198665231466293,-0.13003164529800415,0.029718315228819847,11.472883224487305,10.881781578063965,11.299403190612793,12.444540023803711,-0.038330078125,0.024531250819563866,0.03526367247104645,-0.039863280951976776,0.0,-0.043786823749542236,0.039156027138233185,0.03739782050251961,-0.04064784571528435,0.0,-0.0018034887034446,0.049392201006412506,-9.834251403808594,0.0009009568020701408,-0.238662451505661,-8.376016616821289,0.0,0.0,0.0,0.0,0.0,0.0,0.0,0.0,0.0,0.0,0.0,0.0,-0.04346257820725441,0.039340194314718246,0.036392610520124435,-0.04068117216229439,0.27036145329475403,0.2587237060070038,0.2669535279273987,0.2893386781215668,-1.7247626781463623,0.7522628903388977,0.29571226239204407,0.0,0.0,0.0,0.0,0.0,0.0,0.0
18666300964,0,0.01903761923313141,0.012041481211781502,-0.49723079800605774,6.569455581484362e-05,-0.04113857448101044,-0.8442511558532715,-0.05436277389526367,0.006747580599039793,-0.10801798850297928,-0.037944041192531586,-0.10636063665151596,-0.34702035784721375,0.02344469539821148,-0.022095561027526855,0.045709095895290375,0.0,0.0,-0.0047828578390181065,0.024154026061296463,-0.08222418278455734,-0.02506130374968052,-0.18155965209007263,0.15548254549503326,-0.06054624170064926,-0.004087410867214203,-1.3613461256027222,-46.11090850830078,-0.19713394343852997,0.25124797224998474,0.00959961861371994,-0.03575283661484718,0.02089763805270195,-0.1311160922050476,0.029651567339897156,11.383469581604004,11.08040714263916,11.208629608154297,12.467531204223633,-0.038330078125,0.024531250819563866,0.036796875298023224,-0.039863280951976776,0.0,-0.04583823308348656,0.03981064632534981,0.03961305692791939,-0.04161810502409935,0.0,0.021736646071076393,0.01589871384203434,-9.845651626586914,-0.002114526927471161,-0.24300594627857208,-8.382773399353027,0.0,0.0,0.0,0.0,0.0,0.0,0.0,0.0,0.0,0.0,0.0,0.0,-0.04377089440822601,0.0395667590200901,0.03695130720734596,-0.040908925235271454,0.27036145329475403,0.2587237060070038,0.2669535279273987,0.2893386781215668,-1.6424593925476074,1.3252867460250854,0.0036102556623518467,0.0,0.0,0.0,0.0,0.0,0.0,0.0
18676320079,0,0.01839250884950161,0.011982406489551067,-0.4989442825317383,6.569455581484362e-05,-0.04113857448101044,-0.8442511558532715,-0.05439266189932823,0.006287773139774799,-0.10548066347837448,-0.03665381297469139,-0.10624249279499054,-0.3453068733215332,0.02359968051314354,-0.023163432255387306,0.04485487565398216,0.0,0.0,-0.0047828578390181065,0.024154026061296463,-0.08222418278455734,-0.02506130374968052,-0.18965335190296173,0.18686968088150024,-0.05969877541065216,-0.004087410867214203,-1.3613461256027222,-46.11090850830078,-0.19713394343852997,0.25124797224998474,0.00959961861371994,-0.03575283661484718,0.02089763805270195,-0.1311160922050476,0.029651567339897156,11.383469581604004,11.08040714263916,11.208629608154297,12.467531204223633,-0.039863280951976776,0.026064453646540642,0.036796875298023224,-0.039863280951976776,0.0,-0.04583823308348656,0.03981064632534981,0.03961305692791939,-0.04161810502409935,0.0,-0.09986306726932526,0.030405107885599136,-10.033504486083984,0.00023174844682216644,-0.24228031933307648,-8.396418571472168,0.0,0.0,0.0,0.0,0.0,0.0,0.0,0.0,0.0,0.0,0.0,0.0,-0.044209372252225876,0.039692990481853485,0.03761504963040352,-0.04110703989863396,0.26860561966896057,0.26264211535453796,0.2651674747467041,0.2897852063179016,-1.6424593925476074,1.3252867460250854,0.0036102556623518467,0.0,0.0,0.0,0.0,0.0,0.0,0.0
18686444575,0,0.01839250884950161,0.011982406489551067,-0.4989442825317383,6.569455581484362e-05,-0.04113857448101044,-0.8442511558532715,-0.05439266189932823,0.006287773139774799,-0.10548066347837448,-0.03665381297469139,-0.10624249279499054,-0.3453068733215332,0.02359968051314354,-0.023163432255387306,0.04485487565398216,0.0,0.0,-0.0047828578390181065,0.007535228505730629,-0.06792891025543213,-0.023870646953582764,-0.18965335190296173,0.18686968088150024,-0.05969877541065216,0.0012746164575219154,-1.3325417041778564,-46.180301666259766,-0.17700344324111938,0.2399110496044159,0.007925139740109444,-0.035370513796806335,0.021885044872760773,-0.13140720129013062,0.029611455276608467,11.45456314086914,11.10524845123291,11.254729270935059,12.394343376159668,-0.039863280951976776,0.027597656473517418,0.036796875298023224,-0.04139648377895355,0.0,-0.04446157440543175,0.03901209309697151,0.038413554430007935,-0.04116115719079971,0.0,-0.09986306726932526,0.030405107885599136,-10.033504486083984,0.00023174844682216644,-0.24228031933307648,-8.396418571472168,0.0,0.0,0.0,0.0,0.0,0.0,0.0,0.0,0.0,0.0,0.0,0.0,-0.04466208070516586,0.0397399440407753,0.038254838436841965,-0.041277702897787094,0.2700020372867584,0.2631317377090454,0.2660747170448303,0.2883628010749817,-1.703924536705017,1.3962950706481934,0.07693149149417877,0.0,0.0,0.0,0.0,0.0,0.0,0.0
18696148537,0,0.01802261918783188,0.011889975517988205,-0.4998047649860382,6.569455581484362e-05,-0.04113857448101044,-0.8442511558532715,-0.05372803658246994,0.006135205272585154,-0.10338771343231201,-0.03591402992606163,-0.10605762898921967,-0.3444463908672333,0.02323252707719803,-0.02361954189836979,0.04448264092206955,0.0,0.0,-0.0047828578390181065,-0.03753364831209183,-0.04382406175136566,-0.028063608333468437,-0.1885433793067932,0.1900513768196106,-0.059724077582359314,0.04230806976556778,-1.258843183517456,-46.29296875,-0.1234087124466896,0.22718177735805511,0.012561634182929993,-0.034505411982536316,0.021885044872760773,-0.13140720129013062,0.029611455276608467,11.429697036743164,11.351306915283203,11.104613304138184,12.436559677124023,-0.038330078125,0.027597656473517418,0.03526367247104645,-0.04139648377895355,0.0,-0.04092380031943321,0.03723079338669777,0.035362422466278076,-0.0400162972509861,0.0,-0.02072789892554283,0.1008966863155365,-10.000099182128906,0.00022533070296049118,-0.2415933609008789,-8.409332275390625,0.0,0.0,0.0,0.0,0.0,0.0,0.0,0.0,0.0,0.0,0.0,0.0,-0.044748030602931976,0.039583392441272736,0.038513362407684326,-0.04130839556455612,0.2700020372867584,0.2631317377090454,0.2660747170448303,0.2883628010749817,-1.977893352508545,1.0656756162643433,-0.1400696337223053,0.0,0.0,0.0,0.0,0.0,0.0,0.0
18706305500,0,0.017225299030542374,0.011694161221385002,-0.5015333890914917,6.569455581484362e-05,-0.04113857448101044,-0.8442511558532715,-0.055725257843732834,0.00013671317719854414,-0.10171305388212204,-0.03431938216090202,-0.10566600412130356,-0.3427177667617798,0.02227145992219448,-0.024466492235660553,0.04396045580506325,0.0,0.0,-0.0047828578390181065,-0.03753364831209183,-0.04382406175136566,-0.028063608333468437,-0.1885433793067932,0.1900513768196106,-0.059724077582359314,0.04230806976556778,-1.258843183517456,-46.29296875,-0.1234087124466896,0.22718177735805511,0.012561634182929993,-0.034505411982536316,0.023581158369779587,-0.13176757097244263,0.029481275007128716,11.429697036743164,11.351306915283203,11.104613304138184,12.436559677124023,-0.038330078125,0.026064453646540642,0.03526367247104645,-0.04292968660593033,0.0,-0.04092380031943321,0.03723079338669777,0.035362422466278076,-0.0400162972509861,0.0,0.1970769762992859,0.00698896823450923,-9.754691123962402,0.007692376151680946,-0.22888056933879852,-8.416903495788574,0.0,0.0,0.0,0.0,0.0,0.0,0.0,0.0,0.0,0.0,0.0,0.0,-0.0442478284239769,0.039154455065727234,0.03819982707500458,-0.041137874126434326,0.2695135474205017,0.2679736316204071,0.26311931014060974,0.2891834080219269,-1.977893352508545,1.0656756162643433,-0.1400696337223053,0.0,0.0,0.0,0.0,0.0,0.0,0.0
18716517813,0,0.017225299030542374,0.011694161221385002,-0.5015333890914917,6.569455581484362e-05,-0.04113857448101044,-0.8442511558532715,-0.055725257843732834,0.00013671317719854414,-0.10171305388212204,-0.03431938216090202,-0.10566600412130356,-0.3427177667617798,0.02227145992219448,-0.024466492235660553,0.04396045580506325,0.0,0.0,-0.0047828578390181065,-0.07078474760055542,-0.03139932453632355,-0.03121955506503582,-0.18072129786014557,0.19401447474956512,-0.059189572930336,0.021764203906059265,-1.2886098623275757,-46.2312126159668,-0.0781453400850296,0.2212756723165512,0.014952084049582481,-0.033729102462530136,0.023581158369779587,-0.13176757097244263,0.029481275007128716,11.414788246154785,11.476207733154297,10.969703674316406,12.401995658874512,-0.038330078125,0.026064453646540642,0.036796875298023224,-0.04139648377895355,0.0,-0.042462922632694244,0.03718332201242447,0.03749708831310272,-0.0403229221701622,0.0,0.1970769762992859,0.00698896823450923,-9.754691123962402,0.007692376151680946,-0.22888056933879852,-8.416903495788574,0.0,0.0,0.0,0.0,0.0,0.0,0.0,0.0,0.0,0.0,0.0,0.0,-0.0434594489634037,0.0385863333940506,0.03762052580714226,-0.04086118936538696,0.2695135474205017,0.2679736316204071,0.26311931014060974,0.2891834080219269,-1.7544180154800415,0.7577093243598938,-0.1625608503818512,0.0,0.0,0.0,0.0,0.0,0.0,0.0
18727482199,0,0.017225299030542374,0.011694161221385002,-0.5015333890914917,6.569455581484362e-05,-0.04113857448101044,-0.8442511558532715,-0.055725257843732834,0.00013671317719854414,-0.10171305388212204,-0.03280364349484444,-0.10517249256372452,-0.34098196029663086,0.02227145992219448,-0.024466492235660553,0.04396045580506325,0.0,0.0,-0.0047828578390181065,-0.07078474760055542,-0.03139932453632355,-0.03121955506503582,-0.18072129786014557,0.19401447474956512,-0.059189572930336,0.021764203906059265,-1.2886098623275757,-46.2312126159668,-0.0781453400850296,0.2212756723165512,0.014952084049582481,-0.033729102462530136,0.024400439113378525,-0.13202472031116486,0.029231108725070953,11.414788246154785,11.476207733154297,10.969703674316406,12.401995658874512,-0.038330078125,0.026064453646540642,0.036796875298023224,-0.04139648377895355,0.0,-0.042462922632694244,0.03718332201242447,0.03749708831310272,-0.0403229221701622,0.0,0.05619332939386368,0.20087625086307526,-9.766162872314453,0.003957128152251244,-0.23429270088672638,-8.405674934387207,0.0,0.0,0.0,0.0,0.0,0.0,0.0,0.0,0.0,0.0,0.0,0.0,-0.042816828936338425,0.03805021941661835,0.03721436485648155,-0.040611639618873596,0.2692209780216217,0.27042677998542786,0.2604593336582184,0.28851163387298584,-1.7544180154800415,0.7577093243598938,-0.1625608503818512,0.0,0.0,0.0,0.0,0.0,0.0,0.0
18736121156,0,0.01646743342280388,0.011447405442595482,-0.5032691955566406,6.569455581484362e-05,-0.04113857448101044,-0.8442511558532715,-0.05260058492422104,0.0036110682412981987,-0.10214796662330627,-0.03280364349484444,-0.10517249256372452,-0.34098196029663086,0.021224480122327805,-0.025426950305700302,0.043602537363767624,0.0,0.0,-0.0047828578390181065,-0.09699127823114395,-0.021993065252900124,-0.029517656192183495,-0.16647426784038544,0.19745343923568726,-0.058423057198524475,-0.0013983193784952164,-1.2759490013122559,-46.27333068847656,-0.037961699068546295,0.21281816065311432,0.01177438348531723,-0.03331903740763664,0.024487648159265518,-0.13209941983222961,0.029076239094138145,11.55246639251709,11.482505798339844,11.010807991027832,12.257753372192383,-0.039863280951976776,0.027597656473517418,0.038330078125,-0.04139648377895355,0.0,-0.042239636182785034,0.03609798848628998,0.0377349890768528,-0.03972720354795456,0.0,-0.16416418552398682,-0.5823409557342529,-9.665670394897461,0.003957128152251244,-0.23429270088672638,-8.405674934387207,0.0,0.0,0.0,0.0,0.0,0.0,0.0,0.0,0.0,0.0,0.0,0.0,-0.04242517426609993,0.03757651895284653,0.037077758461236954,-0.04040814936161041,0.27192291617393494,0.27055028080940247,0.2612701654434204,0.2857050597667694,-2.1154375076293945,0.7671250104904175,0.002248366829007864,0.0,0.0,0.0,0.0,0.0,0.0,0.0
18745996019,0,0.015680434182286263,0.011162144131958485,-0.5049940347671509,6.569455581484362e-05,-0.04113857448101044,-0.8442511558532715,-0.04473966360092163,0.00512467697262764,-0.0985279381275177,-0.031229635700583458,-0.10460195690393448,-0.3392571210861206,0.019254473969340324,-0.025484757497906685,0.04319940134882927,0.0,0.0,-0.0047828578390181065,-0.15901266038417816,-0.02495729923248291,-0.019926227629184723,-0.15498067438602448,0.20112244784832,-0.05786487087607384,-0.050145287066698074,-1.3054016828536987,-46.37705993652344,0.0037522923666983843,0.21477198600769043,0.008387589827179909,-0.03297271952033043,0.024487648159265518,-0.13209941983222961,0.029076239094138145,12.0494384765625,11.330307960510254,11.160122871398926,11.86762523651123,-0.039863280951976776,0.027597656473517418,0.036796875298023224,-0.04139648377895355,0.0,-0.04276175796985626,0.0360138937830925,0.0397428423166275,-0.04042686149477959,0.0,-0.16416418552398682,-0.5823409557342529,-9.665670394897461,-0.008709805086255074,-0.23496054112911224,-8.42762279510498,0.0,0.0,0.0,0.0,0.0,0.0,0.0,0.0,0.0,0.0,0.0,0.0,-0.0422327034175396,0.03711690381169319,0.03721350431442261,-0.04024217650294304,0.27192291617393494,0.27055028080940247,0.2612701654434204,0.2857050597667694,-2.864342212677002,-0.043144114315509796,0.40154048800468445,0.0,0.0,0.0,0.0,0.0,0.0,0.0
18757085306,0,0.014826986007392406,0.010905650444328785,-0.5066773891448975,6.569455581484362e-05,-0.04113857448101044,-0.8442511558532715,-0.04121217131614685,0.00829839427024126,-0.09491755068302155,-0.02952273003757,-0.10408896952867508,-0.337573766708374,0.015657465904951096,-0.025957481935620308,0.04285665228962898,0.0,0.0,-0.0047828578390181065,-0.15901266038417816,-0.02495729923248291,-0.019926227629184723,-0.15498067438602448,0.20112244784832,-0.05786487087607384,-0.050145287066698074,-1.3054016828536987,-46.37705993652344,0.05736076086759567,0.22960330545902252,-9.245797991752625e-05,-0.03257756680250168,0.02349027246236801,-0.13232846558094025,0.028960466384887695,12.0494384765625,11.330307960510254,11.160122871398926,11.86762523651123,-0.039863280951976776,0.026064453646540642,0.03526367247104645,-0.04292968660593033,0.0,-0.042726077139377594,0.03605182468891144,0.0397813618183136,-0.040390629321336746,0.0,-0.16416418552398682,-0.5823409557342529,-9.665670394897461,-0.012823900207877159,-0.23866377770900726,-8.450204849243164,0.0,0.0,0.0,0.0,0.0,0.0,0.0,0.0,0.0,0.0,0.0,0.0,-0.042209938168525696,0.03669295087456703,0.03765615075826645,-0.04016067832708359,0.28164467215538025,0.2675608694553375,0.2642126977443695,0.2780939042568207,-2.864342212677002,-0.043144114315509796,0.40154048800468445,0.0,0.0,0.0,0.0,0.0,0.0,0.0
18766069636,0,0.014410292729735374,0.010794590227305889,-0.5075066685676575,6.569455581484362e-05,-0.04113857448101044,-0.8442511558532715,-0.03893917426466942,0.009911349974572659,-0.09435608983039856,-0.02952273003757,-0.10408896952867508,-0.337573766708374,0.013634515926241875,-0.026354296132922173,0.042774416506290436,0.0,0.0,-0.0047828578390181065,-0.19703063368797302,-0.03584516420960426,-0.01862443797290325,-0.10343606024980545,0.21182633936405182,-0.0578150600194931,-0.08788619935512543,-1.322421669960022,-46.483150482177734,0.12280914187431335,0.2516999840736389,0.0015026088804006577,-0.03187961131334305,0.020950965583324432,-0.13315242528915405,0.029089029878377914,12.171805381774902,11.463608741760254,11.012405395507812,11.867632865905762,-0.039863280951976776,0.026064453646540642,0.036796875298023224,-0.04292968660593033,0.0,-0.043826017528772354,0.03505918011069298,0.042143814265728,-0.03970881924033165,0.0,0.05523129925131798,-0.13000404834747314,-9.530632972717285,-0.012823900207877159,-0.23866377770900726,-8.450204849243164,0.0,0.0,0.0,0.0,0.0,0.0,0.0,0.0,0.0,0.0,0.0,0.0,-0.042346373200416565,0.036318596452474594,0.03837321698665619,-0.04013324901461601,0.28164467215538025,0.2675608694553375,0.2642126977443695,0.2780939042568207,-2.0366666316986084,-0.38019585609436035,0.14741502702236176,0.0,0.0,0.0,0.0,0.0,0.0,0.0
18776512999,0,0.014410292729735374,0.010794590227305889,-0.5075066685676575,6.569455581484362e-05,-0.04113857448101044,-0.8442511558532715,-0.03893917426466942,0.009911349974572659,-0.09435608983039856,-0.02789679355919361,-0.10361965745687485,-0.3359222412109375,0.013634515926241875,-0.026354296132922173,0.042774416506290436,0.0,0.0,-0.0047828578390181065,-0.2040168195962906,-0.031010325998067856,-0.021313797682523727,-0.10343606024980545,0.21182633936405182,-0.0578150600194931,-0.0544721893966198,-1.3236783742904663,-46.38835144042969,0.12280914187431335,0.2516999840736389,0.0015026088804006577,-0.03187961131334305,0.020950965583324432,-0.13315242528915405,0.029089029878377914,12.078470230102539,11.568838119506836,10.8803071975708,11.89228343963623,-0.039863280951976776,0.026064453646540642,0.036796875298023224,-0.04292968660593033,0.0,-0.04322269558906555,0.03580038622021675,0.04160992056131363,-0.04065805673599243,0.0,0.10839108377695084,0.044507596641778946,-9.420737266540527,-0.016509924083948135,-0.2427626997232437,-8.4495210647583,0.0,0.0,0.0,0.0,0.0,0.0,0.0,0.0,0.0,0.0,0.0,0.0,-0.042607929557561874,0.035982076078653336,0.03928804025053978,-0.040116678923368454,0.2840309739112854,0.27017930150032043,0.2613016963005066,0.2780939042568207,-1.3422315120697021,0.040110088884830475,-0.009884169325232506,0.0,0.0,0.0,0.0,0.0,0.0,0.0
18786067709,0,0.014410292729735374,0.010794590227305889,-0.5075066685676575,6.569455581484362e-05,-0.04113857448101044,-0.8442511558532715,-0.03893917426466942,0.009911349974572659,-0.09435608983039856,-0.02789679355919361,-0.10361965745687485,-0.3359222412109375,0.013634515926241875,-0.026354296132922173,0.042774416506290436,0.0,0.0,-0.0047828578390181065,-0.2040168195962906,-0.031010325998067856,-0.021313797682523727,-0.10343606024980545,0.21182633936405182,-0.0578150600194931,-0.0544721893966198,-1.3236783742904663,-46.38835144042969,0.14211861789226532,0.2451995462179184,0.005047103390097618,-0.03152155876159668,0.01922578178346157,-0.13375890254974365,0.029108209535479546,12.078470230102539,11.568838119506836,10.8803071975708,11.89228343963623,-0.04139648377895355,0.026064453646540642,0.036796875298023224,-0.04139648377895355,0.0,-0.04319044575095177,0.035834040492773056,0.04164571687579155,-0.04062529653310776,0.0,0.10839108377695084,0.044507596641778946,-9.420737266540527,-0.016509924083948135,-0.2427626997232437,-8.4495210647583,0.0,0.0,0.0,0.0,0.0,0.0,0.0,0.0,0.0,0.0,0.0,0.0,-0.04287635162472725,0.035750407725572586,0.04019268602132797,-0.04016312584280968,0.28221115469932556,0.2722441554069519,0.2586946189403534,0.27857574820518494,-1.3422315120697021,0.040110088884830475,-0.009884169325232506,0.0,0.0,0.0,0.0,0.0,0.0,0.0
18796082013,0,0.013630334287881851,0.010548215359449387,-0.5091395974159241,6.569455581484362e-05,-0.04113857448101044,-0.8442511558532715,-0.040512874722480774,0.011228392831981182,-0.09611877053976059,-0.027129415422677994,-0.10337409377098083,-0.3351115584373474,0.00983486045151949,-0.02700955979526043,0.04268689453601837,0.0,0.0,-0.0047828578390181065,-0.2040168195962906,-0.031010325998067856,-0.021313797682523727,-0.07532051205635071,0.21459031105041504,-0.056744858622550964,-0.06826391071081161,-1.2906512022018433,-46.36036682128906,0.15473781526088715,0.23763960599899292,0.011393643915653229,-0.03087545745074749,0.01922578178346157,-0.13375890254974365,0.029108209535479546,11.919974327087402,11.75159740447998,10.707244873046875,12.013327598571777,-0.04139648377895355,0.027597656473517418,0.036796875298023224,-0.04139648377895355,0.0,-0.04313506558537483,0.03392690420150757,0.04174916818737984,-0.03877829760313034,0.0,-0.21800313889980316,-0.2353036254644394,-9.785436630249023,-0.009904034435749054,-0.24066880345344543,-8.434246063232422,0.0,0.0,0.0,0.0,0.0,0.0,0.0,0.0,0.0,0.0,0.0,0.0,-0.043065253645181656,0.03556236997246742,0.040908847004175186,-0.04018756002187729,0.28221115469932556,0.2722441554069519,0.2586946189403534,0.27857574820518494,-1.3422315120697021,0.040110088884830475,-0.009884169325232506,0.0,0.0,0.0,0.0,0.0,0.0,0.0
18806543387,0,0.012896040454506874,0.010250107385218143,-0.5107154250144958,6.569455581484362e-05,-0.04113857448101044,-0.8442511558532715,-0.03768286481499672,0.009629513137042522,-0.09654377400875092,-0.025660820305347443,-0.1027778759598732,-0.33353573083877563,0.006304601207375526,-0.027239644899964333,0.04258481413125992,0.0,0.0,-0.0047828578390181065,-0.2040168195962906,-0.031010325998067856,-0.021313797682523727,-0.07532051205635071,0.21459031105041504,-0.056744858622550964,-0.06826391071081161,-1.2906512022018433,-46.36036682128906,0.15473781526088715,0.23763960599899292,0.011393643915653229,-0.03087545745074749,0.015775581821799278,-0.13485315442085266,0.028938990086317062,11.919974327087402,11.75159740447998,10.707244873046875,12.013327598571777,-0.039863280951976776,0.029130859300494194,0.036796875298023224,-0.04139648377895355,0.0,-0.04313506558537483,0.03392690420150757,0.04174916818737984,-0.03877829760313034,0.0,-0.14978833496570587,-0.17789007723331451,-9.43718147277832,-0.01241162046790123,-0.23466385900974274,-8.429157257080078,0.0,0.0,0.0,0.0,0.0,0.0,0.0,0.0,0.0,0.0,0.0,0.0,-0.043173592537641525,0.03525608405470848,0.041411351412534714,-0.040024735033512115,0.2791168987751007,0.2758244574069977,0.2552735507488251,0.2809400260448456,-1.3422315120697021,0.040110088884830475,-0.009884169325232506,0.0,0.0,0.0,0.0,0.0,0.0,0.0
18816354975,0,0.012896040454506874,0.010250107385218143,-0.5107154250144958,6.569455581484362e-05,-0.04113857448101044,-0.8442511558532715,-0.03768286481499672,0.009629513137042522,-0.09654377400875092,-0.025660820305347443,-0.1027778759598732,-0.33353573083877563,0.006304601207375526,-0.027239644899964333,0.04258481413125992,0.0,0.0,-0.0047828578390181065,-0.19265393912792206,-0.02538135275244713,-0.02924232743680477,-0.04698816314339638,0.21768581867218018,-0.05581148341298103,-0.05441133677959442,-1.2679389715194702,-46.32117462158203,0.157204270362854,0.24665361642837524,0.01167566142976284,-0.030533280223608017,0.013893614523112774,-0.13554958999156952,0.028771795332431793,11.920747756958008,11.738805770874023,10.672752380371094,12.02062702178955,-0.039863280951976776,0.029130859300494194,0.038330078125,-0.04139648377895355,0.0,-0.04201556369662285,0.03372860699892044,0.04070674628019333,-0.03846297785639763,0.0,-0.14978833496570587,-0.17789007723331451,-9.43718147277832,-0.01241162046790123,-0.23466385900974274,-8.429157257080078,0.0,0.0,0.0,0.0,0.0,0.0,0.0,0.0,0.0,0.0,0.0,0.0,-0.043168120086193085,0.03485103324055672,0.041672732681035995,-0.03970010578632355,0.27913200855255127,0.27557387948036194,0.2545908987522125,0.281082421541214,0.284498929977417,-0.007797554135322571,-0.08627184480428696,0.0,0.0,0.0,0.0,0.0,0.0,0.0
18826088117,0,0.012501136399805546,0.010101406835019588,-0.5114768147468567,6.569455581484362e-05,-0.04113857448101044,-0.8442511558532715,-0.03808567300438881,0.008141514845192432,-0.09744960069656372,-0.024871008470654488,-0.10248047858476639,-0.3327743411064148,0.004728632513433695,-0.027571097016334534,0.04236895963549614,0.0,0.0,-0.0047828578390181065,-0.16422714293003082,-0.00693785585463047,-0.028757037594914436,-0.032604679465293884,0.2211942821741104,-0.05553610995411873,-0.0866749957203865,-1.2421815395355225,-46.498756408691406,0.157204270362854,0.24665361642837524,0.01167566142976284,-0.030533280223608017,0.013893614523112774,-0.13554958999156952,0.028771795332431793,11.990180969238281,11.732133865356445,10.857203483581543,11.951560020446777,-0.039863280951976776,0.029130859300494194,0.039863280951976776,-0.04139648377895355,0.0,-0.04196416214108467,0.03199835494160652,0.04022684693336487,-0.03696773946285248,0.0,-0.06157487630844116,-0.2550102770328522,-9.344535827636719,-0.009892970323562622,-0.2305343598127365,-8.42203140258789,0.0,0.0,0.0,0.0,0.0,0.0,0.0,0.0,0.0,0.0,0.0,0.0,-0.04300202056765556,0.03437403216958046,0.0416489839553833,-0.03925773501396179,0.27913200855255127,0.27557387948036194,0.2545908987522125,0.281082421541214,1.1366854906082153,0.8425155878067017,0.14258751273155212,0.0,0.0,0.0,0.0,0.0,0.0,0.0
18836516597,0,0.012501136399805546,0.010101406835019588,-0.5114768147468567,6.569455581484362e-05,-0.04113857448101044,-0.8442511558532715,-0.03808567300438881,0.008141514845192432,-0.09744960069656372,-0.022283878177404404,-0.10157949477434158,-0.33050674200057983,0.004728632513433695,-0.027571097016334534,0.04236895963549614,0.0,0.0,-0.0047828578390181065,-0.16422714293003082,-0.00693785585463047,-0.028757037594914436,-0.032604679465293884,0.2211942821741104,-0.05553610995411873,-0.0866749957203865,-1.2421815395355225,-46.498756408691406,0.14831143617630005,0.2174733281135559,0.008392192423343658,-0.029856054112315178,0.010375335812568665,-0.13704554736614227,0.028356296941637993,11.990180969238281,11.732133865356445,10.857203483581543,11.951560020446777,-0.039863280951976776,0.029130859300494194,0.039863280951976776,-0.04139648377895355,0.0,-0.041902706027030945,0.0320611298084259,0.04029470682144165,-0.036906104534864426,0.0,-0.15455639362335205,-0.11995567381381989,-10.021672248840332,-0.01386438962072134,-0.21575984358787537,-8.492592811584473,0.0,0.0,0.0,0.0,0.0,0.0,0.0,0.0,0.0,0.0,0.0,0.0,-0.042728349566459656,0.03378377482295036,0.04140014946460724,-0.03868373483419418,0.280487984418869,0.27544325590133667,0.2582381069660187,0.2797339856624603,1.1366854906082153,0.8425155878067017,0.14258751273155212,0.0,0.0,0.0,0.0,0.0,0.0,0.0
18846098159,0,0.011207577772438526,0.00965091958642006,-0.5137444138526917,6.569455581484362e-05,-0.04113857448101044,-0.8442511558532715,-0.03333531692624092,0.002627780893817544,-0.08798191696405411,-0.022283878177404404,-0.10157949477434158,-0.33050674200057983,0.00031757596298120916,-0.027547160163521767,0.04144643619656563,0.0,0.0,-0.0047828578390181065,-0.14628614485263824,0.02139008231461048,-0.018550949171185493,-0.004548849072307348,0.21896062791347504,-0.05547435209155083,-0.0735546126961708,-1.1454452276229858,-46.89448928833008,0.15431132912635803,0.18188314139842987,-0.003450648859143257,-0.029242435470223427,0.007404615171253681,-0.13783444464206696,0.028157256543636322,12.340171813964844,11.598503112792969,11.298377990722656,11.691140174865723,-0.039863280951976776,0.029130859300494194,0.039863280951976776,-0.039863280951976776,0.0,-0.03750963136553764,0.029938094317913055,0.03533952683210373,-0.035141170024871826,0.0,-0.15455639362335205,-0.11995567381381989,-10.021672248840332,-0.01386438962072134,-0.21575984358787537,-8.492592811584473,0.0,0.0,0.0,0.0,0.0,0.0,0.0,0.0,0.0,0.0,0.0,0.0,-0.04224157705903053,0.033074766397476196,0.04084206372499466,-0.037994835525751114,0.2873091697692871,0.2728257179260254,0.2669333219528198,0.27464064955711365,1.0396660566329956,1.187760353088379,0.5550642609596252,0.0,0.0,0.0,0.0,0.0,0.0,0.0
18855941358,0,0.010251405648887157,0.00929311290383339,-0.5152546167373657,6.569455581484362e-05,-0.04113857448101044,-0.8442511558532715,-0.03244922310113907,-0.0017261698376387358,-0.08099690824747086,-0.02037152461707592,-0.10086388140916824,-0.32899653911590576,-0.0025647482834756374,-0.027041494846343994,0.04087405279278755,0.0,0.0,-0.0047828578390181065,-0.14628614485263824,0.02139008231461048,-0.018550949171185493,0.020805615931749344,0.21537451446056366,-0.055307939648628235,-0.0735546126961708,-1.1454452276229858,-46.89448928833008,0.15431132912635803,0.18188314139842987,-0.003450648859143257,-0.029242435470223427,0.007404615171253681,-0.13783444464206696,0.028157256543636322,12.340171813964844,11.598503112792969,11.298377990722656,11.691140174865723,-0.039863280951976776,0.029130859300494194,0.039863280951976776,-0.04139648377895355,0.0,-0.03750963136553764,0.029938094317913055,0.03533952683210373,-0.035141170024871826,0.0,-0.21631266176700592,-0.170808807015419,-9.5696382522583,-0.011329748667776585,-0.20445746183395386,-8.538891792297363,0.0,0.0,0.0,0.0,0.0,0.0,0.0,0.0,0.0,0.0,0.0,0.0,-0.041331660002470016,0.0322452038526535,0.03978081792593002,-0.037210866808891296,0.2873091697692871,0.2728257179260254,0.2669333219528198,0.27464064955711365,1.0396660566329956,1.187760353088379,0.5550642609596252,0.0,0.0,0.0,0.0,0.0,0.0,0.0
18866455984,0,0.010251405648887157,0.00929311290383339,-0.5152546167373657,6.569455581484362e-05,-0.04113857448101044,-0.8442511558532715,-0.03244922310113907,-0.0017261698376387358,-0.08099690824747086,-0.02037152461707592,-0.10086388140916824,-0.32899653911590576,-0.0025647482834756374,-0.027041494846343994,0.04087405279278755,0.0,0.0,-0.0047828578390181065,-0.13974027335643768,0.019934754818677902,-0.014344360679388046,0.020805615931749344,0.21537451446056366,-0.055307939648628235,-0.05451089143753052,-1.0932135581970215,-46.869483947753906,0.16159456968307495,0.18944735825061798,-0.00719495490193367,-0.028926607221364975,0.005835443735122681,-0.13816015422344208,0.02820671908557415,12.45073413848877,11.49787425994873,11.362667083740234,11.591922760009766,-0.039863280951976776,0.027597656473517418,0.039863280951976776,-0.04139648377895355,0.0,-0.03512352705001831,0.02920910343527794,0.03295068442821503,-0.0343996025621891,0.0,-0.21631266176700592,-0.170808807015419,-9.5696382522583,-0.011329748667776585,-0.20445746183395386,-8.538891792297363,0.0,0.0,0.0,0.0,0.0,0.0,0.0,0.0,0.0,0.0,0.0,0.0,-0.04006880894303322,0.03137785941362381,0.038329146802425385,-0.0364091731607914,0.28945887088775635,0.2708519697189331,0.26819688081741333,0.27269667387008667,0.8864396810531616,0.5448216199874878,0.5448396801948547,0.0,0.0,0.0,0.0,0.0,0.0,0.0
18876302469,0,0.009294682182371616,0.008964370004832745,-0.5167810916900635,6.569455581484362e-05,-0.04113857448101044,-0.8442511558532715,-0.02948840707540512,-0.005260890815407038,-0.08594231307506561,-0.018458068370819092,-0.1002063900232315,-0.327470064163208,-0.005201233085244894,-0.027161672711372375,0.0404263436794281,0.0,0.0,-0.0047828578390181065,-0.1307026743888855,0.015762753784656525,-0.020119260996580124,0.039387356489896774,0.21629402041435242,-0.05416036397218704,-0.09974387288093567,-1.101515531539917,-46.443565368652344,0.17436955869197845,0.1957026571035385,0.0023129619657993317,-0.028372706845402718,0.005835443735122681,-0.13816015422344208,0.02820671908557415,12.135150909423828,11.639546394348145,10.989362716674805,11.712128639221191,-0.039863280951976776,0.027597656473517418,0.039863280951976776,-0.039863280951976776,0.0,-0.03754846751689911,0.027783000841736794,0.035848651081323624,-0.03287951275706291,0.0,-0.22892718017101288,-0.29303714632987976,-9.491162300109863,-0.012699884362518787,-0.19491668045520782,-8.492779731750488,0.0,0.0,0.0,0.0,0.0,0.0,0.0,0.0,0.0,0.0,0.0,0.0,-0.03875712305307388,0.030518939718604088,0.03686661645770073,-0.03560815379023552,0.28945887088775635,0.2708519697189331,0.26819688081741333,0.27269667387008667,0.7024190425872803,0.07849176228046417,0.03148442134261131,0.0,0.0,0.0,0.0,0.0,0.0,0.0
18886018423,0,0.008481498807668686,0.008670734241604805,-0.518317461013794,6.569455581484362e-05,-0.04113857448101044,-0.8442511558532715,-0.02557472325861454,0.0005223037442192435,-0.09525370597839355,-0.016831692308187485,-0.09961911290884018,-0.32593369483947754,-0.0072085000574588776,-0.026856625452637672,0.04015208035707474,0.0,0.0,-0.0047828578390181065,-0.1307026743888855,0.015762753784656525,-0.020119260996580124,0.05537509545683861,0.21401053667068481,-0.0537998303771019,-0.09974387288093567,-1.101515531539917,-46.443565368652344,0.17436955869197845,0.1957026571035385,0.0023129619657993317,-0.028372706845402718,0.002830113284289837,-0.1389821171760559,0.028267068788409233,12.135150909423828,11.639546394348145,10.989362716674805,11.712128639221191,-0.039863280951976776,0.027597656473517418,0.039863280951976776,-0.039863280951976776,0.0,-0.03754846751689911,0.027783000841736794,0.035848651081323624,-0.03287951275706291,0.0,-0.22892718017101288,-0.29303714632987976,-9.491162300109863,-0.0169071014970541,-0.2044726461172104,-8.419957160949707,0.0,0.0,0.0,0.0,0.0,0.0,0.0,0.0,0.0,0.0,0.0,0.0,-0.0377771221101284,0.029657447710633278,0.03582579642534256,-0.03478081896901131,0.28331631422042847,0.2736298739910126,0.26084721088409424,0.27505162358283997,0.7024190425872803,0.07849176228046417,0.03148442134261131,0.0,0.0,0.0,0.0,0.0,0.0,0.0
18896662319,0,0.008481498807668686,0.008670734241604805,-0.518317461013794,6.569455581484362e-05,-0.04113857448101044,-0.8442511558532715,-0.02557472325861454,0.0005223037442192435,-0.09525370597839355,-0.016831692308187485,-0.09961911290884018,-0.32593369483947754,-0.0072085000574588776,-0.026856625452637672,0.04015208035707474,0.0,0.0,-0.0047828578390181065,-0.1252632886171341,0.01930256001651287,-0.023643890395760536,0.05537509545683861,0.21401053667068481,-0.0537998303771019,-0.09298905730247498,-1.124599575996399,-46.30976486206055,0.17854957282543182,0.18861640989780426,0.0059786271303892136,-0.02812616340816021,0.0014128601178526878,-0.13939718902111053,0.02818858064711094,12.004817008972168,11.715764045715332,10.86929988861084,11.753082275390625,-0.038330078125,0.029130859300494194,0.039863280951976776,-0.038330078125,0.0,-0.03841523453593254,0.028525909408926964,0.03680098056793213,-0.03364018350839615,0.0,0.02416173927485943,0.3398527204990387,-9.990514755249023,-0.0169071014970541,-0.2044726461172104,-8.419957160949707,0.0,0.0,0.0,0.0,0.0,0.0,0.0,0.0,0.0,0.0,0.0,0.0,-0.03729293495416641,0.02892214059829712,0.03536205738782883,-0.03405817598104477,0.2807738482952118,0.27512291073799133,0.258477121591568,0.27585333585739136,0.7192744016647339,0.24150437116622925,-0.0591406375169754,0.0,0.0,0.0,0.0,0.0,0.0,0.0
18906060920,0,0.008074247278273106,0.008486922830343246,-0.5190859436988831,6.569455581484362e-05,-0.04113857448101044,-0.8442511558532715,-0.02269691228866577,0.0009964503115043044,-0.09600081294775009,-0.016017185524106026,-0.09925149381160736,-0.3251652121543884,-0.008037090301513672,-0.02653898485004902,0.04021940007805824,0.0,0.0,-0.0047828578390181065,-0.10178624838590622,0.007905195467174053,-0.02226337417960167,0.06198091432452202,0.21154572069644928,-0.05386880040168762,-0.11641287803649902,-1.1440351009368896,-46.283790588378906,0.16289329528808594,0.20905156433582306,0.0026270654052495956,-0.027563797309994698,-0.0018237540498375893,-0.14047245681285858,0.02800825797021389,12.090505599975586,11.568411827087402,10.938323020935059,11.718547821044922,-0.036796875298023224,0.029130859300494194,0.038330078125,-0.038330078125,0.0,-0.039346493780612946,0.028820278123021126,0.038010865449905396,-0.03356676921248436,0.0,-0.23558728396892548,0.042086128145456314,-9.765120506286621,-0.020827101543545723,-0.2042505294084549,-8.415358543395996,0.0,0.0,0.0,0.0,0.0,0.0,0.0,0.0,0.0,0.0,0.0,0.0,-0.0372648760676384,0.02846669964492321,0.03541138395667076,-0.03358716145157814,0.2807738482952118,0.27512291073799133,0.258477121591568,0.27585333585739136,1.1970536708831787,-0.4617408215999603,0.12876437604427338,0.0,0.0,0.0,0.0,0.0,0.0,0.0
18916141311,0,0.007266569882631302,0.008214742876589298,-0.5206154584884644,6.569455581484362e-05,-0.04113857448101044,-0.8442511558532715,-0.02152988128364086,0.004717949777841568,-0.09517500549554825,-0.014401822350919247,-0.09870712459087372,-0.32363569736480713,-0.009433808736503124,-0.02662631683051586,0.04017738997936249,0.0,0.0,-0.0047828578390181065,-0.10178624838590622,0.007905195467174053,-0.02226337417960167,0.07307758182287216,0.2123393565416336,-0.05379549413919449,-0.11641287803649902,-1.1440351009368896,-46.283790588378906,0.16289329528808594,0.20905156433582306,0.0026270654052495956,-0.027563797309994698,-0.0018237540498375893,-0.14047245681285858,0.02800825797021389,12.090505599975586,11.568411827087402,10.938323020935059,11.718547821044922,-0.038330078125,0.027597656473517418,0.036796875298023224,-0.036796875298023224,0.0,-0.039346493780612946,0.028820278123021126,0.038010865449905396,-0.03356676921248436,0.0,-0.23558728396892548,0.042086128145456314,-9.765120506286621,-0.02018679678440094,-0.2101878523826599,-8.424093246459961,0.0,0.0,0.0,0.0,0.0,0.0,0.0,0.0,0.0,0.0,0.0,0.0,-0.03759223222732544,0.02829437516629696,0.03585950285196304,-0.03335513547062874,0.2824459671974182,0.2722357213497162,0.2598399817943573,0.27517735958099365,1.1970536708831787,-0.4617408215999603,0.12876437604427338,0.0,0.0,0.0,0.0,0.0,0.0,0.0
18926149410,0,0.006880933418869972,0.008135795593261719,-0.5213881731033325,6.569455581484362e-05,-0.04113857448101044,-0.8442511558532715,-0.019280675798654556,0.003434189362451434,-0.09375763684511185,-0.013630545698106289,-0.09854923188686371,-0.32286298274993896,-0.00986405834555626,-0.026885462924838066,0.03992133587598801,0.0,0.0,-0.0047828578390181065,-0.05425436049699783,-0.014347930438816547,-0.024434613063931465,0.0809546411037445,0.21783104538917542,-0.052694372832775116,-0.12720583379268646,-1.138871192932129,-46.389198303222656,0.11046139150857925,0.23727861046791077,0.005043923854827881,-0.02706109918653965,-0.004236346110701561,-0.14222092926502228,0.027812618762254715,12.017860412597656,11.532270431518555,10.94206714630127,11.92818832397461,-0.038330078125,0.027597656473517418,0.036796875298023224,-0.036796875298023224,0.0,-0.039704691618680954,0.028468618169426918,0.038229841738939285,-0.03245756775140762,0.0,0.07034392654895782,0.41109418869018555,-10.125736236572266,-0.023128332570195198,-0.20706748962402344,-8.434399604797363,0.0,0.0,0.0,0.0,0.0,0.0,0.0,0.0,0.0,0.0,0.0,0.0,-0.03809346258640289,0.028290443122386932,0.036486975848674774,-0.033228904008865356,0.2824459671974182,0.2722357213497162,0.2598399817943573,0.27517735958099365,2.2787234783172607,-0.7967830300331116,0.05458097532391548,0.0,0.0,0.0,0.0,0.0,0.0,0.0
18936498285,0,0.006880933418869972,0.008135795593261719,-0.5213881731033325,6.569455581484362e-05,-0.04113857448101044,-0.8442511558532715,-0.019280675798654556,0.003434189362451434,-0.09375763684511185,-0.013630545698106289,-0.09854923188686371,-0.32286298274993896,-0.00986405834555626,-0.026885462924838066,0.03992133587598801,0.0,0.0,-0.0047828578390181065,-0.05425436049699783,-0.014347930438816547,-0.024434613063931465,0.0809546411037445,0.21783104538917542,-0.052694372832775116,-0.12720583379268646,-1.138871192932129,-46.389198303222656,0.11046139150857925,0.23727861046791077,0.005043923854827881,-0.02706109918653965,-0.004236346110701561,-0.14222092926502228,0.027812618762254715,12.017860412597656,11.532270431518555,10.94206714630127,11.92818832397461,-0.038330078125,0.024531250819563866,0.03526367247104645,-0.036796875298023224,0.0,-0.039704691618680954,0.028468618169426918,0.038229841738939285,-0.03245756775140762,0.0,0.07034392654895782,0.41109418869018555,-10.125736236572266,-0.023128332570195198,-0.20706748962402344,-8.434399604797363,0.0,0.0,0.0,0.0,0.0,0.0,0.0,0.0,0.0,0.0,0.0,0.0,-0.03862076252698898,0.02833760716021061,0.03710708022117615,-0.03307565674185753,0.2810284495353699,0.27152684330940247,0.25991374254226685,0.279277503490448,2.2787234783172607,-0.7967830300331116,0.05458097532391548,0.0,0.0,0.0,0.0,0.0,0.0,0.0
18946280984,0,0.006880933418869972,0.008135795593261719,-0.5213881731033325,6.569455581484362e-05,-0.04113857448101044,-0.8442511558532715,-0.019280675798654556,0.003434189362451434,-0.09375763684511185,-0.012925548478960991,-0.09851131588220596,-0.3220846652984619,-0.00986405834555626,-0.026885462924838066,0.03992133587598801,0.0,0.0,-0.0047828578390181065,-0.024723654612898827,-0.005073376465588808,-0.02371186390519142,0.0809546411037445,0.21783104538917542,-0.052694372832775116,-0.07192640751600266,-1.0959367752075195,-46.41093444824219,0.07913895696401596,0.2172677218914032,0.003895377740263939,-0.02679695002734661,-0.005054629407823086,-0.14327046275138855,0.027696799486875534,11.971691131591797,11.49221420288086,11.055224418640137,11.921652793884277,-0.036796875298023224,0.024531250819563866,0.03526367247104645,-0.038330078125,0.0,-0.03693125396966934,0.028972815722227097,0.03472131863236427,-0.032817572355270386,0.0,0.07034392654895782,0.41109418869018555,-10.125736236572266,-0.013077528215944767,-0.19926123321056366,-8.43835163116455,0.0,0.0,0.0,0.0,0.0,0.0,0.0,0.0,0.0,0.0,0.0,0.0,-0.038952168077230453,0.02840823493897915,0.03745738044381142,-0.03290284425020218,0.28012698888778687,0.27074089646339417,0.26214584708213806,0.27914974093437195,2.6105926036834717,0.04046045243740082,0.11814311146736145,0.0,0.0,0.0,0.0,0.0,0.0,0.0
18957051840,0,0.0061710006557404995,0.0080879470333457,-0.5229583978652954,6.569455581484362e-05,-0.04113857448101044,-0.8442511558532715,-0.024080168455839157,-0.007531886454671621,-0.09256932139396667,-0.012210673652589321,-0.09845353662967682,-0.3212927579879761,-0.010365644469857216,-0.02665245160460472,0.03925371915102005,0.0,0.0,-0.0047828578390181065,0.0033075360115617514,0.0019343607127666473,-0.024846013635396957,0.07599867135286331,0.21360699832439423,-0.052695270627737045,-0.052873190492391586,-0.9688739776611328,-46.33647918701172,0.011525606736540794,0.20810863375663757,0.008088478818535805,-0.026318838819861412,-0.005054629407823086,-0.14327046275138855,0.027696799486875534,11.731185913085938,11.487601280212402,11.048737525939941,12.097640037536621,-0.03526367247104645,0.024531250819563866,0.03526367247104645,-0.036796875298023224,0.0,-0.03323802351951599,0.02570425532758236,0.030110683292150497,-0.029138950631022453,0.0,-0.20903819799423218,0.19870662689208984,-9.974261283874512,-0.009569842368364334,-0.18538770079612732,-8.441497802734375,0.0,0.0,0.0,0.0,0.0,0.0,0.0,0.0,0.0,0.0,0.0,0.0,-0.038699809461832047,0.028373107314109802,0.03707394376397133,-0.03261581063270569,0.28012698888778687,0.27074089646339417,0.26214584708213806,0.27914974093437195,2.7397539615631104,0.3354668915271759,0.043127864599227905,0.0,0.0,0.0,0.0,0.0,0.0,0.0
18966692326,0,0.005111583508551121,0.008056714199483395,-0.5254102349281311,6.569455581484362e-05,-0.04113857448101044,-0.8442511558532715,-0.018686804920434952,-0.01244104839861393,-0.09715067595243454,-0.010091828182339668,-0.09839107096195221,-0.3188409209251404,-0.00928354449570179,-0.027024392038583755,0.03832472115755081,0.0,0.0,-0.0047828578390181065,0.0033075360115617514,0.0019343607127666473,-0.024846013635396957,0.0670350044965744,0.21290969848632812,-0.05220377445220947,-0.052873190492391586,-0.9688739776611328,-46.33647918701172,0.011525606736540794,0.20810863375663757,0.008088478818535805,-0.026318838819861412,-0.005643951706588268,-0.14501242339611053,0.027447687461972237,11.731185913085938,11.487601280212402,11.048737525939941,12.097640037536621,-0.03526367247104645,0.024531250819563866,0.03373046964406967,-0.036796875298023224,0.0,-0.03323802351951599,0.02570425532758236,0.030110683292150497,-0.029138950631022453,0.0,0.04635154455900192,0.4397040605545044,-10.146798133850098,-0.015349315479397774,-0.17604295909404755,-8.398874282836914,0.0,0.0,0.0,0.0,0.0,0.0,0.0,0.0,0.0,0.0,0.0,0.0,-0.037738218903541565,0.02801414020359516,0.03581314906477928,-0.0320027694106102,0.2754248082637787,0.2706504762172699,0.2620179057121277,0.2825850248336792,2.7397539615631104,0.3354668915271759,0.043127864599227905,0.0,0.0,0.0,0.0,0.0,0.0,0.0
18976125106,0,0.005111583508551121,0.008056714199483395,-0.5254102349281311,6.569455581484362e-05,-0.04113857448101044,-0.8442511558532715,-0.018686804920434952,-0.01244104839861393,-0.09715067595243454,-0.010091828182339668,-0.09839107096195221,-0.3188409209251404,-0.00928354449570179,-0.027024392038583755,0.03832472115755081,0.0,0.0,-0.0047828578390181065,0.05271325632929802,-0.004734037443995476,-0.028170496225357056,0.06305130571126938,0.2143542766571045,-0.05191747099161148,-0.052873190492391586,-0.9688739776611328,-46.33647918701172,0.011525606736540794,0.20810863375663757,0.008088478818535805,-0.026318838819861412,-0.005643951706588268,-0.14501242339611053,0.027447687461972237,11.709137916564941,11.448800086975098,11.041145324707031,12.164523124694824,-0.03526367247104645,0.024531250819563866,0.03526367247104645,-0.036796875298023224,0.0,-0.03330063074827194,0.02579139545559883,0.030131394043564796,-0.028978683054447174,0.0,0.09921084344387054,0.551233172416687,-10.115883827209473,-0.015349315479397774,-0.17604295909404755,-8.398874282836914,0.0,0.0,0.0,0.0,0.0,0.0,0.0,0.0,0.0,0.0,0.0,0.0,-0.03643777221441269,0.027415379881858826,0.034141767770051956,-0.03116542100906372,0.2754248082637787,0.2706504762172699,0.2620179057121277,0.2825850248336792,2.715158462524414,-0.22741959989070892,-0.015432935208082199,0.0,0.0,0.0,0.0,0.0,0.0,0.0
18986259277,0,0.004750030115246773,0.008067682385444641,-0.5262512564659119,6.569455581484362e-05,-0.04113857448101044,-0.8442511558532715,-0.016604488715529442,-0.0103994682431221,-0.09898090362548828,-0.009368717670440674,-0.09841300547122955,-0.3179998993873596,-0.008244028314948082,-0.02720019407570362,0.0382457859814167,0.0,0.0,-0.0047828578390181065,0.08580221980810165,0.005045290105044842,-0.02033664844930172,0.06305130571126938,0.2143542766571045,-0.05191747099161148,-0.12132076919078827,-1.0352329015731812,-46.05585479736328,-0.03975818678736687,0.21892406046390533,0.004467310383915901,-0.02581438235938549,-0.004924400709569454,-0.14710243046283722,0.02709401398897171,11.788535118103027,11.09415340423584,11.319634437561035,11.879276275634766,-0.03526367247104645,0.026064453646540642,0.036796875298023224,-0.03526367247104645,0.0,-0.037075236439704895,0.026598909869790077,0.03365093842148781,-0.029566358774900436,0.0,0.09921084344387054,0.551233172416687,-10.115883827209473,-0.018143439665436745,-0.1806470900774002,-8.383585929870605,0.0,0.0,0.0,0.0,0.0,0.0,0.0,0.0,0.0,0.0,0.0,0.0,-0.035390548408031464,0.026854464784264565,0.03274114802479744,-0.030384592711925507,0.2754248082637787,0.2706504762172699,0.2620179057121277,0.2825850248336792,2.0860064029693604,0.4061533212661743,0.3586830198764801,0.0,0.0,0.0,0.0,0.0,0.0,0.0
18996478512,0,0.004750030115246773,0.008067682385444641,-0.5262512564659119,6.569455581484362e-05,-0.04113857448101044,-0.8442511558532715,-0.016604488715529442,-0.0103994682431221,-0.09898090362548828,-0.009368717670440674,-0.09841300547122955,-0.3179998993873596,-0.008244028314948082,-0.02720019407570362,0.0382457859814167,0.0,0.0,-0.0047828578390181065,0.08580221980810165,0.005045290105044842,-0.02033664844930172,0.05530441179871559,0.21079395711421967,-0.05144853517413139,-0.12132076919078827,-1.0352329015731812,-46.05585479736328,-0.051357872784137726,0.20168712735176086,-0.0013175103813409805,-0.02560323476791382,-0.004283072426915169,-0.14796987175941467,0.027023838832974434,11.788535118103027,11.09415340423584,11.319634437561035,11.879276275634766,-0.036796875298023224,0.026064453646540642,0.03526367247104645,-0.03526367247104645,0.0,-0.03705575689673424,0.026619603857398033,0.033671218901872635,-0.029547035694122314,0.0,-0.17157220840454102,0.15627136826515198,-9.955074310302734,-0.018143439665436745,-0.1806470900774002,-8.383585929870605,0.0,0.0,0.0,0.0,0.0,0.0,0.0,0.0,0.0,0.0,0.0,0.0,-0.035011354833841324,0.02649514563381672,0.03205876052379608,-0.02982158400118351,0.2765471041202545,0.26291313767433167,0.2673511505126953,0.27832159399986267,2.0860064029693604,0.4061533212661743,0.3586830198764801,0.0,0.0,0.0,0.0,0.0,0.0,0.0
19008268346,0,0.003990088123828173,0.008095169439911842,-0.527949869632721,6.569455581484362e-05,-0.04113857448101044,-0.8442511558532715,-0.010095344856381416,-0.004626465030014515,-0.10187345743179321,-0.007848826237022877,-0.09846797585487366,-0.31630128622055054,-0.006052922923117876,-0.02659505233168602,0.038303717970848083,0.0,0.0,-0.0047828578390181065,0.09728637337684631,0.013679465278983116,-0.016648931428790092,0.05530441179871559,0.21079395711421967,-0.05144853517413139,-0.12132076919078827,-1.0352329015731812,-46.05585479736328,-0.051357872784137726,0.20168712735176086,-0.0013175103813409805,-0.02560323476791382,-0.004283072426915169,-0.14796987175941467,0.027023838832974434,11.788535118103027,11.09415340423584,11.319634437561035,11.879276275634766,-0.038330078125,0.026064453646540642,0.03526367247104645,-0.03526367247104645,0.0,-0.03705575689673424,0.026619603857398033,0.033671218901872635,-0.029547035694122314,0.0,-0.17157220840454102,0.15627136826515198,-9.955074310302734,-0.028068270534276962,-0.19309690594673157,-8.358893394470215,0.0,0.0,0.0,0.0,0.0,0.0,0.0,0.0,0.0,0.0,0.0,0.0,-0.035203009843826294,0.026340439915657043,0.03201976418495178,-0.029494918882846832,0.2765471041202545,0.26291313767433167,0.2673511505126953,0.27832159399986267,1.10689115524292,0.23932743072509766,0.16347764432430267,0.0,0.0,0.0,0.0,0.0,0.0,0.0
19016395557,0,0.003990088123828173,0.008095169439911842,-0.527949869632721,6.569455581484362e-05,-0.04113857448101044,-0.8442511558532715,-0.010095344856381416,-0.004626465030014515,-0.10187345743179321,-0.007848826237022877,-0.09846797585487366,-0.31630128622055054,-0.006052922923117876,-0.02659505233168602,0.038303717970848083,0.0,0.0,-0.0047828578390181065,0.09728637337684631,0.013679465278983116,-0.016648931428790092,0.05530441179871559,0.21079395711421967,-0.05144853517413139,-0.13299767673015594,-1.1168075799942017,-45.900108337402344,-0.07611934840679169,0.19317707419395447,-0.0023822039365768433,-0.025138895958662033,-0.0024146800860762596,-0.14967627823352814,0.027105942368507385,11.725088119506836,11.003527641296387,11.358427047729492,11.838739395141602,-0.03526367247104645,0.024531250819563866,0.03373046964406967,-0.03526367247104645,0.0,-0.04002724960446358,0.02913154847919941,0.03650505840778351,-0.03169400244951248,0.0,0.06315197795629501,0.3211354911327362,-9.874095916748047,-0.028068270534276962,-0.19309690594673157,-8.358893394470215,0.0,0.0,0.0,0.0,0.0,0.0,0.0,0.0,0.0,0.0,0.0,0.0,-0.035776231437921524,0.026431746780872345,0.032436054199934006,-0.0294429212808609,0.27530530095100403,0.26112666726112366,0.26811379194259644,0.2775289714336395,1.10689115524292,0.23932743072509766,0.16347764432430267,0.0,0.0,0.0,0.0,0.0,0.0,0.0
19026772484,0,0.003290824592113495,0.008112450130283833,-0.5296698212623596,6.569455581484362e-05,-0.04113857448101044,-0.8442511558532715,-0.012519816868007183,0.0008348058327101171,-0.10385658591985703,-0.0064502921886742115,-0.09850253909826279,-0.31458133459091187,-0.004280260764062405,-0.026285862550139427,0.03791441023349762,0.0,0.0,-0.0047828578390181065,0.09728637337684631,0.013679465278983116,-0.016648931428790092,0.03223593905568123,0.209249809384346,-0.05116403102874756,-0.13299767673015594,-1.1168075799942017,-45.900108337402344,-0.07611934840679169,0.19317707419395447,-0.0023822039365768433,-0.025138895958662033,-0.001448619645088911,-0.15049032866954803,0.02711794339120388,11.725088119506836,11.003527641296387,11.358427047729492,11.838739395141602,-0.03373046964406967,0.02299804612994194,0.03373046964406967,-0.03373046964406967,0.0,-0.04002724960446358,0.02913154847919941,0.03650505840778351,-0.03169400244951248,0.0,0.06315197795629501,0.3211354911327362,-9.874095916748047,-0.020454129204154015,-0.20534028112888336,-8.343518257141113,0.0,0.0,0.0,0.0,0.0,0.0,0.0,0.0,0.0,0.0,0.0,0.0,-0.03670550137758255,0.02685895934700966,0.033260900527238846,-0.02973369136452675,0.2738422751426697,0.2619117200374603,0.26623690128326416,0.2798732817173004,1.10689115524292,0.23932743072509766,0.16347764432430267,0.0,0.0,0.0,0.0,0.0,0.0,0.0
19036686515,0,0.0029783223289996386,0.008142322301864624,-0.5305363535881042,6.569455581484362e-05,-0.04113857448101044,-0.8442511558532715,-0.011984926648437977,-0.0012096995487809181,-0.10388892143964767,-0.005825284868478775,-0.09856228530406952,-0.31371480226516724,-0.003629083279520273,-0.026441922411322594,0.03769680857658386,0.0,0.0,-0.0047828578390181065,0.0931231752038002,-0.017241427674889565,-0.019279535859823227,0.028089279308915138,0.21311268210411072,-0.05090032517910004,-0.11329585313796997,-1.105154275894165,-45.900482177734375,-0.07679476588964462,0.23401136696338654,0.0022564660757780075,-0.024860821664333344,-0.00033174455165863037,-0.15161891281604767,0.0271160751581192,11.709425926208496,11.030905723571777,11.193668365478516,11.993233680725098,-0.03066406212747097,0.02299804612994194,0.032197266817092896,-0.03373046964406967,0.0,-0.03910753130912781,0.029344704002141953,0.036078620702028275,-0.0314977653324604,0.0,0.12627911567687988,0.29479628801345825,-9.93223762512207,-0.02010224014520645,-0.2017478495836258,-8.342409133911133,0.0,0.0,0.0,0.0,0.0,0.0,0.0,0.0,0.0,0.0,0.0,0.0,-0.0377330519258976,0.027498256415128708,0.034245528280735016,-0.030229372903704643,0.2738422751426697,0.2619117200374603,0.26623690128326416,0.2798732817173004,0.05829446390271187,-0.7312076687812805,-0.010792246088385582,0.0,0.0,0.0,0.0,0.0,0.0,0.0
19046510749,0,0.0029783223289996386,0.008142322301864624,-0.5305363535881042,6.569455581484362e-05,-0.04113857448101044,-0.8442511558532715,-0.011984926648437977,-0.0012096995487809181,-0.10388892143964767,-0.0047559780068695545,-0.09876413643360138,-0.3119634985923767,-0.003629083279520273,-0.026441922411322594,0.03769680857658386,0.0,0.0,-0.0047828578390181065,0.0931231752038002,-0.017241427674889565,-0.019279535859823227,0.028089279308915138,0.21311268210411072,-0.05090032517910004,-0.11329585313796997,-1.105154275894165,-45.900482177734375,-0.0729508027434349,0.23769256472587585,0.0012540575116872787,-0.02465244010090828,0.0007435819134116173,-0.15291984379291534,0.02710885740816593,11.709425926208496,11.030905723571777,11.193668365478516,11.993233680725098,-0.03066406212747097,0.024531250819563866,0.032197266817092896,-0.03373046964406967,0.0,-0.039088163524866104,0.029365243390202522,0.03609886392951012,-0.031478866934776306,0.0,-0.2950136363506317,0.4988405704498291,-9.782353401184082,-0.014185619540512562,-0.1970043033361435,-8.332646369934082,0.0,0.0,0.0,0.0,0.0,0.0,0.0,0.0,0.0,0.0,0.0,0.0,-0.03853357583284378,0.028144504874944687,0.03508864343166351,-0.030715391039848328,0.2749987542629242,0.261666476726532,0.2648731470108032,0.28054773807525635,0.05829446390271187,-0.7312076687812805,-0.010792246088385582,0.0,0.0,0.0,0.0,0.0,0.0,0.0
19057360102,0,0.002443671692162752,0.008243248797953129,-0.5322876572608948,6.569455581484362e-05,-0.04113857448101044,-0.8442511558532715,-0.013751070946455002,-0.004150287248194218,-0.10485534369945526,-0.0047559780068695545,-0.09876413643360138,-0.3119634985923767,-0.0028376136906445026,-0.026787709444761276,0.03744388744235039,0.0,0.0,-0.0047828578390181065,0.05389363318681717,-0.02702447958290577,-0.01631995476782322,0.011375549249351025,0.21469064056873322,-0.05047489330172539,-0.07802090793848038,-1.0835236310958862,-45.82955551147461,-0.0729508027434349,0.23769256472587585,0.0012540575116872787,-0.02465244010090828,0.0007435819134116173,-0.15291984379291534,0.02710885740816593,11.682209014892578,11.053601264953613,11.152822494506836,11.96530532836914,-0.032197266817092896,0.026064453646540642,0.032197266817092896,-0.03373046964406967,0.0,-0.03745579347014427,0.029741546139121056,0.03442605212330818,-0.03195573389530182,0.0,-0.2950136363506317,0.4988405704498291,-9.782353401184082,-0.014185619540512562,-0.1970043033361435,-8.332646369934082,0.0,0.0,0.0,0.0,0.0,0.0,0.0,0.0,0.0,0.0,0.0,0.0,-0.0389552041888237,0.02870401181280613,0.035611607134342194,-0.03111816942691803,0.2749987542629242,0.261666476726532,0.2648731470108032,0.28054773807525635,-1.0513778924942017,-0.6204338073730469,0.034650035202503204,0.0,0.0,0.0,0.0,0.0,0.0,0.0
19066698379,0,0.0015861536376178265,0.008507070131599903,-0.5348789691925049,6.569455581484362e-05,-0.04113857448101044,-0.8442511558532715,-0.00906839594244957,-0.014781064353883266,-0.102049320936203,-0.003040933283045888,-0.09929178655147552,-0.3093721866607666,-0.0015162599738687277,-0.027502629905939102,0.037494491785764694,0.0,0.0,-0.0047828578390181065,0.05389363318681717,-0.02702447958290577,-0.01631995476782322,0.010202664881944656,0.21873337030410767,-0.05070237070322037,-0.11521614342927933,-0.9785993099212646,-45.87676239013672,-0.036533422768116,0.2546943128108978,-0.0029181968420743942,-0.024123867973685265,0.0028645263519138098,-0.15671883523464203,0.027190260589122772,11.885538101196289,10.950800895690918,11.210144996643066,11.851305961608887,-0.03373046964406967,0.027597656473517418,0.032197266817092896,-0.03373046964406967,0.0,-0.03475037217140198,0.025483127683401108,0.03216397389769554,-0.02797301672399044,0.0,-0.10394705832004547,0.24571792781352997,-9.55207633972168,-0.019681844860315323,-0.1773693859577179,-8.34805679321289,0.0,0.0,0.0,0.0,0.0,0.0,0.0,0.0,0.0,0.0,0.0,0.0,-0.03883638232946396,0.028956832364201546,0.03562285751104355,-0.03126508370041847,0.27844399213790894,0.2600861191749573,0.2651974856853485,0.2777746915817261,-1.0513778924942017,-0.6204338073730469,0.034650035202503204,0.0,0.0,0.0,0.0,0.0,0.0,0.0
19077051068,0,0.0015861536376178265,0.008507070131599903,-0.5348789691925049,6.569455581484362e-05,-0.04113857448101044,-0.8442511558532715,-0.00906839594244957,-0.014781064353883266,-0.102049320936203,-0.003040933283045888,-0.09929178655147552,-0.3093721866607666,-0.0015162599738687277,-0.027502629905939102,0.037494491785764694,0.0,0.0,-0.0047828578390181065,0.05415886640548706,-0.03189091011881828,-0.013473684899508953,0.010202664881944656,0.21873337030410767,-0.05070237070322037,-0.11521614342927933,-0.9785993099212646,-45.87676239013672,-0.03529709205031395,0.25856107473373413,-0.005781378597021103,-0.02409783937036991,0.003022018587216735,-0.15718264877796173,0.027222562581300735,11.964837074279785,10.875736236572266,11.274073600769043,11.783546447753906,-0.03526367247104645,0.026064453646540642,0.03373046964406967,-0.03373046964406967,0.0,-0.034517597407102585,0.025661651045084,0.031984034925699234,-0.028131525963544846,0.0,-0.10394705832004547,0.24571792781352997,-9.55207633972168,-0.019681844860315323,-0.1773693859577179,-8.34805679321289,0.0,0.0,0.0,0.0,0.0,0.0,0.0,0.0,0.0,0.0,0.0,0.0,-0.03813803195953369,0.0286448635160923,0.03508618101477623,-0.030920904129743576,0.27844399213790894,0.2600861191749573,0.2651974856853485,0.2777746915817261,-0.8659111261367798,-0.7936795949935913,0.19577044248580933,0.0,0.0,0.0,0.0,0.0,0.0,0.0
19086133225,0,0.001282385317608714,0.008581437170505524,-0.5357239842414856,6.569455581484362e-05,-0.04113857448101044,-0.8442511558532715,-0.006291653029620647,-0.014457538723945618,-0.10008092224597931,-0.0024333936162292957,-0.09944052249193192,-0.3085271716117859,-0.000713333603926003,-0.028111813589930534,0.03733467683196068,0.0,0.0,-0.0047828578390181065,0.05538448691368103,-0.04214203357696533,-0.01434075552970171,0.003787097055464983,0.2235216349363327,-0.05052340775728226,-0.1338927000761032,-0.9820711612701416,-45.97920608520508,-0.04924902319908142,0.275951087474823,-0.003216871991753578,-0.023946363478899002,0.003022018587216735,-0.15718264877796173,0.027222562581300735,11.931435585021973,10.91746711730957,11.230433464050293,11.921354293823242,-0.03526367247104645,0.026064453646540642,0.03373046964406967,-0.03373046964406967,0.0,-0.035257164388895035,0.02508608251810074,0.032820671796798706,-0.02734133042395115,0.0,-0.10583800822496414,-0.29746195673942566,-9.838139533996582,-0.024344127625226974,-0.17855839431285858,-8.359855651855469,0.0,0.0,0.0,0.0,0.0,0.0,0.0,0.0,0.0,0.0,0.0,0.0,-0.03717135637998581,0.027906162664294243,0.03429670259356499,-0.0301931481808424,0.281326562166214,0.2575867474079132,0.26767662167549133,0.2756407558917999,-0.3088611364364624,-0.9569525718688965,0.05138864368200302,0.0,0.0,0.0,0.0,0.0,0.0,0.0
19096372818,0,0.001282385317608714,0.008581437170505524,-0.5357239842414856,6.569455581484362e-05,-0.04113857448101044,-0.8442511558532715,-0.006291653029620647,-0.014457538723945618,-0.10008092224597931,-0.0024333936162292957,-0.09944052249193192,-0.3085271716117859,-0.000713333603926003,-0.028111813589930534,0.03733467683196068,0.0,0.0,-0.0047828578390181065,0.0679529458284378,-0.04709941893815994,-0.014249968342483044,0.003787097055464983,0.2235216349363327,-0.05052340775728226,-0.16445648670196533,-1.0255485773086548,-46.10435104370117,-0.07542141526937485,0.2815551161766052,-0.003054436296224594,-0.023778723552823067,0.004050774499773979,-0.16026726365089417,0.027381328865885735,11.92766284942627,10.904396057128906,11.289267539978027,12.005587577819824,-0.036796875298023224,0.026064453646540642,0.03526367247104645,-0.03373046964406967,0.0,-0.0374491848051548,0.025551704689860344,0.03498583659529686,-0.027514709159731865,0.0,-0.10583800822496414,-0.29746195673942566,-9.838139533996582,-0.024344127625226974,-0.17855839431285858,-8.359855651855469,0.0,0.0,0.0,0.0,0.0,0.0,0.0,0.0,0.0,0.0,0.0,0.0,-0.03640971705317497,0.027070511132478714,0.03369734808802605,-0.029353443533182144,0.2792670428752899,0.2591702342033386,0.26675406098365784,0.28078895807266235,0.5355231165885925,-0.7086777687072754,0.0077651129104197025,0.0,0.0,0.0,0.0,0.0,0.0,0.0
19106295794,0,0.0004091316950507462,0.008825241588056087,-0.5381906032562256,6.569455581484362e-05,-0.04113857448101044,-0.8442511558532715,-0.004285074770450592,-0.005880835000425577,-0.08850918710231781,-0.0006868776981718838,-0.09992813318967819,-0.3060605525970459,0.0022565622348338366,-0.029088549315929413,0.03638755902647972,0.0,0.0,-0.0047828578390181065,0.09716132283210754,-0.041194237768650055,-0.015907147899270058,-0.019838983193039894,0.23109059035778046,-0.04943806305527687,-0.14474768936634064,-1.0899909734725952,-46.39368438720703,-0.1363365650177002,0.2749612629413605,-0.00043931417167186737,-0.02348976582288742,0.004050774499773979,-0.16026726365089417,0.027381328865885735,11.83302116394043,10.957712173461914,11.399633407592773,12.227848052978516,-0.03526367247104645,0.026064453646540642,0.03526367247104645,-0.03373046964406967,0.0,-0.0390598401427269,0.028172163292765617,0.036062803119421005,-0.029422862455248833,0.0,-0.1259831041097641,-0.11966770887374878,-9.601285934448242,-0.026317762210965157,-0.1981801688671112,-8.43521499633789,0.0,0.0,0.0,0.0,0.0,0.0,0.0,0.0,0.0,0.0,0.0,0.0,-0.03620012104511261,0.02647867053747177,0.03359013795852661,-0.02868119813501835,0.2792670428752899,0.2591702342033386,0.26675406098365784,0.28078895807266235,1.2904770374298096,-0.016511157155036926,-0.09970179200172424,0.0,0.0,0.0,0.0,0.0,0.0,0.0
19116229350,0,0.00010068999836221337,0.008912925608456135,-0.538974940776825,6.569455581484362e-05,-0.04113857448101044,-0.8442511558532715,-0.004636084660887718,-0.005785902496427298,-0.08397343754768372,-6.999123434070498e-05,-0.10010349750518799,-0.30527621507644653,0.0030646533705294132,-0.029410960152745247,0.03612862899899483,0.0,0.0,-0.0047828578390181065,0.09716132283210754,-0.041194237768650055,-0.015907147899270058,-0.019838983193039894,0.23109059035778046,-0.04943806305527687,-0.14474768936634064,-1.0899909734725952,-46.39368438720703,-0.1363365650177002,0.2749612629413605,-0.00043931417167186737,-0.02348976582288742,0.0059989518485963345,-0.16375002264976501,0.027518419548869133,11.83302116394043,10.957712173461914,11.399633407592773,12.227848052978516,-0.03526367247104645,0.027597656473517418,0.03526367247104645,-0.03373046964406967,0.0,-0.0390598401427269,0.028172163292765617,0.036062803119421005,-0.029422862455248833,0.0,-0.21119652688503265,-0.0776444524526596,-9.241800308227539,-0.024720534682273865,-0.1992499828338623,-8.464242935180664,0.0,0.0,0.0,0.0,0.0,0.0,0.0,0.0,0.0,0.0,0.0,0.0,-0.036550432443618774,0.02637920342385769,0.03394400328397751,-0.028399411588907242,0.27741724252700806,0.26022252440452576,0.268923282623291,0.2851225733757019,1.2904770374298096,-0.016511157155036926,-0.09970179200172424,0.0,0.0,0.0,0.0,0.0,0.0,0.0
19126084423,0,0.00010068999836221337,0.008912925608456135,-0.538974940776825,6.569455581484362e-05,-0.04113857448101044,-0.8442511558532715,-0.004636084660887718,-0.005785902496427298,-0.08397343754768372,-6.999123434070498e-05,-0.10010349750518799,-0.30527621507644653,0.0030646533705294132,-0.029410960152745247,0.03612862899899483,0.0,0.0,-0.0047828578390181065,0.1062113344669342,-0.039656128734350204,-0.016995130106806755,-0.019838983193039894,0.23109059035778046,-0.04943806305527687,-0.13596293330192566,-1.0958749055862427,-46.55333709716797,-0.14970645308494568,0.2751465439796448,0.0006269607692956924,-0.023344596847891808,0.007412645034492016,-0.16561256349086761,0.027562212198972702,11.825940132141113,11.003532409667969,11.433241844177246,12.315232276916504,-0.03526367247104645,0.029130859300494194,0.03373046964406967,-0.03373046964406967,0.0,-0.038983091711997986,0.02854067273437977,0.03588080778717995,-0.029622502624988556,0.0,-0.21119652688503265,-0.0776444524526596,-9.241800308227539,-0.024720534682273865,-0.1992499828338623,-8.464242935180664,0.0,0.0,0.0,0.0,0.0,0.0,0.0,0.0,0.0,0.0,0.0,0.0,-0.03718223422765732,0.026678133755922318,0.034500617533922195,-0.028458891436457634,0.277278870344162,0.26112666726112366,0.2695832848548889,0.28682398796081543,1.1162618398666382,0.04646465182304382,-0.13028588891029358,0.0,0.0,0.0,0.0,0.0,0.0,0.0
19136952454,0,-0.00021330584422685206,0.009003431536257267,-0.5397324562072754,6.569455581484362e-05,-0.04113857448101044,-0.8442511558532715,-0.004429415799677372,-0.0045398143120110035,-0.08347772806882858,0.0005580036086030304,-0.10028450936079025,-0.3045186996459961,0.003825586987659335,-0.029713131487369537,0.036017388105392456,0.0,0.0,-0.0047828578390181065,0.11410585045814514,-0.03744745999574661,-0.01966826617717743,-0.03233249858021736,0.23595507442951202,-0.049022454768419266,-0.1407877802848816,-1.1350746154785156,-46.43151092529297,-0.1699984222650528,0.2775830924510956,0.002477334812283516,-0.023088429123163223,0.010449070483446121,-0.1691327840089798,0.027540409937500954,11.721951484680176,10.984167098999023,11.384309768676758,12.366220474243164,-0.03526367247104645,0.027597656473517418,0.032197266817092896,-0.032197266817092896,0.0,-0.04063425213098526,0.0297232698649168,0.03742772713303566,-0.030461030080914497,0.0,-0.12030092626810074,-0.07505615055561066,-9.71212387084961,-0.024083208292722702,-0.20255368947982788,-8.461281776428223,0.0,0.0,0.0,0.0,0.0,0.0,0.0,0.0,0.0,0.0,0.0,0.0,-0.03790498152375221,0.02720639668405056,0.03510880842804909,-0.028732335194945335,0.27524399757385254,0.260744571685791,0.2686220705509186,0.287815660238266,0.651658833026886,0.1474694311618805,-0.15248015522956848,0.0,0.0,0.0,0.0,0.0,0.0,0.0
19146231580,0,-0.00021330584422685206,0.009003431536257267,-0.5397324562072754,6.569455581484362e-05,-0.04113857448101044,-0.8442511558532715,-0.004429415799677372,-0.0045398143120110035,-0.08347772806882858,0.001669582910835743,-0.10068830847740173,-0.3030537962913513,0.003825586987659335,-0.029713131487369537,0.036017388105392456,0.0,0.0,-0.0047828578390181065,0.11410585045814514,-0.03744745999574661,-0.01966826617717743,-0.03233249858021736,0.23595507442951202,-0.049022454768419266,-0.1407877802848816,-1.1350746154785156,-46.43151092529297,-0.1699984222650528,0.2775830924510956,0.002477334812283516,-0.023088429123163223,0.010449070483446121,-0.1691327840089798,0.027540409937500954,11.721951484680176,10.984167098999023,11.384309768676758,12.366220474243164,-0.036796875298023224,0.026064453646540642,0.032197266817092896,-0.032197266817092896,0.0,-0.04063425213098526,0.0297232698649168,0.03742772713303566,-0.030461030080914497,0.0,-0.12030092626810074,-0.07505615055561066,-9.71212387084961,-0.026075216010212898,-0.21170386672019958,-8.408190727233887,0.0,0.0,0.0,0.0,0.0,0.0,0.0,0.0,0.0,0.0,0.0,0.0,-0.03868788853287697,0.027876079082489014,0.03576446324586868,-0.029147127643227577,0.27524399757385254,0.260744571685791,0.2686220705509186,0.287815660238266,0.651658833026886,0.1474694311618805,-0.15248015522956848,0.0,0.0,0.0,0.0,0.0,0.0,0.0
19156281655,0,-0.0007690927013754845,0.00920532550662756,-0.5411973595619202,6.569455581484362e-05,-0.04113857448101044,-0.8442511558532715,-0.002433780115097761,-0.0008541272254660726,-0.08893468230962753,0.001669582910835743,-0.10068830847740173,-0.3030537962913513,0.005963529925793409,-0.030442142859101295,0.03611741587519646,0.0,0.0,-0.0047828578390181065,0.12052830308675766,-0.027388030663132668,-0.020777076482772827,-0.049375981092453,0.2416103482246399,-0.049182794988155365,-0.1434136927127838,-1.1643712520599365,-46.24504852294922,-0.18640637397766113,0.26325735449790955,0.003220418468117714,-0.022956648841500282,0.012317409738898277,-0.1709601879119873,0.027505338191986084,11.60903263092041,10.953792572021484,11.366756439208984,12.340946197509766,-0.036796875298023224,0.026064453646540642,0.032197266817092896,-0.032197266817092896,0.0,-0.04199040308594704,0.030680043622851372,0.03849179670214653,-0.031276267021894455,0.0,-0.12030092626810074,-0.07505615055561066,-9.71212387084961,-0.026075216010212898,-0.21170386672019958,-8.408190727233887,0.0,0.0,0.0,0.0,0.0,0.0,0.0,0.0,0.0,0.0,0.0,0.0,-0.039494648575782776,0.028590431436896324,0.03644292801618576,-0.02963119000196457,0.2730320990085602,0.2601452171802521,0.26827728748321533,0.28732427954673767,0.6246936917304993,0.5592820644378662,-0.1667763888835907,0.0,0.0,0.0,0.0,0.0,0.0,0.0
19166046416,0,-0.0010088477283716202,0.009310268796980381,-0.5419164896011353,6.569455581484362e-05,-0.04113857448101044,-0.8442511558532715,-0.0013555758632719517,0.0011933610076084733,-0.09093720465898514,0.002149095293134451,-0.10089819133281708,-0.30233466625213623,0.007253372576087713,-0.030434168875217438,0.03620870038866997,0.0,0.0,-0.0047828578390181065,0.12769247591495514,-0.017681771889328957,-0.025338031351566315,-0.06276271492242813,0.2418985664844513,-0.0482797771692276,-0.15009357035160065,-1.1922667026519775,-46.14353942871094,-0.20388534665107727,0.250895619392395,0.007901531644165516,-0.02282744087278843,0.012317409738898277,-0.1709601879119873,0.027505338191986084,11.41957950592041,11.03913402557373,11.270617485046387,12.43946361541748,-0.038330078125,0.026064453646540642,0.03373046964406967,-0.032197266817092896,0.0,-0.043746594339609146,0.0311353150755167,0.03991822153329849,-0.031620487570762634,0.0,-0.20325762033462524,-0.16212603449821472,-9.418390274047852,-0.0272897407412529,-0.21677576005458832,-8.389734268188477,0.0,0.0,0.0,0.0,0.0,0.0,0.0,0.0,0.0,0.0,0.0,0.0,-0.04037041217088699,0.02930421382188797,0.03717139735817909,-0.030151093378663063,0.2730320990085602,0.2601452171802521,0.26827728748321533,0.28732427954673767,0.6351481080055237,0.7384365797042847,-0.28868797421455383,0.0,0.0,0.0,0.0,0.0,0.0,0.0
19175934305,0,-0.0010088477283716202,0.009310268796980381,-0.5419164896011353,6.569455581484362e-05,-0.04113857448101044,-0.8442511558532715,-0.0013555758632719517,0.0011933610076084733,-0.09093720465898514,0.002149095293134451,-0.10089819133281708,-0.30233466625213623,0.007253372576087713,-0.030434168875217438,0.03620870038866997,0.0,0.0,-0.0047828578390181065,0.13179880380630493,-0.0197154451161623,-0.029967615380883217,-0.06276271492242813,0.2418985664844513,-0.0482797771692276,-0.16026423871517181,-1.1751233339309692,-46.38854217529297,-0.22106125950813293,0.2619776129722595,0.0132402703166008,-0.022715754806995392,0.016292322427034378,-0.1740739941596985,0.027194904163479805,11.337957382202148,11.189931869506836,11.207157135009766,12.677197456359863,-0.038330078125,0.027597656473517418,0.03373046964406967,-0.032197266817092896,0.0,-0.04383338987827301,0.02986305207014084,0.03993508219718933,-0.030255617573857307,0.0,-0.20325762033462524,-0.16212603449821472,-9.418390274047852,-0.0272897407412529,-0.21677576005458832,-8.389734268188477,0.0,0.0,0.0,0.0,0.0,0.0,0.0,0.0,0.0,0.0,0.0,0.0,-0.04134710878133774,0.029913457110524178,0.03797150403261185,-0.030599087476730347,0.26771149039268494,0.2647995948791504,0.2651385962963104,0.293854683637619,0.52102130651474,0.32602959871292114,-0.38498345017433167,0.0,0.0,0.0,0.0,0.0,0.0,0.0
19186153288,0,-0.0016794209368526936,0.009588416665792465,-0.5439892411231995,6.569455581484362e-05,-0.04113857448101044,-0.8442511558532715,-0.00014252809341996908,-0.001611208077520132,-0.08012834191322327,0.0034902484621852636,-0.1014544889330864,-0.300261914730072,0.010829922743141651,-0.03086104989051819,0.0351790152490139,0.0,0.0,-0.0047828578390181065,0.14037775993347168,-0.041371896862983704,-0.01931239292025566,-0.08803307265043259,0.24464088678359985,-0.04814784228801727,-0.15571627020835876,-1.155157208442688,-46.72255325317383,-0.2529689073562622,0.300306111574173,-0.002677338197827339,-0.02244911529123783,0.021269546821713448,-0.17781765758991241,0.02681608498096466,11.832048416137695,10.76512622833252,11.677165985107422,12.472408294677734,-0.038330078125,0.029130859300494194,0.03526367247104645,-0.032197266817092896,0.0,-0.04124419018626213,0.030562182888388634,0.03760896623134613,-0.03029203787446022,0.0,-0.20325762033462524,-0.16212603449821472,-9.418390274047852,-0.027405213564634323,-0.2142632156610489,-8.465245246887207,0.0,0.0,0.0,0.0,0.0,0.0,0.0,0.0,0.0,0.0,0.0,0.0,-0.04216279834508896,0.03029473125934601,0.03861925005912781,-0.030820682644844055,0.27739813923835754,0.25641828775405884,0.27436697483062744,0.28988006711006165,0.33537760376930237,-0.6012004613876343,0.36475852131843567,0.0,0.0,0.0,0.0,0.0,0.0,0.0
19196262271,0,-0.002087540691718459,0.009706301614642143,-0.5453132390975952,6.569455581484362e-05,-0.04113857448101044,-0.8442511558532715,0.0009277249337173998,-0.007351355627179146,-0.07351083308458328,0.004306491930037737,-0.10169026255607605,-0.29893791675567627,0.013491060584783554,-0.03192352131009102,0.034967273473739624,0.0,0.0,-0.0047828578390181065,0.13987262547016144,-0.042714402079582214,-0.01143320556730032,-0.10923735797405243,0.2529222369194031,-0.04795088618993759,-0.15567779541015625,-1.1260926723480225,-46.78187561035156,-0.2593346834182739,0.30130240321159363,-0.010882880538702011,-0.022339090704917908,0.021269546821713448,-0.17781765758991241,0.02681608498096466,12.045948028564453,10.56213092803955,11.90474796295166,12.294624328613281,-0.036796875298023224,0.029130859300494194,0.03526367247104645,-0.032197266817092896,0.0,-0.039646610617637634,0.03018900565803051,0.03603481873869896,-0.029885409399867058,0.0,-0.23060773313045502,-0.19672493636608124,-9.519630432128906,-0.0283050537109375,-0.2047441154718399,-8.5057954788208,0.0,0.0,0.0,0.0,0.0,0.0,0.0,0.0,0.0,0.0,0.0,0.0,-0.042440202087163925,0.030482131987810135,0.038786083459854126,-0.030811678618192673,0.27739813923835754,0.25641828775405884,0.27436697483062744,0.28988006711006165,0.10149048268795013,-0.34210431575775146,0.5885192155838013,0.0,0.0,0.0,0.0,0.0,0.0,0.0
19206053083,0,-0.0023054240737110376,0.009775202721357346,-0.5459544062614441,6.569455581484362e-05,-0.04113857448101044,-0.8442511558532715,0.0033091686200350523,-0.0067518181167542934,-0.07263285666704178,0.0047422610223293304,-0.10182806104421616,-0.2982967495918274,0.014648167416453362,-0.03221486508846283,0.034889716655015945,0.0,0.0,-0.0047828578390181065,0.13987262547016144,-0.042714402079582214,-0.01143320556730032,-0.10923735797405243,0.2529222369194031,-0.04795088618993759,-0.15567779541015625,-1.1260926723480225,-46.78187561035156,-0.2593346834182739,0.30130240321159363,-0.010882880538702011,-0.022339090704917908,0.02358737215399742,-0.1796053946018219,0.026836592704057693,12.045948028564453,10.56213092803955,11.90474796295166,12.294624328613281,-0.038330078125,0.027597656473517418,0.036796875298023224,-0.03373046964406967,0.0,-0.039646610617637634,0.03018900565803051,0.03603481873869896,-0.029885409399867058,0.0,-0.27709758281707764,-0.3354552984237671,-9.495850563049316,-0.03238359093666077,-0.20669381320476532,-8.506522178649902,0.0,0.0,0.0,0.0,0.0,0.0,0.0,0.0,0.0,0.0,0.0,0.0,-0.042134840041399,0.030537426471710205,0.03843307122588158,-0.030655091628432274,0.2815766930580139,0.25240013003349304,0.2788194417953491,0.2864227890968323,0.10149048268795013,-0.34210431575775146,0.5885192155838013,0.0,0.0,0.0,0.0,0.0,0.0,0.0
19217531565,0,-0.0023054240737110376,0.009775202721357346,-0.5459544062614441,6.569455581484362e-05,-0.04113857448101044,-0.8442511558532715,0.0033091686200350523,-0.0067518181167542934,-0.07263285666704178,0.0047422610223293304,-0.10182806104421616,-0.2982967495918274,0.014648167416453362,-0.03221486508846283,0.034889716655015945,0.0,0.0,-0.0047828578390181065,0.1443789154291153,-0.026018070057034492,-0.005390575155615807,-0.11844713240861893,0.2551669776439667,-0.04788224399089813,-0.17810975015163422,-1.1368160247802734,-46.78587341308594,-0.2715391218662262,0.28770002722740173,-0.015671007335186005,-0.02222195640206337,0.02358737215399742,-0.1796053946018219,0.026836592704057693,11.987829208374023,10.496275901794434,11.999950408935547,12.244369506835938,-0.039863280951976776,0.026064453646540642,0.036796875298023224,-0.03373046964406967,0.0,-0.040806930512189865,0.02999604307115078,0.036736924201250076,-0.029659466817975044,0.0,-0.27709758281707764,-0.3354552984237671,-9.495850563049316,-0.03238359093666077,-0.20669381320476532,-8.506522178649902,0.0,0.0,0.0,0.0,0.0,0.0,0.0,0.0,0.0,0.0,0.0,0.0,-0.04157904163002968,0.030491428449749947,0.0378492996096611,-0.030425632372498512,0.2815766930580139,0.25240013003349304,0.2788194417953491,0.2864227890968323,0.0894823968410492,0.5485032796859741,0.2895697355270386,0.0,0.0,0.0,0.0,0.0,0.0,0.0
19226425116,0,-0.0023054240737110376,0.009775202721357346,-0.5459544062614441,6.569455581484362e-05,-0.04113857448101044,-0.8442511558532715,0.0033091686200350523,-0.0067518181167542934,-0.07263285666704178,0.0047422610223293304,-0.10182806104421616,-0.2982967495918274,0.014648167416453362,-0.03221486508846283,0.034889716655015945,0.0,0.0,-0.0047828578390181065,0.1443789154291153,-0.026018070057034492,-0.005390575155615807,-0.11844713240861893,0.2551669776439667,-0.04788224399089813,-0.19596771895885468,-1.1855010986328125,-46.701351165771484,-0.2868537902832031,0.2792980372905731,-0.012416772544384003,-0.022118866443634033,0.029391294345259666,-0.18358691036701202,0.027213068678975105,11.987829208374023,10.496275901794434,11.999950408935547,12.244369506835938,-0.039863280951976776,0.026064453646540642,0.038330078125,-0.032197266817092896,0.0,-0.042761821299791336,0.031045574694871902,0.038708217442035675,-0.030540838837623596,0.0,-0.22949761152267456,-0.4890957176685333,-9.533760070800781,-0.03238359093666077,-0.20669381320476532,-8.506522178649902,0.0,0.0,0.0,0.0,0.0,0.0,0.0,0.0,0.0,0.0,0.0,0.0,-0.04119987413287163,0.030434712767601013,0.037415482103824615,-0.030222486704587936,0.2804422080516815,0.251094788312912,0.28067877888679504,0.2854444682598114,0.0894823968410492,0.5485032796859741,0.2895697355270386,0.0,0.0,0.0,0.0,0.0,0.0,0.0
19236356987,0,-0.0026867534033954144,0.009976656176149845,-0.5472078323364258,6.569455581484362e-05,-0.04113857448101044,-0.8442511558532715,0.006941818632185459,0.001648687175475061,-0.07347043603658676,0.005504923406988382,-0.1022309735417366,-0.2970433235168457,0.017557352781295776,-0.03268943727016449,0.03458501771092415,0.0,0.0,-0.0047828578390181065,0.1443789154291153,-0.026018070057034492,-0.005390575155615807,-0.14838646352291107,0.2565375864505768,-0.04777451604604721,-0.19596771895885468,-1.1855010986328125,-46.701351165771484,-0.2868537902832031,0.2792980372905731,-0.012416772544384003,-0.022118866443634033,0.029391294345259666,-0.18358691036701202,0.027213068678975105,11.987829208374023,10.496275901794434,11.999950408935547,12.244369506835938,-0.039863280951976776,0.027597656473517418,0.038330078125,-0.032197266817092896,0.0,-0.042761821299791336,0.031045574694871902,0.038708217442035675,-0.030540838837623596,0.0,-0.35869041085243225,0.01954428106546402,-9.42552661895752,-0.038765858858823776,-0.2255057543516159,-8.489288330078125,0.0,0.0,0.0,0.0,0.0,0.0,0.0,0.0,0.0,0.0,0.0,0.0,-0.04121142998337746,0.03047112002968788,0.03734973073005676,-0.03014066070318222,0.2804422080516815,0.251094788312912,0.28067877888679504,0.2854444682598114,0.0894823968410492,0.5485032796859741,0.2895697355270386,0.0,0.0,0.0,0.0,0.0,0.0,0.0
19246088522,0,-0.002885121153667569,0.010107933543622494,-0.5478112101554871,6.569455581484362e-05,-0.04113857448101044,-0.8442511558532715,0.008807587437331676,0.00838311854749918,-0.07194498926401138,0.005901660770177841,-0.1024935320019722,-0.2964399456977844,0.019255828112363815,-0.03315199166536331,0.03441804647445679,0.0,0.0,-0.0047828578390181065,0.16103212535381317,-0.03524763137102127,-0.00440289918333292,-0.1579558402299881,0.2593068778514862,-0.04766472056508064,-0.2269599437713623,-1.3896578550338745,-46.847625732421875,-0.3256714940071106,0.29460927844047546,-0.009783495217561722,-0.021955255419015884,0.035420842468738556,-0.18717733025550842,0.02748817950487137,11.995956420898438,10.411581039428711,12.111640930175781,12.422342300415039,-0.038330078125,0.029130859300494194,0.039863280951976776,-0.03066406212747097,0.0,-0.04965588450431824,0.03719903901219368,0.045236073434352875,-0.035019900649785995,0.0,-0.35869041085243225,0.01954428106546402,-9.42552661895752,-0.04242759943008423,-0.24027743935585022,-8.496042251586914,0.0,0.0,0.0,0.0,0.0,0.0,0.0,0.0,0.0,0.0,0.0,0.0,-0.04182123392820358,0.03087889589369297,0.03786921128630638,-0.030380889773368835,0.2791668772697449,0.25146377086639404,0.28082275390625,0.2890716791152954,0.39247411489486694,-0.13351193070411682,0.20315669476985931,0.0,0.0,0.0,0.0,0.0,0.0,0.0
19256051056,0,-0.002885121153667569,0.010107933543622494,-0.5478112101554871,6.569455581484362e-05,-0.04113857448101044,-0.8442511558532715,0.008807587437331676,0.00838311854749918,-0.07194498926401138,0.006739182863384485,-0.10298892855644226,-0.29530972242355347,0.019255828112363815,-0.03315199166536331,0.03441804647445679,0.0,0.0,-0.0047828578390181065,0.16103212535381317,-0.03524763137102127,-0.00440289918333292,-0.1579558402299881,0.2593068778514862,-0.04766472056508064,-0.22094441950321198,-1.4400156736373901,-46.91315841674805,-0.3461603820323944,0.3042132556438446,-0.012665629386901855,-0.02187948301434517,0.038997337222099304,-0.18922702968120575,0.027662597596645355,11.995956420898438,10.411581039428711,12.111640930175781,12.422342300415039,-0.036796875298023224,0.029130859300494194,0.038330078125,-0.03066406212747097,0.0,-0.050957564264535904,0.03912265598773956,0.046538643538951874,-0.036618735641241074,0.0,-0.24654240906238556,-0.3069004714488983,-9.647900581359863,-0.04017171263694763,-0.26182103157043457,-8.529664993286133,0.0,0.0,0.0,0.0,0.0,0.0,0.0,0.0,0.0,0.0,0.0,0.0,-0.043308861553668976,0.03205055370926857,0.03924303129315376,-0.031222190707921982,0.28060081601142883,0.24941447377204895,0.2828580439090729,0.2889070510864258,0.39247411489486694,-0.13351193070411682,0.20315669476985931,0.0,0.0,0.0,0.0,0.0,0.0,0.0
19266066682,0,-0.0033038801047950983,0.010355633683502674,-0.548941433429718,6.569455581484362e-05,-0.04113857448101044,-0.8442511558532715,0.00790636707097292,0.017640113830566406,-0.06640621274709702,0.006739182863384485,-0.10298892855644226,-0.29530972242355347,0.02266266755759716,-0.03370192274451256,0.03433182090520859,0.0,0.0,-0.0047828578390181065,0.16795647144317627,-0.014439848251640797,0.005935595836490393,-0.19414442777633667,0.26648247241973877,-0.047373175621032715,-0.22550299763679504,-1.451097011566162,-47.04313278198242,-0.3794224262237549,0.27337348461151123,-0.023970428854227066,-0.021767545491456985,0.04626770317554474,-0.19287703931331635,0.028159108012914658,12.21401309967041,10.156781196594238,12.524989128112793,12.176445960998535,-0.038330078125,0.026064453646540642,0.036796875298023224,-0.029130859300494194,0.0,-0.0504903607070446,0.04034385457634926,0.04545339196920395,-0.03753810003399849,0.0,-0.24654240906238556,-0.3069004714488983,-9.647900581359863,-0.04017171263694763,-0.26182103157043457,-8.529664993286133,0.0,0.0,0.0,0.0,0.0,0.0,0.0,0.0,0.0,0.0,0.0,0.0,-0.04537028446793556,0.03389938548207283,0.041154779493808746,-0.032600417733192444,0.28485313057899475,0.24435067176818848,0.290901243686676,0.28412115573883057,0.15974627435207367,0.8541770577430725,0.5379652976989746,0.0,0.0,0.0,0.0,0.0,0.0,0.0
19276312448,0,-0.0038579548709094524,0.010900386609137058,-0.5505226850509644,6.569455581484362e-05,-0.04113857448101044,-0.8442511558532715,0.010204893536865711,0.015090426430106163,-0.0627606064081192,0.007847337983548641,-0.10407844185829163,-0.29372847080230713,0.026536786928772926,-0.03329585865139961,0.03476155176758766,0.0,0.0,-0.0047828578390181065,0.16127897799015045,0.0016050420235842466,0.008580213412642479,-0.21298396587371826,0.26301854848861694,-0.047972120344638824,-0.2339702993631363,-1.4355707168579102,-47.000450134277344,-0.3808600604534149,0.24878762662410736,-0.025288499891757965,-0.021728400141000748,0.05036289617419243,-0.19453942775726318,0.028561944141983986,12.195684432983398,10.148983001708984,12.587874412536621,12.096763610839844,-0.039863280951976776,0.024531250819563866,0.036796875298023224,-0.029130859300494194,0.0,-0.05035792663693428,0.0395425409078598,0.04503107815980911,-0.03708020597696304,0.0,-0.07010974735021591,-0.33401328325271606,-9.768035888671875,-0.0425400547683239,-0.26101285219192505,-8.545536041259766,0.0,0.0,0.0,0.0,0.0,0.0,0.0,0.0,0.0,0.0,0.0,0.0,-0.047344353049993515,0.03590454161167145,0.04291879013180733,-0.03412584587931633,0.28485313057899475,0.24435067176818848,0.290901243686676,0.28412115573883057,-0.2953852713108063,1.1933841705322266,0.4361557960510254,0.0,0.0,0.0,0.0,0.0,0.0,0.0
19286137375,0,-0.004023462533950806,0.011106486432254314,-0.5510351061820984,6.569455581484362e-05,-0.04113857448101044,-0.8442511558532715,0.009738106280565262,0.016693413257598877,-0.06325411796569824,0.008178355172276497,-0.10449064522981644,-0.2932160496711731,0.02773759700357914,-0.033219631761312485,0.03501085564494133,0.0,0.0,-0.0047828578390181065,0.16127897799015045,0.0016050420235842466,0.008580213412642479,-0.2225349396467209,0.26232650876045227,-0.0482935756444931,-0.2339702993631363,-1.4355707168579102,-47.000450134277344,-0.3808600604534149,0.24878762662410736,-0.025288499891757965,-0.021728400141000748,0.05036289617419243,-0.19453942775726318,0.028561944141983986,12.195684432983398,10.148983001708984,12.587874412536621,12.096763610839844,-0.04139648377895355,0.024531250819563866,0.036796875298023224,-0.03066406212747097,0.0,-0.05035792663693428,0.0395425409078598,0.04503107815980911,-0.03708020597696304,0.0,-0.4038328528404236,0.15081416070461273,-9.735936164855957,-0.041056711226701736,-0.2656978964805603,-8.538308143615723,0.0,0.0,0.0,0.0,0.0,0.0,0.0,0.0,0.0,0.0,0.0,0.0,-0.048877421766519547,0.037598975002765656,0.04419560730457306,-0.035442352294921875,0.28449612855911255,0.2441956251859665,0.292121946811676,0.28256791830062866,-0.2953852713108063,1.1933841705322266,0.4361557960510254,0.0,0.0,0.0,0.0,0.0,0.0,0.0
19296240079,0,-0.004023462533950806,0.011106486432254314,-0.5510351061820984,6.569455581484362e-05,-0.04113857448101044,-0.8442511558532715,0.009738106280565262,0.016693413257598877,-0.06325411796569824,0.008178355172276497,-0.10449064522981644,-0.2932160496711731,0.02773759700357914,-0.033219631761312485,0.03501085564494133,0.0,0.0,-0.0047828578390181065,0.1273074597120285,0.01259949803352356,0.007479301653802395,-0.2225349396467209,0.26232650876045227,-0.0482935756444931,-0.2258119136095047,-1.4613384008407593,-46.960693359375,-0.371977835893631,0.2401489019393921,-0.02584117464721203,-0.021708106622099876,0.05036289617419243,-0.19453942775726318,0.028561944141983986,12.115650177001953,10.25821590423584,12.432680130004883,12.099751472473145,-0.04139648377895355,0.026064453646540642,0.036796875298023224,-0.03066406212747097,0.0,-0.05120356008410454,0.0402936190366745,0.04609666019678116,-0.0380612351000309,0.0,-0.4038328528404236,0.15081416070461273,-9.735936164855957,-0.041056711226701736,-0.2656978964805603,-8.538308143615723,0.0,0.0,0.0,0.0,0.0,0.0,0.0,0.0,0.0,0.0,0.0,0.0,-0.04994360730051994,0.03882560506463051,0.04502689093351364,-0.03643731027841568,0.28449612855911255,0.2441956251859665,0.292121946811676,0.28256791830062866,-1.4036266803741455,0.6037326455116272,0.15065884590148926,0.0,0.0,0.0,0.0,0.0,0.0,0.0
19306260574,0,-0.004023462533950806,0.011106486432254314,-0.5510351061820984,6.569455581484362e-05,-0.04113857448101044,-0.8442511558532715,0.009738106280565262,0.016693413257598877,-0.06325411796569824,0.008762674406170845,-0.10525635629892349,-0.29221010208129883,0.02773759700357914,-0.033219631761312485,0.03501085564494133,0.0,0.0,-0.0047828578390181065,0.1273074597120285,0.01259949803352356,0.007479301653802395,-0.2225349396467209,0.26232650876045227,-0.0482935756444931,-0.22982189059257507,-1.455211877822876,-46.880393981933594,-0.3515215218067169,0.24344927072525024,-0.021816618740558624,-0.02169852703809738,0.05778855085372925,-0.19715259969234467,0.029315248131752014,12.115650177001953,10.25821590423584,12.432680130004883,12.099751472473145,-0.039863280951976776,0.026064453646540642,0.038330078125,-0.03066406212747097,0.0,-0.05114086717367172,0.03994499146938324,0.04603723809123039,-0.03776397183537483,0.0,-0.4038328528404236,0.15081416070461273,-9.735936164855957,-0.043848663568496704,-0.2664373219013214,-8.502506256103516,0.0,0.0,0.0,0.0,0.0,0.0,0.0,0.0,0.0,0.0,0.0,0.0,-0.050658561289310455,0.03964903578162193,0.04558122903108597,-0.03716732934117317,0.2829362154006958,0.2463681995868683,0.2891078591346741,0.28262612223625183,-1.4036266803741455,0.6037326455116272,0.15065884590148926,0.0,0.0,0.0,0.0,0.0,0.0,0.0
19316505040,0,-0.004315620753914118,0.011489341035485268,-0.5520410537719727,6.569455581484362e-05,-0.04113857448101044,-0.8442511558532715,0.011859643273055553,0.015944672748446465,-0.06736769527196884,0.008762674406170845,-0.10525635629892349,-0.29221010208129883,0.029714234173297882,-0.03320601209998131,0.035177621990442276,0.0,0.0,-0.0047828578390181065,0.1273074597120285,0.01259949803352356,0.007479301653802395,-0.24121153354644775,0.261121541261673,-0.04748827591538429,-0.24116764962673187,-1.4654052257537842,-46.76378631591797,-0.33836260437965393,0.24791622161865234,-0.017403675243258476,-0.021701594814658165,0.06153770163655281,-0.1985175609588623,0.029660409316420555,12.004326820373535,10.35200309753418,12.265604019165039,12.168037414550781,-0.039863280951976776,0.026064453646540642,0.038330078125,-0.03373046964406967,0.0,-0.05225103721022606,0.03954320400953293,0.04728606343269348,-0.03751872107386589,0.0,-0.14070913195610046,-0.18001031875610352,-10.103485107421875,-0.043848663568496704,-0.2664373219013214,-8.502506256103516,0.0,0.0,0.0,0.0,0.0,0.0,0.0,0.0,0.0,0.0,0.0,0.0,-0.05115329101681709,0.040106166154146194,0.045998360961675644,-0.03763885796070099,0.28076431155204773,0.24823178350925446,0.2858578860759735,0.28395745158195496,-1.4036266803741455,0.6037326455116272,0.15065884590148926,0.0,0.0,0.0,0.0,0.0,0.0,0.0
19326551404,0,-0.004427300300449133,0.01167768333107233,-0.552545428276062,6.569455581484362e-05,-0.04113857448101044,-0.8442511558532715,0.012852348387241364,0.017850369215011597,-0.06588765978813171,0.00898603443056345,-0.10563304275274277,-0.2917057275772095,0.030544545501470566,-0.03308739513158798,0.03507109358906746,0.0,0.0,-0.0047828578390181065,0.09448591619729996,0.011691357009112835,0.00600699195638299,-0.24815373122692108,0.26070886850357056,-0.047755178064107895,-0.25049880146980286,-1.493178367614746,-46.821632385253906,-0.3281702697277069,0.24553485214710236,-0.020313771441578865,-0.021712636575102806,0.06463371217250824,-0.1996763050556183,0.02993793971836567,12.104619979858398,10.312843322753906,12.34062671661377,12.091123580932617,-0.039863280951976776,0.027597656473517418,0.039863280951976776,-0.036796875298023224,0.0,-0.05290396139025688,0.040325019508600235,0.04806162044405937,-0.038298141211271286,0.0,-0.19776371121406555,0.037086695432662964,-10.073479652404785,-0.04554523527622223,-0.27148696780204773,-8.51302433013916,0.0,0.0,0.0,0.0,0.0,0.0,0.0,0.0,0.0,0.0,0.0,0.0,-0.05157807469367981,0.04028170555830002,0.04641929641366005,-0.03789585828781128,0.28076431155204773,0.24823178350925446,0.2858578860759735,0.28395745158195496,-1.4983606338500977,0.14209309220314026,0.13291238248348236,0.0,0.0,0.0,0.0,0.0,0.0,0.0
19336285797,0,-0.004427300300449133,0.01167768333107233,-0.552545428276062,6.569455581484362e-05,-0.04113857448101044,-0.8442511558532715,0.012852348387241364,0.017850369215011597,-0.06588765978813171,0.009276991710066795,-0.10621853917837143,-0.2907121181488037,0.030544545501470566,-0.03308739513158798,0.03507109358906746,0.0,0.0,-0.0047828578390181065,0.07611056417226791,0.01774492859840393,0.005663823802024126,-0.24815373122692108,0.26070886850357056,-0.047755178064107895,-0.2711390256881714,-1.515682578086853,-47.11665725708008,-0.31867659091949463,0.23610138893127441,-0.01974477246403694,-0.021735787391662598,0.06810148060321808,-0.2009643316268921,0.030282393097877502,12.163959503173828,10.430686950683594,12.400412559509277,12.149657249450684,-0.04139648377895355,0.029130859300494194,0.039863280951976776,-0.038330078125,0.0,-0.05390351265668869,0.03993000090122223,0.04905925691127777,-0.038169898092746735,0.0,-0.19776371121406555,0.037086695432662964,-10.073479652404785,-0.0492980033159256,-0.27557864785194397,-8.566664695739746,0.0,0.0,0.0,0.0,0.0,0.0,0.0,0.0,0.0,0.0,0.0,0.0,-0.05204763635993004,0.04032174497842789,0.04693961143493652,-0.038054611533880234,0.2838779091835022,0.24979367852210999,0.2884807586669922,0.2835991084575653,-1.5427407026290894,0.33469218015670776,0.09370476752519608,0.0,0.0,0.0,0.0,0.0,0.0,0.0
19346853704,0,-0.004572778008878231,0.011970431543886662,-0.5535390377044678,6.569455581484362e-05,-0.04113857448101044,-0.8442511558532715,0.014933464117348194,0.01889583095908165,-0.058613285422325134,0.009276991710066795,-0.10621853917837143,-0.2907121181488037,0.031282395124435425,-0.032425910234451294,0.03475915640592575,0.0,0.0,-0.0047828578390181065,0.030520744621753693,0.019998501986265182,-0.0020671826787292957,-0.2579934298992157,0.2571932375431061,-0.04839419201016426,-0.30587777495384216,-1.5692275762557983,-47.472747802734375,-0.26421287655830383,0.23355990648269653,-0.010426819324493408,-0.021805331110954285,0.07396459579467773,-0.20308084785938263,0.030789190903306007,12.097654342651367,10.841851234436035,12.178592681884766,12.383888244628906,-0.04139648377895355,0.029130859300494194,0.04139648377895355,-0.038330078125,0.0,-0.056789569556713104,0.03902170807123184,0.05251364782452583,-0.0379909910261631,0.0,-0.19776371121406555,0.037086695432662964,-10.073479652404785,-0.0492980033159256,-0.27557864785194397,-8.566664695739746,0.0,0.0,0.0,0.0,0.0,0.0,0.0,0.0,0.0,0.0,0.0,0.0,-0.052708059549331665,0.04024547338485718,0.04769997298717499,-0.03815162181854248,0.282585471868515,0.2579348683357239,0.28416314721107483,0.2881593108177185,-2.067110300064087,-0.028748225420713425,-0.23446707427501678,0.0,0.0,0.0,0.0,0.0,0.0,0.0
19356092605,0,-0.0047852578572928905,0.012383639812469482,-0.5548427104949951,6.569455581484362e-05,-0.04113857448101044,-0.8442511558532715,0.01640484668314457,0.028310373425483704,-0.04738693684339523,0.009701953269541264,-0.10704496502876282,-0.28940844535827637,0.031791795045137405,-0.03236683830618858,0.03453609719872475,0.0,0.0,-0.0047828578390181065,0.0013858610764145851,0.010319935157895088,-0.003760849591344595,-0.2546772062778473,0.2553170919418335,-0.04778745770454407,-0.30587777495384216,-1.5692275762557983,-47.472747802734375,-0.26421287655830383,0.23355990648269653,-0.010426819324493408,-0.021805331110954285,0.07396459579467773,-0.20308084785938263,0.030789190903306007,12.16197681427002,10.918323516845703,12.088626861572266,12.386606216430664,-0.04292968660593033,0.03066406212747097,0.04292968660593033,-0.038330078125,0.0,-0.056488893926143646,0.038748256862163544,0.052904825657606125,-0.037982650101184845,0.0,-0.11704523116350174,0.04791254177689552,-9.45750904083252,-0.05270596593618393,-0.29720157384872437,-8.640669822692871,0.0,0.0,0.0,0.0,0.0,0.0,0.0,0.0,0.0,0.0,0.0,0.0,-0.053639005869627,0.04001143202185631,0.048820868134498596,-0.03817756101489067,0.282585471868515,0.2579348683357239,0.28416314721107483,0.2881593108177185,-2.304269790649414,-0.4824508726596832,-0.2011176347732544,0.0,0.0,0.0,0.0,0.0,0.0,0.0
19367013255,0,-0.0047852578572928905,0.012383639812469482,-0.5548427104949951,6.569455581484362e-05,-0.04113857448101044,-0.8442511558532715,0.01640484668314457,0.028310373425483704,-0.04738693684339523,0.009701953269541264,-0.10704496502876282,-0.28940844535827637,0.031791795045137405,-0.03236683830618858,0.03453609719872475,0.0,0.0,-0.0047828578390181065,0.0013858610764145851,0.010319935157895088,-0.003760849591344595,-0.2546772062778473,0.2553170919418335,-0.04778745770454407,-0.2898828089237213,-1.6346086263656616,-47.523685455322266,-0.22691738605499268,0.2471521496772766,-0.009389566257596016,-0.021851951256394386,0.07663985341787338,-0.20430676639080048,0.030975840985774994,12.16197681427002,10.918323516845703,12.088626861572266,12.386606216430664,-0.04139648377895355,0.03066406212747097,0.04292968660593033,-0.038330078125,0.0,-0.0579310804605484,0.04138082265853882,0.05434708669781685,-0.04031125456094742,0.0,-0.11704523116350174,0.04791254177689552,-9.45750904083252,-0.05270596593618393,-0.29720157384872437,-8.640669822692871,0.0,0.0,0.0,0.0,0.0,0.0,0.0,0.0,0.0,0.0,0.0,0.0,-0.05470313876867294,0.03979729861021042,0.05017422139644623,-0.03826216235756874,0.28383925557136536,0.2594452500343323,0.28240931034088135,0.2882121801376343,-2.304269790649414,-0.4824508726596832,-0.2011176347732544,0.0,0.0,0.0,0.0,0.0,0.0,0.0
19376153063,0,-0.00487069645896554,0.012531839311122894,-0.5552341938018799,6.569455581484362e-05,-0.04113857448101044,-0.8442511558532715,0.016806384548544884,0.037039902061223984,-0.0446721613407135,0.009872831404209137,-0.10734136402606964,-0.2890169620513916,0.031706973910331726,-0.03241274505853653,0.03456170856952667,0.0,0.0,-0.0047828578390181065,-0.05052877962589264,0.0018233139999210835,0.0001374217972625047,-0.25400713086128235,0.2556859850883484,-0.0478174053132534,-0.30948686599731445,-1.7674976587295532,-47.66868591308594,-0.1651427447795868,0.2561248242855072,-0.014582987874746323,-0.021953795105218887,0.07663985341787338,-0.20430676639080048,0.030975840985774994,12.438335418701172,10.905959129333496,12.146245002746582,12.212861061096191,-0.04139648377895355,0.029130859300494194,0.04292968660593033,-0.036796875298023224,0.0,-0.06099352613091469,0.04509355127811432,0.05852571874856949,-0.044176626950502396,0.0,-0.23666368424892426,0.20575715601444244,-9.679938316345215,-0.053987644612789154,-0.3154587745666504,-8.655957221984863,0.0,0.0,0.0,0.0,0.0,0.0,0.0,0.0,0.0,0.0,0.0,0.0,-0.05589687451720238,0.04003401845693588,0.05173605680465698,-0.03875277563929558,0.28383925557136536,0.2594452500343323,0.28240931034088135,0.2882121801376343,-2.4469571113586426,-0.43914735317230225,0.05676046013832092,0.0,0.0,0.0,0.0,0.0,0.0,0.0
19386208338,0,-0.004997887182980776,0.01287931390106678,-0.5559956431388855,6.569455581484362e-05,-0.04113857448101044,-0.8442511558532715,0.01972394436597824,0.039146266877651215,-0.04234171286225319,0.010127213783562183,-0.10803631693124771,-0.288255512714386,0.029963895678520203,-0.032131459563970566,0.034596946090459824,0.0,0.0,-0.0047828578390181065,-0.05052877962589264,0.0018233139999210835,0.0001374217972625047,-0.25400713086128235,0.2556859850883484,-0.0478174053132534,-0.30948686599731445,-1.7674976587295532,-47.66868591308594,-0.1651427447795868,0.2561248242855072,-0.014582987874746323,-0.021953795105218887,0.08064224570989609,-0.2068019062280655,0.031369898468256,12.438335418701172,10.905959129333496,12.146245002746582,12.212861061096191,-0.04139648377895355,0.029130859300494194,0.04292968660593033,-0.038330078125,0.0,-0.06099352613091469,0.04509355127811432,0.05852571874856949,-0.044176626950502396,0.0,-0.20312702655792236,0.07610036432743073,-9.361851692199707,-0.059514738619327545,-0.3204030990600586,-8.667996406555176,0.0,0.0,0.0,0.0,0.0,0.0,0.0,0.0,0.0,0.0,0.0,0.0,-0.05728316307067871,0.04091278463602066,0.053564295172691345,-0.03981659561395645,0.28921785950660706,0.2592011094093323,0.28353267908096313,0.2848306894302368,-2.4469571113586426,-0.43914735317230225,0.05676046013832092,0.0,0.0,0.0,0.0,0.0,0.0,0.0
19396280896,0,-0.004997887182980776,0.01287931390106678,-0.5559956431388855,6.569455581484362e-05,-0.04113857448101044,-0.8442511558532715,0.01972394436597824,0.039146266877651215,-0.04234171286225319,0.010127213783562183,-0.10803631693124771,-0.288255512714386,0.029963895678520203,-0.032131459563970566,0.034596946090459824,0.0,0.0,-0.0047828578390181065,-0.07977951318025589,-0.0011088266037404537,0.003382090013474226,-0.2401410937309265,0.25355666875839233,-0.04782148450613022,-0.3273310661315918,-1.7622170448303223,-47.673980712890625,-0.12293566763401031,0.2580852806568146,-0.017833516001701355,-0.022020474076271057,0.08224835246801376,-0.20820486545562744,0.03166224807500839,12.59049129486084,10.88767147064209,12.160958290100098,12.071608543395996,-0.04292968660593033,0.029130859300494194,0.044462889432907104,-0.039863280951976776,0.0,-0.060614727437496185,0.044411011040210724,0.05881476774811745,-0.04402194544672966,0.0,-0.20312702655792236,0.07610036432743073,-9.361851692199707,-0.059514738619327545,-0.3204030990600586,-8.667996406555176,0.0,0.0,0.0,0.0,0.0,0.0,0.0,0.0,0.0,0.0,0.0,0.0,-0.05863214656710625,0.042084950953722,0.055392295122146606,-0.0411372072994709,0.2921728193759918,0.258839875459671,0.2838194668292999,0.282077431678772,-2.5724871158599854,-0.3604181110858917,0.135616734623909,0.0,0.0,0.0,0.0,0.0,0.0,0.0
19406373020,0,-0.005035552196204662,0.013077792711555958,-0.556381106376648,6.569455581484362e-05,-0.04113857448101044,-0.8442511558532715,0.018335653468966484,0.03202751651406288,-0.04238978773355484,0.010202544741332531,-0.10843327641487122,-0.28787004947662354,0.02849087119102478,-0.032097477465867996,0.03472640737891197,0.0,0.0,-0.0047828578390181065,-0.14209029078483582,-0.007797356694936752,0.005601570475846529,-0.2262561321258545,0.25505170226097107,-0.04833156242966652,-0.33575451374053955,-1.6474289894104004,-47.54985046386719,-0.03129114955663681,0.2675057351589203,-0.018058013170957565,-0.022175215184688568,0.08224835246801376,-0.20820486545562744,0.03166224807500839,12.720048904418945,10.976578712463379,11.979703903198242,11.908175468444824,-0.04292968660593033,0.029130859300494194,0.04599609225988388,-0.04139648377895355,0.0,-0.05704837292432785,0.040063586086034775,0.05654720216989517,-0.040979161858558655,0.0,-0.5754104256629944,-0.35715311765670776,-9.281253814697266,-0.05613649636507034,-0.30647170543670654,-8.668599128723145,0.0,0.0,0.0,0.0,0.0,0.0,0.0,0.0,0.0,0.0,0.0,0.0,-0.05951438099145889,0.04292159527540207,0.05680491775274277,-0.04218578338623047,0.2921728193759918,0.258839875459671,0.2838194668292999,0.282077431678772,-3.0014476776123047,-0.35820794105529785,-0.023284045979380608,0.0,0.0,0.0,0.0,0.0,0.0,0.0
19416060368,0,-0.005114132072776556,0.013276317156851292,-0.5571177005767822,6.569455581484362e-05,-0.04113857448101044,-0.8442511558532715,0.024160047993063927,0.027012299746274948,-0.0498833991587162,0.010359705425798893,-0.10883032530546188,-0.28713345527648926,0.02533450722694397,-0.03242110460996628,0.03510966897010803,0.0,0.0,-0.0047828578390181065,-0.14209029078483582,-0.007797356694936752,0.005601570475846529,-0.2262561321258545,0.25505170226097107,-0.04833156242966652,-0.33575451374053955,-1.6474289894104004,-47.54985046386719,-0.03129114955663681,0.2675057351589203,-0.018058013170957565,-0.022175215184688568,0.08395758271217346,-0.2108946591615677,0.03234945237636566,12.720048904418945,10.976578712463379,11.979703903198242,11.908175468444824,-0.04292968660593033,0.03066406212747097,0.04599609225988388,-0.04139648377895355,0.0,-0.05704837292432785,0.040063586086034775,0.05654720216989517,-0.040979161858558655,0.0,-0.07122907042503357,-0.11006896942853928,-9.78634262084961,-0.06691090017557144,-0.29514428973197937,-8.611539840698242,0.0,0.0,0.0,0.0,0.0,0.0,0.0,0.0,0.0,0.0,0.0,0.0,-0.0596577487885952,0.04300624132156372,0.05755670741200447,-0.04261920228600502,0.2946852743625641,0.26059484481811523,0.2802836000919342,0.2788862884044647,-3.0014476776123047,-0.35820794105529785,-0.023284045979380608,0.0,0.0,0.0,0.0,0.0,0.0,0.0
19426282795,0,-0.005114132072776556,0.013276317156851292,-0.5571177005767822,6.569455581484362e-05,-0.04113857448101044,-0.8442511558532715,0.024160047993063927,0.027012299746274948,-0.0498833991587162,0.010359705425798893,-0.10883032530546188,-0.28713345527648926,0.02533450722694397,-0.03242110460996628,0.03510966897010803,0.0,0.0,-0.0047828578390181065,-0.14209029078483582,-0.007797356694936752,0.005601570475846529,-0.19915519654750824,0.25580206513404846,-0.047899775207042694,-0.35603249073028564,-1.6289644241333008,-47.042152404785156,0.03634911775588989,0.25766393542289734,-0.00658801943063736,-0.02238076739013195,0.0840008407831192,-0.21384119987487793,0.03288974612951279,12.394834518432617,11.256599426269531,11.478404998779297,11.949353218078613,-0.04139648377895355,0.029130859300494194,0.04752929508686066,-0.04139648377895355,0.0,-0.058616768568754196,0.03782883659005165,0.05905606225132942,-0.039709363132715225,0.0,-0.07122907042503357,-0.11006896942853928,-9.78634262084961,-0.06691090017557144,-0.29514428973197937,-8.611539840698242,0.0,0.0,0.0,0.0,0.0,0.0,0.0,0.0,0.0,0.0,0.0,0.0,-0.059319108724594116,0.04240177571773529,0.05785590410232544,-0.04247115179896355,0.28837236762046814,0.2661115825176239,0.27046987414360046,0.2796909213066101,-3.0014476776123047,-0.35820794105529785,-0.023284045979380608,0.0,0.0,0.0,0.0,0.0,0.0,0.0
19436586293,0,-0.005158495157957077,0.013583334162831306,-0.5582571625709534,6.569455581484362e-05,-0.04113857448101044,-0.8442511558532715,0.023363342508673668,0.02792101912200451,-0.057391103357076645,0.010448431596159935,-0.10944436490535736,-0.2859939932823181,0.020435653626918793,-0.03221353888511658,0.035032257437705994,0.0,0.0,-0.0047828578390181065,-0.14209029078483582,-0.007797356694936752,0.005601570475846529,-0.164448544383049,0.2547881305217743,-0.04816388338804245,-0.35603249073028564,-1.6289644241333008,-47.042152404785156,0.03634911775588989,0.25766393542289734,-0.00658801943063736,-0.02238076739013195,0.0840008407831192,-0.21384119987487793,0.03288974612951279,12.394834518432617,11.256599426269531,11.478404998779297,11.949353218078613,-0.04139648377895355,0.03066406212747097,0.04906250163912773,-0.04139648377895355,0.0,-0.058616768568754196,0.03782883659005165,0.05905606225132942,-0.039709363132715225,0.0,-0.23225097358226776,-0.06362242996692657,-9.389389038085938,-0.06463931500911713,-0.29599529504776,-8.567178726196289,0.0,0.0,0.0,0.0,0.0,0.0,0.0,0.0,0.0,0.0,0.0,0.0,-0.05895061045885086,0.041363753378391266,0.058108776807785034,-0.041947294026613235,0.28837236762046814,0.2661115825176239,0.27046987414360046,0.2796909213066101,-3.0014476776123047,-0.35820794105529785,-0.023284045979380608,0.0,0.0,0.0,0.0,0.0,0.0,0.0
19446047483,0,-0.005158495157957077,0.013583334162831306,-0.5582571625709534,6.569455581484362e-05,-0.04113857448101044,-0.8442511558532715,0.023363342508673668,0.02792101912200451,-0.057391103357076645,0.010448431596159935,-0.10944436490535736,-0.2859939932823181,0.020435653626918793,-0.03221353888511658,0.035032257437705994,0.0,0.0,-0.0047828578390181065,-0.1926199495792389,0.0006955773569643497,-0.006418613251298666,-0.164448544383049,0.2547881305217743,-0.04816388338804245,-0.3555162250995636,-1.6279741525650024,-47.119483947753906,0.05162277817726135,0.2519681453704834,-0.003979897126555443,-0.022473830729722977,0.08363483101129532,-0.2150132954120636,0.03301357477903366,12.363472938537598,11.373690605163574,11.41874885559082,12.002229690551758,-0.044462889432907104,0.03066406212747097,0.05059570446610451,-0.04292968660593033,0.0,-0.05873066931962967,0.03741556406021118,0.05930936709046364,-0.03952875733375549,0.0,-0.23225097358226776,-0.06362242996692657,-9.389389038085938,-0.06463931500911713,-0.29599529504776,-8.567178726196289,0.0,0.0,0.0,0.0,0.0,0.0,0.0,0.0,0.0,0.0,0.0,0.0,-0.05871303007006645,0.04018188640475273,0.058419618755578995,-0.04126836732029915,0.2877623438835144,0.2684136927127838,0.2692987322807312,0.2807232141494751,-1.6404407024383545,0.31196367740631104,-0.43971142172813416,0.0,0.0,0.0,0.0,0.0,0.0,0.0
19456537683,0,-0.005168713163584471,0.013691803440451622,-0.5586498379707336,6.569455581484362e-05,-0.04113857448101044,-0.8442511558532715,0.022256307303905487,0.029918624088168144,-0.05386899411678314,0.010468867607414722,-0.10966131091117859,-0.28560131788253784,0.01858866959810257,-0.03199684992432594,0.034763775765895844,0.0,0.0,-0.0047828578390181065,-0.19853445887565613,0.005428350530564785,-0.009441394358873367,-0.14974358677864075,0.2531901001930237,-0.047804173082113266,-0.3442477583885193,-1.6495839357376099,-47.29399490356445,0.06580644100904465,0.246488556265831,-0.0018393807113170624,-0.022582845762372017,0.08363483101129532,-0.2150132954120636,0.03301357477903366,12.366446495056152,11.502138137817383,11.395960807800293,12.068613052368164,-0.04599609225988388,0.03066406212747097,0.052128907293081284,-0.044462889432907104,0.0,-0.05902227759361267,0.03799855709075928,0.05973908305168152,-0.040285006165504456,0.0,-0.3841952383518219,0.021467093378305435,-9.38850212097168,-0.06259050220251083,-0.2999243438243866,-8.598908424377441,0.0,0.0,0.0,0.0,0.0,0.0,0.0,0.0,0.0,0.0,0.0,0.0,-0.05860763415694237,0.0391361266374588,0.05874481424689293,-0.040656678378582,0.2877623438835144,0.2684136927127838,0.2692987322807312,0.2807232141494751,-1.1631245613098145,0.39144375920295715,-0.4201003611087799,0.0,0.0,0.0,0.0,0.0,0.0,0.0
19466589948,0,-0.005170749966055155,0.01380735170096159,-0.5590510964393616,6.569455581484362e-05,-0.04113857448101044,-0.8442511558532715,0.022262724116444588,0.025822415947914124,-0.04863625392317772,0.01047294121235609,-0.10989240556955338,-0.2852000594139099,0.016561858355998993,-0.03188583254814148,0.03446092829108238,0.0,0.0,-0.0047828578390181065,-0.2066429704427719,0.003077954053878784,-0.009793562814593315,-0.13361407816410065,0.2524428069591522,-0.04740128666162491,-0.34387651085853577,-1.6036224365234375,-47.53510284423828,0.10619919747114182,0.2482561469078064,-0.0021669920533895493,-0.02269086241722107,0.08216827362775803,-0.2175268679857254,0.033111538738012314,12.4922456741333,11.565324783325195,11.435193061828613,12.081225395202637,-0.04599609225988388,0.032197266817092896,0.052128907293081284,-0.044462889432907104,0.0,-0.05712316930294037,0.03638603165745735,0.058088596910238266,-0.0389174222946167,0.0,-0.3457295596599579,-0.14625413715839386,-9.51185417175293,-0.0625229999423027,-0.29156771302223206,-8.642745971679688,0.0,0.0,0.0,0.0,0.0,0.0,0.0,0.0,0.0,0.0,0.0,0.0,-0.058531247079372406,0.03831060975790024,0.058992255479097366,-0.04018928110599518,0.2877623438835144,0.2684136927127838,0.2692987322807312,0.2807232141494751,-1.0878796577453613,0.11180504411458969,-0.30069828033447266,0.0,0.0,0.0,0.0,0.0,0.0,0.0
19476620929,0,-0.005170749966055155,0.01380735170096159,-0.5590510964393616,6.569455581484362e-05,-0.04113857448101044,-0.8442511558532715,0.022262724116444588,0.025822415947914124,-0.04863625392317772,0.010423637926578522,-0.11004380881786346,-0.2843840718269348,0.016561858355998993,-0.03188583254814148,0.03446092829108238,0.0,0.0,-0.0047828578390181065,-0.2066429704427719,0.003077954053878784,-0.009793562814593315,-0.13361407816410065,0.2524428069591522,-0.04740128666162491,-0.34387651085853577,-1.6036224365234375,-47.53510284423828,0.13576889038085938,0.25865837931632996,-0.0024399328976869583,-0.022782547399401665,0.08117539435625076,-0.2186150997877121,0.033122606575489044,12.4922456741333,11.565324783325195,11.435193061828613,12.081225395202637,-0.04599609225988388,0.032197266817092896,0.052128907293081284,-0.044462889432907104,0.0,-0.05713115632534027,0.03637741133570671,0.05807987600564957,-0.03892567753791809,0.0,-0.3901853561401367,-0.35045161843299866,-9.757587432861328,-0.06137160211801529,-0.286722332239151,-8.66771125793457,0.0,0.0,0.0,0.0,0.0,0.0,0.0,0.0,0.0,0.0,0.0,0.0,-0.05832182988524437,0.037623461335897446,0.0590229369699955,-0.03978819027543068,0.2922258973121643,0.2740570902824402,0.26837238669395447,0.2816724479198456,-1.0878796577453613,0.11180504411458969,-0.30069828033447266,0.0,0.0,0.0,0.0,0.0,0.0,0.0
19486517546,0,-0.00514609832316637,0.013883055187761784,-0.5598670840263367,6.569455581484362e-05,-0.04113857448101044,-0.8442511558532715,0.021536557003855705,0.02407223917543888,-0.04559515044093132,0.010423637926578522,-0.11004380881786346,-0.2843840718269348,0.012276770547032356,-0.032299261540174484,0.034197065979242325,0.0,0.0,-0.0047828578390181065,-0.23692099750041962,-0.004990406334400177,-0.005450493190437555,-0.0995706170797348,0.2560007572174072,-0.04700635001063347,-0.34708133339881897,-1.6039690971374512,-47.59798812866211,0.17553533613681793,0.2646474242210388,-0.009296035394072533,-0.022995198145508766,0.07969784736633301,-0.21992127597332,0.03312884643673897,12.829985618591309,11.530423164367676,11.463003158569336,11.820956230163574,-0.04599609225988388,0.03066406212747097,0.05366211012005806,-0.044462889432907104,0.0,-0.055741727352142334,0.036379821598529816,0.05802832916378975,-0.0397171787917614,0.0,-0.3901853561401367,-0.35045161843299866,-9.757587432861328,-0.06137160211801529,-0.286722332239151,-8.66771125793457,0.0,0.0,0.0,0.0,0.0,0.0,0.0,0.0,0.0,0.0,0.0,0.0,-0.05793466046452522,0.0370560884475708,0.05886203423142433,-0.03946790099143982,0.2942936420440674,0.27388712763786316,0.26861584186553955,0.2802782654762268,-0.8279730677604675,-0.1136903464794159,0.10283324122428894,0.0,0.0,0.0,0.0,0.0,0.0,0.0
19496656160,0,-0.005057303234934807,0.013933132402598858,-0.5611719489097595,6.569455581484362e-05,-0.04113857448101044,-0.8442511558532715,0.026210932061076164,0.034410301595926285,-0.050328776240348816,0.01024604681879282,-0.11014396697282791,-0.28307920694351196,0.006758030038326979,-0.032536182552576065,0.03447829931974411,0.0,0.0,-0.0047828578390181065,-0.23692099750041962,-0.004990406334400177,-0.005450493190437555,-0.0995706170797348,0.2560007572174072,-0.04700635001063347,-0.34708133339881897,-1.6039690971374512,-47.59798812866211,0.17553533613681793,0.2646474242210388,-0.009296035394072533,-0.022995198145508766,0.07797318696975708,-0.22123965620994568,0.03317675366997719,12.829985618591309,11.530423164367676,11.463003158569336,11.820956230163574,-0.04752929508686066,0.03066406212747097,0.055195312947034836,-0.04292968660593033,0.0,-0.055741727352142334,0.036379821598529816,0.05802832916378975,-0.0397171787917614,0.0,-0.31289616227149963,-0.2699449062347412,-9.862839698791504,-0.07165125012397766,-0.3049274682998657,-8.632756233215332,0.0,0.0,0.0,0.0,0.0,0.0,0.0,0.0,0.0,0.0,0.0,0.0,-0.05740369111299515,0.03665214776992798,0.05863144248723984,-0.03931985795497894,0.29681476950645447,0.2714906334877014,0.2701675295829773,0.27718132734298706,-0.8279730677604675,-0.1136903464794159,0.10283324122428894,0.0,0.0,0.0,0.0,0.0,0.0,0.0
19506452738,0,-0.005033418070524931,0.013928089290857315,-0.5616306662559509,6.569455581484362e-05,-0.04113857448101044,-0.8442511558532715,0.02820630371570587,0.034433331340551376,-0.051463477313518524,0.010198276489973068,-0.11013387888669968,-0.28262048959732056,0.004845871590077877,-0.032306354492902756,0.034420281648635864,0.0,0.0,-0.0047828578390181065,-0.22230812907218933,0.0022782012820243835,-0.001342123607173562,-0.0995706170797348,0.2560007572174072,-0.04700635001063347,-0.34708133339881897,-1.6039690971374512,-47.59798812866211,0.17553533613681793,0.2646474242210388,-0.009296035394072533,-0.022995198145508766,0.07797318696975708,-0.22123965620994568,0.03317675366997719,12.829985618591309,11.530423164367676,11.463003158569336,11.820956230163574,-0.04752929508686066,0.03066406212747097,0.05672851577401161,-0.04292968660593033,0.0,-0.055741727352142334,0.036379821598529816,0.05802832916378975,-0.0397171787917614,0.0,-0.31289616227149963,-0.2699449062347412,-9.862839698791504,-0.07553502172231674,-0.30404573678970337,-8.62606430053711,0.0,0.0,0.0,0.0,0.0,0.0,0.0,0.0,0.0,0.0,0.0,0.0,-0.056835874915122986,0.03640323504805565,0.05840674787759781,-0.039320364594459534,0.29681476950645447,0.2714906334877014,0.2701675295829773,0.27718132734298706,0.19500982761383057,0.28905534744262695,0.11886104941368103,0.0,0.0,0.0,0.0,0.0,0.0,0.0
19516342108,0,-0.005033418070524931,0.013928089290857315,-0.5616306662559509,6.569455581484362e-05,-0.04113857448101044,-0.8442511558532715,0.02820630371570587,0.034433331340551376,-0.051463477313518524,0.010198276489973068,-0.11013387888669968,-0.28262048959732056,0.004845871590077877,-0.032306354492902756,0.034420281648635864,0.0,0.0,-0.0047828578390181065,-0.22230812907218933,0.0022782012820243835,-0.001342123607173562,-0.0995706170797348,0.2560007572174072,-0.04700635001063347,-0.4154426157474518,-1.672251582145691,-47.44335174560547,0.19338597357273102,0.2497607171535492,-0.012154178693890572,-0.02320224978029728,0.07449512928724289,-0.2235693633556366,0.03341416269540787,12.867263793945312,11.471269607543945,11.491381645202637,11.66022777557373,-0.04906250163912773,0.029130859300494194,0.05672851577401161,-0.04292968660593033,0.0,-0.05935835838317871,0.03654543310403824,0.06207692250609398,-0.04028187319636345,0.0,-0.31289616227149963,-0.2699449062347412,-9.862839698791504,-0.07553502172231674,-0.30404573678970337,-8.62606430053711,0.0,0.0,0.0,0.0,0.0,0.0,0.0,0.0,0.0,0.0,0.0,0.0,-0.05652156099677086,0.03628413751721382,0.05841318517923355,-0.039419885724782944,0.29753607511520386,0.27032992243766785,0.27072468400001526,0.27403509616851807,0.19500982761383057,0.28905534744262695,0.11886104941368103,0.0,0.0,0.0,0.0,0.0,0.0,0.0
19526495657,0,-0.005033418070524931,0.013928089290857315,-0.5616306662559509,6.569455581484362e-05,-0.04113857448101044,-0.8442511558532715,0.02820630371570587,0.034433331340551376,-0.051463477313518524,0.010106708854436874,-0.1100785955786705,-0.2821609377861023,0.004845871590077877,-0.032306354492902756,0.034420281648635864,0.0,0.0,-0.0047828578390181065,-0.2170022875070572,0.0031666886061429977,-0.002560300985351205,-0.026972047984600067,0.25492948293685913,-0.0468992181122303,-0.4398287534713745,-1.6278325319290161,-47.428382873535156,0.2000233232975006,0.2513125538825989,-0.009834393858909607,-0.023319996893405914,0.07252582907676697,-0.2247181385755539,0.03353888541460037,12.81854248046875,11.532232284545898,11.41730785369873,11.707181930541992,-0.04906250163912773,0.03066406212747097,0.05826171860098839,-0.04139648377895355,0.0,-0.05904072895646095,0.0342303141951561,0.06184741109609604,-0.03805169835686684,0.0,-0.1786525696516037,-0.6760551929473877,-10.01474380493164,-0.07996886223554611,-0.29596954584121704,-8.623342514038086,0.0,0.0,0.0,0.0,0.0,0.0,0.0,0.0,0.0,0.0,0.0,0.0,-0.05670895054936409,0.03615934029221535,0.0588950514793396,-0.039498962461948395,0.2965930700302124,0.27152618765830994,0.26927050948143005,0.27495476603507996,0.2617205083370209,0.19845713675022125,-0.002898928476497531,0.0,0.0,0.0,0.0,0.0,0.0,0.0
19536781327,0,-0.004957829602062702,0.01380143966525793,-0.5625584721565247,6.569455581484362e-05,-0.04113857448101044,-0.8442511558532715,0.029700443148612976,0.028056705370545387,-0.055430393666028976,0.010047098621726036,-0.10988058149814606,-0.2816926836967468,0.0005799024947918952,-0.03203590214252472,0.03420591354370117,0.0,0.0,-0.0047828578390181065,-0.2170022875070572,0.0031666886061429977,-0.002560300985351205,-0.006594658829271793,0.2546311020851135,-0.04679118096828461,-0.42527344822883606,-1.5025473833084106,-47.12718963623047,0.1901361346244812,0.2407960295677185,-0.007250715047121048,-0.023543598130345345,0.06875390559434891,-0.2267138808965683,0.03366956487298012,12.64932632446289,11.521305084228516,11.309327125549316,11.695998191833496,-0.04906250163912773,0.03066406212747097,0.059794921427965164,-0.04139648377895355,0.0,-0.0559355691075325,0.030841929838061333,0.058037515729665756,-0.034759461879730225,0.0,-0.43928369879722595,-0.6611767411231995,-10.081099510192871,-0.07792681455612183,-0.2889738976955414,-8.601263999938965,0.0,0.0,0.0,0.0,0.0,0.0,0.0,0.0,0.0,0.0,0.0,0.0,-0.05710279569029808,0.0356924906373024,0.059511661529541016,-0.03922179713845253,0.2933141887187958,0.27131158113479614,0.26714858412742615,0.2747357189655304,0.2617205083370209,0.19845713675022125,-0.002898928476497531,0.0,0.0,0.0,0.0,0.0,0.0,0.0
19546679843,0,-0.004878348205238581,0.013612915761768818,-0.5635411739349365,6.569455581484362e-05,-0.04113857448101044,-0.8442511558532715,0.029542438685894012,0.014561976306140423,-0.06340979784727097,0.009888134896755219,-0.10950352996587753,-0.28070998191833496,-0.0028143678791821003,-0.031537145376205444,0.03416871652007103,0.0,0.0,-0.0047828578390181065,-0.16889825463294983,0.024677997455000877,-0.005120478570461273,0.02041435055434704,0.25087684392929077,-0.046682290732860565,-0.42527344822883606,-1.5025473833084106,-47.12718963623047,0.1901361346244812,0.2407960295677185,-0.007250715047121048,-0.023543598130345345,0.06875390559434891,-0.2267138808965683,0.03366956487298012,12.571052551269531,11.51840877532959,11.337983131408691,11.634060859680176,-0.04906250163912773,0.03066406212747097,0.059794921427965164,-0.04139648377895355,0.0,-0.05628423020243645,0.030849693343043327,0.05789065733551979,-0.0349445715546608,0.0,-0.3027830123901367,-0.13654190301895142,-10.041624069213867,-0.07623699307441711,-0.25999435782432556,-8.547686576843262,0.0,0.0,0.0,0.0,0.0,0.0,0.0,0.0,0.0,0.0,0.0,0.0,-0.05724043771624565,0.03472449630498886,0.05971188098192215,-0.03842247650027275,0.2933141887187958,0.27131158113479614,0.26714858412742615,0.2747357189655304,1.4808812141418457,0.9106646776199341,-0.010774098336696625,0.0,0.0,0.0,0.0,0.0,0.0,0.0
19556661701,0,-0.004878348205238581,0.013612915761768818,-0.5635411739349365,6.569455581484362e-05,-0.04113857448101044,-0.8442511558532715,0.029542438685894012,0.014561976306140423,-0.06340979784727097,0.009804771281778812,-0.10931406915187836,-0.2801932096481323,-0.0028143678791821003,-0.031537145376205444,0.03416871652007103,0.0,0.0,-0.0047828578390181065,-0.16889825463294983,0.024677997455000877,-0.005120478570461273,0.02041435055434704,0.25087684392929077,-0.046682290732860565,-0.4193034768104553,-1.4299689531326294,-47.01227569580078,0.18229620158672333,0.21308186650276184,-0.007388448342680931,-0.02366400510072708,0.06686169654130936,-0.22758010029792786,0.033695146441459656,12.571052551269531,11.51840877532959,11.337983131408691,11.634060859680176,-0.04906250163912773,0.03066406212747097,0.059794921427965164,-0.04139648377895355,0.0,-0.05408215522766113,0.028792882338166237,0.05542578175663948,-0.03293047472834587,0.0,-0.38292863965034485,0.031493961811065674,-9.92443561553955,-0.0705808699131012,-0.2533329725265503,-8.532758712768555,0.0,0.0,0.0,0.0,0.0,0.0,0.0,0.0,0.0,0.0,0.0,0.0,-0.057014018297195435,0.03343817591667175,0.0593673512339592,-0.03728614002466202,0.29179561138153076,0.27125492691993713,0.26771169900894165,0.27352237701416016,1.4808812141418457,0.9106646776199341,-0.010774098336696625,0.0,0.0,0.0,0.0,0.0,0.0,0.0
19566251910,0,-0.004836666397750378,0.013518188148736954,-0.5640579462051392,6.569455581484362e-05,-0.04113857448101044,-0.8442511558532715,0.026934105902910233,0.0114793311804533,-0.06598629802465439,0.009804771281778812,-0.10931406915187836,-0.2801932096481323,-0.0037908328231424093,-0.031025005504488945,0.034170590341091156,0.0,0.0,-0.0047828578390181065,-0.1229189857840538,0.05877016484737396,0.0035259095020592213,0.028206773102283478,0.24686650931835175,-0.04666740447282791,-0.39824211597442627,-1.3702293634414673,-46.87983322143555,0.142044797539711,0.16440360248088837,-0.018089424818754196,-0.023888234049081802,0.06390998512506485,-0.22835689783096313,0.033842604607343674,12.67069149017334,11.229410171508789,11.710010528564453,11.321227073669434,-0.04906250163912773,0.03066406212747097,0.059794921427965164,-0.04292968660593033,0.0,-0.0514179989695549,0.028294112533330917,0.051199398934841156,-0.03265375271439552,0.0,-0.38292863965034485,0.031493961811065674,-9.92443561553955,-0.0705808699131012,-0.2533329725265503,-8.532758712768555,0.0,0.0,0.0,0.0,0.0,0.0,0.0,0.0,0.0,0.0,0.0,0.0,-0.05634033679962158,0.03202023729681969,0.058389317244291306,-0.036003682762384415,0.2937285006046295,0.26557645201683044,0.2750100791454315,0.26738250255584717,1.8993511199951172,1.4765520095825195,0.4168989062309265,0.0,0.0,0.0,0.0,0.0,0.0,0.0
19576872930,0,-0.004752497188746929,0.013396291062235832,-0.5651379227638245,6.569455581484362e-05,-0.04113857448101044,-0.8442511558532715,0.0286419577896595,0.00830021221190691,-0.0674162209033966,0.00963643193244934,-0.10907027870416641,-0.279113233089447,-0.005030325148254633,-0.02989206649363041,0.03436858952045441,0.0,0.0,-0.0047828578390181065,-0.1229189857840538,0.05877016484737396,0.0035259095020592213,0.028206773102283478,0.24686650931835175,-0.04666740447282791,-0.39824211597442627,-1.3702293634414673,-46.87983322143555,0.142044797539711,0.16440360248088837,-0.018089424818754196,-0.023888234049081802,0.06390998512506485,-0.22835689783096313,0.033842604607343674,12.67069149017334,11.229410171508789,11.710010528564453,11.321227073669434,-0.05059570446610451,0.029130859300494194,0.059794921427965164,-0.04292968660593033,0.0,-0.0514179989695549,0.028294112533330917,0.051199398934841156,-0.03265375271439552,0.0,-0.38292863965034485,0.031493961811065674,-9.92443561553955,-0.07356038689613342,-0.24605834484100342,-8.529123306274414,0.0,0.0,0.0,0.0,0.0,0.0,0.0,0.0,0.0,0.0,0.0,0.0,-0.055223602801561356,0.030658314004540443,0.056776538491249084,-0.03476756811141968,0.2937285006046295,0.26557645201683044,0.2750100791454315,0.26738250255584717,1.8993511199951172,1.4765520095825195,0.4168989062309265,0.0,0.0,0.0,0.0,0.0,0.0,0.0
19586416851,0,-0.004711460322141647,0.013347858563065529,-0.5657053589820862,6.569455581484362e-05,-0.04113857448101044,-0.8442511558532715,0.028599435463547707,0.011019992642104626,-0.06727287918329239,0.009554357267916203,-0.10897340625524521,-0.2785457968711853,-0.0054619647562503815,-0.029137780889868736,0.03430451825261116,0.0,0.0,-0.0047828578390181065,-0.08756013214588165,0.08010947704315186,0.0065043093636631966,0.05096111446619034,0.22598782181739807,-0.04665307700634003,-0.40418344736099243,-1.3817644119262695,-46.93163299560547,0.11668998748064041,0.13407659530639648,-0.01839732751250267,-0.02412934973835945,0.06390998512506485,-0.22835689783096313,0.033842604607343674,12.605730056762695,11.242254257202148,11.816378593444824,11.318892478942871,-0.05059570446610451,0.029130859300494194,0.05826171860098839,-0.04292968660593033,0.0,-0.05219484120607376,0.028414452448487282,0.051239483058452606,-0.032858483493328094,0.0,-0.24424567818641663,-0.5062109231948853,-10.110516548156738,-0.07348790019750595,-0.2512298822402954,-8.533023834228516,0.0,0.0,0.0,0.0,0.0,0.0,0.0,0.0,0.0,0.0,0.0,0.0,-0.05400796979665756,0.02955779619514942,0.05495607107877731,-0.033779021352529526,0.2937285006046295,0.26557645201683044,0.2750100791454315,0.26738250255584717,1.713934063911438,1.1728205680847168,0.2750530540943146,0.0,0.0,0.0,0.0,0.0,0.0,0.0
19596196064,0,-0.004666577558964491,0.013348848558962345,-0.5662851929664612,6.569455581484362e-05,-0.04113857448101044,-0.8442511558532715,0.029562555253505707,0.013074485585093498,-0.06733912229537964,0.00946459174156189,-0.10897538810968399,-0.2779659628868103,-0.006042073480784893,-0.028371676802635193,0.03408278524875641,0.0,0.0,-0.0047828578390181065,-0.08756013214588165,0.08010947704315186,0.0065043093636631966,0.05096111446619034,0.22598782181739807,-0.04665307700634003,-0.40418344736099243,-1.3817644119262695,-46.93163299560547,0.11668998748064041,0.13407659530639648,-0.01839732751250267,-0.02412934973835945,0.061499785631895065,-0.2281692624092102,0.03422873467206955,12.605730056762695,11.242254257202148,11.816378593444824,11.318892478942871,-0.052128907293081284,0.029130859300494194,0.059794921427965164,-0.04139648377895355,0.0,-0.05219484120607376,0.028414452448487282,0.051239483058452606,-0.032858483493328094,0.0,-0.050314586609601974,-0.3086793124675751,-9.843408584594727,-0.07534666359424591,-0.2551492154598236,-8.534380912780762,0.0,0.0,0.0,0.0,0.0,0.0,0.0,0.0,0.0,0.0,0.0,0.0,-0.05303969234228134,0.02880001999437809,0.05337308347225189,-0.03311353176832199,0.29246848821640015,0.26582926511764526,0.2770918011665344,0.26733651757240295,1.713934063911438,1.1728205680847168,0.2750530540943146,0.0,0.0,0.0,0.0,0.0,0.0,0.0
19606518724,0,-0.004666577558964491,0.013348848558962345,-0.5662851929664612,6.569455581484362e-05,-0.04113857448101044,-0.8442511558532715,0.029562555253505707,0.013074485585093498,-0.06733912229537964,0.00946459174156189,-0.10897538810968399,-0.2779659628868103,-0.006042073480784893,-0.028371676802635193,0.03408278524875641,0.0,0.0,-0.0047828578390181065,-0.07029317319393158,0.08731308579444885,0.0020544349681586027,0.05550874024629593,0.2201252579689026,-0.04675156623125076,-0.3936645984649658,-1.4021522998809814,-47.015655517578125,0.1111539751291275,0.11660554260015488,-0.012400362640619278,-0.024267137050628662,0.060368187725543976,-0.227777898311615,0.034387167543172836,12.440227508544922,11.432381629943848,11.723450660705566,11.471260070800781,-0.05059570446610451,0.029130859300494194,0.05826171860098839,-0.039863280951976776,0.0,-0.05318281427025795,0.028884869068861008,0.05193125084042549,-0.03338802233338356,0.0,-0.050314586609601974,-0.3086793124675751,-9.843408584594727,-0.07534666359424591,-0.2551492154598236,-8.534380912780762,0.0,0.0,0.0,0.0,0.0,0.0,0.0,0.0,0.0,0.0,0.0,0.0,-0.052453164011240005,0.028377890586853027,0.052232757210731506,-0.03276360034942627,0.28925472497940063,0.2695664167404175,0.27527332305908203,0.27032968401908875,1.6395729780197144,0.9640566110610962,0.0018122774781659245,0.0,0.0,0.0,0.0,0.0,0.0,0.0
19616477225,0,-0.004622010514140129,0.0133963106200099,-0.5668695569038391,6.569455581484362e-05,-0.04113857448101044,-0.8442511558532715,0.02774873375892639,0.012870119884610176,-0.06578513234853745,0.009375456720590591,-0.1090703159570694,-0.2773815989494324,-0.006559124682098627,-0.027584804221987724,0.03380868583917618,0.0,0.0,-0.0047828578390181065,-0.027486475184559822,0.09817787259817123,0.002272660145536065,0.05550874024629593,0.2201252579689026,-0.04675156623125076,-0.3818693161010742,-1.4035283327102661,-47.066864013671875,0.06073230132460594,0.096323661506176,-0.014060130342841148,-0.024525130167603493,0.058758627623319626,-0.2265307605266571,0.03454442322254181,12.387222290039062,11.356172561645508,11.885029792785645,11.489429473876953,-0.04906250163912773,0.03066406212747097,0.05826171860098839,-0.039863280951976776,0.0,-0.053135454654693604,0.02946430630981922,0.05089063197374344,-0.03376516327261925,0.0,-0.47526487708091736,-0.023150848224759102,-9.882369995117188,-0.07157538086175919,-0.2549367845058441,-8.548300743103027,0.0,0.0,0.0,0.0,0.0,0.0,0.0,0.0,0.0,0.0,0.0,0.0,-0.052251581102609634,0.028268860653042793,0.05153637379407883,-0.03269968926906586,0.2882241904735565,0.26806938648223877,0.27843400835990906,0.27068623900413513,1.9920055866241455,0.6278397440910339,0.17066863179206848,0.0,0.0,0.0,0.0,0.0,0.0,0.0
19627206227,0,-0.004523078911006451,0.013642153702676296,-0.5685821771621704,6.569455581484362e-05,-0.04113857448101044,-0.8442511558532715,0.02416289411485195,0.0075827050022780895,-0.06810924410820007,0.00917759258300066,-0.10956200957298279,-0.2756689786911011,-0.007381557021290064,-0.02465137280523777,0.033932752907276154,0.0,0.0,-0.0047828578390181065,-0.0014019038062542677,0.09646252542734146,0.006470156833529472,0.05715430900454521,0.19642238318920135,-0.04634523019194603,-0.3818693161010742,-1.4035283327102661,-47.066864013671875,0.06073230132460594,0.096323661506176,-0.014060130342841148,-0.024525130167603493,0.058758627623319626,-0.2265307605266571,0.03454442322254181,12.42027759552002,11.151776313781738,12.014158248901367,11.385408401489258,-0.04906250163912773,0.03066406212747097,0.05826171860098839,-0.039863280951976776,0.0,-0.052993904799222946,0.030004506930708885,0.050343189388513565,-0.03407377377152443,0.0,-0.2752763330936432,-0.3366491198539734,-9.824197769165039,-0.0631442591547966,-0.24560481309890747,-8.5305757522583,0.0,0.0,0.0,0.0,0.0,0.0,0.0,0.0,0.0,0.0,0.0,0.0,-0.052311189472675323,0.028434019535779953,0.05109747499227524,-0.032861702144145966,0.2882241904735565,0.26806938648223877,0.27843400835990906,0.27068623900413513,2.1918065547943115,0.2780969440937042,0.3432491719722748,0.0,0.0,0.0,0.0,0.0,0.0,0.0
19636394780,0,-0.004523078911006451,0.013642153702676296,-0.5685821771621704,6.569455581484362e-05,-0.04113857448101044,-0.8442511558532715,0.02416289411485195,0.0075827050022780895,-0.06810924410820007,0.009115215390920639,-0.10979460179805756,-0.27511066198349,-0.007381557021290064,-0.02465137280523777,0.033932752907276154,0.0,0.0,-0.0047828578390181065,-0.0014019038062542677,0.09646252542734146,0.006470156833529472,0.05715430900454521,0.19642238318920135,-0.04634523019194603,-0.3472934365272522,-1.3508265018463135,-46.91816711425781,0.02869999408721924,0.09617014229297638,-0.01873449981212616,-0.02466598153114319,0.058253027498722076,-0.2256997674703598,0.03470012545585632,12.42027759552002,11.151776313781738,12.014158248901367,11.385408401489258,-0.04906250163912773,0.027597656473517418,0.05672851577401161,-0.039863280951976776,0.0,-0.05051848292350769,0.029415855184197426,0.04775892198085785,-0.0335240438580513,0.0,-0.2752763330936432,-0.3366491198539734,-9.824197769165039,-0.0631740465760231,-0.24342508614063263,-8.520442008972168,0.0,0.0,0.0,0.0,0.0,0.0,0.0,0.0,0.0,0.0,0.0,0.0,-0.05235881730914116,0.028752967715263367,0.050648465752601624,-0.03312544524669647,0.2888668477535248,0.264048308134079,0.2809562385082245,0.2686436176300049,2.1918065547943115,0.2780969440937042,0.3432491719722748,0.0,0.0,0.0,0.0,0.0,0.0,0.0
19646344387,0,-0.00449189031496644,0.013758450746536255,-0.5691404938697815,6.569455581484362e-05,-0.04113857448101044,-0.8442511558532715,0.024339109659194946,0.0061364974826574326,-0.06950951367616653,0.009115215390920639,-0.10979460179805756,-0.27511066198349,-0.007029598578810692,-0.023749688640236855,0.034280430525541306,0.0,0.0,-0.0047828578390181065,0.051389407366514206,0.09498763829469681,0.011671836487948895,0.05439982935786247,0.1892368048429489,-0.04677170515060425,-0.34414592385292053,-1.3430229425430298,-46.81621170043945,-0.036761559545993805,0.0794222429394722,-0.02251226268708706,-0.02494424395263195,0.05819537490606308,-0.22400279343128204,0.035189252346754074,12.359861373901367,10.958074569702148,12.20948314666748,11.338698387145996,-0.04906250163912773,0.026064453646540642,0.05672851577401161,-0.039863280951976776,0.0,-0.05047651007771492,0.029758064076304436,0.04665204882621765,-0.03354361280798912,0.0,-0.3077717423439026,-0.14978978037834167,-9.705699920654297,-0.0631740465760231,-0.24342508614063263,-8.520442008972168,0.0,0.0,0.0,0.0,0.0,0.0,0.0,0.0,0.0,0.0,0.0,0.0,-0.05215490981936455,0.02907509170472622,0.04996258765459061,-0.03335496783256531,0.2888668477535248,0.264048308134079,0.2809562385082245,0.2686436176300049,2.4899063110351562,0.1535278856754303,0.3241335153579712,0.0,0.0,0.0,0.0,0.0,0.0,0.0
19656757872,0,-0.00449189031496644,0.013758450746536255,-0.5691404938697815,6.569455581484362e-05,-0.04113857448101044,-0.8442511558532715,0.024339109659194946,0.0061364974826574326,-0.06950951367616653,0.009115215390920639,-0.10979460179805756,-0.27511066198349,-0.007029598578810692,-0.023749688640236855,0.034280430525541306,0.0,0.0,-0.0047828578390181065,0.051389407366514206,0.09498763829469681,0.011671836487948895,0.05439982935786247,0.1892368048429489,-0.04677170515060425,-0.34414592385292053,-1.3430229425430298,-46.81621170043945,-0.036761559545993805,0.0794222429394722,-0.02251226268708706,-0.02494424395263195,0.05819537490606308,-0.22400279343128204,0.035189252346754074,12.359861373901367,10.958074569702148,12.20948314666748,11.338698387145996,-0.05059570446610451,0.024531250819563866,0.055195312947034836,-0.039863280951976776,0.0,-0.05047651007771492,0.029758064076304436,0.04665204882621765,-0.03354361280798912,0.0,-0.3077717423439026,-0.14978978037834167,-9.705699920654297,-0.0631740465760231,-0.24342508614063263,-8.520442008972168,0.0,0.0,0.0,0.0,0.0,0.0,0.0,0.0,0.0,0.0,0.0,0.0,-0.05174684524536133,0.029343759641051292,0.04906544089317322,-0.0335017591714859,0.287692129611969,0.26022985577583313,0.2847651541233063,0.26772594451904297,2.4899063110351562,0.1535278856754303,0.3241335153579712,0.0,0.0,0.0,0.0,0.0,0.0,0.0
19666371673,0,-0.004446637351065874,0.014068135060369968,-0.5702422261238098,6.569455581484362e-05,-0.04113857448101044,-0.8442511558532715,0.021527135744690895,0.000564665999263525,-0.06720233708620071,0.009024709463119507,-0.11041396856307983,-0.27400892972946167,-0.005147139076143503,-0.022091951221227646,0.0346783809363842,0.0,0.0,-0.0047828578390181065,0.07211725413799286,0.10509373992681503,0.00795569084584713,0.039526909589767456,0.17594516277313232,-0.04728172346949577,-0.34414592385292053,-1.3430229425430298,-46.81621170043945,-0.036761559545993805,0.0794222429394722,-0.02251226268708706,-0.02494424395263195,0.05819537490606308,-0.22400279343128204,0.035189252346754074,12.359861373901367,10.958074569702148,12.20948314666748,11.338698387145996,-0.04906250163912773,0.024531250819563866,0.055195312947034836,-0.039863280951976776,0.0,-0.05047651007771492,0.029758064076304436,0.04665204882621765,-0.03354361280798912,0.0,-0.5339080095291138,-0.24929559230804443,-10.07363224029541,-0.056897521018981934,-0.23466214537620544,-8.539877891540527,0.0,0.0,0.0,0.0,0.0,0.0,0.0,0.0,0.0,0.0,0.0,0.0,-0.05131174251437187,0.029552346095442772,0.04817888140678406,-0.033581674098968506,0.287692129611969,0.26022985577583313,0.2847651541233063,0.26772594451904297,2.2245752811431885,0.5862160921096802,0.045636724680662155,0.0,0.0,0.0,0.0,0.0,0.0,0.0
19676445877,0,-0.0044488199055194855,0.014271543361246586,-0.5707919001579285,6.569455581484362e-05,-0.04113857448101044,-0.8442511558532715,0.02194301411509514,0.00213917950168252,-0.06151130795478821,0.00902907457202673,-0.11082078516483307,-0.273459255695343,-0.0040602413937449455,-0.020977959036827087,0.03464905545115471,0.0,0.0,-0.0047828578390181065,0.08770907670259476,0.11189648509025574,0.003462247084826231,0.03240455687046051,0.16254600882530212,-0.046558309346437454,-0.3169407844543457,-1.3150674104690552,-47.205352783203125,-0.08290944248437881,0.04087020084261894,-0.011292362585663795,-0.025268716737627983,0.05925567448139191,-0.22148630023002625,0.035602718591690063,12.045485496520996,11.323948860168457,12.156011581420898,11.72790241241455,-0.04906250163912773,0.024531250819563866,0.05672851577401161,-0.039863280951976776,0.0,-0.05020320415496826,0.028741734102368355,0.04522234946489334,-0.03243749216198921,0.0,-0.49172452092170715,-0.02622971311211586,-9.951467514038086,-0.05762559548020363,-0.23910316824913025,-8.582791328430176,0.0,0.0,0.0,0.0,0.0,0.0,0.0,0.0,0.0,0.0,0.0,0.0,-0.050931017845869064,0.0296460073441267,0.047395166009664536,-0.033562928438186646,0.2815675735473633,0.26743602752685547,0.28372305631637573,0.2753604054450989,1.8408293724060059,0.6237703561782837,-0.13532502949237823,0.0,0.0,0.0,0.0,0.0,0.0,0.0
19686212636,0,-0.0044488199055194855,0.014271543361246586,-0.5707919001579285,6.569455581484362e-05,-0.04113857448101044,-0.8442511558532715,0.02194301411509514,0.00213917950168252,-0.06151130795478821,0.00902907457202673,-0.11082078516483307,-0.273459255695343,-0.0040602413937449455,-0.020977959036827087,0.03464905545115471,0.0,0.0,-0.0047828578390181065,0.10005942732095718,0.111488476395607,0.0013175050262361765,0.03240455687046051,0.16254600882530212,-0.046558309346437454,-0.32253265380859375,-1.3051633834838867,-47.31322479248047,-0.10033314675092697,0.03781246766448021,-0.009421510621905327,-0.02540946938097477,0.0599624402821064,-0.2201857715845108,0.03567885607481003,11.994366645812988,11.374934196472168,12.167523384094238,11.824033737182617,-0.04752929508686066,0.026064453646540642,0.055195312947034836,-0.038330078125,0.0,-0.05030285194516182,0.028117574751377106,0.045041512697935104,-0.03172304853796959,0.0,-0.49172452092170715,-0.02622971311211586,-9.951467514038086,-0.05762559548020363,-0.23910316824913025,-8.582791328430176,0.0,0.0,0.0,0.0,0.0,0.0,0.0,0.0,0.0,0.0,0.0,0.0,-0.05062667652964592,0.029543297365307808,0.04666639119386673,-0.03336410969495773,0.2805699408054352,0.2684381306171417,0.2839474380016327,0.2772415280342102,1.6377977132797241,0.35377761721611023,-0.12175476551055908,0.0,0.0,0.0,0.0,0.0,0.0,0.0
19696526071,0,-0.004508834332227707,0.014950841665267944,-0.5724428296089172,6.569455581484362e-05,-0.04113857448101044,-0.8442511558532715,0.023678138852119446,0.0031728465110063553,-0.056942328810691833,0.009149103425443172,-0.11217939108610153,-0.27180832624435425,-0.0011009423760697246,-0.01824212819337845,0.03405215963721275,0.0,0.0,-0.0047828578390181065,0.13188868761062622,0.12146885693073273,0.007433653809130192,0.015416691079735756,0.1467818021774292,-0.04697304219007492,-0.32185789942741394,-1.3258156776428223,-47.2545051574707,-0.15710514783859253,0.0005977638065814972,-0.01888992078602314,-0.02573498524725437,0.062267713248729706,-0.2167719155550003,0.035874269902706146,12.07264232635498,11.091934204101562,12.532580375671387,11.60317325592041,-0.04752929508686066,0.027597656473517418,0.055195312947034836,-0.039863280951976776,0.0,-0.05059156194329262,0.029483342543244362,0.0442645400762558,-0.03300778567790985,0.0,-0.32529380917549133,-0.11925959587097168,-9.685229301452637,-0.0598895438015461,-0.2453448474407196,-8.607773780822754,0.0,0.0,0.0,0.0,0.0,0.0,0.0,0.0,0.0,0.0,0.0,0.0,-0.05042596533894539,0.029321497306227684,0.04598063975572586,-0.033055733889341354,0.28209739923477173,0.26286938786506653,0.2910487651824951,0.272917240858078,1.512256145477295,0.6172638535499573,0.3353525698184967,0.0,0.0,0.0,0.0,0.0,0.0,0.0
19706977078,0,-0.004574203863739967,0.015492857433855534,-0.5735422372817993,6.569455581484362e-05,-0.04113857448101044,-0.8442511558532715,0.02288941666483879,-0.0016926866956055164,-0.06200718134641647,0.009279843419790268,-0.11326342821121216,-0.27070891857147217,0.0010715890675783157,-0.015456999652087688,0.03437558561563492,0.0,0.0,-0.0047828578390181065,0.13973762094974518,0.13480208814144135,0.012391924858093262,-0.010093904100358486,0.12823925912380219,-0.04759485274553299,-0.310853511095047,-1.3142671585083008,-47.098880767822266,-0.17237572371959686,-0.028372077271342278,-0.02392185851931572,-0.025878198444843292,0.062267713248729706,-0.2167719155550003,0.035874269902706146,12.092435836791992,10.94747543334961,12.687980651855469,11.418150901794434,-0.04906250163912773,0.027597656473517418,0.05366211012005806,-0.04139648377895355,0.0,-0.04986133798956871,0.02984069660305977,0.04308074712753296,-0.033539630472660065,0.0,-0.3160053491592407,-0.35685575008392334,-10.100641250610352,-0.05651881918311119,-0.23895767331123352,-8.563432693481445,0.0,0.0,0.0,0.0,0.0,0.0,0.0,0.0,0.0,0.0,0.0,0.0,-0.05031080171465874,0.02919575944542885,0.045307938009500504,-0.032860491424798965,0.28209739923477173,0.26286938786506653,0.2910487651824951,0.272917240858078,1.2471274137496948,1.0117722749710083,0.47848474979400635,0.0,0.0,0.0,0.0,0.0,0.0,0.0
19716145653,0,-0.004574203863739967,0.015492857433855534,-0.5735422372817993,6.569455581484362e-05,-0.04113857448101044,-0.8442511558532715,0.02288941666483879,-0.0016926866956055164,-0.06200718134641647,0.009362585842609406,-0.11380036175251007,-0.2701864242553711,0.0010715890675783157,-0.015456999652087688,0.03437558561563492,0.0,0.0,-0.0047828578390181065,0.13973762094974518,0.13480208814144135,0.012391924858093262,-0.010093904100358486,0.12823925912380219,-0.04759485274553299,-0.310853511095047,-1.3142671585083008,-47.098880767822266,-0.17237572371959686,-0.028372077271342278,-0.02392185851931572,-0.025878198444843292,0.06351178139448166,-0.2149701863527298,0.03607533127069473,12.092435836791992,10.94747543334961,12.687980651855469,11.418150901794434,-0.05059570446610451,0.027597656473517418,0.05366211012005806,-0.04139648377895355,0.0,-0.04986133798956871,0.02984069660305977,0.04308074712753296,-0.033539630472660065,0.0,-0.3160053491592407,-0.35685575008392334,-10.100641250610352,-0.05333539471030235,-0.23753052949905396,-8.545600891113281,0.0,0.0,0.0,0.0,0.0,0.0,0.0,0.0,0.0,0.0,0.0,0.0,-0.05020490288734436,0.0292364414781332,0.044620733708143234,-0.0328652523458004,0.2824834883213043,0.26002058386802673,0.2940637171268463,0.26928696036338806,1.2471274137496948,1.0117722749710083,0.47848474979400635,0.0,0.0,0.0,0.0,0.0,0.0,0.0
19726344798,0,-0.004615575075149536,0.015761323273181915,-0.5740647315979004,6.569455581484362e-05,-0.04113857448101044,-0.8442511558532715,0.021732375025749207,-0.003296871203929186,-0.06425858289003372,0.009362585842609406,-0.11380036175251007,-0.2701864242553711,0.0023776304442435503,-0.013921305537223816,0.03468446433544159,0.0,0.0,-0.0047828578390181065,0.1401098370552063,0.14322106540203094,0.013253296725451946,-0.019774170592427254,0.11052098125219345,-0.047378964722156525,-0.2933446764945984,-1.3064179420471191,-47.00080490112305,-0.17563201487064362,-0.04539771005511284,-0.02281060256063938,-0.026052476838231087,0.06351178139448166,-0.2149701863527298,0.03607533127069473,12.007095336914062,10.97323989868164,12.666709899902344,11.398724555969238,-0.05059570446610451,0.026064453646540642,0.05366211012005806,-0.039863280951976776,0.0,-0.04948422685265541,0.030064711347222328,0.042429711669683456,-0.033913224935531616,0.0,-0.3165653944015503,-0.1719970703125,-9.72844123840332,-0.05333539471030235,-0.23753052949905396,-8.545600891113281,0.0,0.0,0.0,0.0,0.0,0.0,0.0,0.0,0.0,0.0,0.0,0.0,-0.050072021782398224,0.029378283768892288,0.043968554586172104,-0.03300926461815834,0.2824834883213043,0.26002058386802673,0.2940637171268463,0.26928696036338806,0.6672438383102417,0.8833166360855103,0.33617326617240906,0.0,0.0,0.0,0.0,0.0,0.0,0.0
19736520967,0,-0.004615575075149536,0.015761323273181915,-0.5740647315979004,6.569455581484362e-05,-0.04113857448101044,-0.8442511558532715,0.021732375025749207,-0.003296871203929186,-0.06425858289003372,0.009362585842609406,-0.11380036175251007,-0.2701864242553711,0.0023776304442435503,-0.013921305537223816,0.03468446433544159,0.0,0.0,-0.0047828578390181065,0.13488805294036865,0.135966494679451,0.008335303515195847,-0.019774170592427254,0.11052098125219345,-0.047378964722156525,-0.28596875071525574,-1.3109924793243408,-46.87249755859375,-0.176741823554039,-0.04275290668010712,-0.015843907371163368,-0.026233306154608727,0.06656729429960251,-0.210044264793396,0.036595866084098816,11.801643371582031,11.111525535583496,12.459174156188965,11.546069145202637,-0.04906250163912773,0.024531250819563866,0.05366211012005806,-0.039863280951976776,0.0,-0.05027905851602554,0.030053159222006798,0.043041545897722244,-0.03386345133185387,0.0,-0.4119315445423126,-0.22147291898727417,-9.41887378692627,-0.05333539471030235,-0.23753052949905396,-8.545600891113281,0.0,0.0,0.0,0.0,0.0,0.0,0.0,0.0,0.0,0.0,0.0,0.0,-0.049952272325754166,0.029563838616013527,0.04342210292816162,-0.03322736546397209,0.27680346369743347,0.2632554769515991,0.28962281346321106,0.27179762721061707,0.13988237082958221,0.12309250980615616,0.001966701354831457,0.0,0.0,0.0,0.0,0.0,0.0,0.0
19746607482,0,-0.004732937552034855,0.0162762850522995,-0.5750899910926819,6.569455581484362e-05,-0.04113857448101044,-0.8442511558532715,0.016124019399285316,-0.00304738013073802,-0.0677487924695015,0.009597312659025192,-0.11483029276132584,-0.2691611647605896,0.004994249902665615,-0.01191994920372963,0.034973155707120895,0.0,0.0,-0.0047828578390181065,0.13519705832004547,0.10519272089004517,0.0010148929432034492,-0.019774170592427254,0.11052098125219345,-0.047378964722156525,-0.20801186561584473,-1.341017246246338,-47.06822204589844,-0.19771841168403625,-0.010870945639908314,-0.00884411670267582,-0.02657046727836132,0.06947632879018784,-0.20548245310783386,0.03673870861530304,11.693405151367188,11.254934310913086,12.315756797790527,11.851579666137695,-0.04599609225988388,0.024531250819563866,0.05366211012005806,-0.038330078125,0.0,-0.04932517558336258,0.03303125873208046,0.04213602840900421,-0.03624434396624565,0.0,-0.4119315445423126,-0.22147291898727417,-9.41887378692627,-0.040907107293605804,-0.24171772599220276,-8.520108222961426,0.0,0.0,0.0,0.0,0.0,0.0,0.0,0.0,0.0,0.0,0.0,0.0,-0.049873001873493195,0.029883304610848427,0.04301312565803528,-0.03356413543224335,0.2746850848197937,0.2660789489746094,0.2868339717388153,0.27778002619743347,0.053057681769132614,-1.1372740268707275,-0.10648342221975327,0.0,0.0,0.0,0.0,0.0,0.0,0.0
19756560636,0,-0.004811352118849754,0.016915159299969673,-0.5760685205459595,6.569455581484362e-05,-0.04113857448101044,-0.8442511558532715,0.01411947887390852,-0.00354818906635046,-0.05290009826421738,0.009754141792654991,-0.11610804498195648,-0.268182635307312,0.007714846171438694,-0.010495362803339958,0.03486485779285431,0.0,0.0,-0.0047828578390181065,0.12820027768611908,0.08364371210336685,0.0027725344989448786,-0.061990782618522644,0.08294903486967087,-0.04762433096766472,-0.19994981586933136,-1.347137689590454,-47.48762512207031,-0.19771841168403625,-0.010870945639908314,-0.00884411670267582,-0.02657046727836132,0.06947632879018784,-0.20548245310783386,0.03673870861530304,11.915431022644043,11.249859809875488,12.46068000793457,11.908228874206543,-0.04599609225988388,0.026064453646540642,0.052128907293081284,-0.039863280951976776,0.0,-0.04834768921136856,0.03349211439490318,0.04159053787589073,-0.036493223160505295,0.0,-0.08107630908489227,-0.23715443909168243,-9.806347846984863,-0.036354511976242065,-0.24493412673473358,-8.634113311767578,0.0,0.0,0.0,0.0,0.0,0.0,0.0,0.0,0.0,0.0,0.0,0.0,-0.04973183944821358,0.03050517849624157,0.04266674444079399,-0.034125979989767075,0.2746850848197937,0.2660789489746094,0.2868339717388153,0.27778002619743347,-0.28932374715805054,-1.5478156805038452,0.10663680732250214,0.0,0.0,0.0,0.0,0.0,0.0,0.0
19766684745,0,-0.004811352118849754,0.016915159299969673,-0.5760685205459595,6.569455581484362e-05,-0.04113857448101044,-0.8442511558532715,0.01411947887390852,-0.00354818906635046,-0.05290009826421738,0.009811511263251305,-0.11675646156072617,-0.26772618293762207,0.007714846171438694,-0.010495362803339958,0.03486485779285431,0.0,0.0,-0.0047828578390181065,0.12820027768611908,0.08364371210336685,0.0027725344989448786,-0.061990782618522644,0.08294903486967087,-0.04762433096766472,-0.19994981586933136,-1.347137689590454,-47.48762512207031,-0.19526030123233795,0.011014603078365326,-0.011981772258877754,-0.02674814499914646,0.07105867564678192,-0.2032746970653534,0.03677762299776077,11.915431022644043,11.249859809875488,12.46068000793457,11.908228874206543,-0.04599609225988388,0.027597656473517418,0.05059570446610451,-0.039863280951976776,0.0,-0.048363909125328064,0.03347493335604668,0.04157503321766853,-0.03650945425033569,0.0,-0.3006305992603302,-0.10797878354787827,-9.690832138061523,-0.03203217685222626,-0.2503085732460022,-8.685309410095215,0.0,0.0,0.0,0.0,0.0,0.0,0.0,0.0,0.0,0.0,0.0,0.0,-0.04945283755660057,0.03134014084935188,0.042322248220443726,-0.034828390926122665,0.2790282666683197,0.26597899198532104,0.28965213894844055,0.27888739109039307,-0.28932374715805054,-1.5478156805038452,0.10663680732250214,0.0,0.0,0.0,0.0,0.0,0.0,0.0
19776781896,0,-0.004840036388486624,0.017239365726709366,-0.5765249729156494,6.569455581484362e-05,-0.04113857448101044,-0.8442511558532715,0.011980743147432804,-0.0019128830172121525,-0.04567025229334831,0.009811511263251305,-0.11675646156072617,-0.26772618293762207,0.008720466867089272,-0.010028975084424019,0.034712646156549454,0.0,0.0,-0.0047828578390181065,0.09680752456188202,0.04670983925461769,0.008996175602078438,-0.07033419609069824,0.07726003229618073,-0.04769200086593628,-0.1767556220293045,-1.356471061706543,-47.99262237548828,-0.16690485179424286,0.04474223405122757,-0.01898784190416336,-0.027079518884420395,0.07363677769899368,-0.19967156648635864,0.037026889622211456,12.310281753540039,11.191934585571289,12.666727066040039,11.867158889770508,-0.04752929508686066,0.029130859300494194,0.05059570446610451,-0.039863280951976776,0.0,-0.04644225165247917,0.03464420512318611,0.04048268869519234,-0.03763597086071968,0.0,-0.3006305992603302,-0.10797878354787827,-9.690832138061523,-0.03203217685222626,-0.2503085732460022,-8.685309410095215,0.0,0.0,0.0,0.0,0.0,0.0,0.0,0.0,0.0,0.0,0.0,0.0,-0.0490252822637558,0.032199446111917496,0.04196526110172272,-0.03553526848554611,0.2867276072502136,0.26483893394470215,0.29365164041519165,0.27808457612991333,-1.2592486143112183,-1.7879446744918823,0.32420796155929565,0.0,0.0,0.0,0.0,0.0,0.0,0.0
19786284393,0,-0.00485624885186553,0.017830247059464455,-0.5774025321006775,6.569455581484362e-05,-0.04113857448101044,-0.8442511558532715,0.012208989821374416,-0.0053233802318573,-0.03880651667714119,0.009843936190009117,-0.11793822795152664,-0.266848623752594,0.009776771068572998,-0.00947787705808878,0.03464898094534874,0.0,0.0,-0.0047828578390181065,0.08039805293083191,0.02532258816063404,0.009976242668926716,-0.0826898142695427,0.07357262820005417,-0.04810420051217079,-0.1767556220293045,-1.356471061706543,-47.99262237548828,-0.16690485179424286,0.04474223405122757,-0.01898784190416336,-0.027079518884420395,0.07363677769899368,-0.19967156648635864,0.037026889622211456,12.363675117492676,11.195056915283203,12.592369079589844,11.884934425354004,-0.04906250163912773,0.026064453646540642,0.04906250163912773,-0.039863280951976776,0.0,-0.04624154791235924,0.034634534269571304,0.040721870958805084,-0.03757966309785843,0.0,-0.12329557538032532,-0.2231598198413849,-10.313591003417969,-0.03213738650083542,-0.24663110077381134,-8.725931167602539,0.0,0.0,0.0,0.0,0.0,0.0,0.0,0.0,0.0,0.0,0.0,0.0,-0.04841775819659233,0.0330188013613224,0.0415775403380394,-0.03621598333120346,0.2867276072502136,0.26483893394470215,0.29365164041519165,0.27808457612991333,-1.3559890985488892,-1.8878898620605469,0.274838387966156,0.0,0.0,0.0,0.0,0.0,0.0,0.0
19796675256,0,-0.00485624885186553,0.017830247059464455,-0.5774025321006775,6.569455581484362e-05,-0.04113857448101044,-0.8442511558532715,0.012208989821374416,-0.0053233802318573,-0.03880651667714119,0.009843936190009117,-0.11793822795152664,-0.266848623752594,0.009776771068572998,-0.00947787705808878,0.03464898094534874,0.0,0.0,-0.0047828578390181065,0.08039805293083191,0.02532258816063404,0.009976242668926716,-0.0826898142695427,0.07357262820005417,-0.04810420051217079,-0.1767556220293045,-1.356471061706543,-47.99262237548828,-0.14866338670253754,0.06844323873519897,-0.01859121397137642,-0.02726302668452263,0.07470410317182541,-0.19804450869560242,0.03721396625041962,12.363675117492676,11.195056915283203,12.592369079589844,11.884934425354004,-0.04906250163912773,0.026064453646540642,0.04906250163912773,-0.039863280951976776,0.0,-0.04625769332051277,0.034616708755493164,0.04070602357387543,-0.03759646415710449,0.0,-0.12329557538032532,-0.2231598198413849,-10.313591003417969,-0.03213738650083542,-0.24663110077381134,-8.725931167602539,0.0,0.0,0.0,0.0,0.0,0.0,0.0,0.0,0.0,0.0,0.0,0.0,-0.047727398574352264,0.03371954336762428,0.04121718928217888,-0.03680577129125595,0.28776633739471436,0.26490047574043274,0.292209267616272,0.2784322202205658,-1.3559890985488892,-1.8878898620605469,0.274838387966156,0.0,0.0,0.0,0.0,0.0,0.0,0.0
19806537553,0,-0.004904287867248058,0.01814821921288967,-0.5778255462646484,6.569455581484362e-05,-0.04113857448101044,-0.8442511558532715,0.009940293617546558,-0.003714941209182143,-0.04173438623547554,0.009940014220774174,-0.11857418715953827,-0.26642560958862305,0.010217966511845589,-0.009500828571617603,0.03475183993577957,0.0,0.0,-0.0047828578390181065,0.06734321266412735,-0.018915574997663498,0.008363135159015656,-0.08826573938131332,0.0733276754617691,-0.04809824377298355,-0.15148255228996277,-1.3833460807800293,-47.837467193603516,-0.14866338670253754,0.06844323873519897,-0.01859121397137642,-0.02726302668452263,0.07470410317182541,-0.19804450869560242,0.03721396625041962,12.264473915100098,11.072834968566895,12.350630760192871,11.928850173950195,-0.04752929508686066,0.026064453646540642,0.04906250163912773,-0.039863280951976776,0.0,-0.046678341925144196,0.036665115505456924,0.04154912009835243,-0.03900470584630966,0.0,-0.13194096088409424,0.09680641442537308,-10.240534782409668,-0.02754228189587593,-0.25151747465133667,-8.697721481323242,0.0,0.0,0.0,0.0,0.0,0.0,0.0,0.0,0.0,0.0,0.0,0.0,-0.04713532701134682,0.034325044602155685,0.040985263884067535,-0.03730592876672745,0.28776633739471436,0.26490047574043274,0.292209267616272,0.2784322202205658,-0.8004527688026428,-2.1078665256500244,0.1294672191143036,0.0,0.0,0.0,0.0,0.0,0.0,0.0
19818828041,0,-0.004904287867248058,0.01814821921288967,-0.5778255462646484,6.569455581484362e-05,-0.04113857448101044,-0.8442511558532715,0.009940293617546558,-0.003714941209182143,-0.04173438623547554,0.010079377330839634,-0.12057498842477798,-0.26519912481307983,0.010217966511845589,-0.009500828571617603,0.03475183993577957,0.0,0.0,-0.0047828578390181065,0.06734321266412735,-0.018915574997663498,0.008363135159015656,-0.08826573938131332,0.0733276754617691,-0.04809824377298355,-0.16532650589942932,-1.4070879220962524,-47.57282638549805,-0.15298542380332947,0.11913032829761505,-0.015979574993252754,-0.027612382546067238,0.07640065252780914,-0.19575247168540955,0.03752611577510834,12.264473915100098,11.072834968566895,12.350630760192871,11.928850173950195,-0.04599609225988388,0.027597656473517418,0.04906250163912773,-0.039863280951976776,0.0,-0.04779405519366264,0.03694704547524452,0.04259524866938591,-0.0393301397562027,0.0,-0.13194096088409424,0.09680641442537308,-10.240534782409668,-0.028777284547686577,-0.26447951793670654,-8.576517105102539,0.0,0.0,0.0,0.0,0.0,0.0,0.0,0.0,0.0,0.0,0.0,0.0,-0.04679187387228012,0.0349731519818306,0.0409846156835556,-0.03781542927026749,0.2858358919620514,0.2624930739402771,0.2875126600265503,0.2792903780937195,-0.8004527688026428,-2.1078665256500244,0.1294672191143036,0.0,0.0,0.0,0.0,0.0,0.0,0.0
19826508755,0,-0.004973968956619501,0.01914861984550953,-0.5790520310401917,6.569455581484362e-05,-0.04113857448101044,-0.8442511558532715,0.010364262387156487,0.000334108539391309,-0.057056598365306854,0.010086067952215672,-0.12124603241682053,-0.26479673385620117,0.01241086795926094,-0.010393131524324417,0.03544671833515167,0.0,0.0,-0.0047828578390181065,0.05856650695204735,-0.03864604979753494,0.009923051111400127,-0.09932456910610199,0.08182894438505173,-0.04835078492760658,-0.1582750678062439,-1.4546372890472412,-47.17084503173828,-0.15298542380332947,0.11913032829761505,-0.015979574993252754,-0.027612382546067238,0.07640065252780914,-0.19575247168540955,0.03752611577510834,12.243751525878906,10.901517868041992,12.245046615600586,11.823254585266113,-0.044462889432907104,0.027597656473517418,0.04752929508686066,-0.038330078125,0.0,-0.04904581606388092,0.03930003568530083,0.04413316771388054,-0.04131567105650902,0.0,-0.2571010887622833,-0.310350626707077,-9.384196281433105,-0.028228454291820526,-0.26365959644317627,-8.582636833190918,0.0,0.0,0.0,0.0,0.0,0.0,0.0,0.0,0.0,0.0,0.0,0.0,-0.04681416600942612,0.03575167804956436,0.04130418971180916,-0.03842209652066231,0.2858358919620514,0.2624930739402771,0.2875126600265503,0.2792903780937195,-0.8144029378890991,-1.9791162014007568,0.20045799016952515,0.0,0.0,0.0,0.0,0.0,0.0,0.0
19836635515,0,-0.00497731426730752,0.0194841418415308,-0.5794544219970703,6.569455581484362e-05,-0.04113857448101044,-0.8442511558532715,0.009975594468414783,-0.0008869663579389453,-0.056658580899238586,0.010086067952215672,-0.12124603241682053,-0.26479673385620117,0.012754697352647781,-0.01097271777689457,0.03558562695980072,0.0,0.0,-0.0047828578390181065,0.020692462101578712,-0.05991441011428833,0.015822524204850197,-0.10209688544273376,0.08641166985034943,-0.048523910343647,-0.1552564948797226,-1.4501278400421143,-47.20450210571289,-0.13047198951244354,0.16223683953285217,-0.01806963048875332,-0.02797003649175167,0.0778115764260292,-0.1943950653076172,0.037863120436668396,12.327293395996094,10.89500617980957,12.208028793334961,11.816946983337402,-0.04599609225988388,0.027597656473517418,0.04752929508686066,-0.038330078125,0.0,-0.04852856695652008,0.03923941031098366,0.044016968458890915,-0.041326019912958145,0.0,-0.2571010887622833,-0.310350626707077,-9.384196281433105,-0.028228454291820526,-0.26365959644317627,-8.582636833190918,0.0,0.0,0.0,0.0,0.0,0.0,0.0,0.0,0.0,0.0,0.0,0.0,-0.047155316919088364,0.03667799010872841,0.04190707579255104,-0.03916328772902489,0.287058562040329,0.2589847445487976,0.2847367227077484,0.27710291743278503,-1.6226359605789185,-1.1882505416870117,0.3937596380710602,0.0,0.0,0.0,0.0,0.0,0.0,0.0
19846320191,0,-0.00497731426730752,0.0194841418415308,-0.5794544219970703,6.569455581484362e-05,-0.04113857448101044,-0.8442511558532715,0.009975594468414783,-0.0008869663579389453,-0.056658580899238586,0.010216114111244678,-0.12254644930362701,-0.26396793127059937,0.012754697352647781,-0.01097271777689457,0.03558562695980072,0.0,0.0,-0.0047828578390181065,0.020692462101578712,-0.05991441011428833,0.015822524204850197,-0.10209688544273376,0.08641166985034943,-0.048523910343647,-0.12743061780929565,-1.4246639013290405,-47.37436294555664,-0.10443256050348282,0.16575299203395844,-0.02417106181383133,-0.028168145567178726,0.07824467122554779,-0.19392181932926178,0.038120336830616,12.567206382751465,10.819331169128418,12.357588768005371,11.672269821166992,-0.04599609225988388,0.029130859300494194,0.04599609225988388,-0.039863280951976776,0.0,-0.04611773416399956,0.03957134485244751,0.04194043576717377,-0.04192861169576645,0.0,-0.15759773552417755,-0.06587938964366913,-10.31269359588623,-0.018236305564641953,-0.2578364610671997,-8.637850761413574,0.0,0.0,0.0,0.0,0.0,0.0,0.0,0.0,0.0,0.0,0.0,0.0,-0.04748914763331413,0.03762432187795639,0.04250247776508331,-0.03995421901345253,0.291720986366272,0.2574898898601532,0.28764793276786804,0.2742712199687958,-1.6226359605789185,-1.1882505416870117,0.3937596380710602,0.0,0.0,0.0,0.0,0.0,0.0,0.0
19856426369,0,-0.005042336881160736,0.020134344696998596,-0.5802832245826721,6.569455581484362e-05,-0.04113857448101044,-0.8442511558532715,0.004933820106089115,-0.0054098330438137054,-0.050016168504953384,0.010216114111244678,-0.12254644930362701,-0.26396793127059937,0.01247875764966011,-0.011919902637600899,0.03573886305093765,0.0,0.0,-0.0047828578390181065,-0.029505621641874313,-0.0543907955288887,0.018700310960412025,-0.09996645897626877,0.09395608305931091,-0.04871296137571335,-0.053594425320625305,-1.4140554666519165,-47.654380798339844,-0.038832277059555054,0.1563599407672882,-0.024135906249284744,-0.028557293117046356,0.07808077335357666,-0.19305360317230225,0.03879321739077568,12.719944953918457,11.007083892822266,12.340533256530762,11.626018524169922,-0.04752929508686066,0.029130859300494194,0.044462889432907104,-0.039863280951976776,0.0,-0.04324740543961525,0.04089007154107094,0.0395427942276001,-0.04405651614069939,0.0,-0.15759773552417755,-0.06587938964366913,-10.31269359588623,-0.018236305564641953,-0.2578364610671997,-8.637850761413574,0.0,0.0,0.0,0.0,0.0,0.0,0.0,0.0,0.0,0.0,0.0,0.0,-0.047379061579704285,0.0384945385158062,0.04267677664756775,-0.04077789932489395,0.2946832776069641,0.2611966133117676,0.28731629252433777,0.2733648717403412,-2.2335681915283203,-0.03300035744905472,0.20761528611183167,0.0,0.0,0.0,0.0,0.0,0.0,0.0
19866232681,0,-0.005042336881160736,0.020134344696998596,-0.5802832245826721,6.569455581484362e-05,-0.04113857448101044,-0.8442511558532715,0.004933820106089115,-0.0054098330438137054,-0.050016168504953384,0.010444737039506435,-0.12369368225336075,-0.2630963921546936,0.01247875764966011,-0.011919902637600899,0.03573886305093765,0.0,0.0,-0.0047828578390181065,-0.029505621641874313,-0.0543907955288887,0.018700310960412025,-0.09996645897626877,0.09395608305931091,-0.04871296137571335,-0.053594425320625305,-1.4140554666519165,-47.654380798339844,-0.038832277059555054,0.1563599407672882,-0.024135906249284744,-0.028557293117046356,0.07808077335357666,-0.19305360317230225,0.03879321739077568,12.719944953918457,11.007083892822266,12.340533256530762,11.626018524169922,-0.04599609225988388,0.029130859300494194,0.04292968660593033,-0.039863280951976776,0.0,-0.04324740543961525,0.04089007154107094,0.0395427942276001,-0.04405651614069939,0.0,-0.4429800808429718,-0.42762643098831177,-9.84166145324707,-0.00430651567876339,-0.2507581114768982,-8.667912483215332,0.0,0.0,0.0,0.0,0.0,0.0,0.0,0.0,0.0,0.0,0.0,0.0,-0.04669492691755295,0.039303723722696304,0.04229480028152466,-0.04168982431292534,0.2946832776069641,0.2611966133117676,0.28731629252433777,0.2733648717403412,-2.2335681915283203,-0.03300035744905472,0.20761528611183167,0.0,0.0,0.0,0.0,0.0,0.0,0.0
19879016548,0,-0.005156647879630327,0.020707957446575165,-0.5811547636985779,6.569455581484362e-05,-0.04113857448101044,-0.8442511558532715,-0.001924201613292098,-0.01024459209293127,-0.04603995010256767,0.010444737039506435,-0.12369368225336075,-0.2630963921546936,0.011301890015602112,-0.01287698931992054,0.03580388426780701,0.0,0.0,-0.0047828578390181065,-0.029505621641874313,-0.0543907955288887,0.018700310960412025,-0.09067358076572418,0.10163913667201996,-0.04878908395767212,-0.053594425320625305,-1.4140554666519165,-47.654380798339844,-0.038832277059555054,0.1563599407672882,-0.024135906249284744,-0.028557293117046356,0.07808077335357666,-0.19305360317230225,0.03879321739077568,12.719944953918457,11.007083892822266,12.340533256530762,11.626018524169922,-0.04599609225988388,0.029130859300494194,0.04292968660593033,-0.039863280951976776,0.0,-0.04324740543961525,0.04089007154107094,0.0395427942276001,-0.04405651614069939,0.0,-0.4429800808429718,-0.42762643098831177,-9.84166145324707,-0.00430651567876339,-0.2507581114768982,-8.667912483215332,0.0,0.0,0.0,0.0,0.0,0.0,0.0,0.0,0.0,0.0,0.0,0.0,-0.045722294598817825,0.039994414895772934,0.04159911721944809,-0.042575038969516754,0.2946832776069641,0.2611966133117676,0.28731629252433777,0.2733648717403412,-2.2335681915283203,-0.03300035744905472,0.20761528611183167,0.0,0.0,0.0,0.0,0.0,0.0,0.0
19886192730,0,-0.005211440846323967,0.020941058173775673,-0.5816074013710022,6.569455581484362e-05,-0.04113857448101044,-0.8442511558532715,-0.0017427304992452264,-0.01147047895938158,-0.04772277548909187,0.01055432390421629,-0.12415987998247147,-0.2626437544822693,0.010919760912656784,-0.013293667696416378,0.03579074889421463,0.0,0.0,-0.0047828578390181065,-0.05405285581946373,-0.037754494696855545,0.001496777986176312,-0.08766227215528488,0.10497642308473587,-0.04877307638525963,-0.024816855788230896,-1.3701965808868408,-47.59469223022461,-0.01866115629673004,0.14001087844371796,-0.003228491172194481,-0.02899918146431446,0.07673624902963638,-0.19169990718364716,0.039198338985443115,12.186068534851074,11.574228286743164,11.79808235168457,12.076218605041504,-0.044462889432907104,0.029130859300494194,0.044462889432907104,-0.039863280951976776,0.0,-0.04307336360216141,0.038382843136787415,0.03914269059896469,-0.04201097413897514,0.0,0.028244074434041977,0.311157763004303,-10.291488647460938,-0.004512155428528786,-0.2491266429424286,-8.653580665588379,0.0,0.0,0.0,0.0,0.0,0.0,0.0,0.0,0.0,0.0,0.0,0.0,-0.044779222458601,0.0403837151825428,0.04085906594991684,-0.0431894026696682,0.28430888056755066,0.27234968543052673,0.27673372626304626,0.2821671664714813,-1.270148515701294,0.6088806986808777,-0.5447977185249329,0.0,0.0,0.0,0.0,0.0,0.0,0.0
19896240027,0,-0.005211440846323967,0.020941058173775673,-0.5816074013710022,6.569455581484362e-05,-0.04113857448101044,-0.8442511558532715,-0.0017427304992452264,-0.01147047895938158,-0.04772277548909187,0.01055432390421629,-0.12415987998247147,-0.2626437544822693,0.010919760912656784,-0.013293667696416378,0.03579074889421463,0.0,0.0,-0.0047828578390181065,-0.058941684663295746,-0.023891182616353035,-0.003418002277612686,-0.08766227215528488,0.10497642308473587,-0.04877307638525963,-0.0357971154153347,-1.4241433143615723,-47.41259765625,-0.015582572668790817,0.12317512929439545,0.000580914318561554,-0.029184291139245033,0.07599622756242752,-0.1909095048904419,0.03918052837252617,12.02452564239502,11.654906272888184,11.677874565124512,12.095008850097656,-0.044462889432907104,0.03066406212747097,0.04292968660593033,-0.04139648377895355,0.0,-0.04558006301522255,0.039404112845659256,0.041495900601148605,-0.0432194285094738,0.0,0.028244074434041977,0.311157763004303,-10.291488647460938,-0.004512155428528786,-0.2491266429424286,-8.653580665588379,0.0,0.0,0.0,0.0,0.0,0.0,0.0,0.0,0.0,0.0,0.0,0.0,-0.0441242977976799,0.040368735790252686,0.04030539467930794,-0.04342421516776085,0.2811584174633026,0.2739309072494507,0.27438095211982727,0.2825337052345276,-0.9377080798149109,1.0337409973144531,-0.5393905639648438,0.0,0.0,0.0,0.0,0.0,0.0,0.0
19907294241,0,-0.005363225005567074,0.021403517574071884,-0.5825692415237427,6.569455581484362e-05,-0.04113857448101044,-0.8442511558532715,-0.0010868513491004705,-0.002756625646725297,-0.05512084439396858,0.010857893154025078,-0.12508481740951538,-0.2616819143295288,0.010442035272717476,-0.013874046504497528,0.035769782960414886,0.0,0.0,-0.0047828578390181065,-0.08362758159637451,-0.006151283159852028,-0.0043110111728310585,-0.07725324481725693,0.1057867780327797,-0.04872991889715195,-0.051810357719659805,-1.505959391593933,-47.1595573425293,0.031937964260578156,0.10592150688171387,-0.0017715711146593094,-0.029595160856842995,0.07384443283081055,-0.18848435580730438,0.039053983986377716,12.065186500549316,11.632944107055664,11.626675605773926,11.872655868530273,-0.04599609225988388,0.03066406212747097,0.04139648377895355,-0.04292968660593033,0.0,-0.048333313316106796,0.0414416640996933,0.04461793228983879,-0.04602852836251259,0.0,-0.2409331500530243,0.06919248402118683,-10.160569190979004,-0.005910299718379974,-0.268206924200058,-8.595969200134277,0.0,0.0,0.0,0.0,0.0,0.0,0.0,0.0,0.0,0.0,0.0,0.0,-0.04408219829201698,0.04023025557398796,0.04028823971748352,-0.043575748801231384,0.281951904296875,0.27350062131881714,0.27337774634361267,0.27819231152534485,-1.1877135038375854,0.794421911239624,-0.20594626665115356,0.0,0.0,0.0,0.0,0.0,0.0,0.0
19916695984,0,-0.005627105012536049,0.02200046181678772,-0.584097146987915,6.569455581484362e-05,-0.04113857448101044,-0.8442511558532715,0.00045710650738328695,0.0012882427545264363,-0.06083784997463226,0.011385655961930752,-0.12627869844436646,-0.26015400886535645,0.007773206569254398,-0.013731012120842934,0.03566713258624077,0.0,0.0,-0.0047828578390181065,-0.09943435341119766,-0.0037431989330798388,-0.005712875165045261,-0.06267479062080383,0.10865748673677444,-0.04860197752714157,-0.051810357719659805,-1.505959391593933,-47.1595573425293,0.031937964260578156,0.10592150688171387,-0.0017715711146593094,-0.029595160856842995,0.07384443283081055,-0.18848435580730438,0.039053983986377716,12.065186500549316,11.632944107055664,11.626675605773926,11.872655868530273,-0.04599609225988388,0.032197266817092896,0.039863280951976776,-0.04292968660593033,0.0,-0.048333313316106796,0.0414416640996933,0.04461793228983879,-0.04602852836251259,0.0,-0.3858330249786377,-0.38805755972862244,-9.985990524291992,-0.008022133260965347,-0.27773866057395935,-8.55895709991455,0.0,0.0,0.0,0.0,0.0,0.0,0.0,0.0,0.0,0.0,0.0,0.0,-0.04471892490983009,0.040291689336299896,0.0409347228705883,-0.04397328943014145,0.281951904296875,0.27350062131881714,0.27337774634361267,0.27819231152534485,-1.42441725730896,0.5725269317626953,-0.21202857792377472,0.0,0.0,0.0,0.0,0.0,0.0,0.0
19927569841,0,-0.005627105012536049,0.02200046181678772,-0.584097146987915,6.569455581484362e-05,-0.04113857448101044,-0.8442511558532715,0.00045710650738328695,0.0012882427545264363,-0.06083784997463226,0.011471920646727085,-0.12657757103443146,-0.259616494178772,0.007773206569254398,-0.013731012120842934,0.03566713258624077,0.0,0.0,-0.0047828578390181065,-0.09943435341119766,-0.0037431989330798388,-0.005712875165045261,-0.06267479062080383,0.10865748673677444,-0.04860197752714157,-0.04412173479795456,-1.5275626182556152,-47.07426452636719,0.05656507611274719,0.1075657457113266,-0.0004751812666654587,-0.029763849452137947,0.07259669899940491,-0.18732617795467377,0.03898238763213158,12.050857543945312,11.679500579833984,11.533370971679688,11.848274230957031,-0.04599609225988388,0.03066406212747097,0.039863280951976776,-0.044462889432907104,0.0,-0.048814766108989716,0.04214814677834511,0.04539020359516144,-0.04701382666826248,0.0,0.04887533187866211,0.17738594114780426,-9.971264839172363,-0.005394077859818935,-0.27603474259376526,-8.536376953125,0.0,0.0,0.0,0.0,0.0,0.0,0.0,0.0,0.0,0.0,0.0,0.0,-0.04572123661637306,0.040566690266132355,0.04196795076131821,-0.044593505561351776,0.2816724479198456,0.27441275119781494,0.27154839038848877,0.27771538496017456,-1.42441725730896,0.5725269317626953,-0.21202857792377472,0.0,0.0,0.0,0.0,0.0,0.0,0.0
19936265821,0,-0.005670236889272928,0.022149892523884773,-0.5846346616744995,6.569455581484362e-05,-0.04113857448101044,-0.8442511558532715,-0.0006733087939210236,0.00034229684388265014,-0.06420423090457916,0.011471920646727085,-0.12657757103443146,-0.259616494178772,0.00635622488334775,-0.013678361661732197,0.035596128553152084,0.0,0.0,-0.0047828578390181065,-0.10921245068311691,-0.0013853074051439762,-0.004933666437864304,-0.0514058880507946,0.10833074897527695,-0.04850504547357559,-0.029667427763342857,-1.5181910991668701,-46.9500732421875,0.07922356575727463,0.104994997382164,-0.0017857346683740616,-0.029955072328448296,0.07259669899940491,-0.18732617795467377,0.03898238763213158,12.082446098327637,11.656017303466797,11.504401206970215,11.745285987854004,-0.04599609225988388,0.03066406212747097,0.039863280951976776,-0.044462889432907104,0.0,-0.04800627753138542,0.042369574308395386,0.04475352540612221,-0.04759726673364639,0.0,0.04887533187866211,0.17738594114780426,-9.971264839172363,-0.005394077859818935,-0.27603474259376526,-8.536376953125,0.0,0.0,0.0,0.0,0.0,0.0,0.0,0.0,0.0,0.0,0.0,0.0,-0.04672551900148392,0.040971383452415466,0.04304260388016701,-0.04532661288976669,0.2816724479198456,0.27441275119781494,0.27154839038848877,0.27771538496017456,-1.1751289367675781,0.42598968744277954,-0.09990547597408295,0.0,0.0,0.0,0.0,0.0,0.0,0.0
19946539851,0,-0.005670236889272928,0.022149892523884773,-0.5846346616744995,6.569455581484362e-05,-0.04113857448101044,-0.8442511558532715,-0.0006733087939210236,0.00034229684388265014,-0.06420423090457916,0.011471920646727085,-0.12657757103443146,-0.259616494178772,0.00635622488334775,-0.013678361661732197,0.035596128553152084,0.0,0.0,-0.0047828578390181065,-0.10861276835203171,0.005720898509025574,-0.0029451565351337194,-0.0514058880507946,0.10833074897527695,-0.04850504547357559,0.015367344953119755,-1.4925382137298584,-46.7881965637207,0.07934993505477905,0.09526132047176361,-0.004146242514252663,-0.030141623690724373,0.06910558044910431,-0.18444444239139557,0.03883752226829529,12.08690357208252,11.571818351745605,11.537160873413086,11.631110191345215,-0.04599609225988388,0.03066406212747097,0.039863280951976776,-0.04599609225988388,0.0,-0.04593539983034134,0.04325322434306145,0.0424405112862587,-0.04867216944694519,0.0,0.04887533187866211,0.17738594114780426,-9.971264839172363,-0.005394077859818935,-0.27603474259376526,-8.536376953125,0.0,0.0,0.0,0.0,0.0,0.0,0.0,0.0,0.0,0.0,0.0,0.0,-0.04739753529429436,0.04145897179841995,0.04380951076745987,-0.046128831803798676,0.2823755443096161,0.2723023593425751,0.27162280678749084,0.2734646201133728,-0.5565910339355469,0.5562323927879333,-0.00804303027689457,0.0,0.0,0.0,0.0,0.0,0.0,0.0
19956551203,0,-0.005871715489774942,0.022569527849555016,-0.5863665342330933,6.569455581484362e-05,-0.04113857448101044,-0.8442511558532715,-0.009870601817965508,-0.009952429682016373,-0.07394839078187943,0.011722121387720108,-0.12718887627124786,-0.2584804892539978,0.0037014579866081476,-0.01322356890887022,0.035862840712070465,0.0,0.0,-0.0047828578390181065,-0.10861276835203171,0.005720898509025574,-0.0029451565351337194,-0.030278801918029785,0.10488410294055939,-0.04880251735448837,0.015367344953119755,-1.4925382137298584,-46.7881965637207,0.07934993505477905,0.09526132047176361,-0.004146242514252663,-0.030141623690724373,0.06910558044910431,-0.18444444239139557,0.03883752226829529,12.08690357208252,11.571818351745605,11.537160873413086,11.631110191345215,-0.04599609225988388,0.03066406212747097,0.04139648377895355,-0.04599609225988388,0.0,-0.04593539983034134,0.04325322434306145,0.0424405112862587,-0.04867216944694519,0.0,-0.14159439504146576,0.13810767233371735,-10.293534278869629,0.009823065251111984,-0.2638757824897766,-8.477272987365723,0.0,0.0,0.0,0.0,0.0,0.0,0.0,0.0,0.0,0.0,0.0,0.0,-0.04755376651883125,0.04198909550905228,0.04404076933860779,-0.046943098306655884,0.2823755443096161,0.2723023593425751,0.27162280678749084,0.2734646201133728,-0.5565910339355469,0.5562323927879333,-0.00804303027689457,0.0,0.0,0.0,0.0,0.0,0.0,0.0
19966739214,0,-0.005871715489774942,0.022569527849555016,-0.5863665342330933,6.569455581484362e-05,-0.04113857448101044,-0.8442511558532715,-0.009870601817965508,-0.009952429682016373,-0.07394839078187943,0.011722121387720108,-0.12718887627124786,-0.2584804892539978,0.0037014579866081476,-0.01322356890887022,0.035862840712070465,0.0,0.0,-0.0047828578390181065,-0.09739887714385986,0.021306203678250313,-0.006404648534953594,-0.030278801918029785,0.10488410294055939,-0.04880251735448837,0.08204300701618195,-1.4137223958969116,-46.6084098815918,0.0695895105600357,0.07531552761793137,0.0007121656090021133,-0.030478693544864655,0.06577499955892563,-0.18128955364227295,0.0387105718255043,11.873427391052246,11.66519546508789,11.416783332824707,11.691634178161621,-0.044462889432907104,0.03066406212747097,0.04139648377895355,-0.04599609225988388,0.0,-0.042456164956092834,0.042507071048021317,0.03834688290953636,-0.0480838343501091,0.0,-0.07241896539926529,0.09115481376647949,-9.769615173339844,0.009823065251111984,-0.2638757824897766,-8.477272987365723,0.0,0.0,0.0,0.0,0.0,0.0,0.0,0.0,0.0,0.0,0.0,0.0,-0.0471714586019516,0.04244866222143173,0.04367036744952202,-0.047635484486818314,0.2782074213027954,0.2741326093673706,0.26926007866859436,0.2746504247188568,0.2254491001367569,0.6807962656021118,-0.20744293928146362,0.0,0.0,0.0,0.0,0.0,0.0,0.0
19976162615,0,-0.005871715489774942,0.022569527849555016,-0.5863665342330933,6.569455581484362e-05,-0.04113857448101044,-0.8442511558532715,-0.009870601817965508,-0.009952429682016373,-0.07394839078187943,0.011722121387720108,-0.12718887627124786,-0.2584804892539978,0.0037014579866081476,-0.01322356890887022,0.035862840712070465,0.0,0.0,-0.0047828578390181065,-0.08561968058347702,0.025044916197657585,-0.008543167263269424,-0.030278801918029785,0.10488410294055939,-0.04880251735448837,0.09546154737472534,-1.3978272676467896,-46.58907699584961,0.056782063096761703,0.07239463925361633,0.0029830504208803177,-0.030652692541480064,0.0640534982085228,-0.17943450808525085,0.038581483066082,11.787351608276367,11.702155113220215,11.379528045654297,11.758636474609375,-0.044462889432907104,0.03066406212747097,0.04139648377895355,-0.04599609225988388,0.0,-0.04190242290496826,0.042281657457351685,0.03754443675279617,-0.047751203179359436,0.0,-0.07241896539926529,0.09115481376647949,-9.769615173339844,0.009823065251111984,-0.2638757824897766,-8.477272987365723,0.0,0.0,0.0,0.0,0.0,0.0,0.0,0.0,0.0,0.0,0.0,0.0,-0.04624829441308975,0.042709480971097946,0.042657699435949326,-0.04807053878903389,0.27652400732040405,0.2748563587665558,0.2685283124446869,0.2759619653224945,0.6885772347450256,0.5177015662193298,-0.2515996992588043,0.0,0.0,0.0,0.0,0.0,0.0,0.0
19986491791,0,-0.006029362790286541,0.022654356434941292,-0.5876135230064392,6.569455581484362e-05,-0.04113857448101044,-0.8442511558532715,-0.012900473549962044,-0.010338660329580307,-0.07529798895120621,0.012190176174044609,-0.1275864988565445,-0.2566376328468323,0.0026563468854874372,-0.01292983628809452,0.03586021065711975,0.0,0.0,-0.0047828578390181065,-0.05094688758254051,0.03686690703034401,-0.007146838121116161,-0.016638362780213356,0.1008383184671402,-0.04818831384181976,0.11622948199510574,-1.4530577659606934,-46.68111038208008,0.01681053638458252,0.05475601181387901,0.0008202400058507919,-0.03095812350511551,0.06135600432753563,-0.17574861645698547,0.03832690417766571,11.776052474975586,11.63659954071045,11.545835494995117,11.762858390808105,-0.044462889432907104,0.03066406212747097,0.04292968660593033,-0.04752929508686066,0.0,-0.04300648346543312,0.044802699238061905,0.03803066909313202,-0.05004927143454552,0.0,-0.05214294046163559,0.3676879405975342,-9.740423202514648,0.02182522788643837,-0.2566618025302887,-8.470162391662598,0.0,0.0,0.0,0.0,0.0,0.0,0.0,0.0,0.0,0.0,0.0,0.0,-0.04506881162524223,0.04288550466299057,0.041275568306446075,-0.04834694042801857,0.2763029634952545,0.2735723555088043,0.2717929780483246,0.2760446071624756,1.5075103044509888,0.6226106882095337,-0.08912447094917297,0.0,0.0,0.0,0.0,0.0,0.0,0.0
19996330195,0,-0.0065112062729895115,0.022780971601605415,-0.5895807147026062,6.569455581484362e-05,-0.04113857448101044,-0.8442511558532715,-0.010825800709426403,-0.0011517858365550637,-0.06556862592697144,0.013153867796063423,-0.12783972918987274,-0.2546704411506653,0.0020874287001788616,-0.011772934347391129,0.03540918231010437,0.0,0.0,-0.0047828578390181065,-0.03056352771818638,0.04526648670434952,-0.007557364646345377,-0.017346251755952835,0.09345799684524536,-0.04824382811784744,0.10629487037658691,-1.5157862901687622,-46.997459411621094,0.01681053638458252,0.05475601181387901,0.0008202400058507919,-0.03095812350511551,0.06135600432753563,-0.17574861645698547,0.03832690417766571,11.78774356842041,11.733697891235352,11.659947395324707,11.855759620666504,-0.04752929508686066,0.032197266817092896,0.04139648377895355,-0.04752929508686066,0.0,-0.04514531418681145,0.046024102717638016,0.03986325487494469,-0.05123315751552582,0.0,-0.1919030398130417,-0.10076253861188889,-9.96501350402832,0.019326340407133102,-0.2755975127220154,-8.544992446899414,0.0,0.0,0.0,0.0,0.0,0.0,0.0,0.0,0.0,0.0,0.0,0.0,-0.04415590688586235,0.043265894055366516,0.040059156715869904,-0.04874560981988907,0.2763029634952545,0.2735723555088043,0.2717929780483246,0.2760446071624756,1.7042269706726074,0.6813629269599915,-0.1071319580078125,0.0,0.0,0.0,0.0,0.0,0.0,0.0
20006276759,0,-0.0065112062729895115,0.022780971601605415,-0.5895807147026062,6.569455581484362e-05,-0.04113857448101044,-0.8442511558532715,-0.010825800709426403,-0.0011517858365550637,-0.06556862592697144,0.013561142608523369,-0.1278882771730423,-0.2540171146392822,0.0020874287001788616,-0.011772934347391129,0.03540918231010437,0.0,0.0,-0.0047828578390181065,-0.03056352771818638,0.04526648670434952,-0.007557364646345377,-0.017346251755952835,0.09345799684524536,-0.04824382811784744,0.10629487037658691,-1.5157862901687622,-46.997459411621094,0.0009937422582879663,0.03782939910888672,0.0014534983783960342,-0.03111438639461994,0.060281917452812195,-0.17355409264564514,0.03819597512483597,11.78774356842041,11.733697891235352,11.659947395324707,11.855759620666504,-0.04906250163912773,0.032197266817092896,0.04292968660593033,-0.04906250163912773,0.0,-0.045159731060266495,0.046009611338377,0.03984867408871651,-0.05124750733375549,0.0,-0.17726679146289825,-0.33432653546333313,-10.10545539855957,0.019136805087327957,-0.26982414722442627,-8.536420822143555,0.0,0.0,0.0,0.0,0.0,0.0,0.0,0.0,0.0,0.0,0.0,0.0,-0.043791502714157104,0.043904922902584076,0.03933954983949661,-0.049346741288900375,0.27653154730796814,0.2754739224910736,0.2740297317504883,0.2778617739677429,1.7042269706726074,0.6813629269599915,-0.1071319580078125,0.0,0.0,0.0,0.0,0.0,0.0,0.0
20019040511,0,-0.00671484274789691,0.022805240005254745,-0.5902340412139893,6.569455581484362e-05,-0.04113857448101044,-0.8442511558532715,-0.010086674243211746,-0.004055441822856665,-0.06633013486862183,0.013561142608523369,-0.1278882771730423,-0.2540171146392822,0.0017020282102748752,-0.011266611516475677,0.035278551280498505,0.0,0.0,-0.0047828578390181065,-0.019682887941598892,0.045527469366788864,-0.008742816746234894,-0.014247876591980457,0.0894579067826271,-0.04808388650417328,0.10525242984294891,-1.4840328693389893,-46.950313568115234,0.0009937422582879663,0.03782939910888672,0.0014534983783960342,-0.03111438639461994,0.060281917452812195,-0.17355409264564514,0.03819597512483597,11.72164249420166,11.744155883789062,11.623979568481445,11.90018081665039,-0.04752929508686066,0.03373046964406967,0.04292968660593033,-0.04906250163912773,0.0,-0.04448731988668442,0.044980280101299286,0.03903721645474434,-0.05008043348789215,0.0,-0.17726679146289825,-0.33432653546333313,-10.10545539855957,0.019136805087327957,-0.26982414722442627,-8.536420822143555,0.0,0.0,0.0,0.0,0.0,0.0,0.0,0.0,0.0,0.0,0.0,0.0,-0.04383307695388794,0.044560760259628296,0.039042823016643524,-0.0499386228621006,0.27653154730796814,0.2754739224910736,0.2740297317504883,0.2778617739677429,1.4615974426269531,0.3754351735115051,-0.15505824983119965,0.0,0.0,0.0,0.0,0.0,0.0,0.0
20026116198,0,-0.00671484274789691,0.022805240005254745,-0.5902340412139893,6.569455581484362e-05,-0.04113857448101044,-0.8442511558532715,-0.010086674243211746,-0.004055441822856665,-0.06633013486862183,0.013561142608523369,-0.1278882771730423,-0.2540171146392822,0.0017020282102748752,-0.011266611516475677,0.035278551280498505,0.0,0.0,-0.0047828578390181065,-0.00341641902923584,0.036383964121341705,-0.00925959087908268,-0.014247876591980457,0.0894579067826271,-0.04808388650417328,0.09740584343671799,-1.461014747619629,-46.82475280761719,-0.022449931129813194,0.051799166947603226,0.0036498866975307465,-0.03138797730207443,0.05885621905326843,-0.16937172412872314,0.03789522871375084,11.67477035522461,11.688136100769043,11.577306747436523,11.925677299499512,-0.04599609225988388,0.032197266817092896,0.04139648377895355,-0.04906250163912773,0.0,-0.04423164203763008,0.044235970824956894,0.03870529308915138,-0.049082107841968536,0.0,-0.17726679146289825,-0.33432653546333313,-10.10545539855957,0.019136805087327957,-0.26982414722442627,-8.536420822143555,0.0,0.0,0.0,0.0,0.0,0.0,0.0,0.0,0.0,0.0,0.0,0.0,-0.043993473052978516,0.04497387260198593,0.03891797736287117,-0.050263676792383194,0.2743200957775116,0.27458199858665466,0.2724100947380066,0.2792283892631531,1.472904086112976,-0.23987790942192078,-0.13608214259147644,0.0,0.0,0.0,0.0,0.0,0.0,0.0
20037484224,0,-0.007083840202540159,0.022784670814871788,-0.5915271639823914,6.569455581484362e-05,-0.04113857448101044,-0.8442511558532715,-0.01086906623095274,-0.006952022667974234,-0.07481498271226883,0.014299141243100166,-0.12784713506698608,-0.2527239918708801,0.0013145009288564324,-0.010801398195326328,0.03525950759649277,0.0,0.0,-0.0047828578390181065,0.032621581107378006,0.01261852402240038,0.0055137802846729755,-0.01370210200548172,0.08449804782867432,-0.04832899197936058,0.14111481606960297,-1.407461404800415,-46.35535430908203,-0.06864527612924576,0.08107823878526688,-0.013850141316652298,-0.03156700357794762,0.058363474905490875,-0.165692538022995,0.03783310949802399,11.973742485046387,11.015652656555176,11.921838760375977,11.489067077636719,-0.04292968660593033,0.03066406212747097,0.039863280951976776,-0.04906250163912773,0.0,-0.04026838392019272,0.046604420989751816,0.03468358516693115,-0.05066254362463951,0.0,0.02322135679423809,0.09322234988212585,-9.894590377807617,0.02280527725815773,-0.2641077935695648,-8.467850685119629,0.0,0.0,0.0,0.0,0.0,0.0,0.0,0.0,0.0,0.0,0.0,0.0,-0.04394526779651642,0.045184485614299774,0.038647111505270004,-0.05032447353005409,0.28016719222068787,0.26136547327041626,0.27915331721305847,0.2706791162490845,1.727989673614502,-0.9470726251602173,0.47886669635772705,0.0,0.0,0.0,0.0,0.0,0.0,0.0
20046528597,0,-0.007557098753750324,0.022881492972373962,-0.5928125381469727,6.569455581484362e-05,-0.04113857448101044,-0.8442511558532715,-0.011205518618226051,-0.013100022450089455,-0.08195993304252625,0.01524566300213337,-0.12804077565670013,-0.25143861770629883,0.0022718089167028666,-0.010613271966576576,0.03575405851006508,0.0,0.0,-0.0047828578390181065,0.032621581107378006,0.01261852402240038,0.0055137802846729755,-0.01874380186200142,0.08422604203224182,-0.04865752160549164,0.14111481606960297,-1.407461404800415,-46.35535430908203,-0.06864527612924576,0.08107823878526688,-0.013850141316652298,-0.03156700357794762,0.058363474905490875,-0.165692538022995,0.03783310949802399,11.973742485046387,11.015652656555176,11.921838760375977,11.489067077636719,-0.04292968660593033,0.032197266817092896,0.039863280951976776,-0.05059570446610451,0.0,-0.04026838392019272,0.046604420989751816,0.03468358516693115,-0.05066254362463951,0.0,0.04171910881996155,-0.04108482599258423,-10.172377586364746,0.025957517325878143,-0.2528318762779236,-8.415372848510742,0.0,0.0,0.0,0.0,0.0,0.0,0.0,0.0,0.0,0.0,0.0,0.0,-0.04342590644955635,0.04544082283973694,0.037968043237924576,-0.050343845039606094,0.28016719222068787,0.26136547327041626,0.27915331721305847,0.2706791162490845,1.727989673614502,-0.9470726251602173,0.47886669635772705,0.0,0.0,0.0,0.0,0.0,0.0,0.0
20056218742,0,-0.007557098753750324,0.022881492972373962,-0.5928125381469727,6.569455581484362e-05,-0.04113857448101044,-0.8442511558532715,-0.011205518618226051,-0.013100022450089455,-0.08195993304252625,0.01524566300213337,-0.12804077565670013,-0.25143861770629883,0.0022718089167028666,-0.010613271966576576,0.03575405851006508,0.0,0.0,-0.0047828578390181065,0.04516489431262016,0.008605864830315113,0.0108432462438941,-0.01874380186200142,0.08422604203224182,-0.04865752160549164,0.1427663415670395,-1.3905752897262573,-46.284549713134766,-0.08412355929613113,0.08169447630643845,-0.017340201884508133,-0.031711287796497345,0.0584222711622715,-0.1638786494731903,0.03802395239472389,12.019166946411133,10.886866569519043,12.014755249023438,11.408312797546387,-0.044462889432907104,0.03373046964406967,0.038330078125,-0.05059570446610451,0.0,-0.039583440870046616,0.04664643481373787,0.03385637700557709,-0.050562478601932526,0.0,-0.2414604127407074,0.05238766223192215,-9.311824798583984,0.025957517325878143,-0.2528318762779236,-8.415372848510742,0.0,0.0,0.0,0.0,0.0,0.0,0.0,0.0,0.0,0.0,0.0,0.0,-0.04255623370409012,0.045783549547195435,0.036989834159612656,-0.05040756240487099,0.28105399012565613,0.25882411003112793,0.2809678018093109,0.26909369230270386,1.4081428050994873,-0.6529881954193115,0.42036446928977966,0.0,0.0,0.0,0.0,0.0,0.0,0.0
20066220357,0,-0.007781652268022299,0.022989850491285324,-0.5934473872184753,6.569455581484362e-05,-0.04113857448101044,-0.8442511558532715,-0.01444036141037941,-0.01288118027150631,-0.0807233452796936,0.015694770961999893,-0.12825749814510345,-0.25080376863479614,0.0030432590283453465,-0.010562370531260967,0.03599704056978226,0.0,0.0,-0.0047828578390181065,0.034442588686943054,0.012619683519005775,0.00808398611843586,-0.024877237156033516,0.08377046138048172,-0.04895387962460518,0.20542380213737488,-1.3765910863876343,-46.549560546875,-0.06427767872810364,0.06912588328123093,-0.009645272046327591,-0.03199833258986473,0.05863795056939125,-0.16044259071350098,0.038438718765974045,11.899676322937012,11.196194648742676,11.877769470214844,11.61556625366211,-0.04599609225988388,0.03373046964406967,0.036796875298023224,-0.05059570446610451,0.0,-0.037728551775217056,0.046867530792951584,0.031938135623931885,-0.05116984620690346,0.0,-0.2414604127407074,0.05238766223192215,-9.311824798583984,0.03325895220041275,-0.25434887409210205,-8.426857948303223,0.0,0.0,0.0,0.0,0.0,0.0,0.0,0.0,0.0,0.0,0.0,0.0,-0.041525982320308685,0.04611959308385849,0.035880196839571,-0.05050012096762657,0.27872034907341003,0.2649228870868683,0.27829205989837646,0.27316004037857056,-0.1665838062763214,-0.09610699117183685,-0.11158495396375656,0.0,0.0,0.0,0.0,0.0,0.0,0.0
20076400957,0,-0.007781652268022299,0.022989850491285324,-0.5934473872184753,6.569455581484362e-05,-0.04113857448101044,-0.8442511558532715,-0.01444036141037941,-0.01288118027150631,-0.0807233452796936,0.015694770961999893,-0.12825749814510345,-0.25080376863479614,0.0030432590283453465,-0.010562370531260967,0.03599704056978226,0.0,0.0,-0.0047828578390181065,0.02424870990216732,0.011318105272948742,0.003376126755028963,-0.024877237156033516,0.08377046138048172,-0.04895387962460518,0.20542380213737488,-1.3765910863876343,-46.549560546875,-0.06427767872810364,0.06912588328123093,-0.009645272046327591,-0.03199833258986473,0.05863795056939125,-0.16044259071350098,0.038438718765974045,11.899676322937012,11.196194648742676,11.877769470214844,11.61556625366211,-0.04599609225988388,0.03526367247104645,0.036796875298023224,-0.04906250163912773,0.0,-0.037728551775217056,0.046867530792951584,0.031938135623931885,-0.05116984620690346,0.0,-0.06058749556541443,-0.023956185206770897,-9.644410133361816,0.03325895220041275,-0.25434887409210205,-8.426857948303223,0.0,0.0,0.0,0.0,0.0,0.0,0.0,0.0,0.0,0.0,0.0,0.0,-0.040404126048088074,0.04641267657279968,0.03469553589820862,-0.050641197711229324,0.27872034907341003,0.2649228870868683,0.27829205989837646,0.27316004037857056,-0.43503135442733765,-0.10573437064886093,-0.2601342499256134,0.0,0.0,0.0,0.0,0.0,0.0,0.0
20086634090,0,-0.008737189695239067,0.02329551801085472,-0.5959473848342896,6.569455581484362e-05,-0.04113857448101044,-0.8442511558532715,-0.018156100064516068,-0.011482059955596924,-0.06529924273490906,0.01760585606098175,-0.12886883318424225,-0.24830377101898193,0.0038559045642614365,-0.010148182511329651,0.03549982234835625,0.0,0.0,-0.0047828578390181065,0.02424870990216732,0.011318105272948742,0.003376126755028963,-0.024877237156033516,0.08377046138048172,-0.04895387962460518,0.22649581730365753,-1.4009833335876465,-46.83273696899414,-0.051200978457927704,0.07016750425100327,-0.003998477011919022,-0.03220337629318237,0.05863795056939125,-0.16044259071350098,0.038438718765974045,11.850201606750488,11.429525375366211,11.786459922790527,11.808528900146484,-0.044462889432907104,0.03526367247104645,0.036796875298023224,-0.04906250163912773,0.0,-0.03800410032272339,0.04729841649532318,0.032266367226839066,-0.05171487480401993,0.0,-0.06058749556541443,-0.023956185206770897,-9.644410133361816,0.04445631057024002,-0.2595348358154297,-8.538948059082031,0.0,0.0,0.0,0.0,0.0,0.0,0.0,0.0,0.0,0.0,0.0,0.0,-0.03937137499451637,0.04666063189506531,0.0336192324757576,-0.05083327367901802,0.27872034907341003,0.2649228870868683,0.27829205989837646,0.27316004037857056,-0.43503135442733765,-0.10573437064886093,-0.2601342499256134,0.0,0.0,0.0,0.0,0.0,0.0,0.0
20096762917,0,-0.008737189695239067,0.02329551801085472,-0.5959473848342896,6.569455581484362e-05,-0.04113857448101044,-0.8442511558532715,-0.018156100064516068,-0.011482059955596924,-0.06529924273490906,0.01760585606098175,-0.12886883318424225,-0.24830377101898193,0.0038559045642614365,-0.010148182511329651,0.03549982234835625,0.0,0.0,-0.0047828578390181065,0.018971160054206848,0.012453262694180012,-0.002176071982830763,-0.03130257874727249,0.08042826503515244,-0.04836146906018257,0.22649581730365753,-1.4009833335876465,-46.83273696899414,-0.051200978457927704,0.07016750425100327,-0.003998477011919022,-0.03220337629318237,0.05849579721689224,-0.1580406278371811,0.03856993094086647,11.850201606750488,11.429525375366211,11.786459922790527,11.808528900146484,-0.04292968660593033,0.03526367247104645,0.036796875298023224,-0.05059570446610451,0.0,-0.03800410032272339,0.04729841649532318,0.032266367226839066,-0.05171487480401993,0.0,-0.29597902297973633,0.0012180929770693183,-9.650033950805664,0.04445631057024002,-0.2595348358154297,-8.538948059082031,0.0,0.0,0.0,0.0,0.0,0.0,0.0,0.0,0.0,0.0,0.0,0.0,-0.0385984405875206,0.046880386769771576,0.03282511234283447,-0.05106528103351593,0.27775314450263977,0.2695104479789734,0.2765064537525177,0.2769382894039154,-0.4227743148803711,-0.01683671772480011,-0.4162113070487976,0.0,0.0,0.0,0.0,0.0,0.0,0.0
20108659145,0,-0.008983244188129902,0.02339215576648712,-0.5965728163719177,6.569455581484362e-05,-0.04113857448101044,-0.8442511558532715,-0.01846637949347496,-0.013424637727439404,-0.06252240389585495,0.01809796877205372,-0.12906210124492645,-0.24767833948135376,0.00375524559058249,-0.009931755252182484,0.03535668924450874,0.0,0.0,-0.0047828578390181065,0.013707629404962063,0.011291376315057278,-0.0054495930671691895,-0.03353353217244148,0.07791398465633392,-0.04903537780046463,0.2445097118616104,-1.4274415969848633,-46.96421432495117,-0.0452297106385231,0.06643014401197433,0.001990189775824547,-0.0323374941945076,0.058291349560022354,-0.15643146634101868,0.038561463356018066,11.73697280883789,11.62767219543457,11.665935516357422,11.975882530212402,-0.04139648377895355,0.03526367247104645,0.03526367247104645,-0.05059570446610451,0.0,-0.03863787651062012,0.04783301800489426,0.032843396067619324,-0.05231842026114464,0.0,-0.2059674859046936,-0.09508568793535233,-9.355072975158691,0.04628179967403412,-0.25617125630378723,-8.556113243103027,0.0,0.0,0.0,0.0,0.0,0.0,0.0,0.0,0.0,0.0,0.0,0.0,-0.03813787177205086,0.04709026589989662,0.032358068972826004,-0.051327094435691833,0.2755381166934967,0.273397296667099,0.27414703369140625,0.280208945274353,-0.5366949439048767,-0.07912581413984299,-0.47593408823013306,0.0,0.0,0.0,0.0,0.0,0.0,0.0
20117481825,0,-0.009485001675784588,0.02357063628733158,-0.5978200435638428,6.569455581484362e-05,-0.04113857448101044,-0.8442511558532715,-0.016742682084441185,-0.013177868910133839,-0.06805988401174545,0.01910148747265339,-0.12941905856132507,-0.2464311122894287,0.003907980863004923,-0.009722731076180935,0.035470835864543915,0.0,0.0,-0.0047828578390181065,0.014115728437900543,0.011966886930167675,-0.005614664405584335,-0.035893965512514114,0.07708695530891418,-0.048909641802310944,0.2536480128765106,-1.4238135814666748,-46.94115447998047,-0.04654111713171005,0.06527754664421082,0.003457656130194664,-0.03257102891802788,0.05781739577651024,-0.15321210026741028,0.03841746598482132,11.690563201904297,11.659102439880371,11.627362251281738,12.006052017211914,-0.04139648377895355,0.03526367247104645,0.03373046964406967,-0.052128907293081284,0.0,-0.03842669725418091,0.04784947633743286,0.03254217281937599,-0.05237048119306564,0.0,-0.2059674859046936,-0.09508568793535233,-9.355072975158691,0.04503677785396576,-0.25755083560943604,-8.505121231079102,0.0,0.0,0.0,0.0,0.0,0.0,0.0,0.0,0.0,0.0,0.0,0.0,-0.03796464204788208,0.04730663821101189,0.032177411019802094,-0.05161333829164505,0.2736649811267853,0.2752077877521515,0.272235244512558,0.28170332312583923,-0.3468577265739441,-0.015747390687465668,-0.33578601479530334,0.0,0.0,0.0,0.0,0.0,0.0,0.0
20126222441,0,-0.009990395978093147,0.023777619004249573,-0.5990652441978455,6.569455581484362e-05,-0.04113857448101044,-0.8442511558532715,-0.017465418204665184,-0.015495263040065765,-0.07975514233112335,0.020112281665205956,-0.12983304262161255,-0.24518591165542603,0.004182601813226938,-0.009157794527709484,0.03571852669119835,0.0,0.0,-0.0047828578390181065,0.003749847412109375,0.022368649020791054,-0.010530397295951843,-0.033799249678850174,0.07341130077838898,-0.048249755054712296,0.25224578380584717,-1.4002201557159424,-46.5089111328125,-0.03183434531092644,0.04605691879987717,0.007803518325090408,-0.03284294903278351,0.05781739577651024,-0.15321210026741028,0.03841746598482132,11.46359634399414,11.713348388671875,11.418970108032227,11.953866004943848,-0.04139648377895355,0.03526367247104645,0.03373046964406967,-0.052128907293081284,0.0,-0.03852877393364906,0.046847134828567505,0.03242291137576103,-0.05188381299376488,0.0,-0.2059674859046936,-0.09508568793535233,-9.355072975158691,0.049074191600084305,-0.25408512353897095,-8.413783073425293,0.0,0.0,0.0,0.0,0.0,0.0,0.0,0.0,0.0,0.0,0.0,0.0,-0.03797915577888489,0.0474662221968174,0.03216426447033882,-0.051868971437215805,0.2736649811267853,0.2752077877521515,0.272235244512558,0.28170332312583923,-0.5755072832107544,0.4107035994529724,-0.35303863883018494,0.0,0.0,0.0,0.0,0.0,0.0,0.0
20136230617,0,-0.010257548652589321,0.02389213629066944,-0.5996978878974915,6.569455581484362e-05,-0.04113857448101044,-0.8442511558532715,-0.01665298081934452,-0.015370959416031837,-0.08204285800457001,0.020646588876843452,-0.130062073469162,-0.24455326795578003,0.0043952628038823605,-0.008591818623244762,0.03576454520225525,0.0,0.0,-0.0047828578390181065,0.003749847412109375,0.022368649020791054,-0.010530397295951843,-0.032374124974012375,0.07015244662761688,-0.04792557656764984,0.25224578380584717,-1.4002201557159424,-46.5089111328125,-0.03183434531092644,0.04605691879987717,0.007803518325090408,-0.03284294903278351,0.057172030210494995,-0.14958395063877106,0.03813876211643219,11.46359634399414,11.713348388671875,11.418970108032227,11.953866004943848,-0.04139648377895355,0.03526367247104645,0.032197266817092896,-0.05366211012005806,0.0,-0.03852877393364906,0.046847134828567505,0.03242291137576103,-0.05188381299376488,0.0,-0.1914527714252472,-0.116746686398983,-9.94105339050293,0.048748768866062164,-0.25492390990257263,-8.398012161254883,0.0,0.0,0.0,0.0,0.0,0.0,0.0,0.0,0.0,0.0,0.0,0.0,-0.03808300197124481,0.04747670516371727,0.032211024314165115,-0.052019886672496796,0.27017930150032043,0.27507561445236206,0.26930293440818787,0.2797788679599762,-0.5755072832107544,0.4107035994529724,-0.35303863883018494,0.0,0.0,0.0,0.0,0.0,0.0,0.0
20146382831,0,-0.010257548652589321,0.02389213629066944,-0.5996978878974915,6.569455581484362e-05,-0.04113857448101044,-0.8442511558532715,-0.01665298081934452,-0.015370959416031837,-0.08204285800457001,0.020646588876843452,-0.130062073469162,-0.24455326795578003,0.0043952628038823605,-0.008591818623244762,0.03576454520225525,0.0,0.0,-0.0047828578390181065,0.0008857875363901258,0.033795423805713654,-0.01186507847160101,-0.032374124974012375,0.07015244662761688,-0.04792557656764984,0.26990804076194763,-1.3974682092666626,-46.27580642700195,-0.031611837446689606,0.02710133045911789,0.008523151278495789,-0.032967086881399155,0.056716181337833405,-0.14743031561374664,0.03793841227889061,11.356892585754395,11.703286170959473,11.371659278869629,11.883249282836914,-0.038330078125,0.03526367247104645,0.032197266817092896,-0.05366211012005806,0.0,-0.038266852498054504,0.04732682928442955,0.03191094845533371,-0.052648015320301056,0.0,-0.1914527714252472,-0.116746686398983,-9.94105339050293,0.048748768866062164,-0.25492390990257263,-8.398012161254883,0.0,0.0,0.0,0.0,0.0,0.0,0.0,0.0,0.0,0.0,0.0,0.0,-0.03820424526929855,0.04738781973719597,0.03224950283765793,-0.05210425704717636,0.2680835723876953,0.2748785614967346,0.2683736979961395,0.27839913964271545,-0.4768364429473877,0.712251603603363,-0.31660833954811096,0.0,0.0,0.0,0.0,0.0,0.0,0.0
20156488183,0,-0.010539517737925053,0.023998109623789787,-0.6003278493881226,6.569455581484362e-05,-0.04113857448101044,-0.8442511558532715,-0.018406575545668602,-0.012895666994154453,-0.08212044090032578,0.021210530772805214,-0.13027402758598328,-0.24392330646514893,0.0044671278446912766,-0.008183632977306843,0.03561922162771225,0.0,0.0,-0.0047828578390181065,0.020397253334522247,0.039496179670095444,-0.014521581120789051,-0.036037568002939224,0.06477072834968567,-0.04850338026881218,0.26990804076194763,-1.3974682092666626,-46.27580642700195,-0.031611837446689606,0.02710133045911789,0.008523151278495789,-0.032967086881399155,0.056716181337833405,-0.14743031561374664,0.03793841227889061,11.356892585754395,11.703286170959473,11.371659278869629,11.883249282836914,-0.036796875298023224,0.03526367247104645,0.032197266817092896,-0.05366211012005806,0.0,-0.038266852498054504,0.04732682928442955,0.03191094845533371,-0.052648015320301056,0.0,-0.2821565866470337,-0.05263800173997879,-9.48282241821289,0.05339820310473442,-0.2605748772621155,-8.399537086486816,0.0,0.0,0.0,0.0,0.0,0.0,0.0,0.0,0.0,0.0,0.0,0.0,-0.03828750550746918,0.047310721129179,0.03222956880927086,-0.05221083015203476,0.2680835723876953,0.2748785614967346,0.2683736979961395,0.27839913964271545,0.6562637686729431,0.3530972898006439,-0.30284005403518677,0.0,0.0,0.0,0.0,0.0,0.0,0.0
20166399715,0,-0.010539517737925053,0.023998109623789787,-0.6003278493881226,6.569455581484362e-05,-0.04113857448101044,-0.8442511558532715,-0.018406575545668602,-0.012895666994154453,-0.08212044090032578,0.021210530772805214,-0.13027402758598328,-0.24392330646514893,0.0044671278446912766,-0.008183632977306843,0.03561922162771225,0.0,0.0,-0.0047828578390181065,0.020397253334522247,0.039496179670095444,-0.014521581120789051,-0.036037568002939224,0.06477072834968567,-0.04850338026881218,0.29369011521339417,-1.4331618547439575,-46.197452545166016,-0.06630833446979523,0.018844472244381905,0.010904528200626373,-0.033175088465213776,0.056015294045209885,-0.14314894378185272,0.03750108927488327,11.210633277893066,11.703566551208496,11.358926773071289,11.963909149169922,-0.036796875298023224,0.03526367247104645,0.03066406212747097,-0.05366211012005806,0.0,-0.03916248306632042,0.04910515621304512,0.0322977676987648,-0.05407175421714783,0.0,-0.2806893587112427,0.030332796275615692,-9.410106658935547,0.05339820310473442,-0.2605748772621155,-8.399537086486816,0.0,0.0,0.0,0.0,0.0,0.0,0.0,0.0,0.0,0.0,0.0,0.0,-0.03836595639586449,0.04735780879855156,0.03217881917953491,-0.05240959674119949,0.2652070224285126,0.2748841345310211,0.2681233584880829,0.279975026845932,0.6562637686729431,0.3530972898006439,-0.30284005403518677,0.0,0.0,0.0,0.0,0.0,0.0,0.0
20176387177,0,-0.010539517737925053,0.023998109623789787,-0.6003278493881226,6.569455581484362e-05,-0.04113857448101044,-0.8442511558532715,-0.018406575545668602,-0.012895666994154453,-0.08212044090032578,0.022379446774721146,-0.13077101111412048,-0.24266129732131958,0.0044671278446912766,-0.008183632977306843,0.03561922162771225,0.0,0.0,-0.0047828578390181065,0.041732218116521835,0.03877754881978035,-0.016105299815535545,-0.046318940818309784,0.06038825213909149,-0.047889113426208496,0.3378940522670746,-1.451515793800354,-46.3591423034668,-0.09868757426738739,0.01907833106815815,0.01243538036942482,-0.033273790031671524,0.05601704493165016,-0.14079567790031433,0.037218328565359116,11.162393569946289,11.733075141906738,11.41085147857666,12.092950820922852,-0.038330078125,0.036796875298023224,0.03066406212747097,-0.05366211012005806,0.0,-0.03852204978466034,0.05085981264710426,0.03134000301361084,-0.055334754288196564,0.0,-0.2806893587112427,0.030332796275615692,-9.410106658935547,0.0649944469332695,-0.2641606330871582,-8.469019889831543,0.0,0.0,0.0,0.0,0.0,0.0,0.0,0.0,0.0,0.0,0.0,0.0,-0.03848065435886383,0.047702305018901825,0.032113783061504364,-0.052806656807661057,0.2642573416233063,0.27546170353889465,0.269143670797348,0.2824935019016266,1.268045425415039,0.13465048372745514,-0.296857088804245,0.0,0.0,0.0,0.0,0.0,0.0,0.0
20186752195,0,-0.011420274153351784,0.02437932789325714,-0.6022115349769592,6.569455581484362e-05,-0.04113857448101044,-0.8442511558532715,-0.026102805510163307,-0.013406150974333286,-0.06789221614599228,0.022972052916884422,-0.13103646039962769,-0.24203962087631226,0.00601910101249814,-0.00722840242087841,0.0347299687564373,0.0,0.0,-0.0047828578390181065,0.07129580527544022,0.038312774151563644,-0.015569984912872314,-0.0532996729016304,0.056848976761102676,-0.04789361357688904,0.35746946930885315,-1.4528834819793701,-46.57960891723633,-0.12091841548681259,0.019598934799432755,0.012595990672707558,-0.033350251615047455,0.05627967789769173,-0.1387767642736435,0.03695974498987198,11.178001403808594,11.75800609588623,11.496184349060059,12.186429023742676,-0.039863280951976776,0.038330078125,0.032197266817092896,-0.05366211012005806,0.0,-0.03789935261011124,0.0513753741979599,0.03053984045982361,-0.05552523583173752,0.0,-0.1601194441318512,-0.14873534440994263,-9.52344036102295,0.07273609191179276,-0.2626485526561737,-8.506714820861816,0.0,0.0,0.0,0.0,0.0,0.0,0.0,0.0,0.0,0.0,0.0,0.0,-0.03854551911354065,0.048397213220596313,0.03194628283381462,-0.05341896042227745,0.264564573764801,0.27594974637031555,0.2708188593387604,0.2843157649040222,1.1915897130966187,0.012973553501069546,-0.11354071646928787,0.0,0.0,0.0,0.0,0.0,0.0,0.0
20196461541,0,-0.011420274153351784,0.02437932789325714,-0.6022115349769592,6.569455581484362e-05,-0.04113857448101044,-0.8442511558532715,-0.026102805510163307,-0.013406150974333286,-0.06789221614599228,0.022972052916884422,-0.13103646039962769,-0.24203962087631226,0.00601910101249814,-0.00722840242087841,0.0347299687564373,0.0,0.0,-0.0047828578390181065,0.07129580527544022,0.038312774151563644,-0.015569984912872314,-0.06341178715229034,0.05089636147022247,-0.047669246792793274,0.43772852420806885,-1.431944727897644,-46.92490768432617,-0.14163385331630707,0.014739690348505974,0.010930834338068962,-0.033440377563238144,0.0569264255464077,-0.13605593144893646,0.036600932478904724,11.265745162963867,11.778605461120605,11.663777351379395,12.255322456359863,-0.039863280951976776,0.038330078125,0.032197266817092896,-0.05366211012005806,0.0,-0.034434784203767776,0.05306011065840721,0.02702370658516884,-0.05693481117486954,0.0,-0.2775934636592865,-0.37329137325286865,-9.368231773376465,0.07273609191179276,-0.2626485526561737,-8.506714820861816,0.0,0.0,0.0,0.0,0.0,0.0,0.0,0.0,0.0,0.0,0.0,0.0,-0.03832708299160004,0.04934246465563774,0.031479086726903915,-0.05416500195860863,0.2662915289402008,0.2763529419898987,0.27410459518432617,0.28565773367881775,1.1915897130966187,0.012973553501069546,-0.11354071646928787,0.0,0.0,0.0,0.0,0.0,0.0,0.0
20206552993,0,-0.012277173809707165,0.024769175797700882,-0.6040279865264893,6.569455581484362e-05,-0.04113857448101044,-0.8442511558532715,-0.027646129950881004,-0.01838703826069832,-0.06463278084993362,0.02468585968017578,-0.13181614875793457,-0.24022316932678223,0.00790912751108408,-0.006758776493370533,0.03451373055577278,0.0,0.0,-0.0047828578390181065,0.07130704820156097,0.03026294708251953,-0.013788051903247833,-0.06329704821109772,0.053236499428749084,-0.047186873853206635,0.4401966333389282,-1.4035602807998657,-46.9775276184082,-0.14092940092086792,0.026767326518893242,0.00878986157476902,-0.033500224351882935,0.05751745402812958,-0.13408192992210388,0.03637317940592766,11.351861000061035,11.72100830078125,11.71059513092041,12.23214054107666,-0.038330078125,0.036796875298023224,0.03066406212747097,-0.05366211012005806,0.0,-0.03321773186326027,0.052532706409692764,0.025978291407227516,-0.05629788711667061,0.0,-0.2775934636592865,-0.37329137325286865,-9.368231773376465,0.0798596441745758,-0.2554527223110199,-8.516558647155762,0.0,0.0,0.0,0.0,0.0,0.0,0.0,0.0,0.0,0.0,0.0,0.0,-0.037605103105306625,0.0503913052380085,0.030541151762008667,-0.054948605597019196,0.2662915289402008,0.2763529419898987,0.27410459518432617,0.28565773367881775,0.6325308084487915,-0.37937745451927185,-0.03387528285384178,0.0,0.0,0.0,0.0,0.0,0.0,0.0
20216402856,0,-0.012277173809707165,0.024769175797700882,-0.6040279865264893,6.569455581484362e-05,-0.04113857448101044,-0.8442511558532715,-0.027646129950881004,-0.01838703826069832,-0.06463278084993362,0.02468585968017578,-0.13181614875793457,-0.24022316932678223,0.00790912751108408,-0.006758776493370533,0.03451373055577278,0.0,0.0,-0.0047828578390181065,0.07093965262174606,0.017229298129677773,-0.010460921563208103,-0.06329704821109772,0.053236499428749084,-0.047186873853206635,0.4392280578613281,-1.4049899578094482,-46.84107208251953,-0.14271973073482513,0.04490364342927933,0.0050985198467969894,-0.03356373682618141,0.05825663357973099,-0.1319141387939453,0.0361541323363781,11.436184883117676,11.564204216003418,11.74331283569336,12.136496543884277,-0.038330078125,0.036796875298023224,0.03066406212747097,-0.055195312947034836,0.0,-0.033052947372198105,0.053253836929798126,0.02597225457429886,-0.056761160492897034,0.0,-0.2775934636592865,-0.37329137325286865,-9.368231773376465,0.0798596441745758,-0.2554527223110199,-8.516558647155762,0.0,0.0,0.0,0.0,0.0,0.0,0.0,0.0,0.0,0.0,0.0,0.0,-0.03648897632956505,0.051359884440898895,0.029285840690135956,-0.055633723735809326,0.26964104175567627,0.2721530795097351,0.27566206455230713,0.28334254026412964,0.2599765360355377,-0.796259880065918,0.08139338344335556,0.0,0.0,0.0,0.0,0.0,0.0,0.0
20226235552,0,-0.012277173809707165,0.024769175797700882,-0.6040279865264893,6.569455581484362e-05,-0.04113857448101044,-0.8442511558532715,-0.027646129950881004,-0.01838703826069832,-0.06463278084993362,0.02468585968017578,-0.13181614875793457,-0.24022316932678223,0.00790912751108408,-0.006758776493370533,0.03451373055577278,0.0,0.0,-0.0047828578390181065,0.07093965262174606,0.017229298129677773,-0.010460921563208103,-0.0739382728934288,0.05309320241212845,-0.04714199900627136,0.4392280578613281,-1.4049899578094482,-46.84107208251953,-0.14271973073482513,0.04490364342927933,0.0050985198467969894,-0.03356373682618141,0.05825663357973099,-0.1319141387939453,0.0361541323363781,11.436184883117676,11.564204216003418,11.74331283569336,12.136496543884277,-0.038330078125,0.038330078125,0.029130859300494194,-0.055195312947034836,0.0,-0.033052947372198105,0.053253836929798126,0.02597225457429886,-0.056761160492897034,0.0,-0.13084165751934052,-0.20173776149749756,-9.759326934814453,0.0798596441745758,-0.2554527223110199,-8.516558647155762,0.0,0.0,0.0,0.0,0.0,0.0,0.0,0.0,0.0,0.0,0.0,0.0,-0.03531360998749733,0.05215245857834816,0.028057293966412544,-0.05615735054016113,0.26964104175567627,0.2721530795097351,0.27566206455230713,0.28334254026412964,0.2599765360355377,-0.796259880065918,0.08139338344335556,0.0,0.0,0.0,0.0,0.0,0.0,0.0
20236448174,0,-0.012854822911322117,0.025044001638889313,-0.6052458882331848,6.569455581484362e-05,-0.04113857448101044,-0.8442511558532715,-0.02158387377858162,-0.010122083127498627,-0.07523824274539948,0.025841163471341133,-0.13236580789089203,-0.23900526762008667,0.009481328539550304,-0.0069744703359901905,0.034810543060302734,0.0,0.0,-0.0047828578390181065,0.05942903831601143,-0.005121592897921801,-0.00292510399594903,-0.0739382728934288,0.05309320241212845,-0.04714199900627136,0.38245299458503723,-1.503183364868164,-46.3566780090332,-0.13443578779697418,0.06935269385576248,-0.0020066723227500916,-0.03367287665605545,0.05965786427259445,-0.12841960787773132,0.035950951278209686,11.544836044311523,11.240013122558594,11.749004364013672,11.863224983215332,-0.038330078125,0.038330078125,0.027597656473517418,-0.05672851577401161,0.0,-0.037500783801078796,0.05608557537198067,0.03061477467417717,-0.05931666120886803,0.0,-0.13084165751934052,-0.20173776149749756,-9.759326934814453,0.06953690946102142,-0.27330607175827026,-8.428486824035645,0.0,0.0,0.0,0.0,0.0,0.0,0.0,0.0,0.0,0.0,0.0,0.0,-0.03452358394861221,0.052876122295856476,0.02728249877691269,-0.05664419010281563,0.27177342772483826,0.2657850384712219,0.2757735848426819,0.27800771594047546,-0.5144286155700684,-0.9726426005363464,0.215706929564476,0.0,0.0,0.0,0.0,0.0,0.0,0.0
20246822305,0,-0.012854822911322117,0.025044001638889313,-0.6052458882331848,6.569455581484362e-05,-0.04113857448101044,-0.8442511558532715,-0.02158387377858162,-0.010122083127498627,-0.07523824274539948,0.025841163471341133,-0.13236580789089203,-0.23900526762008667,0.009481328539550304,-0.0069744703359901905,0.034810543060302734,0.0,0.0,-0.0047828578390181065,0.043615665286779404,-0.01280138734728098,-0.0008252411498688161,-0.0739382728934288,0.05309320241212845,-0.04714199900627136,0.3774707019329071,-1.501793622970581,-46.24738311767578,-0.11461953818798065,0.0760132223367691,-0.0030847787857055664,-0.03373114392161369,0.060257624834775925,-0.1267513781785965,0.03592474013566971,11.584220886230469,11.205544471740723,11.70768928527832,11.788403511047363,-0.038330078125,0.038330078125,0.027597656473517418,-0.05826171860098839,0.0,-0.0374884158372879,0.05605125054717064,0.030825987458229065,-0.05950751155614853,0.0,-0.13084165751934052,-0.20173776149749756,-9.759326934814453,0.06953690946102142,-0.27330607175827026,-8.428486824035645,0.0,0.0,0.0,0.0,0.0,0.0,0.0,0.0,0.0,0.0,0.0,0.0,-0.034478649497032166,0.0536920502781868,0.027311917394399643,-0.0572676844894886,0.27254560589790344,0.26510685682296753,0.2749647796154022,0.2765444219112396,-1.0692777633666992,-0.8501586318016052,0.17063802480697632,0.0,0.0,0.0,0.0,0.0,0.0,0.0
20256251574,0,-0.01377478800714016,0.025416862219572067,-0.6071146726608276,6.569455581484362e-05,-0.04113857448101044,-0.8442511558532715,-0.02115405537188053,-0.00833251141011715,-0.07905296981334686,0.027681102976202965,-0.13311155140399933,-0.23713648319244385,0.01018614787608385,-0.007189569529145956,0.03476647660136223,0.0,0.0,-0.0047828578390181065,0.007013688329607248,-0.0367063507437706,-0.004735144786536694,-0.07963213324546814,0.06558865308761597,-0.047049909830093384,0.3977307081222534,-1.5340899229049683,-46.209503173828125,-0.0691695511341095,0.10768509656190872,0.0031407102942466736,-0.03383810818195343,0.0607464574277401,-0.12414319813251495,0.03582354635000229,11.536049842834473,11.375326156616211,11.424999237060547,11.912971496582031,-0.036796875298023224,0.039863280951976776,0.027597656473517418,-0.05826171860098839,0.0,-0.03802426904439926,0.05683962628245354,0.031951431185007095,-0.06045686453580856,0.0,-0.31848037242889404,-0.41021087765693665,-9.629124641418457,0.07231467217206955,-0.27892544865608215,-8.401727676391602,0.0,0.0,0.0,0.0,0.0,0.0,0.0,0.0,0.0,0.0,0.0,0.0,-0.03503722324967384,0.05456662178039551,0.02801700308918953,-0.058022625744342804,0.2716008126735687,0.2684456706047058,0.2694213390350342,0.2789800465106964,-1.7414919137954712,-1.10568368434906,-0.12157520651817322,0.0,0.0,0.0,0.0,0.0,0.0,0.0
20266280535,0,-0.014106911607086658,0.025468578562140465,-0.607750654220581,6.569455581484362e-05,-0.04113857448101044,-0.8442511558532715,-0.023858189582824707,-0.009649589657783508,-0.07781364768743515,0.029019664973020554,-0.13333739340305328,-0.23586171865463257,0.009949433617293835,-0.007615909446030855,0.034585438668727875,0.0,0.0,-0.0047828578390181065,0.007013688329607248,-0.0367063507437706,-0.004735144786536694,-0.08086717128753662,0.06919226795434952,-0.04701240733265877,0.3977307081222534,-1.5340899229049683,-46.209503173828125,-0.0691695511341095,0.10768509656190872,0.0031407102942466736,-0.03383810818195343,0.0607464574277401,-0.12414319813251495,0.03582354635000229,11.536049842834473,11.375326156616211,11.424999237060547,11.912971496582031,-0.03526367247104645,0.038330078125,0.027597656473517418,-0.05826171860098839,0.0,-0.03802426904439926,0.05683962628245354,0.031951431185007095,-0.06045686453580856,0.0,-0.37323322892189026,-0.3215051293373108,-9.695199966430664,0.08837725222110748,-0.27475059032440186,-8.433371543884277,0.0,0.0,0.0,0.0,0.0,0.0,0.0,0.0,0.0,0.0,0.0,0.0,-0.03583841025829315,0.055379800498485565,0.02903785929083824,-0.058799296617507935,0.2716008126735687,0.2684456706047058,0.2694213390350342,0.2789800465106964,-1.7414919137954712,-1.10568368434906,-0.12157520651817322,0.0,0.0,0.0,0.0,0.0,0.0,0.0
20276884318,0,-0.014444065280258656,0.025529785081744194,-0.6083894371986389,6.569455581484362e-05,-0.04113857448101044,-0.8442511558532715,-0.02785787731409073,-0.010954766534268856,-0.07511885464191437,0.029019664973020554,-0.13333739340305328,-0.23586171865463257,0.009565426036715508,-0.00811407808214426,0.034487612545490265,0.0,0.0,-0.0047828578390181065,-0.004203388933092356,-0.04741816595196724,-0.005577465984970331,-0.08086717128753662,0.06919226795434952,-0.04701240733265877,0.43491193652153015,-1.5222339630126953,-46.267669677734375,-0.05623694136738777,0.12266267836093903,0.0037113111466169357,-0.033883389085531235,0.06071162968873978,-0.12319427728652954,0.035721663385629654,11.57846736907959,11.401811599731445,11.382667541503906,11.945184707641602,-0.03373046964406967,0.039863280951976776,0.027597656473517418,-0.05826171860098839,0.0,-0.036390747874975204,0.05748969689011574,0.030542107298970222,-0.061048734933137894,0.0,-0.37323322892189026,-0.3215051293373108,-9.695199966430664,0.08837725222110748,-0.27475059032440186,-8.433371543884277,0.0,0.0,0.0,0.0,0.0,0.0,0.0,0.0,0.0,0.0,0.0,0.0,-0.036560434848070145,0.05607909336686134,0.030012546107172966,-0.05951444432139397,0.27243274450302124,0.2689659297466278,0.2685898542404175,0.2796093821525574,-1.610751986503601,-1.133678674697876,-0.1022108942270279,0.0,0.0,0.0,0.0,0.0,0.0,0.0
20286337112,0,-0.015105829574167728,0.02565114200115204,-0.6096332669258118,6.569455581484362e-05,-0.04113857448101044,-0.8442511558532715,-0.03153114393353462,-0.018590470775961876,-0.07003578543663025,0.030343201011419296,-0.13358010351657867,-0.23461788892745972,0.008912081830203533,-0.009435415267944336,0.034536514431238174,0.0,0.0,-0.0047828578390181065,-0.03369235619902611,-0.05916199833154678,0.0028456158470362425,-0.0756145566701889,0.0762302502989769,-0.04713352024555206,0.43491193652153015,-1.5222339630126953,-46.267669677734375,-0.05623694136738777,0.12266267836093903,0.0037113111466169357,-0.033883389085531235,0.06071162968873978,-0.12319427728652954,0.035721663385629654,12.016566276550293,11.236111640930176,11.639930725097656,11.733789443969727,-0.03373046964406967,0.04139648377895355,0.027597656473517418,-0.05826171860098839,0.0,-0.03506345674395561,0.0583384744822979,0.02986687794327736,-0.062149982899427414,0.0,-0.11849886924028397,-0.2650544047355652,-9.589834213256836,0.09846405684947968,-0.2604014575481415,-8.470070838928223,0.0,0.0,0.0,0.0,0.0,0.0,0.0,0.0,0.0,0.0,0.0,0.0,-0.03689834848046303,0.05669247359037399,0.03062349557876587,-0.060172781348228455,0.27243274450302124,0.2689659297466278,0.2685898542404175,0.2796093821525574,-1.597200870513916,-0.6099634170532227,0.33473727107048035,0.0,0.0,0.0,0.0,0.0,0.0,0.0
20297810300,0,-0.015105829574167728,0.02565114200115204,-0.6096332669258118,6.569455581484362e-05,-0.04113857448101044,-0.8442511558532715,-0.03153114393353462,-0.018590470775961876,-0.07003578543663025,0.030343201011419296,-0.13358010351657867,-0.23461788892745972,0.008912081830203533,-0.009435415267944336,0.034536514431238174,0.0,0.0,-0.0047828578390181065,-0.03369235619902611,-0.05916199833154678,0.0028456158470362425,-0.0756145566701889,0.0762302502989769,-0.04713352024555206,0.5415523052215576,-1.4322080612182617,-46.58538818359375,-0.01930530183017254,0.14485040307044983,-0.007029298692941666,-0.033978529274463654,0.0600525438785553,-0.12147867679595947,0.03559625521302223,12.016566276550293,11.236111640930176,11.639930725097656,11.733789443969727,-0.03526367247104645,0.04139648377895355,0.026064453646540642,-0.059794921427965164,0.0,-0.029282718896865845,0.058852944523096085,0.023882245644927025,-0.06266038864850998,0.0,-0.11849886924028397,-0.2650544047355652,-9.589834213256836,0.09846405684947968,-0.2604014575481415,-8.470070838928223,0.0,0.0,0.0,0.0,0.0,0.0,0.0,0.0,0.0,0.0,0.0,0.0,-0.03652050346136093,0.057282447814941406,0.030539419502019882,-0.06083414703607559,0.28100311756134033,0.26570841670036316,0.27363744378089905,0.27547571063041687,-1.597200870513916,-0.6099634170532227,0.33473727107048035,0.0,0.0,0.0,0.0,0.0,0.0,0.0
20306469639,0,-0.015105829574167728,0.02565114200115204,-0.6096332669258118,6.569455581484362e-05,-0.04113857448101044,-0.8442511558532715,-0.03153114393353462,-0.018590470775961876,-0.07003578543663025,0.030343201011419296,-0.13358010351657867,-0.23461788892745972,0.008912081830203533,-0.009435415267944336,0.034536514431238174,0.0,0.0,-0.0047828578390181065,-0.03369235619902611,-0.05916199833154678,0.0028456158470362425,-0.0756145566701889,0.0762302502989769,-0.04713352024555206,0.5415523052215576,-1.4322080612182617,-46.58538818359375,-0.01930530183017254,0.14485040307044983,-0.007029298692941666,-0.033978529274463654,0.0600525438785553,-0.12147867679595947,0.03559625521302223,12.016566276550293,11.236111640930176,11.639930725097656,11.733789443969727,-0.036796875298023224,0.04139648377895355,0.026064453646540642,-0.06132812425494194,0.0,-0.029282718896865845,0.058852944523096085,0.023882245644927025,-0.06266038864850998,0.0,-0.21894471347332,-0.4723565876483917,-9.548261642456055,0.09846405684947968,-0.2604014575481415,-8.470070838928223,0.0,0.0,0.0,0.0,0.0,0.0,0.0,0.0,0.0,0.0,0.0,0.0,-0.03526578098535538,0.057838667184114456,0.029545718804001808,-0.061472855508327484,0.28100311756134033,0.26570841670036316,0.27363744378089905,0.27547571063041687,-1.597200870513916,-0.6099634170532227,0.33473727107048035,0.0,0.0,0.0,0.0,0.0,0.0,0.0
20316225783,0,-0.01587979681789875,0.025777103379368782,-0.6108156442642212,6.569455581484362e-05,-0.04113857448101044,-0.8442511558532715,-0.027503838762640953,-0.022157341241836548,-0.06656115502119064,0.03189114108681679,-0.13383202254772186,-0.2334355115890503,0.008232975378632545,-0.010762866586446762,0.03475978597998619,0.0,0.0,-0.0047828578390181065,-0.06487953662872314,-0.061259571462869644,0.006382479332387447,-0.06173236295580864,0.08349425345659256,-0.04740861430764198,0.5131375193595886,-1.3950999975204468,-46.700965881347656,0.022112589329481125,0.1527562290430069,-0.007881488651037216,-0.0340798944234848,0.058461274951696396,-0.12015502154827118,0.03580344840884209,12.140643119812012,11.295953750610352,11.615026473999023,11.689126968383789,-0.038330078125,0.039863280951976776,0.026064453646540642,-0.06286133080720901,0.0,-0.028739197179675102,0.056476812809705734,0.023659266531467438,-0.06092393398284912,0.0,-0.21894471347332,-0.4723565876483917,-9.548261642456055,0.09329773485660553,-0.2536545395851135,-8.491085052490234,0.0,0.0,0.0,0.0,0.0,0.0,0.0,0.0,0.0,0.0,0.0,0.0,-0.033519577234983444,0.05818977206945419,0.028001653030514717,-0.06192599982023239,0.28342339396476746,0.26688554883003235,0.27314960956573486,0.2746013402938843,-1.6013767719268799,-0.1579989641904831,0.15038666129112244,0.0,0.0,0.0,0.0,0.0,0.0,0.0
20326393226,0,-0.01663481444120407,0.02584577165544033,-0.6119493842124939,6.569455581484362e-05,-0.04113857448101044,-0.8442511558532715,-0.02285909838974476,-0.015260044485330582,-0.06288794428110123,0.03189114108681679,-0.13383202254772186,-0.2334355115890503,0.00699225440621376,-0.01197091769427061,0.03459353744983673,0.0,0.0,-0.0047828578390181065,-0.07107535749673843,-0.06332410871982574,0.002520582638680935,-0.05633392557501793,0.09472774714231491,-0.04730026423931122,0.49964064359664917,-1.4239972829818726,-46.77165222167969,0.02755620703101158,0.15970128774642944,-0.0024746842682361603,-0.03412729129195213,0.05754205957055092,-0.11968251317739487,0.03584827855229378,12.04138469696045,11.448253631591797,11.479328155517578,11.84376335144043,-0.038330078125,0.04139648377895355,0.027597656473517418,-0.06286133080720901,0.0,-0.030225731432437897,0.056196555495262146,0.025240624323487282,-0.06059245765209198,0.0,-0.21894471347332,-0.4723565876483917,-9.548261642456055,0.09329773485660553,-0.2536545395851135,-8.491085052490234,0.0,0.0,0.0,0.0,0.0,0.0,0.0,0.0,0.0,0.0,0.0,0.0,-0.03187231719493866,0.05814305320382118,0.026524212211370468,-0.06202876195311546,0.2814876139163971,0.269878089427948,0.27048808336257935,0.2776274085044861,-1.281477451324463,-0.16494381427764893,-0.07636608183383942,0.0,0.0,0.0,0.0,0.0,0.0,0.0
20336175050,0,-0.01663481444120407,0.02584577165544033,-0.6119493842124939,6.569455581484362e-05,-0.04113857448101044,-0.8442511558532715,-0.02285909838974476,-0.015260044485330582,-0.06288794428110123,0.03189114108681679,-0.13383202254772186,-0.2334355115890503,0.00699225440621376,-0.01197091769427061,0.03459353744983673,0.0,0.0,-0.0047828578390181065,-0.06406737864017487,-0.07159360498189926,-0.009485890157520771,-0.05184274911880493,0.10445044934749603,-0.046621985733509064,0.5003746151924133,-1.548851490020752,-47.15873718261719,0.022787734866142273,0.18161307275295258,0.009672809392213821,-0.03422030434012413,0.05544579401612282,-0.11894641071557999,0.035614531487226486,11.860662460327148,11.809638023376465,11.247084617614746,12.286727905273438,-0.036796875298023224,0.04139648377895355,0.027597656473517418,-0.06286133080720901,0.0,-0.03439680486917496,0.05823240429162979,0.029656171798706055,-0.06203406676650047,0.0,-0.21894471347332,-0.4723565876483917,-9.548261642456055,0.09329773485660553,-0.2536545395851135,-8.491085052490234,0.0,0.0,0.0,0.0,0.0,0.0,0.0,0.0,0.0,0.0,0.0,0.0,-0.030882179737091064,0.05786774307489395,0.025691477581858635,-0.061896052211523056,0.2779577374458313,0.2769600749015808,0.265924334526062,0.28626909852027893,-0.17155295610427856,-0.3248981237411499,-0.36163848638534546,0.0,0.0,0.0,0.0,0.0,0.0,0.0
20346211255,0,-0.017681380733847618,0.02573920227587223,-0.6134482622146606,6.569455581484362e-05,-0.04113857448101044,-0.8442511558532715,-0.024607444182038307,-0.006839651148766279,-0.052272915840148926,0.035494327545166016,-0.13375622034072876,-0.23080289363861084,0.006086771842092276,-0.013740475289523602,0.03387979418039322,0.0,0.0,-0.0047828578390181065,-0.052380941808223724,-0.0735764428973198,-0.010399917140603065,-0.04266180470585823,0.11300674080848694,-0.04695356637239456,0.5003746151924133,-1.548851490020752,-47.15873718261719,0.022787734866142273,0.18161307275295258,0.009672809392213821,-0.03422030434012413,0.05544579401612282,-0.11894641071557999,0.035614531487226486,11.88773250579834,11.759154319763184,11.300756454467773,12.312710762023926,-0.03373046964406967,0.044462889432907104,0.029130859300494194,-0.06286133080720901,0.0,-0.03431844711303711,0.05848267674446106,0.029515275731682777,-0.06190298870205879,0.0,-0.2585510313510895,-0.16673363745212555,-9.514365196228027,0.09280090779066086,-0.28407564759254456,-8.584301948547363,0.0,0.0,0.0,0.0,0.0,0.0,0.0,0.0,0.0,0.0,0.0,0.0,-0.030847730115056038,0.05771725997328758,0.025803323835134506,-0.06178370118141174,0.2779577374458313,0.2769600749015808,0.265924334526062,0.28626909852027893,0.3489357829093933,-0.24254333972930908,-0.1781342327594757,0.0,0.0,0.0,0.0,0.0,0.0,0.0
20356351672,0,-0.017681380733847618,0.02573920227587223,-0.6134482622146606,6.569455581484362e-05,-0.04113857448101044,-0.8442511558532715,-0.024607444182038307,-0.006839651148766279,-0.052272915840148926,0.035494327545166016,-0.13375622034072876,-0.23080289363861084,0.006086771842092276,-0.013740475289523602,0.03387979418039322,0.0,0.0,-0.0047828578390181065,-0.052380941808223724,-0.0735764428973198,-0.010399917140603065,-0.04369891807436943,0.11804628372192383,-0.04686754569411278,0.5104050040245056,-1.5624160766601562,-47.213661193847656,0.006229779217392206,0.18900862336158752,0.008623545989394188,-0.0342574417591095,0.05445799604058266,-0.11872398853302002,0.03537571430206299,11.88773250579834,11.759154319763184,11.300756454467773,12.312710762023926,-0.032197266817092896,0.04292968660593033,0.029130859300494194,-0.06286133080720901,0.0,-0.03442702442407608,0.059189870953559875,0.029622314497828484,-0.06258512288331985,0.0,-0.2359476089477539,-0.38572993874549866,-9.707924842834473,0.09280090779066086,-0.28407564759254456,-8.584301948547363,0.0,0.0,0.0,0.0,0.0,0.0,0.0,0.0,0.0,0.0,0.0,0.0,-0.0314798541367054,0.05780556797981262,0.02655472792685032,-0.06178797408938408,0.27848687767982483,0.2759721875190735,0.26697996258735657,0.2867749035358429,0.3489357829093933,-0.24254333972930908,-0.1781342327594757,0.0,0.0,0.0,0.0,0.0,0.0,0.0
20366333889,0,-0.018418699502944946,0.02564527839422226,-0.614327073097229,6.569455581484362e-05,-0.04113857448101044,-0.8442511558532715,-0.027254389598965645,-0.010769820772111416,-0.052224110811948776,0.03696897253394127,-0.13356837630271912,-0.22992408275604248,0.005187412723898888,-0.014669853262603283,0.034003183245658875,0.0,0.0,-0.0047828578390181065,-0.02558862790465355,-0.06027374044060707,-0.005378903821110725,-0.04369891807436943,0.11804628372192383,-0.04686754569411278,0.5374284982681274,-1.5281347036361694,-47.18449401855469,0.006229779217392206,0.18900862336158752,0.008623545989394188,-0.0342574417591095,0.05445799604058266,-0.11872398853302002,0.03537571430206299,11.948765754699707,11.625813484191895,11.422799110412598,12.233917236328125,-0.03373046964406967,0.04139648377895355,0.027597656473517418,-0.06286133080720901,0.0,-0.03243614733219147,0.05964842066168785,0.02740749716758728,-0.06277856230735779,0.0,-0.2359476089477539,-0.38572993874549866,-9.707924842834473,0.10107950121164322,-0.2760370969772339,-8.578254699707031,0.0,0.0,0.0,0.0,0.0,0.0,0.0,0.0,0.0,0.0,0.0,0.0,-0.03223772346973419,0.05809296295046806,0.027383219450712204,-0.06191461905837059,0.27848687767982483,0.2759721875190735,0.26697996258735657,0.2867749035358429,0.8633862733840942,0.550675630569458,0.16825059056282043,0.0,0.0,0.0,0.0,0.0,0.0,0.0
20376350602,0,-0.018418699502944946,0.02564527839422226,-0.614327073097229,6.569455581484362e-05,-0.04113857448101044,-0.8442511558532715,-0.027254389598965645,-0.010769820772111416,-0.052224110811948776,0.03696897253394127,-0.13356837630271912,-0.22992408275604248,0.005187412723898888,-0.014669853262603283,0.034003183245658875,0.0,0.0,-0.0047828578390181065,-0.02558862790465355,-0.06027374044060707,-0.005378903821110725,-0.04369891807436943,0.11804628372192383,-0.04686754569411278,0.5559372305870056,-1.5182039737701416,-47.18040084838867,-0.02255219593644142,0.174228236079216,0.0016050413250923157,-0.03430827707052231,0.05301741883158684,-0.11840767413377762,0.035002823919057846,11.987283706665039,11.55402946472168,11.534977912902832,12.150163650512695,-0.03373046964406967,0.04292968660593033,0.027597656473517418,-0.06286133080720901,0.0,-0.03149726241827011,0.060277651995420456,0.026264097541570663,-0.06346654146909714,0.0,-0.2359476089477539,-0.38572993874549866,-9.707924842834473,0.10107950121164322,-0.2760370969772339,-8.578254699707031,0.0,0.0,0.0,0.0,0.0,0.0,0.0,0.0,0.0,0.0,0.0,0.0,-0.032695598900318146,0.05852920934557915,0.027844589203596115,-0.06215914338827133,0.2804315388202667,0.2719535827636719,0.27157992124557495,0.2836091220378876,0.8633862733840942,0.550675630569458,0.16825059056282043,0.0,0.0,0.0,0.0,0.0,0.0,0.0
20386308383,0,-0.018418699502944946,0.02564527839422226,-0.614327073097229,6.569455581484362e-05,-0.04113857448101044,-0.8442511558532715,-0.027254389598965645,-0.010769820772111416,-0.052224110811948776,0.03764604032039642,-0.13349585235118866,-0.22950971126556396,0.005187412723898888,-0.014669853262603283,0.034003183245658875,0.0,0.0,-0.0047828578390181065,-0.02558862790465355,-0.06027374044060707,-0.005378903821110725,-0.04549218714237213,0.12075711786746979,-0.046330612152814865,0.5559372305870056,-1.5182039737701416,-47.18040084838867,-0.02255219593644142,0.174228236079216,0.0016050413250923157,-0.03430827707052231,0.05301741883158684,-0.11840767413377762,0.035002823919057846,11.987283706665039,11.55402946472168,11.534977912902832,12.150163650512695,-0.03526367247104645,0.04292968660593033,0.026064453646540642,-0.06286133080720901,0.0,-0.03149726241827011,0.060277651995420456,0.026264097541570663,-0.06346654146909714,0.0,-0.2680034041404724,0.07847759872674942,-9.828010559082031,0.10438044369220734,-0.2678738236427307,-8.573591232299805,0.0,0.0,0.0,0.0,0.0,0.0,0.0,0.0,0.0,0.0,0.0,0.0,-0.032742977142333984,0.05903736874461174,0.027832599356770515,-0.06248891353607178,0.2804315388202667,0.2719535827636719,0.27157992124557495,0.2836091220378876,0.8633862733840942,0.550675630569458,0.16825059056282043,0.0,0.0,0.0,0.0,0.0,0.0,0.0
20396463135,0,-0.01911356672644615,0.025564078241586685,-0.6151598691940308,6.569455581484362e-05,-0.04113857448101044,-0.8442511558532715,-0.027937522158026695,-0.017835503444075584,-0.0519956573843956,0.03835871443152428,-0.13340596854686737,-0.22909128665924072,0.004725104663521051,-0.01508935634046793,0.03419576212763786,0.0,0.0,-0.0047828578390181065,-0.012834187597036362,-0.019735360518097878,-0.006502903997898102,-0.04474501684308052,0.11900556087493896,-0.0459522120654583,0.5810413956642151,-1.4399076700210571,-47.168975830078125,-0.03206872195005417,0.12168338894844055,0.003909392282366753,-0.03434170037508011,0.0521731860935688,-0.11757767200469971,0.03475857153534889,11.828248023986816,11.677277565002441,11.571951866149902,12.137581825256348,-0.03526367247104645,0.044462889432907104,0.026064453646540642,-0.06286133080720901,0.0,-0.028831852599978447,0.05802428722381592,0.0230169165879488,-0.061982929706573486,0.0,-0.3447592556476593,-0.049464788287878036,-9.879050254821777,0.10564389079809189,-0.2618013918399811,-8.576177597045898,0.0,0.0,0.0,0.0,0.0,0.0,0.0,0.0,0.0,0.0,0.0,0.0,-0.03241344913840294,0.05941220372915268,0.027387471869587898,-0.06276305764913559,0.2773239314556122,0.2743692100048065,0.2723050117492676,0.2833636403083801,0.5931645035743713,1.7029492855072021,0.01692388765513897,0.0,0.0,0.0,0.0,0.0,0.0,0.0
20406354763,0,-0.01911356672644615,0.025564078241586685,-0.6151598691940308,6.569455581484362e-05,-0.04113857448101044,-0.8442511558532715,-0.027937522158026695,-0.017835503444075584,-0.0519956573843956,0.03835871443152428,-0.13340596854686737,-0.22909128665924072,0.004725104663521051,-0.01508935634046793,0.03419576212763786,0.0,0.0,-0.0047828578390181065,-0.005525127053260803,0.00015591547708027065,-0.009483197703957558,-0.04474501684308052,0.11900556087493896,-0.0459522120654583,0.5867080092430115,-1.4452617168426514,-47.100921630859375,-0.04111015796661377,0.1003723070025444,0.007629018276929855,-0.034353505820035934,0.051855891942977905,-0.1167287528514862,0.034581031650304794,11.672072410583496,11.771219253540039,11.507919311523438,12.194768905639648,-0.032197266817092896,0.044462889432907104,0.026064453646540642,-0.06286133080720901,0.0,-0.029209358617663383,0.05789117515087128,0.023134300485253334,-0.06201305240392685,0.0,-0.0765179768204689,-0.32149606943130493,-10.087005615234375,0.10564389079809189,-0.2618013918399811,-8.576177597045898,0.0,0.0,0.0,0.0,0.0,0.0,0.0,0.0,0.0,0.0,0.0,0.0,-0.03173085302114487,0.05943825840950012,0.02651727944612503,-0.06282375752925873,0.2742672264575958,0.2762083411216736,0.27104899287223816,0.2844783663749695,0.575396716594696,1.7938934564590454,-0.121799536049366,0.0,0.0,0.0,0.0,0.0,0.0,0.0
20416665304,0,-0.02052648738026619,0.02540544793009758,-0.6168387532234192,6.569455581484362e-05,-0.04113857448101044,-0.8442511558532715,-0.02530830353498459,-0.01594066061079502,-0.050886765122413635,0.04118456691503525,-0.13308872282505035,-0.2274124026298523,0.005711860489100218,-0.013963609002530575,0.03370440751314163,0.0,0.0,-0.0047828578390181065,0.010791316628456116,0.03269005939364433,-0.008047467097640038,-0.046259988099336624,0.1106572076678276,-0.04623080790042877,0.5867215394973755,-1.4611952304840088,-47.18413543701172,-0.06219610944390297,0.059063829481601715,0.005746606737375259,-0.034360647201538086,0.051855891942977905,-0.1167287528514862,0.034581031650304794,11.644399642944336,11.77707576751709,11.67149829864502,12.137081146240234,-0.032197266817092896,0.044462889432907104,0.027597656473517418,-0.06286133080720901,0.0,-0.029763048514723778,0.05834123492240906,0.023291708901524544,-0.06277428567409515,0.0,-0.0765179768204689,-0.32149606943130493,-10.087005615234375,0.10667664557695389,-0.26567184925079346,-8.578933715820312,0.0,0.0,0.0,0.0,0.0,0.0,0.0,0.0,0.0,0.0,0.0,0.0,-0.030937988311052322,0.05919249355792999,0.025466904044151306,-0.06273774057626724,0.2742672264575958,0.2762083411216736,0.27104899287223816,0.2844783663749695,0.7226153612136841,1.7380410432815552,0.010963553562760353,0.0,0.0,0.0,0.0,0.0,0.0,0.0
20426203278,0,-0.02052648738026619,0.02540544793009758,-0.6168387532234192,6.569455581484362e-05,-0.04113857448101044,-0.8442511558532715,-0.02530830353498459,-0.01594066061079502,-0.050886765122413635,0.04184224084019661,-0.13301503658294678,-0.2269861102104187,0.005711860489100218,-0.013963609002530575,0.03370440751314163,0.0,0.0,-0.0047828578390181065,0.010791316628456116,0.03269005939364433,-0.008047467097640038,-0.046259988099336624,0.1106572076678276,-0.04623080790042877,0.5867215394973755,-1.4611952304840088,-47.18413543701172,-0.06219610944390297,0.059063829481601715,0.005746606737375259,-0.034360647201538086,0.0515628345310688,-0.114563949406147,0.034250594675540924,11.644399642944336,11.77707576751709,11.67149829864502,12.137081146240234,-0.03373046964406967,0.044462889432907104,0.027597656473517418,-0.06286133080720901,0.0,-0.029763048514723778,0.05834123492240906,0.023291708901524544,-0.06277428567409515,0.0,-0.1698165237903595,0.21335452795028687,-9.656925201416016,0.10743045061826706,-0.2606765925884247,-8.608024597167969,0.0,0.0,0.0,0.0,0.0,0.0,0.0,0.0,0.0,0.0,0.0,0.0,-0.03030569478869438,0.058893777430057526,0.02454167604446411,-0.06266706436872482,0.2737249732017517,0.27632296085357666,0.2742559015750885,0.2833540737628937,0.7226153612136841,1.7380410432815552,0.010963553562760353,0.0,0.0,0.0,0.0,0.0,0.0,0.0
20436997323,0,-0.02052648738026619,0.02540544793009758,-0.6168387532234192,6.569455581484362e-05,-0.04113857448101044,-0.8442511558532715,-0.02530830353498459,-0.01594066061079502,-0.050886765122413635,0.04184224084019661,-0.13301503658294678,-0.2269861102104187,0.005711860489100218,-0.013963609002530575,0.03370440751314163,0.0,0.0,-0.0047828578390181065,0.02195417694747448,0.04801434278488159,-0.004572478588670492,-0.046259988099336624,0.1106572076678276,-0.04623080790042877,0.5908674597740173,-1.4337213039398193,-47.34413528442383,-0.07781867682933807,0.03893587365746498,0.0011538900434970856,-0.03435876965522766,0.05162917822599411,-0.11326294392347336,0.03413264825940132,11.744352340698242,11.710014343261719,11.881383895874023,12.055219650268555,-0.03526367247104645,0.044462889432907104,0.027597656473517418,-0.06286133080720901,0.0,-0.02855720929801464,0.05797037109732628,0.02193921059370041,-0.06251545250415802,0.0,-0.1698165237903595,0.21335452795028687,-9.656925201416016,0.10743045061826706,-0.2606765925884247,-8.608024597167969,0.0,0.0,0.0,0.0,0.0,0.0,0.0,0.0,0.0,0.0,0.0,0.0,-0.029838962480425835,0.05862779915332794,0.023793593049049377,-0.06264014542102814,0.2756825089454651,0.2750103175640106,0.2783627212047577,0.28175753355026245,0.8871397376060486,1.6965872049331665,0.18675220012664795,0.0,0.0,0.0,0.0,0.0,0.0,0.0
20447572320,0,-0.021208278834819794,0.025307917967438698,-0.6176892518997192,6.569455581484362e-05,-0.04113857448101044,-0.8442511558532715,-0.02642161212861538,-0.014602013863623142,-0.04205263778567314,0.04254815727472305,-0.1328936517238617,-0.22656190395355225,0.006586089730262756,-0.012708636000752449,0.03311086446046829,0.0,0.0,-0.0047828578390181065,0.02195417694747448,0.04801434278488159,-0.004572478588670492,-0.052512116730213165,0.09799983352422714,-0.046392135322093964,0.5908674597740173,-1.4337213039398193,-47.34413528442383,-0.07781867682933807,0.03893587365746498,0.0011538900434970856,-0.03435876965522766,0.05162917822599411,-0.11326294392347336,0.03413264825940132,11.744352340698242,11.710014343261719,11.881383895874023,12.055219650268555,-0.03526367247104645,0.04752929508686066,0.027597656473517418,-0.06286133080720901,0.0,-0.02855720929801464,0.05797037109732628,0.02193921059370041,-0.06251545250415802,0.0,-0.13278301060199738,-0.0021237158216536045,-9.81257438659668,0.11204615980386734,-0.26867637038230896,-8.642195701599121,0.0,0.0,0.0,0.0,0.0,0.0,0.0,0.0,0.0,0.0,0.0,0.0,-0.029428523033857346,0.058392781764268875,0.0231458842754364,-0.06261584162712097,0.2756825089454651,0.2750103175640106,0.2783627212047577,0.28175753355026245,0.8871397376060486,1.6965872049331665,0.18675220012664795,0.0,0.0,0.0,0.0,0.0,0.0,0.0
20458599647,0,-0.0215477105230093,0.025254296138882637,-0.618092954158783,6.569455581484362e-05,-0.04113857448101044,-0.8442511558532715,-0.028687018901109695,-0.012728027999401093,-0.03932087495923042,0.043227024376392365,-0.13278640806674957,-0.22615820169448853,0.007067996542900801,-0.012015645392239094,0.03278104588389397,0.0,0.0,-0.0047828578390181065,0.05242842435836792,0.07067085057497025,-0.013405926525592804,-0.052512116730213165,0.09799983352422714,-0.046392135322093964,0.649851381778717,-1.4997392892837524,-47.62519836425781,-0.12377902865409851,0.010681986808776855,0.012938473373651505,-0.03434516489505768,0.05243486166000366,-0.10962224751710892,0.03380381688475609,11.402956008911133,12.049406051635742,11.772992134094238,12.446463584899902,-0.03373046964406967,0.04906250163912773,0.026064453646540642,-0.06286133080720901,0.0,-0.029629308730363846,0.06001103296875954,0.02235378883779049,-0.06410441547632217,0.0,-0.13278301060199738,-0.0021237158216536045,-9.81257438659668,0.11815479397773743,-0.27267986536026,-8.659127235412598,0.0,0.0,0.0,0.0,0.0,0.0,0.0,0.0,0.0,0.0,0.0,0.0,-0.029115337878465652,0.05829339101910591,0.02262379229068756,-0.06265867501497269,0.26898840069770813,0.28164422512054443,0.2762430012226105,0.28937599062919617,1.2365731000900269,1.0981992483139038,-0.3214227259159088,0.0,0.0,0.0,0.0,0.0,0.0,0.0
20466524190,0,-0.02226986363530159,0.025105664506554604,-0.6188175082206726,6.569455581484362e-05,-0.04113857448101044,-0.8442511558532715,-0.02591717056930065,-0.010761945508420467,-0.04190737009048462,0.04467133805155754,-0.1324891448020935,-0.22543364763259888,0.008119565434753895,-0.01114814355969429,0.032629482448101044,0.0,0.0,-0.0047828578390181065,0.07527493685483932,0.0657053142786026,-0.01581207849085331,-0.07221001386642456,0.08385860919952393,-0.04548781365156174,0.649851381778717,-1.4997392892837524,-47.62519836425781,-0.12377902865409851,0.010681986808776855,0.012938473373651505,-0.03434516489505768,0.05243486166000366,-0.10962224751710892,0.03380381688475609,11.289580345153809,11.975421905517578,11.7506103515625,12.500936508178711,-0.03066406212747097,0.05059570446610451,0.026064453646540642,-0.06286133080720901,0.0,-0.029926961287856102,0.06038224324584007,0.022396372631192207,-0.06382469832897186,0.0,0.029832689091563225,-0.18238160014152527,-9.828300476074219,0.11594972759485245,-0.27646902203559875,-8.630631446838379,0.0,0.0,0.0,0.0,0.0,0.0,0.0,0.0,0.0,0.0,0.0,0.0,-0.02902042493224144,0.05848444253206253,0.022300036624073982,-0.06286031007766724,0.26898840069770813,0.28164422512054443,0.2762430012226105,0.28937599062919617,1.1684300899505615,0.11963594704866409,-0.1814824789762497,0.0,0.0,0.0,0.0,0.0,0.0,0.0
20476308778,0,-0.02226986363530159,0.025105664506554604,-0.6188175082206726,6.569455581484362e-05,-0.04113857448101044,-0.8442511558532715,-0.02591717056930065,-0.010761945508420467,-0.04190737009048462,0.04467133805155754,-0.1324891448020935,-0.22543364763259888,0.008119565434753895,-0.01114814355969429,0.032629482448101044,0.0,0.0,-0.0047828578390181065,0.07527493685483932,0.0657053142786026,-0.01581207849085331,-0.07221001386642456,0.08385860919952393,-0.04548781365156174,0.6377235054969788,-1.5205795764923096,-47.46847152709961,-0.15963460505008698,0.01614926941692829,0.01411130279302597,-0.03430715203285217,0.05401666462421417,-0.10605917870998383,0.03326975554227829,11.289580345153809,11.975421905517578,11.7506103515625,12.500936508178711,-0.029130859300494194,0.04906250163912773,0.026064453646540642,-0.06286133080720901,0.0,-0.03095623478293419,0.060643382370471954,0.0233920868486166,-0.06406829506158829,0.0,-0.16267147660255432,0.13466167449951172,-9.648284912109375,0.11594972759485245,-0.27646902203559875,-8.630631446838379,0.0,0.0,0.0,0.0,0.0,0.0,0.0,0.0,0.0,0.0,0.0,0.0,-0.02917477861046791,0.058923520147800446,0.02220255509018898,-0.06316156685352325,0.2667602598667145,0.2802000641822815,0.27580490708351135,0.2904340922832489,1.1684300899505615,0.11963594704866409,-0.1814824789762497,0.0,0.0,0.0,0.0,0.0,0.0,0.0
20486395748,0,-0.02226986363530159,0.025105664506554604,-0.6188175082206726,6.569455581484362e-05,-0.04113857448101044,-0.8442511558532715,-0.02591717056930065,-0.010761945508420467,-0.04190737009048462,0.04467133805155754,-0.1324891448020935,-0.22543364763259888,0.008119565434753895,-0.01114814355969429,0.032629482448101044,0.0,0.0,-0.0047828578390181065,0.09328290820121765,0.06777237355709076,-0.012726196087896824,-0.07221001386642456,0.08385860919952393,-0.04548781365156174,0.6383568048477173,-1.5107738971710205,-47.27256393432617,-0.18917818367481232,0.007297246716916561,0.009430471807718277,-0.03427458181977272,0.05526081472635269,-0.10415377467870712,0.03300998732447624,11.29833698272705,11.779462814331055,11.878059387207031,12.366190910339355,-0.029130859300494194,0.04752929508686066,0.024531250819563866,-0.06286133080720901,0.0,-0.030602289363741875,0.06138066574931145,0.022833237424492836,-0.06450172513723373,0.0,0.12826509773731232,0.19157984852790833,-9.907524108886719,0.11594972759485245,-0.27646902203559875,-8.630631446838379,0.0,0.0,0.0,0.0,0.0,0.0,0.0,0.0,0.0,0.0,0.0,0.0,-0.02951560914516449,0.05947878956794739,0.022302398458123207,-0.06348580121994019,0.2669324278831482,0.2763696014881134,0.2782978415489197,0.2878152132034302,1.382874608039856,0.14979255199432373,0.020749550312757492,0.0,0.0,0.0,0.0,0.0,0.0,0.0
20496366795,0,-0.023919660598039627,0.024845194071531296,-0.6201781630516052,6.569455581484362e-05,-0.04113857448101044,-0.8442511558532715,-0.021091725677251816,-0.01238345354795456,-0.04834330081939697,0.04713825136423111,-0.13207687437534332,-0.22441285848617554,0.012883862480521202,-0.007967865094542503,0.03338561952114105,0.0,0.0,-0.0047828578390181065,0.10925024747848511,0.07256658375263214,-0.00818036962300539,-0.10290490835905075,0.06256099045276642,-0.04586200416088104,0.590499997138977,-1.527397871017456,-47.164188385009766,-0.215231791138649,-0.00559940654784441,0.004534626379609108,-0.03423801064491272,0.05526081472635269,-0.10415377467870712,0.03300998732447624,11.332365989685059,11.610946655273438,12.03336238861084,12.23589038848877,-0.03066406212747097,0.04906250163912773,0.024531250819563866,-0.06286133080720901,0.0,-0.032519564032554626,0.06132322549819946,0.024436842650175095,-0.06428195536136627,0.0,0.12826509773731232,0.19157984852790833,-9.907524108886719,0.11063393205404282,-0.27752798795700073,-8.566302299499512,0.0,0.0,0.0,0.0,0.0,0.0,0.0,0.0,0.0,0.0,0.0,0.0,-0.029988529160618782,0.060066163539886475,0.022549213841557503,-0.06380258500576019,0.2669324278831482,0.2763696014881134,0.2782978415489197,0.2878152132034302,1.4154151678085327,0.2910439968109131,0.14417485892772675,0.0,0.0,0.0,0.0,0.0,0.0,0.0
20506491792,0,-0.023919660598039627,0.024845194071531296,-0.6201781630516052,6.569455581484362e-05,-0.04113857448101044,-0.8442511558532715,-0.021091725677251816,-0.01238345354795456,-0.04834330081939697,0.04713825136423111,-0.13207687437534332,-0.22441285848617554,0.012883862480521202,-0.007967865094542503,0.03338561952114105,0.0,0.0,-0.0047828578390181065,0.12111157923936844,0.0798625722527504,-0.004603814333677292,-0.10290490835905075,0.06256099045276642,-0.04586200416088104,0.6084866523742676,-1.5264039039611816,-47.114662170410156,-0.23728252947330475,-0.022260364145040512,0.001469939947128296,-0.03420661389827728,0.05838339775800705,-0.10040081292390823,0.03280460834503174,11.335296630859375,11.515384674072266,12.158150672912598,12.154348373413086,-0.032197266817092896,0.04906250163912773,0.02299804612994194,-0.06286133080720901,0.0,-0.0319158174097538,0.062358491122722626,0.023636674508452415,-0.06520634144544601,0.0,0.12826509773731232,0.19157984852790833,-9.907524108886719,0.11063393205404282,-0.27752798795700073,-8.566302299499512,0.0,0.0,0.0,0.0,0.0,0.0,0.0,0.0,0.0,0.0,0.0,0.0,-0.030571861192584038,0.06063741073012352,0.022908028215169907,-0.06409962475299835,0.267659068107605,0.2711956202983856,0.2837646007537842,0.2836906313896179,1.326603651046753,0.4958782196044922,0.17930319905281067,0.0,0.0,0.0,0.0,0.0,0.0,0.0
20516605910,0,-0.023919660598039627,0.024845194071531296,-0.6201781630516052,6.569455581484362e-05,-0.04113857448101044,-0.8442511558532715,-0.021091725677251816,-0.01238345354795456,-0.04834330081939697,0.04713825136423111,-0.13207687437534332,-0.22441285848617554,0.012883862480521202,-0.007967865094542503,0.03338561952114105,0.0,0.0,-0.0047828578390181065,0.12111157923936844,0.0798625722527504,-0.004603814333677292,-0.10290490835905075,0.06256099045276642,-0.04586200416088104,0.6084866523742676,-1.5264039039611816,-47.114662170410156,-0.23728252947330475,-0.022260364145040512,0.001469939947128296,-0.03420661389827728,0.05838339775800705,-0.10040081292390823,0.03280460834503174,11.335296630859375,11.515384674072266,12.158150672912598,12.154348373413086,-0.03373046964406967,0.05059570446610451,0.02299804612994194,-0.06439453363418579,0.0,-0.0319158174097538,0.062358491122722626,0.023636674508452415,-0.06520634144544601,0.0,0.12826509773731232,0.19157984852790833,-9.907524108886719,0.11063393205404282,-0.27752798795700073,-8.566302299499512,0.0,0.0,0.0,0.0,0.0,0.0,0.0,0.0,0.0,0.0,0.0,0.0,-0.031134596094489098,0.06118818745017052,0.023255864158272743,-0.06440728157758713,0.267659068107605,0.2711956202983856,0.2837646007537842,0.2836906313896179,1.326603651046753,0.4958782196044922,0.17930319905281067,0.0,0.0,0.0,0.0,0.0,0.0,0.0
20526384651,0,-0.024822590872645378,0.024723069742321968,-0.620869517326355,6.569455581484362e-05,-0.04113857448101044,-0.8442511558532715,-0.023739565163850784,-0.01393252145498991,-0.0440758541226387,0.049776818603277206,-0.13172394037246704,-0.2233816385269165,0.015188534744083881,-0.0066739278845489025,0.03295021131634712,0.0,0.0,-0.0047828578390181065,0.1255931258201599,0.0774153620004654,-0.007093103602528572,-0.12114331871271133,0.05214526504278183,-0.04533850774168968,0.6821631193161011,-1.4957716464996338,-47.36423110961914,-0.25147807598114014,-0.026511283591389656,0.0068717412650585175,-0.034139227122068405,0.06228288635611534,-0.09638648480176926,0.03265571966767311,11.232995986938477,11.696460723876953,12.113838195800781,12.366888046264648,-0.03066406212747097,0.05059570446610451,0.02299804612994194,-0.06439453363418579,0.0,-0.028915461152791977,0.0627017691731453,0.02068411558866501,-0.06531134992837906,0.0,-0.20506007969379425,-0.24545110762119293,-9.5949068069458,0.12402965873479843,-0.27195847034454346,-8.611678123474121,0.0,0.0,0.0,0.0,0.0,0.0,0.0,0.0,0.0,0.0,0.0,0.0,-0.03141709789633751,0.06169085204601288,0.023360997438430786,-0.06471088528633118,0.26564711332321167,0.27474483847618103,0.28290092945098877,0.2878287732601166,0.3756122887134552,-0.021189965307712555,-0.1061156839132309,0.0,0.0,0.0,0.0,0.0,0.0,0.0
20536462204,0,-0.025278130546212196,0.024657657369971275,-0.6212229132652283,6.569455581484362e-05,-0.04113857448101044,-0.8442511558532715,-0.02534409426152706,-0.015546265058219433,-0.04224184900522232,0.05068790167570114,-0.13159312307834625,-0.2230282425880432,0.0160421933978796,-0.006054630968719721,0.03256077691912651,0.0,0.0,-0.0047828578390181065,0.11897105723619461,0.0754382461309433,-0.011220104061067104,-0.12114331871271133,0.05214526504278183,-0.04533850774168968,0.712435245513916,-1.4797207117080688,-47.435176849365234,-0.24786101281642914,-0.029373006895184517,0.011735331267118454,-0.034099988639354706,0.06446202844381332,-0.0942399874329567,0.032514993101358414,11.130188941955566,11.847085952758789,12.009076118469238,12.495819091796875,-0.027597656473517418,0.05059570446610451,0.02299804612994194,-0.06439453363418579,0.0,-0.02770671620965004,0.06233236938714981,0.01950407586991787,-0.0650363340973854,0.0,-0.20506007969379425,-0.24545110762119293,-9.5949068069458,0.12953367829322815,-0.26904013752937317,-8.624577522277832,0.0,0.0,0.0,0.0,0.0,0.0,0.0,0.0,0.0,0.0,0.0,0.0,-0.031177064403891563,0.06209173426032066,0.02300051599740982,-0.06495346873998642,0.2636231482028961,0.2776922881603241,0.2808569371700287,0.2903347909450531,-0.16727827489376068,-0.10876453667879105,-0.29864606261253357,0.0,0.0,0.0,0.0,0.0,0.0,0.0
20546253356,0,-0.026248013600707054,0.02459091506898403,-0.6219766139984131,6.569455581484362e-05,-0.04113857448101044,-0.8442511558532715,-0.027053063735365868,-0.012035708874464035,-0.04220049828290939,0.05262767896056175,-0.13145963847637177,-0.2222745418548584,0.017802804708480835,-0.004170538391917944,0.03201467543840408,0.0,0.0,-0.0047828578390181065,0.11193746328353882,0.09632637351751328,-0.009287039749324322,-0.15003922581672668,0.02792450040578842,-0.045357637107372284,0.712435245513916,-1.4797207117080688,-47.435176849365234,-0.24786101281642914,-0.029373006895184517,0.011735331267118454,-0.034099988639354706,0.06446202844381332,-0.0942399874329567,0.032514993101358414,11.130188941955566,11.847085952758789,12.009076118469238,12.495819091796875,-0.027597656473517418,0.04906250163912773,0.024531250819563866,-0.06439453363418579,0.0,-0.02770671620965004,0.06233236938714981,0.01950407586991787,-0.0650363340973854,0.0,0.15579883754253387,0.17806260287761688,-9.9828462600708,0.13756097853183746,-0.2767702341079712,-8.619721412658691,0.0,0.0,0.0,0.0,0.0,0.0,0.0,0.0,0.0,0.0,0.0,0.0,-0.03047439642250538,0.062350329011678696,0.022232472896575928,-0.065100759267807,0.2636231482028961,0.2776922881603241,0.2808569371700287,0.2903347909450531,-0.40117204189300537,0.7680058479309082,-0.07290738075971603,0.0,0.0,0.0,0.0,0.0,0.0,0.0
20556615512,0,-0.026248013600707054,0.02459091506898403,-0.6219766139984131,6.569455581484362e-05,-0.04113857448101044,-0.8442511558532715,-0.027053063735365868,-0.012035708874464035,-0.04220049828290939,0.05262767896056175,-0.13145963847637177,-0.2222745418548584,0.017802804708480835,-0.004170538391917944,0.03201467543840408,0.0,0.0,-0.0047828578390181065,0.11193746328353882,0.09632637351751328,-0.009287039749324322,-0.1564233899116516,0.019735611975193024,-0.04536161199212074,0.7565853595733643,-1.5222363471984863,-47.40846633911133,-0.25606825947761536,-0.07978036999702454,0.008518436923623085,-0.03400792181491852,0.0689253956079483,-0.08960067480802536,0.03219102695584297,11.114893913269043,11.826006889343262,12.172759056091309,12.344653129577637,-0.029130859300494194,0.05059570446610451,0.024531250819563866,-0.06592773646116257,0.0,-0.027683841064572334,0.06504835933446884,0.019202526658773422,-0.06831346452236176,0.0,-0.17075178027153015,-0.30810460448265076,-9.479543685913086,0.13756097853183746,-0.2767702341079712,-8.619721412658691,0.0,0.0,0.0,0.0,0.0,0.0,0.0,0.0,0.0,0.0,0.0,0.0,-0.02961704693734646,0.06259948760271072,0.021337365731596947,-0.06531248986721039,0.2633218765258789,0.27728018164634705,0.2840494215488434,0.28739646077156067,-0.40117204189300537,0.7680058479309082,-0.07290738075971603,0.0,0.0,0.0,0.0,0.0,0.0,0.0
20566391132,0,-0.026248013600707054,0.02459091506898403,-0.6219766139984131,6.569455581484362e-05,-0.04113857448101044,-0.8442511558532715,-0.027053063735365868,-0.012035708874464035,-0.04220049828290939,0.05370021611452103,-0.1314394325017929,-0.22188973426818848,0.017802804708480835,-0.004170538391917944,0.03201467543840408,0.0,0.0,-0.0047828578390181065,0.10366054624319077,0.09987965226173401,-0.004742717370390892,-0.1564233899116516,0.019735611975193024,-0.04536161199212074,0.7591978311538696,-1.5267045497894287,-47.379241943359375,-0.25121909379959106,-0.08762697875499725,0.0032757222652435303,-0.03396563231945038,0.07084265351295471,-0.08739268779754639,0.03214602917432785,11.23312759399414,11.707549095153809,12.301816940307617,12.186568260192871,-0.03066406212747097,0.05059570446610451,0.02299804612994194,-0.06592773646116257,0.0,-0.027446717023849487,0.06592569500207901,0.019058121368288994,-0.06940317153930664,0.0,-0.17075178027153015,-0.30810460448265076,-9.479543685913086,0.13803596794605255,-0.27758264541625977,-8.614407539367676,0.0,0.0,0.0,0.0,0.0,0.0,0.0,0.0,0.0,0.0,0.0,0.0,-0.028828777372837067,0.06308908760547638,0.02051045186817646,-0.06586947292089462,0.2656497657299042,0.27496209740638733,0.286562979221344,0.2843184173107147,-0.7033509016036987,0.583802342414856,0.09056107699871063,0.0,0.0,0.0,0.0,0.0,0.0,0.0
20577747776,0,-0.02840929478406906,0.024693401530385017,-0.6235066652297974,6.569455581484362e-05,-0.04113857448101044,-0.8442511558532715,-0.018331807106733322,0.016811277717351913,-0.05186659097671509,0.05695026367902756,-0.13166460394859314,-0.22074449062347412,0.020549675449728966,-0.001158086466602981,0.032658983021974564,0.0,0.0,-0.0047828578390181065,0.10366054624319077,0.09987965226173401,-0.004742717370390892,-0.1634315401315689,0.007983294315636158,-0.04494169354438782,0.7591978311538696,-1.5267045497894287,-47.379241943359375,-0.25121909379959106,-0.08762697875499725,0.0032757222652435303,-0.03396563231945038,0.07084265351295471,-0.08739268779754639,0.03214602917432785,11.23312759399414,11.707549095153809,12.301816940307617,12.186568260192871,-0.032197266817092896,0.05059570446610451,0.02299804612994194,-0.06746093928813934,0.0,-0.027446717023849487,0.06592569500207901,0.019058121368288994,-0.06940317153930664,0.0,-0.25402599573135376,-0.4805203974246979,-9.418530464172363,0.12808838486671448,-0.3356512784957886,-8.538028717041016,0.0,0.0,0.0,0.0,0.0,0.0,0.0,0.0,0.0,0.0,0.0,0.0,-0.02819700911641121,0.06381283700466156,0.01984243094921112,-0.06674519181251526,0.2656497657299042,0.27496209740638733,0.286562979221344,0.2843184173107147,-0.7033509016036987,0.583802342414856,0.09056107699871063,0.0,0.0,0.0,0.0,0.0,0.0,0.0
20586288227,0,-0.02840929478406906,0.024693401530385017,-0.6235066652297974,6.569455581484362e-05,-0.04113857448101044,-0.8442511558532715,-0.018331807106733322,0.016811277717351913,-0.05186659097671509,0.05695026367902756,-0.13166460394859314,-0.22074449062347412,0.020549675449728966,-0.001158086466602981,0.032658983021974564,0.0,0.0,-0.0047828578390181065,0.06321384012699127,0.08910121768712997,0.0007809975650161505,-0.1634315401315689,0.007983294315636158,-0.04494169354438782,0.7231144905090332,-1.8190234899520874,-47.03702926635742,-0.20797967910766602,-0.07793910056352615,-0.001355975866317749,-0.03387422487139702,0.07495373487472534,-0.08212155848741531,0.032216496765613556,11.344207763671875,11.556038856506348,12.250469207763672,11.933706283569336,-0.032197266817092896,0.05059570446610451,0.02299804612994194,-0.06746093928813934,0.0,-0.03740949556231499,0.07465904951095581,0.028626706451177597,-0.07848043739795685,0.0,-0.25402599573135376,-0.4805203974246979,-9.418530464172363,0.12808838486671448,-0.3356512784957886,-8.538028717041016,0.0,0.0,0.0,0.0,0.0,0.0,0.0,0.0,0.0,0.0,0.0,0.0,-0.0282074473798275,0.06496154516935349,0.01981058157980442,-0.06808510422706604,0.2678341269493103,0.27199313044548035,0.2855631113052368,0.2793852388858795,-1.8665705919265747,-0.31788164377212524,0.09381832182407379,0.0,0.0,0.0,0.0,0.0,0.0,0.0
20596254248,0,-0.029479432851076126,0.02497769333422184,-0.6243137717247009,6.569455581484362e-05,-0.04113857448101044,-0.8442511558532715,-0.020024456083774567,0.02342178486287594,-0.05113230645656586,0.059090547263622284,-0.13223318755626678,-0.21993738412857056,0.02131597511470318,0.0003053589607588947,0.03264418989419937,0.0,0.0,-0.0047828578390181065,0.06321384012699127,0.08910121768712997,0.0007809975650161505,-0.16943608224391937,-0.0036960248835384846,-0.04490557312965393,0.7231144905090332,-1.8190234899520874,-47.03702926635742,-0.20797967910766602,-0.07793910056352615,-0.001355975866317749,-0.03387422487139702,0.07495373487472534,-0.08212155848741531,0.032216496765613556,11.344207763671875,11.556038856506348,12.250469207763672,11.933706283569336,-0.03066406212747097,0.05059570446610451,0.021464843302965164,-0.06746093928813934,0.0,-0.03740949556231499,0.07465904951095581,0.028626706451177597,-0.07848043739795685,0.0,0.11142043769359589,0.05596122518181801,-9.71703815460205,0.13591144979000092,-0.3507829010486603,-8.546127319335938,0.0,0.0,0.0,0.0,0.0,0.0,0.0,0.0,0.0,0.0,0.0,0.0,-0.029451005160808563,0.06691306084394455,0.020980315282940865,-0.07024356722831726,0.2678341269493103,0.27199313044548035,0.2855631113052368,0.2793852388858795,-1.8665705919265747,-0.31788164377212524,0.09381832182407379,0.0,0.0,0.0,0.0,0.0,0.0,0.0
20606569521,0,-0.029479432851076126,0.02497769333422184,-0.6243137717247009,6.569455581484362e-05,-0.04113857448101044,-0.8442511558532715,-0.020024456083774567,0.02342178486287594,-0.05113230645656586,0.059090547263622284,-0.13223318755626678,-0.21993738412857056,0.02131597511470318,0.0003053589607588947,0.03264418989419937,0.0,0.0,-0.0047828578390181065,0.021211503073573112,0.07300204038619995,-0.00579032814130187,-0.16943608224391937,-0.0036960248835384846,-0.04490557312965393,0.7475129961967468,-1.929305911064148,-47.003700256347656,-0.15855009853839874,-0.07233481109142303,0.007925920188426971,-0.03380037844181061,0.07780817151069641,-0.07751798629760742,0.032241739332675934,11.18824291229248,11.849661827087402,11.926172256469727,12.090363502502441,-0.026064453646540642,0.05059570446610451,0.021464843302965164,-0.06746093928813934,0.0,-0.04064013063907623,0.07684225589036942,0.03195931762456894,-0.08140568435192108,0.0,0.17541401088237762,-0.1108662411570549,-9.71028995513916,0.13591144979000092,-0.3507829010486603,-8.546127319335938,0.0,0.0,0.0,0.0,0.0,0.0,0.0,0.0,0.0,0.0,0.0,0.0,-0.03168019279837608,0.06940290331840515,0.02312031202018261,-0.0729600042104721,0.26476627588272095,0.2777426838874817,0.2792379558086395,0.2824430465698242,-2.220672369003296,-0.6506617069244385,-0.30358511209487915,0.0,0.0,0.0,0.0,0.0,0.0,0.0
20616577394,0,-0.029479432851076126,0.02497769333422184,-0.6243137717247009,6.569455581484362e-05,-0.04113857448101044,-0.8442511558532715,-0.020024456083774567,0.02342178486287594,-0.05113230645656586,0.06013088673353195,-0.13245739042758942,-0.21954894065856934,0.02131597511470318,0.0003053589607588947,0.03264418989419937,0.0,0.0,-0.0047828578390181065,0.008074261248111725,0.06250504404306412,-0.007988262921571732,-0.16943608224391937,-0.0036960248835384846,-0.04490557312965393,0.7749454975128174,-1.9152957201004028,-47.12060546875,-0.14866763353347778,-0.06103532388806343,0.009731002151966095,-0.03376483917236328,0.07885107398033142,-0.07548413425683975,0.03217008709907532,11.204692840576172,11.921658515930176,11.877338409423828,12.167523384094238,-0.026064453646540642,0.04906250163912773,0.019931640475988388,-0.06899414211511612,0.0,-0.03926825523376465,0.07677973061800003,0.030859772115945816,-0.08127643913030624,0.0,-0.13138103485107422,-0.3788919746875763,-9.577530860900879,0.1408991813659668,-0.3482355773448944,-8.5673828125,0.0,0.0,0.0,0.0,0.0,0.0,0.0,0.0,0.0,0.0,0.0,0.0,-0.03421756625175476,0.07189659029245377,0.025599360466003418,-0.07571353018283844,0.2650901675224304,0.27914974093437195,0.27828383445739746,0.2839474380016327,-2.0034401416778564,-0.9006744027137756,-0.31955304741859436,0.0,0.0,0.0,0.0,0.0,0.0,0.0
20626363531,0,-0.0309910848736763,0.025276511907577515,-0.6254251599311829,6.569455581484362e-05,-0.04113857448101044,-0.8442511558532715,-0.024112602695822716,0.014084872789680958,-0.042066074907779694,0.062113866209983826,-0.13283084332942963,-0.21882599592208862,0.020187832415103912,0.0011959858238697052,0.032206688076257706,0.0,0.0,-0.0047828578390181065,-0.0066351694986224174,0.04568149149417877,-0.01038218755275011,-0.1618107706308365,-0.008198583498597145,-0.04419173300266266,0.7749454975128174,-1.9152957201004028,-47.12060546875,-0.14866763353347778,-0.06103532388806343,0.009731002151966095,-0.03376483917236328,0.07885107398033142,-0.07548413425683975,0.03217008709907532,11.237486839294434,11.982243537902832,11.817206382751465,12.253547668457031,-0.026064453646540642,0.05059570446610451,0.019931640475988388,-0.06899414211511612,0.0,-0.03915359452366829,0.07639077305793762,0.031016848981380463,-0.08070462942123413,0.0,-0.13138103485107422,-0.3788919746875763,-9.577530860900879,0.15136198699474335,-0.33407941460609436,-8.619107246398926,0.0,0.0,0.0,0.0,0.0,0.0,0.0,0.0,0.0,0.0,0.0,0.0,-0.036455463618040085,0.07400902360677719,0.027847247198224068,-0.07807383686304092,0.2650901675224304,0.27914974093437195,0.27828383445739746,0.2839474380016327,-1.8193362951278687,-1.2623287439346313,-0.31420841813087463,0.0,0.0,0.0,0.0,0.0,0.0,0.0
20636522362,0,-0.0309910848736763,0.025276511907577515,-0.6254251599311829,6.569455581484362e-05,-0.04113857448101044,-0.8442511558532715,-0.024112602695822716,0.014084872789680958,-0.042066074907779694,0.062113866209983826,-0.13283084332942963,-0.21882599592208862,0.020187832415103912,0.0011959858238697052,0.032206688076257706,0.0,0.0,-0.0047828578390181065,-0.025053592398762703,0.024205662310123444,-0.013446245342493057,-0.1618107706308365,-0.008198583498597145,-0.04419173300266266,0.8324909210205078,-1.8374367952346802,-47.40509033203125,-0.11746416985988617,-0.01593337208032608,0.014016132801771164,-0.03366955742239952,0.08072476089000702,-0.07134020328521729,0.03185129165649414,11.284603118896484,12.080211639404297,11.72516918182373,12.366642951965332,-0.027597656473517418,0.05366211012005806,0.019931640475988388,-0.07206054776906967,0.0,-0.03473566100001335,0.07518244534730911,0.027184592559933662,-0.07937399297952652,0.0,-0.13138103485107422,-0.3788919746875763,-9.577530860900879,0.15136198699474335,-0.33407941460609436,-8.619107246398926,0.0,0.0,0.0,0.0,0.0,0.0,0.0,0.0,0.0,0.0,0.0,0.0,-0.03785545006394386,0.07544964551925659,0.02935362607240677,-0.07968510687351227,0.2666622996330261,0.28224489092826843,0.2753070890903473,0.2878240942955017,-1.9293009042739868,-1.6470872163772583,-0.34056907892227173,0.0,0.0,0.0,0.0,0.0,0.0,0.0
20647344732,0,-0.031850848346948624,0.025533294305205345,-0.6260841488838196,6.569455581484362e-05,-0.04113857448101044,-0.8442511558532715,-0.026225868612527847,0.006422778591513634,-0.03871608152985573,0.06383340805768967,-0.13334441184997559,-0.2181670069694519,0.018268978223204613,0.0008081432315520942,0.03161318600177765,0.0,0.0,-0.0047828578390181065,-0.025053592398762703,0.024205662310123444,-0.013446245342493057,-0.1515727937221527,-0.005932127125561237,-0.04394025355577469,0.8324909210205078,-1.8374367952346802,-47.40509033203125,-0.11746416985988617,-0.01593337208032608,0.014016132801771164,-0.03366955742239952,0.08072476089000702,-0.07134020328521729,0.03185129165649414,11.284603118896484,12.080211639404297,11.72516918182373,12.366642951965332,-0.029130859300494194,0.055195312947034836,0.019931640475988388,-0.07359375059604645,0.0,-0.03473566100001335,0.07518244534730911,0.027184592559933662,-0.07937399297952652,0.0,-0.024447370320558548,-0.5061607360839844,-9.588940620422363,0.15967309474945068,-0.31963491439819336,-8.644113540649414,0.0,0.0,0.0,0.0,0.0,0.0,0.0,0.0,0.0,0.0,0.0,0.0,-0.038172099739313126,0.0761645957827568,0.029871022328734398,-0.08048152923583984,0.2666622996330261,0.28224489092826843,0.2753070890903473,0.2878240942955017,-1.9293009042739868,-1.6470872163772583,-0.34056907892227173,0.0,0.0,0.0,0.0,0.0,0.0,0.0
20656282508,0,-0.031850848346948624,0.025533294305205345,-0.6260841488838196,6.569455581484362e-05,-0.04113857448101044,-0.8442511558532715,-0.026225868612527847,0.006422778591513634,-0.03871608152985573,0.06383340805768967,-0.13334441184997559,-0.2181670069694519,0.018268978223204613,0.0008081432315520942,0.03161318600177765,0.0,0.0,-0.0047828578390181065,-0.07284179329872131,-0.01390370074659586,-0.018651949241757393,-0.1515727937221527,-0.005932127125561237,-0.04394025355577469,0.8782020211219788,-1.7579920291900635,-47.542625427246094,-0.0397588387131691,0.02903289720416069,0.018113557249307632,-0.03355647251009941,0.081414595246315,-0.0685238316655159,0.03133547306060791,11.401473045349121,12.26827621459961,11.469672203063965,12.45263385772705,-0.029130859300494194,0.05826171860098839,0.02299804612994194,-0.07512695342302322,0.0,-0.030485616996884346,0.07306309789419174,0.023941796272993088,-0.07785413414239883,0.0,-0.024447370320558548,-0.5061607360839844,-9.588940620422363,0.15967309474945068,-0.31963491439819336,-8.644113540649414,0.0,0.0,0.0,0.0,0.0,0.0,0.0,0.0,0.0,0.0,0.0,0.0,-0.03749765455722809,0.07623720914125443,0.029480168595910072,-0.08059874176979065,0.26895928382873535,0.28590986132621765,0.2702986001968384,0.2894957363605499,-2.523536205291748,-1.8506410121917725,-0.3154117166996002,0.0,0.0,0.0,0.0,0.0,0.0,0.0
20666334234,0,-0.031850848346948624,0.025533294305205345,-0.6260841488838196,6.569455581484362e-05,-0.04113857448101044,-0.8442511558532715,-0.026225868612527847,0.006422778591513634,-0.03871608152985573,0.06383340805768967,-0.13334441184997559,-0.2181670069694519,0.018268978223204613,0.0008081432315520942,0.03161318600177765,0.0,0.0,-0.0047828578390181065,-0.09630118310451508,-0.036420200020074844,-0.018669845536351204,-0.1515727937221527,-0.005932127125561237,-0.04394025355577469,0.8395601511001587,-1.7604345083236694,-47.594139099121094,-0.010900862514972687,0.05834793299436569,0.017010577023029327,-0.033483002334833145,0.08122193813323975,-0.06745334714651108,0.031022269278764725,11.5321683883667,12.25501537322998,11.4220609664917,12.439180374145508,-0.027597656473517418,0.05826171860098839,0.024531250819563866,-0.07819335907697678,0.0,-0.03139324113726616,0.07210171222686768,0.025320691987872124,-0.07690011709928513,0.0,-0.024447370320558548,-0.5061607360839844,-9.588940620422363,0.15967309474945068,-0.31963491439819336,-8.644113540649414,0.0,0.0,0.0,0.0,0.0,0.0,0.0,0.0,0.0,0.0,0.0,0.0,-0.03610997274518013,0.07574062794446945,0.028479168191552162,-0.08017604053020477,0.2715248465538025,0.2856517434120178,0.2693638205528259,0.2892342805862427,-2.4826459884643555,-1.9890717267990112,-0.19893458485603333,0.0,0.0,0.0,0.0,0.0,0.0,0.0
20676339266,0,-0.03322471305727959,0.025840895250439644,-0.627327561378479,6.569455581484362e-05,-0.04113857448101044,-0.8442511558532715,-0.017398832365870476,0.02288760431110859,-0.03662661835551262,0.06593181192874908,-0.13385504484176636,-0.21722650527954102,0.01536925695836544,-0.0023323288187384605,0.03137502819299698,0.0,0.0,-0.0047828578390181065,-0.10897213965654373,-0.0614171102643013,-0.016432449221611023,-0.12231523543596268,0.01765807531774044,-0.04340927302837372,0.8395601511001587,-1.7604345083236694,-47.594139099121094,-0.010900862514972687,0.05834793299436569,0.017010577023029327,-0.033483002334833145,0.08122193813323975,-0.06745334714651108,0.031022269278764725,11.671485900878906,12.122462272644043,11.421239852905273,12.371627807617188,-0.027597656473517418,0.05826171860098839,0.024531250819563866,-0.07972656190395355,0.0,-0.031018393114209175,0.07289153337478638,0.02532252110540867,-0.07732081413269043,0.0,-0.1634274423122406,-0.4867560863494873,-9.703583717346191,0.1506197601556778,-0.34404218196868896,-8.649580001831055,0.0,0.0,0.0,0.0,0.0,0.0,0.0,0.0,0.0,0.0,0.0,0.0,-0.03449796885251999,0.07490570098161697,0.027340508997440338,-0.079427070915699,0.2715248465538025,0.2856517434120178,0.2693638205528259,0.2892342805862427,-1.9656314849853516,-2.172900438308716,-0.032051581889390945,0.0,0.0,0.0,0.0,0.0,0.0,0.0
20686222154,0,-0.03322471305727959,0.025840895250439644,-0.627327561378479,6.569455581484362e-05,-0.04113857448101044,-0.8442511558532715,-0.017398832365870476,0.02288760431110859,-0.03662661835551262,0.06593181192874908,-0.13385504484176636,-0.21722650527954102,0.01536925695836544,-0.0023323288187384605,0.03137502819299698,0.0,0.0,-0.0047828578390181065,-0.11327487975358963,-0.08670295774936676,-0.013009613379836082,-0.12231523543596268,0.01765807531774044,-0.04340927302837372,0.8284086585044861,-1.8922319412231445,-47.572689056396484,0.005275980103760958,0.12882386147975922,0.009582452476024628,-0.0333283506333828,0.0801987498998642,-0.06650261580944061,0.030548619106411934,11.845641136169434,11.983772277832031,11.469761848449707,12.334010124206543,-0.029130859300494194,0.05826171860098839,0.024531250819563866,-0.08125976473093033,0.0,-0.034816861152648926,0.07732024043798447,0.029638079926371574,-0.08101265877485275,0.0,-0.1634274423122406,-0.4867560863494873,-9.703583717346191,0.1506197601556778,-0.34404218196868896,-8.649580001831055,0.0,0.0,0.0,0.0,0.0,0.0,0.0,0.0,0.0,0.0,0.0,0.0,-0.03325561434030533,0.07429127395153046,0.026607127860188484,-0.07882096618413925,0.27766403555870056,0.28036290407180786,0.27030014991760254,0.28718921542167664,-1.4316335916519165,-2.4462828636169434,0.09461528062820435,0.0,0.0,0.0,0.0,0.0,0.0,0.0
20696553618,0,-0.03322471305727959,0.025840895250439644,-0.627327561378479,6.569455581484362e-05,-0.04113857448101044,-0.8442511558532715,-0.017398832365870476,0.02288760431110859,-0.03662661835551262,0.06593181192874908,-0.13385504484176636,-0.21722650527954102,0.01536925695836544,-0.0023323288187384605,0.03137502819299698,0.0,0.0,-0.0047828578390181065,-0.1173783540725708,-0.11569369584321976,-0.01061753649264574,-0.12231523543596268,0.01765807531774044,-0.04340927302837372,0.7865337133407593,-1.9729466438293457,-47.73115921020508,0.02504543773829937,0.1743331104516983,0.008146373555064201,-0.03324079141020775,0.07945273071527481,-0.06665990501642227,0.030394965782761574,12.020716667175293,11.949923515319824,11.445420265197754,12.377947807312012,-0.029130859300494194,0.05826171860098839,0.024531250819563866,-0.08125976473093033,0.0,-0.0379096195101738,0.07870033383369446,0.03349817171692848,-0.08182981610298157,0.0,-0.05609485134482384,-0.4704180955886841,-9.813539505004883,0.1506197601556778,-0.34404218196868896,-8.649580001831055,0.0,0.0,0.0,0.0,0.0,0.0,0.0,0.0,0.0,0.0,0.0,0.0,-0.032900143414735794,0.07440737634897232,0.02678472362458706,-0.0787946879863739,0.28108420968055725,0.27970200777053833,0.2698223292827606,0.2880440354347229,-1.0367459058761597,-2.5898239612579346,0.09532441198825836,0.0,0.0,0.0,0.0,0.0,0.0,0.0
20706647682,0,-0.03414883837103844,0.025780048221349716,-0.6281604170799255,6.569455581484362e-05,-0.04113857448101044,-0.8442511558532715,-0.013855218887329102,0.021193888038396835,-0.03035949356853962,0.06842941045761108,-0.13383792340755463,-0.21609073877334595,0.01178831234574318,-0.006474399473518133,0.03114735707640648,0.0,0.0,-0.0047828578390181065,-0.12252011150121689,-0.13700714707374573,-0.011877193115651608,-0.08351891487836838,0.058600638061761856,-0.042303405702114105,0.7865337133407593,-1.9729466438293457,-47.73115921020508,0.02504543773829937,0.1743331104516983,0.008146373555064201,-0.03324079141020775,0.07945273071527481,-0.06665990501642227,0.030394965782761574,12.020716667175293,11.949923515319824,11.445420265197754,12.377947807312012,-0.029130859300494194,0.059794921427965164,0.024531250819563866,-0.08125976473093033,0.0,-0.0379096195101738,0.07870033383369446,0.03349817171692848,-0.08182981610298157,0.0,0.021945521235466003,-0.19516988098621368,-9.727815628051758,0.14111316204071045,-0.3484433591365814,-8.706242561340332,0.0,0.0,0.0,0.0,0.0,0.0,0.0,0.0,0.0,0.0,0.0,0.0,-0.033507026731967926,0.07519298046827316,0.027932805940508842,-0.07930412888526917,0.28108420968055725,0.27970200777053833,0.2698223292827606,0.2880440354347229,-0.9386651515960693,-2.4812510013580322,-0.0723852589726448,0.0,0.0,0.0,0.0,0.0,0.0,0.0
20716849623,0,-0.03414883837103844,0.025780048221349716,-0.6281604170799255,6.569455581484362e-05,-0.04113857448101044,-0.8442511558532715,-0.013855218887329102,0.021193888038396835,-0.03035949356853962,0.06842941045761108,-0.13383792340755463,-0.21609073877334595,0.01178831234574318,-0.006474399473518133,0.03114735707640648,0.0,0.0,-0.0047828578390181065,-0.1360112726688385,-0.15857678651809692,-0.015547608025372028,-0.08351891487836838,0.058600638061761856,-0.042303405702114105,0.7761223912239075,-1.9164384603500366,-47.884334564208984,0.06448771804571152,0.23983266949653625,0.015723777934908867,-0.033074650913476944,0.07763979583978653,-0.06815912574529648,0.03008490614593029,12.028995513916016,12.140663146972656,11.135927200317383,12.649513244628906,-0.029130859300494194,0.06286133080720901,0.024531250819563866,-0.08125976473093033,0.0,-0.03651268780231476,0.07552178204059601,0.03298140689730644,-0.07817865908145905,0.0,0.021945521235466003,-0.19516988098621368,-9.727815628051758,0.14111316204071045,-0.3484433591365814,-8.706242561340332,0.0,0.0,0.0,0.0,0.0,0.0,0.0,0.0,0.0,0.0,0.0,0.0,-0.03455346077680588,0.07607992738485336,0.02950056828558445,-0.07985229045152664,0.28124570846557617,0.28342384099960327,0.26373621821403503,0.2933177649974823,-1.1995362043380737,-2.2655246257781982,-0.2715977728366852,0.0,0.0,0.0,0.0,0.0,0.0,0.0
20726723253,0,-0.03471662849187851,0.02548043243587017,-0.6286291480064392,6.569455581484362e-05,-0.04113857448101044,-0.8442511558532715,-0.015393578447401524,0.008928640745580196,-0.030541453510522842,0.06956499814987183,-0.13323868811130524,-0.21562200784683228,0.00833786092698574,-0.010085134766995907,0.03034350462257862,0.0,0.0,-0.0047828578390181065,-0.1360112726688385,-0.15857678651809692,-0.015547608025372028,-0.06429068744182587,0.08975853770971298,-0.042017143219709396,0.7761223912239075,-1.9164384603500366,-47.884334564208984,0.06448771804571152,0.23983266949653625,0.015723777934908867,-0.033074650913476944,0.07763979583978653,-0.06815912574529648,0.03008490614593029,12.028995513916016,12.140663146972656,11.135927200317383,12.649513244628906,-0.029130859300494194,0.06439453363418579,0.026064453646540642,-0.08125976473093033,0.0,-0.03651268780231476,0.07552178204059601,0.03298140689730644,-0.07817865908145905,0.0,-0.05668655037879944,-0.6378531455993652,-9.789353370666504,0.14630043506622314,-0.32175377011299133,-8.709189414978027,0.0,0.0,0.0,0.0,0.0,0.0,0.0,0.0,0.0,0.0,0.0,0.0,-0.03549408167600632,0.07655977457761765,0.030937764793634415,-0.0799814835190773,0.28124570846557617,0.28342384099960327,0.26373621821403503,0.2933177649974823,-1.1995362043380737,-2.2655246257781982,-0.2715977728366852,0.0,0.0,0.0,0.0,0.0,0.0,0.0
20736917982,0,-0.03471662849187851,0.02548043243587017,-0.6286291480064392,6.569455581484362e-05,-0.04113857448101044,-0.8442511558532715,-0.015393578447401524,0.008928640745580196,-0.030541453510522842,0.06956499814987183,-0.13323868811130524,-0.21562200784683228,0.00833786092698574,-0.010085134766995907,0.03034350462257862,0.0,0.0,-0.0047828578390181065,-0.1593504697084427,-0.20189690589904785,-0.02312493324279785,-0.06429068744182587,0.08975853770971298,-0.042017143219709396,0.8046523928642273,-1.7696456909179688,-47.900543212890625,0.11768438667058945,0.31894582509994507,0.022380314767360687,-0.03287295624613762,0.07465320825576782,-0.0714404359459877,0.029423518106341362,12.069863319396973,12.272078514099121,10.770715713500977,12.861157417297363,-0.027597656473517418,0.06439453363418579,0.026064453646540642,-0.08125976473093033,0.0,-0.031232282519340515,0.07131324708461761,0.028362654149532318,-0.07361220568418503,0.0,-0.05668655037879944,-0.6378531455993652,-9.789353370666504,0.14630043506622314,-0.32175377011299133,-8.709189414978027,0.0,0.0,0.0,0.0,0.0,0.0,0.0,0.0,0.0,0.0,0.0,0.0,-0.03590105473995209,0.07641008496284485,0.03180863335728645,-0.0795016810297966,0.2820431888103485,0.285984069108963,0.25652891397476196,0.29741790890693665,-1.1820071935653687,-2.099623918533325,-0.3476090729236603,0.0,0.0,0.0,0.0,0.0,0.0,0.0
20746689339,0,-0.03471662849187851,0.02548043243587017,-0.6286291480064392,6.569455581484362e-05,-0.04113857448101044,-0.8442511558532715,-0.015393578447401524,0.008928640745580196,-0.030541453510522842,0.069940485060215,-0.13284513354301453,-0.21539419889450073,0.00833786092698574,-0.010085134766995907,0.03034350462257862,0.0,0.0,-0.0047828578390181065,-0.16272874176502228,-0.2188389152288437,-0.022494079545140266,-0.05418409779667854,0.10748346149921417,-0.042024921625852585,0.7986639738082886,-1.7182583808898926,-47.86173629760742,0.1301354318857193,0.35219985246658325,0.020462792366743088,-0.032774120569229126,0.07312098145484924,-0.07339092344045639,0.029099324718117714,12.176630973815918,12.182276725769043,10.737276077270508,12.83387565612793,-0.027597656473517418,0.06439453363418579,0.026064453646540642,-0.08125976473093033,0.0,-0.0296307485550642,0.07017932087182999,0.02696557156741619,-0.0721757560968399,0.0,-0.023615313693881035,-0.5671058893203735,-9.796774864196777,0.14521163702011108,-0.3124106228351593,-8.702134132385254,0.0,0.0,0.0,0.0,0.0,0.0,0.0,0.0,0.0,0.0,0.0,0.0,-0.03540940582752228,0.0755378007888794,0.03174968436360359,-0.07832332700490952,0.2841249406337738,0.2842349112033844,0.255867600440979,0.2968898415565491,-0.9003248810768127,-1.9658924341201782,-0.19381999969482422,0.0,0.0,0.0,0.0,0.0,0.0,0.0
20757328900,0,-0.03507324680685997,0.02507852576673031,-0.629089891910553,6.569455581484362e-05,-0.04113857448101044,-0.8442511558532715,-0.015736518427729607,0.0015540599124506116,-0.03185172751545906,0.07090834528207779,-0.1315205842256546,-0.21466463804244995,0.005133631639182568,-0.01433804165571928,0.029759494587779045,0.0,0.0,-0.0047828578390181065,-0.15789705514907837,-0.22742342948913574,-0.018387816846370697,-0.044460684061050415,0.12257903814315796,-0.04204736277461052,0.7986639738082886,-1.7182583808898926,-47.86173629760742,0.1301354318857193,0.35219985246658325,0.020462792366743088,-0.032774120569229126,0.07312098145484924,-0.07339092344045639,0.029099324718117714,12.344279289245605,12.021561622619629,10.850919723510742,12.73305892944336,-0.029130859300494194,0.06286133080720901,0.026064453646540642,-0.08125976473093033,0.0,-0.029228202998638153,0.07111912965774536,0.02668309025466442,-0.07274821400642395,0.0,0.00695294002071023,-0.017471514642238617,-9.976876258850098,0.13484911620616913,-0.3125408887863159,-8.704621315002441,0.0,0.0,0.0,0.0,0.0,0.0,0.0,0.0,0.0,0.0,0.0,0.0,-0.03415659815073013,0.07421567291021347,0.03088930994272232,-0.07670208066701889,0.2841249406337738,0.2842349112033844,0.255867600440979,0.2968898415565491,-0.30756253004074097,-1.3660823106765747,0.049448031932115555,0.0,0.0,0.0,0.0,0.0,0.0,0.0
20766385827,0,-0.03538829833269119,0.0246213898062706,-0.6295865178108215,6.569455581484362e-05,-0.04113857448101044,-0.8442511558532715,-0.009441932663321495,0.00699567561969161,-0.032288387417793274,0.07090834528207779,-0.1315205842256546,-0.21466463804244995,0.0030045502353459597,-0.018449347466230392,0.029361706227064133,0.0,0.0,-0.0047828578390181065,-0.14781364798545837,-0.22996558248996735,-0.01699979603290558,-0.024884993210434914,0.14650392532348633,-0.04100462421774864,0.7888209819793701,-1.6769644021987915,-47.890953063964844,0.12046210467815399,0.3844572603702545,0.013807011768221855,-0.0325235053896904,0.0693497508764267,-0.078865185379982,0.02849438786506653,12.386474609375,11.963252067565918,10.878314018249512,12.74001693725586,-0.029130859300494194,0.06286133080720901,0.027597656473517418,-0.08125976473093033,0.0,-0.028208516538143158,0.06997412443161011,0.02561839297413826,-0.07126416265964508,0.0,0.00695294002071023,-0.017471514642238617,-9.976876258850098,0.13484911620616913,-0.3125408887863159,-8.704621315002441,0.0,0.0,0.0,0.0,0.0,0.0,0.0,0.0,0.0,0.0,0.0,0.0,-0.03260255977511406,0.07289785891771317,0.029653917998075485,-0.0750802680850029,0.2882097363471985,0.27996236085891724,0.2586550712585449,0.2950722575187683,0.24665500223636627,-0.7987754344940186,0.07128732651472092,0.0,0.0,0.0,0.0,0.0,0.0,0.0
20776256453,0,-0.035625651478767395,0.024052420631051064,-0.6301352381706238,6.569455581484362e-05,-0.04113857448101044,-0.8442511558532715,-0.003615499008446932,0.007357092574238777,-0.03280922770500183,0.0713830515742302,-0.13038264214992523,-0.2141159176826477,0.00101836072281003,-0.02247477136552334,0.02923191525042057,0.0,0.0,-0.0047828578390181065,-0.14781364798545837,-0.22996558248996735,-0.01699979603290558,-0.009310144931077957,0.1786116659641266,-0.040828559547662735,0.7888209819793701,-1.6769644021987915,-47.890953063964844,0.12046210467815399,0.3844572603702545,0.013807011768221855,-0.0325235053896904,0.0693497508764267,-0.078865185379982,0.02849438786506653,12.386474609375,11.963252067565918,10.878314018249512,12.74001693725586,-0.03066406212747097,0.06439453363418579,0.029130859300494194,-0.08125976473093033,0.0,-0.028208516538143158,0.06997412443161011,0.02561839297413826,-0.07126416265964508,0.0,-0.26661473512649536,-0.8200058937072754,-10.117843627929688,0.12292654812335968,-0.31017830967903137,-8.704874992370605,0.0,0.0,0.0,0.0,0.0,0.0,0.0,0.0,0.0,0.0,0.0,0.0,-0.031074481084942818,0.0717630460858345,0.028350787237286568,-0.0736469253897667,0.2882097363471985,0.27996236085891724,0.2586550712585449,0.2950722575187683,0.24665500223636627,-0.7987754344940186,0.07128732651472092,0.0,0.0,0.0,0.0,0.0,0.0,0.0
20786623256,0,-0.035625651478767395,0.024052420631051064,-0.6301352381706238,6.569455581484362e-05,-0.04113857448101044,-0.8442511558532715,-0.003615499008446932,0.007357092574238777,-0.03280922770500183,0.0713830515742302,-0.13038264214992523,-0.2141159176826477,0.00101836072281003,-0.02247477136552334,0.02923191525042057,0.0,0.0,-0.0047828578390181065,-0.13604611158370972,-0.22141079604625702,-0.019778545945882797,-0.009310144931077957,0.1786116659641266,-0.040828559547662735,0.6760960221290588,-1.705980658531189,-47.87681198120117,0.1315794438123703,0.4101206362247467,0.016674965620040894,-0.032272402197122574,0.06590815633535385,-0.08459791541099548,0.027935389429330826,12.367237091064453,12.010505676269531,10.747918128967285,12.830803871154785,-0.03066406212747097,0.06439453363418579,0.03066406212747097,-0.07972656190395355,0.0,-0.03228427469730377,0.06725121289491653,0.030619118362665176,-0.06842559576034546,0.0,-0.26661473512649536,-0.8200058937072754,-10.117843627929688,0.12292654812335968,-0.31017830967903137,-8.704874992370605,0.0,0.0,0.0,0.0,0.0,0.0,0.0,0.0,0.0,0.0,0.0,0.0,-0.029982129111886024,0.0707492083311081,0.027436383068561554,-0.07237135618925095,0.28783565759658813,0.2808849513530731,0.25607818365097046,0.29683053493499756,0.14457759261131287,0.21590113639831543,-0.06903891265392303,0.0,0.0,0.0,0.0,0.0,0.0,0.0
20797714438,0,-0.035625651478767395,0.024052420631051064,-0.6301352381706238,6.569455581484362e-05,-0.04113857448101044,-0.8442511558532715,-0.003615499008446932,0.007357092574238777,-0.03280922770500183,0.0713830515742302,-0.13038264214992523,-0.2141159176826477,0.00101836072281003,-0.02247477136552334,0.02923191525042057,0.0,0.0,-0.0047828578390181065,-0.13604611158370972,-0.22141079604625702,-0.019778545945882797,0.017961032688617706,0.21293504536151886,-0.04019957408308983,0.6213080286979675,-1.7210330963134766,-47.8350830078125,0.1448868066072464,0.4191492795944214,0.017381619662046432,-0.03214935585856438,0.06425198912620544,-0.08739505708217621,0.027661669999361038,12.372934341430664,12.02078914642334,10.682908058166504,12.830564498901367,-0.03066406212747097,0.06592773646116257,0.032197266817092896,-0.07819335907697678,0.0,-0.034255366772413254,0.06603346765041351,0.033130619674921036,-0.06731890887022018,0.0,0.16872470080852509,0.0481511689722538,-10.092065811157227,0.12292654812335968,-0.31017830967903137,-8.704874992370605,0.0,0.0,0.0,0.0,0.0,0.0,0.0,0.0,0.0,0.0,0.0,0.0,-0.029772615060210228,0.069674551486969,0.02745913341641426,-0.07109580188989639,0.28794628381729126,0.2810855507850647,0.2547919452190399,0.2968258857727051,0.14457759261131287,0.21590113639831543,-0.06903891265392303,0.0,0.0,0.0,0.0,0.0,0.0,0.0
20806671387,0,-0.03575105592608452,0.023377256467938423,-0.6307467222213745,6.569455581484362e-05,-0.04113857448101044,-0.8442511558532715,0.004097508266568184,0.009604519233107567,-0.03705892711877823,0.07169809937477112,-0.12829653918743134,-0.21316641569137573,-0.0009745860006660223,-0.02619641087949276,0.0290664229542017,0.0,0.0,-0.0047828578390181065,-0.13604611158370972,-0.22141079604625702,-0.019778545945882797,0.022729337215423584,0.22347286343574524,-0.04013776779174805,0.6213080286979675,-1.7210330963134766,-47.8350830078125,0.1448868066072464,0.4191492795944214,0.017381619662046432,-0.03214935585856438,0.06425198912620544,-0.08739505708217621,0.027661669999361038,12.372934341430664,12.02078914642334,10.682908058166504,12.830564498901367,-0.029130859300494194,0.06592773646116257,0.03066406212747097,-0.07819335907697678,0.0,-0.034255366772413254,0.06603346765041351,0.033130619674921036,-0.06731890887022018,0.0,0.16872470080852509,0.0481511689722538,-10.092065811157227,0.10190237313508987,-0.30801790952682495,-8.652217864990234,0.0,0.0,0.0,0.0,0.0,0.0,0.0,0.0,0.0,0.0,0.0,0.0,-0.030405836179852486,0.06853032112121582,0.028401004150509834,-0.06982257962226868,0.28794628381729126,0.2810855507850647,0.2547919452190399,0.2968258857727051,0.14457759261131287,0.21590113639831543,-0.06903891265392303,0.0,0.0,0.0,0.0,0.0,0.0,0.0
20816256195,0,-0.03578317537903786,0.023009376600384712,-0.6310847401618958,6.569455581484362e-05,-0.04113857448101044,-0.8442511558532715,0.006644495762884617,0.008988732472062111,-0.04043586179614067,0.07169809937477112,-0.12829653918743134,-0.21316641569137573,-0.0018326824065297842,-0.02765081077814102,0.0289282388985157,0.0,0.0,-0.0047828578390181065,-0.10959253460168839,-0.18812602758407593,-0.014193348586559296,0.022729337215423584,0.22347286343574524,-0.04013776779174805,0.5604630708694458,-1.6940984725952148,-47.587196350097656,0.1219002977013588,0.3975633680820465,0.010531535372138023,-0.03184680640697479,0.06036575138568878,-0.09397865831851959,0.027114972472190857,12.416677474975586,11.785259246826172,10.860912322998047,12.600948333740234,-0.029130859300494194,0.06592773646116257,0.03066406212747097,-0.07819335907697678,0.0,-0.035074274986982346,0.0647439956665039,0.03372221067547798,-0.0660528913140297,0.0,0.16872470080852509,0.0481511689722538,-10.092065811157227,0.10190237313508987,-0.30801790952682495,-8.652217864990234,0.0,0.0,0.0,0.0,0.0,0.0,0.0,0.0,0.0,0.0,0.0,0.0,-0.03146538510918617,0.06744735687971115,0.029764261096715927,-0.06867599487304688,0.2887970805168152,0.27648311853408813,0.25831139087677,0.2923756241798401,1.0421569347381592,1.4035532474517822,0.18569567799568176,0.0,0.0,0.0,0.0,0.0,0.0,0.0
20828131475,0,-0.03578317537903786,0.023009376600384712,-0.6310847401618958,6.569455581484362e-05,-0.04113857448101044,-0.8442511558532715,0.006644495762884617,0.008988732472062111,-0.04043586179614067,0.07169809937477112,-0.12829653918743134,-0.21316641569137573,-0.0018326824065297842,-0.02765081077814102,0.0289282388985157,0.0,0.0,-0.0047828578390181065,-0.08221983909606934,-0.15725325047969818,-0.011558227241039276,0.022729337215423584,0.22347286343574524,-0.04013776779174805,0.5329819917678833,-1.6362075805664062,-47.552894592285156,0.08794095367193222,0.3709818124771118,0.008149398490786552,-0.03169134259223938,0.058690525591373444,-0.09701403975486755,0.026926621794700623,12.375663757324219,11.704708099365234,11.004562377929688,12.54358196258545,-0.03066406212747097,0.06592773646116257,0.03066406212747097,-0.07819335907697678,0.0,-0.03430761769413948,0.0626206248998642,0.032319679856300354,-0.06393051147460938,0.0,0.018839459866285324,-0.17585855722427368,-10.14382553100586,0.10190237313508987,-0.30801790952682495,-8.652217864990234,0.0,0.0,0.0,0.0,0.0,0.0,0.0,0.0,0.0,0.0,0.0,0.0,-0.032579272985458374,0.0663774237036705,0.031073084101080894,-0.06758854538202286,0.28799936175346375,0.27490633726119995,0.2611468732357025,0.2912622392177582,1.7923121452331543,2.1615729331970215,0.21569108963012695,0.0,0.0,0.0,0.0,0.0,0.0,0.0
20836392804,0,-0.03580089285969734,0.022332750260829926,-0.6317983865737915,6.569455581484362e-05,-0.04113857448101044,-0.8442511558532715,0.009782189503312111,0.0018688540440052748,-0.04647281393408775,0.07173353433609009,-0.12694329023361206,-0.21245276927947998,-0.0031728202011436224,-0.029583537951111794,0.028661025688052177,0.0,0.0,-0.0047828578390181065,-0.031393516808748245,-0.08602983504533768,-0.013059389777481556,0.022984817624092102,0.23824328184127808,-0.040025144815444946,0.5184938907623291,-1.5291930437088013,-47.255157470703125,0.08794095367193222,0.3709818124771118,0.008149398490786552,-0.03169134259223938,0.058690525591373444,-0.09701403975486755,0.026926621794700623,12.00910472869873,11.761592864990234,11.040287971496582,12.520330429077148,-0.032197266817092896,0.06592773646116257,0.03066406212747097,-0.07819335907697678,0.0,-0.03262963518500328,0.05865831300616264,0.029250595718622208,-0.06061168015003204,0.0,-0.14257867634296417,-0.2812412679195404,-10.229329109191895,0.09608431160449982,-0.2906796336174011,-8.611995697021484,0.0,0.0,0.0,0.0,0.0,0.0,0.0,0.0,0.0,0.0,0.0,0.0,-0.03340398520231247,0.0650731548666954,0.031869929283857346,-0.06632351875305176,0.28799936175346375,0.27490633726119995,0.2611468732357025,0.2912622392177582,2.35740065574646,3.270932912826538,-0.03690948337316513,0.0,0.0,0.0,0.0,0.0,0.0,0.0
20858051094,0,-0.03580089285969734,0.022332750260829926,-0.6317983865737915,6.569455581484362e-05,-0.04113857448101044,-0.8442511558532715,0.009782189503312111,0.0018688540440052748,-0.04647281393408775,0.07205816358327866,-0.1244322657585144,-0.21129000186920166,-0.0031728202011436224,-0.029583537951111794,0.028661025688052177,0.0,0.0,-0.0047828578390181065,-0.031393516808748245,-0.08602983504533768,-0.013059389777481556,0.022984817624092102,0.23824328184127808,-0.040025144815444946,0.5184938907623291,-1.5291930437088013,-47.255157470703125,0.03521186485886574,0.2935127317905426,0.011790575459599495,-0.0314016193151474,0.056434862315654755,-0.10163995623588562,0.02663309872150421,12.00910472869873,11.761592864990234,11.040287971496582,12.520330429077148,-0.03373046964406967,0.06592773646116257,0.03066406212747097,-0.07819335907697678,0.0,-0.03260340541601181,0.058685142546892166,0.029279140755534172,-0.06058647111058235,0.0,0.1687137633562088,0.01156159583479166,-9.760204315185547,0.09733457118272781,-0.25972992181777954,-8.541534423828125,0.0,0.0,0.0,0.0,0.0,0.0,0.0,0.0,0.0,0.0,0.0,0.0,-0.03374289348721504,0.06343201547861099,0.0319213904440403,-0.06479931622743607,0.2808576226234436,0.27601996064186096,0.2618512809276581,0.29081085324287415,2.35740065574646,3.270932912826538,-0.03690948337316513,0.0,0.0,0.0,0.0,0.0,0.0,0.0
20858077266,0,-0.0360383540391922,0.020696736872196198,-0.6333673596382141,6.569455581484362e-05,-0.04113857448101044,-0.8442511558532715,0.0115208700299263,-0.01179310493171215,-0.05691952258348465,0.0722084641456604,-0.12367124110460281,-0.21088379621505737,-0.0028576538898050785,-0.029961418360471725,0.028192926198244095,0.0,0.0,-0.0047828578390181065,0.018649805337190628,-0.01565425470471382,-0.016402579843997955,0.02114141173660755,0.23832932114601135,-0.039514802396297455,0.5353401303291321,-1.4285145998001099,-46.97843933105469,0.006743425503373146,0.2521701753139496,0.014309437945485115,-0.031243806704878807,0.056434862315654755,-0.10163995623588562,0.02663309872150421,11.640586853027344,11.812392234802246,11.077346801757812,12.522244453430176,-0.03373046964406967,0.06439453363418579,0.03066406212747097,-0.07819335907697678,0.0,-0.030049866065382957,0.055933739989995956,0.025444231927394867,-0.058192405849695206,0.0,0.1687137633562088,0.01156159583479166,-9.760204315185547,0.09541881829500198,-0.2572965621948242,-8.547590255737305,0.0,0.0,0.0,0.0,0.0,0.0,0.0,0.0,0.0,0.0,0.0,0.0,-0.033582717180252075,0.06162078678607941,0.03128090128302574,-0.06316302716732025,0.2808576226234436,0.27601996064186096,0.2618512809276581,0.29081085324287415,2.537004232406616,3.448850631713867,-0.18618839979171753,0.0,0.0,0.0,0.0,0.0,0.0,0.0
20868068410,0,-0.0360383540391922,0.020696736872196198,-0.6333673596382141,6.569455581484362e-05,-0.04113857448101044,-0.8442511558532715,0.0115208700299263,-0.01179310493171215,-0.05691952258348465,0.0722084641456604,-0.12367124110460281,-0.21088379621505737,-0.0028576538898050785,-0.029961418360471725,0.028192926198244095,0.0,0.0,-0.0047828578390181065,0.053236983716487885,0.013357198797166348,-0.017504040151834488,0.02114141173660755,0.23832932114601135,-0.039514802396297455,0.5353401303291321,-1.4285145998001099,-46.97843933105469,-0.022878434509038925,0.21949508786201477,0.01563398167490959,-0.031106263399124146,0.0553160086274147,-0.10468410700559616,0.026264354586601257,11.518413543701172,11.834355354309082,11.201810836791992,12.616915702819824,-0.032197266817092896,0.06286133080720901,0.03066406212747097,-0.07819335907697678,0.0,-0.030355725437402725,0.05584247410297394,0.025174813345074654,-0.057743385434150696,0.0,0.09434577077627182,0.1922408938407898,-9.883419036865234,0.09541881829500198,-0.2572965621948242,-8.547590255737305,0.0,0.0,0.0,0.0,0.0,0.0,0.0,0.0,0.0,0.0,0.0,0.0,-0.032983940094709396,0.059803303331136703,0.030053358525037766,-0.061530787497758865,0.2736503481864929,0.2770138382911682,0.2625819444656372,0.2908479571342468,2.9043266773223877,3.08451771736145,-0.18730100989341736,0.0,0.0,0.0,0.0,0.0,0.0,0.0
20878562999,0,-0.0360383540391922,0.020696736872196198,-0.6333673596382141,6.569455581484362e-05,-0.04113857448101044,-0.8442511558532715,0.0115208700299263,-0.01179310493171215,-0.05691952258348465,0.0722084641456604,-0.12367124110460281,-0.21088379621505737,-0.0028576538898050785,-0.029961418360471725,0.028192926198244095,0.0,0.0,-0.0047828578390181065,0.053236983716487885,0.013357198797166348,-0.017504040151834488,0.02114141173660755,0.23832932114601135,-0.039514802396297455,0.5105699300765991,-1.404585599899292,-47.09758377075195,-0.07485870271921158,0.19097621738910675,0.016781534999608994,-0.030942341312766075,0.05529996380209923,-0.10572218149900436,0.02602977119386196,11.518413543701172,11.834355354309082,11.201810836791992,12.616915702819824,-0.032197266817092896,0.06439453363418579,0.03066406212747097,-0.07666015625,0.0,-0.030366066843271255,0.05440044775605202,0.02521728165447712,-0.056362368166446686,0.0,0.09434577077627182,0.1922408938407898,-9.883419036865234,0.09541881829500198,-0.2572965621948242,-8.547590255737305,0.0,0.0,0.0,0.0,0.0,0.0,0.0,0.0,0.0,0.0,0.0,0.0,-0.03219084441661835,0.05811624228954315,0.02856380306184292,-0.05998615548014641,0.27125492691993713,0.2774432301521301,0.2650335133075714,0.29268550872802734,2.9043266773223877,3.08451771736145,-0.18730100989341736,0.0,0.0,0.0,0.0,0.0,0.0,0.0
20886738344,0,-0.036187004297971725,0.020027071237564087,-0.6341633796691895,6.569455581484362e-05,-0.04113857448101044,-0.8442511558532715,0.014903893694281578,-0.015034486539661884,-0.051745519042015076,0.07250576466321945,-0.122331902384758,-0.21008777618408203,-0.0007234375225380063,-0.029239686205983162,0.028050612658262253,0.0,0.0,-0.0047828578390181065,0.08069732040166855,0.03415045887231827,-0.017422553151845932,-0.008913742378354073,0.22500182688236237,-0.038763754069805145,0.5105699300765991,-1.404585599899292,-47.09758377075195,-0.07485870271921158,0.19097621738910675,0.016781534999608994,-0.030942341312766075,0.05529996380209923,-0.10572218149900436,0.02602977119386196,11.518413543701172,11.834355354309082,11.201810836791992,12.616915702819824,-0.03373046964406967,0.06439453363418579,0.03066406212747097,-0.07512695342302322,0.0,-0.030366066843271255,0.05440044775605202,0.02521728165447712,-0.056362368166446686,0.0,0.011554761789739132,-0.026648016646504402,-9.908182144165039,0.08960168063640594,-0.2488073706626892,-8.590937614440918,0.0,0.0,0.0,0.0,0.0,0.0,0.0,0.0,0.0,0.0,0.0,0.0,-0.03146359324455261,0.05666738003492355,0.027211736887693405,-0.05862150341272354,0.27125492691993713,0.2774432301521301,0.2650335133075714,0.29268550872802734,2.9702558517456055,2.7263262271881104,-0.15101800858974457,0.0,0.0,0.0,0.0,0.0,0.0,0.0
20896649513,0,-0.03624838590621948,0.01972033455967903,-0.6345492601394653,6.569455581484362e-05,-0.04113857448101044,-0.8442511558532715,0.02063780650496483,-0.013330009765923023,-0.0473225936293602,0.07262852787971497,-0.12171842902898788,-0.20970189571380615,0.0007107412675395608,-0.028728336095809937,0.027927616611123085,0.0,0.0,-0.0047828578390181065,0.11047941446304321,0.05147647112607956,-0.015441610477864742,-0.008913742378354073,0.22500182688236237,-0.038763754069805145,0.4307895600795746,-1.3817329406738281,-47.42749786376953,-0.148380309343338,0.15175455808639526,0.01348104327917099,-0.03062809817492962,0.056527093052864075,-0.10685401409864426,0.025615479797124863,11.512360572814941,11.780192375183105,11.540035247802734,12.671555519104004,-0.03526367247104645,0.06439453363418579,0.032197266817092896,-0.07512695342302322,0.0,-0.03210151195526123,0.05159522220492363,0.02625231444835663,-0.053224191069602966,0.0,0.011554761789739132,-0.026648016646504402,-9.908182144165039,0.07832537591457367,-0.251224160194397,-8.623181343078613,0.0,0.0,0.0,0.0,0.0,0.0,0.0,0.0,0.0,0.0,0.0,0.0,-0.03098345547914505,0.0554070919752121,0.02622649073600769,-0.057388707995414734,0.2711363136768341,0.2763838469982147,0.27167922258377075,0.29374516010284424,2.8987157344818115,2.1770811080932617,-0.034455135464668274,0.0,0.0,0.0,0.0,0.0,0.0,0.0
20906758345,0,-0.03633805364370346,0.019224397838115692,-0.6353147625923157,6.569455581484362e-05,-0.04113857448101044,-0.8442511558532715,0.026957551017403603,-0.01447238028049469,-0.04317111149430275,0.07280786335468292,-0.12072654813528061,-0.2089363932609558,0.0033853668719530106,-0.02752360701560974,0.027721889317035675,0.0,0.0,-0.0047828578390181065,0.11047941446304321,0.05147647112607956,-0.015441610477864742,-0.029240334406495094,0.21316856145858765,-0.03931692987680435,0.4307895600795746,-1.3817329406738281,-47.42749786376953,-0.148380309343338,0.15175455808639526,0.01348104327917099,-0.03062809817492962,0.056527093052864075,-0.10685401409864426,0.025615479797124863,11.512360572814941,11.780192375183105,11.540035247802734,12.671555519104004,-0.03526367247104645,0.06132812425494194,0.03066406212747097,-0.07359375059604645,0.0,-0.03210151195526123,0.05159522220492363,0.02625231444835663,-0.053224191069602966,0.0,0.2212153673171997,-0.06426165997982025,-9.486974716186523,0.0664968490600586,-0.24768869578838348,-8.649380683898926,0.0,0.0,0.0,0.0,0.0,0.0,0.0,0.0,0.0,0.0,0.0,0.0,-0.03087356872856617,0.05421328917145729,0.0256989486515522,-0.05615871027112007,0.2711363136768341,0.2763838469982147,0.27167922258377075,0.29374516010284424,2.8987157344818115,2.1770811080932617,-0.034455135464668274,0.0,0.0,0.0,0.0,0.0,0.0,0.0
20916971552,0,-0.03633805364370346,0.019224397838115692,-0.6353147625923157,6.569455581484362e-05,-0.04113857448101044,-0.8442511558532715,0.026957551017403603,-0.01447238028049469,-0.04317111149430275,0.07280786335468292,-0.12072654813528061,-0.2089363932609558,0.0033853668719530106,-0.02752360701560974,0.027721889317035675,0.0,0.0,-0.0047828578390181065,0.14371177554130554,0.07203084975481033,-0.004780087154358625,-0.029240334406495094,0.21316856145858765,-0.03931692987680435,0.36573266983032227,-1.3622878789901733,-47.57159423828125,-0.1930456906557083,0.1278569996356964,0.001547250896692276,-0.030311914160847664,0.059086695313453674,-0.10735361278057098,0.025470998138189316,11.741716384887695,11.483660697937012,11.978413581848145,12.439876556396484,-0.03526367247104645,0.05826171860098839,0.03066406212747097,-0.07359375059604645,0.0,-0.03281908109784126,0.05035363882780075,0.026666758581995964,-0.0517837256193161,0.0,0.2212153673171997,-0.06426165997982025,-9.486974716186523,0.0664968490600586,-0.24768869578838348,-8.649380683898926,0.0,0.0,0.0,0.0,0.0,0.0,0.0,0.0,0.0,0.0,0.0,0.0,-0.031079214066267014,0.05308578163385391,0.02556072548031807,-0.05494583025574684,0.27563098073005676,0.2705729305744171,0.28025826811790466,0.2892478406429291,2.009357452392578,1.328072428703308,0.2862030267715454,0.0,0.0,0.0,0.0,0.0,0.0,0.0
20926612668,0,-0.03633805364370346,0.019224397838115692,-0.6353147625923157,6.569455581484362e-05,-0.04113857448101044,-0.8442511558532715,0.026957551017403603,-0.01447238028049469,-0.04317111149430275,0.07280786335468292,-0.12072654813528061,-0.2089363932609558,0.0033853668719530106,-0.02752360701560974,0.027721889317035675,0.0,0.0,-0.0047828578390181065,0.15793120861053467,0.07517967373132706,-0.005415474064648151,-0.029240334406495094,0.21316856145858765,-0.03931692987680435,0.33554983139038086,-1.3787003755569458,-47.61823272705078,-0.22618119418621063,0.1237141564488411,0.004793109372258186,-0.030149225145578384,0.060861244797706604,-0.10748826712369919,0.025499971583485603,11.615978240966797,11.531649589538574,11.9659423828125,12.57663345336914,-0.03373046964406967,0.05672851577401161,0.029130859300494194,-0.07206054776906967,0.0,-0.03457826375961304,0.04973655566573143,0.028086602687835693,-0.050818443298339844,0.0,0.13416217267513275,0.051293499767780304,-9.831487655639648,0.0664968490600586,-0.24768869578838348,-8.649380683898926,0.0,0.0,0.0,0.0,0.0,0.0,0.0,0.0,0.0,0.0,0.0,0.0,-0.03154945746064186,0.05205591768026352,0.02574322186410427,-0.05378774553537369,0.27316826581954956,0.2715146243572235,0.2800147831439972,0.2919037938117981,1.7088667154312134,0.8012973666191101,0.04186388850212097,0.0,0.0,0.0,0.0,0.0,0.0,0.0
20936429082,0,-0.03681698068976402,0.01894393377006054,-0.6368231177330017,6.569455581484362e-05,-0.04113857448101044,-0.8442511558532715,0.03429713845252991,-0.011291569098830223,-0.04617024585604668,0.07376572489738464,-0.1201656237244606,-0.20742803812026978,0.00947695691138506,-0.024964740499854088,0.027122734114527702,0.0,0.0,-0.0047828578390181065,0.18211284279823303,0.06600556522607803,-0.011517560109496117,-0.07659358531236649,0.19798052310943604,-0.038424983620643616,0.3044452667236328,-1.4055538177490234,-47.48551559448242,-0.2718706727027893,0.1332988739013672,0.011521555483341217,-0.029831597581505775,0.060861244797706604,-0.10748826712369919,0.025499971583485603,11.359932899475098,11.578347206115723,11.81873607635498,12.796277046203613,-0.032197266817092896,0.055195312947034836,0.029130859300494194,-0.0705273449420929,0.0,-0.037132542580366135,0.04943568632006645,0.030200302600860596,-0.0498008094727993,0.0,0.13416217267513275,0.051293499767780304,-9.831487655639648,0.054927535355091095,-0.25486233830451965,-8.613619804382324,0.0,0.0,0.0,0.0,0.0,0.0,0.0,0.0,0.0,0.0,0.0,0.0,-0.032376307994127274,0.051136016845703125,0.026297401636838913,-0.052667856216430664,0.27316826581954956,0.2715146243572235,0.2800147831439972,0.2919037938117981,1.3164246082305908,-0.13239158689975739,-0.18705260753631592,0.0,0.0,0.0,0.0,0.0,0.0,0.0
20947937657,0,-0.03681698068976402,0.01894393377006054,-0.6368231177330017,6.569455581484362e-05,-0.04113857448101044,-0.8442511558532715,0.03429713845252991,-0.011291569098830223,-0.04617024585604668,0.07376572489738464,-0.1201656237244606,-0.20742803812026978,0.00947695691138506,-0.024964740499854088,0.027122734114527702,0.0,0.0,-0.0047828578390181065,0.18211284279823303,0.06600556522607803,-0.011517560109496117,-0.07659358531236649,0.19798052310943604,-0.038424983620643616,0.3044452667236328,-1.4055538177490234,-47.48551559448242,-0.2718706727027893,0.1332988739013672,0.011521555483341217,-0.029831597581505775,0.06520312279462814,-0.1079014241695404,0.025327622890472412,11.359932899475098,11.578347206115723,11.81873607635498,12.796277046203613,-0.032197266817092896,0.055195312947034836,0.029130859300494194,-0.06899414211511612,0.0,-0.037132542580366135,0.04943568632006645,0.030200302600860596,-0.0498008094727993,0.0,0.13416217267513275,0.051293499767780304,-9.831487655639648,0.054927535355091095,-0.25486233830451965,-8.613619804382324,0.0,0.0,0.0,0.0,0.0,0.0,0.0,0.0,0.0,0.0,0.0,0.0,-0.03354278579354286,0.050383713096380234,0.027192633599042892,-0.051634978502988815,0.2681431174278259,0.27243030071258545,0.27713802456855774,0.29616209864616394,1.3164246082305908,-0.13239158689975739,-0.18705260753631592,0.0,0.0,0.0,0.0,0.0,0.0,0.0
20956568553,0,-0.03681698068976402,0.01894393377006054,-0.6368231177330017,6.569455581484362e-05,-0.04113857448101044,-0.8442511558532715,0.03429713845252991,-0.011291569098830223,-0.04617024585604668,0.07426299154758453,-0.12018635123968124,-0.20706802606582642,0.00947695691138506,-0.024964740499854088,0.027122734114527702,0.0,0.0,-0.0047828578390181065,0.18211284279823303,0.06600556522607803,-0.011517560109496117,-0.07659358531236649,0.19798052310943604,-0.038424983620643616,0.3044452667236328,-1.4055538177490234,-47.48551559448242,-0.2718706727027893,0.1332988739013672,0.011521555483341217,-0.029831597581505775,0.06520312279462814,-0.1079014241695404,0.025327622890472412,11.359932899475098,11.578347206115723,11.81873607635498,12.796277046203613,-0.032197266817092896,0.05366211012005806,0.027597656473517418,-0.06746093928813934,0.0,-0.037132542580366135,0.04943568632006645,0.030200302600860596,-0.0498008094727993,0.0,0.09599216282367706,-0.17703449726104736,-9.3648099899292,0.053260624408721924,-0.254305362701416,-8.588118553161621,0.0,0.0,0.0,0.0,0.0,0.0,0.0,0.0,0.0,0.0,0.0,0.0,-0.03477888181805611,0.049838773906230927,0.028187911957502365,-0.05078854039311409,0.2681431174278259,0.27243030071258545,0.27713802456855774,0.29616209864616394,1.3164246082305908,-0.13239158689975739,-0.18705260753631592,0.0,0.0,0.0,0.0,0.0,0.0,0.0
20966437956,0,-0.037309013307094574,0.018997613340616226,-0.6375358700752258,6.569455581484362e-05,-0.04113857448101044,-0.8442511558532715,0.03536906838417053,-0.010995939373970032,-0.05340244621038437,0.07474979013204575,-0.12027297914028168,-0.20671528577804565,0.01285008154809475,-0.023861262947320938,0.027326084673404694,0.0,0.0,-0.0047828578390181065,0.192963108420372,0.05948246642947197,-0.011898049153387547,-0.10335761308670044,0.18903367221355438,-0.038710884749889374,0.30513978004455566,-1.4121754169464111,-47.065006256103516,-0.31394094228744507,0.13043203949928284,0.010834760963916779,-0.02953314781188965,0.07001771777868271,-0.10855485498905182,0.025102652609348297,11.203596115112305,11.39173412322998,11.798903465270996,12.734172821044922,-0.03373046964406967,0.05366211012005806,0.027597656473517418,-0.06746093928813934,0.0,-0.03780915588140488,0.05050204321742058,0.030456265434622765,-0.050221771001815796,0.0,0.1710791140794754,-0.16258938610553741,-9.462028503417969,0.05547995865345001,-0.2567591667175293,-8.557273864746094,0.0,0.0,0.0,0.0,0.0,0.0,0.0,0.0,0.0,0.0,0.0,0.0,-0.0358523353934288,0.04954557865858078,0.029060551896691322,-0.0502094104886055,0.2650686204433441,0.2687680125236511,0.27674993872642517,0.2949589788913727,0.7916392683982849,-0.2555394172668457,-0.1144535019993782,0.0,0.0,0.0,0.0,0.0,0.0,0.0
20976184820,0,-0.037309013307094574,0.018997613340616226,-0.6375358700752258,6.569455581484362e-05,-0.04113857448101044,-0.8442511558532715,0.03536906838417053,-0.010995939373970032,-0.05340244621038437,0.07474979013204575,-0.12027297914028168,-0.20671528577804565,0.01285008154809475,-0.023861262947320938,0.027326084673404694,0.0,0.0,-0.0047828578390181065,0.19551599025726318,0.05907554551959038,-0.013694021850824356,-0.10335761308670044,0.18903367221355438,-0.038710884749889374,0.29718145728111267,-1.411082148551941,-46.96723937988281,-0.3277032673358917,0.125515878200531,0.013101015239953995,-0.029394762590527534,0.07245209813117981,-0.10889415442943573,0.02499181590974331,11.093140602111816,11.408982276916504,11.746101379394531,12.778800964355469,-0.03373046964406967,0.052128907293081284,0.027597656473517418,-0.06592773646116257,0.0,-0.03839118778705597,0.05015798285603523,0.030812766402959824,-0.04978368803858757,0.0,0.1710791140794754,-0.16258938610553741,-9.462028503417969,0.05547995865345001,-0.2567591667175293,-8.557273864746094,0.0,0.0,0.0,0.0,0.0,0.0,0.0,0.0,0.0,0.0,0.0,0.0,-0.03673699498176575,0.04951281473040581,0.029751909896731377,-0.049887239933013916,0.2628931701183319,0.26910677552223206,0.27571672201156616,0.2958235442638397,0.5857623219490051,-0.17490236461162567,-0.19954901933670044,0.0,0.0,0.0,0.0,0.0,0.0,0.0
20986161646,0,-0.03785292059183121,0.01922803744673729,-0.6386287808418274,6.569455581484362e-05,-0.04113857448101044,-0.8442511558532715,0.03850004822015762,-0.011048494838178158,-0.05446668714284897,0.07583761215209961,-0.1207338273525238,-0.2056223750114441,0.018837234005331993,-0.02228695899248123,0.027257109060883522,0.0,0.0,-0.0047828578390181065,0.20595596730709076,0.05841170623898506,-0.01508600264787674,-0.15607652068138123,0.17412351071834564,-0.037803106009960175,0.29718145728111267,-1.411082148551941,-46.96723937988281,-0.3277032673358917,0.125515878200531,0.013101015239953995,-0.029394762590527534,0.07245209813117981,-0.10889415442943573,0.02499181590974331,11.029438972473145,11.385276794433594,11.8314208984375,12.846539497375488,-0.03526367247104645,0.05059570446610451,0.029130859300494194,-0.06439453363418579,0.0,-0.03861302137374878,0.05026249587535858,0.030590489506721497,-0.04952097311615944,0.0,0.08663008362054825,-0.2552420198917389,-9.94897174835205,0.05205417796969414,-0.2595026195049286,-8.552159309387207,0.0,0.0,0.0,0.0,0.0,0.0,0.0,0.0,0.0,0.0,0.0,0.0,-0.03746071085333824,0.04963644593954086,0.030260983854532242,-0.04971778020262718,0.2628931701183319,0.26910677552223206,0.27571672201156616,0.2958235442638397,0.5074566006660461,-0.01332512404769659,-0.13267859816551208,0.0,0.0,0.0,0.0,0.0,0.0,0.0
20996561772,0,-0.03785292059183121,0.01922803744673729,-0.6386287808418274,6.569455581484362e-05,-0.04113857448101044,-0.8442511558532715,0.03850004822015762,-0.011048494838178158,-0.05446668714284897,0.07583761215209961,-0.1207338273525238,-0.2056223750114441,0.018837234005331993,-0.02228695899248123,0.027257109060883522,0.0,0.0,-0.0047828578390181065,0.20595596730709076,0.05841170623898506,-0.01508600264787674,-0.15607652068138123,0.17412351071834564,-0.037803106009960175,0.2862979769706726,-1.4272644519805908,-47.0368766784668,-0.3671070337295532,0.11584506183862686,0.013356547802686691,-0.029067588970065117,0.07870137691497803,-0.10973566770553589,0.024646464735269547,11.029438972473145,11.385276794433594,11.8314208984375,12.846539497375488,-0.03373046964406967,0.04906250163912773,0.029130859300494194,-0.06439453363418579,0.0,-0.039449021220207214,0.05045853182673454,0.03142973780632019,-0.049639273434877396,0.0,-0.08222148567438126,-0.2382735311985016,-9.521758079528809,0.05205417796969414,-0.2595026195049286,-8.552159309387207,0.0,0.0,0.0,0.0,0.0,0.0,0.0,0.0,0.0,0.0,0.0,0.0,-0.0380576066672802,0.04981699213385582,0.030621124431490898,-0.04961570352315903,0.2616375982761383,0.2686411738395691,0.2773859202861786,0.2971350848674774,0.5074566006660461,-0.01332512404769659,-0.13267859816551208,0.0,0.0,0.0,0.0,0.0,0.0,0.0
21006445020,0,-0.03785292059183121,0.01922803744673729,-0.6386287808418274,6.569455581484362e-05,-0.04113857448101044,-0.8442511558532715,0.03850004822015762,-0.011048494838178158,-0.05446668714284897,0.07583761215209961,-0.1207338273525238,-0.2056223750114441,0.018837234005331993,-0.02228695899248123,0.027257109060883522,0.0,0.0,-0.0047828578390181065,0.2098599523305893,0.06157741695642471,-0.013349225744605064,-0.1721293032169342,0.16953310370445251,-0.03796984627842903,0.2745489478111267,-1.430851697921753,-47.16481018066406,-0.3939068019390106,0.10258429497480392,0.010125435888767242,-0.02890044078230858,0.08215415477752686,-0.1101115494966507,0.02446269989013672,11.0816068649292,11.314800262451172,12.004979133605957,12.818928718566895,-0.03373046964406967,0.04906250163912773,0.029130859300494194,-0.06286133080720901,0.0,-0.039736490696668625,0.05053381249308586,0.03144222870469093,-0.04950670897960663,0.0,0.04515618830919266,-0.33649492263793945,-9.592572212219238,0.05205417796969414,-0.2595026195049286,-8.552159309387207,0.0,0.0,0.0,0.0,0.0,0.0,0.0,0.0,0.0,0.0,0.0,0.0,-0.038582611829042435,0.05001859739422798,0.03090931847691536,-0.049558281898498535,0.26266589760780334,0.26725611090660095,0.2807769775390625,0.2966006100177765,0.42912960052490234,0.15196660161018372,0.015027512796223164,0.0,0.0,0.0,0.0,0.0,0.0,0.0
21017767444,0,-0.03818264603614807,0.019425896927714348,-0.6393599510192871,6.569455581484362e-05,-0.04113857448101044,-0.8442511558532715,0.041120126843452454,-0.012565470300614834,-0.04992097616195679,0.07649706304073334,-0.12112955003976822,-0.20489120483398438,0.022481827065348625,-0.02098294347524643,0.02680373750627041,0.0,0.0,-0.0047828578390181065,0.2115650475025177,0.06578199565410614,-0.013339940458536148,-0.1887364536523819,0.16445666551589966,-0.038180872797966,0.26721590757369995,-1.4222303628921509,-47.21950912475586,-0.3939068019390106,0.10258429497480392,0.010125435888767242,-0.02890044078230858,0.08215415477752686,-0.1101115494966507,0.02446269989013672,11.05020523071289,11.326790809631348,12.055658340454102,12.841280937194824,-0.032197266817092896,0.04906250163912773,0.03066406212747097,-0.06286133080720901,0.0,-0.03980821371078491,0.04998163878917694,0.031272221356630325,-0.04898066818714142,0.0,0.04515618830919266,-0.33649492263793945,-9.592572212219238,0.0485847108066082,-0.2585873305797577,-8.585365295410156,0.0,0.0,0.0,0.0,0.0,0.0,0.0,0.0,0.0,0.0,0.0,0.0,-0.03904378414154053,0.05018387362360954,0.031140971928834915,-0.04950237646698952,0.26266589760780334,0.26725611090660095,0.2807769775390625,0.2966006100177765,0.30246710777282715,0.32332271337509155,0.004443845245987177,0.0,0.0,0.0,0.0,0.0,0.0,0.0
21026687971,0,-0.03818264603614807,0.019425896927714348,-0.6393599510192871,6.569455581484362e-05,-0.04113857448101044,-0.8442511558532715,0.041120126843452454,-0.012565470300614834,-0.04992097616195679,0.07649706304073334,-0.12112955003976822,-0.20489120483398438,0.022481827065348625,-0.02098294347524643,0.02680373750627041,0.0,0.0,-0.0047828578390181065,0.2115650475025177,0.06578199565410614,-0.013339940458536148,-0.1887364536523819,0.16445666551589966,-0.038180872797966,0.2740209400653839,-1.4387612342834473,-47.258941650390625,-0.42146164178848267,0.06968261301517487,0.0040399301797151566,-0.02858782932162285,0.08903509378433228,-0.11055229604244232,0.024214385077357292,11.168047904968262,11.189828872680664,12.271635055541992,12.68237018585205,-0.03373046964406967,0.04752929508686066,0.03066406212747097,-0.06132812425494194,0.0,-0.03966563940048218,0.05136261507868767,0.031029703095555305,-0.05021942779421806,0.0,0.04515618830919266,-0.33649492263793945,-9.592572212219238,0.0485847108066082,-0.2585873305797577,-8.585365295410156,0.0,0.0,0.0,0.0,0.0,0.0,0.0,0.0,0.0,0.0,0.0,0.0,-0.039401765912771225,0.05031701177358627,0.031275779008865356,-0.049460023641586304,0.2643686532974243,0.2647975981235504,0.2859754264354706,0.29395484924316406,0.30246710777282715,0.32332271337509155,0.004443845245987177,0.0,0.0,0.0,0.0,0.0,0.0,0.0
21036299695,0,-0.03869936987757683,0.019688565284013748,-0.6409426927566528,6.569455581484362e-05,-0.04113857448101044,-0.8442511558532715,0.04345070198178291,-0.010466753505170345,-0.05233112722635269,0.0772947371006012,-0.12157060205936432,-0.20371556282043457,0.02951556071639061,-0.017455121502280235,0.0269367303699255,0.0,0.0,-0.0047828578390181065,0.2115650475025177,0.06578199565410614,-0.013339940458536148,-0.2354964315891266,0.1372784674167633,-0.03836674988269806,0.2740209400653839,-1.4387612342834473,-47.258941650390625,-0.42146164178848267,0.06968261301517487,0.0040399301797151566,-0.02858782932162285,0.08903509378433228,-0.11055229604244232,0.024214385077357292,11.168047904968262,11.189828872680664,12.271635055541992,12.68237018585205,-0.036796875298023224,0.04599609225988388,0.03066406212747097,-0.059794921427965164,0.0,-0.03966563940048218,0.05136261507868767,0.031029703095555305,-0.05021942779421806,0.0,-0.04566894844174385,-0.07321064919233322,-10.088461875915527,0.04786491021513939,-0.2614913284778595,-8.57191276550293,0.0,0.0,0.0,0.0,0.0,0.0,0.0,0.0,0.0,0.0,0.0,0.0,-0.039633095264434814,0.05051172152161598,0.03130785748362541,-0.04952218011021614,0.2643686532974243,0.2647975981235504,0.2859754264354706,0.29395484924316406,0.30246710777282715,0.32332271337509155,0.004443845245987177,0.0,0.0,0.0,0.0,0.0,0.0,0.0
21047179934,0,-0.03869936987757683,0.019688565284013748,-0.6409426927566528,6.569455581484362e-05,-0.04113857448101044,-0.8442511558532715,0.04345070198178291,-0.010466753505170345,-0.05233112722635269,0.0772947371006012,-0.12157060205936432,-0.20371556282043457,0.02951556071639061,-0.017455121502280235,0.0269367303699255,0.0,0.0,-0.0047828578390181065,0.20402681827545166,0.09154602885246277,0.002666810993105173,-0.2354964315891266,0.1372784674167633,-0.03836674988269806,0.2632569968700409,-1.4382022619247437,-47.1455192565918,-0.4341934025287628,0.04094858095049858,-0.008039601147174835,-0.028354797512292862,0.09464487433433533,-0.11045687645673752,0.024284183979034424,11.378998756408691,10.881224632263184,12.607666015625,12.327065467834473,-0.036796875298023224,0.04599609225988388,0.03066406212747097,-0.059794921427965164,0.0,-0.03922496363520622,0.05247554928064346,0.030508827418088913,-0.051322415471076965,0.0,-0.2741243839263916,-0.23596292734146118,-9.92821216583252,0.04786491021513939,-0.2614913284778595,-8.57191276550293,0.0,0.0,0.0,0.0,0.0,0.0,0.0,0.0,0.0,0.0,0.0,0.0,-0.039732541888952255,0.05081583559513092,0.03124827705323696,-0.04973229393362999,0.2685178816318512,0.25871261954307556,0.29250603914260864,0.2870541214942932,-0.33064699172973633,0.9097208380699158,0.5269705057144165,0.0,0.0,0.0,0.0,0.0,0.0,0.0
21056440688,0,-0.03869936987757683,0.019688565284013748,-0.6409426927566528,6.569455581484362e-05,-0.04113857448101044,-0.8442511558532715,0.04345070198178291,-0.010466753505170345,-0.05233112722635269,0.07775776088237762,-0.12178997695446014,-0.20288395881652832,0.02951556071639061,-0.017455121502280235,0.0269367303699255,0.0,0.0,-0.0047828578390181065,0.1789279729127884,0.11152652651071548,0.004033962730318308,-0.2354964315891266,0.1372784674167633,-0.03836674988269806,0.24778540432453156,-1.534057855606079,-46.92854690551758,-0.41992777585983276,-0.0040205358527600765,-0.006536275148391724,-0.028224501758813858,0.10017919540405273,-0.10988672077655792,0.02454053796827793,11.2391939163208,10.955658912658691,12.563505172729492,12.219059944152832,-0.036796875298023224,0.04752929508686066,0.03066406212747097,-0.059794921427965164,0.0,-0.043205585330724716,0.05472945794463158,0.0337618887424469,-0.05409400910139084,0.0,-0.2741243839263916,-0.23596292734146118,-9.92821216583252,0.04505189135670662,-0.27891960740089417,-8.532463073730469,0.0,0.0,0.0,0.0,0.0,0.0,0.0,0.0,0.0,0.0,0.0,0.0,-0.03989174962043762,0.05132429674267769,0.031256623566150665,-0.050206027925014496,0.2657690644264221,0.26018208265304565,0.2916492223739624,0.2849515378475189,-1.2136266231536865,1.2775884866714478,0.2611476480960846,0.0,0.0,0.0,0.0,0.0,0.0,0.0
21074077400,0,-0.038979560136795044,0.019832134246826172,-0.6422373056411743,6.569455581484362e-05,-0.04113857448101044,-0.8442511558532715,0.044001225382089615,0.003635406494140625,-0.059052061289548874,0.07809089869260788,-0.12194202840328217,-0.20201385021209717,0.034036681056022644,-0.01368414331227541,0.027172069996595383,0.0,0.0,-0.0047828578390181065,0.1388167291879654,0.13876555860042572,0.0036921428982168436,-0.2680167257785797,0.0984385684132576,-0.03913191705942154,0.24778540432453156,-1.534057855606079,-46.92854690551758,-0.41992777585983276,-0.0040205358527600765,-0.006536275148391724,-0.028224501758813858,0.10017919540405273,-0.10988672077655792,0.02454053796827793,11.2391939163208,10.955658912658691,12.563505172729492,12.219059944152832,-0.03526367247104645,0.04906250163912773,0.03066406212747097,-0.059794921427965164,0.0,-0.043205585330724716,0.05472945794463158,0.0337618887424469,-0.05409400910139084,0.0,-0.19651226699352264,-0.49411216378211975,-9.833257675170898,0.04778354987502098,-0.2959819436073303,-8.500718116760254,0.0,0.0,0.0,0.0,0.0,0.0,0.0,0.0,0.0,0.0,0.0,0.0,-0.04039791226387024,0.052098728716373444,0.03157294541597366,-0.05102859437465668,0.2657690644264221,0.26018208265304565,0.2916492223739624,0.2849515378475189,-1.892856240272522,1.3721213340759277,0.11193301528692245,0.0,0.0,0.0,0.0,0.0,0.0,0.0
21076367729,0,-0.038979560136795044,0.019832134246826172,-0.6422373056411743,6.569455581484362e-05,-0.04113857448101044,-0.8442511558532715,0.044001225382089615,0.003635406494140625,-0.059052061289548874,0.07809089869260788,-0.12194202840328217,-0.20201385021209717,0.034036681056022644,-0.01368414331227541,0.027172069996595383,0.0,0.0,-0.0047828578390181065,0.1388167291879654,0.13876555860042572,0.0036921428982168436,-0.27456045150756836,0.08761675655841827,-0.03945392370223999,0.26280951499938965,-1.6279007196426392,-46.75394821166992,-0.38790491223335266,-0.05404820293188095,-0.005273621529340744,-0.027963753789663315,0.10704489052295685,-0.10823361575603485,0.024816062301397324,11.140702247619629,11.065792083740234,12.51357364654541,12.080999374389648,-0.03526367247104645,0.04906250163912773,0.03066406212747097,-0.05826171860098839,0.0,-0.04606617987155914,0.05769363418221474,0.0361475944519043,-0.05788036808371544,0.0,-0.05575870722532272,0.22065049409866333,-9.933672904968262,0.04778354987502098,-0.2959819436073303,-8.500718116760254,0.0,0.0,0.0,0.0,0.0,0.0,0.0,0.0,0.0,0.0,0.0,0.0,-0.04129689931869507,0.053101781755685806,0.03224249556660652,-0.052173465490341187,0.26383015513420105,0.2623542249202728,0.29067957401275635,0.2822604775428772,-1.892856240272522,1.3721213340759277,0.11193301528692245,0.0,0.0,0.0,0.0,0.0,0.0,0.0
21087479328,0,-0.038979560136795044,0.019832134246826172,-0.6422373056411743,6.569455581484362e-05,-0.04113857448101044,-0.8442511558532715,0.044001225382089615,0.003635406494140625,-0.059052061289548874,0.07821643352508545,-0.12199191004037857,-0.20156168937683105,0.034036681056022644,-0.01368414331227541,0.027172069996595383,0.0,0.0,-0.0047828578390181065,0.1388167291879654,0.13876555860042572,0.0036921428982168436,-0.27456045150756836,0.08761675655841827,-0.03945392370223999,0.26280951499938965,-1.6279007196426392,-46.75394821166992,-0.38790491223335266,-0.05404820293188095,-0.005273621529340744,-0.027963753789663315,0.10704489052295685,-0.10823361575603485,0.024816062301397324,11.140702247619629,11.065792083740234,12.51357364654541,12.080999374389648,-0.03373046964406967,0.04752929508686066,0.03066406212747097,-0.05826171860098839,0.0,-0.04606617987155914,0.05769363418221474,0.0361475944519043,-0.05788036808371544,0.0,-0.016530748456716537,0.12139870226383209,-9.923800468444824,0.04766825959086418,-0.3029627203941345,-8.500228881835938,0.0,0.0,0.0,0.0,0.0,0.0,0.0,0.0,0.0,0.0,0.0,0.0,-0.04248712584376335,0.05430567264556885,0.03318232670426369,-0.05361492931842804,0.26383015513420105,0.2623542249202728,0.29067957401275635,0.2822604775428772,-1.892856240272522,1.3721213340759277,0.11193301528692245,0.0,0.0,0.0,0.0,0.0,0.0,0.0
21096930631,0,-0.03909115493297577,0.019897203892469406,-0.6431403756141663,6.569455581484362e-05,-0.04113857448101044,-0.8442511558532715,0.04416649416089058,0.011104732751846313,-0.05900651589035988,0.07831409573554993,-0.12207216769456863,-0.20111078023910522,0.0355367586016655,-0.0107067646458745,0.02729490026831627,0.0,0.0,-0.0047828578390181065,0.09412573277950287,0.15859048068523407,0.0020566985476762056,-0.2811918556690216,0.07633820921182632,-0.03959878534078598,0.26607441902160645,-1.7147467136383057,-46.749305725097656,-0.35845625400543213,-0.09981977194547653,-0.0011065099388360977,-0.027715912088751793,0.11369181424379349,-0.10538999736309052,0.025226298719644547,11.009505271911621,11.28620433807373,12.434016227722168,12.06763744354248,-0.03373046964406967,0.04752929508686066,0.03066406212747097,-0.05826171860098839,0.0,-0.04927818849682808,0.05941719561815262,0.03877892717719078,-0.06056686118245125,0.0,-0.016530748456716537,0.12139870226383209,-9.923800468444824,0.04837716743350029,-0.3117721378803253,-8.499874114990234,0.0,0.0,0.0,0.0,0.0,0.0,0.0,0.0,0.0,0.0,0.0,0.0,-0.04388110339641571,0.05560244619846344,0.034313105046749115,-0.0552348755300045,0.26383015513420105,0.2623542249202728,0.29067957401275635,0.2822604775428772,-2.0679187774658203,1.0855344533920288,-0.1681733876466751,0.0,0.0,0.0,0.0,0.0,0.0,0.0
21106537830,0,-0.039084870368242264,0.01982313022017479,-0.6440717577934265,6.569455581484362e-05,-0.04113857448101044,-0.8442511558532715,0.042546458542346954,0.013824346475303173,-0.06223994120955467,0.07830152660608292,-0.1219240203499794,-0.20017939805984497,0.035943351686000824,-0.007406978402286768,0.02731836959719658,0.0,0.0,-0.0047828578390181065,0.06678842008113861,0.1672244518995285,0.0025823242031037807,-0.2811918556690216,0.07633820921182632,-0.03959878534078598,0.26607441902160645,-1.7147467136383057,-46.749305725097656,-0.35845625400543213,-0.09981977194547653,-0.0011065099388360977,-0.027715912088751793,0.11369181424379349,-0.10538999736309052,0.025226298719644547,11.031132698059082,11.257952690124512,12.464177131652832,11.901677131652832,-0.03373046964406967,0.04752929508686066,0.03066406212747097,-0.05826171860098839,0.0,-0.0491814948618412,0.05956646800041199,0.03868505358695984,-0.06141247600317001,0.0,-0.016530748456716537,0.12139870226383209,-9.923800468444824,0.05250030383467674,-0.3170618414878845,-8.474288940429688,0.0,0.0,0.0,0.0,0.0,0.0,0.0,0.0,0.0,0.0,0.0,0.0,-0.045409951359033585,0.05687151849269867,0.03556758537888527,-0.056930553168058395,0.26124438643455505,0.2666938304901123,0.28913387656211853,0.2819996476173401,-2.0206501483917236,0.7912654876708984,-0.033183563500642776,0.0,0.0,0.0,0.0,0.0,0.0,0.0
21116559822,0,-0.039084870368242264,0.01982313022017479,-0.6440717577934265,6.569455581484362e-05,-0.04113857448101044,-0.8442511558532715,0.042546458542346954,0.013824346475303173,-0.06223994120955467,0.07830152660608292,-0.1219240203499794,-0.20017939805984497,0.035943351686000824,-0.007406978402286768,0.02731836959719658,0.0,0.0,-0.0047828578390181065,0.034889157861471176,0.16303510963916779,0.004735447466373444,-0.2911092936992645,0.05202611908316612,-0.03938090801239014,0.28875166177749634,-1.7438400983810425,-46.60858917236328,-0.33769118785858154,-0.12311098724603653,-0.003566766157746315,-0.02757382020354271,0.11749020218849182,-0.10302308946847916,0.025410853326320648,11.031132698059082,11.257952690124512,12.464177131652832,11.901677131652832,-0.03526367247104645,0.04752929508686066,0.032197266817092896,-0.05826171860098839,0.0,-0.04937337338924408,0.06120902672410011,0.03887958824634552,-0.0629403293132782,0.0,-0.11920703202486038,-0.19567647576332092,-9.714156150817871,0.05250030383467674,-0.3170618414878845,-8.474288940429688,0.0,0.0,0.0,0.0,0.0,0.0,0.0,0.0,0.0,0.0,0.0,0.0,-0.0468711219727993,0.05806184187531471,0.036773115396499634,-0.05862301588058472,0.26167091727256775,0.2661382555961609,0.2897201180458069,0.2787594497203827,-2.3364152908325195,0.15208148956298828,0.16385702788829803,0.0,0.0,0.0,0.0,0.0,0.0,0.0
21127506987,0,-0.03909716755151749,0.01965835876762867,-0.645030677318573,6.569455581484362e-05,-0.04113857448101044,-0.8442511558532715,0.0451618954539299,0.01340442430227995,-0.0679130107164383,0.07832612097263336,-0.12159447371959686,-0.1992204785346985,0.035940010100603104,-0.004825321491807699,0.027990266680717468,0.0,0.0,-0.0047828578390181065,0.034889157861471176,0.16303510963916779,0.004735447466373444,-0.28595155477523804,0.03648904711008072,-0.039425041526556015,0.27355217933654785,-1.7143163681030273,-46.48701095581055,-0.3024941384792328,-0.12280528992414474,-0.007189273834228516,-0.027454130351543427,0.12050647288560867,-0.1006990447640419,0.02554929256439209,11.14572525024414,11.189369201660156,12.469449043273926,11.72724437713623,-0.036796875298023224,0.04906250163912773,0.03373046964406967,-0.05826171860098839,0.0,-0.04839874804019928,0.06018055975437164,0.03846711292862892,-0.06251568347215652,0.0,0.0775006115436554,-0.25794243812561035,-10.185896873474121,0.048008546233177185,-0.3152289390563965,-8.432816505432129,0.0,0.0,0.0,0.0,0.0,0.0,0.0,0.0,0.0,0.0,0.0,0.0,-0.04799766093492508,0.05910478159785271,0.03772670775651932,-0.06016197428107262,0.26392924785614014,0.26478850841522217,0.289822518825531,0.2753477394580841,-2.3364152908325195,0.15208148956298828,0.16385702788829803,0.0,0.0,0.0,0.0,0.0,0.0,0.0
21136299258,0,-0.03909716755151749,0.01965835876762867,-0.645030677318573,6.569455581484362e-05,-0.04113857448101044,-0.8442511558532715,0.0451618954539299,0.01340442430227995,-0.0679130107164383,0.07817781716585159,-0.12118451297283173,-0.1982669234275818,0.035940010100603104,-0.004825321491807699,0.027990266680717468,0.0,0.0,-0.0047828578390181065,-0.006067162379622459,0.14037303626537323,0.009618101641535759,-0.28595155477523804,0.03648904711008072,-0.039425041526556015,0.27355217933654785,-1.7143163681030273,-46.48701095581055,-0.3024941384792328,-0.12280528992414474,-0.007189273834228516,-0.027454130351543427,0.12050647288560867,-0.1006990447640419,0.02554929256439209,11.14572525024414,11.189369201660156,12.469449043273926,11.72724437713623,-0.036796875298023224,0.04906250163912773,0.03373046964406967,-0.059794921427965164,0.0,-0.04839874804019928,0.06018055975437164,0.03846711292862892,-0.06251568347215652,0.0,0.0775006115436554,-0.25794243812561035,-10.185896873474121,0.04433652013540268,-0.3185212314128876,-8.408601760864258,0.0,0.0,0.0,0.0,0.0,0.0,0.0,0.0,0.0,0.0,0.0,0.0,-0.048670683056116104,0.05986366793513298,0.03835134953260422,-0.06137276068329811,0.26392924785614014,0.26478850841522217,0.289822518825531,0.2753477394580841,-2.251150369644165,-0.8064576387405396,0.3818548917770386,0.0,0.0,0.0,0.0,0.0,0.0,0.0
21146079179,0,-0.0390230156481266,0.01945338025689125,-0.6459842324256897,6.569455581484362e-05,-0.04113857448101044,-0.8442511558532715,0.047030672430992126,0.015572543255984783,-0.07151886820793152,0.07817781716585159,-0.12118451297283173,-0.1982669234275818,0.03568187728524208,-0.0027242170181125402,0.028598735108971596,0.0,0.0,-0.0047828578390181065,-0.04702034220099449,0.12475910782814026,0.01104694977402687,-0.2837938964366913,0.019763993099331856,-0.04010952264070511,0.2581593096256256,-1.795524001121521,-46.248329162597656,-0.20005828142166138,-0.1084035336971283,-0.012757912278175354,-0.0271737203001976,0.12459634244441986,-0.09697859734296799,0.025884605944156647,11.407163619995117,11.124512672424316,12.368727684020996,11.39394760131836,-0.038330078125,0.04906250163912773,0.03373046964406967,-0.06132812425494194,0.0,-0.050259511917829514,0.06265497207641602,0.041568681597709656,-0.06636668741703033,0.0,0.08536473661661148,-0.23601765930652618,-9.961918830871582,0.04433652013540268,-0.3185212314128876,-8.408601760864258,0.0,0.0,0.0,0.0,0.0,0.0,0.0,0.0,0.0,0.0,0.0,0.0,-0.049037348479032516,0.06040952354669571,0.03882299363613129,-0.06235679239034653,0.268566757440567,0.2613348066806793,0.29037678241729736,0.26957350969314575,-2.5498931407928467,-0.9239776730537415,0.19836804270744324,0.0,0.0,0.0,0.0,0.0,0.0,0.0
21156405407,0,-0.03895026817917824,0.019287388771772385,-0.6469414830207825,6.569455581484362e-05,-0.04113857448101044,-0.8442511558532715,0.044022876769304276,0.01956106722354889,-0.06856828182935715,0.07803231477737427,-0.120852530002594,-0.197309672832489,0.03426170349121094,-0.00044635473750531673,0.028924401849508286,0.0,0.0,-0.0047828578390181065,-0.04702034220099449,0.12475910782814026,0.01104694977402687,-0.2837938964366913,0.019763993099331856,-0.04010952264070511,0.2581593096256256,-1.795524001121521,-46.248329162597656,-0.20005828142166138,-0.1084035336971283,-0.012757912278175354,-0.0271737203001976,0.12675215303897858,-0.09453154355287552,0.026258887723088264,11.407163619995117,11.124512672424316,12.368727684020996,11.39394760131836,-0.038330078125,0.04906250163912773,0.03526367247104645,-0.06286133080720901,0.0,-0.050259511917829514,0.06265497207641602,0.041568681597709656,-0.06636668741703033,0.0,-0.09045516699552536,-0.186150461435318,-9.61258316040039,0.050385668873786926,-0.326058566570282,-8.434440612792969,0.0,0.0,0.0,0.0,0.0,0.0,0.0,0.0,0.0,0.0,0.0,0.0,-0.04935735464096069,0.06097817420959473,0.039418525993824005,-0.06340303272008896,0.2690712511539459,0.26351138949394226,0.2878645360469818,0.26881155371665955,-2.5498931407928467,-0.9239776730537415,0.19836804270744324,0.0,0.0,0.0,0.0,0.0,0.0,0.0
21166852704,0,-0.03879978507757187,0.019200753420591354,-0.6478931903839111,6.569455581484362e-05,-0.04113857448101044,-0.8442511558532715,0.04020823538303375,0.018869673833251,-0.057821452617645264,0.07773134857416153,-0.12067925930023193,-0.19635796546936035,0.03187040612101555,0.0009637166513130069,0.02879667468369007,0.0,0.0,-0.0047828578390181065,-0.0932607427239418,0.09981583803892136,0.013705442659556866,-0.2591080963611603,-0.004000111948698759,-0.040195971727371216,0.2581593096256256,-1.795524001121521,-46.248329162597656,-0.20005828142166138,-0.1084035336971283,-0.012757912278175354,-0.0271737203001976,0.12675215303897858,-0.09453154355287552,0.026258887723088264,11.407163619995117,11.124512672424316,12.368727684020996,11.39394760131836,-0.036796875298023224,0.04906250163912773,0.036796875298023224,-0.06439453363418579,0.0,-0.050259511917829514,0.06265497207641602,0.041568681597709656,-0.06636668741703033,0.0,-0.09045516699552536,-0.186150461435318,-9.61258316040039,0.057936131954193115,-0.3248141407966614,-8.516501426696777,0.0,0.0,0.0,0.0,0.0,0.0,0.0,0.0,0.0,0.0,0.0,0.0,-0.04968120902776718,0.06156725436449051,0.040108174085617065,-0.06446445733308792,0.2690712511539459,0.26351138949394226,0.2878645360469818,0.26881155371665955,-2.3523600101470947,-1.1996068954467773,0.015322552062571049,0.0,0.0,0.0,0.0,0.0,0.0,0.0
21176396770,0,-0.03879978507757187,0.019200753420591354,-0.6478931903839111,6.569455581484362e-05,-0.04113857448101044,-0.8442511558532715,0.04020823538303375,0.018869673833251,-0.057821452617645264,0.07773134857416153,-0.12067925930023193,-0.19635796546936035,0.03187040612101555,0.0009637166513130069,0.02879667468369007,0.0,0.0,-0.0047828578390181065,-0.0932607427239418,0.09981583803892136,0.013705442659556866,-0.2591080963611603,-0.004000111948698759,-0.040195971727371216,0.28991690278053284,-1.7832590341567993,-46.62692642211914,-0.14232376217842102,-0.0918198823928833,-0.01352127455174923,-0.027058010920882225,0.12901636958122253,-0.09080773591995239,0.027043834328651428,11.636042594909668,11.264318466186523,12.368739128112793,11.407305717468262,-0.036796875298023224,0.04752929508686066,0.036796875298023224,-0.06592773646116257,0.0,-0.0479201041162014,0.06250052154064178,0.040319427847862244,-0.06688329577445984,0.0,-0.23577482998371124,-0.3544100522994995,-9.3118896484375,0.057936131954193115,-0.3248141407966614,-8.516501426696777,0.0,0.0,0.0,0.0,0.0,0.0,0.0,0.0,0.0,0.0,0.0,0.0,-0.049839265644550323,0.062050558626651764,0.04065922275185585,-0.06536132097244263,0.2735614776611328,0.26626333594322205,0.2878647446632385,0.2690739333629608,-2.3523600101470947,-1.1996068954467773,0.015322552062571049,0.0,0.0,0.0,0.0,0.0,0.0,0.0
21186328046,0,-0.038703590631484985,0.019182687625288963,-0.6483390927314758,6.569455581484362e-05,-0.04113857448101044,-0.8442511558532715,0.038933075964450836,0.01771615818142891,-0.05450817197561264,0.07753895968198776,-0.12064313143491745,-0.19591206312179565,0.030549190938472748,0.001113401260226965,0.02873600460588932,0.0,0.0,-0.0047828578390181065,-0.10990969091653824,0.07983937859535217,0.011869953013956547,-0.2591080963611603,-0.004000111948698759,-0.040195971727371216,0.31864872574806213,-1.78647780418396,-46.84075927734375,-0.11960072815418243,-0.0713919848203659,-0.010975528508424759,-0.027024462819099426,0.12959489226341248,-0.0893775150179863,0.027360709384083748,11.692461013793945,11.385237693786621,12.29222583770752,11.521686553955078,-0.038330078125,0.04752929508686066,0.038330078125,-0.06592773646116257,0.0,-0.0469132736325264,0.06283318996429443,0.039839088916778564,-0.0671977773308754,0.0,-0.23577482998371124,-0.3544100522994995,-9.3118896484375,0.060265347361564636,-0.3224449157714844,-8.539497375488281,0.0,0.0,0.0,0.0,0.0,0.0,0.0,0.0,0.0,0.0,0.0,0.0,-0.049624331295490265,0.062393758445978165,0.0409030057489872,-0.0660739317536354,0.274666428565979,0.26864051818847656,0.28637614846229553,0.27131912112236023,-2.1846370697021484,-1.6593409776687622,-0.1251916140317917,0.0,0.0,0.0,0.0,0.0,0.0,0.0
21196354392,0,-0.038583237677812576,0.019168796017766,-0.6487722396850586,6.569455581484362e-05,-0.04113857448101044,-0.8442511558532715,0.038640670478343964,0.017946293577551842,-0.051547084003686905,0.07729825377464294,-0.12061534076929092,-0.1954789161682129,0.02939687855541706,0.0010221998672932386,0.028781067579984665,0.0,0.0,-0.0047828578390181065,-0.13035938143730164,0.02330036647617817,0.0044256155379116535,-0.2325737476348877,-0.010162817314267159,-0.04049808159470558,0.33195438981056213,-1.775499701499939,-47.07384490966797,-0.11960072815418243,-0.0713919848203659,-0.010975528508424759,-0.027024462819099426,0.12959489226341248,-0.0893775150179863,0.027360709384083748,11.706945419311523,11.599629402160645,12.000417709350586,11.821725845336914,-0.038330078125,0.04906250163912773,0.038330078125,-0.06592773646116257,0.0,-0.046121012419462204,0.061741460114717484,0.04009233042597771,-0.06555955857038498,0.0,-0.06456694006919861,-0.33685538172721863,-9.346166610717773,0.06035534292459488,-0.3228181302547455,-8.558880805969238,0.0,0.0,0.0,0.0,0.0,0.0,0.0,0.0,0.0,0.0,0.0,0.0,-0.04902825877070427,0.06257792562246323,0.04086042195558548,-0.06654170155525208,0.274666428565979,0.26864051818847656,0.28637614846229553,0.27131912112236023,-1.2727138996124268,-2.41131854057312,-0.3484920859336853,0.0,0.0,0.0,0.0,0.0,0.0,0.0
21206255208,0,-0.03844994306564331,0.019138528034090996,-0.6491657495498657,6.569455581484362e-05,-0.04113857448101044,-0.8442511558532715,0.03946005180478096,0.02198845148086548,-0.04807084798812866,0.07703166455030441,-0.12055481225252151,-0.19508540630340576,0.028449980542063713,0.0007935658213682473,0.028810584917664528,0.0,0.0,-0.0047828578390181065,-0.13035938143730164,0.02330036647617817,0.0044256155379116535,-0.2325737476348877,-0.010162817314267159,-0.04049808159470558,0.33195438981056213,-1.775499701499939,-47.07384490966797,-0.08303597569465637,-0.007015575654804707,-0.0030836593359708786,-0.02697128802537918,0.13025279343128204,-0.08691155910491943,0.027894774451851845,11.706945419311523,11.599629402160645,12.000417709350586,11.821725845336914,-0.038330078125,0.05059570446610451,0.039863280951976776,-0.06592773646116257,0.0,-0.046116068959236145,0.06174645572900772,0.04009715095162392,-0.0655546560883522,0.0,-0.18184809386730194,-0.3371478021144867,-9.197685241699219,0.057915784418582916,-0.330757737159729,-8.581282615661621,0.0,0.0,0.0,0.0,0.0,0.0,0.0,0.0,0.0,0.0,0.0,0.0,-0.04823495075106621,0.06256474554538727,0.040686286985874176,-0.06666586548089981,0.2749503254890442,0.2728477120399475,0.2806878983974457,0.2771964371204376,-1.2727138996124268,-2.41131854057312,-0.3484920859336853,0.0,0.0,0.0,0.0,0.0,0.0,0.0
21216230848,0,-0.03844994306564331,0.019138528034090996,-0.6491657495498657,6.569455581484362e-05,-0.04113857448101044,-0.8442511558532715,0.03946005180478096,0.02198845148086548,-0.04807084798812866,0.07703166455030441,-0.12055481225252151,-0.19508540630340576,0.028449980542063713,0.0007935658213682473,0.028810584917664528,0.0,0.0,-0.0047828578390181065,-0.13083769381046295,-0.03786414861679077,0.0012727981666103005,-0.2117525339126587,0.0017701754113659263,-0.040422260761260986,0.33195438981056213,-1.775499701499939,-47.07384490966797,-0.08303597569465637,-0.007015575654804707,-0.0030836593359708786,-0.02697128802537918,0.13025279343128204,-0.08691155910491943,0.027894774451851845,11.706945419311523,11.599629402160645,12.000417709350586,11.821725845336914,-0.038330078125,0.052128907293081284,0.039863280951976776,-0.06746093928813934,0.0,-0.046116068959236145,0.06174645572900772,0.04009715095162392,-0.0655546560883522,0.0,-0.2039220631122589,-0.514599084854126,-9.127935409545898,0.057915784418582916,-0.330757737159729,-8.581282615661621,0.0,0.0,0.0,0.0,0.0,0.0,0.0,0.0,0.0,0.0,0.0,0.0,-0.04745402932167053,0.06240703910589218,0.04049171507358551,-0.06652209907770157,0.2749503254890442,0.2728477120399475,0.2806878983974457,0.2771964371204376,-0.4468849003314972,-2.986948013305664,-0.19657136499881744,0.0,0.0,0.0,0.0,0.0,0.0,0.0
21226261648,0,-0.03809414431452751,0.01903955265879631,-0.6498527526855469,6.569455581484362e-05,-0.04113857448101044,-0.8442511558532715,0.04604348912835121,0.03140603005886078,-0.04754560440778732,0.07632005959749222,-0.12035685777664185,-0.1943984031677246,0.02663419209420681,-0.0004020830965600908,0.02890024334192276,0.0,0.0,-0.0047828578390181065,-0.12854792177677155,-0.0769876092672348,0.0031959100160747766,-0.2117525339126587,0.0017701754113659263,-0.040422260761260986,0.2064063400030136,-1.961787462234497,-47.08134078979492,-0.06406906992197037,0.12510614097118378,-0.005663292482495308,-0.026920711621642113,0.13047660887241364,-0.08595424890518188,0.028132129460573196,12.006810188293457,11.362017631530762,11.83421802520752,11.934795379638672,-0.038330078125,0.052128907293081284,0.039863280951976776,-0.06899414211511612,0.0,-0.05415263772010803,0.06493820995092392,0.04999108985066414,-0.06673134118318558,0.0,-0.2039220631122589,-0.514599084854126,-9.127935409545898,0.04247189685702324,-0.34851768612861633,-8.576908111572266,0.0,0.0,0.0,0.0,0.0,0.0,0.0,0.0,0.0,0.0,0.0,0.0,-0.04719381406903267,0.06235482543706894,0.04077963903546333,-0.06632715463638306,0.2778155505657196,0.27174943685531616,0.2785288691520691,0.28037402033805847,-0.1695462018251419,-3.3567843437194824,-0.014797517098486423,0.0,0.0,0.0,0.0,0.0,0.0,0.0
21236622120,0,-0.03781117871403694,0.01893298700451851,-0.6501526832580566,6.569455581484362e-05,-0.04113857448101044,-0.8442511558532715,0.04768618196249008,0.03591987118124962,-0.04942041262984276,0.07575412839651108,-0.12014372646808624,-0.19409847259521484,0.02546677365899086,-0.0013953520683571696,0.02894740365445614,0.0,0.0,-0.0047828578390181065,-0.12854792177677155,-0.0769876092672348,0.0031959100160747766,-0.2117525339126587,0.0017701754113659263,-0.040422260761260986,0.2064063400030136,-1.961787462234497,-47.08134078979492,-0.06406906992197037,0.12510614097118378,-0.005663292482495308,-0.026920711621642113,0.13052967190742493,-0.0861414223909378,0.028254825621843338,12.006810188293457,11.362017631530762,11.83421802520752,11.934795379638672,-0.036796875298023224,0.052128907293081284,0.039863280951976776,-0.06899414211511612,0.0,-0.05415263772010803,0.06493820995092392,0.04999108985066414,-0.06673134118318558,0.0,-0.2039220631122589,-0.514599084854126,-9.127935409545898,0.037528425455093384,-0.35668861865997314,-8.560243606567383,0.0,0.0,0.0,0.0,0.0,0.0,0.0,0.0,0.0,0.0,0.0,0.0,-0.04797918349504471,0.06265861541032791,0.042164579033851624,-0.06625158339738846,0.28081274032592773,0.26818421483039856,0.2774405777454376,0.27940633893013,-0.1695462018251419,-3.3567843437194824,-0.014797517098486423,0.0,0.0,0.0,0.0,0.0,0.0,0.0
21246445115,0,-0.03781117871403694,0.01893298700451851,-0.6501526832580566,6.569455581484362e-05,-0.04113857448101044,-0.8442511558532715,0.04768618196249008,0.03591987118124962,-0.04942041262984276,0.07429958879947662,-0.1196511760354042,-0.19355744123458862,0.02546677365899086,-0.0013953520683571696,0.02894740365445614,0.0,0.0,-0.0047828578390181065,-0.11969584971666336,-0.14226429164409637,0.012148482725024223,-0.18187202513217926,0.0299681443721056,-0.040646255016326904,0.2064063400030136,-1.961787462234497,-47.08134078979492,-0.06406906992197037,0.12510614097118378,-0.005663292482495308,-0.026920711621642113,0.13052967190742493,-0.0861414223909378,0.028254825621843338,12.006810188293457,11.362017631530762,11.83421802520752,11.934795379638672,-0.036796875298023224,0.05059570446610451,0.039863280951976776,-0.06899414211511612,0.0,-0.05415263772010803,0.06493820995092392,0.04999108985066414,-0.06673134118318558,0.0,0.07221684604883194,-0.151767298579216,-9.397805213928223,0.03397182375192642,-0.3446725606918335,-8.588908195495605,0.0,0.0,0.0,0.0,0.0,0.0,0.0,0.0,0.0,0.0,0.0,0.0,-0.049504607915878296,0.06322867423295975,0.044289909303188324,-0.06630294770002365,0.28081274032592773,0.26818421483039856,0.2774405777454376,0.27940633893013,0.19504493474960327,-3.307868003845215,0.33088305592536926,0.0,0.0,0.0,0.0,0.0,0.0,0.0
21256537400,0,-0.03708391264081001,0.01868671551346779,-0.6506937146186829,6.569455581484362e-05,-0.04113857448101044,-0.8442511558532715,0.04780569672584534,0.03060344234108925,-0.04593084007501602,0.07429958879947662,-0.1196511760354042,-0.19355744123458862,0.022851521149277687,-0.003924220334738493,0.029046718031167984,0.0,0.0,-0.0047828578390181065,-0.11969584971666336,-0.14226429164409637,0.012148482725024223,-0.18187202513217926,0.0299681443721056,-0.040646255016326904,0.18684503436088562,-1.8956990242004395,-47.23899459838867,-0.06381161510944366,0.21531030535697937,-0.016235042363405228,-0.02690604329109192,0.13062362372875214,-0.08796156942844391,0.02866470254957676,12.45023250579834,10.999932289123535,11.999391555786133,11.84946346282959,-0.036796875298023224,0.05059570446610451,0.039863280951976776,-0.06899414211511612,0.0,-0.05089786276221275,0.06432154029607773,0.047931235283613205,-0.06465014815330505,0.0,0.07221684604883194,-0.151767298579216,-9.397805213928223,0.03397182375192642,-0.3446725606918335,-8.588908195495605,0.0,0.0,0.0,0.0,0.0,0.0,0.0,0.0,0.0,0.0,0.0,0.0,-0.05096236616373062,0.06379605084657669,0.04629217088222504,-0.06631125509738922,0.2894490957260132,0.261055588722229,0.28066790103912354,0.27773889899253845,0.19504493474960327,-3.307868003845215,0.33088305592536926,0.0,0.0,0.0,0.0,0.0,0.0,0.0
21266291490,0,-0.03629666194319725,0.01848992332816124,-0.6511682868003845,6.569455581484362e-05,-0.04113857448101044,-0.8442511558532715,0.04447872191667557,0.02398703061044216,-0.0394895076751709,0.0727250799536705,-0.11925759166479111,-0.19308286905288696,0.02057202160358429,-0.007753720972687006,0.029262185096740723,0.0,0.0,-0.0047828578390181065,-0.11662022769451141,-0.1730102300643921,0.017353856936097145,-0.17496661841869354,0.054530199617147446,-0.04124276340007782,0.18842177093029022,-1.8747859001159668,-47.38724136352539,-0.060295600444078445,0.25902804732322693,-0.020942911505699158,-0.02691248431801796,0.13065636157989502,-0.08966826647520065,0.029037760570645332,12.677947044372559,10.857351303100586,12.08165454864502,11.83194637298584,-0.038330078125,0.05059570446610451,0.039863280951976776,-0.06899414211511612,0.0,-0.04935549572110176,0.06453578174114227,0.04694516584277153,-0.06416761875152588,0.0,-0.14273573458194733,-0.33643296360969543,-9.522843360900879,0.03663618490099907,-0.3306339979171753,-8.638471603393555,0.0,0.0,0.0,0.0,0.0,0.0,0.0,0.0,0.0,0.0,0.0,0.0,-0.05174639821052551,0.06421039253473282,0.047628890722990036,-0.06608256697654724,0.29386913776397705,0.258241206407547,0.28227314352989197,0.27739614248275757,0.19492103159427643,-3.1487624645233154,0.390793114900589,0.0,0.0,0.0,0.0,0.0,0.0,0.0
21276983603,0,-0.03629666194319725,0.01848992332816124,-0.6511682868003845,6.569455581484362e-05,-0.04113857448101044,-0.8442511558532715,0.04447872191667557,0.02398703061044216,-0.0394895076751709,0.07105107605457306,-0.11884760856628418,-0.19262290000915527,0.02057202160358429,-0.007753720972687006,0.029262185096740723,0.0,0.0,-0.0047828578390181065,-0.11088982224464417,-0.22803080081939697,0.019640564918518066,-0.15854613482952118,0.0878605768084526,-0.041382115334272385,0.18842177093029022,-1.8747859001159668,-47.38724136352539,-0.060295600444078445,0.25902804732322693,-0.020942911505699158,-0.02691248431801796,0.13065636157989502,-0.08966826647520065,0.029037760570645332,12.677947044372559,10.857351303100586,12.08165454864502,11.83194637298584,-0.039863280951976776,0.05059570446610451,0.04139648377895355,-0.06899414211511612,0.0,-0.04935549572110176,0.06453578174114227,0.04694516584277153,-0.06416761875152588,0.0,-0.1839331090450287,-0.39596027135849,-9.51046371459961,0.028935518115758896,-0.33139142394065857,-8.662525177001953,0.0,0.0,0.0,0.0,0.0,0.0,0.0,0.0,0.0,0.0,0.0,0.0,-0.05176195129752159,0.06446433067321777,0.048205625265836716,-0.06563899666070938,0.29386913776397705,0.258241206407547,0.28227314352989197,0.27739614248275757,0.1616334766149521,-2.914334774017334,0.16073183715343475,0.0,0.0,0.0,0.0,0.0,0.0,0.0
21287217980,0,-0.03545966371893883,0.018284931778907776,-0.6516282558441162,6.569455581484362e-05,-0.04113857448101044,-0.8442511558532715,0.045838408172130585,0.02493312954902649,-0.035869404673576355,0.07105107605457306,-0.11884760856628418,-0.19262290000915527,0.0187996756285429,-0.012539898976683617,0.02957376465201378,0.0,0.0,-0.0047828578390181065,-0.11088982224464417,-0.22803080081939697,0.019640564918518066,-0.15854613482952118,0.0878605768084526,-0.041382115334272385,0.19061076641082764,-1.7963305711746216,-47.603904724121094,-0.049272648990154266,0.34503471851348877,-0.020412862300872803,-0.026961464434862137,0.1306598037481308,-0.09422467648983002,0.029864633455872536,12.867206573486328,10.808809280395508,11.973589897155762,12.014880180358887,-0.039863280951976776,0.05059570446610451,0.04139648377895355,-0.06899414211511612,0.0,-0.04641473665833473,0.06232136860489845,0.04498093202710152,-0.06094518303871155,0.0,-0.1839331090450287,-0.39596027135849,-9.51046371459961,0.028935518115758896,-0.33139142394065857,-8.662525177001953,0.0,0.0,0.0,0.0,0.0,0.0,0.0,0.0,0.0,0.0,0.0,0.0,-0.05118987709283829,0.06450024992227554,0.04816606268286705,-0.06500067561864853,0.2975349426269531,0.25728198885917664,0.28016409277915955,0.2809702455997467,0.1616334766149521,-2.914334774017334,0.16073183715343475,0.0,0.0,0.0,0.0,0.0,0.0,0.0
21296260252,0,-0.03545966371893883,0.018284931778907776,-0.6516282558441162,6.569455581484362e-05,-0.04113857448101044,-0.8442511558532715,0.045838408172130585,0.02493312954902649,-0.035869404673576355,0.07105107605457306,-0.11884760856628418,-0.19262290000915527,0.0187996756285429,-0.012539898976683617,0.02957376465201378,0.0,0.0,-0.0047828578390181065,-0.11182583123445511,-0.25529757142066956,0.015742020681500435,-0.1373331993818283,0.12388499826192856,-0.04146132245659828,0.1006520539522171,-1.8390321731567383,-47.55473709106445,-0.026893628761172295,0.40629124641418457,-0.014874717220664024,-0.02706119976937771,0.13040663301944733,-0.10085257142782211,0.030682306736707687,12.845612525939941,10.875529289245605,11.694246292114258,12.201094627380371,-0.039863280951976776,0.052128907293081284,0.04292968660593033,-0.06899414211511612,0.0,-0.050156787037849426,0.06038939580321312,0.05006225407123566,-0.05865101143717766,0.0,0.03489922359585762,-0.01071343943476677,-9.683568954467773,0.028935518115758896,-0.33139142394065857,-8.662525177001953,0.0,0.0,0.0,0.0,0.0,0.0,0.0,0.0,0.0,0.0,0.0,0.0,-0.05033567547798157,0.06412887573242188,0.047883886843919754,-0.06398121267557144,0.29711711406707764,0.2586002051830292,0.2747015058994293,0.2846016585826874,-0.1012841984629631,-1.5510433912277222,-0.10028160363435745,0.0,0.0,0.0,0.0,0.0,0.0,0.0
21306399934,0,-0.034414082765579224,0.018069099634885788,-0.6520783305168152,6.569455581484362e-05,-0.04113857448101044,-0.8442511558532715,0.05378730595111847,0.033645741641521454,-0.0396069660782814,0.06895989924669266,-0.1184159442782402,-0.1921728253364563,0.017460189759731293,-0.01716265268623829,0.029661521315574646,0.0,0.0,-0.0047828578390181065,-0.11182583123445511,-0.25529757142066956,0.015742020681500435,-0.1373331993818283,0.12388499826192856,-0.04146132245659828,0.1006520539522171,-1.8390321731567383,-47.55473709106445,-0.026893628761172295,0.40629124641418457,-0.014874717220664024,-0.02706119976937771,0.13040663301944733,-0.10085257142782211,0.030682306736707687,12.845612525939941,10.875529289245605,11.694246292114258,12.201094627380371,-0.038330078125,0.052128907293081284,0.044462889432907104,-0.06746093928813934,0.0,-0.050156787037849426,0.06038939580321312,0.05006225407123566,-0.05865101143717766,0.0,0.03489922359585762,-0.01071343943476677,-9.683568954467773,0.007061796262860298,-0.3470616638660431,-8.629268646240234,0.0,0.0,0.0,0.0,0.0,0.0,0.0,0.0,0.0,0.0,0.0,0.0,-0.04970993101596832,0.06334532052278519,0.047912660986185074,-0.06260209530591965,0.29711711406707764,0.2586002051830292,0.2747015058994293,0.2846016585826874,-0.1012841984629631,-1.5510433912277222,-0.10028160363435745,0.0,0.0,0.0,0.0,0.0,0.0,0.0
21316482419,0,-0.033869802951812744,0.017950475215911865,-0.6523071527481079,6.569455581484362e-05,-0.04113857448101044,-0.8442511558532715,0.05628488212823868,0.03718255087733269,-0.041612301021814346,0.0678713396191597,-0.11817868798971176,-0.19194400310516357,0.016677608713507652,-0.019152117893099785,0.029559096321463585,0.0,0.0,-0.0047828578390181065,-0.10611109435558319,-0.25310009717941284,0.012444754131138325,-0.1373331993818283,0.12388499826192856,-0.04146132245659828,0.038839880377054214,-1.9088391065597534,-47.460975646972656,-0.023650236427783966,0.4021487236022949,-0.011520180851221085,-0.027114253491163254,0.1302269697189331,-0.10393547266721725,0.030943727120757103,12.738041877746582,10.946863174438477,11.588424682617188,12.250624656677246,-0.036796875298023224,0.052128907293081284,0.04599609225988388,-0.06746093928813934,0.0,-0.054243456572294235,0.06024879217147827,0.05453595519065857,-0.05864943191409111,0.0,0.03489922359585762,-0.01071343943476677,-9.683568954467773,-0.0007882928475737572,-0.3532738983631134,-8.61368465423584,0.0,0.0,0.0,0.0,0.0,0.0,0.0,0.0,0.0,0.0,0.0,0.0,-0.049673162400722504,0.06240803003311157,0.04852984845638275,-0.061194680631160736,0.2950340509414673,0.2600083649158478,0.2726280093193054,0.28556644916534424,0.14976342022418976,-0.7726182341575623,-0.18586133420467377,0.0,0.0,0.0,0.0,0.0,0.0,0.0
21326743817,0,-0.033869802951812744,0.017950475215911865,-0.6523071527481079,6.569455581484362e-05,-0.04113857448101044,-0.8442511558532715,0.05628488212823868,0.03718255087733269,-0.041612301021814346,0.06670280545949936,-0.11804014444351196,-0.19170325994491577,0.016677608713507652,-0.019152117893099785,0.029559096321463585,0.0,0.0,-0.0047828578390181065,-0.09979341924190521,-0.23466721177101135,0.010470448061823845,-0.11481913179159164,0.18209056556224823,-0.04133310541510582,0.038839880377054214,-1.9088391065597534,-47.460975646972656,-0.023650236427783966,0.4021487236022949,-0.011520180851221085,-0.027114253491163254,0.1302269697189331,-0.10393547266721725,0.030943727120757103,12.738041877746582,10.946863174438477,11.588424682617188,12.250624656677246,-0.038330078125,0.05059570446610451,0.04599609225988388,-0.06746093928813934,0.0,-0.054243456572294235,0.06024879217147827,0.05453595519065857,-0.05864943191409111,0.0,-0.1762913465499878,-0.327544242143631,-9.82372760772705,-0.004513755440711975,-0.35032039880752563,-8.608564376831055,0.0,0.0,0.0,0.0,0.0,0.0,0.0,0.0,0.0,0.0,0.0,0.0,-0.05030990019440651,0.06155510991811752,0.04973529651761055,-0.06003290414810181,0.2950340509414673,0.2600083649158478,0.2726280093193054,0.28556644916534424,0.2724502682685852,0.4545477628707886,-0.03676605224609375,0.0,0.0,0.0,0.0,0.0,0.0,0.0
21336402745,0,-0.03268856927752495,0.017820799723267555,-0.6527819037437439,6.569455581484362e-05,-0.04113857448101044,-0.8442511558532715,0.055822186172008514,0.035971250385046005,-0.04233909398317337,0.06550885736942291,-0.11791933327913284,-0.1914692521095276,0.014287455938756466,-0.02300332486629486,0.029500486329197884,0.0,0.0,-0.0047828578390181065,-0.09979341924190521,-0.23466721177101135,0.010470448061823845,-0.11481913179159164,0.18209056556224823,-0.04133310541510582,-0.03069114498794079,-1.9236841201782227,-47.36805725097656,-0.015037033706903458,0.42082884907722473,-0.011657632887363434,-0.02723965421319008,0.1296844631433487,-0.11071733385324478,0.03138143941760063,12.760260581970215,10.905522346496582,11.527276039123535,12.239455223083496,-0.038330078125,0.05059570446610451,0.04599609225988388,-0.06592773646116257,0.0,-0.05650102347135544,0.05868889018893242,0.05740566551685333,-0.05713185667991638,0.0,-0.1762913465499878,-0.327544242143631,-9.82372760772705,-0.0055802082642912865,-0.3497607409954071,-8.612374305725098,0.0,0.0,0.0,0.0,0.0,0.0,0.0,0.0,0.0,0.0,0.0,0.0,-0.05145304650068283,0.06082262471318245,0.05134638771414757,-0.059136226773262024,0.29546433687210083,0.25919243693351746,0.2714288532733917,0.2853487432003021,0.2724502682685852,0.4545477628707886,-0.03676605224609375,0.0,0.0,0.0,0.0,0.0,0.0,0.0
21346242524,0,-0.03268856927752495,0.017820799723267555,-0.6527819037437439,6.569455581484362e-05,-0.04113857448101044,-0.8442511558532715,0.055822186172008514,0.035971250385046005,-0.04233909398317337,0.06550885736942291,-0.11791933327913284,-0.1914692521095276,0.014287455938756466,-0.02300332486629486,0.029500486329197884,0.0,0.0,-0.0047828578390181065,-0.09747257083654404,-0.196308895945549,0.007985059171915054,-0.09693145006895065,0.20898596942424774,-0.04163793474435806,-0.03069114498794079,-1.9236841201782227,-47.36805725097656,-0.015037033706903458,0.42082884907722473,-0.011657632887363434,-0.02723965421319008,0.1296844631433487,-0.11071733385324478,0.03138143941760063,12.760260581970215,10.905522346496582,11.527276039123535,12.239455223083496,-0.039863280951976776,0.05059570446610451,0.04599609225988388,-0.06592773646116257,0.0,-0.05650102347135544,0.05868889018893242,0.05740566551685333,-0.05713185667991638,0.0,-0.20089149475097656,-0.22587361931800842,-10.172560691833496,-0.0055802082642912865,-0.3497607409954071,-8.612374305725098,0.0,0.0,0.0,0.0,0.0,0.0,0.0,0.0,0.0,0.0,0.0,0.0,-0.052842602133750916,0.06014060601592064,0.053124457597732544,-0.058395374566316605,0.29546433687210083,0.25919243693351746,0.2714288532733917,0.2853487432003021,0.20525500178337097,1.5001177787780762,-0.03605327755212784,0.0,0.0,0.0,0.0,0.0,0.0,0.0
21357266546,0,-0.03151902183890343,0.017834141850471497,-0.6532403826713562,6.569455581484362e-05,-0.04113857448101044,-0.8442511558532715,0.05614367127418518,0.0315064936876297,-0.048288531601428986,0.06316974759101868,-0.11794602125883102,-0.19101077318191528,0.01201308611780405,-0.0263717919588089,0.02976093254983425,0.0,0.0,-0.0047828578390181065,-0.09056913107633591,-0.1675151139497757,0.006922262255102396,-0.09693145006895065,0.20898596942424774,-0.04163793474435806,-0.09410158544778824,-1.8742254972457886,-46.974159240722656,-0.005413990933448076,0.37058302760124207,-0.00867457129061222,-0.027465930208563805,0.12880286574363708,-0.11774338781833649,0.031777333468198776,12.524932861328125,10.972189903259277,11.417527198791504,12.12309455871582,-0.039863280951976776,0.05059570446610451,0.04752929508686066,-0.06439453363418579,0.0,-0.05797794088721275,0.05466669052839279,0.058369286358356476,-0.05440429225564003,0.0,-0.20089149475097656,-0.22587361931800842,-10.172560691833496,-0.011380918323993683,-0.340181827545166,-8.571205139160156,0.0,0.0,0.0,0.0,0.0,0.0,0.0,0.0,0.0,0.0,0.0,0.0,-0.0542692132294178,0.05935174971818924,0.054833389818668365,-0.057672031223773956,0.292858362197876,0.2602720558643341,0.2696232795715332,0.28426310420036316,0.44648316502571106,2.106015205383301,-0.006741379387676716,0.0,0.0,0.0,0.0,0.0,0.0,0.0
21366647934,0,-0.030899470672011375,0.01785868965089321,-0.6534690260887146,6.569455581484362e-05,-0.04113857448101044,-0.8442511558532715,0.05765720456838608,0.03190577030181885,-0.05259302631020546,0.061930637806653976,-0.11799512058496475,-0.19078212976455688,0.011384141631424427,-0.027803443372249603,0.029896767809987068,0.0,0.0,-0.0047828578390181065,-0.09056913107633591,-0.1675151139497757,0.006922262255102396,-0.09693145006895065,0.20898596942424774,-0.04163793474435806,-0.09410158544778824,-1.8742254972457886,-46.974159240722656,-0.005413990933448076,0.37058302760124207,-0.00867457129061222,-0.027465930208563805,0.12828555703163147,-0.12096531689167023,0.03192032128572464,12.524932861328125,10.972189903259277,11.417527198791504,12.12309455871582,-0.038330078125,0.05059570446610451,0.04906250163912773,-0.06439453363418579,0.0,-0.05797794088721275,0.05466669052839279,0.058369286358356476,-0.05440429225564003,0.0,-0.20089149475097656,-0.22587361931800842,-10.172560691833496,-0.017109379172325134,-0.3407682776451111,-8.540756225585938,0.0,0.0,0.0,0.0,0.0,0.0,0.0,0.0,0.0,0.0,0.0,0.0,-0.05558706447482109,0.05828480422496796,0.05628187581896782,-0.05683912709355354,0.2909001410007477,0.2605084180831909,0.2692747116088867,0.2830812931060791,0.44648316502571106,2.106015205383301,-0.006741379387676716,0.0,0.0,0.0,0.0,0.0,0.0,0.0
21377388416,0,-0.030899470672011375,0.01785868965089321,-0.6534690260887146,6.569455581484362e-05,-0.04113857448101044,-0.8442511558532715,0.05765720456838608,0.03190577030181885,-0.05259302631020546,0.06070311367511749,-0.11813826113939285,-0.19054454565048218,0.011384141631424427,-0.027803443372249603,0.029896767809987068,0.0,0.0,-0.0047828578390181065,-0.07581402361392975,-0.13742855191230774,0.009307019412517548,-0.08347167819738388,0.23633049428462982,-0.04176373407244682,-0.09410158544778824,-1.8742254972457886,-46.974159240722656,-0.005413990933448076,0.37058302760124207,-0.00867457129061222,-0.027465930208563805,0.12828555703163147,-0.12096531689167023,0.03192032128572464,12.524932861328125,10.972189903259277,11.417527198791504,12.12309455871582,-0.038330078125,0.052128907293081284,0.05059570446610451,-0.06286133080720901,0.0,-0.05797794088721275,0.05466669052839279,0.058369286358356476,-0.05440429225564003,0.0,-0.2909194529056549,-0.043951366096735,-10.01577377319336,-0.020935410633683205,-0.3394160270690918,-8.532532691955566,0.0,0.0,0.0,0.0,0.0,0.0,0.0,0.0,0.0,0.0,0.0,0.0,-0.056676384061574936,0.057092420756816864,0.05737944319844246,-0.05598020553588867,0.2909001410007477,0.2605084180831909,0.2692747116088867,0.2830812931060791,0.9987959265708923,2.6354944705963135,0.16913577914237976,0.0,0.0,0.0,0.0,0.0,0.0,0.0
21387014597,0,-0.02965756691992283,0.01800944097340107,-0.6539399027824402,6.569455581484362e-05,-0.04113857448101044,-0.8442511558532715,0.06049047037959099,0.03413126990199089,-0.05330025404691696,0.05944681912660599,-0.11829661577939987,-0.1903112530708313,0.010767015628516674,-0.029431845992803574,0.030178794637322426,0.0,0.0,-0.0047828578390181065,-0.05447620153427124,-0.1020277738571167,0.016520626842975616,-0.08347167819738388,0.23633049428462982,-0.04176373407244682,-0.156011700630188,-1.9006683826446533,-46.98130416870117,-0.04442401975393295,0.30855533480644226,-0.02088683657348156,-0.02761664427816868,0.1276240348815918,-0.12592795491218567,0.03230278939008713,12.67944622039795,10.701358795166016,11.878028869628906,11.784143447875977,-0.039863280951976776,0.05059570446610451,0.05059570446610451,-0.06286133080720901,0.0,-0.05975142493844032,0.054862719029188156,0.0587242990732193,-0.05491895228624344,0.0,-0.2909194529056549,-0.043951366096735,-10.01577377319336,-0.028365764766931534,-0.34557607769966125,-8.542055130004883,0.0,0.0,0.0,0.0,0.0,0.0,0.0,0.0,0.0,0.0,0.0,0.0,-0.0575341135263443,0.05606742203235626,0.058118272572755814,-0.05529072508215904,0.29389822483062744,0.2551569640636444,0.27829715609550476,0.276461124420166,1.5428544282913208,2.9802958965301514,0.47902077436447144,0.0,0.0,0.0,0.0,0.0,0.0,0.0
21396770990,0,-0.02825956977903843,0.018202288076281548,-0.6544398665428162,6.569455581484362e-05,-0.04113857448101044,-0.8442511558532715,0.0599406398832798,0.03217205032706261,-0.04689662531018257,0.056650809943675995,-0.11868232488632202,-0.18981128931045532,0.01033141277730465,-0.030057312920689583,0.03049769252538681,0.0,0.0,-0.0047828578390181065,-0.03192608430981636,-0.06781371682882309,0.025923000648617744,-0.08379801362752914,0.2383621633052826,-0.04251726716756821,-0.16514267027378082,-1.9084452390670776,-47.088871002197266,-0.07005427777767181,0.2767721712589264,-0.030699653550982475,-0.027709225192666054,0.12759190797805786,-0.1280275136232376,0.0327259786427021,12.865446090698242,10.490354537963867,12.238020896911621,11.556474685668945,-0.04292968660593033,0.05059570446610451,0.05059570446610451,-0.06132812425494194,0.0,-0.05935986712574959,0.055912066251039505,0.05747601017355919,-0.055969223380088806,0.0,-0.019841166213154793,-0.06849994510412216,-10.432183265686035,-0.033401522785425186,-0.3425678014755249,-8.595488548278809,0.0,0.0,0.0,0.0,0.0,0.0,0.0,0.0,0.0,0.0,0.0,0.0,-0.05826523154973984,0.055380381643772125,0.058519504964351654,-0.05490773916244507,0.29750099778175354,0.250977486371994,0.2853207290172577,0.27200156450271606,1.8628207445144653,3.103759527206421,0.7230287790298462,0.0,0.0,0.0,0.0,0.0,0.0,0.0
21406199533,0,-0.02825956977903843,0.018202288076281548,-0.6544398665428162,6.569455581484362e-05,-0.04113857448101044,-0.8442511558532715,0.0599406398832798,0.03217205032706261,-0.04689662531018257,0.053756099194288254,-0.11918193101882935,-0.18926352262496948,0.01033141277730465,-0.030057312920689583,0.03049769252538681,0.0,0.0,-0.0047828578390181065,-0.01813962124288082,-0.03701653704047203,0.030526597052812576,-0.08385749161243439,0.2412434071302414,-0.04285495728254318,-0.16514267027378082,-1.9084452390670776,-47.088871002197266,-0.07005427777767181,0.2767721712589264,-0.030699653550982475,-0.027709225192666054,0.12759190797805786,-0.1280275136232376,0.0327259786427021,12.865446090698242,10.490354537963867,12.238020896911621,11.556474685668945,-0.04599609225988388,0.05059570446610451,0.052128907293081284,-0.06132812425494194,0.0,-0.05935986712574959,0.055912066251039505,0.05747601017355919,-0.055969223380088806,0.0,0.038559336215257645,-0.024965452030301094,-10.489209175109863,-0.03992771357297897,-0.3375067114830017,-8.613729476928711,0.0,0.0,0.0,0.0,0.0,0.0,0.0,0.0,0.0,0.0,0.0,0.0,-0.05884486064314842,0.055092185735702515,0.058581866323947906,-0.05486680567264557,0.29750099778175354,0.250977486371994,0.2853207290172577,0.27200156450271606,1.755267858505249,3.242938280105591,0.665916383266449,0.0,0.0,0.0,0.0,0.0,0.0,0.0
21416575226,0,-0.026812221854925156,0.01845209114253521,-0.654987633228302,6.569455581484362e-05,-0.04113857448101044,-0.8442511558532715,0.06030616909265518,0.029148941859602928,-0.044255368411540985,0.053756099194288254,-0.11918193101882935,-0.18926352262496948,0.009900000877678394,-0.029804522171616554,0.030788525938987732,0.0,0.0,-0.0047828578390181065,-0.009357021190226078,-0.0015650460263714194,0.030153173953294754,-0.08036918938159943,0.23637226223945618,-0.04285706207156181,-0.2063392549753189,-1.8773398399353027,-47.405494689941406,-0.08422496169805527,0.20483864843845367,-0.030294448137283325,-0.027924001216888428,0.12799720466136932,-0.13073892891407013,0.033796317875385284,12.801759719848633,10.669191360473633,12.441169738769531,11.556245803833008,-0.04906250163912773,0.052128907293081284,0.05366211012005806,-0.059794921427965164,0.0,-0.059952981770038605,0.05255260691046715,0.05680493265390396,-0.05377519130706787,0.0,0.038559336215257645,-0.024965452030301094,-10.489209175109863,-0.03992771357297897,-0.3375067114830017,-8.613729476928711,0.0,0.0,0.0,0.0,0.0,0.0,0.0,0.0,0.0,0.0,0.0,0.0,-0.05925232172012329,0.05494675785303116,0.05837751552462578,-0.05494888126850128,0.2962680757045746,0.2545204758644104,0.2892729341983795,0.2719971239566803,1.3212792873382568,3.309865713119507,0.3460770845413208,0.0,0.0,0.0,0.0,0.0,0.0,0.0
21428264148,0,-0.02540849894285202,0.0187519621104002,-0.6555718183517456,6.569455581484362e-05,-0.04113857448101044,-0.8442511558532715,0.06651953607797623,0.026353228837251663,-0.048673320561647415,0.05094863846898079,-0.11978167295455933,-0.18867933750152588,0.009506325237452984,-0.028908900916576385,0.031131727620959282,0.0,0.0,-0.0047828578390181065,-0.02029561996459961,0.04993610829114914,0.020113995298743248,-0.07720652967691422,0.22926990687847137,-0.04325701296329498,-0.31574928760528564,-1.8292962312698364,-47.174964904785156,-0.053383275866508484,0.1467655599117279,-0.01696336269378662,-0.028188511729240417,0.12830933928489685,-0.13195247948169708,0.034710273146629333,12.371492385864258,11.080584526062012,12.091001510620117,11.694886207580566,-0.04906250163912773,0.052128907293081284,0.05672851577401161,-0.06132812425494194,0.0,-0.0638212040066719,0.04554403945803642,0.06022566184401512,-0.0483955480158329,0.0,-0.22173036634922028,-0.1295868158340454,-10.100983619689941,-0.05740895867347717,-0.33259931206703186,-8.577266693115234,0.0,0.0,0.0,0.0,0.0,0.0,0.0,0.0,0.0,0.0,0.0,0.0,-0.05973309278488159,0.05426511541008949,0.058175597339868546,-0.05462571233510971,0.2962680757045746,0.2545204758644104,0.2892729341983795,0.2719971239566803,-0.02063876949250698,2.7304086685180664,-0.24815140664577484,0.0,0.0,0.0,0.0,0.0,0.0,0.0
21436875085,0,-0.02540849894285202,0.0187519621104002,-0.6555718183517456,6.569455581484362e-05,-0.04113857448101044,-0.8442511558532715,0.06651953607797623,0.026353228837251663,-0.048673320561647415,0.05094863846898079,-0.11978167295455933,-0.18867933750152588,0.009506325237452984,-0.028908900916576385,0.031131727620959282,0.0,0.0,-0.0047828578390181065,-0.022420506924390793,0.06890098005533218,0.013851949945092201,-0.07608608901500702,0.2245733141899109,-0.043377190828323364,-0.36378780007362366,-1.8640882968902588,-46.99343490600586,-0.04864698648452759,0.12606468796730042,-0.010330649092793465,-0.028341444209218025,0.12826721370220184,-0.13215385377407074,0.035052813589572906,12.137709617614746,11.239883422851562,11.90453052520752,11.776834487915039,-0.04752929508686066,0.052128907293081284,0.05826171860098839,-0.059794921427965164,0.0,-0.06748396158218384,0.04446621984243393,0.06362099200487137,-0.047674503177404404,0.0,0.05049024149775505,0.12432502210140228,-10.189146995544434,-0.05740895867347717,-0.33259931206703186,-8.577266693115234,0.0,0.0,0.0,0.0,0.0,0.0,0.0,0.0,0.0,0.0,0.0,0.0,-0.06071443110704422,0.05259419232606888,0.05845341458916664,-0.05353204905986786,0.2879182994365692,0.2626459002494812,0.2824555039405823,0.2747139632701874,-0.07552613317966461,2.278327703475952,-0.4309954345226288,0.0,0.0,0.0,0.0,0.0,0.0,0.0
21446260476,0,-0.024737155064940453,0.018911166116595268,-0.6558874845504761,6.569455581484362e-05,-0.04113857448101044,-0.8442511558532715,0.06962836533784866,0.029335850849747658,-0.05291770026087761,0.049605946987867355,-0.12010008841753006,-0.1883636713027954,0.009368923492729664,-0.028317278251051903,0.031236471608281136,0.0,0.0,-0.0047828578390181065,-0.022420506924390793,0.06890098005533218,0.013851949945092201,-0.07608608901500702,0.2245733141899109,-0.043377190828323364,-0.36378780007362366,-1.8640882968902588,-46.99343490600586,-0.04864698648452759,0.12606468796730042,-0.010330649092793465,-0.028341444209218025,0.12826721370220184,-0.13215385377407074,0.035052813589572906,12.137709617614746,11.239883422851562,11.90453052520752,11.776834487915039,-0.04752929508686066,0.05366211012005806,0.059794921427965164,-0.05826171860098839,0.0,-0.06748396158218384,0.04446621984243393,0.06362099200487137,-0.047674503177404404,0.0,0.05049024149775505,0.12432502210140228,-10.189146995544434,-0.06614323705434799,-0.33892515301704407,-8.54426097869873,0.0,0.0,0.0,0.0,0.0,0.0,0.0,0.0,0.0,0.0,0.0,0.0,-0.06227726489305496,0.050322309136390686,0.059386976063251495,-0.05194655805826187,0.283366322517395,0.26578259468078613,0.27881520986557007,0.2763180732727051,-0.07552613317966461,2.278327703475952,-0.4309954345226288,0.0,0.0,0.0,0.0,0.0,0.0,0.0
21456425667,0,-0.024737155064940453,0.018911166116595268,-0.6558874845504761,6.569455581484362e-05,-0.04113857448101044,-0.8442511558532715,0.06962836533784866,0.029335850849747658,-0.05291770026087761,0.049605946987867355,-0.12010008841753006,-0.1883636713027954,0.009368923492729664,-0.028317278251051903,0.031236471608281136,0.0,0.0,-0.0047828578390181065,-0.0016208438901230693,0.11550366133451462,0.004745821002870798,-0.0761069729924202,0.2002420723438263,-0.04357125982642174,-0.36378780007362366,-1.8640882968902588,-46.99343490600586,-0.04864698648452759,0.12606468796730042,-0.010330649092793465,-0.028341444209218025,0.12826721370220184,-0.13215385377407074,0.035052813589572906,11.861615180969238,11.380146980285645,11.759946823120117,11.878127098083496,-0.04752929508686066,0.052128907293081284,0.059794921427965164,-0.05826171860098839,0.0,-0.06905721127986908,0.043917812407016754,0.06440426409244537,-0.04726765304803848,0.0,0.1454487144947052,0.28890708088874817,-10.230401039123535,-0.06614323705434799,-0.33892515301704407,-8.54426097869873,0.0,0.0,0.0,0.0,0.0,0.0,0.0,0.0,0.0,0.0,0.0,0.0,-0.06407923996448517,0.048099055886268616,0.06066353619098663,-0.05035971477627754,0.283366322517395,0.26578259468078613,0.27881520986557007,0.2763180732727051,0.7962976694107056,2.4393677711486816,-0.4359140992164612,0.0,0.0,0.0,0.0,0.0,0.0,0.0
21466317588,0,-0.023579541593790054,0.0191627386957407,-0.6565729379653931,6.569455581484362e-05,-0.04113857448101044,-0.8442511558532715,0.07363428175449371,0.03632304444909096,-0.058156732469797134,0.04729070886969566,-0.12060322612524033,-0.18767821788787842,0.00936113391071558,-0.026103168725967407,0.031148824840784073,0.0,0.0,-0.0047828578390181065,-0.0016208438901230693,0.11550366133451462,0.004745821002870798,-0.0761069729924202,0.2002420723438263,-0.04357125982642174,-0.4310406744480133,-1.9452158212661743,-46.791603088378906,-0.08244910836219788,0.06034473329782486,-0.0032517649233341217,-0.028626907616853714,0.12825198471546173,-0.13167695701122284,0.03536592423915863,11.75948715209961,11.415850639343262,11.832091331481934,11.855168342590332,-0.04906250163912773,0.05366211012005806,0.059794921427965164,-0.05672851577401161,0.0,-0.07415703684091568,0.044183287769556046,0.06842821091413498,-0.04779970645904541,0.0,0.1454487144947052,0.28890708088874817,-10.230401039123535,-0.07837103307247162,-0.35367560386657715,-8.507564544677734,0.0,0.0,0.0,0.0,0.0,0.0,0.0,0.0,0.0,0.0,0.0,0.0,-0.06604673713445663,0.04627162590622902,0.0621311292052269,-0.04905203357338905,0.27597862482070923,0.2692416310310364,0.2773990333080292,0.2778502106666565,0.7962976694107056,2.4393677711486816,-0.4359140992164612,0.0,0.0,0.0,0.0,0.0,0.0,0.0
21477094397,0,-0.023579541593790054,0.0191627386957407,-0.6565729379653931,6.569455581484362e-05,-0.04113857448101044,-0.8442511558532715,0.07363428175449371,0.03632304444909096,-0.058156732469797134,0.04392656683921814,-0.12126738578081131,-0.1865595579147339,0.00936113391071558,-0.026103168725967407,0.031148824840784073,0.0,0.0,-0.0047828578390181065,0.02246570773422718,0.15115641057491302,0.010009371675550938,-0.0761069729924202,0.2002420723438263,-0.04357125982642174,-0.4310406744480133,-1.9452158212661743,-46.791603088378906,-0.08244910836219788,0.06034473329782486,-0.0032517649233341217,-0.028626907616853714,0.12825198471546173,-0.13167695701122284,0.03536592423915863,11.75948715209961,11.415850639343262,11.832091331481934,11.855168342590332,-0.05059570446610451,0.052128907293081284,0.05826171860098839,-0.05672851577401161,0.0,-0.07415703684091568,0.044183287769556046,0.06842821091413498,-0.04779970645904541,0.0,-0.18899784982204437,0.14312782883644104,-9.676573753356934,-0.08629949390888214,-0.3357960283756256,-8.440951347351074,0.0,0.0,0.0,0.0,0.0,0.0,0.0,0.0,0.0,0.0,0.0,0.0,-0.06827568262815475,0.04497527331113815,0.06382926553487778,-0.048153262585401535,0.27597862482070923,0.2692416310310364,0.2773990333080292,0.2778502106666565,0.987959086894989,1.7903399467468262,0.021400678902864456,0.0,0.0,0.0,0.0,0.0,0.0,0.0
21489167709,0,-0.02189747989177704,0.019494816660881042,-0.6576915979385376,6.569455581484362e-05,-0.04113857448101044,-0.8442511558532715,0.07517585903406143,0.026768863201141357,-0.06786981970071793,0.04392656683921814,-0.12126738578081131,-0.1865595579147339,0.009511047042906284,-0.021611839532852173,0.031821731477975845,0.0,0.0,-0.0047828578390181065,0.02246570773422718,0.15115641057491302,0.010009371675550938,-0.08389756828546524,0.16745978593826294,-0.043745238333940506,-0.4874134063720703,-1.903144121170044,-46.6068115234375,-0.1151793822646141,0.01036769524216652,-0.011613629758358002,-0.028928473591804504,0.12878164649009705,-0.1297193467617035,0.03567493334412575,11.796152114868164,11.185911178588867,12.122922897338867,11.572552680969238,-0.05366211012005806,0.052128907293081284,0.05826171860098839,-0.055195312947034836,0.0,-0.07438380271196365,0.04194830730557442,0.06717505306005478,-0.04598533734679222,0.0,-0.18899784982204437,0.14312782883644104,-9.676573753356934,-0.08629949390888214,-0.3357960283756256,-8.440951347351074,0.0,0.0,0.0,0.0,0.0,0.0,0.0,0.0,0.0,0.0,0.0,0.0,-0.07046763598918915,0.044088464230298996,0.06545525044202805,-0.047562289983034134,0.27669617533683777,0.26472052931785583,0.2830779552459717,0.2723167836666107,0.987959086894989,1.7903399467468262,0.021400678902864456,0.0,0.0,0.0,0.0,0.0,0.0,0.0
21497356621,0,-0.0213788989931345,0.019633697345852852,-0.6580806374549866,6.569455581484362e-05,-0.04113857448101044,-0.8442511558532715,0.07739268243312836,0.023379068821668625,-0.07097037881612778,0.04288940131664276,-0.12154515087604523,-0.1861705183982849,0.009739132598042488,-0.020363381132483482,0.032096460461616516,0.0,0.0,-0.0047828578390181065,0.021293049678206444,0.15538577735424042,0.012393047101795673,-0.08389756828546524,0.16745978593826294,-0.043745238333940506,-0.4746472239494324,-1.846878170967102,-46.42523193359375,-0.10998785495758057,-9.714691259432584e-06,-0.013742063194513321,-0.029060781002044678,0.12908564507961273,-0.12860172986984253,0.03588381037116051,11.796595573425293,11.10959529876709,12.138142585754395,11.450440406799316,-0.055195312947034836,0.05059570446610451,0.059794921427965164,-0.055195312947034836,0.0,-0.07231869548559189,0.04083814099431038,0.0650637149810791,-0.04514413699507713,0.0,-0.18899784982204437,0.14312782883644104,-9.676573753356934,-0.09228464961051941,-0.32946205139160156,-8.420726776123047,0.0,0.0,0.0,0.0,0.0,0.0,0.0,0.0,0.0,0.0,0.0,0.0,-0.07216256856918335,0.0433092936873436,0.0665326863527298,-0.047025538980960846,0.2767048180103302,0.2632174789905548,0.28337475657463074,0.2699209451675415,0.47972336411476135,1.2083723545074463,0.06991299241781235,0.0,0.0,0.0,0.0,0.0,0.0,0.0
21506573330,0,-0.02049241028726101,0.019936388358473778,-0.6588918566703796,6.569455581484362e-05,-0.04113857448101044,-0.8442511558532715,0.07508718967437744,0.023523006588220596,-0.07297531515359879,0.04111641272902489,-0.12215054035186768,-0.18535929918289185,0.010760038159787655,-0.017941568046808243,0.03251931071281433,0.0,0.0,-0.0047828578390181065,0.02525988593697548,0.15015006065368652,0.020504381507635117,-0.08659614622592926,0.14199204742908478,-0.044875554740428925,-0.4994525909423828,-1.82267165184021,-46.269325256347656,-0.11071565002202988,-0.016068533062934875,-0.022401435300707817,-0.029361357912421227,0.12971492111682892,-0.12604601681232452,0.03645949065685272,11.952006340026855,10.875632286071777,12.338956832885742,11.17170238494873,-0.052128907293081284,0.04906250163912773,0.06132812425494194,-0.055195312947034836,0.0,-0.07142189145088196,0.04009246081113815,0.06399400532245636,-0.04474787041544914,0.0,-0.18899784982204437,0.14312782883644104,-9.676573753356934,-0.09080956131219864,-0.33139485120773315,-8.412604331970215,0.0,0.0,0.0,0.0,0.0,0.0,0.0,0.0,0.0,0.0,0.0,0.0,-0.07307885587215424,0.042486902326345444,0.06683956831693649,-0.0464349128305912,0.2767048180103302,0.2632174789905548,0.28337475657463074,0.2699209451675415,0.22618988156318665,0.18960689008235931,0.2951450049877167,0.0,0.0,0.0,0.0,0.0,0.0,0.0
21517336210,0,-0.02049241028726101,0.019936388358473778,-0.6588918566703796,6.569455581484362e-05,-0.04113857448101044,-0.8442511558532715,0.07508718967437744,0.023523006588220596,-0.07297531515359879,0.04111641272902489,-0.12215054035186768,-0.18535929918289185,0.010760038159787655,-0.017941568046808243,0.03251931071281433,0.0,0.0,-0.0047828578390181065,0.038006145507097244,0.14133486151695251,0.029477205127477646,-0.09067964553833008,0.13250099122524261,-0.04507524147629738,-0.5311784148216248,-1.8624117374420166,-46.436424255371094,-0.11071565002202988,-0.016068533062934875,-0.022401435300707817,-0.029361357912421227,0.12971492111682892,-0.12604601681232452,0.03645949065685272,12.19999885559082,10.650217056274414,12.628633499145508,11.027823448181152,-0.05059570446610451,0.04752929508686066,0.06132812425494194,-0.055195312947034836,0.0,-0.0720439925789833,0.04120778292417526,0.06452896445989609,-0.04558929055929184,0.0,0.05521012470126152,-0.0867672711610794,-10.149524688720703,-0.09080956131219864,-0.33139485120773315,-8.412604331970215,0.0,0.0,0.0,0.0,0.0,0.0,0.0,0.0,0.0,0.0,0.0,0.0,-0.07329381257295609,0.041726451367139816,0.06653943657875061,-0.04589022696018219,0.27974268794059753,0.25860220193862915,0.28728559613227844,0.2644406259059906,0.6753318309783936,-0.30713918805122375,0.49063771963119507,0.0,0.0,0.0,0.0,0.0,0.0,0.0
21526891649,0,-0.02049241028726101,0.019936388358473778,-0.6588918566703796,6.569455581484362e-05,-0.04113857448101044,-0.8442511558532715,0.07508718967437744,0.023523006588220596,-0.07297531515359879,0.04111641272902489,-0.12215054035186768,-0.18535929918289185,0.010760038159787655,-0.017941568046808243,0.03251931071281433,0.0,0.0,-0.0047828578390181065,0.038006145507097244,0.14133486151695251,0.029477205127477646,-0.09067964553833008,0.13250099122524261,-0.04507524147629738,-0.5311784148216248,-1.8624117374420166,-46.436424255371094,-0.1311987340450287,-0.011154597625136375,-0.03142869099974632,-0.029562365263700485,0.13017261028289795,-0.1244560033082962,0.03702247515320778,12.19999885559082,10.650217056274414,12.628633499145508,11.027823448181152,-0.05366211012005806,0.044462889432907104,0.06286133080720901,-0.05366211012005806,0.0,-0.0720619410276413,0.04118724539875984,0.06451164186000824,-0.04560912773013115,0.0,0.05521012470126152,-0.0867672711610794,-10.149524688720703,-0.09080956131219864,-0.33139485120773315,-8.412604331970215,0.0,0.0,0.0,0.0,0.0,0.0,0.0,0.0,0.0,0.0,0.0,0.0,-0.07314102351665497,0.04120434448122978,0.06599536538124084,-0.04552890732884407,0.2845801115036011,0.2541448473930359,0.2929127812385559,0.2616055905818939,0.6753318309783936,-0.30713918805122375,0.49063771963119507,0.0,0.0,0.0,0.0,0.0,0.0,0.0
21536649482,0,-0.02005743235349655,0.020087145268917084,-0.6593112945556641,6.569455581484362e-05,-0.04113857448101044,-0.8442511558532715,0.07702086120843887,0.0267728790640831,-0.06924667954444885,0.04024645313620567,-0.12245205044746399,-0.18493986129760742,0.011281939223408699,-0.01675192266702652,0.03268760070204735,0.0,0.0,-0.0047828578390181065,0.04711451008915901,0.13420502841472626,0.03753836825489998,-0.09188525378704071,0.11849932372570038,-0.04614875465631485,-0.5123043060302734,-1.8830857276916504,-46.616451263427734,-0.14729073643684387,-0.010524694807827473,-0.038868531584739685,-0.029727207496762276,0.13017261028289795,-0.1244560033082962,0.03702247515320778,12.410613059997559,10.480457305908203,12.882949829101562,10.914360046386719,-0.05672851577401161,0.04292968660593033,0.06439453363418579,-0.05366211012005806,0.0,-0.07090281695127487,0.04317300766706467,0.06327199935913086,-0.047382552176713943,0.0,-0.21179401874542236,0.13466089963912964,-9.44145393371582,-0.09657789766788483,-0.33862030506134033,-8.442986488342285,0.0,0.0,0.0,0.0,0.0,0.0,0.0,0.0,0.0,0.0,0.0,0.0,-0.07281246036291122,0.04103696346282959,0.06539761275053024,-0.045446909964084625,0.2845801115036011,0.2541448473930359,0.2929127812385559,0.2616055905818939,0.8290974497795105,-0.5181010365486145,0.5830391645431519,0.0,0.0,0.0,0.0,0.0,0.0,0.0
21546536506,0,-0.01928149349987507,0.0203342754393816,-0.6601742506027222,6.569455581484362e-05,-0.04113857448101044,-0.8442511558532715,0.07261204719543457,0.030533283948898315,-0.06147539243102074,0.03869456797838211,-0.12294631451368332,-0.18407690525054932,0.01227167621254921,-0.014512192457914352,0.033229388296604156,0.0,0.0,-0.0047828578390181065,0.05625508353114128,0.12443781644105911,0.04099883884191513,-0.09188525378704071,0.11849932372570038,-0.04614875465631485,-0.5008864998817444,-1.9136711359024048,-46.757144927978516,-0.16237731277942657,-0.006916109472513199,-0.03954292833805084,-0.02993929386138916,0.13129152357578278,-0.12199341505765915,0.03841042518615723,12.443034172058105,10.469178199768066,12.953948020935059,10.961551666259766,-0.05826171860098839,0.04292968660593033,0.06439453363418579,-0.05366211012005806,0.0,-0.07128234952688217,0.04461734741926193,0.06343108415603638,-0.048555780202150345,0.0,-0.21179401874542236,0.13466089963912964,-9.44145393371582,-0.0910702720284462,-0.34794020652770996,-8.501298904418945,0.0,0.0,0.0,0.0,0.0,0.0,0.0,0.0,0.0,0.0,0.0,0.0,-0.07236947119235992,0.04132382199168205,0.06477591395378113,-0.045736074447631836,0.28930914402008057,0.25055742263793945,0.29921284317970276,0.2602982819080353,0.8344029188156128,-0.7363092303276062,0.36583614349365234,0.0,0.0,0.0,0.0,0.0,0.0,0.0
21556337232,0,-0.01928149349987507,0.0203342754393816,-0.6601742506027222,6.569455581484362e-05,-0.04113857448101044,-0.8442511558532715,0.07261204719543457,0.030533283948898315,-0.06147539243102074,0.03869456797838211,-0.12294631451368332,-0.18407690525054932,0.01227167621254921,-0.014512192457914352,0.033229388296604156,0.0,0.0,-0.0047828578390181065,0.05625508353114128,0.12443781644105911,0.04099883884191513,-0.10873527079820633,0.0963066965341568,-0.04718167334794998,-0.5008864998817444,-1.9136711359024048,-46.757144927978516,-0.16237731277942657,-0.006916109472513199,-0.03954292833805084,-0.02993929386138916,0.13129152357578278,-0.12199341505765915,0.03841042518615723,12.443034172058105,10.469178199768066,12.953948020935059,10.961551666259766,-0.05826171860098839,0.04292968660593033,0.06592773646116257,-0.05366211012005806,0.0,-0.07128234952688217,0.04461734741926193,0.06343108415603638,-0.048555780202150345,0.0,-0.18372870981693268,-0.20031815767288208,-9.911408424377441,-0.0910702720284462,-0.34794020652770996,-8.501298904418945,0.0,0.0,0.0,0.0,0.0,0.0,0.0,0.0,0.0,0.0,0.0,0.0,-0.07193348556756973,0.04200601950287819,0.06421466171741486,-0.04634447395801544,0.28930914402008057,0.25055742263793945,0.29921284317970276,0.2602982819080353,0.8344029188156128,-0.7363092303276062,0.36583614349365234,0.0,0.0,0.0,0.0,0.0,0.0,0.0
21566339214,0,-0.01860576681792736,0.02052662894129753,-0.6610504984855652,6.569455581484362e-05,-0.04113857448101044,-0.8442511558532715,0.07109186798334122,0.02948545292019844,-0.062103521078825,0.035979073494672775,-0.12369276583194733,-0.18233424425125122,0.013023830018937588,-0.012736083939671516,0.03391200304031372,0.0,0.0,-0.0047828578390181065,0.07326868176460266,0.09323842823505402,0.032101646065711975,-0.10873527079820633,0.0963066965341568,-0.04718167334794998,-0.49773654341697693,-1.9084652662277222,-46.69730758666992,-0.17775388062000275,0.005030949134379625,-0.030761776491999626,-0.030387194827198982,0.13272333145141602,-0.11982259899377823,0.03986445814371109,12.205099105834961,10.62843132019043,12.724339485168457,11.208755493164062,-0.05672851577401161,0.04139648377895355,0.06592773646116257,-0.052128907293081284,0.0,-0.07247170805931091,0.04383408650755882,0.06430628895759583,-0.04746263474225998,0.0,-0.18372870981693268,-0.20031815767288208,-9.911408424377441,-0.09675556421279907,-0.3567866384983063,-8.438507080078125,0.0,0.0,0.0,0.0,0.0,0.0,0.0,0.0,0.0,0.0,0.0,0.0,-0.07165377587080002,0.04278726130723953,0.06383441388607025,-0.04700130596756935,0.2846796214580536,0.2537136673927307,0.294768363237381,0.265170156955719,0.7067719101905823,-0.9357399940490723,-0.38875868916511536,0.0,0.0,0.0,0.0,0.0,0.0,0.0
21576514027,0,-0.017923753708600998,0.020707499235868454,-0.6619169116020203,6.569455581484362e-05,-0.04113857448101044,-0.8442511558532715,0.07276245206594467,0.033968061208724976,-0.06831621378660202,0.035979073494672775,-0.12369276583194733,-0.18233424425125122,0.014402427710592747,-0.011143253184854984,0.03496601805090904,0.0,0.0,-0.0047828578390181065,0.07326868176460266,0.09323842823505402,0.032101646065711975,-0.11519517749547958,0.08767596632242203,-0.0477924607694149,-0.514032244682312,-1.9425559043884277,-46.56132507324219,-0.194172203540802,0.006478398572653532,-0.024878043681383133,-0.0306500606238842,0.13362647593021393,-0.11877778172492981,0.04052615910768509,12.003710746765137,10.71273422241211,12.566411018371582,11.350483894348145,-0.05672851577401161,0.039863280951976776,0.06592773646116257,-0.05366211012005806,0.0,-0.07520182430744171,0.04405006021261215,0.06651349365711212,-0.04744966700673103,0.0,-0.3089994490146637,0.1030157059431076,-9.240598678588867,-0.09675556421279907,-0.3567866384983063,-8.438507080078125,0.0,0.0,0.0,0.0,0.0,0.0,0.0,0.0,0.0,0.0,0.0,0.0,-0.07173822820186615,0.04341074824333191,0.06379591673612595,-0.047459300607442856,0.2807523310184479,0.2553821802139282,0.2917054295539856,0.2679576277732849,0.7067719101905823,-0.9357399940490723,-0.38875868916511536,0.0,0.0,0.0,0.0,0.0,0.0,0.0
21586306145,0,-0.01723361574113369,0.020960967987775803,-0.6627129316329956,6.569455581484362e-05,-0.04113857448101044,-0.8442511558532715,0.07257333397865295,0.030614987015724182,-0.07060068100690842,0.03459879383444786,-0.12419970333576202,-0.18153822422027588,0.016522468999028206,-0.009532502852380276,0.03554517775774002,0.0,0.0,-0.0047828578390181065,0.10010506212711334,0.08195885270833969,0.02969544753432274,-0.13195598125457764,0.07472185790538788,-0.0484854131937027,-0.5491604208946228,-1.9511996507644653,-46.29132080078125,-0.24373266100883484,0.00018749965238384902,-0.024628760293126106,-0.03116323985159397,0.13585573434829712,-0.11688221991062164,0.0415986105799675,11.844754219055176,10.58292293548584,12.578630447387695,11.355731010437012,-0.05672851577401161,0.039863280951976776,0.06439453363418579,-0.05366211012005806,0.0,-0.07757063210010529,0.043652329593896866,0.06763742864131927,-0.04665142297744751,0.0,-0.3089994490146637,0.1030157059431076,-9.240598678588867,-0.09877097606658936,-0.3516170084476471,-8.421828269958496,0.0,0.0,0.0,0.0,0.0,0.0,0.0,0.0,0.0,0.0,0.0,0.0,-0.072402223944664,0.043807048350572586,0.06422848254442215,-0.04764654487371445,0.2807523310184479,0.2553821802139282,0.2917054295539856,0.2679576277732849,1.167161226272583,-0.7424494624137878,-0.2843647599220276,0.0,0.0,0.0,0.0,0.0,0.0,0.0
21596768677,0,-0.01723361574113369,0.020960967987775803,-0.6627129316329956,6.569455581484362e-05,-0.04113857448101044,-0.8442511558532715,0.07257333397865295,0.030614987015724182,-0.07060068100690842,0.03459879383444786,-0.12419970333576202,-0.18153822422027588,0.016522468999028206,-0.009532502852380276,0.03554517775774002,0.0,0.0,-0.0047828578390181065,0.10010506212711334,0.08195885270833969,0.02969544753432274,-0.13195598125457764,0.07472185790538788,-0.0484854131937027,-0.5491604208946228,-1.9511996507644653,-46.29132080078125,-0.24373266100883484,0.00018749965238384902,-0.024628760293126106,-0.03116323985159397,0.13585573434829712,-0.11688221991062164,0.0415986105799675,11.844754219055176,10.58292293548584,12.578630447387695,11.355731010437012,-0.05826171860098839,0.039863280951976776,0.06439453363418579,-0.05366211012005806,0.0,-0.07757063210010529,0.043652329593896866,0.06763742864131927,-0.04665142297744751,0.0,-0.3089994490146637,0.1030157059431076,-9.240598678588867,-0.09877097606658936,-0.3516170084476471,-8.421828269958496,0.0,0.0,0.0,0.0,0.0,0.0,0.0,0.0,0.0,0.0,0.0,0.0,-0.07357321679592133,0.04399174824357033,0.0650184154510498,-0.04759182780981064,0.2776467204093933,0.2528121769428253,0.29194244742393494,0.26806068420410156,1.167161226272583,-0.7424494624137878,-0.2843647599220276,0.0,0.0,0.0,0.0,0.0,0.0,0.0
21606724758,0,-0.016889182850718498,0.021109070628881454,-0.6630701422691345,6.569455581484362e-05,-0.04113857448101044,-0.8442511558532715,0.0722522884607315,0.025654040277004242,-0.06435203552246094,0.03390992432832718,-0.12449591606855392,-0.18118101358413696,0.01744026504456997,-0.008952328935265541,0.03558480367064476,0.0,0.0,-0.0047828578390181065,0.10727519541978836,0.07200595736503601,0.0300679299980402,-0.13921551406383514,0.07004973292350769,-0.04853200167417526,-0.5456221699714661,-1.8854323625564575,-46.590476989746094,-0.2625848948955536,0.00782434456050396,-0.0261368490755558,-0.03140895441174507,0.13712482154369354,-0.11605431884527206,0.04204302653670311,11.940382957458496,10.579087257385254,12.708419799804688,11.433842658996582,-0.059794921427965164,0.039863280951976776,0.06439453363418579,-0.05366211012005806,0.0,-0.07491252571344376,0.0415613129734993,0.0649922713637352,-0.04442965239286423,0.0,-0.23032158613204956,0.26026153564453125,-9.41537857055664,-0.09920403361320496,-0.3428058922290802,-8.470995903015137,0.0,0.0,0.0,0.0,0.0,0.0,0.0,0.0,0.0,0.0,0.0,0.0,-0.07476413249969482,0.04392349347472191,0.06576815992593765,-0.04728889465332031,0.27951565384864807,0.25273600220680237,0.29445981979370117,0.26959505677223206,1.0220355987548828,-0.9375660419464111,-0.15290974080562592,0.0,0.0,0.0,0.0,0.0,0.0,0.0
21616359274,0,-0.016889182850718498,0.021109070628881454,-0.6630701422691345,6.569455581484362e-05,-0.04113857448101044,-0.8442511558532715,0.0722522884607315,0.025654040277004242,-0.06435203552246094,0.03390992432832718,-0.12449591606855392,-0.18118101358413696,0.01744026504456997,-0.008952328935265541,0.03558480367064476,0.0,0.0,-0.0047828578390181065,0.09986986964941025,0.03298953175544739,0.029427316039800644,-0.1515500694513321,0.06746863573789597,-0.04877752065658569,-0.5456221699714661,-1.8854323625564575,-46.590476989746094,-0.2625848948955536,0.00782434456050396,-0.0261368490755558,-0.03140895441174507,0.13712482154369354,-0.11605431884527206,0.04204302653670311,12.1668119430542,10.629901885986328,12.78298568725586,11.603080749511719,-0.06132812425494194,0.04139648377895355,0.06439453363418579,-0.05366211012005806,0.0,-0.07351583242416382,0.04136253148317337,0.06461261212825775,-0.04378120228648186,0.0,-0.09630002826452255,-0.03960112854838371,-9.616183280944824,-0.09920403361320496,-0.3428058922290802,-8.470995903015137,0.0,0.0,0.0,0.0,0.0,0.0,0.0,0.0,0.0,0.0,0.0,0.0,-0.07543541491031647,0.043541330844163895,0.06609822809696198,-0.046684883534908295,0.27951565384864807,0.25273600220680237,0.29445981979370117,0.26959505677223206,0.02720380388200283,-1.669121265411377,-0.02457045018672943,0.0,0.0,0.0,0.0,0.0,0.0,0.0
21626634676,0,-0.01619752123951912,0.021376047283411026,-0.6637054085731506,6.569455581484362e-05,-0.04113857448101044,-0.8442511558532715,0.07065749913454056,0.024088937789201736,-0.05127234384417534,0.032526593655347824,-0.12502986192703247,-0.18054574728012085,0.01899407058954239,-0.008640951476991177,0.03578568249940872,0.0,0.0,-0.0047828578390181065,0.09986986964941025,0.03298953175544739,0.029427316039800644,-0.1515500694513321,0.06746863573789597,-0.04877752065658569,-0.5444454550743103,-1.8801026344299316,-47.111637115478516,-0.257099986076355,0.051445621997117996,-0.02695847675204277,-0.032000694423913956,0.14020976424217224,-0.11465675383806229,0.0430050827562809,12.1668119430542,10.629901885986328,12.78298568725586,11.603080749511719,-0.06132812425494194,0.039863280951976776,0.06439453363418579,-0.052128907293081284,0.0,-0.07337924838066101,0.04116372764110565,0.06438183039426804,-0.043710023164749146,0.0,-0.09630002826452255,-0.03960112854838371,-9.616183280944824,-0.09899008274078369,-0.3418368399143219,-8.565752029418945,0.0,0.0,0.0,0.0,0.0,0.0,0.0,0.0,0.0,0.0,0.0,0.0,-0.075469471514225,0.042951326817274094,0.0659932866692543,-0.04587864875793457,0.2839336693286896,0.2537425458431244,0.29590463638305664,0.272915244102478,0.02720380388200283,-1.669121265411377,-0.02457045018672943,0.0,0.0,0.0,0.0,0.0,0.0,0.0
21636908386,0,-0.01619752123951912,0.021376047283411026,-0.6637054085731506,6.569455581484362e-05,-0.04113857448101044,-0.8442511558532715,0.07065749913454056,0.024088937789201736,-0.05127234384417534,0.03128757327795029,-0.12558205425739288,-0.17998743057250977,0.01899407058954239,-0.008640951476991177,0.03578568249940872,0.0,0.0,-0.0047828578390181065,0.08876928687095642,-0.007237428333610296,0.03470076248049736,-0.16570770740509033,0.06869006156921387,-0.049934834241867065,-0.5576426386833191,-1.9775664806365967,-47.23115539550781,-0.2511726915836334,0.09496717900037766,-0.03258756548166275,-0.03262162208557129,0.14317800104618073,-0.11421510577201843,0.044068094342947006,12.417478561401367,10.459739685058594,12.876276969909668,11.551352500915527,-0.06132812425494194,0.039863280951976776,0.06439453363418579,-0.052128907293081284,0.0,-0.07510919123888016,0.04462017863988876,0.06690721958875656,-0.04654616490006447,0.0,-0.005057275295257568,0.22195617854595184,-9.67650032043457,-0.1013895720243454,-0.35955753922462463,-8.587482452392578,0.0,0.0,0.0,0.0,0.0,0.0,0.0,0.0,0.0,0.0,0.0,0.0,-0.07518662512302399,0.04249991849064827,0.06577146798372269,-0.04521607607603073,0.28881263732910156,0.2503701448440552,0.29771068692207336,0.2719011604785919,-0.33043068647384644,-1.903969168663025,0.17324940860271454,0.0,0.0,0.0,0.0,0.0,0.0,0.0
21646266665,0,-0.015578014776110649,0.021652137860655785,-0.6642637252807617,6.569455581484362e-05,-0.04113857448101044,-0.8442511558532715,0.07005799561738968,0.03200593218207359,-0.0466749370098114,0.03128757327795029,-0.12558205425739288,-0.17998743057250977,0.020885951817035675,-0.008919402956962585,0.03671414032578468,0.0,0.0,-0.0047828578390181065,0.08876928687095642,-0.007237428333610296,0.03470076248049736,-0.17078498005867004,0.07252313941717148,-0.05020635575056076,-0.5609199404716492,-2.032867193222046,-47.09523010253906,-0.2511726915836334,0.09496717900037766,-0.03258756548166275,-0.03262162208557129,0.14317800104618073,-0.11421510577201843,0.044068094342947006,12.50643539428711,10.299354553222656,12.895030975341797,11.470290184020996,-0.06132812425494194,0.038330078125,0.06439453363418579,-0.052128907293081284,0.0,-0.07623465359210968,0.047103237360715866,0.06841953098773956,-0.048480723053216934,0.0,-0.18328222632408142,0.269066721200943,-9.903019905090332,-0.1013895720243454,-0.35955753922462463,-8.587482452392578,0.0,0.0,0.0,0.0,0.0,0.0,0.0,0.0,0.0,0.0,0.0,0.0,-0.07500534504652023,0.042624253779649734,0.0658252164721489,-0.04509406164288521,0.28881263732910156,0.2503701448440552,0.29771068692207336,0.2719011604785919,-0.33043068647384644,-1.903969168663025,0.17324940860271454,0.0,0.0,0.0,0.0,0.0,0.0,0.0
21656766712,0,-0.015191685408353806,0.021791331470012665,-0.6645252108573914,6.569455581484362e-05,-0.04113857448101044,-0.8442511558532715,0.06927715241909027,0.036648672074079514,-0.049095578491687775,0.03051491267979145,-0.12586043775081635,-0.17972594499588013,0.021809233352541924,-0.009232214652001858,0.03726007416844368,0.0,0.0,-0.0047828578390181065,0.08876928687095642,-0.007237428333610296,0.03470076248049736,-0.17078498005867004,0.07252313941717148,-0.05020635575056076,-0.5609199404716492,-2.032867193222046,-47.09523010253906,-0.25297966599464417,0.11889713257551193,-0.03606938198208809,-0.032900240272283554,0.14441028237342834,-0.11435812711715698,0.04459133744239807,12.50643539428711,10.299354553222656,12.895030975341797,11.470290184020996,-0.06132812425494194,0.038330078125,0.06592773646116257,-0.052128907293081284,0.0,-0.07625895738601685,0.047073811292648315,0.06839599460363388,-0.04850715398788452,0.0,-0.18328222632408142,0.269066721200943,-9.903019905090332,-0.10198543965816498,-0.3696122169494629,-8.562768936157227,0.0,0.0,0.0,0.0,0.0,0.0,0.0,0.0,0.0,0.0,0.0,0.0,-0.07509223371744156,0.0433959886431694,0.06625951826572418,-0.04557096213102341,0.2905409336090088,0.24718591570854187,0.2980734407901764,0.27031058073043823,-0.33043068647384644,-1.903969168663025,0.17324940860271454,0.0,0.0,0.0,0.0,0.0,0.0,0.0
21666712689,0,-0.015191685408353806,0.021791331470012665,-0.6645252108573914,6.569455581484362e-05,-0.04113857448101044,-0.8442511558532715,0.06927715241909027,0.036648672074079514,-0.049095578491687775,0.027170518413186073,-0.12672583758831024,-0.1789640188217163,0.021809233352541924,-0.009232214652001858,0.03726007416844368,0.0,0.0,-0.0047828578390181065,0.07471673935651779,-0.05055449530482292,0.03529129549860954,-0.18103013932704926,0.08524058014154434,-0.05085751414299011,-0.5609199404716492,-2.032867193222046,-47.09523010253906,-0.25297966599464417,0.11889713257551193,-0.03606938198208809,-0.032900240272283554,0.14441028237342834,-0.11435812711715698,0.04459133744239807,12.50643539428711,10.299354553222656,12.895030975341797,11.470290184020996,-0.06132812425494194,0.039863280951976776,0.06592773646116257,-0.052128907293081284,0.0,-0.07625895738601685,0.047073811292648315,0.06839599460363388,-0.04850715398788452,0.0,0.043788205832242966,-0.3492743670940399,-9.786934852600098,-0.09122372418642044,-0.3696271479129791,-8.555512428283691,0.0,0.0,0.0,0.0,0.0,0.0,0.0,0.0,0.0,0.0,0.0,0.0,-0.07534914463758469,0.044455550611019135,0.06686843931674957,-0.04634609445929527,0.2905409336090088,0.24718591570854187,0.2980734407901764,0.27031058073043823,-0.6026191711425781,-2.1876492500305176,0.00793490745127201,0.0,0.0,0.0,0.0,0.0,0.0,0.0
21676371715,0,-0.013519496656954288,0.022224025800824165,-0.6652871370315552,6.569455581484362e-05,-0.04113857448101044,-0.8442511558532715,0.060197848826646805,0.03527926281094551,-0.049390725791454315,0.027170518413186073,-0.12672583758831024,-0.1789640188217163,0.02276558429002762,-0.010991700924932957,0.03783306106925011,0.0,0.0,-0.0047828578390181065,0.061931073665618896,-0.0668562576174736,0.03161625564098358,-0.18103013932704926,0.08524058014154434,-0.05085751414299011,-0.5497030019760132,-2.068297863006592,-47.00257110595703,-0.23407875001430511,0.1724371314048767,-0.026817526668310165,-0.033530399203300476,0.14683197438716888,-0.11549457162618637,0.04563875123858452,12.362677574157715,10.4541015625,12.528923988342285,11.730743408203125,-0.06132812425494194,0.039863280951976776,0.06592773646116257,-0.052128907293081284,0.0,-0.07789759337902069,0.047890257090330124,0.07102803885936737,-0.04889536276459694,0.0,0.043788205832242966,-0.3492743670940399,-9.786934852600098,-0.09122372418642044,-0.3696271479129791,-8.555512428283691,0.0,0.0,0.0,0.0,0.0,0.0,0.0,0.0,0.0,0.0,0.0,0.0,-0.07571897655725479,0.045497458428144455,0.06757121533155441,-0.047143999487161636,0.28774702548980713,0.2502581775188446,0.29097768664360046,0.27541616559028625,-0.8882458806037903,-2.0340287685394287,-0.15074019134044647,0.0,0.0,0.0,0.0,0.0,0.0,0.0
21686303536,0,-0.013519496656954288,0.022224025800824165,-0.6652871370315552,6.569455581484362e-05,-0.04113857448101044,-0.8442511558532715,0.060197848826646805,0.03527926281094551,-0.049390725791454315,0.026024525985121727,-0.12702518701553345,-0.1786966323852539,0.02276558429002762,-0.010991700924932957,0.03783306106925011,0.0,0.0,-0.0047828578390181065,0.04183240607380867,-0.08061277866363525,0.026617515832185745,-0.18103013932704926,0.08524058014154434,-0.05085751414299011,-0.5017305016517639,-2.032949209213257,-47.05531692504883,-0.2096160501241684,0.18936549127101898,-0.021712172776460648,-0.033878471702337265,0.14784778654575348,-0.11648818850517273,0.04607366770505905,12.311394691467285,10.60611343383789,12.350608825683594,11.859834671020508,-0.06132812425494194,0.04139648377895355,0.06592773646116257,-0.05059570446610451,0.0,-0.07585365325212479,0.047588933259248734,0.06963340938091278,-0.0487714484333992,0.0,-0.15773746371269226,0.17183193564414978,-10.13925552368164,-0.0932832807302475,-0.35854312777519226,-8.578171730041504,0.0,0.0,0.0,0.0,0.0,0.0,0.0,0.0,0.0,0.0,0.0,0.0,-0.07613299041986465,0.04639985039830208,0.06836897134780884,-0.04783596843481064,0.28674912452697754,0.25327157974243164,0.2875122129917145,0.27794149518013,-1.306903600692749,-1.7036383152008057,-0.29280370473861694,0.0,0.0,0.0,0.0,0.0,0.0,0.0
21697800517,0,-0.013519496656954288,0.022224025800824165,-0.6652871370315552,6.569455581484362e-05,-0.04113857448101044,-0.8442511558532715,0.060197848826646805,0.03527926281094551,-0.049390725791454315,0.0237217266112566,-0.12768079340457916,-0.17813807725906372,0.02276558429002762,-0.010991700924932957,0.03783306106925011,0.0,0.0,-0.0047828578390181065,0.015906525775790215,-0.09409499913454056,0.01756134070456028,-0.1832537204027176,0.10776066035032272,-0.05165701359510422,-0.5017305016517639,-2.032949209213257,-47.05531692504883,-0.2096160501241684,0.18936549127101898,-0.021712172776460648,-0.033878471702337265,0.14784778654575348,-0.11648818850517273,0.04607366770505905,12.311394691467285,10.60611343383789,12.350608825683594,11.859834671020508,-0.059794921427965164,0.039863280951976776,0.06439453363418579,-0.05059570446610451,0.0,-0.07585365325212479,0.047588933259248734,0.06963340938091278,-0.0487714484333992,0.0,0.05055245757102966,0.12224500626325607,-10.125694274902344,-0.09601981192827225,-0.3558845520019531,-8.576722145080566,0.0,0.0,0.0,0.0,0.0,0.0,0.0,0.0,0.0,0.0,0.0,0.0,-0.07637935131788254,0.04707697406411171,0.06905898451805115,-0.0483546257019043,0.28674912452697754,0.25327157974243164,0.2875122129917145,0.27794149518013,-1.0973020792007446,-0.9360367059707642,-0.4031190276145935,0.0,0.0,0.0,0.0,0.0,0.0,0.0
21706748399,0,-0.011795109137892723,0.022701505571603775,-0.6661130785942078,6.569455581484362e-05,-0.04113857448101044,-0.8442511558532715,0.05892464518547058,0.027251455932855606,-0.045982420444488525,0.0237217266112566,-0.12768079340457916,-0.17813807725906372,0.022935321554541588,-0.013751961290836334,0.03811132535338402,0.0,0.0,-0.0047828578390181065,0.015906525775790215,-0.09409499913454056,0.01756134070456028,-0.1832537204027176,0.10776066035032272,-0.05165701359510422,-0.5281089544296265,-1.9573650360107422,-47.17197036743164,-0.1897154301404953,0.21210521459579468,-0.013433728367090225,-0.034526653587818146,0.14911963045597076,-0.11879818886518478,0.046622857451438904,12.198162078857422,10.839672088623047,12.108933448791504,12.099809646606445,-0.06132812425494194,0.039863280951976776,0.06439453363418579,-0.05059570446610451,0.0,-0.07518679648637772,0.04316870495676994,0.06952691823244095,-0.044879164546728134,0.0,0.05055245757102966,0.12224500626325607,-10.125694274902344,-0.09601981192827225,-0.3558845520019531,-8.576722145080566,0.0,0.0,0.0,0.0,0.0,0.0,0.0,0.0,0.0,0.0,0.0,0.0,-0.07637274265289307,0.0473005548119545,0.0694994181394577,-0.04850706458091736,0.28454434871673584,0.25789177417755127,0.2828051745891571,0.2826272249221802,-1.0973020792007446,-0.9360367059707642,-0.4031190276145935,0.0,0.0,0.0,0.0,0.0,0.0,0.0
21716710208,0,-0.011795109137892723,0.022701505571603775,-0.6661130785942078,6.569455581484362e-05,-0.04113857448101044,-0.8442511558532715,0.05892464518547058,0.027251455932855606,-0.045982420444488525,0.0237217266112566,-0.12768079340457916,-0.17813807725906372,0.022935321554541588,-0.013751961290836334,0.03811132535338402,0.0,0.0,-0.0047828578390181065,0.012437788769602776,-0.09942790865898132,0.016039827838540077,-0.18696719408035278,0.11513104289770126,-0.05186181887984276,-0.5965095162391663,-1.9883570671081543,-47.11750030517578,-0.18956299126148224,0.22251492738723755,-0.01315881684422493,-0.03487202897667885,0.14911963045597076,-0.11879818886518478,0.046622857451438904,12.193849563598633,10.817188262939453,12.072176933288574,12.10879898071289,-0.06439453363418579,0.04139648377895355,0.06592773646116257,-0.05059570446610451,0.0,-0.07813462615013123,0.041999977082014084,0.07262604683637619,-0.04378354549407959,0.0,0.1079866886138916,0.02370697818696499,-9.881251335144043,-0.09601981192827225,-0.3558845520019531,-8.576722145080566,0.0,0.0,0.0,0.0,0.0,0.0,0.0,0.0,0.0,0.0,0.0,0.0,-0.07631740719079971,0.04679807648062706,0.06986898183822632,-0.048041604459285736,0.28454434871673584,0.25789177417755127,0.2828051745891571,0.2826272249221802,-0.673660159111023,-0.7613564729690552,-0.30051934719085693,0.0,0.0,0.0,0.0,0.0,0.0,0.0
21726686430,0,-0.010555588640272617,0.023116938769817352,-0.6666810512542725,6.569455581484362e-05,-0.04113857448101044,-0.8442511558532715,0.06575361639261246,0.03493852540850639,-0.0476730614900589,0.021242672577500343,-0.12851166725158691,-0.17757010459899902,0.02363477647304535,-0.015759719535708427,0.03833962231874466,0.0,0.0,-0.0047828578390181065,-0.0008161633741110563,-0.10637941211462021,0.012346846982836723,-0.18895305693149567,0.12366537004709244,-0.05196458846330643,-0.6428512334823608,-2.098118782043457,-47.03073501586914,-0.1777859926223755,0.24315795302391052,-0.010768022388219833,-0.03555179759860039,0.15020564198493958,-0.12169362604618073,0.046997398138046265,12.160080909729004,10.842098236083984,11.93990707397461,12.158764839172363,-0.06592773646116257,0.04139648377895355,0.06592773646116257,-0.05059570446610451,0.0,-0.08296651393175125,0.043905194848775864,0.07800566405057907,-0.045510295778512955,0.0,0.19266679883003235,0.09234047681093216,-9.981186866760254,-0.11589159816503525,-0.3725234270095825,-8.557662010192871,0.0,0.0,0.0,0.0,0.0,0.0,0.0,0.0,0.0,0.0,0.0,0.0,-0.07671242952346802,0.0458073727786541,0.07066469639539719,-0.0471571609377861,0.2835502326488495,0.2579113245010376,0.28051015734672546,0.2838403582572937,-0.6640421748161316,-0.48627519607543945,-0.21530479192733765,0.0,0.0,0.0,0.0,0.0,0.0,0.0
21736390795,0,-0.009954330511391163,0.023328471928834915,-0.6669669151306152,6.569455581484362e-05,-0.04113857448101044,-0.8442511558532715,0.06477320939302444,0.038965146988630295,-0.04837143421173096,0.020040150731801987,-0.12893472611904144,-0.17728424072265625,0.023532520979642868,-0.01651318185031414,0.03832648694515228,0.0,0.0,-0.0047828578390181065,-0.0008161633741110563,-0.10637941211462021,0.012346846982836723,-0.18895305693149567,0.12366537004709244,-0.05196458846330643,-0.6428512334823608,-2.098118782043457,-47.03073501586914,-0.1777859926223755,0.24315795302391052,-0.010768022388219833,-0.03555179759860039,0.15065062046051025,-0.12325780093669891,0.04711315408349037,12.160080909729004,10.842098236083984,11.93990707397461,12.158764839172363,-0.06592773646116257,0.04292968660593033,0.06746093928813934,-0.05059570446610451,0.0,-0.08296651393175125,0.043905194848775864,0.07800566405057907,-0.045510295778512955,0.0,0.19266679883003235,0.09234047681093216,-9.981186866760254,-0.11688204109668732,-0.38147616386413574,-8.551042556762695,0.0,0.0,0.0,0.0,0.0,0.0,0.0,0.0,0.0,0.0,0.0,0.0,-0.07783783972263336,0.04488123580813408,0.07216246426105499,-0.04633863642811775,0.2838023602962494,0.25793975591659546,0.27950629591941833,0.28377681970596313,-0.6640421748161316,-0.48627519607543945,-0.21530479192733765,0.0,0.0,0.0,0.0,0.0,0.0,0.0
21746639800,0,-0.009954330511391163,0.023328471928834915,-0.6669669151306152,6.569455581484362e-05,-0.04113857448101044,-0.8442511558532715,0.06477320939302444,0.038965146988630295,-0.04837143421173096,0.020040150731801987,-0.12893472611904144,-0.17728424072265625,0.023532520979642868,-0.01651318185031414,0.03832648694515228,0.0,0.0,-0.0047828578390181065,-0.015902327373623848,-0.11522183567285538,0.012234695255756378,-0.18442459404468536,0.14268290996551514,-0.0524919331073761,-0.6785063147544861,-2.0926942825317383,-47.008079528808594,-0.15787583589553833,0.2651449143886566,-0.011191312223672867,-0.03583753481507301,0.15065062046051025,-0.12325780093669891,0.04711315408349037,12.23127269744873,10.822379112243652,11.880017280578613,12.146272659301758,-0.06439453363418579,0.04292968660593033,0.06899414211511612,-0.04906250163912773,0.0,-0.08338481932878494,0.04261324554681778,0.07927596569061279,-0.04438577964901924,0.0,-0.03561798110604286,-0.24884946644306183,-9.972907066345215,-0.11688204109668732,-0.38147616386413574,-8.551042556762695,0.0,0.0,0.0,0.0,0.0,0.0,0.0,0.0,0.0,0.0,0.0,0.0,-0.07935699820518494,0.04418604448437691,0.07403590530157089,-0.04573134705424309,0.2838023602962494,0.25793975591659546,0.27950629591941833,0.28377681970596313,-1.0646432638168335,-0.7240185737609863,-0.15161272883415222,0.0,0.0,0.0,0.0,0.0,0.0,0.0
21756479803,0,-0.008047463372349739,0.023766830563545227,-0.6678209900856018,6.569455581484362e-05,-0.04113857448101044,-0.8442511558532715,0.06820419430732727,0.04157298803329468,-0.05229286476969719,0.016226397827267647,-0.12981146574020386,-0.17643016576766968,0.021878255531191826,-0.019868096336722374,0.03883834183216095,0.0,0.0,-0.0047828578390181065,-0.015902327373623848,-0.11522183567285538,0.012234695255756378,-0.1752813160419464,0.15642760694026947,-0.05259985104203224,-0.6895636320114136,-2.099522113800049,-46.93000411987305,-0.14761127531528473,0.289869099855423,-0.015682976692914963,-0.03616764768958092,0.1509781926870346,-0.12667541205883026,0.047351475805044174,12.382050514221191,10.667787551879883,11.91907024383545,12.038023948669434,-0.06286133080720901,0.04292968660593033,0.06899414211511612,-0.04906250163912773,0.0,-0.08290863037109375,0.04305718094110489,0.0795176550745964,-0.04469066113233566,0.0,-0.03561798110604286,-0.24884946644306183,-9.972907066345215,-0.1326245665550232,-0.38764750957489014,-8.521016120910645,0.0,0.0,0.0,0.0,0.0,0.0,0.0,0.0,0.0,0.0,0.0,0.0,-0.08080611377954483,0.043633997440338135,0.07587676495313644,-0.04525032266974449,0.2881237864494324,0.25449272990226746,0.27909934520721436,0.28142186999320984,-1.0646432638168335,-0.7240185737609863,-0.15161272883415222,0.0,0.0,0.0,0.0,0.0,0.0,0.0
21766244086,0,-0.006789540406316519,0.02410825900733471,-0.668401837348938,6.569455581484362e-05,-0.04113857448101044,-0.8442511558532715,0.06794647127389908,0.03606908395886421,-0.05944426357746124,0.013710538856685162,-0.13049432635307312,-0.1758493185043335,0.021758804097771645,-0.02272959053516388,0.039745453745126724,0.0,0.0,-0.0047828578390181065,-0.034254029393196106,-0.13991588354110718,0.03191413730382919,-0.17455706000328064,0.1791512668132782,-0.053723372519016266,-0.7591992020606995,-2.081394672393799,-46.6933479309082,-0.13460832834243774,0.32492437958717346,-0.033072855323553085,-0.03678439185023308,0.15091417729854584,-0.13086223602294922,0.04796955734491348,12.835944175720215,10.13744831085205,12.219883918762207,11.579554557800293,-0.06439453363418579,0.04139648377895355,0.0705273449420929,-0.05059570446610451,0.0,-0.08144630491733551,0.042181264609098434,0.07899602502584457,-0.043836936354637146,0.0,0.011172208935022354,0.4427235424518585,-9.362430572509766,-0.13752608001232147,-0.37765517830848694,-8.46900749206543,0.0,0.0,0.0,0.0,0.0,0.0,0.0,0.0,0.0,0.0,0.0,0.0,-0.08186129480600357,0.043195173144340515,0.077418752014637,-0.044857025146484375,0.2881237864494324,0.25449272990226746,0.27909934520721436,0.28142186999320984,-0.5694708824157715,-0.5857222080230713,0.5629112124443054,0.0,0.0,0.0,0.0,0.0,0.0,0.0
21776622203,0,-0.006789540406316519,0.02410825900733471,-0.668401837348938,6.569455581484362e-05,-0.04113857448101044,-0.8442511558532715,0.06794647127389908,0.03606908395886421,-0.05944426357746124,0.012426700443029404,-0.13077478110790253,-0.1755492091178894,0.021758804097771645,-0.02272959053516388,0.039745453745126724,0.0,0.0,-0.0047828578390181065,-0.03506571426987648,-0.13269689679145813,0.036479245871305466,-0.17414981126785278,0.18664346635341644,-0.054027725011110306,-0.7591992020606995,-2.081394672393799,-46.6933479309082,-0.13460832834243774,0.32492437958717346,-0.033072855323553085,-0.03678439185023308,0.15091417729854584,-0.13086223602294922,0.04796955734491348,12.835944175720215,10.13744831085205,12.219883918762207,11.579554557800293,-0.06746093928813934,0.04139648377895355,0.0705273449420929,-0.05059570446610451,0.0,-0.08144630491733551,0.042181264609098434,0.07899602502584457,-0.043836936354637146,0.0,-0.19188237190246582,-0.0007723122253082693,-9.805318832397461,-0.1354491412639618,-0.37844789028167725,-8.46908187866211,0.0,0.0,0.0,0.0,0.0,0.0,0.0,0.0,0.0,0.0,0.0,0.0,-0.08237113058567047,0.042832668870687485,0.07849222421646118,-0.04451474919915199,0.2969300448894501,0.24396592378616333,0.2849675416946411,0.27245408296585083,-0.4187345802783966,0.04192224144935608,0.5066637396812439,0.0,0.0,0.0,0.0,0.0,0.0,0.0
21786266215,0,-0.006147624459117651,0.024248486384749413,-0.6687019467353821,6.569455581484362e-05,-0.04113857448101044,-0.8442511558532715,0.06544908136129379,0.03609759733080864,-0.05979125574231148,0.012426700443029404,-0.13077478110790253,-0.1755492091178894,0.02169828489422798,-0.02367263101041317,0.039989836513996124,0.0,0.0,-0.0047828578390181065,-0.03506571426987648,-0.13269689679145813,0.036479245871305466,-0.17414981126785278,0.18664346635341644,-0.054027725011110306,-0.7449702620506287,-2.08146333694458,-46.57994842529297,-0.12957049906253815,0.32181528210639954,-0.03586418554186821,-0.03707907721400261,0.15085090696811676,-0.13289296627044678,0.048426080495119095,12.879976272583008,10.051258087158203,12.259252548217773,11.468733787536621,-0.0705273449420929,0.04139648377895355,0.07206054776906967,-0.05059570446610451,0.0,-0.08080219477415085,0.04301466420292854,0.07830595225095749,-0.044729966670274734,0.0,-0.19188237190246582,-0.0007723122253082693,-9.805318832397461,-0.1354491412639618,-0.37844789028167725,-8.46908187866211,0.0,0.0,0.0,0.0,0.0,0.0,0.0,0.0,0.0,0.0,0.0,0.0,-0.08242150396108627,0.04257262870669365,0.07908129692077637,-0.044262535870075226,0.2977820038795471,0.24224962294101715,0.2857341468334198,0.2702801525592804,-0.4187345802783966,0.04192224144935608,0.5066637396812439,0.0,0.0,0.0,0.0,0.0,0.0,0.0
21796262031,0,-0.006147624459117651,0.024248486384749413,-0.6687019467353821,6.569455581484362e-05,-0.04113857448101044,-0.8442511558532715,0.06544908136129379,0.03609759733080864,-0.05979125574231148,0.012426700443029404,-0.13077478110790253,-0.1755492091178894,0.02169828489422798,-0.02367263101041317,0.039989836513996124,0.0,0.0,-0.0047828578390181065,-0.03630632907152176,-0.12267357856035233,0.031692713499069214,-0.1714686006307602,0.1933584213256836,-0.05408060923218727,-0.7713541984558105,-2.080691337585449,-46.731170654296875,-0.12667639553546906,0.3164474070072174,-0.026847541332244873,-0.03748457133769989,0.15085090696811676,-0.13289296627044678,0.048426080495119095,12.68549633026123,10.328914642333984,12.07650375366211,11.718164443969727,-0.0705273449420929,0.04139648377895355,0.07359375059604645,-0.04906250163912773,0.0,-0.08279488235712051,0.04088465869426727,0.08020900934934616,-0.04299478232860565,0.0,0.010078225284814835,-0.5106458067893982,-10.162270545959473,-0.1354491412639618,-0.37844789028167725,-8.46908187866211,0.0,0.0,0.0,0.0,0.0,0.0,0.0,0.0,0.0,0.0,0.0,0.0,-0.08226911723613739,0.04238959401845932,0.07934756577014923,-0.04410350322723389,0.2977820038795471,0.24224962294101715,0.2857341468334198,0.2702801525592804,-0.28849416971206665,0.4522004723548889,-0.024328770115971565,0.0,0.0,0.0,0.0,0.0,0.0,0.0
21806452242,0,-0.004818377085030079,0.024465475231409073,-0.6693178415298462,6.569455581484362e-05,-0.04113857448101044,-0.8442511558532715,0.06380454450845718,0.036015648394823074,-0.05298887565732002,0.009768192656338215,-0.13120874762535095,-0.1749333143234253,0.020814327523112297,-0.025567730888724327,0.03998600319027901,0.0,0.0,-0.0047828578390181065,-0.03910072147846222,-0.12031493335962296,0.026977207511663437,-0.16725462675094604,0.20177090167999268,-0.05403389036655426,-0.7610150575637817,-2.086843729019165,-46.88344192504883,-0.12160264700651169,0.32413455843925476,-0.020667847245931625,-0.03779459744691849,0.15056803822517395,-0.13750812411308289,0.04938928782939911,12.589811325073242,10.516929626464844,11.941353797912598,11.915909767150879,-0.06899414211511612,0.04139648377895355,0.07512695342302322,-0.04906250163912773,0.0,-0.08333445340394974,0.04067614674568176,0.08096611499786377,-0.04279891401529312,0.0,0.010078225284814835,-0.5106458067893982,-10.162270545959473,-0.13836637139320374,-0.37942612171173096,-8.524262428283691,0.0,0.0,0.0,0.0,0.0,0.0,0.0,0.0,0.0,0.0,0.0,0.0,-0.08222414553165436,0.042110513895750046,0.07958461344242096,-0.04389170929789543,0.29215970635414124,0.25150421261787415,0.2795345187187195,0.27903759479522705,-0.29707005620002747,0.3735094964504242,-0.27681055665016174,0.0,0.0,0.0,0.0,0.0,0.0,0.0
21816684549,0,-0.004159784875810146,0.02450176514685154,-0.6696256399154663,6.569455581484362e-05,-0.04113857448101044,-0.8442511558532715,0.06361344456672668,0.04057370498776436,-0.04737095907330513,0.008451000787317753,-0.13128133118152618,-0.17462551593780518,0.0203524362295866,-0.02667374536395073,0.04005195200443268,0.0,0.0,-0.0047828578390181065,-0.03621749207377434,-0.12004991620779037,0.021359512582421303,-0.16725462675094604,0.20177090167999268,-0.05403389036655426,-0.7788914442062378,-2.138611316680908,-47.11149978637695,-0.12598863244056702,0.33424755930900574,-0.014729958027601242,-0.038157302886247635,0.15037617087364197,-0.13988329470157623,0.049696434289216995,12.509490013122559,10.69996452331543,11.840462684631348,12.143887519836426,-0.06592773646116257,0.04292968660593033,0.07666015625,-0.04906250163912773,0.0,-0.08587786555290222,0.041063860058784485,0.08371082693338394,-0.043015044182538986,0.0,0.010078225284814835,-0.5106458067893982,-10.162270545959473,-0.14161662757396698,-0.38883844017982483,-8.565727233886719,0.0,0.0,0.0,0.0,0.0,0.0,0.0,0.0,0.0,0.0,0.0,0.0,-0.08249935507774353,0.04173608496785164,0.08004780858755112,-0.04360489919781685,0.2906002700328827,0.2551293969154358,0.2775627374649048,0.2834866940975189,-0.017704227939248085,0.20704497396945953,-0.42235836386680603,0.0,0.0,0.0,0.0,0.0,0.0,0.0
21826429143,0,-0.004159784875810146,0.02450176514685154,-0.6696256399154663,6.569455581484362e-05,-0.04113857448101044,-0.8442511558532715,0.06361344456672668,0.04057370498776436,-0.04737095907330513,0.008451000787317753,-0.13128133118152618,-0.17462551593780518,0.0203524362295866,-0.02667374536395073,0.04005195200443268,0.0,0.0,-0.0047828578390181065,-0.029559539631009102,-0.11405433714389801,0.020667847245931625,-0.16032327711582184,0.2231263816356659,-0.05480893701314926,-0.8129695057868958,-2.1342742443084717,-47.284175872802734,-0.13375456631183624,0.3331610858440399,-0.01527835801243782,-0.03851785883307457,0.15023931860923767,-0.14228174090385437,0.04994751885533333,12.556914329528809,10.717954635620117,11.911112785339355,12.184974670410156,-0.06746093928813934,0.04139648377895355,0.07819335907697678,-0.04906250163912773,0.0,-0.08642454445362091,0.039690062403678894,0.08406601846218109,-0.04178648069500923,0.0,-0.18734407424926758,0.15275278687477112,-9.378031730651855,-0.14161662757396698,-0.38883844017982483,-8.565727233886719,0.0,0.0,0.0,0.0,0.0,0.0,0.0,0.0,0.0,0.0,0.0,0.0,-0.08316601812839508,0.041346628218889236,0.0808413103222847,-0.043288350105285645,0.2906002700328827,0.2551293969154358,0.2775627374649048,0.2834866940975189,0.2990820109844208,0.4019649028778076,-0.2811368405818939,0.0,0.0,0.0,0.0,0.0,0.0,0.0
21837084853,0,-0.0028696933295577765,0.024605562910437584,-0.6702437400817871,6.569455581484362e-05,-0.04113857448101044,-0.8442511558532715,0.06666441261768341,0.042799584567546844,-0.04312523826956749,0.005870805121958256,-0.13148893415927887,-0.17400741577148438,0.0200993362814188,-0.028816303238272667,0.040804632008075714,0.0,0.0,-0.0047828578390181065,-0.018437782302498817,-0.10261815041303635,0.026691948994994164,-0.16032327711582184,0.2231263816356659,-0.05480893701314926,-0.8480534553527832,-2.1644210815429688,-47.242759704589844,-0.14732465147972107,0.3233436346054077,-0.023444347083568573,-0.03882584348320961,0.15021191537380219,-0.1442900002002716,0.05020861327648163,12.716519355773926,10.495189666748047,12.14060115814209,11.97630786895752,-0.06899414211511612,0.039863280951976776,0.07819335907697678,-0.04906250163912773,0.0,-0.08718394488096237,0.04033457860350609,0.08435188233852386,-0.04239705204963684,0.0,-0.18734407424926758,0.15275278687477112,-9.378031730651855,-0.1541915386915207,-0.39353111386299133,-8.589592933654785,0.0,0.0,0.0,0.0,0.0,0.0,0.0,0.0,0.0,0.0,0.0,0.0,-0.0841049924492836,0.040942516177892685,0.08182340860366821,-0.04294037073850632,0.2946168780326843,0.2510732412338257,0.2834227383136749,0.28021717071533203,0.7340962290763855,0.7683600783348083,0.10607568174600601,0.0,0.0,0.0,0.0,0.0,0.0,0.0
21847159242,0,-0.0028696933295577765,0.024605562910437584,-0.6702437400817871,6.569455581484362e-05,-0.04113857448101044,-0.8442511558532715,0.06666441261768341,0.042799584567546844,-0.04312523826956749,0.005870805121958256,-0.13148893415927887,-0.17400741577148438,0.0200993362814188,-0.028816303238272667,0.040804632008075714,0.0,0.0,-0.0047828578390181065,-0.018437782302498817,-0.10261815041303635,0.026691948994994164,-0.16032327711582184,0.2231263816356659,-0.05480893701314926,-0.8480534553527832,-2.1644210815429688,-47.242759704589844,-0.14732465147972107,0.3233436346054077,-0.023444347083568573,-0.03882584348320961,0.15021191537380219,-0.1442900002002716,0.05020861327648163,12.716519355773926,10.495189666748047,12.14060115814209,11.97630786895752,-0.0705273449420929,0.038330078125,0.07972656190395355,-0.04906250163912773,0.0,-0.08718394488096237,0.04033457860350609,0.08435188233852386,-0.04239705204963684,0.0,-0.3504101634025574,-0.5775409936904907,-9.690025329589844,-0.1541915386915207,-0.39353111386299133,-8.589592933654785,0.0,0.0,0.0,0.0,0.0,0.0,0.0,0.0,0.0,0.0,0.0,0.0,-0.08509991317987442,0.040601857006549835,0.0827597975730896,-0.0426408052444458,0.2946168780326843,0.2510732412338257,0.2834227383136749,0.28021717071533203,0.7340962290763855,0.7683600783348083,0.10607568174600601,0.0,0.0,0.0,0.0,0.0,0.0,0.0
21856857151,0,-0.0009176405728794634,0.024822309613227844,-0.6711900234222412,6.569455581484362e-05,-0.04113857448101044,-0.8442511558532715,0.06760784238576889,0.05134235695004463,-0.05224836990237236,0.001966679934412241,-0.1319224238395691,-0.17306113243103027,0.01991342008113861,-0.02996635250747204,0.04216795787215233,0.0,0.0,-0.0047828578390181065,-0.00175012880936265,-0.06336626410484314,0.037378281354904175,-0.15845271944999695,0.23662319779396057,-0.05575292557477951,-0.9012504816055298,-2.2220888137817383,-46.893829345703125,-0.16547347605228424,0.28376033902168274,-0.03379352390766144,-0.039505474269390106,0.15049810707569122,-0.14813707768917084,0.05108604580163956,12.796343803405762,10.18267822265625,12.404464721679688,11.597916603088379,-0.0705273449420929,0.038330078125,0.07972656190395355,-0.04906250163912773,0.0,-0.08977177739143372,0.04165590927004814,0.085664764046669,-0.043981339782476425,0.0,-0.3504101634025574,-0.5775409936904907,-9.690025329589844,-0.16499648988246918,-0.4108995497226715,-8.513089179992676,0.0,0.0,0.0,0.0,0.0,0.0,0.0,0.0,0.0,0.0,0.0,0.0,-0.08609317243099213,0.04044594615697861,0.08357467502355576,-0.042521581053733826,0.2961632013320923,0.24486605823040009,0.2885594069957733,0.27281418442726135,0.8770886063575745,1.6229112148284912,0.34505972266197205,0.0,0.0,0.0,0.0,0.0,0.0,0.0
21866751294,0,-0.00030253076693043113,0.024891074746847153,-0.6715048551559448,6.569455581484362e-05,-0.04113857448101044,-0.8442511558532715,0.06624993681907654,0.0485803559422493,-0.05163044109940529,0.0007364543271251023,-0.1320599615573883,-0.17274630069732666,0.019541680812835693,-0.03005627542734146,0.04227935150265694,0.0,0.0,-0.0047828578390181065,0.001034442917443812,-0.04278528690338135,0.035379037261009216,-0.15755757689476013,0.23746846616268158,-0.05681711435317993,-0.9074807167053223,-2.2599475383758545,-46.821990966796875,-0.16509178280830383,0.2630116939544678,-0.029947765171527863,-0.03988415002822876,0.15076681971549988,-0.1498398333787918,0.05161138251423836,12.6524019241333,10.291954040527344,12.322046279907227,11.644148826599121,-0.0705273449420929,0.038330078125,0.07972656190395355,-0.04906250163912773,0.0,-0.09206567704677582,0.04226081445813179,0.0874754935503006,-0.04480327293276787,0.0,-0.3504101634025574,-0.5775409936904907,-9.690025329589844,-0.16466841101646423,-0.4057390093803406,-8.519685745239258,0.0,0.0,0.0,0.0,0.0,0.0,0.0,0.0,0.0,0.0,0.0,0.0,-0.08724690973758698,0.04055948927998543,0.08438408374786377,-0.04269714280962944,0.2933737337589264,0.2470388561487198,0.28695639967918396,0.2737200856208801,0.6499761343002319,1.7242075204849243,0.06848056614398956,0.0,0.0,0.0,0.0,0.0,0.0,0.0
21876775104,0,0.0009772084886208177,0.025009192526340485,-0.6721351742744446,6.569455581484362e-05,-0.04113857448101044,-0.8442511558532715,0.07020429521799088,0.03989490494132042,-0.05306808650493622,-0.0018230369314551353,-0.13229618966579437,-0.1721159815788269,0.019014552235603333,-0.03054443746805191,0.042910393327474594,0.0,0.0,-0.0047828578390181065,-0.002449230756610632,-0.016422487795352936,0.03744411841034889,-0.15343406796455383,0.24136872589588165,-0.0575702041387558,-0.9752228260040283,-2.1357109546661377,-46.80315399169922,-0.16047775745391846,0.24460165202617645,-0.0316181480884552,-0.04066205024719238,0.15129098296165466,-0.15273995697498322,0.052631624042987823,12.672667503356934,10.27711009979248,12.379436492919922,11.563857078552246,-0.07206054776906967,0.038330078125,0.08125976473093033,-0.04906250163912773,0.0,-0.09040234237909317,0.03563006967306137,0.08538085967302322,-0.039312951266765594,0.0,-0.31145671010017395,0.029248172417283058,-9.700498580932617,-0.17731323838233948,-0.38831108808517456,-8.509664535522461,0.0,0.0,0.0,0.0,0.0,0.0,0.0,0.0,0.0,0.0,0.0,0.0,-0.08852097392082214,0.04059547930955887,0.08517244458198547,-0.04288093000650406,0.29376691579818726,0.246743842959404,0.2880729138851166,0.27214640378952026,0.1427253633737564,1.3360791206359863,0.10567157715559006,0.0,0.0,0.0,0.0,0.0,0.0,0.0
21886879388,0,0.0009772084886208177,0.025009192526340485,-0.6721351742744446,6.569455581484362e-05,-0.04113857448101044,-0.8442511558532715,0.07020429521799088,0.03989490494132042,-0.05306808650493622,-0.0018230369314551353,-0.13229618966579437,-0.1721159815788269,0.019014552235603333,-0.03054443746805191,0.042910393327474594,0.0,0.0,-0.0047828578390181065,-0.002449230756610632,-0.016422487795352936,0.03744411841034889,-0.15343406796455383,0.24136872589588165,-0.0575702041387558,-0.9752228260040283,-2.1357109546661377,-46.80315399169922,-0.16047775745391846,0.24460165202617645,-0.0316181480884552,-0.04066205024719238,0.15129098296165466,-0.15273995697498322,0.052631624042987823,12.672667503356934,10.27711009979248,12.379436492919922,11.563857078552246,-0.07512695342302322,0.038330078125,0.08125976473093033,-0.04906250163912773,0.0,-0.09040234237909317,0.03563006967306137,0.08538085967302322,-0.039312951266765594,0.0,-0.31145671010017395,0.029248172417283058,-9.700498580932617,-0.17731323838233948,-0.38831108808517456,-8.509664535522461,0.0,0.0,0.0,0.0,0.0,0.0,0.0,0.0,0.0,0.0,0.0,0.0,-0.08957146853208542,0.040002815425395966,0.08569525927305222,-0.0425662063062191,0.29376691579818726,0.246743842959404,0.2880729138851166,0.27214640378952026,0.1427253633737564,1.3360791206359863,0.10567157715559006,0.0,0.0,0.0,0.0,0.0,0.0,0.0
21896810601,0,0.0015702394302934408,0.02505899779498577,-0.6724522113800049,6.569455581484362e-05,-0.04113857448101044,-0.8442511558532715,0.07102149724960327,0.03602314367890358,-0.05433233454823494,-0.0030091048683971167,-0.13239580392837524,-0.1717989444732666,0.019278783351182938,-0.030472183600068092,0.04332894831895828,0.0,0.0,-0.0047828578390181065,0.0029651338700205088,0.003496632445603609,0.03816995024681091,-0.1555488556623459,0.2407614141702652,-0.058076344430446625,-0.9960057735443115,-2.093754768371582,-46.75227737426758,-0.1673329621553421,0.2168198823928833,-0.03193172439932823,-0.041003789752721786,0.15153110027313232,-0.1537376046180725,0.053099796175956726,12.614439010620117,10.288686752319336,12.427916526794434,11.511109352111816,-0.07666015625,0.038330078125,0.0827929675579071,-0.04752929508686066,0.0,-0.09025449305772781,0.03339661285281181,0.08441248536109924,-0.03759708255529404,0.0,-0.3435453772544861,0.4139483571052551,-9.794671058654785,-0.18109196424484253,-0.38068267703056335,-8.50041389465332,0.0,0.0,0.0,0.0,0.0,0.0,0.0,0.0,0.0,0.0,0.0,0.0,-0.09023460745811462,0.0388014130294323,0.08584969490766525,-0.041731953620910645,0.29263755679130554,0.24697399139404297,0.2890154719352722,0.2711116671562195,0.39377474784851074,1.6898328065872192,0.08255074173212051,0.0,0.0,0.0,0.0,0.0,0.0,0.0
21907308634,0,0.0015702394302934408,0.02505899779498577,-0.6724522113800049,6.569455581484362e-05,-0.04113857448101044,-0.8442511558532715,0.07102149724960327,0.03602314367890358,-0.05433233454823494,-0.0030091048683971167,-0.13239580392837524,-0.1717989444732666,0.019278783351182938,-0.030472183600068092,0.04332894831895828,0.0,0.0,-0.0047828578390181065,0.006877753417938948,0.05763494595885277,0.03821514546871185,-0.1566629260778427,0.2255195677280426,-0.05911899358034134,-1.0323872566223145,-2.05879545211792,-46.74414825439453,-0.1673329621553421,0.2168198823928833,-0.03193172439932823,-0.041003789752721786,0.15153110027313232,-0.1537376046180725,0.053099796175956726,12.487577438354492,10.416966438293457,12.516633033752441,11.419598579406738,-0.07819335907697678,0.038330078125,0.08432617038488388,-0.04752929508686066,0.0,-0.09121435135602951,0.030562669038772583,0.08385308086872101,-0.03568826988339424,0.0,-0.21153995394706726,-0.5368456244468689,-9.935711860656738,-0.18109196424484253,-0.38068267703056335,-8.50041389465332,0.0,0.0,0.0,0.0,0.0,0.0,0.0,0.0,0.0,0.0,0.0,0.0,-0.09061551094055176,0.037185512483119965,0.0856793075799942,-0.04054975509643555,0.29263755679130554,0.24697399139404297,0.2890154719352722,0.2711116671562195,0.3029906153678894,2.22031307220459,-0.002549142111092806,0.0,0.0,0.0,0.0,0.0,0.0,0.0
21916386863,0,0.0026125244330614805,0.025101637467741966,-0.6731000542640686,6.569455581484362e-05,-0.04113857448101044,-0.8442511558532715,0.07238591462373734,0.03274925798177719,-0.05468454584479332,-0.0050936853513121605,-0.13248109817504883,-0.17115110158920288,0.019967487081885338,-0.029256019741296768,0.04389546439051628,0.0,0.0,-0.0047828578390181065,0.006877753417938948,0.05763494595885277,0.03821514546871185,-0.1566629260778427,0.2255195677280426,-0.05911899358034134,-1.0323872566223145,-2.05879545211792,-46.74414825439453,-0.16657058894634247,0.1456814855337143,-0.03115227445960045,-0.04182283952832222,0.15222342312335968,-0.1549801528453827,0.05420689284801483,12.487577438354492,10.416966438293457,12.516633033752441,11.419598579406738,-0.07972656190395355,0.039863280951976776,0.08585937321186066,-0.04752929508686066,0.0,-0.09128594398498535,0.030477168038487434,0.08378171175718307,-0.03576629236340523,0.0,-0.21153995394706726,-0.5368456244468689,-9.935711860656738,-0.18770676851272583,-0.3743264675140381,-8.49893569946289,0.0,0.0,0.0,0.0,0.0,0.0,0.0,0.0,0.0,0.0,0.0,0.0,-0.0908723697066307,0.03529549017548561,0.08528102934360504,-0.03916291519999504,0.29017484188079834,0.24952155351638794,0.2907390892505646,0.2693153917789459,0.3029906153678894,2.22031307220459,-0.002549142111092806,0.0,0.0,0.0,0.0,0.0,0.0,0.0
21929205583,0,0.0026125244330614805,0.025101637467741966,-0.6731000542640686,6.569455581484362e-05,-0.04113857448101044,-0.8442511558532715,0.07238591462373734,0.03274925798177719,-0.05468454584479332,-0.0050936853513121605,-0.13248109817504883,-0.17115110158920288,0.019967487081885338,-0.029256019741296768,0.04389546439051628,0.0,0.0,-0.0047828578390181065,0.0033237014431506395,0.08237019181251526,0.02937062457203865,-0.1575186550617218,0.2205013781785965,-0.05961703509092331,-1.0323872566223145,-2.05879545211792,-46.74414825439453,-0.16657058894634247,0.1456814855337143,-0.03115227445960045,-0.04182283952832222,0.15222342312335968,-0.1549801528453827,0.05420689284801483,12.487577438354492,10.416966438293457,12.516633033752441,11.419598579406738,-0.07972656190395355,0.04139648377895355,0.08585937321186066,-0.04752929508686066,0.0,-0.09128594398498535,0.030477168038487434,0.08378171175718307,-0.03576629236340523,0.0,-0.3032706081867218,-0.2204902023077011,-9.503190994262695,-0.18770676851272583,-0.3743264675140381,-8.49893569946289,0.0,0.0,0.0,0.0,0.0,0.0,0.0,0.0,0.0,0.0,0.0,0.0,-0.0910717099905014,0.03348078578710556,0.08481177687644958,-0.037850480526685715,0.29017484188079834,0.24952155351638794,0.2907390892505646,0.2693153917789459,-0.028596527874469757,1.4800832271575928,-0.2741505205631256,0.0,0.0,0.0,0.0,0.0,0.0,0.0
21938778004,0,0.004093349911272526,0.025144243612885475,-0.6740670204162598,6.569455581484362e-05,-0.04113857448101044,-0.8442511558532715,0.06901504844427109,0.03450033441185951,-0.046456120908260345,-0.008055350743234158,-0.13256630301475525,-0.17018413543701172,0.019659245386719704,-0.026870736852288246,0.04434394836425781,0.0,0.0,-0.0047828578390181065,0.0033237014431506395,0.08237019181251526,0.02937062457203865,-0.1591310352087021,0.20802462100982666,-0.0601993054151535,-1.029070496559143,-2.071408748626709,-46.95037841796875,-0.16167667508125305,0.11851602792739868,-0.021641001105308533,-0.042600132524967194,0.15288782119750977,-0.15506568551063538,0.05498722195625305,12.270639419555664,10.754006385803223,12.363811492919922,11.65888786315918,-0.08125976473093033,0.039863280951976776,0.08585937321186066,-0.04752929508686066,0.0,-0.09324262291193008,0.029967062175273895,0.08501797169446945,-0.03558780997991562,0.0,-0.3032706081867218,-0.2204902023077011,-9.503190994262695,-0.18727996945381165,-0.3786274194717407,-8.562342643737793,0.0,0.0,0.0,0.0,0.0,0.0,0.0,0.0,0.0,0.0,0.0,0.0,-0.09129954129457474,0.0320105105638504,0.0844479501247406,-0.036812178790569305,0.28595587611198425,0.25619858503341675,0.28776901960372925,0.2740088701248169,-0.028596527874469757,1.4800832271575928,-0.2741505205631256,0.0,0.0,0.0,0.0,0.0,0.0,0.0
21946573793,0,0.004550260491669178,0.02518247812986374,-0.6743826270103455,6.569455581484362e-05,-0.04113857448101044,-0.8442511558532715,0.0701308473944664,0.0366116538643837,-0.04621478170156479,-0.008969176560640335,-0.13264277577400208,-0.16986852884292603,0.019775070250034332,-0.02591678313910961,0.04481428861618042,0.0,0.0,-0.0047828578390181065,0.0030157058499753475,0.09444542974233627,0.026558075100183487,-0.1591310352087021,0.20802462100982666,-0.0601993054151535,-1.0300397872924805,-2.0824508666992188,-47.0928840637207,-0.16165855526924133,0.09913816303014755,-0.01908896118402481,-0.042958684265613556,0.15317624807357788,-0.15487708151340485,0.055267058312892914,12.216300010681152,10.88480281829834,12.368180274963379,11.731046676635742,-0.08125976473093033,0.038330078125,0.08585937321186066,-0.04599609225988388,0.0,-0.09403980523347855,0.02989836595952511,0.08530084043741226,-0.03570583090186119,0.0,-0.3032706081867218,-0.2204902023077011,-9.503190994262695,-0.19152869284152985,-0.38291311264038086,-8.561315536499023,0.0,0.0,0.0,0.0,0.0,0.0,0.0,0.0,0.0,0.0,0.0,0.0,-0.09171665459871292,0.03093070536851883,0.08433021605014801,-0.036089278757572174,0.2848977744579315,0.2587834596633911,0.2878541052341461,0.27542194724082947,-0.048818495124578476,1.4441028833389282,-0.3020389676094055,0.0,0.0,0.0,0.0,0.0,0.0,0.0
21957769162,0,0.004550260491669178,0.02518247812986374,-0.6743826270103455,6.569455581484362e-05,-0.04113857448101044,-0.8442511558532715,0.0701308473944664,0.0366116538643837,-0.04621478170156479,-0.010578707791864872,-0.13300558924674988,-0.1692182421684265,0.019775070250034332,-0.02591678313910961,0.04481428861618042,0.0,0.0,-0.0047828578390181065,0.0030157058499753475,0.09444542974233627,0.026558075100183487,-0.16347631812095642,0.18295918405056,-0.06084297597408295,-1.0300397872924805,-2.0824508666992188,-47.0928840637207,-0.16165855526924133,0.09913816303014755,-0.01908896118402481,-0.042958684265613556,0.15317624807357788,-0.15487708151340485,0.055267058312892914,12.216300010681152,10.88480281829834,12.368180274963379,11.731046676635742,-0.08125976473093033,0.036796875298023224,0.08585937321186066,-0.04599609225988388,0.0,-0.09403980523347855,0.02989836595952511,0.08530084043741226,-0.03570583090186119,0.0,-0.3032706081867218,-0.2204902023077011,-9.503190994262695,-0.192727193236351,-0.39334964752197266,-8.50825023651123,0.0,0.0,0.0,0.0,0.0,0.0,0.0,0.0,0.0,0.0,0.0,0.0,-0.09231369942426682,0.030212320387363434,0.08443836867809296,-0.035657547414302826,0.2848977744579315,0.2587834596633911,0.2878541052341461,0.27542194724082947,-0.048818495124578476,1.4441028833389282,-0.3020389676094055,0.0,0.0,0.0,0.0,0.0,0.0,0.0
21966376360,0,0.005355021916329861,0.02536388486623764,-0.675032913684845,6.569455581484362e-05,-0.04113857448101044,-0.8442511558532715,0.06914692372083664,0.041496701538562775,-0.052650272846221924,-0.010578707791864872,-0.13300558924674988,-0.1692182421684265,0.02033304050564766,-0.02322039008140564,0.04569045081734657,0.0,0.0,-0.0047828578390181065,0.011368096806108952,0.1306852549314499,0.026348086073994637,-0.16347631812095642,0.18295918405056,-0.06084297597408295,-1.0599995851516724,-2.1634230613708496,-46.79537582397461,-0.17394500970840454,0.028104880824685097,-0.020329535007476807,-0.043731652200222015,0.153911292552948,-0.15369869768619537,0.05582336708903313,12.045018196105957,10.869792938232422,12.453641891479492,11.534151077270508,-0.08125976473093033,0.03526367247104645,0.08585937321186066,-0.04599609225988388,0.0,-0.09872274100780487,0.031522344797849655,0.08780741691589355,-0.03795327618718147,0.0,-0.3032706081867218,-0.2204902023077011,-9.503190994262695,-0.192727193236351,-0.39334964752197266,-8.50825023651123,0.0,0.0,0.0,0.0,0.0,0.0,0.0,0.0,0.0,0.0,0.0,0.0,-0.09314186871051788,0.029875991865992546,0.08476634323596954,-0.03555780649185181,0.28155848383903503,0.25848689675331116,0.28951528668403625,0.27156370878219604,0.2442048192024231,1.7744591236114502,-0.12357816845178604,0.0,0.0,0.0,0.0,0.0,0.0,0.0
21976596487,0,0.00574371125549078,0.02549504116177559,-0.675360381603241,6.569455581484362e-05,-0.04113857448101044,-0.8442511558532715,0.06727691739797592,0.043108098208904266,-0.05577520653605461,-0.011356090195477009,-0.13326789438724518,-0.16889077425003052,0.020389771088957787,-0.02179419994354248,0.046058520674705505,0.0,0.0,-0.0047828578390181065,0.013739589601755142,0.1405143141746521,0.028942594304680824,-0.1638282686471939,0.17160552740097046,-0.0612684041261673,-1.0474495887756348,-2.1843953132629395,-46.66991424560547,-0.17722147703170776,0.015303346328437328,-0.023704975843429565,-0.044205889105796814,0.15446537733078003,-0.15245568752288818,0.05619116872549057,12.07673168182373,10.767496109008789,12.531183242797852,11.405477523803711,-0.08125976473093033,0.032197266817092896,0.08432617038488388,-0.04599609225988388,0.0,-0.09875327348709106,0.032875318080186844,0.08745995163917542,-0.039466798305511475,0.0,-0.250861793756485,-0.38935238122940063,-9.520105361938477,-0.19044537842273712,-0.3971627950668335,-8.48543930053711,0.0,0.0,0.0,0.0,0.0,0.0,0.0,0.0,0.0,0.0,0.0,0.0,-0.09436436742544174,0.030001875013113022,0.08535713702440262,-0.035916924476623535,0.2821771502494812,0.2564651668071747,0.2910214364528656,0.2690381407737732,0.1610308140516281,1.2350720167160034,0.029093341901898384,0.0,0.0,0.0,0.0,0.0,0.0,0.0
21986659302,0,0.00574371125549078,0.02549504116177559,-0.675360381603241,6.569455581484362e-05,-0.04113857448101044,-0.8442511558532715,0.06727691739797592,0.043108098208904266,-0.05577520653605461,-0.011356090195477009,-0.13326789438724518,-0.16889077425003052,0.020389771088957787,-0.02179419994354248,0.046058520674705505,0.0,0.0,-0.0047828578390181065,0.011853305622935295,0.13611482083797455,0.029183898121118546,-0.1628410965204239,0.16277660429477692,-0.06150878220796585,-0.9871626496315002,-2.1691646575927734,-46.65135192871094,-0.17126120626926422,0.025013307109475136,-0.022525906562805176,-0.04498019069433212,0.15446537733078003,-0.15245568752288818,0.05619116872549057,12.066926956176758,10.783768653869629,12.47128963470459,11.435612678527832,-0.08125976473093033,0.03066406212747097,0.08432617038488388,-0.044462889432907104,0.0,-0.0966806560754776,0.034225642681121826,0.08566434681415558,-0.04083051532506943,0.0,-0.012700858525931835,-0.30076178908348083,-9.564313888549805,-0.19044537842273712,-0.3971627950668335,-8.48543930053711,0.0,0.0,0.0,0.0,0.0,0.0,0.0,0.0,0.0,0.0,0.0,0.0,-0.09567846357822418,0.030593890696763992,0.08596891164779663,-0.036741677671670914,0.2821771502494812,0.2564651668071747,0.2910214364528656,0.2690381407737732,-0.07172548025846481,0.5187481045722961,-0.00553177623078227,0.0,0.0,0.0,0.0,0.0,0.0,0.0
21996520317,0,0.006476833485066891,0.025734497234225273,-0.6760109066963196,6.569455581484362e-05,-0.04113857448101044,-0.8442511558532715,0.06053852289915085,0.04094060882925987,-0.05693782866001129,-0.012822342105209827,-0.13374681770801544,-0.1682402491569519,0.020042942836880684,-0.019614210352301598,0.04643479734659195,0.0,0.0,-0.0047828578390181065,0.011853305622935295,0.13611482083797455,0.029183898121118546,-0.1628410965204239,0.16277660429477692,-0.06150878220796585,-0.9871626496315002,-2.1691646575927734,-46.65135192871094,-0.17126120626926422,0.025013307109475136,-0.022525906562805176,-0.04498019069433212,0.15535223484039307,-0.1503099799156189,0.056841764599084854,12.066926956176758,10.783768653869629,12.47128963470459,11.435612678527832,-0.08125976473093033,0.029130859300494194,0.08432617038488388,-0.044462889432907104,0.0,-0.0966806560754776,0.034225642681121826,0.08566434681415558,-0.04083051532506943,0.0,-0.012700858525931835,-0.30076178908348083,-9.564313888549805,-0.17948411405086517,-0.39439356327056885,-8.482064247131348,0.0,0.0,0.0,0.0,0.0,0.0,0.0,0.0,0.0,0.0,0.0,0.0,-0.09660530090332031,0.03149291127920151,0.08629641681909561,-0.0378388874232769,0.281985878944397,0.2567870318889618,0.28985828161239624,0.26962971687316895,-0.07172548025846481,0.5187481045722961,-0.00553177623078227,0.0,0.0,0.0,0.0,0.0,0.0,0.0
22006303869,0,0.007514109835028648,0.02626839093863964,-0.677034318447113,6.569455581484362e-05,-0.04113857448101044,-0.8442511558532715,0.05806080251932144,0.03507746383547783,-0.05182010680437088,-0.014896905049681664,-0.13481460511684418,-0.16721683740615845,0.020482854917645454,-0.01627388782799244,0.04752139747142792,0.0,0.0,-0.0047828578390181065,0.006509601138532162,0.1302599161863327,0.03142281621694565,-0.16156373918056488,0.13692961633205414,-0.0623457208275795,-0.966683030128479,-2.134046792984009,-46.78002166748047,-0.1682782620191574,-0.004092480521649122,-0.025646880269050598,-0.04575859010219574,0.15535223484039307,-0.1503099799156189,0.056841764599084854,12.13804817199707,10.784096717834473,12.619220733642578,11.34121036529541,-0.08125976473093033,0.029130859300494194,0.08432617038488388,-0.044462889432907104,0.0,-0.09455562382936478,0.03366590663790703,0.08302725851535797,-0.04078854247927666,0.0,-0.3933855891227722,-0.3690308630466461,-9.820799827575684,-0.1782170683145523,-0.3854091167449951,-8.524203300476074,0.0,0.0,0.0,0.0,0.0,0.0,0.0,0.0,0.0,0.0,0.0,0.0,-0.09697699546813965,0.03241350129246712,0.08621919900178909,-0.03892860561609268,0.281985878944397,0.2567870318889618,0.28985828161239624,0.26962971687316895,-0.2399992197751999,0.14997230470180511,0.061942022293806076,0.0,0.0,0.0,0.0,0.0,0.0,0.0
22016189959,0,0.007514109835028648,0.02626839093863964,-0.677034318447113,6.569455581484362e-05,-0.04113857448101044,-0.8442511558532715,0.05806080251932144,0.03507746383547783,-0.05182010680437088,-0.014896905049681664,-0.13481460511684418,-0.16721683740615845,0.020482854917645454,-0.01627388782799244,0.04752139747142792,0.0,0.0,-0.0047828578390181065,0.0028331088833510876,0.12885130941867828,0.03815722092986107,-0.1627989113330841,0.12066536396741867,-0.06328999996185303,-0.9801938533782959,-2.1197500228881836,-46.88311767578125,-0.16525450348854065,-0.008852663449943066,-0.03337516635656357,-0.04618127644062042,0.156121626496315,-0.14808300137519836,0.05748790502548218,12.356672286987305,10.626142501831055,12.839756965637207,11.162471771240234,-0.08125976473093033,0.027597656473517418,0.08432617038488388,-0.044462889432907104,0.0,-0.09289254248142242,0.03319753706455231,0.08154035359621048,-0.04060172662138939,0.0,-0.1956651359796524,-0.3534969091415405,-9.601573944091797,-0.1782170683145523,-0.3854091167449951,-8.524203300476074,0.0,0.0,0.0,0.0,0.0,0.0,0.0,0.0,0.0,0.0,0.0,0.0,-0.09673429280519485,0.03310157731175423,0.08564528822898865,-0.03980106860399246,0.2833727300167084,0.2567934989929199,0.2927301824092865,0.2677752375602722,-0.3622785806655884,-0.008456883952021599,0.3211284875869751,0.0,0.0,0.0,0.0,0.0,0.0,0.0
22027040253,0,0.007804230321198702,0.026496874168515205,-0.6773703098297119,6.569455581484362e-05,-0.04113857448101044,-0.8442511558532715,0.05950651690363884,0.03708445280790329,-0.05056566745042801,-0.015477148815989494,-0.1352715641260147,-0.16688084602355957,0.02072705700993538,-0.015303527005016804,0.04809418320655823,0.0,0.0,-0.0047828578390181065,0.0028331088833510876,0.12885130941867828,0.03815722092986107,-0.1627989113330841,0.12066536396741867,-0.06328999996185303,-0.9801938533782959,-2.1197500228881836,-46.88311767578125,-0.16525450348854065,-0.008852663449943066,-0.03337516635656357,-0.04618127644062042,0.15649420022964478,-0.14670708775520325,0.05793724209070206,12.356672286987305,10.626142501831055,12.839756965637207,11.162471771240234,-0.0827929675579071,0.027597656473517418,0.08585937321186066,-0.044462889432907104,0.0,-0.09289254248142242,0.03319753706455231,0.08154035359621048,-0.04060172662138939,0.0,-0.1956651359796524,-0.3534969091415405,-9.601573944091797,-0.18257418274879456,-0.39029043912887573,-8.532114028930664,0.0,0.0,0.0,0.0,0.0,0.0,0.0,0.0,0.0,0.0,0.0,0.0,-0.09598273783922195,0.033479299396276474,0.0846741572022438,-0.04038652032613754,0.287630170583725,0.25366833806037903,0.2970038056373596,0.2642589211463928,-0.3622785806655884,-0.008456883952021599,0.3211284875869751,0.0,0.0,0.0,0.0,0.0,0.0,0.0
22037136745,0,0.008311993442475796,0.0269332118332386,-0.6780186891555786,6.569455581484362e-05,-0.04113857448101044,-0.8442511558532715,0.059119295328855515,0.04160822182893753,-0.04687899723649025,-0.016492679715156555,-0.1361442506313324,-0.16623246669769287,0.020555011928081512,-0.013461798429489136,0.04904826730489731,0.0,0.0,-0.0047828578390181065,0.0028331088833510876,0.12885130941867828,0.03815722092986107,-0.1611270159482956,0.1134275421500206,-0.06389710307121277,-0.9801938533782959,-2.1197500228881836,-46.88311767578125,-0.16525450348854065,-0.008852663449943066,-0.03337516635656357,-0.04618127644062042,0.15649420022964478,-0.14670708775520325,0.05793724209070206,12.356672286987305,10.626142501831055,12.839756965637207,11.162471771240234,-0.08432617038488388,0.027597656473517418,0.08432617038488388,-0.044462889432907104,0.0,-0.09289254248142242,0.03319753706455231,0.08154035359621048,-0.04060172662138939,0.0,-0.34979942440986633,-0.3193979859352112,-9.876470565795898,-0.18449047207832336,-0.401253879070282,-8.557208061218262,0.0,0.0,0.0,0.0,0.0,0.0,0.0,0.0,0.0,0.0,0.0,0.0,-0.095042884349823,0.03361307457089424,0.08361827582120895,-0.040714167058467865,0.287630170583725,0.25366833806037903,0.2970038056373596,0.2642589211463928,-0.3622785806655884,-0.008456883952021599,0.3211284875869751,0.0,0.0,0.0,0.0,0.0,0.0,0.0
22046724501,0,0.008311993442475796,0.0269332118332386,-0.6780186891555786,6.569455581484362e-05,-0.04113857448101044,-0.8442511558532715,0.059119295328855515,0.04160822182893753,-0.04687899723649025,-0.016492679715156555,-0.1361442506313324,-0.16623246669769287,0.020555011928081512,-0.013461798429489136,0.04904826730489731,0.0,0.0,-0.0047828578390181065,-0.004368807654827833,0.1059664711356163,0.04892165586352348,-0.1645442247390747,0.1052563413977623,-0.06475721299648285,-0.9943575859069824,-2.166008234024048,-47.00056838989258,-0.15514332056045532,0.008047842420637608,-0.042879585176706314,-0.04698888584971428,0.15704764425754547,-0.14426282048225403,0.05907043442130089,12.667511940002441,10.40504264831543,13.064118385314941,10.965804100036621,-0.08585937321186066,0.029130859300494194,0.08432617038488388,-0.044462889432907104,0.0,-0.09236984699964523,0.034909993410110474,0.0817100927233696,-0.04244609922170639,0.0,-0.34979942440986633,-0.3193979859352112,-9.876470565795898,-0.18449047207832336,-0.401253879070282,-8.557208061218262,0.0,0.0,0.0,0.0,0.0,0.0,0.0,0.0,0.0,0.0,0.0,0.0,-0.09415973722934723,0.03368118777871132,0.08272338658571243,-0.04093964397907257,0.2936667501926422,0.2492847591638565,0.30134186148643494,0.2603822350502014,-0.5032094717025757,-0.8757972121238708,0.4609316885471344,0.0,0.0,0.0,0.0,0.0,0.0,0.0
22056707955,0,0.008311993442475796,0.0269332118332386,-0.6780186891555786,6.569455581484362e-05,-0.04113857448101044,-0.8442511558532715,0.059119295328855515,0.04160822182893753,-0.04687899723649025,-0.016492679715156555,-0.1361442506313324,-0.16623246669769287,0.020555011928081512,-0.013461798429489136,0.04904826730489731,0.0,0.0,-0.0047828578390181065,-0.008387410081923008,0.09614316374063492,0.04885698854923248,-0.1645442247390747,0.1052563413977623,-0.06475721299648285,-0.9943575859069824,-2.166008234024048,-47.00056838989258,-0.15514332056045532,0.008047842420637608,-0.042879585176706314,-0.04698888584971428,0.15704764425754547,-0.14426282048225403,0.05907043442130089,12.667511940002441,10.40504264831543,13.064118385314941,10.965804100036621,-0.08585937321186066,0.029130859300494194,0.08432617038488388,-0.044462889432907104,0.0,-0.09236984699964523,0.034909993410110474,0.0817100927233696,-0.04244609922170639,0.0,-0.24399501085281372,-0.5933984518051147,-9.723224639892578,-0.18449047207832336,-0.401253879070282,-8.557208061218262,0.0,0.0,0.0,0.0,0.0,0.0,0.0,0.0,0.0,0.0,0.0,0.0,-0.09341922402381897,0.033862438052892685,0.08208846300840378,-0.04124343395233154,0.2936667501926422,0.2492847591638565,0.30134186148643494,0.2603822350502014,-0.49291715025901794,-1.063841700553894,0.27582353353500366,0.0,0.0,0.0,0.0,0.0,0.0,0.0
22067696598,0,0.008541093207895756,0.0271250419318676,-0.6783300042152405,6.569455581484362e-05,-0.04113857448101044,-0.8442511558532715,0.058170247822999954,0.04314546287059784,-0.045749347656965256,-0.016950882971286774,-0.1365279257297516,-0.165921151638031,0.02003839984536171,-0.0126443887129426,0.04951801151037216,0.0,0.0,-0.0047828578390181065,-0.012692096643149853,0.07343308627605438,0.046867117285728455,-0.155939981341362,0.09249664843082428,-0.0658349022269249,-1.0126144886016846,-2.2657227516174316,-47.13986587524414,-0.14732231199741364,0.017378108575940132,-0.040911197662353516,-0.04731029272079468,0.15715280175209045,-0.14341092109680176,0.05957048013806343,12.562783241271973,10.671854019165039,12.763585090637207,11.247655868530273,-0.08585937321186066,0.027597656473517418,0.0827929675579071,-0.04292968660593033,0.0,-0.0965050682425499,0.03670443221926689,0.086890809237957,-0.04397575557231903,0.0,-0.29788264632225037,-0.31333214044570923,-9.741436958312988,-0.1837681084871292,-0.4051380753517151,-8.56445026397705,0.0,0.0,0.0,0.0,0.0,0.0,0.0,0.0,0.0,0.0,0.0,0.0,-0.09305214881896973,0.03422766178846359,0.08194537460803986,-0.041685331612825394,0.2935376763343811,0.25052452087402344,0.30018648505210876,0.2617208957672119,-0.4840751886367798,-1.4640597105026245,0.0687670111656189,0.0,0.0,0.0,0.0,0.0,0.0,0.0
22076345350,0,0.009009984321892262,0.02748349867761135,-0.6789336800575256,6.569455581484362e-05,-0.04113857448101044,-0.8442511558532715,0.057764243334531784,0.04296844080090523,-0.044758085161447525,-0.017888668924570084,-0.1372448354959488,-0.16531747579574585,0.018969641998410225,-0.011224870570003986,0.05045612156391144,0.0,0.0,-0.0047828578390181065,-0.012692096643149853,0.07343308627605438,0.046867117285728455,-0.155939981341362,0.09249664843082428,-0.0658349022269249,-1.0126144886016846,-2.2657227516174316,-47.13986587524414,-0.1262817084789276,0.04159288480877876,-0.033319976180791855,-0.04803359881043434,0.15730297565460205,-0.14145994186401367,0.06087951362133026,12.562783241271973,10.671854019165039,12.763585090637207,11.247655868530273,-0.08432617038488388,0.029130859300494194,0.0827929675579071,-0.04292968660593033,0.0,-0.09656794369220734,0.036630723625421524,0.08682896941900253,-0.04404572769999504,0.0,-0.29788264632225037,-0.31333214044570923,-9.741436958312988,-0.1850387006998062,-0.40609967708587646,-8.569661140441895,0.0,0.0,0.0,0.0,0.0,0.0,0.0,0.0,0.0,0.0,0.0,0.0,-0.09332090616226196,0.034778133034706116,0.08254572004079819,-0.042257972061634064,0.29163500666618347,0.25457313656806946,0.295528769493103,0.26593565940856934,-0.4840751886367798,-1.4640597105026245,0.0687670111656189,0.0,0.0,0.0,0.0,0.0,0.0,0.0
22086759810,0,0.009009984321892262,0.02748349867761135,-0.6789336800575256,6.569455581484362e-05,-0.04113857448101044,-0.8442511558532715,0.057764243334531784,0.04296844080090523,-0.044758085161447525,-0.018854448571801186,-0.13795940577983856,-0.16473382711410522,0.018969641998410225,-0.011224870570003986,0.05045612156391144,0.0,0.0,-0.0047828578390181065,-0.036045148968696594,0.026032693684101105,0.03677475452423096,-0.14969484508037567,0.08526947349309921,-0.06691749393939972,-0.9973703026771545,-2.1879866123199463,-46.94324493408203,-0.10270026326179504,0.07412130385637283,-0.027433428913354874,-0.048967454582452774,0.156825453042984,-0.1402740627527237,0.061795659363269806,12.452420234680176,10.756736755371094,12.480064392089844,11.358047485351562,-0.08432617038488388,0.029130859300494194,0.08125976473093033,-0.04292968660593033,0.0,-0.09485626220703125,0.03419182822108269,0.08608084172010422,-0.04175981134176254,0.0,-0.11495684832334518,-0.402497798204422,-9.948275566101074,-0.1813400536775589,-0.3978157341480255,-8.535135269165039,0.0,0.0,0.0,0.0,0.0,0.0,0.0,0.0,0.0,0.0,0.0,0.0,-0.09397038072347641,0.035281602293252945,0.08359969407320023,-0.04276081547141075,0.2894915044307709,0.25625255703926086,0.2900286614894867,0.26810625195503235,-0.7010431885719299,-1.598789930343628,-0.13178947567939758,0.0,0.0,0.0,0.0,0.0,0.0,0.0
22096318041,0,0.009492871351540089,0.027840783819556236,-0.6795173287391663,6.569455581484362e-05,-0.04113857448101044,-0.8442511558532715,0.05504646152257919,0.0380498468875885,-0.04913201555609703,-0.018854448571801186,-0.13795940577983856,-0.16473382711410522,0.018634812906384468,-0.010951760224997997,0.051173802465200424,0.0,0.0,-0.0047828578390181065,-0.036045148968696594,0.026032693684101105,0.03677475452423096,-0.14969484508037567,0.08526947349309921,-0.06691749393939972,-0.9973703026771545,-2.1879866123199463,-46.94324493408203,-0.10270026326179504,0.07412130385637283,-0.027433428913354874,-0.048967454582452774,0.156825453042984,-0.1402740627527237,0.061795659363269806,12.452420234680176,10.756736755371094,12.480064392089844,11.358047485351562,-0.08432617038488388,0.029130859300494194,0.08125976473093033,-0.044462889432907104,0.0,-0.09485626220703125,0.03419182822108269,0.08608084172010422,-0.04175981134176254,0.0,-0.2184808999300003,-0.29276242852211,-9.757179260253906,-0.1813400536775589,-0.3978157341480255,-8.535135269165039,0.0,0.0,0.0,0.0,0.0,0.0,0.0,0.0,0.0,0.0,0.0,0.0,-0.09453222900629044,0.03544062748551369,0.08461041003465652,-0.04292886331677437,0.2894915044307709,0.25625255703926086,0.2900286614894867,0.26810625195503235,-0.7010431885719299,-1.598789930343628,-0.13178947567939758,0.0,0.0,0.0,0.0,0.0,0.0,0.0
22106835773,0,0.009735187515616417,0.028077643364667892,-0.6798028945922852,6.569455581484362e-05,-0.04113857448101044,-0.8442511558532715,0.05373334884643555,0.03501107916235924,-0.04960840940475464,-0.01933908276259899,-0.13843314349651337,-0.16444826126098633,0.018533436581492424,-0.011008957400918007,0.05135563760995865,0.0,0.0,-0.0047828578390181065,-0.038316208869218826,0.00823985692113638,0.034058015793561935,-0.14830732345581055,0.08586191385984421,-0.06748325377702713,-0.987558901309967,-2.1606900691986084,-46.92772674560547,-0.09815303236246109,0.09407775104045868,-0.025398533791303635,-0.04936729744076729,0.1564796417951584,-0.14002224802970886,0.06210453808307648,12.435608863830566,10.779814720153809,12.386058807373047,11.428418159484863,-0.08585937321186066,0.029130859300494194,0.07972656190395355,-0.044462889432907104,0.0,-0.0939602330327034,0.03350446745753288,0.0856374204158783,-0.04099919646978378,0.0,-0.2184808999300003,-0.29276242852211,-9.757179260253906,-0.17955616116523743,-0.3928527534008026,-8.53231430053711,0.0,0.0,0.0,0.0,0.0,0.0,0.0,0.0,0.0,0.0,0.0,0.0,-0.09482701122760773,0.03525669127702713,0.08535837382078171,-0.0427606999874115,0.2894915044307709,0.25625255703926086,0.2900286614894867,0.26810625195503235,-0.500952422618866,-1.7775059938430786,-0.13637305796146393,0.0,0.0,0.0,0.0,0.0,0.0,0.0
22120071433,0,0.009735187515616417,0.028077643364667892,-0.6798028945922852,6.569455581484362e-05,-0.04113857448101044,-0.8442511558532715,0.05373334884643555,0.03501107916235924,-0.04960840940475464,-0.020322073251008987,-0.1394513100385666,-0.16387879848480225,0.018533436581492424,-0.011008957400918007,0.05135563760995865,0.0,0.0,-0.0047828578390181065,-0.041573416441679,-0.010296898894011974,0.030703086405992508,-0.13791029155254364,0.08636367321014404,-0.06805336475372314,-0.987558901309967,-2.1606900691986084,-46.92772674560547,-0.09815303236246109,0.09407775104045868,-0.025398533791303635,-0.04936729744076729,0.1564796417951584,-0.14002224802970886,0.06210453808307648,12.435608863830566,10.779814720153809,12.386058807373047,11.428418159484863,-0.08739257603883743,0.029130859300494194,0.08125976473093033,-0.044462889432907104,0.0,-0.0939602330327034,0.03350446745753288,0.0856374204158783,-0.04099919646978378,0.0,-0.1598241776227951,-0.2962137758731842,-9.649625778198242,-0.1794581413269043,-0.40088626742362976,-8.577738761901855,0.0,0.0,0.0,0.0,0.0,0.0,0.0,0.0,0.0,0.0,0.0,0.0,-0.09485338628292084,0.034874606877565384,0.08579818159341812,-0.04238804057240486,0.2891649901866913,0.2567088305950165,0.2882017493247986,0.269488662481308,-0.36859944462776184,-1.7799508571624756,-0.17072336375713348,0.0,0.0,0.0,0.0,0.0,0.0,0.0
22127209679,0,0.010467538610100746,0.028875207528471947,-0.6806468367576599,6.569455581484362e-05,-0.04113857448101044,-0.8442511558532715,0.04908349737524986,0.03847973421216011,-0.03936805948615074,-0.020803792402148247,-0.14002826809883118,-0.16360431909561157,0.017105525359511375,-0.01176094077527523,0.05145661532878876,0.0,0.0,-0.0047828578390181065,-0.041995566338300705,-0.027075381949543953,0.023597173392772675,-0.13791029155254364,0.08636367321014404,-0.06805336475372314,-0.9870197772979736,-2.2048745155334473,-47.17756271362305,-0.09262770414352417,0.13503798842430115,-0.014878172427415848,-0.05022663250565529,0.155509352684021,-0.14008578658103943,0.0625920221209526,12.300894737243652,11.052611351013184,12.112831115722656,11.805235862731934,-0.08585937321186066,0.03066406212747097,0.0827929675579071,-0.044462889432907104,0.0,-0.09632884711027145,0.034024085849523544,0.08877551555633545,-0.04110950231552124,0.0,-0.1598241776227951,-0.2962137758731842,-9.649625778198242,-0.17436480522155762,-0.40375107526779175,-8.609905242919922,0.0,0.0,0.0,0.0,0.0,0.0,0.0,0.0,0.0,0.0,0.0,0.0,-0.09481082856655121,0.03445783257484436,0.0861295834183693,-0.041953571140766144,0.2865447700023651,0.26209455728530884,0.28288114070892334,0.2768738865852356,-0.185458242893219,-1.8337047100067139,-0.38984575867652893,0.0,0.0,0.0,0.0,0.0,0.0,0.0
22136491567,0,0.010467538610100746,0.028875207528471947,-0.6806468367576599,6.569455581484362e-05,-0.04113857448101044,-0.8442511558532715,0.04908349737524986,0.03847973421216011,-0.03936805948615074,-0.020803792402148247,-0.14002826809883118,-0.16360431909561157,0.017105525359511375,-0.01176094077527523,0.05145661532878876,0.0,0.0,-0.0047828578390181065,-0.041435666382312775,-0.11091815680265427,0.02069789357483387,-0.13386736810207367,0.09949919581413269,-0.06776657700538635,-0.9870197772979736,-2.2048745155334473,-47.17756271362305,-0.09262770414352417,0.13503798842430115,-0.014878172427415848,-0.05022663250565529,0.155509352684021,-0.14008578658103943,0.0625920221209526,12.300894737243652,11.052611351013184,12.112831115722656,11.805235862731934,-0.08585937321186066,0.032197266817092896,0.08432617038488388,-0.044462889432907104,0.0,-0.09632884711027145,0.034024085849523544,0.08877551555633545,-0.04110950231552124,0.0,-0.06733722239732742,-0.4557253420352936,-9.888062477111816,-0.17436480522155762,-0.40375107526779175,-8.609905242919922,0.0,0.0,0.0,0.0,0.0,0.0,0.0,0.0,0.0,0.0,0.0,0.0,-0.09496073424816132,0.03414884954690933,0.08663605153560638,-0.041579052805900574,0.2865447700023651,0.26209455728530884,0.28288114070892334,0.2768738865852356,0.08347025513648987,-2.9074106216430664,0.007214580662548542,0.0,0.0,0.0,0.0,0.0,0.0,0.0
22147440840,0,0.011098765768110752,0.029860474169254303,-0.6813089847564697,6.569455581484362e-05,-0.04113857448101044,-0.8442511558532715,0.046851370483636856,0.042278241366147995,-0.04324512183666229,-0.022066252306103706,-0.14199881255626678,-0.16294217109680176,0.01586703583598137,-0.01530269905924797,0.052424438297748566,0.0,0.0,-0.0047828578390181065,-0.041435666382312775,-0.11091815680265427,0.02069789357483387,-0.12685011327266693,0.12607939541339874,-0.06903234124183655,-0.9588149785995483,-2.28408145904541,-47.15178680419922,-0.08712129294872284,0.27010777592658997,-0.01899654045701027,-0.05149388685822487,0.1537053883075714,-0.14258015155792236,0.06281746923923492,12.620672225952148,10.74482536315918,11.993701934814453,11.89848518371582,-0.08585937321186066,0.03373046964406967,0.08585937321186066,-0.044462889432907104,0.0,-0.09542564302682877,0.03840753063559532,0.09105394780635834,-0.04409753903746605,0.0,-0.050888821482658386,-0.2101529985666275,-9.2313814163208,-0.1743299961090088,-0.4152875542640686,-8.573052406311035,0.0,0.0,0.0,0.0,0.0,0.0,0.0,0.0,0.0,0.0,0.0,0.0,-0.09524525701999664,0.03417607769370079,0.08738503605127335,-0.04144605994224548,0.29275840520858765,0.2560168504714966,0.2805568277835846,0.27869701385498047,0.08347025513648987,-2.9074106216430664,0.007214580662548542,0.0,0.0,0.0,0.0,0.0,0.0,0.0
22157643579,0,0.011400477029383183,0.03020484745502472,-0.68152916431427,6.569455581484362e-05,-0.04113857448101044,-0.8442511558532715,0.045380834490060806,0.03998706489801407,-0.043550606817007065,-0.022669678553938866,-0.14268755912780762,-0.16272199153900146,0.01556666661053896,-0.016742143779993057,0.05304083600640297,0.0,0.0,-0.0047828578390181065,-0.04018811881542206,-0.131208598613739,0.02853056974709034,-0.12685011327266693,0.12607939541339874,-0.06903234124183655,-0.9588149785995483,-2.28408145904541,-47.15178680419922,-0.08712129294872284,0.27010777592658997,-0.01899654045701027,-0.05149388685822487,0.1537053883075714,-0.14258015155792236,0.06281746923923492,12.814738273620605,10.553302764892578,12.122352600097656,11.768937110900879,-0.08585937321186066,0.03373046964406967,0.08585937321186066,-0.044462889432907104,0.0,-0.0939762145280838,0.03910490497946739,0.0900849923491478,-0.0445832684636116,0.0,-0.050888821482658386,-0.2101529985666275,-9.2313814163208,-0.17304588854312897,-0.41215622425079346,-8.571036338806152,0.0,0.0,0.0,0.0,0.0,0.0,0.0,0.0,0.0,0.0,0.0,0.0,-0.09539327770471573,0.03480024263262749,0.08828060328960419,-0.04175448790192604,0.29275840520858765,0.2560168504714966,0.2805568277835846,0.27869701385498047,0.11012423783540726,-2.8221428394317627,0.3616206645965576,0.0,0.0,0.0,0.0,0.0,0.0,0.0
22166369727,0,0.011400477029383183,0.03020484745502472,-0.68152916431427,6.569455581484362e-05,-0.04113857448101044,-0.8442511558532715,0.045380834490060806,0.03998706489801407,-0.043550606817007065,-0.022669678553938866,-0.14268755912780762,-0.16272199153900146,0.01556666661053896,-0.016742143779993057,0.05304083600640297,0.0,0.0,-0.0047828578390181065,-0.03988726809620857,-0.13978832960128784,0.03196428716182709,-0.12527531385421753,0.13165950775146484,-0.06953871250152588,-0.9517523646354675,-2.266859292984009,-47.14070129394531,-0.0861884355545044,0.2910895347595215,-0.02542760595679283,-0.05174056068062782,0.15333084762096405,-0.14357158541679382,0.06295691430568695,12.916900634765625,10.451455116271973,12.182430267333984,11.697921752929688,-0.08432617038488388,0.03526367247104645,0.08739257603883743,-0.044462889432907104,0.0,-0.09258401393890381,0.039116568863391876,0.08890984207391739,-0.0445697046816349,0.0,-0.2334086298942566,-0.22363628447055817,-9.970296859741211,-0.17304588854312897,-0.41215622425079346,-8.571036338806152,0.0,0.0,0.0,0.0,0.0,0.0,0.0,0.0,0.0,0.0,0.0,0.0,-0.09520722180604935,0.03586990758776665,0.08904450386762619,-0.042405132204294205,0.29651954770088196,0.25222527980804443,0.28306686878204346,0.2761636972427368,0.10486595332622528,-2.593008041381836,0.4717235565185547,0.0,0.0,0.0,0.0,0.0,0.0,0.0
22176910837,0,0.012005418539047241,0.030897613614797592,-0.6819583177566528,6.569455581484362e-05,-0.04113857448101044,-0.8442511558532715,0.04475138708949089,0.03723004832863808,-0.03644895553588867,-0.02387956716120243,-0.14407309889793396,-0.16229283809661865,0.015033397823572159,-0.019284415990114212,0.05386991798877716,0.0,0.0,-0.0047828578390181065,-0.037776798009872437,-0.14979113638401031,0.03910573571920395,-0.12053845822811127,0.1474168449640274,-0.06986384093761444,-0.9611982703208923,-2.2778480052948,-47.237430572509766,-0.08429838716983795,0.3148907423019409,-0.03500306233763695,-0.05236148461699486,0.1523737758398056,-0.14649787545204163,0.06349314004182816,13.11815357208252,10.301490783691406,12.345257759094238,11.586517333984375,-0.08432617038488388,0.03373046964406967,0.08739257603883743,-0.044462889432907104,0.0,-0.09176436811685562,0.039673734456300735,0.08826672285795212,-0.04510395601391792,0.0,-0.2334086298942566,-0.22363628447055817,-9.970296859741211,-0.1753549873828888,-0.4096228778362274,-8.625450134277344,0.0,0.0,0.0,0.0,0.0,0.0,0.0,0.0,0.0,0.0,0.0,0.0,-0.09465806931257248,0.037020243704319,0.0894198939204216,-0.04314982146024704,0.3023850619792938,0.24722835421562195,0.2874080240726471,0.272590696811676,0.15367276966571808,-1.768275499343872,0.563736617565155,0.0,0.0,0.0,0.0,0.0,0.0,0.0
22186412769,0,0.012621422298252583,0.03155834972858429,-0.6823731064796448,6.569455581484362e-05,-0.04113857448101044,-0.8442511558532715,0.044425878673791885,0.03880000486969948,-0.0285161305218935,-0.02511158026754856,-0.14539457857608795,-0.1618780493736267,0.01446863729506731,-0.022139476612210274,0.05438843369483948,0.0,0.0,-0.0047828578390181065,-0.028247671201825142,-0.15741419792175293,0.046819306910037994,-0.12053845822811127,0.1474168449640274,-0.06986384093761444,-0.9611982703208923,-2.2778480052948,-47.237430572509766,-0.08429838716983795,0.3148907423019409,-0.03500306233763695,-0.05236148461699486,0.1523737758398056,-0.14649787545204163,0.06349314004182816,13.34976577758789,10.25076961517334,12.525429725646973,11.639392852783203,-0.08432617038488388,0.03066406212747097,0.08585937321186066,-0.044462889432907104,0.0,-0.09016794711351395,0.03987014293670654,0.08699383586645126,-0.044898923486471176,0.0,-0.2334086298942566,-0.22363628447055817,-9.970296859741211,-0.1788521111011505,-0.4156142473220825,-8.680176734924316,0.0,0.0,0.0,0.0,0.0,0.0,0.0,0.0,0.0,0.0,0.0,0.0,-0.09381818026304245,0.038058988749980927,0.08936268091201782,-0.043842557817697525,0.3023850619792938,0.24722835421562195,0.2874080240726471,0.272590696811676,0.3814937472343445,-0.7843331098556519,0.37583330273628235,0.0,0.0,0.0,0.0,0.0,0.0,0.0
22196777202,0,0.012621422298252583,0.03155834972858429,-0.6823731064796448,6.569455581484362e-05,-0.04113857448101044,-0.8442511558532715,0.044425878673791885,0.03880000486969948,-0.0285161305218935,-0.02511158026754856,-0.14539457857608795,-0.1618780493736267,0.01446863729506731,-0.022139476612210274,0.05438843369483948,0.0,0.0,-0.0047828578390181065,-0.028247671201825142,-0.15741419792175293,0.046819306910037994,-0.12053845822811127,0.1474168449640274,-0.06986384093761444,-0.9735063910484314,-2.2611632347106934,-47.64613342285156,-0.0926513746380806,0.33989056944847107,-0.039071667939424515,-0.05319354310631752,0.1512010246515274,-0.15078599750995636,0.06455693393945694,13.34976577758789,10.25076961517334,12.525429725646973,11.639392852783203,-0.08585937321186066,0.032197266817092896,0.08739257603883743,-0.044462889432907104,0.0,-0.09011957049369812,0.03878109157085419,0.08679734915494919,-0.044095154851675034,0.0,-0.3013803958892822,-0.18723194301128387,-9.447365760803223,-0.1788521111011505,-0.4156142473220825,-8.680176734924316,0.0,0.0,0.0,0.0,0.0,0.0,0.0,0.0,0.0,0.0,0.0,0.0,-0.09280294924974442,0.0388447605073452,0.08894708007574081,-0.04435056075453758,0.3068506419658661,0.24622026085853577,0.29090991616249084,0.27362701296806335,0.3814937472343445,-0.7843331098556519,0.37583330273628235,0.0,0.0,0.0,0.0,0.0,0.0,0.0
22206385494,0,0.012994937598705292,0.031861066818237305,-0.6825705766677856,6.569455581484362e-05,-0.04113857448101044,-0.8442511558532715,0.04573061689734459,0.03918219357728958,-0.02801923267543316,-0.025858616456389427,-0.14600001275539398,-0.16168057918548584,0.014268143102526665,-0.02377913147211075,0.054676737636327744,0.0,0.0,-0.0047828578390181065,-0.02176646515727043,-0.16403594613075256,0.04684427008032799,-0.11565327644348145,0.18767881393432617,-0.0715465173125267,-0.983686625957489,-2.2858784198760986,-47.740970611572266,-0.09845852851867676,0.35869863629341125,-0.03668605536222458,-0.05365680158138275,0.15065348148345947,-0.1533273607492447,0.06520190834999084,13.330611228942871,10.296711921691895,12.470818519592285,11.75926685333252,-0.08432617038488388,0.03373046964406967,0.08892577886581421,-0.044462889432907104,0.0,-0.09121665358543396,0.039058487862348557,0.08813100308179855,-0.044125642627477646,0.0,-0.3013803958892822,-0.18723194301128387,-9.447365760803223,-0.1836819052696228,-0.4174323081970215,-8.679512977600098,0.0,0.0,0.0,0.0,0.0,0.0,0.0,0.0,0.0,0.0,0.0,0.0,-0.09186132997274399,0.03928249701857567,0.08841658383607864,-0.0445917584002018,0.30648165941238403,0.247133269906044,0.289849191904068,0.27597442269325256,0.45717179775238037,-0.6983866691589355,0.15497729182243347,0.0,0.0,0.0,0.0,0.0,0.0,0.0
22217286712,0,0.01379243191331625,0.032389018684625626,-0.6829599142074585,6.569455581484362e-05,-0.04113857448101044,-0.8442511558532715,0.049156755208969116,0.03978388383984566,-0.03468594327569008,-0.02745361253619194,-0.14705590903759003,-0.161291241645813,0.013740058988332748,-0.026987547054886818,0.055595140904188156,0.0,0.0,-0.0047828578390181065,-0.03079245798289776,-0.16912078857421875,0.04168097302317619,-0.11179360002279282,0.213211327791214,-0.0726659893989563,-1.051432728767395,-2.3011271953582764,-47.60377502441406,-0.07740627229213715,0.3850502371788025,-0.029283449053764343,-0.05453774333000183,0.15065348148345947,-0.1533273607492447,0.06520190834999084,13.18239974975586,10.437551498413086,12.175651550292969,11.9172945022583,-0.08432617038488388,0.03526367247104645,0.08892577886581421,-0.044462889432907104,0.0,-0.09455374628305435,0.03665987029671669,0.09261436760425568,-0.042061712592840195,0.0,-0.4757554233074188,-0.23960450291633606,-9.942689895629883,-0.19484597444534302,-0.42002367973327637,-8.622065544128418,0.0,0.0,0.0,0.0,0.0,0.0,0.0,0.0,0.0,0.0,0.0,0.0,-0.09138261526823044,0.03933299332857132,0.08824827522039413,-0.044527750462293625,0.30648165941238403,0.247133269906044,0.289849191904068,0.27597442269325256,-0.35948672890663147,-0.2718132436275482,-0.1939028799533844,0.0,0.0,0.0,0.0,0.0,0.0,0.0
22226703220,0,0.01379243191331625,0.032389018684625626,-0.6829599142074585,6.569455581484362e-05,-0.04113857448101044,-0.8442511558532715,0.049156755208969116,0.03978388383984566,-0.03468594327569008,-0.02745361253619194,-0.14705590903759003,-0.161291241645813,0.013740058988332748,-0.026987547054886818,0.055595140904188156,0.0,0.0,-0.0047828578390181065,-0.03079245798289776,-0.16912078857421875,0.04168097302317619,-0.1099608838558197,0.224013552069664,-0.07319965958595276,-1.051432728767395,-2.3011271953582764,-47.60377502441406,-0.07740627229213715,0.3850502371788025,-0.029283449053764343,-0.05453774333000183,0.1495828479528427,-0.15846338868141174,0.06628136336803436,13.18239974975586,10.437551498413086,12.175651550292969,11.9172945022583,-0.08432617038488388,0.036796875298023224,0.08892577886581421,-0.04599609225988388,0.0,-0.09455374628305435,0.03665987029671669,0.09261436760425568,-0.042061712592840195,0.0,-0.524996280670166,-0.4618779718875885,-9.862959861755371,-0.19484597444534302,-0.42002367973327637,-8.622065544128418,0.0,0.0,0.0,0.0,0.0,0.0,0.0,0.0,0.0,0.0,0.0,0.0,-0.09157838672399521,0.03897521272301674,0.08876433223485947,-0.04413643106818199,0.30362483859062195,0.24993008375167847,0.2841058373451233,0.27906444668769836,-0.35948672890663147,-0.2718132436275482,-0.1939028799533844,0.0,0.0,0.0,0.0,0.0,0.0,0.0
22236383388,0,0.01379243191331625,0.032389018684625626,-0.6829599142074585,6.569455581484362e-05,-0.04113857448101044,-0.8442511558532715,0.049156755208969116,0.03978388383984566,-0.03468594327569008,-0.02745361253619194,-0.14705590903759003,-0.161291241645813,0.013740058988332748,-0.026987547054886818,0.055595140904188156,0.0,0.0,-0.0047828578390181065,-0.03079245798289776,-0.16912078857421875,0.04168097302317619,-0.0995539203286171,0.23627811670303345,-0.07333118468523026,-1.0915114879608154,-2.351996898651123,-47.2447509765625,-0.05666489526629448,0.3879932463169098,-0.02726263552904129,-0.054949305951595306,0.148915097117424,-0.16092179715633392,0.06671878695487976,13.080242156982422,10.426339149475098,12.000167846679688,11.850846290588379,-0.0827929675579071,0.03526367247104645,0.08892577886581421,-0.04752929508686066,0.0,-0.09779861569404602,0.03702254965901375,0.09662701189517975,-0.04265768080949783,0.0,-0.33529579639434814,-0.5069063305854797,-9.839031219482422,-0.19484597444534302,-0.42002367973327637,-8.622065544128418,0.0,0.0,0.0,0.0,0.0,0.0,0.0,0.0,0.0,0.0,0.0,0.0,-0.09237338602542877,0.03838873654603958,0.08991368114948273,-0.04358862340450287,0.30165308713912964,0.24970749020576477,0.2806832194328308,0.27776581048965454,-0.35948672890663147,-0.2718132436275482,-0.1939028799533844,0.0,0.0,0.0,0.0,0.0,0.0,0.0
22246881367,0,0.01379243191331625,0.032389018684625626,-0.6829599142074585,6.569455581484362e-05,-0.04113857448101044,-0.8442511558532715,0.049156755208969116,0.03978388383984566,-0.03468594327569008,-0.029233373701572418,-0.14824682474136353,-0.1608538031578064,0.013740058988332748,-0.026987547054886818,0.055595140904188156,0.0,0.0,-0.0047828578390181065,-0.049364931881427765,-0.14851735532283783,0.03431900218129158,-0.0995539203286171,0.23627811670303345,-0.07333118468523026,-1.076939582824707,-2.349088430404663,-47.18367385864258,-0.042096156626939774,0.37726956605911255,-0.021426238119602203,-0.05549938976764679,0.14780902862548828,-0.16413311660289764,0.06720655411481857,12.92104434967041,10.597210884094238,11.83472728729248,11.94109058380127,-0.0827929675579071,0.03373046964406967,0.08739257603883743,-0.04752929508686066,0.0,-0.09857337176799774,0.036758244037628174,0.09740660339593887,-0.04273085668683052,0.0,-0.33529579639434814,-0.5069063305854797,-9.839031219482422,-0.19580720365047455,-0.4271070063114166,-8.578849792480469,0.0,0.0,0.0,0.0,0.0,0.0,0.0,0.0,0.0,0.0,0.0,0.0,-0.09365152567625046,0.0378192774951458,0.09156858921051025,-0.04312330484390259,0.29857659339904785,0.25309520959854126,0.2774505615234375,0.2795294225215912,-0.8092831969261169,0.7525906562805176,-0.38120120763778687,0.0,0.0,0.0,0.0,0.0,0.0,0.0
22256421024,0,0.0151413818821311,0.03330801799893379,-0.6836301684379578,6.569455581484362e-05,-0.04113857448101044,-0.8442511558532715,0.04475107416510582,0.04204172268509865,-0.04075298830866814,-0.030151525512337685,-0.14889392256736755,-0.16062098741531372,0.012587867677211761,-0.030467823147773743,0.05648249015212059,0.0,0.0,-0.0047828578390181065,-0.0503164604306221,-0.1369389146566391,0.02760998159646988,-0.09893389791250229,0.24544960260391235,-0.07352741062641144,-1.061060905456543,-2.3555874824523926,-47.187740325927734,-0.042716335505247116,0.37228840589523315,-0.01435365155339241,-0.05590983107686043,0.1468953937292099,-0.16646088659763336,0.067463219165802,12.73578929901123,10.784987449645996,11.669264793395996,12.112383842468262,-0.08432617038488388,0.03373046964406967,0.08739257603883743,-0.04599609225988388,0.0,-0.09978549927473068,0.03681064024567604,0.09846825152635574,-0.04281686618924141,0.0,-0.49814373254776,-0.22333230078220367,-9.930757522583008,-0.19292016327381134,-0.42828863859176636,-8.579588890075684,0.0,0.0,0.0,0.0,0.0,0.0,0.0,0.0,0.0,0.0,0.0,0.0,-0.09520851820707321,0.037358034402132034,0.09347276389598846,-0.04282262921333313,0.29499027132987976,0.2568110525608063,0.2742123603820801,0.2828724682331085,-0.5901100635528564,1.0100136995315552,-0.5589560866355896,0.0,0.0,0.0,0.0,0.0,0.0,0.0
22266419505,0,0.016440678387880325,0.03435713052749634,-0.6843869686126709,6.569455581484362e-05,-0.04113857448101044,-0.8442511558532715,0.0441182442009449,0.029540156945586205,-0.04361122474074364,-0.03275013342499733,-0.15099216997623444,-0.15986418724060059,0.010616118088364601,-0.03317771479487419,0.05699510499835014,0.0,0.0,-0.0047828578390181065,-0.050111282616853714,-0.11340707540512085,0.019786398857831955,-0.09638015180826187,0.2606157064437866,-0.07393661886453629,-1.061060905456543,-2.3555874824523926,-47.187740325927734,-0.042716335505247116,0.37228840589523315,-0.01435365155339241,-0.05590983107686043,0.1468953937292099,-0.16646088659763336,0.067463219165802,12.57248306274414,10.907601356506348,11.542698860168457,12.206751823425293,-0.08432617038488388,0.03373046964406967,0.08739257603883743,-0.04599609225988388,0.0,-0.10108602792024612,0.03639666736125946,0.0995514988899231,-0.042485661804676056,0.0,-0.49814373254776,-0.22333230078220367,-9.930757522583008,-0.19648471474647522,-0.4071521461009979,-8.563724517822266,0.0,0.0,0.0,0.0,0.0,0.0,0.0,0.0,0.0,0.0,0.0,0.0,-0.09682291001081467,0.03700866550207138,0.0953320562839508,-0.04265444353222847,0.29499027132987976,0.2568110525608063,0.2742123603820801,0.2828724682331085,-0.27282389998435974,1.10771906375885,-0.41873013973236084,0.0,0.0,0.0,0.0,0.0,0.0,0.0
22276549178,0,0.016440678387880325,0.03435713052749634,-0.6843869686126709,6.569455581484362e-05,-0.04113857448101044,-0.8442511558532715,0.0441182442009449,0.029540156945586205,-0.04361122474074364,-0.03275013342499733,-0.15099216997623444,-0.15986418724060059,0.010616118088364601,-0.03317771479487419,0.05699510499835014,0.0,0.0,-0.0047828578390181065,-0.050111282616853714,-0.11340707540512085,0.019786398857831955,-0.09261710196733475,0.2652248442173004,-0.07421749085187912,-1.0575133562088013,-2.243960380554199,-47.12228012084961,-0.043540630489587784,0.3629455864429474,-0.009326573461294174,-0.05677838996052742,0.14476418495178223,-0.17120566964149475,0.06770940124988556,12.57248306274414,10.907601356506348,11.542698860168457,12.206751823425293,-0.08585937321186066,0.03373046964406967,0.08892577886581421,-0.044462889432907104,0.0,-0.09790654480457306,0.03280472382903099,0.09592460095882416,-0.03943004459142685,0.0,-0.39452317357063293,-0.5807225108146667,-10.062397003173828,-0.19648471474647522,-0.4071521461009979,-8.563724517822266,0.0,0.0,0.0,0.0,0.0,0.0,0.0,0.0,0.0,0.0,0.0,0.0,-0.09819686412811279,0.03657730668783188,0.0968078002333641,-0.04241489991545677,0.2918233871459961,0.2592333257198334,0.271731436252594,0.2847118377685547,-0.27282389998435974,1.10771906375885,-0.41873013973236084,0.0,0.0,0.0,0.0,0.0,0.0,0.0
22286974946,0,0.016853347420692444,0.034733619540929794,-0.6846553087234497,6.569455581484362e-05,-0.04113857448101044,-0.8442511558532715,0.044110242277383804,0.029474269598722458,-0.04294198378920555,-0.033575475215911865,-0.15174515545368195,-0.15959584712982178,0.010409951210021973,-0.0340033583343029,0.05728673189878464,0.0,0.0,-0.0047828578390181065,-0.049751166254282,-0.09888220578432083,0.022850269451737404,-0.09261710196733475,0.2652248442173004,-0.07421749085187912,-1.080665946006775,-2.2393367290496826,-47.100486755371094,-0.03451664373278618,0.3560459613800049,-0.015524156391620636,-0.05723121762275696,0.1435421109199524,-0.17360016703605652,0.06778911501169205,12.726659774780273,10.770296096801758,11.687243461608887,12.022562026977539,-0.08739257603883743,0.03373046964406967,0.08892577886581421,-0.044462889432907104,0.0,-0.09727276116609573,0.0322650782763958,0.09525540471076965,-0.03925792872905731,0.0,-0.39452317357063293,-0.5807225108146667,-10.062397003173828,-0.1985938549041748,-0.40849971771240234,-8.569963455200195,0.0,0.0,0.0,0.0,0.0,0.0,0.0,0.0,0.0,0.0,0.0,0.0,-0.09893646091222763,0.035809822380542755,0.0975070595741272,-0.0418793223798275,0.29481345415115356,0.25652068853378296,0.2745644450187683,0.2811202108860016,-0.1813911497592926,1.2103140354156494,-0.03939482942223549,0.0,0.0,0.0,0.0,0.0,0.0,0.0
22296345898,0,0.016853347420692444,0.034733619540929794,-0.6846553087234497,6.569455581484362e-05,-0.04113857448101044,-0.8442511558532715,0.044110242277383804,0.029474269598722458,-0.04294198378920555,-0.033575475215911865,-0.15174515545368195,-0.15959584712982178,0.010409951210021973,-0.0340033583343029,0.05728673189878464,0.0,0.0,-0.0047828578390181065,-0.04338923096656799,-0.08514765650033951,0.03680849075317383,-0.08384515345096588,0.28292736411094666,-0.07528702914714813,-1.1239382028579712,-2.2868471145629883,-47.138885498046875,-0.04223393276333809,0.36086440086364746,-0.03173811733722687,-0.05811986327171326,0.14100700616836548,-0.17819824814796448,0.06824018061161041,13.142997741699219,10.351881980895996,12.104989051818848,11.647550582885742,-0.08739257603883743,0.03373046964406967,0.09045898169279099,-0.044462889432907104,0.0,-0.09670919179916382,0.033621154725551605,0.09454161673784256,-0.040734343230724335,0.0,-0.35886862874031067,-0.5270025730133057,-9.922924995422363,-0.1985938549041748,-0.40849971771240234,-8.569963455200195,0.0,0.0,0.0,0.0,0.0,0.0,0.0,0.0,0.0,0.0,0.0,0.0,-0.09899643808603287,0.034865714609622955,0.09743340313434601,-0.04120824858546257,0.29481345415115356,0.25652068853378296,0.2745644450187683,0.2811202108860016,0.1778012067079544,0.7210623025894165,0.5786342024803162,0.0,0.0,0.0,0.0,0.0,0.0,0.0
22306737171,0,0.017726561054587364,0.035481128841638565,-0.685219943523407,6.569455581484362e-05,-0.04113857448101044,-0.8442511558532715,0.04423091188073158,0.03515845909714699,-0.04354916140437126,-0.0353219099342823,-0.1532401591539383,-0.1590312123298645,0.010103962384164333,-0.035719309002161026,0.05778830870985985,0.0,0.0,-0.0047828578390181065,-0.04338923096656799,-0.08514765650033951,0.03680849075317383,-0.08384515345096588,0.28292736411094666,-0.07528702914714813,-1.1239382028579712,-2.2868471145629883,-47.138885498046875,-0.04223393276333809,0.36086440086364746,-0.03173811733722687,-0.05811986327171326,0.14100700616836548,-0.17819824814796448,0.06824018061161041,13.142997741699219,10.351881980895996,12.104989051818848,11.647550582885742,-0.08739257603883743,0.032197266817092896,0.09199218451976776,-0.044462889432907104,0.0,-0.09670919179916382,0.033621154725551605,0.09454161673784256,-0.040734343230724335,0.0,-0.33908385038375854,-0.2376791089773178,-9.987793922424316,-0.20380108058452606,-0.4227616488933563,-8.5650053024292,0.0,0.0,0.0,0.0,0.0,0.0,0.0,0.0,0.0,0.0,0.0,0.0,-0.09862988442182541,0.03410917520523071,0.09689649194478989,-0.040722645819187164,0.3028644621372223,0.24822932481765747,0.28272831439971924,0.2737869322299957,0.1778012067079544,0.7210623025894165,0.5786342024803162,0.0,0.0,0.0,0.0,0.0,0.0,0.0
22316745324,0,0.017726561054587364,0.035481128841638565,-0.685219943523407,6.569455581484362e-05,-0.04113857448101044,-0.8442511558532715,0.04423091188073158,0.03515845909714699,-0.04354916140437126,-0.0353219099342823,-0.1532401591539383,-0.1590312123298645,0.010103962384164333,-0.035719309002161026,0.05778830870985985,0.0,0.0,-0.0047828578390181065,-0.04338923096656799,-0.08514765650033951,0.03680849075317383,-0.08186642080545425,0.2888684570789337,-0.07552284002304077,-1.1239382028579712,-2.2868471145629883,-47.138885498046875,-0.04223393276333809,0.36086440086364746,-0.03173811733722687,-0.05811986327171326,0.14100700616836548,-0.17819824814796448,0.06824018061161041,13.142997741699219,10.351881980895996,12.104989051818848,11.647550582885742,-0.08739257603883743,0.03066406212747097,0.09352538734674454,-0.044462889432907104,0.0,-0.09670919179916382,0.033621154725551605,0.09454161673784256,-0.040734343230724335,0.0,-0.33908385038375854,-0.2376791089773178,-9.987793922424316,-0.20380108058452606,-0.4227616488933563,-8.5650053024292,0.0,0.0,0.0,0.0,0.0,0.0,0.0,0.0,0.0,0.0,0.0,0.0,-0.09809519350528717,0.033647045493125916,0.09619790315628052,-0.04048597812652588,0.3028644621372223,0.24822932481765747,0.28272831439971924,0.2737869322299957,0.1778012067079544,0.7210623025894165,0.5786342024803162,0.0,0.0,0.0,0.0,0.0,0.0,0.0
22327278041,0,0.01867772825062275,0.036288466304540634,-0.6858322620391846,6.569455581484362e-05,-0.04113857448101044,-0.8442511558532715,0.049955930560827255,0.037578828632831573,-0.04425162076950073,-0.03722425550222397,-0.15485486388206482,-0.15841889381408691,0.009374222718179226,-0.03725915402173996,0.05818406865000725,0.0,0.0,-0.0047828578390181065,-0.034333884716033936,-0.08893438428640366,0.04289274290204048,-0.07822050154209137,0.29523247480392456,-0.07575390487909317,-1.210337519645691,-2.365013599395752,-47.06901931762695,-0.046590227633714676,0.38686543703079224,-0.03621530905365944,-0.05888653174042702,0.13890422880649567,-0.18230517208576202,0.06895239651203156,13.276922225952148,10.173590660095215,12.165861129760742,11.566092491149902,-0.08739257603883743,0.029130859300494194,0.09505859017372131,-0.044462889432907104,0.0,-0.10019712150096893,0.03384235501289368,0.09880311787128448,-0.04084163159132004,0.0,-0.13572993874549866,-0.45407938957214355,-10.031047821044922,-0.22006136178970337,-0.43000245094299316,-8.558003425598145,0.0,0.0,0.0,0.0,0.0,0.0,0.0,0.0,0.0,0.0,0.0,0.0,-0.0977373719215393,0.033425189554691315,0.09574528783559799,-0.04042036458849907,0.3054473400115967,0.24468521773815155,0.2839150130748749,0.2721901535987854,0.380360871553421,0.0393993966281414,0.5054110288619995,0.0,0.0,0.0,0.0,0.0,0.0,0.0
22337469168,0,0.019107168540358543,0.03666059672832489,-0.6861518025398254,6.569455581484362e-05,-0.04113857448101044,-0.8442511558532715,0.0477081723511219,0.038982003927230835,-0.04555422440171242,-0.038083139806985855,-0.15559911727905273,-0.15809935331344604,0.009005114436149597,-0.03802332654595375,0.05864081531763077,0.0,0.0,-0.0047828578390181065,-0.0313955619931221,-0.09014918655157089,0.047418028116226196,-0.07546748965978622,0.30482932925224304,-0.07750409096479416,-1.1981699466705322,-2.389331340789795,-47.01725387573242,-0.04724881798028946,0.3953068256378174,-0.03932461142539978,-0.059406958520412445,0.13751892745494843,-0.18524686992168427,0.06954994052648544,13.355978965759277,10.069327354431152,12.220985412597656,11.491326332092285,-0.08585937321186066,0.03066406212747097,0.09505859017372131,-0.044462889432907104,0.0,-0.09996789693832397,0.03541853278875351,0.09866272658109665,-0.04228029027581215,0.0,-0.13572993874549866,-0.45407938957214355,-10.031047821044922,-0.21784909069538116,-0.43442389369010925,-8.548591613769531,0.0,0.0,0.0,0.0,0.0,0.0,0.0,0.0,0.0,0.0,0.0,0.0,-0.09784381091594696,0.03345556557178497,0.09588387608528137,-0.04052724689245224,0.30697038769721985,0.24260950088500977,0.2849890887737274,0.2707233428955078,0.31768909096717834,-0.032831478863954544,0.5039979219436646,0.0,0.0,0.0,0.0,0.0,0.0,0.0
22346482573,0,0.02022179216146469,0.037835750728845596,-0.6870578527450562,6.569455581484362e-05,-0.04113857448101044,-0.8442511558532715,0.04862617328763008,0.03528861701488495,-0.04356684535741806,-0.040312398225069046,-0.15794943273067474,-0.15719330310821533,0.008550619706511497,-0.04071858525276184,0.060455698519945145,0.0,0.0,-0.0047828578390181065,-0.026221707463264465,-0.09644865244626999,0.04533151909708977,-0.07008662074804306,0.31966477632522583,-0.07764797657728195,-1.242380976676941,-2.3750312328338623,-47.00973892211914,-0.04724881798028946,0.3953068256378174,-0.03932461142539978,-0.059406958520412445,0.13751892745494843,-0.18524686992168427,0.06954994052648544,13.252184867858887,10.165473937988281,12.050296783447266,11.662891387939453,-0.08585937321186066,0.03373046964406967,0.09659180045127869,-0.044462889432907104,0.0,-0.10155558586120605,0.03304722532629967,0.10094691812992096,-0.039882779121398926,0.0,-0.3965570628643036,-0.3591930568218231,-9.78549575805664,-0.22560715675354004,-0.43143367767333984,-8.563868522644043,0.0,0.0,0.0,0.0,0.0,0.0,0.0,0.0,0.0,0.0,0.0,0.0,-0.09837192296981812,0.03365061804652214,0.09657667577266693,-0.040726326406002045,0.30697038769721985,0.24260950088500977,0.2849890887737274,0.2707233428955078,0.40816065669059753,-0.2212056815624237,0.19046242535114288,0.0,0.0,0.0,0.0,0.0,0.0,0.0
22356478826,0,0.02022179216146469,0.037835750728845596,-0.6870578527450562,6.569455581484362e-05,-0.04113857448101044,-0.8442511558532715,0.04862617328763008,0.03528861701488495,-0.04356684535741806,-0.040312398225069046,-0.15794943273067474,-0.15719330310821533,0.008550619706511497,-0.04071858525276184,0.060455698519945145,0.0,0.0,-0.0047828578390181065,-0.026221707463264465,-0.09644865244626999,0.04533151909708977,-0.0689256340265274,0.3270872235298157,-0.0779585987329483,-1.242380976676941,-2.3750312328338623,-47.00973892211914,-0.047946520149707794,0.4183254837989807,-0.03387018293142319,-0.060269057750701904,0.13519926369190216,-0.19040964543819427,0.07052510976791382,13.252184867858887,10.165473937988281,12.050296783447266,11.662891387939453,-0.08432617038488388,0.03526367247104645,0.09505859017372131,-0.04292968660593033,0.0,-0.10162664949893951,0.032954998314380646,0.10086875408887863,-0.03996318578720093,0.0,-0.5017167329788208,-0.0020171324722468853,-9.723986625671387,-0.22560715675354004,-0.43143367767333984,-8.563868522644043,0.0,0.0,0.0,0.0,0.0,0.0,0.0,0.0,0.0,0.0,0.0,0.0,-0.09914915263652802,0.033740341663360596,0.09761485457420349,-0.04078289121389389,0.3049706220626831,0.24452373385429382,0.2816615700721741,0.2740872800350189,0.40816065669059753,-0.2212056815624237,0.19046242535114288,0.0,0.0,0.0,0.0,0.0,0.0,0.0
22366438099,0,0.02022179216146469,0.037835750728845596,-0.6870578527450562,6.569455581484362e-05,-0.04113857448101044,-0.8442511558532715,0.04862617328763008,0.03528861701488495,-0.04356684535741806,-0.04097023233771324,-0.15872995555400848,-0.15693128108978271,0.008550619706511497,-0.04071858525276184,0.060455698519945145,0.0,0.0,-0.0047828578390181065,-0.026221707463264465,-0.09644865244626999,0.04533151909708977,-0.07043100893497467,0.33458492159843445,-0.07854782044887543,-1.242380976676941,-2.3750312328338623,-47.00973892211914,-0.047946520149707794,0.4183254837989807,-0.03387018293142319,-0.060269057750701904,0.13418574631214142,-0.1929405778646469,0.07094679027795792,13.252184867858887,10.165473937988281,12.050296783447266,11.662891387939453,-0.08432617038488388,0.036796875298023224,0.09505859017372131,-0.04292968660593033,0.0,-0.10162664949893951,0.032954998314380646,0.10086875408887863,-0.03996318578720093,0.0,-0.3422250747680664,-0.08383406698703766,-9.6187744140625,-0.22974371910095215,-0.42985641956329346,-8.593445777893066,0.0,0.0,0.0,0.0,0.0,0.0,0.0,0.0,0.0,0.0,0.0,0.0,-0.0999852865934372,0.03364380821585655,0.09872949123382568,-0.04065574333071709,0.30445167422294617,0.2455073893070221,0.2810928523540497,0.27608126401901245,0.40816065669059753,-0.2212056815624237,0.19046242535114288,0.0,0.0,0.0,0.0,0.0,0.0,0.0
22377320931,0,0.02085024304687977,0.03858204931020737,-0.6875737905502319,6.569455581484362e-05,-0.04113857448101044,-0.8442511558532715,0.04901932552456856,0.03266390040516853,-0.034186068922281265,-0.0415693074464798,-0.15944205224514008,-0.15667736530303955,0.009048650041222572,-0.042374394834041595,0.061173539608716965,0.0,0.0,-0.0047828578390181065,0.030623141676187515,-0.0849694311618805,0.04713752493262291,-0.08086937665939331,0.338967502117157,-0.07973621040582657,-1.2668384313583374,-2.361849784851074,-47.4775276184082,-0.13266621530056,0.4177247881889343,-0.035700127482414246,-0.06162049621343613,0.13250252604484558,-0.19911006093025208,0.0720013678073883,13.283180236816406,10.10925006866455,12.34961986541748,11.86480712890625,-0.08432617038488388,0.03526367247104645,0.09505859017372131,-0.04292968660593033,0.0,-0.1018015444278717,0.03167590871453285,0.09862080961465836,-0.03828421235084534,0.0,-0.3422250747680664,-0.08383406698703766,-9.6187744140625,-0.23033425211906433,-0.42942723631858826,-8.632277488708496,0.0,0.0,0.0,0.0,0.0,0.0,0.0,0.0,0.0,0.0,0.0,0.0,-0.10070744901895523,0.033410221338272095,0.09956874698400497,-0.04038796201348305,0.30445167422294617,0.2455073893070221,0.2810928523540497,0.27608126401901245,2.117370128631592,0.6212150454521179,0.21653275191783905,0.0,0.0,0.0,0.0,0.0,0.0,0.0
22386950223,0,0.021149305626749992,0.038954488933086395,-0.6878217458724976,6.569455581484362e-05,-0.04113857448101044,-0.8442511558532715,0.049823097884655,0.030735084787011147,-0.028677549213171005,-0.042167436331510544,-0.16018693149089813,-0.15642940998077393,0.009611209854483604,-0.042771585285663605,0.061476338654756546,0.0,0.0,-0.0047828578390181065,0.030623141676187515,-0.0849694311618805,0.04713752493262291,-0.08086937665939331,0.338967502117157,-0.07973621040582657,-1.2668384313583374,-2.361849784851074,-47.4775276184082,-0.13266621530056,0.4177247881889343,-0.035700127482414246,-0.06162049621343613,0.13250252604484558,-0.19911006093025208,0.0720013678073883,13.283180236816406,10.10925006866455,12.34961986541748,11.86480712890625,-0.08432617038488388,0.032197266817092896,0.09505859017372131,-0.04292968660593033,0.0,-0.1018015444278717,0.03167590871453285,0.09862080961465836,-0.03828421235084534,0.0,-0.3422250747680664,-0.08383406698703766,-9.6187744140625,-0.23373915255069733,-0.4272272288799286,-8.670342445373535,0.0,0.0,0.0,0.0,0.0,0.0,0.0,0.0,0.0,0.0,0.0,0.0,-0.10125643759965897,0.033034320920705795,0.09991028159856796,-0.03994551673531532,0.3055679500102997,0.2434045523405075,0.28749287128448486,0.2780388295650482,2.117370128631592,0.6212150454521179,0.21653275191783905,0.0,0.0,0.0,0.0,0.0,0.0,0.0
22396433067,0,0.0216212160885334,0.039666905999183655,-0.6883034706115723,6.569455581484362e-05,-0.04113857448101044,-0.8442511558532715,0.05601561442017555,0.031817223876714706,-0.031404439359903336,-0.04311126098036766,-0.16161176562309265,-0.15594768524169922,0.011119493283331394,-0.04366403445601463,0.062222566455602646,0.0,0.0,-0.0047828578390181065,0.07701235264539719,-0.054074645042419434,0.049421343952417374,-0.0929967388510704,0.34588778018951416,-0.08067497611045837,-1.2668384313583374,-2.361849784851074,-47.4775276184082,-0.13266621530056,0.4177247881889343,-0.035700127482414246,-0.06162049621343613,0.13250252604484558,-0.19911006093025208,0.0720013678073883,13.283180236816406,10.10925006866455,12.34961986541748,11.86480712890625,-0.08585937321186066,0.03066406212747097,0.09659180045127869,-0.04292968660593033,0.0,-0.1018015444278717,0.03167590871453285,0.09862080961465836,-0.03828421235084534,0.0,-0.24402527511119843,0.09492023289203644,-10.172142028808594,-0.24870435893535614,-0.4318109154701233,-8.636296272277832,0.0,0.0,0.0,0.0,0.0,0.0,0.0,0.0,0.0,0.0,0.0,0.0,-0.10162702202796936,0.03259878605604172,0.09984031319618225,-0.039421360939741135,0.3055679500102997,0.2434045523405075,0.28749287128448486,0.2780388295650482,2.224518060684204,1.3245657682418823,0.1282738894224167,0.0,0.0,0.0,0.0,0.0,0.0,0.0
22406335749,0,0.0216212160885334,0.039666905999183655,-0.6883034706115723,6.569455581484362e-05,-0.04113857448101044,-0.8442511558532715,0.05601561442017555,0.031817223876714706,-0.031404439359903336,-0.04311126098036766,-0.16161176562309265,-0.15594768524169922,0.011119493283331394,-0.04366403445601463,0.062222566455602646,0.0,0.0,-0.0047828578390181065,0.07701235264539719,-0.054074645042419434,0.049421343952417374,-0.0929967388510704,0.34588778018951416,-0.08067497611045837,-1.3307843208312988,-2.338942050933838,-47.67766571044922,-0.19225427508354187,0.3867167532444,-0.03633347898721695,-0.06252149492502213,0.13244108855724335,-0.20440718531608582,0.07313735783100128,13.20518970489502,10.099615097045898,12.553051948547363,11.939474105834961,-0.08739257603883743,0.029130859300494194,0.09659180045127869,-0.04292968660593033,0.0,-0.10358407348394394,0.028567297384142876,0.0981004610657692,-0.03555307909846306,0.0,-0.7407088279724121,-0.14330625534057617,-9.785823822021484,-0.24870435893535614,-0.4318109154701233,-8.636296272277832,0.0,0.0,0.0,0.0,0.0,0.0,0.0,0.0,0.0,0.0,0.0,0.0,-0.10192370414733887,0.032070886343717575,0.09955685585737228,-0.038827743381261826,0.3040642738342285,0.24321284890174866,0.29144617915153503,0.2794978618621826,2.224518060684204,1.3245657682418823,0.1282738894224167,0.0,0.0,0.0,0.0,0.0,0.0,0.0
22416634935,0,0.02183414250612259,0.03999550640583038,-0.688538134098053,6.569455581484362e-05,-0.04113857448101044,-0.8442511558532715,0.05866098031401634,0.032350338995456696,-0.03440350666642189,-0.043537117540836334,-0.1622689813375473,-0.1557130217552185,0.012087643146514893,-0.04401666671037674,0.06271509826183319,0.0,0.0,-0.0047828578390181065,0.08773169666528702,-0.04000997543334961,0.0489455983042717,-0.10075977444648743,0.3485775291919708,-0.08129315823316574,-1.4028761386871338,-2.3870365619659424,-47.35039138793945,-0.2059483677148819,0.3730958104133606,-0.035356663167476654,-0.06301649659872055,0.13287106156349182,-0.2070617526769638,0.0737590417265892,13.053681373596191,10.038514137268066,12.485755920410156,11.87924575805664,-0.08892577886581421,0.03066406212747097,0.09812500327825546,-0.04292968660593033,0.0,-0.10810591280460358,0.02784208580851555,0.10200805962085724,-0.03506406769156456,0.0,-0.7407088279724121,-0.14330625534057617,-9.785823822021484,-0.2550683915615082,-0.43400663137435913,-8.609162330627441,0.0,0.0,0.0,0.0,0.0,0.0,0.0,0.0,0.0,0.0,0.0,0.0,-0.10250236093997955,0.0312747023999691,0.09935297071933746,-0.038034964352846146,0.301140159368515,0.241995707154274,0.2901393175125122,0.27832093834877014,1.584268569946289,1.3608920574188232,0.04563511162996292,0.0,0.0,0.0,0.0,0.0,0.0,0.0
22426439240,0,0.02183414250612259,0.03999550640583038,-0.688538134098053,6.569455581484362e-05,-0.04113857448101044,-0.8442511558532715,0.05866098031401634,0.032350338995456696,-0.03440350666642189,-0.04436156153678894,-0.1635993868112564,-0.15523838996887207,0.012087643146514893,-0.04401666671037674,0.06271509826183319,0.0,0.0,-0.0047828578390181065,0.08593600988388062,-0.015303552150726318,0.04868917912244797,-0.11299537867307663,0.3479343056678772,-0.08263444900512695,-1.4477131366729736,-2.4167230129241943,-47.27019500732422,-0.1996127963066101,0.36475270986557007,-0.03531374782323837,-0.06351722031831741,0.13287106156349182,-0.2070617526769638,0.0737590417265892,13.035035133361816,10.045604705810547,12.472112655639648,11.843464851379395,-0.08892577886581421,0.03066406212747097,0.09965820610523224,-0.04292968660593033,0.0,-0.11033661663532257,0.027234800159931183,0.10420002043247223,-0.03476347774267197,0.0,-0.6749855875968933,-0.3914763331413269,-9.683835983276367,-0.260035902261734,-0.44560688734054565,-8.575361251831055,0.0,0.0,0.0,0.0,0.0,0.0,0.0,0.0,0.0,0.0,0.0,0.0,-0.10371527075767517,0.030255157500505447,0.09966349601745605,-0.03710554540157318,0.301140159368515,0.241995707154274,0.2901393175125122,0.27832093834877014,0.37826651334762573,1.4105585813522339,-0.004773966036736965,0.0,0.0,0.0,0.0,0.0,0.0,0.0
22436184406,0,0.022246362641453743,0.04066070541739464,-0.6890127658843994,6.569455581484362e-05,-0.04113857448101044,-0.8442511558532715,0.05984307825565338,0.03678533807396889,-0.03844250738620758,-0.04436156153678894,-0.1635993868112564,-0.15523838996887207,0.013602248392999172,-0.04425979405641556,0.06366360187530518,0.0,0.0,-0.0047828578390181065,0.08593600988388062,-0.015303552150726318,0.04868917912244797,-0.11299537867307663,0.3479343056678772,-0.08263444900512695,-1.4301974773406982,-2.4508378505706787,-47.164485931396484,-0.20271405577659607,0.3491322696208954,-0.03449435532093048,-0.06395062804222107,0.13385069370269775,-0.21162870526313782,0.07489176839590073,12.960489273071289,10.056300163269043,12.45344066619873,11.818093299865723,-0.08892577886581421,0.03066406212747097,0.09965820610523224,-0.04292968660593033,0.0,-0.11146603524684906,0.028974875807762146,0.10479263961315155,-0.036423616111278534,0.0,-0.11150592565536499,0.074462890625,-9.99613094329834,-0.260035902261734,-0.44560688734054565,-8.575361251831055,0.0,0.0,0.0,0.0,0.0,0.0,0.0,0.0,0.0,0.0,0.0,0.0,-0.1054828092455864,0.029304679483175278,0.10057954490184784,-0.036306723952293396,0.299339234828949,0.2423500418663025,0.2895115315914154,0.27712535858154297,0.37826651334762573,1.4105585813522339,-0.004773966036736965,0.0,0.0,0.0,0.0,0.0,0.0,0.0
22446356648,0,0.02273857221007347,0.041793275624513626,-0.6897803544998169,6.569455581484362e-05,-0.04113857448101044,-0.8442511558532715,0.0574791245162487,0.031230663880705833,-0.03953919559717178,-0.045345984399318695,-0.16586452722549438,-0.1544708013534546,0.01643858291208744,-0.04259195923805237,0.06463673710823059,0.0,0.0,-0.0047828578390181065,0.08593600988388062,-0.015303552150726318,0.04868917912244797,-0.1337636560201645,0.34292396903038025,-0.08325041830539703,-1.4301974773406982,-2.4508378505706787,-47.164485931396484,-0.20271405577659607,0.3491322696208954,-0.03449435532093048,-0.06395062804222107,0.13385069370269775,-0.21162870526313782,0.07489176839590073,12.960489273071289,10.056300163269043,12.45344066619873,11.818093299865723,-0.08892577886581421,0.03066406212747097,0.09965820610523224,-0.04139648377895355,0.0,-0.11146603524684906,0.028974875807762146,0.10479263961315155,-0.036423616111278534,0.0,-0.1518721580505371,-0.04601793363690376,-9.992786407470703,-0.2570345103740692,-0.440079003572464,-8.56883716583252,0.0,0.0,0.0,0.0,0.0,0.0,0.0,0.0,0.0,0.0,0.0,0.0,-0.10740407556295395,0.02869609370827675,0.10178016871213913,-0.03585883975028992,0.299339234828949,0.2423500418663025,0.2895115315914154,0.27712535858154297,0.37826651334762573,1.4105585813522339,-0.004773966036736965,0.0,0.0,0.0,0.0,0.0,0.0,0.0
22457643332,0,0.02273857221007347,0.041793275624513626,-0.6897803544998169,6.569455581484362e-05,-0.04113857448101044,-0.8442511558532715,0.0574791245162487,0.031230663880705833,-0.03953919559717178,-0.045345984399318695,-0.16586452722549438,-0.1544708013534546,0.01643858291208744,-0.04259195923805237,0.06463673710823059,0.0,0.0,-0.0047828578390181065,0.10508240014314651,0.025433151051402092,0.03953588381409645,-0.1337636560201645,0.34292396903038025,-0.08325041830539703,-1.4455606937408447,-2.446669816970825,-47.15363311767578,-0.24709008634090424,0.29731249809265137,-0.023923777043819427,-0.0648970678448677,0.13522081077098846,-0.21545769274234772,0.07583072036504745,12.547930717468262,10.330398559570312,12.336411476135254,12.069000244140625,-0.08892577886581421,0.03066406212747097,0.09965820610523224,-0.039863280951976776,0.0,-0.11554698646068573,0.027437549084424973,0.10602923482656479,-0.03517884388566017,0.0,-0.1518721580505371,-0.04601793363690376,-9.992786407470703,-0.2570345103740692,-0.440079003572464,-8.56883716583252,0.0,0.0,0.0,0.0,0.0,0.0,0.0,0.0,0.0,0.0,0.0,0.0,-0.10928677767515182,0.028377307578921318,0.10298357903957367,-0.035685356706380844,0.2913466691970825,0.24780260026454926,0.2872358560562134,0.2820263206958771,0.8244028687477112,2.017831325531006,-0.32688790559768677,0.0,0.0,0.0,0.0,0.0,0.0,0.0
22466156898,0,0.022889308631420135,0.04215506836771965,-0.6900501251220703,6.569455581484362e-05,-0.04113857448101044,-0.8442511558532715,0.05895055830478668,0.027023684233427048,-0.04170570895075798,-0.045647457242012024,-0.16658812761306763,-0.15420103073120117,0.017656024545431137,-0.04194624722003937,0.06518346071243286,0.0,0.0,-0.0047828578390181065,0.12146563827991486,0.051313892006874084,0.037217143923044205,-0.1337636560201645,0.34292396903038025,-0.08325041830539703,-1.4136898517608643,-2.4204344749450684,-47.128604888916016,-0.2774088978767395,0.25772160291671753,-0.02367502450942993,-0.0654032826423645,0.13635800778865814,-0.21701550483703613,0.07618164271116257,12.426551818847656,10.342655181884766,12.432002067565918,12.053468704223633,-0.09045898169279099,0.029130859300494194,0.09965820610523224,-0.039863280951976776,0.0,-0.11506093293428421,0.027544543147087097,0.10350492596626282,-0.0354352667927742,0.0,-0.1518721580505371,-0.04601793363690376,-9.992786407470703,-0.26008695363998413,-0.4331144392490387,-8.551990509033203,0.0,0.0,0.0,0.0,0.0,0.0,0.0,0.0,0.0,0.0,0.0,0.0,-0.11115721613168716,0.02812296897172928,0.1039639338850975,-0.03557582199573517,0.28898879885673523,0.24804607033729553,0.2890947759151459,0.2817233204841614,1.0995283126831055,2.2419941425323486,-0.21190772950649261,0.0,0.0,0.0,0.0,0.0,0.0,0.0
22476529548,0,0.022889308631420135,0.04215506836771965,-0.6900501251220703,6.569455581484362e-05,-0.04113857448101044,-0.8442511558532715,0.05895055830478668,0.027023684233427048,-0.04170570895075798,-0.045647457242012024,-0.16658812761306763,-0.15420103073120117,0.017656024545431137,-0.04194624722003937,0.06518346071243286,0.0,0.0,-0.0047828578390181065,0.1288396120071411,0.07221901416778564,0.03850465640425682,-0.16604134440422058,0.32337671518325806,-0.08527088910341263,-1.4278147220611572,-2.385981798171997,-46.97604751586914,-0.2982218563556671,0.23865973949432373,-0.026828080415725708,-0.06640332192182541,0.13635800778865814,-0.21701550483703613,0.07618164271116257,12.40783977508545,10.223590850830078,12.535001754760742,11.94047737121582,-0.09352538734674454,0.026064453646540642,0.09965820610523224,-0.039863280951976776,0.0,-0.11474037170410156,0.026078499853610992,0.10198788344860077,-0.034422580152750015,0.0,-0.28820687532424927,-0.5675637722015381,-10.04149055480957,-0.26008695363998413,-0.4331144392490387,-8.551990509033203,0.0,0.0,0.0,0.0,0.0,0.0,0.0,0.0,0.0,0.0,0.0,0.0,-0.1128050908446312,0.027818579226732254,0.10440784692764282,-0.03543746843934059,0.28898879885673523,0.24804607033729553,0.2890947759151459,0.2817233204841614,0.3340907394886017,1.2497955560684204,0.039974454790353775,0.0,0.0,0.0,0.0,0.0,0.0,0.0
22486474960,0,0.02325032465159893,0.042914144694805145,-0.690610945224762,6.569455581484362e-05,-0.04113857448101044,-0.8442511558532715,0.05669428035616875,0.02956460602581501,-0.04133035987615585,-0.04636949300765991,-0.16810627281665802,-0.15364021062850952,0.020318476483225822,-0.040969815105199814,0.0658809170126915,0.0,0.0,-0.0047828578390181065,0.1288396120071411,0.07221901416778564,0.03850465640425682,-0.16604134440422058,0.32337671518325806,-0.08527088910341263,-1.4278147220611572,-2.385981798171997,-46.97604751586914,-0.2982218563556671,0.23865973949432373,-0.026828080415725708,-0.06640332192182541,0.13927724957466125,-0.21937638521194458,0.07688471674919128,12.40783977508545,10.223590850830078,12.535001754760742,11.94047737121582,-0.09659180045127869,0.024531250819563866,0.09965820610523224,-0.039863280951976776,0.0,-0.11474037170410156,0.026078499853610992,0.10198788344860077,-0.034422580152750015,0.0,-0.28820687532424927,-0.5675637722015381,-10.04149055480957,-0.25781357288360596,-0.44214755296707153,-8.55517292022705,0.0,0.0,0.0,0.0,0.0,0.0,0.0,0.0,0.0,0.0,0.0,0.0,-0.11398745328187943,0.02741541713476181,0.10424960404634476,-0.03522886708378792,0.28862515091896057,0.24567978084087372,0.29109564423561096,0.27951741218566895,0.3340907394886017,1.2497955560684204,0.039974454790353775,0.0,0.0,0.0,0.0,0.0,0.0,0.0
22496403547,0,0.023442821577191353,0.04333208128809929,-0.6908918023109436,6.569455581484362e-05,-0.04113857448101044,-0.8442511558532715,0.055841170251369476,0.027942273765802383,-0.038245633244514465,-0.046754490584135056,-0.1689421683549881,-0.15335935354232788,0.021152956411242485,-0.040170103311538696,0.06589770317077637,0.0,0.0,-0.0047828578390181065,0.12012892216444016,0.07570571452379227,0.03709788620471954,-0.17258569598197937,0.3169269859790802,-0.08530175685882568,-1.4179747104644775,-2.431811571121216,-47.05345153808594,-0.2901998460292816,0.23249457776546478,-0.025173425674438477,-0.06682887673377991,0.14057189226150513,-0.22023311257362366,0.07716137170791626,12.389101028442383,10.30622673034668,12.51010513305664,11.979193687438965,-0.09812500327825546,0.024531250819563866,0.10119140893220901,-0.039863280951976776,0.0,-0.11598620563745499,0.027734890580177307,0.10317687690258026,-0.035993948578834534,0.0,-0.2098497599363327,0.03948298841714859,-9.784613609313965,-0.2569446563720703,-0.44110608100891113,-8.579336166381836,0.0,0.0,0.0,0.0,0.0,0.0,0.0,0.0,0.0,0.0,0.0,0.0,-0.11476536095142365,0.02704685367643833,0.10380927473306656,-0.035049982368946075,0.2882606089115143,0.24732252955436707,0.29061225056648254,0.2802736163139343,-0.25147899985313416,0.8726707100868225,0.02025686763226986,0.0,0.0,0.0,0.0,0.0,0.0,0.0
22506227313,0,0.023442821577191353,0.04333208128809929,-0.6908918023109436,6.569455581484362e-05,-0.04113857448101044,-0.8442511558532715,0.055841170251369476,0.027942273765802383,-0.038245633244514465,-0.046754490584135056,-0.1689421683549881,-0.15335935354232788,0.021152956411242485,-0.040170103311538696,0.06589770317077637,0.0,0.0,-0.0047828578390181065,0.07945787906646729,0.07370079308748245,0.035129621624946594,-0.18198415637016296,0.3035913109779358,-0.08668610453605652,-1.4486607313156128,-2.474496364593506,-47.44245147705078,-0.2471289336681366,0.2290133386850357,-0.024515271186828613,-0.06780847907066345,0.14303627610206604,-0.2220890372991562,0.07768892496824265,12.53886604309082,10.48754596710205,12.527575492858887,12.023451805114746,-0.09659180045127869,0.026064453646540642,0.10425781458616257,-0.038330078125,0.0,-0.1167629286646843,0.027558356523513794,0.10502896457910538,-0.0363030843436718,0.0,-0.06381066143512726,-0.15451648831367493,-9.969099998474121,-0.2569446563720703,-0.44110608100891113,-8.579336166381836,0.0,0.0,0.0,0.0,0.0,0.0,0.0,0.0,0.0,0.0,0.0,0.0,-0.11535157263278961,0.026907993480563164,0.10350660979747772,-0.03507796302437782,0.2882606089115143,0.24732252955436707,0.29061225056648254,0.2802736163139343,-1.4313095808029175,0.08771847188472748,0.09619598835706711,0.0,0.0,0.0,0.0,0.0,0.0,0.0
22516645178,0,0.023864276707172394,0.04412497580051422,-0.6914405226707458,6.569455581484362e-05,-0.04113857448101044,-0.8442511558532715,0.05771845579147339,0.030584266409277916,-0.03164142742753029,-0.047597404569387436,-0.17052794992923737,-0.15281063318252563,0.021868346258997917,-0.038855135440826416,0.0660741999745369,0.0,0.0,-0.0047828578390181065,0.07945787906646729,0.07370079308748245,0.035129621624946594,-0.18198415637016296,0.3035913109779358,-0.08668610453605652,-1.4486607313156128,-2.474496364593506,-47.44245147705078,-0.2471289336681366,0.2290133386850357,-0.024515271186828613,-0.06780847907066345,0.14303627610206604,-0.2220890372991562,0.07768892496824265,12.53886604309082,10.48754596710205,12.527575492858887,12.023451805114746,-0.09659180045127869,0.027597656473517418,0.10579101741313934,-0.038330078125,0.0,-0.1167629286646843,0.027558356523513794,0.10502896457910538,-0.0363030843436718,0.0,-0.4257342517375946,-0.2918681204319,-9.838770866394043,-0.2633928656578064,-0.44990843534469604,-8.625900268554688,0.0,0.0,0.0,0.0,0.0,0.0,0.0,0.0,0.0,0.0,0.0,0.0,-0.11586449295282364,0.026967855170369148,0.10355322062969208,-0.03530352935194969,0.29117071628570557,0.2509215176105499,0.2909514605998993,0.28113752603530884,-1.4313095808029175,0.08771847188472748,0.09619598835706711,0.0,0.0,0.0,0.0,0.0,0.0,0.0
22526773182,0,0.02444872260093689,0.045269764959812164,-0.6921861171722412,6.569455581484362e-05,-0.04113857448101044,-0.8442511558532715,0.060562897473573685,0.04049220681190491,-0.03492538258433342,-0.048766303807497025,-0.17281754314899445,-0.15206503868103027,0.023462370038032532,-0.03771209344267845,0.06803946942090988,0.0,0.0,-0.0047828578390181065,0.049627795815467834,0.057937849313020706,0.05227260664105415,-0.18386438488960266,0.2958996295928955,-0.08783373236656189,-1.4486607313156128,-2.474496364593506,-47.44245147705078,-0.2471289336681366,0.2290133386850357,-0.024515271186828613,-0.06780847907066345,0.14303627610206604,-0.2220890372991562,0.07768892496824265,12.53886604309082,10.48754596710205,12.527575492858887,12.023451805114746,-0.09812500327825546,0.027597656473517418,0.10579101741313934,-0.038330078125,0.0,-0.1167629286646843,0.027558356523513794,0.10502896457910538,-0.0363030843436718,0.0,-0.14400969445705414,0.05339284613728523,-9.700336456298828,-0.27359092235565186,-0.47394582629203796,-8.590738296508789,0.0,0.0,0.0,0.0,0.0,0.0,0.0,0.0,0.0,0.0,0.0,0.0,-0.11628253757953644,0.027106260880827904,0.10384844243526459,-0.035598911345005035,0.29117071628570557,0.2509215176105499,0.2909514605998993,0.28113752603530884,-1.3223544359207153,-0.5546790957450867,0.6788953542709351,0.0,0.0,0.0,0.0,0.0,0.0,0.0
22536938409,0,0.02444872260093689,0.045269764959812164,-0.6921861171722412,6.569455581484362e-05,-0.04113857448101044,-0.8442511558532715,0.060562897473573685,0.04049220681190491,-0.03492538258433342,-0.048766303807497025,-0.17281754314899445,-0.15206503868103027,0.023462370038032532,-0.03771209344267845,0.06803946942090988,0.0,0.0,-0.0047828578390181065,0.049627795815467834,0.057937849313020706,0.05227260664105415,-0.18386438488960266,0.2958996295928955,-0.08783373236656189,-1.5196892023086548,-2.554318904876709,-47.33415222167969,-0.2202686369419098,0.24350857734680176,-0.04315585643053055,-0.06871285289525986,0.1445336490869522,-0.22398141026496887,0.0785750299692154,13.050715446472168,10.005154609680176,12.89900016784668,11.512020111083984,-0.09965820610523224,0.026064453646540642,0.10425781458616257,-0.036796875298023224,0.0,-0.11635314673185349,0.029099997133016586,0.10607456415891647,-0.038272373378276825,0.0,-0.14400969445705414,0.05339284613728523,-9.700336456298828,-0.27359092235565186,-0.47394582629203796,-8.590738296508789,0.0,0.0,0.0,0.0,0.0,0.0,0.0,0.0,0.0,0.0,0.0,0.0,-0.11655786633491516,0.027328871190547943,0.10425969958305359,-0.0359649695456028,0.3010828495025635,0.2413308322429657,0.29815030097961426,0.27112963795661926,-1.3223544359207153,-0.5546790957450867,0.6788953542709351,0.0,0.0,0.0,0.0,0.0,0.0,0.0
22546565877,0,0.02464350499212742,0.04565500095486641,-0.6924232840538025,6.569455581484362e-05,-0.04113857448101044,-0.8442511558532715,0.05987214297056198,0.03882725164294243,-0.035803042352199554,-0.04915586858987808,-0.17358800768852234,-0.151827871799469,0.023657891899347305,-0.03711073473095894,0.06866812705993652,0.0,0.0,-0.0047828578390181065,0.04027844965457916,0.05711417645215988,0.059078823775053024,-0.18386438488960266,0.2958996295928955,-0.08783373236656189,-1.5047500133514404,-2.6067020893096924,-47.249061584472656,-0.21475763618946075,0.23787373304367065,-0.04865825176239014,-0.06914001703262329,0.14507555961608887,-0.22491119801998138,0.07918991893529892,13.168402671813965,9.864604949951172,13.020787239074707,11.338360786437988,-0.10119140893220901,0.02299804612994194,0.10272461175918579,-0.036796875298023224,0.0,-0.11635616421699524,0.031881675124168396,0.1060652807354927,-0.04100075364112854,0.0,-0.3341232240200043,0.23298390209674835,-9.837252616882324,-0.2730218768119812,-0.4722261428833008,-8.58454704284668,0.0,0.0,0.0,0.0,0.0,0.0,0.0,0.0,0.0,0.0,0.0,0.0,-0.11667453497648239,0.027822379022836685,0.1047481819987297,-0.036605797708034515,0.30335474014282227,0.23852713406085968,0.300504595041275,0.2677192687988281,-1.1685508489608765,-0.35726723074913025,0.713350236415863,0.0,0.0,0.0,0.0,0.0,0.0,0.0
22556505404,0,0.02464350499212742,0.04565500095486641,-0.6924232840538025,6.569455581484362e-05,-0.04113857448101044,-0.8442511558532715,0.05987214297056198,0.03882725164294243,-0.035803042352199554,-0.04915586858987808,-0.17358800768852234,-0.151827871799469,0.023657891899347305,-0.03711073473095894,0.06866812705993652,0.0,0.0,-0.0047828578390181065,0.02537446841597557,0.06112515553832054,0.06451146304607391,-0.1898539811372757,0.2795410752296448,-0.09007929265499115,-1.477868676185608,-2.6110055446624756,-47.18614959716797,-0.20709973573684692,0.2176978588104248,-0.04865828901529312,-0.07017934322357178,0.146164670586586,-0.2269665002822876,0.08093175292015076,13.1339111328125,9.889914512634277,13.024032592773438,11.278569221496582,-0.10119140893220901,0.021464843302965164,0.10272461175918579,-0.036796875298023224,0.0,-0.11613785475492477,0.032801151275634766,0.10533516854047775,-0.04229689761996269,0.0,-0.2877134680747986,0.07867514342069626,-9.937304496765137,-0.2730218768119812,-0.4722261428833008,-8.58454704284668,0.0,0.0,0.0,0.0,0.0,0.0,0.0,0.0,0.0,0.0,0.0,0.0,-0.11666295677423477,0.028728237375617027,0.1051982119679451,-0.03766588121652603,0.30335474014282227,0.23852713406085968,0.300504595041275,0.2677192687988281,-0.8128710985183716,0.07180536538362503,0.28945618867874146,0.0,0.0,0.0,0.0,0.0,0.0,0.0
22566422918,0,0.024997467175126076,0.046445947140455246,-0.692906379699707,6.569455581484362e-05,-0.04113857448101044,-0.8442511558532715,0.056869007647037506,0.03437007591128349,-0.036576345562934875,-0.049863796681165695,-0.1751699298620224,-0.15134477615356445,0.023361844941973686,-0.03551644831895828,0.06988808512687683,0.0,0.0,-0.0047828578390181065,0.02537446841597557,0.06112515553832054,0.06451146304607391,-0.1898539811372757,0.2795410752296448,-0.09007929265499115,-1.477868676185608,-2.6110055446624756,-47.18614959716797,-0.20709973573684692,0.2176978588104248,-0.04865828901529312,-0.07017934322357178,0.146164670586586,-0.2269665002822876,0.08093175292015076,13.1339111328125,9.889914512634277,13.024032592773438,11.278569221496582,-0.10272461175918579,0.021464843302965164,0.10272461175918579,-0.038330078125,0.0,-0.11613785475492477,0.032801151275634766,0.10533516854047775,-0.04229689761996269,0.0,-0.48045796155929565,-0.20628061890602112,-9.952698707580566,-0.26832321286201477,-0.4667728841304779,-8.582286834716797,0.0,0.0,0.0,0.0,0.0,0.0,0.0,0.0,0.0,0.0,0.0,0.0,-0.11657042801380157,0.029882894828915596,0.10547848045825958,-0.038982000201940536,0.30268919467926025,0.23903228342533112,0.30056747794151306,0.2665436565876007,-0.8128710985183716,0.07180536538362503,0.28945618867874146,0.0,0.0,0.0,0.0,0.0,0.0,0.0
22576229040,0,0.025174381211400032,0.04679175838828087,-0.693146288394928,6.569455581484362e-05,-0.04113857448101044,-0.8442511558532715,0.058401864022016525,0.030946658924221992,-0.035566188395023346,-0.05021762475371361,-0.17586155235767365,-0.1511048674583435,0.02324852906167507,-0.0350663885474205,0.07040771842002869,0.0,0.0,-0.0047828578390181065,0.015258699655532837,0.05885538458824158,0.05990440025925636,-0.1889304220676422,0.27595770359039307,-0.090694360435009,-1.4757776260375977,-2.567250967025757,-47.20257568359375,-0.19549831748008728,0.21801652014255524,-0.04107123613357544,-0.07072129845619202,0.14658550918102264,-0.22788552939891815,0.08179620653390884,12.971587181091309,10.105018615722656,12.821492195129395,11.458130836486816,-0.10272461175918579,0.02299804612994194,0.10272461175918579,-0.038330078125,0.0,-0.11638543009757996,0.030585920438170433,0.10568791627883911,-0.040398456156253815,0.0,-0.48045796155929565,-0.20628061890602112,-9.952698707580566,-0.27197888493537903,-0.4611254930496216,-8.590991973876953,0.0,0.0,0.0,0.0,0.0,0.0,0.0,0.0,0.0,0.0,0.0,0.0,-0.11645650863647461,0.030887072905898094,0.10560613870620728,-0.040153395384550095,0.2995540499687195,0.24332036077976227,0.29665014147758484,0.27007201313972473,-0.8690810799598694,-0.09141947329044342,-0.11565352976322174,0.0,0.0,0.0,0.0,0.0,0.0,0.0
22586264048,0,0.025174381211400032,0.04679175838828087,-0.693146288394928,6.569455581484362e-05,-0.04113857448101044,-0.8442511558532715,0.058401864022016525,0.030946658924221992,-0.035566188395023346,-0.05057026073336601,-0.1765277087688446,-0.15086257457733154,0.02324852906167507,-0.0350663885474205,0.07040771842002869,0.0,0.0,-0.0047828578390181065,-0.01116405799984932,0.05304866284132004,0.05316887050867081,-0.18851915001869202,0.27333274483680725,-0.09144686162471771,-1.5127142667770386,-2.5114541053771973,-47.32211685180664,-0.16355329751968384,0.21749231219291687,-0.0334453284740448,-0.07175037264823914,0.14658550918102264,-0.22788552939891815,0.08179620653390884,12.858694076538086,10.372722625732422,12.607442855834961,11.627327919006348,-0.10272461175918579,0.026064453646540642,0.10425781458616257,-0.036796875298023224,0.0,-0.11697734892368317,0.026526356115937233,0.10686797648668289,-0.03708471730351448,0.0,-0.3551863133907318,-0.11151090264320374,-9.755062103271484,-0.27492812275886536,-0.4548163115978241,-8.599212646484375,0.0,0.0,0.0,0.0,0.0,0.0,0.0,0.0,0.0,0.0,0.0,0.0,-0.1164032444357872,0.03124028630554676,0.10572218149900436,-0.04070942848920822,0.2995540499687195,0.24332036077976227,0.29665014147758484,0.27007201313972473,-1.2118901014328003,-0.1973540335893631,-0.3485909104347229,0.0,0.0,0.0,0.0,0.0,0.0,0.0
22598008435,0,0.025484004989266396,0.04738440737128258,-0.693630576133728,6.569455581484362e-05,-0.04113857448101044,-0.8442511558532715,0.05915655568242073,0.027544431388378143,-0.03388237953186035,-0.05083687603473663,-0.17704685032367706,-0.15062057971954346,0.023234890773892403,-0.03441428393125534,0.07159039378166199,0.0,0.0,-0.0047828578390181065,-0.01116405799984932,0.05304866284132004,0.05316887050867081,-0.18851915001869202,0.27333274483680725,-0.09144686162471771,-1.5127142667770386,-2.5114541053771973,-47.32211685180664,-0.16355329751968384,0.21749231219291687,-0.0334453284740448,-0.07175037264823914,0.14697414636611938,-0.2296208143234253,0.08319386094808578,12.858694076538086,10.372722625732422,12.607442855834961,11.627327919006348,-0.10272461175918579,0.026064453646540642,0.10425781458616257,-0.038330078125,0.0,-0.11697734892368317,0.026526356115937233,0.10686797648668289,-0.03708471730351448,0.0,-0.3551863133907318,-0.11151090264320374,-9.755062103271484,-0.2750389575958252,-0.4566280245780945,-8.604021072387695,0.0,0.0,0.0,0.0,0.0,0.0,0.0,0.0,0.0,0.0,0.0,0.0,-0.11645566672086716,0.030731428414583206,0.10593623667955399,-0.040466900914907455,0.2973703444004059,0.2486431896686554,0.2925018072128296,0.27339065074920654,-1.2118901014328003,-0.1973540335893631,-0.3485909104347229,0.0,0.0,0.0,0.0,0.0,0.0,0.0
22606711251,0,0.025484004989266396,0.04738440737128258,-0.693630576133728,6.569455581484362e-05,-0.04113857448101044,-0.8442511558532715,0.05915655568242073,0.027544431388378143,-0.03388237953186035,-0.051546838134527206,-0.17815926671028137,-0.15009832382202148,0.023234890773892403,-0.03441428393125534,0.07159039378166199,0.0,0.0,-0.0047828578390181065,-0.025262907147407532,0.06684695929288864,0.052452344447374344,-0.18231239914894104,0.25656935572624207,-0.09326543658971786,-1.5127142667770386,-2.5114541053771973,-47.32211685180664,-0.16355329751968384,0.21749231219291687,-0.0334453284740448,-0.07175037264823914,0.14697414636611938,-0.2296208143234253,0.08319386094808578,12.858694076538086,10.372722625732422,12.607442855834961,11.627327919006348,-0.10425781458616257,0.026064453646540642,0.10425781458616257,-0.038330078125,0.0,-0.11697734892368317,0.026526356115937233,0.10686797648668289,-0.03708471730351448,0.0,-0.30421411991119385,-0.08628792315721512,-10.030779838562012,-0.2719275653362274,-0.46583956480026245,-8.622035026550293,0.0,0.0,0.0,0.0,0.0,0.0,0.0,0.0,0.0,0.0,0.0,0.0,-0.11657770723104477,0.029705218970775604,0.10621343553066254,-0.03972351923584938,0.2973703444004059,0.2486431896686554,0.2925018072128296,0.27339065074920654,-0.88519287109375,0.5230768918991089,-0.1654006838798523,0.0,0.0,0.0,0.0,0.0,0.0,0.0
22616463889,0,0.025838984176516533,0.047940611839294434,-0.69415283203125,6.569455581484362e-05,-0.04113857448101044,-0.8442511558532715,0.056402355432510376,0.030783819034695625,-0.03149555251002312,-0.051546838134527206,-0.17815926671028137,-0.15009832382202148,0.023041071370244026,-0.033071763813495636,0.07231702655553818,0.0,0.0,-0.0047828578390181065,-0.025262907147407532,0.06684695929288864,0.052452344447374344,-0.18231239914894104,0.25656935572624207,-0.09326543658971786,-1.4956016540527344,-2.562117576599121,-47.42119216918945,-0.14819756150245667,0.1844916194677353,-0.03484010696411133,-0.07279422134160995,0.14690540730953217,-0.2310664802789688,0.08441584557294846,12.892690658569336,10.436333656311035,12.693867683410645,11.542433738708496,-0.10425781458616257,0.026064453646540642,0.10272461175918579,-0.04139648377895355,0.0,-0.11768252402544022,0.02855280600488186,0.10698752105236053,-0.039533525705337524,0.0,-0.30421411991119385,-0.08628792315721512,-10.030779838562012,-0.2719275653362274,-0.46583956480026245,-8.622035026550293,0.0,0.0,0.0,0.0,0.0,0.0,0.0,0.0,0.0,0.0,0.0,0.0,-0.11674400418996811,0.028707414865493774,0.1064760610461235,-0.03898395597934723,0.2980281114578247,0.24990586936473846,0.29417791962623596,0.2717261016368866,-0.88519287109375,0.5230768918991089,-0.1654006838798523,0.0,0.0,0.0,0.0,0.0,0.0,0.0
22626224137,0,0.026181817054748535,0.04846959188580513,-0.6947267651557922,6.569455581484362e-05,-0.04113857448101044,-0.8442511558532715,0.057044558227062225,0.03487785533070564,-0.03202212601900101,-0.05223250761628151,-0.17921721935272217,-0.14952439069747925,0.022031763568520546,-0.03147462010383606,0.07291258871555328,0.0,0.0,-0.0047828578390181065,-0.02976245805621147,0.07502283155918121,0.04915425181388855,-0.18171444535255432,0.25125712156295776,-0.09379236400127411,-1.5183042287826538,-2.610231399536133,-47.49968338012695,-0.14485108852386475,0.16985422372817993,-0.03123226761817932,-0.07336068898439407,0.146770641207695,-0.23156119883060455,0.08502674102783203,12.801261901855469,10.572412490844727,12.639992713928223,11.621073722839355,-0.10425781458616257,0.024531250819563866,0.10272461175918579,-0.04139648377895355,0.0,-0.12054528295993805,0.02897706814110279,0.10938882827758789,-0.04009261727333069,0.0,-0.28844574093818665,-0.010781080462038517,-9.514971733093262,-0.2753603160381317,-0.4758847951889038,-8.615736961364746,0.0,0.0,0.0,0.0,0.0,0.0,0.0,0.0,0.0,0.0,0.0,0.0,-0.11709851771593094,0.028114240616559982,0.10680485516786575,-0.03863446041941643,0.29625850915908813,0.25260382890701294,0.2931331694126129,0.2732680141925812,-0.7100898027420044,0.6380069851875305,-0.26170065999031067,0.0,0.0,0.0,0.0,0.0,0.0,0.0
22636430996,0,0.026555946096777916,0.04891786724328995,-0.6953518986701965,6.569455581484362e-05,-0.04113857448101044,-0.8442511558532715,0.05902940407395363,0.03199135884642601,-0.04375836253166199,-0.05298076942563057,-0.1801137924194336,-0.14889925718307495,0.020868198946118355,-0.03046068735420704,0.07391344755887985,0.0,0.0,-0.0047828578390181065,-0.050839394330978394,0.0751514583826065,0.0406634584069252,-0.17834101617336273,0.24531282484531403,-0.093968465924263,-1.5183042287826538,-2.610231399536133,-47.49968338012695,-0.14485108852386475,0.16985422372817993,-0.03123226761817932,-0.07336068898439407,0.146770641207695,-0.23156119883060455,0.08502674102783203,12.801261901855469,10.572412490844727,12.639992713928223,11.621073722839355,-0.10425781458616257,0.02299804612994194,0.10425781458616257,-0.04139648377895355,0.0,-0.12054528295993805,0.02897706814110279,0.10938882827758789,-0.04009261727333069,0.0,-0.2880396842956543,-0.10114806145429611,-9.621021270751953,-0.28017711639404297,-0.47086673974990845,-8.527491569519043,0.0,0.0,0.0,0.0,0.0,0.0,0.0,0.0,0.0,0.0,0.0,0.0,-0.11777683347463608,0.027962153777480125,0.10733259469270706,-0.03870585188269615,0.29625850915908813,0.25260382890701294,0.2931331694126129,0.2732680141925812,-1.0438828468322754,0.0932556539773941,-0.308381587266922,0.0,0.0,0.0,0.0,0.0,0.0,0.0
22646492601,0,0.026555946096777916,0.04891786724328995,-0.6953518986701965,6.569455581484362e-05,-0.04113857448101044,-0.8442511558532715,0.05902940407395363,0.03199135884642601,-0.04375836253166199,-0.05298076942563057,-0.1801137924194336,-0.14889925718307495,0.020868198946118355,-0.03046068735420704,0.07391344755887985,0.0,0.0,-0.0047828578390181065,-0.050839394330978394,0.0751514583826065,0.0406634584069252,-0.17834101617336273,0.24531282484531403,-0.093968465924263,-1.5356038808822632,-2.6164090633392334,-47.17051315307617,-0.10836943984031677,0.1634315848350525,-0.02410266548395157,-0.07440877705812454,0.14618967473506927,-0.23211149871349335,0.08584391325712204,12.589876174926758,10.738911628723145,12.336126327514648,11.653873443603516,-0.10425781458616257,0.024531250819563866,0.10579101741313934,-0.039863280951976776,0.0,-0.12333490699529648,0.028055233880877495,0.11267869174480438,-0.039739858359098434,0.0,-0.07884735614061356,-0.23150497674942017,-10.150379180908203,-0.28017711639404297,-0.47086673974990845,-8.527491569519043,0.0,0.0,0.0,0.0,0.0,0.0,0.0,0.0,0.0,0.0,0.0,0.0,-0.11874998360872269,0.02803211100399494,0.10812332481145859,-0.03898058831691742,0.29216083884239197,0.2559000253677368,0.287230521440506,0.2739107012748718,-1.0438828468322754,0.0932556539773941,-0.308381587266922,0.0,0.0,0.0,0.0,0.0,0.0,0.0
22656852858,0,0.026555946096777916,0.04891786724328995,-0.6953518986701965,6.569455581484362e-05,-0.04113857448101044,-0.8442511558532715,0.05902940407395363,0.03199135884642601,-0.04375836253166199,-0.05298076942563057,-0.1801137924194336,-0.14889925718307495,0.020868198946118355,-0.03046068735420704,0.07391344755887985,0.0,0.0,-0.0047828578390181065,-0.06627986580133438,0.07158603519201279,0.03988379240036011,-0.15658167004585266,0.22803476452827454,-0.09581317007541656,-1.5356038808822632,-2.6164090633392334,-47.17051315307617,-0.10836943984031677,0.1634315848350525,-0.02410266548395157,-0.07440877705812454,0.14618967473506927,-0.23211149871349335,0.08584391325712204,12.57908821105957,10.684326171875,12.2535982131958,11.530531883239746,-0.10425781458616257,0.024531250819563866,0.10579101741313934,-0.039863280951976776,0.0,-0.12344123423099518,0.028198597952723503,0.11344084143638611,-0.04016517847776413,0.0,-0.3893722891807556,-0.19160807132720947,-10.325884819030762,-0.28017711639404297,-0.47086673974990845,-8.527491569519043,0.0,0.0,0.0,0.0,0.0,0.0,0.0,0.0,0.0,0.0,0.0,0.0,-0.11995084583759308,0.028119923546910286,0.10923618078231812,-0.039291709661483765,0.29216083884239197,0.2559000253677368,0.287230521440506,0.2739107012748718,-1.210662603378296,-0.12359946966171265,-0.14825589954853058,0.0,0.0,0.0,0.0,0.0,0.0,0.0
22666313561,0,0.026953324675559998,0.04928595572710037,-0.6960400342941284,6.569455581484362e-05,-0.04113857448101044,-0.8442511558532715,0.0523570291697979,0.028027497231960297,-0.051595017313957214,-0.05426172912120819,-0.18112978339195251,-0.14786171913146973,0.019241521134972572,-0.02899417281150818,0.07479796558618546,0.0,0.0,-0.0047828578390181065,-0.08619540929794312,0.07013412564992905,0.04219815880060196,-0.15658167004585266,0.22803476452827454,-0.09581317007541656,-1.5109676122665405,-2.593165397644043,-46.68842315673828,-0.0650302991271019,0.1566292941570282,-0.026713907718658447,-0.075516477227211,0.14467625319957733,-0.23252111673355103,0.08654672652482986,12.58973217010498,10.630075454711914,12.222657203674316,11.391040802001953,-0.10425781458616257,0.02299804612994194,0.10732422024011612,-0.039863280951976776,0.0,-0.12207786738872528,0.028275569900870323,0.11223623901605606,-0.0408063568174839,0.0,-0.3893722891807556,-0.19160807132720947,-10.325884819030762,-0.2648652195930481,-0.45661240816116333,-8.503149032592773,0.0,0.0,0.0,0.0,0.0,0.0,0.0,0.0,0.0,0.0,0.0,0.0,-0.1211177259683609,0.028174564242362976,0.11046864092350006,-0.03961586207151413,0.2921581566333771,0.2537460923194885,0.28502151370048523,0.2687544524669647,-0.9282369017601013,-0.16155506670475006,0.10252279043197632,0.0,0.0,0.0,0.0,0.0,0.0,0.0
22677262096,0,0.027196422219276428,0.04942586272954941,-0.6963894367218018,6.569455581484362e-05,-0.04113857448101044,-0.8442511558532715,0.050638243556022644,0.023531699553132057,-0.049332380294799805,-0.05426172912120819,-0.18112978339195251,-0.14786171913146973,0.01820690743625164,-0.02831559255719185,0.07502105832099915,0.0,0.0,-0.0047828578390181065,-0.08619540929794312,0.07013412564992905,0.04219815880060196,-0.15658167004585266,0.22803476452827454,-0.09581317007541656,-1.472745656967163,-2.556511402130127,-46.635414123535156,-0.052807655185461044,0.1542467474937439,-0.028730005025863647,-0.0759861171245575,0.14376674592494965,-0.23260387778282166,0.0868663564324379,12.644468307495117,10.588652610778809,12.246905326843262,11.307032585144043,-0.10425781458616257,0.024531250819563866,0.10732422024011612,-0.039863280951976776,0.0,-0.11947859078645706,0.028390362858772278,0.1097961887717247,-0.04120396822690964,0.0,-0.3893722891807556,-0.19160807132720947,-10.325884819030762,-0.2648652195930481,-0.45661240816116333,-8.503149032592773,0.0,0.0,0.0,0.0,0.0,0.0,0.0,0.0,0.0,0.0,0.0,0.0,-0.12181176990270615,0.028221819549798965,0.11134396493434906,-0.03998372703790665,0.29322001338005066,0.25292572379112244,0.28549379110336304,0.2671034634113312,-0.9282369017601013,-0.16155506670475006,0.10252279043197632,0.0,0.0,0.0,0.0,0.0,0.0,0.0
22686396172,0,0.027196422219276428,0.04942586272954941,-0.6963894367218018,6.569455581484362e-05,-0.04113857448101044,-0.8442511558532715,0.050638243556022644,0.023531699553132057,-0.049332380294799805,-0.05426172912120819,-0.18112978339195251,-0.14786171913146973,0.01820690743625164,-0.02831559255719185,0.07502105832099915,0.0,0.0,-0.0047828578390181065,-0.08102457970380783,0.05228276923298836,0.033299047499895096,-0.1380055695772171,0.21585388481616974,-0.09685065597295761,-1.4742895364761353,-2.48626708984375,-46.988624572753906,-0.0584913045167923,0.17076370120048523,-0.018131747841835022,-0.07706969231367111,0.14376674592494965,-0.23260387778282166,0.0868663564324379,12.481642723083496,10.907923698425293,12.054253578186035,11.691964149475098,-0.10425781458616257,0.024531250819563866,0.1088574230670929,-0.039863280951976776,0.0,-0.11917974054813385,0.02512352541089058,0.10943258553743362,-0.037775054574012756,0.0,-0.18686681985855103,0.024195358157157898,-9.840347290039062,-0.2648652195930481,-0.45661240816116333,-8.503149032592773,0.0,0.0,0.0,0.0,0.0,0.0,0.0,0.0,0.0,0.0,0.0,0.0,-0.12182869017124176,0.02812016010284424,0.1115846335887909,-0.040213290601968765,0.29322001338005066,0.25292572379112244,0.28549379110336304,0.2671034634113312,0.15103137493133545,-0.7192580699920654,-0.24108338356018066,0.0,0.0,0.0,0.0,0.0,0.0,0.0
22696417031,0,0.02769758179783821,0.04969458281993866,-0.6971077919006348,6.569455581484362e-05,-0.04113857448101044,-0.8442511558532715,0.05124557763338089,0.020748717710375786,-0.0446898452937603,-0.055264052003622055,-0.18166722357273102,-0.14714336395263672,0.016491161659359932,-0.027561094611883163,0.07507149130105972,0.0,0.0,-0.0047828578390181065,-0.08102457970380783,0.05228276923298836,0.033299047499895096,-0.1380055695772171,0.21585388481616974,-0.09685065597295761,-1.4742895364761353,-2.48626708984375,-46.988624572753906,-0.0584913045167923,0.17076370120048523,-0.018131747841835022,-0.07706969231367111,0.1414480209350586,-0.2328648716211319,0.08746108412742615,12.481642723083496,10.907923698425293,12.054253578186035,11.691964149475098,-0.10425781458616257,0.024531250819563866,0.1088574230670929,-0.039863280951976776,0.0,-0.11917974054813385,0.02512352541089058,0.10943258553743362,-0.037775054574012756,0.0,-0.18686681985855103,0.024195358157157898,-9.840347290039062,-0.2680526375770569,-0.45204854011535645,-8.543386459350586,0.0,0.0,0.0,0.0,0.0,0.0,0.0,0.0,0.0,0.0,0.0,0.0,-0.12136200070381165,0.027667906135320663,0.11132264137268066,-0.0400344543159008,0.29005932807922363,0.25923997163772583,0.28173863887786865,0.27465686202049255,0.15103137493133545,-0.7192580699920654,-0.24108338356018066,0.0,0.0,0.0,0.0,0.0,0.0,0.0
22706656386,0,0.02769758179783821,0.04969458281993866,-0.6971077919006348,6.569455581484362e-05,-0.04113857448101044,-0.8442511558532715,0.05124557763338089,0.020748717710375786,-0.0446898452937603,-0.055264052003622055,-0.18166722357273102,-0.14714336395263672,0.016491161659359932,-0.027561094611883163,0.07507149130105972,0.0,0.0,-0.0047828578390181065,-0.07390642166137695,0.050354961305856705,0.034632306545972824,-0.1315777599811554,0.21047425270080566,-0.09731447696685791,-1.4929097890853882,-2.4911048412323,-47.01976013183594,-0.06267450749874115,0.16533873975276947,-0.020814567804336548,-0.07752546668052673,0.1405113935470581,-0.23300838470458984,0.08766818046569824,12.546671867370605,10.852629661560059,12.148636817932129,11.635515213012695,-0.10579101741313934,0.026064453646540642,0.1088574230670929,-0.039863280951976776,0.0,-0.119264617562294,0.02475675754249096,0.10922472923994064,-0.037581916898489,0.0,-0.40870457887649536,0.15577231347560883,-9.958324432373047,-0.2680526375770569,-0.45204854011535645,-8.543386459350586,0.0,0.0,0.0,0.0,0.0,0.0,0.0,0.0,0.0,0.0,0.0,0.0,-0.12073370814323425,0.02695905603468418,0.11083542555570602,-0.039520666003227234,0.2913222312927246,0.2581476867198944,0.28357934951782227,0.2735510468482971,0.5003170371055603,-0.5219439268112183,-0.06200488656759262,0.0,0.0,0.0,0.0,0.0,0.0,0.0
22716371149,0,0.028993507847189903,0.05014629289507866,-0.6985084414482117,6.569455581484362e-05,-0.04113857448101044,-0.8442511558532715,0.050913210958242416,0.02746424451470375,-0.04997234046459198,-0.05785591900348663,-0.1825706511735916,-0.14574271440505981,0.014668850228190422,-0.02603517472743988,0.07646643370389938,0.0,0.0,-0.0047828578390181065,-0.06868976354598999,0.05066465586423874,0.03440187871456146,-0.12421765178442001,0.20541244745254517,-0.09757306426763535,-1.4929097890853882,-2.4911048412323,-47.01976013183594,-0.06267450749874115,0.16533873975276947,-0.020814567804336548,-0.07752546668052673,0.1405113935470581,-0.23300838470458984,0.08766818046569824,12.546671867370605,10.852629661560059,12.148636817932129,11.635515213012695,-0.10732422024011612,0.026064453646540642,0.11039062589406967,-0.039863280951976776,0.0,-0.119264617562294,0.02475675754249096,0.10922472923994064,-0.037581916898489,0.0,-0.16157138347625732,-0.2221522033214569,-9.788792610168457,-0.27406737208366394,-0.46673384308815,-8.503106117248535,0.0,0.0,0.0,0.0,0.0,0.0,0.0,0.0,0.0,0.0,0.0,0.0,-0.12014968693256378,0.02622096985578537,0.11030816286802292,-0.03891913592815399,0.2913222312927246,0.2581476867198944,0.28357934951782227,0.2735510468482971,0.5613402724266052,-0.2696768343448639,-0.047257471829652786,0.0,0.0,0.0,0.0,0.0,0.0,0.0
22726888454,0,0.028993507847189903,0.05014629289507866,-0.6985084414482117,6.569455581484362e-05,-0.04113857448101044,-0.8442511558532715,0.050913210958242416,0.02746424451470375,-0.04997234046459198,-0.05785591900348663,-0.1825706511735916,-0.14574271440505981,0.014668850228190422,-0.02603517472743988,0.07646643370389938,0.0,0.0,-0.0047828578390181065,-0.06831199675798416,0.050003502517938614,0.03272224962711334,-0.12421765178442001,0.20541244745254517,-0.09757306426763535,-1.514341950416565,-2.574826717376709,-46.854862213134766,-0.053563833236694336,0.1545262485742569,-0.018199577927589417,-0.07849730551242828,0.1386089324951172,-0.2331569492816925,0.08813508599996567,12.432683944702148,10.904508590698242,12.04278564453125,11.624791145324707,-0.10732422024011612,0.027597656473517418,0.11192382872104645,-0.04139648377895355,0.0,-0.12346161901950836,0.026562301442027092,0.1132069006562233,-0.03960341960191727,0.0,-0.16157138347625732,-0.2221522033214569,-9.788792610168457,-0.27406737208366394,-0.46673384308815,-8.503106117248535,0.0,0.0,0.0,0.0,0.0,0.0,0.0,0.0,0.0,0.0,0.0,0.0,-0.11989274621009827,0.02567107602953911,0.11003262549638748,-0.03846979886293411,0.2891080975532532,0.2591724395751953,0.2815149426460266,0.2733408808708191,0.37098079919815063,-0.20476095378398895,-0.11339600384235382,0.0,0.0,0.0,0.0,0.0,0.0,0.0
22736448303,0,0.029619863256812096,0.05025643855333328,-0.6991918683052063,6.569455581484362e-05,-0.04113857448101044,-0.8442511558532715,0.04704298824071884,0.02136472798883915,-0.04863962158560753,-0.059108633548021317,-0.18279093503952026,-0.14505928754806519,0.013081463985145092,-0.025569608435034752,0.07715831696987152,0.0,0.0,-0.0047828578390181065,-0.06307613104581833,0.02454615756869316,0.03621654212474823,-0.10729553550481796,0.20154276490211487,-0.09851555526256561,-1.4914889335632324,-2.5583572387695312,-46.78916549682617,-0.04776681214570999,0.18680347502231598,-0.022765465080738068,-0.07951924204826355,0.13653308153152466,-0.23342090845108032,0.0886244997382164,12.596366882324219,10.736907958984375,12.085363388061523,11.539423942565918,-0.1088574230670929,0.026064453646540642,0.11192382872104645,-0.04139648377895355,0.0,-0.12082619965076447,0.027083827182650566,0.11155620962381363,-0.04018864408135414,0.0,-0.2351941168308258,-0.015535746701061726,-10.071630477905273,-0.2683930993080139,-0.4553363621234894,-8.5183744430542,0.0,0.0,0.0,0.0,0.0,0.0,0.0,0.0,0.0,0.0,0.0,0.0,-0.12010974436998367,0.025505851954221725,0.11022300273180008,-0.03839173913002014,0.29228678345680237,0.25586023926734924,0.28234556317329407,0.2716672420501709,0.3547407388687134,-0.9806870818138123,0.12356333434581757,0.0,0.0,0.0,0.0,0.0,0.0,0.0
22746509921,0,0.029619863256812096,0.05025643855333328,-0.6991918683052063,6.569455581484362e-05,-0.04113857448101044,-0.8442511558532715,0.04704298824071884,0.02136472798883915,-0.04863962158560753,-0.059108633548021317,-0.18279093503952026,-0.14505928754806519,0.013081463985145092,-0.025569608435034752,0.07715831696987152,0.0,0.0,-0.0047828578390181065,-0.06307613104581833,0.02454615756869316,0.03621654212474823,-0.10729553550481796,0.20154276490211487,-0.09851555526256561,-1.4914889335632324,-2.5583572387695312,-46.78916549682617,-0.04776681214570999,0.18680347502231598,-0.022765465080738068,-0.07951924204826355,0.13653308153152466,-0.23342090845108032,0.0886244997382164,12.596366882324219,10.736907958984375,12.085363388061523,11.539423942565918,-0.10732422024011612,0.026064453646540642,0.11039062589406967,-0.04139648377895355,0.0,-0.12082619965076447,0.027083827182650566,0.11155620962381363,-0.04018864408135414,0.0,-0.2351941168308258,-0.015535746701061726,-10.071630477905273,-0.2683930993080139,-0.4553363621234894,-8.5183744430542,0.0,0.0,0.0,0.0,0.0,0.0,0.0,0.0,0.0,0.0,0.0,0.0,-0.12047024071216583,0.02569171041250229,0.11063878983259201,-0.03865792602300644,0.29228678345680237,0.25586023926734924,0.28234556317329407,0.2716672420501709,0.3547407388687134,-0.9806870818138123,0.12356333434581757,0.0,0.0,0.0,0.0,0.0,0.0,0.0
22756704675,0,0.02994496561586857,0.050293974578380585,-0.6995235085487366,6.569455581484362e-05,-0.04113857448101044,-0.8442511558532715,0.044552139937877655,0.015945756807923317,-0.044986333698034286,-0.05975884199142456,-0.18286600708961487,-0.1447276473045349,0.01270859595388174,-0.025546502321958542,0.07741940021514893,0.0,0.0,-0.0047828578390181065,-0.05093594267964363,0.012785820290446281,0.03625877946615219,-0.10433974117040634,0.20140214264392853,-0.09882297366857529,-1.476162075996399,-2.504349946975708,-46.85105895996094,-0.061239298433065414,0.199015274643898,-0.021803155541419983,-0.08002360165119171,0.13557565212249756,-0.23373964428901672,0.08892494440078735,12.580089569091797,10.727578163146973,12.071508407592773,11.61046314239502,-0.10732422024011612,0.024531250819563866,0.11039062589406967,-0.04139648377895355,0.0,-0.11906451731920242,0.025780998170375824,0.10959593206644058,-0.038811080157756805,0.0,-0.4281059503555298,-0.23090897500514984,-9.991973876953125,-0.2642747163772583,-0.44509294629096985,-8.54781723022461,0.0,0.0,0.0,0.0,0.0,0.0,0.0,0.0,0.0,0.0,0.0,0.0,-0.12063194066286087,0.025979897007346153,0.11092212796211243,-0.039007749408483505,0.2919711172580719,0.25567564368247986,0.2820754051208496,0.2730600833892822,0.7835499048233032,-1.0398954153060913,0.05154431238770485,0.0,0.0,0.0,0.0,0.0,0.0,0.0
22766645821,0,0.02994496561586857,0.050293974578380585,-0.6995235085487366,6.569455581484362e-05,-0.04113857448101044,-0.8442511558532715,0.044552139937877655,0.015945756807923317,-0.044986333698034286,-0.06041241064667702,-0.1829104870557785,-0.14439678192138672,0.01270859595388174,-0.025546502321958542,0.07741940021514893,0.0,0.0,-0.0047828578390181065,-0.016504671424627304,0.01457285974174738,0.03360564634203911,-0.10462818294763565,0.20060019195079803,-0.09911532700061798,-1.476162075996399,-2.504349946975708,-46.85105895996094,-0.061239298433065414,0.199015274643898,-0.021803155541419983,-0.08002360165119171,0.13557565212249756,-0.23373964428901672,0.08892494440078735,12.580089569091797,10.727578163146973,12.071508407592773,11.61046314239502,-0.10732422024011612,0.02299804612994194,0.1088574230670929,-0.039863280951976776,0.0,-0.11906451731920242,0.025780998170375824,0.10959593206644058,-0.038811080157756805,0.0,-0.0974401980638504,0.3023163676261902,-9.722917556762695,-0.2636791169643402,-0.4436500072479248,-8.568058967590332,0.0,0.0,0.0,0.0,0.0,0.0,0.0,0.0,0.0,0.0,0.0,0.0,-0.1205034852027893,0.026145027950406075,0.11090719699859619,-0.039207056164741516,0.2919711172580719,0.25567564368247986,0.2820754051208496,0.2730600833892822,1.452555775642395,-0.15187788009643555,-0.033269599080085754,0.0,0.0,0.0,0.0,0.0,0.0,0.0
22776895671,0,0.030591124668717384,0.0503305085003376,-0.7001667022705078,6.569455581484362e-05,-0.04113857448101044,-0.8442511558532715,0.0419519767165184,0.015193972736597061,-0.039832692593336105,-0.06105116754770279,-0.1829390674829483,-0.14408445358276367,0.013136252760887146,-0.025339273735880852,0.07804238796234131,0.0,0.0,-0.0047828578390181065,-0.016504671424627304,0.01457285974174738,0.03360564634203911,-0.10462818294763565,0.20060019195079803,-0.09911532700061798,-1.4421288967132568,-2.443861484527588,-47.20936965942383,-0.10425298660993576,0.1849660873413086,-0.018838077783584595,-0.08094747364521027,0.13438424468040466,-0.23435470461845398,0.08938007056713104,12.511282920837402,10.847864151000977,12.178572654724121,11.821084022521973,-0.1088574230670929,0.024531250819563866,0.1088574230670929,-0.039863280951976776,0.0,-0.11711335927248001,0.024539975449442863,0.1057858094573021,-0.03741244599223137,0.0,-0.0974401980638504,0.3023163676261902,-9.722917556762695,-0.26220524311065674,-0.44433844089508057,-8.583521842956543,0.0,0.0,0.0,0.0,0.0,0.0,0.0,0.0,0.0,0.0,0.0,0.0,-0.12008475512266159,0.026101814582943916,0.11048213392496109,-0.039167486131191254,0.2906351089477539,0.258053719997406,0.284162700176239,0.27718377113342285,1.452555775642395,-0.15187788009643555,-0.033269599080085754,0.0,0.0,0.0,0.0,0.0,0.0,0.0
22786666453,0,0.030591124668717384,0.0503305085003376,-0.7001667022705078,6.569455581484362e-05,-0.04113857448101044,-0.8442511558532715,0.0419519767165184,0.015193972736597061,-0.039832692593336105,-0.06236977502703667,-0.18290407955646515,-0.14348512887954712,0.013136252760887146,-0.025339273735880852,0.07804238796234131,0.0,0.0,-0.0047828578390181065,0.0030858905520290136,0.021438438445329666,0.031776878982782364,-0.10385710746049881,0.19535604119300842,-0.1004352867603302,-1.4421288967132568,-2.443861484527588,-47.20936965942383,-0.10425298660993576,0.1849660873413086,-0.018838077783584595,-0.08094747364521027,0.13438424468040466,-0.23435470461845398,0.08938007056713104,12.511282920837402,10.847864151000977,12.178572654724121,11.821084022521973,-0.11039062589406967,0.026064453646540642,0.1088574230670929,-0.04139648377895355,0.0,-0.11711335927248001,0.024539975449442863,0.1057858094573021,-0.03741244599223137,0.0,-0.3592827320098877,-0.6743937730789185,-9.942764282226562,-0.26276057958602905,-0.46050477027893066,-8.623922348022461,0.0,0.0,0.0,0.0,0.0,0.0,0.0,0.0,0.0,0.0,0.0,0.0,-0.11942052096128464,0.025849608704447746,0.10958226025104523,-0.03888869285583496,0.2906351089477539,0.258053719997406,0.284162700176239,0.27718377113342285,0.9743853807449341,0.20853179693222046,-0.09492605179548264,0.0,0.0,0.0,0.0,0.0,0.0,0.0
22796558279,0,0.031250424683094025,0.05031300708651543,-0.7007660269737244,6.569455581484362e-05,-0.04113857448101044,-0.8442511558532715,0.03996158018708229,0.02303706482052803,-0.03359973803162575,-0.06236977502703667,-0.18290407955646515,-0.14348512887954712,0.013825681060552597,-0.024967672303318977,0.07868608087301254,0.0,0.0,-0.0047828578390181065,0.006522770971059799,0.015723951160907745,0.02992718107998371,-0.10385710746049881,0.19535604119300842,-0.1004352867603302,-1.4451831579208374,-2.532776355743408,-47.43157196044922,-0.1166868507862091,0.17183229327201843,-0.01635897159576416,-0.08185088634490967,0.13394731283187866,-0.23459681868553162,0.08980660885572433,12.468640327453613,10.97314167022705,12.216353416442871,11.943467140197754,-0.11039062589406967,0.027597656473517418,0.11039062589406967,-0.039863280951976776,0.0,-0.12022142857313156,0.026937561109662056,0.10805351287126541,-0.03965470567345619,0.0,-0.3592827320098877,-0.6743937730789185,-9.942764282226562,-0.26276057958602905,-0.46050477027893066,-8.623922348022461,0.0,0.0,0.0,0.0,0.0,0.0,0.0,0.0,0.0,0.0,0.0,0.0,-0.11881148815155029,0.02559451200067997,0.1085437536239624,-0.038582611829042435,0.2898067533969879,0.260527104139328,0.28489887714385986,0.27957582473754883,0.6047832369804382,-0.11950388550758362,-0.11529546231031418,0.0,0.0,0.0,0.0,0.0,0.0,0.0
22806537362,0,0.03195466473698616,0.050201572477817535,-0.7013148069381714,6.569455581484362e-05,-0.04113857448101044,-0.8442511558532715,0.0399945043027401,0.02070595510303974,-0.03553077578544617,-0.06377825886011124,-0.18268120288848877,-0.1429363489151001,0.013601318933069706,-0.024694982916116714,0.07912018895149231,0.0,0.0,-0.0047828578390181065,0.006522770971059799,0.015723951160907745,0.02992718107998371,-0.10385710746049881,0.19535604119300842,-0.1004352867603302,-1.451554536819458,-2.527954339981079,-47.38617706298828,-0.11770804226398468,0.1826222538948059,-0.014549054205417633,-0.08232765644788742,0.13384027779102325,-0.23465381562709808,0.08997791260480881,12.430696487426758,10.99248218536377,12.146147727966309,11.998957633972168,-0.1088574230670929,0.027597656473517418,0.11039062589406967,-0.039863280951976776,0.0,-0.12067656964063644,0.026482846587896347,0.10868299007415771,-0.039184365421533585,0.0,-0.3592827320098877,-0.6743937730789185,-9.942764282226562,-0.2654400169849396,-0.45532408356666565,-8.6031494140625,0.0,0.0,0.0,0.0,0.0,0.0,0.0,0.0,0.0,0.0,0.0,0.0,-0.11864975094795227,0.025585301220417023,0.10786697268486023,-0.038504768162965775,0.28906944394111633,0.2609085142612457,0.28353068232536316,0.2806594669818878,0.6047832369804382,-0.11950388550758362,-0.11529546231031418,0.0,0.0,0.0,0.0,0.0,0.0,0.0
22816640856,0,0.03195466473698616,0.050201572477817535,-0.7013148069381714,6.569455581484362e-05,-0.04113857448101044,-0.8442511558532715,0.0399945043027401,0.02070595510303974,-0.03553077578544617,-0.06528189033269882,-0.18245287239551544,-0.14237409830093384,0.013601318933069706,-0.024694982916116714,0.07912018895149231,0.0,0.0,-0.0047828578390181065,0.023951400071382523,0.015226897783577442,0.039380744099617004,-0.10930268466472626,0.19765512645244598,-0.10119077563285828,-1.451554536819458,-2.527954339981079,-47.38617706298828,-0.11770804226398468,0.1826222538948059,-0.014549054205417633,-0.08232765644788742,0.13384027779102325,-0.23465381562709808,0.08997791260480881,12.430696487426758,10.99248218536377,12.146147727966309,11.998957633972168,-0.10732422024011612,0.027597656473517418,0.1088574230670929,-0.039863280951976776,0.0,-0.12067656964063644,0.026482846587896347,0.10868299007415771,-0.039184365421533585,0.0,-0.3570508360862732,0.15039977431297302,-9.71777629852295,-0.268664687871933,-0.4315101206302643,-8.575430870056152,0.0,0.0,0.0,0.0,0.0,0.0,0.0,0.0,0.0,0.0,0.0,0.0,-0.11892321705818176,0.02576737105846405,0.10765566676855087,-0.03861358389258385,0.28906944394111633,0.2609085142612457,0.28353068232536316,0.2806594669818878,0.7991815805435181,0.11239507049322128,0.39203014969825745,0.0,0.0,0.0,0.0,0.0,0.0,0.0
22826569224,0,0.032706476747989655,0.05008740350604057,-0.7018770575523376,6.569455581484362e-05,-0.04113857448101044,-0.8442511558532715,0.04086168110370636,0.009185010567307472,-0.038935448974370956,-0.06528189033269882,-0.18245287239551544,-0.14237409830093384,0.013773065060377121,-0.024247171357274055,0.08027338236570358,0.0,0.0,-0.0047828578390181065,0.023951400071382523,0.015226897783577442,0.039380744099617004,-0.10930268466472626,0.19765512645244598,-0.10119077563285828,-1.4649051427841187,-2.456005334854126,-47.23763656616211,-0.14468374848365784,0.17452041804790497,-0.026951760053634644,-0.0831938311457634,0.13386723399162292,-0.23476079106330872,0.09039498120546341,12.650345802307129,10.608956336975098,12.4669771194458,11.675992965698242,-0.10732422024011612,0.024531250819563866,0.1088574230670929,-0.039863280951976776,0.0,-0.11699705570936203,0.024508057162165642,0.10412851721048355,-0.03776462748646736,0.0,-0.3570508360862732,0.15039977431297302,-9.71777629852295,-0.268664687871933,-0.4315101206302643,-8.575430870056152,0.0,0.0,0.0,0.0,0.0,0.0,0.0,0.0,0.0,0.0,0.0,0.0,-0.11921150237321854,0.025897840037941933,0.10753121227025986,-0.038706932216882706,0.2933339476585388,0.2533278167247772,0.2897745370864868,0.2743440866470337,0.7991815805435181,0.11239507049322128,0.39203014969825745,0.0,0.0,0.0,0.0,0.0,0.0,0.0
22837173936,0,0.03310169652104378,0.05005041882395744,-0.7021661400794983,6.569455581484362e-05,-0.04113857448101044,-0.8442511558532715,0.03985767811536789,0.005033870227634907,-0.03937174007296562,-0.06607232987880707,-0.18237890303134918,-0.1420850157737732,0.014316881075501442,-0.024169372394680977,0.0808296725153923,0.0,0.0,-0.0047828578390181065,0.04093538969755173,0.02098185382783413,0.04583234339952469,-0.11707320809364319,0.1901664286851883,-0.10292746126651764,-1.4776557683944702,-2.373305559158325,-47.16487121582031,-0.16938410699367523,0.16541963815689087,-0.03300882875919342,-0.08365759998559952,0.13386723399162292,-0.23476079106330872,0.09039498120546341,12.73530101776123,10.416603088378906,12.655933380126953,11.532939910888672,-0.1088574230670929,0.019931640475988388,0.1088574230670929,-0.039863280951976776,0.0,-0.11429804563522339,0.02167169190943241,0.10056408494710922,-0.035348933190107346,0.0,-0.24935288727283478,-0.4058907926082611,-9.928733825683594,-0.2678200602531433,-0.42323586344718933,-8.571914672851562,0.0,0.0,0.0,0.0,0.0,0.0,0.0,0.0,0.0,0.0,0.0,0.0,-0.11898989230394363,0.025665806606411934,0.10688778012990952,-0.03853301703929901,0.2933339476585388,0.2533278167247772,0.2897745370864868,0.2743440866470337,1.137549638748169,0.37649354338645935,0.509657084941864,0.0,0.0,0.0,0.0,0.0,0.0,0.0
22868355802,0,0.03310169652104378,0.05005041882395744,-0.7021661400794983,6.569455581484362e-05,-0.04113857448101044,-0.8442511558532715,0.03985767811536789,0.005033870227634907,-0.03937174007296562,-0.06607232987880707,-0.18237890303134918,-0.1420850157737732,0.014316881075501442,-0.024169372394680977,0.0808296725153923,0.0,0.0,-0.0047828578390181065,0.056102823466062546,0.033231280744075775,0.04711427167057991,-0.12306229770183563,0.18824927508831024,-0.10349667817354202,-1.4730103015899658,-2.3277971744537354,-47.145530700683594,-0.18742184340953827,0.15332768857479095,-0.033586665987968445,-0.08412530273199081,0.13469532132148743,-0.23442134261131287,0.09131233394145966,12.566165924072266,10.500886917114258,12.626376152038574,11.616069793701172,-0.1088574230670929,0.019931640475988388,0.10732422024011612,-0.039863280951976776,0.0,-0.11446353793144226,0.02007319964468479,0.09934842586517334,-0.03389516472816467,0.0,-0.2978265881538391,-0.5432313084602356,-9.888415336608887,-0.2678200602531433,-0.42323586344718933,-8.571914672851562,0.0,0.0,0.0,0.0,0.0,0.0,0.0,0.0,0.0,0.0,0.0,0.0,-0.11814726889133453,0.024871772155165672,0.10551279038190842,-0.03790430724620819,0.29431962966918945,0.24906104803085327,0.2946430742740631,0.27143776416778564,0.6499049663543701,0.5377918481826782,0.09520004689693451,0.0,0.0,0.0,0.0,0.0,0.0,0.0
22868428215,0,0.03386742249131203,0.050031863152980804,-0.7027685642242432,6.569455581484362e-05,-0.04113857448101044,-0.8442511558532715,0.03846718370914459,0.002578273881226778,-0.03874252364039421,-0.06760378926992416,-0.1823417842388153,-0.14148259162902832,0.015664439648389816,-0.023678403347730637,0.08162127435207367,0.0,0.0,-0.0047828578390181065,0.056102823466062546,0.033231280744075775,0.04711427167057991,-0.12306229770183563,0.18824927508831024,-0.10349667817354202,-1.4745558500289917,-2.3025083541870117,-47.16550064086914,-0.19138553738594055,0.14415469765663147,-0.029418185353279114,-0.08459825068712234,0.1353415548801422,-0.23401227593421936,0.09184518456459045,12.566165924072266,10.500886917114258,12.626376152038574,11.616069793701172,-0.1088574230670929,0.021464843302965164,0.10732422024011612,-0.038330078125,0.0,-0.11383230984210968,0.019120575860142708,0.09863939136266708,-0.03312224522233009,0.0,-0.2978265881538391,-0.5432313084602356,-9.888415336608887,-0.2681010663509369,-0.41863787174224854,-8.575545310974121,0.0,0.0,0.0,0.0,0.0,0.0,0.0,0.0,0.0,0.0,0.0,0.0,-0.11701634526252747,0.023625582456588745,0.10372242331504822,-0.036886706948280334,0.2917007505893707,0.2511861026287079,0.29286903142929077,0.2731698453426361,0.6499049663543701,0.5377918481826782,0.09520004689693451,0.0,0.0,0.0,0.0,0.0,0.0,0.0
22868459393,0,0.03386742249131203,0.050031863152980804,-0.7027685642242432,6.569455581484362e-05,-0.04113857448101044,-0.8442511558532715,0.03846718370914459,0.002578273881226778,-0.03874252364039421,-0.06908248364925385,-0.18277697265148163,-0.14085161685943604,0.015664439648389816,-0.023678403347730637,0.08162127435207367,0.0,0.0,-0.0047828578390181065,0.054506197571754456,0.03663425147533417,0.04724975675344467,-0.13687321543693542,0.17808616161346436,-0.10519115626811981,-1.4895665645599365,-2.3132684230804443,-47.14579772949219,-0.19215552508831024,0.13843795657157898,-0.029075346887111664,-0.08548414707183838,0.13661427795886993,-0.23297470808029175,0.09278468042612076,12.55395793914795,10.515425682067871,12.6281099319458,11.621479988098145,-0.10732422024011612,0.02299804612994194,0.10732422024011612,-0.039863280951976776,0.0,-0.11475124210119247,0.018859606236219406,0.09927421063184738,-0.03306034207344055,0.0,-0.45347222685813904,-0.1894298940896988,-9.982666015625,-0.27083027362823486,-0.4205942749977112,-8.5719633102417,0.0,0.0,0.0,0.0,0.0,0.0,0.0,0.0,0.0,0.0,0.0,0.0,-0.11594411730766296,0.022213302552700043,0.10196594148874283,-0.035724394023418427,0.2914637327194214,0.25147444009780884,0.29290255904197693,0.27327603101730347,0.077610544860363,0.30139511823654175,0.02288135699927807,0.0,0.0,0.0,0.0,0.0,0.0,0.0
22907516959,0,0.03460676595568657,0.050249453634023666,-0.7033995389938354,6.569455581484362e-05,-0.04113857448101044,-0.8442511558532715,0.03818736970424652,0.0030340924859046936,-0.03894549608230591,-0.07051269710063934,-0.1831851601600647,-0.14018899202346802,0.016588347032666206,-0.02303299494087696,0.08201924711465836,0.0,0.0,-0.0047828578390181065,0.057075534015893936,0.04291157424449921,0.047382790595293045,-0.1426645666360855,0.17454442381858826,-0.10586504638195038,-1.4895665645599365,-2.3132684230804443,-47.14579772949219,-0.19215552508831024,0.13843795657157898,-0.029075346887111664,-0.08548414707183838,0.13661427795886993,-0.23297470808029175,0.09278468042612076,12.55395793914795,10.515425682067871,12.6281099319458,11.621479988098145,-0.10732422024011612,0.021464843302965164,0.10579101741313934,-0.039863280951976776,0.0,-0.11475124210119247,0.018859606236219406,0.09927421063184738,-0.03306034207344055,0.0,-0.4379728436470032,-0.29880380630493164,-10.037410736083984,-0.2728683054447174,-0.42539823055267334,-8.551427841186523,0.0,0.0,0.0,0.0,0.0,0.0,0.0,0.0,0.0,0.0,0.0,0.0,-0.11515428125858307,0.020911917090415955,0.10057611018419266,-0.03466402366757393,0.2914637327194214,0.25147444009780884,0.29290255904197693,0.27327603101730347,0.15226702392101288,0.4802800714969635,-0.00393697852268815,0.0,0.0,0.0,0.0,0.0,0.0,0.0
22907565738,0,0.03532186895608902,0.0504535473883152,-0.7040621638298035,6.569455581484362e-05,-0.04113857448101044,-0.8442511558532715,0.037515267729759216,0.004991548135876656,-0.041402801871299744,-0.07051269710063934,-0.1831851601600647,-0.14018899202346802,0.01753946952521801,-0.02191287651658058,0.08277935534715652,0.0,0.0,-0.0047828578390181065,0.057075534015893936,0.04291157424449921,0.047382790595293045,-0.1426645666360855,0.17454442381858826,-0.10586504638195038,-1.5179319381713867,-2.3267481327056885,-47.09337615966797,-0.2010461390018463,0.12402286380529404,-0.02850094437599182,-0.08596388250589371,0.13732916116714478,-0.23226037621498108,0.09329989552497864,12.483532905578613,10.519440650939941,12.628768920898438,11.607468605041504,-0.10732422024011612,0.019931640475988388,0.10425781458616257,-0.039863280951976776,0.0,-0.11663667112588882,0.0183024350553751,0.10040485858917236,-0.03269157558679581,0.0,-0.4379728436470032,-0.29880380630493164,-10.037410736083984,-0.2728683054447174,-0.42539823055267334,-8.551427841186523,0.0,0.0,0.0,0.0,0.0,0.0,0.0,0.0,0.0,0.0,0.0,0.0,-0.11477843672037125,0.019867468625307083,0.09970449656248093,-0.03382958844304085,0.2914637327194214,0.25147444009780884,0.29290255904197693,0.27327603101730347,0.15226702392101288,0.4802800714969635,-0.00393697852268815,0.0,0.0,0.0,0.0,0.0,0.0,0.0
22907589527,0,0.03532186895608902,0.0504535473883152,-0.7040621638298035,6.569455581484362e-05,-0.04113857448101044,-0.8442511558532715,0.037515267729759216,0.004991548135876656,-0.041402801871299744,-0.07123350352048874,-0.1833847016096115,-0.13985580205917358,0.01753946952521801,-0.02191287651658058,0.08277935534715652,0.0,0.0,-0.0047828578390181065,0.06571722775697708,0.05608866736292839,0.049857210367918015,-0.14926867187023163,0.16829973459243774,-0.1062590628862381,-1.5179319381713867,-2.3267481327056885,-47.09337615966797,-0.2010461390018463,0.12402286380529404,-0.02850094437599182,-0.08596388250589371,0.13732916116714478,-0.23226037621498108,0.09329989552497864,12.483532905578613,10.519440650939941,12.628768920898438,11.607468605041504,-0.10732422024011612,0.019931640475988388,0.10272461175918579,-0.039863280951976776,0.0,-0.11663667112588882,0.0183024350553751,0.10040485858917236,-0.03269157558679581,0.0,-0.20361372828483582,-0.1386609822511673,-9.776060104370117,-0.27244922518730164,-0.42709827423095703,-8.53978443145752,0.0,0.0,0.0,0.0,0.0,0.0,0.0,0.0,0.0,0.0,0.0,0.0,-0.1148495078086853,0.01909070648252964,0.0993528887629509,-0.03322621434926987,0.2900961935520172,0.2515539824962616,0.2929154634475708,0.27300122380256653,0.48231834173202515,0.9191989302635193,0.11616930365562439,0.0,0.0,0.0,0.0,0.0,0.0,0.0
22907610694,0,0.03600427880883217,0.05062301829457283,-0.7047227025032043,6.569455581484362e-05,-0.04113857448101044,-0.8442511558532715,0.03398440405726433,0.006453904788941145,-0.04655912518501282,-0.07187752425670624,-0.18352410197257996,-0.13952845335006714,0.019146917387843132,-0.020420756191015244,0.08397798985242844,0.0,0.0,-0.0047828578390181065,0.07361491769552231,0.06798604875802994,0.04978007823228836,-0.15407678484916687,0.1618220955133438,-0.10650697350502014,-1.4984707832336426,-2.3490405082702637,-46.968814849853516,-0.23432664573192596,0.0830620527267456,-0.031407617032527924,-0.08679147809743881,0.1388801634311676,-0.23043213784694672,0.09420481324195862,12.406983375549316,10.427957534790039,12.78536605834961,11.490079879760742,-0.1088574230670929,0.018398437649011612,0.10272461175918579,-0.038330078125,0.0,-0.11751387268304825,0.01979263685643673,0.09917902946472168,-0.03438950702548027,0.0,-0.20361372828483582,-0.1386609822511673,-9.776060104370117,-0.26898133754730225,-0.4294660687446594,-8.511627197265625,0.0,0.0,0.0,0.0,0.0,0.0,0.0,0.0,0.0,0.0,0.0,0.0,-0.115254707634449,0.01863197423517704,0.0993175134062767,-0.03290913626551628,0.28860849142074585,0.24973969161510468,0.29595062136650085,0.270699143409729,0.6634939908981323,1.077399730682373,0.09838151931762695,0.0,0.0,0.0,0.0,0.0,0.0,0.0
22941779967,0,0.03600427880883217,0.05062301829457283,-0.7047227025032043,6.569455581484362e-05,-0.04113857448101044,-0.8442511558532715,0.03398440405726433,0.006453904788941145,-0.04655912518501282,-0.07322308421134949,-0.18374213576316833,-0.13890612125396729,0.019146917387843132,-0.020420756191015244,0.08397798985242844,0.0,0.0,-0.0047828578390181065,0.06205262988805771,0.06546390801668167,0.03501022979617119,-0.16274043917655945,0.15206576883792877,-0.10738207399845123,-1.4340204000473022,-2.3424837589263916,-46.7768669128418,-0.22143204510211945,0.08656325936317444,-0.014429382979869843,-0.08775711059570312,0.14095772802829742,-0.22756905853748322,0.09497921913862228,11.955399513244629,10.82200813293457,12.284788131713867,11.850863456726074,-0.11039062589406967,0.018398437649011612,0.10272461175918579,-0.038330078125,0.0,-0.11994747072458267,0.020866595208644867,0.10109427571296692,-0.035158976912498474,0.0,-0.22559507191181183,-0.12843717634677887,-10.021562576293945,-0.2589622735977173,-0.4236934781074524,-8.512066841125488,0.0,0.0,0.0,0.0,0.0,0.0,0.0,0.0,0.0,0.0,0.0,0.0,-0.11594266444444656,0.01860133372247219,0.09941945970058441,-0.032983530312776566,0.2798088490962982,0.25754278898239136,0.28623130917549133,0.27776622772216797,-0.3361036777496338,0.003860421245917678,-0.46077364683151245,0.0,0.0,0.0,0.0,0.0,0.0,0.0
22941845425,0,0.036677055060863495,0.05073203146457672,-0.7053450345993042,6.569455581484362e-05,-0.04113857448101044,-0.8442511558532715,0.027805093675851822,0.002764949109405279,-0.04702255502343178,-0.07322308421134949,-0.18374213576316833,-0.13890612125396729,0.0201280377805233,-0.019490404054522514,0.08451960235834122,0.0,0.0,-0.0047828578390181065,0.06205262988805771,0.06546390801668167,0.03501022979617119,-0.1596899926662445,0.15274594724178314,-0.1069493293762207,-1.4340204000473022,-2.3424837589263916,-46.7768669128418,-0.22143204510211945,0.08656325936317444,-0.014429382979869843,-0.08775711059570312,0.14095772802829742,-0.22756905853748322,0.09497921913862228,11.955399513244629,10.82200813293457,12.284788131713867,11.850863456726074,-0.11039062589406967,0.018398437649011612,0.10119140893220901,-0.038330078125,0.0,-0.11994747072458267,0.020866595208644867,0.10109427571296692,-0.035158976912498474,0.0,-0.39054158329963684,-0.300242155790329,-10.108166694641113,-0.2589622735977173,-0.4236934781074524,-8.512066841125488,0.0,0.0,0.0,0.0,0.0,0.0,0.0,0.0,0.0,0.0,0.0,0.0,-0.11690772324800491,0.018954722210764885,0.09969029575586319,-0.033386047929525375,0.2798088490962982,0.25754278898239136,0.28623130917549133,0.27776622772216797,-0.3361036777496338,0.003860421245917678,-0.46077364683151245,0.0,0.0,0.0,0.0,0.0,0.0,0.0
22941869543,0,0.03704976290464401,0.050770580768585205,-0.7056834101676941,6.569455581484362e-05,-0.04113857448101044,-0.8442511558532715,0.024705270305275917,0.0024124227929860353,-0.043751392513513565,-0.07396850734949112,-0.1838192343711853,-0.1385677456855774,0.020233293995261192,-0.019249217584729195,0.08458460867404938,0.0,0.0,-0.0047828578390181065,0.045362550765275955,0.05132021754980087,0.02824048325419426,-0.1596899926662445,0.15274594724178314,-0.1069493293762207,-1.4242925643920898,-2.3303141593933105,-46.816368103027344,-0.19583198428153992,0.10795175284147263,-0.008280016481876373,-0.08822818100452423,0.14179302752017975,-0.22621634602546692,0.0951262041926384,11.88131332397461,10.992685317993164,12.06609058380127,12.00626277923584,-0.1088574230670929,0.016865234822034836,0.10119140893220901,-0.036796875298023224,0.0,-0.12008611857891083,0.02041742205619812,0.10224538296461105,-0.034674469381570816,0.0,-0.39054158329963684,-0.300242155790329,-10.108166694641113,-0.2544216215610504,-0.4238280653953552,-8.538342475891113,0.0,0.0,0.0,0.0,0.0,0.0,0.0,0.0,0.0,0.0,0.0,0.0,-0.11794964969158173,0.019460594281554222,0.10013566166162491,-0.0338888093829155,0.27836138010025024,0.2609127461910248,0.28196966648101807,0.28080207109451294,-0.9220554828643799,-0.6526022553443909,-0.48841580748558044,0.0,0.0,0.0,0.0,0.0,0.0,0.0
22946388030,0,0.03704976290464401,0.050770580768585205,-0.7056834101676941,6.569455581484362e-05,-0.04113857448101044,-0.8442511558532715,0.024705270305275917,0.0024124227929860353,-0.043751392513513565,-0.07459013164043427,-0.18389853835105896,-0.1382623314857483,0.020233293995261192,-0.019249217584729195,0.08458460867404938,0.0,0.0,-0.0047828578390181065,0.02446550317108631,0.04012706130743027,0.026692695915699005,-0.16355787217617035,0.14446993172168732,-0.10762995481491089,-1.3743324279785156,-2.314831256866455,-47.246646881103516,-0.17888662219047546,0.10993631184101105,-0.010596461594104767,-0.08906883746385574,0.14287346601486206,-0.22387473285198212,0.09525829553604126,12.085729598999023,11.065262794494629,12.203341484069824,12.036842346191406,-0.1088574230670929,0.016865234822034836,0.09965820610523224,-0.036796875298023224,0.0,-0.11619389802217484,0.021302739158272743,0.0991106703877449,-0.03567560762166977,0.0,-0.5160709023475647,-0.276218980550766,-9.707852363586426,-0.2498786300420761,-0.42087841033935547,-8.590299606323242,0.0,0.0,0.0,0.0,0.0,0.0,0.0,0.0,0.0,0.0,0.0,0.0,-0.11867036670446396,0.019947510212659836,0.10054627060890198,-0.034349583089351654,0.28235265612602234,0.26234379410743713,0.2846454083919525,0.2813989818096161,-0.9136752486228943,-0.5593439936637878,-0.10766863822937012,0.0,0.0,0.0,0.0,0.0,0.0,0.0
22956141777,0,0.03767013922333717,0.05084772780537605,-0.7062944173812866,6.569455581484362e-05,-0.04113857448101044,-0.8442511558532715,0.021525871008634567,0.00016311847139149904,-0.031517304480075836,-0.07520926743745804,-0.1839735209941864,-0.13795673847198486,0.02024693228304386,-0.018537776544690132,0.08473437279462814,0.0,0.0,-0.0047828578390181065,0.02571290172636509,0.0415651872754097,0.025496119633316994,-0.16355787217617035,0.14446993172168732,-0.10762995481491089,-1.3743324279785156,-2.314831256866455,-47.246646881103516,-0.17888662219047546,0.10993631184101105,-0.010596461594104767,-0.08906883746385574,0.14287346601486206,-0.22387473285198212,0.09525829553604126,12.097617149353027,11.120623588562012,12.282031059265137,12.093709945678711,-0.1088574230670929,0.016865234822034836,0.09965820610523224,-0.036796875298023224,0.0,-0.11607920378446579,0.021196672692894936,0.09847364574670792,-0.03550777956843376,0.0,-0.5160709023475647,-0.276218980550766,-9.707852363586426,-0.25076112151145935,-0.42074501514434814,-8.629983901977539,0.0,0.0,0.0,0.0,0.0,0.0,0.0,0.0,0.0,0.0,0.0,0.0,-0.11874210834503174,0.020391322672367096,0.1005985289812088,-0.03476695716381073,0.28235265612602234,0.26234379410743713,0.2846454083919525,0.2813989818096161,-0.3768118917942047,-0.22081726789474487,-0.05978643149137497,0.0,0.0,0.0,0.0,0.0,0.0,0.0
22966745937,0,0.03799855709075928,0.05090038478374481,-0.7066067457199097,6.569455581484362e-05,-0.04113857448101044,-0.8442511558532715,0.01746234856545925,-3.7353107472881675e-05,-0.03169100731611252,-0.07586610317230225,-0.18407884240150452,-0.13764441013336182,0.020665619522333145,-0.01829366758465767,0.0849601998925209,0.0,0.0,-0.0047828578390181065,0.02571290172636509,0.0415651872754097,0.025496119633316994,-0.16355787217617035,0.14446993172168732,-0.10762995481491089,-1.3423694372177124,-2.3172082901000977,-47.432743072509766,-0.1902429461479187,0.09923947602510452,-0.010401934385299683,-0.08950485289096832,0.1433650553226471,-0.2225915938615799,0.09530927985906601,12.097617149353027,11.120623588562012,12.282031059265137,12.093709945678711,-0.1088574230670929,0.016865234822034836,0.09965820610523224,-0.036796875298023224,0.0,-0.1152481883764267,0.02224605716764927,0.09757911413908005,-0.036551546305418015,0.0,-0.5160709023475647,-0.276218980550766,-9.707852363586426,-0.24406716227531433,-0.4213106036186218,-8.62413501739502,0.0,0.0,0.0,0.0,0.0,0.0,0.0,0.0,0.0,0.0,0.0,0.0,-0.11825297027826309,0.020811505615711212,0.10022025555372238,-0.03516482189297676,0.2825845777988434,0.2634347379207611,0.28617778420448303,0.28250837326049805,-0.3768118917942047,-0.22081726789474487,-0.05978643149137497,0.0,0.0,0.0,0.0,0.0,0.0,0.0
22992688677,0,0.03799855709075928,0.05090038478374481,-0.7066067457199097,6.569455581484362e-05,-0.04113857448101044,-0.8442511558532715,0.01746234856545925,-3.7353107472881675e-05,-0.03169100731611252,-0.07586610317230225,-0.18407884240150452,-0.13764441013336182,0.020665619522333145,-0.01829366758465767,0.0849601998925209,0.0,0.0,-0.0047828578390181065,0.03120558150112629,0.041545022279024124,0.02408277615904808,-0.17453522980213165,0.13741284608840942,-0.10875125229358673,-1.3720911741256714,-2.3467624187469482,-47.35432815551758,-0.20196367800235748,0.09504041075706482,-0.009134091436862946,-0.08992943912744522,0.1433650553226471,-0.2225915938615799,0.09530927985906601,12.011236190795898,11.112337112426758,12.246809959411621,12.10846996307373,-0.11039062589406967,0.016865234822034836,0.10119140893220901,-0.038330078125,0.0,-0.11787623167037964,0.022215772420167923,0.09954231977462769,-0.03654024377465248,0.0,-0.28383398056030273,-0.23415730893611908,-10.395416259765625,-0.24406716227531433,-0.4213106036186218,-8.62413501739502,0.0,0.0,0.0,0.0,0.0,0.0,0.0,0.0,0.0,0.0,0.0,0.0,-0.11761751025915146,0.02123306319117546,0.09967868775129318,-0.035567715764045715,0.2825845777988434,0.2634347379207611,0.28617778420448303,0.28250837326049805,0.09036780893802643,-0.15097132325172424,-0.04044460505247116,0.0,0.0,0.0,0.0,0.0,0.0,0.0
22992731583,0,0.03869963064789772,0.05103498697280884,-0.7072535753250122,6.569455581484362e-05,-0.04113857448101044,-0.8442511558532715,0.020455757156014442,0.005839939694851637,-0.03751617670059204,-0.07726825773715973,-0.18434804677963257,-0.13699758052825928,0.021640123799443245,-0.01767893135547638,0.08566569536924362,0.0,0.0,-0.0047828578390181065,0.03663288429379463,0.03850925341248512,0.022925078868865967,-0.17453522980213165,0.13741284608840942,-0.10875125229358673,-1.396850347518921,-2.38090443611145,-47.137596130371094,-0.2127508819103241,0.09755361080169678,-0.008073627948760986,-0.09028405696153641,0.14451806247234344,-0.22000989317893982,0.095329150557518,11.923162460327148,11.0714111328125,12.184025764465332,12.107013702392578,-0.11039062589406967,0.016865234822034836,0.10119140893220901,-0.038330078125,0.0,-0.12054276466369629,0.022562792524695396,0.10174310952425003,-0.03685066103935242,0.0,-0.32633301615715027,0.06557059288024902,-9.985123634338379,-0.2539727985858917,-0.43289172649383545,-8.57047176361084,0.0,0.0,0.0,0.0,0.0,0.0,0.0,0.0,0.0,0.0,0.0,0.0,-0.11735449731349945,0.021639132872223854,0.09939813613891602,-0.03596016392111778,0.27917930483818054,0.26246508955955505,0.28426888585090637,0.2827678322792053,0.3419778645038605,-0.24071349203586578,-0.021923884749412537,0.0,0.0,0.0,0.0,0.0,0.0,0.0
22996393014,0,0.03869963064789772,0.05103498697280884,-0.7072535753250122,6.569455581484362e-05,-0.04113857448101044,-0.8442511558532715,0.020455757156014442,0.005839939694851637,-0.03751617670059204,-0.07726825773715973,-0.18434804677963257,-0.13699758052825928,0.021640123799443245,-0.01767893135547638,0.08566569536924362,0.0,0.0,-0.0047828578390181065,0.047960396856069565,0.031429119408130646,0.03116723708808422,-0.1806303709745407,0.131764754652977,-0.10958337038755417,-1.4180755615234375,-2.418118476867676,-46.808326721191406,-0.234468013048172,0.10289834439754486,-0.018044166266918182,-0.09108200669288635,0.14624238014221191,-0.21720632910728455,0.09546545892953873,12.066880226135254,10.697087287902832,12.375977516174316,11.817900657653809,-0.11039062589406967,0.016865234822034836,0.10119140893220901,-0.036796875298023224,0.0,-0.12089728564023972,0.023799974471330643,0.10176730155944824,-0.03830473870038986,0.0,-0.32633301615715027,0.06557059288024902,-9.985123634338379,-0.2539727985858917,-0.43289172649383545,-8.57047176361084,0.0,0.0,0.0,0.0,0.0,0.0,0.0,0.0,0.0,0.0,0.0,0.0,-0.11770680546760559,0.022050347179174423,0.09959244728088379,-0.03637025132775307,0.28198501467704773,0.25507253408432007,0.2880055904388428,0.27712157368659973,0.49265429377555847,-0.31824034452438354,0.3818089962005615,0.0,0.0,0.0,0.0,0.0,0.0,0.0
23009485358,0,0.03930932283401489,0.051099687814712524,-0.7079131603240967,6.569455581484362e-05,-0.04113857448101044,-0.8442511558532715,0.020844273269176483,0.009272122755646706,-0.04520989581942558,-0.07848764955997467,-0.18447744846343994,-0.1363379955291748,0.022417137399315834,-0.01698554866015911,0.08636035025119781,0.0,0.0,-0.0047828578390181065,0.04902847483754158,0.028516115620732307,0.03379727154970169,-0.18656803667545319,0.13010922074317932,-0.10978718101978302,-1.4180755615234375,-2.418118476867676,-46.808326721191406,-0.234468013048172,0.10289834439754486,-0.018044166266918182,-0.09108200669288635,0.14624238014221191,-0.21720632910728455,0.09546545892953873,12.118050575256348,10.636048316955566,12.43401050567627,11.77953052520752,-0.11039062589406967,0.018398437649011612,0.09965820610523224,-0.036796875298023224,0.0,-0.12038426846265793,0.02393658459186554,0.10129071027040482,-0.03842955827713013,0.0,-0.04443923756480217,-0.008253798820078373,-9.925385475158691,-0.2578319311141968,-0.43965789675712585,-8.510604858398438,0.0,0.0,0.0,0.0,0.0,0.0,0.0,0.0,0.0,0.0,0.0,0.0,-0.1184287816286087,0.022524671629071236,0.10006622970104218,-0.03686758503317833,0.28198501467704773,0.25507253408432007,0.2880055904388428,0.27712157368659973,0.3616666793823242,-0.32819363474845886,0.3817847967147827,0.0,0.0,0.0,0.0,0.0,0.0,0.0
23017009036,0,0.03958519548177719,0.05110373720526695,-0.7082390189170837,6.569455581484362e-05,-0.04113857448101044,-0.8442511558532715,0.0210878886282444,0.007295679766684771,-0.04503365233540535,-0.07903939485549927,-0.1844855546951294,-0.13601213693618774,0.02262459136545658,-0.016611164435744286,0.08666204661130905,0.0,0.0,-0.0047828578390181065,0.04902847483754158,0.028516115620732307,0.03379727154970169,-0.18656803667545319,0.13010922074317932,-0.10978718101978302,-1.4257173538208008,-2.396489143371582,-46.827632904052734,-0.23921316862106323,0.10487504303455353,-0.020089395344257355,-0.09141679853200912,0.14709752798080444,-0.2159893661737442,0.09563112258911133,12.118050575256348,10.636048316955566,12.43401050567627,11.77953052520752,-0.11039062589406967,0.016865234822034836,0.09812500327825546,-0.036796875298023224,0.0,-0.12000346183776855,0.02292909286916256,0.10086152702569962,-0.03758127987384796,0.0,-0.04443923756480217,-0.008253798820078373,-9.925385475158691,-0.2592213451862335,-0.43572530150413513,-8.514115333557129,0.0,0.0,0.0,0.0,0.0,0.0,0.0,0.0,0.0,0.0,0.0,0.0,-0.1191507875919342,0.02296570874750614,0.10052736848592758,-0.037355512380599976,0.28298309445381165,0.2538642883300781,0.28913387656211853,0.27637094259262085,0.3616666793823242,-0.32819363474845886,0.3817847967147827,0.0,0.0,0.0,0.0,0.0,0.0,0.0
23026606873,0,0.04041186720132828,0.05093491077423096,-0.7091590166091919,6.569455581484362e-05,-0.04113857448101044,-0.8442511558532715,0.014484971761703491,-0.010002471506595612,-0.04049518331885338,-0.08069274574518204,-0.1841478943824768,-0.1350921392440796,0.023462491109967232,-0.01650024950504303,0.08711130917072296,0.0,0.0,-0.0047828578390181065,0.042177245020866394,0.012374152429401875,0.030914999544620514,-0.18888802826404572,0.127727672457695,-0.1104876771569252,-1.3849321603775024,-2.2846322059631348,-47.02967834472656,-0.23438741266727448,0.12366361916065216,-0.014051035046577454,-0.09213555604219437,0.14709752798080444,-0.2159893661737442,0.09563112258911133,12.049978256225586,10.813177108764648,12.29366397857666,11.9984712600708,-0.11039062589406967,0.018398437649011612,0.09812500327825546,-0.038330078125,0.0,-0.11623972654342651,0.020156845450401306,0.09754133224487305,-0.03486475721001625,0.0,-0.19793418049812317,-0.23300889134407043,-9.865065574645996,-0.24686381220817566,-0.4021408259868622,-8.552836418151855,0.0,0.0,0.0,0.0,0.0,0.0,0.0,0.0,0.0,0.0,0.0,0.0,-0.11950714886188507,0.02309444732964039,0.10068245232105255,-0.03755095601081848,0.28298309445381165,0.2538642883300781,0.28913387656211853,0.27637094259262085,-0.27001574635505676,-0.7044548988342285,0.002764109056442976,0.0,0.0,0.0,0.0,0.0,0.0,0.0
23041405906,0,0.04041186720132828,0.05093491077423096,-0.7091590166091919,6.569455581484362e-05,-0.04113857448101044,-0.8442511558532715,0.014484971761703491,-0.010002471506595612,-0.04049518331885338,-0.08069274574518204,-0.1841478943824768,-0.1350921392440796,0.023462491109967232,-0.01650024950504303,0.08711130917072296,0.0,0.0,-0.0047828578390181065,0.042177245020866394,0.012374152429401875,0.030914999544620514,-0.18888802826404572,0.127727672457695,-0.1104876771569252,-1.3849321603775024,-2.2846322059631348,-47.02967834472656,-0.23438741266727448,0.12366361916065216,-0.014051035046577454,-0.09213555604219437,0.14907409250736237,-0.21350747346878052,0.09603625535964966,12.049978256225586,10.813177108764648,12.29366397857666,11.9984712600708,-0.11039062589406967,0.018398437649011612,0.09965820610523224,-0.038330078125,0.0,-0.11623972654342651,0.020156845450401306,0.09754133224487305,-0.03486475721001625,0.0,-0.19793418049812317,-0.23300889134407043,-9.865065574645996,-0.24686381220817566,-0.4021408259868622,-8.552836418151855,0.0,0.0,0.0,0.0,0.0,0.0,0.0,0.0,0.0,0.0,0.0,0.0,-0.11925310641527176,0.022743582725524902,0.10033226758241653,-0.03727671876549721,0.28165534138679504,0.25736841559410095,0.2864041328430176,0.28064990043640137,-0.27001574635505676,-0.7044548988342285,0.002764109056442976,0.0,0.0,0.0,0.0,0.0,0.0,0.0
23046192753,0,0.04041186720132828,0.05093491077423096,-0.7091590166091919,6.569455581484362e-05,-0.04113857448101044,-0.8442511558532715,0.014484971761703491,-0.010002471506595612,-0.04049518331885338,-0.08069274574518204,-0.1841478943824768,-0.1350921392440796,0.023462491109967232,-0.01650024950504303,0.08711130917072296,0.0,0.0,-0.0047828578390181065,0.042177245020866394,0.012374152429401875,0.030914999544620514,-0.19138751924037933,0.12953048944473267,-0.1106812059879303,-1.3849321603775024,-2.2846322059631348,-47.02967834472656,-0.23438741266727448,0.12366361916065216,-0.014051035046577454,-0.09213555604219437,0.14907409250736237,-0.21350747346878052,0.09603625535964966,12.049978256225586,10.813177108764648,12.29366397857666,11.9984712600708,-0.11039062589406967,0.018398437649011612,0.09965820610523224,-0.038330078125,0.0,-0.11623972654342651,0.020156845450401306,0.09754133224487305,-0.03486475721001625,0.0,-0.24117597937583923,0.17887024581432343,-9.835530281066895,-0.24686381220817566,-0.4021408259868622,-8.552836418151855,0.0,0.0,0.0,0.0,0.0,0.0,0.0,0.0,0.0,0.0,0.0,0.0,-0.11857211589813232,0.022093700245022774,0.09964503347873688,-0.036696773022413254,0.28165534138679504,0.25736841559410095,0.2864041328430176,0.28064990043640137,-0.27001574635505676,-0.7044548988342285,0.002764109056442976,0.0,0.0,0.0,0.0,0.0,0.0,0.0
23056430543,0,0.04095054045319557,0.05074961483478546,-0.7097723484039307,6.569455581484362e-05,-0.04113857448101044,-0.8442511558532715,0.011230860836803913,-0.005291115026921034,-0.0390821248292923,-0.08177009969949722,-0.18377730250358582,-0.13447880744934082,0.02416503243148327,-0.01681208238005638,0.08748329430818558,0.0,0.0,-0.0047828578390181065,0.018274974077939987,0.0007872356800362468,0.022854069247841835,-0.19452619552612305,0.13008929789066315,-0.11094481498003006,-1.3403034210205078,-2.2635488510131836,-47.076602935791016,-0.1985398530960083,0.13098499178886414,-0.005154900252819061,-0.09288639575242996,0.15083348751068115,-0.21118247509002686,0.09623502939939499,11.907654762268066,11.098079681396484,12.018427848815918,12.191935539245605,-0.1088574230670929,0.018398437649011612,0.09965820610523224,-0.038330078125,0.0,-0.11574003845453262,0.020315999165177345,0.09777167439460754,-0.035061512142419815,0.0,-0.31753137707710266,0.23501360416412354,-9.817173957824707,-0.24369153380393982,-0.41155433654785156,-8.559382438659668,0.0,0.0,0.0,0.0,0.0,0.0,0.0,0.0,0.0,0.0,0.0,0.0,-0.11778374761343002,0.02142401970922947,0.09892946481704712,-0.03608256205916405,0.27887606620788574,0.26299068331718445,0.2810395658016205,0.2844230532646179,-0.9145143032073975,-0.47109004855155945,-0.25142723321914673,0.0,0.0,0.0,0.0,0.0,0.0,0.0
23066407061,0,0.04123770818114281,0.05060025304555893,-0.710081934928894,6.569455581484362e-05,-0.04113857448101044,-0.8442511558532715,0.010554000735282898,-0.0007247686735354364,-0.038511354476213455,-0.0823444351553917,-0.18347857892513275,-0.13416922092437744,0.024344632402062416,-0.016801534220576286,0.08765963464975357,0.0,0.0,-0.0047828578390181065,0.005040660034865141,0.0003100550384260714,0.018322600051760674,-0.19595661759376526,0.12997224926948547,-0.11115790903568268,-1.344200611114502,-2.311304807662964,-47.08805465698242,-0.18071044981479645,0.13003899157047272,-0.00042479485273361206,-0.09319565445184708,0.15083348751068115,-0.21118247509002686,0.09623502939939499,11.815751075744629,11.249463081359863,11.877249717712402,12.283239364624023,-0.1088574230670929,0.018398437649011612,0.09965820610523224,-0.038330078125,0.0,-0.11822932213544846,0.021391380578279495,0.1004544049501419,-0.03609136864542961,0.0,-0.31753137707710266,0.23501360416412354,-9.817173957824707,-0.24440011382102966,-0.4202372431755066,-8.561464309692383,0.0,0.0,0.0,0.0,0.0,0.0,0.0,0.0,0.0,0.0,0.0,0.0,-0.11715677380561829,0.02093246951699257,0.09847701340913773,-0.03563050553202629,0.27887606620788574,0.26299068331718445,0.2810395658016205,0.2844230532646179,-1.1445472240447998,-0.2537037134170532,-0.35880374908447266,0.0,0.0,0.0,0.0,0.0,0.0,0.0
23076570815,0,0.04123770818114281,0.05060025304555893,-0.710081934928894,6.569455581484362e-05,-0.04113857448101044,-0.8442511558532715,0.010554000735282898,-0.0007247686735354364,-0.038511354476213455,-0.08326099812984467,-0.18296559154987335,-0.1335393786430359,0.024344632402062416,-0.016801534220576286,0.08765963464975357,0.0,0.0,-0.0047828578390181065,0.006254180334508419,0.01953865960240364,0.006344418507069349,-0.19717183709144592,0.12600752711296082,-0.11119775474071503,-1.3153893947601318,-2.4482595920562744,-47.03890609741211,-0.19586674869060516,0.1020195484161377,0.010422788560390472,-0.09368503093719482,0.1523660570383072,-0.20746196806430817,0.09585080295801163,11.461746215820312,11.528313636779785,11.66128158569336,12.520326614379883,-0.10732422024011612,0.018398437649011612,0.09812500327825546,-0.038330078125,0.0,-0.125307098031044,0.025912897661328316,0.10557200759649277,-0.04013446718454361,0.0,-0.2598710060119629,-0.4881483316421509,-9.872376441955566,-0.23916170001029968,-0.4451380968093872,-8.552528381347656,0.0,0.0,0.0,0.0,0.0,0.0,0.0,0.0,0.0,0.0,0.0,0.0,-0.11725801229476929,0.02093437686562538,0.09873170405626297,-0.03563223034143448,0.27014288306236267,0.27144908905029297,0.27405574917793274,0.29081061482429504,-0.13670490682125092,0.5780401825904846,-0.5043484568595886,0.0,0.0,0.0,0.0,0.0,0.0,0.0
23086700874,0,0.041695985943078995,0.05034376308321953,-0.7107117772102356,6.569455581484362e-05,-0.04113857448101044,-0.8442511558532715,0.00591293815523386,0.01181082520633936,-0.039100512862205505,-0.08326099812984467,-0.18296559154987335,-0.1335393786430359,0.024506475776433945,-0.016305912286043167,0.08769746869802475,0.0,0.0,-0.0047828578390181065,0.014917352236807346,0.018775884062051773,0.005829257890582085,-0.19579565525054932,0.12441155314445496,-0.1113174706697464,-1.3153893947601318,-2.4482595920562744,-47.03890609741211,-0.19586674869060516,0.1020195484161377,0.010422788560390472,-0.09368503093719482,0.1523660570383072,-0.20746196806430817,0.09585080295801163,11.461746215820312,11.528313636779785,11.66128158569336,12.520326614379883,-0.10732422024011612,0.019931640475988388,0.09812500327825546,-0.036796875298023224,0.0,-0.125307098031044,0.025912897661328316,0.10557200759649277,-0.04013446718454361,0.0,-0.32467740774154663,0.17028400301933289,-9.950523376464844,-0.23916170001029968,-0.4451380968093872,-8.552528381347656,0.0,0.0,0.0,0.0,0.0,0.0,0.0,0.0,0.0,0.0,0.0,0.0,-0.1184665635228157,0.021645400673151016,0.09988310933113098,-0.036277346312999725,0.27014288306236267,0.27144908905029297,0.27405574917793274,0.29081061482429504,0.38987791538238525,0.28701889514923096,-0.2985922694206238,0.0,0.0,0.0,0.0,0.0,0.0,0.0
23097555489,0,0.04194401204586029,0.050228193402290344,-0.7110489010810852,6.569455581484362e-05,-0.04113857448101044,-0.8442511558532715,0.004355593118816614,0.010652157478034496,-0.04119409620761871,-0.08375705033540726,-0.1827344447374344,-0.13320225477218628,0.024336710572242737,-0.016102498397231102,0.08780096471309662,0.0,0.0,-0.0047828578390181065,0.014917352236807346,0.018775884062051773,0.005829257890582085,-0.19579565525054932,0.12441155314445496,-0.1113174706697464,-1.3025180101394653,-2.4340546131134033,-46.94863510131836,-0.21449726819992065,0.10567134618759155,0.009021736681461334,-0.0940040573477745,0.15300996601581573,-0.20594927668571472,0.09557868540287018,11.451725959777832,11.439604759216309,11.700048446655273,12.499606132507324,-0.1088574230670929,0.019931640475988388,0.09812500327825546,-0.036796875298023224,0.0,-0.12460531294345856,0.02604234777390957,0.1043684110045433,-0.04019102081656456,0.0,-0.32467740774154663,0.17028400301933289,-9.950523376464844,-0.23682145774364471,-0.44255539774894714,-8.536115646362305,0.0,0.0,0.0,0.0,0.0,0.0,0.0,0.0,0.0,0.0,0.0,0.0,-0.1202908381819725,0.022788532078266144,0.10144361853599548,-0.03730897605419159,0.26994627714157104,0.2697083652019501,0.27481526136398315,0.29040831327438354,0.38987791538238525,0.28701889514923096,-0.2985922694206238,0.0,0.0,0.0,0.0,0.0,0.0,0.0
23106435992,0,0.04194401204586029,0.050228193402290344,-0.7110489010810852,6.569455581484362e-05,-0.04113857448101044,-0.8442511558532715,0.004355593118816614,0.010652157478034496,-0.04119409620761871,-0.08375705033540726,-0.1827344447374344,-0.13320225477218628,0.024336710572242737,-0.016102498397231102,0.08780096471309662,0.0,0.0,-0.0047828578390181065,0.020253660157322884,0.016434725373983383,0.009553305804729462,-0.2005288153886795,0.1266678422689438,-0.11159641295671463,-1.287183403968811,-2.418783187866211,-46.90740966796875,-0.2258218675851822,0.10934493690729141,0.0035186931490898132,-0.09426359087228775,0.15300996601581573,-0.20594927668571472,0.09557868540287018,11.56866455078125,11.267922401428223,11.839029312133789,12.37540054321289,-0.1088574230670929,0.018398437649011612,0.09812500327825546,-0.038330078125,0.0,-0.12242145091295242,0.02641613595187664,0.10219598561525345,-0.04061926528811455,0.0,-0.42312511801719666,0.1461976170539856,-9.886835098266602,-0.23682145774364471,-0.44255539774894714,-8.536115646362305,0.0,0.0,0.0,0.0,0.0,0.0,0.0,0.0,0.0,0.0,0.0,0.0,-0.1219157949090004,0.02396242693066597,0.10270608961582184,-0.038365308195352554,0.26994627714157104,0.2697083652019501,0.27481526136398315,0.29040831327438354,0.5039401054382324,0.08881789445877075,-0.011739416047930717,0.0,0.0,0.0,0.0,0.0,0.0,0.0
23116272459,0,0.04272489249706268,0.04979922994971275,-0.7120978832244873,6.569455581484362e-05,-0.04113857448101044,-0.8442511558532715,0.0014050229219719768,-0.0034234023187309504,-0.04156561568379402,-0.08531881868839264,-0.1818765252828598,-0.13215327262878418,0.024452244862914085,-0.0162039827555418,0.08861462771892548,0.0,0.0,-0.0047828578390181065,0.026111191138625145,0.010715119540691376,0.015504908747971058,-0.20355601608753204,0.12561000883579254,-0.11175335943698883,-1.2771574258804321,-2.340097427368164,-46.880462646484375,-0.23504558205604553,0.1167164072394371,-0.003290243446826935,-0.09455420821905136,0.1545797735452652,-0.20317894220352173,0.09525644034147263,11.730352401733398,11.067190170288086,12.00612735748291,12.225927352905273,-0.11039062589406967,0.018398437649011612,0.09812500327825546,-0.038330078125,0.0,-0.11805986613035202,0.02467270754277706,0.09811703115701675,-0.03915486857295036,0.0,-0.42312511801719666,0.1461976170539856,-9.886835098266602,-0.23196621239185333,-0.4133237898349762,-8.535813331604004,0.0,0.0,0.0,0.0,0.0,0.0,0.0,0.0,0.0,0.0,0.0,0.0,-0.12270781397819519,0.024894868955016136,0.10314489901065826,-0.039213430136442184,0.27540838718414307,0.26238176226615906,0.28079941868782043,0.2850852608680725,0.5378381609916687,-0.18215197324752808,0.24007494747638702,0.0,0.0,0.0,0.0,0.0,0.0,0.0
23127062793,0,0.04272489249706268,0.04979922994971275,-0.7120978832244873,6.569455581484362e-05,-0.04113857448101044,-0.8442511558532715,0.0014050229219719768,-0.0034234023187309504,-0.04156561568379402,-0.08531881868839264,-0.1818765252828598,-0.13215327262878418,0.024452244862914085,-0.0162039827555418,0.08861462771892548,0.0,0.0,-0.0047828578390181065,0.03444347158074379,-0.0029237326234579086,0.0220807995647192,-0.2053738534450531,0.12831804156303406,-0.1127532422542572,-1.2724175453186035,-2.270456075668335,-46.98469543457031,-0.24469204246997833,0.13643918931484222,-0.008459225296974182,-0.09507445245981216,0.1545797735452652,-0.20317894220352173,0.09525644034147263,11.903387069702148,10.915945053100586,12.143396377563477,12.166301727294922,-0.1088574230670929,0.019931640475988388,0.09812500327825546,-0.038330078125,0.0,-0.11415962874889374,0.02286010980606079,0.09478205442428589,-0.03750593960285187,0.0,-0.3469420373439789,-0.6013533473014832,-9.714407920837402,-0.23196621239185333,-0.4133237898349762,-8.535813331604004,0.0,0.0,0.0,0.0,0.0,0.0,0.0,0.0,0.0,0.0,0.0,0.0,-0.12226095050573349,0.02530927024781704,0.10246726125478745,-0.03961122781038284,0.27540838718414307,0.26238176226615906,0.28079941868782043,0.2850852608680725,0.48747193813323975,-0.5197413563728333,0.240815207362175,0.0,0.0,0.0,0.0,0.0,0.0,0.0
23137279679,0,0.04319113865494728,0.04951731488108635,-0.7127447724342346,6.569455581484362e-05,-0.04113857448101044,-0.8442511558532715,0.0019337119301781058,-0.003203220199793577,-0.038190919905900955,-0.08625131845474243,-0.181312695145607,-0.13150638341903687,0.02552858740091324,-0.01662212423980236,0.08898242563009262,0.0,0.0,-0.0047828578390181065,0.03444347158074379,-0.0029237326234579086,0.0220807995647192,-0.2053738534450531,0.12831804156303406,-0.1127532422542572,-1.2724175453186035,-2.270456075668335,-46.98469543457031,-0.24469204246997833,0.13643918931484222,-0.008459225296974182,-0.09507445245981216,0.15652428567409515,-0.20062832534313202,0.09527985006570816,11.903387069702148,10.915945053100586,12.143396377563477,12.166301727294922,-0.1088574230670929,0.019931640475988388,0.09812500327825546,-0.038330078125,0.0,-0.11415962874889374,0.02286010980606079,0.09478205442428589,-0.03750593960285187,0.0,-0.27421775460243225,0.07700575143098831,-9.504561424255371,-0.2352932244539261,-0.4129318594932556,-8.558650016784668,0.0,0.0,0.0,0.0,0.0,0.0,0.0,0.0,0.0,0.0,0.0,0.0,-0.12072619050741196,0.025144755840301514,0.10086972266435623,-0.039494454860687256,0.27879276871681213,0.2593981623649597,0.28347715735435486,0.2839236855506897,0.48747193813323975,-0.5197413563728333,0.240815207362175,0.0,0.0,0.0,0.0,0.0,0.0,0.0
23146469756,0,0.043433308601379395,0.049381326884031296,-0.7130315899848938,6.569455581484362e-05,-0.04113857448101044,-0.8442511558532715,0.0025589007418602705,-0.0015594802098348737,-0.03643207624554634,-0.08673565834760666,-0.1810407191514969,-0.13121956586837769,0.026154788210988045,-0.016919808462262154,0.08908836543560028,0.0,0.0,-0.0047828578390181065,0.03881021589040756,-0.015287012793123722,0.0256703719496727,-0.21039710938930511,0.13058653473854065,-0.11289064586162567,-1.3089081048965454,-2.286809206008911,-47.131309509277344,-0.2510882019996643,0.15315558016300201,-0.011517561972141266,-0.09534787386655807,0.15771904587745667,-0.19944752752780914,0.0953800305724144,12.033740997314453,10.840163230895996,12.24070930480957,12.163555145263672,-0.1088574230670929,0.021464843302965164,0.09965820610523224,-0.038330078125,0.0,-0.11450520902872086,0.022335588932037354,0.09553506970405579,-0.0369531512260437,0.0,-0.27421775460243225,0.07700575143098831,-9.504561424255371,-0.23798330128192902,-0.41578349471092224,-8.569329261779785,0.0,0.0,0.0,0.0,0.0,0.0,0.0,0.0,0.0,0.0,0.0,0.0,-0.1187756136059761,0.02461806870996952,0.09899543970823288,-0.039044588804244995,0.28133833408355713,0.25790154933929443,0.28537318110466003,0.283870130777359,0.44987109303474426,-0.8015351295471191,0.26627108454704285,0.0,0.0,0.0,0.0,0.0,0.0,0.0
23157109485,0,0.043433308601379395,0.049381326884031296,-0.7130315899848938,6.569455581484362e-05,-0.04113857448101044,-0.8442511558532715,0.0025589007418602705,-0.0015594802098348737,-0.03643207624554634,-0.08673565834760666,-0.1810407191514969,-0.13121956586837769,0.026154788210988045,-0.016919808462262154,0.08908836543560028,0.0,0.0,-0.0047828578390181065,0.04201527312397957,-0.018153075128793716,0.029130779206752777,-0.21752133965492249,0.13180550932884216,-0.11320073902606964,-1.2976385354995728,-2.3782691955566406,-47.254295349121094,-0.25897887349128723,0.15302854776382446,-0.012866482138633728,-0.0958513543009758,0.16019205749034882,-0.19749918580055237,0.09574158489704132,12.08060359954834,10.819808959960938,12.3123779296875,12.166582107543945,-0.1088574230670929,0.019931640475988388,0.09965820610523224,-0.039863280951976776,0.0,-0.11646723002195358,0.025684837251901627,0.09724602848291397,-0.03997640311717987,0.0,-0.4300997853279114,-0.09896820783615112,-9.665987968444824,-0.23798330128192902,-0.41578349471092224,-8.569329261779785,0.0,0.0,0.0,0.0,0.0,0.0,0.0,0.0,0.0,0.0,0.0,0.0,-0.11710286885499954,0.02411656454205513,0.09747929871082306,-0.03860238194465637,0.282252699136734,0.25749945640563965,0.28676846623420715,0.2839289903640747,0.15884551405906677,-0.18228597939014435,0.12483338266611099,0.0,0.0,0.0,0.0,0.0,0.0,0.0
23166327931,0,0.04409144073724747,0.04896821454167366,-0.7138424515724182,6.569455581484362e-05,-0.04113857448101044,-0.8442511558532715,-0.0025017138104885817,0.005412175785750151,-0.03037995472550392,-0.0880519300699234,-0.18021447956562042,-0.13040870428085327,0.027042357251048088,-0.0170453991740942,0.0895821750164032,0.0,0.0,-0.0047828578390181065,0.03510785102844238,-0.011424995958805084,0.026867125183343887,-0.21790847182273865,0.13342738151550293,-0.11429162323474884,-1.277537226676941,-2.3623368740081787,-47.34093475341797,-0.2502564489841461,0.14234746992588043,-0.009101398289203644,-0.09612052887678146,0.16019205749034882,-0.19749918580055237,0.09574158489704132,12.003251075744629,10.965258598327637,12.243806838989258,12.251215934753418,-0.1088574230670929,0.019931640475988388,0.10119140893220901,-0.04139648377895355,0.0,-0.11617713421583176,0.025451842695474625,0.09672288596630096,-0.039844416081905365,0.0,-0.4300997853279114,-0.09896820783615112,-9.665987968444824,-0.23227949440479279,-0.4295158088207245,-8.607442855834961,0.0,0.0,0.0,0.0,0.0,0.0,0.0,0.0,0.0,0.0,0.0,0.0,-0.11605899780988693,0.023994052782654762,0.09658753871917725,-0.03849288821220398,0.282252699136734,0.25749945640563965,0.28676846623420715,0.2839289903640747,-0.275987833738327,0.2504900395870209,-0.064712755382061,0.0,0.0,0.0,0.0,0.0,0.0,0.0
23182701443,0,0.04409144073724747,0.04896821454167366,-0.7138424515724182,6.569455581484362e-05,-0.04113857448101044,-0.8442511558532715,-0.0025017138104885817,0.005412175785750151,-0.03037995472550392,-0.0880519300699234,-0.18021447956562042,-0.13040870428085327,0.027042357251048088,-0.0170453991740942,0.0895821750164032,0.0,0.0,-0.0047828578390181065,0.03510785102844238,-0.011424995958805084,0.026867125183343887,-0.21790847182273865,0.13342738151550293,-0.11429162323474884,-1.277537226676941,-2.3623368740081787,-47.34093475341797,-0.2502564489841461,0.14234746992588043,-0.009101398289203644,-0.09612052887678146,0.16152706742286682,-0.1963929533958435,0.09592697769403458,12.003251075744629,10.965258598327637,12.243806838989258,12.251215934753418,-0.1088574230670929,0.019931640475988388,0.09965820610523224,-0.04139648377895355,0.0,-0.11617713421583176,0.025451842695474625,0.09672288596630096,-0.039844416081905365,0.0,-0.4768637418746948,0.04153164476156235,-9.44326400756836,-0.23227949440479279,-0.4295158088207245,-8.607442855834961,0.0,0.0,0.0,0.0,0.0,0.0,0.0,0.0,0.0,0.0,0.0,0.0,-0.11558079719543457,0.024213548749685287,0.09619807451963425,-0.03869452327489853,0.28074321150779724,0.260371595621109,0.2854333519935608,0.28557777404785156,-0.275987833738327,0.2504900395870209,-0.064712755382061,0.0,0.0,0.0,0.0,0.0,0.0,0.0
23186631391,0,0.04436112567782402,0.048818349838256836,-0.7140924334526062,6.569455581484362e-05,-0.04113857448101044,-0.8442511558532715,-0.0061318231746554375,0.0075495000928640366,-0.027625422924757004,-0.0885913074016571,-0.17991474270820618,-0.13015872240066528,0.027069857344031334,-0.017028501257300377,0.09001677483320236,0.0,0.0,-0.0047828578390181065,0.024987496435642242,-0.002572504337877035,0.02581152133643627,-0.21815529465675354,0.13170865178108215,-0.11435848474502563,-1.277537226676941,-2.3623368740081787,-47.34093475341797,-0.2502564489841461,0.14234746992588043,-0.009101398289203644,-0.09612052887678146,0.16152706742286682,-0.1963929533958435,0.09592697769403458,12.003251075744629,10.965258598327637,12.243806838989258,12.251215934753418,-0.1088574230670929,0.021464843302965164,0.09965820610523224,-0.039863280951976776,0.0,-0.11617713421583176,0.025451842695474625,0.09672288596630096,-0.039844416081905365,0.0,-0.41504061222076416,-0.4173668324947357,-9.66097640991211,-0.22678035497665405,-0.4339480400085449,-8.625860214233398,0.0,0.0,0.0,0.0,0.0,0.0,0.0,0.0,0.0,0.0,0.0,0.0,-0.11545564979314804,0.024549996480345726,0.09610337018966675,-0.03900587558746338,0.28074321150779724,0.260371595621109,0.2854333519935608,0.28557777404785156,-0.6280175447463989,0.5339024662971497,-0.12511739134788513,0.0,0.0,0.0,0.0,0.0,0.0,0.0
23209175077,0,0.04436112567782402,0.048818349838256836,-0.7140924334526062,6.569455581484362e-05,-0.04113857448101044,-0.8442511558532715,-0.0061318231746554375,0.0075495000928640366,-0.027625422924757004,-0.0885913074016571,-0.17991474270820618,-0.13015872240066528,0.027069857344031334,-0.017028501257300377,0.09001677483320236,0.0,0.0,-0.0047828578390181065,0.024987496435642242,-0.002572504337877035,0.02581152133643627,-0.21815529465675354,0.13170865178108215,-0.11435848474502563,-1.247291922569275,-2.386714220046997,-47.442230224609375,-0.23686261475086212,0.12894213199615479,-0.007489725947380066,-0.09638660401105881,0.16370488703250885,-0.19400906562805176,0.09625151008367538,11.988030433654785,11.072216987609863,12.22890567779541,12.275508880615234,-0.11039062589406967,0.021464843302965164,0.09812500327825546,-0.039863280951976776,0.0,-0.11617537587881088,0.026924554258584976,0.09664689749479294,-0.04136361554265022,0.0,-0.41504061222076416,-0.4173668324947357,-9.66097640991211,-0.22678035497665405,-0.4339480400085449,-8.625860214233398,0.0,0.0,0.0,0.0,0.0,0.0,0.0,0.0,0.0,0.0,0.0,0.0,-0.11552715301513672,0.0249498188495636,0.09616760909557343,-0.03938382491469383,0.28219982981681824,0.262085884809494,0.28599607944488525,0.28483089804649353,-0.6280175447463989,0.5339024662971497,-0.12511739134788513,0.0,0.0,0.0,0.0,0.0,0.0,0.0
23209233641,0,0.04482977092266083,0.04852114990353584,-0.7145452499389648,6.569455581484362e-05,-0.04113857448101044,-0.8442511558532715,-0.007160413544625044,0.009159829467535019,-0.027352452278137207,-0.08952859789133072,-0.1793203353881836,-0.12970590591430664,0.027151979506015778,-0.01721700094640255,0.0909653902053833,0.0,0.0,-0.0047828578390181065,-0.0028304406441748142,-0.003897240851074457,0.025985945016145706,-0.2156469076871872,0.1325661987066269,-0.11442636698484421,-1.247291922569275,-2.386714220046997,-47.442230224609375,-0.23686261475086212,0.12894213199615479,-0.007489725947380066,-0.09638660401105881,0.16370488703250885,-0.19400906562805176,0.09625151008367538,11.988030433654785,11.072216987609863,12.22890567779541,12.275508880615234,-0.1088574230670929,0.021464843302965164,0.09659180045127869,-0.039863280951976776,0.0,-0.11617537587881088,0.026924554258584976,0.09664689749479294,-0.04136361554265022,0.0,-0.20799413323402405,-0.05964942276477814,-9.68536376953125,-0.2273363620042801,-0.43613436818122864,-8.621529579162598,0.0,0.0,0.0,0.0,0.0,0.0,0.0,0.0,0.0,0.0,0.0,0.0,-0.11568201333284378,0.025442911311984062,0.09629114717245102,-0.03986494615674019,0.28219982981681824,0.262085884809494,0.28599607944488525,0.28483089804649353,-0.7755980491638184,-0.007185721769928932,-0.04417896643280983,0.0,0.0,0.0,0.0,0.0,0.0,0.0
23218167487,0,0.04482977092266083,0.04852114990353584,-0.7145452499389648,6.569455581484362e-05,-0.04113857448101044,-0.8442511558532715,-0.007160413544625044,0.009159829467535019,-0.027352452278137207,-0.09028661996126175,-0.17878016829490662,-0.12928539514541626,0.027151979506015778,-0.01721700094640255,0.0909653902053833,0.0,0.0,-0.0047828578390181065,-0.0028304406441748142,-0.003897240851074457,0.025985945016145706,-0.2156469076871872,0.1325661987066269,-0.11442636698484421,-1.2249122858047485,-2.407301425933838,-47.33087158203125,-0.20500335097312927,0.13740947842597961,-0.008003093302249908,-0.09708905965089798,0.16533996164798737,-0.19158120453357697,0.09653012454509735,12.042335510253906,11.075121879577637,12.159401893615723,12.20742130279541,-0.1088574230670929,0.021464843302965164,0.09659180045127869,-0.039863280951976776,0.0,-0.11565995961427689,0.028220681473612785,0.09708566963672638,-0.042902592569589615,0.0,-0.20799413323402405,-0.05964942276477814,-9.68536376953125,-0.22479963302612305,-0.43178796768188477,-8.59630012512207,0.0,0.0,0.0,0.0,0.0,0.0,0.0,0.0,0.0,0.0,0.0,0.0,-0.11582542955875397,0.026018617674708366,0.09643779695034027,-0.0404491052031517,0.2815060615539551,0.2625381648540497,0.2837890684604645,0.28472471237182617,-0.7755980491638184,-0.007185721769928932,-0.04417896643280983,0.0,0.0,0.0,0.0,0.0,0.0,0.0
23226408000,0,0.045208778232336044,0.048251066356897354,-0.7149657607078552,6.569455581484362e-05,-0.04113857448101044,-0.8442511558532715,-0.009097816422581673,0.007397830486297607,-0.03039460815489292,-0.09028661996126175,-0.17878016829490662,-0.12928539514541626,0.026985181495547295,-0.017275718972086906,0.09141288697719574,0.0,0.0,-0.0047828578390181065,-0.017024097964167595,-0.016310973092913628,0.02494516409933567,-0.21103179454803467,0.13597998023033142,-0.1156967282295227,-1.212203025817871,-2.3169708251953125,-47.36061096191406,-0.1916295289993286,0.16034190356731415,-0.008005604147911072,-0.09758395701646805,0.16668754816055298,-0.18916009366512299,0.09678605198860168,12.10417366027832,11.064034461975098,12.104981422424316,12.224761009216309,-0.1088574230670929,0.021464843302965164,0.09659180045127869,-0.039863280951976776,0.0,-0.11208196729421616,0.02571902796626091,0.09445542842149734,-0.040638890117406845,0.0,-0.10814014077186584,-0.25214603543281555,-9.553557395935059,-0.22479963302612305,-0.43178796768188477,-8.59630012512207,0.0,0.0,0.0,0.0,0.0,0.0,0.0,0.0,0.0,0.0,0.0,0.0,-0.11572413891553879,0.02653290145099163,0.09648788720369339,-0.04101371020078659,0.28271231055259705,0.26231956481933594,0.28272807598114014,0.28506261110305786,-0.6320456266403198,-0.5103961229324341,-0.0385381281375885,0.0,0.0,0.0,0.0,0.0,0.0,0.0
23238482340,0,0.04552202299237251,0.04803314059972763,-0.7153863906860352,6.569455581484362e-05,-0.04113857448101044,-0.8442511558532715,-0.011567125096917152,0.002260008594021201,-0.028706464916467667,-0.09091310948133469,-0.17834432423114777,-0.12886476516723633,0.026213856413960457,-0.01761183887720108,0.09141825139522552,0.0,0.0,-0.0047828578390181065,-0.02724207006394863,-0.026139428839087486,0.022924458608031273,-0.21103179454803467,0.13597998023033142,-0.1156967282295227,-1.212203025817871,-2.3169708251953125,-47.36061096191406,-0.1916295289993286,0.16034190356731415,-0.008005604147911072,-0.09758395701646805,0.16668754816055298,-0.18916009366512299,0.09678605198860168,12.083044052124023,11.138507843017578,11.994138717651367,12.295808792114258,-0.1088574230670929,0.021464843302965164,0.09505859017372131,-0.039863280951976776,0.0,-0.11227880418300629,0.025547033175826073,0.09533098340034485,-0.040403932332992554,0.0,-0.3690326511859894,0.107720747590065,-9.918659210205078,-0.22040054202079773,-0.42126742005348206,-8.6110200881958,0.0,0.0,0.0,0.0,0.0,0.0,0.0,0.0,0.0,0.0,0.0,0.0,-0.11517638713121414,0.026743123307824135,0.09629920870065689,-0.04131581634283066,0.28271231055259705,0.26231956481933594,0.28272807598114014,0.28506261110305786,-0.789472222328186,-0.7505813837051392,-0.16223129630088806,0.0,0.0,0.0,0.0,0.0,0.0,0.0
23246745570,0,0.04563752934336662,0.04787410423159599,-0.7156106233596802,6.569455581484362e-05,-0.04113857448101044,-0.8442511558532715,-0.010559466667473316,-0.0013767456403002143,-0.02829642966389656,-0.0911441221833229,-0.1780262589454651,-0.1286405324935913,0.025797627866268158,-0.017965467646718025,0.09148342907428741,0.0,0.0,-0.0047828578390181065,-0.02724207006394863,-0.026139428839087486,0.022924458608031273,-0.21103179454803467,0.13597998023033142,-0.1156967282295227,-1.2228248119354248,-2.2728054523468018,-47.378334045410156,-0.17648328840732574,0.17508773505687714,-0.005277737975120544,-0.09782513231039047,0.16719946265220642,-0.18813994526863098,0.09692651778459549,12.083044052124023,11.138507843017578,11.994138717651367,12.295808792114258,-0.1088574230670929,0.02299804612994194,0.09505859017372131,-0.039863280951976776,0.0,-0.11131297051906586,0.023783933371305466,0.0943157970905304,-0.03884867578744888,0.0,-0.3690326511859894,0.107720747590065,-9.918659210205078,-0.22233177721500397,-0.4132373631000519,-8.614242553710938,0.0,0.0,0.0,0.0,0.0,0.0,0.0,0.0,0.0,0.0,0.0,0.0,-0.11431866139173508,0.02655239775776863,0.09594052284955978,-0.041235219687223434,0.2823004424571991,0.26378685235977173,0.2805652618408203,0.2864459156990051,-0.789472222328186,-0.7505813837051392,-0.16223129630088806,0.0,0.0,0.0,0.0,0.0,0.0,0.0
23275579243,0,0.04563752934336662,0.04787410423159599,-0.7156106233596802,6.569455581484362e-05,-0.04113857448101044,-0.8442511558532715,-0.010559466667473316,-0.0013767456403002143,-0.02829642966389656,-0.0911441221833229,-0.1780262589454651,-0.1286405324935913,0.025797627866268158,-0.017965467646718025,0.09148342907428741,0.0,0.0,-0.0047828578390181065,-0.03163781017065048,-0.03214627876877785,0.021254930645227432,-0.20499905943870544,0.14308826625347137,-0.11589252948760986,-1.2228248119354248,-2.2728054523468018,-47.378334045410156,-0.17648328840732574,0.17508773505687714,-0.005277737975120544,-0.09782513231039047,0.16719946265220642,-0.18813994526863098,0.09692651778459549,12.083044052124023,11.138507843017578,11.994138717651367,12.295808792114258,-0.1088574230670929,0.02299804612994194,0.09505859017372131,-0.04139648377895355,0.0,-0.11131297051906586,0.023783933371305466,0.0943157970905304,-0.03884867578744888,0.0,-0.18519820272922516,0.057185325771570206,-10.009001731872559,-0.22233177721500397,-0.4132373631000519,-8.614242553710938,0.0,0.0,0.0,0.0,0.0,0.0,0.0,0.0,0.0,0.0,0.0,0.0,-0.11338674277067184,0.026029072701931,0.09551114588975906,-0.0408269427716732,0.2823004424571991,0.26378685235977173,0.2805652618408203,0.2864459156990051,-0.6254856586456299,-0.7332205176353455,-0.20266294479370117,0.0,0.0,0.0,0.0,0.0,0.0,0.0
23275628002,0,0.04563752934336662,0.04787410423159599,-0.7156106233596802,6.569455581484362e-05,-0.04113857448101044,-0.8442511558532715,-0.010559466667473316,-0.0013767456403002143,-0.02829642966389656,-0.0911441221833229,-0.1780262589454651,-0.1286405324935913,0.025797627866268158,-0.017965467646718025,0.09148342907428741,0.0,0.0,-0.0047828578390181065,-0.03837026655673981,-0.02972138486802578,0.01818760298192501,-0.20499905943870544,0.14308826625347137,-0.11589252948760986,-1.1738739013671875,-2.253227710723877,-47.254737854003906,-0.15823158621788025,0.17650288343429565,-0.0004102066159248352,-0.09825900942087173,0.16782796382904053,-0.18655182421207428,0.09705542027950287,11.959179878234863,11.255955696105957,11.811250686645508,12.360026359558105,-0.10732422024011612,0.024531250819563866,0.09659180045127869,-0.04139648377895355,0.0,-0.11047182232141495,0.024416696280241013,0.0936799943447113,-0.039525777101516724,0.0,-0.18519820272922516,0.057185325771570206,-10.009001731872559,-0.22233177721500397,-0.4132373631000519,-8.614242553710938,0.0,0.0,0.0,0.0,0.0,0.0,0.0,0.0,0.0,0.0,0.0,0.0,-0.1125069335103035,0.025386594235897064,0.09505007416009903,-0.04029233753681183,0.27988260984420776,0.2660989463329315,0.2769913971424103,0.2876954674720764,-0.5992791056632996,-0.2899470329284668,-0.2600715756416321,0.0,0.0,0.0,0.0,0.0,0.0,0.0
23277628105,0,0.0458117350935936,0.04756227508187294,-0.7160971164703369,6.569455581484362e-05,-0.04113857448101044,-0.8442511558532715,-0.015332695096731186,-0.002938150893896818,-0.031157642602920532,-0.09149253368377686,-0.1774025857448578,-0.12815403938293457,0.025269558653235435,-0.01881285384297371,0.09177520871162415,0.0,0.0,-0.0047828578390181065,-0.03958332538604736,-0.019529160112142563,0.01605290174484253,-0.19337257742881775,0.14630533754825592,-0.11696453392505646,-1.1885422468185425,-2.326045274734497,-47.09029769897461,-0.15265397727489471,0.1636401116847992,0.0007072389125823975,-0.09866612404584885,0.16818657517433167,-0.18487267196178436,0.09706281125545502,11.881860733032227,11.277108192443848,11.75688648223877,12.322041511535645,-0.10732422024011612,0.024531250819563866,0.09659180045127869,-0.04292968660593033,0.0,-0.11385089159011841,0.026155270636081696,0.09671953320503235,-0.041353464126586914,0.0,-0.2817404270172119,-0.2914508581161499,-10.008845329284668,-0.21343162655830383,-0.40967777371406555,-8.59177017211914,0.0,0.0,0.0,0.0,0.0,0.0,0.0,0.0,0.0,0.0,0.0,0.0,-0.11189337819814682,0.024942656978964806,0.09474004805088043,-0.03994103893637657,0.27837201952934265,0.26651501655578613,0.27592775225639343,0.28695639967918396,-0.1135268583893776,0.219438835978508,-0.18041947484016418,0.0,0.0,0.0,0.0,0.0,0.0,0.0
23286380919,0,0.04608897864818573,0.04693729057908058,-0.7169274091720581,6.569455581484362e-05,-0.04113857448101044,-0.8442511558532715,-0.01602351851761341,0.010985408909618855,-0.03712444007396698,-0.09204702824354172,-0.17615260183811188,-0.12732374668121338,0.02475213259458542,-0.01908818632364273,0.09256764501333237,0.0,0.0,-0.0047828578390181065,-0.0374898836016655,-0.014134611934423447,0.018237536773085594,-0.19067588448524475,0.1480357050895691,-0.11718665063381195,-1.1885422468185425,-2.326045274734497,-47.09029769897461,-0.15265397727489471,0.1636401116847992,0.0007072389125823975,-0.09866612404584885,0.16818657517433167,-0.18487267196178436,0.09706281125545502,11.881860733032227,11.277108192443848,11.75688648223877,12.322041511535645,-0.10732422024011612,0.02299804612994194,0.09659180045127869,-0.04292968660593033,0.0,-0.11385089159011841,0.026155270636081696,0.09671953320503235,-0.041353464126586914,0.0,-0.22837115824222565,0.20435172319412231,-10.054304122924805,-0.21581539511680603,-0.43483102321624756,-8.54528522491455,0.0,0.0,0.0,0.0,0.0,0.0,0.0,0.0,0.0,0.0,0.0,0.0,-0.11179695278406143,0.02486787922680378,0.09481262415647507,-0.03994458541274071,0.27837201952934265,0.26651501655578613,0.27592775225639343,0.28695639967918396,0.07005853950977325,0.3273143470287323,-0.009437271393835545,0.0,0.0,0.0,0.0,0.0,0.0,0.0
23296657953,0,0.04614803567528725,0.04672715812921524,-0.7172307372093201,6.569455581484362e-05,-0.04113857448101044,-0.8442511558532715,-0.019046615809202194,0.01432023011147976,-0.03620601445436478,-0.09216514229774475,-0.1757323443889618,-0.12702041864395142,0.02438877895474434,-0.0190590713173151,0.09285834431648254,0.0,0.0,-0.0047828578390181065,-0.0374898836016655,-0.014134611934423447,0.018237536773085594,-0.19067588448524475,0.1480357050895691,-0.11718665063381195,-1.186984658241272,-2.391570568084717,-46.99906921386719,-0.1538865715265274,0.15889717638492584,-0.0025999918580055237,-0.09887377172708511,0.16836971044540405,-0.18389713764190674,0.09707413613796234,11.93205738067627,11.176102638244629,11.825425148010254,12.210919380187988,-0.1088574230670929,0.021464843302965164,0.09659180045127869,-0.04292968660593033,0.0,-0.11529676616191864,0.028494462370872498,0.09805958718061447,-0.043692585080862045,0.0,-0.32995691895484924,0.35759443044662476,-9.818624496459961,-0.21077728271484375,-0.4412553906440735,-8.5540189743042,0.0,0.0,0.0,0.0,0.0,0.0,0.0,0.0,0.0,0.0,0.0,0.0,-0.11219523102045059,0.025176571682095528,0.09526201337575912,-0.0403142124414444,0.2793530225753784,0.26452726125717163,0.2772686183452606,0.2847929298877716,0.07005853950977325,0.3273143470287323,-0.009437271393835545,0.0,0.0,0.0,0.0,0.0,0.0,0.0
23306768083,0,0.04614803567528725,0.04672715812921524,-0.7172307372093201,6.569455581484362e-05,-0.04113857448101044,-0.8442511558532715,-0.019046615809202194,0.01432023011147976,-0.03620601445436478,-0.09216514229774475,-0.1757323443889618,-0.12702041864395142,0.02438877895474434,-0.0190590713173151,0.09285834431648254,0.0,0.0,-0.0047828578390181065,-0.03356931731104851,-0.009552559815347195,0.017514018341898918,-0.1923803985118866,0.14695215225219727,-0.11770005524158478,-1.1480796337127686,-2.409832239151001,-47.1680793762207,-0.1550278663635254,0.15597979724407196,-0.001198410987854004,-0.09924481809139252,0.16873855888843536,-0.18195413053035736,0.09717316180467606,11.926095962524414,11.253043174743652,11.837353706359863,12.281091690063477,-0.11039062589406967,0.021464843302965164,0.09505859017372131,-0.04292968660593033,0.0,-0.11477266997098923,0.030060572549700737,0.09730669856071472,-0.045123010873794556,0.0,-0.32995691895484924,0.35759443044662476,-9.818624496459961,-0.21077728271484375,-0.4412553906440735,-8.5540189743042,0.0,0.0,0.0,0.0,0.0,0.0,0.0,0.0,0.0,0.0,0.0,0.0,-0.11287254840135574,0.02590496838092804,0.0959027111530304,-0.04107748344540596,0.27923640608787537,0.2660416066646576,0.2775018811225891,0.28615933656692505,0.20454278588294983,0.1441960632801056,-0.1096101775765419,0.0,0.0,0.0,0.0,0.0,0.0,0.0
23316724147,0,0.04614803567528725,0.04672715812921524,-0.7172307372093201,6.569455581484362e-05,-0.04113857448101044,-0.8442511558532715,-0.019046615809202194,0.01432023011147976,-0.03620601445436478,-0.0923362597823143,-0.17489886283874512,-0.12643367052078247,0.02438877895474434,-0.0190590713173151,0.09285834431648254,0.0,0.0,-0.0047828578390181065,-0.03356931731104851,-0.009552559815347195,0.017514018341898918,-0.1923803985118866,0.14695215225219727,-0.11770005524158478,-1.1480796337127686,-2.409832239151001,-47.1680793762207,-0.1550278663635254,0.15597979724407196,-0.001198410987854004,-0.09924481809139252,0.16873855888843536,-0.18195413053035736,0.09717316180467606,11.926095962524414,11.253043174743652,11.837353706359863,12.281091690063477,-0.11039062589406967,0.021464843302965164,0.09352538734674454,-0.04139648377895355,0.0,-0.11477266997098923,0.030060572549700737,0.09730669856071472,-0.045123010873794556,0.0,-0.32995691895484924,0.35759443044662476,-9.818624496459961,-0.2075318992137909,-0.4330716133117676,-8.591049194335938,0.0,0.0,0.0,0.0,0.0,0.0,0.0,0.0,0.0,0.0,0.0,0.0,-0.11358047276735306,0.02695777826011181,0.096511609852314,-0.0421333946287632,0.27923640608787537,0.2660416066646576,0.2775018811225891,0.28615933656692505,0.20454278588294983,0.1441960632801056,-0.1096101775765419,0.0,0.0,0.0,0.0,0.0,0.0,0.0
23326376652,0,0.04623359441757202,0.0463104173541069,-0.717817485332489,6.569455581484362e-05,-0.04113857448101044,-0.8442511558532715,-0.020666366443037987,0.010797157883644104,-0.031748801469802856,-0.0923362597823143,-0.17489886283874512,-0.12643367052078247,0.023099295794963837,-0.019056348130106926,0.09324081242084503,0.0,0.0,-0.0047828578390181065,-0.0356382317841053,-0.013025695458054543,0.012175125069916248,-0.18175791203975677,0.14980767667293549,-0.11798317730426788,-1.1220906972885132,-2.3240485191345215,-47.23872756958008,-0.1519823968410492,0.16703368723392487,0.005303956568241119,-0.09943589568138123,0.1689041256904602,-0.1809556633234024,0.09714332222938538,11.803863525390625,11.423627853393555,11.672784805297852,12.475859642028809,-0.1088574230670929,0.02299804612994194,0.09505859017372131,-0.04292968660593033,0.0,-0.11261435598134995,0.02774203009903431,0.09526374936103821,-0.04273861274123192,0.0,-0.28202271461486816,-0.22692503035068512,-9.708996772766113,-0.2075318992137909,-0.4330716133117676,-8.591049194335938,0.0,0.0,0.0,0.0,0.0,0.0,0.0,0.0,0.0,0.0,0.0,0.0,-0.11404906958341599,0.027941156178712845,0.09686353802680969,-0.04309437796473503,0.2768470048904419,0.2693944573402405,0.27428123354911804,0.28994715213775635,0.051961932331323624,-0.13566386699676514,-0.31651732325553894,0.0,0.0,0.0,0.0,0.0,0.0,0.0
23336667943,0,0.04623492434620857,0.046119291335344315,-0.7180904150009155,6.569455581484362e-05,-0.04113857448101044,-0.8442511558532715,-0.021995067596435547,0.005770011339336634,-0.03210582211613655,-0.0923389196395874,-0.17451660335063934,-0.12616074085235596,0.0224912129342556,-0.019288765266537666,0.09333664178848267,0.0,0.0,-0.0047828578390181065,-0.04050819203257561,-0.021013179793953896,0.007236034609377384,-0.17801855504512787,0.15318532288074493,-0.11803117394447327,-1.1220906972885132,-2.3240485191345215,-47.23872756958008,-0.1519823968410492,0.16703368723392487,0.005303956568241119,-0.09943589568138123,0.1689041256904602,-0.1809556633234024,0.09714332222938538,11.717628479003906,11.51767349243164,11.508441925048828,12.576290130615234,-0.1088574230670929,0.024531250819563866,0.09659180045127869,-0.04292968660593033,0.0,-0.11344671249389648,0.027515443041920662,0.0966283306479454,-0.04239710420370102,0.0,-0.20340079069137573,-0.05304921045899391,-9.64677619934082,-0.20401649177074432,-0.42255428433418274,-8.588859558105469,0.0,0.0,0.0,0.0,0.0,0.0,0.0,0.0,0.0,0.0,0.0,0.0,-0.11415275186300278,0.02848455309867859,0.09689861536026001,-0.04359559342265129,0.2768470048904419,0.2693944573402405,0.27428123354911804,0.28994715213775635,-0.15983816981315613,-0.480647474527359,-0.3725665807723999,0.0,0.0,0.0,0.0,0.0,0.0,0.0
23346618493,0,0.04623492434620857,0.046119291335344315,-0.7180904150009155,6.569455581484362e-05,-0.04113857448101044,-0.8442511558532715,-0.021995067596435547,0.005770011339336634,-0.03210582211613655,-0.09209458529949188,-0.1737460345029831,-0.1256503462791443,0.0224912129342556,-0.019288765266537666,0.09333664178848267,0.0,0.0,-0.0047828578390181065,-0.041967663913965225,-0.026232603937387466,0.005348329432308674,-0.17801855504512787,0.15318532288074493,-0.11803117394447327,-1.1140302419662476,-2.2195024490356445,-47.180213928222656,-0.1340930014848709,0.18779224157333374,0.01047215610742569,-0.09975916892290115,0.1690034419298172,-0.1794120818376541,0.09682900458574295,11.721502304077148,11.531798362731934,11.465559005737305,12.593343734741211,-0.1088574230670929,0.024531250819563866,0.09659180045127869,-0.04292968660593033,0.0,-0.11002139747142792,0.024492086842656136,0.09347191452980042,-0.03965651988983154,0.0,-0.20340079069137573,-0.05304921045899391,-9.64677619934082,-0.2025509476661682,-0.40354591608047485,-8.57822036743164,0.0,0.0,0.0,0.0,0.0,0.0,0.0,0.0,0.0,0.0,0.0,0.0,-0.11387704312801361,0.02844395488500595,0.09665743261575699,-0.04351026937365532,0.2752353549003601,0.2715175151824951,0.27021774649620056,0.2922281324863434,-0.10949420928955078,-0.5572789907455444,-0.30090439319610596,0.0,0.0,0.0,0.0,0.0,0.0,0.0
23357052970,0,0.04611275717616081,0.04573401063680649,-0.7186008095741272,6.569455581484362e-05,-0.04113857448101044,-0.8442511558532715,-0.021726245060563087,-0.0030377376824617386,-0.03359704837203026,-0.09209458529949188,-0.1737460345029831,-0.1256503462791443,0.021768229082226753,-0.020137973129749298,0.09344552457332611,0.0,0.0,-0.0047828578390181065,-0.039593059569597244,-0.028691831976175308,0.015455257147550583,-0.17381341755390167,0.16198280453681946,-0.1182299256324768,-1.1216543912887573,-2.244762897491455,-47.21236038208008,-0.1311386376619339,0.190718412399292,-0.0033950507640838623,-0.10006146132946014,0.16890186071395874,-0.17815503478050232,0.09661368280649185,12.087803840637207,11.193500518798828,11.812582969665527,12.2567777633667,-0.1088574230670929,0.024531250819563866,0.09659180045127869,-0.044462889432907104,0.0,-0.10766913741827011,0.02576032467186451,0.09167870134115219,-0.0412820503115654,0.0,-0.30899426341056824,-0.4831361770629883,-9.921757698059082,-0.2025509476661682,-0.40354591608047485,-8.57822036743164,0.0,0.0,0.0,0.0,0.0,0.0,0.0,0.0,0.0,0.0,0.0,0.0,-0.11307947337627411,0.027892736718058586,0.09601388871669769,-0.04295860230922699,0.28239309787750244,0.2648698091506958,0.27701759338378906,0.2856859564781189,0.18643228709697723,-0.2103588581085205,0.2918645441532135,0.0,0.0,0.0,0.0,0.0,0.0,0.0
23366324131,0,0.04595501348376274,0.04535829648375511,-0.7190884947776794,6.569455581484362e-05,-0.04113857448101044,-0.8442511558532715,-0.02108471281826496,-7.084697426762432e-05,-0.03273482620716095,-0.09177909791469574,-0.17299461364746094,-0.12516266107559204,0.021461406722664833,-0.020801253616809845,0.09353620558977127,0.0,0.0,-0.0047828578390181065,-0.039593059569597244,-0.028691831976175308,0.015455257147550583,-0.1671200841665268,0.1615084707736969,-0.11905491352081299,-1.1216543912887573,-2.244762897491455,-47.21236038208008,-0.1311386376619339,0.190718412399292,-0.0033950507640838623,-0.10006146132946014,0.16890186071395874,-0.17815503478050232,0.09661368280649185,12.087803840637207,11.193500518798828,11.812582969665527,12.2567777633667,-0.1088574230670929,0.02299804612994194,0.09659180045127869,-0.044462889432907104,0.0,-0.10766913741827011,0.02576032467186451,0.09167870134115219,-0.0412820503115654,0.0,-0.3381025791168213,-0.22191111743450165,-9.858579635620117,-0.20393715798854828,-0.4081386923789978,-8.584065437316895,0.0,0.0,0.0,0.0,0.0,0.0,0.0,0.0,0.0,0.0,0.0,0.0,-0.11179737746715546,0.027169644832611084,0.0949801653623581,-0.0423029288649559,0.28239309787750244,0.2648698091506958,0.27701759338378906,0.2856859564781189,0.18643228709697723,-0.2103588581085205,0.2918645441532135,0.0,0.0,0.0,0.0,0.0,0.0,0.0
23376527605,0,0.045776303857564926,0.044981326907873154,-0.7195734977722168,6.569455581484362e-05,-0.04113857448101044,-0.8442511558532715,-0.025461986660957336,0.002760740462690592,-0.028700662776827812,-0.09142167121171951,-0.17224067449569702,-0.12467765808105469,0.02087281458079815,-0.02084401622414589,0.09359809756278992,0.0,0.0,-0.0047828578390181065,-0.03398307412862778,-0.02295137383043766,0.016775278374552727,-0.1671200841665268,0.1615084707736969,-0.11905491352081299,-1.0923305749893188,-2.2647716999053955,-47.231414794921875,-0.1372552365064621,0.18312476575374603,-0.00394313782453537,-0.1001836434006691,0.16888760030269623,-0.17761623859405518,0.09662539511919022,12.08308219909668,11.184782981872559,11.851680755615234,12.24327564239502,-0.11039062589406967,0.02299804612994194,0.09659180045127869,-0.044462889432907104,0.0,-0.1074482873082161,0.027328504249453545,0.09108512848615646,-0.0427643246948719,0.0,-0.3381025791168213,-0.22191111743450165,-9.858579635620117,-0.19522838294506073,-0.41350358724594116,-8.61489486694336,0.0,0.0,0.0,0.0,0.0,0.0,0.0,0.0,0.0,0.0,0.0,0.0,-0.11039488017559052,0.026626301929354668,0.09383516758680344,-0.04186046123504639,0.282301127910614,0.2646982967853546,0.27778223156929016,0.2854231595993042,0.41182151436805725,0.13350892066955566,0.22541387379169464,0.0,0.0,0.0,0.0,0.0,0.0,0.0
23386414686,0,0.045776303857564926,0.044981326907873154,-0.7195734977722168,6.569455581484362e-05,-0.04113857448101044,-0.8442511558532715,-0.025461986660957336,0.002760740462690592,-0.028700662776827812,-0.09142167121171951,-0.17224067449569702,-0.12467765808105469,0.02087281458079815,-0.02084401622414589,0.09359809756278992,0.0,0.0,-0.0047828578390181065,-0.027052879333496094,-0.008581465110182762,0.02065008319914341,-0.16706706583499908,0.16271285712718964,-0.11942529678344727,-1.0544488430023193,-2.283104419708252,-47.44270324707031,-0.1421786993741989,0.16619034111499786,-0.006367839872837067,-0.10044317692518234,0.16900354623794556,-0.1762939989566803,0.09678932279348373,12.16573429107666,11.197761535644531,12.001481056213379,12.220276832580566,-0.11039062589406967,0.024531250819563866,0.09659180045127869,-0.04599609225988388,0.0,-0.1061674952507019,0.029047202318906784,0.08934330195188522,-0.044495876878499985,0.0,-0.31085094809532166,-0.14147526025772095,-9.682376861572266,-0.19522838294506073,-0.41350358724594116,-8.61489486694336,0.0,0.0,0.0,0.0,0.0,0.0,0.0,0.0,0.0,0.0,0.0,0.0,-0.10911248624324799,0.026495596393942833,0.09271161258220673,-0.041821133345365524,0.2839125692844391,0.2649537920951843,0.28070878982543945,0.2849753201007843,0.3191860318183899,0.564280092716217,0.16521383821964264,0.0,0.0,0.0,0.0,0.0,0.0,0.0
23396986486,0,0.045776303857564926,0.044981326907873154,-0.7195734977722168,6.569455581484362e-05,-0.04113857448101044,-0.8442511558532715,-0.025461986660957336,0.002760740462690592,-0.028700662776827812,-0.09142167121171951,-0.17224067449569702,-0.12467765808105469,0.02087281458079815,-0.02084401622414589,0.09359809756278992,0.0,0.0,-0.0047828578390181065,-0.027052879333496094,-0.008581465110182762,0.02065008319914341,-0.16706706583499908,0.16271285712718964,-0.11942529678344727,-1.0544488430023193,-2.283104419708252,-47.44270324707031,-0.1421786993741989,0.16619034111499786,-0.006367839872837067,-0.10044317692518234,0.16900354623794556,-0.1762939989566803,0.09678932279348373,12.16573429107666,11.197761535644531,12.001481056213379,12.220276832580566,-0.11039062589406967,0.024531250819563866,0.09659180045127869,-0.04599609225988388,0.0,-0.1061674952507019,0.029047202318906784,0.08934330195188522,-0.044495876878499985,0.0,-0.3318297863006592,-0.44025933742523193,-9.952119827270508,-0.19522838294506073,-0.41350358724594116,-8.61489486694336,0.0,0.0,0.0,0.0,0.0,0.0,0.0,0.0,0.0,0.0,0.0,0.0,-0.10799744725227356,0.02682286687195301,0.09161784499883652,-0.04221547767519951,0.2839125692844391,0.2649537920951843,0.28070878982543945,0.2849753201007843,0.3191860318183899,0.564280092716217,0.16521383821964264,0.0,0.0,0.0,0.0,0.0,0.0,0.0
23406773254,0,0.04544169083237648,0.044600751250982285,-0.7200777530670166,6.569455581484362e-05,-0.04113857448101044,-0.8442511558532715,-0.028699321672320366,0.0031021791510283947,-0.025442887097597122,-0.09075244516134262,-0.17147952318191528,-0.12417340278625488,0.020225537940859795,-0.020887088030576706,0.09411705285310745,0.0,0.0,-0.0047828578390181065,-0.027052879333496094,-0.008581465110182762,0.02065008319914341,-0.1624813675880432,0.16230854392051697,-0.1196298897266388,-1.0544488430023193,-2.283104419708252,-47.44270324707031,-0.1421786993741989,0.16619034111499786,-0.006367839872837067,-0.10044317692518234,0.16900354623794556,-0.1762939989566803,0.09678932279348373,12.16573429107666,11.197761535644531,12.001481056213379,12.220276832580566,-0.11039062589406967,0.024531250819563866,0.09505859017372131,-0.044462889432907104,0.0,-0.1061674952507019,0.029047202318906784,0.08934330195188522,-0.044495876878499985,0.0,-0.3318297863006592,-0.44025933742523193,-9.952119827270508,-0.18781667947769165,-0.413621187210083,-8.637185096740723,0.0,0.0,0.0,0.0,0.0,0.0,0.0,0.0,0.0,0.0,0.0,0.0,-0.1071113795042038,0.02739427238702774,0.09066019207239151,-0.0428302176296711,0.2839125692844391,0.2649537920951843,0.28070878982543945,0.2849753201007843,0.3191860318183899,0.564280092716217,0.16521383821964264,0.0,0.0,0.0,0.0,0.0,0.0,0.0
23418377259,0,0.04520643502473831,0.04438735917210579,-0.7203248143196106,6.569455581484362e-05,-0.04113857448101044,-0.8442511558532715,-0.031141187995672226,0.004833306651562452,-0.025220148265361786,-0.09028193354606628,-0.1710527092218399,-0.12392634153366089,0.020030304789543152,-0.020818959921598434,0.09471721947193146,0.0,0.0,-0.0047828578390181065,-0.030823983252048492,0.006574359722435474,0.033296722918748856,-0.16044659912586212,0.1619725078344345,-0.1204078271985054,-1.0060765743255615,-2.291391134262085,-47.477760314941406,-0.12427149713039398,0.14753714203834534,-0.018902495503425598,-0.10072601586580276,0.16904912889003754,-0.17453323304653168,0.09729904681444168,12.49392032623291,10.946870803833008,12.324110984802246,11.862299919128418,-0.11192382872104645,0.024531250819563866,0.09352538734674454,-0.044462889432907104,0.0,-0.10225299745798111,0.03151582181453705,0.08581910282373428,-0.04755609482526779,0.0,-0.19570082426071167,-0.4518587589263916,-9.97974681854248,-0.18252263963222504,-0.4167928695678711,-8.63697338104248,0.0,0.0,0.0,0.0,0.0,0.0,0.0,0.0,0.0,0.0,0.0,0.0,-0.10632084310054779,0.02809418924152851,0.08978363126516342,-0.04358109086751938,0.29029789566993713,0.2600086033344269,0.28699684143066406,0.2779897153377533,-0.0996396616101265,0.6694048047065735,0.4713946282863617,0.0,0.0,0.0,0.0,0.0,0.0,0.0
23427305821,0,0.04520643502473831,0.04438735917210579,-0.7203248143196106,6.569455581484362e-05,-0.04113857448101044,-0.8442511558532715,-0.031141187995672226,0.004833306651562452,-0.025220148265361786,-0.08919970691204071,-0.17014966905117035,-0.12342780828475952,0.020030304789543152,-0.020818959921598434,0.09471721947193146,0.0,0.0,-0.0047828578390181065,-0.030823983252048492,0.006574359722435474,0.033296722918748856,-0.16044659912586212,0.1619725078344345,-0.1204078271985054,-0.9761608242988586,-2.2993078231811523,-47.31667709350586,-0.12437117844820023,0.1339419037103653,-0.018161334097385406,-0.100875124335289,0.1689780056476593,-0.17351475358009338,0.09765447676181793,12.413695335388184,10.94827938079834,12.288206100463867,11.820650100708008,-0.1088574230670929,0.024531250819563866,0.09199218451976776,-0.044462889432907104,0.0,-0.10229942947626114,0.03271930292248726,0.08542191237211227,-0.04887040704488754,0.0,-0.19570082426071167,-0.4518587589263916,-9.97974681854248,-0.17748378217220306,-0.4180559813976288,-8.603032112121582,0.0,0.0,0.0,0.0,0.0,0.0,0.0,0.0,0.0,0.0,0.0,0.0,-0.10536414384841919,0.02901143953204155,0.0887652114033699,-0.04460333287715912,0.2887389063835144,0.2600363790988922,0.2862979769706726,0.27717533707618713,-0.0996396616101265,0.6694048047065735,0.4713946282863617,0.0,0.0,0.0,0.0,0.0,0.0,0.0
23437663652,0,0.04466532543301582,0.043935831636190414,-0.720823347568512,6.569455581484362e-05,-0.04113857448101044,-0.8442511558532715,-0.032784536480903625,0.006179637275636196,-0.029286392033100128,-0.08919970691204071,-0.17014966905117035,-0.12342780828475952,0.01951349899172783,-0.020581871271133423,0.09589123725891113,0.0,0.0,-0.0047828578390181065,-0.027468249201774597,0.023304885253310204,0.023516343906521797,-0.15682744979858398,0.15763835608959198,-0.12128075957298279,-0.9607773423194885,-2.3025476932525635,-47.14512634277344,-0.12587107717990875,0.12882563471794128,-0.004613310098648071,-0.1011597141623497,0.16881437599658966,-0.1713908314704895,0.09811563044786453,12.017274856567383,11.251849174499512,11.91539478302002,12.108386993408203,-0.10732422024011612,0.026064453646540642,0.09045898169279099,-0.044462889432907104,0.0,-0.10535306483507156,0.032394230365753174,0.08771365880966187,-0.04827815294265747,0.0,-0.3911827802658081,-0.46584615111351013,-9.863198280334473,-0.17748378217220306,-0.4180559813976288,-8.603032112121582,0.0,0.0,0.0,0.0,0.0,0.0,0.0,0.0,0.0,0.0,0.0,0.0,-0.10446682572364807,0.030076241120696068,0.0877714529633522,-0.045805513858795166,0.28101712465286255,0.2660180926322937,0.27902737259864807,0.2827945053577423,0.050104886293411255,0.44452759623527527,-0.229677215218544,0.0,0.0,0.0,0.0,0.0,0.0,0.0
23446405248,0,0.044037654995918274,0.04347820207476616,-0.7213413715362549,6.569455581484362e-05,-0.04113857448101044,-0.8442511558532715,-0.03291042521595955,0.0072660003788769245,-0.03360123559832573,-0.08794435858726501,-0.16923440992832184,-0.1229097843170166,0.01891416124999523,-0.01995331235229969,0.0961705669760704,0.0,0.0,-0.0047828578390181065,-0.027468249201774597,0.023304885253310204,0.023516343906521797,-0.15682744979858398,0.15763835608959198,-0.12128075957298279,-0.9607773423194885,-2.3025476932525635,-47.14512634277344,-0.12587107717990875,0.12882563471794128,-0.004613310098648071,-0.1011597141623497,0.16881437599658966,-0.1713908314704895,0.09811563044786453,12.017274856567383,11.251849174499512,11.91539478302002,12.108386993408203,-0.10579101741313934,0.026064453646540642,0.09045898169279099,-0.044462889432907104,0.0,-0.10535306483507156,0.032394230365753174,0.08771365880966187,-0.04827815294265747,0.0,-0.26306015253067017,-0.11489938199520111,-10.010848045349121,-0.17468678951263428,-0.4186450242996216,-8.5718412399292,0.0,0.0,0.0,0.0,0.0,0.0,0.0,0.0,0.0,0.0,0.0,0.0,-0.10404817014932632,0.03104265034198761,0.08716631680727005,-0.04688034951686859,0.28101712465286255,0.2660180926322937,0.27902737259864807,0.2827945053577423,0.050104886293411255,0.44452759623527527,-0.229677215218544,0.0,0.0,0.0,0.0,0.0,0.0,0.0
23456408899,0,0.044037654995918274,0.04347820207476616,-0.7213413715362549,6.569455581484362e-05,-0.04113857448101044,-0.8442511558532715,-0.03291042521595955,0.0072660003788769245,-0.03360123559832573,-0.08794435858726501,-0.16923440992832184,-0.1229097843170166,0.01891416124999523,-0.01995331235229969,0.0961705669760704,0.0,0.0,-0.0047828578390181065,-0.029473602771759033,0.014451147057116032,0.02000037580728531,-0.15682744979858398,0.15763835608959198,-0.12128075957298279,-0.9368504285812378,-2.262962818145752,-47.114341735839844,-0.12140185385942459,0.1442478746175766,-0.0022122785449028015,-0.10130897909402847,0.1686735600233078,-0.17030715942382812,0.09822641313076019,11.980668067932129,11.2865629196167,11.8143892288208,12.17612075805664,-0.10425781458616257,0.026064453646540642,0.09045898169279099,-0.04599609225988388,0.0,-0.10380522906780243,0.03178944066166878,0.08654381334781647,-0.04756756126880646,0.0,-0.26306015253067017,-0.11489938199520111,-10.010848045349121,-0.17468678951263428,-0.4186450242996216,-8.5718412399292,0.0,0.0,0.0,0.0,0.0,0.0,0.0,0.0,0.0,0.0,0.0,0.0,-0.1040116399526596,0.03173944726586342,0.08691573143005371,-0.04763412103056908,0.2803022563457489,0.26670095324516296,0.27705293893814087,0.28411492705345154,-0.0883275493979454,-0.16843535006046295,-0.22865445911884308,0.0,0.0,0.0,0.0,0.0,0.0,0.0
23466700308,0,0.0436730831861496,0.04323660209774971,-0.7215999960899353,6.569455581484362e-05,-0.04113857448101044,-0.8442511558532715,-0.03398125618696213,0.003940656315535307,-0.03465927392244339,-0.08721521496772766,-0.16875119507312775,-0.12265115976333618,0.01846896857023239,-0.019804086536169052,0.09610495716333389,0.0,0.0,-0.0047828578390181065,-0.033412493765354156,0.005938819609582424,0.015689097344875336,-0.14965765178203583,0.15845832228660583,-0.12146711349487305,-0.9368504285812378,-2.262962818145752,-47.114341735839844,-0.12140185385942459,0.1442478746175766,-0.0022122785449028015,-0.10130897909402847,0.1686735600233078,-0.17030715942382812,0.09822641313076019,11.980668067932129,11.2865629196167,11.8143892288208,12.17612075805664,-0.10425781458616257,0.026064453646540642,0.08892577886581421,-0.04599609225988388,0.0,-0.10380522906780243,0.03178944066166878,0.08654381334781647,-0.04756756126880646,0.0,-0.07969558238983154,-0.38098347187042236,-10.003950119018555,-0.17033644020557404,-0.41144776344299316,-8.566244125366211,0.0,0.0,0.0,0.0,0.0,0.0,0.0,0.0,0.0,0.0,0.0,0.0,-0.10402698069810867,0.0321192666888237,0.08677782863378525,-0.048025328665971756,0.2803022563457489,0.26670095324516296,0.27705293893814087,0.28411492705345154,-0.25142040848731995,-0.4595458209514618,-0.30431875586509705,0.0,0.0,0.0,0.0,0.0,0.0,0.0
23476685111,0,0.0436730831861496,0.04323660209774971,-0.7215999960899353,6.569455581484362e-05,-0.04113857448101044,-0.8442511558532715,-0.03398125618696213,0.003940656315535307,-0.03465927392244339,-0.08721521496772766,-0.16875119507312775,-0.12265115976333618,0.01846896857023239,-0.019804086536169052,0.09610495716333389,0.0,0.0,-0.0047828578390181065,-0.033412493765354156,0.005938819609582424,0.015689097344875336,-0.14965765178203583,0.15845832228660583,-0.12146711349487305,-0.9026062488555908,-2.1316189765930176,-47.17039489746094,-0.11500697582960129,0.16152817010879517,9.573996067047119e-06,-0.10156869888305664,0.1682066172361374,-0.16870807111263275,0.09827543050050735,11.969456672668457,11.345009803771973,11.7380952835083,12.262614250183105,-0.10425781458616257,0.027597656473517418,0.08892577886581421,-0.04752929508686066,0.0,-0.09901010245084763,0.028573350980877876,0.08207815140485764,-0.04445233941078186,0.0,-0.07969558238983154,-0.38098347187042236,-10.003950119018555,-0.17033644020557404,-0.41144776344299316,-8.566244125366211,0.0,0.0,0.0,0.0,0.0,0.0,0.0,0.0,0.0,0.0,0.0,0.0,-0.10377237945795059,0.03209683671593666,0.08646082133054733,-0.04798954725265503,0.28008344769477844,0.2678498923778534,0.2755601108074188,0.28579968214035034,-0.25142040848731995,-0.4595458209514618,-0.30431875586509705,0.0,0.0,0.0,0.0,0.0,0.0,0.0
23486284803,0,0.04262884706258774,0.04248708114027977,-0.7224006652832031,6.569455581484362e-05,-0.04113857448101044,-0.8442511558532715,-0.0351887084543705,-0.011823143810033798,-0.032085441052913666,-0.08512672781944275,-0.16725215315818787,-0.12185049057006836,0.017281029373407364,-0.020159011706709862,0.09608209133148193,0.0,0.0,-0.0047828578390181065,-0.02354653924703598,-0.017453625798225403,0.013049435801804066,-0.1422194540500641,0.16258229315280914,-0.12168596684932709,-0.8611592650413513,-2.068082332611084,-47.31558609008789,-0.1216665580868721,0.18767987191677094,0.0018991604447364807,-0.101805180311203,0.1682066172361374,-0.16870807111263275,0.09827543050050735,11.98206901550293,11.378198623657227,11.697150230407715,12.394956588745117,-0.10425781458616257,0.027597656473517418,0.08739257603883743,-0.04906250163912773,0.0,-0.09581457078456879,0.02778073027729988,0.07916048169136047,-0.04336747154593468,0.0,-0.32097873091697693,-0.6706690788269043,-9.71768856048584,-0.1607753485441208,-0.37800946831703186,-8.592314720153809,0.0,0.0,0.0,0.0,0.0,0.0,0.0,0.0,0.0,0.0,0.0,0.0,-0.10284218192100525,0.0315474234521389,0.08556760102510452,-0.04741290211677551,0.28008344769477844,0.2678498923778534,0.2755601108074188,0.28579968214035034,0.29936468601226807,-0.7643948197364807,-0.11455333232879639,0.0,0.0,0.0,0.0,0.0,0.0,0.0
23496359905,0,0.0418274849653244,0.04193441942334175,-0.7228941917419434,6.569455581484362e-05,-0.04113857448101044,-0.8442511558532715,-0.038108717650175095,-0.010232334956526756,-0.03006831556558609,-0.08352399617433548,-0.16614681482315063,-0.12135696411132812,0.017473803833127022,-0.020808802917599678,0.0964566096663475,0.0,0.0,-0.0047828578390181065,-0.02354653924703598,-0.017453625798225403,0.013049435801804066,-0.1422194540500641,0.16258229315280914,-0.12168596684932709,-0.8611592650413513,-2.068082332611084,-47.31558609008789,-0.1216665580868721,0.18767987191677094,0.0018991604447364807,-0.101805180311203,0.16769129037857056,-0.16757632791996002,0.09827256202697754,11.98206901550293,11.378198623657227,11.697150230407715,12.394956588745117,-0.10272461175918579,0.027597656473517418,0.08739257603883743,-0.04906250163912773,0.0,-0.09581457078456879,0.02778073027729988,0.07916048169136047,-0.04336747154593468,0.0,-0.32097873091697693,-0.6706690788269043,-9.71768856048584,-0.1522715985774994,-0.3801586925983429,-8.6063871383667,0.0,0.0,0.0,0.0,0.0,0.0,0.0,0.0,0.0,0.0,0.0,0.0,-0.10123534500598907,0.03061871975660324,0.08408061414957047,-0.04643285647034645,0.28032979369163513,0.2685021162033081,0.27475839853286743,0.28837457299232483,0.29936468601226807,-0.7643948197364807,-0.11455333232879639,0.0,0.0,0.0,0.0,0.0,0.0,0.0
23506890932,0,0.0418274849653244,0.04193441942334175,-0.7228941917419434,6.569455581484362e-05,-0.04113857448101044,-0.8442511558532715,-0.038108717650175095,-0.010232334956526756,-0.03006831556558609,-0.08352399617433548,-0.16614681482315063,-0.12135696411132812,0.017473803833127022,-0.020808802917599678,0.0964566096663475,0.0,0.0,-0.0047828578390181065,-0.012414955534040928,-0.029631804674863815,0.014120473526418209,-0.14493854343891144,0.1652822494506836,-0.12193601578474045,-0.8377076983451843,-2.1211557388305664,-47.354949951171875,-0.13125795125961304,0.2044810652732849,-0.00048261135816574097,-0.10192306339740753,0.16753210127353668,-0.16725070774555206,0.09825080633163452,12.061372756958008,11.286345481872559,11.752544403076172,12.384206771850586,-0.10272461175918579,0.027597656473517418,0.08739257603883743,-0.04906250163912773,0.0,-0.09606563299894333,0.030393745750188828,0.07966958731412888,-0.04560236260294914,0.0,-0.286006897687912,0.027394991368055344,-9.752192497253418,-0.1522715985774994,-0.3801586925983429,-8.6063871383667,0.0,0.0,0.0,0.0,0.0,0.0,0.0,0.0,0.0,0.0,0.0,0.0,-0.09945638477802277,0.02975882589817047,0.08246488124132156,-0.04548830911517143,0.2818774878978729,0.2666965126991272,0.27584290504455566,0.28816574811935425,0.6384419202804565,-0.9235746264457703,0.019604995846748352,0.0,0.0,0.0,0.0,0.0,0.0,0.0
23516669824,0,0.04136817902326584,0.04171525314450264,-0.7231311202049255,6.569455581484362e-05,-0.04113857448101044,-0.8442511558532715,-0.037526536732912064,-0.007155564613640308,-0.02935943379998207,-0.08260538429021835,-0.1657084822654724,-0.12112003564834595,0.017808150500059128,-0.021156003698706627,0.09665882587432861,0.0,0.0,-0.0047828578390181065,-0.00019856638391502202,-0.03567412123084068,0.025533251464366913,-0.14581593871116638,0.16954171657562256,-0.12269128113985062,-0.8058929443359375,-2.2329132556915283,-47.41450119018555,-0.14377374947071075,0.21035046875476837,-0.013799995183944702,-0.10213207453489304,0.16748680174350739,-0.16707709431648254,0.09844756126403809,12.400773048400879,10.939620018005371,12.109485626220703,12.095746040344238,-0.10272461175918579,0.027597656473517418,0.08739257603883743,-0.04906250163912773,0.0,-0.09573645889759064,0.03597928211092949,0.07963889837265015,-0.050911031663417816,0.0,-0.1164126843214035,-0.2860226333141327,-9.795075416564941,-0.15231049060821533,-0.3856646716594696,-8.609991073608398,0.0,0.0,0.0,0.0,0.0,0.0,0.0,0.0,0.0,0.0,0.0,0.0,-0.09792901575565338,0.02959020435810089,0.0811295285820961,-0.045186616480350494,0.2818774878978729,0.2666965126991272,0.27584290504455566,0.28816574811935425,0.5430301427841187,-0.30864280462265015,0.46223869919776917,0.0,0.0,0.0,0.0,0.0,0.0,0.0
23526529187,0,0.040466319769620895,0.04139459878206253,-0.7236025929450989,6.569455581484362e-05,-0.04113857448101044,-0.8442511558532715,-0.03980293124914169,0.0031541071366518736,-0.02751767821609974,-0.08080165088176727,-0.1650671660900116,-0.12064856290817261,0.017905041575431824,-0.021696168929338455,0.09728290140628815,0.0,0.0,-0.0047828578390181065,-0.00019856638391502202,-0.03567412123084068,0.025533251464366913,-0.14581593871116638,0.16954171657562256,-0.12269128113985062,-0.8058929443359375,-2.2329132556915283,-47.41450119018555,-0.14377374947071075,0.21035046875476837,-0.013799995183944702,-0.10213207453489304,0.16748680174350739,-0.16707709431648254,0.09844756126403809,12.400773048400879,10.939620018005371,12.109485626220703,12.095746040344238,-0.10272461175918579,0.027597656473517418,0.08585937321186066,-0.04906250163912773,0.0,-0.09573645889759064,0.03597928211092949,0.07963889837265015,-0.050911031663417816,0.0,-0.37482014298439026,-0.6392152309417725,-9.874364852905273,-0.14652599394321442,-0.40598422288894653,-8.620818138122559,0.0,0.0,0.0,0.0,0.0,0.0,0.0,0.0,0.0,0.0,0.0,0.0,-0.0967884436249733,0.030428562313318253,0.08019913733005524,-0.04584965109825134,0.28848764300346375,0.25986555218696594,0.2828160524368286,0.2825479209423065,0.5430301427841187,-0.30864280462265015,0.46223869919776917,0.0,0.0,0.0,0.0,0.0,0.0,0.0
23536694062,0,0.040466319769620895,0.04139459878206253,-0.7236025929450989,6.569455581484362e-05,-0.04113857448101044,-0.8442511558532715,-0.03980293124914169,0.0031541071366518736,-0.02751767821609974,-0.08080165088176727,-0.1650671660900116,-0.12064856290817261,0.017905041575431824,-0.021696168929338455,0.09728290140628815,0.0,0.0,-0.0047828578390181065,0.002439238363876939,-0.032180171459913254,0.03347242996096611,-0.1440589427947998,0.169850692152977,-0.12303784489631653,-0.8058929443359375,-2.2329132556915283,-47.41450119018555,-0.14377374947071075,0.21035046875476837,-0.013799995183944702,-0.10213207453489304,0.16748680174350739,-0.16707709431648254,0.09844756126403809,12.400773048400879,10.939620018005371,12.109485626220703,12.095746040344238,-0.10272461175918579,0.027597656473517418,0.08432617038488388,-0.04906250163912773,0.0,-0.09573645889759064,0.03597928211092949,0.07963889837265015,-0.050911031663417816,0.0,-0.37482014298439026,-0.6392152309417725,-9.874364852905273,-0.14652599394321442,-0.40598422288894653,-8.620818138122559,0.0,0.0,0.0,0.0,0.0,0.0,0.0,0.0,0.0,0.0,0.0,0.0,-0.09603337943553925,0.031865138560533524,0.07963817566633224,-0.0471096970140934,0.28848764300346375,0.25986555218696594,0.2828160524368286,0.2825479209423065,0.37827345728874207,0.029176702722907066,0.6111317873001099,0.0,0.0,0.0,0.0,0.0,0.0,0.0
23546807477,0,0.040015190839767456,0.04130476713180542,-0.723836362361908,6.569455581484362e-05,-0.04113857448101044,-0.8442511558532715,-0.04009346663951874,0.00485615897923708,-0.026082944124937057,-0.0798993930220604,-0.16488750278949738,-0.12041479349136353,0.017681993544101715,-0.021731551736593246,0.09757382422685623,0.0,0.0,-0.0047828578390181065,0.004588068462908268,-0.03140423819422722,0.03991500660777092,-0.14126192033290863,0.17185886204242706,-0.12366573512554169,-0.773969829082489,-2.2332375049591064,-47.481712341308594,-0.15066063404083252,0.20677758753299713,-0.02625298500061035,-0.10237464308738708,0.16748680174350739,-0.16707709431648254,0.09844756126403809,12.714558601379395,10.639220237731934,12.45425796508789,11.80804443359375,-0.10119140893220901,0.026064453646540642,0.0827929675579071,-0.04906250163912773,0.0,-0.09250514209270477,0.03804318606853485,0.07650884240865707,-0.05314183607697487,0.0,-0.24527092278003693,0.0855744406580925,-9.653908729553223,-0.144655242562294,-0.4093673527240753,-8.630692481994629,0.0,0.0,0.0,0.0,0.0,0.0,0.0,0.0,0.0,0.0,0.0,0.0,-0.09545818716287613,0.03342604264616966,0.07921801507472992,-0.048533760011196136,0.28848764300346375,0.25986555218696594,0.2828160524368286,0.2825479209423065,0.32615360617637634,0.0817473977804184,0.5803898572921753,0.0,0.0,0.0,0.0,0.0,0.0,0.0
23556545742,0,0.040015190839767456,0.04130476713180542,-0.723836362361908,6.569455581484362e-05,-0.04113857448101044,-0.8442511558532715,-0.04009346663951874,0.00485615897923708,-0.026082944124937057,-0.0798993930220604,-0.16488750278949738,-0.12041479349136353,0.017681993544101715,-0.021731551736593246,0.09757382422685623,0.0,0.0,-0.0047828578390181065,0.007275423035025597,-0.034833889454603195,0.042854782193899155,-0.14126192033290863,0.17185886204242706,-0.12366573512554169,-0.7505795955657959,-2.222264528274536,-47.46547317504883,-0.15584324300289154,0.21414409577846527,-0.027173012495040894,-0.10249334573745728,0.16755901277065277,-0.1669938713312149,0.09973490983247757,12.737089157104492,10.592740058898926,12.46978759765625,11.800375938415527,-0.09812500327825546,0.026064453646540642,0.0827929675579071,-0.04752929508686066,0.0,-0.09139329195022583,0.03861277550458908,0.0754258930683136,-0.053559936583042145,0.0,-0.24527092278003693,0.0855744406580925,-9.653908729553223,-0.144655242562294,-0.4093673527240753,-8.630692481994629,0.0,0.0,0.0,0.0,0.0,0.0,0.0,0.0,0.0,0.0,0.0,0.0,-0.09472814947366714,0.034976765513420105,0.07860589772462845,-0.05000082030892372,0.2950156033039093,0.25300657749176025,0.28982895612716675,0.27677881717681885,0.3428056538105011,-0.08821137249469757,0.4353342652320862,0.0,0.0,0.0,0.0,0.0,0.0,0.0
23566455226,0,0.03873412311077118,0.041062742471694946,-0.7245258092880249,6.569455581484362e-05,-0.04113857448101044,-0.8442511558532715,-0.041192203760147095,-0.0012829666957259178,-0.024981684982776642,-0.07733724266290665,-0.16440345346927643,-0.11972534656524658,0.01711934059858322,-0.022877682000398636,0.09903918206691742,0.0,0.0,-0.0047828578390181065,0.02458259090781212,-0.043363217264413834,0.0398082472383976,-0.14662878215312958,0.18724094331264496,-0.12568584084510803,-0.749408483505249,-2.153862714767456,-47.466522216796875,-0.18152020871639252,0.22967404127120972,-0.020770661532878876,-0.10278063267469406,0.16792678833007812,-0.16732285916805267,0.10075341910123825,12.558329582214355,10.690677642822266,12.322905540466309,12.021830558776855,-0.09505859017372131,0.027597656473517418,0.08125976473093033,-0.04752929508686066,0.0,-0.09075597673654556,0.036004696041345596,0.07429946959018707,-0.050618525594472885,0.0,-0.20102770626544952,0.011368131265044212,-9.597491264343262,-0.13692516088485718,-0.39709949493408203,-8.636741638183594,0.0,0.0,0.0,0.0,0.0,0.0,0.0,0.0,0.0,0.0,0.0,0.0,-0.09377561509609222,0.036263782531023026,0.07771604508161545,-0.05122411251068115,0.2950156033039093,0.25300657749176025,0.28982895612716675,0.27677881717681885,0.6691158413887024,-0.26682063937187195,0.012520072981715202,0.0,0.0,0.0,0.0,0.0,0.0,0.0
23576494865,0,0.03788546472787857,0.041052334010601044,-0.7249200940132141,6.569455581484362e-05,-0.04113857448101044,-0.8442511558532715,-0.03942284733057022,-0.004514525644481182,-0.025983380153775215,-0.07563991844654083,-0.16438263654708862,-0.11933106184005737,0.017950480803847313,-0.023933129385113716,0.09975987672805786,0.0,0.0,-0.0047828578390181065,0.02458259090781212,-0.043363217264413834,0.0398082472383976,-0.14662878215312958,0.18724094331264496,-0.12568584084510803,-0.749408483505249,-2.153862714767456,-47.466522216796875,-0.18152020871639252,0.22967404127120972,-0.020770661532878876,-0.10278063267469406,0.16792678833007812,-0.16732285916805267,0.10075341910123825,12.558329582214355,10.690677642822266,12.322905540466309,12.021830558776855,-0.09352538734674454,0.029130859300494194,0.08125976473093033,-0.04906250163912773,0.0,-0.09075597673654556,0.036004696041345596,0.07429946959018707,-0.050618525594472885,0.0,-0.333120733499527,0.2098868191242218,-9.181092262268066,-0.13687756657600403,-0.39092111587524414,-8.626659393310547,0.0,0.0,0.0,0.0,0.0,0.0,0.0,0.0,0.0,0.0,0.0,0.0,-0.09277933835983276,0.03696926310658455,0.07669991254806519,-0.051849689334630966,0.29154857993125916,0.25494566559791565,0.2869732677936554,0.28110596537590027,0.6691158413887024,-0.26682063937187195,0.012520072981715202,0.0,0.0,0.0,0.0,0.0,0.0,0.0
23586713371,0,0.037461910396814346,0.04108542948961258,-0.7250729203224182,6.569455581484362e-05,-0.04113857448101044,-0.8442511558532715,-0.03821657598018646,-0.006235066801309586,-0.025596460327506065,-0.07479280233383179,-0.1644488275051117,-0.11917823553085327,0.018666664138436317,-0.024353446438908577,0.0999985784292221,0.0,0.0,-0.0047828578390181065,0.02458259090781212,-0.043363217264413834,0.0398082472383976,-0.15239818394184113,0.1904553472995758,-0.12598638236522675,-0.749408483505249,-2.153862714767456,-47.466522216796875,-0.18152020871639252,0.22967404127120972,-0.020770661532878876,-0.10278063267469406,0.16792678833007812,-0.16732285916805267,0.10075341910123825,12.558329582214355,10.690677642822266,12.322905540466309,12.021830558776855,-0.09199218451976776,0.029130859300494194,0.08125976473093033,-0.04906250163912773,0.0,-0.09075597673654556,0.036004696041345596,0.07429946959018707,-0.050618525594472885,0.0,-0.333120733499527,0.2098868191242218,-9.181092262268066,-0.13747359812259674,-0.38780760765075684,-8.628944396972656,0.0,0.0,0.0,0.0,0.0,0.0,0.0,0.0,0.0,0.0,0.0,0.0,-0.09191597998142242,0.03713823854923248,0.0757572129368782,-0.051930174231529236,0.29154857993125916,0.25494566559791565,0.2869732677936554,0.28110596537590027,0.6691158413887024,-0.26682063937187195,0.012520072981715202,0.0,0.0,0.0,0.0,0.0,0.0,0.0
23596414439,0,0.037461910396814346,0.04108542948961258,-0.7250729203224182,6.569455581484362e-05,-0.04113857448101044,-0.8442511558532715,-0.03821657598018646,-0.006235066801309586,-0.025596460327506065,-0.07479280233383179,-0.1644488275051117,-0.11917823553085327,0.018666664138436317,-0.024353446438908577,0.0999985784292221,0.0,0.0,-0.0047828578390181065,0.03409234434366226,-0.06874587386846542,0.030295833945274353,-0.1557929962873459,0.19542217254638672,-0.12607654929161072,-0.7527093887329102,-2.1332244873046875,-47.68050003051758,-0.1922450214624405,0.2797292470932007,-0.010651379823684692,-0.1032993420958519,0.1692562699317932,-0.16887491941452026,0.10215989500284195,12.40534496307373,10.907706260681152,12.062830924987793,12.418004035949707,-0.09352538734674454,0.029130859300494194,0.08125976473093033,-0.05059570446610451,0.0,-0.09142778813838959,0.034459877759218216,0.07534793019294739,-0.04836541414260864,0.0,-0.24455513060092926,-0.061756450682878494,-9.373744010925293,-0.13747359812259674,-0.38780760765075684,-8.628944396972656,0.0,0.0,0.0,0.0,0.0,0.0,0.0,0.0,0.0,0.0,0.0,0.0,-0.09130831062793732,0.03694090619683266,0.07507295161485672,-0.05162378400564194,0.29015928506851196,0.2563578486442566,0.28446194529533386,0.285243421792984,0.10519152879714966,-0.7692350149154663,-0.4009510576725006,0.0,0.0,0.0,0.0,0.0,0.0,0.0
23606270974,0,0.037461910396814346,0.04108542948961258,-0.7250729203224182,6.569455581484362e-05,-0.04113857448101044,-0.8442511558532715,-0.03821657598018646,-0.006235066801309586,-0.025596460327506065,-0.07479280233383179,-0.1644488275051117,-0.11917823553085327,0.018666664138436317,-0.024353446438908577,0.0999985784292221,0.0,0.0,-0.0047828578390181065,0.03409234434366226,-0.06874587386846542,0.030295833945274353,-0.1557929962873459,0.19542217254638672,-0.12607654929161072,-0.7527093887329102,-2.1332244873046875,-47.68050003051758,-0.1922450214624405,0.2797292470932007,-0.010651379823684692,-0.1032993420958519,0.1692562699317932,-0.16887491941452026,0.10215989500284195,12.40534496307373,10.907706260681152,12.062830924987793,12.418004035949707,-0.09199218451976776,0.029130859300494194,0.07972656190395355,-0.052128907293081284,0.0,-0.09142778813838959,0.034459877759218216,0.07534793019294739,-0.04836541414260864,0.0,-0.24455513060092926,-0.061756450682878494,-9.373744010925293,-0.13747359812259674,-0.38780760765075684,-8.628944396972656,0.0,0.0,0.0,0.0,0.0,0.0,0.0,0.0,0.0,0.0,0.0,0.0,-0.0910005047917366,0.036457303911447525,0.07473878562450409,-0.05097578093409538,0.28857672214508057,0.25923553109169006,0.2819059193134308,0.28882265090942383,0.10519152879714966,-0.7692350149154663,-0.4009510576725006,0.0,0.0,0.0,0.0,0.0,0.0,0.0
23616712513,0,0.036542002111673355,0.04109983891248703,-0.7253470420837402,6.569455581484362e-05,-0.04113857448101044,-0.8442511558532715,-0.03697609901428223,-0.006583974696695805,-0.02015943080186844,-0.07295297831296921,-0.1644776463508606,-0.11890411376953125,0.019236253574490547,-0.02571711875498295,0.1000717505812645,0.0,0.0,-0.0047828578390181065,0.029558205977082253,-0.07599955052137375,0.021170975640416145,-0.15932342410087585,0.21128493547439575,-0.12636590003967285,-0.7266721129417419,-2.13413667678833,-48.02845001220703,-0.1892838031053543,0.2939443290233612,-0.0025735870003700256,-0.10363258421421051,0.1692562699317932,-0.16887491941452026,0.10215989500284195,12.31003189086914,11.18185043334961,11.923121452331543,12.722525596618652,-0.09045898169279099,0.029130859300494194,0.07819335907697678,-0.052128907293081284,0.0,-0.09144256263971329,0.03443489596247673,0.07545490562915802,-0.047985151410102844,0.0,-0.4232925474643707,0.17716054618358612,-9.59360408782959,-0.13685625791549683,-0.3878590166568756,-8.669181823730469,0.0,0.0,0.0,0.0,0.0,0.0,0.0,0.0,0.0,0.0,0.0,0.0,-0.09092863649129868,0.03584973141551018,0.0746917724609375,-0.05015785992145538,0.28857672214508057,0.25923553109169006,0.2819059193134308,0.28882265090942383,-0.12044890969991684,-0.4779306650161743,-0.5110713839530945,0.0,0.0,0.0,0.0,0.0,0.0,0.0
23626465965,0,0.035638853907585144,0.04110754653811455,-0.725577712059021,6.569455581484362e-05,-0.04113857448101044,-0.8442511558532715,-0.03793282061815262,-0.007113853003829718,-0.011424655094742775,-0.07114667445421219,-0.16449306905269623,-0.11867344379425049,0.01948203518986702,-0.026992468163371086,0.10028146952390671,0.0,0.0,-0.0047828578390181065,0.029558205977082253,-0.07599955052137375,0.021170975640416145,-0.15932342410087585,0.21128493547439575,-0.12636590003967285,-0.7266721129417419,-2.13413667678833,-48.02845001220703,-0.1892838031053543,0.2939443290233612,-0.0025735870003700256,-0.10363258421421051,0.17000634968280792,-0.17061059176921844,0.1026618480682373,12.31003189086914,11.18185043334961,11.923121452331543,12.722525596618652,-0.08892577886581421,0.029130859300494194,0.07666015625,-0.05059570446610451,0.0,-0.09144256263971329,0.03443489596247673,0.07545490562915802,-0.047985151410102844,0.0,-0.4232925474643707,0.17716054618358612,-9.59360408782959,-0.132122203707695,-0.38802486658096313,-8.73244571685791,0.0,0.0,0.0,0.0,0.0,0.0,0.0,0.0,0.0,0.0,0.0,0.0,-0.0909874364733696,0.03529099375009537,0.07480453699827194,-0.049372218549251556,0.28672268986701965,0.26464053988456726,0.2791784107685089,0.2947332561016083,-0.12044890969991684,-0.4779306650161743,-0.5110713839530945,0.0,0.0,0.0,0.0,0.0,0.0,0.0
23637053295,0,0.035638853907585144,0.04110754653811455,-0.725577712059021,6.569455581484362e-05,-0.04113857448101044,-0.8442511558532715,-0.03793282061815262,-0.007113853003829718,-0.011424655094742775,-0.07114667445421219,-0.16449306905269623,-0.11867344379425049,0.01948203518986702,-0.026992468163371086,0.10028146952390671,0.0,0.0,-0.0047828578390181065,0.03205810487270355,-0.07574190944433212,0.0205382127314806,-0.15932342410087585,0.21128493547439575,-0.12636590003967285,-0.7128292918205261,-2.1835622787475586,-48.04859161376953,-0.1955098658800125,0.29623106122016907,-0.003703877329826355,-0.10380739718675613,0.1704055219888687,-0.1716822236776352,0.10283748060464859,12.341511726379395,11.147794723510742,11.964625358581543,12.715843200683594,-0.08739257603883743,0.029130859300494194,0.07666015625,-0.052128907293081284,0.0,-0.09224780648946762,0.036530911922454834,0.0762312114238739,-0.04978656768798828,0.0,-0.22439134120941162,-0.09667902439832687,-9.532655715942383,-0.132122203707695,-0.38802486658096313,-8.73244571685791,0.0,0.0,0.0,0.0,0.0,0.0,0.0,0.0,0.0,0.0,0.0,0.0,-0.09113747626543045,0.034954916685819626,0.07501581311225891,-0.04881298542022705,0.2873351573944092,0.26396989822387695,0.2799890339374542,0.29460376501083374,0.04716793820261955,-0.2582785487174988,-0.33547285199165344,0.0,0.0,0.0,0.0,0.0,0.0,0.0
23648135350,0,0.03523172810673714,0.04117633029818535,-0.7256816625595093,6.569455581484362e-05,-0.04113857448101044,-0.8442511558532715,-0.03898605704307556,-0.0030432872008532286,-0.010367490351200104,-0.07033241540193558,-0.16463063657283783,-0.11856949329376221,0.019939638674259186,-0.027661627158522606,0.10065005719661713,0.0,0.0,-0.0047828578390181065,0.03468747064471245,-0.0727560743689537,0.030611561611294746,-0.1660078763961792,0.22832776606082916,-0.12766680121421814,-0.7421209812164307,-2.2435338497161865,-48.01261520385742,-0.2023220807313919,0.3008580505847931,-0.010904207825660706,-0.10395529866218567,0.1704055219888687,-0.1716822236776352,0.10283748060464859,12.505687713623047,10.939046859741211,12.13617992401123,12.542598724365234,-0.08892577886581421,0.029130859300494194,0.07666015625,-0.052128907293081284,0.0,-0.09358061850070953,0.03820592537522316,0.07774636149406433,-0.051353588700294495,0.0,-0.04240913689136505,0.1174381896853447,-9.633666038513184,-0.12960532307624817,-0.39701130986213684,-8.73610782623291,0.0,0.0,0.0,0.0,0.0,0.0,0.0,0.0,0.0,0.0,0.0,0.0,-0.09144049137830734,0.03506102412939072,0.07537808269262314,-0.0487067885696888,0.2873351573944092,0.26396989822387695,0.2799890339374542,0.29460376501083374,0.0702364519238472,0.029263056814670563,0.20672284066677094,0.0,0.0,0.0,0.0,0.0,0.0,0.0
23656435089,0,0.03523172810673714,0.04117633029818535,-0.7256816625595093,6.569455581484362e-05,-0.04113857448101044,-0.8442511558532715,-0.03898605704307556,-0.0030432872008532286,-0.010367490351200104,-0.06803672760725021,-0.16539958119392395,-0.1182979941368103,0.019939638674259186,-0.027661627158522606,0.10065005719661713,0.0,0.0,-0.0047828578390181065,0.03468747064471245,-0.0727560743689537,0.030611561611294746,-0.1660078763961792,0.22832776606082916,-0.12766680121421814,-0.7363964319229126,-2.2843449115753174,-47.934471130371094,-0.20139771699905396,0.3007912039756775,-0.0166466161608696,-0.10412938892841339,0.17125342786312103,-0.17384502291679382,0.1033473089337349,12.630671501159668,10.778579711914062,12.258864402770996,12.378812789916992,-0.09045898169279099,0.03066406212747097,0.07666015625,-0.052128907293081284,0.0,-0.09365345537662506,0.04028505086898804,0.07796620577573776,-0.05337994545698166,0.0,-0.04240913689136505,0.1174381896853447,-9.633666038513184,-0.12869660556316376,-0.42175406217575073,-8.708830833435059,0.0,0.0,0.0,0.0,0.0,0.0,0.0,0.0,0.0,0.0,0.0,0.0,-0.09192629903554916,0.035712167620658875,0.07593350857496262,-0.04916416108608246,0.2929523289203644,0.25668442249298096,0.2857266068458557,0.28806090354919434,0.0702364519238472,0.029263056814670563,0.20672284066677094,0.0,0.0,0.0,0.0,0.0,0.0,0.0
23666523965,0,0.03408388793468475,0.04156079515814781,-0.7259531617164612,6.569455581484362e-05,-0.04113857448101044,-0.8442511558532715,-0.03878495842218399,0.008175259456038475,-0.012719618156552315,-0.06803672760725021,-0.16539958119392395,-0.1182979941368103,0.021215392276644707,-0.029471073299646378,0.10205823183059692,0.0,0.0,-0.0047828578390181065,0.025766883045434952,-0.0726444199681282,0.04531794786453247,-0.1729016900062561,0.2343592792749405,-0.1290595829486847,-0.7074353098869324,-2.344862461090088,-47.96089172363281,-0.1945382058620453,0.3127463757991791,-0.032142914831638336,-0.10447242110967636,0.17196905612945557,-0.17616859078407288,0.10430437326431274,13.051362037658691,10.387642860412598,12.621576309204102,12.004840850830078,-0.09045898169279099,0.03066406212747097,0.07666015625,-0.052128907293081284,0.0,-0.09151332080364227,0.044814471155405045,0.07657819986343384,-0.057715002447366714,0.0,-0.3499632179737091,0.12613153457641602,-9.777377128601074,-0.12869660556316376,-0.42175406217575073,-8.708830833435059,0.0,0.0,0.0,0.0,0.0,0.0,0.0,0.0,0.0,0.0,0.0,0.0,-0.09238183498382568,0.03698926791548729,0.07650759071111679,-0.05027353763580322,0.30109527707099915,0.24893952906131744,0.292775958776474,0.28077432513237,-0.21448379755020142,-0.09184616804122925,0.5446521639823914,0.0,0.0,0.0,0.0,0.0,0.0,0.0
23676419147,0,0.033319141715765,0.04182983562350273,-0.72608482837677,6.569455581484362e-05,-0.04113857448101044,-0.8442511558532715,-0.03937985748052597,0.007741024252027273,-0.008921518921852112,-0.06650722771883011,-0.1659376621246338,-0.11816632747650146,0.020851686596870422,-0.03054281324148178,0.10290370881557465,0.0,0.0,-0.0047828578390181065,0.025766883045434952,-0.0726444199681282,0.04531794786453247,-0.17143186926841736,0.24522992968559265,-0.13007192313671112,-0.7074353098869324,-2.344862461090088,-47.96089172363281,-0.1945382058620453,0.3127463757991791,-0.032142914831638336,-0.10447242110967636,0.17196905612945557,-0.17616859078407288,0.10430437326431274,13.051362037658691,10.387642860412598,12.621576309204102,12.004840850830078,-0.09045898169279099,0.03066406212747097,0.07666015625,-0.05059570446610451,0.0,-0.09151332080364227,0.044814471155405045,0.07657819986343384,-0.057715002447366714,0.0,-0.013713011518120766,-0.4520140290260315,-9.770340919494629,-0.1253155916929245,-0.422709196805954,-8.73831558227539,0.0,0.0,0.0,0.0,0.0,0.0,0.0,0.0,0.0,0.0,0.0,0.0,-0.09254434704780579,0.03885237127542496,0.0768669918179512,-0.05199231579899788,0.30109527707099915,0.24893952906131744,0.292775958776474,0.28077432513237,-0.21448379755020142,-0.09184616804122925,0.5446521639823914,0.0,0.0,0.0,0.0,0.0,0.0,0.0
23686865764,0,0.033319141715765,0.04182983562350273,-0.72608482837677,6.569455581484362e-05,-0.04113857448101044,-0.8442511558532715,-0.03937985748052597,0.007741024252027273,-0.008921518921852112,-0.06650722771883011,-0.1659376621246338,-0.11816632747650146,0.020851686596870422,-0.03054281324148178,0.10290370881557465,0.0,0.0,-0.0047828578390181065,0.027489855885505676,-0.07623247802257538,0.05032021179795265,-0.17143186926841736,0.24522992968559265,-0.13007192313671112,-0.6919171810150146,-2.3214526176452637,-48.09062957763672,-0.20684008300304413,0.3311067819595337,-0.03556046634912491,-0.10467640310525894,0.17230930924415588,-0.17755940556526184,0.10500176250934601,13.181495666503906,10.286279678344727,12.72926139831543,11.999547958374023,-0.09045898169279099,0.029130859300494194,0.07512695342302322,-0.04906250163912773,0.0,-0.0895758643746376,0.0449632853269577,0.07482737302780151,-0.057526081800460815,0.0,-0.013713011518120766,-0.4520140290260315,-9.770340919494629,-0.1253155916929245,-0.422709196805954,-8.73831558227539,0.0,0.0,0.0,0.0,0.0,0.0,0.0,0.0,0.0,0.0,0.0,0.0,-0.09234463423490524,0.04087570682168007,0.07690968364477158,-0.05388490855693817,0.303607314825058,0.24692600965499878,0.29486387968063354,0.28067103028297424,0.0367329865694046,-0.25947651267051697,0.4854241609573364,0.0,0.0,0.0,0.0,0.0,0.0,0.0
23696416701,0,0.03286375105381012,0.04196639358997345,-0.7261368632316589,6.569455581484362e-05,-0.04113857448101044,-0.8442511558532715,-0.03838294371962547,0.007081720978021622,-0.008080443367362022,-0.06559643894433975,-0.16621077060699463,-0.11811429262161255,0.020897891372442245,-0.031306371092796326,0.10331094264984131,0.0,0.0,-0.0047828578390181065,0.06419090181589127,-0.0814942866563797,0.058609142899513245,-0.18739856779575348,0.2573546767234802,-0.13079582154750824,-0.716163694858551,-2.25655198097229,-48.07019805908203,-0.23857711255550385,0.34042254090309143,-0.03869084268808365,-0.1048969253897667,0.17230930924415588,-0.17755940556526184,0.10500176250934601,13.25756549835205,10.000699996948242,12.959395408630371,11.968624114990234,-0.09045898169279099,0.029130859300494194,0.07512695342302322,-0.05059570446610451,0.0,-0.08799028396606445,0.043069399893283844,0.07236552238464355,-0.05505737289786339,0.0,-0.053280606865882874,0.1450887769460678,-9.827329635620117,-0.1258031278848648,-0.4220823049545288,-8.74375057220459,0.0,0.0,0.0,0.0,0.0,0.0,0.0,0.0,0.0,0.0,0.0,0.0,-0.09175173938274384,0.0425308458507061,0.0765136331319809,-0.05538243055343628,0.303607314825058,0.24692600965499878,0.29486387968063354,0.28067103028297424,1.464592456817627,-0.3305491507053375,0.42936763167381287,0.0,0.0,0.0,0.0,0.0,0.0,0.0
23706143030,0,0.0315999761223793,0.0424484945833683,-0.7262671589851379,6.569455581484362e-05,-0.04113857448101044,-0.8442511558532715,-0.03131065145134926,0.0011658212170004845,-0.008765551261603832,-0.06306887418031693,-0.16717496514320374,-0.11798399686813354,0.023325640708208084,-0.033828794956207275,0.10514653474092484,0.0,0.0,-0.0047828578390181065,0.06419090181589127,-0.0814942866563797,0.058609142899513245,-0.18739856779575348,0.2573546767234802,-0.13079582154750824,-0.716163694858551,-2.25655198097229,-48.07019805908203,-0.27362921833992004,0.3467581868171692,-0.04176514595746994,-0.10510023683309555,0.17352363467216492,-0.18049956858158112,0.10652504861354828,13.25756549835205,10.000699996948242,12.959395408630371,11.968624114990234,-0.09045898169279099,0.029130859300494194,0.07512695342302322,-0.052128907293081284,0.0,-0.08800701051950455,0.04304729029536247,0.07234843075275421,-0.05507584661245346,0.0,-0.053280606865882874,0.1450887769460678,-9.827329635620117,-0.13505864143371582,-0.4120507538318634,-8.734111785888672,0.0,0.0,0.0,0.0,0.0,0.0,0.0,0.0,0.0,0.0,0.0,0.0,-0.09083996713161469,0.04353059083223343,0.07566618919372559,-0.05617368221282959,0.30507412552833557,0.2412419617176056,0.2993181049823761,0.28006723523139954,1.464592456817627,-0.3305491507053375,0.42936763167381287,0.0,0.0,0.0,0.0,0.0,0.0,0.0
23716546458,0,0.0315999761223793,0.0424484945833683,-0.7262671589851379,6.569455581484362e-05,-0.04113857448101044,-0.8442511558532715,-0.03131065145134926,0.0011658212170004845,-0.008765551261603832,-0.06227322667837143,-0.167453795671463,-0.11794614791870117,0.023325640708208084,-0.033828794956207275,0.10514653474092484,0.0,0.0,-0.0047828578390181065,0.08104169368743896,-0.08151216804981232,0.0619666762650013,-0.1998758763074875,0.26624155044555664,-0.13214987516403198,-0.716163694858551,-2.25655198097229,-48.07019805908203,-0.27362921833992004,0.3467581868171692,-0.04176514595746994,-0.10510023683309555,0.17352363467216492,-0.18049956858158112,0.10652504861354828,13.25756549835205,10.000699996948242,12.959395408630371,11.968624114990234,-0.09199218451976776,0.03373046964406967,0.07666015625,-0.055195312947034836,0.0,-0.08800701051950455,0.04304729029536247,0.07234843075275421,-0.05507584661245346,0.0,-0.18932291865348816,0.3483249247074127,-9.821148872375488,-0.13764117658138275,-0.4139084815979004,-8.736618995666504,0.0,0.0,0.0,0.0,0.0,0.0,0.0,0.0,0.0,0.0,0.0,0.0,-0.08986802399158478,0.043934114277362823,0.07463797181844711,-0.05635939911007881,0.30507412552833557,0.2412419617176056,0.2993181049823761,0.28006723523139954,1.5598371028900146,-0.21278706192970276,0.348932147026062,0.0,0.0,0.0,0.0,0.0,0.0,0.0
23726452048,0,0.031202150508761406,0.04258790239691734,-0.7263050079345703,6.569455581484362e-05,-0.04113857448101044,-0.8442511558532715,-0.0295062568038702,0.0017508341697975993,-0.008290502242743969,-0.06227322667837143,-0.167453795671463,-0.11794614791870117,0.024427011609077454,-0.03463198244571686,0.10558511316776276,0.0,0.0,-0.0047828578390181065,0.07996053248643875,-0.0813034325838089,0.0559115894138813,-0.20015549659729004,0.2709631621837616,-0.13290850818157196,-0.7836892008781433,-2.275404453277588,-47.99970245361328,-0.3010316491127014,0.35762739181518555,-0.04135111719369888,-0.10563185065984726,0.17597699165344238,-0.18404722213745117,0.10840894281864166,13.049466133117676,10.107290267944336,12.758282661437988,12.190574645996094,-0.09199218451976776,0.03526367247104645,0.07666015625,-0.055195312947034836,0.0,-0.09180856496095657,0.04083174839615822,0.0758458599448204,-0.05270595848560333,0.0,-0.14823438227176666,-0.5572341084480286,-9.80162239074707,-0.13764117658138275,-0.4139084815979004,-8.736618995666504,0.0,0.0,0.0,0.0,0.0,0.0,0.0,0.0,0.0,0.0,0.0,0.0,-0.08922198414802551,0.04386672377586365,0.07387112826108932,-0.05610456317663193,0.30430397391319275,0.24016211926937103,0.2994822859764099,0.2813059091567993,0.3437044322490692,-0.12094785273075104,-0.17950665950775146,0.0,0.0,0.0,0.0,0.0,0.0,0.0
23736687681,0,0.030509989708662033,0.042836856096982956,-0.7264026403427124,6.569455581484362e-05,-0.04113857448101044,-0.8442511558532715,-0.02479187399148941,0.004289891570806503,-0.009819664061069489,-0.06088889762759209,-0.16795170307159424,-0.11784851551055908,0.025674115866422653,-0.03607350215315819,0.10606531798839569,0.0,0.0,-0.0047828578390181065,0.07996053248643875,-0.0813034325838089,0.0559115894138813,-0.20015549659729004,0.2709631621837616,-0.13290850818157196,-0.7836892008781433,-2.275404453277588,-47.99970245361328,-0.29373541474342346,0.36469337344169617,-0.03440406173467636,-0.1058819368481636,0.1771487444639206,-0.18568824231624603,0.10917037725448608,13.049466133117676,10.107290267944336,12.758282661437988,12.190574645996094,-0.09199218451976776,0.03526367247104645,0.07666015625,-0.05672851577401161,0.0,-0.09182946383953094,0.04080483317375183,0.07582449913024902,-0.052728280425071716,0.0,-0.14823438227176666,-0.5572341084480286,-9.80162239074707,-0.1453568935394287,-0.4196607768535614,-8.723159790039062,0.0,0.0,0.0,0.0,0.0,0.0,0.0,0.0,0.0,0.0,0.0,0.0,-0.08920714259147644,0.04337451234459877,0.07369603961706161,-0.05546245351433754,0.3010586202144623,0.24336569011211395,0.2954261302947998,0.28439661860466003,0.3437044322490692,-0.12094785273075104,-0.17950665950775146,0.0,0.0,0.0,0.0,0.0,0.0,0.0
23746396315,0,0.030509989708662033,0.042836856096982956,-0.7264026403427124,6.569455581484362e-05,-0.04113857448101044,-0.8442511558532715,-0.02479187399148941,0.004289891570806503,-0.009819664061069489,-0.06088889762759209,-0.16795170307159424,-0.11784851551055908,0.025674115866422653,-0.03607350215315819,0.10606531798839569,0.0,0.0,-0.0047828578390181065,0.08023353666067123,-0.07055766135454178,0.050823427736759186,-0.22043205797672272,0.2897370457649231,-0.134343221783638,-0.8025166988372803,-2.3511130809783936,-47.99813461303711,-0.30218780040740967,0.3562487065792084,-0.03038976341485977,-0.10649987310171127,0.17995621263980865,-0.18964922428131104,0.11070422828197479,12.923096656799316,10.211670875549316,12.687442779541016,12.29263687133789,-0.09045898169279099,0.03526367247104645,0.07512695342302322,-0.05672851577401161,0.0,-0.09538000077009201,0.04229274392127991,0.07883792370557785,-0.053983088582754135,0.0,0.015198508277535439,-0.2543239891529083,-9.925301551818848,-0.1453568935394287,-0.4196607768535614,-8.723159790039062,0.0,0.0,0.0,0.0,0.0,0.0,0.0,0.0,0.0,0.0,0.0,0.0,-0.08984655886888504,0.04272814095020294,0.074142687022686,-0.05469898134469986,0.29861634969711304,0.24544274806976318,0.2940532863140106,0.2863841652870178,0.1522216498851776,0.4045979678630829,-0.1985357254743576,0.0,0.0,0.0,0.0,0.0,0.0,0.0
23756415184,0,0.029802760109305382,0.04300657659769058,-0.726550281047821,6.569455581484362e-05,-0.04113857448101044,-0.8442511558532715,-0.021124163642525673,0.011344857513904572,-0.00929192267358303,-0.05947443097829819,-0.1682911515235901,-0.11770087480545044,0.02691875770688057,-0.03705548122525215,0.10670973360538483,0.0,0.0,-0.0047828578390181065,0.08023353666067123,-0.07055766135454178,0.050823427736759186,-0.22043205797672272,0.2897370457649231,-0.134343221783638,-0.8025166988372803,-2.3511130809783936,-47.99813461303711,-0.30218780040740967,0.3562487065792084,-0.03038976341485977,-0.10649987310171127,0.17995621263980865,-0.18964922428131104,0.11070422828197479,12.923096656799316,10.211670875549316,12.687442779541016,12.29263687133789,-0.08892577886581421,0.03526367247104645,0.07512695342302322,-0.05826171860098839,0.0,-0.09538000077009201,0.04229274392127991,0.07883792370557785,-0.053983088582754135,0.0,0.015198508277535439,-0.2543239891529083,-9.925301551818848,-0.15196819603443146,-0.4343905746936798,-8.725309371948242,0.0,0.0,0.0,0.0,0.0,0.0,0.0,0.0,0.0,0.0,0.0,0.0,-0.09101831167936325,0.042261265218257904,0.07508973032236099,-0.05413350835442543,0.29861634969711304,0.24544274806976318,0.2940532863140106,0.2863841652870178,0.1522216498851776,0.4045979678630829,-0.1985357254743576,0.0,0.0,0.0,0.0,0.0,0.0,0.0
23766550281,0,0.029802760109305382,0.04300657659769058,-0.726550281047821,6.569455581484362e-05,-0.04113857448101044,-0.8442511558532715,-0.021124163642525673,0.011344857513904572,-0.00929192267358303,-0.05947443097829819,-0.1682911515235901,-0.11770087480545044,0.02691875770688057,-0.03705548122525215,0.10670973360538483,0.0,0.0,-0.0047828578390181065,0.08159136772155762,-0.0628601461648941,0.04845384880900383,-0.2272787243127823,0.29361867904663086,-0.13507898151874542,-0.8358250856399536,-2.389148235321045,-47.989200592041016,-0.31021538376808167,0.35036739706993103,-0.02846219390630722,-0.10677578300237656,0.18127226829528809,-0.19133029878139496,0.11131266504526138,12.850584983825684,10.255619049072266,12.659113883972168,12.34146499633789,-0.09045898169279099,0.03526367247104645,0.07512695342302322,-0.05826171860098839,0.0,-0.0979154109954834,0.04224522039294243,0.08098986744880676,-0.05392923951148987,0.0,0.08578946441411972,-0.01728731207549572,-9.739897727966309,-0.15196819603443146,-0.4343905746936798,-8.725309371948242,0.0,0.0,0.0,0.0,0.0,0.0,0.0,0.0,0.0,0.0,0.0,0.0,-0.09251639991998672,0.042035266757011414,0.07634640485048294,-0.05382516607642174,0.29721352458000183,0.24631665647029877,0.29350391030311584,0.28733426332473755,0.13453131914138794,0.6111408472061157,-0.24116525053977966,0.0,0.0,0.0,0.0,0.0,0.0,0.0
23776858335,0,0.029512643814086914,0.04313020780682564,-0.7266397476196289,6.569455581484362e-05,-0.04113857448101044,-0.8442511558532715,-0.02033635973930359,0.013770797289907932,-0.014140952378511429,-0.05889419466257095,-0.1685384064912796,-0.11761140823364258,0.02776511386036873,-0.03756614774465561,0.10730156302452087,0.0,0.0,-0.0047828578390181065,0.06853944063186646,-0.040266841650009155,0.0439474917948246,-0.2367556095123291,0.29844218492507935,-0.1363018900156021,-0.8477113842964172,-2.426558017730713,-47.51894760131836,-0.31231823563575745,0.3398805558681488,-0.027728497982025146,-0.1071053147315979,0.18127226829528809,-0.19133029878139496,0.11131266504526138,12.599903106689453,10.245477676391602,12.446462631225586,12.228652954101562,-0.09045898169279099,0.03373046964406967,0.07512695342302322,-0.05826171860098839,0.0,-0.10128878057003021,0.04313364252448082,0.08375298976898193,-0.05519562587141991,0.0,-0.5081617832183838,-0.3157055974006653,-9.782173156738281,-0.15295225381851196,-0.4396483898162842,-8.686970710754395,0.0,0.0,0.0,0.0,0.0,0.0,0.0,0.0,0.0,0.0,0.0,0.0,-0.09428809583187103,0.04200603812932968,0.07784949243068695,-0.05375363305211067,0.29721352458000183,0.24631665647029877,0.29350391030311584,0.28733426332473755,-0.588470458984375,1.001721739768982,-0.26292842626571655,0.0,0.0,0.0,0.0,0.0,0.0,0.0
23786515169,0,0.028935404494404793,0.04338093474507332,-0.7268590331077576,6.569455581484362e-05,-0.04113857448101044,-0.8442511558532715,-0.020219631493091583,0.015029339119791985,-0.023438135161995888,-0.05773971229791641,-0.16903986036777496,-0.11739212274551392,0.02924494445323944,-0.0382142998278141,0.10838235914707184,0.0,0.0,-0.0047828578390181065,0.06853944063186646,-0.040266841650009155,0.0439474917948246,-0.2367556095123291,0.29844218492507935,-0.1363018900156021,-0.8314249515533447,-2.438143253326416,-47.410911560058594,-0.299410343170166,0.3286918103694916,-0.025116175413131714,-0.10744157433509827,0.18440474569797516,-0.1950034499168396,0.1125955656170845,12.599903106689453,10.245477676391602,12.446462631225586,12.228652954101562,-0.09045898169279099,0.03373046964406967,0.07512695342302322,-0.05672851577401161,0.0,-0.10118534415960312,0.044060658663511276,0.08358949422836304,-0.05603262782096863,0.0,-0.5081617832183838,-0.3157055974006653,-9.782173156738281,-0.15116816759109497,-0.4432987570762634,-8.620165824890137,0.0,0.0,0.0,0.0,0.0,0.0,0.0,0.0,0.0,0.0,0.0,0.0,-0.09629085659980774,0.04220151528716087,0.07954307645559311,-0.053964726626873016,0.29235541820526123,0.24611495435237885,0.28937599062919617,0.285138338804245,-0.588470458984375,1.001721739768982,-0.26292842626571655,0.0,0.0,0.0,0.0,0.0,0.0,0.0
23796631197,0,0.028935404494404793,0.04338093474507332,-0.7268590331077576,6.569455581484362e-05,-0.04113857448101044,-0.8442511558532715,-0.020219631493091583,0.015029339119791985,-0.023438135161995888,-0.05773971229791641,-0.16903986036777496,-0.11739212274551392,0.02924494445323944,-0.0382142998278141,0.10838235914707184,0.0,0.0,-0.0047828578390181065,0.041380513459444046,-0.026754241436719894,0.041435420513153076,-0.24390816688537598,0.3037937879562378,-0.13731971383094788,-0.7901718616485596,-2.431081533432007,-47.55394744873047,-0.2733575403690338,0.3222983777523041,-0.024873457849025726,-0.10807593911886215,0.18687738478183746,-0.19815896451473236,0.11356468498706818,12.661126136779785,10.33905029296875,12.447648048400879,12.222764015197754,-0.08892577886581421,0.03373046964406967,0.07359375059604645,-0.05672851577401161,0.0,-0.09939319640398026,0.04476522281765938,0.08214891701936722,-0.05710674077272415,0.0,-0.0607079342007637,-0.3385619819164276,-9.712658882141113,-0.15116816759109497,-0.4432987570762634,-8.620165824890137,0.0,0.0,0.0,0.0,0.0,0.0,0.0,0.0,0.0,0.0,0.0,0.0,-0.09810110181570053,0.042630456387996674,0.08106376230716705,-0.05446106567978859,0.29235541820526123,0.24611495435237885,0.28937599062919617,0.285138338804245,-1.193114161491394,0.8249637484550476,-0.11169489473104477,0.0,0.0,0.0,0.0,0.0,0.0,0.0
23806446388,0,0.028025520965456963,0.04381699115037918,-0.7272301912307739,6.569455581484362e-05,-0.04113857448101044,-0.8442511558532715,-0.02324257232248783,0.012292026542127132,-0.019606582820415497,-0.05591993406414986,-0.16991198062896729,-0.11702096462249756,0.02952548861503601,-0.038511212915182114,0.10943876951932907,0.0,0.0,-0.0047828578390181065,0.032141800969839096,-0.016460474580526352,0.04596013203263283,-0.24390816688537598,0.3037937879562378,-0.13731971383094788,-0.7809656858444214,-2.4270405769348145,-47.640342712402344,-0.2733575403690338,0.3222983777523041,-0.024873457849025726,-0.10807593911886215,0.18687738478183746,-0.19815896451473236,0.11356468498706818,12.835543632507324,10.232443809509277,12.639519691467285,12.048911094665527,-0.08892577886581421,0.032197266817092896,0.07512695342302322,-0.05672851577401161,0.0,-0.09767155349254608,0.04541056603193283,0.08052737265825272,-0.05808348208665848,0.0,-0.0607079342007637,-0.3385619819164276,-9.712658882141113,-0.14199376106262207,-0.4412801265716553,-8.661880493164062,0.0,0.0,0.0,0.0,0.0,0.0,0.0,0.0,0.0,0.0,0.0,0.0,-0.09923307597637177,0.04323260486125946,0.08200354874134064,-0.05518887937068939,0.2935430109500885,0.24797454476356506,0.2893988788127899,0.2850237488746643,-1.087533950805664,0.9481290578842163,0.15405289828777313,0.0,0.0,0.0,0.0,0.0,0.0,0.0
23816306140,0,0.027712443843483925,0.04403121396899223,-0.7273644208908081,6.569455581484362e-05,-0.04113857448101044,-0.8442511558532715,-0.021634485572576523,0.013616923242807388,-0.01873200759291649,-0.05529377609491348,-0.170340433716774,-0.11688673496246338,0.02982563152909279,-0.0385127067565918,0.10994312912225723,0.0,0.0,-0.0047828578390181065,0.032141800969839096,-0.016460474580526352,0.04596013203263283,-0.24390816688537598,0.3037937879562378,-0.13731971383094788,-0.7809656858444214,-2.4270405769348145,-47.640342712402344,-0.2652369439601898,0.30762508511543274,-0.03131859004497528,-0.1084224283695221,0.1880139857530594,-0.1997683346271515,0.11412694305181503,12.835543632507324,10.232443809509277,12.639519691467285,12.048911094665527,-0.09045898169279099,0.032197266817092896,0.07666015625,-0.05672851577401161,0.0,-0.09770103543996811,0.045373741537332535,0.08049748837947845,-0.058114781975746155,0.0,-0.0607079342007637,-0.3385619819164276,-9.712658882141113,-0.14461667835712433,-0.44475477933883667,-8.668525695800781,0.0,0.0,0.0,0.0,0.0,0.0,0.0,0.0,0.0,0.0,0.0,0.0,-0.09958243370056152,0.04389917105436325,0.08226678520441055,-0.05603734776377678,0.2969222962856293,0.24585594236850739,0.29312384128570557,0.28163444995880127,-1.087533950805664,0.9481290578842163,0.15405289828777313,0.0,0.0,0.0,0.0,0.0,0.0,0.0
23827261378,0,0.027712443843483925,0.04403121396899223,-0.7273644208908081,6.569455581484362e-05,-0.04113857448101044,-0.8442511558532715,-0.021634485572576523,0.013616923242807388,-0.01873200759291649,-0.05529377609491348,-0.170340433716774,-0.11688673496246338,0.02982563152909279,-0.0385127067565918,0.10994312912225723,0.0,0.0,-0.0047828578390181065,0.031570374965667725,-0.004353761672973633,0.048556137830019,-0.2466713786125183,0.2979620695114136,-0.1390169858932495,-0.7809656858444214,-2.4270405769348145,-47.640342712402344,-0.2652369439601898,0.30762508511543274,-0.03131859004497528,-0.1084224283695221,0.1880139857530594,-0.1997683346271515,0.11412694305181503,12.876250267028809,10.185307502746582,12.750752449035645,11.979654312133789,-0.09199218451976776,0.032197266817092896,0.07972656190395355,-0.05672851577401161,0.0,-0.09739118814468384,0.04558386281132698,0.07979373633861542,-0.05845116078853607,0.0,-0.40479812026023865,-0.1953931599855423,-9.822598457336426,-0.14461667835712433,-0.44475477933883667,-8.668525695800781,0.0,0.0,0.0,0.0,0.0,0.0,0.0,0.0,0.0,0.0,0.0,0.0,-0.09939143806695938,0.044510483741760254,0.08203867077827454,-0.056852053850889206,0.2969222962856293,0.24585594236850739,0.29312384128570557,0.28163444995880127,-0.6631872057914734,1.1509478092193604,0.21646738052368164,0.0,0.0,0.0,0.0,0.0,0.0,0.0
23836238296,0,0.027712443843483925,0.04403121396899223,-0.7273644208908081,6.569455581484362e-05,-0.04113857448101044,-0.8442511558532715,-0.021634485572576523,0.013616923242807388,-0.01873200759291649,-0.05529377609491348,-0.170340433716774,-0.11688673496246338,0.02982563152909279,-0.0385127067565918,0.10994312912225723,0.0,0.0,-0.0047828578390181065,0.024416139349341393,0.013237654231488705,0.05057699233293533,-0.2466713786125183,0.2979620695114136,-0.1390169858932495,-0.8263378143310547,-2.457796335220337,-47.75148391723633,-0.26859530806541443,0.2706460952758789,-0.03563801944255829,-0.1090870350599289,0.19001422822475433,-0.20230832695960999,0.1153196170926094,12.907750129699707,10.203411102294922,12.835986137390137,11.915692329406738,-0.09352538734674454,0.032197266817092896,0.0827929675579071,-0.055195312947034836,0.0,-0.09930431842803955,0.04492507129907608,0.0813099592924118,-0.05839155241847038,0.0,-0.40479812026023865,-0.1953931599855423,-9.822598457336426,-0.14461667835712433,-0.44475477933883667,-8.668525695800781,0.0,0.0,0.0,0.0,0.0,0.0,0.0,0.0,0.0,0.0,0.0,0.0,-0.09903094917535782,0.044969119131565094,0.08161463588476181,-0.057529550045728683,0.29831933975219727,0.24527858197689056,0.296930730342865,0.279033362865448,-0.6966437101364136,1.3966699838638306,0.22888967394828796,0.0,0.0,0.0,0.0,0.0,0.0,0.0
23848312283,0,0.02706785313785076,0.0444868728518486,-0.7276232838630676,6.569455581484362e-05,-0.04113857448101044,-0.8442511558532715,-0.01806127093732357,0.0140365120023489,-0.014500518329441547,-0.05400459095835686,-0.17125175893306732,-0.11662787199020386,0.03072977066040039,-0.038186971098184586,0.11079049855470657,0.0,0.0,-0.0047828578390181065,0.008670587092638016,0.02300405688583851,0.054447054862976074,-0.2500578761100769,0.29630813002586365,-0.1398015171289444,-0.8255506753921509,-2.461449146270752,-47.84894943237305,-0.2476274073123932,0.26183241605758667,-0.03961893171072006,-0.10945840924978256,0.19093728065490723,-0.20340131223201752,0.11602090299129486,13.052512168884277,10.172544479370117,12.94186019897461,11.796272277832031,-0.09352538734674454,0.03373046964406967,0.08125976473093033,-0.055195312947034836,0.0,-0.09830845892429352,0.04517623409628868,0.08069058507680893,-0.05915095657110214,0.0,-0.369221955537796,-0.5239696502685547,-9.46318531036377,-0.15010012686252594,-0.4475362300872803,-8.699809074401855,0.0,0.0,0.0,0.0,0.0,0.0,0.0,0.0,0.0,0.0,0.0,0.0,-0.098769910633564,0.04522853344678879,0.0812513530254364,-0.05805960297584534,0.30111750960350037,0.24466434121131897,0.29897913336753845,0.27669858932495117,-1.1101069450378418,1.1471673250198364,0.33909136056900024,0.0,0.0,0.0,0.0,0.0,0.0,0.0
23858341219,0,0.026736905798316002,0.04469548538327217,-0.7277339696884155,6.569455581484362e-05,-0.04113857448101044,-0.8442511558532715,-0.019667474552989006,0.01775174029171467,-0.011419896967709064,-0.05334269255399704,-0.17166897654533386,-0.11651718616485596,0.03059430606663227,-0.03799223154783249,0.11118234694004059,0.0,0.0,-0.0047828578390181065,-0.028885897248983383,0.021537046879529953,0.06084303557872772,-0.24607966840267181,0.2951450049877167,-0.1403961479663849,-0.8255506753921509,-2.461449146270752,-47.84894943237305,-0.2476274073123932,0.26183241605758667,-0.03961893171072006,-0.10945840924978256,0.19093728065490723,-0.20340131223201752,0.11602090299129486,13.38687801361084,10.180638313293457,13.075925827026367,11.661625862121582,-0.09199218451976776,0.03526367247104645,0.0827929675579071,-0.055195312947034836,0.0,-0.09584534913301468,0.04514029622077942,0.07986152172088623,-0.05983472988009453,0.0,-0.0024631787091493607,-0.44366565346717834,-9.9667387008667,-0.14689162373542786,-0.4565339684486389,-8.72258472442627,0.0,0.0,0.0,0.0,0.0,0.0,0.0,0.0,0.0,0.0,0.0,0.0,-0.0984886959195137,0.045333217829465866,0.08095953613519669,-0.058518186211586,0.30111750960350037,0.24466434121131897,0.29897913336753845,0.27669858932495117,-1.6882412433624268,0.2701461911201477,0.3669547438621521,0.0,0.0,0.0,0.0,0.0,0.0,0.0
23866342213,0,0.026736905798316002,0.04469548538327217,-0.7277339696884155,6.569455581484362e-05,-0.04113857448101044,-0.8442511558532715,-0.019667474552989006,0.01775174029171467,-0.011419896967709064,-0.05201885104179382,-0.17256569862365723,-0.11632043123245239,0.03059430606663227,-0.03799223154783249,0.11118234694004059,0.0,0.0,-0.0047828578390181065,-0.028885897248983383,0.021537046879529953,0.06084303557872772,-0.24607966840267181,0.2951450049877167,-0.1403961479663849,-0.8302628397941589,-2.5603134632110596,-48.18531036376953,-0.19192901253700256,0.26919764280319214,-0.045465655624866486,-0.11018069833517075,0.1919611096382141,-0.20538519322872162,0.11752074211835861,13.38687801361084,10.180638313293457,13.075925827026367,11.661625862121582,-0.09199218451976776,0.03526367247104645,0.0827929675579071,-0.05366211012005806,0.0,-0.09865272790193558,0.04833638668060303,0.082611083984375,-0.06276202946901321,0.0,-0.0024631787091493607,-0.44366565346717834,-9.9667387008667,-0.1509568840265274,-0.4655115306377411,-8.760965347290039,0.0,0.0,0.0,0.0,0.0,0.0,0.0,0.0,0.0,0.0,0.0,0.0,-0.09810575097799301,0.04549819976091385,0.08077849447727203,-0.059090159833431244,0.30756527185440063,0.24482539296150208,0.30156978964805603,0.2740626335144043,-1.6882412433624268,0.2701461911201477,0.3669547438621521,0.0,0.0,0.0,0.0,0.0,0.0,0.0
23876351646,0,0.026074988767504692,0.045143842697143555,-0.7279307246208191,6.569455581484362e-05,-0.04113857448101044,-0.8442511558532715,-0.017216019332408905,0.02137156017124653,-0.00598707003518939,-0.05201885104179382,-0.17256569862365723,-0.11632043123245239,0.029198311269283295,-0.03759697079658508,0.11225923150777817,0.0,0.0,-0.0047828578390181065,-0.0712902620434761,0.04930571839213371,0.06164046749472618,-0.22219103574752808,0.28124532103538513,-0.14264464378356934,-0.8955883383750916,-2.5990238189697266,-47.90953826904297,-0.13003619015216827,0.21957039833068848,-0.04415205866098404,-0.11095184832811356,0.19190077483654022,-0.20713873207569122,0.1191251203417778,13.307056427001953,10.316797256469727,12.956680297851562,11.454363822937012,-0.09199218451976776,0.03373046964406967,0.0827929675579071,-0.055195312947034836,0.0,-0.10208792239427567,0.0467035248875618,0.08615732192993164,-0.0631493628025055,0.0,-0.12481251358985901,-0.31602028012275696,-10.013870239257812,-0.1509568840265274,-0.4655115306377411,-8.760965347290039,0.0,0.0,0.0,0.0,0.0,0.0,0.0,0.0,0.0,0.0,0.0,0.0,-0.09804731607437134,0.04588029906153679,0.081064373254776,-0.05993185192346573,0.3060280382633209,0.247532457113266,0.29926571249961853,0.26999804377555847,-2.0864593982696533,1.2369199991226196,0.18900789320468903,0.0,0.0,0.0,0.0,0.0,0.0,0.0
23886781666,0,0.025217868387699127,0.04578676074743271,-0.7281844615936279,6.569455581484362e-05,-0.04113857448101044,-0.8442511558532715,-0.011183520779013634,0.0230462234467268,-0.013896273449063301,-0.0503046028316021,-0.17385153472423553,-0.11606669425964355,0.026872195303440094,-0.03577179089188576,0.11452679336071014,0.0,0.0,-0.0047828578390181065,-0.09818605333566666,0.06907110661268234,0.06642577797174454,-0.2131434977054596,0.2758912146091461,-0.14338156580924988,-0.8814266920089722,-2.5836544036865234,-47.8508186340332,-0.09116675704717636,0.19117580354213715,-0.04927682876586914,-0.11138711869716644,0.19190077483654022,-0.20713873207569122,0.1191251203417778,13.435190200805664,10.27690315246582,13.055109024047852,11.207540512084961,-0.09199218451976776,0.03526367247104645,0.0827929675579071,-0.05672851577401161,0.0,-0.1003652960062027,0.04679727554321289,0.08466708660125732,-0.0645461305975914,0.0,-0.42189183831214905,-0.736929714679718,-9.528782844543457,-0.1602593958377838,-0.4697553515434265,-8.700148582458496,0.0,0.0,0.0,0.0,0.0,0.0,0.0,0.0,0.0,0.0,0.0,0.0,-0.09852622449398041,0.0462997741997242,0.08191241323947906,-0.06098609045147896,0.3060280382633209,0.247532457113266,0.29926571249961853,0.26999804377555847,-2.3790688514709473,1.5644302368164062,0.3308442533016205,0.0,0.0,0.0,0.0,0.0,0.0,0.0
23896839095,0,0.025217868387699127,0.04578676074743271,-0.7281844615936279,6.569455581484362e-05,-0.04113857448101044,-0.8442511558532715,-0.011183520779013634,0.0230462234467268,-0.013896273449063301,-0.0503046028316021,-0.17385153472423553,-0.11606669425964355,0.026872195303440094,-0.03577179089188576,0.11452679336071014,0.0,0.0,-0.0047828578390181065,-0.09818605333566666,0.06907110661268234,0.06642577797174454,-0.2131434977054596,0.2758912146091461,-0.14338156580924988,-0.8814266920089722,-2.5836544036865234,-47.8508186340332,-0.09116675704717636,0.19117580354213715,-0.04927682876586914,-0.11138711869716644,0.19134005904197693,-0.20767858624458313,0.12005136907100677,13.435190200805664,10.27690315246582,13.055109024047852,11.207540512084961,-0.09352538734674454,0.036796875298023224,0.08125976473093033,-0.05826171860098839,0.0,-0.1003652960062027,0.04679727554321289,0.08466708660125732,-0.0645461305975914,0.0,-0.43832656741142273,-0.28308770060539246,-9.718174934387207,-0.1602593958377838,-0.4697553515434265,-8.700148582458496,0.0,0.0,0.0,0.0,0.0,0.0,0.0,0.0,0.0,0.0,0.0,0.0,-0.09918057918548584,0.0465935543179512,0.08290655165910721,-0.062097061425447464,0.3084949553012848,0.24673962593078613,0.30116769671440125,0.2651461660861969,-2.3790688514709473,1.5644302368164062,0.3308442533016205,0.0,0.0,0.0,0.0,0.0,0.0,0.0
23906392464,0,0.024993492290377617,0.045912645757198334,-0.7282475233078003,6.569455581484362e-05,-0.04113857448101044,-0.8442511558532715,-0.01376747153699398,0.0195004865527153,-0.012138986960053444,-0.04985584691166878,-0.17410330474376678,-0.11600363254547119,0.025347623974084854,-0.0348660834133625,0.11516193300485611,0.0,0.0,-0.0047828578390181065,-0.1232423484325409,0.07626644521951675,0.06936436891555786,-0.20803162455558777,0.27226439118385315,-0.14441654086112976,-0.8454404473304749,-2.550947904586792,-47.955238342285156,-0.04649634286761284,0.18032784759998322,-0.05208778381347656,-0.11183889210224152,0.19134005904197693,-0.20767858624458313,0.12005136907100677,13.576172828674316,10.510841369628906,12.95191764831543,11.209517478942871,-0.09505859017372131,0.03526367247104645,0.08125976473093033,-0.059794921427965164,0.0,-0.09755831956863403,0.045818641781806946,0.0834234207868576,-0.06468231230974197,0.0,-0.43832656741142273,-0.28308770060539246,-9.718174934387207,-0.15371644496917725,-0.46380871534347534,-8.719134330749512,0.0,0.0,0.0,0.0,0.0,0.0,0.0,0.0,0.0,0.0,0.0,0.0,-0.09959151595830917,0.04673048481345177,0.0836629644036293,-0.06310164928436279,0.3084949553012848,0.24673962593078613,0.30116769671440125,0.2651461660861969,-2.444772720336914,1.1354283094406128,0.31792497634887695,0.0,0.0,0.0,0.0,0.0,0.0,0.0
23916483275,0,0.024993492290377617,0.045912645757198334,-0.7282475233078003,6.569455581484362e-05,-0.04113857448101044,-0.8442511558532715,-0.01376747153699398,0.0195004865527153,-0.012138986960053444,-0.04860595613718033,-0.17455704510211945,-0.11595958471298218,0.025347623974084854,-0.0348660834133625,0.11516193300485611,0.0,0.0,-0.0047828578390181065,-0.1232423484325409,0.07626644521951675,0.06936436891555786,-0.20803162455558777,0.27226439118385315,-0.14441654086112976,-0.8528408408164978,-2.48730731010437,-48.12413024902344,-0.013816062361001968,0.1927737295627594,-0.047290995717048645,-0.11223959922790527,0.1891718953847885,-0.20827104151248932,0.12190170586109161,13.576172828674316,10.510841369628906,12.95191764831543,11.209517478942871,-0.09659180045127869,0.03526367247104645,0.08125976473093033,-0.059794921427965164,0.0,-0.09611905366182327,0.04338517040014267,0.08184920996427536,-0.06247603893280029,0.0,-0.43832656741142273,-0.28308770060539246,-9.718174934387207,-0.15944412350654602,-0.4460375905036926,-8.773111343383789,0.0,0.0,0.0,0.0,0.0,0.0,0.0,0.0,0.0,0.0,0.0,0.0,-0.09948152303695679,0.046562451869249344,0.08397552371025085,-0.0637793317437172,0.31120580434799194,0.25138357281684875,0.2991737425327301,0.26518502831459045,-2.444772720336914,1.1354283094406128,0.31792497634887695,0.0,0.0,0.0,0.0,0.0,0.0,0.0
23926484032,0,0.02436855062842369,0.04613950848579407,-0.7282915711402893,6.569455581484362e-05,-0.04113857448101044,-0.8442511558532715,-0.008996516466140747,0.01058854628354311,-0.005921110976487398,-0.04792521893978119,-0.1748085469007492,-0.11595296859741211,0.021984275430440903,-0.03403252363204956,0.1160389855504036,0.0,0.0,-0.0047828578390181065,-0.1232423484325409,0.07626644521951675,0.06936436891555786,-0.20803162455558777,0.27226439118385315,-0.14441654086112976,-0.8528408408164978,-2.48730731010437,-48.12413024902344,-0.013816062361001968,0.1927737295627594,-0.047290995717048645,-0.11223959922790527,0.1891718953847885,-0.20827104151248932,0.12190170586109161,13.576172828674316,10.510841369628906,12.95191764831543,11.209517478942871,-0.09352538734674454,0.03526367247104645,0.08125976473093033,-0.06132812425494194,0.0,-0.09611905366182327,0.04338517040014267,0.08184920996427536,-0.06247603893280029,0.0,-0.06864331662654877,-0.5261377692222595,-9.636085510253906,-0.16413713991641998,-0.44526785612106323,-8.790928840637207,0.0,0.0,0.0,0.0,0.0,0.0,0.0,0.0,0.0,0.0,0.0,0.0,-0.09887336939573288,0.046005770564079285,0.083809494972229,-0.06397391110658646,0.31120580434799194,0.25138357281684875,0.2991737425327301,0.26518502831459045,-2.444772720336914,1.1354283094406128,0.31792497634887695,0.0,0.0,0.0,0.0,0.0,0.0,0.0
23936563297,0,0.02402818389236927,0.046265263110399246,-0.7282981872558594,6.569455581484362e-05,-0.04113857448101044,-0.8442511558532715,-0.00607636384665966,0.010241455398499966,-0.003646426135674119,-0.04792521893978119,-0.1748085469007492,-0.11595296859741211,0.02071424014866352,-0.033597081899642944,0.1164587214589119,0.0,0.0,-0.0047828578390181065,-0.1625029444694519,0.06747827678918839,0.058880630880594254,-0.16210150718688965,0.25838884711265564,-0.14644008874893188,-0.9027542471885681,-2.4489731788635254,-48.3501091003418,0.014993477612733841,0.18840108811855316,-0.038864001631736755,-0.11320926249027252,0.18563315272331238,-0.20905371010303497,0.1236138641834259,13.457756042480469,10.831998825073242,12.759527206420898,11.424619674682617,-0.09199218451976776,0.03526367247104645,0.08125976473093033,-0.06132812425494194,0.0,-0.0973517894744873,0.03911793604493141,0.08332525938749313,-0.058654800057411194,0.0,-0.16463321447372437,-0.59560227394104,-9.698857307434082,-0.16413713991641998,-0.44526785612106323,-8.790928840637207,0.0,0.0,0.0,0.0,0.0,0.0,0.0,0.0,0.0,0.0,0.0,0.0,-0.09812289476394653,0.04505155608057976,0.08343419432640076,-0.06361692398786545,0.3089292347431183,0.2577402591705322,0.295450359582901,0.2694140076637268,-1.459204077720642,0.2509496808052063,-0.19172748923301697,0.0,0.0,0.0,0.0,0.0,0.0,0.0
23946412242,0,0.02402818389236927,0.046265263110399246,-0.7282981872558594,6.569455581484362e-05,-0.04113857448101044,-0.8442511558532715,-0.00607636384665966,0.010241455398499966,-0.003646426135674119,-0.04792521893978119,-0.1748085469007492,-0.11595296859741211,0.02071424014866352,-0.033597081899642944,0.1164587214589119,0.0,0.0,-0.0047828578390181065,-0.16880172491073608,0.0702894777059555,0.058232277631759644,-0.15452887117862701,0.25242722034454346,-0.1468154937028885,-0.9283972978591919,-2.4464526176452637,-48.34816360473633,0.02637658268213272,0.17908363044261932,-0.03905609995126724,-0.11363454908132553,0.18382368981838226,-0.20929557085037231,0.12428158521652222,13.4685697555542,10.858428001403809,12.761054992675781,11.389854431152344,-0.09045898169279099,0.03526367247104645,0.08125976473093033,-0.06132812425494194,0.0,-0.09791775792837143,0.038062382489442825,0.08392179012298584,-0.05799896642565727,0.0,-0.16463321447372437,-0.59560227394104,-9.698857307434082,-0.16413713991641998,-0.44526785612106323,-8.790928840637207,0.0,0.0,0.0,0.0,0.0,0.0,0.0,0.0,0.0,0.0,0.0,0.0,-0.09758076071739197,0.04363550618290901,0.08318894356489182,-0.0626717358827591,0.3091371953487396,0.2582625448703766,0.2954798936843872,0.26873111724853516,-1.2103729248046875,0.3054119646549225,-0.10951750725507736,0.0,0.0,0.0,0.0,0.0,0.0,0.0
23956389629,0,0.02402818389236927,0.046265263110399246,-0.7282981872558594,6.569455581484362e-05,-0.04113857448101044,-0.8442511558532715,-0.00607636384665966,0.010241455398499966,-0.003646426135674119,-0.046499475836753845,-0.17522850632667542,-0.11594104766845703,0.02071424014866352,-0.033597081899642944,0.1164587214589119,0.0,0.0,-0.0047828578390181065,-0.18499571084976196,0.05409993976354599,0.05987656116485596,-0.12139827758073807,0.2468021959066391,-0.14811724424362183,-0.9108363389968872,-2.509284496307373,-48.341007232666016,0.0729779452085495,0.1982334852218628,-0.0420711487531662,-0.11464789509773254,0.1789284646511078,-0.2098713517189026,0.12583693861961365,13.642655372619629,10.824634552001953,12.734747886657715,11.27186107635498,-0.09199218451976776,0.03373046964406967,0.08125976473093033,-0.06132812425494194,0.0,-0.09792425483465195,0.04070725664496422,0.08527010679244995,-0.06123080104589462,0.0,-0.16463321447372437,-0.59560227394104,-9.698857307434082,-0.16636459529399872,-0.45260679721832275,-8.792536735534668,0.0,0.0,0.0,0.0,0.0,0.0,0.0,0.0,0.0,0.0,0.0,0.0,-0.09735050797462463,0.04208138957619667,0.08323823660612106,-0.06152397394180298,0.31248289346694946,0.2575945556163788,0.2949700653553009,0.2664117217063904,-0.9380508661270142,-0.5531214475631714,0.07236867398023605,0.0,0.0,0.0,0.0,0.0,0.0,0.0
23966312175,0,0.022606568410992622,0.04665862396359444,-0.7283395528793335,6.569455581484362e-05,-0.04113857448101044,-0.8442511558532715,-0.0031626014970242977,0.01674491912126541,-0.004646009299904108,-0.045081976801157,-0.1755952686071396,-0.11591160297393799,0.014504565857350826,-0.031412284821271896,0.11845133453607559,0.0,0.0,-0.0047828578390181065,-0.18499571084976196,0.05409993976354599,0.05987656116485596,-0.12139827758073807,0.2468021959066391,-0.14811724424362183,-0.9108363389968872,-2.509284496307373,-48.341007232666016,0.0729779452085495,0.1982334852218628,-0.0420711487531662,-0.11464789509773254,0.1789284646511078,-0.2098713517189026,0.12583693861961365,13.642655372619629,10.824634552001953,12.734747886657715,11.27186107635498,-0.09199218451976776,0.03526367247104645,0.0827929675579071,-0.06439453363418579,0.0,-0.09792425483465195,0.04070725664496422,0.08527010679244995,-0.06123080104589462,0.0,-0.16463321447372437,-0.59560227394104,-9.698857307434082,-0.16640950739383698,-0.45878493785858154,-8.788376808166504,0.0,0.0,0.0,0.0,0.0,0.0,0.0,0.0,0.0,0.0,0.0,0.0,-0.0973428338766098,0.040941476821899414,0.08357521146535873,-0.06075630336999893,0.31248289346694946,0.2575945556163788,0.2949700653553009,0.2664117217063904,-0.9380508661270142,-0.5531214475631714,0.07236867398023605,0.0,0.0,0.0,0.0,0.0,0.0,0.0
23976493145,0,0.022606568410992622,0.04665862396359444,-0.7283395528793335,6.569455581484362e-05,-0.04113857448101044,-0.8442511558532715,-0.0031626014970242977,0.01674491912126541,-0.004646009299904108,-0.045081976801157,-0.1755952686071396,-0.11591160297393799,0.014504565857350826,-0.031412284821271896,0.11845133453607559,0.0,0.0,-0.0047828578390181065,-0.18588265776634216,0.04649725556373596,0.059427451342344284,-0.1054602563381195,0.24368500709533691,-0.14882510900497437,-0.9152522683143616,-2.5233170986175537,-48.3360710144043,0.08604156970977783,0.20374053716659546,-0.04159298539161682,-0.11509211361408234,0.1765361726284027,-0.2102602869272232,0.12650839984416962,13.654838562011719,10.84671688079834,12.692611694335938,11.26972484588623,-0.09505859017372131,0.032197266817092896,0.0827929675579071,-0.06746093928813934,0.0,-0.09835211932659149,0.04089349880814552,0.0860314667224884,-0.0615876242518425,0.0,-0.3610651195049286,-0.32123780250549316,-9.763879776000977,-0.16640950739383698,-0.45878493785858154,-8.788376808166504,0.0,0.0,0.0,0.0,0.0,0.0,0.0,0.0,0.0,0.0,0.0,0.0,-0.09746608883142471,0.04034622386097908,0.08408881723880768,-0.060482773929834366,0.3127168118953705,0.25803107023239136,0.29415348172187805,0.2663697302341461,-0.561916708946228,-0.655279278755188,0.04956700652837753,0.0,0.0,0.0,0.0,0.0,0.0,0.0
23986448586,0,0.022273950278759003,0.04673368111252785,-0.7283598780632019,6.569455581484362e-05,-0.04113857448101044,-0.8442511558532715,-0.005072368774563074,0.01357299741357565,-0.007374410517513752,-0.04441673681139946,-0.1757453829050064,-0.11589127779006958,0.012505517341196537,-0.030972454696893692,0.11907445639371872,0.0,0.0,-0.0047828578390181065,-0.17445486783981323,0.03222259134054184,0.048594020307064056,-0.0772847980260849,0.23928625881671906,-0.14978960156440735,-0.8833268284797668,-2.4914488792419434,-48.24306869506836,-0.07716959714889526,0.41579657793045044,-0.1687435805797577,-0.11565548926591873,0.1765361726284027,-0.2102602869272232,0.12650839984416962,16.55497169494629,7.357203960418701,15.377138137817383,9.007830619812012,-0.09812500327825546,0.032197266817092896,0.08125976473093033,-0.06899414211511612,0.0,-0.07975096255540848,0.0602283738553524,0.06947391480207443,-0.07715048640966415,0.0,-0.3632183074951172,-0.23685337603092194,-9.70035171508789,-0.16060487926006317,-0.45299071073532104,-8.771467208862305,0.0,0.0,0.0,0.0,0.0,0.0,0.0,0.0,0.0,0.0,0.0,0.0,-0.09681235253810883,0.041037820279598236,0.08390092849731445,-0.06125360727310181,0.3127168118953705,0.25803107023239136,0.29415348172187805,0.2663697302341461,0.5050060749053955,-0.7972586154937744,-0.4859478175640106,0.0,0.0,0.0,0.0,0.0,0.0,0.0
23996386729,0,0.022273950278759003,0.04673368111252785,-0.7283598780632019,6.569455581484362e-05,-0.04113857448101044,-0.8442511558532715,-0.005072368774563074,0.01357299741357565,-0.007374410517513752,-0.042649660259485245,-0.17604956030845642,-0.11580997705459595,0.012505517341196537,-0.030972454696893692,0.11907445639371872,0.0,0.0,-0.0047828578390181065,-0.17445486783981323,0.03222259134054184,0.048594020307064056,-0.0772847980260849,0.23928625881671906,-0.14978960156440735,-0.903458297252655,-2.398376226425171,-48.150455474853516,-0.07895886152982712,0.4280986487865448,-0.154676616191864,-0.1163099929690361,0.17095288634300232,-0.2117072492837906,0.12815402448177338,16.55497169494629,7.357203960418701,15.377138137817383,9.007830619812012,-0.09659180045127869,0.032197266817092896,0.0827929675579071,-0.06899414211511612,0.0,-0.07823143154382706,0.05468243733048439,0.06774653494358063,-0.07277397066354752,0.0,-0.3632183074951172,-0.23685337603092194,-9.70035171508789,-0.16546624898910522,-0.4373399019241333,-8.763760566711426,0.0,0.0,0.0,0.0,0.0,0.0,0.0,0.0,0.0,0.0,0.0,0.0,-0.09413054585456848,0.04377133771777153,0.08183048665523529,-0.06364627927541733,0.3676222860813141,0.1877828985452652,0.34550774097442627,0.22134461998939514,0.5050060749053955,-0.7972586154937744,-0.4859478175640106,0.0,0.0,0.0,0.0,0.0,0.0,0.0
24006415397,0,0.021390417590737343,0.046885766088962555,-0.7284411787986755,6.569455581484362e-05,-0.04113857448101044,-0.8442511558532715,-0.00014605431351810694,0.0060442048124969006,-0.009864693507552147,-0.04215172305703163,-0.1760905236005783,-0.11579471826553345,0.008489676751196384,-0.030386727303266525,0.12023046612739563,0.0,0.0,-0.0047828578390181065,-0.15451064705848694,0.014427675865590572,0.026347991079092026,-0.06671690940856934,0.23948317766189575,-0.14965981245040894,-0.903458297252655,-2.398376226425171,-48.150455474853516,-0.07895886152982712,0.4280986487865448,-0.154676616191864,-0.1163099929690361,0.17095288634300232,-0.2117072492837906,0.12815402448177338,16.55497169494629,7.357203960418701,15.377138137817383,9.007830619812012,-0.09659180045127869,0.03373046964406967,0.08432617038488388,-0.06899414211511612,0.0,-0.07823143154382706,0.05468243733048439,0.06774653494358063,-0.07277397066354752,0.0,-0.060372717678546906,-0.22449810802936554,-10.008062362670898,-0.16412243247032166,-0.4305880665779114,-8.7771635055542,0.0,0.0,0.0,0.0,0.0,0.0,0.0,0.0,0.0,0.0,0.0,0.0,-0.08994787931442261,0.04738495126366615,0.07829303294420242,-0.06670922785997391,0.3676222860813141,0.1877828985452652,0.34550774097442627,0.22134461998939514,1.2592657804489136,-1.2826613187789917,-1.280059814453125,0.0,0.0,0.0,0.0,0.0,0.0,0.0
24016509852,0,0.021141448989510536,0.0469062514603138,-0.728456437587738,6.569455581484362e-05,-0.04113857448101044,-0.8442511558532715,5.298419273458421e-05,0.0025427530054003,-0.008547431789338589,-0.04215172305703163,-0.1760905236005783,-0.11579471826553345,0.00764960004016757,-0.03066929057240486,0.11988402903079987,0.0,0.0,-0.0047828578390181065,-0.12259253114461899,-0.017893707379698753,-0.014704454690217972,-0.06685804575681686,0.24222037196159363,-0.14970679581165314,-0.9026733636856079,-2.368234395980835,-48.27439880371094,-0.10628098249435425,0.48211193084716797,-0.10858606547117233,-0.11772037297487259,0.16667018830776215,-0.21439893543720245,0.12892183661460876,15.183782577514648,8.826562881469727,13.886430740356445,10.748539924621582,-0.09352538734674454,0.036796875298023224,0.08432617038488388,-0.06746093928813934,0.0,-0.08469130098819733,0.04422156885266304,0.0741318017244339,-0.06014777347445488,0.0,-0.21860256791114807,-0.5247589349746704,-9.942620277404785,-0.16412243247032166,-0.4305880665779114,-8.7771635055542,0.0,0.0,0.0,0.0,0.0,0.0,0.0,0.0,0.0,0.0,0.0,0.0,-0.08602679520845413,0.050026170909404755,0.07490171492099762,-0.06875226646661758,0.34722357988357544,0.2094709575176239,0.3234615623950958,0.24748669564723969,1.3735294342041016,-1.340659499168396,-1.6817837953567505,0.0,0.0,0.0,0.0,0.0,0.0,0.0
24027281008,0,0.021141448989510536,0.0469062514603138,-0.728456437587738,6.569455581484362e-05,-0.04113857448101044,-0.8442511558532715,5.298419273458421e-05,0.0025427530054003,-0.008547431789338589,-0.04097862169146538,-0.17608526349067688,-0.11575669050216675,0.00764960004016757,-0.03066929057240486,0.11988402903079987,0.0,0.0,-0.0047828578390181065,-0.12259253114461899,-0.017893707379698753,-0.014704454690217972,-0.06685804575681686,0.24222037196159363,-0.14970679581165314,-0.8823779225349426,-2.3774728775024414,-48.48834991455078,-0.10414193570613861,0.49393153190612793,-0.09406640380620956,-0.11855072528123856,0.16477660834789276,-0.21647627651691437,0.12889429926872253,15.183782577514648,8.826562881469727,13.886430740356445,10.748539924621582,-0.09045898169279099,0.038330078125,0.0827929675579071,-0.06439453363418579,0.0,-0.08449257165193558,0.04530338570475578,0.07378433644771576,-0.06120513752102852,0.0,-0.21860256791114807,-0.5247589349746704,-9.942620277404785,-0.15379296243190765,-0.42792198061943054,-8.837169647216797,0.0,0.0,0.0,0.0,0.0,0.0,0.0,0.0,0.0,0.0,0.0,0.0,-0.08354475349187851,0.05078653246164322,0.07278116792440414,-0.06880053877830505,0.34185367822647095,0.21768856048583984,0.31715816259384155,0.256090372800827,1.3735294342041016,-1.340659499168396,-1.6817837953567505,0.0,0.0,0.0,0.0,0.0,0.0,0.0
24036083867,0,0.020554902032017708,0.046903617680072784,-0.7284944653511047,6.569455581484362e-05,-0.04113857448101044,-0.8442511558532715,-0.003939235582947731,0.0005904070567339659,-0.001380436820909381,-0.04097862169146538,-0.17608526349067688,-0.11575669050216675,0.005298026837408543,-0.03110487572848797,0.11912842839956284,0.0,0.0,-0.0047828578390181065,-0.10792754590511322,-0.004956359975039959,-0.046716559678316116,-0.044009335339069366,0.24537457525730133,-0.14895592629909515,-0.9243901968002319,-2.3683457374572754,-48.59751510620117,-0.10414193570613861,0.49393153190612793,-0.09406640380620956,-0.11855072528123856,0.16477660834789276,-0.21647627651691437,0.12889429926872253,14.505890846252441,9.575234413146973,13.274750709533691,11.388789176940918,-0.08892577886581421,0.039863280951976776,0.08125976473093033,-0.06286133080720901,0.0,-0.08925585448741913,0.03986920416355133,0.07806933671236038,-0.056170251220464706,0.0,-0.39727601408958435,-0.5202317833900452,-10.075422286987305,-0.15379296243190765,-0.42792198061943054,-8.837169647216797,0.0,0.0,0.0,0.0,0.0,0.0,0.0,0.0,0.0,0.0,0.0,0.0,-0.08272786438465118,0.04984809830784798,0.07213707268238068,-0.06714167445898056,0.34185367822647095,0.21768856048583984,0.31715816259384155,0.256090372800827,0.9687930345535278,0.18839073181152344,-1.6587241888046265,0.0,0.0,0.0,0.0,0.0,0.0,0.0
24046650086,0,0.020554902032017708,0.046903617680072784,-0.7284944653511047,6.569455581484362e-05,-0.04113857448101044,-0.8442511558532715,-0.003939235582947731,0.0005904070567339659,-0.001380436820909381,-0.039837226271629333,-0.17590589821338654,-0.11570978164672852,0.005298026837408543,-0.03110487572848797,0.11912842839956284,0.0,0.0,-0.0047828578390181065,-0.10792754590511322,-0.004956359975039959,-0.046716559678316116,-0.044009335339069366,0.24537457525730133,-0.14895592629909515,-0.9243901968002319,-2.3683457374572754,-48.59751510620117,-0.09606294333934784,0.4689977765083313,-0.06734080612659454,-0.1201712042093277,0.16163012385368347,-0.22077074646949768,0.12822245061397552,14.505890846252441,9.575234413146973,13.274750709533691,11.388789176940918,-0.08739257603883743,0.039863280951976776,0.08125976473093033,-0.06132812425494194,0.0,-0.08937778323888779,0.03968511149287224,0.07793623954057693,-0.05632514879107475,0.0,-0.39727601408958435,-0.5202317833900452,-10.075422286987305,-0.16892731189727783,-0.42865559458732605,-8.78835678100586,0.0,0.0,0.0,0.0,0.0,0.0,0.0,0.0,0.0,0.0,0.0,0.0,-0.08331658691167831,0.0477873869240284,0.07271115481853485,-0.06454071402549744,0.32898852229118347,0.232741579413414,0.3054053485393524,0.26871025562286377,0.9687930345535278,0.18839073181152344,-1.6587241888046265,0.0,0.0,0.0,0.0,0.0,0.0,0.0
24058555685,0,0.019984206184744835,0.04681393876671791,-0.728541374206543,6.569455581484362e-05,-0.04113857448101044,-0.8442511558532715,0.004939174745231867,0.0021041613072156906,-0.00755450502038002,-0.03924069553613663,-0.1758173257112503,-0.11567538976669312,0.003349538194015622,-0.030930139124393463,0.11843075603246689,0.0,0.0,-0.0047828578390181065,-0.09085910022258759,0.00843245442956686,-0.05745605379343033,-0.02840968780219555,0.24169084429740906,-0.1472446769475937,-0.9291002154350281,-2.3576056957244873,-48.335960388183594,-0.11023642122745514,0.449149489402771,-0.05996733158826828,-0.12106800824403763,0.1602073460817337,-0.22306711971759796,0.127609521150589,14.196853637695312,9.707645416259766,13.080071449279785,11.496969223022461,-0.08739257603883743,0.039863280951976776,0.07972656190395355,-0.06286133080720901,0.0,-0.09124686568975449,0.03847992792725563,0.07886034995317459,-0.0554036907851696,0.0,-0.6604207158088684,-0.1900516301393509,-9.55870246887207,-0.16508936882019043,-0.4264056384563446,-8.736579895019531,0.0,0.0,0.0,0.0,0.0,0.0,0.0,0.0,0.0,0.0,0.0,0.0,-0.08480518311262131,0.045231711119413376,0.07400643825531006,-0.061695877462625504,0.3230957090854645,0.23539109528064728,0.3016497790813446,0.27083417773246765,1.2478487491607666,0.7176032066345215,-1.3915648460388184,0.0,0.0,0.0,0.0,0.0,0.0,0.0
24068394269,0,0.01968594267964363,0.0467696487903595,-0.7285757660865784,6.569455581484362e-05,-0.04113857448101044,-0.8442511558532715,0.0040899720042943954,0.0008523698779754341,-0.01469250489026308,-0.03924069553613663,-0.1758173257112503,-0.11567538976669312,0.0028272911440581083,-0.03048102743923664,0.11790463328361511,0.0,0.0,-0.0047828578390181065,-0.05173541232943535,0.035158414393663406,-0.06031021848320961,-0.02840968780219555,0.24169084429740906,-0.1472446769475937,-0.9291002154350281,-2.3576056957244873,-48.335960388183594,-0.11023642122745514,0.449149489402771,-0.05996733158826828,-0.12106800824403763,0.1602073460817337,-0.22306711971759796,0.127609521150589,14.075603485107422,9.572433471679688,13.172764778137207,11.354752540588379,-0.08432617038488388,0.036796875298023224,0.07972656190395355,-0.06286133080720901,0.0,-0.09203509986400604,0.0390237458050251,0.07830429822206497,-0.0560983382165432,0.0,-0.15956170856952667,0.044298652559518814,-9.62420654296875,-0.16508936882019043,-0.4264056384563446,-8.736579895019531,0.0,0.0,0.0,0.0,0.0,0.0,0.0,0.0,0.0,0.0,0.0,0.0,-0.08667609095573425,0.04280959442257881,0.07547086477279663,-0.05921022966504097,0.3230957090854645,0.23539109528064728,0.3016497790813446,0.27083417773246765,1.854743480682373,1.2652748823165894,-0.5272611379623413,0.0,0.0,0.0,0.0,0.0,0.0,0.0
24078549796,0,0.01968594267964363,0.0467696487903595,-0.7285757660865784,6.569455581484362e-05,-0.04113857448101044,-0.8442511558532715,0.0040899720042943954,0.0008523698779754341,-0.01469250489026308,-0.03811286389827728,-0.17590315639972687,-0.11546891927719116,0.0028272911440581083,-0.03048102743923664,0.11790463328361511,0.0,0.0,-0.0047828578390181065,-0.05173541232943535,0.035158414393663406,-0.06031021848320961,-0.02840968780219555,0.24169084429740906,-0.1472446769475937,-0.8544291257858276,-2.25187349319458,-48.0460319519043,-0.1440478265285492,0.415515661239624,-0.06252364069223404,-0.12275788933038712,0.15826551616191864,-0.22716692090034485,0.12645256519317627,14.075603485107422,9.572433471679688,13.172764778137207,11.354752540588379,-0.08432617038488388,0.03526367247104645,0.07819335907697678,-0.06439453363418579,0.0,-0.08761639893054962,0.037683647125959396,0.0733085349202156,-0.055291708558797836,0.0,-0.15956170856952667,0.044298652559518814,-9.62420654296875,-0.15651503205299377,-0.4059433937072754,-8.810315132141113,0.0,0.0,0.0,0.0,0.0,0.0,0.0,0.0,0.0,0.0,0.0,0.0,-0.08834490180015564,0.04083286598324776,0.07650912553071976,-0.05734427273273468,0.3207787275314331,0.23268559575080872,0.3034389317035675,0.26804137229919434,1.854743480682373,1.2652748823165894,-0.5272611379623413,0.0,0.0,0.0,0.0,0.0,0.0,0.0
24086652184,0,0.019122030586004257,0.04681256413459778,-0.7287822365760803,6.569455581484362e-05,-0.04113857448101044,-0.8442511558532715,0.0022856981959193945,-0.010110223665833473,-0.0067783077247440815,-0.03811286389827728,-0.17590315639972687,-0.11546891927719116,0.0017805546522140503,-0.02905968949198723,0.11625339090824127,0.0,0.0,-0.0047828578390181065,-0.009518359787762165,0.06137814372777939,-0.04928649589419365,-0.017893075942993164,0.22027957439422607,-0.14442789554595947,-0.8996523022651672,-2.2501637935638428,-48.55865478515625,-0.188516765832901,0.37636351585388184,-0.07570809870958328,-0.12394862622022629,0.15752851963043213,-0.2307848036289215,0.12572184205055237,14.405159950256348,9.36124324798584,13.757974624633789,11.161968231201172,-0.08585937321186066,0.03526367247104645,0.07819335907697678,-0.06592773646116257,0.0,-0.08676911890506744,0.036622025072574615,0.07121172547340393,-0.054874904453754425,0.0,-0.2506149113178253,-0.4165911376476288,-9.561656951904297,-0.15651503205299377,-0.4059433937072754,-8.810315132141113,0.0,0.0,0.0,0.0,0.0,0.0,0.0,0.0,0.0,0.0,0.0,0.0,-0.08919597417116165,0.03929241746664047,0.07656289637088776,-0.05606580525636673,0.32706987857818604,0.22845149040222168,0.31469592452049255,0.26424890756607056,2.261352300643921,1.3322712182998657,0.2578832507133484,0.0,0.0,0.0,0.0,0.0,0.0,0.0
24096767413,0,0.018849674612283707,0.04689989611506462,-0.7289227843284607,6.569455581484362e-05,-0.04113857448101044,-0.8442511558532715,0.006078691221773624,-0.0028597500640898943,-0.004481973592191935,-0.03756814822554588,-0.17607782781124115,-0.11532837152481079,0.00253141182474792,-0.027723634615540504,0.11556282639503479,0.0,0.0,-0.0047828578390181065,0.012264364399015903,0.07771876454353333,-0.0497731976211071,-0.025418894365429878,0.21984808146953583,-0.14442899823188782,-0.8996523022651672,-2.2501637935638428,-48.55865478515625,-0.188516765832901,0.37636351585388184,-0.07570809870958328,-0.12394862622022629,0.15752851963043213,-0.2307848036289215,0.12572184205055237,14.228145599365234,9.430990219116211,13.754050254821777,11.253096580505371,-0.08432617038488388,0.036796875298023224,0.07819335907697678,-0.06746093928813934,0.0,-0.087851382791996,0.036351073533296585,0.07123208045959473,-0.05443009361624718,0.0,-0.0949740931391716,0.07044348120689392,-9.553460121154785,-0.16440936923027039,-0.4204942584037781,-8.826003074645996,0.0,0.0,0.0,0.0,0.0,0.0,0.0,0.0,0.0,0.0,0.0,0.0,-0.08925573527812958,0.038078516721725464,0.0756995677947998,-0.0552159883081913,0.32706987857818604,0.22845149040222168,0.31469592452049255,0.26424890756607056,2.2819881439208984,1.3748608827590942,0.11831176280975342,0.0,0.0,0.0,0.0,0.0,0.0,0.0
24107043836,0,0.018849674612283707,0.04689989611506462,-0.7289227843284607,6.569455581484362e-05,-0.04113857448101044,-0.8442511558532715,0.006078691221773624,-0.0028597500640898943,-0.004481973592191935,-0.037303563207387924,-0.176112100481987,-0.11526453495025635,0.00253141182474792,-0.027723634615540504,0.11556282639503479,0.0,0.0,-0.0047828578390181065,0.012264364399015903,0.07771876454353333,-0.0497731976211071,-0.025418894365429878,0.21984808146953583,-0.14442899823188782,-0.9042515158653259,-2.312718391418457,-48.54301834106445,-0.21919429302215576,0.3527391850948334,-0.0723247304558754,-0.1248922273516655,0.15757577121257782,-0.23251298069953918,0.12554313242435455,14.228145599365234,9.430990219116211,13.754050254821777,11.253096580505371,-0.08432617038488388,0.039863280951976776,0.07972656190395355,-0.06439453363418579,0.0,-0.08959901332855225,0.03841643035411835,0.07288803160190582,-0.05634501948952675,0.0,-0.0949740931391716,0.07044348120689392,-9.553460121154785,-0.15624916553497314,-0.41992244124412537,-8.800362586975098,0.0,0.0,0.0,0.0,0.0,0.0,0.0,0.0,0.0,0.0,0.0,0.0,-0.08905667811632156,0.037270523607730865,0.07452604919672012,-0.05476187542080879,0.32369327545166016,0.22985100746154785,0.31462082266807556,0.2660425007343292,2.2819881439208984,1.3748608827590942,0.11831176280975342,0.0,0.0,0.0,0.0,0.0,0.0,0.0
24117146949,0,0.018717382103204727,0.04691703990101814,-0.7289866209030151,6.569455581484362e-05,-0.04113857448101044,-0.8442511558532715,0.002603549510240555,-0.0037347576580941677,-0.007911072112619877,-0.037303563207387924,-0.176112100481987,-0.11526453495025635,0.0026993348728865385,-0.026701197028160095,0.1150040403008461,0.0,0.0,-0.0047828578390181065,0.030519524589180946,0.08789096027612686,-0.056158240884542465,-0.02604183740913868,0.2082103043794632,-0.14305761456489563,-0.8593704104423523,-2.3095734119415283,-48.40199279785156,-0.23567476868629456,0.33825114369392395,-0.0624222457408905,-0.12584854662418365,0.15757577121257782,-0.23251298069953918,0.12554313242435455,13.894000053405762,9.641138076782227,13.517834663391113,11.467497825622559,-0.08432617038488388,0.039863280951976776,0.07972656190395355,-0.06286133080720901,0.0,-0.09060776233673096,0.039002422243356705,0.07282741367816925,-0.05667004734277725,0.0,-0.231247216463089,0.08748292177915573,-9.76993179321289,-0.15624916553497314,-0.41992244124412537,-8.800362586975098,0.0,0.0,0.0,0.0,0.0,0.0,0.0,0.0,0.0,0.0,0.0,0.0,-0.08902476727962494,0.03701635077595711,0.07356744259595871,-0.05475732684135437,0.32369327545166016,0.22985100746154785,0.31462082266807556,0.2660425007343292,2.1164181232452393,1.1270244121551514,-0.22132694721221924,0.0,0.0,0.0,0.0,0.0,0.0,0.0
24126259888,0,0.018717382103204727,0.04691703990101814,-0.7289866209030151,6.569455581484362e-05,-0.04113857448101044,-0.8442511558532715,0.002603549510240555,-0.0037347576580941677,-0.007911072112619877,-0.037303563207387924,-0.176112100481987,-0.11526453495025635,0.0026993348728865385,-0.026701197028160095,0.1150040403008461,0.0,0.0,-0.0047828578390181065,0.04427783936262131,0.09878742694854736,-0.058113228529691696,-0.02604183740913868,0.2082103043794632,-0.14305761456489563,-0.8485744595527649,-2.247671127319336,-48.40734100341797,-0.25125551223754883,0.3200870752334595,-0.05963453650474548,-0.12667398154735565,0.15852993726730347,-0.235422283411026,0.12520575523376465,13.775339126586914,9.716996192932129,13.502082824707031,11.53598403930664,-0.08432617038488388,0.039863280951976776,0.07819335907697678,-0.059794921427965164,0.0,-0.08958234637975693,0.036744531244039536,0.07093735039234161,-0.05484246090054512,0.0,-0.231247216463089,0.08748292177915573,-9.76993179321289,-0.15624916553497314,-0.41992244124412537,-8.800362586975098,0.0,0.0,0.0,0.0,0.0,0.0,0.0,0.0,0.0,0.0,0.0,0.0,-0.08920733630657196,0.037126634269952774,0.07287503778934479,-0.05500873550772667,0.31502893567085266,0.23557814955711365,0.30978184938430786,0.2715997099876404,1.9185142517089844,1.1649549007415771,-0.21652080118656158,0.0,0.0,0.0,0.0,0.0,0.0,0.0
24136458941,0,0.018513821065425873,0.046937648206949234,-0.7291264533996582,6.569455581484362e-05,-0.04113857448101044,-0.8442511558532715,0.004423249047249556,-0.011969540268182755,-0.01006520725786686,-0.036896441131830215,-0.17615331709384918,-0.11512470245361328,0.003097719280049205,-0.024622157216072083,0.1139247715473175,0.0,0.0,-0.0047828578390181065,0.04427783936262131,0.09878742694854736,-0.058113228529691696,-0.02604183740913868,0.2082103043794632,-0.14305761456489563,-0.8485744595527649,-2.247671127319336,-48.40734100341797,-0.25125551223754883,0.3200870752334595,-0.05963453650474548,-0.12667398154735565,0.15852993726730347,-0.235422283411026,0.12520575523376465,13.775339126586914,9.716996192932129,13.502082824707031,11.53598403930664,-0.08585937321186066,0.038330078125,0.07666015625,-0.05826171860098839,0.0,-0.08958234637975693,0.036744531244039536,0.07093735039234161,-0.05484246090054512,0.0,-0.41978880763053894,-0.048885297030210495,-9.845548629760742,-0.1563911736011505,-0.4038059711456299,-8.786699295043945,0.0,0.0,0.0,0.0,0.0,0.0,0.0,0.0,0.0,0.0,0.0,0.0,-0.08941362798213959,0.037214525043964386,0.07226414233446121,-0.055186014622449875,0.31502893567085266,0.23557814955711365,0.30978184938430786,0.2715997099876404,1.9185142517089844,1.1649549007415771,-0.21652080118656158,0.0,0.0,0.0,0.0,0.0,0.0,0.0
24147204136,0,0.01848604530096054,0.047054123133420944,-0.7291996479034424,6.569455581484362e-05,-0.04113857448101044,-0.8442511558532715,0.008504455909132957,-0.01383097656071186,-0.010788772255182266,-0.03684088960289955,-0.1763862818479538,-0.1150515079498291,0.004120442550629377,-0.023564640432596207,0.11358954012393951,0.0,0.0,-0.0047828578390181065,0.08596153557300568,0.12914706766605377,-0.05324707552790642,-0.048783767968416214,0.17703208327293396,-0.141437366604805,-0.9004369378089905,-2.2002334594726562,-48.3000602722168,-0.315227746963501,0.2716423571109772,-0.06316182017326355,-0.12861749529838562,0.16088467836380005,-0.23792274296283722,0.12514902651309967,13.66141414642334,9.579743385314941,13.738604545593262,11.443241119384766,-0.08585937321186066,0.03526367247104645,0.07666015625,-0.05826171860098839,0.0,-0.09060166776180267,0.03338347375392914,0.06967412680387497,-0.052399810403585434,0.0,-0.24163587391376495,0.1517515778541565,-9.733808517456055,-0.16371580958366394,-0.40004244446754456,-8.781828880310059,0.0,0.0,0.0,0.0,0.0,0.0,0.0,0.0,0.0,0.0,0.0,0.0,-0.08959324657917023,0.037015970796346664,0.0716605857014656,-0.05509712174534798,0.3128430247306824,0.23283198475837708,0.3143244981765747,0.26977965235710144,1.9597783088684082,1.416541337966919,0.048756640404462814,0.0,0.0,0.0,0.0,0.0,0.0,0.0
24156716425,0,0.01848604530096054,0.047054123133420944,-0.7291996479034424,6.569455581484362e-05,-0.04113857448101044,-0.8442511558532715,0.008504455909132957,-0.01383097656071186,-0.010788772255182266,-0.03684088960289955,-0.1763862818479538,-0.1150515079498291,0.004120442550629377,-0.023564640432596207,0.11358954012393951,0.0,0.0,-0.0047828578390181065,0.10151723027229309,0.14757846295833588,-0.049167241901159286,-0.058210086077451706,0.1645432561635971,-0.14077244699001312,-0.900426983833313,-2.2001793384552,-48.31181335449219,-0.33973750472068787,0.2387012392282486,-0.06634709239006042,-0.12946021556854248,0.16239304840564728,-0.2386777549982071,0.12528783082962036,13.656575202941895,9.515218734741211,13.909326553344727,11.353209495544434,-0.08739257603883743,0.03373046964406967,0.07512695342302322,-0.059794921427965164,0.0,-0.09069953113794327,0.03351198881864548,0.06874995678663254,-0.05289512500166893,0.0,-0.24163587391376495,0.1517515778541565,-9.733808517456055,-0.16371580958366394,-0.40004244446754456,-8.781828880310059,0.0,0.0,0.0,0.0,0.0,0.0,0.0,0.0,0.0,0.0,0.0,0.0,-0.08982516080141068,0.036409009248018265,0.07101283967494965,-0.05469120666384697,0.3127501308917999,0.2315395474433899,0.3175969123840332,0.2680111527442932,1.7617130279541016,1.6941314935684204,0.18155784904956818,0.0,0.0,0.0,0.0,0.0,0.0,0.0
24166715951,0,0.0184369757771492,0.04730532690882683,-0.7293403148651123,6.569455581484362e-05,-0.04113857448101044,-0.8442511558532715,0.004705699160695076,-0.01776202954351902,-0.006140644662082195,-0.03674274682998657,-0.17688868939876556,-0.11491084098815918,0.006835498847067356,-0.020863601937890053,0.11247404664754868,0.0,0.0,-0.0047828578390181065,0.11676187813282013,0.17578153312206268,-0.04543224722146988,-0.058210086077451706,0.1645432561635971,-0.14077244699001312,-0.8275095224380493,-2.1740968227386475,-48.84400939941406,-0.3679594397544861,0.1782274842262268,-0.06681278347969055,-0.13145127892494202,0.1665540188550949,-0.23957718908786774,0.12586809694766998,13.66829776763916,9.684977531433105,14.187077522277832,11.42367935180664,-0.08892577886581421,0.032197266817092896,0.07512695342302322,-0.059794921427965164,0.0,-0.08820944279432297,0.03441147133708,0.0647764503955841,-0.05420982092618942,0.0,-0.03140110895037651,-0.0958288162946701,-10.205964088439941,-0.15460187196731567,-0.3951437175273895,-8.820874214172363,0.0,0.0,0.0,0.0,0.0,0.0,0.0,0.0,0.0,0.0,0.0,0.0,-0.08998117595911026,0.035611484199762344,0.07013603299856186,-0.054197944700717926,0.3129751980304718,0.23493793606758118,0.32290884852409363,0.2693955600261688,0.8945615291595459,1.3167072534561157,0.18608061969280243,0.0,0.0,0.0,0.0,0.0,0.0,0.0
24176239678,0,0.018414845690131187,0.047762393951416016,-0.7295346856117249,6.569455581484362e-05,-0.04113857448101044,-0.8442511558532715,0.009884849190711975,-0.012463126331567764,-0.0012100976891815662,-0.036698486655950546,-0.17780283093452454,-0.11471647024154663,0.009739416651427746,-0.015559888444840908,0.11128160357475281,0.0,0.0,-0.0047828578390181065,0.11980199813842773,0.17740441858768463,-0.04477129131555557,-0.08298346400260925,0.1153503805398941,-0.1387951672077179,-0.8275095224380493,-2.1740968227386475,-48.84400939941406,-0.3679594397544861,0.1782274842262268,-0.06681278347969055,-0.13145127892494202,0.1665540188550949,-0.23957718908786774,0.12586809694766998,13.66829776763916,9.684977531433105,14.187077522277832,11.42367935180664,-0.08892577886581421,0.032197266817092896,0.07359375059604645,-0.05826171860098839,0.0,-0.08820944279432297,0.03441147133708,0.0647764503955841,-0.05420982092618942,0.0,0.11514981836080551,0.1264437586069107,-9.497827529907227,-0.1650000810623169,-0.4076506495475769,-8.852991104125977,0.0,0.0,0.0,0.0,0.0,0.0,0.0,0.0,0.0,0.0,0.0,0.0,-0.08984584361314774,0.03495631739497185,0.06889912486076355,-0.053896889090538025,0.3129751980304718,0.23493793606758118,0.32290884852409363,0.2693955600261688,0.6976674795150757,0.7971984148025513,0.19211414456367493,0.0,0.0,0.0,0.0,0.0,0.0,0.0
24188307718,0,0.018414845690131187,0.047762393951416016,-0.7295346856117249,6.569455581484362e-05,-0.04113857448101044,-0.8442511558532715,0.009884849190711975,-0.012463126331567764,-0.0012100976891815662,-0.036698486655950546,-0.17780283093452454,-0.11471647024154663,0.009739416651427746,-0.015559888444840908,0.11128160357475281,0.0,0.0,-0.0047828578390181065,0.1295689046382904,0.17556115984916687,-0.045125823467969894,-0.08298346400260925,0.1153503805398941,-0.1387951672077179,-0.8275095224380493,-2.1740968227386475,-48.84400939941406,-0.3679594397544861,0.1782274842262268,-0.06681278347969055,-0.13145127892494202,0.1665540188550949,-0.23957718908786774,0.12586809694766998,13.66829776763916,9.684977531433105,14.187077522277832,11.42367935180664,-0.08585937321186066,0.03526367247104645,0.07512695342302322,-0.05672851577401161,0.0,-0.08820944279432297,0.03441147133708,0.0647764503955841,-0.05420982092618942,0.0,0.11514981836080551,0.1264437586069107,-9.497827529907227,-0.1650000810623169,-0.4076506495475769,-8.852991104125977,0.0,0.0,0.0,0.0,0.0,0.0,0.0,0.0,0.0,0.0,0.0,0.0,-0.08947732299566269,0.034533556550741196,0.06753005087375641,-0.05380656570196152,0.3129751980304718,0.23493793606758118,0.32290884852409363,0.2693955600261688,0.8988041877746582,0.30861955881118774,0.14565593004226685,0.0,0.0,0.0,0.0,0.0,0.0,0.0
24196271523,0,0.01839778944849968,0.048101287335157394,-0.7296717762947083,6.569455581484362e-05,-0.04113857448101044,-0.8442511558532715,0.010047183372080326,-0.012315867468714714,-0.014053734950721264,-0.03666437417268753,-0.1784806251525879,-0.11457937955856323,0.012616083025932312,-0.012574932537972927,0.11070296168327332,0.0,0.0,-0.0047828578390181065,0.1295689046382904,0.17556115984916687,-0.045125823467969894,-0.10257504880428314,0.09762763977050781,-0.13866032660007477,-0.9163386225700378,-2.2528584003448486,-48.39613342285156,-0.415082722902298,0.1606525480747223,-0.06324616074562073,-0.1334695667028427,0.1713666021823883,-0.2398575097322464,0.12667366862297058,13.370859146118164,9.614056587219238,14.082988739013672,11.448086738586426,-0.08432617038488388,0.03526367247104645,0.07512695342302322,-0.05672851577401161,0.0,-0.0947921946644783,0.03406667336821556,0.06931669265031815,-0.0539746917784214,0.0,0.010393881238996983,0.16451828181743622,-10.318253517150879,-0.16437430679798126,-0.40994128584861755,-8.75448989868164,0.0,0.0,0.0,0.0,0.0,0.0,0.0,0.0,0.0,0.0,0.0,0.0,-0.08936579525470734,0.03428720682859421,0.06655806303024292,-0.053825702518224716,0.30725669860839844,0.23351886868476868,0.3209199905395508,0.2698747515678406,0.8988041877746582,0.30861955881118774,0.14565593004226685,0.0,0.0,0.0,0.0,0.0,0.0,0.0
24206545652,0,0.01838313229382038,0.048304855823516846,-0.7297630906105042,6.569455581484362e-05,-0.04113857448101044,-0.8442511558532715,0.005694426596164703,-0.01836845837533474,-0.01663808897137642,-0.036635059863328934,-0.1788877546787262,-0.11448806524276733,0.013960817828774452,-0.01088437344878912,0.11029282957315445,0.0,0.0,-0.0047828578390181065,0.1295689046382904,0.17556115984916687,-0.045125823467969894,-0.112946055829525,0.0839538648724556,-0.13816434144973755,-0.9040586948394775,-2.2546770572662354,-48.149696350097656,-0.421057790517807,0.15508565306663513,-0.06177808344364166,-0.1340496987104416,0.1713666021823883,-0.2398575097322464,0.12667366862297058,13.25403118133545,9.588791847229004,14.002500534057617,11.42347526550293,-0.08432617038488388,0.036796875298023224,0.07512695342302322,-0.05672851577401161,0.0,-0.0953977182507515,0.0346108078956604,0.06940586864948273,-0.054583340883255005,0.0,0.010393881238996983,0.16451828181743622,-10.318253517150879,-0.15394911170005798,-0.4000706076622009,-8.739160537719727,0.0,0.0,0.0,0.0,0.0,0.0,0.0,0.0,0.0,0.0,0.0,0.0,-0.09003652632236481,0.0341663658618927,0.0663837343454361,-0.05390153452754021,0.30725669860839844,0.23351886868476868,0.3209199905395508,0.2698747515678406,0.8988041877746582,0.30861955881118774,0.14565593004226685,0.0,0.0,0.0,0.0,0.0,0.0,0.0
24216725897,0,0.01838313229382038,0.048304855823516846,-0.7297630906105042,6.569455581484362e-05,-0.04113857448101044,-0.8442511558532715,0.005694426596164703,-0.01836845837533474,-0.01663808897137642,-0.036635059863328934,-0.1788877546787262,-0.11448806524276733,0.013960817828774452,-0.01088437344878912,0.11029282957315445,0.0,0.0,-0.0047828578390181065,0.14492787420749664,0.17238640785217285,-0.04406995698809624,-0.112946055829525,0.0839538648724556,-0.13816434144973755,-0.8467200994491577,-2.2003884315490723,-48.06538391113281,-0.47266197204589844,0.1428021788597107,-0.06802880764007568,-0.13536091148853302,0.1768748164176941,-0.23994553089141846,0.12767116725444794,13.28750228881836,9.351702690124512,14.236498832702637,11.304277420043945,-0.08432617038488388,0.03526367247104645,0.07359375059604645,-0.055195312947034836,0.0,-0.09228119254112244,0.03545151650905609,0.06538459658622742,-0.055381279438734055,0.0,0.07246509939432144,0.14217513799667358,-10.232501029968262,-0.15394911170005798,-0.4000706076622009,-8.739160537719727,0.0,0.0,0.0,0.0,0.0,0.0,0.0,0.0,0.0,0.0,0.0,0.0,-0.09118398278951645,0.03420263156294823,0.06666603684425354,-0.05407337099313736,0.30500614643096924,0.23301303386688232,0.319380521774292,0.26939156651496887,1.262610912322998,0.005034916568547487,0.19359706342220306,0.0,0.0,0.0,0.0,0.0,0.0,0.0
24228361693,0,0.01839299313724041,0.04864559322595596,-0.7300096750259399,6.569455581484362e-05,-0.04113857448101044,-0.8442511558532715,0.005413387902081013,-0.0261728223413229,-0.014896254055202007,-0.03665478155016899,-0.17956922948360443,-0.11424148082733154,0.01668459177017212,-0.007779157254844904,0.10964217782020569,0.0,0.0,-0.0047828578390181065,0.1688012033700943,0.1696956306695938,-0.0410287044942379,-0.1340193748474121,0.05879327654838562,-0.13737007975578308,-0.8467200994491577,-2.2003884315490723,-48.06538391113281,-0.47266197204589844,0.1428021788597107,-0.06802880764007568,-0.13536091148853302,0.1768748164176941,-0.23994553089141846,0.12767116725444794,13.28750228881836,9.351702690124512,14.236498832702637,11.304277420043945,-0.08585937321186066,0.03373046964406967,0.07206054776906967,-0.055195312947034836,0.0,-0.09228119254112244,0.03545151650905609,0.06538459658622742,-0.055381279438734055,0.0,0.07246509939432144,0.14217513799667358,-10.232501029968262,-0.15119445323944092,-0.38689088821411133,-8.75989818572998,0.0,0.0,0.0,0.0,0.0,0.0,0.0,0.0,0.0,0.0,0.0,0.0,-0.0920945554971695,0.03441213443875313,0.06675391644239426,-0.05436241626739502,0.3056512773036957,0.22826001048088074,0.3238527476787567,0.26704928278923035,0.7014359831809998,-0.014956019818782806,-0.03528843820095062,0.0,0.0,0.0,0.0,0.0,0.0,0.0
24236698025,0,0.01839299313724041,0.04864559322595596,-0.7300096750259399,6.569455581484362e-05,-0.04113857448101044,-0.8442511558532715,0.005413387902081013,-0.0261728223413229,-0.014896254055202007,-0.03665478155016899,-0.17956922948360443,-0.11424148082733154,0.01668459177017212,-0.007779157254844904,0.10964217782020569,0.0,0.0,-0.0047828578390181065,0.1688012033700943,0.1696956306695938,-0.0410287044942379,-0.1340193748474121,0.05879327654838562,-0.13737007975578308,-0.8657564520835876,-2.156043767929077,-48.12445831298828,-0.5166327357292175,0.11357001960277557,-0.061322346329689026,-0.13742578029632568,0.18400077521800995,-0.23975451290607452,0.1291416734457016,13.018083572387695,9.514090538024902,14.198009490966797,11.508418083190918,-0.08585937321186066,0.03373046964406967,0.0705273449420929,-0.055195312947034836,0.0,-0.09367939829826355,0.03225351497530937,0.0647721141576767,-0.052643295377492905,0.0,-0.22583013772964478,-0.08950865268707275,-10.358967781066895,-0.15119445323944092,-0.38689088821411133,-8.75989818572998,0.0,0.0,0.0,0.0,0.0,0.0,0.0,0.0,0.0,0.0,0.0,0.0,-0.09264133125543594,0.03455943241715431,0.0665162056684494,-0.05456627160310745,0.30045241117477417,0.23151688277721405,0.3231179118156433,0.2710587680339813,0.7014359831809998,-0.014956019818782806,-0.03528843820095062,0.0,0.0,0.0,0.0,0.0,0.0,0.0
24246647875,0,0.018420804291963577,0.04895741119980812,-0.7303529977798462,6.569455581484362e-05,-0.04113857448101044,-0.8442511558532715,0.00898877251893282,-0.018572842702269554,-0.01869921199977398,-0.036710403859615326,-0.18019287288188934,-0.11389815807342529,0.020344965159893036,-0.0050081973895430565,0.10870441049337387,0.0,0.0,-0.0047828578390181065,0.16369126737117767,0.16595470905303955,-0.0475335568189621,-0.16260069608688354,0.03613458573818207,-0.136226624250412,-0.8657564520835876,-2.156043767929077,-48.12445831298828,-0.5166327357292175,0.11357001960277557,-0.061322346329689026,-0.13742578029632568,0.18400077521800995,-0.23975451290607452,0.1291416734457016,13.018083572387695,9.514090538024902,14.198009490966797,11.508418083190918,-0.08585937321186066,0.03066406212747097,0.0705273449420929,-0.055195312947034836,0.0,-0.09367939829826355,0.03225351497530937,0.0647721141576767,-0.052643295377492905,0.0,-0.22583013772964478,-0.08950865268707275,-10.358967781066895,-0.15944375097751617,-0.4033791422843933,-8.730552673339844,0.0,0.0,0.0,0.0,0.0,0.0,0.0,0.0,0.0,0.0,0.0,0.0,-0.09303728491067886,0.03435390070080757,0.06610572338104248,-0.05443800240755081,0.30045241117477417,0.23151688277721405,0.3231179118156433,0.2710587680339813,-0.1440834254026413,-0.11406556516885757,-0.24953798949718475,0.0,0.0,0.0,0.0,0.0,0.0,0.0
24258390736,0,0.01838737539947033,0.049282506108284,-0.7307814955711365,6.569455581484362e-05,-0.04113857448101044,-0.8442511558532715,0.0059377108700573444,-0.014487462118268013,-0.024759821593761444,-0.03664354607462883,-0.1808430701494217,-0.11346966028213501,0.023044733330607414,-0.002077665412798524,0.10785999894142151,0.0,0.0,-0.0047828578390181065,0.16369126737117767,0.16595470905303955,-0.0475335568189621,-0.16260069608688354,0.03613458573818207,-0.136226624250412,-0.8442751169204712,-2.257261276245117,-47.907432556152344,-0.5283278226852417,0.09211316704750061,-0.05506189167499542,-0.1393589824438095,0.18400077521800995,-0.23975451290607452,0.1291416734457016,12.755528450012207,9.629611015319824,14.03396987915039,11.593334197998047,-0.08432617038488388,0.029130859300494194,0.07206054776906967,-0.055195312947034836,0.0,-0.09799954295158386,0.03615562990307808,0.06739341467618942,-0.056186243891716,0.0,-0.22583013772964478,-0.08950865268707275,-10.358967781066895,-0.15352584421634674,-0.4140652120113373,-8.686423301696777,0.0,0.0,0.0,0.0,0.0,0.0,0.0,0.0,0.0,0.0,0.0,0.0,-0.09354979544878006,0.034045249223709106,0.06577868014574051,-0.05420718714594841,0.30045241117477417,0.23151688277721405,0.3231179118156433,0.2710587680339813,-0.1440834254026413,-0.11406556516885757,-0.24953798949718475,0.0,0.0,0.0,0.0,0.0,0.0,0.0
24266482126,0,0.01838737539947033,0.049282506108284,-0.7307814955711365,6.569455581484362e-05,-0.04113857448101044,-0.8442511558532715,0.0059377108700573444,-0.014487462118268013,-0.024759821593761444,-0.03664354607462883,-0.1808430701494217,-0.11346966028213501,0.023044733330607414,-0.002077665412798524,0.10785999894142151,0.0,0.0,-0.0047828578390181065,0.156500905752182,0.1575223058462143,-0.044493164867162704,-0.16260069608688354,0.03613458573818207,-0.136226624250412,-0.8442751169204712,-2.257261276245117,-47.907432556152344,-0.5283278226852417,0.09211316704750061,-0.05506189167499542,-0.1393589824438095,0.1912500411272049,-0.23921670019626617,0.13043540716171265,12.755528450012207,9.629611015319824,14.03396987915039,11.593334197998047,-0.08585937321186066,0.029130859300494194,0.07359375059604645,-0.05672851577401161,0.0,-0.09799954295158386,0.03615562990307808,0.06739341467618942,-0.056186243891716,0.0,-0.010967892594635487,-0.16196803748607635,-9.936150550842285,-0.15352584421634674,-0.4140652120113373,-8.686423301696777,0.0,0.0,0.0,0.0,0.0,0.0,0.0,0.0,0.0,0.0,0.0,0.0,-0.09442365169525146,0.03410285711288452,0.06579487025737762,-0.054295409470796585,0.2953726053237915,0.23383007943630219,0.31998252868652344,0.2727242112159729,-0.5026379823684692,-0.42117518186569214,0.008568145334720612,0.0,0.0,0.0,0.0,0.0,0.0,0.0
24276833135,0,0.018365750089287758,0.049453843384981155,-0.7310335636138916,6.569455581484362e-05,-0.04113857448101044,-0.8442511558532715,0.005077756009995937,-0.014852569438517094,-0.029692601412534714,-0.03660029545426369,-0.1811857372522354,-0.11321759223937988,0.023949293419718742,-0.0006650466821156442,0.10759040713310242,0.0,0.0,-0.0047828578390181065,0.1407274454832077,0.1413729041814804,-0.03511464223265648,-0.19798524677753448,-0.0031492223497480154,-0.13444532454013824,-0.8443921208381653,-2.2773587703704834,-47.77532958984375,-0.5381102561950684,0.08839066326618195,-0.05931311845779419,-0.1403992623090744,0.19530737400054932,-0.23885175585746765,0.13117708265781403,12.808402061462402,9.481017112731934,14.126823425292969,11.463361740112305,-0.08585937321186066,0.03066406212747097,0.07206054776906967,-0.05672851577401161,0.0,-0.09824308007955551,0.03734878823161125,0.06737663596868515,-0.057540010660886765,0.0,-0.0317910760641098,-0.11706014722585678,-10.030011177062988,-0.15143445134162903,-0.41430267691612244,-8.651047706604004,0.0,0.0,0.0,0.0,0.0,0.0,0.0,0.0,0.0,0.0,0.0,0.0,-0.09552450478076935,0.034565020352602005,0.06609702855348587,-0.05475015938282013,0.2963966727256775,0.23085400462150574,0.3217579126358032,0.27017465233802795,-0.811312198638916,-0.7382676005363464,0.4310542345046997,0.0,0.0,0.0,0.0,0.0,0.0,0.0
24287194625,0,0.018376240506768227,0.049819208681583405,-0.7315497994422913,6.569455581484362e-05,-0.04113857448101044,-0.8442511558532715,0.0105290487408638,-0.017120251432061195,-0.0355827622115612,-0.036621276289224625,-0.1819164752960205,-0.11270135641098022,0.026371421292424202,0.0016697242390364408,0.10739585012197495,0.0,0.0,-0.0047828578390181065,0.1407274454832077,0.1413729041814804,-0.03511464223265648,-0.19798524677753448,-0.0031492223497480154,-0.13444532454013824,-0.8643892407417297,-2.2901647090911865,-47.50627136230469,-0.5402381420135498,0.08751185238361359,-0.0687619000673294,-0.14233551919460297,0.19530737400054932,-0.23885175585746765,0.13117708265781403,12.974104881286621,9.172494888305664,14.300780296325684,11.16389274597168,-0.08739257603883743,0.03066406212747097,0.0705273449420929,-0.055195312947034836,0.0,-0.09804551303386688,0.03809865564107895,0.06722112745046616,-0.05904599279165268,0.0,-0.0317910760641098,-0.11706014722585678,-10.030011177062988,-0.16166898608207703,-0.4104444682598114,-8.612499237060547,0.0,0.0,0.0,0.0,0.0,0.0,0.0,0.0,0.0,0.0,0.0,0.0,-0.09654722362756729,0.035285547375679016,0.06647536158561707,-0.05549564212560654,0.2963966727256775,0.23085400462150574,0.3217579126358032,0.27017465233802795,-0.811312198638916,-0.7382676005363464,0.4310542345046997,0.0,0.0,0.0,0.0,0.0,0.0,0.0
24301255962,0,0.018376240506768227,0.049819208681583405,-0.7315497994422913,6.569455581484362e-05,-0.04113857448101044,-0.8442511558532715,0.0105290487408638,-0.017120251432061195,-0.0355827622115612,-0.036621276289224625,-0.1819164752960205,-0.11270135641098022,0.026371421292424202,0.0016697242390364408,0.10739585012197495,0.0,0.0,-0.0047828578390181065,0.11786587536334991,0.10964787006378174,-0.02629522606730461,-0.22513505816459656,-0.03099493682384491,-0.13372349739074707,-0.8643892407417297,-2.2901647090911865,-47.50627136230469,-0.5402381420135498,0.08751185238361359,-0.0687619000673294,-0.14233551919460297,0.2028721570968628,-0.23812009394168854,0.13279566168785095,12.974104881286621,9.172494888305664,14.300780296325684,11.16389274597168,-0.08585937321186066,0.032197266817092896,0.0705273449420929,-0.055195312947034836,0.0,-0.09804551303386688,0.03809865564107895,0.06722112745046616,-0.05904599279165268,0.0,0.33087387681007385,-0.46743491291999817,-10.043663024902344,-0.16166898608207703,-0.4104444682598114,-8.612499237060547,0.0,0.0,0.0,0.0,0.0,0.0,0.0,0.0,0.0,0.0,0.0,0.0,-0.09733579307794571,0.03612441197037697,0.06680621206760406,-0.05644794553518295,0.2996024489402771,0.224659264087677,0.32507944107055664,0.26428690552711487,-1.0378777980804443,-1.3847239017486572,0.5705206394195557,0.0,0.0,0.0,0.0,0.0,0.0,0.0
24306300687,0,0.018492411822080612,0.050169043242931366,-0.7320645451545715,6.569455581484362e-05,-0.04113857448101044,-0.8442511558532715,-0.0002056366647593677,-0.020198773592710495,-0.034323565661907196,-0.036853622645139694,-0.18261614441871643,-0.11218661069869995,0.028399772942066193,0.0032662195153534412,0.10672039538621902,0.0,0.0,-0.0047828578390181065,0.11786587536334991,0.10964787006378174,-0.02629522606730461,-0.22513505816459656,-0.03099493682384491,-0.13372349739074707,-0.7695170640945435,-2.247669219970703,-47.456748962402344,-0.5420733094215393,0.11645030975341797,-0.07395032048225403,-0.1444430649280548,0.2109704315662384,-0.23760554194450378,0.1349845975637436,13.135441780090332,8.982760429382324,14.375819206237793,11.069969177246094,-0.08585937321186066,0.032197266817092896,0.0705273449420929,-0.055195312947034836,0.0,-0.09329849481582642,0.04071168974041939,0.06332449615001678,-0.06143076717853546,0.0,0.22753284871578217,0.32084307074546814,-10.047245025634766,-0.1399121880531311,-0.40866711735725403,-8.628499984741211,0.0,0.0,0.0,0.0,0.0,0.0,0.0,0.0,0.0,0.0,0.0,0.0,-0.09763560444116592,0.03702182322740555,0.06686573475599289,-0.05750572681427002,0.30271872878074646,0.2208392471075058,0.326510488986969,0.2624366581439972,-1.0378777980804443,-1.3847239017486572,0.5705206394195557,0.0,0.0,0.0,0.0,0.0,0.0,0.0
24316639238,0,0.018556082621216774,0.05037460848689079,-0.7323359251022339,6.569455581484362e-05,-0.04113857448101044,-0.8442511558532715,0.0007751938537694514,-0.021418873220682144,-0.030022108927369118,-0.03698096424341202,-0.18302728235721588,-0.1119152307510376,0.02900044061243534,0.004025006201118231,0.1064135804772377,0.0,0.0,-0.0047828578390181065,0.11786587536334991,0.10964787006378174,-0.02629522606730461,-0.22513505816459656,-0.03099493682384491,-0.13372349739074707,-0.7795999646186829,-2.240283489227295,-47.64865493774414,-0.5436477661132812,0.1210663765668869,-0.078818678855896,-0.14535847306251526,0.2109704315662384,-0.23760554194450378,0.1349845975637436,13.313333511352539,8.898431777954102,14.538741111755371,11.005696296691895,-0.08432617038488388,0.03066406212747097,0.06899414211511612,-0.055195312947034836,0.0,-0.09219526499509811,0.04029117152094841,0.06261108070611954,-0.061318300664424896,0.0,0.22753284871578217,0.32084307074546814,-10.047245025634766,-0.1417454481124878,-0.40732425451278687,-8.663392066955566,0.0,0.0,0.0,0.0,0.0,0.0,0.0,0.0,0.0,0.0,0.0,0.0,-0.09715083241462708,0.03800411894917488,0.06638839095830917,-0.058635029941797256,0.30271872878074646,0.2208392471075058,0.326510488986969,0.2624366581439972,-1.0378777980804443,-1.3847239017486572,0.5705206394195557,0.0,0.0,0.0,0.0,0.0,0.0,0.0
24326671906,0,0.018556082621216774,0.05037460848689079,-0.7323359251022339,6.569455581484362e-05,-0.04113857448101044,-0.8442511558532715,0.0007751938537694514,-0.021418873220682144,-0.030022108927369118,-0.03698096424341202,-0.18302728235721588,-0.1119152307510376,0.02900044061243534,0.004025006201118231,0.1064135804772377,0.0,0.0,-0.0047828578390181065,0.06900215148925781,0.07183125615119934,-0.015818752348423004,-0.23754273355007172,-0.05058320611715317,-0.13314519822597504,-0.7795999646186829,-2.240283489227295,-47.64865493774414,-0.5436477661132812,0.1210663765668869,-0.078818678855896,-0.14535847306251526,0.21440522372722626,-0.23753806948661804,0.13606922328472137,13.313333511352539,8.898431777954102,14.538741111755371,11.005696296691895,-0.08432617038488388,0.03066406212747097,0.06746093928813934,-0.05366211012005806,0.0,-0.09219526499509811,0.04029117152094841,0.06261108070611954,-0.061318300664424896,0.0,-0.008913363330066204,-0.09989717602729797,-10.19797420501709,-0.1417454481124878,-0.40732425451278687,-8.663392066955566,0.0,0.0,0.0,0.0,0.0,0.0,0.0,0.0,0.0,0.0,0.0,0.0,-0.09604887664318085,0.038928642868995667,0.0654895156621933,-0.05969075858592987,0.306148886680603,0.21913893520832062,0.3296141028404236,0.26116931438446045,-1.6307369470596313,-1.1234079599380493,0.3661758005619049,0.0,0.0,0.0,0.0,0.0,0.0,0.0
24336920489,0,0.01883694715797901,0.05067732185125351,-0.7329055070877075,6.569455581484362e-05,-0.04113857448101044,-0.8442511558532715,0.005337387323379517,-0.010562202893197536,-0.03204619511961937,-0.03754269331693649,-0.1836327165365219,-0.11134564876556396,0.03045514039695263,0.0050901384092867374,0.10625431686639786,0.0,0.0,-0.0047828578390181065,0.06900215148925781,0.07183125615119934,-0.015818752348423004,-0.23754273355007172,-0.05058320611715317,-0.13314519822597504,-0.848505437374115,-2.361771583557129,-47.538936614990234,-0.5436477661132812,0.1210663765668869,-0.078818678855896,-0.14535847306251526,0.21440522372722626,-0.23753806948661804,0.13606922328472137,13.446355819702148,8.808124542236328,14.55962085723877,10.83298110961914,-0.0827929675579071,0.032197266817092896,0.06746093928813934,-0.05366211012005806,0.0,-0.0963088795542717,0.042817000299692154,0.06715425103902817,-0.06401674449443817,0.0,-0.008913363330066204,-0.09989717602729797,-10.19797420501709,-0.15427371859550476,-0.4294130206108093,-8.64344310760498,0.0,0.0,0.0,0.0,0.0,0.0,0.0,0.0,0.0,0.0,0.0,0.0,-0.09498558938503265,0.03975127637386322,0.06472587585449219,-0.0606347881257534,0.306148886680603,0.21913893520832062,0.3296141028404236,0.26116931438446045,-1.6307369470596313,-1.1234079599380493,0.3661758005619049,0.0,0.0,0.0,0.0,0.0,0.0,0.0
24346730959,0,0.01883694715797901,0.05067732185125351,-0.7329055070877075,6.569455581484362e-05,-0.04113857448101044,-0.8442511558532715,0.005337387323379517,-0.010562202893197536,-0.03204619511961937,-0.03754269331693649,-0.1836327165365219,-0.11134564876556396,0.03045514039695263,0.0050901384092867374,0.10625431686639786,0.0,0.0,-0.0047828578390181065,0.040850669145584106,0.06194238364696503,-0.013141917064785957,-0.23588164150714874,-0.05344614386558533,-0.1330140084028244,-0.848505437374115,-2.361771583557129,-47.538936614990234,-0.5118935108184814,0.12634266912937164,-0.08300222456455231,-0.14737646281719208,0.2221943736076355,-0.23752981424331665,0.1389385461807251,13.446355819702148,8.808124542236328,14.55962085723877,10.83298110961914,-0.08432617038488388,0.032197266817092896,0.06746093928813934,-0.055195312947034836,0.0,-0.09647276997566223,0.04256773367524147,0.06700325757265091,-0.0642196387052536,0.0,-0.37350741028785706,-0.5590226054191589,-9.965141296386719,-0.15427371859550476,-0.4294130206108093,-8.64344310760498,0.0,0.0,0.0,0.0,0.0,0.0,0.0,0.0,0.0,0.0,0.0,0.0,-0.09452462941408157,0.040593549609184265,0.06458186358213425,-0.06160800904035568,0.3089752197265625,0.21702568233013153,0.33006393909454346,0.2577180564403534,-2.3260886669158936,-1.0888681411743164,0.3281633257865906,0.0,0.0,0.0,0.0,0.0,0.0,0.0
24356751083,0,0.019111255183815956,0.05083184689283371,-0.7334883809089661,6.569455581484362e-05,-0.04113857448101044,-0.8442511558532715,-0.002560255816206336,-0.01161598227918148,-0.04055701196193695,-0.03809131309390068,-0.1839417666196823,-0.11076277494430542,0.030496634542942047,0.005864908918738365,0.10612443089485168,0.0,0.0,-0.0047828578390181065,0.007333104033023119,0.04628854990005493,-0.010947596281766891,-0.2354457825422287,-0.05357367917895317,-0.13296788930892944,-0.8351467251777649,-2.3856589794158936,-47.38016891479492,-0.47709864377975464,0.1367531716823578,-0.08495163917541504,-0.14848558604717255,0.22525684535503387,-0.23759061098098755,0.1402771770954132,13.522890090942383,8.756973266601562,14.497818946838379,10.706417083740234,-0.08432617038488388,0.03066406212747097,0.06746093928813934,-0.05826171860098839,0.0,-0.0962912067770958,0.044183939695358276,0.06746333837509155,-0.06632531434297562,0.0,-0.20661111176013947,-0.3026568293571472,-10.10229778289795,-0.13954176008701324,-0.4292638301849365,-8.579283714294434,0.0,0.0,0.0,0.0,0.0,0.0,0.0,0.0,0.0,0.0,0.0,0.0,-0.09464148432016373,0.0414581373333931,0.06498603522777557,-0.06265635043382645,0.31018170714378357,0.21628326177597046,0.32883501052856445,0.25525712966918945,-2.814037561416626,-1.2437419891357422,0.2611989974975586,0.0,0.0,0.0,0.0,0.0,0.0,0.0
24366664281,0,0.01943197287619114,0.05093413591384888,-0.7341301441192627,6.569455581484362e-05,-0.04113857448101044,-0.8442511558532715,-0.005399845540523529,-0.016427038237452507,-0.043619103729724884,-0.038732752203941345,-0.18414634466171265,-0.11012101173400879,0.029027258977293968,0.0064468239434063435,0.10585072636604309,0.0,0.0,-0.0047828578390181065,-0.017986714839935303,0.03336065262556076,-0.013615834526717663,-0.2354457825422287,-0.05357367917895317,-0.13296788930892944,-0.7230649590492249,-2.3506827354431152,-47.05129623413086,-0.47709864377975464,0.1367531716823578,-0.08495163917541504,-0.14848558604717255,0.22525684535503387,-0.23759061098098755,0.1402771770954132,13.485430717468262,8.837087631225586,14.177606582641602,10.650832176208496,-0.0827929675579071,0.03066406212747097,0.06746093928813934,-0.06132812425494194,0.0,-0.09268670529127121,0.04687110707163811,0.0653139054775238,-0.06923744082450867,0.0,-0.20661111176013947,-0.3026568293571472,-10.10229778289795,-0.13416048884391785,-0.4204941689968109,-8.563693046569824,0.0,0.0,0.0,0.0,0.0,0.0,0.0,0.0,0.0,0.0,0.0,0.0,-0.09484546631574631,0.04243573918938637,0.06552155315876007,-0.06388616561889648,0.31018170714378357,0.21628326177597046,0.32883501052856445,0.25525712966918945,-2.8636889457702637,-1.2824987173080444,0.027448207139968872,0.0,0.0,0.0,0.0,0.0,0.0,0.0
24382668123,0,0.01943197287619114,0.05093413591384888,-0.7341301441192627,6.569455581484362e-05,-0.04113857448101044,-0.8442511558532715,-0.005399845540523529,-0.016427038237452507,-0.043619103729724884,-0.038732752203941345,-0.18414634466171265,-0.11012101173400879,0.029027258977293968,0.0064468239434063435,0.10585072636604309,0.0,0.0,-0.0047828578390181065,-0.05756114050745964,0.019602179527282715,-0.03321511670947075,-0.2244040071964264,-0.05794493108987808,-0.1315876841545105,-0.7230649590492249,-2.3506827354431152,-47.05129623413086,-0.4093097448348999,0.1617206335067749,-0.08116601407527924,-0.1505885273218155,0.23134925961494446,-0.2380576878786087,0.14350073039531708,13.485430717468262,8.837087631225586,14.177606582641602,10.650832176208496,-0.0827929675579071,0.03066406212747097,0.06746093928813934,-0.06286133080720901,0.0,-0.09285695105791092,0.046612150967121124,0.06515233218669891,-0.06945255398750305,0.0,-0.11330798268318176,-0.4060760736465454,-10.016448020935059,-0.13416048884391785,-0.4204941689968109,-8.563693046569824,0.0,0.0,0.0,0.0,0.0,0.0,0.0,0.0,0.0,0.0,0.0,0.0,-0.09472157061100006,0.043599069118499756,0.06583830714225769,-0.06535404175519943,0.3084234297275543,0.21909716725349426,0.3214569091796875,0.25536420941352844,-2.140690565109253,-0.7319115400314331,-0.6267514228820801,0.0,0.0,0.0,0.0,0.0,0.0,0.0
24386604693,0,0.01960822008550167,0.050958674401044846,-0.7348047494888306,6.569455581484362e-05,-0.04113857448101044,-0.8442511558532715,-0.006234538741409779,-0.016306310892105103,-0.04480787366628647,-0.03908525034785271,-0.18419542908668518,-0.10944640636444092,0.028381390497088432,0.006667132023721933,0.10498863458633423,0.0,0.0,-0.0047828578390181065,-0.05756114050745964,0.019602179527282715,-0.03321511670947075,-0.21859169006347656,-0.056456271559000015,-0.13087840378284454,-0.7417843341827393,-2.3106837272644043,-46.99979782104492,-0.3766140937805176,0.16874675452709198,-0.058973342180252075,-0.15289272367954254,0.23598864674568176,-0.23869605362415314,0.14604118466377258,12.975622177124023,9.421435356140137,13.550518989562988,11.153775215148926,-0.0827929675579071,0.032197266817092896,0.06592773646116257,-0.06132812425494194,0.0,-0.09612782299518585,0.041247639805078506,0.06743025034666061,-0.06467588990926743,0.0,-0.13157159090042114,-0.37219077348709106,-9.922632217407227,-0.1330411732196808,-0.42113107442855835,-8.558960914611816,0.0,0.0,0.0,0.0,0.0,0.0,0.0,0.0,0.0,0.0,0.0,0.0,-0.09445960074663162,0.04449167102575302,0.06598004698753357,-0.06660196185112,0.299631804227829,0.229659304022789,0.3107128441333771,0.26408764719963074,-2.140690565109253,-0.7319115400314331,-0.6267514228820801,0.0,0.0,0.0,0.0,0.0,0.0,0.0
24396305236,0,0.01960822008550167,0.050958674401044846,-0.7348047494888306,6.569455581484362e-05,-0.04113857448101044,-0.8442511558532715,-0.006234538741409779,-0.016306310892105103,-0.04480787366628647,-0.039295025169849396,-0.1842065453529358,-0.10910594463348389,0.028381390497088432,0.006667132023721933,0.10498863458633423,0.0,0.0,-0.0047828578390181065,-0.07523670792579651,0.008855217136442661,-0.04056046903133392,-0.21859169006347656,-0.056456271559000015,-0.13087840378284454,-0.7417843341827393,-2.3106837272644043,-46.99979782104492,-0.3766140937805176,0.16874675452709198,-0.058973342180252075,-0.15289272367954254,0.23598864674568176,-0.23869605362415314,0.14604118466377258,12.975622177124023,9.421435356140137,13.550518989562988,11.153775215148926,-0.0827929675579071,0.03373046964406967,0.06592773646116257,-0.059794921427965164,0.0,-0.09612782299518585,0.041247639805078506,0.06743025034666061,-0.06467588990926743,0.0,-0.13157159090042114,-0.37219077348709106,-9.922632217407227,-0.1247679591178894,-0.42198604345321655,-8.590692520141602,0.0,0.0,0.0,0.0,0.0,0.0,0.0,0.0,0.0,0.0,0.0,0.0,-0.09448770433664322,0.04457952454686165,0.06621227413415909,-0.06708064675331116,0.299631804227829,0.229659304022789,0.3107128441333771,0.26408764719963074,-1.9580357074737549,-0.882696270942688,-0.6077880263328552,0.0,0.0,0.0,0.0,0.0,0.0,0.0
24406307585,0,0.019713107496500015,0.05096423625946045,-0.7351452112197876,6.569455581484362e-05,-0.04113857448101044,-0.8442511558532715,-0.010497364215552807,-0.016471873968839645,-0.04085703194141388,-0.039295025169849396,-0.1842065453529358,-0.10910594463348389,0.027645468711853027,0.006499281618744135,0.10439200699329376,0.0,0.0,-0.0047828578390181065,-0.09189221262931824,-0.003460427513346076,-0.0458173044025898,-0.20826192200183868,-0.05472220480442047,-0.13030603528022766,-0.7317264676094055,-2.316220998764038,-47.074283599853516,-0.36164936423301697,0.18252170085906982,-0.054793864488601685,-0.15387870371341705,0.23816941678524017,-0.23906439542770386,0.1471714973449707,12.933295249938965,9.546920776367188,13.420670509338379,11.274772644042969,-0.08432617038488388,0.03373046964406967,0.06439453363418579,-0.059794921427965164,0.0,-0.09640248864889145,0.041170865297317505,0.06788426637649536,-0.06456612795591354,0.0,0.3079197108745575,-0.26758337020874023,-10.23130989074707,-0.1247679591178894,-0.42198604345321655,-8.590692520141602,0.0,0.0,0.0,0.0,0.0,0.0,0.0,0.0,0.0,0.0,0.0,0.0,-0.09481684118509293,0.04400436952710152,0.0665721744298935,-0.06686726212501526,0.29978352785110474,0.23369412124156952,0.30833810567855835,0.2672518789768219,-1.9159070253372192,-1.0904784202575684,-0.5717380046844482,0.0,0.0,0.0,0.0,0.0,0.0,0.0
24417306968,0,0.019923754036426544,0.05089843273162842,-0.7358394265174866,6.569455581484362e-05,-0.04113857448101044,-0.8442511558532715,-0.013707010075449944,-0.012316879816353321,-0.03534252941608429,-0.039716318249702454,-0.18407493829727173,-0.10841172933578491,0.02495317906141281,0.006147158797830343,0.10358210653066635,0.0,0.0,-0.0047828578390181065,-0.11764702945947647,-0.014039955101907253,-0.04618261009454727,-0.20826192200183868,-0.05472220480442047,-0.13030603528022766,-0.7317264676094055,-2.316220998764038,-47.074283599853516,-0.36164936423301697,0.18252170085906982,-0.054793864488601685,-0.15387870371341705,0.23816941678524017,-0.23906439542770386,0.1471714973449707,13.206000328063965,9.689558029174805,13.3746976852417,11.298688888549805,-0.08432617038488388,0.03526367247104645,0.06439453363418579,-0.06132812425494194,0.0,-0.09440574795007706,0.040564462542533875,0.06811799854040146,-0.06442929059267044,0.0,0.3079197108745575,-0.26758337020874023,-10.23130989074707,-0.11985372006893158,-0.4308347702026367,-8.630630493164062,0.0,0.0,0.0,0.0,0.0,0.0,0.0,0.0,0.0,0.0,0.0,0.0,-0.09516652673482895,0.04317420721054077,0.06698113679885864,-0.06633644551038742,0.29978352785110474,0.23369412124156952,0.30833810567855835,0.2672518789768219,-2.19905424118042,-1.0490585565567017,-0.29530590772628784,0.0,0.0,0.0,0.0,0.0,0.0,0.0
24426358816,0,0.019923754036426544,0.05089843273162842,-0.7358394265174866,6.569455581484362e-05,-0.04113857448101044,-0.8442511558532715,-0.013707010075449944,-0.012316879816353321,-0.03534252941608429,-0.039716318249702454,-0.18407493829727173,-0.10841172933578491,0.02495317906141281,0.006147158797830343,0.10358210653066635,0.0,0.0,-0.0047828578390181065,-0.1709030419588089,-0.04073108732700348,-0.03481656312942505,-0.16042284667491913,-0.04271111264824867,-0.129130020737648,-0.6591954827308655,-2.369591236114502,-47.468467712402344,-0.290393203496933,0.21570473909378052,-0.05544285476207733,-0.15615805983543396,0.24272748827934265,-0.24077430367469788,0.1502286046743393,13.206000328063965,9.689558029174805,13.3746976852417,11.298688888549805,-0.08432617038488388,0.03373046964406967,0.06439453363418579,-0.06286133080720901,0.0,-0.09407894313335419,0.044906631112098694,0.06742464751005173,-0.06859742105007172,0.0,-0.15606488287448883,-0.819516658782959,-9.999733924865723,-0.11985372006893158,-0.4308347702026367,-8.630630493164062,0.0,0.0,0.0,0.0,0.0,0.0,0.0,0.0,0.0,0.0,0.0,0.0,-0.0952751561999321,0.04251264035701752,0.06734928488731384,-0.06592205911874771,0.30879950523376465,0.23052988946437836,0.3081197440624237,0.26108691096305847,-2.6265366077423096,-1.2230346202850342,0.35436177253723145,0.0,0.0,0.0,0.0,0.0,0.0,0.0
24436376322,0,0.020195191726088524,0.05059945583343506,-0.736879825592041,6.569455581484362e-05,-0.04113857448101044,-0.8442511558532715,-0.015062586404383183,-0.013096874579787254,-0.04524674266576767,-0.04025919735431671,-0.183476984500885,-0.10737133026123047,0.01999996043741703,0.004775490611791611,0.10323651134967804,0.0,0.0,-0.0047828578390181065,-0.1709030419588089,-0.04073108732700348,-0.03481656312942505,-0.16042284667491913,-0.04271111264824867,-0.129130020737648,-0.7050397992134094,-2.4080374240875244,-47.03878402709961,-0.20689719915390015,0.25276708602905273,-0.07020886242389679,-0.15825609862804413,0.24343720078468323,-0.2415296882390976,0.15130414068698883,13.658170700073242,9.282648086547852,13.447897911071777,10.750603675842285,-0.08432617038488388,0.03066406212747097,0.06592773646116257,-0.06746093928813934,0.0,-0.09331446886062622,0.046348538249731064,0.06910828500986099,-0.07206930220127106,0.0,-0.14597201347351074,-0.35996541380882263,-9.713293075561523,-0.11826840788125992,-0.42762330174446106,-8.557090759277344,0.0,0.0,0.0,0.0,0.0,0.0,0.0,0.0,0.0,0.0,0.0,0.0,-0.09508766233921051,0.0424952395260334,0.06765389442443848,-0.06617981195449829,0.30879950523376465,0.23052988946437836,0.3081197440624237,0.26108691096305847,-2.6265366077423096,-1.2230346202850342,0.35436177253723145,0.0,0.0,0.0,0.0,0.0,0.0,0.0
24447197887,0,0.020281536504626274,0.050366371870040894,-0.73723304271698,6.569455581484362e-05,-0.04113857448101044,-0.8442511558532715,-0.014302864670753479,-0.018756380304694176,-0.043859463185071945,-0.04043188691139221,-0.18301080167293549,-0.1070181131362915,0.017699044197797775,0.004060510080307722,0.10296719521284103,0.0,0.0,-0.0047828578390181065,-0.19142132997512817,-0.054594554007053375,-0.02759944088757038,-0.16042284667491913,-0.04271111264824867,-0.129130020737648,-0.6504762172698975,-2.351928234100342,-47.06399917602539,-0.20689719915390015,0.25276708602905273,-0.07020886242389679,-0.15825609862804413,0.24343720078468323,-0.2415296882390976,0.15130414068698883,13.889187812805176,9.183084487915039,13.484367370605469,10.610428810119629,-0.0827929675579071,0.029130859300494194,0.06592773646116257,-0.0705273449420929,0.0,-0.08892926573753357,0.046791836619377136,0.0660126581788063,-0.07297147065401077,0.0,-0.14597201347351074,-0.35996541380882263,-9.713293075561523,-0.11889323592185974,-0.41517874598503113,-8.571303367614746,0.0,0.0,0.0,0.0,0.0,0.0,0.0,0.0,0.0,0.0,0.0,0.0,-0.09450121223926544,0.04315165430307388,0.06785160303115845,-0.06727480888366699,0.31278079748153687,0.22687336802482605,0.3087395429611206,0.25613126158714294,-2.373613119125366,-1.2470418214797974,0.5144372582435608,0.0,0.0,0.0,0.0,0.0,0.0,0.0
24456697080,0,0.020281536504626274,0.050366371870040894,-0.73723304271698,6.569455581484362e-05,-0.04113857448101044,-0.8442511558532715,-0.014302864670753479,-0.018756380304694176,-0.043859463185071945,-0.04043188691139221,-0.18301080167293549,-0.1070181131362915,0.017699044197797775,0.004060510080307722,0.10296719521284103,0.0,0.0,-0.0047828578390181065,-0.20931917428970337,-0.08987189829349518,-0.02741934172809124,-0.13628971576690674,-0.027442466467618942,-0.12867116928100586,-0.6504762172698975,-2.351928234100342,-47.06399917602539,-0.168740913271904,0.2775877118110657,-0.07528413832187653,-0.15938998758792877,0.24392053484916687,-0.24257007241249084,0.15270480513572693,13.889187812805176,9.183084487915039,13.484367370605469,10.610428810119629,-0.0827929675579071,0.029130859300494194,0.06592773646116257,-0.0705273449420929,0.0,-0.0890183374285698,0.04665748029947281,0.06592107564210892,-0.07308793067932129,0.0,-0.12210851162672043,-0.4267490804195404,-9.792484283447266,-0.11889323592185974,-0.41517874598503113,-8.571303367614746,0.0,0.0,0.0,0.0,0.0,0.0,0.0,0.0,0.0,0.0,0.0,0.0,-0.09339102357625961,0.04411955177783966,0.06774809211492538,-0.0688282921910286,0.3172110617160797,0.22487206757068634,0.30944105982780457,0.2533569037914276,-1.3558181524276733,-1.5717027187347412,0.1503078192472458,0.0,0.0,0.0,0.0,0.0,0.0,0.0
24467388390,0,0.02040700986981392,0.04982165992259979,-0.7379151582717896,6.569455581484362e-05,-0.04113857448101044,-0.8442511558532715,-0.010404611006379128,-0.02158745378255844,-0.03502897918224335,-0.0406828373670578,-0.18192137777805328,-0.10633599758148193,0.014019239693880081,0.0019667204469442368,0.10235324501991272,0.0,0.0,-0.0047828578390181065,-0.20931917428970337,-0.08987189829349518,-0.02741934172809124,-0.13628971576690674,-0.027442466467618942,-0.12867116928100586,-0.6402716040611267,-2.2344701290130615,-47.329437255859375,-0.12753663957118988,0.332428514957428,-0.06925743818283081,-0.1615150272846222,0.24392053484916687,-0.24257007241249084,0.15270480513572693,13.95234203338623,9.378952980041504,13.25423812866211,10.852738380432129,-0.0827929675579071,0.03066406212747097,0.06746093928813934,-0.0705273449420929,0.0,-0.08553323894739151,0.04138898104429245,0.06348005682229996,-0.06816406548023224,0.0,-0.12210851162672043,-0.4267490804195404,-9.792484283447266,-0.12646161019802094,-0.4066462516784668,-8.640602111816406,0.0,0.0,0.0,0.0,0.0,0.0,0.0,0.0,0.0,0.0,0.0,0.0,-0.09187326580286026,0.044827040284872055,0.06725166738033295,-0.07014581561088562,0.3172110617160797,0.22487206757068634,0.30944105982780457,0.2533569037914276,-1.3558181524276733,-1.5717027187347412,0.1503078192472458,0.0,0.0,0.0,0.0,0.0,0.0,0.0
24476935168,0,0.02040700986981392,0.04982165992259979,-0.7379151582717896,6.569455581484362e-05,-0.04113857448101044,-0.8442511558532715,-0.010404611006379128,-0.02158745378255844,-0.03502897918224335,-0.0406828373670578,-0.18192137777805328,-0.10633599758148193,0.014019239693880081,0.0019667204469442368,0.10235324501991272,0.0,0.0,-0.0047828578390181065,-0.21584732830524445,-0.10646042227745056,-0.03211217373609543,-0.09901279211044312,-0.0065528834238648415,-0.1280304491519928,-0.6402716040611267,-2.2344701290130615,-47.329437255859375,-0.12753663957118988,0.332428514957428,-0.06925743818283081,-0.1615150272846222,0.24407215416431427,-0.2451576143503189,0.15540914237499237,13.95234203338623,9.378952980041504,13.25423812866211,10.852738380432129,-0.0827929675579071,0.032197266817092896,0.06746093928813934,-0.06746093928813934,0.0,-0.08553323894739151,0.04138898104429245,0.06348005682229996,-0.06816406548023224,0.0,0.027744648978114128,-0.3840750753879547,-9.284655570983887,-0.12646161019802094,-0.4066462516784668,-8.640602111816406,0.0,0.0,0.0,0.0,0.0,0.0,0.0,0.0,0.0,0.0,0.0,0.0,-0.0901176854968071,0.04478362202644348,0.066424161195755,-0.07065525650978088,0.3184206187725067,0.22880692780017853,0.3050099313259125,0.2581498920917511,-1.022045373916626,-1.5579802989959717,-0.1130017638206482,0.0,0.0,0.0,0.0,0.0,0.0,0.0
24487082951,0,0.020437026396393776,0.04956122115254402,-0.7382255792617798,6.569455581484362e-05,-0.04113857448101044,-0.8442511558532715,-0.010149986483156681,-0.019190723076462746,-0.03205733746290207,-0.040742870420217514,-0.18140049278736115,-0.1060255765914917,0.012469258159399033,0.0005582996527664363,0.10192285478115082,0.0,0.0,-0.0047828578390181065,-0.21584732830524445,-0.10646042227745056,-0.03211217373609543,-0.08475575596094131,0.003924229182302952,-0.12756484746932983,-0.6955388784408569,-2.2365543842315674,-47.523311614990234,-0.11175268888473511,0.36298859119415283,-0.06303957104682922,-0.16266611218452454,0.24384941160678864,-0.24692946672439575,0.15681025385856628,13.9127779006958,9.56104850769043,13.076947212219238,11.08024787902832,-0.08125976473093033,0.03373046964406967,0.06746093928813934,-0.06592773646116257,0.0,-0.08733024448156357,0.03850112110376358,0.06579984724521637,-0.06517483294010162,0.0,0.11705481261014938,-0.17435866594314575,-9.224289894104004,-0.12757501006126404,-0.41034722328186035,-8.661027908325195,0.0,0.0,0.0,0.0,0.0,0.0,0.0,0.0,0.0,0.0,0.0,0.0,-0.08849120885133743,0.04400264471769333,0.06558093428611755,-0.07030821591615677,0.31766289472579956,0.2324574589729309,0.3015895485877991,0.26263901591300964,-1.022045373916626,-1.5579802989959717,-0.1130017638206482,0.0,0.0,0.0,0.0,0.0,0.0,0.0
24496783464,0,0.020537687465548515,0.049040596932172775,-0.7387920618057251,6.569455581484362e-05,-0.04113857448101044,-0.8442511558532715,-0.013593988493084908,-0.0139509541913867,-0.028340915217995644,-0.04094419255852699,-0.18035925924777985,-0.10545909404754639,0.008516200818121433,-0.002067857189103961,0.10110627114772797,0.0,0.0,-0.0047828578390181065,-0.21479348838329315,-0.13745605945587158,-0.04035606607794762,-0.08475575596094131,0.003924229182302952,-0.12756484746932983,-0.6720635890960693,-2.3056247234344482,-47.76555252075195,-0.11175268888473511,0.36298859119415283,-0.06303957104682922,-0.16266611218452454,0.24384941160678864,-0.24692946672439575,0.15681025385856628,13.925094604492188,9.76005744934082,12.803729057312012,11.385821342468262,-0.08125976473093033,0.03373046964406967,0.06746093928813934,-0.06286133080720901,0.0,-0.08841492235660553,0.04107074812054634,0.06846799701452255,-0.06630309671163559,0.0,0.11705481261014938,-0.17435866594314575,-9.224289894104004,-0.12219338119029999,-0.4192045032978058,-8.684645652770996,0.0,0.0,0.0,0.0,0.0,0.0,0.0,0.0,0.0,0.0,0.0,0.0,-0.08744419366121292,0.04285513237118721,0.06522269546985626,-0.06938023120164871,0.31766289472579956,0.2324574589729309,0.3015895485877991,0.26263901591300964,-0.13880717754364014,-1.6302281618118286,-0.3382602632045746,0.0,0.0,0.0,0.0,0.0,0.0,0.0
24506669083,0,0.020537687465548515,0.049040596932172775,-0.7387920618057251,6.569455581484362e-05,-0.04113857448101044,-0.8442511558532715,-0.013593988493084908,-0.0139509541913867,-0.028340915217995644,-0.04094419255852699,-0.18035925924777985,-0.10545909404754639,0.008516200818121433,-0.002067857189103961,0.10110627114772797,0.0,0.0,-0.0047828578390181065,-0.2001442015171051,-0.1591375768184662,-0.049421489238739014,-0.05138808861374855,0.026427168399095535,-0.12659116089344025,-0.6720635890960693,-2.3056247234344482,-47.76555252075195,-0.08251816034317017,0.4273739457130432,-0.055389612913131714,-0.1648017168045044,0.24300897121429443,-0.25088778138160706,0.15922358632087708,13.925094604492188,9.76005744934082,12.803729057312012,11.385821342468262,-0.08125976473093033,0.03526367247104645,0.06899414211511612,-0.06286133080720901,0.0,-0.08858229219913483,0.040832702070474625,0.06828626245260239,-0.06650742143392563,0.0,0.0733831375837326,-0.27306240797042847,-9.811753273010254,-0.12219338119029999,-0.4192045032978058,-8.684645652770996,0.0,0.0,0.0,0.0,0.0,0.0,0.0,0.0,0.0,0.0,0.0,0.0,-0.08706606179475784,0.04183197766542435,0.06551387906074524,-0.06831339001655579,0.31789880990982056,0.23643895983695984,0.2963062822818756,0.2686518430709839,0.6071112751960754,-1.216253399848938,-0.48467662930488586,0.0,0.0,0.0,0.0,0.0,0.0,0.0
24516912516,0,0.020681362599134445,0.04853393882513046,-0.7393040060997009,6.569455581484362e-05,-0.04113857448101044,-0.8442511558532715,-0.011862405575811863,-0.02008741907775402,-0.03261516988277435,-0.04123154282569885,-0.17934592068195343,-0.10494714975357056,0.004499504342675209,-0.004775370005518198,0.10042545199394226,0.0,0.0,-0.0047828578390181065,-0.2001442015171051,-0.1591375768184662,-0.049421489238739014,-0.01854594051837921,0.056350044906139374,-0.12483832240104675,-0.6875336766242981,-2.223428964614868,-47.5704460144043,-0.08667296171188354,0.4740801453590393,-0.04966247081756592,-0.1670818328857422,0.241895854473114,-0.25620707869529724,0.16155484318733215,13.730674743652344,9.845352172851562,12.480328559875488,11.618094444274902,-0.08125976473093033,0.03373046964406967,0.06746093928813934,-0.06439453363418579,0.0,-0.08829617500305176,0.03671696409583092,0.06796479225158691,-0.06241147592663765,0.0,-0.33522188663482666,-0.09701892733573914,-9.580480575561523,-0.12500612437725067,-0.4042598009109497,-8.649171829223633,0.0,0.0,0.0,0.0,0.0,0.0,0.0,0.0,0.0,0.0,0.0,0.0,-0.08713895082473755,0.040965497493743896,0.06616222113370895,-0.06725706905126572,0.3154161274433136,0.23679839074611664,0.2913215458393097,0.2719618082046509,0.6071112751960754,-1.216253399848938,-0.48467662930488586,0.0,0.0,0.0,0.0,0.0,0.0,0.0
24528531926,0,0.02074192836880684,0.047929730266332626,-0.7398064732551575,6.569455581484362e-05,-0.04113857448101044,-0.8442511558532715,-0.011866489425301552,-0.028938597068190575,-0.03446190431714058,-0.04135267809033394,-0.17813751101493835,-0.10444468259811401,0.0017935617361217737,-0.0080165546387434,0.09941446781158447,0.0,0.0,-0.0047828578390181065,-0.1936357170343399,-0.16342858970165253,-0.05164476856589317,-0.01854594051837921,0.056350044906139374,-0.12483832240104675,-0.710023820400238,-2.1704890727996826,-47.44011306762695,-0.07630015909671783,0.4878361225128174,-0.04690730571746826,-0.1680489480495453,0.241895854473114,-0.25620707869529724,0.16155484318733215,13.731253623962402,9.808717727661133,12.407410621643066,11.59409236907959,-0.0827929675579071,0.03373046964406967,0.06592773646116257,-0.06439453363418579,0.0,-0.08758221566677094,0.034026358276605606,0.06741025298833847,-0.06032714247703552,0.0,-0.33522188663482666,-0.09701892733573914,-9.580480575561523,-0.12344014644622803,-0.38417816162109375,-8.636148452758789,0.0,0.0,0.0,0.0,0.0,0.0,0.0,0.0,0.0,0.0,0.0,0.0,-0.08736860007047653,0.03982112556695938,0.06680294871330261,-0.06593620777130127,0.3154161274433136,0.23679839074611664,0.2913215458393097,0.2719618082046509,0.6280074715614319,-0.8460193872451782,-0.4237167537212372,0.0,0.0,0.0,0.0,0.0,0.0,0.0
24552279653,0,0.02074192836880684,0.047929730266332626,-0.7398064732551575,6.569455581484362e-05,-0.04113857448101044,-0.8442511558532715,-0.011866489425301552,-0.028938597068190575,-0.03446190431714058,-0.04135267809033394,-0.17813751101493835,-0.10444468259811401,0.0017935617361217737,-0.0080165546387434,0.09941446781158447,0.0,0.0,-0.0047828578390181065,-0.18456676602363586,-0.15651297569274902,-0.06070460379123688,0.005647791549563408,0.07871399074792862,-0.12393747270107269,-0.710023820400238,-2.1704890727996826,-47.44011306762695,-0.07630015909671783,0.4878361225128174,-0.04690730571746826,-0.1680489480495453,0.24139845371246338,-0.25870171189308167,0.16250011324882507,13.731253623962402,9.808717727661133,12.407410621643066,11.59409236907959,-0.0827929675579071,0.03373046964406967,0.06439453363418579,-0.06592773646116257,0.0,-0.08758221566677094,0.034026358276605606,0.06741025298833847,-0.06032714247703552,0.0,-0.20222751796245575,0.025536861270666122,-9.688183784484863,-0.12344014644622803,-0.38417816162109375,-8.636148452758789,0.0,0.0,0.0,0.0,0.0,0.0,0.0,0.0,0.0,0.0,0.0,0.0,-0.08755389600992203,0.038313135504722595,0.06725570559501648,-0.06434772163629532,0.31418344378471375,0.23741106688976288,0.28861671686172485,0.27273908257484436,0.44635191559791565,0.08519132435321808,-0.5488117337226868,0.0,0.0,0.0,0.0,0.0,0.0,0.0
24552311703,0,0.020741986110806465,0.047376133501529694,-0.7403429746627808,6.569455581484362e-05,-0.04113857448101044,-0.8442511558532715,-0.017479151487350464,-0.033650368452072144,-0.029166193678975105,-0.04135279357433319,-0.1770302951335907,-0.10390818119049072,-0.0018550733802840114,-0.010510417632758617,0.09785009175539017,0.0,0.0,-0.0047828578390181065,-0.18456676602363586,-0.15651297569274902,-0.06070460379123688,0.005647791549563408,0.07871399074792862,-0.12393747270107269,-0.710023820400238,-2.1704890727996826,-47.44011306762695,-0.07630015909671783,0.4878361225128174,-0.04690730571746826,-0.1680489480495453,0.24139845371246338,-0.25870171189308167,0.16250011324882507,13.731253623962402,9.808717727661133,12.407410621643066,11.59409236907959,-0.0827929675579071,0.032197266817092896,0.06592773646116257,-0.06592773646116257,0.0,-0.08758221566677094,0.034026358276605606,0.06741025298833847,-0.06032714247703552,0.0,-0.20222751796245575,0.025536861270666122,-9.688183784484863,-0.11119474470615387,-0.37355998158454895,-8.677720069885254,0.0,0.0,0.0,0.0,0.0,0.0,0.0,0.0,0.0,0.0,0.0,0.0,-0.08765025436878204,0.0367804616689682,0.06750689446926117,-0.06282457709312439,0.31418344378471375,0.23741106688976288,0.28861671686172485,0.27273908257484436,0.44635191559791565,0.08519132435321808,-0.5488117337226868,0.0,0.0,0.0,0.0,0.0,0.0,0.0
24567541074,0,0.020741986110806465,0.047376133501529694,-0.7403429746627808,6.569455581484362e-05,-0.04113857448101044,-0.8442511558532715,-0.017479151487350464,-0.033650368452072144,-0.029166193678975105,-0.04135279357433319,-0.1770302951335907,-0.10390818119049072,-0.0018550733802840114,-0.010510417632758617,0.09785009175539017,0.0,0.0,-0.0047828578390181065,-0.1605684906244278,-0.12811210751533508,-0.06309579312801361,0.031243734061717987,0.10056257247924805,-0.12205106019973755,-0.625990629196167,-2.083345651626587,-47.65803909301758,-0.05086006224155426,0.5010889768600464,-0.037421613931655884,-0.1702766865491867,0.24006496369838715,-0.26476842164993286,0.16451063752174377,13.571619987487793,10.169332504272461,12.11231517791748,11.911154747009277,-0.0827929675579071,0.032197266817092896,0.06439453363418579,-0.06592773646116257,0.0,-0.08431816101074219,0.032472867518663406,0.06384715437889099,-0.058830585330724716,0.0,-0.32746896147727966,-0.44045504927635193,-9.62131404876709,-0.11119474470615387,-0.37355998158454895,-8.677720069885254,0.0,0.0,0.0,0.0,0.0,0.0,0.0,0.0,0.0,0.0,0.0,0.0,-0.08753450959920883,0.03544680401682854,0.06744823604822159,-0.06154559552669525,0.3117820620536804,0.243635356426239,0.28392255306243896,0.27808523178100586,1.0561566352844238,1.0954393148422241,-0.2568579614162445,0.0,0.0,0.0,0.0,0.0,0.0,0.0
24567593473,0,0.02073199301958084,0.04691755771636963,-0.7409420013427734,6.569455581484362e-05,-0.04113857448101044,-0.8442511558532715,-0.009972908534109592,-0.024631239473819733,-0.037258170545101166,-0.04133280739188194,-0.17611314356327057,-0.10330915451049805,-0.004186779726296663,-0.012566857971251011,0.09696192294359207,0.0,0.0,-0.0047828578390181065,-0.1605684906244278,-0.12811210751533508,-0.06309579312801361,0.03618130832910538,0.10093217343091965,-0.12182170152664185,-0.6569631099700928,-2.0777883529663086,-47.61634063720703,-0.06022685766220093,0.4829902648925781,-0.03596170246601105,-0.17229078710079193,0.23870159685611725,-0.2702161371707916,0.16611947119235992,13.51765251159668,10.161392211914062,12.160184860229492,11.880215644836426,-0.08125976473093033,0.03066406212747097,0.06439453363418579,-0.06746093928813934,0.0,-0.08548527210950851,0.031011048704385757,0.06415552645921707,-0.05807960033416748,0.0,0.12188653647899628,0.2985421419143677,-10.085061073303223,-0.12758243083953857,-0.3882908225059509,-8.612619400024414,0.0,0.0,0.0,0.0,0.0,0.0,0.0,0.0,0.0,0.0,0.0,0.0,-0.08708849549293518,0.034246351569890976,0.06693349778652191,-0.06044997274875641,0.3100810647010803,0.2444426417350769,0.28380438685417175,0.27834004163742065,1.0561566352844238,1.0954393148422241,-0.2568579614162445,0.0,0.0,0.0,0.0,0.0,0.0,0.0
24576493631,0,0.02072373405098915,0.04672243073582649,-0.7412705421447754,6.569455581484362e-05,-0.04113857448101044,-0.8442511558532715,-0.008742240257561207,-0.02430763468146324,-0.044609397649765015,-0.04131628945469856,-0.1757228821516037,-0.1029806137084961,-0.004865885246545076,-0.01337154395878315,0.09652047604322433,0.0,0.0,-0.0047828578390181065,-0.1381748914718628,-0.11363334953784943,-0.06197446584701538,0.03618130832910538,0.10093217343091965,-0.12182170152664185,-0.6569631099700928,-2.0777883529663086,-47.61634063720703,-0.06022685766220093,0.4829902648925781,-0.03596170246601105,-0.17229078710079193,0.23870159685611725,-0.2702161371707916,0.16611947119235992,13.439046859741211,10.043660163879395,12.193058013916016,11.796243667602539,-0.0827929675579071,0.03066406212747097,0.06592773646116257,-0.06899414211511612,0.0,-0.08598650246858597,0.03137469291687012,0.06398233771324158,-0.058493491262197495,0.0,0.12188653647899628,0.2985421419143677,-10.085061073303223,-0.12979891896247864,-0.3880825340747833,-8.556909561157227,0.0,0.0,0.0,0.0,0.0,0.0,0.0,0.0,0.0,0.0,0.0,0.0,-0.08654256910085678,0.033143166452646255,0.06614551693201065,-0.059527479112148285,0.3100810647010803,0.2444426417350769,0.28380438685417175,0.27834004163742065,1.691659927368164,1.2886348962783813,-0.09077116847038269,0.0,0.0,0.0,0.0,0.0,0.0,0.0
24586703898,0,0.02072373405098915,0.04672243073582649,-0.7412705421447754,6.569455581484362e-05,-0.04113857448101044,-0.8442511558532715,-0.008742240257561207,-0.02430763468146324,-0.044609397649765015,-0.04131628945469856,-0.1757228821516037,-0.1029806137084961,-0.004865885246545076,-0.01337154395878315,0.09652047604322433,0.0,0.0,-0.0047828578390181065,-0.1381748914718628,-0.11363334953784943,-0.06197446584701538,0.04258511960506439,0.11345764249563217,-0.12093450129032135,-0.7017033696174622,-2.1355996131896973,-47.369407653808594,-0.08403974771499634,0.47275519371032715,-0.03683844208717346,-0.17335207760334015,0.23815639317035675,-0.27290505170822144,0.16697680950164795,13.439046859741211,10.043660163879395,12.193058013916016,11.796243667602539,-0.0827929675579071,0.03066406212747097,0.06746093928813934,-0.06899414211511612,0.0,-0.08878093957901001,0.031720120459795,0.06686750799417496,-0.05898389220237732,0.0,-0.24260036647319794,-0.344482421875,-9.78552532196045,-0.12979891896247864,-0.3880825340747833,-8.556909561157227,0.0,0.0,0.0,0.0,0.0,0.0,0.0,0.0,0.0,0.0,0.0,0.0,-0.08627725392580032,0.03227343037724495,0.06549989432096481,-0.058886513113975525,0.3083121180534363,0.24233226478099823,0.28405407071113586,0.27712133526802063,1.691659927368164,1.2886348962783813,-0.09077116847038269,0.0,0.0,0.0,0.0,0.0,0.0,0.0
24596820117,0,0.020740263164043427,0.04654854163527489,-0.7416164875030518,6.569455581484362e-05,-0.04113857448101044,-0.8442511558532715,-0.009662984870374203,-0.02666614204645157,-0.04800036549568176,-0.041349347680807114,-0.17537511885166168,-0.10263466835021973,-0.005643615033477545,-0.0141605781391263,0.09604563564062119,0.0,0.0,-0.0047828578390181065,-0.1381748914718628,-0.11363334953784943,-0.06197446584701538,0.050835203379392624,0.11774758249521255,-0.12029901891946793,-0.7006993889808655,-2.1064529418945312,-46.938011169433594,-0.09906943142414093,0.4759432077407837,-0.03820298612117767,-0.17425014078617096,0.2378670871257782,-0.2751304805278778,0.1677381694316864,13.332982063293457,9.885590553283691,12.116448402404785,11.703269958496094,-0.0827929675579071,0.03373046964406967,0.06746093928813934,-0.06899414211511612,0.0,-0.08875986933708191,0.03112168423831463,0.06632844358682632,-0.058684926480054855,0.0,-0.20048564672470093,-0.050699297338724136,-9.63403034210205,-0.12739989161491394,-0.3829914629459381,-8.534183502197266,0.0,0.0,0.0,0.0,0.0,0.0,0.0,0.0,0.0,0.0,0.0,0.0,-0.08647888153791428,0.03170004487037659,0.06527676433324814,-0.05855283886194229,0.30652740597724915,0.2389460951089859,0.28295180201530457,0.2748781442642212,1.691659927368164,1.2886348962783813,-0.09077116847038269,0.0,0.0,0.0,0.0,0.0,0.0,0.0
24606400564,0,0.020809847861528397,0.04622730612754822,-0.7423067688941956,6.569455581484362e-05,-0.04113857448101044,-0.8442511558532715,-0.01266927644610405,-0.04195826128125191,-0.04607648029923439,-0.041488517075777054,-0.17473264038562775,-0.10194438695907593,-0.007825144566595554,-0.01505234930664301,0.09501531720161438,0.0,0.0,-0.0047828578390181065,-0.1381748914718628,-0.11363334953784943,-0.06197446584701538,0.050835203379392624,0.11774758249521255,-0.12029901891946793,-0.652186930179596,-1.9353846311569214,-47.05619430541992,-0.10537797212600708,0.46652165055274963,-0.041240692138671875,-0.17630916833877563,0.2378670871257782,-0.2751304805278778,0.1677381694316864,13.415273666381836,9.843457221984863,12.247491836547852,11.65505599975586,-0.08125976473093033,0.03526367247104645,0.06592773646116257,-0.06746093928813934,0.0,-0.082573302090168,0.026623722165822983,0.059083543717861176,-0.055396515876054764,0.0,-0.019307537004351616,0.033437181264162064,-9.442469596862793,-0.1185794398188591,-0.35188812017440796,-8.555671691894531,0.0,0.0,0.0,0.0,0.0,0.0,0.0,0.0,0.0,0.0,0.0,0.0,-0.08671452105045319,0.031131429597735405,0.06505172699689865,-0.05827520415186882,0.30652740597724915,0.2389460951089859,0.28295180201530457,0.2748781442642212,1.691659927368164,1.2886348962783813,-0.09077116847038269,0.0,0.0,0.0,0.0,0.0,0.0,0.0
24616408941,0,0.020809847861528397,0.04622730612754822,-0.7423067688941956,6.569455581484362e-05,-0.04113857448101044,-0.8442511558532715,-0.01266927644610405,-0.04195826128125191,-0.04607648029923439,-0.041488517075777054,-0.17473264038562775,-0.10194438695907593,-0.007825144566595554,-0.01505234930664301,0.09501531720161438,0.0,0.0,-0.0047828578390181065,-0.08003414422273636,-0.06873863190412521,-0.05661875382065773,0.06126691401004791,0.12997199594974518,-0.11876483261585236,-0.652186930179596,-1.9353846311569214,-47.05619430541992,-0.10537797212600708,0.46652165055274963,-0.041240692138671875,-0.17630916833877563,0.23751474916934967,-0.2800304889678955,0.16962099075317383,13.415273666381836,9.843457221984863,12.247491836547852,11.65505599975586,-0.08125976473093033,0.03373046964406967,0.06592773646116257,-0.06439453363418579,0.0,-0.082573302090168,0.026623722165822983,0.059083543717861176,-0.055396515876054764,0.0,-0.019307537004351616,0.033437181264162064,-9.442469596862793,-0.1185794398188591,-0.35188812017440796,-8.555671691894531,0.0,0.0,0.0,0.0,0.0,0.0,0.0,0.0,0.0,0.0,0.0,0.0,-0.08635164797306061,0.030227480456233025,0.06417398154735565,-0.05775916576385498,0.3081117570400238,0.23810483515262604,0.28550511598587036,0.2739337980747223,1.1914454698562622,0.9006074666976929,0.08336374908685684,0.0,0.0,0.0,0.0,0.0,0.0,0.0
24626384308,0,0.020952673628926277,0.04587319493293762,-0.7432899475097656,6.569455581484362e-05,-0.04113857448101044,-0.8442511558532715,-0.005277677904814482,-0.042409297078847885,-0.041911184787750244,-0.041774168610572815,-0.17402440309524536,-0.10096120834350586,-0.008756407536566257,-0.017042679712176323,0.09372566640377045,0.0,0.0,-0.0047828578390181065,-0.06596796214580536,-0.0623505525290966,-0.05399642512202263,0.06649703532457352,0.1325453221797943,-0.11829505860805511,-0.652186930179596,-1.9353846311569214,-47.05619430541992,-0.10537797212600708,0.46652165055274963,-0.041240692138671875,-0.17630916833877563,0.23751474916934967,-0.2800304889678955,0.16962099075317383,13.540066719055176,9.733386039733887,12.397348403930664,11.601936340332031,-0.0827929675579071,0.03066406212747097,0.06439453363418579,-0.06286133080720901,0.0,-0.08181057870388031,0.02692486345767975,0.05836854502558708,-0.05565040931105614,0.0,-0.019307537004351616,0.033437181264162064,-9.442469596862793,-0.13377095758914948,-0.34843069314956665,-8.587159156799316,0.0,0.0,0.0,0.0,0.0,0.0,0.0,0.0,0.0,0.0,0.0,0.0,-0.08544079214334488,0.029131809249520302,0.06276998668909073,-0.057081110775470734,0.3081117570400238,0.23810483515262604,0.28550511598587036,0.2739337980747223,1.3869425058364868,0.7305684089660645,0.13682006299495697,0.0,0.0,0.0,0.0,0.0,0.0,0.0
24636471935,0,0.020952673628926277,0.04587319493293762,-0.7432899475097656,6.569455581484362e-05,-0.04113857448101044,-0.8442511558532715,-0.005277677904814482,-0.042409297078847885,-0.041911184787750244,-0.041774168610572815,-0.17402440309524536,-0.10096120834350586,-0.008756407536566257,-0.017042679712176323,0.09372566640377045,0.0,0.0,-0.0047828578390181065,-0.019989125430583954,-0.0332832932472229,-0.046004895120859146,0.06649703532457352,0.1325453221797943,-0.11829505860805511,-0.7194113731384277,-1.881676197052002,-47.1649169921875,-0.11872155219316483,0.47184091806411743,-0.04560665786266327,-0.1781841516494751,0.23717601597309113,-0.28441017866134644,0.17153151333332062,13.540066719055176,9.733386039733887,12.397348403930664,11.601936340332031,-0.0827929675579071,0.03066406212747097,0.06439453363418579,-0.06286133080720901,0.0,-0.08231570571660995,0.02232133224606514,0.05858999118208885,-0.05213569104671478,0.0,0.07555048167705536,-0.1868147999048233,-9.868599891662598,-0.13377095758914948,-0.34843069314956665,-8.587159156799316,0.0,0.0,0.0,0.0,0.0,0.0,0.0,0.0,0.0,0.0,0.0,0.0,-0.08438143879175186,0.027959439903497696,0.06131049990653992,-0.0563097782433033,0.3081117570400238,0.23810483515262604,0.28550511598587036,0.2739337980747223,2.1954784393310547,1.3354425430297852,0.2021944671869278,0.0,0.0,0.0,0.0,0.0,0.0,0.0
24646434267,0,0.020984981209039688,0.045648958534002304,-0.7439226508140564,6.569455581484362e-05,-0.04113857448101044,-0.8442511558532715,-0.010719330981373787,-0.03747863695025444,-0.035560496151447296,-0.04183878377079964,-0.17357593774795532,-0.10032850503921509,-0.008309926837682724,-0.016999591141939163,0.09274647384881973,0.0,0.0,-0.0047828578390181065,0.0008917510276660323,-0.015771880745887756,-0.048770297318696976,0.065667062997818,0.13615913689136505,-0.11731696128845215,-0.6914349794387817,-1.9418087005615234,-47.294830322265625,-0.17991472780704498,0.4427485167980194,-0.05048969388008118,-0.1800377517938614,0.23745879530906677,-0.28852036595344543,0.17373938858509064,13.55486011505127,9.593253135681152,12.689085006713867,11.558782577514648,-0.08432617038488388,0.03066406212747097,0.06439453363418579,-0.06286133080720901,0.0,-0.08321642875671387,0.025685526430606842,0.057979848235845566,-0.05520400032401085,0.0,-0.3085051476955414,0.06683691591024399,-9.561542510986328,-0.12391536682844162,-0.35863903164863586,-8.63368034362793,0.0,0.0,0.0,0.0,0.0,0.0,0.0,0.0,0.0,0.0,0.0,0.0,-0.08349750190973282,0.026710033416748047,0.060052331537008286,-0.05546388775110245,0.3107963800430298,0.23310233652591705,0.2940850257873535,0.27204689383506775,2.10365629196167,1.4736807346343994,-0.0908932238817215,0.0,0.0,0.0,0.0,0.0,0.0,0.0
24656919186,0,0.02087390422821045,0.04561362788081169,-0.7442222237586975,6.569455581484362e-05,-0.04113857448101044,-0.8442511558532715,-0.009105210192501545,-0.038546010851860046,-0.034610770642757416,-0.04161662980914116,-0.1735052764415741,-0.10002893209457397,-0.008361013606190681,-0.01686067134141922,0.09218920022249222,0.0,0.0,-0.0047828578390181065,0.0008917510276660323,-0.015771880745887756,-0.048770297318696976,0.065667062997818,0.13615913689136505,-0.11731696128845215,-0.6815345287322998,-1.9725146293640137,-47.4852409362793,-0.19894492626190186,0.42625316977500916,-0.04480572044849396,-0.18103139102458954,0.23745879530906677,-0.28852036595344543,0.17373938858509064,13.407235145568848,9.777790069580078,12.6475248336792,11.751946449279785,-0.08432617038488388,0.029130859300494194,0.06439453363418579,-0.06286133080720901,0.0,-0.08476629853248596,0.02655893936753273,0.05866764113306999,-0.055611249059438705,0.0,-0.08756916224956512,-0.03371375426650047,-9.573183059692383,-0.126375213265419,-0.35626542568206787,-8.637495994567871,0.0,0.0,0.0,0.0,0.0,0.0,0.0,0.0,0.0,0.0,0.0,0.0,-0.08304084837436676,0.025791607797145844,0.05911099165678024,-0.0548771508038044,0.3107963800430298,0.23310233652591705,0.2940850257873535,0.27204689383506775,2.10365629196167,1.4736807346343994,-0.0908932238817215,0.0,0.0,0.0,0.0,0.0,0.0,0.0
24667364364,0,0.02087390422821045,0.04561362788081169,-0.7442222237586975,6.569455581484362e-05,-0.04113857448101044,-0.8442511558532715,-0.009105210192501545,-0.038546010851860046,-0.034610770642757416,-0.04161662980914116,-0.1735052764415741,-0.10002893209457397,-0.008361013606190681,-0.01686067134141922,0.09218920022249222,0.0,0.0,-0.0047828578390181065,0.025511905550956726,0.002770117949694395,-0.05654408037662506,0.05877120792865753,0.13581626117229462,-0.11547506600618362,-0.6815345287322998,-1.9725146293640137,-47.4852409362793,-0.19894492626190186,0.42625316977500916,-0.04480572044849396,-0.18103139102458954,0.23869286477565765,-0.29229021072387695,0.17606355249881744,13.407235145568848,9.777790069580078,12.6475248336792,11.751946449279785,-0.08432617038488388,0.029130859300494194,0.06439453363418579,-0.06132812425494194,0.0,-0.08476629853248596,0.02655893936753273,0.05866764113306999,-0.055611249059438705,0.0,-0.3441595435142517,-0.3789963126182556,-9.832487106323242,-0.126375213265419,-0.35626542568206787,-8.637495994567871,0.0,0.0,0.0,0.0,0.0,0.0,0.0,0.0,0.0,0.0,0.0,0.0,-0.08306315541267395,0.02544121816754341,0.05853448808193207,-0.054705265909433365,0.3048930764198303,0.23951280117034912,0.2911791503429413,0.2787974178791046,1.4561667442321777,1.1169780492782593,-0.3700038194656372,0.0,0.0,0.0,0.0,0.0,0.0,0.0
24678122371,0,0.020414890721440315,0.04548678174614906,-0.7448071837425232,6.569455581484362e-05,-0.04113857448101044,-0.8442511558532715,-0.007079117465764284,-0.036806389689445496,-0.03911035880446434,-0.04069859907031059,-0.17325156927108765,-0.09944397211074829,-0.007720883470028639,-0.01693841814994812,0.09152188152074814,0.0,0.0,-0.0047828578390181065,0.046992719173431396,0.019144561141729355,-0.06065773591399193,0.05877120792865753,0.13581626117229462,-0.11547506600618362,-0.7119554281234741,-1.968858242034912,-47.39741516113281,-0.2239278256893158,0.4140675663948059,-0.03455430269241333,-0.18285664916038513,0.23869286477565765,-0.29229021072387695,0.17606355249881744,13.072413444519043,9.994573593139648,12.427870750427246,12.006589889526367,-0.08432617038488388,0.027597656473517418,0.06286133080720901,-0.06132812425494194,0.0,-0.08782181888818741,0.024578304961323738,0.06030862778425217,-0.053591180592775345,0.0,-0.3441595435142517,-0.3789963126182556,-9.832487106323242,-0.12860067188739777,-0.35948240756988525,-8.59715461730957,0.0,0.0,0.0,0.0,0.0,0.0,0.0,0.0,0.0,0.0,0.0,0.0,-0.08352936059236526,0.02538377046585083,0.05835122615098953,-0.05469472333788872,0.3048930764198303,0.23951280117034912,0.2911791503429413,0.2787974178791046,1.6955270767211914,1.3610334396362305,-0.42549386620521545,0.0,0.0,0.0,0.0,0.0,0.0,0.0
24686274879,0,0.020414890721440315,0.04548678174614906,-0.7448071837425232,6.569455581484362e-05,-0.04113857448101044,-0.8442511558532715,-0.007079117465764284,-0.036806389689445496,-0.03911035880446434,-0.04069859907031059,-0.17325156927108765,-0.09944397211074829,-0.007720883470028639,-0.01693841814994812,0.09152188152074814,0.0,0.0,-0.0047828578390181065,0.046992719173431396,0.019144561141729355,-0.06065773591399193,0.05877120792865753,0.13581626117229462,-0.11547506600618362,-0.7119554281234741,-1.968858242034912,-47.39741516113281,-0.2239278256893158,0.4140675663948059,-0.03455430269241333,-0.18285664916038513,0.23869286477565765,-0.29229021072387695,0.17606355249881744,13.072413444519043,9.994573593139648,12.427870750427246,12.006589889526367,-0.0827929675579071,0.026064453646540642,0.06132812425494194,-0.059794921427965164,0.0,-0.08782181888818741,0.024578304961323738,0.06030862778425217,-0.053591180592775345,0.0,-0.3441595435142517,-0.3789963126182556,-9.832487106323242,-0.12860067188739777,-0.35948240756988525,-8.59715461730957,0.0,0.0,0.0,0.0,0.0,0.0,0.0,0.0,0.0,0.0,0.0,0.0,-0.08440976589918137,0.02529825270175934,0.058546580374240875,-0.054579101502895355,0.3048930764198303,0.23951280117034912,0.2911791503429413,0.2787974178791046,1.6955270767211914,1.3610334396362305,-0.42549386620521545,0.0,0.0,0.0,0.0,0.0,0.0,0.0
24696683614,0,0.02016381360590458,0.04543057829141617,-0.7450962066650391,6.569455581484362e-05,-0.04113857448101044,-0.8442511558532715,-0.007562859449535608,-0.03557200729846954,-0.04124436154961586,-0.04019644111394882,-0.17313916981220245,-0.09915494918823242,-0.006787822116166353,-0.01652567647397518,0.09101153910160065,0.0,0.0,-0.0047828578390181065,0.06956378370523453,0.0388200618326664,-0.06528907269239426,0.03950484097003937,0.12106332182884216,-0.11305955797433853,-0.7073037028312683,-1.9771533012390137,-47.28435134887695,-0.25749412178993225,0.3914375305175781,-0.030462682247161865,-0.18382251262664795,0.24043750762939453,-0.29539862275123596,0.17792882025241852,12.853880882263184,10.051100730895996,12.383386611938477,12.096835136413574,-0.0827929675579071,0.024531250819563866,0.06132812425494194,-0.05826171860098839,0.0,-0.08950146287679672,0.02479112334549427,0.060544807463884354,-0.05365684628486633,0.0,0.03519000485539436,-0.11954501271247864,-9.421416282653809,-0.12661796808242798,-0.3622093200683594,-8.57946491241455,0.0,0.0,0.0,0.0,0.0,0.0,0.0,0.0,0.0,0.0,0.0,0.0,-0.08554986864328384,0.025133157148957253,0.05897870287299156,-0.05434297397732735,0.2972770631313324,0.24224650859832764,0.28814953565597534,0.2825692594051361,1.84242844581604,1.6288917064666748,-0.4705287218093872,0.0,0.0,0.0,0.0,0.0,0.0,0.0
24706735112,0,0.019580554217100143,0.04541701078414917,-0.7456434369087219,6.569455581484362e-05,-0.04113857448101044,-0.8442511558532715,-0.01564788445830345,-0.04377682879567146,-0.04013078659772873,-0.039029914885759354,-0.17311203479766846,-0.09860771894454956,-0.005255687516182661,-0.01513182558119297,0.08948183059692383,0.0,0.0,-0.0047828578390181065,0.08725405484437943,0.053476426750421524,-0.06827273219823837,0.03950484097003937,0.12106332182884216,-0.11305955797433853,-0.5843016505241394,-1.9140069484710693,-47.235233306884766,-0.31402409076690674,0.3446728587150574,-0.021410256624221802,-0.18557395040988922,0.24043750762939453,-0.29539862275123596,0.17792882025241852,12.453957557678223,10.250411987304688,12.303000450134277,12.324077606201172,-0.08432617038488388,0.02299804612994194,0.06132812425494194,-0.05826171860098839,0.0,-0.08723118901252747,0.026188384741544724,0.0554274283349514,-0.054540861397981644,0.0,0.03519000485539436,-0.11954501271247864,-9.421416282653809,-0.10623666644096375,-0.34800127148628235,-8.588224411010742,0.0,0.0,0.0,0.0,0.0,0.0,0.0,0.0,0.0,0.0,0.0,0.0,-0.08665754646062851,0.025043487548828125,0.05923324450850487,-0.05413798987865448,0.2972770631313324,0.24224650859832764,0.28814953565597534,0.2825692594051361,1.841152310371399,1.6259047985076904,-0.4326816201210022,0.0,0.0,0.0,0.0,0.0,0.0,0.0
24716605390,0,0.019270645454525948,0.04541316255927086,-0.7459035515785217,6.569455581484362e-05,-0.04113857448101044,-0.8442511558532715,-0.016046766191720963,-0.04879123345017433,-0.03561929240822792,-0.03841009736061096,-0.17310434579849243,-0.09834760427474976,-0.004558263812214136,-0.01440331619232893,0.08865611255168915,0.0,0.0,-0.0047828578390181065,0.08725405484437943,0.053476426750421524,-0.06827273219823837,0.03950484097003937,0.12106332182884216,-0.11305955797433853,-0.5843016505241394,-1.9140069484710693,-47.235233306884766,-0.31402409076690674,0.3446728587150574,-0.021410256624221802,-0.18557395040988922,0.24311822652816772,-0.29771488904953003,0.17947524785995483,12.408782005310059,10.343905448913574,12.330004692077637,12.429579734802246,-0.08432617038488388,0.021464843302965164,0.06132812425494194,-0.05672851577401161,0.0,-0.087549589574337,0.025951620191335678,0.05530592054128647,-0.05407748371362686,0.0,0.20920200645923615,0.21797877550125122,-9.583894729614258,-0.10317773371934891,-0.3383863568305969,-8.621977806091309,0.0,0.0,0.0,0.0,0.0,0.0,0.0,0.0,0.0,0.0,0.0,0.0,-0.08742758631706238,0.02513527311384678,0.05888662114739418,-0.05404936149716377,0.2895215153694153,0.2462131381034851,0.28658586740493774,0.28699594736099243,1.841152310371399,1.6259047985076904,-0.4326816201210022,0.0,0.0,0.0,0.0,0.0,0.0,0.0
24727058236,0,0.019270645454525948,0.04541316255927086,-0.7459035515785217,6.569455581484362e-05,-0.04113857448101044,-0.8442511558532715,-0.016046766191720963,-0.04879123345017433,-0.03561929240822792,-0.03841009736061096,-0.17310434579849243,-0.09834760427474976,-0.004558263812214136,-0.01440331619232893,0.08865611255168915,0.0,0.0,-0.0047828578390181065,0.1007583811879158,0.06558787822723389,-0.0714811384677887,0.027130329981446266,0.11100410670042038,-0.11129993945360184,-0.5674775242805481,-1.8611249923706055,-47.42087936401367,-0.3276780843734741,0.3352738916873932,-0.019252896308898926,-0.18648989498615265,0.24486084282398224,-0.29867592453956604,0.18019583821296692,12.408782005310059,10.343905448913574,12.330004692077637,12.429579734802246,-0.0827929675579071,0.021464843302965164,0.06132812425494194,-0.05672851577401161,0.0,-0.08563658595085144,0.024622496217489243,0.05322334170341492,-0.05313056707382202,0.0,-0.2467166781425476,-0.602619469165802,-9.617118835449219,-0.10317773371934891,-0.3383863568305969,-8.621977806091309,0.0,0.0,0.0,0.0,0.0,0.0,0.0,0.0,0.0,0.0,0.0,0.0,-0.08772587776184082,0.025280660018324852,0.05796494334936142,-0.053988657891750336,0.28864356875419617,0.24807094037532806,0.28711146116256714,0.28904789686203003,0.8451091647148132,0.7128097414970398,-0.19170443713665009,0.0,0.0,0.0,0.0,0.0,0.0,0.0
24737883273,0,0.018446113914251328,0.0452568419277668,-0.746393084526062,6.569455581484362e-05,-0.04113857448101044,-0.8442511558532715,-0.009384275414049625,-0.050246089696884155,-0.030820200219750404,-0.036761023104190826,-0.17279168963432312,-0.09785807132720947,-0.0026083635166287422,-0.013532901182770729,0.08744911104440689,0.0,0.0,-0.0047828578390181065,0.10295109450817108,0.06279148161411285,-0.06708067655563354,0.027130329981446266,0.11100410670042038,-0.11129993945360184,-0.6195120215415955,-1.8397833108901978,-47.585147857666016,-0.33801430463790894,0.3392895460128784,-0.028584226965904236,-0.18813927471637726,0.24486084282398224,-0.29867592453956604,0.18019583821296692,12.679092407226562,10.126680374145508,12.612488746643066,12.261162757873535,-0.08432617038488388,0.019931640475988388,0.059794921427965164,-0.055195312947034836,0.0,-0.08480732142925262,0.022411182522773743,0.05274941027164459,-0.05188870057463646,0.0,-0.2467166781425476,-0.602619469165802,-9.617118835449219,-0.11263854801654816,-0.3345060646533966,-8.65184497833252,0.0,0.0,0.0,0.0,0.0,0.0,0.0,0.0,0.0,0.0,0.0,0.0,-0.08753704279661179,0.025190014392137527,0.056710898876190186,-0.053786855190992355,0.28864356875419617,0.24807094037532806,0.28711146116256714,0.28904789686203003,0.6234129071235657,0.24440935254096985,0.08171230554580688,0.0,0.0,0.0,0.0,0.0,0.0,0.0
24746326679,0,0.018446113914251328,0.0452568419277668,-0.746393084526062,6.569455581484362e-05,-0.04113857448101044,-0.8442511558532715,-0.009384275414049625,-0.050246089696884155,-0.030820200219750404,-0.036761023104190826,-0.17279168963432312,-0.09785807132720947,-0.0026083635166287422,-0.013532901182770729,0.08744911104440689,0.0,0.0,-0.0047828578390181065,0.11889635771512985,0.057385724037885666,-0.05383015796542168,0.00029424382955767214,0.09574461728334427,-0.10964877158403397,-0.6195120215415955,-1.8397833108901978,-47.585147857666016,-0.33801430463790894,0.3392895460128784,-0.028584226965904236,-0.18813927471637726,0.24823330342769623,-0.3003460168838501,0.181551992893219,12.679092407226562,10.126680374145508,12.612488746643066,12.261162757873535,-0.08432617038488388,0.019931640475988388,0.05826171860098839,-0.055195312947034836,0.0,-0.08480732142925262,0.022411182522773743,0.05274941027164459,-0.05188870057463646,0.0,-0.06618421524763107,-0.005132186226546764,-9.661787986755371,-0.11263854801654816,-0.3345060646533966,-8.65184497833252,0.0,0.0,0.0,0.0,0.0,0.0,0.0,0.0,0.0,0.0,0.0,0.0,-0.0869787186384201,0.024734675884246826,0.05538501217961311,-0.053394634276628494,0.2938913404941559,0.24375155568122864,0.29259955883026123,0.2857714891433716,0.8777835369110107,-0.16683225333690643,0.4828714430332184,0.0,0.0,0.0,0.0,0.0,0.0,0.0
24756320976,0,0.01700282096862793,0.044861920177936554,-0.7470776438713074,6.569455581484362e-05,-0.04113857448101044,-0.8442511558532715,-0.012209681794047356,-0.042135439813137054,-0.029041731730103493,-0.033874426037073135,-0.17200185358524323,-0.09717351198196411,0.000840559892822057,-0.011892498470842838,0.08600448071956635,0.0,0.0,-0.0047828578390181065,0.11889635771512985,0.057385724037885666,-0.05383015796542168,0.00029424382955767214,0.09574461728334427,-0.10964877158403397,-0.6114749908447266,-1.90894615650177,-47.578338623046875,-0.3862520456314087,0.3387446403503418,-0.043377384543418884,-0.18986305594444275,0.24823330342769623,-0.3003460168838501,0.181551992893219,12.973182678222656,9.679065704345703,13.054121971130371,11.963016510009766,-0.08432617038488388,0.02299804612994194,0.05672851577401161,-0.055195312947034836,0.0,-0.08469697088003159,0.026074934750795364,0.05247730761766434,-0.05562487244606018,0.0,-0.25773587822914124,-0.37599658966064453,-9.904239654541016,-0.10207565128803253,-0.3509834408760071,-8.656021118164062,0.0,0.0,0.0,0.0,0.0,0.0,0.0,0.0,0.0,0.0,0.0,0.0,-0.08629835397005081,0.024251002818346024,0.05423402786254883,-0.05309620499610901,0.2938913404941559,0.24375155568122864,0.29259955883026123,0.2857714891433716,0.8777835369110107,-0.16683225333690643,0.4828714430332184,0.0,0.0,0.0,0.0,0.0,0.0,0.0
24766736126,0,0.01700282096862793,0.044861920177936554,-0.7470776438713074,6.569455581484362e-05,-0.04113857448101044,-0.8442511558532715,-0.012209681794047356,-0.042135439813137054,-0.029041731730103493,-0.033874426037073135,-0.17200185358524323,-0.09717351198196411,0.000840559892822057,-0.011892498470842838,0.08600448071956635,0.0,0.0,-0.0047828578390181065,0.12562523782253265,0.05889637768268585,-0.049558985978364944,-0.015391693450510502,0.08794745802879333,-0.10852321982383728,-0.6114749908447266,-1.90894615650177,-47.578338623046875,-0.3862520456314087,0.3387446403503418,-0.043377384543418884,-0.18986305594444275,0.25215795636177063,-0.30226626992225647,0.1834166795015335,12.973182678222656,9.679065704345703,13.054121971130371,11.963016510009766,-0.08432617038488388,0.024531250819563866,0.05672851577401161,-0.055195312947034836,0.0,-0.08469697088003159,0.026074934750795364,0.05247730761766434,-0.05562487244606018,0.0,-0.25773587822914124,-0.37599658966064453,-9.904239654541016,-0.10207565128803253,-0.3509834408760071,-8.656021118164062,0.0,0.0,0.0,0.0,0.0,0.0,0.0,0.0,0.0,0.0,0.0,0.0,-0.08567333966493607,0.02418067306280136,0.0533563494682312,-0.05324368551373482,0.2995847165584564,0.23481975495815277,0.30114859342575073,0.27995771169662476,0.8720662593841553,-0.06407139450311661,0.4507825970649719,0.0,0.0,0.0,0.0,0.0,0.0,0.0
24776503511,0,0.016496567055583,0.04476046562194824,-0.7473076581954956,6.569455581484362e-05,-0.04113857448101044,-0.8442511558532715,-0.011762724258005619,-0.041868314146995544,-0.02904178574681282,-0.03286191076040268,-0.1717989444732666,-0.09694349765777588,0.0017357293982058764,-0.011095819994807243,0.08564987778663635,0.0,0.0,-0.0047828578390181065,0.12435150891542435,0.058679912239313126,-0.04756331816315651,-0.030012965202331543,0.08035821467638016,-0.10799264162778854,-0.5614160895347595,-1.9304089546203613,-47.608116149902344,-0.40357694029808044,0.3327173888683319,-0.04581589996814728,-0.19059403240680695,0.25403690338134766,-0.30309054255485535,0.1843670904636383,13.008434295654297,9.606901168823242,13.156469345092773,11.926780700683594,-0.08585937321186066,0.024531250819563866,0.05672851577401161,-0.055195312947034836,0.0,-0.08374826610088348,0.028821244835853577,0.05123872309923172,-0.05798438563942909,0.0,-0.14384408295154572,-0.5003415942192078,-9.846230506896973,-0.10078582912683487,-0.3514665961265564,-8.653275489807129,0.0,0.0,0.0,0.0,0.0,0.0,0.0,0.0,0.0,0.0,0.0,0.0,-0.08514200896024704,0.024622317403554916,0.05270535126328468,-0.05386446416378021,0.30026599764823914,0.23337557911872864,0.3031246066093445,0.2792499363422394,0.46474990248680115,-0.0809410810470581,0.28064078092575073,0.0,0.0,0.0,0.0,0.0,0.0,0.0
24786517043,0,0.015432290732860565,0.04462721198797226,-0.7477602958679199,6.569455581484362e-05,-0.04113857448101044,-0.8442511558532715,-0.009270606562495232,-0.047994114458560944,-0.032076481729745865,-0.030733346939086914,-0.17153243720531464,-0.09649085998535156,0.003592807799577713,-0.010174280032515526,0.08519891649484634,0.0,0.0,-0.0047828578390181065,0.11390507966279984,0.053917624056339264,-0.04628061503171921,-0.030012965202331543,0.08035821467638016,-0.10799264162778854,-0.5509383082389832,-1.8652673959732056,-47.43960189819336,-0.4028248190879822,0.3336513042449951,-0.04461587965488434,-0.19229473173618317,0.25403690338134766,-0.30309054255485535,0.1843670904636383,12.936728477478027,9.596536636352539,13.08072566986084,11.913021087646484,-0.08585937321186066,0.02299804612994194,0.05672851577401161,-0.055195312947034836,0.0,-0.0822831317782402,0.02664499171078205,0.04934769868850708,-0.05658187344670296,0.0,-0.14384408295154572,-0.5003415942192078,-9.846230506896973,-0.10017059743404388,-0.33913952112197876,-8.625382423400879,0.0,0.0,0.0,0.0,0.0,0.0,0.0,0.0,0.0,0.0,0.0,0.0,-0.08459968119859695,0.02538725547492504,0.05208444967865944,-0.054756466299295425,0.30026599764823914,0.23337557911872864,0.3031246066093445,0.2792499363422394,-0.24751202762126923,-0.25223493576049805,0.13915008306503296,0.0,0.0,0.0,0.0,0.0,0.0,0.0
24796995196,0,0.015432290732860565,0.04462721198797226,-0.7477602958679199,6.569455581484362e-05,-0.04113857448101044,-0.8442511558532715,-0.009270606562495232,-0.047994114458560944,-0.032076481729745865,-0.030733346939086914,-0.17153243720531464,-0.09649085998535156,0.003592807799577713,-0.010174280032515526,0.08519891649484634,0.0,0.0,-0.0047828578390181065,0.09661735594272614,0.058434270322322845,-0.0547318160533905,-0.04567338153719902,0.07104557752609253,-0.10684086382389069,-0.5509383082389832,-1.8652673959732056,-47.43960189819336,-0.4028248190879822,0.3336513042449951,-0.04461587965488434,-0.19229473173618317,0.2585010230541229,-0.3050428628921509,0.18674804270267487,12.936728477478027,9.596536636352539,13.08072566986084,11.913021087646484,-0.08432617038488388,0.02299804612994194,0.05672851577401161,-0.055195312947034836,0.0,-0.0822831317782402,0.02664499171078205,0.04934769868850708,-0.05658187344670296,0.0,-0.34622135758399963,-0.22696621716022491,-9.894047737121582,-0.10017059743404388,-0.33913952112197876,-8.625382423400879,0.0,0.0,0.0,0.0,0.0,0.0,0.0,0.0,0.0,0.0,0.0,0.0,-0.08397307991981506,0.02609594166278839,0.051361314952373505,-0.05559670552611351,0.29887983202934265,0.2331680953502655,0.301662415266037,0.27898114919662476,-0.7042092680931091,0.12407928705215454,-0.3451084494590759,0.0,0.0,0.0,0.0,0.0,0.0,0.0
24806586642,0,0.014402699656784534,0.04445502907037735,-0.7482571601867676,6.569455581484362e-05,-0.04113857448101044,-0.8442511558532715,-0.011401810683310032,-0.05160430073738098,-0.038631800562143326,-0.028674153611063957,-0.17118807137012482,-0.0959939956665039,0.005585207603871822,-0.009037423878908157,0.08423194289207458,0.0,0.0,-0.0047828578390181065,0.08713890612125397,0.06190675124526024,-0.06021058186888695,-0.04966779425740242,0.06570740044116974,-0.10580480843782425,-0.4988411068916321,-1.8282721042633057,-47.1596565246582,-0.39912211894989014,0.31517452001571655,-0.032376065850257874,-0.19385969638824463,0.26237449049949646,-0.3068304657936096,0.18879146873950958,12.53704833984375,9.868674278259277,12.728513717651367,12.11402416229248,-0.08432617038488388,0.021464843302965164,0.055195312947034836,-0.055195312947034836,0.0,-0.08252738416194916,0.026278875768184662,0.04810284823179245,-0.056224144995212555,0.0,-0.41029825806617737,-0.39007997512817383,-9.974260330200195,-0.09069838374853134,-0.33241310715675354,-8.574482917785645,0.0,0.0,0.0,0.0,0.0,0.0,0.0,0.0,0.0,0.0,0.0,0.0,-0.0833643302321434,0.02652890607714653,0.050576671957969666,-0.05617523565888405,0.29113540053367615,0.2386084347963333,0.2948492169380188,0.2829044759273529,-0.8568065762519836,0.24932028353214264,-0.4418487548828125,0.0,0.0,0.0,0.0,0.0,0.0,0.0
24816401686,0,0.013835121877491474,0.044385120272636414,-0.7485170364379883,6.569455581484362e-05,-0.04113857448101044,-0.8442511558532715,-0.018168773502111435,-0.0572812482714653,-0.03805599361658096,-0.02753899246454239,-0.17104823887348175,-0.0957341194152832,0.006100961938500404,-0.008373942226171494,0.08336802572011948,0.0,0.0,-0.0047828578390181065,0.08713890612125397,0.06190675124526024,-0.06021058186888695,-0.04966779425740242,0.06570740044116974,-0.10580480843782425,-0.40548330545425415,-1.7729134559631348,-47.195518493652344,-0.39749106764793396,0.3085513710975647,-0.02606000006198883,-0.19468817114830017,0.26237449049949646,-0.3068304657936096,0.18879146873950958,12.37940502166748,10.048304557800293,12.587406158447266,12.268054008483887,-0.0827929675579071,0.019931640475988388,0.055195312947034836,-0.055195312947034836,0.0,-0.07939231395721436,0.02705681137740612,0.04438924416899681,-0.0566878542304039,0.0,-0.2824009954929352,-0.5277205109596252,-9.64224910736084,-0.07372424006462097,-0.3223479092121124,-8.581003189086914,0.0,0.0,0.0,0.0,0.0,0.0,0.0,0.0,0.0,0.0,0.0,0.0,-0.08275461196899414,0.026748480275273323,0.04962039366364479,-0.0565066859126091,0.29113540053367615,0.2386084347963333,0.2948492169380188,0.2829044759273529,-0.8568065762519836,0.24932028353214264,-0.4418487548828125,0.0,0.0,0.0,0.0,0.0,0.0,0.0
24826555764,0,0.013835121877491474,0.044385120272636414,-0.7485170364379883,6.569455581484362e-05,-0.04113857448101044,-0.8442511558532715,-0.018168773502111435,-0.0572812482714653,-0.03805599361658096,-0.02753899246454239,-0.17104823887348175,-0.0957341194152832,0.006100961938500404,-0.008373942226171494,0.08336802572011948,0.0,0.0,-0.0047828578390181065,0.05624312907457352,0.05195426940917969,-0.0666726604104042,-0.060909878462553024,0.057336606085300446,-0.10372580587863922,-0.40548330545425415,-1.7729134559631348,-47.195518493652344,-0.39749106764793396,0.3085513710975647,-0.02606000006198883,-0.19468817114830017,0.26434943079948425,-0.30769041180610657,0.18970955908298492,12.37940502166748,10.048304557800293,12.587406158447266,12.268054008483887,-0.08432617038488388,0.021464843302965164,0.055195312947034836,-0.055195312947034836,0.0,-0.07939231395721436,0.02705681137740612,0.04438924416899681,-0.0566878542304039,0.0,-0.2824009954929352,-0.5277205109596252,-9.64224910736084,-0.07372424006462097,-0.3223479092121124,-8.581003189086914,0.0,0.0,0.0,0.0,0.0,0.0,0.0,0.0,0.0,0.0,0.0,0.0,-0.081978939473629,0.026877474039793015,0.048356108367443085,-0.05668173357844353,0.28807222843170166,0.24219076335430145,0.2921128273010254,0.2859056293964386,-1.5638622045516968,-0.2536768615245819,-0.3053072988986969,0.0,0.0,0.0,0.0,0.0,0.0,0.0
24836563416,0,0.01216746773570776,0.04411425068974495,-0.7492807507514954,6.569455581484362e-05,-0.04113857448101044,-0.8442511558532715,-0.014294628985226154,-0.06231686472892761,-0.031198736280202866,-0.024203667417168617,-0.17050649225711823,-0.09497040510177612,0.007394545711576939,-0.007167734205722809,0.08112818747758865,0.0,0.0,-0.0047828578390181065,0.05624312907457352,0.05195426940917969,-0.0666726604104042,-0.060909878462553024,0.057336606085300446,-0.10372580587863922,-0.39808952808380127,-1.71650230884552,-47.460941314697266,-0.39749106764793396,0.3085513710975647,-0.02606000006198883,-0.19468817114830017,0.26434943079948425,-0.30769041180610657,0.18970955908298492,12.374809265136719,10.286552429199219,12.457059860229492,12.42868709564209,-0.08432617038488388,0.024531250819563866,0.05672851577401161,-0.05366211012005806,0.0,-0.07759325206279755,0.024744704365730286,0.0430414080619812,-0.05455789342522621,0.0,-0.2824009954929352,-0.5277205109596252,-9.64224910736084,-0.07338856160640717,-0.3117574155330658,-8.631326675415039,0.0,0.0,0.0,0.0,0.0,0.0,0.0,0.0,0.0,0.0,0.0,0.0,-0.08103717118501663,0.026867344975471497,0.046940140426158905,-0.056670691817998886,0.28807222843170166,0.24219076335430145,0.2921128273010254,0.2859056293964386,-1.5638622045516968,-0.2536768615245819,-0.3053072988986969,0.0,0.0,0.0,0.0,0.0,0.0,0.0
24846450350,0,0.01216746773570776,0.04411425068974495,-0.7492807507514954,6.569455581484362e-05,-0.04113857448101044,-0.8442511558532715,-0.014294628985226154,-0.06231686472892761,-0.031198736280202866,-0.024203667417168617,-0.17050649225711823,-0.09497040510177612,0.007394545711576939,-0.007167734205722809,0.08112818747758865,0.0,0.0,-0.0047828578390181065,0.029099151492118835,0.04811481013894081,-0.06405659765005112,-0.05880843102931976,0.05235273018479347,-0.1030411422252655,-0.39808952808380127,-1.71650230884552,-47.460941314697266,-0.36425328254699707,0.31695929169654846,-0.020750805735588074,-0.19618403911590576,0.2676455080509186,-0.3093304932117462,0.19114577770233154,12.374809265136719,10.286552429199219,12.457059860229492,12.42868709564209,-0.08432617038488388,0.024531250819563866,0.055195312947034836,-0.052128907293081284,0.0,-0.07772503793239594,0.024586595594882965,0.04291075840592384,-0.05468892306089401,0.0,-0.05439601093530655,-0.6248844861984253,-9.68921947479248,-0.07338856160640717,-0.3117574155330658,-8.631326675415039,0.0,0.0,0.0,0.0,0.0,0.0,0.0,0.0,0.0,0.0,0.0,0.0,-0.08002757281064987,0.026570048183202744,0.04558048024773598,-0.05637969449162483,0.2879829406738281,0.24693156778812408,0.28958195447921753,0.2890303432941437,-2.157618284225464,-0.26525646448135376,0.014973361045122147,0.0,0.0,0.0,0.0,0.0,0.0,0.0
24856343113,0,0.011619141325354576,0.04397493600845337,-0.7495426535606384,6.569455581484362e-05,-0.04113857448101044,-0.8442511558532715,-0.013079294934868813,-0.0614982433617115,-0.03140725940465927,-0.023107009008526802,-0.17022787034511566,-0.09470850229263306,0.007670082617551088,-0.0068588568829,0.08052510768175125,0.0,0.0,-0.0047828578390181065,0.004685308784246445,0.04102301597595215,-0.0583571195602417,-0.05539894476532936,0.04856165871024132,-0.10119310021400452,-0.4036370813846588,-1.7146657705307007,-47.47229766845703,-0.3318931460380554,0.3186444640159607,-0.024228766560554504,-0.19696441292762756,0.26899954676628113,-0.31026604771614075,0.1918775886297226,12.515835762023926,10.248358726501465,12.493826866149902,12.297142028808594,-0.0827929675579071,0.021464843302965164,0.055195312947034836,-0.05366211012005806,0.0,-0.07702064514160156,0.02434062398970127,0.04282154142856598,-0.05513099953532219,0.0,0.12052053958177567,-0.38740482926368713,-9.678135871887207,-0.07355440407991409,-0.31296199560165405,-8.62779426574707,0.0,0.0,0.0,0.0,0.0,0.0,0.0,0.0,0.0,0.0,0.0,0.0,-0.07906758040189743,0.02605378068983555,0.044421058148145676,-0.055938929319381714,0.2907235324382782,0.24617226421833038,0.29029613733291626,0.2864719033241272,-2.4406754970550537,-0.4633691906929016,0.3376716673374176,0.0,0.0,0.0,0.0,0.0,0.0,0.0
24866264052,0,0.010548400692641735,0.04355399310588837,-0.7500534653663635,6.569455581484362e-05,-0.04113857448101044,-0.8442511558532715,-0.019683199003338814,-0.056590963155031204,-0.03203006833791733,-0.020965516567230225,-0.16938598453998566,-0.09419769048690796,0.006864511873573065,-0.006225008051842451,0.07952825725078583,0.0,0.0,-0.0047828578390181065,-0.014812486246228218,0.033105261623859406,-0.05311935395002365,-0.05539894476532936,0.04856165871024132,-0.10119310021400452,-0.4036370813846588,-1.7146657705307007,-47.47229766845703,-0.3318931460380554,0.3186444640159607,-0.024228766560554504,-0.19696441292762756,0.26899954676628113,-0.31026604771614075,0.1918775886297226,12.979536056518555,9.947470664978027,12.721633911132812,11.853782653808594,-0.0827929675579071,0.019931640475988388,0.05366211012005806,-0.055195312947034836,0.0,-0.07426388561725616,0.025077026337385178,0.042054276913404465,-0.05719524249434471,0.0,0.12052053958177567,-0.38740482926368713,-9.678135871887207,-0.0564807690680027,-0.32257983088493347,-8.6212158203125,0.0,0.0,0.0,0.0,0.0,0.0,0.0,0.0,0.0,0.0,0.0,0.0,-0.0781230479478836,0.02552906796336174,0.043524403125047684,-0.05564790219068527,0.2907235324382782,0.24617226421833038,0.29029613733291626,0.2864719033241272,-2.284496307373047,-0.6623064279556274,0.48350825905799866,0.0,0.0,0.0,0.0,0.0,0.0,0.0
24876360557,0,0.010548400692641735,0.04355399310588837,-0.7500534653663635,6.569455581484362e-05,-0.04113857448101044,-0.8442511558532715,-0.019683199003338814,-0.056590963155031204,-0.03203006833791733,-0.020965516567230225,-0.16938598453998566,-0.09419769048690796,0.006864511873573065,-0.006225008051842451,0.07952825725078583,0.0,0.0,-0.0047828578390181065,-0.04344015195965767,0.012955620884895325,-0.04558412358164787,-0.049387142062187195,0.046580277383327484,-0.10068430006504059,-0.3106442391872406,-1.7741891145706177,-47.41668701171875,-0.271115779876709,0.3326924443244934,-0.03853420913219452,-0.1983799785375595,0.2704484164714813,-0.3121761381626129,0.19352984428405762,12.979536056518555,9.947470664978027,12.721633911132812,11.853782653808594,-0.08125976473093033,0.019931640475988388,0.052128907293081284,-0.055195312947034836,0.0,-0.07346856594085693,0.030345117673277855,0.04100224748253822,-0.06188233569264412,0.0,0.049418285489082336,-0.225629523396492,-9.901248931884766,-0.0564807690680027,-0.32257983088493347,-8.6212158203125,0.0,0.0,0.0,0.0,0.0,0.0,0.0,0.0,0.0,0.0,0.0,0.0,-0.07703687995672226,0.025396646931767464,0.042799003422260284,-0.055911287665367126,0.2997075319290161,0.24018079042434692,0.294715940952301,0.2778231203556061,-1.4460442066192627,-0.8623737096786499,0.4282688498497009,0.0,0.0,0.0,0.0,0.0,0.0,0.0
24886866628,0,0.009512273594737053,0.043087977916002274,-0.7505686283111572,6.569455581484362e-05,-0.04113857448101044,-0.8442511558532715,-0.020278455689549446,-0.05349613353610039,-0.03358126059174538,-0.018893253058195114,-0.16845394670963287,-0.09368252754211426,0.005563653074204922,-0.005889526568353176,0.07877432554960251,0.0,0.0,-0.0047828578390181065,-0.04344015195965767,0.012955620884895325,-0.04558412358164787,-0.049387142062187195,0.046580277383327484,-0.10068430006504059,-0.2820657789707184,-1.8004424571990967,-47.345855712890625,-0.25682955980300903,0.3570712208747864,-0.0411548912525177,-0.19977761805057526,0.27091994881629944,-0.3144754469394684,0.19547685980796814,13.08563232421875,9.84794807434082,12.70892333984375,11.786214828491211,-0.07972656190395355,0.021464843302965164,0.052128907293081284,-0.055195312947034836,0.0,-0.07292527705430984,0.03246704488992691,0.04085890203714371,-0.06401478499174118,0.0,-0.23379983007907867,-0.331516832113266,-9.719672203063965,-0.05128468945622444,-0.32735317945480347,-8.60833740234375,0.0,0.0,0.0,0.0,0.0,0.0,0.0,0.0,0.0,0.0,0.0,0.0,-0.07585586607456207,0.026099510490894318,0.042152609676122665,-0.05702478811144829,0.301757276058197,0.2381945699453354,0.29446956515312195,0.27650177478790283,-1.4460442066192627,-0.8623737096786499,0.4282688498497009,0.0,0.0,0.0,0.0,0.0,0.0,0.0
24896701213,0,0.008990472182631493,0.04282703623175621,-0.7508230805397034,6.569455581484362e-05,-0.04113857448101044,-0.8442511558532715,-0.019163891673088074,-0.05338152125477791,-0.03439309448003769,-0.017849644646048546,-0.16793206334114075,-0.09342807531356812,0.005086115095764399,-0.005786027759313583,0.07854138314723969,0.0,0.0,-0.0047828578390181065,-0.057733699679374695,0.00986238569021225,-0.044109027832746506,-0.049387142062187195,0.046580277383327484,-0.10068430006504059,-0.28210189938545227,-1.7961299419403076,-47.31163787841797,-0.2356831133365631,0.35693565011024475,-0.040793344378471375,-0.20052622258663177,0.27091994881629944,-0.3144754469394684,0.19547685980796814,13.100275039672852,9.881673812866211,12.658775329589844,11.754815101623535,-0.07819335907697678,0.02299804612994194,0.05059570446610451,-0.05672851577401161,0.0,-0.07279015332460403,0.03211815655231476,0.04083699733018875,-0.06412431597709656,0.0,-0.23379983007907867,-0.331516832113266,-9.719672203063965,-0.05129125341773033,-0.3265690803527832,-8.602115631103516,0.0,0.0,0.0,0.0,0.0,0.0,0.0,0.0,0.0,0.0,0.0,0.0,-0.07475308328866959,0.027506185695528984,0.04160157963633537,-0.05876894295215607,0.301757276058197,0.2381945699453354,0.29446956515312195,0.27650177478790283,-1.3918381929397583,-0.5706640481948853,0.3573906719684601,0.0,0.0,0.0,0.0,0.0,0.0,0.0
24906387214,0,0.008990472182631493,0.04282703623175621,-0.7508230805397034,6.569455581484362e-05,-0.04113857448101044,-0.8442511558532715,-0.019163891673088074,-0.05338152125477791,-0.03439309448003769,-0.017849644646048546,-0.16793206334114075,-0.09342807531356812,0.005086115095764399,-0.005786027759313583,0.07854138314723969,0.0,0.0,-0.0047828578390181065,-0.057733699679374695,0.00986238569021225,-0.044109027832746506,-0.035874463617801666,0.04416869208216667,-0.09970210492610931,-0.28210189938545227,-1.7961299419403076,-47.31163787841797,-0.2356831133365631,0.35693565011024475,-0.040793344378471375,-0.20052622258663177,0.2709018290042877,-0.3158330023288727,0.1965688169002533,13.100275039672852,9.881673812866211,12.658775329589844,11.754815101623535,-0.07666015625,0.02299804612994194,0.05059570446610451,-0.055195312947034836,0.0,-0.07279015332460403,0.03211815655231476,0.04083699733018875,-0.06412431597709656,0.0,-0.05568607151508331,-0.1937122344970703,-9.96323299407959,-0.05129125341773033,-0.3265690803527832,-8.602115631103516,0.0,0.0,0.0,0.0,0.0,0.0,0.0,0.0,0.0,0.0,0.0,0.0,-0.07385473698377609,0.02906513772904873,0.0411905013024807,-0.06060990318655968,0.30203983187675476,0.23886790871620178,0.2934974730014801,0.2758873403072357,-1.3918381929397583,-0.5706640481948853,0.3573906719684601,0.0,0.0,0.0,0.0,0.0,0.0,0.0
24916507244,0,0.00797162763774395,0.04225516691803932,-0.7512964010238647,6.569455581484362e-05,-0.04113857448101044,-0.8442511558532715,-0.021191339939832687,-0.06063646450638771,-0.03867293521761894,-0.015811946243047714,-0.16678830981254578,-0.09295475482940674,0.0033748201094567776,-0.005362088792026043,0.07788664847612381,0.0,0.0,-0.0047828578390181065,-0.09390942752361298,0.013182416558265686,-0.045549988746643066,-0.035874463617801666,0.04416869208216667,-0.09970210492610931,-0.22900047898292542,-1.7073535919189453,-47.14202117919922,-0.1831441968679428,0.34976792335510254,-0.03644748032093048,-0.20190899074077606,0.2709018290042877,-0.3158330023288727,0.1965688169002533,13.012957572937012,10.041606903076172,12.438264846801758,11.726872444152832,-0.07359375059604645,0.02299804612994194,0.04906250163912773,-0.05672851577401161,0.0,-0.0695306807756424,0.030200006440281868,0.03740447759628296,-0.06332799792289734,0.0,-0.05568607151508331,-0.1937122344970703,-9.96323299407959,-0.041636452078819275,-0.3104279339313507,-8.571276664733887,0.0,0.0,0.0,0.0,0.0,0.0,0.0,0.0,0.0,0.0,0.0,0.0,-0.0730661004781723,0.030306728556752205,0.04076475277543068,-0.06212707981467247,0.30203983187675476,0.23886790871620178,0.2934974730014801,0.2758873403072357,-1.691292405128479,-0.011251035146415234,0.08549036830663681,0.0,0.0,0.0,0.0,0.0,0.0,0.0
24926648495,0,0.00797162763774395,0.04225516691803932,-0.7512964010238647,6.569455581484362e-05,-0.04113857448101044,-0.8442511558532715,-0.021191339939832687,-0.06063646450638771,-0.03867293521761894,-0.01382263284176588,-0.16542969644069672,-0.09248167276382446,0.0033748201094567776,-0.005362088792026043,0.07788664847612381,0.0,0.0,-0.0047828578390181065,-0.10001050680875778,0.020855549722909927,-0.050862569361925125,-0.016652939841151237,0.04154415428638458,-0.09769700467586517,-0.22900047898292542,-1.7073535919189453,-47.14202117919922,-0.1831441968679428,0.34976792335510254,-0.03644748032093048,-0.20190899074077606,0.2700869143009186,-0.31825968623161316,0.19859671592712402,13.012957572937012,10.041606903076172,12.438264846801758,11.726872444152832,-0.07206054776906967,0.024531250819563866,0.04906250163912773,-0.05826171860098839,0.0,-0.0695306807756424,0.030200006440281868,0.03740447759628296,-0.06332799792289734,0.0,-0.29430091381073,0.05299104005098343,-10.163813591003418,-0.02654809132218361,-0.3032122254371643,-8.601797103881836,0.0,0.0,0.0,0.0,0.0,0.0,0.0,0.0,0.0,0.0,0.0,0.0,-0.07217623293399811,0.030986152589321136,0.04009365290403366,-0.06313158571720123,0.3003535270690918,0.24205724895000458,0.2892165184020996,0.27534019947052,-1.1259541511535645,0.39682936668395996,-0.16797706484794617,0.0,0.0,0.0,0.0,0.0,0.0,0.0
24936952873,0,0.006976976525038481,0.04157585650682449,-0.751769483089447,6.569455581484362e-05,-0.04113857448101044,-0.8442511558532715,-0.02627471461892128,-0.06342542171478271,-0.035220369696617126,-0.01382263284176588,-0.16542969644069672,-0.09248167276382446,0.0012619971530511975,-0.004640319850295782,0.07650294899940491,0.0,0.0,-0.0047828578390181065,-0.10104013979434967,0.03186768293380737,-0.0556124784052372,-0.011944790370762348,0.03794952854514122,-0.09713135659694672,-0.17158852517604828,-1.6985005140304565,-47.11162567138672,-0.17847733199596405,0.3362055718898773,-0.029388755559921265,-0.2026471197605133,0.2693047523498535,-0.3194531798362732,0.19959549605846405,12.811369895935059,10.24187183380127,12.269647598266602,11.86734676361084,-0.07206054776906967,0.026064453646540642,0.04906250163912773,-0.059794921427965164,0.0,-0.06885617226362228,0.031207988038659096,0.03594256564974785,-0.06409472972154617,0.0,-0.30630213022232056,-0.15145176649093628,-9.817211151123047,-0.02654809132218361,-0.3032122254371643,-8.601797103881836,0.0,0.0,0.0,0.0,0.0,0.0,0.0,0.0,0.0,0.0,0.0,0.0,-0.07121928781270981,0.03122173435986042,0.03919993340969086,-0.06369723379611969,0.29645422101020813,0.24604342877864838,0.28593653440475464,0.27808836102485657,-0.6275860667228699,0.7257111072540283,-0.2923218607902527,0.0,0.0,0.0,0.0,0.0,0.0,0.0
24946550100,0,0.005964078940451145,0.04089551046490669,-0.7522060871124268,6.569455581484362e-05,-0.04113857448101044,-0.8442511558532715,-0.02473228983581066,-0.0660807266831398,-0.02442278154194355,-0.011796827428042889,-0.16406898200511932,-0.09204506874084473,-0.0003508119552861899,-0.003795921104028821,0.07534721493721008,0.0,0.0,-0.0047828578390181065,-0.10216664522886276,0.042895808815956116,-0.058488499373197556,0.002304983790963888,0.03021840937435627,-0.09615100920200348,-0.1319979876279831,-1.6062848567962646,-47.5306282043457,-0.17847733199596405,0.3362055718898773,-0.029388755559921265,-0.2026471197605133,0.2693047523498535,-0.3194531798362732,0.19959549605846405,12.679255485534668,10.6266450881958,12.211657524108887,12.084104537963867,-0.07359375059604645,0.026064453646540642,0.04752929508686066,-0.059794921427965164,0.0,-0.06589100509881973,0.028326043859124184,0.032295018434524536,-0.06140080466866493,0.0,-0.30630213022232056,-0.15145176649093628,-9.817211151123047,-0.024714302271604538,-0.2952491044998169,-8.682714462280273,0.0,0.0,0.0,0.0,0.0,0.0,0.0,0.0,0.0,0.0,0.0,0.0,-0.0702069103717804,0.03115561045706272,0.03805848956108093,-0.06388913094997406,0.29645422101020813,0.24604342877864838,0.28593653440475464,0.27808836102485657,-0.4528670907020569,0.9704931974411011,-0.30257827043533325,0.0,0.0,0.0,0.0,0.0,0.0,0.0
24956390139,0,0.005964078940451145,0.04089551046490669,-0.7522060871124268,6.569455581484362e-05,-0.04113857448101044,-0.8442511558532715,-0.02473228983581066,-0.0660807266831398,-0.02442278154194355,-0.011796827428042889,-0.16406898200511932,-0.09204506874084473,-0.0003508119552861899,-0.003795921104028821,0.07534721493721008,0.0,0.0,-0.0047828578390181065,-0.11090245097875595,0.05025811865925789,-0.06176554411649704,0.014318247325718403,0.025653565302491188,-0.09475865960121155,-0.1319979876279831,-1.6062848567962646,-47.5306282043457,-0.16251739859580994,0.2989314794540405,-0.02153320610523224,-0.20399251580238342,0.26766595244407654,-0.32113122940063477,0.20120638608932495,12.679255485534668,10.6266450881958,12.211657524108887,12.084104537963867,-0.07206054776906967,0.026064453646540642,0.04752929508686066,-0.059794921427965164,0.0,-0.066006600856781,0.028188372030854225,0.032175205647945404,-0.061522044241428375,0.0,-0.3254411816596985,0.14081062376499176,-9.807204246520996,-0.024714302271604538,-0.2952491044998169,-8.682714462280273,0.0,0.0,0.0,0.0,0.0,0.0,0.0,0.0,0.0,0.0,0.0,0.0,-0.06905472278594971,0.030727554112672806,0.03659633547067642,-0.06365420669317245,0.2938946783542633,0.2536781132221222,0.28480738401412964,0.28232109546661377,-0.5583357810974121,0.49604901671409607,-0.19444866478443146,0.0,0.0,0.0,0.0,0.0,0.0,0.0
24966478703,0,0.004942666739225388,0.04016175493597984,-0.7525681853294373,6.569455581484362e-05,-0.04113857448101044,-0.8442511558532715,-0.02245638333261013,-0.06624727696180344,-0.021542346104979515,-0.009753992781043053,-0.16260148584842682,-0.09168297052383423,-0.0018517803400754929,-0.003198013175278902,0.07418908178806305,0.0,0.0,-0.0047828578390181065,-0.113288015127182,0.049187373369932175,-0.060730013996362686,0.022999495267868042,0.02148274891078472,-0.09399515390396118,-0.13549846410751343,-1.605467438697815,-47.839195251464844,-0.12748531997203827,0.2899171710014343,-0.01967783272266388,-0.2053936868906021,0.26554444432258606,-0.32232797145843506,0.20273570716381073,12.746826171875,10.820756912231445,12.204304695129395,12.14019775390625,-0.07206054776906967,0.024531250819563866,0.04752929508686066,-0.059794921427965164,0.0,-0.06585050374269485,0.027400635182857513,0.032147493213415146,-0.061237137764692307,0.0,-0.29593542218208313,-0.15691114962100983,-9.95816421508789,-0.024636084213852882,-0.29190316796302795,-8.69803524017334,0.0,0.0,0.0,0.0,0.0,0.0,0.0,0.0,0.0,0.0,0.0,0.0,-0.06791306287050247,0.03001849167048931,0.0350656658411026,-0.06312648952007294,0.295204222202301,0.25751814246177673,0.2846640646457672,0.283414751291275,-0.5054382085800171,0.255595326423645,-0.06969671696424484,0.0,0.0,0.0,0.0,0.0,0.0,0.0
24976826204,0,0.004942666739225388,0.04016175493597984,-0.7525681853294373,6.569455581484362e-05,-0.04113857448101044,-0.8442511558532715,-0.02245638333261013,-0.06624727696180344,-0.021542346104979515,-0.008732507936656475,-0.16176627576351166,-0.09150892496109009,-0.0018517803400754929,-0.003198013175278902,0.07418908178806305,0.0,0.0,-0.0047828578390181065,-0.113288015127182,0.049187373369932175,-0.060730013996362686,0.022999495267868042,0.02148274891078472,-0.09399515390396118,-0.13549846410751343,-1.605467438697815,-47.839195251464844,-0.12748531997203827,0.2899171710014343,-0.01967783272266388,-0.2053936868906021,0.26554444432258606,-0.32232797145843506,0.20273570716381073,12.746826171875,10.820756912231445,12.204304695129395,12.14019775390625,-0.0705273449420929,0.02299804612994194,0.04599609225988388,-0.06132812425494194,0.0,-0.06585050374269485,0.027400635182857513,0.032147493213415146,-0.061237137764692307,0.0,-0.29593542218208313,-0.15691114962100983,-9.95816421508789,-0.015362074598670006,-0.29772868752479553,-8.691405296325684,0.0,0.0,0.0,0.0,0.0,0.0,0.0,0.0,0.0,0.0,0.0,0.0,-0.06697817891836166,0.029223041608929634,0.03377566114068031,-0.06253145635128021,0.295204222202301,0.25751814246177673,0.2846640646457672,0.283414751291275,-0.5054382085800171,0.255595326423645,-0.06969671696424484,0.0,0.0,0.0,0.0,0.0,0.0,0.0
24986337655,0,0.004431926645338535,0.03974416106939316,-0.7527422308921814,6.569455581484362e-05,-0.04113857448101044,-0.8442511558532715,-0.0261701513081789,-0.06280738115310669,-0.022066423669457436,-0.008732507936656475,-0.16176627576351166,-0.09150892496109009,-0.0029350011609494686,-0.0026565738953649998,0.07355369627475739,0.0,0.0,-0.0047828578390181065,-0.11333916336297989,0.04319535195827484,-0.05929926782846451,0.04311615601181984,0.014979361556470394,-0.09265314787626266,-0.08449140936136246,-1.6375077962875366,-47.802730560302734,-0.11603803932666779,0.2905721962451935,-0.020573407411575317,-0.20597849786281586,0.26446765661239624,-0.3227631151676178,0.2033747434616089,12.780376434326172,10.805732727050781,12.197961807250977,12.092174530029297,-0.0705273449420929,0.02299804612994194,0.044462889432907104,-0.06132812425494194,0.0,-0.06520141661167145,0.03009825013577938,0.03156207501888275,-0.0639662817120552,0.0,-0.10168274492025375,-0.054913874715566635,-10.094772338867188,-0.015362074598670006,-0.29772868752479553,-8.691405296325684,0.0,0.0,0.0,0.0,0.0,0.0,0.0,0.0,0.0,0.0,0.0,0.0,-0.06628036499023438,0.02861998975276947,0.032813772559165955,-0.06212587282061577,0.29585400223731995,0.25722113251686096,0.2845403552055359,0.282478392124176,-0.339903861284256,-0.1121743842959404,0.03641829639673233,0.0,0.0,0.0,0.0,0.0,0.0,0.0
24997295376,0,0.0034367810003459454,0.038819629698991776,-0.7531076669692993,6.569455581484362e-05,-0.04113857448101044,-0.8442511558532715,-0.027209799736738205,-0.063878633081913,-0.02397792786359787,-0.006742206402122974,-0.1599172055721283,-0.09114348888397217,-0.005451872479170561,-0.001800213591195643,0.07243640720844269,0.0,0.0,-0.0047828578390181065,-0.11423902958631516,0.04122022166848183,-0.05713710933923721,0.04311615601181984,0.014979361556470394,-0.09265314787626266,-0.04687829315662384,-1.6069375276565552,-47.704959869384766,-0.10156860947608948,0.2979424297809601,-0.023868337273597717,-0.20731160044670105,0.26446765661239624,-0.3227631151676178,0.2033747434616089,12.871106147766113,10.70924186706543,12.222220420837402,11.974740982055664,-0.06746093928813934,0.02299804612994194,0.04292968660593033,-0.06286133080720901,0.0,-0.06297722458839417,0.03046676516532898,0.029407527297735214,-0.06492405384778976,0.0,-0.10168274492025375,-0.054913874715566635,-10.094772338867188,-0.008523326367139816,-0.2921704649925232,-8.673628807067871,0.0,0.0,0.0,0.0,0.0,0.0,0.0,0.0,0.0,0.0,0.0,0.0,-0.06566540896892548,0.02848873659968376,0.032037343829870224,-0.06218428537249565,0.29585400223731995,0.25722113251686096,0.2845403552055359,0.282478392124176,-0.2823996841907501,-0.1123722568154335,0.11577780544757843,0.0,0.0,0.0,0.0,0.0,0.0,0.0
25009232703,0,0.002925413427874446,0.03833860903978348,-0.7532967925071716,6.569455581484362e-05,-0.04113857448101044,-0.8442511558532715,-0.02803957089781761,-0.06549426913261414,-0.02766387350857258,-0.005719466134905815,-0.1589551568031311,-0.09095436334609985,-0.006614190526306629,-0.0013617532094940543,0.07204748690128326,0.0,0.0,-0.0047828578390181065,-0.11423902958631516,0.04122022166848183,-0.05713710933923721,0.05241020396351814,0.011632642708718777,-0.09218686074018478,-0.023637328296899796,-1.579951286315918,-47.546138763427734,-0.10156860947608948,0.2979424297809601,-0.023868337273597717,-0.20731160044670105,0.261675089597702,-0.3238130509853363,0.20491109788417816,12.85062313079834,10.680643081665039,12.184568405151367,11.9002685546875,-0.06592773646116257,0.02299804612994194,0.04139648377895355,-0.06132812425494194,0.0,-0.06169317290186882,0.030424343422055244,0.028040410950779915,-0.0652194395661354,0.0,-0.04369005560874939,0.03885604813694954,-9.936121940612793,-0.004297696053981781,-0.2872638702392578,-8.644752502441406,0.0,0.0,0.0,0.0,0.0,0.0,0.0,0.0,0.0,0.0,0.0,0.0,-0.06491029262542725,0.02877022698521614,0.031206540763378143,-0.06268801540136337,0.29761049151420593,0.25531309843063354,0.2850130796432495,0.2801865041255951,-0.2823996841907501,-0.1123722568154335,0.11577780544757843,0.0,0.0,0.0,0.0,0.0,0.0,0.0
25016999518,0,0.002925413427874446,0.03833860903978348,-0.7532967925071716,6.569455581484362e-05,-0.04113857448101044,-0.8442511558532715,-0.02803957089781761,-0.06549426913261414,-0.02766387350857258,-0.005719466134905815,-0.1589551568031311,-0.09095436334609985,-0.006614190526306629,-0.0013617532094940543,0.07204748690128326,0.0,0.0,-0.0047828578390181065,-0.11109571158885956,0.0402241125702858,-0.056672729551792145,0.0616629533469677,0.007764740847051144,-0.09089065343141556,-0.023637328296899796,-1.579951286315918,-47.546138763427734,-0.09098611772060394,0.2936641275882721,-0.024346396327018738,-0.20787203311920166,0.2603456974029541,-0.32421875,0.2055978775024414,12.85062313079834,10.680643081665039,12.184568405151367,11.9002685546875,-0.06439453363418579,0.02299804612994194,0.04139648377895355,-0.06132812425494194,0.0,-0.06174066662788391,0.030367279425263405,0.027990391477942467,-0.06527072936296463,0.0,0.20949503779411316,0.013174421153962612,-10.138875007629395,-0.004297696053981781,-0.2872638702392578,-8.644752502441406,0.0,0.0,0.0,0.0,0.0,0.0,0.0,0.0,0.0,0.0,0.0,0.0,-0.06400670111179352,0.02921321988105774,0.030274463817477226,-0.06339161098003387,0.29721418023109436,0.25474709272384644,0.28427955508232117,0.27873191237449646,0.026429200544953346,-0.08538404107093811,0.058454569429159164,0.0,0.0,0.0,0.0,0.0,0.0,0.0
25026577042,0,0.0014727383386343718,0.03683331981301308,-0.7538929581642151,6.569455581484362e-05,-0.04113857448101044,-0.8442511558532715,-0.030788855627179146,-0.07089997828006744,-0.040031179785728455,-0.002814101753756404,-0.1559445559978485,-0.0903581976890564,-0.00903238169848919,-0.00028260218095965683,0.0705002173781395,0.0,0.0,-0.0047828578390181065,-0.10314503312110901,0.0402921587228775,-0.05870281159877777,0.0699298232793808,0.004693262279033661,-0.09012988954782486,-0.023637328296899796,-1.579951286315918,-47.546138763427734,-0.09098611772060394,0.2936641275882721,-0.024346396327018738,-0.20787203311920166,0.2603456974029541,-0.32421875,0.2055978775024414,12.593299865722656,10.758063316345215,11.941141128540039,11.94620418548584,-0.06439453363418579,0.02299804612994194,0.039863280951976776,-0.06132812425494194,0.0,-0.06300388276576996,0.030148684978485107,0.02856115810573101,-0.0650194063782692,0.0,0.20949503779411316,0.013174421153962612,-10.138875007629395,0.008655302226543427,-0.2713850736618042,-8.55530071258545,0.0,0.0,0.0,0.0,0.0,0.0,0.0,0.0,0.0,0.0,0.0,0.0,-0.06320024281740189,0.029636593535542488,0.029423220083117485,-0.0640704333782196,0.29721418023109436,0.25474709272384644,0.28427955508232117,0.27873191237449646,0.38918307423591614,-0.049902480095624924,-0.03981991112232208,0.0,0.0,0.0,0.0,0.0,0.0,0.0
25036508694,0,0.0014727383386343718,0.03683331981301308,-0.7538929581642151,6.569455581484362e-05,-0.04113857448101044,-0.8442511558532715,-0.030788855627179146,-0.07089997828006744,-0.040031179785728455,-0.002814101753756404,-0.1559445559978485,-0.0903581976890564,-0.00903238169848919,-0.00028260218095965683,0.0705002173781395,0.0,0.0,-0.0047828578390181065,-0.0772140845656395,0.03951428085565567,-0.06510438024997711,0.08259131759405136,-0.003351274412125349,-0.08829300105571747,0.008167056366801262,-1.505100965499878,-47.172607421875,-0.08766506612300873,0.2880653440952301,-0.018169566988945007,-0.20915347337722778,0.2570912837982178,-0.3250346779823303,0.20710784196853638,12.593299865722656,10.758063316345215,11.941141128540039,11.94620418548584,-0.06439453363418579,0.02299804612994194,0.038330078125,-0.06132812425494194,0.0,-0.06011471897363663,0.028603874146938324,0.02528548613190651,-0.06385961920022964,0.0,0.014863130636513233,0.22327814996242523,-9.618876457214355,0.008655302226543427,-0.2713850736618042,-8.55530071258545,0.0,0.0,0.0,0.0,0.0,0.0,0.0,0.0,0.0,0.0,0.0,0.0,-0.0625758245587349,0.029878126457333565,0.028668047860264778,-0.06453748792409897,0.29721418023109436,0.25474709272384644,0.28427955508232117,0.27873191237449646,1.0723967552185059,-0.08568097651004791,-0.18284359574317932,0.0,0.0,0.0,0.0,0.0,0.0,0.0
25046303255,0,0.0005362197989597917,0.03571513667702675,-0.7543526291847229,6.569455581484362e-05,-0.04113857448101044,-0.8442511558532715,-0.034096911549568176,-0.07562651485204697,-0.03877232223749161,-0.0009410551865585148,-0.15370818972587585,-0.08989852666854858,-0.010381556116044521,0.0005743692163378,0.06879531592130661,0.0,0.0,-0.0047828578390181065,-0.0772140845656395,0.03951428085565567,-0.06510438024997711,0.08259131759405136,-0.003351274412125349,-0.08829300105571747,0.11209631711244583,-1.4196741580963135,-47.14405822753906,-0.10545478761196136,0.28581443428993225,-0.010522693395614624,-0.2103007733821869,0.2570912837982178,-0.3250346779823303,0.20710784196853638,12.35949420928955,10.919844627380371,11.774409294128418,12.15183162689209,-0.06439453363418579,0.02299804612994194,0.039863280951976776,-0.06286133080720901,0.0,-0.05592839792370796,0.028665034100413322,0.019850347191095352,-0.06341981887817383,0.0,0.014863130636513233,0.22327814996242523,-9.618876457214355,0.020381148904561996,-0.2581225633621216,-8.571646690368652,0.0,0.0,0.0,0.0,0.0,0.0,0.0,0.0,0.0,0.0,0.0,0.0,-0.0617547407746315,0.029835868626832962,0.02757284790277481,-0.06467531621456146,0.29721418023109436,0.25474709272384644,0.28427955508232117,0.27873191237449646,1.0723967552185059,-0.08568097651004791,-0.18284359574317932,0.0,0.0,0.0,0.0,0.0,0.0,0.0
25056758503,0,0.0005362197989597917,0.03571513667702675,-0.7543526291847229,6.569455581484362e-05,-0.04113857448101044,-0.8442511558532715,-0.034096911549568176,-0.07562651485204697,-0.03877232223749161,-0.0009410551865585148,-0.15370818972587585,-0.08989852666854858,-0.010381556116044521,0.0005743692163378,0.06879531592130661,0.0,0.0,-0.0047828578390181065,-0.06841633468866348,0.034897804260253906,-0.06955475360155106,0.08879775553941727,-0.005200307350605726,-0.08727981150150299,0.11209631711244583,-1.4196741580963135,-47.14405822753906,-0.10545478761196136,0.28581443428993225,-0.010522693395614624,-0.2103007733821869,0.25427091121673584,-0.32560572028160095,0.20827403664588928,12.35949420928955,10.919844627380371,11.774409294128418,12.15183162689209,-0.06439453363418579,0.02299804612994194,0.039863280951976776,-0.06439453363418579,0.0,-0.05592839792370796,0.028665034100413322,0.019850347191095352,-0.06341981887817383,0.0,0.16334012150764465,0.09695403277873993,-10.014095306396484,0.020381148904561996,-0.2581225633621216,-8.571646690368652,0.0,0.0,0.0,0.0,0.0,0.0,0.0,0.0,0.0,0.0,0.0,0.0,-0.060468919575214386,0.02959621511399746,0.025859937071800232,-0.06453172117471695,0.2876850366592407,0.2594752311706543,0.2762707769870758,0.2836415469646454,0.9989696145057678,-0.28610846400260925,-0.24915914237499237,0.0,0.0,0.0,0.0,0.0,0.0,0.0
25066832653,0,8.975963282864541e-05,0.03512810543179512,-0.754604160785675,6.569455581484362e-05,-0.04113857448101044,-0.8442511558532715,-0.0325222983956337,-0.07668451964855194,-0.03458002582192421,-4.8130394134204835e-05,-0.1525341123342514,-0.08964699506759644,-0.011158878915011883,0.0008165254257619381,0.06794945895671844,0.0,0.0,-0.0047828578390181065,-0.05765725299715996,0.020568029955029488,-0.07443208992481232,0.0954817682504654,-0.006323752924799919,-0.0857444554567337,0.10733391344547272,-1.3938651084899902,-47.328887939453125,-0.10578566789627075,0.29038700461387634,-0.005259767174720764,-0.21089564263820648,0.25285643339157104,-0.3258850872516632,0.2087659388780594,12.279555320739746,11.090981483459473,11.682578086853027,12.33658504486084,-0.06286133080720901,0.024531250819563866,0.038330078125,-0.06439453363418579,0.0,-0.05573868006467819,0.02718936838209629,0.019313983619213104,-0.06164346635341644,0.0,0.1544308215379715,0.11856062710285187,-10.075608253479004,0.019515257328748703,-0.25343000888824463,-8.605252265930176,0.0,0.0,0.0,0.0,0.0,0.0,0.0,0.0,0.0,0.0,0.0,0.0,-0.058989930897951126,0.029238447546958923,0.02388382889330387,-0.06417397409677505,0.28612956404685974,0.26285049319267273,0.2744729220867157,0.2872394025325775,0.7657976746559143,-0.6910488605499268,-0.1369214802980423,0.0,0.0,0.0,0.0,0.0,0.0,0.0
25076719594,0,-0.0007946788100525737,0.033886320888996124,-0.7551130652427673,6.569455581484362e-05,-0.04113857448101044,-0.8442511558532715,-0.031920500099658966,-0.08087363839149475,-0.031414467841386795,0.001720755361020565,-0.15005053579807281,-0.08913809061050415,-0.01199775468558073,0.0009669800056144595,0.06666877865791321,0.0,0.0,-0.0047828578390181065,-0.05765725299715996,0.020568029955029488,-0.07443208992481232,0.0954817682504654,-0.006323752924799919,-0.0857444554567337,0.12653860449790955,-1.3209435939788818,-47.44855499267578,-0.10049177706241608,0.3072628676891327,-0.0025061815977096558,-0.21194805204868317,0.25285643339157104,-0.3258850872516632,0.2087659388780594,12.27406120300293,11.172624588012695,11.610169410705566,12.453862190246582,-0.06286133080720901,0.024531250819563866,0.036796875298023224,-0.06592773646116257,0.0,-0.053199365735054016,0.025187784805893898,0.016530020162463188,-0.05962651968002319,0.0,0.1544308215379715,0.11856062710285187,-10.075608253479004,0.023007020354270935,-0.24017155170440674,-8.627010345458984,0.0,0.0,0.0,0.0,0.0,0.0,0.0,0.0,0.0,0.0,0.0,0.0,-0.0575542077422142,0.02866012044250965,0.021965008229017258,-0.06351998448371887,0.28612956404685974,0.26285049319267273,0.2744729220867157,0.2872394025325775,0.7657976746559143,-0.6910488605499268,-0.1369214802980423,0.0,0.0,0.0,0.0,0.0,0.0,0.0
25086691319,0,-0.0012328268494457006,0.0332462377846241,-0.7553746104240417,6.569455581484362e-05,-0.04113857448101044,-0.8442511558532715,-0.03020128607749939,-0.0777885764837265,-0.03235840052366257,0.0025970558635890484,-0.14877036213874817,-0.08887654542922974,-0.01226006168872118,0.000838454463519156,0.06621754914522171,0.0,0.0,-0.0047828578390181065,-0.05765725299715996,0.020568029955029488,-0.07443208992481232,0.09755180031061172,-0.005281081423163414,-0.0852021649479866,0.11637303233146667,-1.340345859527588,-47.40000915527344,-0.10432232916355133,0.3248276114463806,-0.0017976611852645874,-0.21248510479927063,0.24882012605667114,-0.32702910900115967,0.20981808006763458,12.264825820922852,11.145818710327148,11.559659957885742,12.493120193481445,-0.06286133080720901,0.026064453646540642,0.03373046964406967,-0.06592773646116257,0.0,-0.054140690714120865,0.025489071384072304,0.017456218600273132,-0.05974758788943291,0.0,0.09949076920747757,0.2663523256778717,-9.802562713623047,0.02115873247385025,-0.24369925260543823,-8.618183135986328,0.0,0.0,0.0,0.0,0.0,0.0,0.0,0.0,0.0,0.0,0.0,0.0,-0.05620507895946503,0.02784118428826332,0.0201895609498024,-0.06257852166891098,0.28602272272109985,0.2644588351249695,0.273054301738739,0.2895197570323944,0.7657976746559143,-0.6910488605499268,-0.1369214802980423,0.0,0.0,0.0,0.0,0.0,0.0,0.0
25096496916,0,-0.0012328268494457006,0.0332462377846241,-0.7553746104240417,6.569455581484362e-05,-0.04113857448101044,-0.8442511558532715,-0.03020128607749939,-0.0777885764837265,-0.03235840052366257,0.004325362853705883,-0.14618831872940063,-0.08833956718444824,-0.01226006168872118,0.000838454463519156,0.06621754914522171,0.0,0.0,-0.0047828578390181065,-0.039713092148303986,-0.00013698935799766332,-0.07796037197113037,0.09870684891939163,-0.0044022551737725735,-0.08452409505844116,0.11637303233146667,-1.340345859527588,-47.40000915527344,-0.10432232916355133,0.3248276114463806,-0.0017976611852645874,-0.21248510479927063,0.24882012605667114,-0.32702910900115967,0.20981808006763458,12.264825820922852,11.145818710327148,11.559659957885742,12.493120193481445,-0.06132812425494194,0.026064453646540642,0.032197266817092896,-0.06746093928813934,0.0,-0.054140690714120865,0.025489071384072304,0.017456218600273132,-0.05974758788943291,0.0,0.09949076920747757,0.2663523256778717,-9.802562713623047,0.023789886385202408,-0.2467171996831894,-8.578737258911133,0.0,0.0,0.0,0.0,0.0,0.0,0.0,0.0,0.0,0.0,0.0,0.0,-0.05511719360947609,0.0269904937595129,0.018769269809126854,-0.06158752366900444,0.28584277629852295,0.263931006193161,0.2720640003681183,0.29028236865997314,0.7939913272857666,-0.510490357875824,-0.05878115072846413,0.0,0.0,0.0,0.0,0.0,0.0,0.0
25106555646,0,-0.002530560363084078,0.03132104128599167,-0.7561932802200317,6.569455581484362e-05,-0.04113857448101044,-0.8442511558532715,-0.03235892578959465,-0.07350372523069382,-0.039202138781547546,0.005192535929381847,-0.1449199616909027,-0.08805787563323975,-0.012741281650960445,0.0008655710844323039,0.06425400078296661,0.0,0.0,-0.0047828578390181065,-0.039713092148303986,-0.00013698935799766332,-0.07796037197113037,0.09870684891939163,-0.0044022551737725735,-0.08452409505844116,0.1308443695306778,-1.3569445610046387,-47.18305587768555,-0.11457790434360504,0.3278033435344696,0.000800207257270813,-0.21314534544944763,0.24882012605667114,-0.32702910900115967,0.20981808006763458,12.130767822265625,11.13879108428955,11.452460289001465,12.523305892944336,-0.05672851577401161,0.027597656473517418,0.03373046964406967,-0.06592773646116257,0.0,-0.054860956966876984,0.02642723172903061,0.017622651532292366,-0.06053955852985382,0.0,0.09949076920747757,0.2663523256778717,-9.802562713623047,0.030952561646699905,-0.2454151064157486,-8.564672470092773,0.0,0.0,0.0,0.0,0.0,0.0,0.0,0.0,0.0,0.0,0.0,0.0,-0.05443519353866577,0.02633833885192871,0.017836136743426323,-0.060797154903411865,0.28584277629852295,0.263931006193161,0.2720640003681183,0.29028236865997314,0.7939913272857666,-0.510490357875824,-0.05878115072846413,0.0,0.0,0.0,0.0,0.0,0.0,0.0
25116350646,0,-0.002530560363084078,0.03132104128599167,-0.7561932802200317,6.569455581484362e-05,-0.04113857448101044,-0.8442511558532715,-0.03235892578959465,-0.07350372523069382,-0.039202138781547546,0.005192535929381847,-0.1449199616909027,-0.08805787563323975,-0.012741281650960445,0.0008655710844323039,0.06425400078296661,0.0,0.0,-0.0047828578390181065,-0.016613496467471123,0.01704392209649086,-0.07153238356113434,0.10559339076280594,-0.011803695932030678,-0.08141323179006577,0.1308443695306778,-1.3569445610046387,-47.18305587768555,-0.11457790434360504,0.3278033435344696,0.000800207257270813,-0.21314534544944763,0.2462238222360611,-0.32823675870895386,0.21034649014472961,12.130767822265625,11.13879108428955,11.452460289001465,12.523305892944336,-0.055195312947034836,0.027597656473517418,0.032197266817092896,-0.06439453363418579,0.0,-0.054860956966876984,0.02642723172903061,0.017622651532292366,-0.06053955852985382,0.0,-0.013192805461585522,0.5008766055107117,-9.920735359191895,0.030952561646699905,-0.2454151064157486,-8.564672470092773,0.0,0.0,0.0,0.0,0.0,0.0,0.0,0.0,0.0,0.0,0.0,0.0,-0.05414511263370514,0.02599072828888893,0.017330138012766838,-0.06032436713576317,0.2832310199737549,0.26379263401031494,0.26996049284935,0.2908686101436615,1.1863486766815186,0.5032493472099304,0.2636130154132843,0.0,0.0,0.0,0.0,0.0,0.0,0.0
25126578188,0,-0.003391029080376029,0.029991239309310913,-0.7567617297172546,6.569455581484362e-05,-0.04113857448101044,-0.8442511558532715,-0.03188575804233551,-0.0836319774389267,-0.03823021426796913,0.006913481745868921,-0.14226034283638,-0.08748942613601685,-0.013260914012789726,0.0016647952143102884,0.06305408477783203,0.0,0.0,-0.0047828578390181065,-0.016613496467471123,0.01704392209649086,-0.07153238356113434,0.10559339076280594,-0.011803695932030678,-0.08141323179006577,0.18516863882541656,-1.3019938468933105,-47.1161003112793,-0.13600359857082367,0.2963446378707886,-0.007131010293960571,-0.21404103934764862,0.2462238222360611,-0.32823675870895386,0.21034649014472961,12.228495597839355,10.941056251525879,11.715163230895996,12.292120933532715,-0.05366211012005806,0.026064453646540642,0.03066406212747097,-0.06439453363418579,0.0,-0.05133797973394394,0.02679568901658058,0.01384609006345272,-0.06174090504646301,0.0,-0.013192805461585522,0.5008766055107117,-9.920735359191895,0.035373471677303314,-0.2200251668691635,-8.571879386901855,0.0,0.0,0.0,0.0,0.0,0.0,0.0,0.0,0.0,0.0,0.0,0.0,-0.053972020745277405,0.02591731585562229,0.01696103811264038,-0.060186974704265594,0.2832310199737549,0.26379263401031494,0.26996049284935,0.2908686101436615,1.1863486766815186,0.5032493472099304,0.2636130154132843,0.0,0.0,0.0,0.0,0.0,0.0,0.0
25136291823,0,-0.003391029080376029,0.029991239309310913,-0.7567617297172546,6.569455581484362e-05,-0.04113857448101044,-0.8442511558532715,-0.03188575804233551,-0.0836319774389267,-0.03823021426796913,0.006913481745868921,-0.14226034283638,-0.08748942613601685,-0.013260914012789726,0.0016647952143102884,0.06305408477783203,0.0,0.0,-0.0047828578390181065,-0.0073900059796869755,0.02572464570403099,-0.0639205127954483,0.1084001287817955,-0.014193332754075527,-0.08096779137849808,0.18516863882541656,-1.3019938468933105,-47.1161003112793,-0.13600359857082367,0.2963446378707886,-0.007131010293960571,-0.21404103934764862,0.24383604526519775,-0.32906660437583923,0.21096178889274597,12.228495597839355,10.941056251525879,11.715163230895996,12.292120933532715,-0.05366211012005806,0.026064453646540642,0.027597656473517418,-0.06439453363418579,0.0,-0.05133797973394394,0.02679568901658058,0.01384609006345272,-0.06174090504646301,0.0,-0.008772613480687141,0.041022688150405884,-9.838042259216309,0.035373471677303314,-0.2200251668691635,-8.571879386901855,0.0,0.0,0.0,0.0,0.0,0.0,0.0,0.0,0.0,0.0,0.0,0.0,-0.05356336012482643,0.026026297360658646,0.016378935426473618,-0.060350727289915085,0.2851352393627167,0.2598937451839447,0.2751111686229706,0.28637415170669556,1.1195205450057983,0.6753882169723511,0.46359947323799133,0.0,0.0,0.0,0.0,0.0,0.0,0.0
25146420341,0,-0.0038263769820332527,0.029350213706493378,-0.7570432424545288,6.569455581484362e-05,-0.04113857448101044,-0.8442511558532715,-0.03317047655582428,-0.0909292921423912,-0.03867185115814209,0.007784182205796242,-0.14097827672958374,-0.08720791339874268,-0.013610011897981167,0.0019691218622028828,0.06268055737018585,0.0,0.0,-0.0047828578390181065,0.0025357743725180626,0.038681913167238235,-0.05899740010499954,0.1092495322227478,-0.0163078885525465,-0.08054323494434357,0.22471441328525543,-1.1174737215042114,-47.1203498840332,-0.1438545286655426,0.2844781279563904,-0.014868319034576416,-0.21450302004814148,0.242671936750412,-0.3292688727378845,0.21147045493125916,12.389575004577637,10.75523853302002,11.940742492675781,12.091897010803223,-0.05366211012005806,0.026064453646540642,0.026064453646540642,-0.06439453363418579,0.0,-0.044309284538030624,0.022444874048233032,0.006907723844051361,-0.05855948477983475,0.0,-0.0973546952009201,0.36778244376182556,-9.685418128967285,0.040857166051864624,-0.20317703485488892,-8.567336082458496,0.0,0.0,0.0,0.0,0.0,0.0,0.0,0.0,0.0,0.0,0.0,0.0,-0.05262748524546623,0.026021158322691917,0.015305192209780216,-0.060541022568941116,0.288269966840744,0.25622278451919556,0.27952253818511963,0.2824728190898895,0.7337346076965332,0.6456939578056335,0.14848542213439941,0.0,0.0,0.0,0.0,0.0,0.0,0.0
25157070391,0,-0.004686098080128431,0.028035296127200127,-0.757561981678009,6.569455581484362e-05,-0.04113857448101044,-0.8442511558532715,-0.030098365619778633,-0.097200907766819,-0.038045674562454224,0.00950363278388977,-0.13834843039512634,-0.08668917417526245,-0.013548353686928749,0.0024084551259875298,0.06176192685961723,0.0,0.0,-0.0047828578390181065,0.0025357743725180626,0.038681913167238235,-0.05899740010499954,0.1092495322227478,-0.0163078885525465,-0.08054323494434357,0.21704304218292236,-1.0189186334609985,-47.138580322265625,-0.14630348980426788,0.2642675042152405,-0.012477055191993713,-0.21534346044063568,0.242671936750412,-0.3292688727378845,0.21147045493125916,12.29615306854248,10.847440719604492,11.920273780822754,12.126811981201172,-0.05366211012005806,0.027597656473517418,0.024531250819563866,-0.06286133080720901,0.0,-0.042104851454496384,0.018706833943724632,0.004147303756326437,-0.05536412075161934,0.0,-0.0973546952009201,0.36778244376182556,-9.685418128967285,0.0394623726606369,-0.1852579414844513,-8.570651054382324,0.0,0.0,0.0,0.0,0.0,0.0,0.0,0.0,0.0,0.0,0.0,0.0,-0.05085483193397522,0.025386976078152657,0.0134202865883708,-0.06026831641793251,0.288269966840744,0.25622278451919556,0.27952253818511963,0.2824728190898895,0.7337346076965332,0.6456939578056335,0.14848542213439941,0.0,0.0,0.0,0.0,0.0,0.0,0.0
25167440408,0,-0.004686098080128431,0.028035296127200127,-0.757561981678009,6.569455581484362e-05,-0.04113857448101044,-0.8442511558532715,-0.030098365619778633,-0.097200907766819,-0.038045674562454224,0.00950363278388977,-0.13834843039512634,-0.08668917417526245,-0.013548353686928749,0.0024084551259875298,0.06176192685961723,0.0,0.0,-0.0047828578390181065,-0.0025692021008580923,0.038207631558179855,-0.06834877282381058,0.10840465873479843,-0.025227015838027,-0.07764965295791626,0.21704304218292236,-1.0189186334609985,-47.138580322265625,-0.14630348980426788,0.2642675042152405,-0.012477055191993713,-0.21534346044063568,0.2406572550535202,-0.3291988670825958,0.21267174184322357,12.29615306854248,10.847440719604492,11.920273780822754,12.126811981201172,-0.052128907293081284,0.027597656473517418,0.024531250819563866,-0.06132812425494194,0.0,-0.042104851454496384,0.018706833943724632,0.004147303756326437,-0.05536412075161934,0.0,-0.09105241298675537,0.16658349335193634,-9.482593536376953,0.0394623726606369,-0.1852579414844513,-8.570651054382324,0.0,0.0,0.0,0.0,0.0,0.0,0.0,0.0,0.0,0.0,0.0,0.0,-0.04847010225057602,0.024014851078391075,0.010909493081271648,-0.05937664955854416,0.2864525616168976,0.2580452561378479,0.27912265062332153,0.2831537127494812,0.03599794954061508,0.11397635191679001,-0.3996153473854065,0.0,0.0,0.0,0.0,0.0,0.0,0.0
25176474600,0,-0.005868204869329929,0.026135452091693878,-0.7582612633705139,6.569455581484362e-05,-0.04113857448101044,-0.8442511558532715,-0.031073570251464844,-0.09723170846700668,-0.032362200319767,0.011867858469486237,-0.13454872369766235,-0.08598989248275757,-0.013421737588942051,0.003314117668196559,0.0593179389834404,0.0,0.0,-0.0047828578390181065,-0.0025692021008580923,0.038207631558179855,-0.06834877282381058,0.10954930633306503,-0.026006342843174934,-0.07718131691217422,0.2401624619960785,-1.0026204586029053,-47.21336364746094,-0.12786680459976196,0.26599764823913574,-0.001922324299812317,-0.21621787548065186,0.23832517862319946,-0.328762948513031,0.21375203132629395,12.07958698272705,11.15783977508545,11.644571304321289,12.38219928741455,-0.052128907293081284,0.026064453646540642,0.026064453646540642,-0.059794921427965164,0.0,-0.041784197092056274,0.018317358568310738,0.0029670645017176867,-0.0544930137693882,0.0,0.08431141823530197,-0.13222381472587585,-9.653621673583984,0.04702344536781311,-0.1778157502412796,-8.611693382263184,0.0,0.0,0.0,0.0,0.0,0.0,0.0,0.0,0.0,0.0,0.0,0.0,-0.04610791429877281,0.022342585027217865,0.00837239995598793,-0.058157507330179214,0.28223294019699097,0.2641676068305969,0.27372851967811584,0.2881266474723816,0.03599794954061508,0.11397635191679001,-0.3996153473854065,0.0,0.0,0.0,0.0,0.0,0.0,0.0
25186199401,0,-0.006246848963201046,0.02547208033502102,-0.7584903836250305,6.569455581484362e-05,-0.04113857448101044,-0.8442511558532715,-0.031175687909126282,-0.09654609113931656,-0.028975462540984154,0.012625150382518768,-0.13322198390960693,-0.08576077222824097,-0.013791820034384727,0.003488365327939391,0.05853086709976196,0.0,0.0,-0.0047828578390181065,-0.009054377675056458,0.03216646984219551,-0.06997816264629364,0.10954930633306503,-0.026006342843174934,-0.07718131691217422,0.2586289644241333,-0.9779866337776184,-47.364315032958984,-0.11403880268335342,0.2734326720237732,0.0018646270036697388,-0.21657641232013702,0.23832517862319946,-0.328762948513031,0.21375203132629395,12.054622650146484,11.30123233795166,11.555121421813965,12.503158569335938,-0.05059570446610451,0.026064453646540642,0.024531250819563866,-0.05826171860098839,0.0,-0.04063796252012253,0.01785745471715927,0.0016375581035390496,-0.053821876645088196,0.0,0.08431141823530197,-0.13222381472587585,-9.653621673583984,0.048955220729112625,-0.17648008465766907,-8.635364532470703,0.0,0.0,0.0,0.0,0.0,0.0,0.0,0.0,0.0,0.0,0.0,0.0,-0.04411023110151291,0.020774129778146744,0.006120308768004179,-0.05689094215631485,0.28223294019699097,0.2641676068305969,0.27372851967811584,0.2881266474723816,-0.28924593329429626,-0.22562681138515472,-0.3888196349143982,0.0,0.0,0.0,0.0,0.0,0.0,0.0
25196773974,0,-0.006246848963201046,0.02547208033502102,-0.7584903836250305,6.569455581484362e-05,-0.04113857448101044,-0.8442511558532715,-0.031175687909126282,-0.09654609113931656,-0.028975462540984154,0.012625150382518768,-0.13322198390960693,-0.08576077222824097,-0.013791820034384727,0.003488365327939391,0.05853086709976196,0.0,0.0,-0.0047828578390181065,-0.016706302762031555,0.025135841220617294,-0.07055660337209702,0.11051303148269653,-0.02716423198580742,-0.07661648094654083,0.2586289644241333,-0.9779866337776184,-47.364315032958984,-0.11403880268335342,0.2734326720237732,0.0018646270036697388,-0.21657641232013702,0.23718003928661346,-0.3285768926143646,0.2141226977109909,12.054622650146484,11.30123233795166,11.555121421813965,12.503158569335938,-0.04906250163912773,0.024531250819563866,0.02299804612994194,-0.059794921427965164,0.0,-0.04063796252012253,0.01785745471715927,0.0016375581035390496,-0.053821876645088196,0.0,-0.022569986060261726,0.0020107519812881947,-9.550256729125977,0.048955220729112625,-0.17648008465766907,-8.635364532470703,0.0,0.0,0.0,0.0,0.0,0.0,0.0,0.0,0.0,0.0,0.0,0.0,-0.04253989830613136,0.019485753029584885,0.004246845375746489,-0.05573265999555588,0.281745970249176,0.2669892907142639,0.2719751298427582,0.2904773950576782,-0.5191625952720642,-0.43519437313079834,-0.3084387183189392,0.0,0.0,0.0,0.0,0.0,0.0,0.0
25206551426,0,-0.006246848963201046,0.02547208033502102,-0.7584903836250305,6.569455581484362e-05,-0.04113857448101044,-0.8442511558532715,-0.031175687909126282,-0.09654609113931656,-0.028975462540984154,0.014809961430728436,-0.12904731929302216,-0.08507311344146729,-0.013791820034384727,0.003488365327939391,0.05853086709976196,0.0,0.0,-0.0047828578390181065,-0.028406282886862755,0.013146220706403255,-0.06397350132465363,0.11424083262681961,-0.02757965959608555,-0.0747932493686676,0.2586289644241333,-0.9779866337776184,-47.364315032958984,-0.11403880268335342,0.2734326720237732,0.0018646270036697388,-0.21657641232013702,0.23718003928661346,-0.3285768926143646,0.2141226977109909,12.054622650146484,11.30123233795166,11.555121421813965,12.503158569335938,-0.04752929508686066,0.02299804612994194,0.019931640475988388,-0.059794921427965164,0.0,-0.04063796252012253,0.01785745471715927,0.0016375581035390496,-0.053821876645088196,0.0,-0.022569986060261726,0.0020107519812881947,-9.550256729125977,0.05200737342238426,-0.17397934198379517,-8.607410430908203,0.0,0.0,0.0,0.0,0.0,0.0,0.0,0.0,0.0,0.0,0.0,0.0,-0.04141663387417793,0.018551647663116455,0.002843968803063035,-0.054810404777526855,0.281745970249176,0.2669892907142639,0.2719751298427582,0.2904773950576782,-0.5914843082427979,-0.6116535067558289,0.08426780253648758,0.0,0.0,0.0,0.0,0.0,0.0,0.0
25218258976,0,-0.007339248899370432,0.023384764790534973,-0.7591780424118042,6.569455581484362e-05,-0.04113857448101044,-0.8442511558532715,-0.03033742494881153,-0.09370054304599762,-0.031457964330911636,0.014809961430728436,-0.12904731929302216,-0.08507311344146729,-0.014553109183907509,0.0036451497580856085,0.05724398419260979,0.0,0.0,-0.0047828578390181065,-0.03648649901151657,0.010551984421908855,-0.06431525945663452,0.11604651063680649,-0.02754167467355728,-0.07446004450321198,0.2820381820201874,-0.9602296948432922,-47.45075607299805,-0.08264784514904022,0.29369068145751953,-0.006327003240585327,-0.21758902072906494,0.23718003928661346,-0.3285768926143646,0.2141226977109909,12.361745834350586,11.132685661315918,11.700742721557617,12.302105903625488,-0.04599609225988388,0.021464843302965164,0.018398437649011612,-0.059794921427965164,0.0,-0.0385386161506176,0.018208494409918785,0.0002792233135551214,-0.054954659193754196,0.0,0.11237821727991104,0.369586706161499,-9.70052433013916,0.05200737342238426,-0.17397934198379517,-8.607410430908203,0.0,0.0,0.0,0.0,0.0,0.0,0.0,0.0,0.0,0.0,0.0,0.0,-0.04062366485595703,0.017980340868234634,0.0018687392584979534,-0.05422666668891907,0.281745970249176,0.2669892907142639,0.2719751298427582,0.2904773950576782,-0.6271806359291077,-0.46867719292640686,0.004462727345526218,0.0,0.0,0.0,0.0,0.0,0.0,0.0
25226774975,0,-0.0076660290360450745,0.02267628349363804,-0.7593901753425598,6.569455581484362e-05,-0.04113857448101044,-0.8442511558532715,-0.03011593036353588,-0.09391976147890091,-0.032558031380176544,0.015463524498045444,-0.127630352973938,-0.08486098051071167,-0.014806989580392838,0.003770288545638323,0.05686041712760925,0.0,0.0,-0.0047828578390181065,-0.03648649901151657,0.010551984421908855,-0.06431525945663452,0.11807475239038467,-0.028520476073026657,-0.07400137931108475,0.2860405445098877,-0.9568864107131958,-47.34075927734375,-0.0702277272939682,0.29381728172302246,-0.005004256963729858,-0.21796086430549622,0.23106078803539276,-0.3282029628753662,0.21565590798854828,12.318948745727539,11.15758991241455,11.620926856994629,12.287222862243652,-0.04292968660593033,0.019931640475988388,0.016865234822034836,-0.05826171860098839,0.0,-0.038494426757097244,0.018152499571442604,2.2875627109897323e-05,-0.05507323518395424,0.0,0.07566386461257935,0.4261963963508606,-9.807610511779785,0.053127799183130264,-0.17077209055423737,-8.597980499267578,0.0,0.0,0.0,0.0,0.0,0.0,0.0,0.0,0.0,0.0,0.0,0.0,-0.03994373232126236,0.017722688615322113,0.0011466372525319457,-0.054027117788791656,0.2868961989879608,0.26416271924972534,0.27326512336730957,0.286278635263443,-0.6271806359291077,-0.46867719292640686,0.004462727345526218,0.0,0.0,0.0,0.0,0.0,0.0,0.0
25236437145,0,-0.007959977723658085,0.02197623997926712,-0.7595977187156677,6.569455581484362e-05,-0.04113857448101044,-0.8442511558532715,-0.029853420332074165,-0.0958704724907875,-0.03413195163011551,0.01605142466723919,-0.12623025476932526,-0.08465343713760376,-0.01527414657175541,0.003900709794834256,0.05636104196310043,0.0,0.0,-0.0047828578390181065,-0.04338263347744942,0.008228172548115253,-0.06404636800289154,0.12898512184619904,-0.029920395463705063,-0.07245052605867386,0.292202889919281,-0.9392464756965637,-47.28889465332031,-0.05757035315036774,0.2942756414413452,-0.0046271830797195435,-0.2183215171098709,0.23106078803539276,-0.3282029628753662,0.21565590798854828,12.314937591552734,11.173179626464844,11.578782081604004,12.265228271484375,-0.04139648377895355,0.018398437649011612,0.015332031063735485,-0.05826171860098839,0.0,-0.037854984402656555,0.017728837206959724,-0.000737691530957818,-0.054872747510671616,0.0,0.07566386461257935,0.4261963963508606,-9.807610511779785,0.05423080921173096,-0.16410931944847107,-8.585206031799316,0.0,0.0,0.0,0.0,0.0,0.0,0.0,0.0,0.0,0.0,0.0,0.0,-0.03931444138288498,0.01765832118690014,0.000560873537324369,-0.054107289761304855,0.2868961989879608,0.26416271924972534,0.27326512336730957,0.286278635263443,-0.6177517771720886,-0.38880664110183716,-0.017023367807269096,0.0,0.0,0.0,0.0,0.0,0.0,0.0
25246264237,0,-0.007959977723658085,0.02197623997926712,-0.7595977187156677,6.569455581484362e-05,-0.04113857448101044,-0.8442511558532715,-0.029853420332074165,-0.0958704724907875,-0.03413195163011551,0.01605142466723919,-0.12623025476932526,-0.08465343713760376,-0.01527414657175541,0.003900709794834256,0.05636104196310043,0.0,0.0,-0.0047828578390181065,-0.04442436620593071,-0.00256771850399673,-0.05573408305644989,0.12898512184619904,-0.029920395463705063,-0.07245052605867386,0.292202889919281,-0.9392464756965637,-47.28889465332031,-0.05757035315036774,0.2942756414413452,-0.0046271830797195435,-0.2183215171098709,0.2289285808801651,-0.32813939452171326,0.21610048413276672,12.314937591552734,11.173179626464844,11.578782081604004,12.265228271484375,-0.039863280951976776,0.018398437649011612,0.013798828236758709,-0.05826171860098839,0.0,-0.037854984402656555,0.017728837206959724,-0.000737691530957818,-0.054872747510671616,0.0,0.023118510842323303,0.3023070693016052,-9.961718559265137,0.05423080921173096,-0.16410931944847107,-8.585206031799316,0.0,0.0,0.0,0.0,0.0,0.0,0.0,0.0,0.0,0.0,0.0,0.0,-0.03876513987779617,0.017659220844507217,6.825356103945524e-05,-0.05429721623659134,0.2868182361125946,0.2644697427749634,0.27243897318840027,0.28585055470466614,-0.151029571890831,-0.6202235817909241,0.33124426007270813,0.0,0.0,0.0,0.0,0.0,0.0,0.0
25256345246,0,-0.008588538505136967,0.020462611690163612,-0.7600191831588745,6.569455581484362e-05,-0.04113857448101044,-0.8442511558532715,-0.028522083535790443,-0.10545335710048676,-0.03407486900687218,0.01730855368077755,-0.12320298701524734,-0.08423197269439697,-0.016532745212316513,0.00386667693965137,0.05533808842301369,0.0,0.0,-0.0047828578390181065,-0.04442436620593071,-0.00256771850399673,-0.05573408305644989,0.1317935436964035,-0.029157742857933044,-0.07217912375926971,0.2983151376247406,-0.8444482684135437,-47.2100830078125,-0.04760764539241791,0.3077383041381836,-0.013655632734298706,-0.21886837482452393,0.22533585131168365,-0.32812610268592834,0.2168777883052826,12.554839134216309,10.921907424926758,11.748259544372559,12.02433967590332,-0.039863280951976776,0.016865234822034836,0.013798828236758709,-0.05826171860098839,0.0,-0.03433515131473541,0.015211066231131554,-0.0038144623395055532,-0.05341113731265068,0.0,0.030602920800447464,-0.09027297049760818,-9.960912704467773,0.05561888590455055,-0.1387580782175064,-8.584668159484863,0.0,0.0,0.0,0.0,0.0,0.0,0.0,0.0,0.0,0.0,0.0,0.0,-0.0381646603345871,0.017556359991431236,-0.00046467871288768947,-0.05442940071225166,0.2868182361125946,0.2644697427749634,0.27243897318840027,0.28585055470466614,-0.151029571890831,-0.6202235817909241,0.33124426007270813,0.0,0.0,0.0,0.0,0.0,0.0,0.0
25267052900,0,-0.008588538505136967,0.020462611690163612,-0.7600191831588745,6.569455581484362e-05,-0.04113857448101044,-0.8442511558532715,-0.028522083535790443,-0.10545335710048676,-0.03407486900687218,0.01730855368077755,-0.12320298701524734,-0.08423197269439697,-0.016532745212316513,0.00386667693965137,0.05533808842301369,0.0,0.0,-0.0047828578390181065,-0.048266202211380005,-0.024848833680152893,-0.05223778262734413,0.1317935436964035,-0.029157742857933044,-0.07217912375926971,0.2983151376247406,-0.8444482684135437,-47.2100830078125,-0.04760764539241791,0.3077383041381836,-0.013655632734298706,-0.21886837482452393,0.22533585131168365,-0.32812610268592834,0.2168777883052826,12.554839134216309,10.921907424926758,11.748259544372559,12.02433967590332,-0.038330078125,0.015332031063735485,0.012265625409781933,-0.05672851577401161,0.0,-0.03433515131473541,0.015211066231131554,-0.0038144623395055532,-0.05341113731265068,0.0,0.030602920800447464,-0.09027297049760818,-9.960912704467773,0.05561888590455055,-0.1387580782175064,-8.584668159484863,0.0,0.0,0.0,0.0,0.0,0.0,0.0,0.0,0.0,0.0,0.0,0.0,-0.037325065582990646,0.017189152538776398,-0.0012029705103486776,-0.05437393859028816,0.2868182361125946,0.2644697427749634,0.27243897318840027,0.28585055470466614,-0.26234254240989685,-1.167544960975647,0.27964216470718384,0.0,0.0,0.0,0.0,0.0,0.0,0.0
25277798490,0,-0.009190579876303673,0.018948566168546677,-0.7604410648345947,6.569455581484362e-05,-0.04113857448101044,-0.8442511558532715,-0.02571786567568779,-0.11894536018371582,-0.031494613736867905,0.01851264201104641,-0.12017488479614258,-0.08381009101867676,-0.01775585114955902,0.0029184080194681883,0.05431658402085304,0.0,0.0,-0.0047828578390181065,-0.048266202211380005,-0.024848833680152893,-0.05223778262734413,0.1343211829662323,-0.017473803833127022,-0.07079228013753891,0.3047712445259094,-0.654370129108429,-47.2629280090332,-0.027411267161369324,0.34391605854034424,-0.016411304473876953,-0.21939992904663086,0.22156143188476562,-0.3284881114959717,0.21780408918857574,12.72038459777832,10.841508865356445,11.743783950805664,11.991463661193848,-0.036796875298023224,0.015332031063735485,0.009199218824505806,-0.055195312947034836,0.0,-0.028468402102589607,0.009282005950808525,-0.009782036766409874,-0.0481850691139698,0.0,0.0766860768198967,-0.5525315403938293,-9.776734352111816,0.05425634607672691,-0.10531613975763321,-8.602119445800781,0.0,0.0,0.0,0.0,0.0,0.0,0.0,0.0,0.0,0.0,0.0,0.0,-0.036089781671762466,0.016370028257369995,-0.0023232577368617058,-0.053927913308143616,0.2946917414665222,0.2579282224178314,0.2756713926792145,0.28051307797431946,-0.26234254240989685,-1.167544960975647,0.27964216470718384,0.0,0.0,0.0,0.0,0.0,0.0,0.0
25286860107,0,-0.009693101048469543,0.0173290204256773,-0.7608775496482849,6.569455581484362e-05,-0.04113857448101044,-0.8442511558532715,-0.0215921513736248,-0.11610613763332367,-0.03505975008010864,0.01951768808066845,-0.11693578213453293,-0.08337360620498657,-0.01792558841407299,0.0013271179050207138,0.05349287763237953,0.0,0.0,-0.0047828578390181065,-0.03797828406095505,-0.0603746734559536,-0.0469314306974411,0.1343211829662323,-0.017473803833127022,-0.07079228013753891,0.26506543159484863,-0.5721138119697571,-47.23734664916992,-0.027411267161369324,0.34391605854034424,-0.016411304473876953,-0.21939992904663086,0.22156143188476562,-0.3284881114959717,0.21780408918857574,12.82984733581543,10.684043884277344,11.728253364562988,12.028631210327148,-0.036796875298023224,0.013798828236758709,0.009199218824505806,-0.05672851577401161,0.0,-0.02705242671072483,0.005382759962230921,-0.011077764444053173,-0.04444742947816849,0.0,0.0766860768198967,-0.5525315403938293,-9.776734352111816,0.04796982184052467,-0.10423819720745087,-8.573542594909668,0.0,0.0,0.0,0.0,0.0,0.0,0.0,0.0,0.0,0.0,0.0,0.0,-0.03428122401237488,0.014752879738807678,-0.004035055637359619,-0.05271751061081886,0.2946917414665222,0.2579282224178314,0.2756713926792145,0.28051307797431946,0.22385671734809875,-1.5191794633865356,0.22625920176506042,0.0,0.0,0.0,0.0,0.0,0.0,0.0
25297034525,0,-0.009693101048469543,0.0173290204256773,-0.7608775496482849,6.569455581484362e-05,-0.04113857448101044,-0.8442511558532715,-0.0215921513736248,-0.11610613763332367,-0.03505975008010864,0.01951768808066845,-0.11693578213453293,-0.08337360620498657,-0.01792558841407299,0.0013271179050207138,0.05349287763237953,0.0,0.0,-0.0047828578390181065,-0.008696666918694973,-0.08893594890832901,-0.04746481776237488,0.13550101220607758,0.00637639919295907,-0.06890090554952621,0.26506543159484863,-0.5721138119697571,-47.23734664916992,-0.0386362224817276,0.3964032828807831,-0.01856343448162079,-0.22001993656158447,0.21699582040309906,-0.32972589135169983,0.21906380355358124,12.82984733581543,10.684043884277344,11.728253364562988,12.028631210327148,-0.036796875298023224,0.013798828236758709,0.0076660155318677425,-0.05672851577401161,0.0,-0.027104973793029785,0.005319681949913502,-0.011135227978229523,-0.044503506273031235,0.0,0.1787615418434143,-0.14870639145374298,-9.969709396362305,0.04796982184052467,-0.10423819720745087,-8.573542594909668,0.0,0.0,0.0,0.0,0.0,0.0,0.0,0.0,0.0,0.0,0.0,0.0,-0.03212559223175049,0.012405472807586193,-0.006119386292994022,-0.05077117308974266,0.29681211709976196,0.25481438636779785,0.27536728978157043,0.2812385857105255,0.9503504037857056,-1.4349908828735352,0.050284355878829956,0.0,0.0,0.0,0.0,0.0,0.0,0.0
25306554361,0,-0.010138116776943207,0.015533920377492905,-0.7613900899887085,6.569455581484362e-05,-0.04113857448101044,-0.8442511558532715,-0.020360855385661125,-0.11896690726280212,-0.03792600333690643,0.020407725125551224,-0.11334555596113205,-0.08286106586456299,-0.017052430659532547,-0.0006062538013793528,0.05264310538768768,0.0,0.0,-0.0047828578390181065,-0.008696666918694973,-0.08893594890832901,-0.04746481776237488,0.13239704072475433,0.01424823235720396,-0.06828145682811737,0.24811789393424988,-0.5426865220069885,-47.11977005004883,-0.07629178464412689,0.44445347785949707,-0.015136376023292542,-0.22068223357200623,0.21254397928714752,-0.3320647180080414,0.22040781378746033,12.750678062438965,10.581478118896484,11.632447242736816,12.18623161315918,-0.036796875298023224,0.013798828236758709,0.0076660155318677425,-0.05672851577401161,0.0,-0.02698362246155739,0.0037536995951086283,-0.01166816707700491,-0.04264000430703163,0.0,-0.154647096991539,-0.36412370204925537,-9.8807373046875,0.04786228388547897,-0.0914427861571312,-8.55123233795166,0.0,0.0,0.0,0.0,0.0,0.0,0.0,0.0,0.0,0.0,0.0,0.0,-0.030130961909890175,0.009874136187136173,-0.008091979660093784,-0.04856882616877556,0.29441848397254944,0.2528872787952423,0.27237412333488464,0.2844274938106537,0.9503504037857056,-1.4349908828735352,0.050284355878829956,0.0,0.0,0.0,0.0,0.0,0.0,0.0
25316437289,0,-0.010343534871935844,0.014633039943873882,-0.761654794216156,6.569455581484362e-05,-0.04113857448101044,-0.8442511558532715,-0.020811280235648155,-0.11552006006240845,-0.037401191890239716,0.020818563178181648,-0.11154378950595856,-0.08259636163711548,-0.016673224046826363,-0.0016025276854634285,0.05213497206568718,0.0,0.0,-0.0047828578390181065,0.004118667915463448,-0.10140087455511093,-0.04805152118206024,0.13239704072475433,0.01424823235720396,-0.06828145682811737,0.2714489698410034,-0.5213879346847534,-47.06019592285156,-0.08455333113670349,0.46448683738708496,-0.015422135591506958,-0.22096259891986847,0.21254397928714752,-0.3320647180080414,0.22040781378746033,12.73858642578125,10.542993545532227,11.57169246673584,12.23664379119873,-0.03526367247104645,0.013798828236758709,0.0076660155318677425,-0.05672851577401161,0.0,-0.025794070214033127,0.0038066566921770573,-0.01311945728957653,-0.04254794493317604,0.0,-0.154647096991539,-0.36412370204925537,-9.8807373046875,0.04935435578227043,-0.09479780495166779,-8.55639934539795,0.0,0.0,0.0,0.0,0.0,0.0,0.0,0.0,0.0,0.0,0.0,0.0,-0.028519930317997932,0.007574491202831268,-0.009764393791556358,-0.04647338017821312,0.29441848397254944,0.2528872787952423,0.27237412333488464,0.2844274938106537,0.9612727761268616,-1.2899214029312134,0.02477807179093361,0.0,0.0,0.0,0.0,0.0,0.0,0.0
25326401288,0,-0.010343534871935844,0.014633039943873882,-0.761654794216156,6.569455581484362e-05,-0.04113857448101044,-0.8442511558532715,-0.020811280235648155,-0.11552006006240845,-0.037401191890239716,0.020818563178181648,-0.11154378950595856,-0.08259636163711548,-0.016673224046826363,-0.0016025276854634285,0.05213497206568718,0.0,0.0,-0.0047828578390181065,0.023731954395771027,-0.11577257513999939,-0.0528855100274086,0.13024470210075378,0.02976224385201931,-0.06687841564416885,0.2714489698410034,-0.5213879346847534,-47.06019592285156,-0.08455333113670349,0.46448683738708496,-0.015422135591506958,-0.22096259891986847,0.21083326637744904,-0.33337700366973877,0.22094780206680298,12.73858642578125,10.542993545532227,11.57169246673584,12.23664379119873,-0.03373046964406967,0.013798828236758709,0.004599609412252903,-0.055195312947034836,0.0,-0.025794070214033127,0.0038066566921770573,-0.01311945728957653,-0.04254794493317604,0.0,0.028453346341848373,-0.2718271315097809,-9.792237281799316,0.04935435578227043,-0.09479780495166779,-8.55639934539795,0.0,0.0,0.0,0.0,0.0,0.0,0.0,0.0,0.0,0.0,0.0,0.0,-0.027279483154416084,0.005745786242187023,-0.011139057576656342,-0.04472270980477333,0.295044481754303,0.2520208954811096,0.272300124168396,0.2852940857410431,0.8298588991165161,-0.8427689671516418,-0.12787438929080963,0.0,0.0,0.0,0.0,0.0,0.0,0.0
25337529244,0,-0.010699635371565819,0.012788726016879082,-0.7621545791625977,6.569455581484362e-05,-0.04113857448101044,-0.8442511558532715,-0.022412646561861038,-0.1125619038939476,-0.03222302719950676,0.021530767902731895,-0.10785514116287231,-0.08209657669067383,-0.016423936933279037,-0.003560705343261361,0.0509815439581871,0.0,0.0,-0.0047828578390181065,0.023731954395771027,-0.11577257513999939,-0.0528855100274086,0.13024470210075378,0.02976224385201931,-0.06687841564416885,0.29652392864227295,-0.5133686661720276,-47.277286529541016,-0.10783360153436661,0.49581021070480347,-0.009825274348258972,-0.2215585857629776,0.21083326637744904,-0.33337700366973877,0.22094780206680298,12.664482116699219,10.654094696044922,11.474386215209961,12.514433860778809,-0.03066406212747097,0.010732421651482582,0.0015332031762227416,-0.05366211012005806,0.0,-0.025072006508708,0.004272151738405228,-0.014306990429759026,-0.0421370230615139,0.0,0.028453346341848373,-0.2718271315097809,-9.792237281799316,0.05391344428062439,-0.09333975613117218,-8.595870018005371,0.0,0.0,0.0,0.0,0.0,0.0,0.0,0.0,0.0,0.0,0.0,0.0,-0.02636200562119484,0.004510059021413326,-0.012235353700816631,-0.043441444635391235,0.295044481754303,0.2520208954811096,0.272300124168396,0.2852940857410431,0.8298588991165161,-0.8427689671516418,-0.12787438929080963,0.0,0.0,0.0,0.0,0.0,0.0,0.0
25346228016,0,-0.010699635371565819,0.012788726016879082,-0.7621545791625977,6.569455581484362e-05,-0.04113857448101044,-0.8442511558532715,-0.022412646561861038,-0.1125619038939476,-0.03222302719950676,0.021530767902731895,-0.10785514116287231,-0.08209657669067383,-0.016423936933279037,-0.003560705343261361,0.0509815439581871,0.0,0.0,-0.0047828578390181065,0.03144894167780876,-0.11972986906766891,-0.05779532715678215,0.13024470210075378,0.02976224385201931,-0.06687841564416885,0.29652392864227295,-0.5133686661720276,-47.277286529541016,-0.10783360153436661,0.49581021070480347,-0.009825274348258972,-0.2215585857629776,0.20746590197086334,-0.3366850018501282,0.22197984158992767,12.664482116699219,10.654094696044922,11.474386215209961,12.514433860778809,-0.029130859300494194,0.009199218824505806,0.0015332031762227416,-0.05059570446610451,0.0,-0.025072006508708,0.004272151738405228,-0.014306990429759026,-0.0421370230615139,0.0,0.29283517599105835,-0.2737041413784027,-9.776106834411621,0.05391344428062439,-0.09333975613117218,-8.595870018005371,0.0,0.0,0.0,0.0,0.0,0.0,0.0,0.0,0.0,0.0,0.0,0.0,-0.02570604905486107,0.0038369386456906796,-0.013102015480399132,-0.04258955642580986,0.2936080992221832,0.25422170758247375,0.2703910171985626,0.2906964421272278,0.7154445052146912,-0.606071949005127,-0.2338297963142395,0.0,0.0,0.0,0.0,0.0,0.0,0.0
25356650889,0,-0.010969615541398525,0.01092603337019682,-0.7626123428344727,6.569455581484362e-05,-0.04113857448101044,-0.8442511558532715,-0.02077789232134819,-0.11580007523298264,-0.03166826441884041,0.022070730105042458,-0.10412973910570145,-0.08163881301879883,-0.01617707684636116,-0.005741483997553587,0.05004691705107689,0.0,0.0,-0.0047828578390181065,0.03144894167780876,-0.11972986906766891,-0.05779532715678215,0.12289317697286606,0.05171041190624237,-0.06536641716957092,0.29355576634407043,-0.4612120985984802,-47.33445739746094,-0.11743492633104324,0.50810307264328,-0.004590749740600586,-0.22186841070652008,0.20578303933143616,-0.3386906087398529,0.2223992794752121,12.551624298095703,10.765962600708008,11.354023933410645,12.693175315856934,-0.026064453646540642,0.0076660155318677425,0.0,-0.04752929508686066,0.0,-0.023938367143273354,0.0023861730005592108,-0.016020195558667183,-0.040033161640167236,0.0,0.25066885352134705,0.01593073271214962,-9.751155853271484,0.05227741599082947,-0.07924183458089828,-8.595973014831543,0.0,0.0,0.0,0.0,0.0,0.0,0.0,0.0,0.0,0.0,0.0,0.0,-0.025214148685336113,0.00349919474683702,-0.01382963266223669,-0.04199002683162689,0.2914184033870697,0.25643494725227356,0.2680271565914154,0.29416435956954956,0.7154445052146912,-0.606071949005127,-0.2338297963142395,0.0,0.0,0.0,0.0,0.0,0.0,0.0
25367106888,0,-0.011062059551477432,0.009953092783689499,-0.7628241777420044,6.569455581484362e-05,-0.04113857448101044,-0.8442511558532715,-0.016509830951690674,-0.11632020771503448,-0.03375716507434845,0.022070730105042458,-0.10412973910570145,-0.08163881301879883,-0.015839828178286552,-0.0068519157357513905,0.04974251613020897,0.0,0.0,-0.0047828578390181065,0.03394286707043648,-0.12252514064311981,-0.06022336706519127,0.12532232701778412,0.05584296956658363,-0.06536160409450531,0.29355576634407043,-0.4612120985984802,-47.33445739746094,-0.11743492633104324,0.50810307264328,-0.004590749740600586,-0.22186841070652008,0.20578303933143616,-0.3386906087398529,0.2223992794752121,12.551624298095703,10.765962600708008,11.354023933410645,12.693175315856934,-0.024531250819563866,0.0076660155318677425,0.0,-0.05059570446610451,0.0,-0.023938367143273354,0.0023861730005592108,-0.016020195558667183,-0.040033161640167236,0.0,0.25066885352134705,0.01593073271214962,-9.751155853271484,0.05227741599082947,-0.07924183458089828,-8.595973014831543,0.0,0.0,0.0,0.0,0.0,0.0,0.0,0.0,0.0,0.0,0.0,0.0,-0.024789104238152504,0.00321470876224339,-0.01451267022639513,-0.041431132704019547,0.2914184033870697,0.25643494725227356,0.2680271565914154,0.29416435956954956,0.1514972597360611,-0.2900373935699463,-0.03978656232357025,0.0,0.0,0.0,0.0,0.0,0.0,0.0
25376348232,0,-0.01113527175039053,0.008960326202213764,-0.763006865978241,6.569455581484362e-05,-0.04113857448101044,-0.8442511558532715,-0.014653508551418781,-0.1201234832406044,-0.03434089943766594,0.022402044385671616,-0.10019829869270325,-0.08124428987503052,-0.015603568404912949,-0.008010606281459332,0.04938352853059769,0.0,0.0,-0.0047828578390181065,0.007719905581325293,-0.12287712842226028,-0.0567886121571064,0.12340732663869858,0.07856474816799164,-0.06338956207036972,0.24373632669448853,-0.4068816304206848,-47.1807746887207,-0.11491525173187256,0.5331159830093384,-0.0037027597427368164,-0.2224123328924179,0.20578303933143616,-0.3386906087398529,0.2223992794752121,12.530675888061523,10.716219902038574,11.252036094665527,12.709319114685059,-0.024531250819563866,0.006132812704890966,-0.0015332031762227416,-0.04906250163912773,0.0,-0.023898279294371605,-0.001094076782464981,-0.016359718516469002,-0.03712937980890274,0.0,0.25066885352134705,0.01593073271214962,-9.751155853271484,0.04139787331223488,-0.06224769353866577,-8.573132514953613,0.0,0.0,0.0,0.0,0.0,0.0,0.0,0.0,0.0,0.0,0.0,0.0,-0.024421226233243942,0.0027613574638962746,-0.015142438933253288,-0.04076433926820755,0.2914184033870697,0.25643494725227356,0.2680271565914154,0.29416435956954956,-0.8505890369415283,-0.1521078646183014,0.1990930587053299,0.0,0.0,0.0,0.0,0.0,0.0,0.0
25386728276,0,-0.011337078176438808,0.007067437283694744,-0.763289749622345,6.569455581484362e-05,-0.04113857448101044,-0.8442511558532715,-0.01202110294252634,-0.12695486843585968,-0.025683745741844177,0.022805659100413322,-0.09641250967979431,-0.08096140623092651,-0.015885720029473305,-0.010032698512077332,0.048311181366443634,0.0,0.0,-0.0047828578390181065,0.007719905581325293,-0.12287712842226028,-0.0567886121571064,0.1234184131026268,0.08892181515693665,-0.06303612142801285,0.21771223843097687,-0.2707314193248749,-47.271873474121094,-0.0748639702796936,0.5502686500549316,-0.007611215114593506,-0.22295406460762024,0.19905728101730347,-0.34730565547943115,0.2236236333847046,12.736692428588867,10.675071716308594,11.284162521362305,12.594866752624512,-0.024531250819563866,0.004599609412252903,-0.004599609412252903,-0.04752929508686066,0.0,-0.020500196143984795,-0.006524635013192892,-0.019816340878605843,-0.03295845538377762,0.0,0.12324169278144836,-0.1403295248746872,-9.590575218200684,0.0376383475959301,-0.040400128811597824,-8.638395309448242,0.0,0.0,0.0,0.0,0.0,0.0,0.0,0.0,0.0,0.0,0.0,0.0,-0.023988891392946243,0.0017369899433106184,-0.015820587053894997,-0.03970719501376152,0.2950078248977661,0.25463688373565674,0.2666536271572113,0.292257696390152,-0.8505890369415283,-0.1521078646183014,0.1990930587053299,0.0,0.0,0.0,0.0,0.0,0.0,0.0
25396488688,0,-0.01145282480865717,0.0061639477498829365,-0.7633877396583557,6.569455581484362e-05,-0.04113857448101044,-0.8442511558532715,-0.012153432704508305,-0.12793010473251343,-0.01823730207979679,0.023037154227495193,-0.09460552036762238,-0.08086341619491577,-0.01617628149688244,-0.011186125688254833,0.04764316603541374,0.0,0.0,-0.0047828578390181065,-0.0024439492262899876,-0.12427748739719391,-0.056329093873500824,0.1234184131026268,0.08892181515693665,-0.06303612142801285,0.2070109099149704,-0.22220070660114288,-47.511173248291016,-0.05795393884181976,0.5656048655509949,-0.007326781749725342,-0.2231757640838623,0.19905728101730347,-0.34730565547943115,0.2236236333847046,12.838994026184082,10.744452476501465,11.287323951721191,12.659432411193848,-0.024531250819563866,0.004599609412252903,-0.004599609412252903,-0.04752929508686066,0.0,-0.019313674420118332,-0.008454054594039917,-0.021017329767346382,-0.031154271215200424,0.0,-0.08635293692350388,-0.14312994480133057,-9.395583152770996,0.038331374526023865,-0.03452812135219574,-8.693265914916992,0.0,0.0,0.0,0.0,0.0,0.0,0.0,0.0,0.0,0.0,0.0,0.0,-0.023234527558088303,-0.00012978713493794203,-0.016787376254796982,-0.03805113583803177,0.2950078248977661,0.25463688373565674,0.2666536271572113,0.292257696390152,-0.9118714928627014,-0.16221728920936584,0.17266462743282318,0.0,0.0,0.0,0.0,0.0,0.0,0.0
25406331257,0,-0.01145282480865717,0.0061639477498829365,-0.7633877396583557,6.569455581484362e-05,-0.04113857448101044,-0.8442511558532715,-0.012153432704508305,-0.12793010473251343,-0.01823730207979679,0.023037154227495193,-0.09460552036762238,-0.08086341619491577,-0.01617628149688244,-0.011186125688254833,0.04764316603541374,0.0,0.0,-0.0047828578390181065,-0.0024439492262899876,-0.12427748739719391,-0.056329093873500824,0.12523874640464783,0.10942516475915909,-0.06121884286403656,0.2070109099149704,-0.22220070660114288,-47.511173248291016,-0.05795393884181976,0.5656048655509949,-0.007326781749725342,-0.2231757640838623,0.1971728801727295,-0.3494318127632141,0.22392387688159943,12.838994026184082,10.744452476501465,11.287323951721191,12.659432411193848,-0.024531250819563866,0.004599609412252903,-0.004599609412252903,-0.04599609225988388,0.0,-0.019313674420118332,-0.008454054594039917,-0.021017329767346382,-0.031154271215200424,0.0,-0.08635293692350388,-0.14312994480133057,-9.395583152770996,0.038331374526023865,-0.03452812135219574,-8.693265914916992,0.0,0.0,0.0,0.0,0.0,0.0,0.0,0.0,0.0,0.0,0.0,0.0,-0.022194754332304,-0.0024949368089437485,-0.017987992614507675,-0.03604723513126373,0.2974965274333954,0.2581254839897156,0.26703327894210815,0.2964917719364166,-0.9118714928627014,-0.16221728920936584,0.17266462743282318,0.0,0.0,0.0,0.0,0.0,0.0,0.0
25416527045,0,-0.011721308343112469,0.004431663081049919,-0.7635226249694824,6.569455581484362e-05,-0.04113857448101044,-0.8442511558532715,-0.004778691101819277,-0.1293569654226303,-0.009108388796448708,0.02357412315905094,-0.09114093333482742,-0.08072853088378906,-0.015894178301095963,-0.013602374121546745,0.04634462669491768,0.0,0.0,-0.0047828578390181065,-0.0008618519641458988,-0.12295417487621307,-0.06271126121282578,0.12523874640464783,0.10942516475915909,-0.06121884286403656,0.1350168138742447,-0.13040682673454285,-48.14241409301758,-0.06787190586328506,0.5898113250732422,0.0019440948963165283,-0.2236693650484085,0.1971728801727295,-0.3494318127632141,0.22392387688159943,12.785080909729004,11.08260726928711,11.192838668823242,13.100686073303223,-0.02299804612994194,0.003066406352445483,-0.004599609412252903,-0.04292968660593033,0.0,-0.018889468163251877,-0.013469930738210678,-0.02186829224228859,-0.025723649188876152,0.0,-0.08635293692350388,-0.14312994480133057,-9.395583152770996,0.02454851195216179,-0.023710332810878754,-8.753166198730469,0.0,0.0,0.0,0.0,0.0,0.0,0.0,0.0,0.0,0.0,0.0,0.0,-0.021132174879312515,-0.004989156499505043,-0.019176721572875977,-0.03390828147530556,0.2974965274333954,0.2581254839897156,0.26703327894210815,0.2964917719364166,-0.00021961521997582167,0.023084262385964394,-0.15858621895313263,0.0,0.0,0.0,0.0,0.0,0.0,0.0
25427046183,0,-0.011721308343112469,0.004431663081049919,-0.7635226249694824,6.569455581484362e-05,-0.04113857448101044,-0.8442511558532715,-0.004778691101819277,-0.1293569654226303,-0.009108388796448708,0.023861844092607498,-0.08946557343006134,-0.0806778073310852,-0.015894178301095963,-0.013602374121546745,0.04634462669491768,0.0,0.0,-0.0047828578390181065,0.00447879359126091,-0.11586654186248779,-0.0612516775727272,0.12184713780879974,0.11810692399740219,-0.06063986197113991,0.1350168138742447,-0.13040682673454285,-48.14241409301758,-0.06787190586328506,0.5898113250732422,0.0019440948963165283,-0.2236693650484085,0.19252516329288483,-0.3547159433364868,0.22450494766235352,12.785080909729004,11.08260726928711,11.192838668823242,13.100686073303223,-0.02299804612994194,0.0015332031762227416,-0.004599609412252903,-0.039863280951976776,0.0,-0.018889468163251877,-0.013469930738210678,-0.02186829224228859,-0.025723649188876152,0.0,-0.09622450172901154,0.3401530981063843,-9.873757362365723,0.022385235875844955,-0.02314843237400055,-8.746825218200684,0.0,0.0,0.0,0.0,0.0,0.0,0.0,0.0,0.0,0.0,0.0,0.0,-0.020215313881635666,-0.0075493864715099335,-0.02021876350045204,-0.031596552580595016,0.29594528675079346,0.2626856863498688,0.2648566961288452,0.30204784870147705,0.29646751284599304,0.34737157821655273,-0.028643343597650528,0.0,0.0,0.0,0.0,0.0,0.0,0.0
25436372558,0,-0.011865167878568172,0.0035939901135861874,-0.7635733485221863,6.569455581484362e-05,-0.04113857448101044,-0.8442511558532715,-0.003478286787867546,-0.12791763246059418,-0.009269323199987411,0.023861844092607498,-0.08946557343006134,-0.0806778073310852,-0.015477447770535946,-0.014700223691761494,0.04586787149310112,0.0,0.0,-0.0047828578390181065,0.01748313196003437,-0.11137500405311584,-0.05667898431420326,0.11511792242527008,0.13366222381591797,-0.059598539024591446,0.1231187954545021,-0.12731638550758362,-48.107540130615234,-0.07382446527481079,0.5876630544662476,-7.888674736022949e-05,-0.223868265748024,0.19057883322238922,-0.35704657435417175,0.22471703588962555,12.81456184387207,11.01739501953125,11.247078895568848,13.04725170135498,-0.021464843302965164,-0.0015332031762227416,-0.006132812704890966,-0.03526367247104645,0.0,-0.019105926156044006,-0.014050322584807873,-0.02150510624051094,-0.02543930895626545,0.0,-0.15846063196659088,0.36470383405685425,-9.810866355895996,0.022385235875844955,-0.02314843237400055,-8.746825218200684,0.0,0.0,0.0,0.0,0.0,0.0,0.0,0.0,0.0,0.0,0.0,0.0,-0.01952972076833248,-0.009927814826369286,-0.021018879488110542,-0.029362788423895836,0.2965160012245178,0.26139989495277405,0.265924334526062,0.3010159730911255,0.7722501158714294,0.3777123987674713,0.16580882668495178,0.0,0.0,0.0,0.0,0.0,0.0,0.0
25446625666,0,-0.012095320038497448,0.0019372559618204832,-0.7636382579803467,6.569455581484362e-05,-0.04113857448101044,-0.8442511558532715,0.0007945143152028322,-0.12037627398967743,-0.011621324345469475,0.0243221502751112,-0.0861520916223526,-0.0806128978729248,-0.014648178592324257,-0.016667909920215607,0.04500853642821312,0.0,0.0,-0.0047828578390181065,0.028537314385175705,-0.10896193981170654,-0.05055106803774834,0.11511792242527008,0.13366222381591797,-0.059598539024591446,0.07792104035615921,-0.17229941487312317,-47.97562026977539,-0.1063535064458847,0.6031080484390259,-0.011294081807136536,-0.22431090474128723,0.19057883322238922,-0.35704657435417175,0.22471703588962555,13.036523818969727,10.629481315612793,11.519977569580078,12.80724048614502,-0.021464843302965164,-0.004599609412252903,-0.0076660155318677425,-0.03526367247104645,0.0,-0.021263713017106056,-0.014615523628890514,-0.018269143998622894,-0.025947805494070053,0.0,-0.15846063196659088,0.36470383405685425,-9.810866355895996,0.014167461544275284,-0.03132716566324234,-8.722840309143066,0.0,0.0,0.0,0.0,0.0,0.0,0.0,0.0,0.0,0.0,0.0,0.0,-0.01920389197766781,-0.01185756828635931,-0.021369582042098045,-0.027576783671975136,0.2965160012245178,0.26139989495277405,0.265924334526062,0.3010159730911255,0.9283928275108337,0.2992255985736847,0.31122085452079773,0.0,0.0,0.0,0.0,0.0,0.0,0.0
25456433382,0,-0.012095320038497448,0.0019372559618204832,-0.7636382579803467,6.569455581484362e-05,-0.04113857448101044,-0.8442511558532715,0.0007945143152028322,-0.12037627398967743,-0.011621324345469475,0.0243221502751112,-0.0861520916223526,-0.0806128978729248,-0.014648178592324257,-0.016667909920215607,0.04500853642821312,0.0,0.0,-0.0047828578390181065,0.037006985396146774,-0.09105710685253143,-0.0494781918823719,0.11511792242527008,0.13366222381591797,-0.059598539024591446,0.07792104035615921,-0.17229941487312317,-47.97562026977539,-0.1063535064458847,0.6031080484390259,-0.011294081807136536,-0.22431090474128723,0.18647003173828125,-0.3625876009464264,0.22544924914836884,13.036523818969727,10.629481315612793,11.519977569580078,12.80724048614502,-0.021464843302965164,-0.0076660155318677425,-0.010732421651482582,-0.036796875298023224,0.0,-0.021263713017106056,-0.014615523628890514,-0.018269143998622894,-0.025947805494070053,0.0,0.033117711544036865,0.32239189743995667,-9.890137672424316,0.014167461544275284,-0.03132716566324234,-8.722840309143066,0.0,0.0,0.0,0.0,0.0,0.0,0.0,0.0,0.0,0.0,0.0,0.0,-0.019324196502566338,-0.013289488852024078,-0.02111922763288021,-0.02637435682117939,0.30080872774124146,0.2537343204021454,0.2712855935096741,0.29637426137924194,0.54310542345047,0.792782187461853,-0.053801003843545914,0.0,0.0,0.0,0.0,0.0,0.0,0.0
25466741844,0,-0.012307785451412201,0.00023034766491036862,-0.7637011408805847,6.569455581484362e-05,-0.04113857448101044,-0.8442511558532715,0.002022956032305956,-0.11585618555545807,-0.013277552090585232,0.024747084826231003,-0.08273825794458389,-0.08055001497268677,-0.01438856590539217,-0.018145766109228134,0.044125184416770935,0.0,0.0,-0.0047828578390181065,0.037006985396146774,-0.09105710685253143,-0.0494781918823719,0.10566163808107376,0.15251940488815308,-0.05807238817214966,0.06768239289522171,-0.1839635670185089,-47.89837646484375,-0.11623229086399078,0.5992857217788696,-0.008296340703964233,-0.22471794486045837,0.18309636414051056,-0.36785653233528137,0.22640666365623474,12.922460556030273,10.673816680908203,11.445075035095215,12.870780944824219,-0.018398437649011612,-0.009199218824505806,-0.010732421651482582,-0.036796875298023224,0.0,-0.022085068747401237,-0.014549046754837036,-0.017750665545463562,-0.025893229991197586,0.0,-0.03522460535168648,0.3169451653957367,-9.932689666748047,0.012305889278650284,-0.03344792127609253,-8.708795547485352,0.0,0.0,0.0,0.0,0.0,0.0,0.0,0.0,0.0,0.0,0.0,0.0,-0.019779147580266,-0.01423534657806158,-0.020446263253688812,-0.02570175938308239,0.29860392212867737,0.2546120285987854,0.2698156535625458,0.2976042628288269,0.54310542345047,0.792782187461853,-0.053801003843545914,0.0,0.0,0.0,0.0,0.0,0.0,0.0
25476321693,0,-0.012545406818389893,-0.0015617088647559285,-0.7637955546379089,6.569455581484362e-05,-0.04113857448101044,-0.8442511558532715,0.004613524302840233,-0.1117146760225296,-0.01691482588648796,0.025222329422831535,-0.0791541263461113,-0.08045560121536255,-0.013439763337373734,-0.019230127334594727,0.0433160774409771,0.0,0.0,-0.0047828578390181065,0.04318039491772652,-0.07612507045269012,-0.05693688616156578,0.10566163808107376,0.15251940488815308,-0.05807238817214966,0.06768239289522171,-0.1839635670185089,-47.89837646484375,-0.11623229086399078,0.5992857217788696,-0.008296340703964233,-0.22471794486045837,0.18309636414051056,-0.36785653233528137,0.22640666365623474,12.922460556030273,10.673816680908203,11.445075035095215,12.870780944824219,-0.016865234822034836,-0.010732421651482582,-0.010732421651482582,-0.03526367247104645,0.0,-0.022085068747401237,-0.014549046754837036,-0.017750665545463562,-0.025893229991197586,0.0,-0.03522460535168648,0.3169451653957367,-9.932689666748047,0.008015617728233337,-0.03450734168291092,-8.68111801147461,0.0,0.0,0.0,0.0,0.0,0.0,0.0,0.0,0.0,0.0,0.0,0.0,-0.02039051242172718,-0.014761482365429401,-0.019641797989606857,-0.02540881372988224,0.29860392212867737,0.2546120285987854,0.2698156535625458,0.2976042628288269,0.5231897830963135,1.097996711730957,-0.457782506942749,0.0,0.0,0.0,0.0,0.0,0.0,0.0
25486508845,0,-0.012545406818389893,-0.0015617088647559285,-0.7637955546379089,6.569455581484362e-05,-0.04113857448101044,-0.8442511558532715,0.004613524302840233,-0.1117146760225296,-0.01691482588648796,0.025222329422831535,-0.0791541263461113,-0.08045560121536255,-0.013439763337373734,-0.019230127334594727,0.0433160774409771,0.0,0.0,-0.0047828578390181065,0.05214470252394676,-0.061794281005859375,-0.0611317977309227,0.08962545543909073,0.157624289393425,-0.05690743401646614,0.06595510244369507,-0.16790318489074707,-47.87002944946289,-0.12417422980070114,0.5882360935211182,0.001851111650466919,-0.22493569552898407,0.18142357468605042,-0.3705716133117676,0.2268107831478119,12.633085250854492,10.923959732055664,11.212591171264648,13.11186695098877,-0.015332031063735485,-0.010732421651482582,-0.009199218824505806,-0.03373046964406967,0.0,-0.02220853976905346,-0.014813296496868134,-0.01859188638627529,-0.02495531365275383,0.0,0.10808887332677841,0.5008454918861389,-10.04704475402832,0.008015617728233337,-0.03450734168291092,-8.68111801147461,0.0,0.0,0.0,0.0,0.0,0.0,0.0,0.0,0.0,0.0,0.0,0.0,-0.021009577438235283,-0.014993232674896717,-0.018935993313789368,-0.025310859084129333,0.2929992079734802,0.25955629348754883,0.2652456760406494,0.3022635579109192,0.6746566891670227,1.3259661197662354,-0.5495074987411499,0.0,0.0,0.0,0.0,0.0,0.0,0.0
25496567770,0,-0.012765527702867985,-0.0033966773189604282,-0.7639495730400085,6.569455581484362e-05,-0.04113857448101044,-0.8442511558532715,0.003909328952431679,-0.10869872570037842,-0.025308385491371155,0.02566257305443287,-0.07548417150974274,-0.08030158281326294,-0.011462919414043427,-0.01971910148859024,0.0427568256855011,0.0,0.0,-0.0047828578390181065,0.06537611037492752,-0.039281487464904785,-0.060066577047109604,0.08962545543909073,0.157624289393425,-0.05690743401646614,0.03547535464167595,-0.17040011286735535,-47.6251220703125,-0.16310548782348633,0.554802656173706,0.003483906388282776,-0.2253178358078003,0.18142357468605042,-0.3705716133117676,0.2268107831478119,12.417945861816406,10.89636516571045,11.223169326782227,13.099712371826172,-0.015332031063735485,-0.010732421651482582,-0.009199218824505806,-0.03526367247104645,0.0,-0.02356596477329731,-0.015796996653079987,-0.017572373151779175,-0.02425471320748329,0.0,0.10808887332677841,0.5008454918861389,-10.04704475402832,0.010634835809469223,-0.03365987539291382,-8.620389938354492,0.0,0.0,0.0,0.0,0.0,0.0,0.0,0.0,0.0,0.0,0.0,0.0,-0.02159220725297928,-0.015107196755707264,-0.018439533188939095,-0.02520802430808544,0.2929992079734802,0.25955629348754883,0.2652456760406494,0.3022635579109192,0.8602316379547119,1.7356326580047607,-0.30986279249191284,0.0,0.0,0.0,0.0,0.0,0.0,0.0
25506462319,0,-0.012765527702867985,-0.0033966773189604282,-0.7639495730400085,6.569455581484362e-05,-0.04113857448101044,-0.8442511558532715,0.003909328952431679,-0.10869872570037842,-0.025308385491371155,0.02566257305443287,-0.07548417150974274,-0.08030158281326294,-0.011462919414043427,-0.01971910148859024,0.0427568256855011,0.0,0.0,-0.0047828578390181065,0.07682451605796814,-0.014244628138840199,-0.05189959704875946,0.08962545543909073,0.157624289393425,-0.05690743401646614,0.03547535464167595,-0.17040011286735535,-47.6251220703125,-0.16310548782348633,0.554802656173706,0.003483906388282776,-0.2253178358078003,0.17875251173973083,-0.37525323033332825,0.22730191051959991,12.417945861816406,10.89636516571045,11.223169326782227,13.099712371826172,-0.016865234822034836,-0.015332031063735485,-0.009199218824505806,-0.03373046964406967,0.0,-0.02356596477329731,-0.015796996653079987,-0.017572373151779175,-0.02425471320748329,0.0,-0.012164249084889889,-0.06512807309627533,-9.897439002990723,0.010634835809469223,-0.03365987539291382,-8.620389938354492,0.0,0.0,0.0,0.0,0.0,0.0,0.0,0.0,0.0,0.0,0.0,0.0,-0.02218034118413925,-0.015245151706039906,-0.018082385882735252,-0.02501385658979416,0.2888217568397522,0.2590115964412689,0.26545360684394836,0.30202898383140564,0.8805360198020935,2.072390079498291,0.162784144282341,0.0,0.0,0.0,0.0,0.0,0.0,0.0
25516425455,0,-0.012871437706053257,-0.004304144065827131,-0.7640637159347534,6.569455581484362e-05,-0.04113857448101044,-0.8442511558532715,0.0042719789780676365,-0.10558867454528809,-0.027578601613640785,0.025874394923448563,-0.07366923242807388,-0.08018743991851807,-0.01073120255023241,-0.01955174282193184,0.042413920164108276,0.0,0.0,-0.0047828578390181065,0.07682451605796814,-0.014244628138840199,-0.05189959704875946,0.07303465902805328,0.14940528571605682,-0.055413153022527695,0.05683189630508423,-0.19977393746376038,-47.33621597290039,-0.1776246577501297,0.5270134806632996,-0.0062890201807022095,-0.22551065683364868,0.1776299774646759,-0.37741172313690186,0.2276136726140976,12.525187492370605,10.599784851074219,11.459816932678223,12.762419700622559,-0.019931640475988388,-0.018398437649011612,-0.010732421651482582,-0.032197266817092896,0.0,-0.02360726334154606,-0.014566510915756226,-0.016980372369289398,-0.02631811983883381,0.0,0.12451929599046707,-0.2610630691051483,-9.977540016174316,0.010333072394132614,-0.03632253408432007,-8.606584548950195,0.0,0.0,0.0,0.0,0.0,0.0,0.0,0.0,0.0,0.0,0.0,0.0,-0.022727182134985924,-0.015358065254986286,-0.017785316333174706,-0.024873465299606323,0.29090526700019836,0.25314629077911377,0.2701050937175751,0.2955061197280884,0.8805360198020935,2.072390079498291,0.162784144282341,0.0,0.0,0.0,0.0,0.0,0.0,0.0
25526380681,0,-0.013086686842143536,-0.00611264631152153,-0.7643511891365051,6.569455581484362e-05,-0.04113857448101044,-0.8442511558532715,0.003383347764611244,-0.10510189086198807,-0.027967138215899467,0.02630489505827427,-0.07005220651626587,-0.07989996671676636,-0.00936118420213461,-0.0187075138092041,0.04148554056882858,0.0,0.0,-0.0047828578390181065,0.09325423836708069,0.02774416096508503,-0.0425274483859539,0.07303465902805328,0.14940528571605682,-0.055413153022527695,0.07330361753702164,-0.16627106070518494,-47.35639953613281,-0.20964102447032928,0.4826059341430664,-0.014811292290687561,-0.22586305439472198,0.1776299774646759,-0.37741172313690186,0.2276136726140976,12.625972747802734,10.410331726074219,11.794801712036133,12.535045623779297,-0.019931640475988388,-0.019931640475988388,-0.012265625409781933,-0.032197266817092896,0.0,-0.022049369290471077,-0.015446892939507961,-0.018028775230050087,-0.02634565345942974,0.0,0.12451929599046707,-0.2610630691051483,-9.977540016174316,0.013327930122613907,-0.03023110330104828,-8.610254287719727,0.0,0.0,0.0,0.0,0.0,0.0,0.0,0.0,0.0,0.0,0.0,0.0,-0.023084750398993492,-0.01536491233855486,-0.01756635308265686,-0.024977076798677444,0.29090526700019836,0.25314629077911377,0.2701050937175751,0.2955061197280884,0.6302204728126526,2.1119790077209473,0.3006772994995117,0.0,0.0,0.0,0.0,0.0,0.0,0.0
25536898671,0,-0.013086686842143536,-0.00611264631152153,-0.7643511891365051,6.569455581484362e-05,-0.04113857448101044,-0.8442511558532715,0.003383347764611244,-0.10510189086198807,-0.027967138215899467,0.02630489505827427,-0.07005220651626587,-0.07989996671676636,-0.00936118420213461,-0.0187075138092041,0.04148554056882858,0.0,0.0,-0.0047828578390181065,0.08810165524482727,0.04375628009438515,-0.05611255764961243,0.0631653442978859,0.14365486800670624,-0.0539528951048851,0.07330361753702164,-0.16627106070518494,-47.35639953613281,-0.20964102447032928,0.4826059341430664,-0.014811292290687561,-0.22586305439472198,0.17608606815338135,-0.38068175315856934,0.22847847640514374,12.625972747802734,10.410331726074219,11.794801712036133,12.535045623779297,-0.019931640475988388,-0.019931640475988388,-0.012265625409781933,-0.03066406212747097,0.0,-0.022049369290471077,-0.015446892939507961,-0.018028775230050087,-0.02634565345942974,0.0,0.16278059780597687,0.2424071878194809,-9.905011177062988,0.013327930122613907,-0.03023110330104828,-8.610254287719727,0.0,0.0,0.0,0.0,0.0,0.0,0.0,0.0,0.0,0.0,0.0,0.0,-0.023141419515013695,-0.015342793427407742,-0.01749563030898571,-0.025279304012656212,0.2928612530231476,0.24938981235027313,0.2766697108745575,0.2910965383052826,-0.20658400654792786,1.1385725736618042,-0.43475624918937683,0.0,0.0,0.0,0.0,0.0,0.0,0.0
25546450114,0,-0.013311086222529411,-0.007824137806892395,-0.7646660804748535,6.569455581484362e-05,-0.04113857448101044,-0.8442511558532715,0.007456263992935419,-0.11125601083040237,-0.026245348155498505,0.02675369568169117,-0.06662920862436295,-0.07958507537841797,-0.008108497597277164,-0.01799769140779972,0.0402536615729332,0.0,0.0,-0.0047828578390181065,0.08810165524482727,0.04375628009438515,-0.05611255764961243,0.0631653442978859,0.14365486800670624,-0.0539528951048851,0.03759317100048065,-0.0592610239982605,-47.44012451171875,-0.20699761807918549,0.4722329378128052,0.0035651475191116333,-0.22621403634548187,0.1747952103614807,-0.38348495960235596,0.22918251156806946,12.176996231079102,10.910168647766113,11.3670072555542,12.996826171875,-0.018398437649011612,-0.019931640475988388,-0.009199218824505806,-0.029130859300494194,0.0,-0.02082318812608719,-0.019399790093302727,-0.0209590345621109,-0.021555231884121895,0.0,0.0926763117313385,-0.16952617466449738,-9.776392936706543,0.006835121661424637,-0.010774731636047363,-8.625476837158203,0.0,0.0,0.0,0.0,0.0,0.0,0.0,0.0,0.0,0.0,0.0,0.0,-0.022911209613084793,-0.015533477999269962,-0.01769440621137619,-0.02540372498333454,0.2928612530231476,0.24938981235027313,0.2766697108745575,0.2910965383052826,-0.20658400654792786,1.1385725736618042,-0.43475624918937683,0.0,0.0,0.0,0.0,0.0,0.0,0.0
25556563484,0,-0.013311086222529411,-0.007824137806892395,-0.7646660804748535,6.569455581484362e-05,-0.04113857448101044,-0.8442511558532715,0.007456263992935419,-0.11125601083040237,-0.026245348155498505,0.02675369568169117,-0.06662920862436295,-0.07958507537841797,-0.008108497597277164,-0.01799769140779972,0.0402536615729332,0.0,0.0,-0.0047828578390181065,0.08117785304784775,0.04601217433810234,-0.0653734803199768,0.056794941425323486,0.14122450351715088,-0.05315092206001282,0.03759317100048065,-0.0592610239982605,-47.44012451171875,-0.20699761807918549,0.4722329378128052,0.0035651475191116333,-0.22621403634548187,0.1747952103614807,-0.38348495960235596,0.22918251156806946,12.176996231079102,10.910168647766113,11.3670072555542,12.996826171875,-0.016865234822034836,-0.016865234822034836,-0.009199218824505806,-0.029130859300494194,0.0,-0.02082318812608719,-0.019399790093302727,-0.0209590345621109,-0.021555231884121895,0.0,0.0926763117313385,-0.16952617466449738,-9.776392936706543,0.006835121661424637,-0.010774731636047363,-8.625476837158203,0.0,0.0,0.0,0.0,0.0,0.0,0.0,0.0,0.0,0.0,0.0,0.0,-0.022469256073236465,-0.016158344224095345,-0.018259400501847267,-0.024975759908556938,0.2832021415233612,0.26036426424980164,0.26723212003707886,0.30095377564430237,-0.49491482973098755,0.6990612745285034,-0.5899435877799988,0.0,0.0,0.0,0.0,0.0,0.0,0.0
25567020185,0,-0.013415975496172905,-0.00863263476639986,-0.7648301124572754,6.569455581484362e-05,-0.04113857448101044,-0.8442511558532715,0.012401078827679157,-0.11227167397737503,-0.02633349969983101,0.026963474228978157,-0.06501220911741257,-0.0794210433959961,-0.007301973178982735,-0.01770019344985485,0.03957680985331535,0.0,0.0,-0.0047828578390181065,0.08117785304784775,0.04601217433810234,-0.0653734803199768,0.035617221146821976,0.12967373430728912,-0.051064349710941315,-0.013322686776518822,-0.02837551385164261,-47.43634033203125,-0.2006525993347168,0.4717484414577484,0.012871891260147095,-0.22638915479183197,0.17421482503414154,-0.384651243686676,0.22922638058662415,11.954466819763184,11.151514053344727,11.123119354248047,13.21897029876709,-0.018398437649011612,-0.015332031063735485,-0.009199218824505806,-0.024531250819563866,0.0,-0.021819325163960457,-0.021590959280729294,-0.020798958837985992,-0.019019052386283875,0.0,0.13578219711780548,-0.1305343061685562,-9.903151512145996,-0.0024223066866397858,-0.0051591843366622925,-8.624789237976074,0.0,0.0,0.0,0.0,0.0,0.0,0.0,0.0,0.0,0.0,0.0,0.0,-0.021994104608893394,-0.01716487668454647,-0.019028041511774063,-0.024017103016376495,0.27979063987731934,0.2640432119369507,0.26348385214805603,0.30433017015457153,-0.49491482973098755,0.6990612745285034,-0.5899435877799988,0.0,0.0,0.0,0.0,0.0,0.0,0.0
25576639934,0,-0.01379726268351078,-0.01105568464845419,-0.7653234601020813,6.569455581484362e-05,-0.04113857448101044,-0.8442511558532715,0.01673239655792713,-0.10365921258926392,-0.027506815269589424,0.027726054191589355,-0.06016607955098152,-0.07892769575119019,-0.004619274288415909,-0.016272561624646187,0.03781038895249367,0.0,0.0,-0.0047828578390181065,0.07835353165864944,0.05500344559550285,-0.05805188789963722,0.035617221146821976,0.12967373430728912,-0.051064349710941315,-0.03713264688849449,-0.04077199101448059,-47.361968994140625,-0.20665527880191803,0.4579252004623413,-0.0004339069128036499,-0.226668119430542,0.17421482503414154,-0.384651243686676,0.22922638058662415,12.238626480102539,10.811986923217773,11.467370986938477,12.855507850646973,-0.018398437649011612,-0.016865234822034836,-0.010732421651482582,-0.021464843302965164,0.0,-0.022383611649274826,-0.022670455276966095,-0.019084429368376732,-0.019266480579972267,0.0,0.13578219711780548,-0.1305343061685562,-9.903151512145996,-0.009761948138475418,-0.012537240982055664,-8.618291854858398,0.0,0.0,0.0,0.0,0.0,0.0,0.0,0.0,0.0,0.0,0.0,0.0,-0.02170824445784092,-0.01842535100877285,-0.01966114155948162,-0.022751759737730026,0.27979063987731934,0.2640432119369507,0.26348385214805603,0.30433017015457153,-0.2819397747516632,0.5916448831558228,0.30075493454933167,0.0,0.0,0.0,0.0,0.0,0.0,0.0
25588502095,0,-0.013929992914199829,-0.01176267210394144,-0.7654761075973511,6.569455581484362e-05,-0.04113857448101044,-0.8442511558532715,0.016156602650880814,-0.10065528750419617,-0.02249060943722725,0.027726054191589355,-0.06016607955098152,-0.07892769575119019,-0.004000460729002953,-0.015613134019076824,0.03712795674800873,0.0,0.0,-0.0047828578390181065,0.07835353165864944,0.05500344559550285,-0.05805188789963722,0.030760018154978752,0.12438555061817169,-0.05025327578186989,-0.05369071662425995,-0.06895482540130615,-47.400604248046875,-0.2191379964351654,0.44145068526268005,-0.0048885345458984375,-0.22680158913135529,0.1723562777042389,-0.38830623030662537,0.22935818135738373,12.314142227172852,10.71609878540039,11.632821083068848,12.746710777282715,-0.019931640475988388,-0.016865234822034836,-0.010732421651482582,-0.019931640475988388,0.0,-0.023543013259768486,-0.022503258660435677,-0.017465414479374886,-0.019764825701713562,0.0,-0.158167764544487,0.42814043164253235,-10.044815063476562,-0.009761948138475418,-0.012537240982055664,-8.618291854858398,0.0,0.0,0.0,0.0,0.0,0.0,0.0,0.0,0.0,0.0,0.0,0.0,-0.021719733253121376,-0.019771091639995575,-0.019870495423674583,-0.02149789407849312,0.2868026793003082,0.2554486095905304,0.27349817752838135,0.29520198702812195,-0.2819397747516632,0.5916448831558228,0.30075493454933167,0.0,0.0,0.0,0.0,0.0,0.0,0.0
25596461749,0,-0.01411917433142662,-0.01245463453233242,-0.7656221985816956,6.569455581484362e-05,-0.04113857448101044,-0.8442511558532715,0.013559896498918533,-0.09568636864423752,-0.019688062369823456,0.028369879350066185,-0.057368166744709015,-0.07862895727157593,-0.003415124723687768,-0.014791214838624,0.03633049130439758,0.0,0.0,-0.0047828578390181065,0.08141853660345078,0.0757603794336319,-0.05639680474996567,0.020813049748539925,0.11072319746017456,-0.04849846661090851,-0.05369071662425995,-0.06895482540130615,-47.400604248046875,-0.2191379964351654,0.44145068526268005,-0.0048885345458984375,-0.22680158913135529,0.1723562777042389,-0.38830623030662537,0.22935818135738373,12.18954849243164,10.965034484863281,11.619734764099121,12.963092803955078,-0.018398437649011612,-0.018398437649011612,-0.010732421651482582,-0.018398437649011612,0.0,-0.023783698678016663,-0.021992290392518044,-0.017485085874795914,-0.019434867426753044,0.0,-0.158167764544487,0.42814043164253235,-10.044815063476562,-0.002683021128177643,-0.023121081292629242,-8.678119659423828,0.0,0.0,0.0,0.0,0.0,0.0,0.0,0.0,0.0,0.0,0.0,0.0,-0.02201944589614868,-0.020921241492033005,-0.019605249166488647,-0.02052321843802929,0.2868026793003082,0.2554486095905304,0.27349817752838135,0.29520198702812195,0.05871513858437538,0.9115701913833618,0.10974051803350449,0.0,0.0,0.0,0.0,0.0,0.0,0.0
25606857825,0,-0.014300381764769554,-0.013118118047714233,-0.7657689452171326,6.569455581484362e-05,-0.04113857448101044,-0.8442511558532715,0.01537372637540102,-0.09590181708335876,-0.018326230347156525,0.0287322960793972,-0.05604119226336479,-0.07848221063613892,-0.002730683423578739,-0.013905911706387997,0.03565298765897751,0.0,0.0,-0.0047828578390181065,0.08150901645421982,0.08775264024734497,-0.057792872190475464,0.020813049748539925,0.11072319746017456,-0.04849846661090851,-0.029927920550107956,-0.10973390936851501,-47.77397537231445,-0.23689836263656616,0.39619091153144836,0.003281146287918091,-0.22703169286251068,0.1723562777042389,-0.38830623030662537,0.22935818135738373,12.107843399047852,11.054526329040527,11.617630958557129,13.001733779907227,-0.018398437649011612,-0.019931640475988388,-0.009199218824505806,-0.018398437649011612,0.0,-0.024461910128593445,-0.019772188737988472,-0.016991861164569855,-0.021151777356863022,0.0,-0.158167764544487,0.42814043164253235,-10.044815063476562,-0.0054414402693510056,-0.01995161920785904,-8.686177253723145,0.0,0.0,0.0,0.0,0.0,0.0,0.0,0.0,0.0,0.0,0.0,0.0,-0.022512584924697876,-0.021605689078569412,-0.019059907644987106,-0.019937455654144287,0.2868026793003082,0.2554486095905304,0.27349817752838135,0.29520198702812195,0.06453108042478561,1.082426905632019,0.06092754378914833,0.0,0.0,0.0,0.0,0.0,0.0,0.0
25616413306,0,-0.014300381764769554,-0.013118118047714233,-0.7657689452171326,6.569455581484362e-05,-0.04113857448101044,-0.8442511558532715,0.01537372637540102,-0.09590181708335876,-0.018326230347156525,0.0287322960793972,-0.05604119226336479,-0.07848221063613892,-0.002730683423578739,-0.013905911706387997,0.03565298765897751,0.0,0.0,-0.0047828578390181065,0.058144710958004,0.11753970384597778,-0.049973875284194946,0.011312732473015785,0.09337948262691498,-0.04783553630113602,-0.029927920550107956,-0.10973390936851501,-47.77397537231445,-0.23689836263656616,0.39619091153144836,0.003281146287918091,-0.22703169286251068,0.1714669018983841,-0.3900798261165619,0.2295767217874527,12.107843399047852,11.054526329040527,11.617630958557129,13.001733779907227,-0.018398437649011612,-0.021464843302965164,-0.010732421651482582,-0.019931640475988388,0.0,-0.024461910128593445,-0.019772188737988472,-0.016991861164569855,-0.021151777356863022,0.0,-0.08657746016979218,0.20126768946647644,-9.93856143951416,-0.0054414402693510056,-0.01995161920785904,-8.686177253723145,0.0,0.0,0.0,0.0,0.0,0.0,0.0,0.0,0.0,0.0,0.0,0.0,-0.023083534091711044,-0.021706394851207733,-0.018432844430208206,-0.019794240593910217,0.28278404474258423,0.26213207840919495,0.27320048213005066,0.3001365065574646,-0.7952637672424316,1.260657787322998,0.3552674651145935,0.0,0.0,0.0,0.0,0.0,0.0,0.0
25626657147,0,-0.014735701493918896,-0.014424082823097706,-0.7660287618637085,6.569455581484362e-05,-0.04113857448101044,-0.8442511558532715,0.016521530225872993,-0.08974069356918335,-0.023788979277014732,0.029602941125631332,-0.0534292533993721,-0.07822239398956299,-0.0015166630037128925,-0.011734179221093655,0.03509010747075081,0.0,0.0,-0.0047828578390181065,0.058144710958004,0.11753970384597778,-0.049973875284194946,0.011312732473015785,0.09337948262691498,-0.04783553630113602,-0.0322696827352047,-0.14908353984355927,-47.52680587768555,-0.20678570866584778,0.34582582116127014,-0.004657194018363953,-0.22724568843841553,0.1714669018983841,-0.3900798261165619,0.2295767217874527,12.21542739868164,10.916322708129883,11.783583641052246,12.618202209472656,-0.018398437649011612,-0.021464843302965164,-0.010732421651482582,-0.021464843302965164,0.0,-0.02547253482043743,-0.018845029175281525,-0.015521209686994553,-0.022850418463349342,0.0,-0.08657746016979218,0.20126768946647644,-9.93856143951416,-0.005867214873433113,-0.02710609883069992,-8.641237258911133,0.0,0.0,0.0,0.0,0.0,0.0,0.0,0.0,0.0,0.0,0.0,0.0,-0.023665303364396095,-0.021356238052248955,-0.01779070310294628,-0.02005266770720482,0.28278404474258423,0.26213207840919495,0.27320048213005066,0.3001365065574646,-0.7952637672424316,1.260657787322998,0.3552674651145935,0.0,0.0,0.0,0.0,0.0,0.0,0.0
25637129429,0,-0.014735701493918896,-0.014424082823097706,-0.7660287618637085,6.569455581484362e-05,-0.04113857448101044,-0.8442511558532715,0.016521530225872993,-0.08974069356918335,-0.023788979277014732,0.029602941125631332,-0.0534292533993721,-0.07822239398956299,-0.0015166630037128925,-0.011734179221093655,0.03509010747075081,0.0,0.0,-0.0047828578390181065,0.043878115713596344,0.12932008504867554,-0.047534823417663574,0.008538414724171162,0.08331643044948578,-0.0475548580288887,-0.0322696827352047,-0.14908353984355927,-47.52680587768555,-0.20678570866584778,0.34582582116127014,-0.004657194018363953,-0.22724568843841553,0.17048530280590057,-0.3910880386829376,0.22985926270484924,12.21542739868164,10.916322708129883,11.783583641052246,12.618202209472656,-0.018398437649011612,-0.021464843302965164,-0.010732421651482582,-0.021464843302965164,0.0,-0.02547253482043743,-0.018845029175281525,-0.015521209686994553,-0.022850418463349342,0.0,0.08180230110883713,0.45109736919403076,-9.999306678771973,-0.005867214873433113,-0.02710609883069992,-8.641237258911133,0.0,0.0,0.0,0.0,0.0,0.0,0.0,0.0,0.0,0.0,0.0,0.0,-0.024238288402557373,-0.02076341025531292,-0.017123950645327568,-0.020617663860321045,0.2848809063434601,0.2594057023525238,0.2764502465724945,0.29271042346954346,-1.0646474361419678,1.2440054416656494,0.2925444543361664,0.0,0.0,0.0,0.0,0.0,0.0,0.0
25650313573,0,-0.01511393766850233,-0.015676649287343025,-0.7662608623504639,6.569455581484362e-05,-0.04113857448101044,-0.8442511558532715,0.016171077266335487,-0.0825708881020546,-0.027297046035528183,0.0303594172000885,-0.05092410370707512,-0.07799029350280762,-0.0010026773670688272,-0.009027139283716679,0.03409888222813606,0.0,0.0,-0.0047828578390181065,0.0335206501185894,0.1372404396533966,-0.052696239203214645,0.01081465557217598,0.06291230767965317,-0.04673964902758598,-0.032260678708553314,-0.1843666285276413,-47.423641204833984,-0.19115258753299713,0.3218584656715393,-0.005687102675437927,-0.22733251750469208,0.16977077722549438,-0.39120838046073914,0.23013348877429962,12.202608108520508,10.925618171691895,11.796314239501953,12.50581169128418,-0.018398437649011612,-0.02299804612994194,-0.010732421651482582,-0.019931640475988388,0.0,-0.026529397815465927,-0.017695387825369835,-0.014455121010541916,-0.024061383679509163,0.0,-0.004713256843388081,0.3711392283439636,-10.092750549316406,-0.0036529917269945145,-0.03647873178124428,-8.616183280944824,0.0,0.0,0.0,0.0,0.0,0.0,0.0,0.0,0.0,0.0,0.0,0.0,-0.02479659765958786,-0.0200648233294487,-0.016451101750135422,-0.021363401785492897,0.2831912636756897,0.26093360781669617,0.27532732486724854,0.29200443625450134,-0.9550408720970154,0.9657329320907593,-0.11526434123516083,0.0,0.0,0.0,0.0,0.0,0.0,0.0
25656651796,0,-0.015454879961907864,-0.016844818368554115,-0.7665175199508667,6.569455581484362e-05,-0.04113857448101044,-0.8442511558532715,0.013725930824875832,-0.075082927942276,-0.024968424811959267,0.031041303649544716,-0.04858775436878204,-0.07773363590240479,-0.00036952263326384127,-0.006194830406457186,0.03302789479494095,0.0,0.0,-0.0047828578390181065,0.030822856351733208,0.14053840935230255,-0.05536843091249466,0.01081465557217598,0.06291230767965317,-0.04673964902758598,0.0115367341786623,-0.26436373591423035,-47.33193588256836,-0.19115258753299713,0.3218584656715393,-0.005687102675437927,-0.22733251750469208,0.16977077722549438,-0.39120838046073914,0.23013348877429962,11.830405235290527,11.253214836120605,11.509763717651367,12.746355056762695,-0.018398437649011612,-0.02299804612994194,-0.009199218824505806,-0.018398437649011612,0.0,-0.028446516022086143,-0.013290372677147388,-0.013702946715056896,-0.027042092755436897,0.0,-0.004713256843388081,0.3711392283439636,-10.092750549316406,0.0024847984313964844,-0.0469667911529541,-8.636930465698242,0.0,0.0,0.0,0.0,0.0,0.0,0.0,0.0,0.0,0.0,0.0,0.0,-0.025430617853999138,-0.01913384720683098,-0.015766354277729988,-0.02230965904891491,0.2831912636756897,0.26093360781669617,0.27532732486724854,0.29200443625450134,-0.5496949553489685,0.598243772983551,-0.20236358046531677,0.0,0.0,0.0,0.0,0.0,0.0,0.0
25666485632,0,-0.015454879961907864,-0.016844818368554115,-0.7665175199508667,6.569455581484362e-05,-0.04113857448101044,-0.8442511558532715,0.013725930824875832,-0.075082927942276,-0.024968424811959267,0.031041303649544716,-0.04858775436878204,-0.07773363590240479,-0.00036952263326384127,-0.006194830406457186,0.03302789479494095,0.0,0.0,-0.0047828578390181065,0.038032468408346176,0.14394508302211761,-0.04466509446501732,-0.0018066961783915758,0.02704942412674427,-0.04482465982437134,0.0115367341786623,-0.26436373591423035,-47.33193588256836,-0.19096189737319946,0.29365622997283936,0.006569340825080872,-0.22752618789672852,0.16820116341114044,-0.3909073770046234,0.23047864437103271,11.830405235290527,11.253214836120605,11.509763717651367,12.746355056762695,-0.018398437649011612,-0.02299804612994194,-0.010732421651482582,-0.018398437649011612,0.0,-0.028464317321777344,-0.013309082947671413,-0.013721241615712643,-0.027058616280555725,0.0,-0.023713745176792145,0.5135437250137329,-9.84228229522705,0.0024847984313964844,-0.0469667911529541,-8.636930465698242,0.0,0.0,0.0,0.0,0.0,0.0,0.0,0.0,0.0,0.0,0.0,0.0,-0.026211334392428398,-0.01780177652835846,-0.015084376558661461,-0.023511560633778572,0.27736616134643555,0.266044944524765,0.2710854411125183,0.2951948940753937,0.19248750805854797,0.26784461736679077,0.27462491393089294,0.0,0.0,0.0,0.0,0.0,0.0,0.0
25676560220,0,-0.0157850943505764,-0.017914388328790665,-0.7668057680130005,6.569455581484362e-05,-0.04113857448101044,-0.8442511558532715,0.01037138793617487,-0.07122161239385605,-0.023700281977653503,0.03170173615217209,-0.04644860327243805,-0.077445387840271,0.00020183275046292692,-0.003404044546186924,0.03257108852267265,0.0,0.0,-0.0047828578390181065,0.038032468408346176,0.14394508302211761,-0.04466509446501732,-0.00297768646851182,0.017370307818055153,-0.044627949595451355,0.03666568920016289,-0.2787143588066101,-47.55792999267578,-0.20859861373901367,0.270615816116333,-0.006079748272895813,-0.2276850938796997,0.16683457791805267,-0.39018991589546204,0.230898916721344,12.141020774841309,11.001715660095215,11.944677352905273,12.478645324707031,-0.018398437649011612,-0.02299804612994194,-0.010732421651482582,-0.021464843302965164,0.0,-0.027436140924692154,-0.01236021425575018,-0.013555125333368778,-0.028772110119462013,0.0,0.10628067702054977,0.22577688097953796,-10.08759880065918,0.010700557380914688,-0.05067182704806328,-8.6454439163208,0.0,0.0,0.0,0.0,0.0,0.0,0.0,0.0,0.0,0.0,0.0,0.0,-0.026962783187627792,-0.01627298630774021,-0.014488928951323032,-0.024835482239723206,0.28343096375465393,0.2610906660556793,0.2795996069908142,0.29000112414360046,0.19248750805854797,0.26784461736679077,0.27462491393089294,0.0,0.0,0.0,0.0,0.0,0.0,0.0
25686698075,0,-0.015946118161082268,-0.018408333882689476,-0.7669668793678284,6.569455581484362e-05,-0.04113857448101044,-0.8442511558532715,0.010603477247059345,-0.07347625494003296,-0.024932008236646652,0.03202378377318382,-0.04546070843935013,-0.07728427648544312,0.00035829003900289536,-0.0021876683458685875,0.03240707144141197,0.0,0.0,-0.0047828578390181065,0.037413597106933594,0.14363865554332733,-0.039547596126794815,-0.00297768646851182,0.017370307818055153,-0.044627949595451355,0.06181773543357849,-0.24298982322216034,-47.49280548095703,-0.21020910143852234,0.2586871087551117,-0.010076716542243958,-0.22777093946933746,0.16683457791805267,-0.39018991589546204,0.230898916721344,12.203869819641113,10.901336669921875,12.049131393432617,12.34656047821045,-0.019931640475988388,-0.02299804612994194,-0.012265625409781933,-0.024531250819563866,0.0,-0.025538206100463867,-0.01282551046460867,-0.015231817029416561,-0.02878469042479992,0.0,0.10628067702054977,0.22577688097953796,-10.08759880065918,0.011239588260650635,-0.044179968535900116,-8.635055541992188,0.0,0.0,0.0,0.0,0.0,0.0,0.0,0.0,0.0,0.0,0.0,0.0,-0.027379577979445457,-0.014864332042634487,-0.014108779840171337,-0.0261345524340868,0.28343096375465393,0.2610906660556793,0.2795996069908142,0.29000112414360046,0.08683618158102036,0.10553611069917679,0.32218867540359497,0.0,0.0,0.0,0.0,0.0,0.0,0.0
25696543147,0,-0.015946118161082268,-0.018408333882689476,-0.7669668793678284,6.569455581484362e-05,-0.04113857448101044,-0.8442511558532715,0.010603477247059345,-0.07347625494003296,-0.024932008236646652,0.03202378377318382,-0.04546070843935013,-0.07728427648544312,0.00035829003900289536,-0.0021876683458685875,0.03240707144141197,0.0,0.0,-0.0047828578390181065,0.037413597106933594,0.14363865554332733,-0.039547596126794815,-0.004078314173966646,0.008124113082885742,-0.044381678104400635,0.06181773543357849,-0.24298982322216034,-47.49280548095703,-0.21020910143852234,0.2586871087551117,-0.010076716542243958,-0.22777093946933746,0.16626156866550446,-0.3896515369415283,0.23127597570419312,12.203869819641113,10.901336669921875,12.049131393432617,12.34656047821045,-0.019931640475988388,-0.02299804612994194,-0.010732421651482582,-0.026064453646540642,0.0,-0.025538206100463867,-0.01282551046460867,-0.015231817029416561,-0.02878469042479992,0.0,0.05356061831116676,0.04293786361813545,-9.905900955200195,0.011239588260650635,-0.044179968535900116,-8.635055541992188,0.0,0.0,0.0,0.0,0.0,0.0,0.0,0.0,0.0,0.0,0.0,0.0,-0.027332331985235214,-0.013773854821920395,-0.01405169814825058,-0.027261892333626747,0.2846556305885315,0.2591097950935364,0.2816386818885803,0.28743335604667664,0.08683618158102036,0.10553611069917679,0.32218867540359497,0.0,0.0,0.0,0.0,0.0,0.0,0.0
25706677965,0,-0.016281377524137497,-0.01937015913426876,-0.7673054337501526,6.569455581484362e-05,-0.04113857448101044,-0.8442511558532715,0.010111610405147076,-0.07262463867664337,-0.03363359719514847,0.03269430622458458,-0.04353705048561096,-0.0769457221031189,0.000756342604290694,0.00014927604934200644,0.031956903636455536,0.0,0.0,-0.0047828578390181065,0.0297283623367548,0.140591099858284,-0.04287099465727806,-0.004078314173966646,0.008124113082885742,-0.044381678104400635,0.07639433443546295,-0.23137108981609344,-47.1265869140625,-0.2009436935186386,0.24144472181797028,-0.002690359950065613,-0.2279379963874817,0.16626156866550446,-0.3896515369415283,0.23127597570419312,11.915719985961914,11.034822463989258,11.78478717803955,12.398975372314453,-0.019931640475988388,-0.021464843302965164,-0.010732421651482582,-0.027597656473517418,0.0,-0.025393657386302948,-0.012592033483088017,-0.016374904662370682,-0.028762003406882286,0.0,0.05356061831116676,0.04293786361813545,-9.905900955200195,0.013889878988265991,-0.04206747189164162,-8.568470001220703,0.0,0.0,0.0,0.0,0.0,0.0,0.0,0.0,0.0,0.0,0.0,0.0,-0.02697136253118515,-0.013051777146756649,-0.014294121414422989,-0.028096282854676247,0.2846556305885315,0.2591097950935364,0.2816386818885803,0.28743335604667664,-0.21723529696464539,-0.06192031130194664,-0.1090550571680069,0.0,0.0,0.0,0.0,0.0,0.0,0.0
25716653722,0,-0.016281377524137497,-0.01937015913426876,-0.7673054337501526,6.569455581484362e-05,-0.04113857448101044,-0.8442511558532715,0.010111610405147076,-0.07262463867664337,-0.03363359719514847,0.03336835652589798,-0.04177352041006088,-0.0765763521194458,0.000756342604290694,0.00014927604934200644,0.031956903636455536,0.0,0.0,-0.0047828578390181065,0.02993224374949932,0.1386072337627411,-0.046538326889276505,-0.010729203000664711,-0.016424555331468582,-0.04190363734960556,0.07639433443546295,-0.23137108981609344,-47.1265869140625,-0.2009436935186386,0.24144472181797028,-0.002690359950065613,-0.2279379963874817,0.1652391105890274,-0.3884369134902954,0.23197238147258759,11.915719985961914,11.034822463989258,11.78478717803955,12.398975372314453,-0.018398437649011612,-0.021464843302965164,-0.010732421651482582,-0.027597656473517418,0.0,-0.025393657386302948,-0.012592033483088017,-0.016374904662370682,-0.028762003406882286,0.0,-0.07792279124259949,0.43790411949157715,-9.54906177520752,0.01348913088440895,-0.04175015911459923,-8.528538703918457,0.0,0.0,0.0,0.0,0.0,0.0,0.0,0.0,0.0,0.0,0.0,0.0,-0.026509370654821396,-0.012622585520148277,-0.014744576998054981,-0.028630532324314117,0.2790338099002838,0.26174354553222656,0.2764737904071808,0.28845277428627014,-0.09712453186511993,-0.11780530959367752,-0.2265176773071289,0.0,0.0,0.0,0.0,0.0,0.0,0.0
25726529313,0,-0.016618400812149048,-0.020251918584108353,-0.7676748037338257,6.569455581484362e-05,-0.04113857448101044,-0.8442511558532715,0.011073770932853222,-0.07098256051540375,-0.03950108215212822,0.03336835652589798,-0.04177352041006088,-0.0765763521194458,0.0014661129098385572,0.002674677176401019,0.030929774045944214,0.0,0.0,-0.0047828578390181065,0.02993224374949932,0.1386072337627411,-0.046538326889276505,-0.011503414250910282,-0.02134641259908676,-0.042852383106946945,0.060876548290252686,-0.22408808767795563,-46.98268127441406,-0.20442740619182587,0.2338096648454666,0.0015429407358169556,-0.22802716493606567,0.16473720967769623,-0.3876633942127228,0.2322254180908203,11.755985260009766,11.111926078796387,11.660861015319824,12.462368965148926,-0.019931640475988388,-0.021464843302965164,-0.010732421651482582,-0.027597656473517418,0.0,-0.025994762778282166,-0.01323890034109354,-0.016307547688484192,-0.027976324781775475,0.0,0.03418916091322899,0.011837977916002274,-10.345626831054688,0.01348913088440895,-0.04175015911459923,-8.528538703918457,0.0,0.0,0.0,0.0,0.0,0.0,0.0,0.0,0.0,0.0,0.0,0.0,-0.02610400877892971,-0.01243570726364851,-0.015263848938047886,-0.028881296515464783,0.27591022849082947,0.263263463973999,0.27404752373695374,0.2896850109100342,-0.09712453186511993,-0.11780530959367752,-0.2265176773071289,0.0,0.0,0.0,0.0,0.0,0.0,0.0
25737167963,0,-0.01701805181801319,-0.021150318905711174,-0.7681105732917786,6.569455581484362e-05,-0.04113857448101044,-0.8442511558532715,0.011210542172193527,-0.06315021216869354,-0.03434077650308609,0.034167662262916565,-0.03997671231627464,-0.07614058256149292,0.002549129305407405,0.004990695975720882,0.02953467331826687,0.0,0.0,-0.0047828578390181065,0.04500053822994232,0.13125084340572357,-0.04961473122239113,-0.011503414250910282,-0.02134641259908676,-0.042852383106946945,0.08934510499238968,-0.2428155094385147,-47.005157470703125,-0.23454734683036804,0.21801966428756714,0.0033244192600250244,-0.22817666828632355,0.16473720967769623,-0.3876633942127228,0.2322254180908203,11.645953178405762,11.141016960144043,11.69336986541748,12.53498363494873,-0.019931640475988388,-0.021464843302965164,-0.012265625409781933,-0.026064453646540642,0.0,-0.025958551093935966,-0.011721067130565643,-0.016570674255490303,-0.029158907011151314,0.0,0.03418916091322899,0.011837977916002274,-10.345626831054688,0.014639671891927719,-0.053849946707487106,-8.572484970092773,0.0,0.0,0.0,0.0,0.0,0.0,0.0,0.0,0.0,0.0,0.0,0.0,-0.025855086743831635,-0.012392147444188595,-0.015727069228887558,-0.02892843447625637,0.27591022849082947,0.263263463973999,0.27404752373695374,0.2896850109100342,0.5381396412849426,-0.30619680881500244,-0.13187803328037262,0.0,0.0,0.0,0.0,0.0,0.0,0.0
25746429822,0,-0.01701805181801319,-0.021150318905711174,-0.7681105732917786,6.569455581484362e-05,-0.04113857448101044,-0.8442511558532715,0.011210542172193527,-0.06315021216869354,-0.03434077650308609,0.034167662262916565,-0.03997671231627464,-0.07614058256149292,0.002549129305407405,0.004990695975720882,0.02953467331826687,0.0,0.0,-0.0047828578390181065,0.06098642572760582,0.12636111676692963,-0.04599795863032341,-0.028538011014461517,-0.05797623470425606,-0.03969278559088707,0.08934510499238968,-0.2428155094385147,-47.005157470703125,-0.23454734683036804,0.21801966428756714,0.0033244192600250244,-0.22817666828632355,0.16417275369167328,-0.38602274656295776,0.23250238597393036,11.645953178405762,11.141016960144043,11.69336986541748,12.53498363494873,-0.019931640475988388,-0.019931640475988388,-0.010732421651482582,-0.026064453646540642,0.0,-0.025958551093935966,-0.011721067130565643,-0.016570674255490303,-0.029158907011151314,0.0,0.18864093720912933,0.09904643893241882,-9.841362953186035,0.014639671891927719,-0.053849946707487106,-8.572484970092773,0.0,0.0,0.0,0.0,0.0,0.0,0.0,0.0,0.0,0.0,0.0,0.0,-0.025753425434231758,-0.012316911481320858,-0.016098417341709137,-0.028939586132764816,0.27375560998916626,0.2638363838195801,0.27468442916870117,0.29109540581703186,0.6281965970993042,-0.15390324592590332,0.10297450423240662,0.0,0.0,0.0,0.0,0.0,0.0,0.0
25756318091,0,-0.017490651458501816,-0.021963899955153465,-0.7686130404472351,6.569455581484362e-05,-0.04113857448101044,-0.8442511558532715,0.004059956409037113,-0.057165272533893585,-0.032135821878910065,0.03511286526918411,-0.038349542766809464,-0.07563811540603638,0.0036379224620759487,0.007268696557730436,0.02830819971859455,0.0,0.0,-0.0047828578390181065,0.06098642572760582,0.12636111676692963,-0.04599795863032341,-0.032220158725976944,-0.06528657674789429,-0.03929340839385986,0.14393794536590576,-0.31147027015686035,-47.24909210205078,-0.2623784840106964,0.20170046389102936,-0.005708813667297363,-0.22831416130065918,0.16440349817276,-0.38404223322868347,0.23281504213809967,11.864215850830078,10.958823204040527,12.048799514770508,12.387513160705566,-0.019931640475988388,-0.018398437649011612,-0.012265625409781933,-0.029130859300494194,0.0,-0.025912681594491005,-0.007953173480927944,-0.015681538730859756,-0.03303755447268486,0.0,-0.13710840046405792,0.1411435604095459,-9.617935180664062,0.030792374163866043,-0.063029944896698,-8.586869239807129,0.0,0.0,0.0,0.0,0.0,0.0,0.0,0.0,0.0,0.0,0.0,0.0,-0.025739163160324097,-0.011996138840913773,-0.016327178105711937,-0.029164468869566917,0.2780272662639618,0.2602445185184479,0.2816322445869446,0.28822994232177734,0.6281965970993042,-0.15390324592590332,0.10297450423240662,0.0,0.0,0.0,0.0,0.0,0.0,0.0
25766455792,0,-0.017490651458501816,-0.021963899955153465,-0.7686130404472351,6.569455581484362e-05,-0.04113857448101044,-0.8442511558532715,0.004059956409037113,-0.057165272533893585,-0.032135821878910065,0.03511286526918411,-0.038349542766809464,-0.07563811540603638,0.0036379224620759487,0.007268696557730436,0.02830819971859455,0.0,0.0,-0.0047828578390181065,0.05959347262978554,0.12397284805774689,-0.04000137001276016,-0.032220158725976944,-0.06528657674789429,-0.03929340839385986,0.14393794536590576,-0.31147027015686035,-47.24909210205078,-0.2623784840106964,0.20170046389102936,-0.005708813667297363,-0.22831416130065918,0.16440349817276,-0.38404223322868347,0.23281504213809967,11.864215850830078,10.958823204040527,12.048799514770508,12.387513160705566,-0.019931640475988388,-0.018398437649011612,-0.012265625409781933,-0.03066406212747097,0.0,-0.025912681594491005,-0.007953173480927944,-0.015681538730859756,-0.03303755447268486,0.0,-0.13710840046405792,0.1411435604095459,-9.617935180664062,0.030792374163866043,-0.063029944896698,-8.586869239807129,0.0,0.0,0.0,0.0,0.0,0.0,0.0,0.0,0.0,0.0,0.0,0.0,-0.02576628513634205,-0.011266161687672138,-0.01636156439781189,-0.02981082908809185,0.2780272662639618,0.2602445185184479,0.2816322445869446,0.28822994232177734,0.20820297300815582,-0.15256915986537933,0.35593608021736145,0.0,0.0,0.0,0.0,0.0,0.0,0.0
25777103318,0,-0.017752408981323242,-0.02234567701816559,-0.7688910961151123,6.569455581484362e-05,-0.04113857448101044,-0.8442511558532715,0.0029971038457006216,-0.05239003524184227,-0.03499695658683777,0.035636384040117264,-0.03758598491549492,-0.07536005973815918,0.004106645938009024,0.008185427635908127,0.027979044243693352,0.0,0.0,-0.0047828578390181065,0.05959347262978554,0.12397284805774689,-0.04000137001276016,-0.036641694605350494,-0.07325484603643417,-0.03915407881140709,0.1693580597639084,-0.346664696931839,-47.227779388427734,-0.25857168436050415,0.1953260600566864,-0.00766049325466156,-0.22836898267269135,0.16467604041099548,-0.3830597996711731,0.23300108313560486,11.903761863708496,10.920289039611816,12.096424102783203,12.317276954650879,-0.019931640475988388,-0.018398437649011612,-0.012265625409781933,-0.03066406212747097,0.0,-0.026121987029910088,-0.0060241976752877235,-0.01533900573849678,-0.03497173637151718,0.0,0.01572367548942566,-0.05054891109466553,-10.206011772155762,0.03378547355532646,-0.07112026959657669,-8.56301498413086,0.0,0.0,0.0,0.0,0.0,0.0,0.0,0.0,0.0,0.0,0.0,0.0,-0.02581629529595375,-0.010206825099885464,-0.01623719185590744,-0.030813362449407578,0.2788001000881195,0.25948387384414673,0.2825612723827362,0.286863774061203,0.20820297300815582,-0.15256915986537933,0.35593608021736145,0.0,0.0,0.0,0.0,0.0,0.0,0.0
25786440330,0,-0.018230076879262924,-0.023120414465665817,-0.7694778442382812,6.569455581484362e-05,-0.04113857448101044,-0.8442511558532715,0.0006493386463262141,-0.04195550084114075,-0.04444170370697975,0.036591723561286926,-0.036036498844623566,-0.07477331161499023,0.005262648221105337,0.0101132458075881,0.027727648615837097,0.0,0.0,-0.0047828578390181065,0.053768835961818695,0.1169573962688446,-0.03365252912044525,-0.036641694605350494,-0.07325484603643417,-0.03915407881140709,0.2194863259792328,-0.4896220564842224,-46.69381332397461,-0.25857168436050415,0.1953260600566864,-0.00766049325466156,-0.22836898267269135,0.16467604041099548,-0.3830597996711731,0.23300108313560486,11.87117862701416,10.686829566955566,12.113588333129883,12.031477928161621,-0.019931640475988388,-0.019931640475988388,-0.012265625409781933,-0.027597656473517418,0.0,-0.028959427028894424,0.00023211445659399033,-0.012607639655470848,-0.04148101061582565,0.0,0.01572367548942566,-0.05054891109466553,-10.206011772155762,0.03990660607814789,-0.0890221893787384,-8.489784240722656,0.0,0.0,0.0,0.0,0.0,0.0,0.0,0.0,0.0,0.0,0.0,0.0,-0.0260185394436121,-0.008714394643902779,-0.015900084748864174,-0.03228480741381645,0.2788001000881195,0.25948387384414673,0.2825612723827362,0.286863774061203,-0.16407142579555511,-0.25721585750579834,0.34501221776008606,0.0,0.0,0.0,0.0,0.0,0.0,0.0
25796593343,0,-0.018230076879262924,-0.023120414465665817,-0.7694778442382812,6.569455581484362e-05,-0.04113857448101044,-0.8442511558532715,0.0006493386463262141,-0.04195550084114075,-0.04444170370697975,0.036591723561286926,-0.036036498844623566,-0.07477331161499023,0.005262648221105337,0.0101132458075881,0.027727648615837097,0.0,0.0,-0.0047828578390181065,0.06925375014543533,0.1115594208240509,-0.029279766604304314,-0.04720108583569527,-0.08824341744184494,-0.038789454847574234,0.2194863259792328,-0.4896220564842224,-46.69381332397461,-0.2581489086151123,0.1785898655653,-0.012696132063865662,-0.22849106788635254,0.16539186239242554,-0.38052913546562195,0.2336656153202057,11.87117862701416,10.686829566955566,12.113588333129883,12.031477928161621,-0.019931640475988388,-0.019931640475988388,-0.012265625409781933,-0.029130859300494194,0.0,-0.028970615938305855,0.0002196954155806452,-0.012618598528206348,-0.04149206355214119,0.0,0.13720180094242096,0.11275957524776459,-9.963065147399902,0.03990660607814789,-0.0890221893787384,-8.489784240722656,0.0,0.0,0.0,0.0,0.0,0.0,0.0,0.0,0.0,0.0,0.0,0.0,-0.026530297473073006,-0.006618712097406387,-0.015253252349793911,-0.034405652433633804,0.2789096236228943,0.25388649106025696,0.2838088274002075,0.2806214988231659,0.5263084173202515,-0.22376398742198944,0.2575918734073639,0.0,0.0,0.0,0.0,0.0,0.0,0.0
25806546775,0,-0.01880982145667076,-0.02407347783446312,-0.770481526851654,6.569455581484362e-05,-0.04113857448101044,-0.8442511558532715,-0.0029936477076262236,-0.028451470658183098,-0.05422220751643181,0.0377512201666832,-0.034130364656448364,-0.07376962900161743,0.007544353604316711,0.013141625560820103,0.027173982933163643,0.0,0.0,-0.0047828578390181065,0.06925375014543533,0.1115594208240509,-0.029279766604304314,-0.04720108583569527,-0.08824341744184494,-0.038789454847574234,0.24461331963539124,-0.5916613936424255,-46.43196105957031,-0.292616605758667,0.16502976417541504,-0.015120401978492737,-0.22863870859146118,0.16647879779338837,-0.3778438866138458,0.23441803455352783,11.79055404663086,10.530268669128418,12.184699058532715,11.93708324432373,-0.019931640475988388,-0.018398437649011612,-0.013798828236758709,-0.029130859300494194,0.0,-0.03148976340889931,0.004477340262383223,-0.010326279327273369,-0.04560383781790733,0.0,0.06441977620124817,0.6835217475891113,-10.187122344970703,0.04887481778860092,-0.11241145431995392,-8.41995906829834,0.0,0.0,0.0,0.0,0.0,0.0,0.0,0.0,0.0,0.0,0.0,0.0,-0.02734798565506935,-0.004129171371459961,-0.014342710375785828,-0.03694552183151245,0.276586651802063,0.2517687678337097,0.28428220748901367,0.2794512212276459,0.5263084173202515,-0.22376398742198944,0.2575918734073639,0.0,0.0,0.0,0.0,0.0,0.0,0.0
25816699572,0,-0.018977884203195572,-0.024304699152708054,-0.7708520293235779,6.569455581484362e-05,-0.04113857448101044,-0.8442511558532715,-0.006680350750684738,-0.03170910105109215,-0.054771628230810165,0.03808734565973282,-0.0336679182946682,-0.0733991265296936,0.00807131640613079,0.014174330979585648,0.02664380520582199,0.0,0.0,-0.0047828578390181065,0.07407799363136292,0.10904871672391891,-0.03264198079705238,-0.04720108583569527,-0.08824341744184494,-0.038789454847574234,0.26881149411201477,-0.6182630062103271,-46.309776306152344,-0.292616605758667,0.16502976417541504,-0.015120401978492737,-0.22863870859146118,0.16647879779338837,-0.3778438866138458,0.23441803455352783,11.535507202148438,10.658653259277344,12.012700080871582,12.112842559814453,-0.019931640475988388,-0.016865234822034836,-0.013798828236758709,-0.029130859300494194,0.0,-0.032259926199913025,0.006108488421887159,-0.010403390042483807,-0.04642597585916519,0.0,0.06441977620124817,0.6835217475891113,-10.187122344970703,0.057175811380147934,-0.10515192896127701,-8.417993545532227,0.0,0.0,0.0,0.0,0.0,0.0,0.0,0.0,0.0,0.0,0.0,0.0,-0.028433721512556076,-0.0014378142077475786,-0.01326305978000164,-0.03964059799909592,0.276586651802063,0.2517687678337097,0.28428220748901367,0.2794512212276459,0.5044135451316833,-0.22109076380729675,-0.012112581171095371,0.0,0.0,0.0,0.0,0.0,0.0,0.0
25826952327,0,-0.018977884203195572,-0.024304699152708054,-0.7708520293235779,6.569455581484362e-05,-0.04113857448101044,-0.8442511558532715,-0.006680350750684738,-0.03170910105109215,-0.054771628230810165,0.03808734565973282,-0.0336679182946682,-0.0733991265296936,0.00807131640613079,0.014174330979585648,0.02664380520582199,0.0,0.0,-0.0047828578390181065,0.07447361946105957,0.10244013369083405,-0.04389288276433945,-0.0644698441028595,-0.11633550375699997,-0.03714239224791527,0.26881149411201477,-0.6182630062103271,-46.309776306152344,-0.3140159249305725,0.15880009531974792,-0.007802516222000122,-0.22871999442577362,0.16736139357089996,-0.3762545585632324,0.23480434715747833,11.535507202148438,10.658653259277344,12.012700080871582,12.112842559814453,-0.019931640475988388,-0.015332031063735485,-0.012265625409781933,-0.029130859300494194,0.0,-0.03226759284734726,0.006100198719650507,-0.010410747490823269,-0.04643328860402107,0.0,-0.09699069708585739,0.10440138727426529,-10.094422340393066,0.057175811380147934,-0.10515192896127701,-8.417993545532227,0.0,0.0,0.0,0.0,0.0,0.0,0.0,0.0,0.0,0.0,0.0,0.0,-0.029638564214110374,0.0012026960030198097,-0.01220116950571537,-0.042180560529232025,0.27159038186073303,0.2543118894100189,0.2809278070926666,0.28288137912750244,0.24019025266170502,-0.41056424379348755,-0.5274499654769897,0.0,0.0,0.0,0.0,0.0,0.0,0.0
25836520855,0,-0.019379600882530212,-0.02470734529197216,-0.7716363668441772,6.569455581484362e-05,-0.04113857448101044,-0.8442511558532715,-0.009640748612582684,-0.028057049959897995,-0.05681925639510155,0.0388907827436924,-0.032862622290849686,-0.07261478900909424,0.0088392598554492,0.015973860397934914,0.025499554350972176,0.0,0.0,-0.0047828578390181065,0.07362064719200134,0.09620406478643417,-0.05176667496562004,-0.0644698441028595,-0.11633550375699997,-0.03714239224791527,0.26881149411201477,-0.6182630062103271,-46.309776306152344,-0.3140159249305725,0.15880009531974792,-0.007802516222000122,-0.22871999442577362,0.16736139357089996,-0.3762545585632324,0.23480434715747833,11.033809661865234,11.149968147277832,11.524093627929688,12.587650299072266,-0.019931640475988388,-0.013798828236758709,-0.012265625409781933,-0.032197266817092896,0.0,-0.03373531624674797,0.005831393413245678,-0.010852158069610596,-0.04468061029911041,0.0,-0.09699069708585739,0.10440138727426529,-10.094422340393066,0.06462040543556213,-0.11091881990432739,-8.403992652893066,0.0,0.0,0.0,0.0,0.0,0.0,0.0,0.0,0.0,0.0,0.0,0.0,-0.030783602967858315,0.003393035614863038,-0.01136856060475111,-0.04413329437375069,0.27159038186073303,0.2543118894100189,0.2809278070926666,0.28288137912750244,0.0950334444642067,-0.4742981493473053,-0.6286932826042175,0.0,0.0,0.0,0.0,0.0,0.0,0.0
25846477101,0,-0.019379600882530212,-0.02470734529197216,-0.7716363668441772,6.569455581484362e-05,-0.04113857448101044,-0.8442511558532715,-0.009640748612582684,-0.028057049959897995,-0.05681925639510155,0.0388907827436924,-0.032862622290849686,-0.07261478900909424,0.0088392598554492,0.015973860397934914,0.025499554350972176,0.0,0.0,-0.0047828578390181065,0.06772714853286743,0.09636037051677704,-0.050853487104177475,-0.07275765389204025,-0.1349172443151474,-0.03594766557216644,0.31107455492019653,-0.6051255464553833,-46.28492736816406,-0.31335553526878357,0.1542591154575348,0.011752203106880188,-0.22886459529399872,0.16928791999816895,-0.37313467264175415,0.2350350022315979,11.033809661865234,11.149968147277832,11.524093627929688,12.587650299072266,-0.019931640475988388,-0.012265625409781933,-0.012265625409781933,-0.03373046964406967,0.0,-0.031973425298929214,0.006740858778357506,-0.012565577402710915,-0.04551199823617935,0.0,-0.0497887060046196,0.2603696882724762,-10.020838737487793,0.06462040543556213,-0.11091881990432739,-8.403992652893066,0.0,0.0,0.0,0.0,0.0,0.0,0.0,0.0,0.0,0.0,0.0,0.0,-0.03174243122339249,0.004974570591002703,-0.010922461748123169,-0.04531387984752655,0.2617237865924835,0.26401278376579285,0.2713664472103119,0.292117714881897,-0.2579285502433777,-0.24877473711967468,-0.32960590720176697,0.0,0.0,0.0,0.0,0.0,0.0,0.0
25856896841,0,-0.019616609439253807,-0.024870477616786957,-0.7720382809638977,6.569455581484362e-05,-0.04113857448101044,-0.8442511558532715,-0.011425689794123173,-0.027133602648973465,-0.058501146733760834,0.039364803582429886,-0.03253635764122009,-0.07221287488937378,0.009254436008632183,0.01691558212041855,0.025253377854824066,0.0,0.0,-0.0047828578390181065,0.06772714853286743,0.09636037051677704,-0.050853487104177475,-0.07643263787031174,-0.1424494981765747,-0.03579767793416977,0.35541224479675293,-0.610053539276123,-46.22195816040039,-0.30815428495407104,0.14280742406845093,0.008373498916625977,-0.2289198338985443,0.1704104244709015,-0.3713320195674896,0.2350190132856369,11.092256546020508,11.07569694519043,11.603350639343262,12.46110725402832,-0.021464843302965164,-0.012265625409781933,-0.012265625409781933,-0.03526367247104645,0.0,-0.030553558841347694,0.008353323675692081,-0.013685840182006359,-0.04737865552306175,0.0,-0.00029280668240971863,-0.025846557691693306,-10.026745796203613,0.06911234557628632,-0.1121814101934433,-8.39128589630127,0.0,0.0,0.0,0.0,0.0,0.0,0.0,0.0,0.0,0.0,0.0,0.0,-0.032272398471832275,0.006110746879130602,-0.010978901758790016,-0.04597881808876991,0.2631723880767822,0.26210278272628784,0.2732793390750885,0.2894468605518341,-0.2579285502433777,-0.24877473711967468,-0.32960590720176697,0.0,0.0,0.0,0.0,0.0,0.0,0.0
25866394522,0,-0.020065782591700554,-0.025167277082800865,-0.7728428840637207,6.569455581484362e-05,-0.04113857448101044,-0.8442511558532715,-0.015820831060409546,-0.01981251686811447,-0.059923190623521805,0.04026315361261368,-0.03194275498390198,-0.07140827178955078,0.010518934577703476,0.018767056986689568,0.02481268160045147,0.0,0.0,-0.0047828578390181065,0.060118112713098526,0.10122399032115936,-0.04589474946260452,-0.07643263787031174,-0.1424494981765747,-0.03579767793416977,0.35541224479675293,-0.610053539276123,-46.22195816040039,-0.30815428495407104,0.14280742406845093,0.008373498916625977,-0.2289198338985443,0.1704104244709015,-0.3713320195674896,0.2350190132856369,11.129606246948242,10.94953441619873,11.754364013671875,12.266197204589844,-0.021464843302965164,-0.012265625409781933,-0.012265625409781933,-0.036796875298023224,0.0,-0.03045099414885044,0.008449568413197994,-0.013509999960660934,-0.04813208431005478,0.0,-0.00029280668240971863,-0.025846557691693306,-10.026745796203613,0.07942990958690643,-0.12585140764713287,-8.380022048950195,0.0,0.0,0.0,0.0,0.0,0.0,0.0,0.0,0.0,0.0,0.0,0.0,-0.032276641577482224,0.007013402413576841,-0.011446371674537659,-0.04651279002428055,0.2631723880767822,0.26210278272628784,0.2732793390750885,0.2894468605518341,-0.2796230614185333,0.08144216984510422,-0.0737069845199585,0.0,0.0,0.0,0.0,0.0,0.0,0.0
25876487914,0,-0.020065782591700554,-0.025167277082800865,-0.7728428840637207,6.569455581484362e-05,-0.04113857448101044,-0.8442511558532715,-0.015820831060409546,-0.01981251686811447,-0.059923190623521805,0.04026315361261368,-0.03194275498390198,-0.07140827178955078,0.010518934577703476,0.018767056986689568,0.02481268160045147,0.0,0.0,-0.0047828578390181065,0.06846439093351364,0.0875609889626503,-0.050730008631944656,-0.09696061909198761,-0.16033850610256195,-0.034229736775159836,0.4368644952774048,-0.692182719707489,-46.09012222290039,-0.31543397903442383,0.11320766806602478,0.003283575177192688,-0.22903041541576385,0.1725020408630371,-0.367501437664032,0.2351778894662857,11.129606246948242,10.94953441619873,11.754364013671875,12.266197204589844,-0.021464843302965164,-0.010732421651482582,-0.010732421651482582,-0.038330078125,0.0,-0.030483311042189598,0.013720862567424774,-0.013499862514436245,-0.05286288633942604,0.0,0.24266569316387177,0.6220749020576477,-9.617049217224121,0.07942990958690643,-0.12585140764713287,-8.380022048950195,0.0,0.0,0.0,0.0,0.0,0.0,0.0,0.0,0.0,0.0,0.0,0.0,-0.031948067247867584,0.007961085066199303,-0.012064717710018158,-0.0472576878964901,0.2636117935180664,0.26006123423576355,0.2758784294128418,0.28586944937705994,0.20675069093704224,-0.5294836163520813,-0.3126290738582611,0.0,0.0,0.0,0.0,0.0,0.0,0.0
25886898356,0,-0.020500503480434418,-0.02536582015454769,-0.7736389636993408,6.569455581484362e-05,-0.04113857448101044,-0.8442511558532715,-0.0207903403788805,-0.008046562783420086,-0.05307447537779808,0.041132599115371704,-0.03154566511511803,-0.07061219215393066,0.012313099578022957,0.020098384469747543,0.023867791518568993,0.0,0.0,-0.0047828578390181065,0.06846439093351364,0.0875609889626503,-0.050730008631944656,-0.1001487597823143,-0.16757863759994507,-0.03316275775432587,0.5003070831298828,-0.8193681240081787,-46.3620491027832,-0.3401058316230774,0.1177017092704773,0.010030850768089294,-0.2291184663772583,0.17497706413269043,-0.3632481098175049,0.2352541834115982,10.995837211608887,11.143059730529785,11.686699867248535,12.547472953796387,-0.021464843302965164,-0.009199218824505806,-0.010732421651482582,-0.039863280951976776,0.0,-0.03291356936097145,0.019523154944181442,-0.01165767665952444,-0.0570637546479702,0.0,-0.03535132855176926,0.41443580389022827,-10.024210929870605,0.0909649208188057,-0.14897602796554565,-8.429463386535645,0.0,0.0,0.0,0.0,0.0,0.0,0.0,0.0,0.0,0.0,0.0,0.0,-0.031626805663108826,0.00951449852436781,-0.012549134902656078,-0.04863389953970909,0.2609749436378479,0.26387661695480347,0.2745537757873535,0.2913379967212677,0.20675069093704224,-0.5294836163520813,-0.3126290738582611,0.0,0.0,0.0,0.0,0.0,0.0,0.0
25896923320,0,-0.02105483040213585,-0.0254830215126276,-0.774431049823761,6.569455581484362e-05,-0.04113857448101044,-0.8442511558532715,-0.022426296025514603,-0.003495732555165887,-0.046761032193899155,0.042241260409355164,-0.031311262398958206,-0.0698201060295105,0.013283907435834408,0.02128629758954048,0.022624241188168526,0.0,0.0,-0.0047828578390181065,0.0704447403550148,0.07758975774049759,-0.05085495486855507,-0.1001487597823143,-0.16757863759994507,-0.03316275775432587,0.5210899114608765,-0.8513179421424866,-46.504051208496094,-0.34877604246139526,0.12321817874908447,0.00969560444355011,-0.22915656864643097,0.17497706413269043,-0.3632481098175049,0.2352541834115982,11.035179138183594,11.14848518371582,11.735493659973145,12.596996307373047,-0.021464843302965164,-0.006132812704890966,-0.012265625409781933,-0.04292968660593033,0.0,-0.03315791115164757,0.021182600408792496,-0.011276284232735634,-0.058324940502643585,0.0,-0.03535132855176926,0.41443580389022827,-10.024210929870605,0.09670685231685638,-0.1578034609556198,-8.46943187713623,0.0,0.0,0.0,0.0,0.0,0.0,0.0,0.0,0.0,0.0,0.0,0.0,-0.03160540759563446,0.01193423755466938,-0.012690267525613308,-0.050730668008327484,0.2609749436378479,0.26387661695480347,0.2745537757873535,0.2913379967212677,0.16550610959529877,-0.7433855533599854,-0.25095126032829285,0.0,0.0,0.0,0.0,0.0,0.0,0.0
25906537658,0,-0.02105483040213585,-0.0254830215126276,-0.774431049823761,6.569455581484362e-05,-0.04113857448101044,-0.8442511558532715,-0.022426296025514603,-0.003495732555165887,-0.046761032193899155,0.042241260409355164,-0.031311262398958206,-0.0698201060295105,0.013283907435834408,0.02128629758954048,0.022624241188168526,0.0,0.0,-0.0047828578390181065,0.06582212448120117,0.05913044139742851,-0.051563508808612823,-0.10466405749320984,-0.1698000431060791,-0.03271611034870148,0.5210899114608765,-0.8513179421424866,-46.504051208496094,-0.34877604246139526,0.12321817874908447,0.00969560444355011,-0.22915656864643097,0.1765274703502655,-0.3609527051448822,0.23523962497711182,11.035179138183594,11.14848518371582,11.735493659973145,12.596996307373047,-0.021464843302965164,-0.004599609412252903,-0.012265625409781933,-0.044462889432907104,0.0,-0.03315791115164757,0.021182600408792496,-0.011276284232735634,-0.058324940502643585,0.0,0.13114388287067413,0.07894272357225418,-9.40121078491211,0.09670685231685638,-0.1578034609556198,-8.46943187713623,0.0,0.0,0.0,0.0,0.0,0.0,0.0,0.0,0.0,0.0,0.0,0.0,-0.03187008947134018,0.01475431490689516,-0.012516352348029613,-0.053105052560567856,0.2617506682872772,0.26398345828056335,0.2755090296268463,0.2922990024089813,-0.20820005238056183,-0.8685437440872192,-0.2607761323451996,0.0,0.0,0.0,0.0,0.0,0.0,0.0
25916712774,0,-0.021595027297735214,-0.02553682029247284,-0.7751937508583069,6.569455581484362e-05,-0.04113857448101044,-0.8442511558532715,-0.02571757696568966,0.0062728868797421455,-0.044530563056468964,0.04332165792584419,-0.03120366483926773,-0.0690574049949646,0.014066701754927635,0.022175639867782593,0.021368900313973427,0.0,0.0,-0.0047828578390181065,0.06582212448120117,0.05913044139742851,-0.051563508808612823,-0.10466405749320984,-0.1698000431060791,-0.03271611034870148,0.5210899114608765,-0.8513179421424866,-46.504051208496094,-0.34877604246139526,0.12321817874908447,0.00969560444355011,-0.22915656864643097,0.1765274703502655,-0.3609527051448822,0.23523962497711182,11.035179138183594,11.14848518371582,11.735493659973145,12.596996307373047,-0.021464843302965164,-0.0015332031762227416,-0.012265625409781933,-0.04599609225988388,0.0,-0.03315791115164757,0.021182600408792496,-0.011276284232735634,-0.058324940502643585,0.0,0.13114388287067413,0.07894272357225418,-9.40121078491211,0.10533211380243301,-0.17728200554847717,-8.475050926208496,0.0,0.0,0.0,0.0,0.0,0.0,0.0,0.0,0.0,0.0,0.0,0.0,-0.03223790228366852,0.017327457666397095,-0.012201991863548756,-0.05523601919412613,0.2617506682872772,0.26398345828056335,0.2755090296268463,0.2922990024089813,-0.20820005238056183,-0.8685437440872192,-0.2607761323451996,0.0,0.0,0.0,0.0,0.0,0.0,0.0
25926387640,0,-0.021595027297735214,-0.02553682029247284,-0.7751937508583069,6.569455581484362e-05,-0.04113857448101044,-0.8442511558532715,-0.02571757696568966,0.0062728868797421455,-0.044530563056468964,0.04332165792584419,-0.03120366483926773,-0.0690574049949646,0.014066701754927635,0.022175639867782593,0.021368900313973427,0.0,0.0,-0.0047828578390181065,0.05437895283102989,0.036233026534318924,-0.059688009321689606,-0.11778571456670761,-0.17944882810115814,-0.03003632090985775,0.5551530718803406,-0.9215996265411377,-46.64305114746094,-0.35430920124053955,0.12938366830348969,0.01189848780632019,-0.2292092889547348,0.1796783208847046,-0.3567048907279968,0.23519712686538696,11.015005111694336,11.221046447753906,11.714811325073242,12.705377578735352,-0.021464843302965164,0.0,-0.013798828236758709,-0.04599609225988388,0.0,-0.03438705950975418,0.024329042062163353,-0.010207947343587875,-0.06074010208249092,0.0,-0.0333886444568634,0.33465537428855896,-9.383496284484863,0.10533211380243301,-0.17728200554847717,-8.475050926208496,0.0,0.0,0.0,0.0,0.0,0.0,0.0,0.0,0.0,0.0,0.0,0.0,-0.03264526650309563,0.019449489191174507,-0.01182728260755539,-0.05696546286344528,0.2613528072834015,0.2654120624065399,0.27510425448417664,0.2944009304046631,-0.545291006565094,-1.1437374353408813,-0.5442072749137878,0.0,0.0,0.0,0.0,0.0,0.0,0.0
25936423687,0,-0.02225506491959095,-0.025520475581288338,-0.7758899927139282,6.569455581484362e-05,-0.04113857448101044,-0.8442511558532715,-0.02843504585325718,0.014885134994983673,-0.050790052860975266,0.04464174062013626,-0.031236354261636734,-0.06836116313934326,0.014931592158973217,0.022497545927762985,0.020417770370841026,0.0,0.0,-0.0047828578390181065,0.05437895283102989,0.036233026534318924,-0.059688009321689606,-0.12286928296089172,-0.18001875281333923,-0.029690101742744446,0.593562662601471,-1.0114989280700684,-46.485599517822266,-0.35077208280563354,0.14889493584632874,0.02049146592617035,-0.22923515737056732,0.18317118287086487,-0.3522416353225708,0.23492619395256042,10.79261302947998,11.3751859664917,11.428961753845215,12.905057907104492,-0.019931640475988388,0.0015332031762227416,-0.012265625409781933,-0.04599609225988388,0.0,-0.03678636625409126,0.02798617258667946,-0.008872827515006065,-0.06332320719957352,0.0,0.08070525527000427,0.3936982750892639,-9.924439430236816,0.11295467615127563,-0.19451065361499786,-8.418168067932129,0.0,0.0,0.0,0.0,0.0,0.0,0.0,0.0,0.0,0.0,0.0,0.0,-0.03322100266814232,0.021417099982500076,-0.011331875808537006,-0.058520298451185226,0.2569618821144104,0.2684430181980133,0.2694993019104004,0.2982673645019531,-0.545291006565094,-1.1437374353408813,-0.5442072749137878,0.0,0.0,0.0,0.0,0.0,0.0,0.0
25946419087,0,-0.022620806470513344,-0.025482185184955597,-0.7762206196784973,6.569455581484362e-05,-0.04113857448101044,-0.8442511558532715,-0.02911100909113884,0.02133699133992195,-0.052418094128370285,0.04537322744727135,-0.031312935054302216,-0.06803053617477417,0.015570241957902908,0.02256687730550766,0.020137017592787743,0.0,0.0,-0.0047828578390181065,0.05100053921341896,0.022195890545845032,-0.06326539814472198,-0.12286928296089172,-0.18001875281333923,-0.029690101742744446,0.6212507486343384,-1.0698086023330688,-46.299922943115234,-0.35077208280563354,0.14889493584632874,0.02049146592617035,-0.22923515737056732,0.18317118287086487,-0.3522416353225708,0.23492619395256042,10.64402961730957,11.421887397766113,11.255535125732422,12.995437622070312,-0.019931640475988388,0.0,-0.012265625409781933,-0.04906250163912773,0.0,-0.0383179634809494,0.03053482621908188,-0.00804762914776802,-0.06522667407989502,0.0,0.08070525527000427,0.3936982750892639,-9.924439430236816,0.11551234126091003,-0.20758582651615143,-8.403522491455078,0.0,0.0,0.0,0.0,0.0,0.0,0.0,0.0,0.0,0.0,0.0,0.0,-0.034122031182050705,0.023545829579234123,-0.010657990351319313,-0.06013989448547363,0.2569618821144104,0.2684430181980133,0.2694993019104004,0.2982673645019531,-0.49026182293891907,-1.247875690460205,-0.5353100299835205,0.0,0.0,0.0,0.0,0.0,0.0,0.0
25956312455,0,-0.022620806470513344,-0.025482185184955597,-0.7762206196784973,6.569455581484362e-05,-0.04113857448101044,-0.8442511558532715,-0.02911100909113884,0.02133699133992195,-0.052418094128370285,0.04537322744727135,-0.031312935054302216,-0.06803053617477417,0.015570241957902908,0.02256687730550766,0.020137017592787743,0.0,0.0,-0.0047828578390181065,0.05100053921341896,0.022195890545845032,-0.06326539814472198,-0.13310252130031586,-0.1804054230451584,-0.028780421242117882,0.6212507486343384,-1.0698086023330688,-46.299922943115234,-0.35367828607559204,0.16068428754806519,0.025072991847991943,-0.229231059551239,0.18471108376979828,-0.35042017698287964,0.23469264805316925,10.64402961730957,11.421887397766113,11.255535125732422,12.995437622070312,-0.019931640475988388,0.0,-0.012265625409781933,-0.05059570446610451,0.0,-0.03831754997372627,0.030535215511918068,-0.00804724171757698,-0.06522634625434875,0.0,-0.047324277460575104,0.11845504492521286,-9.368082046508789,0.11551234126091003,-0.20758582651615143,-8.403522491455078,0.0,0.0,0.0,0.0,0.0,0.0,0.0,0.0,0.0,0.0,0.0,0.0,-0.03526875749230385,0.025764869526028633,-0.009882931597530842,-0.061787258833646774,0.2540224492549896,0.2693602442741394,0.2660905122756958,0.30001476407051086,-0.49026182293891907,-1.247875690460205,-0.5353100299835205,0.0,0.0,0.0,0.0,0.0,0.0,0.0
25966766684,0,-0.02346196398139,-0.025445112958550453,-0.7768415808677673,6.569455581484362e-05,-0.04113857448101044,-0.8442511558532715,-0.03342404589056969,0.030500099062919617,-0.047404903918504715,0.047055549919605255,-0.0313870795071125,-0.06740957498550415,0.016854533925652504,0.022611577063798904,0.019393865019083023,0.0,0.0,-0.0047828578390181065,0.05187423527240753,0.0012728869915008545,-0.06351117789745331,-0.13310252130031586,-0.1804054230451584,-0.028780421242117882,0.7015805840492249,-1.2455692291259766,-46.41145324707031,-0.36801525950431824,0.17606806755065918,0.0243527889251709,-0.22918204963207245,0.18851891160011292,-0.34645602107048035,0.23400340974330902,10.690743446350098,11.386835098266602,11.300803184509277,13.050270080566406,-0.021464843302965164,0.003066406352445483,-0.013798828236758709,-0.055195312947034836,0.0,-0.04130353778600693,0.03859013319015503,-0.005024610087275505,-0.07190200686454773,0.0,-0.02176351472735405,-0.17564070224761963,-9.445792198181152,0.1275601089000702,-0.22646713256835938,-8.438446044921875,0.0,0.0,0.0,0.0,0.0,0.0,0.0,0.0,0.0,0.0,0.0,0.0,-0.03653308376669884,0.02810804732143879,-0.009023590944707394,-0.0635400339961052,0.2540224492549896,0.2693602442741394,0.2660905122756958,0.30001476407051086,-0.20915943384170532,-1.0698310136795044,-0.2335035502910614,0.0,0.0,0.0,0.0,0.0,0.0,0.0
25982598542,0,-0.023855792358517647,-0.02546769194304943,-0.7771192193031311,6.569455581484362e-05,-0.04113857448101044,-0.8442511558532715,-0.03671698644757271,0.02963344007730484,-0.04127069190144539,0.04784321039915085,-0.03134192153811455,-0.06713193655014038,0.0171255711466074,0.022653261199593544,0.018943943083286285,0.0,0.0,-0.0047828578390181065,0.046105556190013885,-0.003447197610512376,-0.060292672365903854,-0.13310252130031586,-0.1804054230451584,-0.028780421242117882,0.7488367557525635,-1.237449288368225,-46.65526580810547,-0.36467215418815613,0.17677535116672516,0.020566552877426147,-0.22913403809070587,0.18851891160011292,-0.34645602107048035,0.23400340974330902,10.852031707763672,11.357524871826172,11.450270652770996,13.012216567993164,-0.02299804612994194,0.006132812704890966,-0.012265625409781933,-0.055195312947034836,0.0,-0.03887895494699478,0.0399136021733284,-0.006664356682449579,-0.07317479699850082,0.0,-0.02176351472735405,-0.17564070224761963,-9.445792198181152,0.13615213334560394,-0.22499078512191772,-8.482775688171387,0.0,0.0,0.0,0.0,0.0,0.0,0.0,0.0,0.0,0.0,0.0,0.0,-0.037785571068525314,0.030884146690368652,-0.008078119717538357,-0.06569583714008331,0.2540224492549896,0.2693602442741394,0.2660905122756958,0.30001476407051086,-0.4517831802368164,-0.7654472589492798,-0.02425544336438179,0.0,0.0,0.0,0.0,0.0,0.0,0.0
25987825211,0,-0.023855792358517647,-0.02546769194304943,-0.7771192193031311,6.569455581484362e-05,-0.04113857448101044,-0.8442511558532715,-0.03671698644757271,0.02963344007730484,-0.04127069190144539,0.04784321039915085,-0.03134192153811455,-0.06713193655014038,0.0171255711466074,0.022653261199593544,0.018943943083286285,0.0,0.0,-0.0047828578390181065,0.046105556190013885,-0.003447197610512376,-0.060292672365903854,-0.135741725564003,-0.17794518172740936,-0.02647329866886139,0.7488367557525635,-1.237449288368225,-46.65526580810547,-0.36467215418815613,0.17677535116672516,0.020566552877426147,-0.22913403809070587,0.19025005400180817,-0.3447771370410919,0.23372656106948853,10.852031707763672,11.357524871826172,11.450270652770996,13.012216567993164,-0.02299804612994194,0.0076660155318677425,-0.012265625409781933,-0.05672851577401161,0.0,-0.03887895494699478,0.0399136021733284,-0.006664356682449579,-0.07317479699850082,0.0,0.11427880078554153,-0.103599414229393,-9.52712631225586,0.13615213334560394,-0.22499078512191772,-8.482775688171387,0.0,0.0,0.0,0.0,0.0,0.0,0.0,0.0,0.0,0.0,0.0,0.0,-0.038715165108442307,0.033854592591524124,-0.007276603952050209,-0.0680774450302124,0.258136123418808,0.26809602975845337,0.2699176073074341,0.30033910274505615,-0.4517831802368164,-0.7654472589492798,-0.02425544336438179,0.0,0.0,0.0,0.0,0.0,0.0,0.0
25998177926,0,-0.025016773492097855,-0.025332974269986153,-0.7777780890464783,6.569455581484362e-05,-0.04113857448101044,-0.8442511558532715,-0.045821309089660645,0.026441190391778946,-0.028653228655457497,0.05016518384218216,-0.031611356884241104,-0.06647306680679321,0.016913672909140587,0.022239530459046364,0.016788693144917488,0.0,0.0,-0.0047828578390181065,0.02640591375529766,-0.01436174102127552,-0.06505388766527176,-0.135741725564003,-0.17794518172740936,-0.02647329866886139,0.7488367557525635,-1.237449288368225,-46.65526580810547,-0.36467215418815613,0.17677535116672516,0.020566552877426147,-0.22913403809070587,0.19025005400180817,-0.3447771370410919,0.23372656106948853,10.82542610168457,11.652044296264648,11.337211608886719,13.25904655456543,-0.021464843302965164,0.010732421651482582,-0.010732421651482582,-0.05672851577401161,0.0,-0.03897455707192421,0.038904231041669846,-0.00673080887645483,-0.07181019335985184,0.0,0.11427880078554153,-0.103599414229393,-9.52712631225586,0.1601232886314392,-0.21972344815731049,-8.563136100769043,0.0,0.0,0.0,0.0,0.0,0.0,0.0,0.0,0.0,0.0,0.0,0.0,-0.03920698165893555,0.03638698160648346,-0.00677249813452363,-0.07012639939785004,0.258136123418808,0.26809602975845337,0.2699176073074341,0.30033910274505615,-0.9683303833007812,-0.6354751586914062,-0.24768581986427307,0.0,0.0,0.0,0.0,0.0,0.0,0.0
26006836418,0,-0.025016773492097855,-0.025332974269986153,-0.7777780890464783,6.569455581484362e-05,-0.04113857448101044,-0.8442511558532715,-0.045821309089660645,0.026441190391778946,-0.028653228655457497,0.05016518384218216,-0.031611356884241104,-0.06647306680679321,0.016913672909140587,0.022239530459046364,0.016788693144917488,0.0,0.0,-0.0047828578390181065,0.010771093890070915,-0.027662884443998337,-0.06630223989486694,-0.13889718055725098,-0.1722959578037262,-0.024288179352879524,0.8342069387435913,-1.2198364734649658,-47.04997253417969,-0.34190070629119873,0.18409806489944458,0.027317970991134644,-0.22899788618087769,0.19411244988441467,-0.34087157249450684,0.2329937368631363,10.82542610168457,11.652044296264648,11.337211608886719,13.25904655456543,-0.019931640475988388,0.013798828236758709,-0.009199218824505806,-0.05826171860098839,0.0,-0.035595156252384186,0.04097451642155647,-0.009929412044584751,-0.07361055910587311,0.0,-0.17774122953414917,-0.2061530351638794,-9.415674209594727,0.1601232886314392,-0.21972344815731049,-8.563136100769043,0.0,0.0,0.0,0.0,0.0,0.0,0.0,0.0,0.0,0.0,0.0,0.0,-0.03924566134810448,0.0382390096783638,-0.006661371327936649,-0.07159081101417542,0.2576103210449219,0.2738749384880066,0.2676965892314911,0.30510279536247253,-0.7838810086250305,-0.5667890906333923,-0.011148509569466114,0.0,0.0,0.0,0.0,0.0,0.0,0.0
26016671327,0,-0.02572878822684288,-0.025144634768366814,-0.7780918478965759,6.569455581484362e-05,-0.04113857448101044,-0.8442511558532715,-0.04644563049077988,0.03455241769552231,-0.02776501700282097,0.05158922076225281,-0.03198803961277008,-0.06615930795669556,0.017169490456581116,0.021517030894756317,0.015610920265316963,0.0,0.0,-0.0047828578390181065,0.010771093890070915,-0.027662884443998337,-0.06630223989486694,-0.13889718055725098,-0.1722959578037262,-0.024288179352879524,0.8895236253738403,-1.2204920053482056,-47.12814712524414,-0.3361385464668274,0.19908641278743744,0.028423205018043518,-0.22880849242210388,0.19742654263973236,-0.3373694121837616,0.23203708231449127,10.849594116210938,11.685349464416504,11.297062873840332,13.320365905761719,-0.021464843302965164,0.015332031063735485,-0.0076660155318677425,-0.05826171860098839,0.0,-0.033714551478624344,0.042570266872644424,-0.011657265946269035,-0.0747452974319458,0.0,0.0008632323588244617,0.23745611310005188,-9.785089492797852,0.16424241662025452,-0.23669053614139557,-8.55889892578125,0.0,0.0,0.0,0.0,0.0,0.0,0.0,0.0,0.0,0.0,0.0,0.0,-0.038660209625959396,0.03963274508714676,-0.007141911890357733,-0.07265301793813705,0.2580879330635071,0.2745271325111389,0.26690733432769775,0.3062843680381775,-0.7838810086250305,-0.5667890906333923,-0.011148509569466114,0.0,0.0,0.0,0.0,0.0,0.0,0.0
26026833303,0,-0.02610958181321621,-0.024959279224276543,-0.7782146334648132,6.569455581484362e-05,-0.04113857448101044,-0.8442511558532715,-0.045813411474227905,0.038841139525175095,-0.025081709027290344,0.052350811660289764,-0.03235875070095062,-0.06603652238845825,0.017546378076076508,0.0212455652654171,0.015223369933664799,0.0,0.0,-0.0047828578390181065,0.01110046450048685,-0.029206961393356323,-0.06066819280385971,-0.1387978494167328,-0.16945728659629822,-0.023781467229127884,0.903333306312561,-1.3017979860305786,-47.073944091796875,-0.3361385464668274,0.19908641278743744,0.028423205018043518,-0.22880849242210388,0.19742654263973236,-0.3373694121837616,0.23203708231449127,10.988094329833984,11.497993469238281,11.46155834197998,13.151727676391602,-0.02299804612994194,0.015332031063735485,-0.0076660155318677425,-0.05826171860098839,0.0,-0.035462480038404465,0.046192023903131485,-0.009407788515090942,-0.07827012240886688,0.0,0.0008632323588244617,0.23745611310005188,-9.785089492797852,0.16458868980407715,-0.24611851572990417,-8.575690269470215,0.0,0.0,0.0,0.0,0.0,0.0,0.0,0.0,0.0,0.0,0.0,0.0,-0.03762705624103546,0.04095371812582016,-0.008027972653508186,-0.07367177307605743,0.2580879330635071,0.2745271325111389,0.26690733432769775,0.3062843680381775,-0.4880262613296509,-0.3755475878715515,0.29729241132736206,0.0,0.0,0.0,0.0,0.0,0.0,0.0
26036612096,0,-0.02610958181321621,-0.024959279224276543,-0.7782146334648132,6.569455581484362e-05,-0.04113857448101044,-0.8442511558532715,-0.045813411474227905,0.038841139525175095,-0.025081709027290344,0.052350811660289764,-0.03235875070095062,-0.06603652238845825,0.017546378076076508,0.0212455652654171,0.015223369933664799,0.0,0.0,-0.0047828578390181065,-0.010318184271454811,-0.03001859411597252,-0.053868960589170456,-0.13602450489997864,-0.16545931994915009,-0.02244184911251068,0.903333306312561,-1.3017979860305786,-47.073944091796875,-0.34330397844314575,0.19813509285449982,0.021823003888130188,-0.22868035733699799,0.1992400735616684,-0.33548715710639954,0.23158559203147888,10.988094329833984,11.497993469238281,11.46155834197998,13.151727676391602,-0.024531250819563866,0.016865234822034836,-0.0076660155318677425,-0.059794921427965164,0.0,-0.0354497954249382,0.04620414599776268,-0.009395642206072807,-0.07825952023267746,0.0,0.11649278551340103,-0.014254297129809856,-9.630537033081055,0.16458868980407715,-0.24611851572990417,-8.575690269470215,0.0,0.0,0.0,0.0,0.0,0.0,0.0,0.0,0.0,0.0,0.0,0.0,-0.036638293415308,0.042403481900691986,-0.008821573108434677,-0.07485823333263397,0.2608220875263214,0.2708544135093689,0.27013933658599854,0.3030330538749695,-0.987177848815918,-0.1313769817352295,0.29870477318763733,0.0,0.0,0.0,0.0,0.0,0.0,0.0
26046629293,0,-0.026948753744363785,-0.024626849219202995,-0.7783932685852051,6.569455581484362e-05,-0.04113857448101044,-0.8442511558532715,-0.04791879653930664,0.043985169380903244,-0.016040552407503128,0.05402916669845581,-0.033023614436388016,-0.0658578872680664,0.017190702259540558,0.02074792981147766,0.014098775573074818,0.0,0.0,-0.0047828578390181065,-0.010318184271454811,-0.03001859411597252,-0.053868960589170456,-0.13602450489997864,-0.16545931994915009,-0.02244184911251068,0.9496493339538574,-1.4192084074020386,-47.504150390625,-0.3141312897205353,0.19833292067050934,0.018113791942596436,-0.22841130197048187,0.20247553288936615,-0.3318730294704437,0.2309795618057251,11.23110294342041,11.559904098510742,11.618032455444336,13.121201515197754,-0.024531250819563866,0.019931640475988388,-0.009199218824505806,-0.06286133080720901,0.0,-0.036895886063575745,0.05099523067474365,-0.007080345414578915,-0.08284560590982437,0.0,-0.14580495655536652,0.24630413949489594,-9.784974098205566,0.17266350984573364,-0.25803789496421814,-8.637118339538574,0.0,0.0,0.0,0.0,0.0,0.0,0.0,0.0,0.0,0.0,0.0,0.0,-0.03599999472498894,0.044038284569978714,-0.009211557917296886,-0.07628143578767776,0.2656097710132599,0.27206888794898987,0.27320846915245056,0.3024439215660095,-0.987177848815918,-0.1313769817352295,0.29870477318763733,0.0,0.0,0.0,0.0,0.0,0.0,0.0
26058104531,0,-0.026948753744363785,-0.024626849219202995,-0.7783932685852051,6.569455581484362e-05,-0.04113857448101044,-0.8442511558532715,-0.04791879653930664,0.043985169380903244,-0.016040552407503128,0.05402916669845581,-0.033023614436388016,-0.0658578872680664,0.017190702259540558,0.02074792981147766,0.014098775573074818,0.0,0.0,-0.0047828578390181065,-0.019223060458898544,-0.03920185565948486,-0.053291402757167816,-0.13342329859733582,-0.161636084318161,-0.02163746766746044,0.9496493339538574,-1.4192084074020386,-47.504150390625,-0.3141312897205353,0.19833292067050934,0.018113791942596436,-0.22841130197048187,0.20247553288936615,-0.3318730294704437,0.2309795618057251,11.23110294342041,11.559904098510742,11.618032455444336,13.121201515197754,-0.02299804612994194,0.02299804612994194,-0.009199218824505806,-0.06286133080720901,0.0,-0.036895886063575745,0.05099523067474365,-0.007080345414578915,-0.08284560590982437,0.0,-0.14580495655536652,0.24630413949489594,-9.784974098205566,0.17266350984573364,-0.25803789496421814,-8.637118339538574,0.0,0.0,0.0,0.0,0.0,0.0,0.0,0.0,0.0,0.0,0.0,0.0,-0.035784680396318436,0.04590502753853798,-0.009116900153458118,-0.07798108458518982,0.2656097710132599,0.27206888794898987,0.27320846915245056,0.3024439215660095,-1.0064384937286377,-0.5269657969474792,0.2175968438386917,0.0,0.0,0.0,0.0,0.0,0.0,0.0
26066614482,0,-0.027391979470849037,-0.024402335286140442,-0.7784488201141357,6.569455581484362e-05,-0.04113857448101044,-0.8442511558532715,-0.046910885721445084,0.04913276433944702,-0.009558328427374363,0.054915621876716614,-0.03347264602780342,-0.06580233573913574,0.01685880310833454,0.02027052827179432,0.01342085376381874,0.0,0.0,-0.0047828578390181065,-0.019223060458898544,-0.03920185565948486,-0.053291402757167816,-0.12974172830581665,-0.15544909238815308,-0.02076972834765911,0.9497582912445068,-1.4814388751983643,-47.7520751953125,-0.3049646019935608,0.21544471383094788,0.01897352933883667,-0.22827620804309845,0.2040373980998993,-0.32995015382766724,0.2306768298149109,11.312663078308105,11.631213188171387,11.61767578125,13.217275619506836,-0.02299804612994194,0.024531250819563866,-0.009199218824505806,-0.06439453363418579,0.0,-0.03855961561203003,0.05259241908788681,-0.005177373066544533,-0.08390418440103531,0.0,0.04574895277619362,0.20028895139694214,-9.845091819763184,0.17268332839012146,-0.269352525472641,-8.682195663452148,0.0,0.0,0.0,0.0,0.0,0.0,0.0,0.0,0.0,0.0,0.0,0.0,-0.03596058487892151,0.047836072742938995,-0.008606759831309319,-0.07976345717906952,0.26527878642082214,0.2754821479320526,0.270999014377594,0.3063797056674957,-1.0064384937286377,-0.5269657969474792,0.2175968438386917,0.0,0.0,0.0,0.0,0.0,0.0,0.0
26076252975,0,-0.0287253949791193,-0.023669222369790077,-0.778497040271759,6.569455581484362e-05,-0.04113857448101044,-0.8442511558532715,-0.05190931633114815,0.05666789785027504,-0.005966986063867807,0.057582464069128036,-0.03493887931108475,-0.06575411558151245,0.015746572986245155,0.018320273607969284,0.01176891103386879,0.0,0.0,-0.0047828578390181065,-0.030207622796297073,-0.06633611023426056,-0.05395134165883064,-0.12710680067539215,-0.14795202016830444,-0.021005047485232353,0.9497582912445068,-1.4814388751983643,-47.7520751953125,-0.3049646019935608,0.21544471383094788,0.01897352933883667,-0.22827620804309845,0.2040373980998993,-0.32995015382766724,0.2306768298149109,11.312663078308105,11.631213188171387,11.61767578125,13.217275619506836,-0.02299804612994194,0.027597656473517418,-0.009199218824505806,-0.06746093928813934,0.0,-0.03855961561203003,0.05259241908788681,-0.005177373066544533,-0.08390418440103531,0.0,0.04574895277619362,0.20028895139694214,-9.845091819763184,0.18828140199184418,-0.2874385416507721,-8.693523406982422,0.0,0.0,0.0,0.0,0.0,0.0,0.0,0.0,0.0,0.0,0.0,0.0,-0.036449939012527466,0.04958978295326233,-0.007810838986188173,-0.08135528862476349,0.26527878642082214,0.2754821479320526,0.270999014377594,0.3063797056674957,-0.5954840779304504,-0.9731526374816895,0.10460863262414932,0.0,0.0,0.0,0.0,0.0,0.0,0.0
26086433031,0,-0.0287253949791193,-0.023669222369790077,-0.778497040271759,6.569455581484362e-05,-0.04113857448101044,-0.8442511558532715,-0.05190931633114815,0.05666789785027504,-0.005966986063867807,0.057582464069128036,-0.03493887931108475,-0.06575411558151245,0.015746572986245155,0.018320273607969284,0.01176891103386879,0.0,0.0,-0.0047828578390181065,-0.030207622796297073,-0.06633611023426056,-0.05395134165883064,-0.12086698412895203,-0.14596585929393768,-0.02014109492301941,0.9998317956924438,-1.5402171611785889,-47.88139724731445,-0.2976735830307007,0.254997581243515,0.021536558866500854,-0.22792986035346985,0.2067292481660843,-0.3268819749355316,0.23005694150924683,11.353476524353027,11.678560256958008,11.514020919799805,13.364392280578613,-0.02299804612994194,0.029130859300494194,-0.010732421651482582,-0.06899414211511612,0.0,-0.03865902125835419,0.05571145936846733,-0.004923996049910784,-0.0858401283621788,0.0,0.04821181669831276,0.19685153663158417,-9.611798286437988,0.18828140199184418,-0.2874385416507721,-8.693523406982422,0.0,0.0,0.0,0.0,0.0,0.0,0.0,0.0,0.0,0.0,0.0,0.0,-0.037084486335515976,0.05115024000406265,-0.006921759806573391,-0.08269781619310379,0.2680162787437439,0.27439430356025696,0.2711687386035919,0.3071323037147522,-0.5954840779304504,-0.9731526374816895,0.10460863262414932,0.0,0.0,0.0,0.0,0.0,0.0,0.0
26101093359,0,-0.029644744470715523,-0.023119328543543816,-0.7785103917121887,6.569455581484362e-05,-0.04113857448101044,-0.8442511558532715,-0.055467389523983,0.06283895671367645,-0.011105336248874664,0.059421174228191376,-0.03603867068886757,-0.06574076414108276,0.015014407224953175,0.017978761345148087,0.011343860067427158,0.0,0.0,-0.0047828578390181065,-0.036787357181310654,-0.04604410380125046,-0.042369212955236435,-0.12086698412895203,-0.14596585929393768,-0.02014109492301941,1.0715298652648926,-1.6407419443130493,-47.63437271118164,-0.286703884601593,0.22152842581272125,0.012112081050872803,-0.22757971286773682,0.20936711132526398,-0.3237699866294861,0.22978174686431885,11.490116119384766,11.453579902648926,11.725284576416016,12.99815845489502,-0.024531250819563866,0.03066406212747097,-0.010732421651482582,-0.0705273449420929,0.0,-0.03905358538031578,0.06216590851545334,-0.0039335982874035835,-0.09293936938047409,0.0,-0.02255949191749096,0.2301134318113327,-9.8824462890625,0.19896647334098816,-0.30194908380508423,-8.649247169494629,0.0,0.0,0.0,0.0,0.0,0.0,0.0,0.0,0.0,0.0,0.0,0.0,-0.037700723856687546,0.052913229912519455,-0.006081858184188604,-0.08417611569166183,0.2680162787437439,0.27439430356025696,0.2711687386035919,0.3071323037147522,-0.4767223298549652,0.4971230924129486,0.30712297558784485,0.0,0.0,0.0,0.0,0.0,0.0,0.0
26106628005,0,-0.030110972002148628,-0.02284765988588333,-0.7785132527351379,6.569455581484362e-05,-0.04113857448101044,-0.8442511558532715,-0.0539693646132946,0.06541838496923447,-0.012751322239637375,0.060353633016347885,-0.036582011729478836,-0.06573790311813354,0.014371111057698727,0.017503779381513596,0.01099311001598835,0.0,0.0,-0.0047828578390181065,-0.043006233870983124,-0.03942910209298134,-0.03993093594908714,-0.1144741103053093,-0.14400920271873474,-0.01931271329522133,1.0715298652648926,-1.6407419443130493,-47.63437271118164,-0.286703884601593,0.22152842581272125,0.012112081050872803,-0.22757971286773682,0.20936711132526398,-0.3237699866294861,0.22978174686431885,11.546136856079102,11.403251647949219,11.777240753173828,12.877580642700195,-0.02299804612994194,0.032197266817092896,-0.009199218824505806,-0.07206054776906967,0.0,-0.03886398300528526,0.06244063749909401,-0.003916237037628889,-0.09381214529275894,0.0,-0.02255949191749096,0.2301134318113327,-9.8824462890625,0.19783265888690948,-0.3080841302871704,-8.6371488571167,0.0,0.0,0.0,0.0,0.0,0.0,0.0,0.0,0.0,0.0,0.0,0.0,-0.03822648897767067,0.05520257353782654,-0.005317259579896927,-0.0862329825758934,0.27069979906082153,0.2699827253818512,0.27530908584594727,0.3000674247741699,-0.6857933402061462,0.7338995933532715,0.3916880786418915,0.0,0.0,0.0,0.0,0.0,0.0,0.0
26116428980,0,-0.030110972002148628,-0.02284765988588333,-0.7785132527351379,6.569455581484362e-05,-0.04113857448101044,-0.8442511558532715,-0.0539693646132946,0.06541838496923447,-0.012751322239637375,0.060353633016347885,-0.036582011729478836,-0.06573790311813354,0.014371111057698727,0.017503779381513596,0.01099311001598835,0.0,0.0,-0.0047828578390181065,-0.043006233870983124,-0.03942910209298134,-0.03993093594908714,-0.101314976811409,-0.12942925095558167,-0.01814611442387104,1.0943156480789185,-1.6607199907302856,-47.570858001708984,-0.27453213930130005,0.21104195713996887,0.00930921733379364,-0.22749796509742737,0.209922194480896,-0.32296106219291687,0.22973553836345673,11.546136856079102,11.403251647949219,11.777240753173828,12.877580642700195,-0.02299804612994194,0.03373046964406967,-0.009199218824505806,-0.07512695342302322,0.0,-0.03877025097608566,0.06377696990966797,-0.003992983140051365,-0.09498453885316849,0.0,0.17849233746528625,0.22524307668209076,-9.935556411743164,0.19783265888690948,-0.3080841302871704,-8.6371488571167,0.0,0.0,0.0,0.0,0.0,0.0,0.0,0.0,0.0,0.0,0.0,0.0,-0.038607120513916016,0.057713091373443604,-0.0046870349906384945,-0.088656947016716,0.2717987298965454,0.26899439096450806,0.27632609009742737,0.2977357804775238,-0.6857933402061462,0.7338995933532715,0.3916880786418915,0.0,0.0,0.0,0.0,0.0,0.0,0.0
26126866351,0,-0.03099452704191208,-0.022272778674960136,-0.778557538986206,6.569455581484362e-05,-0.04113857448101044,-0.8442511558532715,-0.05308578163385391,0.07206042110919952,-0.01588643714785576,0.06212075054645538,-0.03773178160190582,-0.06569361686706543,0.01279454305768013,0.016241619363427162,0.010443641804158688,0.0,0.0,-0.0047828578390181065,-0.0789477527141571,-0.05403698608279228,-0.03624168038368225,-0.101314976811409,-0.12942925095558167,-0.01814611442387104,1.0943156480789185,-1.6607199907302856,-47.570858001708984,-0.27453213930130005,0.21104195713996887,0.00930921733379364,-0.22749796509742737,0.209922194480896,-0.32296106219291687,0.22973553836345673,11.546136856079102,11.403251647949219,11.777240753173828,12.877580642700195,-0.02299804612994194,0.036796875298023224,-0.0076660155318677425,-0.07819335907697678,0.0,-0.03877025097608566,0.06377696990966797,-0.003992983140051365,-0.09498453885316849,0.0,0.17849233746528625,0.22524307668209076,-9.935556411743164,0.19952461123466492,-0.3235224485397339,-8.61589241027832,0.0,0.0,0.0,0.0,0.0,0.0,0.0,0.0,0.0,0.0,0.0,0.0,-0.03882874548435211,0.06000509113073349,-0.004245471209287643,-0.09096260368824005,0.2717987298965454,0.26899439096450806,0.27632609009742737,0.2977357804775238,-1.2190035581588745,-0.38844624161720276,-0.009261011146008968,0.0,0.0,0.0,0.0,0.0,0.0,0.0
26136557601,0,-0.03099452704191208,-0.022272778674960136,-0.778557538986206,6.569455581484362e-05,-0.04113857448101044,-0.8442511558532715,-0.05308578163385391,0.07206042110919952,-0.01588643714785576,0.06212075054645538,-0.03773178160190582,-0.06569361686706543,0.01279454305768013,0.016241619363427162,0.010443641804158688,0.0,0.0,-0.0047828578390181065,-0.08897920697927475,-0.05597667023539543,-0.040261197835206985,-0.09396520256996155,-0.1259584128856659,-0.01761854998767376,1.1041549444198608,-1.7394039630889893,-47.45432662963867,-0.22245153784751892,0.2468765825033188,0.010988578200340271,-0.2271479368209839,0.21227434277534485,-0.3183843791484833,0.22982364892959595,11.607523918151855,11.44607925415039,11.574028015136719,12.867457389831543,-0.024531250819563866,0.038330078125,-0.006132812704890966,-0.07972656190395355,0.0,-0.04063090309500694,0.06631144881248474,-0.0019272019853815436,-0.0974733904004097,0.0,0.08110621571540833,-0.07881779968738556,-9.752673149108887,0.19952461123466492,-0.3235224485397339,-8.61589241027832,0.0,0.0,0.0,0.0,0.0,0.0,0.0,0.0,0.0,0.0,0.0,0.0,-0.039012786000967026,0.06194525212049484,-0.003886415157467127,-0.09295353293418884,0.2730023264884949,0.2698354423046112,0.2723459005355835,0.2975398600101471,-1.1050395965576172,-0.2796512544155121,-0.24459227919578552,0.0,0.0,0.0,0.0,0.0,0.0,0.0
26148582286,0,-0.03142419457435608,-0.021976277232170105,-0.7785898447036743,6.569455581484362e-05,-0.04113857448101044,-0.8442511558532715,-0.05088943615555763,0.07182532548904419,-0.015280338004231453,0.06298009306192398,-0.038324788212776184,-0.06566131114959717,0.011867167428135872,0.015808919444680214,0.009993812069296837,0.0,0.0,-0.0047828578390181065,-0.08897920697927475,-0.05597667023539543,-0.040261197835206985,-0.08658235520124435,-0.12343981117010117,-0.017075935378670692,1.0836237668991089,-1.7827608585357666,-47.42822265625,-0.20051738619804382,0.2509634494781494,0.017284244298934937,-0.22696074843406677,0.2129274606704712,-0.31666097044944763,0.2297925502061844,11.483259201049805,11.624789237976074,11.370408058166504,12.990869522094727,-0.026064453646540642,0.039863280951976776,-0.004599609412252903,-0.07972656190395355,0.0,-0.04302184656262398,0.06600381433963776,4.27282830059994e-05,-0.09715293347835541,0.0,-0.0486285425722599,-0.33109962940216064,-9.657329559326172,0.19702251255512238,-0.324138343334198,-8.623312950134277,0.0,0.0,0.0,0.0,0.0,0.0,0.0,0.0,0.0,0.0,0.0,0.0,-0.039426349103450775,0.06357401609420776,-0.0033527202904224396,-0.09463713318109512,0.2705651819705963,0.2733408808708191,0.2683490514755249,0.2999265789985657,-1.1050395965576172,-0.2796512544155121,-0.24459227919578552,0.0,0.0,0.0,0.0,0.0,0.0,0.0
26156479727,0,-0.03227021545171738,-0.021365420892834663,-0.7786489129066467,6.569455581484362e-05,-0.04113857448101044,-0.8442511558532715,-0.05233152210712433,0.07140477001667023,-0.013914322480559349,0.06467214226722717,-0.039546504616737366,-0.06560224294662476,0.009867582470178604,0.015170522034168243,0.008970976807177067,0.0,0.0,-0.0047828578390181065,-0.0998840257525444,-0.04903397336602211,-0.048239123076200485,-0.08658235520124435,-0.12343981117010117,-0.017075935378670692,1.0836237668991089,-1.7827608585357666,-47.42822265625,-0.20051738619804382,0.2509634494781494,0.017284244298934937,-0.22696074843406677,0.2129274606704712,-0.31666097044944763,0.2297925502061844,11.307421684265137,11.899282455444336,11.163233757019043,13.177703857421875,-0.024531250819563866,0.04292968660593033,-0.004599609412252903,-0.07972656190395355,0.0,-0.04369128867983818,0.06447912007570267,4.3521260522538796e-05,-0.09577123075723648,0.0,-0.0486285425722599,-0.33109962940216064,-9.657329559326172,0.20368917286396027,-0.3256032466888428,-8.636614799499512,0.0,0.0,0.0,0.0,0.0,0.0,0.0,0.0,0.0,0.0,0.0,0.0,-0.04021379351615906,0.0647672787308693,-0.0025545300450176,-0.095880426466465,0.2705651819705963,0.2733408808708191,0.2683490514755249,0.2999265789985657,-0.7406363487243652,0.17207448184490204,-0.4150649905204773,0.0,0.0,0.0,0.0,0.0,0.0,0.0
26168041225,0,-0.03227021545171738,-0.021365420892834663,-0.7786489129066467,6.569455581484362e-05,-0.04113857448101044,-0.8442511558532715,-0.05233152210712433,0.07140477001667023,-0.013914322480559349,0.06467214226722717,-0.039546504616737366,-0.06560224294662476,0.009867582470178604,0.015170522034168243,0.008970976807177067,0.0,0.0,-0.0047828578390181065,-0.0998840257525444,-0.04903397336602211,-0.048239123076200485,-0.06227291375398636,-0.11192380636930466,-0.014983347617089748,1.1202903985977173,-1.7908178567886353,-47.501380920410156,-0.18058708310127258,0.24292615056037903,0.02565857768058777,-0.22659796476364136,0.21378695964813232,-0.313383013010025,0.22946594655513763,11.307421684265137,11.899282455444336,11.163233757019043,13.177703857421875,-0.024531250819563866,0.044462889432907104,-0.004599609412252903,-0.07972656190395355,0.0,-0.042760998010635376,0.06584397703409195,-0.0008272622362710536,-0.09694668650627136,0.0,-0.008907852694392204,0.10046709328889847,-9.854422569274902,0.20368917286396027,-0.3256032466888428,-8.636614799499512,0.0,0.0,0.0,0.0,0.0,0.0,0.0,0.0,0.0,0.0,0.0,0.0,-0.04116896167397499,0.06543426215648651,-0.0017227667849510908,-0.09658970683813095,0.26711103320121765,0.27871257066726685,0.2642740309238434,0.30353420972824097,-0.7406363487243652,0.17207448184490204,-0.4150649905204773,0.0,0.0,0.0,0.0,0.0,0.0,0.0
26176839238,0,-0.033654678612947464,-0.020340435206890106,-0.7787842154502869,6.569455581484362e-05,-0.04113857448101044,-0.8442511558532715,-0.05711701139807701,0.06935054808855057,-0.01672196574509144,0.06744108349084854,-0.041596487164497375,-0.06546694040298462,0.006867118179798126,0.013184222392737865,0.007435018662363291,0.0,0.0,-0.0047828578390181065,-0.10360029339790344,-0.06274250894784927,-0.054187655448913574,-0.06227291375398636,-0.11192380636930466,-0.014983347617089748,1.2005709409713745,-1.7667051553726196,-47.422882080078125,-0.16057807207107544,0.27537378668785095,0.0293101966381073,-0.22616097331047058,0.21434727311134338,-0.30999669432640076,0.2286548912525177,11.277264595031738,11.956260681152344,10.9727144241333,13.272476196289062,-0.024531250819563866,0.04599609225988388,-0.004599609412252903,-0.08125976473093033,0.0,-0.03955765813589096,0.06723413616418839,-0.004162007011473179,-0.09771957248449326,0.0,0.06698084622621536,-0.040087033063173294,-9.971321105957031,0.2191947102546692,-0.3253175616264343,-8.620126724243164,0.0,0.0,0.0,0.0,0.0,0.0,0.0,0.0,0.0,0.0,0.0,0.0,-0.04182763770222664,0.06583905965089798,-0.0012621174100786448,-0.0969858318567276,0.26711103320121765,0.27871257066726685,0.2642740309238434,0.30353420972824097,-0.4113466441631317,-0.5279055237770081,-0.22885404527187347,0.0,0.0,0.0,0.0,0.0,0.0,0.0
26186498494,0,-0.03413427993655205,-0.01998702436685562,-0.778846263885498,6.569455581484362e-05,-0.04113857448101044,-0.8442511558532715,-0.06003478541970253,0.07046758383512497,-0.01931631565093994,0.0684002935886383,-0.042303312569856644,-0.06540489196777344,0.005784769542515278,0.012211622670292854,0.007209280040115118,0.0,0.0,-0.0047828578390181065,-0.1073063462972641,-0.07832696288824081,-0.04838991537690163,-0.06227291375398636,-0.11192380636930466,-0.014983347617089748,1.2005709409713745,-1.7667051553726196,-47.422882080078125,-0.16057807207107544,0.27537378668785095,0.0293101966381073,-0.22616097331047058,0.21434727311134338,-0.30999669432640076,0.2286548912525177,11.530559539794922,11.733061790466309,11.114033699035645,13.088199615478516,-0.024531250819563866,0.04752929508686066,-0.004599609412252903,-0.08432617038488388,0.0,-0.038688238710165024,0.06851512938737869,-0.004109085537493229,-0.09909989684820175,0.0,0.06698084622621536,-0.040087033063173294,-9.971321105957031,0.22693081200122833,-0.3289374113082886,-8.602251052856445,0.0,0.0,0.0,0.0,0.0,0.0,0.0,0.0,0.0,0.0,0.0,0.0,-0.04184037446975708,0.06629054248332977,-0.0014143937733024359,-0.09734407812356949,0.26651790738105774,0.27982574701309204,0.2605186402797699,0.3053615987300873,-0.4150647819042206,-0.962885856628418,0.18718606233596802,0.0,0.0,0.0,0.0,0.0,0.0,0.0
26198297391,0,-0.03413427993655205,-0.01998702436685562,-0.778846263885498,6.569455581484362e-05,-0.04113857448101044,-0.8442511558532715,-0.06003478541970253,0.07046758383512497,-0.01931631565093994,0.0684002935886383,-0.042303312569856644,-0.06540489196777344,0.005784769542515278,0.012211622670292854,0.007209280040115118,0.0,0.0,-0.0047828578390181065,-0.1073063462972641,-0.07832696288824081,-0.04838991537690163,-0.026637550443410873,-0.08693471550941467,-0.013987377285957336,1.205570936203003,-1.7892465591430664,-47.41069793701172,-0.1487695723772049,0.2995625138282776,0.021297797560691833,-0.2259562760591507,0.21447251737117767,-0.3087987005710602,0.22831818461418152,11.530559539794922,11.733061790466309,11.114033699035645,13.088199615478516,-0.026064453646540642,0.04906250163912773,-0.004599609412252903,-0.08739257603883743,0.0,-0.03920719400048256,0.06936601549386978,-0.0035310517996549606,-0.0998305156826973,0.0,-0.15363658964633942,0.033337946981191635,-10.094828605651855,0.22693081200122833,-0.3289374113082886,-8.602251052856445,0.0,0.0,0.0,0.0,0.0,0.0,0.0,0.0,0.0,0.0,0.0,0.0,-0.0413290299475193,0.0669032484292984,-0.0019623045809566975,-0.09781429171562195,0.2714932858943939,0.27546146512031555,0.26330479979515076,0.30180683732032776,-0.4150647819042206,-0.962885856628418,0.18718606233596802,0.0,0.0,0.0,0.0,0.0,0.0,0.0
26207610555,0,-0.03413427993655205,-0.01998702436685562,-0.778846263885498,6.569455581484362e-05,-0.04113857448101044,-0.8442511558532715,-0.06003478541970253,0.07046758383512497,-0.01931631565093994,0.0704636424779892,-0.04397272318601608,-0.06526243686676025,0.005784769542515278,0.012211622670292854,0.007209280040115118,0.0,0.0,-0.0047828578390181065,-0.12198126316070557,-0.08091311156749725,-0.03421526774764061,-0.026637550443410873,-0.08693471550941467,-0.013987377285957336,1.205570936203003,-1.7892465591430664,-47.41069793701172,-0.1487695723772049,0.2995625138282776,0.021297797560691833,-0.2259562760591507,0.21447251737117767,-0.3087987005710602,0.22831818461418152,11.530559539794922,11.733061790466309,11.114033699035645,13.088199615478516,-0.026064453646540642,0.05059570446610451,-0.004599609412252903,-0.09199218451976776,0.0,-0.03920719400048256,0.06936601549386978,-0.0035310517996549606,-0.0998305156826973,0.0,-0.15363658964633942,0.033337946981191635,-10.094828605651855,0.22426819801330566,-0.3284348249435425,-8.601483345031738,0.0,0.0,0.0,0.0,0.0,0.0,0.0,0.0,0.0,0.0,0.0,0.0,-0.040662068873643875,0.06761978566646576,-0.0025479160249233246,-0.09838389605283737,0.2714932858943939,0.27546146512031555,0.26330479979515076,0.30180683732032776,-0.724725067615509,-0.26896756887435913,0.5734986662864685,0.0,0.0,0.0,0.0,0.0,0.0,0.0
26216546742,0,-0.035165950655937195,-0.0191523227840662,-0.7789887189865112,6.569455581484362e-05,-0.04113857448101044,-0.8442511558532715,-0.05655622482299805,0.06860395520925522,-0.020225470885634422,0.0704636424779892,-0.04397272318601608,-0.06526243686676025,0.0033762685488909483,0.010927371680736542,0.006891941651701927,0.0,0.0,-0.0047828578390181065,-0.12620924413204193,-0.08792289346456528,-0.03655678406357765,-0.00867473054677248,-0.07345045357942581,-0.013159453868865967,1.2601075172424316,-1.8040579557418823,-47.315185546875,-0.11126124113798141,0.30222970247268677,0.010001122951507568,-0.22546176612377167,0.21429847180843353,-0.3064068853855133,0.22793424129486084,11.849080085754395,11.48434066772461,11.3119535446167,12.727295875549316,-0.026064453646540642,0.05059570446610451,-0.0015332031762227416,-0.09199218451976776,0.0,-0.0369211845099926,0.07305817306041718,-0.004663371481001377,-0.10456561297178268,0.0,0.1394079476594925,-0.20330291986465454,-10.015538215637207,0.22426819801330566,-0.3284348249435425,-8.601483345031738,0.0,0.0,0.0,0.0,0.0,0.0,0.0,0.0,0.0,0.0,0.0,0.0,-0.03996013104915619,0.0684647485613823,-0.00306957820430398,-0.09914940595626831,0.27773115038871765,0.2705864906311035,0.2672001123428345,0.2948256731033325,-0.2186848670244217,-0.4251447319984436,-0.020976020023226738,0.0,0.0,0.0,0.0,0.0,0.0,0.0
26228384126,0,-0.03620743751525879,-0.01836530677974224,-0.7791566848754883,6.569455581484362e-05,-0.04113857448101044,-0.8442511558532715,-0.050537753850221634,0.06561940908432007,-0.019667310640215874,0.07254663109779358,-0.0455467626452446,-0.0650944709777832,0.0011114564258605242,0.009236655198037624,0.006188616622239351,0.0,0.0,-0.0047828578390181065,-0.12620924413204193,-0.08792289346456528,-0.03655678406357765,-0.00867473054677248,-0.07345045357942581,-0.013159453868865967,1.1916170120239258,-1.789656639099121,-47.36237716674805,-0.09173949062824249,0.32720479369163513,0.015725016593933105,-0.22500497102737427,0.2134832739830017,-0.30436989665031433,0.22779953479766846,11.784331321716309,11.633318901062012,11.113618850708008,12.892464637756348,-0.026064453646540642,0.05059570446610451,-0.0015332031762227416,-0.08892577886581421,0.0,-0.038705918937921524,0.0696382001042366,-0.0029811752028763294,-0.10089737921953201,0.0,0.1392132043838501,0.5487865209579468,-9.881546974182129,0.2166576385498047,-0.32539212703704834,-8.61134147644043,0.0,0.0,0.0,0.0,0.0,0.0,0.0,0.0,0.0,0.0,0.0,0.0,-0.03924192860722542,0.06939982622861862,-0.0034903972409665585,-0.10013767331838608,0.27646490931510925,0.2735079228878021,0.26329657435417175,0.29802367091178894,-0.2186848670244217,-0.4251447319984436,-0.020976020023226738,0.0,0.0,0.0,0.0,0.0,0.0,0.0
26236352161,0,-0.036688048392534256,-0.017921222373843193,-0.7792469263076782,6.569455581484362e-05,-0.04113857448101044,-0.8442511558532715,-0.047700654715299606,0.06636659801006317,-0.018856782466173172,0.07350785285234451,-0.04643493518233299,-0.06500422954559326,0.0003554627764970064,0.008106555789709091,0.005818257573992014,0.0,0.0,-0.0047828578390181065,-0.11839518696069717,-0.09729604423046112,-0.03325707092881203,-0.002689233049750328,-0.0644528716802597,-0.012719495221972466,1.1714454889297485,-1.8072242736816406,-47.408409118652344,-0.09173949062824249,0.32720479369163513,0.015725016593933105,-0.22500497102737427,0.2134832739830017,-0.30436989665031433,0.22779953479766846,11.912199020385742,11.514379501342773,11.197455406188965,12.849268913269043,-0.026064453646540642,0.05059570446610451,-0.0015332031762227416,-0.08892577886581421,0.0,-0.039411190897226334,0.07027857005596161,-0.0017672686371952295,-0.10116572678089142,0.0,0.1392132043838501,0.5487865209579468,-9.881546974182129,0.21299009025096893,-0.328586220741272,-8.619710922241211,0.0,0.0,0.0,0.0,0.0,0.0,0.0,0.0,0.0,0.0,0.0,0.0,-0.03874000534415245,0.07009100168943405,-0.0036249987315386534,-0.10094550251960754,0.27646490931510925,0.2735079228878021,0.26329657435417175,0.29802367091178894,0.2676914930343628,-0.68001389503479,0.09380054473876953,0.0,0.0,0.0,0.0,0.0,0.0,0.0
26246644337,0,-0.036688048392534256,-0.017921222373843193,-0.7792469263076782,6.569455581484362e-05,-0.04113857448101044,-0.8442511558532715,-0.047700654715299606,0.06636659801006317,-0.018856782466173172,0.07350785285234451,-0.04643493518233299,-0.06500422954559326,0.0003554627764970064,0.008106555789709091,0.005818257573992014,0.0,0.0,-0.0047828578390181065,-0.11839518696069717,-0.09729604423046112,-0.03325707092881203,0.014916086569428444,-0.049646418541669846,-0.012376402504742146,1.1714454889297485,-1.8072242736816406,-47.408409118652344,-0.09659898281097412,0.3465595245361328,0.011952370405197144,-0.2247941792011261,0.21298837661743164,-0.30353131890296936,0.2277216762304306,11.912199020385742,11.514379501342773,11.197455406188965,12.849268913269043,-0.026064453646540642,0.05366211012005806,-0.003066406352445483,-0.09199218451976776,0.0,-0.039391931146383286,0.07029852271080017,-0.0017468114383518696,-0.10114781558513641,0.0,-0.1656862497329712,0.3579917252063751,-10.028711318969727,0.21299009025096893,-0.328586220741272,-8.619710922241211,0.0,0.0,0.0,0.0,0.0,0.0,0.0,0.0,0.0,0.0,0.0,0.0,-0.038583580404520035,0.07043691724538803,-0.0034034517593681812,-0.10137023031711578,0.27776047587394714,0.2721099853515625,0.2640114426612854,0.29854217171669006,0.2676914930343628,-0.68001389503479,0.09380054473876953,0.0,0.0,0.0,0.0,0.0,0.0,0.0
26256430384,0,-0.038210149854421616,-0.016480576246976852,-0.779527485370636,6.569455581484362e-05,-0.04113857448101044,-0.8442511558532715,-0.04890618845820427,0.0661739856004715,-0.014838693663477898,0.07655207067728043,-0.04931624233722687,-0.0647236704826355,-0.0019992513116449118,0.0058752247132360935,0.004722020588815212,0.0,0.0,-0.0047828578390181065,-0.09881939738988876,-0.0873054638504982,-0.017226679250597954,0.02237384021282196,-0.04505497217178345,-0.012335741892457008,1.2203832864761353,-1.8360211849212646,-47.592838287353516,-0.09490212053060532,0.34023985266685486,-0.004810541868209839,-0.2241775095462799,0.21204736828804016,-0.3018839359283447,0.22794637084007263,12.373016357421875,11.154170036315918,11.669626235961914,12.466730117797852,-0.027597656473517418,0.055195312947034836,-0.003066406352445483,-0.09505859017372131,0.0,-0.03729398176074028,0.07510358840227127,-0.0022288879845291376,-0.10642538964748383,0.0,0.07366552203893661,-0.1701272428035736,-10.063539505004883,0.22188787162303925,-0.3338220417499542,-8.653243064880371,0.0,0.0,0.0,0.0,0.0,0.0,0.0,0.0,0.0,0.0,0.0,0.0,-0.038559917360544205,0.070802241563797,-0.0030119800940155983,-0.10178238153457642,0.27776047587394714,0.2721099853515625,0.2640114426612854,0.29854217171669006,0.4047989547252655,0.3894578516483307,0.470988392829895,0.0,0.0,0.0,0.0,0.0,0.0,0.0
26266297606,0,-0.03871292993426323,-0.016011571511626244,-0.7796186804771423,6.569455581484362e-05,-0.04113857448101044,-0.8442511558532715,-0.04980216547846794,0.06555832177400589,-0.014723755419254303,0.07755763828754425,-0.05025425925850868,-0.06463247537612915,-0.0032232175581157207,0.005252164788544178,0.004133433569222689,0.0,0.0,-0.0047828578390181065,-0.10354933887720108,-0.08097955584526062,-0.02127828635275364,0.02237384021282196,-0.04505497217178345,-0.012335741892457008,1.2203832864761353,-1.8360211849212646,-47.592838287353516,-0.09490212053060532,0.34023985266685486,-0.004810541868209839,-0.2241775095462799,0.21204736828804016,-0.3018839359283447,0.22794637084007263,12.373016357421875,11.154170036315918,11.669626235961914,12.466730117797852,-0.027597656473517418,0.055195312947034836,-0.004599609412252903,-0.09659180045127869,0.0,-0.03729398176074028,0.07510358840227127,-0.0022288879845291376,-0.10642538964748383,0.0,0.07366552203893661,-0.1701272428035736,-10.063539505004883,0.22587817907333374,-0.33431828022003174,-8.65431022644043,0.0,0.0,0.0,0.0,0.0,0.0,0.0,0.0,0.0,0.0,0.0,0.0,-0.0384114608168602,0.07155396044254303,-0.0026527089066803455,-0.1025983914732933,0.27776047587394714,0.2721099853515625,0.2640114426612854,0.29854217171669006,-0.022684691473841667,0.5199535489082336,0.18149007856845856,0.0,0.0,0.0,0.0,0.0,0.0,0.0
26276915276,0,-0.03871292993426323,-0.016011571511626244,-0.7796186804771423,6.569455581484362e-05,-0.04113857448101044,-0.8442511558532715,-0.04980216547846794,0.06555832177400589,-0.014723755419254303,0.07755763828754425,-0.05025425925850868,-0.06463247537612915,-0.0032232175581157207,0.005252164788544178,0.004133433569222689,0.0,0.0,-0.0047828578390181065,-0.10354933887720108,-0.08097955584526062,-0.02127828635275364,0.030668742954730988,-0.03971034660935402,-0.012070514261722565,1.2423299551010132,-1.8387506008148193,-47.59870529174805,-0.07716862857341766,0.3373178541660309,0.0010666996240615845,-0.22398154437541962,0.21161355078220367,-0.3012481927871704,0.2280057668685913,12.249815940856934,11.33503532409668,11.501856803894043,12.583353042602539,-0.026064453646540642,0.05672851577401161,-0.004599609412252903,-0.09965820610523224,0.0,-0.03709680214524269,0.07469364255666733,-0.0028336001560091972,-0.10611554980278015,0.0,0.36113977432250977,0.021053101867437363,-10.111624717712402,0.22587817907333374,-0.33431828022003174,-8.65431022644043,0.0,0.0,0.0,0.0,0.0,0.0,0.0,0.0,0.0,0.0,0.0,0.0,-0.03812314569950104,0.07255975902080536,-0.0024257050827145576,-0.10369160771369934,0.28555044531822205,0.2676539421081543,0.27093014121055603,0.29203420877456665,-0.022684691473841667,0.5199535489082336,0.18149007856845856,0.0,0.0,0.0,0.0,0.0,0.0,0.0
26286653494,0,-0.03871292993426323,-0.016011571511626244,-0.7796186804771423,6.569455581484362e-05,-0.04113857448101044,-0.8442511558532715,-0.04980216547846794,0.06555832177400589,-0.014723755419254303,0.07938620448112488,-0.052236158400774,-0.06444543600082397,-0.0032232175581157207,0.005252164788544178,0.004133433569222689,0.0,0.0,-0.0047828578390181065,-0.11069079488515854,-0.07341242581605911,-0.04084612801671028,0.030668742954730988,-0.03971034660935402,-0.012070514261722565,1.2423299551010132,-1.8387506008148193,-47.59870529174805,-0.07716862857341766,0.3373178541660309,0.0010666996240615845,-0.22398154437541962,0.21161355078220367,-0.3012481927871704,0.2280057668685913,12.249815940856934,11.33503532409668,11.501856803894043,12.583353042602539,-0.026064453646540642,0.05672851577401161,-0.003066406352445483,-0.09965820610523224,0.0,-0.03709680214524269,0.07469364255666733,-0.0028336001560091972,-0.10611554980278015,0.0,0.36113977432250977,0.021053101867437363,-10.111624717712402,0.2329167127609253,-0.3444903790950775,-8.632461547851562,0.0,0.0,0.0,0.0,0.0,0.0,0.0,0.0,0.0,0.0,0.0,0.0,-0.03780105710029602,0.07346709817647934,-0.0023614331148564816,-0.10469083487987518,0.28555044531822205,0.2676539421081543,0.27093014121055603,0.29203420877456665,-0.232305109500885,0.5469288229942322,-0.6913304328918457,0.0,0.0,0.0,0.0,0.0,0.0,0.0
26296650939,0,-0.039627209305763245,-0.015020625665783882,-0.7798057198524475,6.569455581484362e-05,-0.04113857448101044,-0.8442511558532715,-0.05136644095182419,0.06875612586736679,-0.017741873860359192,0.07938620448112488,-0.052236158400774,-0.06444543600082397,-0.005511127412319183,0.0038895071484148502,0.003225198946893215,0.0,0.0,-0.0047828578390181065,-0.11069079488515854,-0.07341242581605911,-0.04084612801671028,0.05311450734734535,-0.023441104218363762,-0.009298787452280521,1.2674999237060547,-1.8581751585006714,-47.57525634765625,-0.05366314947605133,0.33727720379829407,0.02615971863269806,-0.22365537285804749,0.21053974330425262,-0.3001854717731476,0.22782669961452484,11.649805068969727,12.000899314880371,10.837957382202148,13.171672821044922,-0.026064453646540642,0.05672851577401161,-0.0015332031762227416,-0.09965820610523224,0.0,-0.03880341723561287,0.07188896834850311,-0.0031618985813111067,-0.10253535211086273,0.0,-0.11415053904056549,0.14044684171676636,-9.750364303588867,0.2329167127609253,-0.3444903790950775,-8.632461547851562,0.0,0.0,0.0,0.0,0.0,0.0,0.0,0.0,0.0,0.0,0.0,0.0,-0.03759142756462097,0.07401027530431747,-0.0024320955853909254,-0.10528000444173813,0.27383095026016235,0.280697226524353,0.257858008146286,0.303417831659317,-0.232305109500885,0.5469288229942322,-0.6913304328918457,0.0,0.0,0.0,0.0,0.0,0.0,0.0
26306709214,0,-0.04054603725671768,-0.013916278257966042,-0.7800194621086121,6.569455581484362e-05,-0.04113857448101044,-0.8442511558532715,-0.047970641404390335,0.07201318442821503,-0.024118522182106972,0.08122387528419495,-0.05444486439228058,-0.06423169374465942,-0.00667651928961277,0.002958898665383458,0.002956309588626027,0.0,0.0,-0.0047828578390181065,-0.08965981751680374,-0.05736752599477768,-0.04478875547647476,0.05311450734734535,-0.023441104218363762,-0.009298787452280521,1.2580844163894653,-1.9442380666732788,-47.34829330444336,-0.07395708560943604,0.32503974437713623,0.02698865532875061,-0.22321021556854248,0.20900388062000275,-0.29867488145828247,0.22730062901973724,11.51744556427002,11.956141471862793,10.812021255493164,13.152701377868652,-0.027597656473517418,0.05826171860098839,-0.004599609412252903,-0.09965820610523224,0.0,-0.0421409010887146,0.07447177171707153,-2.5753513455128996e-06,-0.10471823066473007,0.0,0.0683974102139473,-0.3367054760456085,-9.691450119018555,0.22993923723697662,-0.3555455803871155,-8.587099075317383,0.0,0.0,0.0,0.0,0.0,0.0,0.0,0.0,0.0,0.0,0.0,0.0,-0.03778720647096634,0.07413450628519058,-0.0024406262673437595,-0.10532916337251663,0.27383095026016235,0.280697226524353,0.257858008146286,0.303417831659317,0.7727536559104919,0.7561568021774292,-0.4461589753627777,0.0,0.0,0.0,0.0,0.0,0.0,0.0
26316587634,0,-0.04102179408073425,-0.013325413689017296,-0.7801280617713928,6.569455581484362e-05,-0.04113857448101044,-0.8442511558532715,-0.044176094233989716,0.0716056376695633,-0.023538511246442795,0.08217538893222809,-0.05562660098075867,-0.06412309408187866,-0.006907218135893345,0.0027322862297296524,0.0028932690620422363,0.0,0.0,-0.0047828578390181065,-0.07030671089887619,-0.04574452340602875,-0.04075448960065842,0.05494551360607147,-0.021637393161654472,-0.009222608059644699,1.2580844163894653,-1.9442380666732788,-47.34829330444336,-0.07395708560943604,0.32503974437713623,0.02698865532875061,-0.22321021556854248,0.20900388062000275,-0.29867488145828247,0.22730062901973724,11.609707832336426,11.766131401062012,11.00185489654541,12.98009967803955,-0.027597656473517418,0.05826171860098839,-0.003066406352445483,-0.10119140893220901,0.0,-0.04180579259991646,0.07567668706178665,-2.52215704676928e-06,-0.1061159297823906,0.0,0.0683974102139473,-0.3367054760456085,-9.691450119018555,0.22436265647411346,-0.35715001821517944,-8.59434700012207,0.0,0.0,0.0,0.0,0.0,0.0,0.0,0.0,0.0,0.0,0.0,0.0,-0.03851744160056114,0.0741942822933197,-0.0021406779997050762,-0.10520436614751816,0.2712358236312866,0.27982330322265625,0.2573452889919281,0.30305173993110657,1.2620905637741089,0.9462516903877258,-0.07315818965435028,0.0,0.0,0.0,0.0,0.0,0.0,0.0
26326219853,0,-0.04102179408073425,-0.013325413689017296,-0.7801280617713928,6.569455581484362e-05,-0.04113857448101044,-0.8442511558532715,-0.044176094233989716,0.0716056376695633,-0.023538511246442795,0.08217538893222809,-0.05562660098075867,-0.06412309408187866,-0.006907218135893345,0.0027322862297296524,0.0028932690620422363,0.0,0.0,-0.0047828578390181065,-0.051918625831604004,-0.03870099037885666,-0.038076937198638916,0.05688231810927391,-0.01996016316115856,-0.009202656336128712,1.2339946031570435,-1.9643250703811646,-47.2689094543457,-0.09273987263441086,0.3116830885410309,0.02055354416370392,-0.22295862436294556,0.20837073028087616,-0.29776731133461,0.2269851565361023,11.609707832336426,11.766131401062012,11.00185489654541,12.98009967803955,-0.029130859300494194,0.05826171860098839,-0.004599609412252903,-0.10272461175918579,0.0,-0.043128762394189835,0.07557937502861023,0.0014419913059100509,-0.10598507523536682,0.0,-0.0705292597413063,-0.41516774892807007,-9.525835037231445,0.22436265647411346,-0.35715001821517944,-8.59434700012207,0.0,0.0,0.0,0.0,0.0,0.0,0.0,0.0,0.0,0.0,0.0,0.0,-0.03955985978245735,0.07443714886903763,-0.0015319760423153639,-0.10524068772792816,0.27304521203041077,0.2761088013648987,0.2610935568809509,0.29971843957901,0.9092715382575989,0.44619685411453247,-0.007754724472761154,0.0,0.0,0.0,0.0,0.0,0.0,0.0
26336237112,0,-0.04191497713327408,-0.012154833413660526,-0.7803055047988892,6.569455581484362e-05,-0.04113857448101044,-0.8442511558532715,-0.03825907036662102,0.07299955934286118,-0.0202935803681612,0.08396176248788834,-0.05796777456998825,-0.06394565105438232,-0.007596136536449194,0.0021408896427601576,0.0026529887691140175,0.0,0.0,-0.0047828578390181065,-0.051918625831604004,-0.03870099037885666,-0.038076937198638916,0.05688231810927391,-0.01996016316115856,-0.009202656336128712,1.1898167133331299,-2.005685329437256,-47.42711639404297,-0.09824159741401672,0.31550318002700806,0.018749669194221497,-0.22247792780399323,0.20837073028087616,-0.29776731133461,0.2269851565361023,11.6926908493042,11.745599746704102,11.088314056396484,12.98978042602539,-0.027597656473517418,0.059794921427965164,-0.003066406352445483,-0.10425781458616257,0.0,-0.04536670446395874,0.07567129284143448,0.004205279517918825,-0.10578824579715729,0.0,0.042375173419713974,-0.5664126873016357,-9.651712417602539,0.21633030474185944,-0.3646700382232666,-8.623111724853516,0.0,0.0,0.0,0.0,0.0,0.0,0.0,0.0,0.0,0.0,0.0,0.0,-0.04077330604195595,0.07477609068155289,-0.0006229937425814569,-0.10539285838603973,0.27304521203041077,0.2761088013648987,0.2610935568809509,0.29971843957901,0.9092715382575989,0.44619685411453247,-0.007754724472761154,0.0,0.0,0.0,0.0,0.0,0.0,0.0
26348364702,0,-0.04191497713327408,-0.012154833413660526,-0.7803055047988892,6.569455581484362e-05,-0.04113857448101044,-0.8442511558532715,-0.03825907036662102,0.07299955934286118,-0.0202935803681612,0.08396176248788834,-0.05796777456998825,-0.06394565105438232,-0.007596136536449194,0.0021408896427601576,0.0026529887691140175,0.0,0.0,-0.0047828578390181065,-0.050509288907051086,-0.04313967749476433,-0.042870666831731796,0.0708739385008812,-0.010371832177042961,-0.007254230789840221,1.1898167133331299,-2.005685329437256,-47.42711639404297,-0.09824159741401672,0.31550318002700806,0.018749669194221497,-0.22247792780399323,0.2074921876192093,-0.2959217429161072,0.22651083767414093,11.6926908493042,11.745599746704102,11.088314056396484,12.98978042602539,-0.027597656473517418,0.059794921427965164,-0.004599609412252903,-0.10425781458616257,0.0,-0.04536670446395874,0.07567129284143448,0.004205279517918825,-0.10578824579715729,0.0,0.042375173419713974,-0.5664126873016357,-9.651712417602539,0.21633030474185944,-0.3646700382232666,-8.623111724853516,0.0,0.0,0.0,0.0,0.0,0.0,0.0,0.0,0.0,0.0,0.0,0.0,-0.042114462703466415,0.07510372996330261,0.0005875270580872893,-0.10554973781108856,0.2746710777282715,0.275706946849823,0.2627980709075928,0.2999054789543152,0.519501805305481,0.05696496739983559,-0.21784821152687073,0.0,0.0,0.0,0.0,0.0,0.0,0.0
26356919225,0,-0.04263832047581673,-0.011029697023332119,-0.7804452180862427,6.569455581484362e-05,-0.04113857448101044,-0.8442511558532715,-0.03631676360964775,0.0688445195555687,-0.0166581179946661,0.08540845662355423,-0.06021805480122566,-0.06380593776702881,-0.008564747869968414,0.0012454006355255842,0.0016063970979303122,0.0,0.0,-0.0047828578390181065,-0.050509288907051086,-0.04313967749476433,-0.042870666831731796,0.06810220330953598,-0.009813949465751648,-0.007673432119190693,1.1858830451965332,-1.9922730922698975,-47.52151870727539,-0.09081309288740158,0.3272523283958435,0.024928972125053406,-0.22221305966377258,0.20700129866600037,-0.2950541377067566,0.22617489099502563,11.588712692260742,11.918155670166016,10.92772388458252,13.172445297241211,-0.027597656473517418,0.059794921427965164,-0.003066406352445483,-0.10272461175918579,0.0,-0.04545968025922775,0.07408187538385391,0.0039867437444627285,-0.10382581502199173,0.0,0.010645421221852303,-0.35633471608161926,-9.804718017578125,0.2157689332962036,-0.36068791151046753,-8.651890754699707,0.0,0.0,0.0,0.0,0.0,0.0,0.0,0.0,0.0,0.0,0.0,0.0,-0.043378476053476334,0.07529627531766891,0.0018403682624921203,-0.10558038204908371,0.27263355255126953,0.2790813446044922,0.2596307396888733,0.3034327030181885,0.519501805305481,0.05696496739983559,-0.21784821152687073,0.0,0.0,0.0,0.0,0.0,0.0,0.0
26367323971,0,-0.043290913105010986,-0.009737866930663586,-0.7805572152137756,6.569455581484362e-05,-0.04113857448101044,-0.8442511558532715,-0.037354372441768646,0.06192133575677872,-0.016556095331907272,0.08671364933252335,-0.06280172616243362,-0.06369394063949585,-0.00950141903012991,0.0012261607917025685,0.000818381377030164,0.0,0.0,-0.0047828578390181065,-0.04211297631263733,-0.027159368619322777,-0.04066972807049751,0.06810220330953598,-0.009813949465751648,-0.007673432119190693,1.1858830451965332,-1.9922730922698975,-47.52151870727539,-0.09081309288740158,0.3272523283958435,0.024928972125053406,-0.22221305966377258,0.20700129866600037,-0.2950541377067566,0.22617489099502563,11.588712692260742,11.918155670166016,10.92772388458252,13.172445297241211,-0.029130859300494194,0.06132812425494194,-0.0015332031762227416,-0.10272461175918579,0.0,-0.04545968025922775,0.07408187538385391,0.0039867437444627285,-0.10382581502199173,0.0,0.010645421221852303,-0.35633471608161926,-9.804718017578125,0.22088545560836792,-0.35195809602737427,-8.651124954223633,0.0,0.0,0.0,0.0,0.0,0.0,0.0,0.0,0.0,0.0,0.0,0.0,-0.044379882514476776,0.07524020224809647,0.0028626772109419107,-0.10536221414804459,0.27263355255126953,0.2790813446044922,0.2596307396888733,0.3034327030181885,0.4924931526184082,0.7118743062019348,0.10350508242845535,0.0,0.0,0.0,0.0,0.0,0.0,0.0
26377823975,0,-0.043290913105010986,-0.009737866930663586,-0.7805572152137756,6.569455581484362e-05,-0.04113857448101044,-0.8442511558532715,-0.037354372441768646,0.06192133575677872,-0.016556095331907272,0.08671364933252335,-0.06280172616243362,-0.06369394063949585,-0.00950141903012991,0.0012261607917025685,0.000818381377030164,0.0,0.0,-0.0047828578390181065,-0.025729022920131683,-0.0020937519147992134,-0.03990356996655464,0.06810220330953598,-0.009813949465751648,-0.007673432119190693,1.1999045610427856,-1.9696344137191772,-47.62091827392578,-0.09320802241563797,0.3038584291934967,0.020704448223114014,-0.2216978222131729,0.2059430032968521,-0.2934812009334564,0.22541432082653046,11.68148136138916,11.87119197845459,11.09945011138916,13.064168930053711,-0.032197266817092896,0.06132812425494194,0.0,-0.10272461175918579,0.0,-0.04393976554274559,0.07416543364524841,0.002807785291224718,-0.10441186279058456,0.0,0.09143912047147751,-0.010047025047242641,-9.766331672668457,0.22088545560836792,-0.35195809602737427,-8.651124954223633,0.0,0.0,0.0,0.0,0.0,0.0,0.0,0.0,0.0,0.0,0.0,0.0,-0.045001521706581116,0.07500273734331131,0.0035184945445507765,-0.10499845445156097,0.2744513750076294,0.2781636416912079,0.26301756501197815,0.30134275555610657,0.6624496579170227,1.1149277687072754,-0.003414042526856065,0.0,0.0,0.0,0.0,0.0,0.0,0.0
26386585354,0,-0.0439729243516922,-0.008543011732399464,-0.7806240916252136,6.569455581484362e-05,-0.04113857448101044,-0.8442511558532715,-0.04033096879720688,0.05370330438017845,-0.019292162731289864,0.08807767927646637,-0.06519145518541336,-0.06362706422805786,-0.010125779546797276,0.0013523638481274247,-4.528251520241611e-05,0.0,0.0,-0.0047828578390181065,-0.025729022920131683,-0.0020937519147992134,-0.03990356996655464,0.07973764836788177,-0.009926624596118927,-0.0052192737348377705,1.2465970516204834,-1.9013431072235107,-47.49539566040039,-0.1120610311627388,0.27043434977531433,0.022517457604408264,-0.22111929953098297,0.20494389533996582,-0.2913052439689636,0.22474689781665802,11.521764755249023,11.907608985900879,11.101981163024902,13.053543090820312,-0.03373046964406967,0.06132812425494194,0.0015332031762227416,-0.10425781458616257,0.0,-0.0409630611538887,0.07334811240434647,-0.0007980106165632606,-0.10386054962873459,0.0,-0.15902996063232422,-0.5231877565383911,-10.025833129882812,0.23001569509506226,-0.3403000235557556,-8.630208969116211,0.0,0.0,0.0,0.0,0.0,0.0,0.0,0.0,0.0,0.0,0.0,0.0,-0.045044124126434326,0.07468988001346588,0.0035979337990283966,-0.1046588271856308,0.2713209092617035,0.2788752019405365,0.2630673050880432,0.3011375069618225,0.6624496579170227,1.1149277687072754,-0.003414042526856065,0.0,0.0,0.0,0.0,0.0,0.0,0.0
26396616083,0,-0.044330254197120667,-0.007999259978532791,-0.7806514501571655,6.569455581484362e-05,-0.04113857448101044,-0.8442511558532715,-0.03735725209116936,0.052702732384204865,-0.018471725285053253,0.0887923464179039,-0.06627896428108215,-0.06359970569610596,-0.010028836317360401,0.0012573390267789364,-0.00043971158447675407,0.0,0.0,-0.0047828578390181065,-0.015022779814898968,0.0025568201672285795,-0.0443924143910408,0.07973764836788177,-0.009926624596118927,-0.0052192737348377705,1.26508629322052,-1.8716500997543335,-47.466148376464844,-0.1120610311627388,0.27043434977531433,0.022517457604408264,-0.22111929953098297,0.20494389533996582,-0.2913052439689636,0.22474689781665802,11.367551803588867,12.034113883972168,10.96700668334961,13.19568157196045,-0.032197266817092896,0.06286133080720901,0.003066406352445483,-0.10425781458616257,0.0,-0.04001927003264427,0.07224569469690323,-0.002361117396503687,-0.10243607312440872,0.0,-0.15902996063232422,-0.5231877565383911,-10.025833129882812,0.22569860517978668,-0.3404737114906311,-8.637489318847656,0.0,0.0,0.0,0.0,0.0,0.0,0.0,0.0,0.0,0.0,0.0,0.0,-0.04440578818321228,0.07427527010440826,0.0029200641438364983,-0.10430421680212021,0.2713209092617035,0.2788752019405365,0.2630673050880432,0.3011375069618225,0.8121088147163391,0.7749798893928528,-0.22270467877388,0.0,0.0,0.0,0.0,0.0,0.0,0.0
26408096436,0,-0.044330254197120667,-0.007999259978532791,-0.7806514501571655,6.569455581484362e-05,-0.04113857448101044,-0.8442511558532715,-0.03735725209116936,0.052702732384204865,-0.018471725285053253,0.0887923464179039,-0.06627896428108215,-0.06359970569610596,-0.010028836317360401,0.0012573390267789364,-0.00043971158447675407,0.0,0.0,-0.0047828578390181065,0.017867369577288628,0.009437566623091698,-0.047113846987485886,0.07034814357757568,-0.010579408146440983,-0.004401989281177521,1.26508629322052,-1.8716500997543335,-47.466148376464844,-0.11793788522481918,0.27000606060028076,0.028078973293304443,-0.22086454927921295,0.2045772224664688,-0.2902393043041229,0.22439247369766235,11.367551803588867,12.034113883972168,10.96700668334961,13.19568157196045,-0.03066406212747097,0.06439453363418579,0.003066406352445483,-0.10425781458616257,0.0,-0.03999488800764084,0.07226875424385071,-0.0023358771577477455,-0.10241498053073883,0.0,0.07260619848966599,-0.30372920632362366,-10.054003715515137,0.22569860517978668,-0.3404737114906311,-8.637489318847656,0.0,0.0,0.0,0.0,0.0,0.0,0.0,0.0,0.0,0.0,0.0,0.0,-0.043324828147888184,0.07374877482652664,0.0016854312270879745,-0.10384982079267502,0.2682930827140808,0.2813456654548645,0.2604060173034668,0.3038809895515442,1.4240280389785767,0.5506095886230469,-0.1432095319032669,0.0,0.0,0.0,0.0,0.0,0.0,0.0
26417185052,0,-0.045039039105176926,-0.006807636935263872,-0.780691921710968,6.569455581484362e-05,-0.04113857448101044,-0.8442511558532715,-0.036462895572185516,0.05984615162014961,-0.0138067826628685,0.09020992368459702,-0.06866221874952316,-0.06355923414230347,-0.008847869001328945,0.0013372204266488552,-0.0011204119073227048,0.0,0.0,-0.0047828578390181065,0.017867369577288628,0.009437566623091698,-0.047113846987485886,0.07034814357757568,-0.010579408146440983,-0.004401989281177521,1.26508629322052,-1.8716500997543335,-47.466148376464844,-0.11793788522481918,0.27000606060028076,0.028078973293304443,-0.22086454927921295,0.2045772224664688,-0.2902393043041229,0.22439247369766235,11.276163101196289,12.102136611938477,11.048498153686523,13.383109092712402,-0.03066406212747097,0.06439453363418579,0.004599609412252903,-0.10425781458616257,0.0,-0.040319208055734634,0.07186185568571091,-0.0023186528123915195,-0.10097573697566986,0.0,0.07260619848966599,-0.30372920632362366,-10.054003715515137,0.2271759957075119,-0.3596075773239136,-8.67408561706543,0.0,0.0,0.0,0.0,0.0,0.0,0.0,0.0,0.0,0.0,0.0,0.0,-0.04219481721520424,0.0731968954205513,0.000335813092533499,-0.10329614579677582,0.2682930827140808,0.2813456654548645,0.2604060173034668,0.3038809895515442,1.4240280389785767,0.5506095886230469,-0.1432095319032669,0.0,0.0,0.0,0.0,0.0,0.0,0.0
26428023208,0,-0.045039039105176926,-0.006807636935263872,-0.780691921710968,6.569455581484362e-05,-0.04113857448101044,-0.8442511558532715,-0.036462895572185516,0.05984615162014961,-0.0138067826628685,0.09020992368459702,-0.06866221874952316,-0.06355923414230347,-0.008847869001328945,0.0013372204266488552,-0.0011204119073227048,0.0,0.0,-0.0047828578390181065,0.034523412585258484,0.02182645909488201,-0.03993460163474083,0.07034814357757568,-0.010579408146440983,-0.004401989281177521,1.2494679689407349,-1.9778416156768799,-47.70746994018555,-0.17309916019439697,0.2588193118572235,0.029140621423721313,-0.22024154663085938,0.204196959733963,-0.28777292370796204,0.22338585555553436,11.276163101196289,12.102136611938477,11.048498153686523,13.383109092712402,-0.03373046964406967,0.06439453363418579,0.004599609412252903,-0.10425781458616257,0.0,-0.04408174008131027,0.07457108795642853,0.0016405831556767225,-0.10333017259836197,0.0,0.22311213612556458,-0.07066883891820908,-9.904430389404297,0.2271759957075119,-0.3596075773239136,-8.67408561706543,0.0,0.0,0.0,0.0,0.0,0.0,0.0,0.0,0.0,0.0,0.0,0.0,-0.04145157337188721,0.07282287627458572,-0.0006359145627357066,-0.10277067124843597,0.26700618863105774,0.2817073166370392,0.2630639672279358,0.3069343864917755,1.4770053625106812,0.8483232259750366,0.21693259477615356,0.0,0.0,0.0,0.0,0.0,0.0,0.0
26439615282,0,-0.04541652277112007,-0.006175376009196043,-0.7807043194770813,6.569455581484362e-05,-0.04113857448101044,-0.8442511558532715,-0.03359275683760643,0.05774584412574768,-0.01009290385991335,0.0909648910164833,-0.06992674618959427,-0.06354683637619019,-0.008197925053536892,0.0016924695810303092,-0.0013112931046634912,0.0,0.0,-0.0047828578390181065,0.034523412585258484,0.02182645909488201,-0.03993460163474083,0.06451237946748734,-0.020320212468504906,-0.003509521484375,1.2273417711257935,-1.9690767526626587,-47.85489273071289,-0.1847907304763794,0.24024012684822083,0.021999076008796692,-0.21996276080608368,0.2042911797761917,-0.2865922451019287,0.22302642464637756,11.471664428710938,11.920661926269531,11.363110542297363,13.201663970947266,-0.03526367247104645,0.06439453363418579,0.003066406352445483,-0.10425781458616257,0.0,-0.04371576011180878,0.07481515407562256,0.0020375563763082027,-0.10390062630176544,0.0,0.23331524431705475,-0.10333377122879028,-10.27748966217041,0.22315305471420288,-0.35801395773887634,-8.700889587402344,0.0,0.0,0.0,0.0,0.0,0.0,0.0,0.0,0.0,0.0,0.0,0.0,-0.04138091951608658,0.07284779101610184,-0.0008580798748880625,-0.10253317654132843,0.27033770084381104,0.2791304290294647,0.26820555329322815,0.3039965033531189,1.4770053625106812,0.8483232259750366,0.21693259477615356,0.0,0.0,0.0,0.0,0.0,0.0,0.0
26446783878,0,-0.046530574560165405,-0.0041179656982421875,-0.7807915806770325,6.569455581484362e-05,-0.04113857448101044,-0.8442511558532715,-0.02838996611535549,0.055518947541713715,-0.006528106052428484,0.09319300949573517,-0.07404159009456635,-0.06345957517623901,-0.006774581968784332,0.0029605438467115164,-0.002505735494196415,0.0,0.0,-0.0047828578390181065,0.053020354360342026,0.045392803847789764,-0.03217313811182976,0.06451237946748734,-0.020320212468504906,-0.003509521484375,1.2241106033325195,-2.0180861949920654,-47.93568420410156,-0.1847907304763794,0.24024012684822083,0.021999076008796692,-0.21996276080608368,0.2042911797761917,-0.2865922451019287,0.22302642464637756,11.54802417755127,11.787637710571289,11.65063762664795,13.05374813079834,-0.03526367247104645,0.06439453363418579,0.003066406352445483,-0.10425781458616257,0.0,-0.0450274795293808,0.07703813910484314,0.003572582732886076,-0.10632912814617157,0.0,0.23331524431705475,-0.10333377122879028,-10.27748966217041,0.21800506114959717,-0.36196744441986084,-8.720123291015625,0.0,0.0,0.0,0.0,0.0,0.0,0.0,0.0,0.0,0.0,0.0,0.0,-0.041854407638311386,0.0733143612742424,-0.0003805193118751049,-0.10275441408157349,0.27033770084381104,0.2791304290294647,0.26820555329322815,0.3039965033531189,1.0292798280715942,1.0076171159744263,0.1556575745344162,0.0,0.0,0.0,0.0,0.0,0.0,0.0
26456529907,0,-0.046530574560165405,-0.0041179656982421875,-0.7807915806770325,6.569455581484362e-05,-0.04113857448101044,-0.8442511558532715,-0.02838996611535549,0.055518947541713715,-0.006528106052428484,0.09319300949573517,-0.07404159009456635,-0.06345957517623901,-0.006774581968784332,0.0029605438467115164,-0.002505735494196415,0.0,0.0,-0.0047828578390181065,0.060399118810892105,0.043853167444467545,-0.03357696533203125,0.04851038008928299,-0.028845181688666344,-0.002996583469212055,1.2241106033325195,-2.0180861949920654,-47.93568420410156,-0.21698276698589325,0.20425648987293243,0.015529215335845947,-0.21930938959121704,0.2049471139907837,-0.28333911299705505,0.22254109382629395,11.54802417755127,11.787637710571289,11.65063762664795,13.05374813079834,-0.032197266817092896,0.06592773646116257,0.0015332031762227416,-0.10272461175918579,0.0,-0.04496591538190842,0.07709857076406479,0.0036335524637252092,-0.10627441108226776,0.0,0.3283502161502838,-0.2123778909444809,-9.404389381408691,0.21800506114959717,-0.36196744441986084,-8.720123291015625,0.0,0.0,0.0,0.0,0.0,0.0,0.0,0.0,0.0,0.0,0.0,0.0,-0.04260944202542305,0.07413120567798615,0.000515804800670594,-0.10340830683708191,0.2718358337879181,0.27652955055236816,0.273847371339798,0.30114150047302246,0.5823013782501221,0.19700470566749573,-0.03546459227800369,0.0,0.0,0.0,0.0,0.0,0.0,0.0
26468188030,0,-0.04726136103272438,-0.002754960209131241,-0.7808494567871094,6.569455581484362e-05,-0.04113857448101044,-0.8442511558532715,-0.027947165071964264,0.05583908036351204,-0.013532179407775402,0.09465458989143372,-0.07676761597394943,-0.06340169906616211,-0.006034541875123978,0.003618319984525442,-0.0034963919315487146,0.0,0.0,-0.0047828578390181065,0.060399118810892105,0.043853167444467545,-0.03357696533203125,0.04851038008928299,-0.028845181688666344,-0.002996583469212055,1.216681718826294,-2.014667510986328,-47.8365592956543,-0.2239992469549179,0.20552748441696167,0.021029368042945862,-0.2187047302722931,0.2057589292526245,-0.28010404109954834,0.22204509377479553,11.379054069519043,11.888381004333496,11.497828483581543,13.180780410766602,-0.03066406212747097,0.06592773646116257,0.0015332031762227416,-0.10425781458616257,0.0,-0.04570098593831062,0.07617584615945816,0.00386232091113925,-0.10490363091230392,0.0,0.14227817952632904,0.04665789008140564,-9.886488914489746,0.22056584060192108,-0.36821919679641724,-8.663188934326172,0.0,0.0,0.0,0.0,0.0,0.0,0.0,0.0,0.0,0.0,0.0,0.0,-0.04345235973596573,0.07503513991832733,0.0015396781964227557,-0.10419805347919464,0.26851898431777954,0.2784995436668396,0.2708510756492615,0.30359354615211487,0.5823013782501221,0.19700470566749573,-0.03546459227800369,0.0,0.0,0.0,0.0,0.0,0.0,0.0
26476500130,0,-0.047585684806108475,-0.002101551042869687,-0.7809096574783325,6.569455581484362e-05,-0.04113857448101044,-0.8442511558532715,-0.026063717901706696,0.05181773751974106,-0.017815619707107544,0.0953032374382019,-0.07807443290948868,-0.06334149837493896,-0.005428367294371128,0.004262336064130068,-0.0037189973518252373,0.0,0.0,-0.0047828578390181065,0.06469293683767319,0.048981402069330215,-0.03175627067685127,0.0431625060737133,-0.03387642651796341,-0.0012905073817819357,1.2131121158599854,-2.025205612182617,-47.64753723144531,-0.2386292666196823,0.1903194785118103,0.011270448565483093,-0.2183762937784195,0.2057589292526245,-0.28010404109954834,0.22204509377479553,11.528775215148926,11.593457221984863,11.736248970031738,12.885490417480469,-0.03066406212747097,0.06592773646116257,0.0015332031762227416,-0.10579101741313934,0.0,-0.045509178191423416,0.0783616229891777,0.004239260219037533,-0.10748124867677689,0.0,0.14227817952632904,0.04665789008140564,-9.886488914489746,0.21827073395252228,-0.3629690408706665,-8.630395889282227,0.0,0.0,0.0,0.0,0.0,0.0,0.0,0.0,0.0,0.0,0.0,0.0,-0.044239092618227005,0.07583359628915787,0.0024786577560007572,-0.10489880293607712,0.26851898431777954,0.2784995436668396,0.2708510756492615,0.30359354615211487,0.5337867140769958,0.353575199842453,0.014589386992156506,0.0,0.0,0.0,0.0,0.0,0.0,0.0
26489539178,0,-0.047585684806108475,-0.002101551042869687,-0.7809096574783325,6.569455581484362e-05,-0.04113857448101044,-0.8442511558532715,-0.026063717901706696,0.05181773751974106,-0.017815619707107544,0.0953032374382019,-0.07807443290948868,-0.06334149837493896,-0.005428367294371128,0.004262336064130068,-0.0037189973518252373,0.0,0.0,-0.0047828578390181065,0.06469293683767319,0.048981402069330215,-0.03175627067685127,0.028452826663851738,-0.04868808761239052,-0.0012981571489945054,1.2131121158599854,-2.025205612182617,-47.64753723144531,-0.2386292666196823,0.1903194785118103,0.011270448565483093,-0.2183762937784195,0.2062961906194687,-0.2783302366733551,0.2218058705329895,11.528775215148926,11.593457221984863,11.736248970031738,12.885490417480469,-0.032197266817092896,0.06592773646116257,0.0015332031762227416,-0.10732422024011612,0.0,-0.045509178191423416,0.0783616229891777,0.004239260219037533,-0.10748124867677689,0.0,0.2835341691970825,-0.1502339243888855,-10.159817695617676,0.21827073395252228,-0.3629690408706665,-8.630395889282227,0.0,0.0,0.0,0.0,0.0,0.0,0.0,0.0,0.0,0.0,0.0,0.0,-0.044869232922792435,0.07659193873405457,0.003247949294745922,-0.10560105741024017,0.2714582085609436,0.2727266550064087,0.2755239009857178,0.297888845205307,0.5337867140769958,0.353575199842453,0.014589386992156506,0.0,0.0,0.0,0.0,0.0,0.0,0.0
26496836207,0,-0.04811955243349075,-0.0008728263201192021,-0.7810714840888977,6.569455581484362e-05,-0.04113857448101044,-0.8442511558532715,-0.025179343298077583,0.053374286741018295,-0.023249365389347076,0.09637098014354706,-0.08053189516067505,-0.06317967176437378,-0.003577694995328784,0.0061250547878444195,-0.0037120103370398283,0.0,0.0,-0.0047828578390181065,0.08491779118776321,0.08214607834815979,-0.016895795240998268,0.028452826663851738,-0.04868808761239052,-0.0012981571489945054,1.2131121158599854,-2.025205612182617,-47.64753723144531,-0.2386292666196823,0.1903194785118103,0.011270448565483093,-0.2183762937784195,0.2062961906194687,-0.2783302366733551,0.2218058705329895,11.50370979309082,11.321409225463867,12.002046585083008,12.53192138671875,-0.03526367247104645,0.06439453363418579,0.0015332031762227416,-0.10732422024011612,0.0,-0.04560840129852295,0.08024861663579941,0.004145379178225994,-0.11052590608596802,0.0,0.1897168606519699,-0.11767669022083282,-9.635757446289062,0.21898432075977325,-0.37144404649734497,-8.59213638305664,0.0,0.0,0.0,0.0,0.0,0.0,0.0,0.0,0.0,0.0,0.0,0.0,-0.045301809906959534,0.07737850397825241,0.0038048888090997934,-0.10643383115530014,0.2714582085609436,0.2727266550064087,0.2755239009857178,0.297888845205307,0.8650014996528625,1.2735775709152222,0.5283087491989136,0.0,0.0,0.0,0.0,0.0,0.0,0.0
26506569334,0,-0.04811955243349075,-0.0008728263201192021,-0.7810714840888977,6.569455581484362e-05,-0.04113857448101044,-0.8442511558532715,-0.025179343298077583,0.053374286741018295,-0.023249365389347076,0.09699436277151108,-0.08177090436220169,-0.063102126121521,-0.003577694995328784,0.0061250547878444195,-0.0037120103370398283,0.0,0.0,-0.0047828578390181065,0.0908215269446373,0.0896894559264183,-0.017075831070542336,0.01968979462981224,-0.05545599013566971,-0.0014412258751690388,1.2057427167892456,-1.9983463287353516,-47.26197052001953,-0.27275550365448,0.13091187179088593,0.0026018917560577393,-0.21777291595935822,0.20764052867889404,-0.27448180317878723,0.2215861678123474,11.50370979309082,11.321409225463867,12.002046585083008,12.53192138671875,-0.036796875298023224,0.06439453363418579,0.0015332031762227416,-0.10425781458616257,0.0,-0.04495171830058098,0.07923440635204315,0.0036258851177990437,-0.10950170457363129,0.0,0.1897168606519699,-0.11767669022083282,-9.635757446289062,0.22245003283023834,-0.37847819924354553,-8.59138011932373,0.0,0.0,0.0,0.0,0.0,0.0,0.0,0.0,0.0,0.0,0.0,0.0,-0.045536261051893234,0.07816112041473389,0.004121994134038687,-0.10741078853607178,0.27096638083457947,0.2673860490322113,0.28071966767311096,0.29103586077690125,0.7649229168891907,1.080065131187439,0.31996747851371765,0.0,0.0,0.0,0.0,0.0,0.0,0.0
26517065760,0,-0.04843124374747276,-0.0002533287915866822,-0.7811490297317505,6.569455581484362e-05,-0.04113857448101044,-0.8442511558532715,-0.02620651200413704,0.05553703382611275,-0.023561304435133934,0.09699436277151108,-0.08177090436220169,-0.063102126121521,-0.002475070534273982,0.006976190954446793,-0.0035904613323509693,0.0,0.0,-0.0047828578390181065,0.10158523917198181,0.08830312639474869,-0.017250772565603256,0.01017153263092041,-0.06043660640716553,-0.001472347998060286,1.2044137716293335,-2.0429422855377197,-47.256752014160156,-0.2872266173362732,0.11648298799991608,0.004467189311981201,-0.21750152111053467,0.20859292149543762,-0.2720777690410614,0.22156758606433868,11.409931182861328,11.366426467895508,11.998391151428223,12.577951431274414,-0.03526367247104645,0.06592773646116257,0.003066406352445483,-0.10272461175918579,0.0,-0.04672011360526085,0.08029607683420181,0.005004849284887314,-0.11029931902885437,0.0,0.09047245979309082,-0.42089739441871643,-9.56126880645752,0.22245003283023834,-0.37847819924354553,-8.59138011932373,0.0,0.0,0.0,0.0,0.0,0.0,0.0,0.0,0.0,0.0,0.0,0.0,-0.045655570924282074,0.07883983850479126,0.004273984115570784,-0.1083611324429512,0.2712076008319855,0.265728622674942,0.28326189517974854,0.28968101739883423,0.8801617622375488,0.4984641969203949,0.18653400242328644,0.0,0.0,0.0,0.0,0.0,0.0,0.0
26527964068,0,-0.049025774002075195,0.000926553679164499,-0.781278133392334,6.569455581484362e-05,-0.04113857448101044,-0.8442511558532715,-0.025535624474287033,0.06423468887805939,-0.019589440897107124,0.09818343073129654,-0.0841306820511818,-0.0629730224609375,-2.7119358492200263e-05,0.0081996601074934,-0.0035751715768128633,0.0,0.0,-0.0047828578390181065,0.11302132904529572,0.08147080987691879,-0.018483176827430725,0.00023134025104809552,-0.06518712639808655,-0.0014493444468826056,1.2316844463348389,-2.205735921859741,-47.42687225341797,-0.2872266173362732,0.11648298799991608,0.004467189311981201,-0.21750152111053467,0.20859292149543762,-0.2720777690410614,0.22156758606433868,11.30073356628418,11.422520637512207,12.022690773010254,12.780057907104492,-0.03526367247104645,0.06899414211511612,0.003066406352445483,-0.10272461175918579,0.0,-0.05141700059175491,0.08580409735441208,0.00898017268627882,-0.11383882910013199,0.0,0.09047245979309082,-0.42089739441871643,-9.56126880645752,0.2239426225423813,-0.4010429084300995,-8.623067855834961,0.0,0.0,0.0,0.0,0.0,0.0,0.0,0.0,0.0,0.0,0.0,0.0,-0.046045780181884766,0.07964746654033661,0.004603373818099499,-0.10931265354156494,0.2712076008319855,0.265728622674942,0.28326189517974854,0.28968101739883423,0.9819900989532471,-0.04291098564863205,0.12796904146671295,0.0,0.0,0.0,0.0,0.0,0.0,0.0
26536620480,0,-0.049025774002075195,0.000926553679164499,-0.781278133392334,6.569455581484362e-05,-0.04113857448101044,-0.8442511558532715,-0.025535624474287033,0.06423468887805939,-0.019589440897107124,0.09818343073129654,-0.0841306820511818,-0.0629730224609375,-2.7119358492200263e-05,0.0081996601074934,-0.0035751715768128633,0.0,0.0,-0.0047828578390181065,0.12008213251829147,0.07812141627073288,-0.015112413093447685,0.00023134025104809552,-0.06518712639808655,-0.0014493444468826056,1.2316844463348389,-2.205735921859741,-47.42687225341797,-0.3322857916355133,0.11835332214832306,0.007865920662879944,-0.21688491106033325,0.21083244681358337,-0.2675255537033081,0.22142070531845093,11.30073356628418,11.422520637512207,12.022690773010254,12.780057907104492,-0.03526367247104645,0.0705273449420929,0.004599609412252903,-0.10425781458616257,0.0,-0.05135762691497803,0.08586297184228897,0.0090359291061759,-0.11378603428602219,0.0,0.10006148368120193,-0.3952564299106598,-9.728059768676758,0.2239426225423813,-0.4010429084300995,-8.623067855834961,0.0,0.0,0.0,0.0,0.0,0.0,0.0,0.0,0.0,0.0,0.0,0.0,-0.047009412199258804,0.08092933893203735,0.005392193794250488,-0.11045010387897491,0.26697951555252075,0.26937270164489746,0.2811226546764374,0.29584801197052,0.5027871131896973,-0.0533180870115757,0.302981436252594,0.0,0.0,0.0,0.0,0.0,0.0,0.0
26546942620,0,-0.04953036829829216,0.0021146887447685003,-0.7813648581504822,6.569455581484362e-05,-0.04113857448101044,-0.8442511558532715,-0.022643567994236946,0.0619233138859272,-0.016268042847514153,0.09919262677431107,-0.08650695532560349,-0.0628862977027893,0.00197455077432096,0.009578751400113106,-0.003800108330324292,0.0,0.0,-0.0047828578390181065,0.12008213251829147,0.07812141627073288,-0.015112413093447685,-0.02290596067905426,-0.08244765549898148,-0.0008783522062003613,1.2135419845581055,-2.2086832523345947,-47.55274963378906,-0.3559582829475403,0.10710130631923676,0.0033682584762573242,-0.21632221341133118,0.21365585923194885,-0.2630450427532196,0.2212247997522354,11.397111892700195,11.320123672485352,12.219310760498047,12.718021392822266,-0.03526367247104645,0.0705273449420929,0.004599609412252903,-0.10579101741313934,0.0,-0.05152430385351181,0.08621950447559357,0.009550817310810089,-0.11386988312005997,0.0,0.34206926822662354,0.3470500707626343,-9.789395332336426,0.2206439971923828,-0.40157878398895264,-8.645954132080078,0.0,0.0,0.0,0.0,0.0,0.0,0.0,0.0,0.0,0.0,0.0,0.0,-0.048296134918928146,0.08248389512300491,0.006473693996667862,-0.11163140088319778,0.26887375116348267,0.26736071705818176,0.2849564254283905,0.2946459650993347,0.5027871131896973,-0.0533180870115757,0.302981436252594,0.0,0.0,0.0,0.0,0.0,0.0,0.0
26557146962,0,-0.04953036829829216,0.0021146887447685003,-0.7813648581504822,6.569455581484362e-05,-0.04113857448101044,-0.8442511558532715,-0.022643567994236946,0.0619233138859272,-0.016268042847514153,0.09964192658662796,-0.08776814490556717,-0.06284892559051514,0.00197455077432096,0.009578751400113106,-0.003800108330324292,0.0,0.0,-0.0047828578390181065,0.11756075173616409,0.07922123372554779,-0.012504533864557743,-0.02290596067905426,-0.08244765549898148,-0.0008783522062003613,1.2135419845581055,-2.2086832523345947,-47.55274963378906,-0.3559582829475403,0.10710130631923676,0.0033682584762573242,-0.21632221341133118,0.21365585923194885,-0.2630450427532196,0.2212247997522354,11.397111892700195,11.320123672485352,12.219310760498047,12.718021392822266,-0.03526367247104645,0.0705273449420929,0.004599609412252903,-0.10732422024011612,0.0,-0.05152430385351181,0.08621950447559357,0.009550817310810089,-0.11386988312005997,0.0,0.34206926822662354,0.3470500707626343,-9.789395332336426,0.21752718091011047,-0.40290480852127075,-8.640338897705078,0.0,0.0,0.0,0.0,0.0,0.0,0.0,0.0,0.0,0.0,0.0,0.0,-0.0495169572532177,0.08392132818698883,0.007549649570137262,-0.11262156814336777,0.26887375116348267,0.26736071705818176,0.2849564254283905,0.2946459650993347,0.16145473718643188,0.016817552968859673,0.31837761402130127,0.0,0.0,0.0,0.0,0.0,0.0,0.0
26566681110,0,-0.04975501820445061,0.0027452786453068256,-0.7814022302627563,6.569455581484362e-05,-0.04113857448101044,-0.8442511558532715,-0.02051367796957493,0.06124120578169823,-0.016770707443356514,0.09964192658662796,-0.08776814490556717,-0.06284892559051514,0.0028828848153352737,0.010370374657213688,-0.004035939462482929,0.0,0.0,-0.0047828578390181065,0.11756075173616409,0.07922123372554779,-0.012504533864557743,-0.03513973951339722,-0.08932545781135559,-0.0001590425381436944,1.196399450302124,-2.2159764766693115,-47.52186584472656,-0.3611147999763489,0.09648710489273071,0.0008920878171920776,-0.2160259187221527,0.21526607871055603,-0.26057153940200806,0.2212001085281372,11.4263277053833,11.26268482208252,12.298384666442871,12.637251853942871,-0.03526367247104645,0.0705273449420929,0.003066406352445483,-0.10732422024011612,0.0,-0.05212131887674332,0.08637866377830505,0.010218109004199505,-0.11429785937070847,0.0,0.3666069507598877,-0.1204659715294838,-9.773041725158691,0.21752718091011047,-0.40290480852127075,-8.640338897705078,0.0,0.0,0.0,0.0,0.0,0.0,0.0,0.0,0.0,0.0,0.0,0.0,-0.05051533132791519,0.08505968749523163,0.008478870615363121,-0.11335863918066025,0.26944732666015625,0.26623132824897766,0.2864961326122284,0.29308006167411804,0.16145473718643188,0.016817552968859673,0.31837761402130127,0.0,0.0,0.0,0.0,0.0,0.0,0.0
26576983530,0,-0.05031825229525566,0.004767304286360741,-0.7814741134643555,6.569455581484362e-05,-0.04113857448101044,-0.8442511558532715,-0.02261320687830448,0.05344080179929733,-0.01767156645655632,0.10076840221881866,-0.09181222319602966,-0.06277704238891602,0.005167357157915831,0.012517235241830349,-0.004885716363787651,0.0,0.0,-0.0047828578390181065,0.10654552280902863,0.07768610864877701,-0.018333707004785538,-0.03513973951339722,-0.08932545781135559,-0.0001590425381436944,1.2026617527008057,-2.17742919921875,-47.51742172241211,-0.3611147999763489,0.09648710489273071,0.0008920878171920776,-0.2160259187221527,0.21526607871055603,-0.26057153940200806,0.2212001085281372,11.179950714111328,11.49277114868164,12.106532096862793,12.84268569946289,-0.036796875298023224,0.0705273449420929,0.004599609412252903,-0.10732422024011612,0.0,-0.05185198783874512,0.08364845812320709,0.009071391075849533,-0.11156732589006424,0.0,0.3666069507598877,-0.1204659715294838,-9.773041725158691,0.22469186782836914,-0.39573508501052856,-8.629600524902344,0.0,0.0,0.0,0.0,0.0,0.0,0.0,0.0,0.0,0.0,0.0,0.0,-0.05126272141933441,0.08572963625192642,0.00917312502861023,-0.11374875158071518,0.26944732666015625,0.26623132824897766,0.2864961326122284,0.29308006167411804,-0.25581488013267517,-0.09280714392662048,-0.14189423620700836,0.0,0.0,0.0,0.0,0.0,0.0,0.0
26586341689,0,-0.05031825229525566,0.004767304286360741,-0.7814741134643555,6.569455581484362e-05,-0.04113857448101044,-0.8442511558532715,-0.02261320687830448,0.05344080179929733,-0.01767156645655632,0.10076840221881866,-0.09181222319602966,-0.06277704238891602,0.005167357157915831,0.012517235241830349,-0.004885716363787651,0.0,0.0,-0.0047828578390181065,0.10654552280902863,0.07768610864877701,-0.018333707004785538,-0.05670845881104469,-0.10706131905317307,0.0006510764360427856,1.2026617527008057,-2.17742919921875,-47.51742172241211,-0.37090468406677246,0.08264008164405823,0.015782296657562256,-0.2152116745710373,0.2198566347360611,-0.25322604179382324,0.2209557145833969,11.179950714111328,11.49277114868164,12.106532096862793,12.84268569946289,-0.038330078125,0.0705273449420929,0.004599609412252903,-0.10732422024011612,0.0,-0.05177272856235504,0.08372573554515839,0.009144492447376251,-0.11149798333644867,0.0,0.33878496289253235,0.06843524426221848,-9.380277633666992,0.22469186782836914,-0.39573508501052856,-8.629600524902344,0.0,0.0,0.0,0.0,0.0,0.0,0.0,0.0,0.0,0.0,0.0,0.0,-0.05174780264496803,0.08580460399389267,0.009552067145705223,-0.11366083472967148,0.2610584497451782,0.2734777331352234,0.2797177731990814,0.2999858856201172,-0.25581488013267517,-0.09280714392662048,-0.14189423620700836,0.0,0.0,0.0,0.0,0.0,0.0,0.0
26596463052,0,-0.05064394325017929,0.006136766169220209,-0.7814667224884033,6.569455581484362e-05,-0.04113857448101044,-0.8442511558532715,-0.02211076207458973,0.05004127323627472,-0.016125191003084183,0.10141978412866592,-0.09455116093158722,-0.06278443336486816,0.00713216932490468,0.013467606157064438,-0.0052774096839129925,0.0,0.0,-0.0047828578390181065,0.09748987853527069,0.06461835652589798,-0.02623407170176506,-0.05670845881104469,-0.10706131905317307,0.0006510764360427856,1.2473896741867065,-2.155317783355713,-47.45323181152344,-0.3714430332183838,0.08467338979244232,0.017577797174453735,-0.2149687260389328,0.2198566347360611,-0.25322604179382324,0.2209557145833969,10.953458786010742,11.670021057128906,11.90065860748291,13.039097785949707,-0.039863280951976776,0.07206054776906967,0.004599609412252903,-0.1088574230670929,0.0,-0.05065980181097984,0.08316141366958618,0.0073390924371778965,-0.11040819436311722,0.0,0.33878496289253235,0.06843524426221848,-9.380277633666992,0.2254459410905838,-0.39476147294044495,-8.640741348266602,0.0,0.0,0.0,0.0,0.0,0.0,0.0,0.0,0.0,0.0,0.0,0.0,-0.05194328725337982,0.08542826771736145,0.009576568379998207,-0.11317141354084015,0.2610584497451782,0.2734777331352234,0.2797177731990814,0.2999858856201172,-0.4004593789577484,-0.529728353023529,-0.3196500539779663,0.0,0.0,0.0,0.0,0.0,0.0,0.0
26606478701,0,-0.05081022530794144,0.006818836554884911,-0.781449019908905,6.569455581484362e-05,-0.04113857448101044,-0.8442511558532715,-0.02452809177339077,0.05284528806805611,-0.014333446510136127,0.10175234824419022,-0.0959153026342392,-0.06280213594436646,0.008088521659374237,0.013964211568236351,-0.005368787795305252,0.0,0.0,-0.0047828578390181065,0.09219057857990265,0.061656877398490906,-0.02777593582868576,-0.05670845881104469,-0.10706131905317307,0.0006510764360427856,1.2717478275299072,-2.2181007862091064,-47.59175491333008,-0.3768438994884491,0.07776325941085815,0.018988728523254395,-0.21468353271484375,0.2198566347360611,-0.25322604179382324,0.2209557145833969,10.933611869812012,11.742707252502441,11.919206619262695,13.106788635253906,-0.039863280951976776,0.07206054776906967,0.004599609412252903,-0.11039062589406967,0.0,-0.051967598497867584,0.08530490845441818,0.00849351566284895,-0.11217709630727768,0.0,0.33878496289253235,0.06843524426221848,-9.380277633666992,0.2312268763780594,-0.4032910466194153,-8.653046607971191,0.0,0.0,0.0,0.0,0.0,0.0,0.0,0.0,0.0,0.0,0.0,0.0,-0.051914263516664505,0.0849497988820076,0.009312285110354424,-0.1125526949763298,0.2610584497451782,0.2734777331352234,0.2797177731990814,0.2999858856201172,-0.42618343234062195,-0.42122673988342285,-0.2816338837146759,0.0,0.0,0.0,0.0,0.0,0.0,0.0
26618291999,0,-0.05081022530794144,0.006818836554884911,-0.781449019908905,6.569455581484362e-05,-0.04113857448101044,-0.8442511558532715,-0.02452809177339077,0.05284528806805611,-0.014333446510136127,0.10175234824419022,-0.0959153026342392,-0.06280213594436646,0.008088521659374237,0.013964211568236351,-0.005368787795305252,0.0,0.0,-0.0047828578390181065,0.07263336330652237,0.05701717734336853,-0.02433009259402752,-0.06932450830936432,-0.11740736663341522,0.0017990244086831808,1.2717478275299072,-2.2181007862091064,-47.59175491333008,-0.3768438994884491,0.07776325941085815,0.018988728523254395,-0.21468353271484375,0.2231067419052124,-0.24817751348018646,0.22044141590595245,10.933611869812012,11.742707252502441,11.919206619262695,13.106788635253906,-0.039863280951976776,0.07359375059604645,0.006132812704890966,-0.11039062589406967,0.0,-0.051967598497867584,0.08530490845441818,0.00849351566284895,-0.11217709630727768,0.0,0.17087160050868988,0.20410603284835815,-9.727450370788574,0.2312268763780594,-0.4032910466194153,-8.653046607971191,0.0,0.0,0.0,0.0,0.0,0.0,0.0,0.0,0.0,0.0,0.0,0.0,-0.051849499344825745,0.08468113094568253,0.00897796731442213,-0.11209750175476074,0.2609311640262604,0.2744482755661011,0.2802318334579468,0.30106306076049805,-0.7108684182167053,-0.2767747938632965,0.08922283351421356,0.0,0.0,0.0,0.0,0.0,0.0,0.0
26626449028,0,-0.051124781370162964,0.008163872174918652,-0.7813988924026489,6.569455581484362e-05,-0.04113857448101044,-0.8442511558532715,-0.021333925426006317,0.053108081221580505,-0.007588251493871212,0.10238146781921387,-0.09860538691282272,-0.06285226345062256,0.009542436338961124,0.014841651543974876,-0.005904064513742924,0.0,0.0,-0.0047828578390181065,0.07263336330652237,0.05701717734336853,-0.02433009259402752,-0.06932450830936432,-0.11740736663341522,0.0017990244086831808,1.2717478275299072,-2.2181007862091064,-47.59175491333008,-0.3768438994884491,0.07776325941085815,0.018988728523254395,-0.21468353271484375,0.2231067419052124,-0.24817751348018646,0.22044141590595245,10.933611869812012,11.742707252502441,11.919206619262695,13.106788635253906,-0.039863280951976776,0.07206054776906967,0.0076660155318677425,-0.11192382872104645,0.0,-0.051967598497867584,0.08530490845441818,0.00849351566284895,-0.11217709630727768,0.0,0.17087160050868988,0.20410603284835815,-9.727450370788574,0.22679974138736725,-0.40962082147598267,-8.701704978942871,0.0,0.0,0.0,0.0,0.0,0.0,0.0,0.0,0.0,0.0,0.0,0.0,-0.0518394336104393,0.08466409891843796,0.008724152110517025,-0.1118883341550827,0.2609311640262604,0.2744482755661011,0.2802318334579468,0.30106306076049805,-0.7108684182167053,-0.2767747938632965,0.08922283351421356,0.0,0.0,0.0,0.0,0.0,0.0,0.0
26637958173,0,-0.051124781370162964,0.008163872174918652,-0.7813988924026489,6.569455581484362e-05,-0.04113857448101044,-0.8442511558532715,-0.021333925426006317,0.053108081221580505,-0.007588251493871212,0.10238146781921387,-0.09860538691282272,-0.06285226345062256,0.009542436338961124,0.014841651543974876,-0.005904064513742924,0.0,0.0,-0.0047828578390181065,0.06285019218921661,0.05870571732521057,-0.021215777844190598,-0.08000544458627701,-0.12233348935842514,0.0017811311408877373,1.2473986148834229,-2.2529144287109375,-47.859378814697266,-0.3650633692741394,0.06794150173664093,0.01296822726726532,-0.21410700678825378,0.22595401108264923,-0.2434389740228653,0.21988354623317719,11.158288955688477,11.693132400512695,12.133354187011719,12.993388175964355,-0.039863280951976776,0.07359375059604645,0.0076660155318677425,-0.11345703154802322,0.0,-0.05274118110537529,0.08603882789611816,0.010119265876710415,-0.11339829862117767,0.0,0.024037592113018036,0.07086868584156036,-10.043091773986816,0.22679974138736725,-0.40962082147598267,-8.701704978942871,0.0,0.0,0.0,0.0,0.0,0.0,0.0,0.0,0.0,0.0,0.0,0.0,-0.05189381539821625,0.08480782806873322,0.008631763979792595,-0.11189509183168411,0.26417648792266846,0.2746797502040863,0.28328144550323486,0.2999752461910248,-0.8384476900100708,-0.08725688606500626,0.19133231043815613,0.0,0.0,0.0,0.0,0.0,0.0,0.0
26646436306,0,-0.05131610110402107,0.008840142749249935,-0.7813750505447388,6.569455581484362e-05,-0.04113857448101044,-0.8442511558532715,-0.021542174741625786,0.05546225979924202,-0.005752988625317812,0.10276410728693008,-0.09995793551206589,-0.06287610530853271,0.010059933178126812,0.015390785411000252,-0.006189779844135046,0.0,0.0,-0.0047828578390181065,0.05413813143968582,0.0639834925532341,-0.015110473148524761,-0.08193905651569366,-0.12664376199245453,0.002132104244083166,1.2558856010437012,-2.2945146560668945,-47.919307708740234,-0.36004501581192017,0.05711871385574341,0.009410291910171509,-0.21385890245437622,0.22719375789165497,-0.24118110537528992,0.21968984603881836,11.25376033782959,11.642988204956055,12.24582290649414,12.894888877868652,-0.039863280951976776,0.07206054776906967,0.009199218824505806,-0.11345703154802322,0.0,-0.05331110209226608,0.08796031028032303,0.011004423722624779,-0.1156296655535698,0.0,0.2981378734111786,-0.22074422240257263,-9.591264724731445,0.22834283113479614,-0.4171844720840454,-8.712601661682129,0.0,0.0,0.0,0.0,0.0,0.0,0.0,0.0,0.0,0.0,0.0,0.0,-0.05206752568483353,0.08516044914722443,0.008826646022498608,-0.11222239583730698,0.2689090967178345,0.270870178937912,0.28835058212280273,0.29521065950393677,-0.797134518623352,0.20417696237564087,0.3679924011230469,0.0,0.0,0.0,0.0,0.0,0.0,0.0
26656908985,0,-0.051895759999752045,0.010740883648395538,-0.7813360095024109,6.569455581484362e-05,-0.04113857448101044,-0.8442511558532715,-0.020616695284843445,0.05295734852552414,-0.004699118435382843,0.10392343252897263,-0.10375943779945374,-0.0629151463508606,0.010749234817922115,0.01740971952676773,-0.007146275136619806,0.0,0.0,-0.0047828578390181065,0.046411920338869095,0.07107429206371307,-0.011468758806586266,-0.08193905651569366,-0.12664376199245453,0.002132104244083166,1.2632575035095215,-2.2986645698547363,-47.8614501953125,-0.36004501581192017,0.05711871385574341,0.009410291910171509,-0.21385890245437622,0.22719375789165497,-0.24118110537528992,0.21968984603881836,11.443358421325684,11.433541297912598,12.523982048034668,12.575417518615723,-0.04139648377895355,0.07206054776906967,0.0076660155318677425,-0.11192382872104645,0.0,-0.05232730507850647,0.08993363380432129,0.0106690414249897,-0.11890706419944763,0.0,0.2981378734111786,-0.22074422240257263,-9.591264724731445,0.22972515225410461,-0.42004644870758057,-8.713981628417969,0.0,0.0,0.0,0.0,0.0,0.0,0.0,0.0,0.0,0.0,0.0,0.0,-0.0523107573390007,0.08585291355848312,0.00926804356276989,-0.1130603700876236,0.2689090967178345,0.270870178937912,0.28835058212280273,0.29521065950393677,-0.7366697788238525,0.43645474314689636,0.4049623906612396,0.0,0.0,0.0,0.0,0.0,0.0,0.0
26666557263,0,-0.051895759999752045,0.010740883648395538,-0.7813360095024109,6.569455581484362e-05,-0.04113857448101044,-0.8442511558532715,-0.020616695284843445,0.05295734852552414,-0.004699118435382843,0.10392343252897263,-0.10375943779945374,-0.0629151463508606,0.010749234817922115,0.01740971952676773,-0.007146275136619806,0.0,0.0,-0.0047828578390181065,0.03328578919172287,0.06682418286800385,-0.009211037307977676,-0.09047742933034897,-0.14609037339687347,0.0030025409068912268,1.2632575035095215,-2.2986645698547363,-47.8614501953125,-0.35608166456222534,0.02355930209159851,-0.0005727857351303101,-0.21329352259635925,0.22989174723625183,-0.2355809360742569,0.21946769952774048,11.443358421325684,11.433541297912598,12.523982048034668,12.575417518615723,-0.04139648377895355,0.07359375059604645,0.0076660155318677425,-0.11039062589406967,0.0,-0.05227353051304817,0.08998759835958481,0.010718122124671936,-0.11885783821344376,0.0,0.13858312368392944,-0.305621474981308,-9.478387832641602,0.22972515225410461,-0.42004644870758057,-8.713981628417969,0.0,0.0,0.0,0.0,0.0,0.0,0.0,0.0,0.0,0.0,0.0,0.0,-0.05247633531689644,0.08685793727636337,0.009761386550962925,-0.11439790576696396,0.2697818875312805,0.26958906650543213,0.2908816933631897,0.2918802499771118,-0.6495023369789124,-0.05187434330582619,0.33486485481262207,0.0,0.0,0.0,0.0,0.0,0.0,0.0
26676577966,0,-0.05231998488306999,0.011845821514725685,-0.7812750339508057,6.569455581484362e-05,-0.04113857448101044,-0.8442511558532715,-0.024523437023162842,0.055695973336696625,-0.006797706708312035,0.10477188229560852,-0.10596931725740433,-0.06297612190246582,0.011373098008334637,0.01838177815079689,-0.007180588785558939,0.0,0.0,-0.0047828578390181065,0.03328578919172287,0.06682418286800385,-0.009211037307977676,-0.09299319982528687,-0.15004687011241913,0.002807925920933485,1.2877804040908813,-2.3234806060791016,-47.83692169189453,-0.3495286703109741,0.017570719122886658,-0.0007272511720657349,-0.21279142796993256,0.23226048052310944,-0.22996653616428375,0.21933020651340485,11.443948745727539,11.444574356079102,12.522852897644043,12.549907684326172,-0.04139648377895355,0.07359375059604645,0.006132812704890966,-0.11039062589406967,0.0,-0.05223214998841286,0.09147899597883224,0.01077093556523323,-0.12045683711767197,0.0,0.14795592427253723,0.12045101821422577,-9.718332290649414,0.23958352208137512,-0.43016913533210754,-8.694645881652832,0.0,0.0,0.0,0.0,0.0,0.0,0.0,0.0,0.0,0.0,0.0,0.0,-0.05252092331647873,0.08799603581428528,0.010180734097957611,-0.11595473438501358,0.26979345083236694,0.2698058784008026,0.2908599376678467,0.29138508439064026,-0.6495023369789124,-0.05187434330582619,0.33486485481262207,0.0,0.0,0.0,0.0,0.0,0.0,0.0
26686547873,0,-0.05248666927218437,0.012440044432878494,-0.7812288403511047,6.569455581484362e-05,-0.04113857448101044,-0.8442511558532715,-0.02376626245677471,0.059448886662721634,-0.006434101145714521,0.10510525852441788,-0.10715777426958084,-0.06302231550216675,0.011690040118992329,0.018879229202866554,-0.00701258797198534,0.0,0.0,-0.0047828578390181065,0.026950987055897713,0.06129826232790947,-0.010089162737131119,-0.09299319982528687,-0.15004687011241913,0.002807925920933485,1.3141603469848633,-2.4216036796569824,-47.83311462402344,-0.3472137451171875,0.01659207046031952,-0.002519264817237854,-0.21253056824207306,0.23226048052310944,-0.22996653616428375,0.21933020651340485,11.491802215576172,11.403881072998047,12.5645170211792,12.497943878173828,-0.039863280951976776,0.07512695342302322,0.0076660155318677425,-0.11192382872104645,0.0,-0.05420009046792984,0.09570831060409546,0.012776699848473072,-0.12448598444461823,0.0,0.14795592427253723,0.12045101821422577,-9.718332290649414,0.23893824219703674,-0.4402915835380554,-8.696929931640625,0.0,0.0,0.0,0.0,0.0,0.0,0.0,0.0,0.0,0.0,0.0,0.0,-0.052582256495952606,0.08932477235794067,0.010585974901914597,-0.11766326427459717,0.26979345083236694,0.2698058784008026,0.2908599376678467,0.29138508439064026,-0.673145592212677,-0.27507996559143066,0.20092394948005676,0.0,0.0,0.0,0.0,0.0,0.0,0.0
26696461935,0,-0.05248666927218437,0.012440044432878494,-0.7812288403511047,6.569455581484362e-05,-0.04113857448101044,-0.8442511558532715,-0.02376626245677471,0.059448886662721634,-0.006434101145714521,0.10510525852441788,-0.10715777426958084,-0.06302231550216675,0.011690040118992329,0.018879229202866554,-0.00701258797198534,0.0,0.0,-0.0047828578390181065,0.0016942528309300542,0.03935697674751282,-0.01616695523262024,-0.0929117426276207,-0.15410013496875763,0.0028335857205092907,1.3141603469848633,-2.4216036796569824,-47.83311462402344,-0.3472137451171875,0.01659207046031952,-0.002519264817237854,-0.21253056824207306,0.23349465429782867,-0.22693410515785217,0.21928776800632477,11.491802215576172,11.403881072998047,12.5645170211792,12.497943878173828,-0.039863280951976776,0.07666015625,0.0076660155318677425,-0.11192382872104645,0.0,-0.05420009046792984,0.09570831060409546,0.012776699848473072,-0.12448598444461823,0.0,0.25716379284858704,-0.15582740306854248,-9.729162216186523,0.23893824219703674,-0.4402915835380554,-8.696929931640625,0.0,0.0,0.0,0.0,0.0,0.0,0.0,0.0,0.0,0.0,0.0,0.0,-0.052820172160863876,0.09096108376979828,0.011096995323896408,-0.11957664787769318,0.2707328796386719,0.269006609916687,0.29166877269744873,0.29037609696388245,-1.0254745483398438,-0.8102211952209473,-0.1109829843044281,0.0,0.0,0.0,0.0,0.0,0.0,0.0
26707882631,0,-0.05281412973999977,0.013574405573308468,-0.7811217308044434,6.569455581484362e-05,-0.04113857448101044,-0.8442511558532715,-0.019883347675204277,0.06096596643328667,-0.005985034629702568,0.10576017946004868,-0.10942651331424713,-0.06312942504882812,0.011679557152092457,0.019389137625694275,-0.00703109847381711,0.0,0.0,-0.0047828578390181065,0.0016942528309300542,0.03935697674751282,-0.01616695523262024,-0.0929117426276207,-0.15410013496875763,0.0028335857205092907,1.3141603469848633,-2.4216036796569824,-47.83311462402344,-0.3472137451171875,0.01659207046031952,-0.002519264817237854,-0.21253056824207306,0.23349465429782867,-0.22693410515785217,0.21928776800632477,11.284980773925781,11.71286392211914,12.21233081817627,12.761056900024414,-0.038330078125,0.07666015625,0.009199218824505806,-0.11345703154802322,0.0,-0.0551944300532341,0.09317611157894135,0.013145191594958305,-0.12190636247396469,0.0,0.25716379284858704,-0.15582740306854248,-9.729162216186523,0.23285090923309326,-0.44821733236312866,-8.701579093933105,0.0,0.0,0.0,0.0,0.0,0.0,0.0,0.0,0.0,0.0,0.0,0.0,-0.053237687796354294,0.09252502024173737,0.011675271205604076,-0.12130457907915115,0.2707328796386719,0.269006609916687,0.29166877269744873,0.29037609696388245,-1.0254745483398438,-0.8102211952209473,-0.1109829843044281,0.0,0.0,0.0,0.0,0.0,0.0,0.0
26716995867,0,-0.05281412973999977,0.013574405573308468,-0.7811217308044434,6.569455581484362e-05,-0.04113857448101044,-0.8442511558532715,-0.019883347675204277,0.06096596643328667,-0.005985034629702568,0.10599867254495621,-0.11052282154560089,-0.06319767236709595,0.011679557152092457,0.019389137625694275,-0.00703109847381711,0.0,0.0,-0.0047828578390181065,-0.00928634312003851,0.03220523148775101,-0.01826779544353485,-0.0929117426276207,-0.15410013496875763,0.0028335857205092907,1.2806799411773682,-2.465195417404175,-47.85868453979492,-0.3165278434753418,0.03407220542430878,0.008772417902946472,-0.2120601385831833,0.23547306656837463,-0.2214963436126709,0.21906140446662903,11.284980773925781,11.71286392211914,12.21233081817627,12.761056900024414,-0.039863280951976776,0.07666015625,0.009199218824505806,-0.11345703154802322,0.0,-0.0575675368309021,0.09352648258209229,0.015418562106788158,-0.12214823067188263,0.0,-0.03608456999063492,-0.13575582206249237,-9.694449424743652,0.2269032746553421,-0.46080249547958374,-8.7202787399292,0.0,0.0,0.0,0.0,0.0,0.0,0.0,0.0,0.0,0.0,0.0,0.0,-0.05386769771575928,0.09354729950428009,0.012318790890276432,-0.1223955899477005,0.2707328796386719,0.269006609916687,0.29166877269744873,0.29037609696388245,-1.0043394565582275,-0.7485036253929138,-0.09612395614385605,0.0,0.0,0.0,0.0,0.0,0.0,0.0
26726545951,0,-0.05293337628245354,0.014122558757662773,-0.7810534834861755,6.569455581484362e-05,-0.04113857448101044,-0.8442511558532715,-0.016483532264828682,0.06605110317468643,-0.003612873377278447,0.10599867254495621,-0.11052282154560089,-0.06319767236709595,0.011616421863436699,0.019710950553417206,-0.007153472863137722,0.0,0.0,-0.0047828578390181065,-0.01987353526055813,0.024124285206198692,-0.017225664108991623,-0.09032129496335983,-0.1584414690732956,0.0031608673743903637,1.2479679584503174,-2.5344138145446777,-47.96153259277344,-0.30522531270980835,0.03505142033100128,0.010352477431297302,-0.2118084579706192,0.23634853959083557,-0.21866558492183685,0.21883539855480194,11.290703773498535,11.79967212677002,12.183769226074219,12.814178466796875,-0.039863280951976776,0.07819335907697678,0.009199218824505806,-0.114990234375,0.0,-0.06071143224835396,0.09395837038755417,0.018435455858707428,-0.12263264507055283,0.0,-0.08206179738044739,-0.30302658677101135,-9.642556190490723,0.2269032746553421,-0.46080249547958374,-8.7202787399292,0.0,0.0,0.0,0.0,0.0,0.0,0.0,0.0,0.0,0.0,0.0,0.0,-0.05489582195878029,0.09404998272657394,0.013241573236882687,-0.12289770692586899,0.2667822539806366,0.27676504850387573,0.2842639982700348,0.29650864005088806,-1.0398503541946411,-0.8201972842216492,0.01908942125737667,0.0,0.0,0.0,0.0,0.0,0.0,0.0
26737598588,0,-0.05293337628245354,0.014122558757662773,-0.7810534834861755,6.569455581484362e-05,-0.04113857448101044,-0.8442511558532715,-0.016483532264828682,0.06605110317468643,-0.003612873377278447,0.10647596418857574,-0.11270003020763397,-0.06336390972137451,0.011616421863436699,0.019710950553417206,-0.007153472863137722,0.0,0.0,-0.0047828578390181065,-0.028417006134986877,0.011520597152411938,-0.018640683963894844,-0.09032129496335983,-0.1584414690732956,0.0031608673743903637,1.2479679584503174,-2.5344138145446777,-47.96153259277344,-0.30522531270980835,0.03505142033100128,0.010352477431297302,-0.2118084579706192,0.23634853959083557,-0.21866558492183685,0.21883539855480194,11.290703773498535,11.79967212677002,12.183769226074219,12.814178466796875,-0.039863280951976776,0.08125976473093033,0.010732421651482582,-0.114990234375,0.0,-0.06071143224835396,0.09395837038755417,0.018435455858707428,-0.12263264507055283,0.0,-0.08206179738044739,-0.30302658677101135,-9.642556190490723,0.22659504413604736,-0.4643302261829376,-8.722001075744629,0.0,0.0,0.0,0.0,0.0,0.0,0.0,0.0,0.0,0.0,0.0,0.0,-0.056329574435949326,0.09426038712263107,0.01451464556157589,-0.12307339161634445,0.2667822539806366,0.27676504850387573,0.2842639982700348,0.29650864005088806,-0.8877142071723938,-1.0173120498657227,-0.06571197509765625,0.0,0.0,0.0,0.0,0.0,0.0,0.0
26746468395,0,-0.05317201837897301,0.015211155638098717,-0.780887246131897,6.569455581484362e-05,-0.04113857448101044,-0.8442511558532715,-0.015639644116163254,0.06555194407701492,-0.0034667947329580784,0.10647596418857574,-0.11270003020763397,-0.06336390972137451,0.010970714502036572,0.020054122433066368,-0.007507869508117437,0.0,0.0,-0.0047828578390181065,-0.04202581197023392,-0.02269919216632843,-0.026544533669948578,-0.09032129496335983,-0.1584414690732956,0.0031608673743903637,1.2462728023529053,-2.553816318511963,-47.971004486083984,-0.2840919494628906,0.05407065153121948,0.01031447947025299,-0.21134205162525177,0.23761755228042603,-0.21361234784126282,0.21843725442886353,11.358094215393066,11.808453559875488,12.128316879272461,12.814339637756348,-0.039863280951976776,0.08125976473093033,0.010732421651482582,-0.114990234375,0.0,-0.060963984578847885,0.09446396678686142,0.019176704809069633,-0.12308347225189209,0.0,0.23568610846996307,0.2099810540676117,-9.92397689819336,0.22659504413604736,-0.4643302261829376,-8.722001075744629,0.0,0.0,0.0,0.0,0.0,0.0,0.0,0.0,0.0,0.0,0.0,0.0,-0.05785493552684784,0.09433146566152573,0.01589844934642315,-0.12309926003217697,0.2667822539806366,0.27676504850387573,0.2842639982700348,0.29650864005088806,-0.6725907325744629,-1.566901445388794,-0.31733664870262146,0.0,0.0,0.0,0.0,0.0,0.0,0.0
26757522465,0,-0.053388502448797226,0.016566263511776924,-0.7806273102760315,6.569455581484362e-05,-0.04113857448101044,-0.8442511558532715,-0.022584965452551842,0.06121695041656494,-0.005860588513314724,0.10690893232822418,-0.11541025340557098,-0.06362384557723999,0.009412836283445358,0.019315915182232857,-0.00827023945748806,0.0,0.0,-0.0047828578390181065,-0.04202581197023392,-0.02269919216632843,-0.026544533669948578,-0.07114426046609879,-0.15074728429317474,0.004277072846889496,1.2810626029968262,-2.548867702484131,-47.93382263183594,-0.2684779167175293,0.09480764716863632,0.01938749849796295,-0.21087543666362762,0.23859672248363495,-0.2088538110256195,0.2177998274564743,11.20080852508545,11.985857963562012,11.801767349243164,13.069198608398438,-0.039863280951976776,0.0827929675579071,0.012265625409781933,-0.11805664002895355,0.0,-0.06051909551024437,0.09398829936981201,0.01855967566370964,-0.12144554406404495,0.0,0.04666471481323242,-0.018796922639012337,-9.995119094848633,0.24177230894565582,-0.4610357880592346,-8.707322120666504,0.0,0.0,0.0,0.0,0.0,0.0,0.0,0.0,0.0,0.0,0.0,0.0,-0.05914665386080742,0.09434559941291809,0.017121288925409317,-0.12301270663738251,0.2659558951854706,0.27972978353500366,0.2773754894733429,0.30061236023902893,-0.6725907325744629,-1.566901445388794,-0.31733664870262146,0.0,0.0,0.0,0.0,0.0,0.0,0.0
26766280832,0,-0.053458742797374725,0.01703064888715744,-0.7805454134941101,6.569455581484362e-05,-0.04113857448101044,-0.8442511558532715,-0.02403273805975914,0.062041349709033966,-0.006881987676024437,0.10704941302537918,-0.11633902788162231,-0.06370574235916138,0.008936669677495956,0.01896837167441845,-0.00826252344995737,0.0,0.0,-0.0047828578390181065,-0.046014975756406784,-0.03557443246245384,-0.023610496893525124,-0.07114426046609879,-0.15074728429317474,0.004277072846889496,1.3297476768493652,-2.5356967449188232,-47.8902702331543,-0.2591853439807892,0.10605938732624054,0.014670655131340027,-0.21061958372592926,0.23859672248363495,-0.2088538110256195,0.2177998274564743,11.344264030456543,11.860587120056152,11.881551742553711,12.947094917297363,-0.04139648377895355,0.08432617038488388,0.012265625409781933,-0.1211230456829071,0.0,-0.05779721215367317,0.09607099741697311,0.016617540270090103,-0.12355219572782516,0.0,0.6234634518623352,-0.07039046287536621,-9.749829292297363,0.24502059817314148,-0.4646100401878357,-8.701447486877441,0.0,0.0,0.0,0.0,0.0,0.0,0.0,0.0,0.0,0.0,0.0,0.0,-0.05993014946579933,0.09440464526414871,0.017926987260580063,-0.12285369634628296,0.2659558951854706,0.27972978353500366,0.2773754894733429,0.30061236023902893,-0.48690539598464966,-1.4164355993270874,-0.06467212736606598,0.0,0.0,0.0,0.0,0.0,0.0,0.0
26776446840,0,-0.053458742797374725,0.01703064888715744,-0.7805454134941101,6.569455581484362e-05,-0.04113857448101044,-0.8442511558532715,-0.02403273805975914,0.062041349709033966,-0.006881987676024437,0.10704941302537918,-0.11633902788162231,-0.06370574235916138,0.008936669677495956,0.01896837167441845,-0.00826252344995737,0.0,0.0,-0.0047828578390181065,-0.046014975756406784,-0.03557443246245384,-0.023610496893525124,-0.06738146394491196,-0.14659272134304047,0.004139921627938747,1.3297476768493652,-2.5356967449188232,-47.8902702331543,-0.2591853439807892,0.10605938732624054,0.014670655131340027,-0.21061958372592926,0.23892509937286377,-0.20706787705421448,0.21751132607460022,11.344264030456543,11.860587120056152,11.881551742553711,12.947094917297363,-0.04139648377895355,0.08432617038488388,0.013798828236758709,-0.12265624850988388,0.0,-0.05779721215367317,0.09607099741697311,0.016617540270090103,-0.12355219572782516,0.0,0.6234634518623352,-0.07039046287536621,-9.749829292297363,0.24502059817314148,-0.4646100401878357,-8.701447486877441,0.0,0.0,0.0,0.0,0.0,0.0,0.0,0.0,0.0,0.0,0.0,0.0,-0.060047466307878494,0.09464509040117264,0.01817120425403118,-0.12280720472335815,0.26783522963523865,0.27795639634132385,0.2783660292625427,0.29908043146133423,-0.48690539598464966,-1.4164355993270874,-0.06467212736606598,0.0,0.0,0.0,0.0,0.0,0.0,0.0
26786513972,0,-0.05357847362756729,0.017850780859589577,-0.7804252505302429,6.569455581484362e-05,-0.04113857448101044,-0.8442511558532715,-0.024797068908810616,0.056962087750434875,-0.009465980343520641,0.10728887468576431,-0.11797929555177689,-0.06382590532302856,0.008043168112635612,0.017941534519195557,-0.008067470043897629,0.0,0.0,-0.0047828578390181065,-0.054249972105026245,-0.050065118819475174,-0.012577186338603497,-0.06403111666440964,-0.1425916701555252,0.004027927294373512,1.3581970930099487,-2.5187368392944336,-47.77983474731445,-0.2423616200685501,0.12320151180028915,-0.0012135058641433716,-0.21011130511760712,0.23892509937286377,-0.20706787705421448,0.21751132607460022,11.647603988647461,11.548974990844727,12.082375526428223,12.64129638671875,-0.04292968660593033,0.0827929675579071,0.013798828236758709,-0.1211230456829071,0.0,-0.0548623763024807,0.09907304495573044,0.015058115124702454,-0.12683668732643127,0.0,0.6234634518623352,-0.07039046287536621,-9.749829292297363,0.24694491922855377,-0.4579521417617798,-8.68724250793457,0.0,0.0,0.0,0.0,0.0,0.0,0.0,0.0,0.0,0.0,0.0,0.0,-0.059554535895586014,0.095164954662323,0.017932679504156113,-0.12307333201169968,0.26783522963523865,0.27795639634132385,0.2783660292625427,0.29908043146133423,-0.4163874685764313,-0.9499564170837402,0.28122013807296753,0.0,0.0,0.0,0.0,0.0,0.0,0.0
26799008330,0,-0.05357847362756729,0.017850780859589577,-0.7804252505302429,6.569455581484362e-05,-0.04113857448101044,-0.8442511558532715,-0.024797068908810616,0.056962087750434875,-0.009465980343520641,0.10728887468576431,-0.11797929555177689,-0.06382590532302856,0.008043168112635612,0.017941534519195557,-0.008067470043897629,0.0,0.0,-0.0047828578390181065,-0.059833724051713943,-0.06058448180556297,-0.008413420058786869,-0.06403111666440964,-0.1425916701555252,0.004027927294373512,1.3581970930099487,-2.5187368392944336,-47.77983474731445,-0.2423616200685501,0.12320151180028915,-0.0012135058641433716,-0.21011130511760712,0.2395542860031128,-0.20325885713100433,0.21714328229427338,11.647603988647461,11.548974990844727,12.082375526428223,12.64129638671875,-0.044462889432907104,0.0827929675579071,0.013798828236758709,-0.1211230456829071,0.0,-0.0548623763024807,0.09907304495573044,0.015058115124702454,-0.12683668732643127,0.0,0.3398473262786865,-0.19067101180553436,-9.829424858093262,0.24694491922855377,-0.4579521417617798,-8.68724250793457,0.0,0.0,0.0,0.0,0.0,0.0,0.0,0.0,0.0,0.0,0.0,0.0,-0.058581653982400894,0.09600330144166946,0.01735687255859375,-0.12374713271856308,0.2760712802410126,0.269537091255188,0.28446659445762634,0.29085928201675415,-0.44572845101356506,-1.0130239725112915,0.30049124360084534,0.0,0.0,0.0,0.0,0.0,0.0,0.0
26806462302,0,-0.053647950291633606,0.01821082830429077,-0.780383288860321,6.569455581484362e-05,-0.04113857448101044,-0.8442511558532715,-0.022074813023209572,0.05572447553277016,-0.00901956669986248,0.10742782801389694,-0.11869940161705017,-0.06386786699295044,0.0074803587049245834,0.01734611950814724,-0.008132773451507092,0.0,0.0,-0.0047828578390181065,-0.059833724051713943,-0.06058448180556297,-0.008413420058786869,-0.05727067589759827,-0.13508805632591248,0.005180438049137592,1.330265998840332,-2.5137720108032227,-47.81884765625,-0.23270638287067413,0.13739211857318878,8.225440979003906e-06,-0.209901362657547,0.239726722240448,-0.20176544785499573,0.2170836180448532,11.779922485351562,11.46451473236084,12.136887550354004,12.57024097442627,-0.044462889432907104,0.08432617038488388,0.013798828236758709,-0.1211230456829071,0.0,-0.05491643399000168,0.09880587458610535,0.01567835919559002,-0.1266065388917923,0.0,0.3589976727962494,-0.06445615738630295,-9.717795372009277,0.24186654388904572,-0.4570494592189789,-8.6943359375,0.0,0.0,0.0,0.0,0.0,0.0,0.0,0.0,0.0,0.0,0.0,0.0,-0.05741936340928078,0.09696973115205765,0.016678111627697945,-0.12463799118995667,0.27637872099876404,0.2701973021030426,0.2833500802516937,0.29177984595298767,-0.44572845101356506,-1.0130239725112915,0.30049124360084534,0.0,0.0,0.0,0.0,0.0,0.0,0.0
26818587107,0,-0.05382191762328148,0.01890617236495018,-0.7802884578704834,6.569455581484362e-05,-0.04113857448101044,-0.8442511558532715,-0.017733793705701828,0.05077791213989258,-0.00869057048112154,0.10777576267719269,-0.12009009718894958,-0.06396269798278809,0.006322485860437155,0.015490959398448467,-0.008632469922304153,0.0,0.0,-0.0047828578390181065,-0.06502814590930939,-0.0921207144856453,-0.006460097152739763,-0.05727067589759827,-0.13508805632591248,0.005180438049137592,1.2872322797775269,-2.4754045009613037,-47.868221282958984,-0.21960902214050293,0.1864619106054306,-0.0005518943071365356,-0.209466353058815,0.239726722240448,-0.20176544785499573,0.2170836180448532,11.906694412231445,11.41392993927002,12.073336601257324,12.63464641571045,-0.044462889432907104,0.08585937321186066,0.015332031063735485,-0.12265624850988388,0.0,-0.05443014204502106,0.09675320982933044,0.015936750918626785,-0.12362432479858398,0.0,0.3589976727962494,-0.06445615738630295,-9.717795372009277,0.2340422421693802,-0.4500735402107239,-8.703312873840332,0.0,0.0,0.0,0.0,0.0,0.0,0.0,0.0,0.0,0.0,0.0,0.0,-0.05636094883084297,0.09770148247480392,0.016143113374710083,-0.1253124177455902,0.27637872099876404,0.2701973021030426,0.2833500802516937,0.29177984595298767,-0.2591427266597748,-1.449121117591858,0.14950168132781982,0.0,0.0,0.0,0.0,0.0,0.0,0.0
26829641273,0,-0.05382191762328148,0.01890617236495018,-0.7802884578704834,6.569455581484362e-05,-0.04113857448101044,-0.8442511558532715,-0.017733793705701828,0.05077791213989258,-0.00869057048112154,0.10777576267719269,-0.12009009718894958,-0.06396269798278809,0.006322485860437155,0.015490959398448467,-0.008632469922304153,0.0,0.0,-0.0047828578390181065,-0.07131226360797882,-0.11187328398227692,0.004008484072983265,-0.03820052742958069,-0.1029076799750328,0.004129382316023111,1.2872322797775269,-2.4754045009613037,-47.868221282958984,-0.21960902214050293,0.1864619106054306,-0.0005518943071365356,-0.209466353058815,0.2399328649044037,-0.19897392392158508,0.2170155644416809,11.906694412231445,11.41392993927002,12.073336601257324,12.63464641571045,-0.04599609225988388,0.08739257603883743,0.015332031063735485,-0.12418945133686066,0.0,-0.05443014204502106,0.09675320982933044,0.015936750918626785,-0.12362432479858398,0.0,0.40295255184173584,-0.3198162317276001,-9.764968872070312,0.2340422421693802,-0.4500735402107239,-8.703312873840332,0.0,0.0,0.0,0.0,0.0,0.0,0.0,0.0,0.0,0.0,0.0,0.0,-0.05550655350089073,0.09798107296228409,0.015829993411898613,-0.12547019124031067,0.28162580728530884,0.2662055790424347,0.28480514883995056,0.2902330458164215,-0.322764128446579,-0.9766912460327148,0.4875532388687134,0.0,0.0,0.0,0.0,0.0,0.0,0.0
26837959915,0,-0.05390860512852669,0.019811972975730896,-0.780124843120575,6.569455581484362e-05,-0.04113857448101044,-0.8442511558532715,-0.013374273665249348,0.04270036146044731,-0.006426231469959021,0.1079491451382637,-0.12190170586109161,-0.06412631273269653,0.004122717306017876,0.012415783479809761,-0.009269798174500465,0.0,0.0,-0.0047828578390181065,-0.07131226360797882,-0.11187328398227692,0.004008484072983265,-0.03253774717450142,-0.0953059270977974,0.003998449072241783,1.234107494354248,-2.4091947078704834,-47.964786529541016,-0.20360589027404785,0.21597659587860107,-0.01284317672252655,-0.20903034508228302,0.23994526267051697,-0.1972440779209137,0.21708866953849792,12.308272361755371,11.10152816772461,12.327354431152344,12.36633014678955,-0.04599609225988388,0.08739257603883743,0.015332031063735485,-0.12572266161441803,0.0,-0.052237655967473984,0.09570901840925217,0.015271441079676151,-0.12284376472234726,0.0,0.32683998346328735,-0.5639604330062866,-9.7830228805542,0.225835919380188,-0.437697172164917,-8.728986740112305,0.0,0.0,0.0,0.0,0.0,0.0,0.0,0.0,0.0,0.0,0.0,0.0,-0.05478657782077789,0.09784383326768875,0.015665004029870033,-0.12517115473747253,0.28668850660324097,0.2630584239959717,0.2870596945285797,0.2878178656101227,-0.322764128446579,-0.9766912460327148,0.4875532388687134,0.0,0.0,0.0,0.0,0.0,0.0,0.0
26846665379,0,-0.05390860512852669,0.019811972975730896,-0.780124843120575,6.569455581484362e-05,-0.04113857448101044,-0.8442511558532715,-0.013374273665249348,0.04270036146044731,-0.006426231469959021,0.1079491451382637,-0.12190170586109161,-0.06412631273269653,0.004122717306017876,0.012415783479809761,-0.009269798174500465,0.0,0.0,-0.0047828578390181065,-0.07521882653236389,-0.11036137491464615,0.0006334539502859116,-0.03253774717450142,-0.0953059270977974,0.003998449072241783,1.234107494354248,-2.4091947078704834,-47.964786529541016,-0.20360589027404785,0.21597659587860107,-0.01284317672252655,-0.20903034508228302,0.23994526267051697,-0.1972440779209137,0.21708866953849792,12.308272361755371,11.10152816772461,12.327354431152344,12.36633014678955,-0.04599609225988388,0.08892577886581421,0.013798828236758709,-0.12572266161441803,0.0,-0.052237655967473984,0.09570901840925217,0.015271441079676151,-0.12284376472234726,0.0,0.32683998346328735,-0.5639604330062866,-9.7830228805542,0.225835919380188,-0.437697172164917,-8.728986740112305,0.0,0.0,0.0,0.0,0.0,0.0,0.0,0.0,0.0,0.0,0.0,0.0,-0.054063282907009125,0.09743057191371918,0.015541929751634598,-0.12463060766458511,0.28668850660324097,0.2630584239959717,0.2870596945285797,0.2878178656101227,-0.340472936630249,-0.46456944942474365,0.18870431184768677,0.0,0.0,0.0,0.0,0.0,0.0,0.0
26859668642,0,-0.05393010377883911,0.020091401413083076,-0.7800696492195129,6.569455581484362e-05,-0.04113857448101044,-0.8442511558532715,-0.014131090603768826,0.040385473519563675,-0.003629353828728199,0.10799214243888855,-0.12246055901050568,-0.06418150663375854,0.003363264724612236,0.011559026315808296,-0.009382139891386032,0.0,0.0,-0.0047828578390181065,-0.07521882653236389,-0.11036137491464615,0.0006334539502859116,-0.016889048740267754,-0.07491454482078552,0.005662242881953716,1.2420976161956787,-2.407334327697754,-48.00942611694336,-0.19019824266433716,0.21913853287696838,-0.008167549967765808,-0.20882858335971832,0.2398063838481903,-0.196473628282547,0.21715879440307617,12.20663833618164,11.262930870056152,12.196953773498535,12.497237205505371,-0.04599609225988388,0.08892577886581421,0.013798828236758709,-0.12418945133686066,0.0,-0.05236930400133133,0.09454616904258728,0.015167136676609516,-0.12170762568712234,0.0,0.1465054452419281,-0.4185279905796051,-9.628384590148926,0.22752061486244202,-0.4342237114906311,-8.752572059631348,0.0,0.0,0.0,0.0,0.0,0.0,0.0,0.0,0.0,0.0,0.0,0.0,-0.05337675288319588,0.0968560054898262,0.015426676720380783,-0.12398262321949005,0.2851550281047821,0.26600006222724915,0.28457945585250854,0.290090411901474,-0.340472936630249,-0.46456944942474365,0.18870431184768677,0.0,0.0,0.0,0.0,0.0,0.0,0.0
26867965017,0,-0.05393558740615845,0.020594995468854904,-0.7799426317214966,6.569455581484362e-05,-0.04113857448101044,-0.8442511558532715,-0.01595129631459713,0.04158727824687958,-0.001632603001780808,0.10800310969352722,-0.12346775829792023,-0.0643085241317749,0.002115583047270775,0.009425231255590916,-0.009491479955613613,0.0,0.0,-0.0047828578390181065,-0.0763130858540535,-0.11271879076957703,-0.0131410863250494,-0.016889048740267754,-0.07491454482078552,0.005662242881953716,1.2720005512237549,-2.4130427837371826,-48.23639678955078,-0.18143443763256073,0.23982451856136322,0.00805424153804779,-0.20847088098526,0.2398063838481903,-0.196473628282547,0.21715879440307617,11.922940254211426,11.70129680633545,11.808694839477539,12.968804359436035,-0.04599609225988388,0.08892577886581421,0.013798828236758709,-0.12418945133686066,0.0,-0.052865467965602875,0.09210808575153351,0.014974328689277172,-0.11820873618125916,0.0,0.1465054452419281,-0.4185279905796051,-9.628384590148926,0.2312728315591812,-0.4387350380420685,-8.770254135131836,0.0,0.0,0.0,0.0,0.0,0.0,0.0,0.0,0.0,0.0,0.0,0.0,-0.05287003144621849,0.09608836472034454,0.01531801838427782,-0.12313514202833176,0.2851550281047821,0.26600006222724915,0.28457945585250854,0.290090411901474,-0.07780973613262177,-0.24376457929611206,-0.37160781025886536,0.0,0.0,0.0,0.0,0.0,0.0,0.0
26877087849,0,-0.05393558740615845,0.020594995468854904,-0.7799426317214966,6.569455581484362e-05,-0.04113857448101044,-0.8442511558532715,-0.01595129631459713,0.04158727824687958,-0.001632603001780808,0.10801924020051956,-0.12400425225496292,-0.06437969207763672,0.002115583047270775,0.009425231255590916,-0.009491479955613613,0.0,0.0,-0.0047828578390181065,-0.06845027953386307,-0.12006819248199463,-0.020273515954613686,-0.016889048740267754,-0.07491454482078552,0.005662242881953716,1.2720005512237549,-2.4130427837371826,-48.23639678955078,-0.18143443763256073,0.23982451856136322,0.00805424153804779,-0.20847088098526,0.23936961591243744,-0.1951928585767746,0.21694815158843994,11.922940254211426,11.70129680633545,11.808694839477539,12.968804359436035,-0.04599609225988388,0.09045898169279099,0.015332031063735485,-0.12418945133686066,0.0,-0.052865467965602875,0.09210808575153351,0.014974328689277172,-0.11820873618125916,0.0,0.20570385456085205,0.13498294353485107,-9.877558708190918,0.22828470170497894,-0.4424135088920593,-8.777667045593262,0.0,0.0,0.0,0.0,0.0,0.0,0.0,0.0,0.0,0.0,0.0,0.0,-0.05259709060192108,0.09508882462978363,0.015210052952170372,-0.12197069823741913,0.2851550281047821,0.26600006222724915,0.28457945585250854,0.290090411901474,0.3325418531894684,-0.46753230690956116,-0.4709338843822479,0.0,0.0,0.0,0.0,0.0,0.0,0.0
26887040645,0,-0.05394365265965462,0.02086324244737625,-0.7798714637756348,6.569455581484362e-05,-0.04113857448101044,-0.8442511558532715,-0.01442177128046751,0.04282575100660324,-0.0007977568893693388,0.10801924020051956,-0.12400425225496292,-0.06437969207763672,0.0018058534478768706,0.00825465563684702,-0.00955578126013279,0.0,0.0,-0.0047828578390181065,-0.05976931005716324,-0.1309138387441635,-0.025888510048389435,-0.01161398459225893,-0.055011577904224396,0.005873449146747589,1.255565881729126,-2.433274269104004,-48.27716827392578,-0.18769676983356476,0.2598728537559509,0.01653045415878296,-0.20827679336071014,0.2391544133424759,-0.1946922242641449,0.21662186086177826,11.738767623901367,11.885784149169922,11.586080551147461,13.229809761047363,-0.04752929508686066,0.09045898169279099,0.015332031063735485,-0.12265624850988388,0.0,-0.05478362739086151,0.09080567955970764,0.016399294137954712,-0.11595213413238525,0.0,0.4329107701778412,-0.16581913828849792,-9.89179801940918,0.22828470170497894,-0.4424135088920593,-8.777667045593262,0.0,0.0,0.0,0.0,0.0,0.0,0.0,0.0,0.0,0.0,0.0,0.0,-0.05260086432099342,0.09398713707923889,0.015179191716015339,-0.12059972435235977,0.2755732238292694,0.2784486711025238,0.2725820243358612,0.3045389950275421,0.6153064966201782,-0.728729248046875,-0.43916332721710205,0.0,0.0,0.0,0.0,0.0,0.0,0.0
26896521074,0,-0.05384325608611107,0.02143559418618679,-0.7797023057937622,6.569455581484362e-05,-0.04113857448101044,-0.8442511558532715,-0.009445114992558956,0.045003145933151245,0.0025550522841513157,0.10781843960285187,-0.1251489669084549,-0.06454885005950928,0.0011325940722599626,0.005645972676575184,-0.009788957424461842,0.0,0.0,-0.0047828578390181065,-0.051588501781225204,-0.13773413002490997,-0.0253360066562891,-0.01161398459225893,-0.055011577904224396,0.005873449146747589,1.1990028619766235,-2.4712953567504883,-48.432315826416016,-0.19621945917606354,0.29737550020217896,0.017573624849319458,-0.2078961580991745,0.2391544133424759,-0.1946922242641449,0.21662186086177826,11.797221183776855,11.880757331848145,11.555115699768066,13.365073204040527,-0.04752929508686066,0.09199218451976776,0.013798828236758709,-0.12265624850988388,0.0,-0.05731583759188652,0.09032513201236725,0.01937350630760193,-0.11424854397773743,0.0,0.4329107701778412,-0.16581913828849792,-9.89179801940918,0.21800051629543304,-0.44932642579078674,-8.805875778198242,0.0,0.0,0.0,0.0,0.0,0.0,0.0,0.0,0.0,0.0,0.0,0.0,-0.05303382873535156,0.09289616346359253,0.015460624359548092,-0.11909335106611252,0.2755732238292694,0.2784486711025238,0.2725820243358612,0.3045389950275421,0.7480707168579102,-0.6913843154907227,-0.15083463490009308,0.0,0.0,0.0,0.0,0.0,0.0,0.0
26907491350,0,-0.05384325608611107,0.02143559418618679,-0.7797023057937622,6.569455581484362e-05,-0.04113857448101044,-0.8442511558532715,-0.009445114992558956,0.045003145933151245,0.0025550522841513157,0.10781843960285187,-0.1251489669084549,-0.06454885005950928,0.0011325940722599626,0.005645972676575184,-0.009788957424461842,0.0,0.0,-0.0047828578390181065,-0.03539079800248146,-0.15182410180568695,-0.019824188202619553,-0.0017511950572952628,-0.024038968607783318,0.0064224787056446075,1.1990028619766235,-2.4712953567504883,-48.432315826416016,-0.19621945917606354,0.29737550020217896,0.017573624849319458,-0.2078961580991745,0.23891609907150269,-0.19434194266796112,0.21574601531028748,11.797221183776855,11.880757331848145,11.555115699768066,13.365073204040527,-0.04752929508686066,0.09199218451976776,0.013798828236758709,-0.1211230456829071,0.0,-0.05731583759188652,0.09032513201236725,0.01937350630760193,-0.11424854397773743,0.0,-0.047974251210689545,-0.5079421997070312,-9.8062162399292,0.21800051629543304,-0.44932642579078674,-8.805875778198242,0.0,0.0,0.0,0.0,0.0,0.0,0.0,0.0,0.0,0.0,0.0,0.0,-0.05392010137438774,0.09190735965967178,0.01618386246263981,-0.11753707379102707,0.27671703696250916,0.27835047245025635,0.2719748914241791,0.3071454167366028,0.9742451310157776,-0.694540798664093,0.16855141520500183,0.0,0.0,0.0,0.0,0.0,0.0,0.0
26917444453,0,-0.05369238555431366,0.021939126774668694,-0.7794857621192932,6.569455581484362e-05,-0.04113857448101044,-0.8442511558532715,-0.0015286211855709553,0.04524046555161476,0.005621816497296095,0.10751669853925705,-0.1261560320854187,-0.06476539373397827,0.00021703980746679008,0.003024001605808735,-0.010134603828191757,0.0,0.0,-0.0047828578390181065,-0.03539079800248146,-0.15182410180568695,-0.019824188202619553,-0.0017511950572952628,-0.024038968607783318,0.0064224787056446075,1.1086879968643188,-2.4864819049835205,-48.57249450683594,-0.21168118715286255,0.33578813076019287,0.010691091418266296,-0.20749332010746002,0.23891609907150269,-0.19434194266796112,0.21574601531028748,12.035138130187988,11.655577659606934,11.720776557922363,13.306048393249512,-0.04752929508686066,0.09199218451976776,0.013798828236758709,-0.11958984285593033,0.0,-0.05924959108233452,0.08982443064451218,0.022320128977298737,-0.1127152219414711,0.0,0.2544218897819519,0.19718052446842194,-9.658238410949707,0.20157963037490845,-0.4520876109600067,-8.8313627243042,0.0,0.0,0.0,0.0,0.0,0.0,0.0,0.0,0.0,0.0,0.0,0.0,-0.05507179722189903,0.09110599011182785,0.017264069989323616,-0.11609410494565964,0.27671703696250916,0.27835047245025635,0.2719748914241791,0.3071454167366028,0.9742451310157776,-0.694540798664093,0.16855141520500183,0.0,0.0,0.0,0.0,0.0,0.0,0.0
26928653328,0,-0.05369238555431366,0.021939126774668694,-0.7794857621192932,6.569455581484362e-05,-0.04113857448101044,-0.8442511558532715,-0.0015286211855709553,0.04524046555161476,0.005621816497296095,0.10726567357778549,-0.12708929181098938,-0.06500691175460815,0.00021703980746679008,0.003024001605808735,-0.010134603828191757,0.0,0.0,-0.0047828578390181065,-0.02314462698996067,-0.1513337641954422,-0.019242865964770317,0.0005190949304960668,-0.006951215211302042,0.00680944137275219,1.1086879968643188,-2.4864819049835205,-48.57249450683594,-0.21168118715286255,0.33578813076019287,0.010691091418266296,-0.20749332010746002,0.2388957440853119,-0.194724902510643,0.2149912714958191,12.035138130187988,11.655577659606934,11.720776557922363,13.306048393249512,-0.04599609225988388,0.09199218451976776,0.013798828236758709,-0.11958984285593033,0.0,-0.05924959108233452,0.08982443064451218,0.022320128977298737,-0.1127152219414711,0.0,0.2544218897819519,0.19718052446842194,-9.658238410949707,0.1967465579509735,-0.4414256513118744,-8.821113586425781,0.0,0.0,0.0,0.0,0.0,0.0,0.0,0.0,0.0,0.0,0.0,0.0,-0.05631991848349571,0.09049847722053528,0.01859237626194954,-0.11483166366815567,0.28136566281318665,0.27394402027130127,0.2752211093902588,0.3060084879398346,1.1557295322418213,-0.32956281304359436,0.1095477044582367,0.0,0.0,0.0,0.0,0.0,0.0,0.0
26938116415,0,-0.05356687307357788,0.022405749186873436,-0.7792442440986633,6.569455581484362e-05,-0.04113857448101044,-0.8442511558532715,0.0005753907607868314,0.0389084629714489,0.004044187720865011,0.10726567357778549,-0.12708929181098938,-0.06500691175460815,-0.0006152304704301059,0.00047308436478488147,-0.010585490614175797,0.0,0.0,-0.0047828578390181065,-0.02314462698996067,-0.1513337641954422,-0.019242865964770317,0.00605909526348114,0.012966991402208805,0.006946219131350517,1.102444052696228,-2.4735467433929443,-48.55396270751953,-0.22694459557533264,0.3428690433502197,0.011071205139160156,-0.2072739452123642,0.23905102908611298,-0.19519084692001343,0.21464648842811584,12.013019561767578,11.628055572509766,11.72148323059082,13.346609115600586,-0.04599609225988388,0.09045898169279099,0.015332031063735485,-0.11805664002895355,0.0,-0.059141650795936584,0.0894727036356926,0.022137247025966644,-0.11184197664260864,0.0,0.3287729322910309,-0.015355663374066353,-9.773916244506836,0.1967465579509735,-0.4414256513118744,-8.821113586425781,0.0,0.0,0.0,0.0,0.0,0.0,0.0,0.0,0.0,0.0,0.0,0.0,-0.057469382882118225,0.09005909413099289,0.019925087690353394,-0.1137799546122551,0.28093403577804565,0.2734048664569855,0.2752348780632019,0.3067897856235504,1.1557295322418213,-0.32956281304359436,0.1095477044582367,0.0,0.0,0.0,0.0,0.0,0.0,0.0
26950318156,0,-0.05352158471941948,0.02291151136159897,-0.7789820432662964,6.569455581484362e-05,-0.04113857448101044,-0.8442511558532715,-0.00019554946629796177,0.03041651099920273,-0.00046678504440933466,0.10717509686946869,-0.12810081243515015,-0.0652691125869751,-0.0007602614350616932,-0.0016319476999342442,-0.010570756159722805,0.0,0.0,-0.0047828578390181065,-0.00626814179122448,-0.1310838758945465,-0.01313814241439104,0.00605909526348114,0.012966991402208805,0.006946219131350517,1.0897274017333984,-2.372370958328247,-48.382938385009766,-0.2377425581216812,0.3333173394203186,0.0052789002656936646,-0.20686683058738708,0.23905102908611298,-0.19519084692001343,0.21464648842811584,12.090956687927246,11.444079399108887,11.85963249206543,13.161538124084473,-0.04752929508686066,0.09045898169279099,0.015332031063735485,-0.11805664002895355,0.0,-0.05613240972161293,0.08742120116949081,0.019279008731245995,-0.11030886322259903,0.0,0.11847720295190811,-0.27012568712234497,-9.986156463623047,0.19786328077316284,-0.4267256557941437,-8.790885925292969,0.0,0.0,0.0,0.0,0.0,0.0,0.0,0.0,0.0,0.0,0.0,0.0,-0.058209437876939774,0.08965638279914856,0.020865317434072495,-0.11287467181682587,0.28093403577804565,0.2734048664569855,0.2752348780632019,0.3067897856235504,1.0397158861160278,0.6854740381240845,0.25359559059143066,0.0,0.0,0.0,0.0,0.0,0.0,0.0
26958306435,0,-0.05352158471941948,0.02291151136159897,-0.7789820432662964,6.569455581484362e-05,-0.04113857448101044,-0.8442511558532715,-0.00019554946629796177,0.03041651099920273,-0.00046678504440933466,0.1071908250451088,-0.12865500152111053,-0.06542551517486572,-0.0007602614350616932,-0.0016319476999342442,-0.010570756159722805,0.0,0.0,-0.0047828578390181065,-0.002021960448473692,-0.1208651214838028,-0.011219601146876812,0.004381975624710321,0.020766951143741608,0.006842345930635929,1.0897274017333984,-2.372370958328247,-48.382938385009766,-0.2377425581216812,0.3333173394203186,0.0052789002656936646,-0.20686683058738708,0.23967263102531433,-0.1961212158203125,0.21411524713039398,12.090956687927246,11.444079399108887,11.85963249206543,13.161538124084473,-0.04906250163912773,0.09045898169279099,0.015332031063735485,-0.11652343720197678,0.0,-0.05613240972161293,0.08742120116949081,0.019279008731245995,-0.11030886322259903,0.0,0.11847720295190811,-0.27012568712234497,-9.986156463623047,0.19617339968681335,-0.4220050275325775,-8.802072525024414,0.0,0.0,0.0,0.0,0.0,0.0,0.0,0.0,0.0,0.0,0.0,0.0,-0.058328960090875626,0.08914050459861755,0.02116687223315239,-0.11202670633792877,0.28245460987091064,0.26979610323905945,0.27793774008750916,0.30322232842445374,0.8348974585533142,0.8646387457847595,0.180411696434021,0.0,0.0,0.0,0.0,0.0,0.0,0.0
26966700798,0,-0.05352944880723953,0.023188605904579163,-0.7788256406784058,6.569455581484362e-05,-0.04113857448101044,-0.8442511558532715,0.0006074064294807613,0.027401434257626534,0.00057329231640324,0.1071908250451088,-0.12865500152111053,-0.06542551517486572,-0.0005482133710756898,-0.0026128189638257027,-0.010484103113412857,0.0,0.0,-0.0047828578390181065,-0.002021960448473692,-0.1208651214838028,-0.011219601146876812,0.002618944738060236,0.028864959254860878,0.006926141679286957,1.078953742980957,-2.3210277557373047,-48.411399841308594,-0.24748137593269348,0.33312860131263733,0.0034476667642593384,-0.20665200054645538,0.24014391005039215,-0.19653861224651337,0.21394166350364685,12.121183395385742,11.384417533874512,11.92158031463623,13.130999565124512,-0.04906250163912773,0.09045898169279099,0.016865234822034836,-0.114990234375,0.0,-0.05478784069418907,0.08596471697092056,0.017995037138462067,-0.10886594653129578,0.0,0.18011078238487244,-0.1515020877122879,-9.090932846069336,0.19617339968681335,-0.4220050275325775,-8.802072525024414,0.0,0.0,0.0,0.0,0.0,0.0,0.0,0.0,0.0,0.0,0.0,0.0,-0.057920392602682114,0.08850234746932983,0.020907588303089142,-0.11122611910104752,0.2830441892147064,0.26862427592277527,0.2791482210159302,0.30263298749923706,0.8348974585533142,0.8646387457847595,0.180411696434021,0.0,0.0,0.0,0.0,0.0,0.0,0.0
26980055903,0,-0.05356369912624359,0.023720305413007736,-0.7784491181373596,6.569455581484362e-05,-0.04113857448101044,-0.8442511558532715,0.005346907302737236,0.0241804588586092,0.0054732211865484715,0.10725932568311691,-0.12971842288970947,-0.06580203771591187,-0.00024106087221298367,-0.004719884600490332,-0.01082788035273552,0.0,0.0,-0.0047828578390181065,-0.00045259977923706174,-0.11392682045698166,-0.01857990026473999,0.0019617886282503605,0.03752075508236885,0.007254686206579208,1.0271333456039429,-2.2991652488708496,-48.646846771240234,-0.24748137593269348,0.33312860131263733,0.0034476667642593384,-0.20665200054645538,0.24014391005039215,-0.19653861224651337,0.21394166350364685,11.905417442321777,11.750380516052246,11.626068115234375,13.517876625061035,-0.04906250163912773,0.09045898169279099,0.016865234822034836,-0.11345703154802322,0.0,-0.056672852486371994,0.08105652779340744,0.019363684579730034,-0.10380064696073532,0.0,0.18011078238487244,-0.1515020877122879,-9.090932846069336,0.18675151467323303,-0.4180300235748291,-8.844881057739258,0.0,0.0,0.0,0.0,0.0,0.0,0.0,0.0,0.0,0.0,0.0,0.0,-0.057290393859148026,0.0875609964132309,0.020364994183182716,-0.11022976040840149,0.2830441892147064,0.26862427592277527,0.2791482210159302,0.30263298749923706,0.2918674051761627,0.3707038462162018,-0.3390202224254608,0.0,0.0,0.0,0.0,0.0,0.0,0.0
26988366454,0,-0.05356369912624359,0.023720305413007736,-0.7784491181373596,6.569455581484362e-05,-0.04113857448101044,-0.8442511558532715,0.005346907302737236,0.0241804588586092,0.0054732211865484715,0.10725932568311691,-0.12971842288970947,-0.06580203771591187,-0.00024106087221298367,-0.004719884600490332,-0.01082788035273552,0.0,0.0,-0.0047828578390181065,-0.0017973465146496892,-0.10773546993732452,-0.022834956645965576,0.0023443768732249737,0.05359731614589691,0.008186799474060535,1.0271333456039429,-2.2991652488708496,-48.646846771240234,-0.23779383301734924,0.3500216007232666,0.01608455181121826,-0.20626303553581238,0.24104809761047363,-0.19737030565738678,0.21353363990783691,11.905417442321777,11.750380516052246,11.626068115234375,13.517876625061035,-0.04752929508686066,0.09045898169279099,0.018398437649011612,-0.11345703154802322,0.0,-0.05663729086518288,0.08109261095523834,0.01940005086362362,-0.1037692204117775,0.0,0.23656146228313446,-0.1219404935836792,-9.59520435333252,0.18675151467323303,-0.4180300235748291,-8.844881057739258,0.0,0.0,0.0,0.0,0.0,0.0,0.0,0.0,0.0,0.0,0.0,0.0,-0.05677799507975578,0.08612586557865143,0.019851911813020706,-0.10878561437129974,0.2830441892147064,0.26862427592277527,0.2791482210159302,0.30263298749923706,0.02509581670165062,0.361881285905838,-0.27246153354644775,0.0,0.0,0.0,0.0,0.0,0.0,0.0
26996712548,0,-0.05351189523935318,0.02417914569377899,-0.778055727481842,6.569455581484362e-05,-0.04113857448101044,-0.8442511558532715,0.008014457300305367,0.019540809094905853,0.014271317049860954,0.10715571790933609,-0.1306360960006714,-0.06619542837142944,-0.0002856953942682594,-0.006742201279848814,-0.011604269035160542,0.0,0.0,-0.0047828578390181065,-0.0017973465146496892,-0.10773546993732452,-0.022834956645965576,0.0023443768732249737,0.05359731614589691,0.008186799474060535,0.9962019324302673,-2.259119749069214,-49.02705001831055,-0.23870393633842468,0.35723382234573364,0.014675036072731018,-0.20583440363407135,0.24104809761047363,-0.19737030565738678,0.21353363990783691,12.048575401306152,11.795228004455566,11.744307518005371,13.587004661560059,-0.04752929508686066,0.09045898169279099,0.018398437649011612,-0.11192382872104645,0.0,-0.0556570440530777,0.07868897914886475,0.018969973549246788,-0.10134825110435486,0.0,0.15059758722782135,-0.16499346494674683,-9.36923599243164,0.1811276227235794,-0.41074904799461365,-8.914009094238281,0.0,0.0,0.0,0.0,0.0,0.0,0.0,0.0,0.0,0.0,0.0,0.0,-0.05645644664764404,0.08437872678041458,0.01949467323720455,-0.1070394515991211,0.2830441892147064,0.26862427592277527,0.2791482210159302,0.30263298749923706,0.02509581670165062,0.361881285905838,-0.27246153354644775,0.0,0.0,0.0,0.0,0.0,0.0,0.0
27007094562,0,-0.05351189523935318,0.02417914569377899,-0.778055727481842,6.569455581484362e-05,-0.04113857448101044,-0.8442511558532715,0.008014457300305367,0.019540809094905853,0.014271317049860954,0.10714332014322281,-0.13107725977897644,-0.06639683246612549,-0.0002856953942682594,-0.006742201279848814,-0.011604269035160542,0.0,0.0,-0.0047828578390181065,-0.0003028871724382043,-0.10050283372402191,-0.023093214258551598,0.0044943843968212605,0.060529738664627075,0.008594663813710213,0.9962019324302673,-2.259119749069214,-49.02705001831055,-0.23870393633842468,0.35723382234573364,0.014675036072731018,-0.20583440363407135,0.24194355309009552,-0.19864419102668762,0.21276259422302246,12.048575401306152,11.795228004455566,11.744307518005371,13.587004661560059,-0.04599609225988388,0.08892577886581421,0.018398437649011612,-0.11192382872104645,0.0,-0.0556570440530777,0.07868897914886475,0.018969973549246788,-0.10134825110435486,0.0,0.15059758722782135,-0.16499346494674683,-9.36923599243164,0.17754238843917847,-0.4093478322029114,-8.951043128967285,0.0,0.0,0.0,0.0,0.0,0.0,0.0,0.0,0.0,0.0,0.0,0.0,-0.05619601160287857,0.08258042484521866,0.019241996109485626,-0.10524217784404755,0.2816278040409088,0.2766779363155365,0.27568161487579346,0.3114139437675476,0.07835212349891663,0.5340953469276428,-0.18000970780849457,0.0,0.0,0.0,0.0,0.0,0.0,0.0
27017014554,0,-0.05350569635629654,0.02439972572028637,-0.777854323387146,6.569455581484362e-05,-0.04113857448101044,-0.8442511558532715,0.00977115798741579,0.018370073288679123,0.019180206581950188,0.10714332014322281,-0.13107725977897644,-0.06639683246612549,-0.0005544355954043567,-0.00761461304500699,-0.011943018063902855,0.0,0.0,-0.0047828578390181065,-0.0003028871724382043,-0.10050283372402191,-0.023093214258551598,0.0010092403972521424,0.06879755109548569,0.008283932693302631,0.9764831066131592,-2.251413106918335,-49.230735778808594,-0.2406984120607376,0.35790371894836426,0.018387943506240845,-0.20564444363117218,0.24229948222637177,-0.1992601603269577,0.21239584684371948,12.00390911102295,11.936150550842285,11.705100059509277,13.735112190246582,-0.04752929508686066,0.08739257603883743,0.018398437649011612,-0.11039062589406967,0.0,-0.05620148405432701,0.07696063071489334,0.019414065405726433,-0.09952710568904877,0.0,-0.041453711688518524,-0.41388142108917236,-9.337289810180664,0.17754238843917847,-0.4093478322029114,-8.951043128967285,0.0,0.0,0.0,0.0,0.0,0.0,0.0,0.0,0.0,0.0,0.0,0.0,-0.05599358677864075,0.08089819550514221,0.01908801682293415,-0.10355570912361145,0.2807561159133911,0.2794327735900879,0.27491411566734314,0.31425741314888,0.07835212349891663,0.5340953469276428,-0.18000970780849457,0.0,0.0,0.0,0.0,0.0,0.0,0.0
27027200994,0,-0.05347593128681183,0.02497486025094986,-0.777248203754425,6.569455581484362e-05,-0.04113857448101044,-0.8442511558532715,0.012800858356058598,0.008796156384050846,0.014748397283256054,0.10708379000425339,-0.13222752511501312,-0.06700295209884644,-0.0006087751244194806,-0.009872670285403728,-0.012679140083491802,0.0,0.0,-0.0047828578390181065,-0.0014686554204672575,-0.08263441175222397,-0.023610813543200493,0.001958950189873576,0.07370921969413757,0.008587228134274483,0.9593342542648315,-2.182199478149414,-49.209678649902344,-0.2406984120607376,0.35790371894836426,0.018387943506240845,-0.20564444363117218,0.24229948222637177,-0.1992601603269577,0.21239584684371948,12.04145336151123,11.894174575805664,11.757645606994629,13.664888381958008,-0.04906250163912773,0.08432617038488388,0.018398437649011612,-0.11039062589406967,0.0,-0.05449502915143967,0.07465822249650955,0.01776142790913582,-0.09779483079910278,0.0,-0.041453711688518524,-0.41388142108917236,-9.337289810180664,0.17131613194942474,-0.3928126394748688,-8.912672996520996,0.0,0.0,0.0,0.0,0.0,0.0,0.0,0.0,0.0,0.0,0.0,0.0,-0.05582854896783829,0.07931777834892273,0.018975725397467613,-0.10198701173067093,0.2807561159133911,0.2794327735900879,0.27491411566734314,0.31425741314888,-0.06010425463318825,0.8350869417190552,-0.03313221409916878,0.0,0.0,0.0,0.0,0.0,0.0,0.0
27036547975,0,-0.053466618061065674,0.02511395886540413,-0.7770722508430481,6.569455581484362e-05,-0.04113857448101044,-0.8442511558532715,0.015532436780631542,0.006276333704590797,0.011545322835445404,0.10706516355276108,-0.13250572979450226,-0.06717890501022339,-0.00040255420026369393,-0.010428021661937237,-0.012696151621639729,0.0,0.0,-0.0047828578390181065,-0.0014686554204672575,-0.08263441175222397,-0.023610813543200493,0.001958950189873576,0.07370921969413757,0.008587228134274483,0.9593342542648315,-2.182199478149414,-49.209678649902344,-0.23915158212184906,0.35111287236213684,0.016414880752563477,-0.20518358051776886,0.24310003221035004,-0.20068778097629547,0.21145762503147125,12.04145336151123,11.894174575805664,11.757645606994629,13.664888381958008,-0.04906250163912773,0.08432617038488388,0.018398437649011612,-0.1088574230670929,0.0,-0.054453376680612564,0.07470044493675232,0.017804041504859924,-0.09775802493095398,0.0,0.040882792323827744,-0.5002065896987915,-9.86867904663086,0.1658187210559845,-0.38855665922164917,-8.889578819274902,0.0,0.0,0.0,0.0,0.0,0.0,0.0,0.0,0.0,0.0,0.0,0.0,-0.05557810887694359,0.07778885215520859,0.01877463236451149,-0.10052015632390976,0.2807561159133911,0.2794327735900879,0.27491411566734314,0.31425741314888,-0.06010425463318825,0.8350869417190552,-0.03313221409916878,0.0,0.0,0.0,0.0,0.0,0.0,0.0
27047152698,0,-0.053466618061065674,0.02511395886540413,-0.7770722508430481,6.569455581484362e-05,-0.04113857448101044,-0.8442511558532715,0.015532436780631542,0.006276333704590797,0.011545322835445404,0.10706516355276108,-0.13250572979450226,-0.06717890501022339,-0.00040255420026369393,-0.010428021661937237,-0.012696151621639729,0.0,0.0,-0.0047828578390181065,-0.005724966060370207,-0.06834188103675842,-0.022860441356897354,0.0025854541454464197,0.0935869812965393,0.00987024325877428,0.9422387480735779,-2.1604695320129395,-49.01970291137695,-0.23797070980072021,0.3465805649757385,0.016913816332817078,-0.2049790322780609,0.24340900778770447,-0.20127639174461365,0.21106459200382233,11.975388526916504,11.866127967834473,11.702739715576172,13.620939254760742,-0.04906250163912773,0.0827929675579071,0.018398437649011612,-0.10579101741313934,0.0,-0.05459845811128616,0.07373614609241486,0.017766552045941353,-0.0970454290509224,0.0,0.0766812413930893,-0.5196846127510071,-9.917149543762207,0.1658187210559845,-0.38855665922164917,-8.889578819274902,0.0,0.0,0.0,0.0,0.0,0.0,0.0,0.0,0.0,0.0,0.0,0.0,-0.055256012827157974,0.07642057538032532,0.018492935225367546,-0.09925787895917892,0.28019940853118896,0.2780645787715912,0.2748679220676422,0.3120659291744232,-0.27468952536582947,0.7264704704284668,0.01351422630250454,0.0,0.0,0.0,0.0,0.0,0.0,0.0
27056894648,0,-0.05339822545647621,0.02540610171854496,-0.7767070531845093,6.569455581484362e-05,-0.04113857448101044,-0.8442511558532715,0.024179546162486076,0.007009764201939106,0.010642663575708866,0.10692837834358215,-0.13309001922607422,-0.06754410266876221,-0.0003058637958019972,-0.01177251897752285,-0.013006405904889107,0.0,0.0,-0.0047828578390181065,-0.008873529732227325,-0.07182611525058746,-0.020271876826882362,0.0025854541454464197,0.0935869812965393,0.00987024325877428,0.8157886266708374,-2.153953790664673,-48.88774108886719,-0.22721092402935028,0.3705679178237915,0.01521177589893341,-0.20448730885982513,0.24340900778770447,-0.20127639174461365,0.21106459200382233,12.04455852508545,11.763895034790039,11.657875061035156,13.567316055297852,-0.04906250163912773,0.08125976473093033,0.018398437649011612,-0.10272461175918579,0.0,-0.05776621773838997,0.07041699439287186,0.021518785506486893,-0.09390976279973984,0.0,-0.1902647316455841,-0.3721919059753418,-9.728837966918945,0.14832520484924316,-0.3916279673576355,-8.888680458068848,0.0,0.0,0.0,0.0,0.0,0.0,0.0,0.0,0.0,0.0,0.0,0.0,-0.055115703493356705,0.07514365762472153,0.018395181745290756,-0.09811703860759735,0.28019940853118896,0.2780645787715912,0.2748679220676422,0.3120659291744232,-0.32563307881355286,0.23262561857700348,0.1518661081790924,0.0,0.0,0.0,0.0,0.0,0.0,0.0
27067117646,0,-0.05339822545647621,0.02540610171854496,-0.7767070531845093,6.569455581484362e-05,-0.04113857448101044,-0.8442511558532715,0.024179546162486076,0.007009764201939106,0.010642663575708866,0.10692837834358215,-0.13309001922607422,-0.06754410266876221,-0.0003058637958019972,-0.01177251897752285,-0.013006405904889107,0.0,0.0,-0.0047828578390181065,-0.009129281155765057,-0.08229248970746994,-0.014862550422549248,0.008361030369997025,0.10304169356822968,0.009857592172920704,0.8157886266708374,-2.153953790664673,-48.88774108886719,-0.22721092402935028,0.3705679178237915,0.01521177589893341,-0.20448730885982513,0.24395817518234253,-0.20280934870243073,0.21015919744968414,12.04455852508545,11.763895034790039,11.657875061035156,13.567316055297852,-0.04752929508686066,0.07972656190395355,0.018398437649011612,-0.10119140893220901,0.0,-0.05776621773838997,0.07041699439287186,0.021518785506486893,-0.09390976279973984,0.0,-0.1902647316455841,-0.3721919059753418,-9.728837966918945,0.14832520484924316,-0.3916279673576355,-8.888680458068848,0.0,0.0,0.0,0.0,0.0,0.0,0.0,0.0,0.0,0.0,0.0,0.0,-0.055389653891325,0.07379657030105591,0.018750397488474846,-0.09692426025867462,0.2815496027469635,0.27606484293937683,0.27398911118507385,0.3110356330871582,-0.18981724977493286,-0.3289402425289154,0.347705602645874,0.0,0.0,0.0,0.0,0.0,0.0,0.0
27077184218,0,-0.053367938846349716,0.0257408544421196,-0.7763429880142212,6.569455581484362e-05,-0.04113857448101044,-0.8442511558532715,0.03060254268348217,0.011473081074655056,0.009075142443180084,0.10686780512332916,-0.1337595283985138,-0.06790816783905029,-0.00042130996007472277,-0.013468390330672264,-0.013051476329565048,0.0,0.0,-0.0047828578390181065,-0.006870238110423088,-0.08824930340051651,-0.008977530524134636,0.008361030369997025,0.10304169356822968,0.009857592172920704,0.7447621822357178,-2.2126166820526123,-48.857051849365234,-0.23042263090610504,0.4079367518424988,0.004122182726860046,-0.2040218561887741,0.24395817518234253,-0.20280934870243073,0.21015919744968414,12.366647720336914,11.411192893981934,11.870686531066895,13.341075897216797,-0.04752929508686066,0.07819335907697678,0.016865234822034836,-0.09965820610523224,0.0,-0.059933096170425415,0.0722576379776001,0.025039255619049072,-0.09513985365629196,0.0,-0.1902647316455841,-0.3721919059753418,-9.728837966918945,0.1354113072156906,-0.40229395031929016,-8.883100509643555,0.0,0.0,0.0,0.0,0.0,0.0,0.0,0.0,0.0,0.0,0.0,0.0,-0.05606289207935333,0.07259534299373627,0.01959834434092045,-0.09583812952041626,0.2815496027469635,0.27606484293937683,0.27398911118507385,0.3110356330871582,0.008254176005721092,-0.38905346393585205,0.43951165676116943,0.0,0.0,0.0,0.0,0.0,0.0,0.0
27086599662,0,-0.053367938846349716,0.0257408544421196,-0.7763429880142212,6.569455581484362e-05,-0.04113857448101044,-0.8442511558532715,0.03060254268348217,0.011473081074655056,0.009075142443180084,0.10686780512332916,-0.1337595283985138,-0.06790816783905029,-0.00042130996007472277,-0.013468390330672264,-0.013051476329565048,0.0,0.0,-0.0047828578390181065,-0.011076307855546474,-0.08075301349163055,-0.004497990943491459,0.005351989530026913,0.11179725080728531,0.009930719621479511,0.7447621822357178,-2.2126166820526123,-48.857051849365234,-0.23042263090610504,0.4079367518424988,0.004122182726860046,-0.2040218561887741,0.2442825883626938,-0.20502837002277374,0.20959755778312683,12.366647720336914,11.411192893981934,11.870686531066895,13.341075897216797,-0.04599609225988388,0.07819335907697678,0.016865234822034836,-0.09659180045127869,0.0,-0.059933096170425415,0.0722576379776001,0.025039255619049072,-0.09513985365629196,0.0,0.006561243906617165,-0.4576079845428467,-9.776290893554688,0.1354113072156906,-0.40229395031929016,-8.883100509643555,0.0,0.0,0.0,0.0,0.0,0.0,0.0,0.0,0.0,0.0,0.0,0.0,-0.05700819194316864,0.07185733318328857,0.020856967195868492,-0.09511835873126984,0.2878240942955017,0.2691503167152405,0.278153657913208,0.30668312311172485,-0.2128741592168808,0.18811243772506714,0.4492050111293793,0.0,0.0,0.0,0.0,0.0,0.0,0.0
27096396993,0,-0.05333860591053963,0.02591552399098873,-0.7761616706848145,6.569455581484362e-05,-0.04113857448101044,-0.8442511558532715,0.029903152957558632,0.009460866451263428,0.010419812053442001,0.10680913925170898,-0.13410887122154236,-0.06808948516845703,-0.000649977067951113,-0.014063742011785507,-0.01305409800261259,0.0,0.0,-0.0047828578390181065,-0.011076307855546474,-0.08075301349163055,-0.004497990943491459,0.008702201768755913,0.1143680214881897,0.009863448329269886,0.7512112855911255,-2.194729804992676,-48.9346923828125,-0.227303147315979,0.40009161829948425,0.003178924322128296,-0.20377671718597412,0.2444162219762802,-0.20643530786037445,0.20944994688034058,12.40846061706543,11.421802520751953,11.922032356262207,13.3173189163208,-0.04599609225988388,0.07512695342302322,0.018398437649011612,-0.09505859017372131,0.0,-0.05901475250720978,0.07185881584882736,0.02423183061182499,-0.09498495608568192,0.0,0.06112333759665489,0.08957184106111526,-9.870250701904297,0.1365838646888733,-0.3990418016910553,-8.897216796875,0.0,0.0,0.0,0.0,0.0,0.0,0.0,0.0,0.0,0.0,0.0,0.0,-0.05797046050429344,0.07154984027147293,0.02221047133207321,-0.0947611853480339,0.2886371612548828,0.26935869455337524,0.2791571021080017,0.3062257170677185,-0.2128741592168808,0.18811243772506714,0.4492050111293793,0.0,0.0,0.0,0.0,0.0,0.0,0.0
27107205655,0,-0.05330294370651245,0.026296984404325485,-0.7756613492965698,6.569455581484362e-05,-0.04113857448101044,-0.8442511558532715,0.029878247529268265,0.0030960009898990393,0.006453217007219791,0.10673781484365463,-0.13487179577350616,-0.06858980655670166,-0.0015400494448840618,-0.014594115316867828,-0.012717826291918755,0.0,0.0,-0.0047828578390181065,-0.021217038854956627,-0.03893673047423363,-0.0049271355383098125,0.008702201768755913,0.1143680214881897,0.009863448329269886,0.7512112855911255,-2.194729804992676,-48.9346923828125,-0.227303147315979,0.40009161829948425,0.003178924322128296,-0.20377671718597412,0.2444162219762802,-0.20643530786037445,0.20944994688034058,12.270065307617188,11.551191329956055,11.885126113891602,13.242673873901367,-0.04599609225988388,0.07359375059604645,0.019931640475988388,-0.09812500327825546,0.0,-0.05968117341399193,0.07105253636837006,0.02430710382759571,-0.0955219715833664,0.0,0.06112333759665489,0.08957184106111526,-9.870250701904297,0.1364794373512268,-0.38813745975494385,-8.875809669494629,0.0,0.0,0.0,0.0,0.0,0.0,0.0,0.0,0.0,0.0,0.0,0.0,-0.058709517121315,0.0714368224143982,0.02328985556960106,-0.0946587324142456,0.2886371612548828,0.26935869455337524,0.2791571021080017,0.3062257170677185,-0.4079318642616272,1.606415867805481,-0.002222524955868721,0.0,0.0,0.0,0.0,0.0,0.0,0.0
27116897694,0,-0.05330294370651245,0.026296984404325485,-0.7756613492965698,6.569455581484362e-05,-0.04113857448101044,-0.8442511558532715,0.029878247529268265,0.0030960009898990393,0.006453217007219791,0.10673781484365463,-0.13487179577350616,-0.06858980655670166,-0.0015400494448840618,-0.014594115316867828,-0.012717826291918755,0.0,0.0,-0.0047828578390181065,-0.034198563545942307,-0.004348231945186853,0.008523712866008282,0.014870896935462952,0.11738159507513046,0.01072605513036251,0.7602237462997437,-2.1641345024108887,-48.8287353515625,-0.21079601347446442,0.3504781126976013,0.005533397197723389,-0.20334012806415558,0.2443857640028,-0.20870526134967804,0.2092909812927246,12.270065307617188,11.551191329956055,11.885126113891602,13.242673873901367,-0.04906250163912773,0.07206054776906967,0.019931640475988388,-0.09965820610523224,0.0,-0.05849916487932205,0.07043146342039108,0.023168474435806274,-0.09490714222192764,0.0,-0.07405171543359756,-0.04023315757513046,-9.959598541259766,0.1364794373512268,-0.38813745975494385,-8.875809669494629,0.0,0.0,0.0,0.0,0.0,0.0,0.0,0.0,0.0,0.0,0.0,0.0,-0.05916701629757881,0.07131887227296829,0.0239524208009243,-0.09471450001001358,0.2886371612548828,0.26935869455337524,0.2791571021080017,0.3062257170677185,-0.6968311071395874,1.7847638130187988,0.3389011323451996,0.0,0.0,0.0,0.0,0.0,0.0,0.0
27126251411,0,-0.05327630043029785,0.026506204158067703,-0.7753648161888123,6.569455581484362e-05,-0.04113857448101044,-0.8442511558532715,0.033717669546604156,-0.00015580313629470766,0.006597280967980623,0.10668452829122543,-0.1352902203798294,-0.06888633966445923,-0.0018084781477227807,-0.0146151939406991,-0.012508267536759377,0.0,0.0,-0.0047828578390181065,-0.034198563545942307,-0.004348231945186853,0.008523712866008282,0.01721920631825924,0.11419050395488739,0.00949007086455822,0.7347763776779175,-2.1170549392700195,-48.83271408081055,-0.1882748007774353,0.3128589987754822,-0.009258180856704712,-0.203053817152977,0.2439977526664734,-0.21019084751605988,0.20949476957321167,12.618672370910645,11.270970344543457,12.276167869567871,12.777081489562988,-0.04906250163912773,0.07206054776906967,0.021464843302965164,-0.10272461175918579,0.0,-0.05624951422214508,0.06993243098258972,0.021832535043358803,-0.09633562713861465,0.0,-0.012652953155338764,0.08381912112236023,-9.786731719970703,0.1286856085062027,-0.3828013241291046,-8.882940292358398,0.0,0.0,0.0,0.0,0.0,0.0,0.0,0.0,0.0,0.0,0.0,0.0,-0.05921952798962593,0.07110274583101273,0.024124514311552048,-0.09487174451351166,0.2927195131778717,0.26639416813850403,0.2860635817050934,0.2957902252674103,-0.6968311071395874,1.7847638130187988,0.3389011323451996,0.0,0.0,0.0,0.0,0.0,0.0,0.0
27136803849,0,-0.05327630043029785,0.026506204158067703,-0.7753648161888123,6.569455581484362e-05,-0.04113857448101044,-0.8442511558532715,0.033717669546604156,-0.00015580313629470766,0.006597280967980623,0.10668452829122543,-0.1352902203798294,-0.06888633966445923,-0.0018084781477227807,-0.0146151939406991,-0.012508267536759377,0.0,0.0,-0.0047828578390181065,-0.03948109596967697,0.014412382617592812,0.004707062616944313,0.01721920631825924,0.11419050395488739,0.00949007086455822,0.7347763776779175,-2.1170549392700195,-48.83271408081055,-0.1882748007774353,0.3128589987754822,-0.009258180856704712,-0.203053817152977,0.2439977526664734,-0.21019084751605988,0.20949476957321167,12.618672370910645,11.270970344543457,12.276167869567871,12.777081489562988,-0.04906250163912773,0.07206054776906967,0.021464843302965164,-0.10272461175918579,0.0,-0.05624951422214508,0.06993243098258972,0.021832535043358803,-0.09633562713861465,0.0,-0.012652953155338764,0.08381912112236023,-9.786731719970703,0.1286856085062027,-0.3828013241291046,-8.882940292358398,0.0,0.0,0.0,0.0,0.0,0.0,0.0,0.0,0.0,0.0,0.0,0.0,-0.058801088482141495,0.07080351561307907,0.02384784445166588,-0.09515330940485,0.2927195131778717,0.26639416813850403,0.2860635817050934,0.2957902252674103,-0.6523493528366089,1.7949398756027222,-0.1424151211977005,0.0,0.0,0.0,0.0,0.0,0.0,0.0
27152592985,0,-0.053252529352903366,0.026574131101369858,-0.7752025723457336,6.569455581484362e-05,-0.04113857448101044,-0.8442511558532715,0.03630262240767479,-0.0005505306180566549,0.006432109512388706,0.10663698613643646,-0.1354261040687561,-0.06904858350753784,-0.0021433797664940357,-0.01436709240078926,-0.012676064856350422,0.0,0.0,-0.0047828578390181065,-0.04279351979494095,0.05464877933263779,-0.010120564140379429,0.025108905509114265,0.10477816313505173,0.010592417791485786,0.67959064245224,-2.1031699180603027,-48.86380386352539,-0.1770831048488617,0.2915639579296112,-0.0008950531482696533,-0.20284757018089294,0.2436029464006424,-0.21076788008213043,0.20966191589832306,12.401679039001465,11.533747673034668,12.090232849121094,12.946739196777344,-0.04752929508686066,0.07206054776906967,0.021464843302965164,-0.10119140893220901,0.0,-0.058396078646183014,0.06623400747776031,0.02339496836066246,-0.09315739572048187,0.0,0.12545667588710785,-0.4538939595222473,-9.527265548706055,0.12356193363666534,-0.3823945224285126,-8.88432788848877,0.0,0.0,0.0,0.0,0.0,0.0,0.0,0.0,0.0,0.0,0.0,0.0,-0.05822348967194557,0.07032499462366104,0.02341197244822979,-0.0953633263707161,0.2885054051876068,0.27155572175979614,0.2824406325817108,0.29907354712486267,-0.3681142330169678,2.057950973510742,-0.690904438495636,0.0,0.0,0.0,0.0,0.0,0.0,0.0
27156926842,0,-0.053203221410512924,0.026603970676660538,-0.7748668193817139,6.569455581484362e-05,-0.04113857448101044,-0.8442511558532715,0.04105587303638458,-0.010351879522204399,0.005186877213418484,0.10653837025165558,-0.13548576831817627,-0.06938433647155762,-0.0031352818477898836,-0.013185260817408562,-0.013589409179985523,0.0,0.0,-0.0047828578390181065,-0.04279351979494095,0.05464877933263779,-0.010120564140379429,0.025108905509114265,0.10477816313505173,0.010592417791485786,0.627896785736084,-1.9964605569839478,-48.83794021606445,-0.1732591688632965,0.23901137709617615,0.015252768993377686,-0.20248562097549438,0.2436029464006424,-0.21076788008213043,0.20966191589832306,11.916873931884766,12.019176483154297,11.75640869140625,13.259729385375977,-0.04599609225988388,0.0705273449420929,0.02299804612994194,-0.09659180045127869,0.0,-0.05910639464855194,0.05891977250576019,0.02243792451918125,-0.08668217808008194,0.0,0.12545667588710785,-0.4538939595222473,-9.527265548706055,0.11416305601596832,-0.3629928231239319,-8.87962532043457,0.0,0.0,0.0,0.0,0.0,0.0,0.0,0.0,0.0,0.0,0.0,0.0,-0.05790501460433006,0.06916794925928116,0.02307823672890663,-0.09490746259689331,0.2885054051876068,0.27155572175979614,0.2824406325817108,0.29907354712486267,-0.3681142330169678,2.057950973510742,-0.690904438495636,0.0,0.0,0.0,0.0,0.0,0.0,0.0
27166729110,0,-0.053203221410512924,0.026603970676660538,-0.7748668193817139,6.569455581484362e-05,-0.04113857448101044,-0.8442511558532715,0.04105587303638458,-0.010351879522204399,0.005186877213418484,0.10653837025165558,-0.13548576831817627,-0.06938433647155762,-0.0031352818477898836,-0.013185260817408562,-0.013589409179985523,0.0,0.0,-0.0047828578390181065,-0.04294988512992859,0.08171084523200989,-0.007611002307385206,0.025108905509114265,0.10477816313505173,0.010592417791485786,0.627896785736084,-1.9964605569839478,-48.83794021606445,-0.1732591688632965,0.23901137709617615,0.015252768993377686,-0.20248562097549438,0.24264046549797058,-0.21124045550823212,0.2095475196838379,11.916873931884766,12.019176483154297,11.75640869140625,13.259729385375977,-0.04599609225988388,0.06899414211511612,0.02299804612994194,-0.09505859017372131,0.0,-0.05910639464855194,0.05891977250576019,0.02243792451918125,-0.08668217808008194,0.0,-0.0885675922036171,0.15989463031291962,-9.738973617553711,0.11416305601596832,-0.3629928231239319,-8.87962532043457,0.0,0.0,0.0,0.0,0.0,0.0,0.0,0.0,0.0,0.0,0.0,0.0,-0.05793730542063713,0.06704525649547577,0.022840097546577454,-0.09346418082714081,0.27905625104904175,0.28105399012565613,0.27591845393180847,0.3051159083843231,-0.27770888805389404,2.315721273422241,-0.2989681661128998,0.0,0.0,0.0,0.0,0.0,0.0,0.0
27177567406,0,-0.05320518836379051,0.026603102684020996,-0.774706244468689,6.569455581484362e-05,-0.04113857448101044,-0.8442511558532715,0.042274847626686096,-0.013407889753580093,0.006777262780815363,0.10654230415821075,-0.13548403978347778,-0.06954491138458252,-0.003553370013833046,-0.012232918292284012,-0.013839473947882652,0.0,0.0,-0.0047828578390181065,-0.04294988512992859,0.08171084523200989,-0.007611002307385206,0.031413134187459946,0.08901642262935638,0.010898992419242859,0.615286111831665,-1.9630128145217896,-48.92005920410156,-0.17222502827644348,0.2005460411310196,0.009287700057029724,-0.2022910714149475,0.24205932021141052,-0.2110404074192047,0.20935611426830292,12.027937889099121,11.94951343536377,11.982276916503906,13.072383880615234,-0.04752929508686066,0.06592773646116257,0.02299804612994194,-0.09352538734674454,0.0,-0.05792883783578873,0.057916294783353806,0.021417580544948578,-0.0866609588265419,0.0,0.077695332467556,0.3683561384677887,-9.849793434143066,0.11187020689249039,-0.35691142082214355,-8.894556045532227,0.0,0.0,0.0,0.0,0.0,0.0,0.0,0.0,0.0,0.0,0.0,0.0,-0.05811459571123123,0.06445562839508057,0.022601695731282234,-0.09150190651416779,0.2812250554561615,0.2796937823295593,0.2803337872028351,0.3015013635158539,-0.27770888805389404,2.315721273422241,-0.2989681661128998,0.0,0.0,0.0,0.0,0.0,0.0,0.0
27187397701,0,-0.05325699225068092,0.02654464915394783,-0.7744132876396179,6.569455581484362e-05,-0.04113857448101044,-0.8442511558532715,0.041636936366558075,-0.025333436205983162,0.003772490192204714,0.10664591193199158,-0.13536711037158966,-0.06983786821365356,-0.004315047524869442,-0.0102247828617692,-0.013659216463565826,0.0,0.0,-0.0047828578390181065,-0.0515960156917572,0.11651363223791122,0.005287494044750929,0.031413134187459946,0.08901642262935638,0.010898992419242859,0.6240434050559998,-1.8311656713485718,-48.81396484375,-0.1503181904554367,0.1499403417110443,-0.0068702250719070435,-0.2019389569759369,0.24205932021141052,-0.2110404074192047,0.20935611426830292,12.363375663757324,11.627840042114258,12.402260780334473,12.5283203125,-0.04906250163912773,0.06439453363418579,0.02299804612994194,-0.09352538734674454,0.0,-0.05229766294360161,0.05580447241663933,0.016714133322238922,-0.08691643178462982,0.0,0.077695332467556,0.3683561384677887,-9.849793434143066,0.113462433218956,-0.3329392075538635,-8.875266075134277,0.0,0.0,0.0,0.0,0.0,0.0,0.0,0.0,0.0,0.0,0.0,0.0,-0.05796205624938011,0.061924200505018234,0.02209603413939476,-0.08965631574392319,0.2812250554561615,0.2796937823295593,0.2803337872028351,0.3015013635158539,-0.5439534783363342,1.9267807006835938,0.29996588826179504,0.0,0.0,0.0,0.0,0.0,0.0,0.0
27196911386,0,-0.05325699225068092,0.02654464915394783,-0.7744132876396179,6.569455581484362e-05,-0.04113857448101044,-0.8442511558532715,0.041636936366558075,-0.025333436205983162,0.003772490192204714,0.10664591193199158,-0.13536711037158966,-0.06983786821365356,-0.004315047524869442,-0.0102247828617692,-0.013659216463565826,0.0,0.0,-0.0047828578390181065,-0.0660385712981224,0.13983125984668732,0.0051208543591201305,0.046563770622015,0.054585568606853485,0.01011891569942236,0.6240434050559998,-1.8311656713485718,-48.81396484375,-0.1503181904554367,0.1499403417110443,-0.0068702250719070435,-0.2019389569759369,0.24076786637306213,-0.20985941588878632,0.2092655450105667,12.363375663757324,11.627840042114258,12.402260780334473,12.5283203125,-0.04906250163912773,0.06592773646116257,0.02299804612994194,-0.09352538734674454,0.0,-0.05229766294360161,0.05580447241663933,0.016714133322238922,-0.08691643178462982,0.0,-0.0923561081290245,-0.5588496327400208,-9.829719543457031,0.113462433218956,-0.3329392075538635,-8.875266075134277,0.0,0.0,0.0,0.0,0.0,0.0,0.0,0.0,0.0,0.0,0.0,0.0,-0.057101573795080185,0.05964738130569458,0.021071214228868484,-0.08823125809431076,0.28776055574417114,0.2734006345272064,0.28851673007011414,0.29096588492393494,-0.7675212025642395,1.3852556943893433,0.011097372509539127,0.0,0.0,0.0,0.0,0.0,0.0,0.0
27206812165,0,-0.053307607769966125,0.026288367807865143,-0.7739689350128174,6.569455581484362e-05,-0.04113857448101044,-0.8442511558532715,0.04551618918776512,-0.0248434878885746,0.007562462706118822,0.10674714297056198,-0.13485455513000488,-0.0702822208404541,-0.005366703029721975,-0.006497998256236315,-0.013371874578297138,0.0,0.0,-0.0047828578390181065,-0.0660385712981224,0.13983125984668732,0.0051208543591201305,0.046563770622015,0.054585568606853485,0.01011891569942236,0.6059632301330566,-1.8066946268081665,-48.94900131225586,-0.12126786261796951,0.10368457436561584,-0.0037773996591567993,-0.20159783959388733,0.24076786637306213,-0.20985941588878632,0.2092655450105667,12.297612190246582,11.847393035888672,12.382954597473145,12.518706321716309,-0.04906250163912773,0.06592773646116257,0.02299804612994194,-0.09199218451976776,0.0,-0.05236341059207916,0.05352891981601715,0.016587650403380394,-0.0857473611831665,0.0,-0.0923561081290245,-0.5588496327400208,-9.829719543457031,0.10651414096355438,-0.3331247568130493,-8.910624504089355,0.0,0.0,0.0,0.0,0.0,0.0,0.0,0.0,0.0,0.0,0.0,0.0,-0.055794958025217056,0.05771351978182793,0.019757360219955444,-0.08723384141921997,0.28776055574417114,0.2734006345272064,0.28851673007011414,0.29096588492393494,-0.7675212025642395,1.3852556943893433,0.011097372509539127,0.0,0.0,0.0,0.0,0.0,0.0,0.0
27217213101,0,-0.053307607769966125,0.026288367807865143,-0.7739689350128174,6.569455581484362e-05,-0.04113857448101044,-0.8442511558532715,0.04551618918776512,-0.0248434878885746,0.007562462706118822,0.10674714297056198,-0.13485455513000488,-0.0702822208404541,-0.005366703029721975,-0.006497998256236315,-0.013371874578297138,0.0,0.0,-0.0047828578390181065,-0.0628705769777298,0.15054437518119812,0.002997852163389325,0.044851865619421005,0.03985920548439026,0.010397523641586304,0.6059632301330566,-1.8066946268081665,-48.94900131225586,-0.12126786261796951,0.10368457436561584,-0.0037773996591567993,-0.20159783959388733,0.2387813925743103,-0.20765931904315948,0.20937497913837433,12.297612190246582,11.847393035888672,12.382954597473145,12.518706321716309,-0.04906250163912773,0.06592773646116257,0.02299804612994194,-0.09199218451976776,0.0,-0.05236341059207916,0.05352891981601715,0.016587650403380394,-0.0857473611831665,0.0,0.13271600008010864,-0.2931748330593109,-9.745881080627441,0.10651414096355438,-0.3331247568130493,-8.910624504089355,0.0,0.0,0.0,0.0,0.0,0.0,0.0,0.0,0.0,0.0,0.0,0.0,-0.054516106843948364,0.056095223873853683,0.018532127141952515,-0.08652293682098389,0.28648102283477783,0.27769824862480164,0.28814131021499634,0.2907792925834656,-0.3165188133716583,1.2276537418365479,-0.07315165549516678,0.0,0.0,0.0,0.0,0.0,0.0,0.0
27227405751,0,-0.05327894538640976,0.02613919787108898,-0.7738133668899536,6.569455581484362e-05,-0.04113857448101044,-0.8442511558532715,0.04641830176115036,-0.020733309909701347,0.008691729046404362,0.10668981820344925,-0.13455621898174286,-0.07043778896331787,-0.005633100867271423,-0.00502348504960537,-0.013433380052447319,0.0,0.0,-0.0047828578390181065,-0.0628705769777298,0.15054437518119812,0.002997852163389325,0.04956623911857605,0.013273698277771473,0.01051696203649044,0.5858277678489685,-1.832186222076416,-49.0084342956543,-0.1269247978925705,0.08351603895425797,-0.001611456274986267,-0.20146191120147705,0.23781242966651917,-0.20647774636745453,0.20935463905334473,12.218886375427246,11.936332702636719,12.381832122802734,12.565195083618164,-0.04752929508686066,0.06286133080720901,0.021464843302965164,-0.09045898169279099,0.0,-0.05401109531521797,0.053300950676202774,0.017904113978147507,-0.08556882292032242,0.0,0.09749197214841843,0.14118629693984985,-9.729437828063965,0.10498424619436264,-0.3408116102218628,-8.920534133911133,0.0,0.0,0.0,0.0,0.0,0.0,0.0,0.0,0.0,0.0,0.0,0.0,-0.05356593802571297,0.05481526255607605,0.017631465569138527,-0.08602195233106613,0.2849481999874115,0.27943655848503113,0.2881195545196533,0.2916818857192993,-0.3165188133716583,1.2276537418365479,-0.07315165549516678,0.0,0.0,0.0,0.0,0.0,0.0,0.0
27237202473,0,-0.053217243403196335,0.025868918746709824,-0.7735459208488464,6.569455581484362e-05,-0.04113857448101044,-0.8442511558532715,0.04759553074836731,-0.01697266846895218,0.010989558883011341,0.1065664142370224,-0.13401566445827484,-0.07070523500442505,-0.006231819745153189,-0.0016805633204057813,-0.013541806489229202,0.0,0.0,-0.0047828578390181065,-0.03490263596177101,0.17237189412117004,0.0027443887665867805,0.04956623911857605,0.013273698277771473,0.01051696203649044,0.5671921968460083,-1.9104478359222412,-49.1663932800293,-0.1606227308511734,0.022246211767196655,-0.0013311058282852173,-0.20115889608860016,0.23781242966651917,-0.20647774636745453,0.20935463905334473,12.105868339538574,12.027351379394531,12.561241149902344,12.5679931640625,-0.04752929508686066,0.059794921427965164,0.021464843302965164,-0.09045898169279099,0.0,-0.057322908192873,0.054679933935403824,0.020402396097779274,-0.08720705658197403,0.0,0.09749197214841843,0.14118629693984985,-9.729437828063965,0.10312585532665253,-0.34735414385795593,-8.93934440612793,0.0,0.0,0.0,0.0,0.0,0.0,0.0,0.0,0.0,0.0,0.0,0.0,-0.053257543593645096,0.05398046597838402,0.017293337732553482,-0.08577575534582138,0.2849481999874115,0.27943655848503113,0.2881195545196533,0.2916818857192993,0.8226994276046753,1.2014696598052979,0.027536466717720032,0.0,0.0,0.0,0.0,0.0,0.0,0.0
27249030531,0,-0.05318491533398628,0.025768181309103966,-0.7734336256980896,6.569455581484362e-05,-0.04113857448101044,-0.8442511558532715,0.04701276868581772,-0.01795937307178974,0.010450734756886959,0.1065017580986023,-0.13381418585777283,-0.07081753015518188,-0.006552303209900856,0.00020308169769123197,-0.01348709873855114,0.0,0.0,-0.0047828578390181065,-0.03490263596177101,0.17237189412117004,0.0027443887665867805,0.05208788812160492,-0.001705183065496385,0.01044422946870327,0.5746379494667053,-1.8976504802703857,-49.14330291748047,-0.17119522392749786,-0.005473881959915161,-0.004383891820907593,-0.20103469491004944,0.23524390161037445,-0.201297789812088,0.20918595790863037,12.117923736572266,11.971126556396484,12.690329551696777,12.459452629089355,-0.04906250163912773,0.05826171860098839,0.019931640475988388,-0.08892577886581421,0.0,-0.05666308477520943,0.054790008813142776,0.01964138261973858,-0.0878053829073906,0.0,0.11813497543334961,-0.4536300301551819,-10.289554595947266,0.10447962582111359,-0.345027357339859,-8.93514633178711,0.0,0.0,0.0,0.0,0.0,0.0,0.0,0.0,0.0,0.0,0.0,0.0,-0.05367282032966614,0.05364043638110161,0.0175503920763731,-0.08587080985307693,0.28298044204711914,0.28011608123779297,0.2941092550754547,0.28962835669517517,0.8226994276046753,1.2014696598052979,0.027536466717720032,0.0,0.0,0.0,0.0,0.0,0.0,0.0
27257390795,0,-0.05318491533398628,0.025768181309103966,-0.7734336256980896,6.569455581484362e-05,-0.04113857448101044,-0.8442511558532715,0.04701276868581772,-0.01795937307178974,0.010450734756886959,0.10657008737325668,-0.13354183733463287,-0.07091224193572998,-0.006552303209900856,0.00020308169769123197,-0.01348709873855114,0.0,0.0,-0.0047828578390181065,-0.02915603667497635,0.1965867131948471,0.0027137568686157465,0.04835939407348633,-0.007966036908328533,0.010095026344060898,0.5746379494667053,-1.8976504802703857,-49.14330291748047,-0.17119522392749786,-0.005473881959915161,-0.004383891820907593,-0.20103469491004944,0.23524390161037445,-0.201297789812088,0.20918595790863037,12.117923736572266,11.971126556396484,12.690329551696777,12.459452629089355,-0.04906250163912773,0.05672851577401161,0.018398437649011612,-0.08739257603883743,0.0,-0.05666308477520943,0.054790008813142776,0.01964138261973858,-0.0878053829073906,0.0,0.11813497543334961,-0.4536300301551819,-10.289554595947266,0.1038314551115036,-0.33430150151252747,-8.911699295043945,0.0,0.0,0.0,0.0,0.0,0.0,0.0,0.0,0.0,0.0,0.0,0.0,-0.054459281265735626,0.05368025228381157,0.018097763881087303,-0.08624693006277084,0.28298044204711914,0.28011608123779297,0.2941092550754547,0.28962835669517517,0.03708840161561966,1.1446136236190796,0.012026723474264145,0.0,0.0,0.0,0.0,0.0,0.0,0.0
27269105637,0,-0.05324656516313553,0.025469359010457993,-0.7732617259025574,6.569455581484362e-05,-0.04113857448101044,-0.8442511558532715,0.045639779418706894,-0.02627144567668438,0.002326027723029256,0.10662505775690079,-0.13321654498577118,-0.07098942995071411,-0.00761660560965538,0.003908900078386068,-0.013244576752185822,0.0,0.0,-0.0047828578390181065,-0.041526664048433304,0.20153747498989105,0.0005917010130360723,0.04835939407348633,-0.007966036908328533,0.010095026344060898,0.5930669903755188,-1.8003864288330078,-48.80754852294922,-0.1257777214050293,-0.051009804010391235,0.004407048225402832,-0.20076030492782593,0.23524390161037445,-0.201297789812088,0.20918595790863037,11.812338829040527,12.241570472717285,12.385285377502441,12.453556060791016,-0.04906250163912773,0.05672851577401161,0.018398437649011612,-0.08739257603883743,0.0,-0.054636985063552856,0.051322802901268005,0.016846129670739174,-0.08557650446891785,0.0,0.07820992171764374,-0.17032001912593842,-10.099106788635254,0.10783036053180695,-0.3273429870605469,-8.874099731445312,0.0,0.0,0.0,0.0,0.0,0.0,0.0,0.0,0.0,0.0,0.0,0.0,-0.05515926331281662,0.053744662553071976,0.018522856757044792,-0.08661666512489319,0.28298044204711914,0.28011608123779297,0.2941092550754547,0.28962835669517517,-0.6616964936256409,0.8872365951538086,-0.06964340060949326,0.0,0.0,0.0,0.0,0.0,0.0,0.0
27278885794,0,-0.05324656516313553,0.025469359010457993,-0.7732617259025574,6.569455581484362e-05,-0.04113857448101044,-0.8442511558532715,0.045639779418706894,-0.02627144567668438,0.002326027723029256,0.10662505775690079,-0.13321654498577118,-0.07098942995071411,-0.00761660560965538,0.003908900078386068,-0.013244576752185822,0.0,0.0,-0.0047828578390181065,-0.057092323899269104,0.18869423866271973,-0.006785165052860975,0.0647498220205307,-0.0453205406665802,0.01010484341531992,0.5930669903755188,-1.8003864288330078,-48.80754852294922,-0.1257777214050293,-0.051009804010391235,0.004407048225402832,-0.20076030492782593,0.2335493564605713,-0.19639763236045837,0.20903515815734863,11.812338829040527,12.241570472717285,12.385285377502441,12.453556060791016,-0.04906250163912773,0.055195312947034836,0.016865234822034836,-0.08432617038488388,0.0,-0.054636985063552856,0.051322802901268005,0.016846129670739174,-0.08557650446891785,0.0,0.07820992171764374,-0.17032001912593842,-10.099106788635254,0.10783036053180695,-0.3273429870605469,-8.874099731445312,0.0,0.0,0.0,0.0,0.0,0.0,0.0,0.0,0.0,0.0,0.0,0.0,-0.055500611662864685,0.053489383310079575,0.018551470711827278,-0.08670938014984131,0.27701273560523987,0.28539004921913147,0.288186639547348,0.2895137369632721,-0.761455774307251,-0.25737109780311584,-0.19955867528915405,0.0,0.0,0.0,0.0,0.0,0.0,0.0
27298556051,0,-0.05330568179488182,0.025040024891495705,-0.77314692735672,6.569455581484362e-05,-0.04113857448101044,-0.8442511558532715,0.04829234629869461,-0.03366931900382042,-0.008675194345414639,0.10674329102039337,-0.13235785067081451,-0.07110422849655151,-0.008933516219258308,0.007422901224344969,-0.013501007109880447,0.0,0.0,-0.0047828578390181065,-0.057092323899269104,0.18869423866271973,-0.006785165052860975,0.06689818948507309,-0.06401217728853226,0.0109708858653903,0.5668507218360901,-1.7108551263809204,-48.38776779174805,-0.10011710226535797,-0.05754680931568146,0.007177114486694336,-0.20056918263435364,0.2335493564605713,-0.19639763236045837,0.20903515815734863,11.669936180114746,12.25447940826416,12.181646347045898,12.36796760559082,-0.04752929508686066,0.055195312947034836,0.016865234822034836,-0.08432617038488388,0.0,-0.05336550995707512,0.04794212430715561,0.015306965447962284,-0.08283267170190811,0.0,0.03327491506934166,-0.00927780382335186,-9.682902336120605,0.10306376963853836,-0.31106457114219666,-8.797776222229004,0.0,0.0,0.0,0.0,0.0,0.0,0.0,0.0,0.0,0.0,0.0,0.0,-0.055450472980737686,0.05280807986855507,0.01817985810339451,-0.08641935884952545,0.27701273560523987,0.28539004921913147,0.288186639547348,0.2895137369632721,-0.761455774307251,-0.25737109780311584,-0.19955867528915405,0.0,0.0,0.0,0.0,0.0,0.0,0.0
27298588647,0,-0.05330568179488182,0.025040024891495705,-0.77314692735672,6.569455581484362e-05,-0.04113857448101044,-0.8442511558532715,0.04829234629869461,-0.03366931900382042,-0.008675194345414639,0.10674329102039337,-0.13235785067081451,-0.07110422849655151,-0.008933516219258308,0.007422901224344969,-0.013501007109880447,0.0,0.0,-0.0047828578390181065,-0.04530738666653633,0.16569748520851135,0.0029733635019510984,0.06689818948507309,-0.06401217728853226,0.0109708858653903,0.5668507218360901,-1.7108551263809204,-48.38776779174805,-0.10011710226535797,-0.05754680931568146,0.007177114486694336,-0.20056918263435364,0.2317221760749817,-0.19258590042591095,0.20870469510555267,11.669936180114746,12.25447940826416,12.181646347045898,12.36796760559082,-0.04752929508686066,0.055195312947034836,0.018398437649011612,-0.0827929675579071,0.0,-0.05336550995707512,0.04794212430715561,0.015306965447962284,-0.08283267170190811,0.0,0.03327491506934166,-0.00927780382335186,-9.682902336120605,0.10306376963853836,-0.31106457114219666,-8.797776222229004,0.0,0.0,0.0,0.0,0.0,0.0,0.0,0.0,0.0,0.0,0.0,0.0,-0.0550997331738472,0.051731061190366745,0.017537971958518028,-0.08574146032333374,0.27422523498535156,0.28564131259918213,0.28422266244888306,0.28784987330436707,0.35408464074134827,-0.8003692030906677,0.45094814896583557,0.0,0.0,0.0,0.0,0.0,0.0,0.0
27307678135,0,-0.05345891788601875,0.02434314414858818,-0.7731667160987854,6.569455581484362e-05,-0.04113857448101044,-0.8442511558532715,0.04928499460220337,-0.03953090310096741,-0.021941835060715675,0.10704976320266724,-0.13096410036087036,-0.07108443975448608,-0.009200099855661392,0.011736612766981125,-0.013135070912539959,0.0,0.0,-0.0047828578390181065,-0.04530738666653633,0.16569748520851135,0.0029733635019510984,0.07298188656568527,-0.0934278666973114,0.009957580827176571,0.5440303683280945,-1.6509684324264526,-48.02579116821289,-0.11411374807357788,-0.06373614072799683,-0.00726318359375,-0.20029819011688232,0.22886218130588531,-0.18738552927970886,0.20829005539417267,11.912361145019531,11.78743839263916,12.48139476776123,11.927817344665527,-0.04906250163912773,0.05366211012005806,0.018398437649011612,-0.08432617038488388,0.0,-0.051152151077985764,0.04738457128405571,0.013912854716181755,-0.08341158181428909,0.0,0.2596234083175659,-0.17148751020431519,-10.582564353942871,0.1018107533454895,-0.29708191752433777,-8.713127136230469,0.0,0.0,0.0,0.0,0.0,0.0,0.0,0.0,0.0,0.0,0.0,0.0,-0.0545051172375679,0.05047648772597313,0.016746288165450096,-0.08489801734685898,0.27896827459335327,0.2765255570411682,0.29005464911460876,0.2792701721191406,0.35408464074134827,-0.8003692030906677,0.45094814896583557,0.0,0.0,0.0,0.0,0.0,0.0,0.0
27316881529,0,-0.0535421259701252,0.024112075567245483,-0.773242712020874,6.569455581484362e-05,-0.04113857448101044,-0.8442511558532715,0.04801178723573685,-0.04332371801137924,-0.023493677377700806,0.10721617937088013,-0.13050195574760437,-0.07100844383239746,-0.009209581650793552,0.013169134967029095,-0.013050689361989498,0.0,0.0,-0.0047828578390181065,-0.034768588840961456,0.15987123548984528,0.011070665903389454,0.07303927838802338,-0.10481513291597366,0.009848303161561489,0.5599591732025146,-1.6339505910873413,-47.92219924926758,-0.12628641724586487,-0.07306814193725586,-0.016022399067878723,-0.2001684308052063,0.22886218130588531,-0.18738552927970886,0.20829005539417267,12.07331657409668,11.534162521362305,12.704655647277832,11.684231758117676,-0.05059570446610451,0.052128907293081284,0.016865234822034836,-0.08585937321186066,0.0,-0.04949190467596054,0.04840470477938652,0.012762511149048805,-0.08510946482419968,0.0,0.2596234083175659,-0.17148751020431519,-10.582564353942871,0.10471409559249878,-0.288654088973999,-8.706618309020996,0.0,0.0,0.0,0.0,0.0,0.0,0.0,0.0,0.0,0.0,0.0,0.0,-0.05361947789788246,0.04936171695590019,0.01584532856941223,-0.08426053076982498,0.27896827459335327,0.2765255570411682,0.29005464911460876,0.2792701721191406,0.6520388722419739,-0.6833375096321106,0.701826274394989,0.0,0.0,0.0,0.0,0.0,0.0,0.0
27326801963,0,-0.0535421259701252,0.024112075567245483,-0.773242712020874,6.569455581484362e-05,-0.04113857448101044,-0.8442511558532715,0.04801178723573685,-0.04332371801137924,-0.023493677377700806,0.10721617937088013,-0.13050195574760437,-0.07100844383239746,-0.009209581650793552,0.013169134967029095,-0.013050689361989498,0.0,0.0,-0.0047828578390181065,-0.0328187420964241,0.12312636524438858,0.011301938444375992,0.07303927838802338,-0.10481513291597366,0.009848303161561489,0.5599591732025146,-1.6339505910873413,-47.92219924926758,-0.12628641724586487,-0.07306814193725586,-0.016022399067878723,-0.2001684308052063,0.22757388651371002,-0.18478485941886902,0.208255797624588,12.07331657409668,11.534162521362305,12.704655647277832,11.684231758117676,-0.05059570446610451,0.052128907293081284,0.016865234822034836,-0.08739257603883743,0.0,-0.04949190467596054,0.04840470477938652,0.012762511149048805,-0.08510946482419968,0.0,0.22589407861232758,-0.4161373972892761,-10.428812026977539,0.10471409559249878,-0.288654088973999,-8.706618309020996,0.0,0.0,0.0,0.0,0.0,0.0,0.0,0.0,0.0,0.0,0.0,0.0,-0.05249885097146034,0.0485897995531559,0.014886429533362389,-0.08402533084154129,0.2821105122566223,0.27156394720077515,0.29438692331314087,0.2745053470134735,0.1743432879447937,-1.7022831439971924,0.28544309735298157,0.0,0.0,0.0,0.0,0.0,0.0,0.0
27338046841,0,-0.05362837016582489,0.02355203777551651,-0.7735061645507812,6.569455581484362e-05,-0.04113857448101044,-0.8442511558532715,0.045215751975774765,-0.04936834052205086,-0.02127118594944477,0.10738866776227951,-0.12938186526298523,-0.07074499130249023,-0.009891876019537449,0.014896368607878685,-0.013565341010689735,0.0,0.0,-0.0047828578390181065,-0.0328187420964241,0.12312636524438858,0.011301938444375992,0.08242405205965042,-0.11969193071126938,0.010095479898154736,0.5885592699050903,-1.5428611040115356,-47.93345642089844,-0.11573253571987152,-0.044622018933296204,-0.011917248368263245,-0.19995510578155518,0.22523510456085205,-0.18004491925239563,0.20837907493114471,12.03271198272705,11.612552642822266,12.545466423034668,11.816421508789062,-0.04906250163912773,0.052128907293081284,0.015332031063735485,-0.08739257603883743,0.0,-0.04611893370747566,0.04619303718209267,0.009569669142365456,-0.0822591781616211,0.0,0.10605408996343613,-0.39477336406707764,-9.888739585876465,0.11087720841169357,-0.2742273509502411,-8.731792449951172,0.0,0.0,0.0,0.0,0.0,0.0,0.0,0.0,0.0,0.0,0.0,0.0,-0.05123724788427353,0.04807397350668907,0.013875619508326054,-0.08397822082042694,0.2813183665275574,0.27310097217559814,0.29129889607429504,0.27709269523620605,0.1743432879447937,-1.7022831439971924,0.28544309735298157,0.0,0.0,0.0,0.0,0.0,0.0,0.0
27346552793,0,-0.05378982424736023,0.02291465923190117,-0.773891031742096,6.569455581484362e-05,-0.04113857448101044,-0.8442511558532715,0.043357450515031815,-0.05012321472167969,-0.02336125634610653,0.10771157592535019,-0.12810711562633514,-0.07036012411117554,-0.01100947055965662,0.015164410695433617,-0.013989448547363281,0.0,0.0,-0.0047828578390181065,-0.04384993761777878,0.07423174381256104,-0.0014710593968629837,0.08242405205965042,-0.11969193071126938,0.010095479898154736,0.6269973516464233,-1.5014164447784424,-47.99778366088867,-0.11573253571987152,-0.044622018933296204,-0.011917248368263245,-0.19995510578155518,0.22523510456085205,-0.18004491925239563,0.20837907493114471,11.772956848144531,11.985299110412598,12.036620140075684,12.279851913452148,-0.04752929508686066,0.05059570446610451,0.015332031063735485,-0.08739257603883743,0.0,-0.04473574087023735,0.044666677713394165,0.007627747021615505,-0.07906132936477661,0.0,0.10605408996343613,-0.39477336406707764,-9.888739585876465,0.11531846225261688,-0.27013838291168213,-8.719515800476074,0.0,0.0,0.0,0.0,0.0,0.0,0.0,0.0,0.0,0.0,0.0,0.0,-0.04976410046219826,0.047504812479019165,0.012641632929444313,-0.0836217999458313,0.2813183665275574,0.27310097217559814,0.29129889607429504,0.27709269523620605,-0.41646984219551086,-2.830112934112549,-0.40571460127830505,0.0,0.0,0.0,0.0,0.0,0.0,0.0
27356774263,0,-0.05378982424736023,0.02291465923190117,-0.773891031742096,6.569455581484362e-05,-0.04113857448101044,-0.8442511558532715,0.043357450515031815,-0.05012321472167969,-0.02336125634610653,0.10771157592535019,-0.12810711562633514,-0.07036012411117554,-0.01100947055965662,0.015164410695433617,-0.013989448547363281,0.0,0.0,-0.0047828578390181065,-0.04384993761777878,0.07423174381256104,-0.0014710593968629837,0.08880824595689774,-0.12168794125318527,0.00975166168063879,0.6269973516464233,-1.5014164447784424,-47.99778366088867,-0.08929838240146637,0.01020263135433197,0.004108130931854248,-0.19982339441776276,0.22340543568134308,-0.17739933729171753,0.2083091288805008,11.772956848144531,11.985299110412598,12.036620140075684,12.279851913452148,-0.04599609225988388,0.05059570446610451,0.013798828236758709,-0.08892577886581421,0.0,-0.044723574072122574,0.04467863216996193,0.007639644667506218,-0.07904963195323944,0.0,0.16320177912712097,-0.1404961347579956,-9.778207778930664,0.11531846225261688,-0.27013838291168213,-8.719515800476074,0.0,0.0,0.0,0.0,0.0,0.0,0.0,0.0,0.0,0.0,0.0,0.0,-0.048174966126680374,0.04677214473485947,0.011199677363038063,-0.08275195956230164,0.27624231576919556,0.2803926467895508,0.2813945412635803,0.28613534569740295,-0.41646984219551086,-2.830112934112549,-0.40571460127830505,0.0,0.0,0.0,0.0,0.0,0.0,0.0
27366653722,0,-0.05378982424736023,0.02291465923190117,-0.773891031742096,6.569455581484362e-05,-0.04113857448101044,-0.8442511558532715,0.043357450515031815,-0.05012321472167969,-0.02336125634610653,0.10771157592535019,-0.12810711562633514,-0.07036012411117554,-0.01100947055965662,0.015164410695433617,-0.013989448547363281,0.0,0.0,-0.0047828578390181065,-0.04903288558125496,0.015130726620554924,0.0005962260765954852,0.09069330990314484,-0.12164321541786194,0.009757349267601967,0.646249532699585,-1.4919281005859375,-47.84674835205078,-0.07779820263385773,0.06686333566904068,-0.00013747811317443848,-0.1996411830186844,0.22032855451107025,-0.17480704188346863,0.20814035832881927,11.946425437927246,11.771470069885254,12.000005722045898,12.206782341003418,-0.04752929508686066,0.04906250163912773,0.012265625409781933,-0.08892577886581421,0.0,-0.04320576414465904,0.04580117389559746,0.006832642946392298,-0.07979127019643784,0.0,-0.06168653070926666,0.1677371710538864,-9.782307624816895,0.11531846225261688,-0.27013838291168213,-8.719515800476074,0.0,0.0,0.0,0.0,0.0,0.0,0.0,0.0,0.0,0.0,0.0,0.0,-0.04668707400560379,0.04607672989368439,0.00979580543935299,-0.08167573064565659,0.2796335816383362,0.27621322870254517,0.2806799113750458,0.2847122848033905,-0.28041648864746094,-2.883023977279663,-0.14908505976200104,0.0,0.0,0.0,0.0,0.0,0.0,0.0
27377075108,0,-0.05380414053797722,0.02181422896683216,-0.7746924757957458,6.569455581484362e-05,-0.04113857448101044,-0.8442511558532715,0.041720420122146606,-0.04946313798427582,-0.03536440059542656,0.10774020850658417,-0.12590622901916504,-0.06955868005752563,-0.012221751734614372,0.014791569672524929,-0.01352355070412159,0.0,0.0,-0.0047828578390181065,-0.04903288558125496,0.015130726620554924,0.0005962260765954852,0.09695088118314743,-0.11776214838027954,0.01037987507879734,0.646249532699585,-1.4919281005859375,-47.84674835205078,-0.07779820263385773,0.06686333566904068,-0.00013747811317443848,-0.1996411830186844,0.22032855451107025,-0.17480704188346863,0.20814035832881927,11.946425437927246,11.771470069885254,12.000005722045898,12.206782341003418,-0.04906250163912773,0.04906250163912773,0.012265625409781933,-0.09045898169279099,0.0,-0.04320576414465904,0.04580117389559746,0.006832642946392298,-0.07979127019643784,0.0,-0.06168653070926666,0.1677371710538864,-9.782307624816895,0.1183052808046341,-0.26747849583625793,-8.632871627807617,0.0,0.0,0.0,0.0,0.0,0.0,0.0,0.0,0.0,0.0,0.0,0.0,-0.04538293555378914,0.04563208296895027,0.008595808409154415,-0.08076447248458862,0.2796335816383362,0.27621322870254517,0.2806799113750458,0.2847122848033905,-0.28041648864746094,-2.883023977279663,-0.14908505976200104,0.0,0.0,0.0,0.0,0.0,0.0,0.0
27386515801,0,-0.05364092439413071,0.021390754729509354,-0.7750095129013062,6.569455581484362e-05,-0.04113857448101044,-0.8442511558532715,0.04241060093045235,-0.050281647592782974,-0.04306485503911972,0.10741377621889114,-0.12505927681922913,-0.06924164295196533,-0.01259110402315855,0.014232785440981388,-0.013347040861845016,0.0,0.0,-0.0047828578390181065,-0.04936160892248154,-0.02898048609495163,-0.0017893851036205888,0.09695088118314743,-0.11776214838027954,0.01037987507879734,0.646249532699585,-1.4919281005859375,-47.84674835205078,-0.07779820263385773,0.06686333566904068,-0.00013747811317443848,-0.1996411830186844,0.22032855451107025,-0.17480704188346863,0.20814035832881927,11.791313171386719,11.76771354675293,11.683639526367188,12.315614700317383,-0.04906250163912773,0.04752929508686066,0.010732421651482582,-0.08892577886581421,0.0,-0.04377447068691254,0.04581579193472862,0.00701766787096858,-0.07908464968204498,0.0,-0.06168653070926666,0.1677371710538864,-9.782307624816895,0.11599569022655487,-0.2644404470920563,-8.57717227935791,0.0,0.0,0.0,0.0,0.0,0.0,0.0,0.0,0.0,0.0,0.0,0.0,-0.044366031885147095,0.0454452745616436,0.007688817568123341,-0.08010412007570267,0.2796335816383362,0.27621322870254517,0.2806799113750458,0.2847122848033905,-0.14101025462150574,-2.504821300506592,-0.2823355793952942,0.0,0.0,0.0,0.0,0.0,0.0,0.0
27398708899,0,-0.05347387492656708,0.020955925807356834,-0.7753514051437378,6.569455581484362e-05,-0.04113857448101044,-0.8442511558532715,0.04394876956939697,-0.05186465010046959,-0.049610067158937454,0.10707967728376389,-0.12418962270021439,-0.06889975070953369,-0.012814980000257492,0.01336828712373972,-0.013299318961799145,0.0,0.0,-0.0047828578390181065,-0.046751875430345535,-0.05706000328063965,-0.00930350087583065,0.09695088118314743,-0.11776214838027954,0.01037987507879734,0.6379762887954712,-1.4544224739074707,-47.17444610595703,-0.07779820263385773,0.06686333566904068,-0.00013747811317443848,-0.1996411830186844,0.22032855451107025,-0.17480704188346863,0.20814035832881927,11.594259262084961,11.816003799438477,11.385207176208496,12.456844329833984,-0.04599609225988388,0.04752929508686066,0.009199218824505806,-0.08739257603883743,0.0,-0.04362669214606285,0.0442572683095932,0.006293827667832375,-0.07688296586275101,0.0,-0.06168653070926666,0.1677371710538864,-9.782307624816895,0.11200956255197525,-0.25981879234313965,-8.532027244567871,0.0,0.0,0.0,0.0,0.0,0.0,0.0,0.0,0.0,0.0,0.0,0.0,-0.0437236912548542,0.04534919932484627,0.007076974958181381,-0.0795222595334053,0.2796335816383362,0.27621322870254517,0.2806799113750458,0.2847122848033905,0.037279389798641205,-2.5996148586273193,-0.5838145017623901,0.0,0.0,0.0,0.0,0.0,0.0,0.0
27407387067,0,-0.05347387492656708,0.020955925807356834,-0.7753514051437378,6.569455581484362e-05,-0.04113857448101044,-0.8442511558532715,0.04394876956939697,-0.05186465010046959,-0.049610067158937454,0.10707967728376389,-0.12418962270021439,-0.06889975070953369,-0.012814980000257492,0.01336828712373972,-0.013299318961799145,0.0,0.0,-0.0047828578390181065,-0.02224627695977688,-0.09745107591152191,-0.017566971480846405,0.10215989500284195,-0.09202396124601364,0.010393636301159859,0.6379762887954712,-1.4544224739074707,-47.17444610595703,-0.06751157343387604,0.14476315677165985,0.012424468994140625,-0.1993839144706726,0.21513867378234863,-0.17290368676185608,0.207798570394516,11.594259262084961,11.816003799438477,11.385207176208496,12.456844329833984,-0.044462889432907104,0.04752929508686066,0.009199218824505806,-0.08585937321186066,0.0,-0.04360254481434822,0.04428096115589142,0.006318386644124985,-0.0768604651093483,0.0,0.2205187976360321,0.24631673097610474,-10.348712921142578,0.11200956255197525,-0.25981879234313965,-8.532027244567871,0.0,0.0,0.0,0.0,0.0,0.0,0.0,0.0,0.0,0.0,0.0,0.0,-0.04339558631181717,0.04517344385385513,0.006666075438261032,-0.07884959876537323,0.2728073000907898,0.27689987421035767,0.2682579755783081,0.29001444578170776,0.9526719450950623,-2.107759714126587,-0.5286844968795776,0.0,0.0,0.0,0.0,0.0,0.0,0.0
27416778856,0,-0.05298604816198349,0.020062332972884178,-0.7760819792747498,6.569455581484362e-05,-0.04113857448101044,-0.8442511558532715,0.04555471986532211,-0.05429035425186157,-0.056193724274635315,0.10610401630401611,-0.12240242958068848,-0.06816917657852173,-0.01287105493247509,0.011552873998880386,-0.013518902473151684,0.0,0.0,-0.0047828578390181065,-0.02224627695977688,-0.09745107591152191,-0.017566971480846405,0.10093449056148529,-0.084905706346035,0.010527210310101509,0.5865194201469421,-1.3845736980438232,-46.710628509521484,-0.0998121052980423,0.2045600265264511,0.018307596445083618,-0.19919262826442719,0.21161101758480072,-0.17323119938373566,0.20703162252902985,11.37519645690918,11.703465461730957,11.079255104064941,12.630623817443848,-0.04292968660593033,0.04599609225988388,0.006132812704890966,-0.08585937321186066,0.0,-0.04385227710008621,0.041056904941797256,0.005924721714109182,-0.07237949222326279,0.0,-0.00015610342961736023,0.20655818283557892,-9.508681297302246,0.10663989186286926,-0.2517406642436981,-8.492841720581055,0.0,0.0,0.0,0.0,0.0,0.0,0.0,0.0,0.0,0.0,0.0,0.0,-0.04328504204750061,0.044772494584321976,0.006380537524819374,-0.07794605195522308,0.26844322681427,0.27488210797309875,0.2626194655895233,0.29295143485069275,0.9526719450950623,-2.107759714126587,-0.5286844968795776,0.0,0.0,0.0,0.0,0.0,0.0,0.0
27426692292,0,-0.05298604816198349,0.020062332972884178,-0.7760819792747498,6.569455581484362e-05,-0.04113857448101044,-0.8442511558532715,0.04555471986532211,-0.05429035425186157,-0.056193724274635315,0.10610401630401611,-0.12240242958068848,-0.06816917657852173,-0.01287105493247509,0.011552873998880386,-0.013518902473151684,0.0,0.0,-0.0047828578390181065,-0.003291018772870302,-0.10683215409517288,-0.013272589072585106,0.10093449056148529,-0.084905706346035,0.010527210310101509,0.5865194201469421,-1.3845736980438232,-46.710628509521484,-0.0998121052980423,0.2045600265264511,0.018307596445083618,-0.19919262826442719,0.21161101758480072,-0.17323119938373566,0.20703162252902985,11.37519645690918,11.703465461730957,11.079255104064941,12.630623817443848,-0.04292968660593033,0.04599609225988388,0.004599609412252903,-0.08585937321186066,0.0,-0.04385227710008621,0.041056904941797256,0.005924721714109182,-0.07237949222326279,0.0,-0.00015610342961736023,0.20655818283557892,-9.508681297302246,0.10663989186286926,-0.2517406642436981,-8.492841720581055,0.0,0.0,0.0,0.0,0.0,0.0,0.0,0.0,0.0,0.0,0.0,0.0,-0.043323829770088196,0.04403841122984886,0.006174156442284584,-0.0766812115907669,0.26844322681427,0.27488210797309875,0.2626194655895233,0.29295143485069275,1.3398698568344116,-1.5168142318725586,-0.1605251431465149,0.0,0.0,0.0,0.0,0.0,0.0,0.0
27436497996,0,-0.0527416467666626,0.019617389887571335,-0.7764602303504944,6.569455581484362e-05,-0.04113857448101044,-0.8442511558532715,0.046662915498018265,-0.05803337320685387,-0.05737326666712761,0.10561521351337433,-0.12151253968477249,-0.0677909255027771,-0.012715493328869343,0.010657492093741894,-0.013623596169054508,0.0,0.0,-0.0047828578390181065,-0.003291018772870302,-0.10683215409517288,-0.013272589072585106,0.09773499518632889,-0.0745091512799263,0.010373039171099663,0.5683408975601196,-1.3343267440795898,-46.686553955078125,-0.11967936158180237,0.21720698475837708,0.012491226196289062,-0.19910132884979248,0.2103431671857834,-0.17363575100898743,0.20671723783016205,11.504195213317871,11.501261711120605,11.22920036315918,12.529342651367188,-0.044462889432907104,0.04599609225988388,0.004599609412252903,-0.08585937321186066,0.0,-0.04236515611410141,0.03968258947134018,0.00484473817050457,-0.07102185487747192,0.0,0.13396459817886353,0.16710606217384338,-9.572781562805176,0.1033347100019455,-0.24260486662387848,-8.48846435546875,0.0,0.0,0.0,0.0,0.0,0.0,0.0,0.0,0.0,0.0,0.0,0.0,-0.043371811509132385,0.04306381195783615,0.005976805929094553,-0.07520273327827454,0.27097612619400024,0.270918607711792,0.2655724585056305,0.29098591208457947,1.3398698568344116,-1.5168142318725586,-0.1605251431465149,0.0,0.0,0.0,0.0,0.0,0.0,0.0
27446557099,0,-0.05188559740781784,0.018103133887052536,-0.7776325941085815,6.569455581484362e-05,-0.04113857448101044,-0.8442511558532715,0.04286601394414902,-0.06740398705005646,-0.05058295652270317,0.10390310734510422,-0.1184840127825737,-0.06661856174468994,-0.011452787555754185,0.00681914109736681,-0.014128260314464569,0.0,0.0,-0.0047828578390181065,0.034048065543174744,-0.12737028300762177,-0.01024448312819004,0.09219355881214142,-0.058184582740068436,0.011266512796282768,0.5870398879051208,-1.2399786710739136,-46.86933898925781,-0.11967936158180237,0.21720698475837708,0.012491226196289062,-0.19910132884979248,0.2103431671857834,-0.17363575100898743,0.20671723783016205,11.593531608581543,11.356496810913086,11.348437309265137,12.640238761901855,-0.044462889432907104,0.04599609225988388,0.006132812704890966,-0.08585937321186066,0.0,-0.0385882593691349,0.037831779569387436,0.0012719137594103813,-0.06827666610479355,0.0,0.13396459817886353,0.16710606217384338,-9.572781562805176,0.10739181190729141,-0.21773815155029297,-8.54695987701416,0.0,0.0,0.0,0.0,0.0,0.0,0.0,0.0,0.0,0.0,0.0,0.0,-0.04310401901602745,0.04193858057260513,0.005555849988013506,-0.07364010065793991,0.27097612619400024,0.270918607711792,0.2655724585056305,0.29098591208457947,1.5975655317306519,-1.1352789402008057,-0.11990275233983994,0.0,0.0,0.0,0.0,0.0,0.0,0.0
27456896188,0,-0.05188559740781784,0.018103133887052536,-0.7776325941085815,6.569455581484362e-05,-0.04113857448101044,-0.8442511558532715,0.04286601394414902,-0.06740398705005646,-0.05058295652270317,0.10390310734510422,-0.1184840127825737,-0.06661856174468994,-0.011452787555754185,0.00681914109736681,-0.014128260314464569,0.0,0.0,-0.0047828578390181065,0.06577689200639725,-0.15072709321975708,-0.013033303432166576,0.08662540465593338,-0.04653184488415718,0.011146563105285168,0.5870398879051208,-1.2399786710739136,-46.86933898925781,-0.16592511534690857,0.2555723488330841,0.010072439908981323,-0.19888250529766083,0.20809495449066162,-0.17503385245800018,0.2061423361301422,11.593531608581543,11.356496810913086,11.348437309265137,12.640238761901855,-0.04292968660593033,0.044462889432907104,0.0076660155318677425,-0.08432617038488388,0.0,-0.03856772929430008,0.037852734327316284,0.0012928693322464824,-0.06825780868530273,0.0,-0.027201369404792786,-0.38503172993659973,-9.760562896728516,0.10739181190729141,-0.21773815155029297,-8.54695987701416,0.0,0.0,0.0,0.0,0.0,0.0,0.0,0.0,0.0,0.0,0.0,0.0,-0.04231232404708862,0.040713708847761154,0.00472410349175334,-0.07200764119625092,0.27272820472717285,0.2680757939815521,0.2679174244403839,0.2931378185749054,1.5726131200790405,-1.1081660985946655,-0.20697858929634094,0.0,0.0,0.0,0.0,0.0,0.0,0.0
27467055844,0,-0.051111944019794464,0.017187168821692467,-0.7784488201141357,6.569455581484362e-05,-0.04113857448101044,-0.8442511558532715,0.04188515245914459,-0.0629078596830368,-0.049230486154556274,0.10235579311847687,-0.11665207147598267,-0.06580233573913574,-0.010006488300859928,0.003843307727947831,-0.01464280765503645,0.0,0.0,-0.0047828578390181065,0.06577689200639725,-0.15072709321975708,-0.013033303432166576,0.07120022177696228,-0.024609453976154327,0.010819323360919952,0.5826326012611389,-1.1862672567367554,-47.0570182800293,-0.20891962945461273,0.30821365118026733,0.013853788375854492,-0.19867199659347534,0.2069072276353836,-0.17711609601974487,0.20551948249340057,11.559514999389648,11.351663589477539,11.28653335571289,12.928645133972168,-0.04292968660593033,0.04292968660593033,0.0076660155318677425,-0.08432617038488388,0.0,-0.03715239092707634,0.03607766702771187,-0.00022422451002057642,-0.0651223212480545,0.0,-0.09508147090673447,0.05671961233019829,-9.647719383239746,0.1064094752073288,-0.22314245998859406,-8.55424976348877,0.0,0.0,0.0,0.0,0.0,0.0,0.0,0.0,0.0,0.0,0.0,0.0,-0.04116763547062874,0.03950052335858345,0.0036109313368797302,-0.07036904990673065,0.2720613181591034,0.26798075437545776,0.26670026779174805,0.29872366786003113,1.5726131200790405,-1.1081660985946655,-0.20697858929634094,0.0,0.0,0.0,0.0,0.0,0.0,0.0
27476872341,0,-0.05060378089547157,0.016734052449464798,-0.778866171836853,6.569455581484362e-05,-0.04113857448101044,-0.8442511558532715,0.04392994940280914,-0.0597945861518383,-0.0479668527841568,0.10133945941925049,-0.11574583500623703,-0.06538498401641846,-0.008752328343689442,0.002478900132700801,-0.014512759633362293,0.0,0.0,-0.0047828578390181065,0.08674165606498718,-0.15386293828487396,-0.008394736796617508,0.07120022177696228,-0.024609453976154327,0.010819323360919952,0.5852521061897278,-1.2272834777832031,-47.04837417602539,-0.24422432482242584,0.3181234896183014,0.005341440439224243,-0.19855302572250366,0.2069072276353836,-0.17711609601974487,0.20551948249340057,11.73366928100586,11.065577507019043,11.53494644165039,12.784255981445312,-0.04292968660593033,0.04139648377895355,0.0076660155318677425,-0.08432617038488388,0.0,-0.03774745389819145,0.038417715579271317,0.0009686984121799469,-0.06705818325281143,0.0,0.0635116919875145,0.21362479031085968,-9.511564254760742,0.10035006701946259,-0.22773593664169312,-8.561938285827637,0.0,0.0,0.0,0.0,0.0,0.0,0.0,0.0,0.0,0.0,0.0,0.0,-0.03995648771524429,0.038462087512016296,0.002480786759406328,-0.06882896274328232,0.2720613181591034,0.26798075437545776,0.26670026779174805,0.29872366786003113,1.8517932891845703,-0.7619189620018005,0.03655090555548668,0.0,0.0,0.0,0.0,0.0,0.0,0.0
27486511897,0,-0.05060378089547157,0.016734052449464798,-0.778866171836853,6.569455581484362e-05,-0.04113857448101044,-0.8442511558532715,0.04392994940280914,-0.0597945861518383,-0.0479668527841568,0.10133945941925049,-0.11574583500623703,-0.06538498401641846,-0.008752328343689442,0.002478900132700801,-0.014512759633362293,0.0,0.0,-0.0047828578390181065,0.12249433994293213,-0.15105770528316498,-0.0013895700685679913,0.04746938869357109,0.0026835394091904163,0.011350749060511589,0.5852521061897278,-1.2272834777832031,-47.04837417602539,-0.24422432482242584,0.3181234896183014,0.005341440439224243,-0.19855302572250366,0.20670364797115326,-0.1785002201795578,0.20522581040859222,11.73366928100586,11.065577507019043,11.53494644165039,12.784255981445312,-0.04292968660593033,0.04139648377895355,0.006132812704890966,-0.0827929675579071,0.0,-0.03774745389819145,0.038417715579271317,0.0009686984121799469,-0.06705818325281143,0.0,0.0635116919875145,0.21362479031085968,-9.511564254760742,0.10035006701946259,-0.22773593664169312,-8.561938285827637,0.0,0.0,0.0,0.0,0.0,0.0,0.0,0.0,0.0,0.0,0.0,0.0,-0.03892575204372406,0.03783523291349411,0.0015909146750345826,-0.06765546649694443,0.2754732370376587,0.26235002279281616,0.2715792655944824,0.29592907428741455,1.5717973709106445,-0.054698653519153595,0.08846192806959152,0.0,0.0,0.0,0.0,0.0,0.0,0.0
27496541705,0,-0.0495295412838459,0.015816057100892067,-0.7796590328216553,6.569455581484362e-05,-0.04113857448101044,-0.8442511558532715,0.04835229739546776,-0.05362149327993393,-0.044656675308942795,0.09919097274541855,-0.11390983313322067,-0.06459212303161621,-0.005970344878733158,-0.00034884546766988933,-0.014240826480090618,0.0,0.0,-0.0047828578390181065,0.12249433994293213,-0.15105770528316498,-0.0013895700685679913,0.04746938869357109,0.0026835394091904163,0.011350749060511589,0.4801425635814667,-1.3023972511291504,-47.19878005981445,-0.29893049597740173,0.3384856581687927,0.0020012110471725464,-0.19833725690841675,0.20670364797115326,-0.1785002201795578,0.20522581040859222,11.801643371582031,10.901997566223145,11.707632064819336,12.852784156799316,-0.04139648377895355,0.04139648377895355,0.004599609412252903,-0.08125976473093033,0.0,-0.04291354492306709,0.03804248943924904,0.006416966672986746,-0.06585487723350525,0.0,0.0635116919875145,0.21362479031085968,-9.511564254760742,0.08729864656925201,-0.23679950833320618,-8.581596374511719,0.0,0.0,0.0,0.0,0.0,0.0,0.0,0.0,0.0,0.0,0.0,0.0,-0.038439713418483734,0.037617117166519165,0.0012897872366011143,-0.06691259145736694,0.2754732370376587,0.26235002279281616,0.2715792655944824,0.29592907428741455,1.5717973709106445,-0.054698653519153595,0.08846192806959152,0.0,0.0,0.0,0.0,0.0,0.0,0.0
27506588488,0,-0.0495295412838459,0.015816057100892067,-0.7796590328216553,6.569455581484362e-05,-0.04113857448101044,-0.8442511558532715,0.04835229739546776,-0.05362149327993393,-0.044656675308942795,0.09919097274541855,-0.11390983313322067,-0.06459212303161621,-0.005970344878733158,-0.00034884546766988933,-0.014240826480090618,0.0,0.0,-0.0047828578390181065,0.13046783208847046,-0.15215925872325897,-0.003734372556209564,0.04746938869357109,0.0026835394091904163,0.011350749060511589,0.4801425635814667,-1.3023972511291504,-47.19878005981445,-0.29893049597740173,0.3384856581687927,0.0020012110471725464,-0.19833725690841675,0.2072436362504959,-0.18128477036952972,0.2049374133348465,11.801643371582031,10.901997566223145,11.707632064819336,12.852784156799316,-0.04139648377895355,0.039863280951976776,0.003066406352445483,-0.07972656190395355,0.0,-0.04291354492306709,0.03804248943924904,0.006416966672986746,-0.06585487723350525,0.0,-0.06990940123796463,-0.37210777401924133,-9.60420036315918,0.08729864656925201,-0.23679950833320618,-8.581596374511719,0.0,0.0,0.0,0.0,0.0,0.0,0.0,0.0,0.0,0.0,0.0,0.0,-0.03878789395093918,0.0376056507229805,0.0018364547286182642,-0.06640756875276566,0.2754732370376587,0.26235002279281616,0.2715792655944824,0.29592907428741455,1.1898430585861206,-0.07019562274217606,-0.10557368397712708,0.0,0.0,0.0,0.0,0.0,0.0,0.0
27516440852,0,-0.04900762438774109,0.015356853604316711,-0.7800254225730896,6.569455581484362e-05,-0.04113857448101044,-0.8442511558532715,0.05156784877181053,-0.05166628584265709,-0.04544061794877052,0.09814713150262833,-0.11299142241477966,-0.06422573328018188,-0.0046318694949150085,-0.0017904492560774088,-0.014154158532619476,0.0,0.0,-0.0047828578390181065,0.13046783208847046,-0.15215925872325897,-0.003734372556209564,0.027028663083910942,0.02541755512356758,0.011214084923267365,0.43333864212036133,-1.3151664733886719,-47.14667510986328,-0.30983766913414,0.35165902972221375,0.005183860659599304,-0.1982254832983017,0.20790144801139832,-0.18288639187812805,0.20476344227790833,11.713448524475098,10.930194854736328,11.611787796020508,12.95762825012207,-0.039863280951976776,0.038330078125,0.003066406352445483,-0.07819335907697678,0.0,-0.045026347041130066,0.03685374930500984,0.008294315077364445,-0.06438127160072327,0.0,0.03413059562444687,-0.5019320249557495,-9.56588363647461,0.07878884673118591,-0.2391211837530136,-8.572122573852539,0.0,0.0,0.0,0.0,0.0,0.0,0.0,0.0,0.0,0.0,0.0,0.0,-0.039817895740270615,0.03762578219175339,0.0030371469911187887,-0.06598922610282898,0.2750774025917053,0.2596795856952667,0.2730860710144043,0.2992839217185974,1.1898430585861206,-0.07019562274217606,-0.10557368397712708,0.0,0.0,0.0,0.0,0.0,0.0,0.0
27526404257,0,-0.04794862121343613,0.014426792040467262,-0.7807168364524841,6.569455581484362e-05,-0.04113857448101044,-0.8442511558532715,0.05288463830947876,-0.056692935526371,-0.04683496057987213,0.0960291177034378,-0.11113128811120987,-0.06353431940078735,-0.002415242837741971,-0.004599845036864281,-0.014115914702415466,0.0,0.0,-0.0047828578390181065,0.13200442492961884,-0.15374986827373505,-0.003969863522797823,0.027028663083910942,0.02541755512356758,0.011214084923267365,0.3944263458251953,-1.2410308122634888,-47.058223724365234,-0.325660765171051,0.3807818293571472,0.005841284990310669,-0.19801704585552216,0.20790144801139832,-0.18288639187812805,0.20476344227790833,11.695283889770508,10.855470657348633,11.552725791931152,13.019701957702637,-0.036796875298023224,0.038330078125,0.0015332031762227416,-0.07819335907697678,0.0,-0.04401107132434845,0.03344425931572914,0.007278340868651867,-0.06098061054944992,0.0,0.03413059562444687,-0.5019320249557495,-9.56588363647461,0.0717138797044754,-0.22564196586608887,-8.55604076385498,0.0,0.0,0.0,0.0,0.0,0.0,0.0,0.0,0.0,0.0,0.0,0.0,-0.04114125669002533,0.037390775978565216,0.004464278928935528,-0.06539786607027054,0.2750774025917053,0.2596795856952667,0.2730860710144043,0.2992839217185974,0.2097296416759491,-0.005833915434777737,-0.058861881494522095,0.0,0.0,0.0,0.0,0.0,0.0,0.0
27537067669,0,-0.04794862121343613,0.014426792040467262,-0.7807168364524841,6.569455581484362e-05,-0.04113857448101044,-0.8442511558532715,0.05288463830947876,-0.056692935526371,-0.04683496057987213,0.0960291177034378,-0.11113128811120987,-0.06353431940078735,-0.002415242837741971,-0.004599845036864281,-0.014115914702415466,0.0,0.0,-0.0047828578390181065,0.13426122069358826,-0.1455753892660141,-0.0018085972405970097,-0.006273341365158558,0.06253514438867569,0.011384655721485615,0.3944263458251953,-1.2410308122634888,-47.058223724365234,-0.325660765171051,0.3807818293571472,0.005841284990310669,-0.19801704585552216,0.20945659279823303,-0.18618685007095337,0.20436985790729523,11.695283889770508,10.855470657348633,11.552725791931152,13.019701957702637,-0.03526367247104645,0.03526367247104645,0.0015332031762227416,-0.07819335907697678,0.0,-0.04401107132434845,0.03344425931572914,0.007278340868651867,-0.06098061054944992,0.0,0.04008844494819641,0.11840800195932388,-9.537969589233398,0.0717138797044754,-0.22564196586608887,-8.55604076385498,0.0,0.0,0.0,0.0,0.0,0.0,0.0,0.0,0.0,0.0,0.0,0.0,-0.04236849397420883,0.03670424222946167,0.005732298828661442,-0.06444880366325378,0.27472174167633057,0.2582038938999176,0.2719280421733856,0.30048370361328125,0.0331290103495121,0.3737199008464813,0.1083550974726677,0.0,0.0,0.0,0.0,0.0,0.0,0.0
27546473427,0,-0.046096932142972946,0.013103689067065716,-0.781682014465332,6.569455581484362e-05,-0.04113857448101044,-0.8442511558532715,0.05487391725182533,-0.06373009830713272,-0.046273890882730484,0.09232571721076965,-0.10848507285118103,-0.06256914138793945,0.0006054404657334089,-0.008116242475807667,-0.014234382659196854,0.0,0.0,-0.0047828578390181065,0.13426122069358826,-0.1455753892660141,-0.0018085972405970097,-0.017708295956254005,0.07192613184452057,0.011286391876637936,0.3526751399040222,-1.1414908170700073,-47.009586334228516,-0.3521777391433716,0.3941565752029419,0.002668440341949463,-0.19780519604682922,0.2114647775888443,-0.19006262719631195,0.2039213925600052,11.741260528564453,10.700997352600098,11.6392183303833,12.986069679260254,-0.03526367247104645,0.03066406212747097,0.0015332031762227416,-0.07666015625,0.0,-0.042077239602804184,0.029278261587023735,0.005488614086061716,-0.057267460972070694,0.0,0.02368246577680111,-0.16680537164211273,-9.923434257507324,0.06006208434700966,-0.2066563069820404,-8.555367469787598,0.0,0.0,0.0,0.0,0.0,0.0,0.0,0.0,0.0,0.0,0.0,0.0,-0.04318594932556152,0.03557286038994789,0.006558649707585573,-0.06317077577114105,0.27571582794189453,0.2551400363445282,0.27360057830810547,0.2997684180736542,0.0331290103495121,0.3737199008464813,0.1083550974726677,0.0,0.0,0.0,0.0,0.0,0.0,0.0
27556308909,0,-0.04544366896152496,0.012711948715150356,-0.7819739580154419,6.569455581484362e-05,-0.04113857448101044,-0.8442511558532715,0.05748381465673447,-0.062285199761390686,-0.04381558299064636,0.09101918339729309,-0.10770158469676971,-0.06227719783782959,0.002022614236921072,-0.009403156116604805,-0.014047430828213692,0.0,0.0,-0.0047828578390181065,0.13898180425167084,-0.13953746855258942,0.0024851993657648563,-0.017708295956254005,0.07192613184452057,0.011286391876637936,0.3303414583206177,-1.136609673500061,-47.05451965332031,-0.36892104148864746,0.40119028091430664,-0.0022687911987304688,-0.19769145548343658,0.2114647775888443,-0.19006262719631195,0.2039213925600052,11.861796379089355,10.551336288452148,11.788835525512695,12.910017013549805,-0.036796875298023224,0.03066406212747097,0.0015332031762227416,-0.07512695342302322,0.0,-0.04215963929891586,0.028793083503842354,0.005952856503427029,-0.05684909597039223,0.0,0.045253556221723557,-0.18530160188674927,-9.827362060546875,0.052179399877786636,-0.20819944143295288,-8.572199821472168,0.0,0.0,0.0,0.0,0.0,0.0,0.0,0.0,0.0,0.0,0.0,0.0,-0.0434764102101326,0.034024711698293686,0.006871587596833706,-0.06160489469766617,0.27571582794189453,0.2551400363445282,0.27360057830810547,0.2997684180736542,0.15002964437007904,0.48982539772987366,0.2628430128097534,0.0,0.0,0.0,0.0,0.0,0.0,0.0
27566646241,0,-0.04544366896152496,0.012711948715150356,-0.7819739580154419,6.569455581484362e-05,-0.04113857448101044,-0.8442511558532715,0.05748381465673447,-0.062285199761390686,-0.04381558299064636,0.09101918339729309,-0.10770158469676971,-0.06227719783782959,0.002022614236921072,-0.009403156116604805,-0.014047430828213692,0.0,0.0,-0.0047828578390181065,0.13898180425167084,-0.13953746855258942,0.0024851993657648563,-0.027365345507860184,0.08197608590126038,0.011444233357906342,0.3303414583206177,-1.136609673500061,-47.05451965332031,-0.36892104148864746,0.40119028091430664,-0.0022687911987304688,-0.19769145548343658,0.21249808371067047,-0.19176647067070007,0.2037973701953888,11.861796379089355,10.551336288452148,11.788835525512695,12.910017013549805,-0.039863280951976776,0.032197266817092896,0.003066406352445483,-0.07359375059604645,0.0,-0.04215963929891586,0.028793083503842354,0.005952856503427029,-0.05684909597039223,0.0,0.045253556221723557,-0.18530160188674927,-9.827362060546875,0.052179399877786636,-0.20819944143295288,-8.572199821472168,0.0,0.0,0.0,0.0,0.0,0.0,0.0,0.0,0.0,0.0,0.0,0.0,-0.04337247833609581,0.03232031688094139,0.006834546569734812,-0.05997650325298309,0.27797994017601013,0.2521864175796509,0.27655288577079773,0.2983633279800415,0.15002964437007904,0.48982539772987366,0.2628430128097534,0.0,0.0,0.0,0.0,0.0,0.0,0.0
27576599662,0,-0.044126592576503754,0.011977982707321644,-0.7824851870536804,6.569455581484362e-05,-0.04113857448101044,-0.8442511558532715,0.05909768491983414,-0.05562974140048027,-0.03260524198412895,0.08838501572608948,-0.1062336415052414,-0.061765968799591064,0.005262418184429407,-0.011884761974215508,-0.014099019579589367,0.0,0.0,-0.0047828578390181065,0.14870955049991608,-0.1319316029548645,0.00041016130126081407,-0.027365345507860184,0.08197608590126038,0.011444233357906342,0.2528265118598938,-1.15421724319458,-47.34585952758789,-0.4082457423210144,0.41724225878715515,0.0017817020416259766,-0.1974879950284958,0.21249808371067047,-0.19176647067070007,0.2037973701953888,11.793975830078125,10.64055061340332,11.797507286071777,13.168731689453125,-0.039863280951976776,0.03373046964406967,0.004599609412252903,-0.07359375059604645,0.0,-0.045237716287374496,0.026581095531582832,0.008817982859909534,-0.054103411734104156,0.0,-0.14163456857204437,0.08831977099180222,-9.394125938415527,0.04354247450828552,-0.21900993585586548,-8.65145206451416,0.0,0.0,0.0,0.0,0.0,0.0,0.0,0.0,0.0,0.0,0.0,0.0,-0.04323955625295639,0.030729157850146294,0.006785806734114885,-0.058471884578466415,0.27797994017601013,0.2521864175796509,0.27655288577079773,0.2983633279800415,0.2694263458251953,0.4871765673160553,0.02098749577999115,0.0,0.0,0.0,0.0,0.0,0.0,0.0
27586574327,0,-0.044126592576503754,0.011977982707321644,-0.7824851870536804,6.569455581484362e-05,-0.04113857448101044,-0.8442511558532715,0.05909768491983414,-0.05562974140048027,-0.03260524198412895,0.08706706017255783,-0.10555067658424377,-0.061548054218292236,0.005262418184429407,-0.011884761974215508,-0.014099019579589367,0.0,0.0,-0.0047828578390181065,0.14864400029182434,-0.1268678605556488,-0.002098245080560446,-0.0537150613963604,0.10373514145612717,0.011231153272092342,0.2528265118598938,-1.15421724319458,-47.34585952758789,-0.4082457423210144,0.41724225878715515,0.0017817020416259766,-0.1974879950284958,0.21518342196941376,-0.19562114775180817,0.20354501903057098,11.793975830078125,10.64055061340332,11.797507286071777,13.168731689453125,-0.038330078125,0.03526367247104645,0.004599609412252903,-0.07206054776906967,0.0,-0.045237716287374496,0.026581095531582832,0.008817982859909534,-0.054103411734104156,0.0,-0.14163456857204437,0.08831977099180222,-9.394125938415527,0.036109164357185364,-0.21753692626953125,-8.70140266418457,0.0,0.0,0.0,0.0,0.0,0.0,0.0,0.0,0.0,0.0,0.0,0.0,-0.043400898575782776,0.02928321622312069,0.007004654034972191,-0.05705245956778526,0.2766534984111786,0.25395357608795166,0.27672260999679565,0.303361177444458,0.0722537487745285,0.4953000247478485,-0.06592149287462234,0.0,0.0,0.0,0.0,0.0,0.0,0.0
27597411252,0,-0.04346761479973793,0.011636498384177685,-0.7827031016349792,6.569455581484362e-05,-0.04113857448101044,-0.8442511558532715,0.06137485057115555,-0.05584580823779106,-0.025372928008437157,0.08706706017255783,-0.10555067658424377,-0.061548054218292236,0.006781461648643017,-0.013035774230957031,-0.014186613261699677,0.0,0.0,-0.0047828578390181065,0.14864400029182434,-0.1268678605556488,-0.002098245080560446,-0.0716785117983818,0.11932022869586945,0.011760799214243889,0.1986004114151001,-1.1964530944824219,-47.85771560668945,-0.419499933719635,0.4272329807281494,0.004982158541679382,-0.19737949967384338,0.216851606965065,-0.1977689564228058,0.20334072411060333,11.840718269348145,10.812954902648926,11.846176147460938,13.409173011779785,-0.036796875298023224,0.03373046964406967,0.004599609412252903,-0.06899414211511612,0.0,-0.04793243110179901,0.025775913149118423,0.011670811101794243,-0.052806977182626724,0.0,0.23215171694755554,-0.15525247156620026,-9.928296089172363,0.036109164357185364,-0.21753692626953125,-8.70140266418457,0.0,0.0,0.0,0.0,0.0,0.0,0.0,0.0,0.0,0.0,0.0,0.0,-0.04394350200891495,0.028036322444677353,0.0075785014778375626,-0.05575038492679596,0.27756786346435547,0.2573637366294861,0.27767449617385864,0.3079942464828491,0.0722537487745285,0.4953000247478485,-0.06592149287462234,0.0,0.0,0.0,0.0,0.0,0.0,0.0
27606934673,0,-0.04220474138855934,0.011051611043512821,-0.7830848693847656,6.569455581484362e-05,-0.04113857448101044,-0.8442511558532715,0.06417851895093918,-0.05205380544066429,-0.018084073439240456,0.08454129844903946,-0.10438089072704315,-0.06116628646850586,0.009046347811818123,-0.014991099946200848,-0.014651713892817497,0.0,0.0,-0.0047828578390181065,0.1464269757270813,-0.11199551820755005,-0.0018356445943936706,-0.0716785117983818,0.11932022869586945,0.011760799214243889,0.1389603465795517,-1.2281100749969482,-48.081504821777344,-0.44312408566474915,0.4284006357192993,0.0031519681215286255,-0.19717268645763397,0.216851606965065,-0.1977689564228058,0.20334072411060333,11.912320137023926,10.783768653869629,11.98056697845459,13.456789016723633,-0.036796875298023224,0.03066406212747097,0.006132812704890966,-0.06746093928813934,0.0,-0.050338126718997955,0.024948811158537865,0.014253095723688602,-0.051867011934518814,0.0,0.23215171694755554,-0.15525247156620026,-9.928296089172363,0.025265518575906754,-0.223292738199234,-8.74209213256836,0.0,0.0,0.0,0.0,0.0,0.0,0.0,0.0,0.0,0.0,0.0,0.0,-0.04493309184908867,0.027004964649677277,0.00860338844358921,-0.05458331108093262,0.27756786346435547,0.2573637366294861,0.27767449617385864,0.3079942464828491,-0.07882602512836456,0.7508297562599182,0.08515332639217377,0.0,0.0,0.0,0.0,0.0,0.0,0.0
27616680764,0,-0.04220474138855934,0.011051611043512821,-0.7830848693847656,6.569455581484362e-05,-0.04113857448101044,-0.8442511558532715,0.06417851895093918,-0.05205380544066429,-0.018084073439240456,0.0810076966881752,-0.10299089550971985,-0.06063580513000488,0.009046347811818123,-0.014991099946200848,-0.014651713892817497,0.0,0.0,-0.0047828578390181065,0.1313655823469162,-0.08288181573152542,0.0014812274603173137,-0.09449779987335205,0.13087645173072815,0.011010405607521534,0.1389603465795517,-1.2281100749969482,-48.081504821777344,-0.44312408566474915,0.4284006357192993,0.0031519681215286255,-0.19717268645763397,0.22021543979644775,-0.20186491310596466,0.20289315283298492,11.912320137023926,10.783768653869629,11.98056697845459,13.456789016723633,-0.038330078125,0.029130859300494194,0.0076660155318677425,-0.06746093928813934,0.0,-0.050338126718997955,0.024948811158537865,0.014253095723688602,-0.051867011934518814,0.0,0.1416308730840683,0.25105080008506775,-9.959695816040039,0.0014828871935606003,-0.22912003099918365,-8.637031555175781,0.0,0.0,0.0,0.0,0.0,0.0,0.0,0.0,0.0,0.0,0.0,0.0,-0.04630618542432785,0.0261564701795578,0.010030839592218399,-0.05355145037174225,0.27896738052368164,0.2567870318889618,0.28030046820640564,0.3089105784893036,-0.5817750096321106,1.2870428562164307,0.19095782935619354,0.0,0.0,0.0,0.0,0.0,0.0,0.0
27627210688,0,-0.04043795168399811,0.010356617160141468,-0.7836153507232666,6.569455581484362e-05,-0.04113857448101044,-0.8442511558532715,0.07272084057331085,-0.047972552478313446,-0.029621286317706108,0.0810076966881752,-0.10299089550971985,-0.06063580513000488,0.011851664632558823,-0.016826488077640533,-0.014731831848621368,0.0,0.0,-0.0047828578390181065,0.1313655823469162,-0.08288181573152542,0.0014812274603173137,-0.09394659847021103,0.13395683467388153,0.011818480677902699,0.014533715322613716,-1.2335915565490723,-47.77229690551758,-0.43848711252212524,0.4046719968318939,0.0026968568563461304,-0.1969468593597412,0.22406628727912903,-0.20605333149433136,0.20251673460006714,11.816458702087402,10.738648414611816,11.943589210510254,13.320759773254395,-0.038330078125,0.027597656473517418,0.0076660155318677425,-0.06592773646116257,0.0,-0.05461835488677025,0.02115938626229763,0.018163831904530525,-0.049217626452445984,0.0,-0.0590432845056057,0.054204896092414856,-10.154842376708984,0.0014828871935606003,-0.22912003099918365,-8.637031555175781,0.0,0.0,0.0,0.0,0.0,0.0,0.0,0.0,0.0,0.0,0.0,0.0,-0.04792294651269913,0.025341510772705078,0.011692407540977001,-0.05261092633008957,0.27709338068962097,0.2558946907520294,0.2795782685279846,0.30629193782806396,-0.5817750096321106,1.2870428562164307,0.19095782935619354,0.0,0.0,0.0,0.0,0.0,0.0,0.0
27636588926,0,-0.04043795168399811,0.010356617160141468,-0.7836153507232666,6.569455581484362e-05,-0.04113857448101044,-0.8442511558532715,0.07272084057331085,-0.047972552478313446,-0.029621286317706108,0.07999864220619202,-0.10258270055055618,-0.06044936180114746,0.011851664632558823,-0.016826488077640533,-0.014731831848621368,0.0,0.0,-0.0047828578390181065,0.11363313347101212,-0.06555502116680145,-0.005231659393757582,-0.09394659847021103,0.13395683467388153,0.011818480677902699,0.014533715322613716,-1.2335915565490723,-47.77229690551758,-0.43848711252212524,0.4046719968318939,0.0026968568563461304,-0.1969468593597412,0.22406628727912903,-0.20605333149433136,0.20251673460006714,11.816458702087402,10.738648414611816,11.943589210510254,13.320759773254395,-0.038330078125,0.026064453646540642,0.009199218824505806,-0.06439453363418579,0.0,-0.05461835488677025,0.02115938626229763,0.018163831904530525,-0.049217626452445984,0.0,-0.0590432845056057,0.054204896092414856,-10.154842376708984,-0.009611401706933975,-0.23471319675445557,-8.61852741241455,0.0,0.0,0.0,0.0,0.0,0.0,0.0,0.0,0.0,0.0,0.0,0.0,-0.04975612089037895,0.02434380166232586,0.01352333091199398,-0.05164442956447601,0.27709338068962097,0.2558946907520294,0.2795782685279846,0.30629193782806396,-1.063940405845642,1.4183300733566284,-0.20579880475997925,0.0,0.0,0.0,0.0,0.0,0.0,0.0
27647031529,0,-0.039933424443006516,0.010152516886591911,-0.783801794052124,6.569455581484362e-05,-0.04113857448101044,-0.8442511558532715,0.07733891159296036,-0.04487033188343048,-0.03189380466938019,0.07999864220619202,-0.10258270055055618,-0.06044936180114746,0.012745724059641361,-0.017351141199469566,-0.014926047995686531,0.0,0.0,-0.0047828578390181065,0.11363313347101212,-0.06555502116680145,-0.005231659393757582,-0.10589586198329926,0.1438349485397339,0.01178942620754242,0.008155879564583302,-1.260160207748413,-47.5036735534668,-0.4278194010257721,0.39208513498306274,0.009045496582984924,-0.19685098528862,0.2258840650320053,-0.20794153213500977,0.2022845447063446,11.58710765838623,10.866395950317383,11.72103500366211,13.376333236694336,-0.038330078125,0.024531250819563866,0.010732421651482582,-0.06286133080720901,0.0,-0.05669841915369034,0.021577268838882446,0.019511625170707703,-0.04953950643539429,0.0,0.31387200951576233,0.0812527984380722,-10.207001686096191,-0.009611401706933975,-0.23471319675445557,-8.61852741241455,0.0,0.0,0.0,0.0,0.0,0.0,0.0,0.0,0.0,0.0,0.0,0.0,-0.05165087431669235,0.023284783586859703,0.01534227654337883,-0.05073613300919533,0.27113476395606995,0.26015254855155945,0.27316272258758545,0.30907610058784485,-1.063940405845642,1.4183300733566284,-0.20579880475997925,0.0,0.0,0.0,0.0,0.0,0.0,0.0
27656855976,0,-0.03888578340411186,0.009574486874043941,-0.7842260003089905,6.569455581484362e-05,-0.04113857448101044,-0.8442511558532715,0.07809408754110336,-0.03480661287903786,-0.034339845180511475,0.07790334522724152,-0.1014266312122345,-0.060025155544281006,0.014268233440816402,-0.01867537386715412,-0.01500963605940342,0.0,0.0,-0.0047828578390181065,0.08225914090871811,-0.06261580437421799,-0.012194066308438778,-0.10589586198329926,0.1438349485397339,0.01178942620754242,-0.08336356282234192,-1.3258947134017944,-47.35617446899414,-0.4278194010257721,0.39208513498306274,0.009045496582984924,-0.19685098528862,0.2258840650320053,-0.20794153213500977,0.2022845447063446,11.51907730102539,10.918621063232422,11.501832008361816,13.458370208740234,-0.038330078125,0.024531250819563866,0.012265625409781933,-0.06132812425494194,0.0,-0.061868779361248016,0.020638929679989815,0.02471853978931904,-0.048559099435806274,0.0,0.31387200951576233,0.0812527984380722,-10.207001686096191,-0.015001815743744373,-0.25272655487060547,-8.599441528320312,0.0,0.0,0.0,0.0,0.0,0.0,0.0,0.0,0.0,0.0,0.0,0.0,-0.05365671217441559,0.022386299446225166,0.017184242606163025,-0.05000853165984154,0.27113476395606995,0.26015254855155945,0.27316272258758545,0.30907610058784485,-1.2820591926574707,0.3997708857059479,-0.22821295261383057,0.0,0.0,0.0,0.0,0.0,0.0,0.0
27667071816,0,-0.03888578340411186,0.009574486874043941,-0.7842260003089905,6.569455581484362e-05,-0.04113857448101044,-0.8442511558532715,0.07809408754110336,-0.03480661287903786,-0.034339845180511475,0.07790334522724152,-0.1014266312122345,-0.060025155544281006,0.014268233440816402,-0.01867537386715412,-0.01500963605940342,0.0,0.0,-0.0047828578390181065,0.07491634041070938,-0.056292325258255005,-0.003355790860950947,-0.10589586198329926,0.1438349485397339,0.01178942620754242,-0.08336356282234192,-1.3258947134017944,-47.35617446899414,-0.40821710228919983,0.41948679089546204,0.013315200805664062,-0.19661164283752441,0.22887812554836273,-0.21150240302085876,0.2015763372182846,11.51907730102539,10.918621063232422,11.501832008361816,13.458370208740234,-0.039863280951976776,0.02299804612994194,0.012265625409781933,-0.059794921427965164,0.0,-0.06184614077210426,0.020662762224674225,0.024741169065237045,-0.04853975027799606,0.0,-0.011257309466600418,0.5790765285491943,-10.089972496032715,-0.015001815743744373,-0.25272655487060547,-8.599441528320312,0.0,0.0,0.0,0.0,0.0,0.0,0.0,0.0,0.0,0.0,0.0,0.0,-0.05591899901628494,0.021666361019015312,0.019241265952587128,-0.04942756146192551,0.2712680399417877,0.2594510316848755,0.2709297239780426,0.3089410066604614,-0.9455950856208801,0.49233800172805786,0.2648199200630188,0.0,0.0,0.0,0.0,0.0,0.0,0.0
27677114693,0,-0.038396209478378296,0.00927521102130413,-0.784462034702301,6.569455581484362e-05,-0.04113857448101044,-0.8442511558532715,0.07783403247594833,-0.03165741264820099,-0.03553218021988869,0.07692419737577438,-0.10082808136940002,-0.05978912115097046,0.014942480251193047,-0.018874995410442352,-0.014910927042365074,0.0,0.0,-0.0047828578390181065,0.07491634041070938,-0.056292325258255005,-0.003355790860950947,-0.12365405261516571,0.14961358904838562,0.01187802478671074,-0.08250998705625534,-1.38999605178833,-47.29692840576172,-0.414137065410614,0.4149070978164673,0.00401856005191803,-0.19650129973888397,0.23020076751708984,-0.21324287354946136,0.20133906602859497,11.721368789672852,10.66854190826416,11.734905242919922,13.213366508483887,-0.039863280951976776,0.021464843302965164,0.012265625409781933,-0.059794921427965164,0.0,-0.06267859041690826,0.023311559110879898,0.02616605907678604,-0.05117162689566612,0.0,-0.054773785173892975,0.5975182056427002,-10.157256126403809,-0.016333337873220444,-0.25790148973464966,-8.590432167053223,0.0,0.0,0.0,0.0,0.0,0.0,0.0,0.0,0.0,0.0,0.0,0.0,-0.05816478282213211,0.021248189732432365,0.021332504227757454,-0.04910031333565712,0.2752324342727661,0.2545076012611389,0.275497704744339,0.3042219877243042,-0.9455950856208801,0.49233800172805786,0.2648199200630188,0.0,0.0,0.0,0.0,0.0,0.0,0.0
27686449563,0,-0.03747773915529251,0.008715218864381313,-0.7849767804145813,6.569455581484362e-05,-0.04113857448101044,-0.8442511558532715,0.07654578238725662,-0.026871487498283386,-0.03420699015259743,0.07508724182844162,-0.09970808774232864,-0.059274375438690186,0.016224568709731102,-0.018729815259575844,-0.014737846329808235,0.0,0.0,-0.0047828578390181065,0.07625706493854523,-0.023506417870521545,0.007195138838142157,-0.12365405261516571,0.14961358904838562,0.01187802478671074,-0.09554541856050491,-1.4600454568862915,-47.30172348022461,-0.4379322826862335,0.37596261501312256,-0.009658485651016235,-0.19625495374202728,0.23356379568576813,-0.21699011325836182,0.2012251317501068,11.972436904907227,10.346229553222656,12.171197891235352,12.84907054901123,-0.039863280951976776,0.021464843302965164,0.013798828236758709,-0.05672851577401161,0.0,-0.0637984648346901,0.02601269632577896,0.02766423672437668,-0.05417393147945404,0.0,0.1913016438484192,-0.09303190559148788,-9.969231605529785,-0.017371894791722298,-0.26546281576156616,-8.600313186645508,0.0,0.0,0.0,0.0,0.0,0.0,0.0,0.0,0.0,0.0,0.0,0.0,-0.06011546775698662,0.02142569050192833,0.023256301879882812,-0.04933866858482361,0.2752324342727661,0.2545076012611389,0.275497704744339,0.3042219877243042,-0.16431210935115814,1.3045307397842407,0.33148014545440674,0.0,0.0,0.0,0.0,0.0,0.0,0.0
27697002985,0,-0.03747773915529251,0.008715218864381313,-0.7849767804145813,6.569455581484362e-05,-0.04113857448101044,-0.8442511558532715,0.07654578238725662,-0.026871487498283386,-0.03420699015259743,0.07508724182844162,-0.09970808774232864,-0.059274375438690186,0.016224568709731102,-0.018729815259575844,-0.014737846329808235,0.0,0.0,-0.0047828578390181065,0.05701853707432747,-0.010728396475315094,0.013233788311481476,-0.1355808526277542,0.1527475118637085,0.01110752858221531,-0.09554541856050491,-1.4600454568862915,-47.30172348022461,-0.4379322826862335,0.37596261501312256,-0.009658485651016235,-0.19625495374202728,0.23356379568576813,-0.21699011325836182,0.2012251317501068,11.972436904907227,10.346229553222656,12.171197891235352,12.84907054901123,-0.04139648377895355,0.019931640475988388,0.016865234822034836,-0.055195312947034836,0.0,-0.0637984648346901,0.02601269632577896,0.02766423672437668,-0.05417393147945404,0.0,0.1913016438484192,-0.09303190559148788,-9.969231605529785,-0.017371894791722298,-0.26546281576156616,-8.600313186645508,0.0,0.0,0.0,0.0,0.0,0.0,0.0,0.0,0.0,0.0,0.0,0.0,-0.06170279160141945,0.022234808653593063,0.02494671940803528,-0.05020963028073311,0.2801416218280792,0.24811714887619019,0.28401896357536316,0.29718396067619324,-0.8295004367828369,0.7252663373947144,0.36190253496170044,0.0,0.0,0.0,0.0,0.0,0.0,0.0
27706581166,0,-0.036455221474170685,0.008183803409337997,-0.7855250239372253,6.569455581484362e-05,-0.04113857448101044,-0.8442511558532715,0.081338070333004,-0.02612776681780815,-0.03630058839917183,0.07304219901561737,-0.09864524751901627,-0.05872613191604614,0.017092283815145493,-0.019181489944458008,-0.01420383807271719,0.0,0.0,-0.0047828578390181065,0.05701853707432747,-0.010728396475315094,0.013233788311481476,-0.1355808526277542,0.1527475118637085,0.01110752858221531,-0.17084042727947235,-1.4580285549163818,-47.1981201171875,-0.4202951490879059,0.3760972321033478,-0.010108590126037598,-0.19605332612991333,0.23356379568576813,-0.21699011325836182,0.2012251317501068,11.986949920654297,10.334293365478516,12.127920150756836,12.784873008728027,-0.04292968660593033,0.019931640475988388,0.016865234822034836,-0.052128907293081284,0.0,-0.06586866825819016,0.023418180644512177,0.029918117448687553,-0.052288029342889786,0.0,-0.10745865851640701,-0.2995658218860626,-9.916947364807129,-0.031061895191669464,-0.26509609818458557,-8.581476211547852,0.0,0.0,0.0,0.0,0.0,0.0,0.0,0.0,0.0,0.0,0.0,0.0,-0.06296566873788834,0.023210175335407257,0.02638351544737816,-0.051282502710819244,0.2801416218280792,0.24811714887619019,0.28401896357536316,0.29718396067619324,-0.8295004367828369,0.7252663373947144,0.36190253496170044,0.0,0.0,0.0,0.0,0.0,0.0,0.0
27717665639,0,-0.036455221474170685,0.008183803409337997,-0.7855250239372253,6.569455581484362e-05,-0.04113857448101044,-0.8442511558532715,0.081338070333004,-0.02612776681780815,-0.03630058839917183,0.07304219901561737,-0.09864524751901627,-0.05872613191604614,0.017092283815145493,-0.019181489944458008,-0.01420383807271719,0.0,0.0,-0.0047828578390181065,0.038143340498209,-0.0013126261765137315,0.01305223349481821,-0.1355808526277542,0.1527475118637085,0.01110752858221531,-0.17084042727947235,-1.4580285549163818,-47.1981201171875,-0.4202951490879059,0.3760972321033478,-0.010108590126037598,-0.19605332612991333,0.23695240914821625,-0.220170795917511,0.20126362144947052,11.986949920654297,10.334293365478516,12.127920150756836,12.784873008728027,-0.044462889432907104,0.021464843302965164,0.018398437649011612,-0.05059570446610451,0.0,-0.06586866825819016,0.023418180644512177,0.029918117448687553,-0.052288029342889786,0.0,-0.10745865851640701,-0.2995658218860626,-9.916947364807129,-0.031061895191669464,-0.26509609818458557,-8.581476211547852,0.0,0.0,0.0,0.0,0.0,0.0,0.0,0.0,0.0,0.0,0.0,0.0,-0.06402695178985596,0.023847943171858788,0.027638403698801994,-0.05208270251750946,0.280425101518631,0.24788013100624084,0.2831754684448242,0.2959410846233368,-1.396634817123413,0.9035437107086182,0.24229583144187927,0.0,0.0,0.0,0.0,0.0,0.0,0.0
27726718612,0,-0.035434409976005554,0.007701047696173191,-0.7861392498016357,6.569455581484362e-05,-0.04113857448101044,-0.8442511558532715,0.08601107448339462,-0.022832928225398064,-0.045272622257471085,0.07100056856870651,-0.0976797342300415,-0.05811190605163574,0.01730245351791382,-0.018859397619962692,-0.013616492971777916,0.0,0.0,-0.0047828578390181065,0.038143340498209,-0.0013126261765137315,0.01305223349481821,-0.1313636600971222,0.1429569125175476,0.011327385902404785,-0.19726377725601196,-1.4642555713653564,-47.01936721801758,-0.39510607719421387,0.3627049922943115,-0.012514352798461914,-0.19595517218112946,0.2386106252670288,-0.22187292575836182,0.2013334482908249,12.022356986999512,10.286598205566406,12.123736381530762,12.620035171508789,-0.04599609225988388,0.02299804612994194,0.019931640475988388,-0.04752929508686066,0.0,-0.06662778556346893,0.022842824459075928,0.03088987059891224,-0.05239655822515488,0.0,0.06876460462808609,0.24216200411319733,-10.320713996887207,-0.04415541887283325,-0.269734650850296,-8.511592864990234,0.0,0.0,0.0,0.0,0.0,0.0,0.0,0.0,0.0,0.0,0.0,0.0,-0.06492377072572708,0.024055760353803635,0.028721071779727936,-0.052519138902425766,0.28111618757247925,0.24693244695663452,0.28309395909309387,0.2927459478378296,-1.396634817123413,0.9035437107086182,0.24229583144187927,0.0,0.0,0.0,0.0,0.0,0.0,0.0
27736421716,0,-0.03454720601439476,0.007127520628273487,-0.7868292927742004,6.569455581484362e-05,-0.04113857448101044,-0.8442511558532715,0.08780040591955185,-0.022206153720617294,-0.04681149497628212,0.06922615319490433,-0.0965326726436615,-0.057421863079071045,0.016597377136349678,-0.01754928193986416,-0.013603804633021355,0.0,0.0,-0.0047828578390181065,-0.006518784910440445,0.0377996526658535,0.012959016487002373,-0.1313636600971222,0.1429569125175476,0.011327385902404785,-0.26311203837394714,-1.4665744304656982,-46.74171447753906,-0.3474605083465576,0.30979788303375244,-0.008892357349395752,-0.19579258561134338,0.2386106252670288,-0.22187292575836182,0.2013334482908249,11.856756210327148,10.460247993469238,11.970653533935547,12.487137794494629,-0.04752929508686066,0.021464843302965164,0.021464843302965164,-0.04599609225988388,0.0,-0.06958227604627609,0.02033267915248871,0.03331415727734566,-0.05113939195871353,0.0,0.06876460462808609,0.24216200411319733,-10.320713996887207,-0.05121647194027901,-0.2688330411911011,-8.503591537475586,0.0,0.0,0.0,0.0,0.0,0.0,0.0,0.0,0.0,0.0,0.0,0.0,-0.06578055024147034,0.023844894021749496,0.029720749706029892,-0.052648160606622696,0.28111618757247925,0.24693244695663452,0.28309395909309387,0.2927459478378296,-1.8722490072250366,1.6686335802078247,0.13438038527965546,0.0,0.0,0.0,0.0,0.0,0.0,0.0
27746685593,0,-0.03415566310286522,0.006864016875624657,-0.7871904969215393,6.569455581484362e-05,-0.04113857448101044,-0.8442511558532715,0.0903196632862091,-0.025227243080735207,-0.046569015830755234,0.06844305992126465,-0.09600567072629929,-0.05706065893173218,0.016012342646718025,-0.01684671640396118,-0.013523109257221222,0.0,0.0,-0.0047828578390181065,-0.006518784910440445,0.0377996526658535,0.012959016487002373,-0.13093756139278412,0.13885393738746643,0.010900180786848068,-0.2816905975341797,-1.4785816669464111,-46.769752502441406,-0.33000296354293823,0.2907523512840271,-0.010362640023231506,-0.195714071393013,0.24199716746807098,-0.22563374042510986,0.20150727033615112,11.901824951171875,10.484766006469727,12.014983177185059,12.400259017944336,-0.04906250163912773,0.021464843302965164,0.021464843302965164,-0.04599609225988388,0.0,-0.07022196799516678,0.020071616396307945,0.03409884124994278,-0.05130349472165108,0.0,0.09066776186227798,-0.09974689036607742,-10.00973892211914,-0.05792813375592232,-0.2618730664253235,-8.50657844543457,0.0,0.0,0.0,0.0,0.0,0.0,0.0,0.0,0.0,0.0,0.0,0.0,-0.06679666042327881,0.023196842521429062,0.030799847096204758,-0.05249876528978348,0.27788132429122925,0.25038015842437744,0.2801067531108856,0.2901661694049835,-1.8722490072250366,1.6686335802078247,0.13438038527965546,0.0,0.0,0.0,0.0,0.0,0.0,0.0
27756935196,0,-0.03381483629345894,0.006609511096030474,-0.7875627875328064,6.569455581484362e-05,-0.04113857448101044,-0.8442511558532715,0.08906660974025726,-0.02609599381685257,-0.04874815791845322,0.06776140630245209,-0.09549664705991745,-0.05668836832046509,0.015558089129626751,-0.016232851892709732,-0.013437449932098389,0.0,0.0,-0.0047828578390181065,-0.034054215997457504,0.06255483627319336,0.014294750057160854,-0.1294616311788559,0.13477864861488342,0.010674556717276573,-0.2816905975341797,-1.4785816669464111,-46.769752502441406,-0.33000296354293823,0.2907523512840271,-0.010362640023231506,-0.195714071393013,0.24199716746807098,-0.22563374042510986,0.20150727033615112,11.901824951171875,10.484766006469727,12.014983177185059,12.400259017944336,-0.04906250163912773,0.02299804612994194,0.021464843302965164,-0.04752929508686066,0.0,-0.07022196799516678,0.020071616396307945,0.03409884124994278,-0.05130349472165108,0.0,0.09066776186227798,-0.09974689036607742,-10.00973892211914,-0.05675802379846573,-0.259075403213501,-8.490254402160645,0.0,0.0,0.0,0.0,0.0,0.0,0.0,0.0,0.0,0.0,0.0,0.0,-0.0678989440202713,0.022313475608825684,0.03190311789512634,-0.052197154611349106,0.2787623405456543,0.2508666515350342,0.2809722423553467,0.2884778678417206,-1.4949601888656616,1.3401583433151245,0.06907559931278229,0.0,0.0,0.0,0.0,0.0,0.0,0.0
27768001041,0,-0.033468011766672134,0.006383088883012533,-0.7879476547241211,6.569455581484362e-05,-0.04113857448101044,-0.8442511558532715,0.0903300866484642,-0.024051997810602188,-0.04993510991334915,0.06706774979829788,-0.09504380077123642,-0.05630350112915039,0.015205738134682178,-0.015532215125858784,-0.013355358503758907,0.0,0.0,-0.0047828578390181065,-0.0420694462954998,0.07193240523338318,0.008272099308669567,-0.1294616311788559,0.13477864861488342,0.010674556717276573,-0.3333054780960083,-1.4427433013916016,-46.64609146118164,-0.3123139441013336,0.26614516973495483,-0.0012388378381729126,-0.19558925926685333,0.24199716746807098,-0.22563374042510986,0.20150727033615112,11.633336067199707,10.746784210205078,11.766290664672852,12.531310081481934,-0.05059570446610451,0.02299804612994194,0.02299804612994194,-0.04906250163912773,0.0,-0.07231444120407104,0.016717256978154182,0.03530570864677429,-0.04828526824712753,0.0,0.09066776186227798,-0.09974689036607742,-10.00973892211914,-0.060600996017456055,-0.2623169720172882,-8.481107711791992,0.0,0.0,0.0,0.0,0.0,0.0,0.0,0.0,0.0,0.0,0.0,0.0,-0.06896625459194183,0.02131059765815735,0.03290656581521034,-0.051744669675827026,0.2787623405456543,0.2508666515350342,0.2809722423553467,0.2884778678417206,-1.159841775894165,1.1334384679794312,-0.2879529595375061,0.0,0.0,0.0,0.0,0.0,0.0,0.0
27776410472,0,-0.033468011766672134,0.006383088883012533,-0.7879476547241211,6.569455581484362e-05,-0.04113857448101044,-0.8442511558532715,0.0903300866484642,-0.024051997810602188,-0.04993510991334915,0.06706774979829788,-0.09504380077123642,-0.05630350112915039,0.015205738134682178,-0.015532215125858784,-0.013355358503758907,0.0,0.0,-0.0047828578390181065,-0.07191567122936249,0.08069068193435669,0.002958711702376604,-0.11288120597600937,0.1131322830915451,0.009881074540317059,-0.3333054780960083,-1.4427433013916016,-46.64609146118164,-0.3123139441013336,0.26614516973495483,-0.0012388378381729126,-0.19558925926685333,0.24347984790802002,-0.2272903323173523,0.20166733860969543,11.633336067199707,10.746784210205078,11.766290664672852,12.531310081481934,-0.05059570446610451,0.02299804612994194,0.024531250819563866,-0.04906250163912773,0.0,-0.07231444120407104,0.016717256978154182,0.03530570864677429,-0.04828526824712753,0.0,0.0043840184807777405,-0.07065944373607635,-10.072653770446777,-0.060600996017456055,-0.2623169720172882,-8.481107711791992,0.0,0.0,0.0,0.0,0.0,0.0,0.0,0.0,0.0,0.0,0.0,0.0,-0.07001246511936188,0.020124515518546104,0.03378710523247719,-0.05102301016449928,0.27350836992263794,0.2560557425022125,0.2761119306087494,0.2910241186618805,-1.535912036895752,0.6051374077796936,-0.36120662093162537,0.0,0.0,0.0,0.0,0.0,0.0,0.0
27787282510,0,-0.03286653012037277,0.00589795084670186,-0.7887197732925415,6.569455581484362e-05,-0.04113857448101044,-0.8442511558532715,0.09284938126802444,-0.023423876613378525,-0.05375717952847481,0.06586477905511856,-0.09407351911067963,-0.05553138256072998,0.0142234917730093,-0.01420681644231081,-0.013118548318743706,0.0,0.0,-0.0047828578390181065,-0.07191567122936249,0.08069068193435669,0.002958711702376604,-0.11288120597600937,0.1131322830915451,0.009881074540317059,-0.37392643094062805,-1.439378261566162,-46.4892463684082,-0.2629742920398712,0.2516142427921295,0.0034086108207702637,-0.1954801231622696,0.24347984790802002,-0.2272903323173523,0.20166733860969543,11.534659385681152,10.919997215270996,11.556076049804688,12.510807037353516,-0.05059570446610451,0.02299804612994194,0.026064453646540642,-0.05059570446610451,0.0,-0.07406888902187347,0.015038643963634968,0.037099119275808334,-0.04711049422621727,0.0,0.0043840184807777405,-0.07065944373607635,-10.072653770446777,-0.0679866224527359,-0.2617051303386688,-8.452589988708496,0.0,0.0,0.0,0.0,0.0,0.0,0.0,0.0,0.0,0.0,0.0,0.0,-0.07103271037340164,0.018835017457604408,0.03458312153816223,-0.05010870471596718,0.27350836992263794,0.2560557425022125,0.2761119306087494,0.2910241186618805,-1.535912036895752,0.6051374077796936,-0.36120662093162537,0.0,0.0,0.0,0.0,0.0,0.0,0.0
27798845002,0,-0.03286653012037277,0.00589795084670186,-0.7887197732925415,6.569455581484362e-05,-0.04113857448101044,-0.8442511558532715,0.09284938126802444,-0.023423876613378525,-0.05375717952847481,0.06586477905511856,-0.09407351911067963,-0.05553138256072998,0.0142234917730093,-0.01420681644231081,-0.013118548318743706,0.0,0.0,-0.0047828578390181065,-0.08839903026819229,0.08357461541891098,0.004254904109984636,-0.1059442088007927,0.10626677423715591,0.009858796373009682,-0.37392643094062805,-1.439378261566162,-46.4892463684082,-0.2629742920398712,0.2516142427921295,0.0034086108207702637,-0.1954801231622696,0.24451854825019836,-0.22858750820159912,0.20159779489040375,11.534659385681152,10.919997215270996,11.556076049804688,12.510807037353516,-0.05059570446610451,0.021464843302965164,0.027597656473517418,-0.052128907293081284,0.0,-0.07406888902187347,0.015038643963634968,0.037099119275808334,-0.04711049422621727,0.0,0.08985451608896255,0.08978252112865448,-9.62673282623291,-0.0679866224527359,-0.2617051303386688,-8.452589988708496,0.0,0.0,0.0,0.0,0.0,0.0,0.0,0.0,0.0,0.0,0.0,0.0,-0.07201379537582397,0.017577728256583214,0.035356149077415466,-0.04915998503565788,0.2715737223625183,0.2594783306121826,0.2719937860965729,0.29062578082084656,-1.6017639636993408,0.45128893852233887,-0.20635508000850677,0.0,0.0,0.0,0.0,0.0,0.0,0.0
27807773498,0,-0.032545071095228195,0.005657187197357416,-0.7891141772270203,6.569455581484362e-05,-0.04113857448101044,-0.8442511558532715,0.09025885164737701,-0.021883105859160423,-0.053073275834321976,0.0652218610048294,-0.09359199553728104,-0.05513697862625122,0.013349235989153385,-0.013344759121537209,-0.013087967410683632,0.0,0.0,-0.0047828578390181065,-0.08839903026819229,0.08357461541891098,0.004254904109984636,-0.08418455719947815,0.09349680691957474,0.009668705984950066,-0.3525262176990509,-1.4511407613754272,-46.523284912109375,-0.23883050680160522,0.24511894583702087,0.0006626993417739868,-0.19542381167411804,0.24475379288196564,-0.22921575605869293,0.2015412449836731,11.638582229614258,10.907864570617676,11.606608390808105,12.403810501098633,-0.05366211012005806,0.019931640475988388,0.027597656473517418,-0.052128907293081284,0.0,-0.07310748100280762,0.016136005520820618,0.03664900362491608,-0.04845860227942467,0.0,0.06392873823642731,0.0907408744096756,-9.808554649353027,-0.06409567594528198,-0.2638437747955322,-8.458779335021973,0.0,0.0,0.0,0.0,0.0,0.0,0.0,0.0,0.0,0.0,0.0,0.0,-0.0728311687707901,0.01654147170484066,0.03603719547390938,-0.048377398401498795,0.27361100912094116,0.2592386305332184,0.2729845643043518,0.28854674100875854,-1.6017639636993408,0.45128893852233887,-0.20635508000850677,0.0,0.0,0.0,0.0,0.0,0.0,0.0
27816985685,0,-0.03125181794166565,0.004874539561569691,-0.7903109192848206,6.569455581484362e-05,-0.04113857448101044,-0.8442511558532715,0.08957783132791519,-0.020262693986296654,-0.040352143347263336,0.06263533979654312,-0.09202668815851212,-0.05394023656845093,0.009772190824151039,-0.011209213174879551,-0.013152024708688259,0.0,0.0,-0.0047828578390181065,-0.1142900288105011,0.07898388057947159,0.012715007178485394,-0.08418455719947815,0.09349680691957474,0.009668705984950066,-0.3773805499076843,-1.4495773315429688,-46.95896911621094,-0.23883050680160522,0.24511894583702087,0.0006626993417739868,-0.19542381167411804,0.24475379288196564,-0.22921575605869293,0.2015412449836731,12.073470115661621,10.810905456542969,11.916670799255371,12.194499969482422,-0.055195312947034836,0.018398437649011612,0.027597656473517418,-0.05059570446610451,0.0,-0.07115344703197479,0.015416672453284264,0.03638647869229317,-0.04852418228983879,0.0,0.06392873823642731,0.0907408744096756,-9.808554649353027,-0.06821585446596146,-0.2644203007221222,-8.550798416137695,0.0,0.0,0.0,0.0,0.0,0.0,0.0,0.0,0.0,0.0,0.0,0.0,-0.07323835045099258,0.015873199328780174,0.0364936888217926,-0.047948334366083145,0.27361100912094116,0.2592386305332184,0.2729845643043518,0.28854674100875854,-1.4194061756134033,-0.1054784506559372,0.12574274837970734,0.0,0.0,0.0,0.0,0.0,0.0,0.0
27827039285,0,-0.03125181794166565,0.004874539561569691,-0.7903109192848206,6.569455581484362e-05,-0.04113857448101044,-0.8442511558532715,0.08957783132791519,-0.020262693986296654,-0.040352143347263336,0.06263533979654312,-0.09202668815851212,-0.05394023656845093,0.009772190824151039,-0.011209213174879551,-0.013152024708688259,0.0,0.0,-0.0047828578390181065,-0.1268630027770996,0.07825573533773422,0.014316852204501629,-0.07653924822807312,0.08731468766927719,0.009516479447484016,-0.3773805499076843,-1.4495773315429688,-46.95896911621094,-0.20026971399784088,0.24589857459068298,-0.009832322597503662,-0.19533108174800873,0.244524285197258,-0.2304213047027588,0.20163363218307495,12.073470115661621,10.810905456542969,11.916670799255371,12.194499969482422,-0.055195312947034836,0.016865234822034836,0.027597656473517418,-0.05059570446610451,0.0,-0.07114508748054504,0.015426001511514187,0.03639495000243187,-0.04851590842008591,0.0,-0.2643716335296631,0.007257353514432907,-9.348522186279297,-0.06821585446596146,-0.2644203007221222,-8.550798416137695,0.0,0.0,0.0,0.0,0.0,0.0,0.0,0.0,0.0,0.0,0.0,0.0,-0.07314363867044449,0.015493907034397125,0.036710917949676514,-0.0478401705622673,0.2827411890029907,0.2571262717247009,0.27956029772758484,0.28356045484542847,-0.8906441926956177,0.011116769164800644,0.045101795345544815,0.0,0.0,0.0,0.0,0.0,0.0,0.0
27836681697,0,-0.030331125482916832,0.004457877948880196,-0.7911067605018616,6.569455581484362e-05,-0.04113857448101044,-0.8442511558532715,0.09428964555263519,-0.019929321482777596,-0.0415881872177124,0.06079394370317459,-0.09119335561990738,-0.05314439535140991,0.007669060956686735,-0.00989008042961359,-0.012877349741756916,0.0,0.0,-0.0047828578390181065,-0.1268630027770996,0.07825573533773422,0.014316852204501629,-0.05512835085391998,0.07292371988296509,0.009371139109134674,-0.4100513160228729,-1.4424587488174438,-47.0433235168457,-0.16882213950157166,0.23198102414608002,-0.010507926344871521,-0.19526307284832,0.2437516301870346,-0.23162329196929932,0.2018330991268158,12.14206314086914,10.882611274719238,11.92702579498291,12.132302284240723,-0.05366211012005806,0.013798828236758709,0.029130859300494194,-0.04906250163912773,0.0,-0.07148229330778122,0.014038334600627422,0.03712748363614082,-0.04759786278009415,0.0,0.013530378229916096,-0.18340390920639038,-9.609807968139648,-0.081353560090065,-0.2636186182498932,-8.53220272064209,0.0,0.0,0.0,0.0,0.0,0.0,0.0,0.0,0.0,0.0,0.0,0.0,-0.0727442130446434,0.015230389311909676,0.03679284825921059,-0.047869689762592316,0.2834511697292328,0.2587401568889618,0.27925461530685425,0.2832607924938202,-0.8906441926956177,0.011116769164800644,0.045101795345544815,0.0,0.0,0.0,0.0,0.0,0.0,0.0
27846386612,0,-0.029891466721892357,0.00423512514680624,-0.7915100455284119,6.569455581484362e-05,-0.04113857448101044,-0.8442511558532715,0.09637720882892609,-0.015695052221417427,-0.04437379539012909,0.05991462245583534,-0.09074785560369492,-0.05274111032485962,0.006628312170505524,-0.009127414785325527,-0.012620532885193825,0.0,0.0,-0.0047828578390181065,-0.1311943680047989,0.08108401298522949,0.016385003924369812,-0.05512835085391998,0.07292371988296509,0.009371139109134674,-0.4474445879459381,-1.4499024152755737,-46.92711639404297,-0.15727117657661438,0.22212545573711395,-0.013281330466270447,-0.1952434778213501,0.2437516301870346,-0.23162329196929932,0.2018330991268158,12.185254096984863,10.816871643066406,11.964478492736816,12.001076698303223,-0.05366211012005806,0.012265625409781933,0.03066406212747097,-0.04906250163912773,0.0,-0.07253104448318481,0.013146623969078064,0.03833887726068497,-0.047233615070581436,0.0,0.013530378229916096,-0.18340390920639038,-9.609807968139648,-0.08718465268611908,-0.27125731110572815,-8.50748348236084,0.0,0.0,0.0,0.0,0.0,0.0,0.0,0.0,0.0,0.0,0.0,0.0,-0.0723477378487587,0.014903699979186058,0.036916978657245636,-0.04785959795117378,0.2834511697292328,0.2587401568889618,0.27925461530685425,0.2832607924938202,-0.7349146604537964,0.15569902956485748,0.13315649330615997,0.0,0.0,0.0,0.0,0.0,0.0,0.0
27856984559,0,-0.029891466721892357,0.00423512514680624,-0.7915100455284119,6.569455581484362e-05,-0.04113857448101044,-0.8442511558532715,0.09637720882892609,-0.015695052221417427,-0.04437379539012909,0.05991462245583534,-0.09074785560369492,-0.05274111032485962,0.006628312170505524,-0.009127414785325527,-0.012620532885193825,0.0,0.0,-0.0047828578390181065,-0.1311943680047989,0.08108401298522949,0.016385003924369812,-0.030753949657082558,0.059697531163692474,0.008838755078613758,-0.4474445879459381,-1.4499024152755737,-46.92711639404297,-0.15727117657661438,0.22212545573711395,-0.013281330466270447,-0.1952434778213501,0.24323464930057526,-0.232121080160141,0.20193105936050415,12.185254096984863,10.816871643066406,11.964478492736816,12.001076698303223,-0.05366211012005806,0.010732421651482582,0.032197266817092896,-0.05059570446610451,0.0,-0.07253104448318481,0.013146623969078064,0.03833887726068497,-0.047233615070581436,0.0,0.06581638008356094,0.13758648931980133,-9.77623462677002,-0.08718465268611908,-0.27125731110572815,-8.50748348236084,0.0,0.0,0.0,0.0,0.0,0.0,0.0,0.0,0.0,0.0,0.0,0.0,-0.07213819772005081,0.014459935948252678,0.037184521555900574,-0.04775592312216759,0.2847604751586914,0.2572169005870819,0.2803508937358856,0.28008410334587097,-0.7349146604537964,0.15569902956485748,0.13315649330615997,0.0,0.0,0.0,0.0,0.0,0.0,0.0
27868474706,0,-0.029085658490657806,0.003705365816131234,-0.792326807975769,6.569455581484362e-05,-0.04113857448101044,-0.8442511558532715,0.09807755798101425,-0.013573101721704006,-0.04678430035710335,0.058302994817495346,-0.08968833088874817,-0.05192434787750244,0.003879557829350233,-0.007503409404307604,-0.012163110077381134,0.0,0.0,-0.0047828578390181065,-0.14737723767757416,0.0852721780538559,0.027873530983924866,-0.030753949657082558,0.059697531163692474,0.008838755078613758,-0.5161558389663696,-1.504258632659912,-46.67505645751953,-0.10957323014736176,0.20087580382823944,-0.026857048273086548,-0.19522573053836823,0.24323464930057526,-0.232121080160141,0.20193105936050415,12.506365776062012,10.515551567077637,12.197196960449219,11.493935585021973,-0.055195312947034836,0.010732421651482582,0.032197266817092896,-0.052128907293081284,0.0,-0.07415230572223663,0.01304250955581665,0.04117867723107338,-0.04887557402253151,0.0,0.06581638008356094,0.13758648931980133,-9.77623462677002,-0.09384651482105255,-0.27350157499313354,-8.486373901367188,0.0,0.0,0.0,0.0,0.0,0.0,0.0,0.0,0.0,0.0,0.0,0.0,-0.07218242436647415,0.013994541950523853,0.03766011446714401,-0.04768429696559906,0.2847604751586914,0.2572169005870819,0.2803508937358856,0.28008410334587097,-0.7972403764724731,0.15385702252388,0.49720925092697144,0.0,0.0,0.0,0.0,0.0,0.0,0.0
27877075573,0,-0.029085658490657806,0.003705365816131234,-0.792326807975769,6.569455581484362e-05,-0.04113857448101044,-0.8442511558532715,0.09807755798101425,-0.013573101721704006,-0.04678430035710335,0.058302994817495346,-0.08968833088874817,-0.05192434787750244,0.003879557829350233,-0.007503409404307604,-0.012163110077381134,0.0,0.0,-0.0047828578390181065,-0.15231290459632874,0.08533204346895218,0.03183754161000252,-0.017335500568151474,0.052199311554431915,0.00856015458703041,-0.5161558389663696,-1.504258632659912,-46.67505645751953,-0.10957323014736176,0.20087580382823944,-0.026857048273086548,-0.19522573053836823,0.24155129492282867,-0.23303373157978058,0.20238910615444183,12.506365776062012,10.515551567077637,12.197196960449219,11.493935585021973,-0.05672851577401161,0.010732421651482582,0.03373046964406967,-0.052128907293081284,0.0,-0.07415230572223663,0.01304250955581665,0.04117867723107338,-0.04887557402253151,0.0,-0.18795917928218842,-0.2570170760154724,-9.756263732910156,-0.09384651482105255,-0.27350157499313354,-8.486373901367188,0.0,0.0,0.0,0.0,0.0,0.0,0.0,0.0,0.0,0.0,0.0,0.0,-0.07249288260936737,0.01359478197991848,0.03841228038072586,-0.04779314622282982,0.29053959250450134,0.25147688388824463,0.28452566266059875,0.2707746624946594,-0.6768072843551636,0.0975036770105362,0.5153718590736389,0.0,0.0,0.0,0.0,0.0,0.0,0.0
27886691420,0,-0.02874057926237583,0.0033773223403841257,-0.792733907699585,6.569455581484362e-05,-0.04113857448101044,-0.8442511558532715,0.09693771600723267,-0.013551518321037292,-0.046560559421777725,0.0576128326356411,-0.08903224021196365,-0.05151724815368652,0.002189964521676302,-0.006562833674252033,-0.011923553422093391,0.0,0.0,-0.0047828578390181065,-0.15231290459632874,0.08533204346895218,0.03183754161000252,-0.003917619585990906,0.04485165700316429,0.008238229900598526,-0.5116214752197266,-1.4974048137664795,-46.68228530883789,-0.09556758403778076,0.1960492730140686,-0.030588418245315552,-0.19523537158966064,0.24059312045574188,-0.23335862159729004,0.2027077078819275,12.616042137145996,10.452702522277832,12.277894973754883,11.37368106842041,-0.05826171860098839,0.013798828236758709,0.03373046964406967,-0.05059570446610451,0.0,-0.07318732887506485,0.013041457161307335,0.04057881608605385,-0.04932147637009621,0.0,-0.1967398226261139,-0.14466166496276855,-9.696676254272461,-0.09302208572626114,-0.27225542068481445,-8.487688064575195,0.0,0.0,0.0,0.0,0.0,0.0,0.0,0.0,0.0,0.0,0.0,0.0,-0.07290725409984589,0.0132962167263031,0.03926500678062439,-0.048066988587379456,0.2926686406135559,0.25023043155670166,0.28609713912010193,0.2684134840965271,-0.6768072843551636,0.0975036770105362,0.5153718590736389,0.0,0.0,0.0,0.0,0.0,0.0,0.0
27896609507,0,-0.027716539800167084,0.00240425206720829,-0.7938764095306396,6.569455581484362e-05,-0.04113857448101044,-0.8442511558532715,0.09584221243858337,-0.018743615597486496,-0.04705357924103737,0.055564746260643005,-0.08708608895540237,-0.050374746322631836,-0.002311640651896596,-0.003923045936971903,-0.010931465774774551,0.0,0.0,-0.0047828578390181065,-0.16533899307250977,0.08957594633102417,0.029736150056123734,0.0099570881575346,0.03537454456090927,0.007855355739593506,-0.5216525793075562,-1.4271215200424194,-46.673606872558594,-0.09556758403778076,0.1960492730140686,-0.030588418245315552,-0.19523537158966064,0.24059312045574188,-0.23335862159729004,0.2027077078819275,12.527677536010742,10.65562629699707,12.125750541687012,11.406042098999023,-0.05672851577401161,0.015332031063735485,0.03526367247104645,-0.04906250163912773,0.0,-0.07199954241514206,0.010128090158104897,0.039330027997493744,-0.046689074486494064,0.0,-0.1967398226261139,-0.14466166496276855,-9.696676254272461,-0.09530197829008102,-0.25807732343673706,-8.48117446899414,0.0,0.0,0.0,0.0,0.0,0.0,0.0,0.0,0.0,0.0,0.0,0.0,-0.07315244525671005,0.012968017719686031,0.0398968830704689,-0.048291146755218506,0.2926686406135559,0.25023043155670166,0.28609713912010193,0.2684134840965271,-0.5379267930984497,0.19006599485874176,0.12253585457801819,0.0,0.0,0.0,0.0,0.0,0.0,0.0
27906754584,0,-0.027716539800167084,0.00240425206720829,-0.7938764095306396,6.569455581484362e-05,-0.04113857448101044,-0.8442511558532715,0.09584221243858337,-0.018743615597486496,-0.04705357924103737,0.055564746260643005,-0.08708608895540237,-0.050374746322631836,-0.002311640651896596,-0.003923045936971903,-0.010931465774774551,0.0,0.0,-0.0047828578390181065,-0.1549404263496399,0.09265747666358948,0.03574363514780998,0.0099570881575346,0.03537454456090927,0.007855355739593506,-0.5216525793075562,-1.4271215200424194,-46.673606872558594,-0.05709636211395264,0.17779585719108582,-0.025825172662734985,-0.19530503451824188,0.23777171969413757,-0.23389792442321777,0.20349425077438354,12.527677536010742,10.65562629699707,12.125750541687012,11.406042098999023,-0.05672851577401161,0.013798828236758709,0.03526367247104645,-0.04752929508686066,0.0,-0.07200560718774796,0.010120982304215431,0.03932378441095352,-0.04669572040438652,0.0,-0.1319180279970169,0.0946304127573967,-9.224418640136719,-0.09530197829008102,-0.25807732343673706,-8.48117446899414,0.0,0.0,0.0,0.0,0.0,0.0,0.0,0.0,0.0,0.0,0.0,0.0,-0.07311536371707916,0.012416631914675236,0.040160369127988815,-0.04822750389575958,0.29095345735549927,0.2542519271373749,0.28313302993774414,0.2690490186214447,0.3542494475841522,0.19219952821731567,0.38314563035964966,0.0,0.0,0.0,0.0,0.0,0.0,0.0
27916413774,0,-0.027036447077989578,0.0018004620214924216,-0.7945377230644226,6.569455581484362e-05,-0.04113857448101044,-0.8442511558532715,0.0898786336183548,-0.019326502457261086,-0.044513192027807236,0.0542045533657074,-0.08587850630283356,-0.04971343278884888,-0.004402322694659233,-0.002163450699299574,-0.010105918161571026,0.0,0.0,-0.0047828578390181065,-0.1549404263496399,0.09265747666358948,0.03574363514780998,0.042991384863853455,0.013994270004332066,0.006679779849946499,-0.5149824023246765,-1.3949230909347534,-46.63956069946289,-0.04830127954483032,0.15666161477565765,-0.03465855121612549,-0.19542080163955688,0.23471592366695404,-0.23407889902591705,0.20423519611358643,12.723967552185059,10.47073745727539,12.356201171875,11.13179874420166,-0.05672851577401161,0.013798828236758709,0.036796875298023224,-0.04752929508686066,0.0,-0.06982013583183289,0.009425655007362366,0.03746684640645981,-0.04704658314585686,0.0,-0.31299343705177307,0.07467641681432724,-9.991791725158691,-0.086308553814888,-0.2544267773628235,-8.499114990234375,0.0,0.0,0.0,0.0,0.0,0.0,0.0,0.0,0.0,0.0,0.0,0.0,-0.07279124855995178,0.011690094135701656,0.0400502048432827,-0.04792942479252815,0.2947612404823303,0.2505882978439331,0.28762105107307434,0.263654887676239,0.3542494475841522,0.19219952821731567,0.38314563035964966,0.0,0.0,0.0,0.0,0.0,0.0,0.0
27926720375,0,-0.027036447077989578,0.0018004620214924216,-0.7945377230644226,6.569455581484362e-05,-0.04113857448101044,-0.8442511558532715,0.0898786336183548,-0.019326502457261086,-0.044513192027807236,0.0542045533657074,-0.08587850630283356,-0.04971343278884888,-0.004402322694659233,-0.002163450699299574,-0.010105918161571026,0.0,0.0,-0.0047828578390181065,-0.1455865353345871,0.09757178276777267,0.0372394435107708,0.042991384863853455,0.013994270004332066,0.006679779849946499,-0.5149824023246765,-1.3949230909347534,-46.63956069946289,-0.04830127954483032,0.15666161477565765,-0.03465855121612549,-0.19542080163955688,0.23471592366695404,-0.23407889902591705,0.20423519611358643,12.723967552185059,10.47073745727539,12.356201171875,11.13179874420166,-0.05826171860098839,0.012265625409781933,0.038330078125,-0.05059570446610451,0.0,-0.06982013583183289,0.009425655007362366,0.03746684640645981,-0.04704658314585686,0.0,-0.31299343705177307,0.07467641681432724,-9.991791725158691,-0.086308553814888,-0.2544267773628235,-8.499114990234375,0.0,0.0,0.0,0.0,0.0,0.0,0.0,0.0,0.0,0.0,0.0,0.0,-0.07218441367149353,0.010947000235319138,0.03960498794913292,-0.047603730112314224,0.2947612404823303,0.2505882978439331,0.28762105107307434,0.263654887676239,0.6898029446601868,0.3641831874847412,0.3151088058948517,0.0,0.0,0.0,0.0,0.0,0.0,0.0
27937542587,0,-0.026679886505007744,0.00151019636541605,-0.7948477268218994,6.569455581484362e-05,-0.04113857448101044,-0.8442511558532715,0.08790896832942963,-0.018010573461651802,-0.036456119269132614,0.05349142849445343,-0.08529796451330185,-0.04940342903137207,-0.005532134789973497,-0.0010701180435717106,-0.009996444918215275,0.0,0.0,-0.0047828578390181065,-0.1455865353345871,0.09757178276777267,0.0372394435107708,0.06349893659353256,-0.005888646934181452,0.006185848731547594,-0.4746970534324646,-1.3993473052978516,-46.74513244628906,-0.05319824814796448,0.14111319184303284,-0.03727582097053528,-0.19550737738609314,0.23309174180030823,-0.23400691151618958,0.20475362241268158,12.784850120544434,10.448410987854004,12.479857444763184,11.07492446899414,-0.05826171860098839,0.010732421651482582,0.038330078125,-0.05366211012005806,0.0,-0.06850042194128036,0.010949751362204552,0.03607126697897911,-0.048725809901952744,0.0,-0.2554219961166382,0.12803751230239868,-9.560696601867676,-0.08383122831583023,-0.2558269798755646,-8.559643745422363,0.0,0.0,0.0,0.0,0.0,0.0,0.0,0.0,0.0,0.0,0.0,0.0,-0.07138879597187042,0.010371117852628231,0.038927096873521805,-0.04741821065545082,0.2959406077861786,0.2501453459262848,0.29002487659454346,0.26253417134284973,0.6898029446601868,0.3641831874847412,0.3151088058948517,0.0,0.0,0.0,0.0,0.0,0.0,0.0
27947487428,0,-0.025920219719409943,0.0008684617350809276,-0.7954244017601013,6.569455581484362e-05,-0.04113857448101044,-0.8442511558532715,0.08511146903038025,-0.02073744311928749,-0.021818013861775398,0.05197208747267723,-0.08401449024677277,-0.048826754093170166,-0.00798806082457304,0.0007324683829210699,-0.009940697811543941,0.0,0.0,-0.0047828578390181065,-0.13019874691963196,0.10169167071580887,0.03048652783036232,0.06349893659353256,-0.005888646934181452,0.006185848731547594,-0.4474502205848694,-1.3618160486221313,-47.6367073059082,-0.05319824814796448,0.14111319184303284,-0.03727582097053528,-0.19550737738609314,0.23309174180030823,-0.23400691151618958,0.20475362241268158,12.782465934753418,10.931395530700684,12.51154613494873,11.454466819763184,-0.05826171860098839,0.009199218824505806,0.039863280951976776,-0.055195312947034836,0.0,-0.06671738624572754,0.010133291594684124,0.034148234874010086,-0.04679228737950325,0.0,-0.2554219961166382,0.12803751230239868,-9.560696601867676,-0.08135458827018738,-0.2476029098033905,-8.661219596862793,0.0,0.0,0.0,0.0,0.0,0.0,0.0,0.0,0.0,0.0,0.0,0.0,-0.07044313848018646,0.01008669100701809,0.03804239258170128,-0.04740159586071968,0.2959406077861786,0.2501453459262848,0.29002487659454346,0.26253417134284973,0.7112653851509094,0.2924818992614746,-0.1806454062461853,0.0,0.0,0.0,0.0,0.0,0.0,0.0
27956800503,0,-0.025920219719409943,0.0008684617350809276,-0.7954244017601013,6.569455581484362e-05,-0.04113857448101044,-0.8442511558532715,0.08511146903038025,-0.02073744311928749,-0.021818013861775398,0.05106796324253082,-0.08333662152290344,-0.04856550693511963,-0.00798806082457304,0.0007324683829210699,-0.009940697811543941,0.0,0.0,-0.0047828578390181065,-0.12008616328239441,0.10200829058885574,0.02901649661362171,0.06349893659353256,-0.005888646934181452,0.006185848731547594,-0.4474502205848694,-1.3618160486221313,-47.6367073059082,-0.041838258504867554,0.11850809305906296,-0.02893128991127014,-0.1957157701253891,0.23016953468322754,-0.23353450000286102,0.2056380957365036,12.782465934753418,10.931395530700684,12.51154613494873,11.454466819763184,-0.059794921427965164,0.010732421651482582,0.04292968660593033,-0.05672851577401161,0.0,-0.06673513352870941,0.010112573392689228,0.03413013368844986,-0.04681208357214928,0.0,-0.2862912118434906,-0.10205604135990143,-9.047831535339355,-0.0864141508936882,-0.25254392623901367,-8.680353164672852,0.0,0.0,0.0,0.0,0.0,0.0,0.0,0.0,0.0,0.0,0.0,0.0,-0.06937362253665924,0.009992114268243313,0.03697657957673073,-0.04737110063433647,0.2959406077861786,0.2501453459262848,0.29002487659454346,0.26253417134284973,0.7648758292198181,0.16714239120483398,-0.14700168371200562,0.0,0.0,0.0,0.0,0.0,0.0,0.0
27967056034,0,-0.025468159466981888,0.0005295271403156221,-0.7956856489181519,6.569455581484362e-05,-0.04113857448101044,-0.8442511558532715,0.08675219118595123,-0.01758182980120182,-0.01837339997291565,0.05106796324253082,-0.08333662152290344,-0.04856550693511963,-0.008823995478451252,0.001513554947450757,-0.00963986199349165,0.0,0.0,-0.0047828578390181065,-0.09254459291696548,0.10037681460380554,0.021558063104748726,0.07525791972875595,-0.018367202952504158,0.005442133639007807,-0.475277841091156,-1.3889915943145752,-47.741943359375,-0.041258543729782104,0.11166848987340927,-0.02646513283252716,-0.19584770500659943,0.2286035269498825,-0.2331235408782959,0.20603042840957642,12.738798141479492,11.03031063079834,12.48620319366455,11.533024787902832,-0.05826171860098839,0.012265625409781933,0.04139648377895355,-0.055195312947034836,0.0,-0.06850561499595642,0.009987977333366871,0.03574632108211517,-0.046485427767038345,0.0,-0.054315660148859024,0.020255323499441147,-9.93667221069336,-0.0864141508936882,-0.25254392623901367,-8.680353164672852,0.0,0.0,0.0,0.0,0.0,0.0,0.0,0.0,0.0,0.0,0.0,0.0,-0.06844160705804825,0.009963036514818668,0.036002542823553085,-0.04723696410655975,0.2950485050678253,0.26165470480918884,0.29014796018600464,0.2715417146682739,1.1849950551986694,0.08232884109020233,-0.27020490169525146,0.0,0.0,0.0,0.0,0.0,0.0,0.0
27977178957,0,-0.024552546441555023,-0.00010148894943995401,-0.7961309552192688,6.569455581484362e-05,-0.04113857448101044,-0.8442511558532715,0.08718589693307877,-0.018087022006511688,-0.0185086727142334,0.0492367260158062,-0.08207458257675171,-0.048120200634002686,-0.010003989562392235,0.003171084448695183,-0.008962907828390598,0.0,0.0,-0.0047828578390181065,-0.09254459291696548,0.10037681460380554,0.021558063104748726,0.07525791972875595,-0.018367202952504158,0.005442133639007807,-0.5006956458091736,-1.3698172569274902,-47.664485931396484,-0.05982346832752228,0.09905779361724854,-0.01981458067893982,-0.19611872732639313,0.2286035269498825,-0.2331235408782959,0.20603042840957642,12.503883361816406,11.168874740600586,12.349410057067871,11.690143585205078,-0.059794921427965164,0.012265625409781933,0.039863280951976776,-0.055195312947034836,0.0,-0.06999532878398895,0.00842604972422123,0.036297447979450226,-0.044535428285598755,0.0,-0.054315660148859024,0.020255323499441147,-9.93667221069336,-0.09103557467460632,-0.24905768036842346,-8.66627025604248,0.0,0.0,0.0,0.0,0.0,0.0,0.0,0.0,0.0,0.0,0.0,0.0,-0.06798208504915237,0.0098870312795043,0.03542708605527878,-0.046957433223724365,0.2950485050678253,0.26165470480918884,0.29014796018600464,0.2715417146682739,1.1849950551986694,0.08232884109020233,-0.27020490169525146,0.0,0.0,0.0,0.0,0.0,0.0,0.0
27988309183,0,-0.024552546441555023,-0.00010148894943995401,-0.7961309552192688,6.569455581484362e-05,-0.04113857448101044,-0.8442511558532715,0.08718589693307877,-0.018087022006511688,-0.0185086727142334,0.0492367260158062,-0.08207458257675171,-0.048120200634002686,-0.010003989562392235,0.003171084448695183,-0.008962907828390598,0.0,0.0,-0.0047828578390181065,-0.05371972173452377,0.09238599985837936,0.025782577693462372,0.08492022752761841,-0.04191313311457634,0.004564972594380379,-0.5006956458091736,-1.3698172569274902,-47.664485931396484,-0.05982346832752228,0.09905779361724854,-0.01981458067893982,-0.19611872732639313,0.22589385509490967,-0.23215800523757935,0.20656658709049225,12.503883361816406,11.168874740600586,12.349410057067871,11.690143585205078,-0.06132812425494194,0.010732421651482582,0.039863280951976776,-0.055195312947034836,0.0,-0.06999532878398895,0.00842604972422123,0.036297447979450226,-0.044535428285598755,0.0,-0.3692528009414673,-0.28993016481399536,-9.140851020812988,-0.09103557467460632,-0.24905768036842346,-8.66627025604248,0.0,0.0,0.0,0.0,0.0,0.0,0.0,0.0,0.0,0.0,0.0,0.0,-0.06805885583162308,0.00965211447328329,0.03527924790978432,-0.04646298289299011,0.29049140214920044,0.26438507437705994,0.2874888777732849,0.2746210992336273,1.658212423324585,-0.25034666061401367,0.03637204319238663,0.0,0.0,0.0,0.0,0.0,0.0,0.0
27997774621,0,-0.0234253890812397,-0.0007738933782093227,-0.7965296506881714,6.569455581484362e-05,-0.04113857448101044,-0.8442511558532715,0.08373558521270752,-0.02111348696053028,-0.016269637271761894,0.04698240011930466,-0.08072976768016815,-0.0477215051651001,-0.011470862664282322,0.006062639411538839,-0.00839558057487011,0.0,0.0,-0.0047828578390181065,-0.05371972173452377,0.09238599985837936,0.025782577693462372,0.08492022752761841,-0.04191313311457634,0.004564972594380379,-0.515901505947113,-1.3834409713745117,-47.63266372680664,-0.09976594895124435,0.09325894713401794,-0.028160154819488525,-0.19644255936145782,0.22589385509490967,-0.23215800523757935,0.20656658709049225,12.613454818725586,10.916035652160645,12.585759162902832,11.570738792419434,-0.06132812425494194,0.010732421651482582,0.039863280951976776,-0.05366211012005806,0.0,-0.0702243372797966,0.00853771809488535,0.03639792650938034,-0.044977374374866486,0.0,-0.09491495788097382,-0.03400349244475365,-9.762575149536133,-0.08869574964046478,-0.24029146134853363,-8.674103736877441,0.0,0.0,0.0,0.0,0.0,0.0,0.0,0.0,0.0,0.0,0.0,0.0,-0.0684645026922226,0.0093154888600111,0.03539905697107315,-0.04588450863957405,0.29049140214920044,0.26438507437705994,0.2874888777732849,0.2746210992336273,1.658212423324585,-0.25034666061401367,0.03637204319238663,0.0,0.0,0.0,0.0,0.0,0.0,0.0
28007032095,0,-0.0234253890812397,-0.0007738933782093227,-0.7965296506881714,6.569455581484362e-05,-0.04113857448101044,-0.8442511558532715,0.08373558521270752,-0.02111348696053028,-0.016269637271761894,0.04698240011930466,-0.08072976768016815,-0.0477215051651001,-0.011470862664282322,0.006062639411538839,-0.00839558057487011,0.0,0.0,-0.0047828578390181065,-0.03292439505457878,0.08966072648763657,0.02245175652205944,0.08357008546590805,-0.04793040081858635,0.004359911661595106,-0.515901505947113,-1.3834409713745117,-47.63266372680664,-0.09976594895124435,0.09325894713401794,-0.028160154819488525,-0.19644255936145782,0.2236277163028717,-0.2308279275894165,0.2071644365787506,12.613454818725586,10.916035652160645,12.585759162902832,11.570738792419434,-0.06286133080720901,0.009199218824505806,0.039863280951976776,-0.055195312947034836,0.0,-0.0702243372797966,0.00853771809488535,0.03639792650938034,-0.044977374374866486,0.0,-0.09491495788097382,-0.03400349244475365,-9.762575149536133,-0.08869574964046478,-0.24029146134853363,-8.674103736877441,0.0,0.0,0.0,0.0,0.0,0.0,0.0,0.0,0.0,0.0,0.0,0.0,-0.06897817552089691,0.009001260623335838,0.035637661814689636,-0.04541223123669624,0.2930411994457245,0.2590700387954712,0.2927723824977875,0.27143198251724243,1.6905453205108643,-0.1948159635066986,-0.1521773636341095,0.0,0.0,0.0,0.0,0.0,0.0,0.0
28018892885,0,-0.02309686504304409,-0.0009531253599561751,-0.796617865562439,6.569455581484362e-05,-0.04113857448101044,-0.8442511558532715,0.0832877829670906,-0.027423664927482605,-0.013160194270312786,0.04632534831762314,-0.08037129789590836,-0.04763329029083252,-0.011535342782735825,0.0068450081162154675,-0.008440290577709675,0.0,0.0,-0.0047828578390181065,-0.03292439505457878,0.08966072648763657,0.02245175652205944,0.0844598338007927,-0.0552433505654335,0.0042084683664143085,-0.4878266155719757,-1.3216030597686768,-47.70756912231445,-0.11526953428983688,0.08802330493927002,-0.022881656885147095,-0.19659437239170074,0.22295305132865906,-0.23022089898586273,0.20741507411003113,12.489408493041992,11.034706115722656,12.54043960571289,11.693684577941895,-0.06132812425494194,0.006132812704890966,0.039863280951976776,-0.05366211012005806,0.0,-0.06838473677635193,0.007349148392677307,0.0339798741042614,-0.0434965081512928,0.0,0.035601675510406494,-0.35258087515830994,-9.752482414245605,-0.08916312456130981,-0.22693520784378052,-8.694761276245117,0.0,0.0,0.0,0.0,0.0,0.0,0.0,0.0,0.0,0.0,0.0,0.0,-0.0693758875131607,0.0087063517421484,0.03578374907374382,-0.04503139480948448,0.29021039605140686,0.2617413401603699,0.2912013828754425,0.2746904194355011,1.6905453205108643,-0.1948159635066986,-0.1521773636341095,0.0,0.0,0.0,0.0,0.0,0.0,0.0
28027036521,0,-0.022669119760394096,-0.0013080155476927757,-0.7967684864997864,6.569455581484362e-05,-0.04113857448101044,-0.8442511558532715,0.0805683508515358,-0.02796073444187641,-0.009247277863323689,0.04546985402703285,-0.07966151833534241,-0.04748266935348511,-0.011007925495505333,0.008092782460153103,-0.00837096106261015,0.0,0.0,-0.0047828578390181065,-0.006469547748565674,0.08484655618667603,0.012117898091673851,0.0844598338007927,-0.0552433505654335,0.0042084683664143085,-0.47561895847320557,-1.212306022644043,-47.936241149902344,-0.14057812094688416,0.08139240741729736,-0.012332424521446228,-0.19693973660469055,0.22295305132865906,-0.23022089898586273,0.20741507411003113,12.235320091247559,11.326823234558105,12.38217544555664,12.04357624053955,-0.059794921427965164,0.006132812704890966,0.038330078125,-0.052128907293081284,0.0,-0.06631875038146973,0.0040958961471915245,0.030912796035408974,-0.03941071778535843,0.0,0.04519336670637131,-0.2023577094078064,-9.720906257629395,-0.08537861704826355,-0.2244504690170288,-8.717733383178711,0.0,0.0,0.0,0.0,0.0,0.0,0.0,0.0,0.0,0.0,0.0,0.0,-0.06937814503908157,0.008215623907744884,0.03549279272556305,-0.04444069787859917,0.29021039605140686,0.2617413401603699,0.2912013828754425,0.2746904194355011,1.2614737749099731,-0.1935638040304184,-0.43397897481918335,0.0,0.0,0.0,0.0,0.0,0.0,0.0
28036561490,0,-0.022669119760394096,-0.0013080155476927757,-0.7967684864997864,6.569455581484362e-05,-0.04113857448101044,-0.8442511558532715,0.0805683508515358,-0.02796073444187641,-0.009247277863323689,0.045032572001218796,-0.07940735667943954,-0.04741501808166504,-0.011007925495505333,0.008092782460153103,-0.00837096106261015,0.0,0.0,-0.0047828578390181065,0.012341917492449284,0.07766387611627579,0.007206717040389776,0.08088534325361252,-0.06782622635364532,0.004222405143082142,-0.47561895847320557,-1.212306022644043,-47.936241149902344,-0.14057812094688416,0.08139240741729736,-0.012332424521446228,-0.19693973660469055,0.2218272089958191,-0.22857321798801422,0.20771966874599457,12.235320091247559,11.326823234558105,12.38217544555664,12.04357624053955,-0.059794921427965164,0.0076660155318677425,0.036796875298023224,-0.05059570446610451,0.0,-0.06631875038146973,0.0040958961471915245,0.030912796035408974,-0.03941071778535843,0.0,0.04519336670637131,-0.2023577094078064,-9.720906257629395,-0.08400844037532806,-0.23657239973545074,-8.72729778289795,0.0,0.0,0.0,0.0,0.0,0.0,0.0,0.0,0.0,0.0,0.0,0.0,-0.06891001760959625,0.007364154327660799,0.03464605286717415,-0.04341049864888191,0.2849273383617401,0.2677672505378723,0.287922739982605,0.28178462386131287,1.4476486444473267,-0.42719975113868713,-0.45029300451278687,0.0,0.0,0.0,0.0,0.0,0.0,0.0
28047089427,0,-0.022450478747487068,-0.0014350939309224486,-0.7968361377716064,6.569455581484362e-05,-0.04113857448101044,-0.8442511558532715,0.07950957119464874,-0.021681342273950577,-0.007638257462531328,0.045032572001218796,-0.07940735667943954,-0.04741501808166504,-0.010180570185184479,0.008524344302713871,-0.008344999514520168,0.0,0.0,-0.0047828578390181065,0.012341917492449284,0.07766387611627579,0.007206717040389776,0.07308144122362137,-0.07247666269540787,0.0041383374482393265,-0.46204641461372375,-1.3011481761932373,-48.00013732910156,-0.16494175791740417,0.08078917860984802,-0.008350551128387451,-0.19712801277637482,0.2215440571308136,-0.2278100997209549,0.20772159099578857,12.113152503967285,11.405818939208984,12.336977005004883,12.194859504699707,-0.06132812425494194,0.009199218824505806,0.036796875298023224,-0.05059570446610451,0.0,-0.0692075788974762,0.007224251050502062,0.03316768258810043,-0.04190998151898384,0.0,0.1692083179950714,0.2669072449207306,-9.64815616607666,-0.08400844037532806,-0.23657239973545074,-8.72729778289795,0.0,0.0,0.0,0.0,0.0,0.0,0.0,0.0,0.0,0.0,0.0,0.0,-0.06833489239215851,0.0064866249449551105,0.03364475071430206,-0.04228106141090393,0.2828875780105591,0.26904481649398804,0.287246972322464,0.28448015451431274,1.4476486444473267,-0.42719975113868713,-0.45029300451278687,0.0,0.0,0.0,0.0,0.0,0.0,0.0
28057046913,0,-0.021995848044753075,-0.0015874541131779552,-0.7969651222229004,6.569455581484362e-05,-0.04113857448101044,-0.8442511558532715,0.07502557337284088,-0.01235960517078638,-0.01066263671964407,0.04412330314517021,-0.07910263538360596,-0.047286033630371094,-0.008274337276816368,0.00977350678294897,-0.008112831972539425,0.0,0.0,-0.0047828578390181065,0.06823709607124329,0.06042487174272537,0.009351099841296673,0.07308144122362137,-0.07247666269540787,0.0041383374482393265,-0.4221617579460144,-1.4017034769058228,-47.842750549316406,-0.24664819240570068,0.09373708069324493,-0.01433311402797699,-0.19747225940227509,0.2215440571308136,-0.2278100997209549,0.20772159099578857,12.1190767288208,11.069599151611328,12.551740646362305,12.152865409851074,-0.06286133080720901,0.009199218824505806,0.03526367247104645,-0.04906250163912773,0.0,-0.07097896188497543,0.011895615607500076,0.034280043095350266,-0.04617540165781975,0.0,0.12279408425092697,-0.2249358594417572,-9.634505271911621,-0.07675668597221375,-0.2548551857471466,-8.698681831359863,0.0,0.0,0.0,0.0,0.0,0.0,0.0,0.0,0.0,0.0,0.0,0.0,-0.06816152483224869,0.006262338720262051,0.03301155939698219,-0.041738588362932205,0.2828875780105591,0.26904481649398804,0.287246972322464,0.28448015451431274,2.3612308502197266,-0.7345513701438904,-0.004750856198370457,0.0,0.0,0.0,0.0,0.0,0.0,0.0
28066456201,0,-0.021995848044753075,-0.0015874541131779552,-0.7969651222229004,6.569455581484362e-05,-0.04113857448101044,-0.8442511558532715,0.07502557337284088,-0.01235960517078638,-0.01066263671964407,0.04412330314517021,-0.07910263538360596,-0.047286033630371094,-0.008274337276816368,0.00977350678294897,-0.008112831972539425,0.0,0.0,-0.0047828578390181065,0.12569494545459747,0.04700300842523575,0.010766749270260334,0.04108116030693054,-0.08444689959287643,0.0035401463974267244,-0.4221617579460144,-1.4017034769058228,-47.842750549316406,-0.24664819240570068,0.09373708069324493,-0.01433311402797699,-0.19747225940227509,0.22180098295211792,-0.22621694207191467,0.20766036212444305,12.1190767288208,11.069599151611328,12.551740646362305,12.152865409851074,-0.06592773646116257,0.0076660155318677425,0.03526367247104645,-0.04906250163912773,0.0,-0.07097896188497543,0.011895615607500076,0.034280043095350266,-0.04617540165781975,0.0,0.12279408425092697,-0.2249358594417572,-9.634505271911621,-0.07675668597221375,-0.2548551857471466,-8.698681831359863,0.0,0.0,0.0,0.0,0.0,0.0,0.0,0.0,0.0,0.0,0.0,0.0,-0.06851444393396378,0.006976025179028511,0.03288290277123451,-0.04209373518824577,0.2830028533935547,0.26242929697036743,0.2914206385612488,0.28366175293922424,2.405564546585083,-0.7260147929191589,0.033555299043655396,0.0,0.0,0.0,0.0,0.0,0.0,0.0
28077494552,0,-0.021470094099640846,-0.0015726120909675956,-0.7971364259719849,6.569455581484362e-05,-0.04113857448101044,-0.8442511558532715,0.06527965515851974,-0.022004183381795883,-0.009775417856872082,0.04307179152965546,-0.0791323184967041,-0.04711472988128662,-0.004942426458001137,0.011034425348043442,-0.007871515117585659,0.0,0.0,-0.0047828578390181065,0.12569494545459747,0.04700300842523575,0.010766749270260334,0.04108116030693054,-0.08444689959287643,0.0035401463974267244,-0.36652058362960815,-1.3594601154327393,-47.81338119506836,-0.3324600160121918,0.10032621771097183,-0.015637755393981934,-0.19784608483314514,0.22180098295211792,-0.22621694207191467,0.20766036212444305,12.02153491973877,10.888667106628418,12.698269844055176,12.252341270446777,-0.06439453363418579,0.004599609412252903,0.03526367247104645,-0.04752929508686066,0.0,-0.06870388239622116,0.012491025030612946,0.031125498935580254,-0.046220459043979645,0.0,0.2478114366531372,-0.03670684993267059,-9.56596565246582,-0.05950959026813507,-0.2358856499195099,-8.702393531799316,0.0,0.0,0.0,0.0,0.0,0.0,0.0,0.0,0.0,0.0,0.0,0.0,-0.06903782486915588,0.008262290619313717,0.032931916415691376,-0.04302365705370903,0.2830028533935547,0.26242929697036743,0.2914206385612488,0.28366175293922424,2.405564546585083,-0.7260147929191589,0.033555299043655396,0.0,0.0,0.0,0.0,0.0,0.0,0.0
28090575179,0,-0.021470094099640846,-0.0015726120909675956,-0.7971364259719849,6.569455581484362e-05,-0.04113857448101044,-0.8442511558532715,0.06527965515851974,-0.022004183381795883,-0.009775417856872082,0.04307179152965546,-0.0791323184967041,-0.04711472988128662,-0.004942426458001137,0.011034425348043442,-0.007871515117585659,0.0,0.0,-0.0047828578390181065,0.13998915255069733,0.030312232673168182,0.011754946783185005,0.03923678398132324,-0.08774765580892563,0.003673598635941744,-0.36652058362960815,-1.3594601154327393,-47.81338119506836,-0.345754474401474,0.11808604001998901,-0.01652444899082184,-0.19800955057144165,0.22508899867534637,-0.22388078272342682,0.20777547359466553,12.050658226013184,10.818726539611816,12.713545799255371,12.277976989746094,-0.06286133080720901,0.003066406352445483,0.03526367247104645,-0.04752929508686066,0.0,-0.06855235993862152,0.012555351480841637,0.031074101105332375,-0.046138375997543335,0.0,0.28301623463630676,0.28697505593299866,-9.703032493591309,-0.05950959026813507,-0.2358856499195099,-8.702393531799316,0.0,0.0,0.0,0.0,0.0,0.0,0.0,0.0,0.0,0.0,0.0,0.0,-0.0693315640091896,0.009650708176195621,0.032765842974185944,-0.04406503587961197,0.28110018372535706,0.25885966420173645,0.29426321387290955,0.2855997681617737,1.9913101196289062,-1.2265145778656006,0.06975147873163223,0.0,0.0,0.0,0.0,0.0,0.0,0.0
28096656679,0,-0.021223556250333786,-0.00150883209425956,-0.7971909046173096,6.569455581484362e-05,-0.04113857448101044,-0.8442511558532715,0.06180603802204132,-0.022621462121605873,-0.00799620058387518,0.04257871210575104,-0.07925987988710403,-0.047060251235961914,-0.0035909111611545086,0.010787749662995338,-0.007697467692196369,0.0,0.0,-0.0047828578390181065,0.1490515023469925,0.006079657003283501,0.012225807644426823,0.01881204918026924,-0.08330117911100388,0.0034745214506983757,-0.36652058362960815,-1.3594601154327393,-47.81338119506836,-0.345754474401474,0.11808604001998901,-0.01652444899082184,-0.19800955057144165,0.22508899867534637,-0.22388078272342682,0.20777547359466553,12.050658226013184,10.818726539611816,12.713545799255371,12.277976989746094,-0.06132812425494194,0.0015332031762227416,0.03373046964406967,-0.04599609225988388,0.0,-0.06855235993862152,0.012555351480841637,0.031074101105332375,-0.046138375997543335,0.0,0.28301623463630676,0.28697505593299866,-9.703032493591309,-0.053574346005916595,-0.23499387502670288,-8.714743614196777,0.0,0.0,0.0,0.0,0.0,0.0,0.0,0.0,0.0,0.0,0.0,0.0,-0.06933923810720444,0.010866567492485046,0.032374363392591476,-0.044963568449020386,0.28166845440864563,0.25747793912887573,0.2945593297481537,0.2860986888408661,1.4012911319732666,-1.7609124183654785,0.07377355545759201,0.0,0.0,0.0,0.0,0.0,0.0,0.0
28106525413,0,-0.021223556250333786,-0.00150883209425956,-0.7971909046173096,6.569455581484362e-05,-0.04113857448101044,-0.8442511558532715,0.06180603802204132,-0.022621462121605873,-0.00799620058387518,0.04257871210575104,-0.07925987988710403,-0.047060251235961914,-0.0035909111611545086,0.010787749662995338,-0.007697467692196369,0.0,0.0,-0.0047828578390181065,0.15147295594215393,-0.016040753573179245,0.014106777496635914,0.01881204918026924,-0.08330117911100388,0.0034745214506983757,-0.3140626847743988,-1.2998969554901123,-48.06277084350586,-0.3782646656036377,0.17694012820720673,-0.01909022033214569,-0.19839878380298615,0.22865283489227295,-0.2231423705816269,0.20792414247989655,12.22265338897705,10.67371654510498,12.796528816223145,12.417335510253906,-0.06132812425494194,0.003066406352445483,0.032197266817092896,-0.04599609225988388,0.0,-0.06437351554632187,0.012450914829969406,0.027743106707930565,-0.04545179754495621,0.0,-0.04173045605421066,-0.06038776785135269,-9.550158500671387,-0.053574346005916595,-0.23499387502670288,-8.714743614196777,0.0,0.0,0.0,0.0,0.0,0.0,0.0,0.0,0.0,0.0,0.0,0.0,-0.06900502741336823,0.011771350167691708,0.03178822994232178,-0.045590586960315704,0.28502151370048523,0.2546100318431854,0.2961667776107788,0.28880974650382996,0.7951111793518066,-1.9043312072753906,0.1503664255142212,0.0,0.0,0.0,0.0,0.0,0.0,0.0
28116482132,0,-0.0207369402050972,-0.0013994625769555569,-0.7972781658172607,6.569455581484362e-05,-0.04113857448101044,-0.8442511558532715,0.06405288726091385,-0.019476348534226418,-0.0023521967232227325,0.041605476289987564,-0.07947862148284912,-0.04697299003601074,-0.00047358169103972614,0.009847587905824184,-0.007324226200580597,0.0,0.0,-0.0047828578390181065,0.14986908435821533,-0.028740709647536278,0.017598720267415047,-0.017713051289319992,-0.07590790838003159,0.00286092865280807,-0.3140626847743988,-1.2998969554901123,-48.06277084350586,-0.3782646656036377,0.17694012820720673,-0.01909022033214569,-0.19839878380298615,0.2302923947572708,-0.22311145067214966,0.2080303579568863,12.22265338897705,10.67371654510498,12.796528816223145,12.417335510253906,-0.06132812425494194,0.006132812704890966,0.032197266817092896,-0.04599609225988388,0.0,-0.06437351554632187,0.012450914829969406,0.027743106707930565,-0.04545179754495621,0.0,-0.04173045605421066,-0.06038776785135269,-9.550158500671387,-0.06000906229019165,-0.24210047721862793,-8.754470825195312,0.0,0.0,0.0,0.0,0.0,0.0,0.0,0.0,0.0,0.0,0.0,0.0,-0.06817879527807236,0.012346548959612846,0.030907195061445236,-0.04590502381324768,0.28703638911247253,0.2526540458202362,0.29825136065483093,0.28829261660575867,0.23419134318828583,-0.998710572719574,0.20387576520442963,0.0,0.0,0.0,0.0,0.0,0.0,0.0
28127310349,0,-0.02021695300936699,-0.0012721498496830463,-0.7973346710205078,6.569455581484362e-05,-0.04113857448101044,-0.8442511558532715,0.06513531506061554,-0.014542067423462868,-0.0008689896785654128,0.04056549817323685,-0.07973325252532959,-0.04691648483276367,0.002223577816039324,0.009549246169626713,-0.00715637719258666,0.0,0.0,-0.0047828578390181065,0.14986908435821533,-0.028740709647536278,0.017598720267415047,-0.017713051289319992,-0.07590790838003159,0.00286092865280807,-0.34763285517692566,-1.3786840438842773,-48.178260803222656,-0.40187010169029236,0.18592822551727295,-0.022523224353790283,-0.19874504208564758,0.23194605112075806,-0.22310832142829895,0.2081761658191681,12.31404972076416,10.56640338897705,12.933619499206543,12.410689353942871,-0.06132812425494194,0.0076660155318677425,0.03066406212747097,-0.04599609225988388,0.0,-0.06715857237577438,0.014054862782359123,0.030492546036839485,-0.04679601639509201,0.0,0.12131883203983307,0.14803868532180786,-9.592575073242188,-0.06424114108085632,-0.25286585092544556,-8.760719299316406,0.0,0.0,0.0,0.0,0.0,0.0,0.0,0.0,0.0,0.0,0.0,0.0,-0.067198745906353,0.012722688727080822,0.030016867443919182,-0.04603804275393486,0.28703638911247253,0.2526540458202362,0.29825136065483093,0.28829261660575867,0.23419134318828583,-0.998710572719574,0.20387576520442963,0.0,0.0,0.0,0.0,0.0,0.0,0.0
28137092580,0,-0.019950877875089645,-0.001182845328003168,-0.7973604798316956,6.569455581484362e-05,-0.04113857448101044,-0.8442511558532715,0.06570854783058167,-0.011613025330007076,-0.0002879709063563496,0.04003334417939186,-0.07991185784339905,-0.04689067602157593,0.0033610640093684196,0.009500016458332539,-0.007108638528734446,0.0,0.0,-0.0047828578390181065,0.1556863635778427,-0.0324561670422554,0.022245993837714195,-0.017713051289319992,-0.07590790838003159,0.00286092865280807,-0.365365594625473,-1.4259562492370605,-48.197120666503906,-0.42774656414985657,0.18792465329170227,-0.028103023767471313,-0.19886434078216553,0.23194605112075806,-0.22310832142829895,0.2081761658191681,12.42001724243164,10.389143943786621,13.113763809204102,12.317281723022461,-0.06132812425494194,0.009199218824505806,0.032197266817092896,-0.04752929508686066,0.0,-0.06844985485076904,0.015287555754184723,0.03181706741452217,-0.04801054671406746,0.0,0.12131883203983307,0.14803868532180786,-9.592575073242188,-0.06643010675907135,-0.2592647671699524,-8.763113021850586,0.0,0.0,0.0,0.0,0.0,0.0,0.0,0.0,0.0,0.0,0.0,0.0,-0.06664041429758072,0.013136373832821846,0.02960103377699852,-0.04623734951019287,0.28703638911247253,0.2526540458202362,0.29825136065483093,0.28829261660575867,0.3999704420566559,-0.6749160885810852,0.34943363070487976,0.0,0.0,0.0,0.0,0.0,0.0,0.0
28146686700,0,-0.019950877875089645,-0.001182845328003168,-0.7973604798316956,6.569455581484362e-05,-0.04113857448101044,-0.8442511558532715,0.06570854783058167,-0.011613025330007076,-0.0002879709063563496,0.04003334417939186,-0.07991185784339905,-0.04689067602157593,0.0033610640093684196,0.009500016458332539,-0.007108638528734446,0.0,0.0,-0.0047828578390181065,0.16185975074768066,-0.03859780356287956,0.02152334898710251,-0.03647607937455177,-0.07367884367704391,0.002674186136573553,-0.365365594625473,-1.4259562492370605,-48.197120666503906,-0.42774656414985657,0.18792465329170227,-0.028103023767471313,-0.19886434078216553,0.23431667685508728,-0.22314395010471344,0.2084244042634964,12.42001724243164,10.389143943786621,13.113763809204102,12.317281723022461,-0.06132812425494194,0.009199218824505806,0.03066406212747097,-0.04752929508686066,0.0,-0.06844985485076904,0.015287555754184723,0.03181706741452217,-0.04801054671406746,0.0,-0.1319786012172699,-0.11129958182573318,-10.059430122375488,-0.06643010675907135,-0.2592647671699524,-8.763113021850586,0.0,0.0,0.0,0.0,0.0,0.0,0.0,0.0,0.0,0.0,0.0,0.0,-0.06664013117551804,0.013679912313818932,0.029744338244199753,-0.04660654067993164,0.2888619601726532,0.24896930158138275,0.30230018496513367,0.286863774061203,0.37160685658454895,-0.41658318042755127,0.15954256057739258,0.0,0.0,0.0,0.0,0.0,0.0,0.0
28156596006,0,-0.01943284273147583,-0.0009986173827201128,-0.7974240183830261,6.569455581484362e-05,-0.04113857448101044,-0.8442511558532715,0.06370983272790909,-0.01383206993341446,-0.005100460257381201,0.03899726644158363,-0.08028031885623932,-0.04682713747024536,0.005941304378211498,0.008843510411679745,-0.006695326883345842,0.0,0.0,-0.0047828578390181065,0.16185975074768066,-0.03859780356287956,0.02152334898710251,-0.03647607937455177,-0.07367884367704391,0.002674186136573553,-0.3562808036804199,-1.4070866107940674,-47.97529220581055,-0.46282103657722473,0.19777625799179077,-0.025751620531082153,-0.1992695927619934,0.23431667685508728,-0.22314395010471344,0.2084244042634964,12.265719413757324,10.324529647827148,13.039198875427246,12.38872241973877,-0.06132812425494194,0.009199218824505806,0.03066406212747097,-0.04752929508686066,0.0,-0.06854061782360077,0.01500546745955944,0.031206903979182243,-0.047489508986473083,0.0,-0.17868590354919434,0.046796027570962906,-9.701200485229492,-0.06477832794189453,-0.2558339238166809,-8.722780227661133,0.0,0.0,0.0,0.0,0.0,0.0,0.0,0.0,0.0,0.0,0.0,0.0,-0.06697811931371689,0.014230871573090553,0.03016914613544941,-0.04702315479516983,0.2888619601726532,0.24896930158138275,0.30230018496513367,0.286863774061203,0.37160685658454895,-0.41658318042755127,0.15954256057739258,0.0,0.0,0.0,0.0,0.0,0.0,0.0
28166736182,0,-0.01943284273147583,-0.0009986173827201128,-0.7974240183830261,6.569455581484362e-05,-0.04113857448101044,-0.8442511558532715,0.06370983272790909,-0.01383206993341446,-0.005100460257381201,0.038493603467941284,-0.08046994358301163,-0.046788036823272705,0.005941304378211498,0.008843510411679745,-0.006695326883345842,0.0,0.0,-0.0047828578390181065,0.15683147311210632,-0.04179644212126732,0.021982980892062187,-0.05897859111428261,-0.0671629086136818,0.0018650200217962265,-0.3562808036804199,-1.4070866107940674,-47.97529220581055,-0.46282103657722473,0.19777625799179077,-0.025751620531082153,-0.1992695927619934,0.23857642710208893,-0.22318941354751587,0.20888406038284302,12.265719413757324,10.324529647827148,13.039198875427246,12.38872241973877,-0.06132812425494194,0.009199218824505806,0.03066406212747097,-0.04752929508686066,0.0,-0.06854061782360077,0.01500546745955944,0.031206903979182243,-0.047489508986473083,0.0,-0.17868590354919434,0.046796027570962906,-9.701200485229492,-0.06478198617696762,-0.255733847618103,-8.696000099182129,0.0,0.0,0.0,0.0,0.0,0.0,0.0,0.0,0.0,0.0,0.0,0.0,-0.06742847710847855,0.01465778611600399,0.030597714707255363,-0.04733813926577568,0.2858603298664093,0.24768619239330292,0.3008604645729065,0.2882532775402069,-0.018363256007432938,-0.3617860674858093,0.16704915463924408,0.0,0.0,0.0,0.0,0.0,0.0,0.0
28176878399,0,-0.019181011244654655,-0.0009038032731041312,-0.7974631190299988,6.569455581484362e-05,-0.04113857448101044,-0.8442511558532715,0.0631241723895073,-0.01412681583315134,-0.008602449670433998,0.038493603467941284,-0.08046994358301163,-0.046788036823272705,0.007416270207613707,0.00845042709261179,-0.006305729039013386,0.0,0.0,-0.0047828578390181065,0.15683147311210632,-0.04179644212126732,0.021982980892062187,-0.07922296971082687,-0.05958021804690361,0.0012102292384952307,-0.3563009202480316,-1.4065361022949219,-47.827999114990234,-0.46554479002952576,0.20375467836856842,-0.02617555856704712,-0.19949714839458466,0.24101871252059937,-0.2232375591993332,0.20913027226924896,12.243432998657227,10.265061378479004,13.009014129638672,12.354414939880371,-0.06132812425494194,0.009199218824505806,0.029130859300494194,-0.04752929508686066,0.0,-0.06867048144340515,0.015048651024699211,0.031245902180671692,-0.047625187784433365,0.0,-0.13607829809188843,0.13272124528884888,-9.374642372131348,-0.06478198617696762,-0.255733847618103,-8.696000099182129,0.0,0.0,0.0,0.0,0.0,0.0,0.0,0.0,0.0,0.0,0.0,0.0,-0.0678611770272255,0.01493389718234539,0.030922703444957733,-0.0475272461771965,0.2854262590408325,0.24650438129901886,0.30027735233306885,0.28758618235588074,-0.018363256007432938,-0.3617860674858093,0.16704915463924408,0.0,0.0,0.0,0.0,0.0,0.0,0.0
28187123105,0,-0.01877598650753498,-0.00067320087691769,-0.7975149750709534,6.569455581484362e-05,-0.04113857448101044,-0.8442511558532715,0.06046980619430542,-0.012784600257873535,-0.013838783837854862,0.037683550268411636,-0.0809311494231224,-0.046736180782318115,0.009963881224393845,0.007496293168514967,-0.005754056386649609,0.0,0.0,-0.0047828578390181065,0.12443027645349503,-0.04794721677899361,0.016507836058735847,-0.07922296971082687,-0.05958021804690361,0.0012102292384952307,-0.3373708724975586,-1.4272526502609253,-47.626033782958984,-0.43826907873153687,0.2171720415353775,-0.019601821899414062,-0.19993436336517334,0.24101871252059937,-0.2232375591993332,0.20913027226924896,12.089970588684082,10.401144027709961,12.731852531433105,12.44620132446289,-0.059794921427965164,0.010732421651482582,0.029130859300494194,-0.04599609225988388,0.0,-0.0696353018283844,0.016153870150446892,0.03193862363696098,-0.048439450562000275,0.0,-0.13607829809188843,0.13272124528884888,-9.374642372131348,-0.06134016066789627,-0.2595004737377167,-8.659278869628906,0.0,0.0,0.0,0.0,0.0,0.0,0.0,0.0,0.0,0.0,0.0,0.0,-0.06826183199882507,0.015139861032366753,0.031172335147857666,-0.047669630497694016,0.2854262590408325,0.24650438129901886,0.30027735233306885,0.28758618235588074,-1.2099641561508179,-0.2870342433452606,-0.08742335438728333,0.0,0.0,0.0,0.0,0.0,0.0,0.0
28196750620,0,-0.01877598650753498,-0.00067320087691769,-0.7975149750709534,6.569455581484362e-05,-0.04113857448101044,-0.8442511558532715,0.06046980619430542,-0.012784600257873535,-0.013838783837854862,0.037683550268411636,-0.0809311494231224,-0.046736180782318115,0.009963881224393845,0.007496293168514967,-0.005754056386649609,0.0,0.0,-0.0047828578390181065,0.07379517704248428,-0.0401516929268837,0.014449701644480228,-0.07922296971082687,-0.05958021804690361,0.0012102292384952307,-0.3373708724975586,-1.4272526502609253,-47.626033782958984,-0.43826907873153687,0.2171720415353775,-0.019601821899414062,-0.19993436336517334,0.2453639805316925,-0.22342047095298767,0.20952124893665314,12.089970588684082,10.401144027709961,12.731852531433105,12.44620132446289,-0.059794921427965164,0.012265625409781933,0.029130859300494194,-0.044462889432907104,0.0,-0.0696353018283844,0.016153870150446892,0.03193862363696098,-0.048439450562000275,0.0,-0.07918166369199753,-0.1332782506942749,-10.06644058227539,-0.06134016066789627,-0.2595004737377167,-8.659278869628906,0.0,0.0,0.0,0.0,0.0,0.0,0.0,0.0,0.0,0.0,0.0,0.0,-0.06866781413555145,0.015377281233668327,0.03140455111861229,-0.04784414917230606,0.2824352979660034,0.24920743703842163,0.2949138879776001,0.28937068581581116,-2.1941070556640625,0.3239676058292389,0.024811705574393272,0.0,0.0,0.0,0.0,0.0,0.0,0.0
28206342691,0,-0.018399031832814217,-0.00039923074655234814,-0.7975389361381531,6.569455581484362e-05,-0.04113857448101044,-0.8442511558532715,0.052170466631650925,-0.012667903676629066,-0.005060989875346422,0.03692963719367981,-0.08147909492254257,-0.04671221971511841,0.011123130097985268,0.006800794042646885,-0.005945149809122086,0.0,0.0,-0.0047828578390181065,0.07379517704248428,-0.0401516929268837,0.014449701644480228,-0.09336322546005249,-0.04953237250447273,0.0007494593155570328,-0.2539505958557129,-1.4362807273864746,-48.019283294677734,-0.3912067711353302,0.20954826474189758,-0.019508451223373413,-0.20037870109081268,0.24912922084331512,-0.22357922792434692,0.2097633183002472,12.247050285339355,10.585697174072266,12.767040252685547,12.462967872619629,-0.059794921427965164,0.012265625409781933,0.03066406212747097,-0.04292968660593033,0.0,-0.06662775576114655,0.018914755433797836,0.029751630499958992,-0.05103887990117073,0.0,-0.08282322436571121,-0.24982942640781403,-9.553574562072754,-0.04617283493280411,-0.26114195585250854,-8.730778694152832,0.0,0.0,0.0,0.0,0.0,0.0,0.0,0.0,0.0,0.0,0.0,0.0,-0.06890726834535599,0.015764713287353516,0.0315164178609848,-0.04815974459052086,0.28679779171943665,0.25170546770095825,0.29670658707618713,0.2884107828140259,-2.1941070556640625,0.3239676058292389,0.024811705574393272,0.0,0.0,0.0,0.0,0.0,0.0,0.0
28216702392,0,-0.018399031832814217,-0.00039923074655234814,-0.7975389361381531,6.569455581484362e-05,-0.04113857448101044,-0.8442511558532715,0.052170466631650925,-0.012667903676629066,-0.005060989875346422,0.03692963719367981,-0.08147909492254257,-0.04671221971511841,0.011123130097985268,0.006800794042646885,-0.005945149809122086,0.0,0.0,-0.0047828578390181065,0.04841812700033188,-0.029587894678115845,0.021331798285245895,-0.09336322546005249,-0.04953237250447273,0.0007494593155570328,-0.2539505958557129,-1.4362807273864746,-48.019283294677734,-0.3912067711353302,0.20954826474189758,-0.019508451223373413,-0.20037870109081268,0.24912922084331512,-0.22357922792434692,0.2097633183002472,12.247050285339355,10.585697174072266,12.767040252685547,12.462967872619629,-0.06132812425494194,0.010732421651482582,0.03066406212747097,-0.044462889432907104,0.0,-0.06662775576114655,0.018914755433797836,0.029751630499958992,-0.05103887990117073,0.0,-0.08282322436571121,-0.24982942640781403,-9.553574562072754,-0.04617283493280411,-0.26114195585250854,-8.730778694152832,0.0,0.0,0.0,0.0,0.0,0.0,0.0,0.0,0.0,0.0,0.0,0.0,-0.06874314695596695,0.01640916056931019,0.031346675008535385,-0.048726316541433334,0.28679779171943665,0.25170546770095825,0.29670658707618713,0.2884107828140259,-2.3064920902252197,0.708194375038147,0.3585004210472107,0.0,0.0,0.0,0.0,0.0,0.0,0.0
28226601353,0,-0.01799682341516018,-7.718114648014307e-05,-0.7975614070892334,6.569455581484362e-05,-0.04113857448101044,-0.8442511558532715,0.05002488195896149,-0.01205610204488039,0.003226197324693203,0.036125216633081436,-0.08212319761514664,-0.046689748764038086,0.011562168598175049,0.006371643859893084,-0.00561775267124176,0.0,0.0,-0.0047828578390181065,0.04841812700033188,-0.029587894678115845,0.021331798285245895,-0.09565155953168869,-0.050888244062662125,0.00039010989712551236,-0.2651672661304474,-1.4421063661575317,-48.282100677490234,-0.3676528334617615,0.19536805152893066,-0.02812601625919342,-0.2006210833787918,0.25037336349487305,-0.22350144386291504,0.20994779467582703,12.543486595153809,10.49360466003418,13.032914161682129,12.25536060333252,-0.06132812425494194,0.010732421651482582,0.03066406212747097,-0.04599609225988388,0.0,-0.06555335968732834,0.01887398399412632,0.029586801305413246,-0.051770053803920746,0.0,-0.23004621267318726,-0.1934172809123993,-9.498740196228027,-0.04347798228263855,-0.26398202776908875,-8.790664672851562,0.0,0.0,0.0,0.0,0.0,0.0,0.0,0.0,0.0,0.0,0.0,0.0,-0.0682225227355957,0.01718657836318016,0.030961258336901665,-0.04946541786193848,0.2912604510784149,0.2510419189929962,0.30073899030685425,0.28565841913223267,-2.3064920902252197,0.708194375038147,0.3585004210472107,0.0,0.0,0.0,0.0,0.0,0.0,0.0
28236355189,0,-0.017655832692980766,0.00024407007731497288,-0.7975769639015198,6.569455581484362e-05,-0.04113857448101044,-0.8442511558532715,0.05003286525607109,-0.0068832687102258205,0.004775629378855228,0.03544323146343231,-0.08276570588350296,-0.04667419195175171,0.012031471356749535,0.0064017074182629585,-0.005069446284323931,0.0,0.0,-0.0047828578390181065,0.012509254738688469,-0.0004432096320670098,0.022312575951218605,-0.09565155953168869,-0.050888244062662125,0.00039010989712551236,-0.23969653248786926,-1.4869916439056396,-48.40397644042969,-0.3406558036804199,0.15957289934158325,-0.02663777768611908,-0.20109395682811737,0.25037336349487305,-0.22350144386291504,0.20994779467582703,12.522510528564453,10.657679557800293,13.039843559265137,12.224462509155273,-0.06132812425494194,0.010732421651482582,0.03066406212747097,-0.04752929508686066,0.0,-0.06625377386808395,0.020869573578238487,0.030058259144425392,-0.05398079752922058,0.0,0.16641299426555634,-0.0313124805688858,-9.894399642944336,-0.04487757757306099,-0.2758224308490753,-8.796452522277832,0.0,0.0,0.0,0.0,0.0,0.0,0.0,0.0,0.0,0.0,0.0,0.0,-0.06755581498146057,0.017974233254790306,0.030547432601451874,-0.05032244324684143,0.2912604510784149,0.2510419189929962,0.30073899030685425,0.28565841913223267,-1.9974240064620972,1.2702356576919556,0.07271822541952133,0.0,0.0,0.0,0.0,0.0,0.0,0.0
28247116556,0,-0.017655832692980766,0.00024407007731497288,-0.7975769639015198,6.569455581484362e-05,-0.04113857448101044,-0.8442511558532715,0.05003286525607109,-0.0068832687102258205,0.004775629378855228,0.035035062581300735,-0.08301364630460739,-0.04667627811431885,0.012031471356749535,0.0064017074182629585,-0.005069446284323931,0.0,0.0,-0.0047828578390181065,-0.004944131709635258,0.0048822578974068165,0.016811881214380264,-0.09218594431877136,-0.05422884225845337,0.00021616957383230329,-0.23969653248786926,-1.4869916439056396,-48.40397644042969,-0.3406558036804199,0.15957289934158325,-0.02663777768611908,-0.20109395682811737,0.2524692416191101,-0.22272028028964996,0.21056270599365234,12.522510528564453,10.657679557800293,13.039843559265137,12.224462509155273,-0.06132812425494194,0.009199218824505806,0.03066406212747097,-0.04599609225988388,0.0,-0.06625377386808395,0.020869573578238487,0.030058259144425392,-0.05398079752922058,0.0,0.16641299426555634,-0.0313124805688858,-9.894399642944336,-0.04861586168408394,-0.28293949365615845,-8.794316291809082,0.0,0.0,0.0,0.0,0.0,0.0,0.0,0.0,0.0,0.0,0.0,0.0,-0.06695534288883209,0.018803821876645088,0.030231894925236702,-0.051317013800144196,0.29085326194763184,0.2542925775051117,0.30087292194366455,0.28505682945251465,-1.8922030925750732,0.90940260887146,-0.2066534012556076,0.0,0.0,0.0,0.0,0.0,0.0,0.0
28256396248,0,-0.017451750114560127,0.0003680396475829184,-0.7975748777389526,6.569455581484362e-05,-0.04113857448101044,-0.8442511558532715,0.051498349756002426,-0.003621234791353345,0.004769410938024521,0.035035062581300735,-0.08301364630460739,-0.04667627811431885,0.012109487317502499,0.006351060699671507,-0.005023893900215626,0.0,0.0,-0.0047828578390181065,-0.004944131709635258,0.0048822578974068165,0.016811881214380264,-0.08873088657855988,-0.05095210671424866,-4.889671618002467e-05,-0.2673872411251068,-1.5561672449111938,-48.36874008178711,-0.31925952434539795,0.15455585718154907,-0.019926205277442932,-0.2013595849275589,0.2533124089241028,-0.22201921045780182,0.21081317961215973,12.370332717895508,10.857752799987793,12.838458061218262,12.342473983764648,-0.059794921427965164,0.009199218824505806,0.03066406212747097,-0.04599609225988388,0.0,-0.06986845284700394,0.021809503436088562,0.033176325261592865,-0.05467768386006355,0.0,-0.008766775950789452,-0.23829150199890137,-9.842605590820312,-0.04861586168408394,-0.28293949365615845,-8.794316291809082,0.0,0.0,0.0,0.0,0.0,0.0,0.0,0.0,0.0,0.0,0.0,0.0,-0.06669731438159943,0.019636372104287148,0.030188512057065964,-0.052329838275909424,0.2878958582878113,0.2582489848136902,0.2969787120819092,0.287354052066803,-1.8922030925750732,0.90940260887146,-0.2066534012556076,0.0,0.0,0.0,0.0,0.0,0.0,0.0
28266614359,0,-0.017006315290927887,0.0005842143436893821,-0.7975476384162903,6.569455581484362e-05,-0.04113857448101044,-0.8442511558532715,0.052686817944049835,0.0026704114861786366,0.006774832960218191,0.034144189208745956,-0.08344599604606628,-0.0467035174369812,0.011161385104060173,0.006408880930393934,-0.004706343170255423,0.0,0.0,-0.0047828578390181065,-0.0427214540541172,0.0061405124142766,0.01736428588628769,-0.08873088657855988,-0.05095210671424866,-4.889671618002467e-05,-0.2901846170425415,-1.630739450454712,-48.44173049926758,-0.2766118049621582,0.15972286462783813,-0.02131234109401703,-0.20189961791038513,0.2533124089241028,-0.22201921045780182,0.21081317961215973,12.527202606201172,10.872782707214355,12.847097396850586,12.237702369689941,-0.059794921427965164,0.010732421651482582,0.03066406212747097,-0.04599609225988388,0.0,-0.07179399579763412,0.02340935543179512,0.03578948229551315,-0.056692466139793396,0.0,-0.008766775950789452,-0.23829150199890137,-9.842605590820312,-0.05276083946228027,-0.2964980900287628,-8.807587623596191,0.0,0.0,0.0,0.0,0.0,0.0,0.0,0.0,0.0,0.0,0.0,0.0,-0.0670776441693306,0.02047727443277836,0.030695214867591858,-0.053321994841098785,0.2878958582878113,0.2582489848136902,0.2969787120819092,0.287354052066803,-2.0588016510009766,0.37297672033309937,-0.03120574913918972,0.0,0.0,0.0,0.0,0.0,0.0,0.0
28276764148,0,-0.017006315290927887,0.0005842143436893821,-0.7975476384162903,6.569455581484362e-05,-0.04113857448101044,-0.8442511558532715,0.052686817944049835,0.0026704114861786366,0.006774832960218191,0.034144189208745956,-0.08344599604606628,-0.0467035174369812,0.011161385104060173,0.006408880930393934,-0.004706343170255423,0.0,0.0,-0.0047828578390181065,-0.09089773893356323,0.016522804275155067,0.015129219740629196,-0.08873088657855988,-0.05095210671424866,-4.889671618002467e-05,-0.2901846170425415,-1.630739450454712,-48.44173049926758,-0.2766118049621582,0.15972286462783813,-0.02131234109401703,-0.20189961791038513,0.2542947232723236,-0.2204698622226715,0.21123455464839935,12.527202606201172,10.872782707214355,12.847097396850586,12.237702369689941,-0.06132812425494194,0.012265625409781933,0.03066406212747097,-0.04599609225988388,0.0,-0.07179399579763412,0.02340935543179512,0.03578948229551315,-0.056692466139793396,0.0,-0.09436029940843582,-0.16235949099063873,-9.910576820373535,-0.05276083946228027,-0.2964980900287628,-8.807587623596191,0.0,0.0,0.0,0.0,0.0,0.0,0.0,0.0,0.0,0.0,0.0,0.0,-0.06804616004228592,0.021358083933591843,0.03176390007138252,-0.05433894693851471,0.2903769910335541,0.2590655982494354,0.2965846061706543,0.285957396030426,-2.42452073097229,0.5148019194602966,-0.13822674751281738,0.0,0.0,0.0,0.0,0.0,0.0,0.0
28287017682,0,-0.017006315290927887,0.0005842143436893821,-0.7975476384162903,6.569455581484362e-05,-0.04113857448101044,-0.8442511558532715,0.052686817944049835,0.0026704114861786366,0.006774832960218191,0.034144189208745956,-0.08344599604606628,-0.0467035174369812,0.011161385104060173,0.006408880930393934,-0.004706343170255423,0.0,0.0,-0.0047828578390181065,-0.09089773893356323,0.016522804275155067,0.015129219740629196,-0.08873088657855988,-0.05095210671424866,-4.889671618002467e-05,-0.29234063625335693,-1.629281759262085,-48.379512786865234,-0.21285808086395264,0.14282532036304474,-0.019737109541893005,-0.20241475105285645,0.25414714217185974,-0.21877329051494598,0.21165429055690765,12.514254570007324,11.046338081359863,12.690752983093262,12.169966697692871,-0.06132812425494194,0.012265625409781933,0.03066406212747097,-0.04752929508686066,0.0,-0.07193304598331451,0.02287510223686695,0.03620591014623642,-0.056949272751808167,0.0,0.11173241585493088,-0.26054298877716064,-9.945429801940918,-0.05276083946228027,-0.2964980900287628,-8.807587623596191,0.0,0.0,0.0,0.0,0.0,0.0,0.0,0.0,0.0,0.0,0.0,0.0,-0.06922048330307007,0.022145146504044533,0.03305153548717499,-0.05528523027896881,0.29069286584854126,0.26197078824043274,0.2941174805164337,0.28399497270584106,-2.42452073097229,0.5148019194602966,-0.13822674751281738,0.0,0.0,0.0,0.0,0.0,0.0,0.0
28296441280,0,-0.016541553661227226,0.0007052359287627041,-0.7974953055381775,6.569455581484362e-05,-0.04113857448101044,-0.8442511558532715,0.051926158368587494,0.0023420550860464573,0.005361352115869522,0.03286029398441315,-0.08353275805711746,-0.046785950660705566,0.009117950685322285,0.006917363498359919,-0.0043787118047475815,0.0,0.0,-0.0047828578390181065,-0.11945343017578125,0.020062124356627464,0.01914069801568985,-0.061828359961509705,-0.05618269741535187,-0.0007967000710777938,-0.29234063625335693,-1.629281759262085,-48.379512786865234,-0.21285808086395264,0.14282532036304474,-0.019737109541893005,-0.20241475105285645,0.25414714217185974,-0.21877329051494598,0.21165429055690765,12.514254570007324,11.046338081359863,12.690752983093262,12.169966697692871,-0.06132812425494194,0.010732421651482582,0.029130859300494194,-0.04906250163912773,0.0,-0.07193304598331451,0.02287510223686695,0.03620591014623642,-0.056949272751808167,0.0,0.11173241585493088,-0.26054298877716064,-9.945429801940918,-0.05177675560116768,-0.2879893183708191,-8.774469375610352,0.0,0.0,0.0,0.0,0.0,0.0,0.0,0.0,0.0,0.0,0.0,0.0,-0.0702921450138092,0.022691577672958374,0.03424767032265663,-0.056045837700366974,0.29069286584854126,0.26197078824043274,0.2941174805164337,0.28399497270584106,-2.813760995864868,0.4679774343967438,0.08063501119613647,0.0,0.0,0.0,0.0,0.0,0.0,0.0
28308249861,0,-0.01636437140405178,0.0006275968044064939,-0.7974652051925659,6.569455581484362e-05,-0.04113857448101044,-0.8442511558532715,0.05082271248102188,-0.0015674859751015902,0.0023917765356600285,0.03286029398441315,-0.08353275805711746,-0.046785950660705566,0.007907835766673088,0.0071219769306480885,-0.004071605391800404,0.0,0.0,-0.0047828578390181065,-0.1687227189540863,0.02044989913702011,0.021354448050260544,-0.028973368927836418,-0.06070950627326965,-0.002096879296004772,-0.2847721576690674,-1.5839412212371826,-48.25958251953125,-0.16782131791114807,0.13693879544734955,-0.024975359439849854,-0.20265692472457886,0.25344914197921753,-0.2177053540945053,0.21190835535526276,12.676176071166992,10.96319580078125,12.731086730957031,11.930974960327148,-0.06132812425494194,0.010732421651482582,0.029130859300494194,-0.052128907293081284,0.0,-0.06955409049987793,0.02180616743862629,0.03460022807121277,-0.05699223279953003,0.0,0.1821460872888565,-0.19510847330093384,-10.189133644104004,-0.05177675560116768,-0.2879893183708191,-8.774469375610352,0.0,0.0,0.0,0.0,0.0,0.0,0.0,0.0,0.0,0.0,0.0,0.0,-0.07101224362850189,0.022944871336221695,0.03512321785092354,-0.05658859759569168,0.293205589056015,0.2612477242946625,0.2940346300601959,0.27993059158325195,-2.6033778190612793,0.10535991191864014,-0.002289700089022517,0.0,0.0,0.0,0.0,0.0,0.0,0.0
28316709848,0,-0.015887927263975143,0.0003243212413508445,-0.7974031567573547,6.569455581484362e-05,-0.04113857448101044,-0.8442511558532715,0.04688186198472977,-0.0003446122573222965,-0.006350445561110973,0.031907401978969574,-0.0829262062907219,-0.04684799909591675,0.0036471951752901077,0.007635138928890228,-0.0030215198639780283,0.0,0.0,-0.0047828578390181065,-0.1687227189540863,0.02044989913702011,0.021354448050260544,-0.028973368927836418,-0.06070950627326965,-0.002096879296004772,-0.27181631326675415,-1.5793225765228271,-47.93425750732422,-0.08053803443908691,0.1331220269203186,-0.02316291630268097,-0.20324105024337769,0.25344914197921753,-0.2177053540945053,0.21190835535526276,12.678292274475098,11.068232536315918,12.476616859436035,11.754753112792969,-0.06132812425494194,0.009199218824505806,0.029130859300494194,-0.05672851577401161,0.0,-0.06910140067338943,0.021808193996548653,0.03475697711110115,-0.058152876794338226,0.0,0.0714954361319542,-0.0186171792447567,-9.43702220916748,-0.0460955873131752,-0.2889087200164795,-8.716815948486328,0.0,0.0,0.0,0.0,0.0,0.0,0.0,0.0,0.0,0.0,0.0,0.0,-0.07118619233369827,0.022908728569746017,0.03553862124681473,-0.05698157846927643,0.293205589056015,0.2612477242946625,0.2940346300601959,0.27993059158325195,-2.6033778190612793,0.10535991191864014,-0.002289700089022517,0.0,0.0,0.0,0.0,0.0,0.0,0.0
28326917466,0,-0.015887927263975143,0.0003243212413508445,-0.7974031567573547,6.569455581484362e-05,-0.04113857448101044,-0.8442511558532715,0.04688186198472977,-0.0003446122573222965,-0.006350445561110973,0.031613681465387344,-0.08269713073968887,-0.04686349630355835,0.0036471951752901077,0.007635138928890228,-0.0030215198639780283,0.0,0.0,-0.0047828578390181065,-0.1903449296951294,0.014965725131332874,0.013823963701725006,-0.013789168559014797,-0.06170259043574333,-0.001925711170770228,-0.27181631326675415,-1.5793225765228271,-47.93425750732422,-0.08053803443908691,0.1331220269203186,-0.02316291630268097,-0.20324105024337769,0.2508864998817444,-0.21557028591632843,0.2125353068113327,12.678292274475098,11.068232536315918,12.476616859436035,11.754753112792969,-0.06132812425494194,0.009199218824505806,0.03066406212747097,-0.05672851577401161,0.0,-0.06910140067338943,0.021808193996548653,0.03475697711110115,-0.058152876794338226,0.0,0.0714954361319542,-0.0186171792447567,-9.43702220916748,-0.044171638786792755,-0.28662270307540894,-8.731945991516113,0.0,0.0,0.0,0.0,0.0,0.0,0.0,0.0,0.0,0.0,0.0,0.0,-0.07090792059898376,0.02268778160214424,0.03559145703911781,-0.0573374442756176,0.2938757836818695,0.2624022364616394,0.2899618148803711,0.27588599920272827,-2.3539552688598633,-0.2429489642381668,-0.3796294927597046,0.0,0.0,0.0,0.0,0.0,0.0,0.0
28336773041,0,-0.015741068869829178,0.00020978337852284312,-0.7973876595497131,6.569455581484362e-05,-0.04113857448101044,-0.8442511558532715,0.04564511775970459,-0.0012197887990623713,-0.004942215979099274,0.031613681465387344,-0.08269713073968887,-0.04686349630355835,0.001737015089020133,0.0077607836574316025,-0.003171345451846719,0.0,0.0,-0.0047828578390181065,-0.207810178399086,0.005144879221916199,0.006468426436185837,0.020845383405685425,-0.06007106602191925,-0.001431032782420516,-0.24294401705265045,-1.5764248371124268,-48.02570343017578,-0.0346333384513855,0.14231210947036743,-0.013812795281410217,-0.20354196429252625,0.24890540540218353,-0.21442323923110962,0.2127702832221985,12.550804138183594,11.382195472717285,12.181415557861328,11.955058097839355,-0.06132812425494194,0.010732421651482582,0.032197266817092896,-0.055195312947034836,0.0,-0.06893347203731537,0.02198481746017933,0.034650083631277084,-0.057974305003881454,0.0,0.13228610157966614,0.0022217014338821173,-9.714421272277832,-0.044171638786792755,-0.28662270307540894,-8.731945991516113,0.0,0.0,0.0,0.0,0.0,0.0,0.0,0.0,0.0,0.0,0.0,0.0,-0.0704299658536911,0.022424956783652306,0.0354585275053978,-0.05765469744801521,0.2914023995399475,0.26858076453208923,0.2842180132865906,0.27980220317840576,-2.0253851413726807,-0.6210347414016724,-0.5641040205955505,0.0,0.0,0.0,0.0,0.0,0.0,0.0
28346931794,0,-0.015323814935982227,-0.00020847504492849112,-0.7973276376724243,6.569455581484362e-05,-0.04113857448101044,-0.8442511558532715,0.03979820758104324,-0.006034908816218376,0.013886276632547379,0.030779173597693443,-0.08186060935258865,-0.04692351818084717,-0.0049066380597651005,0.00712254224345088,-0.00367510668002069,0.0,0.0,-0.0047828578390181065,-0.24020740389823914,-0.02327330783009529,0.0017082802951335907,0.020845383405685425,-0.06007106602191925,-0.001431032782420516,-0.24294401705265045,-1.5764248371124268,-48.02570343017578,-0.0346333384513855,0.14231210947036743,-0.013812795281410217,-0.20354196429252625,0.24890540540218353,-0.21442323923110962,0.2127702832221985,12.834311485290527,11.804598808288574,12.017170906066895,12.236424446105957,-0.059794921427965164,0.013798828236758709,0.032197266817092896,-0.052128907293081284,0.0,-0.06740839034318924,0.02119801566004753,0.03512386977672577,-0.05663977935910225,0.0,0.13228610157966614,0.0022217014338821173,-9.714421272277832,-0.03391774743795395,-0.27475953102111816,-8.880455017089844,0.0,0.0,0.0,0.0,0.0,0.0,0.0,0.0,0.0,0.0,0.0,0.0,-0.06985614448785782,0.022170037031173706,0.035270754247903824,-0.05781637877225876,0.2914023995399475,0.26858076453208923,0.2842180132865906,0.27980220317840576,-1.6636552810668945,-1.2039119005203247,-0.33002519607543945,0.0,0.0,0.0,0.0,0.0,0.0,0.0
28356682328,0,-0.015323814935982227,-0.00020847504492849112,-0.7973276376724243,6.569455581484362e-05,-0.04113857448101044,-0.8442511558532715,0.03979820758104324,-0.006034908816218376,0.013886276632547379,0.030779173597693443,-0.08186060935258865,-0.04692351818084717,-0.0049066380597651005,0.00712254224345088,-0.00367510668002069,0.0,0.0,-0.0047828578390181065,-0.24960125982761383,-0.03738231211900711,0.005203378852456808,0.046299804002046585,-0.05506005510687828,-0.0020846473053097725,-0.18654760718345642,-1.51117742061615,-48.84250259399414,0.061949849128723145,0.1921617090702057,-0.008008688688278198,-0.2043856680393219,0.24890540540218353,-0.21442323923110962,0.2127702832221985,12.834311485290527,11.804598808288574,12.017170906066895,12.236424446105957,-0.06132812425494194,0.015332031063735485,0.032197266817092896,-0.052128907293081284,0.0,-0.06412176042795181,0.020855164155364037,0.03146667778491974,-0.05645870417356491,0.0,0.13228610157966614,0.0022217014338821173,-9.714421272277832,-0.03391774743795395,-0.27475953102111816,-8.880455017089844,0.0,0.0,0.0,0.0,0.0,0.0,0.0,0.0,0.0,0.0,0.0,0.0,-0.06904099136590958,0.02188577875494957,0.03496073558926582,-0.0577319897711277,0.2914023995399475,0.26858076453208923,0.2842180132865906,0.27980220317840576,-1.3937170505523682,-1.3859869241714478,-0.047405049204826355,0.0,0.0,0.0,0.0,0.0,0.0,0.0
28366976208,0,-0.015199530869722366,-0.00035463995300233364,-0.7972819805145264,6.569455581484362e-05,-0.04113857448101044,-0.8442511558532715,0.03829709812998772,-0.008046461269259453,0.01676296629011631,0.030530603602528572,-0.08156827837228775,-0.04696917533874512,-0.007125315256416798,0.006563268601894379,-0.003495576325803995,0.0,0.0,-0.0047828578390181065,-0.24960125982761383,-0.03738231211900711,0.005203378852456808,0.06554383784532547,-0.052192527800798416,-0.002091925358399749,-0.17320695519447327,-1.48440682888031,-48.94719314575195,0.09077219665050507,0.21053719520568848,-0.013222500681877136,-0.20463019609451294,0.24890540540218353,-0.21442323923110962,0.2127702832221985,13.06473445892334,11.7157564163208,12.100810050964355,12.115854263305664,-0.06132812425494194,0.015332031063735485,0.032197266817092896,-0.052128907293081284,0.0,-0.0619221106171608,0.020585274323821068,0.03005465678870678,-0.056650590151548386,0.0,0.06222323700785637,-0.15513350069522858,-9.40802001953125,-0.03149217367172241,-0.269892156124115,-8.899489402770996,0.0,0.0,0.0,0.0,0.0,0.0,0.0,0.0,0.0,0.0,0.0,0.0,-0.06778249889612198,0.02155916392803192,0.034267086535692215,-0.05747273564338684,0.2914023995399475,0.26858076453208923,0.2842180132865906,0.27980220317840576,-1.3937170505523682,-1.3859869241714478,-0.047405049204826355,0.0,0.0,0.0,0.0,0.0,0.0,0.0
28377935097,0,-0.015199530869722366,-0.00035463995300233364,-0.7972819805145264,6.569455581484362e-05,-0.04113857448101044,-0.8442511558532715,0.03829709812998772,-0.008046461269259453,0.01676296629011631,0.030530603602528572,-0.08156827837228775,-0.04696917533874512,-0.007125315256416798,0.006563268601894379,-0.003495576325803995,0.0,0.0,-0.0047828578390181065,-0.25413885712623596,-0.03923716023564339,0.004739102907478809,0.06554383784532547,-0.052192527800798416,-0.002091925358399749,-0.17320695519447327,-1.48440682888031,-48.94719314575195,0.09077219665050507,0.21053719520568848,-0.013222500681877136,-0.20463019609451294,0.2383100837469101,-0.2114875465631485,0.212855264544487,13.06473445892334,11.7157564163208,12.100810050964355,12.115854263305664,-0.06132812425494194,0.015332031063735485,0.03373046964406967,-0.05366211012005806,0.0,-0.0619221106171608,0.020585274323821068,0.03005465678870678,-0.056650590151548386,0.0,0.06222323700785637,-0.15513350069522858,-9.40802001953125,-0.03149217367172241,-0.269892156124115,-8.899489402770996,0.0,0.0,0.0,0.0,0.0,0.0,0.0,0.0,0.0,0.0,0.0,0.0,-0.06618362665176392,0.0212312713265419,0.033213771879673004,-0.057184673845767975,0.3013536334037781,0.2751227021217346,0.2826467752456665,0.28294023871421814,-1.4127999544143677,-1.255458950996399,-0.06236490607261658,0.0,0.0,0.0,0.0,0.0,0.0,0.0
28386841918,0,-0.015028569847345352,-0.000789156008977443,-0.7971978187561035,6.569455581484362e-05,-0.04113857448101044,-0.8442511558532715,0.04201335459947586,-0.006167248357087374,0.010302752256393433,0.030188679695129395,-0.08069924265146255,-0.04705333709716797,-0.011480242013931274,0.0053352657705545425,-0.0030002500861883163,0.0,0.0,-0.0047828578390181065,-0.2566920220851898,-0.052010755985975266,0.004568958654999733,0.091281957924366,-0.042382970452308655,-0.0021758368238806725,-0.2087286114692688,-1.4749464988708496,-48.89470291137695,0.11720339953899384,0.2279239296913147,-0.011876881122589111,-0.20495352149009705,0.23413299024105072,-0.211189404129982,0.21290074288845062,13.083681106567383,11.751070976257324,11.987122535705566,12.120031356811523,-0.059794921427965164,0.013798828236758709,0.03526367247104645,-0.055195312947034836,0.0,-0.06256484985351562,0.019139856100082397,0.031079471111297607,-0.05534587427973747,0.0,0.06885063648223877,0.18551737070083618,-9.817832946777344,-0.039919331669807434,-0.27164536714553833,-8.845274925231934,0.0,0.0,0.0,0.0,0.0,0.0,0.0,0.0,0.0,0.0,0.0,0.0,-0.06464056670665741,0.02088412642478943,0.03216007351875305,-0.056884266436100006,0.3013536334037781,0.2751227021217346,0.2826467752456665,0.28294023871421814,-0.9509581923484802,-1.2911322116851807,-0.09872062504291534,0.0,0.0,0.0,0.0,0.0,0.0,0.0
28396634505,0,-0.015028569847345352,-0.000789156008977443,-0.7971978187561035,6.569455581484362e-05,-0.04113857448101044,-0.8442511558532715,0.04201335459947586,-0.006167248357087374,0.010302752256393433,0.029898347333073616,-0.0798201635479927,-0.047139763832092285,-0.011480242013931274,0.0053352657705545425,-0.0030002500861883163,0.0,0.0,-0.0047828578390181065,-0.24367722868919373,-0.07030892372131348,0.0018172799609601498,0.091281957924366,-0.042382970452308655,-0.0021758368238806725,-0.2726810574531555,-1.514741063117981,-48.420204162597656,0.15023447573184967,0.2600181996822357,-0.008384272456169128,-0.20551113784313202,0.22639881074428558,-0.2112264484167099,0.21292449533939362,12.978620529174805,11.721741676330566,11.681154251098633,12.086981773376465,-0.059794921427965164,0.012265625409781933,0.036796875298023224,-0.055195312947034836,0.0,-0.06595084816217422,0.018407253548502922,0.03498377650976181,-0.05483986437320709,0.0,0.06885063648223877,0.18551737070083618,-9.817832946777344,-0.04957837611436844,-0.27540746331214905,-8.80367374420166,0.0,0.0,0.0,0.0,0.0,0.0,0.0,0.0,0.0,0.0,0.0,0.0,-0.06362519413232803,0.020424412563443184,0.0315752848982811,-0.056489497423172,0.29968976974487305,0.2752397954463959,0.27444517612457275,0.28237709403038025,0.14292068779468536,-0.9558243155479431,-0.1765681952238083,0.0,0.0,0.0,0.0,0.0,0.0,0.0
28406746236,0,-0.014883404597640038,-0.0012286941055208445,-0.7971113920211792,6.569455581484362e-05,-0.04113857448101044,-0.8442511558532715,0.04644697532057762,-0.003338900161907077,0.004324102308601141,0.029898347333073616,-0.0798201635479927,-0.047139763832092285,-0.015592135488986969,0.004234583117067814,-0.0028684712015092373,0.0,0.0,-0.0047828578390181065,-0.23528607189655304,-0.08298803120851517,0.002984892576932907,0.13438524305820465,-0.031075404956936836,-0.0018315251218155026,-0.2578567862510681,-1.447930097579956,-48.40440368652344,0.15785546600818634,0.2821884751319885,-0.010197937488555908,-0.20578376948833466,0.22241689264774323,-0.21153566241264343,0.21293014287948608,13.066133499145508,11.64992618560791,11.67715072631836,12.06109619140625,-0.059794921427965164,0.012265625409781933,0.03526367247104645,-0.05672851577401161,0.0,-0.0633176937699318,0.01691734977066517,0.03249726444482803,-0.0534561388194561,0.0,-0.23705226182937622,-0.4339004456996918,-9.513589859008789,-0.04957837611436844,-0.27540746331214905,-8.80367374420166,0.0,0.0,0.0,0.0,0.0,0.0,0.0,0.0,0.0,0.0,0.0,0.0,-0.06327728927135468,0.01979116164147854,0.031621821224689484,-0.05595045164227486,0.30138054490089417,0.27383339405059814,0.2743667662143707,0.2818721532821655,0.40012383460998535,-1.0388928651809692,-0.07301925867795944,0.0,0.0,0.0,0.0,0.0,0.0,0.0
28417121104,0,-0.014844994060695171,-0.001482249004766345,-0.7970583438873291,6.569455581484362e-05,-0.04113857448101044,-0.8442511558532715,0.04495963826775551,-0.008828611113131046,0.00362039334140718,0.029821526259183884,-0.07931304723024368,-0.04719281196594238,-0.01781035214662552,0.0035100379027426243,-0.0028770919889211655,0.0,0.0,-0.0047828578390181065,-0.22464270889759064,-0.09556809812784195,0.0023671083617955446,0.1489875316619873,-0.02272414229810238,-0.002057442907243967,-0.2578567862510681,-1.447930097579956,-48.40440368652344,0.15785546600818634,0.2821884751319885,-0.010197937488555908,-0.20578376948833466,0.22241689264774323,-0.21153566241264343,0.21293014287948608,13.066133499145508,11.64992618560791,11.67715072631836,12.06109619140625,-0.059794921427965164,0.015332031063735485,0.03373046964406967,-0.05826171860098839,0.0,-0.0633176937699318,0.01691734977066517,0.03249726444482803,-0.0534561388194561,0.0,-0.32071399688720703,-0.10659998655319214,-9.541236877441406,-0.046883054077625275,-0.26326000690460205,-8.800800323486328,0.0,0.0,0.0,0.0,0.0,0.0,0.0,0.0,0.0,0.0,0.0,0.0,-0.06323511898517609,0.019018156453967094,0.03192095831036568,-0.055288903415203094,0.30138054490089417,0.27383339405059814,0.2743667662143707,0.2818721532821655,0.6790363788604736,-1.1646196842193604,-0.11196541786193848,0.0,0.0,0.0,0.0,0.0,0.0,0.0
28426946239,0,-0.01471428107470274,-0.002043617656454444,-0.7969306707382202,6.569455581484362e-05,-0.04113857448101044,-0.8442511558532715,0.042236778885126114,-0.02097601816058159,0.00753101846203208,0.02956009842455387,-0.07819031178951263,-0.04732048511505127,-0.021852949634194374,0.0016062138602137566,-0.003039723029360175,0.0,0.0,-0.0047828578390181065,-0.21098794043064117,-0.11058865487575531,0.0017236965941265225,0.1489875316619873,-0.02272414229810238,-0.002057442907243967,-0.23221619427204132,-1.2992475032806396,-48.591182708740234,0.1615278571844101,0.3308781087398529,-0.008546456694602966,-0.20628076791763306,0.21494315564632416,-0.21278905868530273,0.2129477858543396,13.151528358459473,11.667657852172852,11.602707862854004,12.220070838928223,-0.059794921427965164,0.016865234822034836,0.032197266817092896,-0.05826171860098839,0.0,-0.05825221166014671,0.013116488233208656,0.027344951406121254,-0.049239806830883026,0.0,-0.32071399688720703,-0.10659998655319214,-9.541236877441406,-0.04222112521529198,-0.23622682690620422,-8.834760665893555,0.0,0.0,0.0,0.0,0.0,0.0,0.0,0.0,0.0,0.0,0.0,0.0,-0.06299594044685364,0.018074985593557358,0.03193673864006996,-0.05443083867430687,0.30302906036376953,0.2741807997226715,0.27290791273117065,0.28497129678726196,0.9168847799301147,-1.2494747638702393,-0.12342143058776855,0.0,0.0,0.0,0.0,0.0,0.0,0.0
28436998634,0,-0.01471428107470274,-0.002043617656454444,-0.7969306707382202,6.569455581484362e-05,-0.04113857448101044,-0.8442511558532715,0.042236778885126114,-0.02097601816058159,0.00753101846203208,0.02956009842455387,-0.07819031178951263,-0.04732048511505127,-0.021852949634194374,0.0016062138602137566,-0.003039723029360175,0.0,0.0,-0.0047828578390181065,-0.21098794043064117,-0.11058865487575531,0.0017236965941265225,0.17465190589427948,-0.004994353279471397,-0.0024278496857732534,-0.23221619427204132,-1.2992475032806396,-48.591182708740234,0.1615278571844101,0.3308781087398529,-0.008546456694602966,-0.20628076791763306,0.21494315564632416,-0.21278905868530273,0.2129477858543396,13.151528358459473,11.667657852172852,11.602707862854004,12.220070838928223,-0.059794921427965164,0.018398437649011612,0.03066406212747097,-0.059794921427965164,0.0,-0.05825221166014671,0.013116488233208656,0.027344951406121254,-0.049239806830883026,0.0,-0.14227940142154694,-0.4567767381668091,-9.603859901428223,-0.04222112521529198,-0.23622682690620422,-8.834760665893555,0.0,0.0,0.0,0.0,0.0,0.0,0.0,0.0,0.0,0.0,0.0,0.0,-0.062236640602350235,0.016871485859155655,0.03133487328886986,-0.05324545130133629,0.30302906036376953,0.2741807997226715,0.27290791273117065,0.28497129678726196,0.9168847799301147,-1.2494747638702393,-0.12342143058776855,0.0,0.0,0.0,0.0,0.0,0.0,0.0
28446767609,0,-0.014614362269639969,-0.0023622605949640274,-0.7968416213989258,6.569455581484362e-05,-0.04113857448101044,-0.8442511558532715,0.037686076015233994,-0.027129599824547768,0.01069505512714386,0.02936026081442833,-0.07755301892757416,-0.0474095344543457,-0.023480890318751335,0.0003107001830358058,-0.0030804802663624287,0.0,0.0,-0.0047828578390181065,-0.1727733314037323,-0.12475008517503738,0.0042047323659062386,0.18816111981868744,0.0027926056645810604,-0.0025264143478125334,-0.18537238240242004,-1.2228294610977173,-48.725887298583984,0.15863975882530212,0.34742724895477295,-0.009412556886672974,-0.20650576055049896,0.2115231454372406,-0.21367016434669495,0.21295535564422607,13.227339744567871,11.650552749633789,11.637142181396484,12.262439727783203,-0.059794921427965164,0.018398437649011612,0.03066406212747097,-0.059794921427965164,0.0,-0.05463660508394241,0.012217205949127674,0.02349691651761532,-0.04823579266667366,0.0,-0.14227940142154694,-0.4567767381668091,-9.603859901428223,-0.03370406851172447,-0.22233262658119202,-8.859251976013184,0.0,0.0,0.0,0.0,0.0,0.0,0.0,0.0,0.0,0.0,0.0,0.0,-0.06096117943525314,0.015545204281806946,0.030125103890895844,-0.05187699571251869,0.30449146032333374,0.2738455832004547,0.27358278632164,0.2857963442802429,1.6174286603927612,-0.7914183139801025,0.007919342257082462,0.0,0.0,0.0,0.0,0.0,0.0,0.0
28457156139,0,-0.014614362269639969,-0.0023622605949640274,-0.7968416213989258,6.569455581484362e-05,-0.04113857448101044,-0.8442511558532715,0.037686076015233994,-0.027129599824547768,0.01069505512714386,0.02936026081442833,-0.07755301892757416,-0.0474095344543457,-0.023480890318751335,0.0003107001830358058,-0.0030804802663624287,0.0,0.0,-0.0047828578390181065,-0.1444683074951172,-0.12616926431655884,0.006230853497982025,0.18816111981868744,0.0027926056645810604,-0.0025264143478125334,-0.18236775696277618,-1.1885087490081787,-48.86860656738281,0.14921626448631287,0.35849106311798096,-0.011428028345108032,-0.20676547288894653,0.20761913061141968,-0.21486493945121765,0.2129928469657898,13.314732551574707,11.606199264526367,11.72143268585205,12.278910636901855,-0.059794921427965164,0.016865234822034836,0.03066406212747097,-0.059794921427965164,0.0,-0.05330630764365196,0.01128554530441761,0.02217768505215645,-0.04729133099317551,0.0,-0.14227940142154694,-0.4567767381668091,-9.603859901428223,-0.03370406851172447,-0.22233262658119202,-8.859251976013184,0.0,0.0,0.0,0.0,0.0,0.0,0.0,0.0,0.0,0.0,0.0,0.0,-0.05927225947380066,0.014277324080467224,0.028423702344298363,-0.050534822046756744,0.30617576837539673,0.2729765772819519,0.27523377537727356,0.28611692786216736,2.07011079788208,-0.4463730454444885,0.06824368983507156,0.0,0.0,0.0,0.0,0.0,0.0,0.0
28466968092,0,-0.014326062053442001,-0.0034951253328472376,-0.7964863777160645,6.569455581484362e-05,-0.04113857448101044,-0.8442511558532715,0.03731879964470863,-0.024671243503689766,0.016211606562137604,0.028783656656742096,-0.07528727501630783,-0.04776477813720703,-0.026302002370357513,-0.003233160823583603,-0.0026338458992540836,0.0,0.0,-0.0047828578390181065,-0.1444683074951172,-0.12616926431655884,0.006230853497982025,0.20908352732658386,0.02579396776854992,-0.0025275666266679764,-0.19960683584213257,-1.1989402770996094,-48.994503021240234,0.1299414336681366,0.36573684215545654,-0.013362720608711243,-0.207023486495018,0.2039119005203247,-0.21619519591331482,0.2130662202835083,13.375578880310059,11.549434661865234,11.819838523864746,12.302194595336914,-0.059794921427965164,0.015332031063735485,0.03066406212747097,-0.059794921427965164,0.0,-0.0538170263171196,0.01110832393169403,0.022797171026468277,-0.047028735280036926,0.0,-0.1564418524503708,0.15555234253406525,-9.721790313720703,-0.03463976830244064,-0.22219672799110413,-8.90038013458252,0.0,0.0,0.0,0.0,0.0,0.0,0.0,0.0,0.0,0.0,0.0,0.0,-0.05742567777633667,0.013136504217982292,0.026523809880018234,-0.04930766671895981,0.3073475658893585,0.2718636095523834,0.27715933322906494,0.28657007217407227,2.07011079788208,-0.4463730454444885,0.06824368983507156,0.0,0.0,0.0,0.0,0.0,0.0,0.0
28476947073,0,-0.014326062053442001,-0.0034951253328472376,-0.7964863777160645,6.569455581484362e-05,-0.04113857448101044,-0.8442511558532715,0.03731879964470863,-0.024671243503689766,0.016211606562137604,0.02830662950873375,-0.07361726462841034,-0.04801774024963379,-0.026302002370357513,-0.003233160823583603,-0.0026338458992540836,0.0,0.0,-0.0047828578390181065,-0.08787292242050171,-0.14422303438186646,0.008155178278684616,0.22491157054901123,0.05225939676165581,-0.0027008422184735537,-0.217141255736351,-1.2384161949157715,-48.94691848754883,0.08282707631587982,0.4186111092567444,-0.014543280005455017,-0.20750048756599426,0.19774027168750763,-0.21911771595478058,0.21328312158584595,13.40092945098877,11.355795860290527,11.829202651977539,12.414602279663086,-0.059794921427965164,0.012265625409781933,0.03066406212747097,-0.05826171860098839,0.0,-0.05526019632816315,0.011935263872146606,0.024439696222543716,-0.04726995527744293,0.0,-0.129512220621109,-0.4345735013484955,-9.891685485839844,-0.0451972596347332,-0.226393461227417,-8.897409439086914,0.0,0.0,0.0,0.0,0.0,0.0,0.0,0.0,0.0,0.0,0.0,0.0,-0.05589462071657181,0.01224750466644764,0.02494894713163376,-0.04830684885382652,0.3078356385231018,0.268062025308609,0.2773425877094269,0.28875666856765747,2.5149166584014893,-0.8607062101364136,0.044168621301651,0.0,0.0,0.0,0.0,0.0,0.0,0.0
28486983999,0,-0.014087549410760403,-0.004330124240368605,-0.7962334156036377,6.569455581484362e-05,-0.04113857448101044,-0.8442511558532715,0.041928138583898544,-0.02088955231010914,0.015809500589966774,0.02830662950873375,-0.07361726462841034,-0.04801774024963379,-0.027405764907598495,-0.005855634808540344,-0.0022550695575773716,0.0,0.0,-0.0047828578390181065,-0.05904873088002205,-0.1621948927640915,0.009189808741211891,0.22491157054901123,0.05225939676165581,-0.0027008422184735537,-0.26406076550483704,-1.238747477531433,-48.83511734008789,0.06324374675750732,0.4623892903327942,-0.015142396092414856,-0.20775724947452545,0.19480302929878235,-0.2211514711380005,0.21343092620372772,13.42553424835205,11.214790344238281,11.77868366241455,12.469533920288086,-0.059794921427965164,0.009199218824505806,0.027597656473517418,-0.05672851577401161,0.0,-0.056425902992486954,0.01059163548052311,0.025939585641026497,-0.04576162248849869,0.0,-0.129512220621109,-0.4345735013484955,-9.891685485839844,-0.0451972596347332,-0.226393461227417,-8.897409439086914,0.0,0.0,0.0,0.0,0.0,0.0,0.0,0.0,0.0,0.0,0.0,0.0,-0.05501176044344902,0.011652534827589989,0.024073859676718712,-0.04754258319735527,0.30830925703048706,0.2652890086174011,0.27635428309440613,0.2898242771625519,2.5508029460906982,-1.2427706718444824,0.043593186885118484,0.0,0.0,0.0,0.0,0.0,0.0,0.0
28496548407,0,-0.013989278115332127,-0.004742433317005634,-0.7961212396621704,6.569455581484362e-05,-0.04113857448101044,-0.8442511558532715,0.04303407669067383,-0.020703669637441635,0.013407663442194462,0.028110086917877197,-0.072792649269104,-0.048129916191101074,-0.027903741225600243,-0.007486856076866388,-0.002075801370665431,0.0,0.0,-0.0047828578390181065,-0.02912764623761177,-0.17710700631141663,0.00849833618849516,0.22450605034828186,0.06661523133516312,-0.002853918820619583,-0.26406076550483704,-1.238747477531433,-48.83511734008789,0.06324374675750732,0.4623892903327942,-0.015142396092414856,-0.20775724947452545,0.19480302929878235,-0.2211514711380005,0.21343092620372772,13.42553424835205,11.214790344238281,11.77868366241455,12.469533920288086,-0.05826171860098839,0.009199218824505806,0.027597656473517418,-0.05672851577401161,0.0,-0.056425902992486954,0.01059163548052311,0.025939585641026497,-0.04576162248849869,0.0,-0.1598619818687439,-0.3048034608364105,-9.892159461975098,-0.04801104962825775,-0.22522681951522827,-8.879112243652344,0.0,0.0,0.0,0.0,0.0,0.0,0.0,0.0,0.0,0.0,0.0,0.0,-0.05478472635149956,0.011226139962673187,0.02391856350004673,-0.046907659620046616,0.30830925703048706,0.2652890086174011,0.27635428309440613,0.2898242771625519,2.607936143875122,-1.2687817811965942,-0.027755608782172203,0.0,0.0,0.0,0.0,0.0,0.0,0.0
28507039622,0,-0.013989278115332127,-0.004742433317005634,-0.7961212396621704,6.569455581484362e-05,-0.04113857448101044,-0.8442511558532715,0.04303407669067383,-0.020703669637441635,0.013407663442194462,0.028110086917877197,-0.072792649269104,-0.048129916191101074,-0.027903741225600243,-0.007486856076866388,-0.002075801370665431,0.0,0.0,-0.0047828578390181065,-0.005036185961216688,-0.18149927258491516,0.005503441672772169,0.22450605034828186,0.06661523133516312,-0.002853918820619583,-0.2668556571006775,-1.1053546667099,-48.6307258605957,0.007751360535621643,0.51024329662323,-0.010147452354431152,-0.20823368430137634,0.19014890491962433,-0.225877583026886,0.2136702984571457,13.23830509185791,11.128005981445312,11.613523483276367,12.702363014221191,-0.05672851577401161,0.009199218824505806,0.027597656473517418,-0.05672851577401161,0.0,-0.05377073213458061,0.00630065705627203,0.022286957129836082,-0.0411689355969429,0.0,-0.1598619818687439,-0.3048034608364105,-9.892159461975098,-0.04801104962825775,-0.22522681951522827,-8.879112243652344,0.0,0.0,0.0,0.0,0.0,0.0,0.0,0.0,0.0,0.0,0.0,0.0,-0.054853420704603195,0.01070139929652214,0.02404661662876606,-0.04617205262184143,0.3047029376029968,0.2635800242424011,0.27312007546424866,0.2943425178527832,2.548412561416626,-0.8702940344810486,-0.169752836227417,0.0,0.0,0.0,0.0,0.0,0.0,0.0
28519070916,0,-0.01375881489366293,-0.005555413663387299,-0.7959442138671875,6.569455581484362e-05,-0.04113857448101044,-0.8442511558532715,0.042639654129743576,-0.03136713057756424,0.008428971283137798,0.027649156749248505,-0.07116667926311493,-0.048306941986083984,-0.028145119547843933,-0.010670348070561886,-0.0019793235696852207,0.0,0.0,-0.0047828578390181065,-0.005036185961216688,-0.18149927258491516,0.005503441672772169,0.21384216845035553,0.10509675741195679,-0.0030611129477620125,-0.2668556571006775,-1.1053546667099,-48.6307258605957,0.007751360535621643,0.51024329662323,-0.010147452354431152,-0.20823368430137634,0.19014890491962433,-0.225877583026886,0.2136702984571457,13.23830509185791,11.128005981445312,11.613523483276367,12.702363014221191,-0.05672851577401161,0.010732421651482582,0.026064453646540642,-0.055195312947034836,0.0,-0.05377073213458061,0.00630065705627203,0.022286957129836082,-0.0411689355969429,0.0,-0.004171588458120823,-0.08624297380447388,-9.970359802246094,-0.048519209027290344,-0.20097357034683228,-8.841950416564941,0.0,0.0,0.0,0.0,0.0,0.0,0.0,0.0,0.0,0.0,0.0,0.0,-0.05480990558862686,0.009829219430685043,0.02395339123904705,-0.0450989305973053,0.3047029376029968,0.2635800242424011,0.27312007546424866,0.2943425178527832,2.548412561416626,-0.8702940344810486,-0.169752836227417,0.0,0.0,0.0,0.0,0.0,0.0,0.0
28526675711,0,-0.013395148329436779,-0.006245939526706934,-0.7958298921585083,6.569455581484362e-05,-0.04113857448101044,-0.8442511558532715,0.040562521666288376,-0.04423012211918831,0.0068036229349672794,0.026921819895505905,-0.06978561729192734,-0.048421263694763184,-0.027570199221372604,-0.013519064523279667,-0.001995796337723732,0.0,0.0,-0.0047828578390181065,0.036427441984415054,-0.17048968374729156,0.0012916678097099066,0.21384216845035553,0.10509675741195679,-0.0030611129477620125,-0.2668556571006775,-1.1053546667099,-48.6307258605957,0.007751360535621643,0.51024329662323,-0.010147452354431152,-0.20823368430137634,0.19014890491962433,-0.225877583026886,0.2136702984571457,13.081085205078125,11.129539489746094,11.567256927490234,12.843436241149902,-0.055195312947034836,0.012265625409781933,0.026064453646540642,-0.055195312947034836,0.0,-0.054417647421360016,0.006299787200987339,0.022376108914613724,-0.04071648791432381,0.0,-0.15256211161613464,-0.38154566287994385,-10.093544960021973,-0.04618310183286667,-0.17269307374954224,-8.831559181213379,0.0,0.0,0.0,0.0,0.0,0.0,0.0,0.0,0.0,0.0,0.0,0.0,-0.05462659150362015,0.008749114349484444,0.023604150861501694,-0.043825093656778336,0.3047029376029968,0.2635800242424011,0.27312007546424866,0.2943425178527832,2.058842182159424,0.2272537648677826,-0.15399520099163055,0.0,0.0,0.0,0.0,0.0,0.0,0.0
28536608684,0,-0.013395148329436779,-0.006245939526706934,-0.7958298921585083,6.569455581484362e-05,-0.04113857448101044,-0.8442511558532715,0.040562521666288376,-0.04423012211918831,0.0068036229349672794,0.026921819895505905,-0.06978561729192734,-0.048421263694763184,-0.027570199221372604,-0.013519064523279667,-0.001995796337723732,0.0,0.0,-0.0047828578390181065,0.05444391816854477,-0.15902374684810638,0.0017236201092600822,0.21049566566944122,0.1159532219171524,-0.0030265271198004484,-0.25914132595062256,-0.8852378129959106,-48.451011657714844,-0.05078837275505066,0.5124692916870117,-0.007995814085006714,-0.20893943309783936,0.18473085761070251,-0.2340576946735382,0.2136828899383545,13.049457550048828,11.043807029724121,11.601234436035156,12.802947044372559,-0.055195312947034836,0.010732421651482582,0.024531250819563866,-0.055195312947034836,0.0,-0.04842762276530266,-0.0005206136265769601,0.015299919992685318,-0.03503555804491043,0.0,-0.15256211161613464,-0.38154566287994385,-10.093544960021973,-0.04618310183286667,-0.17269307374954224,-8.831559181213379,0.0,0.0,0.0,0.0,0.0,0.0,0.0,0.0,0.0,0.0,0.0,0.0,-0.054191701114177704,0.007451340556144714,0.022875230759382248,-0.04238378256559372,0.3010586202144623,0.26192083954811096,0.2728792726993561,0.29629117250442505,1.8160101175308228,0.7030119895935059,-0.03151720017194748,0.0,0.0,0.0,0.0,0.0,0.0,0.0
28546902420,0,-0.013199309818446636,-0.006601826753467321,-0.7957925200462341,6.569455581484362e-05,-0.04113857448101044,-0.8442511558532715,0.040581099689006805,-0.049514289945364,0.0037552942521870136,0.02653014101088047,-0.06907384097576141,-0.048458635807037354,-0.026955246925354004,-0.014985878020524979,-0.0018753010081127286,0.0,0.0,-0.0047828578390181065,0.07177622616291046,-0.13792121410369873,-0.0004932180745527148,0.20654650032520294,0.12641794979572296,-0.0030330922454595566,-0.25914132595062256,-0.8852378129959106,-48.451011657714844,-0.05078837275505066,0.5124692916870117,-0.007995814085006714,-0.20893943309783936,0.18473085761070251,-0.2340576946735382,0.2136828899383545,13.049457550048828,11.043807029724121,11.601234436035156,12.802947044372559,-0.055195312947034836,0.009199218824505806,0.024531250819563866,-0.05366211012005806,0.0,-0.04842762276530266,-0.0005206136265769601,0.015299919992685318,-0.03503555804491043,0.0,-0.18806897103786469,-0.21603181958198547,-10.125530242919922,-0.04711660370230675,-0.16095232963562012,-8.809274673461914,0.0,0.0,0.0,0.0,0.0,0.0,0.0,0.0,0.0,0.0,0.0,0.0,-0.05319051444530487,0.005656674038618803,0.021445326507091522,-0.040581051260232925,0.3010586202144623,0.26192083954811096,0.2728792726993561,0.29629117250442505,1.6720771789550781,1.4060192108154297,-0.10416833311319351,0.0,0.0,0.0,0.0,0.0,0.0,0.0
28557979576,0,-0.01255141943693161,-0.007504147011786699,-0.7958381772041321,6.569455581484362e-05,-0.04113857448101044,-0.8442511558532715,0.04468473419547081,-0.05311740189790726,-0.003439944703131914,0.02523435465991497,-0.06726919114589691,-0.048412978649139404,-0.0239133071154356,-0.0179918073117733,-0.0019307216862216592,0.0,0.0,-0.0047828578390181065,0.08565866947174072,-0.11254499107599258,-0.003269735025241971,0.20654650032520294,0.12641794979572296,-0.0030330922454595566,-0.25914132595062256,-0.8852378129959106,-48.451011657714844,-0.05078837275505066,0.5124692916870117,-0.007995814085006714,-0.20893943309783936,0.18473085761070251,-0.2340576946735382,0.2136828899383545,12.742209434509277,11.158061981201172,11.540946960449219,12.893630027770996,-0.055195312947034836,0.006132812704890966,0.024531250819563866,-0.05366211012005806,0.0,-0.04959627985954285,-0.0005152805242687464,0.015379853546619415,-0.03478905186057091,0.0,-0.18806897103786469,-0.21603181958198547,-10.125530242919922,-0.05803336203098297,-0.15087351202964783,-8.761682510375977,0.0,0.0,0.0,0.0,0.0,0.0,0.0,0.0,0.0,0.0,0.0,0.0,-0.05187314376235008,0.003634402994066477,0.019611775875091553,-0.038659777492284775,0.3010586202144623,0.26192083954811096,0.2728792726993561,0.29629117250442505,1.5574630498886108,2.070249319076538,-0.1640043407678604,0.0,0.0,0.0,0.0,0.0,0.0,0.0
28566510484,0,-0.01255141943693161,-0.007504147011786699,-0.7958381772041321,6.569455581484362e-05,-0.04113857448101044,-0.8442511558532715,0.04468473419547081,-0.05311740189790726,-0.003439944703131914,0.02523435465991497,-0.06726919114589691,-0.048412978649139404,-0.0239133071154356,-0.0179918073117733,-0.0019307216862216592,0.0,0.0,-0.0047828578390181065,0.12252943217754364,-0.05723962187767029,-0.018135549500584602,0.19000791013240814,0.14314357936382294,-0.003164042020216584,-0.3744719624519348,-0.8212032318115234,-48.102970123291016,-0.15181930363178253,0.4238097071647644,0.013879910111427307,-0.20979353785514832,0.17999660968780518,-0.2434273064136505,0.2131052017211914,12.119129180908203,11.486842155456543,11.260208129882812,13.278223037719727,-0.05366211012005806,0.003066406352445483,0.02299804612994194,-0.052128907293081284,0.0,-0.05372370779514313,-0.006102071143686771,0.017291713505983353,-0.029072731733322144,0.0,-0.08007089048624039,-0.16022248566150665,-10.02584171295166,-0.05803336203098297,-0.15087351202964783,-8.761682510375977,0.0,0.0,0.0,0.0,0.0,0.0,0.0,0.0,0.0,0.0,0.0,0.0,-0.0509415902197361,0.0016161210369318724,0.018013618886470795,-0.03674828261137009,0.3010586202144623,0.26192083954811096,0.2728792726993561,0.29629117250442505,1.6603364944458008,2.4491424560546875,-0.5712665915489197,0.0,0.0,0.0,0.0,0.0,0.0,0.0
28576894573,0,-0.01255141943693161,-0.007504147011786699,-0.7958381772041321,6.569455581484362e-05,-0.04113857448101044,-0.8442511558532715,0.04468473419547081,-0.05311740189790726,-0.003439944703131914,0.024534163996577263,-0.0662122592329979,-0.048290371894836426,-0.0239133071154356,-0.0179918073117733,-0.0019307216862216592,0.0,0.0,-0.0047828578390181065,0.12252943217754364,-0.05723962187767029,-0.018135549500584602,0.19000791013240814,0.14314357936382294,-0.003164042020216584,-0.3744719624519348,-0.8212032318115234,-48.102970123291016,-0.15181930363178253,0.4238097071647644,0.013879910111427307,-0.20979353785514832,0.17999660968780518,-0.2434273064136505,0.2131052017211914,12.119129180908203,11.486842155456543,11.260208129882812,13.278223037719727,-0.05366211012005806,0.0015332031762227416,0.021464843302965164,-0.052128907293081284,0.0,-0.05372370779514313,-0.006102071143686771,0.017291713505983353,-0.029072731733322144,0.0,-0.08007089048624039,-0.16022248566150665,-10.02584171295166,-0.06808581203222275,-0.1493096798658371,-8.745994567871094,0.0,0.0,0.0,0.0,0.0,0.0,0.0,0.0,0.0,0.0,0.0,0.0,-0.05080641433596611,-0.0005429824232123792,0.017006216570734978,-0.03465554118156433,0.2830039858818054,0.27063560485839844,0.26618248224258423,0.3054724335670471,1.6603364944458008,2.4491424560546875,-0.5712665915489197,0.0,0.0,0.0,0.0,0.0,0.0,0.0
28589697731,0,-0.012201325967907906,-0.008032607845962048,-0.7959607839584351,6.569455581484362e-05,-0.04113857448101044,-0.8442511558532715,0.049017276614904404,-0.053056348115205765,-0.00626262417063117,0.024534163996577263,-0.0662122592329979,-0.048290371894836426,-0.021473543718457222,-0.018792370334267616,-0.002636764897033572,0.0,0.0,-0.0047828578390181065,0.14330090582370758,-0.03875627741217613,-0.025361787527799606,0.16731010377407074,0.14763419330120087,-0.002830337733030319,-0.3808288276195526,-0.7996822595596313,-48.07942581176758,-0.18661966919898987,0.4126625061035156,0.021068036556243896,-0.20998036861419678,0.17938369512557983,-0.2452382892370224,0.21268996596336365,11.862611770629883,11.623875617980957,11.145100593566895,13.48885726928711,-0.05366211012005806,0.0015332031762227416,0.02299804612994194,-0.04906250163912773,0.0,-0.0544511154294014,-0.006895557977259159,0.016970977187156677,-0.027902698144316673,0.0,-0.2918373942375183,0.19184710085391998,-10.186407089233398,-0.06808581203222275,-0.1493096798658371,-8.745994567871094,0.0,0.0,0.0,0.0,0.0,0.0,0.0,0.0,0.0,0.0,0.0,0.0,-0.05131181329488754,-0.0026672636158764362,0.016548650339245796,-0.0325421504676342,0.2779959440231323,0.2733228802680969,0.26391682028770447,0.3095272481441498,1.7671043872833252,2.128333806991577,-0.6794220805168152,0.0,0.0,0.0,0.0,0.0,0.0,0.0
28596475103,0,-0.012071081437170506,-0.008282842114567757,-0.7960553169250488,6.569455581484362e-05,-0.04113857448101044,-0.8442511558532715,0.04933007434010506,-0.05460609495639801,-0.007150562945753336,0.024273673072457314,-0.06571179628372192,-0.048195838928222656,-0.020125392824411392,-0.019061652943491936,-0.0030628619715571404,0.0,0.0,-0.0047828578390181065,0.16093696653842926,-0.022588316351175308,-0.02896886318922043,0.15373598039150238,0.1499512791633606,-0.002717237453907728,-0.3808288276195526,-0.7996822595596313,-48.07942581176758,-0.18661966919898987,0.4126625061035156,0.021068036556243896,-0.20998036861419678,0.17938369512557983,-0.2452382892370224,0.21268996596336365,11.862611770629883,11.623875617980957,11.145100593566895,13.48885726928711,-0.052128907293081284,0.0,0.02299804612994194,-0.04752929508686066,0.0,-0.0544511154294014,-0.006895557977259159,0.016970977187156677,-0.027902698144316673,0.0,-0.24592864513397217,0.09311268478631973,-10.097378730773926,-0.06924160569906235,-0.14539676904678345,-8.741713523864746,0.0,0.0,0.0,0.0,0.0,0.0,0.0,0.0,0.0,0.0,0.0,0.0,-0.052106112241744995,-0.004455640912055969,0.016416339203715324,-0.030700629577040672,0.2779959440231323,0.2733228802680969,0.26391682028770447,0.3095272481441498,1.8092862367630005,2.0044093132019043,-0.6031039953231812,0.0,0.0,0.0,0.0,0.0,0.0,0.0
28606799065,0,-0.012071081437170506,-0.008282842114567757,-0.7960553169250488,6.569455581484362e-05,-0.04113857448101044,-0.8442511558532715,0.04933007434010506,-0.05460609495639801,-0.007150562945753336,0.0236229095607996,-0.06477484107017517,-0.04796898365020752,-0.020125392824411392,-0.019061652943491936,-0.0030628619715571404,0.0,0.0,-0.0047828578390181065,0.18024784326553345,0.000584456545766443,-0.033232882618904114,0.15373598039150238,0.1499512791633606,-0.002717237453907728,-0.4057803750038147,-0.790271520614624,-47.962913513183594,-0.25254809856414795,0.3752790689468384,0.027508243918418884,-0.2102699726819992,0.17909114062786102,-0.2481021136045456,0.21164792776107788,11.511940956115723,11.711734771728516,11.113222122192383,13.66370677947998,-0.052128907293081284,-0.0015332031762227416,0.021464843302965164,-0.04599609225988388,0.0,-0.056616924703121185,-0.007908064872026443,0.01748581789433956,-0.02667912468314171,0.0,-0.24592864513397217,0.09311268478631973,-10.097378730773926,-0.07377824932336807,-0.1436857283115387,-8.720529556274414,0.0,0.0,0.0,0.0,0.0,0.0,0.0,0.0,0.0,0.0,0.0,0.0,-0.053029391914606094,-0.0058321263641119,0.01647736132144928,-0.02922220528125763,0.2711278796195984,0.2750440835952759,0.26328879594802856,0.3128869831562042,1.795088529586792,2.1291489601135254,-0.5396254062652588,0.0,0.0,0.0,0.0,0.0,0.0,0.0
28620008486,0,-0.011745701543986797,-0.008751315996050835,-0.796282172203064,6.569455581484362e-05,-0.04113857448101044,-0.8442511558532715,0.05099811404943466,-0.054746292531490326,-0.01047029159963131,0.02325677126646042,-0.06434386968612671,-0.047829389572143555,-0.017000442370772362,-0.018954239785671234,-0.003711701137945056,0.0,0.0,-0.0047828578390181065,0.19770897924900055,0.02499552257359028,-0.03217790648341179,0.12474177032709122,0.1490529179573059,-0.0019129584543406963,-0.4057803750038147,-0.790271520614624,-47.962913513183594,-0.25254809856414795,0.3752790689468384,0.027508243918418884,-0.2102699726819992,0.17909114062786102,-0.2481021136045456,0.21164792776107788,11.511940956115723,11.711734771728516,11.113222122192383,13.66370677947998,-0.05059570446610451,-0.003066406352445483,0.019931640475988388,-0.044462889432907104,0.0,-0.056616924703121185,-0.007908064872026443,0.01748581789433956,-0.02667912468314171,0.0,-0.052311010658741,0.31192147731781006,-10.144065856933594,-0.07263679802417755,-0.14566347002983093,-8.691926002502441,0.0,0.0,0.0,0.0,0.0,0.0,0.0,0.0,0.0,0.0,0.0,0.0,-0.054045554250478745,-0.006845457479357719,0.016669709235429764,-0.02808227576315403,0.2711278796195984,0.2750440835952759,0.26328879594802856,0.3128869831562042,1.8524737358093262,2.3777096271514893,-0.289704293012619,0.0,0.0,0.0,0.0,0.0,0.0,0.0
28626669556,0,-0.011562632396817207,-0.008966798894107342,-0.7964217662811279,6.569455581484362e-05,-0.04113857448101044,-0.8442511558532715,0.050146475434303284,-0.05346711352467537,-0.014520915225148201,0.02325677126646042,-0.06434386968612671,-0.047829389572143555,-0.015055002644658089,-0.018527165055274963,-0.0038172374479472637,0.0,0.0,-0.0047828578390181065,0.19770897924900055,0.02499552257359028,-0.03217790648341179,0.11030834168195724,0.14420031011104584,-0.0013166170101612806,-0.39950239658355713,-0.8011490702629089,-47.80559158325195,-0.2852669954299927,0.3445183038711548,0.02530120313167572,-0.21037599444389343,0.1793416291475296,-0.24909059703350067,0.21111780405044556,11.431365966796875,11.612885475158691,11.225765228271484,13.571297645568848,-0.04906250163912773,-0.004599609412252903,0.019931640475988388,-0.04139648377895355,0.0,-0.05716901272535324,-0.007462988141924143,0.017445113509893417,-0.027316415682435036,0.0,-0.052311010658741,0.31192147731781006,-10.144065856933594,-0.07263679802417755,-0.14566347002983093,-8.691926002502441,0.0,0.0,0.0,0.0,0.0,0.0,0.0,0.0,0.0,0.0,0.0,0.0,-0.055045273154973984,-0.007519373670220375,0.016913022845983505,-0.027292123064398766,0.26954641938209534,0.2731074094772339,0.2655049264431,0.31111204624176025,1.8524737358093262,2.3777096271514893,-0.289704293012619,0.0,0.0,0.0,0.0,0.0,0.0,0.0
28636686103,0,-0.011378525756299496,-0.009039195254445076,-0.7969613671302795,6.569455581484362e-05,-0.04113857448101044,-0.8442511558532715,0.04779750481247902,-0.04176654666662216,-0.02459556795656681,0.022888556122779846,-0.06419908255338669,-0.04728978872299194,-0.007604600861668587,-0.016140339896082878,-0.004074651747941971,0.0,0.0,-0.0047828578390181065,0.24259908497333527,0.07886800915002823,-0.03572588413953781,0.0604340024292469,0.12832321226596832,-0.0007761684246361256,-0.38250982761383057,-0.8887527585029602,-47.49310302734375,-0.367501437664032,0.27832821011543274,0.029670700430870056,-0.21055637300014496,0.1793416291475296,-0.24909059703350067,0.21111780405044556,11.014687538146973,11.618863105773926,11.265883445739746,13.625656127929688,-0.04906250163912773,-0.006132812704890966,0.018398437649011612,-0.039863280951976776,0.0,-0.061622656881809235,-0.004293179139494896,0.019581930711865425,-0.029936937615275383,0.0,-0.052311010658741,0.31192147731781006,-10.144065856933594,-0.06814640760421753,-0.16947197914123535,-8.626123428344727,0.0,0.0,0.0,0.0,0.0,0.0,0.0,0.0,0.0,0.0,0.0,0.0,-0.05610882118344307,-0.007714712992310524,0.017231324687600136,-0.026999488472938538,0.26954641938209534,0.2731074094772339,0.2655049264431,0.31111204624176025,2.0330770015716553,2.4734232425689697,-0.21504348516464233,0.0,0.0,0.0,0.0,0.0,0.0,0.0
28648012785,0,-0.011378525756299496,-0.009039195254445076,-0.7969613671302795,6.569455581484362e-05,-0.04113857448101044,-0.8442511558532715,0.04779750481247902,-0.04176654666662216,-0.02459556795656681,0.022888556122779846,-0.06419908255338669,-0.04728978872299194,-0.007604600861668587,-0.016140339896082878,-0.004074651747941971,0.0,0.0,-0.0047828578390181065,0.24259908497333527,0.07886800915002823,-0.03572588413953781,0.0604340024292469,0.12832321226596832,-0.0007761684246361256,-0.38250982761383057,-0.8887527585029602,-47.49310302734375,-0.367501437664032,0.27832821011543274,0.029670700430870056,-0.21055637300014496,0.1810896396636963,-0.2503852844238281,0.2097920924425125,11.014687538146973,11.618863105773926,11.265883445739746,13.625656127929688,-0.05059570446610451,-0.0076660155318677425,0.018398437649011612,-0.038330078125,0.0,-0.061622656881809235,-0.004293179139494896,0.019581930711865425,-0.029936937615275383,0.0,-0.10106342285871506,0.5448733568191528,-10.14970874786377,-0.06814640760421753,-0.16947197914123535,-8.626123428344727,0.0,0.0,0.0,0.0,0.0,0.0,0.0,0.0,0.0,0.0,0.0,0.0,-0.05744389072060585,-0.007325646933168173,0.017723042517900467,-0.027276718989014626,0.26134657859802246,0.27322468161582947,0.2662942111492157,0.3121565878391266,2.0330770015716553,2.4734232425689697,-0.21504348516464233,0.0,0.0,0.0,0.0,0.0,0.0,0.0
28656488797,0,-0.011378525756299496,-0.009039195254445076,-0.7969613671302795,6.569455581484362e-05,-0.04113857448101044,-0.8442511558532715,0.04779750481247902,-0.04176654666662216,-0.02459556795656681,0.02280225045979023,-0.0642969161272049,-0.046874046325683594,-0.007604600861668587,-0.016140339896082878,-0.004074651747941971,0.0,0.0,-0.0047828578390181065,0.26887279748916626,0.13487955927848816,-0.028829142451286316,0.013991647399961948,0.09988917410373688,0.000492849329020828,-0.34336403012275696,-0.9674579501152039,-47.4091911315918,-0.4441007375717163,0.19223187863826752,0.022563546895980835,-0.21064546704292297,0.18417087197303772,-0.2502157688140869,0.20873093605041504,10.920611381530762,11.433576583862305,11.67126178741455,13.410821914672852,-0.052128907293081284,-0.0076660155318677425,0.018398437649011612,-0.036796875298023224,0.0,-0.06344632804393768,-0.0007269728230312467,0.020091993734240532,-0.033532410860061646,0.0,-0.10106342285871506,0.5448733568191528,-10.14970874786377,-0.059870943427085876,-0.17570096254348755,-8.614893913269043,0.0,0.0,0.0,0.0,0.0,0.0,0.0,0.0,0.0,0.0,0.0,0.0,-0.05895572155714035,-0.0064102113246917725,0.018331419676542282,-0.028069814667105675,0.25949034094810486,0.26958996057510376,0.27425122261047363,0.3080260157585144,1.438377857208252,2.790358304977417,0.08056879788637161,0.0,0.0,0.0,0.0,0.0,0.0,0.0
28666403080,0,-0.011335373856127262,-0.008990275673568249,-0.7973771095275879,6.569455581484362e-05,-0.04113857448101044,-0.8442511558532715,0.04368111491203308,-0.03887929767370224,-0.026949526742100716,0.02280225045979023,-0.0642969161272049,-0.046874046325683594,-0.002934858435764909,-0.013182251714169979,-0.004577780142426491,0.0,0.0,-0.0047828578390181065,0.27075663208961487,0.16496826708316803,-0.03049631603062153,0.013991647399961948,0.09988917410373688,0.000492849329020828,-0.322224885225296,-0.9554840326309204,-47.43022537231445,-0.4722658395767212,0.14293479919433594,0.026547178626060486,-0.21066775918006897,0.18623106181621552,-0.24944274127483368,0.20818060636520386,10.707090377807617,11.570796012878418,11.695548057556152,13.482625961303711,-0.052128907293081284,-0.009199218824505806,0.019931640475988388,-0.03526367247104645,0.0,-0.0636199489235878,-0.00044039631029590964,0.019046999514102936,-0.03359603136777878,0.0,0.01912880502641201,-0.3112565577030182,-9.831539154052734,-0.059870943427085876,-0.17570096254348755,-8.614893913269043,0.0,0.0,0.0,0.0,0.0,0.0,0.0,0.0,0.0,0.0,0.0,0.0,-0.060451775789260864,-0.005062571261078119,0.018883762881159782,-0.029304934665560722,0.25527045130729675,0.27228236198425293,0.27472707629203796,0.3094075322151184,0.798770010471344,2.784362316131592,-0.06069633737206459,0.0,0.0,0.0,0.0,0.0,0.0,0.0
28676514472,0,-0.011293613351881504,-0.008958971127867699,-0.797602653503418,6.569455581484362e-05,-0.04113857448101044,-0.8442511558532715,0.04298201575875282,-0.03998799994587898,-0.026118917390704155,0.022718729451298714,-0.06435952335596085,-0.046648502349853516,-0.0008539092377759516,-0.01133565790951252,-0.005035937298089266,0.0,0.0,-0.0047828578390181065,0.2691211700439453,0.18193618953227997,-0.029437297955155373,-0.007290437817573547,0.0863039419054985,0.0007744396571069956,-0.31010201573371887,-0.9539065957069397,-47.481101989746094,-0.4722658395767212,0.14293479919433594,0.026547178626060486,-0.21066775918006897,0.18623106181621552,-0.24944274127483368,0.20818060636520386,10.681715965270996,11.573688507080078,11.793075561523438,13.45859146118164,-0.05059570446610451,-0.009199218824505806,0.019931640475988388,-0.03373046964406967,0.0,-0.06331688910722733,-0.00011814976460300386,0.018478672951459885,-0.033933237195014954,0.0,0.11348187923431396,-0.2306518256664276,-9.78437328338623,-0.05858634412288666,-0.17372436821460724,-8.623677253723145,0.0,0.0,0.0,0.0,0.0,0.0,0.0,0.0,0.0,0.0,0.0,0.0,-0.061750177294015884,-0.0035452228039503098,0.01920752227306366,-0.030716823413968086,0.25527045130729675,0.27228236198425293,0.27472707629203796,0.3094075322151184,0.30200833082199097,2.1859633922576904,0.03123321570456028,0.0,0.0,0.0,0.0,0.0,0.0,0.0
28686863994,0,-0.011271434836089611,-0.008913344703614712,-0.797829806804657,6.569455581484362e-05,-0.04113857448101044,-0.8442511558532715,0.04186191037297249,-0.04027988016605377,-0.025091907009482384,0.022674372419714928,-0.06445077806711197,-0.0464213490486145,0.0013002402847632766,-0.009613916277885437,-0.0053973873145878315,0.0,0.0,-0.0047828578390181065,0.2691211700439453,0.18193618953227997,-0.029437297955155373,-0.02752913348376751,0.07332873344421387,0.0010661991545930505,-0.31010201573371887,-0.9539065957069397,-47.481101989746094,-0.4881439805030823,0.11782485246658325,0.025628969073295593,-0.21067070960998535,0.18847361207008362,-0.24829193949699402,0.20760703086853027,10.681715965270996,11.573688507080078,11.793075561523438,13.45859146118164,-0.05059570446610451,-0.009199218824505806,0.021464843302965164,-0.032197266817092896,0.0,-0.0633171871304512,-0.0001184286447823979,0.018478387966752052,-0.033933475613594055,0.0,-0.029884513467550278,0.16203975677490234,-9.892094612121582,-0.0563821867108345,-0.17343756556510925,-8.632927894592285,0.0,0.0,0.0,0.0,0.0,0.0,0.0,0.0,0.0,0.0,0.0,0.0,-0.0626918375492096,-0.002181463176384568,0.019258463755249977,-0.03198917582631111,0.25476840138435364,0.27233922481536865,0.2766359746456146,0.3089452385902405,0.30200833082199097,2.1859633922576904,0.03123321570456028,0.0,0.0,0.0,0.0,0.0,0.0,0.0
28696410882,0,-0.011271434836089611,-0.008913344703614712,-0.797829806804657,6.569455581484362e-05,-0.04113857448101044,-0.8442511558532715,0.04186191037297249,-0.04027988016605377,-0.025091907009482384,0.022674372419714928,-0.06445077806711197,-0.0464213490486145,0.0013002402847632766,-0.009613916277885437,-0.0053973873145878315,0.0,0.0,-0.0047828578390181065,0.2777153253555298,0.19698303937911987,-0.020867278799414635,-0.02752913348376751,0.07332873344421387,0.0010661991545930505,-0.3082013726234436,-0.9242829084396362,-47.43515396118164,-0.5419919490814209,0.08119483292102814,0.016805410385131836,-0.21062706410884857,0.19324679672718048,-0.2456008344888687,0.20668204128742218,10.754986763000488,11.313005447387695,12.139413833618164,13.25367546081543,-0.05059570446610451,-0.0076660155318677425,0.019931640475988388,-0.032197266817092896,0.0,-0.061842504888772964,-0.0009833552176132798,0.017036788165569305,-0.03371478244662285,0.0,-0.029884513467550278,0.16203975677490234,-9.892094612121582,-0.0563821867108345,-0.17343756556510925,-8.632927894592285,0.0,0.0,0.0,0.0,0.0,0.0,0.0,0.0,0.0,0.0,0.0,0.0,-0.06320231407880783,-0.0011699513997882605,0.019073082134127617,-0.03296361118555069,0.25621792674064636,0.26722076535224915,0.28339940309524536,0.3049992620944977,0.37362968921661377,1.214166283607483,0.397504597902298,0.0,0.0,0.0,0.0,0.0,0.0,0.0
28707035192,0,-0.011280582286417484,-0.00878953281790018,-0.7983067035675049,6.569455581484362e-05,-0.04113857448101044,-0.8442511558532715,0.04175695404410362,-0.04334196448326111,-0.02622470259666443,0.022692667320370674,-0.06469840556383133,-0.0459444522857666,0.006475307513028383,-0.00641365721821785,-0.005561402998864651,0.0,0.0,-0.0047828578390181065,0.2786741554737091,0.20804540812969208,-0.017368068918585777,-0.06729353964328766,0.04471869394183159,0.0015799750108271837,-0.3082013726234436,-0.9242829084396362,-47.43515396118164,-0.5419919490814209,0.08119483292102814,0.016805410385131836,-0.21062706410884857,0.19324679672718048,-0.2456008344888687,0.20668204128742218,10.754986763000488,11.313005447387695,12.139413833618164,13.25367546081543,-0.05059570446610451,-0.006132812704890966,0.019931640475988388,-0.032197266817092896,0.0,-0.061842504888772964,-0.0009833552176132798,0.017036788165569305,-0.03371478244662285,0.0,0.05950367450714111,-0.30370569229125977,-10.016611099243164,-0.05603661388158798,-0.16805143654346466,-8.624573707580566,0.0,0.0,0.0,0.0,0.0,0.0,0.0,0.0,0.0,0.0,0.0,0.0,-0.06327047944068909,-0.0005981450085528195,0.018672659993171692,-0.03359154984354973,0.25621792674064636,0.26722076535224915,0.28339940309524536,0.3049992620944977,0.2350427359342575,1.2258220911026,0.4576135575771332,0.0,0.0,0.0,0.0,0.0,0.0,0.0
28716369088,0,-0.011403763666749,-0.00859470572322607,-0.7987897396087646,6.569455581484362e-05,-0.04113857448101044,-0.8442511558532715,0.04252732917666435,-0.041932448744773865,-0.03119686245918274,0.022939031943678856,-0.06508806347846985,-0.045461416244506836,0.011969667859375477,-0.0025497369933873415,-0.005779771599918604,0.0,0.0,-0.0047828578390181065,0.26810330152511597,0.22624726593494415,-0.010044069029390812,-0.06729353964328766,0.04471869394183159,0.0015799750108271837,-0.31300732493400574,-0.9448434710502625,-47.22488021850586,-0.5648150444030762,0.010698720812797546,0.006677567958831787,-0.2105361521244049,0.19324679672718048,-0.2456008344888687,0.20668204128742218,10.812627792358398,11.079069137573242,12.482577323913574,12.874329566955566,-0.052128907293081284,-0.004599609412252903,0.018398437649011612,-0.032197266817092896,0.0,-0.06233428418636322,-0.0004924455424770713,0.017294878140091896,-0.03513382375240326,0.0,0.05950367450714111,-0.30370569229125977,-10.016611099243164,-0.05691042169928551,-0.1717897206544876,-8.586341857910156,0.0,0.0,0.0,0.0,0.0,0.0,0.0,0.0,0.0,0.0,0.0,0.0,-0.06306318938732147,-0.00036535883555188775,0.018185770139098167,-0.033988580107688904,0.25735750794410706,0.2626159191131592,0.2900775372982025,0.29767292737960815,-0.3716295659542084,1.4712660312652588,0.6557127237319946,0.0,0.0,0.0,0.0,0.0,0.0,0.0
28728115962,0,-0.011403763666749,-0.00859470572322607,-0.7987897396087646,6.569455581484362e-05,-0.04113857448101044,-0.8442511558532715,0.04252732917666435,-0.041932448744773865,-0.03119686245918274,0.022939031943678856,-0.06508806347846985,-0.045461416244506836,0.011969667859375477,-0.0025497369933873415,-0.005779771599918604,0.0,0.0,-0.0047828578390181065,0.24828873574733734,0.23802101612091064,-0.002985674189403653,-0.10161226242780685,0.009643406607210636,0.001632950734347105,-0.31300732493400574,-0.9448434710502625,-47.22488021850586,-0.5648150444030762,0.010698720812797546,0.006677567958831787,-0.2105361521244049,0.19881577789783478,-0.24201524257659912,0.20605921745300293,10.812627792358398,11.079069137573242,12.482577323913574,12.874329566955566,-0.05366211012005806,-0.004599609412252903,0.018398437649011612,-0.032197266817092896,0.0,-0.06233428418636322,-0.0004924455424770713,0.017294878140091896,-0.03513382375240326,0.0,-0.026111643761396408,-0.31973588466644287,-10.005574226379395,-0.05691042169928551,-0.1717897206544876,-8.586341857910156,0.0,0.0,0.0,0.0,0.0,0.0,0.0,0.0,0.0,0.0,0.0,0.0,-0.06280405819416046,-0.0002969692286569625,0.017770009115338326,-0.03432970866560936,0.25735750794410706,0.2626159191131592,0.2900775372982025,0.29767292737960815,-1.1078813076019287,1.2815194129943848,0.7701854109764099,0.0,0.0,0.0,0.0,0.0,0.0,0.0
28736621244,0,-0.01159945223480463,-0.00842321664094925,-0.799248218536377,6.569455581484362e-05,-0.04113857448101044,-0.8442511558532715,0.03963913396000862,-0.03745829686522484,-0.0295417383313179,0.023330410942435265,-0.06543104350566864,-0.04500293731689453,0.016171270981431007,0.0020310988184064627,-0.006173891015350819,0.0,0.0,-0.0047828578390181065,0.24828873574733734,0.23802101612091064,-0.002985674189403653,-0.12856470048427582,-0.016111591830849648,0.0016888899262994528,-0.29630085825920105,-0.9648093581199646,-47.23826217651367,-0.5567407011985779,-0.019086331129074097,0.00014409422874450684,-0.21047528088092804,0.2018754929304123,-0.23959174752235413,0.20589305460453033,10.945740699768066,10.977564811706543,12.68271541595459,12.655654907226562,-0.05366211012005806,-0.004599609412252903,0.018398437649011612,-0.03066406212747097,0.0,-0.06167469918727875,0.0006901296437717974,0.017118005082011223,-0.0367610789835453,0.0,-0.05381748080253601,-0.2693023383617401,-9.896371841430664,-0.050168707966804504,-0.18160367012023926,-8.600449562072754,0.0,0.0,0.0,0.0,0.0,0.0,0.0,0.0,0.0,0.0,0.0,0.0,-0.06255950033664703,-0.00024485078756697476,0.017469698563218117,-0.034720927476882935,0.25998637080192566,0.26061439514160156,0.2939617335796356,0.29343682527542114,-1.1078813076019287,1.2815194129943848,0.7701854109764099,0.0,0.0,0.0,0.0,0.0,0.0,0.0
28746468954,0,-0.01159945223480463,-0.00842321664094925,-0.799248218536377,6.569455581484362e-05,-0.04113857448101044,-0.8442511558532715,0.03963913396000862,-0.03745829686522484,-0.0295417383313179,0.023330410942435265,-0.06543104350566864,-0.04500293731689453,0.016171270981431007,0.0020310988184064627,-0.006173891015350819,0.0,0.0,-0.0047828578390181065,0.20781219005584717,0.2170904576778412,0.0001400245528202504,-0.1636383980512619,-0.05022810027003288,0.0012273762840777636,-0.23544014990329742,-1.0510518550872803,-47.43907165527344,-0.555106520652771,-0.023202508687973022,0.0008855909109115601,-0.21035350859165192,0.2018754929304123,-0.23959174752235413,0.20589305460453033,10.973745346069336,11.055697441101074,12.718547821044922,12.714790344238281,-0.052128907293081284,-0.006132812704890966,0.018398437649011612,-0.03066406212747097,0.0,-0.06232433393597603,0.005401506554335356,0.017785875126719475,-0.04067309945821762,0.0,-0.05381748080253601,-0.2693023383617401,-9.896371841430664,-0.050168707966804504,-0.18160367012023926,-8.600449562072754,0.0,0.0,0.0,0.0,0.0,0.0,0.0,0.0,0.0,0.0,0.0,0.0,-0.06233634799718857,0.00011610101500991732,0.017296073958277702,-0.035395197570323944,0.25998637080192566,0.26061439514160156,0.2939617335796356,0.29343682527542114,-1.705519437789917,-0.5750542879104614,0.4878970682621002,0.0,0.0,0.0,0.0,0.0,0.0,0.0
28756506435,0,-0.01182668749243021,-0.008305267430841923,-0.7997056245803833,6.569455581484362e-05,-0.04113857448101044,-0.8442511558532715,0.03333349898457527,-0.029998809099197388,-0.02223609760403633,0.023784883320331573,-0.06566694378852844,-0.044545531272888184,0.019754474982619286,0.005869727116078138,-0.006144816521555185,0.0,0.0,-0.0047828578390181065,0.20781219005584717,0.2170904576778412,0.0001400245528202504,-0.1636383980512619,-0.05022810027003288,0.0012273762840777636,-0.23544014990329742,-1.0510518550872803,-47.43907165527344,-0.555106520652771,-0.023202508687973022,0.0008855909109115601,-0.21035350859165192,0.2072926163673401,-0.23475942015647888,0.20576180517673492,10.973745346069336,11.055697441101074,12.718547821044922,12.714790344238281,-0.05059570446610451,-0.006132812704890966,0.018398437649011612,-0.03066406212747097,0.0,-0.06232433393597603,0.005401506554335356,0.017785875126719475,-0.04067309945821762,0.0,-0.18370085954666138,-0.007558571640402079,-9.544872283935547,-0.03637721389532089,-0.19735372066497803,-8.653063774108887,0.0,0.0,0.0,0.0,0.0,0.0,0.0,0.0,0.0,0.0,0.0,0.0,-0.06219441071152687,0.001051578321494162,0.017270255833864212,-0.03652025759220123,0.26053908467292786,0.2621551752090454,0.2946561872959137,0.2945833206176758,-1.705519437789917,-0.5750542879104614,0.4878970682621002,0.0,0.0,0.0,0.0,0.0,0.0,0.0
28767991504,0,-0.0121519910171628,-0.008423695340752602,-0.8001781105995178,6.569455581484362e-05,-0.04113857448101044,-0.8442511558532715,0.03044896386563778,-0.02793341502547264,-0.022018058225512505,0.02443549409508705,-0.06543008983135223,-0.04407304525375366,0.022412538528442383,0.008403794839978218,-0.0061918580904603004,0.0,0.0,-0.0047828578390181065,0.16586299240589142,0.16608230769634247,0.00476683396846056,-0.186367005109787,-0.07197391986846924,0.0008128788322210312,-0.16051387786865234,-1.1062589883804321,-47.561649322509766,-0.5458436012268066,0.011270418763160706,-0.002695918083190918,-0.21021191775798798,0.212847039103508,-0.23019902408123016,0.2057778686285019,11.16334342956543,10.957070350646973,12.770513534545898,12.695043563842773,-0.05059570446610451,-0.006132812704890966,0.018398437649011612,-0.03066406212747097,0.0,-0.06062499061226845,0.009663332253694534,0.017179518938064575,-0.0443517304956913,0.0,-0.18370085954666138,-0.007558571640402079,-9.544872283935547,-0.029184341430664062,-0.2011379897594452,-8.64757251739502,0.0,0.0,0.0,0.0,0.0,0.0,0.0,0.0,0.0,0.0,0.0,0.0,-0.06207018345594406,0.002510943217203021,0.01732473075389862,-0.03800958767533302,0.26427602767944336,0.260209858417511,0.29566293954849243,0.2942005693912506,-1.9233477115631104,-1.9127618074417114,0.4164503216743469,0.0,0.0,0.0,0.0,0.0,0.0,0.0
28776529110,0,-0.0121519910171628,-0.008423695340752602,-0.8001781105995178,6.569455581484362e-05,-0.04113857448101044,-0.8442511558532715,0.03044896386563778,-0.02793341502547264,-0.022018058225512505,0.02443549409508705,-0.06543008983135223,-0.04407304525375366,0.022412538528442383,0.008403794839978218,-0.0061918580904603004,0.0,0.0,-0.0047828578390181065,0.14058484137058258,0.15128973126411438,0.01093713752925396,-0.186367005109787,-0.07197391986846924,0.0008128788322210312,-0.15796761214733124,-1.1027182340621948,-47.39558029174805,-0.5253317952156067,0.012772664427757263,-0.008911803364753723,-0.21015240252017975,0.21505969762802124,-0.22846084833145142,0.20592381060123444,11.310647964477539,10.789139747619629,12.850275993347168,12.469137191772461,-0.05059570446610451,-0.004599609412252903,0.018398437649011612,-0.032197266817092896,0.0,-0.05963815003633499,0.009787149727344513,0.01691041886806488,-0.04512239247560501,0.0,0.11825498193502426,0.14838983118534088,-10.280062675476074,-0.029184341430664062,-0.2011379897594452,-8.64757251739502,0.0,0.0,0.0,0.0,0.0,0.0,0.0,0.0,0.0,0.0,0.0,0.0,-0.06177527830004692,0.004357593134045601,0.0173402838408947,-0.0397782064974308,0.2671745717525482,0.25689321756362915,0.2972072958946228,0.2898165285587311,-2.2830324172973633,-1.8291693925857544,0.5426015853881836,0.0,0.0,0.0,0.0,0.0,0.0,0.0
28787461349,0,-0.012353265658020973,-0.008528633043169975,-0.8004257678985596,6.569455581484362e-05,-0.04113857448101044,-0.8442511558532715,0.03059529699385166,-0.027990752831101418,-0.02562292478978634,0.024838045239448547,-0.06522020697593689,-0.043825387954711914,0.023423120379447937,0.009577572345733643,-0.005931319203227758,0.0,0.0,-0.0047828578390181065,0.14058484137058258,0.15128973126411438,0.01093713752925396,-0.19251759350299835,-0.08269014954566956,0.0006512952968478203,-0.15796761214733124,-1.1027182340621948,-47.39558029174805,-0.5253317952156067,0.012772664427757263,-0.008911803364753723,-0.21015240252017975,0.21505969762802124,-0.22846084833145142,0.20592381060123444,11.310647964477539,10.789139747619629,12.850275993347168,12.469137191772461,-0.052128907293081284,-0.004599609412252903,0.018398437649011612,-0.03526367247104645,0.0,-0.05963815003633499,0.009787149727344513,0.01691041886806488,-0.04512239247560501,0.0,0.042923495173454285,0.09488382935523987,-10.071834564208984,-0.028721384704113007,-0.20049422979354858,-8.617378234863281,0.0,0.0,0.0,0.0,0.0,0.0,0.0,0.0,0.0,0.0,0.0,0.0,-0.061281412839889526,0.006261987145990133,0.017281023785471916,-0.04159862920641899,0.2671745717525482,0.25689321756362915,0.2972072958946228,0.2898165285587311,-2.2830324172973633,-1.8291693925857544,0.5426015853881836,0.0,0.0,0.0,0.0,0.0,0.0,0.0
28796937465,0,-0.013133958913385868,-0.009275296702980995,-0.8012420535087585,6.569455581484362e-05,-0.04113857448101044,-0.8442511558532715,0.03179163858294487,-0.019725816324353218,-0.04030587896704674,0.026399439200758934,-0.06372687965631485,-0.04300910234451294,0.024608157575130463,0.011928343214094639,-0.005080809351056814,0.0,0.0,-0.0047828578390181065,0.14058484137058258,0.15128973126411438,0.01093713752925396,-0.19251759350299835,-0.08269014954566956,0.0006512952968478203,-0.15796761214733124,-1.1027182340621948,-47.39558029174805,-0.5253317952156067,0.012772664427757263,-0.008911803364753723,-0.21015240252017975,0.21505969762802124,-0.22846084833145142,0.20592381060123444,11.310647964477539,10.789139747619629,12.850275993347168,12.469137191772461,-0.052128907293081284,-0.006132812704890966,0.016865234822034836,-0.038330078125,0.0,-0.05963815003633499,0.009787149727344513,0.01691041886806488,-0.04512239247560501,0.0,0.042923495173454285,0.09488382935523987,-10.071834564208984,-0.028283661231398582,-0.21340978145599365,-8.505496978759766,0.0,0.0,0.0,0.0,0.0,0.0,0.0,0.0,0.0,0.0,0.0,0.0,-0.060735300183296204,0.007849079556763172,0.017183491960167885,-0.043144162744283676,0.2671745717525482,0.25689321756362915,0.2972072958946228,0.2898165285587311,-2.2830324172973633,-1.8291693925857544,0.5426015853881836,0.0,0.0,0.0,0.0,0.0,0.0,0.0
28806525508,0,-0.013133958913385868,-0.009275296702980995,-0.8012420535087585,6.569455581484362e-05,-0.04113857448101044,-0.8442511558532715,0.03179163858294487,-0.019725816324353218,-0.04030587896704674,0.026399439200758934,-0.06372687965631485,-0.04300910234451294,0.024608157575130463,0.011928343214094639,-0.005080809351056814,0.0,0.0,-0.0047828578390181065,0.06641075015068054,0.11157304793596268,0.021618373692035675,-0.19562813639640808,-0.09481965005397797,0.0005336231552064419,-0.1485089510679245,-1.1357582807540894,-46.914306640625,-0.44676315784454346,0.03734657168388367,-0.01750369369983673,-0.21004463732242584,0.21898961067199707,-0.2250708043575287,0.20659500360488892,11.563246726989746,10.536944389343262,12.786120414733887,12.051008224487305,-0.05059570446610451,-0.004599609412252903,0.018398437649011612,-0.038330078125,0.0,-0.05904596298933029,0.011458593420684338,0.01765660010278225,-0.04792759194970131,0.0,0.20287294685840607,-0.022796383127570152,-10.28005599975586,-0.028283661231398582,-0.21340978145599365,-8.505496978759766,0.0,0.0,0.0,0.0,0.0,0.0,0.0,0.0,0.0,0.0,0.0,0.0,-0.060236938297748566,0.009064363315701485,0.01711955852806568,-0.0443987213075161,0.2721344232559204,0.25190094113349915,0.2959652841091156,0.2816753387451172,-3.314973831176758,-2.086982250213623,0.48904404044151306,0.0,0.0,0.0,0.0,0.0,0.0,0.0
28816693894,0,-0.013133958913385868,-0.009275296702980995,-0.8012420535087585,6.569455581484362e-05,-0.04113857448101044,-0.8442511558532715,0.03179163858294487,-0.019725816324353218,-0.04030587896704674,0.027273114770650864,-0.06288710236549377,-0.042405903339385986,0.024608157575130463,0.011928343214094639,-0.005080809351056814,0.0,0.0,-0.0047828578390181065,0.0002015995269175619,0.047863222658634186,0.015652425587177277,-0.19562813639640808,-0.09481965005397797,0.0005336231552064419,-0.14705750346183777,-1.2346687316894531,-46.743507385253906,-0.38616225123405457,0.10455489903688431,-0.007182389497756958,-0.20997463166713715,0.22170387208461761,-0.22249436378479004,0.20742444694042206,11.458189010620117,10.743630409240723,12.290352821350098,12.276768684387207,-0.05059570446610451,-0.004599609412252903,0.018398437649011612,-0.038330078125,0.0,-0.06259412318468094,0.014548235572874546,0.021179236471652985,-0.049933061003685,0.0,0.20287294685840607,-0.022796383127570152,-10.28005599975586,-0.023458003997802734,-0.23291859030723572,-8.516051292419434,0.0,0.0,0.0,0.0,0.0,0.0,0.0,0.0,0.0,0.0,0.0,0.0,-0.05996306613087654,0.010169279761612415,0.017315296456217766,-0.04563000798225403,0.2700731158256531,0.2559933364391327,0.28633973002433777,0.2860753834247589,-2.998684883117676,-2.870373010635376,-0.15396668016910553,0.0,0.0,0.0,0.0,0.0,0.0,0.0
28827164737,0,-0.013570794835686684,-0.00969517882913351,-0.8018452525138855,6.569455581484362e-05,-0.04113857448101044,-0.8442511558532715,0.030308231711387634,-0.009171630255877972,-0.03932606801390648,0.027273114770650864,-0.06288710236549377,-0.042405903339385986,0.024433864280581474,0.012426829896867275,-0.005150058306753635,0.0,0.0,-0.0047828578390181065,-0.02177458629012108,0.01671372540295124,0.01795554719865322,-0.1875016838312149,-0.09635090827941895,-0.0006177839823067188,-0.12901902198791504,-1.2810522317886353,-46.83828353881836,-0.3667494058609009,0.13618147373199463,-0.011328175663948059,-0.20995113253593445,0.22265511751174927,-0.22176949679851532,0.20776823163032532,11.663695335388184,10.645540237426758,12.33945369720459,12.216339111328125,-0.05059570446610451,-0.004599609412252903,0.018398437649011612,-0.038330078125,0.0,-0.06234852224588394,0.01682450622320175,0.021909337490797043,-0.05204503983259201,0.0,0.281846821308136,0.3705874979496002,-9.925660133361816,-0.023458003997802734,-0.23291859030723572,-8.516051292419434,0.0,0.0,0.0,0.0,0.0,0.0,0.0,0.0,0.0,0.0,0.0,0.0,-0.06013886258006096,0.011483204551041126,0.017995741218328476,-0.04703451320528984,0.2700731158256531,0.2559933364391327,0.28633973002433777,0.2860753834247589,-2.506641387939453,-2.938394069671631,0.036561235785484314,0.0,0.0,0.0,0.0,0.0,0.0,0.0
28839881692,0,-0.013775861822068691,-0.00985697377473116,-0.8021606206893921,6.569455581484362e-05,-0.04113857448101044,-0.8442511558532715,0.028974147513508797,-0.005233277101069689,-0.0365348644554615,0.027683250606060028,-0.06256351619958878,-0.042090535163879395,0.024018067866563797,0.012360415421426296,-0.004991328343749046,0.0,0.0,-0.0047828578390181065,-0.02177458629012108,0.01671372540295124,0.01795554719865322,-0.1875016838312149,-0.09635090827941895,-0.0006177839823067188,-0.12901902198791504,-1.2810522317886353,-46.83828353881836,-0.3667494058609009,0.13618147373199463,-0.011328175663948059,-0.20995113253593445,0.22265511751174927,-0.22176949679851532,0.20776823163032532,11.663695335388184,10.645540237426758,12.33945369720459,12.216339111328125,-0.05059570446610451,-0.003066406352445483,0.018398437649011612,-0.039863280951976776,0.0,-0.06234852224588394,0.01682450622320175,0.021909337490797043,-0.05204503983259201,0.0,0.1508362889289856,0.3775579631328583,-9.731091499328613,-0.019890885800123215,-0.24029600620269775,-8.537459373474121,0.0,0.0,0.0,0.0,0.0,0.0,0.0,0.0,0.0,0.0,0.0,0.0,-0.06064438819885254,0.013010015711188316,0.019018875434994698,-0.048552412539720535,0.2741030752658844,0.25405222177505493,0.2872951626777649,0.28489845991134644,-2.506641387939453,-2.938394069671631,0.036561235785484314,0.0,0.0,0.0,0.0,0.0,0.0,0.0
28849339190,0,-0.013775861822068691,-0.00985697377473116,-0.8021606206893921,6.569455581484362e-05,-0.04113857448101044,-0.8442511558532715,0.028974147513508797,-0.005233277101069689,-0.0365348644554615,0.027683250606060028,-0.06256351619958878,-0.042090535163879395,0.024018067866563797,0.012360415421426296,-0.004991328343749046,0.0,0.0,-0.0047828578390181065,-0.05738431215286255,-0.0329955630004406,0.018898028880357742,-0.1875016838312149,-0.09635090827941895,-0.0006177839823067188,-0.0612570196390152,-1.4250625371932983,-46.81720733642578,-0.32537442445755005,0.1925603449344635,-0.013211473822593689,-0.20992833375930786,0.2239406853914261,-0.22133256494998932,0.20849129557609558,11.85498332977295,10.570218086242676,12.231451034545898,12.186894416809082,-0.05059570446610451,0.0,0.016865234822034836,-0.04139648377895355,0.0,-0.0636175349354744,0.02403162606060505,0.024309439584612846,-0.0583220049738884,0.0,0.11936701089143753,0.040773238986730576,-9.954617500305176,-0.019890885800123215,-0.24029600620269775,-8.537459373474121,0.0,0.0,0.0,0.0,0.0,0.0,0.0,0.0,0.0,0.0,0.0,0.0,-0.061266012489795685,0.014797274023294449,0.020166154950857162,-0.050232984125614166,0.27784666419029236,0.2525602877140045,0.2851927876472473,0.28432485461235046,-1.9642115831375122,-2.6852686405181885,0.012770832516252995,0.0,0.0,0.0,0.0,0.0,0.0,0.0
28856349761,0,-0.014148076996207237,-0.010149478912353516,-0.8028420209884644,6.569455581484362e-05,-0.04113857448101044,-0.8442511558532715,0.025308603420853615,0.004806680604815483,-0.03931155428290367,0.02842768467962742,-0.061978500336408615,-0.04140913486480713,0.02244464121758938,0.011559722945094109,-0.0044099148362874985,0.0,0.0,-0.0047828578390181065,-0.08215341717004776,-0.05853614956140518,0.019370898604393005,-0.1875016838312149,-0.09635090827941895,-0.0006177839823067188,-0.047344647347927094,-1.423561453819275,-46.735511779785156,-0.2895762026309967,0.22373637557029724,-0.014359831809997559,-0.20992794632911682,0.22431686520576477,-0.2215757519006729,0.2088530957698822,11.966487884521484,10.528067588806152,12.136643409729004,12.1307373046875,-0.05059570446610451,0.0015332031762227416,0.016865234822034836,-0.044462889432907104,0.0,-0.06256763637065887,0.024544820189476013,0.02405025064945221,-0.05895460397005081,0.0,0.11936701089143753,0.040773238986730576,-9.954617500305176,-0.011137640103697777,-0.2591022849082947,-8.512219429016113,0.0,0.0,0.0,0.0,0.0,0.0,0.0,0.0,0.0,0.0,0.0,0.0,-0.06189868226647377,0.017071453854441643,0.021372269839048386,-0.052291762083768845,0.280025452375412,0.2517250180244446,0.28334543108940125,0.28323036432266235,-2.123025417327881,-2.5809459686279297,0.06847827881574631,0.0,0.0,0.0,0.0,0.0,0.0,0.0
28872241096,0,-0.014324106276035309,-0.01021732296794653,-0.803183376789093,6.569455581484362e-05,-0.04113857448101044,-0.8442511558532715,0.024348720908164978,0.00482941372320056,-0.04122113436460495,0.02877974510192871,-0.06184281036257744,-0.04106777906417847,0.02157631330192089,0.01083046942949295,-0.004067305009812117,0.0,0.0,-0.0047828578390181065,-0.08215341717004776,-0.05853614956140518,0.019370898604393005,-0.16864299774169922,-0.08218497782945633,-0.0002956304815597832,-0.047344647347927094,-1.423561453819275,-46.735511779785156,-0.2895762026309967,0.22373637557029724,-0.014359831809997559,-0.20992794632911682,0.22431686520576477,-0.2215757519006729,0.2088530957698822,11.966487884521484,10.528067588806152,12.136643409729004,12.1307373046875,-0.05059570446610451,0.003066406352445483,0.016865234822034836,-0.04599609225988388,0.0,-0.06256763637065887,0.024544820189476013,0.02405025064945221,-0.05895460397005081,0.0,0.10622933506965637,-0.33323347568511963,-9.7208833694458,-0.008608117699623108,-0.25882935523986816,-8.497365951538086,0.0,0.0,0.0,0.0,0.0,0.0,0.0,0.0,0.0,0.0,0.0,0.0,-0.06238171085715294,0.019545286893844604,0.02247156761586666,-0.05450458452105522,0.280025452375412,0.2517250180244446,0.28334543108940125,0.28323036432266235,-2.123025417327881,-2.5809459686279297,0.06847827881574631,0.0,0.0,0.0,0.0,0.0,0.0,0.0
28877171499,0,-0.014324106276035309,-0.01021732296794653,-0.803183376789093,6.569455581484362e-05,-0.04113857448101044,-0.8442511558532715,0.024348720908164978,0.00482941372320056,-0.04122113436460495,0.02877974510192871,-0.06184281036257744,-0.04106777906417847,0.02157631330192089,0.01083046942949295,-0.004067305009812117,0.0,0.0,-0.0047828578390181065,-0.12759214639663696,-0.10435695946216583,0.019376177340745926,-0.16864299774169922,-0.08218497782945633,-0.0002956304815597832,-0.044393107295036316,-1.4561519622802734,-46.3964729309082,-0.2204514741897583,0.28594085574150085,-0.014865085482597351,-0.2099476307630539,0.22415120899677277,-0.22298789024353027,0.20954875648021698,12.094359397888184,10.4432954788208,11.86427116394043,12.021981239318848,-0.05059570446610451,0.003066406352445483,0.016865234822034836,-0.04906250163912773,0.0,-0.06277516484260559,0.025945695117115974,0.02548421174287796,-0.060537464916706085,0.0,0.10622933506965637,-0.33323347568511963,-9.7208833694458,-0.008608117699623108,-0.25882935523986816,-8.497365951538086,0.0,0.0,0.0,0.0,0.0,0.0,0.0,0.0,0.0,0.0,0.0,0.0,-0.06266315281391144,0.021749122068285942,0.023369675502181053,-0.05648704618215561,0.2825210392475128,0.250044047832489,0.27802836894989014,0.2811088562011719,-2.1241278648376465,-2.3594961166381836,0.04585672914981842,0.0,0.0,0.0,0.0,0.0,0.0,0.0
28886903493,0,-0.014519895426928997,-0.010327418334782124,-0.8038660287857056,6.569455581484362e-05,-0.04113857448101044,-0.8442511558532715,0.024365078657865524,0.00811616238206625,-0.04935717582702637,0.029171325266361237,-0.06162262335419655,-0.04038512706756592,0.019344398751854897,0.008673182688653469,-0.0033835589420050383,0.0,0.0,-0.0047828578390181065,-0.12759214639663696,-0.10435695946216583,0.019376177340745926,-0.14513368904590607,-0.06499896198511124,-0.0003643560048658401,-0.044393107295036316,-1.4561519622802734,-46.3964729309082,-0.2204514741897583,0.28594085574150085,-0.014865085482597351,-0.2099476307630539,0.22415120899677277,-0.22298789024353027,0.20954875648021698,12.094359397888184,10.4432954788208,11.86427116394043,12.021981239318848,-0.05059570446610451,0.003066406352445483,0.018398437649011612,-0.05059570446610451,0.0,-0.06277516484260559,0.025945695117115974,0.02548421174287796,-0.060537464916706085,0.0,0.10339408367872238,0.03353111818432808,-9.484854698181152,-0.0080714737996459,-0.26475489139556885,-8.435722351074219,0.0,0.0,0.0,0.0,0.0,0.0,0.0,0.0,0.0,0.0,0.0,0.0,-0.06281266361474991,0.023542750626802444,0.02413541078567505,-0.058136433362960815,0.2825210392475128,0.250044047832489,0.27802836894989014,0.2811088562011719,-2.1241278648376465,-2.3594961166381836,0.04585672914981842,0.0,0.0,0.0,0.0,0.0,0.0,0.0
28897978398,0,-0.014428404159843922,-0.010561088100075722,-0.8048991560935974,6.569455581484362e-05,-0.04113857448101044,-0.8442511558532715,0.021117884665727615,0.00988207571208477,-0.044927485287189484,0.028988342732191086,-0.061155278235673904,-0.03935199975967407,0.015125593170523643,0.004545989446341991,-0.0038100271485745907,0.0,0.0,-0.0047828578390181065,-0.15072780847549438,-0.14674092829227448,0.011679346673190594,-0.1202397495508194,-0.03616422787308693,-0.0011261041508987546,-0.03198126703500748,-1.4601655006408691,-46.44301223754883,-0.17905381321907043,0.35827136039733887,-0.007515907287597656,-0.20999114215373993,0.22415120899677277,-0.22298789024353027,0.20954875648021698,12.094951629638672,10.593435287475586,11.519464492797852,12.265304565429688,-0.05059570446610451,0.003066406352445483,0.018398437649011612,-0.05059570446610451,0.0,-0.062530018389225,0.026121798902750015,0.025985224172472954,-0.05981326848268509,0.0,-0.1045929417014122,0.05124090984463692,-9.81749153137207,-0.0017517060041427612,-0.2677042484283447,-8.474773406982422,0.0,0.0,0.0,0.0,0.0,0.0,0.0,0.0,0.0,0.0,0.0,0.0,-0.06286796182394028,0.024876412004232407,0.024784011766314507,-0.05935726314783096,0.2825210392475128,0.250044047832489,0.27802836894989014,0.2811088562011719,-1.3631128072738647,-2.210127353668213,-0.21720439195632935,0.0,0.0,0.0,0.0,0.0,0.0,0.0
28907274690,0,-0.014428404159843922,-0.010561088100075722,-0.8048991560935974,6.569455581484362e-05,-0.04113857448101044,-0.8442511558532715,0.021117884665727615,0.00988207571208477,-0.044927485287189484,0.028988342732191086,-0.061155278235673904,-0.03935199975967407,0.015125593170523643,0.004545989446341991,-0.0038100271485745907,0.0,0.0,-0.0047828578390181065,-0.15543335676193237,-0.1727113127708435,0.010469306260347366,-0.1153896301984787,-0.026375366374850273,-0.0011264518834650517,-0.009634383022785187,-1.472373366355896,-46.61125183105469,-0.17334528267383575,0.3969116806983948,-0.007637649774551392,-0.21001887321472168,0.22247090935707092,-0.22756481170654297,0.21027009189128876,12.207627296447754,10.582629203796387,11.497132301330566,12.35603141784668,-0.05059570446610451,0.004599609412252903,0.019931640475988388,-0.052128907293081284,0.0,-0.061660394072532654,0.02730046957731247,0.025721199810504913,-0.06036652997136116,0.0,-0.16330119967460632,-0.18724848330020905,-9.698325157165527,-0.0017517060041427612,-0.2677042484283447,-8.474773406982422,0.0,0.0,0.0,0.0,0.0,0.0,0.0,0.0,0.0,0.0,0.0,0.0,-0.06280399113893509,0.02580838091671467,0.025289364159107208,-0.06010076031088829,0.2847287356853485,0.2528064250946045,0.2708375155925751,0.2876177132129669,-0.908190131187439,-2.3010916709899902,-0.13103806972503662,0.0,0.0,0.0,0.0,0.0,0.0,0.0
28916680989,0,-0.01434799563139677,-0.01062869280576706,-0.8052540421485901,6.569455581484362e-05,-0.04113857448101044,-0.8442511558532715,0.020889850333333015,0.008273253217339516,-0.04148564487695694,0.028827523812651634,-0.06102006882429123,-0.038997113704681396,0.013496858067810535,0.002690708264708519,-0.003985418006777763,0.0,0.0,-0.0047828578390181065,-0.1640065461397171,-0.1971118152141571,0.009081844240427017,-0.1153896301984787,-0.026375366374850273,-0.0011264518834650517,-0.009634383022785187,-1.472373366355896,-46.61125183105469,-0.17334528267383575,0.3969116806983948,-0.007637649774551392,-0.21001887321472168,0.22247090935707092,-0.22756481170654297,0.21027009189128876,12.207627296447754,10.582629203796387,11.497132301330566,12.35603141784668,-0.05059570446610451,0.0076660155318677425,0.021464843302965164,-0.05366211012005806,0.0,-0.061660394072532654,0.02730046957731247,0.025721199810504913,-0.06036652997136116,0.0,-0.16330119967460632,-0.18724848330020905,-9.698325157165527,-0.001561477780342102,-0.26438069343566895,-8.500307083129883,0.0,0.0,0.0,0.0,0.0,0.0,0.0,0.0,0.0,0.0,0.0,0.0,-0.06260162591934204,0.026487691327929497,0.025629766285419464,-0.06048994138836861,0.2847287356853485,0.2528064250946045,0.2708375155925751,0.2876177132129669,-0.8461695909500122,-2.2704524993896484,-0.09386111050844193,0.0,0.0,0.0,0.0,0.0,0.0,0.0
28927372662,0,-0.014179203659296036,-0.010831395164132118,-0.8059791326522827,6.569455581484362e-05,-0.04113857448101044,-0.8442511558532715,0.01948106288909912,0.003642796538770199,-0.04205945506691933,0.028489939868450165,-0.06061466038227081,-0.03827202320098877,0.009900448843836784,-0.00156502821482718,-0.004167307633906603,0.0,0.0,-0.0047828578390181065,-0.17793874442577362,-0.21167175471782684,0.004454579669982195,-0.07870983332395554,0.01243232935667038,-0.0007479474297724664,0.004292609170079231,-1.4117505550384521,-46.74974822998047,-0.11025013774633408,0.4758317470550537,-0.0018822401762008667,-0.21007362008094788,0.22247090935707092,-0.22756481170654297,0.21027009189128876,12.316575050354004,10.737110137939453,11.17005729675293,12.55977725982666,-0.05059570446610451,0.009199218824505806,0.021464843302965164,-0.055195312947034836,0.0,-0.058975279331207275,0.025363922119140625,0.024108804762363434,-0.05807407945394516,0.0,-0.16330119967460632,-0.18724848330020905,-9.698325157165527,0.000606214627623558,-0.254412978887558,-8.491349220275879,0.0,0.0,0.0,0.0,0.0,0.0,0.0,0.0,0.0,0.0,0.0,0.0,-0.06220454350113869,0.02688242867588997,0.02573966607451439,-0.06055281683802605,0.2847287356853485,0.2528064250946045,0.2708375155925751,0.2876177132129669,-1.1289193630218506,-1.937717080116272,-0.2470708042383194,0.0,0.0,0.0,0.0,0.0,0.0,0.0
28936623587,0,-0.014179203659296036,-0.010831395164132118,-0.8059791326522827,6.569455581484362e-05,-0.04113857448101044,-0.8442511558532715,0.01948106288909912,0.003642796538770199,-0.04205945506691933,0.028489939868450165,-0.06061466038227081,-0.03827202320098877,0.009900448843836784,-0.00156502821482718,-0.004167307633906603,0.0,0.0,-0.0047828578390181065,-0.17793874442577362,-0.21167175471782684,0.004454579669982195,-0.07870983332395554,0.01243232935667038,-0.0007479474297724664,0.004292609170079231,-1.4117505550384521,-46.74974822998047,-0.11025013774633408,0.4758317470550537,-0.0018822401762008667,-0.21007362008094788,0.22076824307441711,-0.23235051333904266,0.21052467823028564,12.316575050354004,10.737110137939453,11.17005729675293,12.55977725982666,-0.05059570446610451,0.010732421651482582,0.021464843302965164,-0.05672851577401161,0.0,-0.058975279331207275,0.025363922119140625,0.024108804762363434,-0.05807407945394516,0.0,-0.19166836142539978,-0.4611421227455139,-9.683238983154297,0.000606214627623558,-0.254412978887558,-8.491349220275879,0.0,0.0,0.0,0.0,0.0,0.0,0.0,0.0,0.0,0.0,0.0,0.0,-0.061537232249975204,0.02688569948077202,0.025567159056663513,-0.060232099145650864,0.2868499755859375,0.2558644711971283,0.2644081711769104,0.2915768027305603,-1.1289193630218506,-1.937717080116272,-0.2470708042383194,0.0,0.0,0.0,0.0,0.0,0.0,0.0
28947133983,0,-0.014179203659296036,-0.010831395164132118,-0.8059791326522827,6.569455581484362e-05,-0.04113857448101044,-0.8442511558532715,0.01948106288909912,0.003642796538770199,-0.04205945506691933,0.027926890179514885,-0.06006213650107384,-0.037525713443756104,0.009900448843836784,-0.00156502821482718,-0.004167307633906603,0.0,0.0,-0.0047828578390181065,-0.19981469213962555,-0.2266644984483719,-0.006115443538874388,-0.07870983332395554,0.01243232935667038,-0.0007479474297724664,-0.068821981549263,-1.4427965879440308,-46.467872619628906,-0.051602303981781006,0.5243563652038574,0.007838711142539978,-0.21012389659881592,0.217975914478302,-0.23867687582969666,0.21045760810375214,12.165997505187988,10.927286148071289,10.694036483764648,12.717211723327637,-0.04906250163912773,0.010732421651482582,0.021464843302965164,-0.059794921427965164,0.0,-0.06274323165416718,0.023555869236588478,0.028621947392821312,-0.056187231093645096,0.0,-0.19166836142539978,-0.4611421227455139,-9.683238983154297,-0.012513087131083012,-0.2623266577720642,-8.44870376586914,0.0,0.0,0.0,0.0,0.0,0.0,0.0,0.0,0.0,0.0,0.0,0.0,-0.06091010943055153,0.02652309276163578,0.02542141266167164,-0.05958910658955574,0.2839176654815674,0.25962206721305847,0.2550120949745178,0.2946301996707916,-0.9294406175613403,-0.8917997479438782,-0.41612592339515686,0.0,0.0,0.0,0.0,0.0,0.0,0.0
28956683280,0,-0.013897680677473545,-0.011107656173408031,-0.8067254424095154,6.569455581484362e-05,-0.04113857448101044,-0.8442511558532715,0.0255574993789196,0.00808864738792181,-0.047113362699747086,0.027926890179514885,-0.06006213650107384,-0.037525713443756104,0.006513554137200117,-0.005791087169200182,-0.0043200114741921425,0.0,0.0,-0.0047828578390181065,-0.19907031953334808,-0.2228965163230896,-0.00787933636456728,-0.04273549094796181,0.05009698122739792,-0.0007672166684642434,-0.09988633543252945,-1.5259182453155518,-46.39061737060547,-0.041910409927368164,0.5327091217041016,0.00839640200138092,-0.21013717353343964,0.21658487617969513,-0.2415829300880432,0.21033422648906708,12.159701347351074,10.924922943115234,10.633793830871582,12.710020065307617,-0.05059570446610451,0.010732421651482582,0.02299804612994194,-0.06286133080720901,0.0,-0.06610390543937683,0.02524481900036335,0.03258102759718895,-0.05767061561346054,0.0,-0.17906145751476288,0.16116073727607727,-9.975177764892578,-0.012513087131083012,-0.2623266577720642,-8.44870376586914,0.0,0.0,0.0,0.0,0.0,0.0,0.0,0.0,0.0,0.0,0.0,0.0,-0.06092115491628647,0.025958547368645668,0.025914762169122696,-0.05880061164498329,0.2837950587272644,0.25957542657852173,0.25381964445114136,0.29449090361595154,-0.48151490092277527,-0.28195998072624207,-0.3200491964817047,0.0,0.0,0.0,0.0,0.0,0.0,0.0
28980650761,0,-0.013700972311198711,-0.011306223459541798,-0.8071130514144897,6.569455581484362e-05,-0.04113857448101044,-0.8442511558532715,0.028062237426638603,0.01599215902388096,-0.048817768692970276,0.02753347158432007,-0.059665001928806305,-0.03713810443878174,0.005067448131740093,-0.007669913582503796,-0.004420759622007608,0.0,0.0,-0.0047828578390181065,-0.1926765739917755,-0.21703889966011047,-0.012274081818759441,-0.029211007058620453,0.06541010737419128,-0.0006887225899845362,-0.09988633543252945,-1.5259182453155518,-46.39061737060547,-0.041910409927368164,0.5327091217041016,0.00839640200138092,-0.21013717353343964,0.21658487617969513,-0.2415829300880432,0.21033422648906708,12.159701347351074,10.924922943115234,10.633793830871582,12.710020065307617,-0.05059570446610451,0.010732421651482582,0.02299804612994194,-0.06439453363418579,0.0,-0.06610390543937683,0.02524481900036335,0.03258102759718895,-0.05767061561346054,0.0,-0.21390801668167114,-0.06574594974517822,-10.019766807556152,-0.018161151558160782,-0.277439683675766,-8.43465805053711,0.0,0.0,0.0,0.0,0.0,0.0,0.0,0.0,0.0,0.0,0.0,0.0,-0.061727914959192276,0.025471281260252,0.02720486745238304,-0.05813587084412575,0.2837950587272644,0.25957542657852173,0.25381964445114136,0.29449090361595154,0.02468813583254814,0.15776945650577545,-0.3873336613178253,0.0,0.0,0.0,0.0,0.0,0.0,0.0
28980732149,0,-0.013700972311198711,-0.011306223459541798,-0.8071130514144897,6.569455581484362e-05,-0.04113857448101044,-0.8442511558532715,0.028062237426638603,0.01599215902388096,-0.048817768692970276,0.026704706251621246,-0.05890180543065071,-0.0363239049911499,0.005067448131740093,-0.007669913582503796,-0.004420759622007608,0.0,0.0,-0.0047828578390181065,-0.18719883263111115,-0.21174673736095428,-0.018681462854146957,-0.029211007058620453,0.06541010737419128,-0.0006887225899845362,-0.13597510755062103,-1.5139328241348267,-46.40922546386719,-0.03368249535560608,0.5535179376602173,0.01939307153224945,-0.21014323830604553,0.213288351893425,-0.24851688742637634,0.20984265208244324,11.930105209350586,11.188164710998535,10.32156753540039,13.009988784790039,-0.05059570446610451,0.012265625409781933,0.024531250819563866,-0.06439453363418579,0.0,-0.06809452176094055,0.023130526766180992,0.03439244627952576,-0.05503152683377266,0.0,-0.21390801668167114,-0.06574594974517822,-10.019766807556152,-0.02472274750471115,-0.2752605080604553,-8.438040733337402,0.0,0.0,0.0,0.0,0.0,0.0,0.0,0.0,0.0,0.0,0.0,0.0,-0.06302400678396225,0.025092314928770065,0.02891496568918228,-0.05760134011507034,0.2793148159980774,0.2647647559642792,0.24762733280658722,0.30029600858688354,0.2554459869861603,0.35126394033432007,-0.5207151174545288,0.0,0.0,0.0,0.0,0.0,0.0,0.0
28986832059,0,-0.013004760257899761,-0.011886746622622013,-0.8083463907241821,6.569455581484362e-05,-0.04113857448101044,-0.8442511558532715,0.030229205265641212,0.016207799315452576,-0.04776391386985779,0.02614104002714157,-0.058503951877355576,-0.035904765129089355,-0.00010661142005119473,-0.012852253392338753,-0.0051026963628828526,0.0,0.0,-0.0047828578390181065,-0.18719883263111115,-0.21174673736095428,-0.018681462854146957,0.006951190531253815,0.11166553944349289,0.00018936247215606272,-0.13597510755062103,-1.5139328241348267,-46.40922546386719,-0.021962538361549377,0.5696542263031006,0.01953054964542389,-0.21013090014457703,0.213288351893425,-0.24851688742637634,0.20984265208244324,11.930105209350586,11.188164710998535,10.32156753540039,13.009988784790039,-0.05059570446610451,0.012265625409781933,0.024531250819563866,-0.06286133080720901,0.0,-0.06809338182210922,0.023131724447011948,0.03439373895525932,-0.055030498653650284,0.0,-0.21390801668167114,-0.06574594974517822,-10.019766807556152,-0.025068262591958046,-0.2759099006652832,-8.441255569458008,0.0,0.0,0.0,0.0,0.0,0.0,0.0,0.0,0.0,0.0,0.0,0.0,-0.0645052045583725,0.024641523137688637,0.030683254823088646,-0.056985948234796524,0.2793148159980774,0.2647647559642792,0.24762733280658722,0.30029600858688354,0.2554459869861603,0.35126394033432007,-0.5207151174545288,0.0,0.0,0.0,0.0,0.0,0.0,0.0
28996499941,0,-0.013004760257899761,-0.011886746622622013,-0.8083463907241821,6.569455581484362e-05,-0.04113857448101044,-0.8442511558532715,0.030229205265641212,0.016207799315452576,-0.04776391386985779,0.02614104002714157,-0.058503951877355576,-0.035904765129089355,-0.00010661142005119473,-0.012852253392338753,-0.0051026963628828526,0.0,0.0,-0.0047828578390181065,-0.18167397379875183,-0.21384242177009583,-0.019146813079714775,0.006951190531253815,0.11166553944349289,0.00018936247215606272,-0.16698342561721802,-1.4700655937194824,-46.359397888183594,-0.011498168110847473,0.596598207950592,0.017547354102134705,-0.2101040780544281,0.2100706696510315,-0.25531619787216187,0.20915815234184265,12.064881324768066,11.097864151000977,10.255576133728027,12.986723899841309,-0.05059570446610451,0.013798828236758709,0.024531250819563866,-0.06132812425494194,0.0,-0.06695146858692169,0.020936645567417145,0.03417443111538887,-0.053085509687662125,0.0,0.1686992347240448,-0.02471594326198101,-9.679125785827637,-0.025068262591958046,-0.2759099006652832,-8.441255569458008,0.0,0.0,0.0,0.0,0.0,0.0,0.0,0.0,0.0,0.0,0.0,0.0,-0.06584316492080688,0.024039901793003082,0.03222743049263954,-0.05623277649283409,0.2819459140300751,0.2629862427711487,0.24631577730178833,0.2998463809490204,0.2556915283203125,-0.02623753435909748,-0.18303969502449036,0.0,0.0,0.0,0.0,0.0,0.0,0.0
29008975479,0,-0.013004760257899761,-0.011886746622622013,-0.8083463907241821,6.569455581484362e-05,-0.04113857448101044,-0.8442511558532715,0.030229205265641212,0.016207799315452576,-0.04776391386985779,0.02614104002714157,-0.058503951877355576,-0.035904765129089355,-0.00010661142005119473,-0.012852253392338753,-0.0051026963628828526,0.0,0.0,-0.0047828578390181065,-0.17128483951091766,-0.21314860880374908,-0.01676199771463871,0.006951190531253815,0.11166553944349289,0.00018936247215606272,-0.16698342561721802,-1.4700655937194824,-46.359397888183594,-0.011498168110847473,0.596598207950592,0.017547354102134705,-0.2101040780544281,0.2100706696510315,-0.25531619787216187,0.20915815234184265,12.064881324768066,11.097864151000977,10.255576133728027,12.986723899841309,-0.05059570446610451,0.013798828236758709,0.024531250819563866,-0.06132812425494194,0.0,-0.06695146858692169,0.020936645567417145,0.03417443111538887,-0.053085509687662125,0.0,0.1686992347240448,-0.02471594326198101,-9.679125785827637,-0.025068262591958046,-0.2759099006652832,-8.441255569458008,0.0,0.0,0.0,0.0,0.0,0.0,0.0,0.0,0.0,0.0,0.0,0.0,-0.06675837934017181,0.023272644728422165,0.03335626795887947,-0.05537132918834686,0.2819459140300751,0.2629862427711487,0.24631577730178833,0.2998463809490204,0.6052850484848022,0.0518307201564312,-0.03878331929445267,0.0,0.0,0.0,0.0,0.0,0.0,0.0
29016674670,0,-0.01183263398706913,-0.012330821715295315,-0.8095909953117371,6.569455581484362e-05,-0.04113857448101044,-0.8442511558532715,0.03445686399936676,0.013582420535385609,-0.056318897753953934,0.023796776309609413,-0.05761579051613808,-0.034660160541534424,-0.004699502605944872,-0.01887691766023636,-0.005026701372116804,0.0,0.0,-0.0047828578390181065,-0.17128483951091766,-0.21314860880374908,-0.01676199771463871,0.037364717572927475,0.15006770193576813,0.00034582463558763266,-0.18868453800678253,-1.4678996801376343,-46.23195266723633,-0.01105363667011261,0.6146856546401978,0.014878109097480774,-0.2100662738084793,0.20828695595264435,-0.2592560648918152,0.208840474486351,12.12852954864502,10.972198486328125,10.26215648651123,12.91527271270752,-0.05059570446610451,0.013798828236758709,0.026064453646540642,-0.059794921427965164,0.0,-0.06716693192720413,0.020410995930433273,0.03482993319630623,-0.052722010761499405,0.0,0.1686992347240448,-0.02471594326198101,-9.679125785827637,-0.037764668464660645,-0.2693405747413635,-8.371115684509277,0.0,0.0,0.0,0.0,0.0,0.0,0.0,0.0,0.0,0.0,0.0,0.0,-0.06725406646728516,0.022439993917942047,0.034092653542757034,-0.05450909584760666,0.2819459140300751,0.2629862427711487,0.24631577730178833,0.2998463809490204,0.6052850484848022,0.0518307201564312,-0.03878331929445267,0.0,0.0,0.0,0.0,0.0,0.0,0.0
29026670939,0,-0.01183263398706913,-0.012330821715295315,-0.8095909953117371,6.569455581484362e-05,-0.04113857448101044,-0.8442511558532715,0.03445686399936676,0.013582420535385609,-0.056318897753953934,0.023796776309609413,-0.05761579051613808,-0.034660160541534424,-0.004699502605944872,-0.01887691766023636,-0.005026701372116804,0.0,0.0,-0.0047828578390181065,-0.13552208244800568,-0.18167461454868317,-0.011673683300614357,0.05849452316761017,0.17753246426582336,0.0013272262876853347,-0.2389748990535736,-1.4824211597442627,-45.88925552368164,-0.031075239181518555,0.6078099012374878,0.010051161050796509,-0.20997580885887146,0.20524965226650238,-0.26662319898605347,0.2084076851606369,12.122966766357422,10.744994163513184,10.337721824645996,12.727132797241211,-0.05059570446610451,0.013798828236758709,0.027597656473517418,-0.059794921427965164,0.0,-0.06908423453569412,0.019674623385071754,0.036802761256694794,-0.05249933525919914,0.0,-0.12492510676383972,0.10417737811803818,-9.566515922546387,-0.037764668464660645,-0.2693405747413635,-8.371115684509277,0.0,0.0,0.0,0.0,0.0,0.0,0.0,0.0,0.0,0.0,0.0,0.0,-0.06756027787923813,0.02164635993540287,0.03465163707733154,-0.053761761635541916,0.2830788493156433,0.256020188331604,0.24794811010360718,0.2948225736618042,1.5222992897033691,1.2553884983062744,0.07404598593711853,0.0,0.0,0.0,0.0,0.0,0.0,0.0
29036974434,0,-0.010863380506634712,-0.012505277059972286,-0.8104187250137329,6.569455581484362e-05,-0.04113857448101044,-0.8442511558532715,0.03842317685484886,0.012898731045424938,-0.059959057718515396,0.02185826003551483,-0.057266879826784134,-0.033832430839538574,-0.006775713060051203,-0.02164449170231819,-0.005229823756963015,0.0,0.0,-0.0047828578390181065,-0.10939336568117142,-0.15689167380332947,-0.009732113219797611,0.05849452316761017,0.17753246426582336,0.0013272262876853347,-0.28097113966941833,-1.4688122272491455,-46.00318145751953,-0.051922962069511414,0.596636176109314,0.00909578800201416,-0.20991991460323334,0.2039254903793335,-0.27037590742111206,0.20823244750499725,12.12614917755127,10.734688758850098,10.439305305480957,12.746668815612793,-0.052128907293081284,0.012265625409781933,0.029130859300494194,-0.059794921427965164,0.0,-0.06989072263240814,0.01786746084690094,0.0374123640358448,-0.05086967349052429,0.0,-0.12492510676383972,0.10417737811803818,-9.566515922546387,-0.04926435649394989,-0.267620325088501,-8.343880653381348,0.0,0.0,0.0,0.0,0.0,0.0,0.0,0.0,0.0,0.0,0.0,0.0,-0.0679408460855484,0.02084280550479889,0.035260606557130814,-0.053096361458301544,0.2831408381462097,0.255816251039505,0.24996472895145416,0.2952010929584503,1.9713104963302612,1.7597013711929321,0.07718525826931,0.0,0.0,0.0,0.0,0.0,0.0,0.0
29046434839,0,-0.010400037281215191,-0.012557228095829487,-0.8108351230621338,6.569455581484362e-05,-0.04113857448101044,-0.8442511558532715,0.03839235007762909,0.012676081620156765,-0.057352203875780106,0.02093156799674034,-0.05716298148036003,-0.033416032791137695,-0.007563167251646519,-0.02261599339544773,-0.0054862964898347855,0.0,0.0,-0.0047828578390181065,-0.10939336568117142,-0.15689167380332947,-0.009732113219797611,0.062322262674570084,0.18696562945842743,0.0011747877579182386,-0.28097113966941833,-1.4688122272491455,-46.00318145751953,-0.051922962069511414,0.596636176109314,0.00909578800201416,-0.20991991460323334,0.2039254903793335,-0.27037590742111206,0.20823244750499725,12.12614917755127,10.734688758850098,10.439305305480957,12.746668815612793,-0.052128907293081284,0.013798828236758709,0.03066406212747097,-0.05826171860098839,0.0,-0.06989072263240814,0.01786746084690094,0.0374123640358448,-0.05086967349052429,0.0,0.054975248873233795,0.13217219710350037,-9.689872741699219,-0.051085662096738815,-0.26705676317214966,-8.364214897155762,0.0,0.0,0.0,0.0,0.0,0.0,0.0,0.0,0.0,0.0,0.0,0.0,-0.06845061480998993,0.01998194307088852,0.03592904284596443,-0.052433401346206665,0.2831408381462097,0.255816251039505,0.24996472895145416,0.2952010929584503,1.9713104963302612,1.7597013711929321,0.07718525826931,0.0,0.0,0.0,0.0,0.0,0.0,0.0
29057136533,0,-0.009455370716750622,-0.012646244838833809,-0.811643660068512,6.569455581484362e-05,-0.04113857448101044,-0.8442511558532715,0.039615847170352936,0.007831467315554619,-0.04507336765527725,0.019042225554585457,-0.05698494613170624,-0.03260749578475952,-0.008669473230838776,-0.025161977857351303,-0.005916490685194731,0.0,0.0,-0.0047828578390181065,-0.055306944996118546,-0.1408156454563141,-0.010898232460021973,0.062322262674570084,0.18696562945842743,0.0011747877579182386,-0.3178846538066864,-1.4137158393859863,-46.491302490234375,-0.10639441758394241,0.6183047294616699,0.012418985366821289,-0.20980539917945862,0.202259823679924,-0.2771914005279541,0.207950159907341,12.115385055541992,10.822097778320312,10.528834342956543,13.068890571594238,-0.052128907293081284,0.015332031063735485,0.03066406212747097,-0.05826171860098839,0.0,-0.06941071897745132,0.014728320762515068,0.036494940519332886,-0.04711279645562172,0.0,0.054975248873233795,0.13217219710350037,-9.689872741699219,-0.057797208428382874,-0.25703924894332886,-8.452963829040527,0.0,0.0,0.0,0.0,0.0,0.0,0.0,0.0,0.0,0.0,0.0,0.0,-0.06894492357969284,0.01902356557548046,0.036489177495241165,-0.05164548382163048,0.2829311192035675,0.2575445771217346,0.25174033641815186,0.30143383145332336,2.559598922729492,0.9614951610565186,-0.1257764995098114,0.0,0.0,0.0,0.0,0.0,0.0,0.0
29066741021,0,-0.008565553463995457,-0.012690338306128979,-0.8123912811279297,6.569455581484362e-05,-0.04113857448101044,-0.8442511558532715,0.04441361874341965,0.007033573929220438,-0.03780530020594597,0.01726258173584938,-0.05689675360918045,-0.0318598747253418,-0.00826655887067318,-0.02757187746465206,-0.006216002162545919,0.0,0.0,-0.0047828578390181065,-0.020698418840765953,-0.13292196393013,-0.013785089366137981,0.06615445017814636,0.20991265773773193,0.0015097381547093391,-0.3178846538066864,-1.4137158393859863,-46.491302490234375,-0.10639441758394241,0.6183047294616699,0.012418985366821289,-0.20980539917945862,0.202259823679924,-0.2771914005279541,0.207950159907341,12.115385055541992,10.822097778320312,10.528834342956543,13.068890571594238,-0.052128907293081284,0.016865234822034836,0.032197266817092896,-0.05672851577401161,0.0,-0.06941071897745132,0.014728320762515068,0.036494940519332886,-0.04711279645562172,0.0,0.19540415704250336,0.34686797857284546,-9.95673942565918,-0.0712633952498436,-0.2553747892379761,-8.49386215209961,0.0,0.0,0.0,0.0,0.0,0.0,0.0,0.0,0.0,0.0,0.0,0.0,-0.06929612904787064,0.01790444739162922,0.03680804371833801,-0.050594884902238846,0.2829311192035675,0.2575445771217346,0.25174033641815186,0.30143383145332336,2.893829584121704,0.8590725660324097,-0.2079513967037201,0.0,0.0,0.0,0.0,0.0,0.0,0.0
29076474694,0,-0.008565553463995457,-0.012690338306128979,-0.8123912811279297,6.569455581484362e-05,-0.04113857448101044,-0.8442511558532715,0.04441361874341965,0.007033573929220438,-0.03780530020594597,0.01726258173584938,-0.05689675360918045,-0.0318598747253418,-0.00826655887067318,-0.02757187746465206,-0.006216002162545919,0.0,0.0,-0.0047828578390181065,-0.020698418840765953,-0.13292196393013,-0.013785089366137981,0.06576810777187347,0.21917124092578888,0.0018563438206911087,-0.34802427887916565,-1.4361406564712524,-46.70445251464844,-0.14642982184886932,0.6237072348594666,0.015744149684906006,-0.2097352147102356,0.20190897583961487,-0.280971884727478,0.20771726965904236,12.033893585205078,10.887746810913086,10.551950454711914,13.276232719421387,-0.052128907293081284,0.016865234822034836,0.032197266817092896,-0.055195312947034836,0.0,-0.07142335921525955,0.01439596340060234,0.03818463906645775,-0.04616504907608032,0.0,-0.14127877354621887,-0.13311250507831573,-9.264081954956055,-0.0712633952498436,-0.2553747892379761,-8.49386215209961,0.0,0.0,0.0,0.0,0.0,0.0,0.0,0.0,0.0,0.0,0.0,0.0,-0.06958283483982086,0.016752636060118675,0.036985039710998535,-0.04939192906022072,0.28134122490882874,0.25884145498275757,0.25219839811325073,0.3054340183734894,2.893829584121704,0.8590725660324097,-0.2079513967037201,0.0,0.0,0.0,0.0,0.0,0.0,0.0
29086433928,0,-0.008565553463995457,-0.012690338306128979,-0.8123912811279297,6.569455581484362e-05,-0.04113857448101044,-0.8442511558532715,0.04441361874341965,0.007033573929220438,-0.03780530020594597,0.01726258173584938,-0.05689675360918045,-0.0318598747253418,-0.00826655887067318,-0.02757187746465206,-0.006216002162545919,0.0,0.0,-0.0047828578390181065,0.04085536301136017,-0.08851690590381622,-0.010105918161571026,0.06576810777187347,0.21917124092578888,0.0018563438206911087,-0.4521530568599701,-1.3935010433197021,-46.71550750732422,-0.2197476327419281,0.5835415720939636,0.010393515229225159,-0.2095816731452942,0.2024175226688385,-0.28779757022857666,0.20728053152561188,11.996328353881836,10.705859184265137,10.863153457641602,13.195218086242676,-0.05366211012005806,0.016865234822034836,0.03373046964406967,-0.055195312947034836,0.0,-0.07345042377710342,0.009808867238461971,0.039108287543058395,-0.042499616742134094,0.0,-0.14127877354621887,-0.13311250507831573,-9.264081954956055,-0.0712633952498436,-0.2553747892379761,-8.49386215209961,0.0,0.0,0.0,0.0,0.0,0.0,0.0,0.0,0.0,0.0,0.0,0.0,-0.07006412744522095,0.015555012971162796,0.03725810348987579,-0.0480794794857502,0.2806081473827362,0.25524625182151794,0.25835561752319336,0.30387210845947266,3.0344254970550537,1.9873013496398926,0.09130367636680603,0.0,0.0,0.0,0.0,0.0,0.0,0.0
29097467417,0,-0.007691537495702505,-0.012675764039158821,-0.8130781650543213,6.569455581484362e-05,-0.04113857448101044,-0.8442511558532715,0.051998164504766464,0.012349877506494522,-0.03911544755101204,0.015514541417360306,-0.05692590773105621,-0.031172990798950195,-0.0067690638825297356,-0.028568973764777184,-0.006270739249885082,0.0,0.0,-0.0047828578390181065,0.04085536301136017,-0.08851690590381622,-0.010105918161571026,0.05386951193213463,0.22710010409355164,0.0019012908451259136,-0.4521530568599701,-1.3935010433197021,-46.71550750732422,-0.2197476327419281,0.5835415720939636,0.010393515229225159,-0.2095816731452942,0.2024175226688385,-0.28779757022857666,0.20728053152561188,11.996328353881836,10.705859184265137,10.863153457641602,13.195218086242676,-0.05366211012005806,0.016865234822034836,0.03526367247104645,-0.05366211012005806,0.0,-0.07345042377710342,0.009808867238461971,0.039108287543058395,-0.042499616742134094,0.0,-0.06292447447776794,0.20284412801265717,-9.643294334411621,-0.08978040516376495,-0.26631736755371094,-8.469462394714355,0.0,0.0,0.0,0.0,0.0,0.0,0.0,0.0,0.0,0.0,0.0,0.0,-0.07083218544721603,0.01411729771643877,0.03769119828939438,-0.046573456376791,0.2806081473827362,0.25524625182151794,0.25835561752319336,0.30387210845947266,3.0344254970550537,1.9873013496398926,0.09130367636680603,0.0,0.0,0.0,0.0,0.0,0.0,0.0
29106612298,0,-0.0067727756686508656,-0.01255850587040186,-0.8137266039848328,6.569455581484362e-05,-0.04113857448101044,-0.8442511558532715,0.05662985518574715,0.014445957727730274,-0.038605790585279465,0.013677009381353855,-0.057160425931215286,-0.03052455186843872,-0.004731633700430393,-0.028623167425394058,-0.00675164395943284,0.0,0.0,-0.0047828578390181065,0.08955386281013489,-0.030190400779247284,-0.010297343134880066,0.03769760578870773,0.22753193974494934,0.0024435503873974085,-0.5498778820037842,-1.4668400287628174,-46.570465087890625,-0.28209781646728516,0.5255308151245117,0.011600002646446228,-0.20940609276294708,0.2024175226688385,-0.28779757022857666,0.20728053152561188,11.745198249816895,10.692667961120605,10.981671333312988,13.194169044494629,-0.05366211012005806,0.016865234822034836,0.036796875298023224,-0.05366211012005806,0.0,-0.08017244935035706,0.009032457135617733,0.044215522706508636,-0.04183449223637581,0.0,-0.06292447447776794,0.20284412801265717,-9.643294334411621,-0.10268070548772812,-0.2711957097053528,-8.463774681091309,0.0,0.0,0.0,0.0,0.0,0.0,0.0,0.0,0.0,0.0,0.0,0.0,-0.07200315594673157,0.012579371221363544,0.038401294499635696,-0.04505036026239395,0.2806081473827362,0.25524625182151794,0.25835561752319336,0.30387210845947266,2.590754747390747,2.5769224166870117,0.046207644045352936,0.0,0.0,0.0,0.0,0.0,0.0,0.0
29117005598,0,-0.0067727756686508656,-0.01255850587040186,-0.8137266039848328,6.569455581484362e-05,-0.04113857448101044,-0.8442511558532715,0.05662985518574715,0.014445957727730274,-0.038605790585279465,0.013677009381353855,-0.057160425931215286,-0.03052455186843872,-0.004731633700430393,-0.028623167425394058,-0.00675164395943284,0.0,0.0,-0.0047828578390181065,0.10845315456390381,-0.002008856041356921,-0.009264606051146984,0.025280088186264038,0.2224268913269043,0.0019477426540106535,-0.5647438764572144,-1.4915764331817627,-46.55076217651367,-0.3068126142024994,0.4966294765472412,0.010441839694976807,-0.2093023657798767,0.20582929253578186,-0.29626381397247314,0.20668581128120422,11.688508033752441,10.664444923400879,11.08791446685791,13.15457820892334,-0.05366211012005806,0.016865234822034836,0.038330078125,-0.05366211012005806,0.0,-0.08175429701805115,0.009394176304340363,0.04506579414010048,-0.04221741855144501,0.0,0.03569876030087471,0.12397338449954987,-9.698538780212402,-0.10268070548772812,-0.2711957097053528,-8.463774681091309,0.0,0.0,0.0,0.0,0.0,0.0,0.0,0.0,0.0,0.0,0.0,0.0,-0.0738493800163269,0.011221002787351608,0.03962703049182892,-0.04375622048974037,0.2745891213417053,0.2544265389442444,0.26279008388519287,0.30308791995048523,2.218071460723877,2.6184966564178467,0.11884913593530655,0.0,0.0,0.0,0.0,0.0,0.0,0.0
29127183329,0,-0.006282913964241743,-0.012490564025938511,-0.8140438199043274,6.569455581484362e-05,-0.04113857448101044,-0.8442511558532715,0.0566573329269886,0.016519084572792053,-0.03634868562221527,0.012697280384600163,-0.05729630962014198,-0.030207335948944092,-0.0037177731283009052,-0.028246816247701645,-0.007025388069450855,0.0,0.0,-0.0047828578390181065,0.12032762169837952,0.02954203262925148,-0.004634429235011339,0.025280088186264038,0.2224268913269043,0.0019477426540106535,-0.6146155595779419,-1.49895441532135,-46.66704177856445,-0.3068126142024994,0.4966294765472412,0.010441839694976807,-0.2093023657798767,0.20582929253578186,-0.29626381397247314,0.20668581128120422,11.788617134094238,10.556611061096191,11.371440887451172,12.99461555480957,-0.055195312947034836,0.016865234822034836,0.038330078125,-0.052128907293081284,0.0,-0.08278127014636993,0.008066925220191479,0.04572317749261856,-0.04158024117350578,0.0,-0.32824864983558655,-0.08921560645103455,-9.851624488830566,-0.10477937757968903,-0.2756851613521576,-8.47750186920166,0.0,0.0,0.0,0.0,0.0,0.0,0.0,0.0,0.0,0.0,0.0,0.0,-0.07619044184684753,0.01013792585581541,0.041224561631679535,-0.042788732796907425,0.2745891213417053,0.2544265389442444,0.26279008388519287,0.30308791995048523,1.6952916383743286,2.8015735149383545,0.35972166061401367,0.0,0.0,0.0,0.0,0.0,0.0,0.0
29136462680,0,-0.0050749583169817924,-0.012084626592695713,-0.8149411082267761,6.569455581484362e-05,-0.04113857448101044,-0.8442511558532715,0.05885046720504761,0.016221152618527412,-0.03861812874674797,0.010281356982886791,-0.05810818821191788,-0.02931004762649536,-0.00039521270082332194,-0.025686325505375862,-0.0067699989303946495,0.0,0.0,-0.0047828578390181065,0.12220043689012527,0.05434858053922653,-0.0030758625362068415,0.003222530009225011,0.2041996568441391,0.0023904633708298206,-0.6146155595779419,-1.49895441532135,-46.66704177856445,-0.3068126142024994,0.4966294765472412,0.010441839694976807,-0.2093023657798767,0.20582929253578186,-0.29626381397247314,0.20668581128120422,11.750551223754883,10.591462135314941,11.426819801330566,12.9429931640625,-0.055195312947034836,0.015332031063735485,0.039863280951976776,-0.052128907293081284,0.0,-0.08305001258850098,0.008040374144911766,0.045501433312892914,-0.04174618422985077,0.0,-0.12717774510383606,0.3517003059387207,-9.896531105041504,-0.11402788758277893,-0.2769060730934143,-8.447953224182129,0.0,0.0,0.0,0.0,0.0,0.0,0.0,0.0,0.0,0.0,0.0,0.0,-0.07852301746606827,0.009283102117478848,0.04279980808496475,-0.04212695732712746,0.2745891213417053,0.2544265389442444,0.26279008388519287,0.30308791995048523,1.1547538042068481,3.002498149871826,0.33827799558639526,0.0,0.0,0.0,0.0,0.0,0.0,0.0
29146288151,0,-0.004806697368621826,-0.011993319727480412,-0.8152167201042175,6.569455581484362e-05,-0.04113857448101044,-0.8442511558532715,0.06113253906369209,0.018032899126410484,-0.04024701938033104,0.009744832292199135,-0.05829080194234848,-0.029034435749053955,0.0010086226975545287,-0.024579467251896858,-0.006682372186332941,0.0,0.0,-0.0047828578390181065,0.12220043689012527,0.05434858053922653,-0.0030758625362068415,0.003222530009225011,0.2041996568441391,0.0023904633708298206,-0.6146155595779419,-1.49895441532135,-46.66704177856445,-0.3293144702911377,0.4283731281757355,0.003615856170654297,-0.20911188423633575,0.20889583230018616,-0.3000449538230896,0.20643293857574463,11.750551223754883,10.591462135314941,11.426819801330566,12.9429931640625,-0.05826171860098839,0.013798828236758709,0.039863280951976776,-0.05059570446610451,0.0,-0.08303233981132507,0.008059926331043243,0.045519571751356125,-0.04173017293214798,0.0,-0.12717774510383606,0.3517003059387207,-9.896531105041504,-0.11962486803531647,-0.2809593677520752,-8.432832717895508,0.0,0.0,0.0,0.0,0.0,0.0,0.0,0.0,0.0,0.0,0.0,0.0,-0.08049234747886658,0.008635498583316803,0.04408412426710129,-0.04172283038496971,0.275803804397583,0.2529812455177307,0.2694571018218994,0.29900112748146057,1.1547538042068481,3.002498149871826,0.33827799558639526,0.0,0.0,0.0,0.0,0.0,0.0,0.0
29156865175,0,-0.004806697368621826,-0.011993319727480412,-0.8152167201042175,6.569455581484362e-05,-0.04113857448101044,-0.8442511558532715,0.06113253906369209,0.018032899126410484,-0.04024701938033104,0.009744832292199135,-0.05829080194234848,-0.029034435749053955,0.0010086226975545287,-0.024579467251896858,-0.006682372186332941,0.0,0.0,-0.0047828578390181065,0.12453658133745193,0.11683683842420578,0.006804196164011955,0.003222530009225011,0.2041996568441391,0.0023904633708298206,-0.6146155595779419,-1.49895441532135,-46.66704177856445,-0.3293144702911377,0.4283731281757355,0.003615856170654297,-0.20911188423633575,0.20889583230018616,-0.3000449538230896,0.20643293857574463,11.750551223754883,10.591462135314941,11.426819801330566,12.9429931640625,-0.059794921427965164,0.009199218824505806,0.039863280951976776,-0.05059570446610451,0.0,-0.08303233981132507,0.008059926331043243,0.045519571751356125,-0.04173017293214798,0.0,-0.12717774510383606,0.3517003059387207,-9.896531105041504,-0.11962486803531647,-0.2809593677520752,-8.432832717895508,0.0,0.0,0.0,0.0,0.0,0.0,0.0,0.0,0.0,0.0,0.0,0.0,-0.08193039894104004,0.008209888823330402,0.04497981071472168,-0.04152616858482361,0.275803804397583,0.2529812455177307,0.2694571018218994,0.29900112748146057,0.5301756858825684,2.772815465927124,0.37272724509239197,0.0,0.0,0.0,0.0,0.0,0.0,0.0
29166642445,0,-0.004643904510885477,-0.01186714880168438,-0.8154805302619934,6.569455581484362e-05,-0.04113857448101044,-0.8442511558532715,0.06182456761598587,0.019116202369332314,-0.03936687856912613,0.009419245645403862,-0.05854314565658569,-0.028770625591278076,0.0023394606541842222,-0.023466598242521286,-0.006711652502417564,0.0,0.0,-0.0047828578390181065,0.12780386209487915,0.1299455761909485,0.001279433723539114,0.003222530009225011,0.2041996568441391,0.0023904633708298206,-0.6579367518424988,-1.5452765226364136,-46.38058090209961,-0.3511846661567688,0.34629490971565247,-0.004636615514755249,-0.20893974602222443,0.20889583230018616,-0.3000449538230896,0.20643293857574463,11.728269577026367,10.404229164123535,11.720335960388184,12.572831153869629,-0.06132812425494194,0.0076660155318677425,0.039863280951976776,-0.04906250163912773,0.0,-0.08588648587465286,0.00832494255155325,0.04710182547569275,-0.04302907735109329,0.0,-0.12717774510383606,0.3517003059387207,-9.896531105041504,-0.12174012511968613,-0.28368693590164185,-8.43812370300293,0.0,0.0,0.0,0.0,0.0,0.0,0.0,0.0,0.0,0.0,0.0,0.0,-0.08297266066074371,0.007985121570527554,0.045592911541461945,-0.04152701422572136,0.275803804397583,0.2529812455177307,0.2694571018218994,0.29900112748146057,0.5010068416595459,2.2108230590820312,0.004350712988525629,0.0,0.0,0.0,0.0,0.0,0.0,0.0
29177219792,0,-0.004518365487456322,-0.011608175933361053,-0.8157320618629456,6.569455581484362e-05,-0.04113857448101044,-0.8442511558532715,0.06006117910146713,0.021322954446077347,-0.0349041186273098,0.009168165735900402,-0.059061091393232346,-0.028519093990325928,0.0036002355627715588,-0.022106917575001717,-0.0068594906479120255,0.0,0.0,-0.0047828578390181065,0.12780386209487915,0.1299455761909485,0.001279433723539114,-0.028545044362545013,0.17575854063034058,0.0024440493434667587,-0.6695706844329834,-1.5602781772613525,-46.4096794128418,-0.3650946319103241,0.3310644328594208,0.003322705626487732,-0.20885008573532104,0.21467937529087067,-0.3036952018737793,0.2065880000591278,11.491413116455078,10.61223316192627,11.573969841003418,12.777337074279785,-0.06132812425494194,0.006132812704890966,0.039863280951976776,-0.04599609225988388,0.0,-0.08847541362047195,0.00828314758837223,0.04852094128727913,-0.04242559149861336,0.0,-0.23139794170856476,0.44970056414604187,-9.711618423461914,-0.118919238448143,-0.28920409083366394,-8.471193313598633,0.0,0.0,0.0,0.0,0.0,0.0,0.0,0.0,0.0,0.0,0.0,0.0,-0.08401070535182953,0.007923130877315998,0.046165354549884796,-0.04171684384346008,0.2707251012325287,0.25339266657829285,0.27234476804733276,0.29579514265060425,0.5010068416595459,2.2108230590820312,0.004350712988525629,0.0,0.0,0.0,0.0,0.0,0.0,0.0
29186495210,0,-0.004518365487456322,-0.011608175933361053,-0.8157320618629456,6.569455581484362e-05,-0.04113857448101044,-0.8442511558532715,0.06006117910146713,0.021322954446077347,-0.0349041186273098,0.009168165735900402,-0.059061091393232346,-0.028519093990325928,0.0036002355627715588,-0.022106917575001717,-0.0068594906479120255,0.0,0.0,-0.0047828578390181065,0.13237516582012177,0.149446040391922,-0.014972998760640621,-0.028545044362545013,0.17575854063034058,0.0024440493434667587,-0.6568500995635986,-1.5939455032348633,-46.784664154052734,-0.39761626720428467,0.29368045926094055,0.021288275718688965,-0.20863023400306702,0.2191067487001419,-0.30504411458969116,0.2062741369009018,11.032149314880371,11.16031551361084,11.324393272399902,13.313838005065918,-0.06439453363418579,0.006132812704890966,0.039863280951976776,-0.04139648377895355,0.0,-0.09282129257917404,0.009367365390062332,0.05026707425713539,-0.04192996397614479,0.0,-0.23139794170856476,0.44970056414604187,-9.711618423461914,-0.118919238448143,-0.28920409083366394,-8.471193313598633,0.0,0.0,0.0,0.0,0.0,0.0,0.0,0.0,0.0,0.0,0.0,0.0,-0.08542613685131073,0.008011020720005035,0.04689664766192436,-0.041945964097976685,0.2616908848285675,0.26421648263931274,0.2674447000026703,0.3061586618423462,0.25953003764152527,1.2958087921142578,-0.5515871047973633,0.0,0.0,0.0,0.0,0.0,0.0,0.0
29197898340,0,-0.0042099119164049625,-0.01110034342855215,-0.8161749243736267,6.569455581484362e-05,-0.04113857448101044,-0.8442511558532715,0.05933375656604767,0.017235148698091507,-0.026504794135689735,0.008193950168788433,-0.060562532395124435,-0.027887284755706787,0.005486583337187767,-0.018996329978108406,-0.007264601998031139,0.0,0.0,-0.0047828578390181065,0.1245533674955368,0.1596333384513855,-0.018957776948809624,-0.04353904351592064,0.1510404646396637,0.002915411489084363,-0.6568500995635986,-1.5939455032348633,-46.784664154052734,-0.39761626720428467,0.29368045926094055,0.021288275718688965,-0.20863023400306702,0.2191067487001419,-0.30504411458969116,0.2062741369009018,11.032149314880371,11.16031551361084,11.324393272399902,13.313838005065918,-0.06746093928813934,0.0076660155318677425,0.04139648377895355,-0.038330078125,0.0,-0.09282129257917404,0.009367365390062332,0.05026707425713539,-0.04192996397614479,0.0,-0.25065720081329346,-0.018773458898067474,-9.515283584594727,-0.12024687230587006,-0.2762638330459595,-8.548748016357422,0.0,0.0,0.0,0.0,0.0,0.0,0.0,0.0,0.0,0.0,0.0,0.0,-0.08728638291358948,0.008254512213170528,0.04779769107699394,-0.04207855835556984,0.2616908848285675,0.26421648263931274,0.2674447000026703,0.3061586618423462,-0.20585648715496063,1.224240779876709,-0.5317620635032654,0.0,0.0,0.0,0.0,0.0,0.0,0.0
29207162064,0,-0.004031260032206774,-0.010857459157705307,-0.8163638710975647,6.569455581484362e-05,-0.04113857448101044,-0.8442511558532715,0.05944870412349701,0.013170132413506508,-0.023344742134213448,0.008193950168788433,-0.060562532395124435,-0.027887284755706787,0.006283806171268225,-0.017352689057588577,-0.007349281571805477,0.0,0.0,-0.0047828578390181065,0.1245533674955368,0.1596333384513855,-0.018957776948809624,-0.04988127201795578,0.13797803223133087,0.003014152869582176,-0.6551405191421509,-1.5581574440002441,-46.909019470214844,-0.3934188485145569,0.27150166034698486,0.024323776364326477,-0.20852431654930115,0.22104276716709137,-0.3053993880748749,0.20599710941314697,10.961626052856445,11.306839942932129,11.306378364562988,13.38039779663086,-0.0705273449420929,0.0076660155318677425,0.04292968660593033,-0.036796875298023224,0.0,-0.09219498187303543,0.008190514519810677,0.04918340593576431,-0.040811434388160706,0.0,-0.1563524752855301,-0.2622862458229065,-9.47508716583252,-0.12024687230587006,-0.2762638330459595,-8.548748016357422,0.0,0.0,0.0,0.0,0.0,0.0,0.0,0.0,0.0,0.0,0.0,0.0,-0.08919371664524078,0.00852532684803009,0.04864651337265968,-0.04206474870443344,0.26029983162879944,0.2670994997024536,0.2670905888080597,0.3074404299259186,-0.20585648715496063,1.224240779876709,-0.5317620635032654,0.0,0.0,0.0,0.0,0.0,0.0,0.0
29216413618,0,-0.004031260032206774,-0.010857459157705307,-0.8163638710975647,6.569455581484362e-05,-0.04113857448101044,-0.8442511558532715,0.05944870412349701,0.013170132413506508,-0.023344742134213448,0.008193950168788433,-0.060562532395124435,-0.027887284755706787,0.006283806171268225,-0.017352689057588577,-0.007349281571805477,0.0,0.0,-0.0047828578390181065,0.10015126317739487,0.1617894470691681,-0.026640450581908226,-0.04988127201795578,0.13797803223133087,0.003014152869582176,-0.670448899269104,-1.4976903200149536,-46.82561111450195,-0.3845691680908203,0.2521907687187195,0.031299516558647156,-0.20823927223682404,0.2253134697675705,-0.30593082308769226,0.20514054596424103,10.754694938659668,11.500906944274902,11.124556541442871,13.48895263671875,-0.0705273449420929,0.006132812704890966,0.044462889432907104,-0.036796875298023224,0.0,-0.09245412796735764,0.0057497466914355755,0.04857887700200081,-0.03847215324640274,0.0,-0.1563524752855301,-0.2622862458229065,-9.47508716583252,-0.12024687230587006,-0.2762638330459595,-8.548748016357422,0.0,0.0,0.0,0.0,0.0,0.0,0.0,0.0,0.0,0.0,0.0,0.0,-0.09072642773389816,0.008538427762687206,0.049185145646333694,-0.041770368814468384,0.25621214509010315,0.27091148495674133,0.2635120451450348,0.30952924489974976,-0.8886666297912598,0.3968147933483124,-0.48934754729270935,0.0,0.0,0.0,0.0,0.0,0.0,0.0
29226739022,0,-0.0036125341430306435,-0.010316682979464531,-0.8167123198509216,6.569455581484362e-05,-0.04113857448101044,-0.8442511558532715,0.05945783108472824,0.010049969889223576,-0.02671324834227562,0.007356494199484587,-0.061644092202186584,-0.027538836002349854,0.007974080741405487,-0.014814771711826324,-0.007596212904900312,0.0,0.0,-0.0047828578390181065,0.10015126317739487,0.1617894470691681,-0.026640450581908226,-0.06799109280109406,0.11201754212379456,0.004435976967215538,-0.670448899269104,-1.4976903200149536,-46.82561111450195,-0.3845691680908203,0.2521907687187195,0.031299516558647156,-0.20823927223682404,0.2253134697675705,-0.30593082308769226,0.20514054596424103,10.754694938659668,11.500906944274902,11.124556541442871,13.48895263671875,-0.0705273449420929,0.006132812704890966,0.04599609225988388,-0.038330078125,0.0,-0.09245412796735764,0.0057497466914355755,0.04857887700200081,-0.03847215324640274,0.0,-0.32739096879959106,0.2190367877483368,-9.47414779663086,-0.1218997985124588,-0.2723073363304138,-8.513747215270996,0.0,0.0,0.0,0.0,0.0,0.0,0.0,0.0,0.0,0.0,0.0,0.0,-0.09178707748651505,0.008142881095409393,0.0493660643696785,-0.041124895215034485,0.25621214509010315,0.27091148495674133,0.2635120451450348,0.30952924489974976,-0.8886666297912598,0.3968147933483124,-0.48934754729270935,0.0,0.0,0.0,0.0,0.0,0.0,0.0
29236660571,0,-0.0036125341430306435,-0.010316682979464531,-0.8167123198509216,6.569455581484362e-05,-0.04113857448101044,-0.8442511558532715,0.05945783108472824,0.010049969889223576,-0.02671324834227562,0.007356494199484587,-0.061644092202186584,-0.027538836002349854,0.007974080741405487,-0.014814771711826324,-0.007596212904900312,0.0,0.0,-0.0047828578390181065,0.09008316695690155,0.1650293469429016,-0.032392993569374084,-0.06799109280109406,0.11201754212379456,0.004435976967215538,-0.661677896976471,-1.5783571004867554,-46.85600662231445,-0.3940114378929138,0.22690457105636597,0.03674834966659546,-0.2079235017299652,0.22904759645462036,-0.3061559200286865,0.2041730433702469,10.578742980957031,11.666021347045898,11.04745864868164,13.608011245727539,-0.07206054776906967,0.004599609412252903,0.04599609225988388,-0.039863280951976776,0.0,-0.09637755900621414,0.008408387191593647,0.05125309154391289,-0.04043563827872276,0.0,-0.32739096879959106,0.2190367877483368,-9.47414779663086,-0.1218997985124588,-0.2723073363304138,-8.513747215270996,0.0,0.0,0.0,0.0,0.0,0.0,0.0,0.0,0.0,0.0,0.0,0.0,-0.09261280298233032,0.007629395462572575,0.0494331493973732,-0.04040851816534996,0.2527293264865875,0.2741488218307495,0.26199278235435486,0.31181758642196655,-0.5746917724609375,0.26310110092163086,-0.5027796626091003,0.0,0.0,0.0,0.0,0.0,0.0,0.0
29246477400,0,-0.00332422717474401,-0.009665969759225845,-0.8170108199119568,6.569455581484362e-05,-0.04113857448101044,-0.8442511558532715,0.058132581412792206,0.015975086018443108,-0.025441398844122887,0.006779877468943596,-0.06294552236795425,-0.027240335941314697,0.009965803474187851,-0.011895919218659401,-0.008236880414187908,0.0,0.0,-0.0047828578390181065,0.0912952721118927,0.17075054347515106,-0.03226080536842346,-0.08062758296728134,0.08840899914503098,0.004900455474853516,-0.661677896976471,-1.5783571004867554,-46.85600662231445,-0.3940114378929138,0.22690457105636597,0.03674834966659546,-0.2079235017299652,0.22904759645462036,-0.3061559200286865,0.2041730433702469,10.578742980957031,11.666021347045898,11.04745864868164,13.608011245727539,-0.07512695342302322,0.004599609412252903,0.04752929508686066,-0.04139648377895355,0.0,-0.09637755900621414,0.008408387191593647,0.05125309154391289,-0.04043563827872276,0.0,-0.10200972110033035,0.2903936505317688,-9.637877464294434,-0.12030506879091263,-0.2869740128517151,-8.51927375793457,0.0,0.0,0.0,0.0,0.0,0.0,0.0,0.0,0.0,0.0,0.0,0.0,-0.09353259950876236,0.007397954352200031,0.049678605049848557,-0.03997061774134636,0.2527293264865875,0.2741488218307495,0.26199278235435486,0.31181758642196655,-0.3030543923377991,0.419089138507843,-0.3337027132511139,0.0,0.0,0.0,0.0,0.0,0.0,0.0
29256460143,0,-0.0031634357292205095,-0.008886994794011116,-0.817258894443512,6.569455581484362e-05,-0.04113857448101044,-0.8442511558532715,0.0537477545440197,0.02018987387418747,-0.015261741355061531,0.006458292715251446,-0.06450348347425461,-0.02699226140975952,0.011441987007856369,-0.008469129912555218,-0.009158306755125523,0.0,0.0,-0.0047828578390181065,0.0912952721118927,0.17075054347515106,-0.03226080536842346,-0.0909026712179184,0.06740925461053848,0.005192261654883623,-0.6354457139968872,-1.6153781414031982,-47.055213928222656,-0.4087481200695038,0.20698979496955872,0.03533603250980377,-0.20773059129714966,0.23115380108356476,-0.30609995126724243,0.20358669757843018,10.612284660339355,11.68822193145752,11.18651008605957,13.616217613220215,-0.07819335907697678,0.004599609412252903,0.04906250163912773,-0.04139648377895355,0.0,-0.0964132621884346,0.010323761962354183,0.05097560957074165,-0.042039655148983,0.0,-0.2671331465244293,-0.09357628226280212,-9.426593780517578,-0.11217202991247177,-0.2989214062690735,-8.592507362365723,0.0,0.0,0.0,0.0,0.0,0.0,0.0,0.0,0.0,0.0,0.0,0.0,-0.09451156854629517,0.007558940444141626,0.050077058374881744,-0.0399150550365448,0.2533937692642212,0.2745835483074188,0.2647320628166199,0.3119750916957855,-0.3030543923377991,0.419089138507843,-0.3337027132511139,0.0,0.0,0.0,0.0,0.0,0.0,0.0
29267309769,0,-0.0031634357292205095,-0.008886994794011116,-0.817258894443512,6.569455581484362e-05,-0.04113857448101044,-0.8442511558532715,0.0537477545440197,0.02018987387418747,-0.015261741355061531,0.006458292715251446,-0.06450348347425461,-0.02699226140975952,0.011441987007856369,-0.008469129912555218,-0.009158306755125523,0.0,0.0,-0.0047828578390181065,0.07540322095155716,0.18052007257938385,-0.03624629229307175,-0.0909026712179184,0.06740925461053848,0.005192261654883623,-0.5858086347579956,-1.6143637895584106,-47.392906188964844,-0.4004092216491699,0.16120189428329468,0.04030348360538483,-0.20732906460762024,0.23512044548988342,-0.30553510785102844,0.2024248093366623,10.515617370605469,11.97977066040039,11.204909324645996,13.74295711517334,-0.08125976473093033,0.006132812704890966,0.05059570446610451,-0.04292968660593033,0.0,-0.09554973244667053,0.011544003151357174,0.04933060705661774,-0.04287194460630417,0.0,-0.2671331465244293,-0.09357628226280212,-9.426593780517578,-0.11217202991247177,-0.2989214062690735,-8.592507362365723,0.0,0.0,0.0,0.0,0.0,0.0,0.0,0.0,0.0,0.0,0.0,0.0,-0.09530247002840042,0.008116232231259346,0.05037574842572212,-0.040244173258543015,0.2514781951904297,0.28028494119644165,0.2650943994522095,0.3144080340862274,-0.8343024849891663,0.5109190940856934,-0.3547321557998657,0.0,0.0,0.0,0.0,0.0,0.0,0.0
29276847737,0,-0.0030376799404621124,-0.008084597997367382,-0.8174770474433899,6.569455581484362e-05,-0.04113857448101044,-0.8442511558532715,0.04952896386384964,0.017144890502095222,-0.010331137105822563,0.006206780206412077,-0.06610827893018723,-0.026774108409881592,0.012361360713839531,-0.005181552842259407,-0.01000076625496149,0.0,0.0,-0.0047828578390181065,0.0456019826233387,0.16581150889396667,-0.03156697005033493,-0.0982285588979721,0.04129604622721672,0.006222919095307589,-0.5858086347579956,-1.6143637895584106,-47.392906188964844,-0.4004092216491699,0.16120189428329468,0.04030348360538483,-0.20732906460762024,0.23512044548988342,-0.30553510785102844,0.2024248093366623,10.515617370605469,11.97977066040039,11.204909324645996,13.74295711517334,-0.07972656190395355,0.0076660155318677425,0.05059570446610451,-0.04292968660593033,0.0,-0.09554973244667053,0.011544003151357174,0.04933060705661774,-0.04287194460630417,0.0,-0.37161827087402344,-0.4481946527957916,-9.386945724487305,-0.10417494922876358,-0.29633018374443054,-8.621471405029297,0.0,0.0,0.0,0.0,0.0,0.0,0.0,0.0,0.0,0.0,0.0,0.0,-0.09577690064907074,0.008966539986431599,0.050405677407979965,-0.040852539241313934,0.2514781951904297,0.28028494119644165,0.2650943994522095,0.3144080340862274,-1.3862651586532593,-0.44754040241241455,0.11350694298744202,0.0,0.0,0.0,0.0,0.0,0.0,0.0
29286745041,0,-0.003043785924091935,-0.007324257865548134,-0.8176476359367371,6.569455581484362e-05,-0.04113857448101044,-0.8442511558532715,0.048300851136446,0.022866833955049515,-0.012935303151607513,0.006218992173671722,-0.06762897223234177,-0.026603519916534424,0.01324903592467308,-0.002837246982380748,-0.010253394022583961,0.0,0.0,-0.0047828578390181065,0.0456019826233387,0.16581150889396667,-0.03156697005033493,-0.10530419647693634,0.022671455517411232,0.006541932933032513,-0.5719349980354309,-1.6609638929367065,-47.33652877807617,-0.3757147192955017,0.16593216359615326,0.03316289186477661,-0.2068641632795334,0.238671213388443,-0.30459681153297424,0.2011478841304779,10.732885360717773,11.815378189086914,11.323162078857422,13.522332191467285,-0.07972656190395355,0.0076660155318677425,0.05059570446610451,-0.04139648377895355,0.0,-0.09464530646800995,0.013557115569710732,0.04988277330994606,-0.045117154717445374,0.0,-0.12819987535476685,0.018868574872612953,-9.65588665008545,-0.10148663073778152,-0.3109251856803894,-8.593358993530273,0.0,0.0,0.0,0.0,0.0,0.0,0.0,0.0,0.0,0.0,0.0,0.0,-0.09592659771442413,0.009953211061656475,0.05024748668074608,-0.041627950966358185,0.25578072667121887,0.2770722508430481,0.2674204707145691,0.3101710379123688,-1.3862651586532593,-0.44754040241241455,0.11350694298744202,0.0,0.0,0.0,0.0,0.0,0.0,0.0
29296705826,0,-0.003043785924091935,-0.007324257865548134,-0.8176476359367371,6.569455581484362e-05,-0.04113857448101044,-0.8442511558532715,0.048300851136446,0.022866833955049515,-0.012935303151607513,0.006218992173671722,-0.06762897223234177,-0.026603519916534424,0.01324903592467308,-0.002837246982380748,-0.010253394022583961,0.0,0.0,-0.0047828578390181065,0.03806332126259804,0.154107928276062,-0.023460570722818375,-0.10530419647693634,0.022671455517411232,0.006541932933032513,-0.5581764578819275,-1.7100884914398193,-47.26347351074219,-0.3757147192955017,0.16593216359615326,0.03316289186477661,-0.2068641632795334,0.238671213388443,-0.30459681153297424,0.2011478841304779,10.953812599182129,11.555892944335938,11.52938175201416,13.286442756652832,-0.08125976473093033,0.004599609412252903,0.04906250163912773,-0.039863280951976776,0.0,-0.09387734532356262,0.01578567735850811,0.05007566511631012,-0.04759388789534569,0.0,-0.12819987535476685,0.018868574872612953,-9.65588665008545,-0.10148663073778152,-0.3109251856803894,-8.593358993530273,0.0,0.0,0.0,0.0,0.0,0.0,0.0,0.0,0.0,0.0,0.0,0.0,-0.09577009081840515,0.011113425716757774,0.05008581280708313,-0.04266383871436119,0.25578072667121887,0.2770722508430481,0.2674204707145691,0.3101710379123688,-1.106117606163025,-0.7328077554702759,0.46328458189964294,0.0,0.0,0.0,0.0,0.0,0.0,0.0
29306632408,0,-0.00303282612003386,-0.006964658387005329,-0.8177198171615601,6.569455581484362e-05,-0.04113857448101044,-0.8442511558532715,0.05042625963687897,0.02976302243769169,-0.015579430386424065,0.0061970725655555725,-0.06834817677736282,-0.026531338691711426,0.013845900073647499,-0.001698857406154275,-0.010358781553804874,0.0,0.0,-0.0047828578390181065,0.03806332126259804,0.154107928276062,-0.023460570722818375,-0.10843001306056976,0.0045908535830676556,0.006426571402698755,-0.5581764578819275,-1.7100884914398193,-47.26347351074219,-0.3774750232696533,0.1710033118724823,0.023974910378456116,-0.20659151673316956,0.24041394889354706,-0.3041544258594513,0.20058681070804596,10.953812599182129,11.555892944335938,11.52938175201416,13.286442756652832,-0.08125976473093033,0.003066406352445483,0.04906250163912773,-0.039863280951976776,0.0,-0.09385016560554504,0.015811322256922722,0.050101395696401596,-0.04757155850529671,0.0,-0.16160926222801208,-0.025889452546834946,-9.69180965423584,-0.10560290515422821,-0.32623639702796936,-8.570169448852539,0.0,0.0,0.0,0.0,0.0,0.0,0.0,0.0,0.0,0.0,0.0,0.0,-0.09537803381681442,0.012444566003978252,0.049996718764305115,-0.04396773874759674,0.2601456642150879,0.27199000120162964,0.27147018909454346,0.3056308329105377,-1.106117606163025,-0.7328077554702759,0.46328458189964294,0.0,0.0,0.0,0.0,0.0,0.0,0.0
29316866477,0,-0.00303282612003386,-0.006964658387005329,-0.8177198171615601,6.569455581484362e-05,-0.04113857448101044,-0.8442511558532715,0.05042625963687897,0.02976302243769169,-0.015579430386424065,0.0061970725655555725,-0.06834817677736282,-0.026531338691711426,0.013845900073647499,-0.001698857406154275,-0.010358781553804874,0.0,0.0,-0.0047828578390181065,0.024415818974375725,0.16024024784564972,-0.008917754516005516,-0.10843001306056976,0.0045908535830676556,0.006426571402698755,-0.4975883960723877,-1.8617353439331055,-47.09617233276367,-0.3683605194091797,0.12018395960330963,0.010365724563598633,-0.20606538653373718,0.24360038340091705,-0.30313995480537415,0.1999441683292389,11.189216613769531,11.265935897827148,11.892191886901855,12.81274127960205,-0.0827929675579071,0.0015332031762227416,0.04752929508686066,-0.04139648377895355,0.0,-0.09470856189727783,0.022930840030312538,0.051330387592315674,-0.05515142157673836,0.0,-0.16160926222801208,-0.025889452546834946,-9.69180965423584,-0.10560290515422821,-0.32623639702796936,-8.570169448852539,0.0,0.0,0.0,0.0,0.0,0.0,0.0,0.0,0.0,0.0,0.0,0.0,-0.09494414925575256,0.014047747477889061,0.05002772435545921,-0.04562471807003021,0.26478540897369385,0.26629507541656494,0.2785739600658417,0.296480655670166,-0.9870997071266174,0.17345567047595978,0.7118861079216003,0.0,0.0,0.0,0.0,0.0,0.0,0.0
29326482168,0,-0.00303282612003386,-0.006964658387005329,-0.8177198171615601,6.569455581484362e-05,-0.04113857448101044,-0.8442511558532715,0.05042625963687897,0.02976302243769169,-0.015579430386424065,0.006449162494391203,-0.06960263103246689,-0.026379168033599854,0.013845900073647499,-0.001698857406154275,-0.010358781553804874,0.0,0.0,-0.0047828578390181065,0.00671688886359334,0.16251277923583984,-0.007722528651356697,-0.10843001306056976,0.0045908535830676556,0.006426571402698755,-0.46292346715927124,-1.8982340097427368,-47.168819427490234,-0.34802359342575073,0.10708212852478027,0.011826843023300171,-0.2057793289422989,0.24513296782970428,-0.30227285623550415,0.19973121583461761,11.18394947052002,11.37020206451416,11.860313415527344,12.81582260131836,-0.0827929675579071,0.003066406352445483,0.04752929508686066,-0.04292968660593033,0.0,-0.09478360414505005,0.0249613206833601,0.051549457013607025,-0.05708015710115433,0.0,-0.16160926222801208,-0.025889452546834946,-9.69180965423584,-0.09047061949968338,-0.3384973406791687,-8.56294059753418,0.0,0.0,0.0,0.0,0.0,0.0,0.0,0.0,0.0,0.0,0.0,0.0,-0.09465114027261734,0.016240617260336876,0.05023675411939621,-0.047936879098415375,0.2646816670894623,0.26834505796432495,0.27795082330703735,0.29654043912887573,-1.37270987033844,0.17525367438793182,0.4680539071559906,0.0,0.0,0.0,0.0,0.0,0.0,0.0
29336455928,0,-0.0032387899700552225,-0.005991355981677771,-0.8179568648338318,6.569455581484362e-05,-0.04113857448101044,-0.8442511558532715,0.040281493216753006,0.037201859056949615,-0.014694677665829659,0.006609002128243446,-0.07029478996992111,-0.026294291019439697,0.014146698638796806,0.0031511797569692135,-0.010888893157243729,0.0,0.0,-0.0047828578390181065,-0.01434072945266962,0.14990593492984772,-0.011100695468485355,-0.10990084707736969,-0.030925411731004715,0.006223171018064022,-0.46292346715927124,-1.8982340097427368,-47.168819427490234,-0.34802359342575073,0.10708212852478027,0.011826843023300171,-0.2057793289422989,0.24513296782970428,-0.30227285623550415,0.19973121583461761,11.18394947052002,11.37020206451416,11.860313415527344,12.81582260131836,-0.0827929675579071,0.004599609412252903,0.04906250163912773,-0.044462889432907104,0.0,-0.09478360414505005,0.0249613206833601,0.051549457013607025,-0.05708015710115433,0.0,-0.19693623483181,-0.2354223132133484,-10.026274681091309,-0.08416790515184402,-0.3451334536075592,-8.576148986816406,0.0,0.0,0.0,0.0,0.0,0.0,0.0,0.0,0.0,0.0,0.0,0.0,-0.09452800452709198,0.018834635615348816,0.05057168006896973,-0.05067223682999611,0.2646816670894623,0.26834505796432495,0.27795082330703735,0.29654043912887573,-1.7094981670379639,-0.5121095180511475,0.07725320011377335,0.0,0.0,0.0,0.0,0.0,0.0,0.0
29346870713,0,-0.0034852896351367235,-0.0050674485974013805,-0.8182497024536133,6.569455581484362e-05,-0.04113857448101044,-0.8442511558532715,0.029882874339818954,0.03786599636077881,-0.013403797522187233,0.007102003786712885,-0.07214260846376419,-0.026001453399658203,0.012839734554290771,0.0062578776851296425,-0.01133735477924347,0.0,0.0,-0.0047828578390181065,-0.027551870793104172,0.13354794681072235,-0.013039340265095234,-0.10990084707736969,-0.030925411731004715,0.006223171018064022,-0.46292346715927124,-1.8982340097427368,-47.168819427490234,-0.34802359342575073,0.10708212852478027,0.011826843023300171,-0.2057793289422989,0.24513296782970428,-0.30227285623550415,0.19973121583461761,11.18394947052002,11.37020206451416,11.860313415527344,12.81582260131836,-0.08125976473093033,0.0076660155318677425,0.04906250163912773,-0.04599609225988388,0.0,-0.09478360414505005,0.0249613206833601,0.051549457013607025,-0.05708015710115433,0.0,-0.19693623483181,-0.2354223132133484,-10.026274681091309,-0.062213100492954254,-0.35022735595703125,-8.582934379577637,0.0,0.0,0.0,0.0,0.0,0.0,0.0,0.0,0.0,0.0,0.0,0.0,-0.09451460838317871,0.021240944042801857,0.050916820764541626,-0.053199950605630875,0.2646816670894623,0.26834505796432495,0.27795082330703735,0.29654043912887573,-1.613526463508606,-1.070884346961975,-0.055945273488759995,0.0,0.0,0.0,0.0,0.0,0.0,0.0
29356397022,0,-0.0034852896351367235,-0.0050674485974013805,-0.8182497024536133,6.569455581484362e-05,-0.04113857448101044,-0.8442511558532715,0.029882874339818954,0.03786599636077881,-0.013403797522187233,0.007102003786712885,-0.07214260846376419,-0.026001453399658203,0.012839734554290771,0.0062578776851296425,-0.01133735477924347,0.0,0.0,-0.0047828578390181065,-0.027551870793104172,0.13354794681072235,-0.013039340265095234,-0.10213933885097504,-0.04961645230650902,0.00791340321302414,-0.37469321489334106,-1.8752295970916748,-47.2508430480957,-0.30939731001853943,0.13181614875793457,0.02128654718399048,-0.20524375140666962,0.24733012914657593,-0.30062171816825867,0.19930176436901093,11.065101623535156,11.648094177246094,11.545351028442383,13.051279067993164,-0.0827929675579071,0.004599609412252903,0.04906250163912773,-0.05059570446610451,0.0,-0.09218195825815201,0.026396112516522408,0.04959670454263687,-0.05777442082762718,0.0,-0.21269066631793976,0.2920888662338257,-9.69810676574707,-0.062213100492954254,-0.35022735595703125,-8.582934379577637,0.0,0.0,0.0,0.0,0.0,0.0,0.0,0.0,0.0,0.0,0.0,0.0,-0.0944376289844513,0.023177094757556915,0.05111321806907654,-0.05519114062190056,0.2623404562473297,0.2737973928451538,0.27178341150283813,0.3010937571525574,-1.613526463508606,-1.070884346961975,-0.055945273488759995,0.0,0.0,0.0,0.0,0.0,0.0,0.0
29366832694,0,-0.0034852896351367235,-0.0050674485974013805,-0.8182497024536133,6.569455581484362e-05,-0.04113857448101044,-0.8442511558532715,0.029882874339818954,0.03786599636077881,-0.013403797522187233,0.007570596411824226,-0.07419292628765106,-0.025771737098693848,0.012839734554290771,0.0062578776851296425,-0.01133735477924347,0.0,0.0,-0.0047828578390181065,-0.025572216138243675,0.1194768100976944,-0.022582145407795906,-0.10213933885097504,-0.04961645230650902,0.00791340321302414,-0.37469321489334106,-1.8752295970916748,-47.2508430480957,-0.30939731001853943,0.13181614875793457,0.02128654718399048,-0.20524375140666962,0.24733012914657593,-0.30062171816825867,0.19930176436901093,11.065101623535156,11.648094177246094,11.545351028442383,13.051279067993164,-0.0827929675579071,0.006132812704890966,0.04906250163912773,-0.05059570446610451,0.0,-0.09218195825815201,0.026396112516522408,0.04959670454263687,-0.05777442082762718,0.0,-0.21269066631793976,0.2920888662338257,-9.69810676574707,-0.05447068065404892,-0.367218017578125,-8.533751487731934,0.0,0.0,0.0,0.0,0.0,0.0,0.0,0.0,0.0,0.0,0.0,0.0,-0.09410355240106583,0.024657124653458595,0.051020048558712006,-0.056615088135004044,0.2623404562473297,0.2737973928451538,0.27178341150283813,0.3010937571525574,0.029818853363394737,-0.5402805209159851,-0.19973453879356384,0.0,0.0,0.0,0.0,0.0,0.0,0.0
29378389048,0,-0.003719584783539176,-0.004042297601699829,-0.8184794187545776,6.569455581484362e-05,-0.04113857448101044,-0.8442511558532715,0.026521138846874237,0.04428524896502495,-0.019632332026958466,0.007570596411824226,-0.07419292628765106,-0.025771737098693848,0.01291696447879076,0.009615900926291943,-0.01124189980328083,0.0,0.0,-0.0047828578390181065,-0.02756348066031933,0.11479160934686661,-0.02855868823826313,-0.10278533399105072,-0.0763138011097908,0.007825123146176338,-0.29958873987197876,-2.0196990966796875,-46.93563461303711,-0.3274443447589874,0.1079133152961731,0.031028851866722107,-0.20441697537899017,0.2500820755958557,-0.2981620132923126,0.1981128305196762,10.4988374710083,12.027246475219727,11.090420722961426,13.379804611206055,-0.0827929675579071,0.009199218824505806,0.04752929508686066,-0.05059570446610451,0.0,-0.0994303971529007,0.03209585323929787,0.053928494453430176,-0.06209934875369072,0.0,0.056065548211336136,0.3544321358203888,-9.906506538391113,-0.05447068065404892,-0.367218017578125,-8.533751487731934,0.0,0.0,0.0,0.0,0.0,0.0,0.0,0.0,0.0,0.0,0.0,0.0,-0.0939190536737442,0.025968849658966064,0.05091140791773796,-0.0577288493514061,0.2526455819606781,0.28078651428222656,0.2646556496620178,0.30743086338043213,-0.04689140245318413,-0.6192919611930847,-0.38681527972221375,0.0,0.0,0.0,0.0,0.0,0.0,0.0
29386468720,0,-0.003771269228309393,-0.0037814455572515726,-0.8184901475906372,6.569455581484362e-05,-0.04113857448101044,-0.8442511558532715,0.021004190668463707,0.041407421231269836,-0.012319502420723438,0.007673966232687235,-0.07471463084220886,-0.025761008262634277,0.012587199918925762,0.0101808225736022,-0.011441905051469803,0.0,0.0,-0.0047828578390181065,-0.02756348066031933,0.11479160934686661,-0.02855868823826313,-0.09580648690462112,-0.08053582906723022,0.009126472286880016,-0.29958873987197876,-2.0196990966796875,-46.93563461303711,-0.31829720735549927,0.10860493779182434,0.03851290047168732,-0.20423178374767303,0.2505231201648712,-0.2977394461631775,0.19785091280937195,10.4988374710083,12.027246475219727,11.090420722961426,13.379804611206055,-0.08432617038488388,0.010732421651482582,0.04906250163912773,-0.04906250163912773,0.0,-0.09941113740205765,0.032112590968608856,0.05394665151834488,-0.06208427995443344,0.0,-0.29485026001930237,-0.3411165475845337,-8.863365173339844,-0.04309260845184326,-0.36266908049583435,-8.592154502868652,0.0,0.0,0.0,0.0,0.0,0.0,0.0,0.0,0.0,0.0,0.0,0.0,-0.0945100337266922,0.027482403442263603,0.05121571570634842,-0.05888287350535393,0.2511456608772278,0.2812114953994751,0.2628396153450012,0.30742910504341125,-0.04689140245318413,-0.6192919611930847,-0.38681527972221375,0.0,0.0,0.0,0.0,0.0,0.0,0.0
29396593997,0,-0.003855472896248102,-0.0035340602044016123,-0.8184922933578491,6.569455581484362e-05,-0.04113857448101044,-0.8442511558532715,0.020104171708226204,0.04379921406507492,-0.006706546526402235,0.00784237403422594,-0.07520940899848938,-0.025758862495422363,0.011780945584177971,0.010574236512184143,-0.011889497749507427,0.0,0.0,-0.0047828578390181065,-0.033578962087631226,0.1013941541314125,-0.03275638073682785,-0.09580648690462112,-0.08053582906723022,0.009126472286880016,-0.29958873987197876,-2.0196990966796875,-46.93563461303711,-0.31829720735549927,0.10860493779182434,0.03851290047168732,-0.20423178374767303,0.2505231201648712,-0.2977394461631775,0.19785091280937195,10.4988374710083,12.027246475219727,11.090420722961426,13.379804611206055,-0.08432617038488388,0.012265625409781933,0.05059570446610451,-0.04906250163912773,0.0,-0.09941113740205765,0.032112590968608856,0.05394665151834488,-0.06208427995443344,0.0,-0.29485026001930237,-0.3411165475845337,-8.863365173339844,-0.04066354036331177,-0.3686465620994568,-8.634571075439453,0.0,0.0,0.0,0.0,0.0,0.0,0.0,0.0,0.0,0.0,0.0,0.0,-0.09570595622062683,0.029080411419272423,0.05186847597360611,-0.0600418746471405,0.2511456608772278,0.2812114953994751,0.2628396153450012,0.30742910504341125,-0.4065544605255127,-1.1157962083816528,-0.537362813949585,0.0,0.0,0.0,0.0,0.0,0.0,0.0
29407728469,0,-0.003855472896248102,-0.0035340602044016123,-0.8184922933578491,6.569455581484362e-05,-0.04113857448101044,-0.8442511558532715,0.020104171708226204,0.04379921406507492,-0.006706546526402235,0.007913966663181782,-0.0762733444571495,-0.025829434394836426,0.011780945584177971,0.010574236512184143,-0.011889497749507427,0.0,0.0,-0.0047828578390181065,-0.05032692104578018,0.07418791204690933,-0.03803875297307968,-0.08500082045793533,-0.08382794260978699,0.009881582111120224,-0.22364947199821472,-2.0275561809539795,-47.490142822265625,-0.2762081027030945,0.1569315642118454,0.048832133412361145,-0.203695148229599,0.2519996762275696,-0.2964773178100586,0.19684548676013947,10.519089698791504,12.415895462036133,10.83348560333252,13.788578987121582,-0.0827929675579071,0.013798828236758709,0.05059570446610451,-0.05059570446610451,0.0,-0.09686405211687088,0.033541493117809296,0.053056154400110245,-0.06235175207257271,0.0,-0.29485026001930237,-0.3411165475845337,-8.863365173339844,-0.025564612820744514,-0.35427528619766235,-8.699658393859863,0.0,0.0,0.0,0.0,0.0,0.0,0.0,0.0,0.0,0.0,0.0,0.0,-0.09686034917831421,0.030491767451167107,0.05253191292285919,-0.06100109592080116,0.25154706835746765,0.2887817621231079,0.2577695846557617,0.31528306007385254,-1.0465483665466309,-1.8470100164413452,-0.6042221188545227,0.0,0.0,0.0,0.0,0.0,0.0,0.0
29418560247,0,-0.003891268977895379,-0.0030020929407328367,-0.8184217214584351,6.569455581484362e-05,-0.04113857448101044,-0.8442511558532715,0.012764967978000641,0.03548591583967209,0.0023161801509559155,0.007913966663181782,-0.0762733444571495,-0.025829434394836426,0.009492500685155392,0.011164329946041107,-0.012930456548929214,0.0,0.0,-0.0047828578390181065,-0.08651101589202881,0.03244534134864807,-0.03858470916748047,-0.07417294383049011,-0.08607167750597,0.01028696820139885,-0.1406053751707077,-1.9485141038894653,-47.848121643066406,-0.22343993186950684,0.19720564782619476,0.045434415340423584,-0.20299842953681946,0.2529066503047943,-0.2957720458507538,0.19533495604991913,10.839729309082031,12.440497398376465,10.865143775939941,13.773492813110352,-0.0827929675579071,0.012265625409781933,0.05059570446610451,-0.05059570446610451,0.0,-0.08861127495765686,0.03364984691143036,0.04769022762775421,-0.062467966228723526,0.0,-0.29485026001930237,-0.3411165475845337,-8.863365173339844,-0.025564612820744514,-0.35427528619766235,-8.699658393859863,0.0,0.0,0.0,0.0,0.0,0.0,0.0,0.0,0.0,0.0,0.0,0.0,-0.09716556966304779,0.03168772906064987,0.05274847149848938,-0.061715103685855865,0.2578928768634796,0.28925982117652893,0.25839492678642273,0.31499359011650085,-1.712864637374878,-1.9950618743896484,-0.11171852797269821,0.0,0.0,0.0,0.0,0.0,0.0,0.0
29426577133,0,-0.003891268977895379,-0.0030020929407328367,-0.8184217214584351,6.569455581484362e-05,-0.04113857448101044,-0.8442511558532715,0.012764967978000641,0.03548591583967209,0.0023161801509559155,0.007966057397425175,-0.07681061327457428,-0.025900721549987793,0.009492500685155392,0.011164329946041107,-0.012930456548929214,0.0,0.0,-0.0047828578390181065,-0.09905435144901276,0.0178766380995512,-0.025057626888155937,-0.07417294383049011,-0.08607167750597,0.01028696820139885,-0.1406053751707077,-1.9485141038894653,-47.848121643066406,-0.22343993186950684,0.19720564782619476,0.045434415340423584,-0.20299842953681946,0.2529066503047943,-0.2957720458507538,0.19533495604991913,10.839729309082031,12.440497398376465,10.865143775939941,13.773492813110352,-0.0827929675579071,0.012265625409781933,0.05059570446610451,-0.055195312947034836,0.0,-0.08861127495765686,0.03364984691143036,0.04769022762775421,-0.062467966228723526,0.0,0.17588306963443756,0.21083953976631165,-9.607337951660156,-0.02346414513885975,-0.3541018068790436,-8.724846839904785,0.0,0.0,0.0,0.0,0.0,0.0,0.0,0.0,0.0,0.0,0.0,0.0,-0.09611789137125015,0.0326329842209816,0.052169136703014374,-0.06219981610774994,0.2578928768634796,0.28925982117652893,0.25839492678642273,0.31499359011650085,-1.4931612014770508,-1.6846685409545898,0.5667411684989929,0.0,0.0,0.0,0.0,0.0,0.0,0.0
29436581870,0,-0.003958238288760185,-0.00244354666210711,-0.8182528614997864,6.569455581484362e-05,-0.04113857448101044,-0.8442511558532715,0.004830252379179001,0.03176091983914375,0.007654048502445221,0.008047905750572681,-0.07739043980836868,-0.025998294353485107,0.00737049151211977,0.011308934539556503,-0.012968870811164379,0.0,0.0,-0.0047828578390181065,-0.09905435144901276,0.0178766380995512,-0.025057626888155937,-0.05874040722846985,-0.08980972319841385,0.009873000904917717,-0.1290528029203415,-1.9475599527359009,-47.986656188964844,-0.20783846080303192,0.20830048620700836,0.02872258424758911,-0.2025967538356781,0.2529904246330261,-0.2956368625164032,0.19469040632247925,11.336979866027832,12.062926292419434,11.276272773742676,13.384851455688477,-0.08739257603883743,0.013798828236758709,0.04906250163912773,-0.05672851577401161,0.0,-0.08428508043289185,0.03505054488778114,0.04559643194079399,-0.0645320788025856,0.0,0.17588306963443756,0.21083953976631165,-9.607337951660156,-0.009353285655379295,-0.3490143418312073,-8.733328819274902,0.0,0.0,0.0,0.0,0.0,0.0,0.0,0.0,0.0,0.0,0.0,0.0,-0.0940178781747818,0.033350128680467606,0.05096114054322243,-0.06258290261030197,0.2578928768634796,0.28925982117652893,0.25839492678642273,0.31499359011650085,-1.4931612014770508,-1.6846685409545898,0.5667411684989929,0.0,0.0,0.0,0.0,0.0,0.0,0.0
29446626984,0,-0.003958238288760185,-0.00244354666210711,-0.8182528614997864,6.569455581484362e-05,-0.04113857448101044,-0.8442511558532715,0.004830252379179001,0.03176091983914375,0.007654048502445221,0.008047905750572681,-0.07739043980836868,-0.025998294353485107,0.00737049151211977,0.011308934539556503,-0.012968870811164379,0.0,0.0,-0.0047828578390181065,-0.11750553548336029,-0.008937186561524868,-0.018551571294665337,-0.05874040722846985,-0.08980972319841385,0.009873000904917717,-0.0707167536020279,-1.9432452917099,-48.16841506958008,-0.16583982110023499,0.23568306863307953,0.02600879967212677,-0.20183402299880981,0.2526364028453827,-0.29563719034194946,0.19386404752731323,11.555282592773438,12.062857627868652,11.282678604125977,13.340063095092773,-0.09045898169279099,0.016865234822034836,0.05059570446610451,-0.05826171860098839,0.0,-0.0806937888264656,0.03670385852456093,0.0436788946390152,-0.06612158566713333,0.0,-0.5055183172225952,-0.3781149983406067,-9.482894897460938,-0.009353285655379295,-0.3490143418312073,-8.733328819274902,0.0,0.0,0.0,0.0,0.0,0.0,0.0,0.0,0.0,0.0,0.0,0.0,-0.09122300148010254,0.03402825817465782,0.049385227262973785,-0.06310908496379852,0.2719782292842865,0.2819065749645233,0.2666245400905609,0.3066638112068176,-1.1873077154159546,-1.5574696063995361,0.36826589703559875,0.0,0.0,0.0,0.0,0.0,0.0,0.0
29457015486,0,-0.003937381785362959,-0.0019031771225854754,-0.8179340362548828,6.569455581484362e-05,-0.04113857448101044,-0.8442511558532715,-0.00029908050782978535,0.034322742372751236,0.014491970650851727,0.008006192743778229,-0.07847119122743607,-0.026317119598388672,0.005338012240827084,0.01063393335789442,-0.0134299760684371,0.0,0.0,-0.0047828578390181065,-0.1401287168264389,-0.027594666928052902,-0.021579449996352196,-0.04258202016353607,-0.08446601033210754,0.010410412214696407,0.0062589989975094795,-1.9596627950668335,-48.290340423583984,-0.16583982110023499,0.23568306863307953,0.02600879967212677,-0.20183402299880981,0.2526364028453827,-0.29563719034194946,0.19386404752731323,11.554662704467773,12.24550724029541,11.090547561645508,13.475747108459473,-0.08739257603883743,0.016865234822034836,0.05059570446610451,-0.05672851577401161,0.0,-0.07883922010660172,0.03885451331734657,0.042503729462623596,-0.06791061908006668,0.0,-0.3996051549911499,-0.16772936284542084,-9.519871711730957,0.0011379998177289963,-0.35630232095718384,-8.780061721801758,0.0,0.0,0.0,0.0,0.0,0.0,0.0,0.0,0.0,0.0,0.0,0.0,-0.08798562735319138,0.034878432750701904,0.0475914441049099,-0.06393296271562576,0.2719782292842865,0.2819065749645233,0.2666245400905609,0.3066638112068176,-1.6733882427215576,-1.6522947549819946,0.1128438264131546,0.0,0.0,0.0,0.0,0.0,0.0,0.0
29466500027,0,-0.003959635738283396,-0.0016937367618083954,-0.8177309632301331,6.569455581484362e-05,-0.04113857448101044,-0.8442511558532715,-0.0005369946593418717,0.026379557326436043,0.015362081117928028,0.008050700649619102,-0.07889007031917572,-0.026520192623138428,0.003930629696696997,0.01010984368622303,-0.013646671548485756,0.0,0.0,-0.0047828578390181065,-0.1401287168264389,-0.027594666928052902,-0.021579449996352196,-0.031390074640512466,-0.08031751960515976,0.010660253465175629,0.0062589989975094795,-1.9596627950668335,-48.290340423583984,-0.12656165659427643,0.25970059633255005,0.031083911657333374,-0.2014153152704239,0.25203418731689453,-0.29590049386024475,0.19338274002075195,11.554662704467773,12.24550724029541,11.090547561645508,13.475747108459473,-0.0827929675579071,0.018398437649011612,0.05059570446610451,-0.05826171860098839,0.0,-0.07879970967769623,0.038891710340976715,0.04254479706287384,-0.06787677854299545,0.0,-0.45014688372612,-1.0005017518997192,-9.677577018737793,0.0015346277505159378,-0.3412327766418457,-8.78465747833252,0.0,0.0,0.0,0.0,0.0,0.0,0.0,0.0,0.0,0.0,0.0,0.0,-0.08478941768407822,0.035932756960392,0.04582652449607849,-0.06498804688453674,0.27196601033210754,0.28546667098999023,0.262842059135437,0.3092751204967499,-1.6733882427215576,-1.6522947549819946,0.1128438264131546,0.0,0.0,0.0,0.0,0.0,0.0,0.0
29477649472,0,-0.003959635738283396,-0.0016937367618083954,-0.8177309632301331,6.569455581484362e-05,-0.04113857448101044,-0.8442511558532715,-0.0005369946593418717,0.026379557326436043,0.015362081117928028,0.008050700649619102,-0.07889007031917572,-0.026520192623138428,0.003930629696696997,0.01010984368622303,-0.013646671548485756,0.0,0.0,-0.0047828578390181065,-0.17816147208213806,-0.06695516407489777,-0.023121053352952003,0.006658678408712149,-0.06567931920289993,0.01185820996761322,-0.007559657096862793,-1.9661333560943604,-48.4937744140625,-0.05733361840248108,0.3144693076610565,0.032825469970703125,-0.20061011612415314,0.24977892637252808,-0.29706621170043945,0.19235040247440338,11.760748863220215,12.362869262695312,10.906682014465332,13.549759864807129,-0.08125976473093033,0.018398437649011612,0.052128907293081284,-0.05826171860098839,0.0,-0.07795324176549911,0.038382869213819504,0.04400112107396126,-0.06724853068590164,0.0,-0.45014688372612,-1.0005017518997192,-9.677577018737793,0.0015346277505159378,-0.3412327766418457,-8.78465747833252,0.0,0.0,0.0,0.0,0.0,0.0,0.0,0.0,0.0,0.0,0.0,0.0,-0.08207498490810394,0.036972105503082275,0.04441823437809944,-0.06601258367300034,0.27196601033210754,0.28546667098999023,0.262842059135437,0.3092751204967499,-1.7598116397857666,-1.843858242034912,0.1293037086725235,0.0,0.0,0.0,0.0,0.0,0.0,0.0
29486541104,0,-0.003994888160377741,-0.0013120101066306233,-0.817288875579834,6.569455581484362e-05,-0.04113857448101044,-0.8442511558532715,-0.0024426982272416353,0.028326278552412987,0.022749969735741615,0.008121206425130367,-0.0796535313129425,-0.0269622802734375,0.0004007128591183573,0.008553067222237587,-0.014245683327317238,0.0,0.0,-0.0047828578390181065,-0.17816147208213806,-0.06695516407489777,-0.023121053352952003,0.006658678408712149,-0.06567931920289993,0.01185820996761322,-0.007559657096862793,-1.9661333560943604,-48.4937744140625,-0.05733361840248108,0.3144693076610565,0.032825469970703125,-0.20061011612415314,0.24977892637252808,-0.29706621170043945,0.19235040247440338,11.760748863220215,12.362869262695312,10.906682014465332,13.549759864807129,-0.08125976473093033,0.019931640475988388,0.052128907293081284,-0.059794921427965164,0.0,-0.07795324176549911,0.038382869213819504,0.04400112107396126,-0.06724853068590164,0.0,0.004011188633739948,0.24940496683120728,-9.827020645141602,0.005712876096367836,-0.34649622440338135,-8.83838939666748,0.0,0.0,0.0,0.0,0.0,0.0,0.0,0.0,0.0,0.0,0.0,0.0,-0.08001847565174103,0.03776707127690315,0.04358146712183952,-0.06677351146936417,0.27600330114364624,0.28775057196617126,0.2592153251171112,0.3106982111930847,-1.7598116397857666,-1.843858242034912,0.1293037086725235,0.0,0.0,0.0,0.0,0.0,0.0,0.0
29496673297,0,-0.003994888160377741,-0.0013120101066306233,-0.817288875579834,6.569455581484362e-05,-0.04113857448101044,-0.8442511558532715,-0.0024426982272416353,0.028326278552412987,0.022749969735741615,0.008235331624746323,-0.0800587609410286,-0.027444303035736084,0.0004007128591183573,0.008553067222237587,-0.014245683327317238,0.0,0.0,-0.0047828578390181065,-0.21237677335739136,-0.07921978831291199,-0.00803452916443348,0.006658678408712149,-0.06567931920289993,0.01185820996761322,0.04761341214179993,-1.8911323547363281,-48.71092224121094,0.019755929708480835,0.3308897614479065,0.015744447708129883,-0.1997750997543335,0.24612736701965332,-0.29885268211364746,0.19159924983978271,12.380176544189453,12.084118843078613,11.245125770568848,13.083110809326172,-0.08432617038488388,0.019931640475988388,0.05059570446610451,-0.06286133080720901,0.0,-0.0702449157834053,0.03876331448554993,0.03866064175963402,-0.069044329226017,0.0,0.004011188633739948,0.24940496683120728,-9.827020645141602,0.008656984195113182,-0.3438422381877899,-8.856531143188477,0.0,0.0,0.0,0.0,0.0,0.0,0.0,0.0,0.0,0.0,0.0,0.0,-0.07827036827802658,0.03828922659158707,0.04300100728869438,-0.06731823831796646,0.2880873382091522,0.28232133388519287,0.2658858895301819,0.3017086386680603,-1.6356384754180908,-0.8569570779800415,0.6831517815589905,0.0,0.0,0.0,0.0,0.0,0.0,0.0
29506487651,0,-0.004119140561670065,-0.0010283183073624969,-0.8165558576583862,6.569455581484362e-05,-0.04113857448101044,-0.8442511558532715,-0.008976702578365803,0.0213813204318285,0.026278596371412277,0.00836971215903759,-0.08022091537714005,-0.027695298194885254,-0.006341088097542524,0.006953734438866377,-0.014867221936583519,0.0,0.0,-0.0047828578390181065,-0.21237677335739136,-0.07921978831291199,-0.00803452916443348,0.03715012967586517,-0.055752288550138474,0.011165626347064972,0.04761341214179993,-1.8911323547363281,-48.71092224121094,0.019755929708480835,0.3308897614479065,0.015744447708129883,-0.1997750997543335,0.24612736701965332,-0.29885268211364746,0.19159924983978271,12.380176544189453,12.084118843078613,11.245125770568848,13.083110809326172,-0.08432617038488388,0.021464843302965164,0.04752929508686066,-0.06439453363418579,0.0,-0.0702449157834053,0.03876331448554993,0.03866064175963402,-0.069044329226017,0.0,0.004011188633739948,0.24940496683120728,-9.827020645141602,0.019160233438014984,-0.33308079838752747,-8.862468719482422,0.0,0.0,0.0,0.0,0.0,0.0,0.0,0.0,0.0,0.0,0.0,0.0,-0.07628531754016876,0.038615960627794266,0.04216098412871361,-0.06782180070877075,0.2880873382091522,0.28232133388519287,0.2658858895301819,0.3017086386680603,-1.6356384754180908,-0.8569570779800415,0.6831517815589905,0.0,0.0,0.0,0.0,0.0,0.0,0.0
29517027296,0,-0.004119140561670065,-0.0010283183073624969,-0.8165558576583862,6.569455581484362e-05,-0.04113857448101044,-0.8442511558532715,-0.008976702578365803,0.0213813204318285,0.026278596371412277,0.00836971215903759,-0.08022091537714005,-0.027695298194885254,-0.006341088097542524,0.006953734438866377,-0.014867221936583519,0.0,0.0,-0.0047828578390181065,-0.2433750182390213,-0.07178319245576859,-0.016567526385188103,0.05581333860754967,-0.052696965634822845,0.011074794456362724,0.04761341214179993,-1.8911323547363281,-48.71092224121094,0.019755929708480835,0.3308897614479065,0.015744447708129883,-0.1997750997543335,0.24612736701965332,-0.29885268211364746,0.19159924983978271,12.380176544189453,12.084118843078613,11.245125770568848,13.083110809326172,-0.0827929675579071,0.021464843302965164,0.04752929508686066,-0.06439453363418579,0.0,-0.0702449157834053,0.03876331448554993,0.03866064175963402,-0.069044329226017,0.0,-0.12591877579689026,-0.25427213311195374,-9.869546890258789,0.019160233438014984,-0.33308079838752747,-8.862468719482422,0.0,0.0,0.0,0.0,0.0,0.0,0.0,0.0,0.0,0.0,0.0,0.0,-0.07419443130493164,0.038803841918706894,0.04110193997621536,-0.06829503923654556,0.2880873382091522,0.28232133388519287,0.2658858895301819,0.3017086386680603,-1.3987730741500854,-0.14591911435127258,-0.3405185341835022,0.0,0.0,0.0,0.0,0.0,0.0,0.0
29526821549,0,-0.004212577361613512,-0.0009901314042508602,-0.8160397410392761,6.569455581484362e-05,-0.04113857448101044,-0.8442511558532715,-0.017121151089668274,0.024063803255558014,0.026524096727371216,0.008556586690247059,-0.08029729127883911,-0.02821141481399536,-0.010687354020774364,0.0054117897525429726,-0.015717310830950737,0.0,0.0,-0.0047828578390181065,-0.2370113581418991,-0.07526872307062149,-0.02358660101890564,0.05581333860754967,-0.052696965634822845,0.011074794456362724,0.04761341214179993,-1.8911323547363281,-48.71092224121094,0.019755929708480835,0.3308897614479065,0.015744447708129883,-0.1997750997543335,0.24612736701965332,-0.29885268211364746,0.19159924983978271,12.380176544189453,12.084118843078613,11.245125770568848,13.083110809326172,-0.07819335907697678,0.02299804612994194,0.04752929508686066,-0.06286133080720901,0.0,-0.0702449157834053,0.03876331448554993,0.03866064175963402,-0.069044329226017,0.0,-0.12591877579689026,-0.25427213311195374,-9.869546890258789,0.035965412855148315,-0.3379967212677002,-8.86523723602295,0.0,0.0,0.0,0.0,0.0,0.0,0.0,0.0,0.0,0.0,0.0,0.0,-0.07243731617927551,0.03888876736164093,0.040130604058504105,-0.06866604089736938,0.2880873382091522,0.28232133388519287,0.2658858895301819,0.3017086386680603,-0.47616830468177795,-0.2828107178211212,-0.6095063090324402,0.0,0.0,0.0,0.0,0.0,0.0,0.0
29537011324,0,-0.004334768280386925,-0.000995464506559074,-0.8157944679260254,6.569455581484362e-05,-0.04113857448101044,-0.8442511558532715,-0.01778692938387394,0.023232871666550636,0.026738081127405167,0.008800969459116459,-0.08028662204742432,-0.028456687927246094,-0.012398437596857548,0.004596843384206295,-0.01599731110036373,0.0,0.0,-0.0047828578390181065,-0.2370113581418991,-0.07526872307062149,-0.02358660101890564,0.09848430007696152,-0.03676604852080345,0.013422838412225246,0.19780977070331573,-1.858981966972351,-48.75880432128906,0.09299260377883911,0.3382938504219055,0.04029451310634613,-0.19849364459514618,0.2379589080810547,-0.30130597949028015,0.19079475104808807,11.898067474365234,12.815093040466309,10.52198314666748,13.608007431030273,-0.07512695342302322,0.026064453646540642,0.04752929508686066,-0.06286133080720901,0.0,-0.06754692643880844,0.03991915285587311,0.035319987684488297,-0.06934857368469238,0.0,-0.39684808254241943,-0.07547995448112488,-9.71958065032959,0.03775765001773834,-0.336158812046051,-8.868152618408203,0.0,0.0,0.0,0.0,0.0,0.0,0.0,0.0,0.0,0.0,0.0,0.0,-0.07104413211345673,0.03896070644259453,0.03922753036022186,-0.06893234699964523,0.27868881821632385,0.2965264320373535,0.2516046166419983,0.31181758642196655,-0.47616830468177795,-0.2828107178211212,-0.6095063090324402,0.0,0.0,0.0,0.0,0.0,0.0,0.0
29546565362,0,-0.004334768280386925,-0.000995464506559074,-0.8157944679260254,6.569455581484362e-05,-0.04113857448101044,-0.8442511558532715,-0.01778692938387394,0.023232871666550636,0.026738081127405167,0.009142584167420864,-0.08042700588703156,-0.028922319412231445,-0.012398437596857548,0.004596843384206295,-0.01599731110036373,0.0,0.0,-0.0047828578390181065,-0.20090016722679138,-0.08231814205646515,-0.02804255485534668,0.09848430007696152,-0.03676604852080345,0.013422838412225246,0.21499012410640717,-1.877817153930664,-48.670860290527344,0.08097997307777405,0.36241936683654785,0.0424332320690155,-0.19756123423576355,0.23174169659614563,-0.3032938241958618,0.1896510124206543,11.83729362487793,12.793702125549316,10.428479194641113,13.694393157958984,-0.07512695342302322,0.029130859300494194,0.04752929508686066,-0.06746093928813934,0.0,-0.06785798072814941,0.04106130823493004,0.03579018637537956,-0.06976830214262009,0.0,-0.39684808254241943,-0.07547995448112488,-9.71958065032959,0.0467555932700634,-0.33155614137649536,-8.824294090270996,0.0,0.0,0.0,0.0,0.0,0.0,0.0,0.0,0.0,0.0,0.0,0.0,-0.06985242664813995,0.03917231783270836,0.03823814168572426,-0.06914545595645905,0.27750077843666077,0.2961121201515198,0.24974992871284485,0.3134761154651642,1.2005114555358887,-0.16844962537288666,-0.3376900255680084,0.0,0.0,0.0,0.0,0.0,0.0,0.0
29558321350,0,-0.004505574703216553,-0.0009252724121324718,-0.81532883644104,6.569455581484362e-05,-0.04113857448101044,-0.8442511558532715,-0.022048305720090866,0.02086442895233631,0.0205269455909729,0.00925939716398716,-0.08033952862024307,-0.029126107692718506,-0.015582865104079247,0.0030940831638872623,-0.01604532264173031,0.0,0.0,-0.0047828578390181065,-0.20090016722679138,-0.08231814205646515,-0.02804255485534668,0.12382662296295166,-0.02487710863351822,0.013485588133335114,0.21499012410640717,-1.877817153930664,-48.670860290527344,0.08097997307777405,0.36241936683654785,0.0424332320690155,-0.19756123423576355,0.23174169659614563,-0.3032938241958618,0.1896510124206543,11.83729362487793,12.793702125549316,10.428479194641113,13.694393157958984,-0.07359375059604645,0.029130859300494194,0.044462889432907104,-0.06899414211511612,0.0,-0.06785798072814941,0.04106130823493004,0.03579018637537956,-0.06976830214262009,0.0,-0.49325674772262573,-0.1471094787120819,-10.015859603881836,0.038669828325510025,-0.3282265067100525,-8.803328514099121,0.0,0.0,0.0,0.0,0.0,0.0,0.0,0.0,0.0,0.0,0.0,0.0,-0.06888394802808762,0.03957227244973183,0.03727814182639122,-0.06934583932161331,0.27750077843666077,0.2961121201515198,0.24974992871284485,0.3134761154651642,1.2005114555358887,-0.16844962537288666,-0.3376900255680084,0.0,0.0,0.0,0.0,0.0,0.0,0.0
29567157312,0,-0.004563980735838413,-0.0009690119768492877,-0.815125048160553,6.569455581484362e-05,-0.04113857448101044,-0.8442511558532715,-0.01793115958571434,0.01920071430504322,0.017317259684205055,0.00925939716398716,-0.08033952862024307,-0.029126107692718506,-0.01703241653740406,0.0027374473866075277,-0.01602376624941826,0.0,0.0,-0.0047828578390181065,-0.20090016722679138,-0.08231814205646515,-0.02804255485534668,0.13535667955875397,-0.022067243233323097,0.013460606336593628,0.25715577602386475,-1.8235588073730469,-48.53361892700195,0.0761837363243103,0.35012057423591614,0.037934690713882446,-0.19714829325675964,0.22924205660820007,-0.3040919005870819,0.1892043501138687,11.884504318237305,12.659753799438477,10.533988952636719,13.53409481048584,-0.07359375059604645,0.029130859300494194,0.044462889432907104,-0.0705273449420929,0.0,-0.06467533111572266,0.04119349643588066,0.03223605826497078,-0.07024607807397842,0.0,0.017690343782305717,-0.20691055059432983,-10.090715408325195,0.038669828325510025,-0.3282265067100525,-8.803328514099121,0.0,0.0,0.0,0.0,0.0,0.0,0.0,0.0,0.0,0.0,0.0,0.0,-0.06807149946689606,0.04004983603954315,0.036367472261190414,-0.06954438984394073,0.2784237861633301,0.2935163378715515,0.25184252858161926,0.3103971779346466,1.2005114555358887,-0.16844962537288666,-0.3376900255680084,0.0,0.0,0.0,0.0,0.0,0.0,0.0
29576609294,0,-0.004631054122000933,-0.0011647074716165662,-0.8147802352905273,6.569455581484362e-05,-0.04113857448101044,-0.8442511558532715,-0.021097859367728233,0.01732635125517845,0.014022707007825375,0.009393543936312199,-0.07994813472032547,-0.02947092056274414,-0.019258834421634674,0.0020103908609598875,-0.016513369977474213,0.0,0.0,-0.0047828578390181065,-0.15193644165992737,-0.049566347151994705,-0.032013893127441406,0.13535667955875397,-0.022067243233323097,0.013460606336593628,0.2322201430797577,-1.8001163005828857,-48.286094665527344,0.0641280859708786,0.32767438888549805,0.048097163438797,-0.19616258144378662,0.22924205660820007,-0.3040919005870819,0.1892043501138687,11.531474113464355,12.855949401855469,10.290375709533691,13.689126968383789,-0.0705273449420929,0.029130859300494194,0.04292968660593033,-0.07359375059604645,0.0,-0.06661099940538406,0.03931637853384018,0.03315498307347298,-0.06811834126710892,0.0,-0.34618836641311646,-0.11116810142993927,-10.016087532043457,0.04527009278535843,-0.3236321210861206,-8.787373542785645,0.0,0.0,0.0,0.0,0.0,0.0,0.0,0.0,0.0,0.0,0.0,0.0,-0.06728135794401169,0.04040304943919182,0.035363588482141495,-0.06965132057666779,0.2784237861633301,0.2935163378715515,0.25184252858161926,0.3103971779346466,1.5000227689743042,0.965886652469635,-0.46821361780166626,0.0,0.0,0.0,0.0,0.0,0.0,0.0
29587251375,0,-0.004631054122000933,-0.0011647074716165662,-0.8147802352905273,6.569455581484362e-05,-0.04113857448101044,-0.8442511558532715,-0.021097859367728233,0.01732635125517845,0.014022707007825375,0.009393543936312199,-0.07994813472032547,-0.02947092056274414,-0.019258834421634674,0.0020103908609598875,-0.016513369977474213,0.0,0.0,-0.0047828578390181065,-0.12712688744068146,-0.04230760410428047,-0.04151516035199165,0.15851202607154846,-0.016793468967080116,0.014520643278956413,0.2322201430797577,-1.8001163005828857,-48.286094665527344,0.0641280859708786,0.32767438888549805,0.048097163438797,-0.19616258144378662,0.22362111508846283,-0.3054993450641632,0.18805564939975739,11.531474113464355,12.855949401855469,10.290375709533691,13.689126968383789,-0.06746093928813934,0.03066406212747097,0.04292968660593033,-0.07359375059604645,0.0,-0.06661099940538406,0.03931637853384018,0.03315498307347298,-0.06811834126710892,0.0,-0.34618836641311646,-0.11116810142993927,-10.016087532043457,0.04527009278535843,-0.3236321210861206,-8.787373542785645,0.0,0.0,0.0,0.0,0.0,0.0,0.0,0.0,0.0,0.0,0.0,0.0,-0.06667976081371307,0.04046284034848213,0.03441992774605751,-0.06951919198036194,0.2712438404560089,0.2978995144367218,0.24693511426448822,0.31398284435272217,1.8598464727401733,0.8442726731300354,-0.6952818036079407,0.0,0.0,0.0,0.0,0.0,0.0,0.0
29597084010,0,-0.004631054122000933,-0.0011647074716165662,-0.8147802352905273,6.569455581484362e-05,-0.04113857448101044,-0.8442511558532715,-0.021097859367728233,0.01732635125517845,0.014022707007825375,0.00965779647231102,-0.07958755642175674,-0.02972590923309326,-0.019258834421634674,0.0020103908609598875,-0.016513369977474213,0.0,0.0,-0.0047828578390181065,-0.09380849450826645,-0.03247550129890442,-0.047854360193014145,0.15851202607154846,-0.016793468967080116,0.014520643278956413,0.2434748262166977,-1.7561496496200562,-48.26116943359375,0.019116804003715515,0.3168157935142517,0.06290231645107269,-0.1951923817396164,0.2189844846725464,-0.30631744861602783,0.18638895452022552,11.038108825683594,13.190174102783203,9.987115859985352,14.126262664794922,-0.06592773646116257,0.03066406212747097,0.044462889432907104,-0.07359375059604645,0.0,-0.06772428750991821,0.03752221167087555,0.0323118232190609,-0.06511201709508896,0.0,-0.34618836641311646,-0.11116810142993927,-10.016087532043457,0.04426814988255501,-0.31929993629455566,-8.774758338928223,0.0,0.0,0.0,0.0,0.0,0.0,0.0,0.0,0.0,0.0,0.0,0.0,-0.06642255187034607,0.04019792750477791,0.03368351235985756,-0.06905701756477356,0.2618084251880646,0.30377480387687683,0.240971177816391,0.3217470347881317,2.485011100769043,0.9147423505783081,-0.648965060710907,0.0,0.0,0.0,0.0,0.0,0.0,0.0
29607036159,0,-0.004938299767673016,-0.0014838931383565068,-0.8143672943115234,6.569455581484362e-05,-0.04113857448101044,-0.8442511558532715,-0.022345028817653656,0.014185677282512188,0.006923051550984383,0.010008038952946663,-0.07930975407361984,-0.029883861541748047,-0.020625321194529533,0.0014069931348785758,-0.01841805875301361,0.0,0.0,-0.0047828578390181065,-0.05834021046757698,-0.018410664051771164,-0.04849458485841751,0.16914290189743042,-0.01282974611967802,0.01562461256980896,0.2434748262166977,-1.7561496496200562,-48.26116943359375,0.019116804003715515,0.3168157935142517,0.06290231645107269,-0.1951923817396164,0.2189844846725464,-0.30631744861602783,0.18638895452022552,11.038108825683594,13.190174102783203,9.987115859985352,14.126262664794922,-0.06592773646116257,0.032197266817092896,0.04292968660593033,-0.07206054776906967,0.0,-0.06772428750991821,0.03752221167087555,0.0323118232190609,-0.06511201709508896,0.0,-0.46833908557891846,-0.2703897953033447,-10.146065711975098,0.0492653027176857,-0.3163766860961914,-8.74715805053711,0.0,0.0,0.0,0.0,0.0,0.0,0.0,0.0,0.0,0.0,0.0,0.0,-0.06648490577936172,0.03965666517615318,0.03310711681842804,-0.0682404413819313,0.2618084251880646,0.30377480387687683,0.240971177816391,0.3217470347881317,2.9554996490478516,1.1207866668701172,-0.37462958693504333,0.0,0.0,0.0,0.0,0.0,0.0,0.0
29616840583,0,-0.004938299767673016,-0.0014838931383565068,-0.8143672943115234,6.569455581484362e-05,-0.04113857448101044,-0.8442511558532715,-0.022345028817653656,0.014185677282512188,0.006923051550984383,0.010008038952946663,-0.07930975407361984,-0.029883861541748047,-0.020625321194529533,0.0014069931348785758,-0.01841805875301361,0.0,0.0,-0.0047828578390181065,-0.026990722864866257,-0.002579724183306098,-0.04592696949839592,0.16393737494945526,-0.011632832698523998,0.016343940049409866,0.24548831582069397,-1.7572963237762451,-48.150386810302734,-0.01761484146118164,0.30023273825645447,0.06130872666835785,-0.1946364939212799,0.21692897379398346,-0.3065204620361328,0.18535959720611572,10.963811874389648,13.093463897705078,10.08249282836914,14.090866088867188,-0.06746093928813934,0.032197266817092896,0.04292968660593033,-0.0705273449420929,0.0,-0.06810067594051361,0.03793106600642204,0.032035596668720245,-0.06531230360269547,0.0,0.0822376236319542,0.3561412990093231,-9.983121871948242,0.0492653027176857,-0.3163766860961914,-8.74715805053711,0.0,0.0,0.0,0.0,0.0,0.0,0.0,0.0,0.0,0.0,0.0,0.0,-0.06676163524389267,0.03901546448469162,0.032664138823747635,-0.06727080792188644,0.26034292578697205,0.30190834403038025,0.24287185072898865,0.3210704028606415,3.215320348739624,1.3889868259429932,-0.1208520457148552,0.0,0.0,0.0,0.0,0.0,0.0,0.0
29626385820,0,-0.004938299767673016,-0.0014838931383565068,-0.8143672943115234,6.569455581484362e-05,-0.04113857448101044,-0.8442511558532715,-0.022345028817653656,0.014185677282512188,0.006923051550984383,0.010008038952946663,-0.07930975407361984,-0.029883861541748047,-0.020625321194529533,0.0014069931348785758,-0.01841805875301361,0.0,0.0,-0.0047828578390181065,0.005730189848691225,0.007511018309742212,-0.042014457285404205,0.16393737494945526,-0.011632832698523998,0.016343940049409866,0.3012208938598633,-1.7206897735595703,-48.04023361206055,-0.09183767437934875,0.2730223536491394,0.05379043519496918,-0.19354914128780365,0.21416540443897247,-0.3062603771686554,0.18358290195465088,10.964404106140137,12.806600570678711,10.400284767150879,13.946805953979492,-0.06746093928813934,0.03373046964406967,0.04139648377895355,-0.0705273449420929,0.0,-0.0650048479437828,0.03940189629793167,0.028029685840010643,-0.06638888269662857,0.0,0.0822376236319542,0.3561412990093231,-9.983121871948242,0.0492653027176857,-0.3163766860961914,-8.74715805053711,0.0,0.0,0.0,0.0,0.0,0.0,0.0,0.0,0.0,0.0,0.0,0.0,-0.0669846460223198,0.03854900225996971,0.03215823695063591,-0.06647295504808426,0.2603546977043152,0.296362042427063,0.2491903454065323,0.31831446290016174,3.1973705291748047,1.1399877071380615,0.06460702419281006,0.0,0.0,0.0,0.0,0.0,0.0,0.0
29636817702,0,-0.005176043603569269,-0.001398384803906083,-0.8142871260643005,6.569455581484362e-05,-0.04113857448101044,-0.8442511558532715,-0.027620013803243637,0.012654840014874935,0.004129094537347555,0.01048352848738432,-0.07948077470064163,-0.029964029788970947,-0.02013520896434784,0.001744083478115499,-0.019200524315238,0.0,0.0,-0.0047828578390181065,0.03622600436210632,0.00998914334923029,-0.04035991057753563,0.16003163158893585,-0.014327136799693108,0.01727922447025776,0.3351803421974182,-1.7253239154815674,-48.02739715576172,-0.12566520273685455,0.2743013799190521,0.05336514115333557,-0.1929416060447693,0.21320316195487976,-0.3059208393096924,0.18271495401859283,10.921370506286621,12.739688873291016,10.45743179321289,13.985166549682617,-0.06746093928813934,0.03373046964406967,0.04139648377895355,-0.06899414211511612,0.0,-0.06424941122531891,0.04073274880647659,0.026947814971208572,-0.06713702529668808,0.0,-0.0599931962788105,0.3708260953426361,-9.846380233764648,0.06094188243150711,-0.3136952519416809,-8.732254028320312,0.0,0.0,0.0,0.0,0.0,0.0,0.0,0.0,0.0,0.0,0.0,0.0,-0.06683696806430817,0.03847051411867142,0.031282488256692886,-0.06604989618062973,0.2595054507255554,0.29506582021713257,0.25032439827919006,0.31904885172843933,3.1118037700653076,0.6644924879074097,0.053285159170627594,0.0,0.0,0.0,0.0,0.0,0.0,0.0
29646686355,0,-0.005328178405761719,-0.0013341326266527176,-0.8142712116241455,6.569455581484362e-05,-0.04113857448101044,-0.8442511558532715,-0.030705133453011513,0.013190659694373608,0.0032223952002823353,0.010787799954414368,-0.07960928231477737,-0.029979944229125977,-0.01948784478008747,0.0018268355634063482,-0.019691847264766693,0.0,0.0,-0.0047828578390181065,0.06078010052442551,0.012226059101521969,-0.040040090680122375,0.15488199889659882,-0.01498539000749588,0.01786854676902294,0.3351803421974182,-1.7253239154815674,-48.02739715576172,-0.12566520273685455,0.2743013799190521,0.05336514115333557,-0.1929416060447693,0.21320316195487976,-0.3059208393096924,0.18271495401859283,10.921370506286621,12.739688873291016,10.45743179321289,13.985166549682617,-0.06746093928813934,0.03373046964406967,0.039863280951976776,-0.06899414211511612,0.0,-0.06424941122531891,0.04073274880647659,0.026947814971208572,-0.06713702529668808,0.0,-0.1261722892522812,0.5034465193748474,-9.86330509185791,0.06787651777267456,-0.3150138854980469,-8.728095054626465,0.0,0.0,0.0,0.0,0.0,0.0,0.0,0.0,0.0,0.0,0.0,0.0,-0.0663217082619667,0.03878796100616455,0.030101828277111053,-0.06600791960954666,0.2595054507255554,0.29506582021713257,0.25032439827919006,0.31904885172843933,3.021973133087158,0.4655766785144806,-0.0023215690162032843,0.0,0.0,0.0,0.0,0.0,0.0,0.0
29657020020,0,-0.005328178405761719,-0.0013341326266527176,-0.8142712116241455,6.569455581484362e-05,-0.04113857448101044,-0.8442511558532715,-0.030705133453011513,0.013190659694373608,0.0032223952002823353,0.010787799954414368,-0.07960928231477737,-0.029979944229125977,-0.01948784478008747,0.0018268355634063482,-0.019691847264766693,0.0,0.0,-0.0047828578390181065,0.08778570592403412,0.018463803455233574,-0.03393737971782684,0.15488199889659882,-0.01498539000749588,0.01786854676902294,0.3351803421974182,-1.7253239154815674,-48.02739715576172,-0.12566520273685455,0.2743013799190521,0.05336514115333557,-0.1929416060447693,0.21320316195487976,-0.3059208393096924,0.18271495401859283,10.921370506286621,12.739688873291016,10.45743179321289,13.985166549682617,-0.06746093928813934,0.032197266817092896,0.039863280951976776,-0.06746093928813934,0.0,-0.06424941122531891,0.04073274880647659,0.026947814971208572,-0.06713702529668808,0.0,-0.1261722892522812,0.5034465193748474,-9.86330509185791,0.06787651777267456,-0.3150138854980469,-8.728095054626465,0.0,0.0,0.0,0.0,0.0,0.0,0.0,0.0,0.0,0.0,0.0,0.0,-0.06568589806556702,0.03930295258760452,0.02893916703760624,-0.06619562208652496,0.2595054507255554,0.29506582021713257,0.25032439827919006,0.31904885172843933,2.89521861076355,0.5189985632896423,0.2636626362800598,0.0,0.0,0.0,0.0,0.0,0.0,0.0
29666562431,0,-0.005732155870646238,-0.001181997824460268,-0.8142804503440857,6.569455581484362e-05,-0.04113857448101044,-0.8442511558532715,-0.03267946466803551,0.008361097425222397,-0.0004344655608292669,0.011595758609473705,-0.07991355657577515,-0.02997070550918579,-0.017942361533641815,0.0023292454425245523,-0.02023833990097046,0.0,0.0,-0.0047828578390181065,0.08778570592403412,0.018463803455233574,-0.03393737971782684,0.13636215031147003,-0.019548865035176277,0.017742086201906204,0.3977596163749695,-1.6948370933532715,-47.97604751586914,-0.18649181723594666,0.2625275254249573,0.04731127619743347,-0.19177773594856262,0.21233582496643066,-0.30513980984687805,0.1811733990907669,10.950074195861816,12.49998950958252,10.706466674804688,13.89525318145752,-0.06746093928813934,0.032197266817092896,0.039863280951976776,-0.06899414211511612,0.0,-0.06095423549413681,0.04252409562468529,0.023364830762147903,-0.06829933077096939,0.0,-0.1261722892522812,0.5034465193748474,-9.86330509185791,0.07345601171255112,-0.30620402097702026,-8.703653335571289,0.0,0.0,0.0,0.0,0.0,0.0,0.0,0.0,0.0,0.0,0.0,0.0,-0.06495611369609833,0.0399027056992054,0.027834611013531685,-0.06651526689529419,0.26007190346717834,0.2904156446456909,0.2552582323551178,0.31732723116874695,2.89521861076355,0.5189985632896423,0.2636626362800598,0.0,0.0,0.0,0.0,0.0,0.0,0.0
29676602857,0,-0.005732155870646238,-0.001181997824460268,-0.8142804503440857,6.569455581484362e-05,-0.04113857448101044,-0.8442511558532715,-0.03267946466803551,0.008361097425222397,-0.0004344655608292669,0.01237391121685505,-0.08008304983377457,-0.029914796352386475,-0.017942361533641815,0.0023292454425245523,-0.02023833990097046,0.0,0.0,-0.0047828578390181065,0.1337593048810959,0.02838166244328022,-0.027480773627758026,0.13636215031147003,-0.019548865035176277,0.017742086201906204,0.4308166205883026,-1.6373854875564575,-47.57279968261719,-0.25913068652153015,0.24824558198451996,0.04209858179092407,-0.19057831168174744,0.21233582496643066,-0.30513980984687805,0.1811733990907669,10.846220016479492,12.178406715393066,10.868559837341309,13.752571105957031,-0.06746093928813934,0.032197266817092896,0.039863280951976776,-0.06899414211511612,0.0,-0.05846257507801056,0.04304598271846771,0.020191360265016556,-0.06828539818525314,0.0,-0.1261722892522812,0.5034465193748474,-9.86330509185791,0.07833029329776764,-0.2977064549922943,-8.6496000289917,0.0,0.0,0.0,0.0,0.0,0.0,0.0,0.0,0.0,0.0,0.0,0.0,-0.0638958066701889,0.040622830390930176,0.026485472917556763,-0.06694742292165756,0.26007190346717834,0.2904156446456909,0.2552582323551178,0.31732723116874695,2.587918758392334,0.4258652627468109,0.32240208983421326,0.0,0.0,0.0,0.0,0.0,0.0,0.0
29686800536,0,-0.006121229846030474,-0.0010972520103678107,-0.814336359500885,6.569455581484362e-05,-0.04113857448101044,-0.8442511558532715,-0.034351494163274765,0.003747035749256611,-0.008081112988293171,0.01237391121685505,-0.08008304983377457,-0.029914796352386475,-0.015648746863007545,0.0028643268160521984,-0.020728478208184242,0.0,0.0,-0.0047828578390181065,0.15218356251716614,0.02220308594405651,-0.028636842966079712,0.11320317536592484,-0.023093417286872864,0.018658485263586044,0.44994693994522095,-1.6287484169006348,-47.43259048461914,-0.2861587405204773,0.2596214711666107,0.04463769495487213,-0.18992021679878235,0.21334794163703918,-0.30332621932029724,0.17913232743740082,10.72381591796875,12.146635055541992,10.793559074401855,13.839315414428711,-0.06592773646116257,0.032197266817092896,0.038330078125,-0.0705273449420929,0.0,-0.058146797120571136,0.043523285537958145,0.019488241523504257,-0.06807361543178558,0.0,-0.13283021748065948,-0.303136944770813,-9.560274124145508,0.07833029329776764,-0.2977064549922943,-8.6496000289917,0.0,0.0,0.0,0.0,0.0,0.0,0.0,0.0,0.0,0.0,0.0,0.0,-0.06247212737798691,0.041422080248594284,0.024774476885795593,-0.06739772111177444,0.2556014657020569,0.2835402488708496,0.2569805383682251,0.3162555992603302,2.2488555908203125,-0.07270606607198715,0.21085761487483978,0.0,0.0,0.0,0.0,0.0,0.0,0.0
29696481193,0,-0.0063102152198553085,-0.0010734547395259142,-0.8143839240074158,6.569455581484362e-05,-0.04113857448101044,-0.8442511558532715,-0.03569828346371651,0.00283741089515388,-0.011817137710750103,0.012751883827149868,-0.08013064414262772,-0.029867231845855713,-0.01418187003582716,0.0029709229711443186,-0.020960846915841103,0.0,0.0,-0.0047828578390181065,0.15218356251716614,0.02220308594405651,-0.028636842966079712,0.10186132788658142,-0.022228725254535675,0.019307661801576614,0.44994693994522095,-1.6287484169006348,-47.43259048461914,-0.2861587405204773,0.2596214711666107,0.04463769495487213,-0.18992021679878235,0.21334794163703918,-0.30332621932029724,0.17913232743740082,10.72381591796875,12.146635055541992,10.793559074401855,13.839315414428711,-0.06439453363418579,0.03066406212747097,0.036796875298023224,-0.06899414211511612,0.0,-0.058146797120571136,0.043523285537958145,0.019488241523504257,-0.06807361543178558,0.0,0.05959491431713104,-0.32076898217201233,-9.66694164276123,0.08180853724479675,-0.2961360812187195,-8.624107360839844,0.0,0.0,0.0,0.0,0.0,0.0,0.0,0.0,0.0,0.0,0.0,0.0,-0.06098837032914162,0.042180873453617096,0.022989971563220024,-0.06775367259979248,0.2556014657020569,0.2835402488708496,0.2569805383682251,0.3162555992603302,2.2488555908203125,-0.07270606607198715,0.21085761487483978,0.0,0.0,0.0,0.0,0.0,0.0,0.0
29706475129,0,-0.007105882279574871,-0.0007630038307979703,-0.814615786075592,6.569455581484362e-05,-0.04113857448101044,-0.8442511558532715,-0.03914860635995865,0.007724693976342678,-0.010533876717090607,0.01434322539716959,-0.08075154572725296,-0.029635369777679443,-0.008102057501673698,0.003410215489566326,-0.02157605066895485,0.0,0.0,-0.0047828578390181065,0.19307468831539154,0.01669205166399479,-0.03356720879673958,0.10186132788658142,-0.022228725254535675,0.019307661801576614,0.49631422758102417,-1.6763840913772583,-47.433902740478516,-0.2861587405204773,0.2596214711666107,0.04463769495487213,-0.18992021679878235,0.21334794163703918,-0.30332621932029724,0.17913232743740082,10.469595909118652,12.184988975524902,10.751319885253906,14.100227355957031,-0.06439453363418579,0.03066406212747097,0.03526367247104645,-0.06899414211511612,0.0,-0.059603266417980194,0.04611648991703987,0.019606534391641617,-0.06917461007833481,0.0,0.05959491431713104,-0.32076898217201233,-9.66694164276123,0.09239678084850311,-0.30731144547462463,-8.642595291137695,0.0,0.0,0.0,0.0,0.0,0.0,0.0,0.0,0.0,0.0,0.0,0.0,-0.059801481664180756,0.04292139410972595,0.021471623331308365,-0.06803856790065765,0.2556014657020569,0.2835402488708496,0.2569805383682251,0.3162555992603302,2.2520551681518555,-0.08383005857467651,0.12485513091087341,0.0,0.0,0.0,0.0,0.0,0.0,0.0
29717225904,0,-0.007105882279574871,-0.0007630038307979703,-0.814615786075592,6.569455581484362e-05,-0.04113857448101044,-0.8442511558532715,-0.03914860635995865,0.007724693976342678,-0.010533876717090607,0.01434322539716959,-0.08075154572725296,-0.029635369777679443,-0.008102057501673698,0.003410215489566326,-0.02157605066895485,0.0,0.0,-0.0047828578390181065,0.22340179979801178,0.03347746655344963,-0.046302128583192825,0.06431963294744492,-0.027327455580234528,0.020135022699832916,0.49631422758102417,-1.6763840913772583,-47.433902740478516,-0.3564174175262451,0.26190948486328125,0.050567954778671265,-0.18866375088691711,0.21543826162815094,-0.30231577157974243,0.17756815254688263,9.964390754699707,12.529699325561523,10.576811790466309,14.558694839477539,-0.06439453363418579,0.03066406212747097,0.03526367247104645,-0.06746093928813934,0.0,-0.062491752207279205,0.044956009835004807,0.02005922980606556,-0.0668988898396492,0.0,0.04777802899479866,-0.10925065726041794,-9.763684272766113,0.09239678084850311,-0.30731144547462463,-8.642595291137695,0.0,0.0,0.0,0.0,0.0,0.0,0.0,0.0,0.0,0.0,0.0,0.0,-0.05924724414944649,0.043702010065317154,0.020396146923303604,-0.06823254376649857,0.25056564807891846,0.28428778052330017,0.25614526867866516,0.32124942541122437,1.6206166744232178,0.5872148871421814,-0.3417483866214752,0.0,0.0,0.0,0.0,0.0,0.0,0.0
29726617971,0,-0.007105882279574871,-0.0007630038307979703,-0.814615786075592,6.569455581484362e-05,-0.04113857448101044,-0.8442511558532715,-0.03914860635995865,0.007724693976342678,-0.010533876717090607,0.01434322539716959,-0.08075154572725296,-0.029635369777679443,-0.008102057501673698,0.003410215489566326,-0.02157605066895485,0.0,0.0,-0.0047828578390181065,0.22340179979801178,0.03347746655344963,-0.046302128583192825,0.06431963294744492,-0.027327455580234528,0.020135022699832916,0.5071174502372742,-1.6494709253311157,-47.56126022338867,-0.4281303286552429,0.2284185290336609,0.06534472852945328,-0.18724706768989563,0.2190672904253006,-0.3009112477302551,0.1756226122379303,9.964390754699707,12.529699325561523,10.576811790466309,14.558694839477539,-0.06286133080720901,0.03066406212747097,0.03526367247104645,-0.06746093928813934,0.0,-0.06099613010883331,0.04462399706244469,0.018943848088383675,-0.06640078127384186,0.0,0.04777802899479866,-0.10925065726041794,-9.763684272766113,0.09239678084850311,-0.30731144547462463,-8.642595291137695,0.0,0.0,0.0,0.0,0.0,0.0,0.0,0.0,0.0,0.0,0.0,0.0,-0.05937111750245094,0.04435553774237633,0.019732704386115074,-0.06816384941339493,0.2405179888010025,0.290992796421051,0.2526911199092865,0.32999372482299805,1.6206166744232178,0.5872148871421814,-0.3417483866214752,0.0,0.0,0.0,0.0,0.0,0.0,0.0
29736720107,0,-0.007715148851275444,-0.0005713434657081962,-0.8148173093795776,6.569455581484362e-05,-0.04113857448101044,-0.8442511558532715,-0.03814336284995079,0.0030940512660890818,-0.01142749935388565,0.015561765059828758,-0.0811348706483841,-0.029433846473693848,-0.00385655858553946,0.004155611619353294,-0.022097861394286156,0.0,0.0,-0.0047828578390181065,0.22873085737228394,0.03935552388429642,-0.05233783274888992,0.010007604956626892,-0.037006765604019165,0.023530032485723495,0.5106505155563354,-1.6449131965637207,-47.49222946166992,-0.446267306804657,0.21880650520324707,0.07251177728176117,-0.18651027977466583,0.22129106521606445,-0.29997703433036804,0.17454580962657928,9.72365665435791,12.679699897766113,10.42349910736084,14.733011245727539,-0.059794921427965164,0.032197266817092896,0.03373046964406967,-0.06746093928813934,0.0,-0.06213091313838959,0.0441303625702858,0.019024886190891266,-0.06553489714860916,0.0,0.04777802899479866,-0.10925065726041794,-9.763684272766113,0.09284554421901703,-0.2990751266479492,-8.634950637817383,0.0,0.0,0.0,0.0,0.0,0.0,0.0,0.0,0.0,0.0,0.0,0.0,-0.059853244572877884,0.04471903294324875,0.019316043704748154,-0.067787766456604,0.2405179888010025,0.290992796421051,0.2526911199092865,0.32999372482299805,1.0638151168823242,0.548129141330719,-0.5362408757209778,0.0,0.0,0.0,0.0,0.0,0.0,0.0
29747110620,0,-0.008021660149097443,-0.00044848816469311714,-0.814935564994812,6.569455581484362e-05,-0.04113857448101044,-0.8442511558532715,-0.038269221782684326,0.0008502861019223928,-0.014164293184876442,0.016174789518117905,-0.08138058334589005,-0.029315590858459473,-0.0018265927210450172,0.00456383777782321,-0.022488804534077644,0.0,0.0,-0.0047828578390181065,0.22873085737228394,0.03935552388429642,-0.05233783274888992,0.010007604956626892,-0.037006765604019165,0.023530032485723495,0.5106505155563354,-1.6449131965637207,-47.49222946166992,-0.446267306804657,0.21880650520324707,0.07251177728176117,-0.18651027977466583,0.22129106521606445,-0.29997703433036804,0.17454580962657928,9.72365665435791,12.679699897766113,10.42349910736084,14.733011245727539,-0.05672851577401161,0.03373046964406967,0.03066406212747097,-0.06746093928813934,0.0,-0.06213091313838959,0.0441303625702858,0.019024886190891266,-0.06553489714860916,0.0,-0.013907735235989094,0.0994626134634018,-10.042854309082031,0.09433712065219879,-0.29515978693962097,-8.613493919372559,0.0,0.0,0.0,0.0,0.0,0.0,0.0,0.0,0.0,0.0,0.0,0.0,-0.06045830622315407,0.04481194540858269,0.019053660333156586,-0.06722704321146011,0.2357112318277359,0.293903112411499,0.24965105950832367,0.3333083689212799,1.0638151168823242,0.548129141330719,-0.5362408757209778,0.0,0.0,0.0,0.0,0.0,0.0,0.0
29756643781,0,-0.008629455231130123,-0.00015893222007434815,-0.81520676612854,6.569455581484362e-05,-0.04113857448101044,-0.8442511558532715,-0.036581311374902725,0.0015317483339458704,-0.017524011433124542,0.017390387132763863,-0.08195969462394714,-0.029044389724731445,0.0023561737034469843,0.00488405441865325,-0.02348451316356659,0.0,0.0,-0.0047828578390181065,0.2341291755437851,0.031026534736156464,-0.05016588047146797,0.010007604956626892,-0.037006765604019165,0.023530032485723495,0.5106505155563354,-1.6449131965637207,-47.49222946166992,-0.446267306804657,0.21880650520324707,0.07251177728176117,-0.18651027977466583,0.22129106521606445,-0.29997703433036804,0.17454580962657928,9.72365665435791,12.679699897766113,10.42349910736084,14.733011245727539,-0.05672851577401161,0.03373046964406967,0.03066406212747097,-0.06899414211511612,0.0,-0.06213091313838959,0.0441303625702858,0.019024886190891266,-0.06553489714860916,0.0,-0.15773145854473114,0.1301102191209793,-9.68071460723877,0.09368762373924255,-0.2978423237800598,-8.588683128356934,0.0,0.0,0.0,0.0,0.0,0.0,0.0,0.0,0.0,0.0,0.0,0.0,-0.06106453016400337,0.04473187029361725,0.018919307738542557,-0.06663902848958969,0.2357112318277359,0.293903112411499,0.24965105950832367,0.3333083689212799,0.48323655128479004,-0.17067454755306244,-0.20474401116371155,0.0,0.0,0.0,0.0,0.0,0.0,0.0
29766656937,0,-0.008629455231130123,-0.00015893222007434815,-0.81520676612854,6.569455581484362e-05,-0.04113857448101044,-0.8442511558532715,-0.036581311374902725,0.0015317483339458704,-0.017524011433124542,0.017390387132763863,-0.08195969462394714,-0.029044389724731445,0.0023561737034469843,0.00488405441865325,-0.02348451316356659,0.0,0.0,-0.0047828578390181065,0.23436106741428375,0.04060548543930054,-0.040672022849321365,-0.023663723841309547,-0.038854509592056274,0.024128064513206482,0.5811564326286316,-1.666739821434021,-47.314002990722656,-0.520852267742157,0.20504841208457947,0.060340024530887604,-0.18361040949821472,0.22586196660995483,-0.2982097864151001,0.17251333594322205,9.84130573272705,12.240099906921387,10.819522857666016,14.473746299743652,-0.05826171860098839,0.03526367247104645,0.03066406212747097,-0.0705273449420929,0.0,-0.059314314275979996,0.04864416643977165,0.01702885329723358,-0.06875287741422653,0.0,-0.15773145854473114,0.1301102191209793,-9.68071460723877,0.09368762373924255,-0.2978423237800598,-8.588683128356934,0.0,0.0,0.0,0.0,0.0,0.0,0.0,0.0,0.0,0.0,0.0,0.0,-0.061429522931575775,0.04478972777724266,0.018780633807182312,-0.06629455089569092,0.23455429077148438,0.29001379013061523,0.25040480494499207,0.3326061964035034,-0.0418241024017334,0.42932483553886414,0.15044331550598145,0.0,0.0,0.0,0.0,0.0,0.0,0.0
29777197191,0,-0.00922716036438942,0.00020399050845298916,-0.8155065178871155,6.569455581484362e-05,-0.04113857448101044,-0.8442511558532715,-0.041170764714479446,0.003459490602836013,-0.015718666836619377,0.018585802987217903,-0.08268554508686066,-0.028744637966156006,0.006920239422470331,0.0057264636270701885,-0.024329809471964836,0.0,0.0,-0.0047828578390181065,0.23436106741428375,0.04060548543930054,-0.040672022849321365,-0.05579527094960213,-0.04645766317844391,0.024562206119298935,0.5811564326286316,-1.666739821434021,-47.314002990722656,-0.520852267742157,0.20504841208457947,0.060340024530887604,-0.18361040949821472,0.2311141937971115,-0.29640480875968933,0.1706916242837906,9.84130573272705,12.240099906921387,10.819522857666016,14.473746299743652,-0.05826171860098839,0.03526367247104645,0.027597656473517418,-0.06899414211511612,0.0,-0.059314314275979996,0.04864416643977165,0.01702885329723358,-0.06875287741422653,0.0,-0.20565073192119598,-0.3311326801776886,-9.972164154052734,0.10566480457782745,-0.3030436038970947,-8.602545738220215,0.0,0.0,0.0,0.0,0.0,0.0,0.0,0.0,0.0,0.0,0.0,0.0,-0.061348654329776764,0.045321203768253326,0.018481260165572166,-0.06643030792474747,0.23806194961071014,0.2853611707687378,0.25749367475509644,0.32837653160095215,-0.0418241024017334,0.42932483553886414,0.15044331550598145,0.0,0.0,0.0,0.0,0.0,0.0,0.0
29786992482,0,-0.009871534071862698,0.0005857534124515951,-0.815812349319458,6.569455581484362e-05,-0.04113857448101044,-0.8442511558532715,-0.04400937259197235,0.004721734672784805,-0.01052878051996231,0.019874555990099907,-0.08344907313585281,-0.028438806533813477,0.010556100867688656,0.006860885303467512,-0.025378266349434853,0.0,0.0,-0.0047828578390181065,0.2299536168575287,0.05190800130367279,-0.038512472063302994,-0.08414359390735626,-0.054198022931814194,0.02475738525390625,0.6146650910377502,-1.7040469646453857,-47.49062728881836,-0.5337597131729126,0.18489745259284973,0.05921700596809387,-0.18279707431793213,0.2311141937971115,-0.29640480875968933,0.1706916242837906,9.8624267578125,12.267763137817383,10.943045616149902,14.47983455657959,-0.05826171860098839,0.03526367247104645,0.024531250819563866,-0.06899414211511612,0.0,-0.059233762323856354,0.05064995959401131,0.017040163278579712,-0.07039600610733032,0.0,-0.20565073192119598,-0.3311326801776886,-9.972164154052734,0.11441066116094589,-0.30709946155548096,-8.638219833374023,0.0,0.0,0.0,0.0,0.0,0.0,0.0,0.0,0.0,0.0,0.0,0.0,-0.06092977523803711,0.04628829285502434,0.018066538497805595,-0.06700144708156586,0.23806194961071014,0.2853611707687378,0.25749367475509644,0.32837653160095215,-0.31640130281448364,0.7151688933372498,0.13766472041606903,0.0,0.0,0.0,0.0,0.0,0.0,0.0
29796537873,0,-0.009871534071862698,0.0005857534124515951,-0.815812349319458,6.569455581484362e-05,-0.04113857448101044,-0.8442511558532715,-0.04400937259197235,0.004721734672784805,-0.01052878051996231,0.019874555990099907,-0.08344907313585281,-0.028438806533813477,0.010556100867688656,0.006860885303467512,-0.025378266349434853,0.0,0.0,-0.0047828578390181065,0.2299536168575287,0.05190800130367279,-0.038512472063302994,-0.08414359390735626,-0.054198022931814194,0.02475738525390625,0.6146650910377502,-1.7040469646453857,-47.49062728881836,-0.5337597131729126,0.18489745259284973,0.05921700596809387,-0.18279707431793213,0.2341267466545105,-0.29516831040382385,0.1697811633348465,9.8624267578125,12.267763137817383,10.943045616149902,14.47983455657959,-0.05826171860098839,0.03526367247104645,0.024531250819563866,-0.06592773646116257,0.0,-0.059233762323856354,0.05064995959401131,0.017040163278579712,-0.07039600610733032,0.0,0.050011325627565384,-0.15180015563964844,-9.953380584716797,0.11441066116094589,-0.30709946155548096,-8.638219833374023,0.0,0.0,0.0,0.0,0.0,0.0,0.0,0.0,0.0,0.0,0.0,0.0,-0.06041451916098595,0.047476232051849365,0.01767265610396862,-0.06783292442560196,0.23848359286785126,0.2858998775482178,0.2599332928657532,0.32849249243736267,-0.31640130281448364,0.7151688933372498,0.13766472041606903,0.0,0.0,0.0,0.0,0.0,0.0,0.0
29806697635,0,-0.009871534071862698,0.0005857534124515951,-0.815812349319458,6.569455581484362e-05,-0.04113857448101044,-0.8442511558532715,-0.04400937259197235,0.004721734672784805,-0.01052878051996231,0.019874555990099907,-0.08344907313585281,-0.028438806533813477,0.010556100867688656,0.006860885303467512,-0.025378266349434853,0.0,0.0,-0.0047828578390181065,0.21343645453453064,0.03033328615128994,-0.039366401731967926,-0.09696558117866516,-0.053790558129549026,0.025322522968053818,0.6384856700897217,-1.6923249959945679,-47.431312561035156,-0.5547725558280945,0.2168508768081665,0.06174293905496597,-0.1812545210123062,0.23676346242427826,-0.2940426766872406,0.16897809505462646,9.800985336303711,12.236392974853516,10.848349571228027,14.608817100524902,-0.05826171860098839,0.036796875298023224,0.026064453646540642,-0.06286133080720901,0.0,-0.058149803429841995,0.05126715451478958,0.016184981912374496,-0.06995193660259247,0.0,0.10136664658784866,-0.01823270693421364,-10.045127868652344,0.11441066116094589,-0.30709946155548096,-8.638219833374023,0.0,0.0,0.0,0.0,0.0,0.0,0.0,0.0,0.0,0.0,0.0,0.0,-0.05989322438836098,0.04867458716034889,0.017322776839137077,-0.0686943307518959,0.2373499870300293,0.2867755591869354,0.25881966948509216,0.3302203416824341,-0.8033170104026794,-0.6986135244369507,0.03158438578248024,0.0,0.0,0.0,0.0,0.0,0.0,0.0
29816906380,0,-0.009871534071862698,0.0005857534124515951,-0.815812349319458,6.569455581484362e-05,-0.04113857448101044,-0.8442511558532715,-0.04400937259197235,0.004721734672784805,-0.01052878051996231,0.019874555990099907,-0.08344907313585281,-0.028438806533813477,0.010556100867688656,0.006860885303467512,-0.025378266349434853,0.0,0.0,-0.0047828578390181065,0.2011573761701584,0.021424314007163048,-0.03848477452993393,-0.09696558117866516,-0.053790558129549026,0.025322522968053818,0.6605444550514221,-1.6930855512619019,-47.20304870605469,-0.5552358627319336,0.22277531027793884,0.061250463128089905,-0.18040524423122406,0.2430115044116974,-0.2918558716773987,0.16708630323410034,9.763848304748535,12.157699584960938,10.794916152954102,14.548468589782715,-0.05826171860098839,0.036796875298023224,0.026064453646540642,-0.05826171860098839,0.0,-0.05750400573015213,0.05233980715274811,0.015652978792786598,-0.070734903216362,0.0,0.10136664658784866,-0.01823270693421364,-10.045127868652344,0.11441066116094589,-0.30709946155548096,-8.638219833374023,0.0,0.0,0.0,0.0,0.0,0.0,0.0,0.0,0.0,0.0,0.0,0.0,-0.05933535099029541,0.049763359129428864,0.016955656930804253,-0.0694066509604454,0.23651471734046936,0.28375595808029175,0.2570074200630188,0.3297991454601288,-1.0430004596710205,-0.7255159020423889,0.043640609830617905,0.0,0.0,0.0,0.0,0.0,0.0,0.0
29826580442,0,-0.01105726882815361,0.0013856453588232398,-0.8163333535194397,6.569455581484362e-05,-0.04113857448101044,-0.8442511558532715,-0.048906609416007996,0.004849003162235022,-0.021736444905400276,0.022246038541197777,-0.0850488618016243,-0.027917802333831787,0.015252968296408653,0.006973075680434704,-0.026402005925774574,0.0,0.0,-0.0047828578390181065,0.17786426842212677,0.024337129667401314,-0.03562454134225845,-0.1214970052242279,-0.05491141229867935,0.02600579895079136,0.6605444550514221,-1.6930855512619019,-47.20304870605469,-0.5552358627319336,0.22277531027793884,0.061250463128089905,-0.18040524423122406,0.2430115044116974,-0.2918558716773987,0.16708630323410034,9.78353500366211,12.087628364562988,10.802111625671387,14.389739990234375,-0.05826171860098839,0.038330078125,0.02299804612994194,-0.05826171860098839,0.0,-0.057388171553611755,0.05264350026845932,0.01564255729317665,-0.0715164765715599,0.0,-0.2729383111000061,-0.1729317009449005,-10.196457862854004,0.12923988699913025,-0.3100624680519104,-8.54623031616211,0.0,0.0,0.0,0.0,0.0,0.0,0.0,0.0,0.0,0.0,0.0,0.0,-0.05874749645590782,0.050738781690597534,0.016558784991502762,-0.0700020119547844,0.23651471734046936,0.28375595808029175,0.2570074200630188,0.3297991454601288,-1.6352847814559937,-0.24342574179172516,0.09574376791715622,0.0,0.0,0.0,0.0,0.0,0.0,0.0
29837421801,0,-0.01105726882815361,0.0013856453588232398,-0.8163333535194397,6.569455581484362e-05,-0.04113857448101044,-0.8442511558532715,-0.048906609416007996,0.004849003162235022,-0.021736444905400276,0.022246038541197777,-0.0850488618016243,-0.027917802333831787,0.015252968296408653,0.006973075680434704,-0.026402005925774574,0.0,0.0,-0.0047828578390181065,0.1544208824634552,0.026364795863628387,-0.033584967255592346,-0.14692836999893188,-0.05932482331991196,0.027444947510957718,0.7212463021278381,-1.7054613828659058,-46.8856315612793,-0.5243353843688965,0.2032133936882019,0.05763234198093414,-0.1788017600774765,0.24847327172756195,-0.28988775610923767,0.16552488505840302,9.794670104980469,12.06377124786377,10.78679084777832,14.2970552444458,-0.05826171860098839,0.038330078125,0.021464843302965164,-0.059794921427965164,0.0,-0.05539746209979057,0.05503719300031662,0.014242231845855713,-0.07367061823606491,0.0,-0.2729383111000061,-0.1729317009449005,-10.196457862854004,0.12923988699913025,-0.3100624680519104,-8.54623031616211,0.0,0.0,0.0,0.0,0.0,0.0,0.0,0.0,0.0,0.0,0.0,0.0,-0.05812105908989906,0.051666393876075745,0.016130411997437477,-0.07063759863376617,0.23713050782680511,0.28192436695098877,0.2568465769290924,0.3250083327293396,-2.073641061782837,-0.07346761971712112,0.05237756296992302,0.0,0.0,0.0,0.0,0.0,0.0,0.0
29847191222,0,-0.01195095106959343,0.0019911746494472027,-0.8167330026626587,6.569455581484362e-05,-0.04113857448101044,-0.8442511558532715,-0.04988465830683708,0.011668108403682709,-0.026206083595752716,0.02403341233730316,-0.08625993132591248,-0.027518153190612793,0.017850831151008606,0.007756407838314772,-0.02659308910369873,0.0,0.0,-0.0047828578390181065,0.10394974052906036,0.00998897384852171,-0.03522542119026184,-0.14692836999893188,-0.05932482331991196,0.027444947510957718,0.7423492074012756,-1.8196487426757812,-46.94673156738281,-0.48776358366012573,0.2274004966020584,0.06404940783977509,-0.17717768251895905,0.24847327172756195,-0.28988775610923767,0.16552488505840302,9.742565155029297,12.259532928466797,10.547656059265137,14.449817657470703,-0.059794921427965164,0.039863280951976776,0.021464843302965164,-0.06286133080720901,0.0,-0.058896079659461975,0.05820952355861664,0.017853112891316414,-0.0760873481631279,0.0,-0.2729383111000061,-0.1729317009449005,-10.196457862854004,0.13529840111732483,-0.32595014572143555,-8.512967109680176,0.0,0.0,0.0,0.0,0.0,0.0,0.0,0.0,0.0,0.0,0.0,0.0,-0.057563625276088715,0.052780527621507645,0.01580248773097992,-0.07152198255062103,0.23713050782680511,0.28192436695098877,0.2568465769290924,0.3250083327293396,-2.523026943206787,-0.7419680953025818,-0.30807754397392273,0.0,0.0,0.0,0.0,0.0,0.0,0.0
29863413604,0,-0.01282723993062973,0.0025827032513916492,-0.8171815276145935,6.569455581484362e-05,-0.04113857448101044,-0.8442511558532715,-0.04780406504869461,0.012806132435798645,-0.023459240794181824,0.02578599750995636,-0.08744299411773682,-0.02706962823867798,0.019787149503827095,0.007616694550961256,-0.026758896186947823,0.0,0.0,-0.0047828578390181065,0.10394974052906036,0.00998897384852171,-0.03522542119026184,-0.15585392713546753,-0.05794064700603485,0.028637804090976715,0.7423492074012756,-1.8196487426757812,-46.94673156738281,-0.48776358366012573,0.2274004966020584,0.06404940783977509,-0.17717768251895905,0.25319021940231323,-0.28791043162345886,0.16410647332668304,9.742565155029297,12.259532928466797,10.547656059265137,14.449817657470703,-0.06132812425494194,0.04139648377895355,0.019931640475988388,-0.06592773646116257,0.0,-0.058896079659461975,0.05820952355861664,0.017853112891316414,-0.0760873481631279,0.0,-0.034207671880722046,-0.1473803073167801,-9.926582336425781,0.13497258722782135,-0.3308452367782593,-8.53576946258545,0.0,0.0,0.0,0.0,0.0,0.0,0.0,0.0,0.0,0.0,0.0,0.0,-0.05737394839525223,0.05418391525745392,0.0158530306071043,-0.07268787920475006,0.2360893040895462,0.2857396900653839,0.25211331248283386,0.32792067527770996,-2.523026943206787,-0.7419680953025818,-0.30807754397392273,0.0,0.0,0.0,0.0,0.0,0.0,0.0
29867893279,0,-0.01282723993062973,0.0025827032513916492,-0.8171815276145935,6.569455581484362e-05,-0.04113857448101044,-0.8442511558532715,-0.04780406504869461,0.012806132435798645,-0.023459240794181824,0.0266554057598114,-0.08801917731761932,-0.02682805061340332,0.019787149503827095,0.007616694550961256,-0.026758896186947823,0.0,0.0,-0.0047828578390181065,0.07803627103567123,0.006154941860586405,-0.03656242787837982,-0.15585392713546753,-0.05794064700603485,0.028637804090976715,0.7632938623428345,-1.8576325178146362,-46.94454574584961,-0.4672328233718872,0.22610680758953094,0.06555879861116409,-0.17629389464855194,0.25319021940231323,-0.28791043162345886,0.16410647332668304,9.732925415039062,12.33124828338623,10.480331420898438,14.453865051269531,-0.05826171860098839,0.04292968660593033,0.019931640475988388,-0.06746093928813934,0.0,-0.05947566032409668,0.059641122817993164,0.018634406849741936,-0.07744501531124115,0.0,-0.034207671880722046,-0.1473803073167801,-9.926582336425781,0.13878069818019867,-0.3377513587474823,-8.535371780395508,0.0,0.0,0.0,0.0,0.0,0.0,0.0,0.0,0.0,0.0,0.0,0.0,-0.05758827552199364,0.055682990700006485,0.016283001750707626,-0.07395120710134506,0.23589672148227692,0.28713566064834595,0.250778466463089,0.32799801230430603,-2.5255720615386963,-0.5350567698478699,-0.3312671184539795,0.0,0.0,0.0,0.0,0.0,0.0,0.0
29876778924,0,-0.013261941261589527,0.0028707957826554775,-0.8174231052398682,6.569455581484362e-05,-0.04113857448101044,-0.8442511558532715,-0.0486849844455719,0.015709495171904564,-0.023342706263065338,0.0266554057598114,-0.08801917731761932,-0.02682805061340332,0.020355429500341415,0.0075799524784088135,-0.027028298005461693,0.0,0.0,-0.0047828578390181065,0.07803627103567123,0.006154941860586405,-0.03656242787837982,-0.1590806543827057,-0.06009415164589882,0.029067330062389374,0.7632938623428345,-1.8576325178146362,-46.94454574584961,-0.4672328233718872,0.22610680758953094,0.06555879861116409,-0.17629389464855194,0.255371630191803,-0.28700533509254456,0.16327008605003357,9.732925415039062,12.33124828338623,10.480331420898438,14.453865051269531,-0.05672851577401161,0.04292968660593033,0.018398437649011612,-0.06899414211511612,0.0,-0.05947566032409668,0.059641122817993164,0.018634406849741936,-0.07744501531124115,0.0,-0.31190523505210876,-0.3356547951698303,-9.848160743713379,0.13878069818019867,-0.3377513587474823,-8.535371780395508,0.0,0.0,0.0,0.0,0.0,0.0,0.0,0.0,0.0,0.0,0.0,0.0,-0.05801522731781006,0.05708460137248039,0.0168923232704401,-0.07515459507703781,0.23589672148227692,0.28713566064834595,0.250778466463089,0.32799801230430603,-2.5255720615386963,-0.5350567698478699,-0.3312671184539795,0.0,0.0,0.0,0.0,0.0,0.0,0.0
29887068503,0,-0.014412736520171165,0.003509083529934287,-0.8181794285774231,6.569455581484362e-05,-0.04113857448101044,-0.8442511558532715,-0.04838014394044876,0.019907036796212196,-0.02862834930419922,0.028957007452845573,-0.08929575979709625,-0.02607172727584839,0.020478107035160065,0.008284402079880238,-0.02833515964448452,0.0,0.0,-0.0047828578390181065,0.02489730529487133,0.015801873058080673,-0.03551984578371048,-0.1590806543827057,-0.06009415164589882,0.029067330062389374,0.7475975751876831,-1.8809144496917725,-46.77389144897461,-0.4672328233718872,0.22610680758953094,0.06555879861116409,-0.17629389464855194,0.255371630191803,-0.28700533509254456,0.16327008605003357,9.809698104858398,12.33000373840332,10.471274375915527,14.224907875061035,-0.055195312947034836,0.04139648377895355,0.016865234822034836,-0.06746093928813934,0.0,-0.06041698157787323,0.059865035116672516,0.019966816529631615,-0.07888323813676834,0.0,-0.31190523505210876,-0.3356547951698303,-9.848160743713379,0.14346367120742798,-0.34840524196624756,-8.49267578125,0.0,0.0,0.0,0.0,0.0,0.0,0.0,0.0,0.0,0.0,0.0,0.0,-0.05853812396526337,0.058256011456251144,0.017574923112988472,-0.07623542845249176,0.23589672148227692,0.28713566064834595,0.250778466463089,0.32799801230430603,-2.657932996749878,0.23120687901973724,-0.07491206377744675,0.0,0.0,0.0,0.0,0.0,0.0,0.0
29897714888,0,-0.014412736520171165,0.003509083529934287,-0.8181794285774231,6.569455581484362e-05,-0.04113857448101044,-0.8442511558532715,-0.04838014394044876,0.019907036796212196,-0.02862834930419922,0.028957007452845573,-0.08929575979709625,-0.02607172727584839,0.020478107035160065,0.008284402079880238,-0.02833515964448452,0.0,0.0,-0.0047828578390181065,-0.001600555144250393,0.018920917063951492,-0.029545605182647705,-0.1631036400794983,-0.0650940015912056,0.028362711891531944,0.7890502214431763,-1.9162287712097168,-46.709716796875,-0.3912631869316101,0.19646096229553223,0.05423545837402344,-0.17371182143688202,0.25866231322288513,-0.2851722538471222,0.16158786416053772,10.026496887207031,12.156578063964844,10.635655403137207,13.952947616577148,-0.05672851577401161,0.04139648377895355,0.016865234822034836,-0.06899414211511612,0.0,-0.05861183628439903,0.06318837404251099,0.01971803978085518,-0.08217388391494751,0.0,-0.0848703533411026,0.06399962306022644,-9.738653182983398,0.14346367120742798,-0.34840524196624756,-8.49267578125,0.0,0.0,0.0,0.0,0.0,0.0,0.0,0.0,0.0,0.0,0.0,0.0,-0.059015288949012756,0.05927201360464096,0.01827905885875225,-0.07734103500843048,0.24175624549388885,0.28373417258262634,0.25385650992393494,0.31843218207359314,-2.5864181518554688,0.2490239441394806,0.2560359239578247,0.0,0.0,0.0,0.0,0.0,0.0,0.0
29906731294,0,-0.014749469235539436,0.003685711184516549,-0.8184361457824707,6.569455581484362e-05,-0.04113857448101044,-0.8442511558532715,-0.047773946076631546,0.020005671307444572,-0.027235273271799088,0.029630476608872414,-0.0896490216255188,-0.02581501007080078,0.019925596192479134,0.008417919278144836,-0.028748497366905212,0.0,0.0,-0.0047828578390181065,-0.001600555144250393,0.018920917063951492,-0.029545605182647705,-0.1587219536304474,-0.06616300344467163,0.02885761857032776,0.7890502214431763,-1.9162287712097168,-46.709716796875,-0.3912631869316101,0.19646096229553223,0.05423545837402344,-0.17371182143688202,0.26000598073005676,-0.2840351164340973,0.1607184261083603,10.026496887207031,12.156578063964844,10.635655403137207,13.952947616577148,-0.05826171860098839,0.04139648377895355,0.016865234822034836,-0.06899414211511612,0.0,-0.05861183628439903,0.06318837404251099,0.01971803978085518,-0.08217388391494751,0.0,0.1698818802833557,-0.025227200239896774,-9.898255348205566,0.14380362629890442,-0.34938597679138184,-8.504030227661133,0.0,0.0,0.0,0.0,0.0,0.0,0.0,0.0,0.0,0.0,0.0,0.0,-0.05925878882408142,0.060341063886880875,0.0189023669809103,-0.07862477004528046,0.24175624549388885,0.28373417258262634,0.25385650992393494,0.31843218207359314,-2.5864181518554688,0.2490239441394806,0.2560359239578247,0.0,0.0,0.0,0.0,0.0,0.0,0.0
29916364934,0,-0.014749469235539436,0.003685711184516549,-0.8184361457824707,6.569455581484362e-05,-0.04113857448101044,-0.8442511558532715,-0.047773946076631546,0.020005671307444572,-0.027235273271799088,0.029630476608872414,-0.0896490216255188,-0.02581501007080078,0.019925596192479134,0.008417919278144836,-0.028748497366905212,0.0,0.0,-0.0047828578390181065,-0.08007288724184036,0.010808808729052544,-0.03032367117702961,-0.13500605523586273,-0.06548438221216202,0.030264968052506447,0.8223158121109009,-1.8885360956192017,-46.932281494140625,-0.28560343384742737,0.20529717206954956,0.05733828246593475,-0.1718645691871643,0.2613448202610016,-0.2817654609680176,0.1590336412191391,10.178084373474121,12.439210891723633,10.438326835632324,13.936382293701172,-0.05672851577401161,0.04292968660593033,0.016865234822034836,-0.06899414211511612,0.0,-0.0554194413125515,0.06207122281193733,0.018218154087662697,-0.08226906508207321,0.0,0.1698818802833557,-0.025227200239896774,-9.898255348205566,0.14380362629890442,-0.34938597679138184,-8.504030227661133,0.0,0.0,0.0,0.0,0.0,0.0,0.0,0.0,0.0,0.0,0.0,0.0,-0.059111885726451874,0.06134070083498955,0.019290238618850708,-0.07991541922092438,0.24477452039718628,0.2892349362373352,0.24994540214538574,0.3181149661540985,-3.3799238204956055,-0.20748093724250793,0.05717333033680916,0.0,0.0,0.0,0.0,0.0,0.0,0.0
29927057790,0,-0.015432583168148994,0.004004033748060465,-0.8189448118209839,6.569455581484362e-05,-0.04113857448101044,-0.8442511558532715,-0.05177922919392586,0.015948094427585602,-0.021551944315433502,0.030996710062026978,-0.09028567373752594,-0.025306344032287598,0.017333107069134712,0.00860587041825056,-0.029527677223086357,0.0,0.0,-0.0047828578390181065,-0.08007288724184036,0.010808808729052544,-0.03032367117702961,-0.13500605523586273,-0.06548438221216202,0.030264968052506447,0.8594084978103638,-1.8886520862579346,-46.99281311035156,-0.1934763789176941,0.22167757153511047,0.05556213855743408,-0.1701243817806244,0.2613448202610016,-0.2817654609680176,0.1590336412191391,10.407078742980957,12.525805473327637,10.330313682556152,13.792235374450684,-0.05672851577401161,0.04292968660593033,0.016865234822034836,-0.06899414211511612,0.0,-0.052758801728487015,0.06284517794847488,0.01732606254518032,-0.08395038545131683,0.0,0.3675842583179474,0.3063545525074005,-9.506942749023438,0.15474706888198853,-0.34249064326286316,-8.546947479248047,0.0,0.0,0.0,0.0,0.0,0.0,0.0,0.0,0.0,0.0,0.0,0.0,-0.05838281661272049,0.06205436959862709,0.01931120827794075,-0.08105766773223877,0.24477452039718628,0.2892349362373352,0.24994540214538574,0.3181149661540985,-3.3799238204956055,-0.20748093724250793,0.05717333033680916,0.0,0.0,0.0,0.0,0.0,0.0,0.0
29936393184,0,-0.016090841963887215,0.0040552373975515366,-0.8194355368614197,6.569455581484362e-05,-0.04113857448101044,-0.8442511558532715,-0.051079317927360535,0.016276055946946144,-0.021535512059926987,0.032313231378793716,-0.09038808196783066,-0.024815618991851807,0.014098210260272026,0.008434273302555084,-0.030029263347387314,0.0,0.0,-0.0047828578390181065,-0.14689134061336517,-0.0005249266396276653,-0.0283550675958395,-0.11125791817903519,-0.06418932229280472,0.03065275028347969,0.8594084978103638,-1.8886520862579346,-46.99281311035156,-0.1934763789176941,0.22167757153511047,0.05556213855743408,-0.1701243817806244,0.26059195399284363,-0.2797743082046509,0.15744611620903015,10.407078742980957,12.525805473327637,10.330313682556152,13.792235374450684,-0.05672851577401161,0.04292968660593033,0.018398437649011612,-0.0705273449420929,0.0,-0.052758801728487015,0.06284517794847488,0.01732606254518032,-0.08395038545131683,0.0,0.3675842583179474,0.3063545525074005,-9.506942749023438,0.15625609457492828,-0.3433912992477417,-8.544147491455078,0.0,0.0,0.0,0.0,0.0,0.0,0.0,0.0,0.0,0.0,0.0,0.0,-0.05710921064019203,0.06251557916402817,0.018996361643075943,-0.08207566291093826,0.24932517111301422,0.2909172475337982,0.2478010356426239,0.31535303592681885,-3.1482152938842773,-0.5567669868469238,0.13719871640205383,0.0,0.0,0.0,0.0,0.0,0.0,0.0
29946428375,0,-0.016090841963887215,0.0040552373975515366,-0.8194355368614197,6.569455581484362e-05,-0.04113857448101044,-0.8442511558532715,-0.051079317927360535,0.016276055946946144,-0.021535512059926987,0.032313231378793716,-0.09038808196783066,-0.024815618991851807,0.014098210260272026,0.008434273302555084,-0.030029263347387314,0.0,0.0,-0.0047828578390181065,-0.16298170387744904,-0.003986272029578686,-0.023762086406350136,-0.11125791817903519,-0.06418932229280472,0.03065275028347969,0.8770197033882141,-1.9155442714691162,-46.986454010009766,-0.1934763789176941,0.22167757153511047,0.05556213855743408,-0.1701243817806244,0.26059195399284363,-0.2797743082046509,0.15744611620903015,10.563335418701172,12.4371337890625,10.413019180297852,13.635908126831055,-0.05826171860098839,0.044462889432907104,0.016865234822034836,-0.07206054776906967,0.0,-0.0522887296974659,0.06456151604652405,0.017503608018159866,-0.08607324957847595,0.0,0.3675842583179474,0.3063545525074005,-9.506942749023438,0.15625609457492828,-0.3433912992477417,-8.544147491455078,0.0,0.0,0.0,0.0,0.0,0.0,0.0,0.0,0.0,0.0,0.0,0.0,-0.055658385157585144,0.06288240849971771,0.0185414906591177,-0.08302019536495209,0.24932517111301422,0.2909172475337982,0.2478010356426239,0.31535303592681885,-2.4992101192474365,-0.4872884154319763,0.27602532505989075,0.0,0.0,0.0,0.0,0.0,0.0,0.0
29956448091,0,-0.016400206834077835,0.004060606472194195,-0.8196598291397095,6.569455581484362e-05,-0.04113857448101044,-0.8442511558532715,-0.05194343253970146,0.018717579543590546,-0.021488700062036514,0.032931964844465256,-0.09039881825447083,-0.02459132671356201,0.012635336257517338,0.008371389470994473,-0.03009544312953949,0.0,0.0,-0.0047828578390181065,-0.16298170387744904,-0.003986272029578686,-0.023762086406350136,-0.09878386557102203,-0.06473580002784729,0.030845262110233307,0.8770197033882141,-1.9155442714691162,-46.986454010009766,-0.17057907581329346,0.2230662703514099,0.05071307718753815,-0.16931550204753876,0.2597690224647522,-0.27894291281700134,0.15679767727851868,10.563335418701172,12.4371337890625,10.413019180297852,13.635908126831055,-0.05672851577401161,0.04752929508686066,0.016865234822034836,-0.07206054776906967,0.0,-0.05220538005232811,0.0646323636174202,0.017588047310709953,-0.08600855618715286,0.0,0.273179829120636,0.12915658950805664,-9.244577407836914,0.15945813059806824,-0.34828078746795654,-8.542991638183594,0.0,0.0,0.0,0.0,0.0,0.0,0.0,0.0,0.0,0.0,0.0,0.0,-0.0543409027159214,0.06329675763845444,0.01812196709215641,-0.08394718170166016,0.25242409110069275,0.2891945242881775,0.2494431436061859,0.3123534023761749,-2.4992101192474365,-0.4872884154319763,0.27602532505989075,0.0,0.0,0.0,0.0,0.0,0.0,0.0
29966474574,0,-0.017303017899394035,0.003937754780054092,-0.8201716542243958,6.569455581484362e-05,-0.04113857448101044,-0.8442511558532715,-0.048700008541345596,0.016541248187422752,-0.016467945650219917,0.03473759815096855,-0.09015311300754547,-0.024079501628875732,0.007562991231679916,0.00857942458242178,-0.030547959730029106,0.0,0.0,0.04534246772527695,-0.18825674057006836,0.003250294830650091,-0.021859925240278244,-0.09878386557102203,-0.06473580002784729,0.030845262110233307,0.8762280941009521,-1.8937524557113647,-47.09386444091797,-0.17057907581329346,0.2230662703514099,0.05071307718753815,-0.16931550204753876,0.2597690224647522,-0.27894291281700134,0.15679767727851868,9.481334686279297,13.711869239807129,9.257081985473633,14.709172248840332,-0.055195312947034836,0.04752929508686066,0.016865234822034836,-0.07359375059604645,0.0,-0.05738499015569687,0.05803322792053223,0.018982335925102234,-0.0791744738817215,0.0,0.273179829120636,0.12915658950805664,-9.244577407836914,0.15684817731380463,-0.3437829613685608,-8.579597473144531,0.0,0.0,0.0,0.0,0.0,0.0,0.0,0.0,0.0,0.0,0.0,0.0,-0.05354167893528938,0.06343930214643478,0.017877543345093727,-0.08447117358446121,0.25242409110069275,0.2891945242881775,0.2494431436061859,0.3123534023761749,-1.470361351966858,0.159206360578537,0.08017651736736298,0.0,0.0,0.0,0.0,0.0,0.0,0.0
29976347458,0,-0.017303017899394035,0.003937754780054092,-0.8201716542243958,6.569455581484362e-05,-0.04113857448101044,-0.8442511558532715,-0.048700008541345596,0.016541248187422752,-0.016467945650219917,0.035257358103990555,-0.08989593386650085,-0.023932695388793945,0.007562991231679916,0.00857942458242178,-0.030547959730029106,0.0,0.0,0.07040512561798096,-0.18825674057006836,0.003250294830650091,-0.021859925240278244,-0.061152759939432144,-0.06728598475456238,0.09110242873430252,0.8762280941009521,-1.8937524557113647,-47.09386444091797,-0.1250474452972412,0.20512966811656952,0.09650237113237381,-0.1674056053161621,0.25714680552482605,-0.2769206762313843,0.15538768470287323,9.481334686279297,13.711869239807129,9.257081985473633,14.709172248840332,-0.055195312947034836,0.04599609225988388,0.016865234822034836,-0.07512695342302322,0.0,-0.05716567859053612,0.05818488448858261,0.01920665055513382,-0.07903289049863815,0.0,0.041034504771232605,0.22722575068473816,-9.408127784729004,0.14827367663383484,-0.34450361132621765,-8.602984428405762,0.0,0.0,0.0,0.0,0.0,0.0,0.0,0.0,0.0,0.0,0.0,0.0,-0.05360874533653259,0.06282326579093933,0.017907222732901573,-0.08406022191047668,0.23086023330688477,0.3138115704059601,0.2263595461845398,0.3328554034233093,-1.470361351966858,0.159206360578537,0.08017651736736298,0.0,0.0,0.0,0.0,0.0,0.0,0.0
29987022897,0,-0.017562897875905037,0.003809168701991439,-0.8203184604644775,6.569455581484362e-05,-0.04113857448101044,-0.8442511558532715,-0.04382722079753876,0.016970153898000717,-0.01327945664525032,0.035257358103990555,-0.08989593386650085,-0.023932695388793945,0.005700802896171808,0.008431789465248585,-0.030516166239976883,0.0,0.0,0.07040512561798096,-0.2112753540277481,-0.0006995121948421001,-0.009706704877316952,-0.04633224010467529,-0.06633739173412323,0.0910545289516449,0.8155052065849304,-1.8947699069976807,-47.31641387939453,-0.06007848680019379,0.21180680394172668,0.10298707336187363,-0.16552869975566864,0.25575557351112366,-0.27595189213752747,0.15469878911972046,9.482504844665527,14.025309562683105,9.042951583862305,14.836642265319824,-0.05672851577401161,0.044462889432907104,0.018398437649011612,-0.07666015625,0.0,-0.059248995035886765,0.05552137270569801,0.02230154350399971,-0.07678749412298203,0.0,0.19409991800785065,0.3247670829296112,-9.697896003723145,0.14827367663383484,-0.34450361132621765,-8.602984428405762,0.0,0.0,0.0,0.0,0.0,0.0,0.0,0.0,0.0,0.0,0.0,0.0,-0.054404303431510925,0.06153450906276703,0.018294021487236023,-0.08283337950706482,0.2323710322380066,0.3146270513534546,0.22662989795207977,0.3322080969810486,-1.2808884382247925,-0.18374647200107574,0.6589739918708801,0.0,0.0,0.0,0.0,0.0,0.0,0.0
29996598199,0,-0.017562897875905037,0.003809168701991439,-0.8203184604644775,6.569455581484362e-05,-0.04113857448101044,-0.8442511558532715,-0.04382722079753876,0.016970153898000717,-0.01327945664525032,0.035257358103990555,-0.08989593386650085,-0.023932695388793945,0.005700802896171808,0.008431789465248585,-0.030516166239976883,0.0,0.0,0.07040512561798096,-0.22953937947750092,-0.001699955202639103,0.004372641444206238,-0.04633224010467529,-0.06633739173412323,0.0910545289516449,0.8404358625411987,-1.867602825164795,-47.435768127441406,-0.020299047231674194,0.21075809001922607,0.08748726546764374,-0.16446982324123383,0.2516902983188629,-0.27378037571907043,0.15338166058063507,9.960233688354492,13.7293119430542,9.400060653686523,14.417673110961914,-0.05366211012005806,0.04599609225988388,0.018398437649011612,-0.07819335907697678,0.0,-0.05443624034523964,0.05674594268202782,0.01961674913764,-0.07888840138912201,0.0,0.19409991800785065,0.3247670829296112,-9.697896003723145,0.14827367663383484,-0.34450361132621765,-8.602984428405762,0.0,0.0,0.0,0.0,0.0,0.0,0.0,0.0,0.0,0.0,0.0,0.0,-0.05537141487002373,0.05997045710682869,0.018957125023007393,-0.08131487667560577,0.24043536186218262,0.31414610147476196,0.22923056781291962,0.3273082375526428,-1.4987260103225708,-0.1298006922006607,1.1010754108428955,0.0,0.0,0.0,0.0,0.0,0.0,0.0
30006475737,0,-0.017562897875905037,0.003809168701991439,-0.8203184604644775,6.569455581484362e-05,-0.04113857448101044,-0.8442511558532715,-0.04382722079753876,0.016970153898000717,-0.01327945664525032,0.036299243569374084,-0.08928117901086807,-0.023660242557525635,0.005700802896171808,0.008431789465248585,-0.030516166239976883,0.0,0.0,0.12053044140338898,-0.2505447566509247,-0.012403189204633236,0.029095359146595,-0.04633224010467529,-0.06633739173412323,0.0910545289516449,0.8174810409545898,-1.8450230360031128,-47.46527862548828,-0.020299047231674194,0.21075809001922607,0.08748726546764374,-0.16446982324123383,0.2516902983188629,-0.27378037571907043,0.15338166058063507,9.547021865844727,14.334716796875,8.76678466796875,14.8914213180542,-0.052128907293081284,0.04599609225988388,0.018398437649011612,-0.07972656190395355,0.0,-0.05680873245000839,0.05322225019335747,0.02104911580681801,-0.07528950273990631,0.0,0.19409991800785065,0.3247670829296112,-9.697896003723145,0.15185797214508057,-0.3387237787246704,-8.637762069702148,0.0,0.0,0.0,0.0,0.0,0.0,0.0,0.0,0.0,0.0,0.0,0.0,-0.05600595474243164,0.05838717520236969,0.01959490031003952,-0.07985736429691315,0.24043536186218262,0.31414610147476196,0.22923056781291962,0.3273082375526428,-1.046621561050415,-0.4520401656627655,1.4706852436065674,0.0,0.0,0.0,0.0,0.0,0.0,0.0
30016616292,0,-0.017562897875905037,0.003809168701991439,-0.8203184604644775,6.569455581484362e-05,-0.04113857448101044,-0.8442511558532715,-0.04382722079753876,0.016970153898000717,-0.01327945664525032,0.03743181377649307,-0.08863142877817154,-0.023409545421600342,0.005700802896171808,0.008431789465248585,-0.030516166239976883,0.0,0.0,0.12053044140338898,-0.2505447566509247,-0.012403189204633236,0.029095359146595,-0.04633224010467529,-0.06633739173412323,0.0910545289516449,0.8174810409545898,-1.8450230360031128,-47.46527862548828,0.03785426914691925,0.22511506080627441,0.10871317237615585,-0.16239692270755768,0.2516902983188629,-0.27378037571907043,0.15338166058063507,9.547021865844727,14.334716796875,8.76678466796875,14.8914213180542,-0.052128907293081284,0.04599609225988388,0.016865234822034836,-0.07972656190395355,0.0,-0.05657234042882919,0.05337965860962868,0.021306177601218224,-0.07513778656721115,0.0,0.19409991800785065,0.3247670829296112,-9.697896003723145,0.14950519800186157,-0.3317880630493164,-8.628212928771973,0.0,0.0,0.0,0.0,0.0,0.0,0.0,0.0,0.0,0.0,0.0,0.0,-0.05634581670165062,0.056825242936611176,0.02012268826365471,-0.07845667004585266,0.24043536186218262,0.31414610147476196,0.22923056781291962,0.3273082375526428,-1.046621561050415,-0.4520401656627655,1.4706852436065674,0.0,0.0,0.0,0.0,0.0,0.0,0.0
30026470694,0,-0.018650120124220848,0.0031769180204719305,-0.8208416104316711,6.569455581484362e-05,-0.04113857448101044,-0.8442511558532715,-0.04233122989535332,0.011779308319091797,-0.008910940028727055,0.03743181377649307,-0.08863142877817154,-0.023409545421600342,-0.0031970813870429993,0.00792015716433525,-0.03009718656539917,0.0,0.0,0.12053044140338898,-0.24608376622200012,-0.020871389657258987,0.04843556508421898,0.02350827120244503,-0.06370218098163605,0.18070897459983826,0.822278618812561,-1.8248343467712402,-47.455169677734375,0.046274334192276,0.23557135462760925,0.08991270512342453,-0.16122247278690338,0.2436816394329071,-0.2710237503051758,0.1526472121477127,10.043020248413086,13.859125137329102,9.204925537109375,14.422754287719727,-0.05366211012005806,0.044462889432907104,0.016865234822034836,-0.07819335907697678,0.0,-0.05276746302843094,0.05491229519248009,0.019470714032649994,-0.07711701840162277,0.0,0.21699078381061554,-0.2317884862422943,-9.714888572692871,0.14950519800186157,-0.3317880630493164,-8.628212928771973,0.0,0.0,0.0,0.0,0.0,0.0,0.0,0.0,0.0,0.0,0.0,0.0,-0.056390147656202316,0.055484697222709656,0.020504115149378777,-0.07725366950035095,0.23217643797397614,0.32572677731513977,0.21648141741752625,0.3363155722618103,-0.3213547170162201,-0.6086456775665283,1.7307655811309814,0.0,0.0,0.0,0.0,0.0,0.0,0.0
30036492984,0,-0.018929090350866318,0.002974174916744232,-0.8209483623504639,6.569455581484362e-05,-0.04113857448101044,-0.8442511558532715,-0.039528027176856995,0.011539715342223644,-0.00683608977124095,0.03798975795507431,-0.08822593837976456,-0.023302793502807617,-0.005347577389329672,0.0076933978125452995,-0.029482915997505188,0.0,0.0,0.1455930918455124,-0.24608376622200012,-0.020871389657258987,0.04843556508421898,0.04065864905714989,-0.06241024658083916,0.1799623668193817,0.822278618812561,-1.8248343467712402,-47.455169677734375,0.046274334192276,0.23557135462760925,0.08991270512342453,-0.16122247278690338,0.2436816394329071,-0.2710237503051758,0.1526472121477127,10.043020248413086,13.859125137329102,9.204925537109375,14.422754287719727,-0.05826171860098839,0.04599609225988388,0.016865234822034836,-0.07819335907697678,0.0,-0.05276746302843094,0.05491229519248009,0.019470714032649994,-0.07711701840162277,0.0,0.05572036653757095,0.35344940423965454,-9.59085464477539,0.14495478570461273,-0.33073723316192627,-8.643476486206055,0.0,0.0,0.0,0.0,0.0,0.0,0.0,0.0,0.0,0.0,0.0,0.0,-0.05591898784041405,0.054649077355861664,0.020585687831044197,-0.07654549926519394,0.24208545684814453,0.31663504242897034,0.2253114879131317,0.32740509510040283,-0.3213547170162201,-0.6086456775665283,1.7307655811309814,0.0,0.0,0.0,0.0,0.0,0.0,0.0
30046429383,0,-0.019437748938798904,0.0024820256512612104,-0.8211036324501038,6.569455581484362e-05,-0.04113857448101044,-0.8442511558532715,-0.04048933833837509,0.004356464371085167,-0.00031773565569892526,0.03900707885622978,-0.08724164217710495,-0.023147523403167725,-0.009585846215486526,0.007570062763988972,-0.02805134281516075,0.0,0.0,0.20073093473911285,-0.23287227749824524,-0.014783904887735844,0.08012275397777557,0.04065864905714989,-0.06241024658083916,0.1799623668193817,0.7963623404502869,-1.7424591779708862,-47.693695068359375,0.06551073491573334,0.21968039870262146,0.0869053453207016,-0.15898051857948303,0.2436816394329071,-0.2710237503051758,0.1526472121477127,10.181894302368164,13.8987455368042,9.335536003112793,14.354242324829102,-0.05672851577401161,0.04906250163912773,0.016865234822034836,-0.07819335907697678,0.0,-0.049844421446323395,0.052172545343637466,0.017320796847343445,-0.07464054226875305,0.0,0.05572036653757095,0.35344940423965454,-9.59085464477539,0.14841187000274658,-0.31442734599113464,-8.689925193786621,0.0,0.0,0.0,0.0,0.0,0.0,0.0,0.0,0.0,0.0,0.0,0.0,-0.0549708753824234,0.05416029691696167,0.02032088115811348,-0.07618843019008636,0.24208545684814453,0.31663504242897034,0.2253114879131317,0.32740509510040283,0.3423677682876587,0.18108434975147247,1.4760147333145142,0.0,0.0,0.0,0.0,0.0,0.0,0.0
30056738980,0,-0.019437748938798904,0.0024820256512612104,-0.8211036324501038,6.569455581484362e-05,-0.04113857448101044,-0.8442511558532715,-0.04048933833837509,0.004356464371085167,-0.00031773565569892526,0.03900707885622978,-0.08724164217710495,-0.023147523403167725,-0.009585846215486526,0.007570062763988972,-0.02805134281516075,0.0,0.0,0.20073093473911285,-0.22914786636829376,-0.009402557276189327,0.08456917852163315,0.09639321267604828,-0.066563181579113,0.2714080214500427,0.8162652850151062,-1.7293504476547241,-47.79458999633789,0.08063594996929169,0.21016840636730194,0.13741038739681244,-0.15774084627628326,0.23485533893108368,-0.2685222625732422,0.15406087040901184,8.947875022888184,15.22838020324707,8.092775344848633,15.602009773254395,-0.05366211012005806,0.05059570446610451,0.018398437649011612,-0.07819335907697678,0.0,-0.05526825785636902,0.04786009341478348,0.018705051392316818,-0.06872913986444473,0.0,-0.013378610834479332,0.24948009848594666,-9.860705375671387,0.14841187000274658,-0.31442734599113464,-8.689925193786621,0.0,0.0,0.0,0.0,0.0,0.0,0.0,0.0,0.0,0.0,0.0,0.0,-0.05394367128610611,0.05348056182265282,0.019800087437033653,-0.07556872814893723,0.2448505014181137,0.31739410758018494,0.22793546319007874,0.32609909772872925,0.2943887710571289,0.3056774437427521,0.8042062520980835,0.0,0.0,0.0,0.0,0.0,0.0,0.0
30066900566,0,-0.019692691043019295,0.00220304261893034,-0.8211654424667358,6.569455581484362e-05,-0.04113857448101044,-0.8442511558532715,-0.040440645068883896,0.0045838807709515095,0.0006505320779979229,0.03951696678996086,-0.08668366819620132,-0.023085713386535645,-0.01159084215760231,0.007617584895342588,-0.02739705890417099,0.0,0.0,0.20073093473911285,-0.22914786636829376,-0.009402557276189327,0.08456917852163315,0.09639321267604828,-0.066563181579113,0.2714080214500427,0.8162652850151062,-1.7293504476547241,-47.79458999633789,0.08063594996929169,0.21016840636730194,0.13741038739681244,-0.15774084627628326,0.23485533893108368,-0.2685222625732422,0.15406087040901184,8.947875022888184,15.22838020324707,8.092775344848633,15.602009773254395,-0.05059570446610451,0.05059570446610451,0.021464843302965164,-0.07819335907697678,0.0,-0.05526825785636902,0.04786009341478348,0.018705051392316818,-0.06872913986444473,0.0,0.16221483051776886,0.18317991495132446,-9.907819747924805,0.1492890864610672,-0.31381475925445557,-8.694886207580566,0.0,0.0,0.0,0.0,0.0,0.0,0.0,0.0,0.0,0.0,0.0,0.0,-0.05343269556760788,0.05230806767940521,0.019278032705187798,-0.07427456974983215,0.22013616561889648,0.3426969051361084,0.20281480252742767,0.3497489094734192,0.2943887710571289,0.3056774437427521,0.8042062520980835,0.0,0.0,0.0,0.0,0.0,0.0,0.0
30077627940,0,-0.020358191803097725,0.0011390573345124722,-0.8213446140289307,6.569455581484362e-05,-0.04113857448101044,-0.8442511558532715,-0.03760416433215141,-0.0023595718666911125,-0.00427593756467104,0.04084797576069832,-0.08455568552017212,-0.02290654182434082,-0.01747042126953602,0.0072351242415606976,-0.024214668199419975,0.0,0.0,0.23832492530345917,-0.21640892326831818,-0.014662433415651321,0.10900825262069702,0.09639321267604828,-0.066563181579113,0.2714080214500427,0.8144826292991638,-1.6506078243255615,-47.54252624511719,0.10780484974384308,0.21772846579551697,0.14351622760295868,-0.1553325355052948,0.23485533893108368,-0.2685222625732422,0.15406087040901184,8.785597801208496,15.353095054626465,7.825139999389648,15.660245895385742,-0.05059570446610451,0.04906250163912773,0.02299804612994194,-0.07972656190395355,0.0,-0.05289012938737869,0.04578536003828049,0.016201715916395187,-0.06648346781730652,0.0,0.16221483051776886,0.18317991495132446,-9.907819747924805,0.14539974927902222,-0.2963868975639343,-8.655129432678223,0.0,0.0,0.0,0.0,0.0,0.0,0.0,0.0,0.0,0.0,0.0,0.0,-0.05341039597988129,0.050814930349588394,0.01880006305873394,-0.0725112110376358,0.22013616561889648,0.3426969051361084,0.20281480252742767,0.3497489094734192,0.5392888188362122,-0.10850771516561508,0.9914200305938721,0.0,0.0,0.0,0.0,0.0,0.0,0.0
30086449997,0,-0.020358191803097725,0.0011390573345124722,-0.8213446140289307,6.569455581484362e-05,-0.04113857448101044,-0.8442511558532715,-0.03760416433215141,-0.0023595718666911125,-0.00427593756467104,0.04084797576069832,-0.08455568552017212,-0.02290654182434082,-0.01747042126953602,0.0072351242415606976,-0.024214668199419975,0.0,0.0,0.23832492530345917,-0.21640892326831818,-0.014662433415651321,0.10900825262069702,0.13567599654197693,-0.06472961604595184,0.31481295824050903,0.8144826292991638,-1.6506078243255615,-47.54252624511719,0.10780484974384308,0.21772846579551697,0.14351622760295868,-0.1553325355052948,0.22871698439121246,-0.2667124271392822,0.15528923273086548,8.785597801208496,15.353095054626465,7.825139999389648,15.660245895385742,-0.052128907293081284,0.04752929508686066,0.02299804612994194,-0.08125976473093033,0.0,-0.05289012938737869,0.04578536003828049,0.016201715916395187,-0.06648346781730652,0.0,0.1686709225177765,-0.14139170944690704,-9.884289741516113,0.14539974927902222,-0.2963868975639343,-8.655129432678223,0.0,0.0,0.0,0.0,0.0,0.0,0.0,0.0,0.0,0.0,0.0,0.0,-0.05341313034296036,0.04924820363521576,0.018201010301709175,-0.07063527405261993,0.2168615162372589,0.34505367279052734,0.19735980033874512,0.3508458733558655,0.5392888188362122,-0.10850771516561508,0.9914200305938721,0.0,0.0,0.0,0.0,0.0,0.0,0.0
30096313020,0,-0.020358191803097725,0.0011390573345124722,-0.8213446140289307,6.569455581484362e-05,-0.04113857448101044,-0.8442511558532715,-0.03760416433215141,-0.0023595718666911125,-0.00427593756467104,0.04084797576069832,-0.08455568552017212,-0.02290654182434082,-0.01747042126953602,0.0072351242415606976,-0.024214668199419975,0.0,0.0,0.23832492530345917,-0.19210365414619446,-0.00144366140011698,0.15956422686576843,0.13567599654197693,-0.06472961604595184,0.31481295824050903,0.807543158531189,-1.585131049156189,-47.66299057006836,0.12186641991138458,0.19098246097564697,0.12245343625545502,-0.1526033729314804,0.2218489795923233,-0.2646646201610565,0.15739402174949646,9.32202434539795,14.918736457824707,8.400923728942871,15.100822448730469,-0.05366211012005806,0.04599609225988388,0.019931640475988388,-0.08125976473093033,0.0,-0.047302670776844025,0.04560040682554245,0.012980553321540356,-0.06705395132303238,0.0,0.1686709225177765,-0.14139170944690704,-9.884289741516113,0.14539974927902222,-0.2963868975639343,-8.655129432678223,0.0,0.0,0.0,0.0,0.0,0.0,0.0,0.0,0.0,0.0,0.0,0.0,-0.053060200065374374,0.04783014953136444,0.01738886535167694,-0.06897285580635071,0.22766421735286713,0.3368335962295532,0.20907574892044067,0.34028372168540955,1.1066229343414307,0.5257479548454285,2.0290613174438477,0.0,0.0,0.0,0.0,0.0,0.0,0.0
30107429440,0,-0.02081013098359108,0.00040014012483879924,-0.8214688897132874,6.569455581484362e-05,-0.04113857448101044,-0.8442511558532715,-0.0391576886177063,-0.007348804268985987,0.00020293409761507064,0.04175185784697533,-0.08307784795761108,-0.02278226613998413,-0.0209492240101099,0.007557419128715992,-0.021251114085316658,0.0,0.0,0.2759189009666443,-0.17851270735263824,0.0001155598001787439,0.16571475565433502,0.16267798840999603,-0.06986834108829498,0.3562771677970886,0.8238260746002197,-1.5600578784942627,-47.78862380981445,0.12011496722698212,0.18967172503471375,0.11843940615653992,-0.1513916254043579,0.2218489795923233,-0.2646646201610565,0.15739402174949646,9.449718475341797,14.847136497497559,8.536864280700684,15.034709930419922,-0.05366211012005806,0.04599609225988388,0.018398437649011612,-0.07972656190395355,0.0,-0.044974520802497864,0.045699749141931534,0.011215263977646828,-0.06705427914857864,0.0,-0.09607745707035065,-0.3494795262813568,-9.600951194763184,0.1497865617275238,-0.2836468815803528,-8.688840866088867,0.0,0.0,0.0,0.0,0.0,0.0,0.0,0.0,0.0,0.0,0.0,0.0,-0.05197455734014511,0.04673440381884575,0.01624314859509468,-0.06777486950159073,0.22766421735286713,0.3368335962295532,0.20907574892044067,0.34028372168540955,1.3828243017196655,0.34391623735427856,1.6250802278518677,0.0,0.0,0.0,0.0,0.0,0.0,0.0
30116527823,0,-0.02107691764831543,4.361817263998091e-05,-0.8215153813362122,6.569455581484362e-05,-0.04113857448101044,-0.8442511558532715,-0.035881709307432175,-0.013179018162190914,-0.0011377392802387476,0.042285434901714325,-0.08236479759216309,-0.022735774517059326,-0.022415194660425186,0.007545799948275089,-0.019883332774043083,0.0,0.0,0.2759189009666443,-0.15809573233127594,-0.013315669260919094,0.17060810327529907,0.174335777759552,-0.07042074203491211,0.3546295464038849,0.8238260746002197,-1.5600578784942627,-47.78862380981445,0.12011496722698212,0.18967172503471375,0.11843940615653992,-0.1513916254043579,0.2189052551984787,-0.263647198677063,0.15838751196861267,9.54478931427002,14.68435287475586,8.592859268188477,14.980806350708008,-0.052128907293081284,0.04599609225988388,0.015332031063735485,-0.07819335907697678,0.0,-0.04452626034617424,0.046206701546907425,0.011142168194055557,-0.06729592382907867,0.0,0.28531086444854736,-0.3897448182106018,-9.698225021362305,0.14389042556285858,-0.27095192670822144,-8.676533699035645,0.0,0.0,0.0,0.0,0.0,0.0,0.0,0.0,0.0,0.0,0.0,0.0,-0.050235647708177567,0.046023380011320114,0.014829952269792557,-0.06706385314464569,0.23022645711898804,0.3354754149913788,0.21183079481124878,0.33903175592422485,1.7277060747146606,-0.4761143624782562,1.2345644235610962,0.0,0.0,0.0,0.0,0.0,0.0,0.0
30126391166,0,-0.02107691764831543,4.361817263998091e-05,-0.8215153813362122,6.569455581484362e-05,-0.04113857448101044,-0.8442511558532715,-0.035881709307432175,-0.013179018162190914,-0.0011377392802387476,0.04312674701213837,-0.08098164945840836,-0.022689104080200195,-0.022415194660425186,0.007545799948275089,-0.019883332774043083,0.0,0.0,0.28343769907951355,-0.13675512373447418,-0.028326528146862984,0.1801350861787796,0.174335777759552,-0.07042074203491211,0.3546295464038849,0.7913973331451416,-1.4902355670928955,-47.7209358215332,0.12011496722698212,0.18967172503471375,0.11843940615653992,-0.1513916254043579,0.2189052551984787,-0.263647198677063,0.15838751196861267,9.657180786132812,14.473504066467285,8.679012298583984,14.888819694519043,-0.05059570446610451,0.044462889432907104,0.015332031063735485,-0.07666015625,0.0,-0.04263744130730629,0.044379979372024536,0.009508199989795685,-0.06527886539697647,0.0,0.28531086444854736,-0.3897448182106018,-9.698225021362305,0.14323656260967255,-0.26945483684539795,-8.654230117797852,0.0,0.0,0.0,0.0,0.0,0.0,0.0,0.0,0.0,0.0,0.0,0.0,-0.048260439187288284,0.045599862933158875,0.013382422737777233,-0.06665278971195221,0.23022645711898804,0.3354754149913788,0.21183079481124878,0.33903175592422485,2.0307133197784424,-0.9821112155914307,1.318130373954773,0.0,0.0,0.0,0.0,0.0,0.0,0.0
30136733109,0,-0.0214975718408823,-0.0006479519070126116,-0.8215620517730713,6.569455581484362e-05,-0.04113857448101044,-0.8442511558532715,-0.03492119163274765,-0.012893546372652054,-0.004137969575822353,0.04312674701213837,-0.08098164945840836,-0.022689104080200195,-0.0243846382945776,0.006667815614491701,-0.016615480184555054,0.0,0.0,0.28343769907951355,-0.13675512373447418,-0.028326528146862984,0.1801350861787796,0.19032277166843414,-0.06454060971736908,0.35972166061401367,0.7663763761520386,-1.4655424356460571,-47.61979675292969,0.09397095441818237,0.23537656664848328,0.10977280884981155,-0.14867769181728363,0.2127998173236847,-0.26176953315734863,0.16041350364685059,9.657180786132812,14.473504066467285,8.679012298583984,14.888819694519043,-0.05059570446610451,0.04599609225988388,0.016865234822034836,-0.07666015625,0.0,-0.04234369844198227,0.043368421494960785,0.009861455298960209,-0.06389734894037247,0.0,0.2009318619966507,0.24866899847984314,-9.744476318359375,0.14323656260967255,-0.26945483684539795,-8.654230117797852,0.0,0.0,0.0,0.0,0.0,0.0,0.0,0.0,0.0,0.0,0.0,0.0,-0.046324994415044785,0.04520406946539879,0.01204728428274393,-0.06622642278671265,0.23022645711898804,0.3354754149913788,0.21183079481124878,0.33903175592422485,2.0307133197784424,-0.9821112155914307,1.318130373954773,0.0,0.0,0.0,0.0,0.0,0.0,0.0
30147390767,0,-0.02184012345969677,-0.0013577031204476953,-0.8216292262077332,6.569455581484362e-05,-0.04113857448101044,-0.8442511558532715,-0.03484489396214485,-0.017865633592009544,-0.0011268591042608023,0.0438118539750576,-0.07956213504076004,-0.02262192964553833,-0.025839071720838547,0.006694811396300793,-0.012981195002794266,0.0,0.0,0.28343769907951355,-0.08918368071317673,-0.014492226764559746,0.18918795883655548,0.19783876836299896,-0.06656543910503387,0.352046400308609,0.8016112446784973,-1.4637629985809326,-47.76044845581055,0.0633423775434494,0.20483949780464172,0.10208743810653687,-0.14565744996070862,0.2070024162530899,-0.2601180076599121,0.16268417239189148,9.790410041809082,14.315821647644043,8.999421119689941,14.728548049926758,-0.05059570446610451,0.04752929508686066,0.016865234822034836,-0.07512695342302322,0.0,-0.04009377956390381,0.04490301012992859,0.008420941419899464,-0.06517502665519714,0.0,0.2009318619966507,0.24866899847984314,-9.744476318359375,0.14398574829101562,-0.257138192653656,-8.676451683044434,0.0,0.0,0.0,0.0,0.0,0.0,0.0,0.0,0.0,0.0,0.0,0.0,-0.04454822093248367,0.044788144528865814,0.010904552415013313,-0.06570962816476822,0.23704542219638824,0.32536646723747253,0.22117513418197632,0.33322352170944214,2.0737085342407227,0.4469151198863983,0.5514113903045654,0.0,0.0,0.0,0.0,0.0,0.0,0.0
30156756291,0,-0.02184012345969677,-0.0013577031204476953,-0.8216292262077332,6.569455581484362e-05,-0.04113857448101044,-0.8442511558532715,-0.03484489396214485,-0.017865633592009544,-0.0011268591042608023,0.0438118539750576,-0.07956213504076004,-0.02262192964553833,-0.025839071720838547,0.006694811396300793,-0.012981195002794266,0.0,0.0,0.28343769907951355,-0.08251899480819702,-0.00011746508243959397,0.1706562489271164,0.19783876836299896,-0.06656543910503387,0.352046400308609,0.8016112446784973,-1.4637629985809326,-47.76044845581055,0.0633423775434494,0.20483949780464172,0.10208743810653687,-0.14565744996070862,0.2070024162530899,-0.2601180076599121,0.16268417239189148,9.790410041809082,14.315821647644043,8.999421119689941,14.728548049926758,-0.04906250163912773,0.04752929508686066,0.016865234822034836,-0.07512695342302322,0.0,-0.04009377956390381,0.04490301012992859,0.008420941419899464,-0.06517502665519714,0.0,0.09127702564001083,0.40269866585731506,-9.959573745727539,0.14398574829101562,-0.257138192653656,-8.676451683044434,0.0,0.0,0.0,0.0,0.0,0.0,0.0,0.0,0.0,0.0,0.0,0.0,-0.04295621067285538,0.04453399032354355,0.009950703009963036,-0.06529787182807922,0.23704542219638824,0.32536646723747253,0.22117513418197632,0.33322352170944214,1.5650205612182617,0.9975225925445557,-0.703603982925415,0.0,0.0,0.0,0.0,0.0,0.0,0.0
30167675648,0,-0.021996812894940376,-0.0017220373265445232,-0.8216796517372131,6.569455581484362e-05,-0.04113857448101044,-0.8442511558532715,-0.031049923971295357,-0.021701887249946594,-0.0019589890725910664,0.044125232845544815,-0.07883346825838089,-0.02257150411605835,-0.026479844003915787,0.007027424871921539,-0.011060359887778759,0.0,0.0,0.28343769907951355,-0.08251899480819702,-0.00011746508243959397,0.1706562489271164,0.19895657896995544,-0.0693611279129982,0.3497306704521179,0.752172589302063,-1.3665411472320557,-47.679046630859375,0.06113015115261078,0.17989692091941833,0.12322516739368439,-0.14522123336791992,0.2046952098608017,-0.2591158151626587,0.16333793103694916,9.19713306427002,14.860054969787598,8.494040489196777,15.200146675109863,-0.04906250163912773,0.04752929508686066,0.015332031063735485,-0.07206054776906967,0.0,-0.04079153761267662,0.03979698196053505,0.006988830398768187,-0.05970117449760437,0.0,-0.07721548527479172,0.5042411684989929,-9.729178428649902,0.13675865530967712,-0.2484620213508606,-8.668917655944824,0.0,0.0,0.0,0.0,0.0,0.0,0.0,0.0,0.0,0.0,0.0,0.0,-0.04167723283171654,0.044241540133953094,0.009133240208029747,-0.06482017785310745,0.23704542219638824,0.32536646723747253,0.22117513418197632,0.33322352170944214,1.5650205612182617,0.9975225925445557,-0.703603982925415,0.0,0.0,0.0,0.0,0.0,0.0,0.0
30176483017,0,-0.021996812894940376,-0.0017220373265445232,-0.8216796517372131,6.569455581484362e-05,-0.04113857448101044,-0.8442511558532715,-0.031049923971295357,-0.021701887249946594,-0.0019589890725910664,0.044125232845544815,-0.07883346825838089,-0.02257150411605835,-0.026479844003915787,0.007027424871921539,-0.011060359887778759,0.0,0.0,0.28343769907951355,-0.03298702463507652,0.0028424744959920645,0.1937841773033142,0.19895657896995544,-0.0693611279129982,0.3497306704521179,0.7752178311347961,-1.3438857793807983,-47.64455032348633,0.0160837322473526,0.18201467394828796,0.08878692239522934,-0.14211633801460266,0.19950175285339355,-0.2565061151981354,0.16448187828063965,9.987594604492188,13.91579532623291,9.409461975097656,14.40222454071045,-0.04752929508686066,0.04752929508686066,0.013798828236758709,-0.07206054776906967,0.0,-0.03560455143451691,0.04275164753198624,0.00495038041844964,-0.06278784573078156,0.0,-0.07721548527479172,0.5042411684989929,-9.729178428649902,0.13675865530967712,-0.2484620213508606,-8.668917655944824,0.0,0.0,0.0,0.0,0.0,0.0,0.0,0.0,0.0,0.0,0.0,0.0,-0.04061330854892731,0.04364942014217377,0.008307527750730515,-0.06403554975986481,0.24098072946071625,0.3177206516265869,0.22941917181015015,0.32701388001441956,2.2942941188812256,0.24103255569934845,0.7343913316726685,0.0,0.0,0.0,0.0,0.0,0.0,0.0
30186454729,0,-0.022327635437250137,-0.0027166525833308697,-0.8217573165893555,6.569455581484362e-05,-0.04113857448101044,-0.8442511558532715,-0.03399098291993141,-0.023812243714928627,0.00048339818022213876,0.044786881655454636,-0.0768442302942276,-0.022493839263916016,-0.026321686804294586,0.007177690509706736,-0.004989210516214371,0.0,0.0,0.2934627830982208,-0.0032508710864931345,-4.7069079300854355e-06,0.21400119364261627,0.20554140210151672,-0.06923864036798477,0.35177934169769287,0.7891711592674255,-1.3264498710632324,-47.7844123840332,-0.014845430850982666,0.1854977011680603,0.06743216514587402,-0.14054858684539795,0.1972653567790985,-0.25521549582481384,0.16526472568511963,10.515518188476562,13.361352920532227,10.018628120422363,13.956398010253906,-0.04599609225988388,0.04292968660593033,0.010732421651482582,-0.0705273449420929,0.0,-0.032598260790109634,0.044562239199876785,0.0037117518950253725,-0.06458553671836853,0.0,-0.07721548527479172,0.5042411684989929,-9.729178428649902,0.1434856653213501,-0.2411727011203766,-8.688075065612793,0.0,0.0,0.0,0.0,0.0,0.0,0.0,0.0,0.0,0.0,0.0,0.0,-0.03926640748977661,0.04313976317644119,0.007318844553083181,-0.06335996836423874,0.2514761984348297,0.3070736527442932,0.24159939587116241,0.3184981644153595,2.6864471435546875,-0.0038453235756605864,1.379482626914978,0.0,0.0,0.0,0.0,0.0,0.0,0.0
30196532578,0,-0.022389641031622887,-0.0030712313018739223,-0.8217513561248779,6.569455581484362e-05,-0.04113857448101044,-0.8442511558532715,-0.030899524688720703,-0.029654275625944138,0.0018831349443644285,0.044910892844200134,-0.0761350691318512,-0.022499799728393555,-0.02639155462384224,0.007224308326840401,-0.0028824429027736187,0.0,0.0,0.2934627830982208,-0.0032508710864931345,-4.7069079300854355e-06,0.21400119364261627,0.20603352785110474,-0.06976094841957092,0.3552587032318115,0.7891711592674255,-1.3264498710632324,-47.7844123840332,-0.014845430850982666,0.1854977011680603,0.06743216514587402,-0.14054858684539795,0.1972653567790985,-0.25521549582481384,0.16526472568511963,10.515518188476562,13.361352920532227,10.018628120422363,13.956398010253906,-0.04292968660593033,0.04139648377895355,0.010732421651482582,-0.0705273449420929,0.0,-0.032598260790109634,0.044562239199876785,0.0037117518950253725,-0.06458553671836853,0.0,0.1783931404352188,-0.1900770515203476,-9.727373123168945,0.1373818963766098,-0.22838720679283142,-8.697000503540039,0.0,0.0,0.0,0.0,0.0,0.0,0.0,0.0,0.0,0.0,0.0,0.0,-0.037512216717004776,0.043068066239356995,0.006224130745977163,-0.06317093223333359,0.2514761984348297,0.3070736527442932,0.24159939587116241,0.3184981644153595,2.6864471435546875,-0.0038453235756605864,1.379482626914978,0.0,0.0,0.0,0.0,0.0,0.0,0.0
30206564987,0,-0.022389641031622887,-0.0030712313018739223,-0.8217513561248779,6.569455581484362e-05,-0.04113857448101044,-0.8442511558532715,-0.030899524688720703,-0.029654275625944138,0.0018831349443644285,0.044910892844200134,-0.0761350691318512,-0.022499799728393555,-0.02639155462384224,0.007224308326840401,-0.0028824429027736187,0.0,0.0,0.2934627830982208,0.041404131799936295,0.009129857644438744,0.23038730025291443,0.20603352785110474,-0.06976094841957092,0.3552587032318115,0.712205171585083,-1.2121007442474365,-47.84514617919922,-0.06180146336555481,0.16686004400253296,0.049121297895908356,-0.1376577466726303,0.1939043253660202,-0.2527201175689697,0.16690383851528168,10.889070510864258,12.873353004455566,10.590828895568848,13.55507755279541,-0.04139648377895355,0.039863280951976776,0.010732421651482582,-0.06899414211511612,0.0,-0.029976535588502884,0.04123769327998161,0.002559932880103588,-0.06126798316836357,0.0,0.1783931404352188,-0.1900770515203476,-9.727373123168945,0.1373818963766098,-0.22838720679283142,-8.697000503540039,0.0,0.0,0.0,0.0,0.0,0.0,0.0,0.0,0.0,0.0,0.0,0.0,-0.035621777176856995,0.04315515235066414,0.00516899861395359,-0.06318594515323639,0.25886765122413635,0.29765403270721436,0.25296878814697266,0.31080037355422974,2.513596296310425,0.36207032203674316,1.159302830696106,0.0,0.0,0.0,0.0,0.0,0.0,0.0
30216586204,0,-0.022464629262685776,-0.003724542213603854,-0.8217365741729736,6.569455581484362e-05,-0.04113857448101044,-0.8442511558532715,-0.027654992416501045,-0.03165776655077934,0.0023337113671004772,0.04506087303161621,-0.07482843846082687,-0.02251458168029785,-0.02548213303089142,0.007720785215497017,0.001226923894137144,0.0,0.0,0.3009815812110901,0.06884530186653137,0.010297032073140144,0.2235509604215622,0.19864295423030853,-0.07310950756072998,0.3503345251083374,0.7440731525421143,-1.1939150094985962,-47.75829315185547,-0.06180146336555481,0.16686004400253296,0.049121297895908356,-0.1376577466726303,0.1939043253660202,-0.2527201175689697,0.16690383851528168,10.455825805664062,13.16907787322998,10.257280349731445,13.933826446533203,-0.039863280951976776,0.039863280951976776,0.010732421651482582,-0.06899414211511612,0.0,-0.029525738209486008,0.04067877680063248,0.0009178913896903396,-0.05994841828942299,0.0,0.16738641262054443,0.1402527391910553,-9.778802871704102,0.13098086416721344,-0.22248287498950958,-8.697831153869629,0.0,0.0,0.0,0.0,0.0,0.0,0.0,0.0,0.0,0.0,0.0,0.0,-0.03375048562884331,0.042971741408109665,0.00414601294323802,-0.06293158233165741,0.25886765122413635,0.29765403270721436,0.25296878814697266,0.31080037355422974,1.7268365621566772,0.025786761194467545,0.1321999728679657,0.0,0.0,0.0,0.0,0.0,0.0,0.0
30226602108,0,-0.02249824069440365,-0.004302751738578081,-0.8217161893844604,6.569455581484362e-05,-0.04113857448101044,-0.8442511558532715,-0.0326680913567543,-0.030899442732334137,-0.0014681461034342647,0.045128095895051956,-0.07367201894521713,-0.022534966468811035,-0.024009840562939644,0.007989170961081982,0.005096551030874252,0.0,0.0,0.30599409341812134,0.06884530186653137,0.010297032073140144,0.2235509604215622,0.18678000569343567,-0.07469210773706436,0.3547115623950958,0.7440731525421143,-1.1939150094985962,-47.75829315185547,-0.0906410738825798,0.1646757423877716,0.06354124844074249,-0.13481858372688293,0.1939043253660202,-0.2527201175689697,0.16690383851528168,10.455825805664062,13.16907787322998,10.257280349731445,13.933826446533203,-0.036796875298023224,0.038330078125,0.010732421651482582,-0.06899414211511612,0.0,-0.02923046052455902,0.04091331735253334,0.0012187580578029156,-0.0597265288233757,0.0,0.16738641262054443,0.1402527391910553,-9.778802871704102,0.14089927077293396,-0.22263354063034058,-8.66742992401123,0.0,0.0,0.0,0.0,0.0,0.0,0.0,0.0,0.0,0.0,0.0,0.0,-0.0320577546954155,0.04249502718448639,0.003136849496513605,-0.06230664625763893,0.25886765122413635,0.29765403270721436,0.25296878814697266,0.31080037355422974,1.7268365621566772,0.025786761194467545,0.1321999728679657,0.0,0.0,0.0,0.0,0.0,0.0,0.0
30236873147,0,-0.02249824069440365,-0.004302751738578081,-0.8217161893844604,6.569455581484362e-05,-0.04113857448101044,-0.8442511558532715,-0.0326680913567543,-0.030899442732334137,-0.0014681461034342647,0.045128095895051956,-0.07367201894521713,-0.022534966468811035,-0.024009840562939644,0.007989170961081982,0.005096551030874252,0.0,0.0,0.30599409341812134,0.086903877556324,0.002458492759615183,0.20877866446971893,0.18678000569343567,-0.07469210773706436,0.3547115623950958,0.7749459743499756,-1.2244844436645508,-47.67086410522461,-0.11326897889375687,0.17534592747688293,0.08315765112638474,-0.13330423831939697,0.1913074105978012,-0.2499227523803711,0.1683257818222046,9.922515869140625,13.586711883544922,9.764165878295898,14.451821327209473,-0.03373046964406967,0.039863280951976776,0.009199218824505806,-0.06746093928813934,0.0,-0.030625224113464355,0.04137645289301872,0.0014379082713276148,-0.058974944055080414,0.0,0.34148260951042175,0.2914549708366394,-9.881776809692383,0.14089927077293396,-0.22263354063034058,-8.66742992401123,0.0,0.0,0.0,0.0,0.0,0.0,0.0,0.0,0.0,0.0,0.0,0.0,-0.03078150376677513,0.04197925329208374,0.00228282087482512,-0.06149875745177269,0.2502926290035248,0.30336782336235046,0.2463495433330536,0.3180658519268036,1.6688305139541626,-0.35688427090644836,-0.6225265860557556,0.0,0.0,0.0,0.0,0.0,0.0,0.0
30246599099,0,-0.022502891719341278,-0.004554972518235445,-0.8217144012451172,6.569455581484362e-05,-0.04113857448101044,-0.8442511558532715,-0.03071284480392933,-0.03623319789767265,-0.0009499937877990305,0.045137397944927216,-0.07316756993532181,-0.022536754608154297,-0.023225437849760056,0.00796444434672594,0.006890390999615192,0.0,0.0,0.30599409341812134,0.086903877556324,0.002458492759615183,0.20877866446971893,0.16691668331623077,-0.07165481895208359,0.35567063093185425,0.7749459743499756,-1.2244844436645508,-47.67086410522461,-0.11326897889375687,0.17534592747688293,0.08315765112638474,-0.13330423831939697,0.19019615650177002,-0.24847882986068726,0.16871732473373413,9.922515869140625,13.586711883544922,9.764165878295898,14.451821327209473,-0.032197266817092896,0.04139648377895355,0.009199218824505806,-0.06746093928813934,0.0,-0.030625224113464355,0.04137645289301872,0.0014379082713276148,-0.058974944055080414,0.0,0.3979488015174866,0.4490845501422882,-9.714804649353027,0.13700835406780243,-0.21125374734401703,-8.671370506286621,0.0,0.0,0.0,0.0,0.0,0.0,0.0,0.0,0.0,0.0,0.0,0.0,-0.030060652643442154,0.04159299284219742,0.001696780207566917,-0.060670386999845505,0.23968295753002167,0.3114084005355835,0.2365209311246872,0.3279589116573334,1.6688305139541626,-0.35688427090644836,-0.6225265860557556,0.0,0.0,0.0,0.0,0.0,0.0,0.0
30256547833,0,-0.022364875301718712,-0.00518624484539032,-0.8217127919197083,6.569455581484362e-05,-0.04113857448101044,-0.8442511558532715,-0.02867872454226017,-0.04030493646860123,0.0006624497473239899,0.044861361384391785,-0.07190501689910889,-0.022538363933563232,-0.019148625433444977,0.00826222077012062,0.012649467214941978,0.0,0.0,0.30599409341812134,0.12873032689094543,0.0045627704821527,0.19949041306972504,0.16691668331623077,-0.07165481895208359,0.35567063093185425,0.7749459743499756,-1.2244844436645508,-47.67086410522461,-0.11326897889375687,0.17534592747688293,0.08315765112638474,-0.13330423831939697,0.19019615650177002,-0.24847882986068726,0.16871732473373413,9.922515869140625,13.586711883544922,9.764165878295898,14.451821327209473,-0.032197266817092896,0.04139648377895355,0.009199218824505806,-0.06746093928813934,0.0,-0.030625224113464355,0.04137645289301872,0.0014379082713276148,-0.058974944055080414,0.0,0.3979488015174866,0.4490845501422882,-9.714804649353027,0.13232645392417908,-0.20160414278507233,-8.68323802947998,0.0,0.0,0.0,0.0,0.0,0.0,0.0,0.0,0.0,0.0,0.0,0.0,-0.029810305684804916,0.04136306792497635,0.0013607894070446491,-0.05995013192296028,0.23968295753002167,0.3114084005355835,0.2365209311246872,0.3279589116573334,1.8621020317077637,0.10889555513858795,-0.573665201663971,0.0,0.0,0.0,0.0,0.0,0.0,0.0
30266612466,0,-0.022364875301718712,-0.00518624484539032,-0.8217127919197083,6.569455581484362e-05,-0.04113857448101044,-0.8442511558532715,-0.02867872454226017,-0.04030493646860123,0.0006624497473239899,0.044861361384391785,-0.07190501689910889,-0.022538363933563232,-0.019148625433444977,0.00826222077012062,0.012649467214941978,0.0,0.0,0.30599409341812134,0.1755436509847641,0.015598790720105171,0.20193547010421753,0.1481131762266159,-0.07449798285961151,0.35169774293899536,0.7272814512252808,-1.1056164503097534,-47.76701354980469,-0.1899559497833252,0.16802829504013062,0.08154025673866272,-0.13049249351024628,0.18892520666122437,-0.24592305719852448,0.16875587403774261,9.981316566467285,13.050962448120117,10.381063461303711,14.304494857788086,-0.029130859300494194,0.044462889432907104,0.009199218824505806,-0.06746093928813934,0.0,-0.027615221217274666,0.038795191794633865,-0.0007781540625728667,-0.05524619296193123,0.0,-0.11894644796848297,-0.2930307686328888,-9.794364929199219,0.13232645392417908,-0.20160414278507233,-8.68323802947998,0.0,0.0,0.0,0.0,0.0,0.0,0.0,0.0,0.0,0.0,0.0,0.0,-0.029698697850108147,0.04113337770104408,0.0011075446382164955,-0.05924393609166145,0.23834098875522614,0.3090323209762573,0.24039582908153534,0.3296678364276886,2.0292770862579346,0.28707972168922424,-0.14551489055156708,0.0,0.0,0.0,0.0,0.0,0.0,0.0
30277293622,0,-0.022211598232388496,-0.005526517052203417,-0.8217171430587769,6.569455581484362e-05,-0.04113857448101044,-0.8442511558532715,-0.030067957937717438,-0.03929349035024643,-0.0045358650386333466,0.044554807245731354,-0.07122447341680527,-0.02253401279449463,-0.015326843596994877,0.008529188111424446,0.016444655135273933,0.0,0.0,0.30599409341812134,0.1755436509847641,0.015598790720105171,0.20193547010421753,0.11771614104509354,-0.07474571466445923,0.34717345237731934,0.7318589687347412,-1.1084721088409424,-47.66794204711914,-0.2669919431209564,0.14953099191188812,0.06954985111951828,-0.12747257947921753,0.18887166678905487,-0.2427462935447693,0.168306365609169,9.981316566467285,13.050962448120117,10.381063461303711,14.304494857788086,-0.027597656473517418,0.04292968660593033,0.009199218824505806,-0.06592773646116257,0.0,-0.027225222438573837,0.039248425513505936,-0.0005205891793593764,-0.05520036071538925,0.0,-0.11894644796848297,-0.2930307686328888,-9.794364929199219,0.13428868353366852,-0.20325152575969696,-8.64324951171875,0.0,0.0,0.0,0.0,0.0,0.0,0.0,0.0,0.0,0.0,0.0,0.0,-0.02938021533191204,0.040728937834501266,0.0007491459255106747,-0.05832882225513458,0.24085566401481628,0.30108773708343506,0.24880890548229218,0.3251502811908722,2.0292770862579346,0.28707972168922424,-0.14551489055156708,0.0,0.0,0.0,0.0,0.0,0.0,0.0
30286927982,0,-0.022211598232388496,-0.005526517052203417,-0.8217171430587769,6.569455581484362e-05,-0.04113857448101044,-0.8442511558532715,-0.030067957937717438,-0.03929349035024643,-0.0045358650386333466,0.044554807245731354,-0.07122447341680527,-0.02253401279449463,-0.015326843596994877,0.008529188111424446,0.016444655135273933,0.0,0.0,0.30599409341812134,0.1929994374513626,0.004839345812797546,0.20376257598400116,0.11771614104509354,-0.07474571466445923,0.34717345237731934,0.7385877370834351,-1.1178834438323975,-47.537872314453125,-0.3000674843788147,0.16801157593727112,0.06408155709505081,-0.12618662416934967,0.18887166678905487,-0.2427462935447693,0.168306365609169,10.063530921936035,12.801838874816895,10.50727653503418,14.214751243591309,-0.027597656473517418,0.04139648377895355,0.0076660155318677425,-0.06592773646116257,0.0,-0.026958081871271133,0.04056798666715622,-0.0002910380426328629,-0.05585280805826187,0.0,-0.2290150672197342,-0.12930883467197418,-9.982898712158203,0.13428868353366852,-0.20325152575969696,-8.64324951171875,0.0,0.0,0.0,0.0,0.0,0.0,0.0,0.0,0.0,0.0,0.0,0.0,-0.028831593692302704,0.040296800434589386,0.00033728801645338535,-0.05733368545770645,0.24085566401481628,0.30108773708343506,0.24880890548229218,0.3251502811908722,1.9592221975326538,-0.36066457629203796,-0.015952667221426964,0.0,0.0,0.0,0.0,0.0,0.0,0.0
30296849670,0,-0.02211926504969597,-0.00568227656185627,-0.8217236399650574,6.569455581484362e-05,-0.04113857448101044,-0.8442511558532715,-0.026772547513246536,-0.04015117138624191,-0.0043741250410676,0.0443701408803463,-0.07091295719146729,-0.02252751588821411,-0.013307529501616955,0.008326912298798561,0.018470389768481255,0.0,0.0,0.30599409341812134,0.1929994374513626,0.004839345812797546,0.20376257598400116,0.10181263089179993,-0.07216990739107132,0.34476137161254883,0.7385877370834351,-1.1178834438323975,-47.537872314453125,-0.3000674843788147,0.16801157593727112,0.06408155709505081,-0.12618662416934967,0.1892884522676468,-0.2414141744375229,0.16801369190216064,10.063530921936035,12.801838874816895,10.50727653503418,14.214751243591309,-0.027597656473517418,0.039863280951976776,0.0076660155318677425,-0.06439453363418579,0.0,-0.026958081871271133,0.04056798666715622,-0.0002910380426328629,-0.05585280805826187,0.0,-0.004061082843691111,-0.05620303004980087,-9.925724983215332,0.12729765474796295,-0.201180562376976,-8.646178245544434,0.0,0.0,0.0,0.0,0.0,0.0,0.0,0.0,0.0,0.0,0.0,0.0,-0.028228385373950005,0.04007343947887421,8.19844444777118e-06,-0.056540898978710175,0.24249398708343506,0.29626962542533875,0.2513129413127899,0.32343733310699463,1.9592221975326538,-0.36066457629203796,-0.015952667221426964,0.0,0.0,0.0,0.0,0.0,0.0,0.0
30306771741,0,-0.02211926504969597,-0.00568227656185627,-0.8217236399650574,6.569455581484362e-05,-0.04113857448101044,-0.8442511558532715,-0.026772547513246536,-0.04015117138624191,-0.0043741250410676,0.0443701408803463,-0.07091295719146729,-0.02252751588821411,-0.013307529501616955,0.008326912298798561,0.018470389768481255,0.0,0.0,0.30599409341812134,0.21594484150409698,-0.01712147518992424,0.21832306683063507,0.10181263089179993,-0.07216990739107132,0.34476137161254883,0.7385877370834351,-1.1178834438323975,-47.537872314453125,-0.3000674843788147,0.16801157593727112,0.06408155709505081,-0.12618662416934967,0.1892884522676468,-0.2414141744375229,0.16801369190216064,10.063530921936035,12.801838874816895,10.50727653503418,14.214751243591309,-0.029130859300494194,0.04139648377895355,0.006132812704890966,-0.06439453363418579,0.0,-0.026958081871271133,0.04056798666715622,-0.0002910380426328629,-0.05585280805826187,0.0,-0.004061082843691111,-0.05620303004980087,-9.925724983215332,0.12729765474796295,-0.201180562376976,-8.646178245544434,0.0,0.0,0.0,0.0,0.0,0.0,0.0,0.0,0.0,0.0,0.0,0.0,-0.027697313576936722,0.040054842829704285,-0.0002088690671371296,-0.05602401867508888,0.24249398708343506,0.29626962542533875,0.2513129413127899,0.32343733310699463,1.2976865768432617,-0.7550039291381836,0.48734986782073975,0.0,0.0,0.0,0.0,0.0,0.0,0.0
30316657961,0,-0.02178947627544403,-0.006001786794513464,-0.8216736316680908,6.569455581484362e-05,-0.04113857448101044,-0.8442511558532715,-0.017921604216098785,-0.038519248366355896,0.0012422618456184864,0.04394606128334999,-0.07049659639596939,-0.022543787956237793,-0.0071586607955396175,0.007606699597090483,0.024852516129612923,0.0,0.0,0.311006635427475,0.21594484150409698,-0.01712147518992424,0.21832306683063507,0.05335817486047745,-0.06362950801849365,0.3431602716445923,0.6678171753883362,-1.1052266359329224,-47.552490234375,-0.36251068115234375,0.19829553365707397,0.041846320033073425,-0.1219828650355339,0.19097201526165009,-0.2390357255935669,0.16746371984481812,10.473258018493652,12.24356746673584,10.980594635009766,13.901126861572266,-0.029130859300494194,0.04139648377895355,0.006132812704890966,-0.06286133080720901,0.0,-0.027429256588220596,0.04038119688630104,0.0020087759476155043,-0.0546598955988884,0.0,0.2298661321401596,0.17174506187438965,-9.750160217285156,0.11361803859472275,-0.19515515863895416,-8.684181213378906,0.0,0.0,0.0,0.0,0.0,0.0,0.0,0.0,0.0,0.0,0.0,0.0,-0.027321450412273407,0.040131766349077225,-0.0002246933290734887,-0.055683184415102005,0.24249398708343506,0.29626962542533875,0.2513129413127899,0.32343733310699463,1.2976865768432617,-0.7550039291381836,0.48734986782073975,0.0,0.0,0.0,0.0,0.0,0.0,0.0
30326496436,0,-0.02178947627544403,-0.006001786794513464,-0.8216736316680908,6.569455581484362e-05,-0.04113857448101044,-0.8442511558532715,-0.017921604216098785,-0.038519248366355896,0.0012422618456184864,0.04394606128334999,-0.07049659639596939,-0.022543787956237793,-0.0071586607955396175,0.007606699597090483,0.024852516129612923,0.0,0.0,0.311006635427475,0.21033023297786713,-0.02824988029897213,0.2194615751504898,0.03810282424092293,-0.06082892045378685,0.34895601868629456,0.594305157661438,-1.120975375175476,-47.80426788330078,-0.3679730296134949,0.21113160252571106,0.05063127726316452,-0.12055256962776184,0.19336313009262085,-0.23682059347629547,0.16688589751720428,10.427454948425293,12.359201431274414,10.947084426879883,14.113306999206543,-0.027597656473517418,0.04139648377895355,0.006132812704890966,-0.06132812425494194,0.0,-0.030428364872932434,0.0384753942489624,0.005039777606725693,-0.05227793753147125,0.0,0.04280763119459152,-0.012579548172652721,-9.859049797058105,0.11361803859472275,-0.19515515863895416,-8.684181213378906,0.0,0.0,0.0,0.0,0.0,0.0,0.0,0.0,0.0,0.0,0.0,0.0,-0.027273109182715416,0.04013632610440254,0.00021339094382710755,-0.055271878838539124,0.2536605894565582,0.28377217054367065,0.2643735110759735,0.3165803849697113,0.13960205018520355,-0.6985638737678528,0.08643762022256851,0.0,0.0,0.0,0.0,0.0,0.0,0.0
30336527377,0,-0.02178947627544403,-0.006001786794513464,-0.8216736316680908,6.569455581484362e-05,-0.04113857448101044,-0.8442511558532715,-0.017921604216098785,-0.038519248366355896,0.0012422618456184864,0.042884696274995804,-0.06979656219482422,-0.022695839405059814,-0.0071586607955396175,0.007606699597090483,0.024852516129612923,0.0,0.0,0.31852543354034424,0.2021867334842682,-0.04898717626929283,0.2162543535232544,0.03810282424092293,-0.06082892045378685,0.34895601868629456,0.594305157661438,-1.120975375175476,-47.80426788330078,-0.3679730296134949,0.21113160252571106,0.05063127726316452,-0.12055256962776184,0.19336313009262085,-0.23682059347629547,0.16688589751720428,10.427454948425293,12.359201431274414,10.947084426879883,14.113306999206543,-0.027597656473517418,0.04139648377895355,0.006132812704890966,-0.06132812425494194,0.0,-0.030428364872932434,0.0384753942489624,0.005039777606725693,-0.05227793753147125,0.0,0.04280763119459152,-0.012579548172652721,-9.859049797058105,0.09540199488401413,-0.21068984270095825,-8.669864654541016,0.0,0.0,0.0,0.0,0.0,0.0,0.0,0.0,0.0,0.0,0.0,0.0,-0.027693212032318115,0.03991999849677086,0.0011796201579272747,-0.054627012461423874,0.2497297078371048,0.2876792550086975,0.26001280546188354,0.3214995861053467,-0.20713722705841064,-1.3535503149032593,-0.09692632406949997,0.0,0.0,0.0,0.0,0.0,0.0,0.0
30346823110,0,-0.02137654647231102,-0.006240468472242355,-0.8215553164482117,6.569455581484362e-05,-0.04113857448101044,-0.8442511558532715,-0.012677603401243687,-0.03493482619524002,-0.0015034937532618642,0.042884696274995804,-0.06979656219482422,-0.022695839405059814,-0.001688562915660441,0.005884876940399408,0.030398856848478317,0.0,0.0,0.31852543354034424,0.2021867334842682,-0.04898717626929283,0.2162543535232544,0.010707184672355652,-0.04748023673892021,0.34555304050445557,0.5302633047103882,-1.1638702154159546,-47.66932678222656,-0.3690449893474579,0.24445128440856934,0.05150986462831497,-0.1191399022936821,0.1945822536945343,-0.23598966002464294,0.16641360521316528,10.421355247497559,12.295733451843262,10.842119216918945,14.154053688049316,-0.026064453646540642,0.039863280951976776,0.004599609412252903,-0.059794921427965164,0.0,-0.033928561955690384,0.038190558552742004,0.008717408403754234,-0.051489729434251785,0.0,0.2276918739080429,0.21313117444515228,-9.908670425415039,0.09540199488401413,-0.21068984270095825,-8.669864654541016,0.0,0.0,0.0,0.0,0.0,0.0,0.0,0.0,0.0,0.0,0.0,0.0,-0.02856600470840931,0.03953389450907707,0.002536783227697015,-0.0538400262594223,0.24960865080356598,0.28644436597824097,0.2579402029514313,0.3222782015800476,-0.20713722705841064,-1.3535503149032593,-0.09692632406949997,0.0,0.0,0.0,0.0,0.0,0.0,0.0
30357073492,0,-0.02137654647231102,-0.006240468472242355,-0.8215553164482117,6.569455581484362e-05,-0.04113857448101044,-0.8442511558532715,-0.012677603401243687,-0.03493482619524002,-0.0015034937532618642,0.042466338723897934,-0.06962035596370697,-0.02276664972305298,-0.001688562915660441,0.005884876940399408,0.030398856848478317,0.0,0.0,0.3260442316532135,0.18252533674240112,-0.07722611725330353,0.22448256611824036,0.010707184672355652,-0.04748023673892021,0.34555304050445557,0.47950756549835205,-1.1782068014144897,-47.71454620361328,-0.3819558024406433,0.2919233441352844,0.03547202795743942,-0.11656372249126434,0.19684134423732758,-0.23525407910346985,0.1654541790485382,10.888225555419922,11.81119441986084,11.19972038269043,13.855794906616211,-0.026064453646540642,0.039863280951976776,0.003066406352445483,-0.059794921427965164,0.0,-0.03433072194457054,0.0389043465256691,0.010744033381342888,-0.05146617442369461,0.0,0.2276918739080429,0.21313117444515228,-9.908670425415039,0.0807778611779213,-0.2092648595571518,-8.690141677856445,0.0,0.0,0.0,0.0,0.0,0.0,0.0,0.0,0.0,0.0,0.0,0.0,-0.029841875657439232,0.0391421914100647,0.0042685819789767265,-0.0530545599758625,0.258851021528244,0.27699050307273865,0.26499244570732117,0.31657126545906067,-0.736164927482605,-1.3909153938293457,0.27799192070961,0.0,0.0,0.0,0.0,0.0,0.0,0.0
30366681776,0,-0.021167369559407234,-0.0063285729847848415,-0.8214845061302185,6.569455581484362e-05,-0.04113857448101044,-0.8442511558532715,-0.0058783539570868015,-0.035536956042051315,0.000938431010581553,0.042466338723897934,-0.06962035596370697,-0.02276664972305298,0.00100350147113204,0.004399417899549007,0.03448044881224632,0.0,0.0,0.3260442316532135,0.16358819603919983,-0.07973404973745346,0.22646908462047577,-0.009950781241059303,-0.03446599468588829,0.34067243337631226,0.4442782402038574,-1.1509567499160767,-47.795780181884766,-0.36733877658843994,0.29375723004341125,0.03875184804201126,-0.11521031707525253,0.19796524941921234,-0.23513877391815186,0.16495415568351746,10.851572036743164,11.933505058288574,11.112983703613281,13.938352584838867,-0.027597656473517418,0.039863280951976776,0.0015332031762227416,-0.059794921427965164,0.0,-0.03457120433449745,0.03677636757493019,0.011214138008654118,-0.04946858435869217,0.0,0.5524536967277527,0.07529895007610321,-9.643311500549316,0.0807778611779213,-0.2092648595571518,-8.690141677856445,0.0,0.0,0.0,0.0,0.0,0.0,0.0,0.0,0.0,0.0,0.0,0.0,-0.031290218234062195,0.03877456113696098,0.006243392825126648,-0.05228409171104431,0.25812703371047974,0.27938124537467957,0.2632841169834137,0.3181527256965637,-1.233986735343933,-0.8260096907615662,0.22058650851249695,0.0,0.0,0.0,0.0,0.0,0.0,0.0
30379993869,0,-0.021058768033981323,-0.006372607313096523,-0.8214430212974548,6.569455581484362e-05,-0.04113857448101044,-0.8442511558532715,-0.006984521634876728,-0.033901188522577286,0.002859007101505995,0.04224913567304611,-0.06953228265047073,-0.02280813455581665,0.0020621365401893854,0.003820859594270587,0.036381762474775314,0.0,0.0,0.3260442316532135,0.16358819603919983,-0.07973404973745346,0.22646908462047577,-0.018125196918845177,-0.029375679790973663,0.34740447998046875,0.4442782402038574,-1.1509567499160767,-47.795780181884766,-0.36733877658843994,0.29375723004341125,0.03875184804201126,-0.11521031707525253,0.19796524941921234,-0.23513877391815186,0.16495415568351746,10.851572036743164,11.933505058288574,11.112983703613281,13.938352584838867,-0.027597656473517418,0.039863280951976776,0.003066406352445483,-0.059794921427965164,0.0,-0.03457120433449745,0.03677636757493019,0.011214138008654118,-0.04946858435869217,0.0,0.211085706949234,0.04337712749838829,-9.502755165100098,0.08233695477247238,-0.21269351243972778,-8.704719543457031,0.0,0.0,0.0,0.0,0.0,0.0,0.0,0.0,0.0,0.0,0.0,0.0,-0.03259686380624771,0.03832320496439934,0.00811017956584692,-0.05147778242826462,0.25812703371047974,0.27938124537467957,0.2632841169834137,0.3181527256965637,-1.233986735343933,-0.8260096907615662,0.22058650851249695,0.0,0.0,0.0,0.0,0.0,0.0,0.0
30386425330,0,-0.021058768033981323,-0.006372607313096523,-0.8214430212974548,6.569455581484362e-05,-0.04113857448101044,-0.8442511558532715,-0.006984521634876728,-0.033901188522577286,0.002859007101505995,0.04224913567304611,-0.06953228265047073,-0.02280813455581665,0.0020621365401893854,0.003820859594270587,0.036381762474775314,0.0,0.0,0.3260442316532135,0.07642009854316711,-0.10626936703920364,0.21877837181091309,-0.018125196918845177,-0.029375679790973663,0.34740447998046875,0.4442782402038574,-1.1509567499160767,-47.795780181884766,-0.36733877658843994,0.29375723004341125,0.03875184804201126,-0.11521031707525253,0.19796524941921234,-0.23513877391815186,0.16495415568351746,10.851572036743164,11.933505058288574,11.112983703613281,13.938352584838867,-0.027597656473517418,0.039863280951976776,0.004599609412252903,-0.059794921427965164,0.0,-0.03457120433449745,0.03677636757493019,0.011214138008654118,-0.04946858435869217,0.0,0.211085706949234,0.04337712749838829,-9.502755165100098,0.08233695477247238,-0.21269351243972778,-8.704719543457031,0.0,0.0,0.0,0.0,0.0,0.0,0.0,0.0,0.0,0.0,0.0,0.0,-0.03360380604863167,0.03781579062342644,0.009601051919162273,-0.05071048438549042,0.25812703371047974,0.27938124537467957,0.2632841169834137,0.3181527256965637,-2.6955926418304443,-1.1675587892532349,-0.06798986345529556,0.0,0.0,0.0,0.0,0.0,0.0,0.0
30396367477,0,-0.020661160349845886,-0.006469556130468845,-0.8213289380073547,6.569455581484362e-05,-0.04113857448101044,-0.8442511558532715,-0.010174188762903214,-0.029639391228556633,-0.00496170949190855,0.04145391657948494,-0.06933838874101639,-0.022922217845916748,0.0037224488332867622,0.0009300524834543467,0.042264193296432495,0.0,0.0,0.33105674386024475,0.07642009854316711,-0.10626936703920364,0.21877837181091309,-0.02997095137834549,-0.005673273000866175,0.34635990858078003,0.4588565230369568,-1.183883547782898,-47.65822982788086,-0.2789001762866974,0.34777891635894775,0.04500792175531387,-0.1116405799984932,0.1994650512933731,-0.23550724983215332,0.16299870610237122,10.879076957702637,12.108099937438965,10.703349113464355,14.005728721618652,-0.026064453646540642,0.039863280951976776,0.006132812704890966,-0.059794921427965164,0.0,-0.03472353518009186,0.037954602390527725,0.012612028047442436,-0.050153691321611404,0.0,-0.04061656817793846,0.31584587693214417,-9.99018383026123,0.08630619943141937,-0.2217218577861786,-8.645627975463867,0.0,0.0,0.0,0.0,0.0,0.0,0.0,0.0,0.0,0.0,0.0,0.0,-0.0342845693230629,0.03742878884077072,0.010696426033973694,-0.05013556033372879,0.25812703371047974,0.27938124537467957,0.2632841169834137,0.3181527256965637,-2.6955926418304443,-1.1675587892532349,-0.06798986345529556,0.0,0.0,0.0,0.0,0.0,0.0,0.0
30407372184,0,-0.020492900162935257,-0.006531991995871067,-0.8213054537773132,6.569455581484362e-05,-0.04113857448101044,-0.8442511558532715,-0.008187253959476948,-0.03057578206062317,-0.005392452701926231,0.04111739248037338,-0.06921351701021194,-0.022945702075958252,0.00393548421561718,-0.00027907019830308855,0.04458717629313469,0.0,0.0,0.3586256802082062,0.06256701797246933,-0.11100421845912933,0.2214566022157669,-0.03110872581601143,0.004006550647318363,0.3435741066932678,0.47468408942222595,-1.2194702625274658,-47.55095291137695,-0.265289306640625,0.3644102215766907,0.04385042190551758,-0.11090491712093353,0.1994650512933731,-0.23550724983215332,0.16299870610237122,10.927841186523438,12.047508239746094,10.658841133117676,13.954668998718262,-0.026064453646540642,0.038330078125,0.006132812704890966,-0.05826171860098839,0.0,-0.03513497859239578,0.03972199186682701,0.013395179994404316,-0.05158431828022003,0.0,0.09656661003828049,0.33207967877388,-9.85822868347168,0.08156317472457886,-0.21966737508773804,-8.644826889038086,0.0,0.0,0.0,0.0,0.0,0.0,0.0,0.0,0.0,0.0,0.0,0.0,-0.03471233323216438,0.03736266493797302,0.011560264974832535,-0.04989054426550865,0.25812703371047974,0.27938124537467957,0.2632841169834137,0.3181527256965637,-2.777094841003418,-1.1376245021820068,0.057433199137449265,0.0,0.0,0.0,0.0,0.0,0.0,0.0
30417158322,0,-0.020492900162935257,-0.006531991995871067,-0.8213054537773132,6.569455581484362e-05,-0.04113857448101044,-0.8442511558532715,-0.008187253959476948,-0.03057578206062317,-0.005392452701926231,0.04111739248037338,-0.06921351701021194,-0.022945702075958252,0.00393548421561718,-0.00027907019830308855,0.04458717629313469,0.0,0.0,0.3586256802082062,0.03729741647839546,-0.12081896513700485,0.23697370290756226,-0.037264641374349594,0.017975712195038795,0.3733900189399719,0.4485974609851837,-1.2081705331802368,-47.546546936035156,-0.2488032579421997,0.37829697132110596,0.042545512318611145,-0.10909108817577362,0.19910791516304016,-0.236972838640213,0.16147375106811523,11.007210731506348,12.017223358154297,10.64324951171875,13.917922019958496,-0.027597656473517418,0.038330078125,0.006132812704890966,-0.05672851577401161,0.0,-0.03517754375934601,0.03888554498553276,0.014091304503381252,-0.05062783136963844,0.0,0.09656661003828049,0.33207967877388,-9.85822868347168,0.08156317472457886,-0.21966737508773804,-8.644826889038086,0.0,0.0,0.0,0.0,0.0,0.0,0.0,0.0,0.0,0.0,0.0,0.0,-0.03498368710279465,0.037645384669303894,0.012319687753915787,-0.049972470849752426,0.25963294506073,0.28160712122917175,0.25431543588638306,0.31846508383750916,-1.9518110752105713,-0.7111741900444031,0.7579686641693115,0.0,0.0,0.0,0.0,0.0,0.0,0.0
30426709071,0,-0.020327256992459297,-0.006834892090409994,-0.8212459087371826,6.569455581484362e-05,-0.04113857448101044,-0.8442511558532715,-0.0022326819598674774,-0.02877473644912243,-0.008840495720505714,0.04078610613942146,-0.06860771030187607,-0.023005247116088867,0.004458390176296234,-0.002509825397282839,0.04933461919426918,0.0,0.0,0.3586256802082062,0.03729741647839546,-0.12081896513700485,0.23697370290756226,-0.037264641374349594,0.017975712195038795,0.3733900189399719,0.4485974609851837,-1.2081705331802368,-47.546546936035156,-0.2488032579421997,0.37829697132110596,0.042545512318611145,-0.10909108817577362,0.19910791516304016,-0.236972838640213,0.16147375106811523,11.007210731506348,12.017223358154297,10.64324951171875,13.917922019958496,-0.027597656473517418,0.036796875298023224,0.0076660155318677425,-0.05672851577401161,0.0,-0.03517754375934601,0.03888554498553276,0.014091304503381252,-0.05062783136963844,0.0,0.05554820969700813,-0.20391979813575745,-9.608550071716309,0.0685165524482727,-0.2219468653202057,-8.622176170349121,0.0,0.0,0.0,0.0,0.0,0.0,0.0,0.0,0.0,0.0,0.0,0.0,-0.03515095263719559,0.03805185854434967,0.012987980619072914,-0.05017782002687454,0.26119905710220337,0.2810159921646118,0.25400689244270325,0.31776154041290283,-1.9518110752105713,-0.7111741900444031,0.7579686641693115,0.0,0.0,0.0,0.0,0.0,0.0,0.0
30436842015,0,-0.02018626034259796,-0.007158047519624233,-0.8211756348609924,6.569455581484362e-05,-0.04113857448101044,-0.8442511558532715,0.0018805279396474361,-0.031257275491952896,-0.012020117603242397,0.04050410911440849,-0.06796139478683472,-0.023075520992279053,0.004699510056525469,-0.0046444423496723175,0.05386645719408989,0.0,0.0,0.3711570203304291,0.009292710572481155,-0.11982931941747665,0.24662309885025024,-0.03494418039917946,0.03921829164028168,0.38047805428504944,0.34915050864219666,-1.2009856700897217,-47.41576385498047,-0.22415287792682648,0.39523032307624817,0.04139108955860138,-0.10677672177553177,0.19910791516304016,-0.236972838640213,0.16147375106811523,11.06791877746582,11.96580982208252,10.574728965759277,13.844182014465332,-0.027597656473517418,0.036796875298023224,0.009199218824505806,-0.05672851577401161,0.0,-0.03770625591278076,0.03611022233963013,0.017505604773759842,-0.047989293932914734,0.0,0.05554820969700813,-0.20391979813575745,-9.608550071716309,0.05973060429096222,-0.2156451940536499,-8.603060722351074,0.0,0.0,0.0,0.0,0.0,0.0,0.0,0.0,0.0,0.0,0.0,0.0,-0.03535477817058563,0.03827757388353348,0.013677757233381271,-0.05024012550711632,0.26119905710220337,0.2810159921646118,0.25400689244270325,0.31776154041290283,-1.5586259365081787,-0.1827423870563507,0.7850770950317383,0.0,0.0,0.0,0.0,0.0,0.0,0.0
30447714452,0,-0.02018626034259796,-0.007158047519624233,-0.8211756348609924,6.569455581484362e-05,-0.04113857448101044,-0.8442511558532715,0.0018805279396474361,-0.031257275491952896,-0.012020117603242397,0.04050410911440849,-0.06796139478683472,-0.023075520992279053,0.004699510056525469,-0.0046444423496723175,0.05386645719408989,0.0,0.0,0.3711570203304291,0.009292710572481155,-0.11982931941747665,0.24662309885025024,-0.03494418039917946,0.03921829164028168,0.38047805428504944,0.34915050864219666,-1.2009856700897217,-47.41576385498047,-0.22415287792682648,0.39523032307624817,0.04139108955860138,-0.10677672177553177,0.19819776713848114,-0.23879998922348022,0.16022908687591553,11.06791877746582,11.96580982208252,10.574728965759277,13.844182014465332,-0.027597656473517418,0.03526367247104645,0.010732421651482582,-0.055195312947034836,0.0,-0.03770625591278076,0.03611022233963013,0.017505604773759842,-0.047989293932914734,0.0,0.23531390726566315,-0.1609669029712677,-10.20666217803955,0.05973060429096222,-0.2156451940536499,-8.603060722351074,0.0,0.0,0.0,0.0,0.0,0.0,0.0,0.0,0.0,0.0,0.0,0.0,-0.035772278904914856,0.03811667859554291,0.014565831050276756,-0.0499771423637867,0.262395977973938,0.2800121307373047,0.25264981389045715,0.3163489103317261,-1.5586259365081787,-0.1827423870563507,0.7850770950317383,0.0,0.0,0.0,0.0,0.0,0.0,0.0
30456361746,0,-0.020074952393770218,-0.007353682070970535,-0.8211452960968018,6.569455581484362e-05,-0.04113857448101044,-0.8442511558532715,0.0028158146888017654,-0.02481580525636673,-0.011000299826264381,0.040281493216753006,-0.06757012009620667,-0.023105859756469727,0.004253460094332695,-0.005881038960069418,0.056108132004737854,0.0,0.0,0.3962196707725525,-0.04079876095056534,-0.12856344878673553,0.2574545741081238,-0.030803564935922623,0.04879073053598404,0.3777911067008972,0.3110644817352295,-1.2528998851776123,-47.37644577026367,-0.159620001912117,0.43082529306411743,0.0491441935300827,-0.10434780269861221,0.19819776713848114,-0.23879998922348022,0.16022908687591553,11.0194730758667,12.192449569702148,10.215899467468262,13.983596801757812,-0.027597656473517418,0.03373046964406967,0.013798828236758709,-0.055195312947034836,0.0,-0.04052216187119484,0.03605661913752556,0.021494386717677116,-0.047671493142843246,0.0,0.27025899291038513,0.5358495116233826,-10.087472915649414,0.05655717849731445,-0.22779998183250427,-8.613899230957031,0.0,0.0,0.0,0.0,0.0,0.0,0.0,0.0,0.0,0.0,0.0,0.0,-0.0364643819630146,0.03766482695937157,0.01572907343506813,-0.0494663268327713,0.262395977973938,0.2800121307373047,0.25264981389045715,0.3163489103317261,-2.0433173179626465,-0.32942894101142883,0.6840823292732239,0.0,0.0,0.0,0.0,0.0,0.0,0.0
30468174878,0,-0.020074952393770218,-0.007353682070970535,-0.8211452960968018,6.569455581484362e-05,-0.04113857448101044,-0.8442511558532715,0.0028158146888017654,-0.02481580525636673,-0.011000299826264381,0.040281493216753006,-0.06757012009620667,-0.023105859756469727,0.004253460094332695,-0.005881038960069418,0.056108132004737854,0.0,0.0,0.3962196707725525,-0.0636650025844574,-0.12310309708118439,0.2637365758419037,-0.030803564935922623,0.04879073053598404,0.3777911067008972,0.2939322292804718,-1.2773215770721436,-47.49992370605469,-0.12580600380897522,0.43000292778015137,0.04223320633172989,-0.1031544879078865,0.19621306657791138,-0.24133309721946716,0.15909646451473236,11.274880409240723,12.10305404663086,10.368284225463867,13.789072036743164,-0.029130859300494194,0.032197266817092896,0.015332031063735485,-0.05366211012005806,0.0,-0.040792688727378845,0.03664339706301689,0.022720877081155777,-0.048437461256980896,0.0,0.27025899291038513,0.5358495116233826,-10.087472915649414,0.05655717849731445,-0.22779998183250427,-8.613899230957031,0.0,0.0,0.0,0.0,0.0,0.0,0.0,0.0,0.0,0.0,0.0,0.0,-0.0374361127614975,0.037175387144088745,0.017237596213817596,-0.048933904618024826,0.2614409923553467,0.2844332754611969,0.24552693963050842,0.3190186321735382,-2.0780351161956787,0.07244397699832916,0.6251356601715088,0.0,0.0,0.0,0.0,0.0,0.0,0.0
30476647232,0,-0.01977011002600193,-0.007697274908423424,-0.8211104869842529,6.569455581484362e-05,-0.04113857448101044,-0.8442511558532715,0.006784976925700903,-0.025470007210969925,-0.00616192352026701,0.03967180475592613,-0.06688293069601059,-0.023140668869018555,0.0024899174459278584,-0.00800835806876421,0.060649190098047256,0.0,0.0,0.3962196707725525,-0.0636650025844574,-0.12310309708118439,0.2637365758419037,-0.015480242669582367,0.06485050916671753,0.40236687660217285,0.2939322292804718,-1.2773215770721436,-47.49992370605469,-0.12580600380897522,0.43000292778015137,0.04223320633172989,-0.1031544879078865,0.19477111101150513,-0.24277375638484955,0.15864264965057373,11.274880409240723,12.10305404663086,10.368284225463867,13.789072036743164,-0.029130859300494194,0.03373046964406967,0.015332031063735485,-0.05366211012005806,0.0,-0.040792688727378845,0.03664339706301689,0.022720877081155777,-0.048437461256980896,0.0,0.27025899291038513,0.5358495116233826,-10.087472915649414,0.04709826409816742,-0.2249469757080078,-8.654414176940918,0.0,0.0,0.0,0.0,0.0,0.0,0.0,0.0,0.0,0.0,0.0,0.0,-0.038520921021699905,0.03680943697690964,0.018934741616249084,-0.04854511097073555,0.2664712369441986,0.28269052505493164,0.2485550045967102,0.3152923882007599,-2.0780351161956787,0.07244397699832916,0.6251356601715088,0.0,0.0,0.0,0.0,0.0,0.0,0.0
30486514288,0,-0.019528856500983238,-0.008322992362082005,-0.8210932612419128,6.569455581484362e-05,-0.04113857448101044,-0.8442511558532715,0.007809293456375599,-0.027472345158457756,-0.006582514848560095,0.03918929770588875,-0.06563149392604828,-0.023157894611358643,0.00045222375774756074,-0.009568209759891033,0.06559661775827408,0.0,0.0,0.411257266998291,-0.07736600935459137,-0.10123349726200104,0.27984780073165894,-0.015480242669582367,0.06485050916671753,0.40236687660217285,0.2493484616279602,-1.217653512954712,-47.65423583984375,-0.12580600380897522,0.43000292778015137,0.04223320633172989,-0.1031544879078865,0.19477111101150513,-0.24277375638484955,0.15864264965057373,11.466104507446289,12.05898380279541,10.531586647033691,13.630868911743164,-0.029130859300494194,0.03373046964406967,0.013798828236758709,-0.05366211012005806,0.0,-0.039646510034799576,0.03371893987059593,0.02186199277639389,-0.04629296064376831,0.0,0.27025899291038513,0.5358495116233826,-10.087472915649414,0.04409448802471161,-0.2185581922531128,-8.650883674621582,0.0,0.0,0.0,0.0,0.0,0.0,0.0,0.0,0.0,0.0,0.0,0.0,-0.03942076489329338,0.0364639088511467,0.02042844146490097,-0.04823510721325874,0.2664712369441986,0.28269052505493164,0.2485550045967102,0.3152923882007599,-1.0134243965148926,0.816028892993927,0.7300936579704285,0.0,0.0,0.0,0.0,0.0,0.0,0.0
30496704067,0,-0.019528856500983238,-0.008322992362082005,-0.8210932612419128,6.569455581484362e-05,-0.04113857448101044,-0.8442511558532715,0.007809293456375599,-0.027472345158457756,-0.006582514848560095,0.039002761244773865,-0.06487947702407837,-0.02316516637802124,0.00045222375774756074,-0.009568209759891033,0.06559661775827408,0.0,0.0,0.4563700258731842,-0.07919088751077652,-0.09531101584434509,0.2805365324020386,0.0016679860418662429,0.07613370567560196,0.4144551753997803,0.2493484616279602,-1.217653512954712,-47.65423583984375,-0.10263177752494812,0.41438063979148865,0.036699384450912476,-0.10114840418100357,0.19180001318454742,-0.24517372250556946,0.15810361504554749,11.466104507446289,12.05898380279541,10.531586647033691,13.630868911743164,-0.029130859300494194,0.03526367247104645,0.015332031063735485,-0.055195312947034836,0.0,-0.03945618495345116,0.03389986231923103,0.022069083526730537,-0.046132829040288925,0.0,0.025102077051997185,0.054055772721767426,-9.929776191711426,0.03932972997426987,-0.214138925075531,-8.63553524017334,0.0,0.0,0.0,0.0,0.0,0.0,0.0,0.0,0.0,0.0,0.0,0.0,-0.03994906693696976,0.035930708050727844,0.02147676609456539,-0.04781580716371536,0.27022838592529297,0.2818308472633362,0.2517947852611542,0.3122565448284149,-0.5361149907112122,0.6512355804443359,0.3946429491043091,0.0,0.0,0.0,0.0,0.0,0.0,0.0
30506128536,0,-0.019435590133070946,-0.008698998019099236,-0.8210859894752502,6.569455581484362e-05,-0.04113857448101044,-0.8442511558532715,0.01007765531539917,-0.028843067586421967,-0.008603230118751526,0.039002761244773865,-0.06487947702407837,-0.02316516637802124,-0.00023480136587750167,-0.010373988188803196,0.06800039857625961,0.0,0.0,0.4563700258731842,-0.07737084478139877,-0.09030542522668839,0.2818569839000702,0.00751965818926692,0.0821506455540657,0.41158077120780945,0.24251967668533325,-1.2020699977874756,-47.57986068725586,-0.09790147095918655,0.41746875643730164,0.03653256595134735,-0.1000031977891922,0.1899731606245041,-0.24651946127414703,0.1578073799610138,11.465771675109863,12.036529541015625,10.503812789916992,13.605971336364746,-0.027597656473517418,0.03526367247104645,0.018398437649011612,-0.05366211012005806,0.0,-0.03907852992415428,0.03340790793299675,0.021951232105493546,-0.04554271697998047,0.0,0.247976154088974,0.045237984508275986,-9.807602882385254,0.03932972997426987,-0.214138925075531,-8.63553524017334,0.0,0.0,0.0,0.0,0.0,0.0,0.0,0.0,0.0,0.0,0.0,0.0,-0.0401092991232872,0.035262688994407654,0.022086653858423233,-0.047279201447963715,0.2702219486236572,0.28139275312423706,0.25124427676200867,0.3117782771587372,-0.1836615949869156,0.5769418478012085,0.2901866137981415,0.0,0.0,0.0,0.0,0.0,0.0,0.0
30516484185,0,-0.019171271473169327,-0.00990214291960001,-0.8211033940315247,6.569455581484362e-05,-0.04113857448101044,-0.8442511558532715,0.008862406015396118,-0.026915833353996277,-0.015228580683469772,0.03847412392497063,-0.062473177909851074,-0.023147761821746826,-0.0019476074958220124,-0.012202790938317776,0.0761878490447998,0.0,0.0,0.47140762209892273,-0.07757608592510223,-0.07345154881477356,0.29038968682289124,0.00751965818926692,0.0821506455540657,0.41158077120780945,0.24251967668533325,-1.2020699977874756,-47.57986068725586,-0.09790147095918655,0.41746875643730164,0.03653256595134735,-0.1000031977891922,0.1899731606245041,-0.24651946127414703,0.1578073799610138,11.465771675109863,12.036529541015625,10.503812789916992,13.605971336364746,-0.027597656473517418,0.03373046964406967,0.018398437649011612,-0.05366211012005806,0.0,-0.03907852992415428,0.03340790793299675,0.021951232105493546,-0.04554271697998047,0.0,0.247976154088974,0.045237984508275986,-9.807602882385254,0.04032965376973152,-0.21379521489143372,-8.589692115783691,0.0,0.0,0.0,0.0,0.0,0.0,0.0,0.0,0.0,0.0,0.0,0.0,-0.040015317499637604,0.03461458534002304,0.022367050871253014,-0.04672209173440933,0.2702219486236572,0.28139275312423706,0.25124427676200867,0.3117782771587372,-0.11647362262010574,1.108633041381836,0.6263734698295593,0.0,0.0,0.0,0.0,0.0,0.0,0.0
30526180010,0,-0.019171271473169327,-0.00990214291960001,-0.8211033940315247,6.569455581484362e-05,-0.04113857448101044,-0.8442511558532715,0.008862406015396118,-0.026915833353996277,-0.015228580683469772,0.03847412392497063,-0.062473177909851074,-0.023147761821746826,-0.0019476074958220124,-0.012202790938317776,0.0761878490447998,0.0,0.0,0.47140762209892273,-0.07757608592510223,-0.07345154881477356,0.29038968682289124,0.022807445377111435,0.09555527567863464,0.4557846486568451,0.22974370419979095,-1.1727403402328491,-47.303279876708984,-0.08888072520494461,0.40834665298461914,0.06042546033859253,-0.09771981835365295,0.18636150658130646,-0.24928568303585052,0.1569768190383911,10.796528816223145,12.595795631408691,9.83942985534668,14.104639053344727,-0.029130859300494194,0.03066406212747097,0.018398437649011612,-0.05366211012005806,0.0,-0.040729619562625885,0.030938731506466866,0.023091038689017296,-0.0426989383995533,0.0,-0.08158833533525467,0.10237167030572891,-10.105499267578125,0.04032965376973152,-0.21379521489143372,-8.589692115783691,0.0,0.0,0.0,0.0,0.0,0.0,0.0,0.0,0.0,0.0,0.0,0.0,-0.03987240418791771,0.033959269523620605,0.022480804473161697,-0.046099282801151276,0.2570391893386841,0.29227566719055176,0.23802463710308075,0.3213338255882263,-0.11647362262010574,1.108633041381836,0.6263734698295593,0.0,0.0,0.0,0.0,0.0,0.0,0.0
30536343151,0,-0.019171271473169327,-0.00990214291960001,-0.8211033940315247,6.569455581484362e-05,-0.04113857448101044,-0.8442511558532715,0.008862406015396118,-0.026915833353996277,-0.015228580683469772,0.03847412392497063,-0.062473177909851074,-0.023147761821746826,-0.0019476074958220124,-0.012202790938317776,0.0761878490447998,0.0,0.0,0.47140762209892273,-0.07374005019664764,-0.02120775543153286,0.3170904219150543,0.022807445377111435,0.09555527567863464,0.4557846486568451,0.21054735779762268,-1.1539835929870605,-47.18696212768555,-0.0767563059926033,0.3431220054626465,0.039058104157447815,-0.09559261053800583,0.1830301284790039,-0.2511202096939087,0.15657101571559906,11.221501350402832,12.150066375732422,10.425213813781738,13.42326545715332,-0.03066406212747097,0.029130859300494194,0.018398437649011612,-0.052128907293081284,0.0,-0.03899397701025009,0.031159553676843643,0.02203010767698288,-0.04369474947452545,0.0,-0.08158833533525467,0.10237167030572891,-10.105499267578125,0.04032965376973152,-0.21379521489143372,-8.589692115783691,0.0,0.0,0.0,0.0,0.0,0.0,0.0,0.0,0.0,0.0,0.0,0.0,-0.03980405628681183,0.03320369869470596,0.022547829896211624,-0.04534264653921127,0.26542094349861145,0.2836071252822876,0.24968528747558594,0.30826547741889954,0.09854623675346375,2.255218982696533,1.196509838104248,0.0,0.0,0.0,0.0,0.0,0.0,0.0
30546389971,0,-0.018922127783298492,-0.01075597945600748,-0.8211705684661865,6.569455581484362e-05,-0.04113857448101044,-0.8442511558532715,0.014308595098555088,-0.027216598391532898,-0.019144464284181595,0.03797583281993866,-0.060765497386455536,-0.02308058738708496,-0.0032908867578953505,-0.012033943086862564,0.08233898878097534,0.0,0.0,0.5014828443527222,-0.07225481420755386,-0.007242627441883087,0.31578144431114197,0.03351924195885658,0.09334623068571091,0.46642589569091797,0.15668246150016785,-1.1506596803665161,-47.0994987487793,-0.07114017754793167,0.3348652422428131,0.06989514827728271,-0.09445855021476746,0.18123869597911835,-0.2517188787460327,0.156436949968338,10.422621726989746,12.922025680541992,9.638108253479004,14.150312423706055,-0.03066406212747097,0.029130859300494194,0.019931640475988388,-0.05059570446610451,0.0,-0.04358213394880295,0.02782762609422207,0.025812044739723206,-0.03993110731244087,0.0,-0.08158833533525467,0.10237167030572891,-10.105499267578125,0.02848771959543228,-0.2092108577489853,-8.563545227050781,0.0,0.0,0.0,0.0,0.0,0.0,0.0,0.0,0.0,0.0,0.0,0.0,-0.03991268575191498,0.032291002571582794,0.022708669304847717,-0.044446881860494614,0.26542094349861145,0.2836071252822876,0.24968528747558594,0.30826547741889954,0.0968649834394455,1.765972375869751,0.5685635209083557,0.0,0.0,0.0,0.0,0.0,0.0,0.0
30557236803,0,-0.01881510391831398,-0.011223933659493923,-0.8212145566940308,6.569455581484362e-05,-0.04113857448101044,-0.8442511558532715,0.01908133737742901,-0.03011971339583397,-0.019625866785645485,0.037761785089969635,-0.059829577803611755,-0.023036599159240723,-0.0038861562497913837,-0.012134412303566933,0.08502174913883209,0.0,0.0,0.5014828443527222,-0.07225481420755386,-0.007242627441883087,0.31578144431114197,0.03881235420703888,0.09356345236301422,0.4991936981678009,0.15668246150016785,-1.1506596803665161,-47.0994987487793,-0.07114017754793167,0.3348652422428131,0.06989514827728271,-0.09445855021476746,0.18123869597911835,-0.2517188787460327,0.156436949968338,10.422621726989746,12.922025680541992,9.638108253479004,14.150312423706055,-0.029130859300494194,0.029130859300494194,0.021464843302965164,-0.04906250163912773,0.0,-0.04358213394880295,0.02782762609422207,0.025812044739723206,-0.03993110731244087,0.0,0.25751516222953796,0.023017259314656258,-10.039022445678711,0.019039183855056763,-0.20085251331329346,-8.561942100524902,0.0,0.0,0.0,0.0,0.0,0.0,0.0,0.0,0.0,0.0,0.0,0.0,-0.040431566536426544,0.031172219663858414,0.023185962811112404,-0.043346673250198364,0.24963374435901642,0.29859569668769836,0.23400025069713593,0.32220664620399475,0.0968649834394455,1.765972375869751,0.5685635209083557,0.0,0.0,0.0,0.0,0.0,0.0,0.0
30566456331,0,-0.01881510391831398,-0.011223933659493923,-0.8212145566940308,6.569455581484362e-05,-0.04113857448101044,-0.8442511558532715,0.01908133737742901,-0.03011971339583397,-0.019625866785645485,0.03734393045306206,-0.05797493830323219,-0.02289295196533203,-0.0038861562497913837,-0.012134412303566933,0.08502174913883209,0.0,0.0,0.5140141248703003,-0.06597759574651718,0.0032732707913964987,0.3246058225631714,0.03881235420703888,0.09356345236301422,0.4991936981678009,0.08393527567386627,-1.108564853668213,-47.0239372253418,-0.06870321929454803,0.3331190347671509,0.0568353608250618,-0.09234283864498138,0.17797353863716125,-0.2527444660663605,0.15599435567855835,10.735577583312988,12.577672004699707,9.941396713256836,13.800169944763184,-0.029130859300494194,0.03066406212747097,0.02299804612994194,-0.04906250163912773,0.0,-0.04310687631368637,0.02554325945675373,0.02634628675878048,-0.03783357888460159,0.0,0.25751516222953796,0.023017259314656258,-10.039022445678711,0.011519060470163822,-0.20156346261501312,-8.530900001525879,0.0,0.0,0.0,0.0,0.0,0.0,0.0,0.0,0.0,0.0,0.0,0.0,-0.041246198117733,0.029899436980485916,0.023929931223392487,-0.04207855090498924,0.25583404302597046,0.29192399978637695,0.2400594800710678,0.3155052065849304,0.199592724442482,0.9593539237976074,0.5280784368515015,0.0,0.0,0.0,0.0,0.0,0.0,0.0
30576396105,0,-0.01860617846250534,-0.01215125061571598,-0.8213582038879395,6.569455581484362e-05,-0.04113857448101044,-0.8442511558532715,0.022277455776929855,-0.02771950140595436,-0.024148885160684586,0.03734393045306206,-0.05797493830323219,-0.02289295196533203,-0.004715403541922569,-0.012156374752521515,0.09079433977603912,0.0,0.0,0.5140141248703003,-0.055580589920282364,0.04085763171315193,0.3452536165714264,0.045288652181625366,0.093241386115551,0.492296040058136,0.014893313869833946,-1.1144129037857056,-46.84164047241211,-0.06870321929454803,0.3331190347671509,0.0568353608250618,-0.09234283864498138,0.17797353863716125,-0.2527444660663605,0.15599435567855835,10.935393333435059,12.287720680236816,10.29908275604248,13.34782600402832,-0.029130859300494194,0.03066406212747097,0.02299804612994194,-0.04906250163912773,0.0,-0.04474231228232384,0.02432727813720703,0.028002869337797165,-0.03744126483798027,0.0,0.19865866005420685,0.18810246884822845,-10.193687438964844,0.011519060470163822,-0.20156346261501312,-8.530900001525879,0.0,0.0,0.0,0.0,0.0,0.0,0.0,0.0,0.0,0.0,0.0,0.0,-0.042087554931640625,0.02851891703903675,0.024793485179543495,-0.040750231593847275,0.25583404302597046,0.29192399978637695,0.2400594800710678,0.3155052065849304,0.29545074701309204,1.6478296518325806,0.6353971362113953,0.0,0.0,0.0,0.0,0.0,0.0,0.0
30588079908,0,-0.018387090414762497,-0.013018875382840633,-0.8215932250022888,6.569455581484362e-05,-0.04113857448101044,-0.8442511558532715,0.02658303640782833,-0.028207670897245407,-0.02962120808660984,0.03690575435757637,-0.05623967945575714,-0.022657930850982666,-0.005862562917172909,-0.011120850220322609,0.0969025269150734,0.0,0.0,0.5566206574440002,-0.055580589920282364,0.04085763171315193,0.3452536165714264,0.057741932570934296,0.08139654248952866,0.5489541888237,0.014893313869833946,-1.1144129037857056,-46.84164047241211,-0.06818672269582748,0.2802504599094391,0.043868109583854675,-0.09007570892572403,0.17462337017059326,-0.2533667981624603,0.15590044856071472,10.935393333435059,12.287720680236816,10.29908275604248,13.34782600402832,-0.029130859300494194,0.03066406212747097,0.02299804612994194,-0.04906250163912773,0.0,-0.04451674595475197,0.024527885019779205,0.028242234140634537,-0.03725651651620865,0.0,0.04304958134889603,-0.09161728620529175,-9.981903076171875,0.0022601811215281487,-0.19649291038513184,-8.49293327331543,0.0,0.0,0.0,0.0,0.0,0.0,0.0,0.0,0.0,0.0,0.0,0.0,-0.04290536418557167,0.027131836861371994,0.025745030492544174,-0.03949593007564545,0.25978222489356995,0.28628841042518616,0.24718059599399567,0.3068132996559143,0.29545074701309204,1.6478296518325806,0.6353971362113953,0.0,0.0,0.0,0.0,0.0,0.0,0.0
30596458938,0,-0.018387090414762497,-0.013018875382840633,-0.8215932250022888,6.569455581484362e-05,-0.04113857448101044,-0.8442511558532715,0.02658303640782833,-0.028207670897245407,-0.02962120808660984,0.03690575435757637,-0.05623967945575714,-0.022657930850982666,-0.005862562917172909,-0.011120850220322609,0.0969025269150734,0.0,0.0,0.5566206574440002,-0.052308935672044754,0.05108604580163956,0.34880754351615906,0.059207234531641006,0.07756967097520828,0.5450671911239624,0.01243099570274353,-1.080711007118225,-46.71113204956055,-0.06417760998010635,0.26541829109191895,0.07804813235998154,-0.08911170810461044,0.1732454001903534,-0.2533586323261261,0.15591047704219818,10.028839111328125,13.141951560974121,9.43106746673584,14.1392240524292,-0.029130859300494194,0.03066406212747097,0.024531250819563866,-0.04906250163912773,0.0,-0.04733667150139809,0.022039873525500298,0.02978188917040825,-0.0341913215816021,0.0,0.04304958134889603,-0.09161728620529175,-9.981903076171875,0.0022601811215281487,-0.19649291038513184,-8.49293327331543,0.0,0.0,0.0,0.0,0.0,0.0,0.0,0.0,0.0,0.0,0.0,0.0,-0.04374540597200394,0.02584512159228325,0.026733797043561935,-0.03833293542265892,0.25978222489356995,0.28628841042518616,0.24718059599399567,0.3068132996559143,0.22818417847156525,1.4208101034164429,0.4070979356765747,0.0,0.0,0.0,0.0,0.0,0.0,0.0
30606257410,0,-0.01825922727584839,-0.01345091499388218,-0.8217390775680542,6.569455581484362e-05,-0.04113857448101044,-0.8442511558532715,0.03022177517414093,-0.029027078300714493,-0.02995656616985798,0.036650024354457855,-0.0553755946457386,-0.022512078285217285,-0.006508138962090015,-0.010366960428655148,0.09987347573041916,0.0,0.0,0.5566206574440002,-0.052308935672044754,0.05108604580163956,0.34880754351615906,0.059207234531641006,0.07756967097520828,0.5450671911239624,0.01243099570274353,-1.080711007118225,-46.71113204956055,-0.06417760998010635,0.26541829109191895,0.07804813235998154,-0.08911170810461044,0.1732454001903534,-0.2533586323261261,0.15591047704219818,10.028839111328125,13.141951560974121,9.43106746673584,14.1392240524292,-0.029130859300494194,0.029130859300494194,0.024531250819563866,-0.04752929508686066,0.0,-0.04733667150139809,0.022039873525500298,0.02978188917040825,-0.0341913215816021,0.0,0.03893488273024559,0.1327357441186905,-10.052987098693848,-0.005322581622749567,-0.19245052337646484,-8.492794036865234,0.0,0.0,0.0,0.0,0.0,0.0,0.0,0.0,0.0,0.0,0.0,0.0,-0.044691141694784164,0.024624904617667198,0.027711516246199608,-0.03713811933994293,0.2418029010295868,0.30284446477890015,0.2298525720834732,0.32199472188949585,0.22818417847156525,1.4208101034164429,0.4070979356765747,0.0,0.0,0.0,0.0,0.0,0.0,0.0
30617211235,0,-0.01825922727584839,-0.01345091499388218,-0.8217390775680542,6.569455581484362e-05,-0.04113857448101044,-0.8442511558532715,0.03022177517414093,-0.029027078300714493,-0.02995656616985798,0.036650024354457855,-0.0553755946457386,-0.022512078285217285,-0.006508138962090015,-0.010366960428655148,0.09987347573041916,0.0,0.0,0.5566206574440002,-0.052308935672044754,0.05108604580163956,0.34880754351615906,0.0664767250418663,0.0706925094127655,0.5397900342941284,-0.024148941040039062,-1.0391807556152344,-46.67893981933594,-0.07010942697525024,0.2666056454181671,0.06702271848917007,-0.08797972649335861,0.17166009545326233,-0.2532868981361389,0.15584520995616913,10.29000473022461,12.846414566040039,9.705259323120117,13.866928100585938,-0.029130859300494194,0.029130859300494194,0.024531250819563866,-0.04752929508686066,0.0,-0.04584440588951111,0.020492587238550186,0.02888668142259121,-0.03278154879808426,0.0,0.006641980726271868,0.08630245923995972,-9.981727600097656,-0.005322581622749567,-0.19245052337646484,-8.492794036865234,0.0,0.0,0.0,0.0,0.0,0.0,0.0,0.0,0.0,0.0,0.0,0.0,-0.0455755889415741,0.02347639948129654,0.02853311412036419,-0.03594168648123741,0.24700021743774414,0.297132670879364,0.2353435605764389,0.3167847692966461,0.22818417847156525,1.4208101034164429,0.4070979356765747,0.0,0.0,0.0,0.0,0.0,0.0,0.0
30626358299,0,-0.01795288734138012,-0.014717673882842064,-0.822263777256012,6.569455581484362e-05,-0.04113857448101044,-0.8442511558532715,0.030813634395599365,-0.02909359335899353,-0.02883961796760559,0.03603734076023102,-0.05284206569194794,-0.02198737859725952,-0.007822994142770767,-0.00930727832019329,0.10967350751161575,0.0,0.0,0.5716582536697388,-0.02778785116970539,0.044920746237039566,0.3720841407775879,0.0664767250418663,0.0706925094127655,0.5397900342941284,-0.04230654984712601,-1.0294005870819092,-46.778831481933594,-0.07913628965616226,0.27334949374198914,0.056019075214862823,-0.08586897701025009,0.16894620656967163,-0.2533305585384369,0.15574893355369568,10.587762832641602,12.57086181640625,10.008211135864258,13.64183235168457,-0.03066406212747097,0.027597656473517418,0.024531250819563866,-0.04599609225988388,0.0,-0.04461738467216492,0.020338481292128563,0.028537428006529808,-0.03242993727326393,0.0,0.006641980726271868,0.08630245923995972,-9.981727600097656,-0.007692100014537573,-0.18716374039649963,-8.505242347717285,0.0,0.0,0.0,0.0,0.0,0.0,0.0,0.0,0.0,0.0,0.0,0.0,-0.04607240855693817,0.022425226867198944,0.029027612879872322,-0.034818947315216064,0.252907931804657,0.2917918264865875,0.24139168858528137,0.31246712803840637,0.7026447057723999,0.008915921673178673,0.7193706035614014,0.0,0.0,0.0,0.0,0.0,0.0,0.0
30636509341,0,-0.01783173345029354,-0.015129029750823975,-0.8224471807479858,6.569455581484362e-05,-0.04113857448101044,-0.8442511558532715,0.030938737094402313,-0.03230567276477814,-0.028424207121133804,0.03579503297805786,-0.05201935023069382,-0.021803975105285645,-0.007899893447756767,-0.008940801955759525,0.11309178173542023,0.0,0.0,0.5967209339141846,-0.013911387883126736,0.050113920122385025,0.3786900043487549,0.06904851645231247,0.0650288313627243,0.5495411157608032,-0.04226014390587807,-0.9850272536277771,-46.794307708740234,-0.09509335458278656,0.2601627707481384,0.06961612403392792,-0.08473217487335205,0.1676437109708786,-0.2533862292766571,0.1557123363018036,10.206616401672363,12.910042762756348,9.716968536376953,13.9891996383667,-0.03066406212747097,0.027597656473517418,0.024531250819563866,-0.04599609225988388,0.0,-0.0446232445538044,0.018685638904571533,0.027903346344828606,-0.03041520155966282,0.0,-0.03329350799322128,-0.05095421150326729,-9.751909255981445,-0.007683662232011557,-0.17909586429595947,-8.508055686950684,0.0,0.0,0.0,0.0,0.0,0.0,0.0,0.0,0.0,0.0,0.0,0.0,-0.04610513523221016,0.021454045549035072,0.029167218133807182,-0.033749207854270935,0.252907931804657,0.2917918264865875,0.24139168858528137,0.31246712803840637,1.015899896621704,0.2708277404308319,0.6896415948867798,0.0,0.0,0.0,0.0,0.0,0.0,0.0
30646949755,0,-0.01783173345029354,-0.015129029750823975,-0.8224471807479858,6.569455581484362e-05,-0.04113857448101044,-0.8442511558532715,0.030938737094402313,-0.03230567276477814,-0.028424207121133804,0.03579503297805786,-0.05201935023069382,-0.021803975105285645,-0.007899893447756767,-0.008940801955759525,0.11309178173542023,0.0,0.0,0.5967209339141846,0.0015756168868392706,0.061868816614151,0.3820934593677521,0.06904851645231247,0.0650288313627243,0.5495411157608032,-0.025833841413259506,-0.9760691523551941,-46.67598342895508,-0.1136288046836853,0.23772290349006653,0.06441988795995712,-0.08359076827764511,0.16651907563209534,-0.2533091902732849,0.15562792122364044,10.244333267211914,12.756119728088379,9.879965782165527,13.823896408081055,-0.03066406212747097,0.026064453646540642,0.026064453646540642,-0.044462889432907104,0.0,-0.043460700660943985,0.01921544410288334,0.02665979415178299,-0.030880313366651535,0.0,-0.03329350799322128,-0.05095421150326729,-9.751909255981445,-0.007683662232011557,-0.17909586429595947,-8.508055686950684,0.0,0.0,0.0,0.0,0.0,0.0,0.0,0.0,0.0,0.0,0.0,0.0,-0.04579387605190277,0.020566249266266823,0.028974542394280434,-0.03272228315472603,0.246092289686203,0.29538413882255554,0.2388336956501007,0.3159599304199219,1.3000550270080566,0.6794853806495667,0.5298452377319336,0.0,0.0,0.0,0.0,0.0,0.0,0.0
30656501035,0,-0.01783173345029354,-0.015129029750823975,-0.8224471807479858,6.569455581484362e-05,-0.04113857448101044,-0.8442511558532715,0.030938737094402313,-0.03230567276477814,-0.028424207121133804,0.03579503297805786,-0.05201935023069382,-0.021803975105285645,-0.007899893447756767,-0.008940801955759525,0.11309178173542023,0.0,0.0,0.5967209339141846,0.0371236689388752,0.07389078289270401,0.39330995082855225,0.06904851645231247,0.0650288313627243,0.5495411157608032,-0.025833841413259506,-0.9760691523551941,-46.67598342895508,-0.1136288046836853,0.23772290349006653,0.06441988795995712,-0.08359076827764511,0.16651907563209534,-0.2533091902732849,0.15562792122364044,10.244333267211914,12.756119728088379,9.879965782165527,13.823896408081055,-0.03066406212747097,0.02299804612994194,0.027597656473517418,-0.044462889432907104,0.0,-0.043460700660943985,0.01921544410288334,0.02665979415178299,-0.030880313366651535,0.0,-0.03329350799322128,-0.05095421150326729,-9.751909255981445,-0.007683662232011557,-0.17909586429595947,-8.508055686950684,0.0,0.0,0.0,0.0,0.0,0.0,0.0,0.0,0.0,0.0,0.0,0.0,-0.04526389390230179,0.019855918362736702,0.028510013595223427,-0.03185587748885155,0.246092289686203,0.29538413882255554,0.2388336956501007,0.3159599304199219,1.8640313148498535,0.5838115215301514,0.623591959476471,0.0,0.0,0.0,0.0,0.0,0.0,0.0
30666534284,0,-0.017538391053676605,-0.016829892992973328,-0.8232275247573853,6.569455581484362e-05,-0.04113857448101044,-0.8442511558532715,0.032610129565000534,-0.0365552082657814,-0.037038616836071014,0.03520834445953369,-0.04861760511994362,-0.02102363109588623,-0.006676835473626852,-0.005998301785439253,0.12757627665996552,0.0,0.0,0.6067459583282471,0.0371236689388752,0.07389078289270401,0.39330995082855225,0.06904851645231247,0.0650288313627243,0.5495411157608032,-0.054636768996715546,-0.9203002452850342,-46.371761322021484,-0.1136288046836853,0.23772290349006653,0.06441988795995712,-0.08359076827764511,0.16651907563209534,-0.2533091902732849,0.15562792122364044,10.280040740966797,12.41458511352539,10.133602142333984,13.570494651794434,-0.03066406212747097,0.021464843302965164,0.029130859300494194,-0.044462889432907104,0.0,-0.04238136112689972,0.01733521744608879,0.025051241740584373,-0.029252754524350166,0.0,-0.03329350799322128,-0.05095421150326729,-9.751909255981445,-0.01071668229997158,-0.1635788381099701,-8.443868637084961,0.0,0.0,0.0,0.0,0.0,0.0,0.0,0.0,0.0,0.0,0.0,0.0,-0.04462071508169174,0.0193016454577446,0.027865927666425705,-0.031174669042229652,0.246092289686203,0.29538413882255554,0.2388336956501007,0.3159599304199219,1.8640313148498535,0.5838115215301514,0.623591959476471,0.0,0.0,0.0,0.0,0.0,0.0,0.0
30680204282,0,-0.017538391053676605,-0.016829892992973328,-0.8232275247573853,6.569455581484362e-05,-0.04113857448101044,-0.8442511558532715,0.032610129565000534,-0.0365552082657814,-0.037038616836071014,0.03520834445953369,-0.04861760511994362,-0.02102363109588623,-0.006676835473626852,-0.005998301785439253,0.12757627665996552,0.0,0.0,0.6067459583282471,0.06597333401441574,0.07528737932443619,0.403003990650177,0.046582531183958054,0.03476598113775253,0.573864221572876,-0.05894175171852112,-0.8996835947036743,-46.44127655029297,-0.20302920043468475,0.21189813315868378,0.04299738258123398,-0.08032950758934021,0.16518478095531464,-0.2528172433376312,0.1554158329963684,10.548443794250488,12.05902099609375,10.530858039855957,13.328751564025879,-0.032197266817092896,0.021464843302965164,0.029130859300494194,-0.044462889432907104,0.0,-0.0404188446700573,0.017409631982445717,0.02389496937394142,-0.028856050223112106,0.0,-0.1441587209701538,-0.07798557728528976,-9.998204231262207,-0.01071668229997158,-0.1635788381099701,-8.443868637084961,0.0,0.0,0.0,0.0,0.0,0.0,0.0,0.0,0.0,0.0,0.0,0.0,-0.04385042563080788,0.018756357952952385,0.02705063670873642,-0.030541779473423958,0.24680206179618835,0.28875622153282166,0.24388949573040009,0.311096727848053,2.190084218978882,0.3019401431083679,0.6948014497756958,0.0,0.0,0.0,0.0,0.0,0.0,0.0
30687163575,0,-0.0174891147762537,-0.017190104350447655,-0.8234232664108276,6.569455581484362e-05,-0.04113857448101044,-0.8442511558532715,0.03196146711707115,-0.03440038487315178,-0.034873805940151215,0.03510979190468788,-0.047897178679704666,-0.020827889442443848,-0.005773953162133694,-0.005331236403435469,0.13136287033557892,0.0,0.0,0.6117585301399231,0.06597333401441574,0.07528737932443619,0.403003990650177,0.046582531183958054,0.03476598113775253,0.573864221572876,-0.05894175171852112,-0.8996835947036743,-46.44127655029297,-0.20302920043468475,0.21189813315868378,0.04299738258123398,-0.08032950758934021,0.164873868227005,-0.2523706555366516,0.1553421914577484,10.548443794250488,12.05902099609375,10.530858039855957,13.328751564025879,-0.032197266817092896,0.019931640475988388,0.027597656473517418,-0.04292968660593033,0.0,-0.0404188446700573,0.017409631982445717,0.02389496937394142,-0.028856050223112106,0.0,0.24059917032718658,0.2735469937324524,-9.703190803527832,-0.010135920718312263,-0.16653560101985931,-8.461307525634766,0.0,0.0,0.0,0.0,0.0,0.0,0.0,0.0,0.0,0.0,0.0,0.0,-0.04292890056967735,0.01823623850941658,0.02612069994211197,-0.029937755316495895,0.25212886929512024,0.2818317115306854,0.25178033113479614,0.3064458668231964,2.190084218978882,0.3019401431083679,0.6948014497756958,0.0,0.0,0.0,0.0,0.0,0.0,0.0
30696767263,0,-0.017413429915905,-0.018091533333063126,-0.8239412903785706,6.569455581484362e-05,-0.04113857448101044,-0.8442511558532715,0.0402693971991539,-0.03460592404007912,-0.027658579871058464,0.03495842218399048,-0.04609431326389313,-0.020309865474700928,-0.0022715418599545956,-0.0036547412164509296,0.142181396484375,0.0,0.0,0.6117585301399231,0.10980680584907532,0.06928317993879318,0.4083268344402313,0.020703857764601707,0.027233678847551346,0.5626683235168457,-0.1159815639257431,-0.9075807332992554,-46.83232879638672,-0.26970890164375305,0.21020539104938507,0.03656817227602005,-0.07824762165546417,0.164873868227005,-0.2523706555366516,0.1553421914577484,10.70411491394043,11.892581939697266,10.893293380737305,13.367938995361328,-0.032197266817092896,0.019931640475988388,0.029130859300494194,-0.04139648377895355,0.0,-0.04176576808094978,0.016382433474063873,0.0254158154129982,-0.02730187214910984,0.0,0.24059917032718658,0.2735469937324524,-9.703190803527832,-0.026720089837908745,-0.1600957214832306,-8.510981559753418,0.0,0.0,0.0,0.0,0.0,0.0,0.0,0.0,0.0,0.0,0.0,0.0,-0.042074646800756454,0.017780520021915436,0.025322796776890755,-0.02936938963830471,0.25212886929512024,0.2818317115306854,0.25178033113479614,0.3064458668231964,2.253011703491211,-0.23286864161491394,0.4078567326068878,0.0,0.0,0.0,0.0,0.0,0.0,0.0
30709467026,0,-0.017392542213201523,-0.018346400931477547,-0.8240944147109985,6.569455581484362e-05,-0.04113857448101044,-0.8442511558532715,0.04146537184715271,-0.030018137767910957,-0.028434164822101593,0.03491664677858353,-0.04558457434177399,-0.02015674114227295,-0.0007057887851260602,-0.003160669934004545,0.14585916697978973,0.0,0.0,0.6117585301399231,0.10980680584907532,0.06928317993879318,0.4083268344402313,0.020703857764601707,0.027233678847551346,0.5626683235168457,-0.1159815639257431,-0.9075807332992554,-46.83232879638672,-0.26970890164375305,0.21020539104938507,0.03656817227602005,-0.07824762165546417,0.16546228528022766,-0.2516058683395386,0.1551230102777481,10.70411491394043,11.892581939697266,10.893293380737305,13.367938995361328,-0.03066406212747097,0.018398437649011612,0.027597656473517418,-0.039863280951976776,0.0,-0.04176576808094978,0.016382433474063873,0.0254158154129982,-0.02730187214910984,0.0,0.11018750816583633,0.253637433052063,-9.673770904541016,-0.030442047864198685,-0.16774600744247437,-8.502385139465332,0.0,0.0,0.0,0.0,0.0,0.0,0.0,0.0,0.0,0.0,0.0,0.0,-0.041535381227731705,0.017345793545246124,0.024877382442355156,-0.028780044987797737,0.25521159172058105,0.27858152985572815,0.25895097851753235,0.30720052123069763,2.253011703491211,-0.23286864161491394,0.4078567326068878,0.0,0.0,0.0,0.0,0.0,0.0,0.0
30716837850,0,-0.017392542213201523,-0.018346400931477547,-0.8240944147109985,6.569455581484362e-05,-0.04113857448101044,-0.8442511558532715,0.04146537184715271,-0.030018137767910957,-0.028434164822101593,0.03491664677858353,-0.04558457434177399,-0.02015674114227295,-0.0007057887851260602,-0.003160669934004545,0.14585916697978973,0.0,0.0,0.6117585301399231,0.12929919362068176,0.06285621970891953,0.41066792607307434,0.007924646139144897,0.024496261030435562,0.5582711696624756,-0.14696049690246582,-0.8805264830589294,-46.81039810180664,-0.29979461431503296,0.2160797268152237,0.03113734722137451,-0.07730323821306229,0.16617858409881592,-0.2513175904750824,0.15496200323104858,10.798439979553223,11.695334434509277,11.060175895690918,13.282550811767578,-0.032197266817092896,0.016865234822034836,0.027597656473517418,-0.04139648377895355,0.0,-0.04143420606851578,0.014991962350904942,0.02525058574974537,-0.025854842737317085,0.0,0.006894355174154043,0.5445012450218201,-9.618863105773926,-0.030442047864198685,-0.16774600744247437,-8.502385139465332,0.0,0.0,0.0,0.0,0.0,0.0,0.0,0.0,0.0,0.0,0.0,0.0,-0.04129737988114357,0.01689007878303528,0.024750055745244026,-0.028150679543614388,0.2570769488811493,0.2747228443622589,0.2622435986995697,0.3055557608604431,2.2664294242858887,-0.4783858358860016,0.3440815210342407,0.0,0.0,0.0,0.0,0.0,0.0,0.0
30726674629,0,-0.017392542213201523,-0.018346400931477547,-0.8240944147109985,6.569455581484362e-05,-0.04113857448101044,-0.8442511558532715,0.04146537184715271,-0.030018137767910957,-0.028434164822101593,0.03480851650238037,-0.04459814354777336,-0.01987278461456299,-0.0007057887851260602,-0.003160669934004545,0.14585916697978973,0.0,0.0,0.6142647862434387,0.16833633184432983,0.04721918702125549,0.42276087403297424,0.007924646139144897,0.024496261030435562,0.5582711696624756,-0.18428632616996765,-0.9368345141410828,-46.80406188964844,-0.3755112588405609,0.23104865849018097,0.012382246553897858,-0.07516073435544968,0.16904042661190033,-0.2508998513221741,0.15457212924957275,11.174897193908691,11.082565307617188,11.618745803833008,12.951878547668457,-0.032197266817092896,0.016865234822034836,0.027597656473517418,-0.04139648377895355,0.0,-0.042793989181518555,0.016636760905385017,0.027087096124887466,-0.026853566989302635,0.0,0.006894355174154043,0.5445012450218201,-9.618863105773926,-0.034378781914711,-0.17518125474452972,-8.528651237487793,0.0,0.0,0.0,0.0,0.0,0.0,0.0,0.0,0.0,0.0,0.0,0.0,-0.04128360375761986,0.016455721110105515,0.02487214095890522,-0.027530331164598465,0.26450347900390625,0.26268479228019714,0.2732224762439728,0.2991728186607361,1.915510892868042,-0.7290359735488892,0.5532482862472534,0.0,0.0,0.0,0.0,0.0,0.0,0.0
30736595530,0,-0.017338477075099945,-0.01883961446583271,-0.8243783712387085,6.569455581484362e-05,-0.04113857448101044,-0.8442511558532715,0.04259631410241127,-0.025010906159877777,-0.02448333241045475,0.03480851650238037,-0.04459814354777336,-0.01987278461456299,0.0026097698137164116,-0.002294906647875905,0.15316703915596008,0.0,0.0,0.6142647862434387,0.16833633184432983,0.04721918702125549,0.42276087403297424,-0.018979381769895554,0.02007763832807541,0.5525290369987488,-0.18428632616996765,-0.9368345141410828,-46.80406188964844,-0.3755112588405609,0.23104865849018097,0.012382246553897858,-0.07516073435544968,0.16904042661190033,-0.2508998513221741,0.15457212924957275,11.174897193908691,11.082565307617188,11.618745803833008,12.951878547668457,-0.03066406212747097,0.016865234822034836,0.026064453646540642,-0.039863280951976776,0.0,-0.042793989181518555,0.016636760905385017,0.027087096124887466,-0.026853566989302635,0.0,0.23009411990642548,-0.015822669491171837,-9.652199745178223,-0.034378781914711,-0.17518125474452972,-8.528651237487793,0.0,0.0,0.0,0.0,0.0,0.0,0.0,0.0,0.0,0.0,0.0,0.0,-0.04149280861020088,0.0161996278911829,0.02525617927312851,-0.027054280042648315,0.26450347900390625,0.26268479228019714,0.2732224762439728,0.2991728186607361,1.915510892868042,-0.7290359735488892,0.5532482862472534,0.0,0.0,0.0,0.0,0.0,0.0,0.0
30746574628,0,-0.017338477075099945,-0.01883961446583271,-0.8243783712387085,6.569455581484362e-05,-0.04113857448101044,-0.8442511558532715,0.04259631410241127,-0.025010906159877777,-0.02448333241045475,0.03474736586213112,-0.043619588017463684,-0.019591212272644043,0.0026097698137164116,-0.002294906647875905,0.15316703915596008,0.0,0.0,0.6142647862434387,0.1860647201538086,0.033921003341674805,0.42104339599609375,-0.018979381769895554,0.02007763832807541,0.5525290369987488,-0.17115482687950134,-0.9688698053359985,-47.08940887451172,-0.41296201944351196,0.24141058325767517,0.008675329387187958,-0.07326418161392212,0.1728522628545761,-0.2508850395679474,0.15394985675811768,11.297833442687988,10.986532211303711,11.823463439941406,13.004642486572266,-0.03066406212747097,0.016865234822034836,0.026064453646540642,-0.039863280951976776,0.0,-0.042737532407045364,0.018423588946461678,0.027357885614037514,-0.027814414352178574,0.0,0.23009411990642548,-0.015822669491171837,-9.652199745178223,-0.0304788239300251,-0.17369072139263153,-8.578128814697266,0.0,0.0,0.0,0.0,0.0,0.0,0.0,0.0,0.0,0.0,0.0,0.0,-0.041833192110061646,0.016236770898103714,0.025795400142669678,-0.026827441528439522,0.26692265272140503,0.26079121232032776,0.277230441570282,0.3001927137374878,1.1521495580673218,-0.6728870272636414,0.2745426595211029,0.0,0.0,0.0,0.0,0.0,0.0,0.0
30756423118,0,-0.01730790175497532,-0.0193288903683424,-0.8246599435806274,6.569455581484362e-05,-0.04113857448101044,-0.8442511558532715,0.04057101532816887,-0.025068126618862152,-0.017153317108750343,0.03474736586213112,-0.043619588017463684,-0.019591212272644043,0.005528872832655907,-0.001734621007926762,0.16042524576187134,0.0,0.0,0.6142647862434387,0.18683947622776031,0.021863384172320366,0.4205828607082367,-0.04252356290817261,0.017717674374580383,0.5438519716262817,-0.17115482687950134,-0.9688698053359985,-47.08940887451172,-0.41296201944351196,0.24141058325767517,0.008675329387187958,-0.07326418161392212,0.1728522628545761,-0.2508850395679474,0.15394985675811768,11.297833442687988,10.986532211303711,11.823463439941406,13.004642486572266,-0.03066406212747097,0.015332031063735485,0.024531250819563866,-0.039863280951976776,0.0,-0.042737532407045364,0.018423588946461678,0.027357885614037514,-0.027814414352178574,0.0,0.03048943355679512,-0.1759917289018631,-9.323127746582031,-0.0304788239300251,-0.17369072139263153,-8.578128814697266,0.0,0.0,0.0,0.0,0.0,0.0,0.0,0.0,0.0,0.0,0.0,0.0,-0.042170073837041855,0.016576137393712997,0.02633642591536045,-0.02685368061065674,0.26692265272140503,0.26079121232032776,0.277230441570282,0.3001927137374878,0.7539682984352112,-0.9454745054244995,0.2552969455718994,0.0,0.0,0.0,0.0,0.0,0.0,0.0
30766324170,0,-0.01730247773230076,-0.019511353224515915,-0.8247974514961243,6.569455581484362e-05,-0.04113857448101044,-0.8442511558532715,0.04299711808562279,-0.022763168439269066,-0.017865905538201332,0.034736517816782,-0.043254658579826355,-0.019453704357147217,0.006880462635308504,-0.001794208656065166,0.16420403122901917,0.0,0.0,0.6142647862434387,0.18683947622776031,0.021863384172320366,0.4205828607082367,-0.05319594219326973,0.019123228266835213,0.5393332242965698,-0.1676335334777832,-0.9552989602088928,-47.179710388183594,-0.42241063714027405,0.25773897767066956,0.005384467542171478,-0.0724196583032608,0.17483553290367126,-0.25102439522743225,0.15354499220848083,11.413503646850586,10.887014389038086,11.917581558227539,12.984737396240234,-0.032197266817092896,0.015332031063735485,0.02299804612994194,-0.038330078125,0.0,-0.04169371724128723,0.018349938094615936,0.026711583137512207,-0.027512596920132637,0.0,0.21426644921302795,0.01834900863468647,-9.475231170654297,-0.036060333251953125,-0.17666727304458618,-8.567999839782715,0.0,0.0,0.0,0.0,0.0,0.0,0.0,0.0,0.0,0.0,0.0,0.0,-0.0423923134803772,0.017080549150705338,0.026761183515191078,-0.027029942721128464,0.26919564604759216,0.25882700085639954,0.2790702283382416,0.29980796575546265,0.7539682984352112,-0.9454745054244995,0.2552969455718994,0.0,0.0,0.0,0.0,0.0,0.0,0.0
30776396097,0,-0.01730247773230076,-0.019511353224515915,-0.8247974514961243,6.569455581484362e-05,-0.04113857448101044,-0.8442511558532715,0.04299711808562279,-0.022763168439269066,-0.017865905538201332,0.034736517816782,-0.043254658579826355,-0.019453704357147217,0.006880462635308504,-0.001794208656065166,0.16420403122901917,0.0,0.0,0.6142647862434387,0.19841143488883972,-0.009663006290793419,0.412089079618454,-0.09220817685127258,0.025328069925308228,0.533456563949585,-0.17995786666870117,-0.9931069016456604,-46.96165466308594,-0.46821415424346924,0.29919514060020447,0.012420184910297394,-0.07052811980247498,0.1800822615623474,-0.251947820186615,0.1522901952266693,11.174894332885742,10.875041007995605,11.694151878356934,13.238862037658691,-0.032197266817092896,0.015332031063735485,0.02299804612994194,-0.038330078125,0.0,-0.0439879484474659,0.019387859851121902,0.0289141982793808,-0.02750980854034424,0.0,0.21426644921302795,0.01834900863468647,-9.475231170654297,-0.036060333251953125,-0.17666727304458618,-8.567999839782715,0.0,0.0,0.0,0.0,0.0,0.0,0.0,0.0,0.0,0.0,0.0,0.0,-0.042526695877313614,0.01761413924396038,0.027092358097434044,-0.027219491079449654,0.26450347900390625,0.2585906386375427,0.27469974756240845,0.30471357703208923,0.6563510298728943,-1.3743096590042114,-0.10954590141773224,0.0,0.0,0.0,0.0,0.0,0.0,0.0
30786631421,0,-0.01730457693338394,-0.01979081518948078,-0.8250848054885864,6.569455581484362e-05,-0.04113857448101044,-0.8442511558532715,0.04210101440548897,-0.020113658159971237,-0.025359246879816055,0.03465453162789345,-0.042297475039958954,-0.018884658813476562,0.010686200112104416,-0.002052067779004574,0.1718255579471588,0.0,0.0,0.61927729845047,0.19989614188671112,-0.027501968666911125,0.4028724730014801,-0.09220817685127258,0.025328069925308228,0.533456563949585,-0.17995786666870117,-0.9931069016456604,-46.96165466308594,-0.46821415424346924,0.29919514060020447,0.012420184910297394,-0.07052811980247498,0.1800822615623474,-0.251947820186615,0.1522901952266693,11.174894332885742,10.875041007995605,11.694151878356934,13.238862037658691,-0.032197266817092896,0.015332031063735485,0.02299804612994194,-0.038330078125,0.0,-0.0439879484474659,0.019387859851121902,0.0289141982793808,-0.02750980854034424,0.0,0.3163715600967407,0.10288920253515244,-9.713947296142578,-0.036231908947229385,-0.1943814903497696,-8.48554515838623,0.0,0.0,0.0,0.0,0.0,0.0,0.0,0.0,0.0,0.0,0.0,0.0,-0.042756590992212296,0.018155984580516815,0.027489805594086647,-0.027366414666175842,0.26450347900390625,0.2585906386375427,0.27469974756240845,0.30471357703208923,0.4465668499469757,-1.5178011655807495,-0.41653281450271606,0.0,0.0,0.0,0.0,0.0,0.0,0.0
30796748676,0,-0.017261484637856483,-0.019989943131804466,-0.8253664970397949,6.569455581484362e-05,-0.04113857448101044,-0.8442511558532715,0.041097257286310196,-0.012851253151893616,-0.027756033465266228,0.03465453162789345,-0.042297475039958954,-0.018884658813476562,0.01459486037492752,-0.0029429167043417692,0.1794140338897705,0.0,0.0,0.61927729845047,0.19989614188671112,-0.027501968666911125,0.4028724730014801,-0.11352372914552689,0.03349999338388443,0.5271151065826416,-0.20092378556728363,-1.0293241739273071,-46.67510223388672,-0.49135154485702515,0.3256905674934387,0.017469562590122223,-0.06961844116449356,0.18304261565208435,-0.2527998685836792,0.1513938009738922,10.981705665588379,10.85340404510498,11.490987777709961,13.369523048400879,-0.03066406212747097,0.018398437649011612,0.026064453646540642,-0.036796875298023224,0.0,-0.04651505500078201,0.020014554262161255,0.03127187862992287,-0.027570364996790886,0.0,-0.09895278513431549,0.10267916321754456,-9.918142318725586,-0.036231908947229385,-0.1943814903497696,-8.48554515838623,0.0,0.0,0.0,0.0,0.0,0.0,0.0,0.0,0.0,0.0,0.0,0.0,-0.043213456869125366,0.0186786949634552,0.028056876733899117,-0.02746792882680893,0.2606959044933319,0.2581632435321808,0.2707168757915497,0.3072311580181122,0.4465668499469757,-1.5178011655807495,-0.41653281450271606,0.0,0.0,0.0,0.0,0.0,0.0,0.0
30806607740,0,-0.017261484637856483,-0.019989943131804466,-0.8253664970397949,6.569455581484362e-05,-0.04113857448101044,-0.8442511558532715,0.041097257286310196,-0.012851253151893616,-0.027756033465266228,0.03465453162789345,-0.042297475039958954,-0.018884658813476562,0.01459486037492752,-0.0029429167043417692,0.1794140338897705,0.0,0.0,0.61927729845047,0.1766602247953415,-0.06132833659648895,0.3889601528644562,-0.11352372914552689,0.03349999338388443,0.5271151065826416,-0.25776907801628113,-1.0964123010635376,-46.65457534790039,-0.4924931526184082,0.3804662227630615,0.021802455186843872,-0.06797900795936584,0.18304261565208435,-0.2527998685836792,0.1513938009738922,10.951339721679688,10.870487213134766,11.294489860534668,13.558162689208984,-0.032197266817092896,0.016865234822034836,0.026064453646540642,-0.036796875298023224,0.0,-0.05048701539635658,0.02048027142882347,0.03585571423172951,-0.027322396636009216,0.0,0.10295074433088303,0.3410870134830475,-9.955961227416992,-0.036231908947229385,-0.1943814903497696,-8.48554515838623,0.0,0.0,0.0,0.0,0.0,0.0,0.0,0.0,0.0,0.0,0.0,0.0,-0.04411403462290764,0.0191748458892107,0.029031720012426376,-0.02752252109348774,0.2606959044933319,0.2581632435321808,0.2707168757915497,0.3072311580181122,-0.7215296030044556,-1.7249468564987183,-0.5776812434196472,0.0,0.0,0.0,0.0,0.0,0.0,0.0
30816880174,0,-0.017096197232604027,-0.020098963752388954,-0.8256365060806274,6.569455581484362e-05,-0.04113857448101044,-0.8442511558532715,0.04327620938420296,-0.005811508744955063,-0.027591262012720108,0.034323953092098236,-0.04207943379878998,-0.018614649772644043,0.01734660565853119,-0.004403207916766405,0.18646027147769928,0.0,0.0,0.61927729845047,0.1766602247953415,-0.06132833659648895,0.3889601528644562,-0.1343604326248169,0.04679717868566513,0.518665611743927,-0.25776907801628113,-1.0964123010635376,-46.65457534790039,-0.4924931526184082,0.3804662227630615,0.021802455186843872,-0.06797900795936584,0.1886877566576004,-0.25509124994277954,0.14923246204853058,10.951339721679688,10.870487213134766,11.294489860534668,13.558162689208984,-0.03066406212747097,0.016865234822034836,0.027597656473517418,-0.036796875298023224,0.0,-0.05048701539635658,0.02048027142882347,0.03585571423172951,-0.027322396636009216,0.0,0.10295074433088303,0.3410870134830475,-9.955961227416992,-0.04408686235547066,-0.2066926658153534,-8.48602294921875,0.0,0.0,0.0,0.0,0.0,0.0,0.0,0.0,0.0,0.0,0.0,0.0,-0.045549701899290085,0.01963825896382332,0.030558912083506584,-0.027523880824446678,0.26009678840637207,0.2585006654262543,0.2668568789958954,0.31085991859436035,-0.7215296030044556,-1.7249468564987183,-0.5776812434196472,0.0,0.0,0.0,0.0,0.0,0.0,0.0
30826624562,0,-0.017096197232604027,-0.020098963752388954,-0.8256365060806274,6.569455581484362e-05,-0.04113857448101044,-0.8442511558532715,0.04327620938420296,-0.005811508744955063,-0.027591262012720108,0.034323953092098236,-0.04207943379878998,-0.018614649772644043,0.01734660565853119,-0.004403207916766405,0.18646027147769928,0.0,0.0,0.61927729845047,0.14542627334594727,-0.0863463431596756,0.38274845480918884,-0.1343604326248169,0.04679717868566513,0.518665611743927,-0.28185880184173584,-1.1934869289398193,-46.714935302734375,-0.4779112637042999,0.41887080669403076,0.01952783763408661,-0.06627640873193741,0.19456839561462402,-0.2586308419704437,0.14640361070632935,11.104551315307617,10.79241943359375,11.285576820373535,13.552437782287598,-0.03066406212747097,0.016865234822034836,0.026064453646540642,-0.036796875298023224,0.0,-0.053485848009586334,0.02319146692752838,0.03984670341014862,-0.029102107509970665,0.0,0.10295074433088303,0.3410870134830475,-9.955961227416992,-0.04408686235547066,-0.2066926658153534,-8.48602294921875,0.0,0.0,0.0,0.0,0.0,0.0,0.0,0.0,0.0,0.0,0.0,0.0,-0.047305185347795486,0.02014661766588688,0.03247151896357536,-0.027569470927119255,0.2631179690361023,0.25695809721946716,0.26668140292167664,0.31074973940849304,-1.222225546836853,-1.3300480842590332,-0.37406545877456665,0.0,0.0,0.0,0.0,0.0,0.0,0.0
30837848327,0,-0.016797678545117378,-0.01996874436736107,-0.8259416818618774,6.569455581484362e-05,-0.04113857448101044,-0.8442511558532715,0.04482210800051689,0.005081862676888704,-0.026647770777344704,0.03372691199183464,-0.04233987256884575,-0.018309473991394043,0.01946610026061535,-0.005986503325402737,0.1931530386209488,0.0,0.0,0.61927729845047,0.14022836089134216,-0.09194615483283997,0.38027042150497437,-0.15013885498046875,0.0605931393802166,0.5106343030929565,-0.29173731803894043,-1.2518349885940552,-46.69443893432617,-0.48572951555252075,0.4306337237358093,0.018679946660995483,-0.06556794792413712,0.19705791771411896,-0.2604028880596161,0.145088329911232,11.12798023223877,10.734953880310059,11.294843673706055,13.556966781616211,-0.03066406212747097,0.015332031063735485,0.026064453646540642,-0.03526367247104645,0.0,-0.05547470226883888,0.024984195828437805,0.04201963171362877,-0.03030014969408512,0.0,0.2678849995136261,0.6028165817260742,-9.82374095916748,-0.053043149411678314,-0.22760635614395142,-8.489897727966309,0.0,0.0,0.0,0.0,0.0,0.0,0.0,0.0,0.0,0.0,0.0,0.0,-0.04926246404647827,0.02091612108051777,0.03468921035528183,-0.02784787304699421,0.2635795772075653,0.2558218240737915,0.26686379313468933,0.3108367919921875,-0.8955855369567871,-1.0350319147109985,-0.3385092318058014,0.0,0.0,0.0,0.0,0.0,0.0,0.0
30846476935,0,-0.016654565930366516,-0.019982514902949333,-0.8260964751243591,6.569455581484362e-05,-0.04113857448101044,-0.8442511558532715,0.042873088270425797,0.005598817020654678,-0.0255859587341547,0.033440686762332916,-0.04231233149766922,-0.018154680728912354,0.020450253039598465,-0.00684225931763649,0.1964370161294937,0.0,0.0,0.61927729845047,0.14022836089134216,-0.09194615483283997,0.38027042150497437,-0.15739908814430237,0.06793435662984848,0.5066907405853271,-0.29173731803894043,-1.2518349885940552,-46.69443893432617,-0.48572951555252075,0.4306337237358093,0.018679946660995483,-0.06556794792413712,0.19705791771411896,-0.2604028880596161,0.145088329911232,11.12798023223877,10.734953880310059,11.294843673706055,13.556966781616211,-0.03066406212747097,0.016865234822034836,0.026064453646540642,-0.03526367247104645,0.0,-0.05547470226883888,0.024984195828437805,0.04201963171362877,-0.03030014969408512,0.0,0.07509471476078033,0.5220041871070862,-9.722525596618652,-0.050278689712285995,-0.2291422039270401,-8.49692440032959,0.0,0.0,0.0,0.0,0.0,0.0,0.0,0.0,0.0,0.0,0.0,0.0,-0.05127965286374092,0.021962540224194527,0.037032317370176315,-0.028382034972310066,0.2635795772075653,0.2558218240737915,0.26686379313468933,0.3108367919921875,-0.8955855369567871,-1.0350319147109985,-0.3385092318058014,0.0,0.0,0.0,0.0,0.0,0.0,0.0
30856818069,0,-0.016654565930366516,-0.019982514902949333,-0.8260964751243591,6.569455581484362e-05,-0.04113857448101044,-0.8442511558532715,0.042873088270425797,0.005598817020654678,-0.0255859587341547,0.033440686762332916,-0.04231233149766922,-0.018154680728912354,0.020450253039598465,-0.00684225931763649,0.1964370161294937,0.0,0.0,0.61927729845047,0.11686111241579056,-0.0935525968670845,0.37597909569740295,-0.1785561740398407,0.0886402502655983,0.4970987141132355,-0.2935929596424103,-1.2533973455429077,-46.67938995361328,-0.4804380536079407,0.4449790120124817,0.016254030168056488,-0.06396566331386566,0.2029443085193634,-0.2648497521877289,0.14181318879127502,11.214325904846191,10.656827926635742,11.321786880493164,13.506229400634766,-0.032197266817092896,0.018398437649011612,0.026064453646540642,-0.03526367247104645,0.0,-0.05499951168894768,0.02532113902270794,0.042180389165878296,-0.030277324840426445,0.0,0.07509471476078033,0.5220041871070862,-9.722525596618652,-0.050278689712285995,-0.2291422039270401,-8.49692440032959,0.0,0.0,0.0,0.0,0.0,0.0,0.0,0.0,0.0,0.0,0.0,0.0,-0.05302391201257706,0.023050302639603615,0.0391123965382576,-0.0289976317435503,0.2652796804904938,0.25427570939064026,0.2673933804035187,0.30986136198043823,-1.0628392696380615,-0.3311868906021118,-0.23068630695343018,0.0,0.0,0.0,0.0,0.0,0.0,0.0
30866568076,0,-0.016364552080631256,-0.02013806253671646,-0.8264297246932983,6.569455581484362e-05,-0.04113857448101044,-0.8442511558532715,0.044074397534132004,0.004529300145804882,-0.03142780810594559,0.0328606553375721,-0.042001232504844666,-0.017821431159973145,0.022338898852467537,-0.008647367358207703,0.2033618986606598,0.0,0.0,0.61927729845047,0.11686111241579056,-0.0935525968670845,0.37597909569740295,-0.1785561740398407,0.0886402502655983,0.4970987141132355,-0.2935929596424103,-1.2533973455429077,-46.67938995361328,-0.4804380536079407,0.4449790120124817,0.016254030168056488,-0.06396566331386566,0.2029443085193634,-0.2648497521877289,0.14181318879127502,11.214325904846191,10.656827926635742,11.321786880493164,13.506229400634766,-0.03373046964406967,0.018398437649011612,0.027597656473517418,-0.03526367247104645,0.0,-0.05499951168894768,0.02532113902270794,0.042180389165878296,-0.030277324840426445,0.0,-0.006508581340312958,-0.08988586068153381,-9.663790702819824,-0.05373673513531685,-0.22522778809070587,-8.449114799499512,0.0,0.0,0.0,0.0,0.0,0.0,0.0,0.0,0.0,0.0,0.0,0.0,-0.0542682409286499,0.023988764733076096,0.040694113820791245,-0.02953757904469967,0.2652796804904938,0.25427570939064026,0.2673933804035187,0.30986136198043823,-1.0628392696380615,-0.3311868906021118,-0.23068630695343018,0.0,0.0,0.0,0.0,0.0,0.0,0.0
30876555128,0,-0.016364552080631256,-0.02013806253671646,-0.8264297246932983,6.569455581484362e-05,-0.04113857448101044,-0.8442511558532715,0.044074397534132004,0.004529300145804882,-0.03142780810594559,0.03212210163474083,-0.04101833328604698,-0.017309725284576416,0.022338898852467537,-0.008647367358207703,0.2033618986606598,0.0,0.0,0.6167710423469543,0.06398314237594604,-0.09829038381576538,0.3735713064670563,-0.1785561740398407,0.0886402502655983,0.4970987141132355,-0.2935929596424103,-1.2533973455429077,-46.67938995361328,-0.4804380536079407,0.4449790120124817,0.016254030168056488,-0.06396566331386566,0.2029443085193634,-0.2648497521877289,0.14181318879127502,11.214325904846191,10.656827926635742,11.321786880493164,13.506229400634766,-0.03373046964406967,0.018398437649011612,0.029130859300494194,-0.03526367247104645,0.0,-0.05499951168894768,0.02532113902270794,0.042180389165878296,-0.030277324840426445,0.0,-0.006508581340312958,-0.08988586068153381,-9.663790702819824,-0.0619141086935997,-0.2296464890241623,-8.428126335144043,0.0,0.0,0.0,0.0,0.0,0.0,0.0,0.0,0.0,0.0,0.0,0.0,-0.055015161633491516,0.024696167558431625,0.04174627736210823,-0.02993963100016117,0.2652796804904938,0.25427570939064026,0.2673933804035187,0.30986136198043823,-2.2801315784454346,-0.3676586449146271,0.009621580131351948,0.0,0.0,0.0,0.0,0.0,0.0,0.0
30887662742,0,-0.01599527709186077,-0.020629510283470154,-0.8269414305686951,6.569455581484362e-05,-0.04113857448101044,-0.8442511558532715,0.046436384320259094,0.00870279036462307,-0.034250807017087936,0.03197614848613739,-0.040727466344833374,-0.01714247465133667,0.023753544315695763,-0.011699968948960304,0.2133980244398117,0.0,0.0,0.6167710423469543,0.06398314237594604,-0.09829038381576538,0.3735713064670563,-0.1806652545928955,0.10802093148231506,0.48631173372268677,-0.34132224321365356,-1.2192860841751099,-46.392642974853516,-0.428000807762146,0.4745543599128723,0.010727062821388245,-0.06253794580698013,0.2079426795244217,-0.26929771900177,0.1384584903717041,11.407727241516113,10.481293678283691,11.261430740356445,13.261117935180664,-0.03526367247104645,0.018398437649011612,0.03066406212747097,-0.03526367247104645,0.0,-0.05435262247920036,0.02313194051384926,0.04297245293855667,-0.028537144884467125,0.0,-0.006508581340312958,-0.08988586068153381,-9.663790702819824,-0.06173711270093918,-0.23732414841651917,-8.442854881286621,0.0,0.0,0.0,0.0,0.0,0.0,0.0,0.0,0.0,0.0,0.0,0.0,-0.05534977838397026,0.025058407336473465,0.04238039255142212,-0.03011939860880375,0.2652796804904938,0.25427570939064026,0.2673933804035187,0.30986136198043823,-2.2801315784454346,-0.3676586449146271,0.009621580131351948,0.0,0.0,0.0,0.0,0.0,0.0,0.0
30896715732,0,-0.01592230051755905,-0.020774943754076958,-0.8271086812019348,6.569455581484362e-05,-0.04113857448101044,-0.8442511558532715,0.045213732868433,0.012704253196716309,-0.032308731228113174,0.03197614848613739,-0.040727466344833374,-0.01714247465133667,0.02365957200527191,-0.012724545784294605,0.2166801542043686,0.0,0.0,0.6167710423469543,0.037392277270555496,-0.10534872859716415,0.37569668889045715,-0.17939317226409912,0.11587115377187729,0.4793734550476074,-0.34052759408950806,-1.263055682182312,-46.35469436645508,-0.4002896547317505,0.4950404763221741,0.003024432808160782,-0.06189947947859764,0.20985665917396545,-0.27155497670173645,0.1369413137435913,11.666094779968262,10.290122032165527,11.369935989379883,13.048300743103027,-0.036796875298023224,0.016865234822034836,0.032197266817092896,-0.03526367247104645,0.0,-0.05439242720603943,0.02516084723174572,0.04396078363060951,-0.030157534405589104,0.0,-0.06280510127544403,0.03828245401382446,-9.585264205932617,-0.06173711270093918,-0.23732414841651917,-8.442854881286621,0.0,0.0,0.0,0.0,0.0,0.0,0.0,0.0,0.0,0.0,0.0,0.0,-0.055362023413181305,0.02507566288113594,0.04281056299805641,-0.030070871114730835,0.27415016293525696,0.24700242280960083,0.26833972334861755,0.30103620886802673,-2.538086175918579,-0.5184352397918701,0.15752708911895752,0.0,0.0,0.0,0.0,0.0,0.0,0.0
30906714483,0,-0.015158195979893208,-0.021338291466236115,-0.8274478316307068,6.569455581484362e-05,-0.04113857448101044,-0.8442511558532715,0.047911789268255234,0.013481087051331997,-0.02552678808569908,0.030447933822870255,-0.039600763469934464,-0.016803324222564697,0.022928530350327492,-0.014690170995891094,0.22305481135845184,0.0,0.0,0.6142647862434387,-0.004270818550139666,-0.10546174645423889,0.37837618589401245,-0.17939317226409912,0.11587115377187729,0.4793734550476074,-0.34052759408950806,-1.263055682182312,-46.35469436645508,-0.4002896547317505,0.4950404763221741,0.003024432808160782,-0.06189947947859764,0.20985665917396545,-0.27155497670173645,0.1369413137435913,12.025272369384766,10.166281700134277,11.574527740478516,12.881461143493652,-0.036796875298023224,0.015332031063735485,0.032197266817092896,-0.03526367247104645,0.0,-0.052766259759664536,0.025467412546277046,0.043183233588933945,-0.030548255890607834,0.0,-0.06280510127544403,0.03828245401382446,-9.585264205932617,-0.07063061743974686,-0.23485960066318512,-8.492024421691895,0.0,0.0,0.0,0.0,0.0,0.0,0.0,0.0,0.0,0.0,0.0,0.0,-0.05511227622628212,0.0250204149633646,0.04315291345119476,-0.03000626713037491,0.27415016293525696,0.24700242280960083,0.26833972334861755,0.30103620886802673,-2.0703723430633545,-0.0677482932806015,0.14643730223178864,0.0,0.0,0.0,0.0,0.0,0.0,0.0
30916488132,0,-0.015158195979893208,-0.021338291466236115,-0.8274478316307068,6.569455581484362e-05,-0.04113857448101044,-0.8442511558532715,0.047911789268255234,0.013481087051331997,-0.02552678808569908,0.030447933822870255,-0.039600763469934464,-0.016803324222564697,0.022928530350327492,-0.014690170995891094,0.22305481135845184,0.0,0.0,0.6142647862434387,-0.04128782078623772,-0.09961146116256714,0.37756219506263733,-0.1725812554359436,0.13067661225795746,0.4687281847000122,-0.367190420627594,-1.2918132543563843,-46.626060485839844,-0.36815381050109863,0.512160062789917,-0.005500268191099167,-0.060480158776044846,0.21366778016090393,-0.277256041765213,0.133528932929039,12.244184494018555,10.120586395263672,11.600945472717285,12.744563102722168,-0.038330078125,0.015332031063735485,0.03526367247104645,-0.03526367247104645,0.0,-0.053298357874155045,0.025808105245232582,0.04490859434008598,-0.03081353008747101,0.0,-0.04544641450047493,-0.1035151481628418,-9.673120498657227,-0.07063061743974686,-0.23485960066318512,-8.492024421691895,0.0,0.0,0.0,0.0,0.0,0.0,0.0,0.0,0.0,0.0,0.0,0.0,-0.05465611070394516,0.025077302008867264,0.04344234615564346,-0.030068716034293175,0.28117308020591736,0.24453970789909363,0.27235567569732666,0.2978108823299408,-2.054352045059204,0.19144749641418457,0.09457064419984818,0.0,0.0,0.0,0.0,0.0,0.0,0.0
30926753178,0,-0.01342427171766758,-0.02239341102540493,-0.8277759552001953,6.569455581484362e-05,-0.04113857448101044,-0.8442511558532715,0.05379672348499298,0.01015101745724678,-0.02583756297826767,0.026980068534612656,-0.03749051317572594,-0.016475200653076172,0.022410867735743523,-0.01677676849067211,0.22981490194797516,0.0,0.0,0.6142647862434387,-0.04128782078623772,-0.09961146116256714,0.37756219506263733,-0.1617557853460312,0.15090255439281464,0.4578837454319,-0.3974428176879883,-1.260219931602478,-46.68662643432617,-0.3220647871494293,0.527140736579895,-0.00975055992603302,-0.05926041305065155,0.2165185660123825,-0.28277787566185,0.13035520911216736,12.244184494018555,10.120586395263672,11.600945472717285,12.744563102722168,-0.038330078125,0.015332031063735485,0.03526367247104645,-0.03526367247104645,0.0,-0.05315114185214043,0.023777959868311882,0.04498209059238434,-0.028992993757128716,0.0,0.13127529621124268,-0.494571715593338,-9.666462898254395,-0.08700983226299286,-0.21966594457626343,-8.484319686889648,0.0,0.0,0.0,0.0,0.0,0.0,0.0,0.0,0.0,0.0,0.0,0.0,-0.05414988845586777,0.02513076364994049,0.043779052793979645,-0.030140643939375877,0.28544092178344727,0.24363024532794952,0.27287349104881287,0.2951602339744568,-2.054352045059204,0.19144749641418457,0.09457064419984818,0.0,0.0,0.0,0.0,0.0,0.0,0.0
30936508223,0,-0.01235508918762207,-0.02303929626941681,-0.827925443649292,6.569455581484362e-05,-0.04113857448101044,-0.8442511558532715,0.05597812682390213,0.008766711689531803,-0.02609432488679886,0.02484169229865074,-0.03619873896241188,-0.016325712203979492,0.021208401769399643,-0.018141401931643486,0.23405000567436218,0.0,0.0,0.6142647862434387,-0.06404141336679459,-0.10454589128494263,0.3810774087905884,-0.1617557853460312,0.15090255439281464,0.4578837454319,-0.4785540699958801,-1.2081626653671265,-46.66375732421875,-0.3220647871494293,0.527140736579895,-0.00975055992603302,-0.05926041305065155,0.2165185660123825,-0.28277787566185,0.13035520911216736,12.501888275146484,9.957595825195312,11.68824291229248,12.53950023651123,-0.038330078125,0.016865234822034836,0.03526367247104645,-0.03373046964406967,0.0,-0.052877284586429596,0.01943785510957241,0.04552563652396202,-0.025711117312312126,0.0,0.13127529621124268,-0.494571715593338,-9.666462898254395,-0.09451237320899963,-0.2121858298778534,-8.480264663696289,0.0,0.0,0.0,0.0,0.0,0.0,0.0,0.0,0.0,0.0,0.0,0.0,-0.05371078476309776,0.024800868704915047,0.044188324362039566,-0.029896831139922142,0.28544092178344727,0.24363024532794952,0.27287349104881287,0.2951602339744568,-2.3129472732543945,-0.08143387734889984,0.2514120936393738,0.0,0.0,0.0,0.0,0.0,0.0,0.0
30946849460,0,-0.01235508918762207,-0.02303929626941681,-0.827925443649292,6.569455581484362e-05,-0.04113857448101044,-0.8442511558532715,0.05597812682390213,0.008766711689531803,-0.02609432488679886,0.02484169229865074,-0.03619873896241188,-0.016325712203979492,0.021208401769399643,-0.018141401931643486,0.23405000567436218,0.0,0.0,0.6142647862434387,-0.09103651344776154,-0.11721980571746826,0.38183602690696716,-0.15714474022388458,0.15661482512950897,0.4555436968803406,-0.4785540699958801,-1.2081626653671265,-46.66375732421875,-0.28750067949295044,0.5474534034729004,-0.016874805092811584,-0.05873103439807892,0.21752680838108063,-0.2854783535003662,0.12894143164157867,12.756994247436523,9.739991188049316,11.685230255126953,12.339725494384766,-0.038330078125,0.015332031063735485,0.036796875298023224,-0.03373046964406967,0.0,-0.05177376791834831,0.019931266084313393,0.04558667913079262,-0.026080813258886337,0.0,-0.0027904482558369637,-0.5570065975189209,-9.702077865600586,-0.09451237320899963,-0.2121858298778534,-8.480264663696289,0.0,0.0,0.0,0.0,0.0,0.0,0.0,0.0,0.0,0.0,0.0,0.0,-0.05330274999141693,0.023871976882219315,0.044614117592573166,-0.029172999784350395,0.2904525399208069,0.24038270115852356,0.27458399534225464,0.2911831736564636,-1.4610323905944824,-0.38431599736213684,0.039819665253162384,0.0,0.0,0.0,0.0,0.0,0.0,0.0
30956875423,0,-0.01235508918762207,-0.02303929626941681,-0.827925443649292,6.569455581484362e-05,-0.04113857448101044,-0.8442511558532715,0.05597812682390213,0.008766711689531803,-0.02609432488679886,0.02484169229865074,-0.03619873896241188,-0.016325712203979492,0.021208401769399643,-0.018141401931643486,0.23405000567436218,0.0,0.0,0.6142647862434387,-0.09103651344776154,-0.11721980571746826,0.38183602690696716,-0.15714474022388458,0.15661482512950897,0.4555436968803406,-0.6360294818878174,-1.2216417789459229,-46.49652862548828,-0.24841190874576569,0.5913676619529724,-0.023546792566776276,-0.05759198218584061,0.21752680838108063,-0.2854783535003662,0.12894143164157867,12.756994247436523,9.739991188049316,11.685230255126953,12.339725494384766,-0.039863280951976776,0.015332031063735485,0.036796875298023224,-0.032197266817092896,0.0,-0.05642141029238701,0.014830665662884712,0.05087125673890114,-0.02185354195535183,0.0,-0.0027904482558369637,-0.5570065975189209,-9.702077865600586,-0.09451237320899963,-0.2121858298778534,-8.480264663696289,0.0,0.0,0.0,0.0,0.0,0.0,0.0,0.0,0.0,0.0,0.0,0.0,-0.053085245192050934,0.022429905831813812,0.04524396359920502,-0.028034353628754616,0.29540127515792847,0.23603776097297668,0.27452489733695984,0.2873004972934723,-1.4610323905944824,-0.38431599736213684,0.039819665253162384,0.0,0.0,0.0,0.0,0.0,0.0,0.0
30966951424,0,-0.010133634321391582,-0.024184511974453926,-0.8282350301742554,6.569455581484362e-05,-0.04113857448101044,-0.8442511558532715,0.060307640582323074,0.018654892221093178,-0.028762513771653175,0.020398760214447975,-0.03390829637646675,-0.016016125679016113,0.019419599324464798,-0.02075037732720375,0.24157804250717163,0.0,0.0,0.6117585301399231,-0.08503617346286774,-0.10904882848262787,0.38058793544769287,-0.1349235475063324,0.17792753875255585,0.44197189807891846,-0.6517325639724731,-1.2429152727127075,-46.540733337402344,-0.26069530844688416,0.5867347717285156,-0.023500069975852966,-0.05707715451717377,0.21987518668174744,-0.2960596978664398,0.12433502078056335,12.740948677062988,9.740623474121094,11.721067428588867,12.363164901733398,-0.039863280951976776,0.015332031063735485,0.038330078125,-0.032197266817092896,0.0,-0.05747631937265396,0.015089371241629124,0.05188021808862686,-0.021926160901784897,0.0,-0.0027904482558369637,-0.5570065975189209,-9.702077865600586,-0.11564172804355621,-0.22211669385433197,-8.453914642333984,0.0,0.0,0.0,0.0,0.0,0.0,0.0,0.0,0.0,0.0,0.0,0.0,-0.05342814698815346,0.020565643906593323,0.04639487713575363,-0.026532186195254326,0.2950902581214905,0.23605042695999146,0.2752266824245453,0.2877563536167145,-0.5280606746673584,0.23131050169467926,-0.09916508942842484,0.0,0.0,0.0,0.0,0.0,0.0,0.0
30976705170,0,-0.009073890745639801,-0.024673299863934517,-0.8283564448356628,6.569455581484362e-05,-0.04113857448101044,-0.8442511558532715,0.05891207233071327,0.02193097025156021,-0.027613429352641106,0.018279261887073517,-0.03293071314692497,-0.015894711017608643,0.018765021115541458,-0.02163243666291237,0.2448299676179886,0.0,0.0,0.6117585301399231,-0.07757475227117538,-0.09528931230306625,0.37811312079429626,-0.1311369091272354,0.18393933773040771,0.43760946393013,-0.6517325639724731,-1.2429152727127075,-46.540733337402344,-0.26069530844688416,0.5867347717285156,-0.023500069975852966,-0.05707715451717377,0.21987518668174744,-0.2960596978664398,0.12433502078056335,12.626513481140137,9.81944465637207,11.681876182556152,12.43829345703125,-0.039863280951976776,0.016865234822034836,0.038330078125,-0.032197266817092896,0.0,-0.057997819036245346,0.014968226663768291,0.05205443501472473,-0.021793697029352188,0.0,-0.15067462623119354,0.31590497493743896,-9.892343521118164,-0.11849682778120041,-0.225984588265419,-8.46195125579834,0.0,0.0,0.0,0.0,0.0,0.0,0.0,0.0,0.0,0.0,0.0,0.0,-0.05431918054819107,0.01862073317170143,0.04793459549546242,-0.02493400312960148,0.2950902581214905,0.23605042695999146,0.2752266824245453,0.2877563536167145,-0.0021329582668840885,0.7535696625709534,-0.24768397212028503,0.0,0.0,0.0,0.0,0.0,0.0,0.0
30987579865,0,-0.009073890745639801,-0.024673299863934517,-0.8283564448356628,6.569455581484362e-05,-0.04113857448101044,-0.8442511558532715,0.05891207233071327,0.02193097025156021,-0.027613429352641106,0.018279261887073517,-0.03293071314692497,-0.015894711017608643,0.018765021115541458,-0.02163243666291237,0.2448299676179886,0.0,0.0,0.6117585301399231,-0.07056485116481781,-0.08860918879508972,0.3780103921890259,-0.1311369091272354,0.18393933773040771,0.43760946393013,-0.7576016187667847,-1.194156527519226,-46.93006134033203,-0.27682653069496155,0.5806642770767212,-0.024850662797689438,-0.056216802448034286,0.21987518668174744,-0.2960596978664398,0.12433502078056335,12.84039306640625,9.786832809448242,11.885370254516602,12.443225860595703,-0.039863280951976776,0.018398437649011612,0.039863280951976776,-0.032197266817092896,0.0,-0.058532875031232834,0.009527257643640041,0.052942339330911636,-0.017315562814474106,0.0,-0.02473955787718296,0.003435540245845914,-9.450721740722656,-0.11849682778120041,-0.225984588265419,-8.46195125579834,0.0,0.0,0.0,0.0,0.0,0.0,0.0,0.0,0.0,0.0,0.0,0.0,-0.055436838418245316,0.01674480363726616,0.0494849868118763,-0.023368051275610924,0.2970160245895386,0.23697412014007568,0.2784406840801239,0.2893128991127014,0.2950535714626312,0.7410788536071777,-0.20727525651454926,0.0,0.0,0.0,0.0,0.0,0.0,0.0
30996804888,0,-0.0069563137367367744,-0.02556261047720909,-0.8285825848579407,6.569455581484362e-05,-0.04113857448101044,-0.8442511558532715,0.06456594169139862,0.021790191531181335,-0.01793471910059452,0.014044087380170822,-0.031152084469795227,-0.01566857099533081,0.0169299878180027,-0.022902341559529305,0.2511296272277832,0.0,0.0,0.6117585301399231,-0.07056485116481781,-0.08860918879508972,0.3780103921890259,-0.1311369091272354,0.18393933773040771,0.43760946393013,-0.7576016187667847,-1.194156527519226,-46.93006134033203,-0.27682653069496155,0.5806642770767212,-0.024850662797689438,-0.056216802448034286,0.21987518668174744,-0.2960596978664398,0.12433502078056335,12.84039306640625,9.786832809448242,11.885370254516602,12.443225860595703,-0.039863280951976776,0.018398437649011612,0.039863280951976776,-0.032197266817092896,0.0,-0.058532875031232834,0.009527257643640041,0.052942339330911636,-0.017315562814474106,0.0,-0.02473955787718296,0.003435540245845914,-9.450721740722656,-0.13774575293064117,-0.21711936593055725,-8.53273868560791,0.0,0.0,0.0,0.0,0.0,0.0,0.0,0.0,0.0,0.0,0.0,0.0,-0.05653313919901848,0.014741367660462856,0.050844501703977585,-0.02168763056397438,0.2970160245895386,0.23697412014007568,0.2784406840801239,0.2893128991127014,0.2950535714626312,0.7410788536071777,-0.20727525651454926,0.0,0.0,0.0,0.0,0.0,0.0,0.0
31006688221,0,-0.003727016504853964,-0.026846643537282944,-0.8288413882255554,6.569455581484362e-05,-0.04113857448101044,-0.8442511558532715,0.07094285637140274,0.029881052672863007,-0.013721195049583912,0.007585460320115089,-0.028584005311131477,-0.015409767627716064,0.015500400215387344,-0.025128932669758797,0.2616490125656128,0.0,0.0,0.6117585301399231,-0.0612899549305439,-0.06975734978914261,0.3817152678966522,-0.10819671303033829,0.20828264951705933,0.4405055642127991,-0.8609424233436584,-1.1986608505249023,-47.02956008911133,-0.27501076459884644,0.5743647813796997,-0.018201228231191635,-0.05546988919377327,0.22350074350833893,-0.30930018424987793,0.11887368559837341,12.691720008850098,9.991097450256348,11.751864433288574,12.621603012084961,-0.039863280951976776,0.018398437649011612,0.04139648377895355,-0.03066406212747097,0.0,-0.0621650256216526,0.005916116759181023,0.05686301365494728,-0.01423756591975689,0.0,0.19741743803024292,0.3570808470249176,-9.593771934509277,-0.1665726751089096,-0.2200627326965332,-8.551002502441406,0.0,0.0,0.0,0.0,0.0,0.0,0.0,0.0,0.0,0.0,0.0,0.0,-0.05760888010263443,0.012627321295440197,0.05208110809326172,-0.019912419840693474,0.2941361367702484,0.24105069041252136,0.27582958340644836,0.2927763760089874,0.441003680229187,0.9130348563194275,0.014743614010512829,0.0,0.0,0.0,0.0,0.0,0.0,0.0
31016678665,0,-0.0027159994933754206,-0.02728305198252201,-0.8288995027542114,6.569455581484362e-05,-0.04113857448101044,-0.8442511558532715,0.0704997330904007,0.035441357642412186,-0.010126405395567417,0.005563416052609682,-0.027711182832717896,-0.015351653099060059,0.015034662559628487,-0.02503887005150318,0.26565447449684143,0.0,0.0,0.6117585301399231,-0.05219366401433945,-0.046123359352350235,0.3813626766204834,-0.10545001178979874,0.2068440467119217,0.41472378373146057,-0.9161497354507446,-1.2103450298309326,-47.030513763427734,-0.2849504351615906,0.5499789714813232,-0.0372176393866539,-0.05510673671960831,0.22350074350833893,-0.30930018424987793,0.11887368559837341,13.116296768188477,9.536947250366211,12.279953002929688,12.12527084350586,-0.04139648377895355,0.016865234822034836,0.04139648377895355,-0.029130859300494194,0.0,-0.06192656606435776,0.004625716246664524,0.056376226246356964,-0.01351865753531456,0.0,0.19741743803024292,0.3570808470249176,-9.593771934509277,-0.17265918850898743,-0.22781790792942047,-8.57447624206543,0.0,0.0,0.0,0.0,0.0,0.0,0.0,0.0,0.0,0.0,0.0,0.0,-0.058800116181373596,0.01045626774430275,0.053368356078863144,-0.018101012334227562,0.2941361367702484,0.24105069041252136,0.27582958340644836,0.2927763760089874,0.7027736902236938,1.5677872896194458,-0.011686691083014011,0.0,0.0,0.0,0.0,0.0,0.0,0.0
31026921902,0,-0.0027159994933754206,-0.02728305198252201,-0.8288995027542114,6.569455581484362e-05,-0.04113857448101044,-0.8442511558532715,0.0704997330904007,0.035441357642412186,-0.010126405395567417,0.005563416052609682,-0.027711182832717896,-0.015351653099060059,0.015034662559628487,-0.02503887005150318,0.26565447449684143,0.0,0.0,0.6117585301399231,-0.05219366401433945,-0.046123359352350235,0.3813626766204834,-0.10545001178979874,0.2068440467119217,0.41472378373146057,-0.9161497354507446,-1.2103450298309326,-47.030513763427734,-0.2849504351615906,0.5499789714813232,-0.0372176393866539,-0.05510673671960831,0.22466635704040527,-0.3126894235610962,0.11746206879615784,13.116296768188477,9.536947250366211,12.279953002929688,12.12527084350586,-0.04292968660593033,0.013798828236758709,0.04292968660593033,-0.029130859300494194,0.0,-0.06192656606435776,0.004625716246664524,0.056376226246356964,-0.01351865753531456,0.0,-0.05392371490597725,0.4839022159576416,-9.479999542236328,-0.17265918850898743,-0.22781790792942047,-8.57447624206543,0.0,0.0,0.0,0.0,0.0,0.0,0.0,0.0,0.0,0.0,0.0,0.0,-0.05997389182448387,0.008372150361537933,0.054578930139541626,-0.016397735103964806,0.3023492991924286,0.2319747358560562,0.28613710403442383,0.2831237018108368,0.7027736902236938,1.5677872896194458,-0.011686691083014011,0.0,0.0,0.0,0.0,0.0,0.0,0.0
31036536352,0,-0.001666319090873003,-0.02769538015127182,-0.8289431929588318,6.569455581484362e-05,-0.04113857448101044,-0.8442511558532715,0.07131653279066086,0.03527137637138367,-0.009593881666660309,0.003464044537395239,-0.02688652276992798,-0.015307962894439697,0.014920050278306007,-0.024976283311843872,0.2691926956176758,0.0,0.0,0.6117585301399231,-0.030683688819408417,0.0031187357380986214,0.3856450021266937,-0.10545001178979874,0.2068440467119217,0.41472378373146057,-0.9798699617385864,-1.2311097383499146,-47.16217803955078,-0.30850502848625183,0.49939674139022827,-0.04682735726237297,-0.05449002608656883,0.22746999561786652,-0.31860047578811646,0.11482008546590805,13.27715015411377,9.369688987731934,12.666709899902344,11.877202987670898,-0.044462889432907104,0.013798828236758709,0.044462889432907104,-0.029130859300494194,0.0,-0.06337890028953552,0.003158952109515667,0.05706796050071716,-0.012465791776776314,0.0,-0.05392371490597725,0.4839022159576416,-9.479999542236328,-0.17815817892551422,-0.22383813560009003,-8.574941635131836,0.0,0.0,0.0,0.0,0.0,0.0,0.0,0.0,0.0,0.0,0.0,0.0,-0.0609784871339798,0.006588172633200884,0.0555378682911396,-0.014980202540755272,0.3023492991924286,0.2319747358560562,0.28613710403442383,0.2831237018108368,0.9794591665267944,2.0304832458496094,0.14872008562088013,0.0,0.0,0.0,0.0,0.0,0.0,0.0
31047479834,0,-0.001666319090873003,-0.02769538015127182,-0.8289431929588318,6.569455581484362e-05,-0.04113857448101044,-0.8442511558532715,0.07131653279066086,0.03527137637138367,-0.009593881666660309,0.003464044537395239,-0.02688652276992798,-0.015307962894439697,0.014920050278306007,-0.024976283311843872,0.2691926956176758,0.0,0.0,0.6117585301399231,-0.023359201848506927,0.016933497041463852,0.38134241104125977,-0.10545001178979874,0.2068440467119217,0.41472378373146057,-0.9913672208786011,-1.2642598152160645,-47.36109924316406,-0.31396108865737915,0.48763275146484375,-0.04317275434732437,-0.05427515506744385,0.22746999561786652,-0.31860047578811646,0.11482008546590805,13.21070671081543,9.519331932067871,12.650619506835938,12.009029388427734,-0.044462889432907104,0.013798828236758709,0.044462889432907104,-0.029130859300494194,0.0,-0.0648777112364769,0.003938035573810339,0.05840899422764778,-0.012947021052241325,0.0,-0.05392371490597725,0.4839022159576416,-9.479999542236328,-0.17815817892551422,-0.22383813560009003,-8.574941635131836,0.0,0.0,0.0,0.0,0.0,0.0,0.0,0.0,0.0,0.0,0.0,0.0,-0.06191764399409294,0.005181610584259033,0.05632178485393524,-0.013889835216104984,0.30545178055763245,0.2286210060119629,0.29365143179893494,0.27828118205070496,0.9467697143554688,1.7962700128555298,-0.08708750456571579,0.0,0.0,0.0,0.0,0.0,0.0,0.0
31056685385,0,0.00022594018082600087,-0.028630606830120087,-0.8289770483970642,6.569455581484362e-05,-0.04113857448101044,-0.8442511558532715,0.07051881402730942,0.040835216641426086,0.00028469698736444116,-0.00032049286528490484,-0.0250160600990057,-0.015274107456207275,0.014127932488918304,-0.02447679080069065,0.2764153480529785,0.0,0.0,0.6117585301399231,-0.023359201848506927,0.016933497041463852,0.38134241104125977,-0.09900438785552979,0.20167537033557892,0.40186309814453125,-0.9913672208786011,-1.2642598152160645,-47.36109924316406,-0.31396108865737915,0.48763275146484375,-0.04317275434732437,-0.05427515506744385,0.2288481891155243,-0.320853590965271,0.11370930075645447,13.21070671081543,9.519331932067871,12.650619506835938,12.009029388427734,-0.04599609225988388,0.012265625409781933,0.04599609225988388,-0.027597656473517418,0.0,-0.0648777112364769,0.003938035573810339,0.05840899422764778,-0.012947021052241325,0.0,-0.3010804057121277,-0.03747733682394028,-9.283037185668945,-0.18716229498386383,-0.22848641872406006,-8.643438339233398,0.0,0.0,0.0,0.0,0.0,0.0,0.0,0.0,0.0,0.0,0.0,0.0,-0.06285659968852997,0.00422443263232708,0.057030607014894485,-0.013157403096556664,0.3041706681251526,0.23162196576595306,0.2933393120765686,0.28085607290267944,0.9467697143554688,1.7962700128555298,-0.08708750456571579,0.0,0.0,0.0,0.0,0.0,0.0,0.0
31066816058,0,0.00022594018082600087,-0.028630606830120087,-0.8289770483970642,6.569455581484362e-05,-0.04113857448101044,-0.8442511558532715,0.07051881402730942,0.040835216641426086,0.00028469698736444116,-0.00032049286528490484,-0.0250160600990057,-0.015274107456207275,0.014127932488918304,-0.02447679080069065,0.2764153480529785,0.0,0.0,0.6117585301399231,-0.0327119417488575,0.04551639407873154,0.3758341073989868,-0.09900438785552979,0.20167537033557892,0.40186309814453125,-1.1721075773239136,-1.2164101600646973,-47.433937072753906,-0.2875508964061737,0.45595115423202515,-0.044218070805072784,-0.05387924611568451,0.23203741014003754,-0.3256985545158386,0.11103833466768265,13.251263618469238,9.598008155822754,12.702434539794922,11.914254188537598,-0.04599609225988388,0.009199218824505806,0.04599609225988388,-0.027597656473517418,0.0,-0.0681997761130333,-0.004469802603125572,0.06190992146730423,-0.006230197846889496,0.0,-0.3010804057121277,-0.03747733682394028,-9.283037185668945,-0.18716229498386383,-0.22848641872406006,-8.643438339233398,0.0,0.0,0.0,0.0,0.0,0.0,0.0,0.0,0.0,0.0,0.0,0.0,-0.06384458392858505,0.003312963992357254,0.057795070111751556,-0.012448502704501152,0.30495262145996094,0.2331976443529129,0.29434385895729065,0.27900514006614685,-0.03440503776073456,1.5293090343475342,-0.13177980482578278,0.0,0.0,0.0,0.0,0.0,0.0,0.0
31076959017,0,0.0020870990119874477,-0.029604386538267136,-0.8289579749107361,6.569455581484362e-05,-0.04113857448101044,-0.8442511558532715,0.07979898154735565,0.04334545508027077,-0.0009463553433306515,-0.004042828921228647,-0.023068491369485855,-0.0152931809425354,0.012600856833159924,-0.023701433092355728,0.2830049395561218,0.0,0.0,0.6117585301399231,-0.03243645653128624,0.0881468877196312,0.3674018681049347,-0.08856947720050812,0.1910620927810669,0.3913317322731018,-1.2279319763183594,-1.213466763496399,-47.098506927490234,-0.28457650542259216,0.3951675295829773,-0.03904872015118599,-0.05363490805029869,0.23203741014003754,-0.3256985545158386,0.11103833466768265,12.950963020324707,9.740005493164062,12.577795028686523,11.862128257751465,-0.04599609225988388,0.006132812704890966,0.04599609225988388,-0.026064453646540642,0.0,-0.07121036946773529,-0.0065106237307190895,0.06403477489948273,-0.0044835759326815605,0.0,-0.2137964963912964,0.14739303290843964,-10.117449760437012,-0.21311046183109283,-0.2211654782295227,-8.62435245513916,0.0,0.0,0.0,0.0,0.0,0.0,0.0,0.0,0.0,0.0,0.0,0.0,-0.06511977314949036,0.0017222826136276126,0.05886686220765114,-0.011181694455444813,0.30495262145996094,0.2331976443529129,0.29434385895729065,0.27900514006614685,0.012945212423801422,1.9915488958358765,-0.3520064353942871,0.0,0.0,0.0,0.0,0.0,0.0,0.0
31086552289,0,0.003532025031745434,-0.030370265245437622,-0.8289108872413635,6.569455581484362e-05,-0.04113857448101044,-0.8442511558532715,0.08146248757839203,0.04673328995704651,-0.008593457750976086,-0.006932695861905813,-0.021536726504564285,-0.015340268611907959,0.012303824536502361,-0.02208736166357994,0.28991085290908813,0.0,0.0,0.6117585301399231,-0.03243645653128624,0.0881468877196312,0.3674018681049347,-0.0820266604423523,0.17389823496341705,0.3838271498680115,-1.2279319763183594,-1.213466763496399,-47.098506927490234,-0.28457650542259216,0.3951675295829773,-0.03904872015118599,-0.05363490805029869,0.23485684394836426,-0.3293316662311554,0.10852265357971191,12.950963020324707,9.740005493164062,12.577795028686523,11.862128257751465,-0.04599609225988388,0.003066406352445483,0.04752929508686066,-0.024531250819563866,0.0,-0.07121036946773529,-0.0065106237307190895,0.06403477489948273,-0.0044835759326815605,0.0,-0.24119004607200623,-0.06259873509407043,-9.67135238647461,-0.22326035797595978,-0.22063031792640686,-8.56336498260498,0.0,0.0,0.0,0.0,0.0,0.0,0.0,0.0,0.0,0.0,0.0,0.0,-0.06673192977905273,-0.0004850821860600263,0.060249581933021545,-0.009403252974152565,0.2991550862789154,0.2360382229089737,0.29192644357681274,0.2779863774776459,0.012945212423801422,1.9915488958358765,-0.3520064353942871,0.0,0.0,0.0,0.0,0.0,0.0,0.0
31096579397,0,0.003532025031745434,-0.030370265245437622,-0.8289108872413635,6.569455581484362e-05,-0.04113857448101044,-0.8442511558532715,0.08146248757839203,0.04673328995704651,-0.008593457750976086,-0.006932695861905813,-0.021536726504564285,-0.015340268611907959,0.012303824536502361,-0.02208736166357994,0.28991085290908813,0.0,0.0,0.6117585301399231,-0.02778840810060501,0.10048573464155197,0.3604193329811096,-0.0820266604423523,0.17389823496341705,0.3838271498680115,-1.2279319763183594,-1.213466763496399,-47.098506927490234,-0.28457650542259216,0.3951675295829773,-0.03904872015118599,-0.05363490805029869,0.23485684394836426,-0.3293316662311554,0.10852265357971191,12.950963020324707,9.740005493164062,12.577795028686523,11.862128257751465,-0.04752929508686066,0.0,0.04906250163912773,-0.024531250819563866,0.0,-0.07121036946773529,-0.0065106237307190895,0.06403477489948273,-0.0044835759326815605,0.0,-0.24119004607200623,-0.06259873509407043,-9.67135238647461,-0.22326035797595978,-0.22063031792640686,-8.56336498260498,0.0,0.0,0.0,0.0,0.0,0.0,0.0,0.0,0.0,0.0,0.0,0.0,-0.06835120171308517,-0.002682567574083805,0.06162809208035469,-0.007620780263096094,0.2991550862789154,0.2360382229089737,0.29192644357681274,0.2779863774776459,0.17643794417381287,1.6009188890457153,-0.48865681886672974,0.0,0.0,0.0,0.0,0.0,0.0,0.0
31106828181,0,0.004720980301499367,-0.031066836789250374,-0.8288477063179016,6.569455581484362e-05,-0.04113857448101044,-0.8442511558532715,0.07815609127283096,0.04843064025044441,-0.00891308393329382,-0.009310618042945862,-0.020143575966358185,-0.015403449535369873,0.011621839366853237,-0.020190639421343803,0.2962775230407715,0.0,0.0,0.6142647862434387,-0.02778840810060501,0.10048573464155197,0.3604193329811096,-0.08207796514034271,0.16601935029029846,0.3781598210334778,-1.219338059425354,-1.220320224761963,-47.06277847290039,-0.29187479615211487,0.3820881247520447,-0.033947087824344635,-0.05354778468608856,0.23641127347946167,-0.3308974504470825,0.10708215832710266,12.783248901367188,9.866902351379395,12.47229290008545,11.972209930419922,-0.04906250163912773,0.0,0.05059570446610451,-0.02299804612994194,0.0,-0.07209056615829468,-0.0058637699112296104,0.06453535705804825,-0.0048906258307397366,0.0,-0.28932732343673706,0.040379151701927185,-9.709444046020508,-0.22232764959335327,-0.22049176692962646,-8.565425872802734,0.0,0.0,0.0,0.0,0.0,0.0,0.0,0.0,0.0,0.0,0.0,0.0,-0.06971578299999237,-0.004439857788383961,0.06277325004339218,-0.0061840177513659,0.29590973258018494,0.2385731041431427,0.28987783193588257,0.28013718128204346,0.17643794417381287,1.6009188890457153,-0.48865681886672974,0.0,0.0,0.0,0.0,0.0,0.0,0.0
31118006218,0,0.004720980301499367,-0.031066836789250374,-0.8288477063179016,6.569455581484362e-05,-0.04113857448101044,-0.8442511558532715,0.07815609127283096,0.04843064025044441,-0.00891308393329382,-0.009310618042945862,-0.020143575966358185,-0.015403449535369873,0.011621839366853237,-0.020190639421343803,0.2962775230407715,0.0,0.0,0.6142647862434387,-0.03447883948683739,0.1081458181142807,0.3588801324367523,-0.08207796514034271,0.16601935029029846,0.3781598210334778,-1.2252399921417236,-1.152618169784546,-47.11067581176758,-0.272065669298172,0.3659447729587555,-0.038653869181871414,-0.053454864770174026,0.23933318257331848,-0.3335573077201843,0.10435682535171509,12.92135238647461,9.813146591186523,12.594512939453125,11.812970161437988,-0.04906250163912773,0.0,0.052128907293081284,-0.021464843302965164,0.0,-0.06961573660373688,-0.00853751227259636,0.06217796728014946,-0.0027450742200016975,0.0,-0.28932732343673706,0.040379151701927185,-9.709444046020508,-0.22232764959335327,-0.22049176692962646,-8.565425872802734,0.0,0.0,0.0,0.0,0.0,0.0,0.0,0.0,0.0,0.0,0.0,0.0,-0.07067033648490906,-0.005720050074160099,0.06352976709604263,-0.005120977759361267,0.29858261346817017,0.23749971389770508,0.2922508120536804,0.27702516317367554,-0.41466546058654785,0.8023160099983215,-0.1563984453678131,0.0,0.0,0.0,0.0,0.0,0.0,0.0
31126747078,0,0.005472574383020401,-0.03176714852452278,-0.8287883400917053,6.569455581484362e-05,-0.04113857448101044,-0.8442511558532715,0.07912029325962067,0.04480388015508652,-0.01000333670526743,-0.010813813656568527,-0.018742945045232773,-0.015462815761566162,0.01012186799198389,-0.018091954290866852,0.3030177354812622,0.0,0.0,0.6142647862434387,-0.04043475165963173,0.11778537929058075,0.3596142530441284,-0.07135797291994095,0.14855645596981049,0.3731256127357483,-1.2358704805374146,-1.1443108320236206,-47.08494186401367,-0.2635558843612671,0.34668076038360596,-0.04205471649765968,-0.05344247445464134,0.2407403290271759,-0.3348284959793091,0.10298275947570801,12.986133575439453,9.762744903564453,12.689006805419922,11.680550575256348,-0.04906250163912773,-0.0015332031762227416,0.05366211012005806,-0.019931640475988388,0.0,-0.06933025270700455,-0.009266057051718235,0.061780259013175964,-0.002201821655035019,0.0,-0.07425352931022644,0.03404121473431587,-10.09013557434082,-0.22470372915267944,-0.2080565094947815,-8.560898780822754,0.0,0.0,0.0,0.0,0.0,0.0,0.0,0.0,0.0,0.0,0.0,0.0,-0.07104618847370148,-0.006779826711863279,0.06374278664588928,-0.004233659245073795,0.29983505606651306,0.23649272322654724,0.29408350586891174,0.2744331657886505,-0.5723742246627808,0.9073855876922607,-0.04826756939291954,0.0,0.0,0.0,0.0,0.0,0.0,0.0
31136862361,0,0.005780832841992378,-0.03212187439203262,-0.8287730813026428,6.569455581484362e-05,-0.04113857448101044,-0.8442511558532715,0.08123411238193512,0.04486066475510597,-0.010935775004327297,-0.011430333368480206,-0.01803348958492279,-0.015478074550628662,0.009733593091368675,-0.01688142493367195,0.30651435256004333,0.0,0.0,0.6142647862434387,-0.040570955723524094,0.1283624768257141,0.360885351896286,-0.06897406280040741,0.13871151208877563,0.3689514398574829,-1.2358704805374146,-1.1443108320236206,-47.08494186401367,-0.2635558843612671,0.34668076038360596,-0.04205471649765968,-0.05344247445464134,0.2407403290271759,-0.3348284959793091,0.10298275947570801,13.03892993927002,9.685897827148438,12.811772346496582,11.552678108215332,-0.05059570446610451,-0.003066406352445483,0.05366211012005806,-0.018398437649011612,0.0,-0.06904906034469604,-0.009339576587080956,0.06118752062320709,-0.0022261966951191425,0.0,0.2967957556247711,0.07419715076684952,-10.109753608703613,-0.22980788350105286,-0.20444144308567047,-8.555312156677246,0.0,0.0,0.0,0.0,0.0,0.0,0.0,0.0,0.0,0.0,0.0,0.0,-0.07091458886861801,-0.007729596458375454,0.06347641348838806,-0.0034485217183828354,0.29983505606651306,0.23649272322654724,0.29408350586891174,0.2744331657886505,-0.3950877785682678,1.05423104763031,0.04917854443192482,0.0,0.0,0.0,0.0,0.0,0.0,0.0
31147754268,0,0.005780832841992378,-0.03212187439203262,-0.8287730813026428,6.569455581484362e-05,-0.04113857448101044,-0.8442511558532715,0.08123411238193512,0.04486066475510597,-0.010935775004327297,-0.011430333368480206,-0.01803348958492279,-0.015478074550628662,0.009733593091368675,-0.01688142493367195,0.30651435256004333,0.0,0.0,0.6142647862434387,-0.03557024523615837,0.14364299178123474,0.35749000310897827,-0.06601341813802719,0.11108773946762085,0.3598324954509735,-1.2192856073379517,-1.1235597133636475,-47.03232192993164,-0.2768148183822632,0.2979393005371094,-0.043173324316740036,-0.05349515751004219,0.2432139664888382,-0.336595743894577,0.10053849965333939,12.9085693359375,9.774065971374512,12.799120903015137,11.586063385009766,-0.052128907293081284,-0.004599609412252903,0.055195312947034836,-0.016865234822034836,0.0,-0.06872689723968506,-0.009411893784999847,0.06021035462617874,-0.0020975873339921236,0.0,0.2967957556247711,0.07419715076684952,-10.109753608703613,-0.22980788350105286,-0.20444144308567047,-8.555312156677246,0.0,0.0,0.0,0.0,0.0,0.0,0.0,0.0,0.0,0.0,0.0,0.0,-0.07050374150276184,-0.00849373359233141,0.06290531158447266,-0.002829772187396884,0.29833534359931946,0.23671886324882507,0.2962169647216797,0.2725817859172821,0.014451711438596249,1.240096092224121,-0.10686331242322922,0.0,0.0,0.0,0.0,0.0,0.0,0.0
31156736385,0,0.006362506654113531,-0.032603126019239426,-0.828772246837616,6.569455581484362e-05,-0.04113857448101044,-0.8442511558532715,0.07155061513185501,0.04347612336277962,-0.010380183346569538,-0.012593687511980534,-0.017070982605218887,-0.015478909015655518,0.009556581266224384,-0.014216136187314987,0.3129826486110687,0.0,0.0,0.6142647862434387,-0.024639487266540527,0.15308159589767456,0.34966418147087097,-0.06601341813802719,0.11108773946762085,0.3598324954509735,-1.2192856073379517,-1.1235597133636475,-47.03232192993164,-0.2768148183822632,0.2979393005371094,-0.043173324316740036,-0.05349515751004219,0.2432139664888382,-0.336595743894577,0.10053849965333939,12.9085693359375,9.774065971374512,12.799120903015137,11.586063385009766,-0.05366211012005806,-0.006132812704890966,0.05672851577401161,-0.015332031063735485,0.0,-0.06872689723968506,-0.009411893784999847,0.06021035462617874,-0.0020975873339921236,0.0,0.011372453533113003,0.1171899363398552,-10.094651222229004,-0.21274307370185852,-0.2039070874452591,-8.564473152160645,0.0,0.0,0.0,0.0,0.0,0.0,0.0,0.0,0.0,0.0,0.0,0.0,-0.0699886605143547,-0.009035634808242321,0.06217222288250923,-0.002396288560703397,0.29833534359931946,0.23671886324882507,0.2962169647216797,0.2725817859172821,0.47343164682388306,0.9544572234153748,-0.4037366211414337,0.0,0.0,0.0,0.0,0.0,0.0,0.0
31167203841,0,0.006852095015347004,-0.03294362872838974,-0.8288090825080872,6.569455581484362e-05,-0.04113857448101044,-0.8442511558532715,0.06869139522314072,0.04548091068863869,-0.0027408094611018896,-0.013572868891060352,-0.01638997346162796,-0.015442073345184326,0.008839822374284267,-0.011367698200047016,0.3189503848552704,0.0,0.0,0.6142647862434387,-0.024639487266540527,0.15308159589767456,0.34966418147087097,-0.06601341813802719,0.11108773946762085,0.3598324954509735,-1.2192856073379517,-1.1235597133636475,-47.03232192993164,-0.2768148183822632,0.2979393005371094,-0.043173324316740036,-0.05349515751004219,0.2432139664888382,-0.336595743894577,0.10053849965333939,12.9085693359375,9.774065971374512,12.799120903015137,11.586063385009766,-0.055195312947034836,-0.0076660155318677425,0.05826171860098839,-0.015332031063735485,0.0,-0.06872689723968506,-0.009411893784999847,0.06021035462617874,-0.0020975873339921236,0.0,0.011372453533113003,0.1171899363398552,-10.094651222229004,-0.2107037901878357,-0.2066158652305603,-8.62428092956543,0.0,0.0,0.0,0.0,0.0,0.0,0.0,0.0,0.0,0.0,0.0,0.0,-0.06950249522924423,-0.009371577762067318,0.06144966930150986,-0.002127977553755045,0.29833534359931946,0.23671886324882507,0.2962169647216797,0.2725817859172821,0.47343164682388306,0.9544572234153748,-0.4037366211414337,0.0,0.0,0.0,0.0,0.0,0.0,0.0
31176503709,0,0.006852095015347004,-0.03294362872838974,-0.8288090825080872,6.569455581484362e-05,-0.04113857448101044,-0.8442511558532715,0.06869139522314072,0.04548091068863869,-0.0027408094611018896,-0.013572868891060352,-0.01638997346162796,-0.015442073345184326,0.008839822374284267,-0.011367698200047016,0.3189503848552704,0.0,0.0,0.6142647862434387,-0.01873178966343403,0.15579228103160858,0.3382115364074707,-0.06673954427242279,0.09135381132364273,0.35177499055862427,-1.1693472862243652,-1.1748707294464111,-47.388343811035156,-0.29717499017715454,0.25634336471557617,-0.020828556269407272,-0.05368117615580559,0.24739614129066467,-0.3379310369491577,0.09648507833480835,12.347681045532227,10.452123641967773,12.424034118652344,12.202920913696289,-0.055195312947034836,-0.0076660155318677425,0.059794921427965164,-0.013798828236758709,0.0,-0.07190989702939987,-0.005395702086389065,0.06205325946211815,-0.004941621329635382,0.0,0.011372453533113003,0.1171899363398552,-10.094651222229004,-0.2107037901878357,-0.2066158652305603,-8.62428092956543,0.0,0.0,0.0,0.0,0.0,0.0,0.0,0.0,0.0,0.0,0.0,0.0,-0.06926710903644562,-0.009358963929116726,0.060950640588998795,-0.002121611498296261,0.28745511174201965,0.25021907687187195,0.2889399230480194,0.2846369743347168,0.433468759059906,0.4355602264404297,-0.5616037845611572,0.0,0.0,0.0,0.0,0.0,0.0,0.0
31187137343,0,0.007080014329403639,-0.03306934982538223,-0.8288450241088867,6.569455581484362e-05,-0.04113857448101044,-0.8442511558532715,0.06782351434230804,0.04959254711866379,-0.003555743955075741,-0.014028709381818771,-0.016138529404997826,-0.015406131744384766,0.008551474660634995,-0.010037397034466267,0.3220311105251312,0.0,0.0,0.6242898106575012,-0.01873178966343403,0.15579228103160858,0.3382115364074707,-0.06417594850063324,0.0785602256655693,0.36002394556999207,-1.1693472862243652,-1.1748707294464111,-47.388343811035156,-0.29717499017715454,0.25634336471557617,-0.020828556269407272,-0.05368117615580559,0.24739614129066467,-0.3379310369491577,0.09648507833480835,12.347681045532227,10.452123641967773,12.424034118652344,12.202920913696289,-0.05366211012005806,-0.0076660155318677425,0.06132812425494194,-0.012265625409781933,0.0,-0.07190989702939987,-0.005395702086389065,0.06205325946211815,-0.004941621329635382,0.0,-0.15627694129943848,0.31856483221054077,-10.24779987335205,-0.21260860562324524,-0.2136128693819046,-8.61606216430664,0.0,0.0,0.0,0.0,0.0,0.0,0.0,0.0,0.0,0.0,0.0,0.0,-0.0694921687245369,-0.00880670640617609,0.06082365661859512,-0.002507648663595319,0.28745511174201965,0.25021907687187195,0.2889399230480194,0.2846369743347168,0.433468759059906,0.4355602264404297,-0.5616037845611572,0.0,0.0,0.0,0.0,0.0,0.0,0.0
31196612656,0,0.007499991450458765,-0.033277612179517746,-0.829060971736908,6.569455581484362e-05,-0.04113857448101044,-0.8442511558532715,0.06277762353420258,0.058288007974624634,-0.013020910322666168,-0.014868668280541897,-0.01572200283408165,-0.015190184116363525,0.00877536553889513,-0.005623503588140011,0.3317039906978607,0.0,0.0,0.6242898106575012,-0.012300826609134674,0.16736704111099243,0.3384348750114441,-0.06417594850063324,0.0785602256655693,0.36002394556999207,-1.1693472862243652,-1.1748707294464111,-47.388343811035156,-0.29717499017715454,0.25634336471557617,-0.020828556269407272,-0.05368117615580559,0.24739614129066467,-0.3379310369491577,0.09648507833480835,12.402473449707031,10.229948043823242,12.610087394714355,11.882404327392578,-0.05366211012005806,-0.010732421651482582,0.06132812425494194,-0.009199218824505806,0.0,-0.07159166038036346,-0.005512888077646494,0.061136528849601746,-0.005074916407465935,0.0,-0.15627694129943848,0.31856483221054077,-10.24779987335205,-0.2108045518398285,-0.23005276918411255,-8.543916702270508,0.0,0.0,0.0,0.0,0.0,0.0,0.0,0.0,0.0,0.0,0.0,0.0,-0.07003431022167206,-0.007911082357168198,0.06094580516219139,-0.0031527895480394363,0.28745511174201965,0.25021907687187195,0.2889399230480194,0.2846369743347168,0.525085985660553,0.49271535873413086,-0.06746326386928558,0.0,0.0,0.0,0.0,0.0,0.0,0.0
31206681708,0,0.007499991450458765,-0.033277612179517746,-0.829060971736908,6.569455581484362e-05,-0.04113857448101044,-0.8442511558532715,0.06277762353420258,0.058288007974624634,-0.013020910322666168,-0.014868668280541897,-0.01572200283408165,-0.015190184116363525,0.00877536553889513,-0.005623503588140011,0.3317039906978607,0.0,0.0,0.6242898106575012,-0.012300826609134674,0.16736704111099243,0.3384348750114441,-0.06702937185764313,0.04871043935418129,0.3508684039115906,-1.18472158908844,-1.2224535942077637,-47.085018157958984,-0.3025713860988617,0.21717464923858643,-0.028614182025194168,-0.05388803407549858,0.25016412138938904,-0.33809754252433777,0.09371252357959747,12.402473449707031,10.229948043823242,12.610087394714355,11.882404327392578,-0.055195312947034836,-0.012265625409781933,0.059794921427965164,-0.009199218824505806,0.0,-0.07340925186872482,-0.004421704448759556,0.06288722902536392,-0.006052197422832251,0.0,-0.36884772777557373,0.34206196665763855,-9.9288911819458,-0.2108045518398285,-0.23005276918411255,-8.543916702270508,0.0,0.0,0.0,0.0,0.0,0.0,0.0,0.0,0.0,0.0,0.0,0.0,-0.07068683952093124,-0.006972327362746,0.06116412580013275,-0.003863696474581957,0.2885207533836365,0.24580617249011993,0.2925531268119812,0.27838268876075745,0.525085985660553,0.49271535873413086,-0.06746326386928558,0.0,0.0,0.0,0.0,0.0,0.0,0.0
31216500529,0,0.007700804620981216,-0.03331281989812851,-0.8292840719223022,6.569455581484362e-05,-0.04113857448101044,-0.8442511558532715,0.05538799241185188,0.06120378151535988,-0.018151912838220596,-0.015270296484231949,-0.015651587396860123,-0.014967083930969238,0.008891254663467407,-0.0020137238316237926,0.3381693363189697,0.0,0.0,0.6293023824691772,0.009854694828391075,0.18130268156528473,0.3493005931377411,-0.0696539357304573,0.020025640726089478,0.3431428074836731,-1.1256365776062012,-1.3043689727783203,-46.9079475402832,-0.3435584306716919,0.1701810359954834,-0.04458996281027794,-0.054150987416505814,0.2535761594772339,-0.33745133876800537,0.09132212400436401,12.624672889709473,9.794440269470215,13.10246753692627,11.43210220336914,-0.05672851577401161,-0.013798828236758709,0.059794921427965164,-0.009199218824505806,0.0,-0.07277870178222656,0.00044225523015484214,0.06111636385321617,-0.010676396079361439,0.0,-0.36884772777557373,0.34206196665763855,-9.9288911819458,-0.20021554827690125,-0.23879402875900269,-8.509364128112793,0.0,0.0,0.0,0.0,0.0,0.0,0.0,0.0,0.0,0.0,0.0,0.0,-0.07139718532562256,-0.00586593197658658,0.06142699345946312,-0.004785406403243542,0.2923469841480255,0.23730266094207764,0.301841676235199,0.2701253294944763,1.0748244524002075,0.6066998839378357,0.26436829566955566,0.0,0.0,0.0,0.0,0.0,0.0,0.0
31226484655,0,0.007795121520757675,-0.03327197954058647,-0.8294243812561035,6.569455581484362e-05,-0.04113857448101044,-0.8442511558532715,0.05515151098370552,0.058316972106695175,-0.02034846693277359,-0.015458931215107441,-0.0157332681119442,-0.014826774597167969,0.00878401380032301,-0.000253159087151289,0.34136101603507996,0.0,0.0,0.6293023824691772,0.02068391442298889,0.18341606855392456,0.34635260701179504,-0.0696539357304573,0.020025640726089478,0.3431428074836731,-1.1011855602264404,-1.3133671283721924,-46.8015022277832,-0.3563331067562103,0.15547071397304535,-0.03616046905517578,-0.05432689189910889,0.2535761594772339,-0.33745133876800537,0.09132212400436401,12.344706535339355,9.980122566223145,12.905533790588379,11.612918853759766,-0.05672851577401161,-0.013798828236758709,0.059794921427965164,-0.009199218824505806,0.0,-0.07400403171777725,0.001599841401912272,0.06161118298768997,-0.011545032262802124,0.0,-0.36884772777557373,0.34206196665763855,-9.9288911819458,-0.19865158200263977,-0.23295481503009796,-8.49569320678711,0.0,0.0,0.0,0.0,0.0,0.0,0.0,0.0,0.0,0.0,0.0,0.0,-0.07208708673715591,-0.004328742623329163,0.061603475362062454,-0.006152511108666658,0.2923469841480255,0.23730266094207764,0.301841676235199,0.2701253294944763,1.0794806480407715,0.4065209925174713,-0.06968731433153152,0.0,0.0,0.0,0.0,0.0,0.0,0.0
31236854837,0,0.007795121520757675,-0.03327197954058647,-0.8294243812561035,6.569455581484362e-05,-0.04113857448101044,-0.8442511558532715,0.05515151098370552,0.058316972106695175,-0.02034846693277359,-0.015458931215107441,-0.0157332681119442,-0.014826774597167969,0.00878401380032301,-0.000253159087151289,0.34136101603507996,0.0,0.0,0.6293023824691772,0.02068391442298889,0.18341606855392456,0.34635260701179504,-0.0696011632680893,0.006028612609952688,0.34533411264419556,-1.1011855602264404,-1.3133671283721924,-46.8015022277832,-0.3563331067562103,0.15547071397304535,-0.03616046905517578,-0.05432689189910889,0.25525322556495667,-0.33692339062690735,0.09042036533355713,12.344706535339355,9.980122566223145,12.905533790588379,11.612918853759766,-0.05672851577401161,-0.013798828236758709,0.059794921427965164,-0.009199218824505806,0.0,-0.07400403171777725,0.001599841401912272,0.06161118298768997,-0.011545032262802124,0.0,-0.38142630457878113,0.3645328879356384,-9.821852684020996,-0.19865158200263977,-0.23295481503009796,-8.49569320678711,0.0,0.0,0.0,0.0,0.0,0.0,0.0,0.0,0.0,0.0,0.0,0.0,-0.07272358983755112,-0.00253215036354959,0.061668869107961655,-0.007779865060001612,0.2873973548412323,0.2408318817615509,0.2982766926288605,0.27310827374458313,1.0794806480407715,0.4065209925174713,-0.06968731433153152,0.0,0.0,0.0,0.0,0.0,0.0,0.0
31246612264,0,0.007795121520757675,-0.03327197954058647,-0.8294243812561035,6.569455581484362e-05,-0.04113857448101044,-0.8442511558532715,0.05515151098370552,0.058316972106695175,-0.02034846693277359,-0.015458931215107441,-0.0157332681119442,-0.014826774597167969,0.00878401380032301,-0.000253159087151289,0.34136101603507996,0.0,0.0,0.6293023824691772,0.02884603664278984,0.17359060049057007,0.3339519202709198,-0.0696011632680893,0.006028612609952688,0.34533411264419556,-1.0897204875946045,-1.2306969165802002,-46.41021728515625,-0.3706551194190979,0.14249885082244873,-0.025959216058254242,-0.05473422259092331,0.25947147607803345,-0.3353826403617859,0.0881514847278595,11.952022552490234,10.136029243469238,12.593268394470215,11.773015975952148,-0.055195312947034836,-0.012265625409781933,0.059794921427965164,-0.009199218824505806,0.0,-0.07368475198745728,-0.0009521483443677425,0.060457825660705566,-0.009287161752581596,0.0,-0.38142630457878113,0.3645328879356384,-9.821852684020996,-0.19865158200263977,-0.23295481503009796,-8.49569320678711,0.0,0.0,0.0,0.0,0.0,0.0,0.0,0.0,0.0,0.0,0.0,0.0,-0.0732581615447998,-0.0010038273176178336,0.06163717806339264,-0.009170833975076675,0.27974289655685425,0.24393771588802338,0.29222679138183594,0.2762434184551239,0.5537773966789246,-0.258352130651474,-0.5475332736968994,0.0,0.0,0.0,0.0,0.0,0.0,0.0
31256606439,0,0.007905182428658009,-0.03303028643131256,-0.8297642469406128,6.569455581484362e-05,-0.04113857448101044,-0.8442511558532715,0.05564479902386665,0.05387794226408005,-0.02860153838992119,-0.015679053962230682,-0.016216658055782318,-0.014486908912658691,0.009281378239393234,0.002576227532699704,0.3478432297706604,0.0,0.0,0.6293023824691772,0.02884603664278984,0.17359060049057007,0.3339519202709198,-0.07679982483386993,-0.021876703947782516,0.3365955352783203,-1.0612249374389648,-1.2195066213607788,-46.271202087402344,-0.3724936246871948,0.14421920478343964,-0.026660587638616562,-0.05492531135678291,0.25947147607803345,-0.3353826403617859,0.0881514847278595,11.934540748596191,10.078313827514648,12.576251029968262,11.726146697998047,-0.055195312947034836,-0.010732421651482582,0.059794921427965164,-0.009199218824505806,0.0,-0.07263150811195374,-0.00037112380960024893,0.05940549075603485,-0.009863793849945068,0.0,-0.16499587893486023,0.18903608620166779,-9.949775695800781,-0.1981309950351715,-0.22376307845115662,-8.438220977783203,0.0,0.0,0.0,0.0,0.0,0.0,0.0,0.0,0.0,0.0,0.0,0.0,-0.07356593012809753,-9.811168274609372e-05,0.0614086352288723,-0.010007156059145927,0.27974289655685425,0.24393771588802338,0.29222679138183594,0.2762434184551239,0.5537773966789246,-0.258352130651474,-0.5475332736968994,0.0,0.0,0.0,0.0,0.0,0.0,0.0
31266726263,0,0.007957293651998043,-0.032819848507642746,-0.8299570679664612,6.569455581484362e-05,-0.04113857448101044,-0.8442511558532715,0.053159769624471664,0.05183347314596176,-0.03239373862743378,-0.01578327640891075,-0.016637535765767097,-0.014294087886810303,0.009679294191300869,0.0038688008207827806,0.3509887456893921,0.0,0.0,0.6293023824691772,0.030220525339245796,0.15332265198230743,0.3315432369709015,-0.07870381325483322,-0.03170551732182503,0.33285993337631226,-1.0222842693328857,-1.2326055765151978,-46.202545166015625,-0.3724936246871948,0.14421920478343964,-0.026660587638616562,-0.05492531135678291,0.2613510489463806,-0.3346638083457947,0.08713586628437042,11.75705337524414,10.203561782836914,12.406391143798828,11.879015922546387,-0.055195312947034836,-0.009199218824505806,0.06132812425494194,-0.0076660155318677425,0.0,-0.07295076549053192,0.0014365859096869826,0.05948206037282944,-0.011285790242254734,0.0,-0.078496053814888,0.11811856925487518,-10.133903503417969,-0.19294999539852142,-0.22172847390174866,-8.412945747375488,0.0,0.0,0.0,0.0,0.0,0.0,0.0,0.0,0.0,0.0,0.0,0.0,-0.07360818982124329,0.00035354134161025286,0.06097867712378502,-0.010431012138724327,0.2794014513492584,0.24278855323791504,0.2918964624404907,0.2753261923789978,0.1627648025751114,-0.7954564690589905,-0.332311749458313,0.0,0.0,0.0,0.0,0.0,0.0,0.0
31277024274,0,0.007957293651998043,-0.032819848507642746,-0.8299570679664612,6.569455581484362e-05,-0.04113857448101044,-0.8442511558532715,0.053159769624471664,0.05183347314596176,-0.03239373862743378,-0.01578327640891075,-0.016637535765767097,-0.014294087886810303,0.009679294191300869,0.0038688008207827806,0.3509887456893921,0.0,0.0,0.6293023824691772,0.03197981417179108,0.14441615343093872,0.3334757089614868,-0.07870381325483322,-0.03170551732182503,0.33285993337631226,-1.0222842693328857,-1.2326055765151978,-46.202545166015625,-0.3782215714454651,0.1477413922548294,-0.020412016659975052,-0.05515948310494423,0.26357918977737427,-0.33383363485336304,0.08596136420965195,11.75705337524414,10.203561782836914,12.406391143798828,11.879015922546387,-0.05672851577401161,-0.0076660155318677425,0.06132812425494194,-0.010732421651482582,0.0,-0.07297247648239136,0.0014116432284936309,0.059461500495672226,-0.011307221837341785,0.0,-0.078496053814888,0.11811856925487518,-10.133903503417969,-0.19294999539852142,-0.22172847390174866,-8.412945747375488,0.0,0.0,0.0,0.0,0.0,0.0,0.0,0.0,0.0,0.0,0.0,0.0,-0.07349392771720886,0.0006909773801453412,0.0604865700006485,-0.010732589289546013,0.2794014513492584,0.24278855323791504,0.2918964624404907,0.2753261923789978,0.08230799436569214,-0.808000385761261,-0.1351056545972824,0.0,0.0,0.0,0.0,0.0,0.0,0.0
31287223765,0,0.007971408776938915,-0.031954314559698105,-0.8306688070297241,6.569455581484362e-05,-0.04113857448101044,-0.8442511558532715,0.048703860491514206,0.05005376785993576,-0.030299117788672447,-0.015811508521437645,-0.018368611112236977,-0.013582348823547363,0.010096774436533451,0.007764456328004599,0.35991451144218445,0.0,0.0,0.6443399786949158,0.03197981417179108,0.14441615343093872,0.3334757089614868,-0.08359017968177795,-0.05714789777994156,0.33516111969947815,-1.0034117698669434,-1.2355594635009766,-46.283172607421875,-0.38652685284614563,0.14689211547374725,-0.02545497566461563,-0.0554029643535614,0.26357918977737427,-0.33383363485336304,0.08596136420965195,11.887779235839844,10.086170196533203,12.567070960998535,11.784002304077148,-0.05826171860098839,-0.0076660155318677425,0.06286133080720901,-0.010732421651482582,0.0,-0.07171627879142761,0.0021669259294867516,0.05823063105344772,-0.012075756676495075,0.0,-0.078496053814888,0.11811856925487518,-10.133903503417969,-0.18568818271160126,-0.22330820560455322,-8.43901252746582,0.0,0.0,0.0,0.0,0.0,0.0,0.0,0.0,0.0,0.0,0.0,0.0,-0.07328255474567413,0.0010259081609547138,0.059999559074640274,-0.011021409183740616,0.2794014513492584,0.24278855323791504,0.2918964624404907,0.2753261923789978,0.08230799436569214,-0.808000385761261,-0.1351056545972824,0.0,0.0,0.0,0.0,0.0,0.0,0.0
31297006344,0,0.00788614060729742,-0.031292349100112915,-0.8311939835548401,6.569455581484362e-05,-0.04113857448101044,-0.8442511558532715,0.0476139634847641,0.056359339505434036,-0.02960098907351494,-0.015640970319509506,-0.019692549481987953,-0.013057172298431396,0.0107134273275733,0.00946695078164339,0.3662419617176056,0.0,0.0,0.6443399786949158,0.03078753501176834,0.12466371059417725,0.3417050242424011,-0.0892215371131897,-0.07041126489639282,0.3335978090763092,-1.0140273571014404,-1.2529860734939575,-46.47322463989258,-0.383602499961853,0.14786070585250854,-0.03498540073633194,-0.05588291585445404,0.2700909376144409,-0.3314078152179718,0.08308304846286774,12.180843353271484,9.897160530090332,12.847662925720215,11.590742111206055,-0.05826171860098839,-0.006132812704890966,0.06132812425494194,-0.010732421651482582,0.0,-0.07084684073925018,0.0023989048786461353,0.05768980458378792,-0.01252990122884512,0.0,-0.18558071553707123,0.33803460001945496,-9.945168495178223,-0.1895226687192917,-0.23745572566986084,-8.4431791305542,0.0,0.0,0.0,0.0,0.0,0.0,0.0,0.0,0.0,0.0,0.0,0.0,-0.07290742546319962,0.00137703912332654,0.05946546420454979,-0.011343507096171379,0.2794014513492584,0.24278855323791504,0.2918964624404907,0.2753261923789978,-0.06677023321390152,-1.065366506576538,0.21372413635253906,0.0,0.0,0.0,0.0,0.0,0.0,0.0
31306930361,0,0.007836466655135155,-0.030950604006648064,-0.8314450979232788,6.569455581484362e-05,-0.04113857448101044,-0.8442511558532715,0.04428799822926521,0.06071483716368675,-0.031009402126073837,-0.015541622415184975,-0.020376043394207954,-0.012806057929992676,0.011131794191896915,0.009752792306244373,0.36944618821144104,0.0,0.0,0.6468462347984314,0.022496292367577553,0.1035248413681984,0.34284302592277527,-0.0892215371131897,-0.07041126489639282,0.3335978090763092,-1.0140273571014404,-1.2529860734939575,-46.47322463989258,-0.383602499961853,0.14786070585250854,-0.03498540073633194,-0.05588291585445404,0.2700909376144409,-0.3314078152179718,0.08308304846286774,12.180843353271484,9.897160530090332,12.847662925720215,11.590742111206055,-0.05826171860098839,-0.006132812704890966,0.06132812425494194,-0.010732421651482582,0.0,-0.07084684073925018,0.0023989048786461353,0.05768980458378792,-0.01252990122884512,0.0,0.2645654082298279,-0.09415426850318909,-9.550004959106445,-0.18720097839832306,-0.2487717568874359,-8.4307861328125,0.0,0.0,0.0,0.0,0.0,0.0,0.0,0.0,0.0,0.0,0.0,0.0,-0.07238280773162842,0.0017275899881497025,0.05890008807182312,-0.011699890717864037,0.28420689702033997,0.2391769140958786,0.2971568703651428,0.2726735770702362,-0.37514013051986694,-1.603211760520935,0.15063604712486267,0.0,0.0,0.0,0.0,0.0,0.0,0.0
31317813250,0,0.007836466655135155,-0.030950604006648064,-0.8314450979232788,6.569455581484362e-05,-0.04113857448101044,-0.8442511558532715,0.04428799822926521,0.06071483716368675,-0.031009402126073837,-0.015541622415184975,-0.020376043394207954,-0.012806057929992676,0.011131794191896915,0.009752792306244373,0.36944618821144104,0.0,0.0,0.6468462347984314,0.022496292367577553,0.1035248413681984,0.34284302592277527,-0.09262200444936752,-0.07255467772483826,0.32976242899894714,-1.0423747301101685,-1.3060064315795898,-46.43748474121094,-0.3790123164653778,0.1734437644481659,-0.037675462663173676,-0.056160613894462585,0.27225974202156067,-0.330659419298172,0.082269087433815,12.286724090576172,9.78975772857666,12.860573768615723,11.547151565551758,-0.059794921427965164,-0.0076660155318677425,0.06132812425494194,-0.012265625409781933,0.0,-0.07260728627443314,0.00328546273522079,0.059849102050065994,-0.013358831405639648,0.0,0.2645654082298279,-0.09415426850318909,-9.550004959106445,-0.18720097839832306,-0.2487717568874359,-8.4307861328125,0.0,0.0,0.0,0.0,0.0,0.0,0.0,0.0,0.0,0.0,0.0,0.0,-0.07192259281873703,0.0020647693891078234,0.058498315513134,-0.012066563591361046,0.28626909852027893,0.23703230917453766,0.2974065840244293,0.27181875705718994,-0.37514013051986694,-1.603211760520935,0.15063604712486267,0.0,0.0,0.0,0.0,0.0,0.0,0.0
31327311470,0,0.007836466655135155,-0.030950604006648064,-0.8314450979232788,6.569455581484362e-05,-0.04113857448101044,-0.8442511558532715,0.04428799822926521,0.06071483716368675,-0.031009402126073837,-0.015541622415184975,-0.020376043394207954,-0.012806057929992676,0.011131794191896915,0.009752792306244373,0.36944618821144104,0.0,0.0,0.6468462347984314,0.004760118201375008,0.04670921713113785,0.3454565703868866,-0.08982126414775848,-0.0784258022904396,0.3260751962661743,-0.9899894595146179,-1.430233359336853,-46.30588912963867,-0.3664059340953827,0.23067334294319153,-0.0404595285654068,-0.056717656552791595,0.27601736783981323,-0.3299620449542999,0.08094557374715805,12.432196617126465,9.61824893951416,12.789525985717773,11.513190269470215,-0.059794921427965164,-0.0076660155318677425,0.059794921427965164,-0.013798828236758709,0.0,-0.07385357469320297,0.009773253463208675,0.06212420389056206,-0.018875064328312874,0.0,0.2645654082298279,-0.09415426850318909,-9.550004959106445,-0.18720097839832306,-0.2487717568874359,-8.4307861328125,0.0,0.0,0.0,0.0,0.0,0.0,0.0,0.0,0.0,0.0,0.0,0.0,-0.0717988833785057,0.0027142444159835577,0.05855531617999077,-0.012701590545475483,0.2890985310077667,0.233602836728096,0.29603126645088196,0.271152526140213,-0.6723806858062744,-2.485300064086914,0.10176542401313782,0.0,0.0,0.0,0.0,0.0,0.0,0.0
31337034608,0,0.00783051922917366,-0.030225088819861412,-0.8319159150123596,6.569455581484362e-05,-0.04113857448101044,-0.8442511558532715,0.031950999051332474,0.06400393694639206,-0.03334441035985947,-0.015529726631939411,-0.021827081218361855,-0.012335240840911865,0.011072179302573204,0.010355082340538502,0.37578684091567993,0.0,0.0,0.649352490901947,-0.004820107016712427,0.028966302052140236,0.343711256980896,-0.08982126414775848,-0.0784258022904396,0.3260751962661743,-0.8840422630310059,-1.4561735391616821,-46.335205078125,-0.35701698064804077,0.24317842721939087,-0.03885456919670105,-0.057040177285671234,0.2778318524360657,-0.3299480974674225,0.08029451966285706,12.432965278625488,9.661002159118652,12.723045349121094,11.565347671508789,-0.05826171860098839,-0.006132812704890966,0.059794921427965164,-0.012265625409781933,0.0,-0.07159609347581863,0.014520612545311451,0.060194194316864014,-0.022852938622236252,0.0,0.11625986546278,0.19431114196777344,-9.886490821838379,-0.16860871016979218,-0.2656208276748657,-8.410859107971191,0.0,0.0,0.0,0.0,0.0,0.0,0.0,0.0,0.0,0.0,0.0,0.0,-0.07195555418729782,0.004255954176187515,0.059047918766736984,-0.014082111418247223,0.2891136407852173,0.2344583123922348,0.29474326968193054,0.27217549085617065,-0.7297481298446655,-2.1179792881011963,-0.0305006243288517,0.0,0.0,0.0,0.0,0.0,0.0,0.0
31349116828,0,0.007867586798965931,-0.02984318509697914,-0.8321402072906494,6.569455581484362e-05,-0.04113857448101044,-0.8442511558532715,0.028107304126024246,0.061472292989492416,-0.03156688064336777,-0.015603862702846527,-0.022590892389416695,-0.01211094856262207,0.010588464327156544,0.010768613778054714,0.3789178431034088,0.0,0.0,0.649352490901947,-0.004820107016712427,0.028966302052140236,0.343711256980896,-0.09130272269248962,-0.07898316532373428,0.32250428199768066,-0.8840422630310059,-1.4561735391616821,-46.335205078125,-0.35701698064804077,0.24317842721939087,-0.03885456919670105,-0.057040177285671234,0.2778318524360657,-0.3299480974674225,0.08029451966285706,12.432965278625488,9.661002159118652,12.723045349121094,11.565347671508789,-0.05826171860098839,-0.006132812704890966,0.05672851577401161,-0.012265625409781933,0.0,-0.07159609347581863,0.014520612545311451,0.060194194316864014,-0.022852938622236252,0.0,-0.15688945353031158,0.203161358833313,-9.951982498168945,-0.16073495149612427,-0.264758825302124,-8.424582481384277,0.0,0.0,0.0,0.0,0.0,0.0,0.0,0.0,0.0,0.0,0.0,0.0,-0.0720704197883606,0.006689290050417185,0.05959073454141617,-0.01619601808488369,0.2891136407852173,0.2344583123922348,0.29474326968193054,0.27217549085617065,-0.7297481298446655,-2.1179792881011963,-0.0305006243288517,0.0,0.0,0.0,0.0,0.0,0.0,0.0
31356912334,0,0.007867586798965931,-0.02984318509697914,-0.8321402072906494,6.569455581484362e-05,-0.04113857448101044,-0.8442511558532715,0.028107304126024246,0.061472292989492416,-0.03156688064336777,-0.015603862702846527,-0.022590892389416695,-0.01211094856262207,0.010588464327156544,0.010768613778054714,0.3789178431034088,0.0,0.0,0.649352490901947,-0.019492244347929955,0.002283249981701374,0.3365958034992218,-0.09130272269248962,-0.07898316532373428,0.32250428199768066,-0.8696486949920654,-1.4522439241409302,-46.48941421508789,-0.3409885764122009,0.26631268858909607,-0.0300501249730587,-0.057674434036016464,0.2808661162853241,-0.33019959926605225,0.0790284052491188,12.311335563659668,9.909516334533691,12.48037338256836,11.83417797088623,-0.05826171860098839,-0.0076660155318677425,0.05672851577401161,-0.012265625409781933,0.0,-0.07183323800563812,0.01446022279560566,0.060790687799453735,-0.022704679518938065,0.0,-0.15688945353031158,0.203161358833313,-9.951982498168945,-0.16073495149612427,-0.264758825302124,-8.424582481384277,0.0,0.0,0.0,0.0,0.0,0.0,0.0,0.0,0.0,0.0,0.0,0.0,-0.07205032557249069,0.009328341111540794,0.05999656766653061,-0.018457205966114998,0.2867480218410492,0.2394234985113144,0.290034681558609,0.2774399220943451,-0.613320529460907,-1.7163904905319214,-0.2667648494243622,0.0,0.0,0.0,0.0,0.0,0.0,0.0
31376248145,0,0.008037000894546509,-0.02885258197784424,-0.8325573205947876,6.569455581484362e-05,-0.04113857448101044,-0.8442511558532715,0.026166388764977455,0.05884271860122681,-0.027589913457632065,-0.015942692756652832,-0.024572107940912247,-0.011693835258483887,0.010157442651689053,0.010882585309445858,0.3852885067462921,0.0,0.0,0.6543650031089783,-0.030523905530571938,-0.02596135251224041,0.3298352062702179,-0.08574790507555008,-0.0787675678730011,0.3214440643787384,-0.8696486949920654,-1.4522439241409302,-46.48941421508789,-0.3409885764122009,0.26631268858909607,-0.0300501249730587,-0.057674434036016464,0.2808661162853241,-0.33019959926605225,0.0790284052491188,12.311335563659668,9.909516334533691,12.48037338256836,11.83417797088623,-0.059794921427965164,-0.006132812704890966,0.05826171860098839,-0.013798828236758709,0.0,-0.07183323800563812,0.01446022279560566,0.060790687799453735,-0.022704679518938065,0.0,-0.1191776692867279,0.1374581903219223,-9.495508193969727,-0.15811794996261597,-0.2640443444252014,-8.452620506286621,0.0,0.0,0.0,0.0,0.0,0.0,0.0,0.0,0.0,0.0,0.0,0.0,-0.07198944687843323,0.011576017364859581,0.06031518056988716,-0.02035990171134472,0.2867480218410492,0.2394234985113144,0.290034681558609,0.2774399220943451,-0.550875723361969,-1.4508388042449951,-0.3438117206096649,0.0,0.0,0.0,0.0,0.0,0.0,0.0
31376807756,0,0.008383343927562237,-0.027261313050985336,-0.8331673741340637,6.569455581484362e-05,-0.04113857448101044,-0.8442511558532715,0.013388439081609249,0.057208623737096786,-0.018044624477624893,-0.016635382547974586,-0.027754662558436394,-0.011083781719207764,0.009772459045052528,0.009712702594697475,0.3940562903881073,0.0,0.0,0.6543650031089783,-0.030523905530571938,-0.02596135251224041,0.3298352062702179,-0.08574790507555008,-0.0787675678730011,0.3214440643787384,-0.7997944355010986,-1.5134843587875366,-46.66290283203125,-0.3409885764122009,0.26631268858909607,-0.0300501249730587,-0.057674434036016464,0.2808661162853241,-0.33019959926605225,0.0790284052491188,12.364768028259277,9.986763954162598,12.396997451782227,11.957626342773438,-0.06132812425494194,-0.004599609412252903,0.059794921427965164,-0.013798828236758709,0.0,-0.07127536833286285,0.018990060314536095,0.06095392629504204,-0.02634749747812748,0.0,-0.1191776692867279,0.1374581903219223,-9.495508193969727,-0.13802507519721985,-0.2753041982650757,-8.516226768493652,0.0,0.0,0.0,0.0,0.0,0.0,0.0,0.0,0.0,0.0,0.0,0.0,-0.07190494984388351,0.01342263724654913,0.06056715548038483,-0.021896397694945335,0.2867480218410492,0.2394234985113144,0.290034681558609,0.2774399220943451,-0.550875723361969,-1.4508388042449951,-0.3438117206096649,0.0,0.0,0.0,0.0,0.0,0.0,0.0
31387067988,0,0.008383343927562237,-0.027261313050985336,-0.8331673741340637,6.569455581484362e-05,-0.04113857448101044,-0.8442511558532715,0.013388439081609249,0.057208623737096786,-0.018044624477624893,-0.016635382547974586,-0.027754662558436394,-0.011083781719207764,0.009772459045052528,0.009712702594697475,0.3940562903881073,0.0,0.0,0.6543650031089783,-0.04149291291832924,-0.03336391970515251,0.3312866687774658,-0.08160174638032913,-0.07306855916976929,0.31227877736091614,-0.7591379284858704,-1.5141730308532715,-46.83924865722656,-0.30973464250564575,0.3044610321521759,-0.03387809917330742,-0.058708686381578445,0.2835672199726105,-0.3310279846191406,0.07768648117780685,12.60009765625,9.8910551071167,12.5551118850708,11.83598804473877,-0.06132812425494194,-0.004599609412252903,0.05826171860098839,-0.013798828236758709,0.0,-0.06890720874071121,0.0205383263528347,0.05896815285086632,-0.027948839589953423,0.0,-0.039013639092445374,0.020548038184642792,-9.631974220275879,-0.13802507519721985,-0.2753041982650757,-8.516226768493652,0.0,0.0,0.0,0.0,0.0,0.0,0.0,0.0,0.0,0.0,0.0,0.0,-0.07166370004415512,0.015220623463392258,0.06066330894827843,-0.023379234597086906,0.28778764605522156,0.24096406996250153,0.28841432929039,0.27985239028930664,-0.8132102489471436,-1.0719616413116455,-0.1395886242389679,0.0,0.0,0.0,0.0,0.0,0.0,0.0
31398550695,0,0.008486210368573666,-0.02673109993338585,-0.8333648443222046,6.569455581484362e-05,-0.04113857448101044,-0.8442511558532715,0.013510671444237232,0.060846492648124695,-0.012971919029951096,-0.016841115429997444,-0.028815092518925667,-0.010886311531066895,0.008896508254110813,0.009431686252355576,0.39710238575935364,0.0,0.0,0.6543650031089783,-0.04149291291832924,-0.03336391970515251,0.3312866687774658,-0.07448805123567581,-0.0712452307343483,0.3086227476596832,-0.7591379284858704,-1.5141730308532715,-46.83924865722656,-0.30973464250564575,0.3044610321521759,-0.03387809917330742,-0.058708686381578445,0.2848716080188751,-0.3316227197647095,0.07698473334312439,12.60009765625,9.8910551071167,12.5551118850708,11.83598804473877,-0.059794921427965164,-0.004599609412252903,0.059794921427965164,-0.012265625409781933,0.0,-0.06890720874071121,0.0205383263528347,0.05896815285086632,-0.027948839589953423,0.0,0.23140263557434082,0.0669206902384758,-9.832615852355957,-0.1426319032907486,-0.28351032733917236,-8.550718307495117,0.0,0.0,0.0,0.0,0.0,0.0,0.0,0.0,0.0,0.0,0.0,0.0,-0.07114564627408981,0.017014730721712112,0.06048940494656563,-0.02487785555422306,0.29235920310020447,0.23905517160892487,0.2914861738681793,0.2774752378463745,-0.8132102489471436,-1.0719616413116455,-0.1395886242389679,0.0,0.0,0.0,0.0,0.0,0.0,0.0
31406592990,0,0.008486210368573666,-0.02673109993338585,-0.8333648443222046,6.569455581484362e-05,-0.04113857448101044,-0.8442511558532715,0.013510671444237232,0.060846492648124695,-0.012971919029951096,-0.016841115429997444,-0.028815092518925667,-0.010886311531066895,0.008896508254110813,0.009431686252355576,0.39710238575935364,0.0,0.0,0.6543650031089783,-0.05868787690997124,-0.06877212226390839,0.3414614200592041,-0.07448805123567581,-0.0712452307343483,0.3086227476596832,-0.7591379284858704,-1.5141730308532715,-46.83924865722656,-0.30973464250564575,0.3044610321521759,-0.03387809917330742,-0.058708686381578445,0.2848716080188751,-0.3316227197647095,0.07698473334312439,12.60009765625,9.8910551071167,12.5551118850708,11.83598804473877,-0.059794921427965164,-0.003066406352445483,0.059794921427965164,-0.012265625409781933,0.0,-0.06890720874071121,0.0205383263528347,0.05896815285086632,-0.027948839589953423,0.0,-0.24088922142982483,0.21253174543380737,-9.187755584716797,-0.1426319032907486,-0.28351032733917236,-8.550718307495117,0.0,0.0,0.0,0.0,0.0,0.0,0.0,0.0,0.0,0.0,0.0,0.0,-0.07047780603170395,0.018547292798757553,0.06012316420674324,-0.026181576773524284,0.29235920310020447,0.23905517160892487,0.2914861738681793,0.2774752378463745,-0.5800068974494934,-1.2380294799804688,0.24669671058654785,0.0,0.0,0.0,0.0,0.0,0.0,0.0
31417647105,0,0.00876216497272253,-0.025115380063652992,-0.8339257836341858,6.569455581484362e-05,-0.04113857448101044,-0.8442511558532715,0.010867761448025703,0.06893347203731537,-0.022589029744267464,-0.017393028363585472,-0.03204654902219772,-0.010325372219085693,0.00778109161183238,0.007128146942704916,0.4068136513233185,0.0,0.0,0.6543650031089783,-0.06665682792663574,-0.07146480679512024,0.34362033009529114,-0.06458746641874313,-0.053537964820861816,0.2969694137573242,-0.8543015718460083,-1.6652642488479614,-46.773902893066406,-0.28773730993270874,0.36140212416648865,-0.05168706178665161,-0.059772178530693054,0.2876377999782562,-0.3337876796722412,0.0756232738494873,13.154570579528809,9.373702049255371,12.86225414276123,11.428970336914062,-0.059794921427965164,-0.0015332031762227416,0.059794921427965164,-0.013798828236758709,0.0,-0.07272104173898697,0.023658687248826027,0.06424999982118607,-0.030776508152484894,0.0,0.09332283586263657,0.41392233967781067,-9.685096740722656,-0.14943915605545044,-0.30478987097740173,-8.462366104125977,0.0,0.0,0.0,0.0,0.0,0.0,0.0,0.0,0.0,0.0,0.0,0.0,-0.07003546506166458,0.01981237158179283,0.059973567724227905,-0.027279317378997803,0.29235920310020447,0.23905517160892487,0.2914861738681793,0.2774752378463745,-0.7007718086242676,-0.9241929054260254,0.2913975119590759,0.0,0.0,0.0,0.0,0.0,0.0,0.0
31427916495,0,0.00887103471904993,-0.024575211107730865,-0.8341183662414551,6.569455581484362e-05,-0.04113857448101044,-0.8442511558532715,0.007476409897208214,0.0630204975605011,-0.022952262312173843,-0.017610767856240273,-0.033126894384622574,-0.010132789611816406,0.006892002187669277,0.0066684698686003685,0.40993669629096985,0.0,0.0,0.6543650031089783,-0.06665682792663574,-0.07146480679512024,0.34362033009529114,-0.057315874844789505,-0.050273627042770386,0.29322129487991333,-0.8219153881072998,-1.6763442754745483,-46.54301452636719,-0.27182358503341675,0.3649425208568573,-0.05602248013019562,-0.06007359176874161,0.28817224502563477,-0.33450940251350403,0.07538282126188278,13.235337257385254,9.22685432434082,12.884465217590332,11.244903564453125,-0.06132812425494194,0.0015332031762227416,0.059794921427965164,-0.018398437649011612,0.0,-0.07173065096139908,0.025665821507573128,0.06352777034044266,-0.03267693892121315,0.0,-0.37803569436073303,-0.37740612030029297,-9.871015548706055,-0.14032645523548126,-0.2981265187263489,-8.459527015686035,0.0,0.0,0.0,0.0,0.0,0.0,0.0,0.0,0.0,0.0,0.0,0.0,-0.0700918510556221,0.02109294943511486,0.06041213124990463,-0.028421752154827118,0.3046456277370453,0.22575221955776215,0.2978690564632416,0.2658814489841461,-0.7007718086242676,-0.9241929054260254,0.2913975119590759,0.0,0.0,0.0,0.0,0.0,0.0,0.0
31438044354,0,0.00887103471904993,-0.024575211107730865,-0.8341183662414551,6.569455581484362e-05,-0.04113857448101044,-0.8442511558532715,0.007476409897208214,0.0630204975605011,-0.022952262312173843,-0.017610767856240273,-0.033126894384622574,-0.010132789611816406,0.006892002187669277,0.0066684698686003685,0.40993669629096985,0.0,0.0,0.6543650031089783,-0.08390122652053833,-0.06882831454277039,0.3408655822277069,-0.046963971108198166,-0.044075772166252136,0.2881006896495819,-0.7375291585922241,-1.6098601818084717,-46.60252380371094,-0.24179501831531525,0.3633858859539032,-0.053899090737104416,-0.060642991214990616,0.28887009620666504,-0.33579277992248535,0.07503785938024521,13.239940643310547,9.34317684173584,12.802152633666992,11.263379096984863,-0.06132812425494194,0.003066406352445483,0.05826171860098839,-0.02299804612994194,0.0,-0.06771395355463028,0.025957614183425903,0.05971381813287735,-0.03324053809046745,0.0,-0.23437559604644775,0.03656591847538948,-9.667170524597168,-0.14032645523548126,-0.2981265187263489,-8.459527015686035,0.0,0.0,0.0,0.0,0.0,0.0,0.0,0.0,0.0,0.0,0.0,0.0,-0.07028236985206604,0.022487441077828407,0.061060111969709396,-0.02970714494585991,0.3046456277370453,0.22575221955776215,0.2978690564632416,0.2658814489841461,-1.013782024383545,-0.28405511379241943,-0.006944660563021898,0.0,0.0,0.0,0.0,0.0,0.0,0.0
31448445209,0,0.009037664160132408,-0.023389453068375587,-0.8344693779945374,6.569455581484362e-05,-0.04113857448101044,-0.8442511558532715,0.007785140071064234,0.052778713405132294,-0.020174067467451096,-0.017944028601050377,-0.035498421639204025,-0.00978177785873413,0.004260767251253128,0.005869827698916197,0.41586577892303467,0.0,0.0,0.6543650031089783,-0.08390122652053833,-0.06882831454277039,0.3408655822277069,-0.046963971108198166,-0.044075772166252136,0.2881006896495819,-0.7375291585922241,-1.6098601818084717,-46.60252380371094,-0.24179501831531525,0.3633858859539032,-0.053899090737104416,-0.060642991214990616,0.28887009620666504,-0.33579277992248535,0.07503785938024521,13.239940643310547,9.34317684173584,12.802152633666992,11.263379096984863,-0.059794921427965164,0.0076660155318677425,0.05826171860098839,-0.026064453646540642,0.0,-0.06771395355463028,0.025957614183425903,0.05971381813287735,-0.03324053809046745,0.0,-0.23437559604644775,0.03656591847538948,-9.667170524597168,-0.13612475991249084,-0.2826981246471405,-8.480759620666504,0.0,0.0,0.0,0.0,0.0,0.0,0.0,0.0,0.0,0.0,0.0,0.0,-0.07008742541074753,0.02380014955997467,0.061306316405534744,-0.030965320765972137,0.304734468460083,0.22808896005153656,0.2962758243083954,0.26624488830566406,-1.013782024383545,-0.28405511379241943,-0.006944660563021898,0.0,0.0,0.0,0.0,0.0,0.0,0.0
31457777731,0,0.009037664160132408,-0.023389453068375587,-0.8344693779945374,6.569455581484362e-05,-0.04113857448101044,-0.8442511558532715,0.007785140071064234,0.052778713405132294,-0.020174067467451096,-0.018262822180986404,-0.03804425150156021,-0.00945216417312622,0.004260767251253128,0.005869827698916197,0.41586577892303467,0.0,0.0,0.6543650031089783,-0.10503951460123062,-0.07072708010673523,0.3262697458267212,-0.046963971108198166,-0.044075772166252136,0.2881006896495819,-0.7375291585922241,-1.6098601818084717,-46.60252380371094,-0.24179501831531525,0.3633858859539032,-0.053899090737104416,-0.060642991214990616,0.28887009620666504,-0.33579277992248535,0.07503785938024521,13.239940643310547,9.34317684173584,12.802152633666992,11.263379096984863,-0.059794921427965164,0.009199218824505806,0.059794921427965164,-0.027597656473517418,0.0,-0.06771395355463028,0.025957614183425903,0.05971381813287735,-0.03324053809046745,0.0,-0.23437559604644775,0.03656591847538948,-9.667170524597168,-0.14690539240837097,-0.29171139001846313,-8.468047142028809,0.0,0.0,0.0,0.0,0.0,0.0,0.0,0.0,0.0,0.0,0.0,0.0,-0.06955358386039734,0.024843867868185043,0.06113354489207268,-0.03200394660234451,0.304734468460083,0.22808896005153656,0.2962758243083954,0.26624488830566406,-0.7732108235359192,-0.26018351316452026,-0.5850972533226013,0.0,0.0,0.0,0.0,0.0,0.0,0.0
31466449245,0,0.009197060018777847,-0.022116543725132942,-0.8347989916801453,6.569455581484362e-05,-0.04113857448101044,-0.8442511558532715,0.010033519938588142,0.05660531297326088,-0.02144443243741989,-0.018262822180986404,-0.03804425150156021,-0.00945216417312622,0.002882622880861163,0.00422285171225667,0.42146870493888855,0.0,0.0,0.6543650031089783,-0.1016850396990776,-0.06978579610586166,0.3211512267589569,-0.024455085396766663,-0.032468222081661224,0.2793809771537781,-0.7946600317955017,-1.5653486251831055,-46.65372848510742,-0.2071029543876648,0.3753235638141632,-0.04084573686122894,-0.06159132719039917,0.28904274106025696,-0.3376493453979492,0.07437876611948013,12.996565818786621,9.720634460449219,12.41955852508545,11.566165924072266,-0.05826171860098839,0.0076660155318677425,0.059794921427965164,-0.029130859300494194,0.0,-0.06940758228302002,0.02114551141858101,0.06183240935206413,-0.029350731521844864,0.0,-0.14304107427597046,0.4568556547164917,-9.738859176635742,-0.14690539240837097,-0.29171139001846313,-8.468047142028809,0.0,0.0,0.0,0.0,0.0,0.0,0.0,0.0,0.0,0.0,0.0,0.0,-0.06902970373630524,0.02534070797264576,0.06088433414697647,-0.03256349638104439,0.300036758184433,0.23565101623535156,0.28885287046432495,0.27219149470329285,-0.18587593734264374,-0.1456225961446762,-0.6267585158348083,0.0,0.0,0.0,0.0,0.0,0.0,0.0
31477627854,0,0.009282639250159264,-0.021479899063706398,-0.8349718451499939,6.569455581484362e-05,-0.04113857448101044,-0.8442511558532715,0.006018014159053564,0.059659719467163086,-0.021100712940096855,-0.018433982506394386,-0.039317548274993896,-0.009279310703277588,0.00253989826887846,0.003579048439860344,0.42423251271247864,0.0,0.0,0.6543650031089783,-0.1016850396990776,-0.06978579610586166,0.3211512267589569,-0.021479908376932144,-0.02749428153038025,0.27606624364852905,-0.8079796433448792,-1.6044126749038696,-46.57426071166992,-0.2073349952697754,0.3764800727367401,-0.03851686045527458,-0.062014300376176834,0.2889420688152313,-0.3384508192539215,0.07400147616863251,12.917167663574219,9.758463859558105,12.340269088745117,11.605175018310547,-0.059794921427965164,0.0076660155318677425,0.06132812425494194,-0.03066406212747097,0.0,-0.0713079646229744,0.021949343383312225,0.06369666010141373,-0.030076323077082634,0.0,-0.2717921733856201,0.42336127161979675,-9.732348442077637,-0.1439143419265747,-0.30248790979385376,-8.469574928283691,0.0,0.0,0.0,0.0,0.0,0.0,0.0,0.0,0.0,0.0,0.0,0.0,-0.06885132193565369,0.025070007890462875,0.06092498078942299,-0.03245875984430313,0.29850172996520996,0.23640720546245575,0.287310928106308,0.27295634150505066,-0.18587593734264374,-0.1456225961446762,-0.6267585158348083,0.0,0.0,0.0,0.0,0.0,0.0,0.0
31486667598,0,0.009282639250159264,-0.021479899063706398,-0.8349718451499939,6.569455581484362e-05,-0.04113857448101044,-0.8442511558532715,0.006018014159053564,0.059659719467163086,-0.021100712940096855,-0.018677344545722008,-0.042022593319416046,-0.008932828903198242,0.00253989826887846,0.003579048439860344,0.42423251271247864,0.0,0.0,0.6543650031089783,-0.08670377731323242,-0.055767279118299484,0.3166944086551666,-0.021479908376932144,-0.02749428153038025,0.27606624364852905,-0.8079796433448792,-1.6044126749038696,-46.57426071166992,-0.2073349952697754,0.3764800727367401,-0.03851686045527458,-0.062014300376176834,0.2889420688152313,-0.3384508192539215,0.07400147616863251,12.917167663574219,9.758463859558105,12.340269088745117,11.605175018310547,-0.059794921427965164,0.0076660155318677425,0.06132812425494194,-0.03373046964406967,0.0,-0.0713079646229744,0.021949343383312225,0.06369666010141373,-0.030076323077082634,0.0,-0.238945871591568,-0.10655533522367477,-9.749738693237305,-0.13618141412734985,-0.3200639486312866,-8.503666877746582,0.0,0.0,0.0,0.0,0.0,0.0,0.0,0.0,0.0,0.0,0.0,0.0,-0.06912924349308014,0.024323947727680206,0.06137042120099068,-0.03193414956331253,0.29850172996520996,0.23640720546245575,0.287310928106308,0.27295634150505066,0.5072516202926636,0.4278697967529297,-0.41849035024642944,0.0,0.0,0.0,0.0,0.0,0.0,0.0
31496568775,0,0.009404320269823074,-0.02012738212943077,-0.8353183269500732,6.569455581484362e-05,-0.04113857448101044,-0.8442511558532715,-0.0019497197354212403,0.0633622333407402,-0.016361966729164124,-0.018677344545722008,-0.042022593319416046,-0.008932828903198242,0.0009370801271870732,0.0030854076612740755,0.42986881732940674,0.0,0.0,0.6543650031089783,-0.08670377731323242,-0.055767279118299484,0.3166944086551666,-0.008543230593204498,-0.024169910699129105,0.26930639147758484,-0.7498084306716919,-1.7041319608688354,-46.66682052612305,-0.21573874354362488,0.3674410581588745,-0.04143088310956955,-0.06303147971630096,0.28882676362991333,-0.34012237191200256,0.07310625165700912,12.983407020568848,9.712469100952148,12.466650009155273,11.55378532409668,-0.05826171860098839,0.009199218824505806,0.059794921427965164,-0.03526367247104645,0.0,-0.07216322422027588,0.027688750997185707,0.0641418918967247,-0.0351400300860405,0.0,-0.238945871591568,-0.10655533522367477,-9.749738693237305,-0.13618141412734985,-0.3200639486312866,-8.503666877746582,0.0,0.0,0.0,0.0,0.0,0.0,0.0,0.0,0.0,0.0,0.0,0.0,-0.06970741599798203,0.023783612996339798,0.06203928589820862,-0.03156691789627075,0.299782395362854,0.23548774421215057,0.2897680997848511,0.2719489336013794,0.5072516202926636,0.4278697967529297,-0.41849035024642944,0.0,0.0,0.0,0.0,0.0,0.0,0.0
31506557924,0,0.009404320269823074,-0.02012738212943077,-0.8353183269500732,6.569455581484362e-05,-0.04113857448101044,-0.8442511558532715,-0.0019497197354212403,0.0633622333407402,-0.016361966729164124,-0.019071592018008232,-0.04467429220676422,-0.008576571941375732,0.0009370801271870732,0.0030854076612740755,0.42986881732940674,0.0,0.0,0.6543650031089783,-0.0953645333647728,-0.061383817344903946,0.3097541332244873,0.010153740644454956,-0.011081544682383537,0.26058775186538696,-0.772236168384552,-1.7859803438186646,-46.632530212402344,-0.18399225175380707,0.3903699517250061,-0.039208970963954926,-0.06401532143354416,0.28860926628112793,-0.3414972126483917,0.07226882874965668,13.003169059753418,9.773125648498535,12.319576263427734,11.588006973266602,-0.05826171860098839,0.010732421651482582,0.059794921427965164,-0.03373046964406967,0.0,-0.07497876137495041,0.029557878151535988,0.06782089173793793,-0.03694266825914383,0.0,-0.238945871591568,-0.10655533522367477,-9.749738693237305,-0.14714327454566956,-0.3267061114311218,-8.446860313415527,0.0,0.0,0.0,0.0,0.0,0.0,0.0,0.0,0.0,0.0,0.0,0.0,-0.07053536176681519,0.024059932678937912,0.06290540844202042,-0.03189520537853241,0.30016428232192993,0.23669998347759247,0.28690841794013977,0.2726197838783264,-0.28097882866859436,-0.20831672847270966,-0.47315990924835205,0.0,0.0,0.0,0.0,0.0,0.0,0.0
31516651655,0,0.009601443074643612,-0.01880154013633728,-0.8356745839118958,6.569455581484362e-05,-0.04113857448101044,-0.8442511558532715,0.0005838362267240882,0.06601478904485703,-0.023277845233678818,-0.019071592018008232,-0.04467429220676422,-0.008576571941375732,-0.0008898413507267833,0.0017985893646255136,0.4358183741569519,0.0,0.0,0.6543650031089783,-0.10027371346950531,-0.07264960557222366,0.3051747977733612,0.010153740644454956,-0.011081544682383537,0.26058775186538696,-0.810146152973175,-1.7890217304229736,-46.37263870239258,-0.1654999554157257,0.4156712591648102,-0.037776269018650055,-0.06455860286951065,0.28825709223747253,-0.3424273133277893,0.0717845931649208,12.968690872192383,9.734527587890625,12.152154922485352,11.569467544555664,-0.05826171860098839,0.012265625409781933,0.06132812425494194,-0.03373046964406967,0.0,-0.07634375244379044,0.028347492218017578,0.06990232318639755,-0.035986702889204025,0.0,0.24370676279067993,0.07781246304512024,-9.949996948242188,-0.14714327454566956,-0.3267061114311218,-8.446860313415527,0.0,0.0,0.0,0.0,0.0,0.0,0.0,0.0,0.0,0.0,0.0,0.0,-0.07169556617736816,0.025068288668990135,0.06416472047567368,-0.03286079689860344,0.2994978427886963,0.2359286993741989,0.283647745847702,0.27225637435913086,-0.412657767534256,-0.6010472774505615,-0.5144309997558594,0.0,0.0,0.0,0.0,0.0,0.0,0.0
31529062234,0,0.009672907181084156,-0.018126966431736946,-0.8358597159385681,6.569455581484362e-05,-0.04113857448101044,-0.8442511558532715,0.0004992616013623774,0.06405278295278549,-0.025292377918958664,-0.01921452209353447,-0.046023447066545486,-0.00839143991470337,-0.0015090249944478273,0.0008722870261408389,0.4387337267398834,0.0,0.0,0.6543650031089783,-0.10027371346950531,-0.07264960557222366,0.3051747977733612,0.01835683546960354,-0.005416125524789095,0.25758200883865356,-0.810146152973175,-1.7890217304229736,-46.37263870239258,-0.1654999554157257,0.4156712591648102,-0.037776269018650055,-0.06455860286951065,0.28825709223747253,-0.3424273133277893,0.0717845931649208,12.968690872192383,9.734527587890625,12.152154922485352,11.569467544555664,-0.059794921427965164,0.015332031063735485,0.06286133080720901,-0.03373046964406967,0.0,-0.07634375244379044,0.028347492218017578,0.06990232318639755,-0.035986702889204025,0.0,0.29206767678260803,0.2489669770002365,-10.11347770690918,-0.14729930460453033,-0.3252766728401184,-8.431388854980469,0.0,0.0,0.0,0.0,0.0,0.0,0.0,0.0,0.0,0.0,0.0,0.0,-0.07306091487407684,0.026225147768855095,0.06574679166078568,-0.03395659849047661,0.2994978427886963,0.2359286993741989,0.283647745847702,0.27225637435913086,-0.412657767534256,-0.6010472774505615,-0.5144309997558594,0.0,0.0,0.0,0.0,0.0,0.0,0.0
31537598009,0,0.009672907181084156,-0.018126966431736946,-0.8358597159385681,6.569455581484362e-05,-0.04113857448101044,-0.8442511558532715,0.0004992616013623774,0.06405278295278549,-0.025292377918958664,-0.01921452209353447,-0.046023447066545486,-0.00839143991470337,-0.0015090249944478273,0.0008722870261408389,0.4387337267398834,0.0,0.0,0.6543650031089783,-0.09125366061925888,-0.0694185197353363,0.30038315057754517,0.01835683546960354,-0.005416125524789095,0.25758200883865356,-0.810146152973175,-1.7890217304229736,-46.37263870239258,-0.1654999554157257,0.4156712591648102,-0.037776269018650055,-0.06455860286951065,0.28825709223747253,-0.3424273133277893,0.0717845931649208,12.968690872192383,9.734527587890625,12.152154922485352,11.569467544555664,-0.06132812425494194,0.015332031063735485,0.06286133080720901,-0.032197266817092896,0.0,-0.07634375244379044,0.028347492218017578,0.06990232318639755,-0.035986702889204025,0.0,0.10472545027732849,0.01010984368622303,-9.628418922424316,-0.14729930460453033,-0.3252766728401184,-8.431388854980469,0.0,0.0,0.0,0.0,0.0,0.0,0.0,0.0,0.0,0.0,0.0,0.0,-0.07433818280696869,0.02718573622405529,0.06729168444871902,-0.03487013280391693,0.2994978427886963,0.2359286993741989,0.283647745847702,0.27225637435913086,0.25200438499450684,0.031069615855813026,-0.30447185039520264,0.0,0.0,0.0,0.0,0.0,0.0,0.0
31547567236,0,0.0097401337698102,-0.016755642369389534,-0.8362506628036499,6.569455581484362e-05,-0.04113857448101044,-0.8442511558532715,-0.005168960429728031,0.052157964557409286,-0.02406182698905468,-0.019348975270986557,-0.048766110092401505,-0.008000493049621582,-0.003142319852486253,8.450187124253716e-06,0.44403594732284546,0.0,0.0,0.6543650031089783,-0.07882391661405563,-0.0639025866985321,0.300978422164917,0.026559880003333092,0.002931408816948533,0.25081610679626465,-0.7176645398139954,-1.7216163873672485,-46.43314743041992,-0.17205330729484558,0.41639775037765503,-0.039327047765254974,-0.06558418273925781,0.28734681010246277,-0.34435853362083435,0.0707806646823883,13.01102066040039,9.70104694366455,12.215071678161621,11.555510520935059,-0.06132812425494194,0.015332031063735485,0.06439453363418579,-0.03373046964406967,0.0,-0.07182420790195465,0.029244674369692802,0.06481198966503143,-0.03689447417855263,0.0,0.10472545027732849,0.01010984368622303,-9.628418922424316,-0.1304844617843628,-0.31302115321159363,-8.442390441894531,0.0,0.0,0.0,0.0,0.0,0.0,0.0,0.0,0.0,0.0,0.0,0.0,-0.07512794435024261,0.027913928031921387,0.06829839199781418,-0.035567332059144974,0.3003160059452057,0.23525914549827576,0.2848737835884094,0.27198266983032227,0.7196213603019714,0.234263077378273,-0.13744892179965973,0.0,0.0,0.0,0.0,0.0,0.0,0.0
31556694972,0,0.009765678085386753,-0.015442965552210808,-0.8366797566413879,6.569455581484362e-05,-0.04113857448101044,-0.8442511558532715,-0.0025231116451323032,0.05318095162510872,-0.015440239571034908,-0.019400063902139664,-0.05139147490262985,-0.007571399211883545,-0.004304722882807255,-0.0010434777941554785,0.4493478834629059,0.0,0.0,0.6518587470054626,-0.07882391661405563,-0.0639025866985321,0.300978422164917,0.03453383967280388,0.006885840557515621,0.24595379829406738,-0.7293955087661743,-1.7160916328430176,-46.667938232421875,-0.1852748692035675,0.41356053948402405,-0.04295510798692703,-0.06614496558904648,0.2868882715702057,-0.34531351923942566,0.0702989473938942,13.136618614196777,9.652963638305664,12.39025592803955,11.540079116821289,-0.06132812425494194,0.015332031063735485,0.06439453363418579,-0.03373046964406967,0.0,-0.0713503360748291,0.028694914653897285,0.0640225037932396,-0.03646765649318695,0.0,0.20323485136032104,0.09598802030086517,-9.864127159118652,-0.1395033597946167,-0.3167719542980194,-8.505219459533691,0.0,0.0,0.0,0.0,0.0,0.0,0.0,0.0,0.0,0.0,0.0,0.0,-0.0750933587551117,0.028450872749090195,0.06834857165813446,-0.03609354794025421,0.3027416169643402,0.2342974841594696,0.28828325867652893,0.2716798782348633,0.7196213603019714,0.234263077378273,-0.13744892179965973,0.0,0.0,0.0,0.0,0.0,0.0,0.0
31567101781,0,0.009765678085386753,-0.015442965552210808,-0.8366797566413879,6.569455581484362e-05,-0.04113857448101044,-0.8442511558532715,-0.0025231116451323032,0.05318095162510872,-0.015440239571034908,-0.019400063902139664,-0.05139147490262985,-0.007571399211883545,-0.004304722882807255,-0.0010434777941554785,0.4493478834629059,0.0,0.0,0.6518587470054626,-0.05274112522602081,-0.06909637898206711,0.29343724250793457,0.03453383967280388,0.006885840557515621,0.24595379829406738,-0.7293955087661743,-1.7160916328430176,-46.667938232421875,-0.1852748692035675,0.41356053948402405,-0.04295510798692703,-0.06614496558904648,0.2868882715702057,-0.34531351923942566,0.0702989473938942,13.136618614196777,9.652963638305664,12.39025592803955,11.540079116821289,-0.06132812425494194,0.015332031063735485,0.06439453363418579,-0.03526367247104645,0.0,-0.0713503360748291,0.028694914653897285,0.0640225037932396,-0.03646765649318695,0.0,0.20323485136032104,0.09598802030086517,-9.864127159118652,-0.1395033597946167,-0.3167719542980194,-8.505219459533691,0.0,0.0,0.0,0.0,0.0,0.0,0.0,0.0,0.0,0.0,0.0,0.0,-0.07440751791000366,0.0287853442132473,0.06761139631271362,-0.036441072821617126,0.3027416169643402,0.2342974841594696,0.28828325867652893,0.2716798782348633,1.347988486289978,-0.16600680351257324,-0.311005562543869,0.0,0.0,0.0,0.0,0.0,0.0,0.0
31576745727,0,0.009742006659507751,-0.014126687310636044,-0.8371078968048096,6.569455581484362e-05,-0.04113857448101044,-0.8442511558532715,-0.0034970385022461414,0.06056956201791763,-0.01789994165301323,-0.01935272105038166,-0.054024044424295425,-0.007143259048461914,-0.004222715273499489,-0.0026275464333593845,0.45459291338920593,0.0,0.0,0.6518587470054626,-0.05274112522602081,-0.06909637898206711,0.29343724250793457,0.03436833992600441,0.019548647105693817,0.2366635799407959,-0.8109311461448669,-1.800365924835205,-46.66230010986328,-0.21628355979919434,0.4374450445175171,-0.040325991809368134,-0.06720765680074692,0.28629934787750244,-0.34719499945640564,0.06939283013343811,13.062088966369629,9.633152961730957,12.334879875183105,11.689492225646973,-0.06132812425494194,0.015332031063735485,0.06592773646116257,-0.03526367247104645,0.0,-0.07634713500738144,0.028734540566802025,0.0689796581864357,-0.036183103919029236,0.0,-0.1175699308514595,0.06587336212396622,-9.933830261230469,-0.14745399355888367,-0.33523058891296387,-8.479459762573242,0.0,0.0,0.0,0.0,0.0,0.0,0.0,0.0,0.0,0.0,0.0,0.0,-0.07373660057783127,0.028934983536601067,0.06681528687477112,-0.036603767424821854,0.3027416169643402,0.2342974841594696,0.28828325867652893,0.2716798782348633,1.347988486289978,-0.16600680351257324,-0.311005562543869,0.0,0.0,0.0,0.0,0.0,0.0,0.0
31586822787,0,0.009682029485702515,-0.0128549262881279,-0.8375356793403625,6.569455581484362e-05,-0.04113857448101044,-0.8442511558532715,-0.0067459046840667725,0.058031827211380005,-0.020638341084122658,-0.019232766702771187,-0.05656757950782776,-0.0067154765129089355,-0.005188418552279472,-0.002868926152586937,0.4597216844558716,0.0,0.0,0.649352490901947,-0.03405458480119705,-0.05244724452495575,0.2849028706550598,0.042082998901605606,0.021227603778243065,0.22751057147979736,-0.8150328397750854,-1.8623836040496826,-46.57426452636719,-0.22108718752861023,0.41670525074005127,-0.03933234512805939,-0.06829094886779785,0.28629934787750244,-0.34719499945640564,0.06939283013343811,12.975412368774414,9.660321235656738,12.328234672546387,11.668013572692871,-0.06132812425494194,0.016865234822034836,0.06746093928813934,-0.036796875298023224,0.0,-0.07875625789165497,0.030652346089482307,0.07082197815179825,-0.03810686618089676,0.0,-0.2972055673599243,0.3561719059944153,-9.605255126953125,-0.14249467849731445,-0.3377942144870758,-8.455090522766113,0.0,0.0,0.0,0.0,0.0,0.0,0.0,0.0,0.0,0.0,0.0,0.0,-0.0737689808011055,0.02905823476612568,0.0666794404387474,-0.036708030849695206,0.3027416169643402,0.2342974841594696,0.28828325867652893,0.2716798782348633,1.118005394935608,0.604111909866333,-0.3847862184047699,0.0,0.0,0.0,0.0,0.0,0.0,0.0
31597619775,0,0.009682029485702515,-0.0128549262881279,-0.8375356793403625,6.569455581484362e-05,-0.04113857448101044,-0.8442511558532715,-0.0067459046840667725,0.058031827211380005,-0.020638341084122658,-0.019232766702771187,-0.05656757950782776,-0.0067154765129089355,-0.005188418552279472,-0.002868926152586937,0.4597216844558716,0.0,0.0,0.649352490901947,-0.026987358927726746,-0.03783436492085457,0.2815995514392853,0.042082998901605606,0.021227603778243065,0.22751057147979736,-0.8150328397750854,-1.8623836040496826,-46.57426452636719,-0.22108718752861023,0.41670525074005127,-0.03933234512805939,-0.06829094886779785,0.286044716835022,-0.34907153248786926,0.0684269368648529,12.975412368774414,9.660321235656738,12.328234672546387,11.668013572692871,-0.06132812425494194,0.018398437649011612,0.06899414211511612,-0.038330078125,0.0,-0.07875625789165497,0.030652346089482307,0.07082197815179825,-0.03810686618089676,0.0,-0.2972055673599243,0.3561719059944153,-9.605255126953125,-0.14249467849731445,-0.3377942144870758,-8.455090522766113,0.0,0.0,0.0,0.0,0.0,0.0,0.0,0.0,0.0,0.0,0.0,0.0,-0.07459406554698944,0.02932453341782093,0.06729205697774887,-0.0369286835193634,0.29962778091430664,0.2344447672367096,0.28707680106163025,0.27418768405914307,0.9973570704460144,0.9467856287956238,-0.3799246549606323,0.0,0.0,0.0,0.0,0.0,0.0,0.0
31606897627,0,0.009588913060724735,-0.01215242501348257,-0.8377511501312256,6.569455581484362e-05,-0.04113857448101044,-0.8442511558532715,-0.0044172764755785465,0.05305733531713486,-0.022701969370245934,-0.01904653199017048,-0.057972587645053864,-0.0065000057220458984,-0.005713131278753281,-0.0027923621237277985,0.46233120560646057,0.0,0.0,0.6468462347984314,-0.026987358927726746,-0.03783436492085457,0.2815995514392853,0.04260607436299324,0.025951189920306206,0.22021234035491943,-0.7837207317352295,-1.8578681945800781,-46.50299835205078,-0.22273990511894226,0.3987223207950592,-0.03813821077346802,-0.06888201087713242,0.28597137331962585,-0.349870502948761,0.06790613383054733,12.897159576416016,9.698141098022461,12.31145191192627,11.6552095413208,-0.06132812425494194,0.018398437649011612,0.06899414211511612,-0.038330078125,0.0,-0.0782998725771904,0.031443849205970764,0.06983494758605957,-0.039017364382743835,0.0,-0.3834194540977478,0.2937875986099243,-9.755208969116211,-0.14369778335094452,-0.32929307222366333,-8.438261032104492,0.0,0.0,0.0,0.0,0.0,0.0,0.0,0.0,0.0,0.0,0.0,0.0,-0.07574683427810669,0.02973703108727932,0.06819918006658554,-0.037296611815690994,0.298114538192749,0.2352011650800705,0.28675025701522827,0.2739368975162506,0.9973570704460144,0.9467856287956238,-0.3799246549606323,0.0,0.0,0.0,0.0,0.0,0.0,0.0
31616947172,0,0.009588913060724735,-0.01215242501348257,-0.8377511501312256,6.569455581484362e-05,-0.04113857448101044,-0.8442511558532715,-0.0044172764755785465,0.05305733531713486,-0.022701969370245934,-0.01904653199017048,-0.057972587645053864,-0.0065000057220458984,-0.005713131278753281,-0.0027923621237277985,0.46233120560646057,0.0,0.0,0.6468462347984314,-0.011572454124689102,-0.032568808645009995,0.280311644077301,0.04260607436299324,0.025951189920306206,0.22021234035491943,-0.8282284736633301,-1.7641692161560059,-46.343448638916016,-0.22273990511894226,0.3987223207950592,-0.03813821077346802,-0.06888201087713242,0.28597137331962585,-0.349870502948761,0.06790613383054733,12.965234756469727,9.520959854125977,12.389287948608398,11.528609275817871,-0.06132812425494194,0.018398437649011612,0.06899414211511612,-0.038330078125,0.0,-0.07654248923063278,0.026894785463809967,0.06798841804265976,-0.03520464897155762,0.0,-0.3834194540977478,0.2937875986099243,-9.755208969116211,-0.14369778335094452,-0.32929307222366333,-8.438261032104492,0.0,0.0,0.0,0.0,0.0,0.0,0.0,0.0,0.0,0.0,0.0,0.0,-0.07672486454248428,0.030008483678102493,0.06890750676393509,-0.03757719695568085,0.298114538192749,0.2352011650800705,0.28675025701522827,0.2739368975162506,0.9432501196861267,0.4125341773033142,-0.23943978548049927,0.0,0.0,0.0,0.0,0.0,0.0,0.0
31627283923,0,0.00939058605581522,-0.010803398676216602,-0.8381897211074829,6.569455581484362e-05,-0.04113857448101044,-0.8442511558532715,0.0023735968861728907,0.046216148883104324,-0.02525946870446205,-0.0186498761177063,-0.06067065894603729,-0.006061434745788574,-0.005607115104794502,-0.0037602358497679234,0.46757230162620544,0.0,0.0,0.6468462347984314,-0.011572454124689102,-0.032568808645009995,0.280311644077301,0.04457696154713631,0.028173405677080154,0.2141876220703125,-0.838285505771637,-1.7361395359039307,-46.29456329345703,-0.23927120864391327,0.4077657163143158,-0.04427366703748703,-0.0699981227517128,0.28598812222480774,-0.3511488437652588,0.06707317382097244,12.98776912689209,9.453042984008789,12.426365852355957,11.4901704788208,-0.059794921427965164,0.018398437649011612,0.06899414211511612,-0.038330078125,0.0,-0.07601243257522583,0.02553471177816391,0.06717486679553986,-0.03425546735525131,0.0,-0.03829502686858177,0.030227022245526314,-9.864898681640625,-0.15241554379463196,-0.3156617283821106,-8.417193412780762,0.0,0.0,0.0,0.0,0.0,0.0,0.0,0.0,0.0,0.0,0.0,0.0,-0.0772288367152214,0.029714537784457207,0.0691339299082756,-0.03740949183702469,0.29986658692359924,0.23029309511184692,0.2889852523803711,0.2707006633281708,0.9432501196861267,0.4125341773033142,-0.23943978548049927,0.0,0.0,0.0,0.0,0.0,0.0,0.0
31636924546,0,0.009057698771357536,-0.00881561916321516,-0.8389019966125488,6.569455581484362e-05,-0.04113857448101044,-0.8442511558532715,-0.002490181475877762,0.043253276497125626,-0.021900953724980354,-0.017984097823500633,-0.06464622914791107,-0.005349159240722656,-0.00525428494438529,-0.0034281958360224962,0.4746786952018738,0.0,0.0,0.6418337225914001,0.005361206363886595,-0.010473409667611122,0.2785283923149109,0.04457696154713631,0.028173405677080154,0.2141876220703125,-0.7913479208946228,-1.7352006435394287,-46.355506896972656,-0.23927120864391327,0.4077657163143158,-0.04427366703748703,-0.0699981227517128,0.28598812222480774,-0.3511488437652588,0.06707317382097244,13.037252426147461,9.37985610961914,12.621210098266602,11.382425308227539,-0.06132812425494194,0.018398437649011612,0.06746093928813934,-0.038330078125,0.0,-0.07442134618759155,0.027468416839838028,0.06479227542877197,-0.0360095351934433,0.0,-0.03829502686858177,0.030227022245526314,-9.864898681640625,-0.14492644369602203,-0.32175642251968384,-8.441512107849121,0.0,0.0,0.0,0.0,0.0,0.0,0.0,0.0,0.0,0.0,0.0,0.0,-0.07720328867435455,0.028950627893209457,0.06881140917539597,-0.03686971589922905,0.29986658692359924,0.23029309511184692,0.2889852523803711,0.2707006633281708,0.7128384113311768,1.092445969581604,-0.1964498907327652,0.0,0.0,0.0,0.0,0.0,0.0,0.0
31646937935,0,0.009057698771357536,-0.00881561916321516,-0.8389019966125488,6.569455581484362e-05,-0.04113857448101044,-0.8442511558532715,-0.002490181475877762,0.043253276497125626,-0.021900953724980354,-0.017767371609807014,-0.06595190614461899,-0.005098581314086914,-0.00525428494438529,-0.0034281958360224962,0.4746786952018738,0.0,0.0,0.6418337225914001,0.006312619894742966,0.007408633828163147,0.27667635679244995,0.04267199710011482,0.025821374729275703,0.2035643756389618,-0.7913479208946228,-1.7352006435394287,-46.355506896972656,-0.2569914162158966,0.37859973311424255,-0.04851619154214859,-0.07123593240976334,0.28641653060913086,-0.3523959815502167,0.06636790186166763,13.037252426147461,9.37985610961914,12.621210098266602,11.382425308227539,-0.06286133080720901,0.019931640475988388,0.06899414211511612,-0.038330078125,0.0,-0.07452485710382462,0.027324911206960678,0.06468543410301208,-0.03612781688570976,0.0,-0.03829502686858177,0.030227022245526314,-9.864898681640625,-0.15582750737667084,-0.3268470764160156,-8.435955047607422,0.0,0.0,0.0,0.0,0.0,0.0,0.0,0.0,0.0,0.0,0.0,0.0,-0.07675555348396301,0.028205594047904015,0.06801613420248032,-0.036370061337947845,0.3008229434490204,0.2288251370191574,0.29276883602142334,0.268585205078125,0.37966424226760864,1.4670435190200806,-0.2284405529499054,0.0,0.0,0.0,0.0,0.0,0.0,0.0
31656959407,0,0.008949335664510727,-0.0081627843901515,-0.8391525745391846,6.569455581484362e-05,-0.04113857448101044,-0.8442511558532715,0.0011332607828080654,0.046689484268426895,-0.02236832119524479,-0.017767371609807014,-0.06595190614461899,-0.005098581314086914,-0.005453700199723244,-0.003072204999625683,0.4770687222480774,0.0,0.0,0.6418337225914001,0.006312619894742966,0.007408633828163147,0.27667635679244995,0.04413796588778496,0.02298232913017273,0.19769135117530823,-0.7970954179763794,-1.7696603536605835,-46.42831802368164,-0.2567702829837799,0.354515016078949,-0.05050598084926605,-0.07177972793579102,0.28665152192115784,-0.3526311218738556,0.06611021608114243,13.068827629089355,9.385436058044434,12.725838661193848,11.313713073730469,-0.06286133080720901,0.019931640475988388,0.0705273449420929,-0.038330078125,0.0,-0.07548061013221741,0.028327688574790955,0.06522573530673981,-0.037297461181879044,0.0,0.22503797709941864,-0.06835458427667618,-10.242374420166016,-0.15582750737667084,-0.3268470764160156,-8.435955047607422,0.0,0.0,0.0,0.0,0.0,0.0,0.0,0.0,0.0,0.0,0.0,0.0,-0.07616303861141205,0.027729546651244164,0.06704025715589523,-0.036128126084804535,0.301432728767395,0.22893710434436798,0.29479748010635376,0.26723477244377136,0.37966424226760864,1.4670435190200806,-0.2284405529499054,0.0,0.0,0.0,0.0,0.0,0.0,0.0
31666926934,0,0.008949335664510727,-0.0081627843901515,-0.8391525745391846,6.569455581484362e-05,-0.04113857448101044,-0.8442511558532715,0.0011332607828080654,0.046689484268426895,-0.02236832119524479,-0.017767371609807014,-0.06595190614461899,-0.005098581314086914,-0.005453700199723244,-0.003072204999625683,0.4770687222480774,0.0,0.0,0.6418337225914001,-0.008842328563332558,0.02150208130478859,0.26689237356185913,0.04413796588778496,0.02298232913017273,0.19769135117530823,-0.9064028263092041,-1.8377974033355713,-46.16177749633789,-0.22929731011390686,0.3449891209602356,-0.04511091858148575,-0.07307543605566025,0.2867996394634247,-0.3526446521282196,0.06540905684232712,12.893074989318848,9.511115074157715,12.4954833984375,11.323644638061523,-0.06286133080720901,0.019931640475988388,0.0705273449420929,-0.038330078125,0.0,-0.08150221407413483,0.0262741781771183,0.07134959846735,-0.03610289469361305,0.0,0.16114656627178192,0.16089750826358795,-9.847626686096191,-0.15582750737667084,-0.3268470764160156,-8.435955047607422,0.0,0.0,0.0,0.0,0.0,0.0,0.0,0.0,0.0,0.0,0.0,0.0,-0.07597939670085907,0.02746480330824852,0.06648305803537369,-0.0361158512532711,0.29803547263145447,0.23145712912082672,0.29032835364341736,0.26743003726005554,-0.4451470673084259,0.7311828136444092,-0.36601561307907104,0.0,0.0,0.0,0.0,0.0,0.0,0.0
31676968612,0,0.008704843930900097,-0.0069303568452596664,-0.8396714925765991,6.569455581484362e-05,-0.04113857448101044,-0.8442511558532715,0.0021121539175510406,0.04715345427393913,-0.03418811038136482,-0.017278384417295456,-0.0684167742729187,-0.004579663276672363,-0.005472992546856403,-0.0028376770205795765,0.4821116626262665,0.0,0.0,0.6393274068832397,-0.008842328563332558,0.02150208130478859,0.26689237356185913,0.044208526611328125,0.021158386021852493,0.19164243340492249,-0.9064028263092041,-1.8377974033355713,-46.16177749633789,-0.22929731011390686,0.3449891209602356,-0.04511091858148575,-0.07307543605566025,0.2867996394634247,-0.3526446521282196,0.06540905684232712,12.893074989318848,9.511115074157715,12.4954833984375,11.323644638061523,-0.06439453363418579,0.019931640475988388,0.0705273449420929,-0.038330078125,0.0,-0.08150221407413483,0.0262741781771183,0.07134959846735,-0.03610289469361305,0.0,0.16114656627178192,0.16089750826358795,-9.847626686096191,-0.1603991836309433,-0.331195205450058,-8.342843055725098,0.0,0.0,0.0,0.0,0.0,0.0,0.0,0.0,0.0,0.0,0.0,0.0,-0.07663039863109589,0.027209632098674774,0.0668245255947113,-0.03616252914071083,0.29803547263145447,0.23145712912082672,0.29032835364341736,0.26743003726005554,-0.4451470673084259,0.7311828136444092,-0.36601561307907104,0.0,0.0,0.0,0.0,0.0,0.0,0.0
31687351715,0,0.008704843930900097,-0.0069303568452596664,-0.8396714925765991,6.569455581484362e-05,-0.04113857448101044,-0.8442511558532715,0.0021121539175510406,0.04715345427393913,-0.03418811038136482,-0.017278384417295456,-0.0684167742729187,-0.004579663276672363,-0.005472992546856403,-0.0028376770205795765,0.4821116626262665,0.0,0.0,0.6393274068832397,-0.01071086898446083,0.028801267966628075,0.2641479969024658,0.04155711829662323,0.014258239418268204,0.16987013816833496,-0.8596497178077698,-1.8003034591674805,-45.782745361328125,-0.2278253436088562,0.3323514461517334,-0.049187369644641876,-0.07430549710988998,0.28637853264808655,-0.3524363040924072,0.06482957303524017,12.88593578338623,9.33564281463623,12.521702766418457,11.10669231414795,-0.06592773646116257,0.018398437649011612,0.06899414211511612,-0.038330078125,0.0,-0.07933257520198822,0.026975637301802635,0.06870834529399872,-0.03722381964325905,0.0,0.16114656627178192,0.16089750826358795,-9.847626686096191,-0.1603991836309433,-0.331195205450058,-8.342843055725098,0.0,0.0,0.0,0.0,0.0,0.0,0.0,0.0,0.0,0.0,0.0,0.0,-0.07774945348501205,0.026943881064653397,0.06770561635494232,-0.036226190626621246,0.2978975176811218,0.22793766856193542,0.29083749651908875,0.2631604075431824,0.03949734941124916,0.47031083703041077,-0.22074007987976074,0.0,0.0,0.0,0.0,0.0,0.0,0.0
31696970861,0,0.008452082984149456,-0.005707030184566975,-0.8402287364006042,6.569455581484362e-05,-0.04113857448101044,-0.8442511558532715,-8.442337275482714e-05,0.03852084279060364,-0.0368376262485981,-0.016772860661149025,-0.07086344808340073,-0.004022419452667236,-0.0060132890939712524,-0.0018722438253462315,0.4868192672729492,0.0,0.0,0.6293023824691772,0.0014685888309031725,0.040950652211904526,0.2597384750843048,0.04155711829662323,0.014258239418268204,0.16987013816833496,-0.8077340126037598,-1.740913987159729,-45.869869232177734,-0.25549423694610596,0.31196773052215576,-0.05586171895265579,-0.0749829038977623,0.2861936688423157,-0.35215285420417786,0.06454941630363464,13.001666069030762,9.178628921508789,12.78413200378418,10.973420143127441,-0.06439453363418579,0.016865234822034836,0.06746093928813934,-0.038330078125,0.0,-0.07564601302146912,0.02706897258758545,0.06415314972400665,-0.03750230744481087,0.0,0.027135232463479042,0.24031825363636017,-10.067111015319824,-0.15087902545928955,-0.32235199213027954,-8.326740264892578,0.0,0.0,0.0,0.0,0.0,0.0,0.0,0.0,0.0,0.0,0.0,0.0,-0.0785219669342041,0.026790987700223923,0.06823568791151047,-0.03640272468328476,0.2978975176811218,0.22793766856193542,0.29083749651908875,0.2631604075431824,0.6812074780464172,0.7710265517234802,-0.3194582164287567,0.0,0.0,0.0,0.0,0.0,0.0,0.0
31706729170,0,0.00831887498497963,-0.005086710210889578,-0.8405195474624634,6.569455581484362e-05,-0.04113857448101044,-0.8442511558532715,-0.0004984861589036882,0.033754099160432816,-0.03526366502046585,-0.016506442800164223,-0.0721040889620781,-0.0037316083908081055,-0.005907972808927298,-0.001198702258989215,0.48902198672294617,0.0,0.0,0.6293023824691772,0.0014685888309031725,0.040950652211904526,0.2597384750843048,0.03898009657859802,0.008475798182189465,0.1670854091644287,-0.8077340126037598,-1.740913987159729,-45.869869232177734,-0.25549423694610596,0.31196773052215576,-0.05586171895265579,-0.0749829038977623,0.2861936688423157,-0.35215285420417786,0.06454941630363464,13.001666069030762,9.178628921508789,12.78413200378418,10.973420143127441,-0.06439453363418579,0.016865234822034836,0.06746093928813934,-0.038330078125,0.0,-0.07564601302146912,0.02706897258758545,0.06415314972400665,-0.03750230744481087,0.0,-0.2272258996963501,-0.05760778486728668,-10.008060455322266,-0.146860733628273,-0.3165298104286194,-8.33997631072998,0.0,0.0,0.0,0.0,0.0,0.0,0.0,0.0,0.0,0.0,0.0,0.0,-0.07854127883911133,0.02676277980208397,0.06795317679643631,-0.03667960315942764,0.30013540387153625,0.2247825562953949,0.2959268391132355,0.2605326473712921,0.6812074780464172,0.7710265517234802,-0.3194582164287567,0.0,0.0,0.0,0.0,0.0,0.0,0.0
31718599434,0,0.00831887498497963,-0.005086710210889578,-0.8405195474624634,6.569455581484362e-05,-0.04113857448101044,-0.8442511558532715,-0.0004984861589036882,0.033754099160432816,-0.03526366502046585,-0.016506442800164223,-0.0721040889620781,-0.0037316083908081055,-0.005907972808927298,-0.001198702258989215,0.48902198672294617,0.0,0.0,0.6293023824691772,0.014585954137146473,0.06833232939243317,0.2536051869392395,0.03898009657859802,0.008475798182189465,0.1670854091644287,-0.8562191724777222,-1.754636526107788,-46.062538146972656,-0.2656971514225006,0.2640874981880188,-0.05775915086269379,-0.07627584040164948,0.2861723303794861,-0.35102638602256775,0.06408151239156723,13.011910438537598,9.236310005187988,12.9673490524292,10.91751480102539,-0.06439453363418579,0.016865234822034836,0.06746093928813934,-0.038330078125,0.0,-0.07738987356424332,0.02541656792163849,0.06483647227287292,-0.03669671341776848,0.0,-0.43031856417655945,0.08230534195899963,-9.77235221862793,-0.146860733628273,-0.3165298104286194,-8.33997631072998,0.0,0.0,0.0,0.0,0.0,0.0,0.0,0.0,0.0,0.0,0.0,0.0,-0.07809697091579437,0.026729177683591843,0.06714454293251038,-0.03693041950464249,0.3003331124782562,0.22594214975833893,0.29947206377983093,0.2594292461872101,0.6805119514465332,1.1917216777801514,-0.35705241560935974,0.0,0.0,0.0,0.0,0.0,0.0,0.0
31726814891,0,0.007979423739016056,-0.004055529832839966,-0.841101884841919,6.569455581484362e-05,-0.04113857448101044,-0.8442511558532715,0.0029167511966079473,0.03488118201494217,-0.03044290840625763,-0.015214753337204456,-0.07596247643232346,-0.002599060535430908,-0.004937752615660429,-6.653944728896022e-05,0.4935663342475891,0.0,0.0,0.6242898106575012,0.010694018565118313,0.07648150622844696,0.251451313495636,0.0418662503361702,-0.006689346861094236,0.15557318925857544,-0.8562191724777222,-1.754636526107788,-46.062538146972656,-0.2656971514225006,0.2640874981880188,-0.05775915086269379,-0.07627584040164948,0.2861723303794861,-0.35102638602256775,0.06408151239156723,13.011910438537598,9.236310005187988,12.9673490524292,10.91751480102539,-0.06439453363418579,0.018398437649011612,0.06592773646116257,-0.038330078125,0.0,-0.07738987356424332,0.02541656792163849,0.06483647227287292,-0.03669671341776848,0.0,-0.43031856417655945,0.08230534195899963,-9.77235221862793,-0.14624886214733124,-0.3264937400817871,-8.393823623657227,0.0,0.0,0.0,0.0,0.0,0.0,0.0,0.0,0.0,0.0,0.0,0.0,-0.07766752690076828,0.026546671986579895,0.06628942489624023,-0.03704781085252762,0.3003331124782562,0.22594214975833893,0.29947206377983093,0.2594292461872101,0.1627650409936905,0.9872400760650635,-0.31060275435447693,0.0,0.0,0.0,0.0,0.0,0.0,0.0
31737323334,0,0.00767303304746747,-0.0031575262546539307,-0.8416520953178406,6.569455581484362e-05,-0.04113857448101044,-0.8442511558532715,-0.002924414584413171,0.034093037247657776,-0.027338724583387375,-0.015214753337204456,-0.07596247643232346,-0.002599060535430908,-0.0047905053943395615,0.0014400361105799675,0.49792519211769104,0.0,0.0,0.6242898106575012,0.001422574045136571,0.0810239315032959,0.2507740557193756,0.03778304159641266,-0.012407053261995316,0.15161675214767456,-0.847082257270813,-1.784956693649292,-46.17171096801758,-0.2555801570415497,0.2513880133628845,-0.057755082845687866,-0.07699090242385864,0.28619328141212463,-0.35012516379356384,0.063868448138237,13.03317642211914,9.298831939697266,12.99755573272705,10.909224510192871,-0.06439453363418579,0.018398437649011612,0.06746093928813934,-0.038330078125,0.0,-0.07789955288171768,0.026662735268473625,0.06520310789346695,-0.038075562566518784,0.0,-0.2218051701784134,-0.1220645010471344,-9.864155769348145,-0.14624886214733124,-0.3264937400817871,-8.393823623657227,0.0,0.0,0.0,0.0,0.0,0.0,0.0,0.0,0.0,0.0,0.0,0.0,-0.07742860168218613,0.02630586549639702,0.06561767309904099,-0.03710436448454857,0.30074405670166016,0.22719839215278625,0.3000558912754059,0.2592655122280121,-0.39183470606803894,0.804154098033905,-0.2245337963104248,0.0,0.0,0.0,0.0,0.0,0.0,0.0
31746813493,0,0.00767303304746747,-0.0031575262546539307,-0.8416520953178406,6.569455581484362e-05,-0.04113857448101044,-0.8442511558532715,-0.002924414584413171,0.034093037247657776,-0.027338724583387375,-0.015214753337204456,-0.07596247643232346,-0.002599060535430908,-0.0047905053943395615,0.0014400361105799675,0.49792519211769104,0.0,0.0,0.6242898106575012,-0.0018921414157375693,0.0842917412519455,0.25123897194862366,0.03778304159641266,-0.012407053261995316,0.15161675214767456,-0.847082257270813,-1.784956693649292,-46.17171096801758,-0.2555801570415497,0.2513880133628845,-0.057755082845687866,-0.07699090242385864,0.28619328141212463,-0.35012516379356384,0.063868448138237,13.03317642211914,9.298831939697266,12.99755573272705,10.909224510192871,-0.06439453363418579,0.019931640475988388,0.06746093928813934,-0.038330078125,0.0,-0.07789955288171768,0.026662735268473625,0.06520310789346695,-0.038075562566518784,0.0,-0.2218051701784134,-0.1220645010471344,-9.864155769348145,-0.14624886214733124,-0.3264937400817871,-8.393823623657227,0.0,0.0,0.0,0.0,0.0,0.0,0.0,0.0,0.0,0.0,0.0,0.0,-0.07737448811531067,0.026195796206593513,0.06519387662410736,-0.037247780710458755,0.30074405670166016,0.22719839215278625,0.3000558912754059,0.2592655122280121,-0.44192755222320557,0.6465669274330139,-0.08834566175937653,0.0,0.0,0.0,0.0,0.0,0.0,0.0
31757437738,0,0.007320036645978689,-0.0022717693354934454,-0.8422046303749084,6.569455581484362e-05,-0.04113857448101044,-0.8442511558532715,-0.004042413551360369,0.03430958837270737,-0.032223451882600784,-0.014508756808936596,-0.07773400098085403,-0.002046525478363037,-0.005473978817462921,0.003328256541863084,0.5026045441627502,0.0,0.0,0.6242898106575012,-0.0018921414157375693,0.0842917412519455,0.25123897194862366,0.0428612194955349,-0.027510836720466614,0.14599621295928955,-0.7936807870864868,-1.815740942955017,-46.08061599731445,-0.23677903413772583,0.23000913858413696,-0.06341509521007538,-0.07824903726577759,0.28590983152389526,-0.3480994701385498,0.06360555440187454,13.14873218536377,9.195760726928711,13.119969367980957,10.683566093444824,-0.06592773646116257,0.019931640475988388,0.06746093928813934,-0.039863280951976776,0.0,-0.07670792192220688,0.030050931498408318,0.06387870013713837,-0.04179653525352478,0.0,-0.1145424023270607,0.013779370114207268,-10.093281745910645,-0.14605799317359924,-0.3313990831375122,-8.351771354675293,0.0,0.0,0.0,0.0,0.0,0.0,0.0,0.0,0.0,0.0,0.0,0.0,-0.07738979160785675,0.026384130120277405,0.06492605805397034,-0.037642721086740494,0.30074405670166016,0.22719839215278625,0.3000558912754059,0.2592655122280121,-0.44192755222320557,0.6465669274330139,-0.08834566175937653,0.0,0.0,0.0,0.0,0.0,0.0,0.0
31767222009,0,0.006878808606415987,-0.0013729268684983253,-0.8427709937095642,6.569455581484362e-05,-0.04113857448101044,-0.8442511558532715,-0.003095450811088085,0.02718167006969452,-0.03836227208375931,-0.013626296073198318,-0.07953169196844101,-0.0014801621437072754,-0.004833559971302748,0.004859147127717733,0.5071377158164978,0.0,0.0,0.6142647862434387,-0.0016239515971392393,0.09049417078495026,0.25088679790496826,0.04070879518985748,-0.043976496905088425,0.12753131985664368,-0.7936807870864868,-1.815740942955017,-46.08061599731445,-0.23677903413772583,0.23000913858413696,-0.06341509521007538,-0.07824903726577759,0.28590983152389526,-0.3480994701385498,0.06360555440187454,13.14873218536377,9.195760726928711,13.119969367980957,10.683566093444824,-0.06592773646116257,0.019931640475988388,0.06746093928813934,-0.039863280951976776,0.0,-0.07670792192220688,0.030050931498408318,0.06387870013713837,-0.04179653525352478,0.0,-0.1145424023270607,0.013779370114207268,-10.093281745910645,-0.14210715889930725,-0.3216303288936615,-8.303688049316406,0.0,0.0,0.0,0.0,0.0,0.0,0.0,0.0,0.0,0.0,0.0,0.0,-0.0773264691233635,0.026997074484825134,0.06466217339038849,-0.038431793451309204,0.30074405670166016,0.22719839215278625,0.3000558912754059,0.2592655122280121,-0.12954869866371155,0.37281370162963867,-0.02091730758547783,0.0,0.0,0.0,0.0,0.0,0.0,0.0
31776834506,0,0.006878808606415987,-0.0013729268684983253,-0.8427709937095642,6.569455581484362e-05,-0.04113857448101044,-0.8442511558532715,-0.003095450811088085,0.02718167006969452,-0.03836227208375931,-0.013626296073198318,-0.07953169196844101,-0.0014801621437072754,-0.004833559971302748,0.004859147127717733,0.5071377158164978,0.0,0.0,0.6142647862434387,0.005280564539134502,0.08912250399589539,0.24709831178188324,0.03830019757151604,-0.04949028044939041,0.11576040089130402,-0.7815893888473511,-1.768966794013977,-45.670284271240234,-0.2572348415851593,0.20794950425624847,-0.07225301861763,-0.08056363463401794,0.28511887788772583,-0.3442451059818268,0.06366541981697083,13.202194213867188,8.875221252441406,13.304137229919434,10.357644081115723,-0.06592773646116257,0.019931640475988388,0.06746093928813934,-0.039863280951976776,0.0,-0.075006864964962,0.029470736160874367,0.0612364262342453,-0.04217071458697319,0.0,0.1530963033437729,-0.033603016287088394,-10.16120719909668,-0.14210715889930725,-0.3216303288936615,-8.303688049316406,0.0,0.0,0.0,0.0,0.0,0.0,0.0,0.0,0.0,0.0,0.0,0.0,-0.07710270583629608,0.02783527970314026,0.06426592171192169,-0.0394580140709877,0.30074405670166016,0.22719839215278625,0.3000558912754059,0.2592655122280121,0.23225480318069458,0.1524384319782257,-0.1433291733264923,0.0,0.0,0.0,0.0,0.0,0.0,0.0
31786801416,0,0.006645479705184698,-0.00099298101849854,-0.8430547714233398,6.569455581484362e-05,-0.04113857448101044,-0.8442511558532715,-0.005311925429850817,0.023787928745150566,-0.03351107984781265,-0.013159636408090591,-0.08029159158468246,-0.0011963844299316406,-0.004583745263516903,0.005646711681038141,0.5089775919914246,0.0,0.0,0.6067459583282471,0.009663742035627365,0.08602261543273926,0.24031516909599304,0.03830019757151604,-0.04949028044939041,0.11576040089130402,-0.6908571720123291,-1.7280163764953613,-46.10067367553711,-0.2572348415851593,0.20794950425624847,-0.07225301861763,-0.08056363463401794,0.28511887788772583,-0.3442451059818268,0.06366541981697083,13.348650932312012,8.930603981018066,13.481881141662598,10.410420417785645,-0.06592773646116257,0.018398437649011612,0.06746093928813934,-0.038330078125,0.0,-0.07068543881177902,0.031259652227163315,0.056968849152326584,-0.043649010360240936,0.0,0.15453946590423584,-0.1559242457151413,-10.059813499450684,-0.13523651659488678,-0.3194386661052704,-8.34145450592041,0.0,0.0,0.0,0.0,0.0,0.0,0.0,0.0,0.0,0.0,0.0,0.0,-0.0764850303530693,0.02865859493613243,0.06343703716993332,-0.040514227002859116,0.30400651693344116,0.21867066621780396,0.30597159266471863,0.24834375083446503,0.3326178789138794,-0.06321250647306442,-0.3251383602619171,0.0,0.0,0.0,0.0,0.0,0.0,0.0
31797234752,0,0.006109131965786219,-0.00023120068362914026,-0.843612551689148,6.569455581484362e-05,-0.04113857448101044,-0.8442511558532715,-0.009511753916740417,0.021154168993234634,-0.02449539676308632,-0.012086935341358185,-0.08181516081094742,-0.0006386041641235352,-0.004773684311658144,0.007239687722176313,0.5129826664924622,0.0,0.0,0.5791770815849304,0.006639743223786354,0.08825186640024185,0.23567277193069458,0.03830019757151604,-0.04949028044939041,0.11576040089130402,-0.6908571720123291,-1.7280163764953613,-46.10067367553711,-0.2572348415851593,0.20794950425624847,-0.07225301861763,-0.08056363463401794,0.28511887788772583,-0.3442451059818268,0.06366541981697083,13.244915008544922,9.05581283569336,13.381208419799805,10.489252090454102,-0.06746093928813934,0.018398437649011612,0.06899414211511612,-0.038330078125,0.0,-0.07124003022909164,0.030827291309833527,0.057397909462451935,-0.04332076758146286,0.0,0.15453946590423584,-0.1559242457151413,-10.059813499450684,-0.1257302612066269,-0.32230323553085327,-8.405587196350098,0.0,0.0,0.0,0.0,0.0,0.0,0.0,0.0,0.0,0.0,0.0,0.0,-0.07533600181341171,0.029441004619002342,0.06205248832702637,-0.04152880236506462,0.30400651693344116,0.21867066621780396,0.30597159266471863,0.24834375083446503,0.04869337007403374,0.09270703792572021,-0.36907076835632324,0.0,0.0,0.0,0.0,0.0,0.0,0.0
31807767461,0,0.006109131965786219,-0.00023120068362914026,-0.843612551689148,6.569455581484362e-05,-0.04113857448101044,-0.8442511558532715,-0.009511753916740417,0.021154168993234634,-0.02449539676308632,-0.012086935341358185,-0.08181516081094742,-0.0006386041641235352,-0.004773684311658144,0.007239687722176313,0.5129826664924622,0.0,0.0,0.5791770815849304,0.006639743223786354,0.08825186640024185,0.23567277193069458,0.03731121867895126,-0.06331581622362137,0.07772358506917953,-0.6908571720123291,-1.7280163764953613,-46.10067367553711,-0.25496625900268555,0.19403544068336487,-0.0703197568655014,-0.0820852667093277,0.28470391035079956,-0.3414713740348816,0.06370701640844345,13.244915008544922,9.05581283569336,13.381208419799805,10.489252090454102,-0.06899414211511612,0.019931640475988388,0.06899414211511612,-0.039863280951976776,0.0,-0.07136522233486176,0.03064456395804882,0.05727411434054375,-0.0434785820543766,0.0,-0.3303394317626953,-0.5179041624069214,-9.462644577026367,-0.1257302612066269,-0.32230323553085327,-8.405587196350098,0.0,0.0,0.0,0.0,0.0,0.0,0.0,0.0,0.0,0.0,0.0,0.0,-0.07399526238441467,0.030093124136328697,0.06048714742064476,-0.04238087311387062,0.3048302233219147,0.22231096029281616,0.30745595693588257,0.2509554922580719,0.04869337007403374,0.09270703792572021,-0.36907076835632324,0.0,0.0,0.0,0.0,0.0,0.0,0.0
31817027568,0,0.006109131965786219,-0.00023120068362914026,-0.843612551689148,6.569455581484362e-05,-0.04113857448101044,-0.8442511558532715,-0.009511753916740417,0.021154168993234634,-0.02449539676308632,-0.010170456022024155,-0.08390364050865173,0.00016731023788452148,-0.004773684311658144,0.007239687722176313,0.5129826664924622,0.0,0.0,0.5566206574440002,-0.009248265996575356,0.08895586431026459,0.22062940895557404,0.03731121867895126,-0.06331581622362137,0.07772358506917953,-0.6908571720123291,-1.7280163764953613,-46.10067367553711,-0.25496625900268555,0.19403544068336487,-0.0703197568655014,-0.0820852667093277,0.28470391035079956,-0.3414713740348816,0.06370701640844345,13.244915008544922,9.05581283569336,13.381208419799805,10.489252090454102,-0.06899414211511612,0.019931640475988388,0.06746093928813934,-0.04139648377895355,0.0,-0.07136522233486176,0.03064456395804882,0.05727411434054375,-0.0434785820543766,0.0,-0.3303394317626953,-0.5179041624069214,-9.462644577026367,-0.11752235889434814,-0.32610946893692017,-8.305963516235352,0.0,0.0,0.0,0.0,0.0,0.0,0.0,0.0,0.0,0.0,0.0,0.0,-0.07284477353096008,0.030524026602506638,0.05913011357188225,-0.042995207011699677,0.3048302233219147,0.22231096029281616,0.30745595693588257,0.2509554922580719,-0.5990799069404602,0.009656073525547981,-0.6571882963180542,0.0,0.0,0.0,0.0,0.0,0.0,0.0
31827144854,0,0.005150896962732077,0.0008130365749821067,-0.844418466091156,6.569455581484362e-05,-0.04113857448101044,-0.8442511558532715,-0.0128427529707551,0.018399372696876526,-0.03630658611655235,-0.010170456022024155,-0.08390364050865173,0.00016731023788452148,-0.005086306948214769,0.009783737361431122,0.5189582705497742,0.0,0.0,0.5566206574440002,-0.009248265996575356,0.08895586431026459,0.22062940895557404,0.03949539735913277,-0.07826187461614609,0.0722297728061676,-0.7158972024917603,-1.8309584856033325,-45.84443664550781,-0.22788158059120178,0.17277178168296814,-0.08382038027048111,-0.08381805568933487,0.2839554250240326,-0.3381064832210541,0.06372875720262527,13.53017520904541,8.726654052734375,13.644747734069824,10.01464557647705,-0.06746093928813934,0.019931640475988388,0.06592773646116257,-0.04292968660593033,0.0,-0.07335055619478226,0.03474276140332222,0.05935017764568329,-0.04848203808069229,0.0,-0.3303394317626953,-0.5179041624069214,-9.462644577026367,-0.11752235889434814,-0.32610946893692017,-8.305963516235352,0.0,0.0,0.0,0.0,0.0,0.0,0.0,0.0,0.0,0.0,0.0,0.0,-0.07209751754999161,0.030947245657444,0.058215998113155365,-0.043617356568574905,0.3103218674659729,0.21567058563232422,0.31252309679985046,0.24152009189128876,-0.5990799069404602,0.009656073525547981,-0.6571882963180542,0.0,0.0,0.0,0.0,0.0,0.0,0.0
31837188656,0,0.0047698114067316055,0.0011332365684211254,-0.8446979522705078,6.569455581484362e-05,-0.04113857448101044,-0.8442511558532715,-0.01423388347029686,0.009565857239067554,-0.036364272236824036,-0.009408281184732914,-0.08454404771327972,0.0004467964172363281,-0.005630891770124435,0.010492323897778988,0.5206024646759033,0.0,0.0,0.5566206574440002,-0.016101518645882607,0.08187370747327805,0.21355979144573212,0.044162191450595856,-0.08373405039310455,0.043185219168663025,-0.6463729739189148,-1.7936021089553833,-45.68280029296875,-0.21986354887485504,0.17818200588226318,-0.09877919405698776,-0.08459509164094925,0.28347402811050415,-0.3366315960884094,0.06370770931243896,13.888219833374023,8.313179016113281,13.956722259521484,9.597511291503906,-0.06439453363418579,0.02299804612994194,0.06439453363418579,-0.044462889432907104,0.0,-0.06878966093063354,0.0377388596534729,0.055249541997909546,-0.051865629851818085,0.0,-0.08610621839761734,-0.13455671072006226,-9.674530029296875,-0.1060294359922409,-0.31399548053741455,-8.305424690246582,0.0,0.0,0.0,0.0,0.0,0.0,0.0,0.0,0.0,0.0,0.0,0.0,-0.07165922969579697,0.031804926693439484,0.05769077688455582,-0.0447462759912014,0.31719261407852173,0.2072950303554535,0.3185043931007385,0.23318764567375183,-0.7316536903381348,-0.30213117599487305,-0.758874237537384,0.0,0.0,0.0,0.0,0.0,0.0,0.0
31846922179,0,0.0047698114067316055,0.0011332365684211254,-0.8446979522705078,6.569455581484362e-05,-0.04113857448101044,-0.8442511558532715,-0.01423388347029686,0.009565857239067554,-0.036364272236824036,-0.009408281184732914,-0.08454404771327972,0.0004467964172363281,-0.005630891770124435,0.010492323897778988,0.5206024646759033,0.0,0.0,0.5566206574440002,-0.028298793360590935,0.070350781083107,0.19171713292598724,0.044162191450595856,-0.08373405039310455,0.043185219168663025,-0.5926377177238464,-1.709444284439087,-45.8364372253418,-0.20025098323822021,0.1745605617761612,-0.13514438271522522,-0.08650145679712296,0.28196436166763306,-0.3332662880420685,0.06344201415777206,14.867328643798828,7.475467681884766,14.877408981323242,8.694499969482422,-0.06439453363418579,0.019931640475988388,0.06132812425494194,-0.04599609225988388,0.0,-0.06110698729753494,0.040252815932035446,0.04840672388672829,-0.05625764653086662,0.0,-0.07199201732873917,-0.40502434968948364,-9.902793884277344,-0.1060294359922409,-0.31399548053741455,-8.305424690246582,0.0,0.0,0.0,0.0,0.0,0.0,0.0,0.0,0.0,0.0,0.0,0.0,-0.07077014446258545,0.03329947590827942,0.056855492293834686,-0.046661727130413055,0.33585861325263977,0.1902080476284027,0.336049884557724,0.21502059698104858,-0.6984782218933105,-0.35467568039894104,-1.0167962312698364,0.0,0.0,0.0,0.0,0.0,0.0,0.0
31858052526,0,0.003998150117695332,0.001770780305378139,-0.8453119397163391,6.569455581484362e-05,-0.04113857448101044,-0.8442511558532715,-0.012731585651636124,0.010030888952314854,-0.032808177173137665,-0.007864950224757195,-0.08581914007663727,0.001060783863067627,-0.005777273792773485,0.011591696180403233,0.5237528681755066,0.0,0.0,0.49647027254104614,-0.036026518791913986,0.07298494875431061,0.18226870894432068,0.04642979055643082,-0.09190169721841812,-0.03277856111526489,-0.5957543253898621,-1.742996096611023,-45.818885803222656,-0.19020023941993713,0.16181856393814087,-0.12881849706172943,-0.08752293884754181,0.2809978425502777,-0.33148178458213806,0.06321172416210175,14.69704532623291,7.6664652824401855,14.719313621520996,8.812334060668945,-0.06746093928813934,0.021464843302965164,0.06132812425494194,-0.04752929508686066,0.0,-0.0627753883600235,0.04050920531153679,0.04973336681723595,-0.056853823363780975,0.0,-0.07199201732873917,-0.40502434968948364,-9.902793884277344,-0.10831896960735321,-0.3169083893299103,-8.330706596374512,0.0,0.0,0.0,0.0,0.0,0.0,0.0,0.0,0.0,0.0,0.0,0.0,-0.06898114830255508,0.035213444381952286,0.05526253208518028,-0.049199365079402924,0.33585861325263977,0.1902080476284027,0.336049884557724,0.21502059698104858,-0.7530561685562134,-0.05350229889154434,-0.9582940340042114,0.0,0.0,0.0,0.0,0.0,0.0,0.0
31867754563,0,0.0036531889345496893,0.002081873593851924,-0.8456400632858276,6.569455581484362e-05,-0.04113857448101044,-0.8442511558532715,-0.01518660131841898,0.012836434878408909,-0.03390553593635559,-0.007175024598836899,-0.08644133061170578,0.0013889074325561523,-0.005871753674000502,0.012262239120900631,0.5253364443778992,0.0,0.0,0.49647027254104614,-0.036026518791913986,0.07298494875431061,0.18226870894432068,0.04724052548408508,-0.09721329808235168,-0.03468148037791252,-0.5957543253898621,-1.742996096611023,-45.818885803222656,-0.19020023941993713,0.16181856393814087,-0.12881849706172943,-0.08752293884754181,0.2809978425502777,-0.33148178458213806,0.06321172416210175,14.69704532623291,7.6664652824401855,14.719313621520996,8.812334060668945,-0.06899414211511612,0.019931640475988388,0.06132812425494194,-0.04752929508686066,0.0,-0.0627753883600235,0.04050920531153679,0.04973336681723595,-0.056853823363780975,0.0,0.21910208463668823,-0.25939831137657166,-9.741698265075684,-0.10670432448387146,-0.3259584307670593,-8.320243835449219,0.0,0.0,0.0,0.0,0.0,0.0,0.0,0.0,0.0,0.0,0.0,0.0,-0.06687920540571213,0.037120137363672256,0.053397614508867264,-0.05183235555887222,0.3326248526573181,0.19411803781986237,0.333048015832901,0.21740132570266724,-0.7530561685562134,-0.05350229889154434,-0.9582940340042114,0.0,0.0,0.0,0.0,0.0,0.0,0.0
31876659291,0,0.0036531889345496893,0.002081873593851924,-0.8456400632858276,6.569455581484362e-05,-0.04113857448101044,-0.8442511558532715,-0.01518660131841898,0.012836434878408909,-0.03390553593635559,-0.007175024598836899,-0.08644133061170578,0.0013889074325561523,-0.005871753674000502,0.012262239120900631,0.5253364443778992,0.0,0.0,0.49647027254104614,-0.0659777820110321,0.07122684270143509,0.1425313651561737,0.06451410055160522,-0.11039820313453674,-0.09234964102506638,-0.4727059602737427,-1.7578625679016113,-45.53761672973633,-0.13199999928474426,0.14720146358013153,-0.13092896342277527,-0.08954957127571106,0.2785100042819977,-0.3278632164001465,0.06234728917479515,14.740598678588867,7.657796859741211,14.632940292358398,8.575356483459473,-0.06899414211511612,0.021464843302965164,0.06286133080720901,-0.04752929508686066,0.0,-0.06013976410031319,0.04664061591029167,0.04725952818989754,-0.06438088417053223,0.0,0.21910208463668823,-0.25939831137657166,-9.741698265075684,-0.10670432448387146,-0.3259584307670593,-8.320243835449219,0.0,0.0,0.0,0.0,0.0,0.0,0.0,0.0,0.0,0.0,0.0,0.0,-0.0649665892124176,0.0389660969376564,0.051690150052309036,-0.05440112203359604,0.3334525525569916,0.19394077360630035,0.3314063549041748,0.21261031925678253,-1.2487056255340576,-0.18486537039279938,-1.735008716583252,0.0,0.0,0.0,0.0,0.0,0.0,0.0
31886988580,0,0.002946605673059821,0.0025768468622118235,-0.8463322520256042,6.569455581484362e-05,-0.04113857448101044,-0.8442511558532715,-0.021331509575247765,-0.002712525427341461,-0.0421144962310791,-0.005761851090937853,-0.08743128180503845,0.0020810961723327637,-0.008345440961420536,0.014126732014119625,0.5275073051452637,0.0,0.0,0.45135751366615295,-0.0659777820110321,0.07122684270143509,0.1425313651561737,0.06451410055160522,-0.11039820313453674,-0.09234964102506638,-0.4727059602737427,-1.7578625679016113,-45.53761672973633,-0.13199999928474426,0.14720146358013153,-0.13092896342277527,-0.08954957127571106,0.2785100042819977,-0.3278632164001465,0.06234728917479515,14.740598678588867,7.657796859741211,14.632940292358398,8.575356483459473,-0.06746093928813934,0.02299804612994194,0.06439453363418579,-0.04752929508686066,0.0,-0.06013976410031319,0.04664061591029167,0.04725952818989754,-0.06438088417053223,0.0,-0.4948413074016571,-0.44327080249786377,-9.952855110168457,-0.07981561869382858,-0.30869245529174805,-8.254196166992188,0.0,0.0,0.0,0.0,0.0,0.0,0.0,0.0,0.0,0.0,0.0,0.0,-0.06325684487819672,0.04100726544857025,0.05014694854617119,-0.05715877190232277,0.3334525525569916,0.19394077360630035,0.3314063549041748,0.21261031925678253,-1.2487056255340576,-0.18486537039279938,-1.735008716583252,0.0,0.0,0.0,0.0,0.0,0.0,0.0
31897836484,0,0.002946605673059821,0.0025768468622118235,-0.8463322520256042,6.569455581484362e-05,-0.04113857448101044,-0.8442511558532715,-0.021331509575247765,-0.002712525427341461,-0.0421144962310791,-0.005761851090937853,-0.08743128180503845,0.0020810961723327637,-0.008345440961420536,0.014126732014119625,0.5275073051452637,0.0,0.0,0.45135751366615295,-0.10408306121826172,0.057282883673906326,0.10402686893939972,0.06451410055160522,-0.11039820313453674,-0.09234964102506638,-0.46436309814453125,-1.658644676208496,-45.244754791259766,-0.07304985821247101,0.15803968906402588,-0.1908911168575287,-0.09175774455070496,0.27477550506591797,-0.3241986930370331,0.06071358174085617,16.289384841918945,6.151886940002441,15.946476936340332,6.935135364532471,-0.06592773646116257,0.024531250819563866,0.06132812425494194,-0.05059570446610451,0.0,-0.05222541466355324,0.05244789645075798,0.040826618671417236,-0.07533709704875946,0.0,-0.6517241597175598,-0.13613130152225494,-9.780899047851562,-0.07981561869382858,-0.30869245529174805,-8.254196166992188,0.0,0.0,0.0,0.0,0.0,0.0,0.0,0.0,0.0,0.0,0.0,0.0,-0.06147568300366402,0.04331854730844498,0.048558417707681656,-0.060353122651576996,0.3626573383808136,0.16287817060947418,0.3562282621860504,0.17910100519657135,-1.5839741230010986,-0.569849967956543,-1.8604635000228882,0.0,0.0,0.0,0.0,0.0,0.0,0.0
31906618423,0,0.002275777980685234,0.0029791269917041063,-0.8470638394355774,6.569455581484362e-05,-0.04113857448101044,-0.8442511558532715,-0.015000092796981335,-0.00264343386515975,-0.04533812403678894,-0.004420189186930656,-0.08823584020137787,0.002812683582305908,-0.009763265959918499,0.014774071983993053,0.5291523933410645,0.0,0.0,0.3486006259918213,-0.11163560301065445,0.051576532423496246,0.08163772523403168,0.0818028375506401,-0.1145746260881424,-0.21669304370880127,-0.49396461248397827,-1.6797361373901367,-45.274715423583984,-0.06219807267189026,0.15892890095710754,-0.17071402072906494,-0.09305897355079651,0.27477550506591797,-0.3241986930370331,0.06071358174085617,15.80791187286377,6.681693077087402,15.43415355682373,7.430952072143555,-0.06439453363418579,0.024531250819563866,0.059794921427965164,-0.05366211012005806,0.0,-0.05504266545176506,0.04762306809425354,0.043253183364868164,-0.07008670270442963,0.0,-0.6517241597175598,-0.13613130152225494,-9.780899047851562,-0.08981174975633621,-0.3054065704345703,-8.231766700744629,0.0,0.0,0.0,0.0,0.0,0.0,0.0,0.0,0.0,0.0,0.0,0.0,-0.05938783288002014,0.04564939811825752,0.04675913602113724,-0.06394144892692566,0.3626573383808136,0.16287817060947418,0.3562282621860504,0.17910100519657135,-1.2556841373443604,-0.5441789627075195,-2.0177981853485107,0.0,0.0,0.0,0.0,0.0,0.0,0.0
31916602791,0,0.0019245970761403441,0.003131135832518339,-0.8474475741386414,6.569455581484362e-05,-0.04113857448101044,-0.8442511558532715,-0.019526338204741478,-0.006097591482102871,-0.039097514003515244,-0.003717823652550578,-0.08853986114263535,0.003196418285369873,-0.01028256956487894,0.015126104466617107,0.5297520160675049,0.0,0.0,0.3486006259918213,-0.11163560301065445,0.051576532423496246,0.08163772523403168,0.09661500155925751,-0.121599480509758,-0.21817825734615326,-0.49396461248397827,-1.6797361373901367,-45.274715423583984,-0.06219807267189026,0.15892890095710754,-0.17071402072906494,-0.09305897355079651,0.27243366837501526,-0.32227569818496704,0.059658974409103394,15.80791187286377,6.681693077087402,15.43415355682373,7.430952072143555,-0.06286133080720901,0.026064453646540642,0.05672851577401161,-0.055195312947034836,0.0,-0.05504266545176506,0.04762306809425354,0.043253183364868164,-0.07008670270442963,0.0,-0.07113572955131531,-0.2794189453125,-10.300483703613281,-0.07758256047964096,-0.3052142262458801,-8.279410362243652,0.0,0.0,0.0,0.0,0.0,0.0,0.0,0.0,0.0,0.0,0.0,0.0,-0.057429239153862,0.04738250747323036,0.04511534050107002,-0.06708240509033203,0.35362449288368225,0.17386770248413086,0.3465840220451355,0.18929548561573029,-1.2556841373443604,-0.5441789627075195,-2.0177981853485107,0.0,0.0,0.0,0.0,0.0,0.0,0.0
31927676288,0,0.0019245970761403441,0.003131135832518339,-0.8474475741386414,6.569455581484362e-05,-0.04113857448101044,-0.8442511558532715,-0.019526338204741478,-0.006097591482102871,-0.039097514003515244,-0.003717823652550578,-0.08853986114263535,0.003196418285369873,-0.01028256956487894,0.015126104466617107,0.5297520160675049,0.0,0.0,0.3486006259918213,-0.11306823045015335,0.05217408016324043,0.02590874210000038,0.09661500155925751,-0.121599480509758,-0.21817825734615326,-0.3223574161529541,-1.55621337890625,-45.22831344604492,-0.04060128331184387,0.1405678242444992,-0.1631104052066803,-0.09566834568977356,0.2676514983177185,-0.3185679614543915,0.05698370933532715,15.603654861450195,6.9247331619262695,15.228313446044922,7.545469284057617,-0.06132812425494194,0.029130859300494194,0.05826171860098839,-0.055195312947034836,0.0,-0.049249548465013504,0.047998130321502686,0.03679422661662102,-0.07165676355361938,0.0,-0.07113572955131531,-0.2794189453125,-10.300483703613281,-0.07758256047964096,-0.3052142262458801,-8.279410362243652,0.0,0.0,0.0,0.0,0.0,0.0,0.0,0.0,0.0,0.0,0.0,0.0,-0.055758342146873474,0.04829656705260277,0.043665315955877304,-0.06925397366285324,0.34978002309799194,0.17888641357421875,0.34269580245018005,0.19164200127124786,-0.5145666003227234,-0.05352438613772392,-2.6180522441864014,0.0,0.0,0.0,0.0,0.0,0.0,0.0
31937406993,0,0.001338235568255186,0.003333057975396514,-0.8482601642608643,6.569455581484362e-05,-0.04113857448101044,-0.8442511558532715,-0.02096908912062645,-0.021251339465379715,-0.045479316264390945,-0.0025450948160141706,-0.088943712413311,0.0040090084075927734,-0.013238344341516495,0.01646089367568493,0.530226469039917,0.0,0.0,0.2984752953052521,-0.11306823045015335,0.05217408016324043,0.02590874210000038,0.10883630812168121,-0.12636131048202515,-0.2780587077140808,-0.3223574161529541,-1.55621337890625,-45.22831344604492,-0.04060128331184387,0.1405678242444992,-0.1631104052066803,-0.09566834568977356,0.2676514983177185,-0.3185679614543915,0.05698370933532715,15.603654861450195,6.9247331619262695,15.228313446044922,7.545469284057617,-0.06132812425494194,0.029130859300494194,0.05826171860098839,-0.05826171860098839,0.0,-0.049249548465013504,0.047998130321502686,0.03679422661662102,-0.07165676355361938,0.0,-0.07113572955131531,-0.2794189453125,-10.300483703613281,-0.05861043930053711,-0.2829478979110718,-8.223329544067383,0.0,0.0,0.0,0.0,0.0,0.0,0.0,0.0,0.0,0.0,0.0,0.0,-0.05400276556611061,0.04867374524474144,0.04198223352432251,-0.07069293409585953,0.34978002309799194,0.17888641357421875,0.34269580245018005,0.19164200127124786,-0.5145666003227234,-0.05352438613772392,-2.6180522441864014,0.0,0.0,0.0,0.0,0.0,0.0,0.0
31946570903,0,0.0004630681942217052,0.003359095426276326,-0.8494554758071899,6.569455581484362e-05,-0.04113857448101044,-0.8442511558532715,-0.021624691784381866,-0.02887958660721779,-0.03625227138400078,-0.00079475122038275,-0.0889957845211029,0.005204319953918457,-0.016351256519556046,0.017900729551911354,0.5294396281242371,0.0,0.0,0.21326227486133575,-0.1269804835319519,0.05603703111410141,-0.02163090929389,0.13871300220489502,-0.13381172716617584,-0.37930727005004883,-0.30228397250175476,-1.5387016534805298,-45.361083984375,0.009634852409362793,0.1232859343290329,-0.19969619810581207,-0.09875987470149994,0.2617855668067932,-0.3141404390335083,0.053270697593688965,16.601661682128906,6.1465630531311035,16.122407913208008,6.561154842376709,-0.06132812425494194,0.03066406212747097,0.05826171860098839,-0.06132812425494194,0.0,-0.04568808525800705,0.053680483251810074,0.03371965512633324,-0.08308205753564835,0.0,-0.07113572955131531,-0.2794189453125,-10.300483703613281,-0.04660090431571007,-0.27255043387413025,-8.291977882385254,0.0,0.0,0.0,0.0,0.0,0.0,0.0,0.0,0.0,0.0,0.0,0.0,-0.052097950130701065,0.04899671673774719,0.040055304765701294,-0.07210555672645569,0.34978002309799194,0.17888641357421875,0.34269580245018005,0.19164200127124786,-0.5726925730705261,0.10057567805051804,-2.3071892261505127,0.0,0.0,0.0,0.0,0.0,0.0,0.0
31956894681,0,0.0004630681942217052,0.003359095426276326,-0.8494554758071899,6.569455581484362e-05,-0.04113857448101044,-0.8442511558532715,-0.021624691784381866,-0.02887958660721779,-0.03625227138400078,-0.00079475122038275,-0.0889957845211029,0.005204319953918457,-0.016351256519556046,0.017900729551911354,0.5294396281242371,0.0,0.0,0.21326227486133575,-0.12956596910953522,0.048697203397750854,-0.04095041751861572,0.13871300220489502,-0.13381172716617584,-0.37930727005004883,-0.30228397250175476,-1.5387016534805298,-45.361083984375,0.009634852409362793,0.1232859343290329,-0.19969619810581207,-0.09875987470149994,0.2617855668067932,-0.3141404390335083,0.053270697593688965,16.601661682128906,6.1465630531311035,16.122407913208008,6.561154842376709,-0.05672851577401161,0.032197266817092896,0.05672851577401161,-0.06592773646116257,0.0,-0.04568808525800705,0.053680483251810074,0.03371965512633324,-0.08308205753564835,0.0,-0.07113572955131531,-0.2794189453125,-10.300483703613281,-0.04660090431571007,-0.27255043387413025,-8.291977882385254,0.0,0.0,0.0,0.0,0.0,0.0,0.0,0.0,0.0,0.0,0.0,0.0,-0.05014263838529587,0.0497577041387558,0.038080353289842606,-0.07429869472980499,0.3684939742088318,0.16276754438877106,0.3595293462276459,0.17137323319911957,-0.3989446461200714,-0.3116498589515686,-2.2400593757629395,0.0,0.0,0.0,0.0,0.0,0.0,0.0
31966746651,0,0.00018810195615515113,0.0033091241493821144,-0.8498662710189819,6.569455581484362e-05,-0.04113857448101044,-0.8442511558532715,-0.021481143310666084,-0.03608641028404236,-0.04601786285638809,-0.00024481600848957896,-0.08889584243297577,0.005615115165710449,-0.017698345705866814,0.01820302940905094,0.5289133191108704,0.0,0.0,0.17316201329231262,-0.12956596910953522,0.048697203397750854,-0.04095041751861572,0.14953680336475372,-0.1355493813753128,-0.3786921501159668,-0.2563049793243408,-1.4990273714065552,-45.60587692260742,0.017830729484558105,0.130304753780365,-0.18240143358707428,-0.10018374025821686,0.25898927450180054,-0.3121500611305237,0.05155003070831299,16.24945640563965,6.64497184753418,15.730854034423828,7.051488399505615,-0.052128907293081284,0.03373046964406967,0.055195312947034836,-0.06746093928813934,0.0,-0.04490884393453598,0.04975335672497749,0.03253471106290817,-0.07783009111881256,0.0,-0.03326108306646347,-0.31592363119125366,-9.6367826461792,-0.038864605128765106,-0.26088106632232666,-8.210124969482422,0.0,0.0,0.0,0.0,0.0,0.0,0.0,0.0,0.0,0.0,0.0,0.0,-0.04832305386662483,0.05067465454339981,0.03624971956014633,-0.07675579190254211,0.36190980672836304,0.17310817539691925,0.3521749675273895,0.18149839341640472,-0.3989446461200714,-0.3116498589515686,-2.2400593757629395,0.0,0.0,0.0,0.0,0.0,0.0,0.0
31977261478,0,0.00018810195615515113,0.0033091241493821144,-0.8498662710189819,6.569455581484362e-05,-0.04113857448101044,-0.8442511558532715,-0.021481143310666084,-0.03608641028404236,-0.04601786285638809,0.0003261268720962107,-0.08879724889993668,0.006346940994262695,-0.017698345705866814,0.01820302940905094,0.5289133191108704,0.0,0.0,0.1355680376291275,-0.12429648637771606,0.030720843002200127,-0.0888701006770134,0.14953680336475372,-0.1355493813753128,-0.3786921501159668,-0.2563049793243408,-1.4990273714065552,-45.60587692260742,0.017830729484558105,0.130304753780365,-0.18240143358707428,-0.10018374025821686,0.25898927450180054,-0.3121500611305237,0.05155003070831299,16.24945640563965,6.64497184753418,15.730854034423828,7.051488399505615,-0.05059570446610451,0.03526367247104645,0.05366211012005806,-0.06746093928813934,0.0,-0.04490884393453598,0.04975335672497749,0.03253471106290817,-0.07783009111881256,0.0,-0.03326108306646347,-0.31592363119125366,-9.6367826461792,-0.03590628132224083,-0.26006558537483215,-8.287639617919922,0.0,0.0,0.0,0.0,0.0,0.0,0.0,0.0,0.0,0.0,0.0,0.0,-0.04683409258723259,0.05113677680492401,0.03471853584051132,-0.0784047394990921,0.36190980672836304,0.17310817539691925,0.3521749675273895,0.18149839341640472,0.07444939762353897,-0.6988385915756226,-2.3865928649902344,0.0,0.0,0.0,0.0,0.0,0.0,0.0
31986606191,0,-9.736805805005133e-05,0.0032598264515399933,-0.8505980968475342,6.569455581484362e-05,-0.04113857448101044,-0.8442511558532715,-0.021771220490336418,-0.036928314715623856,-0.035761844366788864,0.0003261268720962107,-0.08879724889993668,0.006346940994262695,-0.01950760930776596,0.01856951415538788,0.526918351650238,0.0,0.0,0.1355680376291275,-0.12429648637771606,0.030720843002200127,-0.0888701006770134,0.17189864814281464,-0.13581280410289764,-0.4684121310710907,-0.22570836544036865,-1.3993195295333862,-45.097537994384766,0.03593343496322632,0.14802750945091248,-0.17177945375442505,-0.10344294458627701,0.2527351677417755,-0.308055579662323,0.04749200493097305,15.908843994140625,6.786780834197998,15.284728050231934,7.18974494934082,-0.05059570446610451,0.038330078125,0.05059570446610451,-0.06899414211511612,0.0,-0.0431952066719532,0.044586166739463806,0.030237141996622086,-0.07341653853654861,0.0,-0.0638166218996048,-0.02615853026509285,-9.601432800292969,-0.03590628132224083,-0.26006558537483215,-8.287639617919922,0.0,0.0,0.0,0.0,0.0,0.0,0.0,0.0,0.0,0.0,0.0,0.0,-0.04566749185323715,0.05087040364742279,0.03345651179552078,-0.07890607416629791,0.35552138090133667,0.17603938281536102,0.3437623083591461,0.18434317409992218,0.07444939762353897,-0.6988385915756226,-2.3865928649902344,0.0,0.0,0.0,0.0,0.0,0.0,0.0
31997513143,0,-9.736805805005133e-05,0.0032598264515399933,-0.8505980968475342,6.569455581484362e-05,-0.04113857448101044,-0.8442511558532715,-0.021771220490336418,-0.036928314715623856,-0.035761844366788864,0.0009632395231164992,-0.08816076070070267,0.007014870643615723,-0.01950760930776596,0.01856951415538788,0.526918351650238,0.0,0.0,0.1355680376291275,-0.10564578324556351,0.02725570648908615,-0.1254647821187973,0.17189864814281464,-0.13581280410289764,-0.4684121310710907,-0.11268800497055054,-1.3232862949371338,-45.281253814697266,0.03695172071456909,0.14105412364006042,-0.1721523404121399,-0.107196144759655,0.24584299325942993,-0.30368736386299133,0.04282941669225693,15.941225051879883,6.8416748046875,15.352054595947266,7.211629390716553,-0.04906250163912773,0.039863280951976776,0.05059570446610451,-0.06899414211511612,0.0,-0.03916706144809723,0.0455445796251297,0.02548312395811081,-0.075578972697258,0.0,-0.0638166218996048,-0.02615853026509285,-9.601432800292969,-0.02048872783780098,-0.24059751629829407,-8.232954978942871,0.0,0.0,0.0,0.0,0.0,0.0,0.0,0.0,0.0,0.0,0.0,0.0,-0.04453077167272568,0.04986237362027168,0.03212845325469971,-0.0784430280327797,0.35612958669662476,0.17717276513576508,0.34503409266471863,0.18479302525520325,0.6525284647941589,-0.2652471363544464,-1.8514204025268555,0.0,0.0,0.0,0.0,0.0,0.0,0.0
32006711175,0,-0.00041592278284952044,0.0029415867757052183,-0.8512660264968872,6.569455581484362e-05,-0.04113857448101044,-0.8442511558532715,-0.02280903235077858,-0.04882607236504555,-0.040900446474552155,0.0009632395231164992,-0.08816076070070267,0.007014870643615723,-0.021556343883275986,0.019199468195438385,0.5247220396995544,0.0,0.0,0.1355680376291275,-0.09649325907230377,0.014635704457759857,-0.1413804292678833,0.18367421627044678,-0.138030007481575,-0.46550917625427246,-0.08128435164690018,-1.2980725765228271,-45.518760681152344,0.039893731474876404,0.1598649024963379,-0.22165539860725403,-0.10915189981460571,0.24238021671772003,-0.3015051484107971,0.04053273797035217,17.276206970214844,5.634525299072266,16.611961364746094,6.05936861038208,-0.04752929508686066,0.039863280951976776,0.04906250163912773,-0.07512695342302322,0.0,-0.035102855414152145,0.05532233789563179,0.022216716781258583,-0.09070191532373428,0.0,-0.0638166218996048,-0.02615853026509285,-9.601432800292969,-0.02048872783780098,-0.24059751629829407,-8.232954978942871,0.0,0.0,0.0,0.0,0.0,0.0,0.0,0.0,0.0,0.0,0.0,0.0,-0.04298030585050583,0.04897671565413475,0.030317679047584534,-0.07828469574451447,0.3810441195964813,0.1520816683769226,0.36868616938591003,0.1609523743391037,0.7877310514450073,-0.7498598098754883,-1.6731195449829102,0.0,0.0,0.0,0.0,0.0,0.0,0.0
32019400064,0,-0.0005741385393776,0.002771620638668537,-0.8515479564666748,6.569455581484362e-05,-0.04113857448101044,-0.8442511558532715,-0.023711806163191795,-0.05175766721367836,-0.03505667299032211,0.0012796726077795029,-0.08782082796096802,0.00729680061340332,-0.02232138067483902,0.019428739324212074,0.5232828855514526,0.0,0.0,0.0628863275051117,-0.09649325907230377,0.014635704457759857,-0.1413804292678833,0.1936580091714859,-0.13450312614440918,-0.5507214665412903,-0.08128435164690018,-1.2980725765228271,-45.518760681152344,0.039893731474876404,0.1598649024963379,-0.22165539860725403,-0.10915189981460571,0.24238021671772003,-0.3015051484107971,0.04053273797035217,17.276206970214844,5.634525299072266,16.611961364746094,6.05936861038208,-0.04599609225988388,0.038330078125,0.04752929508686066,-0.07819335907697678,0.0,-0.035102855414152145,0.05532233789563179,0.022216716781258583,-0.09070191532373428,0.0,0.254136860370636,-0.13018012046813965,-9.438310623168945,-0.014778973534703255,-0.23601318895816803,-8.276138305664062,0.0,0.0,0.0,0.0,0.0,0.0,0.0,0.0,0.0,0.0,0.0,0.0,-0.040951650589704514,0.049261003732681274,0.0280829519033432,-0.07980049401521683,0.3810441195964813,0.1520816683769226,0.36868616938591003,0.1609523743391037,0.7877310514450073,-0.7498598098754883,-1.6731195449829102,0.0,0.0,0.0,0.0,0.0,0.0,0.0
32026343274,0,-0.0005741385393776,0.002771620638668537,-0.8515479564666748,6.569455581484362e-05,-0.04113857448101044,-0.8442511558532715,-0.023711806163191795,-0.05175766721367836,-0.03505667299032211,0.0012796726077795029,-0.08782082796096802,0.00729680061340332,-0.02232138067483902,0.019428739324212074,0.5232828855514526,0.0,0.0,0.0628863275051117,-0.08607909083366394,-0.013329293578863144,-0.1791422814130783,0.1936580091714859,-0.13450312614440918,-0.5507214665412903,-0.0858457162976265,-1.2817667722702026,-45.769351959228516,0.048405468463897705,0.19515442848205566,-0.21146121621131897,-0.11296433210372925,0.23589164018630981,-0.29796767234802246,0.03636222332715988,17.14627456665039,5.915561676025391,16.352970123291016,6.415976047515869,-0.044462889432907104,0.038330078125,0.044462889432907104,-0.07819335907697678,0.0,-0.03536848723888397,0.050741299986839294,0.02206118404865265,-0.08514203131198883,0.0,0.254136860370636,-0.13018012046813965,-9.438310623168945,-0.014778973534703255,-0.23601318895816803,-8.276138305664062,0.0,0.0,0.0,0.0,0.0,0.0,0.0,0.0,0.0,0.0,0.0,0.0,-0.03888691961765289,0.05030796676874161,0.025894226506352425,-0.08230109512805939,0.37863272428512573,0.15795452892780304,0.36384716629981995,0.168364480137825,0.599375307559967,-1.1309661865234375,-1.9080305099487305,0.0,0.0,0.0,0.0,0.0,0.0,0.0
32036586447,0,-0.0007646013400517404,0.0026194583624601364,-0.8520873188972473,6.569455581484362e-05,-0.04113857448101044,-0.8442511558532715,-0.02201012149453163,-0.05231541022658348,-0.027566658332943916,0.001660600071772933,-0.08751650899648666,0.00783616304397583,-0.023691872134804726,0.018491197377443314,0.5202045440673828,0.0,0.0,0.02779860980808735,-0.07543119043111801,-0.016103971749544144,-0.20309390127658844,0.2042117714881897,-0.12745220959186554,-0.5886671543121338,-0.0858457162976265,-1.2817667722702026,-45.769351959228516,0.048405468463897705,0.19515442848205566,-0.21146121621131897,-0.11296433210372925,0.23589164018630981,-0.29796767234802246,0.03636222332715988,17.14627456665039,5.915561676025391,16.352970123291016,6.415976047515869,-0.04292968660593033,0.04139648377895355,0.04139648377895355,-0.07666015625,0.0,-0.03536848723888397,0.050741299986839294,0.02206118404865265,-0.08514203131198883,0.0,-0.3044801354408264,-0.6758641600608826,-10.095172882080078,-0.01560831256210804,-0.23304849863052368,-8.321700096130371,0.0,0.0,0.0,0.0,0.0,0.0,0.0,0.0,0.0,0.0,0.0,0.0,-0.03720995783805847,0.05111416429281235,0.02411765605211258,-0.08431163430213928,0.37863272428512573,0.15795452892780304,0.36384716629981995,0.168364480137825,0.7360208034515381,-0.670445442199707,-2.1386327743530273,0.0,0.0,0.0,0.0,0.0,0.0,0.0
32047969354,0,-0.0009727553115226328,0.002321261912584305,-0.852479100227356,6.569455581484362e-05,-0.04113857448101044,-0.8442511558532715,-0.022340886294841766,-0.058507733047008514,-0.015540807507932186,0.0020769101101905107,-0.0869201049208641,0.008227944374084473,-0.024839095771312714,0.01838678866624832,0.5159918069839478,0.0,0.0,0.02779860980808735,-0.07543119043111801,-0.016103971749544144,-0.20309390127658844,0.21075688302516937,-0.12623123824596405,-0.5851042866706848,0.0009823599830269814,-1.1392146348953247,-45.5850830078125,0.046423062682151794,0.19280025362968445,-0.1841006577014923,-0.1151113286614418,0.23240478336811066,-0.29622307419776917,0.034090518951416016,16.4024600982666,6.559523582458496,15.632389068603516,7.053027153015137,-0.04139648377895355,0.04139648377895355,0.039863280951976776,-0.07666015625,0.0,-0.03216821327805519,0.04239373654127121,0.017740052193403244,-0.07496592402458191,0.0,-0.3044801354408264,-0.6758641600608826,-10.095172882080078,-0.0068039800971746445,-0.2215186357498169,-8.40710735321045,0.0,0.0,0.0,0.0,0.0,0.0,0.0,0.0,0.0,0.0,0.0,0.0,-0.035897769033908844,0.051056768745183945,0.022665098309516907,-0.08498423546552658,0.37863272428512573,0.15795452892780304,0.36384716629981995,0.168364480137825,0.7360208034515381,-0.670445442199707,-2.1386327743530273,0.0,0.0,0.0,0.0,0.0,0.0,0.0
32057534222,0,-0.0009727553115226328,0.002321261912584305,-0.852479100227356,6.569455581484362e-05,-0.04113857448101044,-0.8442511558532715,-0.022340886294841766,-0.058507733047008514,-0.015540807507932186,0.0020769101101905107,-0.0869201049208641,0.008227944374084473,-0.024839095771312714,0.01838678866624832,0.5159918069839478,0.0,0.0,0.02779860980808735,-0.03802196681499481,-0.03021925315260887,-0.24004967510700226,0.21121560037136078,-0.11503995954990387,-0.617379903793335,-0.050603125244379044,-1.216321349143982,-46.3382453918457,0.011833027005195618,0.21287615597248077,-0.17538732290267944,-0.1192171648144722,0.23240478336811066,-0.29622307419776917,0.034090518951416016,16.34416389465332,6.885322093963623,15.625693321228027,7.5423808097839355,-0.038330078125,0.039863280951976776,0.038330078125,-0.08125976473093033,0.0,-0.03534165024757385,0.04104951396584511,0.02037435956299305,-0.07188637554645538,0.0,-0.1677154302597046,-0.027903178706765175,-9.42647933959961,-0.0068039800971746445,-0.2215186357498169,-8.40710735321045,0.0,0.0,0.0,0.0,0.0,0.0,0.0,0.0,0.0,0.0,0.0,0.0,-0.03485824167728424,0.04975305125117302,0.021362774074077606,-0.0837937518954277,0.36477282643318176,0.1713394671678543,0.3503211438655853,0.18153016269207,1.6711992025375366,-0.8527306318283081,-1.8790907859802246,0.0,0.0,0.0,0.0,0.0,0.0,0.0
32067047405,0,-0.0012547171209007502,0.001786988927051425,-0.8527671694755554,6.569455581484362e-05,-0.04113857448101044,-0.8442511558532715,-0.02302800863981247,-0.07677441090345383,-0.021088164299726486,0.002640836639329791,-0.08585155755281448,0.008516013622283936,-0.02557334303855896,0.01768486201763153,0.5112658739089966,0.0,0.0,-0.0047828578390181065,-0.03802196681499481,-0.03021925315260887,-0.24004967510700226,0.21121560037136078,-0.11503995954990387,-0.617379903793335,-0.050603125244379044,-1.216321349143982,-46.3382453918457,0.011833027005195618,0.21287615597248077,-0.17538732290267944,-0.1192171648144722,0.2261655032634735,-0.2930329144001007,0.02966657280921936,16.34416389465332,6.885322093963623,15.625693321228027,7.5423808097839355,-0.03526367247104645,0.04139648377895355,0.039863280951976776,-0.08432617038488388,0.0,-0.03534165024757385,0.04104951396584511,0.02037435956299305,-0.07188637554645538,0.0,-0.22214730083942413,-0.32045668363571167,-9.922442436218262,0.014490801841020584,-0.1893528699874878,-8.345134735107422,0.0,0.0,0.0,0.0,0.0,0.0,0.0,0.0,0.0,0.0,0.0,0.0,-0.03428979218006134,0.04756784066557884,0.020418358966708183,-0.08115308731794357,0.3636823296546936,0.17807357013225555,0.3501952290534973,0.1915786862373352,1.6711992025375366,-0.8527306318283081,-1.8790907859802246,0.0,0.0,0.0,0.0,0.0,0.0,0.0
32077662704,0,-0.001490905648097396,0.001160401152446866,-0.8529674410820007,6.569455581484362e-05,-0.04113857448101044,-0.8442511558532715,-0.01869741454720497,-0.06460589170455933,-0.004181389696896076,0.003113216022029519,-0.08459837734699249,0.008716285228729248,-0.024922197684645653,0.015882842242717743,0.5063695311546326,0.0,0.0,-0.0047828578390181065,-0.004595653619617224,-0.06025584787130356,-0.2725690007209778,0.21121560037136078,-0.11503995954990387,-0.617379903793335,-0.010898519307374954,-1.120283842086792,-46.591957092285156,-0.02177157998085022,0.258527547121048,-0.13845011591911316,-0.12343793362379074,0.22058400511741638,-0.2905222773551941,0.02532738447189331,15.492926597595215,7.758635997772217,14.750246047973633,8.64660930633545,-0.03373046964406967,0.04139648377895355,0.038330078125,-0.08432617038488388,0.0,-0.03448095545172691,0.033266518265008926,0.018018415197730064,-0.06091685965657234,0.0,-0.22214730083942413,-0.32045668363571167,-9.922442436218262,-0.0019815489649772644,-0.20368796586990356,-8.471264839172363,0.0,0.0,0.0,0.0,0.0,0.0,0.0,0.0,0.0,0.0,0.0,0.0,-0.034164611250162125,0.04493127390742302,0.01983707956969738,-0.07763838022947311,0.3476927578449249,0.1960018277168274,0.3336355984210968,0.2140522599220276,1.654219150543213,-1.2699815034866333,-1.7410788536071777,0.0,0.0,0.0,0.0,0.0,0.0,0.0
32086677350,0,-0.001490905648097396,0.001160401152446866,-0.8529674410820007,6.569455581484362e-05,-0.04113857448101044,-0.8442511558532715,-0.01869741454720497,-0.06460589170455933,-0.004181389696896076,0.003113216022029519,-0.08459837734699249,0.008716285228729248,-0.024922197684645653,0.015882842242717743,0.5063695311546326,0.0,0.0,-0.0047828578390181065,0.008028599433600903,-0.06555194407701492,-0.28608524799346924,0.2107589691877365,-0.10495039075613022,-0.6111975908279419,0.10620702803134918,-0.9141961932182312,-46.15501022338867,-0.03333568572998047,0.2640025019645691,-0.12364809215068817,-0.1257324516773224,0.21784377098083496,-0.2894517779350281,0.02306535840034485,14.998991012573242,7.996941566467285,14.283183097839355,8.934671401977539,-0.032197266817092896,0.04139648377895355,0.036796875298023224,-0.0827929675579071,0.0,-0.028161142021417618,0.02802705392241478,0.010432153940200806,-0.05570322647690773,0.0,-0.227015882730484,-0.6223382353782654,-9.842432975769043,-0.0019815489649772644,-0.20368796586990356,-8.471264839172363,0.0,0.0,0.0,0.0,0.0,0.0,0.0,0.0,0.0,0.0,0.0,0.0,-0.03390958160161972,0.04159945249557495,0.018974320963025093,-0.07308976352214813,0.33835509419441223,0.20086346566677094,0.3247435688972473,0.21986979246139526,1.3509604930877686,-0.8402379751205444,-1.5233522653579712,0.0,0.0,0.0,0.0,0.0,0.0,0.0
32098533247,0,-0.0016124779358506203,0.0008484907448291779,-0.8530374765396118,6.569455581484362e-05,-0.04113857448101044,-0.8442511558532715,-0.01867225021123886,-0.08573492616415024,-0.01291009783744812,0.003356361761689186,-0.08397454768419266,0.008786320686340332,-0.025156309828162193,0.015348260290920734,0.5035736560821533,0.0,0.0,-0.0047828578390181065,0.015311313793063164,-0.06327416002750397,-0.2896881103515625,0.20604628324508667,-0.09940358996391296,-0.6081501841545105,0.10620702803134918,-0.9141961932182312,-46.15501022338867,-0.03333568572998047,0.2640025019645691,-0.12364809215068817,-0.1257324516773224,0.21784377098083496,-0.2894517779350281,0.02306535840034485,14.998991012573242,7.996941566467285,14.283183097839355,8.934671401977539,-0.032197266817092896,0.04139648377895355,0.03066406212747097,-0.08125976473093033,0.0,-0.028161142021417618,0.02802705392241478,0.010432153940200806,-0.05570322647690773,0.0,0.5349287390708923,0.2237037718296051,-9.015280723571777,0.019310368224978447,-0.16621749103069305,-8.391819953918457,0.0,0.0,0.0,0.0,0.0,0.0,0.0,0.0,0.0,0.0,0.0,0.0,-0.03301495686173439,0.03769805282354355,0.01732371188700199,-0.06788492947816849,0.33835509419441223,0.20086346566677094,0.3247435688972473,0.21986979246139526,1.1054620742797852,-0.3296815752983093,-0.9530674815177917,0.0,0.0,0.0,0.0,0.0,0.0,0.0
32108460822,0,-0.0016124779358506203,0.0008484907448291779,-0.8530374765396118,6.569455581484362e-05,-0.04113857448101044,-0.8442511558532715,-0.01867225021123886,-0.08573492616415024,-0.01291009783744812,0.003356361761689186,-0.08397454768419266,0.008786320686340332,-0.025156309828162193,0.015348260290920734,0.5035736560821533,0.0,0.0,-0.0047828578390181065,0.0241248719394207,-0.06015447527170181,-0.2910892069339752,0.20604628324508667,-0.09940358996391296,-0.6081501841545105,0.029591530561447144,-1.005233883857727,-46.96074295043945,-0.04021085798740387,0.2543540298938751,-0.1164221316576004,-0.1299940049648285,0.21276216208934784,-0.2874191403388977,0.019377127289772034,14.987808227539062,8.386626243591309,14.331839561462402,9.312047004699707,-0.032197266817092896,0.04139648377895355,0.027597656473517418,-0.0827929675579071,0.0,-0.03244803100824356,0.026780135929584503,0.014209670946002007,-0.054490137845277786,0.0,0.5349287390708923,0.2237037718296051,-9.015280723571777,0.019310368224978447,-0.16621749103069305,-8.391819953918457,0.0,0.0,0.0,0.0,0.0,0.0,0.0,0.0,0.0,0.0,0.0,0.0,-0.0318770706653595,0.033937208354473114,0.015414506196975708,-0.06302130967378616,0.33814314007759094,0.20878562331199646,0.325671911239624,0.22746385633945465,1.1484087705612183,-0.09138435125350952,-0.6011451482772827,0.0,0.0,0.0,0.0,0.0,0.0,0.0
32116735663,0,-0.0017755121225491166,0.00019628509471658617,-0.8530950546264648,6.569455581484362e-05,-0.04113857448101044,-0.8442511558532715,-0.016149893403053284,-0.07314544171094894,0.006516606081277132,0.0036824317649006844,-0.08267013728618622,0.00884389877319336,-0.024492772296071053,0.014366389252245426,0.49861544370651245,0.0,0.0,-0.0047828578390181065,0.0241248719394207,-0.06015447527170181,-0.2910892069339752,0.20816026628017426,-0.0941334217786789,-0.6018231511116028,0.029591530561447144,-1.005233883857727,-46.96074295043945,-0.04021085798740387,0.2543540298938751,-0.1164221316576004,-0.1299940049648285,0.21276216208934784,-0.2874191403388977,0.019377127289772034,14.987808227539062,8.386626243591309,14.331839561462402,9.312047004699707,-0.032197266817092896,0.039863280951976776,0.027597656473517418,-0.08125976473093033,0.0,-0.03244803100824356,0.026780135929584503,0.014209670946002007,-0.054490137845277786,0.0,-0.508399486541748,-0.5172768831253052,-10.165070533752441,0.005380278453230858,-0.1827698051929474,-8.53831672668457,0.0,0.0,0.0,0.0,0.0,0.0,0.0,0.0,0.0,0.0,0.0,0.0,-0.031225042417645454,0.03082442842423916,0.01407894678413868,-0.05911105126142502,0.33814314007759094,0.20878562331199646,0.325671911239624,0.22746385633945465,1.1484087705612183,-0.09138435125350952,-0.6011451482772827,0.0,0.0,0.0,0.0,0.0,0.0,0.0
32126625632,0,-0.001866393955424428,-0.00047287216875702143,-0.8530734777450562,6.569455581484362e-05,-0.04113857448101044,-0.8442511558532715,-0.01729719154536724,-0.09511547535657883,-0.0006882146699354053,0.0038641963619738817,-0.08133181184530258,0.008822321891784668,-0.023889003321528435,0.012972603552043438,0.49344441294670105,0.0,0.0,-0.0047828578390181065,0.05865287780761719,-0.08039113134145737,-0.2895822823047638,0.19040560722351074,-0.07785406708717346,-0.5956075191497803,0.16414059698581696,-0.7876297235488892,-46.56296157836914,-0.09188631922006607,0.29591286182403564,-0.11097078025341034,-0.1342381238937378,0.21276216208934784,-0.2874191403388977,0.019377127289772034,14.733953475952148,8.28381061553955,14.111751556396484,9.48893928527832,-0.03373046964406967,0.038330078125,0.027597656473517418,-0.07972656190395355,0.0,-0.0248667411506176,0.023009631782770157,0.005281135439872742,-0.05086139962077141,0.0,-0.05711627006530762,-0.31119683384895325,-9.538765907287598,0.02984374575316906,-0.1432054042816162,-8.46599292755127,0.0,0.0,0.0,0.0,0.0,0.0,0.0,0.0,0.0,0.0,0.0,0.0,-0.030780304223299026,0.02837330289185047,0.013034336268901825,-0.056167855858802795,0.33814314007759094,0.20878562331199646,0.325671911239624,0.22746385633945465,1.529900074005127,-0.7689101099967957,-0.10110042989253998,0.0,0.0,0.0,0.0,0.0,0.0,0.0
32138091377,0,-0.001866393955424428,-0.00047287216875702143,-0.8530734777450562,6.569455581484362e-05,-0.04113857448101044,-0.8442511558532715,-0.01729719154536724,-0.09511547535657883,-0.0006882146699354053,0.003560601733624935,-0.07982158660888672,0.008728265762329102,-0.023889003321528435,0.012972603552043438,0.49344441294670105,0.0,0.0,-0.0047828578390181065,0.07648716866970062,-0.08911822736263275,-0.2876669466495514,0.19040560722351074,-0.07785406708717346,-0.5956075191497803,0.16414059698581696,-0.7876297235488892,-46.56296157836914,-0.09188631922006607,0.29591286182403564,-0.11097078025341034,-0.1342381238937378,0.20834004878997803,-0.2856867015361786,0.01670098304748535,14.733953475952148,8.28381061553955,14.111751556396484,9.48893928527832,-0.032197266817092896,0.036796875298023224,0.027597656473517418,-0.07666015625,0.0,-0.0248667411506176,0.023009631782770157,0.005281135439872742,-0.05086139962077141,0.0,-0.05711627006530762,-0.31119683384895325,-9.538765907287598,0.0063835568726062775,-0.16196191310882568,-8.587841033935547,0.0,0.0,0.0,0.0,0.0,0.0,0.0,0.0,0.0,0.0,0.0,0.0,-0.02982010319828987,0.02635200507938862,0.011501796543598175,-0.0539085753262043,0.3333263695240021,0.20669879019260406,0.321469783782959,0.23101283609867096,1.6096171140670776,-0.768524706363678,0.05076397955417633,0.0,0.0,0.0,0.0,0.0,0.0,0.0
32146863171,0,-0.0017145973397418857,-0.0012279816437512636,-0.8529794216156006,6.569455581484362e-05,-0.04113857448101044,-0.8442511558532715,-0.011700255796313286,-0.07928259670734406,0.015716714784502983,0.003560601733624935,-0.07982158660888672,0.008728265762329102,-0.02120628021657467,0.010753466747701168,0.48857852816581726,0.0,0.0,-0.0047828578390181065,0.07648716866970062,-0.08911822736263275,-0.2876669466495514,0.17618347704410553,-0.06846752762794495,-0.591167688369751,0.0735134482383728,-0.8654830455780029,-47.03672790527344,-0.10970134288072586,0.3087177276611328,-0.10822530090808868,-0.1365107297897339,0.2062603086233139,-0.28503191471099854,0.015684187412261963,14.773686408996582,8.42500114440918,14.169008255004883,9.722764015197754,-0.029130859300494194,0.03526367247104645,0.026064453646540642,-0.07512695342302322,0.0,-0.029000530019402504,0.021794501692056656,0.009289584122598171,-0.04942651093006134,0.0,0.644054651260376,0.613105058670044,-9.019088745117188,0.0063835568726062775,-0.16196191310882568,-8.587841033935547,0.0,0.0,0.0,0.0,0.0,0.0,0.0,0.0,0.0,0.0,0.0,0.0,-0.028624532744288445,0.02468509040772915,0.00978511106222868,-0.05216895788908005,0.3340809941291809,0.20956403017044067,0.32256364822387695,0.23569345474243164,1.6096171140670776,-0.768524706363678,0.05076397955417633,0.0,0.0,0.0,0.0,0.0,0.0,0.0
32156540134,0,-0.0016733489464968443,-0.0018364592688158154,-0.8528048396110535,6.569455581484362e-05,-0.04113857448101044,-0.8442511558532715,-0.013263833709061146,-0.10147523880004883,0.007240324281156063,0.003478104481473565,-0.07860462367534637,0.008553683757781982,-0.020551253110170364,0.009212799370288849,0.4836924374103546,0.0,0.0,-0.0047828578390181065,0.08415646851062775,-0.10229704529047012,-0.2778601050376892,0.17618347704410553,-0.06846752762794495,-0.591167688369751,0.16812674701213837,-0.7000582814216614,-46.81610107421875,-0.10970134288072586,0.3087177276611328,-0.10822530090808868,-0.1365107297897339,0.2062603086233139,-0.28503191471099854,0.015684187412261963,14.743829727172852,8.295904159545898,14.094528198242188,9.732329368591309,-0.027597656473517418,0.032197266817092896,0.02299804612994194,-0.07359375059604645,0.0,-0.02282152697443962,0.019115235656499863,0.0028156342450529337,-0.046802494674921036,0.0,0.644054651260376,0.613105058670044,-9.019088745117188,0.030724279582500458,-0.122104212641716,-8.51077938079834,0.0,0.0,0.0,0.0,0.0,0.0,0.0,0.0,0.0,0.0,0.0,0.0,-0.027630170807242393,0.02326434850692749,0.008365814574062824,-0.05075248330831528,0.3340809941291809,0.20956403017044067,0.32256364822387695,0.23569345474243164,0.8205280900001526,-0.8009979128837585,0.37171322107315063,0.0,0.0,0.0,0.0,0.0,0.0,0.0
32167129027,0,-0.0016733489464968443,-0.0018364592688158154,-0.8528048396110535,6.569455581484362e-05,-0.04113857448101044,-0.8442511558532715,-0.013263833709061146,-0.10147523880004883,0.007240324281156063,0.003478104481473565,-0.07860462367534637,0.008553683757781982,-0.020551253110170364,0.009212799370288849,0.4836924374103546,0.0,0.0,-0.0047828578390181065,0.08415646851062775,-0.10229704529047012,-0.2778601050376892,0.16351114213466644,-0.05013898015022278,-0.583678126335144,-0.005701080895960331,-0.8026930093765259,-47.22481155395508,-0.14176015555858612,0.3716907501220703,-0.10815942287445068,-0.14294660091400146,0.2009439319372177,-0.28403547406196594,0.014733761548995972,14.868256568908691,8.32379150390625,14.16479778289795,9.915027618408203,-0.027597656473517418,0.03066406212747097,0.019931640475988388,-0.07206054776906967,0.0,-0.02967745251953602,0.015186264179646969,0.009208434261381626,-0.04410453513264656,0.0,-0.5289682745933533,-0.49331656098365784,-10.1107759475708,0.030724279582500458,-0.122104212641716,-8.51077938079834,0.0,0.0,0.0,0.0,0.0,0.0,0.0,0.0,0.0,0.0,0.0,0.0,-0.02685513347387314,0.021742336452007294,0.0072371941059827805,-0.04932354763150215,0.3358761668205261,0.20751053094863892,0.32248345017433167,0.2395334541797638,0.8205280900001526,-0.8009979128837585,0.37171322107315063,0.0,0.0,0.0,0.0,0.0,0.0,0.0
32176903780,0,-0.0016032647108659148,-0.002184289740398526,-0.8527045845985413,6.569455581484362e-05,-0.04113857448101044,-0.8442511558532715,-0.0049155838787555695,-0.0826198160648346,0.016734162345528603,0.003337935311719775,-0.077908955514431,0.008453428745269775,-0.01863079145550728,0.007618551142513752,0.48142462968826294,0.0,0.0,-0.0047828578390181065,0.08415646851062775,-0.10229704529047012,-0.2778601050376892,0.15910980105400085,-0.041567858308553696,-0.5807859897613525,-0.005701080895960331,-0.8026930093765259,-47.22481155395508,-0.14176015555858612,0.3716907501220703,-0.10815942287445068,-0.14294660091400146,0.2009439319372177,-0.28403547406196594,0.014733761548995972,14.868256568908691,8.32379150390625,14.16479778289795,9.915027618408203,-0.029130859300494194,0.029130859300494194,0.018398437649011612,-0.06899414211511612,0.0,-0.02967745251953602,0.015186264179646969,0.009208434261381626,-0.04410453513264656,0.0,-0.25881803035736084,-0.4015679955482483,-10.12378978729248,-0.0010365601629018784,-0.14594417810440063,-8.586329460144043,0.0,0.0,0.0,0.0,0.0,0.0,0.0,0.0,0.0,0.0,0.0,0.0,-0.026678476482629776,0.019965268671512604,0.006750961299985647,-0.04778219386935234,0.3358761668205261,0.20751053094863892,0.32248345017433167,0.2395334541797638,0.8205280900001526,-0.8009979128837585,0.37171322107315063,0.0,0.0,0.0,0.0,0.0,0.0,0.0
32188103500,0,-0.0016032647108659148,-0.002184289740398526,-0.8527045845985413,6.569455581484362e-05,-0.04113857448101044,-0.8442511558532715,-0.0049155838787555695,-0.0826198160648346,0.016734162345528603,0.003337935311719775,-0.077908955514431,0.008453428745269775,-0.01863079145550728,0.007618551142513752,0.48142462968826294,0.0,0.0,-0.0047828578390181065,0.12483421713113785,-0.1408541351556778,-0.26431164145469666,0.15910980105400085,-0.041567858308553696,-0.5807859897613525,0.14279749989509583,-0.6539856791496277,-46.92473220825195,-0.2042853832244873,0.41394171118736267,-0.10652001202106476,-0.14613725244998932,0.19830375909805298,-0.2847536504268646,0.015629366040229797,14.717741012573242,8.12907886505127,14.080425262451172,10.0390625,-0.029130859300494194,0.027597656473517418,0.016865234822034836,-0.06899414211511612,0.0,-0.023074684664607048,0.01511428877711296,0.0015544607304036617,-0.04389769211411476,0.0,-0.25881803035736084,-0.4015679955482483,-10.12378978729248,-0.0010365601629018784,-0.14594417810440063,-8.586329460144043,0.0,0.0,0.0,0.0,0.0,0.0,0.0,0.0,0.0,0.0,0.0,0.0,-0.026840390637516975,0.01820610649883747,0.006612204946577549,-0.046335961669683456,0.3330182433128357,0.20355364680290222,0.32087087631225586,0.2420065999031067,1.0811749696731567,-0.929641604423523,0.3931483030319214,0.0,0.0,0.0,0.0,0.0,0.0,0.0
32198235716,0,-0.0014506494626402855,-0.0027741407975554466,-0.8524985909461975,6.569455581484362e-05,-0.04113857448101044,-0.8442511558532715,-0.011017235927283764,-0.09971410036087036,0.010956414975225925,0.003032703185454011,-0.07672925293445587,0.008247435092926025,-0.017165863886475563,0.0050537921488285065,0.4767239987850189,0.0,0.0,-0.0047828578390181065,0.12483421713113785,-0.1408541351556778,-0.26431164145469666,0.129664346575737,-0.020962487906217575,-0.5751068592071533,0.14279749989509583,-0.6539856791496277,-46.92473220825195,-0.2042853832244873,0.41394171118736267,-0.10652001202106476,-0.14613725244998932,0.19830375909805298,-0.2847536504268646,0.015629366040229797,14.717741012573242,8.12907886505127,14.080425262451172,10.0390625,-0.027597656473517418,0.027597656473517418,0.016865234822034836,-0.06746093928813934,0.0,-0.023074684664607048,0.01511428877711296,0.0015544607304036617,-0.04389769211411476,0.0,0.6397706866264343,0.33918172121047974,-9.582036018371582,0.025963181629776955,-0.11890648305416107,-8.531769752502441,0.0,0.0,0.0,0.0,0.0,0.0,0.0,0.0,0.0,0.0,0.0,0.0,-0.026529746130108833,0.016773724928498268,0.005963762290775776,-0.04518430307507515,0.3330182433128357,0.20355364680290222,0.32087087631225586,0.2420065999031067,1.0811749696731567,-0.929641604423523,0.3931483030319214,0.0,0.0,0.0,0.0,0.0,0.0,0.0
32207728060,0,-0.001173705793917179,-0.003371173981577158,-0.8522575497627258,6.569455581484362e-05,-0.04113857448101044,-0.8442511558532715,0.0069251516833901405,-0.09208879619836807,0.012056167237460613,0.0024788130540400743,-0.07553517818450928,0.008006393909454346,-0.014634561724960804,0.0027470167260617018,0.47189459204673767,0.0,0.0,-0.0047828578390181065,0.12101887166500092,-0.14560061693191528,-0.2682563066482544,0.129664346575737,-0.020962487906217575,-0.5751068592071533,-0.07124209403991699,-0.622943103313446,-46.98582077026367,-0.19728046655654907,0.4314405620098114,-0.09218691289424896,-0.15025115013122559,0.19621488451957703,-0.28595107793807983,0.017286434769630432,14.41213607788086,8.486252784729004,13.698711395263672,10.42584228515625,-0.027597656473517418,0.024531250819563866,0.015332031063735485,-0.06592773646116257,0.0,-0.028365179896354675,0.003740092506632209,0.0059944032691419125,-0.0343802236020565,0.0,0.6397706866264343,0.33918172121047974,-9.582036018371582,-0.012953108176589012,-0.11326238512992859,-8.542876243591309,0.0,0.0,0.0,0.0,0.0,0.0,0.0,0.0,0.0,0.0,0.0,0.0,-0.025983475148677826,0.015238339081406593,0.005036036483943462,-0.043941430747509,0.327202707529068,0.21080559492111206,0.31355899572372437,0.2496977150440216,0.1420496255159378,-0.5237767100334167,-0.08440166711807251,0.0,0.0,0.0,0.0,0.0,0.0,0.0
32217129024,0,-0.001173705793917179,-0.003371173981577158,-0.8522575497627258,6.569455581484362e-05,-0.04113857448101044,-0.8442511558532715,0.0069251516833901405,-0.09208879619836807,0.012056167237460613,0.0021055599208921194,-0.07490233331918716,0.007889330387115479,-0.014634561724960804,0.0027470167260617018,0.47189459204673767,0.0,0.0,-0.0047828578390181065,0.11416773498058319,-0.1535855382680893,-0.27145689725875854,0.12137378752231598,-0.005348910577595234,-0.5695838332176208,-0.07124209403991699,-0.622943103313446,-46.98582077026367,-0.19728046655654907,0.4314405620098114,-0.09218691289424896,-0.15025115013122559,0.19621488451957703,-0.28595107793807983,0.017286434769630432,14.41213607788086,8.486252784729004,13.698711395263672,10.42584228515625,-0.026064453646540642,0.02299804612994194,0.015332031063735485,-0.06286133080720901,0.0,-0.028365179896354675,0.003740092506632209,0.0059944032691419125,-0.0343802236020565,0.0,0.06890443712472916,-0.16142664849758148,-9.614563941955566,-0.014591005630791187,-0.12177088856697083,-8.582666397094727,0.0,0.0,0.0,0.0,0.0,0.0,0.0,0.0,0.0,0.0,0.0,0.0,-0.025910241529345512,0.012886189855635166,0.004551791585981846,-0.04200492799282074,0.327202707529068,0.21080559492111206,0.31355899572372437,0.2496977150440216,-0.14295053482055664,-0.715912938117981,-0.23051749169826508,0.0,0.0,0.0,0.0,0.0,0.0,0.0
32226647879,0,-0.0009870801586657763,-0.003687592688947916,-0.852140486240387,6.569455581484362e-05,-0.04113857448101044,-0.8442511558532715,0.005283094011247158,-0.08724011480808258,0.01717309281229973,0.0021055599208921194,-0.07490233331918716,0.007889330387115479,-0.013275567442178726,0.0010149022564291954,0.46930375695228577,0.0,0.0,-0.0047828578390181065,0.11416773498058319,-0.1535855382680893,-0.27145689725875854,0.11050967127084732,0.006462032441049814,-0.5665912628173828,-0.08025053143501282,-0.6697399020195007,-47.20466613769531,-0.1974082589149475,0.45392248034477234,-0.08511903882026672,-0.15213045477867126,0.19517970085144043,-0.2867157757282257,0.018203899264335632,14.32360553741455,8.683338165283203,13.542680740356445,10.691826820373535,-0.026064453646540642,0.02299804612994194,0.015332031063735485,-0.06132812425494194,0.0,-0.03006126545369625,0.0049585746601223946,0.00736954202875495,-0.034966085106134415,0.0,0.06890443712472916,-0.16142664849758148,-9.614563941955566,-0.014591005630791187,-0.12177088856697083,-8.582666397094727,0.0,0.0,0.0,0.0,0.0,0.0,0.0,0.0,0.0,0.0,0.0,0.0,-0.026405468583106995,0.010097880847752094,0.004643273074179888,-0.039672594517469406,0.32551485300064087,0.21479490399360657,0.31056225299835205,0.2549685537815094,-0.14295053482055664,-0.715912938117981,-0.23051749169826508,0.0,0.0,0.0,0.0,0.0,0.0,0.0
32236485600,0,-0.0009870801586657763,-0.003687592688947916,-0.852140486240387,6.569455581484362e-05,-0.04113857448101044,-0.8442511558532715,0.005283094011247158,-0.08724011480808258,0.01717309281229973,0.0010047100950032473,-0.0729040801525116,0.0075757503509521484,-0.013275567442178726,0.0010149022564291954,0.46930375695228577,0.0,0.0,-0.0047828578390181065,0.11036752164363861,-0.15127147734165192,-0.26812058687210083,0.07757459580898285,0.03560449555516243,-0.5580326914787292,-0.056973155587911606,-0.5381195545196533,-46.87355041503906,-0.21935266256332397,0.4710146486759186,-0.08343344926834106,-0.15645097196102142,0.19284313917160034,-0.28904035687446594,0.02080860733985901,14.19082260131836,8.581677436828613,13.42475700378418,10.709397315979004,-0.026064453646540642,0.019931640475988388,0.015332031063735485,-0.059794921427965164,0.0,-0.02681295946240425,6.4735618252598215e-06,0.0030050240457057953,-0.031768690794706345,0.0,0.06890443712472916,-0.16142664849758148,-9.614563941955566,-0.02268330194056034,-0.10109880566596985,-8.442166328430176,0.0,0.0,0.0,0.0,0.0,0.0,0.0,0.0,0.0,0.0,0.0,0.0,-0.027095526456832886,0.00749355461448431,0.00492655485868454,-0.03748251870274544,0.3229806125164032,0.2127382606267929,0.3082943558692932,0.25531598925590515,-0.06320793181657791,0.02570500411093235,0.040743015706539154,0.0,0.0,0.0,0.0,0.0,0.0,0.0
32246701353,0,-0.00043665801058523357,-0.004686718340963125,-0.8518269062042236,6.569455581484362e-05,-0.04113857448101044,-0.8442511558532715,0.012426882982254028,-0.09286361187696457,-0.0006772534106858075,0.0010047100950032473,-0.0729040801525116,0.0075757503509521484,-0.010786361061036587,-0.002900766208767891,0.46231770515441895,0.0,0.0,-0.0047828578390181065,0.11036752164363861,-0.15127147734165192,-0.26812058687210083,0.07757459580898285,0.03560449555516243,-0.5580326914787292,-0.056973155587911606,-0.5381195545196533,-46.87355041503906,-0.21935266256332397,0.4710146486759186,-0.08343344926834106,-0.15645097196102142,0.19284313917160034,-0.28904035687446594,0.02080860733985901,14.19082260131836,8.581677436828613,13.42475700378418,10.709397315979004,-0.026064453646540642,0.018398437649011612,0.013798828236758709,-0.059794921427965164,0.0,-0.02681295946240425,6.4735618252598215e-06,0.0030050240457057953,-0.031768690794706345,0.0,0.110171839594841,0.06240541860461235,-10.384599685668945,-0.02268330194056034,-0.10109880566596985,-8.442166328430176,0.0,0.0,0.0,0.0,0.0,0.0,0.0,0.0,0.0,0.0,0.0,0.0,-0.027532614767551422,0.005059594288468361,0.004912644624710083,-0.03549855574965477,0.3229806125164032,0.2127382606267929,0.3082943558692932,0.25531598925590515,-0.06320793181657791,0.02570500411093235,0.040743015706539154,0.0,0.0,0.0,0.0,0.0,0.0,0.0
32259108771,0,-0.00043665801058523357,-0.004686718340963125,-0.8518269062042236,6.569455581484362e-05,-0.04113857448101044,-0.8442511558532715,0.012426882982254028,-0.09286361187696457,-0.0006772534106858075,0.00020352682622615248,-0.07145043462514877,0.007421314716339111,-0.010786361061036587,-0.002900766208767891,0.46231770515441895,0.0,0.0,-0.0047828578390181065,0.1047934964299202,-0.1364666223526001,-0.262486070394516,0.07757459580898285,0.03560449555516243,-0.5580326914787292,-0.15291765332221985,-0.4792214632034302,-46.86260986328125,-0.2311074584722519,0.4756987988948822,-0.08354100584983826,-0.16038183867931366,0.19092890620231628,-0.2912742793560028,0.02391694486141205,14.180200576782227,8.549850463867188,13.434879302978516,10.727131843566895,-0.026064453646540642,0.015332031063735485,0.010732421651482582,-0.05672851577401161,0.0,-0.028058504685759544,-0.006896346807479858,0.003659649286419153,-0.02700900286436081,0.0,0.110171839594841,0.06240541860461235,-10.384599685668945,-0.0278032086789608,-0.08713117241859436,-8.520474433898926,0.0,0.0,0.0,0.0,0.0,0.0,0.0,0.0,0.0,0.0,0.0,0.0,-0.027672242373228073,0.0026116655208170414,0.0045839948579669,-0.033614981919527054,0.3227775990962982,0.21209383010864258,0.30848896503448486,0.2556670010089874,-0.2923524081707001,0.440144807100296,0.23797106742858887,0.0,0.0,0.0,0.0,0.0,0.0,0.0
32266713934,0,-3.606834798119962e-05,-0.005413534585386515,-0.8516724705696106,6.569455581484362e-05,-0.04113857448101044,-0.8442511558532715,0.016822542995214462,-0.09650880098342896,0.008317291736602783,0.00020352682622615248,-0.07145043462514877,0.007421314716339111,-0.008482174016535282,-0.005327509716153145,0.4572850465774536,0.0,0.0,-0.0047828578390181065,0.10340235382318497,-0.13149777054786682,-0.2635674774646759,0.061691414564847946,0.052359335124492645,-0.5526543259620667,-0.1480659544467926,-0.47533106803894043,-46.913639068603516,-0.23938080668449402,0.4793161451816559,-0.0790494829416275,-0.16246630251407623,0.18992801010608673,-0.29254019260406494,0.02579207718372345,14.07390022277832,8.655335426330566,13.341793060302734,10.870196342468262,-0.024531250819563866,0.012265625409781933,0.009199218824505806,-0.055195312947034836,0.0,-0.028211837634444237,-0.007034808397293091,0.003283696947619319,-0.02689323201775551,0.0,-0.027613746002316475,0.32666704058647156,-10.215001106262207,-0.0278032086789608,-0.08713117241859436,-8.520474433898926,0.0,0.0,0.0,0.0,0.0,0.0,0.0,0.0,0.0,0.0,0.0,0.0,-0.027761802077293396,-3.469031071290374e-05,0.00420425133779645,-0.03168386593461037,0.3207460641860962,0.21422864496707916,0.30669713020324707,0.25849491357803345,-0.17615997791290283,0.4459352493286133,0.11570534110069275,0.0,0.0,0.0,0.0,0.0,0.0,0.0
32276525327,0,0.00018231934518553317,-0.005850029177963734,-0.8516348600387573,6.569455581484362e-05,-0.04113857448101044,-0.8442511558532715,0.016068056225776672,-0.09616987407207489,0.009516438469290733,-0.00023325074289459735,-0.07057744264602661,0.00738370418548584,-0.007669446058571339,-0.006571827456355095,0.45499539375305176,0.0,0.0,-0.0047828578390181065,0.10340235382318497,-0.13149777054786682,-0.2635674774646759,0.0521879643201828,0.05973752960562706,-0.549656331539154,-0.1480659544467926,-0.47533106803894043,-46.913639068603516,-0.23938080668449402,0.4793161451816559,-0.0790494829416275,-0.16246630251407623,0.18992801010608673,-0.29254019260406494,0.02579207718372345,14.07390022277832,8.655335426330566,13.341793060302734,10.870196342468262,-0.024531250819563866,0.010732421651482582,0.010732421651482582,-0.052128907293081284,0.0,-0.028211837634444237,-0.007034808397293091,0.003283696947619319,-0.02689323201775551,0.0,0.10152929276227951,0.2834419310092926,-10.37897777557373,-0.02692108228802681,-0.0864238291978836,-8.529752731323242,0.0,0.0,0.0,0.0,0.0,0.0,0.0,0.0,0.0,0.0,0.0,0.0,-0.027881821617484093,-0.002621525200083852,0.003864964935928583,-0.029855458065867424,0.3207460641860962,0.21422864496707916,0.30669713020324707,0.25849491357803345,-0.17615997791290283,0.4459352493286133,0.11570534110069275,0.0,0.0,0.0,0.0,0.0,0.0,0.0
32287935968,0,0.00018231934518553317,-0.005850029177963734,-0.8516348600387573,6.569455581484362e-05,-0.04113857448101044,-0.8442511558532715,0.016068056225776672,-0.09616987407207489,0.009516438469290733,-0.00023325074289459735,-0.07057744264602661,0.00738370418548584,-0.007669446058571339,-0.006571827456355095,0.45499539375305176,0.0,0.0,-0.0047828578390181065,0.10849221795797348,-0.12088850885629654,-0.27042949199676514,0.0521879643201828,0.05973752960562706,-0.549656331539154,-0.2551130950450897,-0.5265201330184937,-46.2268180847168,-0.2675662934780121,0.48642122745513916,-0.0663018673658371,-0.16626925766468048,0.18836241960525513,-0.29513606429100037,0.029508650302886963,13.550543785095215,8.747820854187012,12.88360595703125,11.069605827331543,-0.024531250819563866,0.009199218824505806,0.012265625409781933,-0.05059570446610451,0.0,-0.033737633377313614,-0.009690630249679089,0.007422029972076416,-0.024997565895318985,0.0,0.10152929276227951,0.2834419310092926,-10.37897777557373,-0.02692108228802681,-0.0864238291978836,-8.529752731323242,0.0,0.0,0.0,0.0,0.0,0.0,0.0,0.0,0.0,0.0,0.0,0.0,-0.02825666032731533,-0.004830650519579649,0.00378174870274961,-0.028322162106633186,0.3107132911682129,0.21609844267368317,0.29785242676734924,0.26242929697036743,0.1695033460855484,0.6651905179023743,-0.18739810585975647,0.0,0.0,0.0,0.0,0.0,0.0,0.0
32297018976,0,0.000780536443926394,-0.006681596860289574,-0.8516086935997009,6.569455581484362e-05,-0.04113857448101044,-0.8442511558532715,0.021633466705679893,-0.08616586774587631,-0.006828449200838804,-0.001429690863005817,-0.06891429424285889,0.007357537746429443,-0.005514218471944332,-0.00882214866578579,0.45030301809310913,0.0,0.0,-0.0047828578390181065,0.11311455816030502,-0.10543766617774963,-0.2714150547981262,0.030983375385403633,0.07704857736825943,-0.5436781048774719,-0.24577341973781586,-0.46877816319465637,-46.05711364746094,-0.2844278812408447,0.47327280044555664,-0.06406943500041962,-0.16827504336833954,0.18781758844852448,-0.2964862585067749,0.03159859776496887,13.405410766601562,8.755025863647461,12.831298828125,11.087709426879883,-0.026064453646540642,0.0076660155318677425,0.012265625409781933,-0.04906250163912773,0.0,-0.03249556943774223,-0.011886431835591793,0.005433965474367142,-0.023609571158885956,0.0,-0.2953156530857086,-0.0180888082832098,-9.6513671875,-0.04638420045375824,-0.09573093056678772,-8.404875755310059,0.0,0.0,0.0,0.0,0.0,0.0,0.0,0.0,0.0,0.0,0.0,0.0,-0.029140183702111244,-0.006792702246457338,0.00412993086501956,-0.026978008449077606,0.30792203545570374,0.2162439525127411,0.296840101480484,0.2627860903739929,0.1902570128440857,1.0908790826797485,-0.139290452003479,0.0,0.0,0.0,0.0,0.0,0.0,0.0
32306676812,0,0.0011457207147032022,-0.007066193036735058,-0.8516068458557129,6.569455581484362e-05,-0.04113857448101044,-0.8442511558532715,0.022404927760362625,-0.09052754938602448,-0.011461997404694557,-0.00216006301343441,-0.06814510375261307,0.007355690002441406,-0.0044811018742620945,-0.009431145153939724,0.4477466344833374,0.0,0.0,-0.0047828578390181065,0.11419414728879929,-0.09234647452831268,-0.27108341455459595,0.01840682327747345,0.08225765824317932,-0.5409334301948547,-0.24577341973781586,-0.46877816319465637,-46.05711364746094,-0.2844278812408447,0.47327280044555664,-0.06406943500041962,-0.16827504336833954,0.18781758844852448,-0.2964862585067749,0.03159859776496887,13.405410766601562,8.755025863647461,12.831298828125,11.087709426879883,-0.026064453646540642,0.006132812704890966,0.012265625409781933,-0.04599609225988388,0.0,-0.03249556943774223,-0.011886431835591793,0.005433965474367142,-0.023609571158885956,0.0,0.01077406294643879,-0.24413351714611053,-10.185827255249023,-0.044686075299978256,-0.08523239195346832,-8.37402057647705,0.0,0.0,0.0,0.0,0.0,0.0,0.0,0.0,0.0,0.0,0.0,0.0,-0.030251171439886093,-0.008596299216151237,0.0046335142105817795,-0.02575940079987049,0.30792203545570374,0.2162439525127411,0.296840101480484,0.2627860903739929,0.05162283778190613,1.3023183345794678,-0.062283728271722794,0.0,0.0,0.0,0.0,0.0,0.0,0.0
32317130445,0,0.0011457207147032022,-0.007066193036735058,-0.8516068458557129,6.569455581484362e-05,-0.04113857448101044,-0.8442511558532715,0.022404927760362625,-0.09052754938602448,-0.011461997404694557,-0.00216006301343441,-0.06814510375261307,0.007355690002441406,-0.0044811018742620945,-0.009431145153939724,0.4477466344833374,0.0,0.0,-0.0047828578390181065,0.11677750200033188,-0.07712981849908829,-0.2684939503669739,0.01840682327747345,0.08225765824317932,-0.5409334301948547,-0.24577341973781586,-0.46877816319465637,-46.05711364746094,-0.2844278812408447,0.47327280044555664,-0.06406943500041962,-0.16827504336833954,0.18781758844852448,-0.2964862585067749,0.03159859776496887,13.405410766601562,8.755025863647461,12.831298828125,11.087709426879883,-0.026064453646540642,0.004599609412252903,0.012265625409781933,-0.044462889432907104,0.0,-0.03249556943774223,-0.011886431835591793,0.005433965474367142,-0.023609571158885956,0.0,0.01077406294643879,-0.24413351714611053,-10.185827255249023,-0.044686075299978256,-0.08523239195346832,-8.37402057647705,0.0,0.0,0.0,0.0,0.0,0.0,0.0,0.0,0.0,0.0,0.0,0.0,-0.031211718916893005,-0.010090448893606663,0.005028887651860714,-0.02476337179541588,0.30792203545570374,0.2162439525127411,0.296840101480484,0.2627860903739929,0.044632647186517715,1.3921804428100586,0.10415711253881454,0.0,0.0,0.0,0.0,0.0,0.0,0.0
32326753298,0,0.0023850027937442064,-0.008295300416648388,-0.8516929149627686,6.569455581484362e-05,-0.04113857448101044,-0.8442511558532715,0.033820487558841705,-0.08630595356225967,-0.006060393527150154,-0.004638639744371176,-0.06568687409162521,0.00744175910949707,-0.0003988737298641354,-0.011688226833939552,0.4404228925704956,0.0,0.0,-0.0047828578390181065,0.11677750200033188,-0.07712981849908829,-0.2684939503669739,-0.00510449381545186,0.09283484518527985,-0.5335294008255005,-0.3228014409542084,-0.39300206303596497,-46.26548767089844,-0.3000597357749939,0.4506795108318329,-0.06494827568531036,-0.17191793024539948,0.1872164011001587,-0.2987419366836548,0.03579080104827881,13.423125267028809,8.792977333068848,12.962034225463867,11.106888771057129,-0.027597656473517418,0.0015332031762227416,0.012265625409781933,-0.04292968660593033,0.0,-0.03278080001473427,-0.018430253490805626,0.005107817705720663,-0.019060228019952774,0.0,0.6157315969467163,-0.13304446637630463,-10.006908416748047,-0.07186821848154068,-0.0765015184879303,-8.425787925720215,0.0,0.0,0.0,0.0,0.0,0.0,0.0,0.0,0.0,0.0,0.0,0.0,-0.031934190541505814,-0.011458576656877995,0.005283039063215256,-0.023850735276937485,0.30826303362846375,0.21701057255268097,0.299369215965271,0.2631641626358032,0.044632647186517715,1.3921804428100586,0.10415711253881454,0.0,0.0,0.0,0.0,0.0,0.0,0.0
32336713435,0,0.0023850027937442064,-0.008295300416648388,-0.8516929149627686,6.569455581484362e-05,-0.04113857448101044,-0.8442511558532715,0.033820487558841705,-0.08630595356225967,-0.006060393527150154,-0.004638639744371176,-0.06568687409162521,0.00744175910949707,-0.0003988737298641354,-0.011688226833939552,0.4404228925704956,0.0,0.0,-0.0047828578390181065,0.1083049550652504,-0.04335112124681473,-0.26847267150878906,-0.00510449381545186,0.09283484518527985,-0.5335294008255005,-0.34532445669174194,-0.43008217215538025,-46.29212951660156,-0.31485894322395325,0.42206263542175293,-0.05856844782829285,-0.17572666704654694,0.18696290254592896,-0.3007589280605316,0.04073691368103027,13.205726623535156,8.978376388549805,12.874189376831055,11.251313209533691,-0.027597656473517418,-0.0015332031762227416,0.012265625409781933,-0.04139648377895355,0.0,-0.03523101657629013,-0.01793748512864113,0.006457960698753595,-0.019641075283288956,0.0,0.6157315969467163,-0.13304446637630463,-10.006908416748047,-0.07186821848154068,-0.0765015184879303,-8.425787925720215,0.0,0.0,0.0,0.0,0.0,0.0,0.0,0.0,0.0,0.0,0.0,0.0,-0.032545603811740875,-0.013093293644487858,0.0054530310444533825,-0.022754574194550514,0.3040747046470642,0.22075104713439941,0.29767024517059326,0.2660074234008789,-0.3951166272163391,1.7341605424880981,0.011648258194327354,0.0,0.0,0.0,0.0,0.0,0.0,0.0
32347847136,0,0.0033324179239571095,-0.009154935367405415,-0.8518193960189819,6.569455581484362e-05,-0.04113857448101044,-0.8442511558532715,0.027333959937095642,-0.08586709201335907,-0.007440968416631222,-0.006533479318022728,-0.06396760046482086,0.007568240165710449,0.0011606746120378375,-0.012250199913978577,0.43564537167549133,0.0,0.0,-0.0047828578390181065,0.09721388667821884,-0.022013697773218155,-0.2714496850967407,-0.023542243987321854,0.09529419243335724,-0.5263949632644653,-0.44200992584228516,-0.41923266649246216,-46.05177307128906,-0.30549710988998413,0.3975043296813965,-0.05306154489517212,-0.1773228645324707,0.18683099746704102,-0.30134156346321106,0.04294370114803314,12.984984397888184,9.107583045959473,12.69937515258789,11.276506423950195,-0.026064453646540642,-0.003066406352445483,0.012265625409781933,-0.039863280951976776,0.0,-0.03830263763666153,-0.022048823535442352,0.00879999715834856,-0.016378967091441154,0.0,0.16310101747512817,0.0783936157822609,-10.28650951385498,-0.06278626620769501,-0.07819675654172897,-8.41675090789795,0.0,0.0,0.0,0.0,0.0,0.0,0.0,0.0,0.0,0.0,0.0,0.0,-0.033370498567819595,-0.015003548003733158,0.005767829716205597,-0.0214636642485857,0.29981285333633423,0.22335326671600342,0.29428452253341675,0.2665030360221863,-0.7109569907188416,1.9920525550842285,-0.14437082409858704,0.0,0.0,0.0,0.0,0.0,0.0,0.0
32356746222,0,0.003746576141566038,-0.009644955396652222,-0.8519026637077332,6.569455581484362e-05,-0.04113857448101044,-0.8442511558532715,0.03487906977534294,-0.08211659640073776,-0.013077693060040474,-0.007361799944192171,-0.0629875510931015,0.00765150785446167,0.0016650790348649025,-0.011948793195188046,0.43337172269821167,0.0,0.0,-0.0047828578390181065,0.08285252749919891,0.0038474348839372396,-0.2734564542770386,-0.0285617858171463,0.09406961500644684,-0.5232955813407898,-0.44200992584228516,-0.41923266649246216,-46.05177307128906,-0.30549710988998413,0.3975043296813965,-0.05306154489517212,-0.1773228645324707,0.18683099746704102,-0.30134156346321106,0.04294370114803314,12.984984397888184,9.107583045959473,12.69937515258789,11.276506423950195,-0.024531250819563866,-0.004599609412252903,0.012265625409781933,-0.038330078125,0.0,-0.03830263763666153,-0.022048823535442352,0.00879999715834856,-0.016378967091441154,0.0,0.15600554645061493,-0.11464965343475342,-9.808062553405762,-0.08036544173955917,-0.07622411847114563,-8.37304973602295,0.0,0.0,0.0,0.0,0.0,0.0,0.0,0.0,0.0,0.0,0.0,0.0,-0.034544605761766434,-0.01705341599881649,0.0063741267658770084,-0.020041000097990036,0.29981285333633423,0.22335326671600342,0.29428452253341675,0.2665030360221863,-0.9439806938171387,2.2207119464874268,-0.19613362848758698,0.0,0.0,0.0,0.0,0.0,0.0,0.0
32366641823,0,0.003746576141566038,-0.009644955396652222,-0.8519026637077332,6.569455581484362e-05,-0.04113857448101044,-0.8442511558532715,0.03487906977534294,-0.08211659640073776,-0.013077693060040474,-0.007361799944192171,-0.0629875510931015,0.00765150785446167,0.0016650790348649025,-0.011948793195188046,0.43337172269821167,0.0,0.0,-0.0047828578390181065,0.07201220840215683,0.02395128831267357,-0.2716119885444641,-0.0285617858171463,0.09406961500644684,-0.5232955813407898,-0.487150639295578,-0.3947703242301941,-45.62266159057617,-0.2849118113517761,0.344765841960907,-0.05146798491477966,-0.1809559315443039,0.18632888793945312,-0.30188798904418945,0.04819305241107941,12.791172981262207,9.150347709655762,12.59936809539795,11.097094535827637,-0.024531250819563866,-0.006132812704890966,0.010732421651482582,-0.038330078125,0.0,-0.03976425155997276,-0.025067530572414398,0.009136688895523548,-0.014781873673200607,0.0,0.15600554645061493,-0.11464965343475342,-9.808062553405762,-0.08036544173955917,-0.07622411847114563,-8.37304973602295,0.0,0.0,0.0,0.0,0.0,0.0,0.0,0.0,0.0,0.0,0.0,0.0,-0.03588293120265007,-0.019122613593935966,0.007135482504963875,-0.018591895699501038,0.29606324434280396,0.2242138683795929,0.29234498739242554,0.2629711329936981,-0.9832622408866882,2.049757719039917,-0.036590564996004105,0.0,0.0,0.0,0.0,0.0,0.0,0.0
32377118684,0,0.004589901305735111,-0.01066510658711195,-0.8521178960800171,6.569455581484362e-05,-0.04113857448101044,-0.8442511558532715,0.03778578341007233,-0.08047019690275192,-0.02410181611776352,-0.009048459120094776,-0.0609472393989563,0.007866740226745605,0.003466661088168621,-0.011420607566833496,0.42838314175605774,0.0,0.0,-0.0047828578390181065,0.05855725333094597,0.05426393449306488,-0.26407596468925476,-0.0364033542573452,0.08732670545578003,-0.5177410244941711,-0.4294613301753998,-0.2799665331840515,-46.008033752441406,-0.28125953674316406,0.30718281865119934,-0.05778360366821289,-0.1842196136713028,0.18632888793945312,-0.30188798904418945,0.04819305241107941,12.992992401123047,9.151444435119629,12.905080795288086,10.971545219421387,-0.026064453646540642,-0.0076660155318677425,0.010732421651482582,-0.036796875298023224,0.0,-0.03472256287932396,-0.02765960805118084,0.003919544629752636,-0.0134337292984128,0.0,-0.13215820491313934,0.15306894481182098,-9.449529647827148,-0.08857284486293793,-0.07177641987800598,-8.295029640197754,0.0,0.0,0.0,0.0,0.0,0.0,0.0,0.0,0.0,0.0,0.0,0.0,-0.036957334727048874,-0.02121758833527565,0.007622995413839817,-0.01718764193356037,0.29606324434280396,0.2242138683795929,0.29234498739242554,0.2629711329936981,-0.8184278607368469,1.8086339235305786,0.23568864166736603,0.0,0.0,0.0,0.0,0.0,0.0,0.0
32386388841,0,0.004589901305735111,-0.01066510658711195,-0.8521178960800171,6.569455581484362e-05,-0.04113857448101044,-0.8442511558532715,0.03778578341007233,-0.08047019690275192,-0.02410181611776352,-0.009048459120094776,-0.0609472393989563,0.007866740226745605,0.003466661088168621,-0.011420607566833496,0.42838314175605774,0.0,0.0,-0.0047828578390181065,0.05855725333094597,0.05426393449306488,-0.26407596468925476,-0.0364033542573452,0.08732670545578003,-0.5177410244941711,-0.4294613301753998,-0.2799665331840515,-46.008033752441406,-0.28125953674316406,0.30718281865119934,-0.05778360366821289,-0.1842196136713028,0.1858413815498352,-0.30167001485824585,0.05346889793872833,12.992992401123047,9.151444435119629,12.905080795288086,10.971545219421387,-0.027597656473517418,-0.009199218824505806,0.012265625409781933,-0.03526367247104645,0.0,-0.03472256287932396,-0.02765960805118084,0.003919544629752636,-0.0134337292984128,0.0,-0.13215820491313934,0.15306894481182098,-9.449529647827148,-0.08857284486293793,-0.07177641987800598,-8.295029640197754,0.0,0.0,0.0,0.0,0.0,0.0,0.0,0.0,0.0,0.0,0.0,0.0,-0.03730594366788864,-0.02331707254052162,0.007420049514621496,-0.015866506844758987,0.2999676764011383,0.22423584759235382,0.29826781153678894,0.26049554347991943,-0.8184278607368469,1.8086339235305786,0.23568864166736603,0.0,0.0,0.0,0.0,0.0,0.0,0.0
32396981614,0,0.005414807237684727,-0.011605114676058292,-0.8523645401000977,6.569455581484362e-05,-0.04113857448101044,-0.8442511558532715,0.03540905565023422,-0.0905122384428978,-0.015811512246727943,-0.010698279365897179,-0.05906721577048302,0.008113384246826172,0.004407151136547327,-0.010761837475001812,0.42349135875701904,0.0,0.0,-0.0047828578390181065,0.0485663004219532,0.07706958800554276,-0.262189120054245,-0.04504517838358879,0.07786308228969574,-0.5123125314712524,-0.4294613301753998,-0.2799665331840515,-46.008033752441406,-0.28125953674316406,0.30718281865119934,-0.05778360366821289,-0.1842196136713028,0.1858413815498352,-0.30167001485824585,0.05346889793872833,12.992992401123047,9.151444435119629,12.905080795288086,10.971545219421387,-0.027597656473517418,-0.012265625409781933,0.012265625409781933,-0.03373046964406967,0.0,-0.03472256287932396,-0.02765960805118084,0.003919544629752636,-0.0134337292984128,0.0,-0.08431144803762436,0.8920031785964966,-9.941963195800781,-0.07808388024568558,-0.05090300738811493,-8.365097045898438,0.0,0.0,0.0,0.0,0.0,0.0,0.0,0.0,0.0,0.0,0.0,0.0,-0.03700069338083267,-0.02515094168484211,0.006674300413578749,-0.0147678442299366,0.2999676764011383,0.22423584759235382,0.29826781153678894,0.26049554347991943,-0.9443268179893494,1.9793295860290527,0.20499570667743683,0.0,0.0,0.0,0.0,0.0,0.0,0.0
32406868732,0,0.006268997211009264,-0.012794837355613708,-0.8527047634124756,6.569455581484362e-05,-0.04113857448101044,-0.8442511558532715,0.0375661626458168,-0.07319391518831253,-0.020196232944726944,-0.012406667694449425,-0.05668775737285614,0.008453607559204102,0.0057846903800964355,-0.009052922017872334,0.4189269244670868,0.0,0.0,-0.0047828578390181065,0.0485663004219532,0.07706958800554276,-0.262189120054245,-0.051913872361183167,0.0678199902176857,-0.5078675746917725,-0.4826095998287201,-0.36103928089141846,-45.946739196777344,-0.2766167223453522,0.27212288975715637,-0.05683688819408417,-0.18593867123126984,0.1855798214673996,-0.30116578936576843,0.056466758251190186,12.90707015991211,9.220976829528809,12.912745475769043,10.91872501373291,-0.027597656473517418,-0.015332031063735485,0.012265625409781933,-0.03373046964406967,0.0,-0.03877778351306915,-0.026582619175314903,0.007447575684636831,-0.01457416545599699,0.0,0.1810554713010788,-0.49187251925468445,-9.696675300598145,-0.09779565036296844,-0.0751291811466217,-8.32947063446045,0.0,0.0,0.0,0.0,0.0,0.0,0.0,0.0,0.0,0.0,0.0,0.0,-0.03661726787686348,-0.026466097682714462,0.005961959715932608,-0.014033939689397812,0.29830625653266907,0.22563403844833374,0.29841598868370056,0.2594529986381531,-0.9443268179893494,1.9793295860290527,0.20499570667743683,0.0,0.0,0.0,0.0,0.0,0.0,0.0
32416908738,0,0.006268997211009264,-0.012794837355613708,-0.8527047634124756,6.569455581484362e-05,-0.04113857448101044,-0.8442511558532715,0.0375661626458168,-0.07319391518831253,-0.020196232944726944,-0.012406667694449425,-0.05668775737285614,0.008453607559204102,0.0057846903800964355,-0.009052922017872334,0.4189269244670868,0.0,0.0,-0.0047828578390181065,0.027347033843398094,0.10392317920923233,-0.2628854513168335,-0.051805444061756134,0.048347849398851395,-0.5008185505867004,-0.48579922318458557,-0.4154815971851349,-45.72026062011719,-0.2509177625179291,0.23112627863883972,-0.05308949947357178,-0.18906188011169434,0.18485333025455475,-0.2994842827320099,0.062158942222595215,12.736716270446777,9.358288764953613,12.783698081970215,10.85450267791748,-0.027597656473517418,-0.018398437649011612,0.010732421651482582,-0.032197266817092896,0.0,-0.04116452857851982,-0.024618426337838173,0.008851144462823868,-0.016642799600958824,0.0,0.1810554713010788,-0.49187251925468445,-9.696675300598145,-0.09779565036296844,-0.0751291811466217,-8.32947063446045,0.0,0.0,0.0,0.0,0.0,0.0,0.0,0.0,0.0,0.0,0.0,0.0,-0.036750394850969315,-0.02709347754716873,0.005787753500044346,-0.01381550170481205,0.2950083017349243,0.22839219868183136,0.29591840505599976,0.2581847906112671,-0.9763718247413635,1.3858801126480103,0.04889539256691933,0.0,0.0,0.0,0.0,0.0,0.0,0.0
32427677235,0,0.00703621469438076,-0.014071622863411903,-0.8530545234680176,6.569455581484362e-05,-0.04113857448101044,-0.8442511558532715,0.030764857307076454,-0.07448985427618027,-0.023350100964307785,-0.013941110111773014,-0.054134175181388855,0.008803367614746094,0.005556565709412098,-0.006705467123538256,0.4142123758792877,0.0,0.0,-0.0047828578390181065,0.007222363725304604,0.11084514856338501,-0.2603174149990082,-0.051805444061756134,0.048347849398851395,-0.5008185505867004,-0.48579922318458557,-0.4154815971851349,-45.72026062011719,-0.2509177625179291,0.23112627863883972,-0.05308949947357178,-0.18906188011169434,0.18485333025455475,-0.2994842827320099,0.062158942222595215,12.736716270446777,9.358288764953613,12.783698081970215,10.85450267791748,-0.027597656473517418,-0.019931640475988388,0.012265625409781933,-0.03066406212747097,0.0,-0.04116452857851982,-0.024618426337838173,0.008851144462823868,-0.016642799600958824,0.0,0.1810554713010788,-0.49187251925468445,-9.696675300598145,-0.08553604036569595,-0.07259944826364517,-8.307377815246582,0.0,0.0,0.0,0.0,0.0,0.0,0.0,0.0,0.0,0.0,0.0,0.0,-0.03752029314637184,-0.027035925537347794,0.00620260601863265,-0.014134354889392853,0.2950083017349243,0.22839219868183136,0.29591840505599976,0.2581847906112671,-1.0227705240249634,0.7815658450126648,0.09278170019388199,0.0,0.0,0.0,0.0,0.0,0.0,0.0
32437279992,0,0.007725918665528297,-0.015386289916932583,-0.8533938527107239,6.569455581484362e-05,-0.04113857448101044,-0.8442511558532715,0.036672987043857574,-0.07744529843330383,-0.02629617415368557,-0.01532052457332611,-0.05150482431054115,0.009142696857452393,0.005721419118344784,-0.0050397408194839954,0.40960410237312317,0.0,0.0,-0.0047828578390181065,0.007222363725304604,0.11084514856338501,-0.2603174149990082,-0.04701290279626846,0.030429784208536148,-0.49531757831573486,-0.5190592408180237,-0.33420467376708984,-45.62642288208008,-0.22958102822303772,0.21511384844779968,-0.05395303666591644,-0.1918656826019287,0.18394076824188232,-0.2976115643978119,0.06759718060493469,12.744623184204102,9.369672775268555,12.77205753326416,10.753101348876953,-0.03066406212747097,-0.021464843302965164,0.012265625409781933,-0.029130859300494194,0.0,-0.04004514217376709,-0.029237374663352966,0.007291349582374096,-0.013316895812749863,0.0,-0.006398498080670834,0.25597596168518066,-9.764625549316406,-0.09493547677993774,-0.05672530084848404,-8.286657333374023,0.0,0.0,0.0,0.0,0.0,0.0,0.0,0.0,0.0,0.0,0.0,0.0,-0.038519762456417084,-0.026774605736136436,0.006823407486081123,-0.014600615948438644,0.29516133666038513,0.2286207675933838,0.29569292068481445,0.2561805844306946,-1.0227705240249634,0.7815658450126648,0.09278170019388199,0.0,0.0,0.0,0.0,0.0,0.0,0.0
32446686757,0,0.008039476349949837,-0.016033511608839035,-0.8535556197166443,6.569455581484362e-05,-0.04113857448101044,-0.8442511558532715,0.03524191305041313,-0.07587630301713943,-0.02432980202138424,-0.015947643667459488,-0.0502103753387928,0.009304463863372803,0.006046742666512728,-0.0037115386221557856,0.40709802508354187,0.0,0.0,-0.0047828578390181065,8.031888864934444e-05,0.12885259091854095,-0.2616221308708191,-0.044352974742650986,0.017836857587099075,-0.4927096366882324,-0.517220139503479,-0.31907543540000916,-45.666770935058594,-0.22102601826190948,0.17088523507118225,-0.04771658778190613,-0.19369502365589142,0.18394076824188232,-0.2976115643978119,0.06759718060493469,12.617634773254395,9.550824165344238,12.740911483764648,10.77013111114502,-0.03066406212747097,-0.021464843302965164,0.012265625409781933,-0.029130859300494194,0.0,-0.04013027250766754,-0.029383137822151184,0.006682229693979025,-0.013044153340160847,0.0,-0.3262941539287567,-0.09226375073194504,-9.457221031188965,-0.09404002875089645,-0.05801371484994888,-8.303049087524414,0.0,0.0,0.0,0.0,0.0,0.0,0.0,0.0,0.0,0.0,0.0,0.0,-0.039348356425762177,-0.02689417637884617,0.0072589293122291565,-0.014733893796801567,0.29516133666038513,0.2286207675933838,0.29569292068481445,0.2561805844306946,-0.9157692193984985,1.2632075548171997,-0.027803922072052956,0.0,0.0,0.0,0.0,0.0,0.0,0.0
32456710681,0,0.008039476349949837,-0.016033511608839035,-0.8535556197166443,6.569455581484362e-05,-0.04113857448101044,-0.8442511558532715,0.03524191305041313,-0.07587630301713943,-0.02432980202138424,-0.015947643667459488,-0.0502103753387928,0.009304463863372803,0.006046742666512728,-0.0037115386221557856,0.40709802508354187,0.0,0.0,-0.0047828578390181065,-0.005192987620830536,0.1483813226222992,-0.26674970984458923,-0.044352974742650986,0.017836857587099075,-0.4927096366882324,-0.517220139503479,-0.31907543540000916,-45.666770935058594,-0.22102601826190948,0.17088523507118225,-0.04771658778190613,-0.19369502365589142,0.18328610062599182,-0.29607218503952026,0.07127808034420013,12.617634773254395,9.550824165344238,12.740911483764648,10.77013111114502,-0.029130859300494194,-0.021464843302965164,0.012265625409781933,-0.029130859300494194,0.0,-0.04013027250766754,-0.029383137822151184,0.006682229693979025,-0.013044153340160847,0.0,-0.3262941539287567,-0.09226375073194504,-9.457221031188965,-0.09404002875089645,-0.05801371484994888,-8.303049087524414,0.0,0.0,0.0,0.0,0.0,0.0,0.0,0.0,0.0,0.0,0.0,0.0,-0.039896223694086075,-0.02740553952753544,0.007394806481897831,-0.014500219374895096,0.2912757992744446,0.23357461392879486,0.29391756653785706,0.2578577995300293,-0.6909387111663818,1.4449595212936401,-0.28252074122428894,0.0,0.0,0.0,0.0,0.0,0.0,0.0
32467288206,0,0.008380327373743057,-0.016677653416991234,-0.8537139296531677,6.569455581484362e-05,-0.04113857448101044,-0.8442511558532715,0.03140227496623993,-0.08211692422628403,-0.019665522500872612,-0.016629349440336227,-0.048922087997198105,0.00946277379989624,0.005920486059039831,-0.0021990779787302017,0.40451687574386597,0.0,0.0,-0.0047828578390181065,-0.005192987620830536,0.1483813226222992,-0.26674970984458923,-0.044086702167987823,0.005808287765830755,-0.4899001717567444,-0.4547584652900696,-0.257760614156723,-45.86659622192383,-0.21687918901443481,0.1355760246515274,-0.04384264349937439,-0.19549120962619781,0.18259736895561218,-0.2941087484359741,0.07495254278182983,12.454487800598145,9.82636833190918,12.672365188598633,10.926168441772461,-0.027597656473517418,-0.02299804612994194,0.012265625409781933,-0.029130859300494194,0.0,-0.03729672729969025,-0.028716452419757843,0.0031109522096812725,-0.013073681853711605,0.0,-0.14372007548809052,0.27490779757499695,-9.550811767578125,-0.08268335461616516,-0.046865567564964294,-8.339381217956543,0.0,0.0,0.0,0.0,0.0,0.0,0.0,0.0,0.0,0.0,0.0,0.0,-0.040078144520521164,-0.027991199865937233,0.0071653928607702255,-0.014117971993982792,0.2912757992744446,0.23357461392879486,0.29391756653785706,0.2578577995300293,-0.6909387111663818,1.4449595212936401,-0.28252074122428894,0.0,0.0,0.0,0.0,0.0,0.0,0.0
32476780911,0,0.0095096156001091,-0.018706105649471283,-0.8541691899299622,6.569455581484362e-05,-0.04113857448101044,-0.8442511558532715,0.03286457061767578,-0.06254266202449799,-0.017072731629014015,-0.01888793706893921,-0.044865161180496216,0.009918034076690674,0.00569791067391634,0.0018653473816812038,0.39755624532699585,0.0,0.0,-0.0047828578390181065,-0.0041414713487029076,0.15013830363750458,-0.2670591473579407,-0.044086702167987823,0.005808287765830755,-0.4899001717567444,-0.4547584652900696,-0.257760614156723,-45.86659622192383,-0.21687918901443481,0.1355760246515274,-0.04384264349937439,-0.19549120962619781,0.18259736895561218,-0.2941087484359741,0.07495254278182983,12.450486183166504,9.823573112487793,12.680644035339355,10.92468547821045,-0.027597656473517418,-0.02299804612994194,0.012265625409781933,-0.027597656473517418,0.0,-0.03730872645974159,-0.02872462570667267,0.003108921693637967,-0.013075449503958225,0.0,-0.14372007548809052,0.27490779757499695,-9.550811767578125,-0.1025729551911354,-0.07296518236398697,-8.349549293518066,0.0,0.0,0.0,0.0,0.0,0.0,0.0,0.0,0.0,0.0,0.0,0.0,-0.039785634726285934,-0.02844419702887535,0.006469065323472023,-0.013735998421907425,0.28945398330688477,0.23770785331726074,0.2939215302467346,0.25957074761390686,-0.5663400888442993,1.4202710390090942,-0.2749452590942383,0.0,0.0,0.0,0.0,0.0,0.0,0.0
32486862397,0,0.0095096156001091,-0.018706105649471283,-0.8541691899299622,6.569455581484362e-05,-0.04113857448101044,-0.8442511558532715,0.03286457061767578,-0.06254266202449799,-0.017072731629014015,-0.01888793706893921,-0.044865161180496216,0.009918034076690674,0.00569791067391634,0.0018653473816812038,0.39755624532699585,0.0,0.0,-0.0047828578390181065,-0.006046721711754799,0.1563718020915985,-0.2662658095359802,-0.04395974427461624,-0.018422678112983704,-0.48227745294570923,-0.5181472897529602,-0.39314088225364685,-46.09690475463867,-0.21944157779216766,0.11890152096748352,-0.0414673388004303,-0.1983330398797989,0.18161162734031677,-0.290402352809906,0.08082611858844757,12.427626609802246,9.883687019348145,12.763503074645996,10.860820770263672,-0.029130859300494194,-0.024531250819563866,0.012265625409781933,-0.027597656473517418,0.0,-0.04328553006052971,-0.026286326348781586,0.008352785371243954,-0.015780584886670113,0.0,0.0037375902757048607,-0.23700863122940063,-9.187372207641602,-0.1025729551911354,-0.07296518236398697,-8.349549293518066,0.0,0.0,0.0,0.0,0.0,0.0,0.0,0.0,0.0,0.0,0.0,0.0,-0.03945988416671753,-0.028605874627828598,0.005748567171394825,-0.013550961390137672,0.2888941764831543,0.24045246839523315,0.2944311499595642,0.26147010922431946,-0.19547298550605774,0.37653034925460815,0.03196113929152489,0.0,0.0,0.0,0.0,0.0,0.0,0.0
32499294985,0,0.009842129424214363,-0.019414007663726807,-0.8542777299880981,6.569455581484362e-05,-0.04113857448101044,-0.8442511558532715,0.030556414276361465,-0.06401216238737106,-0.018725551664829254,-0.019552968442440033,-0.04344934970140457,0.01002657413482666,0.005445974878966808,0.003426392562687397,0.3952576220035553,0.0,0.0,-0.0047828578390181065,-0.006046721711754799,0.1563718020915985,-0.2662658095359802,-0.039531901478767395,-0.03637835755944252,-0.4781338572502136,-0.5641512274742126,-0.40130850672721863,-45.92251968383789,-0.21412716805934906,0.097526416182518,-0.04447275400161743,-0.19982291758060455,0.18114885687828064,-0.2882765233516693,0.08403325080871582,12.427626609802246,9.883687019348145,12.763503074645996,10.860820770263672,-0.029130859300494194,-0.026064453646540642,0.012265625409781933,-0.027597656473517418,0.0,-0.04495859146118164,-0.027804188430309296,0.009726529009640217,-0.014697878621518612,0.0,0.1685604453086853,0.31695011258125305,-9.496685981750488,-0.09761536121368408,-0.06905346363782883,-8.335593223571777,0.0,0.0,0.0,0.0,0.0,0.0,0.0,0.0,0.0,0.0,0.0,0.0,-0.03980707377195358,-0.028439873829483986,0.005696231033653021,-0.013696644455194473,0.2890098989009857,0.23890811204910278,0.29552721977233887,0.25830963253974915,-0.19547298550605774,0.37653034925460815,0.03196113929152489,0.0,0.0,0.0,0.0,0.0,0.0,0.0
32507083655,0,0.009842129424214363,-0.019414007663726807,-0.8542777299880981,6.569455581484362e-05,-0.04113857448101044,-0.8442511558532715,0.030556414276361465,-0.06401216238737106,-0.018725551664829254,-0.019552968442440033,-0.04344934970140457,0.01002657413482666,0.005445974878966808,0.003426392562687397,0.3952576220035553,0.0,0.0,-0.0047828578390181065,-0.01273435540497303,0.16291293501853943,-0.26407894492149353,-0.039531901478767395,-0.03637835755944252,-0.4781338572502136,-0.46461591124534607,-0.31842830777168274,-45.82748794555664,-0.21412716805934906,0.097526416182518,-0.04447275400161743,-0.19982291758060455,0.18114885687828064,-0.2882765233516693,0.08403325080871582,12.424980163574219,9.852795600891113,12.840065002441406,10.722508430480957,-0.029130859300494194,-0.029130859300494194,0.012265625409781933,-0.027597656473517418,0.0,-0.039772868156433105,-0.027293505147099495,0.004645560868084431,-0.01543671078979969,0.0,0.22000430524349213,-0.034542497247457504,-9.44176197052002,-0.09761536121368408,-0.06905346363782883,-8.335593223571777,0.0,0.0,0.0,0.0,0.0,0.0,0.0,0.0,0.0,0.0,0.0,0.0,-0.04061201214790344,-0.028147349134087563,0.006116424221545458,-0.01403708104044199,0.2890098989009857,0.23890811204910278,0.29552721977233887,0.25830963253974915,-0.273977667093277,0.14921309053897858,0.03669007122516632,0.0,0.0,0.0,0.0,0.0,0.0,0.0
32516746279,0,0.010586068965494633,-0.020899763330817223,-0.8544870018959045,6.569455581484362e-05,-0.04113857448101044,-0.8442511558532715,0.0271605271846056,-0.07584378868341446,-0.014489574357867241,-0.02104085497558117,-0.040477823466062546,0.010235846042633057,0.004586591385304928,0.006764521822333336,0.39046043157577515,0.0,0.0,-0.0047828578390181065,-0.01273435540497303,0.16291293501853943,-0.26407894492149353,-0.037167757749557495,-0.059151168912649155,-0.47254228591918945,-0.4585764408111572,-0.2392369657754898,-46.02109909057617,-0.20192983746528625,0.05994023382663727,-0.044560521841049194,-0.20272819697856903,0.18023620545864105,-0.2834964692592621,0.09057430922985077,12.415217399597168,9.982635498046875,12.829054832458496,10.806645393371582,-0.027597656473517418,-0.032197266817092896,0.010732421651482582,-0.027597656473517418,0.0,-0.03762973099946976,-0.02984674461185932,0.002054518088698387,-0.013215268030762672,0.0,0.22000430524349213,-0.034542497247457504,-9.44176197052002,-0.08337753266096115,-0.04349762946367264,-8.367472648620605,0.0,0.0,0.0,0.0,0.0,0.0,0.0,0.0,0.0,0.0,0.0,0.0,-0.04099340736865997,-0.027987267822027206,0.0061665307730436325,-0.014326219446957111,0.2887684404850006,0.24088187515735626,0.2967965304851532,0.25723910331726074,-0.273977667093277,0.14921309053897858,0.03669007122516632,0.0,0.0,0.0,0.0,0.0,0.0,0.0
32527232742,0,0.011257749982178211,-0.02234499529004097,-0.8546872138977051,6.569455581484362e-05,-0.04113857448101044,-0.8442511558532715,0.031143009662628174,-0.06990552693605423,-0.00716047640889883,-0.022384222596883774,-0.037587348371744156,0.010436058044433594,0.004655396565794945,0.00860319659113884,0.38569486141204834,0.0,0.0,-0.0047828578390181065,-0.021476175636053085,0.13131488859653473,-0.26427221298217773,-0.025750741362571716,-0.0765136107802391,-0.46673840284347534,-0.5283127427101135,-0.24974696338176727,-46.30117416381836,-0.18016867339611053,0.08398230373859406,-0.04364176094532013,-0.20534086227416992,0.1793045848608017,-0.27902188897132874,0.09665358066558838,12.534360885620117,10.071784973144531,12.80458927154541,10.904285430908203,-0.027597656473517418,-0.032197266817092896,0.010732421651482582,-0.026064453646540642,0.0,-0.03976378217339516,-0.031944602727890015,0.004052401054650545,-0.011436915956437588,0.0,0.22000430524349213,-0.034542497247457504,-9.44176197052002,-0.09605686366558075,-0.04540853947401047,-8.418395042419434,0.0,0.0,0.0,0.0,0.0,0.0,0.0,0.0,0.0,0.0,0.0,0.0,-0.04075760766863823,-0.028230655938386917,0.005644090939313173,-0.014283860102295876,0.291083425283432,0.2426585853099823,0.29632294178009033,0.25916799902915955,-0.34104710817337036,-1.2788913249969482,0.0479404516518116,0.0,0.0,0.0,0.0,0.0,0.0,0.0
32536948499,0,0.011257749982178211,-0.02234499529004097,-0.8546872138977051,6.569455581484362e-05,-0.04113857448101044,-0.8442511558532715,0.031143009662628174,-0.06990552693605423,-0.00716047640889883,-0.022384222596883774,-0.037587348371744156,0.010436058044433594,0.004655396565794945,0.00860319659113884,0.38569486141204834,0.0,0.0,-0.0047828578390181065,-0.028080714866518974,0.11602871119976044,-0.2612713575363159,-0.025750741362571716,-0.0765136107802391,-0.46673840284347534,-0.5283127427101135,-0.24974696338176727,-46.30117416381836,-0.18016867339611053,0.08398230373859406,-0.04364176094532013,-0.20534086227416992,0.1793045848608017,-0.27902188897132874,0.09665358066558838,12.6668062210083,10.017528533935547,12.874878883361816,10.840483665466309,-0.027597656473517418,-0.032197266817092896,0.009199218824505806,-0.026064453646540642,0.0,-0.03934779390692711,-0.032117679715156555,0.004030265379697084,-0.01150423288345337,0.0,0.08051498979330063,0.19446447491645813,-9.624615669250488,-0.09605686366558075,-0.04540853947401047,-8.418395042419434,0.0,0.0,0.0,0.0,0.0,0.0,0.0,0.0,0.0,0.0,0.0,0.0,-0.0403406098484993,-0.028946885839104652,0.005000251345336437,-0.013822832144796848,0.291083425283432,0.2426585853099823,0.29632294178009033,0.25916799902915955,-0.3869028389453888,-1.4034411907196045,0.15638533234596252,0.0,0.0,0.0,0.0,0.0,0.0,0.0
32546648698,0,0.011572991497814655,-0.023089999333024025,-0.8547787666320801,6.569455581484362e-05,-0.04113857448101044,-0.8442511558532715,0.028985990211367607,-0.06540409475564957,-0.0046622552908957005,-0.02301470935344696,-0.03609733283519745,0.010527610778808594,0.004405442625284195,0.009354791603982449,0.38346269726753235,0.0,0.0,-0.0047828578390181065,-0.028080714866518974,0.11602871119976044,-0.2612713575363159,-0.021890588104724884,-0.08267085254192352,-0.46396464109420776,-0.5264416933059692,-0.2876044511795044,-46.38499450683594,-0.16864371299743652,0.09217847883701324,-0.046856969594955444,-0.20671436190605164,0.17870286107063293,-0.2768436372280121,0.09998750686645508,12.6668062210083,10.017528533935547,12.874878883361816,10.840483665466309,-0.029130859300494194,-0.03066406212747097,0.009199218824505806,-0.026064453646540642,0.0,-0.04047099128365517,-0.030863933265209198,0.004902524407953024,-0.012937773950397968,0.0,0.0912846252322197,0.26060646772384644,-9.679807662963867,-0.09571667015552521,-0.05229172110557556,-8.433635711669922,0.0,0.0,0.0,0.0,0.0,0.0,0.0,0.0,0.0,0.0,0.0,0.0,-0.040023330599069595,-0.02981841191649437,0.004545874893665314,-0.013231275603175163,0.2936531901359558,0.2415774166584015,0.29768356680870056,0.25790777802467346,-0.3869028389453888,-1.4034411907196045,0.15638533234596252,0.0,0.0,0.0,0.0,0.0,0.0,0.0
32557036743,0,0.011572991497814655,-0.023089999333024025,-0.8547787666320801,6.569455581484362e-05,-0.04113857448101044,-0.8442511558532715,0.028985990211367607,-0.06540409475564957,-0.0046622552908957005,-0.02301470935344696,-0.03609733283519745,0.010527610778808594,0.004405442625284195,0.009354791603982449,0.38346269726753235,0.0,0.0,-0.0047828578390181065,-0.05001811683177948,0.10301487147808075,-0.2607369124889374,-0.021890588104724884,-0.08267085254192352,-0.46396464109420776,-0.5264416933059692,-0.2876044511795044,-46.38499450683594,-0.16864371299743652,0.09217847883701324,-0.046856969594955444,-0.20671436190605164,0.17870286107063293,-0.2768436372280121,0.09998750686645508,12.749615669250488,9.970023155212402,12.929849624633789,10.740281105041504,-0.029130859300494194,-0.029130859300494194,0.009199218824505806,-0.026064453646540642,0.0,-0.04020799323916435,-0.031011046841740608,0.004881686996668577,-0.013058490119874477,0.0,0.0912846252322197,0.26060646772384644,-9.679807662963867,-0.09571667015552521,-0.05229172110557556,-8.433635711669922,0.0,0.0,0.0,0.0,0.0,0.0,0.0,0.0,0.0,0.0,0.0,0.0,-0.03988594561815262,-0.03050459362566471,0.004347018897533417,-0.0128256194293499,0.2936531901359558,0.2415774166584015,0.29768356680870056,0.25790777802467346,-0.9241130948066711,-0.8956212401390076,-0.057124845683574677,0.0,0.0,0.0,0.0,0.0,0.0,0.0
32567012608,0,0.01250909548252821,-0.025287548080086708,-0.8549427390098572,6.569455581484362e-05,-0.04113857448101044,-0.8442511558532715,0.026106171309947968,-0.06723685562610626,-0.007246546447277069,-0.024886926636099815,-0.03170221298933029,0.010691583156585693,0.00200318219140172,0.01253754086792469,0.37663179636001587,0.0,0.0,-0.0047828578390181065,-0.05001811683177948,0.10301487147808075,-0.2607369124889374,-0.008282345719635487,-0.10059666633605957,-0.4572295546531677,-0.49005842208862305,-0.2745802104473114,-46.372005462646484,-0.13697420060634613,0.08387184143066406,-0.044782742857933044,-0.20921529829502106,0.17732687294483185,-0.2729403078556061,0.1063288226723671,12.647231101989746,10.128313064575195,12.783475875854492,10.827483177185059,-0.027597656473517418,-0.027597656473517418,0.009199218824505806,-0.027597656473517418,0.0,-0.03936648741364479,-0.029978981241583824,0.003358460497111082,-0.01396721601486206,0.0,-0.11886519938707352,0.4489547610282898,-9.46841049194336,-0.09015493839979172,-0.04189140349626541,-8.403303146362305,0.0,0.0,0.0,0.0,0.0,0.0,0.0,0.0,0.0,0.0,0.0,0.0,-0.039851114153862,-0.0308811217546463,0.004278572276234627,-0.012705436907708645,0.29327356815338135,0.24378398060798645,0.2959141731262207,0.2576509714126587,-0.9241130948066711,-0.8956212401390076,-0.057124845683574677,0.0,0.0,0.0,0.0,0.0,0.0,0.0
32576576567,0,0.012830905616283417,-0.026003101840615273,-0.854968786239624,6.569455581484362e-05,-0.04113857448101044,-0.8442511558532715,0.030641842633485794,-0.06902806460857391,-0.006604922004044056,-0.025530550628900528,-0.030271096155047417,0.010717630386352539,0.0016399190062656999,0.01295706070959568,0.3740723729133606,0.0,0.0,-0.0047828578390181065,-0.058677416294813156,0.08752508461475372,-0.2701036334037781,-0.0025053133722394705,-0.1042136624455452,-0.45217812061309814,-0.49585217237472534,-0.23040272295475006,-46.21816635131836,-0.11416859924793243,0.09164001047611237,-0.0321686714887619,-0.2105342000722885,0.17637090384960175,-0.27090713381767273,0.10961439460515976,12.33967113494873,10.429057121276855,12.383081436157227,11.080761909484863,-0.027597656473517418,-0.027597656473517418,0.010732421651482582,-0.026064453646540642,0.0,-0.03936384245753288,-0.03094657137989998,0.0022553636226803064,-0.012182766571640968,0.0,-0.11886519938707352,0.4489547610282898,-9.46841049194336,-0.09774000942707062,-0.03224709630012512,-8.40768051147461,0.0,0.0,0.0,0.0,0.0,0.0,0.0,0.0,0.0,0.0,0.0,0.0,-0.039783257991075516,-0.03099208138883114,0.004094505216926336,-0.012754919938743114,0.28729939460754395,0.24976147711277008,0.28814375400543213,0.2626492381095886,-0.8726689219474792,-1.195730209350586,-0.4960455894470215,0.0,0.0,0.0,0.0,0.0,0.0,0.0
32586926136,0,0.012830905616283417,-0.026003101840615273,-0.854968786239624,6.569455581484362e-05,-0.04113857448101044,-0.8442511558532715,0.030641842633485794,-0.06902806460857391,-0.006604922004044056,-0.025530550628900528,-0.030271096155047417,0.010717630386352539,0.0016399190062656999,0.01295706070959568,0.3740723729133606,0.0,0.0,-0.0047828578390181065,-0.058513790369033813,0.03922853246331215,-0.2693409323692322,-0.0025053133722394705,-0.1042136624455452,-0.45217812061309814,-0.46168437600135803,-0.16064058244228363,-46.60655975341797,-0.10663965344429016,0.14462971687316895,-0.035446420311927795,-0.2129121571779251,0.17445388436317444,-0.26778411865234375,0.11545554548501968,12.612255096435547,10.373536109924316,12.469221115112305,11.165611267089844,-0.027597656473517418,-0.029130859300494194,0.010732421651482582,-0.024531250819563866,0.0,-0.03580230847001076,-0.032575298100709915,-0.0009143415954895318,-0.011194530874490738,0.0,0.09295308589935303,0.2225111871957779,-9.546379089355469,-0.09774000942707062,-0.03224709630012512,-8.40768051147461,0.0,0.0,0.0,0.0,0.0,0.0,0.0,0.0,0.0,0.0,0.0,0.0,-0.03950831666588783,-0.03106875531375408,0.0035692709498107433,-0.012710410170257092,0.29259511828422546,0.2486594170331955,0.28981807827949524,0.2643206715583801,-0.24609746038913727,-2.0884246826171875,-0.03662274032831192,0.0,0.0,0.0,0.0,0.0,0.0,0.0
32596612028,0,0.013314401730895042,-0.02741885557770729,-0.8549797534942627,6.569455581484362e-05,-0.04113857448101044,-0.8442511558532715,0.023656873032450676,-0.07032908499240875,0.002411226974800229,-0.026497546583414078,-0.027439575642347336,0.010728597640991211,0.0011142374714836478,0.012920604087412357,0.3689157962799072,0.0,0.0,-0.0047828578390181065,-0.04808255285024643,0.020912205800414085,-0.26359525322914124,0.006839468143880367,-0.10481011122465134,-0.4470332860946655,-0.37331220507621765,-0.23228521645069122,-46.90234375,-0.12152762711048126,0.15982747077941895,-0.04252532124519348,-0.2141571342945099,0.17445388436317444,-0.26778411865234375,0.11545554548501968,12.862256050109863,10.224732398986816,12.720625877380371,11.108288764953613,-0.029130859300494194,-0.03066406212747097,0.009199218824505806,-0.026064453646540642,0.0,-0.03475132957100868,-0.02764630876481533,-0.0014675745042040944,-0.0164676271378994,0.0,0.5485877990722656,-0.06489822268486023,-9.791986465454102,-0.08394261449575424,-0.02920737862586975,-8.473919868469238,0.0,0.0,0.0,0.0,0.0,0.0,0.0,0.0,0.0,0.0,0.0,0.0,-0.038805052638053894,-0.031081942841410637,0.0026043083053082228,-0.012697646394371986,0.29259511828422546,0.2486594170331955,0.28981807827949524,0.2643206715583801,0.28081199526786804,-1.8562265634536743,0.24177710711956024,0.0,0.0,0.0,0.0,0.0,0.0,0.0
32606808391,0,0.013314401730895042,-0.02741885557770729,-0.8549797534942627,6.569455581484362e-05,-0.04113857448101044,-0.8442511558532715,0.023656873032450676,-0.07032908499240875,0.002411226974800229,-0.026497546583414078,-0.027439575642347336,0.010728597640991211,0.0011142374714836478,0.012920604087412357,0.3689157962799072,0.0,0.0,-0.0047828578390181065,-0.04260694235563278,0.011214117519557476,-0.26177918910980225,0.006839468143880367,-0.10481011122465134,-0.4470332860946655,-0.37331220507621765,-0.23228521645069122,-46.90234375,-0.12152762711048126,0.15982747077941895,-0.04252532124519348,-0.2141571342945099,0.17445388436317444,-0.26778411865234375,0.11545554548501968,12.941662788391113,10.25887393951416,12.787981033325195,11.165125846862793,-0.029130859300494194,-0.03066406212747097,0.0076660155318677425,-0.026064453646540642,0.0,-0.034538011997938156,-0.02755427546799183,-0.0014598468551412225,-0.016383793205022812,0.0,0.5485877990722656,-0.06489822268486023,-9.791986465454102,-0.08394261449575424,-0.02920737862586975,-8.473919868469238,0.0,0.0,0.0,0.0,0.0,0.0,0.0,0.0,0.0,0.0,0.0,0.0,-0.037749797105789185,-0.03067759796977043,0.001404233044013381,-0.013139910064637661,0.29259511828422546,0.2486594170331955,0.28981807827949524,0.2643206715583801,0.3837571442127228,-1.511843204498291,0.23681974411010742,0.0,0.0,0.0,0.0,0.0,0.0,0.0
32616866084,0,0.013825491070747375,-0.028812097385525703,-0.8548932075500488,6.569455581484362e-05,-0.04113857448101044,-0.8442511558532715,0.012630504556000233,-0.06202692538499832,0.0162553321570158,-0.02751973085105419,-0.024653077125549316,0.010642051696777344,-4.637413803720847e-05,0.013292338699102402,0.3643091320991516,0.0,0.0,-0.0047828578390181065,-0.03379243239760399,-0.003303586971014738,-0.26732444763183594,0.010706436820328236,-0.10436791926622391,-0.440975546836853,-0.38165536522865295,-0.2577296793460846,-47.140289306640625,-0.12330742180347443,0.16504532098770142,-0.043076932430267334,-0.21520939469337463,0.17278322577476501,-0.2655089199542999,0.12152086198329926,12.941662788391113,10.25887393951416,12.787981033325195,11.165125846862793,-0.029130859300494194,-0.032197266817092896,0.0076660155318677425,-0.026064453646540642,0.0,-0.035550061613321304,-0.027076220139861107,-0.0006151464767754078,-0.017027849331498146,0.0,0.3221665620803833,0.3226364552974701,-9.791370391845703,-0.0693918839097023,-0.04685994237661362,-8.570961952209473,0.0,0.0,0.0,0.0,0.0,0.0,0.0,0.0,0.0,0.0,0.0,0.0,-0.03669467568397522,-0.029884591698646545,0.00032413197914138436,-0.0139895835891366,0.2989753484725952,0.24638131260871887,0.29600128531455994,0.2643111050128937,0.6163650751113892,-1.4711501598358154,-0.09910912811756134,0.0,0.0,0.0,0.0,0.0,0.0,0.0
32626560008,0,0.01442250981926918,-0.03020058572292328,-0.8547257781028748,6.569455581484362e-05,-0.04113857448101044,-0.8442511558532715,0.01570555940270424,-0.055892206728458405,0.009552903473377228,-0.02871377393603325,-0.02187608741223812,0.010474622249603271,-0.0006347367307171226,0.01272838469594717,0.35897883772850037,0.0,0.0,-0.0047828578390181065,-0.03379243239760399,-0.003303586971014738,-0.26732444763183594,0.012387910857796669,-0.10055562853813171,-0.4361250400543213,-0.4165899157524109,-0.28110891580581665,-47.018985748291016,-0.13226698338985443,0.17993617057800293,-0.03511825203895569,-0.2164195477962494,0.17200279235839844,-0.26446881890296936,0.1247224360704422,12.721867561340332,10.390847206115723,12.549103736877441,11.370573997497559,-0.027597656473517418,-0.03373046964406967,0.0076660155318677425,-0.026064453646540642,0.0,-0.03788970410823822,-0.027252197265625,0.0009112331317737699,-0.016476508229970932,0.0,0.3221665620803833,0.3226364552974701,-9.791370391845703,-0.08049671351909637,-0.05031624436378479,-8.508703231811523,0.0,0.0,0.0,0.0,0.0,0.0,0.0,0.0,0.0,0.0,0.0,0.0,-0.03602578490972519,-0.029006533324718475,-0.00034895018325187266,-0.014912959188222885,0.2947203814983368,0.249003067612648,0.29136955738067627,0.2683523893356323,0.6163650751113892,-1.4711501598358154,-0.09910912811756134,0.0,0.0,0.0,0.0,0.0,0.0,0.0
32636944270,0,0.01442250981926918,-0.03020058572292328,-0.8547257781028748,6.569455581484362e-05,-0.04113857448101044,-0.8442511558532715,0.01570555940270424,-0.055892206728458405,0.009552903473377228,-0.02871377393603325,-0.02187608741223812,0.010474622249603271,-0.0006347367307171226,0.01272838469594717,0.35897883772850037,0.0,0.0,-0.0047828578390181065,-0.01218285784125328,-0.0365278534591198,-0.2784631550312042,0.012387910857796669,-0.10055562853813171,-0.4361250400543213,-0.4165899157524109,-0.28110891580581665,-47.018985748291016,-0.13226698338985443,0.17993617057800293,-0.03511825203895569,-0.2164195477962494,0.17200279235839844,-0.26446881890296936,0.1247224360704422,12.368586540222168,10.548437118530273,12.141464233398438,11.738353729248047,-0.029130859300494194,-0.03373046964406967,0.009199218824505806,-0.026064453646540642,0.0,-0.038972485810518265,-0.026844967156648636,0.0009418267291039228,-0.015960225835442543,0.0,0.07296857237815857,0.1106986552476883,-10.04533576965332,-0.08049671351909637,-0.05031624436378479,-8.508703231811523,0.0,0.0,0.0,0.0,0.0,0.0,0.0,0.0,0.0,0.0,0.0,0.0,-0.035982780158519745,-0.028224065899848938,-0.0005164453759789467,-0.015657221898436546,0.2947203814983368,0.249003067612648,0.29136955738067627,0.2683523893356323,1.0416494607925415,-1.600152611732483,-0.3281232714653015,0.0,0.0,0.0,0.0,0.0,0.0,0.0
32646823445,0,0.015216141007840633,-0.03148219734430313,-0.8544561266899109,6.569455581484362e-05,-0.04113857448101044,-0.8442511558532715,0.01189129427075386,-0.06539245694875717,0.012029603123664856,-0.030301043763756752,-0.019312851130962372,0.010204970836639404,-0.0006000432185828686,0.011679181829094887,0.35405105352401733,0.0,0.0,-0.0047828578390181065,-0.01218285784125328,-0.0365278534591198,-0.2784631550312042,0.011415652930736542,-0.09226802736520767,-0.43022799491882324,-0.43644559383392334,-0.2324504852294922,-46.78227233886719,-0.1577218472957611,0.22336351871490479,-0.022265836596488953,-0.21860121190547943,0.17090386152267456,-0.2631021738052368,0.13032466173171997,12.368586540222168,10.548437118530273,12.141464233398438,11.738353729248047,-0.029130859300494194,-0.032197266817092896,0.009199218824505806,-0.024531250819563866,0.0,-0.03834041580557823,-0.02936716563999653,-9.220845822710544e-05,-0.014098424464464188,0.0,-0.2601011097431183,-0.252098023891449,-9.549064636230469,-0.06840388476848602,-0.029421530663967133,-8.525809288024902,0.0,0.0,0.0,0.0,0.0,0.0,0.0,0.0,0.0,0.0,0.0,0.0,-0.03643420338630676,-0.027719898149371147,-0.00037884394987486303,-0.01601709984242916,0.2878618538379669,0.25212886929512024,0.28343960642814636,0.2755652070045471,1.0416494607925415,-1.600152611732483,-0.3281232714653015,0.0,0.0,0.0,0.0,0.0,0.0,0.0
32656477233,0,0.015216141007840633,-0.03148219734430313,-0.8544561266899109,6.569455581484362e-05,-0.04113857448101044,-0.8442511558532715,0.01189129427075386,-0.06539245694875717,0.012029603123664856,-0.03197506070137024,-0.01686152257025242,0.009843051433563232,-0.0006000432185828686,0.011679181829094887,0.35405105352401733,0.0,0.0,-0.0047828578390181065,0.025077585130929947,-0.03771349415183067,-0.2839758098125458,0.0013580239610746503,-0.08655809611082077,-0.42244333028793335,-0.3490540385246277,-0.11868874728679657,-47.11371994018555,-0.20342832803726196,0.2143196016550064,-0.01748669147491455,-0.2208372950553894,0.170540452003479,-0.2620529532432556,0.13600128889083862,12.24736213684082,10.695328712463379,12.188854217529297,11.99735164642334,-0.029130859300494194,-0.032197266817092896,0.0076660155318677425,-0.024531250819563866,0.0,-0.03310808166861534,-0.03006315603852272,-0.006126000080257654,-0.013219470158219337,0.0,-0.2601011097431183,-0.252098023891449,-9.549064636230469,-0.07132161408662796,-0.02092926949262619,-8.636786460876465,0.0,0.0,0.0,0.0,0.0,0.0,0.0,0.0,0.0,0.0,0.0,0.0,-0.03679574653506279,-0.027691660448908806,-0.0004889254923909903,-0.015885384753346443,0.28550267219543457,0.2550376355648041,0.2843630611896515,0.28062814474105835,1.7392542362213135,-0.387604683637619,-0.24478359520435333,0.0,0.0,0.0,0.0,0.0,0.0,0.0
32666652839,0,0.01605314388871193,-0.032707855105400085,-0.8540942072868347,6.569455581484362e-05,-0.04113857448101044,-0.8442511558532715,0.012904852628707886,-0.06655531376600266,0.026778744533658028,-0.03197506070137024,-0.01686152257025242,0.009843051433563232,-0.00040895064012147486,0.011292695999145508,0.34857285022735596,0.0,0.0,-0.0047828578390181065,0.04304046556353569,-0.0356069840490818,-0.28943419456481934,0.0013580239610746503,-0.08655809611082077,-0.42244333028793335,-0.3490540385246277,-0.11868874728679657,-47.11371994018555,-0.20342832803726196,0.2143196016550064,-0.01748669147491455,-0.2208372950553894,0.170540452003479,-0.2620529532432556,0.13600128889083862,12.14082145690918,10.920245170593262,12.164290428161621,12.293030738830566,-0.029130859300494194,-0.032197266817092896,0.006132812704890966,-0.026064453646540642,0.0,-0.03339872509241104,-0.029443789273500443,-0.006138366647064686,-0.012901497073471546,0.0,-0.41740795969963074,0.13869503140449524,-9.823471069335938,-0.07132161408662796,-0.02092926949262619,-8.636786460876465,0.0,0.0,0.0,0.0,0.0,0.0,0.0,0.0,0.0,0.0,0.0,0.0,-0.036547865718603134,-0.028054701164364815,-0.0013054792070761323,-0.015354549512267113,0.28550267219543457,0.2550376355648041,0.2843630611896515,0.28062814474105835,1.8739514350891113,-0.11910908669233322,-0.3824891448020935,0.0,0.0,0.0,0.0,0.0,0.0,0.0
32677224050,0,0.016544677317142487,-0.0333017073571682,-0.8538827300071716,6.569455581484362e-05,-0.04113857448101044,-0.8442511558532715,0.013781162910163403,-0.06059740111231804,0.030882924795150757,-0.03295813128352165,-0.015673812478780746,0.009631574153900146,0.00023145343584474176,0.010873669758439064,0.34583380818367004,0.0,0.0,-0.0047828578390181065,0.04304046556353569,-0.0356069840490818,-0.28943419456481934,-0.003672355320304632,-0.08401042222976685,-0.41916877031326294,-0.3922688663005829,-0.11511097848415375,-47.50232696533203,-0.22834166884422302,0.2119799256324768,-0.010965391993522644,-0.2217581421136856,0.170540452003479,-0.2620529532432556,0.13600128889083862,12.14082145690918,10.920245170593262,12.164290428161621,12.293030738830566,-0.03066406212747097,-0.03373046964406967,0.0076660155318677425,-0.026064453646540642,0.0,-0.03463615104556084,-0.031051136553287506,-0.005068582948297262,-0.011637046001851559,0.0,-0.3786561191082001,0.012434304691851139,-9.505491256713867,-0.07833970338106155,-0.028754599392414093,-8.664153099060059,0.0,0.0,0.0,0.0,0.0,0.0,0.0,0.0,0.0,0.0,0.0,0.0,-0.03588853031396866,-0.028592295944690704,-0.002548948163166642,-0.014597159810364246,0.28550267219543457,0.2550376355648041,0.2843630611896515,0.28062814474105835,1.8739514350891113,-0.11910908669233322,-0.3824891448020935,0.0,0.0,0.0,0.0,0.0,0.0,0.0
32686806893,0,0.016544677317142487,-0.0333017073571682,-0.8538827300071716,6.569455581484362e-05,-0.04113857448101044,-0.8442511558532715,0.013781162910163403,-0.06059740111231804,0.030882924795150757,-0.03295813128352165,-0.015673812478780746,0.009631574153900146,0.00023145343584474176,0.010873669758439064,0.34583380818367004,0.0,0.0,-0.0047828578390181065,0.08719021081924438,-0.05376243218779564,-0.30139029026031494,-0.003672355320304632,-0.08401042222976685,-0.41916877031326294,-0.5029304623603821,-0.24885237216949463,-47.43730163574219,-0.2943800091743469,0.2455049604177475,0.002523660659790039,-0.22380802035331726,0.17244021594524384,-0.2605823576450348,0.14336201548576355,11.736391067504883,11.088461875915527,11.861413955688477,12.76595687866211,-0.03066406212747097,-0.032197266817092896,0.0076660155318677425,-0.026064453646540642,0.0,-0.043388523161411285,-0.03004472889006138,0.0018990803509950638,-0.012019709683954716,0.0,-0.3786561191082001,0.012434304691851139,-9.505491256713867,-0.07833970338106155,-0.028754599392414093,-8.664153099060059,0.0,0.0,0.0,0.0,0.0,0.0,0.0,0.0,0.0,0.0,0.0,0.0,-0.03567983955144882,-0.029189836233854294,-0.0033533626701682806,-0.013754427433013916,0.2834269404411316,0.2594830095767975,0.28388434648513794,0.2863917052745819,1.9682238101959229,-0.6364839673042297,-0.5180591344833374,0.0,0.0,0.0,0.0,0.0,0.0,0.0
32696738596,0,0.01761958934366703,-0.0342758372426033,-0.8534079790115356,6.569455581484362e-05,-0.04113857448101044,-0.8442511558532715,0.014717047102749348,-0.04896237328648567,0.026713186874985695,-0.035107966512441635,-0.013725543394684792,0.00915682315826416,0.00245262635871768,0.009243560023605824,0.3405548930168152,0.0,0.0,-0.0047828578390181065,0.08719021081924438,-0.05376243218779564,-0.30139029026031494,-0.015067340806126595,-0.07520467042922974,-0.4121941924095154,-0.5029304623603821,-0.24885237216949463,-47.43730163574219,-0.2943800091743469,0.2455049604177475,0.002523660659790039,-0.22380802035331726,0.17244021594524384,-0.2605823576450348,0.14336201548576355,11.736391067504883,11.088461875915527,11.861413955688477,12.76595687866211,-0.03066406212747097,-0.032197266817092896,0.0076660155318677425,-0.024531250819563866,0.0,-0.043388523161411285,-0.03004472889006138,0.0018990803509950638,-0.012019709683954716,0.0,-0.22033190727233887,0.09340467303991318,-9.9385986328125,-0.09144190698862076,-0.04524588584899902,-8.624963760375977,0.0,0.0,0.0,0.0,0.0,0.0,0.0,0.0,0.0,0.0,0.0,0.0,-0.0365959033370018,-0.02968788892030716,-0.0031011959072202444,-0.013002205640077591,0.27552658319473267,0.2628009617328644,0.27797240018844604,0.29557475447654724,1.9682238101959229,-0.6364839673042297,-0.5180591344833374,0.0,0.0,0.0,0.0,0.0,0.0,0.0
32708458665,0,0.018155109137296677,-0.03471341356635094,-0.8531465530395508,6.569455581484362e-05,-0.04113857448101044,-0.8442511558532715,0.012086252681910992,-0.04854777082800865,0.025566652417182922,-0.036179013550281525,-0.012850386090576649,0.008895397186279297,0.003524306695908308,0.008694194257259369,0.33785146474838257,0.0,0.0,-0.0047828578390181065,0.08719021081924438,-0.05376243218779564,-0.30139029026031494,-0.02340821921825409,-0.07072846591472626,-0.40886104106903076,-0.48690521717071533,-0.2507384419441223,-47.38536834716797,-0.3107331395149231,0.2512562870979309,0.005730360746383667,-0.22463908791542053,0.17355820536613464,-0.26030829548835754,0.14536947011947632,11.736391067504883,11.088461875915527,11.861413955688477,12.76595687866211,-0.029130859300494194,-0.03066406212747097,0.006132812704890966,-0.024531250819563866,0.0,-0.0430392362177372,-0.029554879292845726,0.0014014762127771974,-0.012586568482220173,0.0,-0.23443147540092468,0.0834689810872078,-9.717480659484863,-0.08852822333574295,-0.04558880627155304,-8.615521430969238,0.0,0.0,0.0,0.0,0.0,0.0,0.0,0.0,0.0,0.0,0.0,0.0,-0.03828374668955803,-0.02997608110308647,-0.0020774456206709146,-0.012477106414735317,0.27552658319473267,0.2628009617328644,0.27797240018844604,0.29557475447654724,1.9682238101959229,-0.6364839673042297,-0.5180591344833374,0.0,0.0,0.0,0.0,0.0,0.0,0.0
32716676465,0,0.018155109137296677,-0.03471341356635094,-0.8531465530395508,6.569455581484362e-05,-0.04113857448101044,-0.8442511558532715,0.012086252681910992,-0.04854777082800865,0.025566652417182922,-0.036179013550281525,-0.012850386090576649,0.008895397186279297,0.003524306695908308,0.008694194257259369,0.33785146474838257,0.0,0.0,-0.0047828578390181065,0.1228049024939537,-0.07112434506416321,-0.3038593828678131,-0.02340821921825409,-0.07072846591472626,-0.40886104106903076,-0.44866248965263367,-0.2349511682987213,-47.522071838378906,-0.36045515537261963,0.27886438369750977,0.004172652959823608,-0.22646260261535645,0.17687584459781647,-0.2599218785762787,0.14987559616565704,11.666337966918945,10.998262405395508,11.891885757446289,12.981507301330566,-0.029130859300494194,-0.03066406212747097,0.006132812704890966,-0.024531250819563866,0.0,-0.041829004883766174,-0.029255462810397148,-0.00037514002178795636,-0.013141891919076443,0.0,-0.23443147540092468,0.0834689810872078,-9.717480659484863,-0.08852822333574295,-0.04558880627155304,-8.615521430969238,0.0,0.0,0.0,0.0,0.0,0.0,0.0,0.0,0.0,0.0,0.0,0.0,-0.03995165228843689,-0.030048877000808716,-0.0009910000953823328,-0.012238522991538048,0.2741548418998718,0.261022686958313,0.27856796979904175,0.2997457683086395,1.2490369081497192,-0.5960302352905273,-0.04215928539633751,0.0,0.0,0.0,0.0,0.0,0.0,0.0
32727040995,0,0.01979653351008892,-0.03567242994904518,-0.8522461652755737,6.569455581484362e-05,-0.04113857448101044,-0.8442511558532715,0.005505825392901897,-0.0494937039911747,0.03135478496551514,-0.039461877197027206,-0.010932344011962414,0.007995009422302246,0.006548766512423754,0.006891205906867981,0.32963770627975464,0.0,0.0,-0.0047828578390181065,0.13762860000133514,-0.08107853680849075,-0.30004236102104187,-0.048284053802490234,-0.05814213305711746,-0.40097397565841675,-0.44866248965263367,-0.2349511682987213,-47.522071838378906,-0.36045515537261963,0.27886438369750977,0.004172652959823608,-0.22646260261535645,0.17687584459781647,-0.2599218785762787,0.14987559616565704,11.775899887084961,10.853367805480957,12.035643577575684,12.990998268127441,-0.03066406212747097,-0.03066406212747097,0.006132812704890966,-0.024531250819563866,0.0,-0.04143960401415825,-0.029646135866642,-0.0003706639108713716,-0.013132289052009583,0.0,-0.1060740128159523,0.18086721003055573,-9.593001365661621,-0.08129830658435822,-0.04291568696498871,-8.661909103393555,0.0,0.0,0.0,0.0,0.0,0.0,0.0,0.0,0.0,0.0,0.0,0.0,-0.041156236082315445,-0.029970107600092888,-0.00026086505386047065,-0.012261820025742054,0.2741548418998718,0.261022686958313,0.27856796979904175,0.2997457683086395,1.3521915674209595,-0.768225908279419,0.1742366999387741,0.0,0.0,0.0,0.0,0.0,0.0,0.0
32738405176,0,0.01979653351008892,-0.03567242994904518,-0.8522461652755737,6.569455581484362e-05,-0.04113857448101044,-0.8442511558532715,0.005505825392901897,-0.0494937039911747,0.03135478496551514,-0.039461877197027206,-0.010932344011962414,0.007995009422302246,0.006548766512423754,0.006891205906867981,0.32963770627975464,0.0,0.0,-0.0047828578390181065,0.15027983486652374,-0.08527268469333649,-0.2959792912006378,-0.048284053802490234,-0.05814213305711746,-0.40097397565841675,-0.47145575284957886,-0.23073787987232208,-47.69609451293945,-0.4185382127761841,0.3059624135494232,-0.003063187003135681,-0.22802363336086273,0.18107907474040985,-0.2601061761379242,0.15414604544639587,11.841915130615234,10.72999382019043,12.164544105529785,12.973855972290039,-0.03066406212747097,-0.029130859300494194,0.006132812704890966,-0.024531250819563866,0.0,-0.041907068341970444,-0.031035607680678368,3.37982019118499e-05,-0.012544418685138226,0.0,-0.1060740128159523,0.18086721003055573,-9.593001365661621,-0.08129830658435822,-0.04291568696498871,-8.661909103393555,0.0,0.0,0.0,0.0,0.0,0.0,0.0,0.0,0.0,0.0,0.0,0.0,-0.041840482503175735,-0.02991766296327114,9.641545329941437e-05,-0.012407227419316769,0.27759119868278503,0.25572365522384644,0.2838892340660095,0.2995977997779846,1.2034755945205688,-0.5226650834083557,0.2911090552806854,0.0,0.0,0.0,0.0,0.0,0.0,0.0
32746779324,0,0.020864183083176613,-0.03617708012461662,-0.8515998125076294,6.569455581484362e-05,-0.04113857448101044,-0.8442511558532715,0.0046057202853262424,-0.04956953600049019,0.03293539583683014,-0.041597187519073486,-0.009923038072884083,0.00734865665435791,0.009801185689866543,0.004981481470167637,0.3243888318538666,0.0,0.0,-0.0047828578390181065,0.15027983486652374,-0.08527268469333649,-0.2959792912006378,-0.07514453679323196,-0.0446431040763855,-0.3946855366230011,-0.47145575284957886,-0.23073787987232208,-47.69609451293945,-0.4185382127761841,0.3059624135494232,-0.003063187003135681,-0.22802363336086273,0.18107907474040985,-0.2601061761379242,0.15414604544639587,11.841915130615234,10.72999382019043,12.164544105529785,12.973855972290039,-0.03066406212747097,-0.029130859300494194,0.006132812704890966,-0.024531250819563866,0.0,-0.041907068341970444,-0.031035607680678368,3.37982019118499e-05,-0.012544418685138226,0.0,-0.1125076487660408,-0.0062716505490243435,-9.990900039672852,-0.08360777050256729,-0.04049369692802429,-8.674360275268555,0.0,0.0,0.0,0.0,0.0,0.0,0.0,0.0,0.0,0.0,0.0,0.0,-0.042167723178863525,-0.030034059658646584,0.00024191719421651214,-0.012531175278127193,0.27759119868278503,0.25572365522384644,0.2838892340660095,0.2995977997779846,1.2034755945205688,-0.5226650834083557,0.2911090552806854,0.0,0.0,0.0,0.0,0.0,0.0,0.0
32758940862,0,0.020864183083176613,-0.03617708012461662,-0.8515998125076294,6.569455581484362e-05,-0.04113857448101044,-0.8442511558532715,0.0046057202853262424,-0.04956953600049019,0.03293539583683014,-0.042580269277095795,-0.009465585462749004,0.0070230960845947266,0.009801185689866543,0.004981481470167637,0.3243888318538666,0.0,0.0,-0.0047828578390181065,0.15910229086875916,-0.08103352040052414,-0.2946988344192505,-0.0918346419930458,-0.039631690829992294,-0.3896731734275818,-0.4598427414894104,-0.2227153331041336,-47.708980560302734,-0.4423796534538269,0.30192774534225464,-0.0025673508644104004,-0.22881878912448883,0.18374936282634735,-0.26028332114219666,0.15647482872009277,11.789807319641113,10.715218544006348,12.198281288146973,13.019872665405273,-0.03066406212747097,-0.029130859300494194,0.006132812704890966,-0.024531250819563866,0.0,-0.04157642647624016,-0.031040584668517113,-0.0006062692264094949,-0.012663976289331913,0.0,-0.1125076487660408,-0.0062716505490243435,-9.990900039672852,-0.08547995984554291,-0.050317585468292236,-8.685224533081055,0.0,0.0,0.0,0.0,0.0,0.0,0.0,0.0,0.0,0.0,0.0,0.0,-0.042265310883522034,-0.03027634508907795,0.0002455456415191293,-0.012600094079971313,0.27657198905944824,0.25543129444122314,0.28454679250717163,0.30048704147338867,0.9611691832542419,-0.03744650259613991,0.23885363340377808,0.0,0.0,0.0,0.0,0.0,0.0,0.0
32766612698,0,0.021355722099542618,-0.03640580549836159,-0.8512742519378662,6.569455581484362e-05,-0.04113857448101044,-0.8442511558532715,0.002838853280991316,-0.04433435946702957,0.03430471196770668,-0.042580269277095795,-0.009465585462749004,0.0070230960845947266,0.011612549424171448,0.004253169521689415,0.3216431140899658,0.0,0.0,-0.0047828578390181065,0.17637810111045837,-0.09245859086513519,-0.2877956032752991,-0.0918346419930458,-0.039631690829992294,-0.3896731734275818,-0.5185868144035339,-0.38737645745277405,-47.8013801574707,-0.4961385130882263,0.3336901068687439,-0.006315559148788452,-0.23021790385246277,0.18939270079135895,-0.2607516348361969,0.16086383163928986,11.873357772827148,10.512641906738281,12.348917961120605,13.080659866333008,-0.03066406212747097,-0.03066406212747097,0.006132812704890966,-0.024531250819563866,0.0,-0.04807090759277344,-0.028219934552907944,0.005674167536199093,-0.015584469772875309,0.0,0.05016208067536354,-0.044447217136621475,-10.011630058288574,-0.08547995984554291,-0.050317585468292236,-8.685224533081055,0.0,0.0,0.0,0.0,0.0,0.0,0.0,0.0,0.0,0.0,0.0,0.0,-0.042501043528318405,-0.030406175181269646,0.0004094024479854852,-0.012774989940226078,0.27820587158203125,0.251419335603714,0.28747934103012085,0.30166110396385193,0.8664071559906006,-0.4903179109096527,0.3638227880001068,0.0,0.0,0.0,0.0,0.0,0.0,0.0
32776654604,0,0.02240525558590889,-0.03662877529859543,-0.8506466746330261,6.569455581484362e-05,-0.04113857448101044,-0.8442511558532715,0.0015559822786599398,-0.0333041250705719,0.03503209352493286,-0.044679347425699234,-0.009019643068313599,0.006395518779754639,0.014924513176083565,0.002420028205960989,0.3161909580230713,0.0,0.0,-0.0047828578390181065,0.18893849849700928,-0.09805785864591599,-0.28817903995513916,-0.1217036172747612,-0.02442328631877899,-0.3838374614715576,-0.5185868144035339,-0.38737645745277405,-47.8013801574707,-0.4961385130882263,0.3336901068687439,-0.006315559148788452,-0.23021790385246277,0.18939270079135895,-0.2607516348361969,0.16086383163928986,11.780820846557617,10.505025863647461,12.326064109802246,13.221236228942871,-0.03066406212747097,-0.029130859300494194,0.006132812704890966,-0.024531250819563866,0.0,-0.04844878986477852,-0.028240399435162544,0.005684694275259972,-0.015418756753206253,0.0,-0.3992111086845398,0.03897751495242119,-10.240049362182617,-0.09428851306438446,-0.07043208181858063,-8.691160202026367,0.0,0.0,0.0,0.0,0.0,0.0,0.0,0.0,0.0,0.0,0.0,0.0,-0.04336260259151459,-0.03019767254590988,0.0011722391936928034,-0.0132370600476861,0.27820587158203125,0.251419335603714,0.28747934103012085,0.30166110396385193,0.9908965826034546,-0.5000049471855164,0.20477363467216492,0.0,0.0,0.0,0.0,0.0,0.0,0.0
32786737964,0,0.023352432996034622,-0.036805301904678345,-0.8500683903694153,6.569455581484362e-05,-0.04113857448101044,-0.8442511558532715,0.005017078947275877,-0.02401079796254635,0.03437868505716324,-0.046573713421821594,-0.008666588924825191,0.005817234516143799,0.01838017627596855,0.0008085188455879688,0.3105897903442383,0.0,0.0,-0.0047828578390181065,0.19832973182201385,-0.0958685576915741,-0.2882594168186188,-0.1217036172747612,-0.02442328631877899,-0.3838374614715576,-0.6079718470573425,-0.46604469418525696,-47.77863311767578,-0.4961385130882263,0.3336901068687439,-0.006315559148788452,-0.23021790385246277,0.18939270079135895,-0.2607516348361969,0.16086383163928986,11.687232971191406,10.488825798034668,12.32432746887207,13.292409896850586,-0.03066406212747097,-0.03066406212747097,0.004599609412252903,-0.024531250819563866,0.0,-0.05392760410904884,-0.028645414859056473,0.010506676509976387,-0.015051113441586494,0.0,-0.3992111086845398,0.03897751495242119,-10.240049362182617,-0.11054033786058426,-0.08473540097475052,-8.687024116516113,0.0,0.0,0.0,0.0,0.0,0.0,0.0,0.0,0.0,0.0,0.0,0.0,-0.04496018588542938,-0.029751699417829514,0.002602043328806758,-0.013857576996088028,0.27820587158203125,0.251419335603714,0.28747934103012085,0.30166110396385193,0.9881880283355713,-0.17384518682956696,0.1641552597284317,0.0,0.0,0.0,0.0,0.0,0.0,0.0
32797585256,0,0.023352432996034622,-0.036805301904678345,-0.8500683903694153,6.569455581484362e-05,-0.04113857448101044,-0.8442511558532715,0.005017078947275877,-0.02401079796254635,0.03437868505716324,-0.046573713421821594,-0.008666588924825191,0.005817234516143799,0.01838017627596855,0.0008085188455879688,0.3105897903442383,0.0,0.0,-0.0047828578390181065,0.20004361867904663,-0.0859420895576477,-0.29124411940574646,-0.15635371208190918,-0.013404274359345436,-0.37757429480552673,-0.6079718470573425,-0.46604469418525696,-47.77863311767578,-0.5606946349143982,0.34589338302612305,-0.002330482006072998,-0.23152506351470947,0.19612927734851837,-0.2616906464099884,0.16522783041000366,11.687232971191406,10.488825798034668,12.32432746887207,13.292409896850586,-0.029130859300494194,-0.03066406212747097,0.004599609412252903,-0.024531250819563866,0.0,-0.05404935032129288,-0.02878093160688877,0.010391387157142162,-0.015158016234636307,0.0,0.1316514015197754,-0.06584764271974564,-10.305696487426758,-0.11054033786058426,-0.08473540097475052,-8.687024116516113,0.0,0.0,0.0,0.0,0.0,0.0,0.0,0.0,0.0,0.0,0.0,0.0,-0.047153498977422714,-0.02931579202413559,0.004536093212664127,-0.014404887333512306,0.2745642364025116,0.2509470582008362,0.287000834941864,0.3057456910610199,0.5938273668289185,0.356329083442688,0.004392723552882671,0.0,0.0,0.0,0.0,0.0,0.0,0.0
32806575096,0,0.024178972467780113,-0.03691244497895241,-0.8495355248451233,6.569455581484362e-05,-0.04113857448101044,-0.8442511558532715,0.006101903971284628,-0.01767311990261078,0.02247113734483719,-0.04822679981589317,-0.008452300913631916,0.005284368991851807,0.022010404616594315,-0.0004271202196832746,0.3054811358451843,0.0,0.0,-0.0047828578390181065,0.20004361867904663,-0.0859420895576477,-0.29124411940574646,-0.1748531460762024,-0.007461877539753914,-0.37206095457077026,-0.6272557973861694,-0.481112003326416,-47.56758499145508,-0.5762225389480591,0.33407798409461975,0.0024795234203338623,-0.2321896255016327,0.20012620091438293,-0.2621845602989197,0.16746613383293152,11.47226333618164,10.550920486450195,12.1931791305542,13.36583137512207,-0.03066406212747097,-0.03066406212747097,0.004599609412252903,-0.024531250819563866,0.0,-0.0561864897608757,-0.028821347281336784,0.011440033093094826,-0.015017243102192879,0.0,0.08869025856256485,0.2315855622291565,-10.460759162902832,-0.11990145593881607,-0.09488172084093094,-8.599222183227539,0.0,0.0,0.0,0.0,0.0,0.0,0.0,0.0,0.0,0.0,0.0,0.0,-0.049597643315792084,-0.028998324647545815,0.0066214376129209995,-0.01480160839855671,0.2703494727611542,0.25217798352241516,0.28444749116897583,0.30716007947921753,0.5938273668289185,0.356329083442688,0.004392723552882671,0.0,0.0,0.0,0.0,0.0,0.0,0.0
32816615048,0,0.024977385997772217,-0.03691376745700836,-0.8490543961524963,6.569455581484362e-05,-0.04113857448101044,-0.8442511558532715,0.0016780749429017305,-0.011374261230230331,0.013717507012188435,-0.04982363432645798,-0.008449655957520008,0.0048032402992248535,0.02589145116508007,-0.0014114478835836053,0.3001483082771301,0.0,0.0,-0.0047828578390181065,0.198651522397995,-0.06615764647722244,-0.3013690114021301,-0.1748531460762024,-0.007461877539753914,-0.37206095457077026,-0.6272557973861694,-0.481112003326416,-47.56758499145508,-0.5762225389480591,0.33407798409461975,0.0024795234203338623,-0.2321896255016327,0.20012620091438293,-0.2621845602989197,0.16746613383293152,11.47226333618164,10.550920486450195,12.1931791305542,13.36583137512207,-0.03066406212747097,-0.032197266817092896,0.004599609412252903,-0.024531250819563866,0.0,-0.0561864897608757,-0.028821347281336784,0.011440033093094826,-0.015017243102192879,0.0,0.08869025856256485,0.2315855622291565,-10.460759162902832,-0.11858712881803513,-0.10877399891614914,-8.54296588897705,0.0,0.0,0.0,0.0,0.0,0.0,0.0,0.0,0.0,0.0,0.0,0.0,-0.051916930824518204,-0.028807664290070534,0.008487820625305176,-0.015043005347251892,0.2703494727611542,0.25217798352241516,0.28444749116897583,0.30716007947921753,0.1303660273551941,0.7346081137657166,-0.3243313133716583,0.0,0.0,0.0,0.0,0.0,0.0,0.0
32826916389,0,0.024977385997772217,-0.03691376745700836,-0.8490543961524963,6.569455581484362e-05,-0.04113857448101044,-0.8442511558532715,0.0016780749429017305,-0.011374261230230331,0.013717507012188435,-0.04982363432645798,-0.008449655957520008,0.0048032402992248535,0.02589145116508007,-0.0014114478835836053,0.3001483082771301,0.0,0.0,-0.0047828578390181065,0.198651522397995,-0.06615764647722244,-0.3013690114021301,-0.2061326652765274,-0.0013447621604427695,-0.36568179726600647,-0.6487324237823486,-0.561599850654602,-47.04037094116211,-0.614201545715332,0.3202716112136841,0.017008110880851746,-0.2333424836397171,0.20811370015144348,-0.2628048062324524,0.17134308815002441,10.896519660949707,10.746061325073242,11.778494834899902,13.633687019348145,-0.03066406212747097,-0.03373046964406967,0.006132812704890966,-0.024531250819563866,0.0,-0.06258836388587952,-0.026472244411706924,0.014797329902648926,-0.0163445882499218,0.0,-0.17921634018421173,0.05699576064944267,-10.22988224029541,-0.11858712881803513,-0.10877399891614914,-8.54296588897705,0.0,0.0,0.0,0.0,0.0,0.0,0.0,0.0,0.0,0.0,0.0,0.0,-0.05414075776934624,-0.02860805206000805,0.010105371475219727,-0.01521820668131113,0.25901472568511963,0.2560415267944336,0.2763507068157196,0.31231051683425903,0.1303660273551941,0.7346081137657166,-0.3243313133716583,0.0,0.0,0.0,0.0,0.0,0.0,0.0
32837560229,0,0.025358350947499275,-0.03689292445778847,-0.848824679851532,6.569455581484362e-05,-0.04113857448101044,-0.8442511558532715,-0.0038228584453463554,-0.006776941940188408,0.013212651014328003,-0.05058556795120239,-0.008491342887282372,0.004573523998260498,0.027627956122159958,-0.0017843324458226562,0.29736271500587463,0.0,0.0,-0.0047828578390181065,0.18791139125823975,-0.05042600631713867,-0.30753716826438904,-0.22009119391441345,0.0008955426746979356,-0.3623489737510681,-0.6181452870368958,-0.6638094186782837,-46.99496078491211,-0.614201545715332,0.3202716112136841,0.017008110880851746,-0.2333424836397171,0.20811370015144348,-0.2628048062324524,0.17134308815002441,10.669410705566406,10.888051986694336,11.654635429382324,13.797262191772461,-0.03066406212747097,-0.03373046964406967,0.006132812704890966,-0.02299804612994194,0.0,-0.06630082428455353,-0.02181357331573963,0.01712759956717491,-0.019554244354367256,0.0,-0.32157567143440247,0.24318398535251617,-9.939655303955078,-0.11239005625247955,-0.12069262564182281,-8.544538497924805,0.0,0.0,0.0,0.0,0.0,0.0,0.0,0.0,0.0,0.0,0.0,0.0,-0.0566692054271698,-0.028009219095110893,0.01171931717544794,-0.015599055215716362,0.25901472568511963,0.2560415267944336,0.2763507068157196,0.31231051683425903,-0.2656290829181671,0.7265207767486572,-0.27265575528144836,0.0,0.0,0.0,0.0,0.0,0.0,0.0
32846897767,0,0.025358350947499275,-0.03689292445778847,-0.848824679851532,6.569455581484362e-05,-0.04113857448101044,-0.8442511558532715,-0.0038228584453463554,-0.006776941940188408,0.013212651014328003,-0.051183491945266724,-0.008518440648913383,0.00435715913772583,0.027627956122159958,-0.0017843324458226562,0.29736271500587463,0.0,0.0,-0.0047828578390181065,0.18209189176559448,-0.03980875760316849,-0.30754825472831726,-0.23868508636951447,0.0030821070540696383,-0.35710418224334717,-0.6181452870368958,-0.6638094186782837,-46.99496078491211,-0.6344860792160034,0.30710887908935547,0.02357122302055359,-0.23444657027721405,0.2172154188156128,-0.2631801664829254,0.1750381588935852,10.669410705566406,10.888051986694336,11.654635429382324,13.797262191772461,-0.032197266817092896,-0.03373046964406967,0.004599609412252903,-0.02299804612994194,0.0,-0.06641355156898499,-0.021923819556832314,0.01702461577951908,-0.019641239196062088,0.0,-0.32157567143440247,0.24318398535251617,-9.939655303955078,-0.10932497680187225,-0.1278083324432373,-8.565497398376465,0.0,0.0,0.0,0.0,0.0,0.0,0.0,0.0,0.0,0.0,0.0,0.0,-0.05952395498752594,-0.026791440322995186,0.013398799113929272,-0.01637214794754982,0.25452470779418945,0.2588474452495575,0.2739255726337433,0.31544944643974304,-0.3951559364795685,0.8805146217346191,-0.180336132645607,0.0,0.0,0.0,0.0,0.0,0.0,0.0
32858209169,0,0.02596420980989933,-0.03685019910335541,-0.8483879566192627,6.569455581484362e-05,-0.04113857448101044,-0.8442511558532715,-0.0063902270048856735,-0.0014201583107933402,0.017973434180021286,-0.0517972931265831,-0.008576793596148491,0.004136800765991211,0.030536632984876633,-0.0018649899866431952,0.29178136587142944,0.0,0.0,-0.0047828578390181065,0.18209189176559448,-0.03980875760316849,-0.30754825472831726,-0.2518894374370575,0.003477949881926179,-0.35380375385284424,-0.6012873649597168,-0.7029458284378052,-47.11023712158203,-0.6426471471786499,0.294625461101532,0.02402980625629425,-0.23487450182437897,0.22129787504673004,-0.26321104168891907,0.17656350135803223,10.655372619628906,10.935153007507324,11.70337200164795,13.831282615661621,-0.03526367247104645,-0.03526367247104645,0.006132812704890966,-0.021464843302965164,0.0,-0.06728580594062805,-0.02006112039089203,0.0175870880484581,-0.021058175712823868,0.0,0.1643105149269104,0.310865581035614,-9.997171401977539,-0.11315847933292389,-0.13275296986103058,-8.58977222442627,0.0,0.0,0.0,0.0,0.0,0.0,0.0,0.0,0.0,0.0,0.0,0.0,-0.062234312295913696,-0.025203295052051544,0.014924549497663975,-0.017416954040527344,0.2542470395565033,0.25977733731269836,0.2748801112174988,0.31610167026519775,-0.3951559364795685,0.8805146217346191,-0.180336132645607,0.0,0.0,0.0,0.0,0.0,0.0,0.0
32866695579,0,0.02596420980989933,-0.03685019910335541,-0.8483879566192627,6.569455581484362e-05,-0.04113857448101044,-0.8442511558532715,-0.0063902270048856735,-0.0014201583107933402,0.017973434180021286,-0.0517972931265831,-0.008576793596148491,0.004136800765991211,0.030536632984876633,-0.0018649899866431952,0.29178136587142944,0.0,0.0,-0.0047828578390181065,0.15519237518310547,-0.003617086447775364,-0.3041877746582031,-0.2518894374370575,0.003477949881926179,-0.35380375385284424,-0.6045701503753662,-0.8055051565170288,-47.30179977416992,-0.6441909670829773,0.24929828941822052,0.023659661412239075,-0.23577457666397095,0.23094645142555237,-0.26272234320640564,0.1800723820924759,10.641729354858398,11.040417671203613,11.831413269042969,13.803398132324219,-0.038330078125,-0.03373046964406967,0.0076660155318677425,-0.021464843302965164,0.0,-0.0709892213344574,-0.01677873730659485,0.020477432757616043,-0.023715080693364143,0.0,0.1643105149269104,0.310865581035614,-9.997171401977539,-0.11315847933292389,-0.13275296986103058,-8.58977222442627,0.0,0.0,0.0,0.0,0.0,0.0,0.0,0.0,0.0,0.0,0.0,0.0,-0.06463003903627396,-0.023407859727740288,0.016273632645606995,-0.018659908324480057,0.2539769113063812,0.261853963136673,0.2773857116699219,0.3155669569969177,-1.1090729236602783,1.484104871749878,0.0026078084483742714,0.0,0.0,0.0,0.0,0.0,0.0,0.0
32876668390,0,0.026544660329818726,-0.03669697418808937,-0.8479509949684143,6.569455581484362e-05,-0.04113857448101044,-0.8442511558532715,-0.011016696691513062,0.004058253951370716,0.018967334181070328,-0.05295819789171219,-0.008883245289325714,0.0036998391151428223,0.03339321166276932,-0.0016477046301588416,0.2865569293498993,0.0,0.0,-0.0047828578390181065,0.13609981536865234,0.008971277624368668,-0.3059680759906769,-0.26914286613464355,-0.002200095448642969,-0.3468763828277588,-0.6045701503753662,-0.8055051565170288,-47.30179977416992,-0.6441909670829773,0.24929828941822052,0.023659661412239075,-0.23577457666397095,0.23094645142555237,-0.26272234320640564,0.1800723820924759,10.641729354858398,11.040417671203613,11.831413269042969,13.803398132324219,-0.039863280951976776,-0.03526367247104645,0.009199218824505806,-0.021464843302965164,0.0,-0.0709892213344574,-0.01677873730659485,0.020477432757616043,-0.023715080693364143,0.0,-0.24526278674602509,-0.07753551751375198,-9.756233215332031,-0.10992184281349182,-0.14645548164844513,-8.600327491760254,0.0,0.0,0.0,0.0,0.0,0.0,0.0,0.0,0.0,0.0,0.0,0.0,-0.06681087613105774,-0.0214530099183321,0.01757950522005558,-0.020081454887986183,0.2539769113063812,0.261853963136673,0.2773857116699219,0.3155669569969177,-1.5640820264816284,1.4398332834243774,-0.11045902222394943,0.0,0.0,0.0,0.0,0.0,0.0,0.0
32886831733,0,0.02684250846505165,-0.03656049445271492,-0.8477234244346619,6.569455581484362e-05,-0.04113857448101044,-0.8442511558532715,-0.014697268605232239,0.00710711907595396,0.01799548603594303,-0.05355389788746834,-0.00915620569139719,0.003472268581390381,0.03472651168704033,-0.0015383808640763164,0.28387534618377686,0.0,0.0,-0.0047828578390181065,0.13609981536865234,0.008971277624368668,-0.3059680759906769,-0.27567094564437866,-0.004956075455993414,-0.34350940585136414,-0.5823878049850464,-0.8513212203979492,-47.26556396484375,-0.6311883330345154,0.2339032143354416,0.027534648776054382,-0.23611968755722046,0.23505839705467224,-0.26222890615463257,0.18153363466262817,10.532512664794922,11.172005653381348,11.729108810424805,13.847528457641602,-0.039863280951976776,-0.03373046964406967,0.010732421651482582,-0.021464843302965164,0.0,-0.07255770266056061,-0.014462510123848915,0.021336648613214493,-0.025403236970305443,0.0,-0.3996942639350891,-0.27150964736938477,-9.644232749938965,-0.10588869452476501,-0.15478567779064178,-8.593738555908203,0.0,0.0,0.0,0.0,0.0,0.0,0.0,0.0,0.0,0.0,0.0,0.0,-0.06872681528329849,-0.019522208720445633,0.018796132877469063,-0.02152896858751774,0.25181320309638977,0.2644466161727905,0.27538415789604187,0.31641286611557007,-1.5640820264816284,1.4398332834243774,-0.11045902222394943,0.0,0.0,0.0,0.0,0.0,0.0,0.0
32897182742,0,0.02684250846505165,-0.03656049445271492,-0.8477234244346619,6.569455581484362e-05,-0.04113857448101044,-0.8442511558532715,-0.014697268605232239,0.00710711907595396,0.01799548603594303,-0.05355389788746834,-0.00915620569139719,0.003472268581390381,0.03472651168704033,-0.0015383808640763164,0.28387534618377686,0.0,0.0,-0.0047828578390181065,0.10552973300218582,0.011354953050613403,-0.2977423667907715,-0.27567094564437866,-0.004956075455993414,-0.34350940585136414,-0.5862927436828613,-0.9180351495742798,-47.42161560058594,-0.6310126781463623,0.23778493702411652,0.02011457085609436,-0.23683178424835205,0.24436834454536438,-0.2608356475830078,0.18487250804901123,10.768527030944824,11.017045974731445,11.944814682006836,13.708916664123535,-0.04139648377895355,-0.03373046964406967,0.012265625409781933,-0.021464843302965164,0.0,-0.07336142659187317,-0.012720377184450626,0.02297721989452839,-0.02733703888952732,0.0,-0.3996942639350891,-0.27150964736938477,-9.644232749938965,-0.10588869452476501,-0.15478567779064178,-8.593738555908203,0.0,0.0,0.0,0.0,0.0,0.0,0.0,0.0,0.0,0.0,0.0,0.0,-0.07034071534872055,-0.017665449529886246,0.01989932544529438,-0.02296711504459381,0.25181320309638977,0.2644466161727905,0.27538415789604187,0.31641286611557007,-1.4273171424865723,0.35694262385368347,0.2944871485233307,0.0,0.0,0.0,0.0,0.0,0.0,0.0
32906721680,0,0.02755950763821602,-0.03622462600469589,-0.8470168113708496,6.569455581484362e-05,-0.04113857448101044,-0.8442511558532715,-0.017309509217739105,0.019043799489736557,0.02402047999203205,-0.05498790368437767,-0.009827946312725544,0.002765655517578125,0.03715668246150017,-0.0010620260145515203,0.2756224274635315,0.0,0.0,-0.0047828578390181065,0.10552973300218582,0.011354953050613403,-0.2977423667907715,-0.29538777470588684,-0.008126335218548775,-0.33627548813819885,-0.5862927436828613,-0.9180351495742798,-47.42161560058594,-0.6310126781463623,0.23778493702411652,0.02011457085609436,-0.23683178424835205,0.24436834454536438,-0.2608356475830078,0.18487250804901123,10.768527030944824,11.017045974731445,11.944814682006836,13.708916664123535,-0.044462889432907104,-0.032197266817092896,0.013798828236758709,-0.021464843302965164,0.0,-0.07336142659187317,-0.012720377184450626,0.02297721989452839,-0.02733703888952732,0.0,0.1668976992368698,0.10654947906732559,-9.610574722290039,-0.110516257584095,-0.18096831440925598,-8.64181900024414,0.0,0.0,0.0,0.0,0.0,0.0,0.0,0.0,0.0,0.0,0.0,0.0,-0.0716547742486,-0.015920141711831093,0.02093416266143322,-0.024391572922468185,0.25648558139801025,0.2613930106163025,0.2796022593975067,0.313754677772522,-1.4273171424865723,0.35694262385368347,0.2944871485233307,0.0,0.0,0.0,0.0,0.0,0.0,0.0
32917826433,0,0.02755950763821602,-0.03622462600469589,-0.8470168113708496,6.569455581484362e-05,-0.04113857448101044,-0.8442511558532715,-0.017309509217739105,0.019043799489736557,0.02402047999203205,-0.05498790368437767,-0.009827946312725544,0.002765655517578125,0.03715668246150017,-0.0010620260145515203,0.2756224274635315,0.0,0.0,-0.0047828578390181065,0.0826372429728508,0.018966615200042725,-0.2839805781841278,-0.29538777470588684,-0.008126335218548775,-0.33627548813819885,-0.6279446482658386,-0.9698967337608337,-47.549354553222656,-0.6242704391479492,0.22204484045505524,0.008014336228370667,-0.2373906672000885,0.25311726331710815,-0.25957950949668884,0.18816430866718292,11.091519355773926,10.77950382232666,12.291955947875977,13.405106544494629,-0.04752929508686066,-0.032197266817092896,0.015332031063735485,-0.02299804612994194,0.0,-0.07426508516073227,-0.012722183018922806,0.024969229474663734,-0.028271475806832314,0.0,0.1668976992368698,0.10654947906732559,-9.610574722290039,-0.110516257584095,-0.18096831440925598,-8.64181900024414,0.0,0.0,0.0,0.0,0.0,0.0,0.0,0.0,0.0,0.0,0.0,0.0,-0.07265765964984894,-0.014471418224275112,0.021912001073360443,-0.025678766891360283,0.2628611624240875,0.25670263171195984,0.28637081384658813,0.3079160451889038,-1.4405697584152222,0.5102118253707886,0.6572094559669495,0.0,0.0,0.0,0.0,0.0,0.0,0.0
32926839523,0,0.027942020446062088,-0.03601311147212982,-0.8465505242347717,6.569455581484362e-05,-0.04113857448101044,-0.8442511558532715,-0.013685843907296658,0.018749231472611427,0.021167585626244545,-0.05575293302536011,-0.010250977240502834,0.002299368381500244,0.03814109042286873,-0.0004057910991832614,0.2705378532409668,0.0,0.0,-0.0047828578390181065,0.05777791514992714,0.02843942679464817,-0.28129205107688904,-0.3029215931892395,-0.013465937227010727,-0.33016714453697205,-0.6540540456771851,-0.9856554269790649,-47.41437911987305,-0.6242704391479492,0.22204484045505524,0.008014336228370667,-0.2373906672000885,0.25311726331710815,-0.25957950949668884,0.18816430866718292,11.05711841583252,10.819058418273926,12.231395721435547,13.326421737670898,-0.04906250163912773,-0.03066406212747097,0.018398437649011612,-0.02299804612994194,0.0,-0.07583910971879959,-0.013013947755098343,0.026303475722670555,-0.028163738548755646,0.0,0.1399737000465393,-0.4474616050720215,-9.969361305236816,-0.11891891807317734,-0.17921008169651031,-8.620796203613281,0.0,0.0,0.0,0.0,0.0,0.0,0.0,0.0,0.0,0.0,0.0,0.0,-0.07347842305898666,-0.013449512422084808,0.022926710546016693,-0.026742173358798027,0.2628611624240875,0.25670263171195984,0.28637081384658813,0.3079160451889038,-1.9419910907745361,0.7393435835838318,0.4648710787296295,0.0,0.0,0.0,0.0,0.0,0.0,0.0
32936856142,0,0.028111152350902557,-0.03586477041244507,-0.8463259935379028,6.569455581484362e-05,-0.04113857448101044,-0.8442511558532715,-0.016252372413873672,0.019950021058321,0.017804056406021118,-0.056091196835041046,-0.01054766122251749,0.0020748376846313477,0.03840186446905136,-2.8362410375848413e-05,0.2680124342441559,0.0,0.0,-0.0047828578390181065,0.05777791514992714,0.02843942679464817,-0.28129205107688904,-0.30973976850509644,-0.018115509301424026,-0.32541635632514954,-0.6540540456771851,-0.9856554269790649,-47.41437911987305,-0.6008785963058472,0.2064996063709259,0.008581370115280151,-0.23766182363033295,0.25768619775772095,-0.2587546408176422,0.19005170464515686,11.05711841583252,10.819058418273926,12.231395721435547,13.326421737670898,-0.05059570446610451,-0.03066406212747097,0.018398437649011612,-0.024531250819563866,0.0,-0.07586582750082016,-0.013041188009083271,0.026279393583536148,-0.02818586304783821,0.0,-0.3653079569339752,0.09433282911777496,-9.824657440185547,-0.11535712331533432,-0.18330615758895874,-8.596112251281738,0.0,0.0,0.0,0.0,0.0,0.0,0.0,0.0,0.0,0.0,0.0,0.0,-0.07424631714820862,-0.012854350730776787,0.023986199870705605,-0.027533475309610367,0.26218318939208984,0.2574843466281891,0.2851918935775757,0.30640101432800293,-1.9419910907745361,0.7393435835838318,0.4648710787296295,0.0,0.0,0.0,0.0,0.0,0.0,0.0
32947219148,0,0.028111152350902557,-0.03586477041244507,-0.8463259935379028,6.569455581484362e-05,-0.04113857448101044,-0.8442511558532715,-0.016252372413873672,0.019950021058321,0.017804056406021118,-0.056091196835041046,-0.01054766122251749,0.0020748376846313477,0.03840186446905136,-2.8362410375848413e-05,0.2680124342441559,0.0,0.0,-0.0047828578390181065,-0.004485576879233122,0.014786654151976109,-0.2814099192619324,-0.30973976850509644,-0.018115509301424026,-0.32541635632514954,-0.6285344958305359,-1.1409794092178345,-47.090850830078125,-0.5328994989395142,0.23105213046073914,0.014887213706970215,-0.23811540007591248,0.2653629183769226,-0.25713518261909485,0.19346734881401062,10.965134620666504,10.960881233215332,11.849702835083008,13.338126182556152,-0.05059570446610451,-0.03066406212747097,0.021464843302965164,-0.024531250819563866,0.0,-0.08074690401554108,-0.007083835080265999,0.030959011986851692,-0.032993949949741364,0.0,-0.3653079569339752,0.09433282911777496,-9.824657440185547,-0.11535712331533432,-0.18330615758895874,-8.596112251281738,0.0,0.0,0.0,0.0,0.0,0.0,0.0,0.0,0.0,0.0,0.0,0.0,-0.07514675706624985,-0.012320038862526417,0.025147413834929466,-0.028263812884688377,0.2603691518306732,0.2602851688861847,0.2777433395385742,0.30662649869918823,-2.8870644569396973,-0.4560912847518921,0.12877988815307617,0.0,0.0,0.0,0.0,0.0,0.0,0.0
32956594456,0,0.028539316728711128,-0.03567101061344147,-0.8458923697471619,6.569455581484362e-05,-0.04113857448101044,-0.8442511558532715,-0.020693913102149963,0.0310131274163723,0.012999869883060455,-0.056947533041238785,-0.010935182683169842,0.0016412138938903809,0.038415346294641495,-8.824341784929857e-05,0.2629607021808624,0.0,0.0,-0.0047828578390181065,-0.03566811978816986,-0.0012669793795794249,-0.2816627323627472,-0.30089282989501953,-0.015857312828302383,-0.3193739652633667,-0.5954923033714294,-1.2123656272888184,-47.0970458984375,-0.4995949864387512,0.25327232480049133,0.016811683773994446,-0.23833180963993073,0.2653629183769226,-0.25713518261909485,0.19346734881401062,11.005619049072266,11.026336669921875,11.717556953430176,13.371487617492676,-0.052128907293081284,-0.029130859300494194,0.02299804612994194,-0.026064453646540642,0.0,-0.08170651644468307,-0.003714624559506774,0.03244573250412941,-0.03569202125072479,0.0,-0.0016467205714434385,-0.1964453160762787,-10.126290321350098,-0.11427900195121765,-0.20745080709457397,-8.561972618103027,0.0,0.0,0.0,0.0,0.0,0.0,0.0,0.0,0.0,0.0,0.0,0.0,-0.07644207775592804,-0.011210430413484573,0.02664361707866192,-0.029398499056696892,0.2603691518306732,0.2602851688861847,0.2777433395385742,0.30662649869918823,-2.958327054977417,-0.9363107681274414,0.007891563698649406,0.0,0.0,0.0,0.0,0.0,0.0,0.0
32966991828,0,0.028539316728711128,-0.03567101061344147,-0.8458923697471619,6.569455581484362e-05,-0.04113857448101044,-0.8442511558532715,-0.020693913102149963,0.0310131274163723,0.012999869883060455,-0.056947533041238785,-0.010935182683169842,0.0016412138938903809,0.038415346294641495,-8.824341784929857e-05,0.2629607021808624,0.0,0.0,-0.0047828578390181065,-0.03566811978816986,-0.0012669793795794249,-0.2816627323627472,-0.30089282989501953,-0.015857312828302383,-0.3193739652633667,-0.5954923033714294,-1.2123656272888184,-47.0970458984375,-0.4995949864387512,0.25327232480049133,0.016811683773994446,-0.23833180963993073,0.26898133754730225,-0.256561815738678,0.19526082277297974,11.005619049072266,11.026336669921875,11.717556953430176,13.371487617492676,-0.052128907293081284,-0.029130859300494194,0.02299804612994194,-0.027597656473517418,0.0,-0.08170651644468307,-0.003714624559506774,0.03244573250412941,-0.03569202125072479,0.0,-0.0016467205714434385,-0.1964453160762787,-10.126290321350098,-0.11427900195121765,-0.20745080709457397,-8.561972618103027,0.0,0.0,0.0,0.0,0.0,0.0,0.0,0.0,0.0,0.0,0.0,0.0,-0.07800628989934921,-0.009436958469450474,0.028381533920764923,-0.03099340945482254,0.2611677348613739,0.2615762948989868,0.2751580476760864,0.3072689473628998,-2.958327054977417,-0.9363107681274414,0.007891563698649406,0.0,0.0,0.0,0.0,0.0,0.0,0.0
32977803958,0,0.028744351118803024,-0.03555666282773018,-0.8456947207450867,6.569455581484362e-05,-0.04113857448101044,-0.8442511558532715,-0.02558484673500061,0.036171894520521164,0.012863405980169773,-0.05735760182142258,-0.011163879185914993,0.0014435648918151855,0.03796875849366188,-0.00023476062051486224,0.26033756136894226,0.0,0.0,-0.0047828578390181065,-0.09423568844795227,-0.001570122200064361,-0.2817951440811157,-0.2958650588989258,-0.013919585384428501,-0.3165699243545532,-0.5954923033714294,-1.2123656272888184,-47.0970458984375,-0.4995949864387512,0.25327232480049133,0.016811683773994446,-0.23833180963993073,0.26898133754730225,-0.256561815738678,0.19526082277297974,11.005619049072266,11.026336669921875,11.717556953430176,13.371487617492676,-0.05366211012005806,-0.027597656473517418,0.024531250819563866,-0.029130859300494194,0.0,-0.08170651644468307,-0.003714624559506774,0.03244573250412941,-0.03569202125072479,0.0,-0.20805101096630096,0.36301422119140625,-9.637792587280273,-0.10827133059501648,-0.22043010592460632,-8.563098907470703,0.0,0.0,0.0,0.0,0.0,0.0,0.0,0.0,0.0,0.0,0.0,0.0,-0.07945837825536728,-0.007508817128837109,0.029986217617988586,-0.03264482691884041,0.2611677348613739,0.2615762948989868,0.2751580476760864,0.3072689473628998,-3.031669855117798,-0.21181230247020721,-0.18302643299102783,0.0,0.0,0.0,0.0,0.0,0.0,0.0
32986939490,0,0.029086923226714134,-0.03513629734516144,-0.8451921939849854,6.569455581484362e-05,-0.04113857448101044,-0.8442511558532715,-0.030956555157899857,0.04432389885187149,0.01776747778058052,-0.058042749762535095,-0.012004614807665348,0.0009410381317138672,0.03448428213596344,0.0002842182293534279,0.2523418664932251,0.0,0.0,-0.0047828578390181065,-0.09423568844795227,-0.001570122200064361,-0.2817951440811157,-0.27365824580192566,-0.01634787954390049,-0.3083619773387909,-0.5971449613571167,-1.302632212638855,-47.333866119384766,-0.4322524666786194,0.24452419579029083,0.020132511854171753,-0.23868457973003387,0.2746996283531189,-0.25574249029159546,0.19854280352592468,11.073700904846191,11.2848539352417,11.60346508026123,13.398069381713867,-0.05672851577401161,-0.029130859300494194,0.027597656473517418,-0.029130859300494194,0.0,-0.08418260514736176,-0.0008872414473444223,0.03553416579961777,-0.03798976540565491,0.0,-0.24110855162143707,-0.009659375064074993,-9.842296600341797,-0.10318039357662201,-0.2412867397069931,-8.60555362701416,0.0,0.0,0.0,0.0,0.0,0.0,0.0,0.0,0.0,0.0,0.0,0.0,-0.08070159703493118,-0.0057299695909023285,0.031371742486953735,-0.034125301986932755,0.26251018047332764,0.2666674256324768,0.2729230225086212,0.30778074264526367,-3.031669855117798,-0.21181230247020721,-0.18302643299102783,0.0,0.0,0.0,0.0,0.0,0.0,0.0
32996929039,0,0.029086923226714134,-0.03513629734516144,-0.8451921939849854,6.569455581484362e-05,-0.04113857448101044,-0.8442511558532715,-0.030956555157899857,0.04432389885187149,0.01776747778058052,-0.05835278332233429,-0.01279227901250124,0.0007004141807556152,0.03448428213596344,0.0002842182293534279,0.2523418664932251,0.0,0.0,-0.0047828578390181065,-0.1506616473197937,-0.01284114271402359,-0.28763577342033386,-0.27365824580192566,-0.01634787954390049,-0.3083619773387909,-0.5971449613571167,-1.302632212638855,-47.333866119384766,-0.4322524666786194,0.24452419579029083,0.020132511854171753,-0.23868457973003387,0.2746996283531189,-0.25574249029159546,0.19854280352592468,11.073700904846191,11.2848539352417,11.60346508026123,13.398069381713867,-0.05826171860098839,-0.027597656473517418,0.03066406212747097,-0.027597656473517418,0.0,-0.08418260514736176,-0.0008872414473444223,0.03553416579961777,-0.03798976540565491,0.0,-0.24110855162143707,-0.009659375064074993,-9.842296600341797,-0.09887498617172241,-0.24631953239440918,-8.52747917175293,0.0,0.0,0.0,0.0,0.0,0.0,0.0,0.0,0.0,0.0,0.0,0.0,-0.08184114098548889,-0.004091928247362375,0.032678764313459396,-0.035460520535707474,0.26251018047332764,0.2666674256324768,0.2729230225086212,0.30778074264526367,-3.0296545028686523,-0.6626635193824768,-0.3832934498786926,0.0,0.0,0.0,0.0,0.0,0.0,0.0
33007207916,0,0.02924194000661373,-0.03474246710538864,-0.8449515700340271,6.569455581484362e-05,-0.04113857448101044,-0.8442511558532715,-0.03380051627755165,0.04561575874686241,0.007234896998852491,-0.05835278332233429,-0.01279227901250124,0.0007004141807556152,0.031225167214870453,-0.0004669806221500039,0.24717698991298676,0.0,0.0,-0.0047828578390181065,-0.180827334523201,-0.028659306466579437,-0.28897538781166077,-0.24810214340686798,-0.00879563856869936,-0.3021956980228424,-0.5438123941421509,-1.3547574281692505,-46.9011344909668,-0.3047252595424652,0.2906789779663086,0.0315583199262619,-0.2390863299369812,0.2790588140487671,-0.25495123863220215,0.20149558782577515,10.947629928588867,11.587509155273438,10.94408893585205,13.45113754272461,-0.05826171860098839,-0.026064453646540642,0.032197266817092896,-0.027597656473517418,0.0,-0.08515528589487076,0.0023159391712397337,0.03759713098406792,-0.040646329522132874,0.0,-0.10359057039022446,-0.06298650056123734,-10.309948921203613,-0.09887498617172241,-0.24631953239440918,-8.52747917175293,0.0,0.0,0.0,0.0,0.0,0.0,0.0,0.0,0.0,0.0,0.0,0.0,-0.08287851512432098,-0.0025471989065408707,0.03394363820552826,-0.03670646250247955,0.2598908543586731,0.27285972237586975,0.26386016607284546,0.3100050985813141,-2.993483543395996,-1.070417046546936,-0.3028517961502075,0.0,0.0,0.0,0.0,0.0,0.0,0.0
33017006054,0,0.029290614649653435,-0.034556690603494644,-0.8448494076728821,6.569455581484362e-05,-0.04113857448101044,-0.8442511558532715,-0.03668275848031044,0.05002917721867561,0.0017986142775043845,-0.058450136333703995,-0.013163833878934383,0.0005982518196105957,0.029512008652091026,-0.0010327841155231,0.24464131891727448,0.0,0.0,-0.0047828578390181065,-0.180827334523201,-0.028659306466579437,-0.28897538781166077,-0.23472970724105835,-0.003498123027384281,-0.29917043447494507,-0.5438123941421509,-1.3547574281692505,-46.9011344909668,-0.3047252595424652,0.2906789779663086,0.0315583199262619,-0.2390863299369812,0.28075772523880005,-0.25481361150741577,0.20291024446487427,10.947629928588867,11.587509155273438,10.94408893585205,13.45113754272461,-0.05826171860098839,-0.024531250819563866,0.032197266817092896,-0.029130859300494194,0.0,-0.08515528589487076,0.0023159391712397337,0.03759713098406792,-0.040646329522132874,0.0,-0.14950379729270935,0.23147830367088318,-10.338713645935059,-0.09556126594543457,-0.2568594515323639,-8.48900318145752,0.0,0.0,0.0,0.0,0.0,0.0,0.0,0.0,0.0,0.0,0.0,0.0,-0.0837639570236206,-0.001037869486026466,0.03514472022652626,-0.03792369365692139,0.26002371311187744,0.27261003851890564,0.25995370745658875,0.3088017404079437,-2.993483543395996,-1.070417046546936,-0.3028517961502075,0.0,0.0,0.0,0.0,0.0,0.0,0.0
33026772737,0,0.029290614649653435,-0.034556690603494644,-0.8448494076728821,6.569455581484362e-05,-0.04113857448101044,-0.8442511558532715,-0.03668275848031044,0.05002917721867561,0.0017986142775043845,-0.05853264778852463,-0.01401189249008894,0.0004450082778930664,0.029512008652091026,-0.0010327841155231,0.24464131891727448,0.0,0.0,-0.0047828578390181065,-0.22360318899154663,-0.04202538728713989,-0.2859002351760864,-0.23472970724105835,-0.003498123027384281,-0.29917043447494507,-0.5438123941421509,-1.3547574281692505,-46.9011344909668,-0.3047252595424652,0.2906789779663086,0.0315583199262619,-0.2390863299369812,0.28075772523880005,-0.25481361150741577,0.20291024446487427,10.947629928588867,11.587509155273438,10.94408893585205,13.45113754272461,-0.059794921427965164,-0.02299804612994194,0.032197266817092896,-0.029130859300494194,0.0,-0.08515528589487076,0.0023159391712397337,0.03759713098406792,-0.040646329522132874,0.0,-0.20388849079608917,-0.4052331745624542,-9.83270263671875,-0.09979166090488434,-0.27711164951324463,-8.464208602905273,0.0,0.0,0.0,0.0,0.0,0.0,0.0,0.0,0.0,0.0,0.0,0.0,-0.08445616066455841,0.00032330609974451363,0.03618796542286873,-0.03902474045753479,0.26002371311187744,0.27261003851890564,0.25995370745658875,0.3088017404079437,-2.502251148223877,-0.7408028244972229,0.09726017713546753,0.0,0.0,0.0,0.0,0.0,0.0,0.0
33036484294,0,0.02933187037706375,-0.034132663160562515,-0.8446961641311646,6.569455581484362e-05,-0.04113857448101044,-0.8442511558532715,-0.03683410584926605,0.059458326548337936,-0.0027393256314098835,-0.05853264778852463,-0.01401189249008894,0.0004450082778930664,0.02564668469130993,-0.0016691733617335558,0.23958401381969452,0.0,0.0,-0.0047828578390181065,-0.22360318899154663,-0.04202538728713989,-0.2859002351760864,-0.1895642727613449,0.0027577197179198265,-0.2922228276729584,-0.5287817716598511,-1.4799902439117432,-46.55183029174805,-0.23853306472301483,0.30778634548187256,0.02750203013420105,-0.2392362654209137,0.28286832571029663,-0.25505924224853516,0.2053431272506714,11.095949172973633,11.471065521240234,10.828713417053223,13.189226150512695,-0.06286133080720901,-0.021464843302965164,0.03373046964406967,-0.03066406212747097,0.0,-0.08755342662334442,0.00664839381352067,0.041583746671676636,-0.04522977024316788,0.0,-0.05500919371843338,-0.5315327048301697,-9.921038627624512,-0.09979166090488434,-0.27711164951324463,-8.464208602905273,0.0,0.0,0.0,0.0,0.0,0.0,0.0,0.0,0.0,0.0,0.0,0.0,-0.08503623306751251,0.0015603078063577414,0.037144985049963,-0.04007691517472267,0.26002371311187744,0.27261003851890564,0.25995370745658875,0.3088017404079437,-2.502251148223877,-0.7408028244972229,0.09726017713546753,0.0,0.0,0.0,0.0,0.0,0.0,0.0
33046689898,0,0.02933187037706375,-0.034132663160562515,-0.8446961641311646,6.569455581484362e-05,-0.04113857448101044,-0.8442511558532715,-0.03683410584926605,0.059458326548337936,-0.0027393256314098835,-0.05853264778852463,-0.01401189249008894,0.0004450082778930664,0.02564668469130993,-0.0016691733617335558,0.23958401381969452,0.0,0.0,-0.0047828578390181065,-0.2747179865837097,-0.03527713567018509,-0.2827788293361664,-0.1895642727613449,0.0027577197179198265,-0.2922228276729584,-0.49848783016204834,-1.616675615310669,-46.71889114379883,-0.13279332220554352,0.2990058958530426,0.02721649408340454,-0.23930419981479645,0.28347939252853394,-0.25556594133377075,0.2078947275876999,11.293842315673828,11.681388854980469,10.729451179504395,13.047849655151367,-0.06439453363418579,-0.019931640475988388,0.03526367247104645,-0.032197266817092896,0.0,-0.08936546742916107,0.011576442047953606,0.04547093063592911,-0.050255659967660904,0.0,-0.05500919371843338,-0.5315327048301697,-9.921038627624512,-0.09979166090488434,-0.27711164951324463,-8.464208602905273,0.0,0.0,0.0,0.0,0.0,0.0,0.0,0.0,0.0,0.0,0.0,0.0,-0.08575897663831711,0.0031350464560091496,0.038430143147706985,-0.041565634310245514,0.2668440043926239,0.27444982528686523,0.25571274757385254,0.3010275363922119,-2.5394370555877686,0.12056049704551697,0.16109316051006317,0.0,0.0,0.0,0.0,0.0,0.0,0.0
33056676992,0,0.029294436797499657,-0.03367387130856514,-0.844571590423584,6.569455581484362e-05,-0.04113857448101044,-0.8442511558532715,-0.04278119280934334,0.0653960332274437,-4.8817790229804814e-05,-0.05845778062939644,-0.014929480850696564,0.0003204345703125,0.02038470283150673,-0.0019763517193496227,0.2343263328075409,0.0,0.0,-0.0047828578390181065,-0.29707083106040955,-0.03442228585481644,-0.2841129004955292,-0.14942628145217896,0.00936841405928135,-0.28622156381607056,-0.49848783016204834,-1.616675615310669,-46.71889114379883,-0.13279332220554352,0.2990058958530426,0.02721649408340454,-0.23930419981479645,0.28347939252853394,-0.25556594133377075,0.2078947275876999,11.293842315673828,11.681388854980469,10.729451179504395,13.047849655151367,-0.06439453363418579,-0.016865234822034836,0.036796875298023224,-0.03526367247104645,0.0,-0.08936546742916107,0.011576442047953606,0.04547093063592911,-0.050255659967660904,0.0,-0.35637906193733215,0.00604481203481555,-9.820770263671875,-0.09063415229320526,-0.29394102096557617,-8.494343757629395,0.0,0.0,0.0,0.0,0.0,0.0,0.0,0.0,0.0,0.0,0.0,0.0,-0.0866963341832161,0.00523984944447875,0.040182095021009445,-0.04366949200630188,0.2668440043926239,0.27444982528686523,0.25571274757385254,0.3010275363922119,-2.5452635288238525,0.11695428192615509,0.115455262362957,0.0,0.0,0.0,0.0,0.0,0.0,0.0
33067203104,0,0.029258575290441513,-0.033465784043073654,-0.844520092010498,6.569455581484362e-05,-0.04113857448101044,-0.8442511558532715,-0.04343695938587189,0.06067853793501854,0.002265694784000516,-0.05838605388998985,-0.015345657244324684,0.0002689361572265625,0.017203571274876595,-0.002228891709819436,0.23160766065120697,0.0,0.0,-0.0047828578390181065,-0.29707083106040955,-0.03442228585481644,-0.2841129004955292,-0.11254163086414337,0.015234261751174927,-0.2805798649787903,-0.4778252840042114,-1.5743403434753418,-46.839420318603516,-0.08274561166763306,0.30225130915641785,0.034062474966049194,-0.2393033802509308,0.28303012251853943,-0.25579699873924255,0.20905227959156036,11.327716827392578,11.847233772277832,10.61192798614502,13.087056159973145,-0.06592773646116257,-0.015332031063735485,0.038330078125,-0.038330078125,0.0,-0.08712350577116013,0.010767633095383644,0.04387392848730087,-0.04951869323849678,0.0,-0.35637906193733215,0.00604481203481555,-9.820770263671875,-0.08687732368707657,-0.2862437069416046,-8.516258239746094,0.0,0.0,0.0,0.0,0.0,0.0,0.0,0.0,0.0,0.0,0.0,0.0,-0.0875464379787445,0.007406978867948055,0.041945986449718475,-0.04588552191853523,0.26569730043411255,0.27979177236557007,0.25129982829093933,0.30352267622947693,-2.5452635288238525,0.11695428192615509,0.115455262362957,0.0,0.0,0.0,0.0,0.0,0.0,0.0
33076872898,0,0.029258575290441513,-0.033465784043073654,-0.844520092010498,6.569455581484362e-05,-0.04113857448101044,-0.8442511558532715,-0.04343695938587189,0.06067853793501854,0.002265694784000516,-0.05838605388998985,-0.015345657244324684,0.0002689361572265625,0.017203571274876595,-0.002228891709819436,0.23160766065120697,0.0,0.0,-0.0047828578390181065,-0.32618415355682373,-0.04591221734881401,-0.2815498411655426,-0.11254163086414337,0.015234261751174927,-0.2805798649787903,-0.4476819634437561,-1.638533115386963,-46.83015060424805,-0.00679352879524231,0.33368057012557983,0.030274853110313416,-0.23923403024673462,0.28099653124809265,-0.2564546465873718,0.21107646822929382,11.497248649597168,11.924538612365723,10.434178352355957,13.013052940368652,-0.06746093928813934,-0.013798828236758709,0.039863280951976776,-0.04139648377895355,0.0,-0.08688005805015564,0.013501344248652458,0.04578397795557976,-0.05236111208796501,0.0,-0.35637906193733215,0.00604481203481555,-9.820770263671875,-0.08687732368707657,-0.2862437069416046,-8.516258239746094,0.0,0.0,0.0,0.0,0.0,0.0,0.0,0.0,0.0,0.0,0.0,0.0,-0.08797867596149445,0.009256354533135891,0.04333103448152542,-0.047810930758714676,0.27083975076675415,0.27920597791671753,0.24986298382282257,0.30035531520843506,-1.580823540687561,-0.42796820402145386,0.25394293665885925,0.0,0.0,0.0,0.0,0.0,0.0,0.0
33086945176,0,0.029069900512695312,-0.03293829411268234,-0.8443458080291748,6.569455581484362e-05,-0.04113857448101044,-0.8442511558532715,-0.0468851700425148,0.061056386679410934,-0.002155471593141556,-0.05800870433449745,-0.016400642693042755,9.465217590332031e-05,0.008361990563571453,-0.0037881978787481785,0.2247351109981537,0.0,0.0,-0.0047828578390181065,-0.32618415355682373,-0.04591221734881401,-0.2815498411655426,-0.06778938323259354,0.027034036815166473,-0.27534088492393494,-0.43525245785713196,-1.6020904779434204,-46.68299102783203,-0.00679352879524231,0.33368057012557983,0.030274853110313416,-0.23923403024673462,0.28099653124809265,-0.2564546465873718,0.21107646822929382,11.501189231872559,11.924156188964844,10.363690376281738,12.935006141662598,-0.06746093928813934,-0.010732421651482582,0.04139648377895355,-0.044462889432907104,0.0,-0.08534225076436996,0.012789729982614517,0.04442664980888367,-0.05202006921172142,0.0,-0.10125800967216492,-0.04778110608458519,-10.14123249053955,-0.07913681119680405,-0.29128918051719666,-8.48781681060791,0.0,0.0,0.0,0.0,0.0,0.0,0.0,0.0,0.0,0.0,0.0,0.0,-0.08792881667613983,0.010790277272462845,0.04431411996483803,-0.04945064336061478,0.27083975076675415,0.27920597791671753,0.24986298382282257,0.30035531520843506,-1.580823540687561,-0.42796820402145386,0.25394293665885925,0.0,0.0,0.0,0.0,0.0,0.0,0.0
33096852611,0,0.029063334688544273,-0.032774705439805984,-0.8442880511283875,6.569455581484362e-05,-0.04113857448101044,-0.8442511558532715,-0.04890299215912819,0.06098643317818642,-0.004498262889683247,-0.057995572686195374,-0.01672782190144062,3.68952751159668e-05,0.005569200962781906,-0.004067725967615843,0.22249196469783783,0.0,0.0,-0.0047828578390181065,-0.32618415355682373,-0.04591221734881401,-0.2815498411655426,-0.045698653906583786,0.030293243005871773,-0.2726478576660156,-0.43525245785713196,-1.6020904779434204,-46.68299102783203,0.01830965280532837,0.33374306559562683,0.030154168605804443,-0.2391648143529892,0.27942508459091187,-0.25697246193885803,0.21221233904361725,11.501189231872559,11.924156188964844,10.363690376281738,12.935006141662598,-0.0705273449420929,-0.010732421651482582,0.04292968660593033,-0.04752929508686066,0.0,-0.08533569425344467,0.012796041555702686,0.044433917850255966,-0.052014242857694626,0.0,-0.27394798398017883,-0.09999564290046692,-10.142715454101562,-0.0749642550945282,-0.2928699254989624,-8.473081588745117,0.0,0.0,0.0,0.0,0.0,0.0,0.0,0.0,0.0,0.0,0.0,0.0,-0.08749763667583466,0.011946752667427063,0.04488132521510124,-0.05074666440486908,0.27091705799102783,0.27919864654541016,0.2484639286994934,0.2988465130329132,-1.580823540687561,-0.42796820402145386,0.25394293665885925,0.0,0.0,0.0,0.0,0.0,0.0,0.0
33106672376,0,0.029063334688544273,-0.032774705439805984,-0.8442880511283875,6.569455581484362e-05,-0.04113857448101044,-0.8442511558532715,-0.04890299215912819,0.06098643317818642,-0.004498262889683247,-0.057995572686195374,-0.01672782190144062,3.68952751159668e-05,0.005569200962781906,-0.004067725967615843,0.22249196469783783,0.0,0.0,-0.0047828578390181065,-0.33125534653663635,-0.037229910492897034,-0.27716392278671265,-0.045698653906583786,0.030293243005871773,-0.2726478576660156,-0.43525245785713196,-1.6020904779434204,-46.68299102783203,0.01830965280532837,0.33374306559562683,0.030154168605804443,-0.2391648143529892,0.27942508459091187,-0.25697246193885803,0.21221233904361725,11.501189231872559,11.924156188964844,10.363690376281738,12.935006141662598,-0.0705273449420929,-0.009199218824505806,0.04292968660593033,-0.04906250163912773,0.0,-0.08533569425344467,0.012796041555702686,0.044433917850255966,-0.052014242857694626,0.0,-0.014938625507056713,0.13057830929756165,-9.782801628112793,-0.0749642550945282,-0.2928699254989624,-8.473081588745117,0.0,0.0,0.0,0.0,0.0,0.0,0.0,0.0,0.0,0.0,0.0,0.0,-0.0868869423866272,0.012671948410570621,0.045077383518218994,-0.05161823704838753,0.27091705799102783,0.27919864654541016,0.2484639286994934,0.2988465130329132,-0.5778141617774963,0.24895116686820984,0.20359042286872864,0.0,0.0,0.0,0.0,0.0,0.0,0.0
33116887200,0,0.029023488983511925,-0.03248566389083862,-0.8441663980484009,6.569455581484362e-05,-0.04113857448101044,-0.8442511558532715,-0.0464024655520916,0.057560063898563385,-0.007015845272690058,-0.057915881276130676,-0.017305908724665642,-8.475780487060547e-05,-0.00020857826166320592,-0.004638577811419964,0.2175934761762619,0.0,0.0,-0.0047828578390181065,-0.331148624420166,-0.03676299750804901,-0.275314062833786,0.016398170962929726,0.04064036160707474,-0.26408499479293823,-0.4010067284107208,-1.6110819578170776,-46.49800491333008,0.06162744760513306,0.33243292570114136,0.03306804597377777,-0.23898544907569885,0.2758549749851227,-0.2578294575214386,0.21425369381904602,11.447623252868652,12.019927024841309,10.182019233703613,12.89452075958252,-0.0705273449420929,-0.006132812704890966,0.04292968660593033,-0.05059570446610451,0.0,-0.08493607491254807,0.013982187025249004,0.044368620961904526,-0.05334973707795143,0.0,-0.014938625507056713,0.13057830929756165,-9.782801628112793,-0.07775793969631195,-0.28670233488082886,-8.461843490600586,0.0,0.0,0.0,0.0,0.0,0.0,0.0,0.0,0.0,0.0,0.0,0.0,-0.0862819105386734,0.013106227852404118,0.04505205899477005,-0.05218157172203064,0.26986563205718994,0.2810688614845276,0.2448529452085495,0.2980636656284332,-0.2928082346916199,0.1088116392493248,0.2459816038608551,0.0,0.0,0.0,0.0,0.0,0.0,0.0
33127036510,0,0.029023488983511925,-0.03248566389083862,-0.8441663980484009,6.569455581484362e-05,-0.04113857448101044,-0.8442511558532715,-0.0464024655520916,0.057560063898563385,-0.007015845272690058,-0.057915881276130676,-0.017305908724665642,-8.475780487060547e-05,-0.00020857826166320592,-0.004638577811419964,0.2175934761762619,0.0,0.0,-0.0047828578390181065,-0.33217379450798035,-0.04839452728629112,-0.2703602612018585,0.016398170962929726,0.04064036160707474,-0.26408499479293823,-0.3548101782798767,-1.525769591331482,-46.72789001464844,0.12253764271736145,0.36360225081443787,0.028446614742279053,-0.23874051868915558,0.27144619822502136,-0.25901472568511963,0.21625709533691406,11.765130996704102,12.00779914855957,10.21518325805664,12.793654441833496,-0.07206054776906967,-0.004599609412252903,0.044462889432907104,-0.052128907293081284,0.0,-0.07865102589130402,0.012866665609180927,0.03969495743513107,-0.052667416632175446,0.0,-0.014938625507056713,0.13057830929756165,-9.782801628112793,-0.07775793969631195,-0.28670233488082886,-8.461843490600586,0.0,0.0,0.0,0.0,0.0,0.0,0.0,0.0,0.0,0.0,0.0,0.0,-0.0854644924402237,0.01337527111172676,0.044700901955366135,-0.052581097930669785,0.27608904242515564,0.28083208203315735,0.24551250040531158,0.29611122608184814,-0.11561253666877747,-0.40050792694091797,0.26836687326431274,0.0,0.0,0.0,0.0,0.0,0.0,0.0
33137137247,0,0.02898465096950531,-0.03230637311935425,-0.8440373539924622,6.569455581484362e-05,-0.04113857448101044,-0.8442511558532715,-0.05145920068025589,0.05111970379948616,-0.0033994270488619804,-0.05783820524811745,-0.017664490267634392,-0.00021380186080932617,-0.006402282509952784,-0.0056348745711147785,0.2125677466392517,0.0,0.0,-0.0047828578390181065,-0.3367338478565216,-0.0508505143225193,-0.26856309175491333,0.060653913766145706,0.05218791961669922,-0.25883111357688904,-0.3548101782798767,-1.525769591331482,-46.72789001464844,0.12253764271736145,0.36360225081443787,0.028446614742279053,-0.23874051868915558,0.27144619822502136,-0.25901472568511963,0.21625709533691406,11.866055488586426,12.099692344665527,10.192672729492188,12.812127113342285,-0.07206054776906967,-0.003066406352445483,0.04599609225988388,-0.05366211012005806,0.0,-0.07798071950674057,0.012768947519361973,0.039782676845788956,-0.05259140953421593,0.0,0.06485790014266968,0.06415658444166183,-10.056736946105957,-0.06451094150543213,-0.27741265296936035,-8.495980262756348,0.0,0.0,0.0,0.0,0.0,0.0,0.0,0.0,0.0,0.0,0.0,0.0,-0.08406423032283783,0.013460692018270493,0.04382411390542984,-0.052821483463048935,0.27608904242515564,0.28083208203315735,0.24551250040531158,0.29611122608184814,-0.2702741324901581,-0.3339863717556,0.17864999175071716,0.0,0.0,0.0,0.0,0.0,0.0,0.0
33146738795,0,0.02897028625011444,-0.03226247802376747,-0.8439687490463257,6.569455581484362e-05,-0.04113857448101044,-0.8442511558532715,-0.049731384962797165,0.0433523990213871,0.0008803713717497885,-0.05780947580933571,-0.017752282321453094,-0.0002824068069458008,-0.009693382307887077,-0.006147247273474932,0.210018590092659,0.0,0.0,-0.0047828578390181065,-0.3367338478565216,-0.0508505143225193,-0.26856309175491333,0.08388961106538773,0.057917848229408264,-0.2561306357383728,-0.3540075421333313,-1.4397629499435425,-46.915687561035156,0.15467733144760132,0.3719431161880493,0.02876099944114685,-0.23858630657196045,0.2686488628387451,-0.259834885597229,0.2173631489276886,11.866055488586426,12.099692344665527,10.192672729492188,12.812127113342285,-0.07206054776906967,-0.003066406352445483,0.04599609225988388,-0.05366211012005806,0.0,-0.07537242025136948,0.010292972438037395,0.03678577020764351,-0.05022397264838219,0.0,0.06485790014266968,0.06415658444166183,-10.056736946105957,-0.06436500698328018,-0.26177507638931274,-8.53012466430664,0.0,0.0,0.0,0.0,0.0,0.0,0.0,0.0,0.0,0.0,0.0,0.0,-0.08216358721256256,0.013265342451632023,0.042504843324422836,-0.052791547030210495,0.27806326746940613,0.2826249897480011,0.2450648844242096,0.2964688837528229,-0.2702741324901581,-0.3339863717556,0.17864999175071716,0.0,0.0,0.0,0.0,0.0,0.0,0.0
33157235624,0,0.02897028625011444,-0.03226247802376747,-0.8439687490463257,6.569455581484362e-05,-0.04113857448101044,-0.8442511558532715,-0.049731384962797165,0.0433523990213871,0.0008803713717497885,-0.05761171132326126,-0.017980635166168213,-0.000471651554107666,-0.009693382307887077,-0.006147247273474932,0.210018590092659,0.0,0.0,-0.0047828578390181065,-0.329936683177948,-0.04514015465974808,-0.26646891236305237,0.08388961106538773,0.057917848229408264,-0.2561306357383728,-0.3540075421333313,-1.4397629499435425,-46.915687561035156,0.15467733144760132,0.3719431161880493,0.02876099944114685,-0.23858630657196045,0.2686488628387451,-0.259834885597229,0.2173631489276886,11.866055488586426,12.099692344665527,10.192672729492188,12.812127113342285,-0.07206054776906967,-0.0015332031762227416,0.04599609225988388,-0.055195312947034836,0.0,-0.07537242025136948,0.010292972438037395,0.03678577020764351,-0.05022397264838219,0.0,-0.24105654656887054,-0.2666794955730438,-9.601286888122559,-0.05162271112203598,-0.24809026718139648,-8.550808906555176,0.0,0.0,0.0,0.0,0.0,0.0,0.0,0.0,0.0,0.0,0.0,0.0,-0.08009599894285202,0.012735003605484962,0.04093893617391586,-0.052412249147892,0.27806326746940613,0.2826249897480011,0.2450648844242096,0.2964688837528229,0.18584732711315155,0.00366966612637043,0.08171375840902328,0.0,0.0,0.0,0.0,0.0,0.0,0.0
33166690158,0,0.028871405869722366,-0.03214830160140991,-0.8437795042991638,6.569455581484362e-05,-0.04113857448101044,-0.8442511558532715,-0.05399418994784355,0.03506896272301674,0.0037572933360934258,-0.05761171132326126,-0.017980635166168213,-0.000471651554107666,-0.01848747581243515,-0.007688790559768677,0.20270490646362305,0.0,0.0,-0.0047828578390181065,-0.329936683177948,-0.04514015465974808,-0.26646891236305237,0.14430873095989227,0.06717091053724289,-0.24881616234779358,-0.2878834903240204,-1.3747098445892334,-47.061031341552734,0.19377091526985168,0.3714859187602997,0.030073925852775574,-0.23826143145561218,0.2627096474170685,-0.26143771409988403,0.2193315178155899,11.929235458374023,12.230661392211914,10.138551712036133,12.8212308883667,-0.07206054776906967,-0.0015332031762227416,0.04599609225988388,-0.05366211012005806,0.0,-0.07104462385177612,0.010242572985589504,0.03243987634778023,-0.0501902773976326,0.0,-0.06632276624441147,-0.16696837544441223,-9.744928359985352,-0.05162271112203598,-0.24809026718139648,-8.550808906555176,0.0,0.0,0.0,0.0,0.0,0.0,0.0,0.0,0.0,0.0,0.0,0.0,-0.07800785452127457,0.012021228671073914,0.039201945066452026,-0.05182035639882088,0.27929794788360596,0.28517743945121765,0.24398791790008545,0.29664504528045654,0.18584732711315155,0.00366966612637043,0.08171375840902328,0.0,0.0,0.0,0.0,0.0,0.0,0.0
33176732554,0,0.028871405869722366,-0.03214830160140991,-0.8437795042991638,6.569455581484362e-05,-0.04113857448101044,-0.8442511558532715,-0.05399418994784355,0.03506896272301674,0.0037572933360934258,-0.05761171132326126,-0.017980635166168213,-0.000471651554107666,-0.01848747581243515,-0.007688790559768677,0.20270490646362305,0.0,0.0,-0.0047828578390181065,-0.31376874446868896,-0.060623180121183395,-0.26582908630371094,0.14430873095989227,0.06717091053724289,-0.24881616234779358,-0.2887100875377655,-1.3275493383407593,-46.939208984375,0.2383352518081665,0.41232749819755554,0.03359957039356232,-0.23785363137722015,0.2555227279663086,-0.263652503490448,0.22128507494926453,11.941302299499512,12.294807434082031,9.88991641998291,12.873539924621582,-0.07206054776906967,0.0,0.04599609225988388,-0.05366211012005806,0.0,-0.06956025958061218,0.008845199830830097,0.031643304973840714,-0.048632197082042694,0.0,-0.06632276624441147,-0.16696837544441223,-9.744928359985352,-0.05162271112203598,-0.24809026718139648,-8.550808906555176,0.0,0.0,0.0,0.0,0.0,0.0,0.0,0.0,0.0,0.0,0.0,0.0,-0.07582715153694153,0.011279836297035217,0.037263624370098114,-0.05115813761949539,0.27953362464904785,0.2864263653755188,0.23903228342533112,0.2976576089859009,0.5387111306190491,-0.5397308468818665,-0.001692729420028627,0.0,0.0,0.0,0.0,0.0,0.0,0.0
33186925033,0,0.028689518570899963,-0.03223443776369095,-0.8436416983604431,6.569455581484362e-05,-0.04113857448101044,-0.8442511558532715,-0.049347762018442154,0.028101086616516113,-0.0016280467389151454,-0.057247936725616455,-0.01780836284160614,-0.0006094574928283691,-0.023733869194984436,-0.009442099370062351,0.19802096486091614,0.0,0.0,-0.0047828578390181065,-0.31376874446868896,-0.060623180121183395,-0.26582908630371094,0.18547633290290833,0.08265451341867447,-0.24314364790916443,-0.2887100875377655,-1.3275493383407593,-46.939208984375,0.2383352518081665,0.41232749819755554,0.03359957039356232,-0.23785363137722015,0.2555227279663086,-0.263652503490448,0.22128507494926453,11.941302299499512,12.294807434082031,9.88991641998291,12.873539924621582,-0.07206054776906967,0.0,0.04599609225988388,-0.05366211012005806,0.0,-0.06956025958061218,0.008845199830830097,0.031643304973840714,-0.048632197082042694,0.0,-0.38394895195961,-0.5069162249565125,-9.869682312011719,-0.05667440965771675,-0.2328193187713623,-8.508111000061035,0.0,0.0,0.0,0.0,0.0,0.0,0.0,0.0,0.0,0.0,0.0,0.0,-0.07366672158241272,0.01053041685372591,0.03530997782945633,-0.05043822526931763,0.27953362464904785,0.2864263653755188,0.23903228342533112,0.2976576089859009,0.5387111306190491,-0.5397308468818665,-0.001692729420028627,0.0,0.0,0.0,0.0,0.0,0.0,0.0
33196732522,0,0.0286045391112566,-0.0323280394077301,-0.8435924053192139,6.569455581484362e-05,-0.04113857448101044,-0.8442511558532715,-0.046324342489242554,0.024795761331915855,-0.004649550188332796,-0.05707797780632973,-0.017621157690882683,-0.0006587505340576172,-0.026404086500406265,-0.010154640302062035,0.19556327164173126,0.0,0.0,-0.0047828578390181065,-0.30864885449409485,-0.06182564049959183,-0.26712703704833984,0.21576271951198578,0.0880713015794754,-0.23872801661491394,-0.3117092549800873,-1.2805062532424927,-46.79460906982422,0.2409892976284027,0.4146682918071747,0.036097973585128784,-0.23779021203517914,0.254433810710907,-0.2640296518802643,0.22153659164905548,11.849857330322266,12.321861267089844,9.783791542053223,12.89914321899414,-0.0705273449420929,0.0015332031762227416,0.044462889432907104,-0.05366211012005806,0.0,-0.0693729892373085,0.006821569986641407,0.0311244148761034,-0.04660826548933983,0.0,-0.38394895195961,-0.5069162249565125,-9.869682312011719,-0.06065622717142105,-0.22513827681541443,-8.485748291015625,0.0,0.0,0.0,0.0,0.0,0.0,0.0,0.0,0.0,0.0,0.0,0.0,-0.07183779776096344,0.009757520630955696,0.03364861011505127,-0.04965752735733986,0.27953362464904785,0.2864263653755188,0.23903228342533112,0.2976576089859009,0.7420804500579834,-0.5195362567901611,-0.07658746838569641,0.0,0.0,0.0,0.0,0.0,0.0,0.0
33208818328,0,0.0286045391112566,-0.0323280394077301,-0.8435924053192139,6.569455581484362e-05,-0.04113857448101044,-0.8442511558532715,-0.046324342489242554,0.024795761331915855,-0.004649550188332796,-0.05707797780632973,-0.017621157690882683,-0.0006587505340576172,-0.026404086500406265,-0.010154640302062035,0.19556327164173126,0.0,0.0,-0.0047828578390181065,-0.2858240008354187,-0.05232875049114227,-0.2676735520362854,0.21576271951198578,0.0880713015794754,-0.23872801661491394,-0.3117092549800873,-1.2805062532424927,-46.79460906982422,0.2409892976284027,0.4146682918071747,0.036097973585128784,-0.23779021203517914,0.254433810710907,-0.2640296518802643,0.22153659164905548,11.849857330322266,12.321861267089844,9.783791542053223,12.89914321899414,-0.0705273449420929,0.0015332031762227416,0.044462889432907104,-0.05366211012005806,0.0,-0.0693729892373085,0.006821569986641407,0.0311244148761034,-0.04660826548933983,0.0,-0.38394895195961,-0.5069162249565125,-9.869682312011719,-0.06065622717142105,-0.22513827681541443,-8.485748291015625,0.0,0.0,0.0,0.0,0.0,0.0,0.0,0.0,0.0,0.0,0.0,0.0,-0.07049212604761124,0.008928990922868252,0.03238968178629875,-0.04880426079034805,0.2777464687824249,0.2869528532028198,0.23691323399543762,0.29815298318862915,0.7346056699752808,0.09205486625432968,0.09596969187259674,0.0,0.0,0.0,0.0,0.0,0.0,0.0
33216688707,0,0.02847643569111824,-0.032603371888399124,-0.8435459136962891,6.569455581484362e-05,-0.04113857448101044,-0.8442511558532715,-0.043476399034261703,0.02518894150853157,-0.00934966653585434,-0.05682176724076271,-0.01707049086689949,-0.0007052421569824219,-0.03095650114119053,-0.011291475966572762,0.19081535935401917,0.0,0.0,-0.0047828578390181065,-0.2858240008354187,-0.05232875049114227,-0.2676735520362854,0.258736789226532,0.10047505050897598,-0.23323482275009155,-0.35047459602355957,-1.2382973432540894,-46.558013916015625,0.2761521339416504,0.417991578578949,0.03798238933086395,-0.2373356968164444,0.2447127103805542,-0.2672587037086487,0.2233363837003708,11.801753044128418,12.359749794006348,9.619205474853516,12.837162017822266,-0.0705273449420929,0.0,0.044462889432907104,-0.052128907293081284,0.0,-0.06951083987951279,0.004524310119450092,0.03158188611268997,-0.04456247761845589,0.0,-0.06756895780563354,-0.6493116021156311,-10.035575866699219,-0.06523233652114868,-0.22441348433494568,-8.454885482788086,0.0,0.0,0.0,0.0,0.0,0.0,0.0,0.0,0.0,0.0,0.0,0.0,-0.06963015347719193,0.00802665576338768,0.03155815228819847,-0.04788501560688019,0.27680566906929016,0.2876899242401123,0.23362194001674652,0.29695361852645874,0.7346056699752808,0.09205486625432968,0.09596969187259674,0.0,0.0,0.0,0.0,0.0,0.0,0.0
33226832584,0,0.02847643569111824,-0.032603371888399124,-0.8435459136962891,6.569455581484362e-05,-0.04113857448101044,-0.8442511558532715,-0.043476399034261703,0.02518894150853157,-0.00934966653585434,-0.05682176724076271,-0.01707049086689949,-0.0007052421569824219,-0.03095650114119053,-0.011291475966572762,0.19081535935401917,0.0,0.0,-0.0047828578390181065,-0.2618251144886017,-0.052403368055820465,-0.2591547966003418,0.258736789226532,0.10047505050897598,-0.23323482275009155,-0.3128166198730469,-1.2058734893798828,-46.4474983215332,0.3091736435890198,0.4336331784725189,0.032175660133361816,-0.236772820353508,0.23584789037704468,-0.2703016698360443,0.22480665147304535,11.992487907409668,12.213906288146973,9.661602020263672,12.636523246765137,-0.0705273449420929,0.0,0.04292968660593033,-0.05366211012005806,0.0,-0.06628162413835526,0.004779938142746687,0.028940878808498383,-0.045368630439043045,0.0,-0.06756895780563354,-0.6493116021156311,-10.035575866699219,-0.06523233652114868,-0.22441348433494568,-8.454885482788086,0.0,0.0,0.0,0.0,0.0,0.0,0.0,0.0,0.0,0.0,0.0,0.0,-0.06902887672185898,0.007054368034005165,0.031010637059807777,-0.04695139080286026,0.2805332839488983,0.2848511338233948,0.23447030782699585,0.2930658459663391,0.9844910502433777,0.10056264698505402,0.3212256133556366,0.0,0.0,0.0,0.0,0.0,0.0,0.0
33236912140,0,0.027944324538111687,-0.03279085457324982,-0.8435817956924438,6.569455581484362e-05,-0.04113857448101044,-0.8442511558532715,-0.04580087214708328,0.022059155628085136,-0.01136665791273117,-0.055757541209459305,-0.016695523634552956,-0.0006693601608276367,-0.035301197320222855,-0.012470790185034275,0.18621139228343964,0.0,0.0,-0.0047828578390181065,-0.2445349395275116,-0.04629123583436012,-0.2582034766674042,0.29304128885269165,0.11193375289440155,-0.22792580723762512,-0.3128166198730469,-1.2058734893798828,-46.4474983215332,0.3091736435890198,0.4336331784725189,0.032175660133361816,-0.236772820353508,0.23584789037704468,-0.2703016698360443,0.22480665147304535,11.992487907409668,12.213906288146973,9.661602020263672,12.636523246765137,-0.0705273449420929,-0.0015332031762227416,0.04139648377895355,-0.05366211012005806,0.0,-0.06628162413835526,0.004779938142746687,0.028940878808498383,-0.045368630439043045,0.0,-0.15438981354236603,-0.17507310211658478,-10.120532035827637,-0.05687575042247772,-0.21924972534179688,-8.444999694824219,0.0,0.0,0.0,0.0,0.0,0.0,0.0,0.0,0.0,0.0,0.0,0.0,-0.06837518513202667,0.006144697777926922,0.03048127144575119,-0.04616297036409378,0.2805332839488983,0.2848511338233948,0.23447030782699585,0.2930658459663391,1.2702690362930298,0.3614184856414795,0.2437608242034912,0.0,0.0,0.0,0.0,0.0,0.0,0.0
33247148086,0,0.027246445417404175,-0.03299740329384804,-0.843702495098114,6.569455581484362e-05,-0.04113857448101044,-0.8442511558532715,-0.044812869280576706,0.009688202291727066,-0.01629333198070526,-0.054361775517463684,-0.016282424330711365,-0.0005486607551574707,-0.03946593031287193,-0.013233830220997334,0.1814545840024948,0.0,0.0,-0.0047828578390181065,-0.22162935137748718,-0.04229351133108139,-0.2586267590522766,0.3095833659172058,0.11682195216417313,-0.22307175397872925,-0.2745221257209778,-1.1311544179916382,-46.2913703918457,0.3003089129924774,0.42839133739471436,0.03592728078365326,-0.23646965622901917,0.2312736213207245,-0.2718907594680786,0.22553709149360657,11.837182998657227,12.2634916305542,9.550766944885254,12.696541786193848,-0.06899414211511612,-0.0015332031762227416,0.04139648377895355,-0.052128907293081284,0.0,-0.06374191492795944,0.0037373618688434362,0.025126218795776367,-0.04411272704601288,0.0,-0.15438981354236603,-0.17507310211658478,-10.120532035827637,-0.050989121198654175,-0.19495289027690887,-8.408860206604004,0.0,0.0,0.0,0.0,0.0,0.0,0.0,0.0,0.0,0.0,0.0,0.0,-0.06755021214485168,0.005397378467023373,0.029760705307126045,-0.045570701360702515,0.2774985730648041,0.2858167886734009,0.23225152492523193,0.294229656457901,1.617113471031189,0.37656787037849426,0.12203212827444077,0.0,0.0,0.0,0.0,0.0,0.0,0.0
33257144714,0,0.027246445417404175,-0.03299740329384804,-0.843702495098114,6.569455581484362e-05,-0.04113857448101044,-0.8442511558532715,-0.044812869280576706,0.009688202291727066,-0.01629333198070526,-0.054361775517463684,-0.016282424330711365,-0.0005486607551574707,-0.03946593031287193,-0.013233830220997334,0.1814545840024948,0.0,0.0,-0.0047828578390181065,-0.192995086312294,-0.03774277865886688,-0.2578282058238983,0.3095833659172058,0.11682195216417313,-0.22307175397872925,-0.25422388315200806,-1.0067412853240967,-46.17531967163086,0.283849835395813,0.43187522888183594,0.03840222954750061,-0.23586751520633698,0.2227919101715088,-0.27490273118019104,0.22678589820861816,11.725933074951172,12.266047477722168,9.479462623596191,12.760139465332031,-0.06899414211511612,-0.003066406352445483,0.039863280951976776,-0.052128907293081284,0.0,-0.05991988629102707,0.0007889527478255332,0.01998567022383213,-0.04095400497317314,0.0,-0.15438981354236603,-0.17507310211658478,-10.120532035827637,-0.050989121198654175,-0.19495289027690887,-8.408860206604004,0.0,0.0,0.0,0.0,0.0,0.0,0.0,0.0,0.0,0.0,0.0,0.0,-0.06638257950544357,0.004635599907487631,0.028489969670772552,-0.0449225977063179,0.2774985730648041,0.2858167886734009,0.23225152492523193,0.294229656457901,2.1028249263763428,0.43495529890060425,0.07381674647331238,0.0,0.0,0.0,0.0,0.0,0.0,0.0
33266946409,0,0.026537375524640083,-0.03329036384820938,-0.8438888788223267,6.569455581484362e-05,-0.04113857448101044,-0.8442511558532715,-0.04702325165271759,0.001061523798853159,-0.02038377709686756,-0.052943628281354904,-0.01569649949669838,-0.0003622770309448242,-0.0426403172314167,-0.014003061689436436,0.17705956101417542,0.0,0.0,-0.0047828578390181065,-0.192995086312294,-0.03774277865886688,-0.2578282058238983,0.3346748948097229,0.12357927858829498,-0.21774983406066895,-0.25422388315200806,-1.0067412853240967,-46.17531967163086,0.283849835395813,0.43187522888183594,0.03840222954750061,-0.23586751520633698,0.2227919101715088,-0.27490273118019104,0.22678589820861816,11.725933074951172,12.266047477722168,9.479462623596191,12.760139465332031,-0.06746093928813934,-0.0015332031762227416,0.039863280951976776,-0.052128907293081284,0.0,-0.05991988629102707,0.0007889527478255332,0.01998567022383213,-0.04095400497317314,0.0,-0.464926153421402,0.006163912359625101,-10.187790870666504,-0.04026518762111664,-0.1787176877260208,-8.380233764648438,0.0,0.0,0.0,0.0,0.0,0.0,0.0,0.0,0.0,0.0,0.0,0.0,-0.06479210406541824,0.0036871524062007666,0.02653287723660469,-0.044017255306243896,0.27532196044921875,0.28586655855178833,0.23082269728183746,0.29546213150024414,2.1028249263763428,0.43495529890060425,0.07381674647331238,0.0,0.0,0.0,0.0,0.0,0.0,0.0
33276696055,0,0.026194162666797638,-0.03345338627696037,-0.8440014123916626,6.569455581484362e-05,-0.04113857448101044,-0.8442511558532715,-0.04729832336306572,-0.005293317139148712,-0.02321561984717846,-0.052257198840379715,-0.015370453707873821,-0.0002497434616088867,-0.04362460598349571,-0.014187028631567955,0.17480550706386566,0.0,0.0,-0.0047828578390181065,-0.15929286181926727,-0.029594339430332184,-0.2587369978427887,0.3346748948097229,0.12357927858829498,-0.21774983406066895,-0.2214585244655609,-0.9829472899436951,-46.091285705566406,0.2571447789669037,0.4251081347465515,0.04151830077171326,-0.23552247881889343,0.2183750867843628,-0.27652567625045776,0.2274109125137329,11.574971199035645,12.292590141296387,9.431731224060059,12.847597122192383,-0.06746093928813934,0.0,0.039863280951976776,-0.052128907293081284,0.0,-0.05893918126821518,0.0010757893323898315,0.01800605095922947,-0.04089294373989105,0.0,-0.464926153421402,0.006163912359625101,-10.187790870666504,-0.03589308261871338,-0.1662472039461136,-8.358970642089844,0.0,0.0,0.0,0.0,0.0,0.0,0.0,0.0,0.0,0.0,0.0,0.0,-0.06306558847427368,0.002699129981920123,0.02427089773118496,-0.043003927916288376,0.2723643183708191,0.2863832712173462,0.2298656851053238,0.29715555906295776,2.6268398761749268,0.6183044910430908,-0.06279490888118744,0.0,0.0,0.0,0.0,0.0,0.0,0.0
33286844792,0,0.026194162666797638,-0.03345338627696037,-0.8440014123916626,6.569455581484362e-05,-0.04113857448101044,-0.8442511558532715,-0.04729832336306572,-0.005293317139148712,-0.02321561984717846,-0.052257198840379715,-0.015370453707873821,-0.0002497434616088867,-0.04362460598349571,-0.014187028631567955,0.17480550706386566,0.0,0.0,-0.0047828578390181065,-0.11211453378200531,-0.00756886787712574,-0.260256290435791,0.3424953818321228,0.12517113983631134,-0.2150319516658783,-0.2214585244655609,-0.9829472899436951,-46.091285705566406,0.2571447789669037,0.4251081347465515,0.04151830077171326,-0.23552247881889343,0.2183750867843628,-0.27652567625045776,0.2274109125137329,11.574971199035645,12.292590141296387,9.431731224060059,12.847597122192383,-0.06746093928813934,0.0,0.039863280951976776,-0.05059570446610451,0.0,-0.05893918126821518,0.0010757893323898315,0.01800605095922947,-0.04089294373989105,0.0,-0.16808822751045227,0.3020937442779541,-9.66407585144043,-0.03589308261871338,-0.1662472039461136,-8.358970642089844,0.0,0.0,0.0,0.0,0.0,0.0,0.0,0.0,0.0,0.0,0.0,0.0,-0.061500273644924164,0.0019004257628694177,0.022093718871474266,-0.04211884364485741,0.2723643183708191,0.2863832712173462,0.2298656851053238,0.29715555906295776,2.5651140213012695,1.038502812385559,-0.14130745828151703,0.0,0.0,0.0,0.0,0.0,0.0,0.0
33296953708,0,0.025487365201115608,-0.03383569419384003,-0.8442776799201965,6.569455581484362e-05,-0.04113857448101044,-0.8442511558532715,-0.042625438421964645,-0.022405052557587624,-0.02803838811814785,-0.05084359645843506,-0.014605834148824215,2.6524066925048828e-05,-0.04533145949244499,-0.014328309334814548,0.17038129270076752,0.0,0.0,-0.0047828578390181065,-0.11211453378200531,-0.00756886787712574,-0.260256290435791,0.3513948619365692,0.12808263301849365,-0.20785211026668549,-0.17292506992816925,-0.8349615335464478,-45.8695182800293,0.22387385368347168,0.4024733603000641,0.04743558168411255,-0.23483926057815552,0.21058395504951477,-0.2792970538139343,0.2283550351858139,11.283135414123535,12.369194030761719,9.314141273498535,12.955078125,-0.06592773646116257,0.0,0.038330078125,-0.05059570446610451,0.0,-0.05423152074217796,-0.0017135180532932281,0.010852704755961895,-0.03777991235256195,0.0,-0.16808822751045227,0.3020937442779541,-9.66407585144043,-0.03603152558207512,-0.130537748336792,-8.320977210998535,0.0,0.0,0.0,0.0,0.0,0.0,0.0,0.0,0.0,0.0,0.0,0.0,-0.0600406639277935,0.0012267696438357234,0.019938671961426735,-0.04131372272968292,0.26663342118263245,0.28787365555763245,0.22750583291053772,0.2992348074913025,2.5651140213012695,1.038502812385559,-0.14130745828151703,0.0,0.0,0.0,0.0,0.0,0.0,0.0
33306860912,0,0.025487365201115608,-0.03383569419384003,-0.8442776799201965,6.569455581484362e-05,-0.04113857448101044,-0.8442511558532715,-0.042625438421964645,-0.022405052557587624,-0.02803838811814785,-0.04936337098479271,-0.014093328267335892,0.0003343820571899414,-0.04533145949244499,-0.014328309334814548,0.17038129270076752,0.0,0.0,-0.0047828578390181065,-0.05246236175298691,0.012197851203382015,-0.26669517159461975,0.3513948619365692,0.12808263301849365,-0.20785211026668549,-0.19100907444953918,-0.5919510126113892,-45.629608154296875,0.17721502482891083,0.3850387930870056,0.05763725936412811,-0.23409180343151093,0.21058395504951477,-0.2792970538139343,0.2283550351858139,10.865286827087402,12.521502494812012,9.09970474243164,13.193218231201172,-0.06286133080720901,0.0,0.036796875298023224,-0.04906250163912773,0.0,-0.04891519993543625,-0.009000096470117569,0.0024583847261965275,-0.03003525175154209,0.0,-0.16808822751045227,0.3020937442779541,-9.66407585144043,-0.034728921949863434,-0.10762745887041092,-8.296292304992676,0.0,0.0,0.0,0.0,0.0,0.0,0.0,0.0,0.0,0.0,0.0,0.0,-0.058222781866788864,0.0001454270095564425,0.017144937068223953,-0.04005200043320656,0.26663342118263245,0.28787365555763245,0.22750583291053772,0.2992348074913025,2.8167896270751953,0.9884081482887268,-0.3883621394634247,0.0,0.0,0.0,0.0,0.0,0.0,0.0
33316728000,0,0.024747256189584732,-0.03409194573760033,-0.8445855379104614,6.569455581484362e-05,-0.04113857448101044,-0.8442511558532715,-0.0398530513048172,-0.033508554100990295,-0.031541790813207626,-0.04936337098479271,-0.014093328267335892,0.0003343820571899414,-0.04576530680060387,-0.014354301616549492,0.165797621011734,0.0,0.0,-0.0047828578390181065,-0.020997704938054085,0.02652137167751789,-0.27241069078445435,0.35621190071105957,0.1253768503665924,-0.20180565118789673,-0.15168213844299316,-0.594204306602478,-45.662147521972656,0.14907270669937134,0.3668651580810547,0.06494052708148956,-0.23365749418735504,0.20329134166240692,-0.2817438840866089,0.22900530695915222,10.618797302246094,12.697065353393555,8.99658489227295,13.398234367370605,-0.06132812425494194,-0.0015332031762227416,0.03373046964406967,-0.05059570446610451,0.0,-0.0487712025642395,-0.007680614944547415,0.0010820942698046565,-0.030637986958026886,0.0,-0.18476168811321259,-0.025751637294888496,-10.003165245056152,-0.034728921949863434,-0.10762745887041092,-8.296292304992676,0.0,0.0,0.0,0.0,0.0,0.0,0.0,0.0,0.0,0.0,0.0,0.0,-0.0558498315513134,-0.0016769752837717533,0.013384630903601646,-0.03796818479895592,0.25839781761169434,0.2908335030078888,0.2231946587562561,0.3038334548473358,2.962158679962158,1.1681560277938843,-0.5229687690734863,0.0,0.0,0.0,0.0,0.0,0.0,0.0
33326854149,0,0.024747256189584732,-0.03409194573760033,-0.8445855379104614,6.569455581484362e-05,-0.04113857448101044,-0.8442511558532715,-0.0398530513048172,-0.033508554100990295,-0.031541790813207626,-0.04850906878709793,-0.013768726959824562,0.0004987120628356934,-0.04576530680060387,-0.014354301616549492,0.165797621011734,0.0,0.0,-0.0047828578390181065,-0.020997704938054085,0.02652137167751789,-0.27241069078445435,0.35621190071105957,0.1253768503665924,-0.20180565118789673,-0.15168213844299316,-0.594204306602478,-45.662147521972656,0.14907270669937134,0.3668651580810547,0.06494052708148956,-0.23365749418735504,0.19965693354606628,-0.2828890085220337,0.2291441559791565,10.618797302246094,12.697065353393555,8.99658489227295,13.398234367370605,-0.059794921427965164,-0.003066406352445483,0.03373046964406967,-0.05059570446610451,0.0,-0.0487712025642395,-0.007680614944547415,0.0010820942698046565,-0.030637986958026886,0.0,-0.18476168811321259,-0.025751637294888496,-10.003165245056152,-0.02757856994867325,-0.10803714394569397,-8.30220890045166,0.0,0.0,0.0,0.0,0.0,0.0,0.0,0.0,0.0,0.0,0.0,0.0,-0.0533832311630249,-0.003741959575563669,0.00932860467582941,-0.035562913864851,0.2535228431224823,0.29423987865448,0.2211180478334427,0.3077838718891144,2.962158679962158,1.1681560277938843,-0.5229687690734863,0.0,0.0,0.0,0.0,0.0,0.0,0.0
33336967472,0,0.024320106953382492,-0.03425424546003342,-0.8447498679161072,6.569455581484362e-05,-0.04113857448101044,-0.8442511558532715,-0.04262826219201088,-0.03355611488223076,-0.031142594292759895,-0.04850906878709793,-0.013768726959824562,0.0004987120628356934,-0.04540661722421646,-0.014062580652534962,0.1632559597492218,0.0,0.0,-0.0047828578390181065,0.029946627095341682,0.04641791060566902,-0.276202917098999,0.3573535084724426,0.1221790611743927,-0.1988140344619751,-0.15168213844299316,-0.594204306602478,-45.662147521972656,0.14907270669937134,0.3668651580810547,0.06494052708148956,-0.23365749418735504,0.19965693354606628,-0.2828890085220337,0.2291441559791565,10.618797302246094,12.697065353393555,8.99658489227295,13.398234367370605,-0.05826171860098839,-0.003066406352445483,0.032197266817092896,-0.04906250163912773,0.0,-0.0487712025642395,-0.007680614944547415,0.0010820942698046565,-0.030637986958026886,0.0,0.05143400654196739,0.15193770825862885,-9.495057106018066,-0.02757856994867325,-0.10803714394569397,-8.30220890045166,0.0,0.0,0.0,0.0,0.0,0.0,0.0,0.0,0.0,0.0,0.0,0.0,-0.05131908133625984,-0.005484332796186209,0.005812095943838358,-0.03347119316458702,0.2535228431224823,0.29423987865448,0.2211180478334427,0.3077838718891144,2.6995418071746826,1.0096096992492676,-0.3437229096889496,0.0,0.0,0.0,0.0,0.0,0.0,0.0
33346920396,0,0.023167725652456284,-0.03473019227385521,-0.8452852964401245,6.569455581484362e-05,-0.04113857448101044,-0.8442511558532715,-0.03960777819156647,-0.04333694651722908,-0.021723803132772446,-0.04620429500937462,-0.012816828675568104,0.0010341405868530273,-0.04373753443360329,-0.012970572337508202,0.1555211842060089,0.0,0.0,-0.0047828578390181065,0.029946627095341682,0.04641791060566902,-0.276202917098999,0.34418579936027527,0.1142120510339737,-0.19194169342517853,-0.15939658880233765,-0.556675136089325,-45.927467346191406,0.10124048590660095,0.34369608759880066,0.06937022507190704,-0.2327754944562912,0.19355148077011108,-0.28462496399879456,0.22905926406383514,10.460139274597168,12.83772087097168,9.061927795410156,13.610957145690918,-0.05672851577401161,-0.0015332031762227416,0.029130859300494194,-0.04752929508686066,0.0,-0.048410847783088684,-0.008767843246459961,1.6857424270710908e-05,-0.028912803158164024,0.0,-0.10750127583742142,-0.051874443888664246,-9.437783241271973,-0.026290757581591606,-0.08571761846542358,-8.370237350463867,0.0,0.0,0.0,0.0,0.0,0.0,0.0,0.0,0.0,0.0,0.0,0.0,-0.04981712996959686,-0.006796682719141245,0.003160678781569004,-0.03184007480740547,0.2503781318664551,0.29696449637413025,0.22243425250053406,0.31187424063682556,2.6995418071746826,1.0096096992492676,-0.3437229096889496,0.0,0.0,0.0,0.0,0.0,0.0,0.0
33357091661,0,0.023167725652456284,-0.03473019227385521,-0.8452852964401245,6.569455581484362e-05,-0.04113857448101044,-0.8442511558532715,-0.03960777819156647,-0.04333694651722908,-0.021723803132772446,-0.04620429500937462,-0.012816828675568104,0.0010341405868530273,-0.04373753443360329,-0.012970572337508202,0.1555211842060089,0.0,0.0,-0.0047828578390181065,0.055052973330020905,0.07352232187986374,-0.2663070857524872,0.34418579936027527,0.1142120510339737,-0.19194169342517853,-0.1525217890739441,-0.4139662981033325,-46.03951644897461,0.08045260608196259,0.3033139705657959,0.06091226637363434,-0.23171624541282654,0.1874370127916336,-0.28589221835136414,0.22887125611305237,10.603561401367188,12.68463134765625,9.394888877868652,13.397954940795898,-0.05366211012005806,-0.0015332031762227416,0.027597656473517418,-0.04752929508686066,0.0,-0.04265420138835907,-0.012569155544042587,-0.0054904259741306305,-0.025700785219669342,0.0,-0.10750127583742142,-0.051874443888664246,-9.437783241271973,-0.026290757581591606,-0.08571761846542358,-8.370237350463867,0.0,0.0,0.0,0.0,0.0,0.0,0.0,0.0,0.0,0.0,0.0,0.0,-0.04857000708580017,-0.007931049913167953,0.0010716391261667013,-0.030429119244217873,0.25322094559669495,0.2939988374710083,0.22912682592868805,0.307778537273407,1.5926672220230103,1.1571344137191772,0.22349804639816284,0.0,0.0,0.0,0.0,0.0,0.0,0.0
33367018049,0,0.022456005215644836,-0.035067684948444366,-0.8456549644470215,6.569455581484362e-05,-0.04113857448101044,-0.8442511558532715,-0.03544523939490318,-0.04900631308555603,-0.020005909726023674,-0.04478084668517113,-0.012141839601099491,0.00140380859375,-0.04300965368747711,-0.011565180495381355,0.1504492312669754,0.0,0.0,-0.0047828578390181065,0.07237014174461365,0.0776403620839119,-0.2665071487426758,0.33886924386024475,0.10251542925834656,-0.18590407073497772,-0.16621820628643036,-0.3969244360923767,-46.067481994628906,0.05572597682476044,0.2973167896270752,0.06401555240154266,-0.23123224079608917,0.1874370127916336,-0.28589221835136414,0.22887125611305237,10.484060287475586,12.74087142944336,9.371563911437988,13.509980201721191,-0.05059570446610451,-0.004599609412252903,0.024531250819563866,-0.044462889432907104,0.0,-0.04297754168510437,-0.013325417414307594,-0.00557416258379817,-0.02464400604367256,0.0,0.01412120833992958,0.2116352766752243,-9.690596580505371,-0.030221492052078247,-0.07216808199882507,-8.375905990600586,0.0,0.0,0.0,0.0,0.0,0.0,0.0,0.0,0.0,0.0,0.0,0.0,-0.04714551568031311,-0.009204328060150146,-0.000916457618586719,-0.028962112963199615,0.25322094559669495,0.2939988374710083,0.22912682592868805,0.307778537273407,1.788209319114685,0.8314713835716248,0.11611023545265198,0.0,0.0,0.0,0.0,0.0,0.0,0.0
33378867258,0,0.022058648988604546,-0.03524241968989372,-0.8458461165428162,6.569455581484362e-05,-0.04113857448101044,-0.8442511558532715,-0.035521499812603,-0.04697735980153084,-0.019976045936346054,-0.04398613050580025,-0.01179236825555563,0.0015949606895446777,-0.04197542741894722,-0.010926555842161179,0.14789608120918274,0.0,0.0,-0.0047828578390181065,0.07237014174461365,0.0776403620839119,-0.2665071487426758,0.33086177706718445,0.09701637178659439,-0.18286806344985962,-0.16621820628643036,-0.3969244360923767,-46.067481994628906,0.05572597682476044,0.2973167896270752,0.06401555240154266,-0.23123224079608917,0.18488356471061707,-0.28625550866127014,0.22878490388393402,10.484060287475586,12.74087142944336,9.371563911437988,13.509980201721191,-0.05059570446610451,-0.004599609412252903,0.02299804612994194,-0.044462889432907104,0.0,-0.04297754168510437,-0.013325417414307594,-0.00557416258379817,-0.02464400604367256,0.0,0.02309161238372326,-0.1975051313638687,-9.441415786743164,-0.029213355854153633,-0.07569655776023865,-8.374267578125,0.0,0.0,0.0,0.0,0.0,0.0,0.0,0.0,0.0,0.0,0.0,0.0,-0.04566090926527977,-0.010556107386946678,-0.0027498381678014994,-0.027492566034197807,0.25085264444351196,0.2950887084007263,0.2286585420370102,0.3099335730075836,1.788209319114685,0.8314713835716248,0.11611023545265198,0.0,0.0,0.0,0.0,0.0,0.0,0.0
33386925630,0,0.022058648988604546,-0.03524241968989372,-0.8458461165428162,6.569455581484362e-05,-0.04113857448101044,-0.8442511558532715,-0.035521499812603,-0.04697735980153084,-0.019976045936346054,-0.04268879070878029,-0.011007833294570446,0.001963496208190918,-0.04197542741894722,-0.010926555842161179,0.14789608120918274,0.0,0.0,-0.0047828578390181065,0.1232459545135498,0.07771438360214233,-0.25490638613700867,0.33086177706718445,0.09701637178659439,-0.18286806344985962,-0.16621820628643036,-0.3969244360923767,-46.067481994628906,0.05572597682476044,0.2973167896270752,0.06401555240154266,-0.23123224079608917,0.18488356471061707,-0.28625550866127014,0.22878490388393402,10.484060287475586,12.74087142944336,9.371563911437988,13.509980201721191,-0.04906250163912773,-0.006132812704890966,0.019931640475988388,-0.04292968660593033,0.0,-0.04297754168510437,-0.013325417414307594,-0.00557416258379817,-0.02464400604367256,0.0,0.02309161238372326,-0.1975051313638687,-9.441415786743164,-0.022179672494530678,-0.05903828144073486,-8.332324981689453,0.0,0.0,0.0,0.0,0.0,0.0,0.0,0.0,0.0,0.0,0.0,0.0,-0.04443560913205147,-0.011731941252946854,-0.0041726818308234215,-0.026244189590215683,0.25085264444351196,0.2950887084007263,0.2286585420370102,0.3099335730075836,2.4354758262634277,0.3378385305404663,0.5252254605293274,0.0,0.0,0.0,0.0,0.0,0.0,0.0
33396881632,0,0.021409982815384865,-0.035634685307741165,-0.8462146520614624,6.569455581484362e-05,-0.04113857448101044,-0.8442511558532715,-0.0366351418197155,-0.05507883056998253,-0.024619456380605698,-0.04268879070878029,-0.011007833294570446,0.001963496208190918,-0.03936755284667015,-0.009763741865754128,0.14341038465499878,0.0,0.0,-0.0047828578390181065,0.1232459545135498,0.07771438360214233,-0.25490638613700867,0.3025945723056793,0.08137959986925125,-0.1774332970380783,-0.16814053058624268,-0.403835654258728,-46.009429931640625,-0.017102137207984924,0.2928253710269928,0.05427779257297516,-0.2301260530948639,0.18000762164592743,-0.28705382347106934,0.228621706366539,10.590107917785645,12.379209518432617,9.719687461853027,13.354525566101074,-0.04752929508686066,-0.0076660155318677425,0.016865234822034836,-0.04292968660593033,0.0,-0.04272844269871712,-0.013475114479660988,-0.004929484333842993,-0.02497299201786518,0.0,-0.27405795454978943,-0.10643775761127472,-9.338907241821289,-0.022179672494530678,-0.05903828144073486,-8.332324981689453,0.0,0.0,0.0,0.0,0.0,0.0,0.0,0.0,0.0,0.0,0.0,0.0,-0.04355244338512421,-0.012611174955964088,-0.005101324990391731,-0.025350123643875122,0.25085264444351196,0.2950887084007263,0.2286585420370102,0.3099335730075836,2.4354758262634277,0.3378385305404663,0.5252254605293274,0.0,0.0,0.0,0.0,0.0,0.0,0.0
33406757061,0,0.021409982815384865,-0.035634685307741165,-0.8462146520614624,6.569455581484362e-05,-0.04113857448101044,-0.8442511558532715,-0.0366351418197155,-0.05507883056998253,-0.024619456380605698,-0.04268879070878029,-0.011007833294570446,0.001963496208190918,-0.03936755284667015,-0.009763741865754128,0.14341038465499878,0.0,0.0,-0.0047828578390181065,0.16605831682682037,0.09091684967279434,-0.24119700491428375,0.3025945723056793,0.08137959986925125,-0.1774332970380783,-0.13238121569156647,-0.27641990780830383,-45.570579528808594,-0.08622730523347855,0.26079174876213074,0.04643721878528595,-0.22887234389781952,0.17591047286987305,-0.28753015398979187,0.22882245481014252,10.519289016723633,12.0161771774292,9.960241317749023,13.104052543640137,-0.044462889432907104,-0.0076660155318677425,0.015332031063735485,-0.04139648377895355,0.0,-0.037397876381874084,-0.016465958207845688,-0.010465928353369236,-0.02287275716662407,0.0,-0.27405795454978943,-0.10643775761127472,-9.338907241821289,-0.022179672494530678,-0.05903828144073486,-8.332324981689453,0.0,0.0,0.0,0.0,0.0,0.0,0.0,0.0,0.0,0.0,0.0,0.0,-0.042731624096632004,-0.013334080576896667,-0.0058114794082939625,-0.02472875639796257,0.2515510618686676,0.28099557757377625,0.24043536186218262,0.3021129369735718,2.159332752227783,0.45142221450805664,0.5882124304771423,0.0,0.0,0.0,0.0,0.0,0.0,0.0
33417642513,0,0.02080719731748104,-0.036089230328798294,-0.8465669751167297,6.569455581484362e-05,-0.04113857448101044,-0.8442511558532715,-0.03404419124126434,-0.05852017179131508,-0.03070676326751709,-0.04148321598768234,-0.010098738595843315,0.002315819263458252,-0.036353107541799545,-0.007923477329313755,0.1393938511610031,0.0,0.0,-0.0047828578390181065,0.1821260303258896,0.0818253681063652,-0.24112984538078308,0.2773348093032837,0.0686926618218422,-0.17150439321994781,-0.13238121569156647,-0.27641990780830383,-45.570579528808594,-0.08622730523347855,0.26079174876213074,0.04643721878528595,-0.22887234389781952,0.17591047286987305,-0.28753015398979187,0.22882245481014252,10.519289016723633,12.0161771774292,9.960241317749023,13.104052543640137,-0.04292968660593033,-0.010732421651482582,0.013798828236758709,-0.039863280951976776,0.0,-0.037397876381874084,-0.016465958207845688,-0.010465928353369236,-0.02287275716662407,0.0,-0.012449744157493114,0.22642497718334198,-9.818056106567383,-0.02406931295990944,-0.05025816708803177,-8.28555965423584,0.0,0.0,0.0,0.0,0.0,0.0,0.0,0.0,0.0,0.0,0.0,0.0,-0.04158962145447731,-0.014129558578133583,-0.006764208432286978,-0.024177569895982742,0.2515510618686676,0.28099557757377625,0.24043536186218262,0.3021129369735718,1.894973635673523,-0.1868714988231659,0.45270174741744995,0.0,0.0,0.0,0.0,0.0,0.0,0.0
33426954408,0,0.020281799137592316,-0.03655117377638817,-0.8468889594078064,6.569455581484362e-05,-0.04113857448101044,-0.8442511558532715,-0.03431113809347153,-0.05548328533768654,-0.027029037475585938,-0.040432412177324295,-0.009174847044050694,0.002637803554534912,-0.032444439828395844,-0.006884034723043442,0.1354806274175644,0.0,0.0,-0.0047828578390181065,0.1821260303258896,0.0818253681063652,-0.24112984538078308,0.25628235936164856,0.06194232031702995,-0.16813701391220093,-0.1273183971643448,-0.298353910446167,-45.64830780029297,-0.11069392412900925,0.27335023880004883,0.04934799671173096,-0.22822599112987518,0.17422594130039215,-0.28773826360702515,0.22884902358055115,10.446308135986328,12.05190372467041,9.924989700317383,13.252090454101562,-0.04139648377895355,-0.012265625409781933,0.010732421651482582,-0.038330078125,0.0,-0.038163378834724426,-0.015566762536764145,-0.009831284172832966,-0.023284612223505974,0.0,-0.012449744157493114,0.22642497718334198,-9.818056106567383,-0.022526586428284645,-0.05423319339752197,-8.317103385925293,0.0,0.0,0.0,0.0,0.0,0.0,0.0,0.0,0.0,0.0,0.0,0.0,-0.04028979688882828,-0.014910433441400528,-0.007886562496423721,-0.02368471771478653,0.25010380148887634,0.28169289231300354,0.2397322803735733,0.30496862530708313,1.894973635673523,-0.1868714988231659,0.45270174741744995,0.0,0.0,0.0,0.0,0.0,0.0,0.0
33437610456,0,0.020281799137592316,-0.03655117377638817,-0.8468889594078064,6.569455581484362e-05,-0.04113857448101044,-0.8442511558532715,-0.03431113809347153,-0.05548328533768654,-0.027029037475585938,-0.040432412177324295,-0.009174847044050694,0.002637803554534912,-0.032444439828395844,-0.006884034723043442,0.1354806274175644,0.0,0.0,-0.0047828578390181065,0.21708481013774872,0.06757378578186035,-0.22685883939266205,0.25628235936164856,0.06194232031702995,-0.16813701391220093,-0.12365835905075073,-0.25044649839401245,-45.77845764160156,-0.18521270155906677,0.27665942907333374,0.03673072159290314,-0.2269885540008545,0.1718338280916214,-0.2884376645088196,0.2290150374174118,10.682012557983398,11.650121688842773,10.382455825805664,13.087203979492188,-0.04139648377895355,-0.010732421651482582,0.010732421651482582,-0.038330078125,0.0,-0.035486966371536255,-0.017331186681985855,-0.011024652980268002,-0.022279564291238785,0.0,-0.012449744157493114,0.22642497718334198,-9.818056106567383,-0.022526586428284645,-0.05423319339752197,-8.317103385925293,0.0,0.0,0.0,0.0,0.0,0.0,0.0,0.0,0.0,0.0,0.0,0.0,-0.03909936547279358,-0.015538466162979603,-0.008881733752787113,-0.023303132504224777,0.25477418303489685,0.273837149143219,0.2488364577293396,0.30178749561309814,1.8415874242782593,-0.4546690285205841,0.8560620546340942,0.0,0.0,0.0,0.0,0.0,0.0,0.0
33446783316,0,0.01980181783437729,-0.03693999722599983,-0.8472020030021667,6.569455581484362e-05,-0.04113857448101044,-0.8442511558532715,-0.029227713122963905,-0.06229395419359207,-0.025493241846561432,-0.03947244584560394,-0.008397196419537067,0.0029508471488952637,-0.02810664102435112,-0.005680745467543602,0.13180163502693176,0.0,0.0,-0.0047828578390181065,0.23306556046009064,0.07143764197826385,-0.22744935750961304,0.22212180495262146,0.05124885216355324,-0.16376841068267822,-0.16026237607002258,-0.2072354108095169,-45.7921257019043,-0.21595337986946106,0.2626900374889374,0.041757017374038696,-0.22630944848060608,0.17099303007125854,-0.28879448771476746,0.22917263209819794,10.490288734436035,11.7534818649292,10.328563690185547,13.241619110107422,-0.04292968660593033,-0.010732421651482582,0.0076660155318677425,-0.038330078125,0.0,-0.03584258630871773,-0.01951724663376808,-0.011236886493861675,-0.01983240805566311,0.0,0.09664850682020187,-0.13984306156635284,-9.824169158935547,-0.029138613492250443,-0.03767916560173035,-8.325840950012207,0.0,0.0,0.0,0.0,0.0,0.0,0.0,0.0,0.0,0.0,0.0,0.0,-0.037987180054187775,-0.016197597607970238,-0.009721335954964161,-0.02286006510257721,0.25477418303489685,0.273837149143219,0.2488364577293396,0.30178749561309814,1.661144495010376,-0.0702960193157196,0.5142139196395874,0.0,0.0,0.0,0.0,0.0,0.0,0.0
33457217568,0,0.019555935636162758,-0.037063125520944595,-0.8473387956619263,6.569455581484362e-05,-0.04113857448101044,-0.8442511558532715,-0.029287828132510185,-0.06836701929569244,-0.028341170400381088,-0.03898067772388458,-0.008150938898324966,0.003087639808654785,-0.02589290775358677,-0.004919966217130423,0.1295582801103592,0.0,0.0,-0.0047828578390181065,0.23306556046009064,0.07143764197826385,-0.22744935750961304,0.20471665263175964,0.04463021829724312,-0.16109958291053772,-0.16026237607002258,-0.2072354108095169,-45.7921257019043,-0.21595337986946106,0.2626900374889374,0.041757017374038696,-0.22630944848060608,0.17099303007125854,-0.28879448771476746,0.22917263209819794,10.490288734436035,11.7534818649292,10.328563690185547,13.241619110107422,-0.04139648377895355,-0.010732421651482582,0.0076660155318677425,-0.038330078125,0.0,-0.03584258630871773,-0.01951724663376808,-0.011236886493861675,-0.01983240805566311,0.0,-0.07158934324979782,-0.2939225137233734,-9.77540111541748,-0.026672443374991417,-0.02527470886707306,-8.301965713500977,0.0,0.0,0.0,0.0,0.0,0.0,0.0,0.0,0.0,0.0,0.0,0.0,-0.03702804818749428,-0.01703348383307457,-0.010404132306575775,-0.022196365520358086,0.25097593665122986,0.27586111426353455,0.2477661669254303,0.3047666847705841,1.661144495010376,-0.0702960193157196,0.5142139196395874,0.0,0.0,0.0,0.0,0.0,0.0,0.0
33467044765,0,0.019555935636162758,-0.037063125520944595,-0.8473387956619263,6.569455581484362e-05,-0.04113857448101044,-0.8442511558532715,-0.029287828132510185,-0.06836701929569244,-0.028341170400381088,-0.03898067772388458,-0.008150938898324966,0.003087639808654785,-0.02589290775358677,-0.004919966217130423,0.1295582801103592,0.0,0.0,-0.0047828578390181065,0.24153636395931244,0.07068773359060287,-0.22851797938346863,0.20471665263175964,0.04463021829724312,-0.16109958291053772,-0.16026237607002258,-0.2072354108095169,-45.7921257019043,-0.21595337986946106,0.2626900374889374,0.041757017374038696,-0.22630944848060608,0.17099303007125854,-0.28879448771476746,0.22917263209819794,10.490288734436035,11.7534818649292,10.328563690185547,13.241619110107422,-0.04139648377895355,-0.013798828236758709,0.006132812704890966,-0.036796875298023224,0.0,-0.03584258630871773,-0.01951724663376808,-0.011236886493861675,-0.01983240805566311,0.0,-0.07158934324979782,-0.2939225137233734,-9.77540111541748,-0.026672443374991417,-0.02527470886707306,-8.301965713500977,0.0,0.0,0.0,0.0,0.0,0.0,0.0,0.0,0.0,0.0,0.0,0.0,-0.036337580531835556,-0.017902903258800507,-0.010893605649471283,-0.021433735266327858,0.25097593665122986,0.27586111426353455,0.2477661669254303,0.3047666847705841,1.3284248113632202,-0.10201601684093475,0.35600414872169495,0.0,0.0,0.0,0.0,0.0,0.0,0.0
33478349463,0,0.018866337835788727,-0.037529200315475464,-0.8477957844734192,6.569455581484362e-05,-0.04113857448101044,-0.8442511558532715,-0.02945389226078987,-0.06554491072893143,-0.018329329788684845,-0.03760147839784622,-0.007218784652650356,0.003544628620147705,-0.018585562705993652,-0.003350632032379508,0.12256531417369843,0.0,0.0,-0.0047828578390181065,0.2576405704021454,0.06327483057975769,-0.23383523523807526,0.14702652394771576,0.030391938984394073,-0.15275710821151733,-0.1277730017900467,-0.1614549458026886,-45.78491973876953,-0.29218196868896484,0.25937414169311523,0.05564753711223602,-0.22461602091789246,0.16993488371372223,-0.28958046436309814,0.22916430234909058,10.016770362854004,11.988510131835938,10.102836608886719,13.697078704833984,-0.039863280951976776,-0.015332031063735485,0.006132812704890966,-0.03526367247104645,0.0,-0.034589432179927826,-0.019373049959540367,-0.014045065268874168,-0.01869530975818634,0.0,-0.19202570617198944,0.1885194480419159,-9.336967468261719,-0.025088448077440262,-0.02843630313873291,-8.378894805908203,0.0,0.0,0.0,0.0,0.0,0.0,0.0,0.0,0.0,0.0,0.0,0.0,-0.03584884852170944,-0.01862173154950142,-0.011327224783599377,-0.020710717886686325,0.25097593665122986,0.27586111426353455,0.2477661669254303,0.3047666847705841,1.1633039712905884,-0.2676562964916229,0.061277665197849274,0.0,0.0,0.0,0.0,0.0,0.0,0.0
33486770187,0,0.018643686547875404,-0.03770992159843445,-0.8479464650154114,6.569455581484362e-05,-0.04113857448101044,-0.8442511558532715,-0.02981383726000786,-0.06942637264728546,-0.014853485859930515,-0.03715617209672928,-0.006857340224087238,0.0036953091621398926,-0.016545768827199936,-0.0029432636220008135,0.120311439037323,0.0,0.0,-0.0047828578390181065,0.2632092237472534,0.05608472600579262,-0.22915495932102203,0.14702652394771576,0.030391938984394073,-0.15275710821151733,-0.1277730017900467,-0.1614549458026886,-45.78491973876953,-0.29218196868896484,0.25937414169311523,0.05564753711223602,-0.22461602091789246,0.16993488371372223,-0.28958046436309814,0.22916430234909058,10.016770362854004,11.988510131835938,10.102836608886719,13.697078704833984,-0.036796875298023224,-0.015332031063735485,0.003066406352445483,-0.03526367247104645,0.0,-0.034589432179927826,-0.019373049959540367,-0.014045065268874168,-0.01869530975818634,0.0,-0.19202570617198944,0.1885194480419159,-9.336967468261719,-0.02277369052171707,-0.019950807094573975,-8.40179443359375,0.0,0.0,0.0,0.0,0.0,0.0,0.0,0.0,0.0,0.0,0.0,0.0,-0.03543389216065407,-0.01912054978311062,-0.01191245298832655,-0.02003568597137928,0.24156230688095093,0.2804555296897888,0.24327681958675385,0.3135276436805725,0.8400285840034485,-0.4269300699234009,0.30226317048072815,0.0,0.0,0.0,0.0,0.0,0.0,0.0
33497693004,0,0.018643686547875404,-0.03770992159843445,-0.8479464650154114,6.569455581484362e-05,-0.04113857448101044,-0.8442511558532715,-0.02981383726000786,-0.06942637264728546,-0.014853485859930515,-0.03715617209672928,-0.006857340224087238,0.0036953091621398926,-0.016545768827199936,-0.0029432636220008135,0.120311439037323,0.0,0.0,-0.0047828578390181065,0.26075053215026855,0.05599723756313324,-0.23042066395282745,0.12049314379692078,0.02631138078868389,-0.1491849422454834,-0.1379864662885666,-0.156399667263031,-46.08392333984375,-0.3105931580066681,0.26487720012664795,0.05102044343948364,-0.2237911820411682,0.16989436745643616,-0.2900102734565735,0.22906708717346191,10.186695098876953,11.910968780517578,10.313272476196289,13.692758560180664,-0.03526367247104645,-0.016865234822034836,0.003066406352445483,-0.03526367247104645,0.0,-0.03410329297184944,-0.01987721025943756,-0.013494675979018211,-0.018241405487060547,0.0,-0.05864337831735611,0.33856773376464844,-10.118133544921875,-0.02277369052171707,-0.019950807094573975,-8.40179443359375,0.0,0.0,0.0,0.0,0.0,0.0,0.0,0.0,0.0,0.0,0.0,0.0,-0.035051558166742325,-0.01943572424352169,-0.012568408623337746,-0.019435422495007515,0.24494601786136627,0.27894094586372375,0.24746249616146088,0.3134447932243347,0.4019741714000702,-0.22819635272026062,0.1719711273908615,0.0,0.0,0.0,0.0,0.0,0.0,0.0
33507093641,0,0.018386835232377052,-0.03787282481789589,-0.8481054902076721,6.569455581484362e-05,-0.04113857448101044,-0.8442511558532715,-0.03028489649295807,-0.07208731025457382,-0.013103668577969074,-0.036642465740442276,-0.006531531922519207,0.0038543343544006348,-0.01458415761590004,-0.0023502029944211245,0.11804993450641632,0.0,0.0,-0.0047828578390181065,0.26075053215026855,0.05599723756313324,-0.23042066395282745,0.10036635398864746,0.020447365939617157,-0.14684435725212097,-0.1123509407043457,-0.07737764716148376,-46.26016616821289,-0.3276427388191223,0.25794216990470886,0.060178130865097046,-0.22294855117797852,0.17001786828041077,-0.2904287576675415,0.22890086472034454,9.965225219726562,12.168328285217285,10.16468334197998,13.981284141540527,-0.03373046964406967,-0.016865234822034836,0.003066406352445483,-0.03373046964406967,0.0,-0.03105442225933075,-0.020932942628860474,-0.017242534086108208,-0.01644919067621231,0.0,-0.0667930319905281,0.4067205786705017,-10.018636703491211,-0.020427443087100983,-0.014068663120269775,-8.41093921661377,0.0,0.0,0.0,0.0,0.0,0.0,0.0,0.0,0.0,0.0,0.0,0.0,-0.03457031771540642,-0.01969764195382595,-0.013260223902761936,-0.018858136609196663,0.24053466320037842,0.2839632034301758,0.24450795352458954,0.31897443532943726,0.4019741714000702,-0.22819635272026062,0.1719711273908615,0.0,0.0,0.0,0.0,0.0,0.0,0.0
33516649919,0,0.018386835232377052,-0.03787282481789589,-0.8481054902076721,6.569455581484362e-05,-0.04113857448101044,-0.8442511558532715,-0.03028489649295807,-0.07208731025457382,-0.013103668577969074,-0.036642465740442276,-0.006531531922519207,0.0038543343544006348,-0.01458415761590004,-0.0023502029944211245,0.11804993450641632,0.0,0.0,-0.0047828578390181065,0.23420435190200806,0.04881040006875992,-0.23353302478790283,0.10036635398864746,0.020447365939617157,-0.14684435725212097,-0.10777762532234192,-0.03855203837156296,-45.935577392578125,-0.32962921261787415,0.2569531798362732,0.05905117094516754,-0.22142986953258514,0.17034649848937988,-0.291083425283432,0.2284184843301773,9.904983520507812,12.058436393737793,10.1170015335083,13.871952056884766,-0.03373046964406967,-0.018398437649011612,0.0015332031762227416,-0.032197266817092896,0.0,-0.02952679805457592,-0.021991321817040443,-0.018677493557333946,-0.015586735680699348,0.0,-0.0667930319905281,0.4067205786705017,-10.018636703491211,-0.020427443087100983,-0.014068663120269775,-8.41093921661377,0.0,0.0,0.0,0.0,0.0,0.0,0.0,0.0,0.0,0.0,0.0,0.0,-0.03375503420829773,-0.020054524764418602,-0.014228614047169685,-0.018172595649957657,0.23933307826519012,0.2818203866481781,0.24355895817279816,0.3168809413909912,-0.8461655974388123,-0.34063100814819336,-0.024479588493704796,0.0,0.0,0.0,0.0,0.0,0.0,0.0
33526948023,0,0.017660412937402725,-0.03848385438323021,-0.8486204743385315,6.569455581484362e-05,-0.04113857448101044,-0.8442511558532715,-0.029459994286298752,-0.07222557812929153,-0.02196751907467842,-0.035189613699913025,-0.005309466738253832,0.00436931848526001,-0.008391755633056164,-0.001214511226862669,0.11175310611724854,0.0,0.0,-0.009770377539098263,0.22236384451389313,0.04506301134824753,-0.22412443161010742,0.06645997613668442,0.011273853480815887,-0.14580637216567993,-0.10845676064491272,-0.061849042773246765,-45.84754180908203,-0.3321192264556885,0.25789299607276917,0.048832207918167114,-0.22065295279026031,0.17049898207187653,-0.2914373576641083,0.22821873426437378,10.136001586914062,11.775562286376953,10.352509498596191,13.599950790405273,-0.03373046964406967,-0.018398437649011612,0.0015332031762227416,-0.03066406212747097,0.0,-0.029606958851218224,-0.02176870033144951,-0.017352022230625153,-0.01642446033656597,0.0,-0.11757504940032959,-0.042517486959695816,-9.949400901794434,-0.019719410687685013,-0.011245280504226685,-8.335916519165039,0.0,0.0,0.0,0.0,0.0,0.0,0.0,0.0,0.0,0.0,0.0,0.0,-0.03264801204204559,-0.020528338849544525,-0.015398475341498852,-0.017436709254980087,0.24393725395202637,0.27629342675209045,0.24824178218841553,0.3116627335548401,-1.0416598320007324,-0.33047324419021606,0.38817599415779114,0.0,0.0,0.0,0.0,0.0,0.0,0.0
33537064138,0,0.017424143850803375,-0.03872741386294365,-0.8488050699234009,6.569455581484362e-05,-0.04113857448101044,-0.8442511558532715,-0.032221343368291855,-0.06821268051862717,-0.023974603042006493,-0.034717075526714325,-0.0048223454505205154,0.0045539140701293945,-0.006353385280817747,-0.0008812271407805383,0.11003738641738892,0.0,0.0,-0.04717686399817467,0.22236384451389313,0.04506301134824753,-0.22412443161010742,0.05032701417803764,0.008213927038013935,-0.14375142753124237,-0.10845676064491272,-0.061849042773246765,-45.84754180908203,-0.3321192264556885,0.25789299607276917,0.048832207918167114,-0.22065295279026031,0.17049898207187653,-0.2914373576641083,0.22821873426437378,10.136001586914062,11.775562286376953,10.352509498596191,13.599950790405273,-0.03373046964406967,-0.018398437649011612,0.0,-0.032197266817092896,0.0,-0.029606958851218224,-0.02176870033144951,-0.017352022230625153,-0.01642446033656597,0.0,-0.11757504940032959,-0.042517486959695816,-9.949400901794434,-0.014305118471384048,-0.018820151686668396,-8.320937156677246,0.0,0.0,0.0,0.0,0.0,0.0,0.0,0.0,0.0,0.0,0.0,0.0,-0.0315387099981308,-0.021000515669584274,-0.016395455226302147,-0.01684935763478279,0.24393725395202637,0.27629342675209045,0.24824178218841553,0.3116627335548401,-1.0416598320007324,-0.33047324419021606,0.38817599415779114,0.0,0.0,0.0,0.0,0.0,0.0,0.0
33546939496,0,0.017424143850803375,-0.03872741386294365,-0.8488050699234009,6.569455581484362e-05,-0.04113857448101044,-0.8442511558532715,-0.032221343368291855,-0.06821268051862717,-0.023974603042006493,-0.034717075526714325,-0.0048223454505205154,0.0045539140701293945,-0.006353385280817747,-0.0008812271407805383,0.11003738641738892,0.0,0.0,-0.04717686399817467,0.2057545781135559,0.05138098821043968,-0.2203700840473175,0.05032701417803764,0.008213927038013935,-0.14375142753124237,-0.10845676064491272,-0.061849042773246765,-45.84754180908203,-0.3321192264556885,0.25789299607276917,0.048832207918167114,-0.22065295279026031,0.17049898207187653,-0.2914373576641083,0.22821873426437378,10.136001586914062,11.775562286376953,10.352509498596191,13.599950790405273,-0.03526367247104645,-0.019931640475988388,-0.0015332031762227416,-0.032197266817092896,0.0,-0.029606958851218224,-0.02176870033144951,-0.017352022230625153,-0.01642446033656597,0.0,-0.003165297443047166,0.3334968388080597,-9.961591720581055,-0.014305118471384048,-0.018820151686668396,-8.320937156677246,0.0,0.0,0.0,0.0,0.0,0.0,0.0,0.0,0.0,0.0,0.0,0.0,-0.030636679381132126,-0.02137448638677597,-0.017062295228242874,-0.01648208498954773,0.24393725395202637,0.27629342675209045,0.24824178218841553,0.3116627335548401,-0.9615138173103333,0.16834799945354462,0.14909407496452332,0.0,0.0,0.0,0.0,0.0,0.0,0.0
33556811138,0,0.017060428857803345,-0.039236437529325485,-0.8491964340209961,6.569455581484362e-05,-0.04113857448101044,-0.8442511558532715,-0.028848866000771523,-0.06668706238269806,-0.025566227734088898,-0.033989641815423965,-0.003804292995482683,0.004945278167724609,-0.0026195538230240345,0.00025293120415881276,0.10626323521137238,0.0,0.0,-0.06463322043418884,0.2057545781135559,0.05138098821043968,-0.2203700840473175,0.013238616287708282,-0.004948652349412441,-0.203645259141922,-0.06830118596553802,-0.05964130163192749,-45.69939422607422,-0.34608757495880127,0.23748478293418884,0.016914382576942444,-0.2192259132862091,0.17082549631595612,-0.29192012548446655,0.22802357375621796,10.845259666442871,10.949220657348633,11.164892196655273,12.754652976989746,-0.03526367247104645,-0.021464843302965164,-0.003066406352445483,-0.03066406212747097,0.0,-0.026145601645112038,-0.02204451896250248,-0.017292072996497154,-0.018443513661623,0.0,-0.19160081446170807,0.22196908295154572,-9.82292366027832,-0.020210199058055878,-0.018913552165031433,-8.310161590576172,0.0,0.0,0.0,0.0,0.0,0.0,0.0,0.0,0.0,0.0,0.0,0.0,-0.02984335832297802,-0.021643875166773796,-0.017440952360630035,-0.016383962705731392,0.2580021917819977,0.2600550353527069,0.2643066644668579,0.2953557074069977,-0.9615138173103333,0.16834799945354462,0.14909407496452332,0.0,0.0,0.0,0.0,0.0,0.0,0.0
33567723631,0,0.017060428857803345,-0.039236437529325485,-0.8491964340209961,6.569455581484362e-05,-0.04113857448101044,-0.8442511558532715,-0.028848866000771523,-0.06668706238269806,-0.025566227734088898,-0.033989641815423965,-0.003804292995482683,0.004945278167724609,-0.0026195538230240345,0.00025293120415881276,0.10626323521137238,0.0,0.0,-0.06463322043418884,0.18565575778484344,0.04256946220993996,-0.23783625662326813,-0.01050142664462328,-0.0109159080311656,-0.25506335496902466,-0.15160351991653442,-0.0639384388923645,-45.777610778808594,-0.3516431450843811,0.24521508812904358,0.0251266211271286,-0.21785971522331238,0.17082549631595612,-0.29192012548446655,0.22802357375621796,10.662160873413086,11.154261589050293,10.976377487182617,12.999502182006836,-0.03066406212747097,-0.02299804612994194,-0.0015332031762227416,-0.029130859300494194,0.0,-0.029361272230744362,-0.024010920897126198,-0.01463180873543024,-0.01583278737962246,0.0,-0.19160081446170807,0.22196908295154572,-9.82292366027832,-0.020210199058055878,-0.018913552165031433,-8.310161590576172,0.0,0.0,0.0,0.0,0.0,0.0,0.0,0.0,0.0,0.0,0.0,0.0,-0.029078876599669456,-0.02192828059196472,-0.017479749396443367,-0.016502168029546738,0.2580021917819977,0.2600550353527069,0.2643066644668579,0.2953557074069977,-1.0656691789627075,-0.26078149676322937,-0.6027846336364746,0.0,0.0,0.0,0.0,0.0,0.0,0.0
33576746422,0,0.016732538118958473,-0.039740607142448425,-0.8495839238166809,6.569455581484362e-05,-0.04113857448101044,-0.8442511558532715,-0.021724261343479156,-0.06513413041830063,-0.023511040955781937,-0.033333856612443924,-0.0027959486469626427,0.005332767963409424,0.0007085134857334197,0.0008635273552499712,0.1017317846417427,0.0,0.0,-0.1120147705078125,0.1779683530330658,0.03842015936970711,-0.2473037987947464,-0.01050142664462328,-0.0109159080311656,-0.25506335496902466,-0.1494278460741043,-0.19371850788593292,-45.82112121582031,-0.3604836165904999,0.2427625060081482,-0.005852982401847839,-0.21715210378170013,0.17150962352752686,-0.2924147844314575,0.22687894105911255,11.432291984558105,10.37991714477539,11.778037071228027,12.24639892578125,-0.029130859300494194,-0.024531250819563866,-0.003066406352445483,-0.03066406212747097,0.0,-0.03126352280378342,-0.021232571452856064,-0.009739836677908897,-0.020553940907120705,0.0,0.092631496489048,0.19373220205307007,-9.761049270629883,-0.033804282546043396,-0.018352746963500977,-8.326027870178223,0.0,0.0,0.0,0.0,0.0,0.0,0.0,0.0,0.0,0.0,0.0,0.0,-0.028694413602352142,-0.022233573719859123,-0.01687035523355007,-0.016775017604231834,0.2580021917819977,0.2600550353527069,0.2643066644668579,0.2953557074069977,-0.9239577054977417,-0.29418203234672546,-0.7792659997940063,0.0,0.0,0.0,0.0,0.0,0.0,0.0
33586953600,0,0.01660117320716381,-0.0400107204914093,-0.8497594594955444,6.569455581484362e-05,-0.04113857448101044,-0.8442511558532715,-0.025762801989912987,-0.056481849402189255,-0.022758083418011665,-0.0330711230635643,-0.0022557193879038095,0.005508303642272949,0.0025768070481717587,0.0011640202719718218,0.0993807464838028,0.0,0.0,-0.1120147705078125,0.1779683530330658,0.03842015936970711,-0.2473037987947464,-0.020245226100087166,-0.014173933304846287,-0.2525288760662079,-0.1494278460741043,-0.19371850788593292,-45.82112121582031,-0.3604836165904999,0.2427625060081482,-0.005852982401847839,-0.21715210378170013,0.17150962352752686,-0.2924147844314575,0.22687894105911255,11.432291984558105,10.37991714477539,11.778037071228027,12.24639892578125,-0.027597656473517418,-0.02299804612994194,-0.004599609412252903,-0.03066406212747097,0.0,-0.03126352280378342,-0.021232571452856064,-0.009739836677908897,-0.020553940907120705,0.0,-0.13041327893733978,0.10252286493778229,-9.90036678314209,-0.027168700471520424,-0.03522154688835144,-8.3311128616333,0.0,0.0,0.0,0.0,0.0,0.0,0.0,0.0,0.0,0.0,0.0,0.0,-0.02889164350926876,-0.022327179089188576,-0.015480549074709415,-0.017388727515935898,0.2695646286010742,0.24878601729869843,0.27634161710739136,0.2854840159416199,-0.9239577054977417,-0.29418203234672546,-0.7792659997940063,0.0,0.0,0.0,0.0,0.0,0.0,0.0
33597507843,0,0.01660117320716381,-0.0400107204914093,-0.8497594594955444,6.569455581484362e-05,-0.04113857448101044,-0.8442511558532715,-0.025762801989912987,-0.056481849402189255,-0.022758083418011665,-0.03252531588077545,-0.0013661900302395225,0.005887627601623535,0.0025768070481717587,0.0011640202719718218,0.0993807464838028,0.0,0.0,-0.13695243000984192,0.15110324323177338,0.02756783924996853,-0.2733418345451355,-0.020245226100087166,-0.014173933304846287,-0.2525288760662079,-0.1494278460741043,-0.19371850788593292,-45.82112121582031,-0.3604836165904999,0.2427625060081482,-0.005852982401847839,-0.21715210378170013,0.17150962352752686,-0.2924147844314575,0.22687894105911255,11.27988052368164,10.57032585144043,11.569022178649902,12.43701171875,-0.027597656473517418,-0.02299804612994194,-0.0076660155318677425,-0.03066406212747097,0.0,-0.03168608620762825,-0.02085004560649395,-0.009915812872350216,-0.020238885655999184,0.0,-0.13041327893733978,0.10252286493778229,-9.90036678314209,-0.02797827497124672,-0.03899086266756058,-8.335062980651855,0.0,0.0,0.0,0.0,0.0,0.0,0.0,0.0,0.0,0.0,0.0,0.0,-0.029445813968777657,-0.02215358428657055,-0.013745826669037342,-0.018260091543197632,0.2695646286010742,0.24878601729869843,0.27634161710739136,0.2854840159416199,-1.3298567533493042,-0.5176125764846802,-1.3489574193954468,0.0,0.0,0.0,0.0,0.0,0.0,0.0
33606596700,0,0.016328269615769386,-0.04045548290014267,-0.850138783454895,6.569455581484362e-05,-0.04113857448101044,-0.8442511558532715,-0.025311971083283424,-0.05359615013003349,-0.021902404725551605,-0.03252531588077545,-0.0013661900302395225,0.005887627601623535,0.005283580161631107,0.0019065571250393987,0.09409199655056,0.0,0.0,-0.13695243000984192,0.13298851251602173,0.015519343316555023,-0.28949883580207825,-0.04142661765217781,-0.01794515922665596,-0.276624470949173,-0.1538805067539215,-0.21444974839687347,-45.84284591674805,-0.35125869512557983,0.25243353843688965,0.0015568137168884277,-0.21591076254844666,0.17202739417552948,-0.2927704155445099,0.225381538271904,11.27988052368164,10.57032585144043,11.569022178649902,12.43701171875,-0.027597656473517418,-0.02299804612994194,-0.006132812704890966,-0.029130859300494194,0.0,-0.03235616534948349,-0.020177774131298065,-0.009029517881572247,-0.020593227818608284,0.0,0.017267534509301186,0.3003716766834259,-9.464743614196777,-0.02797827497124672,-0.03899086266756058,-8.335062980651855,0.0,0.0,0.0,0.0,0.0,0.0,0.0,0.0,0.0,0.0,0.0,0.0,-0.030143169686198235,-0.02181430347263813,-0.012136922217905521,-0.019084660336375237,0.26656943559646606,0.2525624930858612,0.27224770188331604,0.2891922891139984,-1.5696450471878052,-0.8346649408340454,-1.522579312324524,0.0,0.0,0.0,0.0,0.0,0.0,0.0
33616747112,0,0.016328269615769386,-0.04045548290014267,-0.850138783454895,6.569455581484362e-05,-0.04113857448101044,-0.8442511558532715,-0.025311971083283424,-0.05359615013003349,-0.021902404725551605,-0.03244221583008766,-0.0008451161556877196,0.006066858768463135,0.005283580161631107,0.0019065571250393987,0.09409199655056,0.0,0.0,-0.13695243000984192,0.13298851251602173,0.015519343316555023,-0.28949883580207825,-0.04142661765217781,-0.01794515922665596,-0.276624470949173,-0.15128347277641296,-0.20698483288288116,-46.044219970703125,-0.34177547693252563,0.2672770023345947,0.018347084522247314,-0.2152712494134903,0.17222049832344055,-0.293063223361969,0.22419054806232452,10.946123123168945,11.033726692199707,11.163315773010254,12.915117263793945,-0.027597656473517418,-0.021464843302965164,-0.0076660155318677425,-0.029130859300494194,0.0,-0.0329543836414814,-0.0194232240319252,-0.009614096023142338,-0.019643664360046387,0.0,0.017267534509301186,0.3003716766834259,-9.464743614196777,-0.027506085112690926,-0.03763360530138016,-8.371676445007324,0.0,0.0,0.0,0.0,0.0,0.0,0.0,0.0,0.0,0.0,0.0,0.0,-0.03089117631316185,-0.021341662853956223,-0.01084009651094675,-0.019708413630723953,0.25999394059181213,0.26172199845314026,0.26427555084228516,0.2984619736671448,-1.5696450471878052,-0.8346649408340454,-1.522579312324524,0.0,0.0,0.0,0.0,0.0,0.0,0.0
33627161735,0,0.01628671959042549,-0.0407160185277462,-0.8503180146217346,6.569455581484362e-05,-0.04113857448101044,-0.8442511558532715,-0.025546615943312645,-0.05377335101366043,-0.016972621902823448,-0.03244221583008766,-0.0008451161556877196,0.006066858768463135,0.006164785008877516,0.0020508873276412487,0.0912676602602005,0.0,0.0,-0.13695243000984192,0.10368654876947403,-0.00268026115372777,-0.31790634989738464,-0.052262917160987854,-0.01861351542174816,-0.2734447121620178,-0.15128347277641296,-0.20698483288288116,-46.044219970703125,-0.34177547693252563,0.2672770023345947,0.018347084522247314,-0.2152712494134903,0.17222049832344055,-0.293063223361969,0.22419054806232452,11.070359230041504,11.017780303955078,11.194693565368652,12.911452293395996,-0.027597656473517418,-0.021464843302965164,-0.009199218824505806,-0.029130859300494194,0.0,-0.03258442506194115,-0.019451338797807693,-0.00958714634180069,-0.019649239256978035,0.0,0.15632982552051544,0.07590226083993912,-9.439976692199707,-0.027506085112690926,-0.03763360530138016,-8.371676445007324,0.0,0.0,0.0,0.0,0.0,0.0,0.0,0.0,0.0,0.0,0.0,0.0,-0.03159510716795921,-0.02079131454229355,-0.00994785875082016,-0.020047295838594437,0.25999394059181213,0.26172199845314026,0.26427555084228516,0.2984619736671448,-1.5407253503799438,-0.8452956676483154,-1.64205002784729,0.0,0.0,0.0,0.0,0.0,0.0,0.0
33636776816,0,0.016393592581152916,-0.04138811305165291,-0.8506579399108887,6.569455581484362e-05,-0.04113857448101044,-0.8442511558532715,-0.02613661251962185,-0.04899602755904198,-0.012738783843815327,-0.03265596181154251,0.0004990796442143619,0.0064067840576171875,0.007525470573455095,0.0018676072359085083,0.08587247133255005,0.0,0.0,-0.17186515033245087,0.10368654876947403,-0.00268026115372777,-0.31790634989738464,-0.06784478574991226,-0.01952550932765007,-0.3080301582813263,-0.15347245335578918,-0.24457649886608124,-46.18075180053711,-0.32846999168395996,0.2855514585971832,0.016597315669059753,-0.21412836015224457,0.17234589159488678,-0.29394376277923584,0.22135868668556213,11.070359230041504,11.017780303955078,11.194693565368652,12.911452293395996,-0.027597656473517418,-0.021464843302965164,-0.009199218824505806,-0.029130859300494194,0.0,-0.03374331817030907,-0.018202317878603935,-0.008219760842621326,-0.02052263170480728,0.0,-0.012389063835144043,0.35210350155830383,-10.048894882202148,-0.027904082089662552,-0.04446845501661301,-8.396500587463379,0.0,0.0,0.0,0.0,0.0,0.0,0.0,0.0,0.0,0.0,0.0,0.0,-0.03219439461827278,-0.020214468240737915,-0.009380646981298923,-0.020180542021989822,0.2624441981315613,0.26140767335891724,0.2648933529853821,0.29839110374450684,-1.5407253503799438,-0.8452956676483154,-1.64205002784729,0.0,0.0,0.0,0.0,0.0,0.0,0.0
33646645615,0,0.016393592581152916,-0.04138811305165291,-0.8506579399108887,6.569455581484362e-05,-0.04113857448101044,-0.8442511558532715,-0.02613661251962185,-0.04899602755904198,-0.012738783843815327,-0.03308558836579323,0.002976946532726288,0.006888747215270996,0.007525470573455095,0.0018676072359085083,0.08587247133255005,0.0,0.0,-0.1818402111530304,0.0689263641834259,-0.03215237706899643,-0.3440728783607483,-0.06784478574991226,-0.01952550932765007,-0.3080301582813263,-0.15347245335578918,-0.24457649886608124,-46.18075180053711,-0.32846999168395996,0.2855514585971832,0.016597315669059753,-0.21412836015224457,0.17234589159488678,-0.29394376277923584,0.22135868668556213,11.070359230041504,11.017780303955078,11.194693565368652,12.911452293395996,-0.029130859300494194,-0.021464843302965164,-0.0076660155318677425,-0.027597656473517418,0.0,-0.03374331817030907,-0.018202317878603935,-0.008219760842621326,-0.02052263170480728,0.0,-0.012389063835144043,0.35210350155830383,-10.048894882202148,-0.039829663932323456,-0.05373000353574753,-8.32405948638916,0.0,0.0,0.0,0.0,0.0,0.0,0.0,0.0,0.0,0.0,0.0,0.0,-0.032721489667892456,-0.019617091864347458,-0.0089505510404706,-0.02026890590786934,0.2624441981315613,0.26140767335891724,0.2648933529853821,0.29839110374450684,-1.8972872495651245,-1.4031269550323486,-1.4925256967544556,0.0,0.0,0.0,0.0,0.0,0.0,0.0
33657919660,0,0.016608405858278275,-0.042627040296792984,-0.8511399030685425,6.569455581484362e-05,-0.04113857448101044,-0.8442511558532715,-0.021430792286992073,-0.041295599192380905,-0.02130100131034851,-0.03308558836579323,0.002976946532726288,0.006888747215270996,0.010093094781041145,0.000980644254013896,0.07707614451646805,0.0,0.0,-0.1818402111530304,0.0423758290708065,-0.04681501165032387,-0.3498050570487976,-0.07972877472639084,-0.011938925832509995,-0.31055089831352234,-0.22833643853664398,-0.2921636998653412,-45.86591339111328,-0.2951449751853943,0.32547488808631897,0.034380316734313965,-0.21302588284015656,0.17226380109786987,-0.2952626049518585,0.2176898717880249,10.568275451660156,11.490220069885254,10.331341743469238,13.405278205871582,-0.029130859300494194,-0.021464843302965164,-0.006132812704890966,-0.027597656473517418,0.0,-0.03933297097682953,-0.018188947811722755,-0.004600124899297953,-0.018957562744617462,0.0,0.004815508145838976,-0.20732198655605316,-9.357337951660156,-0.039829663932323456,-0.05373000353574753,-8.32405948638916,0.0,0.0,0.0,0.0,0.0,0.0,0.0,0.0,0.0,0.0,0.0,0.0,-0.03342713788151741,-0.019061613827943802,-0.008437192998826504,-0.020286986604332924,0.25432610511779785,0.26840680837631226,0.2523370385169983,0.30563926696777344,-2.314146041870117,-1.4073460102081299,-1.080366849899292,0.0,0.0,0.0,0.0,0.0,0.0,0.0
33666625246,0,0.01669861562550068,-0.04312678426504135,-0.8512771129608154,6.569455581484362e-05,-0.04113857448101044,-0.8442511558532715,-0.022199951112270355,-0.03646816313266754,-0.021793020889163017,-0.033266011625528336,0.003976439591497183,0.007025957107543945,0.01035303995013237,0.0006021671579219401,0.07401491701602936,0.0,0.0,-0.21176539361476898,0.0423758290708065,-0.04681501165032387,-0.3498050570487976,-0.07437565177679062,-0.006537443958222866,-0.3401857912540436,-0.2190631479024887,-0.2955150306224823,-45.782325744628906,-0.27315378189086914,0.348186731338501,0.039920032024383545,-0.2124316543340683,0.1719655990600586,-0.2962890863418579,0.21550586819648743,10.568275451660156,11.490220069885254,10.331341743469238,13.405278205871582,-0.029130859300494194,-0.02299804612994194,-0.0076660155318677425,-0.027597656473517418,0.0,-0.03907354176044464,-0.01774420589208603,-0.004740267060697079,-0.01924239657819271,0.0,0.13353343307971954,-0.13196653127670288,-9.656357765197754,-0.039483897387981415,-0.06143750995397568,-8.320173263549805,0.0,0.0,0.0,0.0,0.0,0.0,0.0,0.0,0.0,0.0,0.0,0.0,-0.03459414467215538,-0.018607493489980698,-0.007650118786841631,-0.020135903730988503,0.2525220811367035,0.2707017958164215,0.24782148003578186,0.30791938304901123,-2.314146041870117,-1.4073460102081299,-1.080366849899292,0.0,0.0,0.0,0.0,0.0,0.0,0.0
33677354041,0,0.01669861562550068,-0.04312678426504135,-0.8512771129608154,6.569455581484362e-05,-0.04113857448101044,-0.8442511558532715,-0.022199951112270355,-0.03646816313266754,-0.021793020889163017,-0.03361056372523308,0.006014660466462374,0.007297933101654053,0.01035303995013237,0.0006021671579219401,0.07401491701602936,0.0,0.0,-0.21176539361476898,-0.007237052079290152,-0.06243211403489113,-0.3537263572216034,-0.07437565177679062,-0.006537443958222866,-0.3401857912540436,-0.2190631479024887,-0.2955150306224823,-45.782325744628906,-0.27315378189086914,0.348186731338501,0.039920032024383545,-0.2124316543340683,0.1719655990600586,-0.2962890863418579,0.21550586819648743,11.249563217163086,10.95274829864502,10.833715438842773,12.793073654174805,-0.027597656473517418,-0.024531250819563866,-0.009199218824505806,-0.026064453646540642,0.0,-0.03670608997344971,-0.01861504837870598,-0.00452045165002346,-0.02016335353255272,0.0,0.13353343307971954,-0.13196653127670288,-9.656357765197754,-0.033559057861566544,-0.06159215420484543,-8.35487174987793,0.0,0.0,0.0,0.0,0.0,0.0,0.0,0.0,0.0,0.0,0.0,0.0,-0.03589741513133049,-0.018285542726516724,-0.0067094736732542515,-0.01992606744170189,0.2525220811367035,0.2707017958164215,0.24782148003578186,0.30791938304901123,-2.5528504848480225,-0.9550860524177551,-0.5058342218399048,0.0,0.0,0.0,0.0,0.0,0.0,0.0
33687903063,0,0.01687089167535305,-0.044145889580249786,-0.8515490889549255,6.569455581484362e-05,-0.04113857448101044,-0.8442511558532715,-0.02574540488421917,-0.03465157374739647,-0.017192112281918526,-0.03361056372523308,0.006014660466462374,0.007297933101654053,0.009448202326893806,-0.00017709309759084135,0.06762703508138657,0.0,0.0,-0.21176539361476898,-0.007237052079290152,-0.06243211403489113,-0.3537263572216034,-0.07625757902860641,0.003321596421301365,-0.3327988088130951,-0.18457481265068054,-0.33875685930252075,-45.9517936706543,-0.21414698660373688,0.3739221394062042,0.020627349615097046,-0.2113407850265503,0.17065496742725372,-0.29861757159233093,0.211467444896698,11.225539207458496,11.099781036376953,10.72407054901123,12.914955139160156,-0.029130859300494194,-0.02299804612994194,-0.009199218824505806,-0.026064453646540642,0.0,-0.03695486858487129,-0.015785351395606995,-0.004167511593550444,-0.022009586915373802,0.0,0.13310036063194275,0.3998621702194214,-9.919258117675781,-0.033559057861566544,-0.06159215420484543,-8.35487174987793,0.0,0.0,0.0,0.0,0.0,0.0,0.0,0.0,0.0,0.0,0.0,0.0,-0.03680829331278801,-0.018017293885350227,-0.005836777854710817,-0.019909337162971497,0.2525220811367035,0.2707017958164215,0.24782148003578186,0.30791938304901123,-2.5528504848480225,-0.9550860524177551,-0.5058342218399048,0.0,0.0,0.0,0.0,0.0,0.0,0.0
33696813773,0,0.01687089167535305,-0.044145889580249786,-0.8515490889549255,6.569455581484362e-05,-0.04113857448101044,-0.8442511558532715,-0.02574540488421917,-0.03465157374739647,-0.017192112281918526,-0.03361056372523308,0.006014660466462374,0.007297933101654053,0.009448202326893806,-0.00017709309759084135,0.06762703508138657,0.0,0.0,-0.21176539361476898,-0.042994264513254166,-0.07964801043272018,-0.3649292290210724,-0.07625757902860641,0.003321596421301365,-0.3327988088130951,-0.20386247336864471,-0.28535374999046326,-46.128604888916016,-0.17877277731895447,0.4044097065925598,0.026792749762535095,-0.2101915329694748,0.16837334632873535,-0.3016330301761627,0.2070469707250595,11.21721363067627,11.305681228637695,10.512524604797363,13.106242179870605,-0.029130859300494194,-0.02299804612994194,-0.006132812704890966,-0.024531250819563866,0.0,-0.03579488396644592,-0.017660846933722496,-0.005279918666929007,-0.019631648436188698,0.0,0.13310036063194275,0.3998621702194214,-9.919258117675781,-0.033559057861566544,-0.06159215420484543,-8.35487174987793,0.0,0.0,0.0,0.0,0.0,0.0,0.0,0.0,0.0,0.0,0.0,0.0,-0.037218332290649414,-0.017690569162368774,-0.005167149472981691,-0.02009379304945469,0.2653365135192871,0.2670768201351166,0.2514168918132782,0.30215513706207275,-1.9934884309768677,-0.8264488577842712,-0.4681392014026642,0.0,0.0,0.0,0.0,0.0,0.0,0.0
33706756391,0,0.017090721055865288,-0.04527393355965614,-0.8518075346946716,6.569455581484362e-05,-0.04113857448101044,-0.8442511558532715,-0.024387864395976067,-0.03721395134925842,-0.01238625030964613,-0.03405022621154785,0.008270759135484695,0.0075563788414001465,0.008146073669195175,-0.0018154167337343097,0.06087040528655052,0.0,0.0,-0.2242342233657837,-0.0594371035695076,-0.08018626272678375,-0.3650131821632385,-0.07332858443260193,0.014864192344248295,-0.33964017033576965,-0.21399478614330292,-0.2300190031528473,-46.10209655761719,-0.15640287101268768,0.40707844495773315,0.010881245136260986,-0.2096208781003952,0.16837334632873535,-0.3016330301761627,0.2070469707250595,11.646806716918945,10.931492805480957,10.865069389343262,12.671212196350098,-0.029130859300494194,-0.021464843302965164,-0.006132812704890966,-0.024531250819563866,0.0,-0.03304780274629593,-0.020326469093561172,-0.006522434763610363,-0.01842976175248623,0.0,-0.16697028279304504,-0.30241313576698303,-9.722044944763184,-0.03706590458750725,-0.05188249796628952,-8.387019157409668,0.0,0.0,0.0,0.0,0.0,0.0,0.0,0.0,0.0,0.0,0.0,0.0,-0.03708411753177643,-0.017560847103595734,-0.00486462889239192,-0.020153485238552094,0.2653365135192871,0.2670768201351166,0.2514168918132782,0.30215513706207275,-1.9130284786224365,-0.43535855412483215,-0.20257750153541565,0.0,0.0,0.0,0.0,0.0,0.0,0.0
33716982037,0,0.01717967912554741,-0.04579627141356468,-0.8519301414489746,6.569455581484362e-05,-0.04113857448101044,-0.8442511558532715,-0.023491108790040016,-0.0411493182182312,-0.012632299214601517,-0.034228142350912094,0.00931544043123722,0.007678985595703125,0.007809522561728954,-0.0026247967034578323,0.057635534554719925,0.0,0.0,-0.24418434500694275,-0.0594371035695076,-0.08018626272678375,-0.3650131821632385,-0.06795722246170044,0.019230995327234268,-0.35958990454673767,-0.21399478614330292,-0.2300190031528473,-46.10209655761719,-0.15640287101268768,0.40707844495773315,0.010881245136260986,-0.2096208781003952,0.1670130342245102,-0.3033076226711273,0.20483286678791046,11.646806716918945,10.931492805480957,10.865069389343262,12.671212196350098,-0.029130859300494194,-0.02299804612994194,-0.006132812704890966,-0.024531250819563866,0.0,-0.03304780274629593,-0.020326469093561172,-0.006522434763610363,-0.01842976175248623,0.0,-0.01107998751103878,-0.34153687953948975,-9.94918155670166,-0.03890814259648323,-0.04182163625955582,-8.38219928741455,0.0,0.0,0.0,0.0,0.0,0.0,0.0,0.0,0.0,0.0,0.0,0.0,-0.03640002757310867,-0.01788441091775894,-0.004964436404407024,-0.019920213147997856,0.27377229928970337,0.25970515608787537,0.25839361548423767,0.2937384843826294,-1.9130284786224365,-0.43535855412483215,-0.20257750153541565,0.0,0.0,0.0,0.0,0.0,0.0,0.0
33727753268,0,0.01717967912554741,-0.04579627141356468,-0.8519301414489746,6.569455581484362e-05,-0.04113857448101044,-0.8442511558532715,-0.023491108790040016,-0.0411493182182312,-0.012632299214601517,-0.034228142350912094,0.00931544043123722,0.007678985595703125,0.007809522561728954,-0.0026247967034578323,0.057635534554719925,0.0,0.0,-0.24418434500694275,-0.08360058814287186,-0.07777238637208939,-0.36579036712646484,-0.06795722246170044,0.019230995327234268,-0.35958990454673767,-0.21399478614330292,-0.2300190031528473,-46.10209655761719,-0.15640287101268768,0.40707844495773315,0.010881245136260986,-0.2096208781003952,0.1670130342245102,-0.3033076226711273,0.20483286678791046,11.636826515197754,10.955845832824707,10.788372993469238,12.638169288635254,-0.029130859300494194,-0.021464843302965164,-0.006132812704890966,-0.02299804612994194,0.0,-0.03307616338133812,-0.020281285047531128,-0.006568802520632744,-0.01847795397043228,0.0,-0.01107998751103878,-0.34153687953948975,-9.94918155670166,-0.03890814259648323,-0.04182163625955582,-8.38219928741455,0.0,0.0,0.0,0.0,0.0,0.0,0.0,0.0,0.0,0.0,0.0,0.0,-0.03544631600379944,-0.018492083996534348,-0.005303155165165663,-0.01953268051147461,0.27377229928970337,0.25970515608787537,0.25839361548423767,0.2937384843826294,-1.5351427793502808,-0.0729735717177391,-0.04770919308066368,0.0,0.0,0.0,0.0,0.0,0.0,0.0
33736930048,0,0.017513379454612732,-0.047587670385837555,-0.8523004055023193,6.569455581484362e-05,-0.04113857448101044,-0.8442511558532715,-0.021534856408834457,-0.03609291464090347,-0.015611705370247364,-0.03489554673433304,0.012898256070911884,0.008049249649047852,0.0063866483978927135,-0.004656564444303513,0.047672759741544724,0.0,0.0,-0.266628235578537,-0.09309389442205429,-0.082989901304245,-0.3683081567287445,-0.05284671485424042,0.0339946448802948,-0.35004472732543945,-0.20272277295589447,-0.21132072806358337,-45.9094352722168,-0.11518882215023041,0.41446828842163086,0.01852235198020935,-0.2085835188627243,0.16406697034835815,-0.3064175248146057,0.2009752094745636,11.483918190002441,11.124908447265625,10.549755096435547,12.762709617614746,-0.029130859300494194,-0.021464843302965164,-0.006132812704890966,-0.024531250819563866,0.0,-0.032495301216840744,-0.020107712596654892,-0.007614918053150177,-0.01800350286066532,0.0,-0.01107998751103878,-0.34153687953948975,-9.94918155670166,-0.04521513730287552,-0.04454895108938217,-8.353715896606445,0.0,0.0,0.0,0.0,0.0,0.0,0.0,0.0,0.0,0.0,0.0,0.0,-0.034511808305978775,-0.019115179777145386,-0.0057494076900184155,-0.019123349338769913,0.2705780565738678,0.26351916790008545,0.2521548569202423,0.2955119013786316,-1.3653348684310913,-0.2951776683330536,-0.056327901780605316,0.0,0.0,0.0,0.0,0.0,0.0,0.0
33748439309,0,0.017648663371801376,-0.048236485570669174,-0.8524072170257568,6.569455581484362e-05,-0.04113857448101044,-0.8442511558532715,-0.021774934604763985,-0.033994242548942566,-0.015244247391819954,-0.03489554673433304,0.012898256070911884,0.008049249649047852,0.0054058535024523735,-0.0055437590926885605,0.044034481048583984,0.0,0.0,-0.266628235578537,-0.09309389442205429,-0.082989901304245,-0.3683081567287445,-0.045629844069480896,0.04131937026977539,-0.37257057428359985,-0.24868325889110565,-0.24501922726631165,-45.945438385009766,-0.0987466424703598,0.4307314455509186,0.004562482237815857,-0.20811326801776886,0.16252927482128143,-0.30792316794395447,0.1992167830467224,11.892251968383789,10.78487491607666,10.85759449005127,12.422195434570312,-0.029130859300494194,-0.021464843302965164,-0.004599609412252903,-0.02299804612994194,0.0,-0.03370565176010132,-0.021096430718898773,-0.0047579663805663586,-0.01810685358941555,0.0,-0.01107998751103878,-0.34153687953948975,-9.94918155670166,-0.04521513730287552,-0.04454895108938217,-8.353715896606445,0.0,0.0,0.0,0.0,0.0,0.0,0.0,0.0,0.0,0.0,0.0,0.0,-0.03376273438334465,-0.019658394157886505,-0.006133061368018389,-0.018742047250270844,0.2785753011703491,0.2568088173866272,0.25824588537216187,0.2889041602611542,-1.3653348684310913,-0.2951776683330536,-0.056327901780605316,0.0,0.0,0.0,0.0,0.0,0.0,0.0
33756676490,0,0.017648663371801376,-0.048236485570669174,-0.8524072170257568,6.569455581484362e-05,-0.04113857448101044,-0.8442511558532715,-0.021774934604763985,-0.033994242548942566,-0.015244247391819954,-0.03489554673433304,0.012898256070911884,0.008049249649047852,0.0054058535024523735,-0.0055437590926885605,0.044034481048583984,0.0,0.0,-0.266628235578537,-0.1187431663274765,-0.08461957424879074,-0.37430694699287415,-0.02958611585199833,0.05162116512656212,-0.39121705293655396,-0.2699386477470398,-0.26866573095321655,-46.29445266723633,-0.0987466424703598,0.4307314455509186,0.004562482237815857,-0.20811326801776886,0.16252927482128143,-0.30792316794395447,0.1992167830467224,12.111562728881836,10.889702796936035,10.856264114379883,12.448065757751465,-0.027597656473517418,-0.021464843302965164,-0.006132812704890966,-0.024531250819563866,0.0,-0.03440660238265991,-0.020815670490264893,-0.0032962264958769083,-0.018137147650122643,0.0,-0.01107998751103878,-0.34153687953948975,-9.94918155670166,-0.04521513730287552,-0.04454895108938217,-8.353715896606445,0.0,0.0,0.0,0.0,0.0,0.0,0.0,0.0,0.0,0.0,0.0,0.0,-0.03336029872298241,-0.02013234794139862,-0.006132368464022875,-0.018433935940265656,0.2785753011703491,0.2568088173866272,0.25824588537216187,0.2889041602611542,-1.2552132606506348,-0.03179258480668068,-0.16194581985473633,0.0,0.0,0.0,0.0,0.0,0.0,0.0
33766848731,0,0.017911462113261223,-0.04949561133980751,-0.8526383638381958,6.569455581484362e-05,-0.04113857448101044,-0.8442511558532715,-0.021022126078605652,-0.030242707580327988,-0.006598398555070162,-0.03569171577692032,0.016714157536625862,0.008387207984924316,0.002722090343013406,-0.00701347878202796,0.0369981974363327,0.0,0.0,-0.28657835721969604,-0.1187431663274765,-0.08461957424879074,-0.37430694699287415,-0.022967936471104622,0.056795503944158554,-0.3872418999671936,-0.2699386477470398,-0.26866573095321655,-46.29445266723633,-0.05010714381933212,0.45346349477767944,0.0036948472261428833,-0.20705051720142365,0.15843451023101807,-0.3117305040359497,0.19527390599250793,12.111562728881836,10.889702796936035,10.856264114379883,12.448065757751465,-0.029130859300494194,-0.021464843302965164,-0.004599609412252903,-0.02299804612994194,0.0,-0.034311164170503616,-0.02070956863462925,-0.003189820796251297,-0.018044335767626762,0.0,-0.0014796267496421933,0.015619944781064987,-10.178977966308594,-0.04907975345849991,-0.048848316073417664,-8.417173385620117,0.0,0.0,0.0,0.0,0.0,0.0,0.0,0.0,0.0,0.0,0.0,0.0,-0.03331870213150978,-0.020499592646956444,-0.005671206396073103,-0.018221957609057426,0.28285646438598633,0.2588801085948944,0.258219450712204,0.2894071042537689,-1.2552132606506348,-0.03179258480668068,-0.16194581985473633,0.0,0.0,0.0,0.0,0.0,0.0,0.0
33778669112,0,0.017911462113261223,-0.04949561133980751,-0.8526383638381958,6.569455581484362e-05,-0.04113857448101044,-0.8442511558532715,-0.021022126078605652,-0.030242707580327988,-0.006598398555070162,-0.03569171577692032,0.016714157536625862,0.008387207984924316,0.002722090343013406,-0.00701347878202796,0.0369981974363327,0.0,0.0,-0.28657835721969604,-0.13050253689289093,-0.07968438416719437,-0.3823293149471283,-0.022967936471104622,0.056795503944158554,-0.3872418999671936,-0.2699386477470398,-0.26866573095321655,-46.29445266723633,-0.05010714381933212,0.45346349477767944,0.0036948472261428833,-0.20705051720142365,0.15843451023101807,-0.3117305040359497,0.19527390599250793,12.111562728881836,10.889702796936035,10.856264114379883,12.448065757751465,-0.027597656473517418,-0.021464843302965164,-0.004599609412252903,-0.024531250819563866,0.0,-0.034311164170503616,-0.02070956863462925,-0.003189820796251297,-0.018044335767626762,0.0,-0.0014796267496421933,0.015619944781064987,-10.178977966308594,-0.04907975345849991,-0.048848316073417664,-8.417173385620117,0.0,0.0,0.0,0.0,0.0,0.0,0.0,0.0,0.0,0.0,0.0,0.0,-0.0334857814013958,-0.020723847672343254,-0.004991426598280668,-0.018089210614562035,0.28285646438598633,0.2588801085948944,0.258219450712204,0.2894071042537689,-0.7098618149757385,0.10839005559682846,-0.2706567347049713,0.0,0.0,0.0,0.0,0.0,0.0,0.0
33787632698,0,0.018214626237750053,-0.05072693154215813,-0.8528686761856079,6.569455581484362e-05,-0.04113857448101044,-0.8442511558532715,-0.02038244530558586,-0.027988437563180923,-0.00675620324909687,-0.03629804775118828,0.01917681097984314,0.008617520332336426,0.0001680046261753887,-0.008508714847266674,0.030111825093626976,0.0,0.0,-0.29655343294143677,-0.13209903240203857,-0.07925175130367279,-0.38515612483024597,-0.005080649629235268,0.06861279904842377,-0.39056462049484253,-0.287017285823822,-0.2668924927711487,-46.239891052246094,-0.021567553281784058,0.46251988410949707,0.010952368378639221,-0.20610806345939636,0.15408805012702942,-0.3153066039085388,0.1916857808828354,11.804591178894043,11.220357894897461,10.376907348632812,12.709295272827148,-0.027597656473517418,-0.019931640475988388,-0.004599609412252903,-0.02299804612994194,0.0,-0.03557562828063965,-0.020602023229002953,-0.00271698203869164,-0.01706828363239765,0.0,-0.21380463242530823,0.3210564851760864,-9.754035949707031,-0.05218496173620224,-0.04852590709924698,-8.40725326538086,0.0,0.0,0.0,0.0,0.0,0.0,0.0,0.0,0.0,0.0,0.0,0.0,-0.0337785929441452,-0.020826542750000954,-0.004302844405174255,-0.0179706159979105,0.28018274903297424,0.26277586817741394,0.2532093822956085,0.29209062457084656,-0.42281395196914673,0.05278593674302101,-0.23700691759586334,0.0,0.0,0.0,0.0,0.0,0.0,0.0
33796694258,0,0.018378520384430885,-0.05125083401799202,-0.8529869318008423,6.569455581484362e-05,-0.04113857448101044,-0.8442511558532715,-0.018821565434336662,-0.028089245781302452,-0.00965415220707655,-0.03662583604454994,0.020224619656801224,0.0087357759475708,-0.0007922147051431239,-0.009287557564675808,0.026889830827713013,0.0,0.0,-0.29655343294143677,-0.13209903240203857,-0.07925175130367279,-0.38515612483024597,0.004714898765087128,0.0748104676604271,-0.38613635301589966,-0.308771014213562,-0.25417014956474304,-46.100040435791016,-0.010600566864013672,0.4708200693130493,0.017464324831962585,-0.2056107074022293,0.15164265036582947,-0.3172857165336609,0.1897812783718109,11.804591178894043,11.220357894897461,10.376907348632812,12.709295272827148,-0.027597656473517418,-0.019931640475988388,-0.004599609412252903,-0.02299804612994194,0.0,-0.03580046817660332,-0.021640416234731674,-0.0023571723140776157,-0.01606653444468975,0.0,0.09170719981193542,0.20726898312568665,-10.220844268798828,-0.05614018440246582,-0.046212755143642426,-8.38182544708252,0.0,0.0,0.0,0.0,0.0,0.0,0.0,0.0,0.0,0.0,0.0,0.0,-0.034206241369247437,-0.02088848128914833,-0.0036767704878002405,-0.017744598910212517,0.2768612205982208,0.2653985023498535,0.2487262636423111,0.2944768965244293,-0.42281395196914673,0.05278593674302101,-0.23700691759586334,0.0,0.0,0.0,0.0,0.0,0.0,0.0
33807987580,0,0.01875288225710392,-0.052328452467918396,-0.8532088994979858,6.569455581484362e-05,-0.04113857448101044,-0.8442511558532715,-0.01393428910523653,-0.020555276423692703,-0.017551062628626823,-0.03737456351518631,0.022379867732524872,0.008957743644714355,-0.0027450250927358866,-0.010650217533111572,0.02049584686756134,0.0,0.0,-0.32398486137390137,-0.13595841825008392,-0.06789911538362503,-0.3817458152770996,0.004714898765087128,0.0748104676604271,-0.38613635301589966,-0.308771014213562,-0.25417014956474304,-46.100040435791016,-0.010600566864013672,0.4708200693130493,0.017464324831962585,-0.2056107074022293,0.15164265036582947,-0.3172857165336609,0.1897812783718109,11.804591178894043,11.220357894897461,10.376907348632812,12.709295272827148,-0.027597656473517418,-0.021464843302965164,-0.004599609412252903,-0.02299804612994194,0.0,-0.03580046817660332,-0.021640416234731674,-0.0023571723140776157,-0.01606653444468975,0.0,0.09170719981193542,0.20726898312568665,-10.220844268798828,-0.06806670129299164,-0.05698618292808533,-8.319612503051758,0.0,0.0,0.0,0.0,0.0,0.0,0.0,0.0,0.0,0.0,0.0,0.0,-0.03470037132501602,-0.021009791642427444,-0.0031419561710208654,-0.017370004206895828,0.2768612205982208,0.2653985023498535,0.2487262636423111,0.2944768965244293,-0.20784229040145874,0.4662286937236786,0.0768502950668335,0.0,0.0,0.0,0.0,0.0,0.0,0.0
33817796302,0,0.01875288225710392,-0.052328452467918396,-0.8532088994979858,6.569455581484362e-05,-0.04113857448101044,-0.8442511558532715,-0.01393428910523653,-0.020555276423692703,-0.017551062628626823,-0.03737456351518631,0.022379867732524872,0.008957743644714355,-0.0027450250927358866,-0.010650217533111572,0.02049584686756134,0.0,0.0,-0.32398486137390137,-0.13595841825008392,-0.06789911538362503,-0.3817458152770996,0.0264243446290493,0.08656269311904907,-0.41052645444869995,-0.3743668496608734,-0.3134239912033081,-45.757869720458984,0.017540201544761658,0.4708031415939331,-0.0041656941175460815,-0.20471397042274475,0.14692099392414093,-0.32100364565849304,0.18652568757534027,12.303900718688965,10.636557579040527,10.788113594055176,12.040166854858398,-0.027597656473517418,-0.024531250819563866,-0.004599609412252903,-0.02299804612994194,0.0,-0.03785769268870354,-0.02294757030904293,0.0019146634731441736,-0.01669229380786419,0.0,-0.04048909991979599,0.45752236247062683,-10.001326560974121,-0.06806670129299164,-0.05698618292808533,-8.319612503051758,0.0,0.0,0.0,0.0,0.0,0.0,0.0,0.0,0.0,0.0,0.0,0.0,-0.03524129092693329,-0.02124612405896187,-0.0025370463263243437,-0.01697411574423313,0.2866034209728241,0.2538744807243347,0.2568728029727936,0.2814638316631317,-0.20784229040145874,0.4662286937236786,0.0768502950668335,0.0,0.0,0.0,0.0,0.0,0.0,0.0
33826672606,0,0.01875288225710392,-0.052328452467918396,-0.8532088994979858,6.569455581484362e-05,-0.04113857448101044,-0.8442511558532715,-0.01393428910523653,-0.020555276423692703,-0.017551062628626823,-0.03737456351518631,0.022379867732524872,0.008957743644714355,-0.0027450250927358866,-0.010650217533111572,0.02049584686756134,0.0,0.0,-0.32398486137390137,-0.13818958401679993,-0.03806436061859131,-0.3844470977783203,0.0264243446290493,0.08656269311904907,-0.41052645444869995,-0.3743668496608734,-0.3134239912033081,-45.757869720458984,0.017540201544761658,0.4708031415939331,-0.0041656941175460815,-0.20471397042274475,0.14692099392414093,-0.32100364565849304,0.18652568757534027,12.303900718688965,10.636557579040527,10.788113594055176,12.040166854858398,-0.027597656473517418,-0.024531250819563866,-0.004599609412252903,-0.021464843302965164,0.0,-0.03785769268870354,-0.02294757030904293,0.0019146634731441736,-0.01669229380786419,0.0,-0.15032538771629333,0.3286735415458679,-9.696425437927246,-0.06806670129299164,-0.05698618292808533,-8.319612503051758,0.0,0.0,0.0,0.0,0.0,0.0,0.0,0.0,0.0,0.0,0.0,0.0,-0.0358952134847641,-0.02161601558327675,-0.0016151502495631576,-0.01669854111969471,0.2866034209728241,0.2538744807243347,0.2568728029727936,0.2814638316631317,0.027069048956036568,1.1755424737930298,-0.06227998808026314,0.0,0.0,0.0,0.0,0.0,0.0,0.0
33837632409,0,0.01942354626953602,-0.05401366204023361,-0.8535451292991638,6.569455581484362e-05,-0.04113857448101044,-0.8442511558532715,-0.011241047643125057,-0.015369405969977379,-0.017016835510730743,-0.038715898990631104,0.025750303640961647,0.009293973445892334,-0.006709752604365349,-0.011213606223464012,0.010018965229392052,0.0,0.0,-0.34144121408462524,-0.13818958401679993,-0.03806436061859131,-0.3844470977783203,0.04694770649075508,0.09267410635948181,-0.42135095596313477,-0.43164610862731934,-0.34570419788360596,-45.69156265258789,0.04091615974903107,0.4442785978317261,-0.008199632167816162,-0.2038773000240326,0.14188310503959656,-0.3243170380592346,0.18361353874206543,12.383522987365723,10.595332145690918,10.877070426940918,11.845706939697266,-0.027597656473517418,-0.02299804612994194,-0.003066406352445483,-0.021464843302965164,0.0,-0.04009954258799553,-0.023785434663295746,0.004893715027719736,-0.0161433182656765,0.0,-0.15032538771629333,0.3286735415458679,-9.696425437927246,-0.077122263610363,-0.061113499104976654,-8.325984954833984,0.0,0.0,0.0,0.0,0.0,0.0,0.0,0.0,0.0,0.0,0.0,0.0,-0.0366823710501194,-0.022082295268774033,-0.00037297498784027994,-0.0165365319699049,0.28815221786499023,0.2530581057071686,0.258630633354187,0.277665376663208,0.027069048956036568,1.1755424737930298,-0.06227998808026314,0.0,0.0,0.0,0.0,0.0,0.0,0.0
33847750486,0,0.019603852182626724,-0.05461426451802254,-0.8536496758460999,6.569455581484362e-05,-0.04113857448101044,-0.8442511558532715,-0.012649974785745144,-0.013894950971007347,-0.016344550997018814,-0.039076514542102814,0.026951514184474945,0.00939851999282837,-0.00812903419137001,-0.011231484822928905,0.006563807372003794,0.0,0.0,-0.3613913357257843,-0.13518749177455902,-0.022013885900378227,-0.3849360942840576,0.05805772915482521,0.09697669744491577,-0.43897685408592224,-0.42417246103286743,-0.3361242413520813,-45.79291534423828,0.05214528739452362,0.4285094141960144,-0.0023662447929382324,-0.20345281064510345,0.1391110122203827,-0.3258303105831146,0.1821538358926773,12.256295204162598,10.808063507080078,10.763251304626465,11.975738525390625,-0.027597656473517418,-0.02299804612994194,-0.003066406352445483,-0.021464843302965164,0.0,-0.0399860180914402,-0.02334340661764145,0.004428153857588768,-0.015867292881011963,0.0,0.17489705979824066,0.41976606845855713,-9.637568473815918,-0.07535017281770706,-0.061891503632068634,-8.330718994140625,0.0,0.0,0.0,0.0,0.0,0.0,0.0,0.0,0.0,0.0,0.0,0.0,-0.03759140893816948,-0.022566847503185272,0.0010508833220228553,-0.016396885737776756,0.28815221786499023,0.2530581057071686,0.258630633354187,0.277665376663208,0.21885564923286438,1.2902913093566895,-0.05358574166893959,0.0,0.0,0.0,0.0,0.0,0.0,0.0
33857704047,0,0.019603852182626724,-0.05461426451802254,-0.8536496758460999,6.569455581484362e-05,-0.04113857448101044,-0.8442511558532715,-0.012649974785745144,-0.013894950971007347,-0.016344550997018814,-0.039076514542102814,0.026951514184474945,0.00939851999282837,-0.00812903419137001,-0.011231484822928905,0.006563807372003794,0.0,0.0,-0.3613913357257843,-0.1250070184469223,-0.004788497928529978,-0.38678038120269775,0.05805772915482521,0.09697669744491577,-0.43897685408592224,-0.41357988119125366,-0.264179527759552,-45.84105682373047,0.05214528739452362,0.4285094141960144,-0.0023662447929382324,-0.20345281064510345,0.1391110122203827,-0.3258303105831146,0.1821538358926773,12.592167854309082,10.510710716247559,11.085165977478027,11.664169311523438,-0.027597656473517418,-0.024531250819563866,-0.003066406352445483,-0.021464843302965164,0.0,-0.036599840968847275,-0.026068300008773804,0.0016670733457431197,-0.014431308023631573,0.0,0.17489705979824066,0.41976606845855713,-9.637568473815918,-0.07535017281770706,-0.061891503632068634,-8.330718994140625,0.0,0.0,0.0,0.0,0.0,0.0,0.0,0.0,0.0,0.0,0.0,0.0,-0.038329385221004486,-0.023094547912478447,0.002268456155434251,-0.016176972538232803,0.28567662835121155,0.2572673261165619,0.25638142228126526,0.2802060544490814,0.5404504537582397,0.9452954530715942,-0.08020905405282974,0.0,0.0,0.0,0.0,0.0,0.0,0.0
33866680432,0,0.020029835402965546,-0.055769339203834534,-0.8538236021995544,6.569455581484362e-05,-0.04113857448101044,-0.8442511558532715,-0.014084279537200928,-0.021378807723522186,-0.014579693786799908,-0.039928484708070755,0.029261676594614983,0.009572446346282959,-0.010299495421350002,-0.011461695656180382,-0.0002450010506436229,0.0,0.0,-0.3613913357257843,-0.1250070184469223,-0.004788497928529978,-0.38678038120269775,0.07499707490205765,0.09894896298646927,-0.4304758310317993,-0.4115011394023895,-0.23460741341114044,-45.87926483154297,0.06064164638519287,0.42261290550231934,-0.008900433778762817,-0.2027219533920288,0.13395795226097107,-0.328328400850296,0.1796528846025467,12.4464693069458,10.6879243850708,10.943039894104004,11.812621116638184,-0.027597656473517418,-0.02299804612994194,-0.0015332031762227416,-0.021464843302965164,0.0,-0.03606492653489113,-0.026471400633454323,0.0007387285586446524,-0.013359715230762959,0.0,0.1960420459508896,0.35176458954811096,-9.622549057006836,-0.07481838762760162,-0.04265589267015457,-8.341684341430664,0.0,0.0,0.0,0.0,0.0,0.0,0.0,0.0,0.0,0.0,0.0,0.0,-0.038504716008901596,-0.023795705288648605,0.002840849105268717,-0.015763502568006516,0.28567662835121155,0.2572673261165619,0.25638142228126526,0.2802060544490814,0.5404504537582397,0.9452954530715942,-0.08020905405282974,0.0,0.0,0.0,0.0,0.0,0.0,0.0
33877775406,0,0.020029835402965546,-0.055769339203834534,-0.8538236021995544,6.569455581484362e-05,-0.04113857448101044,-0.8442511558532715,-0.014084279537200928,-0.021378807723522186,-0.014579693786799908,-0.040799450129270554,0.03143417090177536,0.0096970796585083,-0.010299495421350002,-0.011461695656180382,-0.0002450010506436229,0.0,0.0,-0.3738601505756378,-0.09529639035463333,0.024845091626048088,-0.39665859937667847,0.07499707490205765,0.09894896298646927,-0.4304758310317993,-0.4175563156604767,-0.22797009348869324,-45.849674224853516,0.042278438806533813,0.38657620549201965,-0.0016227364540100098,-0.20201128721237183,0.12866345047950745,-0.33055955171585083,0.17706499993801117,12.17330551147461,10.889432907104492,10.837356567382812,11.959906578063965,-0.027597656473517418,-0.024531250819563866,-0.0015332031762227416,-0.019931640475988388,0.0,-0.036794159561395645,-0.02632272057235241,0.0007982174283824861,-0.012755348347127438,0.0,0.1960420459508896,0.35176458954811096,-9.622549057006836,-0.07591933012008667,-0.041449107229709625,-8.336304664611816,0.0,0.0,0.0,0.0,0.0,0.0,0.0,0.0,0.0,0.0,0.0,0.0,-0.038199055939912796,-0.024608824402093887,0.0027800307143479586,-0.015138141810894012,0.2840600609779358,0.258874773979187,0.25784599781036377,0.2798968553543091,1.3797633647918701,1.3603099584579468,-0.3274306356906891,0.0,0.0,0.0,0.0,0.0,0.0,0.0
33887999401,0,0.020465316250920296,-0.05685558170080185,-0.8539482355117798,6.569455581484362e-05,-0.04113857448101044,-0.8442511558532715,-0.014786191284656525,-0.01998412236571312,-0.014920935966074467,-0.040799450129270554,0.03143417090177536,0.0096970796585083,-0.011567464098334312,-0.011312051676213741,-0.007238732185214758,0.0,0.0,-0.3738601505756378,-0.07559005916118622,0.039641667157411575,-0.4030891954898834,0.08944312483072281,0.09446483850479126,-0.43644970655441284,-0.4350787103176117,-0.24997550249099731,-45.90636444091797,0.02654266357421875,0.3698914647102356,-0.005266517400741577,-0.20167581737041473,0.12630203366279602,-0.3313637673854828,0.17570744454860687,12.229116439819336,10.813961029052734,10.992098808288574,11.88188648223877,-0.027597656473517418,-0.024531250819563866,0.0,-0.019931640475988388,0.0,-0.03773989900946617,-0.026326123625040054,0.0020915414206683636,-0.012941824272274971,0.0,-0.09593188762664795,0.3474962115287781,-9.630181312561035,-0.07591933012008667,-0.041449107229709625,-8.336304664611816,0.0,0.0,0.0,0.0,0.0,0.0,0.0,0.0,0.0,0.0,0.0,0.0,-0.037799473851919174,-0.025332001969218254,0.0024413401260972023,-0.014427375048398972,0.28514745831489563,0.2573837339878082,0.26090118288993835,0.27837246656417847,1.6789230108261108,1.3739901781082153,-0.400873601436615,0.0,0.0,0.0,0.0,0.0,0.0,0.0
33898012875,0,0.02065795287489891,-0.05735716596245766,-0.8539956212043762,6.569455581484362e-05,-0.04113857448101044,-0.8442511558532715,-0.01378721371293068,-0.017066411674022675,-0.013499309308826923,-0.04118472337722778,0.03243734687566757,0.009744465351104736,-0.01197048556059599,-0.010872534476220608,-0.010981453582644463,0.0,0.0,-0.3888227641582489,-0.059683796018362045,0.0431690476834774,-0.41027775406837463,0.09404386579990387,0.0919092670083046,-0.4500806927680969,-0.4350787103176117,-0.24997550249099731,-45.90636444091797,0.02654266357421875,0.3698914647102356,-0.005266517400741577,-0.20167581737041473,0.12630203366279602,-0.3313637673854828,0.17570744454860687,12.229116439819336,10.813961029052734,10.992098808288574,11.88188648223877,-0.027597656473517418,-0.026064453646540642,0.0,-0.019931640475988388,0.0,-0.03773989900946617,-0.026326123625040054,0.0020915414206683636,-0.012941824272274971,0.0,-0.08965455740690231,-0.01804105006158352,-9.516895294189453,-0.07910522073507309,-0.04545009136199951,-8.346611976623535,0.0,0.0,0.0,0.0,0.0,0.0,0.0,0.0,0.0,0.0,0.0,0.0,-0.037548329681158066,-0.025870949029922485,0.0021505572367459536,-0.01379508525133133,0.28514745831489563,0.2573837339878082,0.26090118288993835,0.27837246656417847,1.7628449201583862,0.939108669757843,-0.49788349866867065,0.0,0.0,0.0,0.0,0.0,0.0,0.0
33909643503,0,0.02065795287489891,-0.05735716596245766,-0.8539956212043762,6.569455581484362e-05,-0.04113857448101044,-0.8442511558532715,-0.01378721371293068,-0.017066411674022675,-0.013499309308826923,-0.04118472337722778,0.03243734687566757,0.009744465351104736,-0.01197048556059599,-0.010872534476220608,-0.010981453582644463,0.0,0.0,-0.3888227641582489,-0.04045194014906883,0.043058477342128754,-0.4144786596298218,0.09404386579990387,0.0919092670083046,-0.4500806927680969,-0.4350787103176117,-0.24997550249099731,-45.90636444091797,0.02654266357421875,0.3698914647102356,-0.005266517400741577,-0.20167581737041473,0.12630203366279602,-0.3313637673854828,0.17570744454860687,12.229116439819336,10.813961029052734,10.992098808288574,11.88188648223877,-0.027597656473517418,-0.026064453646540642,0.003066406352445483,-0.018398437649011612,0.0,-0.03773989900946617,-0.026326123625040054,0.0020915414206683636,-0.012941824272274971,0.0,-0.08965455740690231,-0.01804105006158352,-9.516895294189453,-0.07910522073507309,-0.04545009136199951,-8.346611976623535,0.0,0.0,0.0,0.0,0.0,0.0,0.0,0.0,0.0,0.0,0.0,0.0,-0.03746015951037407,-0.02622000128030777,0.001996656646952033,-0.013326669111847878,0.28514745831489563,0.2573837339878082,0.26090118288993835,0.27837246656417847,1.8478137254714966,0.4978162348270416,-0.38277509808540344,0.0,0.0,0.0,0.0,0.0,0.0,0.0
33918712945,0,0.020944172516465187,-0.05835042893886566,-0.8541228771209717,6.569455581484362e-05,-0.04113857448101044,-0.8442511558532715,-0.009790918789803982,-0.017079558223485947,-0.003650600090622902,-0.041757166385650635,0.03442388027906418,0.009871721267700195,-0.013230172917246819,-0.010079377330839634,-0.022869743406772614,0.0,0.0,-0.39381030201911926,-0.04045194014906883,0.043058477342128754,-0.4144786596298218,0.09903508424758911,0.08760765939950943,-0.4386568069458008,-0.49072083830833435,-0.23048458993434906,-46.13332748413086,-0.004156336188316345,0.372873455286026,0.011460438370704651,-0.20107582211494446,0.12253394722938538,-0.33263683319091797,0.17307130992412567,11.82542896270752,11.236709594726562,10.672728538513184,12.408822059631348,-0.027597656473517418,-0.026064453646540642,0.004599609412252903,-0.018398437649011612,0.0,-0.04005536437034607,-0.027642229571938515,0.003412810154259205,-0.010198832489550114,0.0,-0.311664342880249,0.32783043384552,-9.994158744812012,-0.08981595933437347,-0.04199919104576111,-8.415910720825195,0.0,0.0,0.0,0.0,0.0,0.0,0.0,0.0,0.0,0.0,0.0,0.0,-0.03757523000240326,-0.02647196501493454,0.0019994277972728014,-0.012898742221295834,0.2772688567638397,0.2657201588153839,0.2545904815196991,0.2886442542076111,1.8478137254714966,0.4978162348270416,-0.38277509808540344,0.0,0.0,0.0,0.0,0.0,0.0,0.0
33943885666,0,0.021055446937680244,-0.058576248586177826,-0.8541473746299744,6.569455581484362e-05,-0.04113857448101044,-0.8442511558532715,-0.006421939004212618,-0.019475148990750313,-0.0020115298684686422,-0.04197971522808075,0.034875523298978806,0.00989621877670288,-0.013364852406084538,-0.009760062210261822,-0.02670322172343731,0.0,0.0,-0.39381030201911926,-0.028736699372529984,0.043657995760440826,-0.41860902309417725,0.10026903450489044,0.08517739176750183,-0.4400397539138794,-0.4939877688884735,-0.2309955507516861,-46.28750991821289,-0.012915320694446564,0.371690034866333,0.014063253998756409,-0.2008012980222702,0.12253394722938538,-0.33263683319091797,0.17307130992412567,11.783935546875,11.328400611877441,10.66114616394043,12.524417877197266,-0.027597656473517418,-0.027597656473517418,0.004599609412252903,-0.018398437649011612,0.0,-0.04028458520770073,-0.02747812680900097,0.003569799242541194,-0.010003067553043365,0.0,-0.12246949225664139,0.08829565346240997,-9.815354347229004,-0.0976102352142334,-0.036667630076408386,-8.424386024475098,0.0,0.0,0.0,0.0,0.0,0.0,0.0,0.0,0.0,0.0,0.0,0.0,-0.037993233650922775,-0.026743542402982712,0.002207887824624777,-0.012307582423090935,0.2772688567638397,0.2657201588153839,0.2545904815196991,0.2886442542076111,1.6297886371612549,0.32767266035079956,-0.35878777503967285,0.0,0.0,0.0,0.0,0.0,0.0,0.0
33943930588,0,0.021055446937680244,-0.058576248586177826,-0.8541473746299744,6.569455581484362e-05,-0.04113857448101044,-0.8442511558532715,-0.006421939004212618,-0.019475148990750313,-0.0020115298684686422,-0.04197971522808075,0.034875523298978806,0.00989621877670288,-0.013364852406084538,-0.009760062210261822,-0.02670322172343731,0.0,0.0,-0.39381030201911926,0.013293265365064144,0.04909365251660347,-0.41716229915618896,0.10026903450489044,0.08517739176750183,-0.4400397539138794,-0.5672937631607056,-0.266431599855423,-46.210262298583984,-0.05790722742676735,0.3576452136039734,0.016795441508293152,-0.20015597343444824,0.11815614253282547,-0.33454999327659607,0.16913971304893494,11.606813430786133,11.32893180847168,10.663012504577637,12.621952056884766,-0.027597656473517418,-0.029130859300494194,0.004599609412252903,-0.016865234822034836,0.0,-0.044154562056064606,-0.028597205877304077,0.007240569218993187,-0.00880937185138464,0.0,-0.12246949225664139,0.08829565346240997,-9.815354347229004,-0.0976102352142334,-0.036667630076408386,-8.424386024475098,0.0,0.0,0.0,0.0,0.0,0.0,0.0,0.0,0.0,0.0,0.0,0.0,-0.03878958523273468,-0.02707185596227646,0.002723817713558674,-0.011545560322701931,0.27298855781555176,0.2675339877605438,0.25439831614494324,0.292783260345459,2.06343412399292,0.3061796724796295,0.06193631514906883,0.0,0.0,0.0,0.0,0.0,0.0,0.0
33947987764,0,0.021228687837719917,-0.058956678956747055,-0.8541724681854248,6.569455581484362e-05,-0.04113857448101044,-0.8442511558532715,-0.004218266345560551,-0.013150808401405811,-0.004184875171631575,-0.042326200753450394,0.03563638776540756,0.00992131233215332,-0.012667597271502018,-0.009002937003970146,-0.033878982067108154,0.0,0.0,-0.39879781007766724,0.013293265365064144,0.04909365251660347,-0.41716229915618896,0.0941765233874321,0.07525067776441574,-0.43529757857322693,-0.5672937631607056,-0.266431599855423,-46.210262298583984,-0.05790722742676735,0.3576452136039734,0.016795441508293152,-0.20015597343444824,0.11815614253282547,-0.33454999327659607,0.16913971304893494,11.606813430786133,11.32893180847168,10.663012504577637,12.621952056884766,-0.027597656473517418,-0.03066406212747097,0.003066406352445483,-0.016865234822034836,0.0,-0.044154562056064606,-0.028597205877304077,0.007240569218993187,-0.00880937185138464,0.0,-0.10920292139053345,0.11483636498451233,-9.564407348632812,-0.1031443178653717,-0.048442110419273376,-8.40186595916748,0.0,0.0,0.0,0.0,0.0,0.0,0.0,0.0,0.0,0.0,0.0,0.0,-0.03999269753694534,-0.027463167905807495,0.0036416826769709587,-0.010720954276621342,0.27298855781555176,0.2675339877605438,0.25439831614494324,0.292783260345459,2.06343412399292,0.3061796724796295,0.06193631514906883,0.0,0.0,0.0,0.0,0.0,0.0,0.0
33957225751,0,0.021314235404133797,-0.059096112847328186,-0.8541854023933411,6.569455581484362e-05,-0.04113857448101044,-0.8442511558532715,-0.001489383401349187,-0.00409502349793911,-0.009993531741201878,-0.04249729588627815,0.035915255546569824,0.00993424654006958,-0.010622905567288399,-0.008672419935464859,-0.0410163477063179,0.0,0.0,-0.4012915790081024,0.07340006530284882,0.0375899113714695,-0.41368722915649414,0.0941765233874321,0.07525067776441574,-0.43529757857322693,-0.598837673664093,-0.3672691583633423,-45.96466827392578,-0.13835421204566956,0.3736381232738495,0.01861424744129181,-0.19954779744148254,0.11815614253282547,-0.33454999327659607,0.16913971304893494,11.40123176574707,11.164717674255371,10.654841423034668,12.754734992980957,-0.027597656473517418,-0.03066406212747097,0.003066406352445483,-0.016865234822034836,0.0,-0.04900292679667473,-0.026763534173369408,0.011701099574565887,-0.010586695745587349,0.0,-0.10920292139053345,0.11483636498451233,-9.564407348632812,-0.10887958109378815,-0.06677620857954025,-8.35721206665039,0.0,0.0,0.0,0.0,0.0,0.0,0.0,0.0,0.0,0.0,0.0,0.0,-0.041576042771339417,-0.027780290693044662,0.004962964449077845,-0.01004465576261282,0.27298855781555176,0.2675339877605438,0.25439831614494324,0.292783260345459,2.8462517261505127,-0.2923593521118164,0.24134275317192078,0.0,0.0,0.0,0.0,0.0,0.0,0.0
33966882612,0,0.021314235404133797,-0.059096112847328186,-0.8541854023933411,6.569455581484362e-05,-0.04113857448101044,-0.8442511558532715,-0.001489383401349187,-0.00409502349793911,-0.009993531741201878,-0.04249729588627815,0.035915255546569824,0.00993424654006958,-0.010622905567288399,-0.008672419935464859,-0.0410163477063179,0.0,0.0,-0.4012915790081024,0.09901728481054306,0.037567734718322754,-0.4107402563095093,0.08036711066961288,0.07243655622005463,-0.42909306287765503,-0.5776793956756592,-0.3921400010585785,-45.97256088256836,-0.17101863026618958,0.3698839247226715,0.01972287893295288,-0.19921556115150452,0.11685874313116074,-0.33586788177490234,0.16696575284004211,11.320145606994629,11.149730682373047,10.684412002563477,12.829252243041992,-0.027597656473517418,-0.03066406212747097,0.003066406352445483,-0.015332031063735485,0.0,-0.04943836107850075,-0.025307053700089455,0.011825378984212875,-0.0117656160145998,0.0,-0.027410250157117844,-0.10409398376941681,-9.408510208129883,-0.10887958109378815,-0.06677620857954025,-8.35721206665039,0.0,0.0,0.0,0.0,0.0,0.0,0.0,0.0,0.0,0.0,0.0,0.0,-0.043521638959646225,-0.027766037732362747,0.006656117271631956,-0.009784460067749023,0.2689546048641205,0.2643031179904938,0.2542363703250885,0.29535728693008423,2.642035484313965,-0.13059037923812866,0.3027200996875763,0.0,0.0,0.0,0.0,0.0,0.0,0.0
33976908811,0,0.021330982446670532,-0.05910346284508705,-0.8541738986968994,6.569455581484362e-05,-0.04113857448101044,-0.8442511558532715,-0.0035105503629893064,-0.0018404771108180285,-0.010017134249210358,-0.042530789971351624,0.035929955542087555,0.00992274284362793,-0.009476741775870323,-0.008283439092338085,-0.044576313346624374,0.0,0.0,-0.4012915790081024,0.09901728481054306,0.037567734718322754,-0.4107402563095093,0.08036711066961288,0.07243655622005463,-0.42909306287765503,-0.5776793956756592,-0.3921400010585785,-45.97256088256836,-0.17101863026618958,0.3698839247226715,0.01972287893295288,-0.19921556115150452,0.11682497709989548,-0.3366604149341583,0.1659591794013977,11.320145606994629,11.149730682373047,10.684412002563477,12.829252243041992,-0.029130859300494194,-0.029130859300494194,0.003066406352445483,-0.013798828236758709,0.0,-0.04943836107850075,-0.025307053700089455,0.011825378984212875,-0.0117656160145998,0.0,-0.027410250157117844,-0.10409398376941681,-9.408510208129883,-0.10503261536359787,-0.07129818201065063,-8.358647346496582,0.0,0.0,0.0,0.0,0.0,0.0,0.0,0.0,0.0,0.0,0.0,0.0,-0.04555021971464157,-0.027372466400265694,0.008436965756118298,-0.009967684745788574,0.2673611640930176,0.264008104801178,0.2548217177391052,0.29680055379867554,2.642035484313965,-0.13059037923812866,0.3027200996875763,0.0,0.0,0.0,0.0,0.0,0.0,0.0
33987619766,0,0.021330982446670532,-0.05910346284508705,-0.8541738986968994,6.569455581484362e-05,-0.04113857448101044,-0.8442511558532715,-0.0035105503629893064,-0.0018404771108180285,-0.010017134249210358,-0.042530789971351624,0.035929955542087555,0.00992274284362793,-0.009476741775870323,-0.008283439092338085,-0.044576313346624374,0.0,0.0,-0.4012915790081024,0.12121416628360748,0.04868782311677933,-0.40244829654693604,0.07124398648738861,0.06948533654212952,-0.42474865913391113,-0.5776793956756592,-0.3921400010585785,-45.97256088256836,-0.17101863026618958,0.3698839247226715,0.01972287893295288,-0.19921556115150452,0.11682497709989548,-0.3366604149341583,0.1659591794013977,11.320145606994629,11.149730682373047,10.684412002563477,12.829252243041992,-0.03066406212747097,-0.027597656473517418,0.004599609412252903,-0.013798828236758709,0.0,-0.04943836107850075,-0.025307053700089455,0.011825378984212875,-0.0117656160145998,0.0,-0.1622254103422165,0.15444809198379517,-9.740596771240234,-0.10503261536359787,-0.07129818201065063,-8.358647346496582,0.0,0.0,0.0,0.0,0.0,0.0,0.0,0.0,0.0,0.0,0.0,0.0,-0.04726536571979523,-0.02679777704179287,0.009938063099980354,-0.01038956455886364,0.2673611640930176,0.264008104801178,0.2548217177391052,0.29680055379867554,1.548187494277954,0.3460316061973572,0.4394180476665497,0.0,0.0,0.0,0.0,0.0,0.0,0.0
33999246656,0,0.02121436782181263,-0.0590616911649704,-0.8540905117988586,6.569455581484362e-05,-0.04113857448101044,-0.8442511558532715,-0.0057952129282057285,-0.0015981985488906503,-0.004832868464291096,-0.04229756072163582,0.03584641218185425,0.009839355945587158,-0.00786037091165781,-0.007125037256628275,-0.05202370509505272,0.0,0.0,-0.4212417006492615,0.12121416628360748,0.04868782311677933,-0.40244829654693604,0.04994593933224678,0.061484843492507935,-0.4402385950088501,-0.5538323521614075,-0.3964422345161438,-46.202415466308594,-0.20425966382026672,0.34727218747138977,0.0014148950576782227,-0.19860044121742249,0.11750955879688263,-0.3379354774951935,0.16444863379001617,11.749777793884277,10.73328971862793,11.285209655761719,12.445478439331055,-0.03066406212747097,-0.029130859300494194,0.006132812704890966,-0.013798828236758709,0.0,-0.04698352888226509,-0.0252993106842041,0.01064268872141838,-0.01287444494664669,0.0,-0.17189311981201172,0.0035532114561647177,-9.472915649414062,-0.10069678723812103,-0.07208040356636047,-8.400439262390137,0.0,0.0,0.0,0.0,0.0,0.0,0.0,0.0,0.0,0.0,0.0,0.0,-0.048396624624729156,-0.026239700615406036,0.010970021598041058,-0.010902121663093567,0.27578869462013245,0.2557887136936188,0.26667430996894836,0.28935688734054565,1.548187494277954,0.3460316061973572,0.4394180476665497,0.0,0.0,0.0,0.0,0.0,0.0,0.0
34007531049,0,0.02113279514014721,-0.05897380784153938,-0.8539201021194458,6.569455581484362e-05,-0.04113857448101044,-0.8442511558532715,-0.008738303557038307,-0.005529467947781086,0.003211189992725849,-0.04213441535830498,0.03567064553499222,0.009668946266174316,-0.005608717445284128,-0.006524748168885708,-0.05932053178548813,0.0,0.0,-0.43620431423187256,0.13187359273433685,0.044489506632089615,-0.40115413069725037,0.04072060063481331,0.05496063455939293,-0.4339004158973694,-0.5466117858886719,-0.40226510167121887,-46.34203338623047,-0.22399017214775085,0.3531484305858612,0.005461260676383972,-0.1982804238796234,0.11750955879688263,-0.3379354774951935,0.16444863379001617,11.662535667419434,10.829668998718262,11.239912986755371,12.620987892150879,-0.03066406212747097,-0.03066406212747097,0.006132812704890966,-0.015332031063735485,0.0,-0.04726296663284302,-0.024616025388240814,0.01067256834357977,-0.013033263385295868,0.0,-0.17189311981201172,0.0035532114561647177,-9.472915649414062,-0.09564787149429321,-0.06454899162054062,-8.460309982299805,0.0,0.0,0.0,0.0,0.0,0.0,0.0,0.0,0.0,0.0,0.0,0.0,-0.04881836846470833,-0.02576054073870182,0.011473086662590504,-0.011474324390292168,0.27578869462013245,0.2557887136936188,0.26667430996894836,0.28935688734054565,1.3116683959960938,-0.008779702708125114,0.2800402343273163,0.0,0.0,0.0,0.0,0.0,0.0,0.0
34018960481,0,0.02113279514014721,-0.05897380784153938,-0.8539201021194458,6.569455581484362e-05,-0.04113857448101044,-0.8442511558532715,-0.008738303557038307,-0.005529467947781086,0.003211189992725849,-0.04213441535830498,0.03567064553499222,0.009668946266174316,-0.005608717445284128,-0.006524748168885708,-0.05932053178548813,0.0,0.0,-0.43620431423187256,0.16002124547958374,0.034255221486091614,-0.4079044759273529,0.04072060063481331,0.05496063455939293,-0.4339004158973694,-0.5466117858886719,-0.40226510167121887,-46.34203338623047,-0.22399017214775085,0.3531484305858612,0.005461260676383972,-0.1982804238796234,0.11817660182714462,-0.3385676145553589,0.16383779048919678,11.662535667419434,10.829668998718262,11.239912986755371,12.620987892150879,-0.03066406212747097,-0.03066406212747097,0.0076660155318677425,-0.015332031063735485,0.0,-0.04726296663284302,-0.024616025388240814,0.01067256834357977,-0.013033263385295868,0.0,-0.0029804795049130917,0.6507130265235901,-9.727076530456543,-0.09564787149429321,-0.06454899162054062,-8.460309982299805,0.0,0.0,0.0,0.0,0.0,0.0,0.0,0.0,0.0,0.0,0.0,0.0,-0.04872588440775871,-0.0253452118486166,0.01157140452414751,-0.012036080472171307,0.27408039569854736,0.2576943039894104,0.26578328013420105,0.2927646338939667,1.4369051456451416,-0.3393417000770569,-0.19121336936950684,0.0,0.0,0.0,0.0,0.0,0.0,0.0
34026815492,0,0.020959168672561646,-0.05879388004541397,-0.8536908626556396,6.569455581484362e-05,-0.04113857448101044,-0.8442511558532715,-0.00844606477767229,-0.005729605909436941,0.0077349538914859295,-0.04178715869784355,0.035310786217451096,0.009439706802368164,-0.002060278784483671,-0.006321110762655735,-0.06671330332756042,0.0,0.0,-0.46363571286201477,0.16002124547958374,0.034255221486091614,-0.4079044759273529,0.005172922741621733,0.048525579273700714,-0.473375141620636,-0.5187835097312927,-0.33045417070388794,-46.62635803222656,-0.281897634267807,0.36037006974220276,0.010555535554885864,-0.19770784676074982,0.12013145536184311,-0.3399069309234619,0.1627611666917801,11.530077934265137,10.926392555236816,11.2608642578125,12.91995620727539,-0.032197266817092896,-0.03066406212747097,0.0076660155318677425,-0.015332031063735485,0.0,-0.044693734496831894,-0.025764716789126396,0.007579515688121319,-0.011479806154966354,0.0,-0.19079281389713287,0.5093415379524231,-9.7128267288208,-0.0962202325463295,-0.06525155901908875,-8.490168571472168,0.0,0.0,0.0,0.0,0.0,0.0,0.0,0.0,0.0,0.0,0.0,0.0,-0.048291925340890884,-0.02505938522517681,0.011311211623251438,-0.012424702756106853,0.27408039569854736,0.2576943039894104,0.26578328013420105,0.2927646338939667,1.4369051456451416,-0.3393417000770569,-0.19121336936950684,0.0,0.0,0.0,0.0,0.0,0.0,0.0
34036628579,0,0.020959168672561646,-0.05879388004541397,-0.8536908626556396,6.569455581484362e-05,-0.04113857448101044,-0.8442511558532715,-0.00844606477767229,-0.005729605909436941,0.0077349538914859295,-0.04125821962952614,0.03445516526699066,0.009165763854980469,-0.002060278784483671,-0.006321110762655735,-0.06671330332756042,0.0,0.0,-0.46363571286201477,0.17727498710155487,0.03374628350138664,-0.41700947284698486,0.005172922741621733,0.048525579273700714,-0.473375141620636,-0.5187835097312927,-0.33045417070388794,-46.62635803222656,-0.281897634267807,0.36037006974220276,0.010555535554885864,-0.19770784676074982,0.12013145536184311,-0.3399069309234619,0.1627611666917801,11.530077934265137,10.926392555236816,11.2608642578125,12.91995620727539,-0.03373046964406967,-0.029130859300494194,0.010732421651482582,-0.015332031063735485,0.0,-0.044693734496831894,-0.025764716789126396,0.007579515688121319,-0.011479806154966354,0.0,-0.19079281389713287,0.5093415379524231,-9.7128267288208,-0.10184591263532639,-0.07596280425786972,-8.482173919677734,0.0,0.0,0.0,0.0,0.0,0.0,0.0,0.0,0.0,0.0,0.0,0.0,-0.0475330613553524,-0.024995971471071243,0.010637333616614342,-0.01251313742250204,0.27148374915122986,0.2596045136451721,0.2661953568458557,0.29855549335479736,0.8707450032234192,-0.064562126994133,-0.47983619570732117,0.0,0.0,0.0,0.0,0.0,0.0,0.0
34051554576,0,0.020694701001048088,-0.0583660714328289,-0.853416919708252,6.569455581484362e-05,-0.04113857448101044,-0.8442511558532715,-0.005058669485151768,-0.0016641556285321712,0.007252304349094629,-0.04125821962952614,0.03445516526699066,0.009165763854980469,0.0016750426730141044,-0.005810783710330725,-0.07432543486356735,0.0,0.0,-0.46363571286201477,0.17727498710155487,0.03374628350138664,-0.41700947284698486,-0.017811067402362823,0.04100429639220238,-0.4646221995353699,-0.560152530670166,-0.41779541969299316,-46.651954650878906,-0.3269456923007965,0.3492435812950134,0.004597499966621399,-0.19717375934123993,0.12013145536184311,-0.3399069309234619,0.1627611666917801,11.599749565124512,10.731955528259277,11.502023696899414,12.830451011657715,-0.03373046964406967,-0.027597656473517418,0.010732421651482582,-0.015332031063735485,0.0,-0.04830225184559822,-0.02466251142323017,0.011427585035562515,-0.012781539931893349,0.0,-0.2922731935977936,0.006718819495290518,-9.830047607421875,-0.10184591263532639,-0.07596280425786972,-8.482173919677734,0.0,0.0,0.0,0.0,0.0,0.0,0.0,0.0,0.0,0.0,0.0,0.0,-0.046802375465631485,-0.025055788457393646,0.00991917960345745,-0.012426003813743591,0.27148374915122986,0.2596045136451721,0.2661953568458557,0.29855549335479736,0.8707450032234192,-0.064562126994133,-0.47983619570732117,0.0,0.0,0.0,0.0,0.0,0.0,0.0
34058162847,0,0.02055337280035019,-0.058134205639362335,-0.8532800078392029,6.569455581484362e-05,-0.04113857448101044,-0.8442511558532715,-0.005817167926579714,0.002943339291960001,0.0073555391281843185,-0.04097556322813034,0.033991433680057526,0.009028851985931396,0.0032043377868831158,-0.0053814249113202095,-0.07852452993392944,0.0,0.0,-0.4711170196533203,0.17688126862049103,0.03621567040681839,-0.4281313121318817,-0.03140715882182121,0.03673872351646423,-0.46895915269851685,-0.5461059212684631,-0.474137544631958,-46.65161895751953,-0.33709466457366943,0.3416942059993744,0.013389945030212402,-0.19689996540546417,0.12315217405557632,-0.34133994579315186,0.16166508197784424,11.352783203125,10.947542190551758,11.309198379516602,13.054442405700684,-0.03373046964406967,-0.026064453646540642,0.012265625409781933,-0.013798828236758709,0.0,-0.05064643919467926,-0.02187572605907917,0.01297112088650465,-0.014445934444665909,0.0,-0.2922731935977936,0.006718819495290518,-9.830047607421875,-0.09929198771715164,-0.0862068235874176,-8.482112884521484,0.0,0.0,0.0,0.0,0.0,0.0,0.0,0.0,0.0,0.0,0.0,0.0,-0.046661458909511566,-0.02493492141366005,0.009738012216985226,-0.01246548630297184,0.2728501558303833,0.25576251745224,0.27093327045440674,0.296823650598526,0.3778090178966522,0.08795930445194244,-0.8068383932113647,0.0,0.0,0.0,0.0,0.0,0.0,0.0
34068027292,0,0.02055337280035019,-0.058134205639362335,-0.8532800078392029,6.569455581484362e-05,-0.04113857448101044,-0.8442511558532715,-0.005817167926579714,0.002943339291960001,0.0073555391281843185,-0.04097556322813034,0.033991433680057526,0.009028851985931396,0.0032043377868831158,-0.0053814249113202095,-0.07852452993392944,0.0,0.0,-0.4711170196533203,0.16955414414405823,0.017390713095664978,-0.4328136146068573,-0.03140715882182121,0.03673872351646423,-0.46895915269851685,-0.5700468420982361,-0.5722063183784485,-46.7902717590332,-0.3544800281524658,0.3679027855396271,0.009469062089920044,-0.19635196030139923,0.12898887693881989,-0.34361445903778076,0.15938013792037964,11.501463890075684,10.815519332885742,11.427424430847168,13.059198379516602,-0.032197266817092896,-0.024531250819563866,0.012265625409781933,-0.015332031063735485,0.0,-0.05369493365287781,-0.019663987681269646,0.016664324328303337,-0.016402164474129677,0.0,-0.31126904487609863,-0.061853766441345215,-9.916016578674316,-0.09929198771715164,-0.0862068235874176,-8.482112884521484,0.0,0.0,0.0,0.0,0.0,0.0,0.0,0.0,0.0,0.0,0.0,0.0,-0.047359976917505264,-0.024337496608495712,0.010344677604734898,-0.01286381483078003,0.27092239260673523,0.2574146091938019,0.26946911215782166,0.3012467920780182,-0.14259004592895508,-0.6635101437568665,-0.3886660635471344,0.0,0.0,0.0,0.0,0.0,0.0,0.0
34077454057,0,0.02027837000787258,-0.05751634016633034,-0.8530084490776062,6.569455581484362e-05,-0.04113857448101044,-0.8442511558532715,-0.0026309362147003412,0.010132142342627048,0.010849426500499249,-0.04042555391788483,0.03275569528341293,0.008757293224334717,0.005748352967202663,-0.0049760653637349606,-0.08646444976329803,0.0,0.0,-0.4835858643054962,0.16955414414405823,0.017390713095664978,-0.4328136146068573,-0.05736290663480759,0.03504394739866257,-0.47466617822647095,-0.5700468420982361,-0.5722063183784485,-46.7902717590332,-0.3544800281524658,0.3679027855396271,0.009469062089920044,-0.19635196030139923,0.12898887693881989,-0.34361445903778076,0.15938013792037964,11.501463890075684,10.815519332885742,11.427424430847168,13.059198379516602,-0.03373046964406967,-0.024531250819563866,0.012265625409781933,-0.015332031063735485,0.0,-0.05369493365287781,-0.019663987681269646,0.016664324328303337,-0.016402164474129677,0.0,-0.18683509528636932,0.4863243103027344,-9.875679969787598,-0.10364487767219543,-0.10403750836849213,-8.507322311401367,0.0,0.0,0.0,0.0,0.0,0.0,0.0,0.0,0.0,0.0,0.0,0.0,-0.04873184859752655,-0.02328331395983696,0.011638815514743328,-0.013622395694255829,0.27092239260673523,0.2574146091938019,0.26946911215782166,0.3012467920780182,-0.14259004592895508,-0.6635101437568665,-0.3886660635471344,0.0,0.0,0.0,0.0,0.0,0.0,0.0
34098289910,0,0.02027837000787258,-0.05751634016633034,-0.8530084490776062,6.569455581484362e-05,-0.04113857448101044,-0.8442511558532715,-0.0026309362147003412,0.010132142342627048,0.010849426500499249,-0.04042555391788483,0.03275569528341293,0.008757293224334717,0.005748352967202663,-0.0049760653637349606,-0.08646444976329803,0.0,0.0,-0.4835858643054962,0.16448689997196198,0.014863487333059311,-0.4172038435935974,-0.05736290663480759,0.03504394739866257,-0.47466617822647095,-0.5700468420982361,-0.5722063183784485,-46.7902717590332,-0.3544800281524658,0.3679027855396271,0.009469062089920044,-0.19635196030139923,0.12898887693881989,-0.34361445903778076,0.15938013792037964,11.501463890075684,10.815519332885742,11.427424430847168,13.059198379516602,-0.03526367247104645,-0.026064453646540642,0.010732421651482582,-0.015332031063735485,0.0,-0.05369493365287781,-0.019663987681269646,0.016664324328303337,-0.016402164474129677,0.0,-0.18683509528636932,0.4863243103027344,-9.875679969787598,-0.10364487767219543,-0.10403750836849213,-8.507322311401367,0.0,0.0,0.0,0.0,0.0,0.0,0.0,0.0,0.0,0.0,0.0,0.0,-0.05032236874103546,-0.022096987813711166,0.013202630914747715,-0.014508417807519436,0.27092239260673523,0.2574146091938019,0.26946911215782166,0.3012467920780182,-0.3353944420814514,-0.22399364411830902,0.26861104369163513,0.0,0.0,0.0,0.0,0.0,0.0,0.0
34098355553,0,0.019846374168992043,-0.05639486387372017,-0.8526431322097778,6.569455581484362e-05,-0.04113857448101044,-0.8442511558532715,-0.0036487800534814596,0.019108787178993225,0.0022515077143907547,-0.03956155851483345,0.0305127315223217,0.008391976356506348,0.010728523135185242,-0.004544849041849375,-0.09680602699518204,0.0,0.0,-0.49356091022491455,0.16092467308044434,0.017970077693462372,-0.4145016074180603,-0.08782811462879181,0.029432427138090134,-0.46369439363479614,-0.5570184588432312,-0.6256847381591797,-46.64543533325195,-0.37351566553115845,0.3625580966472626,-0.0015070140361785889,-0.195857435464859,0.1330384910106659,-0.3453182280063629,0.158497154712677,11.702528953552246,10.482651710510254,11.703076362609863,12.769488334655762,-0.03526367247104645,-0.027597656473517418,0.010732421651482582,-0.013798828236758709,0.0,-0.05394931510090828,-0.017993681132793427,0.017539894208312035,-0.01857391558587551,0.0,-0.05196322500705719,-0.17622926831245422,-9.80455493927002,-0.09814932197332382,-0.12663689255714417,-8.439143180847168,0.0,0.0,0.0,0.0,0.0,0.0,0.0,0.0,0.0,0.0,0.0,0.0,-0.051738668233156204,-0.020987529307603836,0.014650903642177582,-0.015393808484077454,0.27486369013786316,0.2508246600627899,0.27487435936927795,0.2956431806087494,-0.41722699999809265,0.0036129378713667393,0.18272846937179565,0.0,0.0,0.0,0.0,0.0,0.0,0.0
34110494168,0,0.019621863961219788,-0.05594656616449356,-0.8525434732437134,6.569455581484362e-05,-0.04113857448101044,-0.8442511558532715,-0.007164021022617817,0.02224571816623211,-0.001940497080795467,-0.03911253809928894,0.029616132378578186,0.008292317390441895,0.012281326577067375,-0.004140899982303381,-0.10034935921430588,0.0,0.0,-0.49356091022491455,0.16092467308044434,0.017970077693462372,-0.4145016074180603,-0.0990145355463028,0.02398800291121006,-0.4680551290512085,-0.5398212671279907,-0.6965029239654541,-46.415287017822266,-0.38645318150520325,0.3507906496524811,-0.00605928897857666,-0.19560840725898743,0.13535338640213013,-0.34616583585739136,0.15825194120407104,11.78487777709961,10.261327743530273,11.835692405700684,12.544950485229492,-0.03526367247104645,-0.027597656473517418,0.010732421651482582,-0.015332031063735485,0.0,-0.05516001582145691,-0.01532245334237814,0.01896822638809681,-0.021365854889154434,0.0,-0.05196322500705719,-0.17622926831245422,-9.80455493927002,-0.08950821310281754,-0.13400693237781525,-8.40920639038086,0.0,0.0,0.0,0.0,0.0,0.0,0.0,0.0,0.0,0.0,0.0,0.0,-0.052887264639139175,-0.019843261688947678,0.015921778976917267,-0.016444681212306023,0.275188684463501,0.2474011778831482,0.27674102783203125,0.2923392057418823,-0.41722699999809265,0.0036129378713667393,0.18272846937179565,0.0,0.0,0.0,0.0,0.0,0.0,0.0
34117069702,0,0.019621863961219788,-0.05594656616449356,-0.8525434732437134,6.569455581484362e-05,-0.04113857448101044,-0.8442511558532715,-0.007164021022617817,0.02224571816623211,-0.001940497080795467,-0.03911253809928894,0.029616132378578186,0.008292317390441895,0.012281326577067375,-0.004140899982303381,-0.10034935921430588,0.0,0.0,-0.49356091022491455,0.11781087517738342,0.0015904654283076525,-0.4153209328651428,-0.0990145355463028,0.02398800291121006,-0.4680551290512085,-0.4623626172542572,-0.8211222887039185,-46.25505065917969,-0.3554783761501312,0.3795623779296875,-0.020045101642608643,-0.19518597424030304,0.13939052820205688,-0.3477928638458252,0.1579149067401886,12.123005867004395,9.923185348510742,12.015007019042969,12.206887245178223,-0.03526367247104645,-0.027597656473517418,0.012265625409781933,-0.016865234822034836,0.0,-0.054959509521722794,-0.008597946725785732,0.020111355930566788,-0.027774717658758163,0.0,-0.05196322500705719,-0.17622926831245422,-9.80455493927002,-0.08950821310281754,-0.13400693237781525,-8.40920639038086,0.0,0.0,0.0,0.0,0.0,0.0,0.0,0.0,0.0,0.0,0.0,0.0,-0.05380643904209137,-0.018259301781654358,0.01709580421447754,-0.018036458641290665,0.275188684463501,0.2474011778831482,0.27674102783203125,0.2923392057418823,-1.7835910320281982,-0.7146376967430115,-0.031158629804849625,0.0,0.0,0.0,0.0,0.0,0.0,0.0
34126768573,0,0.01918596588075161,-0.05507000535726547,-0.8523697853088379,6.569455581484362e-05,-0.04113857448101044,-0.8442511558532715,-0.00825576763600111,0.028162451460957527,-0.002610496710985899,-0.03824073448777199,0.027863001450896263,0.008118629455566406,0.0137363001704216,-0.0040407017804682255,-0.10807337611913681,0.0,0.0,-0.5209923386573792,0.11781087517738342,0.0015904654283076525,-0.4153209328651428,-0.11611288040876389,0.02621360495686531,-0.4921579360961914,-0.4623626172542572,-0.8211222887039185,-46.25505065917969,-0.3554783761501312,0.3795623779296875,-0.020045101642608643,-0.19518597424030304,0.13939052820205688,-0.3477928638458252,0.1579149067401886,12.123005867004395,9.923185348510742,12.015007019042969,12.206887245178223,-0.036796875298023224,-0.026064453646540642,0.012265625409781933,-0.016865234822034836,0.0,-0.054959509521722794,-0.008597946725785732,0.020111355930566788,-0.027774717658758163,0.0,-0.07599471509456635,0.12082987278699875,-10.027876853942871,-0.08406592905521393,-0.14929495751857758,-8.410009384155273,0.0,0.0,0.0,0.0,0.0,0.0,0.0,0.0,0.0,0.0,0.0,0.0,-0.054480522871017456,-0.016007721424102783,0.01817692071199417,-0.02032063528895378,0.2830795347690582,0.23969629406929016,0.2809729278087616,0.2847144901752472,-1.7835910320281982,-0.7146376967430115,-0.031158629804849625,0.0,0.0,0.0,0.0,0.0,0.0,0.0
34137547450,0,0.01918596588075161,-0.05507000535726547,-0.8523697853088379,6.569455581484362e-05,-0.04113857448101044,-0.8442511558532715,-0.00825576763600111,0.028162451460957527,-0.002610496710985899,-0.03722933307290077,0.026008006185293198,0.00800788402557373,0.0137363001704216,-0.0040407017804682255,-0.10807337611913681,0.0,0.0,-0.538448691368103,0.06481307744979858,-0.018823454156517982,-0.41012486815452576,-0.11611288040876389,0.02621360495686531,-0.4921579360961914,-0.4623626172542572,-0.8211222887039185,-46.25505065917969,-0.3554783761501312,0.3795623779296875,-0.020045101642608643,-0.19518597424030304,0.13939052820205688,-0.3477928638458252,0.1579149067401886,12.123005867004395,9.923185348510742,12.015007019042969,12.206887245178223,-0.038330078125,-0.026064453646540642,0.012265625409781933,-0.016865234822034836,0.0,-0.054959509521722794,-0.008597946725785732,0.020111355930566788,-0.027774717658758163,0.0,-0.07599471509456635,0.12082987278699875,-10.027876853942871,-0.08381815254688263,-0.15033210813999176,-8.413928985595703,0.0,0.0,0.0,0.0,0.0,0.0,0.0,0.0,0.0,0.0,0.0,0.0,-0.054900430142879486,-0.013533062301576138,0.019065581262111664,-0.022819504141807556,0.2830795347690582,0.23969629406929016,0.2809729278087616,0.2847144901752472,-2.4445223808288574,-0.9331387281417847,0.09550803154706955,0.0,0.0,0.0,0.0,0.0,0.0,0.0
34146745378,0,0.01868026703596115,-0.05414251238107681,-0.8522590398788452,6.569455581484362e-05,-0.04113857448101044,-0.8442511558532715,-0.007329127285629511,0.026616668328642845,-0.0026658496353775263,-0.03722933307290077,0.026008006185293198,0.00800788402557373,0.014187699183821678,-0.004298511426895857,-0.11552742123603821,0.0,0.0,-0.538448691368103,0.04960434511303902,-0.01987285539507866,-0.4134136736392975,-0.12415032088756561,0.027470920234918594,-0.5044637322425842,-0.42665791511535645,-0.8266911506652832,-46.22704315185547,-0.3009941577911377,0.40268322825431824,-0.02710101008415222,-0.19468587636947632,0.14389735460281372,-0.35123080015182495,0.15796270966529846,12.412439346313477,9.787826538085938,12.064754486083984,11.976065635681152,-0.038330078125,-0.027597656473517418,0.013798828236758709,-0.016865234822034836,0.0,-0.052773259580135345,-0.007170392666012049,0.019190186634659767,-0.029483754187822342,0.0,0.040652669966220856,0.5077764391899109,-9.953598022460938,-0.08381815254688263,-0.15033210813999176,-8.413928985595703,0.0,0.0,0.0,0.0,0.0,0.0,0.0,0.0,0.0,0.0,0.0,0.0,-0.05501698702573776,-0.011339478194713593,0.019653115421533585,-0.025041690096259117,0.2925913333892822,0.2331254482269287,0.2860125005245209,0.2769707441329956,-1.9818772077560425,-0.5427076816558838,-0.1023305356502533,0.0,0.0,0.0,0.0,0.0,0.0,0.0
34157166837,0,0.01840476505458355,-0.05362235754728317,-0.8522194623947144,6.569455581484362e-05,-0.04113857448101044,-0.8442511558532715,-0.009878170676529408,0.025845777243375778,-0.004019898362457752,-0.03667832538485527,0.02496769092977047,0.007968306541442871,0.014638656750321388,-0.004519061651080847,-0.11928759515285492,0.0,0.0,-0.538448691368103,0.04960434511303902,-0.01987285539507866,-0.4134136736392975,-0.12731121480464935,0.026152489706873894,-0.4998769760131836,-0.42665791511535645,-0.8266911506652832,-46.22704315185547,-0.3009941577911377,0.40268322825431824,-0.02710101008415222,-0.19468587636947632,0.14389735460281372,-0.35123080015182495,0.15796270966529846,12.412439346313477,9.787826538085938,12.064754486083984,11.976065635681152,-0.038330078125,-0.027597656473517418,0.013798828236758709,-0.019931640475988388,0.0,-0.052773259580135345,-0.007170392666012049,0.019190186634659767,-0.029483754187822342,0.0,-0.20312617719173431,-0.12379269301891327,-10.09927749633789,-0.07757416367530823,-0.15030747652053833,-8.404916763305664,0.0,0.0,0.0,0.0,0.0,0.0,0.0,0.0,0.0,0.0,0.0,0.0,-0.0547611340880394,-0.009557193145155907,0.019899144768714905,-0.026875430718064308,0.2887144684791565,0.23699387907981873,0.2819434702396393,0.28021252155303955,-1.9818772077560425,-0.5427076816558838,-0.1023305356502533,0.0,0.0,0.0,0.0,0.0,0.0,0.0
34168614970,0,0.01840476505458355,-0.05362235754728317,-0.8522194623947144,6.569455581484362e-05,-0.04113857448101044,-0.8442511558532715,-0.009878170676529408,0.025845777243375778,-0.004019898362457752,-0.03553587198257446,0.022607559338212013,0.007931232452392578,0.014638656750321388,-0.004519061651080847,-0.11928759515285492,0.0,0.0,-0.5633863806724548,0.041167888790369034,-0.03145501762628555,-0.4309026300907135,-0.12731121480464935,0.026152489706873894,-0.4998769760131836,-0.42665791511535645,-0.8266911506652832,-46.22704315185547,-0.3009941577911377,0.40268322825431824,-0.02710101008415222,-0.19468587636947632,0.14389735460281372,-0.35123080015182495,0.15796270966529846,12.412439346313477,9.787826538085938,12.064754486083984,11.976065635681152,-0.039863280951976776,-0.027597656473517418,0.018398437649011612,-0.02299804612994194,0.0,-0.052773259580135345,-0.007170392666012049,0.019190186634659767,-0.029483754187822342,0.0,-0.20312617719173431,-0.12379269301891327,-10.09927749633789,-0.0794995054602623,-0.15304291248321533,-8.341368675231934,0.0,0.0,0.0,0.0,0.0,0.0,0.0,0.0,0.0,0.0,0.0,0.0,-0.0542684830725193,-0.008240213617682457,0.01988932490348816,-0.028258593752980232,0.2887144684791565,0.23699387907981873,0.2819434702396393,0.28021252155303955,-0.8935195207595825,-0.6683410406112671,-0.6117773056030273,0.0,0.0,0.0,0.0,0.0,0.0,0.0
34176952499,0,0.017833540216088295,-0.05244229733943939,-0.8521823883056641,6.569455581484362e-05,-0.04113857448101044,-0.8442511558532715,-0.007555365562438965,0.024654695764183998,-0.012705913744866848,-0.03553587198257446,0.022607559338212013,0.007931232452392578,0.01613478921353817,-0.005074529442936182,-0.12728489935398102,0.0,0.0,-0.5633863806724548,0.028732270002365112,-0.037472084164619446,-0.43891167640686035,-0.1303911805152893,0.02762153558433056,-0.5203351974487305,-0.43724727630615234,-0.8417360186576843,-45.87752914428711,-0.3090234398841858,0.4194912314414978,-0.02431681752204895,-0.19446784257888794,0.1463995724916458,-0.35373127460479736,0.15782800316810608,12.27056884765625,9.73119831085205,11.893946647644043,11.99673843383789,-0.039863280951976776,-0.026064453646540642,0.019931640475988388,-0.02299804612994194,0.0,-0.05410432443022728,-0.007025884464383125,0.02024788223206997,-0.02954452857375145,0.0,-0.28180238604545593,-0.021998371928930283,-9.834410667419434,-0.0794995054602623,-0.15304291248321533,-8.341368675231934,0.0,0.0,0.0,0.0,0.0,0.0,0.0,0.0,0.0,0.0,0.0,0.0,-0.053811684250831604,-0.007388428784906864,0.019804280251264572,-0.02916773036122322,0.2859545350074768,0.23586206138134003,0.27860838174819946,0.2806161344051361,-1.0550251007080078,-0.6468080282211304,-0.6367734670639038,0.0,0.0,0.0,0.0,0.0,0.0,0.0
34186634935,0,0.017086610198020935,-0.05131988227367401,-0.8521579504013062,6.569455581484362e-05,-0.04113857448101044,-0.8442511558532715,-0.011542437598109245,0.03364085406064987,-0.008981163613498211,-0.034042004495859146,0.020362718030810356,0.007906794548034668,0.016681043431162834,-0.005518332589417696,-0.13569310307502747,0.0,0.0,-0.5733613967895508,0.028732270002365112,-0.037472084164619446,-0.43891167640686035,-0.1303911805152893,0.02762153558433056,-0.5203351974487305,-0.3849102854728699,-0.904193639755249,-45.92029571533203,-0.3090234398841858,0.4194912314414978,-0.02431681752204895,-0.19446784257888794,0.1463995724916458,-0.35373127460479736,0.15782800316810608,12.070293426513672,9.987425804138184,11.62536907196045,12.25271224975586,-0.038330078125,-0.02299804612994194,0.018398437649011612,-0.024531250819563866,0.0,-0.05529983714222908,-0.0027818698436021805,0.021023588255047798,-0.0322410985827446,0.0,-0.28180238604545593,-0.021998371928930283,-9.834410667419434,-0.06556585431098938,-0.17440202832221985,-8.3753662109375,0.0,0.0,0.0,0.0,0.0,0.0,0.0,0.0,0.0,0.0,0.0,0.0,-0.053634773939847946,-0.006713493727147579,0.019831301644444466,-0.029805980622768402,0.2859545350074768,0.23586206138134003,0.27860838174819946,0.2806161344051361,-1.0550251007080078,-0.6468080282211304,-0.6367734670639038,0.0,0.0,0.0,0.0,0.0,0.0,0.0
34196744232,0,0.017086610198020935,-0.05131988227367401,-0.8521579504013062,6.569455581484362e-05,-0.04113857448101044,-0.8442511558532715,-0.011542437598109245,0.03364085406064987,-0.008981163613498211,-0.034042004495859146,0.020362718030810356,0.007906794548034668,0.016681043431162834,-0.005518332589417696,-0.13569310307502747,0.0,0.0,-0.5733613967895508,-0.0033930321224033833,-0.03640503063797951,-0.4420608878135681,-0.13587504625320435,0.03238103911280632,-0.5126415491104126,-0.3849102854728699,-0.904193639755249,-45.92029571533203,-0.2978857755661011,0.430355429649353,-0.014510974287986755,-0.1943790465593338,0.147744283080101,-0.35521966218948364,0.15760348737239838,12.070293426513672,9.987425804138184,11.62536907196045,12.25271224975586,-0.039863280951976776,-0.02299804612994194,0.016865234822034836,-0.024531250819563866,0.0,-0.05529182031750679,-0.0027722083032131195,0.02103188820183277,-0.03223321959376335,0.0,-0.2928427457809448,0.17414945363998413,-9.445618629455566,-0.06556585431098938,-0.17440202832221985,-8.3753662109375,0.0,0.0,0.0,0.0,0.0,0.0,0.0,0.0,0.0,0.0,0.0,0.0,-0.05379949510097504,-0.005851399153470993,0.02002919651567936,-0.030444461852312088,0.2820516526699066,0.24097739160060883,0.2733522057533264,0.28560686111450195,-1.7493419647216797,-0.1699984073638916,-0.338115930557251,0.0,0.0,0.0,0.0,0.0,0.0,0.0
34206943312,0,0.016186395660042763,-0.050419338047504425,-0.8520771861076355,6.569455581484362e-05,-0.04113857448101044,-0.8442511558532715,-0.012680552899837494,0.041377127170562744,0.005263589322566986,-0.032241564244031906,0.018561620265245438,0.007826030254364014,0.015862587839365005,-0.005948692560195923,-0.14335550367832184,0.0,0.0,-0.5733613967895508,-0.0033930321224033833,-0.03640503063797951,-0.4420608878135681,-0.1253078579902649,0.035731635987758636,-0.513491153717041,-0.3025681972503662,-0.9943376779556274,-46.38361740112305,-0.2599758803844452,0.43148940801620483,-0.016750216484069824,-0.1942734271287918,0.1493583619594574,-0.3574341833591461,0.15725305676460266,12.303366661071777,10.103716850280762,11.737701416015625,12.257667541503906,-0.04139648377895355,-0.021464843302965164,0.016865234822034836,-0.024531250819563866,0.0,-0.05445854738354683,0.003306770697236061,0.021075425669550896,-0.03718889504671097,0.0,-0.1726379543542862,-0.20202909409999847,-9.933504104614258,-0.05695836991071701,-0.1932755410671234,-8.483783721923828,0.0,0.0,0.0,0.0,0.0,0.0,0.0,0.0,0.0,0.0,0.0,0.0,-0.05411780625581741,-0.004579226952046156,0.020313171669840813,-0.03131752461194992,0.286592960357666,0.2432945966720581,0.27555233240127563,0.28570351004600525,-1.7493419647216797,-0.1699984073638916,-0.338115930557251,0.0,0.0,0.0,0.0,0.0,0.0,0.0
34217644676,0,0.016186395660042763,-0.050419338047504425,-0.8520771861076355,6.569455581484362e-05,-0.04113857448101044,-0.8442511558532715,-0.012680552899837494,0.041377127170562744,0.005263589322566986,-0.032241564244031906,0.018561620265245438,0.007826030254364014,0.015862587839365005,-0.005948692560195923,-0.14335550367832184,0.0,0.0,-0.5733613967895508,-0.05667678639292717,-0.035385455936193466,-0.4553420841693878,-0.1253078579902649,0.035731635987758636,-0.513491153717041,-0.3025681972503662,-0.9943376779556274,-46.38361740112305,-0.2599758803844452,0.43148940801620483,-0.016750216484069824,-0.1942734271287918,0.1493583619594574,-0.3574341833591461,0.15725305676460266,12.303366661071777,10.103716850280762,11.737701416015625,12.257667541503906,-0.04139648377895355,-0.019931640475988388,0.016865234822034836,-0.027597656473517418,0.0,-0.05445854738354683,0.003306770697236061,0.021075425669550896,-0.03718889504671097,0.0,-0.1726379543542862,-0.20202909409999847,-9.933504104614258,-0.05695836991071701,-0.1932755410671234,-8.483783721923828,0.0,0.0,0.0,0.0,0.0,0.0,0.0,0.0,0.0,0.0,0.0,0.0,-0.054375674575567245,-0.0027788097504526377,0.020591482520103455,-0.032601721584796906,0.286592960357666,0.2432945966720581,0.27555233240127563,0.28570351004600525,-2.1730501651763916,0.06591341644525528,-0.5872169137001038,0.0,0.0,0.0,0.0,0.0,0.0,0.0
34226738526,0,0.015282214619219303,-0.04983365163207054,-0.8519641757011414,6.569455581484362e-05,-0.04113857448101044,-0.8442511558532715,-0.009791616350412369,0.049530863761901855,0.004236801061779261,-0.03043319284915924,0.017390241846442223,0.007713019847869873,0.01501105260103941,-0.006454360205680132,-0.15118296444416046,0.0,0.0,-0.595805287361145,-0.07562354952096939,-0.03497384488582611,-0.459390252828598,-0.11592104285955429,0.039332516491413116,-0.5299711227416992,-0.30745363235473633,-1.1677745580673218,-46.5732421875,-0.18823105096817017,0.43506038188934326,-0.012634709477424622,-0.19417910277843475,0.15071728825569153,-0.36100155115127563,0.15671420097351074,12.361308097839355,10.359416007995605,11.568087577819824,12.301905632019043,-0.039863280951976776,-0.021464843302965164,0.018398437649011612,-0.032197266817092896,0.0,-0.05930326133966446,0.008987614884972572,0.026844972744584084,-0.04189467057585716,0.0,-0.00290122302249074,-0.22907754778862,-9.511343002319336,-0.055900659412145615,-0.2123226523399353,-8.467862129211426,0.0,0.0,0.0,0.0,0.0,0.0,0.0,0.0,0.0,0.0,0.0,0.0,-0.05474128574132919,-0.0005083197611384094,0.02108382061123848,-0.034296851605176926,0.286592960357666,0.2432945966720581,0.27555233240127563,0.28570351004600525,-2.0830044746398926,0.10138352960348129,-0.45428401231765747,0.0,0.0,0.0,0.0,0.0,0.0,0.0
34236907721,0,0.014825514517724514,-0.04966314136981964,-0.8518869280815125,6.569455581484362e-05,-0.04113857448101044,-0.8442511558532715,-0.012474370189011097,0.05155177041888237,0.0009164263028651476,-0.029519787058234215,0.017049219459295273,0.007635772228240967,0.014181855134665966,-0.006590911652892828,-0.15544132888317108,0.0,0.0,-0.6082741618156433,-0.07562354952096939,-0.03497384488582611,-0.459390252828598,-0.11173133552074432,0.042898647487163544,-0.5399422645568848,-0.26253214478492737,-1.187759518623352,-46.42448425292969,-0.1662086844444275,0.4394165277481079,-0.01810421049594879,-0.19413860142230988,0.15093094110488892,-0.36255788803100586,0.15637163817882538,12.502466201782227,10.212423324584961,11.626587867736816,12.100966453552246,-0.039863280951976776,-0.018398437649011612,0.019931640475988388,-0.032197266817092896,0.0,-0.057923030108213425,0.0113684618845582,0.025955092161893845,-0.04448529705405235,0.0,-0.183937206864357,-0.1834465116262436,-9.635885238647461,-0.0477331168949604,-0.21595627069473267,-8.440814971923828,0.0,0.0,0.0,0.0,0.0,0.0,0.0,0.0,0.0,0.0,0.0,0.0,-0.05547574535012245,0.0022083581425249577,0.022081835195422173,-0.03643496707081795,0.2904638648033142,0.24545785784721375,0.2733759880065918,0.2826499044895172,-2.0830044746398926,0.10138352960348129,-0.45428401231765747,0.0,0.0,0.0,0.0,0.0,0.0,0.0
34246799932,0,0.014825514517724514,-0.04966314136981964,-0.8518869280815125,6.569455581484362e-05,-0.04113857448101044,-0.8442511558532715,-0.012474370189011097,0.05155177041888237,0.0009164263028651476,-0.029519787058234215,0.017049219459295273,0.007635772228240967,0.014181855134665966,-0.006590911652892828,-0.15544132888317108,0.0,0.0,-0.6082741618156433,-0.11494119465351105,-0.022256091237068176,-0.4509439766407013,-0.11173133552074432,0.042898647487163544,-0.5399422645568848,-0.2220546454191208,-1.1684443950653076,-46.433536529541016,-0.11396333575248718,0.42862388491630554,-0.05257159471511841,-0.19409474730491638,0.15060849487781525,-0.3655606508255005,0.1560012251138687,13.43208122253418,9.448863983154297,12.426549911499023,11.1454496383667,-0.04139648377895355,-0.018398437649011612,0.019931640475988388,-0.032197266817092896,0.0,-0.052330609411001205,0.013084141537547112,0.022586079314351082,-0.04896974936127663,0.0,-0.183937206864357,-0.1834465116262436,-9.635885238647461,-0.0477331168949604,-0.21595627069473267,-8.440814971923828,0.0,0.0,0.0,0.0,0.0,0.0,0.0,0.0,0.0,0.0,0.0,0.0,-0.05609424039721489,0.0052040559239685535,0.023173024877905846,-0.039059389382600784,0.30843520164489746,0.2302093505859375,0.28898879885673523,0.263923704624176,-2.1259326934814453,0.635356068611145,0.20659685134887695,0.0,0.0,0.0,0.0,0.0,0.0,0.0
34256742590,0,0.014041151851415634,-0.04980958253145218,-0.8517284989356995,6.569455581484362e-05,-0.04113857448101044,-0.8442511558532715,-0.014564299955964088,0.05052139237523079,0.0009570299880579114,-0.027951054275035858,0.017342103645205498,0.0074773430824279785,0.011513838544487953,-0.00667204475030303,-0.1634327471256256,0.0,0.0,-0.6406930685043335,-0.11494119465351105,-0.022256091237068176,-0.4509439766407013,-0.0995553582906723,0.04716070741415024,-0.5690761804580688,-0.2220546454191208,-1.1684443950653076,-46.433536529541016,-0.11396333575248718,0.42862388491630554,-0.05257159471511841,-0.19409474730491638,0.15060849487781525,-0.3655606508255005,0.1560012251138687,13.43208122253418,9.448863983154297,12.426549911499023,11.1454496383667,-0.04292968660593033,-0.016865234822034836,0.018398437649011612,-0.03373046964406967,0.0,-0.052330609411001205,0.013084141537547112,0.022586079314351082,-0.04896974936127663,0.0,-0.003940961789339781,-0.29064086079597473,-9.890096664428711,-0.04037357121706009,-0.21244442462921143,-8.442461013793945,0.0,0.0,0.0,0.0,0.0,0.0,0.0,0.0,0.0,0.0,0.0,0.0,-0.055961910635232925,0.00805231835693121,0.02375679463148117,-0.04197197034955025,0.30843520164489746,0.2302093505859375,0.28898879885673523,0.263923704624176,-2.1259326934814453,0.635356068611145,0.20659685134887695,0.0,0.0,0.0,0.0,0.0,0.0,0.0
34266862200,0,0.013286245055496693,-0.05004243925213814,-0.851517915725708,6.569455581484362e-05,-0.04113857448101044,-0.8442511558532715,-0.010683305561542511,0.044653426855802536,-0.0005835769115947187,-0.026441233232617378,0.017807818949222565,0.0072667598724365234,0.009103532880544662,-0.006612818222492933,-0.17148791253566742,0.0,0.0,-0.6406930685043335,-0.13983269035816193,-0.011044805869460106,-0.4510008692741394,-0.0995553582906723,0.04716070741415024,-0.5690761804580688,-0.22747430205345154,-1.1338810920715332,-46.43095016479492,-0.11396333575248718,0.42862388491630554,-0.05257159471511841,-0.19409474730491638,0.15060849487781525,-0.3655606508255005,0.1560012251138687,13.350881576538086,9.653718948364258,12.26267147064209,11.184377670288086,-0.04292968660593033,-0.015332031063735485,0.018398437649011612,-0.03373046964406967,0.0,-0.051876332610845566,0.011342057026922703,0.02204749546945095,-0.0475337915122509,0.0,-0.003940961789339781,-0.29064086079597473,-9.890096664428711,-0.04664533585309982,-0.20095960795879364,-8.43199634552002,0.0,0.0,0.0,0.0,0.0,0.0,0.0,0.0,0.0,0.0,0.0,0.0,-0.055205799639225006,0.01030127052217722,0.023803021758794785,-0.04462944716215134,0.30843520164489746,0.2302093505859375,0.28898879885673523,0.263923704624176,-2.341254949569702,0.8707395195960999,0.09394525736570358,0.0,0.0,0.0,0.0,0.0,0.0,0.0
34277755684,0,0.013286245055496693,-0.05004243925213814,-0.851517915725708,6.569455581484362e-05,-0.04113857448101044,-0.8442511558532715,-0.010683305561542511,0.044653426855802536,-0.0005835769115947187,-0.026441233232617378,0.017807818949222565,0.0072667598724365234,0.009103532880544662,-0.006612818222492933,-0.17148791253566742,0.0,0.0,-0.6406930685043335,-0.16121947765350342,-0.0008737947791814804,-0.47080928087234497,-0.07697980105876923,0.045559175312519073,-0.5622472763061523,-0.22747430205345154,-1.1338810920715332,-46.43095016479492,-0.07314995676279068,0.4156537353992462,-0.04770798981189728,-0.19411222636699677,0.14996086061000824,-0.36684808135032654,0.15603181719779968,13.350881576538086,9.653718948364258,12.26267147064209,11.184377670288086,-0.04139648377895355,-0.013798828236758709,0.019931640475988388,-0.036796875298023224,0.0,-0.05187775939702988,0.011340082623064518,0.02204594388604164,-0.047535497695207596,0.0,0.3365933895111084,0.1930699348449707,-9.947670936584473,-0.04664533585309982,-0.20095960795879364,-8.43199634552002,0.0,0.0,0.0,0.0,0.0,0.0,0.0,0.0,0.0,0.0,0.0,0.0,-0.05424058437347412,0.011679661460220814,0.023526586592197418,-0.04653868079185486,0.3068721890449524,0.23431257903575897,0.2858007848262787,0.2646903097629547,-1.4528166055679321,0.612449586391449,-0.7055043578147888,0.0,0.0,0.0,0.0,0.0,0.0,0.0
34287592861,0,0.012541618198156357,-0.05033373087644577,-0.8512929677963257,6.569455581484362e-05,-0.04113857448101044,-0.8442511558532715,-0.015443801879882812,0.045449111610651016,-0.003151173470541835,-0.02495197206735611,0.01839040406048298,0.007041811943054199,0.006693141534924507,-0.006601126864552498,-0.18069596588611603,0.0,0.0,-0.6581494212150574,-0.16121947765350342,-0.0008737947791814804,-0.47080928087234497,-0.04755955934524536,0.048086103051900864,-0.5697343349456787,-0.22466884553432465,-1.0975183248519897,-46.21281814575195,-0.030173085629940033,0.410857617855072,-0.0306280255317688,-0.1942152976989746,0.147949680685997,-0.3689417541027069,0.15593485534191132,12.928110122680664,10.099541664123535,11.723088264465332,11.483102798461914,-0.04139648377895355,-0.012265625409781933,0.02299804612994194,-0.038330078125,0.0,-0.05251187086105347,0.009653591550886631,0.02186971716582775,-0.04527347907423973,0.0,0.3365933895111084,0.1930699348449707,-9.947670936584473,-0.03371581435203552,-0.19939109683036804,-8.416248321533203,0.0,0.0,0.0,0.0,0.0,0.0,0.0,0.0,0.0,0.0,0.0,0.0,-0.05335906147956848,0.012217199429869652,0.023109354078769684,-0.047557175159454346,0.29871320724487305,0.2432112842798233,0.27526623010635376,0.270562082529068,-1.4528166055679321,0.612449586391449,-0.7055043578147888,0.0,0.0,0.0,0.0,0.0,0.0,0.0
34297813311,0,0.012541618198156357,-0.05033373087644577,-0.8512929677963257,6.569455581484362e-05,-0.04113857448101044,-0.8442511558532715,-0.015443801879882812,0.045449111610651016,-0.003151173470541835,-0.02495197206735611,0.01839040406048298,0.007041811943054199,0.006693141534924507,-0.006601126864552498,-0.18069596588611603,0.0,0.0,-0.6581494212150574,-0.1684163510799408,0.0180149395018816,-0.48083239793777466,-0.04755955934524536,0.048086103051900864,-0.5697343349456787,-0.09138114750385284,-1.072417974472046,-46.85304260253906,0.004510462284088135,0.3867853283882141,-0.03574343025684357,-0.19438005983829498,0.1453510820865631,-0.3706733286380768,0.15546780824661255,13.233002662658691,10.222094535827637,11.994905471801758,11.424942016601562,-0.04139648377895355,-0.009199218824505806,0.02299804612994194,-0.039863280951976776,0.0,-0.047077592462301254,0.013262470252811909,0.016689734533429146,-0.0488714799284935,0.0,0.3365933895111084,0.1930699348449707,-9.947670936584473,-0.03371581435203552,-0.19939109683036804,-8.416248321533203,0.0,0.0,0.0,0.0,0.0,0.0,0.0,0.0,0.0,0.0,0.0,0.0,-0.05248923599720001,0.012252796441316605,0.022444572299718857,-0.047907013446092606,0.3046005070209503,0.24564999341964722,0.2805803716182709,0.26942023634910583,-0.6398663520812988,0.9502499103546143,-0.4407026171684265,0.0,0.0,0.0,0.0,0.0,0.0,0.0
34306935904,0,0.011859865859150887,-0.05058717355132103,-0.8510489463806152,6.569455581484362e-05,-0.04113857448101044,-0.8442511558532715,-0.022752614691853523,0.045234065502882004,0.009878614917397499,-0.023588459938764572,0.018897293135523796,0.00679779052734375,0.0031748211476951838,-0.0060794297605752945,-0.18961931765079498,0.0,0.0,-0.6805933117866516,-0.1684163510799408,0.0180149395018816,-0.48083239793777466,-0.02495346963405609,0.04362942650914192,-0.5862493515014648,-0.09138114750385284,-1.072417974472046,-46.85304260253906,0.004510462284088135,0.3867853283882141,-0.03574343025684357,-0.19438005983829498,0.1453510820865631,-0.3706733286380768,0.15546780824661255,13.233002662658691,10.222094535827637,11.994905471801758,11.424942016601562,-0.04139648377895355,-0.006132812704890966,0.02299804612994194,-0.04292968660593033,0.0,-0.047077592462301254,0.013262470252811909,0.016689734533429146,-0.0488714799284935,0.0,-0.1558818370103836,-0.30707475543022156,-9.983220100402832,-0.016614753752946854,-0.19498507678508759,-8.5187349319458,0.0,0.0,0.0,0.0,0.0,0.0,0.0,0.0,0.0,0.0,0.0,0.0,-0.05131353810429573,0.01229013316333294,0.021294662728905678,-0.048091061413288116,0.3046005070209503,0.24564999341964722,0.2805803716182709,0.26942023634910583,-0.6398663520812988,0.9502499103546143,-0.4407026171684265,0.0,0.0,0.0,0.0,0.0,0.0,0.0
34317648133,0,0.011526057496666908,-0.05071653798222542,-0.8509058952331543,6.569455581484362e-05,-0.04113857448101044,-0.8442511558532715,-0.019646530970931053,0.04954560846090317,0.014140994288027287,-0.022920841351151466,0.019156021997332573,0.0066547393798828125,0.0018856925889849663,-0.005666071083396673,-0.1938627064228058,0.0,0.0,-0.6805933117866516,-0.1721765249967575,0.03470607101917267,-0.483236700296402,-0.009990083053708076,0.03937366232275963,-0.5808007717132568,-0.10814642906188965,-1.121334195137024,-47.0177001953125,0.023396223783493042,0.36261650919914246,-0.030693039298057556,-0.19447694718837738,0.1453510820865631,-0.3706733286380768,0.15546780824661255,13.137642860412598,10.45676326751709,11.91947078704834,11.526227951049805,-0.04139648377895355,-0.004599609412252903,0.02299804612994194,-0.044462889432907104,0.0,-0.0491972379386425,0.014041897840797901,0.018735062330961227,-0.04943819344043732,0.0,-0.291257381439209,-0.21736276149749756,-9.813916206359863,-0.01966298744082451,-0.20387893915176392,-8.548672676086426,0.0,0.0,0.0,0.0,0.0,0.0,0.0,0.0,0.0,0.0,0.0,0.0,-0.05005145072937012,0.012523874640464783,0.019973743706941605,-0.04835173115134239,0.3046005070209503,0.24564999341964722,0.2805803716182709,0.26942023634910583,-0.5206007361412048,1.3255720138549805,-0.3279668092727661,0.0,0.0,0.0,0.0,0.0,0.0,0.0
34326635959,0,0.011526057496666908,-0.05071653798222542,-0.8509058952331543,6.569455581484362e-05,-0.04113857448101044,-0.8442511558532715,-0.019646530970931053,0.04954560846090317,0.014140994288027287,-0.022920841351151466,0.019156021997332573,0.0066547393798828125,0.0018856925889849663,-0.005666071083396673,-0.1938627064228058,0.0,0.0,-0.6805933117866516,-0.16151046752929688,0.06642148643732071,-0.503406822681427,-0.009990083053708076,0.03937366232275963,-0.5808007717132568,-0.11780859529972076,-1.1871598958969116,-46.86395263671875,0.0292147696018219,0.3223728835582733,-0.015088513493537903,-0.19474123418331146,0.14067071676254272,-0.3716478645801544,0.15464536845684052,12.654081344604492,10.880516052246094,11.546208381652832,11.806862831115723,-0.044462889432907104,-0.004599609412252903,0.02299804612994194,-0.04752929508686066,0.0,-0.05321357399225235,0.015293769538402557,0.021627899259328842,-0.04997039958834648,0.0,-0.291257381439209,-0.21736276149749756,-9.813916206359863,-0.01966298744082451,-0.20387893915176392,-8.548672676086426,0.0,0.0,0.0,0.0,0.0,0.0,0.0,0.0,0.0,0.0,0.0,0.0,-0.04936061054468155,0.012940742075443268,0.019134623929858208,-0.048678815364837646,0.2934063971042633,0.25869861245155334,0.27180007100105286,0.2769056558609009,0.3082934617996216,1.4011751413345337,-0.769625723361969,0.0,0.0,0.0,0.0,0.0,0.0,0.0
34337019556,0,0.010734297335147858,-0.05101782828569412,-0.8505977988243103,6.569455581484362e-05,-0.04113857448101044,-0.8442511558532715,-0.01570294238626957,0.05578465759754181,0.011278657242655754,-0.02133731171488762,0.01975860632956028,0.006346642971038818,-0.0008785182144492865,-0.004333547782152891,-0.20289696753025055,0.0,0.0,-0.6955559253692627,-0.16151046752929688,0.06642148643732071,-0.503406822681427,0.011457949876785278,0.03115825541317463,-0.5872476696968079,-0.11780859529972076,-1.1871598958969116,-46.86395263671875,0.0292147696018219,0.3223728835582733,-0.015088513493537903,-0.19474123418331146,0.14067071676254272,-0.3716478645801544,0.15464536845684052,12.654081344604492,10.880516052246094,11.546208381652832,11.806862831115723,-0.039863280951976776,-0.003066406352445483,0.02299804612994194,-0.04752929508686066,0.0,-0.05321357399225235,0.015293769538402557,0.021627899259328842,-0.04997039958834648,0.0,-0.11475395411252975,0.23209741711616516,-9.925725936889648,-0.021419744938611984,-0.21584725379943848,-8.520718574523926,0.0,0.0,0.0,0.0,0.0,0.0,0.0,0.0,0.0,0.0,0.0,0.0,-0.04954654723405838,0.013522209599614143,0.01904856041073799,-0.049053460359573364,0.2934063971042633,0.25869861245155334,0.27180007100105286,0.2769056558609009,0.3082934617996216,1.4011751413345337,-0.769625723361969,0.0,0.0,0.0,0.0,0.0,0.0,0.0
34347021182,0,0.010734297335147858,-0.05101782828569412,-0.8505977988243103,6.569455581484362e-05,-0.04113857448101044,-0.8442511558532715,-0.01570294238626957,0.05578465759754181,0.011278657242655754,-0.02133731171488762,0.01975860632956028,0.006346642971038818,-0.0008785182144492865,-0.004333547782152891,-0.20289696753025055,0.0,0.0,-0.6955559253692627,-0.13258203864097595,0.0865003690123558,-0.5091624855995178,0.011457949876785278,0.03115825541317463,-0.5872476696968079,-0.11780859529972076,-1.1871598958969116,-46.86395263671875,0.0292147696018219,0.3223728835582733,-0.015088513493537903,-0.19474123418331146,0.14067071676254272,-0.3716478645801544,0.15464536845684052,12.654081344604492,10.880516052246094,11.546208381652832,11.806862831115723,-0.04139648377895355,-0.004599609412252903,0.021464843302965164,-0.04752929508686066,0.0,-0.05321357399225235,0.015293769538402557,0.021627899259328842,-0.04997039958834648,0.0,-0.11475395411252975,0.23209741711616516,-9.925725936889648,-0.021419744938611984,-0.21584725379943848,-8.520718574523926,0.0,0.0,0.0,0.0,0.0,0.0,0.0,0.0,0.0,0.0,0.0,0.0,-0.05031466484069824,0.014135083183646202,0.019482191652059555,-0.04940691590309143,0.2934063971042633,0.25869861245155334,0.27180007100105286,0.2769056558609009,1.0914424657821655,1.1075936555862427,-0.3435247838497162,0.0,0.0,0.0,0.0,0.0,0.0,0.0
34357109381,0,0.009416960179805756,-0.051393140107393265,-0.8500882387161255,6.569455581484362e-05,-0.04113857448101044,-0.8442511558532715,-0.021887831389904022,0.052658893167972565,0.011507121846079826,-0.01870262436568737,0.020509233698248863,0.005837082862854004,-0.004890535492449999,-0.0015881742583587766,-0.21653231978416443,0.0,0.0,-0.7130122780799866,-0.11910977214574814,0.09464484453201294,-0.5097835063934326,0.03743656724691391,0.016418075188994408,-0.5947908163070679,-0.026985380798578262,-1.1309930086135864,-46.80824661254883,0.009441182017326355,0.29714035987854004,-0.021253839135169983,-0.19503478705883026,0.13760973513126373,-0.3712402284145355,0.15380392968654633,12.723347663879395,10.72245979309082,11.75747299194336,11.630576133728027,-0.04139648377895355,0.0,0.021464843302965164,-0.04752929508686066,0.0,-0.04885891079902649,0.016632333397865295,0.0167912095785141,-0.051810793578624725,0.0,-0.22192059457302094,-0.06259449571371078,-9.632230758666992,-0.004817165434360504,-0.2044725865125656,-8.523773193359375,0.0,0.0,0.0,0.0,0.0,0.0,0.0,0.0,0.0,0.0,0.0,0.0,-0.05102647468447685,0.014712060801684856,0.0198682751506567,-0.049769628793001175,0.29474925994873047,0.2555745840072632,0.27593931555747986,0.2734541893005371,1.2082270383834839,1.0440282821655273,-0.24006304144859314,0.0,0.0,0.0,0.0,0.0,0.0,0.0
34367090130,0,0.00898380670696497,-0.05153438448905945,-0.849884569644928,6.569455581484362e-05,-0.04113857448101044,-0.8442511558532715,-0.020513659343123436,0.048193953931331635,0.014135072939097881,-0.0178363136947155,0.02079172432422638,0.005633413791656494,-0.005480865016579628,-0.0008663401822559536,-0.22123491764068604,0.0,0.0,-0.7179998159408569,-0.11910977214574814,0.09464484453201294,-0.5097835063934326,0.04268595576286316,0.011132854036986828,-0.5891766548156738,-0.026494409888982773,-1.1245992183685303,-46.88075256347656,0.00538162887096405,0.28164488077163696,-0.017340466380119324,-0.19516967236995697,0.13647407293319702,-0.3708269000053406,0.15352514386177063,12.615055084228516,10.85619068145752,11.707908630371094,11.73051929473877,-0.04292968660593033,0.003066406352445483,0.021464843302965164,-0.04906250163912773,0.0,-0.04909710958600044,0.0162216629832983,0.01664184033870697,-0.05120336264371872,0.0,0.24015788733959198,-0.1032901182770729,-9.526390075683594,-0.00759190134704113,-0.19532297551631927,-8.543993949890137,0.0,0.0,0.0,0.0,0.0,0.0,0.0,0.0,0.0,0.0,0.0,0.0,-0.051188454031944275,0.015269472263753414,0.019706588238477707,-0.050211742520332336,0.2926495373249054,0.25821810960769653,0.2749689817428589,0.2754117250442505,1.2082270383834839,1.0440282821655273,-0.24006304144859314,0.0,0.0,0.0,0.0,0.0,0.0,0.0
34376519146,0,0.00898380670696497,-0.05153438448905945,-0.849884569644928,6.569455581484362e-05,-0.04113857448101044,-0.8442511558532715,-0.020513659343123436,0.048193953931331635,0.014135072939097881,-0.0178363136947155,0.02079172432422638,0.005633413791656494,-0.005480865016579628,-0.0008663401822559536,-0.22123491764068604,0.0,0.0,-0.7179998159408569,-0.08762084692716599,0.09871543198823929,-0.5080391764640808,0.04268595576286316,0.011132854036986828,-0.5891766548156738,-0.026494409888982773,-1.1245992183685303,-46.88075256347656,0.00538162887096405,0.28164488077163696,-0.017340466380119324,-0.19516967236995697,0.13647407293319702,-0.3708269000053406,0.15352514386177063,12.615055084228516,10.85619068145752,11.707908630371094,11.73051929473877,-0.04139648377895355,0.004599609412252903,0.019931640475988388,-0.05059570446610451,0.0,-0.04909710958600044,0.0162216629832983,0.01664184033870697,-0.05120336264371872,0.0,-0.2381797581911087,0.11780412495136261,-9.892597198486328,-0.00759190134704113,-0.19532297551631927,-8.543993949890137,0.0,0.0,0.0,0.0,0.0,0.0,0.0,0.0,0.0,0.0,0.0,0.0,-0.05087122321128845,0.015738263726234436,0.019068431109189987,-0.050640176981687546,0.2926495373249054,0.25821810960769653,0.2749689817428589,0.2754117250442505,1.3279575109481812,0.410597026348114,0.05837670713663101,0.0,0.0,0.0,0.0,0.0,0.0,0.0
34387567066,0,0.008093763142824173,-0.05193161591887474,-0.8494173884391785,6.569455581484362e-05,-0.04113857448101044,-0.8442511558532715,-0.020754005759954453,0.04121625795960426,0.020748285576701164,-0.01605621725320816,0.021586190909147263,0.005166232585906982,-0.0063232737593352795,0.0005863969563506544,-0.23057401180267334,0.0,0.0,-0.732962429523468,-0.08762084692716599,0.09871543198823929,-0.5080391764640808,0.05916701629757881,-0.004572257399559021,-0.59920734167099,-0.002991951070725918,-1.014831304550171,-47.05758285522461,-0.009612560272216797,0.2669990062713623,-0.015118539333343506,-0.19547222554683685,0.1344389021396637,-0.369567334651947,0.15304814279079437,12.555084228515625,10.956696510314941,11.74309253692627,11.82964038848877,-0.04292968660593033,0.004599609412252903,0.021464843302965164,-0.05059570446610451,0.0,-0.04560089111328125,0.013258889317512512,0.01255111489444971,-0.04822040721774101,0.0,0.3860614597797394,-0.08627612143754959,-9.876107215881348,-0.006670750677585602,-0.1790340691804886,-8.593769073486328,0.0,0.0,0.0,0.0,0.0,0.0,0.0,0.0,0.0,0.0,0.0,0.0,-0.050226546823978424,0.015921343117952347,0.01811809279024601,-0.05081719905138016,0.2914854884147644,0.2602025270462036,0.27565786242485046,0.277351051568985,1.3279575109481812,0.410597026348114,0.05837670713663101,0.0,0.0,0.0,0.0,0.0,0.0,0.0
34396631433,0,0.0070846956223249435,-0.05245126411318779,-0.8489255905151367,6.569455581484362e-05,-0.04113857448101044,-0.8442511558532715,-0.02431809902191162,0.04651974141597748,0.02313365414738655,-0.01403807196766138,0.02262549288570881,0.004674434661865234,-0.0076556336134672165,0.002420490374788642,-0.23996394872665405,0.0,0.0,-0.732962429523468,-0.05055446922779083,0.09584061056375504,-0.5018391609191895,0.05916701629757881,-0.004572257399559021,-0.59920734167099,0.03651036322116852,-1.0144360065460205,-47.34800720214844,-0.009612560272216797,0.2669990062713623,-0.015118539333343506,-0.19547222554683685,0.1344389021396637,-0.369567334651947,0.15304814279079437,12.82071304321289,10.745027542114258,12.139813423156738,11.67115306854248,-0.04292968660593033,0.003066406352445483,0.019931640475988388,-0.04906250163912773,0.0,-0.043554145842790604,0.014807000756263733,0.010978898964822292,-0.05006184056401253,0.0,0.3860614597797394,-0.08627612143754959,-9.876107215881348,0.006638247519731522,-0.1844429075717926,-8.608728408813477,0.0,0.0,0.0,0.0,0.0,0.0,0.0,0.0,0.0,0.0,0.0,0.0,-0.049122799187898636,0.015728183090686798,0.016739625483751297,-0.050647635012865067,0.2914854884147644,0.2602025270462036,0.27565786242485046,0.277351051568985,1.7269552946090698,0.1146857813000679,0.3208536207675934,0.0,0.0,0.0,0.0,0.0,0.0,0.0
34407001205,0,0.0070846956223249435,-0.05245126411318779,-0.8489255905151367,6.569455581484362e-05,-0.04113857448101044,-0.8442511558532715,-0.02431809902191162,0.04651974141597748,0.02313365414738655,-0.01403807196766138,0.02262549288570881,0.004674434661865234,-0.0076556336134672165,0.002420490374788642,-0.23996394872665405,0.0,0.0,-0.732962429523468,-0.025236522778868675,0.10148009657859802,-0.5007307529449463,0.059975914657115936,-0.016362877562642097,-0.5886076092720032,0.03651036322116852,-1.0144360065460205,-47.34800720214844,-0.03967314213514328,0.25479763746261597,-0.0254383385181427,-0.1957966685295105,0.13293397426605225,-0.36814796924591064,0.15295013785362244,12.82071304321289,10.745027542114258,12.139813423156738,11.67115306854248,-0.04292968660593033,0.003066406352445483,0.019931640475988388,-0.052128907293081284,0.0,-0.04358166828751564,0.01477417815476656,0.010949845425784588,-0.05009210482239723,0.0,-0.0163867250084877,0.2205270528793335,-9.869505882263184,0.006638247519731522,-0.1844429075717926,-8.608728408813477,0.0,0.0,0.0,0.0,0.0,0.0,0.0,0.0,0.0,0.0,0.0,0.0,-0.04764807969331741,0.015390269458293915,0.015069855377078056,-0.050372589379549026,0.29663506150245667,0.2560208737850189,0.28340718150138855,0.27424922585487366,1.8991851806640625,0.33239105343818665,0.2002866268157959,0.0,0.0,0.0,0.0,0.0,0.0,0.0
34416716315,0,0.006524235475808382,-0.05268198996782303,-0.8486819863319397,6.569455581484362e-05,-0.04113857448101044,-0.8442511558532715,-0.021031329408288002,0.04929472133517265,0.023647740483283997,-0.01291714608669281,0.023086946457624435,0.004430830478668213,-0.007981841452419758,0.0033875347580760717,-0.24438771605491638,0.0,0.0,-0.7404437065124512,-0.025236522778868675,0.10148009657859802,-0.5007307529449463,0.05995539203286171,-0.023917334154248238,-0.5920006036758423,0.020855626091361046,-1.0441116094589233,-47.364166259765625,-0.06620849668979645,0.2383757382631302,-0.02755558490753174,-0.1960117518901825,0.13240855932235718,-0.36709707975387573,0.15311208367347717,12.809365272521973,10.682095527648926,12.26390552520752,11.637212753295898,-0.044462889432907104,0.004599609412252903,0.019931640475988388,-0.05366211012005806,0.0,-0.044890984892845154,0.015303446911275387,0.01212688721716404,-0.05068494752049446,0.0,-0.07109101861715317,-0.012230947613716125,-10.23307991027832,0.0037919320166110992,-0.1898384690284729,-8.611666679382324,0.0,0.0,0.0,0.0,0.0,0.0,0.0,0.0,0.0,0.0,0.0,0.0,-0.04623156785964966,0.015136323869228363,0.013544026762247086,-0.05021151527762413,0.2964153289794922,0.254775732755661,0.2858247756958008,0.27358436584472656,1.8991851806640625,0.33239105343818665,0.2002866268157959,0.0,0.0,0.0,0.0,0.0,0.0,0.0
34427243535,0,0.006524235475808382,-0.05268198996782303,-0.8486819863319397,6.569455581484362e-05,-0.04113857448101044,-0.8442511558532715,-0.021031329408288002,0.04929472133517265,0.023647740483283997,-0.01291714608669281,0.023086946457624435,0.004430830478668213,-0.007981841452419758,0.0033875347580760717,-0.24438771605491638,0.0,0.0,-0.7404437065124512,0.006352403201162815,0.0948590561747551,-0.5058111548423767,0.05995539203286171,-0.023917334154248238,-0.5920006036758423,0.04171121120452881,-0.9893232583999634,-46.91654968261719,-0.09043176472187042,0.23543833196163177,-0.01392914354801178,-0.1963834911584854,0.13221582770347595,-0.36507532000541687,0.15348602831363678,12.315635681152344,10.877819061279297,11.852798461914062,11.898367881774902,-0.044462889432907104,0.004599609412252903,0.019931640475988388,-0.05366211012005806,0.0,-0.04455094784498215,0.013887923210859299,0.010256932117044926,-0.04859604313969612,0.0,-0.07109101861715317,-0.012230947613716125,-10.23307991027832,0.0037919320166110992,-0.1898384690284729,-8.611666679382324,0.0,0.0,0.0,0.0,0.0,0.0,0.0,0.0,0.0,0.0,0.0,0.0,-0.04521144554018974,0.014952550642192364,0.01239154115319252,-0.05009594187140465,0.2868317663669586,0.25864529609680176,0.27780401706695557,0.27869459986686707,1.583574652671814,-0.2793480157852173,-0.14540326595306396,0.0,0.0,0.0,0.0,0.0,0.0,0.0
34436916082,0,0.005104978568851948,-0.05303173139691353,-0.8482221961021423,6.569455581484362e-05,-0.04113857448101044,-0.8442511558532715,-0.021073369309306145,0.04561888054013252,0.013098660856485367,-0.010078618302941322,0.023786433041095734,0.00397104024887085,-0.007562430575489998,0.005280595738440752,-0.25315773487091064,0.0,0.0,-0.7429375052452087,0.006352403201162815,0.0948590561747551,-0.5058111548423767,0.06397221237421036,-0.037571415305137634,-0.5835186839103699,0.04171121120452881,-0.9893232583999634,-46.91654968261719,-0.09043176472187042,0.23543833196163177,-0.01392914354801178,-0.1963834911584854,0.13221582770347595,-0.36507532000541687,0.15348602831363678,12.315635681152344,10.877819061279297,11.852798461914062,11.898367881774902,-0.044462889432907104,0.006132812704890966,0.019931640475988388,-0.052128907293081284,0.0,-0.04455094784498215,0.013887923210859299,0.010256932117044926,-0.04859604313969612,0.0,-0.02746499329805374,-0.17599397897720337,-10.302342414855957,0.0075838565826416016,-0.17987695336341858,-8.530282020568848,0.0,0.0,0.0,0.0,0.0,0.0,0.0,0.0,0.0,0.0,0.0,0.0,-0.04460354521870613,0.01473101507872343,0.011517105624079704,-0.0498586967587471,0.2868317663669586,0.25864529609680176,0.27780401706695557,0.27869459986686707,1.583574652671814,-0.2793480157852173,-0.14540326595306396,0.0,0.0,0.0,0.0,0.0,0.0,0.0
34447067896,0,0.003509627189487219,-0.05308331549167633,-0.8478165864944458,6.569455581484362e-05,-0.04113857448101044,-0.8442511558532715,-0.02954951860010624,0.039467643946409225,0.003186375368386507,-0.006887899711728096,0.023889601230621338,0.0035654306411743164,-0.00703140115365386,0.006340803578495979,-0.26248908042907715,0.0,0.0,-0.7429375052452087,0.015012557618319988,0.08193342387676239,-0.5114790201187134,0.06047748029232025,-0.04481383040547371,-0.575671374797821,0.08118078112602234,-0.9405341148376465,-46.700138092041016,-0.09459465742111206,0.2474873811006546,-0.00383661687374115,-0.1965845823287964,0.13229310512542725,-0.36406147480010986,0.1536151021718979,12.019659996032715,11.052556037902832,11.535601615905762,12.12220287322998,-0.04292968660593033,0.006132812704890966,0.018398437649011612,-0.05059570446610451,0.0,-0.043068282306194305,0.013350416906177998,0.00781487487256527,-0.047443971037864685,0.0,-0.02746499329805374,-0.17599397897720337,-10.302342414855957,0.02715354785323143,-0.16160519421100616,-8.460996627807617,0.0,0.0,0.0,0.0,0.0,0.0,0.0,0.0,0.0,0.0,0.0,0.0,-0.04422646760940552,0.01444169133901596,0.010741853155195713,-0.049455877393484116,0.2868317663669586,0.25864529609680176,0.27780401706695557,0.27869459986686707,1.201765537261963,-0.7497979998588562,-0.30019477009773254,0.0,0.0,0.0,0.0,0.0,0.0,0.0
34457089986,0,0.003509627189487219,-0.05308331549167633,-0.8478165864944458,6.569455581484362e-05,-0.04113857448101044,-0.8442511558532715,-0.02954951860010624,0.039467643946409225,0.003186375368386507,-0.006887899711728096,0.023889601230621338,0.0035654306411743164,-0.00703140115365386,0.006340803578495979,-0.26248908042907715,0.0,0.0,-0.7429375052452087,0.054101668298244476,0.07519186288118362,-0.5165525674819946,0.04997764900326729,-0.05936313420534134,-0.5606228113174438,0.22186309099197388,-0.9184609651565552,-46.527381896972656,-0.15452292561531067,0.2322498857975006,0.00963456928730011,-0.1969311535358429,0.13294418156147003,-0.3622274100780487,0.15372668206691742,11.523125648498535,11.278915405273438,11.27246379852295,12.484596252441406,-0.04139648377895355,0.006132812704890966,0.018398437649011612,-0.05059570446610451,0.0,-0.039959866553545,0.01676744967699051,0.0028590839356184006,-0.04945877566933632,0.0,0.2898387014865875,-0.03161982446908951,-10.705303192138672,0.02715354785323143,-0.16160519421100616,-8.460996627807617,0.0,0.0,0.0,0.0,0.0,0.0,0.0,0.0,0.0,0.0,0.0,0.0,-0.04375229403376579,0.014280459843575954,0.009704504162073135,-0.049032606184482574,0.2810635566711426,0.2620932161808014,0.2715921401977539,0.28306394815444946,1.8336235284805298,-0.4502100646495819,-0.15688739717006683,0.0,0.0,0.0,0.0,0.0,0.0,0.0
34466997691,0,0.0018998028244823217,-0.05301297828555107,-0.8474950194358826,6.569455581484362e-05,-0.04113857448101044,-0.8442511558532715,-0.034979306161403656,0.04308748245239258,0.0061629777774214745,-0.0036682349164038897,0.02374892681837082,0.003243863582611084,-0.005668968427926302,0.0080253342166543,-0.2727583050727844,0.0,0.0,-0.7429375052452087,0.054101668298244476,0.07519186288118362,-0.5165525674819946,0.04997764900326729,-0.05936313420534134,-0.5606228113174438,0.22186309099197388,-0.9184609651565552,-46.527381896972656,-0.15452292561531067,0.2322498857975006,0.00963456928730011,-0.1969311535358429,0.13294418156147003,-0.3622274100780487,0.15372668206691742,11.523125648498535,11.278915405273438,11.27246379852295,12.484596252441406,-0.04139648377895355,0.006132812704890966,0.018398437649011612,-0.05059570446610451,0.0,-0.039959866553545,0.01676744967699051,0.0028590839356184006,-0.04945877566933632,0.0,0.2898387014865875,-0.03161982446908951,-10.705303192138672,0.04614097252488136,-0.16363878548145294,-8.494112968444824,0.0,0.0,0.0,0.0,0.0,0.0,0.0,0.0,0.0,0.0,0.0,0.0,-0.04296267777681351,0.014502448961138725,0.008159776218235493,-0.04881012439727783,0.2713473439216614,0.26655033230781555,0.26642370223999023,0.2901168465614319,1.8336235284805298,-0.4502100646495819,-0.15688739717006683,0.0,0.0,0.0,0.0,0.0,0.0,0.0
34477753504,0,0.0018998028244823217,-0.05301297828555107,-0.8474950194358826,6.569455581484362e-05,-0.04113857448101044,-0.8442511558532715,-0.034979306161403656,0.04308748245239258,0.0061629777774214745,-0.0036682349164038897,0.02374892681837082,0.003243863582611084,-0.005668968427926302,0.0080253342166543,-0.2727583050727844,0.0,0.0,-0.7429375052452087,0.09113510698080063,0.060697127133607864,-0.5126371383666992,0.04997764900326729,-0.05936313420534134,-0.5606228113174438,0.3343737721443176,-0.8989348411560059,-47.06597137451172,-0.20875561237335205,0.23775742948055267,0.013171166181564331,-0.1972217857837677,0.13465473055839539,-0.3603697121143341,0.15392622351646423,11.493005752563477,11.410840034484863,11.39393424987793,12.797294616699219,-0.044462889432907104,0.006132812704890966,0.018398437649011612,-0.05059570446610451,0.0,-0.03602743521332741,0.019427387043833733,-0.0012962210457772017,-0.05084608867764473,0.0,0.2898387014865875,-0.03161982446908951,-10.705303192138672,0.04614097252488136,-0.16363878548145294,-8.494112968444824,0.0,0.0,0.0,0.0,0.0,0.0,0.0,0.0,0.0,0.0,0.0,0.0,-0.04183882847428322,0.015152287669479847,0.0062302472069859505,-0.04888439178466797,0.2713473439216614,0.26655033230781555,0.26642370223999023,0.2901168465614319,1.808040738105774,-0.6971806883811951,0.20888713002204895,0.0,0.0,0.0,0.0,0.0,0.0,0.0
34487200434,0,0.00030866439919918776,-0.05271853879094124,-0.8472633361816406,6.569455581484362e-05,-0.04113857448101044,-0.8442511558532715,-0.0385635606944561,0.04473229497671127,0.014199236407876015,-0.0004859421169385314,0.023160044103860855,0.0030121803283691406,-0.0042241523042321205,0.008825646713376045,-0.2823106050491333,0.0,0.0,-0.7429375052452087,0.09113510698080063,0.060697127133607864,-0.5126371383666992,0.03511463850736618,-0.06888696551322937,-0.5500178337097168,0.3343737721443176,-0.8989348411560059,-47.06597137451172,-0.20875561237335205,0.23775742948055267,0.013171166181564331,-0.1972217857837677,0.13465473055839539,-0.3603697121143341,0.15392622351646423,11.493005752563477,11.410840034484863,11.39393424987793,12.797294616699219,-0.04599609225988388,0.006132812704890966,0.016865234822034836,-0.05059570446610451,0.0,-0.03602743521332741,0.019427387043833733,-0.0012962210457772017,-0.05084608867764473,0.0,-0.19160494208335876,-0.3686198890209198,-10.211997985839844,0.06079523265361786,-0.1634427011013031,-8.557449340820312,0.0,0.0,0.0,0.0,0.0,0.0,0.0,0.0,0.0,0.0,0.0,0.0,-0.040395159274339676,0.016138050705194473,0.004084134940057993,-0.04921890050172806,0.27075645327568054,0.2691434323787689,0.26881134510040283,0.29618164896965027,1.808040738105774,-0.6971806883811951,0.20888713002204895,0.0,0.0,0.0,0.0,0.0,0.0,0.0
34497373639,0,-0.0005019162781536579,-0.05256376788020134,-0.8471596240997314,6.569455581484362e-05,-0.04113857448101044,-0.8442511558532715,-0.03765469044446945,0.04196735844016075,0.014536541886627674,0.0011352273868396878,0.02285050041973591,0.002908468246459961,-0.0033833913039416075,0.009083406999707222,-0.2868751883506775,0.0,0.0,-0.7429375052452087,0.09579084068536758,0.05286695063114166,-0.5118780136108398,0.0303502157330513,-0.07232312858104706,-0.5443782210350037,0.3350362777709961,-0.8687939047813416,-47.0746955871582,-0.2136198878288269,0.24214771389961243,0.016792088747024536,-0.19733554124832153,0.13465473055839539,-0.3603697121143341,0.15392622351646423,11.402497291564941,11.48991584777832,11.306926727294922,12.903765678405762,-0.044462889432907104,0.0076660155318677425,0.016865234822034836,-0.05059570446610451,0.0,-0.0353686586022377,0.018375681713223457,-0.002280316548421979,-0.049627091735601425,0.0,-0.19160494208335876,-0.3686198890209198,-10.211997985839844,0.060915686190128326,-0.15796253085136414,-8.559035301208496,0.0,0.0,0.0,0.0,0.0,0.0,0.0,0.0,0.0,0.0,0.0,0.0,-0.038848791271448135,0.017181314527988434,0.001990430522710085,-0.04962743818759918,0.27075645327568054,0.2691434323787689,0.26881134510040283,0.29618164896965027,1.2492632865905762,-0.7772358059883118,0.20767585933208466,0.0,0.0,0.0,0.0,0.0,0.0,0.0
34506954425,0,-0.0005019162781536579,-0.05256376788020134,-0.8471596240997314,6.569455581484362e-05,-0.04113857448101044,-0.8442511558532715,-0.03765469044446945,0.04196735844016075,0.014536541886627674,0.0011352273868396878,0.02285050041973591,0.002908468246459961,-0.0033833913039416075,0.009083406999707222,-0.2868751883506775,0.0,0.0,-0.7429375052452087,0.09941316395998001,0.02971307374536991,-0.5067419409751892,0.0303502157330513,-0.07232312858104706,-0.5443782210350037,0.3350362777709961,-0.8687939047813416,-47.0746955871582,-0.2136198878288269,0.24214771389961243,0.016792088747024536,-0.19733554124832153,0.13568662106990814,-0.3595654368400574,0.15409153699874878,11.402497291564941,11.48991584777832,11.306926727294922,12.903765678405762,-0.04139648377895355,0.0076660155318677425,0.015332031063735485,-0.04906250163912773,0.0,-0.0353686586022377,0.018375681713223457,-0.002280316548421979,-0.049627091735601425,0.0,-0.08348352462053299,-0.20681197941303253,-9.815378189086914,0.060915686190128326,-0.15796253085136414,-8.559035301208496,0.0,0.0,0.0,0.0,0.0,0.0,0.0,0.0,0.0,0.0,0.0,0.0,-0.03747647628188133,0.017963314428925514,0.00021805042342748493,-0.04988453909754753,0.2689795196056366,0.2706958055496216,0.2671012580394745,0.2982425093650818,0.4703102111816406,-0.9889306426048279,0.3164014518260956,0.0,0.0,0.0,0.0,0.0,0.0,0.0
34517071239,0,-0.002839177381247282,-0.05200803279876709,-0.8468901515007019,6.569455581484362e-05,-0.04113857448101044,-0.8442511558532715,-0.03141842782497406,0.0454280786216259,-0.002212691353634,0.00580977275967598,0.02173902466893196,0.00263899564743042,-0.0007785217021591961,0.00963597185909748,-0.29999637603759766,0.0,0.0,-0.7429375052452087,0.09941316395998001,0.02971307374536991,-0.5067419409751892,0.012942321598529816,-0.07575779408216476,-0.5308327078819275,0.35378333926200867,-0.8951944708824158,-46.594276428222656,-0.22959846258163452,0.2622225880622864,0.021658197045326233,-0.1975572109222412,0.13842451572418213,-0.35780414938926697,0.154666930437088,11.168688774108887,11.435688018798828,11.058450698852539,12.961158752441406,-0.039863280951976776,0.009199218824505806,0.013798828236758709,-0.05059570446610451,0.0,-0.03637341782450676,0.019837817177176476,-0.0021086439955979586,-0.05065884068608284,0.0,0.4281725287437439,0.13661496341228485,-10.34082317352295,0.06063185632228851,-0.16661545634269714,-8.433408737182617,0.0,0.0,0.0,0.0,0.0,0.0,0.0,0.0,0.0,0.0,0.0,0.0,-0.036458954215049744,0.018491456285119057,-0.0011067248415201902,-0.05001107603311539,0.2643813192844391,0.2696312665939331,0.26220938563346863,0.29935234785079956,0.4703102111816406,-0.9889306426048279,0.3164014518260956,0.0,0.0,0.0,0.0,0.0,0.0,0.0
34526677416,0,-0.003480291925370693,-0.051768865436315536,-0.8468316197395325,6.569455581484362e-05,-0.04113857448101044,-0.8442511558532715,-0.03198973834514618,0.04563991725444794,-0.006861410569399595,0.007092008367180824,0.021260688081383705,0.0025804638862609863,6.584312359336764e-06,0.009772228077054024,-0.3044021725654602,0.0,0.0,-0.7429375052452087,0.10171148926019669,0.017261579632759094,-0.5008173584938049,0.006752995308488607,-0.07739496231079102,-0.5255616903305054,0.3334752023220062,-0.9163849949836731,-46.38374710083008,-0.23870837688446045,0.2735641896724701,0.019380509853363037,-0.1976289451122284,0.13842451572418213,-0.35780414938926697,0.154666930437088,11.177324295043945,11.29455852508545,11.058920860290527,12.883038520812988,-0.04139648377895355,0.009199218824505806,0.013798828236758709,-0.05059570446610451,0.0,-0.03766584396362305,0.02010645531117916,-0.0007888944237492979,-0.05099659413099289,0.0,0.4281725287437439,0.13661496341228485,-10.34082317352295,0.0646325945854187,-0.16644802689552307,-8.40200424194336,0.0,0.0,0.0,0.0,0.0,0.0,0.0,0.0,0.0,0.0,0.0,0.0,-0.035956010222435,0.01894458383321762,-0.0018901840085163713,-0.05016081780195236,0.2643813192844391,0.2696312665939331,0.26220938563346863,0.29935234785079956,0.397601842880249,-1.1100332736968994,0.4616338610649109,0.0,0.0,0.0,0.0,0.0,0.0,0.0
34536941432,0,-0.003480291925370693,-0.051768865436315536,-0.8468316197395325,6.569455581484362e-05,-0.04113857448101044,-0.8442511558532715,-0.03198973834514618,0.04563991725444794,-0.006861410569399595,0.007092008367180824,0.021260688081383705,0.0025804638862609863,6.584312359336764e-06,0.009772228077054024,-0.3044021725654602,0.0,0.0,-0.7429375052452087,0.10171148926019669,0.017261579632759094,-0.5008173584938049,0.006752995308488607,-0.07739496231079102,-0.5255616903305054,0.3334752023220062,-0.9163849949836731,-46.38374710083008,-0.23870837688446045,0.2735641896724701,0.019380509853363037,-0.1976289451122284,0.13977386057376862,-0.3571203947067261,0.1550738513469696,11.177324295043945,11.29455852508545,11.058920860290527,12.883038520812988,-0.04139648377895355,0.009199218824505806,0.012265625409781933,-0.05059570446610451,0.0,-0.03766584396362305,0.02010645531117916,-0.0007888944237492979,-0.05099659413099289,0.0,0.22178997099399567,0.09424646198749542,-10.32568645477295,0.0646325945854187,-0.16644802689552307,-8.40200424194336,0.0,0.0,0.0,0.0,0.0,0.0,0.0,0.0,0.0,0.0,0.0,0.0,-0.03596454858779907,0.019369442015886307,-0.002133163157850504,-0.05037310719490051,0.2645512521266937,0.2668580114841461,0.262218713760376,0.29784128069877625,0.397601842880249,-1.1100332736968994,0.4616338610649109,0.0,0.0,0.0,0.0,0.0,0.0,0.0
34547078540,0,-0.003480291925370693,-0.051768865436315536,-0.8468316197395325,6.569455581484362e-05,-0.04113857448101044,-0.8442511558532715,-0.03198973834514618,0.04563991725444794,-0.006861410569399595,0.007092008367180824,0.021260688081383705,0.0025804638862609863,6.584312359336764e-06,0.009772228077054024,-0.3044021725654602,0.0,0.0,-0.7429375052452087,0.09995917230844498,0.009113580919802189,-0.4908544719219208,0.006752995308488607,-0.07739496231079102,-0.5255616903305054,0.3941155970096588,-0.897034764289856,-46.162479400634766,-0.24673445522785187,0.27188628911972046,0.01809994876384735,-0.19771090149879456,0.1422211080789566,-0.3560570180416107,0.15604116022586823,11.135443687438965,11.198870658874512,11.051643371582031,12.803110122680664,-0.038330078125,0.009199218824505806,0.010732421651482582,-0.05059570446610451,0.0,-0.03527414798736572,0.021574154496192932,-0.003356468165293336,-0.05246395990252495,0.0,0.22178997099399567,0.09424646198749542,-10.32568645477295,0.0646325945854187,-0.16644802689552307,-8.40200424194336,0.0,0.0,0.0,0.0,0.0,0.0,0.0,0.0,0.0,0.0,0.0,0.0,-0.03617234528064728,0.01978209801018238,-0.0021230559796094894,-0.050660256296396255,0.2637266516685486,0.26497554779052734,0.2620752155780792,0.29629427194595337,0.037882182747125626,-0.6900301575660706,0.5454577207565308,0.0,0.0,0.0,0.0,0.0,0.0,0.0
34556917415,0,-0.003480291925370693,-0.051768865436315536,-0.8468316197395325,6.569455581484362e-05,-0.04113857448101044,-0.8442511558532715,-0.03198973834514618,0.04563991725444794,-0.006861410569399595,0.009629194624722004,0.020171042531728745,0.0025235414505004883,6.584312359336764e-06,0.009772228077054024,-0.3044021725654602,0.0,0.0,-0.7404437065124512,0.09995917230844498,0.009113580919802189,-0.4908544719219208,0.006752995308488607,-0.07739496231079102,-0.5255616903305054,0.3941155970096588,-0.897034764289856,-46.162479400634766,-0.24673445522785187,0.27188628911972046,0.01809994876384735,-0.19771090149879456,0.1422211080789566,-0.3560570180416107,0.15604116022586823,11.135443687438965,11.198870658874512,11.051643371582031,12.803110122680664,-0.036796875298023224,0.009199218824505806,0.009199218824505806,-0.05059570446610451,0.0,-0.03527414798736572,0.021574154496192932,-0.003356468165293336,-0.05246395990252495,0.0,0.22178997099399567,0.09424646198749542,-10.32568645477295,0.07851353287696838,-0.1560666412115097,-8.393937110900879,0.0,0.0,0.0,0.0,0.0,0.0,0.0,0.0,0.0,0.0,0.0,0.0,-0.03621913120150566,0.020248020067811012,-0.0022272365167737007,-0.051066625863313675,0.2637266516685486,0.26497554779052734,0.2620752155780792,0.29629427194595337,0.037882182747125626,-0.6900301575660706,0.5454577207565308,0.0,0.0,0.0,0.0,0.0,0.0,0.0
34566805498,0,-0.005989449564367533,-0.050569161772727966,-0.846786618232727,6.569455581484362e-05,-0.04113857448101044,-0.8442511558532715,-0.04757179319858551,0.041267480701208115,-0.01084749773144722,0.012110348790884018,0.01886126957833767,0.0025354623794555664,0.002886468078941107,0.009718222543597221,-0.3218705654144287,0.0,0.0,-0.7404437065124512,0.09021866321563721,-0.010133030824363232,-0.4840964674949646,-0.022056790068745613,-0.07655332237482071,-0.49901023507118225,0.510718822479248,-0.8072365522384644,-46.14618682861328,-0.24811530113220215,0.2954332232475281,0.023209184408187866,-0.19774581491947174,0.1448301523923874,-0.35511109232902527,0.15738064050674438,11.036175727844238,11.2858247756958,10.88693618774414,12.964797019958496,-0.03526367247104645,0.010732421651482582,0.0076660155318677425,-0.05059570446610451,0.0,-0.028979303315281868,0.022244468331336975,-0.010113785974681377,-0.05254398658871651,0.0,0.37128961086273193,0.38189244270324707,-10.083741188049316,0.1029810756444931,-0.14804719388484955,-8.386802673339844,0.0,0.0,0.0,0.0,0.0,0.0,0.0,0.0,0.0,0.0,0.0,0.0,-0.03577737882733345,0.020752795040607452,-0.002798575209453702,-0.051528025418519974,0.26177042722702026,0.2666862905025482,0.2588254511356354,0.2994225323200226,-0.33397892117500305,-0.9096972346305847,0.39698466658592224,0.0,0.0,0.0,0.0,0.0,0.0,0.0
34577502887,0,-0.005989449564367533,-0.050569161772727966,-0.846786618232727,6.569455581484362e-05,-0.04113857448101044,-0.8442511558532715,-0.04757179319858551,0.041267480701208115,-0.01084749773144722,0.013228174299001694,0.017975449562072754,0.0025644302368164062,0.002886468078941107,0.009718222543597221,-0.3218705654144287,0.0,0.0,-0.7354561686515808,0.08959605544805527,-0.0227363258600235,-0.477091521024704,-0.022056790068745613,-0.07655332237482071,-0.49901023507118225,0.5847428441047668,-0.7951163053512573,-46.11753845214844,-0.2607068121433258,0.3128250539302826,0.026185572147369385,-0.19773989915847778,0.1462399959564209,-0.35478779673576355,0.1582205593585968,10.961356163024902,11.307537078857422,10.798347473144531,13.077723503112793,-0.03526367247104645,0.010732421651482582,0.009199218824505806,-0.052128907293081284,0.0,-0.026396967470645905,0.024138381704688072,-0.013016843236982822,-0.05376526340842247,0.0,0.37128961086273193,0.38189244270324707,-10.083741188049316,0.10631687939167023,-0.1445665955543518,-8.38500690460205,0.0,0.0,0.0,0.0,0.0,0.0,0.0,0.0,0.0,0.0,0.0,0.0,-0.03447695076465607,0.021332750096917152,-0.004251617472618818,-0.051995065063238144,0.26029449701309204,0.26711326837539673,0.25707516074180603,0.3016044497489929,-0.21877294778823853,-1.0208463668823242,0.5097669363021851,0.0,0.0,0.0,0.0,0.0,0.0,0.0
34586697068,0,-0.006548359524458647,-0.05012625455856323,-0.8468155860900879,6.569455581484362e-05,-0.04113857448101044,-0.8442511558532715,-0.04846622794866562,0.03951548784971237,-0.011433543637394905,0.016719765961170197,0.01530064083635807,0.0027613043785095215,0.003861889010295272,0.009272700175642967,-0.32594648003578186,0.0,0.0,-0.7179998159408569,0.0821518525481224,-0.018549606204032898,-0.4619140028953552,-0.027058497071266174,-0.07490752637386322,-0.4880729913711548,0.5847428441047668,-0.7951163053512573,-46.11753845214844,-0.2607068121433258,0.3128250539302826,0.026185572147369385,-0.19773989915847778,0.1462399959564209,-0.35478779673576355,0.1582205593585968,10.961356163024902,11.307537078857422,10.798347473144531,13.077723503112793,-0.03526367247104645,0.010732421651482582,0.0076660155318677425,-0.05366211012005806,0.0,-0.026396967470645905,0.024138381704688072,-0.013016843236982822,-0.05376526340842247,0.0,0.20868296921253204,-0.10554672032594681,-10.153313636779785,0.11311665922403336,-0.1562463492155075,-8.359379768371582,0.0,0.0,0.0,0.0,0.0,0.0,0.0,0.0,0.0,0.0,0.0,0.0,-0.032465532422065735,0.022048326209187508,-0.006449740380048752,-0.052495069801807404,0.26029449701309204,0.26711326837539673,0.25707516074180603,0.3016044497489929,-0.31184566020965576,-0.048456914722919464,0.5996753573417664,0.0,0.0,0.0,0.0,0.0,0.0,0.0
34596723136,0,-0.00829414650797844,-0.04878885671496391,-0.847012460231781,6.569455581484362e-05,-0.04113857448101044,-0.8442511558532715,-0.04589993506669998,0.04426301643252373,-0.015427804552018642,0.016719765961170197,0.01530064083635807,0.0027613043785095215,0.00602909317240119,0.00892642978578806,-0.33826127648353577,0.0,0.0,-0.7179998159408569,0.0756160244345665,-0.01635226421058178,-0.45431140065193176,-0.04240761697292328,-0.07439716160297394,-0.45520955324172974,0.631197452545166,-0.8584409356117249,-46.0598030090332,-0.26469171047210693,0.2963120639324188,0.03466540575027466,-0.197681725025177,0.1490684300661087,-0.35417070984840393,0.1602843999862671,10.69898509979248,11.526546478271484,10.605352401733398,13.254076957702637,-0.03526367247104645,0.010732421651482582,0.0076660155318677425,-0.05366211012005806,0.0,-0.027596229687333107,0.02705349214375019,-0.012685324065387249,-0.05597715452313423,0.0,0.3672999441623688,0.06697868555784225,-9.886983871459961,0.11311665922403336,-0.1562463492155075,-8.359379768371582,0.0,0.0,0.0,0.0,0.0,0.0,0.0,0.0,0.0,0.0,0.0,0.0,-0.030411802232265472,0.022920405492186546,-0.008727319538593292,-0.05307739973068237,0.2551100552082062,0.2714144289493561,0.25325649976730347,0.30500683188438416,-0.5021823644638062,0.06639326363801956,0.6418744921684265,0.0,0.0,0.0,0.0,0.0,0.0,0.0
34607037536,0,-0.00829414650797844,-0.04878885671496391,-0.847012460231781,6.569455581484362e-05,-0.04113857448101044,-0.8442511558532715,-0.04589993506669998,0.04426301643252373,-0.015427804552018642,0.016719765961170197,0.01530064083635807,0.0027613043785095215,0.00602909317240119,0.00892642978578806,-0.33826127648353577,0.0,0.0,-0.7179998159408569,0.06871286779642105,-0.017448844388127327,-0.44388827681541443,-0.04240761697292328,-0.07439716160297394,-0.45520955324172974,0.6255277991294861,-0.8460235595703125,-45.98959732055664,-0.2626866102218628,0.2988235354423523,0.02616596221923828,-0.19756600260734558,0.1516197770833969,-0.3533056676387787,0.16267606616020203,10.899762153625488,11.296575546264648,10.7940092086792,13.024896621704102,-0.03526367247104645,0.010732421651482582,0.0076660155318677425,-0.05366211012005806,0.0,-0.026857266202569008,0.027049222961068153,-0.012672984972596169,-0.056461747735738754,0.0,0.3672999441623688,0.06697868555784225,-9.886983871459961,0.11311665922403336,-0.1562463492155075,-8.359379768371582,0.0,0.0,0.0,0.0,0.0,0.0,0.0,0.0,0.0,0.0,0.0,0.0,-0.028792787343263626,0.023977292701601982,-0.010592545382678509,-0.0538191981613636,0.259078711271286,0.2668977677822113,0.25698941946029663,0.3005841374397278,-0.600179135799408,-0.030324749648571014,0.7397513389587402,0.0,0.0,0.0,0.0,0.0,0.0,0.0
34617012341,0,-0.009334146045148373,-0.0479234978556633,-0.8472525477409363,6.569455581484362e-05,-0.04113857448101044,-0.8442511558532715,-0.04241419956088066,0.04570728912949562,-0.016089236363768578,0.01879977621138096,0.013569914735853672,0.003001391887664795,0.006740763317793608,0.00860914308577776,-0.34624212980270386,0.0,0.0,-0.7080247402191162,0.06871286779642105,-0.017448844388127327,-0.44388827681541443,-0.04240761697292328,-0.07439716160297394,-0.45520955324172974,0.6255277991294861,-0.8460235595703125,-45.98959732055664,-0.2626866102218628,0.2988235354423523,0.02616596221923828,-0.19756600260734558,0.1516197770833969,-0.3533056676387787,0.16267606616020203,10.899762153625488,11.296575546264648,10.7940092086792,13.024896621704102,-0.03373046964406967,0.010732421651482582,0.006132812704890966,-0.055195312947034836,0.0,-0.026857266202569008,0.027049222961068153,-0.012672984972596169,-0.056461747735738754,0.0,0.3672999441623688,0.06697868555784225,-9.886983871459961,0.11284682154655457,-0.1620512306690216,-8.356597900390625,0.0,0.0,0.0,0.0,0.0,0.0,0.0,0.0,0.0,0.0,0.0,0.0,-0.027673469856381416,0.0250641331076622,-0.011894351802766323,-0.05464928597211838,0.259078711271286,0.2668977677822113,0.25698941946029663,0.3005841374397278,-0.600179135799408,-0.030324749648571014,0.7397513389587402,0.0,0.0,0.0,0.0,0.0,0.0,0.0
34626861167,0,-0.009793846867978573,-0.0475650355219841,-0.8473976254463196,6.569455581484362e-05,-0.04113857448101044,-0.8442511558532715,-0.044697172939777374,0.04242515191435814,-0.017409848049283028,0.019719181582331657,0.012852986343204975,0.0031464695930480957,0.007119166664779186,0.008314826525747776,-0.3501511216163635,0.0,0.0,-0.7080247402191162,0.06220676377415657,-0.021638628095388412,-0.43663787841796875,-0.051724083721637726,-0.06998100131750107,-0.42903998494148254,0.6206575036048889,-0.89128178358078,-45.96128845214844,-0.26097530126571655,0.3049328625202179,0.029942721128463745,-0.19749504327774048,0.1516197770833969,-0.3533056676387787,0.16267606616020203,10.809282302856445,11.378162384033203,10.681354522705078,13.119224548339844,-0.03373046964406967,0.012265625409781933,0.004599609412252903,-0.055195312947034836,0.0,-0.028715260326862335,0.028117453679442406,-0.01114005409181118,-0.05713963508605957,0.0,0.151511088013649,-0.03630584478378296,-9.968928337097168,0.11722670495510101,-0.1544688493013382,-8.347177505493164,0.0,0.0,0.0,0.0,0.0,0.0,0.0,0.0,0.0,0.0,0.0,0.0,-0.027058076113462448,0.026014234870672226,-0.012607557699084282,-0.055423252284526825,0.259078711271286,0.2668977677822113,0.25698941946029663,0.3005841374397278,-0.6914320588111877,-0.2197025865316391,0.6781302094459534,0.0,0.0,0.0,0.0,0.0,0.0,0.0
34636681528,0,-0.009793846867978573,-0.0475650355219841,-0.8473976254463196,6.569455581484362e-05,-0.04113857448101044,-0.8442511558532715,-0.044697172939777374,0.04242515191435814,-0.017409848049283028,0.019719181582331657,0.012852986343204975,0.0031464695930480957,0.007119166664779186,0.008314826525747776,-0.3501511216163635,0.0,0.0,-0.7080247402191162,0.04048219695687294,-0.017794659361243248,-0.4181651771068573,-0.051724083721637726,-0.06998100131750107,-0.42903998494148254,0.6661162972450256,-0.8635264039039612,-45.749855041503906,-0.26097530126571655,0.3049328625202179,0.029942721128463745,-0.19749504327774048,0.15273897349834442,-0.3529067039489746,0.16393844783306122,10.329222679138184,11.807093620300293,10.163717269897461,13.476778984069824,-0.03066406212747097,0.013798828236758709,0.0015332031762227416,-0.055195312947034836,0.0,-0.027543170377612114,0.027626050636172295,-0.01425446942448616,-0.05608720704913139,0.0,0.151511088013649,-0.03630584478378296,-9.968928337097168,0.11722670495510101,-0.1544688493013382,-8.347177505493164,0.0,0.0,0.0,0.0,0.0,0.0,0.0,0.0,0.0,0.0,0.0,0.0,-0.026921430602669716,0.026797659695148468,-0.012901915237307549,-0.056040797382593155,0.257291316986084,0.2685014605522156,0.25476130843162537,0.3024057447910309,-1.0347813367843628,0.13466113805770874,0.7448506355285645,0.0,0.0,0.0,0.0,0.0,0.0,0.0
34646685008,0,-0.010675651952624321,-0.04684843868017197,-0.8477575182914734,6.569455581484362e-05,-0.04113857448101044,-0.8442511558532715,-0.043745361268520355,0.04830546677112579,-0.024251803755760193,0.0214828010648489,0.01141978520900011,0.0035063624382019043,0.007816747762262821,0.008113713003695011,-0.3572733402252197,0.0,0.0,-0.6780995726585388,0.04048219695687294,-0.017794659361243248,-0.4181651771068573,-0.057877980172634125,-0.06835588067770004,-0.384683221578598,0.6661162972450256,-0.8635264039039612,-45.749855041503906,-0.2431308776140213,0.30001530051231384,0.04777601361274719,-0.19728900492191315,0.15511851012706757,-0.3519231379032135,0.16717594861984253,10.329222679138184,11.807093620300293,10.163717269897461,13.476778984069824,-0.027597656473517418,0.013798828236758709,0.0015332031762227416,-0.05366211012005806,0.0,-0.02752147987484932,0.027645019814372063,-0.014232433401048183,-0.05607056990265846,0.0,0.2293372005224228,-0.3260137736797333,-9.85583209991455,0.1239631250500679,-0.16647154092788696,-8.29574203491211,0.0,0.0,0.0,0.0,0.0,0.0,0.0,0.0,0.0,0.0,0.0,0.0,-0.027022024616599083,0.027359360828995705,-0.013151576742529869,-0.05640086159110069,0.2477792650461197,0.27691009640693665,0.24448885023593903,0.309295117855072,-1.0347813367843628,0.13466113805770874,0.7448506355285645,0.0,0.0,0.0,0.0,0.0,0.0,0.0
34656766476,0,-0.011530796065926552,-0.046195026487112045,-0.8481706380844116,6.569455581484362e-05,-0.04113857448101044,-0.8442511558532715,-0.04186762124300003,0.05516804754734039,-0.028959522023797035,0.02319309674203396,0.010112954303622246,0.003919482231140137,0.008450404740869999,0.008001942187547684,-0.3636177182197571,0.0,0.0,-0.6581494212150574,0.021364400163292885,-0.009091053158044815,-0.3916948735713959,-0.057877980172634125,-0.06835588067770004,-0.384683221578598,0.7364820241928101,-0.9250861406326294,-45.54294204711914,-0.23021328449249268,0.2884165644645691,0.025691792368888855,-0.19702288508415222,0.15511851012706757,-0.3519231379032135,0.16717594861984253,10.830738067626953,11.241531372070312,10.662312507629395,12.83484935760498,-0.027597656473517418,0.015332031063735485,0.0,-0.055195312947034836,0.0,-0.02593253180384636,0.03321311995387077,-0.013831746764481068,-0.062496285885572433,0.0,0.2293372005224228,-0.3260137736797333,-9.85583209991455,0.1296711266040802,-0.18082627654075623,-8.262362480163574,0.0,0.0,0.0,0.0,0.0,0.0,0.0,0.0,0.0,0.0,0.0,0.0,-0.027091361582279205,0.02794431522488594,-0.013456343673169613,-0.05681419372558594,0.2477792650461197,0.27691009640693665,0.24448885023593903,0.309295117855072,-1.1149033308029175,0.3684964179992676,1.1666945219039917,0.0,0.0,0.0,0.0,0.0,0.0,0.0
34666819472,0,-0.011530796065926552,-0.046195026487112045,-0.8481706380844116,6.569455581484362e-05,-0.04113857448101044,-0.8442511558532715,-0.04186762124300003,0.05516804754734039,-0.028959522023797035,0.02319309674203396,0.010112954303622246,0.003919482231140137,0.008450404740869999,0.008001942187547684,-0.3636177182197571,0.0,0.0,-0.6581494212150574,0.014227296225726604,-0.006528099998831749,-0.37960001826286316,-0.06304804235696793,-0.06771223992109299,-0.37708255648612976,0.7364820241928101,-0.9250861406326294,-45.54294204711914,-0.23021328449249268,0.2884165644645691,0.025691792368888855,-0.19702288508415222,0.15694987773895264,-0.3507227301597595,0.17062339186668396,10.830738067626953,11.241531372070312,10.662312507629395,12.83484935760498,-0.027597656473517418,0.015332031063735485,-0.0015332031762227416,-0.05826171860098839,0.0,-0.02593253180384636,0.03321311995387077,-0.013831746764481068,-0.062496285885572433,0.0,0.21133536100387573,-0.12162012606859207,-9.754175186157227,0.1296711266040802,-0.18082627654075623,-8.262362480163574,0.0,0.0,0.0,0.0,0.0,0.0,0.0,0.0,0.0,0.0,0.0,0.0,-0.02698492631316185,0.02894737385213375,-0.01369398832321167,-0.057769544422626495,0.2577151656150818,0.26581504940986633,0.254384309053421,0.29690873622894287,-1.0456429719924927,0.3701735734939575,1.1924914121627808,0.0,0.0,0.0,0.0,0.0,0.0,0.0
34676924679,0,-0.011854332871735096,-0.045854050666093826,-0.8483889102935791,6.569455581484362e-05,-0.04113857448101044,-0.8442511558532715,-0.04377995431423187,0.05799887701869011,-0.030934320762753487,0.023840174078941345,0.009430999867618084,0.004137754440307617,0.008476031012833118,0.007912744767963886,-0.3667246997356415,0.0,0.0,-0.6581494212150574,0.014227296225726604,-0.006528099998831749,-0.37960001826286316,-0.06360432505607605,-0.06672472506761551,-0.34946563839912415,0.7131912112236023,-0.994544506072998,-45.4429931640625,-0.22505614161491394,0.28618133068084717,0.03510624170303345,-0.19688034057617188,0.157680943608284,-0.3500796854496002,0.1724499762058258,10.57150650024414,11.46575927734375,10.399691581726074,13.032011032104492,-0.027597656473517418,0.016865234822034836,-0.003066406352445483,-0.05826171860098839,0.0,-0.02965705096721649,0.03400127962231636,-0.011012760922312737,-0.0627925917506218,0.0,-0.2937965989112854,-0.32731255888938904,-9.869812965393066,0.13712945580482483,-0.1850510686635971,-8.24873161315918,0.0,0.0,0.0,0.0,0.0,0.0,0.0,0.0,0.0,0.0,0.0,0.0,-0.026910200715065002,0.030264195054769516,-0.013706238940358162,-0.059125274419784546,0.2525860667228699,0.2702217400074005,0.24917855858802795,0.3007216453552246,-1.0456429719924927,0.3701735734939575,1.1924914121627808,0.0,0.0,0.0,0.0,0.0,0.0,0.0
34687969125,0,-0.011854332871735096,-0.045854050666093826,-0.8483889102935791,6.569455581484362e-05,-0.04113857448101044,-0.8442511558532715,-0.04377995431423187,0.05799887701869011,-0.030934320762753487,0.023840174078941345,0.009430999867618084,0.004137754440307617,0.008476031012833118,0.007912744767963886,-0.3667246997356415,0.0,0.0,-0.6581494212150574,-0.008519827388226986,-0.004122921731323004,-0.3570994436740875,-0.05776530131697655,-0.06496664881706238,-0.26764312386512756,0.7436530590057373,-0.9618597626686096,-45.3419075012207,-0.1983533501625061,0.2842633128166199,0.07423099875450134,-0.1964927762746811,0.157680943608284,-0.3500796854496002,0.1724499762058258,9.601602554321289,12.466325759887695,9.36154556274414,13.938918113708496,-0.027597656473517418,0.018398437649011612,-0.0015332031762227416,-0.05672851577401161,0.0,-0.030283616855740547,0.031242091208696365,-0.014574108645319939,-0.05861549824476242,0.0,-0.04213092103600502,0.05818793177604675,-9.865721702575684,0.13712945580482483,-0.1850510686635971,-8.24873161315918,0.0,0.0,0.0,0.0,0.0,0.0,0.0,0.0,0.0,0.0,0.0,0.0,-0.027237406000494957,0.03143777325749397,-0.013509579934179783,-0.060262396931648254,0.2525860667228699,0.2702217400074005,0.24917855858802795,0.3007216453552246,-1.1222071647644043,0.14341336488723755,1.0473034381866455,0.0,0.0,0.0,0.0,0.0,0.0,0.0
34696990644,0,-0.012514420785009861,-0.04520336166024208,-0.8488510251045227,6.569455581484362e-05,-0.04113857448101044,-0.8442511558532715,-0.03736621141433716,0.053108010441064835,-0.0324908010661602,0.025160357356071472,0.00812961533665657,0.004599869251251221,0.007803235203027725,0.008057456463575363,-0.3730904161930084,0.0,0.0,-0.5982990860939026,-0.008519827388226986,-0.004122921731323004,-0.3570994436740875,-0.05776530131697655,-0.06496664881706238,-0.26764312386512756,0.7436530590057373,-0.9618597626686096,-45.3419075012207,-0.1983533501625061,0.2842633128166199,0.07423099875450134,-0.1964927762746811,0.15900789201259613,-0.34835952520370483,0.17702549695968628,9.601602554321289,12.466325759887695,9.36154556274414,13.938918113708496,-0.027597656473517418,0.018398437649011612,-0.003066406352445483,-0.05672851577401161,0.0,-0.030283616855740547,0.031242091208696365,-0.014574108645319939,-0.05861549824476242,0.0,-0.04213092103600502,0.05818793177604675,-9.865721702575684,0.12538699805736542,-0.18110132217407227,-8.240252494812012,0.0,0.0,0.0,0.0,0.0,0.0,0.0,0.0,0.0,0.0,0.0,0.0,-0.027931533753871918,0.03210613131523132,-0.01344500482082367,-0.060710445046424866,0.2332696169614792,0.28976187109947205,0.2284574955701828,0.3181633949279785,-1.1222071647644043,0.14341336488723755,1.0473034381866455,0.0,0.0,0.0,0.0,0.0,0.0,0.0
34707218113,0,-0.013178407214581966,-0.04455544427037239,-0.8493185043334961,6.569455581484362e-05,-0.04113857448101044,-0.8442511558532715,-0.03722596913576126,0.05210593715310097,-0.032226722687482834,0.02648833580315113,0.006833773571997881,0.005067348480224609,0.007380314636975527,0.008071903139352798,-0.37909483909606934,0.0,0.0,-0.5559050440788269,-0.014480954967439175,-0.0031506731174886227,-0.34379842877388,-0.0558035634458065,-0.0666813924908638,-0.2629212737083435,0.7208754420280457,-0.9707317352294922,-45.35908508300781,-0.1935347616672516,0.2833547592163086,0.0646173357963562,-0.1962422877550125,0.15900789201259613,-0.34835952520370483,0.17702549695968628,9.851624488830566,12.23974609375,9.600826263427734,13.695359230041504,-0.027597656473517418,0.018398437649011612,-0.004599609412252903,-0.05826171860098839,0.0,-0.030623527243733406,0.031441014260053635,-0.013016882352530956,-0.05927962064743042,0.0,-0.04213092103600502,0.05818793177604675,-9.865721702575684,0.12817083299160004,-0.17993132770061493,-8.243000030517578,0.0,0.0,0.0,0.0,0.0,0.0,0.0,0.0,0.0,0.0,0.0,0.0,-0.028722615912556648,0.03228457272052765,-0.013549759052693844,-0.060574863106012344,0.2332696169614792,0.28976187109947205,0.2284574955701828,0.3181633949279785,-0.865818440914154,0.12318132072687149,1.1905462741851807,0.0,0.0,0.0,0.0,0.0,0.0,0.0
34717360153,0,-0.013178407214581966,-0.04455544427037239,-0.8493185043334961,6.569455581484362e-05,-0.04113857448101044,-0.8442511558532715,-0.03722596913576126,0.05210593715310097,-0.032226722687482834,0.02648833580315113,0.006833773571997881,0.005067348480224609,0.007380314636975527,0.008071903139352798,-0.37909483909606934,0.0,0.0,-0.5559050440788269,-0.022086896002292633,-0.01361240167170763,-0.30901527404785156,-0.0558035634458065,-0.0666813924908638,-0.2629212737083435,0.740494966506958,-1.0102194547653198,-45.3591423034668,-0.18560361862182617,0.29925471544265747,0.07305236160755157,-0.1956760138273239,0.15949156880378723,-0.347454696893692,0.17939108610153198,9.676557540893555,12.439854621887207,9.354092597961426,13.916842460632324,-0.027597656473517418,0.018398437649011612,-0.004599609412252903,-0.06132812425494194,0.0,-0.03184039145708084,0.03266533464193344,-0.012543425895273685,-0.05979504808783531,0.0,0.01978129893541336,-0.1613931655883789,-9.827412605285645,0.12817083299160004,-0.17993132770061493,-8.243000030517578,0.0,0.0,0.0,0.0,0.0,0.0,0.0,0.0,0.0,0.0,0.0,0.0,-0.029502900317311287,0.03226397559046745,-0.013552945107221603,-0.06026231870055199,0.23826810717582703,0.28535452485084534,0.2332540601491928,0.31349456310272217,-0.47937774658203125,-0.29854077100753784,1.5704680681228638,0.0,0.0,0.0,0.0,0.0,0.0,0.0
34727231412,0,-0.013751616701483727,-0.04400696977972984,-0.8497828841209412,6.569455581484362e-05,-0.04113857448101044,-0.8442511558532715,-0.04398522898554802,0.0527498833835125,-0.030956365168094635,0.0276347603648901,0.005736819468438625,0.005531728267669678,0.006845741532742977,0.007723575457930565,-0.3842516839504242,0.0,0.0,-0.4187479317188263,-0.03569938614964485,-0.023896880447864532,-0.2926769256591797,-0.052283063530921936,-0.06323422491550446,-0.20590922236442566,0.740494966506958,-1.0102194547653198,-45.3591423034668,-0.18560361862182617,0.29925471544265747,0.07305236160755157,-0.1956760138273239,0.16020122170448303,-0.3458911180496216,0.18424850702285767,9.676557540893555,12.439854621887207,9.354092597961426,13.916842460632324,-0.027597656473517418,0.019931640475988388,-0.003066406352445483,-0.06132812425494194,0.0,-0.03184039145708084,0.03266533464193344,-0.012543425895273685,-0.05979504808783531,0.0,-0.3439643681049347,-0.43216338753700256,-9.754758834838867,0.14450766146183014,-0.17653247714042664,-8.251495361328125,0.0,0.0,0.0,0.0,0.0,0.0,0.0,0.0,0.0,0.0,0.0,0.0,-0.030261846259236336,0.032271429896354675,-0.0133900698274374,-0.059998609125614166,0.2347695529460907,0.28924739360809326,0.22830800712108612,0.31774064898490906,-0.8150638937950134,-0.6313198208808899,1.5137107372283936,0.0,0.0,0.0,0.0,0.0,0.0,0.0
34737086485,0,-0.013751616701483727,-0.04400696977972984,-0.8497828841209412,6.569455581484362e-05,-0.04113857448101044,-0.8442511558532715,-0.04398522898554802,0.0527498833835125,-0.030956365168094635,0.0276347603648901,0.005736819468438625,0.005531728267669678,0.006845741532742977,0.007723575457930565,-0.3842516839504242,0.0,0.0,-0.4187479317188263,-0.05068030580878258,-0.028928248211741447,-0.2776618003845215,-0.052283063530921936,-0.06323422491550446,-0.20590922236442566,0.794792115688324,-0.9709286093711853,-45.38322448730469,-0.1635257750749588,0.3170301914215088,0.18363623321056366,-0.1953103244304657,0.16020122170448303,-0.3458911180496216,0.18424850702285767,6.972276210784912,15.223758697509766,6.540322780609131,16.67917251586914,-0.024531250819563866,0.021464843302965164,-0.0015332031762227416,-0.06132812425494194,0.0,-0.03939008340239525,0.027065131813287735,-0.022939737886190414,-0.050177644938230515,0.0,0.06189671903848648,-0.17540529370307922,-9.704745292663574,0.14450766146183014,-0.17653247714042664,-8.251495361328125,0.0,0.0,0.0,0.0,0.0,0.0,0.0,0.0,0.0,0.0,0.0,0.0,-0.031274668872356415,0.032089438289403915,-0.013633337803184986,-0.0593876838684082,0.2347695529460907,0.28924739360809326,0.22830800712108612,0.31774064898490906,-1.086883783340454,-0.5669624209403992,1.538020372390747,0.0,0.0,0.0,0.0,0.0,0.0,0.0
34747290126,0,-0.01388223934918642,-0.04374202340841293,-0.85025554895401,6.569455581484362e-05,-0.04113857448101044,-0.8442511558532715,-0.041551388800144196,0.043368302285671234,-0.029873501509428024,0.027896007522940636,0.005206923931837082,0.006004393100738525,0.005192143842577934,0.006886736024171114,-0.3894883990287781,0.0,0.0,-0.4187479317188263,-0.06321707367897034,-0.03157700598239899,-0.2441035807132721,-0.03773890808224678,-0.04942486435174942,0.08127513527870178,0.7378961443901062,-0.8859238624572754,-45.41339111328125,-0.11952148377895355,0.32763081789016724,0.1366496980190277,-0.19437983632087708,0.16041173040866852,-0.34457042813301086,0.1900031715631485,8.23973560333252,14.107015609741211,7.637855529785156,15.463780403137207,-0.026064453646540642,0.021464843302965164,-0.004599609412252903,-0.059794921427965164,0.0,-0.03199896961450577,0.025722283869981766,-0.020811887457966805,-0.05081082880496979,0.0,0.06189671903848648,-0.17540529370307922,-9.704745292663574,0.13416293263435364,-0.16107706725597382,-8.256979942321777,0.0,0.0,0.0,0.0,0.0,0.0,0.0,0.0,0.0,0.0,0.0,0.0,-0.03258105367422104,0.03126921132206917,-0.014892501756548882,-0.057860586792230606,0.2347695529460907,0.28924739360809326,0.22830800712108612,0.31774064898490906,-1.0410025119781494,-0.41690462827682495,2.307016372680664,0.0,0.0,0.0,0.0,0.0,0.0,0.0
34756892454,0,-0.01435007993131876,-0.04369061440229416,-0.8504842519760132,6.569455581484362e-05,-0.04113857448101044,-0.8442511558532715,-0.037595100700855255,0.042346466332674026,-0.029442837461829185,0.028831692412495613,0.005104105453938246,0.006233096122741699,0.004179719369858503,0.006543839816004038,-0.39089709520339966,0.0,0.0,-0.32398486137390137,-0.06321707367897034,-0.03157700598239899,-0.2441035807132721,-0.03773890808224678,-0.04942486435174942,0.08127513527870178,0.7378961443901062,-0.8859238624572754,-45.41339111328125,-0.11952148377895355,0.32763081789016724,0.1366496980190277,-0.19437983632087708,0.1602104753255844,-0.34409257769584656,0.19268456101417542,8.23973560333252,14.107015609741211,7.637855529785156,15.463780403137207,-0.027597656473517418,0.019931640475988388,-0.009199218824505806,-0.06132812425494194,0.0,-0.03199896961450577,0.025722283869981766,-0.020811887457966805,-0.05081082880496979,0.0,0.45951613783836365,0.20010726153850555,-9.567197799682617,0.1279979646205902,-0.1615416407585144,-8.258957862854004,0.0,0.0,0.0,0.0,0.0,0.0,0.0,0.0,0.0,0.0,0.0,0.0,-0.03345710411667824,0.029904203489422798,-0.01670222356915474,-0.055779457092285156,0.20580333471298218,0.3213793933391571,0.19353289902210236,0.34714293479919434,-1.0410025119781494,-0.41690462827682495,2.307016372680664,0.0,0.0,0.0,0.0,0.0,0.0,0.0
34767063468,0,-0.01435007993131876,-0.04369061440229416,-0.8504842519760132,6.569455581484362e-05,-0.04113857448101044,-0.8442511558532715,-0.037595100700855255,0.042346466332674026,-0.029442837461829185,0.028831692412495613,0.005104105453938246,0.006233096122741699,0.004179719369858503,0.006543839816004038,-0.39089709520339966,0.0,0.0,-0.32398486137390137,-0.0745071992278099,-0.03969120979309082,-0.15928761661052704,-0.03773890808224678,-0.04942486435174942,0.08127513527870178,0.7456644773483276,-0.8952316045761108,-45.40073776245117,-0.10464493930339813,0.3440763056278229,0.33548057079315186,-0.1929996907711029,0.15935058891773224,-0.34319552779197693,0.20021052658557892,3.2998454570770264,19.086299896240234,2.627328872680664,20.430740356445312,-0.03066406212747097,0.021464843302965164,-0.009199218824505806,-0.059794921427965164,0.0,-0.07968266308307648,0.01940581575036049,-0.0597548633813858,-0.0386732742190361,0.0,0.45951613783836365,0.20010726153850555,-9.567197799682617,0.1279979646205902,-0.1615416407585144,-8.258957862854004,0.0,0.0,0.0,0.0,0.0,0.0,0.0,0.0,0.0,0.0,0.0,0.0,-0.03581862524151802,0.02816980704665184,-0.02014712058007717,-0.05327915400266647,0.20580333471298218,0.3213793933391571,0.19353289902210236,0.34714293479919434,-0.5048545598983765,-0.3412571847438812,3.5106921195983887,0.0,0.0,0.0,0.0,0.0,0.0,0.0
34776944449,0,-0.015215578489005566,-0.04357228800654411,-0.85089111328125,6.569455581484362e-05,-0.04113857448101044,-0.8442511558532715,-0.03898755460977554,0.04417842999100685,-0.02955329604446888,0.03056269884109497,0.004867451265454292,0.006639957427978516,0.0029830283019691706,0.005788825452327728,-0.3929072916507721,0.0,0.0,-0.10702723264694214,-0.0745071992278099,-0.03969120979309082,-0.15928761661052704,-0.02485009655356407,-0.0422230027616024,0.34444352984428406,0.7456644773483276,-0.8952316045761108,-45.40073776245117,-0.10464493930339813,0.3440763056278229,0.33548057079315186,-0.1929996907711029,0.15935058891773224,-0.34319552779197693,0.20021052658557892,3.2998454570770264,19.086299896240234,2.627328872680664,20.430740356445312,-0.029130859300494194,0.026064453646540642,-0.0076660155318677425,-0.05672851577401161,0.0,-0.07968266308307648,0.01940581575036049,-0.0597548633813858,-0.0386732742190361,0.0,0.032529208809137344,-0.19391049444675446,-9.365706443786621,0.13557535409927368,-0.1627693772315979,-8.254679679870605,0.0,0.0,0.0,0.0,0.0,0.0,0.0,0.0,0.0,0.0,0.0,0.0,-0.042874421924352646,0.025991003960371017,-0.027353560552001,-0.049914222210645676,0.1025223508477211,0.41433992981910706,0.08798093348741531,0.43872329592704773,-0.5048545598983765,-0.3412571847438812,3.5106921195983887,0.0,0.0,0.0,0.0,0.0,0.0,0.0
34786579941,0,-0.015215578489005566,-0.04357228800654411,-0.85089111328125,6.569455581484362e-05,-0.04113857448101044,-0.8442511558532715,-0.03898755460977554,0.04417842999100685,-0.02955329604446888,0.03056269884109497,0.004867451265454292,0.006639957427978516,0.0029830283019691706,0.005788825452327728,-0.3929072916507721,0.0,0.0,-0.10702723264694214,-0.09619421511888504,-0.053984809666872025,-0.08514035493135452,-0.02485009655356407,-0.0422230027616024,0.34444352984428406,0.7054941654205322,-0.9297523498535156,-45.62019729614258,-0.10464493930339813,0.3440763056278229,0.33548057079315186,-0.1929996907711029,0.15935058891773224,-0.34319552779197693,0.20021052658557892,3.932725667953491,18.637672424316406,3.1485707759857178,19.942516326904297,-0.027597656473517418,0.024531250819563866,-0.006132812704890966,-0.05826171860098839,0.0,-0.07356995344161987,0.01976580172777176,-0.041457679122686386,-0.03952031582593918,0.0,0.032529208809137344,-0.19391049444675446,-9.365706443786621,0.13557535409927368,-0.1627693772315979,-8.254679679870605,0.0,0.0,0.0,0.0,0.0,0.0,0.0,0.0,0.0,0.0,0.0,0.0,-0.05285467952489853,0.02372090145945549,-0.03603261336684227,-0.046224117279052734,0.1025223508477211,0.41433992981910706,0.08798093348741531,0.43872329592704773,-0.9189383387565613,-0.6297953128814697,4.101258754730225,0.0,0.0,0.0,0.0,0.0,0.0,0.0
34801038524,0,-0.017033513635396957,-0.044392041862010956,-0.8513120412826538,6.569455581484362e-05,-0.04113857448101044,-0.8442511558532715,-0.029450835660099983,0.029639147222042084,-0.01927899941802025,0.03535056114196777,0.007049506530165672,0.007162511348724365,0.0002656339784152806,0.00415233476087451,-0.3939494788646698,0.0,0.0,-0.022239206358790398,-0.09619421511888504,-0.053984809666872025,-0.08514035493135452,-0.004001588560640812,-0.032835621386766434,0.34411758184432983,0.6910644769668579,-0.8072153329849243,-45.81085205078125,-0.05932095646858215,0.36899441480636597,0.26556098461151123,-0.19117408990859985,0.15806226432323456,-0.3426879346370697,0.20805661380290985,5.263504505157471,17.467304229736328,4.366271018981934,18.755081176757812,-0.026064453646540642,0.024531250819563866,-0.009199218824505806,-0.05672851577401161,0.0,-0.047298580408096313,0.018431134521961212,-0.03819574788212776,-0.03933386877179146,0.0,0.46285662055015564,-0.4596448838710785,-9.638823509216309,0.11180181056261063,-0.14265824854373932,-8.358323097229004,0.0,0.0,0.0,0.0,0.0,0.0,0.0,0.0,0.0,0.0,0.0,0.0,-0.06065566837787628,0.021796438843011856,-0.04199575260281563,-0.043124567717313766,0.14429835975170135,0.38458511233329773,0.12533357739448547,0.40828803181648254,-0.9189383387565613,-0.6297953128814697,4.101258754730225,0.0,0.0,0.0,0.0,0.0,0.0,0.0
34806990282,0,-0.017609497532248497,-0.044663310050964355,-0.8514136672019958,6.569455581484362e-05,-0.04113857448101044,-0.8442511558532715,-0.026876915246248245,0.03229033946990967,-0.014708097092807293,0.03535056114196777,0.007049506530165672,0.007162511348724365,-0.0010323672322556376,0.00334212020970881,-0.39288094639778137,0.0,0.0,-0.022239206358790398,-0.10542622953653336,-0.06467679888010025,-0.03172635659575462,0.006216986570507288,-0.02710474468767643,0.44436004757881165,0.6197121143341064,-0.7560824155807495,-45.79474639892578,-0.04072030633687973,0.3873039186000824,0.2861854135990143,-0.1901412457227707,0.15721796452999115,-0.3426549434661865,0.2121344357728958,4.800098419189453,17.980636596679688,3.790414810180664,19.264589309692383,-0.03066406212747097,0.02299804612994194,-0.013798828236758709,-0.05672851577401161,0.0,-0.05312586575746536,0.015558562241494656,-0.04181791469454765,-0.03598527982831001,0.0,0.43992874026298523,0.1568906158208847,-9.551058769226074,0.11180181056261063,-0.14265824854373932,-8.358323097229004,0.0,0.0,0.0,0.0,0.0,0.0,0.0,0.0,0.0,0.0,0.0,0.0,-0.06350831687450409,0.02015802636742592,-0.04454486444592476,-0.040754809975624084,0.13452884554862976,0.3940669596195221,0.11305271089076996,0.4175901412963867,-0.9516893029212952,-0.8623481392860413,5.096482753753662,0.0,0.0,0.0,0.0,0.0,0.0,0.0
34816759510,0,-0.017609497532248497,-0.044663310050964355,-0.8514136672019958,6.569455581484362e-05,-0.04113857448101044,-0.8442511558532715,-0.026876915246248245,0.03229033946990967,-0.014708097092807293,0.03535056114196777,0.007049506530165672,0.007162511348724365,-0.0010323672322556376,0.00334212020970881,-0.39288094639778137,0.0,0.0,-0.022239206358790398,-0.1400984823703766,-0.07577339559793472,0.09792736172676086,0.006216986570507288,-0.02710474468767643,0.44436004757881165,0.6641228199005127,-0.7760408520698547,-46.19819259643555,0.027390986680984497,0.40789929032325745,0.17780907452106476,-0.18735048174858093,0.15442003309726715,-0.3429783582687378,0.22395910322666168,7.752819538116455,15.440248489379883,6.459105014801025,16.58224105834961,-0.036796875298023224,0.019931640475988388,-0.02299804612994194,-0.055195312947034836,0.0,-0.03137577325105667,0.01978936977684498,-0.025404520332813263,-0.0429999977350235,0.0,0.43992874026298523,0.1568906158208847,-9.551058769226074,0.11180181056261063,-0.14265824854373932,-8.358323097229004,0.0,0.0,0.0,0.0,0.0,0.0,0.0,0.0,0.0,0.0,0.0,0.0,-0.061723239719867706,0.018831200897693634,-0.04437107965350151,-0.03918730095028877,0.19588299095630646,0.3466990888118744,0.16925883293151855,0.3681316673755646,-1.535568356513977,-0.653040885925293,5.851247310638428,0.0,0.0,0.0,0.0,0.0,0.0,0.0
34827149444,0,-0.018688343465328217,-0.045304395258426666,-0.8515346646308899,6.569455581484362e-05,-0.04113857448101044,-0.8442511558532715,-0.025278359651565552,0.02661365643143654,-0.006972253788262606,0.03750826045870781,0.008331683464348316,0.007283508777618408,-0.003473797580227256,0.0019248438766226172,-0.39002981781959534,0.0,0.0,-0.0047828578390181065,-0.16379410028457642,-0.08112358301877975,0.13995900750160217,0.026356864720582962,-0.017382875084877014,0.46183425188064575,0.6641228199005127,-0.7760408520698547,-46.19819259643555,0.027390986680984497,0.40789929032325745,0.17780907452106476,-0.18735048174858093,0.15442003309726715,-0.3429783582687378,0.22395910322666168,7.752819538116455,15.440248489379883,6.459105014801025,16.58224105834961,-0.044462889432907104,0.015332031063735485,-0.029130859300494194,-0.055195312947034836,0.0,-0.03137577325105667,0.01978936977684498,-0.025404520332813263,-0.0429999977350235,0.0,-0.1332070529460907,-0.30900949239730835,-9.56353759765625,0.10776133090257645,-0.12979047000408173,-8.408231735229492,0.0,0.0,0.0,0.0,0.0,0.0,0.0,0.0,0.0,0.0,0.0,0.0,-0.056248750537633896,0.01816028729081154,-0.04154294356703758,-0.0387963242828846,0.19588299095630646,0.3466990888118744,0.16925883293151855,0.3681316673755646,-2.0422043800354004,-0.6159989237785339,5.223658561706543,0.0,0.0,0.0,0.0,0.0,0.0,0.0
34836918989,0,-0.019215434789657593,-0.0456012599170208,-0.8515620827674866,6.569455581484362e-05,-0.04113857448101044,-0.8442511558532715,-0.029316985979676247,0.016812756657600403,-0.0021511507220566273,0.03856245055794716,0.008925415575504303,0.007310926914215088,-0.005819446872919798,0.0012457836419343948,-0.38858717679977417,0.0,0.0,-0.0047828578390181065,-0.16379410028457642,-0.08112358301877975,0.13995900750160217,0.026356864720582962,-0.017382875084877014,0.46183425188064575,0.5926873087882996,-0.7138475775718689,-46.24527359008789,0.027390986680984497,0.40789929032325745,0.17780907452106476,-0.18735048174858093,0.15442003309726715,-0.3429783582687378,0.22395910322666168,8.698721885681152,14.669341087341309,7.221484184265137,15.688641548156738,-0.04599609225988388,0.016865234822034836,-0.032197266817092896,-0.052128907293081284,0.0,-0.028338810428977013,0.017608243972063065,-0.022269446402788162,-0.04243652522563934,0.0,-0.1332070529460907,-0.30900949239730835,-9.56353759765625,0.109421506524086,-0.10687468945980072,-8.440010070800781,0.0,0.0,0.0,0.0,0.0,0.0,0.0,0.0,0.0,0.0,0.0,0.0,-0.048826489597558975,0.0180303156375885,-0.03702943027019501,-0.03935373201966286,0.19588299095630646,0.3466990888118744,0.16925883293151855,0.3681316673755646,-2.0422043800354004,-0.6159989237785339,5.223658561706543,0.0,0.0,0.0,0.0,0.0,0.0,0.0
34846973035,0,-0.019215434789657593,-0.0456012599170208,-0.8515620827674866,6.569455581484362e-05,-0.04113857448101044,-0.8442511558532715,-0.029316985979676247,0.016812756657600403,-0.0021511507220566273,0.03856245055794716,0.008925415575504303,0.007310926914215088,-0.005819446872919798,0.0012457836419343948,-0.38858717679977417,0.0,0.0,-0.0047828578390181065,-0.1908690333366394,-0.09614969789981842,0.17985782027244568,0.04536884278059006,-0.013422657735645771,0.46010658144950867,0.6051281094551086,-0.5724343657493591,-46.40333557128906,0.1387251764535904,0.44981640577316284,0.12082323431968689,-0.18291600048542023,0.15243861079216003,-0.3433443307876587,0.23080290853977203,9.47231388092041,14.166775703430176,7.696672439575195,15.101882934570312,-0.04292968660593033,0.018398437649011612,-0.03066406212747097,-0.05059570446610451,0.0,-0.019770771265029907,0.015354099683463573,-0.027337387204170227,-0.04074480012059212,0.0,-0.1332070529460907,-0.30900949239730835,-9.56353759765625,0.109421506524086,-0.10687468945980072,-8.440010070800781,0.0,0.0,0.0,0.0,0.0,0.0,0.0,0.0,0.0,0.0,0.0,0.0,-0.041140440851449966,0.01788514107465744,-0.03246442973613739,-0.04014468193054199,0.21529294550418854,0.33188533782958984,0.18522977828979492,0.3512026369571686,-1.4910426139831543,-0.7901226878166199,2.5715935230255127,0.0,0.0,0.0,0.0,0.0,0.0,0.0
34857179105,0,-0.020359361544251442,-0.04641635715961456,-0.8515400886535645,6.569455581484362e-05,-0.04113857448101044,-0.8442511558532715,-0.027788996696472168,0.01703503541648388,-0.0011769670527428389,0.04085031524300575,0.010555618442595005,0.007288932800292969,-0.00927256140857935,-0.0005225691711530089,-0.3857741057872772,0.0,0.0,-0.0047828578390181065,-0.1908690333366394,-0.09614969789981842,0.17985782027244568,0.08068118244409561,0.0013837607111781836,0.45628178119659424,0.6051281094551086,-0.5724343657493591,-46.40333557128906,0.1387251764535904,0.44981640577316284,0.12082323431968689,-0.18291600048542023,0.14773546159267426,-0.344381719827652,0.24369481205940247,9.47231388092041,14.166775703430176,7.696672439575195,15.101882934570312,-0.039863280951976776,0.018398437649011612,-0.03066406212747097,-0.04906250163912773,0.0,-0.019770771265029907,0.015354099683463573,-0.027337387204170227,-0.04074480012059212,0.0,-0.35261964797973633,0.5707563161849976,-9.740594863891602,0.11002329736948013,-0.10407897084951401,-8.436969757080078,0.0,0.0,0.0,0.0,0.0,0.0,0.0,0.0,0.0,0.0,0.0,0.0,-0.03381232172250748,0.017450682818889618,-0.029039433225989342,-0.04072245955467224,0.23067939281463623,0.3225212097167969,0.1947356015443802,0.3403037488460541,-1.4910426139831543,-0.7901226878166199,2.5715935230255127,0.0,0.0,0.0,0.0,0.0,0.0,0.0
34867322827,0,-0.020359361544251442,-0.04641635715961456,-0.8515400886535645,6.569455581484362e-05,-0.04113857448101044,-0.8442511558532715,-0.027788996696472168,0.01703503541648388,-0.0011769670527428389,0.04085031524300575,0.010555618442595005,0.007288932800292969,-0.00927256140857935,-0.0005225691711530089,-0.3857741057872772,0.0,0.0,-0.0047828578390181065,-0.20172905921936035,-0.12097645550966263,0.2238927185535431,0.08068118244409561,0.0013837607111781836,0.45628178119659424,0.5347149968147278,-0.4540410339832306,-46.713226318359375,0.1387251764535904,0.44981640577316284,0.12082323431968689,-0.18291600048542023,0.14773546159267426,-0.344381719827652,0.24369481205940247,10.974211692810059,12.941295623779297,8.922531127929688,13.912156105041504,-0.039863280951976776,0.018398437649011612,-0.03066406212747097,-0.04752929508686066,0.0,-0.015518749132752419,0.011649503372609615,-0.025482555851340294,-0.03942896053195,0.0,-0.35261964797973633,0.5707563161849976,-9.740594863891602,0.11002329736948013,-0.10407897084951401,-8.436969757080078,0.0,0.0,0.0,0.0,0.0,0.0,0.0,0.0,0.0,0.0,0.0,0.0,-0.02742105908691883,0.01667923294007778,-0.026955334469676018,-0.04095003381371498,0.23067939281463623,0.3225212097167969,0.1947356015443802,0.3403037488460541,-0.6705605983734131,-1.1755088567733765,2.4282331466674805,0.0,0.0,0.0,0.0,0.0,0.0,0.0
34877123806,0,-0.021369842812418938,-0.0472988598048687,-0.8514448404312134,6.569455581484362e-05,-0.04113857448101044,-0.8442511558532715,-0.023775914683938026,0.0062192277982831,0.007239240687340498,0.04287128895521164,0.012320632115006447,0.0071936845779418945,-0.013616269454360008,-0.002570045180618763,-0.38155174255371094,0.0,0.0,-0.0047828578390181065,-0.20227967202663422,-0.12020676583051682,0.23167501389980316,0.11043652892112732,0.01866844855248928,0.4504697620868683,0.5347149968147278,-0.4540410339832306,-46.713226318359375,0.1769249588251114,0.4976159334182739,0.06952199339866638,-0.1799221932888031,0.1419462412595749,-0.3462159335613251,0.25605064630508423,10.974211692810059,12.941295623779297,8.922531127929688,13.912156105041504,-0.04139648377895355,0.018398437649011612,-0.032197266817092896,-0.04599609225988388,0.0,-0.015222187153995037,0.011900977231562138,-0.02511773072183132,-0.03919488564133644,0.0,0.4402785897254944,-0.11627349257469177,-9.587395668029785,0.09722090512514114,-0.08255291730165482,-8.493313789367676,0.0,0.0,0.0,0.0,0.0,0.0,0.0,0.0,0.0,0.0,0.0,0.0,-0.02226392924785614,0.015554201789200306,-0.025727316737174988,-0.040831178426742554,0.2605481743812561,0.29896825551986694,0.21962499618530273,0.3176509141921997,-0.3076760470867157,-0.5745507478713989,1.6070568561553955,0.0,0.0,0.0,0.0,0.0,0.0,0.0
34886903603,0,-0.02233142778277397,-0.04809413477778435,-0.8512279391288757,6.569455581484362e-05,-0.04113857448101044,-0.8442511558532715,-0.024517294019460678,0.0022808292414993048,0.011849014088511467,0.044794466346502304,0.013911190442740917,0.006976783275604248,-0.016757206991314888,-0.004421664867550135,-0.37762290239334106,0.0,0.0,-0.0047828578390181065,-0.20227967202663422,-0.12020676583051682,0.23167501389980316,0.1354663074016571,0.02513023279607296,0.4470210075378418,0.6172268390655518,-0.47392362356185913,-46.77307891845703,0.19194425642490387,0.49680769443511963,0.061905637383461,-0.1783129721879959,0.13849999010562897,-0.3475058376789093,0.2626067101955414,11.200092315673828,12.790514945983887,9.105767250061035,13.711017608642578,-0.04292968660593033,0.016865234822034836,-0.03066406212747097,-0.04599609225988388,0.0,-0.012781764380633831,0.01500867959111929,-0.0268525592982769,-0.04228506237268448,0.0,0.480054646730423,-0.3884795606136322,-9.412162780761719,0.09840700030326843,-0.07055681943893433,-8.520247459411621,0.0,0.0,0.0,0.0,0.0,0.0,0.0,0.0,0.0,0.0,0.0,0.0,-0.01832929626107216,0.014458541758358479,-0.025107737630605698,-0.040624137967824936,0.26499953866004944,0.29605036973953247,0.22331660985946655,0.3137951195240021,-0.3076760470867157,-0.5745507478713989,1.6070568561553955,0.0,0.0,0.0,0.0,0.0,0.0,0.0
34896754881,0,-0.0232410728931427,-0.04879186302423477,-0.850896418094635,6.569455581484362e-05,-0.04113857448101044,-0.8442511558532715,-0.02561860904097557,-0.0037665555719286203,0.020042939111590385,0.04661376774311066,0.015306653454899788,0.006645262241363525,-0.019826602190732956,-0.00612580357119441,-0.374591588973999,0.0,0.0,-0.0047828578390181065,-0.18287605047225952,-0.11119744181632996,0.19766944646835327,0.1354663074016571,0.02513023279607296,0.4470210075378418,0.5169833898544312,-0.2968999147415161,-47.04306411743164,0.19194425642490387,0.49680769443511963,0.061905637383461,-0.1783129721879959,0.13849999010562897,-0.3475058376789093,0.2626067101955414,10.464805603027344,13.702009201049805,8.33268928527832,14.574563980102539,-0.039863280951976776,0.016865234822034836,-0.029130859300494194,-0.04599609225988388,0.0,-0.011085688136518002,0.006855453364551067,-0.03260386362671852,-0.03304780274629593,0.0,0.480054646730423,-0.3884795606136322,-9.412162780761719,0.0986003503203392,-0.05448441952466965,-8.574779510498047,0.0,0.0,0.0,0.0,0.0,0.0,0.0,0.0,0.0,0.0,0.0,0.0,-0.01540486142039299,0.013501712121069431,-0.025310276076197624,-0.04026011750102043,0.26499953866004944,0.29605036973953247,0.22331660985946655,0.3137951195240021,0.5671416521072388,0.17163854837417603,-0.8148689270019531,0.0,0.0,0.0,0.0,0.0,0.0,0.0
34906711879,0,-0.0232410728931427,-0.04879186302423477,-0.850896418094635,6.569455581484362e-05,-0.04113857448101044,-0.8442511558532715,-0.02561860904097557,-0.0037665555719286203,0.020042939111590385,0.04661376774311066,0.015306653454899788,0.006645262241363525,-0.019826602190732956,-0.00612580357119441,-0.374591588973999,0.0,0.0,-0.0047828578390181065,-0.18287605047225952,-0.11119744181632996,0.19766944646835327,0.1607852727174759,0.036920417100191116,0.4434148073196411,0.5169833898544312,-0.2968999147415161,-47.04306411743164,0.2059636116027832,0.4963890016078949,0.09472532570362091,-0.17535044252872467,0.1320262849330902,-0.34998753666877747,0.27308282256126404,10.464805603027344,13.702009201049805,8.33268928527832,14.574563980102539,-0.03066406212747097,0.016865234822034836,-0.026064453646540642,-0.04292968660593033,0.0,-0.010777957737445831,0.007090472616255283,-0.03221721202135086,-0.0328267440199852,0.0,-0.05369633063673973,-0.1491423398256302,-9.43093204498291,0.0986003503203392,-0.05448441952466965,-8.574779510498047,0.0,0.0,0.0,0.0,0.0,0.0,0.0,0.0,0.0,0.0,0.0,0.0,-0.013233628123998642,0.012191682122647762,-0.02647259458899498,-0.039166152477264404,0.2504707872867584,0.31362229585647583,0.20769113302230835,0.3302958607673645,0.5671416521072388,0.17163854837417603,-0.8148689270019531,0.0,0.0,0.0,0.0,0.0,0.0,0.0
34916747532,0,-0.0232410728931427,-0.04879186302423477,-0.850896418094635,6.569455581484362e-05,-0.04113857448101044,-0.8442511558532715,-0.02561860904097557,-0.0037665555719286203,0.020042939111590385,0.04661376774311066,0.015306653454899788,0.006645262241363525,-0.019826602190732956,-0.00612580357119441,-0.374591588973999,0.0,0.0,-0.0047828578390181065,-0.13477621972560883,-0.09617730230093002,0.1773456335067749,0.1607852727174759,0.036920417100191116,0.4434148073196411,0.5423019528388977,-0.29966431856155396,-47.161285400390625,0.2059636116027832,0.4963890016078949,0.09472532570362091,-0.17535044252872467,0.1320262849330902,-0.34998753666877747,0.27308282256126404,10.22062873840332,13.941313743591309,8.15601921081543,14.874411582946777,-0.024531250819563866,0.013798828236758709,-0.026064453646540642,-0.044462889432907104,0.0,-0.010255216620862484,0.007680967450141907,-0.03389357030391693,-0.03283264487981796,0.0,-0.0714353695511818,0.09840567409992218,-9.659992218017578,0.0986003503203392,-0.05448441952466965,-8.574779510498047,0.0,0.0,0.0,0.0,0.0,0.0,0.0,0.0,0.0,0.0,0.0,0.0,-0.011702731251716614,0.0106224799528718,-0.028199445456266403,-0.0374688021838665,0.2504707872867584,0.31362229585647583,0.20769113302230835,0.3302958607673645,1.8488948345184326,0.6891345381736755,-0.7916410565376282,0.0,0.0,0.0,0.0,0.0,0.0,0.0
34927114256,0,-0.02411148138344288,-0.049483735114336014,-0.8505166172981262,6.569455581484362e-05,-0.04113857448101044,-0.8442511558532715,-0.02191860042512417,-0.008689154870808125,0.01606113463640213,0.04835459217429161,0.01669040508568287,0.006265461444854736,-0.021416546776890755,-0.007647315040230751,-0.3711121082305908,0.0,0.0,-0.0047828578390181065,-0.10558390617370605,-0.07641255110502243,0.18034730851650238,0.17355512082576752,0.05004444718360901,0.438700795173645,0.5326574444770813,-0.29203155636787415,-47.0450325012207,0.1569952666759491,0.48768383264541626,0.0956803411245346,-0.17213518917560577,0.12544766068458557,-0.3526855707168579,0.2815700173377991,10.355360984802246,13.662717819213867,8.396618843078613,14.66125774383545,-0.021464843302965164,0.010732421651482582,-0.026064453646540642,-0.044462889432907104,0.0,-0.009852963499724865,0.007646296638995409,-0.032420821487903595,-0.0326547846198082,0.0,-0.0714353695511818,0.09840567409992218,-9.659992218017578,0.09079854190349579,-0.04459914565086365,-8.537007331848145,0.0,0.0,0.0,0.0,0.0,0.0,0.0,0.0,0.0,0.0,0.0,0.0,-0.010688268579542637,0.009279098361730576,-0.029954178258776665,-0.035770051181316376,0.24829843640327454,0.3128681182861328,0.20898845791816711,0.33194461464881897,2.218142032623291,1.3016008138656616,-0.2919807434082031,0.0,0.0,0.0,0.0,0.0,0.0,0.0
34937594089,0,-0.02451482228934765,-0.04985804110765457,-0.850293755531311,6.569455581484362e-05,-0.04113857448101044,-0.8442511558532715,-0.021724805235862732,-0.00928655918687582,0.019673652946949005,0.04916127771139145,0.017439020797610283,0.006042599678039551,-0.021952809765934944,-0.007924345321953297,-0.3691808879375458,0.0,0.0,-0.0047828578390181065,-0.10558390617370605,-0.07641255110502243,0.18034730851650238,0.17994576692581177,0.05098889395594597,0.436673104763031,0.49939197301864624,-0.24529530107975006,-46.95354080200195,0.13910061120986938,0.46722379326820374,0.0814187079668045,-0.17074693739414215,0.12294437736272812,-0.3537028729915619,0.2847113311290741,10.629043579101562,13.287071228027344,8.788960456848145,14.277621269226074,-0.021464843302965164,0.009199218824505806,-0.026064453646540642,-0.044462889432907104,0.0,-0.009009188041090965,0.005847237538546324,-0.031343452632427216,-0.03144467622041702,0.0,0.01279151625931263,0.19786420464515686,-9.906539916992188,0.0911443829536438,-0.041639506816864014,-8.56420612335205,0.0,0.0,0.0,0.0,0.0,0.0,0.0,0.0,0.0,0.0,0.0,0.0,-0.01001483853906393,0.008235716260969639,-0.031290579587221146,-0.034312114119529724,0.25372564792633057,0.3056428134441376,0.21692949533462524,0.32463759183883667,2.218142032623291,1.3016008138656616,-0.2919807434082031,0.0,0.0,0.0,0.0,0.0,0.0,0.0
34946883697,0,-0.02451482228934765,-0.04985804110765457,-0.850293755531311,6.569455581484362e-05,-0.04113857448101044,-0.8442511558532715,-0.021724805235862732,-0.00928655918687582,0.019673652946949005,0.04916127771139145,0.017439020797610283,0.006042599678039551,-0.021952809765934944,-0.007924345321953297,-0.3691808879375458,0.0,0.0,-0.0047828578390181065,-0.05767538398504257,-0.011726019904017448,0.1719968467950821,0.17994576692581177,0.05098889395594597,0.436673104763031,0.46466079354286194,-0.11499083042144775,-47.427040100097656,0.10489962995052338,0.3849797546863556,0.0776258260011673,-0.16752202808856964,0.11775663495063782,-0.35504281520843506,0.29103338718414307,10.65615463256836,13.385458946228027,9.182422637939453,14.224696159362793,-0.02299804612994194,0.009199218824505806,-0.026064453646540642,-0.044462889432907104,0.0,-0.0054862587712705135,0.0017069743480533361,-0.033299777656793594,-0.02721145935356617,0.0,0.01279151625931263,0.19786420464515686,-9.906539916992188,0.0911443829536438,-0.041639506816864014,-8.56420612335205,0.0,0.0,0.0,0.0,0.0,0.0,0.0,0.0,0.0,0.0,0.0,0.0,-0.009374473243951797,0.007173825055360794,-0.03209754452109337,-0.03292650356888771,0.25426235795021057,0.3075379431247711,0.22485896944999695,0.3236272633075714,2.1607141494750977,2.6293187141418457,-0.5240712761878967,0.0,0.0,0.0,0.0,0.0,0.0,0.0
34957666723,0,-0.025294555351138115,-0.05061670392751694,-0.849826991558075,6.569455581484362e-05,-0.04113857448101044,-0.8442511558532715,-0.020602067932486534,-0.01861419528722763,0.02808491326868534,0.05072075128555298,0.01895635388791561,0.005575835704803467,-0.02278573252260685,-0.007580480072647333,-0.3660561442375183,0.0,0.0,-0.0047828578390181065,-0.03606083616614342,0.011256125755608082,0.1662539541721344,0.18658801913261414,0.04450410231947899,0.4331921339035034,0.46466079354286194,-0.11499083042144775,-47.427040100097656,0.10489962995052338,0.3849797546863556,0.0776258260011673,-0.16752202808856964,0.11775663495063782,-0.35504281520843506,0.29103338718414307,10.538764953613281,13.380099296569824,9.211727142333984,14.212969779968262,-0.021464843302965164,0.0076660155318677425,-0.026064453646540642,-0.04292968660593033,0.0,-0.005547375418245792,0.0017076580552384257,-0.033193811774253845,-0.027233915403485298,0.0,-0.38858291506767273,-0.004373116418719292,-9.744604110717773,0.08448377996683121,-0.02090742439031601,-8.623098373413086,0.0,0.0,0.0,0.0,0.0,0.0,0.0,0.0,0.0,0.0,0.0,0.0,-0.008507391437888145,0.005833820905536413,-0.03262113034725189,-0.031386781483888626,0.25426235795021057,0.3075379431247711,0.22485896944999695,0.3236272633075714,2.322648525238037,2.550874710083008,-0.6566150188446045,0.0,0.0,0.0,0.0,0.0,0.0,0.0
34966795664,0,-0.025626730173826218,-0.05099789425730705,-0.8495851159095764,6.569455581484362e-05,-0.04113857448101044,-0.8442511558532715,-0.01703757233917713,-0.021748680621385574,0.026096144691109657,0.05138510465621948,0.01971873827278614,0.005333960056304932,-0.023088060319423676,-0.007160727400332689,-0.36457255482673645,0.0,0.0,-0.0047828578390181065,-0.03606083616614342,0.011256125755608082,0.1662539541721344,0.18524125218391418,0.041731979697942734,0.431377112865448,0.42104724049568176,-0.08726265281438828,-47.32320785522461,0.08231882750988007,0.3600570559501648,0.07833322882652283,-0.1661490947008133,0.11575677990913391,-0.3550899624824524,0.29322439432144165,10.538764953613281,13.380099296569824,9.211727142333984,14.212969779968262,-0.015332031063735485,0.0076660155318677425,-0.027597656473517418,-0.04139648377895355,0.0,-0.005938697140663862,-6.593316356884316e-05,-0.03242170065641403,-0.02535361424088478,0.0,-0.15293657779693604,0.2503303587436676,-9.848873138427734,0.07655404508113861,-0.015865936875343323,-8.604219436645508,0.0,0.0,0.0,0.0,0.0,0.0,0.0,0.0,0.0,0.0,0.0,0.0,-0.0075499797239899635,0.004331550560891628,-0.03295357897877693,-0.029775436967611313,0.2519371807575226,0.30743464827537537,0.22544808685779572,0.32340356707572937,2.322648525238037,2.550874710083008,-0.6566150188446045,0.0,0.0,0.0,0.0,0.0,0.0,0.0
34976655386,0,-0.025626730173826218,-0.05099789425730705,-0.8495851159095764,6.569455581484362e-05,-0.04113857448101044,-0.8442511558532715,-0.01703757233917713,-0.021748680621385574,0.026096144691109657,0.05138510465621948,0.01971873827278614,0.005333960056304932,-0.023088060319423676,-0.007160727400332689,-0.36457255482673645,0.0,0.0,-0.0047828578390181065,-0.03606083616614342,0.011256125755608082,0.1662539541721344,0.18524125218391418,0.041731979697942734,0.431377112865448,0.42104724049568176,-0.08726265281438828,-47.32320785522461,0.08231882750988007,0.3600570559501648,0.07833322882652283,-0.1661490947008133,0.11575677990913391,-0.3550899624824524,0.29322439432144165,10.538764953613281,13.380099296569824,9.211727142333984,14.212969779968262,-0.010732421651482582,0.006132812704890966,-0.029130859300494194,-0.038330078125,0.0,-0.005938697140663862,-6.593316356884316e-05,-0.03242170065641403,-0.02535361424088478,0.0,0.10863681882619858,0.3165662884712219,-9.632387161254883,0.07655404508113861,-0.015865936875343323,-8.604219436645508,0.0,0.0,0.0,0.0,0.0,0.0,0.0,0.0,0.0,0.0,0.0,0.0,-0.006763735320419073,0.0028630788438022137,-0.033054549247026443,-0.028253750875592232,0.2519371807575226,0.30743464827537537,0.22544808685779572,0.32340356707572937,2.322648525238037,2.550874710083008,-0.6566150188446045,0.0,0.0,0.0,0.0,0.0,0.0,0.0
34987511061,0,-0.026119660586118698,-0.051364801824092865,-0.8488372564315796,6.569455581484362e-05,-0.04113857448101044,-0.8442511558532715,-0.012420933693647385,-0.014972515404224396,0.02631731703877449,0.05237096920609474,0.020452557131648064,0.0045861005783081055,-0.020945968106389046,-0.006001533009111881,-0.3604646325111389,0.0,0.0,-0.0047828578390181065,0.028122184798121452,0.035849761217832565,0.1580025851726532,0.16948604583740234,0.0357566736638546,0.4265081584453583,0.4176517426967621,-0.1153542697429657,-47.31083297729492,0.007857605814933777,0.3394339680671692,0.0743895024061203,-0.16319361329078674,0.11225854605436325,-0.35463061928749084,0.2969481647014618,10.48911190032959,13.194766998291016,9.452814102172852,14.194707870483398,-0.0076660155318677425,0.004599609412252903,-0.029130859300494194,-0.036796875298023224,0.0,-0.006721879355609417,0.0008383447420783341,-0.0300762802362442,-0.025775166228413582,0.0,0.21312910318374634,0.39920076727867126,-9.59304141998291,0.07470710575580597,-0.03001970797777176,-8.606791496276855,0.0,0.0,0.0,0.0,0.0,0.0,0.0,0.0,0.0,0.0,0.0,0.0,-0.006260938011109829,0.0016421000473201275,-0.03287922963500023,-0.026989655569195747,0.2509528398513794,0.30386343598365784,0.23028843104839325,0.32305479049682617,3.2284626960754395,1.609594702720642,-0.5887219309806824,0.0,0.0,0.0,0.0,0.0,0.0,0.0
34997172631,0,-0.026119660586118698,-0.051364801824092865,-0.8488372564315796,6.569455581484362e-05,-0.04113857448101044,-0.8442511558532715,-0.012420933693647385,-0.014972515404224396,0.02631731703877449,0.05237096920609474,0.020452557131648064,0.0045861005783081055,-0.020945968106389046,-0.006001533009111881,-0.3604646325111389,0.0,0.0,-0.0047828578390181065,0.09982450306415558,0.08171337097883224,0.1688830554485321,0.16948604583740234,0.0357566736638546,0.4265081584453583,0.3759576380252838,-0.13512875139713287,-47.396053314208984,-0.09033174812793732,0.27048003673553467,0.04787139594554901,-0.1600509136915207,0.11038131266832352,-0.3532028794288635,0.29984259605407715,10.914375305175781,12.508292198181152,10.395317077636719,13.59532642364502,-0.009199218824505806,0.003066406352445483,-0.029130859300494194,-0.036796875298023224,0.0,-0.00813821516931057,0.0005378756322897971,-0.024928634986281395,-0.026090208441019058,0.0,0.21312910318374634,0.39920076727867126,-9.59304141998291,0.07470710575580597,-0.03001970797777176,-8.606791496276855,0.0,0.0,0.0,0.0,0.0,0.0,0.0,0.0,0.0,0.0,0.0,0.0,-0.006127920467406511,0.0008377159829251468,-0.03214651346206665,-0.02613893896341324,0.2593672573566437,0.29057714343070984,0.24909192323684692,0.31157389283180237,3.330737829208374,2.150175094604492,0.3056323528289795,0.0,0.0,0.0,0.0,0.0,0.0,0.0
35006946871,0,-0.02625775896012783,-0.051386039704084396,-0.8483418822288513,6.569455581484362e-05,-0.04113857448101044,-0.8442511558532715,-0.01068707276135683,-0.02403510920703411,0.027715910226106644,0.052647169679403305,0.020495032891631126,0.004090726375579834,-0.01903868466615677,-0.003930074628442526,-0.35770148038864136,0.0,0.0,-0.0047828578390181065,0.09982450306415558,0.08171337097883224,0.1688830554485321,0.15318144857883453,0.020492281764745712,0.423175573348999,0.3759576380252838,-0.13512875139713287,-47.396053314208984,-0.09033174812793732,0.27048003673553467,0.04787139594554901,-0.1600509136915207,0.11038131266832352,-0.3532028794288635,0.29984259605407715,10.914375305175781,12.508292198181152,10.395317077636719,13.59532642364502,-0.009199218824505806,0.003066406352445483,-0.027597656473517418,-0.03526367247104645,0.0,-0.00813821516931057,0.0005378756322897971,-0.024928634986281395,-0.026090208441019058,0.0,0.1505461037158966,-0.12521587312221527,-9.797134399414062,0.06606537103652954,-0.014153093099594116,-8.616857528686523,0.0,0.0,0.0,0.0,0.0,0.0,0.0,0.0,0.0,0.0,0.0,0.0,-0.0063681164756417274,0.0004006425151601434,-0.030691729858517647,-0.025697022676467896,0.2593672573566437,0.29057714343070984,0.24909192323684692,0.31157389283180237,3.330737829208374,2.150175094604492,0.3056323528289795,0.0,0.0,0.0,0.0,0.0,0.0,0.0
35017091427,0,-0.026307327672839165,-0.051385216414928436,-0.8480849862098694,6.569455581484362e-05,-0.04113857448101044,-0.8442511558532715,-0.00934191606938839,-0.025419078767299652,0.030435791239142418,0.052746307104825974,0.020493386313319206,0.0038338303565979004,-0.018188990652561188,-0.0027855869848281145,-0.3562834560871124,0.0,0.0,-0.0047828578390181065,0.11424814164638519,0.10235405713319778,0.17078137397766113,0.1407257467508316,0.006779612973332405,0.41948363184928894,0.3633595407009125,-0.07784201204776764,-47.39271545410156,-0.10480563342571259,0.23682478070259094,0.03823879361152649,-0.1585073322057724,0.1100223958492279,-0.35191500186920166,0.3010006546974182,11.079614639282227,12.29591178894043,10.70998477935791,13.32240104675293,-0.009199218824505806,0.003066406352445483,-0.029130859300494194,-0.03373046964406967,0.0,-0.006439336109906435,-0.0013258284889161587,-0.025515057146549225,-0.024643611162900925,0.0,0.1505461037158966,-0.12521587312221527,-9.797134399414062,0.06302234530448914,-0.012429162859916687,-8.63839054107666,0.0,0.0,0.0,0.0,0.0,0.0,0.0,0.0,0.0,0.0,0.0,0.0,-0.006734506692737341,0.0001250316563528031,-0.028939854353666306,-0.025485504418611526,0.262626588344574,0.2864479124546051,0.2553277611732483,0.30632346868515015,2.604496955871582,2.1936635971069336,0.3523276448249817,0.0,0.0,0.0,0.0,0.0,0.0,0.0
35027124928,0,-0.026307327672839165,-0.051385216414928436,-0.8480849862098694,6.569455581484362e-05,-0.04113857448101044,-0.8442511558532715,-0.00934191606938839,-0.025419078767299652,0.030435791239142418,0.052746307104825974,0.020493386313319206,0.0038338303565979004,-0.018188990652561188,-0.0027855869848281145,-0.3562834560871124,0.0,0.0,-0.0047828578390181065,0.13409873843193054,0.10768548399209976,0.16589604318141937,0.1407257467508316,0.006779612973332405,0.41948363184928894,0.36744263768196106,-0.13805782794952393,-47.47541046142578,-0.139712393283844,0.23106729984283447,0.04031872749328613,-0.15570394694805145,0.10978284478187561,-0.34901535511016846,0.30245715379714966,10.986300468444824,12.322821617126465,10.74049186706543,13.439983367919922,-0.004599609412252903,0.003066406352445483,-0.029130859300494194,-0.032197266817092896,0.0,-0.008023135364055634,0.0007691432256251574,-0.02331046760082245,-0.025893162935972214,0.0,0.1505461037158966,-0.12521587312221527,-9.797134399414062,0.06302234530448914,-0.012429162859916687,-8.63839054107666,0.0,0.0,0.0,0.0,0.0,0.0,0.0,0.0,0.0,0.0,0.0,0.0,-0.007011670619249344,-9.561944170854986e-05,-0.027317538857460022,-0.025350501760840416,0.260786771774292,0.2869715094566345,0.2559313476085663,0.30858737230300903,1.4497653245925903,0.6025161743164062,0.04715665057301521,0.0,0.0,0.0,0.0,0.0,0.0,0.0
35037092931,0,-0.026380237191915512,-0.051196176558732986,-0.8475631475448608,6.569455581484362e-05,-0.04113857448101044,-0.8442511558532715,-0.008594164624810219,-0.019384711980819702,0.02940676547586918,0.05289212614297867,0.020115304738283157,0.0033119916915893555,-0.015862388536334038,-0.001140807056799531,-0.3539467453956604,0.0,0.0,-0.0047828578390181065,0.13409873843193054,0.10768548399209976,0.16589604318141937,0.11866684257984161,-0.0042373985052108765,0.41595402359962463,0.36744263768196106,-0.13805782794952393,-47.47541046142578,-0.139712393283844,0.23106729984283447,0.04031872749328613,-0.15570394694805145,0.10978284478187561,-0.34901535511016846,0.30245715379714966,10.986300468444824,12.322821617126465,10.74049186706543,13.439983367919922,-0.003066406352445483,0.0015332031762227416,-0.027597656473517418,-0.03373046964406967,0.0,-0.008023135364055634,0.0007691432256251574,-0.02331046760082245,-0.025893162935972214,0.0,0.27664288878440857,0.04854646325111389,-9.831107139587402,0.06680775433778763,-0.025101423263549805,-8.631893157958984,0.0,0.0,0.0,0.0,0.0,0.0,0.0,0.0,0.0,0.0,0.0,0.0,-0.0072615621611475945,-0.00014121091226115823,-0.025881949812173843,-0.025326592847704887,0.260786771774292,0.2869715094566345,0.2559313476085663,0.30858737230300903,1.4497653245925903,0.6025161743164062,0.04715665057301521,0.0,0.0,0.0,0.0,0.0,0.0,0.0
35046641875,0,-0.026461761444807053,-0.050880007445812225,-0.8470681309700012,6.569455581484362e-05,-0.04113857448101044,-0.8442511558532715,-0.0045958696864545345,-0.014414304867386818,0.025777464732527733,0.05305517464876175,0.019482962787151337,0.0028169751167297363,-0.012478338554501534,0.0009014100069180131,-0.3510923385620117,0.0,0.0,-0.0047828578390181065,0.16959822177886963,0.11524694412946701,0.16570015251636505,0.11866684257984161,-0.0042373985052108765,0.41595402359962463,0.36744263768196106,-0.13805782794952393,-47.47541046142578,-0.139712393283844,0.23106729984283447,0.04031872749328613,-0.15570394694805145,0.10978284478187561,-0.34901535511016846,0.30245715379714966,10.986300468444824,12.322821617126465,10.74049186706543,13.439983367919922,-0.003066406352445483,0.003066406352445483,-0.026064453646540642,-0.03373046964406967,0.0,-0.008023135364055634,0.0007691432256251574,-0.02331046760082245,-0.025893162935972214,0.0,0.27664288878440857,0.04854646325111389,-9.831107139587402,0.06396831572055817,-0.038669340312480927,-8.608333587646484,0.0,0.0,0.0,0.0,0.0,0.0,0.0,0.0,0.0,0.0,0.0,0.0,-0.00752499233931303,4.351739335106686e-06,-0.024701397866010666,-0.02541937865316868,0.260786771774292,0.2869715094566345,0.2559313476085663,0.30858737230300903,1.7267401218414307,0.6656880974769592,0.3018079400062561,0.0,0.0,0.0,0.0,0.0,0.0,0.0
35057021285,0,-0.026461761444807053,-0.050880007445812225,-0.8470681309700012,6.569455581484362e-05,-0.04113857448101044,-0.8442511558532715,-0.0045958696864545345,-0.014414304867386818,0.025777464732527733,0.05305517464876175,0.019482962787151337,0.0028169751167297363,-0.012478338554501534,0.0009014100069180131,-0.3510923385620117,0.0,0.0,-0.0047828578390181065,0.16959822177886963,0.11524694412946701,0.16570015251636505,0.08844336122274399,-0.020507914945483208,0.4123269319534302,0.3518257439136505,-0.2126813679933548,-47.34583282470703,-0.20881059765815735,0.2036292850971222,0.03199227154254913,-0.15297503769397736,0.11038833856582642,-0.3460410237312317,0.30293476581573486,11.014457702636719,12.017363548278809,11.064006805419922,13.262767791748047,-0.004599609412252903,0.003066406352445483,-0.026064453646540642,-0.03373046964406967,0.0,-0.010630066506564617,0.0027715095784515142,-0.019476288929581642,-0.027589045464992523,0.0,0.10059603303670883,-0.3344286382198334,-9.686934471130371,0.06396831572055817,-0.038669340312480927,-8.608333587646484,0.0,0.0,0.0,0.0,0.0,0.0,0.0,0.0,0.0,0.0,0.0,0.0,-0.007866732776165009,0.000309438823023811,-0.023687245324254036,-0.02563067153096199,0.2613418996334076,0.2810186743736267,0.2623189091682434,0.3051745593547821,1.7267401218414307,0.6656880974769592,0.3018079400062561,0.0,0.0,0.0,0.0,0.0,0.0,0.0
35067085012,0,-0.026600278913974762,-0.050409648567438126,-0.8465704917907715,6.569455581484362e-05,-0.04113857448101044,-0.8442511558532715,-5.5056283599697053e-05,-0.012620441615581512,0.024758480489253998,0.053332213312387466,0.01854224130511284,0.0023193359375,-0.009084283374249935,0.003945851698517799,-0.3475312292575836,0.0,0.0,-0.0047828578390181065,0.1815142035484314,0.13517551124095917,0.1695185899734497,0.06990128010511398,-0.03624268248677254,0.41094955801963806,0.3348590135574341,-0.2295946329832077,-47.3662109375,-0.23332539200782776,0.16401821374893188,0.02522173523902893,-0.15154056251049042,0.1111496090888977,-0.34406381845474243,0.3030247092247009,11.089173316955566,11.877006530761719,11.337772369384766,13.074015617370605,-0.006132812704890966,0.003066406352445483,-0.027597656473517418,-0.03373046964406967,0.0,-0.011498081497848034,0.0029339496977627277,-0.01781172677874565,-0.027866700664162636,0.0,0.10059603303670883,-0.3344286382198334,-9.686934471130371,0.058388419449329376,-0.047093696892261505,-8.60573959350586,0.0,0.0,0.0,0.0,0.0,0.0,0.0,0.0,0.0,0.0,0.0,0.0,-0.008464496582746506,0.0008289242396131158,-0.022511526942253113,-0.026030536741018295,0.2613418996334076,0.2810186743736267,0.2623189091682434,0.3051745593547821,1.4235169887542725,1.2571029663085938,0.4105170965194702,0.0,0.0,0.0,0.0,0.0,0.0,0.0
35077614929,0,-0.026600278913974762,-0.050409648567438126,-0.8465704917907715,6.569455581484362e-05,-0.04113857448101044,-0.8442511558532715,-5.5056283599697053e-05,-0.012620441615581512,0.024758480489253998,0.053332213312387466,0.01854224130511284,0.0023193359375,-0.009084283374249935,0.003945851698517799,-0.3475312292575836,0.0,0.0,-0.0047828578390181065,0.18517376482486725,0.13993793725967407,0.16746953129768372,0.06990128010511398,-0.03624268248677254,0.41094955801963806,0.3348590135574341,-0.2295946329832077,-47.3662109375,-0.23332539200782776,0.16401821374893188,0.02522173523902893,-0.15154056251049042,0.1111496090888977,-0.34406381845474243,0.3030247092247009,11.089173316955566,11.877006530761719,11.337772369384766,13.074015617370605,-0.006132812704890966,0.0015332031762227416,-0.026064453646540642,-0.03373046964406967,0.0,-0.011498081497848034,0.0029339496977627277,-0.01781172677874565,-0.027866700664162636,0.0,0.23303797841072083,0.4841510057449341,-9.984431266784668,0.058388419449329376,-0.047093696892261505,-8.60573959350586,0.0,0.0,0.0,0.0,0.0,0.0,0.0,0.0,0.0,0.0,0.0,0.0,-0.009278220124542713,0.001465354347601533,-0.02114284411072731,-0.026553209871053696,0.2628149688243866,0.278277188539505,0.2677077353000641,0.30153292417526245,0.47284531593322754,0.2821388244628906,-0.005626766011118889,0.0,0.0,0.0,0.0,0.0,0.0,0.0
35087034343,0,-0.026845721527934074,-0.049945637583732605,-0.8460538387298584,6.569455581484362e-05,-0.04113857448101044,-0.8442511558532715,0.004129881504923105,-0.009904713369905949,0.02151949517428875,0.05382309854030609,0.01761421374976635,0.001802682876586914,-0.005596938543021679,0.0059430780820548534,-0.34412872791290283,0.0,0.0,-0.0047828578390181065,0.18517376482486725,0.13993793725967407,0.16746953129768372,0.04118859022855759,-0.05015625059604645,0.406879186630249,0.33329495787620544,-0.2665958106517792,-47.27742004394531,-0.2617146372795105,0.14682231843471527,0.025704890489578247,-0.1489630937576294,0.11300100386142731,-0.3397378921508789,0.3028717041015625,10.984699249267578,11.849781036376953,11.37267017364502,13.081665992736816,-0.0076660155318677425,0.0015332031762227416,-0.024531250819563866,-0.032197266817092896,0.0,-0.012593732215464115,0.00423444015905261,-0.016311587765812874,-0.028594277799129486,0.0,0.34190458059310913,0.3758639395236969,-10.095219612121582,0.0543416365981102,-0.05681999772787094,-8.587157249450684,0.0,0.0,0.0,0.0,0.0,0.0,0.0,0.0,0.0,0.0,0.0,0.0,-0.010138588957488537,0.002109348075464368,-0.019785825163125992,-0.027086207643151283,0.2607550024986267,0.27774491906166077,0.26839348673820496,0.30168062448501587,0.47284531593322754,0.2821388244628906,-0.005626766011118889,0.0,0.0,0.0,0.0,0.0,0.0,0.0
35097526638,0,-0.026938822120428085,-0.049709998071193695,-0.8458020687103271,6.569455581484362e-05,-0.04113857448101044,-0.8442511558532715,0.005189798306673765,-0.007740856148302555,0.01961471140384674,0.05400930345058441,0.01714293286204338,0.001550912857055664,-0.003752922173589468,0.006807268597185612,-0.34247666597366333,0.0,0.0,-0.0047828578390181065,0.18150895833969116,0.12473621219396591,0.1604628562927246,0.02611507661640644,-0.05600788816809654,0.40490618348121643,0.2988789975643158,-0.3125099837779999,-47.229366302490234,-0.27016428112983704,0.16233618557453156,0.032006070017814636,-0.14762115478515625,0.11411383002996445,-0.33743521571159363,0.30244702100753784,10.82640552520752,11.958181381225586,11.19189453125,13.264410972595215,-0.006132812704890966,0.0015332031762227416,-0.021464843302965164,-0.032197266817092896,0.0,-0.01526669878512621,0.004657985642552376,-0.013906809501349926,-0.028396818786859512,0.0,0.34190458059310913,0.3758639395236969,-10.095219612121582,0.054651565849781036,-0.06254293769598007,-8.576089859008789,0.0,0.0,0.0,0.0,0.0,0.0,0.0,0.0,0.0,0.0,0.0,0.0,-0.01108753401786089,0.0027777543291449547,-0.018435601145029068,-0.027583947405219078,0.2576296329498291,0.27986329793930054,0.2648382782936096,0.3052060902118683,0.06565643101930618,-0.5645067691802979,-0.34994301199913025,0.0,0.0,0.0,0.0,0.0,0.0,0.0
35106885617,0,-0.026938822120428085,-0.049709998071193695,-0.8458020687103271,6.569455581484362e-05,-0.04113857448101044,-0.8442511558532715,0.005189798306673765,-0.007740856148302555,0.01961471140384674,0.05427565798163414,0.015879889950156212,0.0010563135147094727,-0.003752922173589468,0.006807268597185612,-0.34247666597366333,0.0,0.0,-0.0047828578390181065,0.17085373401641846,0.12261850386857986,0.1663750410079956,-0.001408524694852531,-0.0785723552107811,0.40110763907432556,0.2988789975643158,-0.3125099837779999,-47.229366302490234,-0.27016428112983704,0.16233618557453156,0.032006070017814636,-0.14762115478515625,0.11411383002996445,-0.33743521571159363,0.30244702100753784,10.82640552520752,11.958181381225586,11.19189453125,13.264410972595215,-0.006132812704890966,0.0015332031762227416,-0.021464843302965164,-0.032197266817092896,0.0,-0.01526669878512621,0.004657985642552376,-0.013906809501349926,-0.028396818786859512,0.0,0.26294761896133423,0.4238460063934326,-10.108696937561035,0.0538930706679821,-0.07050610333681107,-8.567492485046387,0.0,0.0,0.0,0.0,0.0,0.0,0.0,0.0,0.0,0.0,0.0,0.0,-0.012202096171677113,0.0034338992554694414,-0.017046792432665825,-0.027987848967313766,0.2576296329498291,0.27986329793930054,0.2648382782936096,0.3052060902118683,-0.42907777428627014,-0.17884574830532074,0.08501909673213959,0.0,0.0,0.0,0.0,0.0,0.0,0.0
35116901737,0,-0.02707199938595295,-0.049078479409217834,-0.845307469367981,6.569455581484362e-05,-0.04113857448101044,-0.8442511558532715,0.007272293791174889,-0.005582596641033888,0.017494525760412216,0.05427565798163414,0.015879889950156212,0.0010563135147094727,-0.0004932881565764546,0.009267778135836124,-0.3391374349594116,0.0,0.0,-0.0047828578390181065,0.16528508067131042,0.12335986644029617,0.17034660279750824,-0.001408524694852531,-0.0785723552107811,0.40110763907432556,0.29979604482650757,-0.3593885600566864,-47.11348342895508,-0.28385916352272034,0.13862846791744232,0.019011735916137695,-0.1452060490846634,0.11628571897745132,-0.3332345485687256,0.30125242471694946,11.183837890625,11.496395111083984,11.732505798339844,12.756497383117676,-0.006132812704890966,0.003066406352445483,-0.019931640475988388,-0.032197266817092896,0.0,-0.015997137874364853,0.006543342024087906,-0.011657068505883217,-0.030647197738289833,0.0,0.23535975813865662,0.2637867331504822,-9.770050048828125,0.0538930706679821,-0.07050610333681107,-8.567492485046387,0.0,0.0,0.0,0.0,0.0,0.0,0.0,0.0,0.0,0.0,0.0,0.0,-0.013349450193345547,0.004069451242685318,-0.01568056270480156,-0.02836577408015728,0.26235291361808777,0.27322426438331604,0.27176788449287415,0.29808899760246277,-0.52016282081604,-0.10584845393896103,0.1631038933992386,0.0,0.0,0.0,0.0,0.0,0.0,0.0
35127109456,0,-0.02707199938595295,-0.049078479409217834,-0.845307469367981,6.569455581484362e-05,-0.04113857448101044,-0.8442511558532715,0.007272293791174889,-0.005582596641033888,0.017494525760412216,0.05427565798163414,0.015879889950156212,0.0010563135147094727,-0.0004932881565764546,0.009267778135836124,-0.3391374349594116,0.0,0.0,-0.0047828578390181065,0.15937156975269318,0.1080726608633995,0.17368750274181366,-0.001408524694852531,-0.0785723552107811,0.40110763907432556,0.32870280742645264,-0.4105677008628845,-47.18216323852539,-0.3006117641925812,0.1415305733680725,0.008653521537780762,-0.1427365243434906,0.11877089738845825,-0.32839807868003845,0.29974037408828735,11.322163581848145,11.345268249511719,11.83918285369873,12.68508243560791,-0.0076660155318677425,0.003066406352445483,-0.018398437649011612,-0.032197266817092896,0.0,-0.01626015268266201,0.009362911805510521,-0.010660124011337757,-0.03284132480621338,0.0,0.23535975813865662,0.2637867331504822,-9.770050048828125,0.0538930706679821,-0.07050610333681107,-8.567492485046387,0.0,0.0,0.0,0.0,0.0,0.0,0.0,0.0,0.0,0.0,0.0,0.0,-0.014380741864442825,0.004881620407104492,-0.01432398334145546,-0.028970032930374146,0.26235291361808777,0.27322426438331604,0.27176788449287415,0.29808899760246277,-0.6076467037200928,-0.7971699833869934,0.18162184953689575,0.0,0.0,0.0,0.0,0.0,0.0,0.0
35136948938,0,-0.027229057624936104,-0.04832936078310013,-0.844824492931366,6.569455581484362e-05,-0.04113857448101044,-0.8442511558532715,0.00563129223883152,-0.004336149897426367,0.018114401027560234,0.05458977445960045,0.014381644316017628,0.0005733370780944824,0.0023075041826814413,0.011238809674978256,-0.3362179100513458,0.0,0.0,-0.0047828578390181065,0.15937156975269318,0.1080726608633995,0.17368750274181366,-0.028545761480927467,-0.0867665484547615,0.39698562026023865,0.32870280742645264,-0.4105677008628845,-47.18216323852539,-0.3006117641925812,0.1415305733680725,0.008653521537780762,-0.1427365243434906,0.11877089738845825,-0.32839807868003845,0.29974037408828735,11.322163581848145,11.345268249511719,11.83918285369873,12.68508243560791,-0.009199218824505806,0.003066406352445483,-0.016865234822034836,-0.032197266817092896,0.0,-0.01626015268266201,0.009362911805510521,-0.010660124011337757,-0.03284132480621338,0.0,0.47751015424728394,0.4782025218009949,-10.16159439086914,0.05976414680480957,-0.0746486708521843,-8.578575134277344,0.0,0.0,0.0,0.0,0.0,0.0,0.0,0.0,0.0,0.0,0.0,0.0,-0.015222613699734211,0.00597790302708745,-0.013026709668338299,-0.029880350455641747,0.26740071177482605,0.2678549885749817,0.27753764390945435,0.2940075099468231,-0.6076467037200928,-0.7971699833869934,0.18162184953689575,0.0,0.0,0.0,0.0,0.0,0.0,0.0
35147155905,0,-0.027291737496852875,-0.04789494723081589,-0.8446011543273926,6.569455581484362e-05,-0.04113857448101044,-0.8442511558532715,0.004434908274561167,-0.005062341224402189,0.019477667286992073,0.05471513792872429,0.013512813486158848,0.00034999847412109375,0.0035410893615335226,0.01171789225190878,-0.33476191759109497,0.0,0.0,-0.0047828578390181065,0.1560479998588562,0.08966992795467377,0.1770094484090805,-0.04217836633324623,-0.08906794339418411,0.3948850929737091,0.34399116039276123,-0.4080398976802826,-47.25394821166992,-0.3123810887336731,0.16108351945877075,0.003894597291946411,-0.14172545075416565,0.11877089738845825,-0.32839807868003845,0.29974037408828735,11.471051216125488,11.196086883544922,11.964164733886719,12.632182121276855,-0.009199218824505806,0.003066406352445483,-0.015332031063735485,-0.03066406212747097,0.0,-0.015404080972075462,0.009988810867071152,-0.010983414016664028,-0.03324919566512108,0.0,0.2979259192943573,0.43132197856903076,-10.220820426940918,0.0625438466668129,-0.07418907433748245,-8.59162712097168,0.0,0.0,0.0,0.0,0.0,0.0,0.0,0.0,0.0,0.0,0.0,0.0,-0.015788618475198746,0.007170567754656076,-0.011966908350586891,-0.030893249437212944,0.26740071177482605,0.2678549885749817,0.27753764390945435,0.2940075099468231,-0.5755141973495483,-1.3323782682418823,0.22249197959899902,0.0,0.0,0.0,0.0,0.0,0.0,0.0
35157041473,0,-0.027291737496852875,-0.04789494723081589,-0.8446011543273926,6.569455581484362e-05,-0.04113857448101044,-0.8442511558532715,0.004434908274561167,-0.005062341224402189,0.019477667286992073,0.05514584109187126,0.010568746365606785,-0.00024962425231933594,0.0035410893615335226,0.01171789225190878,-0.33476191759109497,0.0,0.0,-0.0047828578390181065,0.13208234310150146,0.07210368663072586,0.18550291657447815,-0.04217836633324623,-0.08906794339418411,0.3948850929737091,0.34399116039276123,-0.4080398976802826,-47.25394821166992,-0.3123810887336731,0.16108351945877075,0.003894597291946411,-0.14172545075416565,0.1199098527431488,-0.3264976143836975,0.2990126609802246,11.471051216125488,11.196086883544922,11.964164733886719,12.632182121276855,-0.009199218824505806,0.003066406352445483,-0.013798828236758709,-0.032197266817092896,0.0,-0.015404080972075462,0.009988810867071152,-0.010983414016664028,-0.03324919566512108,0.0,0.02962828055024147,-0.20530803501605988,-9.764779090881348,0.07035207748413086,-0.07646408677101135,-8.585236549377441,0.0,0.0,0.0,0.0,0.0,0.0,0.0,0.0,0.0,0.0,0.0,0.0,-0.016035521402955055,0.008248303085565567,-0.01124928891658783,-0.03180732578039169,0.2703254818916321,0.2649206817150116,0.2799801528453827,0.29298165440559387,-1.1780871152877808,-0.9602083563804626,0.34001001715660095,0.0,0.0,0.0,0.0,0.0,0.0,0.0
35166993236,0,-0.02750708907842636,-0.04642292112112045,-0.8440015316009521,6.569455581484362e-05,-0.04113857448101044,-0.8442511558532715,0.00170932337641716,-0.005945831537246704,0.018048470839858055,0.05514584109187126,0.010568746365606785,-0.00024962425231933594,0.00653203995898366,0.013435867615044117,-0.32978036999702454,0.0,0.0,-0.0047828578390181065,0.11147548258304596,0.060823146253824234,0.18888500332832336,-0.058755453675985336,-0.10321615636348724,0.38976404070854187,0.39248451590538025,-0.39520394802093506,-47.271148681640625,-0.3058790862560272,0.16180510818958282,-0.007191136479377747,-0.1396397054195404,0.12234813719987869,-0.3226921260356903,0.2973259389400482,11.764702796936035,10.931267738342285,12.232848167419434,12.351198196411133,-0.010732421651482582,0.004599609412252903,-0.012265625409781933,-0.032197266817092896,0.0,-0.012983585707843304,0.011591563001275063,-0.01232947502285242,-0.034843526780605316,0.0,0.10397360473871231,-0.15499086678028107,-9.897934913635254,0.07035207748413086,-0.07646408677101135,-8.585236549377441,0.0,0.0,0.0,0.0,0.0,0.0,0.0,0.0,0.0,0.0,0.0,0.0,-0.01592877134680748,0.009173454716801643,-0.010909389704465866,-0.03259649500250816,0.27608081698417664,0.2597007155418396,0.28522011637687683,0.2875237464904785,-1.6136502027511597,-1.0533685684204102,0.32236650586128235,0.0,0.0,0.0,0.0,0.0,0.0,0.0
35177188234,0,-0.02750708907842636,-0.04642292112112045,-0.8440015316009521,6.569455581484362e-05,-0.04113857448101044,-0.8442511558532715,0.00170932337641716,-0.005945831537246704,0.018048470839858055,0.05514584109187126,0.010568746365606785,-0.00024962425231933594,0.00653203995898366,0.013435867615044117,-0.32978036999702454,0.0,0.0,-0.0047828578390181065,0.0919179767370224,0.03624442592263222,0.19089367985725403,-0.058755453675985336,-0.10321615636348724,0.38976404070854187,0.35667335987091064,-0.4504900872707367,-47.15956115722656,-0.27304819226264954,0.1998005509376526,-0.014431938529014587,-0.13756558299064636,0.12450290471315384,-0.31893572211265564,0.2953333854675293,12.028630256652832,10.712677955627441,12.274694442749023,12.151260375976562,-0.009199218824505806,0.004599609412252903,-0.010732421651482582,-0.03066406212747097,0.0,-0.015189100056886673,0.012681350111961365,-0.00947969313710928,-0.03579843416810036,0.0,0.10397360473871231,-0.15499086678028107,-9.897934913635254,0.07035207748413086,-0.07646408677101135,-8.585236549377441,0.0,0.0,0.0,0.0,0.0,0.0,0.0,0.0,0.0,0.0,0.0,0.0,-0.015546208247542381,0.010050999000668526,-0.010810705833137035,-0.0333697572350502,0.2812385857105255,0.2553810775279999,0.2860349416732788,0.2836304306983948,-1.8132470846176147,-1.6692882776260376,0.27170708775520325,0.0,0.0,0.0,0.0,0.0,0.0,0.0
35186755594,0,-0.027686329558491707,-0.04540371894836426,-0.8436456918716431,6.569455581484362e-05,-0.04113857448101044,-0.8442511558532715,0.0045256176963448524,-0.002084630774334073,0.01358996145427227,0.05550432577729225,0.008530331775546074,-0.000605463981628418,0.008579760789871216,0.013104714453220367,-0.32631736993789673,0.0,0.0,-0.0047828578390181065,0.07437412440776825,0.0123158423230052,0.19360370934009552,-0.07475977391004562,-0.09958363324403763,0.38563093543052673,0.35667335987091064,-0.4504900872707367,-47.15956115722656,-0.27304819226264954,0.1998005509376526,-0.014431938529014587,-0.13756558299064636,0.12450290471315384,-0.31893572211265564,0.2953333854675293,12.028630256652832,10.712677955627441,12.274694442749023,12.151260375976562,-0.009199218824505806,0.003066406352445483,-0.012265625409781933,-0.032197266817092896,0.0,-0.015189100056886673,0.012681350111961365,-0.00947969313710928,-0.03579843416810036,0.0,0.12974801659584045,0.1673768311738968,-9.986553192138672,0.06966546177864075,-0.08948218077421188,-8.555310249328613,0.0,0.0,0.0,0.0,0.0,0.0,0.0,0.0,0.0,0.0,0.0,0.0,-0.015190420672297478,0.010917684063315392,-0.0106480298563838,-0.03415416181087494,0.2812385857105255,0.2553810775279999,0.2860349416732788,0.2836304306983948,-1.8331704139709473,-1.9266982078552246,0.2861521542072296,0.0,0.0,0.0,0.0,0.0,0.0,0.0
35197059268,0,-0.027756718918681145,-0.04494738206267357,-0.8434810042381287,6.569455581484362e-05,-0.04113857448101044,-0.8442511558532715,0.008755861781537533,0.003088320605456829,0.01194741390645504,0.05564510449767113,0.007617653347551823,-0.0007701516151428223,0.00947659369558096,0.01288446132093668,-0.3245469331741333,0.0,0.0,-0.0047828578390181065,0.07437412440776825,0.0123158423230052,0.19360370934009552,-0.0795927420258522,-0.0990375205874443,0.38248419761657715,0.3831600546836853,-0.49215200543403625,-47.05420684814453,-0.2631250023841858,0.22703713178634644,-0.018083930015563965,-0.13659703731536865,0.12450290471315384,-0.31893572211265564,0.2953333854675293,12.150849342346191,10.568365097045898,12.282153129577637,12.060859680175781,-0.009199218824505806,0.004599609412252903,-0.010732421651482582,-0.032197266817092896,0.0,-0.015391259454190731,0.015234215185046196,-0.008951367810368538,-0.03797861561179161,0.0,0.12974801659584045,0.1673768311738968,-9.986553192138672,0.06588303297758102,-0.1037648469209671,-8.545625686645508,0.0,0.0,0.0,0.0,0.0,0.0,0.0,0.0,0.0,0.0,0.0,0.0,-0.015024522319436073,0.011787142604589462,-0.010328061878681183,-0.03494392707943916,0.2812385857105255,0.2553810775279999,0.2860349416732788,0.2836304306983948,-1.8331704139709473,-1.9266982078552246,0.2861521542072296,0.0,0.0,0.0,0.0,0.0,0.0,0.0
35207637512,0,-0.027756718918681145,-0.04494738206267357,-0.8434810042381287,6.569455581484362e-05,-0.04113857448101044,-0.8442511558532715,0.008755861781537533,0.003088320605456829,0.01194741390645504,0.05564510449767113,0.007617653347551823,-0.0007701516151428223,0.00947659369558096,0.01288446132093668,-0.3245469331741333,0.0,0.0,-0.0047828578390181065,0.06530614197254181,-0.013258436694741249,0.19163551926612854,-0.0795927420258522,-0.0990375205874443,0.38248419761657715,0.3831600546836853,-0.49215200543403625,-47.05420684814453,-0.2631250023841858,0.22703713178634644,-0.018083930015563965,-0.13659703731536865,0.12535499036312103,-0.3174930810928345,0.2942538559436798,12.150849342346191,10.568365097045898,12.282153129577637,12.060859680175781,-0.010732421651482582,0.006132812704890966,-0.010732421651482582,-0.03373046964406967,0.0,-0.015391259454190731,0.015234215185046196,-0.008951367810368538,-0.03797861561179161,0.0,0.16010233759880066,0.11359820514917374,-9.671634674072266,0.06588303297758102,-0.1037648469209671,-8.545625686645508,0.0,0.0,0.0,0.0,0.0,0.0,0.0,0.0,0.0,0.0,0.0,0.0,-0.01500127837061882,0.012733062729239464,-0.009941033087670803,-0.035791750997304916,0.2836224436759949,0.25252363085746765,0.2861802279949188,0.28186750411987305,-1.021864652633667,-1.6500604152679443,0.022320758551359177,0.0,0.0,0.0,0.0,0.0,0.0,0.0
35219086595,0,-0.027986161410808563,-0.043511681258678436,-0.8430160880088806,6.569455581484362e-05,-0.04113857448101044,-0.8442511558532715,0.011896445415914059,0.01719045452773571,0.0157792828977108,0.056103989481925964,0.004746237304061651,-0.0012350678443908691,0.011096641421318054,0.012239077128469944,-0.3198810815811157,0.0,0.0,-0.0047828578390181065,0.06530614197254181,-0.013258436694741249,0.19163551926612854,-0.09416697919368744,-0.091551773250103,0.3779360353946686,0.36801695823669434,-0.6900579929351807,-47.029823303222656,-0.27540069818496704,0.2519603967666626,-0.016354843974113464,-0.1351681500673294,0.12658680975437164,-0.31569352746009827,0.2923988699913025,12.12177562713623,10.547595024108887,12.212093353271484,12.15539264678955,-0.0076660155318677425,0.0076660155318677425,-0.012265625409781933,-0.03526367247104645,0.0,-0.02151506021618843,0.021538712084293365,-0.0027074238751083612,-0.04287542402744293,0.0,0.16010233759880066,0.11359820514917374,-9.671634674072266,0.07185544073581696,-0.1381973922252655,-8.58171272277832,0.0,0.0,0.0,0.0,0.0,0.0,0.0,0.0,0.0,0.0,0.0,0.0,-0.015344309620559216,0.013950644992291927,-0.009280023165047169,-0.03683815896511078,0.28305575251579285,0.2521122097969055,0.28481578826904297,0.2837110757827759,-1.021864652633667,-1.6500604152679443,0.022320758551359177,0.0,0.0,0.0,0.0,0.0,0.0,0.0
35228331314,0,-0.027986161410808563,-0.043511681258678436,-0.8430160880088806,6.569455581484362e-05,-0.04113857448101044,-0.8442511558532715,0.011896445415914059,0.01719045452773571,0.0157792828977108,0.05631651356816292,0.0038049262948334217,-0.0013778209686279297,0.011096641421318054,0.012239077128469944,-0.3198810815811157,0.0,0.0,-0.0047828578390181065,0.03728334605693817,-0.029926437884569168,0.19259965419769287,-0.08940911293029785,-0.08983760327100754,0.37621909379959106,0.39520493149757385,-0.7600856423377991,-47.19942092895508,-0.23623311519622803,0.26973772048950195,-0.019149109721183777,-0.13455435633659363,0.12743139266967773,-0.3145839273929596,0.29069840908050537,12.321189880371094,10.553321838378906,12.237415313720703,12.095247268676758,-0.0076660155318677425,0.009199218824505806,-0.012265625409781933,-0.03526367247104645,0.0,-0.022342197597026825,0.02484801784157753,-0.0014096035156399012,-0.045878034085035324,0.0,0.10691647976636887,-0.307904452085495,-10.01109504699707,0.07406572997570038,-0.14659659564495087,-8.582596778869629,0.0,0.0,0.0,0.0,0.0,0.0,0.0,0.0,0.0,0.0,0.0,0.0,-0.01640734076499939,0.01581149734556675,-0.007970280013978481,-0.03837945684790611,0.28693974018096924,0.25222551822662354,0.28530895709991455,0.28253814578056335,-1.7890737056732178,-1.5064961910247803,0.07196374237537384,0.0,0.0,0.0,0.0,0.0,0.0,0.0
35237183740,0,-0.02809242159128189,-0.04304102808237076,-0.8428733348846436,6.569455581484362e-05,-0.04113857448101044,-0.8442511558532715,0.012369006872177124,0.0205087810754776,0.015820246189832687,0.05631651356816292,0.0038049262948334217,-0.0013778209686279297,0.010906398296356201,0.011783892288804054,-0.31829461455345154,0.0,0.0,-0.0047828578390181065,0.009648611769080162,-0.064093217253685,0.18952374160289764,-0.08940911293029785,-0.08983760327100754,0.37621909379959106,0.39520493149757385,-0.7600856423377991,-47.19942092895508,-0.23623311519622803,0.26973772048950195,-0.019149109721183777,-0.13455435633659363,0.12743139266967773,-0.3145839273929596,0.29069840908050537,12.321189880371094,10.553321838378906,12.237415313720703,12.095247268676758,-0.0076660155318677425,0.0076660155318677425,-0.012265625409781933,-0.036796875298023224,0.0,-0.022342197597026825,0.02484801784157753,-0.0014096035156399012,-0.045878034085035324,0.0,0.38453179597854614,0.07642987370491028,-10.152256965637207,0.07406572997570038,-0.14659659564495087,-8.582596778869629,0.0,0.0,0.0,0.0,0.0,0.0,0.0,0.0,0.0,0.0,0.0,0.0,-0.017987137660384178,0.018241506069898605,-0.006175380665808916,-0.040382664650678635,0.28693974018096924,0.25222551822662354,0.28530895709991455,0.28253814578056335,-1.5627552270889282,-1.713270664215088,-0.023622283712029457,0.0,0.0,0.0,0.0,0.0,0.0,0.0
35246683047,0,-0.028148991987109184,-0.042105644941329956,-0.8425888419151306,6.569455581484362e-05,-0.04113857448101044,-0.8442511558532715,0.015733174979686737,0.02197442390024662,0.010717331431806087,0.056429654359817505,0.0019341505831107497,-0.0016623139381408691,0.010761979036033154,0.010004986077547073,-0.3146871030330658,0.0,0.0,-0.0047828578390181065,0.0014049430610612035,-0.07933612167835236,0.19042301177978516,-0.09031756967306137,-0.07408752292394638,0.3717016279697418,0.4121173620223999,-0.8353637456893921,-47.151336669921875,-0.21738505363464355,0.31760045886039734,-0.01735036075115204,-0.13305802643299103,0.1282002329826355,-0.31357038021087646,0.2879384160041809,12.462944030761719,10.399968147277832,12.07779598236084,12.070837020874023,-0.006132812704890966,0.009199218824505806,-0.010732421651482582,-0.038330078125,0.0,-0.023613665252923965,0.028506150469183922,0.0004149670712649822,-0.04853926599025726,0.0,0.38453179597854614,0.07642987370491028,-10.152256965637207,0.06986041367053986,-0.15519678592681885,-8.5458984375,0.0,0.0,0.0,0.0,0.0,0.0,0.0,0.0,0.0,0.0,0.0,0.0,-0.019626382738351822,0.020824450999498367,-0.004329041577875614,-0.04250468313694,0.28782588243484497,0.2520046830177307,0.28220003843307495,0.28405630588531494,-1.2418420314788818,-1.5616170167922974,0.08649109303951263,0.0,0.0,0.0,0.0,0.0,0.0,0.0
35256962549,0,-0.028148991987109184,-0.042105644941329956,-0.8425888419151306,6.569455581484362e-05,-0.04113857448101044,-0.8442511558532715,0.015733174979686737,0.02197442390024662,0.010717331431806087,0.05630261451005936,3.904123877873644e-05,-0.0019271373748779297,0.010761979036033154,0.010004986077547073,-0.3146871030330658,0.0,0.0,-0.0047828578390181065,-0.0022887405939400196,-0.08182377368211746,0.19413955509662628,-0.09031756967306137,-0.07408752292394638,0.3717016279697418,0.3842322826385498,-0.8535823225975037,-47.00244140625,-0.20803585648536682,0.3409501612186432,-0.020764827728271484,-0.13230803608894348,0.1282002329826355,-0.31357038021087646,0.2879384160041809,12.462944030761719,10.399968147277832,12.07779598236084,12.070837020874023,-0.006132812704890966,0.010732421651482582,-0.010732421651482582,-0.038330078125,0.0,-0.024856507778167725,0.028255818411707878,0.0018320621456950903,-0.048188187181949615,0.0,0.38453179597854614,0.07642987370491028,-10.152256965637207,0.06853102147579193,-0.1620045006275177,-8.488988876342773,0.0,0.0,0.0,0.0,0.0,0.0,0.0,0.0,0.0,0.0,0.0,0.0,-0.021167026832699776,0.023331953212618828,-0.002564388560131192,-0.04452289640903473,0.28782588243484497,0.2520046830177307,0.28220003843307495,0.28405630588531494,-0.9072914123535156,-1.0054152011871338,0.2922940254211426,0.0,0.0,0.0,0.0,0.0,0.0,0.0
35267942735,0,-0.02808547206223011,-0.04115809500217438,-0.8423240184783936,6.569455581484362e-05,-0.04113857448101044,-0.8442511558532715,0.017182474955916405,0.02304469794034958,0.0024364374112337828,0.05630261451005936,3.904123877873644e-05,-0.0019271373748779297,0.011055555194616318,0.008571816608309746,-0.3107738792896271,0.0,0.0,-0.0047828578390181065,-0.0022887405939400196,-0.08182377368211746,0.19413955509662628,-0.09189280867576599,-0.06264311820268631,0.3670077919960022,0.40181106328964233,-0.8522130250930786,-46.78662872314453,-0.20924481749534607,0.342627614736557,-0.026516243815422058,-0.13169588148593903,0.1282002329826355,-0.31357038021087646,0.2879384160041809,12.5533447265625,10.198080062866211,12.167074203491211,11.877243041992188,-0.006132812704890966,0.010732421651482582,-0.010732421651482582,-0.038330078125,0.0,-0.024090638384222984,0.029442809522151947,0.0013227051822468638,-0.04940125346183777,0.0,0.17779846489429474,-0.1327182948589325,-10.104667663574219,0.06853102147579193,-0.1620045006275177,-8.488988876342773,0.0,0.0,0.0,0.0,0.0,0.0,0.0,0.0,0.0,0.0,0.0,0.0,-0.022512877359986305,0.02554006688296795,-0.0009741167305037379,-0.04626397788524628,0.28782588243484497,0.2520046830177307,0.28220003843307495,0.28405630588531494,-0.9072914123535156,-1.0054152011871338,0.2922940254211426,0.0,0.0,0.0,0.0,0.0,0.0,0.0
35277809960,0,-0.02808547206223011,-0.04115809500217438,-0.8423240184783936,6.569455581484362e-05,-0.04113857448101044,-0.8442511558532715,0.017182474955916405,0.02304469794034958,0.0024364374112337828,0.056142695248126984,-0.0008944690343923867,-0.002053201198577881,0.011055555194616318,0.008571816608309746,-0.3107738792896271,0.0,0.0,-0.0047828578390181065,-0.007810323033481836,-0.08702826499938965,0.1998431384563446,-0.09189280867576599,-0.06264311820268631,0.3670077919960022,0.376920610666275,-0.8910247683525085,-46.68943786621094,-0.2046196162700653,0.3531602621078491,-0.033463090658187866,-0.1310196816921234,0.1289641261100769,-0.31342941522598267,0.2833429276943207,12.726154327392578,9.990772247314453,12.29305362701416,11.68901538848877,-0.0076660155318677425,0.010732421651482582,-0.009199218824505806,-0.038330078125,0.0,-0.025475963950157166,0.030620401725172997,0.0032010457944124937,-0.050556063652038574,0.0,0.17779846489429474,-0.1327182948589325,-10.104667663574219,0.0656081885099411,-0.16170154511928558,-8.491671562194824,0.0,0.0,0.0,0.0,0.0,0.0,0.0,0.0,0.0,0.0,0.0,0.0,-0.023565160110592842,0.027345772832632065,0.0003419732383918017,-0.047696493566036224,0.2948034703731537,0.2410440444946289,0.2863921523094177,0.2745991051197052,-0.7239068746566772,-0.8019487261772156,0.4868863523006439,0.0,0.0,0.0,0.0,0.0,0.0,0.0
35287272792,0,-0.028005514293909073,-0.04069134220480919,-0.8421979546546936,6.569455581484362e-05,-0.04113857448101044,-0.8442511558532715,0.01833956502377987,0.02144395373761654,0.002149029169231653,0.056142695248126984,-0.0008944690343923867,-0.002053201198577881,0.010965508408844471,0.007638856302946806,-0.30894795060157776,0.0,0.0,-0.0047828578390181065,-0.01779412291944027,-0.11405245214700699,0.21609742939472198,-0.09070487320423126,-0.05531689152121544,0.3648151755332947,0.376920610666275,-0.8910247683525085,-46.68943786621094,-0.2046196162700653,0.3531602621078491,-0.033463090658187866,-0.1310196816921234,0.1289641261100769,-0.31342941522598267,0.2833429276943207,12.726154327392578,9.990772247314453,12.29305362701416,11.68901538848877,-0.0076660155318677425,0.013798828236758709,-0.0076660155318677425,-0.04292968660593033,0.0,-0.025475963950157166,0.030620401725172997,0.0032010457944124937,-0.050556063652038574,0.0,0.35126760601997375,-0.1672448068857193,-9.887228012084961,0.0656081885099411,-0.16170154511928558,-8.491671562194824,0.0,0.0,0.0,0.0,0.0,0.0,0.0,0.0,0.0,0.0,0.0,0.0,-0.024371372535824776,0.02878377214074135,0.00143016770016402,-0.048875413835048676,0.2948034703731537,0.2410440444946289,0.2863921523094177,0.2745991051197052,-0.5289186835289001,-1.2645869255065918,0.829121470451355,0.0,0.0,0.0,0.0,0.0,0.0,0.0
35297140534,0,-0.02790793776512146,-0.03978048264980316,-0.8419481515884399,6.569455581484362e-05,-0.04113857448101044,-0.8442511558532715,0.018649393692612648,0.02351784147322178,0.009836048819124699,0.05594754219055176,-0.0027161971665918827,-0.002303004264831543,0.01041494496166706,0.005242697428911924,-0.3053031265735626,0.0,0.0,-0.0047828578390181065,-0.01779412291944027,-0.11405245214700699,0.21609742939472198,-0.08833903819322586,-0.029120001941919327,0.35907649993896484,0.37834009528160095,-0.8892294764518738,-46.88497543334961,-0.19143123924732208,0.4041159451007843,-0.05081561207771301,-0.12988577783107758,0.1293625384569168,-0.3140484392642975,0.2806624472141266,13.306656837463379,9.548752784729004,12.677614212036133,11.361873626708984,-0.0076660155318677425,0.015332031063735485,-0.006132812704890966,-0.04599609225988388,0.0,-0.024186255410313606,0.03215353935956955,0.003111511468887329,-0.05189269408583641,0.0,0.11334675550460815,0.3897181451320648,-10.001322746276855,0.06705862283706665,-0.16993223130702972,-8.556984901428223,0.0,0.0,0.0,0.0,0.0,0.0,0.0,0.0,0.0,0.0,0.0,0.0,-0.024912210181355476,0.029900630936026573,0.002287999726831913,-0.049827005714178085,0.30602025985717773,0.23221108317375183,0.2938626706600189,0.26818132400512695,-0.5289186835289001,-1.2645869255065918,0.829121470451355,0.0,0.0,0.0,0.0,0.0,0.0,0.0
35307159478,0,-0.02790793776512146,-0.03978048264980316,-0.8419481515884399,6.569455581484362e-05,-0.04113857448101044,-0.8442511558532715,0.018649393692612648,0.02351784147322178,0.009836048819124699,0.05594754219055176,-0.0027161971665918827,-0.002303004264831543,0.01041494496166706,0.005242697428911924,-0.3053031265735626,0.0,0.0,-0.0047828578390181065,-0.03541020303964615,-0.13159187138080597,0.22790254652500153,-0.08833903819322586,-0.029120001941919327,0.35907649993896484,0.3180025517940521,-0.9371802806854248,-47.19860076904297,-0.1659545600414276,0.44439512491226196,-0.061362430453300476,-0.12887035310268402,0.1295837014913559,-0.31564339995384216,0.27818354964256287,13.750988960266113,9.339653015136719,12.917322158813477,11.200221061706543,-0.0076660155318677425,0.016865234822034836,-0.004599609412252903,-0.04752929508686066,0.0,-0.026109373196959496,0.03252275288105011,0.006103153806179762,-0.0521521270275116,0.0,0.11334675550460815,0.3897181451320648,-10.001322746276855,0.06705862283706665,-0.16993223130702972,-8.556984901428223,0.0,0.0,0.0,0.0,0.0,0.0,0.0,0.0,0.0,0.0,0.0,0.0,-0.02519245445728302,0.030811943113803864,0.0030039926059544086,-0.050626493990421295,0.31456196308135986,0.22801809012889862,0.29850462079048157,0.26500222086906433,-0.6805075407028198,-0.9297537207603455,0.6646744608879089,0.0,0.0,0.0,0.0,0.0,0.0,0.0
35317027567,0,-0.027812674641609192,-0.03891556337475777,-0.8416977524757385,6.569455581484362e-05,-0.04113857448101044,-0.8442511558532715,0.022841889411211014,0.020452609285712242,0.012948345392942429,0.05575701594352722,-0.004446044564247131,-0.002553403377532959,0.009749128483235836,0.0027361270040273666,-0.301420122385025,0.0,0.0,-0.0047828578390181065,-0.043723344802856445,-0.13326404988765717,0.2310885190963745,-0.0785861387848854,-0.012137689627707005,0.35403257608413696,0.3180025517940521,-0.9371802806854248,-47.19860076904297,-0.1659545600414276,0.44439512491226196,-0.061362430453300476,-0.12887035310268402,0.1295837014913559,-0.31564339995384216,0.27818354964256287,13.750988960266113,9.339653015136719,12.917322158813477,11.200221061706543,-0.0076660155318677425,0.016865234822034836,-0.0015332031762227416,-0.04752929508686066,0.0,-0.026109373196959496,0.03252275288105011,0.006103153806179762,-0.0521521270275116,0.0,0.3500039279460907,-0.21306157112121582,-9.826972961425781,0.05781864374876022,-0.17039641737937927,-8.581563949584961,0.0,0.0,0.0,0.0,0.0,0.0,0.0,0.0,0.0,0.0,0.0,0.0,-0.025410760194063187,0.031558793038129807,0.0037899964954704046,-0.05128924176096916,0.31456196308135986,0.22801809012889862,0.29850462079048157,0.26500222086906433,-0.7033032178878784,-0.6153677701950073,0.5518231391906738,0.0,0.0,0.0,0.0,0.0,0.0,0.0
35329182179,0,-0.027776479721069336,-0.038532186299562454,-0.8415735960006714,6.569455581484362e-05,-0.04113857448101044,-0.8442511558532715,0.02565169520676136,0.025057459250092506,0.011975090019404888,0.05568462610244751,-0.005212802439928055,-0.0026775598526000977,0.00958755798637867,0.0013074370799586177,-0.299345999956131,0.0,0.0,-0.0047828578390181065,-0.043723344802856445,-0.13326404988765717,0.2310885190963745,-0.07219337671995163,-0.004211141727864742,0.3516070544719696,0.3047442138195038,-1.0038617849349976,-47.153907775878906,-0.15098102390766144,0.45173242688179016,-0.06381936371326447,-0.12850548326969147,0.12954401969909668,-0.3165258467197418,0.2771955132484436,13.83449649810791,9.280427932739258,12.934279441833496,11.116724967956543,-0.009199218824505806,0.018398437649011612,0.0,-0.04906250163912773,0.0,-0.027966732159256935,0.03480954095721245,0.008310993202030659,-0.05420995131134987,0.0,0.14172138273715973,-0.2934013903141022,-9.728350639343262,0.055408038198947906,-0.18252032995224,-8.573437690734863,0.0,0.0,0.0,0.0,0.0,0.0,0.0,0.0,0.0,0.0,0.0,0.0,-0.025732718408107758,0.03220947086811066,0.004705254919826984,-0.05186934024095535,0.31616318225860596,0.22682872414588928,0.2988325357437134,0.26335787773132324,-0.7033032178878784,-0.6153677701950073,0.5518231391906738,0.0,0.0,0.0,0.0,0.0,0.0,0.0
35336731656,0,-0.027776479721069336,-0.038532186299562454,-0.8415735960006714,6.569455581484362e-05,-0.04113857448101044,-0.8442511558532715,0.02565169520676136,0.025057459250092506,0.011975090019404888,0.05544155091047287,-0.00741848349571228,-0.0030882954597473145,0.00958755798637867,0.0013074370799586177,-0.299345999956131,0.0,0.0,-0.0047828578390181065,-0.043723344802856445,-0.13326404988765717,0.2310885190963745,-0.07219337671995163,-0.004211141727864742,0.3516070544719696,0.3047442138195038,-1.0038617849349976,-47.153907775878906,-0.15098102390766144,0.45173242688179016,-0.06381936371326447,-0.12850548326969147,0.12954401969909668,-0.3165258467197418,0.2771955132484436,13.83449649810791,9.280427932739258,12.934279441833496,11.116724967956543,-0.010732421651482582,0.021464843302965164,0.0015332031762227416,-0.052128907293081284,0.0,-0.027966732159256935,0.03480954095721245,0.008310993202030659,-0.05420995131134987,0.0,0.04612283036112785,0.7664082646369934,-9.727041244506836,0.05862455070018768,-0.21639719605445862,-8.5867919921875,0.0,0.0,0.0,0.0,0.0,0.0,0.0,0.0,0.0,0.0,0.0,0.0,-0.026217615231871605,0.032903771847486496,0.005718895234167576,-0.05249161645770073,0.31616318225860596,0.22682872414588928,0.2988325357437134,0.26335787773132324,-0.7033032178878784,-0.6153677701950073,0.5518231391906738,0.0,0.0,0.0,0.0,0.0,0.0,0.0
35347203958,0,-0.027654942125082016,-0.03742935135960579,-0.8411628603935242,6.569455581484362e-05,-0.04113857448101044,-0.8442511558532715,0.028546545654535294,0.039300587028265,0.01359114795923233,0.05544155091047287,-0.00741848349571228,-0.0030882954597473145,0.00859631784260273,-0.0026989111211150885,-0.2930901050567627,0.0,0.0,-0.0047828578390181065,-0.05086393654346466,-0.1447475701570511,0.23373949527740479,-0.06699034571647644,0.02535916678607464,0.3457595705986023,0.29039499163627625,-1.1942639350891113,-47.1964111328125,-0.13716967403888702,0.48813915252685547,-0.06483228504657745,-0.12786050140857697,0.12937141954898834,-0.31884458661079407,0.27511852979660034,13.946869850158691,9.232321739196777,12.893505096435547,11.138189315795898,-0.012265625409781933,0.024531250819563866,0.003066406352445483,-0.05059570446610451,0.0,-0.0328838936984539,0.04181395471096039,0.014006504788994789,-0.05963974446058273,0.0,-0.1443365067243576,0.22973385453224182,-9.722614288330078,0.05862455070018768,-0.21639719605445862,-8.5867919921875,0.0,0.0,0.0,0.0,0.0,0.0,0.0,0.0,0.0,0.0,0.0,0.0,-0.027005689218640327,0.03392002731561661,0.006958472542464733,-0.05336522310972214,0.3183157742023468,0.22586217522621155,0.2980439066886902,0.2637806236743927,-0.418678343296051,-0.6096303462982178,0.2259761542081833,0.0,0.0,0.0,0.0,0.0,0.0,0.0
35357027284,0,-0.027654942125082016,-0.03742935135960579,-0.8411628603935242,6.569455581484362e-05,-0.04113857448101044,-0.8442511558532715,0.028546545654535294,0.039300587028265,0.01359114795923233,0.05544155091047287,-0.00741848349571228,-0.0030882954597473145,0.00859631784260273,-0.0026989111211150885,-0.2930901050567627,0.0,0.0,-0.0047828578390181065,-0.07281483709812164,-0.16924642026424408,0.23319609463214874,-0.06699034571647644,0.02535916678607464,0.3457595705986023,0.28396376967430115,-1.1753761768341064,-47.20515441894531,-0.09486250579357147,0.5508291125297546,-0.06494055688381195,-0.12738056480884552,0.1288788914680481,-0.32232779264450073,0.27279698848724365,14.114449501037598,9.199700355529785,12.735699653625488,11.17081356048584,-0.013798828236758709,0.026064453646540642,0.004599609412252903,-0.04906250163912773,0.0,-0.03214416652917862,0.041045188903808594,0.013875200413167477,-0.05861583724617958,0.0,-0.1443365067243576,0.22973385453224182,-9.722614288330078,0.05862455070018768,-0.21639719605445862,-8.5867919921875,0.0,0.0,0.0,0.0,0.0,0.0,0.0,0.0,0.0,0.0,0.0,0.0,-0.028217002749443054,0.03551788628101349,0.008599863387644291,-0.05465497076511383,0.3215213418006897,0.2252064049243927,0.2949885129928589,0.26442307233810425,-0.9262996912002563,-0.9792076349258423,-8.247802907135338e-05,0.0,0.0,0.0,0.0,0.0,0.0,0.0
35368509119,0,-0.02744845114648342,-0.03676673769950867,-0.8408718109130859,6.569455581484362e-05,-0.04113857448101044,-0.8442511558532715,0.03333873674273491,0.035735275596380234,0.01252871286123991,0.05502856522798538,-0.008743717335164547,-0.003379344940185547,0.006388891488313675,-0.00586860254406929,-0.2887036204338074,0.0,0.0,-0.0047828578390181065,-0.08355677872896194,-0.17277999222278595,0.23312586545944214,-0.048061445355415344,0.04946281015872955,0.34049615263938904,0.2585497498512268,-1.184664011001587,-47.193077087402344,-0.09486250579357147,0.5508291125297546,-0.06494055688381195,-0.12738056480884552,0.1288788914680481,-0.32232779264450073,0.27279698848724365,14.172309875488281,9.19465160369873,12.693879127502441,11.150238990783691,-0.013798828236758709,0.026064453646540642,0.006132812704890966,-0.04906250163912773,0.0,-0.03287903591990471,0.04044714197516441,0.014887546189129353,-0.05821191146969795,0.0,0.252078115940094,-0.07286091148853302,-9.827911376953125,0.04700904339551926,-0.21539345383644104,-8.580559730529785,0.0,0.0,0.0,0.0,0.0,0.0,0.0,0.0,0.0,0.0,0.0,0.0,-0.029605437070131302,0.03733155131340027,0.010433319956064224,-0.05604877322912216,0.3215213418006897,0.2252064049243927,0.2949885129928589,0.26442307233810425,-0.9800413846969604,-0.6289188265800476,-0.05003820359706879,0.0,0.0,0.0,0.0,0.0,0.0,0.0
35377376207,0,-0.02731265313923359,-0.03641444817185402,-0.8407329320907593,6.569455581484362e-05,-0.04113857448101044,-0.8442511558532715,0.03354987874627113,0.03390608727931976,0.010944184847176075,0.05475696921348572,-0.009448300115764141,-0.003518223762512207,0.00558167789131403,-0.007374996785074472,-0.28646576404571533,0.0,0.0,-0.0047828578390181065,-0.08355677872896194,-0.17277999222278595,0.23312586545944214,-0.039105117321014404,0.06822255253791809,0.3370724320411682,0.2585497498512268,-1.184664011001587,-47.193077087402344,-0.07601657509803772,0.5645647048950195,-0.0653780847787857,-0.12721998989582062,0.12837183475494385,-0.3244587779045105,0.27161332964897156,14.172309875488281,9.19465160369873,12.693879127502441,11.150238990783691,-0.015332031063735485,0.024531250819563866,0.009199218824505806,-0.052128907293081284,0.0,-0.0328667089343071,0.04046614095568657,0.014901299960911274,-0.058196231722831726,0.0,0.22617213428020477,0.20689667761325836,-9.624346733093262,0.04528599977493286,-0.21364907920360565,-8.569674491882324,0.0,0.0,0.0,0.0,0.0,0.0,0.0,0.0,0.0,0.0,0.0,0.0,-0.030857883393764496,0.03882690891623497,0.012110895477235317,-0.057151325047016144,0.3226269483566284,0.22510488331317902,0.2941781282424927,0.26401787996292114,-0.9800413846969604,-0.6289188265800476,-0.05003820359706879,0.0,0.0,0.0,0.0,0.0,0.0,0.0
35386915594,0,-0.02731265313923359,-0.03641444817185402,-0.8407329320907593,6.569455581484362e-05,-0.04113857448101044,-0.8442511558532715,0.03354987874627113,0.03390608727931976,0.010944184847176075,0.05475696921348572,-0.009448300115764141,-0.003518223762512207,0.00558167789131403,-0.007374996785074472,-0.28646576404571533,0.0,0.0,-0.0047828578390181065,-0.09226395934820175,-0.17913565039634705,0.22928553819656372,-0.039105117321014404,0.06822255253791809,0.3370724320411682,0.20273640751838684,-1.1570911407470703,-47.14810562133789,-0.051851458847522736,0.6058152914047241,-0.06331852078437805,-0.12705416977405548,0.12709808349609375,-0.32891494035720825,0.26924267411231995,14.212296485900879,9.208258628845215,12.529239654541016,11.21656322479248,-0.015332031063735485,0.024531250819563866,0.012265625409781933,-0.05366211012005806,0.0,-0.03346443176269531,0.03722184896469116,0.015908503904938698,-0.055203042924404144,0.0,0.22617213428020477,0.20689667761325836,-9.624346733093262,0.04528599977493286,-0.21364907920360565,-8.569674491882324,0.0,0.0,0.0,0.0,0.0,0.0,0.0,0.0,0.0,0.0,0.0,0.0,-0.03187267854809761,0.039714280515909195,0.013496682047843933,-0.057749029248952866,0.3233904540538788,0.22537833452224731,0.2909838855266571,0.2653236389160156,-0.6098893284797668,-0.4254409372806549,-0.18403360247612,0.0,0.0,0.0,0.0,0.0,0.0,0.0
35397253945,0,-0.026934592053294182,-0.03578492999076843,-0.8404387831687927,6.569455581484362e-05,-0.04113857448101044,-0.8442511558532715,0.036186810582876205,0.029814712703227997,0.01071573980152607,0.054000843316316605,-0.010707342997193336,-0.0038123726844787598,0.0043459790758788586,-0.010810640640556812,-0.2825789153575897,0.0,0.0,-0.0047828578390181065,-0.0912935808300972,-0.18571962416172028,0.22861120104789734,-0.023116232827305794,0.09351029992103577,0.3319917321205139,0.1746334433555603,-1.1683695316314697,-47.406349182128906,-0.05053410679101944,0.6310844421386719,-0.06434178352355957,-0.12703007459640503,0.12709808349609375,-0.32891494035720825,0.26924267411231995,14.343550682067871,9.209942817687988,12.578076362609863,11.292682647705078,-0.015332031063735485,0.027597656473517418,0.012265625409781933,-0.05366211012005806,0.0,-0.034127525985240936,0.03657158091664314,0.016955921426415443,-0.05430072173476219,0.0,0.18799714744091034,0.03804071247577667,-10.048163414001465,0.03686116635799408,-0.2103802114725113,-8.572382926940918,0.0,0.0,0.0,0.0,0.0,0.0,0.0,0.0,0.0,0.0,0.0,0.0,-0.03266850486397743,0.03981044515967369,0.014625129289925098,-0.057669639587402344,0.3233904540538788,0.22537833452224731,0.2909838855266571,0.2653236389160156,-0.30444952845573425,-0.5214253067970276,-0.09450467675924301,0.0,0.0,0.0,0.0,0.0,0.0,0.0
35407111504,0,-0.026690108701586723,-0.03550461679697037,-0.8402824997901917,6.569455581484362e-05,-0.04113857448101044,-0.8442511558532715,0.038272131234407425,0.029502514749765396,0.01659105345606804,0.05351187288761139,-0.01126797217875719,-0.003968656063079834,0.0033738939091563225,-0.012492056004703045,-0.2807667851448059,0.0,0.0,-0.0047828578390181065,-0.0912935808300972,-0.18571962416172028,0.22861120104789734,-0.01854211650788784,0.10853201895952225,0.32934868335723877,0.1746334433555603,-1.1683695316314697,-47.406349182128906,-0.05053410679101944,0.6310844421386719,-0.06434178352355957,-0.12703007459640503,0.12633006274700165,-0.3316185176372528,0.2678700089454651,14.343550682067871,9.209942817687988,12.578076362609863,11.292682647705078,-0.015332031063735485,0.029130859300494194,0.012265625409781933,-0.055195312947034836,0.0,-0.034127525985240936,0.03657158091664314,0.016955921426415443,-0.05430072173476219,0.0,0.25336310267448425,-0.01832975447177887,-9.974308967590332,0.03175153583288193,-0.21243081986904144,-8.619336128234863,0.0,0.0,0.0,0.0,0.0,0.0,0.0,0.0,0.0,0.0,0.0,0.0,-0.03329853713512421,0.03929007798433304,0.015561888925731182,-0.057050563395023346,0.32589516043663025,0.22541232407093048,0.29193180799484253,0.26682111620903015,-0.30444952845573425,-0.5214253067970276,-0.09450467675924301,0.0,0.0,0.0,0.0,0.0,0.0,0.0
35417021658,0,-0.026690108701586723,-0.03550461679697037,-0.8402824997901917,6.569455581484362e-05,-0.04113857448101044,-0.8442511558532715,0.038272131234407425,0.029502514749765396,0.01659105345606804,0.05351187288761139,-0.01126797217875719,-0.003968656063079834,0.0033738939091563225,-0.012492056004703045,-0.2807667851448059,0.0,0.0,-0.0047828578390181065,-0.08890987187623978,-0.17678585648536682,0.23913702368736267,-0.01854211650788784,0.10853201895952225,0.32934868335723877,0.1746334433555603,-1.1683695316314697,-47.406349182128906,-0.05053410679101944,0.6310844421386719,-0.06434178352355957,-0.12703007459640503,0.12633006274700165,-0.3316185176372528,0.2678700089454651,14.343550682067871,9.209942817687988,12.578076362609863,11.292682647705078,-0.016865234822034836,0.029130859300494194,0.012265625409781933,-0.059794921427965164,0.0,-0.034127525985240936,0.03657158091664314,0.016955921426415443,-0.05430072173476219,0.0,0.25336310267448425,-0.01832975447177887,-9.974308967590332,0.03175153583288193,-0.21243081986904144,-8.619336128234863,0.0,0.0,0.0,0.0,0.0,0.0,0.0,0.0,0.0,0.0,0.0,0.0,-0.033761363476514816,0.03853251785039902,0.016279835253953934,-0.05623866617679596,0.32589516043663025,0.22541232407093048,0.29193180799484253,0.26682111620903015,0.055396582931280136,0.27171576023101807,0.4067317247390747,0.0,0.0,0.0,0.0,0.0,0.0,0.0
35426829885,0,-0.02585011161863804,-0.034601494669914246,-0.8397277593612671,6.569455581484362e-05,-0.04113857448101044,-0.8442511558532715,0.05665666610002518,0.03255593404173851,0.021421099081635475,0.05183187127113342,-0.013074224814772606,-0.0045233964920043945,0.0009747711010277271,-0.017001649364829063,-0.2740866243839264,0.0,0.0,-0.0047828578390181065,-0.08890987187623978,-0.17678585648536682,0.23913702368736267,-0.0004611968179233372,0.1353827714920044,0.3229866325855255,0.04058733209967613,-1.213655710220337,-47.73439407348633,-0.039488986134529114,0.6407403349876404,-0.07859945297241211,-0.12710347771644592,0.12476757168769836,-0.3371393382549286,0.2654489278793335,14.816394805908203,8.9353609085083,12.98347282409668,11.020380973815918,-0.016865234822034836,0.029130859300494194,0.012265625409781933,-0.06132812425494194,0.0,-0.03732531517744064,0.03417269513010979,0.021304558962583542,-0.0527992844581604,0.0,0.44466501474380493,0.5401429533958435,-9.929840087890625,-0.0050438167527318,-0.23301035165786743,-8.65023422241211,0.0,0.0,0.0,0.0,0.0,0.0,0.0,0.0,0.0,0.0,0.0,0.0,-0.03420407325029373,0.037687432020902634,0.016958296298980713,-0.05541248992085457,0.3348918557167053,0.21988379955291748,0.29978373646736145,0.26145899295806885,0.055396582931280136,0.27171576023101807,0.4067317247390747,0.0,0.0,0.0,0.0,0.0,0.0,0.0
35436976288,0,-0.02585011161863804,-0.034601494669914246,-0.8397277593612671,6.569455581484362e-05,-0.04113857448101044,-0.8442511558532715,0.05665666610002518,0.03255593404173851,0.021421099081635475,0.05183187127113342,-0.013074224814772606,-0.0045233964920043945,0.0009747711010277271,-0.017001649364829063,-0.2740866243839264,0.0,0.0,-0.0047828578390181065,-0.07495665550231934,-0.14234019815921783,0.23292817175388336,-0.0004611968179233372,0.1353827714920044,0.3229866325855255,0.04058733209967613,-1.213655710220337,-47.73439407348633,-0.039488986134529114,0.6407403349876404,-0.07859945297241211,-0.12710347771644592,0.12476757168769836,-0.3371393382549286,0.2654489278793335,14.816394805908203,8.9353609085083,12.98347282409668,11.020380973815918,-0.018398437649011612,0.029130859300494194,0.015332031063735485,-0.059794921427965164,0.0,-0.03732531517744064,0.03417269513010979,0.021304558962583542,-0.0527992844581604,0.0,0.44466501474380493,0.5401429533958435,-9.929840087890625,-0.0050438167527318,-0.23301035165786743,-8.65023422241211,0.0,0.0,0.0,0.0,0.0,0.0,0.0,0.0,0.0,0.0,0.0,0.0,-0.034850236028432846,0.03673391044139862,0.017893362790346146,-0.054593220353126526,0.3348918557167053,0.21988379955291748,0.29978373646736145,0.26145899295806885,0.5745269656181335,1.351469874382019,-0.07491081953048706,0.0,0.0,0.0,0.0,0.0,0.0,0.0
35447571284,0,-0.025269879028201103,-0.033997293561697006,-0.8393344879150391,6.569455581484362e-05,-0.04113857448101044,-0.8442511558532715,0.05413689464330673,0.029209567233920097,0.017802171409130096,0.050671398639678955,-0.014282633550465107,-0.004916667938232422,-0.00023918751685414463,-0.018962720409035683,-0.26993319392204285,0.0,0.0,-0.0047828578390181065,-0.06560210883617401,-0.12362372130155563,0.22969862818717957,0.009889298118650913,0.15043886005878448,0.31801968812942505,-0.021487213671207428,-1.2553424835205078,-47.434852600097656,-0.04814907908439636,0.608533501625061,-0.0682992935180664,-0.1275283396244049,0.12327136099338531,-0.3425668179988861,0.2630899250507355,14.419166564941406,9.157798767089844,12.716064453125,11.168461799621582,-0.019931640475988388,0.03066406212747097,0.016865234822034836,-0.05826171860098839,0.0,-0.04093232378363609,0.0325043611228466,0.024602049961686134,-0.05149371922016144,0.0,-0.05622353404760361,-0.25011155009269714,-9.760263442993164,-0.003906765952706337,-0.2282440960407257,-8.624518394470215,0.0,0.0,0.0,0.0,0.0,0.0,0.0,0.0,0.0,0.0,0.0,0.0,-0.03579114377498627,0.03571538254618645,0.019134817644953728,-0.05379903316497803,0.32898810505867004,0.222357839345932,0.29523664712905884,0.2629520297050476,0.7411153316497803,1.5870410203933716,-0.1508326232433319,0.0,0.0,0.0,0.0,0.0,0.0,0.0
35456965261,0,-0.02491173893213272,-0.03367163985967636,-0.8391236662864685,6.569455581484362e-05,-0.04113857448101044,-0.8442511558532715,0.05308142304420471,0.02638019062578678,0.020648201927542686,0.04995511472225189,-0.014933943748474121,-0.0051274895668029785,-0.0010116357589140534,-0.01963077113032341,-0.26783764362335205,0.0,0.0,-0.0047828578390181065,-0.06560210883617401,-0.12362372130155563,0.22969862818717957,0.01623733527958393,0.15542352199554443,0.3155168890953064,-0.021487213671207428,-1.2553424835205078,-47.434852600097656,-0.04814907908439636,0.608533501625061,-0.0682992935180664,-0.1275283396244049,0.12257736921310425,-0.34535670280456543,0.2616996467113495,14.419166564941406,9.157798767089844,12.716064453125,11.168461799621582,-0.021464843302965164,0.032197266817092896,0.018398437649011612,-0.05826171860098839,0.0,-0.04093232378363609,0.0325043611228466,0.024602049961686134,-0.05149371922016144,0.0,-0.09129844605922699,-0.32376793026924133,-9.518815994262695,-0.0047287773340940475,-0.2238931506872177,-8.648239135742188,0.0,0.0,0.0,0.0,0.0,0.0,0.0,0.0,0.0,0.0,0.0,0.0,-0.03703618794679642,0.03469889983534813,0.020602114498615265,-0.05304327607154846,0.3273368775844574,0.22436359524726868,0.2946079671382904,0.26437684893608093,0.7411153316497803,1.5870410203933716,-0.1508326232433319,0.0,0.0,0.0,0.0,0.0,0.0,0.0
35466613238,0,-0.02424611523747444,-0.033058155328035355,-0.838677704334259,6.569455581484362e-05,-0.04113857448101044,-0.8442511558532715,0.06010447442531586,0.019939478486776352,0.02404666133224964,0.048623859882354736,-0.01616091839969158,-0.005573451519012451,-0.0015312982723116875,-0.021007753908634186,-0.26332423090934753,0.0,0.0,-0.0047828578390181065,-0.053459249436855316,-0.0832189992070198,0.23922498524188995,0.01623733527958393,0.15542352199554443,0.3155168890953064,-0.021487213671207428,-1.2553424835205078,-47.434852600097656,-0.04814907908439636,0.608533501625061,-0.0682992935180664,-0.1275283396244049,0.12257736921310425,-0.34535670280456543,0.2616996467113495,14.741120338439941,8.918076515197754,13.136895179748535,10.85653305053711,-0.021464843302965164,0.032197266817092896,0.018398437649011612,-0.05826171860098839,0.0,-0.0400378592312336,0.03337841480970383,0.023813791573047638,-0.05297458544373512,0.0,-0.09129844605922699,-0.32376793026924133,-9.518815994262695,-0.024169184267520905,-0.2182721197605133,-8.674074172973633,0.0,0.0,0.0,0.0,0.0,0.0,0.0,0.0,0.0,0.0,0.0,0.0,-0.0383262000977993,0.03383435681462288,0.02202548086643219,-0.05245396867394447,0.3273368775844574,0.22436359524726868,0.2946079671382904,0.26437684893608093,0.5262635350227356,2.0037031173706055,0.30855655670166016,0.0,0.0,0.0,0.0,0.0,0.0,0.0
35477374984,0,-0.02424611523747444,-0.033058155328035355,-0.838677704334259,6.569455581484362e-05,-0.04113857448101044,-0.8442511558532715,0.06010447442531586,0.019939478486776352,0.02404666133224964,0.048623859882354736,-0.01616091839969158,-0.005573451519012451,-0.0015312982723116875,-0.021007753908634186,-0.26332423090934753,0.0,0.0,-0.0047828578390181065,-0.04406921565532684,-0.06020987778902054,0.24022674560546875,0.025881588459014893,0.16720806062221527,0.3093891739845276,-0.05141068994998932,-1.166736364364624,-47.625892639160156,-0.05255778878927231,0.5794475078582764,-0.08122619986534119,-0.12798383831977844,0.12154237180948257,-0.35010913014411926,0.25929075479507446,14.741120338439941,8.918076515197754,13.136895179748535,10.85653305053711,-0.024531250819563866,0.03066406212747097,0.018398437649011612,-0.05672851577401161,0.0,-0.03866292163729668,0.028621554374694824,0.022196345031261444,-0.049155186861753464,0.0,0.0057537066750228405,-0.030031828209757805,-10.17311954498291,-0.024169184267520905,-0.2182721197605133,-8.674074172973633,0.0,0.0,0.0,0.0,0.0,0.0,0.0,0.0,0.0,0.0,0.0,0.0,-0.039254330098629,0.03306526690721512,0.023017248138785362,-0.052015695720911026,0.33346232771873474,0.2195352464914322,0.3027467131614685,0.2582249939441681,0.5659880638122559,2.141896963119507,0.18099714815616608,0.0,0.0,0.0,0.0,0.0,0.0,0.0
35486904399,0,-0.02424611523747444,-0.033058155328035355,-0.838677704334259,6.569455581484362e-05,-0.04113857448101044,-0.8442511558532715,0.06010447442531586,0.019939478486776352,0.02404666133224964,0.048623859882354736,-0.01616091839969158,-0.005573451519012451,-0.0015312982723116875,-0.021007753908634186,-0.26332423090934753,0.0,0.0,-0.0047828578390181065,-0.03179698437452316,-0.03360345587134361,0.23876729607582092,0.025881588459014893,0.16720806062221527,0.3093891739845276,-0.14160101115703583,-1.238948941230774,-47.8629035949707,-0.06854097545146942,0.5317891836166382,-0.07958178222179413,-0.12864358723163605,0.12077152729034424,-0.35445067286491394,0.2569112181663513,14.663878440856934,9.066760063171387,13.252148628234863,10.908729553222656,-0.026064453646540642,0.029130859300494194,0.018398437649011612,-0.055195312947034836,0.0,-0.04283451661467552,0.027371643111109734,0.026283156126737595,-0.048402272164821625,0.0,0.0057537066750228405,-0.030031828209757805,-10.17311954498291,-0.024169184267520905,-0.2182721197605133,-8.674074172973633,0.0,0.0,0.0,0.0,0.0,0.0,0.0,0.0,0.0,0.0,0.0,0.0,-0.039857540279626846,0.032028812915086746,0.02361667901277542,-0.05141376331448555,0.3319946229457855,0.2225315421819687,0.3049697279930115,0.2592557370662689,0.7424488663673401,2.377532958984375,0.0368170291185379,0.0,0.0,0.0,0.0,0.0,0.0,0.0
35496981386,0,-0.02360791340470314,-0.03253966197371483,-0.8382569551467896,6.569455581484362e-05,-0.04113857448101044,-0.8442511558532715,0.06023022159934044,0.02212469093501568,0.027794403955340385,0.047347452491521835,-0.01719791069626808,-0.005994200706481934,-0.0016062266658991575,-0.02161564491689205,-0.25941985845565796,0.0,0.0,-0.0047828578390181065,-0.019500214606523514,-0.008199921809136868,0.238258957862854,0.027858054265379906,0.16751037538051605,0.30417266488075256,-0.14160101115703583,-1.238948941230774,-47.8629035949707,-0.06854097545146942,0.5317891836166382,-0.07958178222179413,-0.12864358723163605,0.12077152729034424,-0.35445067286491394,0.2569112181663513,14.663878440856934,9.066760063171387,13.252148628234863,10.908729553222656,-0.024531250819563866,0.03066406212747097,0.019931640475988388,-0.055195312947034836,0.0,-0.04283451661467552,0.027371643111109734,0.026283156126737595,-0.048402272164821625,0.0,0.21898852288722992,-0.16099609434604645,-10.042959213256836,-0.025745637714862823,-0.22526344656944275,-8.702345848083496,0.0,0.0,0.0,0.0,0.0,0.0,0.0,0.0,0.0,0.0,0.0,0.0,-0.04051109403371811,0.030717359855771065,0.02421499229967594,-0.050596754997968674,0.3319946229457855,0.2225315421819687,0.3049697279930115,0.2592557370662689,0.9467301964759827,2.5936412811279297,0.029138600453734398,0.0,0.0,0.0,0.0,0.0,0.0,0.0
35507965162,0,-0.023257767781615257,-0.032240308821201324,-0.8380611538887024,6.569455581484362e-05,-0.04113857448101044,-0.8442511558532715,0.06113554164767265,0.02431981824338436,0.026866449043154716,0.04664715752005577,-0.017796620726585388,-0.006190001964569092,-0.002180560026317835,-0.021171271800994873,-0.25728839635849,0.0,0.0,-0.0047828578390181065,-0.019500214606523514,-0.008199921809136868,0.238258957862854,0.025020163506269455,0.16637009382247925,0.3017236888408661,-0.1515119969844818,-1.273131251335144,-47.82023239135742,-0.08554153144359589,0.5045868158340454,-0.07957351207733154,-0.12897691130638123,0.12059460580348969,-0.355953186750412,0.25585758686065674,14.585051536560059,9.071967124938965,13.309218406677246,10.88255786895752,-0.024531250819563866,0.03066406212747097,0.021464843302965164,-0.055195312947034836,0.0,-0.04416090250015259,0.028262244537472725,0.027314933016896248,-0.04934156686067581,0.0,-0.30656641721725464,-0.13890047371387482,-9.83289623260498,-0.02754763513803482,-0.23147840797901154,-8.694587707519531,0.0,0.0,0.0,0.0,0.0,0.0,0.0,0.0,0.0,0.0,0.0,0.0,-0.04132244363427162,0.029496081173419952,0.02493848092854023,-0.049833327531814575,0.3319946229457855,0.2225315421819687,0.3049697279930115,0.2592557370662689,0.9467301964759827,2.5936412811279297,0.029138600453734398,0.0,0.0,0.0,0.0,0.0,0.0,0.0
35526164386,0,-0.023257767781615257,-0.032240308821201324,-0.8380611538887024,6.569455581484362e-05,-0.04113857448101044,-0.8442511558532715,0.06113554164767265,0.02431981824338436,0.026866449043154716,0.04664715752005577,-0.017796620726585388,-0.006190001964569092,-0.002180560026317835,-0.021171271800994873,-0.25728839635849,0.0,0.0,-0.0047828578390181065,-0.004055905155837536,0.040225934237241745,0.2339916229248047,0.025020163506269455,0.16637009382247925,0.3017236888408661,-0.1515119969844818,-1.273131251335144,-47.82023239135742,-0.08554153144359589,0.5045868158340454,-0.07957351207733154,-0.12897691130638123,0.12059460580348969,-0.355953186750412,0.25585758686065674,14.585051536560059,9.071967124938965,13.309218406677246,10.88255786895752,-0.024531250819563866,0.03066406212747097,0.02299804612994194,-0.055195312947034836,0.0,-0.04416090250015259,0.028262244537472725,0.027314933016896248,-0.04934156686067581,0.0,-0.30656641721725464,-0.13890047371387482,-9.83289623260498,-0.02754763513803482,-0.23147840797901154,-8.694587707519531,0.0,0.0,0.0,0.0,0.0,0.0,0.0,0.0,0.0,0.0,0.0,0.0,-0.04218405857682228,0.028626680374145508,0.025685220956802368,-0.04932378977537155,0.33049535751342773,0.2226364016532898,0.30606958270072937,0.25873905420303345,0.759692370891571,2.4055325984954834,-0.1437656581401825,0.0,0.0,0.0,0.0,0.0,0.0,0.0
35526870996,0,-0.022241266444325447,-0.03130381554365158,-0.837561845779419,6.569455581484362e-05,-0.04113857448101044,-0.8442511558532715,0.0713290348649025,0.015119158662855625,0.008111121132969856,0.044614143669605255,-0.01966961659491062,-0.006689310073852539,-0.002222106559202075,-0.019574005156755447,-0.250825971364975,0.0,0.0,-0.0047828578390181065,-0.001961209112778306,0.061597954481840134,0.23004518449306488,0.025296825915575027,0.1545538455247879,0.295144259929657,-0.2926367223262787,-1.2656806707382202,-47.24134063720703,-0.09770755469799042,0.4516174793243408,-0.07502955198287964,-0.1297941505908966,0.12049278616905212,-0.3583267331123352,0.2535455524921417,14.230666160583496,9.100250244140625,13.14852237701416,10.78929328918457,-0.026064453646540642,0.03066406212747097,0.02299804612994194,-0.055195312947034836,0.0,-0.04864860326051712,0.022302594035863876,0.03117721527814865,-0.04497673362493515,0.0,0.14382752776145935,-0.5374664664268494,-10.146095275878906,-0.05465974658727646,-0.2235015481710434,-8.555201530456543,0.0,0.0,0.0,0.0,0.0,0.0,0.0,0.0,0.0,0.0,0.0,0.0,-0.04317962005734444,0.027856918051838875,0.02653137780725956,-0.0488751120865345,0.32374125719070435,0.22320574522018433,0.30297109484672546,0.25689610838890076,0.48388907313346863,2.266785144805908,-0.23084692656993866,0.0,0.0,0.0,0.0,0.0,0.0,0.0
35537090636,0,-0.021896062418818474,-0.030988648533821106,-0.837440550327301,6.569455581484362e-05,-0.04113857448101044,-0.8442511558532715,0.0633416697382927,0.009462617337703705,0.0076246061362326145,0.04392373189330101,-0.02029995433986187,-0.006810605525970459,-0.0023642799351364374,-0.018647216260433197,-0.2489764243364334,0.0,0.0,-0.0047828578390181065,-0.001961209112778306,0.061597954481840134,0.23004518449306488,0.026008980348706245,0.14714913070201874,0.2929292321205139,-0.3006286025047302,-1.2292585372924805,-47.05360794067383,-0.09673416614532471,0.4272887408733368,-0.0712536871433258,-0.13028350472450256,0.12050309777259827,-0.35923951864242554,0.25221896171569824,14.052282333374023,9.187546730041504,13.043963432312012,10.797282218933105,-0.027597656473517418,0.03066406212747097,0.024531250819563866,-0.055195312947034836,0.0,-0.04858841374516487,0.020323220640420914,0.0306154303252697,-0.04353700578212738,0.0,-0.29527658224105835,-0.5946953892707825,-10.041496276855469,-0.043114084750413895,-0.21012625098228455,-8.55820083618164,0.0,0.0,0.0,0.0,0.0,0.0,0.0,0.0,0.0,0.0,0.0,0.0,-0.04446861892938614,0.026637032628059387,0.027600722387433052,-0.048070028424263,0.3203328549861908,0.22496183216571808,0.3009524345397949,0.25705406069755554,0.48388907313346863,2.266785144805908,-0.23084692656993866,0.0,0.0,0.0,0.0,0.0,0.0,0.0
35546742683,0,-0.021896062418818474,-0.030988648533821106,-0.837440550327301,6.569455581484362e-05,-0.04113857448101044,-0.8442511558532715,0.0633416697382927,0.009462617337703705,0.0076246061362326145,0.04392373189330101,-0.02029995433986187,-0.006810605525970459,-0.0023642799351364374,-0.018647216260433197,-0.2489764243364334,0.0,0.0,-0.0047828578390181065,-0.0025343764573335648,0.11413075774908066,0.22301553189754486,0.026008980348706245,0.14714913070201874,0.2929292321205139,-0.23712746798992157,-1.1556943655014038,-47.070106506347656,-0.09673416614532471,0.4272887408733368,-0.0712536871433258,-0.13028350472450256,0.12050309777259827,-0.35923951864242554,0.25221896171569824,13.97182559967041,9.289481163024902,13.076055526733398,10.760920524597168,-0.03066406212747097,0.029130859300494194,0.027597656473517418,-0.055195312947034836,0.0,-0.04539616033434868,0.01971711963415146,0.02683274634182453,-0.04335327073931694,0.0,-0.29527658224105835,-0.5946953892707825,-10.041496276855469,-0.043114084750413895,-0.21012625098228455,-8.55820083618164,0.0,0.0,0.0,0.0,0.0,0.0,0.0,0.0,0.0,0.0,0.0,0.0,-0.04571828618645668,0.024935360997915268,0.02853435091674328,-0.046895552426576614,0.3203328549861908,0.22496183216571808,0.3009524345397949,0.25705406069755554,0.06603021174669266,2.516941785812378,-0.3432576358318329,0.0,0.0,0.0,0.0,0.0,0.0,0.0
35556965768,0,-0.021330304443836212,-0.030224697664380074,-0.8372845649719238,6.569455581484362e-05,-0.04113857448101044,-0.8442511558532715,0.0683511346578598,0.008569215424358845,0.01000887993723154,0.04279221221804619,-0.02182786352932453,-0.006966590881347656,-0.0024856843519955873,-0.016241054981946945,-0.24511411786079407,0.0,0.0,-0.0047828578390181065,-0.0025343764573335648,0.11413075774908066,0.22301553189754486,0.026008980348706245,0.14714913070201874,0.2929292321205139,-0.2836093604564667,-1.1381876468658447,-47.23320388793945,-0.09454440325498581,0.35473746061325073,-0.06488355994224548,-0.1313500702381134,0.12050309777259827,-0.35923951864242554,0.25221896171569824,13.830157279968262,9.506367683410645,13.038187026977539,10.88707447052002,-0.03373046964406967,0.026064453646540642,0.029130859300494194,-0.055195312947034836,0.0,-0.046686913818120956,0.0167650505900383,0.027607755735516548,-0.04087735339999199,0.0,-0.29527658224105835,-0.5946953892707825,-10.041496276855469,-0.055023401975631714,-0.21429364383220673,-8.583431243896484,0.0,0.0,0.0,0.0,0.0,0.0,0.0,0.0,0.0,0.0,0.0,0.0,-0.04648025706410408,0.02302732691168785,0.02888978272676468,-0.045558538287878036,0.3203328549861908,0.22496183216571808,0.3009524345397949,0.25705406069755554,0.06603021174669266,2.516941785812378,-0.3432576358318329,0.0,0.0,0.0,0.0,0.0,0.0,0.0
35567998498,0,-0.021330304443836212,-0.030224697664380074,-0.8372845649719238,6.569455581484362e-05,-0.04113857448101044,-0.8442511558532715,0.0683511346578598,0.008569215424358845,0.01000887993723154,0.04279221221804619,-0.02182786352932453,-0.006966590881347656,-0.0024856843519955873,-0.016241054981946945,-0.24511411786079407,0.0,0.0,-0.0047828578390181065,-0.011174468323588371,0.15057902038097382,0.21399974822998047,0.02594064548611641,0.12801659107208252,0.28830090165138245,-0.2836093604564667,-1.1381876468658447,-47.23320388793945,-0.09454440325498581,0.35473746061325073,-0.06488355994224548,-0.1313500702381134,0.1204834133386612,-0.3600919842720032,0.24944204092025757,13.830157279968262,9.506367683410645,13.038187026977539,10.88707447052002,-0.032197266817092896,0.024531250819563866,0.029130859300494194,-0.05366211012005806,0.0,-0.046686913818120956,0.0167650505900383,0.027607755735516548,-0.04087735339999199,0.0,-0.580299437046051,-0.35244226455688477,-10.316169738769531,-0.055023401975631714,-0.21429364383220673,-8.583431243896484,0.0,0.0,0.0,0.0,0.0,0.0,0.0,0.0,0.0,0.0,0.0,0.0,-0.046833593398332596,0.02106955461204052,0.02879226580262184,-0.04415139555931091,0.3203328549861908,0.22496183216571808,0.3009524345397949,0.25705406069755554,-0.45296409726142883,2.017021656036377,-0.479909211397171,0.0,0.0,0.0,0.0,0.0,0.0,0.0
35577090186,0,-0.020789476111531258,-0.02947729453444481,-0.8372520208358765,6.569455581484362e-05,-0.04113857448101044,-0.8442511558532715,0.07685694098472595,0.011546138674020767,-0.0020478505175560713,0.04171054810285568,-0.023322677239775658,-0.0069991350173950195,-0.0023802316281944513,-0.013454974628984928,-0.2411571592092514,0.0,0.0,-0.0047828578390181065,-0.011174468323588371,0.15057902038097382,0.21399974822998047,0.02395571582019329,0.105952687561512,0.2835560441017151,-0.39706701040267944,-1.198897361755371,-47.045101165771484,-0.07716116309165955,0.2902536392211914,-0.057643160223960876,-0.13251526653766632,0.1202896311879158,-0.3595336079597473,0.24641992151737213,13.531706809997559,9.765554428100586,12.882133483886719,10.896151542663574,-0.03066406212747097,0.021464843302965164,0.027597656473517418,-0.05366211012005806,0.0,-0.0523674301803112,0.014280419796705246,0.032626181840896606,-0.03924668952822685,0.0,-0.0675775557756424,-0.21145065128803253,-10.08112621307373,-0.07141847163438797,-0.22755217552185059,-8.495229721069336,0.0,0.0,0.0,0.0,0.0,0.0,0.0,0.0,0.0,0.0,0.0,0.0,-0.04724235460162163,0.019197778776288033,0.028757238760590553,-0.04277997091412544,0.3103511929512024,0.23654870688915253,0.2978237569332123,0.25900739431381226,-0.45296409726142883,2.017021656036377,-0.479909211397171,0.0,0.0,0.0,0.0,0.0,0.0,0.0
35587021847,0,-0.020299166440963745,-0.028675856068730354,-0.8373287320137024,6.569455581484362e-05,-0.04113857448101044,-0.8442511558532715,0.07258079200983047,0.00614043278619647,-0.011719433590769768,0.04072992503643036,-0.024925561621785164,-0.006922423839569092,-0.003300976473838091,-0.009855888783931732,-0.2375284880399704,0.0,0.0,0.08544272184371948,-0.017162956297397614,0.16928823292255402,0.2087600976228714,0.031245063990354538,0.07649679481983185,0.387310266494751,-0.34079864621162415,-1.2233059406280518,-46.535888671875,-0.07050096988677979,0.2587183713912964,0.027710959315299988,-0.13321234285831451,0.1202896311879158,-0.3595336079597473,0.24641992151737213,11.231090545654297,11.832686424255371,10.662168502807617,12.844329833984375,-0.03066406212747097,0.02299804612994194,0.029130859300494194,-0.052128907293081284,0.0,-0.062170274555683136,0.01413229200989008,0.038294099271297455,-0.03557257726788521,0.0,-0.0675775557756424,-0.21145065128803253,-10.08112621307373,-0.06692320853471756,-0.21854591369628906,-8.432454109191895,0.0,0.0,0.0,0.0,0.0,0.0,0.0,0.0,0.0,0.0,0.0,0.0,-0.04857926815748215,0.017477616667747498,0.029483899474143982,-0.04135923087596893,0.3103511929512024,0.23654870688915253,0.2978237569332123,0.25900739431381226,-0.503180742263794,1.6432278156280518,-0.40194982290267944,0.0,0.0,0.0,0.0,0.0,0.0,0.0
35598751534,0,-0.020299166440963745,-0.028675856068730354,-0.8373287320137024,6.569455581484362e-05,-0.04113857448101044,-0.8442511558532715,0.07258079200983047,0.00614043278619647,-0.011719433590769768,0.04072992503643036,-0.024925561621785164,-0.006922423839569092,-0.003300976473838091,-0.009855888783931732,-0.2375284880399704,0.0,0.0,0.08544272184371948,-0.01981665939092636,0.17923034727573395,0.2070615142583847,0.031245063990354538,0.07649679481983185,0.387310266494751,-0.34079864621162415,-1.2233059406280518,-46.535888671875,-0.07050096988677979,0.2587183713912964,0.027710959315299988,-0.13321234285831451,0.11999017745256424,-0.3587203621864319,0.24452252686023712,11.231090545654297,11.832686424255371,10.662168502807617,12.844329833984375,-0.03066406212747097,0.02299804612994194,0.03066406212747097,-0.052128907293081284,0.0,-0.062170274555683136,0.01413229200989008,0.038294099271297455,-0.03557257726788521,0.0,0.18063361942768097,-0.2937631905078888,-10.179666519165039,-0.06692320853471756,-0.21854591369628906,-8.432454109191895,0.0,0.0,0.0,0.0,0.0,0.0,0.0,0.0,0.0,0.0,0.0,0.0,-0.05129246413707733,0.01602114923298359,0.03120552934706211,-0.03976219519972801,0.2656095325946808,0.2774108052253723,0.2543814182281494,0.2970922291278839,-0.40309393405914307,1.2646117210388184,-0.26634490489959717,0.0,0.0,0.0,0.0,0.0,0.0,0.0
35608128691,0,-0.02004947140812874,-0.02825583517551422,-0.8374035954475403,6.569455581484362e-05,-0.04113857448101044,-0.8442511558532715,0.07181210815906525,-0.0013879600446671247,-0.014158199541270733,0.04023053124547005,-0.02576560713350773,-0.006847560405731201,-0.003535836236551404,-0.008177069947123528,-0.2356133759021759,0.0,0.0,0.17316201329231262,-0.01981665939092636,0.17923034727573395,0.2070615142583847,0.032222822308540344,0.06306995451450348,0.38501614332199097,-0.3680776357650757,-1.2020025253295898,-46.37849807739258,-0.06351473927497864,0.22884397208690643,0.02747403085231781,-0.13388577103614807,0.11958516389131546,-0.357650488615036,0.24254116415977478,11.162359237670898,11.843097686767578,10.663490295410156,12.741731643676758,-0.03066406212747097,0.021464843302965164,0.03066406212747097,-0.05059570446610451,0.0,-0.06280894577503204,0.012607594951987267,0.03841893747448921,-0.03456771746277809,0.0,-0.20870481431484222,-0.19502894580364227,-10.197259902954102,-0.06966450810432434,-0.205370232462883,-8.419593811035156,0.0,0.0,0.0,0.0,0.0,0.0,0.0,0.0,0.0,0.0,0.0,0.0,-0.05466356500983238,0.014885958284139633,0.033366039395332336,-0.038157299160957336,0.26425668597221375,0.2776142954826355,0.2544076442718506,0.29510536789894104,-0.40309393405914307,1.2646117210388184,-0.26634490489959717,0.0,0.0,0.0,0.0,0.0,0.0,0.0
35618268829,0,-0.019623227417469025,-0.027443373575806618,-0.8376182913780212,6.569455581484362e-05,-0.04113857448101044,-0.8442511558532715,0.07200576364994049,-0.004452768713235855,-0.015862971544265747,0.03937803953886032,-0.02739053964614868,-0.006632864475250244,-0.0032252424862235785,-0.004087540321052074,-0.2309509962797165,0.0,0.0,0.17316201329231262,-0.02552620880305767,0.21190202236175537,0.2346685528755188,0.028180427849292755,0.030319806188344955,0.4844140112400055,-0.4042356014251709,-1.1186175346374512,-46.3129997253418,-0.05496861785650253,0.15124504268169403,0.06718447804450989,-0.1347668617963791,0.11958516389131546,-0.357650488615036,0.24254116415977478,10.043675422668457,12.954057693481445,9.762455940246582,13.58354377746582,-0.03373046964406967,0.016865234822034836,0.029130859300494194,-0.05059570446610451,0.0,-0.06824468821287155,0.008189525455236435,0.040156859904527664,-0.029382264241576195,0.0,0.18855413794517517,-0.4803619086742401,-10.464306831359863,-0.0727430135011673,-0.20287297666072845,-8.416275024414062,0.0,0.0,0.0,0.0,0.0,0.0,0.0,0.0,0.0,0.0,0.0,0.0,-0.05804585665464401,0.013773761689662933,0.03543541580438614,-0.03651275858283043,0.26425668597221375,0.2776142954826355,0.2544076442718506,0.29510536789894104,-0.46502476930618286,1.764866828918457,1.0505759716033936,0.0,0.0,0.0,0.0,0.0,0.0,0.0
35628554469,0,-0.019623227417469025,-0.027443373575806618,-0.8376182913780212,6.569455581484362e-05,-0.04113857448101044,-0.8442511558532715,0.07200576364994049,-0.004452768713235855,-0.015862971544265747,0.03937803953886032,-0.02739053964614868,-0.006632864475250244,-0.0032252424862235785,-0.004087540321052074,-0.2309509962797165,0.0,0.0,0.17316201329231262,-0.02552620880305767,0.21190202236175537,0.2346685528755188,0.028180427849292755,0.030319806188344955,0.4844140112400055,-0.4042356014251709,-1.1186175346374512,-46.3129997253418,-0.05496861785650253,0.15124504268169403,0.06718447804450989,-0.1347668617963791,0.11878854036331177,-0.3552490174770355,0.2398432195186615,10.043675422668457,12.954057693481445,9.762455940246582,13.58354377746582,-0.03526367247104645,0.015332031063735485,0.03066406212747097,-0.04752929508686066,0.0,-0.06824468821287155,0.008189525455236435,0.040156859904527664,-0.029382264241576195,0.0,0.18855413794517517,-0.4803619086742401,-10.464306831359863,-0.0727430135011673,-0.20287297666072845,-8.416275024414062,0.0,0.0,0.0,0.0,0.0,0.0,0.0,0.0,0.0,0.0,0.0,0.0,-0.06134050711989403,0.012400140054523945,0.037244223058223724,-0.03462739661335945,0.24209856986999512,0.29921504855155945,0.23648694157600403,0.31134751439094543,-0.46502476930618286,1.764866828918457,1.0505759716033936,0.0,0.0,0.0,0.0,0.0,0.0,0.0
35636995904,0,-0.019315769895911217,-0.02652817778289318,-0.8379229307174683,6.569455581484362e-05,-0.04113857448101044,-0.8442511558532715,0.069874107837677,0.003376870881766081,-0.013973347842693329,0.03876312077045441,-0.0292209405452013,-0.006328225135803223,-0.003886252408847213,0.00024654302978888154,-0.22497481107711792,0.0,0.0,0.35611942410469055,-0.030581114813685417,0.23202849924564362,0.2939668297767639,0.028180427849292755,0.030319806188344955,0.4844140112400055,-0.36068013310432434,-1.130292296409607,-46.421932220458984,-0.054672710597515106,0.10279954969882965,0.17260485887527466,-0.13541288673877716,0.11773025989532471,-0.35206878185272217,0.23848317563533783,7.352939605712891,15.699725151062012,7.234663963317871,16.167617797851562,-0.036796875298023224,0.015332031063735485,0.032197266817092896,-0.04599609225988388,0.0,-0.09183741360902786,0.007956336252391338,0.05254221707582474,-0.025936653837561607,0.0,0.18855413794517517,-0.4803619086742401,-10.464306831359863,-0.06595218181610107,-0.2207733541727066,-8.436427116394043,0.0,0.0,0.0,0.0,0.0,0.0,0.0,0.0,0.0,0.0,0.0,0.0,-0.06532323360443115,0.01093684509396553,0.039242640137672424,-0.03257332742214203,0.18769536912441254,0.3515891432762146,0.1852664351463318,0.3603768050670624,-0.20164081454277039,1.1711344718933105,2.56564998626709,0.0,0.0,0.0,0.0,0.0,0.0,0.0
35648398912,0,-0.019315769895911217,-0.02652817778289318,-0.8379229307174683,6.569455581484362e-05,-0.04113857448101044,-0.8442511558532715,0.069874107837677,0.003376870881766081,-0.013973347842693329,0.03876312077045441,-0.0292209405452013,-0.006328225135803223,-0.003886252408847213,0.00024654302978888154,-0.22497481107711792,0.0,0.0,0.35611942410469055,-0.030581114813685417,0.23202849924564362,0.2939668297767639,0.03264659270644188,-0.012233114801347256,0.6936017274856567,-0.36068013310432434,-1.130292296409607,-46.421932220458984,-0.054672710597515106,0.10279954969882965,0.17260485887527466,-0.13541288673877716,0.11773025989532471,-0.35206878185272217,0.23848317563533783,7.352939605712891,15.699725151062012,7.234663963317871,16.167617797851562,-0.036796875298023224,0.013798828236758709,0.03526367247104645,-0.044462889432907104,0.0,-0.09183741360902786,0.007956336252391338,0.05254221707582474,-0.025936653837561607,0.0,0.26460105180740356,0.13313865661621094,-10.07912540435791,-0.06595218181610107,-0.2207733541727066,-8.436427116394043,0.0,0.0,0.0,0.0,0.0,0.0,0.0,0.0,0.0,0.0,0.0,0.0,-0.07108619809150696,0.009677951224148273,0.042108260095119476,-0.030497416853904724,0.18769536912441254,0.3515891432762146,0.1852664351463318,0.3603768050670624,-0.20164081454277039,1.1711344718933105,2.56564998626709,0.0,0.0,0.0,0.0,0.0,0.0,0.0
35657660874,0,-0.019050534814596176,-0.02572188340127468,-0.8383118510246277,6.569455581484362e-05,-0.04113857448101044,-0.8442511558532715,0.07258868217468262,2.7378671802580357e-05,-0.02272261306643486,0.03823264688253403,-0.030833536759018898,-0.005939304828643799,-0.004717888310551643,0.004340192768722773,-0.21781481802463531,0.0,0.0,0.41626977920532227,-0.03557845577597618,0.22649957239627838,0.3750036954879761,0.03284178674221039,-0.03897126764059067,0.7588475346565247,-0.3850299119949341,-1.21121084690094,-46.23072814941406,-0.0363154336810112,0.06370791792869568,0.09647539258003235,-0.13597732782363892,0.1154421716928482,-0.3453107476234436,0.23936666548252106,7.891772270202637,15.09224796295166,7.802244663238525,15.474213600158691,-0.039863280951976776,0.012265625409781933,0.036796875298023224,-0.04292968660593033,0.0,-0.09036345034837723,0.00956118106842041,0.05341450497508049,-0.028431808575987816,0.0,0.2230413258075714,-0.22875919938087463,-10.23597526550293,-0.07378121465444565,-0.2186182588338852,-8.372306823730469,0.0,0.0,0.0,0.0,0.0,0.0,0.0,0.0,0.0,0.0,0.0,0.0,-0.07768165320158005,0.008815161883831024,0.045483194291591644,-0.028749980032444,0.1987195611000061,0.34012138843536377,0.1968924105167389,0.3473397493362427,-0.22651751339435577,0.09096194803714752,3.6678147315979004,0.0,0.0,0.0,0.0,0.0,0.0,0.0
35666995868,0,-0.018791330978274345,-0.024875737726688385,-0.8387951850891113,6.569455581484362e-05,-0.04113857448101044,-0.8442511558532715,0.06830134987831116,-0.010413373820483685,-0.03392672538757324,0.037714239209890366,-0.032525837421417236,-0.005455970764160156,-0.0056411996483802795,0.008195455186069012,-0.2077600210905075,0.0,0.0,0.4689013659954071,-0.03557845577597618,0.22649957239627838,0.3750036954879761,0.03638739138841629,-0.0702296569943428,0.7468563914299011,-0.3850299119949341,-1.21121084690094,-46.23072814941406,-0.0363154336810112,0.06370791792869568,0.09647539258003235,-0.13597732782363892,0.1154421716928482,-0.3453107476234436,0.23936666548252106,7.891772270202637,15.09224796295166,7.802244663238525,15.474213600158691,-0.044462889432907104,0.009199218824505806,0.036796875298023224,-0.04292968660593033,0.0,-0.09036345034837723,0.00956118106842041,0.05341450497508049,-0.028431808575987816,0.0,0.15079891681671143,0.09367852658033371,-9.79422664642334,-0.071135014295578,-0.19961562752723694,-8.292255401611328,0.0,0.0,0.0,0.0,0.0,0.0,0.0,0.0,0.0,0.0,0.0,0.0,-0.08333351463079453,0.008454457856714725,0.04856633022427559,-0.027716755867004395,0.2240636795759201,0.31509044766426086,0.22253909707069397,0.32098886370658875,-0.22651751339435577,0.09096194803714752,3.6678147315979004,0.0,0.0,0.0,0.0,0.0,0.0,0.0
35676972421,0,-0.018791330978274345,-0.024875737726688385,-0.8387951850891113,6.569455581484362e-05,-0.04113857448101044,-0.8442511558532715,0.06830134987831116,-0.010413373820483685,-0.03392672538757324,0.037714239209890366,-0.032525837421417236,-0.005455970764160156,-0.0056411996483802795,0.008195455186069012,-0.2077600210905075,0.0,0.0,0.4689013659954071,-0.04663684591650963,0.21857506036758423,0.49238327145576477,0.03638739138841629,-0.0702296569943428,0.7468563914299011,-0.4192158877849579,-1.1613898277282715,-45.81863021850586,-0.027347847819328308,0.057616621255874634,0.03193749487400055,-0.13600586354732513,0.11443102359771729,-0.34273603558540344,0.24123889207839966,10.710548400878906,12.125310897827148,10.614645004272461,12.395413398742676,-0.04906250163912773,0.006132812704890966,0.03526367247104645,-0.04139648377895355,0.0,-0.06602601706981659,0.009448609314858913,0.03872939944267273,-0.0331013947725296,0.0,0.10973227769136429,0.18332363665103912,-9.771111488342285,-0.071135014295578,-0.19961562752723694,-8.292255401611328,0.0,0.0,0.0,0.0,0.0,0.0,0.0,0.0,0.0,0.0,0.0,0.0,-0.08628765493631363,0.00847608596086502,0.05029982328414917,-0.02755596674978733,0.2553388774394989,0.2831246256828308,0.25344064831733704,0.28838345408439636,-0.40589386224746704,-0.36852994561195374,5.368432998657227,0.0,0.0,0.0,0.0,0.0,0.0,0.0
35687279228,0,-0.018664442002773285,-0.024484986439347267,-0.8390758037567139,6.569455581484362e-05,-0.04113857448101044,-0.8442511558532715,0.06623131036758423,-0.013562711887061596,-0.03988318890333176,0.037460457533597946,-0.03330734372138977,-0.005175352096557617,-0.005957509391009808,0.009817360900342464,-0.20242144167423248,0.0,0.0,0.4689013659954071,-0.049019984900951385,0.1997351497411728,0.5398910641670227,0.03648707643151283,-0.08368522673845291,0.8031211495399475,-0.37984466552734375,-1.067491054534912,-45.37814712524414,-0.027068212628364563,0.061601072549819946,0.038674384355545044,-0.13599874079227448,0.11332150548696518,-0.3401813805103302,0.2439006268978119,10.43934440612793,12.176661491394043,10.329503059387207,12.459614753723145,-0.05059570446610451,0.004599609412252903,0.036796875298023224,-0.039863280951976776,0.0,-0.06321994215250015,0.007826119661331177,0.035235095769166946,-0.031382083892822266,0.0,0.10973227769136429,0.18332363665103912,-9.771111488342285,-0.06906266510486603,-0.19408927857875824,-8.250572204589844,0.0,0.0,0.0,0.0,0.0,0.0,0.0,0.0,0.0,0.0,0.0,0.0,-0.08499498665332794,0.008596524596214294,0.04953356832265854,-0.02820543944835663,0.2499656230211258,0.28412559628486633,0.247784823179245,0.2896314859390259,-0.27996787428855896,-1.0802977085113525,4.963497161865234,0.0,0.0,0.0,0.0,0.0,0.0,0.0
35697364669,0,-0.018664442002773285,-0.024484986439347267,-0.8390758037567139,6.569455581484362e-05,-0.04113857448101044,-0.8442511558532715,0.06623131036758423,-0.013562711887061596,-0.03988318890333176,0.037460457533597946,-0.03330734372138977,-0.005175352096557617,-0.005957509391009808,0.009817360900342464,-0.20242144167423248,0.0,0.0,0.4689013659954071,-0.049019984900951385,0.1997351497411728,0.5398910641670227,0.03914441913366318,-0.10671042650938034,0.7987573146820068,-0.37984466552734375,-1.067491054534912,-45.37814712524414,-0.027068212628364563,0.061601072549819946,0.038674384355545044,-0.13599874079227448,0.11332150548696518,-0.3401813805103302,0.2439006268978119,10.43934440612793,12.176661491394043,10.329503059387207,12.459614753723145,-0.05366211012005806,0.004599609412252903,0.04292968660593033,-0.038330078125,0.0,-0.06321994215250015,0.007826119661331177,0.035235095769166946,-0.031382083892822266,0.0,0.10973227769136429,0.18332363665103912,-9.771111488342285,-0.06906266510486603,-0.19408927857875824,-8.250572204589844,0.0,0.0,0.0,0.0,0.0,0.0,0.0,0.0,0.0,0.0,0.0,0.0,-0.08047059178352356,0.00858844444155693,0.046679455786943436,-0.02919035032391548,0.2499656230211258,0.28412559628486633,0.247784823179245,0.2896314859390259,-0.27996787428855896,-1.0802977085113525,4.963497161865234,0.0,0.0,0.0,0.0,0.0,0.0,0.0
35707424470,0,-0.018353890627622604,-0.02364848554134369,-0.8397031426429749,6.569455581484362e-05,-0.04113857448101044,-0.8442511558532715,0.06508702039718628,-0.012148046866059303,-0.045908909291028976,0.036839354783296585,-0.034980352967977524,-0.004548013210296631,-0.006144658196717501,0.012396055273711681,-0.19220751523971558,0.0,0.0,0.47642016410827637,-0.0459115207195282,0.1513705551624298,0.5699725151062012,0.03914441913366318,-0.10671042650938034,0.7987573146820068,-0.3615630269050598,-1.0823583602905273,-45.129093170166016,-0.031096749007701874,0.10226823389530182,0.031627342104911804,-0.1359187364578247,0.11134479194879532,-0.3362867534160614,0.24898077547550201,10.617040634155273,11.864850997924805,10.383665084838867,12.2929048538208,-0.05672851577401161,0.006132812704890966,0.04599609225988388,-0.036796875298023224,0.0,-0.06203832849860191,0.009026939980685711,0.03494328632950783,-0.03275461494922638,0.0,0.19316715002059937,-0.21615353226661682,-9.873990058898926,-0.06775146722793579,-0.19959701597690582,-8.214966773986816,0.0,0.0,0.0,0.0,0.0,0.0,0.0,0.0,0.0,0.0,0.0,0.0,-0.07500771433115005,0.008499196730554104,0.043150510638952255,-0.030142493546009064,0.2534879744052887,0.27803948521614075,0.2488604485988617,0.2863892614841461,0.09361392259597778,-2.15331768989563,2.7755918502807617,0.0,0.0,0.0,0.0,0.0,0.0,0.0
35719058150,0,-0.01814456656575203,-0.02321445383131504,-0.8400511145591736,6.569455581484362e-05,-0.04113857448101044,-0.8442511558532715,0.06395360827445984,-0.011195555329322815,-0.04520907998085022,0.03642070293426514,-0.03584842011332512,-0.0042000412940979,-0.006344284396618605,0.013432762585580349,-0.1869911104440689,0.0,0.0,0.47642016410827637,-0.04657465219497681,0.13272424042224884,0.5853562951087952,0.04113837704062462,-0.11570489406585693,0.7924209237098694,-0.36330729722976685,-1.1148639917373657,-45.2318115234375,-0.031096749007701874,0.10226823389530182,0.031627342104911804,-0.1359187364578247,0.11134479194879532,-0.3362867534160614,0.24898077547550201,11.042130470275879,11.518302917480469,10.766648292541504,11.93505859375,-0.059794921427965164,0.009199218824505806,0.04599609225988388,-0.03526367247104645,0.0,-0.06074577197432518,0.010242807678878307,0.03482518345117569,-0.0346488393843174,0.0,-0.033734120428562164,-0.6545024514198303,-9.683392524719238,-0.06605587154626846,-0.20270253717899323,-8.223965644836426,0.0,0.0,0.0,0.0,0.0,0.0,0.0,0.0,0.0,0.0,0.0,0.0,-0.06992268562316895,0.008553381077945232,0.03990849107503891,-0.031116843223571777,0.2534879744052887,0.27803948521614075,0.2488604485988617,0.2863892614841461,0.05959225445985794,-1.9111534357070923,2.2664053440093994,0.0,0.0,0.0,0.0,0.0,0.0,0.0
35732963381,0,-0.01814456656575203,-0.02321445383131504,-0.8400511145591736,6.569455581484362e-05,-0.04113857448101044,-0.8442511558532715,0.06395360827445984,-0.011195555329322815,-0.04520907998085022,0.03642070293426514,-0.03584842011332512,-0.0042000412940979,-0.006344284396618605,0.013432762585580349,-0.1869911104440689,0.0,0.0,0.47642016410827637,-0.04657465219497681,0.13272424042224884,0.5853562951087952,0.04113837704062462,-0.11570489406585693,0.7924209237098694,-0.36330729722976685,-1.1148639917373657,-45.2318115234375,-0.02305072546005249,0.10499054193496704,0.0165414959192276,-0.13584166765213013,0.11016783863306046,-0.3343081474304199,0.25193458795547485,11.042130470275879,11.518302917480469,10.766648292541504,11.93505859375,-0.06132812425494194,0.012265625409781933,0.04599609225988388,-0.03526367247104645,0.0,-0.06073816865682602,0.010250081308186054,0.03483297675848007,-0.0346418172121048,0.0,-0.033734120428562164,-0.6545024514198303,-9.683392524719238,-0.06605587154626846,-0.20270253717899323,-8.223965644836426,0.0,0.0,0.0,0.0,0.0,0.0,0.0,0.0,0.0,0.0,0.0,0.0,-0.06578769534826279,0.008836019784212112,0.03738182410597801,-0.03216008096933365,0.26188772916793823,0.27125293016433716,0.2564484775066376,0.2794116735458374,0.05959225445985794,-1.9111534357070923,2.2664053440093994,0.0,0.0,0.0,0.0,0.0,0.0,0.0
35737195321,0,-0.017741430550813675,-0.022346535697579384,-0.8407619595527649,6.569455581484362e-05,-0.04113857448101044,-0.8442511558532715,0.06170953810214996,-0.02063123695552349,-0.043119896203279495,0.03561442717909813,-0.03758426755666733,-0.003489196300506592,-0.007211305666714907,0.015520664863288403,-0.17636363208293915,0.0,0.0,0.49647027254104614,-0.05511373654007912,0.09514480829238892,0.6027763485908508,0.044240280985832214,-0.1320684552192688,0.802950382232666,-0.36693423986434937,-1.026559829711914,-45.32992172241211,-0.0064478665590286255,0.12111528217792511,0.011730283498764038,-0.13564710319042206,0.1075810045003891,-0.3305969834327698,0.2576720118522644,11.244458198547363,11.418801307678223,10.859950065612793,11.841239929199219,-0.06132812425494194,0.012265625409781933,0.04599609225988388,-0.03526367247104645,0.0,-0.05695813149213791,0.00751139922067523,0.031794823706150055,-0.032152123749256134,0.0,0.10599813610315323,-0.5086746215820312,-9.722630500793457,-0.0667153149843216,-0.18664725124835968,-8.241804122924805,0.0,0.0,0.0,0.0,0.0,0.0,0.0,0.0,0.0,0.0,0.0,0.0,-0.06264825165271759,0.009109281934797764,0.035528331995010376,-0.03301657363772392,0.2658725678920746,0.26929962635040283,0.2582925260066986,0.27757808566093445,-0.22824548184871674,-1.9331320524215698,1.3241032361984253,0.0,0.0,0.0,0.0,0.0,0.0,0.0
35747193875,0,-0.017741430550813675,-0.022346535697579384,-0.8407619595527649,6.569455581484362e-05,-0.04113857448101044,-0.8442511558532715,0.06170953810214996,-0.02063123695552349,-0.043119896203279495,0.03561442717909813,-0.03758426755666733,-0.003489196300506592,-0.007211305666714907,0.015520664863288403,-0.17636363208293915,0.0,0.0,0.49647027254104614,-0.05172544717788696,0.06399943679571152,0.5988366603851318,0.044240280985832214,-0.1320684552192688,0.802950382232666,-0.3289375305175781,-0.9840191006660461,-45.36220169067383,-0.009590685367584229,0.15364038944244385,0.0198201984167099,-0.1355336308479309,0.10620881617069244,-0.32907187938690186,0.26027607917785645,11.098184585571289,11.573859214782715,10.621214866638184,12.10689640045166,-0.059794921427965164,0.010732421651482582,0.044462889432907104,-0.03526367247104645,0.0,-0.05512877553701401,0.00728260912001133,0.029839159920811653,-0.03130342811346054,0.0,0.2605172097682953,-0.0036728151608258486,-10.042518615722656,-0.0667153149843216,-0.18664725124835968,-8.241804122924805,0.0,0.0,0.0,0.0,0.0,0.0,0.0,0.0,0.0,0.0,0.0,0.0,-0.06014423817396164,0.009064608253538609,0.03397776558995247,-0.03335399553179741,0.2629924416542053,0.2723425626754761,0.2535706162452698,0.28276538848876953,0.05260954424738884,-2.437525510787964,0.5388656854629517,0.0,0.0,0.0,0.0,0.0,0.0,0.0
35756942627,0,-0.017741430550813675,-0.022346535697579384,-0.8407619595527649,6.569455581484362e-05,-0.04113857448101044,-0.8442511558532715,0.06170953810214996,-0.02063123695552349,-0.043119896203279495,0.0337851345539093,-0.03999108821153641,-0.0021196603775024414,-0.007211305666714907,0.015520664863288403,-0.17636363208293915,0.0,0.0,0.5064953565597534,-0.05172544717788696,0.06399943679571152,0.5988366603851318,0.044240280985832214,-0.1320684552192688,0.802950382232666,-0.3289375305175781,-0.9840191006660461,-45.36220169067383,-0.009590685367584229,0.15364038944244385,0.0198201984167099,-0.1355336308479309,0.10620881617069244,-0.32907187938690186,0.26027607917785645,11.098184585571289,11.573859214782715,10.621214866638184,12.10689640045166,-0.059794921427965164,0.009199218824505806,0.044462889432907104,-0.036796875298023224,0.0,-0.05512877553701401,0.00728260912001133,0.029839159920811653,-0.03130342811346054,0.0,0.2605172097682953,-0.0036728151608258486,-10.042518615722656,-0.0515388585627079,-0.18334518373012543,-8.280322074890137,0.0,0.0,0.0,0.0,0.0,0.0,0.0,0.0,0.0,0.0,0.0,0.0,-0.05807163193821907,0.008724363520741463,0.03254171088337898,-0.033180709928274155,0.2629924416542053,0.2723425626754761,0.2535706162452698,0.28276538848876953,0.05260954424738884,-2.437525510787964,0.5388656854629517,0.0,0.0,0.0,0.0,0.0,0.0,0.0
35766710382,0,-0.01682678982615471,-0.021143130958080292,-0.842131495475769,6.569455581484362e-05,-0.04113857448101044,-0.8442511558532715,0.051784027367830276,-0.023001665249466896,-0.03734021261334419,0.0337851345539093,-0.03999108821153641,-0.0021196603775024414,-0.008057900704443455,0.016349390149116516,-0.1564784049987793,0.0,0.0,0.5064953565597534,-0.029741549864411354,0.022654106840491295,0.5894118547439575,0.04644711688160896,-0.13725771009922028,0.7871655821800232,-0.34321659803390503,-0.97709059715271,-45.40574264526367,-0.0363924577832222,0.1868259310722351,0.02038271725177765,-0.13529185950756073,0.10389851033687592,-0.3270469307899475,0.2641839385032654,11.107684135437012,11.50728988647461,10.60810661315918,12.223165512084961,-0.05826171860098839,0.0076660155318677425,0.04292968660593033,-0.036796875298023224,0.0,-0.055292196571826935,0.0066959792748093605,0.030145922675728798,-0.03037033975124359,0.0,0.04686562344431877,-0.13771076500415802,-9.970009803771973,-0.0515388585627079,-0.18334518373012543,-8.280322074890137,0.0,0.0,0.0,0.0,0.0,0.0,0.0,0.0,0.0,0.0,0.0,0.0,-0.056516800075769424,0.008263921365141869,0.03135089576244354,-0.03270602971315384,0.2631797194480896,0.2710368037223816,0.2533111274242401,0.2850314974784851,0.8682613968849182,-1.9690810441970825,-0.09595054388046265,0.0,0.0,0.0,0.0,0.0,0.0,0.0
35779926179,0,-0.01682678982615471,-0.021143130958080292,-0.842131495475769,6.569455581484362e-05,-0.04113857448101044,-0.8442511558532715,0.051784027367830276,-0.023001665249466896,-0.03734021261334419,0.0337851345539093,-0.03999108821153641,-0.0021196603775024414,-0.008057900704443455,0.016349390149116516,-0.1564784049987793,0.0,0.0,0.5064953565597534,-0.01061001792550087,0.015509539283812046,0.5984248518943787,0.04644711688160896,-0.13725771009922028,0.7871655821800232,-0.34321659803390503,-0.97709059715271,-45.40574264526367,-0.0363924577832222,0.1868259310722351,0.02038271725177765,-0.13529185950756073,0.10389851033687592,-0.3270469307899475,0.2641839385032654,11.107684135437012,11.50728988647461,10.60810661315918,12.223165512084961,-0.059794921427965164,0.0076660155318677425,0.04292968660593033,-0.038330078125,0.0,-0.055292196571826935,0.0066959792748093605,0.030145922675728798,-0.03037033975124359,0.0,0.04686562344431877,-0.13771076500415802,-9.970009803771973,-0.0515388585627079,-0.18334518373012543,-8.280322074890137,0.0,0.0,0.0,0.0,0.0,0.0,0.0,0.0,0.0,0.0,0.0,0.0,-0.055518604815006256,0.007775205187499523,0.030528739094734192,-0.032084621489048004,0.2631797194480896,0.2710368037223816,0.2533111274242401,0.2850314974784851,0.8569701910018921,-0.9391496777534485,0.2874251902103424,0.0,0.0,0.0,0.0,0.0,0.0,0.0
35787383059,0,-0.016411101445555687,-0.02068244107067585,-0.8427771925926208,6.569455581484362e-05,-0.04113857448101044,-0.8442511558532715,0.04745878651738167,-0.01892235316336155,-0.02627657912671566,0.03295375406742096,-0.04091247171163559,-0.0014739632606506348,-0.007915349677205086,0.017015421763062477,-0.14548857510089874,0.0,0.0,0.509001612663269,-0.01061001792550087,0.015509539283812046,0.5984248518943787,0.04248455911874771,-0.1431955099105835,0.778501033782959,-0.25800132751464844,-1.031862497329712,-45.808048248291016,-0.0553167350590229,0.17665867507457733,0.0009703189134597778,-0.13501931726932526,0.10215578973293304,-0.3250812292098999,0.2673943042755127,11.650031089782715,11.10749626159668,11.237229347229004,11.852920532226562,-0.06132812425494194,0.0076660155318677425,0.04139648377895355,-0.038330078125,0.0,-0.051765114068984985,0.011419663205742836,0.0275258906185627,-0.03547222912311554,0.0,-0.009214594960212708,-0.08484896272420883,-9.646575927734375,-0.04331930726766586,-0.19176021218299866,-8.35643482208252,0.0,0.0,0.0,0.0,0.0,0.0,0.0,0.0,0.0,0.0,0.0,0.0,-0.054823193699121475,0.0075536142103374004,0.029932886362075806,-0.03169803321361542,0.27383536100387573,0.26317593455314636,0.2657303810119629,0.27780646085739136,0.8569701910018921,-0.9391496777534485,0.2874251902103424,0.0,0.0,0.0,0.0,0.0,0.0,0.0
35796864285,0,-0.016411101445555687,-0.02068244107067585,-0.8427771925926208,6.569455581484362e-05,-0.04113857448101044,-0.8442511558532715,0.04745878651738167,-0.01892235316336155,-0.02627657912671566,0.03295375406742096,-0.04091247171163559,-0.0014739632606506348,-0.007915349677205086,0.017015421763062477,-0.14548857510089874,0.0,0.0,0.509001612663269,-0.0057217832654714584,-0.0032561381813138723,0.597230076789856,0.041488394141197205,-0.13668639957904816,0.7664406299591064,-0.21505777537822723,-1.03280770778656,-45.996524810791016,-0.060355328023433685,0.20066139101982117,-0.0032352954149246216,-0.13487538695335388,0.10137026757001877,-0.3240831792354584,0.2689008116722107,11.832000732421875,11.004137992858887,11.359971046447754,11.840346336364746,-0.06132812425494194,0.0076660155318677425,0.039863280951976776,-0.036796875298023224,0.0,-0.049698494374752045,0.012951361946761608,0.025934604927897453,-0.0368080697953701,0.0,-0.009214594960212708,-0.08484896272420883,-9.646575927734375,-0.04331930726766586,-0.19176021218299866,-8.35643482208252,0.0,0.0,0.0,0.0,0.0,0.0,0.0,0.0,0.0,0.0,0.0,0.0,-0.05398425832390785,0.008010772056877613,0.029243139550089836,-0.0320306122303009,0.2773972749710083,0.2611384391784668,0.26814401149749756,0.2775605320930481,0.6174243688583374,-1.4139373302459717,0.059109143912792206,0.0,0.0,0.0,0.0,0.0,0.0,0.0
35807205837,0,-0.01609984040260315,-0.02033960074186325,-0.8433501720428467,6.569455581484362e-05,-0.04113857448101044,-0.8442511558532715,0.04531978815793991,-0.021613728255033493,-0.026398297399282455,0.032331228256225586,-0.041598156094551086,-0.0009009838104248047,-0.007822622545063496,0.01636882871389389,-0.13433754444122314,0.0,0.0,0.509001612663269,-0.004120850469917059,-0.02542135864496231,0.5915992259979248,0.04180293157696724,-0.13315029442310333,0.7604763507843018,-0.22765003144741058,-1.029451847076416,-45.88596725463867,-0.05558242276310921,0.23337766528129578,-0.0038024336099624634,-0.13473844528198242,0.10137026757001877,-0.3240831792354584,0.2689008116722107,11.875116348266602,10.919994354248047,11.288856506347656,11.841541290283203,-0.05826171860098839,0.009199218824505806,0.039863280951976776,-0.036796875298023224,0.0,-0.04978069290518761,0.01254840288311243,0.026400581002235413,-0.036315303295850754,0.0,0.08002980053424835,-0.12212862819433212,-10.068806648254395,-0.04139091446995735,-0.1871730536222458,-8.342903137207031,0.0,0.0,0.0,0.0,0.0,0.0,0.0,0.0,0.0,0.0,0.0,0.0,-0.052879948168992996,0.009058031253516674,0.02838830277323723,-0.03299139067530632,0.2773972749710083,0.2611384391784668,0.26814401149749756,0.2775605320930481,0.35511231422424316,-1.7754700183868408,-0.29245197772979736,0.0,0.0,0.0,0.0,0.0,0.0,0.0
35817221064,0,-0.01590576395392418,-0.020187852904200554,-0.8436017036437988,6.569455581484362e-05,-0.04113857448101044,-0.8442511558532715,0.043118178844451904,-0.023140810430049896,-0.03149278461933136,0.031943075358867645,-0.04190165176987648,-0.0006494522094726562,-0.007677396293729544,0.015895754098892212,-0.1288186013698578,0.0,0.0,0.509001612663269,0.004755087196826935,-0.03630759194493294,0.5885770320892334,0.04180293157696724,-0.13315029442310333,0.7604763507843018,-0.21175280213356018,-1.0134332180023193,-45.6444091796875,-0.07100130617618561,0.24381023645401,-0.006697028875350952,-0.13462728261947632,0.10001491755247116,-0.32279080152511597,0.2710481882095337,11.880574226379395,10.747296333312988,11.308279037475586,11.749154090881348,-0.055195312947034836,0.0076660155318677425,0.039863280951976776,-0.036796875298023224,0.0,-0.04879669472575188,0.012757307849824429,0.0253677349537611,-0.03658703342080116,0.0,0.10262884199619293,0.27209749817848206,-10.008615493774414,-0.03850051015615463,-0.18426057696342468,-8.298983573913574,0.0,0.0,0.0,0.0,0.0,0.0,0.0,0.0,0.0,0.0,0.0,0.0,-0.051715753972530365,0.010245379991829395,0.027531949803233147,-0.034112535417079926,0.2783469259738922,0.2560657560825348,0.2671279013156891,0.2757764756679535,0.6063492894172668,-1.543330192565918,-0.3576093912124634,0.0,0.0,0.0,0.0,0.0,0.0,0.0
35827745921,0,-0.015112772583961487,-0.019677691161632538,-0.8442316055297852,6.569455581484362e-05,-0.04113857448101044,-0.8442511558532715,0.04090046137571335,-0.018213188275694847,-0.030643455684185028,0.030357087031006813,-0.04292198270559311,-1.9550323486328125e-05,-0.005281873047351837,0.01531782653182745,-0.11270587891340256,0.0,0.0,0.509001612663269,0.004755087196826935,-0.03630759194493294,0.5885770320892334,0.026561222970485687,-0.12604303658008575,0.7440555095672607,-0.21175280213356018,-1.0134332180023193,-45.6444091796875,-0.07100130617618561,0.24381023645401,-0.006697028875350952,-0.13462728261947632,0.10001491755247116,-0.32279080152511597,0.2710481882095337,11.880574226379395,10.747296333312988,11.308279037475586,11.749154090881348,-0.05366211012005806,0.006132812704890966,0.039863280951976776,-0.038330078125,0.0,-0.04879669472575188,0.012757307849824429,0.0253677349537611,-0.03658703342080116,0.0,-0.08369337767362595,-0.07480438798666,-9.61056900024414,-0.036533355712890625,-0.19557450711727142,-8.30133056640625,0.0,0.0,0.0,0.0,0.0,0.0,0.0,0.0,0.0,0.0,0.0,0.0,-0.05064993351697922,0.011283214204013348,0.02675907500088215,-0.03510800749063492,0.2783469259738922,0.2560657560825348,0.2671279013156891,0.2757764756679535,0.6063492894172668,-1.543330192565918,-0.3576093912124634,0.0,0.0,0.0,0.0,0.0,0.0,0.0
35836679234,0,-0.015112772583961487,-0.019677691161632538,-0.8442316055297852,6.569455581484362e-05,-0.04113857448101044,-0.8442511558532715,0.04090046137571335,-0.018213188275694847,-0.030643455684185028,0.030357087031006813,-0.04292198270559311,-1.9550323486328125e-05,-0.005281873047351837,0.01531782653182745,-0.11270587891340256,0.0,0.0,0.509001612663269,0.045587219297885895,-0.04160571098327637,0.58114093542099,0.026561222970485687,-0.12604303658008575,0.7440555095672607,-0.21006245911121368,-1.093945860862732,-45.564048767089844,-0.13353906571865082,0.2436504364013672,-0.011640548706054688,-0.13439390063285828,0.09939548373222351,-0.3216269612312317,0.27238893508911133,11.888999938964844,10.507308006286621,11.50653076171875,11.700847625732422,-0.05366211012005806,0.006132812704890966,0.039863280951976776,-0.038330078125,0.0,-0.05108765512704849,0.01583913527429104,0.027375370264053345,-0.03920209780335426,0.0,-0.024723032489418983,0.07334085553884506,-9.972854614257812,-0.036533355712890625,-0.19557450711727142,-8.30133056640625,0.0,0.0,0.0,0.0,0.0,0.0,0.0,0.0,0.0,0.0,0.0,0.0,-0.0498894602060318,0.012207814492285252,0.02621483989059925,-0.03599115088582039,0.27851152420043945,0.25131359696388245,0.27102190256118774,0.27483081817626953,1.5117583274841309,-0.6460811495780945,-0.4168555438518524,0.0,0.0,0.0,0.0,0.0,0.0,0.0
35846907045,0,-0.014826767146587372,-0.01955675520002842,-0.8444154262542725,6.569455581484362e-05,-0.04113857448101044,-0.8442511558532715,0.036449089646339417,-0.018364084884524345,-0.024615036323666573,0.029785072430968285,-0.043163854628801346,0.00016427040100097656,-0.004600033164024353,0.014842662028968334,-0.10773763060569763,0.0,0.0,0.509001612663269,0.059557024389505386,-0.04664122313261032,0.5772644281387329,0.021772272884845734,-0.12160094827413559,0.738149106502533,-0.21006245911121368,-1.093945860862732,-45.564048767089844,-0.13353906571865082,0.2436504364013672,-0.011640548706054688,-0.13439390063285828,0.09939548373222351,-0.3216269612312317,0.27238893508911133,11.925633430480957,10.458619117736816,11.576664924621582,11.734051704406738,-0.055195312947034836,0.0076660155318677425,0.039863280951976776,-0.036796875298023224,0.0,-0.050930581986904144,0.015912875533103943,0.027209481224417686,-0.039091113954782486,0.0,-0.024723032489418983,0.07334085553884506,-9.972854614257812,-0.028857789933681488,-0.1947721689939499,-8.345361709594727,0.0,0.0,0.0,0.0,0.0,0.0,0.0,0.0,0.0,0.0,0.0,0.0,-0.04962360858917236,0.01319385226815939,0.026061058044433594,-0.03689223527908325,0.27851152420043945,0.25131359696388245,0.27102190256118774,0.27483081817626953,1.4673244953155518,-0.6393499970436096,-0.4854353070259094,0.0,0.0,0.0,0.0,0.0,0.0,0.0
35859990655,0,-0.014826767146587372,-0.01955675520002842,-0.8444154262542725,6.569455581484362e-05,-0.04113857448101044,-0.8442511558532715,0.036449089646339417,-0.018364084884524345,-0.024615036323666573,0.029785072430968285,-0.043163854628801346,0.00016427040100097656,-0.004600033164024353,0.014842662028968334,-0.10773763060569763,0.0,0.0,0.509001612663269,0.059557024389505386,-0.04664122313261032,0.5772644281387329,0.021772272884845734,-0.12160094827413559,0.738149106502533,-0.20093345642089844,-1.0756597518920898,-45.657318115234375,-0.1519644856452942,0.25255531072616577,-0.012885302305221558,-0.1343083530664444,0.09950648993253708,-0.32112154364585876,0.27271151542663574,11.925633430480957,10.458619117736816,11.576664924621582,11.734051704406738,-0.055195312947034836,0.009199218824505806,0.038330078125,-0.036796875298023224,0.0,-0.05010896548628807,0.015612172894179821,0.026379957795143127,-0.03880705684423447,0.0,0.08318109065294266,0.1256011575460434,-9.609621047973633,-0.028857789933681488,-0.1947721689939499,-8.345361709594727,0.0,0.0,0.0,0.0,0.0,0.0,0.0,0.0,0.0,0.0,0.0,0.0,-0.04970337450504303,0.01416325755417347,0.026166725903749466,-0.03773316740989685,0.27922752499580383,0.25034794211387634,0.2723974287509918,0.27548080682754517,1.4673244953155518,-0.6393499970436096,-0.4854353070259094,0.0,0.0,0.0,0.0,0.0,0.0,0.0
35866749942,0,-0.014333049766719341,-0.01941547356545925,-0.8447087407112122,6.569455581484362e-05,-0.04113857448101044,-0.8442511558532715,0.02846115082502365,-0.030037401244044304,-0.007154845632612705,0.028797632083296776,-0.04344641789793968,0.00045758485794067383,-0.0040047187358140945,0.013882500119507313,-0.09831026941537857,0.0,0.0,0.509001612663269,0.05594506859779358,-0.051352377980947495,0.5546900629997253,0.018229013308882713,-0.11340939253568649,0.7269315123558044,-0.09412158280611038,-0.9378269910812378,-46.58049774169922,-0.14357830584049225,0.265728235244751,-0.002165466547012329,-0.13413940370082855,0.10008276253938675,-0.3199672996997833,0.27251136302948,11.917078018188477,10.951214790344238,11.507712364196777,12.23991584777832,-0.05059570446610451,0.009199218824505806,0.038330078125,-0.036796875298023224,0.0,-0.04286361485719681,0.013925044797360897,0.019035790115594864,-0.03629077970981598,0.0,0.08318109065294266,0.1256011575460434,-9.609621047973633,-0.017113015055656433,-0.17051400244235992,-8.469181060791016,0.0,0.0,0.0,0.0,0.0,0.0,0.0,0.0,0.0,0.0,0.0,0.0,-0.04952111095190048,0.014843428507447243,0.025957509875297546,-0.03824193403124809,0.2790602445602417,0.2600943446159363,0.2710449993610382,0.28535762429237366,0.026663009077310562,-0.3731366693973541,-0.9512076377868652,0.0,0.0,0.0,0.0,0.0,0.0,0.0
35876709887,0,-0.01407312136143446,-0.019325237721204758,-0.8448033928871155,6.569455581484362e-05,-0.04113857448101044,-0.8442511558532715,0.02337924763560295,-0.030681004747748375,-0.003932418301701546,0.028277773410081863,-0.04362689331173897,0.0005522370338439941,-0.003762137144804001,0.013362080790102482,-0.09339512139558792,0.0,0.0,0.509001612663269,0.05327596142888069,-0.04864048212766647,0.5514324903488159,0.008877172134816647,-0.1079060509800911,0.7177048921585083,-0.09412158280611038,-0.9378269910812378,-46.58049774169922,-0.13541534543037415,0.26023393869400024,-0.003712385892868042,-0.13407398760318756,0.10027225315570831,-0.31942832469940186,0.27206718921661377,11.960043907165527,10.9334077835083,11.542181968688965,12.18033218383789,-0.05059570446610451,0.009199218824505806,0.036796875298023224,-0.038330078125,0.0,-0.04270358756184578,0.013954226858913898,0.018985100090503693,-0.03646254912018776,0.0,0.08318109065294266,0.1256011575460434,-9.609621047973633,-0.008149761706590652,-0.16874122619628906,-8.485435485839844,0.0,0.0,0.0,0.0,0.0,0.0,0.0,0.0,0.0,0.0,0.0,0.0,-0.04852984473109245,0.015087653882801533,0.024913832545280457,-0.03825611621141434,0.2798997163772583,0.2597429156303406,0.271721214056015,0.2841969132423401,-0.12094520777463913,-0.12175282835960388,-0.7044241428375244,0.0,0.0,0.0,0.0,0.0,0.0,0.0
35887128908,0,-0.01407312136143446,-0.019325237721204758,-0.8448033928871155,6.569455581484362e-05,-0.04113857448101044,-0.8442511558532715,0.02337924763560295,-0.030681004747748375,-0.003932418301701546,0.028277773410081863,-0.04362689331173897,0.0005522370338439941,-0.003762137144804001,0.013362080790102482,-0.09339512139558792,0.0,0.0,0.509001612663269,0.05327596142888069,-0.04864048212766647,0.5514324903488159,0.002726644044741988,-0.09964228421449661,0.7060776352882385,-0.09412158280611038,-0.9378269910812378,-46.58049774169922,-0.13541534543037415,0.26023393869400024,-0.003712385892868042,-0.13407398760318756,0.10027225315570831,-0.31942832469940186,0.27206718921661377,11.960043907165527,10.9334077835083,11.542181968688965,12.18033218383789,-0.04906250163912773,0.0076660155318677425,0.036796875298023224,-0.039863280951976776,0.0,-0.04270358756184578,0.013954226858913898,0.018985100090503693,-0.03646254912018776,0.0,0.08678003400564194,0.016423366963863373,-9.561012268066406,-0.008149761706590652,-0.16874122619628906,-8.485435485839844,0.0,0.0,0.0,0.0,0.0,0.0,0.0,0.0,0.0,0.0,0.0,0.0,-0.046974603086709976,0.014997271820902824,0.02330886758863926,-0.037924204021692276,0.2798997163772583,0.2597429156303406,0.271721214056015,0.2841969132423401,-0.12094520777463913,-0.12175282835960388,-0.7044241428375244,0.0,0.0,0.0,0.0,0.0,0.0,0.0
35899079394,0,-0.013546341098845005,-0.019180214032530785,-0.8449445962905884,6.569455581484362e-05,-0.04113857448101044,-0.8442511558532715,0.030207281932234764,-0.029724566265940666,-0.0029891382437199354,0.027224207296967506,-0.043916940689086914,0.0006934404373168945,-0.002054766984656453,0.012231405824422836,-0.08323371410369873,0.0,0.0,0.509001612663269,0.061815295368433,-0.054318007081747055,0.5474855899810791,0.002726644044741988,-0.09964228421449661,0.7060776352882385,-0.1313025802373886,-0.9496463537216187,-46.63685989379883,-0.1692124307155609,0.2830762565135956,-0.016812816262245178,-0.133941188454628,0.10083988308906555,-0.31810468435287476,0.2705995440483093,12.286955833435059,10.53258991241455,11.899558067321777,11.953749656677246,-0.04906250163912773,0.006132812704890966,0.03526367247104645,-0.04139648377895355,0.0,-0.04296620190143585,0.013647588901221752,0.019883135333657265,-0.03639129549264908,0.0,0.11492703855037689,0.2855057716369629,-9.807931900024414,-0.02387319691479206,-0.17266297340393066,-8.479429244995117,0.0,0.0,0.0,0.0,0.0,0.0,0.0,0.0,0.0,0.0,0.0,0.0,-0.045433707535266876,0.014746204949915409,0.02176310308277607,-0.03748796135187149,0.2862735390663147,0.25181475281715393,0.27871790528297424,0.2797766625881195,0.32655179500579834,-0.3631674349308014,-0.31678348779678345,0.0,0.0,0.0,0.0,0.0,0.0,0.0
35906921432,0,-0.013546341098845005,-0.019180214032530785,-0.8449445962905884,6.569455581484362e-05,-0.04113857448101044,-0.8442511558532715,0.030207281932234764,-0.029724566265940666,-0.0029891382437199354,0.02578468807041645,-0.04442967474460602,0.0007718205451965332,-0.002054766984656453,0.012231405824422836,-0.08323371410369873,0.0,0.0,0.509001612663269,0.061815295368433,-0.054318007081747055,0.5474855899810791,0.002726644044741988,-0.09964228421449661,0.7060776352882385,-0.1313025802373886,-0.9496463537216187,-46.63685989379883,-0.1692124307155609,0.2830762565135956,-0.016812816262245178,-0.133941188454628,0.10083988308906555,-0.31810468435287476,0.2705995440483093,12.286955833435059,10.53258991241455,11.899558067321777,11.953749656677246,-0.04906250163912773,0.006132812704890966,0.03526367247104645,-0.04292968660593033,0.0,-0.04296620190143585,0.013647588901221752,0.019883135333657265,-0.03639129549264908,0.0,0.11492703855037689,0.2855057716369629,-9.807931900024414,-0.02628839761018753,-0.1934942901134491,-8.466394424438477,0.0,0.0,0.0,0.0,0.0,0.0,0.0,0.0,0.0,0.0,0.0,0.0,-0.04420844092965126,0.014434149488806725,0.020614542067050934,-0.03707433491945267,0.2862735390663147,0.25181475281715393,0.27871790528297424,0.2797766625881195,0.32655179500579834,-0.3631674349308014,-0.31678348779678345,0.0,0.0,0.0,0.0,0.0,0.0,0.0
35917090839,0,-0.012826585210859776,-0.018923848867416382,-0.845022976398468,6.569455581484362e-05,-0.04113857448101044,-0.8442511558532715,0.030588382855057716,-0.019921818748116493,-0.0035566529259085655,0.02578468807041645,-0.04442967474460602,0.0007718205451965332,-0.00012769279419444501,0.011275087483227253,-0.0733461007475853,0.0,0.0,0.509001612663269,0.0679958239197731,-0.06475668400526047,0.5393097996711731,-0.004841620102524757,-0.08754530549049377,0.6944624781608582,-0.14458619058132172,-1.0642186403274536,-46.56517028808594,-0.18487098813056946,0.3035946488380432,-0.016339853405952454,-0.13385875523090363,0.10083988308906555,-0.31810468435287476,0.2705995440483093,12.259557723999023,10.472847938537598,11.863698959350586,12.001941680908203,-0.04906250163912773,0.006132812704890966,0.03373046964406967,-0.04139648377895355,0.0,-0.04674592986702919,0.017153821885585785,0.023761974647641182,-0.03922354057431221,0.0,0.013096592389047146,0.03721952065825462,-9.901590347290039,-0.02628839761018753,-0.1934942901134491,-8.466394424438477,0.0,0.0,0.0,0.0,0.0,0.0,0.0,0.0,0.0,0.0,0.0,0.0,-0.04355097562074661,0.014297285117208958,0.020093638449907303,-0.03687552735209465,0.2862735390663147,0.25181475281715393,0.27871790528297424,0.2797766625881195,0.23982255160808563,-0.6122323274612427,-0.43293872475624084,0.0,0.0,0.0,0.0,0.0,0.0,0.0
35927566064,0,-0.012826585210859776,-0.018923848867416382,-0.845022976398468,6.569455581484362e-05,-0.04113857448101044,-0.8442511558532715,0.030588382855057716,-0.019921818748116493,-0.0035566529259085655,0.02578468807041645,-0.04442967474460602,0.0007718205451965332,-0.00012769279419444501,0.011275087483227253,-0.0733461007475853,0.0,0.0,0.509001612663269,0.05822977051138878,-0.07768504321575165,0.5301316380500793,-0.004841620102524757,-0.08754530549049377,0.6944624781608582,-0.14481443166732788,-1.0516571998596191,-46.512306213378906,-0.17035385966300964,0.32610398530960083,-0.010290712118148804,-0.1338309347629547,0.10236096382141113,-0.3166734576225281,0.2674834132194519,12.150123596191406,10.599383354187012,11.643135070800781,12.152294158935547,-0.04599609225988388,0.0076660155318677425,0.03373046964406967,-0.039863280951976776,0.0,-0.04680550470948219,0.01652519963681698,0.02384018525481224,-0.03836313262581825,0.0,0.013096592389047146,0.03721952065825462,-9.901590347290039,-0.02628839761018753,-0.1934942901134491,-8.466394424438477,0.0,0.0,0.0,0.0,0.0,0.0,0.0,0.0,0.0,0.0,0.0,0.0,-0.04364556074142456,0.014566333033144474,0.020339030772447586,-0.037040673196315765,0.28360822796821594,0.25313830375671387,0.2737002968788147,0.283650666475296,-0.33934587240219116,-0.9638542532920837,-0.6421158909797668,0.0,0.0,0.0,0.0,0.0,0.0,0.0
35937122272,0,-0.011601172387599945,-0.018555738031864166,-0.8451210260391235,6.569455581484362e-05,-0.04113857448101044,-0.8442511558532715,0.025023216381669044,-0.01457014586776495,-0.005811956245452166,0.023333851248025894,-0.04516590014100075,0.0008698701858520508,0.0005459994426928461,0.008862478658556938,-0.0593307726085186,0.0,0.0,0.509001612663269,0.05035272613167763,-0.09201478213071823,0.5215926170349121,-0.012303915806114674,-0.0695095881819725,0.6805275678634644,-0.14481443166732788,-1.0516571998596191,-46.512306213378906,-0.17035385966300964,0.32610398530960083,-0.010290712118148804,-0.1338309347629547,0.10236096382141113,-0.3166734576225281,0.2674834132194519,12.150123596191406,10.599383354187012,11.643135070800781,12.152294158935547,-0.04292968660593033,0.009199218824505806,0.032197266817092896,-0.039863280951976776,0.0,-0.04680550470948219,0.01652519963681698,0.02384018525481224,-0.03836313262581825,0.0,0.1043282151222229,0.2852247357368469,-9.617705345153809,-0.02006665989756584,-0.20525695383548737,-8.442974090576172,0.0,0.0,0.0,0.0,0.0,0.0,0.0,0.0,0.0,0.0,0.0,0.0,-0.04427242651581764,0.015089116990566254,0.021102167665958405,-0.03740561008453369,0.28360822796821594,0.25313830375671387,0.2737002968788147,0.283650666475296,-0.5408077836036682,-1.2874513864517212,-0.777259349822998,0.0,0.0,0.0,0.0,0.0,0.0,0.0
35947476708,0,-0.011192694306373596,-0.01841888204216957,-0.8451569676399231,6.569455581484362e-05,-0.04113857448101044,-0.8442511558532715,0.02066323533654213,-0.01855604723095894,-0.006523578893393278,0.022516891360282898,-0.04543961212038994,0.0009058117866516113,0.0007692956132814288,0.007527570705860853,-0.054659489542245865,0.0,0.0,0.509001612663269,0.04212842509150505,-0.10909069329500198,0.5151546001434326,-0.01280907355248928,-0.05877628177404404,0.6749602556228638,-0.11036662757396698,-1.1289132833480835,-46.43635559082031,-0.151992067694664,0.38174036145210266,-0.003918945789337158,-0.13379555940628052,0.10308922082185745,-0.3166426420211792,0.26450711488723755,12.084216117858887,10.683561325073242,11.351572036743164,12.35031795501709,-0.04139648377895355,0.009199218824505806,0.03066406212747097,-0.039863280951976776,0.0,-0.04831165075302124,0.020095834508538246,0.025789741426706314,-0.04094485938549042,0.0,0.2555750012397766,0.1880016326904297,-9.684591293334961,-0.01367371529340744,-0.19747689366340637,-8.43631362915039,0.0,0.0,0.0,0.0,0.0,0.0,0.0,0.0,0.0,0.0,0.0,0.0,-0.04511763155460358,0.01577594317495823,0.02207266166806221,-0.037880878895521164,0.28232333064079285,0.2548048198223114,0.2679789364337921,0.287506639957428,-0.6034648418426514,-1.4783304929733276,-0.6938360929489136,0.0,0.0,0.0,0.0,0.0,0.0,0.0
35957180846,0,-0.011192694306373596,-0.01841888204216957,-0.8451569676399231,6.569455581484362e-05,-0.04113857448101044,-0.8442511558532715,0.02066323533654213,-0.01855604723095894,-0.006523578893393278,0.022516891360282898,-0.04543961212038994,0.0009058117866516113,0.0007692956132814288,0.007527570705860853,-0.054659489542245865,0.0,0.0,0.509001612663269,0.032892826944589615,-0.12685096263885498,0.5117571949958801,-0.01685183495283127,-0.03502337634563446,0.6612175703048706,-0.05324890464544296,-1.0573848485946655,-46.43653106689453,-0.1502094268798828,0.41785600781440735,-0.009596899151802063,-0.13377530872821808,0.10362362116575241,-0.3174733519554138,0.2611244022846222,12.282491683959961,10.48922348022461,11.435091972351074,12.259204864501953,-0.04139648377895355,0.009199218824505806,0.03066406212747097,-0.04139648377895355,0.0,-0.04382242634892464,0.019984479993581772,0.021624628454446793,-0.04083157703280449,0.0,0.2555750012397766,0.1880016326904297,-9.684591293334961,-0.01367371529340744,-0.19747689366340637,-8.43631362915039,0.0,0.0,0.0,0.0,0.0,0.0,0.0,0.0,0.0,0.0,0.0,0.0,-0.0458461232483387,0.016741011291742325,0.022953784093260765,-0.038555681705474854,0.28618666529655457,0.25095507502555847,0.26961973309516907,0.28573328256607056,-0.45398396253585815,-1.0674123764038086,-0.38054728507995605,0.0,0.0,0.0,0.0,0.0,0.0,0.0
35966959939,0,-0.010304671712219715,-0.01817944459617138,-0.8452041745185852,6.569455581484362e-05,-0.04113857448101044,-0.8442511558532715,0.01886073313653469,-0.022436046972870827,-0.007076259236782789,0.02074083685874939,-0.04591849073767662,0.0009530186653137207,0.0017625847831368446,0.00489701796323061,-0.04520187899470329,0.0,0.0,0.509001612663269,0.032892826944589615,-0.12685096263885498,0.5117571949958801,-0.017037225887179375,-0.026274217292666435,0.6556455492973328,-0.05324890464544296,-1.0573848485946655,-46.43653106689453,-0.1502094268798828,0.41785600781440735,-0.009596899151802063,-0.13377530872821808,0.10362362116575241,-0.3174733519554138,0.2611244022846222,12.282491683959961,10.48922348022461,11.435091972351074,12.259204864501953,-0.04292968660593033,0.009199218824505806,0.029130859300494194,-0.04139648377895355,0.0,-0.04382242634892464,0.019984479993581772,0.021624628454446793,-0.04083157703280449,0.0,0.18687167763710022,-0.08224821835756302,-9.917646408081055,-0.014393702149391174,-0.19076533615589142,-8.430771827697754,0.0,0.0,0.0,0.0,0.0,0.0,0.0,0.0,0.0,0.0,0.0,0.0,-0.04603806883096695,0.01781928911805153,0.02333400957286358,-0.03931274637579918,0.28618666529655457,0.25095507502555847,0.26961973309516907,0.28573328256607056,-0.45398396253585815,-1.0674123764038086,-0.38054728507995605,0.0,0.0,0.0,0.0,0.0,0.0,0.0
35976496518,0,-0.009874633513391018,-0.017996959388256073,-0.8452352285385132,6.569455581484362e-05,-0.04113857448101044,-0.8442511558532715,0.016077885404229164,-0.02261027880012989,-0.006892739795148373,0.019880754873156548,-0.04628346115350723,0.0009840726852416992,0.002132222754880786,0.0037201899103820324,-0.040793973952531815,0.0,0.0,0.509001612663269,0.02519064024090767,-0.12609504163265228,0.5076901316642761,-0.017037225887179375,-0.026274217292666435,0.6556455492973328,-0.05894673615694046,-1.0506706237792969,-46.375770568847656,-0.13987860083580017,0.42337942123413086,-0.009785890579223633,-0.1337747871875763,0.10384741425514221,-0.31812727451324463,0.2591976821422577,12.293231964111328,10.478313446044922,11.401189804077148,12.23043441772461,-0.04292968660593033,0.010732421651482582,0.027597656473517418,-0.039863280951976776,0.0,-0.043754808604717255,0.019586460664868355,0.021657463163137436,-0.04056854546070099,0.0,-0.20644605159759521,-0.24802231788635254,-9.924459457397461,-0.010717588476836681,-0.19103102385997772,-8.431958198547363,0.0,0.0,0.0,0.0,0.0,0.0,0.0,0.0,0.0,0.0,0.0,0.0,-0.045720502734184265,0.018730774521827698,0.02320709638297558,-0.03995320573449135,0.28639569878578186,0.2507384717464447,0.26895394921302795,0.2851729989051819,-0.629589855670929,-0.5689474940299988,-0.46019259095191956,0.0,0.0,0.0,0.0,0.0,0.0,0.0
35986688139,0,-0.009874633513391018,-0.017996959388256073,-0.8452352285385132,6.569455581484362e-05,-0.04113857448101044,-0.8442511558532715,0.016077885404229164,-0.02261027880012989,-0.006892739795148373,0.019880754873156548,-0.04628346115350723,0.0009840726852416992,0.002132222754880786,0.0037201899103820324,-0.040793973952531815,0.0,0.0,0.509001612663269,0.02519064024090767,-0.12609504163265228,0.5076901316642761,-0.015280411578714848,-0.0020019772928208113,0.6447923183441162,-0.05894673615694046,-1.0506706237792969,-46.375770568847656,-0.13987860083580017,0.42337942123413086,-0.009785890579223633,-0.1337747871875763,0.10384741425514221,-0.31812727451324463,0.2591976821422577,12.293231964111328,10.478313446044922,11.401189804077148,12.23043441772461,-0.04139648377895355,0.012265625409781933,0.027597656473517418,-0.039863280951976776,0.0,-0.043754808604717255,0.019586460664868355,0.021657463163137436,-0.04056854546070099,0.0,-0.20644605159759521,-0.24802231788635254,-9.924459457397461,-0.010717588476836681,-0.19103102385997772,-8.431958198547363,0.0,0.0,0.0,0.0,0.0,0.0,0.0,0.0,0.0,0.0,0.0,0.0,-0.04520471394062042,0.01935531198978424,0.022857217118144035,-0.04039387032389641,0.28639569878578186,0.2507384717464447,0.26895394921302795,0.2851729989051819,-0.629589855670929,-0.5689474940299988,-0.46019259095191956,0.0,0.0,0.0,0.0,0.0,0.0,0.0
35998597798,0,-0.009000681340694427,-0.017671657726168633,-0.8452975153923035,6.569455581484362e-05,-0.04113857448101044,-0.8442511558532715,0.016291430220007896,-0.022510278970003128,-0.003055698936805129,0.01813284307718277,-0.04693406820297241,0.0010463595390319824,0.001625208416953683,0.0014260498574003577,-0.032133799046278,0.0,0.0,0.509001612663269,-0.002176967216655612,-0.1454412341117859,0.494729220867157,-0.015280411578714848,-0.0020019772928208113,0.6447923183441162,-0.08219578117132187,-1.0604171752929688,-46.535179138183594,-0.10082051903009415,0.4782952070236206,-0.0038919150829315186,-0.1337900459766388,0.10385306924581528,-0.31974855065345764,0.25523367524147034,12.327898025512695,10.642648696899414,11.150077819824219,12.441457748413086,-0.04139648377895355,0.012265625409781933,0.027597656473517418,-0.039863280951976776,0.0,-0.04458023980259895,0.018833784386515617,0.023190325126051903,-0.03949740156531334,0.0,-0.18207179009914398,-0.2047298550605774,-10.234041213989258,-0.014944687485694885,-0.19280311465263367,-8.460941314697266,0.0,0.0,0.0,0.0,0.0,0.0,0.0,0.0,0.0,0.0,0.0,0.0,-0.0447215735912323,0.0196703989058733,0.02253447100520134,-0.04059341549873352,0.2870703637599945,0.2539949119091034,0.2640147805213928,0.28927871584892273,-1.135539174079895,-0.9716478586196899,-0.6540323495864868,0.0,0.0,0.0,0.0,0.0,0.0,0.0
36007573738,0,-0.008035213686525822,-0.016948869451880455,-0.8454921245574951,6.569455581484362e-05,-0.04113857448101044,-0.8442511558532715,0.024895163252949715,-0.018660610541701317,-0.004763992503285408,0.016201898455619812,-0.048379652202129364,0.0012409687042236328,0.0010457556927576661,-0.003841612720862031,-0.018020322546362877,0.0,0.0,0.509001612663269,-0.002176967216655612,-0.1454412341117859,0.494729220867157,-0.015280411578714848,-0.0020019772928208113,0.6447923183441162,-0.08219578117132187,-1.0604171752929688,-46.535179138183594,-0.10082051903009415,0.4782952070236206,-0.0038919150829315186,-0.1337900459766388,0.10385306924581528,-0.31974855065345764,0.25523367524147034,12.327898025512695,10.642648696899414,11.150077819824219,12.441457748413086,-0.04292968660593033,0.012265625409781933,0.027597656473517418,-0.04139648377895355,0.0,-0.04458023980259895,0.018833784386515617,0.023190325126051903,-0.03949740156531334,0.0,0.2581867575645447,0.12227881699800491,-9.908726692199707,-0.03646185249090195,-0.20391881465911865,-8.441190719604492,0.0,0.0,0.0,0.0,0.0,0.0,0.0,0.0,0.0,0.0,0.0,0.0,-0.0444197952747345,0.01970570720732212,0.022426050156354904,-0.0405387245118618,0.2870703637599945,0.2539949119091034,0.2640147805213928,0.28927871584892273,-1.135539174079895,-0.9716478586196899,-0.6540323495864868,0.0,0.0,0.0,0.0,0.0,0.0,0.0
36017050016,0,-0.008035213686525822,-0.016948869451880455,-0.8454921245574951,6.569455581484362e-05,-0.04113857448101044,-0.8442511558532715,0.024895163252949715,-0.018660610541701317,-0.004763992503285408,0.016201898455619812,-0.048379652202129364,0.0012409687042236328,0.0010457556927576661,-0.003841612720862031,-0.018020322546362877,0.0,0.0,0.509001612663269,-0.025702035054564476,-0.17293521761894226,0.4986417889595032,-0.005054413340985775,0.031246021389961243,0.6312522888183594,-0.160795196890831,-1.1129539012908936,-46.60283660888672,-0.07086460292339325,0.5375131964683533,-0.016753241419792175,-0.1338232159614563,0.10322150588035583,-0.3227390944957733,0.25075918436050415,12.805235862731934,10.292601585388184,11.349950790405273,12.18142032623291,-0.04292968660593033,0.012265625409781933,0.027597656473517418,-0.04292968660593033,0.0,-0.04654451832175255,0.01857546530663967,0.02686486579477787,-0.03958691284060478,0.0,0.2467225044965744,-0.022948721423745155,-10.142565727233887,-0.03646185249090195,-0.20391881465911865,-8.441190719604492,0.0,0.0,0.0,0.0,0.0,0.0,0.0,0.0,0.0,0.0,0.0,0.0,-0.04439159855246544,0.0195502620190382,0.022683268412947655,-0.04032380133867264,0.2963353991508484,0.24705174565315247,0.2679469585418701,0.2842182219028473,-1.1709283590316772,-1.0592883825302124,-0.07248542457818985,0.0,0.0,0.0,0.0,0.0,0.0,0.0
36026697899,0,-0.007793819531798363,-0.016595544293522835,-0.845591127872467,6.569455581484362e-05,-0.04113857448101044,-0.8442511558532715,0.023857848718762398,-0.01706616021692753,-0.01068431232124567,0.015719106420874596,-0.0490863062441349,0.0013399720191955566,0.000848333933390677,-0.005261116661131382,-0.013290694914758205,0.0,0.0,0.509001612663269,-0.03776710480451584,-0.16856993734836578,0.5007922053337097,-0.0023463242687284946,0.042301103472709656,0.6256066560745239,-0.2005401849746704,-1.1215534210205078,-46.42654800415039,-0.0542190782725811,0.5386328101158142,-0.021342456340789795,-0.13384929299354553,0.1027366891503334,-0.32429438829421997,0.24890659749507904,12.902007102966309,10.158275604248047,11.393771171569824,11.998159408569336,-0.044462889432907104,0.012265625409781933,0.024531250819563866,-0.044462889432907104,0.0,-0.04752359911799431,0.01773415505886078,0.0282597579061985,-0.039275750517845154,0.0,-0.006255447864532471,0.11835438758134842,-10.308895111083984,-0.035500477999448776,-0.20844897627830505,-8.395150184631348,0.0,0.0,0.0,0.0,0.0,0.0,0.0,0.0,0.0,0.0,0.0,0.0,-0.044729553163051605,0.019267041236162186,0.02347622439265251,-0.04006363824009895,0.2982082962989807,0.24438044428825378,0.2688082158565521,0.28064391016960144,-1.309683084487915,-0.34673982858657837,-0.01040122751146555,0.0,0.0,0.0,0.0,0.0,0.0,0.0
36038157730,0,-0.007793819531798363,-0.016595544293522835,-0.845591127872467,6.569455581484362e-05,-0.04113857448101044,-0.8442511558532715,0.023857848718762398,-0.01706616021692753,-0.01068431232124567,0.014187509194016457,-0.04981286823749542,0.0015701651573181152,0.000848333933390677,-0.005261116661131382,-0.013290694914758205,0.0,0.0,0.509001612663269,-0.03776710480451584,-0.16856993734836578,0.5007922053337097,-0.0023463242687284946,0.042301103472709656,0.6256066560745239,-0.2005401849746704,-1.1215534210205078,-46.42654800415039,-0.0542190782725811,0.5386328101158142,-0.021342456340789795,-0.13384929299354553,0.1027366891503334,-0.32429438829421997,0.24890659749507904,12.902007102966309,10.158275604248047,11.393771171569824,11.998159408569336,-0.04292968660593033,0.012265625409781933,0.024531250819563866,-0.044462889432907104,0.0,-0.04752359911799431,0.01773415505886078,0.0282597579061985,-0.039275750517845154,0.0,0.10051807016134262,0.12450303882360458,-9.977295875549316,-0.03685770556330681,-0.21078038215637207,-8.34874439239502,0.0,0.0,0.0,0.0,0.0,0.0,0.0,0.0,0.0,0.0,0.0,0.0,-0.04536617174744606,0.018883701413869858,0.02468455210328102,-0.03980465233325958,0.2982082962989807,0.24438044428825378,0.2688082158565521,0.28064391016960144,-1.309683084487915,-0.34673982858657837,-0.01040122751146555,0.0,0.0,0.0,0.0,0.0,0.0,0.0
36046753201,0,-0.007028024643659592,-0.016232265159487724,-0.8458213210105896,6.569455581484362e-05,-0.04113857448101044,-0.8442511558532715,0.02280350588262081,-0.01661541499197483,-0.017284488305449486,0.014187509194016457,-0.04981286823749542,0.0015701651573181152,-0.0008497672388330102,-0.007852918468415737,-0.004431933630257845,0.0,0.0,0.509001612663269,-0.07862985879182816,-0.16448181867599487,0.4901215434074402,0.013119492679834366,0.061409272253513336,0.6150372624397278,-0.2027173787355423,-1.1592921018600464,-45.918094635009766,0.001872047781944275,0.5589866638183594,-0.021788746118545532,-0.1339535266160965,0.10092899203300476,-0.3280077576637268,0.2446473240852356,12.722456932067871,10.298584938049316,10.911096572875977,12.01365852355957,-0.04292968660593033,0.012265625409781933,0.026064453646540642,-0.044462889432907104,0.0,-0.04931429773569107,0.018702546134591103,0.03079383447766304,-0.040281884372234344,0.0,0.10051807016134262,0.12450303882360458,-9.977295875549316,-0.03685770556330681,-0.21078038215637207,-8.34874439239502,0.0,0.0,0.0,0.0,0.0,0.0,0.0,0.0,0.0,0.0,0.0,0.0,-0.046159982681274414,0.018527721986174583,0.026055442169308662,-0.0396260991692543,0.2982082962989807,0.24438044428825378,0.2688082158565521,0.28064391016960144,-1.3935885429382324,-0.06877369433641434,-0.5506530404090881,0.0,0.0,0.0,0.0,0.0,0.0,0.0
36056610887,0,-0.006162574049085379,-0.016646908596158028,-0.8459678888320923,6.569455581484362e-05,-0.04113857448101044,-0.8442511558532715,0.02090919017791748,-0.016625937074422836,-0.01939341239631176,0.012456599622964859,-0.04898357763886452,0.0017167329788208008,-0.0019164588302373886,-0.009405327960848808,-0.00029843219090253115,0.0,0.0,0.509001612663269,-0.07862985879182816,-0.16448181867599487,0.4901215434074402,0.02286430262029171,0.08168195933103561,0.6075922250747681,-0.2027173787355423,-1.1592921018600464,-45.918094635009766,0.015471450984477997,0.5678002834320068,-0.013172775506973267,-0.1340150088071823,0.10092899203300476,-0.3280077576637268,0.2446473240852356,12.722456932067871,10.298584938049316,10.911096572875977,12.01365852355957,-0.04292968660593033,0.013798828236758709,0.027597656473517418,-0.04292968660593033,0.0,-0.0493195541203022,0.018696056678891182,0.03078770823776722,-0.040287457406520844,0.0,0.10051807016134262,0.12450303882360458,-9.977295875549316,-0.03671222925186157,-0.2091081738471985,-8.335177421569824,0.0,0.0,0.0,0.0,0.0,0.0,0.0,0.0,0.0,0.0,0.0,0.0,-0.047050073742866516,0.018339931964874268,0.027486838400363922,-0.039613135159015656,0.2947319447994232,0.2471705973148346,0.25930240750312805,0.2809462547302246,-1.3935885429382324,-0.06877369433641434,-0.5506530404090881,0.0,0.0,0.0,0.0,0.0,0.0,0.0
36066948951,0,-0.006162574049085379,-0.016646908596158028,-0.8459678888320923,6.569455581484362e-05,-0.04113857448101044,-0.8442511558532715,0.02090919017791748,-0.016625937074422836,-0.01939341239631176,0.012456599622964859,-0.04898357763886452,0.0017167329788208008,-0.0019164588302373886,-0.009405327960848808,-0.00029843219090253115,0.0,0.0,0.509001612663269,-0.07862985879182816,-0.16448181867599487,0.4901215434074402,0.041645850986242294,0.09803814440965652,0.5967334508895874,-0.2027173787355423,-1.1592921018600464,-45.918094635009766,0.015471450984477997,0.5678002834320068,-0.013172775506973267,-0.1340150088071823,0.09985394775867462,-0.32979530096054077,0.2426837682723999,12.722456932067871,10.298584938049316,10.911096572875977,12.01365852355957,-0.04292968660593033,0.012265625409781933,0.026064453646540642,-0.04292968660593033,0.0,-0.0493195541203022,0.018696056678891182,0.03078770823776722,-0.040287457406520844,0.0,0.024529606103897095,0.36033087968826294,-10.03104019165039,-0.03671222925186157,-0.2091081738471985,-8.335177421569824,0.0,0.0,0.0,0.0,0.0,0.0,0.0,0.0,0.0,0.0,0.0,0.0,-0.04790636897087097,0.018313590437173843,0.028800200670957565,-0.03973092883825302,0.2947319447994232,0.2471705973148346,0.25930240750312805,0.2809462547302246,-1.3935885429382324,-0.06877369433641434,-0.5506530404090881,0.0,0.0,0.0,0.0,0.0,0.0,0.0
36076991146,0,-0.004329903982579708,-0.017493272200226784,-0.8463177680969238,6.569455581484362e-05,-0.04113857448101044,-0.8442511558532715,0.022572247311472893,-0.031241565942764282,-0.021578552201390266,0.008791240863502026,-0.04729084298014641,0.0020666122436523438,-0.004175765439867973,-0.012214920483529568,0.008496277965605259,0.0,0.0,0.509001612663269,-0.10144621133804321,-0.1442418396472931,0.49033984541893005,0.041645850986242294,0.09803814440965652,0.5967334508895874,-0.2612552344799042,-0.9702219367027283,-45.76988983154297,0.06731608510017395,0.5714383721351624,-0.025024354457855225,-0.1341816782951355,0.09671303629875183,-0.33416682481765747,0.2379741221666336,13.067052841186523,10.03956413269043,11.084490776062012,11.606390953063965,-0.044462889432907104,0.010732421651482582,0.024531250819563866,-0.04292968660593033,0.0,-0.04449621960520744,0.010439681820571423,0.02612444758415222,-0.03416948765516281,0.0,-0.10343037545681,0.41895219683647156,-9.950299263000488,-0.04750095307826996,-0.1764039844274521,-8.321798324584961,0.0,0.0,0.0,0.0,0.0,0.0,0.0,0.0,0.0,0.0,0.0,0.0,-0.048365768045186996,0.01799033023416996,0.029597751796245575,-0.03960932046175003,0.30139851570129395,0.24201659858226776,0.26272276043891907,0.27298012375831604,-1.2419401407241821,0.8764156699180603,-0.08536139130592346,0.0,0.0,0.0,0.0,0.0,0.0,0.0
36086854146,0,-0.004329903982579708,-0.017493272200226784,-0.8463177680969238,6.569455581484362e-05,-0.04113857448101044,-0.8442511558532715,0.022572247311472893,-0.031241565942764282,-0.021578552201390266,0.008791240863502026,-0.04729084298014641,0.0020666122436523438,-0.004175765439867973,-0.012214920483529568,0.008496277965605259,0.0,0.0,0.509001612663269,-0.10144621133804321,-0.1442418396472931,0.49033984541893005,0.05250360071659088,0.1022457554936409,0.6003486514091492,-0.2612552344799042,-0.9702219367027283,-45.76988983154297,0.06731608510017395,0.5714383721351624,-0.025024354457855225,-0.1341816782951355,0.09671303629875183,-0.33416682481765747,0.2379741221666336,13.067052841186523,10.03956413269043,11.084490776062012,11.606390953063965,-0.044462889432907104,0.009199218824505806,0.024531250819563866,-0.04292968660593033,0.0,-0.04449621960520744,0.010439681820571423,0.02612444758415222,-0.03416948765516281,0.0,-0.05154859647154808,0.09903421998023987,-9.937803268432617,-0.04750095307826996,-0.1764039844274521,-8.321798324584961,0.0,0.0,0.0,0.0,0.0,0.0,0.0,0.0,0.0,0.0,0.0,0.0,-0.04810017719864845,0.016818927600979805,0.029564201831817627,-0.03882794827222824,0.30139851570129395,0.24201659858226776,0.26272276043891907,0.27298012375831604,-1.2419401407241821,0.8764156699180603,-0.08536139130592346,0.0,0.0,0.0,0.0,0.0,0.0,0.0
36097503990,0,-0.0014452992472797632,-0.019202012568712234,-0.8469617962837219,6.569455581484362e-05,-0.04113857448101044,-0.8442511558532715,0.030629798769950867,-0.03254038468003273,-0.02727023884654045,0.0030220027547329664,-0.043873343616724014,0.0027106404304504395,-0.006583783775568008,-0.015360163524746895,0.02157202921807766,0.0,0.0,0.5190266966819763,-0.10242513567209244,-0.11070656776428223,0.47815993428230286,0.06414958089590073,0.11634217947721481,0.593008279800415,-0.4129055440425873,-0.9143390655517578,-45.544212341308594,0.08665464073419571,0.5632083415985107,-0.00867415964603424,-0.13447821140289307,0.09321172535419464,-0.3379500210285187,0.23358690738677979,12.618206024169922,10.434613227844238,10.602829933166504,11.91554069519043,-0.044462889432907104,0.009199218824505806,0.026064453646540642,-0.04139648377895355,0.0,-0.0487920381128788,0.002981579164043069,0.030475815758109093,-0.027149014174938202,0.0,-0.05154859647154808,0.09903421998023987,-9.937803268432617,-0.0750737339258194,-0.16624346375465393,-8.280765533447266,0.0,0.0,0.0,0.0,0.0,0.0,0.0,0.0,0.0,0.0,0.0,0.0,-0.04750270023941994,0.014721615239977837,0.029113711789250374,-0.03726017847657204,0.30139851570129395,0.24201659858226776,0.26272276043891907,0.27298012375831604,-0.23260658979415894,0.8921985626220703,-0.33175116777420044,0.0,0.0,0.0,0.0,0.0,0.0,0.0
36106736035,0,-0.0014452992472797632,-0.019202012568712234,-0.8469617962837219,6.569455581484362e-05,-0.04113857448101044,-0.8442511558532715,0.030629798769950867,-0.03254038468003273,-0.02727023884654045,-0.0011812663869932294,-0.04113560914993286,0.0031772851943969727,-0.006583783775568008,-0.015360163524746895,0.02157202921807766,0.0,0.0,0.5190266966819763,-0.10242513567209244,-0.11070656776428223,0.47815993428230286,0.06414958089590073,0.11634217947721481,0.593008279800415,-0.4129055440425873,-0.9143390655517578,-45.544212341308594,0.08665464073419571,0.5632083415985107,-0.00867415964603424,-0.13447821140289307,0.09119965881109238,-0.3399580717086792,0.23110222816467285,12.618206024169922,10.434613227844238,10.602829933166504,11.91554069519043,-0.044462889432907104,0.010732421651482582,0.029130859300494194,-0.039863280951976776,0.0,-0.0487920381128788,0.002981579164043069,0.030475815758109093,-0.027149014174938202,0.0,-0.05154859647154808,0.09903421998023987,-9.937803268432617,-0.09104441106319427,-0.1646261364221573,-8.297867774963379,0.0,0.0,0.0,0.0,0.0,0.0,0.0,0.0,0.0,0.0,0.0,0.0,-0.04724859446287155,0.011867828667163849,0.028942761942744255,-0.03494721278548241,0.29271063208580017,0.2498716562986374,0.2532064914703369,0.2790302336215973,-0.23260658979415894,0.8921985626220703,-0.33175116777420044,0.0,0.0,0.0,0.0,0.0,0.0,0.0
36117375233,0,0.0017289172392338514,-0.02127907983958721,-0.8476665019989014,6.569455581484362e-05,-0.04113857448101044,-0.8442511558532715,0.03642910346388817,-0.02915947325527668,-0.021954016759991646,-0.0033264621160924435,-0.03971918672323227,0.003415346145629883,-0.010284479707479477,-0.01760631985962391,0.03444288298487663,0.0,0.0,0.5190266966819763,-0.10266778618097305,-0.10618621855974197,0.4718697965145111,0.09491483867168427,0.1314011812210083,0.5806686878204346,-0.4129055440425873,-0.9143390655517578,-45.544212341308594,0.08665464073419571,0.5632083415985107,-0.00867415964603424,-0.13447821140289307,0.09119965881109238,-0.3399580717086792,0.23110222816467285,12.618206024169922,10.434613227844238,10.602829933166504,11.91554069519043,-0.04292968660593033,0.012265625409781933,0.03066406212747097,-0.038330078125,0.0,-0.0487920381128788,0.002981579164043069,0.030475815758109093,-0.027149014174938202,0.0,-0.22867617011070251,-0.2877887785434723,-9.873164176940918,-0.09969088435173035,-0.16330720484256744,-8.321227073669434,0.0,0.0,0.0,0.0,0.0,0.0,0.0,0.0,0.0,0.0,0.0,0.0,-0.04740843176841736,0.00882454589009285,0.02914157509803772,-0.03237069025635719,0.29271063208580017,0.2498716562986374,0.2532064914703369,0.2790302336215973,-0.1666884571313858,0.7031113505363464,-0.41437220573425293,0.0,0.0,0.0,0.0,0.0,0.0,0.0
36127052698,0,0.0017289172392338514,-0.02127907983958721,-0.8476665019989014,6.569455581484362e-05,-0.04113857448101044,-0.8442511558532715,0.03642910346388817,-0.02915947325527668,-0.021954016759991646,-0.0033264621160924435,-0.03971918672323227,0.003415346145629883,-0.010284479707479477,-0.01760631985962391,0.03444288298487663,0.0,0.0,0.5190266966819763,-0.10942691564559937,-0.07727133482694626,0.47760874032974243,0.09491483867168427,0.1314011812210083,0.5806686878204346,-0.5007442831993103,-0.9054437279701233,-45.63827133178711,0.11862310022115707,0.5602656602859497,-0.008636653423309326,-0.13467475771903992,0.0871790274977684,-0.3437715470790863,0.22625544667243958,12.687097549438477,10.511564254760742,10.579582214355469,11.887115478515625,-0.04139648377895355,0.012265625409781933,0.03066406212747097,-0.036796875298023224,0.0,-0.05074639245867729,-0.00031419782317243516,0.033162105828523636,-0.02435385435819626,0.0,-0.012684333138167858,-0.1233929693698883,-9.658365249633789,-0.09969088435173035,-0.16330720484256744,-8.321227073669434,0.0,0.0,0.0,0.0,0.0,0.0,0.0,0.0,0.0,0.0,0.0,0.0,-0.047832511365413666,0.006097595673054457,0.029609479010105133,-0.03001103736460209,0.29404640197753906,0.2513980269432068,0.25274601578712463,0.2784748673439026,-0.19652487337589264,1.2367101907730103,0.28481441736221313,0.0,0.0,0.0,0.0,0.0,0.0,0.0
36136896850,0,0.0017289172392338514,-0.02127907983958721,-0.8476665019989014,6.569455581484362e-05,-0.04113857448101044,-0.8442511558532715,0.03642910346388817,-0.02915947325527668,-0.021954016759991646,-0.0033264621160924435,-0.03971918672323227,0.003415346145629883,-0.010284479707479477,-0.01760631985962391,0.03444288298487663,0.0,0.0,0.5190266966819763,-0.10942691564559937,-0.07727133482694626,0.47760874032974243,0.09491483867168427,0.1314011812210083,0.5806686878204346,-0.5898101329803467,-0.8793658018112183,-45.79853439331055,0.1365426778793335,0.5467311143875122,-0.020450055599212646,-0.13477885723114014,0.08478807657957077,-0.3457370102405548,0.22372578084468842,13.031122207641602,10.303115844726562,10.907231330871582,11.584003448486328,-0.04292968660593033,0.010732421651482582,0.029130859300494194,-0.038330078125,0.0,-0.05112538859248161,-0.004282735288143158,0.03419804573059082,-0.02148577570915222,0.0,-0.012684333138167858,-0.1233929693698883,-9.658365249633789,-0.09969088435173035,-0.16330720484256744,-8.321227073669434,0.0,0.0,0.0,0.0,0.0,0.0,0.0,0.0,0.0,0.0,0.0,0.0,-0.04850608855485916,0.003542262129485607,0.03041902370750904,-0.027803262695670128,0.30070433020591736,0.24726077914237976,0.2592262029647827,0.2725413739681244,-0.19652487337589264,1.2367101907730103,0.28481441736221313,0.0,0.0,0.0,0.0,0.0,0.0,0.0
36146896800,0,0.0038042827509343624,-0.022781159728765488,-0.8481264114379883,6.569455581484362e-05,-0.04113857448101044,-0.8442511558532715,0.04091506451368332,-0.030237406492233276,-0.022134315222501755,-0.007477213628590107,-0.03671501204371452,0.003875255584716797,-0.012399126775562763,-0.018593797460198402,0.043864570558071136,0.0,0.0,0.5190266966819763,-0.10793258994817734,-0.06487622112035751,0.4817225933074951,0.11957542598247528,0.13816718757152557,0.5675651431083679,-0.5898101329803467,-0.8793658018112183,-45.79853439331055,0.13747328519821167,0.5371308326721191,-0.02521646022796631,-0.13487306237220764,0.08478807657957077,-0.3457370102405548,0.22372578084468842,13.13815689086914,10.199263572692871,11.039619445800781,11.44887924194336,-0.044462889432907104,0.0076660155318677425,0.027597656473517418,-0.039863280951976776,0.0,-0.05071631073951721,-0.0043363808654248714,0.03377850353717804,-0.021748345345258713,0.0,-0.012684333138167858,-0.1233929693698883,-9.658365249633789,-0.11676335334777832,-0.1537795215845108,-8.313834190368652,0.0,0.0,0.0,0.0,0.0,0.0,0.0,0.0,0.0,0.0,0.0,0.0,-0.04928434267640114,0.0010221940465271473,0.03144735470414162,-0.025696123018860817,0.30070433020591736,0.24726077914237976,0.2592262029647827,0.2725413739681244,-0.0037316372618079185,1.289239764213562,0.42113131284713745,0.0,0.0,0.0,0.0,0.0,0.0,0.0
36156842654,0,0.004739425610750914,-0.02350999228656292,-0.8483495712280273,6.569455581484362e-05,-0.04113857448101044,-0.8442511558532715,0.03950246423482895,-0.027923857793211937,-0.02552669495344162,-0.009347508661448956,-0.03525733947753906,0.004098415374755859,-0.013310045003890991,-0.01898922026157379,0.04842375963926315,0.0,0.0,0.5190266966819763,-0.10044702142477036,-0.0478510707616806,0.4862610101699829,0.12696532905101776,0.1398731768131256,0.562179684638977,-0.6472638249397278,-0.8533366322517395,-45.57261657714844,0.14355584979057312,0.5220704078674316,-0.032214775681495667,-0.13499373197555542,0.08013555407524109,-0.349114328622818,0.21941880881786346,13.242450714111328,10.000053405761719,11.172043800354004,11.184473037719727,-0.044462889432907104,0.004599609412252903,0.027597656473517418,-0.036796875298023224,0.0,-0.05116652697324753,-0.007387485355138779,0.03436127305030823,-0.019634731113910675,0.0,-0.036681316792964935,0.15331260859966278,-9.62785816192627,-0.11768433451652527,-0.1551521122455597,-8.285930633544922,0.0,0.0,0.0,0.0,0.0,0.0,0.0,0.0,0.0,0.0,0.0,0.0,-0.049970973283052444,-0.0013442870695143938,0.03242949768900871,-0.023821713402867317,0.304782897233963,0.2412290871143341,0.26444751024246216,0.264692097902298,0.3720938265323639,1.4768167734146118,0.4728708267211914,0.0,0.0,0.0,0.0,0.0,0.0,0.0
36167053145,0,0.004739425610750914,-0.02350999228656292,-0.8483495712280273,6.569455581484362e-05,-0.04113857448101044,-0.8442511558532715,0.03950246423482895,-0.027923857793211937,-0.02552669495344162,-0.009347508661448956,-0.03525733947753906,0.004098415374755859,-0.013310045003890991,-0.01898922026157379,0.04842375963926315,0.0,0.0,0.5190266966819763,-0.10044702142477036,-0.0478510707616806,0.4862610101699829,0.13581912219524384,0.13788697123527527,0.551491916179657,-0.6472638249397278,-0.8533366322517395,-45.57261657714844,0.14355584979057312,0.5220704078674316,-0.032214775681495667,-0.13499373197555542,0.08013555407524109,-0.349114328622818,0.21941880881786346,13.242450714111328,10.000053405761719,11.172043800354004,11.184473037719727,-0.04292968660593033,0.003066406352445483,0.029130859300494194,-0.03526367247104645,0.0,-0.05116652697324753,-0.007387485355138779,0.03436127305030823,-0.019634731113910675,0.0,-0.036681316792964935,0.15331260859966278,-9.62785816192627,-0.11768433451652527,-0.1551521122455597,-8.285930633544922,0.0,0.0,0.0,0.0,0.0,0.0,0.0,0.0,0.0,0.0,0.0,0.0,-0.05050851032137871,-0.003482532687485218,0.033242110162973404,-0.022224746644496918,0.304782897233963,0.2412290871143341,0.26444751024246216,0.264692097902298,0.3720938265323639,1.4768167734146118,0.4728708267211914,0.0,0.0,0.0,0.0,0.0,0.0,0.0
36177022543,0,0.006527786608785391,-0.024988451972603798,-0.8487934470176697,6.569455581484362e-05,-0.04113857448101044,-0.8442511558532715,0.04202520102262497,-0.037660226225852966,-0.027440983802080154,-0.012924248352646828,-0.03230040520429611,0.004542291164398193,-0.015632910653948784,-0.018692772835493088,0.05687194690108299,0.0,0.0,0.5190266966819763,-0.0629602000117302,0.026137016713619232,0.4762357473373413,0.13581912219524384,0.13788697123527527,0.551491916179657,-0.7054515480995178,-0.6666926145553589,-45.50503921508789,0.14283588528633118,0.46510833501815796,-0.02503855526447296,-0.13525517284870148,0.07549316436052322,-0.35185518860816956,0.2152957320213318,12.8864107131958,10.257888793945312,11.164586067199707,11.22236442565918,-0.044462889432907104,0.0,0.03066406212747097,-0.03373046964406967,0.0,-0.0490746833384037,-0.015668567270040512,0.030288757756352425,-0.011879521422088146,0.0,0.11888600140810013,0.3499273955821991,-9.887115478515625,-0.12852217257022858,-0.12849554419517517,-8.268592834472656,0.0,0.0,0.0,0.0,0.0,0.0,0.0,0.0,0.0,0.0,0.0,0.0,-0.05079779401421547,-0.005636738613247871,0.0336604081094265,-0.02060364931821823,0.29913175106048584,0.24605298042297363,0.26218897104263306,0.2660442888736725,1.3051609992980957,2.4636778831481934,-0.12598508596420288,0.0,0.0,0.0,0.0,0.0,0.0,0.0
36187273318,0,0.009158778004348278,-0.02723885327577591,-0.849449634552002,6.569455581484362e-05,-0.04113857448101044,-0.8442511558532715,0.04735082387924194,-0.04845421016216278,-0.020747432485222816,-0.018186258152127266,-0.027799582108855247,0.005198478698730469,-0.016894100233912468,-0.01714012771844864,0.06984755396842957,0.0,0.0,0.5190266966819763,-0.0629602000117302,0.026137016713619232,0.4762357473373413,0.13581912219524384,0.13788697123527527,0.551491916179657,-0.7054515480995178,-0.6666926145553589,-45.50503921508789,0.12259546667337418,0.4292351305484772,-0.02562958002090454,-0.13541187345981598,0.07316435128450394,-0.3528725206851959,0.2130456566810608,12.8864107131958,10.257888793945312,11.164586067199707,11.22236442565918,-0.044462889432907104,0.0,0.03066406212747097,-0.032197266817092896,0.0,-0.04908791556954384,-0.015685174614191055,0.030273495241999626,-0.011894697323441505,0.0,0.11888600140810013,0.3499273955821991,-9.887115478515625,-0.1477462649345398,-0.09492470324039459,-8.314151763916016,0.0,0.0,0.0,0.0,0.0,0.0,0.0,0.0,0.0,0.0,0.0,0.0,-0.05071921646595001,-0.00816609337925911,0.03343113511800766,-0.018554996699094772,0.2979066073894501,0.24636176228523254,0.264300674200058,0.265438050031662,1.3051609992980957,2.4636778831481934,-0.12598508596420288,0.0,0.0,0.0,0.0,0.0,0.0,0.0
36196989465,0,0.009158778004348278,-0.02723885327577591,-0.849449634552002,6.569455581484362e-05,-0.04113857448101044,-0.8442511558532715,0.04735082387924194,-0.04845421016216278,-0.020747432485222816,-0.019548449665308,-0.026284439489245415,0.005411207675933838,-0.016894100233912468,-0.01714012771844864,0.06984755396842957,0.0,0.0,0.5190266966819763,-0.0412830226123333,0.04651375487446785,0.47829893231391907,0.1459791660308838,0.12366564571857452,0.5384243130683899,-0.7498578429222107,-0.5778036117553711,-45.62120819091797,0.12259546667337418,0.4292351305484772,-0.02562958002090454,-0.13541187345981598,0.07316435128450394,-0.3528725206851959,0.2130456566810608,12.972919464111328,10.158524513244629,11.38183879852295,11.132588386535645,-0.04599609225988388,0.0,0.032197266817092896,-0.032197266817092896,0.0,-0.04754661023616791,-0.020478537306189537,0.028313124552369118,-0.007757164537906647,0.0,0.15167050063610077,-0.21484504640102386,-9.554983139038086,-0.15177221596240997,-0.09068894386291504,-8.327496528625488,0.0,0.0,0.0,0.0,0.0,0.0,0.0,0.0,0.0,0.0,0.0,0.0,-0.05030783638358116,-0.011017896234989166,0.032645970582962036,-0.016126863658428192,0.2979066073894501,0.24636176228523254,0.264300674200058,0.265438050031662,1.663139820098877,2.210390090942383,0.03576673939824104,0.0,0.0,0.0,0.0,0.0,0.0,0.0
36206944089,0,0.009839870035648346,-0.027996420860290527,-0.8496623635292053,6.569455581484362e-05,-0.04113857448101044,-0.8442511558532715,0.04816434159874916,-0.04856342077255249,-0.01860607974231243,-0.019548449665308,-0.026284439489245415,0.005411207675933838,-0.016529230400919914,-0.01658882573246956,0.07427586615085602,0.0,0.0,0.5190266966819763,-0.022067943587899208,0.062398917973041534,0.47711727023124695,0.14259198307991028,0.119687020778656,0.5331248641014099,-0.8126044273376465,-0.5220858454704285,-45.72783660888672,0.07706886529922485,0.3907523453235626,-0.030778363347053528,-0.13573281466960907,0.07316435128450394,-0.3528725206851959,0.2130456566810608,12.943120956420898,10.171394348144531,11.47647762298584,11.160565376281738,-0.04752929508686066,0.0,0.032197266817092896,-0.032197266817092896,0.0,-0.047875359654426575,-0.02460574172437191,0.028265804052352905,-0.004016100894659758,0.0,0.04334699362516403,0.05965214967727661,-9.556004524230957,-0.15177221596240997,-0.09068894386291504,-8.327496528625488,0.0,0.0,0.0,0.0,0.0,0.0,0.0,0.0,0.0,0.0,0.0,0.0,-0.04968225955963135,-0.01413546223193407,0.03154854103922844,-0.013406531885266304,0.2979066073894501,0.24636176228523254,0.264300674200058,0.265438050031662,1.820359706878662,2.055415153503418,-0.05096660554409027,0.0,0.0,0.0,0.0,0.0,0.0,0.0
36216817368,0,0.009839870035648346,-0.027996420860290527,-0.8496623635292053,6.569455581484362e-05,-0.04113857448101044,-0.8442511558532715,0.04816434159874916,-0.04856342077255249,-0.01860607974231243,-0.019548449665308,-0.026284439489245415,0.005411207675933838,-0.016529230400919914,-0.01658882573246956,0.07427586615085602,0.0,0.0,0.5190266966819763,-0.022067943587899208,0.062398917973041534,0.47711727023124695,0.14259198307991028,0.119687020778656,0.5331248641014099,-0.8126044273376465,-0.5220858454704285,-45.72783660888672,0.07706886529922485,0.3907523453235626,-0.030778363347053528,-0.13573281466960907,0.06938746571540833,-0.3540183901786804,0.2090265452861786,12.943120956420898,10.171394348144531,11.47647762298584,11.160565376281738,-0.04906250163912773,-0.0015332031762227416,0.032197266817092896,-0.03066406212747097,0.0,-0.047875359654426575,-0.02460574172437191,0.028265804052352905,-0.004016100894659758,0.0,-0.22248850762844086,-0.30864861607551575,-9.651813507080078,-0.15177221596240997,-0.09068894386291504,-8.327496528625488,0.0,0.0,0.0,0.0,0.0,0.0,0.0,0.0,0.0,0.0,0.0,0.0,-0.0490260049700737,-0.01741037517786026,0.030405240133404732,-0.010508431121706963,0.29900357127189636,0.24464167654514313,0.27043211460113525,0.2642213702201843,1.820359706878662,2.055415153503418,-0.05096660554409027,0.0,0.0,0.0,0.0,0.0,0.0,0.0
36226975925,0,0.011226169764995575,-0.02946637012064457,-0.8500534892082214,6.569455581484362e-05,-0.04113857448101044,-0.8442511558532715,0.05269155278801918,-0.044408995658159256,-0.017646264284849167,-0.0223210621625185,-0.023344526067376137,0.005802333354949951,-0.015956299379467964,-0.01437193714082241,0.08292145282030106,0.0,0.0,0.5215329527854919,0.0256637092679739,0.10172642767429352,0.47206175327301025,0.13636645674705505,0.10270465165376663,0.5257658362388611,-0.8804404735565186,-0.4870780408382416,-45.81589126586914,0.022850021719932556,0.3335931897163391,-0.026375696063041687,-0.13610057532787323,0.06664665043354034,-0.35430023074150085,0.2051233947277069,12.686361312866211,10.30601978302002,11.558345794677734,11.2889404296875,-0.04906250163912773,-0.004599609412252903,0.032197266817092896,-0.027597656473517418,0.0,-0.04979262501001358,-0.02785237692296505,0.029035517945885658,-0.0007849073735997081,0.0,-0.22248850762844086,-0.30864861607551575,-9.651813507080078,-0.16630084812641144,-0.09066542983055115,-8.328547477722168,0.0,0.0,0.0,0.0,0.0,0.0,0.0,0.0,0.0,0.0,0.0,0.0,-0.048579372465610504,-0.020498530939221382,0.029483672231435776,-0.007736037019640207,0.29900357127189636,0.24464167654514313,0.27043211460113525,0.2642213702201843,2.120607376098633,2.168525457382202,-0.23690535128116608,0.0,0.0,0.0,0.0,0.0,0.0,0.0
36237729122,0,0.011919939890503883,-0.030193744227290154,-0.8502359986305237,6.569455581484362e-05,-0.04113857448101044,-0.8442511558532715,0.05160871893167496,-0.041143935173749924,-0.01898583583533764,-0.023708609864115715,-0.02188977040350437,0.005984842777252197,-0.015557346865534782,-0.012738490477204323,0.08705827593803406,0.0,0.0,0.5215329527854919,0.04939599707722664,0.1320393830537796,0.4637269377708435,0.13199655711650848,0.09015581011772156,0.520805835723877,-0.9146546721458435,-0.4986598491668701,-45.807010650634766,-0.005917899310588837,0.28492558002471924,-0.01843312382698059,-0.13619089126586914,0.06566344201564789,-0.35382992029190063,0.20289979875087738,12.367406845092773,10.532700538635254,11.476783752441406,11.455106735229492,-0.04752929508686066,-0.009199218824505806,0.032197266817092896,-0.026064453646540642,0.0,-0.05239677429199219,-0.028022117912769318,0.03064478561282158,-8.356118632946163e-05,0.0,-0.17068152129650116,0.15185613930225372,-9.566754341125488,-0.1671031415462494,-0.0936165302991867,-8.316319465637207,0.0,0.0,0.0,0.0,0.0,0.0,0.0,0.0,0.0,0.0,0.0,0.0,-0.04861528053879738,-0.023232365027070045,0.02898646704852581,-0.0052065737545490265,0.29900357127189636,0.24464167654514313,0.27043211460113525,0.2642213702201843,2.2855021953582764,2.702077865600586,-0.5466616153717041,0.0,0.0,0.0,0.0,0.0,0.0,0.0
36246948305,0,0.011919939890503883,-0.030193744227290154,-0.8502359986305237,6.569455581484362e-05,-0.04113857448101044,-0.8442511558532715,0.05160871893167496,-0.041143935173749924,-0.01898583583533764,-0.026215583086013794,-0.019372880458831787,0.006319940090179443,-0.015557346865534782,-0.012738490477204323,0.08705827593803406,0.0,0.0,0.5215329527854919,0.04939599707722664,0.1320393830537796,0.4637269377708435,0.10164569318294525,0.06402865797281265,0.5082117915153503,-0.9146546721458435,-0.4986598491668701,-45.807010650634766,-0.005917899310588837,0.28492558002471924,-0.01843312382698059,-0.13619089126586914,0.06566344201564789,-0.35382992029190063,0.20289979875087738,12.367406845092773,10.532700538635254,11.476783752441406,11.455106735229492,-0.04906250163912773,-0.012265625409781933,0.03373046964406967,-0.024531250819563866,0.0,-0.05239677429199219,-0.028022117912769318,0.03064478561282158,-8.356118632946163e-05,0.0,-0.17068152129650116,0.15185613930225372,-9.566754341125488,-0.1728808581829071,-0.07932669669389725,-8.31816291809082,0.0,0.0,0.0,0.0,0.0,0.0,0.0,0.0,0.0,0.0,0.0,0.0,-0.049210596829652786,-0.025452906265854836,0.02897370047867298,-0.003049571765586734,0.28783899545669556,0.251816987991333,0.2704381048679352,0.2700127065181732,2.2855021953582764,2.702077865600586,-0.5466616153717041,0.0,0.0,0.0,0.0,0.0,0.0,0.0
36257114008,0,0.013173420913517475,-0.03145218268036842,-0.8505710959434509,6.569455581484362e-05,-0.04113857448101044,-0.8442511558532715,0.05265599116683006,-0.044773563742637634,-0.018313661217689514,-0.026215583086013794,-0.019372880458831787,0.006319940090179443,-0.013784847222268581,-0.00958480965346098,0.09536334127187729,0.0,0.0,0.5215329527854919,0.12023501098155975,0.1615445762872696,0.4590713083744049,0.10164569318294525,0.06402865797281265,0.5082117915153503,-0.9508447051048279,-0.43629682064056396,-45.74989700317383,-0.110919289290905,0.22987483441829681,-0.024210110306739807,-0.13662371039390564,0.06501570343971252,-0.3519897162914276,0.1984383761882782,12.254884719848633,10.295511245727539,11.85145378112793,11.374255180358887,-0.04906250163912773,-0.013798828236758709,0.032197266817092896,-0.02299804612994194,0.0,-0.052160605788230896,-0.032099515199661255,0.028854861855506897,0.00293787382543087,0.0,-0.18270008265972137,0.5127933621406555,-9.393763542175293,-0.1728808581829071,-0.07932669669389725,-8.31816291809082,0.0,0.0,0.0,0.0,0.0,0.0,0.0,0.0,0.0,0.0,0.0,0.0,-0.05008041858673096,-0.027207182720303535,0.02919320948421955,-0.001302037970162928,0.28564906120300293,0.24710950255393982,0.2777777910232544,0.2684248089790344,2.868551254272461,1.6713439226150513,-0.26173481345176697,0.0,0.0,0.0,0.0,0.0,0.0,0.0
36267231605,0,0.014944702386856079,-0.033210765570402145,-0.8510120511054993,6.569455581484362e-05,-0.04113857448101044,-0.8442511558532715,0.051205914467573166,-0.05908621847629547,-0.02001611888408661,-0.029758164659142494,-0.015855697914958,0.006760895252227783,-0.008871951140463352,-0.005199955776333809,0.10784594714641571,0.0,0.0,0.5215329527854919,0.12023501098155975,0.1615445762872696,0.4590713083744049,0.0737064927816391,0.0353693850338459,0.49587923288345337,-0.9508447051048279,-0.43629682064056396,-45.74989700317383,-0.110919289290905,0.22987483441829681,-0.024210110306739807,-0.13662371039390564,0.06501570343971252,-0.3519897162914276,0.1984383761882782,12.254884719848633,10.295511245727539,11.85145378112793,11.374255180358887,-0.04906250163912773,-0.015332031063735485,0.032197266817092896,-0.021464843302965164,0.0,-0.052160605788230896,-0.032099515199661255,0.028854861855506897,0.00293787382543087,0.0,-0.12744960188865662,-0.31899428367614746,-9.682619094848633,-0.17277416586875916,-0.04118563234806061,-8.303972244262695,0.0,0.0,0.0,0.0,0.0,0.0,0.0,0.0,0.0,0.0,0.0,0.0,-0.050902947783470154,-0.028784627094864845,0.029321303591132164,0.00020041523384861648,0.28564906120300293,0.24710950255393982,0.2777777910232544,0.2684248089790344,2.868551254272461,1.6713439226150513,-0.26173481345176697,0.0,0.0,0.0,0.0,0.0,0.0,0.0
36277126731,0,0.014944702386856079,-0.033210765570402145,-0.8510120511054993,6.569455581484362e-05,-0.04113857448101044,-0.8442511558532715,0.051205914467573166,-0.05908621847629547,-0.02001611888408661,-0.029758164659142494,-0.015855697914958,0.006760895252227783,-0.008871951140463352,-0.005199955776333809,0.10784594714641571,0.0,0.0,0.5215329527854919,0.16122323274612427,0.17660391330718994,0.45458686351776123,0.0737064927816391,0.0353693850338459,0.49587923288345337,-0.9476270079612732,-0.27891919016838074,-45.62043762207031,-0.16440027952194214,0.20573560893535614,-0.025070011615753174,-0.1370459347963333,0.06599081307649612,-0.3496321737766266,0.1943567991256714,12.12588882446289,10.194620132446289,11.95780086517334,11.366462707519531,-0.04906250163912773,-0.018398437649011612,0.032197266817092896,-0.019931640475988388,0.0,-0.04806549847126007,-0.037811972200870514,0.023809855803847313,0.007694723084568977,0.0,-0.12744960188865662,-0.31899428367614746,-9.682619094848633,-0.17277416586875916,-0.04118563234806061,-8.303972244262695,0.0,0.0,0.0,0.0,0.0,0.0,0.0,0.0,0.0,0.0,0.0,0.0,-0.051350634545087814,-0.03043564409017563,0.029065493494272232,0.001663917675614357,0.28313571214675903,0.24510352313518524,0.27985572814941406,0.2682715058326721,1.1159405708312988,0.7494110465049744,-0.10010066628456116,0.0,0.0,0.0,0.0,0.0,0.0,0.0
36287018052,0,0.014944702386856079,-0.033210765570402145,-0.8510120511054993,6.569455581484362e-05,-0.04113857448101044,-0.8442511558532715,0.051205914467573166,-0.05908621847629547,-0.02001611888408661,-0.029758164659142494,-0.015855697914958,0.006760895252227783,-0.008871951140463352,-0.005199955776333809,0.10784594714641571,0.0,0.0,0.5215329527854919,0.16122323274612427,0.17660391330718994,0.45458686351776123,0.0737064927816391,0.0353693850338459,0.49587923288345337,-0.9502578973770142,-0.22652098536491394,-45.67184829711914,-0.1788242757320404,0.18467088043689728,-0.027378350496292114,-0.13728274405002594,0.06681794673204422,-0.3481457531452179,0.1922101080417633,12.144740104675293,10.158380508422852,12.08166217803955,11.312887191772461,-0.04906250163912773,-0.021464843302965164,0.032197266817092896,-0.016865234822034836,0.0,-0.046561624854803085,-0.039888978004455566,0.022087648510932922,0.009428263641893864,0.0,-0.12744960188865662,-0.31899428367614746,-9.682619094848633,-0.17277416586875916,-0.04118563234806061,-8.303972244262695,0.0,0.0,0.0,0.0,0.0,0.0,0.0,0.0,0.0,0.0,0.0,0.0,-0.05108415335416794,-0.03244105726480484,0.0281231589615345,0.003357062814757228,0.28350338339805603,0.24438242614269257,0.2822733521461487,0.26721855998039246,1.1159405708312988,0.7494110465049744,-0.10010066628456116,0.0,0.0,0.0,0.0,0.0,0.0,0.0
36297225130,0,0.015859974548220634,-0.034431636333465576,-0.8512643575668335,6.569455581484362e-05,-0.04113857448101044,-0.8442511558532715,0.04455948993563652,-0.050819240510463715,-0.014735194854438305,-0.03158871829509735,-0.013413943350315094,0.007013201713562012,-0.0052655767649412155,-0.0014186252374202013,0.11666730046272278,0.0,0.0,0.5215329527854919,0.16122323274612427,0.17660391330718994,0.45458686351776123,0.024219930171966553,-0.011123795062303543,0.4327903985977173,-0.9502578973770142,-0.22652098536491394,-45.67184829711914,-0.1788242757320404,0.18467088043689728,-0.027378350496292114,-0.13728274405002594,0.06681794673204422,-0.3481457531452179,0.1922101080417633,12.144740104675293,10.158380508422852,12.08166217803955,11.312887191772461,-0.04906250163912773,-0.02299804612994194,0.03066406212747097,-0.015332031063735485,0.0,-0.046561624854803085,-0.039888978004455566,0.022087648510932922,0.009428263641893864,0.0,-0.06251057982444763,-0.24556927382946014,-9.919577598571777,-0.16400575637817383,-0.052196308970451355,-8.344998359680176,0.0,0.0,0.0,0.0,0.0,0.0,0.0,0.0,0.0,0.0,0.0,0.0,-0.05018794536590576,-0.03470587357878685,0.026625441387295723,0.005230102688074112,0.28350338339805603,0.24438242614269257,0.2822733521461487,0.26721855998039246,1.1159405708312988,0.7494110465049744,-0.10010066628456116,0.0,0.0,0.0,0.0,0.0,0.0,0.0
36307336242,0,0.01622077077627182,-0.035035885870456696,-0.8513689041137695,6.569455581484362e-05,-0.04113857448101044,-0.8442511558532715,0.042033515870571136,-0.04656192660331726,-0.009682911448180676,-0.03231031447649002,-0.012205438688397408,0.007117748260498047,-0.003275277791544795,0.0002884381974581629,0.12048917263746262,0.0,0.0,0.48393896222114563,0.19304759800434113,0.1815369427204132,0.4476306140422821,0.024219930171966553,-0.011123795062303543,0.4327903985977173,-0.8851562738418579,-0.31888827681541443,-46.1036491394043,-0.2514077126979828,0.14858439564704895,-0.05842509865760803,-0.13774272799491882,0.06908777356147766,-0.3449324369430542,0.18823109567165375,12.865205764770508,9.431926727294922,13.130314826965332,10.702371597290039,-0.04906250163912773,-0.024531250819563866,0.03066406212747097,-0.013798828236758709,0.0,-0.04474133253097534,-0.037108708173036575,0.021019605919718742,0.0047172545455396175,0.0,-0.06251057982444763,-0.24556927382946014,-9.919577598571777,-0.16093750298023224,-0.05797968804836273,-8.382481575012207,0.0,0.0,0.0,0.0,0.0,0.0,0.0,0.0,0.0,0.0,0.0,0.0,-0.04899405315518379,-0.03664790093898773,0.02500222809612751,0.006708634085953236,0.29749631881713867,0.22986967861652374,0.30261966586112976,0.2551771402359009,1.4955536127090454,0.3742865025997162,-0.23311454057693481,0.0,0.0,0.0,0.0,0.0,0.0,0.0
36316851660,0,0.01622077077627182,-0.035035885870456696,-0.8513689041137695,6.569455581484362e-05,-0.04113857448101044,-0.8442511558532715,0.042033515870571136,-0.04656192660331726,-0.009682911448180676,-0.03231031447649002,-0.012205438688397408,0.007117748260498047,-0.003275277791544795,0.0002884381974581629,0.12048917263746262,0.0,0.0,0.48393896222114563,0.20944736897945404,0.17674443125724792,0.4411352872848511,-0.012220332399010658,-0.031707294285297394,0.37865012884140015,-0.864349365234375,-0.3629862666130066,-46.295494079589844,-0.2895490527153015,0.14591103792190552,-0.054423987865448,-0.13801082968711853,0.07081470638513565,-0.3430684506893158,0.1860598474740982,12.751007080078125,9.525071144104004,13.140213012695312,10.905407905578613,-0.05059570446610451,-0.029130859300494194,0.027597656473517418,-0.013798828236758709,0.0,-0.04581165313720703,-0.03436560556292534,0.02160840481519699,0.002498471876606345,0.0,-0.25234198570251465,-0.11994548887014389,-9.597475051879883,-0.16093750298023224,-0.05797968804836273,-8.382481575012207,0.0,0.0,0.0,0.0,0.0,0.0,0.0,0.0,0.0,0.0,0.0,0.0,-0.04775548726320267,-0.037689756602048874,0.023545444011688232,0.007183300796896219,0.29528507590293884,0.23173680901527405,0.3028109073638916,0.2591902017593384,1.3698093891143799,-0.050781577825546265,-0.3438199460506439,0.0,0.0,0.0,0.0,0.0,0.0,0.0
36326572286,0,0.016857512295246124,-0.03621529042720795,-0.8515391945838928,6.569455581484362e-05,-0.04113857448101044,-0.8442511558532715,0.03831852972507477,-0.04282602295279503,-0.003289798041805625,-0.034557294100522995,-0.007495344150811434,0.007448017597198486,0.0002689590328373015,0.0034268677700310946,0.12828609347343445,0.0,0.0,0.4463449716567993,0.2023550122976303,0.16495901346206665,0.41802656650543213,-0.012220332399010658,-0.031707294285297394,0.37865012884140015,-0.864349365234375,-0.3629862666130066,-46.295494079589844,-0.2895490527153015,0.14591103792190552,-0.054423987865448,-0.13801082968711853,0.07081470638513565,-0.3430684506893158,0.1860598474740982,12.751007080078125,9.525071144104004,13.140213012695312,10.905407905578613,-0.04906250163912773,-0.03066406212747097,0.027597656473517418,-0.012265625409781933,0.0,-0.04581165313720703,-0.03436560556292534,0.02160840481519699,0.002498471876606345,0.0,-0.25234198570251465,-0.11994548887014389,-9.597475051879883,-0.1508096605539322,-0.04879259318113327,-8.352927207946777,0.0,0.0,0.0,0.0,0.0,0.0,0.0,0.0,0.0,0.0,0.0,0.0,-0.04673828184604645,-0.03771530091762543,0.022444382309913635,0.006654626224189997,0.29528507590293884,0.23173680901527405,0.3028109073638916,0.2591902017593384,-0.1285843849182129,-0.43452441692352295,-0.9310886263847351,0.0,0.0,0.0,0.0,0.0,0.0,0.0
36336641580,0,0.01734425500035286,-0.037390921264886856,-0.85169917345047,6.569455581484362e-05,-0.04113857448101044,-0.8442511558532715,0.035648517310619354,-0.045791152864694595,-0.011855021119117737,-0.034557294100522995,-0.007495344150811434,0.007448017597198486,0.0031117324251681566,0.006249723955988884,0.13575111329555511,0.0,0.0,0.4463449716567993,0.2023550122976303,0.16495901346206665,0.41802656650543213,-0.027774717658758163,-0.04805375635623932,0.37248238921165466,-0.85262131690979,-0.2866571247577667,-46.167510986328125,-0.30040356516838074,0.13601835072040558,-0.06647670269012451,-0.13858512043952942,0.07457252591848373,-0.33953961730003357,0.1818559169769287,12.990550994873047,9.189001083374023,13.438995361328125,10.574555397033691,-0.04599609225988388,-0.03066406212747097,0.027597656473517418,-0.009199218824505806,0.0,-0.042615532875061035,-0.038178227841854095,0.018764395266771317,0.004677526652812958,0.0,-0.13832423090934753,-0.04374876245856285,-10.240734100341797,-0.1508096605539322,-0.04879259318113327,-8.352927207946777,0.0,0.0,0.0,0.0,0.0,0.0,0.0,0.0,0.0,0.0,0.0,0.0,-0.04591958224773407,-0.037285637110471725,0.021617406979203224,0.005728217773139477,0.29992035031318665,0.22499114274978638,0.3085682690143585,0.25264623761177063,-0.1285843849182129,-0.43452441692352295,-0.9310886263847351,0.0,0.0,0.0,0.0,0.0,0.0,0.0
36346622823,0,0.01734425500035286,-0.037390921264886856,-0.85169917345047,6.569455581484362e-05,-0.04113857448101044,-0.8442511558532715,0.035648517310619354,-0.045791152864694595,-0.011855021119117737,-0.034557294100522995,-0.007495344150811434,0.007448017597198486,0.0031117324251681566,0.006249723955988884,0.13575111329555511,0.0,0.0,0.4463449716567993,0.2023550122976303,0.16495901346206665,0.41802656650543213,-0.027774717658758163,-0.04805375635623932,0.37248238921165466,-0.85262131690979,-0.2866571247577667,-46.167510986328125,-0.30040356516838074,0.13601835072040558,-0.06647670269012451,-0.13858512043952942,0.07457252591848373,-0.33953961730003357,0.1818559169769287,12.990550994873047,9.189001083374023,13.438995361328125,10.574555397033691,-0.044462889432907104,-0.03373046964406967,0.026064453646540642,-0.0076660155318677425,0.0,-0.042615532875061035,-0.038178227841854095,0.018764395266771317,0.004677526652812958,0.0,-0.13832423090934753,-0.04374876245856285,-10.240734100341797,-0.1508096605539322,-0.04879259318113327,-8.352927207946777,0.0,0.0,0.0,0.0,0.0,0.0,0.0,0.0,0.0,0.0,0.0,0.0,-0.04505469277501106,-0.037063147872686386,0.020815428346395493,0.004978193901479244,0.29992035031318665,0.22499114274978638,0.3085682690143585,0.25264623761177063,-0.1285843849182129,-0.43452441692352295,-0.9310886263847351,0.0,0.0,0.0,0.0,0.0,0.0,0.0
36357229237,0,0.01772715523838997,-0.038514479994773865,-0.8518718481063843,6.569455581484362e-05,-0.04113857448101044,-0.8442511558532715,0.02960285358130932,-0.051939789205789566,-0.021070988848805428,-0.03532309830188751,-0.005248215049505234,0.007620692253112793,0.005442290101200342,0.009560445323586464,0.1422039419412613,0.0,0.0,0.31852543354034424,0.1580985188484192,0.16773174703121185,0.37382814288139343,-0.04591793939471245,-0.07443274557590485,0.21156993508338928,-0.8270685076713562,-0.23262226581573486,-45.728824615478516,-0.2647971510887146,0.0936020165681839,-0.1416221559047699,-0.1392655074596405,0.07796851545572281,-0.3357026278972626,0.17679527401924133,14.755809783935547,7.317943096160889,15.214404106140137,8.469344139099121,-0.044462889432907104,-0.036796875298023224,0.026064453646540642,-0.009199218824505806,0.0,-0.035656753927469254,-0.049425262957811356,0.014676203951239586,0.006941902916878462,0.0,-0.2934131324291229,-0.40138712525367737,-10.126445770263672,-0.1377762258052826,-0.03255508840084076,-8.284598350524902,0.0,0.0,0.0,0.0,0.0,0.0,0.0,0.0,0.0,0.0,0.0,0.0,-0.04385821521282196,-0.03767832741141319,0.01985393837094307,0.0046583013609051704,0.33374157547950745,0.18697693943977356,0.34243276715278625,0.21046306192874908,-1.718782901763916,-0.0063883769325912,-1.7601262331008911,0.0,0.0,0.0,0.0,0.0,0.0,0.0
36366801949,0,0.01772715523838997,-0.038514479994773865,-0.8518718481063843,6.569455581484362e-05,-0.04113857448101044,-0.8442511558532715,0.02960285358130932,-0.051939789205789566,-0.021070988848805428,-0.035923827439546585,-0.0032817290630191565,0.007821798324584961,0.005442290101200342,0.009560445323586464,0.1422039419412613,0.0,0.0,0.22579360008239746,0.13424047827720642,0.17365683615207672,0.3567090928554535,-0.04591793939471245,-0.07443274557590485,0.21156993508338928,-0.7577692270278931,-0.17905297875404358,-45.56529235839844,-0.24662986397743225,0.06789198517799377,-0.12896157801151276,-0.13971371948719025,0.07944667339324951,-0.3333955407142639,0.1738213747739792,14.384785652160645,7.661801815032959,14.868885040283203,8.676998138427734,-0.04752929508686066,-0.038330078125,0.024531250819563866,-0.010732421651482582,0.0,-0.03358897194266319,-0.04654238373041153,0.012062663212418556,0.006078678648918867,0.0,-0.2934131324291229,-0.40138712525367737,-10.126445770263672,-0.13085448741912842,-0.03353474289178848,-8.344029426574707,0.0,0.0,0.0,0.0,0.0,0.0,0.0,0.0,0.0,0.0,0.0,0.0,-0.041982006281614304,-0.03949666768312454,0.018493661656975746,0.004778078757226467,0.32668155431747437,0.1940225213766098,0.33588793873786926,0.2146667093038559,-1.981266975402832,0.288220077753067,-1.6641771793365479,0.0,0.0,0.0,0.0,0.0,0.0,0.0
36377126328,0,0.018027517944574356,-0.03949771821498871,-0.8520729541778564,6.569455581484362e-05,-0.04113857448101044,-0.8442511558532715,0.025694314390420914,-0.04961118474602699,-0.013876800425350666,-0.035923827439546585,-0.0032817290630191565,0.007821798324584961,0.007143956143409014,0.013086551800370216,0.14756469428539276,0.0,0.0,0.22579360008239746,0.11719316989183426,0.17986279726028442,0.32851243019104004,-0.058412451297044754,-0.10313635319471359,0.09392431378364563,-0.6974988579750061,-0.16733817756175995,-45.764461517333984,-0.24662986397743225,0.06789198517799377,-0.12896157801151276,-0.13971371948719025,0.07944667339324951,-0.3333955407142639,0.1738213747739792,15.805957794189453,6.3647565841674805,16.338083267211914,7.282144546508789,-0.04906250163912773,-0.036796875298023224,0.026064453646540642,-0.009199218824505806,0.0,-0.028956973925232887,-0.05333492532372475,0.009420054964721203,0.004885582253336906,0.0,0.035010021179914474,0.12162192165851593,-9.652926445007324,-0.13085448741912842,-0.03353474289178848,-8.344029426574707,0.0,0.0,0.0,0.0,0.0,0.0,0.0,0.0,0.0,0.0,0.0,0.0,-0.039392225444316864,-0.042137421667575836,0.016636626794934273,0.005061764735728502,0.32668155431747437,0.1940225213766098,0.33588793873786926,0.2146667093038559,-1.8031634092330933,0.43574029207229614,-2.1584324836730957,0.0,0.0,0.0,0.0,0.0,0.0,0.0
36386719502,0,0.01814408414065838,-0.03995629772543907,-0.852175235748291,6.569455581484362e-05,-0.04113857448101044,-0.8442511558532715,0.026616573333740234,-0.0524999275803566,-0.008011413738131523,-0.03615696355700493,-0.002364565385505557,0.007924079895019531,0.008152350783348083,0.014511467888951302,0.14965322613716125,0.0,0.0,0.22579360008239746,0.10047773271799088,0.18283110857009888,0.29349416494369507,-0.06655654311180115,-0.11436524987220764,0.09143272042274475,-0.7196996808052063,-0.18444108963012695,-45.89216232299805,-0.23015645146369934,0.027076274156570435,-0.1493159830570221,-0.14078959822654724,0.08177708834409714,-0.3284454643726349,0.16765858232975006,14.935494422912598,7.3230462074279785,15.496383666992188,8.161604881286621,-0.04752929508686066,-0.036796875298023224,0.026064453646540642,-0.0076660155318677425,0.0,-0.031654343008995056,-0.04675642400979996,0.01075302716344595,0.0044366829097270966,0.0,0.2520636320114136,-0.048763714730739594,-9.509812355041504,-0.1317167580127716,-0.02543853223323822,-8.38924503326416,0.0,0.0,0.0,0.0,0.0,0.0,0.0,0.0,0.0,0.0,0.0,0.0,-0.03653106838464737,-0.04488559067249298,0.01457506138831377,0.0052031055092811584,0.3371514678001404,0.18708178400993347,0.34775805473327637,0.20421521365642548,-1.8654896020889282,0.4172830283641815,-2.9099109172821045,0.0,0.0,0.0,0.0,0.0,0.0,0.0
36398203798,0,0.01812606304883957,-0.040789972990751266,-0.8523592352867126,6.569455581484362e-05,-0.04113857448101044,-0.8442511558532715,0.019226066768169403,-0.04126252233982086,-0.010801893658936024,-0.03612092137336731,-0.0006972064729779959,0.008108079433441162,0.01002354733645916,0.017237607389688492,0.15299366414546967,0.0,0.0,0.04283620044589043,0.10047773271799088,0.18283110857009888,0.29349416494369507,-0.07581549882888794,-0.1471683233976364,-0.13292689621448517,-0.7196996808052063,-0.18444108963012695,-45.89216232299805,-0.23015645146369934,0.027076274156570435,-0.1493159830570221,-0.14078959822654724,0.08177708834409714,-0.3284454643726349,0.16765858232975006,14.935494422912598,7.3230462074279785,15.496383666992188,8.161604881286621,-0.044462889432907104,-0.039863280951976776,0.024531250819563866,-0.0076660155318677425,0.0,-0.031654343008995056,-0.04675642400979996,0.01075302716344595,0.0044366829097270966,0.0,0.1661137491464615,0.2546379566192627,-9.414517402648926,-0.1198401153087616,-0.046052202582359314,-8.361801147460938,0.0,0.0,0.0,0.0,0.0,0.0,0.0,0.0,0.0,0.0,0.0,0.0,-0.03409959748387337,-0.04688587039709091,0.012794398702681065,0.005151900928467512,0.3371514678001404,0.18708178400993347,0.34775805473327637,0.20421521365642548,-1.8654896020889282,0.4172830283641815,-2.9099109172821045,0.0,0.0,0.0,0.0,0.0,0.0,0.0
36406621077,0,0.01812606304883957,-0.040789972990751266,-0.8523592352867126,6.569455581484362e-05,-0.04113857448101044,-0.8442511558532715,0.019226066768169403,-0.04126252233982086,-0.010801893658936024,-0.03612092137336731,-0.0006972064729779959,0.008108079433441162,0.01002354733645916,0.017237607389688492,0.15299366414546967,0.0,0.0,0.04283620044589043,0.07583335787057877,0.16116297245025635,0.16843180358409882,-0.07581549882888794,-0.1471683233976364,-0.13292689621448517,-0.5371139049530029,-0.2796318829059601,-45.85187530517578,-0.2369459718465805,0.009320110082626343,-0.2431982159614563,-0.14309793710708618,0.0847163200378418,-0.3199157416820526,0.15493640303611755,17.244943618774414,4.9782233238220215,17.86774444580078,5.791454315185547,-0.04292968660593033,-0.044462889432907104,0.02299804612994194,-0.009199218824505806,0.0,-0.025767186656594276,-0.049550969153642654,0.007456077262759209,-0.011138631962239742,0.0,0.1661137491464615,0.2546379566192627,-9.414517402648926,-0.1198401153087616,-0.046052202582359314,-8.361801147460938,0.0,0.0,0.0,0.0,0.0,0.0,0.0,0.0,0.0,0.0,0.0,0.0,-0.03218097239732742,-0.047974660992622375,0.011389865539968014,0.0042762234807014465,0.3804640769958496,0.1382904350757599,0.3919854164123535,0.15536342561244965,-0.819468080997467,-0.6389248371124268,-3.8527705669403076,0.0,0.0,0.0,0.0,0.0,0.0,0.0
36416982227,0,0.01812606304883957,-0.040789972990751266,-0.8523592352867126,6.569455581484362e-05,-0.04113857448101044,-0.8442511558532715,0.019226066768169403,-0.04126252233982086,-0.010801893658936024,-0.03612092137336731,-0.0006972064729779959,0.008108079433441162,0.01002354733645916,0.017237607389688492,0.15299366414546967,0.0,0.0,0.04283620044589043,0.07971817255020142,0.1427641063928604,0.11924894899129868,-0.07581549882888794,-0.1471683233976364,-0.13292689621448517,-0.5048566460609436,-0.25742393732070923,-45.76155471801758,-0.25543588399887085,0.021972328424453735,-0.19607411324977875,-0.14414064586162567,0.08581472933292389,-0.3169091045856476,0.14973996579647064,16.030956268310547,6.088086128234863,16.677295684814453,6.993326663970947,-0.04139648377895355,-0.04599609225988388,0.018398437649011612,-0.009199218824505806,0.0,-0.026588039472699165,-0.040114544332027435,0.006765676662325859,-0.009894445538520813,0.0,0.5037547945976257,0.20926572382450104,-9.488252639770508,-0.1198401153087616,-0.046052202582359314,-8.361801147460938,0.0,0.0,0.0,0.0,0.0,0.0,0.0,0.0,0.0,0.0,0.0,0.0,-0.030363300815224648,-0.048236776143312454,0.010093453340232372,0.0017770084086805582,0.35781413316726685,0.1615504026412964,0.3699052631855011,0.18030036985874176,-0.21348564326763153,-1.2095675468444824,-4.283314228057861,0.0,0.0,0.0,0.0,0.0,0.0,0.0
36427158844,0,0.01812606304883957,-0.040789972990751266,-0.8523592352867126,6.569455581484362e-05,-0.04113857448101044,-0.8442511558532715,0.019226066768169403,-0.04126252233982086,-0.010801893658936024,-0.0356096476316452,1.9893150238203816e-05,0.008259475231170654,0.01002354733645916,0.017237607389688492,0.15299366414546967,0.0,0.0,-0.0047828578390181065,0.07607916742563248,0.12172270566225052,0.06932251155376434,-0.07581549882888794,-0.1471683233976364,-0.13292689621448517,-0.5048566460609436,-0.25742393732070923,-45.76155471801758,-0.25543588399887085,0.021972328424453735,-0.19607411324977875,-0.14414064586162567,0.08581472933292389,-0.3169091045856476,0.14973996579647064,16.030956268310547,6.088086128234863,16.677295684814453,6.993326663970947,-0.038330078125,-0.04599609225988388,0.018398437649011612,-0.0076660155318677425,0.0,-0.026588039472699165,-0.040114544332027435,0.006765676662325859,-0.009894445538520813,0.0,-0.04522072151303291,0.06297193467617035,-9.416313171386719,-0.09179212152957916,-0.04680435359477997,-8.320282936096191,0.0,0.0,0.0,0.0,0.0,0.0,0.0,0.0,0.0,0.0,0.0,0.0,-0.028734838590025902,-0.047302234917879105,0.008873646147549152,-0.0016632331535220146,0.35781413316726685,0.1615504026412964,0.3699052631855011,0.18030036985874176,-0.18817391991615295,-1.754122257232666,-4.858587265014648,0.0,0.0,0.0,0.0,0.0,0.0,0.0
36436711343,0,0.018036969006061554,-0.04145052284002304,-0.8525587320327759,6.569455581484362e-05,-0.04113857448101044,-0.8442511558532715,0.011958667077124119,-0.03866202011704445,-0.010373526252806187,-0.03594272956252098,0.0006238998612388968,0.008307576179504395,0.011736957356333733,0.02092646434903145,0.15538278222084045,0.0,0.0,-0.0047828578390181065,0.07607916742563248,0.12172270566225052,0.06932251155376434,-0.0905376449227333,-0.17241734266281128,-0.1919025182723999,-0.5803658962249756,-0.277595579624176,-46.009437561035156,-0.2515466511249542,0.037825822830200195,-0.1470215618610382,-0.1451111137866974,0.08681156486272812,-0.31442463397979736,0.14479978382587433,14.89142894744873,7.361571311950684,15.483746528625488,8.29817008972168,-0.032197266817092896,-0.04599609225988388,0.018398437649011612,-0.004599609412252903,0.0,-0.03096669726073742,-0.03597493842244148,0.009403917007148266,-0.006107891444116831,0.0,-0.6830298900604248,-0.3774079978466034,-9.638097763061523,-0.1055210754275322,-0.05047192424535751,-8.365352630615234,0.0,0.0,0.0,0.0,0.0,0.0,0.0,0.0,0.0,0.0,0.0,0.0,-0.027739791199564934,-0.04532531648874283,0.008006459102034569,-0.004699387587606907,0.3363158106803894,0.18787240982055664,0.34751948714256287,0.20699046552181244,-0.18817391991615295,-1.754122257232666,-4.858587265014648,0.0,0.0,0.0,0.0,0.0,0.0,0.0
36447873225,0,0.018036969006061554,-0.04145052284002304,-0.8525587320327759,6.569455581484362e-05,-0.04113857448101044,-0.8442511558532715,0.011958667077124119,-0.03866202011704445,-0.010373526252806187,-0.03655088320374489,0.0023192581720650196,0.008347809314727783,0.011736957356333733,0.02092646434903145,0.15538278222084045,0.0,0.0,-0.0047828578390181065,0.07607916742563248,0.12172270566225052,0.06932251155376434,-0.0905376449227333,-0.17241734266281128,-0.1919025182723999,-0.5803658962249756,-0.277595579624176,-46.009437561035156,-0.2515466511249542,0.037825822830200195,-0.1470215618610382,-0.1451111137866974,0.08681156486272812,-0.31442463397979736,0.14479978382587433,14.89142894744873,7.361571311950684,15.483746528625488,8.29817008972168,-0.027597656473517418,-0.04599609225988388,0.021464843302965164,-0.003066406352445483,0.0,-0.03096669726073742,-0.03597493842244148,0.009403917007148266,-0.006107891444116831,0.0,-0.16400417685508728,-0.030144518241286278,-10.108864784240723,-0.07539680600166321,-0.055328160524368286,-8.429445266723633,0.0,0.0,0.0,0.0,0.0,0.0,0.0,0.0,0.0,0.0,0.0,0.0,-0.027643874287605286,-0.04281860589981079,0.0077161286026239395,-0.006627192720770836,0.3363158106803894,0.18787240982055664,0.34751948714256287,0.20699046552181244,-0.18817391991615295,-1.754122257232666,-4.858587265014648,0.0,0.0,0.0,0.0,0.0,0.0,0.0
36456775489,0,0.01834104396402836,-0.042298197746276855,-0.8525989651679993,6.569455581484362e-05,-0.04113857448101044,-0.8442511558532715,-0.003781781764701009,-0.03695697709918022,-0.0012456858530640602,-0.03655088320374489,0.0023192581720650196,0.008347809314727783,0.01286393217742443,0.022068150341510773,0.1546471118927002,0.0,0.0,-0.0047828578390181065,0.054276447743177414,0.06477277725934982,-0.039333708584308624,-0.10027671605348587,-0.18367335200309753,-0.19087381660938263,-0.41468244791030884,-0.30430489778518677,-46.3619499206543,-0.2336321473121643,0.05710753798484802,-0.06856296956539154,-0.14750589430332184,0.08908654749393463,-0.3091196119785309,0.1315774917602539,13.068486213684082,9.4159574508667,13.554125785827637,10.347261428833008,-0.026064453646540642,-0.04599609225988388,0.018398437649011612,-0.006132812704890966,0.0,-0.03172536566853523,-0.021173818036913872,0.006925464607775211,-0.011723964475095272,0.0,-0.16400417685508728,-0.030144518241286278,-10.108864784240723,-0.07539680600166321,-0.055328160524368286,-8.429445266723633,0.0,0.0,0.0,0.0,0.0,0.0,0.0,0.0,0.0,0.0,0.0,0.0,-0.028244849294424057,-0.03964012861251831,0.007770448457449675,-0.007738564629107714,0.3014260530471802,0.2295493483543396,0.31078216433525085,0.24813757836818695,-0.3885432481765747,-1.8177255392074585,-2.9376485347747803,0.0,0.0,0.0,0.0,0.0,0.0,0.0
36467978120,0,0.018642552196979523,-0.043342169374227524,-0.8525671362876892,6.569455581484362e-05,-0.04113857448101044,-0.8442511558532715,-0.00267985207028687,-0.02688148245215416,-0.007677535526454449,-0.037153903394937515,0.004407211672514677,0.008315980434417725,0.01350957341492176,0.02337896078824997,0.15405026078224182,0.0,0.0,-0.0047828578390181065,0.054276447743177414,0.06477277725934982,-0.039333708584308624,-0.10142695903778076,-0.18917648494243622,-0.1903609335422516,-0.37017491459846497,-0.27787116169929504,-46.181880950927734,-0.2475241869688034,0.07337512075901031,-0.05985952913761139,-0.14871759712696075,0.09029008448123932,-0.30664128065109253,0.1246231347322464,12.806960105895996,9.542987823486328,13.288610458374023,10.565377235412598,-0.027597656473517418,-0.04906250163912773,0.018398437649011612,-0.0076660155318677425,0.0,-0.030516929924488068,-0.02036021649837494,0.005077251698821783,-0.01221144013106823,0.0,-0.4619689881801605,0.16119210422039032,-9.485922813415527,-0.08163798600435257,-0.07036549597978592,-8.375020027160645,0.0,0.0,0.0,0.0,0.0,0.0,0.0,0.0,0.0,0.0,0.0,0.0,-0.02909192256629467,-0.0353146456182003,0.007670315448194742,-0.008783973753452301,0.29636892676353455,0.23209580779075623,0.3056725859642029,0.25246453285217285,-0.3885432481765747,-1.8177255392074585,-2.9376485347747803,0.0,0.0,0.0,0.0,0.0,0.0,0.0
36476913361,0,0.018997400999069214,-0.04447335749864578,-0.8524389863014221,6.569455581484362e-05,-0.04113857448101044,-0.8442511558532715,-0.007161764893680811,-0.021652596071362495,0.01330573484301567,-0.037863604724407196,0.006669599562883377,0.008187830448150635,0.015086386352777481,0.022771082818508148,0.15335318446159363,0.0,0.0,-0.0047828578390181065,0.054276447743177414,0.06477277725934982,-0.039333708584308624,-0.11413423717021942,-0.1847289502620697,-0.18950790166854858,-0.37017491459846497,-0.27787116169929504,-46.181880950927734,-0.2475241869688034,0.07337512075901031,-0.05985952913761139,-0.14871759712696075,0.09029008448123932,-0.30664128065109253,0.1246231347322464,12.806960105895996,9.542987823486328,13.288610458374023,10.565377235412598,-0.029130859300494194,-0.05059570446610451,0.015332031063735485,-0.009199218824505806,0.0,-0.030516929924488068,-0.02036021649837494,0.005077251698821783,-0.01221144013106823,0.0,-0.4619689881801605,0.16119210422039032,-9.485922813415527,-0.07421121001243591,-0.07795099914073944,-8.53306770324707,0.0,0.0,0.0,0.0,0.0,0.0,0.0,0.0,0.0,0.0,0.0,0.0,-0.029827220365405083,-0.030465353280305862,0.007227839436382055,-0.009908091276884079,0.29636892676353455,0.23209580779075623,0.3056725859642029,0.25246453285217285,-0.3885432481765747,-1.8177255392074585,-2.9376485347747803,0.0,0.0,0.0,0.0,0.0,0.0,0.0
36486760147,0,0.018997400999069214,-0.04447335749864578,-0.8524389863014221,6.569455581484362e-05,-0.04113857448101044,-0.8442511558532715,-0.007161764893680811,-0.021652596071362495,0.01330573484301567,-0.037863604724407196,0.006669599562883377,0.008187830448150635,0.015086386352777481,0.022771082818508148,0.15335318446159363,0.0,0.0,-0.0047828578390181065,0.06494706124067307,0.009779771789908409,-0.0468963086605072,-0.11413423717021942,-0.1847289502620697,-0.18950790166854858,-0.4583417773246765,-0.4399874806404114,-46.49767303466797,-0.2709159255027771,0.13966608047485352,-0.057887256145477295,-0.15095484256744385,0.09295885264873505,-0.3027905225753784,0.11235158145427704,12.89696216583252,9.53428840637207,13.254215240478516,10.830327987670898,-0.03066406212747097,-0.05059570446610451,0.012265625409781933,-0.009199218824505806,0.0,-0.037357695400714874,-0.017891179770231247,0.011583436280488968,-0.01455151941627264,0.0,0.1740303337574005,0.24469012022018433,-9.57663631439209,-0.07421121001243591,-0.07795099914073944,-8.53306770324707,0.0,0.0,0.0,0.0,0.0,0.0,0.0,0.0,0.0,0.0,0.0,0.0,-0.030631693080067635,-0.026101836934685707,0.006913525052368641,-0.010993927717208862,0.2981107532978058,0.23192141950130463,0.30500972270965576,0.2577071785926819,0.21902422606945038,-2.6746256351470947,-1.179272174835205,0.0,0.0,0.0,0.0,0.0,0.0,0.0
36497070792,0,0.018997400999069214,-0.04447335749864578,-0.8524389863014221,6.569455581484362e-05,-0.04113857448101044,-0.8442511558532715,-0.007161764893680811,-0.021652596071362495,0.01330573484301567,-0.037863604724407196,0.006669599562883377,0.008187830448150635,0.015086386352777481,0.022771082818508148,0.15335318446159363,0.0,0.0,-0.0047828578390181065,0.056109361350536346,-0.015267780050635338,-0.04890460520982742,-0.11413423717021942,-0.1847289502620697,-0.18950790166854858,-0.3076198697090149,-0.401131272315979,-46.68074035644531,-0.2692961096763611,0.15604445338249207,-0.05251103639602661,-0.1521516889333725,0.0944962203502655,-0.3011764883995056,0.10623303055763245,12.833484649658203,9.693840980529785,13.139023780822754,11.031439781188965,-0.029130859300494194,-0.04752929508686066,0.012265625409781933,-0.012265625409781933,0.0,-0.03241804614663124,-0.013650433160364628,0.00648447684943676,-0.017989875748753548,0.0,0.1740303337574005,0.24469012022018433,-9.57663631439209,-0.07421121001243591,-0.07795099914073944,-8.53306770324707,0.0,0.0,0.0,0.0,0.0,0.0,0.0,0.0,0.0,0.0,0.0,0.0,-0.031725019216537476,-0.022358985617756844,0.007085301447659731,-0.012235092930495739,0.296882301568985,0.23511497676372528,0.30278781056404114,0.2616769075393677,-0.25702303647994995,-2.287613868713379,-0.6554000973701477,0.0,0.0,0.0,0.0,0.0,0.0,0.0
36506710465,0,0.019250303506851196,-0.045536212623119354,-0.8522821664810181,6.569455581484362e-05,-0.04113857448101044,-0.8442511558532715,-0.015232016332447529,-0.022786423563957214,-0.0015038549900054932,-0.03836941346526146,0.008795320056378841,0.008031010627746582,0.015388630330562592,0.0224615391343832,0.1528027206659317,0.0,0.0,-0.0047828578390181065,0.04646802321076393,-0.027936529368162155,-0.04745735973119736,-0.12174660712480545,-0.17463749647140503,-0.18867406249046326,-0.3076198697090149,-0.401131272315979,-46.68074035644531,-0.2692961096763611,0.15604445338249207,-0.05251103639602661,-0.1521516889333725,0.0944962203502655,-0.3011764883995056,0.10623303055763245,12.833484649658203,9.693840980529785,13.139023780822754,11.031439781188965,-0.029130859300494194,-0.04599609225988388,0.010732421651482582,-0.013798828236758709,0.0,-0.03241804614663124,-0.013650433160364628,0.00648447684943676,-0.017989875748753548,0.0,-0.12145780026912689,0.35822793841362,-9.264727592468262,-0.058999545872211456,-0.0733237937092781,-8.408031463623047,0.0,0.0,0.0,0.0,0.0,0.0,0.0,0.0,0.0,0.0,0.0,0.0,-0.03261848911643028,-0.019106872379779816,0.007294138893485069,-0.013748809695243835,0.296882301568985,0.23511497676372528,0.30278781056404114,0.2616769075393677,-0.5794442892074585,-1.901872158050537,-0.33645862340927124,0.0,0.0,0.0,0.0,0.0,0.0,0.0
36518358290,0,0.019355297088623047,-0.046111129224300385,-0.8521711230278015,6.569455581484362e-05,-0.04113857448101044,-0.8442511558532715,-0.018073972314596176,-0.021398842334747314,0.0011839194921776652,-0.03857940062880516,0.00994515884667635,0.00791996717453003,0.015674225986003876,0.02197926677763462,0.15243206918239594,0.0,0.0,-0.0047828578390181065,0.03141129016876221,-0.04779238626360893,-0.03903933987021446,-0.12174660712480545,-0.17463749647140503,-0.18867406249046326,-0.29577887058258057,-0.4106106460094452,-46.363990783691406,-0.240529403090477,0.19085320830345154,-0.055559515953063965,-0.15435275435447693,0.09720945358276367,-0.2985944151878357,0.09596438705921173,12.929463386535645,9.53101634979248,13.03756332397461,10.885676383972168,-0.029130859300494194,-0.04292968660593033,0.010732421651482582,-0.013798828236758709,0.0,-0.03229784220457077,-0.013343733735382557,0.006287384778261185,-0.019143197685480118,0.0,-0.027242494747042656,0.31922417879104614,-9.717817306518555,-0.05377797782421112,-0.07465647906064987,-8.429816246032715,0.0,0.0,0.0,0.0,0.0,0.0,0.0,0.0,0.0,0.0,0.0,0.0,-0.03301537409424782,-0.016486436128616333,0.007238350808620453,-0.015329068526625633,0.2987394332885742,0.23185588419437408,0.3008287250995636,0.25880056619644165,-0.9837933778762817,-1.9103891849517822,0.17218457162380219,0.0,0.0,0.0,0.0,0.0,0.0,0.0
36526854866,0,0.01949194259941578,-0.047211866825819016,-0.8519220948219299,6.569455581484362e-05,-0.04113857448101044,-0.8442511558532715,-0.02210976369678974,-0.01786390319466591,0.017224419862031937,-0.038852691650390625,0.012146645225584507,0.007670938968658447,0.0159798264503479,0.020058078691363335,0.1521572768688202,0.0,0.0,-0.0047828578390181065,0.03141129016876221,-0.04779238626360893,-0.03903933987021446,-0.12174660712480545,-0.17463749647140503,-0.18867406249046326,-0.29577887058258057,-0.4106106460094452,-46.363990783691406,-0.240529403090477,0.19085320830345154,-0.055559515953063965,-0.15435275435447693,0.09720945358276367,-0.2985944151878357,0.09596438705921173,12.929463386535645,9.53101634979248,13.03756332397461,10.885676383972168,-0.029130859300494194,-0.04139648377895355,0.009199218824505806,-0.013798828236758709,0.0,-0.03229784220457077,-0.013343733735382557,0.006287384778261185,-0.019143197685480118,0.0,0.22330842912197113,0.40217819809913635,-9.953925132751465,-0.046105965971946716,-0.0788935199379921,-8.55058479309082,0.0,0.0,0.0,0.0,0.0,0.0,0.0,0.0,0.0,0.0,0.0,0.0,-0.033083707094192505,-0.014631908386945724,0.007044526748359203,-0.01675686240196228,0.2987394332885742,0.23185588419437408,0.3008287250995636,0.25880056619644165,-0.9837933778762817,-1.9103891849517822,0.17218457162380219,0.0,0.0,0.0,0.0,0.0,0.0,0.0
36537595002,0,0.01949194259941578,-0.047211866825819016,-0.8519220948219299,6.569455581484362e-05,-0.04113857448101044,-0.8442511558532715,-0.02210976369678974,-0.01786390319466591,0.017224419862031937,-0.038852691650390625,0.012146645225584507,0.007670938968658447,0.0159798264503479,0.020058078691363335,0.1521572768688202,0.0,0.0,-0.0047828578390181065,0.019122805446386337,-0.10284479707479477,-0.014092362485826015,-0.12447348982095718,-0.16024082899093628,-0.18871581554412842,-0.26125863194465637,-0.493508905172348,-46.99786376953125,-0.24244576692581177,0.2617094814777374,-0.061428263783454895,-0.15772034227848053,0.10106781125068665,-0.2963034510612488,0.0836850181221962,13.337727546691895,9.431791305541992,13.239022254943848,11.00676155090332,-0.029130859300494194,-0.039863280951976776,0.009199218824505806,-0.013798828236758709,0.0,-0.03286651894450188,-0.009470481425523758,0.007207199465483427,-0.02303769811987877,0.0,0.22330842912197113,0.40217819809913635,-9.953925132751465,-0.046105965971946716,-0.0788935199379921,-8.55058479309082,0.0,0.0,0.0,0.0,0.0,0.0,0.0,0.0,0.0,0.0,0.0,0.0,-0.03299853205680847,-0.013303444720804691,0.006851920858025551,-0.01807907409965992,0.30941709876060486,0.2276853322982788,0.3076774477958679,0.2580452561378479,-0.3250551223754883,-1.6198862791061401,0.47763946652412415,0.0,0.0,0.0,0.0,0.0,0.0,0.0
36547283979,0,0.019598275423049927,-0.048624567687511444,-0.8515224456787109,6.569455581484362e-05,-0.04113857448101044,-0.8442511558532715,-0.02838548831641674,-0.0027928573545068502,0.004942824132740498,-0.03906536102294922,0.014972060918807983,0.007271289825439453,0.016557632014155388,0.017337847501039505,0.15178143978118896,0.0,0.0,-0.0047828578390181065,0.018134884536266327,-0.10959836840629578,-0.01970616914331913,-0.12447348982095718,-0.16024082899093628,-0.18871581554412842,-0.2233153134584427,-0.5261556506156921,-46.67558288574219,-0.24244576692581177,0.2617094814777374,-0.061428263783454895,-0.15772034227848053,0.10106781125068665,-0.2963034510612488,0.0836850181221962,12.90799331665039,9.69015121459961,12.792448043823242,11.301250457763672,-0.029130859300494194,-0.036796875298023224,0.0076660155318677425,-0.013798828236758709,0.0,-0.03381596505641937,-0.0066423495300114155,0.007312413305044174,-0.02464626170694828,0.0,0.22330842912197113,0.40217819809913635,-9.953925132751465,-0.038339417427778244,-0.10449483245611191,-8.445958137512207,0.0,0.0,0.0,0.0,0.0,0.0,0.0,0.0,0.0,0.0,0.0,0.0,-0.03294984623789787,-0.011991016566753387,0.006785174366086721,-0.01953889988362789,0.30661872029304504,0.22986701130867004,0.30471670627593994,0.2611902058124542,-0.17072422802448273,-1.219346523284912,-0.022352635860443115,0.0,0.0,0.0,0.0,0.0,0.0,0.0
36556658773,0,0.019608691334724426,-0.049003325402736664,-0.851380467414856,6.569455581484362e-05,-0.04113857448101044,-0.8442511558532715,-0.03389449045062065,-0.006507525686174631,0.005892234854400158,-0.03908619284629822,0.01572958007454872,0.007129311561584473,0.01649850606918335,0.015824003145098686,0.15126965939998627,0.0,0.0,-0.0047828578390181065,0.018134884536266327,-0.10959836840629578,-0.01970616914331913,-0.12716321647167206,-0.129831925034523,-0.1870637685060501,-0.2233153134584427,-0.5261556506156921,-46.67558288574219,-0.245384082198143,0.2707119584083557,-0.047128260135650635,-0.15889771282672882,0.10106781125068665,-0.2963034510612488,0.0836850181221962,12.90799331665039,9.69015121459961,12.792448043823242,11.301250457763672,-0.027597656473517418,-0.03526367247104645,0.009199218824505806,-0.015332031063735485,0.0,-0.03391517326235771,-0.006774420849978924,0.007212373893707991,-0.024759534746408463,0.0,-0.16593536734580994,-0.06976129114627838,-9.81244945526123,-0.026122350245714188,-0.09732440114021301,-8.455476760864258,0.0,0.0,0.0,0.0,0.0,0.0,0.0,0.0,0.0,0.0,0.0,0.0,-0.033046502619981766,-0.010495133697986603,0.006840168498456478,-0.02113032527267933,0.30661872029304504,0.22986701130867004,0.30471670627593994,0.2611902058124542,-0.17072422802448273,-1.219346523284912,-0.022352635860443115,0.0,0.0,0.0,0.0,0.0,0.0,0.0
36566892729,0,0.019608691334724426,-0.049003325402736664,-0.851380467414856,6.569455581484362e-05,-0.04113857448101044,-0.8442511558532715,-0.03389449045062065,-0.006507525686174631,0.005892234854400158,-0.03908619284629822,0.01572958007454872,0.007129311561584473,0.01649850606918335,0.015824003145098686,0.15126965939998627,0.0,0.0,-0.0047828578390181065,0.013629619963467121,-0.12073070555925369,-0.028549104928970337,-0.12716321647167206,-0.129831925034523,-0.1870637685060501,-0.2108667939901352,-0.5747215747833252,-46.4527702331543,-0.24204349517822266,0.29924190044403076,-0.031968340277671814,-0.15989704430103302,0.10374729335308075,-0.2954864203929901,0.07702454924583435,12.521180152893066,9.975231170654297,12.309464454650879,11.662395477294922,-0.026064453646540642,-0.032197266817092896,0.010732421651482582,-0.016865234822034836,0.0,-0.036070603877305984,-0.00452713156118989,0.008444522507488728,-0.025936108082532883,0.0,-0.16593536734580994,-0.06976129114627838,-9.81244945526123,-0.026122350245714188,-0.09732440114021301,-8.455476760864258,0.0,0.0,0.0,0.0,0.0,0.0,0.0,0.0,0.0,0.0,0.0,0.0,-0.03334918990731239,-0.008963103406131268,0.006997352931648493,-0.022631747648119926,0.29082727432250977,0.24073436856269836,0.28671160340309143,0.27407774329185486,-0.2496635615825653,-1.2856696844100952,-0.40451520681381226,0.0,0.0,0.0,0.0,0.0,0.0,0.0
36577412748,0,0.019608691334724426,-0.049003325402736664,-0.851380467414856,6.569455581484362e-05,-0.04113857448101044,-0.8442511558532715,-0.03389449045062065,-0.006507525686174631,0.005892234854400158,-0.03934161365032196,0.017077986150979996,0.006872415542602539,0.01649850606918335,0.015824003145098686,0.15126965939998627,0.0,0.0,-0.0047828578390181065,0.013629619963467121,-0.12073070555925369,-0.028549104928970337,-0.12716321647167206,-0.129831925034523,-0.1870637685060501,-0.2108667939901352,-0.5747215747833252,-46.4527702331543,-0.24204349517822266,0.29924190044403076,-0.031968340277671814,-0.15989704430103302,0.10374729335308075,-0.2954864203929901,0.07702454924583435,12.521180152893066,9.975231170654297,12.309464454650879,11.662395477294922,-0.026064453646540642,-0.03066406212747097,0.009199218824505806,-0.018398437649011612,0.0,-0.036070603877305984,-0.00452713156118989,0.008444522507488728,-0.025936108082532883,0.0,0.024402832612395287,0.11668050289154053,-10.043255805969238,-0.028180792927742004,-0.09903298318386078,-8.504476547241211,0.0,0.0,0.0,0.0,0.0,0.0,0.0,0.0,0.0,0.0,0.0,0.0,-0.03390079364180565,-0.007494747173041105,0.007284859195351601,-0.02392563410103321,0.29082727432250977,0.24073436856269836,0.28671160340309143,0.27407774329185486,-0.2496635615825653,-1.2856696844100952,-0.40451520681381226,0.0,0.0,0.0,0.0,0.0,0.0,0.0
36587229534,0,0.019736401736736298,-0.049677524715662,-0.851123571395874,6.569455581484362e-05,-0.04113857448101044,-0.8442511558532715,-0.03318345546722412,-0.00423257052898407,0.012026111595332623,-0.03934161365032196,0.017077986150979996,0.006872415542602539,0.015923619270324707,0.012570626102387905,0.1505102515220642,0.0,0.0,-0.0047828578390181065,0.0014122986467555165,-0.1662805825471878,-0.03297607600688934,-0.12342163920402527,-0.10381931066513062,-0.1861920952796936,-0.15499436855316162,-0.5446814298629761,-46.774620056152344,-0.23512466251850128,0.3867209553718567,-0.02253805100917816,-0.16215868294239044,0.10656765103340149,-0.2956819236278534,0.07041087746620178,12.509596824645996,10.1673583984375,12.010272026062012,12.10107135772705,-0.027597656473517418,-0.03066406212747097,0.0076660155318677425,-0.019931640475988388,0.0,-0.03387104719877243,-0.003785086562857032,0.005921074189245701,-0.02595389261841774,0.0,0.024402832612395287,0.11668050289154053,-10.043255805969238,-0.028180792927742004,-0.09903298318386078,-8.504476547241211,0.0,0.0,0.0,0.0,0.0,0.0,0.0,0.0,0.0,0.0,0.0,0.0,-0.034470997750759125,-0.006190754473209381,0.00752383703365922,-0.024933790788054466,0.2906024754047394,0.24456126987934113,0.28088027238845825,0.2826518714427948,-0.34310615062713623,-1.9708765745162964,-0.09644738584756851,0.0,0.0,0.0,0.0,0.0,0.0,0.0
36597465087,0,0.019764289259910583,-0.04994174465537071,-0.8510044813156128,6.569455581484362e-05,-0.04113857448101044,-0.8442511558532715,-0.03455665335059166,-0.001121872803196311,0.013233951292932034,-0.03939738869667053,0.017606427893042564,0.006753325462341309,0.016118334606289864,0.01074603758752346,0.1504327952861786,0.0,0.0,-0.0047828578390181065,-0.004085698630660772,-0.1753567010164261,-0.02544965222477913,-0.12542207539081573,-0.08936715871095657,-0.18611621856689453,-0.14489921927452087,-0.575086236000061,-46.81980895996094,-0.22719040513038635,0.4020349681377411,-0.02926778793334961,-0.16309374570846558,0.10776770114898682,-0.29618456959724426,0.06793319433927536,12.723784446716309,9.999099731445312,12.154871940612793,11.95504379272461,-0.029130859300494194,-0.029130859300494194,0.006132812704890966,-0.02299804612994194,0.0,-0.03394525125622749,-0.002518403809517622,0.006357780657708645,-0.027554189786314964,0.0,0.024402832612395287,0.11668050289154053,-10.043255805969238,-0.02634531259536743,-0.10456113517284393,-8.51269245147705,0.0,0.0,0.0,0.0,0.0,0.0,0.0,0.0,0.0,0.0,0.0,0.0,-0.03474561497569084,-0.005081321112811565,0.007482173852622509,-0.025690855458378792,0.2947576940059662,0.2412102073431015,0.2837008535861969,0.27980196475982666,-0.41088178753852844,-1.5264723300933838,0.35303840041160583,0.0,0.0,0.0,0.0,0.0,0.0,0.0
36607257328,0,0.019764289259910583,-0.04994174465537071,-0.8510044813156128,6.569455581484362e-05,-0.04113857448101044,-0.8442511558532715,-0.03455665335059166,-0.001121872803196311,0.013233951292932034,-0.03939738869667053,0.017606427893042564,0.006753325462341309,0.016118334606289864,0.01074603758752346,0.1504327952861786,0.0,0.0,-0.0047828578390181065,-0.006405605468899012,-0.17065495252609253,-0.020555242896080017,-0.12469740211963654,-0.07540541887283325,-0.18645918369293213,-0.14489921927452087,-0.575086236000061,-46.81980895996094,-0.22719040513038635,0.4020349681377411,-0.02926778793334961,-0.16309374570846558,0.10776770114898682,-0.29618456959724426,0.06793319433927536,12.723784446716309,9.999099731445312,12.154871940612793,11.95504379272461,-0.029130859300494194,-0.026064453646540642,0.003066406352445483,-0.024531250819563866,0.0,-0.03394525125622749,-0.002518403809517622,0.006357780657708645,-0.027554189786314964,0.0,-0.1416650265455246,0.3653666377067566,-9.862181663513184,-0.02634531259536743,-0.10456113517284393,-8.51269245147705,0.0,0.0,0.0,0.0,0.0,0.0,0.0,0.0,0.0,0.0,0.0,0.0,-0.03472956269979477,-0.004121194593608379,0.007234056480228901,-0.026333201676607132,0.2947576940059662,0.2412102073431015,0.2837008535861969,0.27980196475982666,-0.24032284319400787,-0.16880637407302856,0.21327978372573853,0.0,0.0,0.0,0.0,0.0,0.0,0.0
36616737030,0,0.01984409987926483,-0.0504431389272213,-0.8507662415504456,6.569455581484362e-05,-0.04113857448101044,-0.8442511558532715,-0.04059794545173645,0.013596831820905209,0.010848494246602058,-0.03955700993537903,0.018609222024679184,0.006515085697174072,0.016683777794241905,0.0076451376080513,0.1501074731349945,0.0,0.0,-0.0047828578390181065,-0.006405605468899012,-0.17065495252609253,-0.020555242896080017,-0.1248212605714798,-0.06287197023630142,-0.18598604202270508,-0.103951096534729,-0.7334883213043213,-46.70111083984375,-0.22646787762641907,0.406999409198761,-0.02466493844985962,-0.16506460309028625,0.11045544594526291,-0.29752835631370544,0.06352364271879196,12.585003852844238,10.078773498535156,12.003581047058105,12.045308113098145,-0.029130859300494194,-0.024531250819563866,0.004599609412252903,-0.026064453646540642,0.0,-0.03779185935854912,0.004281983710825443,0.009719044901430607,-0.03337961807847023,0.0,-0.1416650265455246,0.3653666377067566,-9.862181663513184,-0.018900198861956596,-0.13336151838302612,-8.491110801696777,0.0,0.0,0.0,0.0,0.0,0.0,0.0,0.0,0.0,0.0,0.0,0.0,-0.03475439175963402,-0.0030395202338695526,0.007105393800884485,-0.02714315801858902,0.29206618666648865,0.24279765784740448,0.280749648809433,0.28156402707099915,-0.24032284319400787,-0.16880637407302856,0.21327978372573853,0.0,0.0,0.0,0.0,0.0,0.0,0.0
36626684227,0,0.01984129659831524,-0.050812896341085434,-0.8505370616912842,6.569455581484362e-05,-0.04113857448101044,-0.8442511558532715,-0.04256916046142578,0.01830883137881756,0.009010588750243187,-0.03955140337347984,0.019348740577697754,0.006285905838012695,0.015988992527127266,0.0049145957455039024,0.1494726836681366,0.0,0.0,-0.0047828578390181065,-0.007846145890653133,-0.17496463656425476,-0.02831767313182354,-0.1262224167585373,-0.0342731811106205,-0.18525293469429016,-0.06530792266130447,-0.7739070057868958,-46.63764190673828,-0.2287556529045105,0.4334412217140198,-0.009488075971603394,-0.16652537882328033,0.11045544594526291,-0.29752835631370544,0.06352364271879196,12.22606086730957,10.39961051940918,11.572566032409668,12.452508926391602,-0.027597656473517418,-0.021464843302965164,0.0076660155318677425,-0.027597656473517418,0.0,-0.03908329829573631,0.006685083266347647,0.009998071007430553,-0.03466128185391426,0.0,-0.1173623576760292,0.14459174871444702,-9.939406394958496,-0.016211669892072678,-0.14174431562423706,-8.478445053100586,0.0,0.0,0.0,0.0,0.0,0.0,0.0,0.0,0.0,0.0,0.0,0.0,-0.03520922362804413,-0.0013593777548521757,0.007382216397672892,-0.02848268672823906,0.29206618666648865,0.24279765784740448,0.280749648809433,0.28156402707099915,-0.18678385019302368,-0.2760698199272156,-0.2047535926103592,0.0,0.0,0.0,0.0,0.0,0.0,0.0
36636752555,0,0.01984129659831524,-0.050812896341085434,-0.8505370616912842,6.569455581484362e-05,-0.04113857448101044,-0.8442511558532715,-0.04256916046142578,0.01830883137881756,0.009010588750243187,-0.03955140337347984,0.019348740577697754,0.006285905838012695,0.015988992527127266,0.0049145957455039024,0.1494726836681366,0.0,0.0,-0.0047828578390181065,-0.007846145890653133,-0.17496463656425476,-0.02831767313182354,-0.1262224167585373,-0.0342731811106205,-0.18525293469429016,-0.06530792266130447,-0.7739070057868958,-46.63764190673828,-0.2287556529045105,0.4334412217140198,-0.009488075971603394,-0.16652537882328033,0.11262491345405579,-0.29868945479393005,0.06053152680397034,12.22606086730957,10.39961051940918,11.572566032409668,12.452508926391602,-0.027597656473517418,-0.019931640475988388,0.010732421651482582,-0.029130859300494194,0.0,-0.03908329829573631,0.006685083266347647,0.009998071007430553,-0.03466128185391426,0.0,-0.1173623576760292,0.14459174871444702,-9.939406394958496,-0.016211669892072678,-0.14174431562423706,-8.478445053100586,0.0,0.0,0.0,0.0,0.0,0.0,0.0,0.0,0.0,0.0,0.0,0.0,-0.036088209599256516,0.0008404992986470461,0.007988185621798038,-0.03022247739136219,0.285087913274765,0.2491770088672638,0.27231723070144653,0.28949329257011414,-0.18678385019302368,-0.2760698199272156,-0.2047535926103592,0.0,0.0,0.0,0.0,0.0,0.0,0.0
36647271832,0,0.019591933116316795,-0.05120514705777168,-0.8502606153488159,6.569455581484362e-05,-0.04113857448101044,-0.8442511558532715,-0.04704335331916809,0.01591694913804531,0.0053212931379675865,-0.03905267268419266,0.02013324573636055,0.006009459495544434,0.014625451527535915,0.001810113899409771,0.14950892329216003,0.0,0.0,-0.0047828578390181065,-0.03372476249933243,-0.14585819840431213,-0.023758158087730408,-0.11577197164297104,-0.017971016466617584,-0.18509985506534576,-0.07764195650815964,-0.7558265328407288,-46.590126037597656,-0.18799720704555511,0.4099361300468445,-0.013705149292945862,-0.16860119998455048,0.11262491345405579,-0.29868945479393005,0.06053152680397034,12.344228744506836,10.381845474243164,11.641454696655273,12.235239028930664,-0.027597656473517418,-0.016865234822034836,0.009199218824505806,-0.03066406212747097,0.0,-0.038727182894945145,0.005443400703370571,0.009570550173521042,-0.03458215296268463,0.0,-0.28244748711586,-0.17438241839408875,-9.897271156311035,-0.00544479675590992,-0.13683108985424042,-8.453987121582031,0.0,0.0,0.0,0.0,0.0,0.0,0.0,0.0,0.0,0.0,0.0,0.0,-0.03705675154924393,0.00294362916611135,0.008637364953756332,-0.03189355880022049,0.285087913274765,0.2491770088672638,0.27231723070144653,0.28949329257011414,-0.9399182200431824,1.1051849126815796,0.14328588545322418,0.0,0.0,0.0,0.0,0.0,0.0,0.0
36656988467,0,0.019591933116316795,-0.05120514705777168,-0.8502606153488159,6.569455581484362e-05,-0.04113857448101044,-0.8442511558532715,-0.04704335331916809,0.01591694913804531,0.0053212931379675865,-0.038697198033332825,0.02022019401192665,0.005926072597503662,0.014625451527535915,0.001810113899409771,0.14950892329216003,0.0,0.0,-0.0047828578390181065,-0.05149177834391594,-0.11139783263206482,-0.01896660402417183,-0.11577197164297104,-0.017971016466617584,-0.18509985506534576,-0.07764195650815964,-0.7558265328407288,-46.590126037597656,-0.18799720704555511,0.4099361300468445,-0.013705149292945862,-0.16860119998455048,0.11552660912275314,-0.3004576563835144,0.056802213191986084,12.344228744506836,10.381845474243164,11.641454696655273,12.235239028930664,-0.029130859300494194,-0.016865234822034836,0.0076660155318677425,-0.032197266817092896,0.0,-0.038727182894945145,0.005443400703370571,0.009570550173521042,-0.03458215296268463,0.0,-0.28244748711586,-0.17438241839408875,-9.897271156311035,0.0035162735730409622,-0.13943980634212494,-8.452615737915039,0.0,0.0,0.0,0.0,0.0,0.0,0.0,0.0,0.0,0.0,0.0,0.0,-0.03785775974392891,0.004496531095355749,0.009148558601737022,-0.03321518748998642,0.28738802671432495,0.24882446229457855,0.27366742491722107,0.28526654839515686,-1.2437702417373657,2.160557508468628,0.3266899287700653,0.0,0.0,0.0,0.0,0.0,0.0,0.0
36666917664,0,0.01941419579088688,-0.05124862119555473,-0.8501772284507751,6.569455581484362e-05,-0.04113857448101044,-0.8442511558532715,-0.05130819231271744,0.016633518040180206,0.0049054971896111965,-0.038697198033332825,0.02022019401192665,0.005926072597503662,0.014093738049268723,0.0013909315457567573,0.14941728115081787,0.0,0.0,-0.0047828578390181065,-0.05149177834391594,-0.11139783263206482,-0.01896660402417183,-0.11165013909339905,-0.01450761966407299,-0.18499448895454407,-0.029946383088827133,-0.7525709867477417,-46.49692916870117,-0.1624017059803009,0.37492501735687256,-0.013316512107849121,-0.16939327120780945,0.11641927063465118,-0.30081871151924133,0.05562208592891693,12.295576095581055,10.46139907836914,11.623735427856445,12.12827205657959,-0.03066406212747097,-0.016865234822034836,0.0076660155318677425,-0.032197266817092896,0.0,-0.03748442605137825,0.006821633316576481,0.007961257360875607,-0.03625461459159851,0.0,-0.07504268735647202,0.3100796937942505,-10.162662506103516,0.0035162735730409622,-0.13943980634212494,-8.452615737915039,0.0,0.0,0.0,0.0,0.0,0.0,0.0,0.0,0.0,0.0,0.0,0.0,-0.03835480287671089,0.00549857085570693,0.009403598494827747,-0.03419457748532295,0.28644147515296936,0.2504030466079712,0.27332019805908203,0.2831823527812958,-1.2437702417373657,2.160557508468628,0.3266899287700653,0.0,0.0,0.0,0.0,0.0,0.0,0.0
36676879895,0,0.01941419579088688,-0.05124862119555473,-0.8501772284507751,6.569455581484362e-05,-0.04113857448101044,-0.8442511558532715,-0.05130819231271744,0.016633518040180206,0.0049054971896111965,-0.038697198033332825,0.02022019401192665,0.005926072597503662,0.014093738049268723,0.0013909315457567573,0.14941728115081787,0.0,0.0,-0.0047828578390181065,-0.07270237058401108,-0.06947808712720871,-0.02257419005036354,-0.10468921810388565,-0.012041791342198849,-0.18457481265068054,0.0309261716902256,-0.7651194334030151,-46.638938903808594,-0.1316794902086258,0.337125688791275,-0.0033339262008666992,-0.17066927254199982,0.11756479740142822,-0.30074530839920044,0.05401936173439026,12.070486068725586,10.851680755615234,11.420929908752441,12.30846881866455,-0.03066406212747097,-0.016865234822034836,0.009199218824505806,-0.03373046964406967,0.0,-0.03688231483101845,0.008840642869472504,0.006485193967819214,-0.037946783006191254,0.0,-0.07504268735647202,0.3100796937942505,-10.162662506103516,0.0035162735730409622,-0.13943980634212494,-8.452615737915039,0.0,0.0,0.0,0.0,0.0,0.0,0.0,0.0,0.0,0.0,0.0,0.0,-0.03846820071339607,0.0062650879845023155,0.00926902424544096,-0.035057298839092255,0.28205543756484985,0.2581290304660797,0.2693415880203247,0.2866922616958618,-1.320027232170105,2.4483749866485596,-0.08858565241098404,0.0,0.0,0.0,0.0,0.0,0.0,0.0
36686869884,0,0.019072754308581352,-0.0513271801173687,-0.8500378727912903,6.569455581484362e-05,-0.04113857448101044,-0.8442511558532715,-0.04909058287739754,0.020699456334114075,0.011468183249235153,-0.03801431134343147,0.02037731371819973,0.005786716938018799,0.012116117402911186,0.0007493695011362433,0.14847497642040253,0.0,0.0,-0.0047828578390181065,-0.0819103941321373,-0.03326750919222832,-0.03634670749306679,-0.09107795357704163,-0.005700623616576195,-0.18310262262821198,-0.017187103629112244,-0.8123672604560852,-46.76041030883789,-0.12137912213802338,0.3074898421764374,0.015682801604270935,-0.1722320169210434,0.11859679222106934,-0.29981729388237,0.052099257707595825,11.593761444091797,11.420654296875,11.007546424865723,12.75191879272461,-0.03066406212747097,-0.015332031063735485,0.009199218824505806,-0.03526367247104645,0.0,-0.041456613689661026,0.008224657736718655,0.009637443348765373,-0.03673586994409561,0.0,-0.4352215528488159,0.05087755247950554,-9.880555152893066,-0.0006452035158872604,-0.14685918390750885,-8.505073547363281,0.0,0.0,0.0,0.0,0.0,0.0,0.0,0.0,0.0,0.0,0.0,0.0,-0.03847012668848038,0.006995773408561945,0.008902659639716148,-0.035880859941244125,0.2727326452732086,0.2693360447883606,0.2612057328224182,0.2953028380870819,-0.6385233402252197,1.9894330501556396,-0.5616981387138367,0.0,0.0,0.0,0.0,0.0,0.0,0.0
36696746960,0,0.018690695986151695,-0.05136788636445999,-0.8499270677566528,6.569455581484362e-05,-0.04113857448101044,-0.8442511558532715,-0.044908542186021805,0.02426089160144329,0.008731290698051453,-0.03725019097328186,0.020458726212382317,0.005675911903381348,0.010419303551316261,0.0006826432654634118,0.14745163917541504,0.0,0.0,-0.0047828578390181065,-0.08165333420038223,-0.011163555085659027,-0.03926781192421913,-0.08433398604393005,-0.009053788147866726,-0.18274608254432678,-0.017187103629112244,-0.8123672604560852,-46.76041030883789,-0.12137912213802338,0.3074898421764374,0.015682801604270935,-0.1722320169210434,0.11859679222106934,-0.29981729388237,0.052099257707595825,11.45386028289795,11.514389038085938,10.94442367553711,12.753533363342285,-0.029130859300494194,-0.012265625409781933,0.009199218824505806,-0.03526367247104645,0.0,-0.04196327179670334,0.0081576993688941,0.00969303771853447,-0.036731213331222534,0.0,0.20847539603710175,0.40101489424705505,-10.036553382873535,-0.00841479655355215,-0.15264958143234253,-8.482227325439453,0.0,0.0,0.0,0.0,0.0,0.0,0.0,0.0,0.0,0.0,0.0,0.0,-0.03883451595902443,0.007607223931699991,0.008715209551155567,-0.03649931773543358,0.2727326452732086,0.2693360447883606,0.2612057328224182,0.2953028380870819,-0.2698567509651184,2.142681121826172,-0.461917519569397,0.0,0.0,0.0,0.0,0.0,0.0,0.0
36706629648,0,0.018690695986151695,-0.05136788636445999,-0.8499270677566528,6.569455581484362e-05,-0.04113857448101044,-0.8442511558532715,-0.044908542186021805,0.02426089160144329,0.008731290698051453,-0.03725019097328186,0.020458726212382317,0.005675911903381348,0.010419303551316261,0.0006826432654634118,0.14745163917541504,0.0,0.0,-0.0047828578390181065,-0.08165333420038223,-0.011163555085659027,-0.03926781192421913,-0.08433398604393005,-0.009053788147866726,-0.18274608254432678,-0.04628138244152069,-0.8395726680755615,-46.652252197265625,-0.11896677315235138,0.2797478139400482,0.018671005964279175,-0.17290711402893066,0.11898469179868698,-0.29906484484672546,0.05124656856060028,11.45386028289795,11.514389038085938,10.94442367553711,12.753533363342285,-0.029130859300494194,-0.012265625409781933,0.010732421651482582,-0.036796875298023224,0.0,-0.04376683384180069,0.00803596992045641,0.0114448182284832,-0.0367363877594471,0.0,0.20847539603710175,0.40101489424705505,-10.036553382873535,-0.00841479655355215,-0.15264958143234253,-8.482227325439453,0.0,0.0,0.0,0.0,0.0,0.0,0.0,0.0,0.0,0.0,0.0,0.0,-0.039650898426771164,0.008006993681192398,0.008881703019142151,-0.03684672713279724,0.2699880301952362,0.2711760699748993,0.2599603831768036,0.29533395171165466,-0.2698567509651184,2.142681121826172,-0.461917519569397,0.0,0.0,0.0,0.0,0.0,0.0,0.0
36716913125,0,0.018476467579603195,-0.05133579671382904,-0.8498713970184326,6.569455581484362e-05,-0.04113857448101044,-0.8442511558532715,-0.04411424323916435,0.02784763090312481,0.0068594785407185555,-0.03682173043489456,0.020394546911120415,0.005620241165161133,0.009969285689294338,0.0009000501595437527,0.1471446007490158,0.0,0.0,-0.0047828578390181065,-0.08165333420038223,-0.011163555085659027,-0.03926781192421913,-0.07765277475118637,-0.014294124208390713,-0.18242108821868896,-0.04628138244152069,-0.8395726680755615,-46.652252197265625,-0.11896677315235138,0.2797478139400482,0.018671005964279175,-0.17290711402893066,0.11898469179868698,-0.29906484484672546,0.05124656856060028,11.45386028289795,11.514389038085938,10.94442367553711,12.753533363342285,-0.03066406212747097,-0.009199218824505806,0.0076660155318677425,-0.038330078125,0.0,-0.04376683384180069,0.00803596992045641,0.0114448182284832,-0.0367363877594471,0.0,0.025050653144717216,0.4031159281730652,-9.815406799316406,-0.010202562436461449,-0.15972928702831268,-8.468063354492188,0.0,0.0,0.0,0.0,0.0,0.0,0.0,0.0,0.0,0.0,0.0,0.0,-0.04072870686650276,0.00821456778794527,0.009355738759040833,-0.036996990442276,0.2699880301952362,0.2711760699748993,0.2599603831768036,0.29533395171165466,-0.2698567509651184,2.142681121826172,-0.461917519569397,0.0,0.0,0.0,0.0,0.0,0.0,0.0
36726857805,0,0.01793817989528179,-0.05121337249875069,-0.8497059941291809,6.569455581484362e-05,-0.04113857448101044,-0.8442511558532715,-0.04673411697149277,0.037188220769166946,0.005717265419661999,-0.035745151340961456,0.020149696618318558,0.005454838275909424,0.009060386568307877,0.0017712415428832173,0.14688706398010254,0.0,0.0,-0.0047828578390181065,-0.0757652223110199,0.035462379455566406,-0.031145093962550163,-0.07001081109046936,-0.018393008038401604,-0.18225246667861938,-0.05321257561445236,-0.9068161249160767,-46.594520568847656,-0.11779133975505829,0.22431433200836182,0.009305328130722046,-0.17436349391937256,0.11898469179868698,-0.29906484484672546,0.05124656856060028,11.58977222442627,11.353074073791504,11.248141288757324,12.41850471496582,-0.032197266817092896,-0.009199218824505806,0.0076660155318677425,-0.038330078125,0.0,-0.04565497860312462,0.00988901685923338,0.013326676562428474,-0.03957386687397957,0.0,-0.08008833229541779,0.35447636246681213,-9.817100524902344,-0.00567878782749176,-0.17977839708328247,-8.460983276367188,0.0,0.0,0.0,0.0,0.0,0.0,0.0,0.0,0.0,0.0,0.0,0.0,-0.04190650209784508,0.008369184099137783,0.010061180219054222,-0.0371537022292614,0.2699880301952362,0.2711760699748993,0.2599603831768036,0.29533395171165466,0.20415806770324707,2.0300111770629883,0.22165878117084503,0.0,0.0,0.0,0.0,0.0,0.0,0.0
36736816985,0,0.017329012975096703,-0.05104716867208481,-0.8495133519172668,6.569455581484362e-05,-0.04113857448101044,-0.8442511558532715,-0.05153127387166023,0.04241715744137764,0.008454794064164162,-0.03452681005001068,0.019817287102341652,0.005262196063995361,0.007846307940781116,0.003471808973699808,0.1459813266992569,0.0,0.0,-0.0047828578390181065,-0.0757652223110199,0.035462379455566406,-0.031145093962550163,-0.061517369002103806,-0.029468975961208344,-0.18087154626846313,-0.05321257561445236,-0.9068161249160767,-46.594520568847656,-0.11779133975505829,0.22431433200836182,0.009305328130722046,-0.17436349391937256,0.11994534730911255,-0.2963363826274872,0.049727052450180054,11.58977222442627,11.353074073791504,11.248141288757324,12.41850471496582,-0.032197266817092896,-0.006132812704890966,0.009199218824505806,-0.039863280951976776,0.0,-0.04565497860312462,0.00988901685923338,0.013326676562428474,-0.03957386687397957,0.0,-0.08008833229541779,0.35447636246681213,-9.817100524902344,0.004684897139668465,-0.1926051676273346,-8.484853744506836,0.0,0.0,0.0,0.0,0.0,0.0,0.0,0.0,0.0,0.0,0.0,0.0,-0.043090347200632095,0.008640192449092865,0.010923883877694607,-0.037546463310718536,0.2726544439792633,0.268008291721344,0.2659452259540558,0.2888323962688446,0.20415806770324707,2.0300111770629883,0.22165878117084503,0.0,0.0,0.0,0.0,0.0,0.0,0.0
36746982300,0,0.017329012975096703,-0.05104716867208481,-0.8495133519172668,6.569455581484362e-05,-0.04113857448101044,-0.8442511558532715,-0.05153127387166023,0.04241715744137764,0.008454794064164162,-0.03452681005001068,0.019817287102341652,0.005262196063995361,0.007846307940781116,0.003471808973699808,0.1459813266992569,0.0,0.0,-0.0047828578390181065,-0.0659593939781189,0.06512226164340973,-0.03573628515005112,-0.061517369002103806,-0.029468975961208344,-0.18087154626846313,0.021160494536161423,-1.0329309701919556,-46.521331787109375,-0.12189943343400955,0.18277667462825775,0.020138487219810486,-0.17559140920639038,0.12091731280088425,-0.29281648993492126,0.04902440309524536,11.228339195251465,11.664203643798828,11.030802726745605,12.612804412841797,-0.032197266817092896,-0.006132812704890966,0.010732421651482582,-0.039863280951976776,0.0,-0.048875756561756134,0.015588273294270039,0.015126830898225307,-0.0446946881711483,0.0,0.13423840701580048,0.22983786463737488,-9.738564491271973,0.004684897139668465,-0.1926051676273346,-8.484853744506836,0.0,0.0,0.0,0.0,0.0,0.0,0.0,0.0,0.0,0.0,0.0,0.0,-0.04429440572857857,0.009266836568713188,0.011874597519636154,-0.038349974900484085,0.26555556058883667,0.2741130590438843,0.2616644501686096,0.29260578751564026,0.5424147844314575,1.5448576211929321,-0.2422923892736435,0.0,0.0,0.0,0.0,0.0,0.0,0.0
36756991429,0,0.016998643055558205,-0.05094360187649727,-0.849409818649292,6.569455581484362e-05,-0.04113857448101044,-0.8442511558532715,-0.052631836384534836,0.04167633131146431,0.0093776173889637,-0.033866070210933685,0.019610153511166573,0.005158662796020508,0.007153201848268509,0.004226008430123329,0.14559705555438995,0.0,0.0,-0.0047828578390181065,-0.06121757999062538,0.07221582531929016,-0.04170401021838188,-0.05583159253001213,-0.03529171645641327,-0.1804089993238449,0.02576693519949913,-1.0593284368515015,-46.66669464111328,-0.12267359346151352,0.17385464906692505,0.027536168694496155,-0.1762012541294098,0.12152591347694397,-0.2906854748725891,0.04866582155227661,11.063528060913086,11.899425506591797,10.898523330688477,12.820653915405273,-0.03066406212747097,-0.0076660155318677425,0.012265625409781933,-0.039863280951976776,0.0,-0.050361670553684235,0.01614568941295147,0.015956608578562737,-0.044877227395772934,0.0,0.13423840701580048,0.22983786463737488,-9.738564491271973,0.008371410891413689,-0.19208218157291412,-8.492218017578125,0.0,0.0,0.0,0.0,0.0,0.0,0.0,0.0,0.0,0.0,0.0,0.0,-0.04565192386507988,0.010504302568733692,0.012897531501948833,-0.0396881103515625,0.26230958104133606,0.27871546149253845,0.2590542435646057,0.29663392901420593,0.5816261172294617,1.193596601486206,-0.4453032910823822,0.0,0.0,0.0,0.0,0.0,0.0,0.0
36766822028,0,0.01629960723221302,-0.050680480897426605,-0.8491792678833008,6.569455581484362e-05,-0.04113857448101044,-0.8442511558532715,-0.05677118897438049,0.03636772558093071,0.010348553769290447,-0.03246799111366272,0.019083907827734947,0.004928112030029297,0.006159670185297728,0.005454614292830229,0.14539285004138947,0.0,0.0,-0.0047828578390181065,-0.04732644185423851,0.07498705387115479,-0.038129277527332306,-0.04957110434770584,-0.04601746425032616,-0.17946620285511017,0.02576693519949913,-1.0593284368515015,-46.66669464111328,-0.12267359346151352,0.17385464906692505,0.027536168694496155,-0.1762012541294098,0.12152591347694397,-0.2906854748725891,0.04866582155227661,11.063528060913086,11.899425506591797,10.898523330688477,12.820653915405273,-0.03066406212747097,-0.0076660155318677425,0.012265625409781933,-0.039863280951976776,0.0,-0.050361670553684235,0.01614568941295147,0.015956608578562737,-0.044877227395772934,0.0,0.1850285828113556,0.4162197709083557,-9.795395851135254,0.02078610472381115,-0.18426138162612915,-8.499616622924805,0.0,0.0,0.0,0.0,0.0,0.0,0.0,0.0,0.0,0.0,0.0,0.0,-0.047120094299316406,0.012128178961575031,0.013926827348768711,-0.041295330971479416,0.26230958104133606,0.27871546149253845,0.2590542435646057,0.29663392901420593,0.7031965851783752,0.3728284239768982,-0.03101135790348053,0.0,0.0,0.0,0.0,0.0,0.0,0.0
36776797882,0,0.01629960723221302,-0.050680480897426605,-0.8491792678833008,6.569455581484362e-05,-0.04113857448101044,-0.8442511558532715,-0.05677118897438049,0.03636772558093071,0.010348553769290447,-0.03246799111366272,0.019083907827734947,0.004928112030029297,0.006159670185297728,0.005454614292830229,0.14539285004138947,0.0,0.0,-0.0047828578390181065,-0.04732644185423851,0.07498705387115479,-0.038129277527332306,-0.04957110434770584,-0.04601746425032616,-0.17946620285511017,0.11432357877492905,-1.0134376287460327,-46.74789047241211,-0.13211466372013092,0.16179554164409637,0.023236379027366638,-0.17722783982753754,0.12283803522586823,-0.2865283489227295,0.04829889535903931,11.158601760864258,11.816341400146484,11.059768676757812,12.729756355285645,-0.03066406212747097,-0.006132812704890966,0.010732421651482582,-0.039863280951976776,0.0,-0.04576757177710533,0.01744154840707779,0.011324701830744743,-0.04647187888622284,0.0,0.1850285828113556,0.4162197709083557,-9.795395851135254,0.02078610472381115,-0.18426138162612915,-8.499616622924805,0.0,0.0,0.0,0.0,0.0,0.0,0.0,0.0,0.0,0.0,0.0,0.0,-0.04822837933897972,0.013727941550314426,0.014593919739127159,-0.04282029718160629,0.2641827166080475,0.2770909368991852,0.2622353732585907,0.29487344622612,0.7031965851783752,0.3728284239768982,-0.03101135790348053,0.0,0.0,0.0,0.0,0.0,0.0,0.0
36788056864,0,0.01629960723221302,-0.050680480897426605,-0.8491792678833008,6.569455581484362e-05,-0.04113857448101044,-0.8442511558532715,-0.05677118897438049,0.03636772558093071,0.010348553769290447,-0.03246799111366272,0.019083907827734947,0.004928112030029297,0.006159670185297728,0.005454614292830229,0.14539285004138947,0.0,0.0,-0.0047828578390181065,-0.038444407284259796,0.0771571695804596,-0.037903428077697754,-0.04957110434770584,-0.04601746425032616,-0.17946620285511017,0.13706818222999573,-1.0370323657989502,-46.75876998901367,-0.13970893621444702,0.15069934725761414,0.024093642830848694,-0.17772911489009857,0.12366397678852081,-0.28425711393356323,0.04830542206764221,11.111461639404297,11.845575332641602,11.069631576538086,12.748847961425781,-0.032197266817092896,-0.004599609412252903,0.012265625409781933,-0.039863280951976776,0.0,-0.04603803902864456,0.018735801801085472,0.011292537674307823,-0.04773152992129326,0.0,0.1850285828113556,0.4162197709083557,-9.795395851135254,0.02078610472381115,-0.18426138162612915,-8.499616622924805,0.0,0.0,0.0,0.0,0.0,0.0,0.0,0.0,0.0,0.0,0.0,0.0,-0.0485437773168087,0.01519991084933281,0.014530939050018787,-0.044228654354810715,0.2632541358470917,0.2776627242565155,0.26242977380752563,0.2952433228492737,0.79562908411026,0.3006662130355835,-0.044887181371450424,0.0,0.0,0.0,0.0,0.0,0.0,0.0
36796797180,0,0.01629960723221302,-0.050680480897426605,-0.8491792678833008,6.569455581484362e-05,-0.04113857448101044,-0.8442511558532715,-0.05677118897438049,0.03636772558093071,0.010348553769290447,-0.03053516522049904,0.0185769684612751,0.0046863555908203125,0.006159670185297728,0.005454614292830229,0.14539285004138947,0.0,0.0,-0.0047828578390181065,-0.03272990137338638,0.08262965828180313,-0.03986751288175583,-0.04957110434770584,-0.04601746425032616,-0.17946620285511017,0.13706818222999573,-1.0370323657989502,-46.75876998901367,-0.13970893621444702,0.15069934725761414,0.024093642830848694,-0.17772911489009857,0.12366397678852081,-0.28425711393356323,0.04830542206764221,11.111461639404297,11.845575332641602,11.069631576538086,12.748847961425781,-0.03066406212747097,-0.003066406352445483,0.013798828236758709,-0.04139648377895355,0.0,-0.04603803902864456,0.018735801801085472,0.011292537674307823,-0.04773152992129326,0.0,0.3140697479248047,0.15538255870342255,-9.694647789001465,0.026578327640891075,-0.1901240050792694,-8.511363983154297,0.0,0.0,0.0,0.0,0.0,0.0,0.0,0.0,0.0,0.0,0.0,0.0,-0.04822403937578201,0.016516605392098427,0.013903876766562462,-0.045509565621614456,0.2632541358470917,0.2776627242565155,0.26242977380752563,0.2952433228492737,0.7474254369735718,0.44473686814308167,-0.15700405836105347,0.0,0.0,0.0,0.0,0.0,0.0,0.0
36806720896,0,0.014833333902060986,-0.05029217526316643,-0.8488166332244873,6.569455581484362e-05,-0.04113857448101044,-0.8442511558532715,-0.055642712861299515,0.04014423117041588,0.012441810220479965,-0.029535425826907158,0.018307292833924294,0.00456547737121582,0.005663224030286074,0.007672943640500307,0.14439794421195984,0.0,0.0,-0.0047828578390181065,-0.02454025112092495,0.08986028283834457,-0.03753158450126648,-0.041839350014925,-0.06720415502786636,-0.1783900409936905,0.1276668757200241,-1.0660961866378784,-46.83464050292969,-0.15066619217395782,0.11696265637874603,0.024501517415046692,-0.17856737971305847,0.12542958557605743,-0.2797262966632843,0.048563942313194275,11.0513334274292,11.909492492675781,11.146944046020508,12.743382453918457,-0.03373046964406967,-0.003066406352445483,0.016865234822034836,-0.04292968660593033,0.0,-0.04760317504405975,0.01914254203438759,0.012352564372122288,-0.04836975410580635,0.0,0.3140697479248047,0.15538255870342255,-9.694647789001465,0.023212159052491188,-0.19383566081523895,-8.515389442443848,0.0,0.0,0.0,0.0,0.0,0.0,0.0,0.0,0.0,0.0,0.0,0.0,-0.04773561283946037,0.01759243756532669,0.013162517920136452,-0.046578992158174515,0.2620692253112793,0.2789120674133301,0.26395300030708313,0.29513734579086304,0.7937504053115845,0.5699209570884705,-0.014191651716828346,0.0,0.0,0.0,0.0,0.0,0.0,0.0
36817468838,0,0.014833333902060986,-0.05029217526316643,-0.8488166332244873,6.569455581484362e-05,-0.04113857448101044,-0.8442511558532715,-0.055642712861299515,0.04014423117041588,0.012441810220479965,-0.02605356089770794,0.01704423502087593,0.004229843616485596,0.005663224030286074,0.007672943640500307,0.14439794421195984,0.0,0.0,-0.019745439291000366,-0.02454025112092495,0.08986028283834457,-0.03753158450126648,-0.041839350014925,-0.06720415502786636,-0.1783900409936905,0.1276668757200241,-1.0660961866378784,-46.83464050292969,-0.15066619217395782,0.11696265637874603,0.024501517415046692,-0.17856737971305847,0.12542958557605743,-0.2797262966632843,0.048563942313194275,11.0513334274292,11.909492492675781,11.146944046020508,12.743382453918457,-0.03373046964406967,-0.003066406352445483,0.016865234822034836,-0.044462889432907104,0.0,-0.04760317504405975,0.01914254203438759,0.012352564372122288,-0.04836975410580635,0.0,0.2426244467496872,0.18873059749603271,-9.637445449829102,0.02369622327387333,-0.20803086459636688,-8.553144454956055,0.0,0.0,0.0,0.0,0.0,0.0,0.0,0.0,0.0,0.0,0.0,0.0,-0.04739875718951225,0.018388818949460983,0.012599548324942589,-0.04740595445036888,0.2620692253112793,0.2789120674133301,0.26395300030708313,0.29513734579086304,0.7937504053115845,0.5699209570884705,-0.014191651716828346,0.0,0.0,0.0,0.0,0.0,0.0,0.0
36826777967,0,0.013092409819364548,-0.04966064915060997,-0.8484809994697571,6.569455581484362e-05,-0.04113857448101044,-0.8442511558532715,-0.05327708274126053,0.045840874314308167,0.017679482698440552,-0.02605356089770794,0.01704423502087593,0.004229843616485596,0.005884385667741299,0.009946225211024284,0.14328376948833466,0.0,0.0,-0.019745439291000366,0.00034483804483897984,0.08451545983552933,-0.026542913168668747,-0.04417694732546806,-0.08055530488491058,-0.19556209444999695,0.1303292214870453,-1.144169807434082,-47.042293548583984,-0.19602668285369873,0.11942866444587708,-0.001824602484703064,-0.17966070771217346,0.12906403839588165,-0.2723291218280792,0.05005808174610138,11.695690155029297,11.22964859008789,11.923319816589355,12.210790634155273,-0.03526367247104645,-0.0015332031762227416,0.016865234822034836,-0.044462889432907104,0.0,-0.04736249893903732,0.022738207131624222,0.013684827834367752,-0.05291945859789848,0.0,0.08034032583236694,0.19327417016029358,-9.721270561218262,0.02369622327387333,-0.20803086459636688,-8.553144454956055,0.0,0.0,0.0,0.0,0.0,0.0,0.0,0.0,0.0,0.0,0.0,0.0,-0.047259699553251266,0.019085446372628212,0.012338557280600071,-0.048200394958257675,0.27409884333610535,0.26661720871925354,0.27824652194976807,0.2845727801322937,1.0996248722076416,-0.1689877212047577,0.37429481744766235,0.0,0.0,0.0,0.0,0.0,0.0,0.0
36836827324,0,0.011854598298668861,-0.04910312220454216,-0.8482462763786316,6.569455581484362e-05,-0.04113857448101044,-0.8442511558532715,-0.06068912893533707,0.05260300263762474,0.01246741320937872,-0.023577924817800522,0.015929175540804863,0.003995120525360107,0.006239281967282295,0.010813056491315365,0.1429702192544937,0.0,0.0,-0.12947113811969757,0.00034483804483897984,0.08451545983552933,-0.026542913168668747,-0.046777378767728806,-0.0875319242477417,-0.19518010318279266,0.1303292214870453,-1.144169807434082,-47.042293548583984,-0.19602668285369873,0.11942866444587708,-0.001824602484703064,-0.17966070771217346,0.12906403839588165,-0.2723291218280792,0.05005808174610138,11.695690155029297,11.22964859008789,11.923319816589355,12.210790634155273,-0.03373046964406967,0.0,0.015332031063735485,-0.04599609225988388,0.0,-0.04736249893903732,0.022738207131624222,0.013684827834367752,-0.05291945859789848,0.0,0.20376721024513245,0.12157662957906723,-9.50146484375,0.041011929512023926,-0.22644317150115967,-8.510302543640137,0.0,0.0,0.0,0.0,0.0,0.0,0.0,0.0,0.0,0.0,0.0,0.0,-0.04722138121724129,0.01993621326982975,0.01239716075360775,-0.049252014607191086,0.27472972869873047,0.265581339597702,0.27918219566345215,0.2847904860973358,1.0996248722076416,-0.1689877212047577,0.37429481744766235,0.0,0.0,0.0,0.0,0.0,0.0,0.0
36846809517,0,0.011854598298668861,-0.04910312220454216,-0.8482462763786316,6.569455581484362e-05,-0.04113857448101044,-0.8442511558532715,-0.06068912893533707,0.05260300263762474,0.01246741320937872,-0.023577924817800522,0.015929175540804863,0.003995120525360107,0.006239281967282295,0.010813056491315365,0.1429702192544937,0.0,0.0,-0.12947113811969757,0.016949530690908432,0.06260450184345245,-0.022902894765138626,-0.046777378767728806,-0.0875319242477417,-0.19518010318279266,0.16859886050224304,-1.1834490299224854,-46.98150634765625,-0.20350104570388794,0.1289685070514679,-0.0016570836305618286,-0.17996397614479065,0.13062486052513123,-0.2699548006057739,0.05092395842075348,11.681778907775879,11.191441535949707,11.900157928466797,12.227768898010254,-0.03526367247104645,0.0015332031762227416,0.013798828236758709,-0.05059570446610451,0.0,-0.04747780039906502,0.025236966088414192,0.013713755644857883,-0.05511841922998428,0.0,0.16620716452598572,-0.1481427550315857,-9.572408676147461,0.041011929512023926,-0.22644317150115967,-8.510302543640137,0.0,0.0,0.0,0.0,0.0,0.0,0.0,0.0,0.0,0.0,0.0,0.0,-0.04723389074206352,0.020986946299672127,0.01266492623835802,-0.05054739862680435,0.27472972869873047,0.265581339597702,0.27918219566345215,0.2847904860973358,0.9379342198371887,-0.8817813396453857,0.161885604262352,0.0,0.0,0.0,0.0,0.0,0.0,0.0
36857495909,0,0.011239178478717804,-0.04877824708819389,-0.8481273651123047,6.569455581484362e-05,-0.04113857448101044,-0.8442511558532715,-0.062053654342889786,0.051587145775556564,0.009363935329020023,-0.02234707958996296,0.015279421582818031,0.003876209259033203,0.00633290596306324,0.011171205900609493,0.1429486721754074,0.0,0.0,-0.12947113811969757,0.015804411843419075,0.05232115089893341,-0.018693210557103157,-0.04543377086520195,-0.09142067283391953,-0.32669296860694885,0.2542407214641571,-1.2455154657363892,-46.681663513183594,-0.19568860530853271,0.1295243799686432,-0.10505801439285278,-0.18038606643676758,0.13223588466644287,-0.26768556237220764,0.051956236362457275,14.210786819458008,8.538006782531738,14.39306926727295,9.559412956237793,-0.03373046964406967,0.003066406352445483,0.012265625409781933,-0.05366211012005806,0.0,-0.03846902772784233,0.039149343967437744,0.010727365501224995,-0.07605239748954773,0.0,0.16620716452598572,-0.1481427550315857,-9.572408676147461,0.04622558504343033,-0.2264573574066162,-8.48757553100586,0.0,0.0,0.0,0.0,0.0,0.0,0.0,0.0,0.0,0.0,0.0,0.0,-0.046864140778779984,0.02281448431313038,0.012851051986217499,-0.05289224162697792,0.27472972869873047,0.265581339597702,0.27918219566345215,0.2847904860973358,0.3317239284515381,-0.8455755710601807,0.23619037866592407,0.0,0.0,0.0,0.0,0.0,0.0,0.0
36866965876,0,0.011239178478717804,-0.04877824708819389,-0.8481273651123047,6.569455581484362e-05,-0.04113857448101044,-0.8442511558532715,-0.062053654342889786,0.051587145775556564,0.009363935329020023,-0.019948918372392654,0.014068666845560074,0.0036504268646240234,0.00633290596306324,0.011171205900609493,0.1429486721754074,0.0,0.0,-0.18433396518230438,0.015804411843419075,0.05232115089893341,-0.018693210557103157,-0.04543377086520195,-0.09142067283391953,-0.32669296860694885,0.2542407214641571,-1.2455154657363892,-46.681663513183594,-0.19568860530853271,0.1295243799686432,-0.10505801439285278,-0.18038606643676758,0.13223588466644287,-0.26768556237220764,0.051956236362457275,14.210786819458008,8.538006782531738,14.39306926727295,9.559412956237793,-0.03526367247104645,0.004599609412252903,0.012265625409781933,-0.055195312947034836,0.0,-0.03846902772784233,0.039149343967437744,0.010727365501224995,-0.07605239748954773,0.0,0.16620716452598572,-0.1481427550315857,-9.572408676147461,0.05350513756275177,-0.23359811305999756,-8.454015731811523,0.0,0.0,0.0,0.0,0.0,0.0,0.0,0.0,0.0,0.0,0.0,0.0,-0.045548755675554276,0.026085713878273964,0.01268848031759262,-0.0573534220457077,0.3233618140220642,0.21185413002967834,0.32683950662612915,0.2324247807264328,0.3317239284515381,-0.8455755710601807,0.23619037866592407,0.0,0.0,0.0,0.0,0.0,0.0,0.0
36877432631,0,0.0100401034578681,-0.04817287251353264,-0.8479015827178955,6.569455581484362e-05,-0.04113857448101044,-0.8442511558532715,-0.06376039981842041,0.05340834707021713,0.004394864663481712,-0.019948918372392654,0.014068666845560074,0.0036504268646240234,0.006093659438192844,0.012304925359785557,0.1423250436782837,0.0,0.0,-0.18433396518230438,-0.012925077229738235,0.055324964225292206,-0.050518643110990524,-0.03619862720370293,-0.10340863466262817,-0.39021968841552734,0.29427826404571533,-1.2847895622253418,-46.49708557128906,-0.14760494232177734,0.10521680116653442,-0.11510677635669708,-0.18123476207256317,0.1347915381193161,-0.26346373558044434,0.05392405390739441,14.451852798461914,8.352587699890137,14.561959266662598,9.150284767150879,-0.03526367247104645,0.0076660155318677425,0.013798828236758709,-0.05366211012005806,0.0,-0.03787221759557724,0.043268412351608276,0.010521055199205875,-0.08263561874628067,0.0,0.3931967318058014,-0.2498171478509903,-9.635396003723145,0.05350513756275177,-0.23359811305999756,-8.454015731811523,0.0,0.0,0.0,0.0,0.0,0.0,0.0,0.0,0.0,0.0,0.0,0.0,-0.043567899614572525,0.030295157805085182,0.012237128801643848,-0.06330164521932602,0.3279595375061035,0.20809520781040192,0.33005595207214355,0.22421252727508545,-1.0460139513015747,-0.04866674169898033,-1.2358291149139404,0.0,0.0,0.0,0.0,0.0,0.0,0.0
36887047910,0,0.009431981481611729,-0.04780786857008934,-0.8477956652641296,6.569455581484362e-05,-0.04113857448101044,-0.8442511558532715,-0.06360477954149246,0.04705461114645004,0.0031678280793130398,-0.018732666969299316,0.013338655233383179,0.0035445094108581543,0.00549581041559577,0.012995293363928795,0.14145977795124054,0.0,0.0,-0.18433396518230438,-0.02738892287015915,0.05624043941497803,-0.07266484200954437,-0.03409939631819725,-0.10633647441864014,-0.38908737897872925,0.31501635909080505,-1.2249577045440674,-46.463958740234375,-0.12887519598007202,0.0986393541097641,-0.09205827116966248,-0.18169990181922913,0.13567334413528442,-0.26141202449798584,0.0545908659696579,13.884138107299805,8.961800575256348,13.960701942443848,9.67963981628418,-0.036796875298023224,0.0076660155318677425,0.012265625409781933,-0.055195312947034836,0.0,-0.037404824048280716,0.038725465536117554,0.008897448889911175,-0.07672715932130814,0.0,0.3931967318058014,-0.2498171478509903,-9.635396003723145,0.05727570131421089,-0.22271957993507385,-8.447992324829102,0.0,0.0,0.0,0.0,0.0,0.0,0.0,0.0,0.0,0.0,0.0,0.0,-0.041548650711774826,0.03435973450541496,0.011633102782070637,-0.06921843439340591,0.3279595375061035,0.20809520781040192,0.33005595207214355,0.22421252727508545,-1.3508623838424683,0.019575780257582664,-1.8149570226669312,0.0,0.0,0.0,0.0,0.0,0.0,0.0
36897030498,0,0.009431981481611729,-0.04780786857008934,-0.8477956652641296,6.569455581484362e-05,-0.04113857448101044,-0.8442511558532715,-0.06360477954149246,0.04705461114645004,0.0031678280793130398,-0.0163028035312891,0.011658831499516964,0.003356039524078369,0.00549581041559577,0.012995293363928795,0.14145977795124054,0.0,0.0,-0.29904720187187195,-0.02738892287015915,0.05624043941497803,-0.07266484200954437,-0.03409939631819725,-0.10633647441864014,-0.38908737897872925,0.31501635909080505,-1.2249577045440674,-46.463958740234375,-0.12887519598007202,0.0986393541097641,-0.09205827116966248,-0.18169990181922913,0.13567334413528442,-0.26141202449798584,0.0545908659696579,13.884138107299805,8.961800575256348,13.960701942443848,9.67963981628418,-0.036796875298023224,0.009199218824505806,0.012265625409781933,-0.055195312947034836,0.0,-0.037404824048280716,0.038725465536117554,0.008897448889911175,-0.07672715932130814,0.0,0.32183462381362915,0.18251560628414154,-9.66582202911377,0.067978635430336,-0.21774357557296753,-8.50525188446045,0.0,0.0,0.0,0.0,0.0,0.0,0.0,0.0,0.0,0.0,0.0,0.0,-0.039812471717596054,0.03737391158938408,0.010906132869422436,-0.07378651201725006,0.3171144127845764,0.22041694819927216,0.31858035922050476,0.2348310798406601,-1.3508623838424683,0.019575780257582664,-1.8149570226669312,0.0,0.0,0.0,0.0,0.0,0.0,0.0
36907470079,0,0.008217055350542068,-0.04696796089410782,-0.8476071953773499,6.569455581484362e-05,-0.04113857448101044,-0.8442511558532715,-0.06589848548173904,0.042244914919137955,0.010057205334305763,-0.0163028035312891,0.011658831499516964,0.003356039524078369,0.004138841759413481,0.01366752851754427,0.13877028226852417,0.0,0.0,-0.29904720187187195,-0.05737925320863724,0.01119262631982565,-0.18262112140655518,-0.02624061331152916,-0.1099601686000824,-0.5237321257591248,0.3738825023174286,-1.197589635848999,-46.77888488769531,-0.08894665539264679,0.11383695900440216,-0.137473464012146,-0.18295541405677795,0.13694573938846588,-0.2567354142665863,0.05531284213066101,15.156609535217285,8.037652015686035,14.932050704956055,8.793719291687012,-0.03526367247104645,0.012265625409781933,0.010732421651482582,-0.05672851577401161,0.0,-0.0323406383395195,0.04439753666520119,0.006185381673276424,-0.08590136468410492,0.0,0.32183462381362915,0.18251560628414154,-9.66582202911377,0.067978635430336,-0.21774357557296753,-8.50525188446045,0.0,0.0,0.0,0.0,0.0,0.0,0.0,0.0,0.0,0.0,0.0,0.0,-0.038280703127384186,0.03936738148331642,0.01005282998085022,-0.0769990012049675,0.34186697006225586,0.19975608587265015,0.3400633931159973,0.21283157169818878,-0.8831017017364502,-1.5560823678970337,-3.809727191925049,0.0,0.0,0.0,0.0,0.0,0.0,0.0
36916742397,0,0.008217055350542068,-0.04696796089410782,-0.8476071953773499,6.569455581484362e-05,-0.04113857448101044,-0.8442511558532715,-0.06589848548173904,0.042244914919137955,0.010057205334305763,-0.0125023378059268,0.008997038006782532,0.0031384825706481934,0.004138841759413481,0.01366752851754427,0.13877028226852417,0.0,0.0,-0.3514162600040436,-0.05737925320863724,0.01119262631982565,-0.18262112140655518,-0.02624061331152916,-0.1099601686000824,-0.5237321257591248,0.3508204221725464,-1.2613976001739502,-46.896331787109375,-0.0862632766366005,0.153320774435997,-0.13259369134902954,-0.18369868397712708,0.13731913268566132,-0.2546790540218353,0.05496373772621155,15.156609535217285,8.037652015686035,14.932050704956055,8.793719291687012,-0.032197266817092896,0.016865234822034836,0.012265625409781933,-0.05826171860098839,0.0,-0.03442149609327316,0.04609105363488197,0.008188191801309586,-0.08763798326253891,0.0,0.32183462381362915,0.18251560628414154,-9.66582202911377,0.06556151807308197,-0.2420026659965515,-8.466572761535645,0.0,0.0,0.0,0.0,0.0,0.0,0.0,0.0,0.0,0.0,0.0,0.0,-0.03676087409257889,0.04109245538711548,0.009137021377682686,-0.07987856864929199,0.3413395881652832,0.20169274508953094,0.33708617091178894,0.21702544391155243,-0.8831017017364502,-1.5560823678970337,-3.809727191925049,0.0,0.0,0.0,0.0,0.0,0.0,0.0
36927105431,0,0.0063168322667479515,-0.04563707113265991,-0.8473896384239197,6.569455581484362e-05,-0.04113857448101044,-0.8442511558532715,-0.06228296086192131,0.05206688120961189,0.005200807470828295,-0.0125023378059268,0.008997038006782532,0.0031384825706481934,0.0028091995045542717,0.012560642324388027,0.13183553516864777,0.0,0.0,-0.3514162600040436,-0.05737925320863724,0.01119262631982565,-0.18262112140655518,-0.01259180624037981,-0.10154560953378677,-0.5789666175842285,0.3508204221725464,-1.2613976001739502,-46.896331787109375,-0.0862632766366005,0.153320774435997,-0.13259369134902954,-0.18369868397712708,0.13731913268566132,-0.2546790540218353,0.05496373772621155,15.156609535217285,8.037652015686035,14.932050704956055,8.793719291687012,-0.032197266817092896,0.019931640475988388,0.013798828236758709,-0.06286133080720901,0.0,-0.03442149609327316,0.04609105363488197,0.008188191801309586,-0.08763798326253891,0.0,0.41712212562561035,0.30317336320877075,-9.858292579650879,0.06556151807308197,-0.2420026659965515,-8.466572761535645,0.0,0.0,0.0,0.0,0.0,0.0,0.0,0.0,0.0,0.0,0.0,0.0,-0.035485733300447464,0.04278511926531792,0.008419137448072433,-0.08264648169279099,0.3413395881652832,0.20169274508953094,0.33708617091178894,0.21702544391155243,-0.8831017017364502,-1.5560823678970337,-3.809727191925049,0.0,0.0,0.0,0.0,0.0,0.0,0.0
36937066573,0,0.005700292531400919,-0.045130662620067596,-0.8473405838012695,6.569455581484362e-05,-0.04113857448101044,-0.8442511558532715,-0.06183822080492973,0.05486835539340973,-0.0031935670413076878,-0.011269252747297287,0.007984216324985027,0.003089427947998047,0.0019086501561105251,0.011781873181462288,0.12919451296329498,0.0,0.0,-0.4312167763710022,-0.07035447657108307,-0.04437720775604248,-0.2656492292881012,-0.006113693583756685,-0.09468929469585419,-0.5758215188980103,0.36058834195137024,-1.331014633178711,-46.5661506652832,-0.06527151167392731,0.2265588939189911,-0.059479594230651855,-0.18521897494792938,0.1376318335533142,-0.2519022226333618,0.05260851979255676,13.385883331298828,9.707757949829102,12.881242752075195,10.617947578430176,-0.032197266817092896,0.021464843302965164,0.013798828236758709,-0.06746093928813934,0.0,-0.040682606399059296,0.04088044911623001,0.011006341315805912,-0.07535863667726517,0.0,0.41712212562561035,0.30317336320877075,-9.858292579650879,0.06624255329370499,-0.2495531439781189,-8.404291152954102,0.0,0.0,0.0,0.0,0.0,0.0,0.0,0.0,0.0,0.0,0.0,0.0,-0.03495105728507042,0.043987251818180084,0.008153463713824749,-0.08436237275600433,0.3075461685657501,0.23539333045482635,0.29780665040016174,0.2535059452056885,-0.811954140663147,-2.4968760013580322,-4.053915500640869,0.0,0.0,0.0,0.0,0.0,0.0,0.0
36947074516,0,0.005700292531400919,-0.045130662620067596,-0.8473405838012695,6.569455581484362e-05,-0.04113857448101044,-0.8442511558532715,-0.06183822080492973,0.05486835539340973,-0.0031935670413076878,-0.011269252747297287,0.007984216324985027,0.003089427947998047,0.0019086501561105251,0.011781873181462288,0.12919451296329498,0.0,0.0,-0.4312167763710022,-0.07035447657108307,-0.04437720775604248,-0.2656492292881012,0.010466069914400578,-0.078419029712677,-0.7035300731658936,0.36058834195137024,-1.331014633178711,-46.5661506652832,-0.06527151167392731,0.2265588939189911,-0.059479594230651855,-0.18521897494792938,0.1376318335533142,-0.2519022226333618,0.05260851979255676,13.385883331298828,9.707757949829102,12.881242752075195,10.617947578430176,-0.03373046964406967,0.021464843302965164,0.012265625409781933,-0.0705273449420929,0.0,-0.040682606399059296,0.04088044911623001,0.011006341315805912,-0.07535863667726517,0.0,-0.13814954459667206,0.1854671835899353,-10.263360023498535,0.06624255329370499,-0.2495531439781189,-8.404291152954102,0.0,0.0,0.0,0.0,0.0,0.0,0.0,0.0,0.0,0.0,0.0,0.0,-0.035456884652376175,0.044245559722185135,0.008419228717684746,-0.0841113030910492,0.3075461685657501,0.23539333045482635,0.29780665040016174,0.2535059452056885,-0.811954140663147,-2.4968760013580322,-4.053915500640869,0.0,0.0,0.0,0.0,0.0,0.0,0.0
36956898481,0,0.004448994528502226,-0.04411425068974495,-0.8473244309425354,6.569455581484362e-05,-0.04113857448101044,-0.8442511558532715,-0.06401312351226807,0.045797690749168396,-0.004967954941093922,-0.008766643702983856,0.005951382219791412,0.003073275089263916,-0.0007124191615730524,0.010956536047160625,0.12311482429504395,0.0,0.0,-0.46612948179244995,-0.10612994432449341,-0.09382379800081253,-0.3493332862854004,0.010466069914400578,-0.078419029712677,-0.7035300731658936,0.42878830432891846,-1.2997474670410156,-46.20621871948242,-0.026619262993335724,0.2646235525608063,-0.11743861436843872,-0.18685445189476013,0.13708046078681946,-0.2503143846988678,0.048903077840805054,14.34042739868164,8.833721160888672,13.430131912231445,9.73449993133545,-0.03526367247104645,0.024531250819563866,0.010732421651482582,-0.07206054776906967,0.0,-0.03564339131116867,0.04620615392923355,0.007805502042174339,-0.08374183624982834,0.0,-0.08745615184307098,0.06015779823064804,-10.293463706970215,0.0779615119099617,-0.2363177239894867,-8.401130676269531,0.0,0.0,0.0,0.0,0.0,0.0,0.0,0.0,0.0,0.0,0.0,0.0,-0.03643747791647911,0.04399733245372772,0.008879667147994041,-0.08275944739580154,0.3357497751712799,0.2043904811143875,0.3216683864593506,0.22274790704250336,-1.0241140127182007,-1.8966478109359741,-2.9192636013031006,0.0,0.0,0.0,0.0,0.0,0.0,0.0
36966760618,0,0.004448994528502226,-0.04411425068974495,-0.8473244309425354,6.569455581484362e-05,-0.04113857448101044,-0.8442511558532715,-0.06401312351226807,0.045797690749168396,-0.004967954941093922,-0.008766643702983856,0.005951382219791412,0.003073275089263916,-0.0007124191615730524,0.010956536047160625,0.12311482429504395,0.0,0.0,-0.46612948179244995,-0.1197141483426094,-0.112942174077034,-0.3707505166530609,0.010466069914400578,-0.078419029712677,-0.7035300731658936,0.41726037859916687,-1.3769657611846924,-46.309513092041016,0.002779826521873474,0.292630136013031,-0.09214666485786438,-0.18778961896896362,0.13640564680099487,-0.2498413473367691,0.046625956892967224,14.34042739868164,8.833721160888672,13.430131912231445,9.73449993133545,-0.03373046964406967,0.027597656473517418,0.009199218824505806,-0.07359375059604645,0.0,-0.03790377452969551,0.04872305318713188,0.010066185146570206,-0.08624112606048584,0.0,-0.2685966193675995,-0.1877191662788391,-10.476103782653809,0.0779615119099617,-0.2363177239894867,-8.401130676269531,0.0,0.0,0.0,0.0,0.0,0.0,0.0,0.0,0.0,0.0,0.0,0.0,-0.03710995614528656,0.04415326565504074,0.009159853681921959,-0.08200443536043167,0.325835645198822,0.21783317625522614,0.30839765071868896,0.2359282374382019,-1.2542226314544678,-2.001512050628662,-2.665579080581665,0.0,0.0,0.0,0.0,0.0,0.0,0.0
36977887391,0,0.003155636368319392,-0.04299730435013771,-0.8474060297012329,6.569455581484362e-05,-0.04113857448101044,-0.8442511558532715,-0.062195442616939545,0.050727568566799164,-0.0043494743295013905,-0.0048309979028999805,0.002685828600078821,0.0032253265380859375,-0.002089085290208459,0.008138596080243587,0.1161889135837555,0.0,0.0,-0.4985484480857849,-0.1197141483426094,-0.112942174077034,-0.3707505166530609,0.010466069914400578,-0.078419029712677,-0.7035300731658936,0.4323732554912567,-1.3758227825164795,-46.26203918457031,0.030619293451309204,0.32358044385910034,-0.07245050370693207,-0.18861354887485504,0.13640564680099487,-0.2498413473367691,0.046625956892967224,13.923834800720215,9.312516212463379,12.838037490844727,10.221205711364746,-0.032197266817092896,0.029130859300494194,0.0076660155318677425,-0.07666015625,0.0,-0.03868969902396202,0.04665083438158035,0.01001299824565649,-0.08269783854484558,0.0,-0.2685966193675995,-0.1877191662788391,-10.476103782653809,0.09762208163738251,-0.2548319101333618,-8.343365669250488,0.0,0.0,0.0,0.0,0.0,0.0,0.0,0.0,0.0,0.0,0.0,0.0,-0.037519145756959915,0.04486149922013283,0.009358152747154236,-0.0821361392736435,0.325835645198822,0.21783317625522614,0.30839765071868896,0.2359282374382019,-1.2542226314544678,-2.001512050628662,-2.665579080581665,0.0,0.0,0.0,0.0,0.0,0.0,0.0
36986923678,0,0.0024811814073473215,-0.04248148202896118,-0.8474764823913574,6.569455581484362e-05,-0.04113857448101044,-0.8442511558532715,-0.07040562480688095,0.05107896029949188,-0.013357317075133324,-0.0048309979028999805,0.002685828600078821,0.0032253265380859375,-0.0032953510526567698,0.006587894633412361,0.11275141686201096,0.0,0.0,-0.4985484480857849,-0.13294684886932373,-0.13854452967643738,-0.3844178020954132,0.04051869735121727,-0.04410312697291374,-0.7295410633087158,0.5369214415550232,-1.4015755653381348,-45.888511657714844,0.05277092754840851,0.36600127816200256,-0.09154018759727478,-0.1895882785320282,0.134439155459404,-0.25003287196159363,0.04205656051635742,14.408858299255371,8.709818840026855,13.121590614318848,9.683514595031738,-0.03066406212747097,0.03066406212747097,0.009199218824505806,-0.07972656190395355,0.0,-0.0355256013572216,0.05505627021193504,0.007592691574245691,-0.09218764305114746,0.0,-0.2685966193675995,-0.1877191662788391,-10.476103782653809,0.09762208163738251,-0.2548319101333618,-8.343365669250488,0.0,0.0,0.0,0.0,0.0,0.0,0.0,0.0,0.0,0.0,0.0,0.0,-0.03775416687130928,0.046023350208997726,0.009467316791415215,-0.08290579915046692,0.32714030146598816,0.21533025801181793,0.3024512529373169,0.23490861058235168,-1.3744533061981201,-2.1527018547058105,-1.9770550727844238,0.0,0.0,0.0,0.0,0.0,0.0,0.0
36996848117,0,0.0024811814073473215,-0.04248148202896118,-0.8474764823913574,6.569455581484362e-05,-0.04113857448101044,-0.8442511558532715,-0.07040562480688095,0.05107896029949188,-0.013357317075133324,-0.0048309979028999805,0.002685828600078821,0.0032253265380859375,-0.0032953510526567698,0.006587894633412361,0.11275141686201096,0.0,0.0,-0.4985484480857849,-0.13294684886932373,-0.13854452967643738,-0.3844178020954132,0.04051869735121727,-0.04410312697291374,-0.7295410633087158,0.5369214415550232,-1.4015755653381348,-45.888511657714844,0.05277092754840851,0.36600127816200256,-0.09154018759727478,-0.1895882785320282,0.134439155459404,-0.25003287196159363,0.04205656051635742,14.408858299255371,8.709818840026855,13.121590614318848,9.683514595031738,-0.032197266817092896,0.03066406212747097,0.0076660155318677425,-0.08432617038488388,0.0,-0.0355256013572216,0.05505627021193504,0.007592691574245691,-0.09218764305114746,0.0,-0.2685966193675995,-0.1877191662788391,-10.476103782653809,0.09762208163738251,-0.2548319101333618,-8.343365669250488,0.0,0.0,0.0,0.0,0.0,0.0,0.0,0.0,0.0,0.0,0.0,0.0,-0.03760448843240738,0.04787382483482361,0.009286738932132721,-0.08455929160118103,0.32714030146598816,0.21533025801181793,0.3024512529373169,0.23490861058235168,-1.3744533061981201,-2.1527018547058105,-1.9770550727844238,0.0,0.0,0.0,0.0,0.0,0.0,0.0
37008276670,0,0.0004823380149900913,-0.04084659367799759,-0.847804844379425,6.569455581484362e-05,-0.04113857448101044,-0.8442511558532715,-0.0602540597319603,0.04833031818270683,-0.015399828553199768,-0.0008332910947501659,-0.0005839645164087415,0.0035536885261535645,-0.008051549084484577,0.002628317568451166,0.1019991859793663,0.0,0.0,-0.5459299683570862,-0.1511554718017578,-0.15847618877887726,-0.3997792601585388,0.06617308408021927,-0.01244844775646925,-0.7753463983535767,0.5461058616638184,-1.343026876449585,-45.67144012451172,0.0979326069355011,0.4076012074947357,-0.11705166101455688,-0.191605806350708,0.13130035996437073,-0.2516644299030304,0.037664756178855896,15.12541389465332,8.024588584899902,13.57162857055664,8.985490798950195,-0.03373046964406967,0.03066406212747097,0.0076660155318677425,-0.08432617038488388,0.0,-0.0324028842151165,0.05731058120727539,0.005414771847426891,-0.09766535460948944,0.0,0.5200539231300354,0.1613260805606842,-9.713976860046387,0.08673995733261108,-0.253656804561615,-8.343038558959961,0.0,0.0,0.0,0.0,0.0,0.0,0.0,0.0,0.0,0.0,0.0,0.0,-0.037003204226493835,0.05021325498819351,0.008784857578575611,-0.08703283220529556,0.34074917435646057,0.20142661035060883,0.3111185133457184,0.22089433670043945,-1.1904419660568237,-0.9909030199050903,-1.0682616233825684,0.0,0.0,0.0,0.0,0.0,0.0,0.0
37016644021,0,-0.0001845487131504342,-0.040298961102962494,-0.8479364514350891,6.569455581484362e-05,-0.04113857448101044,-0.8442511558532715,-0.06092273071408272,0.049507733434438705,-0.013627110980451107,0.0005004890263080597,-0.0016792351379990578,0.003685295581817627,-0.008774920366704464,0.0009483579779043794,0.09825793653726578,0.0,0.0,-0.5459299683570862,-0.15266011655330658,-0.15851938724517822,-0.4068574905395508,0.0701509490609169,0.0014859407674521208,-0.7708860039710999,0.47706976532936096,-1.39511239528656,-45.88671112060547,0.10830438137054443,0.41494929790496826,-0.10512512922286987,-0.1926661729812622,0.12935733795166016,-0.25271064043045044,0.03576107323169708,14.905086517333984,8.38483715057373,13.302971839904785,9.333514213562012,-0.03526367247104645,0.03066406212747097,0.009199218824505806,-0.0827929675579071,0.0,-0.035834163427352905,0.05399227514863014,0.008656620979309082,-0.09349176287651062,0.0,-0.02511361800134182,-0.03284788876771927,-9.8462553024292,0.09080584347248077,-0.25821515917778015,-8.358832359313965,0.0,0.0,0.0,0.0,0.0,0.0,0.0,0.0,0.0,0.0,0.0,0.0,-0.036160945892333984,0.052416395395994186,0.008166177198290825,-0.08976610004901886,0.33657482266426086,0.2087494283914566,0.3059491515159607,0.22789479792118073,-0.8298673629760742,-0.5221867561340332,-0.9447422027587891,0.0,0.0,0.0,0.0,0.0,0.0,0.0
37026932465,0,-0.0001845487131504342,-0.040298961102962494,-0.8479364514350891,6.569455581484362e-05,-0.04113857448101044,-0.8442511558532715,-0.06092273071408272,0.049507733434438705,-0.013627110980451107,0.0031022941693663597,-0.003939581103622913,0.003962397575378418,-0.008774920366704464,0.0009483579779043794,0.09825793653726578,0.0,0.0,-0.5583988428115845,-0.15266011655330658,-0.15851938724517822,-0.4068574905395508,0.0701509490609169,0.0014859407674521208,-0.7708860039710999,0.47706976532936096,-1.39511239528656,-45.88671112060547,0.10830438137054443,0.41494929790496826,-0.10512512922286987,-0.1926661729812622,0.12935733795166016,-0.25271064043045044,0.03576107323169708,14.905086517333984,8.38483715057373,13.302971839904785,9.333514213562012,-0.03373046964406967,0.03373046964406967,0.0076660155318677425,-0.08125976473093033,0.0,-0.035834163427352905,0.05399227514863014,0.008656620979309082,-0.09349176287651062,0.0,-0.20711123943328857,0.2960754334926605,-9.253992080688477,0.1216411367058754,-0.25046306848526,-8.354111671447754,0.0,0.0,0.0,0.0,0.0,0.0,0.0,0.0,0.0,0.0,0.0,0.0,-0.035528119653463364,0.05394380912184715,0.007802850566804409,-0.09199037402868271,0.33657482266426086,0.2087494283914566,0.3059491515159607,0.22789479792118073,-0.8298673629760742,-0.5221867561340332,-0.9447422027587891,0.0,0.0,0.0,0.0,0.0,0.0,0.0
37037402644,0,-0.0014854447217658162,-0.039168793708086014,-0.8482135534286499,6.569455581484362e-05,-0.04113857448101044,-0.8442511558532715,-0.0727943480014801,0.04238555580377579,-0.014464077539741993,0.0031022941693663597,-0.003939581103622913,0.003962397575378418,-0.01187199354171753,-0.0017895225901156664,0.09025683254003525,0.0,0.0,-0.5583988428115845,-0.14451532065868378,-0.1584569364786148,-0.4373423457145691,0.09174822270870209,0.026317162439227104,-0.7761787176132202,0.669026255607605,-1.3775469064712524,-45.94761276245117,0.104973703622818,0.4494282603263855,-0.07576225697994232,-0.19471101462841034,0.12527313828468323,-0.2548941969871521,0.03250429034233093,14.229667663574219,9.081140518188477,12.540426254272461,10.145296096801758,-0.03373046964406967,0.038330078125,0.009199218824505806,-0.0827929675579071,0.0,-0.032483093440532684,0.05640282481908798,0.003098582150414586,-0.09231320768594742,0.0,-0.20711123943328857,0.2960754334926605,-9.253992080688477,0.1216411367058754,-0.25046306848526,-8.354111671447754,0.0,0.0,0.0,0.0,0.0,0.0,0.0,0.0,0.0,0.0,0.0,0.0,-0.03511877357959747,0.05481515824794769,0.007525303401052952,-0.09330696612596512,0.32372215390205383,0.22282099723815918,0.2912011444568634,0.24412207305431366,0.3243822455406189,-0.2122327834367752,-1.4024442434310913,0.0,0.0,0.0,0.0,0.0,0.0,0.0
37046771002,0,-0.0014854447217658162,-0.039168793708086014,-0.8482135534286499,6.569455581484362e-05,-0.04113857448101044,-0.8442511558532715,-0.0727943480014801,0.04238555580377579,-0.014464077539741993,0.0031022941693663597,-0.003939581103622913,0.003962397575378418,-0.01187199354171753,-0.0017895225901156664,0.09025683254003525,0.0,0.0,-0.5583988428115845,-0.14451532065868378,-0.1584569364786148,-0.4373423457145691,0.09174822270870209,0.026317162439227104,-0.7761787176132202,0.6533163189888,-1.3770438432693481,-45.82489013671875,0.10040353983640671,0.4742783308029175,-0.07525224983692169,-0.19583363831043243,0.12301694601774216,-0.25629571080207825,0.030792027711868286,14.218195915222168,9.017213821411133,12.465001106262207,10.172781944274902,-0.03373046964406967,0.039863280951976776,0.010732421651482582,-0.08585937321186066,0.0,-0.0329735092818737,0.056030891835689545,0.003450764110311866,-0.09161768108606339,0.0,-0.20711123943328857,0.2960754334926605,-9.253992080688477,0.1216411367058754,-0.25046306848526,-8.354111671447754,0.0,0.0,0.0,0.0,0.0,0.0,0.0,0.0,0.0,0.0,0.0,0.0,-0.03460831195116043,0.0554082989692688,0.006844600662589073,-0.09379338473081589,0.3235033452510834,0.22153344750404358,0.2897361218929291,0.24466924369335175,0.3243822455406189,-0.2122327834367752,-1.4024442434310913,0.0,0.0,0.0,0.0,0.0,0.0,0.0
37057156879,0,-0.0027067232877016068,-0.03797860071063042,-0.8484434485435486,6.569455581484362e-05,-0.04113857448101044,-0.8442511558532715,-0.05766501650214195,0.045957911759614944,-0.0159633606672287,0.0055448636412620544,-0.006319979205727577,0.0041922926902771,-0.01403780560940504,-0.004985774401575327,0.08206714689731598,0.0,0.0,-0.5758551955223083,-0.12808774411678314,-0.1669735312461853,-0.4607589542865753,0.10824577510356903,0.06175416707992554,-0.7843114137649536,0.6533163189888,-1.3770438432693481,-45.82489013671875,0.10040353983640671,0.4742783308029175,-0.07525224983692169,-0.19583363831043243,0.12301694601774216,-0.25629571080207825,0.030792027711868286,14.218195915222168,9.017213821411133,12.465001106262207,10.172781944274902,-0.03373046964406967,0.039863280951976776,0.010732421651482582,-0.08892577886581421,0.0,-0.0329735092818737,0.056030891835689545,0.003450764110311866,-0.09161768108606339,0.0,-0.39781123399734497,-0.4275417923927307,-9.729327201843262,0.09648919850587845,-0.25929397344589233,-8.345454216003418,0.0,0.0,0.0,0.0,0.0,0.0,0.0,0.0,0.0,0.0,0.0,0.0,-0.034032970666885376,0.05583205819129944,0.005867321044206619,-0.09366323053836823,0.3235033452510834,0.22153344750404358,0.2897361218929291,0.24466924369335175,0.4634000062942505,-0.18817144632339478,-0.813687801361084,0.0,0.0,0.0,0.0,0.0,0.0,0.0
37066516379,0,-0.0032783460337668657,-0.03739224001765251,-0.8485572338104248,6.569455581484362e-05,-0.04113857448101044,-0.8442511558532715,-0.059541255235672,0.04656079784035683,-0.00885871984064579,0.00668811472132802,-0.007492706645280123,0.00430607795715332,-0.014270786195993423,-0.006785521283745766,0.07788810133934021,0.0,0.0,-0.5758551955223083,-0.12808774411678314,-0.1669735312461853,-0.4607589542865753,0.11906507611274719,0.07310986518859863,-0.7794972658157349,0.5650883316993713,-1.4446921348571777,-46.20730972290039,0.12336035817861557,0.5011773109436035,-0.06133045256137848,-0.1977727860212326,0.12301694601774216,-0.25629571080207825,0.030792027711868286,14.041060447692871,9.457070350646973,12.136999130249023,10.620095252990723,-0.032197266817092896,0.039863280951976776,0.010732421651482582,-0.09045898169279099,0.0,-0.037467293441295624,0.05242864415049553,0.007911133579909801,-0.08726008981466293,0.0,-0.39781123399734497,-0.4275417923927307,-9.729327201843262,0.10274333506822586,-0.2626712918281555,-8.401329040527344,0.0,0.0,0.0,0.0,0.0,0.0,0.0,0.0,0.0,0.0,0.0,0.0,-0.03376181796193123,0.055910978466272354,0.005146527197211981,-0.0930207297205925,0.3235033452510834,0.22153344750404358,0.2897361218929291,0.24466924369335175,0.4634000062942505,-0.18817144632339478,-0.813687801361084,0.0,0.0,0.0,0.0,0.0,0.0,0.0
37077277814,0,-0.0032783460337668657,-0.03739224001765251,-0.8485572338104248,6.569455581484362e-05,-0.04113857448101044,-0.8442511558532715,-0.059541255235672,0.04656079784035683,-0.00885871984064579,0.00668811472132802,-0.007492706645280123,0.00430607795715332,-0.014270786195993423,-0.006785521283745766,0.07788810133934021,0.0,0.0,-0.5758551955223083,-0.12808774411678314,-0.1669735312461853,-0.4607589542865753,0.11906507611274719,0.07310986518859863,-0.7794972658157349,0.5650883316993713,-1.4446921348571777,-46.20730972290039,0.12336035817861557,0.5011773109436035,-0.06133045256137848,-0.1977727860212326,0.11883427202701569,-0.25947657227516174,0.027994945645332336,14.041060447692871,9.457070350646973,12.136999130249023,10.620095252990723,-0.03066406212747097,0.039863280951976776,0.009199218824505806,-0.09199218451976776,0.0,-0.037467293441295624,0.05242864415049553,0.007911133579909801,-0.08726008981466293,0.0,0.2660771906375885,0.20467644929885864,-10.196059226989746,0.10274333506822586,-0.2626712918281555,-8.401329040527344,0.0,0.0,0.0,0.0,0.0,0.0,0.0,0.0,0.0,0.0,0.0,0.0,-0.03410491719841957,0.05547337979078293,0.005096412729471922,-0.09184276312589645,0.3198077082633972,0.2303059697151184,0.2834009826183319,0.25388848781585693,0.4634000062942505,-0.18817144632339478,-0.813687801361084,0.0,0.0,0.0,0.0,0.0,0.0,0.0
37087566795,0,-0.004413279239088297,-0.03625264763832092,-0.8487962484359741,6.569455581484362e-05,-0.04113857448101044,-0.8442511558532715,-0.06774555146694183,0.03859644755721092,-0.006976041477173567,0.008957992307841778,-0.009771903045475483,0.004545092582702637,-0.016986381262540817,-0.009522967971861362,0.0693424791097641,0.0,0.0,-0.5883240103721619,-0.11441545933485031,-0.1557600200176239,-0.4778788387775421,0.1227622926235199,0.0988883301615715,-0.7836304306983948,0.6908000707626343,-1.384997010231018,-46.260250091552734,0.12525075674057007,0.5178879499435425,-0.04539307951927185,-0.20003372430801392,0.11451538652181625,-0.26307737827301025,0.025709345936775208,13.681771278381348,9.851757049560547,11.726678848266602,11.057480812072754,-0.032197266817092896,0.04139648377895355,0.0076660155318677425,-0.09199218451976776,0.0,-0.03383713588118553,0.05244891718029976,0.002388379303738475,-0.08614172786474228,0.0,0.2660771906375885,0.20467644929885864,-10.196059226989746,0.12560001015663147,-0.25181764364242554,-8.410954475402832,0.0,0.0,0.0,0.0,0.0,0.0,0.0,0.0,0.0,0.0,0.0,0.0,-0.03472663834691048,0.05469725281000137,0.005336383357644081,-0.09036620706319809,0.3198077082633972,0.2303059697151184,0.2834009826183319,0.25388848781585693,0.5299057364463806,0.39996495842933655,-0.805427074432373,0.0,0.0,0.0,0.0,0.0,0.0,0.0
37096853010,0,-0.004413279239088297,-0.03625264763832092,-0.8487962484359741,6.569455581484362e-05,-0.04113857448101044,-0.8442511558532715,-0.06774555146694183,0.03859644755721092,-0.006976041477173567,0.008957992307841778,-0.009771903045475483,0.004545092582702637,-0.016986381262540817,-0.009522967971861362,0.0693424791097641,0.0,0.0,-0.5883240103721619,-0.11441545933485031,-0.1557600200176239,-0.4778788387775421,0.1227622926235199,0.0988883301615715,-0.7836304306983948,0.6524178981781006,-1.4227961301803589,-45.863685607910156,0.10608483105897903,0.523054301738739,-0.04453974962234497,-0.20115059614181519,0.1122327521443367,-0.2651240825653076,0.024587541818618774,13.538487434387207,9.73663330078125,11.62782096862793,11.018702507019043,-0.03373046964406967,0.04139648377895355,0.0076660155318677425,-0.09352538734674454,0.0,-0.036275800317525864,0.05292358621954918,0.004620648454874754,-0.08653747290372849,0.0,0.2660771906375885,0.20467644929885864,-10.196059226989746,0.12560001015663147,-0.25181764364242554,-8.410954475402832,0.0,0.0,0.0,0.0,0.0,0.0,0.0,0.0,0.0,0.0,0.0,0.0,-0.03514823690056801,0.05392163246870041,0.005268170032650232,-0.08893033117055893,0.31048160791397095,0.23597067594528198,0.2734001874923706,0.2614258825778961,0.5299057364463806,0.39996495842933655,-0.805427074432373,0.0,0.0,0.0,0.0,0.0,0.0,0.0
37106921246,0,-0.006038891151547432,-0.03450606018304825,-0.8490763902664185,6.569455581484362e-05,-0.04113857448101044,-0.8442511558532715,-0.05791085213422775,0.03971628472208977,-0.009840022772550583,0.012209232896566391,-0.013265094719827175,0.004825234413146973,-0.018051080405712128,-0.013471157290041447,0.05608062073588371,0.0,0.0,-0.6007928252220154,-0.05745968967676163,-0.12514913082122803,-0.49334967136383057,0.1344977170228958,0.136023610830307,-0.7776007652282715,0.6253218054771423,-1.422421932220459,-46.148197174072266,0.060992322862148285,0.5161214470863342,-0.030635923147201538,-0.20318526029586792,0.1122327521443367,-0.2651240825653076,0.024587541818618774,13.178301811218262,10.10159683227539,11.435806274414062,11.498809814453125,-0.03373046964406967,0.04139648377895355,0.0076660155318677425,-0.09352538734674454,0.0,-0.03815309330821037,0.04982791095972061,0.0053309849463403225,-0.08226127177476883,0.0,-0.05860588327050209,-0.14848478138446808,-9.378802299499512,0.11369486898183823,-0.2586221694946289,-8.390581130981445,0.0,0.0,0.0,0.0,0.0,0.0,0.0,0.0,0.0,0.0,0.0,0.0,-0.035537753254175186,0.05319129675626755,0.005044926889240742,-0.08756707608699799,0.31048160791397095,0.23597067594528198,0.2734001874923706,0.2614258825778961,1.714020848274231,1.1352589130401611,-0.4400523900985718,0.0,0.0,0.0,0.0,0.0,0.0,0.0
37117332395,0,-0.0065769306384027,-0.03398100286722183,-0.8491607308387756,6.569455581484362e-05,-0.04113857448101044,-0.8442511558532715,-0.061914801597595215,0.033785272389650345,0.000675948103889823,0.013285316526889801,-0.014315214939415455,0.00490957498550415,-0.018283717334270477,-0.014517072588205338,0.051495153456926346,0.0,0.0,-0.6007928252220154,-0.05745968967676163,-0.12514913082122803,-0.49334967136383057,0.1344977170228958,0.136023610830307,-0.7776007652282715,0.6253218054771423,-1.422421932220459,-46.148197174072266,0.060992322862148285,0.5161214470863342,-0.030635923147201538,-0.20318526029586792,0.10842377692461014,-0.26898717880249023,0.022996962070465088,13.178301811218262,10.10159683227539,11.435806274414062,11.498809814453125,-0.03526367247104645,0.04292968660593033,0.009199218824505806,-0.09352538734674454,0.0,-0.03815309330821037,0.04982791095972061,0.0053309849463403225,-0.08226127177476883,0.0,0.1142377257347107,-0.23612669110298157,-9.913595199584961,0.12465380877256393,-0.24844758212566376,-8.470603942871094,0.0,0.0,0.0,0.0,0.0,0.0,0.0,0.0,0.0,0.0,0.0,0.0,-0.036125317215919495,0.05235428363084793,0.004955149255692959,-0.08611481636762619,0.3035457730293274,0.24325215816497803,0.2696335017681122,0.2708703875541687,1.714020848274231,1.1352589130401611,-0.4400523900985718,0.0,0.0,0.0,0.0,0.0,0.0,0.0
37126736041,0,-0.007623007521033287,-0.03291188180446625,-0.8492937684059143,6.569455581484362e-05,-0.04113857448101044,-0.8442511558532715,-0.056432463228702545,0.030563022941350937,-0.004747801460325718,0.01537748146802187,-0.016453467309474945,0.005042612552642822,-0.019252797588706017,-0.01656767725944519,0.04249737784266472,0.0,0.0,-0.5883240103721619,-0.05745968967676163,-0.12514913082122803,-0.49334967136383057,0.13315406441688538,0.1524631679058075,-0.7515601515769958,0.6253218054771423,-1.422421932220459,-46.148197174072266,0.060992322862148285,0.5161214470863342,-0.030635923147201538,-0.20318526029586792,0.10842377692461014,-0.26898717880249023,0.022996962070465088,13.178301811218262,10.10159683227539,11.435806274414062,11.498809814453125,-0.036796875298023224,0.04292968660593033,0.009199218824505806,-0.09352538734674454,0.0,-0.03815309330821037,0.04982791095972061,0.0053309849463403225,-0.08226127177476883,0.0,-0.3221859335899353,-0.13821595907211304,-9.084901809692383,0.1192251443862915,-0.24498724937438965,-8.418670654296875,0.0,0.0,0.0,0.0,0.0,0.0,0.0,0.0,0.0,0.0,0.0,0.0,-0.036788467317819595,0.05147644132375717,0.0049803475849330425,-0.08468949794769287,0.3035457730293274,0.24325215816497803,0.2696335017681122,0.2708703875541687,1.714020848274231,1.1352589130401611,-0.4400523900985718,0.0,0.0,0.0,0.0,0.0,0.0,0.0
37138241462,0,-0.007623007521033287,-0.03291188180446625,-0.8492937684059143,6.569455581484362e-05,-0.04113857448101044,-0.8442511558532715,-0.056432463228702545,0.030563022941350937,-0.004747801460325718,0.01537748146802187,-0.016453467309474945,0.005042612552642822,-0.019252797588706017,-0.01656767725944519,0.04249737784266472,0.0,0.0,-0.5883240103721619,-0.023122690618038177,-0.10131706297397614,-0.5026348233222961,0.13315406441688538,0.1524631679058075,-0.7515601515769958,0.6557382941246033,-1.347429871559143,-46.30268859863281,0.04817403107881546,0.5236115455627441,0.0029377341270446777,-0.2052910178899765,0.10486651211977005,-0.27305200695991516,0.02183718979358673,12.366182327270508,10.952559471130371,10.645785331726074,12.409367561340332,-0.03526367247104645,0.04292968660593033,0.009199218824505806,-0.09199218451976776,0.0,-0.037829287350177765,0.04430409520864487,0.0020108919125050306,-0.07512436807155609,0.0,-0.3221859335899353,-0.13821595907211304,-9.084901809692383,0.1192251443862915,-0.24498724937438965,-8.418670654296875,0.0,0.0,0.0,0.0,0.0,0.0,0.0,0.0,0.0,0.0,0.0,0.0,-0.03735148906707764,0.05048568546772003,0.004904280882328749,-0.08321119099855423,0.2878152132034302,0.2601209878921509,0.2540571093559265,0.2886549234390259,1.1965926885604858,0.7839542031288147,-0.1853138655424118,0.0,0.0,0.0,0.0,0.0,0.0,0.0
37147056452,0,-0.007623007521033287,-0.03291188180446625,-0.8492937684059143,6.569455581484362e-05,-0.04113857448101044,-0.8442511558532715,-0.056432463228702545,0.030563022941350937,-0.004747801460325718,0.01537748146802187,-0.016453467309474945,0.005042612552642822,-0.019252797588706017,-0.01656767725944519,0.04249737784266472,0.0,0.0,-0.5883240103721619,-0.009588288143277168,-0.09127330780029297,-0.4970245361328125,0.13315406441688538,0.1524631679058075,-0.7515601515769958,0.6202648878097534,-1.368227243423462,-45.91546630859375,0.040284663438797,0.5286891460418701,0.0036842823028564453,-0.20615124702453613,0.1034536361694336,-0.27486681938171387,0.021571949124336243,12.246410369873047,10.854293823242188,10.5345458984375,12.3510103225708,-0.032197266817092896,0.04292968660593033,0.009199218824505806,-0.09045898169279099,0.0,-0.03990163281559944,0.044140711426734924,0.0038318918086588383,-0.07513463497161865,0.0,-0.3221859335899353,-0.13821595907211304,-9.084901809692383,0.1192251443862915,-0.24498724937438965,-8.418670654296875,0.0,0.0,0.0,0.0,0.0,0.0,0.0,0.0,0.0,0.0,0.0,0.0,-0.03782709687948227,0.04910504072904587,0.004570128861814737,-0.0813216120004654,0.2854842245578766,0.25818079710006714,0.25185343623161316,0.28751999139785767,1.2130999565124512,0.9071316123008728,0.11323262006044388,0.0,0.0,0.0,0.0,0.0,0.0,0.0
37157145283,0,-0.00925069022923708,-0.03144450858235359,-0.8494517207145691,6.569455581484362e-05,-0.04113857448101044,-0.8442511558532715,-0.049322232604026794,0.019492294639348984,-0.010121013037860394,0.01972680352628231,-0.020137738436460495,0.0052582621574401855,-0.01884491555392742,-0.018811743706464767,0.02921200543642044,0.0,0.0,-0.5858302712440491,-0.009588288143277168,-0.09127330780029297,-0.4970245361328125,0.13315406441688538,0.1524631679058075,-0.7515601515769958,0.6202648878097534,-1.368227243423462,-45.91546630859375,0.040284663438797,0.5286891460418701,0.0036842823028564453,-0.20615124702453613,0.1034536361694336,-0.27486681938171387,0.021571949124336243,12.246410369873047,10.854293823242188,10.5345458984375,12.3510103225708,-0.032197266817092896,0.04292968660593033,0.0076660155318677425,-0.09045898169279099,0.0,-0.03990163281559944,0.044140711426734924,0.0038318918086588383,-0.07513463497161865,0.0,-0.3221859335899353,-0.13821595907211304,-9.084901809692383,0.11163344234228134,-0.21854731440544128,-8.421910285949707,0.0,0.0,0.0,0.0,0.0,0.0,0.0,0.0,0.0,0.0,0.0,0.0,-0.03834821283817291,0.04751751199364662,0.004185557831078768,-0.07925015687942505,0.2854842245578766,0.25818079710006714,0.25185343623161316,0.28751999139785767,1.2130999565124512,0.9071316123008728,0.11323262006044388,0.0,0.0,0.0,0.0,0.0,0.0,0.0
37167286664,0,-0.0097976578399539,-0.03106975555419922,-0.8495094180107117,6.569455581484362e-05,-0.04113857448101044,-0.8442511558532715,-0.04696745052933693,0.01495248544961214,-0.004656422417610884,0.01972680352628231,-0.020137738436460495,0.0052582621574401855,-0.01867957040667534,-0.01906086504459381,0.024688541889190674,0.0,0.0,-0.5858302712440491,0.004365841392427683,-0.07423398643732071,-0.4942013621330261,0.12892338633537292,0.16849049925804138,-0.730526328086853,0.6255597472190857,-1.2483044862747192,-46.09322738647461,0.007134765386581421,0.50911945104599,0.005289405584335327,-0.20791858434677124,0.10073063522577286,-0.27882635593414307,0.021693378686904907,12.172039985656738,10.918838500976562,10.620072364807129,12.45784854888916,-0.03373046964406967,0.04292968660593033,0.0076660155318677425,-0.09045898169279099,0.0,-0.03666369989514351,0.039988595992326736,-0.0005484826397150755,-0.07138185948133469,0.0,0.1291414499282837,-0.41516348719596863,-9.495244979858398,0.11163344234228134,-0.21854731440544128,-8.421910285949707,0.0,0.0,0.0,0.0,0.0,0.0,0.0,0.0,0.0,0.0,0.0,0.0,-0.03874178230762482,0.045922089368104935,0.0037290852051228285,-0.0772988349199295,0.28403541445732117,0.25945523381233215,0.25354793667793274,0.2895970344543457,1.299644947052002,1.3584630489349365,0.1631685048341751,0.0,0.0,0.0,0.0,0.0,0.0,0.0
37176988120,0,-0.010840029455721378,-0.030210716649889946,-0.849631667137146,6.569455581484362e-05,-0.04113857448101044,-0.8442511558532715,-0.039860114455223083,0.014462640509009361,-0.0034665719140321016,0.021811557933688164,-0.021855825558304787,0.005380511283874512,-0.01749950461089611,-0.019411005079746246,0.016337430104613304,0.0,0.0,-0.5484237670898438,0.004365841392427683,-0.07423398643732071,-0.4942013621330261,0.12082526087760925,0.1690119057893753,-0.6760129928588867,0.6255597472190857,-1.2483044862747192,-46.09322738647461,0.007134765386581421,0.50911945104599,0.005289405584335327,-0.20791858434677124,0.10073063522577286,-0.27882635593414307,0.021693378686904907,12.172039985656738,10.918838500976562,10.620072364807129,12.45784854888916,-0.03373046964406967,0.04292968660593033,0.0076660155318677425,-0.08892577886581421,0.0,-0.03666369989514351,0.039988595992326736,-0.0005484826397150755,-0.07138185948133469,0.0,0.1291414499282837,-0.41516348719596863,-9.495244979858398,0.10223756730556488,-0.21974925696849823,-8.425650596618652,0.0,0.0,0.0,0.0,0.0,0.0,0.0,0.0,0.0,0.0,0.0,0.0,-0.03870125114917755,0.04423409700393677,0.002917333273217082,-0.07542043179273605,0.28403541445732117,0.25945523381233215,0.25354793667793274,0.2895970344543457,1.299644947052002,1.3584630489349365,0.1631685048341751,0.0,0.0,0.0,0.0,0.0,0.0,0.0
37187091374,0,-0.01130659319460392,-0.02983289211988449,-0.8496880531311035,6.569455581484362e-05,-0.04113857448101044,-0.8442511558532715,-0.03618989884853363,0.017179997637867928,-0.005539453588426113,0.022744689136743546,-0.022611478343605995,0.005436897277832031,-0.01683785766363144,-0.019416306167840958,0.012320996262133121,0.0,0.0,-0.5484237670898438,0.024209726601839066,-0.021570121869444847,-0.4815634489059448,0.12082526087760925,0.1690119057893753,-0.6760129928588867,0.5990667343139648,-1.188210368156433,-46.37998580932617,-0.010961607098579407,0.4506928324699402,0.036082327365875244,-0.20967154204845428,0.09832731634378433,-0.28236132860183716,0.02277757227420807,11.34975814819336,11.82586669921875,10.042098045349121,13.23304271697998,-0.03373046964406967,0.04292968660593033,0.0076660155318677425,-0.08739257603883743,0.0,-0.03844178840517998,0.0341685451567173,-0.0019527880940586329,-0.0650196447968483,0.0,0.24316860735416412,0.08080246299505234,-9.91588020324707,0.09711353480815887,-0.2262359857559204,-8.407730102539062,0.0,0.0,0.0,0.0,0.0,0.0,0.0,0.0,0.0,0.0,0.0,0.0,-0.03838735446333885,0.04235202074050903,0.0018137831939384341,-0.07345788180828094,0.2679431736469269,0.27727729082107544,0.24206702411174774,0.30460140109062195,0.9249829053878784,2.225050687789917,0.49744871258735657,0.0,0.0,0.0,0.0,0.0,0.0,0.0
37197133944,0,-0.01130659319460392,-0.02983289211988449,-0.8496880531311035,6.569455581484362e-05,-0.04113857448101044,-0.8442511558532715,-0.03618989884853363,0.017179997637867928,-0.005539453588426113,0.022744689136743546,-0.022611478343605995,0.005436897277832031,-0.01683785766363144,-0.019416306167840958,0.012320996262133121,0.0,0.0,-0.5484237670898438,0.04001264646649361,0.004443042445927858,-0.4602443277835846,0.11572995036840439,0.16836799681186676,-0.6712336540222168,0.5341244339942932,-1.244297981262207,-46.242515563964844,-0.03300948441028595,0.4338836669921875,0.022097691893577576,-0.21111547946929932,0.09723766148090363,-0.2837681472301483,0.023727819323539734,11.607104301452637,11.431782722473145,10.415398597717285,12.85665512084961,-0.03526367247104645,0.04139648377895355,0.0076660155318677425,-0.08739257603883743,0.0,-0.041413865983486176,0.034935496747493744,0.0020749031100422144,-0.06680425256490707,0.0,0.05547730252146721,-0.176603764295578,-9.581692695617676,0.09711353480815887,-0.2262359857559204,-8.407730102539062,0.0,0.0,0.0,0.0,0.0,0.0,0.0,0.0,0.0,0.0,0.0,0.0,-0.038298100233078,0.04022018983960152,0.000826596631668508,-0.07131141424179077,0.26988229155540466,0.2744213938713074,0.24559558928012848,0.3013225495815277,0.8384454846382141,1.4428304433822632,0.9546054601669312,0.0,0.0,0.0,0.0,0.0,0.0,0.0
37206744427,0,-0.01130659319460392,-0.02983289211988449,-0.8496880531311035,6.569455581484362e-05,-0.04113857448101044,-0.8442511558532715,-0.03618989884853363,0.017179997637867928,-0.005539453588426113,0.022744689136743546,-0.022611478343605995,0.005436897277832031,-0.01683785766363144,-0.019416306167840958,0.012320996262133121,0.0,0.0,-0.5484237670898438,0.04001264646649361,0.004443042445927858,-0.4602443277835846,0.10770846158266068,0.16721102595329285,-0.6205952763557434,0.5341244339942932,-1.244297981262207,-46.242515563964844,-0.03300948441028595,0.4338836669921875,0.022097691893577576,-0.21111547946929932,0.09636811912059784,-0.2848946154117584,0.024809539318084717,11.607104301452637,11.431782722473145,10.415398597717285,12.85665512084961,-0.03373046964406967,0.04139648377895355,0.0076660155318677425,-0.08585937321186066,0.0,-0.041413865983486176,0.034935496747493744,0.0020749031100422144,-0.06680425256490707,0.0,0.05547730252146721,-0.176603764295578,-9.581692695617676,0.09711353480815887,-0.2262359857559204,-8.407730102539062,0.0,0.0,0.0,0.0,0.0,0.0,0.0,0.0,0.0,0.0,0.0,0.0,-0.038692038506269455,0.038161177188158035,0.0003856279654428363,-0.0693417340517044,0.27299433946609497,0.26955461502075195,0.24949023127555847,0.2973307967185974,0.8384454846382141,1.4428304433822632,0.9546054601669312,0.0,0.0,0.0,0.0,0.0,0.0,0.0
37217324215,0,-0.012190560810267925,-0.029131919145584106,-0.8497844338417053,6.569455581484362e-05,-0.04113857448101044,-0.8442511558532715,-0.034047409892082214,0.017970072105526924,-0.007778803817927837,0.024512633681297302,-0.02401343174278736,0.005533277988433838,-0.01584024541079998,-0.019377686083316803,0.004288667347282171,0.0,0.0,-0.5160048007965088,0.05031132698059082,0.005526678636670113,-0.4498326778411865,0.10770846158266068,0.16721102595329285,-0.6205952763557434,0.5331754088401794,-1.2817442417144775,-46.17024612426758,-0.04682670906186104,0.4384288191795349,0.04524636268615723,-0.21172599494457245,0.09557264298200607,-0.2860405445098877,0.02613489329814911,10.994316101074219,11.966721534729004,9.834809303283691,13.444672584533691,-0.032197266817092896,0.04139648377895355,0.006132812704890966,-0.0827929675579071,0.0,-0.045019906014204025,0.03439665213227272,0.0035102004185318947,-0.06488965451717377,0.0,0.1844865083694458,0.1468086540699005,-9.588598251342773,0.09718817472457886,-0.2298087179660797,-8.389650344848633,0.0,0.0,0.0,0.0,0.0,0.0,0.0,0.0,0.0,0.0,0.0,0.0,-0.03955438733100891,0.03652844578027725,0.0005466841976158321,-0.06781646609306335,0.27299433946609497,0.26955461502075195,0.24949023127555847,0.2973307967185974,1.0175954103469849,0.8382065892219543,1.0473692417144775,0.0,0.0,0.0,0.0,0.0,0.0,0.0
37227103167,0,-0.012190560810267925,-0.029131919145584106,-0.8497844338417053,6.569455581484362e-05,-0.04113857448101044,-0.8442511558532715,-0.034047409892082214,0.017970072105526924,-0.007778803817927837,0.024512633681297302,-0.02401343174278736,0.005533277988433838,-0.01584024541079998,-0.019377686083316803,0.004288667347282171,0.0,0.0,-0.5160048007965088,0.06198251247406006,0.007382609881460667,-0.43706509470939636,0.10770846158266068,0.16721102595329285,-0.6205952763557434,0.5061274170875549,-1.2348778247833252,-46.07157897949219,-0.06680984795093536,0.44180670380592346,0.061490416526794434,-0.21247601509094238,0.09469064325094223,-0.28765392303466797,0.02821950614452362,10.536433219909668,12.31324291229248,9.430283546447754,13.860376358032227,-0.032197266817092896,0.04139648377895355,0.0076660155318677425,-0.07819335907697678,0.0,-0.046389490365982056,0.0312386155128479,0.002831306541338563,-0.061110720038414,0.0,0.1844865083694458,0.1468086540699005,-9.588598251342773,0.09718817472457886,-0.2298087179660797,-8.389650344848633,0.0,0.0,0.0,0.0,0.0,0.0,0.0,0.0,0.0,0.0,0.0,0.0,-0.0408838652074337,0.03521124646067619,0.0010752114467322826,-0.06644023209810257,0.25189095735549927,0.2867851257324219,0.22983680665493011,0.31665903329849243,1.0131767988204956,0.45099160075187683,1.0784069299697876,0.0,0.0,0.0,0.0,0.0,0.0,0.0
37237166725,0,-0.012972196564078331,-0.028429878875613213,-0.8498891592025757,6.569455581484362e-05,-0.04113857448101044,-0.8442511558532715,-0.029801851138472557,0.009006813168525696,-0.011247501708567142,0.02607591263949871,-0.025417517870664597,0.005638003349304199,-0.014795579947531223,-0.01911190338432789,-0.003281285287812352,0.0,0.0,-0.49106714129447937,0.07191336899995804,0.028742415830492973,-0.4033682942390442,0.09267961978912354,0.1619543433189392,-0.5821157693862915,0.516819417476654,-1.1167545318603516,-45.88890075683594,-0.08001284301280975,0.4033302962779999,0.026677951216697693,-0.21322385966777802,0.09469064325094223,-0.28765392303466797,0.02821950614452362,11.286802291870117,11.43130111694336,10.331255912780762,12.905131340026855,-0.032197266817092896,0.039863280951976776,0.0076660155318677425,-0.07666015625,0.0,-0.039336975663900375,0.0302540585398674,-0.0019025759538635612,-0.06275427341461182,0.0,0.2596207857131958,0.3727513551712036,-9.640751838684082,0.09264186769723892,-0.2139734923839569,-8.361852645874023,0.0,0.0,0.0,0.0,0.0,0.0,0.0,0.0,0.0,0.0,0.0,0.0,-0.042165130376815796,0.03393063694238663,0.0014721309999004006,-0.06503008306026459,0.25189095735549927,0.2867851257324219,0.22983680665493011,0.31665903329849243,0.6613745093345642,1.0709707736968994,1.7863751649856567,0.0,0.0,0.0,0.0,0.0,0.0,0.0
37246650893,0,-0.013411459513008595,-0.02816171385347843,-0.8499438166618347,6.569455581484362e-05,-0.04113857448101044,-0.8442511558532715,-0.02944277599453926,0.0031564312521368265,-0.013664734549820423,0.026954442262649536,-0.025953851640224457,0.005692660808563232,-0.013993650674819946,-0.018791506066918373,-0.006532701663672924,0.0,0.0,-0.49106714129447937,0.07191336899995804,0.028742415830492973,-0.4033682942390442,0.08791451156139374,0.15640951693058014,-0.5781474113464355,0.516819417476654,-1.1167545318603516,-45.88890075683594,-0.08001284301280975,0.4033302962779999,0.026677951216697693,-0.21322385966777802,0.0936303362250328,-0.2901461124420166,0.03267155587673187,11.286802291870117,11.43130111694336,10.331255912780762,12.905131340026855,-0.03373046964406967,0.038330078125,0.006132812704890966,-0.07666015625,0.0,-0.039336975663900375,0.0302540585398674,-0.0019025759538635612,-0.06275427341461182,0.0,0.2596207857131958,0.3727513551712036,-9.640751838684082,0.09396716207265854,-0.2030462771654129,-8.343436241149902,0.0,0.0,0.0,0.0,0.0,0.0,0.0,0.0,0.0,0.0,0.0,0.0,-0.042598746716976166,0.03266780450940132,0.0012629982084035873,-0.06384077668190002,0.26670563220977783,0.2695450782775879,0.2478197067975998,0.29826870560646057,0.6613745093345642,1.0709707736968994,1.7863751649856567,0.0,0.0,0.0,0.0,0.0,0.0,0.0
37256732001,0,-0.013411459513008595,-0.02816171385347843,-0.8499438166618347,6.569455581484362e-05,-0.04113857448101044,-0.8442511558532715,-0.02944277599453926,0.0031564312521368265,-0.013664734549820423,0.029317237436771393,-0.027226122096180916,0.005890786647796631,-0.013993650674819946,-0.018791506066918373,-0.006532701663672924,0.0,0.0,-0.46612948179244995,0.07191336899995804,0.028742415830492973,-0.4033682942390442,0.08791451156139374,0.15640951693058014,-0.5781474113464355,0.516819417476654,-1.1167545318603516,-45.88890075683594,-0.08001284301280975,0.4033302962779999,0.026677951216697693,-0.21322385966777802,0.0936303362250328,-0.2901461124420166,0.03267155587673187,11.286802291870117,11.43130111694336,10.331255912780762,12.905131340026855,-0.03526367247104645,0.03526367247104645,0.006132812704890966,-0.07666015625,0.0,-0.039336975663900375,0.0302540585398674,-0.0019025759538635612,-0.06275427341461182,0.0,-0.10621502250432968,-0.32872819900512695,-9.914225578308105,0.08592794835567474,-0.20118993520736694,-8.360222816467285,0.0,0.0,0.0,0.0,0.0,0.0,0.0,0.0,0.0,0.0,0.0,0.0,-0.04221012070775032,0.031601324677467346,0.0005760097410529852,-0.0630553737282753,0.26670563220977783,0.2695450782775879,0.2478197067975998,0.29826870560646057,0.6613745093345642,1.0709707736968994,1.7863751649856567,0.0,0.0,0.0,0.0,0.0,0.0,0.0
37267197307,0,-0.0145928505808115,-0.027525581419467926,-0.8501419425010681,6.569455581484362e-05,-0.04113857448101044,-0.8442511558532715,-0.022772742435336113,0.0014644452603533864,-0.011767631396651268,0.029317237436771393,-0.027226122096180916,0.005890786647796631,-0.011091231368482113,-0.017395000904798508,-0.016132965683937073,0.0,0.0,-0.46612948179244995,0.06899996846914291,0.05772651731967926,-0.3645031452178955,0.07494542747735977,0.1458786576986313,-0.5570023059844971,0.5140976905822754,-1.0884544849395752,-45.88400650024414,-0.08909042179584503,0.36901140213012695,0.013587906956672668,-0.21417823433876038,0.0925116166472435,-0.2920839190483093,0.038500890135765076,11.548481941223145,11.13850212097168,10.72133731842041,12.531578063964844,-0.036796875298023224,0.032197266817092896,0.006132812704890966,-0.07512695342302322,0.0,-0.03775143623352051,0.0299712885171175,-0.0027736015617847443,-0.06383340805768967,0.0,0.23140648007392883,0.09403450787067413,-9.652823448181152,0.08592794835567474,-0.20118993520736694,-8.360222816467285,0.0,0.0,0.0,0.0,0.0,0.0,0.0,0.0,0.0,0.0,0.0,0.0,-0.04141567274928093,0.030815163627266884,-0.00025940799969248474,-0.06266332417726517,0.2718447148799896,0.26378685235977173,0.25555235147476196,0.2910292148590088,0.25242626667022705,1.1224664449691772,1.7715061902999878,0.0,0.0,0.0,0.0,0.0,0.0,0.0
37277410175,0,-0.014956903643906116,-0.027270400896668434,-0.8502192497253418,6.569455581484362e-05,-0.04113857448101044,-0.8442511558532715,-0.019246689975261688,0.0037262425757944584,-0.009887918829917908,0.030045347288250923,-0.027736486867070198,0.0059680938720703125,-0.01017035637050867,-0.017056304961442947,-0.01948253996670246,0.0,0.0,-0.46612948179244995,0.07727326452732086,0.05698566883802414,-0.3577277660369873,0.07494542747735977,0.1458786576986313,-0.5570023059844971,0.4726037085056305,-1.1065446138381958,-45.981224060058594,-0.09958779811859131,0.37376365065574646,0.02509981393814087,-0.2145814597606659,0.09207618981599808,-0.2929178476333618,0.0414862185716629,11.275639533996582,11.426846504211426,10.466795921325684,12.866290092468262,-0.03526367247104645,0.03066406212747097,0.006132812704890966,-0.07512695342302322,0.0,-0.04057403653860092,0.02845197543501854,-0.0008702544728294015,-0.06156041473150253,0.0,0.23140648007392883,0.09403450787067413,-9.652823448181152,0.08060013502836227,-0.20645153522491455,-8.373895645141602,0.0,0.0,0.0,0.0,0.0,0.0,0.0,0.0,0.0,0.0,0.0,0.0,-0.040552157908678055,0.030215760692954063,-0.0010062268702313304,-0.06253177672624588,0.26648589968681335,0.26945778727531433,0.2505100965499878,0.29751741886138916,0.6046961545944214,0.5899475812911987,1.379364252090454,0.0,0.0,0.0,0.0,0.0,0.0,0.0
37287107689,0,-0.014956903643906116,-0.027270400896668434,-0.8502192497253418,6.569455581484362e-05,-0.04113857448101044,-0.8442511558532715,-0.019246689975261688,0.0037262425757944584,-0.009887918829917908,0.030045347288250923,-0.027736486867070198,0.0059680938720703125,-0.01017035637050867,-0.017056304961442947,-0.01948253996670246,0.0,0.0,-0.46612948179244995,0.10091183334589005,0.058534037321805954,-0.34448471665382385,0.07494542747735977,0.1458786576986313,-0.5570023059844971,0.4726037085056305,-1.1065446138381958,-45.981224060058594,-0.09958779811859131,0.37376365065574646,0.02509981393814087,-0.2145814597606659,0.09207618981599808,-0.2929178476333618,0.0414862185716629,11.275639533996582,11.426846504211426,10.466795921325684,12.866290092468262,-0.03373046964406967,0.032197266817092896,0.006132812704890966,-0.07206054776906967,0.0,-0.04057403653860092,0.02845197543501854,-0.0008702544728294015,-0.06156041473150253,0.0,0.23140648007392883,0.09403450787067413,-9.652823448181152,0.08060013502836227,-0.20645153522491455,-8.373895645141602,0.0,0.0,0.0,0.0,0.0,0.0,0.0,0.0,0.0,0.0,0.0,0.0,-0.040001291781663895,0.029665587469935417,-0.0014362357323989272,-0.0623926967382431,0.26648589968681335,0.26945778727531433,0.2505100965499878,0.29751741886138916,1.0897845029830933,0.3392140567302704,0.9096546769142151,0.0,0.0,0.0,0.0,0.0,0.0,0.0
37298058964,0,-0.015769513323903084,-0.026683231815695763,-0.8503462076187134,6.569455581484362e-05,-0.04113857448101044,-0.8442511558532715,-0.015247054398059845,-0.0004680905258283019,-0.0047388761304318905,0.031670574098825455,-0.02891083061695099,0.0060950517654418945,-0.008426190353929996,-0.015991438180208206,-0.0262029767036438,0.0,0.0,-0.4461793601512909,0.10091183334589005,0.058534037321805954,-0.34448471665382385,0.0560813806951046,0.1323024481534958,-0.5032782554626465,0.4189831614494324,-1.1053858995437622,-46.24216842651367,-0.14435747265815735,0.36830422282218933,0.036511167883872986,-0.2154240906238556,0.09161457419395447,-0.29504215717315674,0.048799291253089905,10.979735374450684,11.714713096618652,10.323467254638672,13.278780937194824,-0.03373046964406967,0.032197266817092896,0.006132812704890966,-0.0705273449420929,0.0,-0.04344245418906212,0.026020577177405357,0.0008256298606283963,-0.05825383961200714,0.0,-0.003261132398620248,0.24123571813106537,-9.891317367553711,0.07599639147520065,-0.19978143274784088,-8.408802032470703,0.0,0.0,0.0,0.0,0.0,0.0,0.0,0.0,0.0,0.0,0.0,0.0,-0.03996838629245758,0.029058894142508507,-0.0014650460798293352,-0.062018174678087234,0.26065704226493835,0.27510225772857666,0.24766486883163452,0.3054831027984619,1.0897845029830933,0.3392140567302704,0.9096546769142151,0.0,0.0,0.0,0.0,0.0,0.0,0.0
37306946514,0,-0.015769513323903084,-0.026683231815695763,-0.8503462076187134,6.569455581484362e-05,-0.04113857448101044,-0.8442511558532715,-0.015247054398059845,-0.0004680905258283019,-0.0047388761304318905,0.033197071403265,-0.029847316443920135,0.006210207939147949,-0.008426190353929996,-0.015991438180208206,-0.0262029767036438,0.0,0.0,-0.3863289952278137,0.10091183334589005,0.058534037321805954,-0.34448471665382385,0.0560813806951046,0.1323024481534958,-0.5032782554626465,0.4189831614494324,-1.1053858995437622,-46.24216842651367,-0.14435747265815735,0.36830422282218933,0.036511167883872986,-0.2154240906238556,0.09161457419395447,-0.29504215717315674,0.048799291253089905,10.979735374450684,11.714713096618652,10.323467254638672,13.278780937194824,-0.03373046964406967,0.032197266817092896,0.004599609412252903,-0.07206054776906967,0.0,-0.04344245418906212,0.026020577177405357,0.0008256298606283963,-0.05825383961200714,0.0,0.06699496507644653,-0.2847038507461548,-9.820645332336426,0.06988055258989334,-0.18017655611038208,-8.375597953796387,0.0,0.0,0.0,0.0,0.0,0.0,0.0,0.0,0.0,0.0,0.0,0.0,-0.04046093672513962,0.02831202931702137,-0.0011347575346007943,-0.0612918958067894,0.26065704226493835,0.27510225772857666,0.24766486883163452,0.3054831027984619,1.0897845029830933,0.3392140567302704,0.9096546769142151,0.0,0.0,0.0,0.0,0.0,0.0,0.0
37316876879,0,-0.016532758250832558,-0.02621499076485634,-0.8504613637924194,6.569455581484362e-05,-0.04113857448101044,-0.8442511558532715,-0.010723782703280449,-0.011039957404136658,-0.008387643843889236,0.033197071403265,-0.029847316443920135,0.006210207939147949,-0.006894734688103199,-0.014522227458655834,-0.032453589141368866,0.0,0.0,-0.3863289952278137,0.09115926921367645,0.08922643214464188,-0.3178112506866455,0.045080289244651794,0.11958606541156769,-0.4958287477493286,0.3843430280685425,-0.9909710884094238,-46.06578826904297,-0.14033834636211395,0.30927562713623047,0.06669750809669495,-0.2163308560848236,0.0917198583483696,-0.29690080881118774,0.056288331747055054,10.094419479370117,12.52153491973877,9.609460830688477,13.888692855834961,-0.03373046964406967,0.032197266817092896,0.006132812704890966,-0.0705273449420929,0.0,-0.04455595463514328,0.020055171102285385,-0.002150674117729068,-0.05196413770318031,0.0,0.06699496507644653,-0.2847038507461548,-9.820645332336426,0.06988055258989334,-0.18017655611038208,-8.375597953796387,0.0,0.0,0.0,0.0,0.0,0.0,0.0,0.0,0.0,0.0,0.0,0.0,-0.04130471870303154,0.027246683835983276,-0.0007478751358576119,-0.060083940625190735,0.243109330534935,0.2908341586589813,0.23342688381671906,0.31720173358917236,-0.20413218438625336,1.0146361589431763,1.2433480024337769,0.0,0.0,0.0,0.0,0.0,0.0,0.0
37327424563,0,-0.016922054812312126,-0.02600940503180027,-0.850528359413147,6.569455581484362e-05,-0.04113857448101044,-0.8442511558532715,-0.010803496465086937,-0.007991346530616283,-0.010569414123892784,0.033975668251514435,-0.03025848977267742,0.006277203559875488,-0.006064030807465315,-0.013588933274149895,-0.035051483660936356,0.0,0.0,-0.3863289952278137,0.09115926921367645,0.08922643214464188,-0.3178112506866455,0.0405040942132473,0.1111488938331604,-0.4211253523826599,0.3843430280685425,-0.9909710884094238,-46.06578826904297,-0.14033834636211395,0.30927562713623047,0.06669750809669495,-0.2163308560848236,0.09172449260950089,-0.29749953746795654,0.059714287519454956,10.094419479370117,12.52153491973877,9.609460830688477,13.888692855834961,-0.03526367247104645,0.029130859300494194,0.004599609412252903,-0.0705273449420929,0.0,-0.04455595463514328,0.020055171102285385,-0.002150674117729068,-0.05196413770318031,0.0,0.12461964040994644,-0.27265462279319763,-9.886462211608887,0.07200459390878677,-0.18682357668876648,-8.358206748962402,0.0,0.0,0.0,0.0,0.0,0.0,0.0,0.0,0.0,0.0,0.0,0.0,-0.04226827248930931,0.02567089907824993,-0.0006791540654376149,-0.05828167870640755,0.243109330534935,0.2908341586589813,0.23342688381671906,0.31720173358917236,-0.20413218438625336,1.0146361589431763,1.2433480024337769,0.0,0.0,0.0,0.0,0.0,0.0,0.0
37337214980,0,-0.016922054812312126,-0.02600940503180027,-0.850528359413147,6.569455581484362e-05,-0.04113857448101044,-0.8442511558532715,-0.010803496465086937,-0.007991346530616283,-0.010569414123892784,0.033975668251514435,-0.03025848977267742,0.006277203559875488,-0.006064030807465315,-0.013588933274149895,-0.035051483660936356,0.0,0.0,-0.3863289952278137,0.0691792294383049,0.11249829828739166,-0.2989449203014374,0.032063525170087814,0.08653165400028229,-0.34232714772224426,0.3843430280685425,-0.9909710884094238,-46.06578826904297,-0.14033834636211395,0.30927562713623047,0.06669750809669495,-0.2163308560848236,0.09172449260950089,-0.29749953746795654,0.059714287519454956,10.094419479370117,12.52153491973877,9.609460830688477,13.888692855834961,-0.03526367247104645,0.027597656473517418,0.006132812704890966,-0.06899414211511612,0.0,-0.04455595463514328,0.020055171102285385,-0.002150674117729068,-0.05196413770318031,0.0,0.2278161644935608,0.27000191807746887,-9.80478286743164,0.07200459390878677,-0.18682357668876648,-8.358206748962402,0.0,0.0,0.0,0.0,0.0,0.0,0.0,0.0,0.0,0.0,0.0,0.0,-0.04316429793834686,0.023859655484557152,-0.0009168917313218117,-0.056229542940855026,0.243109330534935,0.2908341586589813,0.23342688381671906,0.31720173358917236,-0.7240303158760071,1.055789828300476,1.094700574874878,0.0,0.0,0.0,0.0,0.0,0.0,0.0
37346824643,0,-0.017666958272457123,-0.025538552552461624,-0.8506848216056824,6.569455581484362e-05,-0.04113857448101044,-0.8442511558532715,-0.009291311725974083,-0.003675254061818123,-0.012659418396651745,0.035465482622385025,-0.03120020031929016,0.006433665752410889,-0.004487700294703245,-0.011508534662425518,-0.040159258991479874,0.0,0.0,-0.32647860050201416,0.0691792294383049,0.11249829828739166,-0.2989449203014374,0.032063525170087814,0.08653165400028229,-0.34232714772224426,0.40742695331573486,-1.0561109781265259,-45.90609359741211,-0.12411114573478699,0.26891738176345825,0.05117833614349365,-0.21669813990592957,0.09143334627151489,-0.2982322871685028,0.06750676035881042,10.406554222106934,12.179503440856934,9.993670463562012,13.373526573181152,-0.036796875298023224,0.024531250819563866,0.004599609412252903,-0.06899414211511612,0.0,-0.044687286019325256,0.02314729057252407,-0.0006200937204994261,-0.05633357912302017,0.0,0.2278161644935608,0.27000191807746887,-9.80478286743164,0.07265964150428772,-0.19688116014003754,-8.342270851135254,0.0,0.0,0.0,0.0,0.0,0.0,0.0,0.0,0.0,0.0,0.0,0.0,-0.04386783018708229,0.022409478202462196,-0.0011908720480278134,-0.054634757339954376,0.24931474030017853,0.2841809093952179,0.24110178649425507,0.30730825662612915,-0.7240303158760071,1.055789828300476,1.094700574874878,0.0,0.0,0.0,0.0,0.0,0.0,0.0
37357678577,0,-0.017666958272457123,-0.025538552552461624,-0.8506848216056824,6.569455581484362e-05,-0.04113857448101044,-0.8442511558532715,-0.009291311725974083,-0.003675254061818123,-0.012659418396651745,0.03701290488243103,-0.032287951558828354,0.006617724895477295,-0.004487700294703245,-0.011508534662425518,-0.040159258991479874,0.0,0.0,-0.11450853198766708,0.0691792294383049,0.11249829828739166,-0.2989449203014374,0.024208642542362213,0.07236403226852417,-0.08235851675271988,0.40742695331573486,-1.0561109781265259,-45.90609359741211,-0.12411114573478699,0.26891738176345825,0.05117833614349365,-0.21669813990592957,0.09143334627151489,-0.2982322871685028,0.06750676035881042,10.406554222106934,12.179503440856934,9.993670463562012,13.373526573181152,-0.03526367247104645,0.024531250819563866,0.006132812704890966,-0.06439453363418579,0.0,-0.044687286019325256,0.02314729057252407,-0.0006200937204994261,-0.05633357912302017,0.0,0.38580048084259033,0.18947386741638184,-9.9971284866333,0.06302344053983688,-0.1983635127544403,-8.334711074829102,0.0,0.0,0.0,0.0,0.0,0.0,0.0,0.0,0.0,0.0,0.0,0.0,-0.0443589873611927,0.02168976329267025,-0.0012909031938761473,-0.053962331265211105,0.24931474030017853,0.2841809093952179,0.24110178649425507,0.30730825662612915,-0.7240303158760071,1.055789828300476,1.094700574874878,0.0,0.0,0.0,0.0,0.0,0.0,0.0
37366693852,0,-0.018440665677189827,-0.024994678795337677,-0.8508688807487488,6.569455581484362e-05,-0.04113857448101044,-0.8442511558532715,-0.002748154802247882,-0.004030805546790361,-0.013565318658947945,0.03701290488243103,-0.032287951558828354,0.006617724895477295,-0.0033276069443672895,-0.00971947517246008,-0.04498559981584549,0.0,0.0,-0.11450853198766708,0.06431465595960617,0.10164960473775864,-0.26833677291870117,0.024208642542362213,0.07236403226852417,-0.08235851675271988,0.34662893414497375,-1.0909993648529053,-45.840911865234375,-0.13237932324409485,0.27167612314224243,0.2661537230014801,-0.2168559730052948,0.09094715863466263,-0.29866018891334534,0.07628069818019867,4.990062236785889,17.53583335876465,4.6250457763671875,18.745635986328125,-0.03373046964406967,0.026064453646540642,0.0076660155318677425,-0.05826171860098839,0.0,-0.10014354437589645,0.015543957240879536,0.005937628913670778,-0.03969920799136162,0.0,0.38580048084259033,0.18947386741638184,-9.9971284866333,0.06302344053983688,-0.1983635127544403,-8.334711074829102,0.0,0.0,0.0,0.0,0.0,0.0,0.0,0.0,0.0,0.0,0.0,0.0,-0.047219421714544296,0.02125399559736252,-0.0009137975284829736,-0.05330181494355202,0.1385401338338852,0.3858535587787628,0.13082411885261536,0.4081151783466339,-0.2822900712490082,-0.26038864254951477,1.4947612285614014,0.0,0.0,0.0,0.0,0.0,0.0,0.0
37376884274,0,-0.01918591372668743,-0.024422330781817436,-0.851085364818573,6.569455581484362e-05,-0.04113857448101044,-0.8442511558532715,0.004426796454936266,-0.004370054230093956,-0.018115362152457237,0.038503408432006836,-0.03343265503644943,0.006834208965301514,-0.0018825922161340714,-0.008395155891776085,-0.04905761033296585,0.0,0.0,-0.11450853198766708,0.06465590000152588,0.08990059792995453,-0.2419276088476181,0.014091421850025654,0.0669315978884697,-0.07852864265441895,0.3091842830181122,-1.0708417892456055,-45.76314163208008,-0.13941937685012817,0.28284549713134766,0.2379762828350067,-0.21675363183021545,0.09094715863466263,-0.29866018891334534,0.07628069818019867,5.685477256774902,16.779743194580078,5.300747394561768,18.049787521362305,-0.03373046964406967,0.024531250819563866,0.0076660155318677425,-0.05826171860098839,0.0,-0.08892030268907547,0.015037213452160358,0.0063547673635184765,-0.04009513184428215,0.0,0.31119534373283386,0.3269025683403015,-10.022961616516113,0.05205583572387695,-0.20020392537117004,-8.299448013305664,0.0,0.0,0.0,0.0,0.0,0.0,0.0,0.0,0.0,0.0,0.0,0.0,-0.05531611666083336,0.020313400775194168,0.00025266603915952146,-0.05125255137681961,0.1385401338338852,0.3858535587787628,0.13082411885261536,0.4081151783466339,-0.19520121812820435,-0.6784102916717529,2.041433572769165,0.0,0.0,0.0,0.0,0.0,0.0,0.0
37386742882,0,-0.01918591372668743,-0.024422330781817436,-0.851085364818573,6.569455581484362e-05,-0.04113857448101044,-0.8442511558532715,0.004426796454936266,-0.004370054230093956,-0.018115362152457237,0.03961772471666336,-0.03464273735880852,0.007104992866516113,-0.0018825922161340714,-0.008395155891776085,-0.04905761033296585,0.0,0.0,-0.017251674085855484,0.06465590000152588,0.08990059792995453,-0.2419276088476181,0.014091421850025654,0.0669315978884697,-0.07852864265441895,0.3091842830181122,-1.0708417892456055,-45.76314163208008,-0.13941937685012817,0.28284549713134766,0.2379762828350067,-0.21675363183021545,0.09080690145492554,-0.2990303933620453,0.08091223239898682,5.685477256774902,16.779743194580078,5.300747394561768,18.049787521362305,-0.03526367247104645,0.021464843302965164,0.006132812704890966,-0.059794921427965164,0.0,-0.08892030268907547,0.015037213452160358,0.0063547673635184765,-0.04009513184428215,0.0,0.017643895000219345,-0.17523185908794403,-10.171345710754395,0.057192642241716385,-0.1960655152797699,-8.270523071289062,0.0,0.0,0.0,0.0,0.0,0.0,0.0,0.0,0.0,0.0,0.0,0.0,-0.06601680815219879,0.018900582566857338,0.0019331073854118586,-0.048167578876018524,0.15314775705337524,0.3718148469924927,0.14508120715618134,0.3953409492969513,-0.19520121812820435,-0.6784102916717529,2.041433572769165,0.0,0.0,0.0,0.0,0.0,0.0,0.0
37397090242,0,-0.019743070006370544,-0.023817293345928192,-0.8513561487197876,6.569455581484362e-05,-0.04113857448101044,-0.8442511558532715,0.002931880997493863,-0.007461447734385729,-0.022073784843087196,0.03961772471666336,-0.03464273735880852,0.007104992866516113,-0.0007474598824046552,-0.006465601269155741,-0.050652626901865005,0.0,0.0,-0.017251674085855484,0.04933380335569382,0.08973061293363571,-0.0851934477686882,0.006285480689257383,0.051360659301280975,0.04008352756500244,0.3145595192909241,-1.0783603191375732,-45.487876892089844,-0.13716860115528107,0.2628759443759918,0.22087149322032928,-0.21622556447982788,0.09063720703125,-0.29975393414497375,0.09000755846500397,7.43386697769165,14.926980972290039,7.077203273773193,16.086593627929688,-0.038330078125,0.018398437649011612,0.003066406352445483,-0.05672851577401161,0.0,-0.06799443811178207,0.017247730866074562,0.004947816487401724,-0.04523937776684761,0.0,0.017643895000219345,-0.17523185908794403,-10.171345710754395,0.057192642241716385,-0.1960655152797699,-8.270523071289062,0.0,0.0,0.0,0.0,0.0,0.0,0.0,0.0,0.0,0.0,0.0,0.0,-0.07454051077365875,0.017594819888472557,0.0035105799324810505,-0.04539808630943298,0.1607751101255417,0.36363187432289124,0.1537122279405594,0.38604971766471863,-0.5645668506622314,-0.09171261638402939,4.778654098510742,0.0,0.0,0.0,0.0,0.0,0.0,0.0
37407139425,0,-0.019743070006370544,-0.023817293345928192,-0.8513561487197876,6.569455581484362e-05,-0.04113857448101044,-0.8442511558532715,0.002931880997493863,-0.007461447734385729,-0.022073784843087196,0.03961772471666336,-0.03464273735880852,0.007104992866516113,-0.0007474598824046552,-0.006465601269155741,-0.050652626901865005,0.0,0.0,-0.017251674085855484,0.051092978566884995,0.07943655550479889,-0.05057518929243088,0.006285480689257383,0.051360659301280975,0.04008352756500244,0.2866365313529968,-1.0818226337432861,-45.387535095214844,-0.13623091578483582,0.26693809032440186,0.1485891044139862,-0.2151525467634201,0.0904180258512497,-0.3001197874546051,0.09738534688949585,7.818535327911377,14.467185020446777,7.450351238250732,15.686907768249512,-0.039863280951976776,0.013798828236758709,0.003066406352445483,-0.052128907293081284,0.0,-0.06591713428497314,0.01727871224284172,0.006345943082123995,-0.04576653614640236,0.0,0.017643895000219345,-0.17523185908794403,-10.171345710754395,0.057192642241716385,-0.1960655152797699,-8.270523071289062,0.0,0.0,0.0,0.0,0.0,0.0,0.0,0.0,0.0,0.0,0.0,0.0,-0.07839415967464447,0.01678803749382496,0.004681013058871031,-0.04379373416304588,0.18935523927211761,0.33698999881744385,0.18202798068523407,0.35885775089263916,-0.2385321408510208,-0.565615177154541,4.29332160949707,0.0,0.0,0.0,0.0,0.0,0.0,0.0
37418235171,0,-0.020326046273112297,-0.023173797875642776,-0.8517212271690369,6.569455581484362e-05,-0.04113857448101044,-0.8442511558532715,0.010910900309681892,-0.018008150160312653,-0.02347361296415329,0.04078368470072746,-0.03592973202466965,0.007470071315765381,-0.0002986174076795578,-0.005072342231869698,-0.05127517133951187,0.0,0.0,-0.0047828578390181065,0.050090182572603226,0.05756533518433571,-0.019778136163949966,-0.002003246685490012,0.036305323243141174,0.05444514751434326,0.23465080559253693,-0.9802881479263306,-45.44026565551758,-0.13907884061336517,0.29542672634124756,0.12523478269577026,-0.21448583900928497,0.0904180258512497,-0.3001197874546051,0.09738534688949585,8.45772933959961,13.845253944396973,8.006038665771484,15.1668701171875,-0.044462889432907104,0.013798828236758709,0.004599609412252903,-0.05366211012005806,0.0,-0.05876819044351578,0.014186497777700424,0.0038078739307820797,-0.04370667040348053,0.0,-0.1412164717912674,0.12668561935424805,-10.174203872680664,0.042663782835006714,-0.17823420464992523,-8.261866569519043,0.0,0.0,0.0,0.0,0.0,0.0,0.0,0.0,0.0,0.0,0.0,0.0,-0.07775311172008514,0.016337715089321136,0.0053822873160243034,-0.04324939101934433,0.18935523927211761,0.33698999881744385,0.18202798068523407,0.35885775089263916,-0.11546728014945984,-1.3104199171066284,3.526906728744507,0.0,0.0,0.0,0.0,0.0,0.0,0.0
37426969447,0,-0.020616352558135986,-0.02286272868514061,-0.851935088634491,6.569455581484362e-05,-0.04113857448101044,-0.8442511558532715,0.010219523683190346,-0.016005946323275566,-0.029272660613059998,0.04136430099606514,-0.03655187413096428,0.007683932781219482,4.7684487071819603e-05,-0.0048963758163154125,-0.051344528794288635,0.0,0.0,-0.0047828578390181065,0.050090182572603226,0.05756533518433571,-0.019778136163949966,-0.002003246685490012,0.036305323243141174,0.05444514751434326,0.23465080559253693,-0.9802881479263306,-45.44026565551758,-0.13907884061336517,0.29542672634124756,0.12523478269577026,-0.21448583900928497,0.09012674540281296,-0.30095982551574707,0.11072025448083878,8.45772933959961,13.845253944396973,8.006038665771484,15.1668701171875,-0.04906250163912773,0.013798828236758709,0.006132812704890966,-0.05672851577401161,0.0,-0.05876819044351578,0.014186497777700424,0.0038078739307820797,-0.04370667040348053,0.0,-0.1412164717912674,0.12668561935424805,-10.174203872680664,0.04555317759513855,-0.1833363026380539,-8.217361450195312,0.0,0.0,0.0,0.0,0.0,0.0,0.0,0.0,0.0,0.0,0.0,0.0,-0.07426439225673676,0.015861930325627327,0.005553746595978737,-0.04316108301281929,0.2102275788784027,0.31636932492256165,0.20104874670505524,0.3415337800979614,-0.11546728014945984,-1.3104199171066284,3.526906728744507,0.0,0.0,0.0,0.0,0.0,0.0,0.0
37436977085,0,-0.020616352558135986,-0.02286272868514061,-0.851935088634491,6.569455581484362e-05,-0.04113857448101044,-0.8442511558532715,0.010219523683190346,-0.016005946323275566,-0.029272660613059998,0.04136430099606514,-0.03655187413096428,0.007683932781219482,4.7684487071819603e-05,-0.0048963758163154125,-0.051344528794288635,0.0,0.0,-0.0047828578390181065,0.050090182572603226,0.05756533518433571,-0.019778136163949966,-0.011433456093072891,0.03255197033286095,0.07140927016735077,0.23465080559253693,-0.9802881479263306,-45.44026565551758,-0.13907884061336517,0.29542672634124756,0.12523478269577026,-0.21448583900928497,0.09012674540281296,-0.30095982551574707,0.11072025448083878,8.45772933959961,13.845253944396973,8.006038665771484,15.1668701171875,-0.05366211012005806,0.013798828236758709,0.004599609412252903,-0.05826171860098839,0.0,-0.05876819044351578,0.014186497777700424,0.0038078739307820797,-0.04370667040348053,0.0,-0.1412164717912674,0.12668561935424805,-10.174203872680664,0.04555317759513855,-0.1833363026380539,-8.217361450195312,0.0,0.0,0.0,0.0,0.0,0.0,0.0,0.0,0.0,0.0,0.0,0.0,-0.06968913227319717,0.01531877089291811,0.005315911490470171,-0.043218329548835754,0.2102275788784027,0.31636932492256165,0.20104874670505524,0.3415337800979614,-0.11546728014945984,-1.3104199171066284,3.526906728744507,0.0,0.0,0.0,0.0,0.0,0.0,0.0
37447716870,0,-0.021283218637108803,-0.022195318713784218,-0.8524332642555237,6.569455581484362e-05,-0.04113857448101044,-0.8442511558532715,0.009546292014420033,-0.012700318358838558,-0.03505445644259453,0.04269803687930107,-0.03788670152425766,0.008182108402252197,0.0013576248893514276,-0.00446693180128932,-0.05004696547985077,0.0,0.0,0.010254750028252602,0.0562240406870842,0.02186177857220173,0.05812980979681015,-0.011433456093072891,0.03255197033286095,0.07140927016735077,0.2221083790063858,-0.984458327293396,-44.94560623168945,-0.15377265214920044,0.3176787793636322,0.07685160636901855,-0.21311040222644806,0.0900803953409195,-0.3025195002555847,0.12509587407112122,6.899801254272461,15.07433032989502,6.4335246086120605,16.570110321044922,-0.055195312947034836,0.016865234822034836,0.004599609412252903,-0.05672851577401161,0.0,-0.0726998969912529,0.012932545505464077,0.005889438558369875,-0.039734240621328354,0.0,0.38417354226112366,-0.4918613135814667,-9.862656593322754,0.0500669851899147,-0.1924210488796234,-8.17663288116455,0.0,0.0,0.0,0.0,0.0,0.0,0.0,0.0,0.0,0.0,0.0,0.0,-0.0660664439201355,0.014784855768084526,0.0050166938453912735,-0.04315333813428879,0.2102275788784027,0.31636932492256165,0.20104874670505524,0.3415337800979614,0.20763462781906128,-1.093459129333496,2.344583511352539,0.0,0.0,0.0,0.0,0.0,0.0,0.0
37457587532,0,-0.021283218637108803,-0.022195318713784218,-0.8524332642555237,6.569455581484362e-05,-0.04113857448101044,-0.8442511558532715,0.009546292014420033,-0.012700318358838558,-0.03505445644259453,0.044359076768159866,-0.03934427350759506,0.008948922157287598,0.0013576248893514276,-0.00446693180128932,-0.05004696547985077,0.0,0.0,0.14058056473731995,0.0562240406870842,0.02186177857220173,0.05812980979681015,-0.011433456093072891,0.03255197033286095,0.07140927016735077,0.2221083790063858,-0.984458327293396,-44.94560623168945,-0.16549338400363922,0.3247871696949005,0.18292734026908875,-0.2123224288225174,0.09018142521381378,-0.3035661578178406,0.1329486072063446,6.899801254272461,15.07433032989502,6.4335246086120605,16.570110321044922,-0.05366211012005806,0.019931640475988388,0.0076660155318677425,-0.055195312947034836,0.0,-0.07257544249296188,0.012989365495741367,0.006022570189088583,-0.03968250751495361,0.0,0.38417354226112366,-0.4918613135814667,-9.862656593322754,0.045661114156246185,-0.21079930663108826,-8.190237998962402,0.0,0.0,0.0,0.0,0.0,0.0,0.0,0.0,0.0,0.0,0.0,0.0,-0.06486038118600845,0.014240936376154423,0.004940695129334927,-0.0426713265478611,0.1783723533153534,0.33978214859962463,0.16872836649417877,0.3679050803184509,0.20763462781906128,-1.093459129333496,2.344583511352539,0.0,0.0,0.0,0.0,0.0,0.0,0.0
37466836825,0,-0.022311430424451828,-0.021269073709845543,-0.853421688079834,6.569455581484362e-05,-0.04113857448101044,-0.8442511558532715,0.015369100496172905,-0.006356796715408564,-0.03311308100819588,0.04475447162985802,-0.03973919898271561,0.0091705322265625,0.00353654520586133,-0.00445207767188549,-0.048255011439323425,0.0,0.0,0.2057434767484665,0.0562240406870842,0.02186177857220173,0.05812980979681015,-0.023208236321806908,0.033527642488479614,0.22731131315231323,0.2221083790063858,-0.984458327293396,-44.94560623168945,-0.16549338400363922,0.3247871696949005,0.18292734026908875,-0.2123224288225174,0.09018142521381378,-0.3035661578178406,0.1329486072063446,6.899801254272461,15.07433032989502,6.4335246086120605,16.570110321044922,-0.05366211012005806,0.016865234822034836,0.0076660155318677425,-0.052128907293081284,0.0,-0.07257544249296188,0.012989365495741367,0.006022570189088583,-0.03968250751495361,0.0,0.07955031096935272,-0.015660187229514122,-9.852402687072754,0.043352559208869934,-0.20919287204742432,-8.193742752075195,0.0,0.0,0.0,0.0,0.0,0.0,0.0,0.0,0.0,0.0,0.0,0.0,-0.0656966045498848,0.013739860616624355,0.005096811335533857,-0.0418851412832737,0.1783723533153534,0.33978214859962463,0.16872836649417877,0.3679050803184509,0.20763462781906128,-1.093459129333496,2.344583511352539,0.0,0.0,0.0,0.0,0.0,0.0,0.0
37477872685,0,-0.022311430424451828,-0.021269073709845543,-0.853421688079834,6.569455581484362e-05,-0.04113857448101044,-0.8442511558532715,0.015369100496172905,-0.006356796715408564,-0.03311308100819588,0.04475447162985802,-0.03973919898271561,0.0091705322265625,0.00353654520586133,-0.00445207767188549,-0.048255011439323425,0.0,0.0,0.2057434767484665,0.058747000992298126,-0.0065383766777813435,0.04775082319974899,-0.026758939027786255,0.036430392414331436,0.2265385091304779,0.2511361241340637,-1.1593961715698242,-45.04631042480469,-0.17822878062725067,0.3628561198711395,0.19244225323200226,-0.21062517166137695,0.09059509634971619,-0.30590611696243286,0.146211177110672,6.728045463562012,15.260368347167969,6.182746410369873,16.91504669189453,-0.052128907293081284,0.015332031063735485,0.0076660155318677425,-0.052128907293081284,0.0,-0.08184745162725449,0.017677955329418182,0.01490945927798748,-0.043030526489019394,0.0,-0.054702624678611755,0.08783912658691406,-9.807153701782227,0.043352559208869934,-0.20919287204742432,-8.193742752075195,0.0,0.0,0.0,0.0,0.0,0.0,0.0,0.0,0.0,0.0,0.0,0.0,-0.06780494004487991,0.013571233488619328,0.005754387006163597,-0.04124649241566658,0.1748260259628296,0.34330180287361145,0.16352015733718872,0.374334454536438,0.2127743512392044,-1.398124098777771,0.606249213218689,0.0,0.0,0.0,0.0,0.0,0.0,0.0
37487058538,0,-0.022720079869031906,-0.02096220850944519,-0.8538468480110168,6.569455581484362e-05,-0.04113857448101044,-0.8442511558532715,0.02120555005967617,-0.004739558324217796,-0.026325490325689316,0.04557177424430847,-0.04035293310880661,0.009595692157745361,0.004657046403735876,-0.004679970908910036,-0.04597235471010208,0.0,0.0,0.30599409341812134,0.058747000992298126,-0.0065383766777813435,0.04775082319974899,-0.03510413318872452,0.03902174159884453,0.3019167184829712,0.2511361241340637,-1.1593961715698242,-45.04631042480469,-0.17822878062725067,0.3628561198711395,0.19244225323200226,-0.21062517166137695,0.09059509634971619,-0.30590611696243286,0.146211177110672,6.728045463562012,15.260368347167969,6.182746410369873,16.91504669189453,-0.05366211012005806,0.012265625409781933,0.006132812704890966,-0.05366211012005806,0.0,-0.08184745162725449,0.017677955329418182,0.01490945927798748,-0.043030526489019394,0.0,0.23480796813964844,-0.049709875136613846,-9.481453895568848,0.033394262194633484,-0.21427369117736816,-8.242823600769043,0.0,0.0,0.0,0.0,0.0,0.0,0.0,0.0,0.0,0.0,0.0,0.0,-0.07100533694028854,0.014029810205101967,0.00735718198120594,-0.04110714793205261,0.1748260259628296,0.34330180287361145,0.16352015733718872,0.374334454536438,0.2127743512392044,-1.398124098777771,0.606249213218689,0.0,0.0,0.0,0.0,0.0,0.0,0.0
37496813457,0,-0.022720079869031906,-0.02096220850944519,-0.8538468480110168,6.569455581484362e-05,-0.04113857448101044,-0.8442511558532715,0.02120555005967617,-0.004739558324217796,-0.026325490325689316,0.04557177424430847,-0.04035293310880661,0.009595692157745361,0.004657046403735876,-0.004679970908910036,-0.04597235471010208,0.0,0.0,0.30599409341812134,0.0636451244354248,-0.02724415436387062,0.11737728863954544,-0.03510413318872452,0.03902174159884453,0.3019167184829712,0.22613298892974854,-1.1181515455245972,-45.17646789550781,-0.1884404718875885,0.37954381108283997,0.19016975164413452,-0.2083878219127655,0.09139829874038696,-0.3090135157108307,0.15960855782032013,5.429469108581543,16.64158058166504,4.8706769943237305,18.429157257080078,-0.055195312947034836,0.010732421651482582,0.004599609412252903,-0.052128907293081284,0.0,-0.09997082501649857,0.014949128031730652,0.018246464431285858,-0.038089342415332794,0.0,0.23480796813964844,-0.049709875136613846,-9.481453895568848,0.033394262194633484,-0.21427369117736816,-8.242823600769043,0.0,0.0,0.0,0.0,0.0,0.0,0.0,0.0,0.0,0.0,0.0,0.0,-0.07541605830192566,0.014802641235291958,0.009692998602986336,-0.041165582835674286,0.17687398195266724,0.3420979976654053,0.16517935693264008,0.37459054589271545,0.1373784989118576,-0.7575474977493286,2.1511971950531006,0.0,0.0,0.0,0.0,0.0,0.0,0.0
37507054374,0,-0.02289162576198578,-0.020809099078178406,-0.8540287017822266,6.569455581484362e-05,-0.04113857448101044,-0.8442511558532715,0.019325029104948044,-0.00043046794598922133,-0.023181887343525887,0.045914869755506516,-0.04065915569663048,0.009777545928955078,0.0055488538928329945,-0.005143915303051472,-0.04458041116595268,0.0,0.0,0.30599409341812134,0.0636451244354248,-0.02724415436387062,0.11737728863954544,-0.04113973677158356,0.04388413578271866,0.42032474279403687,0.18366843461990356,-1.178505301475525,-45.33552932739258,-0.1980699747800827,0.38918188214302063,0.24751146137714386,-0.2073007971048355,0.09191133081912994,-0.3104781210422516,0.16548795998096466,5.429469108581543,16.64158058166504,4.8706769943237305,18.429157257080078,-0.05672851577401161,0.013798828236758709,0.006132812704890966,-0.05059570446610451,0.0,-0.10648317635059357,0.015400239266455173,0.025954313576221466,-0.03836863115429878,0.0,-0.03866325318813324,0.038628432899713516,-9.324338912963867,0.038180846720933914,-0.22337302565574646,-8.263595581054688,0.0,0.0,0.0,0.0,0.0,0.0,0.0,0.0,0.0,0.0,0.0,0.0,-0.08158068358898163,0.01535645592957735,0.012621764093637466,-0.040867503732442856,0.17687398195266724,0.3420979976654053,0.16517935693264008,0.37459054589271545,0.1373784989118576,-0.7575474977493286,2.1511971950531006,0.0,0.0,0.0,0.0,0.0,0.0,0.0
37516796382,0,-0.02289162576198578,-0.020809099078178406,-0.8540287017822266,6.569455581484362e-05,-0.04113857448101044,-0.8442511558532715,0.019325029104948044,-0.00043046794598922133,-0.023181887343525887,0.045914869755506516,-0.04065915569663048,0.009777545928955078,0.0055488538928329945,-0.005143915303051472,-0.04458041116595268,0.0,0.0,0.30599409341812134,0.05957888066768646,-0.04075620323419571,0.17438654601573944,-0.04260728880763054,0.05018247291445732,0.442786306142807,0.18366843461990356,-1.178505301475525,-45.33552932739258,-0.1980699747800827,0.38918188214302063,0.24751146137714386,-0.2073007971048355,0.09191133081912994,-0.3104781210422516,0.16548795998096466,5.429469108581543,16.64158058166504,4.8706769943237305,18.429157257080078,-0.05672851577401161,0.015332031063735485,0.0076660155318677425,-0.04599609225988388,0.0,-0.10648317635059357,0.015400239266455173,0.025954313576221466,-0.03836863115429878,0.0,-0.03866325318813324,0.038628432899713516,-9.324338912963867,0.038180846720933914,-0.22337302565574646,-8.263595581054688,0.0,0.0,0.0,0.0,0.0,0.0,0.0,0.0,0.0,0.0,0.0,0.0,-0.08890727162361145,0.015616096556186676,0.01616680808365345,-0.040246911346912384,0.1477840542793274,0.36923885345458984,0.13602033257484436,0.4023151993751526,-0.20043742656707764,-0.6788538694381714,2.6726269721984863,0.0,0.0,0.0,0.0,0.0,0.0,0.0
37527090720,0,-0.023228010162711143,-0.020421519875526428,-0.854331374168396,6.569455581484362e-05,-0.04113857448101044,-0.8442511558532715,0.02095123752951622,-0.007798046339303255,-0.020002931356430054,0.04658764228224754,-0.04143431782722473,0.010080218315124512,0.0064618284814059734,-0.0058981203474104404,-0.0414312481880188,0.0,0.0,0.3285504877567291,0.05957888066768646,-0.04075620323419571,0.17438654601573944,-0.04260728880763054,0.05018247291445732,0.442786306142807,0.20249629020690918,-1.212188959121704,-45.368263244628906,-0.19876250624656677,0.4118127226829529,0.1812155395746231,-0.20466595888137817,0.09319648146629333,-0.3139244019985199,0.17834538221359253,7.1364521980285645,14.949971199035645,6.497297763824463,16.82027244567871,-0.059794921427965164,0.015332031063735485,0.009199218824505806,-0.04292968660593033,0.0,-0.08128435164690018,0.0185766089707613,0.020705046132206917,-0.042975060641765594,0.0,0.014161738567054272,0.0015458610141649842,-9.78866958618164,0.03554864227771759,-0.21049657464027405,-8.281638145446777,0.0,0.0,0.0,0.0,0.0,0.0,0.0,0.0,0.0,0.0,0.0,0.0,-0.09459133446216583,0.0158504918217659,0.019474204629659653,-0.03980760648846626,0.18324711918830872,0.3374258279800415,0.17005057632923126,0.3725699186325073,-0.20043742656707764,-0.6788538694381714,2.6726269721984863,0.0,0.0,0.0,0.0,0.0,0.0,0.0
37537194119,0,-0.023228010162711143,-0.020421519875526428,-0.854331374168396,6.569455581484362e-05,-0.04113857448101044,-0.8442511558532715,0.02095123752951622,-0.007798046339303255,-0.020002931356430054,0.04658764228224754,-0.04143431782722473,0.010080218315124512,0.0064618284814059734,-0.0058981203474104404,-0.0414312481880188,0.0,0.0,0.3285504877567291,0.05957888066768646,-0.04075620323419571,0.17438654601573944,-0.04745025932788849,0.05797205865383148,0.46342575550079346,0.21969860792160034,-1.169449806213379,-45.68070602416992,-0.186516672372818,0.4225258231163025,0.150981605052948,-0.20313017070293427,0.09383191168308258,-0.3158856928348541,0.18547633290290833,8.010647773742676,14.271224975585938,7.292902946472168,16.140962600708008,-0.06286133080720901,0.010732421651482582,0.009199218824505806,-0.044462889432907104,0.0,-0.0695362314581871,0.018944455310702324,0.01576860062777996,-0.04412145912647247,0.0,0.014161738567054272,0.0015458610141649842,-9.78866958618164,0.03554864227771759,-0.21049657464027405,-8.281638145446777,0.0,0.0,0.0,0.0,0.0,0.0,0.0,0.0,0.0,0.0,0.0,0.0,-0.09555183351039886,0.016339249908924103,0.02134237438440323,-0.04001641273498535,0.20114272832870483,0.3245154023170471,0.1864628940820694,0.35987719893455505,-0.20043742656707764,-0.6788538694381714,2.6726269721984863,0.0,0.0,0.0,0.0,0.0,0.0,0.0
37547635807,0,-0.02348252199590206,-0.020030582323670387,-0.8546230792999268,6.569455581484362e-05,-0.04113857448101044,-0.8442511558532715,0.019077276811003685,-0.00702820997685194,-0.021305864676833153,0.04766746982932091,-0.0431877002120018,0.01062309741973877,0.007140257861465216,-0.006990046706050634,-0.03674757108092308,0.0,0.0,0.3511068820953369,0.042452890425920486,-0.05537690594792366,0.26124605536460876,-0.04745025932788849,0.05797205865383148,0.46342575550079346,0.22143243253231049,-1.175199031829834,-45.44463348388672,-0.186516672372818,0.4225258231163025,0.150981605052948,-0.20313017070293427,0.09383191168308258,-0.3158856928348541,0.18547633290290833,8.749319076538086,13.423250198364258,7.946959495544434,15.360265731811523,-0.06746093928813934,0.0076660155318677425,0.009199218824505806,-0.05059570446610451,0.0,-0.06381981819868088,0.0203385129570961,0.014649372547864914,-0.046537965536117554,0.0,0.340730756521225,-0.1007426455616951,-9.60455322265625,0.0374460369348526,-0.20784951746463776,-8.309774398803711,0.0,0.0,0.0,0.0,0.0,0.0,0.0,0.0,0.0,0.0,0.0,0.0,-0.09150189161300659,0.01710769720375538,0.021408744156360626,-0.04093519225716591,0.20114272832870483,0.3245154023170471,0.1864628940820694,0.35987719893455505,-0.6112260818481445,-0.7842516899108887,3.794262409210205,0.0,0.0,0.0,0.0,0.0,0.0,0.0
37557220022,0,-0.023767922073602676,-0.019544832408428192,-0.8548742532730103,6.569455581484362e-05,-0.04113857448101044,-0.8442511558532715,0.02078194171190262,-0.011174099519848824,-0.014683624729514122,0.04766746982932091,-0.0431877002120018,0.01062309741973877,0.007489020470529795,-0.008322657085955143,-0.031231114640831947,0.0,0.0,0.3511068820953369,0.03761282563209534,-0.06589262187480927,0.28945404291152954,-0.0543079748749733,0.07051993906497955,0.4583141803741455,0.20037737488746643,-1.1442190408706665,-45.4645881652832,-0.18141421675682068,0.4653884470462799,0.09326108545064926,-0.19993539154529572,0.09500886499881744,-0.3202598989009857,0.20073597133159637,9.481717109680176,12.711505889892578,8.60302448272705,14.700879096984863,-0.06899414211511612,0.009199218824505806,0.012265625409781933,-0.05059570446610451,0.0,-0.05814665928483009,0.020303120836615562,0.013527906499803066,-0.04713761433959007,0.0,0.11342404037714005,-0.10494793206453323,-9.610241889953613,0.0374460369348526,-0.20784951746463776,-8.309774398803711,0.0,0.0,0.0,0.0,0.0,0.0,0.0,0.0,0.0,0.0,0.0,0.0,-0.08440398424863815,0.01801585964858532,0.02019399404525757,-0.04233710467815399,0.23086801171302795,0.2945197820663452,0.21317033469676971,0.33269771933555603,-0.5515440106391907,-0.8715993165969849,3.2583436965942383,0.0,0.0,0.0,0.0,0.0,0.0,0.0
37566682655,0,-0.023691432550549507,-0.019216053187847137,-0.8551245331764221,6.569455581484362e-05,-0.04113857448101044,-0.8442511558532715,0.022308068349957466,-0.009855221025645733,-0.023943698033690453,0.04751449078321457,-0.04384526237845421,0.010873377323150635,0.00844776164740324,-0.009923248551785946,-0.02617558091878891,0.0,0.0,0.3511068820953369,0.03761282563209534,-0.06589262187480927,0.28945404291152954,-0.06101956218481064,0.08372793346643448,0.4522497057914734,0.20037737488746643,-1.1442190408706665,-45.4645881652832,-0.18141421675682068,0.4653884470462799,0.09326108545064926,-0.19993539154529572,0.09500886499881744,-0.3202598989009857,0.20073597133159637,9.481717109680176,12.711505889892578,8.60302448272705,14.700879096984863,-0.0705273449420929,0.009199218824505806,0.013798828236758709,-0.04906250163912773,0.0,-0.05814665928483009,0.020303120836615562,0.013527906499803066,-0.04713761433959007,0.0,-0.14968445897102356,0.15393051505088806,-9.792610168457031,0.03419515863060951,-0.2120235711336136,-8.232211112976074,0.0,0.0,0.0,0.0,0.0,0.0,0.0,0.0,0.0,0.0,0.0,0.0,-0.07632967084646225,0.018886201083660126,0.01841822639107704,-0.04388474300503731,0.23086801171302795,0.2945197820663452,0.21317033469676971,0.33269771933555603,-0.5515440106391907,-0.8715993165969849,3.2583436965942383,0.0,0.0,0.0,0.0,0.0,0.0,0.0
37576766752,0,-0.023691432550549507,-0.019216053187847137,-0.8551245331764221,6.569455581484362e-05,-0.04113857448101044,-0.8442511558532715,0.022308068349957466,-0.009855221025645733,-0.023943698033690453,0.04751449078321457,-0.04384526237845421,0.010873377323150635,0.00844776164740324,-0.009923248551785946,-0.02617558091878891,0.0,0.0,0.3511068820953369,0.045386604964733124,-0.08285629004240036,0.29338330030441284,-0.06101956218481064,0.08372793346643448,0.4522497057914734,0.2087787538766861,-1.2020118236541748,-45.480167388916016,-0.20328739285469055,0.4997485280036926,0.09167098999023438,-0.1971566379070282,0.09622631967067719,-0.3246340751647949,0.21351614594459534,9.551438331604004,12.585137367248535,8.624287605285645,14.753772735595703,-0.0705273449420929,0.009199218824505806,0.016865234822034836,-0.04599609225988388,0.0,-0.05923636257648468,0.02260708622634411,0.015869824215769768,-0.04835159331560135,0.0,-0.14968445897102356,0.15393051505088806,-9.792610168457031,0.03419515863060951,-0.2120235711336136,-8.232211112976074,0.0,0.0,0.0,0.0,0.0,0.0,0.0,0.0,0.0,0.0,0.0,0.0,-0.06905363500118256,0.01968199387192726,0.01675052009522915,-0.0453021377325058,0.23226507008075714,0.29206886887550354,0.21360063552856445,0.3337026834487915,0.0654897466301918,-0.8530250787734985,1.1119308471679688,0.0,0.0,0.0,0.0,0.0,0.0,0.0
37586890047,0,-0.02341330423951149,-0.019150473177433014,-0.8552324771881104,6.569455581484362e-05,-0.04113857448101044,-0.8442511558532715,0.021599197760224342,-0.007815600372850895,-0.015945324674248695,0.046958230435848236,-0.043976422399282455,0.010981321334838867,0.0086778923869133,-0.010639711283147335,-0.023693399503827095,0.0,0.0,0.3511068820953369,0.04102808237075806,-0.09108179807662964,0.27654018998146057,-0.062458623200654984,0.08951446413993835,0.44927340745925903,0.18807336688041687,-1.1661295890808105,-45.27716064453125,-0.19870585203170776,0.5162304639816284,0.10637064278125763,-0.195294588804245,0.09716625511646271,-0.3278011977672577,0.22115884721279144,9.166436195373535,12.884528160095215,8.174838066101074,15.092293739318848,-0.0705273449420929,0.012265625409781933,0.015332031063735485,-0.044462889432907104,0.0,-0.06091976538300514,0.02068568766117096,0.016333570703864098,-0.04580492898821831,0.0,-0.14968445897102356,0.15393051505088806,-9.792610168457031,0.03434288129210472,-0.2166386991739273,-8.294129371643066,0.0,0.0,0.0,0.0,0.0,0.0,0.0,0.0,0.0,0.0,0.0,0.0,-0.06369102001190186,0.020418209955096245,0.01568116620182991,-0.046388451009988785,0.23226507008075714,0.29206886887550354,0.21360063552856445,0.3337026834487915,-0.19470945000648499,-0.7832989692687988,-0.268498033285141,0.0,0.0,0.0,0.0,0.0,0.0,0.0
37597235822,0,-0.02341330423951149,-0.019150473177433014,-0.8552324771881104,6.569455581484362e-05,-0.04113857448101044,-0.8442511558532715,0.021599197760224342,-0.007815600372850895,-0.015945324674248695,0.046958230435848236,-0.043976422399282455,0.010981321334838867,0.0086778923869133,-0.010639711283147335,-0.023693399503827095,0.0,0.0,0.3511068820953369,0.024872448295354843,-0.09195448458194733,0.2660001516342163,-0.06013120710849762,0.10556621104478836,0.44345372915267944,0.16626834869384766,-1.2377185821533203,-45.783843994140625,-0.18135753273963928,0.5316362380981445,0.098371222615242,-0.1922427862882614,0.09856388717889786,-0.3332304060459137,0.23201726377010345,9.548553466796875,12.812185287475586,8.449322700500488,15.016845703125,-0.0705273449420929,0.015332031063735485,0.018398437649011612,-0.044462889432907104,0.0,-0.06159534305334091,0.02243557758629322,0.020104190334677696,-0.046987466514110565,0.0,-0.14968445897102356,0.15393051505088806,-9.792610168457031,0.03434288129210472,-0.2166386991739273,-8.294129371643066,0.0,0.0,0.0,0.0,0.0,0.0,0.0,0.0,0.0,0.0,0.0,0.0,-0.06049574539065361,0.020999008789658546,0.015428182668983936,-0.04698707163333893,0.22453729808330536,0.2978701889514923,0.2044844627380371,0.340122252702713,-0.6317395567893982,-0.2679203450679779,-0.5132936835289001,0.0,0.0,0.0,0.0,0.0,0.0,0.0
37606833006,0,-0.022390171885490417,-0.01928544044494629,-0.8553878664970398,6.569455581484362e-05,-0.04113857448101044,-0.8442511558532715,0.026331014931201935,-0.004594782367348671,-0.015205089934170246,0.044911954551935196,-0.043706487864255905,0.01113671064376831,0.00902332179248333,-0.012420265935361385,-0.01875588484108448,0.0,0.0,0.3511068820953369,0.024872448295354843,-0.09195448458194733,0.2660001516342163,-0.06013120710849762,0.10556621104478836,0.44345372915267944,0.16626834869384766,-1.2377185821533203,-45.783843994140625,-0.18135753273963928,0.5316362380981445,0.098371222615242,-0.1922427862882614,0.09856388717889786,-0.3332304060459137,0.23201726377010345,9.548553466796875,12.812185287475586,8.449322700500488,15.016845703125,-0.0705273449420929,0.018398437649011612,0.018398437649011612,-0.04599609225988388,0.0,-0.06159534305334091,0.02243557758629322,0.020104190334677696,-0.046987466514110565,0.0,0.034433331340551376,-0.08612498641014099,-9.387346267700195,0.02066899463534355,-0.2231128215789795,-8.292390823364258,0.0,0.0,0.0,0.0,0.0,0.0,0.0,0.0,0.0,0.0,0.0,0.0,-0.05909600853919983,0.021469013765454292,0.0159926675260067,-0.04722699895501137,0.2322073131799698,0.2964700162410736,0.21005719900131226,0.33869341015815735,-0.6317395567893982,-0.2679203450679779,-0.5132936835289001,0.0,0.0,0.0,0.0,0.0,0.0,0.0
37627536042,0,-0.022390171885490417,-0.01928544044494629,-0.8553878664970398,6.569455581484362e-05,-0.04113857448101044,-0.8442511558532715,0.026331014931201935,-0.004594782367348671,-0.015205089934170246,0.04290933534502983,-0.04338720068335533,0.011152505874633789,0.00902332179248333,-0.012420265935361385,-0.01875588484108448,0.0,0.0,0.3511068820953369,0.024872448295354843,-0.09195448458194733,0.2660001516342163,-0.056940849870443344,0.11697013676166534,0.4382937550544739,0.16626834869384766,-1.2377185821533203,-45.783843994140625,-0.18135753273963928,0.5316362380981445,0.098371222615242,-0.1922427862882614,0.09856388717889786,-0.3332304060459137,0.23201726377010345,9.548553466796875,12.812185287475586,8.449322700500488,15.016845703125,-0.06746093928813934,0.018398437649011612,0.018398437649011612,-0.04906250163912773,0.0,-0.06159534305334091,0.02243557758629322,0.020104190334677696,-0.046987466514110565,0.0,0.034433331340551376,-0.08612498641014099,-9.387346267700195,0.01591317355632782,-0.2409159392118454,-8.390303611755371,0.0,0.0,0.0,0.0,0.0,0.0,0.0,0.0,0.0,0.0,0.0,0.0,-0.05886879190802574,0.021878525614738464,0.01702897623181343,-0.0473007969558239,0.2322073131799698,0.2964700162410736,0.21005719900131226,0.33869341015815735,-0.6317395567893982,-0.2679203450679779,-0.5132936835289001,0.0,0.0,0.0,0.0,0.0,0.0,0.0
37627574066,0,-0.021388866007328033,-0.019445082172751427,-0.8554036617279053,6.569455581484362e-05,-0.04113857448101044,-0.8442511558532715,0.026522377505898476,0.004348035901784897,-0.0018910736544057727,0.04290933534502983,-0.04338720068335533,0.011152505874633789,0.009126844815909863,-0.014035566709935665,-0.014173774048686028,0.0,0.0,0.3511068820953369,0.003371922532096505,-0.08440153300762177,0.2511289715766907,-0.05801660940051079,0.11988309025764465,0.41480642557144165,0.08752245455980301,-1.3250377178192139,-46.146671295166016,-0.15201035141944885,0.5372999906539917,0.09463298320770264,-0.18916338682174683,0.09952645003795624,-0.3388550877571106,0.24102716147899628,9.788532257080078,12.845041275024414,8.578615188598633,14.975852012634277,-0.06286133080720901,0.018398437649011612,0.018398437649011612,-0.04906250163912773,0.0,-0.06575077772140503,0.022874871268868446,0.02703741379082203,-0.04709504544734955,0.0,0.053553905338048935,-0.49235236644744873,-9.759713172912598,0.01591317355632782,-0.2409159392118454,-8.390303611755371,0.0,0.0,0.0,0.0,0.0,0.0,0.0,0.0,0.0,0.0,0.0,0.0,-0.059451859444379807,0.022202985361218452,0.018425947055220604,-0.047284238040447235,0.23700788617134094,0.297105997800827,0.2126762866973877,0.3379165530204773,-0.7828872799873352,0.29267507791519165,-0.6123172044754028,0.0,0.0,0.0,0.0,0.0,0.0,0.0
37636814138,0,-0.02089209482073784,-0.01951476000249386,-0.8553969860076904,6.569455581484362e-05,-0.04113857448101044,-0.8442511558532715,0.0318218469619751,-0.0012516992865130305,-0.0012324285926297307,0.041915785521268845,-0.04324784502387047,0.011145830154418945,0.00895502045750618,-0.014499354176223278,-0.012260175310075283,0.0,0.0,0.33356302976608276,-0.0031359826680272818,-0.07118530571460724,0.23958544433116913,-0.05801660940051079,0.11988309025764465,0.41480642557144165,0.016549699008464813,-1.26340913772583,-46.1435432434082,-0.15149255096912384,0.5291643142700195,0.0791267603635788,-0.18749338388442993,0.0999293252825737,-0.3417704999446869,0.24505633115768433,10.165575981140137,12.469496726989746,8.976680755615234,14.574580192565918,-0.059794921427965164,0.015332031063735485,0.016865234822034836,-0.04906250163912773,0.0,-0.06345546990633011,0.019948936998844147,0.026408623903989792,-0.0450478121638298,0.0,0.1766943633556366,-0.1627461463212967,-9.757195472717285,0.0030090361833572388,-0.22971074283123016,-8.389735221862793,0.0,0.0,0.0,0.0,0.0,0.0,0.0,0.0,0.0,0.0,0.0,0.0,-0.06060335785150528,0.022331297397613525,0.020353196188807487,-0.047141775488853455,0.2445257306098938,0.28982341289520264,0.22071683406829834,0.3302960991859436,-0.6466549038887024,0.7219255566596985,-0.7092803120613098,0.0,0.0,0.0,0.0,0.0,0.0,0.0
37646950702,0,-0.02089209482073784,-0.01951476000249386,-0.8553969860076904,6.569455581484362e-05,-0.04113857448101044,-0.8442511558532715,0.0318218469619751,-0.0012516992865130305,-0.0012324285926297307,0.041915785521268845,-0.04324784502387047,0.011145830154418945,0.00895502045750618,-0.014499354176223278,-0.012260175310075283,0.0,0.0,0.33356302976608276,-0.0031359826680272818,-0.07118530571460724,0.23958544433116913,-0.05801660940051079,0.11988309025764465,0.41480642557144165,0.016549699008464813,-1.26340913772583,-46.1435432434082,-0.15149255096912384,0.5291643142700195,0.0791267603635788,-0.18749338388442993,0.0999293252825737,-0.3417704999446869,0.24505633115768433,10.165575981140137,12.469496726989746,8.976680755615234,14.574580192565918,-0.059794921427965164,0.015332031063735485,0.016865234822034836,-0.04752929508686066,0.0,-0.06345546990633011,0.019948936998844147,0.026408623903989792,-0.0450478121638298,0.0,0.1766943633556366,-0.1627461463212967,-9.757195472717285,0.0030090361833572388,-0.22971074283123016,-8.389735221862793,0.0,0.0,0.0,0.0,0.0,0.0,0.0,0.0,0.0,0.0,0.0,0.0,-0.06180185824632645,0.022089771926403046,0.022447440773248672,-0.04677975922822952,0.2445257306098938,0.28982341289520264,0.22071683406829834,0.3302960991859436,-0.6466549038887024,0.7219255566596985,-0.7092803120613098,0.0,0.0,0.0,0.0,0.0,0.0,0.0
37656749286,0,-0.01935436949133873,-0.019770635291934013,-0.8552576303482056,6.569455581484362e-05,-0.04113857448101044,-0.8442511558532715,0.03409312665462494,0.010081276297569275,0.005418801214545965,0.03884031996130943,-0.04273609071969986,0.011006474494934082,0.008917920291423798,-0.015526607632637024,-0.006623657885938883,0.0,0.0,0.3260442316532135,-0.003935678396373987,-0.045458950102329254,0.22586177289485931,-0.06233682855963707,0.12796972692012787,0.4078099727630615,-0.010625973343849182,-1.371237874031067,-46.10243225097656,-0.15782305598258972,0.5091171264648438,0.07523609697818756,-0.18439149856567383,0.10065662860870361,-0.3468286693096161,0.25131386518478394,10.20738697052002,12.386242866516113,9.106766700744629,14.44621467590332,-0.059794921427965164,0.016865234822034836,0.016865234822034836,-0.044462889432907104,0.0,-0.06755034625530243,0.02265799231827259,0.03164517506957054,-0.04719074070453644,0.0,-0.02619474194943905,0.11837594211101532,-9.499137878417969,-0.008179981261491776,-0.2517935633659363,-8.430298805236816,0.0,0.0,0.0,0.0,0.0,0.0,0.0,0.0,0.0,0.0,0.0,0.0,-0.0628853291273117,0.021700918674468994,0.02444992959499359,-0.04638097435235977,0.2453574389219284,0.2882052958011627,0.2233368307352066,0.3278520405292511,-0.12347187846899033,1.114022135734558,-0.5697311758995056,0.0,0.0,0.0,0.0,0.0,0.0,0.0
37667018119,0,-0.018340956419706345,-0.020016400143504143,-0.8550940752029419,6.569455581484362e-05,-0.04113857448101044,-0.8442511558532715,0.03392501920461655,0.0019411029061302543,0.009619961492717266,0.03681348264217377,-0.0422445610165596,0.01084291934967041,0.008054464124143124,-0.015226423740386963,-0.0030846945010125637,0.0,0.0,0.3160191476345062,-0.003373280633240938,-0.003376777283847332,0.21338872611522675,-0.06233682855963707,0.12796972692012787,0.4078099727630615,-0.010625973343849182,-1.371237874031067,-46.10243225097656,-0.15782305598258972,0.5091171264648438,0.07523609697818756,-0.18439149856567383,0.10065662860870361,-0.3468286693096161,0.25131386518478394,10.20738697052002,12.386242866516113,9.106766700744629,14.44621467590332,-0.059794921427965164,0.018398437649011612,0.018398437649011612,-0.044462889432907104,0.0,-0.06755034625530243,0.02265799231827259,0.03164517506957054,-0.04719074070453644,0.0,-0.02619474194943905,0.11837594211101532,-9.499137878417969,-0.012452501803636551,-0.23474028706550598,-8.45506477355957,0.0,0.0,0.0,0.0,0.0,0.0,0.0,0.0,0.0,0.0,0.0,0.0,-0.06409011036157608,0.021561309695243835,0.026520920917391777,-0.04623541235923767,0.2453574389219284,0.2882052958011627,0.2233368307352066,0.3278520405292511,0.05528263375163078,1.9373068809509277,-0.5667926669120789,0.0,0.0,0.0,0.0,0.0,0.0,0.0
37677877669,0,-0.018340956419706345,-0.020016400143504143,-0.8550940752029419,6.569455581484362e-05,-0.04113857448101044,-0.8442511558532715,0.03392501920461655,0.0019411029061302543,0.009619961492717266,0.03681348264217377,-0.0422445610165596,0.01084291934967041,0.008054464124143124,-0.015226423740386963,-0.0030846945010125637,0.0,0.0,0.3160191476345062,-0.003382513765245676,0.016238830983638763,0.21024705469608307,-0.05592772737145424,0.12499874830245972,0.3945814371109009,-0.042587198317050934,-1.3295648097991943,-46.43654251098633,-0.15462107956409454,0.4602079391479492,0.06662788987159729,-0.18131577968597412,0.10158268362283707,-0.3514840006828308,0.2565689980983734,10.430721282958984,12.334467887878418,9.476146697998047,14.233798027038574,-0.05826171860098839,0.018398437649011612,0.018398437649011612,-0.04752929508686066,0.0,-0.0654507651925087,0.020913081243634224,0.030401702970266342,-0.04582936316728592,0.0,-0.18953725695610046,-0.12408286333084106,-9.484395980834961,-0.012452501803636551,-0.23474028706550598,-8.45506477355957,0.0,0.0,0.0,0.0,0.0,0.0,0.0,0.0,0.0,0.0,0.0,0.0,-0.065224289894104,0.021614519879221916,0.02842766046524048,-0.04627729952335358,0.2453574389219284,0.2882052958011627,0.2233368307352066,0.3278520405292511,0.06542148441076279,1.7348124980926514,-0.375222772359848,0.0,0.0,0.0,0.0,0.0,0.0,0.0
37687127862,0,-0.01782720349729061,-0.020106397569179535,-0.8549919128417969,6.569455581484362e-05,-0.04113857448101044,-0.8442511558532715,0.03546931594610214,0.004662754945456982,0.009022914804518223,0.035785973072052,-0.042064566165208817,0.01074075698852539,0.007918779738247395,-0.014954784885048866,-0.0012848767219111323,0.0,0.0,0.3160191476345062,-0.003382513765245676,0.016238830983638763,0.21024705469608307,-0.057874321937561035,0.12401124089956284,0.3790881335735321,-0.06848876178264618,-1.2910715341567993,-46.50285720825195,-0.15465965867042542,0.4424267113208771,0.052141234278678894,-0.17944656312465668,0.10210411995649338,-0.3533710241317749,0.25869086384773254,10.784233093261719,12.014586448669434,9.880839347839355,13.861003875732422,-0.05826171860098839,0.018398437649011612,0.021464843302965164,-0.04752929508686066,0.0,-0.06269993633031845,0.01974375545978546,0.02891113981604576,-0.04527183994650841,0.0,-0.2571207880973816,0.3308238685131073,-9.75434398651123,-0.01773351989686489,-0.23987478017807007,-8.44636058807373,0.0,0.0,0.0,0.0,0.0,0.0,0.0,0.0,0.0,0.0,0.0,0.0,-0.06579384207725525,0.02153780683875084,0.02971828542649746,-0.04625232517719269,0.2567961513996124,0.2809644639492035,0.23885123431682587,0.316671222448349,0.06542148441076279,1.7348124980926514,-0.375222772359848,0.0,0.0,0.0,0.0,0.0,0.0,0.0
37697155061,0,-0.016350071877241135,-0.02046569436788559,-0.8546432256698608,6.569455581484362e-05,-0.04113857448101044,-0.8442511558532715,0.03318720683455467,0.006542039103806019,0.010213060304522514,0.032831694930791855,-0.04134596884250641,0.010392069816589355,0.008660504594445229,-0.014130706898868084,0.004664771258831024,0.0,0.0,0.3135128915309906,0.01385131198912859,0.03458189219236374,0.20924869179725647,-0.057874321937561035,0.12401124089956284,0.3790881335735321,-0.06848876178264618,-1.2910715341567993,-46.50285720825195,-0.15465965867042542,0.4424267113208771,0.052141234278678894,-0.17944656312465668,0.10210411995649338,-0.3533710241317749,0.25869086384773254,11.071362495422363,11.60588550567627,10.29893684387207,13.50123405456543,-0.059794921427965164,0.015332031063735485,0.024531250819563866,-0.05059570446610451,0.0,-0.06107180565595627,0.020439129322767258,0.02773715741932392,-0.04647906497120857,0.0,-0.2571207880973816,0.3308238685131073,-9.75434398651123,-0.01968413032591343,-0.24235089123249054,-8.449594497680664,0.0,0.0,0.0,0.0,0.0,0.0,0.0,0.0,0.0,0.0,0.0,0.0,-0.06555483490228653,0.021255049854516983,0.030218692496418953,-0.04614052176475525,0.2567961513996124,0.2809644639492035,0.23885123431682587,0.316671222448349,0.6491300463676453,1.2341511249542236,-0.10758361965417862,0.0,0.0,0.0,0.0,0.0,0.0,0.0
37706771218,0,-0.016350071877241135,-0.02046569436788559,-0.8546432256698608,6.569455581484362e-05,-0.04113857448101044,-0.8442511558532715,0.03318720683455467,0.006542039103806019,0.010213060304522514,0.032831694930791855,-0.04134596884250641,0.010392069816589355,0.008660504594445229,-0.014130706898868084,0.004664771258831024,0.0,0.0,0.3135128915309906,0.020507384091615677,0.04666716977953911,0.21401429176330566,-0.06178109720349312,0.11637423932552338,0.37029609084129333,-0.04293331503868103,-1.38805091381073,-46.44060516357422,-0.1844160556793213,0.42857277393341064,0.03743055462837219,-0.17647266387939453,0.103427454829216,-0.3565160632133484,0.26199042797088623,11.293323516845703,11.355393409729004,10.59710693359375,13.23255729675293,-0.059794921427965164,0.015332031063735485,0.026064453646540642,-0.05059570446610451,0.0,-0.06182343140244484,0.024990979582071304,0.029645565897226334,-0.05045677721500397,0.0,0.10044196993112564,-0.12806622684001923,-9.892129898071289,-0.01968413032591343,-0.24235089123249054,-8.449594497680664,0.0,0.0,0.0,0.0,0.0,0.0,0.0,0.0,0.0,0.0,0.0,0.0,-0.06471982598304749,0.021143333986401558,0.030149083584547043,-0.04627581313252449,0.2624639570713043,0.2729703485965729,0.24717769026756287,0.30976539850234985,0.709007740020752,1.3897128105163574,0.24704980850219727,0.0,0.0,0.0,0.0,0.0,0.0,0.0
37718419051,0,-0.016350071877241135,-0.02046569436788559,-0.8546432256698608,6.569455581484362e-05,-0.04113857448101044,-0.8442511558532715,0.03318720683455467,0.006542039103806019,0.010213060304522514,0.032831694930791855,-0.04134596884250641,0.010392069816589355,0.008660504594445229,-0.014130706898868084,0.004664771258831024,0.0,0.0,0.3135128915309906,0.020507384091615677,0.04666716977953911,0.21401429176330566,-0.0645427256822586,0.11439433693885803,0.3696257174015045,-0.04293331503868103,-1.38805091381073,-46.44060516357422,-0.19348670542240143,0.41337305307388306,0.027016162872314453,-0.1753547191619873,0.10410814732313156,-0.3575631082057953,0.2630794048309326,11.293323516845703,11.355393409729004,10.59710693359375,13.23255729675293,-0.059794921427965164,0.016865234822034836,0.027597656473517418,-0.05059570446610451,0.0,-0.06171563267707825,0.02509802207350731,0.029760293662548065,-0.05036482214927673,0.0,-0.17772017419338226,0.05815083160996437,-9.881234169006348,-0.01968413032591343,-0.24235089123249054,-8.449594497680664,0.0,0.0,0.0,0.0,0.0,0.0,0.0,0.0,0.0,0.0,0.0,0.0,-0.06373504549264908,0.02159333974123001,0.029939189553260803,-0.0469261109828949,0.2668337821960449,0.2680540382862091,0.2530932128429413,0.3045920729637146,0.709007740020752,1.3897128105163574,0.24704980850219727,0.0,0.0,0.0,0.0,0.0,0.0,0.0
37726769732,0,-0.015868062153458595,-0.020557349547743797,-0.8545138239860535,6.569455581484362e-05,-0.04113857448101044,-0.8442511558532715,0.03047085739672184,0.006180393043905497,0.00902095902711153,0.03186767175793648,-0.041162654757499695,0.010262668132781982,0.008724366314709187,-0.013341641053557396,0.006741403602063656,0.0,0.0,0.3135128915309906,0.02235330455005169,0.05734524875879288,0.20250311493873596,-0.0645427256822586,0.11439433693885803,0.3696257174015045,-0.10826271772384644,-1.3329298496246338,-46.47277069091797,-0.19348670542240143,0.41337305307388306,0.027016162872314453,-0.1753547191619873,0.10410814732313156,-0.3575631082057953,0.2630794048309326,10.957793235778809,11.698493957519531,10.329777717590332,13.52425479888916,-0.059794921427965164,0.016865234822034836,0.027597656473517418,-0.05059570446610451,0.0,-0.0639379471540451,0.0207205843180418,0.030880266800522804,-0.046125221997499466,0.0,-0.17772017419338226,0.05815083160996437,-9.881234169006348,-0.016342326998710632,-0.24130621552467346,-8.4395112991333,0.0,0.0,0.0,0.0,0.0,0.0,0.0,0.0,0.0,0.0,0.0,0.0,-0.06298556923866272,0.02225448749959469,0.029849322512745857,-0.047689132392406464,0.2668337821960449,0.2680540382862091,0.2530932128429413,0.3045920729637146,0.6473278999328613,1.6311721801757812,-0.43744146823883057,0.0,0.0,0.0,0.0,0.0,0.0,0.0
37737049061,0,-0.014952089637517929,-0.020701752975583076,-0.8542203307151794,6.569455581484362e-05,-0.04113857448101044,-0.8442511558532715,0.03657730296254158,0.0074213906191289425,0.010302906855940819,0.03003571927547455,-0.040873847901821136,0.009969174861907959,0.009658485651016235,-0.011581821367144585,0.010501369833946228,0.0,0.0,0.3135128915309906,0.026281796395778656,0.09034067392349243,0.19527123868465424,-0.0645427256822586,0.11439433693885803,0.3696257174015045,-0.1603371948003769,-1.346143364906311,-46.53009796142578,-0.20596808195114136,0.35103824734687805,0.037619516253471375,-0.1718897670507431,0.10410814732313156,-0.3575631082057953,0.2630794048309326,10.936808586120605,11.718257904052734,10.469965934753418,13.446365356445312,-0.059794921427965164,0.015332031063735485,0.03066406212747097,-0.04752929508686066,0.0,-0.06583072990179062,0.019834375008940697,0.03303234279155731,-0.04508935287594795,0.0,0.24705857038497925,0.12859037518501282,-9.815879821777344,-0.03264526650309563,-0.2431640625,-8.447303771972656,0.0,0.0,0.0,0.0,0.0,0.0,0.0,0.0,0.0,0.0,0.0,0.0,-0.06277750432491302,0.022457655519247055,0.030042974278330803,-0.04792360961437225,0.2668337821960449,0.2680540382862091,0.2530932128429413,0.3045920729637146,0.1934128701686859,1.4945307970046997,-0.5399397611618042,0.0,0.0,0.0,0.0,0.0,0.0,0.0
37747089675,0,-0.014952089637517929,-0.020701752975583076,-0.8542203307151794,6.569455581484362e-05,-0.04113857448101044,-0.8442511558532715,0.03657730296254158,0.0074213906191289425,0.010302906855940819,0.03003571927547455,-0.040873847901821136,0.009969174861907959,0.009658485651016235,-0.011581821367144585,0.010501369833946228,0.0,0.0,0.3135128915309906,0.02696547470986843,0.09734629094600677,0.1990528553724289,-0.0739356130361557,0.09075050801038742,0.3610743582248688,-0.1795489639043808,-1.33740234375,-46.46017074584961,-0.20975461602210999,0.3425944149494171,0.026973575353622437,-0.17042642831802368,0.10792052000761032,-0.36040130257606506,0.26650336384773254,11.168266296386719,11.440593719482422,10.73673152923584,13.1563720703125,-0.059794921427965164,0.015332031063735485,0.03066406212747097,-0.044462889432907104,0.0,-0.0646539255976677,0.019590873271226883,0.032704535871744156,-0.04521091282367706,0.0,0.24705857038497925,0.12859037518501282,-9.815879821777344,-0.03264526650309563,-0.2431640625,-8.447303771972656,0.0,0.0,0.0,0.0,0.0,0.0,0.0,0.0,0.0,0.0,0.0,0.0,-0.06309697031974792,0.02210315875709057,0.030575433745980263,-0.04756932333111763,0.2643730938434601,0.2697276771068573,0.2558569312095642,0.3031225800514221,0.09330055117607117,1.1211100816726685,-0.15343882143497467,0.0,0.0,0.0,0.0,0.0,0.0,0.0
37757146783,0,-0.014155703596770763,-0.020832089707255363,-0.8539090752601624,6.569455581484362e-05,-0.04113857448101044,-0.8442511558532715,0.03987446799874306,0.014536140486598015,0.009967874735593796,0.02844293788075447,-0.04061317443847656,0.00965791940689087,0.010386083275079727,-0.009840982966125011,0.014217955060303211,0.0,0.0,0.3160191476345062,0.04242391511797905,0.12174256891012192,0.20068340003490448,-0.0739356130361557,0.09075050801038742,0.3610743582248688,-0.23645979166030884,-1.412244439125061,-46.44166946411133,-0.20975461602210999,0.3425944149494171,0.026973575353622437,-0.17042642831802368,0.10792052000761032,-0.36040130257606506,0.26650336384773254,11.238075256347656,11.265950202941895,11.035187721252441,12.944891929626465,-0.059794921427965164,0.013798828236758709,0.03066406212747097,-0.04292968660593033,0.0,-0.06840589642524719,0.020457450300455093,0.036043331027030945,-0.046440307050943375,0.0,-0.38272371888160706,-0.20095708966255188,-9.98193645477295,-0.042992688715457916,-0.2567717134952545,-8.443940162658691,0.0,0.0,0.0,0.0,0.0,0.0,0.0,0.0,0.0,0.0,0.0,0.0,-0.06376875936985016,0.021516436710953712,0.03139932453632355,-0.04701099917292595,0.2643730938434601,0.2697276771068573,0.2558569312095642,0.3031225800514221,0.6159399747848511,1.3707516193389893,0.012064957059919834,0.0,0.0,0.0,0.0,0.0,0.0,0.0
37766774044,0,-0.013429110869765282,-0.020871207118034363,-0.8535874485969543,6.569455581484362e-05,-0.04113857448101044,-0.8442511558532715,0.04022648558020592,0.014430622570216656,0.012238294817507267,0.02698974683880806,-0.040534935891628265,0.009336292743682861,0.011224242858588696,-0.007022114470601082,0.01752966269850731,0.0,0.0,0.3160191476345062,0.04242391511797905,0.12174256891012192,0.20068340003490448,-0.07769851386547089,0.06777554005384445,0.35991573333740234,-0.23645979166030884,-1.412244439125061,-46.44166946411133,-0.24097904562950134,0.2992309331893921,0.019436925649642944,-0.16779986023902893,0.1105118840932846,-0.3611052930355072,0.26761874556541443,11.238075256347656,11.265950202941895,11.035187721252441,12.944891929626465,-0.059794921427965164,0.015332031063735485,0.03066406212747097,-0.04599609225988388,0.0,-0.06815125793218613,0.020710919052362442,0.036302220076322556,-0.04621952027082443,0.0,-0.38272371888160706,-0.20095708966255188,-9.98193645477295,-0.04701946675777435,-0.2564176917076111,-8.462966918945312,0.0,0.0,0.0,0.0,0.0,0.0,0.0,0.0,0.0,0.0,0.0,0.0,-0.06476999819278717,0.02100418321788311,0.0325193852186203,-0.04656420275568962,0.2657470703125,0.26629555225372314,0.26175087690353394,0.29903778433799744,0.6159399747848511,1.3707516193389893,0.012064957059919834,0.0,0.0,0.0,0.0,0.0,0.0,0.0
37777517908,0,-0.01295650564134121,-0.02089541219174862,-0.8532774448394775,6.569455581484362e-05,-0.04113857448101044,-0.8442511558532715,0.035537246614694595,0.014776836149394512,0.018449285998940468,0.026044530794024467,-0.04048652574419975,0.009026288986206055,0.012075421400368214,-0.00455055944621563,0.0206805020570755,0.0,0.0,0.3160191476345062,0.05865970253944397,0.14273153245449066,0.19206087291240692,-0.0936955064535141,0.041781116276979446,0.35416001081466675,-0.23645979166030884,-1.412244439125061,-46.44166946411133,-0.24097904562950134,0.2992309331893921,0.019436925649642944,-0.16779986023902893,0.1105118840932846,-0.3611052930355072,0.26761874556541443,11.097790718078613,11.413414001464844,11.114849090576172,13.048501014709473,-0.06132812425494194,0.015332031063735485,0.03066406212747097,-0.04906250163912773,0.0,-0.06901407986879349,0.02044328674674034,0.03604193031787872,-0.04585227370262146,0.0,-0.24826686084270477,-0.18915845453739166,-9.493473052978516,-0.03995829075574875,-0.257344126701355,-8.510164260864258,0.0,0.0,0.0,0.0,0.0,0.0,0.0,0.0,0.0,0.0,0.0,0.0,-0.06593790650367737,0.020674096420407295,0.03374433144927025,-0.046274103224277496,0.2657470703125,0.26629555225372314,0.26175087690353394,0.29903778433799744,0.7580890655517578,1.0633673667907715,-0.2716599702835083,0.0,0.0,0.0,0.0,0.0,0.0,0.0
37787660744,0,-0.01295650564134121,-0.02089541219174862,-0.8532774448394775,6.569455581484362e-05,-0.04113857448101044,-0.8442511558532715,0.035537246614694595,0.014776836149394512,0.018449285998940468,0.026044530794024467,-0.04048652574419975,0.009026288986206055,0.012075421400368214,-0.00455055944621563,0.0206805020570755,0.0,0.0,0.3160191476345062,0.05865970253944397,0.14273153245449066,0.19206087291240692,-0.0936955064535141,0.041781116276979446,0.35416001081466675,-0.263490229845047,-1.470465898513794,-46.63513946533203,-0.26993870735168457,0.2554766833782196,0.022600457072257996,-0.16529396176338196,0.1137605607509613,-0.360819011926651,0.2680707573890686,11.097790718078613,11.413414001464844,11.114849090576172,13.048501014709473,-0.06132812425494194,0.016865234822034836,0.03066406212747097,-0.04906250163912773,0.0,-0.07149071246385574,0.021648412570357323,0.039000850170850754,-0.04648933559656143,0.0,-0.24826686084270477,-0.18915845453739166,-9.493473052978516,-0.03995829075574875,-0.257344126701355,-8.510164260864258,0.0,0.0,0.0,0.0,0.0,0.0,0.0,0.0,0.0,0.0,0.0,0.0,-0.06715438514947891,0.020537104457616806,0.03491925448179245,-0.04609992727637291,0.2629846930503845,0.2691938579082489,0.26332101225852966,0.3010402023792267,0.7580890655517578,1.0633673667907715,-0.2716599702835083,0.0,0.0,0.0,0.0,0.0,0.0,0.0
37803290954,0,-0.01295650564134121,-0.02089541219174862,-0.8532774448394775,6.569455581484362e-05,-0.04113857448101044,-0.8442511558532715,0.035537246614694595,0.014776836149394512,0.018449285998940468,0.025683501735329628,-0.040415409952402115,0.00885695219039917,0.012075421400368214,-0.00455055944621563,0.0206805020570755,0.0,0.0,0.3160191476345062,0.058269601315259933,0.14078326523303986,0.1883639544248581,-0.0936955064535141,0.041781116276979446,0.35416001081466675,-0.21977059543132782,-1.4153926372528076,-46.805904388427734,-0.2732212245464325,0.24802884459495544,0.021806910634040833,-0.16399122774600983,0.11568866670131683,-0.36045214533805847,0.2680208086967468,11.144768714904785,11.441496849060059,11.193053245544434,13.064967155456543,-0.06132812425494194,0.015332031063735485,0.03066406212747097,-0.04906250163912773,0.0,-0.06791982054710388,0.02136814408004284,0.03573209419846535,-0.04601462557911873,0.0,-0.17707683145999908,-0.3510837256908417,-9.551389694213867,-0.04302842915058136,-0.26023468375205994,-8.531904220581055,0.0,0.0,0.0,0.0,0.0,0.0,0.0,0.0,0.0,0.0,0.0,0.0,-0.06827384978532791,0.02060627192258835,0.035962965339422226,-0.046034835278987885,0.2639101445674896,0.26974546909332275,0.264861136674881,0.30135807394981384,0.3900303840637207,0.46212470531463623,-0.30192434787750244,0.0,0.0,0.0,0.0,0.0,0.0,0.0
37806981223,0,-0.012775992043316364,-0.020930970087647438,-0.8531081080436707,6.569455581484362e-05,-0.04113857448101044,-0.8442511558532715,0.036579374223947525,0.016277004033327103,0.021506814286112785,0.025683501735329628,-0.040415409952402115,0.00885695219039917,0.012218214571475983,-0.0034373837988823652,0.022390009835362434,0.0,0.0,0.3160191476345062,0.06233736500144005,0.14254304766654968,0.18023595213890076,-0.09536264836788177,0.03298121318221092,0.3521202802658081,-0.21977059543132782,-1.4153926372528076,-46.805904388427734,-0.2732212245464325,0.24802884459495544,0.021806910634040833,-0.16399122774600983,0.11568866670131683,-0.36045214533805847,0.2680208086967468,11.004436492919922,11.515804290771484,11.171825408935547,13.125788688659668,-0.059794921427965164,0.013798828236758709,0.03066406212747097,-0.05059570446610451,0.0,-0.06878731399774551,0.021230235695838928,0.03580000251531601,-0.04580127075314522,0.0,-0.2549249231815338,-0.30657023191452026,-10.244766235351562,-0.04302842915058136,-0.26023468375205994,-8.531904220581055,0.0,0.0,0.0,0.0,0.0,0.0,0.0,0.0,0.0,0.0,0.0,0.0,-0.06896383315324783,0.020787442103028297,0.03658759593963623,-0.046011149883270264,0.2639101445674896,0.26974546909332275,0.264861136674881,0.30135807394981384,0.3716971278190613,0.3089647889137268,-0.4699559509754181,0.0,0.0,0.0,0.0,0.0,0.0,0.0
37816929700,0,-0.012433231808245182,-0.02091258578002453,-0.8527683019638062,6.569455581484362e-05,-0.04113857448101044,-0.8442511558532715,0.03298874571919441,0.012656551785767078,0.013158668763935566,0.024997977539896965,-0.040452178567647934,0.008517146110534668,0.01321586687117815,-0.0008830732549540699,0.025796793401241302,0.0,0.0,0.3160191476345062,0.06233736500144005,0.14254304766654968,0.18023595213890076,-0.1044812798500061,0.013103696517646313,0.34805673360824585,-0.21841081976890564,-1.4316258430480957,-46.774715423583984,-0.2900035083293915,0.22705881297588348,0.024741381406784058,-0.16165512800216675,0.11946789175271988,-0.35958781838417053,0.267478883266449,11.004436492919922,11.515804290771484,11.171825408935547,13.125788688659668,-0.059794921427965164,0.013798828236758709,0.032197266817092896,-0.04906250163912773,0.0,-0.06903500854969025,0.02199104055762291,0.03649846464395523,-0.04608199745416641,0.0,-0.2549249231815338,-0.30657023191452026,-10.244766235351562,-0.037358857691287994,-0.2530478239059448,-8.46518325805664,0.0,0.0,0.0,0.0,0.0,0.0,0.0,0.0,0.0,0.0,0.0,0.0,-0.06924200057983398,0.020999709144234657,0.03677855432033539,-0.04598356410861015,0.2611444294452667,0.2712038457393646,0.2644430696964264,0.3025325834751129,0.3716971278190613,0.3089647889137268,-0.4699559509754181,0.0,0.0,0.0,0.0,0.0,0.0,0.0
37826855166,0,-0.012274317443370819,-0.020887188613414764,-0.8526075482368469,6.569455581484362e-05,-0.04113857448101044,-0.8442511558532715,0.0347491092979908,0.01619402877986431,0.00808371976017952,0.02468014694750309,-0.04050297290086746,0.00835639238357544,0.014054568484425545,0.0005890298052690923,0.027441006153821945,0.0,0.0,0.3160191476345062,0.06905117630958557,0.14979930222034454,0.1741533875465393,-0.1044812798500061,0.013103696517646313,0.34805673360824585,-0.20547372102737427,-1.3917629718780518,-46.558509826660156,-0.30778318643569946,0.20615032315254211,0.02844947576522827,-0.1604400873184204,0.12169866263866425,-0.35886555910110474,0.266914427280426,10.797069549560547,11.560290336608887,11.085235595703125,13.158907890319824,-0.06132812425494194,0.015332031063735485,0.03526367247104645,-0.04906250163912773,0.0,-0.06850731372833252,0.021197007969021797,0.035217802971601486,-0.045141253620386124,0.0,0.047592345625162125,-0.02577645145356655,-10.239784240722656,-0.0418870747089386,-0.25999563932418823,-8.427241325378418,0.0,0.0,0.0,0.0,0.0,0.0,0.0,0.0,0.0,0.0,0.0,0.0,-0.06930483877658844,0.021215301007032394,0.03672948479652405,-0.04593181237578392,0.2570498287677765,0.27207642793655396,0.2627374529838562,0.30317169427871704,0.5216242074966431,0.4686065912246704,-0.5965346097946167,0.0,0.0,0.0,0.0,0.0,0.0,0.0
37837873256,0,-0.012274317443370819,-0.020887188613414764,-0.8526075482368469,6.569455581484362e-05,-0.04113857448101044,-0.8442511558532715,0.0347491092979908,0.01619402877986431,0.00808371976017952,0.02468014694750309,-0.04050297290086746,0.00835639238357544,0.014054568484425545,0.0005890298052690923,0.027441006153821945,0.0,0.0,0.3160191476345062,0.0652923434972763,0.1471802443265915,0.17186644673347473,-0.11181711405515671,0.001770145259797573,0.34609800577163696,-0.2303789108991623,-1.429975986480713,-46.34982681274414,-0.32339853048324585,0.19433240592479706,0.02646765112876892,-0.1592520922422409,0.12169866263866425,-0.35886555910110474,0.266914427280426,10.80974006652832,11.388479232788086,11.164861679077148,12.972987174987793,-0.06132812425494194,0.015332031063735485,0.036796875298023224,-0.04906250163912773,0.0,-0.07037653774023056,0.022043481469154358,0.03708232566714287,-0.04605207219719887,0.0,0.08887924253940582,-0.1935834437608719,-9.705572128295898,-0.0418870747089386,-0.25999563932418823,-8.427241325378418,0.0,0.0,0.0,0.0,0.0,0.0,0.0,0.0,0.0,0.0,0.0,0.0,-0.06929915398359299,0.021393634378910065,0.03657149896025658,-0.04584589600563049,0.2570498287677765,0.27207642793655396,0.2627374529838562,0.30317169427871704,-0.17221394181251526,-0.07613708823919296,-0.3479287326335907,0.0,0.0,0.0,0.0,0.0,0.0,0.0
37847068987,0,-0.01204850897192955,-0.020801210775971413,-0.8522673845291138,6.569455581484362e-05,-0.04113857448101044,-0.8442511558532715,0.03179851174354553,0.01303092110902071,0.008340668864548206,0.024228528141975403,-0.040674932301044464,0.008016228675842285,0.015715831890702248,0.0031603588722646236,0.030825521796941757,0.0,0.0,0.3160191476345062,0.0652923434972763,0.1471802443265915,0.17186644673347473,-0.12616851925849915,-0.017961647361516953,0.34206557273864746,-0.19157788157463074,-1.4232193231582642,-46.293724060058594,-0.3159797489643097,0.1927272379398346,0.023937374353408813,-0.15825532376766205,0.1262410283088684,-0.3571077585220337,0.26544657349586487,10.80974006652832,11.388479232788086,11.164861679077148,12.972987174987793,-0.06132812425494194,0.016865234822034836,0.036796875298023224,-0.04752929508686066,0.0,-0.06878240406513214,0.02313370630145073,0.035735804587602615,-0.04684271290898323,0.0,0.08887924253940582,-0.1935834437608719,-9.705572128295898,-0.037101879715919495,-0.25420594215393066,-8.43637466430664,0.0,0.0,0.0,0.0,0.0,0.0,0.0,0.0,0.0,0.0,0.0,0.0,-0.06933538615703583,0.021612498909235,0.0364399291574955,-0.04583613947033882,0.2573001980781555,0.26870426535606384,0.2643060088157654,0.2995809316635132,-0.17221394181251526,-0.07613708823919296,-0.3479287326335907,0.0,0.0,0.0,0.0,0.0,0.0,0.0
37856996448,0,-0.01204850897192955,-0.020801210775971413,-0.8522673845291138,6.569455581484362e-05,-0.04113857448101044,-0.8442511558532715,0.03179851174354553,0.01303092110902071,0.008340668864548206,0.024228528141975403,-0.040674932301044464,0.008016228675842285,0.015715831890702248,0.0031603588722646236,0.030825521796941757,0.0,0.0,0.3160191476345062,0.03670946881175041,0.13687175512313843,0.1731451451778412,-0.12616851925849915,-0.017961647361516953,0.34206557273864746,-0.19157788157463074,-1.4232193231582642,-46.293724060058594,-0.3159797489643097,0.1927272379398346,0.023937374353408813,-0.15825532376766205,0.1262410283088684,-0.3571077585220337,0.26544657349586487,10.80974006652832,11.388479232788086,11.164861679077148,12.972987174987793,-0.06132812425494194,0.016865234822034836,0.03526367247104645,-0.04752929508686066,0.0,-0.06878240406513214,0.02313370630145073,0.035735804587602615,-0.04684271290898323,0.0,0.027490414679050446,-0.41976866126060486,-9.481306076049805,-0.037101879715919495,-0.25420594215393066,-8.43637466430664,0.0,0.0,0.0,0.0,0.0,0.0,0.0,0.0,0.0,0.0,0.0,0.0,-0.06932470202445984,0.021950550377368927,0.036307405680418015,-0.04598060995340347,0.2573001980781555,0.26870426535606384,0.2643060088157654,0.2995809316635132,-1.1962288618087769,-0.3124183714389801,-0.22867777943611145,0.0,0.0,0.0,0.0,0.0,0.0,0.0
37866938281,0,-0.01167171448469162,-0.020710468292236328,-0.8518798351287842,6.569455581484362e-05,-0.04113857448101044,-0.8442511558532715,0.027310717850923538,0.01455944124609232,0.015764694660902023,0.023474935442209244,-0.04085641726851463,0.007628679275512695,0.01608341559767723,0.005381212569773197,0.03379598632454872,0.0,0.0,0.3160191476345062,0.03670946881175041,0.13687175512313843,0.1731451451778412,-0.12961697578430176,-0.039450548589229584,0.337985634803772,-0.20028731226921082,-1.4335304498672485,-46.56648635864258,-0.28535526990890503,0.1859976053237915,0.018746212124824524,-0.1561693251132965,0.13053733110427856,-0.3552447259426117,0.2637467682361603,11.047953605651855,11.382559776306152,11.325784683227539,12.854802131652832,-0.06132812425494194,0.018398437649011612,0.03526367247104645,-0.04752929508686066,0.0,-0.06770142912864685,0.023394761607050896,0.03602229431271553,-0.047141216695308685,0.0,0.027490414679050446,-0.41976866126060486,-9.481306076049805,-0.029998162761330605,-0.25817206501960754,-8.49669361114502,0.0,0.0,0.0,0.0,0.0,0.0,0.0,0.0,0.0,0.0,0.0,0.0,-0.06916951388120651,0.02234717644751072,0.03614996746182442,-0.04622451588511467,0.2620025873184204,0.2685878574848175,0.2674719989299774,0.2972950339317322,-1.1962288618087769,-0.3124183714389801,-0.22867777943611145,0.0,0.0,0.0,0.0,0.0,0.0,0.0
37876745587,0,-0.011187913827598095,-0.020573681220412254,-0.8514874577522278,6.569455581484362e-05,-0.04113857448101044,-0.8442511558532715,0.02709236927330494,0.011829903349280357,0.021282080560922623,0.022507328540086746,-0.04112999141216278,0.007236301898956299,0.015713807195425034,0.0076644993387162685,0.0364895835518837,0.0,0.0,0.3160191476345062,0.021004972979426384,0.13353240489959717,0.17337602376937866,-0.1281311810016632,-0.053857654333114624,0.3353201448917389,-0.20028731226921082,-1.4335304498672485,-46.56648635864258,-0.28535526990890503,0.1859976053237915,0.018746212124824524,-0.1561693251132965,0.13053733110427856,-0.3552447259426117,0.2637467682361603,11.21014404296875,11.430789947509766,11.47860336303711,12.832442283630371,-0.059794921427965164,0.018398437649011612,0.03526367247104645,-0.04752929508686066,0.0,-0.06672045588493347,0.023296033963561058,0.03554251417517662,-0.04722341522574425,0.0,0.05398344621062279,-0.32392165064811707,-9.672835350036621,-0.03149883821606636,-0.25345635414123535,-8.537891387939453,0.0,0.0,0.0,0.0,0.0,0.0,0.0,0.0,0.0,0.0,0.0,0.0,-0.06882689893245697,0.022718951106071472,0.036013633012771606,-0.04650365188717842,0.2620025873184204,0.2685878574848175,0.2674719989299774,0.2972950339317322,-1.4045424461364746,-0.3084808588027954,-0.16174758970737457,0.0,0.0,0.0,0.0,0.0,0.0,0.0
37886827087,0,-0.011187913827598095,-0.020573681220412254,-0.8514874577522278,6.569455581484362e-05,-0.04113857448101044,-0.8442511558532715,0.02709236927330494,0.011829903349280357,0.021282080560922623,0.022507328540086746,-0.04112999141216278,0.007236301898956299,0.015713807195425034,0.0076644993387162685,0.0364895835518837,0.0,0.0,0.3160191476345062,-0.0036301661748439074,0.12752027809619904,0.18324662744998932,-0.1281311810016632,-0.053857654333114624,0.3353201448917389,-0.14887408912181854,-1.3373167514801025,-46.86006164550781,-0.2474578619003296,0.15679101645946503,0.0003079324960708618,-0.1530190408229828,0.13640598952770233,-0.35164302587509155,0.2604883313179016,11.598514556884766,11.096738815307617,11.845410346984863,12.364381790161133,-0.059794921427965164,0.016865234822034836,0.03526367247104645,-0.04752929508686066,0.0,-0.05967864766716957,0.02287834882736206,0.030322115868330002,-0.04745268076658249,0.0,0.11243370920419693,-0.25808921456336975,-9.91517162322998,-0.03149883821606636,-0.25345635414123535,-8.537891387939453,0.0,0.0,0.0,0.0,0.0,0.0,0.0,0.0,0.0,0.0,0.0,0.0,-0.06799010932445526,0.02299356833100319,0.03564095124602318,-0.046780526638031006,0.2651974856853485,0.2695350646972656,0.2704738676548004,0.29686230421066284,-1.3484441041946411,-0.3146117329597473,0.329263836145401,0.0,0.0,0.0,0.0,0.0,0.0,0.0
37896886705,0,-0.010731540620326996,-0.020411768928170204,-0.8510958552360535,6.569455581484362e-05,-0.04113857448101044,-0.8442511558532715,0.02649661712348461,0.007327117491513491,0.016917243599891663,0.02159457840025425,-0.04145381972193718,0.006844699382781982,0.015608081594109535,0.009741664864122868,0.03982647880911827,0.0,0.0,0.3160191476345062,-0.0036301661748439074,0.12752027809619904,0.18324662744998932,-0.12816648185253143,-0.07047784328460693,0.3313397765159607,-0.14887408912181854,-1.3373167514801025,-46.86006164550781,-0.2474578619003296,0.15679101645946503,0.0003079324960708618,-0.1530190408229828,0.13640598952770233,-0.35164302587509155,0.2604883313179016,11.598514556884766,11.096738815307617,11.845410346984863,12.364381790161133,-0.06132812425494194,0.016865234822034836,0.03526367247104645,-0.04599609225988388,0.0,-0.05967864766716957,0.02287834882736206,0.030322115868330002,-0.04745268076658249,0.0,-0.1088700145483017,-0.07512123882770538,-9.983292579650879,-0.032180190086364746,-0.24499723315238953,-8.503335952758789,0.0,0.0,0.0,0.0,0.0,0.0,0.0,0.0,0.0,0.0,0.0,0.0,-0.06636972725391388,0.0231266338378191,0.03471701592206955,-0.04703015461564064,0.2728257179260254,0.26296401023864746,0.2776593863964081,0.28777989745140076,-1.3484441041946411,-0.3146117329597473,0.329263836145401,0.0,0.0,0.0,0.0,0.0,0.0,0.0
37907246932,0,-0.010523878037929535,-0.02030985802412033,-0.8509055376052856,6.569455581484362e-05,-0.04113857448101044,-0.8442511558532715,0.02200382389128208,0.007825572043657303,0.014401265420019627,0.02117925137281418,-0.041657641530036926,0.00665438175201416,0.015289883129298687,0.010743489488959312,0.042018234729766846,0.0,0.0,0.3160191476345062,-0.015071612782776356,0.11782272905111313,0.18598882853984833,-0.12604539096355438,-0.07862509787082672,0.3287205696105957,-0.1769910454750061,-1.347484827041626,-46.768348693847656,-0.23503842949867249,0.16014283895492554,-0.0036560744047164917,-0.1521732211112976,0.13785547018051147,-0.3505321145057678,0.2595612406730652,11.699101448059082,10.988927841186523,11.897356033325195,12.228211402893066,-0.06132812425494194,0.015332031063735485,0.03526367247104645,-0.044462889432907104,0.0,-0.060245268046855927,0.02260889671742916,0.031405240297317505,-0.047386687248945236,0.0,-0.1088700145483017,-0.07512123882770538,-9.983292579650879,-0.024337254464626312,-0.24668648838996887,-8.484764099121094,0.0,0.0,0.0,0.0,0.0,0.0,0.0,0.0,0.0,0.0,0.0,0.0,-0.06436425447463989,0.02313382923603058,0.03350159898400307,-0.047227852046489716,0.2728257179260254,0.26296401023864746,0.2776593863964081,0.28777989745140076,-1.3790807723999023,-0.6058540940284729,0.331686794757843,0.0,0.0,0.0,0.0,0.0,0.0,0.0
37916842893,0,-0.010523878037929535,-0.02030985802412033,-0.8509055376052856,6.569455581484362e-05,-0.04113857448101044,-0.8442511558532715,0.02200382389128208,0.007825572043657303,0.014401265420019627,0.02117925137281418,-0.041657641530036926,0.00665438175201416,0.015289883129298687,0.010743489488959312,0.042018234729766846,0.0,0.0,0.3160191476345062,-0.04057940095663071,0.09319823980331421,0.1889931708574295,-0.12604539096355438,-0.07862509787082672,0.3287205696105957,-0.1400737464427948,-1.4320443868637085,-46.67230987548828,-0.20647050440311432,0.17041990160942078,-0.008103802800178528,-0.15030686557292938,0.14074687659740448,-0.34805917739868164,0.25739431381225586,11.845458030700684,10.881012916564941,11.924405097961426,12.065008163452148,-0.059794921427965164,0.016865234822034836,0.03526367247104645,-0.04599609225988388,0.0,-0.06075301393866539,0.02696800045669079,0.03291748836636543,-0.05142400413751602,0.0,-0.09012488275766373,-0.44630730152130127,-9.96613883972168,-0.024337254464626312,-0.24668648838996887,-8.484764099121094,0.0,0.0,0.0,0.0,0.0,0.0,0.0,0.0,0.0,0.0,0.0,0.0,-0.06261515617370605,0.02325402945280075,0.03253680095076561,-0.047543685883283615,0.27479660511016846,0.2608385384082794,0.27867504954338074,0.28512969613075256,-1.316974401473999,-0.9954100251197815,0.1768818199634552,0.0,0.0,0.0,0.0,0.0,0.0,0.0
37926879212,0,-0.010229598730802536,-0.02009544149041176,-0.8505275845527649,6.569455581484362e-05,-0.04113857448101044,-0.8442511558532715,0.02150438167154789,0.014215538278222084,0.014072422869503498,0.020590689033269882,-0.04208647832274437,0.006276428699493408,0.014876550063490868,0.012077679857611656,0.045547764748334885,0.0,0.0,0.3160191476345062,-0.04057940095663071,0.09319823980331421,0.1889931708574295,-0.12604539096355438,-0.07862509787082672,0.3287205696105957,-0.1400737464427948,-1.4320443868637085,-46.67230987548828,-0.20647050440311432,0.17041990160942078,-0.008103802800178528,-0.15030686557292938,0.14074687659740448,-0.34805917739868164,0.25739431381225586,11.845458030700684,10.881012916564941,11.924405097961426,12.065008163452148,-0.059794921427965164,0.018398437649011612,0.03526367247104645,-0.04906250163912773,0.0,-0.06075301393866539,0.02696800045669079,0.03291748836636543,-0.05142400413751602,0.0,-0.09012488275766373,-0.44630730152130127,-9.96613883972168,-0.025467954576015472,-0.26037171483039856,-8.48587417602539,0.0,0.0,0.0,0.0,0.0,0.0,0.0,0.0,0.0,0.0,0.0,0.0,-0.061387889087200165,0.023797381669282913,0.03206278756260872,-0.04822879657149315,0.2776604890823364,0.2587083876132965,0.27920329570770264,0.2819485664367676,-1.316974401473999,-0.9954100251197815,0.1768818199634552,0.0,0.0,0.0,0.0,0.0,0.0,0.0
37936917909,0,-0.010229598730802536,-0.02009544149041176,-0.8505275845527649,6.569455581484362e-05,-0.04113857448101044,-0.8442511558532715,0.02150438167154789,0.014215538278222084,0.014072422869503498,0.020590689033269882,-0.04208647832274437,0.006276428699493408,0.014876550063490868,0.012077679857611656,0.045547764748334885,0.0,0.0,0.3160191476345062,-0.06040489301085472,0.0693763867020607,0.19538764655590057,-0.11947277188301086,-0.09439512342214584,0.32332977652549744,-0.12553632259368896,-1.5274218320846558,-46.85798263549805,-0.17967185378074646,0.18527205288410187,-0.017102733254432678,-0.14871059358119965,0.14289838075637817,-0.34596753120422363,0.255332887172699,12.184921264648438,10.718180656433105,12.129549026489258,11.868544578552246,-0.059794921427965164,0.019931640475988388,0.03526367247104645,-0.04906250163912773,0.0,-0.06126570329070091,0.03116700053215027,0.03486137092113495,-0.055408623069524765,0.0,0.06736857444047928,-0.5138522386550903,-9.952692031860352,-0.025467954576015472,-0.26037171483039856,-8.48587417602539,0.0,0.0,0.0,0.0,0.0,0.0,0.0,0.0,0.0,0.0,0.0,0.0,-0.060690805315971375,0.024843383580446243,0.03207705542445183,-0.0493391677737236,0.2776604890823364,0.2587083876132965,0.27920329570770264,0.2819485664367676,-1.185566782951355,-1.1267892122268677,0.3060917854309082,0.0,0.0,0.0,0.0,0.0,0.0,0.0
37946891975,0,-0.010100041516125202,-0.0198386050760746,-0.8501644134521484,6.569455581484362e-05,-0.04113857448101044,-0.8442511558532715,0.019366156309843063,0.0221883375197649,0.0182169359177351,0.020331574603915215,-0.042600151151418686,0.005913257598876953,0.014204288832843304,0.01316965650767088,0.04918178543448448,0.0,0.0,0.3160191476345062,-0.06040489301085472,0.0693763867020607,0.19538764655590057,-0.10903403908014297,-0.10258696973323822,0.318828284740448,-0.12553632259368896,-1.5274218320846558,-46.85798263549805,-0.17967185378074646,0.18527205288410187,-0.017102733254432678,-0.14871059358119965,0.14289838075637817,-0.34596753120422363,0.255332887172699,12.184921264648438,10.718180656433105,12.129549026489258,11.868544578552246,-0.06132812425494194,0.019931640475988388,0.03373046964406967,-0.04752929508686066,0.0,-0.06126570329070091,0.03116700053215027,0.03486137092113495,-0.055408623069524765,0.0,0.06736857444047928,-0.5138522386550903,-9.952692031860352,-0.022824784740805626,-0.2777130603790283,-8.519633293151855,0.0,0.0,0.0,0.0,0.0,0.0,0.0,0.0,0.0,0.0,0.0,0.0,-0.06043039634823799,0.026330994442105293,0.03250817954540253,-0.05082143098115921,0.2842864394187927,0.25548994541168213,0.2832072675228119,0.27811166644096375,-1.185566782951355,-1.1267892122268677,0.3060917854309082,0.0,0.0,0.0,0.0,0.0,0.0,0.0
37957481425,0,-0.009959504939615726,-0.019628552719950676,-0.8498033881187439,6.569455581484362e-05,-0.04113857448101044,-0.8442511558532715,0.01443726010620594,0.024774594232439995,0.020355502143502235,0.020050499588251114,-0.04302025958895683,0.005552232265472412,0.012863854877650738,0.014117104932665825,0.05255815386772156,0.0,0.0,0.3160191476345062,-0.06515152752399445,0.05876993387937546,0.1968427449464798,-0.10803050547838211,-0.10668902099132538,0.3161013722419739,-0.11006026715040207,-1.5394198894500732,-46.9636116027832,-0.17812217772006989,0.18987564742565155,-0.018864348530769348,-0.14790917932987213,0.14289838075637817,-0.34596753120422363,0.255332887172699,12.262971878051758,10.697185516357422,12.191601753234863,11.85554027557373,-0.059794921427965164,0.018398437649011612,0.032197266817092896,-0.04752929508686066,0.0,-0.06070364639163017,0.032218173146247864,0.03465443477034569,-0.056216489523649216,0.0,-0.13512474298477173,-0.21491673588752747,-9.95535945892334,-0.014200542122125626,-0.2843424081802368,-8.535696029663086,0.0,0.0,0.0,0.0,0.0,0.0,0.0,0.0,0.0,0.0,0.0,0.0,-0.060430530458688736,0.02800348959863186,0.03314489126205444,-0.05243416130542755,0.2842864394187927,0.25548994541168213,0.2832072675228119,0.27811166644096375,-0.8634868264198303,-1.0404776334762573,0.19546498358249664,0.0,0.0,0.0,0.0,0.0,0.0,0.0
37966980806,0,-0.009959504939615726,-0.019628552719950676,-0.8498033881187439,6.569455581484362e-05,-0.04113857448101044,-0.8442511558532715,0.01443726010620594,0.024774594232439995,0.020355502143502235,0.020050499588251114,-0.04302025958895683,0.005552232265472412,0.012863854877650738,0.014117104932665825,0.05255815386772156,0.0,0.0,0.3160191476345062,-0.06346358358860016,0.04062449559569359,0.18852247297763824,-0.10803050547838211,-0.10668902099132538,0.3161013722419739,-0.051001980900764465,-1.5413295030593872,-46.8001823425293,-0.17596235871315002,0.20097656548023224,-0.0003030449151992798,-0.14652864634990692,0.14387807250022888,-0.3449298143386841,0.2542628347873688,11.774542808532715,11.110410690307617,11.669055938720703,12.291582107543945,-0.06132812425494194,0.018398437649011612,0.03373046964406967,-0.04906250163912773,0.0,-0.06137802451848984,0.03309573605656624,0.034603018313646317,-0.05585428699851036,0.0,-0.11291813105344772,0.019137339666485786,-10.149480819702148,-0.014200542122125626,-0.2843424081802368,-8.535696029663086,0.0,0.0,0.0,0.0,0.0,0.0,0.0,0.0,0.0,0.0,0.0,0.0,-0.06053802743554115,0.02959575690329075,0.033743757754564285,-0.053871288895606995,0.2858065664768219,0.25507453083992004,0.2844166159629822,0.27785754203796387,-0.2644331455230713,-0.9733749032020569,-0.3541037440299988,0.0,0.0,0.0,0.0,0.0,0.0,0.0
37976911207,0,-0.009858001954853535,-0.019410593435168266,-0.8494482636451721,6.569455581484362e-05,-0.04113857448101044,-0.8442511558532715,0.010394563898444176,0.018207618966698647,0.012412641197443008,0.01984749175608158,-0.04345617815852165,0.005197107791900635,0.011354773305356503,0.014622177928686142,0.055854201316833496,0.0,0.0,0.3260442316532135,-0.06346358358860016,0.04062449559569359,0.18852247297763824,-0.09641163796186447,-0.11120075732469559,0.3241558074951172,-0.051001980900764465,-1.5413295030593872,-46.8001823425293,-0.17596235871315002,0.20097656548023224,-0.0003030449151992798,-0.14652864634990692,0.14565864205360413,-0.34306806325912476,0.2520977258682251,11.774542808532715,11.110410690307617,11.669055938720703,12.291582107543945,-0.06132812425494194,0.018398437649011612,0.03373046964406967,-0.04906250163912773,0.0,-0.06137802451848984,0.03309573605656624,0.034603018313646317,-0.05585428699851036,0.0,-0.11291813105344772,0.019137339666485786,-10.149480819702148,-0.0064949169754981995,-0.27244123816490173,-8.476675033569336,0.0,0.0,0.0,0.0,0.0,0.0,0.0,0.0,0.0,0.0,0.0,0.0,-0.060714785009622574,0.03098420798778534,0.034199219197034836,-0.054960716515779495,0.2762734293937683,0.263233482837677,0.274208128452301,0.28636351227760315,-0.2644331455230713,-0.9733749032020569,-0.3541037440299988,0.0,0.0,0.0,0.0,0.0,0.0,0.0
37987228129,0,-0.009976822882890701,-0.019345786422491074,-0.8490709066390991,6.569455581484362e-05,-0.04113857448101044,-0.8442511558532715,0.008404253982007504,0.01629071868956089,0.008234383538365364,0.020085135474801064,-0.043585795909166336,0.004819750785827637,0.01005581859499216,0.0147275160998106,0.059578388929367065,0.0,0.0,0.36614447832107544,-0.07443282008171082,0.018104124814271927,0.18322719633579254,-0.09641163796186447,-0.11120075732469559,0.3241558074951172,-0.051001980900764465,-1.5413295030593872,-46.8001823425293,-0.17596235871315002,0.20097656548023224,-0.0003030449151992798,-0.14652864634990692,0.14565864205360413,-0.34306806325912476,0.2520977258682251,10.823173522949219,11.971956253051758,10.591446876525879,13.142576217651367,-0.059794921427965164,0.021464843302965164,0.03373046964406967,-0.04752929508686066,0.0,-0.0667809247970581,0.030713265761733055,0.03812527656555176,-0.052234262228012085,0.0,-0.06467243283987045,-0.22256231307983398,-9.91617488861084,-0.0023934245109558105,-0.269197553396225,-8.452048301696777,0.0,0.0,0.0,0.0,0.0,0.0,0.0,0.0,0.0,0.0,0.0,0.0,-0.06117334961891174,0.03194679319858551,0.0346602238714695,-0.05549439787864685,0.2762734293937683,0.263233482837677,0.274208128452301,0.28636351227760315,-0.6217604875564575,-1.0385818481445312,-0.2907087504863739,0.0,0.0,0.0,0.0,0.0,0.0,0.0
37997005263,0,-0.009976822882890701,-0.019345786422491074,-0.8490709066390991,6.569455581484362e-05,-0.04113857448101044,-0.8442511558532715,0.008404253982007504,0.01629071868956089,0.008234383538365364,0.020085135474801064,-0.043585795909166336,0.004819750785827637,0.01005581859499216,0.0147275160998106,0.059578388929367065,0.0,0.0,0.36614447832107544,-0.08646678924560547,0.010177377611398697,0.18961185216903687,-0.08696279674768448,-0.11196489632129669,0.3677230179309845,-0.019680049270391464,-1.483795166015625,-46.48751449584961,-0.15364260971546173,0.22176972031593323,0.037078797817230225,-0.14524447917938232,0.14733023941516876,-0.3414529263973236,0.2494446337223053,10.823173522949219,11.971956253051758,10.591446876525879,13.142576217651367,-0.059794921427965164,0.024531250819563866,0.03373046964406967,-0.04752929508686066,0.0,-0.06374287605285645,0.030055459588766098,0.035289034247398376,-0.051421813666820526,0.0,-0.14373779296875,-0.22795027494430542,-9.67116928100586,-0.0023934245109558105,-0.269197553396225,-8.452048301696777,0.0,0.0,0.0,0.0,0.0,0.0,0.0,0.0,0.0,0.0,0.0,0.0,-0.062044233083724976,0.03227214515209198,0.035233017057180405,-0.05528479442000389,0.2575658857822418,0.28013208508491516,0.252981036901474,0.3028564453125,-0.9425703287124634,-0.9030311703681946,0.1374356746673584,0.0,0.0,0.0,0.0,0.0,0.0,0.0
38007125275,0,-0.009976822882890701,-0.019345786422491074,-0.8490709066390991,6.569455581484362e-05,-0.04113857448101044,-0.8442511558532715,0.008404253982007504,0.01629071868956089,0.008234383538365364,0.020085135474801064,-0.043585795909166336,0.004819750785827637,0.01005581859499216,0.0147275160998106,0.059578388929367065,0.0,0.0,0.36614447832107544,-0.08646678924560547,0.010177377611398697,0.18961185216903687,-0.07535145431756973,-0.11258240044116974,0.36487141251564026,-0.013163834810256958,-1.4805865287780762,-46.48626708984375,-0.1334468126296997,0.22689589858055115,0.027008116245269775,-0.14456230401992798,0.14800727367401123,-0.3406596779823303,0.24796050786972046,11.116368293762207,11.741936683654785,10.80347728729248,12.86916732788086,-0.059794921427965164,0.024531250819563866,0.03373046964406967,-0.04752929508686066,0.0,-0.06168276444077492,0.030807239934802055,0.03434641286730766,-0.052548572421073914,0.0,-0.14373779296875,-0.22795027494430542,-9.67116928100586,-0.0023934245109558105,-0.269197553396225,-8.452048301696777,0.0,0.0,0.0,0.0,0.0,0.0,0.0,0.0,0.0,0.0,0.0,0.0,-0.0628311038017273,0.03208814561367035,0.03561241924762726,-0.05455834046006203,0.26335078477859497,0.2756352126598358,0.2571766674518585,0.29757294058799744,-0.9425703287124634,-0.9030311703681946,0.1374356746673584,0.0,0.0,0.0,0.0,0.0,0.0,0.0
38017267812,0,-0.009920518845319748,-0.019380003213882446,-0.8488594889640808,6.569455581484362e-05,-0.04113857448101044,-0.8442511558532715,0.0044886223040521145,0.013872064650058746,0.008219211362302303,0.019972527399659157,-0.04351735860109329,0.004608333110809326,0.009349719621241093,0.014762219041585922,0.061580609530210495,0.0,0.0,0.36614447832107544,-0.09756889939308167,-0.0019021873595193028,0.21140354871749878,-0.07535145431756973,-0.11258240044116974,0.36487141251564026,-0.013163834810256958,-1.4805865287780762,-46.48626708984375,-0.1334468126296997,0.22689589858055115,0.027008116245269775,-0.14456230401992798,0.14800727367401123,-0.3406596779823303,0.24796050786972046,11.116368293762207,11.741936683654785,10.80347728729248,12.86916732788086,-0.059794921427965164,0.024531250819563866,0.032197266817092896,-0.05059570446610451,0.0,-0.06168276444077492,0.030807239934802055,0.03434641286730766,-0.052548572421073914,0.0,0.09676545113325119,0.020885160192847252,-10.318660736083984,0.005278158932924271,-0.26478445529937744,-8.455699920654297,0.0,0.0,0.0,0.0,0.0,0.0,0.0,0.0,0.0,0.0,0.0,0.0,-0.06310123205184937,0.03172660619020462,0.035608887672424316,-0.05377822741866112,0.26335078477859497,0.2756352126598358,0.2571766674518585,0.29757294058799744,-0.643469512462616,-0.7342429161071777,0.7753714919090271,0.0,0.0,0.0,0.0,0.0,0.0,0.0
38026884186,0,-0.00961362011730671,-0.019450468942523003,-0.8484426140785217,6.569455581484362e-05,-0.04113857448101044,-0.8442511558532715,0.0015791349578648806,0.014751724898815155,0.02014683373272419,0.01935872621834278,-0.04337642714381218,0.004191458225250244,0.00774981128051877,0.0147402947768569,0.06541211903095245,0.0,0.0,0.3836883306503296,-0.09756889939308167,-0.0019021873595193028,0.21140354871749878,-0.06284245103597641,-0.1111890897154808,0.3807315230369568,0.05337723344564438,-1.4681506156921387,-47.038108825683594,-0.1076236143708229,0.23727068305015564,0.016994595527648926,-0.14331601560115814,0.14878475666046143,-0.33921515941619873,0.24556368589401245,11.560294151306152,11.653666496276855,11.135963439941406,12.73210334777832,-0.06132812425494194,0.02299804612994194,0.03373046964406967,-0.05366211012005806,0.0,-0.05677441880106926,0.03279924765229225,0.030933521687984467,-0.054512858390808105,0.0,0.09676545113325119,0.020885160192847252,-10.318660736083984,0.00970495119690895,-0.2669364809989929,-8.552383422851562,0.0,0.0,0.0,0.0,0.0,0.0,0.0,0.0,0.0,0.0,0.0,0.0,-0.06274590641260147,0.03147104009985924,0.035216741263866425,-0.053258273750543594,0.27207642793655396,0.2739066779613495,0.26373687386512756,0.2949187457561493,-0.643469512462616,-0.7342429161071777,0.7753714919090271,0.0,0.0,0.0,0.0,0.0,0.0,0.0
38037151996,0,-0.00961362011730671,-0.019450468942523003,-0.8484426140785217,6.569455581484362e-05,-0.04113857448101044,-0.8442511558532715,0.0015791349578648806,0.014751724898815155,0.02014683373272419,0.01886526308953762,-0.04332578182220459,0.003979921340942383,0.00774981128051877,0.0147402947768569,0.06541211903095245,0.0,0.0,0.4187760651111603,-0.09575862437486649,-0.00845680944621563,0.22027337551116943,-0.06284245103597641,-0.1111890897154808,0.3807315230369568,0.07974306493997574,-1.4649215936660767,-47.356292724609375,-0.10991662740707397,0.24426677823066711,0.04002973437309265,-0.1426609456539154,0.1490897834300995,-0.33846455812454224,0.24446015059947968,11.067598342895508,12.298580169677734,10.634822845458984,13.399798393249512,-0.059794921427965164,0.02299804612994194,0.03373046964406967,-0.05672851577401161,0.0,-0.05829324573278427,0.03180214390158653,0.03147430345416069,-0.052352141588926315,0.0,0.09676545113325119,0.020885160192847252,-10.318660736083984,0.014498738572001457,-0.2663493752479553,-8.610235214233398,0.0,0.0,0.0,0.0,0.0,0.0,0.0,0.0,0.0,0.0,0.0,0.0,-0.061765749007463455,0.03145254775881767,0.034415896981954575,-0.05304376035928726,0.26238977909088135,0.28649988770484924,0.25384005904197693,0.3078138530254364,-0.27214962244033813,-0.7197940349578857,0.791536271572113,0.0,0.0,0.0,0.0,0.0,0.0,0.0
38047138710,0,-0.009366889484226704,-0.019475791603326797,-0.8482310771942139,6.569455581484362e-05,-0.04113857448101044,-0.8442511558532715,-0.0012632597936317325,0.014259220100939274,0.02780534140765667,0.01886526308953762,-0.04332578182220459,0.003979921340942383,0.006834062281996012,0.01467538345605135,0.06718458980321884,0.0,0.0,0.4187760651111603,-0.0952601358294487,-0.03386523574590683,0.24407900869846344,-0.05930696055293083,-0.10985252261161804,0.41993245482444763,0.07974306493997574,-1.4649215936660767,-47.356292724609375,-0.10991662740707397,0.24426677823066711,0.04002973437309265,-0.1426609456539154,0.1490897834300995,-0.33846455812454224,0.24446015059947968,11.067598342895508,12.298580169677734,10.634822845458984,13.399798393249512,-0.059794921427965164,0.024531250819563866,0.03373046964406967,-0.05672851577401161,0.0,-0.05829324573278427,0.03180214390158653,0.03147430345416069,-0.052352141588926315,0.0,0.22980107367038727,-0.05618070065975189,-9.867048263549805,0.014498738572001457,-0.2663493752479553,-8.610235214233398,0.0,0.0,0.0,0.0,0.0,0.0,0.0,0.0,0.0,0.0,0.0,0.0,-0.06057285889983177,0.0315539576113224,0.033454280346632004,-0.05291030928492546,0.26238977909088135,0.28649988770484924,0.25384005904197693,0.3078138530254364,-0.11631271243095398,-1.246926188468933,1.0970501899719238,0.0,0.0,0.0,0.0,0.0,0.0,0.0
38057163526,0,-0.008600492961704731,-0.019597748294472694,-0.8474316000938416,6.569455581484362e-05,-0.04113857448101044,-0.8442511558532715,0.0006834754021838307,0.011721310205757618,0.031346529722213745,0.01733246259391308,-0.043081868439912796,0.0031804442405700684,0.004003327805548906,0.013035849668085575,0.07391104102134705,0.0,0.0,0.43882617354393005,-0.0952601358294487,-0.03386523574590683,0.24407900869846344,-0.03889162465929985,-0.10119469463825226,0.413531631231308,0.06618960946798325,-1.4266583919525146,-47.594383239746094,-0.09999598562717438,0.2784839868545532,0.015339508652687073,-0.14145353436470032,0.14955992996692657,-0.3373018503189087,0.2427382469177246,11.814645767211914,11.702399253845215,11.242542266845703,12.881793975830078,-0.059794921427965164,0.026064453646540642,0.03526367247104645,-0.05826171860098839,0.0,-0.05375175550580025,0.03196878358721733,0.029111813753843307,-0.05293313041329384,0.0,0.22980107367038727,-0.05618070065975189,-9.867048263549805,0.007254457101225853,-0.2605592906475067,-8.628986358642578,0.0,0.0,0.0,0.0,0.0,0.0,0.0,0.0,0.0,0.0,0.0,0.0,-0.05935601890087128,0.03165731579065323,0.03250700607895851,-0.05276848003268242,0.27705782651901245,0.27486124634742737,0.2658350169658661,0.29781731963157654,-0.11631271243095398,-1.246926188468933,1.0970501899719238,0.0,0.0,0.0,0.0,0.0,0.0,0.0
38066894697,0,-0.008600492961704731,-0.019597748294472694,-0.8474316000938416,6.569455581484362e-05,-0.04113857448101044,-0.8442511558532715,0.0006834754021838307,0.011721310205757618,0.031346529722213745,0.01733246259391308,-0.043081868439912796,0.0031804442405700684,0.004003327805548906,0.013035849668085575,0.07391104102134705,0.0,0.0,0.43882617354393005,-0.11402200162410736,-0.07030294090509415,0.2685163617134094,-0.03889162465929985,-0.10119469463825226,0.413531631231308,0.010397509671747684,-1.4279359579086304,-47.30514144897461,-0.05073067545890808,0.33375284075737,0.010335832834243774,-0.1401909589767456,0.14956621825695038,-0.3368721306324005,0.2415691316127777,12.028125762939453,11.49574089050293,11.135490417480469,12.697102546691895,-0.059794921427965164,0.027597656473517418,0.03526367247104645,-0.05826171860098839,0.0,-0.05436250567436218,0.03098566271364689,0.03132785111665726,-0.05207550525665283,0.0,0.1560346931219101,0.03663480281829834,-10.040128707885742,0.007254457101225853,-0.2605592906475067,-8.628986358642578,0.0,0.0,0.0,0.0,0.0,0.0,0.0,0.0,0.0,0.0,0.0,0.0,-0.057961106300354004,0.03171258047223091,0.031625837087631226,-0.052662745118141174,0.27705782651901245,0.27486124634742737,0.2658350169658661,0.29781731963157654,-0.7809287905693054,-1.5998082160949707,1.0289278030395508,0.0,0.0,0.0,0.0,0.0,0.0,0.0
38077747641,0,-0.008600492961704731,-0.019597748294472694,-0.8474316000938416,6.569455581484362e-05,-0.04113857448101044,-0.8442511558532715,0.0006834754021838307,0.011721310205757618,0.031346529722213745,0.016171768307685852,-0.04278235882520676,0.0025579333305358887,0.004003327805548906,0.013035849668085575,0.07391104102134705,0.0,0.0,0.47140762209892273,-0.11402200162410736,-0.07030294090509415,0.2685163617134094,-0.03889162465929985,-0.10119469463825226,0.413531631231308,0.010397509671747684,-1.4279359579086304,-47.30514144897461,-0.05073067545890808,0.33375284075737,0.010335832834243774,-0.1401909589767456,0.14956621825695038,-0.3368721306324005,0.2415691316127777,12.028125762939453,11.49574089050293,11.135490417480469,12.697102546691895,-0.059794921427965164,0.027597656473517418,0.03526367247104645,-0.05672851577401161,0.0,-0.05436250567436218,0.03098566271364689,0.03132785111665726,-0.05207550525665283,0.0,0.1560346931219101,0.03663480281829834,-10.040128707885742,-0.0018751025199890137,-0.2578080892562866,-8.584935188293457,0.0,0.0,0.0,0.0,0.0,0.0,0.0,0.0,0.0,0.0,0.0,0.0,-0.05658285319805145,0.03165097162127495,0.031035248190164566,-0.05254193767905235,0.28122881054878235,0.27081018686294556,0.2637275457382202,0.2942405343055725,-0.7809287905693054,-1.5998082160949707,1.0289278030395508,0.0,0.0,0.0,0.0,0.0,0.0,0.0
38087009657,0,-0.007774507626891136,-0.019785191863775253,-0.8464900255203247,6.569455581484362e-05,-0.04113857448101044,-0.8442511558532715,0.004843873903155327,0.01741592027246952,0.02467389777302742,0.015680482611060143,-0.04270697757601738,0.0022388696670532227,0.0011452001053839922,0.010533539578318596,0.0819312334060669,0.0,0.0,0.47140762209892273,-0.12061532586812973,-0.08466698974370956,0.27762269973754883,-0.015592927113175392,-0.08277896791696548,0.4668997526168823,-0.010313063859939575,-1.4179444313049316,-47.21714401245117,-0.03621663898229599,0.35518914461135864,0.030621439218521118,-0.1396636813879013,0.14956621825695038,-0.3368721306324005,0.2415691316127777,11.551169395446777,11.973027229309082,10.552968978881836,13.19144344329834,-0.05826171860098839,0.026064453646540642,0.03373046964406967,-0.05672851577401161,0.0,-0.05688844993710518,0.028890997171401978,0.03347143158316612,-0.04925493150949478,0.0,0.1560346931219101,0.03663480281829834,-10.040128707885742,-0.0063373129814863205,-0.27039092779159546,-8.582024574279785,0.0,0.0,0.0,0.0,0.0,0.0,0.0,0.0,0.0,0.0,0.0,0.0,-0.05561182275414467,0.03140127286314964,0.03089766763150692,-0.052266329526901245,0.28122881054878235,0.27081018686294556,0.2637275457382202,0.2942405343055725,-0.8071222901344299,-1.6333497762680054,0.9793412089347839,0.0,0.0,0.0,0.0,0.0,0.0,0.0
38098811075,0,-0.007774507626891136,-0.019785191863775253,-0.8464900255203247,6.569455581484362e-05,-0.04113857448101044,-0.8442511558532715,0.004843873903155327,0.01741592027246952,0.02467389777302742,0.015680482611060143,-0.04270697757601738,0.0022388696670532227,0.0011452001053839922,0.010533539578318596,0.0819312334060669,0.0,0.0,0.47140762209892273,-0.1254006177186966,-0.11753497272729874,0.303377628326416,-0.015592927113175392,-0.08277896791696548,0.4668997526168823,-0.01636623404920101,-1.4728972911834717,-47.41970443725586,-0.005746617913246155,0.41023504734039307,0.01647726446390152,-0.13844934105873108,0.14931026101112366,-0.3369676172733307,0.24120661616325378,12.088432312011719,11.632617950439453,10.825887680053711,12.927446365356445,-0.05826171860098839,0.027597656473517418,0.03373046964406967,-0.055195312947034836,0.0,-0.05603514239192009,0.03133712336421013,0.03474278375506401,-0.05149850621819496,0.0,0.27348050475120544,-0.10663948953151703,-10.098312377929688,-0.0063373129814863205,-0.27039092779159546,-8.582024574279785,0.0,0.0,0.0,0.0,0.0,0.0,0.0,0.0,0.0,0.0,0.0,0.0,-0.055213939398527145,0.03102472797036171,0.03126469627022743,-0.051808714866638184,0.2718975841999054,0.28015318512916565,0.252218633890152,0.30379924178123474,-0.4541403651237488,-1.5980247259140015,1.1281486749649048,0.0,0.0,0.0,0.0,0.0,0.0,0.0
38109649296,0,-0.007320332806557417,-0.01983574777841568,-0.8458611965179443,6.569455581484362e-05,-0.04113857448101044,-0.8442511558532715,0.0020317169837653637,0.016005314886569977,0.029197026044130325,0.014772128313779831,-0.042605865746736526,0.0016100406646728516,-0.0006523499614559114,0.008374077267944813,0.08768258988857269,0.0,0.0,0.48644521832466125,-0.1254006177186966,-0.11753497272729874,0.303377628326416,0.01258707046508789,-0.06119830161333084,0.47670426964759827,-0.01636623404920101,-1.4728972911834717,-47.41970443725586,-0.005746617913246155,0.41023504734039307,0.01647726446390152,-0.13844934105873108,0.1482757031917572,-0.33791813254356384,0.2406855821609497,12.088432312011719,11.632617950439453,10.825887680053711,12.927446365356445,-0.05826171860098839,0.026064453646540642,0.032197266817092896,-0.055195312947034836,0.0,-0.05603514239192009,0.03133712336421013,0.03474278375506401,-0.05149850621819496,0.0,0.27348050475120544,-0.10663948953151703,-10.098312377929688,-0.002975679002702236,-0.2677994966506958,-8.621764183044434,0.0,0.0,0.0,0.0,0.0,0.0,0.0,0.0,0.0,0.0,0.0,0.0,-0.05520915240049362,0.03078433871269226,0.032028354704380035,-0.051422905176877975,0.2824055254459381,0.273494154214859,0.2576194405555725,0.29870033264160156,-0.4541403651237488,-1.5980247259140015,1.1281486749649048,0.0,0.0,0.0,0.0,0.0,0.0,0.0
38117123876,0,-0.007320332806557417,-0.01983574777841568,-0.8458611965179443,6.569455581484362e-05,-0.04113857448101044,-0.8442511558532715,0.0020317169837653637,0.016005314886569977,0.029197026044130325,0.014772128313779831,-0.042605865746736526,0.0016100406646728516,-0.0006523499614559114,0.008374077267944813,0.08768258988857269,0.0,0.0,0.48644521832466125,-0.13750334084033966,-0.13873924314975739,0.3193202614784241,0.01258707046508789,-0.06119830161333084,0.47670426964759827,0.02197875641286373,-1.3535518646240234,-47.34567642211914,0.02948206663131714,0.4481029212474823,0.014622703194618225,-0.137370765209198,0.14680568873882294,-0.3396802842617035,0.24058528244495392,12.228023529052734,11.562868118286133,10.740530967712402,12.865721702575684,-0.05672851577401161,0.027597656473517418,0.032197266817092896,-0.055195312947034836,0.0,-0.05073298513889313,0.02914978563785553,0.029934657737612724,-0.04942578822374344,0.0,0.1750132143497467,0.14494632184505463,-10.019941329956055,-0.002975679002702236,-0.2677994966506958,-8.621764183044434,0.0,0.0,0.0,0.0,0.0,0.0,0.0,0.0,0.0,0.0,0.0,0.0,-0.055114615708589554,0.03066720813512802,0.03268301114439964,-0.051151491701602936,0.2851261496543884,0.27212685346603394,0.2559320032596588,0.29750630259513855,-0.7939043045043945,-1.1744762659072876,0.838190495967865,0.0,0.0,0.0,0.0,0.0,0.0,0.0
38127141110,0,-0.006678130477666855,-0.01981525309383869,-0.8452866077423096,6.569455581484362e-05,-0.04113857448101044,-0.8442511558532715,-0.0021138396114110947,0.004784860648214817,0.02705618180334568,0.013487718068063259,-0.0426468551158905,0.001035451889038086,-0.0035621824208647013,0.005879944656044245,0.0933304950594902,0.0,0.0,0.5014828443527222,-0.15063336491584778,-0.14173509180545807,0.32498854398727417,0.03084537386894226,-0.04206135869026184,0.48761242628097534,0.02197875641286373,-1.3535518646240234,-47.34567642211914,0.02948206663131714,0.4481029212474823,0.014622703194618225,-0.137370765209198,0.14680568873882294,-0.3396802842617035,0.24058528244495392,12.228023529052734,11.562868118286133,10.740530967712402,12.865721702575684,-0.05672851577401161,0.029130859300494194,0.032197266817092896,-0.05366211012005806,0.0,-0.05073298513889313,0.02914978563785553,0.029934657737612724,-0.04942578822374344,0.0,0.1750132143497467,0.14494632184505463,-10.019941329956055,0.0039961375296115875,-0.24610033631324768,-8.608304977416992,0.0,0.0,0.0,0.0,0.0,0.0,0.0,0.0,0.0,0.0,0.0,0.0,-0.05450418218970299,0.0304305050522089,0.03271963819861412,-0.05079518258571625,0.2851261496543884,0.27212685346603394,0.2559320032596588,0.29750630259513855,-1.1268178224563599,-0.7483846545219421,0.7122294902801514,0.0,0.0,0.0,0.0,0.0,0.0,0.0
38137740419,0,-0.0060157692059874535,-0.019869960844516754,-0.8447899222373962,6.569455581484362e-05,-0.04113857448101044,-0.8442511558532715,-0.0004872105782851577,-0.008034724742174149,0.020288676023483276,0.01216298807412386,-0.04253743961453438,0.0005387663841247559,-0.007085565943270922,0.0033404305577278137,0.09930241852998734,0.0,0.0,0.5014828443527222,-0.15063336491584778,-0.14173509180545807,0.32498854398727417,0.054014094173908234,-0.030996689572930336,0.4820783734321594,0.02868865802884102,-1.272844672203064,-47.191524505615234,0.070279061794281,0.45906972885131836,0.006971925497055054,-0.13680996000766754,0.14563657343387604,-0.3408474624156952,0.24053311347961426,12.461531639099121,11.378514289855957,10.812934875488281,12.58935546875,-0.055195312947034836,0.029130859300494194,0.032197266817092896,-0.05366211012005806,0.0,-0.04724949598312378,0.027375617995858192,0.02693110518157482,-0.048382584005594254,0.0,0.1750132143497467,0.14494632184505463,-10.019941329956055,-5.0574541091918945e-05,-0.21988868713378906,-8.561609268188477,0.0,0.0,0.0,0.0,0.0,0.0,0.0,0.0,0.0,0.0,0.0,0.0,-0.05334737151861191,0.029995916411280632,0.03208518773317337,-0.0503191277384758,0.2896687984466553,0.26850834488868713,0.257363498210907,0.2921508252620697,-1.1268178224563599,-0.7483846545219421,0.7122294902801514,0.0,0.0,0.0,0.0,0.0,0.0,0.0
38147607636,0,-0.0060157692059874535,-0.019869960844516754,-0.8447899222373962,6.569455581484362e-05,-0.04113857448101044,-0.8442511558532715,-0.0004872105782851577,-0.008034724742174149,0.020288676023483276,0.01216298807412386,-0.04253743961453438,0.0005387663841247559,-0.007085565943270922,0.0033404305577278137,0.09930241852998734,0.0,0.0,0.5014828443527222,-0.1642729640007019,-0.14518232643604279,0.3457415997982025,0.054014094173908234,-0.030996689572930336,0.4820783734321594,-0.004269015975296497,-1.1429979801177979,-46.92000198364258,0.11021086573600769,0.47998130321502686,-0.014009788632392883,-0.13581188023090363,0.14563657343387604,-0.3408474624156952,0.24053311347961426,13.012686729431152,10.81387996673584,11.174532890319824,11.967976570129395,-0.055195312947034836,0.029130859300494194,0.032197266817092896,-0.052128907293081284,0.0,-0.042528387159109116,0.0235811285674572,0.02309012971818447,-0.04599081352353096,0.0,0.12811379134655,-0.3546443283557892,-10.159424781799316,-5.0574541091918945e-05,-0.21988868713378906,-8.561609268188477,0.0,0.0,0.0,0.0,0.0,0.0,0.0,0.0,0.0,0.0,0.0,0.0,-0.05159611999988556,0.02920546382665634,0.030783453956246376,-0.049665436148643494,0.2896687984466553,0.26850834488868713,0.257363498210907,0.2921508252620697,-0.9817252159118652,-0.32601696252822876,1.004794955253601,0.0,0.0,0.0,0.0,0.0,0.0,0.0
38156753237,0,-0.005425372626632452,-0.01998332142829895,-0.8443916440010071,6.569455581484362e-05,-0.04113857448101044,-0.8442511558532715,0.0030866703018546104,-0.01435747928917408,0.013777414336800575,0.010982189327478409,-0.042310718446969986,0.0001404881477355957,-0.010005280375480652,0.0006783449207432568,0.10589718818664551,0.0,0.0,0.5064953565597534,-0.1642729640007019,-0.14518232643604279,0.3457415997982025,0.07885496318340302,-0.011741600930690765,0.4801936447620392,-0.004269015975296497,-1.1429979801177979,-46.92000198364258,0.11021086573600769,0.47998130321502686,-0.014009788632392883,-0.13581188023090363,0.1427343189716339,-0.3432804048061371,0.24061274528503418,13.012686729431152,10.81387996673584,11.174532890319824,11.967976570129395,-0.055195312947034836,0.027597656473517418,0.03373046964406967,-0.052128907293081284,0.0,-0.042528387159109116,0.0235811285674572,0.02309012971818447,-0.04599081352353096,0.0,0.12811379134655,-0.3546443283557892,-10.159424781799316,-0.00869286060333252,-0.20603489875793457,-8.520092964172363,0.0,0.0,0.0,0.0,0.0,0.0,0.0,0.0,0.0,0.0,0.0,0.0,-0.049279384315013885,0.027953915297985077,0.028900807723402977,-0.048776209354400635,0.3003482222557068,0.25738218426704407,0.264496386051178,0.28005456924438477,-0.9817252159118652,-0.32601696252822876,1.004794955253601,0.0,0.0,0.0,0.0,0.0,0.0,0.0
38170087796,0,-0.005425372626632452,-0.01998332142829895,-0.8443916440010071,6.569455581484362e-05,-0.04113857448101044,-0.8442511558532715,0.0030866703018546104,-0.01435747928917408,0.013777414336800575,0.010982189327478409,-0.042310718446969986,0.0001404881477355957,-0.010005280375480652,0.0006783449207432568,0.10589718818664551,0.0,0.0,0.5064953565597534,-0.16639110445976257,-0.14204509556293488,0.3485850393772125,0.07885496318340302,-0.011741600930690765,0.4801936447620392,-0.04781073331832886,-1.1331919431686401,-46.860511779785156,0.12118980288505554,0.4840850830078125,-0.01623395085334778,-0.13530942797660828,0.14084699749946594,-0.34469231963157654,0.24072721600532532,13.076955795288086,10.75416088104248,11.191832542419434,11.886072158813477,-0.05366211012005806,0.027597656473517418,0.032197266817092896,-0.05366211012005806,0.0,-0.043190374970436096,0.022008586674928665,0.02416926994919777,-0.04467347636818886,0.0,0.2216711938381195,-0.2822212874889374,-10.130621910095215,-0.00869286060333252,-0.20603489875793457,-8.520092964172363,0.0,0.0,0.0,0.0,0.0,0.0,0.0,0.0,0.0,0.0,0.0,0.0,-0.046924784779548645,0.026458948850631714,0.026952452957630157,-0.047764118760824203,0.3015897870063782,0.25620147585868835,0.2648369371891022,0.278454452753067,-0.7235833406448364,-0.004840339068323374,0.6765020489692688,0.0,0.0,0.0,0.0,0.0,0.0,0.0
38176888619,0,-0.005133334547281265,-0.02006532996892929,-0.8442379832267761,6.569455581484362e-05,-0.04113857448101044,-0.8442511558532715,0.00445560971274972,-0.01613386534154415,0.009207361377775669,0.010398110374808311,-0.042146701365709305,-1.3172626495361328e-05,-0.011112635023891926,-0.0005445670685730875,0.10897628962993622,0.0,0.0,0.5064953565597534,-0.16880497336387634,-0.1349080204963684,0.347152978181839,0.08840987086296082,-0.0027007239405065775,0.47651684284210205,-0.04781073331832886,-1.1331919431686401,-46.860511779785156,0.12118980288505554,0.4840850830078125,-0.01623395085334778,-0.13530942797660828,0.14084699749946594,-0.34469231963157654,0.24072721600532532,13.076955795288086,10.75416088104248,11.191832542419434,11.886072158813477,-0.05059570446610451,0.027597656473517418,0.032197266817092896,-0.052128907293081284,0.0,-0.043190374970436096,0.022008586674928665,0.02416926994919777,-0.04467347636818886,0.0,0.1269446462392807,-0.11651071161031723,-9.959836959838867,-0.012355806306004524,-0.20187336206436157,-8.489392280578613,0.0,0.0,0.0,0.0,0.0,0.0,0.0,0.0,0.0,0.0,0.0,0.0,-0.04504712298512459,0.024975040927529335,0.025430873036384583,-0.04675682634115219,0.3015897870063782,0.25620147585868835,0.2648369371891022,0.278454452753067,-0.6025389432907104,0.3510574698448181,0.31168699264526367,0.0,0.0,0.0,0.0,0.0,0.0,0.0
38186958846,0,-0.004573403391987085,-0.020205937325954437,-0.8440321683883667,6.569455581484362e-05,-0.04113857448101044,-0.8442511558532715,0.009890863671898842,-0.019153518602252007,0.006648958660662174,0.009278242476284504,-0.04186548292636871,-0.00021898746490478516,-0.013727286830544472,-0.00273615843616426,0.11499115079641342,0.0,0.0,0.5064953565597534,-0.17319276928901672,-0.12941023707389832,0.34832581877708435,0.12332980334758759,0.014714459888637066,0.46765005588531494,-0.09921111166477203,-1.0698692798614502,-46.67119216918945,0.15336288511753082,0.4850037693977356,-0.018210455775260925,-0.13444676995277405,0.13679637014865875,-0.34730347990989685,0.2406938523054123,13.129016876220703,10.705229759216309,11.142873764038086,11.74033260345459,-0.04906250163912773,0.027597656473517418,0.03066406212747097,-0.052128907293081284,0.0,-0.042626164853572845,0.018407154828310013,0.023981256410479546,-0.041690386831760406,0.0,0.1269446462392807,-0.11651071161031723,-9.959836959838867,-0.024971231818199158,-0.19390326738357544,-8.47935676574707,0.0,0.0,0.0,0.0,0.0,0.0,0.0,0.0,0.0,0.0,0.0,0.0,-0.04375501349568367,0.023531705141067505,0.02444106712937355,-0.04573937878012657,0.30259478092193604,0.2552335858345032,0.26387304067611694,0.27560389041900635,-0.6468358039855957,0.4859545826911926,0.2721075713634491,0.0,0.0,0.0,0.0,0.0,0.0,0.0
38197693097,0,-0.004573403391987085,-0.020205937325954437,-0.8440321683883667,6.569455581484362e-05,-0.04113857448101044,-0.8442511558532715,0.009890863671898842,-0.019153518602252007,0.006648958660662174,0.009278242476284504,-0.04186548292636871,-0.00021898746490478516,-0.013727286830544472,-0.00273615843616426,0.11499115079641342,0.0,0.0,0.5064953565597534,-0.19123710691928864,-0.11258847266435623,0.3464040160179138,0.12332980334758759,0.014714459888637066,0.46765005588531494,-0.15835657715797424,-0.995900571346283,-46.5638427734375,0.22067973017692566,0.48055046796798706,-0.02174629271030426,-0.13362176716327667,0.13131332397460938,-0.35005247592926025,0.24034658074378967,13.28627872467041,10.699883460998535,11.107843399047852,11.515372276306152,-0.04906250163912773,0.027597656473517418,0.03066406212747097,-0.05059570446610451,0.0,-0.041658978909254074,0.014101129956543446,0.02366570383310318,-0.03833708167076111,0.0,0.09154152870178223,-0.3863014280796051,-10.132317543029785,-0.024971231818199158,-0.19390326738357544,-8.47935676574707,0.0,0.0,0.0,0.0,0.0,0.0,0.0,0.0,0.0,0.0,0.0,0.0,-0.04289264604449272,0.02184373140335083,0.02386353351175785,-0.044474758207798004,0.3056274950504303,0.25512784719467163,0.2631828486919403,0.2711954116821289,-0.920484185218811,0.8432735204696655,-2.336567922611721e-05,0.0,0.0,0.0,0.0,0.0,0.0,0.0
38208342630,0,-0.003962500020861626,-0.02037949115037918,-0.8439409732818604,6.569455581484362e-05,-0.04113857448101044,-0.8442511558532715,0.011203602887690067,-0.02497817948460579,0.003957378678023815,0.008056429214775562,-0.041518375277519226,-0.0003101825714111328,-0.017279906198382378,-0.0047317068092525005,0.12089706212282181,0.0,0.0,0.5064953565597534,-0.19637516140937805,-0.09845172613859177,0.34587788581848145,0.15155111253261566,0.02634223736822605,0.45970839262008667,-0.1813717633485794,-0.9946039915084839,-46.48896789550781,0.24055367708206177,0.46830683946609497,-0.024071380496025085,-0.13330288231372833,0.13131332397460938,-0.35005247592926025,0.24034658074378967,13.33505630493164,10.672618865966797,11.13583755493164,11.387833595275879,-0.04752929508686066,0.027597656473517418,0.03066406212747097,-0.04906250163912773,0.0,-0.04205681383609772,0.013364181853830814,0.02432708814740181,-0.03798084333539009,0.0,0.09154152870178223,-0.3863014280796051,-10.132317543029785,-0.028792105615139008,-0.18107283115386963,-8.466153144836426,0.0,0.0,0.0,0.0,0.0,0.0,0.0,0.0,0.0,0.0,0.0,0.0,-0.04230384901165962,0.019749492406845093,0.02358805574476719,-0.04285849630832672,0.3056274950504303,0.25512784719467163,0.2631828486919403,0.2711954116821289,-0.8352456092834473,1.177100419998169,-0.019147461280226707,0.0,0.0,0.0,0.0,0.0,0.0,0.0
38216667792,0,-0.0036405930295586586,-0.020474480465054512,-0.843928873538971,6.569455581484362e-05,-0.04113857448101044,-0.8442511558532715,0.012613530270755291,-0.02467671036720276,0.0017768675461411476,0.007412612438201904,-0.041328396648168564,-0.0003222823143005371,-0.019375670701265335,-0.00530827883630991,0.12378652393817902,0.0,0.0,0.5064953565597534,-0.19637516140937805,-0.09845172613859177,0.34587788581848145,0.15155111253261566,0.02634223736822605,0.45970839262008667,-0.1813717633485794,-0.9946039915084839,-46.48896789550781,0.24055367708206177,0.46830683946609497,-0.024071380496025085,-0.13330288231372833,0.12857401371002197,-0.3511035442352295,0.2400856614112854,13.33505630493164,10.672618865966797,11.13583755493164,11.387833595275879,-0.044462889432907104,0.024531250819563866,0.027597656473517418,-0.04906250163912773,0.0,-0.04205681383609772,0.013364181853830814,0.02432708814740181,-0.03798084333539009,0.0,0.09154152870178223,-0.3863014280796051,-10.132317543029785,-0.03297668322920799,-0.18083709478378296,-8.452539443969727,0.0,0.0,0.0,0.0,0.0,0.0,0.0,0.0,0.0,0.0,0.0,0.0,-0.04195033758878708,0.017575252801179886,0.02355843409895897,-0.041179969906806946,0.30656740069389343,0.25458824634552,0.2637344300746918,0.26869139075279236,-0.8352456092834473,1.177100419998169,-0.019147461280226707,0.0,0.0,0.0,0.0,0.0,0.0,0.0
38227614359,0,-0.0036405930295586586,-0.020474480465054512,-0.843928873538971,6.569455581484362e-05,-0.04113857448101044,-0.8442511558532715,0.012613530270755291,-0.02467671036720276,0.0017768675461411476,0.007412612438201904,-0.041328396648168564,-0.0003222823143005371,-0.019375670701265335,-0.00530827883630991,0.12378652393817902,0.0,0.0,0.5064953565597534,-0.19637516140937805,-0.09845172613859177,0.34587788581848145,0.16440007090568542,0.030522579327225685,0.45590445399284363,-0.1813717633485794,-0.9946039915084839,-46.48896789550781,0.24055367708206177,0.46830683946609497,-0.024071380496025085,-0.13330288231372833,0.12857401371002197,-0.3511035442352295,0.2400856614112854,13.33505630493164,10.672618865966797,11.13583755493164,11.387833595275879,-0.04139648377895355,0.02299804612994194,0.027597656473517418,-0.04906250163912773,0.0,-0.04205681383609772,0.013364181853830814,0.02432708814740181,-0.03798084333539009,0.0,-0.058662448078393936,-0.0047418102622032166,-10.436843872070312,-0.03297668322920799,-0.18083709478378296,-8.452539443969727,0.0,0.0,0.0,0.0,0.0,0.0,0.0,0.0,0.0,0.0,0.0,0.0,-0.04179612919688225,0.01572887971997261,0.023685703054070473,-0.03976412117481232,0.30656740069389343,0.25458824634552,0.2637344300746918,0.26869139075279236,-0.8352456092834473,1.177100419998169,-0.019147461280226707,0.0,0.0,0.0,0.0,0.0,0.0,0.0
38237108102,0,-0.0026727651711553335,-0.02086305432021618,-0.8440123200416565,6.569455581484362e-05,-0.04113857448101044,-0.8442511558532715,0.015206386335194111,-0.03413935750722885,-0.016684332862496376,0.005476946942508221,-0.04055124521255493,-0.00023883581161499023,-0.02489474229514599,-0.006457430776208639,0.13315747678279877,0.0,0.0,0.5064953565597534,-0.19663716852664948,-0.06568951159715652,0.34081920981407166,0.20118430256843567,0.03643086552619934,0.44764843583106995,-0.19252356886863708,-0.8962331414222717,-46.04457092285156,0.26769018173217773,0.43880537152290344,-0.02413935959339142,-0.13268114626407623,0.12192191928625107,-0.35291048884391785,0.2392052859067917,13.220431327819824,10.647200584411621,11.029911041259766,11.186481475830078,-0.039863280951976776,0.018398437649011612,0.027597656473517418,-0.04906250163912773,0.0,-0.04003603011369705,0.009822486899793148,0.021825574338436127,-0.03514048829674721,0.0,-0.058662448078393936,-0.0047418102622032166,-10.436843872070312,-0.03931953385472298,-0.160124272108078,-8.321167945861816,0.0,0.0,0.0,0.0,0.0,0.0,0.0,0.0,0.0,0.0,0.0,0.0,-0.04167517274618149,0.014221075922250748,0.02375124767422676,-0.03860769420862198,0.3043583929538727,0.25408509373664856,0.26164692640304565,0.26473161578178406,-0.21639873087406158,1.5427781343460083,-0.12602820992469788,0.0,0.0,0.0,0.0,0.0,0.0,0.0
38249156646,0,-0.002374208066612482,-0.0210074782371521,-0.8440741896629333,6.569455581484362e-05,-0.04113857448101044,-0.8442511558532715,0.017869364470243454,-0.03966034948825836,-0.02006571926176548,0.004879829473793507,-0.04026239365339279,-0.00017696619033813477,-0.026345249265432358,-0.006638840772211552,0.13631458580493927,0.0,0.0,0.5064953565597534,-0.19663716852664948,-0.06568951159715652,0.34081920981407166,0.21276667714118958,0.03714337572455406,0.4438750147819519,-0.19252356886863708,-0.8962331414222717,-46.04457092285156,0.26769018173217773,0.43880537152290344,-0.02413935959339142,-0.13268114626407623,0.12192191928625107,-0.35291048884391785,0.2392052859067917,13.220431327819824,10.647200584411621,11.029911041259766,11.186481475830078,-0.039863280951976776,0.016865234822034836,0.027597656473517418,-0.04752929508686066,0.0,-0.04003603011369705,0.009822486899793148,0.021825574338436127,-0.03514048829674721,0.0,0.07684934139251709,-0.14972008764743805,-10.171493530273438,-0.04419175535440445,-0.14789356291294098,-8.300345420837402,0.0,0.0,0.0,0.0,0.0,0.0,0.0,0.0,0.0,0.0,0.0,0.0,-0.04140644147992134,0.012831245549023151,0.023543544113636017,-0.03753018379211426,0.3043583929538727,0.25408509373664856,0.26164692640304565,0.26473161578178406,-0.21639873087406158,1.5427781343460083,-0.12602820992469788,0.0,0.0,0.0,0.0,0.0,0.0,0.0
38258239344,0,-0.002374208066612482,-0.0210074782371521,-0.8440741896629333,6.569455581484362e-05,-0.04113857448101044,-0.8442511558532715,0.017869364470243454,-0.03966034948825836,-0.02006571926176548,0.004879829473793507,-0.04026239365339279,-0.00017696619033813477,-0.026345249265432358,-0.006638840772211552,0.13631458580493927,0.0,0.0,0.5064953565597534,-0.18957005441188812,-0.006836714688688517,0.31744661927223206,0.21276667714118958,0.03714337572455406,0.4438750147819519,-0.24305465817451477,-0.8134145736694336,-45.65190124511719,0.30431464314460754,0.4090588092803955,-0.01019991934299469,-0.13226298987865448,0.11408761143684387,-0.3541097939014435,0.23766964673995972,12.779011726379395,11.000652313232422,10.573590278625488,11.332243919372559,-0.039863280951976776,0.016865234822034836,0.027597656473517418,-0.04752929508686066,0.0,-0.04049012064933777,0.005262309219688177,0.021730763837695122,-0.03048560582101345,0.0,-0.14154358208179474,-0.0758131593465805,-9.932294845581055,-0.04419175535440445,-0.14789356291294098,-8.300345420837402,0.0,0.0,0.0,0.0,0.0,0.0,0.0,0.0,0.0,0.0,0.0,0.0,-0.04104234278202057,0.011382143013179302,0.023120006546378136,-0.03634454682469368,0.29582756757736206,0.26106977462768555,0.2526273727416992,0.26759907603263855,0.1833914816379547,2.1421024799346924,-0.6066151261329651,0.0,0.0,0.0,0.0,0.0,0.0,0.0
38267269320,0,-0.001789150177501142,-0.021363554522395134,-0.8442397117614746,6.569455581484362e-05,-0.04113857448101044,-0.8442511558532715,0.01703508198261261,-0.0461774580180645,-0.019608676433563232,0.003709708107635379,-0.039550237357616425,-1.1444091796875e-05,-0.02910902351140976,-0.005940696690231562,0.1422010213136673,0.0,0.0,0.5064953565597534,-0.18957005441188812,-0.006836714688688517,0.31744661927223206,0.24316303431987762,0.02941618673503399,0.43554890155792236,-0.24758687615394592,-0.7826350331306458,-45.66001892089844,0.31215131282806396,0.37002819776535034,-0.008980035781860352,-0.13199351727962494,0.10981546342372894,-0.3543533980846405,0.23657114803791046,12.70026683807373,11.1053466796875,10.593652725219727,11.292181968688965,-0.04139648377895355,0.015332031063735485,0.027597656473517418,-0.04599609225988388,0.0,-0.039986953139305115,0.004114866256713867,0.0208410806953907,-0.029461754485964775,0.0,-0.14154358208179474,-0.0758131593465805,-9.932294845581055,-0.04284752905368805,-0.1334220916032791,-8.313532829284668,0.0,0.0,0.0,0.0,0.0,0.0,0.0,0.0,0.0,0.0,0.0,0.0,-0.040717218071222305,0.00969761610031128,0.02261868119239807,-0.03484780713915825,0.2943018674850464,0.2631337344646454,0.25302478671073914,0.2668113708496094,0.1833914816379547,2.1421024799346924,-0.6066151261329651,0.0,0.0,0.0,0.0,0.0,0.0,0.0
38277869661,0,-0.001789150177501142,-0.021363554522395134,-0.8442397117614746,6.569455581484362e-05,-0.04113857448101044,-0.8442511558532715,0.01703508198261261,-0.0461774580180645,-0.019608676433563232,0.0026060983072966337,-0.038325048983097076,0.00022864341735839844,-0.02910902351140976,-0.005940696690231562,0.1422010213136673,0.0,0.0,0.5064953565597534,-0.16687816381454468,0.03464062139391899,0.32768845558166504,0.24316303431987762,0.02941618673503399,0.43554890155792236,-0.24758687615394592,-0.7826350331306458,-45.66001892089844,0.31215131282806396,0.37002819776535034,-0.008980035781860352,-0.13199351727962494,0.10981546342372894,-0.3543533980846405,0.23657114803791046,12.70026683807373,11.1053466796875,10.593652725219727,11.292181968688965,-0.04139648377895355,0.012265625409781933,0.027597656473517418,-0.04599609225988388,0.0,-0.039986953139305115,0.004114866256713867,0.0208410806953907,-0.029461754485964775,0.0,0.500999927520752,0.09577151387929916,-9.963688850402832,-0.05052441731095314,-0.11484041810035706,-8.379033088684082,0.0,0.0,0.0,0.0,0.0,0.0,0.0,0.0,0.0,0.0,0.0,0.0,-0.040445778518915176,0.007891910150647163,0.022085150703787804,-0.03316504880785942,0.2943018674850464,0.2631337344646454,0.25302478671073914,0.2668113708496094,0.9712684154510498,2.1393208503723145,0.29061412811279297,0.0,0.0,0.0,0.0,0.0,0.0,0.0
38287017890,0,-0.0012373480712994933,-0.02197614684700966,-0.8444797992706299,6.569455581484362e-05,-0.04113857448101044,-0.8442511558532715,0.021031459793448448,-0.053304992616176605,-0.011331886984407902,0.0026060983072966337,-0.038325048983097076,0.00022864341735839844,-0.03204230219125748,-0.0049315947107970715,0.14782506227493286,0.0,0.0,0.5064953565597534,-0.16687816381454468,0.03464062139391899,0.32768845558166504,0.25687891244888306,0.02084963023662567,0.4300733506679535,-0.23355717957019806,-0.6419799327850342,-45.90180206298828,0.30813145637512207,0.322299987077713,-0.028088554739952087,-0.13157038390636444,0.10228701680898666,-0.35387659072875977,0.2346615493297577,13.161141395568848,10.751055717468262,11.208916664123535,10.809160232543945,-0.04139648377895355,0.009199218824505806,0.027597656473517418,-0.04599609225988388,0.0,-0.034392885863780975,0.00012910232180729508,0.014858165755867958,-0.026592671871185303,0.0,0.2895786464214325,-0.0727173313498497,-9.907607078552246,-0.05052441731095314,-0.11484041810035706,-8.379033088684082,0.0,0.0,0.0,0.0,0.0,0.0,0.0,0.0,0.0,0.0,0.0,0.0,-0.039969552308321,0.0061230044811964035,0.021317187696695328,-0.03152173012495041,0.30321455001831055,0.2561401426792145,0.2651732563972473,0.2572888731956482,0.9712684154510498,2.1393208503723145,0.29061412811279297,0.0,0.0,0.0,0.0,0.0,0.0,0.0
38296895356,0,-0.001043563592247665,-0.022287631407380104,-0.8445764183998108,6.569455581484362e-05,-0.04113857448101044,-0.8442511558532715,0.026032688096165657,-0.05784054100513458,-0.004222566727548838,0.0022185274865478277,-0.03770207613706589,0.00032526254653930664,-0.03319524973630905,-0.004506704863160849,0.1505957394838333,0.0,0.0,0.5064953565597534,-0.14570355415344238,0.04538067802786827,0.3318754732608795,0.25687891244888306,0.02084963023662567,0.4300733506679535,-0.23355717957019806,-0.6419799327850342,-45.90180206298828,0.30813145637512207,0.322299987077713,-0.028088554739952087,-0.13157038390636444,0.10228701680898666,-0.35387659072875977,0.2346615493297577,13.350714683532715,10.623333930969238,11.468135833740234,10.67104434967041,-0.04139648377895355,0.0076660155318677425,0.027597656473517418,-0.04752929508686066,0.0,-0.033904336392879486,0.00013065224629826844,0.014522295445203781,-0.026936938986182213,0.0,0.2895786464214325,-0.0727173313498497,-9.907607078552246,-0.05962633341550827,-0.10248376429080963,-8.4312744140625,0.0,0.0,0.0,0.0,0.0,0.0,0.0,0.0,0.0,0.0,0.0,0.0,-0.038941819220781326,0.004330939147621393,0.020008137449622154,-0.029952216893434525,0.30321455001831055,0.2561401426792145,0.2651732563972473,0.2572888731956482,1.510905385017395,1.5875760316848755,0.41027215123176575,0.0,0.0,0.0,0.0,0.0,0.0,0.0
38307166602,0,-0.001043563592247665,-0.022287631407380104,-0.8445764183998108,6.569455581484362e-05,-0.04113857448101044,-0.8442511558532715,0.026032688096165657,-0.05784054100513458,-0.004222566727548838,0.0022185274865478277,-0.03770207613706589,0.00032526254653930664,-0.03319524973630905,-0.004506704863160849,0.1505957394838333,0.0,0.0,0.5064953565597534,-0.0964173972606659,0.06710710376501083,0.33261096477508545,0.2676545977592468,0.014698383398354053,0.42411524057388306,-0.3505886197090149,-0.542964518070221,-46.261695861816406,0.28156527876853943,0.2982521951198578,-0.03435809910297394,-0.13117028772830963,0.09790199995040894,-0.3532610535621643,0.23363861441612244,13.332559585571289,10.678601264953613,11.532012939453125,10.746969223022461,-0.039863280951976776,0.004599609412252903,0.027597656473517418,-0.04752929508686066,0.0,-0.03439590707421303,-0.006982361897826195,0.015031971968710423,-0.019596686586737633,0.0,-0.08027014881372452,-0.3154140114784241,-9.747129440307617,-0.05962633341550827,-0.10248376429080963,-8.4312744140625,0.0,0.0,0.0,0.0,0.0,0.0,0.0,0.0,0.0,0.0,0.0,0.0,-0.03755203261971474,0.0023463049437850714,0.018391048535704613,-0.028269410133361816,0.30686885118484497,0.25361257791519165,0.27026838064193726,0.25455713272094727,2.1559031009674072,1.3300750255584717,0.2532198131084442,0.0,0.0,0.0,0.0,0.0,0.0,0.0
38317183311,0,-0.0006366229499690235,-0.022969460114836693,-0.8447842597961426,6.569455581484362e-05,-0.04113857448101044,-0.8442511558532715,0.03158174082636833,-0.059973422437906265,-0.01040838472545147,0.001404642011038959,-0.03633841127157211,0.0005331039428710938,-0.03463519364595413,-0.003397008404135704,0.156592458486557,0.0,0.0,0.5115078687667847,-0.0964173972606659,0.06710710376501083,0.33261096477508545,0.2676545977592468,0.014698383398354053,0.42411524057388306,-0.38958755135536194,-0.5156930685043335,-46.0712890625,0.26425111293792725,0.27164557576179504,-0.03488731384277344,-0.13101160526275635,0.08962160348892212,-0.3516397774219513,0.23159974813461304,13.231264114379883,10.630864143371582,11.56448745727539,10.672502517700195,-0.039863280951976776,0.004599609412252903,0.027597656473517418,-0.04752929508686066,0.0,-0.03495986759662628,-0.009201536886394024,0.01536324992775917,-0.017521517351269722,0.0,-0.08027014881372452,-0.3154140114784241,-9.747129440307617,-0.07083410024642944,-0.09376237541437149,-8.376598358154297,0.0,0.0,0.0,0.0,0.0,0.0,0.0,0.0,0.0,0.0,0.0,0.0,-0.03628946840763092,-0.0001253934169653803,0.01696767471730709,-0.02608432248234749,0.3045671880245209,0.2537616491317749,0.2721586227416992,0.25458601117134094,2.1559031009674072,1.3300750255584717,0.2532198131084442,0.0,0.0,0.0,0.0,0.0,0.0,0.0
38327167168,0,-0.0006366229499690235,-0.022969460114836693,-0.8447842597961426,6.569455581484362e-05,-0.04113857448101044,-0.8442511558532715,0.03158174082636833,-0.059973422437906265,-0.01040838472545147,0.001404642011038959,-0.03633841127157211,0.0005331039428710938,-0.03463519364595413,-0.003397008404135704,0.156592458486557,0.0,0.0,0.5115078687667847,-0.06225527822971344,0.10564343631267548,0.3367394208908081,0.27901434898376465,0.000413638015743345,0.4235883355140686,-0.4264261722564697,-0.4667697846889496,-45.555809020996094,0.24770307540893555,0.2079494595527649,-0.04219311475753784,-0.13078805804252625,0.08238846063613892,-0.34911587834358215,0.2297157496213913,13.16274642944336,10.390145301818848,11.740559577941895,10.29002857208252,-0.039863280951976776,0.003066406352445483,0.027597656473517418,-0.04599609225988388,0.0,-0.03479865565896034,-0.012309794314205647,0.014789572916924953,-0.01520214881747961,0.0,-0.08027014881372452,-0.3154140114784241,-9.747129440307617,-0.07083410024642944,-0.09376237541437149,-8.376598358154297,0.0,0.0,0.0,0.0,0.0,0.0,0.0,0.0,0.0,0.0,0.0,0.0,-0.035389721393585205,-0.0030568153597414494,0.01592983491718769,-0.023418331518769264,0.3032456636428833,0.248989075422287,0.2756083309650421,0.24700064957141876,1.8802391290664673,1.7752193212509155,0.32751548290252686,0.0,0.0,0.0,0.0,0.0,0.0,0.0
38369509486,0,-0.0003599677002057433,-0.023633528500795364,-0.8450335264205933,6.569455581484362e-05,-0.04113857448101044,-0.8442511558532715,0.03523201867938042,-0.06272370368242264,-0.02259662002325058,0.0008513287757523358,-0.03501026704907417,0.0007823705673217773,-0.035573702305555344,-0.0008817290072329342,0.16301468014717102,0.0,0.0,0.5115078687667847,-0.045488160103559494,0.11575177311897278,0.33653202652931213,0.28663867712020874,-0.01777080073952675,0.4167523980140686,-0.4275917410850525,-0.40931186079978943,-45.513893127441406,0.24770307540893555,0.2079494595527649,-0.04219311475753784,-0.13078805804252625,0.08238846063613892,-0.34911587834358215,0.2297157496213913,13.121477127075195,10.377114295959473,11.78177547454834,10.26012897491455,-0.038330078125,0.0015332031762227416,0.026064453646540642,-0.044462889432907104,0.0,-0.03339047357439995,-0.014322759583592415,0.013048415072262287,-0.01322614774107933,0.0,-0.07654783129692078,-0.14151814579963684,-9.584664344787598,-0.07753203064203262,-0.08486723154783249,-8.28287410736084,0.0,0.0,0.0,0.0,0.0,0.0,0.0,0.0,0.0,0.0,0.0,0.0,-0.03478062152862549,-0.006155422888696194,0.015155144035816193,-0.02060689590871334,0.3032456636428833,0.248989075422287,0.2756083309650421,0.24700064957141876,1.7761822938919067,1.3713133335113525,0.19930319488048553,0.0,0.0,0.0,0.0,0.0,0.0,0.0
38369585617,0,-0.00023734895512461662,-0.023975802585482597,-0.8451579213142395,6.569455581484362e-05,-0.04113857448101044,-0.8442511558532715,0.03599829599261284,-0.06712232530117035,-0.023856161162257195,0.0006060900632292032,-0.03432571515440941,0.0009067654609680176,-0.03594391793012619,0.000487999408505857,0.16597893834114075,0.0,0.0,0.5115078687667847,-0.045488160103559494,0.11575177311897278,0.33653202652931213,0.28810781240463257,-0.02613580785691738,0.4130508303642273,-0.4275917410850525,-0.40931186079978943,-45.513893127441406,0.23722170293331146,0.19173212349414825,-0.04262794554233551,-0.13070999085903168,0.07861243188381195,-0.34733283519744873,0.22873401641845703,13.121477127075195,10.377114295959473,11.78177547454834,10.26012897491455,-0.038330078125,0.0,0.024531250819563866,-0.044462889432907104,0.0,-0.03338400274515152,-0.014314583502709866,0.013055621646344662,-0.013217877596616745,0.0,-0.07654783129692078,-0.14151814579963684,-9.584664344787598,-0.07774395495653152,-0.07442034035921097,-8.275253295898438,0.0,0.0,0.0,0.0,0.0,0.0,0.0,0.0,0.0,0.0,0.0,0.0,-0.034289199858903885,-0.009093211963772774,0.014466049149632454,-0.017953023314476013,0.3024492561817169,0.24873049557209015,0.2764149308204651,0.2464061826467514,1.7761822938919067,1.3713133335113525,0.19930319488048553,0.0,0.0,0.0,0.0,0.0,0.0,0.0
38369613453,0,-0.00023734895512461662,-0.023975802585482597,-0.8451579213142395,6.569455581484362e-05,-0.04113857448101044,-0.8442511558532715,0.03599829599261284,-0.06712232530117035,-0.023856161162257195,0.0006060900632292032,-0.03432571515440941,0.0009067654609680176,-0.03594391793012619,0.000487999408505857,0.16597893834114075,0.0,0.0,0.5115078687667847,-0.006584076210856438,0.1073254719376564,0.3269873559474945,0.28810781240463257,-0.02613580785691738,0.4130508303642273,-0.4275917410850525,-0.40931186079978943,-45.513893127441406,0.23722170293331146,0.19173212349414825,-0.04262794554233551,-0.13070999085903168,0.07861243188381195,-0.34733283519744873,0.22873401641845703,13.121477127075195,10.377114295959473,11.78177547454834,10.26012897491455,-0.036796875298023224,-0.0015332031762227416,0.024531250819563866,-0.04292968660593033,0.0,-0.03338400274515152,-0.014314583502709866,0.013055621646344662,-0.013217877596616745,0.0,0.027140289545059204,-0.013687166385352612,-9.322028160095215,-0.07774395495653152,-0.07442034035921097,-8.275253295898438,0.0,0.0,0.0,0.0,0.0,0.0,0.0,0.0,0.0,0.0,0.0,0.0,-0.03388077765703201,-0.011501913890242577,0.013866549357771873,-0.015774434432387352,0.3024492561817169,0.24873049557209015,0.2764149308204651,0.2464061826467514,1.9571781158447266,0.07791392505168915,-0.302816778421402,0.0,0.0,0.0,0.0,0.0,0.0,0.0
38369642148,0,0.00013265090819913894,-0.02478339523077011,-0.8455321788787842,6.569455581484362e-05,-0.04113857448101044,-0.8442511558532715,0.03408233821392059,-0.08181915432214737,-0.008233263157308102,-0.00013391337415669113,-0.032710522413253784,0.0012810230255126953,-0.036036379635334015,0.003328183200210333,0.1741243302822113,0.0,0.0,0.5165204405784607,-0.006584076210856438,0.1073254719376564,0.3269873559474945,0.28403714299201965,-0.04571530967950821,0.4044150114059448,-0.3964153826236725,-0.28403645753860474,-45.927398681640625,0.19947069883346558,0.1943785548210144,-0.0340433269739151,-0.1306435614824295,0.07861243188381195,-0.34733283519744873,0.22873401641845703,12.956239700317383,10.632824897766113,11.724382400512695,10.640009880065918,-0.03526367247104645,-0.0015332031762227416,0.026064453646540642,-0.039863280951976776,0.0,-0.02953292243182659,-0.017092794179916382,0.008407550863921642,-0.009612158872187138,0.0,0.027140289545059204,-0.013687166385352612,-9.322028160095215,-0.06926189363002777,-0.04100913554430008,-8.394155502319336,0.0,0.0,0.0,0.0,0.0,0.0,0.0,0.0,0.0,0.0,0.0,0.0,-0.033410586416721344,-0.013333719223737717,0.013207645155489445,-0.01406488660722971,0.3024492561817169,0.24873049557209015,0.2764149308204651,0.2464061826467514,1.9571781158447266,0.07791392505168915,-0.302816778421402,0.0,0.0,0.0,0.0,0.0,0.0,0.0
38376932856,0,0.00013265090819913894,-0.02478339523077011,-0.8455321788787842,6.569455581484362e-05,-0.04113857448101044,-0.8442511558532715,0.03408233821392059,-0.08181915432214737,-0.008233263157308102,-0.00013391337415669113,-0.032710522413253784,0.0012810230255126953,-0.036036379635334015,0.003328183200210333,0.1741243302822113,0.0,0.0,0.5165204405784607,0.03009110316634178,0.0908723920583725,0.31331169605255127,0.28403714299201965,-0.04571530967950821,0.4044150114059448,-0.3964153826236725,-0.28403645753860474,-45.927398681640625,0.19947069883346558,0.1943785548210144,-0.0340433269739151,-0.1306435614824295,0.07196811586618423,-0.3438297510147095,0.2267571985721588,12.956239700317383,10.632824897766113,11.724382400512695,10.640009880065918,-0.032197266817092896,-0.003066406352445483,0.026064453646540642,-0.038330078125,0.0,-0.02953292243182659,-0.017092794179916382,0.008407550863921642,-0.009612158872187138,0.0,-0.07486376911401749,-0.17604102194309235,-9.412707328796387,-0.06926189363002777,-0.04100913554430008,-8.394155502319336,0.0,0.0,0.0,0.0,0.0,0.0,0.0,0.0,0.0,0.0,0.0,0.0,-0.0326414629817009,-0.014800109900534153,0.012212265282869339,-0.01256879884749651,0.2992572486400604,0.25380051136016846,0.2752915322780609,0.25394293665885925,1.8140647411346436,-0.5273029208183289,-0.5737167000770569,0.0,0.0,0.0,0.0,0.0,0.0,0.0
38388547735,0,0.0004070463473908603,-0.02530997060239315,-0.8457880020141602,6.569455581484362e-05,-0.04113857448101044,-0.8442511558532715,0.040256015956401825,-0.08202017843723297,-0.012390394695103168,-0.0006827070028521121,-0.03165736794471741,0.0015368461608886719,-0.03507207706570625,0.004823538940399885,0.17990945279598236,0.0,0.0,0.5165204405784607,0.03009110316634178,0.0908723920583725,0.31331169605255127,0.2750663459300995,-0.06306485831737518,0.4021684527397156,-0.4194849133491516,-0.2120005190372467,-46.21937942504883,0.1613912135362625,0.197850301861763,-0.020301103591918945,-0.13065385818481445,0.0659729391336441,-0.34046685695648193,0.2243061065673828,12.63043212890625,10.986360549926758,11.50705623626709,11.119266510009766,-0.03066406212747097,-0.006132812704890966,0.026064453646540642,-0.036796875298023224,0.0,-0.028924565762281418,-0.019604822620749474,0.007060833740979433,-0.006174752954393625,0.0,-0.1621168851852417,0.05973508581519127,-9.35985279083252,-0.08153660595417023,-0.03603150695562363,-8.354594230651855,0.0,0.0,0.0,0.0,0.0,0.0,0.0,0.0,0.0,0.0,0.0,0.0,-0.03166152536869049,-0.016060244292020798,0.010958525352180004,-0.011128850281238556,0.2929476797580719,0.26078787446022034,0.2710321247577667,0.2634080946445465,1.8140647411346436,-0.5273029208183289,-0.5737167000770569,0.0,0.0,0.0,0.0,0.0,0.0,0.0
38397491995,0,0.000552455778233707,-0.02558206394314766,-0.8459160923957825,6.569455581484362e-05,-0.04113857448101044,-0.8442511558532715,0.03987190127372742,-0.0850641131401062,-0.02095983922481537,-0.0009735273197293282,-0.03111317753791809,0.0016649365425109863,-0.03458830341696739,0.005654255859553814,0.18298538029193878,0.0,0.0,0.5165204405784607,0.045067790895700455,0.08039622008800507,0.3140590488910675,0.26901769638061523,-0.0666363537311554,0.39882487058639526,-0.439151793718338,-0.1614397019147873,-45.5771598815918,0.14514955878257751,0.19893866777420044,-0.025565683841705322,-0.13068069517612457,0.0659729391336441,-0.34046685695648193,0.2243061065673828,12.577880859375,10.667025566101074,11.500954627990723,10.853280067443848,-0.03066406212747097,-0.0076660155318677425,0.024531250819563866,-0.03526367247104645,0.0,-0.028179017826914787,-0.022522736340761185,0.006112308707088232,-0.0040410179644823074,0.0,-0.1621168851852417,0.05973508581519127,-9.35985279083252,-0.07984577864408493,-0.029352672398090363,-8.28675651550293,0.0,0.0,0.0,0.0,0.0,0.0,0.0,0.0,0.0,0.0,0.0,0.0,-0.030668208375573158,-0.017352787777781487,0.009641059674322605,-0.009566640481352806,0.2919280230998993,0.2544776201248169,0.27091237902641296,0.2581605613231659,1.5811939239501953,-0.7202722430229187,-0.3085484206676483,0.0,0.0,0.0,0.0,0.0,0.0,0.0
38407536281,0,0.000552455778233707,-0.02558206394314766,-0.8459160923957825,6.569455581484362e-05,-0.04113857448101044,-0.8442511558532715,0.03987190127372742,-0.0850641131401062,-0.02095983922481537,-0.00144851952791214,-0.030049337074160576,0.0019254088401794434,-0.03458830341696739,0.005654255859553814,0.18298538029193878,0.0,0.0,0.5165204405784607,0.07974409312009811,0.05039056017994881,0.31127986311912537,0.26901769638061523,-0.0666363537311554,0.39882487058639526,-0.439151793718338,-0.1614397019147873,-45.5771598815918,0.14514955878257751,0.19893866777420044,-0.025565683841705322,-0.13068069517612457,0.06298841536045074,-0.33876851201057434,0.222906231880188,12.577880859375,10.667025566101074,11.500954627990723,10.853280067443848,-0.03066406212747097,-0.010732421651482582,0.02299804612994194,-0.03373046964406967,0.0,-0.028179017826914787,-0.022522736340761185,0.006112308707088232,-0.0040410179644823074,0.0,0.007587355095893145,-0.122276671230793,-9.404546737670898,-0.08432185649871826,-0.013827711343765259,-8.257951736450195,0.0,0.0,0.0,0.0,0.0,0.0,0.0,0.0,0.0,0.0,0.0,0.0,-0.0297547560185194,-0.01880786381661892,0.008385720662772655,-0.007877131924033165,0.2919280230998993,0.2544776201248169,0.27091237902641296,0.2581605613231659,1.7542879581451416,-1.2452726364135742,-0.28185224533081055,0.0,0.0,0.0,0.0,0.0,0.0,0.0
38416872307,0,0.0007899507181718946,-0.026113981381058693,-0.8461765646934509,6.569455581484362e-05,-0.04113857448101044,-0.8442511558532715,0.04326034337282181,-0.09106842428445816,-0.025300420820713043,-0.00144851952791214,-0.030049337074160576,0.0019254088401794434,-0.03329849988222122,0.0068756393156945705,0.18830983340740204,0.0,0.0,0.5165204405784607,0.10485833138227463,0.041212160140275955,0.3092859089374542,0.2527593672275543,-0.0693647712469101,0.3917790949344635,-0.443067729473114,-0.02345968782901764,-45.69847106933594,0.06204858049750328,0.23047567903995514,-0.025844797492027283,-0.1308474987745285,0.057820454239845276,-0.33598339557647705,0.22026100754737854,12.5342435836792,10.513191223144531,11.617077827453613,11.051487922668457,-0.032197266817092896,-0.012265625409781933,0.02299804612994194,-0.032197266817092896,0.0,-0.024508751928806305,-0.027643024921417236,0.0019554670434445143,0.000554523547179997,0.0,0.12228444218635559,-0.17869184911251068,-9.241656303405762,-0.08432185649871826,-0.013827711343765259,-8.257951736450195,0.0,0.0,0.0,0.0,0.0,0.0,0.0,0.0,0.0,0.0,0.0,0.0,-0.02884542942047119,-0.020445190370082855,0.007157060783356428,-0.0061263432726264,0.2909512519836426,0.25097015500068665,0.27102944254875183,0.2593350410461426,2.037578821182251,-1.0490224361419678,-0.28311023116111755,0.0,0.0,0.0,0.0,0.0,0.0,0.0
38427095280,0,0.000870841380674392,-0.026390278711915016,-0.8463119864463806,6.569455581484362e-05,-0.04113857448101044,-0.8442511558532715,0.04228615015745163,-0.09518557786941528,-0.018888404592871666,-0.0016103016678243876,-0.02949673868715763,0.002060830593109131,-0.0321243554353714,0.00728481262922287,0.19090799987316132,0.0,0.0,0.5165204405784607,0.10485833138227463,0.041212160140275955,0.3092859089374542,0.24272342026233673,-0.07348812371492386,0.38831233978271484,-0.443067729473114,-0.02345968782901764,-45.69847106933594,0.06204858049750328,0.23047567903995514,-0.025844797492027283,-0.1308474987745285,0.05544072762131691,-0.334685742855072,0.21879321336746216,12.5342435836792,10.513191223144531,11.617077827453613,11.051487922668457,-0.032197266817092896,-0.012265625409781933,0.02299804612994194,-0.03066406212747097,0.0,-0.024508751928806305,-0.027643024921417236,0.0019554670434445143,0.000554523547179997,0.0,0.12228444218635559,-0.17869184911251068,-9.241656303405762,-0.08055777102708817,-0.004265397787094116,-8.308813095092773,0.0,0.0,0.0,0.0,0.0,0.0,0.0,0.0,0.0,0.0,0.0,0.0,-0.02776729129254818,-0.022342436015605927,0.005784718319773674,-0.004244483541697264,0.29108095169067383,0.2514302134513855,0.27318960428237915,0.2620720863342285,2.037578821182251,-1.0490224361419678,-0.28311023116111755,0.0,0.0,0.0,0.0,0.0,0.0,0.0
38437124448,0,0.000870841380674392,-0.026390278711915016,-0.8463119864463806,6.569455581484362e-05,-0.04113857448101044,-0.8442511558532715,0.04228615015745163,-0.09518557786941528,-0.018888404592871666,-0.0016103016678243876,-0.02949673868715763,0.002060830593109131,-0.0321243554353714,0.00728481262922287,0.19090799987316132,0.0,0.0,0.5165204405784607,0.12877054512500763,0.030838659033179283,0.3066655397415161,0.24272342026233673,-0.07348812371492386,0.38831233978271484,-0.443067729473114,-0.02345968782901764,-45.69847106933594,0.06204858049750328,0.23047567903995514,-0.025844797492027283,-0.1308474987745285,0.05544072762131691,-0.334685742855072,0.21879321336746216,12.549935340881348,10.580349922180176,11.713671684265137,11.236801147460938,-0.03066406212747097,-0.013798828236758709,0.02299804612994194,-0.029130859300494194,0.0,-0.02447810210287571,-0.0274675153195858,0.0019393409602344036,0.000545378599781543,0.0,0.1112089604139328,0.2214294821023941,-10.076671600341797,-0.08055777102708817,-0.004265397787094116,-8.308813095092773,0.0,0.0,0.0,0.0,0.0,0.0,0.0,0.0,0.0,0.0,0.0,0.0,-0.026634346693754196,-0.024245530366897583,0.004402438644319773,-0.0024338369257748127,0.29108095169067383,0.2514302134513855,0.27318960428237915,0.2620720863342285,2.1317079067230225,-1.0147769451141357,-0.30579933524131775,0.0,0.0,0.0,0.0,0.0,0.0,0.0
38446736494,0,0.0009008575580082834,-0.02731170505285263,-0.846680223941803,6.569455581484362e-05,-0.04113857448101044,-0.8442511558532715,0.04315054416656494,-0.09672994166612625,-0.010919919237494469,-0.0016703343717381358,-0.027653876692056656,0.002429068088531494,-0.027272308245301247,0.0075115421786904335,0.19935065507888794,0.0,0.0,0.5190266966819763,0.15270647406578064,0.013488534837961197,0.30378568172454834,0.21254654228687286,-0.0734478011727333,0.38318902254104614,-0.4369458854198456,0.03409844636917114,-46.212188720703125,-0.005122125148773193,0.2553730010986328,-0.020347371697425842,-0.13103850185871124,0.05166386067867279,-0.33240848779678345,0.21571549773216248,12.460850715637207,10.63717269897461,11.671561241149902,11.458683967590332,-0.029130859300494194,-0.013798828236758709,0.021464843302965164,-0.026064453646540642,0.0,-0.02286248281598091,-0.029050571843981743,-4.33387015164044e-07,0.0021037524566054344,0.0,0.1112089604139328,0.2214294821023941,-10.076671600341797,-0.07977354526519775,0.004094749689102173,-8.361908912658691,0.0,0.0,0.0,0.0,0.0,0.0,0.0,0.0,0.0,0.0,0.0,0.0,-0.025606146082282066,-0.025857163593173027,0.0031793667003512383,-0.0009212798904627562,0.29108095169067383,0.2514302134513855,0.27318960428237915,0.2620720863342285,2.181933879852295,-1.3291583061218262,-0.3331893980503082,0.0,0.0,0.0,0.0,0.0,0.0,0.0
38456936678,0,0.0009008575580082834,-0.02731170505285263,-0.846680223941803,6.569455581484362e-05,-0.04113857448101044,-0.8442511558532715,0.04315054416656494,-0.09672994166612625,-0.010919919237494469,-0.0016703343717381358,-0.027653876692056656,0.002429068088531494,-0.027272308245301247,0.0075115421786904335,0.19935065507888794,0.0,0.0,0.5190266966819763,0.18706181645393372,-0.03487281873822212,0.30932122468948364,0.21254654228687286,-0.0734478011727333,0.38318902254104614,-0.4369458854198456,0.03409844636917114,-46.212188720703125,-0.005122125148773193,0.2553730010986328,-0.020347371697425842,-0.13103850185871124,0.05166386067867279,-0.33240848779678345,0.21571549773216248,12.460850715637207,10.63717269897461,11.671561241149902,11.458683967590332,-0.026064453646540642,-0.016865234822034836,0.019931640475988388,-0.024531250819563866,0.0,-0.02286248281598091,-0.029050571843981743,-4.33387015164044e-07,0.0021037524566054344,0.0,0.0451589860022068,0.4586681127548218,-9.6563138961792,-0.07977354526519775,0.004094749689102173,-8.361908912658691,0.0,0.0,0.0,0.0,0.0,0.0,0.0,0.0,0.0,0.0,0.0,0.0,-0.02466871775686741,-0.02716602385044098,0.0020805704407393932,0.00030892426730133593,0.289655476808548,0.25388669967651367,0.27425724267959595,0.27008289098739624,2.004420280456543,-2.265300989151001,0.1352529376745224,0.0,0.0,0.0,0.0,0.0,0.0,0.0
38467140274,0,0.0008269957033917308,-0.027988776564598083,-0.846901535987854,6.569455581484362e-05,-0.04113857448101044,-0.8442511558532715,0.04168038070201874,-0.0963071808218956,-0.023168964311480522,-0.0015226098475977778,-0.026299728080630302,0.0026503801345825195,-0.023720744997262955,0.006651855073869228,0.20503585040569305,0.0,0.0,0.5240392088890076,0.18706181645393372,-0.03487281873822212,0.30932122468948364,0.17733235657215118,-0.0616915263235569,0.38115161657333374,-0.44451063871383667,0.027981877326965332,-45.66789245605469,-0.06281373649835587,0.3207091689109802,-0.026565536856651306,-0.13124075531959534,0.04934731498360634,-0.3313044011592865,0.2128353714942932,12.494034767150879,10.155205726623535,11.67775821685791,11.356565475463867,-0.024531250819563866,-0.019931640475988388,0.018398437649011612,-0.02299804612994194,0.0,-0.02320660464465618,-0.030501827597618103,0.0003949546080548316,0.002148388186469674,0.0,0.2634243965148926,0.6348179578781128,-9.833223342895508,-0.07555118948221207,0.0052526891231536865,-8.267139434814453,0.0,0.0,0.0,0.0,0.0,0.0,0.0,0.0,0.0,0.0,0.0,0.0,-0.023890255019068718,-0.028224432840943336,0.0011744070798158646,0.0012472074013203382,0.28944554924964905,0.24449685215950012,0.27377650141716003,0.2693518102169037,2.004420280456543,-2.265300989151001,0.1352529376745224,0.0,0.0,0.0,0.0,0.0,0.0,0.0
38476954318,0,0.0007724399329163134,-0.028338013216853142,-0.8470035195350647,6.569455581484362e-05,-0.04113857448101044,-0.8442511558532715,0.041068386286497116,-0.09970544278621674,-0.020462539047002792,-0.0014134978409856558,-0.025601251050829887,0.002752363681793213,-0.021718960255384445,0.006211340893059969,0.20760248601436615,0.0,0.0,0.5240392088890076,0.207834854722023,-0.056253235787153244,0.31253859400749207,0.15934430062770844,-0.05516284331679344,0.37744733691215515,-0.41553154587745667,0.028889790177345276,-45.469268798828125,-0.10744614899158478,0.34886297583580017,-0.032626837491989136,-0.13137491047382355,0.04934731498360634,-0.3313044011592865,0.2128353714942932,12.57034969329834,9.84190845489502,11.804659843444824,11.26710033416748,-0.02299804612994194,-0.021464843302965164,0.015332031063735485,-0.021464843302965164,0.0,-0.022236479446291924,-0.03047903999686241,-0.0005167695344425738,0.001271654269658029,0.0,0.2634243965148926,0.6348179578781128,-9.833223342895508,-0.07202274352312088,0.013408645987510681,-8.290382385253906,0.0,0.0,0.0,0.0,0.0,0.0,0.0,0.0,0.0,0.0,0.0,0.0,-0.023320617154240608,-0.029097210615873337,0.0005246152868494391,0.0018324543489143252,0.28944554924964905,0.24449685215950012,0.27377650141716003,0.2693518102169037,2.0132269859313965,-2.1601762771606445,0.2544392943382263,0.0,0.0,0.0,0.0,0.0,0.0,0.0
38487517891,0,0.0007724399329163134,-0.028338013216853142,-0.8470035195350647,6.569455581484362e-05,-0.04113857448101044,-0.8442511558532715,0.041068386286497116,-0.09970544278621674,-0.020462539047002792,-0.0014134978409856558,-0.025601251050829887,0.002752363681793213,-0.021718960255384445,0.006211340893059969,0.20760248601436615,0.0,0.0,0.5240392088890076,0.23113881051540375,-0.08075640350580215,0.3132517337799072,0.15934430062770844,-0.05516284331679344,0.37744733691215515,-0.36452317237854004,0.15492567420005798,-46.16960144042969,-0.16588377952575684,0.3811558187007904,-0.02112346887588501,-0.13168694078922272,0.0479905903339386,-0.3316822052001953,0.2088366150856018,12.415289878845215,10.166069984436035,11.732231140136719,11.86757755279541,-0.02299804612994194,-0.02299804612994194,0.013798828236758709,-0.019931640475988388,0.0,-0.017498822882771492,-0.03215079382061958,-0.005884177982807159,0.0034139242488890886,0.0,-0.19037511944770813,0.052784763276576996,-9.745892524719238,-0.07202274352312088,0.013408645987510681,-8.290382385253906,0.0,0.0,0.0,0.0,0.0,0.0,0.0,0.0,0.0,0.0,0.0,0.0,-0.022666607052087784,-0.02985961176455021,-0.00019267274183221161,0.002156074857339263,0.28876999020576477,0.24453549087047577,0.27544525265693665,0.27809280157089233,1.2976009845733643,-1.3862584829330444,0.04680852219462395,0.0,0.0,0.0,0.0,0.0,0.0,0.0
38496712626,0,0.0007568662986159325,-0.02902720496058464,-0.8471646308898926,6.569455581484362e-05,-0.04113857448101044,-0.8442511558532715,0.04023350775241852,-0.10549883544445038,-0.006881161127239466,-0.0013823503395542502,-0.024222860112786293,0.0029134750366210938,-0.017596416175365448,0.004770917817950249,0.21296314895153046,0.0,0.0,0.5390768051147461,0.23113881051540375,-0.08075640350580215,0.3132517337799072,0.12622162699699402,-0.04514538496732712,0.3885774612426758,-0.36452317237854004,0.15492567420005798,-46.16960144042969,-0.16588377952575684,0.3811558187007904,-0.02112346887588501,-0.13168694078922272,0.0479905903339386,-0.3316822052001953,0.2088366150856018,12.415289878845215,10.166069984436035,11.732231140136719,11.86757755279541,-0.024531250819563866,-0.024531250819563866,0.015332031063735485,-0.018398437649011612,0.0,-0.017498822882771492,-0.03215079382061958,-0.005884177982807159,0.0034139242488890886,0.0,0.19472043216228485,0.2474318891763687,-10.085484504699707,-0.06627693772315979,0.02816830575466156,-8.3944730758667,0.0,0.0,0.0,0.0,0.0,0.0,0.0,0.0,0.0,0.0,0.0,0.0,-0.021609913557767868,-0.03058023564517498,-0.0013480730121955276,0.0024485159665346146,0.28876999020576477,0.24453549087047577,0.27544525265693665,0.27809280157089233,1.2976009845733643,-1.3862584829330444,0.04680852219462395,0.0,0.0,0.0,0.0,0.0,0.0,0.0
38507125401,0,0.0007568662986159325,-0.02902720496058464,-0.8471646308898926,6.569455581484362e-05,-0.04113857448101044,-0.8442511558532715,0.04023350775241852,-0.10549883544445038,-0.006881161127239466,-0.0014282433548942208,-0.023560727015137672,0.002971053123474121,-0.017596416175365448,0.004770917817950249,0.21296314895153046,0.0,0.0,0.5591269135475159,0.23340614140033722,-0.09093157202005386,0.31158390641212463,0.12622162699699402,-0.04514538496732712,0.3885774612426758,-0.36452317237854004,0.15492567420005798,-46.16960144042969,-0.16588377952575684,0.3811558187007904,-0.02112346887588501,-0.13168694078922272,0.0479905903339386,-0.3316822052001953,0.2088366150856018,12.415289878845215,10.166069984436035,11.732231140136719,11.86757755279541,-0.026064453646540642,-0.024531250819563866,0.015332031063735485,-0.015332031063735485,0.0,-0.017498822882771492,-0.03215079382061958,-0.005884177982807159,0.0034139242488890886,0.0,0.19472043216228485,0.2474318891763687,-10.085484504699707,-0.07041209936141968,0.028813570737838745,-8.41498851776123,0.0,0.0,0.0,0.0,0.0,0.0,0.0,0.0,0.0,0.0,0.0,0.0,-0.0203316081315279,-0.031224457547068596,-0.002753347624093294,0.0027704862877726555,0.28876999020576477,0.24453549087047577,0.27544525265693665,0.27809280157089233,0.8766065239906311,-1.3126864433288574,-0.03512802720069885,0.0,0.0,0.0,0.0,0.0,0.0,0.0
38516941425,0,0.0007798126898705959,-0.0293582696467638,-0.8472222089767456,6.569455581484362e-05,-0.04113857448101044,-0.8442511558532715,0.04248907417058945,-0.10448270291090012,-0.0038454970344901085,-0.0014282433548942208,-0.023560727015137672,0.002971053123474121,-0.015370701439678669,0.0039029282052069902,0.2157701849937439,0.0,0.0,0.5591269135475159,0.23472173511981964,-0.12448775768280029,0.31486257910728455,0.11163255572319031,-0.0374305434525013,0.4095575213432312,-0.3872665464878082,0.1584746390581131,-46.28243637084961,-0.1784956455230713,0.3987289071083069,-0.0019642114639282227,-0.13183125853538513,0.047955989837646484,-0.3321010172367096,0.20762695372104645,11.937146186828613,10.528586387634277,11.176295280456543,12.451701164245605,-0.024531250819563866,-0.026064453646540642,0.013798828236758709,-0.015332031063735485,0.0,-0.01878155581653118,-0.031941670924425125,-0.0055836900137364864,0.003987722564488649,0.0,-0.2600114345550537,0.24447813630104065,-9.870990753173828,-0.07041209936141968,0.028813570737838745,-8.41498851776123,0.0,0.0,0.0,0.0,0.0,0.0,0.0,0.0,0.0,0.0,0.0,0.0,-0.01923936791718006,-0.03170258179306984,-0.0040083397179841995,0.003074037376791239,0.28011831641197205,0.25369855761528015,0.26644793152809143,0.2888757288455963,0.3756465017795563,-1.5213894844055176,0.2263026386499405,0.0,0.0,0.0,0.0,0.0,0.0,0.0
38526824717,0,0.0009349694009870291,-0.029984422028064728,-0.8473182320594788,6.569455581484362e-05,-0.04113857448101044,-0.8442511558532715,0.04193997383117676,-0.0955987200140953,-0.012574523687362671,-0.0017385584069415927,-0.022308416664600372,0.0030670762062072754,-0.01098718587309122,0.00166785076726228,0.2216838151216507,0.0,0.0,0.5591269135475159,0.23472173511981964,-0.12448775768280029,0.31486257910728455,0.08046148717403412,-0.014946342445909977,0.4030664563179016,-0.397667795419693,0.0777883306145668,-45.891502380371094,-0.20627394318580627,0.4586285948753357,-0.008723258972167969,-0.13215476274490356,0.048257239162921906,-0.33387327194213867,0.20476789772510529,12.09130573272705,10.226762771606445,11.294882774353027,12.287970542907715,-0.021464843302965164,-0.026064453646540642,0.012265625409781933,-0.013798828236758709,0.0,-0.021235112100839615,-0.030488036572933197,-0.0027049477212131023,0.0019899664912372828,0.0,-0.2600114345550537,0.24447813630104065,-9.870990753173828,-0.07230323553085327,0.014143332839012146,-8.34390926361084,0.0,0.0,0.0,0.0,0.0,0.0,0.0,0.0,0.0,0.0,0.0,0.0,-0.018671724945306778,-0.03192443773150444,-0.004797315690666437,0.003273296868428588,0.2824614942073822,0.24574287235736847,0.26686444878578186,0.28629329800605774,0.3756465017795563,-1.5213894844055176,0.2263026386499405,0.0,0.0,0.0,0.0,0.0,0.0,0.0
38537002497,0,0.0009349694009870291,-0.029984422028064728,-0.8473182320594788,6.569455581484362e-05,-0.04113857448101044,-0.8442511558532715,0.04193997383117676,-0.0955987200140953,-0.012574523687362671,-0.0017385584069415927,-0.022308416664600372,0.0030670762062072754,-0.01098718587309122,0.00166785076726228,0.2216838151216507,0.0,0.0,0.5591269135475159,0.23923005163669586,-0.13656176626682281,0.32647907733917236,0.08046148717403412,-0.014946342445909977,0.4030664563179016,-0.397667795419693,0.0777883306145668,-45.891502380371094,-0.20627394318580627,0.4586285948753357,-0.008723258972167969,-0.13215476274490356,0.048257239162921906,-0.33387327194213867,0.20476789772510529,12.09130573272705,10.226762771606445,11.294882774353027,12.287970542907715,-0.019931640475988388,-0.027597656473517418,0.010732421651482582,-0.013798828236758709,0.0,-0.021235112100839615,-0.030488036572933197,-0.0027049477212131023,0.0019899664912372828,0.0,-0.1598266363143921,0.1484670490026474,-9.367986679077148,-0.07230323553085327,0.014143332839012146,-8.34390926361084,0.0,0.0,0.0,0.0,0.0,0.0,0.0,0.0,0.0,0.0,0.0,0.0,-0.01875237748026848,-0.03183555230498314,-0.004932046867907047,0.0032266455236822367,0.2824614942073822,0.24574287235736847,0.26686444878578186,0.28629329800605774,0.32982099056243896,-0.8152793049812317,0.5176562070846558,0.0,0.0,0.0,0.0,0.0,0.0,0.0
38546910143,0,0.001121110050007701,-0.030940331518650055,-0.84736567735672,6.569455581484362e-05,-0.04113857448101044,-0.8442511558532715,0.035747021436691284,-0.09529338777065277,-0.004563355352729559,-0.002110841451212764,-0.020396588370203972,0.0031145215034484863,-0.0048154192045331,-0.0016038980102166533,0.23047709465026855,0.0,0.0,0.6042397022247314,0.23923005163669586,-0.13656176626682281,0.32647907733917236,0.03910310938954353,0.009954378008842468,0.43310385942459106,-0.346126914024353,0.07866198569536209,-45.98064422607422,-0.24664102494716644,0.4899318814277649,0.006034821271896362,-0.13242846727371216,0.049157172441482544,-0.3363956809043884,0.20241105556488037,11.733820915222168,10.505921363830566,10.960036277770996,12.790809631347656,-0.018398437649011612,-0.029130859300494194,0.009199218824505806,-0.012265625409781933,0.0,-0.020327866077423096,-0.028000207617878914,-0.004505554214119911,0.0004879780753981322,0.0,0.09603235125541687,0.043182890862226486,-9.896973609924316,-0.05878940224647522,0.015565648674964905,-8.408524513244629,0.0,0.0,0.0,0.0,0.0,0.0,0.0,0.0,0.0,0.0,0.0,0.0,-0.01920832321047783,-0.031428419053554535,-0.004670414142310619,0.002906211419031024,0.2824614942073822,0.24574287235736847,0.26686444878578186,0.28629329800605774,0.32982099056243896,-0.8152793049812317,0.5176562070846558,0.0,0.0,0.0,0.0,0.0,0.0,0.0
38559054364,0,0.0011938391253352165,-0.031208351254463196,-0.8473523259162903,6.569455581484362e-05,-0.04113857448101044,-0.8442511558532715,0.034522008150815964,-0.09648996591567993,0.0004355145792942494,-0.0022563005331903696,-0.01986054517328739,0.003101170063018799,-0.0025921184569597244,-0.0027922724839299917,0.2337108999490738,0.0,0.0,0.6042397022247314,0.2370149940252304,-0.1309209018945694,0.33560338616371155,0.022194303572177887,0.020611945539712906,0.44423139095306396,-0.3233417272567749,0.08561106771230698,-46.246883392333984,-0.25948330760002136,0.4880935549736023,0.006458386778831482,-0.1325400322675705,0.04981003701686859,-0.3376888334751129,0.20147167146205902,11.766395568847656,10.566899299621582,11.038718223571777,12.884564399719238,-0.019931640475988388,-0.03066406212747097,0.0076660155318677425,-0.010732421651482582,0.0,-0.019388262182474136,-0.02732001058757305,-0.005436779465526342,4.0465962229063734e-05,0.0,0.09603235125541687,0.043182890862226486,-9.896973609924316,-0.055384665727615356,0.01870015263557434,-8.44528579711914,0.0,0.0,0.0,0.0,0.0,0.0,0.0,0.0,0.0,0.0,0.0,0.0,-0.019637655466794968,-0.030678976327180862,-0.004471213091164827,0.0023510330356657505,0.2824614942073822,0.24574287235736847,0.26686444878578186,0.28629329800605774,0.04241735115647316,-0.15199114382266998,0.7426140308380127,0.0,0.0,0.0,0.0,0.0,0.0,0.0
38566720080,0,0.0011938391253352165,-0.031208351254463196,-0.8473523259162903,6.569455581484362e-05,-0.04113857448101044,-0.8442511558532715,0.034522008150815964,-0.09648996591567993,0.0004355145792942494,-0.0022563005331903696,-0.01986054517328739,0.003101170063018799,-0.0025921184569597244,-0.0027922724839299917,0.2337108999490738,0.0,0.0,0.6042397022247314,0.20232927799224854,-0.11220669001340866,0.3578603267669678,0.022194303572177887,0.020611945539712906,0.44423139095306396,-0.28699368238449097,0.12081346660852432,-46.60836410522461,-0.24707752466201782,0.4853473901748657,0.003279179334640503,-0.13278374075889587,0.04981003701686859,-0.3376888334751129,0.20147167146205902,11.948891639709473,10.602411270141602,11.194354057312012,12.870991706848145,-0.021464843302965164,-0.03066406212747097,0.0076660155318677425,-0.010732421651482582,0.0,-0.016996843740344048,-0.02721525728702545,-0.0076446933671832085,-1.1540217201400083e-05,0.0,-0.23839442431926727,-0.17155621945858002,-9.853574752807617,-0.055384665727615356,0.01870015263557434,-8.44528579711914,0.0,0.0,0.0,0.0,0.0,0.0,0.0,0.0,0.0,0.0,0.0,0.0,-0.019735809415578842,-0.029717115685343742,-0.004610312636941671,0.0016698724357411265,0.27611392736434937,0.252494752407074,0.2618204355239868,0.29787084460258484,-1.3895597457885742,0.6970529556274414,0.9401794672012329,0.0,0.0,0.0,0.0,0.0,0.0,0.0
38576923059,0,0.0014256619615480304,-0.03177319094538689,-0.8472775816917419,6.569455581484362e-05,-0.04113857448101044,-0.8442511558532715,0.03334498032927513,-0.09701167047023773,0.005010080523788929,-0.00271994830109179,-0.018730860203504562,0.003026425838470459,0.0012092121178284287,-0.0049425107426941395,0.24030807614326477,0.0,0.0,0.6293023824691772,0.20232927799224854,-0.11220669001340866,0.3578603267669678,-0.0072754924185574055,0.0394979827105999,0.4641798734664917,-0.28699368238449097,0.12081346660852432,-46.60836410522461,-0.24707752466201782,0.4853473901748657,0.003279179334640503,-0.13278374075889587,0.051368363201618195,-0.3406132459640503,0.1998424381017685,11.948891639709473,10.602411270141602,11.194354057312012,12.870991706848145,-0.021464843302965164,-0.03066406212747097,0.0076660155318677425,-0.010732421651482582,0.0,-0.016996843740344048,-0.02721525728702545,-0.0076446933671832085,-1.1540217201400083e-05,0.0,-0.23839442431926727,-0.17155621945858002,-9.853574752807617,-0.05218067020177841,0.021966084837913513,-8.474247932434082,0.0,0.0,0.0,0.0,0.0,0.0,0.0,0.0,0.0,0.0,0.0,0.0,-0.019388990476727486,-0.02878723107278347,-0.0051367939449846745,0.0010270021157339215,0.2796818017959595,0.2531980574131012,0.2648867070674896,0.29760828614234924,-1.3895597457885742,0.6970529556274414,0.9401794672012329,0.0,0.0,0.0,0.0,0.0,0.0,0.0
38586816244,0,0.0014256619615480304,-0.03177319094538689,-0.8472775816917419,6.569455581484362e-05,-0.04113857448101044,-0.8442511558532715,0.03334498032927513,-0.09701167047023773,0.005010080523788929,-0.00271994830109179,-0.018730860203504562,0.003026425838470459,0.0012092121178284287,-0.0049425107426941395,0.24030807614326477,0.0,0.0,0.6293023824691772,0.17821499705314636,-0.10850159823894501,0.3625810444355011,-0.0072754924185574055,0.0394979827105999,0.4641798734664917,-0.29644137620925903,0.0819966271519661,-46.55430603027344,-0.22967107594013214,0.4945278763771057,1.77919864654541e-05,-0.13290314376354218,0.05193944275379181,-0.34202465415000916,0.1992233395576477,12.057438850402832,10.520347595214844,11.221346855163574,12.763108253479004,-0.019931640475988388,-0.032197266817092896,0.0076660155318677425,-0.009199218824505806,0.0,-0.018270038068294525,-0.02645258978009224,-0.006117155309766531,-0.0008353686425834894,0.0,-0.0844791829586029,-0.329535573720932,-9.827141761779785,-0.05218067020177841,0.021966084837913513,-8.474247932434082,0.0,0.0,0.0,0.0,0.0,0.0,0.0,0.0,0.0,0.0,0.0,0.0,-0.01883574016392231,-0.028004644438624382,-0.005788031034171581,0.0004811866383533925,0.2818008363246918,0.2515721917152405,0.26541805267333984,0.2955194413661957,-1.8798854351043701,0.5446860194206238,0.6900961399078369,0.0,0.0,0.0,0.0,0.0,0.0,0.0
38598103745,0,0.0015317873330786824,-0.03215010464191437,-0.8472369313240051,6.569455581484362e-05,-0.04113857448101044,-0.8442511558532715,0.03335241600871086,-0.09247661381959915,0.004148700274527073,-0.0029322002083063126,-0.017977029085159302,0.0029857754707336426,0.0024834726937115192,-0.00579838315024972,0.2435052990913391,0.0,0.0,0.6293023824691772,0.1619398444890976,-0.11222005635499954,0.3678151071071625,-0.01831548660993576,0.04944847896695137,0.4602329730987549,-0.29644137620925903,0.0819966271519661,-46.55430603027344,-0.22967107594013214,0.4945278763771057,1.77919864654541e-05,-0.13290314376354218,0.05193944275379181,-0.34202465415000916,0.1992233395576477,11.877203941345215,10.68664264678955,10.96609878540039,12.9889497756958,-0.018398437649011612,-0.03373046964406967,0.0076660155318677425,-0.009199218824505806,0.0,-0.018547317013144493,-0.02604086324572563,-0.006259540095925331,-0.0008208396611735225,0.0,-0.15668970346450806,0.01539738941937685,-9.805462837219238,-0.05389843136072159,0.014908477663993835,-8.4644193649292,0.0,0.0,0.0,0.0,0.0,0.0,0.0,0.0,0.0,0.0,0.0,0.0,-0.01841331459581852,-0.027349554002285004,-0.006246086210012436,8.48260970087722e-06,0.2818008363246918,0.2515721917152405,0.26541805267333984,0.2955194413661957,-1.7581607103347778,0.14900480210781097,0.5868738293647766,0.0,0.0,0.0,0.0,0.0,0.0,0.0
38607053146,0,0.0017673673573881388,-0.03286627307534218,-0.8471528887748718,6.569455581484362e-05,-0.04113857448101044,-0.8442511558532715,0.035265855491161346,-0.08364499360322952,0.004685145802795887,-0.003403362585231662,-0.016544684767723083,0.002901732921600342,0.004695905838161707,-0.00770295225083828,0.2502461373806,0.0,0.0,0.6443399786949158,0.15664806962013245,-0.10961508750915527,0.3770819902420044,-0.04314277321100235,0.07093889266252518,0.47008371353149414,-0.3362700939178467,0.011594779789447784,-46.557334899902344,-0.23938900232315063,0.5229380130767822,-0.0030530840158462524,-0.1331082582473755,0.05193944275379181,-0.34202465415000916,0.1992233395576477,12.165593147277832,10.38499927520752,11.268855094909668,12.746628761291504,-0.018398437649011612,-0.03373046964406967,0.004599609412252903,-0.010732421651482582,0.0,-0.02133004181087017,-0.02577769197523594,-0.0026526963338255882,-0.0017019466031342745,0.0,0.16054277122020721,0.286769837141037,-9.861337661743164,-0.061140019446611404,0.002108141779899597,-8.464969635009766,0.0,0.0,0.0,0.0,0.0,0.0,0.0,0.0,0.0,0.0,0.0,0.0,-0.018345868214964867,-0.0267927348613739,-0.006300887558609247,-0.00041834881994873285,0.2818008363246918,0.2515721917152405,0.26541805267333984,0.2955194413661957,-1.317738652229309,0.2545527517795563,0.7652851939201355,0.0,0.0,0.0,0.0,0.0,0.0,0.0
38617901565,0,0.0017673673573881388,-0.03286627307534218,-0.8471528887748718,6.569455581484362e-05,-0.04113857448101044,-0.8442511558532715,0.035265855491161346,-0.08364499360322952,0.004685145802795887,-0.004461783915758133,-0.014785080216825008,0.0027347803115844727,0.004695905838161707,-0.00770295225083828,0.2502461373806,0.0,0.0,0.6744151711463928,0.13419415056705475,-0.08539846539497375,0.3885602056980133,-0.04314277321100235,0.07093889266252518,0.47008371353149414,-0.3362700939178467,0.011594779789447784,-46.557334899902344,-0.23938900232315063,0.5229380130767822,-0.0030530840158462524,-0.1331082582473755,0.0527755543589592,-0.3449295461177826,0.19825978577136993,12.165593147277832,10.38499927520752,11.268855094909668,12.746628761291504,-0.019931640475988388,-0.03373046964406967,0.004599609412252903,-0.010732421651482582,0.0,-0.02133004181087017,-0.02577769197523594,-0.0026526963338255882,-0.0017019466031342745,0.0,-0.2701639235019684,-0.2446308583021164,-10.069570541381836,-0.06780560314655304,0.006604060530662537,-8.433218002319336,0.0,0.0,0.0,0.0,0.0,0.0,0.0,0.0,0.0,0.0,0.0,0.0,-0.01873498596251011,-0.02634372189640999,-0.005821038503199816,-0.0008244814234785736,0.2839096784591675,0.24888688325881958,0.2663526237010956,0.2952001988887787,-1.376172423362732,1.03529691696167,0.4844347834587097,0.0,0.0,0.0,0.0,0.0,0.0,0.0
38626893177,0,0.0022965753450989723,-0.03374607115983963,-0.846985936164856,6.569455581484362e-05,-0.04113857448101044,-0.8442511558532715,0.03871806710958481,-0.08264202624559402,0.0007588489097543061,-0.004461783915758133,-0.014785080216825008,0.0027347803115844727,0.008788269944489002,-0.009973784908652306,0.2613412141799927,0.0,0.0,0.6744151711463928,0.11130069196224213,-0.07286909222602844,0.3899434506893158,-0.0630832090973854,0.08478638529777527,0.49506187438964844,-0.39305996894836426,0.003487981855869293,-46.48688507080078,-0.23294267058372498,0.5055961012840271,0.012832075357437134,-0.133317232131958,0.05384897440671921,-0.3480967879295349,0.1976635456085205,11.733899116516113,10.801417350769043,10.870569229125977,13.089765548706055,-0.019931640475988388,-0.032197266817092896,0.006132812704890966,-0.009199218824505806,0.0,-0.024090193212032318,-0.026398759335279465,-0.0006600909982807934,-0.00035975687205791473,0.0,-0.30162712931632996,-0.23310908675193787,-10.083449363708496,-0.06780560314655304,0.006604060530662537,-8.433218002319336,0.0,0.0,0.0,0.0,0.0,0.0,0.0,0.0,0.0,0.0,0.0,0.0,-0.019532550126314163,-0.02604709565639496,-0.0049084750935435295,-0.001124221016652882,0.27547791600227356,0.257135808467865,0.25850221514701843,0.3018370270729065,-1.9229886531829834,1.1700586080551147,0.3277129530906677,0.0,0.0,0.0,0.0,0.0,0.0,0.0
38636857923,0,0.002549948636442423,-0.034013062715530396,-0.8469276428222656,6.569455581484362e-05,-0.04113857448101044,-0.8442511558532715,0.03737036883831024,-0.0821046307682991,-0.0026304072234779596,-0.0049685328267514706,-0.014251095242798328,0.0026764869689941406,0.009390043094754219,-0.010619374923408031,0.26533329486846924,0.0,0.0,0.691959023475647,0.11130069196224213,-0.07286909222602844,0.3899434506893158,-0.067499078810215,0.09024214744567871,0.49027884006500244,-0.3729308247566223,0.03632233291864395,-46.38269805908203,-0.21374598145484924,0.5007121562957764,0.007963687181472778,-0.1333986073732376,0.05417608469724655,-0.3493014872074127,0.19740933179855347,11.851213455200195,10.691160202026367,10.944276809692383,12.90499210357666,-0.019931640475988388,-0.032197266817092896,0.0076660155318677425,-0.009199218824505806,0.0,-0.0222786795347929,-0.02709965407848358,-0.002374705858528614,-2.368364584981464e-05,0.0,-0.30162712931632996,-0.23310908675193787,-10.083449363708496,-0.06552226841449738,0.006493493914604187,-8.40833854675293,0.0,0.0,0.0,0.0,0.0,0.0,0.0,0.0,0.0,0.0,0.0,0.0,-0.020554911345243454,-0.02596978098154068,-0.0038467436097562313,-0.0011769860284402966,0.27547791600227356,0.257135808467865,0.25850221514701843,0.3018370270729065,-1.9229886531829834,1.1700586080551147,0.3277129530906677,0.0,0.0,0.0,0.0,0.0,0.0,0.0
38646692990,0,0.002549948636442423,-0.034013062715530396,-0.8469276428222656,6.569455581484362e-05,-0.04113857448101044,-0.8442511558532715,0.03737036883831024,-0.0821046307682991,-0.0026304072234779596,-0.0049685328267514706,-0.014251095242798328,0.0026764869689941406,0.009390043094754219,-0.010619374923408031,0.26533329486846924,0.0,0.0,0.691959023475647,0.11130069196224213,-0.07286909222602844,0.3899434506893158,-0.067499078810215,0.09024214744567871,0.49027884006500244,-0.3729308247566223,0.03632233291864395,-46.38269805908203,-0.21374598145484924,0.5007121562957764,0.007963687181472778,-0.1333986073732376,0.05417608469724655,-0.3493014872074127,0.19740933179855347,11.851213455200195,10.691160202026367,10.944276809692383,12.90499210357666,-0.016865234822034836,-0.032197266817092896,0.0076660155318677425,-0.010732421651482582,0.0,-0.0222786795347929,-0.02709965407848358,-0.002374705858528614,-2.368364584981464e-05,0.0,0.01796264946460724,0.3638438284397125,-9.932637214660645,-0.06552226841449738,0.006493493914604187,-8.40833854675293,0.0,0.0,0.0,0.0,0.0,0.0,0.0,0.0,0.0,0.0,0.0,0.0,-0.021459370851516724,-0.026107914745807648,-0.00297384150326252,-0.001005624420940876,0.2777729034423828,0.2549552321434021,0.259957492351532,0.29826605319976807,-1.9229886531829834,1.1700586080551147,0.3277129530906677,0.0,0.0,0.0,0.0,0.0,0.0,0.0
38656806425,0,0.002549948636442423,-0.034013062715530396,-0.8469276428222656,6.569455581484362e-05,-0.04113857448101044,-0.8442511558532715,0.03737036883831024,-0.0821046307682991,-0.0026304072234779596,-0.0049685328267514706,-0.014251095242798328,0.0026764869689941406,0.009390043094754219,-0.010619374923408031,0.26533329486846924,0.0,0.0,0.691959023475647,0.04946078360080719,-0.05699054151773453,0.39847859740257263,-0.067499078810215,0.09024214744567871,0.49027884006500244,-0.3012421727180481,0.03795146197080612,-46.329681396484375,-0.14595815539360046,0.5015761852264404,0.00939127802848816,-0.13354723155498505,0.05403061956167221,-0.3519751727581024,0.1967736780643463,11.907539367675781,10.817176818847656,10.790223121643066,12.82413101196289,-0.016865234822034836,-0.03373046964406967,0.006132812704890966,-0.010732421651482582,0.0,-0.020009443163871765,-0.02450820989906788,-0.004825934302061796,-0.0019679295364767313,0.0,0.01796264946460724,0.3638438284397125,-9.932637214660645,-0.06552226841449738,0.006493493914604187,-8.40833854675293,0.0,0.0,0.0,0.0,0.0,0.0,0.0,0.0,0.0,0.0,0.0,0.0,-0.021950695663690567,-0.0262393020093441,-0.0025470603723078966,-0.0008298434549942613,0.27887386083602905,0.2574472427368164,0.25691455602645874,0.29670125246047974,-2.6034231185913086,0.8397154808044434,0.4158969521522522,0.0,0.0,0.0,0.0,0.0,0.0,0.0
38667837747,0,0.0030690098647028208,-0.03451889008283615,-0.8468136787414551,6.569455581484362e-05,-0.04113857448101044,-0.8442511558532715,0.03165647014975548,-0.0823822095990181,-0.0012140200706198812,-0.006006660871207714,-0.01323943492025137,0.0025625228881835938,0.009736638516187668,-0.011612429283559322,0.2725660800933838,0.0,0.0,0.691959023475647,0.028282267972826958,-0.03967471793293953,0.41050222516059875,-0.06850098818540573,0.1010076254606247,0.5008475184440613,-0.34727543592453003,0.011916868388652802,-46.460411071777344,-0.14306530356407166,0.49237316846847534,0.026863954961299896,-0.13363885879516602,0.05403061956167221,-0.3519751727581024,0.1967736780643463,11.494380950927734,11.304198265075684,10.395194053649902,13.275609970092773,-0.016865234822034836,-0.03373046964406967,0.006132812704890966,-0.010732421651482582,0.0,-0.02295468933880329,-0.024086592718958855,-0.002567772287875414,-0.0013759077992290258,0.0,-0.10112913697957993,0.3547975420951843,-9.85512638092041,-0.0547713041305542,0.00690026581287384,-8.423578262329102,0.0,0.0,0.0,0.0,0.0,0.0,0.0,0.0,0.0,0.0,0.0,0.0,-0.02207467518746853,-0.02608458697795868,-0.002540425630286336,-0.000836397462990135,0.27887386083602905,0.2574472427368164,0.25691455602645874,0.29670125246047974,-1.351029872894287,0.873686671257019,0.4889325201511383,0.0,0.0,0.0,0.0,0.0,0.0,0.0
38677235485,0,0.003628917271271348,-0.034980397671461105,-0.8467044830322266,6.569455581484362e-05,-0.04113857448101044,-0.8442511558532715,0.03433917090296745,-0.07773635536432266,0.0019279886037111282,-0.007126481272280216,-0.012316415086388588,0.002453327178955078,0.009679621085524559,-0.012179454788565636,0.2797800600528717,0.0,0.0,0.7295529842376709,0.028282267972826958,-0.03967471793293953,0.41050222516059875,-0.07513327151536942,0.10708741098642349,0.5365300178527832,-0.34727543592453003,0.011916868388652802,-46.460411071777344,-0.14306530356407166,0.49237316846847534,0.026863954961299896,-0.13363885879516602,0.05316006764769554,-0.35434791445732117,0.19640642404556274,11.494380950927734,11.304198265075684,10.395194053649902,13.275609970092773,-0.016865234822034836,-0.03373046964406967,0.004599609412252903,-0.010732421651482582,0.0,-0.02295468933880329,-0.024086592718958855,-0.002567772287875414,-0.0013759077992290258,0.0,-0.10112913697957993,0.3547975420951843,-9.85512638092041,-0.06314098834991455,0.0021667033433914185,-8.447347640991211,0.0,0.0,0.0,0.0,0.0,0.0,0.0,0.0,0.0,0.0,0.0,0.0,-0.022162167355418205,-0.025659259408712387,-0.0026463817339390516,-0.0009664862300269306,0.27078333497047424,0.2670477330684662,0.24908947944641113,0.30542200803756714,-1.351029872894287,0.873686671257019,0.4889325201511383,0.0,0.0,0.0,0.0,0.0,0.0,0.0
38690345776,0,0.003929348196834326,-0.035675350576639175,-0.8465466499328613,6.569455581484362e-05,-0.04113857448101044,-0.8442511558532715,0.03760155290365219,-0.07524728029966354,0.007810376118868589,-0.007727345917373896,-0.010926502756774426,0.0022954940795898438,0.00995037704706192,-0.012471813708543777,0.2873390316963196,0.0,0.0,0.7420843243598938,0.01947617717087269,-0.02453574165701866,0.41496193408966064,-0.0697697326540947,0.10592520982027054,0.5448510050773621,-0.3870859146118164,0.03944241255521774,-46.625244140625,-0.13526247441768646,0.47494369745254517,0.03198012709617615,-0.13366009294986725,0.052675843238830566,-0.3554930090904236,0.19622589647769928,11.391119956970215,11.5133056640625,10.324434280395508,13.405058860778809,-0.019931640475988388,-0.032197266817092896,0.004599609412252903,-0.010732421651482582,0.0,-0.023546239361166954,-0.025719448924064636,-0.0021669170819222927,0.00041161919943988323,0.0,-0.10112913697957993,0.3547975420951843,-9.85512638092041,-0.07024411112070084,0.0025902539491653442,-8.490732192993164,0.0,0.0,0.0,0.0,0.0,0.0,0.0,0.0,0.0,0.0,0.0,0.0,-0.022378727793693542,-0.02523520402610302,-0.002665494568645954,-0.001023553078994155,0.27078333497047424,0.2670477330684662,0.24908947944641113,0.30542200803756714,-1.0785449743270874,1.1185994148254395,0.45045602321624756,0.0,0.0,0.0,0.0,0.0,0.0,0.0
38697336830,0,0.003929348196834326,-0.035675350576639175,-0.8465466499328613,6.569455581484362e-05,-0.04113857448101044,-0.8442511558532715,0.03760155290365219,-0.07524728029966354,0.007810376118868589,-0.007727345917373896,-0.010926502756774426,0.0022954940795898438,0.00995037704706192,-0.012471813708543777,0.2873390316963196,0.0,0.0,0.7420843243598938,-0.014088163152337074,-0.00854590442031622,0.4259967505931854,-0.0697697326540947,0.10592520982027054,0.5448510050773621,-0.37646448612213135,-0.01039944589138031,-46.77106857299805,-0.08927471935749054,0.4674217700958252,0.01478327065706253,-0.13364757597446442,0.052675843238830566,-0.3554930090904236,0.19622589647769928,11.916849136352539,11.202327728271484,10.731422424316406,12.929490089416504,-0.019931640475988388,-0.032197266817092896,0.004599609412252903,-0.012265625409781933,0.0,-0.02367006056010723,-0.02452348917722702,-0.0007913255831226707,-0.0012255375040695071,0.0,0.10673323273658752,0.4920966327190399,-9.495148658752441,-0.07024411112070084,0.0025902539491653442,-8.490732192993164,0.0,0.0,0.0,0.0,0.0,0.0,0.0,0.0,0.0,0.0,0.0,0.0,-0.022679094225168228,-0.024985505267977715,-0.0025379268918186426,-0.0009447776828892529,0.26875603199005127,0.2711547315120697,0.24768418073654175,0.3079151511192322,-1.4861794710159302,0.7351334691047668,0.5069987773895264,0.0,0.0,0.0,0.0,0.0,0.0,0.0
38708735334,0,0.004122548270970583,-0.03650207072496414,-0.8463448286056519,6.569455581484362e-05,-0.04113857448101044,-0.8442511558532715,0.036269668489694595,-0.06524916738271713,0.014432222582399845,-0.008113748393952847,-0.009273054078221321,0.002093672752380371,0.009588663466274738,-0.01289454847574234,0.2951153516769409,0.0,0.0,0.7621344327926636,-0.014088163152337074,-0.00854590442031622,0.4259967505931854,-0.06677014380693436,0.1089070588350296,0.5355575084686279,-0.37646448612213135,-0.01039944589138031,-46.77106857299805,-0.08927471935749054,0.4674217700958252,0.01478327065706253,-0.13364757597446442,0.05145452916622162,-0.3573201298713684,0.19596488773822784,11.916849136352539,11.202327728271484,10.731422424316406,12.929490089416504,-0.016865234822034836,-0.032197266817092896,0.004599609412252903,-0.012265625409781933,0.0,-0.02367006056010723,-0.02452348917722702,-0.0007913255831226707,-0.0012255375040695071,0.0,0.10673323273658752,0.4920966327190399,-9.495148658752441,-0.07235419750213623,-0.013540312647819519,-8.537476539611816,0.0,0.0,0.0,0.0,0.0,0.0,0.0,0.0,0.0,0.0,0.0,0.0,-0.023003965616226196,-0.02483261562883854,-0.002216350520029664,-0.000882317777723074,0.27905580401420593,0.2650435268878937,0.2557518482208252,0.29873988032341003,-1.4861794710159302,0.7351334691047668,0.5069987773895264,0.0,0.0,0.0,0.0,0.0,0.0,0.0
38717323241,0,0.004195956978946924,-0.03734205663204193,-0.846116840839386,6.569455581484362e-05,-0.04113857448101044,-0.8442511558532715,0.03841416910290718,-0.055426038801670074,0.01810423657298088,-0.008260565809905529,-0.007593073882162571,0.001865684986114502,0.008365481160581112,-0.013106591068208218,0.3029121458530426,0.0,0.0,0.7671470046043396,-0.041541483253240585,-0.012170485220849514,0.4334884583950043,-0.06677014380693436,0.1089070588350296,0.5355575084686279,-0.39996570348739624,-0.12394760549068451,-46.998779296875,-0.08927471935749054,0.4674217700958252,0.01478327065706253,-0.13364757597446442,0.05145452916622162,-0.3573201298713684,0.19596488773822784,11.897647857666016,11.452298164367676,10.554566383361816,13.103381156921387,-0.016865234822034836,-0.03373046964406967,0.004599609412252903,-0.012265625409781933,0.0,-0.02778220921754837,-0.02120748534798622,0.003786257700994611,-0.003638914320617914,0.0,0.10673323273658752,0.4920966327190399,-9.495148658752441,-0.08070649206638336,-0.027237512171268463,-8.559016227722168,0.0,0.0,0.0,0.0,0.0,0.0,0.0,0.0,0.0,0.0,0.0,0.0,-0.02347635291516781,-0.024547407403588295,-0.0015840672422200441,-0.0010262660216540098,0.27905580401420593,0.2650435268878937,0.2557518482208252,0.29873988032341003,-1.353685975074768,0.0791911855340004,0.436865895986557,0.0,0.0,0.0,0.0,0.0,0.0,0.0
38727150585,0,0.004195956978946924,-0.03734205663204193,-0.846116840839386,6.569455581484362e-05,-0.04113857448101044,-0.8442511558532715,0.03841416910290718,-0.055426038801670074,0.01810423657298088,-0.008260565809905529,-0.007593073882162571,0.001865684986114502,0.008365481160581112,-0.013106591068208218,0.3029121458530426,0.0,0.0,0.7671470046043396,-0.041541483253240585,-0.012170485220849514,0.4334884583950043,-0.0566655732691288,0.10985710471868515,0.5502101182937622,-0.39996570348739624,-0.12394760549068451,-46.998779296875,-0.05132486671209335,0.48038411140441895,0.020992383360862732,-0.13359026610851288,0.049737635999917984,-0.35914844274520874,0.1957704722881317,11.897647857666016,11.452298164367676,10.554566383361816,13.103381156921387,-0.016865234822034836,-0.03373046964406967,0.003066406352445483,-0.010732421651482582,0.0,-0.027776973322033882,-0.021202044561505318,0.0037921592593193054,-0.0036341603845357895,0.0,0.28351300954818726,0.3582972288131714,-9.61172103881836,-0.08070649206638336,-0.027237512171268463,-8.559016227722168,0.0,0.0,0.0,0.0,0.0,0.0,0.0,0.0,0.0,0.0,0.0,0.0,-0.02431328222155571,-0.023943552747368813,-0.0004930313443765044,-0.0014676135033369064,0.27868059277534485,0.26995739340782166,0.25225016474723816,0.3020998239517212,-1.353685975074768,0.0791911855340004,0.436865895986557,0.0,0.0,0.0,0.0,0.0,0.0,0.0
38737082322,0,0.004261394962668419,-0.03774883970618248,-0.8459802865982056,6.569455581484362e-05,-0.04113857448101044,-0.8442511558532715,0.040387481451034546,-0.05233064666390419,0.018495703116059303,-0.008391442708671093,-0.006779503542929888,0.001729130744934082,0.007658102549612522,-0.013142249546945095,0.3070601522922516,0.0,0.0,0.7671470046043396,-0.04684828966856003,-0.011772895231842995,0.44403499364852905,-0.0566655732691288,0.10985710471868515,0.5502101182937622,-0.4438857138156891,-0.14980632066726685,-47.074588775634766,-0.04376161843538284,0.4808955788612366,0.011538475751876831,-0.13353736698627472,0.049737635999917984,-0.35914844274520874,0.1957704722881317,12.165079116821289,11.24603271484375,10.797818183898926,12.874979972839355,-0.018398437649011612,-0.03373046964406967,0.0015332031762227416,-0.012265625409781933,0.0,-0.029190242290496826,-0.022153811529278755,0.005996849853545427,-0.003198187332600355,0.0,0.28351300954818726,0.3582972288131714,-9.61172103881836,-0.08564673364162445,-0.029997974634170532,-8.55902099609375,0.0,0.0,0.0,0.0,0.0,0.0,0.0,0.0,0.0,0.0,0.0,0.0,-0.02542947791516781,-0.023184843361377716,0.0009357217350043356,-0.0020645675249397755,0.27868059277534485,0.26995739340782166,0.25225016474723816,0.3020998239517212,-0.9031432271003723,0.08587860316038132,0.6654619574546814,0.0,0.0,0.0,0.0,0.0,0.0,0.0
38753286892,0,0.004261394962668419,-0.03774883970618248,-0.8459802865982056,6.569455581484362e-05,-0.04113857448101044,-0.8442511558532715,0.040387481451034546,-0.05233064666390419,0.018495703116059303,-0.008391442708671093,-0.006779503542929888,0.001729130744934082,0.007658102549612522,-0.013142249546945095,0.3070601522922516,0.0,0.0,0.7671470046043396,-0.056705404072999954,-0.0037327695172280073,0.4565097391605377,-0.05102095380425453,0.10963242501020432,0.5512492656707764,-0.4438857138156891,-0.14980632066726685,-47.074588775634766,-0.04376161843538284,0.4808955788612366,0.011538475751876831,-0.13353736698627472,0.04862038791179657,-0.36034905910491943,0.1957549750804901,12.165079116821289,11.24603271484375,10.797818183898926,12.874979972839355,-0.019931640475988388,-0.032197266817092896,0.0015332031762227416,-0.010732421651482582,0.0,-0.029190242290496826,-0.022153811529278755,0.005996849853545427,-0.003198187332600355,0.0,-0.12612184882164001,0.3290623128414154,-9.293685913085938,-0.08564673364162445,-0.029997974634170532,-8.55902099609375,0.0,0.0,0.0,0.0,0.0,0.0,0.0,0.0,0.0,0.0,0.0,0.0,-0.026607206091284752,-0.022577539086341858,0.0024706092663109303,-0.002587452530860901,0.2838999032974243,0.26590368151664734,0.25706472992897034,0.2976853549480438,-0.7882718443870544,0.36428800225257874,0.7293607592582703,0.0,0.0,0.0,0.0,0.0,0.0,0.0
38756925964,0,0.004372496623545885,-0.03853112459182739,-0.8456484079360962,6.569455581484362e-05,-0.04113857448101044,-0.8442511558532715,0.042077962309122086,-0.053447216749191284,0.013867606408894062,-0.0086136469617486,-0.005214925855398178,0.001397252082824707,0.00622732937335968,-0.013168907724320889,0.31546348333358765,0.0,0.0,0.789703369140625,-0.06503751128911972,5.724484799429774e-05,0.45310959219932556,-0.03985833376646042,0.10873143374919891,0.54121994972229,-0.46725279092788696,-0.14055012166500092,-46.974525451660156,-0.029170013964176178,0.4703487455844879,-0.00452876091003418,-0.133454367518425,0.046985603868961334,-0.3620712459087372,0.19590455293655396,12.54689884185791,10.858705520629883,11.168702125549316,12.409222602844238,-0.019931640475988388,-0.032197266817092896,0.003066406352445483,-0.010732421651482582,0.0,-0.02869228832423687,-0.023998340591788292,0.006252485327422619,-0.002381473546847701,0.0,0.11330491304397583,0.15489846467971802,-9.18640422821045,-0.08658678829669952,-0.022956572473049164,-8.521014213562012,0.0,0.0,0.0,0.0,0.0,0.0,0.0,0.0,0.0,0.0,0.0,0.0,-0.027640096843242645,-0.022285761311650276,0.0038879658095538616,-0.0029196343384683132,0.2913266718387604,0.258267879486084,0.2643815279006958,0.2886520326137543,-0.9474268555641174,0.4525318145751953,0.3539138734340668,0.0,0.0,0.0,0.0,0.0,0.0,0.0
38767169872,0,0.004372496623545885,-0.03853112459182739,-0.8456484079360962,6.569455581484362e-05,-0.04113857448101044,-0.8442511558532715,0.042077962309122086,-0.053447216749191284,0.013867606408894062,-0.0086136469617486,-0.005214925855398178,0.001397252082824707,0.00622732937335968,-0.013168907724320889,0.31546348333358765,0.0,0.0,0.789703369140625,-0.08355244994163513,-0.0023578002583235502,0.45085614919662476,-0.02663370966911316,0.10854396969079971,0.5614833831787109,-0.44111788272857666,-0.12782683968544006,-46.67157745361328,0.025291886180639267,0.473597913980484,0.019645340740680695,-0.1333591192960739,0.04481090232729912,-0.36395859718322754,0.19591917097568512,11.955514907836914,11.466251373291016,10.399771690368652,12.859086036682129,-0.018398437649011612,-0.032197266817092896,0.003066406352445483,-0.009199218824505806,0.0,-0.028953691944479942,-0.022303873673081398,0.005403683055192232,-0.0026588549371808767,0.0,0.11330491304397583,0.15489846467971802,-9.18640422821045,-0.08658678829669952,-0.022956572473049164,-8.521014213562012,0.0,0.0,0.0,0.0,0.0,0.0,0.0,0.0,0.0,0.0,0.0,0.0,-0.028377274051308632,-0.022295016795396805,0.004970407113432884,-0.0030341725796461105,0.2798110842704773,0.2702312767505646,0.24918033182621002,0.29737791419029236,-1.318405032157898,0.1262461394071579,0.07650299370288849,0.0,0.0,0.0,0.0,0.0,0.0,0.0
38777347506,0,0.004372496623545885,-0.03853112459182739,-0.8456484079360962,6.569455581484362e-05,-0.04113857448101044,-0.8442511558532715,0.042077962309122086,-0.053447216749191284,0.013867606408894062,-0.008885793387889862,-0.001629368169233203,0.0006896257400512695,0.00622732937335968,-0.013168907724320889,0.31546348333358765,0.0,0.0,0.7922096252441406,-0.08355244994163513,-0.0023578002583235502,0.45085614919662476,-0.02663370966911316,0.10854396969079971,0.5614833831787109,-0.44111788272857666,-0.12782683968544006,-46.67157745361328,0.025291886180639267,0.473597913980484,0.019645340740680695,-0.1333591192960739,0.04481090232729912,-0.36395859718322754,0.19591917097568512,11.955514907836914,11.466251373291016,10.399771690368652,12.859086036682129,-0.018398437649011612,-0.03066406212747097,0.003066406352445483,-0.010732421651482582,0.0,-0.028953691944479942,-0.022303873673081398,0.005403683055192232,-0.0026588549371808767,0.0,-0.22181877493858337,0.1310683786869049,-9.573630332946777,-0.07215487211942673,-0.033559635281562805,-8.536935806274414,0.0,0.0,0.0,0.0,0.0,0.0,0.0,0.0,0.0,0.0,0.0,0.0,-0.028834132477641106,-0.022379370406270027,0.005621872842311859,-0.0030084510799497366,0.2798110842704773,0.2702312767505646,0.24918033182621002,0.29737791419029236,-1.318405032157898,0.1262461394071579,0.07650299370288849,0.0,0.0,0.0,0.0,0.0,0.0,0.0
38786847378,0,0.0045085689052939415,-0.0403238944709301,-0.8449407815933228,6.569455581484362e-05,-0.04113857448101044,-0.8442511558532715,0.033920545130968094,-0.04624275118112564,0.015109434723854065,-0.008885793387889862,-0.001629368169233203,0.0006896257400512695,0.002389653120189905,-0.013645094819366932,0.33202555775642395,0.0,0.0,0.7922096252441406,-0.108156718313694,-0.014567099511623383,0.4555518925189972,-0.008946527726948261,0.10976461321115494,0.5514088273048401,-0.41010782122612,-0.17111030220985413,-46.84890365600586,0.0701623409986496,0.4961153268814087,0.009289205074310303,-0.13321343064308167,0.04151245951652527,-0.36661988496780396,0.19568198919296265,12.363288879394531,11.28520679473877,10.59915828704834,12.610268592834473,-0.018398437649011612,-0.03066406212747097,0.0015332031762227416,-0.010732421651482582,0.0,-0.028336768969893456,-0.020319638773798943,0.005726373754441738,-0.004781742114573717,0.0,-0.22181877493858337,0.1310683786869049,-9.573630332946777,-0.07215487211942673,-0.033559635281562805,-8.536935806274414,0.0,0.0,0.0,0.0,0.0,0.0,0.0,0.0,0.0,0.0,0.0,0.0,-0.029052425175905228,-0.022315388545393944,0.005916895344853401,-0.003029223531484604,0.28775879740715027,0.26667430996894836,0.2531338632106781,0.2925564646720886,-1.17562735080719,-0.3009808361530304,0.24983666837215424,0.0,0.0,0.0,0.0,0.0,0.0,0.0
38798059522,0,0.0045085689052939415,-0.0403238944709301,-0.8449407815933228,6.569455581484362e-05,-0.04113857448101044,-0.8442511558532715,0.033920545130968094,-0.04624275118112564,0.015109434723854065,-0.008885793387889862,-0.001629368169233203,0.0006896257400512695,0.002389653120189905,-0.013645094819366932,0.33202555775642395,0.0,0.0,0.7922096252441406,-0.10692308843135834,-0.00621339026838541,0.45834365487098694,-0.008946527726948261,0.10976461321115494,0.5514088273048401,-0.41169217228889465,-0.14104436337947845,-47.107810974121094,0.08272499591112137,0.4800436198711395,0.008007422089576721,-0.13304005563259125,0.04151245951652527,-0.36661988496780396,0.19568198919296265,12.454751968383789,11.361482620239258,10.700931549072266,12.599204063415527,-0.018398437649011612,-0.03066406212747097,0.003066406352445483,-0.010732421651482582,0.0,-0.027304666116833687,-0.021151740103960037,0.004748491104692221,-0.003882820252329111,0.0,0.059593163430690765,-0.36202895641326904,-9.832429885864258,-0.07215487211942673,-0.033559635281562805,-8.536935806274414,0.0,0.0,0.0,0.0,0.0,0.0,0.0,0.0,0.0,0.0,0.0,0.0,-0.029008572921156883,-0.022045573219656944,0.005966837052255869,-0.0032234254758805037,0.28775879740715027,0.26667430996894836,0.2531338632106781,0.2925564646720886,-0.26229003071784973,0.3074745833873749,0.14390689134597778,0.0,0.0,0.0,0.0,0.0,0.0,0.0
38807541671,0,0.004534803330898285,-0.041141871362924576,-0.8446558713912964,6.569455581484362e-05,-0.04113857448101044,-0.8442511558532715,0.03861143812537193,-0.04988029599189758,0.016774676740169525,-0.008938262239098549,6.593797024834203e-06,0.00040471553802490234,-0.00011060738324886188,-0.013547242619097233,0.3398423492908478,0.0,0.0,0.8022347092628479,-0.10692308843135834,-0.00621339026838541,0.45834365487098694,0.010821256786584854,0.10715846717357635,0.5540685653686523,-0.41169217228889465,-0.14104436337947845,-47.107810974121094,0.08272499591112137,0.4800436198711395,0.008007422089576721,-0.13304005563259125,0.03764224797487259,-0.36974650621414185,0.19538724422454834,12.454751968383789,11.361482620239258,10.700931549072266,12.599204063415527,-0.019931640475988388,-0.032197266817092896,0.004599609412252903,-0.010732421651482582,0.0,-0.027304666116833687,-0.021151740103960037,0.004748491104692221,-0.003882820252329111,0.0,0.059593163430690765,-0.36202895641326904,-9.832429885864258,-0.07680419087409973,-0.01986992359161377,-8.547384262084961,0.0,0.0,0.0,0.0,0.0,0.0,0.0,0.0,0.0,0.0,0.0,0.0,-0.028720203787088394,-0.02170955203473568,0.005811692215502262,-0.0034820816945284605,0.28953683376312256,0.26817354559898376,0.2551485002040863,0.2923418879508972,-0.26229003071784973,0.3074745833873749,0.14390689134597778,0.0,0.0,0.0,0.0,0.0,0.0,0.0
38820800241,0,0.004534803330898285,-0.041141871362924576,-0.8446558713912964,6.569455581484362e-05,-0.04113857448101044,-0.8442511558532715,0.03861143812537193,-0.04988029599189758,0.016774676740169525,-0.008974967524409294,0.000772360828705132,0.0002999305725097656,-0.00011060738324886188,-0.013547242619097233,0.3398423492908478,0.0,0.0,0.8022347092628479,-0.10628237575292587,-0.0007713923114351928,0.45580917596817017,0.0167386457324028,0.10767993330955505,0.5466569662094116,-0.4224230647087097,-0.10928457975387573,-47.01061248779297,0.09170667827129364,0.47424644231796265,0.008121274411678314,-0.13294914364814758,0.035658370703458786,-0.37127208709716797,0.19511696696281433,12.431744575500488,11.362998962402344,10.669639587402344,12.554426193237305,-0.019931640475988388,-0.032197266817092896,0.006132812704890966,-0.010732421651482582,0.0,-0.026748985052108765,-0.02246260456740856,0.0040748510509729385,-0.002692177891731262,0.0,0.059593163430690765,-0.36202895641326904,-9.832429885864258,-0.07227294892072678,-0.011942103505134583,-8.523619651794434,0.0,0.0,0.0,0.0,0.0,0.0,0.0,0.0,0.0,0.0,0.0,0.0,-0.02829154022037983,-0.021501833572983742,0.005508123897016048,-0.003628312610089779,0.2890898883342743,0.2682035267353058,0.2545293867588043,0.29147282242774963,-0.06070888414978981,0.45200783014297485,-0.01678825542330742,0.0,0.0,0.0,0.0,0.0,0.0,0.0
38827468192,0,0.0045531559735536575,-0.04152475297451019,-0.8445510864257812,6.569455581484362e-05,-0.04113857448101044,-0.8442511558532715,0.037986550480127335,-0.05336757376790047,0.013759661465883255,-0.008974967524409294,0.000772360828705132,0.0002999305725097656,-0.0013357901480048895,-0.013603786006569862,0.34383782744407654,0.0,0.0,0.8022347092628479,-0.10984642058610916,0.007271301466971636,0.4490244686603546,0.0167386457324028,0.10767993330955505,0.5466569662094116,-0.4450349509716034,-0.09398709237575531,-46.73798370361328,0.09170667827129364,0.47424644231796265,0.008121274411678314,-0.13294914364814758,0.035658370703458786,-0.37127208709716797,0.19511696696281433,12.408596992492676,11.322014808654785,10.601936340332031,12.41360092163086,-0.018398437649011612,-0.032197266817092896,0.006132812704890966,-0.010732421651482582,0.0,-0.027007384225726128,-0.023728037253022194,0.004344802349805832,-0.0016430140240117908,0.0,0.18432749807834625,0.3047962486743927,-9.952193260192871,-0.07227294892072678,-0.011942103505134583,-8.523619651794434,0.0,0.0,0.0,0.0,0.0,0.0,0.0,0.0,0.0,0.0,0.0,0.0,-0.02783362753689289,-0.021574867889285088,0.0051378775388002396,-0.0035340148024260998,0.2890898883342743,0.2682035267353058,0.2545293867588043,0.29147282242774963,-0.090498186647892,0.45470812916755676,-0.2590686082839966,0.0,0.0,0.0,0.0,0.0,0.0,0.0
38837024393,0,0.004430493339896202,-0.04241269826889038,-0.8443763852119446,6.569455581484362e-05,-0.04113857448101044,-0.8442511558532715,0.041827909648418427,-0.04723270609974861,0.010274683125317097,-0.008729641325771809,0.0025482603814452887,0.0001252293586730957,-0.0032087292056530714,-0.013654162175953388,0.3518868088722229,0.0,0.0,0.8022347092628479,-0.10984642058610916,0.007271301466971636,0.4490244686603546,0.03627025708556175,0.10307194292545319,0.5372719168663025,-0.4450349509716034,-0.09398709237575531,-46.73798370361328,0.11519321799278259,0.4652591943740845,0.007211923599243164,-0.13277241587638855,0.03182842954993248,-0.37400564551353455,0.19433677196502686,12.408596992492676,11.322014808654785,10.601936340332031,12.41360092163086,-0.018398437649011612,-0.03066406212747097,0.006132812704890966,-0.010732421651482582,0.0,-0.02699190005660057,-0.02371107041835785,0.004362922627478838,-0.0016275395173579454,0.0,0.18432749807834625,0.3047962486743927,-9.952193260192871,-0.08091544359922409,-0.01708856225013733,-8.497815132141113,0.0,0.0,0.0,0.0,0.0,0.0,0.0,0.0,0.0,0.0,0.0,0.0,-0.02744332142174244,-0.02194894663989544,0.0047978246584534645,-0.003186382818967104,0.2886398136615753,0.26739805936813354,0.25318872928619385,0.28873711824417114,-0.090498186647892,0.45470812916755676,-0.2590686082839966,0.0,0.0,0.0,0.0,0.0,0.0,0.0
38846864043,0,0.004430493339896202,-0.04241269826889038,-0.8443763852119446,6.569455581484362e-05,-0.04113857448101044,-0.8442511558532715,0.041827909648418427,-0.04723270609974861,0.010274683125317097,-0.008571209385991096,0.0034180008806288242,4.0531158447265625e-05,-0.0032087292056530714,-0.013654162175953388,0.3518868088722229,0.0,0.0,0.8022347092628479,-0.10991702228784561,0.013477247208356857,0.4465096890926361,0.03627025708556175,0.10307194292545319,0.5372719168663025,-0.43668392300605774,-0.111725814640522,-46.70330047607422,0.12756529450416565,0.4559396803379059,0.0059897154569625854,-0.1326737254858017,0.029670406132936478,-0.3754228353500366,0.19376452267169952,12.436680793762207,11.315546989440918,10.618035316467285,12.342144012451172,-0.019931640475988388,-0.029130859300494194,0.004599609412252903,-0.010732421651482582,0.0,-0.02718927152454853,-0.022899752482771873,0.004678996745496988,-0.0023756425362080336,0.0,0.18432749807834625,0.3047962486743927,-9.952193260192871,-0.07939707487821579,-0.02031378448009491,-8.491509437561035,0.0,0.0,0.0,0.0,0.0,0.0,0.0,0.0,0.0,0.0,0.0,0.0,-0.027177885174751282,-0.02242143824696541,0.004564076662063599,-0.0027629893738776445,0.28918585181236267,0.2672707438468933,0.25350773334503174,0.28734758496284485,-0.0062181283719837666,0.550868570804596,-0.25692152976989746,0.0,0.0,0.0,0.0,0.0,0.0,0.0
38858690010,0,0.004351277835667133,-0.042847566306591034,-0.8442916870117188,6.569455581484362e-05,-0.04113857448101044,-0.8442511558532715,0.04090416431427002,-0.0448807068169117,0.009205411188304424,-0.008571209385991096,0.0034180008806288242,4.0531158447265625e-05,-0.003980694338679314,-0.013523243367671967,0.3559383749961853,0.0,0.0,0.8022347092628479,-0.1012410894036293,0.04122172296047211,0.44111427664756775,0.04725648835301399,0.09950277209281921,0.5325247645378113,-0.43668392300605774,-0.111725814640522,-46.70330047607422,0.12756529450416565,0.4559396803379059,0.0059897154569625854,-0.1326737254858017,0.029670406132936478,-0.3754228353500366,0.19376452267169952,12.485955238342285,11.308375358581543,10.687240600585938,12.25890064239502,-0.019931640475988388,-0.029130859300494194,0.006132812704890966,-0.010732421651482582,0.0,-0.027081947773694992,-0.022914279252290726,0.0046486943028867245,-0.0023917730432003736,0.0,-0.08249781280755997,-0.09970129281282425,-9.83380126953125,-0.07939707487821579,-0.02031378448009491,-8.491509437561035,0.0,0.0,0.0,0.0,0.0,0.0,0.0,0.0,0.0,0.0,0.0,0.0,-0.027035385370254517,-0.022780176252126694,0.00445434357970953,-0.0024495162069797516,0.28918585181236267,0.2672707438468933,0.25350773334503174,0.28734758496284485,0.3986085057258606,1.2596105337142944,-0.3485306203365326,0.0,0.0,0.0,0.0,0.0,0.0,0.0
38868819464,0,0.004077867604792118,-0.04405961185693741,-0.8440757393836975,6.569455581484362e-05,-0.04113857448101044,-0.8442511558532715,0.041396062821149826,-0.033358070999383926,0.008303605020046234,-0.008024386130273342,0.005842104088515043,-0.0001754164695739746,-0.006365766748785973,-0.011800679378211498,0.3675079047679901,0.0,0.0,0.8047409653663635,-0.1012410894036293,0.04122172296047211,0.44111427664756775,0.0586058609187603,0.08903690427541733,0.5240443348884583,-0.45737817883491516,-0.2001195102930069,-46.65895462036133,0.13354554772377014,0.41354840993881226,0.007053777575492859,-0.13248910009860992,0.029670406132936478,-0.3754228353500366,0.19376452267169952,12.342623710632324,11.405476570129395,10.636436462402344,12.283284187316895,-0.019931640475988388,-0.029130859300494194,0.006132812704890966,-0.010732421651482582,0.0,-0.030506383627653122,-0.02060248889029026,0.008315912447869778,-0.004319317173212767,0.0,-0.08249781280755997,-0.09970129281282425,-9.83380126953125,-0.08442234247922897,-0.03647992014884949,-8.48987102508545,0.0,0.0,0.0,0.0,0.0,0.0,0.0,0.0,0.0,0.0,0.0,0.0,-0.027136823162436485,-0.02287403494119644,0.004606811795383692,-0.002372868126258254,0.28918585181236267,0.2672707438468933,0.25350773334503174,0.28734758496284485,0.3986085057258606,1.2596105337142944,-0.3485306203365326,0.0,0.0,0.0,0.0,0.0,0.0,0.0
38878958502,0,0.004077867604792118,-0.04405961185693741,-0.8440757393836975,6.569455581484362e-05,-0.04113857448101044,-0.8442511558532715,0.041396062821149826,-0.033358070999383926,0.008303605020046234,-0.008024386130273342,0.005842104088515043,-0.0001754164695739746,-0.006365766748785973,-0.011800679378211498,0.3675079047679901,0.0,0.0,0.8047409653663635,-0.08414089679718018,0.06295980513095856,0.4341481626033783,0.0586058609187603,0.08903690427541733,0.5240443348884583,-0.44594913721084595,-0.20859679579734802,-46.61685562133789,0.1273176223039627,0.3820558190345764,0.006176024675369263,-0.132304847240448,0.025607259944081306,-0.37766820192337036,0.19251421093940735,12.295767784118652,11.411479949951172,10.70641040802002,12.211284637451172,-0.019931640475988388,-0.029130859300494194,0.006132812704890966,-0.009199218824505806,0.0,-0.030521458014845848,-0.019957220181822777,0.008182788267731667,-0.0049047330394387245,0.0,-0.2653380334377289,0.09608620405197144,-10.052225112915039,-0.08442234247922897,-0.03647992014884949,-8.48987102508545,0.0,0.0,0.0,0.0,0.0,0.0,0.0,0.0,0.0,0.0,0.0,0.0,-0.02765120565891266,-0.022577913478016853,0.005190911237150431,-0.002632429590448737,0.2873569130897522,0.2690379321575165,0.2538720369338989,0.28620198369026184,0.7465945482254028,1.1037333011627197,-0.427025705575943,0.0,0.0,0.0,0.0,0.0,0.0,0.0
38889950939,0,0.0038420299533754587,-0.04492295905947685,-0.8439652919769287,6.569455581484362e-05,-0.04113857448101044,-0.8442511558532715,0.038414184004068375,-0.03494001552462578,0.0045074718073010445,-0.007552708499133587,0.007568806875497103,-0.00028586387634277344,-0.008240566588938236,-0.010418470948934555,0.3751910328865051,0.0,0.0,0.8047409653663635,-0.08414089679718018,0.06295980513095856,0.4341481626033783,0.07237572968006134,0.07690016180276871,0.5148659944534302,-0.44594913721084595,-0.20859679579734802,-46.61685562133789,0.1273176223039627,0.3820558190345764,0.006176024675369263,-0.132304847240448,0.021733060479164124,-0.3791528046131134,0.19093745946884155,12.295767784118652,11.411479949951172,10.70641040802002,12.211284637451172,-0.019931640475988388,-0.029130859300494194,0.006132812704890966,-0.009199218824505806,0.0,-0.030521458014845848,-0.019957220181822777,0.008182788267731667,-0.0049047330394387245,0.0,-0.2653380334377289,0.09608620405197144,-10.052225112915039,-0.07468704879283905,-0.03229638934135437,-8.463789939880371,0.0,0.0,0.0,0.0,0.0,0.0,0.0,0.0,0.0,0.0,0.0,0.0,-0.02843312919139862,-0.021978454664349556,0.006036402191966772,-0.0031523804645985365,0.2864450216293335,0.269155889749527,0.25525712966918945,0.2848000228404999,0.7465945482254028,1.1037333011627197,-0.427025705575943,0.0,0.0,0.0,0.0,0.0,0.0,0.0
38896878540,0,0.0038420299533754587,-0.04492295905947685,-0.8439652919769287,6.569455581484362e-05,-0.04113857448101044,-0.8442511558532715,0.038414184004068375,-0.03494001552462578,0.0045074718073010445,-0.007337652612477541,0.008481418713927269,-0.0003330707550048828,-0.008240566588938236,-0.010418470948934555,0.3751910328865051,0.0,0.0,0.8047409653663635,-0.07136926054954529,0.06794188171625137,0.4325421154499054,0.07237572968006134,0.07690016180276871,0.5148659944534302,-0.4107787609100342,-0.17763014137744904,-46.550846099853516,0.11875798553228378,0.3749472200870514,0.004059776663780212,-0.1322060078382492,0.01979532092809677,-0.3797532618045807,0.18999451398849487,12.308432579040527,11.339495658874512,10.766648292541504,12.144423484802246,-0.019931640475988388,-0.029130859300494194,0.006132812704890966,-0.010732421651482582,0.0,-0.028580738231539726,-0.019943363964557648,0.00597513560205698,-0.005045274738222361,0.0,-0.30125612020492554,0.2136266976594925,-10.1239013671875,-0.0695626512169838,-0.034828513860702515,-8.44558334350586,0.0,0.0,0.0,0.0,0.0,0.0,0.0,0.0,0.0,0.0,0.0,0.0,-0.029113514348864555,-0.021310020238161087,0.006746448576450348,-0.0037379383575171232,0.2866916060447693,0.26774170994758606,0.2564484775066376,0.283497154712677,0.9528647661209106,0.7951940298080444,-0.367768257856369,0.0,0.0,0.0,0.0,0.0,0.0,0.0
38906950629,0,0.003734502475708723,-0.045379262417554855,-0.8439180850982666,6.569455581484362e-05,-0.04113857448101044,-0.8442511558532715,0.03596383333206177,-0.03360554203391075,0.0018451482756063342,-0.007337652612477541,0.008481418713927269,-0.0003330707550048828,-0.008854562416672707,-0.009729796089231968,0.3791753649711609,0.0,0.0,0.8047409653663635,-0.049669478088617325,0.0841493159532547,0.4294014871120453,0.07671269029378891,0.07108777016401291,0.5101029276847839,-0.4107787609100342,-0.17763014137744904,-46.550846099853516,0.11875798553228378,0.3749472200870514,0.004059776663780212,-0.1322060078382492,0.01979532092809677,-0.3797532618045807,0.18999451398849487,12.308432579040527,11.339495658874512,10.766648292541504,12.144423484802246,-0.021464843302965164,-0.029130859300494194,0.0076660155318677425,-0.010732421651482582,0.0,-0.028580738231539726,-0.019943363964557648,0.00597513560205698,-0.005045274738222361,0.0,0.05491267517209053,0.2038758397102356,-9.812195777893066,-0.0695626512169838,-0.034828513860702515,-8.44558334350586,0.0,0.0,0.0,0.0,0.0,0.0,0.0,0.0,0.0,0.0,0.0,0.0,-0.029439352452754974,-0.020729731768369675,0.007055172696709633,-0.004260678309947252,0.2866916060447693,0.26774170994758606,0.2564484775066376,0.283497154712677,1.0452836751937866,0.924107551574707,-0.3742050528526306,0.0,0.0,0.0,0.0,0.0,0.0,0.0
38916925196,0,0.003556656651198864,-0.04629962518811226,-0.8438465595245361,6.569455581484362e-05,-0.04113857448101044,-0.8442511558532715,0.03359971567988396,-0.03608101233839989,-0.00258248089812696,-0.006981959100812674,0.010322152636945248,-0.00040459632873535156,-0.009394667111337185,-0.00788783747702837,0.38724005222320557,0.0,0.0,0.8047409653663635,-0.049669478088617325,0.0841493159532547,0.4294014871120453,0.08150740712881088,0.05326711758971214,0.49901390075683594,-0.3469761312007904,-0.17080256342887878,-46.329532623291016,0.1017972007393837,0.34289121627807617,0.004629909992218018,-0.1320299506187439,0.016564736142754555,-0.38051554560661316,0.1881326287984848,12.163795471191406,11.321269989013672,10.772096633911133,12.080305099487305,-0.019931640475988388,-0.027597656473517418,0.0076660155318677425,-0.010732421651482582,0.0,-0.026851199567317963,-0.01817895844578743,0.003671679412946105,-0.006723723839968443,0.0,0.05491267517209053,0.2038758397102356,-9.812195777893066,-0.06033676862716675,-0.028470836579799652,-8.417473793029785,0.0,0.0,0.0,0.0,0.0,0.0,0.0,0.0,0.0,0.0,0.0,0.0,-0.029361380264163017,-0.020217837765812874,0.006901448592543602,-0.004739976953715086,0.2838747799396515,0.2673833668231964,0.2565562427043915,0.2822469174861908,1.0452836751937866,0.924107551574707,-0.3742050528526306,0.0,0.0,0.0,0.0,0.0,0.0,0.0
38927261797,0,0.003556656651198864,-0.04629962518811226,-0.8438465595245361,6.569455581484362e-05,-0.04113857448101044,-0.8442511558532715,0.03359971567988396,-0.03608101233839989,-0.00258248089812696,-0.006981959100812674,0.010322152636945248,-0.00040459632873535156,-0.009394667111337185,-0.00788783747702837,0.38724005222320557,0.0,0.0,0.8047409653663635,-0.036988455802202225,0.11195898801088333,0.41949066519737244,0.08150740712881088,0.05326711758971214,0.49901390075683594,-0.3141597807407379,-0.08581997454166412,-46.36042404174805,0.10340244323015213,0.29094791412353516,0.0034770220518112183,-0.13184915482997894,0.013383867219090462,-0.38045698404312134,0.18575087189674377,12.12263011932373,11.382852554321289,10.886343002319336,11.976727485656738,-0.021464843302965164,-0.026064453646540642,0.0076660155318677425,-0.010732421651482582,0.0,-0.023489512503147125,-0.01968391425907612,-0.00017453900363761932,-0.00522549357265234,0.0,-0.18513843417167664,0.31160610914230347,-9.88555908203125,-0.06033676862716675,-0.028470836579799652,-8.417473793029785,0.0,0.0,0.0,0.0,0.0,0.0,0.0,0.0,0.0,0.0,0.0,0.0,-0.02878454141318798,-0.019740674644708633,0.006158693693578243,-0.00519521115347743,0.28307241201400757,0.2685936391353607,0.25881367921829224,0.28022539615631104,0.6017486453056335,1.1414247751235962,-0.4425809383392334,0.0,0.0,0.0,0.0,0.0,0.0,0.0
38937387103,0,0.003447646275162697,-0.04729408398270607,-0.8437955379486084,6.569455581484362e-05,-0.04113857448101044,-0.8442511558532715,0.03511156141757965,-0.040290143340826035,-0.001744256354868412,-0.006763937417417765,0.01231108047068119,-0.00045561790466308594,-0.010008537210524082,-0.005653484724462032,0.3948708176612854,0.0,0.0,0.8047409653663635,-0.036988455802202225,0.11195898801088333,0.41949066519737244,0.08581534028053284,0.03386417403817177,0.4900945723056793,-0.3141597807407379,-0.08581997454166412,-46.36042404174805,0.10340244323015213,0.29094791412353516,0.0034770220518112183,-0.13184915482997894,0.013383867219090462,-0.38045698404312134,0.18575087189674377,12.12263011932373,11.382852554321289,10.886343002319336,11.976727485656738,-0.021464843302965164,-0.026064453646540642,0.0076660155318677425,-0.010732421651482582,0.0,-0.023489512503147125,-0.01968391425907612,-0.00017453900363761932,-0.00522549357265234,0.0,-0.18513843417167664,0.31160610914230347,-9.88555908203125,-0.05711996182799339,-0.015603631734848022,-8.429167747497559,0.0,0.0,0.0,0.0,0.0,0.0,0.0,0.0,0.0,0.0,0.0,0.0,-0.027678849175572395,-0.019426099956035614,0.00480217719450593,-0.005493804346770048,0.28307241201400757,0.2685936391353607,0.25881367921829224,0.28022539615631104,0.6017486453056335,1.1414247751235962,-0.4425809383392334,0.0,0.0,0.0,0.0,0.0,0.0,0.0
38947304811,0,0.003447646275162697,-0.04729408398270607,-0.8437955379486084,6.569455581484362e-05,-0.04113857448101044,-0.8442511558532715,0.03511156141757965,-0.040290143340826035,-0.001744256354868412,-0.006763937417417765,0.01231108047068119,-0.00045561790466308594,-0.010008537210524082,-0.005653484724462032,0.3948708176612854,0.0,0.0,0.8047409653663635,-0.031598858535289764,0.11503863334655762,0.4187573492527008,0.08581534028053284,0.03386417403817177,0.4900945723056793,-0.3453514277935028,-0.0715130940079689,-46.43454360961914,0.0999758318066597,0.2837444543838501,0.0008189529180526733,-0.1317741423845291,0.012061545625329018,-0.3801702558994293,0.1847042441368103,12.192474365234375,11.339963912963867,10.986980438232422,11.923747062683105,-0.02299804612994194,-0.027597656473517418,0.0076660155318677425,-0.010732421651482582,0.0,-0.023837996646761894,-0.021170012652873993,0.0003778174286708236,-0.0038927665445953608,0.0,-0.18513843417167664,0.31160610914230347,-9.88555908203125,-0.05711996182799339,-0.015603631734848022,-8.429167747497559,0.0,0.0,0.0,0.0,0.0,0.0,0.0,0.0,0.0,0.0,0.0,0.0,-0.02637808583676815,-0.019387517124414444,0.003242167644202709,-0.00552966445684433,0.2844337224960327,0.2677507996559143,0.2608000934123993,0.27919062972068787,0.576943039894104,0.7786166667938232,-0.38079747557640076,0.0,0.0,0.0,0.0,0.0,0.0,0.0
38957240780,0,0.0033219666220247746,-0.047827545553445816,-0.8437755703926086,6.569455581484362e-05,-0.04113857448101044,-0.8442511558532715,0.03864193707704544,-0.0391303151845932,-0.00016710882482584566,-0.006512576714158058,0.01337800920009613,-0.0004755854606628418,-0.010349503718316555,-0.004542381968349218,0.3985920250415802,0.0,0.0,0.8047409653663635,-0.00862153060734272,0.1146518737077713,0.40979495644569397,0.08620794862508774,0.02639898471534252,0.4853454530239105,-0.3453514277935028,-0.0715130940079689,-46.43454360961914,0.0999758318066597,0.2837444543838501,0.0008189529180526733,-0.1317741423845291,0.012061545625329018,-0.3801702558994293,0.1847042441368103,12.192474365234375,11.339963912963867,10.986980438232422,11.923747062683105,-0.02299804612994194,-0.027597656473517418,0.006132812704890966,-0.010732421651482582,0.0,-0.023837996646761894,-0.021170012652873993,0.0003778174286708236,-0.0038927665445953608,0.0,0.001736016827635467,0.29032108187675476,-9.49413776397705,-0.06279116868972778,-0.013002380728721619,-8.442644119262695,0.0,0.0,0.0,0.0,0.0,0.0,0.0,0.0,0.0,0.0,0.0,0.0,-0.02525356039404869,-0.01962890475988388,0.0019209043821319938,-0.005306730046868324,0.2844337224960327,0.2677507996559143,0.2608000934123993,0.27919062972068787,0.9784894585609436,0.20021536946296692,-0.6379714608192444,0.0,0.0,0.0,0.0,0.0,0.0,0.0
38966781529,0,0.002958170836791396,-0.049284450709819794,-0.843705952167511,6.569455581484362e-05,-0.04113857448101044,-0.8442511558532715,0.037722162902355194,-0.03746359422802925,0.009342626668512821,-0.005784981418401003,0.01629183441400528,-0.000545203685760498,-0.01055829506367445,-0.0014487740118056536,0.4087245762348175,0.0,0.0,0.8047409653663635,-0.00862153060734272,0.1146518737077713,0.40979495644569397,0.0845862627029419,0.004840463399887085,0.47472551465034485,-0.33427107334136963,-0.0471167266368866,-46.684200286865234,0.07212353497743607,0.2724396884441376,0.005453556776046753,-0.13162381947040558,0.009469970129430294,-0.3793247640132904,0.1823124885559082,12.078083038330078,11.492669105529785,10.994450569152832,12.126714706420898,-0.021464843302965164,-0.027597656473517418,0.0076660155318677425,-0.012265625409781933,0.0,-0.023011503741145134,-0.02128419652581215,-0.0007484174566343427,-0.0034259085077792406,0.0,0.001736016827635467,0.29032108187675476,-9.49413776397705,-0.05751892179250717,-0.011213108897209167,-8.515253067016602,0.0,0.0,0.0,0.0,0.0,0.0,0.0,0.0,0.0,0.0,0.0,0.0,-0.024401167407631874,-0.020037267357110977,0.0009343939600512385,-0.004914636258035898,0.2822035849094391,0.2707497775554657,0.26094740629196167,0.28315192461013794,0.9784894585609436,0.20021536946296692,-0.6379714608192444,0.0,0.0,0.0,0.0,0.0,0.0,0.0
38977113720,0,0.002958170836791396,-0.049284450709819794,-0.843705952167511,6.569455581484362e-05,-0.04113857448101044,-0.8442511558532715,0.037722162902355194,-0.03746359422802925,0.009342626668512821,-0.005784981418401003,0.01629183441400528,-0.000545203685760498,-0.01055829506367445,-0.0014487740118056536,0.4087245762348175,0.0,0.0,0.8047409653663635,0.0035873036831617355,0.11212480813264847,0.40009942650794983,0.0845862627029419,0.004840463399887085,0.47472551465034485,-0.31635406613349915,-0.06167209893465042,-46.833892822265625,0.060073964297771454,0.264901340007782,0.012424536049365997,-0.1315462589263916,0.008298099972307682,-0.3787708282470703,0.1808302402496338,11.911048889160156,11.697525978088379,10.887740135192871,12.34533405303955,-0.021464843302965164,-0.027597656473517418,0.006132812704890966,-0.012265625409781933,0.0,-0.023227371275424957,-0.019922513514757156,-0.0008571655489504337,-0.00428838562220335,0.0,0.001736016827635467,0.29032108187675476,-9.49413776397705,-0.05751892179250717,-0.011213108897209167,-8.515253067016602,0.0,0.0,0.0,0.0,0.0,0.0,0.0,0.0,0.0,0.0,0.0,0.0,-0.02377360314130783,-0.020400112494826317,0.00018563013873063028,-0.004508413840085268,0.2789424955844879,0.2747657001018524,0.25884145498275757,0.28740957379341125,1.028043270111084,-0.02534995600581169,-0.870008647441864,0.0,0.0,0.0,0.0,0.0,0.0,0.0
38986851360,0,0.0028180459048599005,-0.04972480237483978,-0.8436818718910217,6.569455581484362e-05,-0.04113857448101044,-0.8442511558532715,0.03715530037879944,-0.03624065965414047,0.009998722933232784,-0.00550473015755415,0.017172541469335556,-0.0005692839622497559,-0.010332494042813778,-0.000561102177016437,0.4120204746723175,0.0,0.0,0.7922096252441406,0.016479266807436943,0.09678956866264343,0.389376699924469,0.0822397992014885,-0.0019981968216598034,0.47077733278274536,-0.29508471488952637,-0.10387857258319855,-46.784217834472656,0.060073964297771454,0.264901340007782,0.012424536049365997,-0.1315462589263916,0.008298099972307682,-0.3787708282470703,0.1808302402496338,12.109784126281738,11.44018840789795,11.0953369140625,12.147366523742676,-0.021464843302965164,-0.027597656473517418,0.0076660155318677425,-0.012265625409781933,0.0,-0.02345755696296692,-0.01840866170823574,-0.00017396933981217444,-0.006205790676176548,0.0,0.04469997063279152,0.3394109606742859,-9.91087818145752,-0.05580040067434311,-0.012327373027801514,-8.51812744140625,0.0,0.0,0.0,0.0,0.0,0.0,0.0,0.0,0.0,0.0,0.0,0.0,-0.023364825174212456,-0.020483415573835373,-0.0003385113668628037,-0.0043166931718587875,0.2789424955844879,0.2747657001018524,0.25884145498275757,0.28740957379341125,0.6352410316467285,-0.5219486355781555,-0.6505296230316162,0.0,0.0,0.0,0.0,0.0,0.0,0.0
38998695765,0,0.0024391987826675177,-0.05067228525876999,-0.8436310887336731,6.569455581484362e-05,-0.04113857448101044,-0.8442511558532715,0.03166553005576134,-0.03158632665872574,0.006730991881340742,-0.0047470321878790855,0.019067516550421715,-0.0006200671195983887,-0.009900067001581192,0.0009389520273543894,0.4191688299179077,0.0,0.0,0.7922096252441406,0.016479266807436943,0.09678956866264343,0.389376699924469,0.07760322093963623,-0.019302964210510254,0.4446753263473511,-0.29508471488952637,-0.10387857258319855,-46.784217834472656,0.0488223098218441,0.27280837297439575,0.003807932138442993,-0.13138891756534576,0.0062759327702224255,-0.377689003944397,0.1774708330631256,12.109784126281738,11.44018840789795,11.0953369140625,12.147366523742676,-0.021464843302965164,-0.026064453646540642,0.006132812704890966,-0.012265625409781933,0.0,-0.02344343066215515,-0.018393710255622864,-0.00015855685342103243,-0.006191710010170937,0.0,0.04469997063279152,0.3394109606742859,-9.91087818145752,-0.04568910598754883,-0.022163644433021545,-8.490392684936523,0.0,0.0,0.0,0.0,0.0,0.0,0.0,0.0,0.0,0.0,0.0,0.0,-0.02316962368786335,-0.020210683345794678,-0.000596734113059938,-0.004481889307498932,0.2828218340873718,0.2697196900844574,0.26293647289276123,0.28355446457862854,0.6352410316467285,-0.5219486355781555,-0.6505296230316162,0.0,0.0,0.0,0.0,0.0,0.0,0.0
39008004324,0,0.0024391987826675177,-0.05067228525876999,-0.8436310887336731,6.569455581484362e-05,-0.04113857448101044,-0.8442511558532715,0.03166553005576134,-0.03158632665872574,0.006730991881340742,-0.0047470321878790855,0.019067516550421715,-0.0006200671195983887,-0.009900067001581192,0.0009389520273543894,0.4191688299179077,0.0,0.0,0.7922096252441406,0.027068668976426125,0.09655505418777466,0.38007503747940063,0.07760322093963623,-0.019302964210510254,0.4446753263473511,-0.29508471488952637,-0.10387857258319855,-46.784217834472656,0.0488223098218441,0.27280837297439575,0.003807932138442993,-0.13138891756534576,0.0062759327702224255,-0.377689003944397,0.1774708330631256,12.109784126281738,11.44018840789795,11.0953369140625,12.147366523742676,-0.02299804612994194,-0.026064453646540642,0.004599609412252903,-0.012265625409781933,0.0,-0.02344343066215515,-0.018393710255622864,-0.00015855685342103243,-0.006191710010170937,0.0,-0.07608826458454132,0.22773468494415283,-9.890556335449219,-0.04568910598754883,-0.022163644433021545,-8.490392684936523,0.0,0.0,0.0,0.0,0.0,0.0,0.0,0.0,0.0,0.0,0.0,0.0,-0.02312479540705681,-0.019741959869861603,-0.0006435865652747452,-0.004879293031990528,0.2828218340873718,0.2697196900844574,0.26293647289276123,0.28355446457862854,0.5363990068435669,-0.048890478909015656,-0.5888173580169678,0.0,0.0,0.0,0.0,0.0,0.0,0.0
39017640277,0,0.0017848331481218338,-0.051679402589797974,-0.843510627746582,6.569455581484362e-05,-0.04113857448101044,-0.8442511558532715,0.02879234589636326,-0.029887516051530838,0.0029784420039504766,-0.0034382943995296955,0.02108176238834858,-0.0007405281066894531,-0.009202534332871437,0.0028716707602143288,0.42634740471839905,0.0,0.0,0.7922096252441406,0.027068668976426125,0.09655505418777466,0.38007503747940063,0.07213997840881348,-0.03465406969189644,0.437068909406662,-0.20319975912570953,-0.1366112232208252,-46.54600524902344,0.035071466118097305,0.24591796100139618,0.005758687853813171,-0.13124553859233856,0.004635854158550501,-0.37663817405700684,0.17412042617797852,11.937684059143066,11.45046329498291,11.050347328186035,12.115754127502441,-0.024531250819563866,-0.026064453646540642,0.006132812704890966,-0.012265625409781933,0.0,-0.02201605960726738,-0.014515274204313755,-0.002037661150097847,-0.009831621311604977,0.0,-0.07608826458454132,0.22773468494415283,-9.890556335449219,-0.0369454100728035,-0.0248384028673172,-8.462909698486328,0.0,0.0,0.0,0.0,0.0,0.0,0.0,0.0,0.0,0.0,0.0,0.0,-0.023095697164535522,-0.01908372901380062,-0.000663814484141767,-0.0054848333820700645,0.2794627845287323,0.2699213922023773,0.26204967498779297,0.2829382121562958,0.5363990068435669,-0.048890478909015656,-0.5888173580169678,0.0,0.0,0.0,0.0,0.0,0.0,0.0
39028843394,0,0.0017848331481218338,-0.051679402589797974,-0.843510627746582,6.569455581484362e-05,-0.04113857448101044,-0.8442511558532715,0.02879234589636326,-0.029887516051530838,0.0029784420039504766,-0.0034382943995296955,0.02108176238834858,-0.0007405281066894531,-0.009202534332871437,0.0028716707602143288,0.42634740471839905,0.0,0.0,0.7922096252441406,0.034969769418239594,0.09873620420694351,0.373511403799057,0.07213997840881348,-0.03465406969189644,0.437068909406662,-0.168667733669281,-0.1309739351272583,-46.50624084472656,0.02335359901189804,0.23632246255874634,0.003605753183364868,-0.13116762042045593,0.0038938578218221664,-0.3758917450904846,0.17221838235855103,11.949164390563965,11.383065223693848,11.126742362976074,12.055578231811523,-0.024531250819563866,-0.026064453646540642,0.006132812704890966,-0.012265625409781933,0.0,-0.020799005404114723,-0.013696234673261642,-0.0032924495171755552,-0.010721112601459026,0.0,-0.07608826458454132,0.22773468494415283,-9.890556335449219,-0.0369454100728035,-0.0248384028673172,-8.462909698486328,0.0,0.0,0.0,0.0,0.0,0.0,0.0,0.0,0.0,0.0,0.0,0.0,-0.02289186231791973,-0.018058134242892265,-0.0008984740125015378,-0.006457864306867123,0.27968713641166687,0.2685978412628174,0.2635553777217865,0.281764417886734,0.5952069759368896,0.08839099109172821,-0.6516513228416443,0.0,0.0,0.0,0.0,0.0,0.0,0.0
39037277381,0,0.0012940368615090847,-0.05227703973650932,-0.8434141278266907,6.569455581484362e-05,-0.04113857448101044,-0.8442511558532715,0.027297452092170715,-0.030342521145939827,0.0018172082491219044,-0.0024566969368606806,0.022277042269706726,-0.0008370280265808105,-0.008771262131631374,0.003974920138716698,0.42974165081977844,0.0,0.0,0.7846908569335938,0.05434819683432579,0.09223633259534836,0.3585115075111389,0.06816929578781128,-0.03994916379451752,0.42436474561691284,-0.168667733669281,-0.1309739351272583,-46.50624084472656,0.02335359901189804,0.23632246255874634,0.003605753183364868,-0.13116762042045593,0.0038938578218221664,-0.3758917450904846,0.17221838235855103,11.759796142578125,11.572380065917969,11.00031566619873,12.285482406616211,-0.02299804612994194,-0.029130859300494194,0.006132812704890966,-0.012265625409781933,0.0,-0.02113398164510727,-0.013472158461809158,-0.0033302870579063892,-0.010520472191274166,0.0,0.09894581884145737,0.46427130699157715,-10.147027015686035,-0.030666859820485115,-0.023813441395759583,-8.455679893493652,0.0,0.0,0.0,0.0,0.0,0.0,0.0,0.0,0.0,0.0,0.0,0.0,-0.02247702330350876,-0.01677629165351391,-0.0013994958717375994,-0.007672807667404413,0.27968713641166687,0.2685978412628174,0.2635553777217865,0.281764417886734,0.7939002513885498,-0.22252070903778076,-0.7467948198318481,0.0,0.0,0.0,0.0,0.0,0.0,0.0
39048036669,0,-0.00010909652337431908,-0.05397610366344452,-0.843082070350647,6.569455581484362e-05,-0.04113857448101044,-0.8442511558532715,0.02417181245982647,-0.0397394634783268,0.01679239422082901,0.00034958391916006804,0.02567518688738346,-0.0011690855026245117,-0.007455389015376568,0.00662582041695714,0.438981831073761,0.0,0.0,0.7696532607078552,0.05434819683432579,0.09223633259534836,0.3585115075111389,0.05565888434648514,-0.05647704377770424,0.396481990814209,-0.06642123311758041,-0.06493256986141205,-46.795711517333984,-0.009509233757853508,0.23350946605205536,0.00019945204257965088,-0.13101910054683685,0.002915165852755308,-0.3742825388908386,0.16837425529956818,12.051617622375488,11.324271202087402,11.339569091796875,12.088309288024902,-0.02299804612994194,-0.029130859300494194,0.006132812704890966,-0.012265625409781933,0.0,-0.015670953318476677,-0.012622637674212456,-0.008463514968752861,-0.011737702414393425,0.0,0.09894581884145737,0.46427130699157715,-10.147027015686035,-0.007712559774518013,-0.005202680826187134,-8.573034286499023,0.0,0.0,0.0,0.0,0.0,0.0,0.0,0.0,0.0,0.0,0.0,0.0,-0.02175769954919815,-0.015507308766245842,-0.002237247535958886,-0.008861212059855461,0.28168731927871704,0.2674422562122345,0.2677430212497711,0.2824030816555023,0.7939002513885498,-0.22252070903778076,-0.7467948198318481,0.0,0.0,0.0,0.0,0.0,0.0,0.0
39057170415,0,-0.00010909652337431908,-0.05397610366344452,-0.843082070350647,6.569455581484362e-05,-0.04113857448101044,-0.8442511558532715,0.02417181245982647,-0.0397394634783268,0.01679239422082901,0.00034958391916006804,0.02567518688738346,-0.0011690855026245117,-0.007455389015376568,0.00662582041695714,0.438981831073761,0.0,0.0,0.7696532607078552,0.055920056998729706,0.08161954581737518,0.3550303280353546,0.05565888434648514,-0.05647704377770424,0.396481990814209,0.006384945474565029,-0.03468066453933716,-47.31887435913086,-0.010164087638258934,0.22791846096515656,-0.0037663429975509644,-0.130876362323761,0.002915165852755308,-0.3742825388908386,0.16837425529956818,12.273402214050293,11.362630844116211,11.578262329101562,12.113260269165039,-0.02299804612994194,-0.026064453646540642,0.004599609412252903,-0.012265625409781933,0.0,-0.012406086549162865,-0.011242177337408066,-0.01142276544123888,-0.01294285524636507,0.0,0.05512060225009918,-0.020841265097260475,-9.546497344970703,-0.007712559774518013,-0.005202680826187134,-8.573034286499023,0.0,0.0,0.0,0.0,0.0,0.0,0.0,0.0,0.0,0.0,0.0,0.0,-0.02038216032087803,-0.014326413162052631,-0.0036978903226554394,-0.0099759167060256,0.28168731927871704,0.2674422562122345,0.2677430212497711,0.2824030816555023,0.1100928783416748,-0.3578983545303345,-0.4174293875694275,0.0,0.0,0.0,0.0,0.0,0.0,0.0
39067013681,0,-0.0009430508362129331,-0.05501824617385864,-0.8428062200546265,6.569455581484362e-05,-0.04113857448101044,-0.8442511558532715,0.020563676953315735,-0.043409667909145355,0.022758806124329567,0.0020175008103251457,0.027759483084082603,-0.0014449357986450195,-0.006719173397868872,0.007965329103171825,0.44504597783088684,0.0,0.0,0.7145153880119324,0.04630180820822716,0.08086065202951431,0.3495791554450989,0.05565888434648514,-0.05647704377770424,0.396481990814209,0.04277029260993004,0.004117324948310852,-47.36388397216797,0.0028720968402922153,0.22214412689208984,-0.0489179790019989,-0.1308143436908722,0.002338816411793232,-0.37261539697647095,0.16445770859718323,13.425135612487793,10.273835182189941,12.706497192382812,10.967391014099121,-0.024531250819563866,-0.027597656473517418,0.004599609412252903,-0.013798828236758709,0.0,-0.009356629103422165,-0.01251012459397316,-0.0124952532351017,-0.014211279340088367,0.0,0.05512060225009918,-0.020841265097260475,-9.546497344970703,0.007776416838169098,0.0007486045360565186,-8.611615180969238,0.0,0.0,0.0,0.0,0.0,0.0,0.0,0.0,0.0,0.0,0.0,0.0,-0.018243787810206413,-0.013298685662448406,-0.005754662211984396,-0.011074542067945004,0.28600984811782837,0.2681962251663208,0.2724287509918213,0.28288957476615906,-0.4534730017185211,-0.2057131975889206,-0.5119951963424683,0.0,0.0,0.0,0.0,0.0,0.0,0.0
39077894297,0,-0.0014095520600676537,-0.05557091906666756,-0.8426633477210999,6.569455581484362e-05,-0.04113857448101044,-0.8442511558532715,0.024825403466820717,-0.0434589609503746,0.020912880077958107,0.00295050791464746,0.02886483445763588,-0.0015878081321716309,-0.006328671704977751,0.008565905503928661,0.4480326473712921,0.0,0.0,0.7145153880119324,0.04630180820822716,0.08086065202951431,0.3495791554450989,0.04661274328827858,-0.07068236172199249,0.3195909857749939,0.04277029260993004,0.004117324948310852,-47.36388397216797,0.0028720968402922153,0.22214412689208984,-0.0489179790019989,-0.1308143436908722,0.001973567996174097,-0.3716300129890442,0.16236114501953125,13.425135612487793,10.273835182189941,12.706497192382812,10.967391014099121,-0.026064453646540642,-0.027597656473517418,0.003066406352445483,-0.013798828236758709,0.0,-0.009356629103422165,-0.01251012459397316,-0.0124952532351017,-0.014211279340088367,0.0,0.05512060225009918,-0.020841265097260475,-9.546497344970703,0.0032182298600673676,0.005657628178596497,-8.594184875488281,0.0,0.0,0.0,0.0,0.0,0.0,0.0,0.0,0.0,0.0,0.0,0.0,-0.01569286547601223,-0.012589232996106148,-0.007960554212331772,-0.012135157361626625,0.3083016872406006,0.24667876958847046,0.2944227159023285,0.2604135572910309,-0.4534730017185211,-0.2057131975889206,-0.5119951963424683,0.0,0.0,0.0,0.0,0.0,0.0,0.0
39087012150,0,-0.0014095520600676537,-0.05557091906666756,-0.8426633477210999,6.569455581484362e-05,-0.04113857448101044,-0.8442511558532715,0.024825403466820717,-0.0434589609503746,0.020912880077958107,0.00295050791464746,0.02886483445763588,-0.0015878081321716309,-0.006328671704977751,0.008565905503928661,0.4480326473712921,0.0,0.0,0.7145153880119324,0.03779720142483711,0.06938879191875458,0.32346901297569275,0.04661274328827858,-0.07068236172199249,0.3195909857749939,0.04277029260993004,0.004117324948310852,-47.36388397216797,0.0028720968402922153,0.22214412689208984,-0.0489179790019989,-0.1308143436908722,0.001973567996174097,-0.3716300129890442,0.16236114501953125,13.425135612487793,10.273835182189941,12.706497192382812,10.967391014099121,-0.026064453646540642,-0.029130859300494194,0.0015332031762227416,-0.013798828236758709,0.0,-0.009356629103422165,-0.01251012459397316,-0.0124952532351017,-0.014211279340088367,0.0,-0.31637030839920044,-0.04317387565970421,-9.505449295043945,0.0032182298600673676,0.005657628178596497,-8.594184875488281,0.0,0.0,0.0,0.0,0.0,0.0,0.0,0.0,0.0,0.0,0.0,0.0,-0.013269082643091679,-0.012225717306137085,-0.009882214479148388,-0.013039879500865936,0.3083016872406006,0.24667876958847046,0.2944227159023285,0.2604135572910309,-0.4172228276729584,-0.4048382341861725,-1.254827857017517,0.0,0.0,0.0,0.0,0.0,0.0,0.0
39096808338,0,-0.0025796350091695786,-0.056764841079711914,-0.8423989415168762,6.569455581484362e-05,-0.04113857448101044,-0.8442511558532715,0.015539203770458698,-0.033980537205934525,0.01082355622202158,0.005290685687214136,0.03125268965959549,-0.0018522143363952637,-0.005241102073341608,0.00962038990110159,0.45372581481933594,0.0,0.0,0.6643900871276855,0.03779720142483711,0.06938879191875458,0.32346901297569275,0.039667923003435135,-0.08452571928501129,0.251265287399292,0.037875447422266006,-0.0234716534614563,-47.0120964050293,0.0037450711242854595,0.22622287273406982,-0.06801514327526093,-0.13079357147216797,0.0010372292017564178,-0.3697323501110077,0.1582716703414917,13.822281837463379,9.703493118286133,13.08881950378418,10.406482696533203,-0.024531250819563866,-0.027597656473517418,0.003066406352445483,-0.013798828236758709,0.0,-0.009917079471051693,-0.012416207231581211,-0.011251019313931465,-0.015746258199214935,0.0,-0.31637030839920044,-0.04317387565970421,-9.505449295043945,0.018639514222741127,-0.017447233200073242,-8.515846252441406,0.0,0.0,0.0,0.0,0.0,0.0,0.0,0.0,0.0,0.0,0.0,0.0,-0.0113809360191226,-0.012095082551240921,-0.011252088472247124,-0.013771799392998219,0.3159290552139282,0.23530803620815277,0.3018188178539276,0.24931339919567108,-0.4172228276729584,-0.4048382341861725,-1.254827857017517,0.0,0.0,0.0,0.0,0.0,0.0,0.0
39106692785,0,-0.0025796350091695786,-0.056764841079711914,-0.8423989415168762,6.569455581484362e-05,-0.04113857448101044,-0.8442511558532715,0.015539203770458698,-0.033980537205934525,0.01082355622202158,0.005290685687214136,0.03125268965959549,-0.0018522143363952637,-0.005241102073341608,0.00962038990110159,0.45372581481933594,0.0,0.0,0.6643900871276855,0.04125071316957474,0.06192414090037346,0.29944780468940735,0.039667923003435135,-0.08452571928501129,0.251265287399292,0.0959227904677391,-0.130242258310318,-46.7651481628418,-0.003489245194941759,0.22631871700286865,-0.045096561312675476,-0.13084469735622406,0.0005813060561195016,-0.36867955327033997,0.15573857724666595,13.176140785217285,10.203882217407227,12.465356826782227,10.928788185119629,-0.018398437649011612,-0.026064453646540642,0.0015332031762227416,-0.013798828236758709,0.0,-0.011715098284184933,-0.006101742386817932,-0.010436208918690681,-0.020331550389528275,0.0,-0.31637030839920044,-0.04317387565970421,-9.505449295043945,0.018639514222741127,-0.017447233200073242,-8.515846252441406,0.0,0.0,0.0,0.0,0.0,0.0,0.0,0.0,0.0,0.0,0.0,0.0,-0.010239293798804283,-0.011803125962615013,-0.011945419944822788,-0.014636825770139694,0.30350401997566223,0.2452879101037979,0.28974300622940063,0.25965163111686707,-0.14389868080615997,-0.5622650384902954,-1.7910990715026855,0.0,0.0,0.0,0.0,0.0,0.0,0.0
39116816616,0,-0.0032214203383773565,-0.05733533576130867,-0.8422697186470032,6.569455581484362e-05,-0.04113857448101044,-0.8442511558532715,0.01614215597510338,-0.029744533821940422,0.008754118345677853,0.006574262864887714,0.0323936864733696,-0.0019814372062683105,-0.004569830372929573,0.01026030071079731,0.4562036693096161,0.0,0.0,0.6643900871276855,0.04784277081489563,0.05110076814889908,0.2555629312992096,0.03690378740429878,-0.08605934679508209,0.24862957000732422,0.0959227904677391,-0.130242258310318,-46.7651481628418,-0.003489245194941759,0.22631871700286865,-0.045096561312675476,-0.13084469735622406,0.0005813060561195016,-0.36867955327033997,0.15573857724666595,16.057432174682617,7.315157413482666,15.345138549804688,8.089479446411133,-0.016865234822034836,-0.027597656473517418,0.0,-0.015332031063735485,0.0,-0.009612907655537128,-0.008511344902217388,-0.008477623574435711,-0.027469240128993988,0.0,0.10172979533672333,0.3533209264278412,-9.923625946044922,0.01744050718843937,-0.023680411279201508,-8.502754211425781,0.0,0.0,0.0,0.0,0.0,0.0,0.0,0.0,0.0,0.0,0.0,0.0,-0.009770222008228302,-0.011009935289621353,-0.01195515412837267,-0.016230836510658264,0.30350401997566223,0.2452879101037979,0.28974300622940063,0.25965163111686707,0.09332632273435593,-0.45603445172309875,-2.07377028465271,0.0,0.0,0.0,0.0,0.0,0.0,0.0
39127154701,0,-0.004506500903517008,-0.058492448180913925,-0.8420296907424927,6.569455581484362e-05,-0.04113857448101044,-0.8442511558532715,0.0036748971324414015,-0.03466234356164932,0.009619164280593395,0.009144436568021774,0.034707922488451004,-0.0022214651107788086,-0.003922000993043184,0.011450784280896187,0.4604818522930145,0.0,0.0,0.5115078687667847,0.04784277081489563,0.05110076814889908,0.2555629312992096,0.03690378740429878,-0.08605934679508209,0.24862957000732422,0.28284603357315063,-0.1328190118074417,-46.82302474975586,-0.019607003778219223,0.22950902581214905,-0.14495600759983063,-0.13105638325214386,-7.013673894107342e-05,-0.3667936623096466,0.15021078288555145,15.669200897216797,7.691036701202393,14.995450973510742,8.476740837097168,-0.015332031063735485,-0.027597656473517418,-0.003066406352445483,-0.016865234822034836,0.0,-0.005706130992621183,0.0005860283272340894,-0.013037335127592087,-0.034148577600717545,0.0,0.10172979533672333,0.3533209264278412,-9.923625946044922,0.05142655223608017,-0.024148911237716675,-8.513277053833008,0.0,0.0,0.0,0.0,0.0,0.0,0.0,0.0,0.0,0.0,0.0,0.0,-0.009427248500287533,-0.009627939201891422,-0.011618942953646183,-0.019067436456680298,0.35101446509361267,0.1946202963590622,0.33828800916671753,0.21061277389526367,0.09332632273435593,-0.45603445172309875,-2.07377028465271,0.0,0.0,0.0,0.0,0.0,0.0,0.0
39137273644,0,-0.004506500903517008,-0.058492448180913925,-0.8420296907424927,6.569455581484362e-05,-0.04113857448101044,-0.8442511558532715,0.0036748971324414015,-0.03466234356164932,0.009619164280593395,0.008738264441490173,0.04049483686685562,-0.0025525689125061035,-0.003922000993043184,0.011450784280896187,0.4604818522930145,0.0,0.0,0.41626977920532227,0.04426896572113037,0.04610462114214897,0.18050740659236908,0.02909889444708824,-0.09074422717094421,0.06017718091607094,0.28284603357315063,-0.1328190118074417,-46.82302474975586,-0.019607003778219223,0.22950902581214905,-0.14495600759983063,-0.13105638325214386,-7.013673894107342e-05,-0.3667936623096466,0.15021078288555145,15.669200897216797,7.691036701202393,14.995450973510742,8.476740837097168,-0.015332031063735485,-0.027597656473517418,-0.003066406352445483,-0.016865234822034836,0.0,-0.005706130992621183,0.0005860283272340894,-0.013037335127592087,-0.034148577600717545,0.0,-0.26136314868927,0.3928040862083435,-9.648015975952148,0.06751461327075958,0.0018492043018341064,-8.545525550842285,0.0,0.0,0.0,0.0,0.0,0.0,0.0,0.0,0.0,0.0,0.0,0.0,-0.008752149529755116,-0.007483180612325668,-0.011504975147545338,-0.022937262430787086,0.35101446509361267,0.1946202963590622,0.33828800916671753,0.21061277389526367,-0.03458477184176445,-0.2557559013366699,-3.482139825820923,0.0,0.0,0.0,0.0,0.0,0.0,0.0
39146844758,0,-0.004303415771573782,-0.06138589233160019,-0.8416985869407654,6.569455581484362e-05,-0.04113857448101044,-0.8442511558532715,0.0021982400212436914,-0.04397459328174591,0.013538296334445477,0.008738264441490173,0.04049483686685562,-0.0025525689125061035,-0.0030534567777067423,0.01275047566741705,0.46393969655036926,0.0,0.0,0.41626977920532227,0.04363274946808815,0.04507245123386383,0.12351721525192261,0.025239208713173866,-0.1011296883225441,-0.057224974036216736,0.3713303804397583,0.010170623660087585,-47.000389099121094,-0.01821926422417164,0.2242266833782196,-0.15529082715511322,-0.13158981502056122,-0.0006760843098163605,-0.3647708296775818,0.14364148676395416,14.523571968078613,8.907228469848633,13.904594421386719,9.67155933380127,-0.010732421651482582,-0.024531250819563866,0.0,-0.013798828236758709,0.0,-0.0005612553795799613,-0.00172255071811378,-0.019988493993878365,-0.02799518220126629,0.0,-0.26136314868927,0.3928040862083435,-9.648015975952148,0.06751461327075958,0.0018492043018341064,-8.545525550842285,0.0,0.0,0.0,0.0,0.0,0.0,0.0,0.0,0.0,0.0,0.0,0.0,-0.007620711345225573,-0.005045872647315264,-0.012052356265485287,-0.026625415310263634,0.35623133182525635,0.19021493196487427,0.3439284861087799,0.2057255655527115,0.05431835725903511,-0.2654082477092743,-4.4321112632751465,0.0,0.0,0.0,0.0,0.0,0.0,0.0
39158445391,0,-0.004303415771573782,-0.06138589233160019,-0.8416985869407654,6.569455581484362e-05,-0.04113857448101044,-0.8442511558532715,0.0021982400212436914,-0.04397459328174591,0.013538296334445477,0.008738264441490173,0.04049483686685562,-0.0025525689125061035,-0.0030534567777067423,0.01275047566741705,0.46393969655036926,0.0,0.0,0.41626977920532227,0.04363274946808815,0.04507245123386383,0.12351721525192261,0.025239208713173866,-0.1011296883225441,-0.057224974036216736,0.3713303804397583,0.010170623660087585,-47.000389099121094,-0.02440471574664116,0.22030676901340485,-0.09851852059364319,-0.13201668858528137,-0.001021926524117589,-0.3635365664958954,0.13922640681266785,14.523571968078613,8.907228469848633,13.904594421386719,9.67155933380127,-0.009199218824505806,-0.024531250819563866,-0.0015332031762227416,-0.016865234822034836,0.0,-0.0005932041094638407,-0.0017746395897120237,-0.020021868869662285,-0.028043171390891075,0.0,-0.26136314868927,0.3928040862083435,-9.648015975952148,0.06751461327075958,0.0018492043018341064,-8.545525550842285,0.0,0.0,0.0,0.0,0.0,0.0,0.0,0.0,0.0,0.0,0.0,0.0,-0.00600041076540947,-0.003129835706204176,-0.013466868549585342,-0.02897813357412815,0.3293253183364868,0.21931643784046173,0.3175062835216522,0.23466958105564117,0.05431835725903511,-0.2654082477092743,-4.4321112632751465,0.0,0.0,0.0,0.0,0.0,0.0,0.0
39167683878,0,-0.004120068624615669,-0.06243443861603737,-0.8416244983673096,6.569455581484362e-05,-0.04113857448101044,-0.8442511558532715,0.005595375783741474,-0.03905562683939934,0.009892011061310768,0.008371568284928799,0.042591940611600876,-0.002626657485961914,-0.0022372757084667683,0.0127026978880167,0.46402618288993835,0.0,0.0,0.1957184076309204,0.04869890958070755,0.040783461183309555,0.06868395209312439,0.018749289214611053,-0.1008114218711853,-0.0573226623237133,0.3201735317707062,0.0010315850377082825,-46.850738525390625,-0.03280198574066162,0.22242006659507751,-0.24651551246643066,-0.13252347707748413,-0.001021926524117589,-0.3635365664958954,0.13922640681266785,18.174930572509766,5.153929710388184,17.57843589782715,5.9484686851501465,-0.0076660155318677425,-0.024531250819563866,-0.003066406352445483,-0.021464843302965164,0.0,-0.0016772598028182983,-0.006056295242160559,-0.01465543545782566,-0.04319783300161362,0.0,-0.3879830241203308,0.48103728890419006,-9.965069770812988,0.05821337178349495,0.00018756091594696045,-8.518316268920898,0.0,0.0,0.0,0.0,0.0,0.0,0.0,0.0,0.0,0.0,0.0,0.0,-0.004254286177456379,-0.002132551744580269,-0.015123015269637108,-0.030659599229693413,0.3293253183364868,0.21931643784046173,0.3175062835216522,0.23466958105564117,0.3934924304485321,-0.3629327416419983,-4.788952350616455,0.0,0.0,0.0,0.0,0.0,0.0,0.0
39177132841,0,-0.004120068624615669,-0.06243443861603737,-0.8416244983673096,6.569455581484362e-05,-0.04113857448101044,-0.8442511558532715,0.005595375783741474,-0.03905562683939934,0.009892011061310768,0.007928390987217426,0.046670179814100266,-0.0027108192443847656,-0.0022372757084667683,0.0127026978880167,0.46402618288993835,0.0,0.0,0.10298658162355423,0.06554614007472992,0.03765653446316719,0.0253672543913126,0.013391313143074512,-0.10624819248914719,-0.43229877948760986,0.4243655502796173,-0.034011080861091614,-46.80790710449219,-0.0609658807516098,0.21974460780620575,-0.21067814528942108,-0.13317202031612396,-0.001396993175148964,-0.3609652817249298,0.12851762771606445,17.220666885375977,6.0003743171691895,16.719297409057617,6.872931003570557,-0.009199218824505806,-0.024531250819563866,-0.006132812704890966,-0.026064453646540642,0.0,-0.0003914521948900074,0.0028845579363405704,-0.016913199797272682,-0.04465559870004654,0.0,-0.1214311495423317,-0.14452552795410156,-10.134270668029785,0.09148484468460083,-0.018147632479667664,-8.48290729522705,0.0,0.0,0.0,0.0,0.0,0.0,0.0,0.0,0.0,0.0,0.0,0.0,-0.0028106628451496363,-0.0017561347922310233,-0.016202963888645172,-0.03316834941506386,0.3800135850906372,0.15972302854061127,0.3706883490085602,0.17781789600849152,1.0874943733215332,-0.41068094968795776,-4.492654800415039,0.0,0.0,0.0,0.0,0.0,0.0,0.0
39187210862,0,-0.0038984809070825577,-0.06447354704141617,-0.8415403366088867,6.569455581484362e-05,-0.04113857448101044,-0.8442511558532715,-0.013863345608115196,-0.034189291298389435,0.005104753188788891,0.007928390987217426,0.046670179814100266,-0.0027108192443847656,-0.0010398058220744133,0.013618925586342812,0.4638836085796356,0.0,0.0,0.10298658162355423,0.09566222876310349,0.020519249141216278,-0.08938971906900406,0.013391313143074512,-0.10624819248914719,-0.43229877948760986,0.41254734992980957,0.040032580494880676,-46.216609954833984,-0.10969846695661545,0.2364301085472107,-0.17994321882724762,-0.13474886119365692,-0.001396993175148964,-0.3609652817249298,0.12851762771606445,16.251596450805664,6.522213459014893,15.854557037353516,7.5919647216796875,-0.0076660155318677425,-0.02299804612994194,-0.006132812704890966,-0.027597656473517418,0.0,0.0008334580343216658,-0.002263388130813837,-0.019331753253936768,-0.036648258566856384,0.0,0.3993702828884125,0.4283653199672699,-9.893112182617188,0.09148484468460083,-0.018147632479667664,-8.48290729522705,0.0,0.0,0.0,0.0,0.0,0.0,0.0,0.0,0.0,0.0,0.0,0.0,-0.0016570701263844967,-0.0013646160950884223,-0.016872569918632507,-0.03608524799346924,0.3800135850906372,0.15972302854061127,0.3706883490085602,0.17781789600849152,1.42576265335083,-0.7545117735862732,-5.626175403594971,0.0,0.0,0.0,0.0,0.0,0.0,0.0
39197929603,0,-0.0036829051095992327,-0.06644661724567413,-0.841572642326355,6.569455581484362e-05,-0.04113857448101044,-0.8442511558532715,-0.0016025709919631481,-0.037897609174251556,-0.006479127332568169,0.00749723706394434,0.05061633884906769,-0.002678513526916504,0.0004643884894903749,0.01380709744989872,0.4612475633621216,0.0,0.0,0.10298658162355423,0.09566222876310349,0.020519249141216278,-0.08938971906900406,-0.0004706838517449796,-0.10923804342746735,-0.4282245934009552,0.41254734992980957,0.040032580494880676,-46.216609954833984,-0.10969846695661545,0.2364301085472107,-0.17994321882724762,-0.13474886119365692,-0.0006920727901160717,-0.3586422801017761,0.11682765185832977,16.251596450805664,6.522213459014893,15.854557037353516,7.5919647216796875,-0.003066406352445483,-0.019931640475988388,-0.004599609412252903,-0.024531250819563866,0.0,0.0008334580343216658,-0.002263388130813837,-0.019331753253936768,-0.036648258566856384,0.0,0.45409804582595825,0.0837269052863121,-10.695527076721191,0.07500860840082169,0.007278650999069214,-8.403019905090332,0.0,0.0,0.0,0.0,0.0,0.0,0.0,0.0,0.0,0.0,0.0,0.0,-0.0006866561598144472,-0.0011004263069480658,-0.017544103786349297,-0.03799309581518173,0.3619498014450073,0.1705666184425354,0.35450130701065063,0.19259388744831085,1.42576265335083,-0.7545117735862732,-5.626175403594971,0.0,0.0,0.0,0.0,0.0,0.0,0.0
39207406837,0,-0.0036829051095992327,-0.06644661724567413,-0.841572642326355,6.569455581484362e-05,-0.04113857448101044,-0.8442511558532715,-0.0016025709919631481,-0.037897609174251556,-0.006479127332568169,0.007371718995273113,0.052603255957365036,-0.0026099085807800293,0.0004643884894903749,0.01380709744989872,0.4612475633621216,0.0,0.0,-0.0047828578390181065,0.10122768580913544,0.01640189066529274,-0.1579194962978363,-0.0004706838517449796,-0.10923804342746735,-0.4282245934009552,0.43034425377845764,0.0112510547041893,-46.071311950683594,-0.10999336838722229,0.2345617711544037,-0.2109239399433136,-0.13574635982513428,0.00010945042595267296,-0.35745716094970703,0.10942516475915909,16.98453140258789,5.715295314788818,16.5979061126709,6.777441024780273,0.0015332031762227416,-0.016865234822034836,-0.0015332031762227416,-0.026064453646540642,0.0,0.0005049970932304859,0.0001087301061488688,-0.01829717680811882,-0.043647173792123795,0.0,0.45409804582595825,0.0837269052863121,-10.695527076721191,0.0782444104552269,0.0020456463098526,-8.376602172851562,0.0,0.0,0.0,0.0,0.0,0.0,0.0,0.0,0.0,0.0,0.0,0.0,5.59551699552685e-05,-0.0010756626725196838,-0.018156515434384346,-0.03900611028075218,0.3756271004676819,0.1537715345621109,0.36842402815818787,0.17584657669067383,0.8828124403953552,-0.5590036511421204,-6.00931453704834,0.0,0.0,0.0,0.0,0.0,0.0,0.0
39217290245,0,-0.0036201465409249067,-0.06744007021188736,-0.8416412472724915,6.569455581484362e-05,-0.04113857448101044,-0.8442511558532715,-0.004600216634571552,-0.03423076868057251,-0.01053717453032732,0.007107422221451998,0.057926200330257416,-0.0022086501121520996,0.0021524913609027863,0.01367989368736744,0.45886847376823425,0.0,0.0,-0.0047828578390181065,0.10797707736492157,0.009585987776517868,-0.23570133745670319,0.0001718898129183799,-0.1120835393667221,-0.5543705224990845,0.43034425377845764,0.0112510547041893,-46.071311950683594,-0.10999336838722229,0.2345617711544037,-0.2109239399433136,-0.13574635982513428,0.00010945042595267296,-0.35745716094970703,0.10942516475915909,16.98453140258789,5.715295314788818,16.5979061126709,6.777441024780273,0.0015332031762227416,-0.013798828236758709,-0.003066406352445483,-0.032197266817092896,0.0,0.0005049970932304859,0.0001087301061488688,-0.01829717680811882,-0.043647173792123795,0.0,-0.3626984655857086,0.3066578209400177,-9.783185005187988,0.09046044945716858,0.018159836530685425,-8.265862464904785,0.0,0.0,0.0,0.0,0.0,0.0,0.0,0.0,0.0,0.0,0.0,0.0,0.0005191934178583324,-0.0009543609921820462,-0.01853138953447342,-0.040037851780653,0.3756271004676819,0.1537715345621109,0.36842402815818787,0.17584657669067383,0.44678935408592224,-0.3540065586566925,-4.3532795906066895,0.0,0.0,0.0,0.0,0.0,0.0,0.0
39228705370,0,-0.00348799885250628,-0.0701015293598175,-0.8420425057411194,6.569455581484362e-05,-0.04113857448101044,-0.8442511558532715,-0.007651203777641058,-0.03863558545708656,-0.026207925751805305,0.007107422221451998,0.057926200330257416,-0.0022086501121520996,0.0038280885200947523,0.01402852963656187,0.45201173424720764,0.0,0.0,-0.0047828578390181065,0.10797707736492157,0.009585987776517868,-0.23570133745670319,-0.020130028948187828,-0.11383730173110962,-0.5473448038101196,0.6377277374267578,0.1692969799041748,-45.93876647949219,-0.13786955177783966,0.23598377406597137,-0.1480056345462799,-0.13782060146331787,0.0019038296304643154,-0.35524171590805054,0.09450091421604156,15.335338592529297,7.212670803070068,15.035079956054688,8.361528396606445,0.0015332031762227416,-0.012265625409781933,-0.004599609412252903,-0.03526367247104645,0.0,0.008837305940687656,0.0021920164581388235,-0.028945114463567734,-0.037731751799583435,0.0,-0.3626984655857086,0.3066578209400177,-9.783185005187988,0.09046044945716858,0.018159836530685425,-8.265862464904785,0.0,0.0,0.0,0.0,0.0,0.0,0.0,0.0,0.0,0.0,0.0,0.0,0.0011287843808531761,-0.0006024282774887979,-0.019163746386766434,-0.04093840345740318,0.3756271004676819,0.1537715345621109,0.36842402815818787,0.17584657669067383,0.44678935408592224,-0.3540065586566925,-4.3532795906066895,0.0,0.0,0.0,0.0,0.0,0.0,0.0
39251365995,0,-0.00348799885250628,-0.0701015293598175,-0.8420425057411194,6.569455581484362e-05,-0.04113857448101044,-0.8442511558532715,-0.007651203777641058,-0.03863558545708656,-0.026207925751805305,0.007107422221451998,0.057926200330257416,-0.0022086501121520996,0.0038280885200947523,0.01402852963656187,0.45201173424720764,0.0,0.0,-0.0047828578390181065,0.10797707736492157,0.009585987776517868,-0.23570133745670319,-0.03207401558756828,-0.1099809780716896,-0.5437601804733276,0.6377277374267578,0.1692969799041748,-45.93876647949219,-0.13786955177783966,0.23598377406597137,-0.1480056345462799,-0.13782060146331787,0.0028520673513412476,-0.35424381494522095,0.08753415942192078,15.335338592529297,7.212670803070068,15.035079956054688,8.361528396606445,0.0015332031762227416,-0.013798828236758709,-0.006132812704890966,-0.038330078125,0.0,0.008837305940687656,0.0021920164581388235,-0.028945114463567734,-0.037731751799583435,0.0,-0.3626984655857086,0.3066578209400177,-9.783185005187988,0.09046044945716858,0.018159836530685425,-8.265862464904785,0.0,0.0,0.0,0.0,0.0,0.0,0.0,0.0,0.0,0.0,0.0,0.0,0.002466636011376977,-9.798124665394425e-06,-0.020788464695215225,-0.041062481701374054,0.3309174180030823,0.1940576136112213,0.32487261295318604,0.21929199993610382,0.44678935408592224,-0.3540065586566925,-4.3532795906066895,0.0,0.0,0.0,0.0,0.0,0.0,0.0
39251435622,0,-0.00348799885250628,-0.0701015293598175,-0.8420425057411194,6.569455581484362e-05,-0.04113857448101044,-0.8442511558532715,-0.007651203777641058,-0.03863558545708656,-0.026207925751805305,0.007107422221451998,0.057926200330257416,-0.0022086501121520996,0.0038280885200947523,0.01402852963656187,0.45201173424720764,0.0,0.0,-0.0047828578390181065,0.10499846190214157,-0.019277457147836685,-0.31029537320137024,-0.03207401558756828,-0.1099809780716896,-0.5437601804733276,0.40436649322509766,0.10154355317354202,-45.69169616699219,-0.1524145007133484,0.2795374095439911,-0.09292249381542206,-0.1400943547487259,0.004031139425933361,-0.3532746732234955,0.0793675035238266,13.93819808959961,8.44036865234375,13.553788185119629,9.763872146606445,0.003066406352445483,-0.013798828236758709,-0.0076660155318677425,-0.039863280951976776,0.0,0.0019076960161328316,-0.00535670667886734,-0.024434169754385948,-0.02656436152756214,0.0,-0.17939244210720062,-0.3321501612663269,-9.550627708435059,0.09046044945716858,0.018159836530685425,-8.265862464904785,0.0,0.0,0.0,0.0,0.0,0.0,0.0,0.0,0.0,0.0,0.0,0.0,0.003980494104325771,0.00033972313394770026,-0.022884545847773552,-0.03999372199177742,0.3181498348712921,0.20987568795681,0.3107757270336151,0.23651514947414398,-0.023791568353772163,-0.5276147127151489,-2.548870086669922,0.0,0.0,0.0,0.0,0.0,0.0,0.0
39307657119,0,-0.0034126192331314087,-0.07234014570713043,-0.8425571322441101,6.569455581484362e-05,-0.04113857448101044,-0.8442511558532715,-0.011433525010943413,-0.03877786174416542,-0.019283825531601906,0.006956662517040968,0.06240345537662506,-0.001694023609161377,0.006529484875500202,0.013197643682360649,0.4431873559951782,0.0,0.0,-0.0047828578390181065,0.10499846190214157,-0.019277457147836685,-0.31029537320137024,-0.04231100156903267,-0.10914425551891327,-0.5367793440818787,0.47811830043792725,0.09673238545656204,-46.152748107910156,-0.15233469009399414,0.26778173446655273,-0.0742751955986023,-0.14135383069515228,0.005263132508844137,-0.352372407913208,0.07125474512577057,13.566961288452148,9.042133331298828,13.223234176635742,10.326684951782227,0.003066406352445483,-0.013798828236758709,-0.0076660155318677425,-0.039863280951976776,0.0,0.003655575215816498,-0.002079727128148079,-0.02699257805943489,-0.027939585968852043,0.0,-0.17939244210720062,-0.3321501612663269,-9.550627708435059,0.09991341829299927,0.024631977081298828,-8.330022811889648,0.0,0.0,0.0,0.0,0.0,0.0,0.0,0.0,0.0,0.0,0.0,0.0,0.004742848686873913,-4.011514101875946e-05,-0.024527493864297867,-0.037568625062704086,0.31102895736694336,0.2220354974269867,0.3044123649597168,0.2477288395166397,-0.023791568353772163,-0.5276147127151489,-2.548870086669922,0.0,0.0,0.0,0.0,0.0,0.0,0.0
39307695842,0,-0.0034126192331314087,-0.07234014570713043,-0.8425571322441101,6.569455581484362e-05,-0.04113857448101044,-0.8442511558532715,-0.011433525010943413,-0.03877786174416542,-0.019283825531601906,0.006956662517040968,0.06240345537662506,-0.001694023609161377,0.006529484875500202,0.013197643682360649,0.4431873559951782,0.0,0.0,-0.0047828578390181065,0.11442125588655472,-0.00022103465744294226,-0.32086965441703796,-0.06207690387964249,-0.11094927042722702,-0.5284273624420166,0.532357394695282,0.18008267879486084,-45.29817199707031,-0.18265362083911896,0.23365172743797302,-0.060092657804489136,-0.14297479391098022,0.005263132508844137,-0.352372407913208,0.07125474512577057,12.8975248336792,9.191107749938965,12.756424903869629,10.461877822875977,0.003066406352445483,-0.012265625409781933,-0.0076660155318677425,-0.04139648377895355,0.0,0.0074804360046982765,-0.003357537556439638,-0.03193388506770134,-0.02676275558769703,0.0,0.14079970121383667,-0.18113481998443604,-9.177106857299805,0.09991341829299927,0.024631977081298828,-8.330022811889648,0.0,0.0,0.0,0.0,0.0,0.0,0.0,0.0,0.0,0.0,0.0,0.0,0.005012967623770237,-0.0008134087547659874,-0.02590031549334526,-0.03448138386011124,0.31102895736694336,0.2220354974269867,0.3044123649597168,0.2477288395166397,0.19534046947956085,0.4275307357311249,-1.051328420639038,0.0,0.0,0.0,0.0,0.0,0.0,0.0
39307707001,0,-0.003497789381071925,-0.07371894270181656,-0.8429057002067566,6.569455581484362e-05,-0.04113857448101044,-0.8442511558532715,-0.01065387949347496,-0.038313936442136765,-0.020845280960202217,0.0071270037442445755,0.06516106426715851,-0.0013454556465148926,0.008546283468604088,0.013443992473185062,0.4374666213989258,0.0,0.0,-0.0047828578390181065,0.11442125588655472,-0.00022103465744294226,-0.32086965441703796,-0.06207690387964249,-0.11094927042722702,-0.5284273624420166,0.532357394695282,0.18008267879486084,-45.29817199707031,-0.18265362083911896,0.23365172743797302,-0.060092657804489136,-0.14297479391098022,0.008046240545809269,-0.3501688241958618,0.05679146945476532,12.8975248336792,9.191107749938965,12.756424903869629,10.461877822875977,0.003066406352445483,-0.012265625409781933,-0.009199218824505806,-0.04292968660593033,0.0,0.0074804360046982765,-0.003357537556439638,-0.03193388506770134,-0.02676275558769703,0.0,0.14079970121383667,-0.18113481998443604,-9.177106857299805,0.09984106570482254,0.030248254537582397,-8.326150894165039,0.0,0.0,0.0,0.0,0.0,0.0,0.0,0.0,0.0,0.0,0.0,0.0,0.005424682050943375,-0.0016042371280491352,-0.027460893616080284,-0.03159302845597267,0.2981216609477997,0.22503356635570526,0.29539012908935547,0.25041258335113525,0.19534046947956085,0.4275307357311249,-1.051328420639038,0.0,0.0,0.0,0.0,0.0,0.0,0.0
39307717157,0,-0.0035520948003977537,-0.0744132399559021,-0.8430677056312561,6.569455581484362e-05,-0.04113857448101044,-0.8442511558532715,-0.013659692369401455,-0.03171740099787712,-0.007815810851752758,0.00723561504855752,0.06654966622591019,-0.0011834502220153809,0.009489038027822971,0.012971660122275352,0.4349144995212555,0.0,0.0,-0.0047828578390181065,0.11442125588655472,-0.00022103465744294226,-0.32086965441703796,-0.06783828139305115,-0.10841295123100281,-0.5251408219337463,0.5558754801750183,0.10091404616832733,-46.348899841308594,-0.18302807211875916,0.2524685263633728,-0.0652070939540863,-0.1442282795906067,0.009667306207120419,-0.34889286756515503,0.04983346909284592,13.31509780883789,9.297797203063965,13.120146751403809,10.625619888305664,0.003066406352445483,-0.010732421651482582,-0.010732421651482582,-0.04139648377895355,0.0,0.005665802396833897,0.0004391662951093167,-0.029651880264282227,-0.02989664301276207,0.0,0.14079970121383667,-0.18113481998443604,-9.177106857299805,0.10106826573610306,0.018348008394241333,-8.427072525024414,0.0,0.0,0.0,0.0,0.0,0.0,0.0,0.0,0.0,0.0,0.0,0.0,0.005922798067331314,-0.002141558798030019,-0.028948523104190826,-0.02942575328052044,0.306182861328125,0.2271777242422104,0.30242347717285156,0.25365790724754333,0.19534046947956085,0.4275307357311249,-1.051328420639038,0.0,0.0,0.0,0.0,0.0,0.0,0.0
39307727632,0,-0.0035520948003977537,-0.0744132399559021,-0.8430677056312561,6.569455581484362e-05,-0.04113857448101044,-0.8442511558532715,-0.013659692369401455,-0.03171740099787712,-0.007815810851752758,0.00723561504855752,0.06654966622591019,-0.0011834502220153809,0.009489038027822971,0.012971660122275352,0.4349144995212555,0.0,0.0,-0.0047828578390181065,0.09505847096443176,-0.023390378803014755,-0.29699698090553284,-0.06783828139305115,-0.10841295123100281,-0.5251408219337463,0.538190484046936,0.11850803345441818,-46.28974914550781,-0.17250289022922516,0.2720543444156647,-0.07270976901054382,-0.1454804241657257,0.009667306207120419,-0.34889286756515503,0.04983346909284592,13.534220695495605,9.081428527832031,13.246586799621582,10.437108039855957,0.003066406352445483,-0.010732421651482582,-0.012265625409781933,-0.04139648377895355,0.0,0.0054711331613361835,-0.0010736994445323944,-0.029469123110175133,-0.02937164716422558,0.0,0.13179543614387512,0.1049351617693901,-8.913143157958984,0.10106826573610306,0.018348008394241333,-8.427072525024414,0.0,0.0,0.0,0.0,0.0,0.0,0.0,0.0,0.0,0.0,0.0,0.0,0.006195086985826492,-0.002174546243622899,-0.02990678697824478,-0.028277959674596786,0.306182861328125,0.2271777242422104,0.30242347717285156,0.25365790724754333,-0.7547637224197388,-0.6974121928215027,0.5909648537635803,0.0,0.0,0.0,0.0,0.0,0.0,0.0
39307738321,0,-0.0035520948003977537,-0.0744132399559021,-0.8430677056312561,6.569455581484362e-05,-0.04113857448101044,-0.8442511558532715,-0.013659692369401455,-0.03171740099787712,-0.007815810851752758,0.00749965850263834,0.06933499127626419,-0.0008873939514160156,0.009489038027822971,0.012971660122275352,0.4349144995212555,0.0,0.0,-0.0047828578390181065,0.08295685052871704,-0.028185231611132622,-0.28610941767692566,-0.06783828139305115,-0.10841295123100281,-0.5251408219337463,0.5838490128517151,0.13891026377677917,-45.827274322509766,-0.16445405781269073,0.2773893475532532,-0.07506398856639862,-0.14655621349811554,0.012515509501099586,-0.34689992666244507,0.03878822177648544,13.497526168823242,8.911434173583984,13.169716835021973,10.258420944213867,0.004599609412252903,-0.013798828236758709,-0.012265625409781933,-0.04139648377895355,0.0,0.007129796780645847,-0.00022337715199682862,-0.0315043069422245,-0.03086830861866474,0.0,0.11362001299858093,0.4668468236923218,-9.389512062072754,0.10615436732769012,0.025256410241127014,-8.332231521606445,0.0,0.0,0.0,0.0,0.0,0.0,0.0,0.0,0.0,0.0,0.0,0.0,0.006280910223722458,-0.0018786154687404633,-0.03039962612092495,-0.028008539229631424,0.3096940815448761,0.2194012999534607,0.3033800721168518,0.24637243151664734,-1.0247039794921875,-0.5830952525138855,0.8173015117645264,0.0,0.0,0.0,0.0,0.0,0.0,0.0
39318073293,0,-0.003807221772149205,-0.07773322612047195,-0.8437331318855286,6.569455581484362e-05,-0.04113857448101044,-0.8442511558532715,-0.01630859263241291,-0.029313022270798683,-0.0009529190720058978,0.0077458713203668594,0.07318966835737228,-0.0005180239677429199,0.011829311959445477,0.012345479801297188,0.42235901951789856,0.0,0.0,-0.0047828578390181065,0.08295685052871704,-0.028185231611132622,-0.28610941767692566,-0.0792287290096283,-0.103526771068573,-0.5189880132675171,0.5838490128517151,0.13891026377677917,-45.827274322509766,-0.16445405781269073,0.2773893475532532,-0.07506398856639862,-0.14655621349811554,0.012515509501099586,-0.34689992666244507,0.03878822177648544,13.497526168823242,8.911434173583984,13.169716835021973,10.258420944213867,0.006132812704890966,-0.015332031063735485,-0.013798828236758709,-0.04139648377895355,0.0,0.007129796780645847,-0.00022337715199682862,-0.0315043069422245,-0.03086830861866474,0.0,0.11362001299858093,0.4668468236923218,-9.389512062072754,0.10872308909893036,0.025250211358070374,-8.471200942993164,0.0,0.0,0.0,0.0,0.0,0.0,0.0,0.0,0.0,0.0,0.0,0.0,0.006403245031833649,-0.0014668633230030537,-0.030751967802643776,-0.02833469584584236,0.3096940815448761,0.2194012999534607,0.3033800721168518,0.24637243151664734,-1.0247039794921875,-0.5830952525138855,0.8173015117645264,0.0,0.0,0.0,0.0,0.0,0.0,0.0
39329322233,0,-0.003807221772149205,-0.07773322612047195,-0.8437331318855286,6.569455581484362e-05,-0.04113857448101044,-0.8442511558532715,-0.01630859263241291,-0.029313022270798683,-0.0009529190720058978,0.0077458713203668594,0.07318966835737228,-0.0005180239677429199,0.011829311959445477,0.012345479801297188,0.42235901951789856,0.0,0.0,-0.0047828578390181065,0.05984961614012718,-0.013046334497630596,-0.26887789368629456,-0.08532141149044037,-0.10581225901842117,-0.5118408799171448,0.6063461303710938,0.178301602602005,-46.197486877441406,-0.14968006312847137,0.24848368763923645,-0.07205523550510406,-0.14890064299106598,0.014938166365027428,-0.3447447419166565,0.02996326982975006,13.491984367370605,9.1474027633667,13.210392951965332,10.358000755310059,0.0076660155318677425,-0.013798828236758709,-0.013798828236758709,-0.04139648377895355,0.0,0.008565661497414112,-0.0011491706827655435,-0.033257484436035156,-0.03024066425859928,0.0,0.14779230952262878,0.18936753273010254,-9.648306846618652,0.10872308909893036,0.025250211358070374,-8.471200942993164,0.0,0.0,0.0,0.0,0.0,0.0,0.0,0.0,0.0,0.0,0.0,0.0,0.006663718726485968,-0.0010776100680232048,-0.03114495985209942,-0.02893367037177086,0.309587687253952,0.2241545468568802,0.30416467785835266,0.2483510673046112,-1.0419915914535522,0.38661983609199524,0.7642455697059631,0.0,0.0,0.0,0.0,0.0,0.0,0.0
39387298959,0,-0.0038747696671634912,-0.07833056151866913,-0.8438225984573364,6.569455581484362e-05,-0.04113857448101044,-0.8442511558532715,-0.014655784703791142,-0.024746188893914223,-0.0009200118365697563,0.007880967110395432,0.07438434660434723,-0.0004285573959350586,0.012392534874379635,0.011784418486058712,0.41976240277290344,0.0,0.0,-0.0047828578390181065,0.05060369521379471,-0.013792119920253754,-0.27114593982696533,-0.0902162417769432,-0.10170344263315201,-0.5087364912033081,0.5979769825935364,0.13887616991996765,-46.59160614013672,-0.14796459674835205,0.254750519990921,-0.056855857372283936,-0.15016593039035797,0.016123095527291298,-0.3433879613876343,0.025841310620307922,13.222128868103027,9.619601249694824,12.917510986328125,10.843279838562012,0.0076660155318677425,-0.012265625409781933,-0.013798828236758709,-0.039863280951976776,0.0,0.007358422968536615,-9.430438512936234e-05,-0.03280947357416153,-0.030026838183403015,0.0,0.14779230952262878,0.18936753273010254,-9.648306846618652,0.10282306373119354,0.020733460783958435,-8.46616268157959,0.0,0.0,0.0,0.0,0.0,0.0,0.0,0.0,0.0,0.0,0.0,0.0,0.007020851597189903,-0.000808004115242511,-0.03162650763988495,-0.029488518834114075,0.3043910264968872,0.23362992703914642,0.2985081672668457,0.257963091135025,-0.8978439569473267,0.07261268049478531,0.29875707626342773,0.0,0.0,0.0,0.0,0.0,0.0,0.0
39387336946,0,-0.0038747696671634912,-0.07833056151866913,-0.8438225984573364,6.569455581484362e-05,-0.04113857448101044,-0.8442511558532715,-0.014655784703791142,-0.024746188893914223,-0.0009200118365697563,0.007880967110395432,0.07438434660434723,-0.0004285573959350586,0.012392534874379635,0.011784418486058712,0.41976240277290344,0.0,0.0,-0.0047828578390181065,0.022587385028600693,-0.042519114911556244,-0.27258193492889404,-0.0902162417769432,-0.10170344263315201,-0.5087364912033081,0.6119211316108704,0.12492718547582626,-46.408302307128906,-0.11704076826572418,0.29897937178611755,-0.039535388350486755,-0.15266279876232147,0.016123095527291298,-0.3433879613876343,0.025841310620307922,12.85859489440918,9.987251281738281,12.323771476745605,11.250959396362305,0.0076660155318677425,-0.010732421651482582,-0.015332031063735485,-0.039863280951976776,0.0,0.0073552620597183704,0.000624851614702493,-0.03461100533604622,-0.03005673550069332,0.0,0.3322366178035736,0.056220293045043945,-9.322105407714844,0.10282306373119354,0.020733460783958435,-8.46616268157959,0.0,0.0,0.0,0.0,0.0,0.0,0.0,0.0,0.0,0.0,0.0,0.0,0.007314331363886595,-0.000559198553673923,-0.032185401767492294,-0.029871976003050804,0.3043910264968872,0.23362992703914642,0.2985081672668457,0.257963091135025,-1.0682188272476196,-0.988854706287384,0.09243934601545334,0.0,0.0,0.0,0.0,0.0,0.0,0.0
39387345325,0,-0.003960015252232552,-0.07955143600702286,-0.8439456224441528,6.569455581484362e-05,-0.04113857448101044,-0.8442511558532715,-0.021964646875858307,-0.02850707620382309,-0.0040757968090474606,0.008051459677517414,0.07682611048221588,-0.00030553340911865234,0.011901472695171833,0.010933949612081051,0.4148818552494049,0.0,0.0,-0.0047828578390181065,0.022587385028600693,-0.042519114911556244,-0.27258193492889404,-0.09247146546840668,-0.09147940576076508,-0.5009728670120239,0.6119211316108704,0.12492718547582626,-46.408302307128906,-0.11704076826572418,0.29897937178611755,-0.039535388350486755,-0.15266279876232147,0.018142785876989365,-0.3411223888397217,0.018526121973991394,12.85859489440918,9.987251281738281,12.323771476745605,11.250959396362305,0.0076660155318677425,-0.009199218824505806,-0.016865234822034836,-0.039863280951976776,0.0,0.0073552620597183704,0.000624851614702493,-0.03461100533604622,-0.03005673550069332,0.0,0.3322366178035736,0.056220293045043945,-9.322105407714844,0.12076881527900696,0.026878923177719116,-8.434367179870605,0.0,0.0,0.0,0.0,0.0,0.0,0.0,0.0,0.0,0.0,0.0,0.0,0.0074663665145635605,-0.0002515194355510175,-0.03282475471496582,-0.030093282461166382,0.2973683476448059,0.2409738451242447,0.2869901657104492,0.26600053906440735,-1.0682188272476196,-0.988854706287384,0.09243934601545334,0.0,0.0,0.0,0.0,0.0,0.0,0.0
39388181301,0,-0.003960015252232552,-0.07955143600702286,-0.8439456224441528,6.569455581484362e-05,-0.04113857448101044,-0.8442511558532715,-0.021964646875858307,-0.02850707620382309,-0.0040757968090474606,0.008051459677517414,0.07682611048221588,-0.00030553340911865234,0.011901472695171833,0.010933949612081051,0.4148818552494049,0.0,0.0,-0.0047828578390181065,0.0011861269595101476,-0.042981747537851334,-0.2749626934528351,-0.09247146546840668,-0.09147940576076508,-0.5009728670120239,0.6119211316108704,0.12492718547582626,-46.408302307128906,-0.11704076826572418,0.29897937178611755,-0.039535388350486755,-0.15266279876232147,0.018142785876989365,-0.3411223888397217,0.018526121973991394,12.85859489440918,9.987251281738281,12.323771476745605,11.250959396362305,0.009199218824505806,-0.009199218824505806,-0.018398437649011612,-0.039863280951976776,0.0,0.0073552620597183704,0.000624851614702493,-0.03461100533604622,-0.03005673550069332,0.0,0.4627719521522522,-0.09447101503610611,-9.59257698059082,0.12076881527900696,0.026878923177719116,-8.434367179870605,0.0,0.0,0.0,0.0,0.0,0.0,0.0,0.0,0.0,0.0,0.0,0.0,0.007520637474954128,6.151521665742621e-05,-0.03346880525350571,-0.030195381492376328,0.2973683476448059,0.2409738451242447,0.2869901657104492,0.26600053906440735,-0.9845196008682251,-0.31270912289619446,-0.08204781264066696,0.0,0.0,0.0,0.0,0.0,0.0,0.0
39388244538,0,-0.003960015252232552,-0.07955143600702286,-0.8439456224441528,6.569455581484362e-05,-0.04113857448101044,-0.8442511558532715,-0.021964646875858307,-0.02850707620382309,-0.0040757968090474606,0.008191118948161602,0.07905714958906174,-0.00023049116134643555,0.011901472695171833,0.010933949612081051,0.4148818552494049,0.0,0.0,-0.0047828578390181065,0.0011861269595101476,-0.042981747537851334,-0.2749626934528351,-0.08822812139987946,-0.0873715728521347,-0.494947224855423,0.6537107825279236,0.15734314918518066,-46.333892822265625,-0.09758535027503967,0.2952263653278351,-0.02344633638858795,-0.1549098789691925,0.019592154771089554,-0.33937349915504456,0.012892216444015503,12.461318016052246,10.406838417053223,11.879413604736328,11.597770690917969,0.009199218824505806,-0.010732421651482582,-0.019931640475988388,-0.039863280951976776,0.0,0.009499188512563705,0.0006834152736701071,-0.03832197189331055,-0.02965424209833145,0.0,0.4627719521522522,-0.09447101503610611,-9.59257698059082,0.10588996112346649,0.031979769468307495,-8.448360443115234,0.0,0.0,0.0,0.0,0.0,0.0,0.0,0.0,0.0,0.0,0.0,0.0,0.0076157161965966225,0.0003221220104023814,-0.03416752070188522,-0.030201444402337074,0.2896645665168762,0.24932052195072174,0.27832427620887756,0.27281129360198975,-0.9845196008682251,-0.31270912289619446,-0.08204781264066696,0.0,0.0,0.0,0.0,0.0,0.0,0.0
39388261523,0,-0.004029844421893358,-0.08066695183515549,-0.844020664691925,6.569455581484362e-05,-0.04113857448101044,-0.8442511558532715,-0.014479885809123516,-0.025413842871785164,-0.002014454919844866,0.008237162604928017,0.08016538619995117,-0.00019872188568115234,0.01180260069668293,0.010411549359560013,0.40966182947158813,0.0,0.0,-0.0047828578390181065,-0.00253959815017879,-0.047904204577207565,-0.27088654041290283,-0.08822812139987946,-0.0873715728521347,-0.494947224855423,0.5823947787284851,0.17588873207569122,-46.465980529785156,-0.10238496959209442,0.30603063106536865,-0.022562801837921143,-0.1560814380645752,0.020311567932367325,-0.3384729325771332,0.010307684540748596,12.480725288391113,10.438593864440918,11.88219165802002,11.676177024841309,0.0076660155318677425,-0.010732421651482582,-0.021464843302965164,-0.039863280951976776,0.0,0.007887445390224457,-0.002484255935996771,-0.03684896603226662,-0.026842087507247925,0.0,0.2612414062023163,0.18371252715587616,-9.906899452209473,0.1070391908288002,0.028920814394950867,-8.46827507019043,0.0,0.0,0.0,0.0,0.0,0.0,0.0,0.0,0.0,0.0,0.0,0.0,0.007836773060262203,0.00036812800681218505,-0.03503861650824547,-0.02999228797852993,0.29004156589508057,0.24995075166225433,0.2783784866333008,0.2743476331233978,-0.6762683391571045,-0.3988191783428192,0.1172948107123375,0.0,0.0,0.0,0.0,0.0,0.0,0.0
39400506315,0,-0.0040528662502765656,-0.0812210664153099,-0.8440524339675903,6.569455581484362e-05,-0.04113857448101044,-0.8442511558532715,-0.015770787373185158,-0.02304668538272381,0.0007814257405698299,0.008237162604928017,0.08016538619995117,-0.00019872188568115234,0.01232832483947277,0.009626083076000214,0.40723106265068054,0.0,0.0,-0.0047828578390181065,-0.017593352124094963,-0.06492219865322113,-0.26569777727127075,-0.08547915518283844,-0.0721999928355217,-0.4865614175796509,0.6328733563423157,0.11842812597751617,-46.73379135131836,-0.08558524399995804,0.3357703685760498,-0.01643700897693634,-0.15818209946155548,0.020311567932367325,-0.3384729325771332,0.010307684540748596,12.464578628540039,10.640192031860352,11.726642608642578,11.91472053527832,0.0076660155318677425,-0.012265625409781933,-0.021464843302965164,-0.039863280951976776,0.0,0.007516426965594292,0.0009348321473225951,-0.03732217475771904,-0.02970047853887081,0.0,0.22634999454021454,-0.19845855236053467,-9.52409553527832,0.1070391908288002,0.028920814394950867,-8.46827507019043,0.0,0.0,0.0,0.0,0.0,0.0,0.0,0.0,0.0,0.0,0.0,0.0,0.008012079633772373,0.0001682709262240678,-0.03589087352156639,-0.0295697171241045,0.29004156589508057,0.24995075166225433,0.2783784866333008,0.2743476331233978,-0.9320032596588135,-0.7137635946273804,0.17228391766548157,0.0,0.0,0.0,0.0,0.0,0.0,0.0
39446040049,0,-0.004075215198099613,-0.08224306255578995,-0.8440991640090942,6.569455581484362e-05,-0.04113857448101044,-0.8442511558532715,-0.02632199600338936,-0.020902076736092567,0.008874540217220783,0.008281861431896687,0.08220938593149185,-0.0001519918441772461,0.012143551371991634,0.008276487700641155,0.4021371006965637,0.0,0.0,-0.0047828578390181065,-0.028809405863285065,-0.07364010810852051,-0.26493993401527405,-0.08547915518283844,-0.0721999928355217,-0.4865614175796509,0.6328733563423157,0.11842812597751617,-46.73379135131836,-0.08558524399995804,0.3357703685760498,-0.01643700897693634,-0.15818209946155548,0.02162824012339115,-0.3371390104293823,0.006400778889656067,12.464578628540039,10.640192031860352,11.726642608642578,11.91472053527832,0.0076660155318677425,-0.012265625409781933,-0.021464843302965164,-0.039863280951976776,0.0,0.007516426965594292,0.0009348321473225951,-0.03732217475771904,-0.02970047853887081,0.0,0.2890780568122864,0.1823052316904068,-10.091463088989258,0.12584851682186127,0.021032586693763733,-8.52409839630127,0.0,0.0,0.0,0.0,0.0,0.0,0.0,0.0,0.0,0.0,0.0,0.0,0.008023952133953571,5.370147482608445e-05,-0.0365523099899292,-0.02925415337085724,0.2897278964519501,0.2539464831352234,0.27533575892448425,0.2790142595767975,-1.14585542678833,-0.7827943563461304,0.1394694596529007,0.0,0.0,0.0,0.0,0.0,0.0,0.0
39446108372,0,-0.004071581643074751,-0.08274700492620468,-0.8441105484962463,6.569455581484362e-05,-0.04113857448101044,-0.8442511558532715,-0.028274571523070335,-0.014984586276113987,0.008065888658165932,0.008274593390524387,0.08321727812290192,-0.00014060735702514648,0.011178246699273586,0.007740028668195009,0.39973020553588867,0.0,0.0,-0.0047828578390181065,-0.028809405863285065,-0.07364010810852051,-0.26493993401527405,-0.08477525413036346,-0.06452895700931549,-0.48354822397232056,0.6921668648719788,0.11567922681570053,-46.88254165649414,-0.06543685495853424,0.3496761918067932,-0.012107133865356445,-0.1591162234544754,0.02210303209722042,-0.336721807718277,0.004916056990623474,12.44581127166748,10.795463562011719,11.603655815124512,12.050654411315918,0.009199218824505806,-0.010732421651482582,-0.02299804612994194,-0.039863280951976776,0.0,0.009052510373294353,0.002859235741198063,-0.03952966257929802,-0.031270742416381836,0.0,0.2890780568122864,0.1823052316904068,-10.091463088989258,0.12526172399520874,0.010924682021141052,-8.513092041015625,0.0,0.0,0.0,0.0,0.0,0.0,0.0,0.0,0.0,0.0,0.0,0.0,0.008007001131772995,0.00024872360518202186,-0.03712150827050209,-0.029253751039505005,0.2893631160259247,0.2570180892944336,0.27292656898498535,0.28166845440864563,-1.14585542678833,-0.7827943563461304,0.1394694596529007,0.0,0.0,0.0,0.0,0.0,0.0,0.0
39446131772,0,-0.004071581643074751,-0.08274700492620468,-0.8441105484962463,6.569455581484362e-05,-0.04113857448101044,-0.8442511558532715,-0.028274571523070335,-0.014984586276113987,0.008065888658165932,0.008274593390524387,0.08321727812290192,-0.00014060735702514648,0.011178246699273586,0.007740028668195009,0.39973020553588867,0.0,0.0,-0.0047828578390181065,-0.050288159400224686,-0.07509399205446243,-0.269048810005188,-0.08477525413036346,-0.06452895700931549,-0.48354822397232056,0.6287965774536133,0.08825530856847763,-46.471920013427734,-0.03638558089733124,0.361027330160141,0.004863277077674866,-0.16119639575481415,0.022719688713550568,-0.33598849177360535,0.002050742506980896,11.981375694274902,11.143930435180664,11.014283180236816,12.345831871032715,0.009199218824505806,-0.009199218824505806,-0.02299804612994194,-0.039863280951976776,0.0,0.006535411812365055,0.0014264927012845874,-0.03893471136689186,-0.029676204547286034,0.0,-0.0208884309977293,-0.15267768502235413,-9.842574119567871,0.12526172399520874,0.010924682021141052,-8.513092041015625,0.0,0.0,0.0,0.0,0.0,0.0,0.0,0.0,0.0,0.0,0.0,0.0,0.008004609495401382,0.0006714771152473986,-0.03771653398871422,-0.029479743912816048,0.2803162634372711,0.2638936936855316,0.26133859157562256,0.2874193489551544,-1.0430498123168945,-0.1797121912240982,-0.09912440180778503,0.0,0.0,0.0,0.0,0.0,0.0,0.0
39446154215,0,-0.004170551430433989,-0.08429266512393951,-0.8440800905227661,6.569455581484362e-05,-0.04113857448101044,-0.8442511558532715,-0.02286185882985592,-0.01448085531592369,-0.0005953391664661467,0.008472534827888012,0.08630861341953278,-0.0001710653305053711,0.009844726882874966,0.005759241990745068,0.3924030065536499,0.0,0.0,-0.0047828578390181065,-0.050288159400224686,-0.07509399205446243,-0.269048810005188,-0.07438454777002335,-0.051852285861968994,-0.4760802984237671,0.6287965774536133,0.08825530856847763,-46.471920013427734,-0.03638558089733124,0.361027330160141,0.004863277077674866,-0.16119639575481415,0.022719688713550568,-0.33598849177360535,0.002050742506980896,11.981375694274902,11.143930435180664,11.014283180236816,12.345831871032715,0.009199218824505806,-0.009199218824505806,-0.024531250819563866,-0.039863280951976776,0.0,0.006535411812365055,0.0014264927012845874,-0.03893471136689186,-0.029676204547286034,0.0,-0.0208884309977293,-0.15267768502235413,-9.842574119567871,0.11653532087802887,0.02114543318748474,-8.44446086883545,0.0,0.0,0.0,0.0,0.0,0.0,0.0,0.0,0.0,0.0,0.0,0.0,0.007848444394767284,0.0010848083766177297,-0.03826140984892845,-0.02970070019364357,0.2803162634372711,0.2638936936855316,0.26133859157562256,0.2874193489551544,-1.0430498123168945,-0.1797121912240982,-0.09912440180778503,0.0,0.0,0.0,0.0,0.0,0.0,0.0
39451228626,0,-0.004170551430433989,-0.08429266512393951,-0.8440800905227661,6.569455581484362e-05,-0.04113857448101044,-0.8442511558532715,-0.02286185882985592,-0.01448085531592369,-0.0005953391664661467,0.008468572050333023,0.08728116005659103,-0.00018668174743652344,0.009844726882874966,0.005759241990745068,0.3924030065536499,0.0,0.0,-0.0047828578390181065,-0.050288159400224686,-0.07509399205446243,-0.269048810005188,-0.07438454777002335,-0.051852285861968994,-0.4760802984237671,0.6287965774536133,0.08825530856847763,-46.471920013427734,-0.03638558089733124,0.361027330160141,0.004863277077674866,-0.16119639575481415,0.02289935201406479,-0.3356877267360687,0.0008659213781356812,11.981375694274902,11.143930435180664,11.014283180236816,12.345831871032715,0.009199218824505806,-0.009199218824505806,-0.024531250819563866,-0.038330078125,0.0,0.006535411812365055,0.0014264927012845874,-0.03893471136689186,-0.029676204547286034,0.0,-0.0208884309977293,-0.15267768502235413,-9.842574119567871,0.11953996121883392,0.02238747477531433,-8.462952613830566,0.0,0.0,0.0,0.0,0.0,0.0,0.0,0.0,0.0,0.0,0.0,0.0,0.007529350928962231,0.0013511397410184145,-0.03865363076329231,-0.02980484627187252,0.27835825085639954,0.26523080468177795,0.2590193748474121,0.2898014187812805,-1.0430498123168945,-0.1797121912240982,-0.09912440180778503,0.0,0.0,0.0,0.0,0.0,0.0,0.0
39497580215,0,-0.004168570041656494,-0.08477893471717834,-0.844064474105835,6.569455581484362e-05,-0.04113857448101044,-0.8442511558532715,-0.024245215579867363,-0.014542569406330585,0.0016329323407262564,0.008468572050333023,0.08728116005659103,-0.00018668174743652344,0.009637760929763317,0.0048934523947536945,0.3898244798183441,0.0,0.0,-0.0047828578390181065,-0.04427842050790787,-0.08447322249412537,-0.26629966497421265,-0.0733138918876648,-0.04482259228825569,-0.4730020761489868,0.6574698090553284,0.12313111126422882,-46.54623794555664,-0.0489090159535408,0.3863905668258667,0.008254781365394592,-0.1629800945520401,0.023098643869161606,-0.3355289697647095,3.2588839530944824e-05,11.933881759643555,11.190038681030273,10.92988395690918,12.506396293640137,0.009199218824505806,-0.009199218824505806,-0.024531250819563866,-0.038330078125,0.0,0.008281710557639599,0.0010513784363865852,-0.04147036746144295,-0.02927476353943348,0.0,-0.023410581052303314,0.007850092835724354,-9.475696563720703,0.11953996121883392,0.02238747477531433,-8.462952613830566,0.0,0.0,0.0,0.0,0.0,0.0,0.0,0.0,0.0,0.0,0.0,0.0,0.007269568275660276,0.0014787246473133564,-0.03901537135243416,-0.02981380745768547,0.27938857674598694,0.26480162143707275,0.2596733868122101,0.29054027795791626,-0.00825181882828474,-0.42647528648376465,0.19475406408309937,0.0,0.0,0.0,0.0,0.0,0.0,0.0
39497633585,0,-0.004168570041656494,-0.08477893471717834,-0.844064474105835,6.569455581484362e-05,-0.04113857448101044,-0.8442511558532715,-0.024245215579867363,-0.014542569406330585,0.0016329323407262564,0.008468572050333023,0.08728116005659103,-0.00018668174743652344,0.009637760929763317,0.0048934523947536945,0.3898244798183441,0.0,0.0,-0.0047828578390181065,-0.044757384806871414,-0.08191142976284027,-0.2620829641819,-0.0733138918876648,-0.04482259228825569,-0.4730020761489868,0.6968299150466919,0.15744158625602722,-46.712852478027344,-0.04365798085927963,0.38514450192451477,0.007311791181564331,-0.1638791859149933,0.023366421461105347,-0.33541399240493774,-0.0006950497627258301,12.004878997802734,11.218352317810059,10.989373207092285,12.514081001281738,0.0076660155318677425,-0.010732421651482582,-0.024531250819563866,-0.038330078125,0.0,0.010321070440113544,0.0011207552161067724,-0.043707046657800674,-0.029477635398507118,0.0,-0.07564087212085724,0.25145649909973145,-9.331429481506348,0.11953996121883392,0.02238747477531433,-8.462952613830566,0.0,0.0,0.0,0.0,0.0,0.0,0.0,0.0,0.0,0.0,0.0,0.0,0.007342091295868158,0.0014831206062808633,-0.03963249921798706,-0.02974662370979786,0.2807749807834625,0.26535898447036743,0.26084721088409424,0.2906895577907562,0.004803622141480446,-0.09155727922916412,0.3595561385154724,0.0,0.0,0.0,0.0,0.0,0.0,0.0
39497655361,0,-0.004205246455967426,-0.08577136695384979,-0.8440328240394592,6.569455581484362e-05,-0.04113857448101044,-0.8442511558532715,-0.029551832005381584,-0.01493029948323965,0.010915395803749561,0.008541924878954887,0.08926603198051453,-0.00021833181381225586,0.00847548060119152,0.00351406866684556,0.3847736716270447,0.0,0.0,-0.0047828578390181065,-0.06579018384218216,-0.08225870132446289,-0.2551773488521576,-0.06500090658664703,-0.033096496015787125,-0.46697214245796204,0.6669813394546509,0.12107138335704803,-47.11836624145508,-0.005660479888319969,0.3988625705242157,0.007264986634254456,-0.16543994843959808,0.023589057847857475,-0.3352369964122772,-0.0014015883207321167,12.186885833740234,11.35588264465332,11.012879371643066,12.576261520385742,0.006132812704890966,-0.010732421651482582,-0.026064453646540642,-0.038330078125,0.0,0.008106552995741367,0.0011608339846134186,-0.041640084236860275,-0.02965022251009941,0.0,-0.09045678377151489,-0.3262712061405182,-9.851268768310547,0.130659818649292,0.0234372615814209,-8.533222198486328,0.0,0.0,0.0,0.0,0.0,0.0,0.0,0.0,0.0,0.0,0.0,0.0,0.007731222547590733,0.0014170646900311112,-0.04048933833837509,-0.02966254949569702,0.28432464599609375,0.26806360483169556,0.2613108158111572,0.2918967008590698,-0.7451258301734924,-0.15821833908557892,0.47596755623817444,0.0,0.0,0.0,0.0,0.0,0.0,0.0
39497675816,0,-0.0042053996585309505,-0.08683983236551285,-0.8439576029777527,6.569455581484362e-05,-0.04113857448101044,-0.8442511558532715,-0.022633526474237442,-0.005694314371794462,0.015641311183571815,0.008542231284081936,0.09140297025442123,-0.00029355287551879883,0.007132616825401783,0.001999979605898261,0.3802739381790161,0.0,0.0,-0.0047828578390181065,-0.07896959781646729,-0.09023822098970413,-0.2507837116718292,-0.0553128644824028,-0.02021530270576477,-0.46159985661506653,0.6669813394546509,0.12107138335704803,-47.11836624145508,-0.005660479888319969,0.3988625705242157,0.007264986634254456,-0.16543994843959808,0.023589057847857475,-0.3352369964122772,-0.0014015883207321167,12.186885833740234,11.35588264465332,11.012879371643066,12.576261520385742,0.0076660155318677425,-0.010732421651482582,-0.027597656473517418,-0.038330078125,0.0,0.008106552995741367,0.0011608339846134186,-0.041640084236860275,-0.02965022251009941,0.0,-0.25572577118873596,-0.08709041029214859,-9.721261978149414,0.11190754920244217,0.016161635518074036,-8.56297779083252,0.0,0.0,0.0,0.0,0.0,0.0,0.0,0.0,0.0,0.0,0.0,0.0,0.008094020187854767,0.0013354470720514655,-0.04121844097971916,-0.02961096540093422,0.28432464599609375,0.26806360483169556,0.2613108158111572,0.2918967008590698,-0.9230802655220032,-0.44819438457489014,0.5288923978805542,0.0,0.0,0.0,0.0,0.0,0.0,0.0
39497697622,0,-0.004258448723703623,-0.08734755963087082,-0.8439157605171204,6.569455581484362e-05,-0.04113857448101044,-0.8442511558532715,-0.02412673458456993,-0.0023172139190137386,0.013890429399907589,0.00864832941442728,0.09241843223571777,-0.00033539533615112305,0.00641967449337244,0.0009847120381891727,0.37819379568099976,0.0,0.0,-0.0047828578390181065,-0.07896959781646729,-0.09023822098970413,-0.2507837116718292,-0.0439833402633667,-0.009306562133133411,-0.4573770761489868,0.615491509437561,0.0888889953494072,-47.096378326416016,0.014495816081762314,0.41834595799446106,0.0061239153146743774,-0.1662243753671646,0.023416895419359207,-0.3353366553783417,-0.0014379918575286865,12.270877838134766,11.32286548614502,10.974939346313477,12.541203498840332,0.009199218824505806,-0.010732421651482582,-0.027597656473517418,-0.038330078125,0.0,0.005570735316723585,0.0004860439512412995,-0.03916419297456741,-0.029256610199809074,0.0,-0.25572577118873596,-0.08709041029214859,-9.721261978149414,0.11283253878355026,0.010974198579788208,-8.546476364135742,0.0,0.0,0.0,0.0,0.0,0.0,0.0,0.0,0.0,0.0,0.0,0.0,0.008157779462635517,0.0012319562956690788,-0.041540611535310745,-0.0295746810734272,0.28596052527427673,0.2674146890640259,0.2605624198913574,0.29121604561805725,-0.9230802655220032,-0.44819438457489014,0.5288923978805542,0.0,0.0,0.0,0.0,0.0,0.0,0.0
39538409693,0,-0.004258448723703623,-0.08734755963087082,-0.8439157605171204,6.569455581484362e-05,-0.04113857448101044,-0.8442511558532715,-0.02412673458456993,-0.0023172139190137386,0.013890429399907589,0.009268437512218952,0.0951838344335556,-0.00047510862350463867,0.00641967449337244,0.0009847120381891727,0.37819379568099976,0.0,0.0,-0.0047828578390181065,-0.0904957577586174,-0.09799035638570786,-0.24562710523605347,-0.0439833402633667,-0.009306562133133411,-0.4573770761489868,0.615491509437561,0.0888889953494072,-47.096378326416016,0.014495816081762314,0.41834595799446106,0.0061239153146743774,-0.1662243753671646,0.023416895419359207,-0.3353366553783417,-0.0014379918575286865,12.270877838134766,11.32286548614502,10.974939346313477,12.541203498840332,0.009199218824505806,-0.010732421651482582,-0.027597656473517418,-0.036796875298023224,0.0,0.005570735316723585,0.0004860439512412995,-0.03916419297456741,-0.029256610199809074,0.0,0.0863245502114296,-0.021445224061608315,-9.96081829071045,0.11075957119464874,0.005342841148376465,-8.48911190032959,0.0,0.0,0.0,0.0,0.0,0.0,0.0,0.0,0.0,0.0,0.0,0.0,0.007828738540410995,0.0010745463659986854,-0.04137476161122322,-0.029516298323869705,0.28596052527427673,0.2674146890640259,0.2605624198913574,0.29121604561805725,-0.5455647706985474,-0.3614937365055084,0.4550720453262329,0.0,0.0,0.0,0.0,0.0,0.0,0.0
39538485483,0,-0.0045685009099543095,-0.08873025327920914,-0.8437760472297668,6.569455581484362e-05,-0.04113857448101044,-0.8442511558532715,-0.02418443001806736,0.003837163560092449,0.006595255807042122,0.009268437512218952,0.0951838344335556,-0.00047510862350463867,0.003958980552852154,-0.0015628933906555176,0.37165769934654236,0.0,0.0,-0.0047828578390181065,-0.0904957577586174,-0.09799035638570786,-0.24562710523605347,-0.03231929987668991,0.010022452101111412,-0.45130467414855957,0.5837394595146179,0.026633530855178833,-46.80900192260742,0.0405302494764328,0.4446564316749573,0.00933276116847992,-0.16758334636688232,0.02266871929168701,-0.3359581530094147,-0.0009426325559616089,12.199930191040039,11.330072402954102,10.741813659667969,12.550952911376953,0.009199218824505806,-0.009199218824505806,-0.027597656473517418,-0.038330078125,0.0,0.00275769573636353,0.0013072190340608358,-0.03705578297376633,-0.03021126799285412,0.0,0.0863245502114296,-0.021445224061608315,-9.96081829071045,0.11075957119464874,0.005342841148376465,-8.48911190032959,0.0,0.0,0.0,0.0,0.0,0.0,0.0,0.0,0.0,0.0,0.0,0.0,0.007120478432625532,0.0009264177060686052,-0.04078802093863487,-0.029483705759048462,0.28596052527427673,0.2674146890640259,0.2605624198913574,0.29121604561805725,-0.5455647706985474,-0.3614937365055084,0.4550720453262329,0.0,0.0,0.0,0.0,0.0,0.0,0.0
39538513093,0,-0.004714112728834152,-0.08915434032678604,-0.8437256813049316,6.569455581484362e-05,-0.04113857448101044,-0.8442511558532715,-0.02568788453936577,0.0024068504571914673,0.005998850800096989,0.009559662081301212,0.09603201597929001,-0.0005254745483398438,0.0029133392963558435,-0.0020351943094283342,0.3694521486759186,0.0,0.0,-0.0047828578390181065,-0.09021114557981491,-0.09130021184682846,-0.23929008841514587,-0.03231929987668991,0.010022452101111412,-0.45130467414855957,0.5837394595146179,0.026633530855178833,-46.80900192260742,0.0405302494764328,0.4446564316749573,0.00933276116847992,-0.16758334636688232,0.02266871929168701,-0.3359581530094147,-0.0009426325559616089,12.199930191040039,11.330072402954102,10.741813659667969,12.550952911376953,0.0076660155318677425,-0.0076660155318677425,-0.029130859300494194,-0.038330078125,0.0,0.00275769573636353,0.0013072190340608358,-0.03705578297376633,-0.03021126799285412,0.0,-0.21656224131584167,-0.03398939222097397,-9.986393928527832,0.11548556387424469,0.008665263652801514,-8.485995292663574,0.0,0.0,0.0,0.0,0.0,0.0,0.0,0.0,0.0,0.0,0.0,0.0,0.006096865516155958,0.0008859520312398672,-0.039908021688461304,-0.029557889327406883,0.28457877039909363,0.26755619049072266,0.25595733523368835,0.2914053201675415,-0.22122159600257874,0.14804714918136597,0.5882705450057983,0.0,0.0,0.0,0.0,0.0,0.0,0.0
39544738448,0,-0.004714112728834152,-0.08915434032678604,-0.8437256813049316,6.569455581484362e-05,-0.04113857448101044,-0.8442511558532715,-0.02568788453936577,0.0024068504571914673,0.005998850800096989,0.009559662081301212,0.09603201597929001,-0.0005254745483398438,0.0029133392963558435,-0.0020351943094283342,0.3694521486759186,0.0,0.0,-0.0047828578390181065,-0.08794384449720383,-0.0760875940322876,-0.23512913286685944,-0.024306077510118484,0.014402600936591625,-0.4486656188964844,0.635170578956604,0.047658950090408325,-46.6729736328125,0.04851803928613663,0.4309128224849701,0.0048071593046188354,-0.1689147651195526,0.0216203685849905,-0.33679690957069397,0.00047425925731658936,12.26938247680664,11.21735668182373,10.831390380859375,12.369218826293945,0.006132812704890966,-0.0076660155318677425,-0.03066406212747097,-0.038330078125,0.0,0.004712044261395931,0.0021496752742677927,-0.03924969956278801,-0.03164185211062431,0.0,-0.026832977309823036,0.5175493359565735,-9.723043441772461,0.11548556387424469,0.008665263652801514,-8.485995292663574,0.0,0.0,0.0,0.0,0.0,0.0,0.0,0.0,0.0,0.0,0.0,0.0,0.005067429505288601,0.0009826496243476868,-0.03905012086033821,-0.029780935496091843,0.28593140840530396,0.2653394341468811,0.2577282786369324,0.2878740727901459,0.08154235780239105,0.4983018636703491,0.3270907998085022,0.0,0.0,0.0,0.0,0.0,0.0,0.0
39546856764,0,-0.005028090439736843,-0.08998019993305206,-0.8436062335968018,6.569455581484362e-05,-0.04113857448101044,-0.8442511558532715,-0.020003966987133026,-0.004834271967411041,0.007621225900948048,0.010187621228396893,0.09768374264240265,-0.0006449222564697266,0.0010307151824235916,-0.003237189259380102,0.3648909628391266,0.0,0.0,-0.0047828578390181065,-0.08794384449720383,-0.0760875940322876,-0.23512913286685944,-0.010072815231978893,0.025060085579752922,-0.44320595264434814,0.615769624710083,0.07797027379274368,-46.74998474121094,0.05591703951358795,0.4332621693611145,0.008807554841041565,-0.16944842040538788,0.021138573065400124,-0.33709749579429626,0.001312345266342163,12.204007148742676,11.343973159790039,10.735206604003906,12.480504989624023,0.006132812704890966,-0.009199218824505806,-0.029130859300494194,-0.038330078125,0.0,0.005005837418138981,0.0005251878756098449,-0.04001523181796074,-0.02999717928469181,0.0,-0.026832977309823036,0.5175493359565735,-9.723043441772461,0.11179366707801819,0.029663026332855225,-8.50069808959961,0.0,0.0,0.0,0.0,0.0,0.0,0.0,0.0,0.0,0.0,0.0,0.0,0.0044189575128257275,0.0011317500611767173,-0.038599126040935516,-0.0300921518355608,0.2846583127975464,0.26782944798469543,0.2558267116546631,0.2900373339653015,0.08154235780239105,0.4983018636703491,0.3270907998085022,0.0,0.0,0.0,0.0,0.0,0.0,0.0
39567167883,0,-0.005028090439736843,-0.08998019993305206,-0.8436062335968018,6.569455581484362e-05,-0.04113857448101044,-0.8442511558532715,-0.020003966987133026,-0.004834271967411041,0.007621225900948048,0.010187621228396893,0.09768374264240265,-0.0006449222564697266,0.0010307151824235916,-0.003237189259380102,0.3648909628391266,0.0,0.0,-0.0047828578390181065,-0.07562153041362762,-0.06677676737308502,-0.24289575219154358,-0.010072815231978893,0.025060085579752922,-0.44320595264434814,0.6271072030067444,0.16949056088924408,-46.7502555847168,0.046465471386909485,0.4366733133792877,0.022857755422592163,-0.17060250043869019,0.020008698105812073,-0.3379572629928589,0.003466874361038208,11.842352867126465,11.676332473754883,10.394643783569336,12.851469993591309,0.0076660155318677425,-0.009199218824505806,-0.029130859300494194,-0.038330078125,0.0,0.008123669773340225,-0.002025091787800193,-0.04494955763220787,-0.027021948248147964,0.0,0.03630386292934418,0.26896172761917114,-9.741931915283203,0.11179366707801819,0.029663026332855225,-8.50069808959961,0.0,0.0,0.0,0.0,0.0,0.0,0.0,0.0,0.0,0.0,0.0,0.0,0.004338604398071766,0.0010504438541829586,-0.038830943405628204,-0.030166305601596832,0.27759963274002075,0.27435076236724854,0.24907858669757843,0.29723042249679565,0.6141428351402283,0.6072752475738525,-0.19706732034683228,0.0,0.0,0.0,0.0,0.0,0.0,0.0
39569630242,0,-0.005362352821975946,-0.09076213091611862,-0.8434785008430481,6.569455581484362e-05,-0.04113857448101044,-0.8442511558532715,-0.023876355960965157,-0.0033454853110015392,0.007399147376418114,0.010856148786842823,0.09924761205911636,-0.0007726550102233887,2.813884748320561e-05,-0.004796231631189585,0.3604543209075928,0.0,0.0,-0.0047828578390181065,-0.07362696528434753,-0.05305838957428932,-0.24577221274375916,-0.0030059320852160454,0.03801204264163971,-0.437893807888031,0.6582655906677246,0.15038612484931946,-46.754085540771484,0.046465471386909485,0.4366733133792877,0.022857755422592163,-0.17060250043869019,0.020008698105812073,-0.3379572629928589,0.003466874361038208,11.716829299926758,11.807649612426758,10.312119483947754,12.932403564453125,0.0076660155318677425,-0.009199218824505806,-0.029130859300494194,-0.038330078125,0.0,0.008574442937970161,-0.0004975530318915844,-0.045723218470811844,-0.028227420523762703,0.0,0.2935476005077362,-0.20379427075386047,-9.76624584197998,0.11968465149402618,0.02734293043613434,-8.50074291229248,0.0,0.0,0.0,0.0,0.0,0.0,0.0,0.0,0.0,0.0,0.0,0.0,0.004874497186392546,0.000631053582765162,-0.03988206386566162,-0.029815420508384705,0.27759963274002075,0.27435076236724854,0.24907858669757843,0.29723042249679565,0.47810590267181396,0.9820985198020935,-0.2538994550704956,0.0,0.0,0.0,0.0,0.0,0.0,0.0
39577142852,0,-0.005486961919814348,-0.09111267328262329,-0.8433968424797058,6.569455581484362e-05,-0.04113857448101044,-0.8442511558532715,-0.022449558600783348,-0.004323477391153574,0.009275281801819801,0.011105368845164776,0.0999486967921257,-0.0008543133735656738,-0.00017655261035542935,-0.005039041396230459,0.3582443296909332,0.0,0.0,-0.0047828578390181065,-0.07362696528434753,-0.05305838957428932,-0.24577221274375916,-0.0015061593148857355,0.040056657046079636,-0.4352480173110962,0.6582655906677246,0.15038612484931946,-46.754085540771484,0.04776446148753166,0.42152178287506104,0.027063384652137756,-0.17105305194854736,0.01957528665661812,-0.3382277190685272,0.004421800374984741,11.716829299926758,11.807649612426758,10.312119483947754,12.932403564453125,0.0076660155318677425,-0.0076660155318677425,-0.029130859300494194,-0.038330078125,0.0,0.008532646112143993,-0.0005390315782278776,-0.04577076807618141,-0.02826531045138836,0.0,0.2935476005077362,-0.20379427075386047,-9.76624584197998,0.11832322925329208,0.03169834613800049,-8.516036987304688,0.0,0.0,0.0,0.0,0.0,0.0,0.0,0.0,0.0,0.0,0.0,0.0,0.00579807348549366,0.0001441521308152005,-0.041443370282649994,-0.029295962303876877,0.2751438021659851,0.27692097425460815,0.24743960797786713,0.29879629611968994,0.47810590267181396,0.9820985198020935,-0.2538994550704956,0.0,0.0,0.0,0.0,0.0,0.0,0.0
39618956322,0,-0.005486961919814348,-0.09111267328262329,-0.8433968424797058,6.569455581484362e-05,-0.04113857448101044,-0.8442511558532715,-0.022449558600783348,-0.004323477391153574,0.009275281801819801,0.011105368845164776,0.0999486967921257,-0.0008543133735656738,-0.00017655261035542935,-0.005039041396230459,0.3582443296909332,0.0,0.0,-0.0047828578390181065,-0.07050806283950806,-0.04316175729036331,-0.24494776129722595,-0.0015061593148857355,0.040056657046079636,-0.4352480173110962,0.6582655906677246,0.15038612484931946,-46.754085540771484,0.04776446148753166,0.42152178287506104,0.027063384652137756,-0.17105305194854736,0.01957528665661812,-0.3382277190685272,0.004421800374984741,11.716829299926758,11.807649612426758,10.312119483947754,12.932403564453125,0.0076660155318677425,-0.006132812704890966,-0.029130859300494194,-0.038330078125,0.0,0.008532646112143993,-0.0005390315782278776,-0.04577076807618141,-0.02826531045138836,0.0,-0.24787786602973938,-0.15764220058918,-9.98367691040039,0.11832322925329208,0.03169834613800049,-8.516036987304688,0.0,0.0,0.0,0.0,0.0,0.0,0.0,0.0,0.0,0.0,0.0,0.0,0.006758830975741148,-0.0002194644621340558,-0.04300756752490997,-0.0288485549390316,0.2751438021659851,0.27692097425460815,0.24743960797786713,0.29879629611968994,0.4216727614402771,0.9465532302856445,-0.10092037916183472,0.0,0.0,0.0,0.0,0.0,0.0,0.0
39618999305,0,-0.005902547389268875,-0.09210251271724701,-0.8430732488632202,6.569455581484362e-05,-0.04113857448101044,-0.8442511558532715,-0.021375587210059166,0.007821748033165932,0.01940087415277958,0.011936543509364128,0.10192838311195374,-0.0011779069900512695,-0.002026386559009552,-0.005915347952395678,0.3516572415828705,0.0,0.0,-0.0047828578390181065,-0.06613476574420929,-0.034655600786209106,-0.24158403277397156,0.012719095684587955,0.0480550155043602,-0.42735663056373596,0.6619742512702942,0.09504900127649307,-47.07524108886719,0.058247972279787064,0.4102110266685486,0.02381981909275055,-0.17199620604515076,0.01957528665661812,-0.3382277190685272,0.004421800374984741,11.877289772033691,11.84024715423584,10.474137306213379,12.898344993591309,0.006132812704890966,-0.004599609412252903,-0.029130859300494194,-0.036796875298023224,0.0,0.00679418072104454,0.0011389889987185597,-0.04341583326458931,-0.030038662254810333,0.0,-0.24787786602973938,-0.15764220058918,-9.98367691040039,0.10976555198431015,0.013965070247650146,-8.591602325439453,0.0,0.0,0.0,0.0,0.0,0.0,0.0,0.0,0.0,0.0,0.0,0.0,0.007478461600840092,-0.0003798542602453381,-0.044178105890750885,-0.02860269695520401,0.2751438021659851,0.27692097425460815,0.24743960797786713,0.29879629611968994,0.46700653433799744,0.8545674681663513,0.06447777897119522,0.0,0.0,0.0,0.0,0.0,0.0,0.0
39619007975,0,-0.005902547389268875,-0.09210251271724701,-0.8430732488632202,6.569455581484362e-05,-0.04113857448101044,-0.8442511558532715,-0.021375587210059166,0.007821748033165932,0.01940087415277958,0.011936543509364128,0.10192838311195374,-0.0011779069900512695,-0.002026386559009552,-0.005915347952395678,0.3516572415828705,0.0,0.0,-0.0047828578390181065,-0.05672638490796089,-0.020735573023557663,-0.2427241951227188,0.012719095684587955,0.0480550155043602,-0.42735663056373596,0.5984718203544617,0.07089391350746155,-47.31101608276367,0.05644042789936066,0.40170547366142273,0.02965112030506134,-0.17275011539459229,0.017630964517593384,-0.338804692029953,0.009661093354225159,11.774165153503418,12.055584907531738,10.403546333312988,13.092453956604004,0.004599609412252903,-0.0076660155318677425,-0.03066406212747097,-0.038330078125,0.0,0.0041518681682646275,-0.00010326367191737518,-0.04080784320831299,-0.028592800721526146,0.0,0.13391155004501343,0.27529406547546387,-9.659232139587402,0.10976555198431015,0.013965070247650146,-8.591602325439453,0.0,0.0,0.0,0.0,0.0,0.0,0.0,0.0,0.0,0.0,0.0,0.0,0.007664419710636139,-0.00031318547553382814,-0.044601455330848694,-0.028598247095942497,0.27626585960388184,0.2817646265029907,0.2492549866437912,0.30188900232315063,0.5659885406494141,0.7634242177009583,-0.0969272330403328,0.0,0.0,0.0,0.0,0.0,0.0,0.0
39619017073,0,-0.006256897002458572,-0.09268098324537277,-0.8428204655647278,6.569455581484362e-05,-0.04113857448101044,-0.8442511558532715,-0.018558688461780548,0.009058035910129547,0.02197582647204399,0.012645246461033821,0.10308533161878586,-0.0014306902885437012,-0.0033270835410803556,-0.006045074667781591,0.34713125228881836,0.0,0.0,-0.0047828578390181065,-0.05672638490796089,-0.020735573023557663,-0.2427241951227188,0.023004893213510513,0.04979945346713066,-0.42193377017974854,0.5984718203544617,0.07089391350746155,-47.31101608276367,0.05644042789936066,0.40170547366142273,0.02965112030506134,-0.17275011539459229,0.017630964517593384,-0.338804692029953,0.009661093354225159,11.774165153503418,12.055584907531738,10.403546333312988,13.092453956604004,0.0076660155318677425,-0.0076660155318677425,-0.03066406212747097,-0.039863280951976776,0.0,0.0041518681682646275,-0.00010326367191737518,-0.04080784320831299,-0.028592800721526146,0.0,0.13391155004501343,0.27529406547546387,-9.659232139587402,0.10512172430753708,0.016036689281463623,-8.60632038116455,0.0,0.0,0.0,0.0,0.0,0.0,0.0,0.0,0.0,0.0,0.0,0.0,0.007229609414935112,-0.00018435331003274769,-0.04422994703054428,-0.028661755844950676,0.27626585960388184,0.2817646265029907,0.2492549866437912,0.30188900232315063,0.5659885406494141,0.7634242177009583,-0.0969272330403328,0.0,0.0,0.0,0.0,0.0,0.0,0.0
39628689563,0,-0.00645716255530715,-0.09291614592075348,-0.8426989316940308,6.569455581484362e-05,-0.04113857448101044,-0.8442511558532715,-0.017591815441846848,0.014391612261533737,0.02167443372309208,0.013045779429376125,0.10355566442012787,-0.0015522241592407227,-0.0036392787005752325,-0.006104421801865101,0.3450377881526947,0.0,0.0,-0.0047828578390181065,-0.0433943085372448,-0.012432754971086979,-0.24140970408916473,0.025468602776527405,0.05043397098779678,-0.41942650079727173,0.5781694650650024,0.08820179104804993,-47.33476257324219,0.042173001915216446,0.39395517110824585,0.028718456625938416,-0.17310881614685059,0.01724087819457054,-0.3388356566429138,0.011230871081352234,11.769159317016602,12.028489112854004,10.467086791992188,13.084644317626953,0.009199218824505806,-0.009199218824505806,-0.032197266817092896,-0.038330078125,0.0,0.004030545242130756,-0.0012413904769346118,-0.04049602895975113,-0.027623025700449944,0.0,0.13391155004501343,0.27529406547546387,-9.659232139587402,0.10049261152744293,0.007602885365486145,-8.60204792022705,0.0,0.0,0.0,0.0,0.0,0.0,0.0,0.0,0.0,0.0,0.0,0.0,0.006442239973694086,-0.0001585326826898381,-0.04340137913823128,-0.028635529801249504,0.2761678993701935,0.281235933303833,0.250515878200531,0.3017381727695465,0.9449036121368408,0.7747198343276978,-0.03531098738312721,0.0,0.0,0.0,0.0,0.0,0.0,0.0
39636909451,0,-0.00645716255530715,-0.09291614592075348,-0.8426989316940308,6.569455581484362e-05,-0.04113857448101044,-0.8442511558532715,-0.017591815441846848,0.014391612261533737,0.02167443372309208,0.013045779429376125,0.10355566442012787,-0.0015522241592407227,-0.0036392787005752325,-0.006104421801865101,0.3450377881526947,0.0,0.0,-0.0047828578390181065,-0.009355077520012856,0.012113375589251518,-0.24582915008068085,0.025468602776527405,0.05043397098779678,-0.41942650079727173,0.5877101421356201,0.03108064830303192,-47.22026443481445,0.0002755485475063324,0.3621695935726166,0.03520233929157257,-0.17368710041046143,0.01708441600203514,-0.33857589960098267,0.01423691213130951,11.465741157531738,12.145771026611328,10.389276504516602,13.23455810546875,0.009199218824505806,-0.009199218824505806,-0.03066406212747097,-0.036796875298023224,0.0,0.0026152019854635,0.000659315730445087,-0.0392395481467247,-0.02913910150527954,0.0,0.10669872164726257,0.1803552508354187,-10.058626174926758,0.10049261152744293,0.007602885365486145,-8.60204792022705,0.0,0.0,0.0,0.0,0.0,0.0,0.0,0.0,0.0,0.0,0.0,0.0,0.005550282541662455,-0.00020546365703921765,-0.04241418465971947,-0.02855047583580017,0.2702212929725647,0.2835233509540558,0.24897196888923645,0.30463072657585144,1.486943006515503,1.091040849685669,-0.22419390082359314,0.0,0.0,0.0,0.0,0.0,0.0,0.0
39647579411,0,-0.006957277189940214,-0.09324728697538376,-0.842448890209198,6.569455581484362e-05,-0.04113857448101044,-0.8442511558532715,-0.01787450723350048,0.014813356101512909,0.018047746270895004,0.014046014286577702,0.10421794652938843,-0.0018022656440734863,-0.0032755134161561728,-0.005651055369526148,0.34090545773506165,0.0,0.0,-0.0047828578390181065,0.0033696559257805347,0.023444930091500282,-0.2440035343170166,0.022874314337968826,0.04661748558282852,-0.4144822061061859,0.5644741654396057,0.04277205467224121,-47.1523551940918,0.0002755485475063324,0.3621695935726166,0.03520233929157257,-0.17368710041046143,0.01708441600203514,-0.33857589960098267,0.01423691213130951,11.480024337768555,12.056838035583496,10.486668586730957,13.14487075805664,0.009199218824505806,-0.0076660155318677425,-0.03066406212747097,-0.036796875298023224,0.0,0.0022564069367945194,-0.0003600256750360131,-0.03848542645573616,-0.028398148715496063,0.0,-0.0688023716211319,0.03855887055397034,-9.470170021057129,0.10263166576623917,0.007776737213134766,-8.573155403137207,0.0,0.0,0.0,0.0,0.0,0.0,0.0,0.0,0.0,0.0,0.0,0.0,0.004618745297193527,-0.00020367660908959806,-0.04136603698134422,-0.028513144701719284,0.2702212929725647,0.2835233509540558,0.24897196888923645,0.30463072657585144,1.3633002042770386,1.108964204788208,-0.031120803207159042,0.0,0.0,0.0,0.0,0.0,0.0,0.0
39657058575,0,-0.006957277189940214,-0.09324728697538376,-0.842448890209198,6.569455581484362e-05,-0.04113857448101044,-0.8442511558532715,-0.01787450723350048,0.014813356101512909,0.018047746270895004,0.014046014286577702,0.10421794652938843,-0.0018022656440734863,-0.0032755134161561728,-0.005651055369526148,0.34090545773506165,0.0,0.0,-0.0047828578390181065,0.0033696559257805347,0.023444930091500282,-0.2440035343170166,0.022874314337968826,0.04661748558282852,-0.4144822061061859,0.5644741654396057,0.04277205467224121,-47.1523551940918,-0.013019358739256859,0.349147766828537,0.03229491412639618,-0.17394940555095673,0.017280803993344307,-0.3382551968097687,0.01589101552963257,11.480024337768555,12.056838035583496,10.486668586730957,13.14487075805664,0.0076660155318677425,-0.0076660155318677425,-0.029130859300494194,-0.036796875298023224,0.0,0.0022315767128020525,-0.0003836716350633651,-0.03851263225078583,-0.028419846668839455,0.0,-0.0688023716211319,0.03855887055397034,-9.470170021057129,0.10263166576623917,0.007776737213134766,-8.573155403137207,0.0,0.0,0.0,0.0,0.0,0.0,0.0,0.0,0.0,0.0,0.0,0.0,0.0037400946021080017,-0.0001857151510193944,-0.04035504162311554,-0.02850874699652195,0.27050185203552246,0.28178906440734863,0.2509042024612427,0.30290067195892334,1.3633002042770386,1.108964204788208,-0.031120803207159042,0.0,0.0,0.0,0.0,0.0,0.0,0.0
39667217501,0,-0.007312548812478781,-0.09340943396091461,-0.8423226475715637,6.569455581484362e-05,-0.04113857448101044,-0.8442511558532715,-0.019291697070002556,0.0151560353115201,0.012735983356833458,0.014756560325622559,0.10454224050045013,-0.0019285082817077637,-0.0030609150417149067,-0.005516896490007639,0.33891740441322327,0.0,0.0,-0.0047828578390181065,0.014142596162855625,0.03777649626135826,-0.24266918003559113,0.021264102309942245,0.04542715102434158,-0.4121031165122986,0.5855199694633484,0.03624947369098663,-46.93250274658203,-0.025119081139564514,0.327445924282074,0.03112681210041046,-0.17414793372154236,0.017280803993344307,-0.3382551968097687,0.01589101552963257,11.402572631835938,11.987370491027832,10.51327133178711,13.045304298400879,0.006132812704890966,-0.009199218824505806,-0.03066406212747097,-0.038330078125,0.0,0.002678127260878682,0.0004091997689101845,-0.038924440741539,-0.029400842264294624,0.0,0.2138853818178177,0.20464885234832764,-9.809401512145996,0.10645817220211029,0.006590813398361206,-8.533182144165039,0.0,0.0,0.0,0.0,0.0,0.0,0.0,0.0,0.0,0.0,0.0,0.0,0.003051346866413951,-0.0001757424179231748,-0.039535585790872574,-0.028534432873129845,0.27050185203552246,0.28178906440734863,0.2509042024612427,0.30290067195892334,1.3017423152923584,1.329413652420044,0.03048543632030487,0.0,0.0,0.0,0.0,0.0,0.0,0.0
39677016274,0,-0.008069953881204128,-0.09377560764551163,-0.8420983552932739,6.569455581484362e-05,-0.04113857448101044,-0.8442511558532715,-0.017862986773252487,0.01649024896323681,0.0022629026789218187,0.016271378844976425,0.10527459532022476,-0.0021528005599975586,-0.002489485777914524,-0.004381074104458094,0.33486834168434143,0.0,0.0,-0.0047828578390181065,0.027058757841587067,0.04887675866484642,-0.2407049536705017,0.017864447087049484,0.03510310500860214,-0.4048333764076233,0.5986649394035339,0.05208820104598999,-46.7620964050293,-0.040744759142398834,0.3123304545879364,0.02935028076171875,-0.17435133457183838,0.01807170733809471,-0.3371873199939728,0.01919788122177124,11.357908248901367,11.898775100708008,10.561066627502441,12.959057807922363,0.0076660155318677425,-0.009199218824505806,-0.03066406212747097,-0.038330078125,0.0,0.0035714139230549335,0.0003136242739856243,-0.0397401861846447,-0.029540106654167175,0.0,0.2138853818178177,0.20464885234832764,-9.809401512145996,0.10586913675069809,0.005961224436759949,-8.458868026733398,0.0,0.0,0.0,0.0,0.0,0.0,0.0,0.0,0.0,0.0,0.0,0.0,0.0026643520686775446,-0.00010388561349827796,-0.03903842717409134,-0.028668111190199852,0.26810336112976074,0.27870258688926697,0.25237923860549927,0.29931169748306274,1.2995812892913818,1.2072736024856567,0.08867916464805603,0.0,0.0,0.0,0.0,0.0,0.0,0.0
39687019336,0,-0.008069953881204128,-0.09377560764551163,-0.8420983552932739,6.569455581484362e-05,-0.04113857448101044,-0.8442511558532715,-0.017862986773252487,0.01649024896323681,0.0022629026789218187,0.016271378844976425,0.10527459532022476,-0.0021528005599975586,-0.002489485777914524,-0.004381074104458094,0.33486834168434143,0.0,0.0,-0.0047828578390181065,0.07069090008735657,0.06859911233186722,-0.2487771064043045,0.017864447087049484,0.03510310500860214,-0.4048333764076233,0.5986649394035339,0.05208820104598999,-46.7620964050293,-0.040744759142398834,0.3123304545879364,0.02935028076171875,-0.17435133457183838,0.01807170733809471,-0.3371873199939728,0.01919788122177124,11.357908248901367,11.898775100708008,10.561066627502441,12.959057807922363,0.0076660155318677425,-0.009199218824505806,-0.03066406212747097,-0.036796875298023224,0.0,0.0035714139230549335,0.0003136242739856243,-0.0397401861846447,-0.029540106654167175,0.0,0.18125644326210022,0.1691739857196808,-9.560328483581543,0.10586913675069809,0.005961224436759949,-8.458868026733398,0.0,0.0,0.0,0.0,0.0,0.0,0.0,0.0,0.0,0.0,0.0,0.0,0.0026001918595284224,1.290543150389567e-05,-0.03888578340411186,-0.028888339176774025,0.26810336112976074,0.27870258688926697,0.25237923860549927,0.29931169748306274,2.050241231918335,1.0895395278930664,-0.25452494621276855,0.0,0.0,0.0,0.0,0.0,0.0,0.0
39698995495,0,-0.009083300828933716,-0.09409493207931519,-0.8418954014778137,6.569455581484362e-05,-0.04113857448101044,-0.8442511558532715,-0.017830273136496544,0.01960746757686138,0.0010276729008182883,0.018298082053661346,0.10591324418783188,-0.0023557543754577637,-9.904010948957875e-05,-0.0023831576108932495,0.3276005685329437,0.0,0.0,-0.0047828578390181065,0.07069090008735657,0.06859911233186722,-0.2487771064043045,-0.0004729190550278872,0.018956579267978668,-0.39856600761413574,0.5875238180160522,-0.01008809357881546,-46.443458557128906,-0.10647399723529816,0.2799687683582306,0.04153232276439667,-0.17464789748191833,0.019727271050214767,-0.335591584444046,0.02252952754497528,10.823165893554688,12.071907043457031,10.326644897460938,13.23575210571289,0.0076660155318677425,-0.009199218824505806,-0.03066406212747097,-0.03526367247104645,0.0,0.001323056872934103,0.0017771091079339385,-0.038161929696798325,-0.0303106177598238,0.0,-0.2368781715631485,-0.2593291699886322,-9.479583740234375,0.10718227922916412,0.001043066382408142,-8.46461009979248,0.0,0.0,0.0,0.0,0.0,0.0,0.0,0.0,0.0,0.0,0.0,0.0,0.0026441330555826426,0.00019334867829456925,-0.03889556601643562,-0.029152464121580124,0.2575656771659851,0.2820829749107361,0.247728168964386,0.3046538233757019,2.050241231918335,1.0895395278930664,-0.25452494621276855,0.0,0.0,0.0,0.0,0.0,0.0,0.0
39706965041,0,-0.009447132237255573,-0.09413950145244598,-0.8418555855751038,6.569455581484362e-05,-0.04113857448101044,-0.8442511558532715,-0.021450867876410484,0.018076645210385323,0.005449914373457432,0.01902574859559536,0.10600238293409348,-0.0023955702781677246,0.0007307518972083926,-0.0017049534944817424,0.3252573609352112,0.0,0.0,-0.0047828578390181065,0.0931030660867691,0.07377496361732483,-0.24758653342723846,-0.006690876558423042,0.013141680508852005,-0.39576125144958496,0.5895025134086609,0.0057368651032447815,-46.555355072021484,-0.14200516045093536,0.2654494643211365,0.03940492868423462,-0.17475879192352295,0.02114822342991829,-0.33456435799598694,0.02426934242248535,10.827134132385254,12.014691352844238,10.485433578491211,13.24346923828125,0.0076660155318677425,-0.009199218824505806,-0.029130859300494194,-0.03526367247104645,0.0,0.0018928104545921087,0.0013680853880941868,-0.03819598630070686,-0.029932240024209023,0.0,-0.2368781715631485,-0.2593291699886322,-9.479583740234375,0.11617870628833771,0.0016751587390899658,-8.501449584960938,0.0,0.0,0.0,0.0,0.0,0.0,0.0,0.0,0.0,0.0,0.0,0.0,0.002551974030211568,0.0004879575571976602,-0.03883938118815422,-0.029443074017763138,0.25764408707618713,0.28096669912338257,0.2508799731731415,0.30480244755744934,2.106300115585327,0.8481607437133789,-0.004652094561606646,0.0,0.0,0.0,0.0,0.0,0.0,0.0
39717046207,0,-0.009447132237255573,-0.09413950145244598,-0.8418555855751038,6.569455581484362e-05,-0.04113857448101044,-0.8442511558532715,-0.021450867876410484,0.018076645210385323,0.005449914373457432,0.01902574859559536,0.10600238293409348,-0.0023955702781677246,0.0007307518972083926,-0.0017049534944817424,0.3252573609352112,0.0,0.0,-0.0047828578390181065,0.11116879433393478,0.09394973516464233,-0.23144714534282684,-0.006690876558423042,0.013141680508852005,-0.39576125144958496,0.6660260558128357,-0.02749267965555191,-46.86750793457031,-0.16620120406150818,0.2261505275964737,0.020597562193870544,-0.17488257586956024,0.02114822342991829,-0.33456435799598694,0.02426934242248535,11.27767276763916,11.645858764648438,11.131772994995117,12.826948165893555,0.006132812704890966,-0.009199218824505806,-0.03066406212747097,-0.03526367247104645,0.0,0.003162526758387685,0.004731836728751659,-0.03736531361937523,-0.03394176438450813,0.0,-0.2368781715631485,-0.2593291699886322,-9.479583740234375,0.11617870628833771,0.0016751587390899658,-8.501449584960938,0.0,0.0,0.0,0.0,0.0,0.0,0.0,0.0,0.0,0.0,0.0,0.0,0.002417305950075388,0.0009693022002466023,-0.03865313157439232,-0.029878685250878334,0.26652592420578003,0.2737536132335663,0.2636544406414032,0.29675590991973877,1.2182036638259888,0.9800498485565186,0.6867592930793762,0.0,0.0,0.0,0.0,0.0,0.0,0.0
39727270360,0,-0.010311447083950043,-0.09407974034547806,-0.8418002724647522,6.569455581484362e-05,-0.04113857448101044,-0.8442511558532715,-0.017337653785943985,0.014792368747293949,0.00991925597190857,0.020754387602210045,0.10588286072015762,-0.002450883388519287,0.0023253862746059895,0.0001409834949299693,0.32112640142440796,0.0,0.0,-0.0047828578390181065,0.11116879433393478,0.09394973516464233,-0.23144714534282684,-0.018374577164649963,-0.0023225927725434303,-0.39081376791000366,0.6660260558128357,-0.02749267965555191,-46.86750793457031,-0.16620120406150818,0.2261505275964737,0.020597562193870544,-0.17488257586956024,0.02447580359876156,-0.3322233557701111,0.027892455458641052,11.27767276763916,11.645858764648438,11.131772994995117,12.826948165893555,0.003066406352445483,-0.009199218824505806,-0.032197266817092896,-0.036796875298023224,0.0,0.003162526758387685,0.004731836728751659,-0.03736531361937523,-0.03394176438450813,0.0,-0.2368781715631485,-0.2593291699886322,-9.479583740234375,0.11321932077407837,0.009815201163291931,-8.535730361938477,0.0,0.0,0.0,0.0,0.0,0.0,0.0,0.0,0.0,0.0,0.0,0.0,0.002430013846606016,0.0017451475141569972,-0.03836221247911453,-0.030657708644866943,0.26652592420578003,0.2737536132335663,0.2636544406414032,0.29675590991973877,1.2182036638259888,0.9800498485565186,0.6867592930793762,0.0,0.0,0.0,0.0,0.0,0.0,0.0
39737111696,0,-0.010311447083950043,-0.09407974034547806,-0.8418002724647522,6.569455581484362e-05,-0.04113857448101044,-0.8442511558532715,-0.017337653785943985,0.014792368747293949,0.00991925597190857,0.020754387602210045,0.10588286072015762,-0.002450883388519287,0.0023253862746059895,0.0001409834949299693,0.32112640142440796,0.0,0.0,-0.0047828578390181065,0.11055268347263336,0.093114472925663,-0.22912481427192688,-0.018374577164649963,-0.0023225927725434303,-0.39081376791000366,0.6227062940597534,0.05398360639810562,-46.94651794433594,-0.16771410405635834,0.22543084621429443,0.020403549075126648,-0.1749183088541031,0.02639518678188324,-0.3307873606681824,0.030066996812820435,11.299213409423828,11.65914249420166,11.15944766998291,12.842763900756836,0.004599609412252903,-0.009199218824505806,-0.03066406212747097,-0.036796875298023224,0.0,0.004346991889178753,0.0009387705940753222,-0.038485828787088394,-0.030465632677078247,0.0,0.17914804816246033,-0.4565797448158264,-9.940954208374023,0.11321932077407837,0.009815201163291931,-8.535730361938477,0.0,0.0,0.0,0.0,0.0,0.0,0.0,0.0,0.0,0.0,0.0,0.0,0.002626073779538274,0.0025028621312230825,-0.038086868822574615,-0.031486477702856064,0.26694953441619873,0.2740139961242676,0.2641993761062622,0.2970620095729828,0.6902377009391785,0.4784214496612549,0.5085547566413879,0.0,0.0,0.0,0.0,0.0,0.0,0.0
39747084062,0,-0.010712871327996254,-0.09404918551445007,-0.8417865037918091,6.569455581484362e-05,-0.04113857448101044,-0.8442511558532715,-0.018331114202737808,0.015266655944287777,0.00685925455763936,0.021557239815592766,0.10582175105810165,-0.0024646520614624023,0.0030561555176973343,0.0007418747991323471,0.3190070688724518,0.0,0.0,-0.0047828578390181065,0.11373169720172882,0.0905885174870491,-0.23504455387592316,-0.02386385202407837,-0.007457837462425232,-0.3882744312286377,0.6382701396942139,0.04407147318124771,-46.810272216796875,-0.1815599501132965,0.22306150197982788,0.029305726289749146,-0.17493483424186707,0.02639518678188324,-0.3307873606681824,0.030066996812820435,11.018110275268555,11.829597473144531,10.926695823669434,13.049437522888184,0.006132812704890966,-0.009199218824505806,-0.03066406212747097,-0.03526367247104645,0.0,0.004637612961232662,0.0016851334366947412,-0.039490703493356705,-0.030674908310174942,0.0,0.22434388101100922,-0.41409868001937866,-9.710774421691895,0.11604911088943481,0.00801299512386322,-8.510958671569824,0.0,0.0,0.0,0.0,0.0,0.0,0.0,0.0,0.0,0.0,0.0,0.0,0.0029988200403749943,0.00279630976729095,-0.03801973909139633,-0.03187571465969086,0.26694953441619873,0.2740139961242676,0.2641993761062622,0.2970620095729828,0.6152862906455994,0.12298271805047989,0.04343368113040924,0.0,0.0,0.0,0.0,0.0,0.0,0.0
39756945714,0,-0.010712871327996254,-0.09404918551445007,-0.8417865037918091,6.569455581484362e-05,-0.04113857448101044,-0.8442511558532715,-0.018331114202737808,0.015266655944287777,0.00685925455763936,0.024044567719101906,0.10478478670120239,-0.002474069595336914,0.0030561555176973343,0.0007418747991323471,0.3190070688724518,0.0,0.0,-0.0047828578390181065,0.1107785552740097,0.07483664900064468,-0.2358851581811905,-0.02386385202407837,-0.007457837462425232,-0.3882744312286377,0.6382701396942139,0.04407147318124771,-46.810272216796875,-0.1815599501132965,0.22306150197982788,0.029305726289749146,-0.17493483424186707,0.02639518678188324,-0.3307873606681824,0.030066996812820435,11.018110275268555,11.829597473144531,10.926695823669434,13.049437522888184,0.006132812704890966,-0.009199218824505806,-0.03066406212747097,-0.03526367247104645,0.0,0.004637612961232662,0.0016851334366947412,-0.039490703493356705,-0.030674908310174942,0.0,0.22434388101100922,-0.41409868001937866,-9.710774421691895,0.11419399827718735,-0.00832773745059967,-8.442852973937988,0.0,0.0,0.0,0.0,0.0,0.0,0.0,0.0,0.0,0.0,0.0,0.0,0.0034711360931396484,0.002701157471165061,-0.038211800158023834,-0.03183590993285179,0.26694953441619873,0.2740139961242676,0.2641993761062622,0.2970620095729828,0.1851828694343567,-0.544330358505249,0.15810035169124603,0.0,0.0,0.0,0.0,0.0,0.0,0.0
39772382914,0,-0.011956528760492802,-0.09353070706129074,-0.8417770862579346,6.569455581484362e-05,-0.04113857448101044,-0.8442511558532715,-0.017999988049268723,0.022680269554257393,-0.0024932287633419037,0.024044567719101906,0.10478478670120239,-0.002474069595336914,0.006851147394627333,0.0026739793829619884,0.31275808811187744,0.0,0.0,-0.0047828578390181065,0.11212509125471115,0.06897298991680145,-0.22649286687374115,-0.053007520735263824,-0.024672070518136024,-0.38077953457832336,0.6073258519172668,0.013529114425182343,-46.58683776855469,-0.19757738709449768,0.23290394246578217,0.02889178693294525,-0.17490728199481964,0.02639518678188324,-0.3307873606681824,0.030066996812820435,10.962830543518066,11.723692893981934,10.891697883605957,13.023629188537598,0.006132812704890966,-0.009199218824505806,-0.03066406212747097,-0.03526367247104645,0.0,0.0026807677932083607,0.0016907871467992663,-0.0376175157725811,-0.030722498893737793,0.0,0.22434388101100922,-0.41409868001937866,-9.710774421691895,0.11419399827718735,-0.00832773745059967,-8.442852973937988,0.0,0.0,0.0,0.0,0.0,0.0,0.0,0.0,0.0,0.0,0.0,0.0,0.003828400978818536,0.0024671368300914764,-0.03845583274960518,-0.03160429000854492,0.26694953441619873,0.2740139961242676,0.2641993761062622,0.2970620095729828,0.18933185935020447,-0.5462019443511963,0.533469557762146,0.0,0.0,0.0,0.0,0.0,0.0,0.0
39777041391,0,-0.012374291196465492,-0.09330154955387115,-0.8417785167694092,6.569455581484362e-05,-0.04113857448101044,-0.8442511558532715,-0.020883483812212944,0.028865795582532883,-0.0018072080565616488,0.024880096316337585,0.10432647168636322,-0.0024726390838623047,0.008059137500822544,0.0034089472610503435,0.3111153841018677,0.0,0.0,-0.0047828578390181065,0.11212509125471115,0.06897298991680145,-0.22649286687374115,-0.057663410902023315,-0.03518986329436302,-0.3775590658187866,0.6280670166015625,-0.04580255597829819,-46.435691833496094,-0.21035954356193542,0.2310999631881714,0.01729559898376465,-0.17486104369163513,0.03411022573709488,-0.3257032632827759,0.03799615800380707,11.192551612854004,11.379121780395508,11.165878295898438,12.7125825881958,0.004599609412252903,-0.009199218824505806,-0.03066406212747097,-0.036796875298023224,0.0,0.0014112266944721341,0.004234305117279291,-0.03546617552638054,-0.03369860351085663,0.0,-0.11753488332033157,0.038775209337472916,-9.96998405456543,0.11705701053142548,-0.02299896627664566,-8.450676918029785,0.0,0.0,0.0,0.0,0.0,0.0,0.0,0.0,0.0,0.0,0.0,0.0,0.003824045415967703,0.0023258612491190434,-0.038408324122428894,-0.031462762504816055,0.2648511528968811,0.2685200870037079,0.2643260061740875,0.2945404350757599,0.18933185935020447,-0.5462019443511963,0.533469557762146,0.0,0.0,0.0,0.0,0.0,0.0,0.0
39786896951,0,-0.013217762112617493,-0.09272051602602005,-0.8417633771896362,6.569455581484362e-05,-0.04113857448101044,-0.8442511558532715,-0.019371220842003822,0.0358208604156971,0.0027575897984206676,0.026567045599222183,0.10316439718008041,-0.002487778663635254,0.00953248143196106,0.0044061774387955666,0.3070712685585022,0.0,0.0,-0.0047828578390181065,0.10686005651950836,0.05927446484565735,-0.2249160259962082,-0.07345189154148102,-0.039684657007455826,-0.37395215034484863,0.6119242310523987,-0.1998516321182251,-46.59675598144531,-0.20651625096797943,0.23329094052314758,0.018414512276649475,-0.174801304936409,0.03411022573709488,-0.3257032632827759,0.03799615800380707,11.214202880859375,11.449872970581055,11.16891098022461,12.7776517868042,0.003066406352445483,-0.009199218824505806,-0.032197266817092896,-0.036796875298023224,0.0,-0.003951404709368944,0.008472217246890068,-0.03006037324666977,-0.03734006732702255,0.0,-0.11753488332033157,0.038775209337472916,-9.96998405456543,0.11217038333415985,-0.038038402795791626,-8.488337516784668,0.0,0.0,0.0,0.0,0.0,0.0,0.0,0.0,0.0,0.0,0.0,0.0,0.0031878510490059853,0.002686705207452178,-0.03769191354513168,-0.03183642402291298,0.2648511528968811,0.2685200870037079,0.2643260061740875,0.2945404350757599,-0.1114288866519928,-0.7587052583694458,0.34072431921958923,0.0,0.0,0.0,0.0,0.0,0.0,0.0
39796861295,0,-0.013217762112617493,-0.09272051602602005,-0.8417633771896362,6.569455581484362e-05,-0.04113857448101044,-0.8442511558532715,-0.019371220842003822,0.0358208604156971,0.0027575897984206676,0.026567045599222183,0.10316439718008041,-0.002487778663635254,0.00953248143196106,0.0044061774387955666,0.3070712685585022,0.0,0.0,-0.0047828578390181065,0.07515400648117065,0.03919530287384987,-0.2336370199918747,-0.07345189154148102,-0.039684657007455826,-0.37395215034484863,0.6180591583251953,-0.26581045985221863,-46.7271728515625,-0.1824658364057541,0.24627329409122467,0.030127450823783875,-0.1746397465467453,0.03632931783795357,-0.32448941469192505,0.0403621643781662,11.010987281799316,11.792272567749023,10.85153579711914,13.08631420135498,0.004599609412252903,-0.009199218824505806,-0.03066406212747097,-0.036796875298023224,0.0,-0.005929303355515003,0.01040270272642374,-0.028973644599318504,-0.03839464858174324,0.0,0.10842622071504593,0.36831578612327576,-9.70748233795166,0.11217038333415985,-0.038038402795791626,-8.488337516784668,0.0,0.0,0.0,0.0,0.0,0.0,0.0,0.0,0.0,0.0,0.0,0.0,0.0017137196846306324,0.003825311316177249,-0.036130595952272415,-0.03291643038392067,0.265277236700058,0.2699098587036133,0.26438575983047485,0.2958013415336609,-1.0115220546722412,-0.8956098556518555,-0.16848056018352509,0.0,0.0,0.0,0.0,0.0,0.0,0.0
39808184176,0,-0.01405302993953228,-0.09209119528532028,-0.8417369723320007,6.569455581484362e-05,-0.04113857448101044,-0.8442511558532715,-0.01902507059276104,0.0428042933344841,0.002679570810869336,0.028237590566277504,0.10190574824810028,-0.002514183521270752,0.010027654469013214,0.00516620185226202,0.30267134308815,0.0,0.0,-0.0047828578390181065,0.07515400648117065,0.03919530287384987,-0.2336370199918747,-0.07345189154148102,-0.039684657007455826,-0.37395215034484863,0.6180591583251953,-0.26581045985221863,-46.7271728515625,-0.1824658364057541,0.24627329409122467,0.030127450823783875,-0.1746397465467453,0.04038262367248535,-0.3224051892757416,0.04491816461086273,11.010987281799316,11.792272567749023,10.85153579711914,13.08631420135498,0.006132812704890966,-0.009199218824505806,-0.03066406212747097,-0.03526367247104645,0.0,-0.005929303355515003,0.01040270272642374,-0.028973644599318504,-0.03839464858174324,0.0,0.10842622071504593,0.36831578612327576,-9.70748233795166,0.1094629094004631,-0.053923286497592926,-8.486481666564941,0.0,0.0,0.0,0.0,0.0,0.0,0.0,0.0,0.0,0.0,0.0,0.0,-0.00033037771936506033,0.0055099427700042725,-0.03409220278263092,-0.034409817308187485,0.26127350330352783,0.27662017941474915,0.2581261396408081,0.3017703890800476,-1.0115220546722412,-0.8956098556518555,-0.16848056018352509,0.0,0.0,0.0,0.0,0.0,0.0,0.0
39817198075,0,-0.01405302993953228,-0.09209119528532028,-0.8417369723320007,6.569455581484362e-05,-0.04113857448101044,-0.8442511558532715,-0.01902507059276104,0.0428042933344841,0.002679570810869336,0.028237590566277504,0.10190574824810028,-0.002514183521270752,0.010027654469013214,0.00516620185226202,0.30267134308815,0.0,0.0,-0.0047828578390181065,0.06928668916225433,0.024154512211680412,-0.23642416298389435,-0.07704443484544754,-0.04589268937706947,-0.3686756193637848,0.5932536125183105,-0.3447515070438385,-46.57617950439453,-0.1824658364057541,0.24627329409122467,0.030127450823783875,-0.1746397465467453,0.04038262367248535,-0.3224051892757416,0.04491816461086273,10.942330360412598,11.745163917541504,10.799955368041992,13.103750228881836,0.006132812704890966,-0.009199218824505806,-0.03066406212747097,-0.03526367247104645,0.0,-0.009318719618022442,0.012074114754796028,-0.02571447566151619,-0.03980528190732002,0.0,0.03706914186477661,0.30137428641319275,-10.023874282836914,0.1094629094004631,-0.053923286497592926,-8.486481666564941,0.0,0.0,0.0,0.0,0.0,0.0,0.0,0.0,0.0,0.0,0.0,0.0,-0.0025252033956348896,0.00731841754168272,-0.03199482709169388,-0.03594466298818588,0.26127350330352783,0.27662017941474915,0.2581261396408081,0.3017703890800476,-0.36999085545539856,-0.8393639922142029,-0.09652110934257507,0.0,0.0,0.0,0.0,0.0,0.0,0.0
39827160116,0,-0.014921244233846664,-0.09133745729923248,-0.8417497873306274,6.569455581484362e-05,-0.04113857448101044,-0.8442511558532715,-0.0199914388358593,0.04858066141605377,-0.0010104195680469275,0.02997402846813202,0.10039826482534409,-0.002501368522644043,0.011198347434401512,0.005748314782977104,0.29846975207328796,0.0,0.0,-0.0047828578390181065,0.06928668916225433,0.024154512211680412,-0.23642416298389435,-0.0860920250415802,-0.051011357456445694,-0.3636343479156494,0.5932536125183105,-0.3447515070438385,-46.57617950439453,-0.1955307573080063,0.25400879979133606,0.031029105186462402,-0.1744251847267151,0.043851952999830246,-0.32078102231025696,0.04895365238189697,10.942330360412598,11.745163917541504,10.799955368041992,13.103750228881836,0.006132812704890966,-0.009199218824505806,-0.03066406212747097,-0.036796875298023224,0.0,-0.009297407232224941,0.012093974277377129,-0.025692874565720558,-0.03978746756911278,0.0,0.03706914186477661,0.30137428641319275,-10.023874282836914,0.11006416380405426,-0.06877268105745316,-8.458250045776367,0.0,0.0,0.0,0.0,0.0,0.0,0.0,0.0,0.0,0.0,0.0,0.0,-0.004700890742242336,0.009009214118123055,-0.029953772202134132,-0.0373460128903389,0.25991907715797424,0.27569830417633057,0.2571069300174713,0.30210694670677185,-0.36999085545539856,-0.8393639922142029,-0.09652110934257507,0.0,0.0,0.0,0.0,0.0,0.0,0.0
39837332222,0,-0.015368981286883354,-0.0909193903207779,-0.8417614102363586,6.569455581484362e-05,-0.04113857448101044,-0.8442511558532715,-0.021601302549242973,0.0494229793548584,-0.00519954040646553,0.030869506299495697,0.0995621308684349,-0.002489745616912842,0.011810139752924442,0.005847447086125612,0.29662394523620605,0.0,0.0,-0.0047828578390181065,0.06449925154447556,0.015276910737156868,-0.23052597045898438,-0.0860920250415802,-0.051011357456445694,-0.3636343479156494,0.6053528785705566,-0.37824973464012146,-46.5203742980957,-0.19724369049072266,0.26130789518356323,0.02231752872467041,-0.1742834597826004,0.04576999694108963,-0.32003235816955566,0.051158830523490906,11.154781341552734,11.4995756149292,10.994812965393066,12.885688781738281,0.003066406352445483,-0.009199218824505806,-0.03066406212747097,-0.038330078125,0.0,-0.009784791618585587,0.013767676427960396,-0.024535086005926132,-0.04170132800936699,0.0,0.25053390860557556,0.05052388831973076,-9.87720775604248,0.11375538259744644,-0.07308772951364517,-8.426849365234375,0.0,0.0,0.0,0.0,0.0,0.0,0.0,0.0,0.0,0.0,0.0,0.0,-0.006642569787800312,0.010486284270882607,-0.02811129204928875,-0.03857484087347984,0.2641074061393738,0.27088528871536255,0.26095449924468994,0.29789263010025024,-0.3943699896335602,-0.8611716628074646,0.26365742087364197,0.0,0.0,0.0,0.0,0.0,0.0,0.0
39847017870,0,-0.015368981286883354,-0.0909193903207779,-0.8417614102363586,6.569455581484362e-05,-0.04113857448101044,-0.8442511558532715,-0.021601302549242973,0.0494229793548584,-0.00519954040646553,0.030869506299495697,0.0995621308684349,-0.002489745616912842,0.011810139752924442,0.005847447086125612,0.29662394523620605,0.0,0.0,-0.0047828578390181065,0.05280685052275658,0.0029542315751314163,-0.23471185564994812,-0.10106854140758514,-0.052450958639383316,-0.3544921278953552,0.6643897294998169,-0.4418146014213562,-46.227622985839844,-0.19505414366722107,0.269836962223053,0.02805858850479126,-0.17398601770401,0.04576999694108963,-0.32003235816955566,0.051158830523490906,10.954802513122559,11.559971809387207,10.761344909667969,12.965312004089355,0.0015332031762227416,-0.009199218824505806,-0.032197266817092896,-0.038330078125,0.0,-0.010080046020448208,0.01747385784983635,-0.024888627231121063,-0.04476647451519966,0.0,0.18629474937915802,0.0993632972240448,-9.710780143737793,0.11375538259744644,-0.07308772951364517,-8.426849365234375,0.0,0.0,0.0,0.0,0.0,0.0,0.0,0.0,0.0,0.0,0.0,0.0,-0.008168473839759827,0.01191199291497469,-0.026614949107170105,-0.039809226989746094,0.2641074061393738,0.27088528871536255,0.26095449924468994,0.29789263010025024,-0.5985819101333618,-0.7303447127342224,-0.0925840213894844,0.0,0.0,0.0,0.0,0.0,0.0,0.0
39856914915,0,-0.01632060296833515,-0.08998801559209824,-0.8418461084365845,6.569455581484362e-05,-0.04113857448101044,-0.8442511558532715,-0.026952659711241722,0.052389658987522125,-0.008606894873082638,0.03277275711297989,0.097699373960495,-0.0024050474166870117,0.012817839160561562,0.00595969520509243,0.29273054003715515,0.0,0.0,-0.0047828578390181065,0.05280685052275658,0.0029542315751314163,-0.23471185564994812,-0.10106854140758514,-0.052450958639383316,-0.3544921278953552,0.6643897294998169,-0.4418146014213562,-46.227622985839844,-0.19505414366722107,0.269836962223053,0.02805858850479126,-0.17398601770401,0.04933078959584236,-0.31884342432022095,0.05532412976026535,10.954802513122559,11.559971809387207,10.761344909667969,12.965312004089355,0.0015332031762227416,-0.0076660155318677425,-0.03066406212747097,-0.038330078125,0.0,-0.010080046020448208,0.01747385784983635,-0.024888627231121063,-0.04476647451519966,0.0,0.09193385392427444,0.11400958150625229,-9.759919166564941,0.12468770146369934,-0.08587147295475006,-8.404894828796387,0.0,0.0,0.0,0.0,0.0,0.0,0.0,0.0,0.0,0.0,0.0,0.0,-0.009258048608899117,0.013468516990542412,-0.025544162839651108,-0.041189659386873245,0.2601652145385742,0.2720701992511749,0.25634363293647766,0.29943254590034485,-0.5985819101333618,-0.7303447127342224,-0.0925840213894844,0.0,0.0,0.0,0.0,0.0,0.0,0.0
39866854221,0,-0.017364323139190674,-0.08895080536603928,-0.8419641852378845,6.569455581484362e-05,-0.04113857448101044,-0.8442511558532715,-0.02739754505455494,0.053421035408973694,-0.012727298773825169,0.03486020863056183,0.09562493860721588,-0.002286970615386963,0.013079649768769741,0.005704406648874283,0.28818219900131226,0.0,0.0,-0.0047828578390181065,0.03779006376862526,-0.004598869942128658,-0.2435038834810257,-0.10106854140758514,-0.052450958639383316,-0.3544921278953552,0.7136493921279907,-0.45653074979782104,-46.15521240234375,-0.19505414366722107,0.269836962223053,0.02805858850479126,-0.17398601770401,0.04933078959584236,-0.31884342432022095,0.05532412976026535,10.696608543395996,11.826883316040039,10.434220314025879,13.212054252624512,0.003066406352445483,-0.006132812704890966,-0.029130859300494194,-0.038330078125,0.0,-0.009181555360555649,0.01899227686226368,-0.026839956641197205,-0.04564359784126282,0.0,0.09193385392427444,0.11400958150625229,-9.759919166564941,0.1276233196258545,-0.09246796369552612,-8.37730598449707,0.0,0.0,0.0,0.0,0.0,0.0,0.0,0.0,0.0,0.0,0.0,0.0,-0.009904146194458008,0.015043176710605621,-0.024986587464809418,-0.042569052428007126,0.2601652145385742,0.2720701992511749,0.25634363293647766,0.29943254590034485,-1.0039523839950562,-0.7418180704116821,-0.37074825167655945,0.0,0.0,0.0,0.0,0.0,0.0,0.0
39877213800,0,-0.017364323139190674,-0.08895080536603928,-0.8419641852378845,6.569455581484362e-05,-0.04113857448101044,-0.8442511558532715,-0.02739754505455494,0.053421035408973694,-0.012727298773825169,0.03486020863056183,0.09562493860721588,-0.002286970615386963,0.013079649768769741,0.005704406648874283,0.28818219900131226,0.0,0.0,-0.0047828578390181065,0.03779006376862526,-0.004598869942128658,-0.2435038834810257,-0.10114753991365433,-0.051361504942178726,-0.3513033390045166,0.7136493921279907,-0.45653074979782104,-46.15521240234375,-0.180461585521698,0.2778051197528839,0.039037808775901794,-0.17380356788635254,0.051124900579452515,-0.31831252574920654,0.057362496852874756,10.696608543395996,11.826883316040039,10.434220314025879,13.212054252624512,0.003066406352445483,-0.004599609412252903,-0.027597656473517418,-0.038330078125,0.0,-0.00916301179677248,0.019009051844477654,-0.026820942759513855,-0.04562857747077942,0.0,0.09619389474391937,0.1437169462442398,-10.043912887573242,0.1276233196258545,-0.09246796369552612,-8.37730598449707,0.0,0.0,0.0,0.0,0.0,0.0,0.0,0.0,0.0,0.0,0.0,0.0,-0.01012916024774313,0.016477055847644806,-0.024963464587926865,-0.04377363249659538,0.2550632059574127,0.27729707956314087,0.2498638927936554,0.30419689416885376,-1.0039523839950562,-0.7418180704116821,-0.37074825167655945,0.0,0.0,0.0,0.0,0.0,0.0,0.0
39886813438,0,-0.017364323139190674,-0.08895080536603928,-0.8419641852378845,6.569455581484362e-05,-0.04113857448101044,-0.8442511558532715,-0.02739754505455494,0.053421035408973694,-0.012727298773825169,0.03677328675985336,0.09335065633058548,-0.0021317005157470703,0.013079649768769741,0.005704406648874283,0.28818219900131226,0.0,0.0,-0.004782846197485924,0.029768604785203934,-0.016911335289478302,-0.24429738521575928,-0.10114753991365433,-0.051361504942178726,-0.3513033390045166,0.7050681114196777,-0.5442245006561279,-46.01247024536133,-0.1852741241455078,0.2909986972808838,0.03507454693317413,-0.17340195178985596,0.05430183932185173,-0.3175680339336395,0.06083858758211136,10.773019790649414,11.664170265197754,10.484936714172363,13.105905532836914,0.003066406352445483,-0.003066406352445483,-0.026064453646540642,-0.04139648377895355,0.0,-0.012217271141707897,0.021710172295570374,-0.023402098566293716,-0.048101603984832764,0.0,0.2655470073223114,-0.17142237722873688,-9.88046646118164,0.1230965331196785,-0.09941644966602325,-8.358985900878906,0.0,0.0,0.0,0.0,0.0,0.0,0.0,0.0,0.0,0.0,0.0,0.0,-0.010203298181295395,0.017773311585187912,-0.025138009339571,-0.04482312500476837,0.25657445192337036,0.27411240339279175,0.2508699595928192,0.302148699760437,-0.5821056962013245,-0.6466912031173706,0.13221248984336853,0.0,0.0,0.0,0.0,0.0,0.0,0.0
39897952997,0,-0.018320858478546143,-0.08781366795301437,-0.8421194553375244,6.569455581484362e-05,-0.04113857448101044,-0.8442511558532715,-0.024447601288557053,0.05547844618558884,-0.015706775709986687,0.03677328675985336,0.09335065633058548,-0.0021317005157470703,0.01380225457251072,0.005496122408658266,0.28363367915153503,0.0,0.0,-0.004782846197485924,0.01662871055305004,-0.018986165523529053,-0.2254345566034317,-0.10702473670244217,-0.04994757100939751,-0.34585297107696533,0.7050681114196777,-0.5442245006561279,-46.01247024536133,-0.1852741241455078,0.2909986972808838,0.03507454693317413,-0.17340195178985596,0.05430183932185173,-0.3175680339336395,0.06083858758211136,11.880155563354492,10.579179763793945,11.568022727966309,11.979580879211426,0.0,-0.003066406352445483,-0.027597656473517418,-0.044462889432907104,0.0,-0.01107866782695055,0.023937150835990906,-0.021210676059126854,-0.052628133445978165,0.0,-0.07336515933275223,-0.07995633780956268,-9.632408142089844,0.1230965331196785,-0.09941644966602325,-8.358985900878906,0.0,0.0,0.0,0.0,0.0,0.0,0.0,0.0,0.0,0.0,0.0,0.0,-0.010417968966066837,0.01911541074514389,-0.024960152804851532,-0.046038977801799774,0.25657445192337036,0.27411240339279175,0.2508699595928192,0.302148699760437,-0.70391845703125,-0.19010791182518005,0.8241079449653625,0.0,0.0,0.0,0.0,0.0,0.0,0.0
39906810175,0,-0.0191781148314476,-0.086509108543396,-0.8422952890396118,6.569455581484362e-05,-0.04113857448101044,-0.8442511558532715,-0.02548287622630596,0.05884699895977974,-0.014161030761897564,0.038487810641527176,0.09074152261018753,-0.001955866813659668,0.013918883167207241,0.005370273254811764,0.27936622500419617,0.0,0.0,-0.029720501974225044,0.01662871055305004,-0.018986165523529053,-0.2254345566034317,-0.10780457407236099,-0.049448270350694656,-0.3706127405166626,0.6771243810653687,-0.5833488702774048,-45.99296951293945,-0.1748114377260208,0.2884371280670166,-0.00893460214138031,-0.17293868958950043,0.057417336851358414,-0.316998153924942,0.06474857777357101,11.880155563354492,10.579179763793945,11.568022727966309,11.979580879211426,-0.0015332031762227416,-0.003066406352445483,-0.027597656473517418,-0.04599609225988388,0.0,-0.013032369315624237,0.02435852400958538,-0.019116917625069618,-0.05291647091507912,0.0,0.09558342397212982,-0.03805196285247803,-9.462642669677734,0.12506461143493652,-0.1118406280875206,-8.373836517333984,0.0,0.0,0.0,0.0,0.0,0.0,0.0,0.0,0.0,0.0,0.0,0.0,-0.010788117535412312,0.020581915974617004,-0.0241853054612875,-0.047657307237386703,0.2783387005329132,0.25273799896240234,0.2722281515598297,0.2802811563014984,-0.70391845703125,-0.19010791182518005,0.8241079449653625,0.0,0.0,0.0,0.0,0.0,0.0,0.0
39916798130,0,-0.01958625577390194,-0.08589603751897812,-0.8423970937728882,6.569455581484362e-05,-0.04113857448101044,-0.8442511558532715,-0.026055339723825455,0.06081796810030937,-0.010293531231582165,0.03930409625172615,0.08951537311077118,-0.0018540620803833008,0.013701921328902245,0.005167040042579174,0.2770217955112457,0.0,0.0,-0.029720501974225044,0.0027778600342571735,-0.021448025479912758,-0.22866247594356537,-0.10780457407236099,-0.049448270350694656,-0.3706127405166626,0.6878553628921509,-0.615123450756073,-46.05609893798828,-0.1578795313835144,0.2927870750427246,-0.0021210908889770508,-0.17269229888916016,0.05894680321216583,-0.316672682762146,0.06699012219905853,11.758379936218262,10.784551620483398,11.380119323730469,12.146490097045898,-0.003066406352445483,-0.0015332031762227416,-0.026064453646540642,-0.04599609225988388,0.0,-0.01377736497670412,0.02531331591308117,-0.018755169585347176,-0.053405530750751495,0.0,0.09558342397212982,-0.03805196285247803,-9.462642669677734,0.12603358924388885,-0.11852067708969116,-8.40382194519043,0.0,0.0,0.0,0.0,0.0,0.0,0.0,0.0,0.0,0.0,0.0,0.0,-0.011328526772558689,0.02202465385198593,-0.022948870435357094,-0.04943293705582619,0.2759570777416229,0.25680238008499146,0.2685398757457733,0.2835375666618347,-1.0050452947616577,-0.23456622660160065,0.3464406430721283,0.0,0.0,0.0,0.0,0.0,0.0,0.0
39928017195,0,-0.01958625577390194,-0.08589603751897812,-0.8423970937728882,6.569455581484362e-05,-0.04113857448101044,-0.8442511558532715,-0.026055339723825455,0.06081796810030937,-0.010293531231582165,0.03930409625172615,0.08951537311077118,-0.0018540620803833008,0.013701921328902245,0.005167040042579174,0.2770217955112457,0.0,0.0,-0.029720501974225044,-0.01807376928627491,-0.040312305092811584,-0.24680683016777039,-0.10620532929897308,-0.04767930880188942,-0.36780762672424316,0.7111659049987793,-0.7261216044425964,-46.35983657836914,-0.13642317056655884,0.32500720024108887,0.009451478719711304,-0.1722438633441925,0.0613887757062912,-0.3163464069366455,0.07068417221307755,11.626221656799316,11.134594917297363,11.08533000946045,12.530305862426758,0.0,0.0015332031762227416,-0.024531250819563866,-0.04599609225988388,0.0,-0.016558947041630745,0.02882734127342701,-0.016412874683737755,-0.05552433803677559,0.0,0.1409848928451538,-0.13245990872383118,-9.966402053833008,0.12603358924388885,-0.11852067708969116,-8.40382194519043,0.0,0.0,0.0,0.0,0.0,0.0,0.0,0.0,0.0,0.0,0.0,0.0,-0.01214013434946537,0.023459119722247124,-0.02147555910050869,-0.05111444741487503,0.2759570777416229,0.25680238008499146,0.2685398757457733,0.2835375666618347,-1.0143550634384155,-0.7880227565765381,-0.34779953956604004,0.0,0.0,0.0,0.0,0.0,0.0,0.0
39936879129,0,-0.020399732515215874,-0.08466608077287674,-0.8426135778427124,6.569455581484362e-05,-0.04113857448101044,-0.8442511558532715,-0.030219877138733864,0.0652754157781601,-0.005341832526028156,0.040931057184934616,0.08705545216798782,-0.001637578010559082,0.013272687792778015,0.004152634181082249,0.2724214196205139,0.0,0.0,-0.03969556838274002,-0.01807376928627491,-0.040312305092811584,-0.24680683016777039,-0.10325171798467636,-0.03953173756599426,-0.37425512075424194,0.7111659049987793,-0.7261216044425964,-46.35983657836914,-0.13642317056655884,0.32500720024108887,0.009451478719711304,-0.1722438633441925,0.0613887757062912,-0.3163464069366455,0.07068417221307755,11.626221656799316,11.134594917297363,11.08533000946045,12.530305862426758,0.0015332031762227416,0.004599609412252903,-0.021464843302965164,-0.04599609225988388,0.0,-0.016558947041630745,0.02882734127342701,-0.016412874683737755,-0.05552433803677559,0.0,0.1409848928451538,-0.13245990872383118,-9.966402053833008,0.1335650235414505,-0.13444018363952637,-8.437847137451172,0.0,0.0,0.0,0.0,0.0,0.0,0.0,0.0,0.0,0.0,0.0,0.0,-0.013226364739239216,0.024993080645799637,-0.019924817606806755,-0.052657440304756165,0.27336886525154114,0.26370975375175476,0.2627392113208771,0.29100456833839417,-1.0143550634384155,-0.7880227565765381,-0.34779953956604004,0.0,0.0,0.0,0.0,0.0,0.0,0.0
39946953579,0,-0.020790981128811836,-0.084072045981884,-0.8427225947380066,6.569455581484362e-05,-0.04113857448101044,-0.8442511558532715,-0.029675079509615898,0.06754183024168015,-0.005695878528058529,0.04171355813741684,0.08586737513542175,-0.0015285611152648926,0.012886539101600647,0.003535014810040593,0.2703705430030823,0.0,0.0,-0.07460828125476837,-0.01807376928627491,-0.040312305092811584,-0.24680683016777039,-0.10325171798467636,-0.03953173756599426,-0.37425512075424194,0.7111659049987793,-0.7261216044425964,-46.35983657836914,-0.13642317056655884,0.32500720024108887,0.009451478719711304,-0.1722438633441925,0.0613887757062912,-0.3163464069366455,0.07068417221307755,11.626221656799316,11.134594917297363,11.08533000946045,12.530305862426758,0.0015332031762227416,0.006132812704890966,-0.019931640475988388,-0.04906250163912773,0.0,-0.016558947041630745,0.02882734127342701,-0.016412874683737755,-0.05552433803677559,0.0,0.1409848928451538,-0.13245990872383118,-9.966402053833008,0.13223831355571747,-0.14091315865516663,-8.432504653930664,0.0,0.0,0.0,0.0,0.0,0.0,0.0,0.0,0.0,0.0,0.0,0.0,-0.014375538565218449,0.026455029845237732,-0.01851409487426281,-0.05394532158970833,0.27336886525154114,0.26370975375175476,0.2627392113208771,0.29100456833839417,-1.0143550634384155,-0.7880227565765381,-0.34779953956604004,0.0,0.0,0.0,0.0,0.0,0.0,0.0
39957047622,0,-0.021532107144594193,-0.08293695002794266,-0.842953085899353,6.569455581484362e-05,-0.04113857448101044,-0.8442511558532715,-0.027366308495402336,0.07667206972837448,-0.012646294198930264,0.04319581761956215,0.08359716832637787,-0.001298069953918457,0.012767842970788479,0.002963168080896139,0.2662510573863983,0.0,0.0,-0.07460828125476837,-0.02492346242070198,-0.051338717341423035,-0.2520393431186676,-0.09966304898262024,-0.030416905879974365,-0.40868300199508667,0.7370267510414124,-0.85190749168396,-46.21411895751953,-0.13340094685554504,0.33832815289497375,-0.01905219256877899,-0.17176339030265808,0.0613887757062912,-0.3163464069366455,0.07068417221307755,12.32830810546875,10.369016647338867,11.73538875579834,11.797904968261719,0.0,0.0076660155318677425,-0.021464843302965164,-0.052128907293081284,0.0,-0.018439561128616333,0.03618044778704643,-0.012448381632566452,-0.06348376721143723,0.0,-0.18787480890750885,0.18185803294181824,-9.662921905517578,0.12474662065505981,-0.16170403361320496,-8.375593185424805,0.0,0.0,0.0,0.0,0.0,0.0,0.0,0.0,0.0,0.0,0.0,0.0,-0.015430371277034283,0.02795100398361683,-0.017249662429094315,-0.05523727089166641,0.27336886525154114,0.26370975375175476,0.2627392113208771,0.29100456833839417,-0.32153454422950745,-0.4791933000087738,-0.18619774281978607,0.0,0.0,0.0,0.0,0.0,0.0,0.0
39967120362,0,-0.021884595975279808,-0.08235100656747818,-0.8430702090263367,6.569455581484362e-05,-0.04113857448101044,-0.8442511558532715,-0.0256924107670784,0.08050578087568283,-0.017496051266789436,0.04390079900622368,0.08242527395486832,-0.0011809468269348145,0.01258530281484127,0.002623818116262555,0.2638840973377228,0.0,0.0,-0.10203970223665237,-0.022718897089362144,-0.04978077486157417,-0.2542802393436432,-0.0984121635556221,-0.0275798998773098,-0.4058525562286377,0.6861064434051514,-0.8893721699714661,-46.06576156616211,-0.1378939002752304,0.3380250632762909,-0.016867905855178833,-0.17157644033432007,0.0613887757062912,-0.3163464069366455,0.07068417221307755,12.228134155273438,10.381183624267578,11.651651382446289,11.820823669433594,-0.0015332031762227416,0.006132812704890966,-0.021464843302965164,-0.05366211012005806,0.0,-0.021130017936229706,0.03569905459880829,-0.009838324971497059,-0.06294003874063492,0.0,-0.18787480890750885,0.18185803294181824,-9.662921905517578,0.12036309391260147,-0.17042610049247742,-8.338601112365723,0.0,0.0,0.0,0.0,0.0,0.0,0.0,0.0,0.0,0.0,0.0,0.0,-0.01654178649187088,0.029843878000974655,-0.015804314985871315,-0.05700210481882095,0.27336886525154114,0.26370975375175476,0.2627392113208771,0.29100456833839417,-0.05044790729880333,-0.2322148084640503,-0.20244920253753662,0.0,0.0,0.0,0.0,0.0,0.0,0.0
39977132162,0,-0.021884595975279808,-0.08235100656747818,-0.8430702090263367,6.569455581484362e-05,-0.04113857448101044,-0.8442511558532715,-0.0256924107670784,0.08050578087568283,-0.017496051266789436,0.04390079900622368,0.08242527395486832,-0.0011809468269348145,0.01258530281484127,0.002623818116262555,0.2638840973377228,0.0,0.0,-0.10203970223665237,-0.007093615829944611,-0.04125291854143143,-0.2822805345058441,-0.0984121635556221,-0.0275798998773098,-0.4058525562286377,0.6595633625984192,-1.022698998451233,-45.81556701660156,-0.1378939002752304,0.3380250632762909,-0.016867905855178833,-0.17157644033432007,0.06461423635482788,-0.3166617453098297,0.07592654228210449,11.917133331298828,10.485628128051758,11.448723793029785,11.980870246887207,-0.003066406352445483,0.009199218824505806,-0.018398437649011612,-0.055195312947034836,0.0,-0.026425864547491074,0.03894631937146187,-0.005075549241155386,-0.06525573879480362,0.0,-0.1885071098804474,0.17119990289211273,-9.700410842895508,0.12036309391260147,-0.17042610049247742,-8.338601112365723,0.0,0.0,0.0,0.0,0.0,0.0,0.0,0.0,0.0,0.0,0.0,0.0,-0.01805523969233036,0.032027263194322586,-0.013893278315663338,-0.059097688645124435,0.2851283550262451,0.24881112575531006,0.273867130279541,0.27717867493629456,0.6747535467147827,0.23230823874473572,-1.1265193223953247,0.0,0.0,0.0,0.0,0.0,0.0,0.0
39987002787,0,-0.02242589369416237,-0.0810522735118866,-0.8433265686035156,6.569455581484362e-05,-0.04113857448101044,-0.8442511558532715,-0.02714047208428383,0.09052299708127975,-0.018593033775687218,0.0449833981692791,0.07982780039310455,-0.0009245872497558594,0.012486758641898632,0.0023836425971239805,0.2584007978439331,0.0,0.0,-0.17435890436172485,-0.007093615829944611,-0.04125291854143143,-0.2822805345058441,-0.0976463332772255,-0.026050759479403496,-0.43212756514549255,0.6595633625984192,-1.022698998451233,-45.81556701660156,-0.16449037194252014,0.329735666513443,-0.009117141366004944,-0.17119263112545013,0.06719012558460236,-0.31685659289360046,0.07918970286846161,11.917133331298828,10.485628128051758,11.448723793029785,11.980870246887207,-0.003066406352445483,0.010732421651482582,-0.016865234822034836,-0.05672851577401161,0.0,-0.02639085240662098,0.03898613154888153,-0.0050391023978590965,-0.06522082537412643,0.0,-0.1885071098804474,0.17119990289211273,-9.700410842895508,0.11910875886678696,-0.19538383185863495,-8.333038330078125,0.0,0.0,0.0,0.0,0.0,0.0,0.0,0.0,0.0,0.0,0.0,0.0,-0.020098259672522545,0.034229863435029984,-0.01154432911425829,-0.06115621328353882,0.27906134724617004,0.250883549451828,0.26988717913627625,0.28030624985694885,0.6747535467147827,0.23230823874473572,-1.1265193223953247,0.0,0.0,0.0,0.0,0.0,0.0,0.0
39997019313,0,-0.02267925627529621,-0.08037213236093521,-0.8434496521949768,6.569455581484362e-05,-0.04113857448101044,-0.8442511558532715,-0.02601989172399044,0.08893824368715286,-0.01748730055987835,0.04549012705683708,0.07846751064062119,-0.0008015036582946777,0.012342488393187523,0.0021074372343719006,0.25543251633644104,0.0,0.0,-0.17435890436172485,-0.007093615829944611,-0.04125291854143143,-0.2822805345058441,-0.09632150083780289,-0.025116372853517532,-0.5150890946388245,0.6550981998443604,-1.0746110677719116,-45.83171081542969,-0.169676274061203,0.3275962173938751,-0.05583260953426361,-0.17104992270469666,0.06848233938217163,-0.31686708331108093,0.08023659884929657,13.07762336730957,9.317327499389648,12.632781028747559,10.821853637695312,-0.003066406352445483,0.013798828236758709,-0.015332031063735485,-0.05826171860098839,0.0,-0.025561250746250153,0.04569645971059799,-0.002976673422381282,-0.07375741004943848,0.0,-0.19151203334331512,-0.24060305953025818,-9.85903549194336,0.11827802658081055,-0.19429638981819153,-8.343016624450684,0.0,0.0,0.0,0.0,0.0,0.0,0.0,0.0,0.0,0.0,0.0,0.0,-0.022227540612220764,0.03649851679801941,-0.00909523293375969,-0.06331406533718109,0.30160245299339294,0.22757002711296082,0.2929931879043579,0.25753965973854065,0.6747535467147827,0.23230823874473572,-1.1265193223953247,0.0,0.0,0.0,0.0,0.0,0.0,0.0
40007002909,0,-0.02267925627529621,-0.08037213236093521,-0.8434496521949768,6.569455581484362e-05,-0.04113857448101044,-0.8442511558532715,-0.02601989172399044,0.08893824368715286,-0.01748730055987835,0.04549012705683708,0.07846751064062119,-0.0008015036582946777,0.012342488393187523,0.0021074372343719006,0.25543251633644104,0.0,0.0,-0.17435890436172485,0.004757443908601999,-0.030542416498064995,-0.31937551498413086,-0.09632150083780289,-0.025116372853517532,-0.5150890946388245,0.6840915679931641,-1.063246250152588,-45.910667419433594,-0.17825086414813995,0.32409968972206116,-0.042544394731521606,-0.1708233654499054,0.07173238694667816,-0.31680285930633545,0.08223593980073929,12.747026443481445,9.661449432373047,12.337677955627441,11.184117317199707,-0.003066406352445483,0.018398437649011612,-0.013798828236758709,-0.059794921427965164,0.0,-0.025085262954235077,0.04473903030157089,-0.004184436984360218,-0.0719008594751358,0.0,0.3100197911262512,0.3703863322734833,-9.776641845703125,0.11827802658081055,-0.19429638981819153,-8.343016624450684,0.0,0.0,0.0,0.0,0.0,0.0,0.0,0.0,0.0,0.0,0.0,0.0,-0.023906219750642776,0.03895781189203262,-0.006912556942552328,-0.06582295149564743,0.2976580262184143,0.23206691443920135,0.28920963406562805,0.262096107006073,0.4703596532344818,0.32777926325798035,-1.0718584060668945,0.0,0.0,0.0,0.0,0.0,0.0,0.0
40017087191,0,-0.02267925627529621,-0.08037213236093521,-0.8434496521949768,6.569455581484362e-05,-0.04113857448101044,-0.8442511558532715,-0.02601989172399044,0.08893824368715286,-0.01748730055987835,0.04631516709923744,0.07566127926111221,-0.0005666613578796387,0.012342488393187523,0.0021074372343719006,0.25543251633644104,0.0,0.0,-0.21675293147563934,0.004757443908601999,-0.030542416498064995,-0.31937551498413086,-0.09632150083780289,-0.025116372853517532,-0.5150890946388245,0.6840915679931641,-1.063246250152588,-45.910667419433594,-0.17825086414813995,0.32409968972206116,-0.042544394731521606,-0.1708233654499054,0.07173238694667816,-0.31680285930633545,0.08223593980073929,12.747026443481445,9.661449432373047,12.337677955627441,11.184117317199707,-0.006132812704890966,0.019931640475988388,-0.012265625409781933,-0.06132812425494194,0.0,-0.025085262954235077,0.04473903030157089,-0.004184436984360218,-0.0719008594751358,0.0,0.3100197911262512,0.3703863322734833,-9.776641845703125,0.12790553271770477,-0.1974269151687622,-8.330696105957031,0.0,0.0,0.0,0.0,0.0,0.0,0.0,0.0,0.0,0.0,0.0,0.0,-0.024971337988972664,0.041278284043073654,-0.005279961973428726,-0.06826403737068176,0.2952079772949219,0.23446719348430634,0.287260502576828,0.2646852135658264,0.4703596532344818,0.32777926325798035,-1.0718584060668945,0.0,0.0,0.0,0.0,0.0,0.0,0.0
40026955010,0,-0.023091774433851242,-0.07896902412176132,-0.8436844944953918,6.569455581484362e-05,-0.04113857448101044,-0.8442511558532715,-0.03011775203049183,0.08686722815036774,-0.019124377518892288,0.04631516709923744,0.07566127926111221,-0.0005666613578796387,0.012377500534057617,0.001467895694077015,0.2499251812696457,0.0,0.0,-0.21675293147563934,0.007460558786988258,-0.016892824321985245,-0.3397606611251831,-0.09705743938684464,-0.019967781379818916,-0.5085093975067139,0.6926414370536804,-1.0950462818145752,-45.82533645629883,-0.18693718314170837,0.30906301736831665,-0.06026475131511688,-0.17076162993907928,0.07173238694667816,-0.31680285930633545,0.08223593980073929,13.131852149963379,9.207486152648926,12.795294761657715,10.710661888122559,-0.006132812704890966,0.019931640475988388,-0.010732421651482582,-0.06286133080720901,0.0,-0.024971051141619682,0.048504848033189774,-0.003387102158740163,-0.07641448080539703,0.0,0.183658167719841,0.14633169770240784,-10.01822280883789,0.12790553271770477,-0.1974269151687622,-8.330696105957031,0.0,0.0,0.0,0.0,0.0,0.0,0.0,0.0,0.0,0.0,0.0,0.0,-0.02551092952489853,0.04323184862732887,-0.004238095600157976,-0.07034391164779663,0.2952079772949219,0.23446719348430634,0.287260502576828,0.2646852135658264,0.25317203998565674,0.5974248647689819,-1.1791884899139404,0.0,0.0,0.0,0.0,0.0,0.0,0.0
40037101204,0,-0.023562245070934296,-0.07732919603586197,-0.8439242243766785,6.569455581484362e-05,-0.04113857448101044,-0.8442511558532715,-0.031565114855766296,0.08975378423929214,-0.020471639931201935,0.047256115823984146,0.07238160818815231,-0.0003269314765930176,0.012981505133211613,0.0011188953649252653,0.24366122484207153,0.0,0.0,-0.3214910924434662,0.007460558786988258,-0.016892824321985245,-0.3397606611251831,-0.09614454954862595,-0.0222691111266613,-0.6748671531677246,0.6926414370536804,-1.0950462818145752,-45.82533645629883,-0.18693718314170837,0.30906301736831665,-0.06026475131511688,-0.17076162993907928,0.07499773800373077,-0.3164917528629303,0.08386658132076263,13.131852149963379,9.207486152648926,12.795294761657715,10.710661888122559,-0.009199218824505806,0.019931640475988388,-0.012265625409781933,-0.06746093928813934,0.0,-0.024971051141619682,0.048504848033189774,-0.003387102158740163,-0.07641448080539703,0.0,0.1517452746629715,0.023649761453270912,-10.136723518371582,0.13007386028766632,-0.20964820683002472,-8.32034969329834,0.0,0.0,0.0,0.0,0.0,0.0,0.0,0.0,0.0,0.0,0.0,0.0,-0.025681955739855766,0.04499192163348198,-0.003605443984270096,-0.07227878272533417,0.3026494085788727,0.22536279261112213,0.2961429953575134,0.255341112613678,0.25317203998565674,0.5974248647689819,-1.1791884899139404,0.0,0.0,0.0,0.0,0.0,0.0,0.0
40049113437,0,-0.023979002609848976,-0.07565609365701675,-0.8441820740699768,6.569455581484362e-05,-0.04113857448101044,-0.8442511558532715,-0.032563354820013046,0.09665574133396149,-0.013382087461650372,0.048089634627103806,0.06903538107872009,-6.908178329467773e-05,0.013041754253208637,0.001411001430824399,0.23642252385616302,0.0,0.0,-0.3214910924434662,0.01563345454633236,-0.008266886696219444,-0.35955339670181274,-0.10178741067647934,-0.022692807018756866,-0.668082594871521,0.7098284959793091,-1.1964552402496338,-45.89858627319336,-0.19775307178497314,0.2945866882801056,-0.13131959736347198,-0.17081867158412933,0.07689134031534195,-0.31617021560668945,0.08455298840999603,14.88944149017334,7.453904151916504,14.62730598449707,8.94667911529541,-0.010732421651482582,0.02299804612994194,-0.009199218824505806,-0.06899414211511612,0.0,-0.02402745932340622,0.06555630266666412,-0.0009314077324233949,-0.09623388946056366,0.0,0.1517452746629715,0.023649761453270912,-10.136723518371582,0.12948662042617798,-0.22963383793830872,-8.373306274414062,0.0,0.0,0.0,0.0,0.0,0.0,0.0,0.0,0.0,0.0,0.0,0.0,-0.025591358542442322,0.04729239270091057,-0.0031407224014401436,-0.0749078243970871,0.3026494085788727,0.22536279261112213,0.2961429953575134,0.255341112613678,0.506691575050354,0.7060958743095398,-1.5965304374694824,0.0,0.0,0.0,0.0,0.0,0.0,0.0
40057168061,0,-0.023979002609848976,-0.07565609365701675,-0.8441820740699768,6.569455581484362e-05,-0.04113857448101044,-0.8442511558532715,-0.032563354820013046,0.09665574133396149,-0.013382087461650372,0.048089634627103806,0.06903538107872009,-6.908178329467773e-05,0.013041754253208637,0.001411001430824399,0.23642252385616302,0.0,0.0,-0.3214910924434662,0.025692168623209,-0.010579234920442104,-0.41706472635269165,-0.10178741067647934,-0.022692807018756866,-0.668082594871521,0.6965270042419434,-1.3061813116073608,-46.153282165527344,-0.2165149748325348,0.30379197001457214,-0.11856627464294434,-0.17114180326461792,0.08076871186494827,-0.3154492676258087,0.08497178554534912,14.62024974822998,7.793381214141846,14.385712623596191,9.374964714050293,-0.010732421651482582,0.024531250819563866,-0.0076660155318677425,-0.0705273449420929,0.0,-0.027470087632536888,0.06703533232212067,0.0020521539263427258,-0.0955149233341217,0.0,0.42735663056373596,0.29794204235076904,-9.648280143737793,0.12948662042617798,-0.22963383793830872,-8.373306274414062,0.0,0.0,0.0,0.0,0.0,0.0,0.0,0.0,0.0,0.0,0.0,0.0,-0.025460563600063324,0.05107560008764267,-0.0024801359977573156,-0.07918858528137207,0.3362780213356018,0.18976598978042603,0.3312990963459015,0.2201119363307953,0.44982075691223145,0.04756711423397064,-2.689263343811035,0.0,0.0,0.0,0.0,0.0,0.0,0.0
40067000799,0,-0.02433367446064949,-0.0739511176943779,-0.8444549441337585,6.569455581484362e-05,-0.04113857448101044,-0.8442511558532715,-0.02942589670419693,0.10338761657476425,-0.008351524360477924,0.04879898205399513,0.06562541425228119,0.00020378828048706055,0.013511194847524166,0.0011106859892606735,0.22757884860038757,0.0,0.0,-0.3788476884365082,0.025692168623209,-0.010579234920442104,-0.41706472635269165,-0.10555587708950043,-0.02176086977124214,-0.7259032726287842,0.6965270042419434,-1.3061813116073608,-46.153282165527344,-0.2165149748325348,0.30379197001457214,-0.11856627464294434,-0.17114180326461792,0.08076871186494827,-0.3154492676258087,0.08497178554534912,14.62024974822998,7.793381214141846,14.385712623596191,9.374964714050293,-0.009199218824505806,0.029130859300494194,-0.004599609412252903,-0.06899414211511612,0.0,-0.027470087632536888,0.06703533232212067,0.0020521539263427258,-0.0955149233341217,0.0,0.42735663056373596,0.29794204235076904,-9.648280143737793,0.12113641202449799,-0.24723851680755615,-8.405320167541504,0.0,0.0,0.0,0.0,0.0,0.0,0.0,0.0,0.0,0.0,0.0,0.0,-0.025608235970139503,0.05581299588084221,-0.001456557889468968,-0.08433973044157028,0.3311648964881897,0.19671136140823364,0.3266991078853607,0.22872695326805115,0.44982075691223145,0.04756711423397064,-2.689263343811035,0.0,0.0,0.0,0.0,0.0,0.0,0.0
40076857792,0,-0.024577146396040916,-0.07309316098690033,-0.8445970416069031,6.569455581484362e-05,-0.04113857448101044,-0.8442511558532715,-0.024753639474511147,0.10745897144079208,-0.011963510885834694,0.049285925924777985,0.06390949338674545,0.0003458857536315918,0.01378738321363926,0.0009058848954737186,0.22352521121501923,0.0,0.0,-0.4985484480857849,0.025692168623209,-0.010579234920442104,-0.41706472635269165,-0.10794889181852341,-0.02032279036939144,-0.7210754156112671,0.6965270042419434,-1.3061813116073608,-46.153282165527344,-0.2165149748325348,0.30379197001457214,-0.11856627464294434,-0.17114180326461792,0.08076871186494827,-0.3154492676258087,0.08497178554534912,14.62024974822998,7.793381214141846,14.385712623596191,9.374964714050293,-0.009199218824505806,0.03066406212747097,-0.0015332031762227416,-0.07206054776906967,0.0,-0.027470087632536888,0.06703533232212067,0.0020521539263427258,-0.0955149233341217,0.0,0.08332399278879166,0.3726167380809784,-10.249530792236328,0.11090117692947388,-0.2560635209083557,-8.373517036437988,0.0,0.0,0.0,0.0,0.0,0.0,0.0,0.0,0.0,0.0,0.0,0.0,-0.02602442540228367,0.06021372973918915,-0.0003056968271266669,-0.0889352485537529,0.3311648964881897,0.19671136140823364,0.3266991078853607,0.22872695326805115,0.44982075691223145,0.04756711423397064,-2.689263343811035,0.0,0.0,0.0,0.0,0.0,0.0,0.0
40086854038,0,-0.024577146396040916,-0.07309316098690033,-0.8445970416069031,6.569455581484362e-05,-0.04113857448101044,-0.8442511558532715,-0.024753639474511147,0.10745897144079208,-0.011963510885834694,0.050090242177248,0.062302589416503906,0.00048291683197021484,0.01378738321363926,0.0009058848954737186,0.22352521121501923,0.0,0.0,-0.4985484480857849,0.026474449783563614,-0.013767194002866745,-0.4724671244621277,-0.10794889181852341,-0.02032279036939144,-0.7210754156112671,0.6965270042419434,-1.3061813116073608,-46.153282165527344,-0.2165149748325348,0.30379197001457214,-0.11856627464294434,-0.17114180326461792,0.08076871186494827,-0.3154492676258087,0.08497178554534912,15.959693908691406,6.3844313621521,15.734413146972656,7.997626304626465,-0.012265625409781933,0.032197266817092896,-0.0015332031762227416,-0.07819335907697678,0.0,-0.025164110586047173,0.08185914158821106,0.0018762456020340323,-0.11202835291624069,0.0,-0.1757347732782364,-0.20570708811283112,-10.035229682922363,0.11560980975627899,-0.27194976806640625,-8.308348655700684,0.0,0.0,0.0,0.0,0.0,0.0,0.0,0.0,0.0,0.0,0.0,0.0,-0.02638949826359749,0.06432068347930908,0.0006872833473607898,-0.09317130595445633,0.3311648964881897,0.19671136140823364,0.3266991078853607,0.22872695326805115,0.19003403186798096,-0.03204091638326645,-2.820314645767212,0.0,0.0,0.0,0.0,0.0,0.0,0.0
40097265597,0,-0.024577146396040916,-0.07309316098690033,-0.8445970416069031,6.569455581484362e-05,-0.04113857448101044,-0.8442511558532715,-0.024753639474511147,0.10745897144079208,-0.011963510885834694,0.050090242177248,0.062302589416503906,0.00048291683197021484,0.01378738321363926,0.0009058848954737186,0.22352521121501923,0.0,0.0,-0.4985484480857849,0.028578590601682663,-0.0028375282417982817,-0.4955451786518097,-0.11295211315155029,-0.02695063129067421,-0.8496304750442505,0.6358539462089539,-1.4957237243652344,-45.695919036865234,-0.2289196252822876,0.285216748714447,-0.15374362468719482,-0.17210131883621216,0.08711480349302292,-0.3145172595977783,0.08308739215135574,15.34056282043457,6.807563304901123,15.195903778076172,8.376031875610352,-0.015332031063735485,0.03526367247104645,-0.0015332031762227416,-0.0827929675579071,0.0,-0.03201711177825928,0.0833214595913887,0.007695777807384729,-0.11254514753818512,0.0,-0.1757347732782364,-0.20570708811283112,-10.035229682922363,0.11560980975627899,-0.27194976806640625,-8.308348655700684,0.0,0.0,0.0,0.0,0.0,0.0,0.0,0.0,0.0,0.0,0.0,0.0,-0.026765448972582817,0.06896046549081802,0.0016716194804757833,-0.09799632430076599,0.34481707215309143,0.17646858096122742,0.3420828878879547,0.20857082307338715,0.25451165437698364,0.4624924957752228,-2.5067696571350098,0.0,0.0,0.0,0.0,0.0,0.0,0.0
40109601340,0,-0.02539016492664814,-0.07147527486085892,-0.8448761105537415,6.569455581484362e-05,-0.04113857448101044,-0.8442511558532715,-0.030649729073047638,0.10728563368320465,-0.022783353924751282,0.05091197043657303,0.060673706233501434,0.0006249547004699707,0.014272782020270824,0.001447110204026103,0.2144317477941513,0.0,0.0,-0.4985484480857849,0.025424456223845482,0.012620926834642887,-0.5581557750701904,-0.11295211315155029,-0.02695063129067421,-0.8496304750442505,0.6800164580345154,-1.5292713642120361,-45.94895553588867,-0.23000949621200562,0.26133307814598083,-0.1299002468585968,-0.1730821430683136,0.0913945659995079,-0.31340986490249634,0.08071327209472656,14.768049240112305,7.504795074462891,14.702105522155762,9.001648902893066,-0.016865234822034836,0.039863280951976776,0.0,-0.08585937321186066,0.0,-0.033076729625463486,0.07909438759088516,0.007626479957252741,-0.10788209736347198,0.0,-0.3925342559814453,-0.26026394963264465,-10.119776725769043,0.12543880939483643,-0.26389163732528687,-8.289013862609863,0.0,0.0,0.0,0.0,0.0,0.0,0.0,0.0,0.0,0.0,0.0,0.0,-0.027652159333229065,0.07362990081310272,0.0029956866055727005,-0.10281502455472946,0.34481707215309143,0.17646858096122742,0.3420828878879547,0.20857082307338715,0.0017525054281577468,0.6480114459991455,-3.104414701461792,0.0,0.0,0.0,0.0,0.0,0.0,0.0
40117086044,0,-0.026029618456959724,-0.06951773911714554,-0.8451888561248779,6.569455581484362e-05,-0.04113857448101044,-0.8442511558532715,-0.0293134655803442,0.11121296137571335,-0.014477668330073357,0.052190884947776794,0.056758612394332886,0.0009377002716064453,0.014670789241790771,0.0018083894392475486,0.20365405082702637,0.0,0.0,-0.5484237670898438,0.025424456223845482,0.012620926834642887,-0.5581557750701904,-0.11317295581102371,-0.03297573700547218,-0.8959068059921265,0.6800164580345154,-1.5292713642120361,-45.94895553588867,-0.23000949621200562,0.26133307814598083,-0.1299002468585968,-0.1730821430683136,0.0913945659995079,-0.31340986490249634,0.08071327209472656,14.768049240112305,7.504795074462891,14.702105522155762,9.001648902893066,-0.015332031063735485,0.044462889432907104,0.0,-0.08585937321186066,0.0,-0.033076729625463486,0.07909438759088516,0.007626479957252741,-0.10788209736347198,0.0,-0.3925342559814453,-0.26026394963264465,-10.119776725769043,0.12363936007022858,-0.2780493497848511,-8.354355812072754,0.0,0.0,0.0,0.0,0.0,0.0,0.0,0.0,0.0,0.0,0.0,0.0,-0.029040351510047913,0.07712972909212112,0.0045045833103358746,-0.10633504390716553,0.3339739143848419,0.190808966755867,0.3327212333679199,0.2212199866771698,0.0017525054281577468,0.6480114459991455,-3.104414701461792,0.0,0.0,0.0,0.0,0.0,0.0,0.0
40126974004,0,-0.026029618456959724,-0.06951773911714554,-0.8451888561248779,6.569455581484362e-05,-0.04113857448101044,-0.8442511558532715,-0.0293134655803442,0.11121296137571335,-0.014477668330073357,0.05292759835720062,0.05458633974194527,0.0011109709739685059,0.014670789241790771,0.0018083894392475486,0.20365405082702637,0.0,0.0,-0.6307180523872375,0.02169409766793251,0.016282236203551292,-0.5973448157310486,-0.11317295581102371,-0.03297573700547218,-0.8959068059921265,0.6270727515220642,-1.60991370677948,-45.855613708496094,-0.2237130105495453,0.2542770802974701,-0.16316229104995728,-0.17371255159378052,0.09376279264688492,-0.3126884996891022,0.07881827652454376,15.577378273010254,6.6685333251953125,15.509712219238281,8.129331588745117,-0.013798828236758709,0.04599609225988388,0.0,-0.08892577886581421,0.0,-0.034435246139764786,0.09040924161672592,0.010230460204184055,-0.12080934643745422,0.0,0.20853492617607117,-0.24335810542106628,-10.000992774963379,0.11401323229074478,-0.2927115857601166,-8.337384223937988,0.0,0.0,0.0,0.0,0.0,0.0,0.0,0.0,0.0,0.0,0.0,0.0,-0.030530577525496483,0.07973548024892807,0.005942878313362598,-0.10894806683063507,0.3492848575115204,0.1735953539609909,0.34800928831100464,0.2035587579011917,-0.2635972499847412,0.5299252271652222,-3.376398801803589,0.0,0.0,0.0,0.0,0.0,0.0,0.0
40139246957,0,-0.02639797329902649,-0.06843160837888718,-0.84536212682724,6.569455581484362e-05,-0.04113857448101044,-0.8442511558532715,-0.024965032935142517,0.11765073239803314,-0.01623452827334404,0.05292759835720062,0.05458633974194527,0.0011109709739685059,0.015365593135356903,0.0018152499105781317,0.19795911014080048,0.0,0.0,-0.6307180523872375,0.026260530576109886,0.030863987281918526,-0.6500825881958008,-0.11089207977056503,-0.036829929798841476,-0.9864388704299927,0.7962517142295837,-1.6511318683624268,-45.40870666503906,-0.24628788232803345,0.23001360893249512,-0.11303247511386871,-0.17506952583789825,0.09376279264688492,-0.3126884996891022,0.07881827652454376,14.13764476776123,7.819693565368652,14.220538139343262,9.273591995239258,-0.012265625409781933,0.05059570446610451,0.003066406352445483,-0.09045898169279099,0.0,-0.034845855087041855,0.0864265114068985,0.007872702553868294,-0.11407297849655151,0.0,0.42679858207702637,0.4722461998462677,-10.073607444763184,0.11401323229074478,-0.2927115857601166,-8.337384223937988,0.0,0.0,0.0,0.0,0.0,0.0,0.0,0.0,0.0,0.0,0.0,0.0,-0.0319402813911438,0.08228091895580292,0.007212530355900526,-0.11151478439569473,0.3492848575115204,0.1735953539609909,0.34800928831100464,0.2035587579011917,0.05760667845606804,0.7584377527236938,-2.819025754928589,0.0,0.0,0.0,0.0,0.0,0.0,0.0
40147095829,0,-0.0281381718814373,-0.06575733423233032,-0.8459756374359131,6.569455581484362e-05,-0.04113857448101044,-0.8442511558532715,-0.034898512065410614,0.1176772341132164,-0.030252927914261818,0.05640801414847374,0.04923776537179947,0.0017244815826416016,0.015253622084856033,0.003479221137240529,0.18007522821426392,0.0,0.0,-0.6631369590759277,0.026260530576109886,0.030863987281918526,-0.6500825881958008,-0.12125486880540848,-0.04259822145104408,-0.9724159240722656,0.7962517142295837,-1.6511318683624268,-45.40870666503906,-0.24628788232803345,0.23001360893249512,-0.11303247511386871,-0.17506952583789825,0.09819642454385757,-0.31106019020080566,0.07454224675893784,14.13764476776123,7.819693565368652,14.220538139343262,9.273591995239258,-0.013798828236758709,0.05672851577401161,0.006132812704890966,-0.09505859017372131,0.0,-0.034845855087041855,0.0864265114068985,0.007872702553868294,-0.11407297849655151,0.0,0.38867610692977905,0.4107057750225067,-9.706254005432129,0.14126664400100708,-0.30555152893066406,-8.227799415588379,0.0,0.0,0.0,0.0,0.0,0.0,0.0,0.0,0.0,0.0,0.0,0.0,-0.0331508070230484,0.08448150753974915,0.008067548274993896,-0.11355994641780853,0.32196474075317383,0.19724872708320618,0.32354795932769775,0.22669145464897156,0.05760667845606804,0.7584377527236938,-2.819025754928589,0.0,0.0,0.0,0.0,0.0,0.0,0.0
40156820218,0,-0.0281381718814373,-0.06575733423233032,-0.8459756374359131,6.569455581484362e-05,-0.04113857448101044,-0.8442511558532715,-0.034898512065410614,0.1176772341132164,-0.030252927914261818,0.05640801414847374,0.04923776537179947,0.0017244815826416016,0.015253622084856033,0.003479221137240529,0.18007522821426392,0.0,0.0,-0.6631369590759277,0.046072714030742645,0.04129564017057419,-0.6870737671852112,-0.12125486880540848,-0.04259822145104408,-0.9724159240722656,0.7769665718078613,-1.6805334091186523,-45.25289535522461,-0.24628788232803345,0.23001360893249512,-0.11303247511386871,-0.17506952583789825,0.09819642454385757,-0.31106019020080566,0.07454224675893784,14.083630561828613,7.732571125030518,14.281057357788086,9.199494361877441,-0.015332031063735485,0.059794921427965164,0.0076660155318677425,-0.09812500327825546,0.0,-0.036202557384967804,0.08786706626415253,0.00904470682144165,-0.11538726091384888,0.0,0.025493359193205833,-0.434902548789978,-10.334660530090332,0.14126664400100708,-0.30555152893066406,-8.227799415588379,0.0,0.0,0.0,0.0,0.0,0.0,0.0,0.0,0.0,0.0,0.0,0.0,-0.034121524542570114,0.08598913997411728,0.008506168611347675,-0.11472107470035553,0.32196474075317383,0.19724872708320618,0.32354795932769775,0.22669145464897156,0.7248283624649048,0.5399848818778992,-1.9342330694198608,0.0,0.0,0.0,0.0,0.0,0.0,0.0
40168562320,0,-0.0281381718814373,-0.06575733423233032,-0.8459756374359131,6.569455581484362e-05,-0.04113857448101044,-0.8442511558532715,-0.034898512065410614,0.1176772341132164,-0.030252927914261818,0.05901117995381355,0.04552686586976051,0.002201855182647705,0.015253622084856033,0.003479221137240529,0.18007522821426392,0.0,0.0,-0.7080247402191162,0.046072714030742645,0.04129564017057419,-0.6870737671852112,-0.12125486880540848,-0.04259822145104408,-0.9724159240722656,0.6951912641525269,-1.7494771480560303,-45.25212097167969,-0.2854495644569397,0.20708680152893066,-0.10212790966033936,-0.17673373222351074,0.10344547778367996,-0.30875498056411743,0.06950851529836655,13.726572036743164,8.034006118774414,14.007641792297363,9.5322904586792,-0.018398437649011612,0.06132812425494194,0.0076660155318677425,-0.10272461175918579,0.0,-0.04116160795092583,0.08376961946487427,0.012896494939923286,-0.11105380952358246,0.0,0.025493359193205833,-0.434902548789978,-10.334660530090332,0.13624337315559387,-0.3259381651878357,-8.260331153869629,0.0,0.0,0.0,0.0,0.0,0.0,0.0,0.0,0.0,0.0,0.0,0.0,-0.03514912351965904,0.08682166785001755,0.008944885805249214,-0.11515451967716217,0.3140934705734253,0.20161855220794678,0.31947892904281616,0.23188142478466034,0.7248283624649048,0.5399848818778992,-1.9342330694198608,0.0,0.0,0.0,0.0,0.0,0.0,0.0
40176923738,0,-0.02943974919617176,-0.06390189379453659,-0.8464530110359192,6.569455581484362e-05,-0.04113857448101044,-0.8442511558532715,-0.03057238832116127,0.12551821768283844,-0.026192326098680496,0.060129474848508835,0.043299369513988495,0.002472519874572754,0.017107361927628517,0.004143196623772383,0.1674114316701889,0.0,0.0,-0.7080247402191162,0.049045588821172714,0.050768084824085236,-0.6973749995231628,-0.12868310511112213,-0.054972704499959946,-0.9920010566711426,0.7493385672569275,-1.792659878730774,-45.431819915771484,-0.28801229596138,0.18708455562591553,-0.12959900498390198,-0.17763078212738037,0.1062648817896843,-0.30738383531570435,0.06710749119520187,14.422917366027832,7.416604042053223,14.770586967468262,8.8619384765625,-0.019931640475988388,0.06132812425494194,0.0076660155318677425,-0.10579101741313934,0.0,-0.03897194191813469,0.09528947621583939,0.01190182100981474,-0.12351588904857635,0.0,0.025493359193205833,-0.434902548789978,-10.334660530090332,0.1532532125711441,-0.32368946075439453,-8.274089813232422,0.0,0.0,0.0,0.0,0.0,0.0,0.0,0.0,0.0,0.0,0.0,0.0,-0.036434195935726166,0.08738838136196136,0.009666256606578827,-0.11538581550121307,0.32740822434425354,0.18900136649608612,0.3340221345424652,0.21840275824069977,0.613871157169342,0.6970480680465698,-1.5118030309677124,0.0,0.0,0.0,0.0,0.0,0.0,0.0
40186894058,0,-0.029998892918229103,-0.06278815120458603,-0.8467236757278442,6.569455581484362e-05,-0.04113857448101044,-0.8442511558532715,-0.03713472560048103,0.12130732089281082,-0.024214977398514748,0.060129474848508835,0.043299369513988495,0.002472519874572754,0.01704135164618492,0.0049970559775829315,0.16116850078105927,0.0,0.0,-0.7080247402191162,0.04875114560127258,0.06416364759206772,-0.7216523885726929,-0.12656310200691223,-0.06256071478128433,-1.0376954078674316,0.8551652431488037,-1.8154690265655518,-45.040924072265625,-0.29134824872016907,0.15826469659805298,-0.09520028531551361,-0.17942272126674652,0.1062648817896843,-0.30738383531570435,0.06710749119520187,13.414850234985352,8.228621482849121,13.867772102355957,9.592850685119629,-0.019931640475988388,0.06286133080720901,0.006132812704890966,-0.1088574230670929,0.0,-0.03985768184065819,0.09117274731397629,0.010419596917927265,-0.1190398633480072,0.0,-0.02591443993151188,-0.1908160001039505,-9.95805549621582,0.1532532125711441,-0.32368946075439453,-8.274089813232422,0.0,0.0,0.0,0.0,0.0,0.0,0.0,0.0,0.0,0.0,0.0,0.0,-0.0376763641834259,0.08840372413396835,0.010411066003143787,-0.11621841043233871,0.32740822434425354,0.18900136649608612,0.3340221345424652,0.21840275824069977,0.23127248883247375,0.6172556281089783,-1.3764361143112183,0.0,0.0,0.0,0.0,0.0,0.0,0.0
40198570738,0,-0.030914336442947388,-0.06036616861820221,-0.8472862243652344,6.569455581484362e-05,-0.04113857448101044,-0.8442511558532715,-0.03178824111819267,0.12666940689086914,-0.04438618943095207,0.061960369348526,0.038455381989479065,0.0030350685119628906,0.017565837129950523,0.006636015139520168,0.14811530709266663,0.0,0.0,-0.7229873538017273,0.04875114560127258,0.06416364759206772,-0.7216523885726929,-0.12861359119415283,-0.07577966898679733,-1.0222411155700684,0.8551652431488037,-1.8154690265655518,-45.040924072265625,-0.29134824872016907,0.15826469659805298,-0.09520028531551361,-0.17942272126674652,0.11167078465223312,-0.3043805658817291,0.06294582784175873,13.414850234985352,8.228621482849121,13.867772102355957,9.592850685119629,-0.019931640475988388,0.06746093928813934,0.0076660155318677425,-0.11039062589406967,0.0,-0.03985768184065819,0.09117274731397629,0.010419596917927265,-0.1190398633480072,0.0,-0.02591443993151188,-0.1908160001039505,-9.95805549621582,0.14547327160835266,-0.34005624055862427,-8.116005897521973,0.0,0.0,0.0,0.0,0.0,0.0,0.0,0.0,0.0,0.0,0.0,0.0,-0.038648925721645355,0.0896039605140686,0.010847323574125767,-0.11735501885414124,0.3081035315990448,0.20557764172554016,0.3168007731437683,0.23309434950351715,0.23127248883247375,0.6172556281089783,-1.3764361143112183,0.0,0.0,0.0,0.0,0.0,0.0,0.0
40206685707,0,-0.030914336442947388,-0.06036616861820221,-0.8472862243652344,6.569455581484362e-05,-0.04113857448101044,-0.8442511558532715,-0.03178824111819267,0.12666940689086914,-0.04438618943095207,0.061960369348526,0.038455381989479065,0.0030350685119628906,0.017565837129950523,0.006636015139520168,0.14811530709266663,0.0,0.0,-0.7229873538017273,0.04745635762810707,0.06649993360042572,-0.743843674659729,-0.12861359119415283,-0.07577966898679733,-1.0222411155700684,0.861594557762146,-1.9394023418426514,-45.382999420166016,-0.2981873154640198,0.14019493758678436,-0.08864101767539978,-0.18131718039512634,0.11730054020881653,-0.30097079277038574,0.05887828767299652,13.297761917114258,8.498119354248047,13.828842163085938,9.832242012023926,-0.019931640475988388,0.07206054776906967,0.009199218824505806,-0.11192382872104645,0.0,-0.043490685522556305,0.09347648918628693,0.013304369524121284,-0.12105995416641235,0.0,0.05722175911068916,-0.1187087744474411,-10.171876907348633,0.14547327160835266,-0.34005624055862427,-8.116005897521973,0.0,0.0,0.0,0.0,0.0,0.0,0.0,0.0,0.0,0.0,0.0,0.0,-0.03951788693666458,0.09059001505374908,0.011116032488644123,-0.1183181181550026,0.30584877729415894,0.21104596555233002,0.3160547912120819,0.2378809154033661,-0.02593323588371277,0.23993165791034698,-1.0687711238861084,0.0,0.0,0.0,0.0,0.0,0.0,0.0
40216886086,0,-0.03166601434350014,-0.05782752111554146,-0.8478673100471497,6.569455581484362e-05,-0.04113857448101044,-0.8442511558532715,-0.03516056761145592,0.1281113624572754,-0.02721065655350685,0.0634637400507927,0.03337806090712547,0.003616154193878174,0.01854759268462658,0.008099020458757877,0.13338255882263184,0.0,0.0,-0.7404437065124512,0.0443916879594326,0.066039077937603,-0.7432152032852173,-0.1336897611618042,-0.09187661856412888,-1.0395338535308838,0.8351711630821228,-1.981560230255127,-45.34478759765625,-0.2983272075653076,0.1336342692375183,-0.08595496416091919,-0.1823633909225464,0.12034571170806885,-0.29903149604797363,0.0569722056388855,13.209930419921875,8.569031715393066,13.764656066894531,9.882739067077637,-0.021464843302965164,0.07206054776906967,0.010732421651482582,-0.11345703154802322,0.0,-0.04570358246564865,0.09321945160627365,0.015045514330267906,-0.12112133949995041,0.0,0.34019073843955994,-0.25605884194374084,-9.471863746643066,0.15665355324745178,-0.35261860489845276,-8.25145435333252,0.0,0.0,0.0,0.0,0.0,0.0,0.0,0.0,0.0,0.0,0.0,0.0,-0.04061282426118851,0.09148947149515152,0.01159923616796732,-0.11920737475156784,0.30584877729415894,0.21104596555233002,0.3160547912120819,0.2378809154033661,-0.15195173025131226,0.105472631752491,-0.5042506456375122,0.0,0.0,0.0,0.0,0.0,0.0,0.0
40226904145,0,-0.03203986957669258,-0.05650714039802551,-0.8481706380844116,6.569455581484362e-05,-0.04113857448101044,-0.8442511558532715,-0.031883664429187775,0.13018503785133362,-0.02746782824397087,0.06421145051717758,0.030737286433577538,0.003919482231140137,0.018840748816728592,0.008662005886435509,0.12692765891551971,0.0,0.0,-0.7404437065124512,0.0443916879594326,0.066039077937603,-0.7432152032852173,-0.1351093053817749,-0.0983034297823906,-1.0317333936691284,0.8351711630821228,-1.981560230255127,-45.34478759765625,-0.2983272075653076,0.1336342692375183,-0.08595496416091919,-0.1823633909225464,0.12034571170806885,-0.29903149604797363,0.0569722056388855,13.209930419921875,8.569031715393066,13.764656066894531,9.882739067077637,-0.024531250819563866,0.07359375059604645,0.013798828236758709,-0.114990234375,0.0,-0.04570358246564865,0.09321945160627365,0.015045514330267906,-0.12112133949995041,0.0,0.34019073843955994,-0.25605884194374084,-9.471863746643066,0.15184929966926575,-0.36028367280960083,-8.2445068359375,0.0,0.0,0.0,0.0,0.0,0.0,0.0,0.0,0.0,0.0,0.0,0.0,-0.04198862612247467,0.09226291626691818,0.012392492033541203,-0.11999507993459702,0.30415576696395874,0.21248234808444977,0.31482410430908203,0.23888923227787018,-0.15195173025131226,0.105472631752491,-0.5042506456375122,0.0,0.0,0.0,0.0,0.0,0.0,0.0
40237026786,0,-0.03203986957669258,-0.05650714039802551,-0.8481706380844116,6.569455581484362e-05,-0.04113857448101044,-0.8442511558532715,-0.031883664429187775,0.13018503785133362,-0.02746782824397087,0.06421145051717758,0.030737286433577538,0.003919482231140137,0.018840748816728592,0.008662005886435509,0.12692765891551971,0.0,0.0,-0.7404437065124512,0.03682408481836319,0.07246416062116623,-0.7415242791175842,-0.1351093053817749,-0.0983034297823906,-1.0317333936691284,0.8351711630821228,-1.981560230255127,-45.34478759765625,-0.2983272075653076,0.1336342692375183,-0.08595496416091919,-0.1823633909225464,0.12034571170806885,-0.29903149604797363,0.0569722056388855,13.209930419921875,8.569031715393066,13.764656066894531,9.882739067077637,-0.027597656473517418,0.07512695342302322,0.012265625409781933,-0.11652343720197678,0.0,-0.04570358246564865,0.09321945160627365,0.015045514330267906,-0.12112133949995041,0.0,0.09470544010400772,-0.17903253436088562,-9.3049955368042,0.15184929966926575,-0.36028367280960083,-8.2445068359375,0.0,0.0,0.0,0.0,0.0,0.0,0.0,0.0,0.0,0.0,0.0,0.0,-0.04335077106952667,0.09281981736421585,0.0132721783593297,-0.12059030681848526,0.30415576696395874,0.21248234808444977,0.31482410430908203,0.23888923227787018,-0.4444848895072937,0.3978145122528076,-0.18342937529087067,0.0,0.0,0.0,0.0,0.0,0.0,0.0
40247261436,0,-0.033092793077230453,-0.0524628721177578,-0.8489670753479004,6.569455581484362e-05,-0.04113857448101044,-0.8442511558532715,-0.032993022352457047,0.1273641288280487,-0.0327642522752285,0.06631731241941452,0.022648708894848824,0.004715919494628906,0.019069811329245567,0.011449305340647697,0.10719819366931915,0.0,0.0,-0.7504187822341919,0.03682408481836319,0.07246416062116623,-0.7415242791175842,-0.13383683562278748,-0.11556193232536316,-1.023909091949463,0.9148434996604919,-2.0280890464782715,-44.7526969909668,-0.2986198663711548,0.10811254382133484,-0.08273935317993164,-0.18435630202293396,0.12603843212127686,-0.2952181100845337,0.05433163046836853,12.93921184539795,8.545365333557129,13.57603931427002,9.776226043701172,-0.03066406212747097,0.07359375059604645,0.012265625409781933,-0.11652343720197678,0.0,-0.04592148959636688,0.09846924245357513,0.014231757260859013,-0.12727074325084686,0.0,0.09470544010400772,-0.17903253436088562,-9.3049955368042,0.16136816143989563,-0.3681880533695221,-8.19910717010498,0.0,0.0,0.0,0.0,0.0,0.0,0.0,0.0,0.0,0.0,0.0,0.0,-0.044464901089668274,0.09340963512659073,0.013994506560266018,-0.12126472592353821,0.29892805218696594,0.2120029628276825,0.31120336055755615,0.23676197230815887,-0.4444848895072937,0.3978145122528076,-0.18342937529087067,0.0,0.0,0.0,0.0,0.0,0.0,0.0
40257316921,0,-0.033092793077230453,-0.0524628721177578,-0.8489670753479004,6.569455581484362e-05,-0.04113857448101044,-0.8442511558532715,-0.032993022352457047,0.1273641288280487,-0.0327642522752285,0.06631731241941452,0.022648708894848824,0.004715919494628906,0.019069811329245567,0.011449305340647697,0.10719819366931915,0.0,0.0,-0.7504187822341919,0.026960821822285652,0.07242878526449203,-0.7403767108917236,-0.13383683562278748,-0.11556193232536316,-1.023909091949463,0.8875249028205872,-2.025034189224243,-45.095088958740234,-0.2827519476413727,0.09917265176773071,-0.07412363588809967,-0.18545188009738922,0.1290259063243866,-0.2929571866989136,0.05328039824962616,12.821362495422363,8.887659072875977,13.437956809997559,10.043227195739746,-0.03066406212747097,0.07359375059604645,0.010732421651482582,-0.11805664002895355,0.0,-0.04710666835308075,0.09331704676151276,0.014927837997674942,-0.12291159480810165,0.0,0.09470544010400772,-0.17903253436088562,-9.3049955368042,0.16136816143989563,-0.3681880533695221,-8.19910717010498,0.0,0.0,0.0,0.0,0.0,0.0,0.0,0.0,0.0,0.0,0.0,0.0,-0.045326244086027145,0.094153493642807,0.014463186264038086,-0.12221990525722504,0.29664772748947144,0.21892167627811432,0.3085482716560364,0.24208968877792358,-0.7618615627288818,0.20386533439159393,-0.04813892021775246,0.0,0.0,0.0,0.0,0.0,0.0,0.0
40267088818,0,-0.033445898443460464,-0.051096830517053604,-0.8492239117622375,6.569455581484362e-05,-0.04113857448101044,-0.8442511558532715,-0.026993652805685997,0.13363270461559296,-0.028256775811314583,0.06702352315187454,0.019916612654924393,0.0049727559089660645,0.01920253410935402,0.011928390711545944,0.1005830317735672,0.0,0.0,-0.7628875970840454,0.026960821822285652,0.07242878526449203,-0.7403767108917236,-0.13167481124401093,-0.12598055601119995,-1.0109188556671143,0.8875249028205872,-2.025034189224243,-45.095088958740234,-0.2827519476413727,0.09917265176773071,-0.07412363588809967,-0.18545188009738922,0.1290259063243866,-0.2929571866989136,0.05328039824962616,12.821362495422363,8.887659072875977,13.437956809997559,10.043227195739746,-0.029130859300494194,0.07666015625,0.010732421651482582,-0.11958984285593033,0.0,-0.04710666835308075,0.09331704676151276,0.014927837997674942,-0.12291159480810165,0.0,-0.3996259272098541,-0.045956503599882126,-9.976841926574707,0.15068072080612183,-0.38413238525390625,-8.230597496032715,0.0,0.0,0.0,0.0,0.0,0.0,0.0,0.0,0.0,0.0,0.0,0.0,-0.04602372273802757,0.09460265934467316,0.014747317880392075,-0.12301839143037796,0.29664772748947144,0.21892167627811432,0.3085482716560364,0.24208968877792358,-0.7618615627288818,0.20386533439159393,-0.04813892021775246,0.0,0.0,0.0,0.0,0.0,0.0,0.0
40277096661,0,-0.0340963639318943,-0.04830664396286011,-0.8497112393379211,6.569455581484362e-05,-0.04113857448101044,-0.8442511558532715,-0.03444530442357063,0.13831709325313568,-0.029235249385237694,0.06832446157932281,0.014336210675537586,0.005460083484649658,0.019756095483899117,0.01223426777869463,0.08719742298126221,0.0,0.0,-0.7628875970840454,0.013224814087152481,0.054165035486221313,-0.7422063946723938,-0.13167481124401093,-0.12598055601119995,-1.0109188556671143,0.8305088877677917,-2.1838886737823486,-45.381492614746094,-0.2695022225379944,0.11814858019351959,-0.0716804563999176,-0.1870364248752594,0.13306580483913422,-0.2897692620754242,0.05218936502933502,12.882278442382812,9.012155532836914,13.397156715393066,10.187943458557129,-0.027597656473517418,0.07819335907697678,0.010732421651482582,-0.1211230456829071,0.0,-0.05294956639409065,0.09584522247314453,0.020542480051517487,-0.12488842755556107,0.0,-0.3996259272098541,-0.045956503599882126,-9.976841926574707,0.1696959137916565,-0.4040142595767975,-8.21169376373291,0.0,0.0,0.0,0.0,0.0,0.0,0.0,0.0,0.0,0.0,0.0,0.0,-0.04683612287044525,0.09470296651124954,0.01517938170582056,-0.1234825849533081,0.29664772748947144,0.21892167627811432,0.3085482716560364,0.24208968877792358,-0.8741880059242249,-0.6926836967468262,-0.096739761531353,0.0,0.0,0.0,0.0,0.0,0.0,0.0
40288135871,0,-0.0340963639318943,-0.04830664396286011,-0.8497112393379211,6.569455581484362e-05,-0.04113857448101044,-0.8442511558532715,-0.03444530442357063,0.13831709325313568,-0.029235249385237694,0.06832446157932281,0.014336210675537586,0.005460083484649658,0.019756095483899117,0.01223426777869463,0.08719742298126221,0.0,0.0,-0.7628875970840454,-0.014352346770465374,0.020405614748597145,-0.7383741736412048,-0.13167481124401093,-0.12598055601119995,-1.0109188556671143,0.8305088877677917,-2.1838886737823486,-45.381492614746094,-0.2695022225379944,0.11814858019351959,-0.0716804563999176,-0.1870364248752594,0.13306580483913422,-0.2897692620754242,0.05218936502933502,12.882278442382812,9.012155532836914,13.397156715393066,10.187943458557129,-0.029130859300494194,0.08125976473093033,0.012265625409781933,-0.12265624850988388,0.0,-0.05294956639409065,0.09584522247314453,0.020542480051517487,-0.12488842755556107,0.0,0.0794655904173851,-0.272347092628479,-9.54736614227295,0.1696959137916565,-0.4040142595767975,-8.21169376373291,0.0,0.0,0.0,0.0,0.0,0.0,0.0,0.0,0.0,0.0,0.0,0.0,-0.04809422418475151,0.09484643489122391,0.016122499480843544,-0.12387910485267639,0.2978266477584839,0.221431702375412,0.3077629804611206,0.2449706792831421,-1.097975254058838,-1.2465269565582275,0.17051416635513306,0.0,0.0,0.0,0.0,0.0,0.0,0.0
40297078217,0,-0.03466951102018356,-0.04542795941233635,-0.8501483201980591,6.569455581484362e-05,-0.04113857448101044,-0.8442511558532715,-0.030572254210710526,0.13336914777755737,-0.03199007734656334,0.06947076320648193,0.008578812703490257,0.005897164344787598,0.01805364526808262,0.013234076090157032,0.0741620734333992,0.0,0.0,-0.7753564119338989,-0.03265441954135895,0.011611205525696278,-0.733223557472229,-0.13191096484661102,-0.12671613693237305,-1.010084867477417,0.8484025001525879,-2.2896509170532227,-45.09718322753906,-0.21695876121520996,0.15472938120365143,-0.06852741539478302,-0.19007866084575653,0.13883905112743378,-0.2853092849254608,0.05133843421936035,12.868510246276855,9.046217918395996,13.110630989074707,10.173197746276855,-0.03066406212747097,0.0827929675579071,0.013798828236758709,-0.12265624850988388,0.0,-0.05568132549524307,0.09997192770242691,0.023109324276447296,-0.12973065674304962,0.0,0.0794655904173851,-0.272347092628479,-9.54736614227295,0.16758444905281067,-0.403062105178833,-8.187634468078613,0.0,0.0,0.0,0.0,0.0,0.0,0.0,0.0,0.0,0.0,0.0,0.0,-0.0497349388897419,0.09529167413711548,0.01752035692334175,-0.12448373436927795,0.2978266477584839,0.221431702375412,0.3077629804611206,0.2449706792831421,-1.3918150663375854,-1.0494271516799927,0.3022010922431946,0.0,0.0,0.0,0.0,0.0,0.0,0.0
40307116552,0,-0.03466951102018356,-0.04542795941233635,-0.8501483201980591,6.569455581484362e-05,-0.04113857448101044,-0.8442511558532715,-0.030572254210710526,0.13336914777755737,-0.03199007734656334,0.06947076320648193,0.008578812703490257,0.005897164344787598,0.01805364526808262,0.013234076090157032,0.0741620734333992,0.0,0.0,-0.7753564119338989,-0.03265441954135895,0.011611205525696278,-0.733223557472229,-0.13191096484661102,-0.12671613693237305,-1.010084867477417,0.8484025001525879,-2.2896509170532227,-45.09718322753906,-0.21695876121520996,0.15472938120365143,-0.06852741539478302,-0.19007866084575653,0.1410517394542694,-0.2835335433483124,0.051467061042785645,12.868510246276855,9.046217918395996,13.110630989074707,10.173197746276855,-0.032197266817092896,0.0827929675579071,0.013798828236758709,-0.12265624850988388,0.0,-0.05568132549524307,0.09997192770242691,0.023109324276447296,-0.12973065674304962,0.0,0.0794655904173851,-0.272347092628479,-9.54736614227295,0.16758444905281067,-0.403062105178833,-8.187634468078613,0.0,0.0,0.0,0.0,0.0,0.0,0.0,0.0,0.0,0.0,0.0,0.0,-0.05151311308145523,0.0961839035153389,0.01912074163556099,-0.12552592158317566,0.29756027460098267,0.22211791574954987,0.3022397756576538,0.24467743933200836,-1.3918150663375854,-1.0494271516799927,0.3022010922431946,0.0,0.0,0.0,0.0,0.0,0.0,0.0
40321730058,0,-0.034947719424963,-0.04397908225655556,-0.8503398299217224,6.569455581484362e-05,-0.04113857448101044,-0.8442511558532715,-0.02294026128947735,0.13807569444179535,-0.030320875346660614,0.0700271800160408,0.005681043956428766,0.006088674068450928,0.017741117626428604,0.013333710841834545,0.06766374409198761,0.0,0.0,-0.7778502106666565,-0.06383513659238815,-0.0026513533666729927,-0.7255259156227112,-0.12247958779335022,-0.1276872307062149,-1.005379557609558,0.8484025001525879,-2.2896509170532227,-45.09718322753906,-0.21695876121520996,0.15472938120365143,-0.06852741539478302,-0.19007866084575653,0.1410517394542694,-0.2835335433483124,0.051467061042785645,12.868510246276855,9.046217918395996,13.110630989074707,10.173197746276855,-0.03373046964406967,0.0827929675579071,0.016865234822034836,-0.12418945133686066,0.0,-0.05568132549524307,0.09997192770242691,0.023109324276447296,-0.12973065674304962,0.0,0.607347309589386,-0.03580146282911301,-9.678643226623535,0.1542550027370453,-0.4163001775741577,-8.199487686157227,0.0,0.0,0.0,0.0,0.0,0.0,0.0,0.0,0.0,0.0,0.0,0.0,-0.05315679311752319,0.09732171148061752,0.02064383029937744,-0.1268143653869629,0.29756027460098267,0.22211791574954987,0.3022397756576538,0.24467743933200836,-1.4633026123046875,-0.8789796233177185,0.3123089075088501,0.0,0.0,0.0,0.0,0.0,0.0,0.0
40327033811,0,-0.03569745644927025,-0.039496954530477524,-0.8508555889129639,6.569455581484362e-05,-0.04113857448101044,-0.8442511558532715,-0.03564869239926338,0.13722380995750427,-0.015110837295651436,0.0715266615152359,-0.003283256432041526,0.006604433059692383,0.016051558777689934,0.013166389428079128,0.047881461679935455,0.0,0.0,-0.7778502106666565,-0.06383513659238815,-0.0026513533666729927,-0.7255259156227112,-0.10865860432386398,-0.1242261528968811,-0.9862020015716553,0.9838418960571289,-2.3405215740203857,-45.77117156982422,-0.17454345524311066,0.16392430663108826,-0.06186842918395996,-0.19234031438827515,0.14473162591457367,-0.2800866365432739,0.05254560708999634,12.945332527160645,9.437438011169434,13.033745765686035,10.458454132080078,-0.03373046964406967,0.0827929675579071,0.016865234822034836,-0.12572266161441803,0.0,-0.05322766304016113,0.10256709903478622,0.02076243981719017,-0.13276156783103943,0.0,0.607347309589386,-0.03580146282911301,-9.678643226623535,0.18795721232891083,-0.43147939443588257,-8.302416801452637,0.0,0.0,0.0,0.0,0.0,0.0,0.0,0.0,0.0,0.0,0.0,0.0,-0.05431782826781273,0.09849005192518234,0.02173958718776703,-0.12812599539756775,0.29904621839523315,0.22998030483722687,0.30075520277023315,0.2503446042537689,-1.4633026123046875,-0.8789796233177185,0.3123089075088501,0.0,0.0,0.0,0.0,0.0,0.0,0.0
40337140278,0,-0.03569934889674187,-0.0379934124648571,-0.8510006666183472,6.569455581484362e-05,-0.04113857448101044,-0.8442511558532715,-0.030371587723493576,0.14305666089057922,-0.023322414606809616,0.07153044641017914,-0.006290355697274208,0.006749510765075684,0.015273945406079292,0.012997002340853214,0.04158924147486687,0.0,0.0,-0.7778502106666565,-0.06498396396636963,-0.015272676944732666,-0.7235510945320129,-0.10293597728013992,-0.12175212055444717,-0.9787647128105164,1.0337647199630737,-2.3731367588043213,-45.663291931152344,-0.18027514219284058,0.18070198595523834,-0.057077065110206604,-0.19330917298793793,0.14473162591457367,-0.2800866365432739,0.05254560708999634,12.82091999053955,9.501729011535645,12.875056266784668,10.591350555419922,-0.03526367247104645,0.0827929675579071,0.016865234822034836,-0.12572266161441803,0.0,-0.053348932415246964,0.10484693199396133,0.02046121470630169,-0.13396596908569336,0.0,0.17432881891727448,0.22504274547100067,-10.196417808532715,0.17838789522647858,-0.44735878705978394,-8.234354019165039,0.0,0.0,0.0,0.0,0.0,0.0,0.0,0.0,0.0,0.0,0.0,0.0,-0.054806455969810486,0.0998024195432663,0.02219255268573761,-0.12954218685626984,0.29904621839523315,0.22998030483722687,0.30075520277023315,0.2503446042537689,-0.9402745366096497,-1.0954915285110474,0.2973307967185974,0.0,0.0,0.0,0.0,0.0,0.0,0.0
40348834420,0,-0.03569934889674187,-0.0379934124648571,-0.8510006666183472,6.569455581484362e-05,-0.04113857448101044,-0.8442511558532715,-0.030371587723493576,0.14305666089057922,-0.023322414606809616,0.07153044641017914,-0.006290355697274208,0.006749510765075684,0.015273945406079292,0.012997002340853214,0.04158924147486687,0.0,0.0,-0.7778502106666565,-0.06154094636440277,-0.03553660959005356,-0.7160643935203552,-0.10293597728013992,-0.12175212055444717,-0.9787647128105164,0.9273468255996704,-2.4719724655151367,-45.193084716796875,-0.18027514219284058,0.18070198595523834,-0.057077065110206604,-0.19330917298793793,0.14609313011169434,-0.2787645161151886,0.05326102674007416,12.62240982055664,9.461594581604004,12.608597755432129,10.633298873901367,-0.036796875298023224,0.0827929675579071,0.018398437649011612,-0.1272558569908142,0.0,-0.05994729697704315,0.10500841587781906,0.02665075846016407,-0.1331799179315567,0.0,-0.031166281551122665,-0.2867219150066376,-9.149991035461426,0.17838789522647858,-0.44735878705978394,-8.234354019165039,0.0,0.0,0.0,0.0,0.0,0.0,0.0,0.0,0.0,0.0,0.0,0.0,-0.055076614022254944,0.10128097981214523,0.02239527739584446,-0.13096316158771515,0.2966390550136566,0.231268972158432,0.297686904668808,0.25297924876213074,-0.23559775948524475,-0.9293357729911804,0.45910853147506714,0.0,0.0,0.0,0.0,0.0,0.0,0.0
40357120619,0,-0.035319697111845016,-0.03510343283414841,-0.8512169718742371,6.569455581484362e-05,-0.04113857448101044,-0.8442511558532715,-0.02576226368546486,0.13896112143993378,-0.017718855291604996,0.07077114284038544,-0.01207034382969141,0.006965816020965576,0.014408533461391926,0.012556791305541992,0.02878597378730774,0.0,0.0,-0.7803439497947693,-0.06154094636440277,-0.03553660959005356,-0.7160643935203552,-0.09696138650178909,-0.1169772744178772,-0.9665721654891968,0.9273468255996704,-2.4719724655151367,-45.193084716796875,-0.182306170463562,0.2039264738559723,-0.05241021513938904,-0.19554995000362396,0.14924171566963196,-0.27607378363609314,0.05548824369907379,12.62240982055664,9.461594581604004,12.608597755432129,10.633298873901367,-0.038330078125,0.08432617038488388,0.019931640475988388,-0.1272558569908142,0.0,-0.060140591114759445,0.10474958270788193,0.02645752765238285,-0.13341104984283447,0.0,-0.031166281551122665,-0.2867219150066376,-9.149991035461426,0.1717989593744278,-0.44843626022338867,-8.277969360351562,0.0,0.0,0.0,0.0,0.0,0.0,0.0,0.0,0.0,0.0,0.0,0.0,-0.0558127798140049,0.10267657786607742,0.022985782474279404,-0.13211800158023834,0.2927921712398529,0.23046459257602692,0.2925242483615875,0.2538098394870758,-0.23559775948524475,-0.9293357729911804,0.45910853147506714,0.0,0.0,0.0,0.0,0.0,0.0,0.0
40368755072,0,-0.0347742959856987,-0.032339222729206085,-0.8513844609260559,6.569455581484362e-05,-0.04113857448101044,-0.8442511558532715,-0.028419416397809982,0.1366313397884369,-0.0006906604976393282,0.06968033313751221,-0.017598791047930717,0.007133305072784424,0.012899478897452354,0.011886214837431908,0.0158579982817173,0.0,0.0,-0.7803439497947693,-0.06687527149915695,-0.042048707604408264,-0.70806884765625,-0.09696138650178909,-0.1169772744178772,-0.9665721654891968,0.9834914803504944,-2.4821650981903076,-46.03053665161133,-0.182306170463562,0.2039264738559723,-0.05241021513938904,-0.19554995000362396,0.14924171566963196,-0.27607378363609314,0.05548824369907379,12.746953964233398,9.799918174743652,12.666382789611816,10.952164649963379,-0.039863280951976776,0.08739257603883743,0.021464843302965164,-0.1272558569908142,0.0,-0.058275558054447174,0.1035265326499939,0.0250537246465683,-0.13166455924510956,0.0,-0.031166281551122665,-0.2867219150066376,-9.149991035461426,0.17939668893814087,-0.4532737135887146,-8.400655746459961,0.0,0.0,0.0,0.0,0.0,0.0,0.0,0.0,0.0,0.0,0.0,0.0,-0.056878481060266495,0.10370099544525146,0.023860985413193703,-0.132833331823349,0.2927921712398529,0.23046459257602692,0.2925242483615875,0.2538098394870758,-0.32533028721809387,-0.5263326168060303,0.4628077447414398,0.0,0.0,0.0,0.0,0.0,0.0,0.0
40381329378,0,-0.0347742959856987,-0.032339222729206085,-0.8513844609260559,6.569455581484362e-05,-0.04113857448101044,-0.8442511558532715,-0.028419416397809982,0.1366313397884369,-0.0006906604976393282,0.06968033313751221,-0.017598791047930717,0.007133305072784424,0.012899478897452354,0.011886214837431908,0.0158579982817173,0.0,0.0,-0.7803439497947693,-0.06687527149915695,-0.042048707604408264,-0.70806884765625,-0.08626491576433182,-0.10956038534641266,-0.9512820243835449,0.9834914803504944,-2.4821650981903076,-46.03053665161133,-0.16789743304252625,0.2117641270160675,-0.047715067863464355,-0.19744426012039185,0.15176109969615936,-0.2740124762058258,0.058121368288993835,12.746953964233398,9.799918174743652,12.666382789611816,10.952164649963379,-0.04139648377895355,0.08892577886581421,0.021464843302965164,-0.12878906726837158,0.0,-0.05843736603856087,0.10331530123949051,0.024891113862395287,-0.13185416162014008,0.0,-0.031166281551122665,-0.2867219150066376,-9.149991035461426,0.17939668893814087,-0.4532737135887146,-8.400655746459961,0.0,0.0,0.0,0.0,0.0,0.0,0.0,0.0,0.0,0.0,0.0,0.0,-0.05775390565395355,0.10421930253505707,0.024568771943449974,-0.13305877149105072,0.2952066659927368,0.23723535239696503,0.2936449646949768,0.2601132392883301,-0.32533028721809387,-0.5263326168060303,0.4628077447414398,0.0,0.0,0.0,0.0,0.0,0.0,0.0
40387856245,0,-0.0347742959856987,-0.032339222729206085,-0.8513844609260559,6.569455581484362e-05,-0.04113857448101044,-0.8442511558532715,-0.028419416397809982,0.1366313397884369,-0.0006906604976393282,0.068939708173275,-0.020332777872681618,0.007192254066467285,0.012899478897452354,0.011886214837431908,0.0158579982817173,0.0,0.0,-0.7803439497947693,-0.06644589453935623,-0.052402250468730927,-0.7009751200675964,-0.08626491576433182,-0.10956038534641266,-0.9512820243835449,0.9429806470870972,-2.575713634490967,-46.072139739990234,-0.16628335416316986,0.23086823523044586,-0.04657527804374695,-0.19853827357292175,0.1531437337398529,-0.27292129397392273,0.059985414147377014,12.75790786743164,9.80813217163086,12.61266040802002,11.017228126525879,-0.039863280951976776,0.08892577886581421,0.021464843302965164,-0.12878906726837158,0.0,-0.062202394008636475,0.10502883791923523,0.028662094846367836,-0.1328968107700348,0.0,0.2040756344795227,-0.5470719933509827,-9.443552017211914,0.17145103216171265,-0.4683115482330322,-8.376752853393555,0.0,0.0,0.0,0.0,0.0,0.0,0.0,0.0,0.0,0.0,0.0,0.0,-0.05847678706049919,0.10439619421958923,0.02515781670808792,-0.13298670947551727,0.29541879892349243,0.23739951848983765,0.29260289669036865,0.2613965570926666,-0.17727671563625336,-0.7305683493614197,0.5393840670585632,0.0,0.0,0.0,0.0,0.0,0.0,0.0
40400074743,0,-0.03440398722887039,-0.030972236767411232,-0.8514434099197388,6.569455581484362e-05,-0.04113857448101044,-0.8442511558532715,-0.024302789941430092,0.1419958472251892,-0.002909984439611435,0.068939708173275,-0.020332777872681618,0.007192254066467285,0.012474178336560726,0.011125500313937664,0.009805801324546337,0.0,0.0,-0.7803439497947693,-0.04179554060101509,-0.07317249476909637,-0.6917015910148621,-0.08135827630758286,-0.10176099091768265,-0.9406208395957947,0.91932213306427,-2.6890251636505127,-45.708473205566406,-0.20095708966255188,0.26280489563941956,-0.04337930679321289,-0.20070168375968933,0.1531437337398529,-0.27292129397392273,0.059985414147377014,12.59250545501709,9.705039024353027,12.454042434692383,11.116927146911621,-0.039863280951976776,0.09045898169279099,0.021464843302965164,-0.13185547292232513,0.0,-0.0670614168047905,0.10919007658958435,0.032728567719459534,-0.13478824496269226,0.0,0.3460419178009033,-0.2106093168258667,-9.382344245910645,0.17145103216171265,-0.4683115482330322,-8.376752853393555,0.0,0.0,0.0,0.0,0.0,0.0,0.0,0.0,0.0,0.0,0.0,0.0,-0.05957025662064552,0.10471285879611969,0.026107782498002052,-0.1329738348722458,0.29541879892349243,0.23739951848983765,0.29260289669036865,0.2613965570926666,0.77239990234375,-0.7829519510269165,0.41637492179870605,0.0,0.0,0.0,0.0,0.0,0.0,0.0
40407868547,0,-0.0336841382086277,-0.02830711007118225,-0.8515207171440125,6.569455581484362e-05,-0.04113857448101044,-0.8442511558532715,-0.021565111353993416,0.14802010357379913,-0.010591660626232624,0.06750000268220901,-0.02566305734217167,0.007269561290740967,0.01225194986909628,0.009733728133141994,-0.002360893879085779,0.0,0.0,-0.7803439497947693,-0.04179554060101509,-0.07317249476909637,-0.6917015910148621,-0.07886692136526108,-0.0894700288772583,-0.9258458614349365,0.91932213306427,-2.6890251636505127,-45.708473205566406,-0.20095708966255188,0.26280489563941956,-0.04337930679321289,-0.20070168375968933,0.15616171061992645,-0.2712728977203369,0.06430904567241669,12.59250545501709,9.705039024353027,12.454042434692383,11.116927146911621,-0.039863280951976776,0.09045898169279099,0.02299804612994194,-0.1333886682987213,0.0,-0.0670614168047905,0.10919007658958435,0.032728567719459534,-0.13478824496269226,0.0,0.3460419178009033,-0.2106093168258667,-9.382344245910645,0.16714948415756226,-0.4889136552810669,-8.31063175201416,0.0,0.0,0.0,0.0,0.0,0.0,0.0,0.0,0.0,0.0,0.0,0.0,-0.061266206204891205,0.10550280660390854,0.02760911174118519,-0.1332150548696518,0.2922119200229645,0.23533912003040314,0.28952306509017944,0.2633619010448456,0.77239990234375,-0.7829519510269165,0.41637492179870605,0.0,0.0,0.0,0.0,0.0,0.0,0.0
40417126551,0,-0.032802075147628784,-0.025689590722322464,-0.8515673875808716,6.569455581484362e-05,-0.04113857448101044,-0.8442511558532715,-0.021339280530810356,0.1371217966079712,-0.0032087042927742004,0.06573586910963058,-0.030898122116923332,0.007316231727600098,0.011229933239519596,0.008815828710794449,-0.014797728508710861,0.0,0.0,-0.7853314876556396,-0.031308963894844055,-0.07632075250148773,-0.6871625781059265,-0.07754238694906235,-0.08288160711526871,-0.9149883985519409,0.9262856841087341,-2.6532583236694336,-45.83113479614258,-0.2151551991701126,0.26889312267303467,-0.042582497000694275,-0.2017689049243927,0.15616171061992645,-0.2712728977203369,0.06430904567241669,12.58365535736084,9.719484329223633,12.470304489135742,11.194124221801758,-0.04139648377895355,0.09199218451976776,0.024531250819563866,-0.1349218785762787,0.0,-0.06599780172109604,0.10785315930843353,0.03138073533773422,-0.13303975760936737,0.0,0.3460419178009033,-0.2106093168258667,-9.382344245910645,0.16762876510620117,-0.4759083390235901,-8.367695808410645,0.0,0.0,0.0,0.0,0.0,0.0,0.0,0.0,0.0,0.0,0.0,0.0,-0.06312060356140137,0.10651003569364548,0.029229987412691116,-0.13354331254959106,0.2922119200229645,0.23533912003040314,0.28952306509017944,0.2633619010448456,0.8031921982765198,-0.500249445438385,0.39116594195365906,0.0,0.0,0.0,0.0,0.0,0.0,0.0
40428017389,0,-0.032802075147628784,-0.025689590722322464,-0.8515673875808716,6.569455581484362e-05,-0.04113857448101044,-0.8442511558532715,-0.021339280530810356,0.1371217966079712,-0.0032087042927742004,0.06573586910963058,-0.030898122116923332,0.007316231727600098,0.011229933239519596,0.008815828710794449,-0.014797728508710861,0.0,0.0,-0.7853314876556396,-0.025218993425369263,-0.07854872941970825,-0.6840788125991821,-0.07754238694906235,-0.08288160711526871,-0.9149883985519409,0.9262856841087341,-2.6532583236694336,-45.83113479614258,-0.2151551991701126,0.26889312267303467,-0.042582497000694275,-0.2017689049243927,0.15790992975234985,-0.27062293887138367,0.06673036515712738,12.58365535736084,9.719484329223633,12.470304489135742,11.194124221801758,-0.04292968660593033,0.09199218451976776,0.027597656473517418,-0.1333886682987213,0.0,-0.06599780172109604,0.10785315930843353,0.03138073533773422,-0.13303975760936737,0.0,0.17169436812400818,-0.16883695125579834,-9.45895767211914,0.16762876510620117,-0.4759083390235901,-8.367695808410645,0.0,0.0,0.0,0.0,0.0,0.0,0.0,0.0,0.0,0.0,0.0,0.0,-0.06461260467767715,0.10731492191553116,0.030486201867461205,-0.13369250297546387,0.2920401990413666,0.2356279194355011,0.2898391783237457,0.26488202810287476,0.69491046667099,-0.37060782313346863,0.34462717175483704,0.0,0.0,0.0,0.0,0.0,0.0,0.0
40437237294,0,-0.031915321946144104,-0.02310195006430149,-0.8515889048576355,6.569455581484362e-05,-0.04113857448101044,-0.8442511558532715,-0.016420351341366768,0.13283208012580872,0.0033686496317386627,0.06396235525608063,-0.03607342764735222,0.007337749004364014,0.010630731470882893,0.007140045519918203,-0.02682756632566452,0.0,0.0,-0.8052816390991211,-0.029863549396395683,-0.08190236240625381,-0.6783533692359924,-0.07496415078639984,-0.06888309121131897,-0.9066540002822876,0.9023926258087158,-2.597445487976074,-46.14984893798828,-0.2077261209487915,0.2862313687801361,-0.0433708131313324,-0.20372283458709717,0.16124258935451508,-0.2695663869380951,0.07156933844089508,12.719574928283691,9.767813682556152,12.533912658691406,11.2732515335083,-0.04599609225988388,0.09199218451976776,0.027597656473517418,-0.1349218785762787,0.0,-0.06456979364156723,0.10419757664203644,0.030151085928082466,-0.12976911664009094,0.0,0.17169436812400818,-0.16883695125579834,-9.45895767211914,0.1585804671049118,-0.47631555795669556,-8.413881301879883,0.0,0.0,0.0,0.0,0.0,0.0,0.0,0.0,0.0,0.0,0.0,0.0,-0.06553611904382706,0.10764145851135254,0.03121236525475979,-0.1334945559501648,0.29467594623565674,0.23659402132034302,0.2910745441913605,0.2664390504360199,0.13829405605793,-0.36457180976867676,0.4298838973045349,0.0,0.0,0.0,0.0,0.0,0.0,0.0
40447002801,0,-0.031915321946144104,-0.02310195006430149,-0.8515889048576355,6.569455581484362e-05,-0.04113857448101044,-0.8442511558532715,-0.016420351341366768,0.13283208012580872,0.0033686496317386627,0.06396235525608063,-0.03607342764735222,0.007337749004364014,0.010630731470882893,0.007140045519918203,-0.02682756632566452,0.0,0.0,-0.8052816390991211,-0.03687579184770584,-0.1020023301243782,-0.6720172762870789,-0.07496415078639984,-0.06888309121131897,-0.9066540002822876,0.8557037115097046,-2.717698097229004,-46.28712463378906,-0.20199178159236908,0.32829856872558594,-0.05723559856414795,-0.20565831661224365,0.16124258935451508,-0.2695663869380951,0.07156933844089508,13.180330276489258,9.400174140930176,12.843064308166504,11.02407455444336,-0.04752929508686066,0.09045898169279099,0.027597656473517418,-0.1349218785762787,0.0,-0.0669570043683052,0.11084678024053574,0.03385919705033302,-0.13529261946678162,0.0,-0.017386600375175476,0.06612398475408554,-9.849349975585938,0.1585804671049118,-0.47631555795669556,-8.413881301879883,0.0,0.0,0.0,0.0,0.0,0.0,0.0,0.0,0.0,0.0,0.0,0.0,-0.06598800420761108,0.10764194279909134,0.03160145506262779,-0.13311544060707092,0.29467594623565674,0.23659402132034302,0.2910745441913605,0.2664390504360199,-0.036640018224716187,-0.8976495862007141,0.29728057980537415,0.0,0.0,0.0,0.0,0.0,0.0,0.0
40457353229,0,-0.031022856011986732,-0.020678112283349037,-0.8515850305557251,6.569455581484362e-05,-0.04113857448101044,-0.8442511558532715,-0.01570906490087509,0.14146491885185242,0.002774885157123208,0.06217741221189499,-0.040921129286289215,0.007333874702453613,0.010320073924958706,0.004978856537491083,-0.03890690580010414,0.0,0.0,-0.8052816390991211,-0.03687579184770584,-0.1020023301243782,-0.6720172762870789,-0.07503872364759445,-0.05164405703544617,-0.9160075187683105,0.8557037115097046,-2.717698097229004,-46.28712463378906,-0.20199178159236908,0.32829856872558594,-0.05723559856414795,-0.20565831661224365,0.164195254445076,-0.2689638137817383,0.07692842185497284,13.180330276489258,9.400174140930176,12.843064308166504,11.02407455444336,-0.04906250163912773,0.09199218451976776,0.03066406212747097,-0.1333886682987213,0.0,-0.0669570043683052,0.11084678024053574,0.03385919705033302,-0.13529261946678162,0.0,-0.017386600375175476,0.06612398475408554,-9.849349975585938,0.15881982445716858,-0.5016888380050659,-8.402453422546387,0.0,0.0,0.0,0.0,0.0,0.0,0.0,0.0,0.0,0.0,0.0,0.0,-0.06627892702817917,0.10792683809995651,0.032038364559412,-0.13307592272758484,0.30358487367630005,0.2292327880859375,0.297067791223526,0.26153162121772766,-0.036640018224716187,-0.8976495862007141,0.29728057980537415,0.0,0.0,0.0,0.0,0.0,0.0,0.0
40466959889,0,-0.03041796013712883,-0.01952042430639267,-0.8515749573707581,6.569455581484362e-05,-0.04113857448101044,-0.8442511558532715,-0.010882352478802204,0.1388823688030243,0.0013674013316631317,0.06096761301159859,-0.043236516416072845,0.007323801517486572,0.009731882251799107,0.00425330363214016,-0.045060284435749054,0.0,0.0,-0.8202441930770874,-0.03542778640985489,-0.10716567933559418,-0.6739175915718079,-0.07135389745235443,-0.045141831040382385,-0.9087173938751221,0.8735090494155884,-2.7592885494232178,-46.21349334716797,-0.20325489342212677,0.33899474143981934,-0.04957038164138794,-0.20655187964439392,0.164195254445076,-0.2689638137817383,0.07692842185497284,12.982511520385742,9.551824569702148,12.615492820739746,11.212135314941406,-0.04906250163912773,0.09659180045127869,0.03066406212747097,-0.1349218785762787,0.0,-0.06870304048061371,0.11118945479393005,0.035060178488492966,-0.13498705625534058,0.0,0.06624825298786163,-0.0952782928943634,-9.499250411987305,0.1490049958229065,-0.5007909536361694,-8.390734672546387,0.0,0.0,0.0,0.0,0.0,0.0,0.0,0.0,0.0,0.0,0.0,0.0,-0.06662767380475998,0.10862158238887787,0.032644640654325485,-0.1334514319896698,0.30358487367630005,0.2292327880859375,0.297067791223526,0.26153162121772766,0.18605104088783264,-0.8072096705436707,0.05341271683573723,0.0,0.0,0.0,0.0,0.0,0.0,0.0
40476966354,0,-0.03041796013712883,-0.01952042430639267,-0.8515749573707581,6.569455581484362e-05,-0.04113857448101044,-0.8442511558532715,-0.010882352478802204,0.1388823688030243,0.0013674013316631317,0.06096761301159859,-0.043236516416072845,0.007323801517486572,0.009731882251799107,0.00425330363214016,-0.045060284435749054,0.0,0.0,-0.8202441930770874,-0.042282283306121826,-0.1056174710392952,-0.6712183952331543,-0.07135389745235443,-0.045141831040382385,-0.9087173938751221,0.7351806163787842,-2.654453992843628,-46.06354904174805,-0.18895559012889862,0.35077735781669617,-0.07183259725570679,-0.20863428711891174,0.16840970516204834,-0.2690362334251404,0.08557689189910889,13.550551414489746,8.953902244567871,13.09046459197998,10.616944313049316,-0.04906250163912773,0.09812500327825546,0.03066406212747097,-0.1333886682987213,0.0,-0.06686198711395264,0.1087300032377243,0.034519702196121216,-0.1346440315246582,0.0,0.008800576440989971,-0.20099502801895142,-9.802387237548828,0.1490049958229065,-0.5007909536361694,-8.390734672546387,0.0,0.0,0.0,0.0,0.0,0.0,0.0,0.0,0.0,0.0,0.0,0.0,-0.06701667606830597,0.10930784046649933,0.03330821171402931,-0.13391774892807007,0.29976508021354675,0.23227284848690033,0.2926579713821411,0.2652365565299988,-0.21655426919460297,-0.169387549161911,0.11952514201402664,0.0,0.0,0.0,0.0,0.0,0.0,0.0
40487128781,0,-0.02905733324587345,-0.01725180447101593,-0.8515338897705078,6.569455581484362e-05,-0.04113857448101044,-0.8442511558532715,-0.0042642331682145596,0.12551969289779663,-0.0008543935837224126,0.058246344327926636,-0.047773778438568115,0.007282733917236328,0.00832490436732769,0.00277904886752367,-0.05677605792880058,0.0,0.0,-0.837700605392456,-0.042282283306121826,-0.1056174710392952,-0.6712183952331543,-0.0649937093257904,-0.025570230558514595,-0.9294780492782593,0.7351806163787842,-2.654453992843628,-46.06354904174805,-0.18895559012889862,0.35077735781669617,-0.07183259725570679,-0.20863428711891174,0.16840970516204834,-0.2690362334251404,0.08557689189910889,13.550551414489746,8.953902244567871,13.09046459197998,10.616944313049316,-0.05059570446610451,0.09812500327825546,0.03066406212747097,-0.13185547292232513,0.0,-0.06686198711395264,0.1087300032377243,0.034519702196121216,-0.1346440315246582,0.0,0.41813984513282776,-0.22476665675640106,-10.06138801574707,0.1336691975593567,-0.4826280176639557,-8.375190734863281,0.0,0.0,0.0,0.0,0.0,0.0,0.0,0.0,0.0,0.0,0.0,0.0,-0.0672643780708313,0.10965217649936676,0.033883050084114075,-0.13429692387580872,0.3107134997844696,0.22025765478610992,0.3018505871295929,0.25348594784736633,-0.21655426919460297,-0.169387549161911,0.11952514201402664,0.0,0.0,0.0,0.0,0.0,0.0,0.0
40497628095,0,-0.02829289808869362,-0.01615443266928196,-0.8514983654022217,6.569455581484362e-05,-0.04113857448101044,-0.8442511558532715,0.0006202429067343473,0.11979397386312485,0.0012859057169407606,0.056717466562986374,-0.04996853321790695,0.007247209548950195,0.007911384105682373,0.0015443379525095224,-0.06274838000535965,0.0,0.0,-0.837700605392456,-0.05738265439867973,-0.1096021980047226,-0.6691000461578369,-0.0649937093257904,-0.025570230558514595,-0.9294780492782593,0.6739349365234375,-2.616398334503174,-46.161964416503906,-0.16202224791049957,0.364859938621521,-0.07034029066562653,-0.20968185365200043,0.1696372628211975,-0.26922065019607544,0.08876499533653259,13.603434562683105,9.036375999450684,13.015092849731445,10.658536911010742,-0.05059570446610451,0.09659180045127869,0.032197266817092896,-0.1349218785762787,0.0,-0.06728964298963547,0.10369996726512909,0.03526248037815094,-0.13090017437934875,0.0,0.41813984513282776,-0.22476665675640106,-10.06138801574707,0.12253362685441971,-0.4757087826728821,-8.393084526062012,0.0,0.0,0.0,0.0,0.0,0.0,0.0,0.0,0.0,0.0,0.0,0.0,-0.06733167916536331,0.1094193086028099,0.0343175083398819,-0.134374737739563,0.3117296099662781,0.22191953659057617,0.3003946542739868,0.25430968403816223,-0.7873905897140503,-0.3036998510360718,0.12839604914188385,0.0,0.0,0.0,0.0,0.0,0.0,0.0
40506767521,0,-0.02829289808869362,-0.01615443266928196,-0.8514983654022217,6.569455581484362e-05,-0.04113857448101044,-0.8442511558532715,0.0006202429067343473,0.11979397386312485,0.0012859057169407606,0.056717466562986374,-0.04996853321790695,0.007247209548950195,0.007911384105682373,0.0015443379525095224,-0.06274838000535965,0.0,0.0,-0.837700605392456,-0.09298953413963318,-0.11593358963727951,-0.6725803017616272,-0.05764155089855194,-0.01699991710484028,-0.9223976135253906,0.6739349365234375,-2.616398334503174,-46.161964416503906,-0.16202224791049957,0.364859938621521,-0.07034029066562653,-0.20968185365200043,0.1696372628211975,-0.26922065019607544,0.08876499533653259,13.603434562683105,9.036375999450684,13.015092849731445,10.658536911010742,-0.052128907293081284,0.09659180045127869,0.036796875298023224,-0.1349218785762787,0.0,-0.06728964298963547,0.10369996726512909,0.03526248037815094,-0.13090017437934875,0.0,0.4883233904838562,-0.1765729784965515,-9.817167282104492,0.12253362685441971,-0.4757087826728821,-8.393084526062012,0.0,0.0,0.0,0.0,0.0,0.0,0.0,0.0,0.0,0.0,0.0,0.0,-0.0673372894525528,0.10848146677017212,0.03467128798365593,-0.133944571018219,0.3117296099662781,0.22191953659057617,0.3003946542739868,0.25430968403816223,-1.5362738370895386,-0.31765085458755493,-0.16228994727134705,0.0,0.0,0.0,0.0,0.0,0.0,0.0
40516766978,0,-0.025806110352277756,-0.013195574283599854,-0.8514279723167419,6.569455581484362e-05,-0.04113857448101044,-0.8442511558532715,0.0029107960872352123,0.11433423310518265,0.008779976516962051,0.05174386873841286,-0.05588627979159355,0.007176816463470459,0.005111779551953077,-0.001770530128851533,-0.08125907182693481,0.0,0.0,-0.847675621509552,-0.09298953413963318,-0.11593358963727951,-0.6725803017616272,-0.04231127351522446,0.007705845404416323,-0.9161047339439392,0.7027884721755981,-2.605879306793213,-46.4635124206543,-0.10866378247737885,0.3906657099723816,-0.06717395782470703,-0.21164804697036743,0.17109568417072296,-0.26995590329170227,0.09479428827762604,13.718076705932617,9.239788055419922,12.889752388000488,10.768150329589844,-0.05059570446610451,0.09505859017372131,0.039863280951976776,-0.1333886682987213,0.0,-0.06586559861898422,0.10188179463148117,0.03435901924967766,-0.1303674727678299,0.0,0.4883233904838562,-0.1765729784965515,-9.817167282104492,0.11443968117237091,-0.4758428931236267,-8.45014762878418,0.0,0.0,0.0,0.0,0.0,0.0,0.0,0.0,0.0,0.0,0.0,0.0,-0.06726556271314621,0.10705402493476868,0.03491269424557686,-0.13314664363861084,0.3139306306838989,0.22601212561130524,0.297971248626709,0.25647827982902527,-1.5362738370895386,-0.31765085458755493,-0.16228994727134705,0.0,0.0,0.0,0.0,0.0,0.0,0.0
40528341682,0,-0.025806110352277756,-0.013195574283599854,-0.8514279723167419,6.569455581484362e-05,-0.04113857448101044,-0.8442511558532715,0.0029107960872352123,0.11433423310518265,0.008779976516962051,0.05174386873841286,-0.05588627979159355,0.007176816463470459,0.005111779551953077,-0.001770530128851533,-0.08125907182693481,0.0,0.0,-0.847675621509552,-0.11251252889633179,-0.12123456597328186,-0.6684189438819885,-0.04231127351522446,0.007705845404416323,-0.9161047339439392,0.5389646887779236,-2.610319137573242,-46.37052536010742,-0.07651551067829132,0.4197002351284027,-0.08059602975845337,-0.21378129720687866,0.17159172892570496,-0.27141258120536804,0.1013086587190628,14.131423950195312,8.881926536560059,13.107868194580078,10.409013748168945,-0.05059570446610451,0.09659180045127869,0.038330078125,-0.1333886682987213,0.0,-0.06831981241703033,0.09936138242483139,0.03815148398280144,-0.12965582311153412,0.0,-0.3273638188838959,-0.6294800639152527,-9.729535102844238,0.11443968117237091,-0.4758428931236267,-8.45014762878418,0.0,0.0,0.0,0.0,0.0,0.0,0.0,0.0,0.0,0.0,0.0,0.0,-0.06715086847543716,0.10536517202854156,0.03514588624238968,-0.13223311305046082,0.3218456506729126,0.2188061624765396,0.3021864593029022,0.24936360120773315,-1.0939768552780151,-0.08571404218673706,0.19759733974933624,0.0,0.0,0.0,0.0,0.0,0.0,0.0
40539068865,0,-0.02412831410765648,-0.011427541263401508,-0.8513478636741638,6.569455581484362e-05,-0.04113857448101044,-0.8442511558532715,0.007219662889838219,0.10682947933673859,0.003063693642616272,0.04838825762271881,-0.059422366321086884,0.007096707820892334,0.0030198153108358383,-0.003805045736953616,-0.0927259773015976,0.0,0.0,-0.8651319742202759,-0.11251252889633179,-0.12123456597328186,-0.6684189438819885,-0.028376078233122826,0.026195937767624855,-0.9232091903686523,0.5389646887779236,-2.610319137573242,-46.37052536010742,-0.07651551067829132,0.4197002351284027,-0.08059602975845337,-0.21378129720687866,0.17159172892570496,-0.27141258120536804,0.1013086587190628,14.131423950195312,8.881926536560059,13.107868194580078,10.409013748168945,-0.052128907293081284,0.09812500327825546,0.03526367247104645,-0.1349218785762787,0.0,-0.06831981241703033,0.09936138242483139,0.03815148398280144,-0.12965582311153412,0.0,0.4637918472290039,-0.318673700094223,-9.712752342224121,0.10236858576536179,-0.46816033124923706,-8.405668258666992,0.0,0.0,0.0,0.0,0.0,0.0,0.0,0.0,0.0,0.0,0.0,0.0,-0.06719693541526794,0.10354297608137131,0.035640232264995575,-0.1313410848379135,0.3218456506729126,0.2188061624765396,0.3021864593029022,0.24936360120773315,-1.0939768552780151,-0.08571404218673706,0.19759733974933624,0.0,0.0,0.0,0.0,0.0,0.0,0.0
40546960755,0,-0.02412831410765648,-0.011427541263401508,-0.8513478636741638,6.569455581484362e-05,-0.04113857448101044,-0.8442511558532715,0.007219662889838219,0.10682947933673859,0.003063693642616272,0.04691433161497116,-0.061206236481666565,0.007005035877227783,0.0030198153108358383,-0.003805045736953616,-0.0927259773015976,0.0,0.0,-0.8651319742202759,-0.11562182754278183,-0.11979395151138306,-0.6594024300575256,-0.028376078233122826,0.026195937767624855,-0.9232091903686523,0.5630272030830383,-2.5748817920684814,-46.23117446899414,-0.07296030968427658,0.42893558740615845,-0.08775326609611511,-0.21470823884010315,0.17155393958091736,-0.27212128043174744,0.10428433120250702,14.298909187316895,8.654657363891602,13.230698585510254,10.204447746276855,-0.05366211012005806,0.09812500327825546,0.032197266817092896,-0.1349218785762787,0.0,-0.06611449271440506,0.10139543563127518,0.03612988069653511,-0.13197214901447296,0.0,0.4637918472290039,-0.318673700094223,-9.712752342224121,0.0766555666923523,-0.48120370507240295,-8.404739379882812,0.0,0.0,0.0,0.0,0.0,0.0,0.0,0.0,0.0,0.0,0.0,0.0,-0.06732504814863205,0.10196901857852936,0.036253489553928375,-0.13069824874401093,0.3250436782836914,0.21421487629413605,0.30455610156059265,0.24529901146888733,-0.7664318680763245,-0.02555472031235695,0.5362237095832825,0.0,0.0,0.0,0.0,0.0,0.0,0.0
40556879932,0,-0.023391354829072952,-0.010535608045756817,-0.8512561917304993,6.569455581484362e-05,-0.04113857448101044,-0.8442511558532715,0.020141053944826126,0.11042331159114838,0.002765960991382599,0.04691433161497116,-0.061206236481666565,0.007005035877227783,0.0023631604854017496,-0.0050446693785488605,-0.09839245676994324,0.0,0.0,-0.8651319742202759,-0.10789007693529129,-0.11220770329236984,-0.6744465827941895,-0.024692511186003685,0.036764830350875854,-0.9164890050888062,0.5014570951461792,-2.4631800651550293,-46.87668228149414,-0.07678529620170593,0.4410402774810791,-0.060604870319366455,-0.21675583720207214,0.17155393958091736,-0.27212128043174744,0.10428433120250702,13.787678718566895,9.478902816772461,12.705556869506836,11.06968879699707,-0.05366211012005806,0.09965820610523224,0.03066406212747097,-0.1349218785762787,0.0,-0.06744303554296494,0.08582761883735657,0.036052629351615906,-0.11623239517211914,0.0,0.17223095893859863,-0.2402028888463974,-9.882729530334473,0.0766555666923523,-0.48120370507240295,-8.404739379882812,0.0,0.0,0.0,0.0,0.0,0.0,0.0,0.0,0.0,0.0,0.0,0.0,-0.06732769310474396,0.10027708858251572,0.03662198409438133,-0.1297842115163803,0.3250436782836914,0.21421487629413605,0.30455610156059265,0.24529901146888733,0.1336715668439865,0.4046679437160492,-0.5169951915740967,0.0,0.0,0.0,0.0,0.0,0.0,0.0
40567325477,0,-0.021906349807977676,-0.00877769198268652,-0.8509849309921265,6.569455581484362e-05,-0.04113857448101044,-0.8442511558532715,0.010217868722975254,0.09131675958633423,0.017742503434419632,0.043944306671619415,-0.06472208350896835,0.0067337751388549805,0.000404871825594455,-0.006752274464815855,-0.11105910688638687,0.0,0.0,-0.8701195120811462,-0.10866053402423859,-0.0991765484213829,-0.6882053017616272,-0.012074959464371204,0.058905236423015594,-0.9034242630004883,0.5014570951461792,-2.4631800651550293,-46.87668228149414,-0.07678529620170593,0.4410402774810791,-0.060604870319366455,-0.21675583720207214,0.1712636947631836,-0.2739740312099457,0.11079739779233932,13.787678718566895,9.478902816772461,12.705556869506836,11.06968879699707,-0.052128907293081284,0.09965820610523224,0.03373046964406967,-0.1349218785762787,0.0,-0.06744303554296494,0.08582761883735657,0.036052629351615906,-0.11623239517211914,0.0,0.17223095893859863,-0.2402028888463974,-9.882729530334473,0.09117402136325836,-0.44785094261169434,-8.523033142089844,0.0,0.0,0.0,0.0,0.0,0.0,0.0,0.0,0.0,0.0,0.0,0.0,-0.06728898733854294,0.09749681502580643,0.036701712757349014,-0.127560093998909,0.3152657151222229,0.23081156611442566,0.2944044768810272,0.262430876493454,0.09801432490348816,0.8208774924278259,-0.8850337266921997,0.0,0.0,0.0,0.0,0.0,0.0,0.0
40577017903,0,-0.021170420572161674,-0.007940852083265781,-0.8508286476135254,6.569455581484362e-05,-0.04113857448101044,-0.8442511558532715,0.015497654676437378,0.09005563706159592,0.020679296925663948,0.042472440749406815,-0.06639578193426132,0.006577491760253906,-0.0007544707623310387,-0.007640736177563667,-0.11740685254335403,0.0,0.0,-0.880094587802887,-0.10866053402423859,-0.0991765484213829,-0.6882053017616272,-0.0047237323597073555,0.0645315870642662,-0.9077841639518738,0.43864086270332336,-2.4733877182006836,-46.986637115478516,-0.06806999444961548,0.43044692277908325,-0.051958173513412476,-0.21786388754844666,0.17102664709091187,-0.27494755387306213,0.1139882504940033,13.591910362243652,9.755167007446289,12.518264770507812,11.28286075592041,-0.052128907293081284,0.09965820610523224,0.036796875298023224,-0.1333886682987213,0.0,-0.07040883600711823,0.08135423064231873,0.03855987638235092,-0.11247502267360687,0.0,0.17223095893859863,-0.2402028888463974,-9.882729530334473,0.07975288480520248,-0.4497068524360657,-8.543025016784668,0.0,0.0,0.0,0.0,0.0,0.0,0.0,0.0,0.0,0.0,0.0,0.0,-0.06743519753217697,0.09376978129148483,0.03673681244254112,-0.12420264631509781,0.3115081191062927,0.2363412231206894,0.29077064990997314,0.26662808656692505,0.09801432490348816,0.8208774924278259,-0.8850337266921997,0.0,0.0,0.0,0.0,0.0,0.0,0.0
40586758324,0,-0.021170420572161674,-0.007940852083265781,-0.8508286476135254,6.569455581484362e-05,-0.04113857448101044,-0.8442511558532715,0.015497654676437378,0.09005563706159592,0.020679296925663948,0.042472440749406815,-0.06639578193426132,0.006577491760253906,-0.0007544707623310387,-0.007640736177563667,-0.11740685254335403,0.0,0.0,-0.880094587802887,-0.11147093027830124,-0.08109146356582642,-0.6905578970909119,-0.0047237323597073555,0.0645315870642662,-0.9077841639518738,0.4207468032836914,-2.494858980178833,-47.068058013916016,-0.057296961545944214,0.41680246591567993,-0.046733662486076355,-0.21896447241306305,0.17072200775146484,-0.2758006155490875,0.11703363060951233,13.48288631439209,9.951716423034668,12.418354034423828,11.401845932006836,-0.05059570446610451,0.10119140893220901,0.036796875298023224,-0.1333886682987213,0.0,-0.07210298627614975,0.0797509253025055,0.03989546373486519,-0.11151362955570221,0.0,0.2657594680786133,-0.5028618574142456,-9.532726287841797,0.07975288480520248,-0.4497068524360657,-8.543025016784668,0.0,0.0,0.0,0.0,0.0,0.0,0.0,0.0,0.0,0.0,0.0,0.0,-0.06799715757369995,0.08977816998958588,0.03703643009066582,-0.1205163300037384,0.3115081191062927,0.2363412231206894,0.29077064990997314,0.26662808656692505,-0.0798434466123581,0.6478546857833862,-0.23710262775421143,0.0,0.0,0.0,0.0,0.0,0.0,0.0
40597168480,0,-0.01915317215025425,-0.005679736845195293,-0.8502954244613647,6.569455581484362e-05,-0.04113857448101044,-0.8442511558532715,0.01959052123129368,0.08794017881155014,0.019319701939821243,0.03843792527914047,-0.07091803103685379,0.006044268608093262,-0.0026923564728349447,-0.010236258618533611,-0.13575103878974915,0.0,0.0,-0.880094587802887,-0.11147093027830124,-0.08109146356582642,-0.6905578970909119,0.009096955880522728,0.08365250378847122,-0.8898879289627075,0.37498852610588074,-2.535886287689209,-46.957637786865234,-0.043198198080062866,0.42830690741539,-0.04973277449607849,-0.22005623579025269,0.17072200775146484,-0.2758006155490875,0.11703363060951233,13.56285572052002,9.847588539123535,12.41912841796875,11.287580490112305,-0.052128907293081284,0.09812500327825546,0.036796875298023224,-0.13185547292232513,0.0,-0.07403317093849182,0.08030472695827484,0.04227008298039436,-0.11260390281677246,0.0,0.2657594680786133,-0.5028618574142456,-9.532726287841797,0.06992068141698837,-0.455337256193161,-8.526305198669434,0.0,0.0,0.0,0.0,0.0,0.0,0.0,0.0,0.0,0.0,0.0,0.0,-0.06904206424951553,0.08606425672769547,0.037759289145469666,-0.11713676154613495,0.3115081191062927,0.2363412231206894,0.29077064990997314,0.26662808656692505,-0.0798434466123581,0.6478546857833862,-0.23710262775421143,0.0,0.0,0.0,0.0,0.0,0.0,0.0
40606798315,0,-0.01915317215025425,-0.005679736845195293,-0.8502954244613647,6.569455581484362e-05,-0.04113857448101044,-0.8442511558532715,0.01959052123129368,0.08794017881155014,0.019319701939821243,0.03843792527914047,-0.07091803103685379,0.006044268608093262,-0.0026923564728349447,-0.010236258618533611,-0.13575103878974915,0.0,0.0,-0.880094587802887,-0.12067098915576935,-0.09537018835544586,-0.6802675127983093,0.009096955880522728,0.08365250378847122,-0.8898879289627075,0.33840033411979675,-2.4284205436706543,-46.70861053466797,-0.012936577200889587,0.47728022933006287,-0.0531892329454422,-0.2220657914876938,0.16914336383342743,-0.27875617146492004,0.12603282928466797,13.717070579528809,9.673547744750977,12.32847785949707,11.173202514648438,-0.055195312947034836,0.09505859017372131,0.036796875298023224,-0.13185547292232513,0.0,-0.07152736186981201,0.0762447789311409,0.040369387716054916,-0.10937149077653885,0.0,0.18096058070659637,-0.7704646587371826,-10.41821002960205,0.06992068141698837,-0.455337256193161,-8.526305198669434,0.0,0.0,0.0,0.0,0.0,0.0,0.0,0.0,0.0,0.0,0.0,0.0,-0.07027231156826019,0.08296207338571548,0.03874993696808815,-0.11443879455327988,0.3109498918056488,0.23818747699260712,0.28884464502334595,0.2667209506034851,-0.46878480911254883,-0.281105101108551,0.2826269567012787,0.0,0.0,0.0,0.0,0.0,0.0,0.0
40616851544,0,-0.01784219779074192,-0.004152988083660603,-0.8499636650085449,6.569455581484362e-05,-0.04113857448101044,-0.8442511558532715,0.023837434127926826,0.07138056308031082,0.009044081903994083,0.03581596165895462,-0.07397154718637466,0.0057125091552734375,-0.005680701695382595,-0.01192048005759716,-0.1478792279958725,0.0,0.0,-0.8825883865356445,-0.12067098915576935,-0.09537018835544586,-0.6802675127983093,0.030847953632473946,0.10034282505512238,-0.8754620552062988,0.33840033411979675,-2.4284205436706543,-46.70861053466797,-0.012936577200889587,0.47728022933006287,-0.0531892329454422,-0.2220657914876938,0.16914336383342743,-0.27875617146492004,0.12603282928466797,13.717070579528809,9.673547744750977,12.32847785949707,11.173202514648438,-0.05672851577401161,0.09199218451976776,0.03526367247104645,-0.12878906726837158,0.0,-0.07152736186981201,0.0762447789311409,0.040369387716054916,-0.10937149077653885,0.0,0.18096058070659637,-0.7704646587371826,-10.41821002960205,0.05635658651590347,-0.42993462085723877,-8.450060844421387,0.0,0.0,0.0,0.0,0.0,0.0,0.0,0.0,0.0,0.0,0.0,0.0,-0.07122454792261124,0.08038414269685745,0.03962366655468941,-0.11232595145702362,0.3139112889766693,0.23470933735370636,0.28708145022392273,0.2644701600074768,-0.46878480911254883,-0.281105101108551,0.2826269567012787,0.0,0.0,0.0,0.0,0.0,0.0,0.0
40626862104,0,-0.017200997099280357,-0.0033969951327890158,-0.849812924861908,6.569455581484362e-05,-0.04113857448101044,-0.8442511558532715,0.02712102234363556,0.06386450678110123,0.010100172832608223,0.0345335528254509,-0.075483538210392,0.005561769008636475,-0.006634225603193045,-0.012679776176810265,-0.1541089117527008,0.0,0.0,-0.8825883865356445,-0.12206687778234482,-0.09227186441421509,-0.6816258430480957,0.030847953632473946,0.10034282505512238,-0.8754620552062988,0.3099612295627594,-2.364640474319458,-46.47533416748047,-0.004773721098899841,0.47904759645462036,-0.04916355013847351,-0.2231409251689911,0.16829675436019897,-0.2801879942417145,0.12931165099143982,13.57137393951416,9.729259490966797,12.155913352966309,11.205275535583496,-0.055195312947034836,0.09045898169279099,0.03526367247104645,-0.12572266161441803,0.0,-0.07145985215902328,0.07232651114463806,0.03981783986091614,-0.10623538494110107,0.0,0.176419198513031,-0.49699667096138,-9.981396675109863,0.047247692942619324,-0.4191492795944214,-8.462000846862793,0.0,0.0,0.0,0.0,0.0,0.0,0.0,0.0,0.0,0.0,0.0,0.0,-0.07174563407897949,0.07817169278860092,0.04016553983092308,-0.11059697717428207,0.3111135959625244,0.235823392868042,0.28372129797935486,0.26510173082351685,-0.3909985423088074,0.08048142492771149,0.09520316869020462,0.0,0.0,0.0,0.0,0.0,0.0,0.0
40636842029,0,-0.017200997099280357,-0.0033969951327890158,-0.849812924861908,6.569455581484362e-05,-0.04113857448101044,-0.8442511558532715,0.02712102234363556,0.06386450678110123,0.010100172832608223,0.0345335528254509,-0.075483538210392,0.005561769008636475,-0.006634225603193045,-0.012679776176810265,-0.1541089117527008,0.0,0.0,-0.8825883865356445,-0.1339472532272339,-0.09681255370378494,-0.6769717335700989,0.05673554912209511,0.12937790155410767,-0.8532469272613525,0.1862986832857132,-2.2590456008911133,-46.725555419921875,0.023301541805267334,0.5100718140602112,-0.048628970980644226,-0.22511239349842072,0.16829675436019897,-0.2801879942417145,0.12931165099143982,13.708127975463867,9.783039093017578,12.101985931396484,11.277560234069824,-0.052128907293081284,0.08739257603883743,0.036796875298023224,-0.12418945133686066,0.0,-0.07136965543031693,0.06340441852807999,0.0403464175760746,-0.09851806610822678,0.0,-0.13456718623638153,-0.32373666763305664,-9.859329223632812,0.047247692942619324,-0.4191492795944214,-8.462000846862793,0.0,0.0,0.0,0.0,0.0,0.0,0.0,0.0,0.0,0.0,0.0,0.0,-0.07194812595844269,0.07577414810657501,0.04041770473122597,-0.10873047262430191,0.3111135959625244,0.235823392868042,0.28372129797935486,0.26510173082351685,-0.6508690714836121,-0.17797903716564178,0.3874885141849518,0.0,0.0,0.0,0.0,0.0,0.0,0.0
40646885881,0,-0.015895023941993713,-0.002102299826219678,-0.8495030999183655,6.569455581484362e-05,-0.04113857448101044,-0.8442511558532715,0.028508052229881287,0.05432426556944847,0.013435994274914265,0.031921595335006714,-0.0780729353427887,0.005251944065093994,-0.008415531367063522,-0.015099016949534416,-0.16635873913764954,0.0,0.0,-0.8825883865356445,-0.13594669103622437,-0.10331815481185913,-0.6674579977989197,0.05673554912209511,0.12937790155410767,-0.8532469272613525,0.1862986832857132,-2.2590456008911133,-46.725555419921875,0.023301541805267334,0.5100718140602112,-0.048628970980644226,-0.22511239349842072,0.1662323921918869,-0.2831222116947174,0.13527141511440277,13.931714057922363,9.670001029968262,12.204475402832031,11.186503410339355,-0.052128907293081284,0.08585937321186066,0.038330078125,-0.1211230456829071,0.0,-0.07022237032651901,0.06414659321308136,0.040007416158914566,-0.09932262450456619,0.0,0.035708922892808914,-0.5662633180618286,-9.740562438964844,0.04030866175889969,-0.4061940312385559,-8.492350578308105,0.0,0.0,0.0,0.0,0.0,0.0,0.0,0.0,0.0,0.0,0.0,0.0,-0.07189220190048218,0.07275828719139099,0.04048854485154152,-0.10632117092609406,0.3137398064136505,0.23689812421798706,0.28266966342926025,0.26652389764785767,-0.45380493998527527,-0.39960771799087524,0.7407253980636597,0.0,0.0,0.0,0.0,0.0,0.0,0.0
40656931057,0,-0.015282053500413895,-0.0015293280594050884,-0.8493624329566956,6.569455581484362e-05,-0.04113857448101044,-0.8442511558532715,0.027407510206103325,0.05297619849443436,0.0160939060151577,0.030695650726556778,-0.07921888679265976,0.005111277103424072,-0.009530385956168175,-0.016127610579133034,-0.17228098213672638,0.0,0.0,-0.8825883865356445,-0.13594669103622437,-0.10331815481185913,-0.6674579977989197,0.06329962611198425,0.1398221105337143,-0.846480131149292,0.22795386612415314,-2.2306623458862305,-46.83271789550781,0.023301541805267334,0.5100718140602112,-0.048628970980644226,-0.22511239349842072,0.16500815749168396,-0.2847355604171753,0.13817059993743896,13.931714057922363,9.670001029968262,12.204475402832031,11.186503410339355,-0.05366211012005806,0.08432617038488388,0.038330078125,-0.1211230456829071,0.0,-0.06844069808721542,0.0646328553557396,0.03797691687941551,-0.09974420070648193,0.0,0.035708922892808914,-0.5662633180618286,-9.740562438964844,0.04144615679979324,-0.4055749773979187,-8.515039443969727,0.0,0.0,0.0,0.0,0.0,0.0,0.0,0.0,0.0,0.0,0.0,0.0,-0.07152729481458664,0.06967414915561676,0.04035657271742821,-0.10382715612649918,0.3180254399776459,0.23463848233222961,0.28466740250587463,0.2647320628166199,-0.45380493998527527,-0.39960771799087524,0.7407253980636597,0.0,0.0,0.0,0.0,0.0,0.0,0.0
40668231123,0,-0.015282053500413895,-0.0015293280594050884,-0.8493624329566956,6.569455581484362e-05,-0.04113857448101044,-0.8442511558532715,0.027407510206103325,0.05297619849443436,0.0160939060151577,0.030695650726556778,-0.07921888679265976,0.005111277103424072,-0.009530385956168175,-0.016127610579133034,-0.17228098213672638,0.0,0.0,-0.8825883865356445,-0.14627434313297272,-0.10924512892961502,-0.6597269177436829,0.06329962611198425,0.1398221105337143,-0.846480131149292,0.15002353489398956,-2.1823973655700684,-46.84343338012695,0.06092509627342224,0.5518612265586853,-0.05710211396217346,-0.22705361247062683,0.1633445769548416,-0.2868462800979614,0.14171981811523438,14.081209182739258,9.59151554107666,12.22321605682373,11.100406646728516,-0.05366211012005806,0.0827929675579071,0.038330078125,-0.11958984285593033,0.0,-0.06860972940921783,0.060281187295913696,0.038604605942964554,-0.09667246043682098,0.0,0.20796366035938263,-0.9198927879333496,-9.389043807983398,0.04144615679979324,-0.4055749773979187,-8.515039443969727,0.0,0.0,0.0,0.0,0.0,0.0,0.0,0.0,0.0,0.0,0.0,0.0,-0.07086825370788574,0.06700389087200165,0.039975184947252274,-0.1016860082745552,0.3180254399776459,0.23463848233222961,0.28466740250587463,0.2647320628166199,-0.6669437885284424,-0.47101303935050964,0.7747045755386353,0.0,0.0,0.0,0.0,0.0,0.0,0.0
40676900259,0,-0.015282053500413895,-0.0015293280594050884,-0.8493624329566956,6.569455581484362e-05,-0.04113857448101044,-0.8442511558532715,0.027407510206103325,0.05297619849443436,0.0160939060151577,0.02821088768541813,-0.08105358481407166,0.0048174262046813965,-0.009530385956168175,-0.016127610579133034,-0.17228098213672638,0.0,0.0,-0.8825883865356445,-0.1592918038368225,-0.10832390934228897,-0.6530871391296387,0.06329962611198425,0.1398221105337143,-0.846480131149292,0.1115625873208046,-2.150277853012085,-46.643489837646484,0.08833655714988708,0.5592344999313354,-0.05910925567150116,-0.2280954271554947,0.16135098040103912,-0.28916600346565247,0.14538328349590302,14.137236595153809,9.521812438964844,12.173394203186035,10.970868110656738,-0.05366211012005806,0.07972656190395355,0.038330078125,-0.11805664002895355,0.0,-0.0685766339302063,0.0579785481095314,0.03885391354560852,-0.09563597291707993,0.0,-0.30083152651786804,-0.40148410201072693,-9.382798194885254,0.020284106954932213,-0.39095962047576904,-8.480634689331055,0.0,0.0,0.0,0.0,0.0,0.0,0.0,0.0,0.0,0.0,0.0,0.0,-0.07011803984642029,0.06454462558031082,0.039517246186733246,-0.09980171173810959,0.3219567537307739,0.2316714972257614,0.28406184911727905,0.26048222184181213,-0.8691232204437256,-0.157476007938385,0.7420470118522644,0.0,0.0,0.0,0.0,0.0,0.0,0.0
40688532816,0,-0.014039678499102592,-0.0006119825411587954,-0.8490685820579529,6.569455581484362e-05,-0.04113857448101044,-0.8442511558532715,0.03557511046528816,0.04191480949521065,0.011487647891044617,0.02821088768541813,-0.08105358481407166,0.0048174262046813965,-0.012963679619133472,-0.01809220388531685,-0.18391314148902893,0.0,0.0,-0.8825883865356445,-0.163084015250206,-0.10191863030195236,-0.6545917987823486,0.08170448988676071,0.16016985476016998,-0.832288384437561,0.1115625873208046,-2.150277853012085,-46.643489837646484,0.08833655714988708,0.5592344999313354,-0.05910925567150116,-0.2280954271554947,0.16135098040103912,-0.28916600346565247,0.14538328349590302,14.137236595153809,9.521812438964844,12.173394203186035,10.970868110656738,-0.055195312947034836,0.07972656190395355,0.038330078125,-0.11345703154802322,0.0,-0.0685766339302063,0.0579785481095314,0.03885391354560852,-0.09563597291707993,0.0,-0.35500407218933105,-0.6591819524765015,-9.633919715881348,0.020284106954932213,-0.39095962047576904,-8.480634689331055,0.0,0.0,0.0,0.0,0.0,0.0,0.0,0.0,0.0,0.0,0.0,0.0,-0.06946616619825363,0.06222973018884659,0.03915812075138092,-0.09815412014722824,0.3219567537307739,0.2316714972257614,0.28406184911727905,0.26048222184181213,-0.25034216046333313,0.05328497290611267,0.07582476735115051,0.0,0.0,0.0,0.0,0.0,0.0,0.0
40697465898,0,-0.012080952525138855,0.0003612482687458396,-0.8485833406448364,6.569455581484362e-05,-0.04113857448101044,-0.8442511558532715,0.03736342489719391,0.024059414863586426,0.009426774457097054,0.024293415248394012,-0.0830000638961792,0.004332184791564941,-0.016307204961776733,-0.021047793328762054,-0.20136156678199768,0.0,0.0,-0.8825883865356445,-0.163084015250206,-0.10191863030195236,-0.6545917987823486,0.10569673031568527,0.1833837777376175,-0.814669132232666,-0.029189100489020348,-2.0928399562835693,-46.461875915527344,0.11261366307735443,0.5736477375030518,-0.04550527036190033,-0.23002691566944122,0.1570013016462326,-0.2936840057373047,0.152299165725708,13.810742378234863,9.82628059387207,11.725944519042969,11.245305061340332,-0.055195312947034836,0.07666015625,0.04139648377895355,-0.11192382872104645,0.0,-0.0724911242723465,0.04882541298866272,0.04267231747508049,-0.0872260332107544,0.0,-0.35500407218933105,-0.6591819524765015,-9.633919715881348,0.007047558203339577,-0.3618082106113434,-8.474184036254883,0.0,0.0,0.0,0.0,0.0,0.0,0.0,0.0,0.0,0.0,0.0,0.0,-0.06916201114654541,0.05988452211022377,0.03910151496529579,-0.09649118781089783,0.315707802772522,0.23776184022426605,0.27532219886779785,0.2658892273902893,-0.25034216046333313,0.05328497290611267,0.07582476735115051,0.0,0.0,0.0,0.0,0.0,0.0,0.0
40707858454,0,-0.012080952525138855,0.0003612482687458396,-0.8485833406448364,6.569455581484362e-05,-0.04113857448101044,-0.8442511558532715,0.03736342489719391,0.024059414863586426,0.009426774457097054,0.023107241839170456,-0.0834747925400734,0.004148960113525391,-0.016307204961776733,-0.021047793328762054,-0.20136156678199768,0.0,0.0,-0.8825883865356445,-0.15829254686832428,-0.10334047675132751,-0.6551094055175781,0.10569673031568527,0.1833837777376175,-0.814669132232666,0.03876157104969025,-1.9899451732635498,-46.60801315307617,0.11751064658164978,0.5919760465621948,-0.039438724517822266,-0.2310575246810913,0.1544899344444275,-0.2963738441467285,0.15590780973434448,13.730186462402344,9.995467185974121,11.576022148132324,11.454595565795898,-0.055195312947034836,0.07359375059604645,0.04139648377895355,-0.1088574230670929,0.0,-0.06858865916728973,0.046648718416690826,0.0379062257707119,-0.08464401215314865,0.0,-0.35500407218933105,-0.6591819524765015,-9.633919715881348,0.011892089620232582,-0.35177940130233765,-8.515544891357422,0.0,0.0,0.0,0.0,0.0,0.0,0.0,0.0,0.0,0.0,0.0,0.0,-0.06926612555980682,0.05701224505901337,0.039336565881967545,-0.09423251450061798,0.3141629993915558,0.2411377876996994,0.27238476276397705,0.27000248432159424,0.10094549506902695,-0.01207397598773241,0.0251160915941,0.0,0.0,0.0,0.0,0.0,0.0,0.0
40717058051,0,-0.0114878686144948,0.0005986134638078511,-0.8484001159667969,6.569455581484362e-05,-0.04113857448101044,-0.8442511558532715,0.03331010788679123,0.019173622131347656,0.01444764994084835,0.023107241839170456,-0.0834747925400734,0.004148960113525391,-0.01755520887672901,-0.022005943581461906,-0.20731328427791595,0.0,0.0,-0.8825883865356445,-0.15147389471530914,-0.09907356649637222,-0.649234414100647,0.1147175058722496,0.19214101135730743,-0.8075591325759888,-0.010097313672304153,-1.912063479423523,-47.12009048461914,0.13224028050899506,0.6084747314453125,-0.03963972628116608,-0.23294298350811005,0.1544899344444275,-0.2963738441467285,0.15590780973434448,13.914351463317871,10.110745429992676,11.658154487609863,11.57481575012207,-0.05672851577401161,0.07206054776906967,0.04139648377895355,-0.10425781458616257,0.0,-0.06708796322345734,0.04147745668888092,0.0365823470056057,-0.08005615323781967,0.0,-0.028219252824783325,-0.12221004068851471,-9.416680335998535,0.011892089620232582,-0.35177940130233765,-8.515544891357422,0.0,0.0,0.0,0.0,0.0,0.0,0.0,0.0,0.0,0.0,0.0,0.0,-0.06930311769247055,0.05354912206530571,0.039347026497125626,-0.09125979989767075,0.3141629993915558,0.2411377876996994,0.27238476276397705,0.27000248432159424,0.200375497341156,0.2782444357872009,0.17039671540260315,0.0,0.0,0.0,0.0,0.0,0.0,0.0
40727476309,0,-0.010313102975487709,0.0008683855412527919,-0.8480201363563538,6.569455581484362e-05,-0.04113857448101044,-0.8442511558532715,0.037592340260744095,0.012001212686300278,0.024945320561528206,0.020757699385285378,-0.08401433378458023,0.0037689805030822754,-0.0200105719268322,-0.0240239966660738,-0.21902577579021454,0.0,0.0,-0.8825883865356445,-0.15147389471530914,-0.09907356649637222,-0.649234414100647,0.1323855072259903,0.2103557586669922,-0.7935567498207092,-0.010097313672304153,-1.912063479423523,-47.12009048461914,0.13224028050899506,0.6084747314453125,-0.03963972628116608,-0.23294298350811005,0.1496153622865677,-0.3018278181552887,0.16263698041439056,13.914351463317871,10.110745429992676,11.658154487609863,11.57481575012207,-0.05826171860098839,0.0705273449420929,0.039863280951976776,-0.10272461175918579,0.0,-0.06708796322345734,0.04147745668888092,0.0365823470056057,-0.08005615323781967,0.0,-0.028219252824783325,-0.12221004068851471,-9.416680335998535,-0.0020905062556266785,-0.3411259353160858,-8.594198226928711,0.0,0.0,0.0,0.0,0.0,0.0,0.0,0.0,0.0,0.0,0.0,0.0,-0.06898178905248642,0.04985692352056503,0.03890308737754822,-0.08794205635786057,0.3176931142807007,0.24343432486057281,0.27399465441703796,0.27236121892929077,0.200375497341156,0.2782444357872009,0.17039671540260315,0.0,0.0,0.0,0.0,0.0,0.0,0.0
40737199153,0,-0.010313102975487709,0.0008683855412527919,-0.8480201363563538,6.569455581484362e-05,-0.04113857448101044,-0.8442511558532715,0.037592340260744095,0.012001212686300278,0.024945320561528206,0.020757699385285378,-0.08401433378458023,0.0037689805030822754,-0.0200105719268322,-0.0240239966660738,-0.21902577579021454,0.0,0.0,-0.8825883865356445,-0.1492386758327484,-0.06775760650634766,-0.6432384848594666,0.1323855072259903,0.2103557586669922,-0.7935567498207092,-0.010097313672304153,-1.912063479423523,-47.12009048461914,0.13224028050899506,0.6084747314453125,-0.03963972628116608,-0.23294298350811005,0.1496153622865677,-0.3018278181552887,0.16263698041439056,13.914351463317871,10.110745429992676,11.658154487609863,11.57481575012207,-0.05826171860098839,0.06746093928813934,0.039863280951976776,-0.10119140893220901,0.0,-0.06708796322345734,0.04147745668888092,0.0365823470056057,-0.08005615323781967,0.0,0.18498943746089935,-0.47934526205062866,-9.414395332336426,-0.0020905062556266785,-0.3411259353160858,-8.594198226928711,0.0,0.0,0.0,0.0,0.0,0.0,0.0,0.0,0.0,0.0,0.0,0.0,-0.06847430020570755,0.04649480804800987,0.03825651481747627,-0.08485518395900726,0.3176931142807007,0.24343432486057281,0.27399465441703796,0.27236121892929077,0.1138821467757225,1.192567229270935,0.21645812690258026,0.0,0.0,0.0,0.0,0.0,0.0,0.0
40749664765,0,-0.009308049455285072,0.0010473482543602586,-0.8475619554519653,6.569455581484362e-05,-0.04113857448101044,-0.8442511558532715,0.04858039692044258,0.008268632926046848,0.023146985098719597,0.01874758116900921,-0.08437226712703705,0.0033107995986938477,-0.022146372124552727,-0.025181377306580544,-0.2303064614534378,0.0,0.0,-0.8825883865356445,-0.1492386758327484,-0.06775760650634766,-0.6432384848594666,0.15667833387851715,0.22204089164733887,-0.7766546010971069,-0.14700943231582642,-1.8728822469711304,-47.16267395019531,0.16048967838287354,0.5851507186889648,-0.03683249652385712,-0.2347923368215561,0.14428851008415222,-0.3072779178619385,0.16939815878868103,13.86820125579834,10.260444641113281,11.587801933288574,11.56947135925293,-0.05826171860098839,0.06286133080720901,0.039863280951976776,-0.09659180045127869,0.0,-0.06995423138141632,0.03460376337170601,0.03961499407887459,-0.07486999034881592,0.0,0.18498943746089935,-0.47934526205062866,-9.414395332336426,-0.02672898769378662,-0.3405240476131439,-8.575031280517578,0.0,0.0,0.0,0.0,0.0,0.0,0.0,0.0,0.0,0.0,0.0,0.0,-0.06810112297534943,0.043598342686891556,0.03776950016617775,-0.08221221715211868,0.3168089687824249,0.24641263484954834,0.27261579036712646,0.2722565829753876,0.1138821467757225,1.192567229270935,0.21645812690258026,0.0,0.0,0.0,0.0,0.0,0.0,0.0
40757306705,0,-0.009308049455285072,0.0010473482543602586,-0.8475619554519653,6.569455581484362e-05,-0.04113857448101044,-0.8442511558532715,0.04858039692044258,0.008268632926046848,0.023146985098719597,0.017711328342556953,-0.08438156545162201,0.0030555129051208496,-0.022146372124552727,-0.025181377306580544,-0.2303064614534378,0.0,0.0,-0.8825883865356445,-0.1373773217201233,-0.051483891904354095,-0.6465665102005005,0.15667833387851715,0.22204089164733887,-0.7766546010971069,-0.14253556728363037,-1.8451778888702393,-47.096046447753906,0.15051034092903137,0.5735272169113159,-0.028976842761039734,-0.2357717901468277,0.141278475522995,-0.31009677052497864,0.17295435070991516,13.620430946350098,10.444308280944824,11.408919334411621,11.746511459350586,-0.05672851577401161,0.059794921427965164,0.039863280951976776,-0.09505859017372131,0.0,-0.0704699233174324,0.03310553729534149,0.039145082235336304,-0.07312929630279541,0.0,0.1116078644990921,-0.00786527618765831,-9.37374210357666,-0.025915557518601418,-0.33548688888549805,-8.562917709350586,0.0,0.0,0.0,0.0,0.0,0.0,0.0,0.0,0.0,0.0,0.0,0.0,-0.06815110892057419,0.04076205939054489,0.03770894557237625,-0.07971648126840591,0.31205618381500244,0.25006404519081116,0.2691056728363037,0.27572473883628845,0.6172729730606079,1.372460126876831,-0.04605593532323837,0.0,0.0,0.0,0.0,0.0,0.0,0.0
40768072718,0,-0.008789924904704094,0.0010519959032535553,-0.8473066687583923,6.569455581484362e-05,-0.04113857448101044,-0.8442511558532715,0.047117624431848526,0.005670762620866299,0.0215302687138319,0.017711328342556953,-0.08438156545162201,0.0030555129051208496,-0.023128246888518333,-0.025582605972886086,-0.2362288385629654,0.0,0.0,-0.8825883865356445,-0.09463053941726685,-0.004947870038449764,-0.6392884850502014,0.1605841964483261,0.2256711721420288,-0.7695729732513428,-0.14111405611038208,-1.7703834772109985,-47.13352966308594,0.12845946848392487,0.5550578236579895,-0.027091458439826965,-0.2367342859506607,0.141278475522995,-0.31009677052497864,0.17295435070991516,13.521430015563965,10.493366241455078,11.431843757629395,11.807052612304688,-0.05672851577401161,0.05672851577401161,0.039863280951976776,-0.09352538734674454,0.0,-0.06906654685735703,0.030377564951777458,0.036616139113903046,-0.0706397220492363,0.0,-0.060614217072725296,-0.10304157435894012,-9.721620559692383,-0.025915557518601418,-0.33548688888549805,-8.562917709350586,0.0,0.0,0.0,0.0,0.0,0.0,0.0,0.0,0.0,0.0,0.0,0.0,-0.06851504743099213,0.03789757192134857,0.03784918412566185,-0.07723898440599442,0.31205618381500244,0.25006404519081116,0.2691056728363037,0.27572473883628845,1.6974306106567383,2.080821990966797,0.34827446937561035,0.0,0.0,0.0,0.0,0.0,0.0,0.0
40777807638,0,-0.0073763648979365826,0.0008619133732281625,-0.8464275002479553,6.569455581484362e-05,-0.04113857448101044,-0.8442511558532715,0.0424373634159565,-0.018216194584965706,0.028623094782233238,0.014884193427860737,-0.08400139212608337,0.002176344394683838,-0.02513689361512661,-0.025181114673614502,-0.2533454895019531,0.0,0.0,-0.8825883865356445,-0.09463053941726685,-0.004947870038449764,-0.6392884850502014,0.17309139668941498,0.22368279099464417,-0.7526040077209473,-0.14286628365516663,-1.633368968963623,-47.18867874145508,0.10703736543655396,0.5267859101295471,-0.033390432596206665,-0.23767831921577454,0.13557478785514832,-0.31528759002685547,0.17987512052059174,13.618728637695312,10.356088638305664,11.678213119506836,11.652504920959473,-0.05826171860098839,0.052128907293081284,0.039863280951976776,-0.09045898169279099,0.0,-0.06512847542762756,0.025941871106624603,0.03165806457400322,-0.06744591146707535,0.0,-0.060614217072725296,-0.10304157435894012,-9.721620559692383,-0.03166680410504341,-0.28754615783691406,-8.61755657196045,0.0,0.0,0.0,0.0,0.0,0.0,0.0,0.0,0.0,0.0,0.0,0.0,-0.06867887079715729,0.03502235934138298,0.037578560411930084,-0.07477028667926788,0.3120232820510864,0.24831287562847137,0.2743876278400421,0.27388378977775574,1.6974306106567383,2.080821990966797,0.34827446937561035,0.0,0.0,0.0,0.0,0.0,0.0,0.0
40787608626,0,-0.0069512794725596905,0.0007402280461974442,-0.8460904955863953,6.569455581484362e-05,-0.04113857448101044,-0.8442511558532715,0.04250553622841835,-0.021772414445877075,0.03236474096775055,0.01403401792049408,-0.08375801891088486,0.0018393397331237793,-0.02488950453698635,-0.024685397744178772,-0.2590264678001404,0.0,0.0,-0.8825883865356445,-0.06807787716388702,0.032825812697410583,-0.6343274116516113,0.17188593745231628,0.21933136880397797,-0.7458556890487671,-0.1741674244403839,-1.5815038681030273,-47.39656066894531,0.08824095129966736,0.4774898290634155,-0.03237789869308472,-0.23873987793922424,0.13557478785514832,-0.31528759002685547,0.17987512052059174,13.541220664978027,10.472187995910645,11.806586265563965,11.678099632263184,-0.05826171860098839,0.05059570446610451,0.038330078125,-0.09045898169279099,0.0,-0.06504912674427032,0.022735383361577988,0.030599873512983322,-0.06487353146076202,0.0,-0.060614217072725296,-0.10304157435894012,-9.721620559692383,-0.03477190062403679,-0.2806583046913147,-8.645365715026855,0.0,0.0,0.0,0.0,0.0,0.0,0.0,0.0,0.0,0.0,0.0,0.0,-0.06828230619430542,0.03198940306901932,0.03653288260102272,-0.07223327457904816,0.3120232820510864,0.24831287562847137,0.2743876278400421,0.27388378977775574,1.9013012647628784,2.673595428466797,0.35814258456230164,0.0,0.0,0.0,0.0,0.0,0.0,0.0
40797446086,0,-0.0069512794725596905,0.0007402280461974442,-0.8460904955863953,6.569455581484362e-05,-0.04113857448101044,-0.8442511558532715,0.04250553622841835,-0.021772414445877075,0.03236474096775055,0.01403401792049408,-0.08375801891088486,0.0018393397331237793,-0.02488950453698635,-0.024685397744178772,-0.2590264678001404,0.0,0.0,-0.8825883865356445,-0.021402457728981972,0.09030899405479431,-0.631202220916748,0.17188593745231628,0.21933136880397797,-0.7458556890487671,-0.2077944278717041,-1.5090500116348267,-47.73721694946289,0.036609336733818054,0.4036749005317688,-0.025563597679138184,-0.2402975857257843,0.13270984590053558,-0.3177202045917511,0.18389013409614563,13.262422561645508,10.760184288024902,11.913963317871094,11.898675918579102,-0.059794921427965164,0.04752929508686066,0.038330078125,-0.08739257603883743,0.0,-0.06550917774438858,0.018483104184269905,0.029029104858636856,-0.06065371260046959,0.0,-0.2949676811695099,0.36362913250923157,-9.416829109191895,-0.03477190062403679,-0.2806583046913147,-8.645365715026855,0.0,0.0,0.0,0.0,0.0,0.0,0.0,0.0,0.0,0.0,0.0,0.0,-0.0675155445933342,0.028741898015141487,0.034900158643722534,-0.06955146789550781,0.3105342388153076,0.2506171762943268,0.2769003212451935,0.2743851840496063,2.3683180809020996,3.0272035598754883,0.24361558258533478,0.0,0.0,0.0,0.0,0.0,0.0,0.0
40806938072,0,-0.006162751466035843,0.0004440142947714776,-0.8453824520111084,6.569455581484362e-05,-0.04113857448101044,-0.8442511558532715,0.043601419776678085,-0.02057947963476181,0.04079379886388779,0.012456954456865788,-0.08316559344530106,0.001131296157836914,-0.024083305150270462,-0.02288590744137764,-0.2705036997795105,0.0,0.0,-0.880094587802887,-0.021402457728981972,0.09030899405479431,-0.631202220916748,0.16788218915462494,0.20387233793735504,-0.72926926612854,-0.2077944278717041,-1.5090500116348267,-47.73721694946289,0.036609336733818054,0.4036749005317688,-0.025563597679138184,-0.2402975857257843,0.12899214029312134,-0.32038360834121704,0.18987473845481873,13.262422561645508,10.760184288024902,11.913963317871094,11.898675918579102,-0.059794921427965164,0.04292968660593033,0.038330078125,-0.0827929675579071,0.0,-0.06550917774438858,0.018483104184269905,0.029029104858636856,-0.06065371260046959,0.0,-0.2949676811695099,0.36362913250923157,-9.416829109191895,-0.03839196637272835,-0.2832317352294922,-8.707816123962402,0.0,0.0,0.0,0.0,0.0,0.0,0.0,0.0,0.0,0.0,0.0,0.0,-0.06674699485301971,0.025447875261306763,0.03308625891804695,-0.0667853131890297,0.30516788363456726,0.2563207447528839,0.27899935841560364,0.2787005603313446,2.3683180809020996,3.0272035598754883,0.24361558258533478,0.0,0.0,0.0,0.0,0.0,0.0,0.0
40817352606,0,-0.006162751466035843,0.0004440142947714776,-0.8453824520111084,6.569455581484362e-05,-0.04113857448101044,-0.8442511558532715,0.043601419776678085,-0.02057947963476181,0.04079379886388779,0.012456954456865788,-0.08316559344530106,0.001131296157836914,-0.024083305150270462,-0.02288590744137764,-0.2705036997795105,0.0,0.0,-0.880094587802887,0.03481989726424217,0.15402357280254364,-0.629970133304596,0.16184887290000916,0.17141860723495483,-0.7128309011459351,-0.20779147744178772,-1.5555453300476074,-47.89885711669922,-0.024889998137950897,0.3133767545223236,-0.01952575147151947,-0.24192745983600616,0.12899214029312134,-0.32038360834121704,0.18987473845481873,12.921266555786133,10.991828918457031,12.035691261291504,12.04509162902832,-0.059794921427965164,0.039863280951976776,0.036796875298023224,-0.08125976473093033,0.0,-0.0686538890004158,0.019428230822086334,0.029954498633742332,-0.061430223286151886,0.0,-0.23225578665733337,-0.01113549992442131,-9.853463172912598,-0.03839196637272835,-0.2832317352294922,-8.707816123962402,0.0,0.0,0.0,0.0,0.0,0.0,0.0,0.0,0.0,0.0,0.0,0.0,-0.06628567725419998,0.022586246952414513,0.031488195061683655,-0.06432925909757614,0.30516788363456726,0.2563207447528839,0.27899935841560364,0.2787005603313446,2.8226935863494873,3.1252405643463135,0.11443962156772614,0.0,0.0,0.0,0.0,0.0,0.0,0.0
40828768267,0,-0.0053815837018191814,0.00010402392945252359,-0.8446418046951294,6.569455581484362e-05,-0.04113857448101044,-0.8442511558532715,0.04245074465870857,-0.023244861513376236,0.04046227037906647,0.010894611477851868,-0.0824856087565422,0.00039064884185791016,-0.02316082827746868,-0.019635716453194618,-0.28211650252342224,0.0,0.0,-0.880094587802887,0.03481989726424217,0.15402357280254364,-0.629970133304596,0.16184887290000916,0.17141860723495483,-0.7128309011459351,-0.20779147744178772,-1.5555453300476074,-47.89885711669922,-0.024889998137950897,0.3133767545223236,-0.01952575147151947,-0.24192745983600616,0.12600834667682648,-0.321698397397995,0.19615307450294495,12.921266555786133,10.991828918457031,12.035691261291504,12.04509162902832,-0.06132812425494194,0.03526367247104645,0.038330078125,-0.07972656190395355,0.0,-0.0686538890004158,0.019428230822086334,0.029954498633742332,-0.061430223286151886,0.0,-0.04340547323226929,0.06201116368174553,-9.701930046081543,-0.03923521563410759,-0.27750980854034424,-8.701364517211914,0.0,0.0,0.0,0.0,0.0,0.0,0.0,0.0,0.0,0.0,0.0,0.0,-0.06635072082281113,0.02055252343416214,0.030376549810171127,-0.06255056709051132,0.2985808253288269,0.26089584827423096,0.28137654066085815,0.2815598249435425,2.8226935863494873,3.1252405643463135,0.11443962156772614,0.0,0.0,0.0,0.0,0.0,0.0,0.0
40837013771,0,-0.005043745506554842,-2.0540959667414427e-05,-0.8442786931991577,6.569455581484362e-05,-0.04113857448101044,-0.8442511558532715,0.04395969957113266,-0.027053503319621086,0.037137482315301895,0.01021893136203289,-0.08223647624254227,2.753734588623047e-05,-0.022505348548293114,-0.017712900415062904,-0.28763100504875183,0.0,0.0,-0.880094587802887,0.06036602705717087,0.18312090635299683,-0.6303178071975708,0.15382790565490723,0.15445218980312347,-0.7058956027030945,-0.24617469310760498,-1.492494821548462,-47.710514068603516,-0.060619913041591644,0.26169705390930176,-0.013177543878555298,-0.2426568865776062,0.12505614757537842,-0.32173097133636475,0.19898585975170135,12.582473754882812,11.124975204467773,11.962834358215332,12.130082130432129,-0.06286133080720901,0.032197266817092896,0.038330078125,-0.07819335907697678,0.0,-0.06987378746271133,0.015900326892733574,0.029341313987970352,-0.0581030510365963,0.0,-0.04340547323226929,0.06201116368174553,-9.701930046081543,-0.04475903511047363,-0.27136269211769104,-8.674638748168945,0.0,0.0,0.0,0.0,0.0,0.0,0.0,0.0,0.0,0.0,0.0,0.0,-0.06686398386955261,0.019182102754712105,0.02972366102039814,-0.061315566301345825,0.2985808253288269,0.26089584827423096,0.28137654066085815,0.2815598249435425,2.902564764022827,3.1365201473236084,0.016522834077477455,0.0,0.0,0.0,0.0,0.0,0.0,0.0
40893401281,0,-0.005043745506554842,-2.0540959667414427e-05,-0.8442786931991577,6.569455581484362e-05,-0.04113857448101044,-0.8442511558532715,0.04395969957113266,-0.027053503319621086,0.037137482315301895,0.01021893136203289,-0.08223647624254227,2.753734588623047e-05,-0.022505348548293114,-0.017712900415062904,-0.28763100504875183,0.0,0.0,-0.880094587802887,0.10592138022184372,0.2300364077091217,-0.6339035034179688,0.15382790565490723,0.15445218980312347,-0.7058956027030945,-0.24904955923557281,-1.3489311933517456,-47.52973175048828,-0.11091592162847519,0.1848643273115158,-0.002642214298248291,-0.24429434537887573,0.12389758229255676,-0.32058656215667725,0.2052759975194931,12.079084396362305,11.378536224365234,11.847186088562012,12.30361557006836,-0.06439453363418579,0.03066406212747097,0.036796875298023224,-0.07666015625,0.0,-0.06881022453308105,0.010838998481631279,0.02527739480137825,-0.05321305990219116,0.0,-0.13903388381004333,-0.12229612469673157,-9.613696098327637,-0.04475903511047363,-0.27136269211769104,-8.674638748168945,0.0,0.0,0.0,0.0,0.0,0.0,0.0,0.0,0.0,0.0,0.0,0.0,-0.06756646931171417,0.017831798642873764,0.02917282097041607,-0.06004327908158302,0.2822231352329254,0.26850876212120056,0.2776942551136017,0.2865978479385376,2.283254384994507,2.4256229400634766,-0.17480872571468353,0.0,0.0,0.0,0.0,0.0,0.0,0.0
40893442391,0,-0.00435264129191637,-0.000366816675523296,-0.8435537815093994,6.569455581484362e-05,-0.04113857448101044,-0.8442511558532715,0.03970705717802048,-0.03954475000500679,0.03261018916964531,0.008836716413497925,-0.0815439224243164,-0.0006973743438720703,-0.020246069878339767,-0.013829854317009449,-0.29877132177352905,0.0,0.0,-0.880094587802887,0.10592138022184372,0.2300364077091217,-0.6339035034179688,0.14173558354377747,0.11857039481401443,-0.6917816996574402,-0.24904955923557281,-1.3489311933517456,-47.52973175048828,-0.11091592162847519,0.1848643273115158,-0.002642214298248291,-0.24429434537887573,0.12389758229255676,-0.32058656215667725,0.2052759975194931,12.079084396362305,11.378536224365234,11.847186088562012,12.30361557006836,-0.06286133080720901,0.029130859300494194,0.036796875298023224,-0.07206054776906967,0.0,-0.06881022453308105,0.010838998481631279,0.02527739480137825,-0.05321305990219116,0.0,-0.13903388381004333,-0.12229612469673157,-9.613696098327637,-0.04528173804283142,-0.24526022374629974,-8.641769409179688,0.0,0.0,0.0,0.0,0.0,0.0,0.0,0.0,0.0,0.0,0.0,0.0,-0.06819053739309311,0.016110830008983612,0.028370575979351997,-0.058382775634527206,0.2822231352329254,0.26850876212120056,0.2776942551136017,0.2865978479385376,2.283254384994507,2.4256229400634766,-0.17480872571468353,0.0,0.0,0.0,0.0,0.0,0.0,0.0
40893456504,0,-0.003690518671646714,-0.0008086886373348534,-0.8428245186805725,6.569455581484362e-05,-0.04113857448101044,-0.8442511558532715,0.03704309090971947,-0.04733636602759361,0.03212812915444374,0.007512464188039303,-0.08066017180681229,-0.0014266371726989746,-0.017254538834095,-0.009254282340407372,-0.31037962436676025,0.0,0.0,-0.880094587802887,0.12343384325504303,0.24837274849414825,-0.6361358761787415,0.1279144585132599,0.08869045972824097,-0.6820516586303711,-0.27054324746131897,-1.2951020002365112,-47.52769088745117,-0.1332118660211563,0.14955873787403107,0.0021467506885528564,-0.24507194757461548,0.12371286004781723,-0.3194362223148346,0.2082126885652542,11.872824668884277,11.514199256896973,11.814565658569336,12.403428077697754,-0.059794921427965164,0.027597656473517418,0.036796875298023224,-0.06899414211511612,0.0,-0.06911369413137436,0.008324919268488884,0.024307701736688614,-0.0507027730345726,0.0,-0.13903388381004333,-0.12229612469673157,-9.613696098327637,-0.046620115637779236,-0.22858181595802307,-8.644013404846191,0.0,0.0,0.0,0.0,0.0,0.0,0.0,0.0,0.0,0.0,0.0,0.0,-0.068625807762146,0.014175661839544773,0.02736051380634308,-0.056496355682611465,0.27819544076919556,0.27117228507995605,0.2770562767982483,0.28853940963745117,2.0222268104553223,2.0932159423828125,-0.18750078976154327,0.0,0.0,0.0,0.0,0.0,0.0,0.0
40893471912,0,-0.003690518671646714,-0.0008086886373348534,-0.8428245186805725,6.569455581484362e-05,-0.04113857448101044,-0.8442511558532715,0.03704309090971947,-0.04733636602759361,0.03212812915444374,0.007512464188039303,-0.08066017180681229,-0.0014266371726989746,-0.017254538834095,-0.009254282340407372,-0.31037962436676025,0.0,0.0,-0.880094587802887,0.15861116349697113,0.2874862551689148,-0.6286652088165283,0.1279144585132599,0.08869045972824097,-0.6820516586303711,-0.27054324746131897,-1.2951020002365112,-47.52769088745117,-0.1332118660211563,0.14955873787403107,0.0021467506885528564,-0.24507194757461548,0.12371286004781723,-0.3194362223148346,0.2082126885652542,11.872824668884277,11.514199256896973,11.814565658569336,12.403428077697754,-0.059794921427965164,0.026064453646540642,0.036796875298023224,-0.06746093928813934,0.0,-0.06911369413137436,0.008324919268488884,0.024307701736688614,-0.0507027730345726,0.0,-0.18172766268253326,-0.036445312201976776,-9.377972602844238,-0.046620115637779236,-0.22858181595802307,-8.644013404846191,0.0,0.0,0.0,0.0,0.0,0.0,0.0,0.0,0.0,0.0,0.0,0.0,-0.06891590356826782,0.01226028148084879,0.026345156133174896,-0.054615318775177,0.27819544076919556,0.27117228507995605,0.2770562767982483,0.28853940963745117,1.8503730297088623,2.1020522117614746,0.26586419343948364,0.0,0.0,0.0,0.0,0.0,0.0,0.0
40893482106,0,-0.003690518671646714,-0.0008086886373348534,-0.8428245186805725,6.569455581484362e-05,-0.04113857448101044,-0.8442511558532715,0.03704309090971947,-0.04733636602759361,0.03212812915444374,0.007512464188039303,-0.08066017180681229,-0.0014266371726989746,-0.017254538834095,-0.009254282340407372,-0.31037962436676025,0.0,0.0,-0.880094587802887,0.15861116349697113,0.2874862551689148,-0.6286652088165283,0.1279144585132599,0.08869045972824097,-0.6820516586303711,-0.2561802268028259,-1.221642255783081,-47.71345520019531,-0.1927400827407837,0.04931241273880005,0.00047875940799713135,-0.24643220007419586,0.12415599822998047,-0.3162784278392792,0.21344488859176636,11.719734191894531,11.575634002685547,12.14441967010498,12.341968536376953,-0.06132812425494194,0.02299804612994194,0.03526367247104645,-0.06439453363418579,0.0,-0.06748878955841064,0.006347967311739922,0.020968208089470863,-0.049380380660295486,0.0,-0.18172766268253326,-0.036445312201976776,-9.377972602844238,-0.046620115637779236,-0.22858181595802307,-8.644013404846191,0.0,0.0,0.0,0.0,0.0,0.0,0.0,0.0,0.0,0.0,0.0,0.0,-0.069020114839077,0.010500892996788025,0.025315769016742706,-0.052907221019268036,0.2752006947994232,0.27237722277641296,0.283497154712677,0.2873440384864807,1.8503730297088623,2.1020522117614746,0.26586419343948364,0.0,0.0,0.0,0.0,0.0,0.0,0.0
40897045486,0,-0.0031455541029572487,-0.0013536324258893728,-0.842115581035614,6.569455581484362e-05,-0.04113857448101044,-0.8442511558532715,0.03358478471636772,-0.04917961731553078,0.03992796316742897,0.006422529462724924,-0.07957027852535248,-0.0021355748176574707,-0.014149021357297897,-0.0036716426257044077,-0.3218404948711395,0.0,0.0,-0.8751070499420166,0.18963372707366943,0.3262863755226135,-0.6179799437522888,0.10853081196546555,0.04154076427221298,-0.6684650778770447,-0.24608004093170166,-1.1985812187194824,-48.04106140136719,-0.24681204557418823,-0.04295456409454346,0.001957446336746216,-0.24769484996795654,0.12415599822998047,-0.3162784278392792,0.21344488859176636,11.537341117858887,11.752523422241211,12.414334297180176,12.399860382080078,-0.06439453363418579,0.019931640475988388,0.03526367247104645,-0.06439453363418579,0.0,-0.06765802949666977,0.005745731294155121,0.01945708692073822,-0.04889047145843506,0.0,0.06402119994163513,0.050386685878038406,-9.634140014648438,-0.042765870690345764,-0.22195863723754883,-8.709297180175781,0.0,0.0,0.0,0.0,0.0,0.0,0.0,0.0,0.0,0.0,0.0,0.0,-0.06887156516313553,0.008932693861424923,0.024091605097055435,-0.05145476385951042,0.2752006947994232,0.27237722277641296,0.283497154712677,0.2873440384864807,1.6039109230041504,1.9496760368347168,0.3446534276008606,0.0,0.0,0.0,0.0,0.0,0.0,0.0
40911548718,0,-0.002867691917344928,-0.0019161663949489594,-0.8414142727851868,6.569455581484362e-05,-0.04113857448101044,-0.8442511558532715,0.03211503475904465,-0.05193831026554108,0.04510960355401039,0.0058668022975325584,-0.07844521105289459,-0.002836883068084717,-0.01045065838843584,0.002226140582934022,-0.33299189805984497,0.0,0.0,-0.8676257729530334,0.18963372707366943,0.3262863755226135,-0.6179799437522888,0.08450958877801895,-0.008603564463555813,-0.6492690443992615,-0.24608004093170166,-1.1985812187194824,-48.04106140136719,-0.24681204557418823,-0.04295456409454346,0.001957446336746216,-0.24769484996795654,0.12564879655838013,-0.3114321529865265,0.21882404386997223,11.537341117858887,11.752523422241211,12.414334297180176,12.399860382080078,-0.06592773646116257,0.018398437649011612,0.03526367247104645,-0.06439453363418579,0.0,-0.06765802949666977,0.005745731294155121,0.01945708692073822,-0.04889047145843506,0.0,0.06402119994163513,0.050386685878038406,-9.634140014648438,-0.042248375713825226,-0.2146264761686325,-8.749226570129395,0.0,0.0,0.0,0.0,0.0,0.0,0.0,0.0,0.0,0.0,0.0,0.0,-0.06856676936149597,0.0076011354103684425,0.02270406112074852,-0.05028985068202019,0.271626353263855,0.27584245800971985,0.2887513339519501,0.2884700894355774,1.6039109230041504,1.9496760368347168,0.3446534276008606,0.0,0.0,0.0,0.0,0.0,0.0,0.0
40917039838,0,-0.002867691917344928,-0.0019161663949489594,-0.8414142727851868,6.569455581484362e-05,-0.04113857448101044,-0.8442511558532715,0.03211503475904465,-0.05193831026554108,0.04510960355401039,0.005854862276464701,-0.07796472311019897,-0.0031855106353759766,-0.01045065838843584,0.002226140582934022,-0.33299189805984497,0.0,0.0,-0.8676257729530334,0.200424924492836,0.3367198705673218,-0.617741048336029,0.0666966661810875,-0.04811390861868858,-0.6304767727851868,-0.23236607015132904,-1.180445671081543,-48.12074661254883,-0.2688015401363373,-0.07740011811256409,0.01339489221572876,-0.2483367919921875,0.12684862315654755,-0.3082142472267151,0.2216690629720688,11.183530807495117,12.077519416809082,12.23536491394043,12.685559272766113,-0.06286133080720901,0.016865234822034836,0.03526367247104645,-0.06286133080720901,0.0,-0.06885518878698349,0.005403904709964991,0.01876417174935341,-0.047720231115818024,0.0,-0.051663804799318314,0.12416648119688034,-9.938241004943848,-0.039633821696043015,-0.21665820479393005,-8.732623100280762,0.0,0.0,0.0,0.0,0.0,0.0,0.0,0.0,0.0,0.0,0.0,0.0,-0.0683043971657753,0.006588116753846407,0.021390527486801147,-0.04940472170710564,0.26467365026474,0.28219249844551086,0.28526920080184937,0.29401662945747375,1.270552635192871,1.4956083297729492,0.1209651455283165,0.0,0.0,0.0,0.0,0.0,0.0,0.0
40926761790,0,-0.002861721906810999,-0.002156408503651619,-0.8410656452178955,6.569455581484362e-05,-0.04113857448101044,-0.8442511558532715,0.031429361552000046,-0.05037089064717293,0.043001577258110046,0.005854862276464701,-0.07796472311019897,-0.0031855106353759766,-0.00845218263566494,0.005190847907215357,-0.3384660482406616,0.0,0.0,-0.8676257729530334,0.21349769830703735,0.33815428614616394,-0.6144320368766785,0.0666966661810875,-0.04811390861868858,-0.6304767727851868,-0.19580024480819702,-1.188178300857544,-47.630680084228516,-0.31055358052253723,-0.13989773392677307,0.07092489302158356,-0.2494400292634964,0.12684862315654755,-0.3082142472267151,0.2216690629720688,9.459431648254395,13.426248550415039,10.836012840270996,13.966971397399902,-0.06132812425494194,0.013798828236758709,0.03373046964406967,-0.06132812425494194,0.0,-0.08047652244567871,0.005938268266618252,0.020136060193181038,-0.044547587633132935,0.0,-0.05870923027396202,0.053699713200330734,-9.494837760925293,-0.039633821696043015,-0.21665820479393005,-8.732623100280762,0.0,0.0,0.0,0.0,0.0,0.0,0.0,0.0,0.0,0.0,0.0,0.0,-0.06875787675380707,0.005911802873015404,0.020355135202407837,-0.048566196113824844,0.26467365026474,0.28219249844551086,0.28526920080184937,0.29401662945747375,0.7965947985649109,0.45593535900115967,0.12254585325717926,0.0,0.0,0.0,0.0,0.0,0.0,0.0
40936865886,0,-0.002946742344647646,-0.002641933271661401,-0.8403816223144531,6.569455581484362e-05,-0.04113857448101044,-0.8442511558532715,0.02994946390390396,-0.04957089573144913,0.033121220767498016,0.006024904083460569,-0.0769936665892601,-0.0038695335388183594,-0.004476931411772966,0.011048193089663982,-0.34908613562583923,0.0,0.0,-0.8102691769599915,0.22842353582382202,0.33906951546669006,-0.6005710959434509,0.040513280779123306,-0.09861809760332108,-0.548589289188385,-0.19580024480819702,-1.188178300857544,-47.630680084228516,-0.31055358052253723,-0.13989773392677307,0.07092489302158356,-0.2494400292634964,0.12960320711135864,-0.3014340102672577,0.2266717404127121,9.675111770629883,13.064526557922363,11.244653701782227,13.629074096679688,-0.06132812425494194,0.013798828236758709,0.03373046964406967,-0.05826171860098839,0.0,-0.07867877930402756,0.006102690007537603,0.019404204562306404,-0.04565277323126793,0.0,-0.13674135506153107,0.19110536575317383,-9.544432640075684,-0.03560004383325577,-0.21603241562843323,-8.660123825073242,0.0,0.0,0.0,0.0,0.0,0.0,0.0,0.0,0.0,0.0,0.0,0.0,-0.07052426785230637,0.005567000713199377,0.019708439707756042,-0.0476095974445343,0.2304212749004364,0.3083227872848511,0.2578195631504059,0.31870052218437195,1.042273998260498,0.3131333589553833,0.6435737013816833,0.0,0.0,0.0,0.0,0.0,0.0,0.0
40946773828,0,-0.0030395337380468845,-0.0027465836610645056,-0.8400429487228394,6.569455581484362e-05,-0.04113857448101044,-0.8442511558532715,0.027144718915224075,-0.04877249896526337,0.03076978586614132,0.006210487801581621,-0.07678437232971191,-0.004208207130432129,-0.002234350424259901,0.014122073538601398,-0.35420408844947815,0.0,0.0,-0.8102691769599915,0.22842353582382202,0.33906951546669006,-0.6005710959434509,0.02426147647202015,-0.12404404580593109,-0.5424883365631104,-0.15989407896995544,-1.1847139596939087,-47.554908752441406,-0.34603655338287354,-0.16881698369979858,0.057713910937309265,-0.24996700882911682,0.13145175576210022,-0.2974278926849365,0.22937943041324615,9.675111770629883,13.064526557922363,11.244653701782227,13.629074096679688,-0.06132812425494194,0.012265625409781933,0.032197266817092896,-0.05672851577401161,0.0,-0.07729507237672806,0.006936801131814718,0.018115157261490822,-0.04653732478618622,0.0,-0.13674135506153107,0.19110536575317383,-9.544432640075684,-0.02907165139913559,-0.2154025286436081,-8.646347045898438,0.0,0.0,0.0,0.0,0.0,0.0,0.0,0.0,0.0,0.0,0.0,0.0,-0.07291683554649353,0.0055271657183766365,0.0193085428327322,-0.046767864376306534,0.23474043607711792,0.3013496398925781,0.26587656140327454,0.31222212314605713,1.042273998260498,0.3131333589553833,0.6435737013816833,0.0,0.0,0.0,0.0,0.0,0.0,0.0
40957213490,0,-0.0030395337380468845,-0.0027465836610645056,-0.8400429487228394,6.569455581484362e-05,-0.04113857448101044,-0.8442511558532715,0.027144718915224075,-0.04877249896526337,0.03076978586614132,0.006210487801581621,-0.07678437232971191,-0.004208207130432129,-0.002234350424259901,0.014122073538601398,-0.35420408844947815,0.0,0.0,-0.8102691769599915,0.24211204051971436,0.3423233926296234,-0.5796792507171631,0.02426147647202015,-0.12404404580593109,-0.5424883365631104,-0.15989407896995544,-1.1847139596939087,-47.554908752441406,-0.34603655338287354,-0.16881698369979858,0.057713910937309265,-0.24996700882911682,0.13145175576210022,-0.2974278926849365,0.22937943041324615,9.675111770629883,13.064526557922363,11.244653701782227,13.629074096679688,-0.06286133080720901,0.010732421651482582,0.03066406212747097,-0.05366211012005806,0.0,-0.07729507237672806,0.006936801131814718,0.018115157261490822,-0.04653732478618622,0.0,0.10474708676338196,0.053084973245859146,-9.68215274810791,-0.02907165139913559,-0.2154025286436081,-8.646347045898438,0.0,0.0,0.0,0.0,0.0,0.0,0.0,0.0,0.0,0.0,0.0,0.0,-0.07496526092290878,0.0057292114943265915,0.01895112358033657,-0.04627053812146187,0.23474043607711792,0.3013496398925781,0.26587656140327454,0.31222212314605713,1.0985957384109497,0.35332027077674866,1.2560166120529175,0.0,0.0,0.0,0.0,0.0,0.0,0.0
40967563737,0,-0.003565520280972123,-0.0027881923597306013,-0.8390380144119263,6.569455581484362e-05,-0.04113857448101044,-0.8442511558532715,0.013100642710924149,-0.05166127160191536,0.030471008270978928,0.007262466009706259,-0.07670114934444427,-0.005213141441345215,0.003854728303849697,0.02388373389840126,-0.3692975342273712,0.0,0.0,-0.7554063200950623,0.24510256946086884,0.34628286957740784,-0.5632445812225342,-0.0159013532102108,-0.19166938960552216,-0.4627811908721924,-0.07092832773923874,-1.1114919185638428,-47.5643196105957,-0.39745527505874634,-0.23798108100891113,0.07466794550418854,-0.2507859468460083,0.13145175576210022,-0.2974278926849365,0.22937943041324615,9.06340217590332,13.51772689819336,11.008657455444336,14.025482177734375,-0.0705273449420929,0.006132812704890966,0.027597656473517418,-0.05672851577401161,0.0,-0.07627512514591217,0.007050157058984041,0.013213185593485832,-0.04568193480372429,0.0,0.022042185068130493,-0.1004684641957283,-9.72717571258545,-0.0013373997062444687,-0.19975820183753967,-8.656412124633789,0.0,0.0,0.0,0.0,0.0,0.0,0.0,0.0,0.0,0.0,0.0,0.0,-0.07635556906461716,0.006056642159819603,0.018394945189356804,-0.04603571444749832,0.23474043607711792,0.3013496398925781,0.26587656140327454,0.31222212314605713,0.7065877318382263,0.4196128249168396,1.4414983987808228,0.0,0.0,0.0,0.0,0.0,0.0,0.0
40977239642,0,-0.003565520280972123,-0.0027881923597306013,-0.8390380144119263,6.569455581484362e-05,-0.04113857448101044,-0.8442511558532715,0.013100642710924149,-0.05166127160191536,0.030471008270978928,0.007262466009706259,-0.07670114934444427,-0.005213141441345215,0.003854728303849697,0.02388373389840126,-0.3692975342273712,0.0,0.0,-0.7554063200950623,0.23970870673656464,0.330546110868454,-0.5259381532669067,-0.0159013532102108,-0.19166938960552216,-0.4627811908721924,0.061605699360370636,-1.0542118549346924,-47.735355377197266,-0.4290355145931244,-0.2695145606994629,0.23762246966362,-0.2513984441757202,0.14098313450813293,-0.2790358066558838,0.2414630651473999,4.914775371551514,17.646732330322266,7.084662437438965,18.132524490356445,-0.0705273449420929,0.010732421651482582,0.026064453646540642,-0.05826171860098839,0.0,-0.1273484081029892,0.0068705580197274685,0.010964746586978436,-0.036834992468357086,0.0,-0.18374016880989075,-0.36712852120399475,-9.655622482299805,-0.0013373997062444687,-0.19975820183753967,-8.656412124633789,0.0,0.0,0.0,0.0,0.0,0.0,0.0,0.0,0.0,0.0,0.0,0.0,-0.07942764461040497,0.0063874926418066025,0.017287645488977432,-0.04548627510666847,0.13695156574249268,0.3879043757915497,0.1821814924478531,0.3968639671802521,-0.09525670111179352,-0.5651062726974487,1.6199421882629395,0.0,0.0,0.0,0.0,0.0,0.0,0.0
40987180087,0,-0.004063260741531849,-0.00260611018165946,-0.8383543491363525,6.569455581484362e-05,-0.04113857448101044,-0.8442511558532715,0.002844726899638772,-0.05243488773703575,0.034677427262067795,0.008257951587438583,-0.07706531882286072,-0.005896806716918945,0.007452195044606924,0.029532916843891144,-0.37867677211761475,0.0,0.0,-0.5434362292289734,0.23970870673656464,0.330546110868454,-0.5259381532669067,-0.04929625242948532,-0.2236553281545639,-0.20075613260269165,0.061605699360370636,-1.0542118549346924,-47.735355377197266,-0.4290355145931244,-0.2695145606994629,0.23762246966362,-0.2513984441757202,0.14098313450813293,-0.2790358066558838,0.2414630651473999,4.914775371551514,17.646732330322266,7.084662437438965,18.132524490356445,-0.06439453363418579,0.0015332031762227416,0.03373046964406967,-0.05672851577401161,0.0,-0.1273484081029892,0.0068705580197274685,0.010964746586978436,-0.036834992468357086,0.0,-0.07476036995649338,-0.6351698637008667,-9.567623138427734,0.02045077458024025,-0.19097007811069489,-8.692508697509766,0.0,0.0,0.0,0.0,0.0,0.0,0.0,0.0,0.0,0.0,0.0,0.0,-0.0874251127243042,0.006647633388638496,0.015680039301514626,-0.04402778297662735,0.13695156574249268,0.3879043757915497,0.1821814924478531,0.3968639671802521,-0.09525670111179352,-0.5651062726974487,1.6199421882629395,0.0,0.0,0.0,0.0,0.0,0.0,0.0
40997412897,0,-0.004063260741531849,-0.00260611018165946,-0.8383543491363525,6.569455581484362e-05,-0.04113857448101044,-0.8442511558532715,0.002844726899638772,-0.05243488773703575,0.034677427262067795,0.008257951587438583,-0.07706531882286072,-0.005896806716918945,0.007452195044606924,0.029532916843891144,-0.37867677211761475,0.0,0.0,-0.5434362292289734,0.22934462130069733,0.31531915068626404,-0.511509120464325,-0.06455595791339874,-0.24469871819019318,-0.19533808529376984,0.11247926205396652,-1.05033540725708,-47.808799743652344,-0.43177515268325806,-0.275139182806015,0.22783659398555756,-0.25149354338645935,0.14328564703464508,-0.27458760142326355,0.2442355453968048,5.168379306793213,17.422067642211914,7.357908248901367,17.901002883911133,-0.06439453363418579,0.006132812704890966,0.03066406212747097,-0.05366211012005806,0.0,-0.11731621623039246,0.00790698267519474,0.007912621833384037,-0.038246266543865204,0.0,-0.07476036995649338,-0.6351698637008667,-9.567623138427734,0.02045077458024025,-0.19097007811069489,-8.692508697509766,0.0,0.0,0.0,0.0,0.0,0.0,0.0,0.0,0.0,0.0,0.0,0.0,-0.0982624962925911,0.006864521186798811,0.013878499157726765,-0.042048316448926926,0.14229726791381836,0.383747398853302,0.18779733777046204,0.3925990164279938,-0.541108250617981,-1.0291088819503784,1.6549696922302246,0.0,0.0,0.0,0.0,0.0,0.0,0.0
41006834903,0,-0.0043379152193665504,-0.0025074633304029703,-0.8379997611045837,6.569455581484362e-05,-0.04113857448101044,-0.8442511558532715,-0.001591266947798431,-0.05714542418718338,0.03857261687517166,0.010039014741778374,-0.07709251344203949,-0.007049381732940674,0.009046045131981373,0.03213927149772644,-0.3830692768096924,0.0,0.0,-0.39879781007766724,0.2210366129875183,0.29984644055366516,-0.3994564712047577,-0.06455595791339874,-0.24469871819019318,-0.19533808529376984,0.11247926205396652,-1.05033540725708,-47.808799743652344,-0.43177515268325806,-0.275139182806015,0.22783659398555756,-0.25149354338645935,0.14328564703464508,-0.27458760142326355,0.2442355453968048,5.168379306793213,17.422067642211914,7.357908248901367,17.901002883911133,-0.06592773646116257,0.0076660155318677425,0.029130859300494194,-0.05366211012005806,0.0,-0.11731621623039246,0.00790698267519474,0.007912621833384037,-0.038246266543865204,0.0,0.08599343150854111,-0.20366886258125305,-9.497462272644043,0.04880335181951523,-0.18430443108081818,-8.843955993652344,0.0,0.0,0.0,0.0,0.0,0.0,0.0,0.0,0.0,0.0,0.0,0.0,-0.10757117718458176,0.007115738932043314,0.01203241292387247,-0.04030810296535492,0.14229726791381836,0.383747398853302,0.18779733777046204,0.3925990164279938,-0.37021350860595703,-0.6353771090507507,4.947442531585693,0.0,0.0,0.0,0.0,0.0,0.0,0.0
41017383519,0,-0.004953787662088871,-0.0025925131049007177,-0.8372017741203308,6.569455581484362e-05,-0.04113857448101044,-0.8442511558532715,-0.008651608601212502,-0.051015280187129974,0.05437369644641876,0.010039014741778374,-0.07709251344203949,-0.007049381732940674,0.012975313700735569,0.0375928096473217,-0.3888765573501587,0.0,0.0,-0.39879781007766724,0.2293287068605423,0.292712926864624,-0.2999271750450134,-0.10251985490322113,-0.29905083775520325,-0.011610547080636024,0.29050779342651367,-1.141066074371338,-48.54813003540039,-0.4683218002319336,-0.3279338777065277,0.24134555459022522,-0.2512272298336029,0.14846745133399963,-0.26460960507392883,0.2512916922569275,2.0,21.102041244506836,4.289531707763672,21.662952423095703,-0.07359375059604645,0.006132812704890966,0.018398437649011612,-0.05366211012005806,0.0,-0.2909844219684601,0.011044875718653202,0.006444748491048813,-0.035977501422166824,0.0,0.13875167071819305,0.16985632479190826,-8.832059860229492,0.04880335181951523,-0.18430443108081818,-8.843955993652344,0.0,0.0,0.0,0.0,0.0,0.0,0.0,0.0,0.0,0.0,0.0,0.0,-0.1219591423869133,0.007530053146183491,0.010296556167304516,-0.03896711766719818,0.13361048698425293,0.39169931411743164,0.18504449725151062,0.3995872437953949,0.2518327236175537,-0.6668434143066406,7.135008811950684,0.0,0.0,0.0,0.0,0.0,0.0,0.0
41027377467,0,-0.004953787662088871,-0.0025925131049007177,-0.8372017741203308,6.569455581484362e-05,-0.04113857448101044,-0.8442511558532715,-0.008651608601212502,-0.051015280187129974,0.05437369644641876,0.010515841655433178,-0.076994888484478,-0.007550239562988281,0.012975313700735569,0.0375928096473217,-0.3888765573501587,0.0,0.0,-0.14443372189998627,0.2293287068605423,0.292712926864624,-0.2999271750450134,-0.10251985490322113,-0.29905083775520325,-0.011610547080636024,0.29050779342651367,-1.141066074371338,-48.54813003540039,-0.5344535112380981,-0.3487406373023987,0.36912181973457336,-0.25083720684051514,0.14846745133399963,-0.26460960507392883,0.2512916922569275,2.0,21.102041244506836,4.289531707763672,21.662952423095703,-0.08585937321186066,0.0076660155318677425,0.018398437649011612,-0.05059570446610451,0.0,-0.2907631993293762,0.01106497086584568,0.006543564144521952,-0.03595791384577751,0.0,0.13875167071819305,0.16985632479190826,-8.832059860229492,0.05281959846615791,-0.20746655762195587,-8.826932907104492,0.0,0.0,0.0,0.0,0.0,0.0,0.0,0.0,0.0,0.0,0.0,0.0,-0.1522032469511032,0.008238567970693111,0.008804352022707462,-0.03785970062017441,0.13361048698425293,0.39169931411743164,0.18504449725151062,0.3995872437953949,0.2518327236175537,-0.6668434143066406,7.135008811950684,0.0,0.0,0.0,0.0,0.0,0.0,0.0
41036794056,0,-0.005192199721932411,-0.0026413246523588896,-0.8367009162902832,6.569455581484362e-05,-0.04113857448101044,-0.8442511558532715,-0.00553596206009388,-0.03959076106548309,0.05289500579237938,0.010515841655433178,-0.076994888484478,-0.007550239562988281,0.015172583982348442,0.04016086459159851,-0.3898250460624695,0.0,0.0,-0.14443372189998627,0.24691063165664673,0.2976323664188385,-0.23470735549926758,-0.15107406675815582,-0.321539044380188,0.2951420247554779,0.3815913200378418,-1.079905390739441,-48.99683380126953,-0.5844975709915161,-0.38870811462402344,0.3205844461917877,-0.2502705156803131,0.15503723919391632,-0.25275641679763794,0.2630830705165863,2.7268073558807373,19.982654571533203,5.750676155090332,20.574892044067383,-0.09045898169279099,0.0076660155318677425,0.021464843302965164,-0.04599609225988388,0.0,-0.1914726197719574,0.012245121411979198,-0.004372009076178074,-0.038344964385032654,0.0,0.41988688707351685,-0.2017947882413864,-9.744449615478516,0.05281959846615791,-0.20746655762195587,-8.826932907104492,0.0,0.0,0.0,0.0,0.0,0.0,0.0,0.0,0.0,0.0,0.0,0.0,-0.1880754977464676,0.009162088856101036,0.007145177107304335,-0.03707514703273773,0.06407563388347626,0.4507913589477539,0.12370192259550095,0.4608214497566223,0.9290866255760193,-0.0931912437081337,6.583466529846191,0.0,0.0,0.0,0.0,0.0,0.0,0.0
41046985678,0,-0.005909409839659929,-0.0028502228669822216,-0.8348801136016846,6.569455581484362e-05,-0.04113857448101044,-0.8442511558532715,-0.01716349832713604,-0.03463450074195862,0.07030029594898224,0.011950268410146236,-0.0765770822763443,-0.009371042251586914,0.021944180130958557,0.04864770174026489,-0.3942010998725891,0.0,0.0,-0.03969556838274002,0.24973447620868683,0.30171966552734375,-0.19357387721538544,-0.20129700005054474,-0.37339410185813904,0.42553773522377014,0.3738625645637512,-1.0337427854537964,-49.01173782348633,-0.613027811050415,-0.4178463816642761,0.3903369903564453,-0.2495003491640091,0.1589406430721283,-0.24620111286640167,0.26978108286857605,2.0,21.737934112548828,4.104860305786133,22.317466735839844,-0.09045898169279099,0.006132812704890966,0.027597656473517418,-0.036796875298023224,0.0,-0.2550041377544403,0.010418269783258438,-0.009231414645910263,-0.03445783630013466,0.0,0.41988688707351685,-0.2017947882413864,-9.744449615478516,0.08362825214862823,-0.20722098648548126,-8.948265075683594,0.0,0.0,0.0,0.0,0.0,0.0,0.0,0.0,0.0,0.0,0.0,0.0,-0.2138560265302658,0.010046472772955894,0.004483322612941265,-0.0366341695189476,0.06407563388347626,0.4507913589477539,0.12370192259550095,0.4608214497566223,0.5985144972801208,0.11101728677749634,5.34293270111084,0.0,0.0,0.0,0.0,0.0,0.0,0.0
41056847599,0,-0.005909409839659929,-0.0028502228669822216,-0.8348801136016846,6.569455581484362e-05,-0.04113857448101044,-0.8442511558532715,-0.01716349832713604,-0.03463450074195862,0.07030029594898224,0.011950268410146236,-0.0765770822763443,-0.009371042251586914,0.021944180130958557,0.04864770174026489,-0.3942010998725891,0.0,0.0,-0.03969556838274002,0.25251504778862,0.2873497009277344,-0.048979874700307846,-0.20129700005054474,-0.37339410185813904,0.42553773522377014,0.3738625645637512,-1.0337427854537964,-49.01173782348633,-0.613027811050415,-0.4178463816642761,0.3903369903564453,-0.2495003491640091,0.1589406430721283,-0.24620111286640167,0.26978108286857605,2.0,21.737934112548828,4.104860305786133,22.317466735839844,-0.09965820610523224,0.0,0.024531250819563866,-0.04752929508686066,0.0,-0.2550041377544403,0.010418269783258438,-0.009231414645910263,-0.03445783630013466,0.0,0.676645040512085,-0.3340217173099518,-9.240875244140625,0.08362825214862823,-0.20722098648548126,-8.948265075683594,0.0,0.0,0.0,0.0,0.0,0.0,0.0,0.0,0.0,0.0,0.0,0.0,-0.2311973124742508,0.010634305886924267,0.0008676213910803199,-0.036195021122694016,0.04978346824645996,0.46215853095054626,0.11976928263902664,0.47246474027633667,0.24559645354747772,-0.7223998308181763,7.163143634796143,0.0,0.0,0.0,0.0,0.0,0.0,0.0
41067263747,0,-0.00647374102845788,-0.003084107069298625,-0.8335751295089722,6.569455581484362e-05,-0.04113857448101044,-0.8442511558532715,-0.014522138051688671,-0.03329816088080406,0.0721176490187645,0.013078936375677586,-0.07610931247472763,-0.010676026344299316,0.02675626426935196,0.05323440581560135,-0.39258840680122375,0.0,0.0,-0.0047828578390181065,0.25251504778862,0.2873497009277344,-0.048979874700307846,-0.24185329675674438,-0.4071296751499176,0.4237845540046692,0.5511536002159119,-1.1771571636199951,-48.99977493286133,-0.6568863391876221,-0.44665372371673584,0.24761474132537842,-0.24751272797584534,0.1669386923313141,-0.23319494724273682,0.2834286391735077,4.368519306182861,18.130924224853516,7.768426895141602,18.77457618713379,-0.11805664002895355,0.0,0.016865234822034836,-0.04752929508686066,0.0,-0.11248592287302017,0.018864721059799194,-0.0061415513046085835,-0.0468936488032341,0.0,-0.45799505710601807,0.7952834963798523,-9.202869415283203,0.08254481106996536,-0.21107572317123413,-8.959687232971191,0.0,0.0,0.0,0.0,0.0,0.0,0.0,0.0,0.0,0.0,0.0,0.0,-0.23754434287548065,0.01127319410443306,-0.0026316302828490734,-0.03623216971755028,0.12538133561611176,0.39683443307876587,0.19620175659656525,0.40864479541778564,0.24559645354747772,-0.7223998308181763,7.163143634796143,0.0,0.0,0.0,0.0,0.0,0.0,0.0
41077446367,0,-0.006776211317628622,-0.0031387084163725376,-0.832874596118927,6.569455581484362e-05,-0.04113857448101044,-0.8442511558532715,-0.023295624181628227,-0.01934114657342434,0.07799535989761353,0.013683880679309368,-0.07600010931491852,-0.011376559734344482,0.02938697300851345,0.05491596832871437,-0.3912621736526489,0.0,0.0,-0.0047828578390181065,0.25861185789108276,0.2579305171966553,0.03111526556313038,-0.26643648743629456,-0.41720882058143616,0.46405407786369324,0.4539964497089386,-1.1609164476394653,-49.27827835083008,-0.692924976348877,-0.4208950698375702,0.20200704038143158,-0.2464195340871811,0.17103451490402222,-0.2271263301372528,0.2909895181655884,5.575541973114014,16.958240509033203,8.987595558166504,17.800121307373047,-0.13952147960662842,0.004599609412252903,0.012265625409781933,-0.04599609225988388,0.0,-0.09300054609775543,0.01787489280104637,-0.001993118319660425,-0.04714101925492287,0.0,-0.45799505710601807,0.7952834963798523,-9.202869415283203,0.1113743856549263,-0.23042050004005432,-8.996112823486328,0.0,0.0,0.0,0.0,0.0,0.0,0.0,0.0,0.0,0.0,0.0,0.0,-0.2232649326324463,0.012552938424050808,-0.004951447248458862,-0.03765549883246422,0.15084654092788696,0.37513792514801025,0.22093677520751953,0.3907376527786255,0.38549795746803284,-1.7939788103103638,7.8434739112854,0.0,0.0,0.0,0.0,0.0,0.0,0.0
41087304699,0,-0.006776211317628622,-0.0031387084163725376,-0.832874596118927,6.569455581484362e-05,-0.04113857448101044,-0.8442511558532715,-0.023295624181628227,-0.01934114657342434,0.07799535989761353,0.013683880679309368,-0.07600010931491852,-0.011376559734344482,0.02938697300851345,0.05491596832871437,-0.3912621736526489,0.0,0.0,-0.0047828578390181065,0.23126576840877533,0.188995823264122,0.0996227040886879,-0.26643648743629456,-0.41720882058143616,0.46405407786369324,0.590381383895874,-1.2989141941070557,-49.453651428222656,-0.700993001461029,-0.3846164047718048,0.16529661417007446,-0.24363940954208374,0.18114984035491943,-0.2134663164615631,0.309714138507843,6.59741735458374,16.008085250854492,9.899144172668457,17.0015811920166,-0.15485352277755737,0.006132812704890966,0.009199218824505806,-0.04139648377895355,0.0,-0.07819045335054398,0.025186272338032722,-0.0014467231230810285,-0.054892607033252716,0.0,0.27042338252067566,-0.23106391727924347,-9.23988151550293,0.1113743856549263,-0.23042050004005432,-8.996112823486328,0.0,0.0,0.0,0.0,0.0,0.0,0.0,0.0,0.0,0.0,0.0,0.0,-0.19242051243782043,0.014547327533364296,-0.005712638143450022,-0.040452029556035995,0.17212407290935516,0.35738494992256165,0.23921646177768707,0.3759440779685974,-1.0212758779525757,-2.7864503860473633,4.104081630706787,0.0,0.0,0.0,0.0,0.0,0.0,0.0
41097891780,0,-0.007490713614970446,-0.0032834354788064957,-0.8313789963722229,6.569455581484362e-05,-0.04113857448101044,-0.8442511558532715,-0.028772780671715736,-0.030962830409407616,0.08261791616678238,0.015112891793251038,-0.07571066170930862,-0.012872159481048584,0.03327244520187378,0.05769924446940422,-0.3901197612285614,0.0,0.0,-0.0047828578390181065,0.23126576840877533,0.188995823264122,0.0996227040886879,-0.2987901568412781,-0.4369513988494873,0.46283888816833496,0.590381383895874,-1.2989141941070557,-49.453651428222656,-0.700993001461029,-0.3846164047718048,0.16529661417007446,-0.24363940954208374,0.18114984035491943,-0.2134663164615631,0.309714138507843,6.59741735458374,16.008085250854492,9.899144172668457,17.0015811920166,-0.16865234076976776,0.006132812704890966,0.009199218824505806,-0.036796875298023224,0.0,-0.07819045335054398,0.025186272338032722,-0.0014467231230810285,-0.054892607033252716,0.0,0.27042338252067566,-0.23106391727924347,-9.23988151550293,0.11629030853509903,-0.20439021289348602,-9.033330917358398,0.0,0.0,0.0,0.0,0.0,0.0,0.0,0.0,0.0,0.0,0.0,0.0,-0.1568554937839508,0.017154080793261528,-0.005325030069798231,-0.0441344790160656,0.17212407290935516,0.35738494992256165,0.23921646177768707,0.3759440779685974,-1.0212758779525757,-2.7864503860473633,4.104081630706787,0.0,0.0,0.0,0.0,0.0,0.0,0.0
41107053610,0,-0.007490713614970446,-0.0032834354788064957,-0.8313789963722229,6.569455581484362e-05,-0.04113857448101044,-0.8442511558532715,-0.028772780671715736,-0.030962830409407616,0.08261791616678238,0.015112891793251038,-0.07571066170930862,-0.012872159481048584,0.03327244520187378,0.05769924446940422,-0.3901197612285614,0.0,0.0,-0.0047828578390181065,0.20151787996292114,0.17067866027355194,0.10533435642719269,-0.2987901568412781,-0.4369513988494873,0.46283888816833496,0.590381383895874,-1.2989141941070557,-49.453651428222656,-0.700993001461029,-0.3846164047718048,0.16529661417007446,-0.24363940954208374,0.18546807765960693,-0.20772187411785126,0.31734994053840637,6.59741735458374,16.008085250854492,9.899144172668457,17.0015811920166,-0.16865234076976776,0.0076660155318677425,0.009199218824505806,-0.038330078125,0.0,-0.07819045335054398,0.025186272338032722,-0.0014467231230810285,-0.054892607033252716,0.0,0.17032885551452637,0.11630404740571976,-9.658943176269531,0.11629030853509903,-0.20439021289348602,-9.033330917358398,0.0,0.0,0.0,0.0,0.0,0.0,0.0,0.0,0.0,0.0,0.0,0.0,-0.12484832853078842,0.019918272271752357,-0.004418746568262577,-0.04793071746826172,0.17396612465381622,0.3594704270362854,0.23929886519908905,0.37668338418006897,-2.0885112285614014,-2.4996540546417236,2.646350860595703,0.0,0.0,0.0,0.0,0.0,0.0,0.0
41118038237,0,-0.008085791021585464,-0.0037912745028734207,-0.8297351002693176,6.569455581484362e-05,-0.04113857448101044,-0.8442511558532715,-0.03406795859336853,-0.026075759902596474,0.09139033406972885,0.016303053125739098,-0.07469497621059418,-0.014516055583953857,0.036087632179260254,0.05979198217391968,-0.38817688822746277,0.0,0.0,-0.0047828578390181065,0.13144543766975403,0.07552215456962585,0.13253362476825714,-0.32216617465019226,-0.4519401788711548,0.46063232421875,0.6901693344116211,-1.145438313484192,-49.77109909057617,-0.648870050907135,-0.35194477438926697,0.15792587399482727,-0.24082478880882263,0.18546807765960693,-0.20772187411785126,0.31734994053840637,7.029758930206299,15.929454803466797,10.025896072387695,16.86806869506836,-0.16865234076976776,0.0076660155318677425,0.0076660155318677425,-0.04139648377895355,0.0,-0.06017036736011505,0.024310773238539696,-0.010054541751742363,-0.05401889234781265,0.0,-0.29319876432418823,0.046011269092559814,-9.574385643005371,0.13285832107067108,-0.20814453065395355,-9.097738265991211,0.0,0.0,0.0,0.0,0.0,0.0,0.0,0.0,0.0,0.0,0.0,0.0,-0.09966586530208588,0.02220943756401539,-0.0038217001128941774,-0.0510421097278595,0.17396612465381622,0.3594704270362854,0.23929886519908905,0.37668338418006897,-2.977180004119873,-4.2083420753479,1.8108969926834106,0.0,0.0,0.0,0.0,0.0,0.0,0.0
41126890986,0,-0.008282346650958061,-0.004124502185732126,-0.8288846611976624,6.569455581484362e-05,-0.04113857448101044,-0.8442511558532715,-0.03843348100781441,-0.0283136535435915,0.09426779299974442,0.01669616624712944,-0.07402851432561874,-0.01536649465560913,0.036779675632715225,0.05948362872004509,-0.38650694489479065,0.0,0.0,-0.0047828578390181065,0.13144543766975403,0.07552215456962585,0.13253362476825714,-0.32731086015701294,-0.44918587803840637,0.45865291357040405,0.7307207584381104,-1.1447949409484863,-50.037559509277344,-0.6237741708755493,-0.2875547707080841,0.13178333640098572,-0.2392306923866272,0.19478969275951385,-0.19506984949111938,0.33392786979675293,7.920699596405029,15.276193618774414,10.602225303649902,16.344011306762695,-0.16711914539337158,0.009199218824505806,0.004599609412252903,-0.044462889432907104,0.0,-0.05133501812815666,0.02638801373541355,-0.010718338191509247,-0.056511200964450836,0.0,-0.29319876432418823,0.046011269092559814,-9.574385643005371,0.13983319699764252,-0.19982312619686127,-9.11983585357666,0.0,0.0,0.0,0.0,0.0,0.0,0.0,0.0,0.0,0.0,0.0,0.0,-0.08041653037071228,0.023860229179263115,-0.004311722237616777,-0.053276900202035904,0.1993095725774765,0.3436008393764496,0.25319451093673706,0.3636794686317444,-2.977180004119873,-4.2083420753479,1.8108969926834106,0.0,0.0,0.0,0.0,0.0,0.0,0.0
41136852530,0,-0.008282346650958061,-0.004124502185732126,-0.8288846611976624,6.569455581484362e-05,-0.04113857448101044,-0.8442511558532715,-0.03843348100781441,-0.0283136535435915,0.09426779299974442,0.01669616624712944,-0.07402851432561874,-0.01536649465560913,0.036779675632715225,0.05948362872004509,-0.38650694489479065,0.0,0.0,-0.0047828578390181065,0.06323551386594772,-0.010260445065796375,0.14891749620437622,-0.3361116051673889,-0.44408655166625977,0.454586923122406,0.7964991331100464,-1.1315068006515503,-49.81700897216797,-0.5660231113433838,-0.2071077525615692,0.10891607403755188,-0.23619866371154785,0.19478969275951385,-0.19506984949111938,0.33392786979675293,8.691167831420898,14.61530590057373,10.906885147094727,15.762446403503418,-0.16405273973941803,0.010732421651482582,0.003066406352445483,-0.04292968660593033,0.0,-0.04318147897720337,0.029077408835291862,-0.012679904699325562,-0.05956851691007614,0.0,0.005331810098141432,-0.006074671633541584,-10.046642303466797,0.13983319699764252,-0.19982312619686127,-9.11983585357666,0.0,0.0,0.0,0.0,0.0,0.0,0.0,0.0,0.0,0.0,0.0,0.0,-0.06561459600925446,0.025166792795062065,-0.005794784519821405,-0.05499887093901634,0.1993095725774765,0.3436008393764496,0.25319451093673706,0.3636794686317444,-3.3510003089904785,-4.163839817047119,0.8372102379798889,0.0,0.0,0.0,0.0,0.0,0.0,0.0
41147010984,0,-0.008703136816620827,-0.004860395099967718,-0.827190101146698,6.569455581484362e-05,-0.04113857448101044,-0.8442511558532715,-0.04447276145219803,-0.023723933845758438,0.09103196114301682,0.01753775030374527,-0.07255672663450241,-0.017061054706573486,0.03768664970993996,0.05889176204800606,-0.38331884145736694,0.0,0.0,-0.0047828578390181065,0.06323551386594772,-0.010260445065796375,0.14891749620437622,-0.3361116051673889,-0.44408655166625977,0.454586923122406,0.7964991331100464,-1.1315068006515503,-49.81700897216797,-0.5660231113433838,-0.2071077525615692,0.10891607403755188,-0.23619866371154785,0.20244160294532776,-0.1851535141468048,0.3483670949935913,8.691167831420898,14.61530590057373,10.906885147094727,15.762446403503418,-0.15485352277755737,0.010732421651482582,0.0,-0.044462889432907104,0.0,-0.04318147897720337,0.029077408835291862,-0.012679904699325562,-0.05956851691007614,0.0,0.2668949365615845,-0.4307700991630554,-10.045822143554688,0.15460175275802612,-0.2009868025779724,-9.09675407409668,0.0,0.0,0.0,0.0,0.0,0.0,0.0,0.0,0.0,0.0,0.0,0.0,-0.054571446031332016,0.026406925171613693,-0.007704174146056175,-0.05654793605208397,0.21495328843593597,0.3310709297657013,0.25921931862831116,0.3527694344520569,-3.3510003089904785,-4.163839817047119,0.8372102379798889,0.0,0.0,0.0,0.0,0.0,0.0,0.0
41162141925,0,-0.00927326176315546,-0.005488920491188765,-0.825514554977417,6.569455581484362e-05,-0.04113857448101044,-0.8442511558532715,-0.04943619668483734,-0.007754941005259752,0.08937415480613708,0.018678005784749985,-0.07129966467618942,-0.018736600875854492,0.037158746272325516,0.05784393474459648,-0.3810672163963318,0.0,0.0,-0.0047828578390181065,0.01704518310725689,-0.03945326805114746,0.1425277590751648,-0.32885944843292236,-0.43632087111473083,0.45213431119918823,0.9362515807151794,-1.1211745738983154,-50.142913818359375,-0.5171187520027161,-0.18567752838134766,0.11090144515037537,-0.23454318940639496,0.20601578056812286,-0.18029183149337769,0.3552914261817932,8.82313346862793,14.78043270111084,10.822243690490723,15.843053817749023,-0.13798828423023224,0.010732421651482582,0.0015332031762227416,-0.05059570446610451,0.0,-0.03631235286593437,0.03197148069739342,-0.017516491934657097,-0.06204478442668915,0.0,0.2668949365615845,-0.4307700991630554,-10.045822143554688,0.17668884992599487,-0.22399526834487915,-9.083209991455078,0.0,0.0,0.0,0.0,0.0,0.0,0.0,0.0,0.0,0.0,0.0,0.0,-0.04672164469957352,0.027643121778964996,-0.009784513153135777,-0.05798139423131943,0.21495328843593597,0.3310709297657013,0.25921931862831116,0.3527694344520569,-3.8513357639312744,-3.5229732990264893,0.16525524854660034,0.0,0.0,0.0,0.0,0.0,0.0,0.0
41167096188,0,-0.00927326176315546,-0.005488920491188765,-0.825514554977417,6.569455581484362e-05,-0.04113857448101044,-0.8442511558532715,-0.04943619668483734,-0.007754941005259752,0.08937415480613708,0.018678005784749985,-0.07129966467618942,-0.018736600875854492,0.037158746272325516,0.05784393474459648,-0.3810672163963318,0.0,0.0,-0.0047828578390181065,0.01704518310725689,-0.03945326805114746,0.1425277590751648,-0.32885944843292236,-0.43632087111473083,0.45213431119918823,0.9362515807151794,-1.1211745738983154,-50.142913818359375,-0.5171187520027161,-0.18567752838134766,0.11090144515037537,-0.23454318940639496,0.20601578056812286,-0.18029183149337769,0.3552914261817932,8.82313346862793,14.78043270111084,10.822243690490723,15.843053817749023,-0.11958984285593033,0.012265625409781933,0.0015332031762227416,-0.055195312947034836,0.0,-0.03631235286593437,0.03197148069739342,-0.017516491934657097,-0.06204478442668915,0.0,0.16072723269462585,-0.49327465891838074,-9.95455265045166,0.17668884992599487,-0.22399526834487915,-9.083209991455078,0.0,0.0,0.0,0.0,0.0,0.0,0.0,0.0,0.0,0.0,0.0,0.0,-0.0412571094930172,0.028916288167238235,-0.012011288665235043,-0.05932195857167244,0.21761947870254517,0.3342091739177704,0.25754743814468384,0.3542851209640503,-3.8513357639312744,-3.5229732990264893,0.16525524854660034,0.0,0.0,0.0,0.0,0.0,0.0,0.0
41178900665,0,-0.009904454462230206,-0.0062614004127681255,-0.8238541483879089,6.569455581484362e-05,-0.04113857448101044,-0.8442511558532715,-0.05456485599279404,-0.007932989858090878,0.09032516926527023,0.019940398633480072,-0.0697546973824501,-0.02039700746536255,0.034837402403354645,0.054720520973205566,-0.37884122133255005,0.0,0.0,-0.0047828578390181065,-0.07046149671077728,-0.11918516457080841,0.12687909603118896,-0.30845335125923157,-0.4130885601043701,0.4493560194969177,1.0334912538528442,-1.1807416677474976,-49.98735427856445,-0.4066039025783539,-0.0814993679523468,0.11150601506233215,-0.23141904175281525,0.20601578056812286,-0.18029183149337769,0.3552914261817932,9.082592964172363,14.757847785949707,10.429147720336914,15.796699523925781,-0.10272461175918579,0.013798828236758709,0.0,-0.05672851577401161,0.0,-0.03343317285180092,0.036009449511766434,-0.019128475338220596,-0.06552840769290924,0.0,0.16072723269462585,-0.49327465891838074,-9.95455265045166,0.18694299459457397,-0.21622702479362488,-9.103474617004395,0.0,0.0,0.0,0.0,0.0,0.0,0.0,0.0,0.0,0.0,0.0,0.0,-0.03752432391047478,0.030292492359876633,-0.01419666688889265,-0.060644399374723434,0.21761947870254517,0.3342091739177704,0.25754743814468384,0.3542851209640503,-4.265981674194336,-4.008971214294434,-0.4565446376800537,0.0,0.0,0.0,0.0,0.0,0.0,0.0
41191752538,0,-0.009904454462230206,-0.0062614004127681255,-0.8238541483879089,6.569455581484362e-05,-0.04113857448101044,-0.8442511558532715,-0.05456485599279404,-0.007932989858090878,0.09032516926527023,0.019940398633480072,-0.0697546973824501,-0.02039700746536255,0.034837402403354645,0.054720520973205566,-0.37884122133255005,0.0,0.0,-0.0047828578390181065,-0.135109543800354,-0.19126392900943756,0.1234114021062851,-0.30845335125923157,-0.4130885601043701,0.4493560194969177,1.0334912538528442,-1.1807416677474976,-49.98735427856445,-0.4066039025783539,-0.0814993679523468,0.11150601506233215,-0.23141904175281525,0.21127186715602875,-0.1723143458366394,0.3663361668586731,9.082592964172363,14.757847785949707,10.429147720336914,15.796699523925781,-0.09045898169279099,0.013798828236758709,-0.0015332031762227416,-0.05826171860098839,0.0,-0.03343317285180092,0.036009449511766434,-0.019128475338220596,-0.06552840769290924,0.0,-0.0545821413397789,-0.10758136957883835,-10.124530792236328,0.18694299459457397,-0.21622702479362488,-9.103474617004395,0.0,0.0,0.0,0.0,0.0,0.0,0.0,0.0,0.0,0.0,0.0,0.0,-0.0350663848221302,0.031837984919548035,-0.01610715128481388,-0.062035318464040756,0.22285033762454987,0.3337801992893219,0.24976325035095215,0.3534136414527893,-3.6044681072235107,-3.5336227416992188,-0.3033290505409241,0.0,0.0,0.0,0.0,0.0,0.0,0.0
41196958620,0,-0.01062809769064188,-0.007047711405903101,-0.8222256898880005,6.569455581484362e-05,-0.04113857448101044,-0.8442511558532715,-0.062197379767894745,0.009233850054442883,0.08577215671539307,0.02138769067823887,-0.0681820660829544,-0.022025465965270996,0.03264313563704491,0.050887249410152435,-0.376450777053833,0.0,0.0,-0.0047828578390181065,-0.135109543800354,-0.19126392900943756,0.1234114021062851,-0.28864264488220215,-0.38414591550827026,0.4463810920715332,1.1049773693084717,-1.3200663328170776,-49.829063415527344,-0.3324023485183716,0.008704885840415955,0.09804588556289673,-0.22824205458164215,0.21491391956806183,-0.16625064611434937,0.37545672059059143,9.611860275268555,14.379870414733887,10.495803833007812,15.461495399475098,-0.07819335907697678,0.015332031063735485,-0.006132812704890966,-0.05672851577401161,0.0,-0.03372875228524208,0.042383961379528046,-0.016392406076192856,-0.07155942171812057,0.0,-0.0545821413397789,-0.10758136957883835,-10.124530792236328,0.21420355141162872,-0.23839324712753296,-9.076493263244629,0.0,0.0,0.0,0.0,0.0,0.0,0.0,0.0,0.0,0.0,0.0,0.0,-0.03356980159878731,0.033661894500255585,-0.01747804880142212,-0.06364218145608902,0.23347488045692444,0.32658782601356506,0.25108546018600464,0.34709984064102173,-3.6044681072235107,-3.5336227416992188,-0.3033290505409241,0.0,0.0,0.0,0.0,0.0,0.0,0.0
41208222850,0,-0.011026812717318535,-0.007438241969794035,-0.8214268684387207,6.569455581484362e-05,-0.04113857448101044,-0.8442511558532715,-0.06317325681447983,0.008191156201064587,0.09082774072885513,0.022185126319527626,-0.06740099936723709,-0.02282428741455078,0.030757995322346687,0.04941963776946068,-0.3754195272922516,0.0,0.0,-0.0047828578390181065,-0.1663617342710495,-0.1964535266160965,0.12207469344139099,-0.2727760970592499,-0.3736804127693176,0.4450780749320984,1.1781195402145386,-1.3111628293991089,-49.920711517333984,-0.290072500705719,0.006765469908714294,0.09231983125209808,-0.22652430832386017,0.21491391956806183,-0.16625064611434937,0.37545672059059143,9.814432144165039,14.333620071411133,10.605388641357422,15.272623062133789,-0.06592773646116257,0.018398437649011612,-0.0076660155318677425,-0.055195312947034836,0.0,-0.02988492324948311,0.04423718899488449,-0.01878250762820244,-0.07381440699100494,0.0,-0.061042383313179016,-0.08726402372121811,-9.699063301086426,0.21645760536193848,-0.23394495248794556,-9.124553680419922,0.0,0.0,0.0,0.0,0.0,0.0,0.0,0.0,0.0,0.0,0.0,0.0,-0.032672133296728134,0.03595979884266853,-0.018188422545790672,-0.06571920961141586,0.23347488045692444,0.32658782601356506,0.25108546018600464,0.34709984064102173,-3.2592074871063232,-2.0624349117279053,-0.32976922392845154,0.0,0.0,0.0,0.0,0.0,0.0,0.0
41218106296,0,-0.011026812717318535,-0.007438241969794035,-0.8214268684387207,6.569455581484362e-05,-0.04113857448101044,-0.8442511558532715,-0.06317325681447983,0.008191156201064587,0.09082774072885513,0.022185126319527626,-0.06740099936723709,-0.02282428741455078,0.030757995322346687,0.04941963776946068,-0.3754195272922516,0.0,0.0,-0.0047828578390181065,-0.22415265440940857,-0.22461090981960297,0.09971076995134354,-0.22757859528064728,-0.33250463008880615,0.4440177083015442,1.2227258682250977,-1.3036737442016602,-50.09898376464844,-0.20283882319927216,0.05709070712327957,0.10196827352046967,-0.22307796776294708,0.2162501960992813,-0.16336800158023834,0.3797546923160553,9.787603378295898,14.681790351867676,10.203068733215332,15.493265151977539,-0.05672851577401161,0.021464843302965164,-0.009199218824505806,-0.05672851577401161,0.0,-0.027701381593942642,0.04433753341436386,-0.020961562171578407,-0.07336816936731339,0.0,0.2787780463695526,-0.2913477420806885,-10.022333145141602,0.21645760536193848,-0.23394495248794556,-9.124553680419922,0.0,0.0,0.0,0.0,0.0,0.0,0.0,0.0,0.0,0.0,0.0,0.0,-0.03179292380809784,0.038536474108695984,-0.018637681379914284,-0.06810988485813141,0.23752525448799133,0.3257059156894684,0.253257155418396,0.3435335159301758,-2.869410276412964,-1.810225009918213,-0.7172231674194336,0.0,0.0,0.0,0.0,0.0,0.0,0.0
41226971556,0,-0.011878922581672668,-0.008130543865263462,-0.8198509812355042,6.569455581484362e-05,-0.04113857448101044,-0.8442511558532715,-0.06677860021591187,0.016183339059352875,0.08091947436332703,0.02388935349881649,-0.06601639091968536,-0.024400174617767334,0.02667449414730072,0.04529756307601929,-0.3745310306549072,0.0,0.0,-0.0047828578390181065,-0.24550548195838928,-0.250851035118103,0.09769676625728607,-0.22757859528064728,-0.33250463008880615,0.4440177083015442,1.2227258682250977,-1.3036737442016602,-50.09898376464844,-0.20283882319927216,0.05709070712327957,0.10196827352046967,-0.22307796776294708,0.21772396564483643,-0.15782669186592102,0.3863963186740875,9.787603378295898,14.681790351867676,10.203068733215332,15.493265151977539,-0.04906250163912773,0.021464843302965164,-0.009199218824505806,-0.06132812425494194,0.0,-0.027701381593942642,0.04433753341436386,-0.020961562171578407,-0.07336816936731339,0.0,-0.06336573511362076,-0.33901628851890564,-10.33177661895752,0.22965314984321594,-0.24131596088409424,-9.060197830200195,0.0,0.0,0.0,0.0,0.0,0.0,0.0,0.0,0.0,0.0,0.0,0.0,-0.030706247314810753,0.040869537740945816,-0.019186927005648613,-0.07027652859687805,0.23698943853378296,0.3323349356651306,0.245271697640419,0.34769919514656067,-2.6707797050476074,-2.2564315795898438,-0.36021509766578674,0.0,0.0,0.0,0.0,0.0,0.0,0.0
41237462504,0,-0.012308432720601559,-0.008453575894236565,-0.8190973997116089,6.569455581484362e-05,-0.04113857448101044,-0.8442511558532715,-0.0705239549279213,0.015561370179057121,0.07962111383676529,0.02474837936460972,-0.06537032127380371,-0.025153756141662598,0.02422695979475975,0.0425482913851738,-0.3738400638103485,0.0,0.0,-0.0047828578390181065,-0.24550548195838928,-0.250851035118103,0.09769676625728607,-0.22757859528064728,-0.33250463008880615,0.4440177083015442,1.263092279434204,-1.327237844467163,-49.83108901977539,-0.16256697475910187,0.10620266944169998,0.09563320875167847,-0.2215876281261444,0.217857226729393,-0.15590901672840118,0.38849708437919617,9.787603378295898,14.681790351867676,10.203068733215332,15.493265151977539,-0.04292968660593033,0.021464843302965164,-0.012265625409781933,-0.06439453363418579,0.0,-0.026928650215268135,0.04598906636238098,-0.021385112777352333,-0.07472621649503708,0.0,-0.06336573511362076,-0.33901628851890564,-10.33177661895752,0.23674654960632324,-0.23528826236724854,-9.06109619140625,0.0,0.0,0.0,0.0,0.0,0.0,0.0,0.0,0.0,0.0,0.0,0.0,-0.029581677168607712,0.042733095586299896,-0.019804058596491814,-0.07197525352239609,0.23698943853378296,0.3323349356651306,0.245271697640419,0.34769919514656067,-2.6707797050476074,-2.2564315795898438,-0.36021509766578674,0.0,0.0,0.0,0.0,0.0,0.0,0.0
41248559978,0,-0.012308432720601559,-0.008453575894236565,-0.8190973997116089,6.569455581484362e-05,-0.04113857448101044,-0.8442511558532715,-0.0705239549279213,0.015561370179057121,0.07962111383676529,0.02474837936460972,-0.06537032127380371,-0.025153756141662598,0.02422695979475975,0.0425482913851738,-0.3738400638103485,0.0,0.0,-0.0047828578390181065,-0.26761266589164734,-0.27385759353637695,0.08996205776929855,-0.22757859528064728,-0.33250463008880615,0.4440177083015442,1.263092279434204,-1.327237844467163,-49.83108901977539,-0.16256697475910187,0.10620266944169998,0.09563320875167847,-0.2215876281261444,0.217857226729393,-0.15590901672840118,0.38849708437919617,9.787603378295898,14.681790351867676,10.203068733215332,15.493265151977539,-0.039863280951976776,0.021464843302965164,-0.015332031063735485,-0.06899414211511612,0.0,-0.026928650215268135,0.04598906636238098,-0.021385112777352333,-0.07472621649503708,0.0,0.21443629264831543,0.15877416729927063,-10.06145191192627,0.23674654960632324,-0.23528826236724854,-9.06109619140625,0.0,0.0,0.0,0.0,0.0,0.0,0.0,0.0,0.0,0.0,0.0,0.0,-0.028574688360095024,0.04417424649000168,-0.02037977986037731,-0.07325568050146103,0.24131284654140472,0.3278498351573944,0.24442176520824432,0.3436232805252075,-2.427976369857788,-2.1828880310058594,-0.5213916301727295,0.0,0.0,0.0,0.0,0.0,0.0,0.0
41258244222,0,-0.012308432720601559,-0.008453575894236565,-0.8190973997116089,6.569455581484362e-05,-0.04113857448101044,-0.8442511558532715,-0.0705239549279213,0.015561370179057121,0.07962111383676529,0.027243297547101974,-0.06274424493312836,-0.02719348669052124,0.02422695979475975,0.0425482913851738,-0.3738400638103485,0.0,0.0,-0.0047828578390181065,-0.28181663155555725,-0.290436714887619,0.0786796286702156,-0.22757859528064728,-0.33250463008880615,0.4440177083015442,1.3197709321975708,-1.23993718624115,-49.85953903198242,-0.06733870506286621,0.19791927933692932,0.10612957179546356,-0.21809233725070953,0.21712495386600494,-0.1525338739156723,0.39226216077804565,10.014442443847656,14.72999382019043,9.6253662109375,15.534639358520508,-0.03526367247104645,0.024531250819563866,-0.016865234822034836,-0.06899414211511612,0.0,-0.020854534581303596,0.04536089673638344,-0.027564244344830513,-0.07358276098966599,0.0,-2.1223836483841296e-06,0.48543745279312134,-10.296359062194824,0.24584728479385376,-0.22645267844200134,-9.033446311950684,0.0,0.0,0.0,0.0,0.0,0.0,0.0,0.0,0.0,0.0,0.0,0.0,-0.0274954903870821,0.04518892988562584,-0.02113349363207817,-0.07410400360822678,0.2415158748626709,0.33325105905532837,0.23374523222446442,0.34847939014434814,-1.963945746421814,-1.8724433183670044,-0.899259626865387,0.0,0.0,0.0,0.0,0.0,0.0,0.0
41272426384,0,-0.013555886223912239,-0.009766610339283943,-0.8170576691627502,6.569455581484362e-05,-0.04113857448101044,-0.8442511558532715,-0.07452340424060822,0.016572874039411545,0.07197732478380203,0.027243297547101974,-0.06274424493312836,-0.02719348669052124,0.016598129644989967,0.03449093550443649,-0.3719128668308258,0.0,0.0,-0.0047828578390181065,-0.2847476303577423,-0.3306646943092346,0.07577181607484818,-0.15166984498500824,-0.2637757360935211,0.44042205810546875,1.385162591934204,-1.232779622077942,-49.45119857788086,-0.03210239112377167,0.2863226532936096,0.09788012504577637,-0.21483305096626282,0.21712495386600494,-0.1525338739156723,0.39226216077804565,10.29677677154541,14.345174789428711,9.54516315460205,15.309617042541504,-0.03066406212747097,0.027597656473517418,-0.016865234822034836,-0.06746093928813934,0.0,-0.01744699291884899,0.04826270416378975,-0.030112966895103455,-0.07578286528587341,0.0,0.19746914505958557,0.10608549416065216,-10.064693450927734,0.24584728479385376,-0.22645267844200134,-9.033446311950684,0.0,0.0,0.0,0.0,0.0,0.0,0.0,0.0,0.0,0.0,0.0,0.0,-0.025862304493784904,0.04588254168629646,-0.02252335101366043,-0.07457927614450455,0.2415158748626709,0.33325105905532837,0.23374523222446442,0.34847939014434814,-0.5840234756469727,-2.123668670654297,-0.47742944955825806,0.0,0.0,0.0,0.0,0.0,0.0,0.0
41283281657,0,-0.014340968802571297,-0.010746961459517479,-0.8158995509147644,6.569455581484362e-05,-0.04113857448101044,-0.8442511558532715,-0.07681703567504883,0.016058078035712242,0.0645708441734314,0.028813470155000687,-0.06078353151679039,-0.02835160493850708,0.011452915146946907,0.028116963803768158,-0.37091103196144104,0.0,0.0,-0.0047828578390181065,-0.2847476303577423,-0.3306646943092346,0.07577181607484818,-0.10713956505060196,-0.21626465022563934,0.439103364944458,1.385162591934204,-1.232779622077942,-49.45119857788086,-0.03210239112377167,0.2863226532936096,0.09788012504577637,-0.21483305096626282,0.21555070579051971,-0.15068592131137848,0.3942258954048157,10.29677677154541,14.345174789428711,9.54516315460205,15.309617042541504,-0.027597656473517418,0.029130859300494194,-0.019931640475988388,-0.06592773646116257,0.0,-0.01744699291884899,0.04826270416378975,-0.030112966895103455,-0.07578286528587341,0.0,0.19746914505958557,0.10608549416065216,-10.064693450927734,0.2498464435338974,-0.21825319528579712,-9.001264572143555,0.0,0.0,0.0,0.0,0.0,0.0,0.0,0.0,0.0,0.0,0.0,0.0,-0.02366342768073082,0.04652900621294975,-0.024489816278219223,-0.07493361830711365,0.24713461101055145,0.325926274061203,0.23213933408260345,0.3442324101924896,-0.5840234756469727,-2.123668670654297,-0.47742944955825806,0.0,0.0,0.0,0.0,0.0,0.0,0.0
41287244039,0,-0.014712479896843433,-0.011191977187991142,-0.8153656125068665,6.569455581484362e-05,-0.04113857448101044,-0.8442511558532715,-0.07538904994726181,0.011846629902720451,0.06278574466705322,0.02955649606883526,-0.059893492609262466,-0.02888554334640503,0.008806783705949783,0.02443058416247368,-0.37008699774742126,0.0,0.0,-0.0047828578390181065,-0.28238487243652344,-0.3535051643848419,0.07795597612857819,-0.08399272710084915,-0.18859092891216278,0.43806707859039307,1.3741554021835327,-1.2003926038742065,-49.506954193115234,-0.014266803860664368,0.3401063084602356,0.0919874906539917,-0.21357744932174683,0.21555070579051971,-0.15068592131137848,0.3942258954048157,10.564566612243652,14.15871810913086,9.598981857299805,15.233495712280273,-0.026064453646540642,0.032197266817092896,-0.019931640475988388,-0.06746093928813934,0.0,-0.0161599051207304,0.04791044071316719,-0.03058965876698494,-0.07506240159273148,0.0,0.26309627294540405,-0.08203156292438507,-10.236056327819824,0.24421657621860504,-0.20898792147636414,-9.000689506530762,0.0,0.0,0.0,0.0,0.0,0.0,0.0,0.0,0.0,0.0,0.0,0.0,-0.021375514566898346,0.04715060815215111,-0.026516560465097427,-0.07523135840892792,0.24713461101055145,0.325926274061203,0.23213933408260345,0.3442324101924896,-0.21729730069637299,-2.473630905151367,-0.30513033270835876,0.0,0.0,0.0,0.0,0.0,0.0,0.0
41300274008,0,-0.014712479896843433,-0.011191977187991142,-0.8153656125068665,6.569455581484362e-05,-0.04113857448101044,-0.8442511558532715,-0.07538904994726181,0.011846629902720451,0.06278574466705322,0.02955649606883526,-0.059893492609262466,-0.02888554334640503,0.008806783705949783,0.02443058416247368,-0.37008699774742126,0.0,0.0,-0.0047828578390181065,-0.25802549719810486,-0.3846450746059418,0.09860596060752869,-0.08399272710084915,-0.18859092891216278,0.43806707859039307,1.341847538948059,-1.1022005081176758,-49.31382751464844,-0.005888700485229492,0.41598477959632874,0.0585176944732666,-0.21082009375095367,0.21259647607803345,-0.1513582170009613,0.3952976167201996,11.478087425231934,13.17354679107666,10.260244369506836,14.447552680969238,-0.024531250819563866,0.03526367247104645,-0.019931640475988388,-0.07206054776906967,0.0,-0.012582944706082344,0.048217494040727615,-0.03059665858745575,-0.07574291527271271,0.0,0.16715770959854126,0.15663902461528778,-10.228875160217285,0.24421657621860504,-0.20898792147636414,-9.000689506530762,0.0,0.0,0.0,0.0,0.0,0.0,0.0,0.0,0.0,0.0,0.0,0.0,-0.0191822350025177,0.04762694612145424,-0.02824326977133751,-0.07541124522686005,0.27046364545822144,0.30345404148101807,0.2464086264371872,0.32787758111953735,0.8754026293754578,-1.4951955080032349,0.9467436671257019,0.0,0.0,0.0,0.0,0.0,0.0,0.0
41314655322,0,-0.015419598668813705,-0.012067275121808052,-0.814409077167511,6.569455581484362e-05,-0.04113857448101044,-0.8442511558532715,-0.07618936151266098,0.005735754035413265,0.051904838532209396,0.0309707410633564,-0.05814288929104805,-0.029842078685760498,0.00410873768851161,0.017321225255727768,-0.36776620149612427,0.0,0.0,-0.0047828578390181065,-0.25802549719810486,-0.3846450746059418,0.09860596060752869,-0.04256369173526764,-0.13497045636177063,0.4352228343486786,1.341847538948059,-1.1022005081176758,-49.31382751464844,-0.005888700485229492,0.41598477959632874,0.0585176944732666,-0.21082009375095367,0.21259647607803345,-0.1513582170009613,0.3952976167201996,11.478087425231934,13.17354679107666,10.260244369506836,14.447552680969238,-0.024531250819563866,0.036796875298023224,-0.021464843302965164,-0.07512695342302322,0.0,-0.012582944706082344,0.048217494040727615,-0.03059665858745575,-0.07574291527271271,0.0,0.16715770959854126,0.15663902461528778,-10.228875160217285,0.2411768138408661,-0.19243548810482025,-8.94106674194336,0.0,0.0,0.0,0.0,0.0,0.0,0.0,0.0,0.0,0.0,0.0,0.0,-0.017050815746188164,0.04795602336525917,-0.029526425525546074,-0.07552953064441681,0.27046364545822144,0.30345404148101807,0.2464086264371872,0.32787758111953735,0.8754026293754578,-1.4951955080032349,0.9467436671257019,0.0,0.0,0.0,0.0,0.0,0.0,0.0
41317360371,0,-0.015419598668813705,-0.012067275121808052,-0.814409077167511,6.569455581484362e-05,-0.04113857448101044,-0.8442511558532715,-0.07618936151266098,0.005735754035413265,0.051904838532209396,0.0309707410633564,-0.05814288929104805,-0.029842078685760498,0.00410873768851161,0.017321225255727768,-0.36776620149612427,0.0,0.0,-0.0047828578390181065,-0.24375642836093903,-0.3935197591781616,0.10851115733385086,-0.04256369173526764,-0.13497045636177063,0.4352228343486786,1.341847538948059,-1.1022005081176758,-49.31382751464844,-0.005888700485229492,0.41598477959632874,0.0585176944732666,-0.21082009375095367,0.21259647607803345,-0.1513582170009613,0.3952976167201996,11.478087425231934,13.17354679107666,10.260244369506836,14.447552680969238,-0.02299804612994194,0.038330078125,-0.02299804612994194,-0.07819335907697678,0.0,-0.012582944706082344,0.048217494040727615,-0.03059665858745575,-0.07574291527271271,0.0,0.622039794921875,-0.23069868981838226,-10.126312255859375,0.2411768138408661,-0.19243548810482025,-8.94106674194336,0.0,0.0,0.0,0.0,0.0,0.0,0.0,0.0,0.0,0.0,0.0,0.0,-0.015178113244473934,0.04816611483693123,-0.030354982241988182,-0.07562708854675293,0.27046364545822144,0.30345404148101807,0.2464086264371872,0.32787758111953735,0.7835248112678528,-0.8670635223388672,0.6478092074394226,0.0,0.0,0.0,0.0,0.0,0.0,0.0
41327456265,0,-0.016205523163080215,-0.012938395142555237,-0.8135583400726318,6.569455581484362e-05,-0.04113857448101044,-0.8442511558532715,-0.07605333626270294,0.007266787812113762,0.04755612090229988,0.032542597502470016,-0.056400641798973083,-0.03069281578063965,1.4501022633339744e-05,0.01046966016292572,-0.36588045954704285,0.0,0.0,-0.0047828578390181065,-0.24375642836093903,-0.3935197591781616,0.10851115733385086,-4.776023706654087e-05,-0.06689096987247467,0.4304794371128082,1.3450158834457397,-1.0702756643295288,-49.06477737426758,0.019235610961914062,0.47249218821525574,0.04887990653514862,-0.20761698484420776,0.2105647176504135,-0.15331003069877625,0.39557668566703796,11.778400421142578,12.825943946838379,10.316251754760742,14.189656257629395,-0.019931640475988388,0.039863280951976776,-0.024531250819563866,-0.07819335907697678,0.0,-0.010913019068539143,0.04900344833731651,-0.03129611536860466,-0.07615755498409271,0.0,0.622039794921875,-0.23069868981838226,-10.126312255859375,0.24268367886543274,-0.19086457788944244,-8.932802200317383,0.0,0.0,0.0,0.0,0.0,0.0,0.0,0.0,0.0,0.0,0.0,0.0,-0.01370117999613285,0.048315178602933884,-0.030839338898658752,-0.0757155790925026,0.27634894847869873,0.29673635959625244,0.24752157926559448,0.32295817136764526,0.7835248112678528,-0.8670635223388672,0.6478092074394226,0.0,0.0,0.0,0.0,0.0,0.0,0.0
41336999013,0,-0.01702333614230156,-0.013761173002421856,-0.8127850890159607,6.569455581484362e-05,-0.04113857448101044,-0.8442511558532715,-0.07311396300792694,0.0005281386547721922,0.045304782688617706,0.0341782309114933,-0.0547550767660141,-0.03146606683731079,-0.004030340816825628,0.0027333672624081373,-0.36381837725639343,0.0,0.0,-0.0047828578390181065,-0.22891178727149963,-0.4065966308116913,0.1061767116189003,0.030399542301893234,-0.02397310920059681,0.43046456575393677,1.3196508884429932,-1.0128557682037354,-49.196590423583984,0.024210050702095032,0.5348368883132935,0.051369696855545044,-0.20593154430389404,0.2105647176504135,-0.15331003069877625,0.39557668566703796,11.849664688110352,12.83726978302002,10.186386108398438,14.375359535217285,-0.015332031063735485,0.039863280951976776,-0.024531250819563866,-0.07666015625,0.0,-0.009736311621963978,0.04682043194770813,-0.032628461718559265,-0.07300244271755219,0.0,0.1214669868350029,0.024059230461716652,-9.9056978225708,0.23320701718330383,-0.17604227364063263,-8.937249183654785,0.0,0.0,0.0,0.0,0.0,0.0,0.0,0.0,0.0,0.0,0.0,0.0,-0.012483068741858006,0.048378534615039825,-0.031191032379865646,-0.07567597925662994,0.27634894847869873,0.29673635959625244,0.24752157926559448,0.32295817136764526,1.0311338901519775,-1.0244859457015991,0.14019159972667694,0.0,0.0,0.0,0.0,0.0,0.0,0.0
41347082563,0,-0.01702333614230156,-0.013761173002421856,-0.8127850890159607,6.569455581484362e-05,-0.04113857448101044,-0.8442511558532715,-0.07311396300792694,0.0005281386547721922,0.045304782688617706,0.0341782309114933,-0.0547550767660141,-0.03146606683731079,-0.004030340816825628,0.0027333672624081373,-0.36381837725639343,0.0,0.0,-0.0047828578390181065,-0.1783723086118698,-0.4087679982185364,0.10875236988067627,0.030399542301893234,-0.02397310920059681,0.43046456575393677,1.3196508884429932,-1.0128557682037354,-49.196590423583984,0.024210050702095032,0.5348368883132935,0.051369696855545044,-0.20593154430389404,0.209467351436615,-0.15494103729724884,0.39551472663879395,11.849664688110352,12.83726978302002,10.186386108398438,14.375359535217285,-0.012265625409781933,0.038330078125,-0.027597656473517418,-0.07666015625,0.0,-0.009736311621963978,0.04682043194770813,-0.032628461718559265,-0.07300244271755219,0.0,0.17080047726631165,-0.08347069472074509,-10.223560333251953,0.23320701718330383,-0.17604227364063263,-8.937249183654785,0.0,0.0,0.0,0.0,0.0,0.0,0.0,0.0,0.0,0.0,0.0,0.0,-0.011431419290602207,0.04822288826107979,-0.031567782163619995,-0.07530871033668518,0.2777426838874817,0.2969556152820587,0.24493980407714844,0.32650184631347656,2.023430109024048,-0.1837395280599594,-0.03602362424135208,0.0,0.0,0.0,0.0,0.0,0.0,0.0
41358922705,0,-0.017813853919506073,-0.014495518058538437,-0.8121397495269775,6.569455581484362e-05,-0.04113857448101044,-0.8442511558532715,-0.06733474135398865,-0.005985991097986698,0.03613773360848427,0.035759273916482925,-0.05328638106584549,-0.032111406326293945,-0.006745171267539263,-0.004421100951731205,-0.3616454303264618,0.0,0.0,-0.0047828578390181065,-0.1783723086118698,-0.4087679982185364,0.10875236988067627,0.05599372088909149,0.03123430907726288,0.42788606882095337,1.237341284751892,-0.917554497718811,-49.025367736816406,0.006279841065406799,0.6008845567703247,0.04771566390991211,-0.20287883281707764,0.20785188674926758,-0.15904486179351807,0.3948736786842346,11.96755599975586,12.578012466430664,10.164210319519043,14.372655868530273,-0.010732421651482582,0.038330078125,-0.03066406212747097,-0.07819335907697678,0.0,-0.008979297243058681,0.043052710592746735,-0.03282518312335014,-0.06840472668409348,0.0,0.17080047726631165,-0.08347069472074509,-10.223560333251953,0.2188270539045334,-0.16430410742759705,-8.885730743408203,0.0,0.0,0.0,0.0,0.0,0.0,0.0,0.0,0.0,0.0,0.0,0.0,-0.010566489771008492,0.047713734209537506,-0.031957872211933136,-0.07449041306972504,0.28004634380340576,0.2919306755065918,0.2444986253976822,0.32645028829574585,2.023430109024048,-0.1837395280599594,-0.03602362424135208,0.0,0.0,0.0,0.0,0.0,0.0,0.0
41366976537,0,-0.017813853919506073,-0.014495518058538437,-0.8121397495269775,6.569455581484362e-05,-0.04113857448101044,-0.8442511558532715,-0.06733474135398865,-0.005985991097986698,0.03613773360848427,0.03654450178146362,-0.05261257663369179,-0.032386600971221924,-0.006745171267539263,-0.004421100951731205,-0.3616454303264618,0.0,0.0,-0.0047828578390181065,-0.14475584030151367,-0.39258530735969543,0.10977550595998764,0.05599372088909149,0.03123430907726288,0.42788606882095337,1.203548789024353,-0.9036725759506226,-48.87152099609375,-0.02322433888912201,0.603399395942688,0.044956937432289124,-0.20127663016319275,0.20732682943344116,-0.16154105961322784,0.3942200243473053,11.955096244812012,12.42391586303711,10.238615036010742,14.313594818115234,-0.012265625409781933,0.038330078125,-0.03066406212747097,-0.07819335907697678,0.0,-0.009431825019419193,0.04236939176917076,-0.03172848001122475,-0.06738518178462982,0.0,0.010936406441032887,0.10127084702253342,-10.23232364654541,0.21848902106285095,-0.16389375925064087,-8.864246368408203,0.0,0.0,0.0,0.0,0.0,0.0,0.0,0.0,0.0,0.0,0.0,0.0,-0.009904025122523308,0.046745531260967255,-0.03225009888410568,-0.0731300562620163,0.2798030972480774,0.2889377176761627,0.24597856402397156,0.32532382011413574,2.5470895767211914,0.665648341178894,-0.01688770391047001,0.0,0.0,0.0,0.0,0.0,0.0,0.0
41376910838,0,-0.018206465989351273,-0.014832417480647564,-0.8118645548820496,6.569455581484362e-05,-0.04113857448101044,-0.8442511558532715,-0.06662802398204803,-0.0055845389142632484,0.03202734887599945,0.03654450178146362,-0.05261257663369179,-0.032386600971221924,-0.007632292807102203,-0.007597196381539106,-0.36068522930145264,0.0,0.0,-0.0047828578390181065,-0.09880488365888596,-0.3821067214012146,0.08972854912281036,0.06481754034757614,0.05592949688434601,0.4267507791519165,1.203548789024353,-0.9036725759506226,-48.87152099609375,-0.02322433888912201,0.603399395942688,0.044956937432289124,-0.20127663016319275,0.20732682943344116,-0.16154105961322784,0.3942200243473053,11.955096244812012,12.42391586303711,10.238615036010742,14.313594818115234,-0.010732421651482582,0.039863280951976776,-0.03066406212747097,-0.07666015625,0.0,-0.009431825019419193,0.04236939176917076,-0.03172848001122475,-0.06738518178462982,0.0,0.3061218857765198,-0.2681753635406494,-10.055517196655273,0.21848902106285095,-0.16389375925064087,-8.864246368408203,0.0,0.0,0.0,0.0,0.0,0.0,0.0,0.0,0.0,0.0,0.0,0.0,-0.009470207616686821,0.045493364334106445,-0.032348159700632095,-0.0714479610323906,0.2798030972480774,0.2889377176761627,0.24597856402397156,0.32532382011413574,2.332850933074951,0.41017308831214905,-0.7006868720054626,0.0,0.0,0.0,0.0,0.0,0.0,0.0
41387506592,0,-0.018997615203261375,-0.015423780307173729,-0.8113828897476196,6.569455581484362e-05,-0.04113857448101044,-0.8442511558532715,-0.06208763271570206,-0.0105934739112854,0.0246993787586689,0.038126807659864426,-0.05142984539270401,-0.032868266105651855,-0.008973972871899605,-0.014524359256029129,-0.3591659665107727,0.0,0.0,-0.0047828578390181065,-0.09880488365888596,-0.3821067214012146,0.08972854912281036,0.06481754034757614,0.05592949688434601,0.4267507791519165,1.1727913618087769,-0.9026766419410706,-48.633445739746094,-0.05215466022491455,0.6547212600708008,0.06475883722305298,-0.19836339354515076,0.20732682943344116,-0.16154105961322784,0.3942200243473053,11.430717468261719,12.738203048706055,9.652993202209473,14.869830131530762,-0.009199218824505806,0.04292968660593033,-0.03066406212747097,-0.07666015625,0.0,-0.01050806138664484,0.04069015383720398,-0.03223521262407303,-0.06389094889163971,0.0,0.3061218857765198,-0.2681753635406494,-10.055517196655273,0.20805951952934265,-0.1546676903963089,-8.828022003173828,0.0,0.0,0.0,0.0,0.0,0.0,0.0,0.0,0.0,0.0,0.0,0.0,-0.009299417026340961,0.0442236103117466,-0.03230541571974754,-0.06970979273319244,0.2798030972480774,0.2889377176761627,0.24597856402397156,0.32532382011413574,2.332850933074951,0.41017308831214905,-0.7006868720054626,0.0,0.0,0.0,0.0,0.0,0.0,0.0
41397215733,0,-0.018997615203261375,-0.015423780307173729,-0.8113828897476196,6.569455581484362e-05,-0.04113857448101044,-0.8442511558532715,-0.06208763271570206,-0.0105934739112854,0.0246993787586689,0.038126807659864426,-0.05142984539270401,-0.032868266105651855,-0.008973972871899605,-0.014524359256029129,-0.3591659665107727,0.0,0.0,-0.0047828578390181065,-0.0727127194404602,-0.3734830617904663,0.09013114869594574,0.07933681458234787,0.1101260781288147,0.42496633529663086,1.142939567565918,-0.8066720366477966,-48.40768051147461,-0.055617138743400574,0.7048133015632629,0.05591264367103577,-0.19527308642864227,0.20696784555912018,-0.16659019887447357,0.39203977584838867,11.6666841506958,12.378581047058105,9.747523307800293,14.6753511428833,-0.009199218824505806,0.04292968660593033,-0.03066406212747097,-0.07512695342302322,0.0,-0.008002771064639091,0.03854695335030556,-0.03397843986749649,-0.06147130951285362,0.0,0.36178281903266907,0.300545871257782,-10.19575309753418,0.20805951952934265,-0.1546676903963089,-8.828022003173828,0.0,0.0,0.0,0.0,0.0,0.0,0.0,0.0,0.0,0.0,0.0,0.0,-0.009273224510252476,0.04292571172118187,-0.03232847899198532,-0.06783077120780945,0.26953375339508057,0.295037180185318,0.23429815471172333,0.33590593934059143,1.6126246452331543,0.4735250473022461,0.02146317809820175,0.0,0.0,0.0,0.0,0.0,0.0,0.0
41406944598,0,-0.019589491188526154,-0.015981199219822884,-0.811020016670227,6.569455581484362e-05,-0.04113857448101044,-0.8442511558532715,-0.056288473308086395,-0.015424798242747784,0.01894119754433632,0.03931056708097458,-0.0503150038421154,-0.033231139183044434,-0.010437941178679466,-0.021265050396323204,-0.3570958375930786,0.0,0.0,-0.0047828578390181065,-0.0727127194404602,-0.3734830617904663,0.09013114869594574,0.09300126135349274,0.17632223665714264,0.4217367172241211,1.142939567565918,-0.8066720366477966,-48.40768051147461,-0.055617138743400574,0.7048133015632629,0.05591264367103577,-0.19527308642864227,0.2068709284067154,-0.17327189445495605,0.3884442150592804,11.6666841506958,12.378581047058105,9.747523307800293,14.6753511428833,-0.010732421651482582,0.04139648377895355,-0.032197266817092896,-0.07512695342302322,0.0,-0.008002771064639091,0.03854695335030556,-0.03397843986749649,-0.06147130951285362,0.0,0.36178281903266907,0.300545871257782,-10.19575309753418,0.19485829770565033,-0.14712511003017426,-8.802750587463379,0.0,0.0,0.0,0.0,0.0,0.0,0.0,0.0,0.0,0.0,0.0,0.0,-0.009141482412815094,0.041578259319067,-0.032563865184783936,-0.06584475934505463,0.2741617262363434,0.28805622458457947,0.2361883819103241,0.33221256732940674,1.6126246452331543,0.4735250473022461,0.02146317809820175,0.0,0.0,0.0,0.0,0.0,0.0,0.0
41417553465,0,-0.019818563014268875,-0.016193628311157227,-0.8108753561973572,6.569455581484362e-05,-0.04113857448101044,-0.8442511558532715,-0.05057500675320625,-0.018182894214987755,0.0163467675447464,0.03976871073246002,-0.04989014193415642,-0.03337579965591431,-0.010828197933733463,-0.024447638541460037,-0.3559764325618744,0.0,0.0,-0.0047828578390181065,-0.053245238959789276,-0.3601200580596924,0.09543576836585999,0.09665213525295258,0.1995611935853958,0.42074570059776306,1.0717206001281738,-0.8091881275177002,-48.41512680053711,-0.07301485538482666,0.715297281742096,0.04865790903568268,-0.19396565854549408,0.2068709284067154,-0.17327189445495605,0.3884442150592804,11.838916778564453,12.156573295593262,9.941315650939941,14.536446571350098,-0.010732421651482582,0.039863280951976776,-0.03373046964406967,-0.07359375059604645,0.0,-0.009968397207558155,0.03736867755651474,-0.030549149960279465,-0.06028740108013153,0.0,0.1957446038722992,0.146829292178154,-10.200715065002441,0.18265143036842346,-0.14505405724048615,-8.790510177612305,0.0,0.0,0.0,0.0,0.0,0.0,0.0,0.0,0.0,0.0,0.0,0.0,-0.008957245387136936,0.0403018556535244,-0.03278246149420738,-0.06400638073682785,0.2741617262363434,0.28805622458457947,0.2361883819103241,0.33221256732940674,1.8824676275253296,0.9064236879348755,0.280921995639801,0.0,0.0,0.0,0.0,0.0,0.0,0.0
41427203596,0,-0.019818563014268875,-0.016193628311157227,-0.8108753561973572,6.569455581484362e-05,-0.04113857448101044,-0.8442511558532715,-0.05057500675320625,-0.018182894214987755,0.0163467675447464,0.03976871073246002,-0.04989014193415642,-0.03337579965591431,-0.010828197933733463,-0.024447638541460037,-0.3559764325618744,0.0,0.0,-0.0047828578390181065,0.008929425850510597,-0.3053935170173645,0.09830642491579056,0.09665213525295258,0.1995611935853958,0.42074570059776306,0.9147685766220093,-0.7960307598114014,-48.268245697021484,-0.14958110451698303,0.7177727222442627,0.04563567042350769,-0.1909743994474411,0.20787589251995087,-0.1838572919368744,0.3827196955680847,11.76314926147461,11.924847602844238,10.094841957092285,14.543519020080566,-0.009199218824505806,0.039863280951976776,-0.03373046964406967,-0.0705273449420929,0.0,-0.014078391715884209,0.0333213172852993,-0.02472415752708912,-0.055891767144203186,0.0,0.3547121584415436,-0.10023769736289978,-9.926163673400879,0.18265143036842346,-0.14505405724048615,-8.790510177612305,0.0,0.0,0.0,0.0,0.0,0.0,0.0,0.0,0.0,0.0,0.0,0.0,-0.009152144193649292,0.0390004962682724,-0.032367341220378876,-0.06226782873272896,0.27753254771232605,0.28373396396636963,0.24005794525146484,0.32957035303115845,2.7138679027557373,2.1635794639587402,0.23186685144901276,0.0,0.0,0.0,0.0,0.0,0.0,0.0
41438688880,0,-0.020456960424780846,-0.016658026725053787,-0.8105921149253845,6.569455581484362e-05,-0.04113857448101044,-0.8442511558532715,-0.03511013090610504,-0.02360101044178009,0.01146865263581276,0.04104551300406456,-0.048961341381073,-0.03365904092788696,-0.009652521461248398,-0.03221776336431503,-0.3532138764858246,0.0,0.0,-0.0047828578390181065,0.008929425850510597,-0.3053935170173645,0.09830642491579056,0.09436289966106415,0.2501577138900757,0.41790592670440674,0.9147685766220093,-0.7960307598114014,-48.268245697021484,-0.14958110451698303,0.7177727222442627,0.04563567042350769,-0.1909743994474411,0.20787589251995087,-0.1838572919368744,0.3827196955680847,11.76314926147461,11.924847602844238,10.094841957092285,14.543519020080566,-0.009199218824505806,0.039863280951976776,-0.03373046964406967,-0.06899414211511612,0.0,-0.014078391715884209,0.0333213172852993,-0.02472415752708912,-0.055891767144203186,0.0,0.3547121584415436,-0.10023769736289978,-9.926163673400879,0.1513715535402298,-0.14368751645088196,-8.771834373474121,0.0,0.0,0.0,0.0,0.0,0.0,0.0,0.0,0.0,0.0,0.0,0.0,-0.009967423044145107,0.03749921917915344,-0.031021522358059883,-0.060439009219408035,0.2760503888130188,0.27921217679977417,0.24311776459217072,0.32970497012138367,2.7138679027557373,2.1635794639587402,0.23186685144901276,0.0,0.0,0.0,0.0,0.0,0.0,0.0
41447823104,0,-0.020456960424780846,-0.016658026725053787,-0.8105921149253845,6.569455581484362e-05,-0.04113857448101044,-0.8442511558532715,-0.03511013090610504,-0.02360101044178009,0.01146865263581276,0.04104551300406456,-0.048961341381073,-0.03365904092788696,-0.009652521461248398,-0.03221776336431503,-0.3532138764858246,0.0,0.0,-0.0047828578390181065,0.05263341963291168,-0.2609396278858185,0.10279059410095215,0.09436289966106415,0.2501577138900757,0.41790592670440674,0.7669576406478882,-0.7993293404579163,-48.215240478515625,-0.19663667678833008,0.7150329351425171,0.04036113619804382,-0.18826550245285034,0.20988331735134125,-0.19077640771865845,0.37841713428497314,11.806208610534668,11.708403587341309,10.289754867553711,14.46553897857666,-0.009199218824505806,0.039863280951976776,-0.032197266817092896,-0.06592773646116257,0.0,-0.018303386867046356,0.029823141172528267,-0.01877621002495289,-0.05245227366685867,0.0,0.23556478321552277,-0.2708425521850586,-9.925369262695312,0.1513715535402298,-0.14368751645088196,-8.771834373474121,0.0,0.0,0.0,0.0,0.0,0.0,0.0,0.0,0.0,0.0,0.0,0.0,-0.01132187806069851,0.03582855686545372,-0.02892320789396763,-0.05854181572794914,0.2768927812576294,0.27497875690460205,0.24699510633945465,0.3282203674316406,2.265380382537842,2.3235981464385986,0.42032235860824585,0.0,0.0,0.0,0.0,0.0,0.0,0.0
41457408730,0,-0.02074604108929634,-0.016955003142356873,-0.810513973236084,6.569455581484362e-05,-0.04113857448101044,-0.8442511558532715,-0.025362638756632805,-0.028522752225399017,0.008016680367290974,0.04162367805838585,-0.04836738482117653,-0.0337371826171875,-0.008615944534540176,-0.03673119843006134,-0.3514188230037689,0.0,0.0,-0.0047828578390181065,0.05263341963291168,-0.2609396278858185,0.10279059410095215,0.08853385597467422,0.28655290603637695,0.41574525833129883,0.7669576406478882,-0.7993293404579163,-48.215240478515625,-0.19663667678833008,0.7150329351425171,0.04036113619804382,-0.18826550245285034,0.20988331735134125,-0.19077640771865845,0.37841713428497314,11.806208610534668,11.708403587341309,10.289754867553711,14.46553897857666,-0.009199218824505806,0.04292968660593033,-0.032197266817092896,-0.06592773646116257,0.0,-0.018303386867046356,0.029823141172528267,-0.01877621002495289,-0.05245227366685867,0.0,0.23556478321552277,-0.2708425521850586,-9.925369262695312,0.13032203912734985,-0.14008228480815887,-8.753826141357422,0.0,0.0,0.0,0.0,0.0,0.0,0.0,0.0,0.0,0.0,0.0,0.0,-0.013081385754048824,0.03406011685729027,-0.02629322186112404,-0.056643735617399216,0.2768927812576294,0.27497875690460205,0.24699510633945465,0.3282203674316406,2.265380382537842,2.3235981464385986,0.42032235860824585,0.0,0.0,0.0,0.0,0.0,0.0,0.0
41466931482,0,-0.02092357911169529,-0.017079217359423637,-0.8104938268661499,6.569455581484362e-05,-0.04113857448101044,-0.8442511558532715,-0.020292099565267563,-0.03434455767273903,0.004925611428916454,0.041978754103183746,-0.048118956387043,-0.03375732898712158,-0.008190315216779709,-0.03831293061375618,-0.35064584016799927,0.0,0.0,-0.0047828578390181065,0.06388650834560394,-0.23215870559215546,0.10799522697925568,0.08853385597467422,0.28655290603637695,0.41574525833129883,0.7669576406478882,-0.7993293404579163,-48.215240478515625,-0.19663667678833008,0.7150329351425171,0.04036113619804382,-0.18826550245285034,0.20988331735134125,-0.19077640771865845,0.37841713428497314,11.806208610534668,11.708403587341309,10.289754867553711,14.46553897857666,-0.009199218824505806,0.04292968660593033,-0.032197266817092896,-0.06746093928813934,0.0,-0.018303386867046356,0.029823141172528267,-0.01877621002495289,-0.05245227366685867,0.0,0.23556478321552277,-0.2708425521850586,-9.925369262695312,0.11746115982532501,-0.13211052119731903,-8.732939720153809,0.0,0.0,0.0,0.0,0.0,0.0,0.0,0.0,0.0,0.0,0.0,0.0,-0.014910331927239895,0.03240853548049927,-0.023612668737769127,-0.05493679642677307,0.2768927812576294,0.27497875690460205,0.24699510633945465,0.3282203674316406,1.8576983213424683,2.7230372428894043,0.6165584921836853,0.0,0.0,0.0,0.0,0.0,0.0,0.0
41478642108,0,-0.02092357911169529,-0.017079217359423637,-0.8104938268661499,6.569455581484362e-05,-0.04113857448101044,-0.8442511558532715,-0.020292099565267563,-0.03434455767273903,0.004925611428916454,0.041978754103183746,-0.048118956387043,-0.03375732898712158,-0.008190315216779709,-0.03831293061375618,-0.35064584016799927,0.0,0.0,-0.0047828578390181065,0.08650588244199753,-0.15982258319854736,0.11399096250534058,0.0859820544719696,0.29934296011924744,0.4148128628730774,0.5808538794517517,-0.7150298953056335,-47.895118713378906,-0.23678717017173767,0.6470106244087219,0.032971546053886414,-0.1842442899942398,0.21100309491157532,-0.1939263641834259,0.37634962797164917,11.746976852416992,11.483471870422363,10.557658195495605,14.152312278747559,-0.010732421651482582,0.039863280951976776,-0.032197266817092896,-0.06592773646116257,0.0,-0.021088173612952232,0.022460123524069786,-0.014475979842245579,-0.04654132202267647,0.0,0.2881181240081787,0.33234506845474243,-10.2760591506958,0.11746115982532501,-0.13211052119731903,-8.732939720153809,0.0,0.0,0.0,0.0,0.0,0.0,0.0,0.0,0.0,0.0,0.0,0.0,-0.01656440645456314,0.03077952191233635,-0.021203503012657166,-0.05336615443229675,0.2785377502441406,0.27200111746788025,0.2503301501274109,0.3249397277832031,1.3705520629882812,3.2054603099823,0.36856016516685486,0.0,0.0,0.0,0.0,0.0,0.0,0.0
41487754637,0,-0.0212824996560812,-0.017245156690478325,-0.8105176687240601,6.569455581484362e-05,-0.04113857448101044,-0.8442511558532715,-0.01022251509130001,-0.03751123324036598,-0.0020544687286019325,0.042696598917245865,-0.047787073999643326,-0.033733487129211426,-0.006949642673134804,-0.04064137861132622,-0.34881678223609924,0.0,0.0,-0.0047828578390181065,0.08650588244199753,-0.15982258319854736,0.11399096250534058,0.07730624079704285,0.31851616501808167,0.4125964641571045,0.5808538794517517,-0.7150298953056335,-47.895118713378906,-0.23678717017173767,0.6470106244087219,0.032971546053886414,-0.1842442899942398,0.21388201415538788,-0.2007264792919159,0.37154126167297363,11.746976852416992,11.483471870422363,10.557658195495605,14.152312278747559,-0.009199218824505806,0.03526367247104645,-0.03066406212747097,-0.06592773646116257,0.0,-0.021088173612952232,0.022460123524069786,-0.014475979842245579,-0.04654132202267647,0.0,0.2881181240081787,0.33234506845474243,-10.2760591506958,0.0980139672756195,-0.13234466314315796,-8.686809539794922,0.0,0.0,0.0,0.0,0.0,0.0,0.0,0.0,0.0,0.0,0.0,0.0,-0.018084190785884857,0.028782866895198822,-0.01897561177611351,-0.051607005298137665,0.2757338285446167,0.270569384098053,0.25231146812438965,0.3222448527812958,1.3705520629882812,3.2054603099823,0.36856016516685486,0.0,0.0,0.0,0.0,0.0,0.0,0.0
41497522461,0,-0.0212824996560812,-0.017245156690478325,-0.8105176687240601,6.569455581484362e-05,-0.04113857448101044,-0.8442511558532715,-0.01022251509130001,-0.03751123324036598,-0.0020544687286019325,0.042696598917245865,-0.047787073999643326,-0.033733487129211426,-0.006949642673134804,-0.04064137861132622,-0.34881678223609924,0.0,0.0,-0.0047828578390181065,0.1055978462100029,-0.1284230351448059,0.11314598470926285,0.05990760400891304,0.33220747113227844,0.40948328375816345,0.5390768051147461,-0.7278956174850464,-47.77745056152344,-0.26786085963249207,0.6282399892807007,0.037002742290496826,-0.18288974463939667,0.2155972272157669,-0.2038816213607788,0.3690837323665619,11.53952407836914,11.538623809814453,10.50521183013916,14.242077827453613,-0.010732421651482582,0.032197266817092896,-0.027597656473517418,-0.06286133080720901,0.0,-0.023014307022094727,0.02159430831670761,-0.012568917125463486,-0.04542582109570503,0.0,0.44984912872314453,0.2908266484737396,-10.203438758850098,0.0980139672756195,-0.13234466314315796,-8.686809539794922,0.0,0.0,0.0,0.0,0.0,0.0,0.0,0.0,0.0,0.0,0.0,0.0,-0.019474809989333153,0.02659422904253006,-0.016961626708507538,-0.04975561425089836,0.27166903018951416,0.2716514766216278,0.2512718439102173,0.3239591419696808,1.5673993825912476,3.100827693939209,0.04755435883998871,0.0,0.0,0.0,0.0,0.0,0.0,0.0
41507767576,0,-0.021476421505212784,-0.017267324030399323,-0.8105683922767639,6.569455581484362e-05,-0.04113857448101044,-0.8442511558532715,-0.007160748355090618,-0.03658907487988472,-0.004966973792761564,0.04308444634079933,-0.04774273931980133,-0.03368276357650757,-0.005843380931764841,-0.0416262187063694,-0.34781935811042786,0.0,0.0,-0.0047828578390181065,0.13864253461360931,-0.059173833578825,0.11492206901311874,0.05990760400891304,0.33220747113227844,0.40948328375816345,0.5390768051147461,-0.7278956174850464,-47.77745056152344,-0.26786085963249207,0.6282399892807007,0.037002742290496826,-0.18288974463939667,0.2155972272157669,-0.2038816213607788,0.3690837323665619,11.53952407836914,11.538623809814453,10.50521183013916,14.242077827453613,-0.010732421651482582,0.03066406212747097,-0.026064453646540642,-0.05826171860098839,0.0,-0.023014307022094727,0.02159430831670761,-0.012568917125463486,-0.04542582109570503,0.0,-0.018995748832821846,-0.3430071175098419,-9.935917854309082,0.09383012354373932,-0.13602779805660248,-8.669257164001465,0.0,0.0,0.0,0.0,0.0,0.0,0.0,0.0,0.0,0.0,0.0,0.0,-0.0207230094820261,0.02463514730334282,-0.015248524025082588,-0.048097576946020126,0.27166903018951416,0.2716514766216278,0.2512718439102173,0.3239591419696808,1.4659984111785889,3.4233386516571045,0.026895569637417793,0.0,0.0,0.0,0.0,0.0,0.0,0.0
41516818123,0,-0.02197042852640152,-0.017211388796567917,-0.8107959628105164,6.569455581484362e-05,-0.04113857448101044,-0.8442511558532715,-0.0007320879958570004,-0.03598008304834366,-0.00655751908197999,0.0440724641084671,-0.04785460978746414,-0.03345519304275513,-0.0018707934068515897,-0.042659543454647064,-0.3444667160511017,0.0,0.0,-0.0047828578390181065,0.13864253461360931,-0.059173833578825,0.11492206901311874,0.037851955741643906,0.33732667565345764,0.40726208686828613,0.5000205636024475,-0.8004094362258911,-47.698307037353516,-0.33408308029174805,0.571642279624939,0.035274937748909,-0.18044334650039673,0.2195030003786087,-0.2091144472360611,0.3642384111881256,11.376380920410156,11.455216407775879,10.71505069732666,14.196105003356934,-0.010732421651482582,0.03066406212747097,-0.024531250819563866,-0.05366211012005806,0.0,-0.026579027995467186,0.023016642779111862,-0.008393020369112492,-0.04621965438127518,0.0,-0.018995748832821846,-0.3430071175098419,-9.935917854309082,0.08434782922267914,-0.1416437327861786,-8.667936325073242,0.0,0.0,0.0,0.0,0.0,0.0,0.0,0.0,0.0,0.0,0.0,0.0,-0.02192414365708828,0.023176142945885658,-0.013718896545469761,-0.04682574421167374,0.2684663236141205,0.2700147032737732,0.2554279565811157,0.32308146357536316,1.4659984111785889,3.4233386516571045,0.026895569637417793,0.0,0.0,0.0,0.0,0.0,0.0,0.0
41526748356,0,-0.02197042852640152,-0.017211388796567917,-0.8107959628105164,6.569455581484362e-05,-0.04113857448101044,-0.8442511558532715,-0.0007320879958570004,-0.03598008304834366,-0.00655751908197999,0.0440724641084671,-0.04785460978746414,-0.03345519304275513,-0.0018707934068515897,-0.042659543454647064,-0.3444667160511017,0.0,0.0,-0.0047828578390181065,0.13815279304981232,0.013419552706182003,0.12632282078266144,0.037851955741643906,0.33732667565345764,0.40726208686828613,0.44811540842056274,-0.791938304901123,-47.5556640625,-0.34494632482528687,0.49918121099472046,0.023586466908454895,-0.17790207266807556,0.2195030003786087,-0.2091144472360611,0.3642384111881256,11.508209228515625,11.217452049255371,11.095657348632812,13.773223876953125,-0.012265625409781933,0.029130859300494194,-0.021464843302965164,-0.052128907293081284,0.0,-0.027369240298867226,0.02184745855629444,-0.006472131237387657,-0.04588749632239342,0.0,-0.04969647154211998,0.34855878353118896,-9.850746154785156,0.08434782922267914,-0.1416437327861786,-8.667936325073242,0.0,0.0,0.0,0.0,0.0,0.0,0.0,0.0,0.0,0.0,0.0,0.0,-0.023245835676789284,0.022309603169560432,-0.012087864801287651,-0.046036455780267715,0.2684663236141205,0.2700147032737732,0.2554279565811157,0.32308146357536316,0.2588074505329132,3.4257586002349854,0.3619861900806427,0.0,0.0,0.0,0.0,0.0,0.0,0.0
41538777769,0,-0.022455904632806778,-0.017106376588344574,-0.8109907507896423,6.569455581484362e-05,-0.04113857448101044,-0.8442511558532715,0.008724465034902096,-0.03943350166082382,-0.010145343840122223,0.045043423771858215,-0.048064637929201126,-0.03326040506362915,0.000319871207466349,-0.04198652505874634,-0.34169936180114746,0.0,0.0,-0.0047828578390181065,0.13815279304981232,0.013419552706182003,0.12632282078266144,0.037851955741643906,0.33732667565345764,0.40726208686828613,0.44811540842056274,-0.791938304901123,-47.5556640625,-0.34494632482528687,0.49918121099472046,0.023586466908454895,-0.17790207266807556,0.2241429090499878,-0.2136758714914322,0.3588762879371643,11.508209228515625,11.217452049255371,11.095657348632812,13.773223876953125,-0.013798828236758709,0.029130859300494194,-0.019931640475988388,-0.05059570446610451,0.0,-0.027369240298867226,0.02184745855629444,-0.006472131237387657,-0.04588749632239342,0.0,-0.04969647154211998,0.34855878353118896,-9.850746154785156,0.06664960086345673,-0.14159196615219116,-8.643396377563477,0.0,0.0,0.0,0.0,0.0,0.0,0.0,0.0,0.0,0.0,0.0,0.0,-0.024620287120342255,0.02185208722949028,-0.010338060557842255,-0.04563611000776291,0.27105477452278137,0.265341192483902,0.26294270157814026,0.31498849391937256,0.2588074505329132,3.4257586002349854,0.3619861900806427,0.0,0.0,0.0,0.0,0.0,0.0,0.0
41548279918,0,-0.022455904632806778,-0.017106376588344574,-0.8109907507896423,6.569455581484362e-05,-0.04113857448101044,-0.8442511558532715,0.008724465034902096,-0.03943350166082382,-0.010145343840122223,0.045470260083675385,-0.04816804081201553,-0.03316783905029297,0.000319871207466349,-0.04198652505874634,-0.34169936180114746,0.0,0.0,-0.0047828578390181065,0.13301920890808105,0.034195128828287125,0.12894156575202942,0.01993744634091854,0.3331824839115143,0.40389686822891235,0.3665727972984314,-0.778755784034729,-47.53868103027344,-0.3480950891971588,0.4821871519088745,0.021997496485710144,-0.1768464893102646,0.22608636319637299,-0.21532920002937317,0.356558620929718,11.514636039733887,11.191822052001953,11.159425735473633,13.705962181091309,-0.013798828236758709,0.026064453646540642,-0.018398437649011612,-0.04752929508686066,0.0,-0.029354095458984375,0.019007014110684395,-0.004166509490460157,-0.04358310252428055,0.0,0.39940395951271057,-0.11361527442932129,-9.939732551574707,0.052589669823646545,-0.1436285823583603,-8.631610870361328,0.0,0.0,0.0,0.0,0.0,0.0,0.0,0.0,0.0,0.0,0.0,0.0,-0.025895077735185623,0.021495183929800987,-0.00865775253623724,-0.04537929594516754,0.2711809575557709,0.26483669877052307,0.2641989290714264,0.31369826197624207,-0.11618541181087494,2.946207046508789,0.3440225422382355,0.0,0.0,0.0,0.0,0.0,0.0,0.0
41557455361,0,-0.022669322788715363,-0.01705467514693737,-0.8110833168029785,6.569455581484362e-05,-0.04113857448101044,-0.8442511558532715,0.016193103045225143,-0.04102512076497078,-0.011742930859327316,0.045470260083675385,-0.04816804081201553,-0.03316783905029297,0.0015543391928076744,-0.041566599160432816,-0.3405354917049408,0.0,0.0,-0.0047828578390181065,0.1228683665394783,0.08501087129116058,0.13341085612773895,0.009848643094301224,0.33051514625549316,0.40247470140457153,0.25965872406959534,-0.8014468550682068,-47.37827682495117,-0.3598153293132782,0.4247373342514038,0.021312028169631958,-0.17446361482143402,0.22608636319637299,-0.21532920002937317,0.356558620929718,11.389127731323242,11.200690269470215,11.237924575805664,13.577300071716309,-0.012265625409781933,0.024531250819563866,-0.016865234822034836,-0.04599609225988388,0.0,-0.03347548097372055,0.016564304009079933,0.00017055320495273918,-0.04161025583744049,0.0,0.017408905550837517,0.4346708059310913,-9.94839096069336,0.052589669823646545,-0.1436285823583603,-8.631610870361328,0.0,0.0,0.0,0.0,0.0,0.0,0.0,0.0,0.0,0.0,0.0,0.0,-0.02725888043642044,0.02087886817753315,-0.006908887065947056,-0.04493684321641922,0.2711809575557709,0.26483669877052307,0.2641989290714264,0.31369826197624207,-0.4066855013370514,2.622321128845215,0.17881521582603455,0.0,0.0,0.0,0.0,0.0,0.0,0.0
41568427158,0,-0.023167967796325684,-0.016724538058042526,-0.8112822771072388,6.569455581484362e-05,-0.04113857448101044,-0.8442511558532715,0.024771735072135925,-0.03892744705080986,-0.01357181929051876,0.046467553824186325,-0.04882831871509552,-0.032968878746032715,0.0039857178926467896,-0.03973256051540375,-0.3382906913757324,0.0,0.0,-0.0047828578390181065,0.1228683665394783,0.08501087129116058,0.13341085612773895,-0.01054997369647026,0.317262202501297,0.39973825216293335,0.25965872406959534,-0.8014468550682068,-47.37827682495117,-0.3598153293132782,0.4247373342514038,0.021312028169631958,-0.17446361482143402,0.23046384751796722,-0.21870921552181244,0.35110896825790405,11.389127731323242,11.200690269470215,11.237924575805664,13.577300071716309,-0.013798828236758709,0.024531250819563866,-0.015332031063735485,-0.04599609225988388,0.0,-0.03347548097372055,0.016564304009079933,0.00017055320495273918,-0.04161025583744049,0.0,0.017408905550837517,0.4346708059310913,-9.94839096069336,0.04042859375476837,-0.15409044921398163,-8.621088981628418,0.0,0.0,0.0,0.0,0.0,0.0,0.0,0.0,0.0,0.0,0.0,0.0,-0.028886618092656136,0.019892288371920586,-0.004942501429468393,-0.04419640451669693,0.2687169313430786,0.2650113105773926,0.2657441794872284,0.31122756004333496,-0.4066855013370514,2.622321128845215,0.17881521582603455,0.0,0.0,0.0,0.0,0.0,0.0,0.0
41576990462,0,-0.023167967796325684,-0.016724538058042526,-0.8112822771072388,6.569455581484362e-05,-0.04113857448101044,-0.8442511558532715,0.024771735072135925,-0.03892744705080986,-0.01357181929051876,0.046467553824186325,-0.04882831871509552,-0.032968878746032715,0.0039857178926467896,-0.03973256051540375,-0.3382906913757324,0.0,0.0,-0.0047828578390181065,0.11386274546384811,0.1258283108472824,0.13480956852436066,-0.03360096365213394,0.2950301766395569,0.3954891264438629,0.1855238527059555,-0.8863504528999329,-47.54313659667969,-0.36968064308166504,0.37189656496047974,0.024039700627326965,-0.17235803604125977,0.23046384751796722,-0.21870921552181244,0.35110896825790405,11.268890380859375,11.372335433959961,11.303759574890137,13.620575904846191,-0.013798828236758709,0.02299804612994194,-0.013798828236758709,-0.04599609225988388,0.0,-0.03862256929278374,0.01685038022696972,0.005346382036805153,-0.04158955067396164,0.0,0.17344483733177185,0.22307009994983673,-10.015134811401367,0.04042859375476837,-0.15409044921398163,-8.621088981628418,0.0,0.0,0.0,0.0,0.0,0.0,0.0,0.0,0.0,0.0,0.0,0.0,-0.030771370977163315,0.01880616880953312,-0.0027931411750614643,-0.04335407912731171,0.2687169313430786,0.2650113105773926,0.2657441794872284,0.31122756004333496,-0.5874127149581909,2.1517386436462402,-0.09048459678888321,0.0,0.0,0.0,0.0,0.0,0.0,0.0
41588093093,0,-0.02357407659292221,-0.016318006440997124,-0.8114704489707947,6.569455581484362e-05,-0.04113857448101044,-0.8442511558532715,0.03053976036608219,-0.03812012821435928,-0.008589277975261211,0.047279778867959976,-0.049641385674476624,-0.03278070688247681,0.005902031436562538,-0.037201568484306335,-0.3361853063106537,0.0,0.0,-0.0047828578390181065,0.10421629250049591,0.13758382201194763,0.13778388500213623,-0.03360096365213394,0.2950301766395569,0.3954891264438629,0.1855238527059555,-0.8863504528999329,-47.54313659667969,-0.36968064308166504,0.37189656496047974,0.024039700627326965,-0.17235803604125977,0.2344789057970047,-0.22104907035827637,0.34600844979286194,11.268890380859375,11.372335433959961,11.303759574890137,13.620575904846191,-0.013798828236758709,0.018398437649011612,-0.012265625409781933,-0.04752929508686066,0.0,-0.03862256929278374,0.01685038022696972,0.005346382036805153,-0.04158955067396164,0.0,0.17344483733177185,0.22307009994983673,-10.015134811401367,0.03191808611154556,-0.1606614738702774,-8.660725593566895,0.0,0.0,0.0,0.0,0.0,0.0,0.0,0.0,0.0,0.0,0.0,0.0,-0.03290963172912598,0.01789790764451027,-0.0004728666681330651,-0.04261516034603119,0.2663533091545105,0.2683870494365692,0.26703906059265137,0.31205883622169495,-0.8677037954330444,1.7584342956542969,0.0008294853032566607,0.0,0.0,0.0,0.0,0.0,0.0,0.0
41599808734,0,-0.023771490901708603,-0.016092268750071526,-0.8115679025650024,6.569455581484362e-05,-0.04113857448101044,-0.8442511558532715,0.031019587069749832,-0.03854890167713165,-0.00862946081906557,0.04767460748553276,-0.05009286105632782,-0.03268325328826904,0.006582493893802166,-0.03590872511267662,-0.3350231349468231,0.0,0.0,-0.0047828578390181065,0.10421629250049591,0.13758382201194763,0.13778388500213623,-0.041256122291088104,0.28440573811531067,0.39391642808914185,0.1755494773387909,-0.8836380839347839,-47.63399124145508,-0.36514320969581604,0.35506582260131836,0.021301180124282837,-0.17141927778720856,0.23624612390995026,-0.2219441533088684,0.34361645579338074,11.341771125793457,11.35805606842041,11.412675857543945,13.541788101196289,-0.015332031063735485,0.016865234822034836,-0.010732421651482582,-0.04599609225988388,0.0,-0.038510777056217194,0.016566449776291847,0.005609738640487194,-0.041424743831157684,0.0,0.17344483733177185,0.22307009994983673,-10.015134811401367,0.031851205974817276,-0.16084253787994385,-8.659908294677734,0.0,0.0,0.0,0.0,0.0,0.0,0.0,0.0,0.0,0.0,0.0,0.0,-0.035010289400815964,0.017244819551706314,0.001754231285303831,-0.04205489903688431,0.2663533091545105,0.2683870494365692,0.26703906059265137,0.31205883622169495,-0.8677037954330444,1.7584342956542969,0.0008294853032566607,0.0,0.0,0.0,0.0,0.0,0.0,0.0
41606946298,0,-0.023771490901708603,-0.016092268750071526,-0.8115679025650024,6.569455581484362e-05,-0.04113857448101044,-0.8442511558532715,0.031019587069749832,-0.03854890167713165,-0.00862946081906557,0.04767460748553276,-0.05009286105632782,-0.03268325328826904,0.006582493893802166,-0.03590872511267662,-0.3350231349468231,0.0,0.0,-0.0047828578390181065,0.07193569839000702,0.15776202082633972,0.14060132205486298,-0.041256122291088104,0.28440573811531067,0.39391642808914185,0.146869495511055,-0.9223743081092834,-47.40789794921875,-0.346874475479126,0.3111647367477417,0.018882974982261658,-0.1693054735660553,0.23624612390995026,-0.2219441533088684,0.34361645579338074,11.308220863342285,11.334568977355957,11.453810691833496,13.330666542053223,-0.016865234822034836,0.015332031063735485,-0.0076660155318677425,-0.044462889432907104,0.0,-0.04053117707371712,0.017117241397500038,0.007871231995522976,-0.042175620794296265,0.0,0.020778264850378036,-0.05781245231628418,-9.960224151611328,0.031851205974817276,-0.16084253787994385,-8.659908294677734,0.0,0.0,0.0,0.0,0.0,0.0,0.0,0.0,0.0,0.0,0.0,0.0,-0.036787714809179306,0.016836952418088913,0.0036531684454530478,-0.04170531779527664,0.2677863538265228,0.26810625195503235,0.26917943358421326,0.3105451464653015,-1.4750018119812012,1.1422010660171509,0.027284029871225357,0.0,0.0,0.0,0.0,0.0,0.0,0.0
41616980977,0,-0.024099668487906456,-0.01538387592881918,-0.8119437098503113,6.569455581484362e-05,-0.04113857448101044,-0.8442511558532715,0.0392349548637867,-0.03713986650109291,-0.01550027821213007,0.048330966383218765,-0.05150965228676796,-0.032307446002960205,0.008354082703590393,-0.031791213899850845,-0.3309364318847656,0.0,0.0,-0.0047828578390181065,0.07193569839000702,0.15776202082633972,0.14060132205486298,-0.04978109151124954,0.25652074813842773,0.3908948600292206,0.146869495511055,-0.9223743081092834,-47.40789794921875,-0.346874475479126,0.3111647367477417,0.018882974982261658,-0.1693054735660553,0.23990769684314728,-0.2238280326128006,0.3378698229789734,11.308220863342285,11.334568977355957,11.453810691833496,13.330666542053223,-0.018398437649011612,0.015332031063735485,-0.006132812704890966,-0.044462889432907104,0.0,-0.04053117707371712,0.017117241397500038,0.007871231995522976,-0.042175620794296265,0.0,0.020778264850378036,-0.05781245231628418,-9.960224151611328,0.020056158304214478,-0.17124514281749725,-8.605781555175781,0.0,0.0,0.0,0.0,0.0,0.0,0.0,0.0,0.0,0.0,0.0,0.0,-0.038259439170360565,0.01666267029941082,0.005261109676212072,-0.0415855310857296,0.26712679862976074,0.26764461398124695,0.26998716592788696,0.3064827620983124,-1.4750018119812012,1.1422010660171509,0.027284029871225357,0.0,0.0,0.0,0.0,0.0,0.0,0.0
41626935925,0,-0.024099668487906456,-0.01538387592881918,-0.8119437098503113,6.569455581484362e-05,-0.04113857448101044,-0.8442511558532715,0.0392349548637867,-0.03713986650109291,-0.01550027821213007,0.048330966383218765,-0.05150965228676796,-0.032307446002960205,0.008354082703590393,-0.031791213899850845,-0.3309364318847656,0.0,0.0,-0.0047828578390181065,0.049176257103681564,0.16178859770298004,0.14108335971832275,-0.04978109151124954,0.25652074813842773,0.3908948600292206,0.11030887067317963,-0.9418482780456543,-47.3317985534668,-0.3244493007659912,0.3011745810508728,0.01895652711391449,-0.16828560829162598,0.2413853257894516,-0.22469785809516907,0.33491259813308716,11.30752944946289,11.365010261535645,11.412470817565918,13.26563549041748,-0.019931640475988388,0.015332031063735485,-0.004599609412252903,-0.04292968660593033,0.0,-0.04218907654285431,0.016637315973639488,0.009732871316373348,-0.04184305667877197,0.0,0.05579144507646561,0.007428037468343973,-9.911381721496582,0.020056158304214478,-0.17124514281749725,-8.605781555175781,0.0,0.0,0.0,0.0,0.0,0.0,0.0,0.0,0.0,0.0,0.0,0.0,-0.039478931576013565,0.01663869619369507,0.006619434338063002,-0.0416201651096344,0.26711326837539673,0.26824307441711426,0.2691754400730133,0.30522987246513367,-1.874368667602539,0.783318817615509,0.05603276193141937,0.0,0.0,0.0,0.0,0.0,0.0,0.0
41636965445,0,-0.024143174290657043,-0.015148427337408066,-0.8120833039283752,6.569455581484362e-05,-0.04113857448101044,-0.8442511558532715,0.040982820093631744,-0.039575573056936264,-0.01846342347562313,0.04841797798871994,-0.051980555057525635,-0.03216785192489624,0.008618004620075226,-0.030461834743618965,-0.3295787274837494,0.0,0.0,-0.0047828578390181065,0.012677920050919056,0.1578037291765213,0.13970571756362915,-0.05263141542673111,0.24609851837158203,0.3892751634120941,0.08722393959760666,-0.9273045659065247,-47.21092987060547,-0.30448591709136963,0.29434913396835327,0.021018683910369873,-0.16742898523807526,0.2413853257894516,-0.22469785809516907,0.33491259813308716,11.247708320617676,11.425670623779297,11.308749198913574,13.246328353881836,-0.019931640475988388,0.016865234822034836,-0.004599609412252903,-0.039863280951976776,0.0,-0.042599454522132874,0.015465959906578064,0.010171533562242985,-0.04082854092121124,0.0,-0.030498800799250603,-0.039559125900268555,-10.072641372680664,0.01585889793932438,-0.16860082745552063,-8.583805084228516,0.0,0.0,0.0,0.0,0.0,0.0,0.0,0.0,0.0,0.0,0.0,0.0,-0.04052123799920082,0.01659475453197956,0.007796344347298145,-0.04164687171578407,0.26711326837539673,0.26824307441711426,0.2691754400730133,0.30522987246513367,-1.9820705652236938,0.0674041360616684,0.08452586829662323,0.0,0.0,0.0,0.0,0.0,0.0,0.0
41646942460,0,-0.024299290031194687,-0.014440641738474369,-0.812412440776825,6.569455581484362e-05,-0.04113857448101044,-0.8442511558532715,0.05061975121498108,-0.034774791449308395,-0.0216039028018713,0.04873020946979523,-0.053396135568618774,-0.03183871507644653,0.008862892165780067,-0.027629587799310684,-0.3273434042930603,0.0,0.0,-0.0047828578390181065,0.012677920050919056,0.1578037291765213,0.13970571756362915,-0.05613832548260689,0.22373341023921967,0.38661691546440125,0.06526225060224533,-0.9714056849479675,-47.1048583984375,-0.2922075390815735,0.2915217876434326,0.021304801106452942,-0.1665864735841751,0.2432120144367218,-0.22626613080501556,0.329619824886322,11.230847358703613,11.427371978759766,11.258353233337402,13.20475959777832,-0.021464843302965164,0.016865234822034836,-0.003066406352445483,-0.039863280951976776,0.0,-0.04466351494193077,0.016228871420025826,0.012373155914247036,-0.04148101434111595,0.0,-0.030498800799250603,-0.039559125900268555,-10.072641372680664,0.0024430756457149982,-0.18638846278190613,-8.561569213867188,0.0,0.0,0.0,0.0,0.0,0.0,0.0,0.0,0.0,0.0,0.0,0.0,-0.04149363189935684,0.01645408198237419,0.008894778788089752,-0.04158589988946915,0.2656048834323883,0.2694680094718933,0.2661460340023041,0.3040560483932495,-1.9820705652236938,0.0674041360616684,0.08452586829662323,0.0,0.0,0.0,0.0,0.0,0.0,0.0
41658179496,0,-0.024299290031194687,-0.014440641738474369,-0.812412440776825,6.569455581484362e-05,-0.04113857448101044,-0.8442511558532715,0.05061975121498108,-0.034774791449308395,-0.0216039028018713,0.04873020946979523,-0.053396135568618774,-0.03183871507644653,0.008862892165780067,-0.027629587799310684,-0.3273434042930603,0.0,0.0,-0.0047828578390181065,-0.03304467350244522,0.1474943310022354,0.14869572222232819,-0.05613832548260689,0.22373341023921967,0.38661691546440125,-0.013474422506988049,-1.04166579246521,-47.127540588378906,-0.23888005316257477,0.28635767102241516,0.013105899095535278,-0.16467389464378357,0.24424400925636292,-0.22845356166362762,0.3234216570854187,11.518479347229004,11.315678596496582,11.392390251159668,12.91662311553955,-0.02299804612994194,0.015332031063735485,-0.003066406352445483,-0.039863280951976776,0.0,-0.04794498533010483,0.016307933256030083,0.017034566029906273,-0.04201357811689377,0.0,-0.14757269620895386,0.06682270020246506,-10.250689506530762,0.0024430756457149982,-0.18638846278190613,-8.561569213867188,0.0,0.0,0.0,0.0,0.0,0.0,0.0,0.0,0.0,0.0,0.0,0.0,-0.0426129549741745,0.01631179451942444,0.010190331377089024,-0.0415310263633728,0.2712562680244446,0.2672734260559082,0.2687808871269226,0.29849106073379517,-2.1870431900024414,-0.26862454414367676,0.44068729877471924,0.0,0.0,0.0,0.0,0.0,0.0,0.0
41666904331,0,-0.02439236454665661,-0.013884453102946281,-0.8127810955047607,6.569455581484362e-05,-0.04113857448101044,-0.8442511558532715,0.05347917228937149,-0.0342278778553009,-0.019928710535168648,0.04891636222600937,-0.0545085147023201,-0.03147006034851074,0.007852749899029732,-0.02504798024892807,-0.3248853087425232,0.0,0.0,-0.0047828578390181065,-0.059108536690473557,0.15507331490516663,0.1479673683643341,-0.04955115169286728,0.20271219313144684,0.38370975852012634,-0.013474422506988049,-1.04166579246521,-47.127540588378906,-0.23888005316257477,0.28635767102241516,0.013105899095535278,-0.16467389464378357,0.24424400925636292,-0.22845356166362762,0.3234216570854187,11.438226699829102,11.52172565460205,11.282788276672363,12.943512916564941,-0.024531250819563866,0.015332031063735485,-0.0015332031762227416,-0.04139648377895355,0.0,-0.04828163981437683,0.016016270965337753,0.017200058326125145,-0.04192623868584633,0.0,0.06697335094213486,-0.07188469916582108,-10.14073657989502,-0.0016619653906673193,-0.19129595160484314,-8.576706886291504,0.0,0.0,0.0,0.0,0.0,0.0,0.0,0.0,0.0,0.0,0.0,0.0,-0.04401150718331337,0.016224000602960587,0.011883042752742767,-0.04156448692083359,0.2712562680244446,0.2672734260559082,0.2687808871269226,0.29849106073379517,-2.3365745544433594,0.1895115226507187,0.16794951260089874,0.0,0.0,0.0,0.0,0.0,0.0,0.0
41677113090,0,-0.02439236454665661,-0.013884453102946281,-0.8127810955047607,6.569455581484362e-05,-0.04113857448101044,-0.8442511558532715,0.05347917228937149,-0.0342278778553009,-0.019928710535168648,0.04891636222600937,-0.0545085147023201,-0.03147006034851074,0.007852749899029732,-0.02504798024892807,-0.3248853087425232,0.0,0.0,-0.0047828578390181065,-0.059108536690473557,0.15507331490516663,0.1479673683643341,-0.04414479434490204,0.18288041651248932,0.380031019449234,-0.009140809997916222,-1.052127718925476,-47.1718864440918,-0.20527251064777374,0.26208195090293884,0.01734696328639984,-0.16375118494033813,0.2442145049571991,-0.22953970730304718,0.32038554549217224,11.438226699829102,11.52172565460205,11.282788276672363,12.943512916564941,-0.026064453646540642,0.013798828236758709,0.0,-0.04139648377895355,0.0,-0.048383504152297974,0.01655740477144718,0.01748102717101574,-0.04225318878889084,0.0,0.06697335094213486,-0.07188469916582108,-10.14073657989502,-0.0016619653906673193,-0.19129595160484314,-8.576706886291504,0.0,0.0,0.0,0.0,0.0,0.0,0.0,0.0,0.0,0.0,0.0,0.0,-0.04547645524144173,0.01618090830743313,0.013701999559998512,-0.04166680946946144,0.26968103647232056,0.27132004499435425,0.2666265368461609,0.29901114106178284,-2.3365745544433594,0.1895115226507187,0.16794951260089874,0.0,0.0,0.0,0.0,0.0,0.0,0.0
41688478099,0,-0.024428052827715874,-0.013667626306414604,-0.8129845857620239,6.569455581484362e-05,-0.04113857448101044,-0.8442511558532715,0.052831605076789856,-0.0347895622253418,-0.019954396411776543,0.0489877387881279,-0.05494217202067375,-0.03126657009124756,0.006984594278037548,-0.023440958932042122,-0.3235892057418823,0.0,0.0,-0.0047828578390181065,-0.08029072731733322,0.15712399780750275,0.15074479579925537,-0.04414479434490204,0.18288041651248932,0.380031019449234,-0.009140809997916222,-1.052127718925476,-47.1718864440918,-0.20527251064777374,0.26208195090293884,0.01734696328639984,-0.16375118494033813,0.2442145049571991,-0.22953970730304718,0.32038554549217224,11.438226699829102,11.52172565460205,11.282788276672363,12.943512916564941,-0.027597656473517418,0.012265625409781933,0.003066406352445483,-0.04292968660593033,0.0,-0.048383504152297974,0.01655740477144718,0.01748102717101574,-0.04225318878889084,0.0,0.0009365317528136075,0.2674529254436493,-10.283866882324219,-0.00038381200283765793,-0.19059698283672333,-8.576784133911133,0.0,0.0,0.0,0.0,0.0,0.0,0.0,0.0,0.0,0.0,0.0,0.0,-0.04672866687178612,0.01620422676205635,0.015280955471098423,-0.041810255497694016,0.26968103647232056,0.27132004499435425,0.2666265368461609,0.29901114106178284,-2.3199782371520996,0.15399178862571716,0.2145145833492279,0.0,0.0,0.0,0.0,0.0,0.0,0.0
41696861288,0,-0.024488234892487526,-0.013419805094599724,-0.81343674659729,6.569455581484362e-05,-0.04113857448101044,-0.8442511558532715,0.05420195311307907,-0.0323818139731884,-0.027512667700648308,0.049108102917671204,-0.05543781816959381,-0.030814409255981445,0.00516996206715703,-0.020759394392371178,-0.3207710385322571,0.0,0.0,-0.0047828578390181065,-0.09878179430961609,0.15364037454128265,0.15514273941516876,-0.023851905018091202,0.15731807053089142,0.3768883943557739,-0.0035413713194429874,-1.0825457572937012,-46.85052490234375,-0.14491769671440125,0.24096542596817017,0.013792857527732849,-0.16209687292575836,0.24310430884361267,-0.23136673867702484,0.31478244066238403,11.510392189025879,11.475409507751465,11.228718757629395,12.65167236328125,-0.027597656473517418,0.010732421651482582,0.003066406352445483,-0.044462889432907104,0.0,-0.048686735332012177,0.017890814691781998,0.018506959080696106,-0.04409366473555565,0.0,0.0009365317528136075,0.2674529254436493,-10.283866882324219,-0.0006438856944441795,-0.1968265026807785,-8.518277168273926,0.0,0.0,0.0,0.0,0.0,0.0,0.0,0.0,0.0,0.0,0.0,0.0,-0.04766387492418289,0.01634237915277481,0.01651080697774887,-0.04204744100570679,0.27109766006469727,0.2704112231731415,0.26556292176246643,0.2933597266674042,-2.14280366897583,-0.11905457079410553,0.3513484597206116,0.0,0.0,0.0,0.0,0.0,0.0,0.0
41706887191,0,-0.02457566000521183,-0.01324746385216713,-0.8139710426330566,6.569455581484362e-05,-0.04113857448101044,-0.8442511558532715,0.058128807693719864,-0.028096692636609077,-0.035081442445516586,0.04928295314311981,-0.055782500654459,-0.030280113220214844,0.002867353381589055,-0.01817282848060131,-0.3176078200340271,0.0,0.0,-0.0047828578390181065,-0.09878179430961609,0.15364037454128265,0.15514273941516876,-0.013715801760554314,0.14561468362808228,0.37509816884994507,-0.0035413713194429874,-1.0825457572937012,-46.85052490234375,-0.14491769671440125,0.24096542596817017,0.013792857527732849,-0.16209687292575836,0.24310430884361267,-0.23136673867702484,0.31478244066238403,11.510392189025879,11.475409507751465,11.228718757629395,12.65167236328125,-0.029130859300494194,0.010732421651482582,0.004599609412252903,-0.04599609225988388,0.0,-0.048686735332012177,0.017890814691781998,0.018506959080696106,-0.04409366473555565,0.0,0.05835985019803047,0.4687349498271942,-10.21866512298584,-0.004715895280241966,-0.2079721987247467,-8.464552879333496,0.0,0.0,0.0,0.0,0.0,0.0,0.0,0.0,0.0,0.0,0.0,0.0,-0.04829857498407364,0.016634540632367134,0.01743668131530285,-0.042456772178411484,0.27109766006469727,0.2704112231731415,0.26556292176246643,0.2933597266674042,-2.14280366897583,-0.11905457079410553,0.3513484597206116,0.0,0.0,0.0,0.0,0.0,0.0,0.0
41717547985,0,-0.02457566000521183,-0.01324746385216713,-0.8139710426330566,6.569455581484362e-05,-0.04113857448101044,-0.8442511558532715,0.058128807693719864,-0.028096692636609077,-0.035081442445516586,0.04928295314311981,-0.055782500654459,-0.030280113220214844,0.002867353381589055,-0.01817282848060131,-0.3176078200340271,0.0,0.0,-0.0047828578390181065,-0.12549208104610443,0.14039109647274017,0.15492019057273865,-0.013715801760554314,0.14561468362808228,0.37509816884994507,-0.044386375695466995,-1.183776617050171,-46.46323776245117,-0.10565157234668732,0.22052650153636932,0.015980809926986694,-0.1596997231245041,0.24079200625419617,-0.23351190984249115,0.30878156423568726,11.39093017578125,11.522444725036621,11.046072959899902,12.52063274383545,-0.029130859300494194,0.012265625409781933,0.004599609412252903,-0.044462889432907104,0.0,-0.05338427051901817,0.01989714428782463,0.023597411811351776,-0.04605404660105705,0.0,-0.3230820596218109,-0.20498117804527283,-9.915194511413574,-0.004715895280241966,-0.2079721987247467,-8.464552879333496,0.0,0.0,0.0,0.0,0.0,0.0,0.0,0.0,0.0,0.0,0.0,0.0,-0.04889905825257301,0.017102601006627083,0.018324363976716995,-0.04305057227611542,0.26900148391723633,0.27151307463645935,0.26232025027275085,0.2918042838573456,-0.8174092769622803,-0.32699915766716003,0.009162325412034988,0.0,0.0,0.0,0.0,0.0,0.0,0.0
41726634571,0,-0.024743353947997093,-0.013182087801396847,-0.8145596385002136,6.569455581484362e-05,-0.04113857448101044,-0.8442511558532715,0.06578122079372406,-0.02352980524301529,-0.038277484476566315,0.04961834475398064,-0.055913250893354416,-0.02969151735305786,0.0009219396160915494,-0.015474433079361916,-0.3147125542163849,0.0,0.0,-0.0047828578390181065,-0.12549208104610443,0.14039109647274017,0.15492019057273865,0.0003057941503357142,0.12323839217424393,0.37165769934654236,-0.044386375695466995,-1.183776617050171,-46.46323776245117,-0.10565157234668732,0.22052650153636932,0.015980809926986694,-0.1596997231245041,0.2396235316991806,-0.23440921306610107,0.3061804175376892,11.39093017578125,11.522444725036621,11.046072959899902,12.52063274383545,-0.03066406212747097,0.012265625409781933,0.006132812704890966,-0.04292968660593033,0.0,-0.05338427051901817,0.01989714428782463,0.023597411811351776,-0.04605404660105705,0.0,-0.3230820596218109,-0.20498117804527283,-9.915194511413574,-0.015804607421159744,-0.22151042520999908,-8.444378852844238,0.0,0.0,0.0,0.0,0.0,0.0,0.0,0.0,0.0,0.0,0.0,0.0,-0.04980531707406044,0.017755910754203796,0.019499124959111214,-0.043806396424770355,0.26875224709510803,0.2713340222835541,0.26196548342704773,0.2908168435096741,-0.8174092769622803,-0.32699915766716003,0.009162325412034988,0.0,0.0,0.0,0.0,0.0,0.0,0.0
41737156759,0,-0.024939177557826042,-0.01322040893137455,-0.815173327922821,6.569455581484362e-05,-0.04113857448101044,-0.8442511558532715,0.0664786696434021,-0.018631190061569214,-0.03318861871957779,0.050009991973638535,-0.05583661049604416,-0.02907782793045044,-0.0011238993611186743,-0.012653459794819355,-0.31175732612609863,0.0,0.0,-0.0047828578390181065,-0.12467827647924423,0.1417662799358368,0.16189280152320862,0.0003057941503357142,0.12323839217424393,0.37165769934654236,-0.044386375695466995,-1.183776617050171,-46.46323776245117,-0.10565157234668732,0.22052650153636932,0.015980809926986694,-0.1596997231245041,0.2396235316991806,-0.23440921306610107,0.3061804175376892,11.39093017578125,11.522444725036621,11.046072959899902,12.52063274383545,-0.032197266817092896,0.012265625409781933,0.0076660155318677425,-0.04292968660593033,0.0,-0.05338427051901817,0.01989714428782463,0.023597411811351776,-0.04605404660105705,0.0,-0.17170454561710358,0.012691237963736057,-9.80522346496582,-0.013810412958264351,-0.23094233870506287,-8.486246109008789,0.0,0.0,0.0,0.0,0.0,0.0,0.0,0.0,0.0,0.0,0.0,0.0,-0.05091143772006035,0.018472330644726753,0.020833132788538933,-0.04459286853671074,0.26875224709510803,0.2713340222835541,0.26196548342704773,0.2908168435096741,-0.23360826075077057,-0.031694669276475906,0.23868440091609955,0.0,0.0,0.0,0.0,0.0,0.0,0.0
41750964847,0,-0.024939177557826042,-0.01322040893137455,-0.815173327922821,6.569455581484362e-05,-0.04113857448101044,-0.8442511558532715,0.0664786696434021,-0.018631190061569214,-0.03318861871957779,0.050009991973638535,-0.05583661049604416,-0.02907782793045044,-0.0011238993611186743,-0.012653459794819355,-0.31175732612609863,0.0,0.0,-0.0047828578390181065,-0.12467827647924423,0.1417662799358368,0.16189280152320862,0.023992221802473068,0.09315435588359833,0.366936594247818,-0.08103407174348831,-1.2572877407073975,-46.539466857910156,-0.09478715062141418,0.19464166462421417,0.009921625256538391,-0.15823033452033997,0.23689140379428864,-0.23623427748680115,0.3006066083908081,11.539533615112305,11.445720672607422,11.239103317260742,12.333770751953125,-0.03373046964406967,0.013798828236758709,0.0076660155318677425,-0.04292968660593033,0.0,-0.055937644094228745,0.021309057250618935,0.026800604537129402,-0.047680530697107315,0.0,-0.17170454561710358,0.012691237963736057,-9.80522346496582,-0.013810412958264351,-0.23094233870506287,-8.486246109008789,0.0,0.0,0.0,0.0,0.0,0.0,0.0,0.0,0.0,0.0,0.0,0.0,-0.052029531449079514,0.019152726978063583,0.02214706875383854,-0.04532432556152344,0.2716692388057709,0.26982831954956055,0.26576727628707886,0.28718453645706177,-0.23360826075077057,-0.031694669276475906,0.23868440091609955,0.0,0.0,0.0,0.0,0.0,0.0,0.0
41757249204,0,-0.024939177557826042,-0.01322040893137455,-0.815173327922821,6.569455581484362e-05,-0.04113857448101044,-0.8442511558532715,0.0664786696434021,-0.018631190061569214,-0.03318861871957779,0.050177644938230515,-0.055741846561431885,-0.02877974510192871,-0.0011238993611186743,-0.012653459794819355,-0.31175732612609863,0.0,0.0,-0.0047828578390181065,-0.12957601249217987,0.14555777609348297,0.16534285247325897,0.023992221802473068,0.09315435588359833,0.366936594247818,-0.057174377143383026,-1.2316545248031616,-46.685096740722656,-0.07067614793777466,0.17350426316261292,0.0066849589347839355,-0.15746863186359406,0.23527459800243378,-0.2370331585407257,0.29765594005584717,11.661689758300781,11.470747947692871,11.351637840270996,12.218949317932129,-0.03526367247104645,0.012265625409781933,0.009199218824505806,-0.04292968660593033,0.0,-0.053777240216732025,0.021280065178871155,0.025065813213586807,-0.0480097196996212,0.0,0.04672662168741226,-0.017779992893338203,-9.771918296813965,-0.01039534155279398,-0.22393718361854553,-8.488199234008789,0.0,0.0,0.0,0.0,0.0,0.0,0.0,0.0,0.0,0.0,0.0,0.0,-0.05308312177658081,0.019818782806396484,0.023424183949828148,-0.046059004962444305,0.27406373620033264,0.27031970024108887,0.26798027753829956,0.28494930267333984,-0.35548868775367737,0.11058532446622849,0.3029831647872925,0.0,0.0,0.0,0.0,0.0,0.0,0.0
41767407072,0,-0.025023004040122032,-0.013267790898680687,-0.8154714107513428,6.569455581484362e-05,-0.04113857448101044,-0.8442511558532715,0.06388334184885025,-0.02134556882083416,-0.032817598432302475,0.050177644938230515,-0.055741846561431885,-0.02877974510192871,-0.002550398698076606,-0.01108072604984045,-0.31034883856773376,0.0,0.0,-0.0047828578390181065,-0.13480567932128906,0.1244632676243782,0.16969916224479675,0.031467556953430176,0.083134725689888,0.3652123212814331,-0.047541484236717224,-1.2054243087768555,-46.6291389465332,-0.05484303832054138,0.17828473448753357,0.00547279417514801,-0.1567276567220688,0.23527459800243378,-0.2370331585407257,0.29765594005584717,11.711526870727539,11.44225025177002,11.335156440734863,12.158041954040527,-0.03373046964406967,0.010732421651482582,0.010732421651482582,-0.044462889432907104,0.0,-0.05239514261484146,0.020890524610877037,0.024054406210780144,-0.04770088940858841,0.0,0.0158381350338459,0.31217631697654724,-9.535767555236816,-0.01039534155279398,-0.22393718361854553,-8.488199234008789,0.0,0.0,0.0,0.0,0.0,0.0,0.0,0.0,0.0,0.0,0.0,0.0,-0.05376528576016426,0.020399369299411774,0.02438858337700367,-0.046750858426094055,0.27406373620033264,0.27031970024108887,0.26798027753829956,0.28494930267333984,-0.2271244376897812,-0.7832664251327515,0.3108302354812622,0.0,0.0,0.0,0.0,0.0,0.0,0.0
41779148511,0,-0.02502436190843582,-0.01369513664394617,-0.8163734674453735,6.569455581484362e-05,-0.04113857448101044,-0.8442511558532715,0.06100085377693176,-0.02272888459265232,-0.04111839830875397,0.05018036067485809,-0.05488715320825577,-0.02787768840789795,-0.00646258145570755,-0.008045725524425507,-0.3057063817977905,0.0,0.0,-0.0047828578390181065,-0.13480567932128906,0.1244632676243782,0.16969916224479675,0.05513085797429085,0.060757461935281754,0.3609165847301483,-0.04991273954510689,-1.2011395692825317,-46.52131271362305,-0.047174423933029175,0.18855108320713043,0.005225077271461487,-0.15600697696208954,0.23159272968769073,-0.2386053204536438,0.2918088436126709,11.719693183898926,11.404340744018555,11.2861328125,12.129607200622559,-0.03373046964406967,0.010732421651482582,0.012265625409781933,-0.04599609225988388,0.0,-0.05223385617136955,0.020822295919060707,0.02416837587952614,-0.04755391925573349,0.0,0.0158381350338459,0.31217631697654724,-9.535767555236816,-0.006462798919528723,-0.21814922988414764,-8.421457290649414,0.0,0.0,0.0,0.0,0.0,0.0,0.0,0.0,0.0,0.0,0.0,0.0,-0.053904272615909576,0.02079036273062229,0.024853134527802467,-0.047273896634578705,0.2751998007297516,0.26901569962501526,0.26669251918792725,0.28320837020874023,-0.2271244376897812,-0.7832664251327515,0.3108302354812622,0.0,0.0,0.0,0.0,0.0,0.0,0.0
41788143176,0,-0.02502436190843582,-0.01369513664394617,-0.8163734674453735,6.569455581484362e-05,-0.04113857448101044,-0.8442511558532715,0.06100085377693176,-0.02272888459265232,-0.04111839830875397,0.05018036067485809,-0.05488715320825577,-0.02787768840789795,-0.00646258145570755,-0.008045725524425507,-0.3057063817977905,0.0,0.0,-0.0047828578390181065,-0.13055288791656494,0.10908424109220505,0.1712285578250885,0.05513085797429085,0.060757461935281754,0.3609165847301483,-0.023597054183483124,-1.1748532056808472,-46.247528076171875,-0.026714086532592773,0.18314340710639954,0.005439534783363342,-0.15472030639648438,0.22787484526634216,-0.2402992993593216,0.286407470703125,11.671396255493164,11.379881858825684,11.188125610351562,12.027802467346191,-0.036796875298023224,0.010732421651482582,0.012265625409781933,-0.04599609225988388,0.0,-0.050734661519527435,0.020990882068872452,0.022842440754175186,-0.04784118011593819,0.0,-0.031520307064056396,-0.2000977098941803,-9.832313537597656,-0.006462798919528723,-0.21814922988414764,-8.421457290649414,0.0,0.0,0.0,0.0,0.0,0.0,0.0,0.0,0.0,0.0,0.0,0.0,-0.0536026693880558,0.020999474450945854,0.02488882653415203,-0.04760283604264259,0.2742539048194885,0.26853519678115845,0.26476407051086426,0.2812223732471466,0.03433964028954506,-0.7421505451202393,0.22702719271183014,0.0,0.0,0.0,0.0,0.0,0.0,0.0
41797273945,0,-0.024889154359698296,-0.01413984876126051,-0.816939115524292,6.569455581484362e-05,-0.04113857448101044,-0.8442511558532715,0.05870740860700607,-0.02671371027827263,-0.04267268255352974,0.04990994557738304,-0.053997721523046494,-0.027312040328979492,-0.008575811982154846,-0.0061195287853479385,-0.3025127649307251,0.0,0.0,-0.0047828578390181065,-0.13055288791656494,0.10908424109220505,0.1712285578250885,0.07095126807689667,0.04450684040784836,0.35709118843078613,-0.023597054183483124,-1.1748532056808472,-46.247528076171875,-0.026714086532592773,0.18314340710639954,0.005439534783363342,-0.15472030639648438,0.22787484526634216,-0.2402992993593216,0.286407470703125,11.671396255493164,11.379881858825684,11.188125610351562,12.027802467346191,-0.038330078125,0.012265625409781933,0.013798828236758709,-0.04599609225988388,0.0,-0.050734661519527435,0.020990882068872452,0.022842440754175186,-0.04784118011593819,0.0,-0.031520307064056396,-0.2000977098941803,-9.832313537597656,-0.005746166687458754,-0.20777951180934906,-8.411548614501953,0.0,0.0,0.0,0.0,0.0,0.0,0.0,0.0,0.0,0.0,0.0,0.0,-0.052994269877672195,0.021092955023050308,0.024589937180280685,-0.04779534414410591,0.2742539048194885,0.26853519678115845,0.26476407051086426,0.2812223732471466,0.03433964028954506,-0.7421505451202393,0.22702719271183014,0.0,0.0,0.0,0.0,0.0,0.0,0.0
41809084136,0,-0.024664195254445076,-0.014683086425065994,-0.8174310922622681,6.569455581484362e-05,-0.04113857448101044,-0.8442511558532715,0.05829314887523651,-0.027087638154625893,-0.03293503820896149,0.049460023641586304,-0.052911240607500076,-0.026820063591003418,-0.010896516032516956,-0.0046254913322627544,-0.2994512915611267,0.0,0.0,-0.0047828578390181065,-0.130458801984787,0.09230273962020874,0.1701430082321167,0.08864197880029678,0.03160667046904564,0.35342153906822205,-0.06190881505608559,-1.1462761163711548,-46.44864273071289,-0.004896074533462524,0.1926102638244629,0.004702702164649963,-0.1535869985818863,0.22787484526634216,-0.2402992993593216,0.286407470703125,11.787653923034668,11.430554389953613,11.209071159362793,12.042299270629883,-0.038330078125,0.013798828236758709,0.015332031063735485,-0.04752929508686066,0.0,-0.050421569496393204,0.018936283886432648,0.02321680821478367,-0.04571518301963806,0.0,-0.031520307064056396,-0.2000977098941803,-9.832313537597656,-0.006986251100897789,-0.20492732524871826,-8.486042976379395,0.0,0.0,0.0,0.0,0.0,0.0,0.0,0.0,0.0,0.0,0.0,0.0,-0.05226364731788635,0.021025311201810837,0.024137752130627632,-0.04780040308833122,0.2742539048194885,0.26853519678115845,0.26476407051086426,0.2812223732471466,0.03758596256375313,-0.9294100403785706,0.13687333464622498,0.0,0.0,0.0,0.0,0.0,0.0,0.0
41817373907,0,-0.024664195254445076,-0.014683086425065994,-0.8174310922622681,6.569455581484362e-05,-0.04113857448101044,-0.8442511558532715,0.05829314887523651,-0.027087638154625893,-0.03293503820896149,0.049460023641586304,-0.052911240607500076,-0.026820063591003418,-0.010896516032516956,-0.0046254913322627544,-0.2994512915611267,0.0,0.0,-0.0047828578390181065,-0.130458801984787,0.09230273962020874,0.1701430082321167,0.08864197880029678,0.03160667046904564,0.35342153906822205,-0.06190881505608559,-1.1462761163711548,-46.44864273071289,-0.004896074533462524,0.1926102638244629,0.004702702164649963,-0.1535869985818863,0.22414430975914001,-0.24194592237472534,0.28141385316848755,11.787653923034668,11.430554389953613,11.209071159362793,12.042299270629883,-0.039863280951976776,0.015332031063735485,0.015332031063735485,-0.04599609225988388,0.0,-0.050421569496393204,0.018936283886432648,0.02321680821478367,-0.04571518301963806,0.0,-0.12153360992670059,0.17652811110019684,-9.251137733459473,-0.006986251100897789,-0.20492732524871826,-8.486042976379395,0.0,0.0,0.0,0.0,0.0,0.0,0.0,0.0,0.0,0.0,0.0,0.0,-0.05157884582877159,0.020701343193650246,0.023728152737021446,-0.04751618206501007,0.2742539048194885,0.26853519678115845,0.26476407051086426,0.2812223732471466,0.03758596256375313,-0.9294100403785706,0.13687333464622498,0.0,0.0,0.0,0.0,0.0,0.0,0.0
41827947933,0,-0.024664195254445076,-0.014683086425065994,-0.8174310922622681,6.569455581484362e-05,-0.04113857448101044,-0.8442511558532715,0.05829314887523651,-0.027087638154625893,-0.03293503820896149,0.049460023641586304,-0.052911240607500076,-0.026820063591003418,-0.010896516032516956,-0.0046254913322627544,-0.2994512915611267,0.0,0.0,-0.0047828578390181065,-0.13647685945034027,0.07633943110704422,0.18020300567150116,0.09528982639312744,0.030500156804919243,0.35306835174560547,-0.038424380123615265,-1.1271002292633057,-46.67323684692383,0.012334749102592468,0.20864853262901306,-0.001544862985610962,-0.15294966101646423,0.22175659239292145,-0.24302487075328827,0.2786027789115906,12.053752899169922,11.3312349319458,11.369129180908203,11.941415786743164,-0.039863280951976776,0.013798828236758709,0.015332031063735485,-0.04599609225988388,0.0,-0.04799724370241165,0.019297895953059196,0.02162388525903225,-0.04617128148674965,0.0,-0.03590983897447586,-0.6499172449111938,-9.134127616882324,-0.006986251100897789,-0.20492732524871826,-8.486042976379395,0.0,0.0,0.0,0.0,0.0,0.0,0.0,0.0,0.0,0.0,0.0,0.0,-0.05091666430234909,0.020232990384101868,0.023358866572380066,-0.04706510528922081,0.2804762125015259,0.2687828838825226,0.2673429548740387,0.2805677056312561,-0.2324656993150711,-1.146292805671692,0.5540767312049866,0.0,0.0,0.0,0.0,0.0,0.0,0.0
41837051207,0,-0.02433406002819538,-0.0153791643679142,-0.8178449869155884,6.569455581484362e-05,-0.04113857448101044,-0.8442511558532715,0.058237433433532715,-0.03475327417254448,-0.022652918472886086,0.048799753189086914,-0.05151907727122307,-0.026406168937683105,-0.013837465085089207,-0.003750341245904565,-0.2965773344039917,0.0,0.0,-0.0047828578390181065,-0.13647685945034027,0.07633943110704422,0.18020300567150116,0.09528982639312744,0.030500156804919243,0.35306835174560547,-0.038424380123615265,-1.1271002292633057,-46.67323684692383,0.012334749102592468,0.20864853262901306,-0.001544862985610962,-0.15294966101646423,0.22175659239292145,-0.24302487075328827,0.2786027789115906,12.053752899169922,11.3312349319458,11.369129180908203,11.941415786743164,-0.038330078125,0.012265625409781933,0.016865234822034836,-0.04906250163912773,0.0,-0.04799724370241165,0.019297895953059196,0.02162388525903225,-0.04617128148674965,0.0,-0.03590983897447586,-0.6499172449111938,-9.134127616882324,-0.013685617595911026,-0.18774977326393127,-8.557273864746094,0.0,0.0,0.0,0.0,0.0,0.0,0.0,0.0,0.0,0.0,0.0,0.0,-0.0501641221344471,0.01981341652572155,0.022930579259991646,-0.04665728658437729,0.2817288637161255,0.2675790786743164,0.26832395792007446,0.2795356214046478,-0.2324656993150711,-1.146292805671692,0.5540767312049866,0.0,0.0,0.0,0.0,0.0,0.0,0.0
41847963683,0,-0.02433406002819538,-0.0153791643679142,-0.8178449869155884,6.569455581484362e-05,-0.04113857448101044,-0.8442511558532715,0.058237433433532715,-0.03475327417254448,-0.022652918472886086,0.048799753189086914,-0.05151907727122307,-0.026406168937683105,-0.013837465085089207,-0.003750341245904565,-0.2965773344039917,0.0,0.0,-0.0047828578390181065,-0.14027127623558044,0.03388400003314018,0.18093574047088623,0.11155841499567032,0.02334839105606079,0.34997671842575073,-0.02701670490205288,-1.0346908569335938,-47.117950439453125,0.05793732404708862,0.24313291907310486,0.003782898187637329,-0.15116026997566223,0.2191372811794281,-0.24424396455287933,0.27588167786598206,12.15657901763916,11.593352317810059,11.224224090576172,12.168996810913086,-0.038330078125,0.012265625409781933,0.016865234822034836,-0.04906250163912773,0.0,-0.04440825805068016,0.016558688133955002,0.01880558766424656,-0.04279153421521187,0.0,0.016158200800418854,0.2759755849838257,-9.952719688415527,-0.013685617595911026,-0.18774977326393127,-8.557273864746094,0.0,0.0,0.0,0.0,0.0,0.0,0.0,0.0,0.0,0.0,0.0,0.0,-0.04922860115766525,0.019385572522878647,0.022348808124661446,-0.0462111160159111,0.28420913219451904,0.2678798735141754,0.2685205340385437,0.27972424030303955,0.034107960760593414,-1.2765324115753174,0.12745821475982666,0.0,0.0,0.0,0.0,0.0,0.0,0.0
41858009679,0,-0.02433406002819538,-0.0153791643679142,-0.8178449869155884,6.569455581484362e-05,-0.04113857448101044,-0.8442511558532715,0.058237433433532715,-0.03475327417254448,-0.022652918472886086,0.04751364514231682,-0.049479302018880844,-0.02590000629425049,-0.013837465085089207,-0.003750341245904565,-0.2965773344039917,0.0,0.0,-0.0047828578390181065,-0.14027127623558044,0.03388400003314018,0.18093574047088623,0.1314793825149536,0.017206307500600815,0.3467083275318146,-0.02701670490205288,-1.0346908569335938,-47.117950439453125,0.05793732404708862,0.24313291907310486,0.003782898187637329,-0.15116026997566223,0.21347224712371826,-0.24704529345035553,0.2704322338104248,12.15657901763916,11.593352317810059,11.224224090576172,12.168996810913086,-0.038330078125,0.012265625409781933,0.016865234822034836,-0.04906250163912773,0.0,-0.04440825805068016,0.016558688133955002,0.01880558766424656,-0.04279153421521187,0.0,0.19352616369724274,-0.10993275046348572,-9.592625617980957,-0.009241415187716484,-0.1750688999891281,-8.599566459655762,0.0,0.0,0.0,0.0,0.0,0.0,0.0,0.0,0.0,0.0,0.0,0.0,-0.048044588416814804,0.018779879435896873,0.021538877859711647,-0.04551658779382706,0.28373417258262634,0.27272462844848633,0.26547449827194214,0.28397607803344727,0.034107960760593414,-1.2765324115753174,0.12745821475982666,0.0,0.0,0.0,0.0,0.0,0.0,0.0
41866994253,0,-0.02369100973010063,-0.016399046406149864,-0.818351149559021,6.569455581484362e-05,-0.04113857448101044,-0.8442511558532715,0.05293678119778633,-0.03798190504312515,-0.014938613399863243,0.047085877507925034,-0.048705752938985825,-0.025788545608520508,-0.01767381653189659,-0.0031864233314990997,-0.2922635078430176,0.0,0.0,-0.0047828578390181065,-0.14536330103874207,0.018586888909339905,0.1822221279144287,0.1314793825149536,0.017206307500600815,0.3467083275318146,-0.02701670490205288,-1.0346908569335938,-47.117950439453125,0.05793732404708862,0.24313291907310486,0.003782898187637329,-0.15116026997566223,0.21347224712371826,-0.24704529345035553,0.2704322338104248,12.267084121704102,11.624698638916016,11.215137481689453,12.194034576416016,-0.038330078125,0.013798828236758709,0.016865234822034836,-0.04906250163912773,0.0,-0.04400794580578804,0.01651403307914734,0.018820825964212418,-0.04270363226532936,0.0,0.19352616369724274,-0.10993275046348572,-9.592625617980957,-0.013392975553870201,-0.17335262894630432,-8.608652114868164,0.0,0.0,0.0,0.0,0.0,0.0,0.0,0.0,0.0,0.0,0.0,0.0,-0.04677280783653259,0.01807006075978279,0.02063687890768051,-0.04466811195015907,0.28373417258262634,0.27272462844848633,0.26547449827194214,0.28397607803344727,-0.1775781810283661,-1.3981608152389526,0.1469523012638092,0.0,0.0,0.0,0.0,0.0,0.0,0.0
41877122905,0,-0.02347712777554989,-0.016785819083452225,-0.818462610244751,6.569455581484362e-05,-0.04113857448101044,-0.8442511558532715,0.05423476919531822,-0.038572777062654495,-0.013110616244375706,0.047085877507925034,-0.048705752938985825,-0.025788545608520508,-0.018965382128953934,-0.003278888063505292,-0.2904221713542938,0.0,0.0,-0.0047828578390181065,-0.15663237869739532,-0.012955160811543465,0.18577398359775543,0.15960736572742462,0.015387608669698238,0.34095844626426697,-0.05082778260111809,-0.962878942489624,-47.29761505126953,0.10325217247009277,0.2817971408367157,-0.001642957329750061,-0.1501336544752121,0.21347224712371826,-0.24704529345035553,0.2704322338104248,12.466058731079102,11.512024879455566,11.275644302368164,12.07001781463623,-0.038330078125,0.015332031063735485,0.016865234822034836,-0.05059570446610451,0.0,-0.041852883994579315,0.01383554469794035,0.017313463613390923,-0.04024672880768776,0.0,0.1441008597612381,0.5246452689170837,-9.861705780029297,-0.013392975553870201,-0.17335262894630432,-8.608652114868164,0.0,0.0,0.0,0.0,0.0,0.0,0.0,0.0,0.0,0.0,0.0,0.0,-0.045556191354990005,0.01731232739984989,0.01978791132569313,-0.04377903416752815,0.28373417258262634,0.27272462844848633,0.26547449827194214,0.28397607803344727,-0.2715729773044586,-1.5274430513381958,0.11340738832950592,0.0,0.0,0.0,0.0,0.0,0.0,0.0
41887353721,0,-0.02347712777554989,-0.016785819083452225,-0.818462610244751,6.569455581484362e-05,-0.04113857448101044,-0.8442511558532715,0.05423476919531822,-0.038572777062654495,-0.013110616244375706,0.047085877507925034,-0.048705752938985825,-0.025788545608520508,-0.018965382128953934,-0.003278888063505292,-0.2904221713542938,0.0,0.0,-0.0047828578390181065,-0.15663237869739532,-0.012955160811543465,0.18577398359775543,0.17307035624980927,0.01955466903746128,0.3383901119232178,-0.08695850521326065,-0.9842275381088257,-47.223960876464844,0.12748585641384125,0.29630231857299805,0.0007319897413253784,-0.14960746467113495,0.20400236546993256,-0.25202715396881104,0.26285016536712646,12.447701454162598,11.568047523498535,11.138394355773926,12.09595012664795,-0.039863280951976776,0.016865234822034836,0.016865234822034836,-0.05059570446610451,0.0,-0.04350274056196213,0.013366153463721275,0.019402995705604553,-0.03968065604567528,0.0,0.1441008597612381,0.5246452689170837,-9.861705780029297,-0.013392975553870201,-0.17335262894630432,-8.608652114868164,0.0,0.0,0.0,0.0,0.0,0.0,0.0,0.0,0.0,0.0,0.0,0.0,-0.04445000737905502,0.016400011256337166,0.01907970756292343,-0.04277719557285309,0.28940001130104065,0.2722285985946655,0.26378485560417175,0.28255215287208557,-0.2715729773044586,-1.5274430513381958,0.11340738832950592,0.0,0.0,0.0,0.0,0.0,0.0,0.0
41898314419,0,-0.022946957498788834,-0.017440415918827057,-0.8186413645744324,6.569455581484362e-05,-0.04113857448101044,-0.8442511558532715,0.05540728569030762,-0.03592158108949661,-0.016744215041399002,0.046025533229112625,-0.04739655554294586,-0.02560979127883911,-0.02159697562456131,-0.003683432238176465,-0.2869015634059906,0.0,0.0,-0.0047828578390181065,-0.13168466091156006,-0.03274942561984062,0.17929679155349731,0.17307035624980927,0.01955466903746128,0.3383901119232178,-0.08695850521326065,-0.9842275381088257,-47.223960876464844,0.12748585641384125,0.29630231857299805,0.0007319897413253784,-0.14960746467113495,0.20400236546993256,-0.25202715396881104,0.26285016536712646,12.447701454162598,11.568047523498535,11.138394355773926,12.09595012664795,-0.039863280951976776,0.013798828236758709,0.016865234822034836,-0.05059570446610451,0.0,-0.04350274056196213,0.013366153463721275,0.019402995705604553,-0.03968065604567528,0.0,0.1441008597612381,0.5246452689170837,-9.861705780029297,-0.016991397365927696,-0.17728392779827118,-8.573765754699707,0.0,0.0,0.0,0.0,0.0,0.0,0.0,0.0,0.0,0.0,0.0,0.0,-0.04365506395697594,0.015413145534694195,0.018694667145609856,-0.041739195585250854,0.28940001130104065,0.2722285985946655,0.26378485560417175,0.28255215287208557,1.0377527475357056,-1.218819260597229,-0.173789843916893,0.0,0.0,0.0,0.0,0.0,0.0,0.0
41907002401,0,-0.022946957498788834,-0.017440415918827057,-0.8186413645744324,6.569455581484362e-05,-0.04113857448101044,-0.8442511558532715,0.05540728569030762,-0.03592158108949661,-0.016744215041399002,0.046025533229112625,-0.04739655554294586,-0.02560979127883911,-0.02159697562456131,-0.003683432238176465,-0.2869015634059906,0.0,0.0,-0.0047828578390181065,-0.13168466091156006,-0.03274942561984062,0.17929679155349731,0.18862275779247284,0.022192716598510742,0.3345426321029663,-0.14802059531211853,-1.0171027183532715,-47.186649322509766,0.11268496513366699,0.32302984595298767,0.008971914649009705,-0.14867250621318817,0.19724494218826294,-0.2558995187282562,0.25787287950515747,12.249667167663574,11.702077865600586,10.905628204345703,12.355846405029297,-0.038330078125,0.013798828236758709,0.018398437649011612,-0.04906250163912773,0.0,-0.04683749005198479,0.012448231689631939,0.022956466302275658,-0.037956126034259796,0.0,0.011808361858129501,0.387533575296402,-9.710049629211426,-0.016991397365927696,-0.17728392779827118,-8.573765754699707,0.0,0.0,0.0,0.0,0.0,0.0,0.0,0.0,0.0,0.0,0.0,0.0,-0.043389834463596344,0.014507720246911049,0.018799932673573494,-0.04076928272843361,0.28554755449295044,0.2748548090457916,0.25919443368911743,0.2876141667366028,1.0377527475357056,-1.218819260597229,-0.173789843916893,0.0,0.0,0.0,0.0,0.0,0.0,0.0
41917293306,0,-0.021935217082500458,-0.018087705597281456,-0.8188307285308838,6.569455581484362e-05,-0.04113857448101044,-0.8442511558532715,0.057742759585380554,-0.033131297677755356,-0.014111150987446308,0.04400204122066498,-0.04610196873545647,-0.025420427322387695,-0.024342281743884087,-0.004299002233892679,-0.28208041191101074,0.0,0.0,-0.0047828578390181065,-0.13168466091156006,-0.03274942561984062,0.17929679155349731,0.18862275779247284,0.022192716598510742,0.3345426321029663,-0.14802059531211853,-1.0171027183532715,-47.186649322509766,0.11268496513366699,0.32302984595298767,0.008971914649009705,-0.14867250621318817,0.19724494218826294,-0.2558995187282562,0.25787287950515747,12.249667167663574,11.702077865600586,10.905628204345703,12.355846405029297,-0.036796875298023224,0.013798828236758709,0.016865234822034836,-0.04906250163912773,0.0,-0.04683749005198479,0.012448231689631939,0.022956466302275658,-0.037956126034259796,0.0,0.011808361858129501,0.387533575296402,-9.710049629211426,-0.024723680689930916,-0.18240302801132202,-8.589876174926758,0.0,0.0,0.0,0.0,0.0,0.0,0.0,0.0,0.0,0.0,0.0,0.0,-0.04374174028635025,0.013724735006690025,0.019454767927527428,-0.03985271602869034,0.28554755449295044,0.2748548090457916,0.25919443368911743,0.2876141667366028,1.0377527475357056,-1.218819260597229,-0.173789843916893,0.0,0.0,0.0,0.0,0.0,0.0,0.0
41932541127,0,-0.021935217082500458,-0.018087705597281456,-0.8188307285308838,6.569455581484362e-05,-0.04113857448101044,-0.8442511558532715,0.057742759585380554,-0.033131297677755356,-0.014111150987446308,0.04400204122066498,-0.04610196873545647,-0.025420427322387695,-0.024342281743884087,-0.004299002233892679,-0.28208041191101074,0.0,0.0,-0.0047828578390181065,-0.08594829589128494,-0.042849235236644745,0.17559278011322021,0.20079156756401062,0.02529686503112316,0.33092063665390015,-0.1359802484512329,-1.0032166242599487,-47.244319915771484,0.07504609227180481,0.33586278557777405,0.013579174876213074,-0.14777551591396332,0.1909710168838501,-0.26005756855010986,0.2527625560760498,12.110299110412598,11.755831718444824,10.844067573547363,12.563039779663086,-0.036796875298023224,0.012265625409781933,0.018398437649011612,-0.04752929508686066,0.0,-0.04653856158256531,0.012418734841048717,0.02233123779296875,-0.0372002087533474,0.0,0.31804466247558594,0.4615795612335205,-9.904608726501465,-0.024723680689930916,-0.18240302801132202,-8.589876174926758,0.0,0.0,0.0,0.0,0.0,0.0,0.0,0.0,0.0,0.0,0.0,0.0,-0.04447226971387863,0.013102742843329906,0.020394138991832733,-0.03901709243655205,0.2828318178653717,0.27590709924697876,0.257978618144989,0.29164010286331177,2.0722739696502686,-0.7659117579460144,-0.207031711935997,0.0,0.0,0.0,0.0,0.0,0.0,0.0
41936953181,0,-0.021935217082500458,-0.018087705597281456,-0.8188307285308838,6.569455581484362e-05,-0.04113857448101044,-0.8442511558532715,0.057742759585380554,-0.033131297677755356,-0.014111150987446308,0.04400204122066498,-0.04610196873545647,-0.025420427322387695,-0.024342281743884087,-0.004299002233892679,-0.28208041191101074,0.0,0.0,-0.0047828578390181065,-0.06687694042921066,-0.05380217358469963,0.17214134335517883,0.20615743100643158,0.029231945052742958,0.32912999391555786,-0.11950626224279404,-0.9607665538787842,-47.285987854003906,0.06524433195590973,0.3550809621810913,0.017819762229919434,-0.14730331301689148,0.18787811696529388,-0.26239103078842163,0.24994517862796783,12.029549598693848,11.826622009277344,10.733538627624512,12.724762916564941,-0.036796875298023224,0.012265625409781933,0.018398437649011612,-0.04599609225988388,0.0,-0.04507484287023544,0.011611193418502808,0.020667701959609985,-0.03596462681889534,0.0,0.31804466247558594,0.4615795612335205,-9.904608726501465,-0.024723680689930916,-0.18240302801132202,-8.589876174926758,0.0,0.0,0.0,0.0,0.0,0.0,0.0,0.0,0.0,0.0,0.0,0.0,-0.045159101486206055,0.012634729035198689,0.02116568200290203,-0.038248732686042786,0.2812565863132477,0.2772921919822693,0.25579383969306946,0.29477658867836,1.9911906719207764,-0.965582549571991,-0.272014856338501,0.0,0.0,0.0,0.0,0.0,0.0,0.0
41948113230,0,-0.021935217082500458,-0.018087705597281456,-0.8188307285308838,6.569455581484362e-05,-0.04113857448101044,-0.8442511558532715,0.057742759585380554,-0.033131297677755356,-0.014111150987446308,0.04250619560480118,-0.045136407017707825,-0.025276541709899902,-0.024342281743884087,-0.004299002233892679,-0.28208041191101074,0.0,0.0,-0.0047828578390181065,-0.04553881660103798,-0.07280378043651581,0.17662177979946136,0.20615743100643158,0.029231945052742958,0.32912999391555786,-0.09236118197441101,-0.7548064589500427,-47.222755432128906,0.061358436942100525,0.3949200510978699,0.011310204863548279,-0.14637425541877747,0.1819165050983429,-0.26756617426872253,0.24431535601615906,12.230443954467773,11.580801010131836,10.82524299621582,12.612378120422363,-0.038330078125,0.013798828236758709,0.019931640475988388,-0.04599609225988388,0.0,-0.03750714287161827,0.006485546473413706,0.012971580028533936,-0.031189676374197006,0.0,-0.15069562196731567,-0.18583936989307404,-9.886369705200195,-0.024012533947825432,-0.16295874118804932,-8.60147762298584,0.0,0.0,0.0,0.0,0.0,0.0,0.0,0.0,0.0,0.0,0.0,0.0,-0.04519975557923317,0.012016481719911098,0.021174950525164604,-0.03728609159588814,0.285173237323761,0.27247872948646545,0.25760677456855774,0.29259735345840454,1.295166015625,-0.8289481997489929,0.14160841703414917,0.0,0.0,0.0,0.0,0.0,0.0,0.0
41958771290,0,-0.021935217082500458,-0.018087705597281456,-0.8188307285308838,6.569455581484362e-05,-0.04113857448101044,-0.8442511558532715,0.057742759585380554,-0.033131297677755356,-0.014111150987446308,0.040868911892175674,-0.04414327070116997,-0.02513068914413452,-0.024342281743884087,-0.004299002233892679,-0.28208041191101074,0.0,0.0,-0.0047828578390181065,-0.04553881660103798,-0.07280378043651581,0.17662177979946136,0.20615743100643158,0.029231945052742958,0.32912999391555786,-0.09236118197441101,-0.7548064589500427,-47.222755432128906,0.061358436942100525,0.3949200510978699,0.011310204863548279,-0.14637425541877747,0.1819165050983429,-0.26756617426872253,0.24431535601615906,12.230443954467773,11.580801010131836,10.82524299621582,12.612378120422363,-0.038330078125,0.013798828236758709,0.019931640475988388,-0.044462889432907104,0.0,-0.03750714287161827,0.006485546473413706,0.012971580028533936,-0.031189676374197006,0.0,-0.15069562196731567,-0.18583936989307404,-9.886369705200195,-0.016792941838502884,-0.1372375339269638,-8.585955619812012,0.0,0.0,0.0,0.0,0.0,0.0,0.0,0.0,0.0,0.0,0.0,0.0,-0.04414936155080795,0.010928268544375896,0.020020799711346626,-0.03590797632932663,0.285173237323761,0.27247872948646545,0.25760677456855774,0.29259735345840454,1.295166015625,-0.8289481997489929,0.14160841703414917,0.0,0.0,0.0,0.0,0.0,0.0,0.0
41967847496,0,-0.020368659868836403,-0.019067049026489258,-0.819120466709137,6.569455581484362e-05,-0.04113857448101044,-0.8442511558532715,0.04452763870358467,-0.05169173702597618,-0.013146352022886276,0.040868911892175674,-0.04414327070116997,-0.02513068914413452,-0.026724280789494514,-0.006653257645666599,-0.27572396397590637,0.0,0.0,-0.0047828578390181065,-0.028123950585722923,-0.07709721475839615,0.18206548690795898,0.2106877863407135,0.04626062512397766,0.3241783082485199,-0.12452904134988785,-0.7182283401489258,-47.206233978271484,0.042197540402412415,0.4059251546859741,0.005719542503356934,-0.14598509669303894,0.17944854497909546,-0.2698735296726227,0.24203184247016907,12.355036735534668,11.388833045959473,10.972305297851562,12.515246391296387,-0.039863280951976776,0.012265625409781933,0.019931640475988388,-0.044462889432907104,0.0,-0.0369681753218174,0.004497832152992487,0.012694137170910835,-0.029455050826072693,0.0,-0.15069562196731567,-0.18583936989307404,-9.886369705200195,-0.016792941838502884,-0.1372375339269638,-8.585955619812012,0.0,0.0,0.0,0.0,0.0,0.0,0.0,0.0,0.0,0.0,0.0,0.0,-0.04238223284482956,0.009481571614742279,0.01813960261642933,-0.03427952527999878,0.2875984013080597,0.2687109410762787,0.2605104148387909,0.2907122075557709,1.6193933486938477,-0.7375251054763794,0.32924458384513855,0.0,0.0,0.0,0.0,0.0,0.0,0.0
41977903870,0,-0.019398678094148636,-0.019518854096531868,-0.819280743598938,6.569455581484362e-05,-0.04113857448101044,-0.8442511558532715,0.051297880709171295,-0.05460471659898758,-0.01456437073647976,0.038928937166929245,-0.04323965683579445,-0.024970412254333496,-0.02674662135541439,-0.008282860741019249,-0.27222034335136414,0.0,0.0,-0.0047828578390181065,0.030586017295718193,-0.0966586023569107,0.18917618691921234,0.2097160667181015,0.05157914385199547,0.3221437931060791,-0.12452904134988785,-0.7182283401489258,-47.206233978271484,0.042197540402412415,0.4059251546859741,0.005719542503356934,-0.14598509669303894,0.17944854497909546,-0.2698735296726227,0.24203184247016907,12.416234016418457,11.052927017211914,11.098702430725098,12.532848358154297,-0.039863280951976776,0.010732421651482582,0.019931640475988388,-0.044462889432907104,0.0,-0.03678588569164276,0.004634533077478409,0.012549569830298424,-0.02941366285085678,0.0,0.07116957008838654,0.27736929059028625,-9.935413360595703,-0.03561373054981232,-0.13460376858711243,-8.57303524017334,0.0,0.0,0.0,0.0,0.0,0.0,0.0,0.0,0.0,0.0,0.0,0.0,-0.040530551224946976,0.0079484349116683,0.016215700656175613,-0.03266649693250656,0.2875984013080597,0.2687109410762787,0.2605104148387909,0.2907122075557709,2.499635696411133,-0.8745500445365906,0.32401859760284424,0.0,0.0,0.0,0.0,0.0,0.0,0.0
41988674650,0,-0.01821049302816391,-0.01980867236852646,-0.8194594979286194,6.569455581484362e-05,-0.04113857448101044,-0.8442511558532715,0.054326415061950684,-0.05131589621305466,-0.016734305769205093,0.0365525558590889,-0.04266001656651497,-0.0247916579246521,-0.025150524452328682,-0.010294612497091293,-0.26887843012809753,0.0,0.0,-0.0047828578390181065,0.030586017295718193,-0.0966586023569107,0.18917618691921234,0.20397785305976868,0.0711735337972641,0.3168933391571045,-0.21856950223445892,-0.7296096682548523,-47.07508087158203,-0.026155129075050354,0.4522891640663147,0.0006785839796066284,-0.145113006234169,0.1745506078004837,-0.2757115066051483,0.23698210716247559,12.416234016418457,11.052927017211914,11.098702430725098,12.532848358154297,-0.038330078125,0.009199218824505806,0.019931640475988388,-0.044462889432907104,0.0,-0.039713576436042786,0.0020762395579367876,0.01599358581006527,-0.027005236595869064,0.0,0.07116957008838654,0.27736929059028625,-9.935413360595703,-0.04457012563943863,-0.14273932576179504,-8.557113647460938,0.0,0.0,0.0,0.0,0.0,0.0,0.0,0.0,0.0,0.0,0.0,0.0,-0.039072345942258835,0.006458589807152748,0.014758548699319363,-0.031163755804300308,0.28878822922706604,0.26210054755210876,0.2630029022693634,0.2910538613796234,2.499635696411133,-0.8745500445365906,0.32401859760284424,0.0,0.0,0.0,0.0,0.0,0.0,0.0
41997717204,0,-0.01821049302816391,-0.01980867236852646,-0.8194594979286194,6.569455581484362e-05,-0.04113857448101044,-0.8442511558532715,0.054326415061950684,-0.05131589621305466,-0.016734305769205093,0.0365525558590889,-0.04266001656651497,-0.0247916579246521,-0.025150524452328682,-0.010294612497091293,-0.26887843012809753,0.0,0.0,-0.0047828578390181065,0.07819424569606781,-0.09062379598617554,0.18770378828048706,0.20397785305976868,0.0711735337972641,0.3168933391571045,-0.289825439453125,-0.8334120512008667,-47.14430236816406,-0.08746753633022308,0.45356565713882446,0.005210027098655701,-0.14440692961215973,0.1745506078004837,-0.2757115066051483,0.23698210716247559,12.229333877563477,11.086298942565918,11.094232559204102,12.759800910949707,-0.038330078125,0.0076660155318677425,0.019931640475988388,-0.04292968660593033,0.0,-0.04532366245985031,0.0031771534122526646,0.021649004891514778,-0.027366766706109047,0.0,-0.053205639123916626,0.36020219326019287,-9.679311752319336,-0.04457012563943863,-0.14273932576179504,-8.557113647460938,0.0,0.0,0.0,0.0,0.0,0.0,0.0,0.0,0.0,0.0,0.0,0.0,-0.03859725221991539,0.005086008459329605,0.01437181793153286,-0.029785113409161568,0.28878822922706604,0.26210054755210876,0.2630029022693634,0.2910538613796234,2.5547118186950684,-0.031893711537122726,0.049862172454595566,0.0,0.0,0.0,0.0,0.0,0.0,0.0
42007950680,0,-0.01698656566441059,-0.020224468782544136,-0.8196561932563782,6.569455581484362e-05,-0.04113857448101044,-0.8442511558532715,0.05653906986117363,-0.04866855591535568,-0.012789697386324406,0.034104689955711365,-0.041828420013189316,-0.02459496259689331,-0.02305508591234684,-0.011488541029393673,-0.2657378613948822,0.0,0.0,-0.0047828578390181065,0.07819424569606781,-0.09062379598617554,0.18770378828048706,0.18779252469539642,0.08164925128221512,0.31313657760620117,-0.289825439453125,-0.8334120512008667,-47.14430236816406,-0.08746753633022308,0.45356565713882446,0.005210027098655701,-0.14440692961215973,0.1715186983346939,-0.2809736728668213,0.23277287185192108,12.229333877563477,11.086298942565918,11.094232559204102,12.759800910949707,-0.038330078125,0.006132812704890966,0.018398437649011612,-0.04139648377895355,0.0,-0.04532366245985031,0.0031771534122526646,0.021649004891514778,-0.027366766706109047,0.0,-0.10632037371397018,-0.07204645872116089,-9.881817817687988,-0.05273411422967911,-0.14843030273914337,-8.587589263916016,0.0,0.0,0.0,0.0,0.0,0.0,0.0,0.0,0.0,0.0,0.0,0.0,-0.03934600204229355,0.00400793319568038,0.015263563022017479,-0.028644153848290443,0.2851514518260956,0.2627583146095276,0.2629147171974182,0.2954554557800293,2.5547118186950684,-0.031893711537122726,0.049862172454595566,0.0,0.0,0.0,0.0,0.0,0.0,0.0
42018525142,0,-0.01698656566441059,-0.020224468782544136,-0.8196561932563782,6.569455581484362e-05,-0.04113857448101044,-0.8442511558532715,0.05653906986117363,-0.04866855591535568,-0.012789697386324406,0.034104689955711365,-0.041828420013189316,-0.02459496259689331,-0.02305508591234684,-0.011488541029393673,-0.2657378613948822,0.0,0.0,-0.0047828578390181065,0.08885667473077774,-0.07952120900154114,0.19237276911735535,0.18124091625213623,0.08534672856330872,0.31109368801116943,-0.2900376319885254,-0.8163666725158691,-47.23174285888672,-0.09621839970350266,0.44408634305000305,0.00021079182624816895,-0.14401081204414368,0.17007240653038025,-0.28394216299057007,0.2303771674633026,12.348894119262695,10.98343563079834,11.2684907913208,12.656120300292969,-0.038330078125,0.006132812704890966,0.018398437649011612,-0.04139648377895355,0.0,-0.0443672239780426,0.0026905962731689215,0.020824121311306953,-0.02707470767199993,0.0,-0.10632037371397018,-0.07204645872116089,-9.881817817687988,-0.05273411422967911,-0.14843030273914337,-8.587589263916016,0.0,0.0,0.0,0.0,0.0,0.0,0.0,0.0,0.0,0.0,0.0,0.0,-0.040773164480924606,0.0033019755501300097,0.016842367127537727,-0.027833828702569008,0.28747889399528503,0.260730117559433,0.2663455009460449,0.2934459149837494,1.8530234098434448,0.47237643599510193,0.2463545948266983,0.0,0.0,0.0,0.0,0.0,0.0,0.0
42026881430,0,-0.01633390411734581,-0.02044457197189331,-0.8197510242462158,6.569455581484362e-05,-0.04113857448101044,-0.8442511558532715,0.05666755139827728,-0.04582475498318672,-0.010515721514821053,0.032799359411001205,-0.04138821363449097,-0.024500131607055664,-0.022211875766515732,-0.011902443133294582,-0.2640323042869568,0.0,0.0,-0.0047828578390181065,0.11416348814964294,-0.05787397921085358,0.20007967948913574,0.18124091625213623,0.08534672856330872,0.31109368801116943,-0.31036901473999023,-0.7978332042694092,-47.29694366455078,-0.13316360116004944,0.4352761507034302,-0.007372632622718811,-0.14326061308383942,0.1676265150308609,-0.28946226835250854,0.22586703300476074,12.484855651855469,10.765438079833984,11.543707847595215,12.526254653930664,-0.039863280951976776,0.004599609412252903,0.018398437649011612,-0.039863280951976776,0.0,-0.043869342654943466,0.0015444403979927301,0.02045331709086895,-0.02619299292564392,0.0,-0.1290920376777649,0.1469510793685913,-9.655635833740234,-0.054328553378582,-0.15366296470165253,-8.604268074035645,0.0,0.0,0.0,0.0,0.0,0.0,0.0,0.0,0.0,0.0,0.0,0.0,-0.04215941205620766,0.00281153223477304,0.018374532461166382,-0.027268020436167717,0.29012197256088257,0.2564244866371155,0.27175119519233704,0.29092592000961304,1.4609017372131348,0.7858062386512756,0.3541754484176636,0.0,0.0,0.0,0.0,0.0,0.0,0.0
42037193301,0,-0.01633390411734581,-0.02044457197189331,-0.8197510242462158,6.569455581484362e-05,-0.04113857448101044,-0.8442511558532715,0.05666755139827728,-0.04582475498318672,-0.010515721514821053,0.030070485547184944,-0.04051726683974266,-0.024326562881469727,-0.022211875766515732,-0.011902443133294582,-0.2640323042869568,0.0,0.0,-0.0047828578390181065,0.11416348814964294,-0.05787397921085358,0.20007967948913574,0.16323542594909668,0.09579798579216003,0.3051137328147888,-0.31036901473999023,-0.7978332042694092,-47.29694366455078,-0.13316360116004944,0.4352761507034302,-0.007372632622718811,-0.14326061308383942,0.1676265150308609,-0.28946226835250854,0.22586703300476074,12.484855651855469,10.765438079833984,11.543707847595215,12.526254653930664,-0.039863280951976776,0.0015332031762227416,0.016865234822034836,-0.039863280951976776,0.0,-0.043869342654943466,0.0015444403979927301,0.02045331709086895,-0.02619299292564392,0.0,0.06794839352369308,0.08772756159305573,-9.463208198547363,-0.05643073096871376,-0.14506058394908905,-8.599444389343262,0.0,0.0,0.0,0.0,0.0,0.0,0.0,0.0,0.0,0.0,0.0,0.0,-0.04317968338727951,0.002389387460425496,0.019528768956661224,-0.02683204971253872,0.29012197256088257,0.2564244866371155,0.27175119519233704,0.29092592000961304,1.4609017372131348,0.7858062386512756,0.3541754484176636,0.0,0.0,0.0,0.0,0.0,0.0,0.0
42047247209,0,-0.014969472773373127,-0.020880041643977165,-0.8199245929718018,6.569455581484362e-05,-0.04113857448101044,-0.8442511558532715,0.053825389593839645,-0.04932136461138725,-0.010604716837406158,0.030070485547184944,-0.04051726683974266,-0.024326562881469727,-0.020395390689373016,-0.012638249434530735,-0.260590523481369,0.0,0.0,-0.0047828578390181065,0.15112300217151642,-0.03666330501437187,0.2012987583875656,0.16323542594909668,0.09579798579216003,0.3051137328147888,-0.37045785784721375,-0.7714165449142456,-46.997772216796875,-0.19910162687301636,0.4180792272090912,-0.006685301661491394,-0.14261828362941742,0.16622431576251984,-0.2942376434803009,0.22184276580810547,12.265104293823242,10.632532119750977,11.579017639160156,12.543035507202148,-0.039863280951976776,0.0,0.018398437649011612,-0.039863280951976776,0.0,-0.045570485293865204,-0.0012470782967284322,0.021479610353708267,-0.02366316318511963,0.0,0.06794839352369308,0.08772756159305573,-9.463208198547363,-0.05643073096871376,-0.14506058394908905,-8.599444389343262,0.0,0.0,0.0,0.0,0.0,0.0,0.0,0.0,0.0,0.0,0.0,0.0,-0.04388720169663429,0.0018970778910443187,0.020314384251832962,-0.02638300321996212,0.28584834933280945,0.25379472970962524,0.27244362235069275,0.2912518084049225,1.8746905326843262,1.1589984893798828,0.24840031564235687,0.0,0.0,0.0,0.0,0.0,0.0,0.0
42056965205,0,-0.012901244685053825,-0.02130257338285446,-0.8201563358306885,6.569455581484362e-05,-0.04113857448101044,-0.8442511558532715,0.057619884610176086,-0.051951151341199875,-0.019640889018774033,0.0259340088814497,-0.03967219963669777,-0.024094820022583008,-0.016109121963381767,-0.013246611692011356,-0.2546968460083008,0.0,0.0,-0.0047828578390181065,0.15112300217151642,-0.03666330501437187,0.2012987583875656,0.13699258863925934,0.09876825660467148,0.30132967233657837,-0.37045785784721375,-0.7714165449142456,-46.997772216796875,-0.19910162687301636,0.4180792272090912,-0.006685301661491394,-0.14261828362941742,0.16622431576251984,-0.2942376434803009,0.22184276580810547,12.265104293823242,10.632532119750977,11.579017639160156,12.543035507202148,-0.039863280951976776,-0.0015332031762227416,0.016865234822034836,-0.036796875298023224,0.0,-0.045570485293865204,-0.0012470782967284322,0.021479610353708267,-0.02366316318511963,0.0,0.04574095457792282,-0.09156865626573563,-9.70711898803711,-0.07335629314184189,-0.14243945479393005,-8.529038429260254,0.0,0.0,0.0,0.0,0.0,0.0,0.0,0.0,0.0,0.0,0.0,0.0,-0.04446730017662048,0.001203549443744123,0.02086842991411686,-0.025776976719498634,0.28584834933280945,0.25379472970962524,0.27244362235069275,0.2912518084049225,1.8746905326843262,1.1589984893798828,0.24840031564235687,0.0,0.0,0.0,0.0,0.0,0.0,0.0
42067003243,0,-0.012901244685053825,-0.02130257338285446,-0.8201563358306885,6.569455581484362e-05,-0.04113857448101044,-0.8442511558532715,0.057619884610176086,-0.051951151341199875,-0.019640889018774033,0.0259340088814497,-0.03967219963669777,-0.024094820022583008,-0.016109121963381767,-0.013246611692011356,-0.2546968460083008,0.0,0.0,-0.0047828578390181065,0.17167596518993378,-0.016042206436395645,0.1971203088760376,0.12322604656219482,0.0974908322095871,0.29963138699531555,-0.4034596085548401,-0.7834169864654541,-46.90970993041992,-0.2351204752922058,0.39315685629844666,-0.0006530880928039551,-0.1423383355140686,0.1659988909959793,-0.2961657643318176,0.21998442709445953,11.999869346618652,10.743406295776367,11.499114990234375,12.688989639282227,-0.039863280951976776,-0.003066406352445483,0.018398437649011612,-0.03526367247104645,0.0,-0.047880467027425766,-0.0018970089731737971,0.023039348423480988,-0.022781619802117348,0.0,0.04574095457792282,-0.09156865626573563,-9.70711898803711,-0.07335629314184189,-0.14243945479393005,-8.529038429260254,0.0,0.0,0.0,0.0,0.0,0.0,0.0,0.0,0.0,0.0,0.0,0.0,-0.04506273567676544,0.0003802737919613719,0.021325645968317986,-0.02504820004105568,0.2806772291660309,0.25598886609077454,0.270876407623291,0.29408326745033264,2.067167282104492,1.6541948318481445,-0.010969255119562149,0.0,0.0,0.0,0.0,0.0,0.0,0.0
42079598227,0,-0.012222121469676495,-0.02136244997382164,-0.8202149271965027,6.569455581484362e-05,-0.04113857448101044,-0.8442511558532715,0.059088874608278275,-0.05391204357147217,-0.018761612474918365,0.02457575500011444,-0.03955244645476341,-0.0240362286567688,-0.01416802778840065,-0.013112789019942284,-0.2528741955757141,0.0,0.0,-0.0047828578390181065,0.17167596518993378,-0.016042206436395645,0.1971203088760376,0.12322604656219482,0.0974908322095871,0.29963138699531555,-0.452045738697052,-0.7509181499481201,-47.02045440673828,-0.28734225034713745,0.38799357414245605,-0.0055405497550964355,-0.14171427488327026,0.16637983918190002,-0.30011239647865295,0.21561390161514282,12.062753677368164,10.57521915435791,11.736062049865723,12.668042182922363,-0.038330078125,-0.003066406352445483,0.018398437649011612,-0.03526367247104645,0.0,-0.048046424984931946,-0.004573903512209654,0.023116685450077057,-0.020502204075455666,0.0,0.04574095457792282,-0.09156865626573563,-9.70711898803711,-0.07991119474172592,-0.13969072699546814,-8.537399291992188,0.0,0.0,0.0,0.0,0.0,0.0,0.0,0.0,0.0,0.0,0.0,0.0,-0.045776620507240295,-0.0005383513052947819,0.021798348054289818,-0.024207044392824173,0.2819046080112457,0.2526595890522003,0.27552011609077454,0.2936769723892212,2.067167282104492,1.6541948318481445,-0.010969255119562149,0.0,0.0,0.0,0.0,0.0,0.0,0.0
42086978872,0,-0.010842416435480118,-0.021448370069265366,-0.8203278183937073,6.569455581484362e-05,-0.04113857448101044,-0.8442511558532715,0.05586302652955055,-0.054268766194581985,-0.013179238885641098,0.021816331893205643,-0.03938060626387596,-0.02392333745956421,-0.010610517114400864,-0.013050645589828491,-0.24927201867103577,0.0,0.0,-0.0047828578390181065,0.17167596518993378,-0.016042206436395645,0.1971203088760376,0.07682254165410995,0.09817594289779663,0.2913639545440674,-0.452045738697052,-0.7509181499481201,-47.02045440673828,-0.28734225034713745,0.38799357414245605,-0.0055405497550964355,-0.14171427488327026,0.16637983918190002,-0.30011239647865295,0.21561390161514282,12.062753677368164,10.57521915435791,11.736062049865723,12.668042182922363,-0.039863280951976776,0.0,0.018398437649011612,-0.03373046964406967,0.0,-0.048046424984931946,-0.004573903512209654,0.023116685450077057,-0.020502204075455666,0.0,-0.39072859287261963,0.036622002720832825,-9.4971342086792,-0.07943903654813766,-0.13807536661624908,-8.582171440124512,0.0,0.0,0.0,0.0,0.0,0.0,0.0,0.0,0.0,0.0,0.0,0.0,-0.046538904309272766,-0.0016113215824589133,0.022270532324910164,-0.023214861750602722,0.2819046080112457,0.2526595890522003,0.27552011609077454,0.2936769723892212,2.067167282104492,1.6541948318481445,-0.010969255119562149,0.0,0.0,0.0,0.0,0.0,0.0,0.0
42096903565,0,-0.01011589728295803,-0.021382981911301613,-0.8203781247138977,6.569455581484362e-05,-0.04113857448101044,-0.8442511558532715,0.05710455775260925,-0.05599632486701012,-0.0064488607458770275,0.02036328613758087,-0.03951138257980347,-0.02387303113937378,-0.009052685461938381,-0.012803812511265278,-0.24763117730617523,0.0,0.0,-0.0047828578390181065,0.17167596518993378,-0.016042206436395645,0.1971203088760376,0.07682254165410995,0.09817594289779663,0.2913639545440674,-0.452045738697052,-0.7509181499481201,-47.02045440673828,-0.28734225034713745,0.38799357414245605,-0.0055405497550964355,-0.14171427488327026,0.1667911410331726,-0.3016916513442993,0.21381714940071106,12.062753677368164,10.57521915435791,11.736062049865723,12.668042182922363,-0.04139648377895355,0.0,0.018398437649011612,-0.03373046964406967,0.0,-0.048046424984931946,-0.004573903512209654,0.023116685450077057,-0.020502204075455666,0.0,0.0976390689611435,0.21190233528614044,-9.935291290283203,-0.08562809973955154,-0.1360848844051361,-8.632650375366211,0.0,0.0,0.0,0.0,0.0,0.0,0.0,0.0,0.0,0.0,0.0,0.0,-0.047191984951496124,-0.0026856984477490187,0.022658897563815117,-0.022226331755518913,0.2833420932292938,0.2525404989719391,0.27781179547309875,0.293578565120697,2.067167282104492,1.6541948318481445,-0.010969255119562149,0.0,0.0,0.0,0.0,0.0,0.0,0.0
42108297367,0,-0.01011589728295803,-0.021382981911301613,-0.8203781247138977,6.569455581484362e-05,-0.04113857448101044,-0.8442511558532715,0.05710455775260925,-0.05599632486701012,-0.0064488607458770275,0.02036328613758087,-0.03951138257980347,-0.02387303113937378,-0.009052685461938381,-0.012803812511265278,-0.24763117730617523,0.0,0.0,-0.0047828578390181065,0.19218149781227112,0.015319813042879105,0.20279207825660706,0.06561364978551865,0.09734918177127838,0.2895295023918152,-0.4709545373916626,-0.7484668493270874,-47.479576110839844,-0.2955878973007202,0.3771679401397705,-0.008309721946716309,-0.14117443561553955,0.16732659935951233,-0.30344149470329285,0.21179674565792084,12.219624519348145,10.622634887695312,11.947382926940918,12.709609985351562,-0.04139648377895355,0.0,0.019931640475988388,-0.03373046964406967,0.0,-0.04785778373479843,-0.00520918658003211,0.023244010284543037,-0.019794654101133347,0.0,0.0976390689611435,0.21190233528614044,-9.935291290283203,-0.08562809973955154,-0.1360848844051361,-8.632650375366211,0.0,0.0,0.0,0.0,0.0,0.0,0.0,0.0,0.0,0.0,0.0,0.0,-0.04766214266419411,-0.0035918219946324825,0.022940248250961304,-0.021389370784163475,0.28496241569519043,0.25359880924224854,0.2796522378921509,0.29448291659355164,0.16934750974178314,0.830293595790863,0.2740488350391388,0.0,0.0,0.0,0.0,0.0,0.0,0.0
42117866848,0,-0.01011589728295803,-0.021382981911301613,-0.8203781247138977,6.569455581484362e-05,-0.04113857448101044,-0.8442511558532715,0.05710455775260925,-0.05599632486701012,-0.0064488607458770275,0.02036328613758087,-0.03951138257980347,-0.02387303113937378,-0.009052685461938381,-0.012803812511265278,-0.24763117730617523,0.0,0.0,-0.0047828578390181065,0.1911180317401886,0.02459055371582508,0.20220766961574554,0.040871527045965195,0.09618853032588959,0.28615602850914,-0.49947044253349304,-0.7546897530555725,-47.56135940551758,-0.30768269300460815,0.367258757352829,-0.006515800952911377,-0.14090274274349213,0.1679079383611679,-0.30508434772491455,0.2098059356212616,12.160126686096191,10.685044288635254,11.957306861877441,12.777835845947266,-0.039863280951976776,-0.003066406352445483,0.019931640475988388,-0.03373046964406967,0.0,-0.049079034477472305,-0.005888781975954771,0.024276863783597946,-0.019048886373639107,0.0,-0.25181815028190613,0.3109815716743469,-9.888222694396973,-0.08562809973955154,-0.1360848844051361,-8.632650375366211,0.0,0.0,0.0,0.0,0.0,0.0,0.0,0.0,0.0,0.0,0.0,0.0,-0.04799451306462288,-0.004337956663221121,0.023176448419690132,-0.020681709051132202,0.283803254365921,0.2548341751098633,0.27984619140625,0.295804888010025,0.07314573228359222,0.9054728746414185,0.15922440588474274,0.0,0.0,0.0,0.0,0.0,0.0,0.0
42129819590,0,-0.008626443333923817,-0.021270785480737686,-0.8204569816589355,6.569455581484362e-05,-0.04113857448101044,-0.8442511558532715,0.055925678461790085,-0.05297565460205078,-0.004193841479718685,0.01738436333835125,-0.03973577544093132,-0.023794174194335938,-0.00596552575007081,-0.012352841906249523,-0.24443833529949188,0.0,0.0,-0.0047828578390181065,0.1972859650850296,0.04059150442481041,0.19486476480960846,0.040871527045965195,0.09618853032588959,0.28615602850914,-0.5736311674118042,-0.8561848402023315,-47.496402740478516,-0.3550698161125183,0.35066959261894226,0.0019287914037704468,-0.14039261639118195,0.1695241630077362,-0.3078647255897522,0.205766499042511,11.835664749145508,10.832561492919922,11.828241348266602,13.019498825073242,-0.039863280951976776,-0.003066406352445483,0.02299804612994194,-0.03066406212747097,0.0,-0.05563326179981232,-0.004865244030952454,0.02984113059937954,-0.01939508132636547,0.0,-0.25181815028190613,0.3109815716743469,-9.888222694396973,-0.08761902153491974,-0.14306895434856415,-8.643465995788574,0.0,0.0,0.0,0.0,0.0,0.0,0.0,0.0,0.0,0.0,0.0,0.0,-0.04860411956906319,-0.004912515636533499,0.023704713210463524,-0.02008274756371975,0.27746880054473877,0.25775137543678284,0.27732372283935547,0.3004799485206604,0.25835537910461426,0.6741552352905273,-0.186846062541008,0.0,0.0,0.0,0.0,0.0,0.0,0.0
42137143361,0,-0.007082947064191103,-0.021075429394841194,-0.8205223083496094,6.569455581484362e-05,-0.04113857448101044,-0.8442511558532715,0.06244190037250519,-0.04917696863412857,-0.004549324046820402,0.014297354966402054,-0.0401264913380146,-0.02372884750366211,-0.0021398162934929132,-0.011800295673310757,-0.24110129475593567,0.0,0.0,-0.0047828578390181065,0.19212846457958221,0.0412009172141552,0.19644053280353546,0.014323869720101357,0.09013792872428894,0.28211039304733276,-0.5736311674118042,-0.8561848402023315,-47.496402740478516,-0.3550698161125183,0.35066959261894226,0.0019287914037704468,-0.14039261639118195,0.1695241630077362,-0.3078647255897522,0.205766499042511,11.897017478942871,10.744635581970215,11.895261764526367,12.946022033691406,-0.038330078125,-0.003066406352445483,0.024531250819563866,-0.03066406212747097,0.0,-0.055346060544252396,-0.004905058071017265,0.02967294305562973,-0.019505178555846214,0.0,0.0204596146941185,0.5261673331260681,-9.674489974975586,-0.10429657250642776,-0.15566997230052948,-8.635709762573242,0.0,0.0,0.0,0.0,0.0,0.0,0.0,0.0,0.0,0.0,0.0,0.0,-0.04988539218902588,-0.0052354224026203156,0.024832405149936676,-0.01965038664638996,0.27746880054473877,0.25775137543678284,0.27732372283935547,0.3004799485206604,-0.0896238312125206,0.42263516783714294,-0.03415171056985855,0.0,0.0,0.0,0.0,0.0,0.0,0.0
42146755773,0,-0.007082947064191103,-0.021075429394841194,-0.8205223083496094,6.569455581484362e-05,-0.04113857448101044,-0.8442511558532715,0.06244190037250519,-0.04917696863412857,-0.004549324046820402,0.014297354966402054,-0.0401264913380146,-0.02372884750366211,-0.0021398162934929132,-0.011800295673310757,-0.24110129475593567,0.0,0.0,-0.0047828578390181065,0.19212846457958221,0.0412009172141552,0.19644053280353546,0.003307791193947196,0.08826669305562973,0.27983665466308594,-0.583674967288971,-0.9395420551300049,-47.4630241394043,-0.35830655694007874,0.35181909799575806,-0.0009643286466598511,-0.14018401503562927,0.17038212716579437,-0.30897966027259827,0.20403695106506348,11.897017478942871,10.744635581970215,11.895261764526367,12.946022033691406,-0.038330078125,-0.003066406352445483,0.02299804612994194,-0.029130859300494194,0.0,-0.058107126504182816,-0.0024715522304177284,0.03246944025158882,-0.02149025723338127,0.0,-0.07788524031639099,0.38608214259147644,-9.660394668579102,-0.10429657250642776,-0.15566997230052948,-8.635709762573242,0.0,0.0,0.0,0.0,0.0,0.0,0.0,0.0,0.0,0.0,0.0,0.0,-0.051663801074028015,-0.005219172220677137,0.026416992768645287,-0.019497448578476906,0.2786683738231659,0.25601330399513245,0.2786339223384857,0.29905956983566284,-0.0896238312125206,0.42263516783714294,-0.03415171056985855,0.0,0.0,0.0,0.0,0.0,0.0,0.0
42156691019,0,-0.005503254942595959,-0.0208300594240427,-0.8205506801605225,6.569455581484362e-05,-0.04113857448101044,-0.8442511558532715,0.06455186754465103,-0.04004605486989021,-0.003627178957685828,0.011137954890727997,-0.040617235004901886,-0.023700475692749023,0.0012833569198846817,-0.011327407322824001,-0.23742598295211792,0.0,0.0,-0.0047828578390181065,0.1536039113998413,0.04618886858224869,0.2010239213705063,0.003307791193947196,0.08826669305562973,0.27983665466308594,-0.6556273698806763,-0.9770300984382629,-47.5749626159668,-0.3321864604949951,0.3444739282131195,-0.005433380603790283,-0.13972711563110352,0.172231525182724,-0.3114757239818573,0.200286865234375,12.067158699035645,10.710160255432129,12.004770278930664,12.811728477478027,-0.039863280951976776,-0.004599609412252903,0.021464843302965164,-0.029130859300494194,0.0,-0.060457743704319,-0.003570842556655407,0.03543952852487564,-0.020725486800074577,0.0,0.11096564680337906,-0.0033700233325362206,-9.737818717956543,-0.11012693494558334,-0.17664335668087006,-8.640403747558594,0.0,0.0,0.0,0.0,0.0,0.0,0.0,0.0,0.0,0.0,0.0,0.0,-0.05370847508311272,-0.004867143929004669,0.02832116186618805,-0.01966310292482376,0.28199031949043274,0.2553310990333557,0.28077298402786255,0.2964611053466797,-1.4919357299804688,0.32610952854156494,0.028405126184225082,0.0,0.0,0.0,0.0,0.0,0.0,0.0
42169330142,0,-0.0039522601291537285,-0.020622462034225464,-0.8205869793891907,6.569455581484362e-05,-0.04113857448101044,-0.8442511558532715,0.06872249394655228,-0.037826504558324814,-0.0012196364114060998,0.008035949431359768,-0.04103242978453636,-0.02366417646408081,0.0031480027828365564,-0.010237377136945724,-0.233969584107399,0.0,0.0,-0.0047828578390181065,0.1536039113998413,0.04618886858224869,0.2010239213705063,-0.0212703850120306,0.08244816213846207,0.2749044895172119,-0.6556273698806763,-0.9770300984382629,-47.5749626159668,-0.3321864604949951,0.3444739282131195,-0.005433380603790283,-0.13972711563110352,0.172231525182724,-0.3114757239818573,0.200286865234375,12.067158699035645,10.710160255432129,12.004770278930664,12.811728477478027,-0.04139648377895355,-0.006132812704890966,0.02299804612994194,-0.029130859300494194,0.0,-0.060457743704319,-0.003570842556655407,0.03543952852487564,-0.020725486800074577,0.0,0.06554821133613586,0.14560499787330627,-9.755858421325684,-0.12325315177440643,-0.18489855527877808,-8.65605354309082,0.0,0.0,0.0,0.0,0.0,0.0,0.0,0.0,0.0,0.0,0.0,0.0,-0.055851053446531296,-0.004404096864163876,0.030434168875217438,-0.019975891336798668,0.28199031949043274,0.2553310990333557,0.28077298402786255,0.2964611053466797,-1.4919357299804688,0.32610952854156494,0.028405126184225082,0.0,0.0,0.0,0.0,0.0,0.0,0.0
42177064889,0,-0.0039522601291537285,-0.020622462034225464,-0.8205869793891907,6.569455581484362e-05,-0.04113857448101044,-0.8442511558532715,0.06872249394655228,-0.037826504558324814,-0.0012196364114060998,0.006546855438500643,-0.04112781956791878,-0.023646235466003418,0.0031480027828365564,-0.010237377136945724,-0.233969584107399,0.0,0.0,-0.0047828578390181065,0.1536039113998413,0.04618886858224869,0.2010239213705063,-0.0212703850120306,0.08244816213846207,0.2749044895172119,-0.6556273698806763,-0.9770300984382629,-47.5749626159668,-0.3321864604949951,0.3444739282131195,-0.005433380603790283,-0.13972711563110352,0.172231525182724,-0.3114757239818573,0.200286865234375,12.067158699035645,10.710160255432129,12.004770278930664,12.811728477478027,-0.039863280951976776,-0.0076660155318677425,0.02299804612994194,-0.029130859300494194,0.0,-0.060457743704319,-0.003570842556655407,0.03543952852487564,-0.020725486800074577,0.0,0.06554821133613586,0.14560499787330627,-9.755858421325684,-0.12657220661640167,-0.18931135535240173,-8.645557403564453,0.0,0.0,0.0,0.0,0.0,0.0,0.0,0.0,0.0,0.0,0.0,0.0,-0.05775485560297966,-0.004022606182843447,0.03239699453115463,-0.020268045365810394,0.28199031949043274,0.2553310990333557,0.28077298402786255,0.2964611053466797,-1.4919357299804688,0.32610952854156494,0.028405126184225082,0.0,0.0,0.0,0.0,0.0,0.0,0.0
42187223155,0,-0.0032077168580144644,-0.020574767142534256,-0.8206049203872681,6.569455581484362e-05,-0.04113857448101044,-0.8442511558532715,0.0693410113453865,-0.03606577590107918,-0.0023877203930169344,0.006546855438500643,-0.04112781956791878,-0.023646235466003418,0.003885122248902917,-0.009743969887495041,-0.232167050242424,0.0,0.0,-0.0047828578390181065,0.11890348047018051,0.05018378794193268,0.19925880432128906,-0.03558129444718361,0.07687623053789139,0.2705175578594208,-0.6961471438407898,-1.0412124395370483,-47.550567626953125,-0.310333788394928,0.3377884030342102,-0.0027359873056411743,-0.13937485218048096,0.17322129011154175,-0.31340858340263367,0.19720780849456787,12.01607608795166,10.815410614013672,11.90798282623291,12.828580856323242,-0.039863280951976776,-0.0076660155318677425,0.024531250819563866,-0.029130859300494194,0.0,-0.06376983970403671,-0.0027271632570773363,0.03887070342898369,-0.021320682018995285,0.0,-0.0157481599599123,0.1693027764558792,-10.101076126098633,-0.12657220661640167,-0.18931135535240173,-8.645557403564453,0.0,0.0,0.0,0.0,0.0,0.0,0.0,0.0,0.0,0.0,0.0,0.0,-0.05934271588921547,-0.0037127009127289057,0.03408205136656761,-0.020523598417639732,0.28099358081817627,0.2574124038219452,0.2788825035095215,0.29678744077682495,-1.7372280359268188,0.23126260936260223,-0.16529013216495514,0.0,0.0,0.0,0.0,0.0,0.0,0.0
42198193273,0,-0.0032077168580144644,-0.020574767142534256,-0.8206049203872681,6.569455581484362e-05,-0.04113857448101044,-0.8442511558532715,0.0693410113453865,-0.03606577590107918,-0.0023877203930169344,0.006546855438500643,-0.04112781956791878,-0.023646235466003418,0.003885122248902917,-0.009743969887495041,-0.232167050242424,0.0,0.0,-0.0047828578390181065,0.10912835597991943,0.04353153705596924,0.19566774368286133,-0.04439312219619751,0.07672399282455444,0.2681978940963745,-0.7258678078651428,-1.048235297203064,-47.46045684814453,-0.3133983016014099,0.34976136684417725,0.0011559724807739258,-0.1391829550266266,0.17368298768997192,-0.31453096866607666,0.19537204504013062,11.910720825195312,10.86697006225586,11.773896217346191,12.92667293548584,-0.039863280951976776,-0.0076660155318677425,0.027597656473517418,-0.029130859300494194,0.0,-0.0654100850224495,-0.0034335057716816664,0.0404355525970459,-0.020521799102425575,0.0,-0.031138675287365913,0.10250554233789444,-9.418370246887207,-0.12657220661640167,-0.18931135535240173,-8.645557403564453,0.0,0.0,0.0,0.0,0.0,0.0,0.0,0.0,0.0,0.0,0.0,0.0,-0.0608634389936924,-0.003449932672083378,0.03570832312107086,-0.020732054486870766,0.2789360582828522,0.2584311366081238,0.2762605547904968,0.2986854612827301,-1.3806155920028687,-0.2037956863641739,-0.29474520683288574,0.0,0.0,0.0,0.0,0.0,0.0,0.0
42207527199,0,-0.0017225409392267466,-0.020487114787101746,-0.8206372857093811,6.569455581484362e-05,-0.04113857448101044,-0.8442511558532715,0.0700930580496788,-0.03371146321296692,-0.008508962579071522,0.003576488932594657,-0.0413031280040741,-0.02361387014389038,0.006010054610669613,-0.009391541592776775,-0.22838731110095978,0.0,0.0,-0.0047828578390181065,0.08899102360010147,0.030976342037320137,0.20615389943122864,-0.04439312219619751,0.07672399282455444,0.2681978940963745,-0.738425076007843,-1.154059648513794,-47.14084243774414,-0.3078235387802124,0.3623397946357727,-0.012671619653701782,-0.13882732391357422,0.17461243271827698,-0.31706351041793823,0.19194957613945007,12.206262588500977,10.429142951965332,12.01060962677002,12.513278007507324,-0.04139648377895355,-0.006132812704890966,0.027597656473517418,-0.029130859300494194,0.0,-0.06722873449325562,-0.00037877686554566026,0.04315817728638649,-0.02380482479929924,0.0,0.08617700636386871,0.17044483125209808,-9.651773452758789,-0.13280685245990753,-0.19552300870418549,-8.597495079040527,0.0,0.0,0.0,0.0,0.0,0.0,0.0,0.0,0.0,0.0,0.0,0.0,-0.06245855987071991,-0.0031441638711839914,0.03743385151028633,-0.02098408341407776,0.2847023010253906,0.24976302683353424,0.2808869183063507,0.29067379236221313,-1.2333920001983643,-0.41787683963775635,0.19968043267726898,0.0,0.0,0.0,0.0,0.0,0.0,0.0
42217270635,0,-0.0003376441600266844,-0.02038682997226715,-0.8206690549850464,6.569455581484362e-05,-0.04113857448101044,-0.8442511558532715,0.06956791877746582,-0.026834797114133835,-0.012450676411390305,0.0008066814625635743,-0.041503697633743286,-0.023582100868225098,0.007931648753583431,-0.009068615734577179,-0.2241428643465042,0.0,0.0,-0.0047828578390181065,0.06943939626216888,0.03251858055591583,0.20664502680301666,-0.05655398592352867,0.07207383960485458,0.2627504765987396,-0.7358166575431824,-1.1262922286987305,-47.281959533691406,-0.2881730794906616,0.35753414034843445,-0.011980637907981873,-0.13867077231407166,0.17461243271827698,-0.31706351041793823,0.19194957613945007,12.247559547424316,10.518891334533691,12.0057954788208,12.528669357299805,-0.044462889432907104,-0.006132812704890966,0.027597656473517418,-0.029130859300494194,0.0,-0.06610897183418274,-0.0012049868237227201,0.04229433834552765,-0.02305181883275509,0.0,0.1320277899503708,0.09207871556282043,-9.776335716247559,-0.13425910472869873,-0.20982903242111206,-8.571062088012695,0.0,0.0,0.0,0.0,0.0,0.0,0.0,0.0,0.0,0.0,0.0,0.0,-0.06398773193359375,-0.002662528771907091,0.03917332738637924,-0.021442348137497902,0.2847023010253906,0.24976302683353424,0.2808869183063507,0.29067379236221313,-1.6493706703186035,-0.11910074204206467,0.07115843147039413,0.0,0.0,0.0,0.0,0.0,0.0,0.0
42227185104,0,0.00031588601996190846,-0.02034107781946659,-0.8206824064254761,6.569455581484362e-05,-0.04113857448101044,-0.8442511558532715,0.06738961488008499,-0.02924450859427452,-0.009462205693125725,-0.0005003854166716337,-0.041595201939344406,-0.02356874942779541,0.008297904394567013,-0.008618420921266079,-0.22238698601722717,0.0,0.0,-0.0047828578390181065,0.06943939626216888,0.03251858055591583,0.20664502680301666,-0.060257889330387115,0.07049822062253952,0.26059186458587646,-0.7358166575431824,-1.1262922286987305,-47.281959533691406,-0.2881730794906616,0.35753414034843445,-0.011980637907981873,-0.13867077231407166,0.17496950924396515,-0.3183634877204895,0.19039995968341827,12.247559547424316,10.518891334533691,12.0057954788208,12.528669357299805,-0.04599609225988388,-0.006132812704890966,0.029130859300494194,-0.029130859300494194,0.0,-0.06610897183418274,-0.0012049868237227201,0.04229433834552765,-0.02305181883275509,0.0,0.027744652703404427,0.13014499843120575,-9.911372184753418,-0.13378484547138214,-0.20478039979934692,-8.596719741821289,0.0,0.0,0.0,0.0,0.0,0.0,0.0,0.0,0.0,0.0,0.0,0.0,-0.0651828870177269,-0.0021185842342674732,0.040644582360982895,-0.021999457851052284,0.2855064570903778,0.2515430748462677,0.2807929813861847,0.2909727692604065,-1.6493706703186035,-0.11910074204206467,0.07115843147039413,0.0,0.0,0.0,0.0,0.0,0.0,0.0
42236919044,0,0.00031588601996190846,-0.02034107781946659,-0.8206824064254761,6.569455581484362e-05,-0.04113857448101044,-0.8442511558532715,0.06738961488008499,-0.02924450859427452,-0.009462205693125725,-0.0005003854166716337,-0.041595201939344406,-0.02356874942779541,0.008297904394567013,-0.008618420921266079,-0.22238698601722717,0.0,0.0,-0.0047828578390181065,0.032809190452098846,0.025871096178889275,0.20295725762844086,-0.06625109910964966,0.06993743032217026,0.25613144040107727,-0.7591198682785034,-1.104642391204834,-47.53024673461914,-0.2545674443244934,0.3680344820022583,-0.007973149418830872,-0.1384338140487671,0.17496950924396515,-0.3183634877204895,0.19039995968341827,12.278820037841797,10.715867042541504,11.899999618530273,12.656167030334473,-0.04599609225988388,-0.0076660155318677425,0.03066406212747097,-0.029130859300494194,0.0,-0.06596711277961731,-0.0026419649366289377,0.04274139925837517,-0.021543124690651894,0.0,-0.001820812001824379,-0.47092849016189575,-9.621464729309082,-0.13378484547138214,-0.20478039979934692,-8.596719741821289,0.0,0.0,0.0,0.0,0.0,0.0,0.0,0.0,0.0,0.0,0.0,0.0,-0.06593503057956696,-0.0017487724544480443,0.04169320687651634,-0.02239804156124592,0.2855064570903778,0.2515430748462677,0.2807929813861847,0.2909727692604065,-1.9570119380950928,-0.33843564987182617,-0.14204630255699158,0.0,0.0,0.0,0.0,0.0,0.0,0.0
42246696004,0,0.00031588601996190846,-0.02034107781946659,-0.8206824064254761,6.569455581484362e-05,-0.04113857448101044,-0.8442511558532715,0.06738961488008499,-0.02924450859427452,-0.009462205693125725,-0.0005003854166716337,-0.041595201939344406,-0.02356874942779541,0.008297904394567013,-0.008618420921266079,-0.22238698601722717,0.0,0.0,-0.0047828578390181065,0.032809190452098846,0.025871096178889275,0.20295725762844086,-0.06625109910964966,0.06993743032217026,0.25613144040107727,-0.7591198682785034,-1.104642391204834,-47.53024673461914,-0.2545674443244934,0.3680344820022583,-0.007973149418830872,-0.1384338140487671,0.17507725954055786,-0.3205837905406952,0.1877080649137497,12.278820037841797,10.715867042541504,11.899999618530273,12.656167030334473,-0.04599609225988388,-0.0076660155318677425,0.032197266817092896,-0.027597656473517418,0.0,-0.06596711277961731,-0.0026419649366289377,0.04274139925837517,-0.021543124690651894,0.0,-0.001820812001824379,-0.47092849016189575,-9.621464729309082,-0.13378484547138214,-0.20478039979934692,-8.596719741821289,0.0,0.0,0.0,0.0,0.0,0.0,0.0,0.0,0.0,0.0,0.0,0.0,-0.06631740927696228,-0.0016654222272336483,0.04238172620534897,-0.02250591479241848,0.2861151397228241,0.2554439604282379,0.27872657775878906,0.293446809053421,-1.9570119380950928,-0.33843564987182617,-0.14204630255699158,0.0,0.0,0.0,0.0,0.0,0.0,0.0
42257774431,0,0.002755654975771904,-0.0205901600420475,-0.8207457065582275,6.569455581484362e-05,-0.04113857448101044,-0.8442511558532715,0.06889013200998306,-0.0333721749484539,-0.0028093301225453615,-0.005379947833716869,-0.04109703376889229,-0.023505449295043945,0.007845117710530758,-0.008026402443647385,-0.2154752016067505,0.0,0.0,-0.0047828578390181065,0.032809190452098846,0.025871096178889275,0.20295725762844086,-0.0596240870654583,0.0663805678486824,0.25271427631378174,-0.7591198682785034,-1.104642391204834,-47.53024673461914,-0.2545674443244934,0.3680344820022583,-0.007973149418830872,-0.1384338140487671,0.17507725954055786,-0.3205837905406952,0.1877080649137497,12.278820037841797,10.715867042541504,11.899999618530273,12.656167030334473,-0.04599609225988388,-0.0076660155318677425,0.03373046964406967,-0.027597656473517418,0.0,-0.06596711277961731,-0.0026419649366289377,0.04274139925837517,-0.021543124690651894,0.0,0.01533418893814087,-0.15685763955116272,-9.722908973693848,-0.1489298790693283,-0.19777047634124756,-8.645098686218262,0.0,0.0,0.0,0.0,0.0,0.0,0.0,0.0,0.0,0.0,0.0,0.0,-0.06644082814455032,-0.0018046281766146421,0.04278671741485596,-0.022381307557225227,0.2861151397228241,0.2554439604282379,0.27872657775878906,0.293446809053421,-1.9570119380950928,-0.33843564987182617,-0.14204630255699158,0.0,0.0,0.0,0.0,0.0,0.0,0.0
42267173790,0,0.002755654975771904,-0.0205901600420475,-0.8207457065582275,6.569455581484362e-05,-0.04113857448101044,-0.8442511558532715,0.06889013200998306,-0.0333721749484539,-0.0028093301225453615,-0.005379947833716869,-0.04109703376889229,-0.023505449295043945,0.007845117710530758,-0.008026402443647385,-0.2154752016067505,0.0,0.0,-0.0047828578390181065,0.0006193201988935471,0.011768599972128868,0.20245032012462616,-0.06046455353498459,0.06761044263839722,0.25035783648490906,-0.8191143274307251,-1.0877375602722168,-47.54804229736328,-0.21939924359321594,0.38544130325317383,-0.010883614420890808,-0.13819317519664764,0.17447218298912048,-0.3234257102012634,0.18449920415878296,12.441314697265625,10.673103332519531,11.89507007598877,12.562215805053711,-0.04752929508686066,-0.0076660155318677425,0.032197266817092896,-0.026064453646540642,0.0,-0.06631039083003998,-0.005175392609089613,0.04406309127807617,-0.01951870508491993,0.0,0.0077822147868573666,0.28546181321144104,-9.819182395935059,-0.1489298790693283,-0.19777047634124756,-8.645098686218262,0.0,0.0,0.0,0.0,0.0,0.0,0.0,0.0,0.0,0.0,0.0,0.0,-0.06642994284629822,-0.0021444743033498526,0.0430385060608387,-0.022071966901421547,0.2892758250236511,0.2545977830886841,0.27863016724586487,0.29162412881851196,-1.615681767463684,-0.6173768043518066,0.050822582095861435,0.0,0.0,0.0,0.0,0.0,0.0,0.0
42277323411,0,0.002755654975771904,-0.0205901600420475,-0.8207457065582275,6.569455581484362e-05,-0.04113857448101044,-0.8442511558532715,0.06889013200998306,-0.0333721749484539,-0.0028093301225453615,-0.005379947833716869,-0.04109703376889229,-0.023505449295043945,0.007845117710530758,-0.008026402443647385,-0.2154752016067505,0.0,0.0,-0.0047828578390181065,-0.006043399218469858,0.007867129519581795,0.20653867721557617,-0.06156161427497864,0.06798402220010757,0.24810791015625,-0.8373618125915527,-1.111132025718689,-47.47046661376953,-0.21719001233577728,0.39034152030944824,-0.016572177410125732,-0.13810060918331146,0.17408102750778198,-0.3247470259666443,0.18320834636688232,12.576241493225098,10.5065336227417,12.00658130645752,12.405738830566406,-0.04906250163912773,-0.0076660155318677425,0.03373046964406967,-0.026064453646540642,0.0,-0.06676314771175385,-0.005074677988886833,0.044889405369758606,-0.01990353874862194,0.0,-0.0581582710146904,0.3025643825531006,-9.743429183959961,-0.1489298790693283,-0.19777047634124756,-8.645098686218262,0.0,0.0,0.0,0.0,0.0,0.0,0.0,0.0,0.0,0.0,0.0,0.0,-0.06640758365392685,-0.0027493841480463743,0.043328553438186646,-0.0215598251670599,0.291896253824234,0.25129827857017517,0.28080829977989197,0.28858429193496704,-1.240922451019287,-0.5477602481842041,0.2641366422176361,0.0,0.0,0.0,0.0,0.0,0.0,0.0
42286991770,0,0.002755654975771904,-0.0205901600420475,-0.8207457065582275,6.569455581484362e-05,-0.04113857448101044,-0.8442511558532715,0.06889013200998306,-0.0333721749484539,-0.0028093301225453615,-0.005379947833716869,-0.04109703376889229,-0.023505449295043945,0.007845117710530758,-0.008026402443647385,-0.2154752016067505,0.0,0.0,-0.0047828578390181065,-0.037605565041303635,0.010782879777252674,0.202101469039917,-0.04891039803624153,0.06377307325601578,0.24283283948898315,-0.8843837380409241,-1.1753718852996826,-47.562015533447266,-0.17470845580101013,0.3823939859867096,-0.010056331753730774,-0.13792002201080322,0.172801673412323,-0.32779645919799805,0.18030931055545807,12.490188598632812,10.768939018249512,11.813643455505371,12.514460563659668,-0.04906250163912773,-0.0076660155318677425,0.03373046964406967,-0.026064453646540642,0.0,-0.07036495953798294,-0.004367504734545946,0.04897318035364151,-0.020201442763209343,0.0,-0.28260818123817444,-0.10710003972053528,-10.134027481079102,-0.1489298790693283,-0.19777047634124756,-8.645098686218262,0.0,0.0,0.0,0.0,0.0,0.0,0.0,0.0,0.0,0.0,0.0,0.0,-0.06660746783018112,-0.0034479890018701553,0.04390949383378029,-0.020998308435082436,0.2902255058288574,0.25649380683898926,0.2770382761955261,0.2906968891620636,-1.4751198291778564,-0.07834932208061218,-0.05340702831745148,0.0,0.0,0.0,0.0,0.0,0.0,0.0
42296724536,0,0.0053024920634925365,-0.021373992785811424,-0.8208446502685547,6.569455581484362e-05,-0.04113857448101044,-0.8442511558532715,0.07155472785234451,-0.02072826586663723,-0.0023043290711939335,-0.010473647154867649,-0.039529360830783844,-0.023406505584716797,0.007151220925152302,-0.00784046296030283,-0.20862023532390594,0.0,0.0,-0.0047828578390181065,-0.037605565041303635,0.010782879777252674,0.202101469039917,-0.04891039803624153,0.06377307325601578,0.24283283948898315,-0.8843837380409241,-1.1753718852996826,-47.562015533447266,-0.17470845580101013,0.3823939859867096,-0.010056331753730774,-0.13792002201080322,0.172801673412323,-0.32779645919799805,0.18030931055545807,12.490188598632812,10.768939018249512,11.813643455505371,12.514460563659668,-0.04906250163912773,-0.009199218824505806,0.03526367247104645,-0.024531250819563866,0.0,-0.07036495953798294,-0.004367504734545946,0.04897318035364151,-0.020201442763209343,0.0,-0.19342589378356934,-0.1593979001045227,-9.79337215423584,-0.16010867059230804,-0.22177094221115112,-8.64603328704834,0.0,0.0,0.0,0.0,0.0,0.0,0.0,0.0,0.0,0.0,0.0,0.0,-0.06723297387361526,-0.003993870224803686,0.04494120180606842,-0.02056136168539524,0.2902255058288574,0.25649380683898926,0.2770382761955261,0.2906968891620636,-1.4751198291778564,-0.07834932208061218,-0.05340702831745148,0.0,0.0,0.0,0.0,0.0,0.0,0.0
42307057016,0,0.0053024920634925365,-0.021373992785811424,-0.8208446502685547,6.569455581484362e-05,-0.04113857448101044,-0.8442511558532715,0.07155472785234451,-0.02072826586663723,-0.0023043290711939335,-0.011753345839679241,-0.038984499871730804,-0.023354172706604004,0.007151220925152302,-0.00784046296030283,-0.20862023532390594,0.0,0.0,-0.0047828578390181065,-0.050711680203676224,0.014601773582398891,0.20683583617210388,-0.045200273394584656,0.06314019858837128,0.2406945824623108,-0.8789936304092407,-1.2435646057128906,-47.58942794799805,-0.1508425772190094,0.37633851170539856,-0.018386393785476685,-0.13789738714694977,0.17197415232658386,-0.3290337920188904,0.17910604178905487,12.734663009643555,10.612499237060547,11.999881744384766,12.267260551452637,-0.04906250163912773,-0.0076660155318677425,0.03526367247104645,-0.02299804612994194,0.0,-0.07075788080692291,-0.0019781512673944235,0.05006716400384903,-0.02272779680788517,0.0,-0.19342589378356934,-0.1593979001045227,-9.79337215423584,-0.15981702506542206,-0.22610265016555786,-8.652623176574707,0.0,0.0,0.0,0.0,0.0,0.0,0.0,0.0,0.0,0.0,0.0,0.0,-0.06813666224479675,-0.004221062175929546,0.0462430864572525,-0.02039659582078457,0.29496851563453674,0.25339800119400024,0.28067746758461,0.2858901023864746,-1.562016248703003,0.1233699843287468,0.25718042254447937,0.0,0.0,0.0,0.0,0.0,0.0,0.0
42317433731,0,0.0059423381462693214,-0.021646421402692795,-0.8208969831466675,6.569455581484362e-05,-0.04113857448101044,-0.8442511558532715,0.07051301002502441,-0.01790783740580082,-0.0013852318516001105,-0.011753345839679241,-0.038984499871730804,-0.023354172706604004,0.0063318535685539246,-0.007590166293084621,-0.20710337162017822,0.0,0.0,-0.0047828578390181065,-0.06621204316616058,0.0027854943182319403,0.20865651965141296,-0.045200273394584656,0.06314019858837128,0.2406945824623108,-0.9321990609169006,-1.2625352144241333,-47.52637481689453,-0.1508425772190094,0.37633851170539856,-0.018386393785476685,-0.13789738714694977,0.17197415232658386,-0.3290337920188904,0.17910604178905487,12.781747817993164,10.518486976623535,11.92412281036377,12.174768447875977,-0.04906250163912773,-0.0076660155318677425,0.036796875298023224,-0.02299804612994194,0.0,-0.07249835878610611,-0.0031465610954910517,0.052528418600559235,-0.021906068548560143,0.0,-0.19342589378356934,-0.1593979001045227,-9.79337215423584,-0.15981702506542206,-0.22610265016555786,-8.652623176574707,0.0,0.0,0.0,0.0,0.0,0.0,0.0,0.0,0.0,0.0,0.0,0.0,-0.06912694871425629,-0.004083045292645693,0.04765209183096886,-0.02059127949178219,0.29496851563453674,0.25339800119400024,0.28067746758461,0.2858901023864746,-0.7594801187515259,-0.35478150844573975,0.22154511511325836,0.0,0.0,0.0,0.0,0.0,0.0,0.0
42327032835,0,0.0059423381462693214,-0.021646421402692795,-0.8208969831466675,6.569455581484362e-05,-0.04113857448101044,-0.8442511558532715,0.07051301002502441,-0.01790783740580082,-0.0013852318516001105,-0.011753345839679241,-0.038984499871730804,-0.023354172706604004,0.0063318535685539246,-0.007590166293084621,-0.20710337162017822,0.0,0.0,-0.0047828578390181065,-0.06621204316616058,0.0027854943182319403,0.20865651965141296,-0.03530769795179367,0.06313248723745346,0.23663920164108276,-0.9192967414855957,-1.2877141237258911,-47.37273406982422,-0.13120216131210327,0.3959587812423706,-0.019948214292526245,-0.13776814937591553,0.16970130801200867,-0.3320639729499817,0.17648792266845703,12.781747817993164,10.518486976623535,11.92412281036377,12.174768447875977,-0.04906250163912773,-0.006132812704890966,0.036796875298023224,-0.021464843302965164,0.0,-0.07282780855894089,-0.0018531929235905409,0.05290473252534866,-0.023000674322247505,0.0,-0.24473783373832703,-0.021173490211367607,-9.379603385925293,-0.15981702506542206,-0.22610265016555786,-8.652623176574707,0.0,0.0,0.0,0.0,0.0,0.0,0.0,0.0,0.0,0.0,0.0,0.0,-0.07017100602388382,-0.0037287939339876175,0.049148689955472946,-0.021018046885728836,0.29588064551353455,0.2515352964401245,0.27919796109199524,0.28408849239349365,-0.7594801187515259,-0.35478150844573975,0.22154511511325836,0.0,0.0,0.0,0.0,0.0,0.0,0.0
42336910739,0,0.008476795628666878,-0.022735752165317535,-0.8211159706115723,6.569455581484362e-05,-0.04113857448101044,-0.8442511558532715,0.07143885642290115,-0.010857591405510902,-0.013195840641856194,-0.01682228595018387,-0.03680582717061043,-0.02313518524169922,0.0042094639502465725,-0.007728763855993748,-0.19941827654838562,0.0,0.0,-0.0047828578390181065,-0.06621204316616058,0.0027854943182319403,0.20865651965141296,-0.03530769795179367,0.06313248723745346,0.23663920164108276,-0.9192967414855957,-1.2877141237258911,-47.37273406982422,-0.13120216131210327,0.3959587812423706,-0.019948214292526245,-0.13776814937591553,0.16970130801200867,-0.3320639729499817,0.17648792266845703,12.781747817993164,10.518486976623535,11.92412281036377,12.174768447875977,-0.05059570446610451,-0.006132812704890966,0.036796875298023224,-0.021464843302965164,0.0,-0.07282780855894089,-0.0018531929235905409,0.05290473252534866,-0.023000674322247505,0.0,-0.24473783373832703,-0.021173490211367607,-9.379603385925293,-0.17031902074813843,-0.23681272566318512,-8.56420612335205,0.0,0.0,0.0,0.0,0.0,0.0,0.0,0.0,0.0,0.0,0.0,0.0,-0.07115954160690308,-0.0032681352458894253,0.05056046321988106,-0.021543290466070175,0.29588064551353455,0.2515352964401245,0.27919796109199524,0.28408849239349365,-0.7594801187515259,-0.35478150844573975,0.22154511511325836,0.0,0.0,0.0,0.0,0.0,0.0,0.0
42347304445,0,0.008476795628666878,-0.022735752165317535,-0.8211159706115723,6.569455581484362e-05,-0.04113857448101044,-0.8442511558532715,0.07143885642290115,-0.010857591405510902,-0.013195840641856194,-0.01682228595018387,-0.03680582717061043,-0.02313518524169922,0.0042094639502465725,-0.007728763855993748,-0.19941827654838562,0.0,0.0,-0.0047828578390181065,-0.07091512531042099,0.017638038843870163,0.1941520720720291,-0.02487972564995289,0.05981578677892685,0.23148593306541443,-0.936754584312439,-1.3024699687957764,-47.10313415527344,-0.12286248803138733,0.38125088810920715,-0.010371118783950806,-0.13768799602985382,0.16736207902431488,-0.3350861668586731,0.17394782602787018,12.465335845947266,10.725394248962402,11.626989364624023,12.311174392700195,-0.05059570446610451,-0.006132812704890966,0.038330078125,-0.02299804612994194,0.0,-0.07558908313512802,-0.001898381276987493,0.05524656921625137,-0.02266109175980091,0.0,-0.1739008128643036,-0.13195675611495972,-9.815760612487793,-0.17031902074813843,-0.23681272566318512,-8.56420612335205,0.0,0.0,0.0,0.0,0.0,0.0,0.0,0.0,0.0,0.0,0.0,0.0,-0.07208093255758286,-0.002782567171379924,0.05179540440440178,-0.022054871544241905,0.28974252939224243,0.25563254952430725,0.2733839750289917,0.2867449223995209,-0.26316869258880615,0.4142598807811737,-0.40757060050964355,0.0,0.0,0.0,0.0,0.0,0.0,0.0
42357476687,0,0.008476795628666878,-0.022735752165317535,-0.8211159706115723,6.569455581484362e-05,-0.04113857448101044,-0.8442511558532715,0.07143885642290115,-0.010857591405510902,-0.013195840641856194,-0.01682228595018387,-0.03680582717061043,-0.02313518524169922,0.0042094639502465725,-0.007728763855993748,-0.19941827654838562,0.0,0.0,-0.0047828578390181065,-0.07091512531042099,0.017638038843870163,0.1941520720720291,-0.01759258843958378,0.056546974927186966,0.22954368591308594,-0.9147477149963379,-1.2843025922775269,-47.12824249267578,-0.11038338392972946,0.3710326850414276,-0.004470840096473694,-0.13766372203826904,0.16633760929107666,-0.33626633882522583,0.1727539747953415,12.327573776245117,10.914060592651367,11.482789993286133,12.430265426635742,-0.04906250163912773,-0.006132812704890966,0.038330078125,-0.021464843302965164,0.0,-0.07527779042720795,-0.0017387731932103634,0.054704517126083374,-0.022551052272319794,0.0,-0.4170554578304291,-0.10191847383975983,-9.630938529968262,-0.17031902074813843,-0.23681272566318512,-8.56420612335205,0.0,0.0,0.0,0.0,0.0,0.0,0.0,0.0,0.0,0.0,0.0,0.0,-0.0730396956205368,-0.002371154958382249,0.05290655791759491,-0.022428926080465317,0.2870641350746155,0.25936105847358704,0.2705558240413666,0.2890610098838806,-0.26316869258880615,0.4142598807811737,-0.40757060050964355,0.0,0.0,0.0,0.0,0.0,0.0,0.0
42366944695,0,0.009717291221022606,-0.02328222058713436,-0.8212271332740784,6.569455581484362e-05,-0.04113857448101044,-0.8442511558532715,0.0652061179280281,-0.010963179171085358,-0.00963536649942398,-0.01930329017341137,-0.03571288660168648,-0.023024022579193115,0.0024834475480020046,-0.007022961508482695,-0.1961260437965393,0.0,0.0,-0.0047828578390181065,-0.07301860302686691,0.012820783071219921,0.19448992609977722,-0.00446115480735898,0.05500546097755432,0.2251700460910797,-0.9400762319564819,-1.232345461845398,-47.46076202392578,-0.09397720545530319,0.3816359043121338,-0.009425878524780273,-0.1376171112060547,0.16406382620334625,-0.33875295519828796,0.17012116312980652,12.578207015991211,10.881202697753906,11.647468566894531,12.380924224853516,-0.05059570446610451,-0.006132812704890966,0.039863280951976776,-0.018398437649011612,0.0,-0.07302050292491913,-0.004250562749803066,0.05312521010637283,-0.020429344847798347,0.0,-0.4170554578304291,-0.10191847383975983,-9.630938529968262,-0.16388502717018127,-0.23252268135547638,-8.59736442565918,0.0,0.0,0.0,0.0,0.0,0.0,0.0,0.0,0.0,0.0,0.0,0.0,-0.07383444160223007,-0.002175362082198262,0.05373695492744446,-0.022542623803019524,0.29193446040153503,0.25871214270591736,0.27378517389297485,0.28810179233551025,-0.15291734039783478,-0.06982874870300293,-0.006808933336287737,0.0,0.0,0.0,0.0,0.0,0.0,0.0
42379087861,0,0.01090871449559927,-0.023711595684289932,-0.8213232159614563,6.569455581484362e-05,-0.04113857448101044,-0.8442511558532715,0.0642862617969513,-0.01821424812078476,-0.0023670908994972706,-0.021686147898435593,-0.03485413268208504,-0.022927939891815186,0.0008204273181036115,-0.006892997771501541,-0.19247262179851532,0.0,0.0,-0.0047828578390181065,-0.06830786168575287,0.012450385838747025,0.20271673798561096,-0.00446115480735898,0.05500546097755432,0.2251700460910797,-0.9371907114982605,-1.1914256811141968,-47.59099578857422,-0.09647322446107864,0.38170677423477173,-0.01990067958831787,-0.13759951293468475,0.16406382620334625,-0.33875295519828796,0.17012116312980652,12.8689546585083,10.647466659545898,11.945978164672852,12.156170845031738,-0.05059570446610451,-0.006132812704890966,0.04139648377895355,-0.019931640475988388,0.0,-0.0701599046587944,-0.005605028010904789,0.05049993097782135,-0.01969911716878414,0.0,-0.3916088938713074,0.47231540083885193,-9.77967357635498,-0.1703983098268509,-0.21662284433841705,-8.652908325195312,0.0,0.0,0.0,0.0,0.0,0.0,0.0,0.0,0.0,0.0,0.0,0.0,-0.0740472748875618,-0.0024086101911962032,0.05398421362042427,-0.022272774949669838,0.29193446040153503,0.25871214270591736,0.27378517389297485,0.28810179233551025,0.12008930742740631,-0.00639589037746191,0.3574526309967041,0.0,0.0,0.0,0.0,0.0,0.0,0.0
42387030312,0,0.01090871449559927,-0.023711595684289932,-0.8213232159614563,6.569455581484362e-05,-0.04113857448101044,-0.8442511558532715,0.0642862617969513,-0.01821424812078476,-0.0023670908994972706,-0.02277415245771408,-0.03455168753862381,-0.022890806198120117,0.0008204273181036115,-0.006892997771501541,-0.19247262179851532,0.0,0.0,-0.0047828578390181065,-0.06830786168575287,0.012450385838747025,0.20271673798561096,-0.003337596310302615,0.055228136479854584,0.22197023034095764,-0.9371907114982605,-1.1914256811141968,-47.59099578857422,-0.09647322446107864,0.38170677423477173,-0.01990067958831787,-0.13759951293468475,0.1628611534833908,-0.3401329517364502,0.1688992828130722,12.8689546585083,10.647466659545898,11.945978164672852,12.156170845031738,-0.052128907293081284,-0.006132812704890966,0.04139648377895355,-0.019931640475988388,0.0,-0.0701599046587944,-0.005605028010904789,0.05049993097782135,-0.01969911716878414,0.0,-0.3916088938713074,0.47231540083885193,-9.77967357635498,-0.16892904043197632,-0.21841755509376526,-8.659036636352539,0.0,0.0,0.0,0.0,0.0,0.0,0.0,0.0,0.0,0.0,0.0,0.0,-0.07356657832860947,-0.003050666768103838,0.05358397588133812,-0.021698838099837303,0.2975689470767975,0.25409042835235596,0.27962493896484375,0.28372618556022644,0.12008930742740631,-0.00639589037746191,0.3574526309967041,0.0,0.0,0.0,0.0,0.0,0.0,0.0
42397015387,0,0.01145271398127079,-0.023862816393375397,-0.8213603496551514,6.569455581484362e-05,-0.04113857448101044,-0.8442511558532715,0.06257059425115585,-0.016711276024580002,-0.0013236626982688904,-0.02277415245771408,-0.03455168753862381,-0.022890806198120117,0.0003422963200137019,-0.006779423449188471,-0.1903957575559616,0.0,0.0,-0.0047828578390181065,-0.06218944862484932,0.01725425198674202,0.20694582164287567,-0.003337596310302615,0.055228136479854584,0.22197023034095764,-0.9593905806541443,-1.1966547966003418,-47.702030181884766,-0.09647322446107864,0.38170677423477173,-0.01990067958831787,-0.13759951293468475,0.1628611534833908,-0.3401329517364502,0.1688992828130722,12.979327201843262,10.582219123840332,12.090502738952637,12.077775955200195,-0.05366211012005806,-0.006132812704890966,0.04292968660593033,-0.021464843302965164,0.0,-0.07031131535768509,-0.00620659114792943,0.05069887638092041,-0.019330117851495743,0.0,-0.3916088938713074,0.47231540083885193,-9.77967357635498,-0.16892904043197632,-0.21841755509376526,-8.659036636352539,0.0,0.0,0.0,0.0,0.0,0.0,0.0,0.0,0.0,0.0,0.0,0.0,-0.07270852476358414,-0.0038655386306345463,0.05282721668481827,-0.021030543372035027,0.2975689470767975,0.25409042835235596,0.27962493896484375,0.28372618556022644,0.3190992772579193,0.22578047215938568,0.3262906074523926,0.0,0.0,0.0,0.0,0.0,0.0,0.0
42406880399,0,0.012022389099001884,-0.023986173793673515,-0.8213854432106018,6.569455581484362e-05,-0.04113857448101044,-0.8442511558532715,0.06397317349910736,-0.017231181263923645,0.0007476608734577894,-0.023913508281111717,-0.03430497273802757,-0.022865712642669678,0.00011426646960899234,-0.006615662481635809,-0.18846333026885986,0.0,0.0,-0.0047828578390181065,-0.05982393026351929,0.01790163479745388,0.20586355030536652,-0.003337596310302615,0.055228136479854584,0.22197023034095764,-0.9890915751457214,-1.2125515937805176,-47.735469818115234,-0.09431079030036926,0.37298089265823364,-0.021166712045669556,-0.13760803639888763,0.16063319146633148,-0.3426898121833801,0.1668725609779358,12.9293794631958,10.66683578491211,12.022844314575195,12.144757270812988,-0.05366211012005806,-0.004599609412252903,0.04292968660593033,-0.02299804612994194,0.0,-0.07183414697647095,-0.0066157798282802105,0.05232633650302887,-0.0188223198056221,0.0,-0.3916088938713074,0.47231540083885193,-9.77967357635498,-0.17443464696407318,-0.2175735980272293,-8.673096656799316,0.0,0.0,0.0,0.0,0.0,0.0,0.0,0.0,0.0,0.0,0.0,0.0,-0.07190743833780289,-0.004689415451139212,0.05212819576263428,-0.020381689071655273,0.29873764514923096,0.25447386503219604,0.2811257541179657,0.28350359201431274,0.2740984261035919,0.15048758685588837,0.06441235542297363,0.0,0.0,0.0,0.0,0.0,0.0,0.0
42417511954,0,0.0137545857578516,-0.02440451644361019,-0.821369469165802,6.569455581484362e-05,-0.04113857448101044,-0.8442511558532715,0.06523219496011734,-0.008530774153769016,0.005993696395307779,-0.027377920225262642,-0.03346828371286392,-0.022881686687469482,-0.0011226368369534612,-0.006382486317306757,-0.18339155614376068,0.0,0.0,-0.0047828578390181065,-0.05982393026351929,0.01790163479745388,0.20586355030536652,0.013801195658743382,0.0480974055826664,0.21508538722991943,-0.9890915751457214,-1.2125515937805176,-47.735469818115234,-0.09431079030036926,0.37298089265823364,-0.021166712045669556,-0.13760803639888763,0.15969906747341156,-0.3437342345714569,0.16605409979820251,12.9293794631958,10.66683578491211,12.022844314575195,12.144757270812988,-0.05366211012005806,-0.004599609412252903,0.044462889432907104,-0.02299804612994194,0.0,-0.07183414697647095,-0.0066157798282802105,0.05232633650302887,-0.0188223198056221,0.0,-0.43746572732925415,-0.1354568600654602,-9.76883602142334,-0.1814776062965393,-0.23395265638828278,-8.708304405212402,0.0,0.0,0.0,0.0,0.0,0.0,0.0,0.0,0.0,0.0,0.0,0.0,-0.07142968475818634,-0.005431198049336672,0.05174589157104492,-0.01979825273156166,0.29892027378082275,0.25486770272254944,0.28100156784057617,0.2834136188030243,0.2740984261035919,0.15048758685588837,0.06441235542297363,0.0,0.0,0.0,0.0,0.0,0.0,0.0
42427862709,0,0.0137545857578516,-0.02440451644361019,-0.821369469165802,6.569455581484362e-05,-0.04113857448101044,-0.8442511558532715,0.06523219496011734,-0.008530774153769016,0.005993696395307779,-0.027377920225262642,-0.03346828371286392,-0.022881686687469482,-0.0011226368369534612,-0.006382486317306757,-0.18339155614376068,0.0,0.0,-0.0047828578390181065,-0.05667019635438919,0.014504240825772285,0.20562006533145905,0.016220318153500557,0.0488102026283741,0.21267056465148926,-0.9981268644332886,-1.2867395877838135,-47.89567565917969,-0.0876922681927681,0.3802529275417328,-0.021793320775032043,-0.1376638561487198,0.15878891944885254,-0.3447864353656769,0.16524824500083923,13.0081787109375,10.689871788024902,12.057466506958008,12.171124458312988,-0.05366211012005806,-0.006132812704890966,0.044462889432907104,-0.02299804612994194,0.0,-0.07367084175348282,-0.0044523258693516254,0.05461469665169716,-0.02067948505282402,0.0,-0.33088889718055725,0.33114826679229736,-9.872949600219727,-0.1814776062965393,-0.23395265638828278,-8.708304405212402,0.0,0.0,0.0,0.0,0.0,0.0,0.0,0.0,0.0,0.0,0.0,0.0,-0.07135409116744995,-0.005914799403399229,0.051770538091659546,-0.019416898488998413,0.29892027378082275,0.25486770272254944,0.28100156784057617,0.2834136188030243,0.17938600480556488,-0.11605385690927505,-0.050319261848926544,0.0,0.0,0.0,0.0,0.0,0.0,0.0
42438529549,0,0.014916367828845978,-0.024658532813191414,-0.8213270902633667,6.569455581484362e-05,-0.04113857448101044,-0.8442511558532715,0.06299802660942078,-0.0034600594080984592,0.007001018617302179,-0.02970149554312229,-0.03296024724841118,-0.022924065589904785,-0.0020837420597672462,-0.006176052615046501,-0.1800106316804886,0.0,0.0,-0.0047828578390181065,-0.04437554255127907,0.008064882829785347,0.2008676677942276,0.0182757917791605,0.048489026725292206,0.21023690700531006,-1.0174574851989746,-1.3359158039093018,-47.90700912475586,-0.10112859308719635,0.3896610736846924,-0.016602039337158203,-0.13772252202033997,0.15766553580760956,-0.3462710380554199,0.164160817861557,12.876057624816895,10.787300109863281,11.937281608581543,12.339336395263672,-0.05366211012005806,-0.006132812704890966,0.044462889432907104,-0.02299804612994194,0.0,-0.07631956785917282,-0.00343983038328588,0.05719199404120445,-0.021258044987916946,0.0,-0.33088889718055725,0.33114826679229736,-9.872949600219727,-0.18045702576637268,-0.24240034818649292,-8.71218490600586,0.0,0.0,0.0,0.0,0.0,0.0,0.0,0.0,0.0,0.0,0.0,0.0,-0.07178187370300293,-0.005935870110988617,0.05232081189751625,-0.01940333843231201,0.2977062463760376,0.2568567991256714,0.2794549763202667,0.2872929573059082,0.6114392876625061,-0.29658931493759155,-0.2809327244758606,0.0,0.0,0.0,0.0,0.0,0.0,0.0
42448534843,0,0.014916367828845978,-0.024658532813191414,-0.8213270902633667,6.569455581484362e-05,-0.04113857448101044,-0.8442511558532715,0.06299802660942078,-0.0034600594080984592,0.007001018617302179,-0.02970149554312229,-0.03296024724841118,-0.022924065589904785,-0.0020837420597672462,-0.006176052615046501,-0.1800106316804886,0.0,0.0,-0.0047828578390181065,-0.020650258287787437,0.020384935662150383,0.19413679838180542,0.018737955018877983,0.04359865561127663,0.2058432698249817,-0.9828464984893799,-1.3200609683990479,-47.711631774902344,-0.12732219696044922,0.36797571182250977,-0.011508733034133911,-0.13783565163612366,0.15641680359840393,-0.3483268618583679,0.16246284544467926,12.62499713897705,10.859414100646973,11.835981369018555,12.424243927001953,-0.05366211012005806,-0.006132812704890966,0.044462889432907104,-0.021464843302965164,0.0,-0.07643258571624756,-0.0028176524210721254,0.05616169050335884,-0.021656515076756477,0.0,-0.018263254314661026,0.19352443516254425,-10.23643970489502,-0.18045702576637268,-0.24240034818649292,-8.71218490600586,0.0,0.0,0.0,0.0,0.0,0.0,0.0,0.0,0.0,0.0,0.0,0.0,-0.07271261513233185,-0.005503652151674032,0.05332387983798981,-0.01973060332238674,0.2928423583507538,0.2582818567752838,0.2774752378463745,0.28894415497779846,1.0293607711791992,0.35648787021636963,-0.4338608384132385,0.0,0.0,0.0,0.0,0.0,0.0,0.0
42456880565,0,0.01596933603286743,-0.024853942915797234,-0.8212929964065552,6.569455581484362e-05,-0.04113857448101044,-0.8442511558532715,0.06277189403772354,-0.001987932715564966,-0.0018071902450174093,-0.031807444989681244,-0.03256942704319954,-0.02295815944671631,-0.002167466329410672,-0.005561739671975374,-0.17634737491607666,0.0,0.0,-0.0047828578390181065,-0.007021835073828697,0.027456577867269516,0.18939733505249023,0.018737955018877983,0.04359865561127663,0.2058432698249817,-0.9828464984893799,-1.3200609683990479,-47.711631774902344,-0.12732219696044922,0.36797571182250977,-0.011508733034133911,-0.13783565163612366,0.15641680359840393,-0.3483268618583679,0.16246284544467926,12.457358360290527,10.88994026184082,11.750900268554688,12.473470687866211,-0.055195312947034836,-0.006132812704890966,0.044462889432907104,-0.021464843302965164,0.0,-0.07746320962905884,-0.002809758298099041,0.05656876415014267,-0.021571025252342224,0.0,-0.2941858768463135,0.031227795407176018,-9.579835891723633,-0.18413394689559937,-0.24467366933822632,-8.643342971801758,0.0,0.0,0.0,0.0,0.0,0.0,0.0,0.0,0.0,0.0,0.0,0.0,-0.07389912754297256,-0.004823780152946711,0.05440715700387955,-0.020224612206220627,0.2928423583507538,0.2582818567752838,0.2774752378463745,0.28894415497779846,1.1298656463623047,0.4996851980686188,-0.4666443169116974,0.0,0.0,0.0,0.0,0.0,0.0,0.0
42471928410,0,0.01596933603286743,-0.024853942915797234,-0.8212929964065552,6.569455581484362e-05,-0.04113857448101044,-0.8442511558532715,0.06277189403772354,-0.001987932715564966,-0.0018071902450174093,-0.031807444989681244,-0.03256942704319954,-0.02295815944671631,-0.002167466329410672,-0.005561739671975374,-0.17634737491607666,0.0,0.0,-0.0047828578390181065,-0.007021835073828697,0.027456577867269516,0.18939733505249023,0.016452938318252563,0.04069441929459572,0.20355018973350525,-1.0127366781234741,-1.3457051515579224,-47.538387298583984,-0.1437651664018631,0.35758858919143677,-0.00818854570388794,-0.13791000843048096,0.15594127774238586,-0.3493475914001465,0.1613796353340149,12.457358360290527,10.88994026184082,11.750900268554688,12.473470687866211,-0.055195312947034836,-0.0076660155318677425,0.04599609225988388,-0.021464843302965164,0.0,-0.0790506899356842,-0.0029550346080213785,0.05823550373315811,-0.021457120776176453,0.0,-0.2941858768463135,0.031227795407176018,-9.579835891723633,-0.18413394689559937,-0.24467366933822632,-8.643342971801758,0.0,0.0,0.0,0.0,0.0,0.0,0.0,0.0,0.0,0.0,0.0,0.0,-0.07516602426767349,-0.004124834667891264,0.0553969070315361,-0.020714713260531425,0.28958749771118164,0.2588847577571869,0.27581068873405457,0.2899007201194763,1.1298656463623047,0.4996851980686188,-0.4666443169116974,0.0,0.0,0.0,0.0,0.0,0.0,0.0
42479689386,0,0.016506360843777657,-0.024958834052085876,-0.8212734460830688,6.569455581484362e-05,-0.04113857448101044,-0.8442511558532715,0.057516273111104965,-0.0021264473907649517,-0.0055141388438642025,-0.03288149833679199,-0.032359641045331955,-0.022977709770202637,-0.001894721994176507,-0.005186055786907673,-0.1744363158941269,0.0,0.0,-0.0047828578390181065,-0.007021835073828697,0.027456577867269516,0.18939733505249023,0.016452938318252563,0.04069441929459572,0.20355018973350525,-0.954993486404419,-1.3415919542312622,-47.50209426879883,-0.1583690345287323,0.33017227053642273,-0.008280858397483826,-0.1380685269832611,0.1553700566291809,-0.35085853934288025,0.15918880701065063,12.386205673217773,10.897750854492188,11.80833625793457,12.442269325256348,-0.05672851577401161,-0.0076660155318677425,0.04599609225988388,-0.019931640475988388,0.0,-0.07774857431650162,-0.0012288049329072237,0.056082263588905334,-0.023049093782901764,0.0,-0.014124971814453602,-0.036722224205732346,-10.011392593383789,-0.17621852457523346,-0.24226659536361694,-8.61701488494873,0.0,0.0,0.0,0.0,0.0,0.0,0.0,0.0,0.0,0.0,0.0,0.0,-0.07637262344360352,-0.0034788886550813913,0.05623125657439232,-0.021171439439058304,0.28958749771118164,0.2588847577571869,0.27581068873405457,0.2899007201194763,1.1298656463623047,0.4996851980686188,-0.4666443169116974,0.0,0.0,0.0,0.0,0.0,0.0,0.0
42487027286,0,0.017467547208070755,-0.025174761191010475,-0.8212484121322632,6.569455581484362e-05,-0.04113857448101044,-0.8442511558532715,0.054290059953927994,-0.00037320423871278763,-0.003837114665657282,-0.034803882241249084,-0.03192778676748276,-0.0230027437210083,-0.0017494169296696782,-0.0039978777058422565,-0.17096830904483795,0.0,0.0,-0.0047828578390181065,-0.007021835073828697,0.027456577867269516,0.18939733505249023,0.014756201766431332,0.031464919447898865,0.19887691736221313,-0.954993486404419,-1.3415919542312622,-47.50209426879883,-0.1583690345287323,0.33017227053642273,-0.008280858397483826,-0.1380685269832611,0.1553700566291809,-0.35085853934288025,0.15918880701065063,12.386205673217773,10.897750854492188,11.80833625793457,12.442269325256348,-0.05672851577401161,-0.006132812704890966,0.04906250163912773,-0.021464843302965164,0.0,-0.07774857431650162,-0.0012288049329072237,0.056082263588905334,-0.023049093782901764,0.0,-0.019947204738855362,0.36087337136268616,-10.26058292388916,-0.17363518476486206,-0.2439258098602295,-8.636744499206543,0.0,0.0,0.0,0.0,0.0,0.0,0.0,0.0,0.0,0.0,0.0,0.0,-0.07728001475334167,-0.0028256371151655912,0.05671343952417374,-0.02166910097002983,0.2882046401500702,0.25903892517089844,0.27693453431129456,0.2892942428588867,1.1298656463623047,0.4996851980686188,-0.4666443169116974,0.0,0.0,0.0,0.0,0.0,0.0,0.0
42497325696,0,0.01795176975429058,-0.025166116654872894,-0.8212405443191528,6.569455581484362e-05,-0.04113857448101044,-0.8442511558532715,0.049234069883823395,-0.0013119023060426116,0.0013997700298205018,-0.035772331058979034,-0.03194507583975792,-0.023010611534118652,-0.0014985058223828673,-0.003327786922454834,-0.16940048336982727,0.0,0.0,-0.0047828578390181065,0.023780588060617447,0.05328679084777832,0.1887417584657669,0.014756201766431332,0.031464919447898865,0.19887691736221313,-0.9136219024658203,-1.3227838277816772,-47.732688903808594,-0.18063610792160034,0.3187009394168854,-0.01379576325416565,-0.13815253973007202,0.15533606708049774,-0.35136857628822327,0.15814031660556793,12.531800270080566,10.799944877624512,12.054962158203125,12.379225730895996,-0.05672851577401161,-0.006132812704890966,0.04906250163912773,-0.019931640475988388,0.0,-0.0751480832695961,-0.0005097449175082147,0.053158581256866455,-0.023818474262952805,0.0,-0.019947204738855362,0.36087337136268616,-10.26058292388916,-0.16611307859420776,-0.2405061423778534,-8.678670883178711,0.0,0.0,0.0,0.0,0.0,0.0,0.0,0.0,0.0,0.0,0.0,0.0,-0.07769278436899185,-0.002176529262214899,0.056699238717556,-0.022203996777534485,0.29103344678878784,0.2571067214012146,0.28175240755081177,0.28806889057159424,1.1351717710494995,0.6706713438034058,-0.03633968159556389,0.0,0.0,0.0,0.0,0.0,0.0,0.0
42515518431,0,0.01795176975429058,-0.025166116654872894,-0.8212405443191528,6.569455581484362e-05,-0.04113857448101044,-0.8442511558532715,0.049234069883823395,-0.0013119023060426116,0.0013997700298205018,-0.035772331058979034,-0.03194507583975792,-0.023010611534118652,-0.0014985058223828673,-0.003327786922454834,-0.16940048336982727,0.0,0.0,-0.0047828578390181065,0.05912553891539574,0.06064356490969658,0.20572812855243683,0.009832262992858887,0.027325859293341637,0.19651325047016144,-0.9170106053352356,-1.3191412687301636,-47.96200942993164,-0.18063610792160034,0.3187009394168854,-0.01379576325416565,-0.13815253973007202,0.15533606708049774,-0.35136857628822327,0.15814031660556793,13.043754577636719,10.289327621459961,12.773076057434082,11.996238708496094,-0.059794921427965164,-0.0076660155318677425,0.04906250163912773,-0.02299804612994194,0.0,-0.07218644767999649,-0.0007766404305584729,0.05016034469008446,-0.024371759966015816,0.0,-0.036447182297706604,-0.04532130807638168,-9.709324836730957,-0.16611307859420776,-0.2405061423778534,-8.678670883178711,0.0,0.0,0.0,0.0,0.0,0.0,0.0,0.0,0.0,0.0,0.0,0.0,-0.07740955799818039,-0.0015952069079503417,0.056035470217466354,-0.022755011916160583,0.29103344678878784,0.2571067214012146,0.28175240755081177,0.28806889057159424,1.7833410501480103,0.4529018998146057,0.5973533987998962,0.0,0.0,0.0,0.0,0.0,0.0,0.0
42517261260,0,0.01947091706097126,-0.025017688050866127,-0.8212360739707947,6.569455581484362e-05,-0.04113857448101044,-0.8442511558532715,0.04719395935535431,-0.0010854883585125208,0.008644623681902885,-0.03881064057350159,-0.032241933047771454,-0.023015081882476807,0.00047374021960422397,-0.001677289023064077,-0.16376782953739166,0.0,0.0,-0.0047828578390181065,0.05912553891539574,0.06064356490969658,0.20572812855243683,-0.002227810211479664,0.017292404547333717,0.19164815545082092,-0.8996776342391968,-1.3456648588180542,-48.06493377685547,-0.23508897423744202,0.3040667772293091,-0.03499405086040497,-0.1383170634508133,0.1559022217988968,-0.35194694995880127,0.15677760541439056,13.043754577636719,10.289327621459961,12.773076057434082,11.996238708496094,-0.059794921427965164,-0.009199218824505806,0.04906250163912773,-0.024531250819563866,0.0,-0.07244998216629028,0.0007129375590011477,0.05040103569626808,-0.025679612532258034,0.0,-0.036447182297706604,-0.04532130807638168,-9.709324836730957,-0.1685684770345688,-0.24120140075683594,-8.72811222076416,0.0,0.0,0.0,0.0,0.0,0.0,0.0,0.0,0.0,0.0,0.0,0.0,-0.07645523548126221,-0.001077228575013578,0.054774314165115356,-0.02335914969444275,0.30094847083091736,0.24698665738105774,0.2957127094268799,0.28060638904571533,1.7833410501480103,0.4529018998146057,0.5973533987998962,0.0,0.0,0.0,0.0,0.0,0.0,0.0
42527197177,0,0.01947091706097126,-0.025017688050866127,-0.8212360739707947,6.569455581484362e-05,-0.04113857448101044,-0.8442511558532715,0.04719395935535431,-0.0010854883585125208,0.008644623681902885,-0.03881064057350159,-0.032241933047771454,-0.023015081882476807,0.00047374021960422397,-0.001677289023064077,-0.16376782953739166,0.0,0.0,-0.0047828578390181065,0.05912553891539574,0.06064356490969658,0.20572812855243683,-0.02249142900109291,0.0019115854520350695,0.1865788698196411,-0.9296031594276428,-1.3837227821350098,-47.82950210571289,-0.2923189699649811,0.2655450403690338,-0.02852669358253479,-0.13857346773147583,0.15774351358413696,-0.3520408570766449,0.15561604499816895,12.6751708984375,10.363202095031738,12.701329231262207,12.127582550048828,-0.06132812425494194,-0.009199218824505806,0.05059570446610451,-0.024531250819563866,0.0,-0.07648436725139618,0.0009584146901033819,0.052558913826942444,-0.025661587715148926,0.0,-0.21813562512397766,0.2710047662258148,-9.916893005371094,-0.1685684770345688,-0.24120140075683594,-8.72811222076416,0.0,0.0,0.0,0.0,0.0,0.0,0.0,0.0,0.0,0.0,0.0,0.0,-0.07542076706886292,-0.0005495388177223504,0.053435519337654114,-0.02402329444885254,0.29381534457206726,0.24845413863658905,0.29432252049446106,0.28316882252693176,1.7833410501480103,0.4529018998146057,0.5973533987998962,0.0,0.0,0.0,0.0,0.0,0.0,0.0
42538021605,0,0.020492875948548317,-0.024920480325818062,-0.8212600350379944,6.569455581484362e-05,-0.04113857448101044,-0.8442511558532715,0.0462605282664299,0.006654305849224329,0.0034583520609885454,-0.040854569524526596,-0.03243635222315788,-0.0229911208152771,0.0028352171648293734,-0.00015235891623888165,-0.16029071807861328,0.0,0.0,-0.0047828578390181065,0.05912553891539574,0.06064356490969658,0.20572812855243683,-0.02249142900109291,0.0019115854520350695,0.1865788698196411,-0.9296031594276428,-1.3837227821350098,-47.82950210571289,-0.2923189699649811,0.2655450403690338,-0.02852669358253479,-0.13857346773147583,0.15774351358413696,-0.3520408570766449,0.15561604499816895,12.6751708984375,10.363202095031738,12.701329231262207,12.127582550048828,-0.059794921427965164,-0.0076660155318677425,0.05059570446610451,-0.024531250819563866,0.0,-0.07648436725139618,0.0009584146901033819,0.052558913826942444,-0.025661587715148926,0.0,-0.21813562512397766,0.2710047662258148,-9.916893005371094,-0.16858410835266113,-0.2568773031234741,-8.685928344726562,0.0,0.0,0.0,0.0,0.0,0.0,0.0,0.0,0.0,0.0,0.0,0.0,-0.07492215186357498,-2.308042166987434e-05,0.05251578241586685,-0.02465307153761387,0.29381534457206726,0.24845413863658905,0.29432252049446106,0.28316882252693176,1.7833410501480103,0.4529018998146057,0.5973533987998962,0.0,0.0,0.0,0.0,0.0,0.0,0.0
42554448281,0,0.020492875948548317,-0.024920480325818062,-0.8212600350379944,6.569455581484362e-05,-0.04113857448101044,-0.8442511558532715,0.0462605282664299,0.006654305849224329,0.0034583520609885454,-0.040854569524526596,-0.03243635222315788,-0.0229911208152771,0.0028352171648293734,-0.00015235891623888165,-0.16029071807861328,0.0,0.0,-0.0047828578390181065,0.10641953349113464,0.08499853312969208,0.1976390779018402,-0.0301860012114048,-0.002949494868516922,0.18455767631530762,-0.9272125959396362,-1.412825107574463,-47.772605895996094,-0.31090816855430603,0.258090615272522,-0.023869097232818604,-0.1387242078781128,0.15910440683364868,-0.3517596423625946,0.15497004985809326,12.506412506103516,10.448332786560059,12.610468864440918,12.247641563415527,-0.059794921427965164,-0.0076660155318677425,0.05059570446610451,-0.024531250819563866,0.0,-0.07828906178474426,0.0020005919504910707,0.05367491394281387,-0.026332775130867958,0.0,0.12432639300823212,0.2970888912677765,-9.992962837219238,-0.16858410835266113,-0.2568773031234741,-8.685928344726562,0.0,0.0,0.0,0.0,0.0,0.0,0.0,0.0,0.0,0.0,0.0,0.0,-0.07504845410585403,0.0004650282789953053,0.05212288349866867,-0.025179864838719368,0.290540486574173,0.25014400482177734,0.2925604581832886,0.2855082154273987,1.5198228359222412,0.5721021294593811,-0.21877969801425934,0.0,0.0,0.0,0.0,0.0,0.0,0.0
42557118876,0,0.02095324732363224,-0.024811405688524246,-0.8212788105010986,6.569455581484362e-05,-0.04113857448101044,-0.8442511558532715,0.04918908327817917,0.011152609251439571,0.000812106765806675,-0.04177531599998474,-0.032654501497745514,-0.02297234535217285,0.0037837706040591,0.00048762248479761183,-0.15860454738140106,0.0,0.0,-0.0047828578390181065,0.1177937462925911,0.0827796682715416,0.19628563523292542,-0.04226512089371681,-0.012766717001795769,0.18107715249061584,-0.9620399475097656,-1.4697130918502808,-47.661956787109375,-0.3331065773963928,0.25792941451072693,-0.02527301013469696,-0.13888515532016754,0.16069333255290985,-0.35141515731811523,0.1543174386024475,12.506412506103516,10.448332786560059,12.610468864440918,12.247641563415527,-0.059794921427965164,-0.0076660155318677425,0.052128907293081284,-0.024531250819563866,0.0,-0.08090409636497498,0.002730350708588958,0.05623628571629524,-0.026984114199876785,0.0,-0.5583069324493408,0.11493518203496933,-9.801090240478516,-0.1749163568019867,-0.26722055673599243,-8.665810585021973,0.0,0.0,0.0,0.0,0.0,0.0,0.0,0.0,0.0,0.0,0.0,0.0,-0.07574593275785446,0.0009740268578752875,0.05228271707892418,-0.02565077506005764,0.2900613248348236,0.24822133779525757,0.293382853269577,0.28497573733329773,1.4968336820602417,0.19209441542625427,-0.17980828881263733,0.0,0.0,0.0,0.0,0.0,0.0,0.0
42566797998,0,0.021374737843871117,-0.024668874219059944,-0.8213058710098267,6.569455581484362e-05,-0.04113857448101044,-0.8442511558532715,0.04492200165987015,0.014790226705372334,0.0010283730225637555,-0.04261830076575279,-0.03293956443667412,-0.022945284843444824,0.004875669255852699,0.001226366963237524,-0.15683278441429138,0.0,0.0,-0.0047828578390181065,0.14842157065868378,0.0854732021689415,0.18908604979515076,-0.04226512089371681,-0.012766717001795769,0.18107715249061584,-0.9620399475097656,-1.4697130918502808,-47.661956787109375,-0.3331065773963928,0.25792941451072693,-0.02527301013469696,-0.13888515532016754,0.16069333255290985,-0.35141515731811523,0.1543174386024475,12.506412506103516,10.448332786560059,12.610468864440918,12.247641563415527,-0.059794921427965164,-0.0076660155318677425,0.052128907293081284,-0.024531250819563866,0.0,-0.08090409636497498,0.002730350708588958,0.05623628571629524,-0.026984114199876785,0.0,-0.1233140155673027,0.44764143228530884,-9.778919219970703,-0.1671660989522934,-0.27371472120285034,-8.668643951416016,0.0,0.0,0.0,0.0,0.0,0.0,0.0,0.0,0.0,0.0,0.0,0.0,-0.07692014425992966,0.0015147828962653875,0.0529727004468441,-0.02609836496412754,0.2900613248348236,0.24822133779525757,0.293382853269577,0.28497573733329773,1.642447590827942,0.15830202400684357,-0.35666096210479736,0.0,0.0,0.0,0.0,0.0,0.0,0.0
42578440500,0,0.021374737843871117,-0.024668874219059944,-0.8213058710098267,6.569455581484362e-05,-0.04113857448101044,-0.8442511558532715,0.04492200165987015,0.014790226705372334,0.0010283730225637555,-0.04261830076575279,-0.03293956443667412,-0.022945284843444824,0.004875669255852699,0.001226366963237524,-0.15683278441429138,0.0,0.0,-0.0047828578390181065,0.14842157065868378,0.0854732021689415,0.18908604979515076,-0.07012290507555008,-0.024099593982100487,0.1773809790611267,-0.9218622446060181,-1.5030158758163452,-47.47087860107422,-0.3994210958480835,0.2394106090068817,-0.019095614552497864,-0.13920962810516357,0.16445215046405792,-0.35056641697883606,0.15309305489063263,12.145624160766602,10.38541316986084,12.581901550292969,12.398757934570312,-0.06132812425494194,-0.004599609412252903,0.05366211012005806,-0.026064453646540642,0.0,-0.08314119279384613,0.005214448552578688,0.05614256113767624,-0.028779741376638412,0.0,-0.3229386806488037,0.4737435579299927,-9.528215408325195,-0.1671660989522934,-0.27371472120285034,-8.668643951416016,0.0,0.0,0.0,0.0,0.0,0.0,0.0,0.0,0.0,0.0,0.0,0.0,-0.07833598554134369,0.002119634533300996,0.05390993505716324,-0.02656477689743042,0.28352048993110657,0.24889510869979858,0.2920061945915222,0.2884485423564911,1.642447590827942,0.15830202400684357,-0.35666096210479736,0.0,0.0,0.0,0.0,0.0,0.0,0.0
42587080027,0,0.022201940417289734,-0.024390019476413727,-0.8213946223258972,6.569455581484362e-05,-0.04113857448101044,-0.8442511558532715,0.043238189071416855,0.014211216010153294,-0.004125707782804966,-0.04427271708846092,-0.03349727764725685,-0.022856533527374268,0.00706242211163044,0.0029912060126662254,-0.15347999334335327,0.0,0.0,-0.0047828578390181065,0.16210609674453735,0.10271336138248444,0.18996180593967438,-0.07012290507555008,-0.024099593982100487,0.1773809790611267,-0.898675799369812,-1.476823329925537,-47.19809341430664,-0.4226182699203491,0.21160493791103363,-0.019789069890975952,-0.13939377665519714,0.16693797707557678,-0.3498534560203552,0.15236864984035492,12.107744216918945,10.187752723693848,12.763195991516113,12.181914329528809,-0.059794921427965164,-0.003066406352445483,0.05366211012005806,-0.024531250819563866,0.0,-0.08197164535522461,0.0051916600205004215,0.05395865812897682,-0.02922132983803749,0.0,-0.3229386806488037,0.4737435579299927,-9.528215408325195,-0.16761131584644318,-0.27327561378479004,-8.63106918334961,0.0,0.0,0.0,0.0,0.0,0.0,0.0,0.0,0.0,0.0,0.0,0.0,-0.07976184785366058,0.0028725380543619394,0.05468642711639404,-0.02714042365550995,0.28352048993110657,0.24889510869979858,0.2920061945915222,0.2884485423564911,0.9753831028938293,0.5407683253288269,-0.0037341578863561153,0.0,0.0,0.0,0.0,0.0,0.0,0.0
42596683785,0,0.022201940417289734,-0.024390019476413727,-0.8213946223258972,6.569455581484362e-05,-0.04113857448101044,-0.8442511558532715,0.043238189071416855,0.014211216010153294,-0.004125707782804966,-0.0465669222176075,-0.03475223109126091,-0.022698700428009033,0.00706242211163044,0.0029912060126662254,-0.15347999334335327,0.0,0.0,-0.0047828578390181065,0.16210609674453735,0.10271336138248444,0.18996180593967438,-0.090647853910923,-0.04048771411180496,0.17335917055606842,-0.898675799369812,-1.476823329925537,-47.19809341430664,-0.4317530691623688,0.20045264065265656,-0.02466258406639099,-0.13955622911453247,0.16924530267715454,-0.34906139969825745,0.15180417895317078,12.107744216918945,10.187752723693848,12.763195991516113,12.181914329528809,-0.06132812425494194,-0.004599609412252903,0.05366211012005806,-0.024531250819563866,0.0,-0.08198629319667816,0.005174329504370689,0.05394479259848595,-0.029235824942588806,0.0,0.07223960757255554,0.1078188419342041,-9.530280113220215,-0.15327098965644836,-0.2736741304397583,-8.562230110168457,0.0,0.0,0.0,0.0,0.0,0.0,0.0,0.0,0.0,0.0,0.0,0.0,-0.08092550188302994,0.0036710179410874844,0.055034127086400986,-0.027787815779447556,0.28278207778930664,0.24496690928936005,0.29552119970321655,0.28422778844833374,0.9753831028938293,0.5407683253288269,-0.0037341578863561153,0.0,0.0,0.0,0.0,0.0,0.0,0.0
42607201290,0,0.022201940417289734,-0.024390019476413727,-0.8213946223258972,6.569455581484362e-05,-0.04113857448101044,-0.8442511558532715,0.043238189071416855,0.014211216010153294,-0.004125707782804966,-0.04725734516978264,-0.035277336835861206,-0.022639572620391846,0.00706242211163044,0.0029912060126662254,-0.15347999334335327,0.0,0.0,-0.0047828578390181065,0.16210609674453735,0.10271336138248444,0.18996180593967438,-0.090647853910923,-0.04048771411180496,0.17335917055606842,-0.898675799369812,-1.476823329925537,-47.19809341430664,-0.4317530691623688,0.20045264065265656,-0.02466258406639099,-0.13955622911453247,0.16924530267715454,-0.34906139969825745,0.15180417895317078,12.107744216918945,10.187752723693848,12.763195991516113,12.181914329528809,-0.06132812425494194,-0.004599609412252903,0.05366211012005806,-0.026064453646540642,0.0,-0.08198629319667816,0.005174329504370689,0.05394479259848595,-0.029235824942588806,0.0,0.07223960757255554,0.1078188419342041,-9.530280113220215,-0.14728252589702606,-0.2806470990180969,-8.5733003616333,0.0,0.0,0.0,0.0,0.0,0.0,0.0,0.0,0.0,0.0,0.0,0.0,-0.08169287443161011,0.004341921769082546,0.05500476434826851,-0.028372738510370255,0.28278207778930664,0.24496690928936005,0.29552119970321655,0.28422778844833374,0.9753831028938293,0.5407683253288269,-0.0037341578863561153,0.0,0.0,0.0,0.0,0.0,0.0,0.0
42618667124,0,0.023694247007369995,-0.023499993607401848,-0.8216115832328796,6.569455581484362e-05,-0.04113857448101044,-0.8442511558532715,0.030239775776863098,0.018115054816007614,-0.013024619780480862,-0.04725734516978264,-0.035277336835861206,-0.022639572620391846,0.013573581352829933,0.006535062566399574,-0.14607566595077515,0.0,0.0,-0.0047828578390181065,0.1659119427204132,0.0951448455452919,0.19537493586540222,-0.11968239396810532,-0.05469823256134987,0.16774648427963257,-0.8100538849830627,-1.5435590744018555,-47.15315246582031,-0.46415257453918457,0.19858267903327942,-0.03307729959487915,-0.1399664729833603,0.1752045601606369,-0.3469994366168976,0.15079499781131744,12.255985260009766,9.918806076049805,13.01605224609375,12.00788688659668,-0.06286133080720901,-0.006132812704890966,0.05366211012005806,-0.026064453646540642,0.0,-0.08039553463459015,0.010807535611093044,0.052266236394643784,-0.0342734158039093,0.0,-0.2065596878528595,0.10478030890226364,-9.426495552062988,-0.14728252589702606,-0.2806470990180969,-8.5733003616333,0.0,0.0,0.0,0.0,0.0,0.0,0.0,0.0,0.0,0.0,0.0,0.0,-0.08205103129148483,0.0050853523425757885,0.0547172948718071,-0.029052067548036575,0.28567060828208923,0.2396087646484375,0.3004133105278015,0.2808338403701782,0.335369735956192,-0.14263270795345306,0.15274421870708466,0.0,0.0,0.0,0.0,0.0,0.0,0.0
42627168994,0,0.023694247007369995,-0.023499993607401848,-0.8216115832328796,6.569455581484362e-05,-0.04113857448101044,-0.8442511558532715,0.030239775776863098,0.018115054816007614,-0.013024619780480862,-0.04725734516978264,-0.035277336835861206,-0.022639572620391846,0.013573581352829933,0.006535062566399574,-0.14607566595077515,0.0,0.0,-0.0047828578390181065,0.16187620162963867,0.09356231987476349,0.19363662600517273,-0.12971313297748566,-0.062070850282907486,0.1659420281648636,-0.7893322110176086,-1.5782601833343506,-47.33522415161133,-0.46928372979164124,0.19150005280971527,-0.03089354932308197,-0.14015822112560272,0.17792442440986633,-0.3460786044597626,0.15043391287326813,12.226483345031738,10.022238731384277,13.026127815246582,12.10417652130127,-0.06439453363418579,-0.004599609412252903,0.05366211012005806,-0.027597656473517418,0.0,-0.08101260662078857,0.012630474753677845,0.052589692175388336,-0.03563772886991501,0.0,-0.45713064074516296,0.111524797976017,-9.392095565795898,-0.14728252589702606,-0.2806470990180969,-8.5733003616333,0.0,0.0,0.0,0.0,0.0,0.0,0.0,0.0,0.0,0.0,0.0,0.0,-0.08202354609966278,0.006331104785203934,0.05421597883105278,-0.030180195346474648,0.285096138715744,0.2416713833808899,0.3006078898906708,0.28271231055259705,-0.023000625893473625,-0.105460986495018,-0.015309176407754421,0.0,0.0,0.0,0.0,0.0,0.0,0.0
42636776822,0,0.024364106357097626,-0.022917525842785835,-0.8217477202415466,6.569455581484362e-05,-0.04113857448101044,-0.8442511558532715,0.023413648828864098,0.022981688380241394,-0.0032680958975106478,-0.0485970675945282,-0.03644227981567383,-0.022503435611724854,0.016094498336315155,0.008255686610937119,-0.143024742603302,0.0,0.0,-0.0047828578390181065,0.1454906165599823,0.09330842643976212,0.19225677847862244,-0.15503254532814026,-0.07660476863384247,0.1603628396987915,-0.7412316799163818,-1.6282649040222168,-47.71238708496094,-0.473876416683197,0.17868828773498535,-0.030786976218223572,-0.14064306020736694,0.17792442440986633,-0.3460786044597626,0.15043391287326813,12.295319557189941,10.131025314331055,13.14368724822998,12.190471649169922,-0.06592773646116257,-0.003066406352445483,0.05366211012005806,-0.029130859300494194,0.0,-0.08065599203109741,0.015866857022047043,0.05213002860546112,-0.038275815546512604,0.0,-0.45713064074516296,0.111524797976017,-9.392095565795898,-0.13501571118831635,-0.2910813093185425,-8.650435447692871,0.0,0.0,0.0,0.0,0.0,0.0,0.0,0.0,0.0,0.0,0.0,0.0,-0.08177855610847473,0.008171390742063522,0.05363320931792259,-0.03180084377527237,0.285096138715744,0.2416713833808899,0.3006078898906708,0.28271231055259705,-0.7550787329673767,-0.08174522966146469,-0.10365217179059982,0.0,0.0,0.0,0.0,0.0,0.0,0.0
42647095588,0,0.02487552911043167,-0.022246528416872025,-0.8218810558319092,6.569455581484362e-05,-0.04113857448101044,-0.8442511558532715,0.021199801936745644,0.028688615188002586,0.0015262267552316189,-0.049619920551776886,-0.037784282118082047,-0.022370100021362305,0.018798254430294037,0.00961657240986824,-0.13960221409797668,0.0,0.0,-0.0047828578390181065,0.13634434342384338,0.08576856553554535,0.18841974437236786,-0.15503254532814026,-0.07660476863384247,0.1603628396987915,-0.7412316799163818,-1.6282649040222168,-47.71238708496094,-0.473876416683197,0.17868828773498535,-0.030786976218223572,-0.14064306020736694,0.184489443898201,-0.3435747027397156,0.1496712565422058,12.295319557189941,10.131025314331055,13.14368724822998,12.190471649169922,-0.06746093928813934,-0.003066406352445483,0.05366211012005806,-0.029130859300494194,0.0,-0.08065599203109741,0.015866857022047043,0.05213002860546112,-0.038275815546512604,0.0,-0.08148886263370514,-0.386786550283432,-9.920069694519043,-0.1311347633600235,-0.3046887218952179,-8.681398391723633,0.0,0.0,0.0,0.0,0.0,0.0,0.0,0.0,0.0,0.0,0.0,0.0,-0.08146736770868301,0.010347188450396061,0.05309043079614639,-0.03367100656032562,0.2864363491535187,0.24383819103240967,0.3028777837753296,0.28439462184906006,-0.9502687454223633,-0.3779430091381073,-0.2504470944404602,0.0,0.0,0.0,0.0,0.0,0.0,0.0
42657046734,0,0.02487552911043167,-0.022246528416872025,-0.8218810558319092,6.569455581484362e-05,-0.04113857448101044,-0.8442511558532715,0.021199801936745644,0.028688615188002586,0.0015262267552316189,-0.049619920551776886,-0.037784282118082047,-0.022370100021362305,0.018798254430294037,0.00961657240986824,-0.13960221409797668,0.0,0.0,-0.0047828578390181065,0.13634434342384338,0.08576856553554535,0.18841974437236786,-0.16261139512062073,-0.08083784580230713,0.15851159393787384,-0.7212411761283875,-1.6757879257202148,-47.7476921081543,-0.47695302963256836,0.18421532213687897,-0.027449384331703186,-0.14086522161960602,0.18731507658958435,-0.34245410561561584,0.14932933449745178,12.224098205566406,10.210293769836426,13.065428733825684,12.29577350616455,-0.06746093928813934,-0.003066406352445483,0.05366211012005806,-0.03066406212747097,0.0,-0.0819457396864891,0.018058137968182564,0.05317014083266258,-0.039910294115543365,0.0,-0.08148886263370514,-0.386786550283432,-9.920069694519043,-0.1311347633600235,-0.3046887218952179,-8.681398391723633,0.0,0.0,0.0,0.0,0.0,0.0,0.0,0.0,0.0,0.0,0.0,0.0,-0.08122409880161285,0.01253688894212246,0.05269424617290497,-0.03551588952541351,0.285049706697464,0.24541541934013367,0.3013671934604645,0.2864452600479126,-0.9502687454223633,-0.3779430091381073,-0.2504470944404602,0.0,0.0,0.0,0.0,0.0,0.0,0.0
42668173966,0,0.025116700679063797,-0.02186059206724167,-0.8219480514526367,6.569455581484362e-05,-0.04113857448101044,-0.8442511558532715,0.019572418183088303,0.03275155648589134,-0.0011676891008391976,-0.05010226368904114,-0.03855615854263306,-0.022303104400634766,0.020215947180986404,0.010132568888366222,-0.13784362375736237,0.0,0.0,-0.0047828578390181065,0.1314261555671692,0.07145299762487411,0.1864544153213501,-0.16261139512062073,-0.08083784580230713,0.15851159393787384,-0.651610255241394,-1.9118074178695679,-47.34931182861328,-0.5101778507232666,0.19201600551605225,-0.027157902717590332,-0.14140765368938446,0.19413810968399048,-0.34004613757133484,0.14847230911254883,12.07861614227295,10.055013656616211,12.997661590576172,12.265802383422852,-0.06746093928813934,-0.004599609412252903,0.05366211012005806,-0.032197266817092896,0.0,-0.08787219226360321,0.02902870625257492,0.0579352006316185,-0.0488748773932457,0.0,-0.08148886263370514,-0.386786550283432,-9.920069694519043,-0.12788788974285126,-0.313762903213501,-8.656761169433594,0.0,0.0,0.0,0.0,0.0,0.0,0.0,0.0,0.0,0.0,0.0,0.0,-0.08145152032375336,0.015037634409964085,0.05275904759764671,-0.037572264671325684,0.28221380710601807,0.24232448637485504,0.30005785822868347,0.28586167097091675,-0.7989639639854431,-0.8103084564208984,-0.21901047229766846,0.0,0.0,0.0,0.0,0.0,0.0,0.0
42677089683,0,0.025595560669898987,-0.021005013957619667,-0.8221179246902466,6.569455581484362e-05,-0.04113857448101044,-0.8442511558532715,0.01588147133588791,0.04868064820766449,-0.006653880700469017,-0.051059991121292114,-0.04026732221245766,-0.022133231163024902,0.023025983944535255,0.011000702157616615,-0.13444793224334717,0.0,0.0,-0.0047828578390181065,0.1314261555671692,0.07145299762487411,0.1864544153213501,-0.18465666472911835,-0.08704503625631332,0.15467919409275055,-0.651610255241394,-1.9118074178695679,-47.34931182861328,-0.5101778507232666,0.19201600551605225,-0.027157902717590332,-0.14140765368938446,0.19413810968399048,-0.34004613757133484,0.14847230911254883,12.07861614227295,10.055013656616211,12.997661590576172,12.265802383422852,-0.06899414211511612,-0.004599609412252903,0.052128907293081284,-0.032197266817092896,0.0,-0.08787219226360321,0.02902870625257492,0.0579352006316185,-0.0488748773932457,0.0,-0.36243268847465515,-0.002275575418025255,-10.08773136138916,-0.11847458779811859,-0.34760135412216187,-8.608965873718262,0.0,0.0,0.0,0.0,0.0,0.0,0.0,0.0,0.0,0.0,0.0,0.0,-0.08247476071119308,0.01834317296743393,0.05352623388171196,-0.040255699306726456,0.28221380710601807,0.24232448637485504,0.30005785822868347,0.28586167097091675,-0.7989639639854431,-0.8103084564208984,-0.21901047229766846,0.0,0.0,0.0,0.0,0.0,0.0,0.0
42687107362,0,0.0259763952344656,-0.02006012573838234,-0.8223318457603455,6.569455581484362e-05,-0.04113857448101044,-0.8442511558532715,0.012390783987939358,0.05090199410915375,-0.006948941387236118,-0.05182166397571564,-0.04215710982680321,-0.021919310092926025,0.024964725598692894,0.012762711383402348,-0.1310935616493225,0.0,0.0,-0.0047828578390181065,0.1314261555671692,0.07145299762487411,0.1864544153213501,-0.18465666472911835,-0.08704503625631332,0.15467919409275055,-0.651610255241394,-1.9118074178695679,-47.34931182861328,-0.5101778507232666,0.19201600551605225,-0.027157902717590332,-0.14140765368938446,0.19413810968399048,-0.34004613757133484,0.14847230911254883,12.07861614227295,10.055013656616211,12.997661590576172,12.265802383422852,-0.06899414211511612,-0.003066406352445483,0.052128907293081284,-0.03373046964406967,0.0,-0.08787219226360321,0.02902870625257492,0.0579352006316185,-0.0488748773932457,0.0,-0.36243268847465515,-0.002275575418025255,-10.08773136138916,-0.11268681287765503,-0.35488423705101013,-8.607226371765137,0.0,0.0,0.0,0.0,0.0,0.0,0.0,0.0,0.0,0.0,0.0,0.0,-0.0839739739894867,0.021940648555755615,0.05471711978316307,-0.043165914714336395,0.28221380710601807,0.24232448637485504,0.30005785822868347,0.28586167097091675,-0.7989639639854431,-0.8103084564208984,-0.21901047229766846,0.0,0.0,0.0,0.0,0.0,0.0,0.0
42696846950,0,0.0259763952344656,-0.02006012573838234,-0.8223318457603455,6.569455581484362e-05,-0.04113857448101044,-0.8442511558532715,0.012390783987939358,0.05090199410915375,-0.006948941387236118,-0.05182166397571564,-0.04215710982680321,-0.021919310092926025,0.024964725598692894,0.012762711383402348,-0.1310935616493225,0.0,0.0,-0.0047828578390181065,0.12998026609420776,0.06713484227657318,0.17930927872657776,-0.20687468349933624,-0.09899141639471054,0.14970873296260834,-0.6197774410247803,-1.9518632888793945,-47.339744567871094,-0.5328041315078735,0.1782299131155014,-0.025212019681930542,-0.14193466305732727,0.20110014081001282,-0.3375541567802429,0.1476006805896759,11.97247314453125,10.088166236877441,13.00295639038086,12.326687812805176,-0.06899414211511612,-0.0015332031762227416,0.052128907293081284,-0.03373046964406967,0.0,-0.08894506841897964,0.031397055834531784,0.0580914169549942,-0.05074424669146538,0.0,-0.07254544645547867,-0.47619614005088806,-10.174409866333008,-0.11268681287765503,-0.35488423705101013,-8.607226371765137,0.0,0.0,0.0,0.0,0.0,0.0,0.0,0.0,0.0,0.0,0.0,0.0,-0.08548013120889664,0.025127125903964043,0.0559038370847702,-0.0457368865609169,0.28014230728149414,0.24298471212387085,0.30016028881073,0.2870468199253082,-0.523314893245697,-0.19097648561000824,-0.1569245308637619,0.0,0.0,0.0,0.0,0.0,0.0,0.0
42706984639,0,0.0259763952344656,-0.02006012573838234,-0.8223318457603455,6.569455581484362e-05,-0.04113857448101044,-0.8442511558532715,0.012390783987939358,0.05090199410915375,-0.006948941387236118,-0.05182166397571564,-0.04215710982680321,-0.021919310092926025,0.024964725598692894,0.012762711383402348,-0.1310935616493225,0.0,0.0,-0.0047828578390181065,0.1172010526061058,0.06137862801551819,0.17784252762794495,-0.21309494972229004,-0.1011340469121933,0.14760646224021912,-0.5950455069541931,-1.944629192352295,-47.15867614746094,-0.5255075693130493,0.18083928525447845,-0.02536952495574951,-0.14218352735042572,0.2043105512857437,-0.3363438844680786,0.14718414843082428,11.94624137878418,10.04623031616211,12.946392059326172,12.270187377929688,-0.0705273449420929,0.0,0.05059570446610451,-0.03373046964406967,0.0,-0.08821385353803635,0.0321173295378685,0.05745019391179085,-0.05150503292679787,0.0,-0.32425567507743835,-0.22529008984565735,-10.229934692382812,-0.11268681287765503,-0.35488423705101013,-8.607226371765137,0.0,0.0,0.0,0.0,0.0,0.0,0.0,0.0,0.0,0.0,0.0,0.0,-0.08677702397108078,0.027775216847658157,0.056854359805583954,-0.047874171286821365,0.27963003516197205,0.2421494424343109,0.2990668714046478,0.28594717383384705,-0.9461829662322998,-0.39375290274620056,-0.09407992660999298,0.0,0.0,0.0,0.0,0.0,0.0,0.0
42717306717,0,0.0259763952344656,-0.02006012573838234,-0.8223318457603455,6.569455581484362e-05,-0.04113857448101044,-0.8442511558532715,0.012390783987939358,0.05090199410915375,-0.006948941387236118,-0.05254411697387695,-0.04423215240240097,-0.021658658981323242,0.024964725598692894,0.012762711383402348,-0.1310935616493225,0.0,0.0,-0.0047828578390181065,0.08612071722745895,0.04120713472366333,0.17836818099021912,-0.21309494972229004,-0.1011340469121933,0.14760646224021912,-0.5544520020484924,-1.967848777770996,-46.8411979675293,-0.5110486745834351,0.198085755109787,-0.030732974410057068,-0.14277701079845428,0.2115841656923294,-0.3335912823677063,0.1462761014699936,12.050810813903809,9.829536437988281,12.952444076538086,12.06103801727295,-0.0705273449420929,0.003066406352445483,0.052128907293081284,-0.036796875298023224,0.0,-0.08698849380016327,0.035056523978710175,0.05689839646220207,-0.054325833916664124,0.0,-0.2163613736629486,-0.19129693508148193,-10.096063613891602,-0.10321013629436493,-0.357139527797699,-8.543733596801758,0.0,0.0,0.0,0.0,0.0,0.0,0.0,0.0,0.0,0.0,0.0,0.0,-0.08765717595815659,0.029981179162859917,0.057435907423496246,-0.04969033971428871,0.28167155385017395,0.23782692849636078,0.2991839647293091,0.2818710505962372,-1.2829294204711914,-0.8600718379020691,0.14754971861839294,0.0,0.0,0.0,0.0,0.0,0.0,0.0
42726946057,0,0.026705851778388023,-0.01783159002661705,-0.8229010105133057,6.569455581484362e-05,-0.04113857448101044,-0.8442511558532715,-0.00022904231445863843,0.05472120642662048,-0.02182607352733612,-0.05328058451414108,-0.04661420360207558,-0.02135014533996582,0.028133371844887733,0.01362127996981144,-0.12463721632957458,0.0,0.0,-0.0047828578390181065,0.08612071722745895,0.04120713472366333,0.17836818099021912,-0.22617307305335999,-0.10289911180734634,0.14402365684509277,-0.5544520020484924,-1.967848777770996,-46.8411979675293,-0.5110486745834351,0.198085755109787,-0.030732974410057068,-0.14277701079845428,0.2115841656923294,-0.3335912823677063,0.1462761014699936,12.050810813903809,9.829536437988281,12.952444076538086,12.06103801727295,-0.0705273449420929,0.004599609412252903,0.052128907293081284,-0.036796875298023224,0.0,-0.08698849380016327,0.035056523978710175,0.05689839646220207,-0.054325833916664124,0.0,-0.22248117625713348,0.26802194118499756,-10.086712837219238,-0.09033666551113129,-0.36743658781051636,-8.495986938476562,0.0,0.0,0.0,0.0,0.0,0.0,0.0,0.0,0.0,0.0,0.0,0.0,-0.08802317827939987,0.031867045909166336,0.0576481856405735,-0.05130879953503609,0.28167155385017395,0.23782692849636078,0.2991839647293091,0.2818710505962372,-1.2829294204711914,-0.8600718379020691,0.14754971861839294,0.0,0.0,0.0,0.0,0.0,0.0,0.0
42736990573,0,0.026791686192154884,-0.01721714623272419,-0.8230710029602051,6.569455581484362e-05,-0.04113857448101044,-0.8442511558532715,-0.005432799458503723,0.057859521359205246,-0.01885024458169937,-0.053452253341674805,-0.047843094915151596,-0.021180152893066406,0.028588570654392242,0.014284491539001465,-0.12326683104038239,0.0,0.0,-0.0047828578390181065,0.0744108036160469,0.04204579070210457,0.17859181761741638,-0.233456090092659,-0.10899560153484344,0.14126938581466675,-0.4968516528606415,-2.0209012031555176,-46.727928161621094,-0.5080631971359253,0.18597139418125153,-0.03174962103366852,-0.1430816799402237,0.21508818864822388,-0.33225542306900024,0.14589111506938934,12.03501033782959,9.799501419067383,12.963050842285156,11.983925819396973,-0.0705273449420929,0.0076660155318677425,0.05366211012005806,-0.038330078125,0.0,-0.08699651062488556,0.03912516310811043,0.05670194700360298,-0.05797311291098595,0.0,-0.22248117625713348,0.26802194118499756,-10.086712837219238,-0.07952041923999786,-0.3750089406967163,-8.520732879638672,0.0,0.0,0.0,0.0,0.0,0.0,0.0,0.0,0.0,0.0,0.0,0.0,-0.08801262825727463,0.033570777624845505,0.05760516971349716,-0.05282975733280182,0.28136321902275085,0.2372269183397293,0.2993887662887573,0.2803660035133362,-1.1321709156036377,-0.39082634449005127,0.1791987270116806,0.0,0.0,0.0,0.0,0.0,0.0,0.0
42746741735,0,0.026791686192154884,-0.01721714623272419,-0.8230710029602051,6.569455581484362e-05,-0.04113857448101044,-0.8442511558532715,-0.005432799458503723,0.057859521359205246,-0.01885024458169937,-0.053452253341674805,-0.047843094915151596,-0.021180152893066406,0.028588570654392242,0.014284491539001465,-0.12326683104038239,0.0,0.0,-0.0047828578390181065,0.05183345079421997,0.03656243532896042,0.17687851190567017,-0.233456090092659,-0.10899560153484344,0.14126938581466675,-0.4181166887283325,-2.134089231491089,-47.09376525878906,-0.5020634531974792,0.18416407704353333,-0.032744333148002625,-0.14366407692432404,0.22155959904193878,-0.3295467793941498,0.14523591101169586,12.157112121582031,9.878610610961914,13.074460983276367,12.038719177246094,-0.07206054776906967,0.010732421651482582,0.055195312947034836,-0.04292968660593033,0.0,-0.0871785506606102,0.045622583478689194,0.05710295960307121,-0.06340840458869934,0.0,-0.012773401103913784,-0.1289168894290924,-9.872354507446289,-0.07952041923999786,-0.3750089406967163,-8.520732879638672,0.0,0.0,0.0,0.0,0.0,0.0,0.0,0.0,0.0,0.0,0.0,0.0,-0.08782796561717987,0.03554566949605942,0.05744490772485733,-0.054609350860118866,0.28136321902275085,0.2372269183397293,0.2993887662887573,0.2803660035133362,-1.082810640335083,-0.37836575508117676,0.14367669820785522,0.0,0.0,0.0,0.0,0.0,0.0,0.0
42757193821,0,0.026791686192154884,-0.01721714623272419,-0.8230710029602051,6.569455581484362e-05,-0.04113857448101044,-0.8442511558532715,-0.005432799458503723,0.057859521359205246,-0.01885024458169937,-0.053452253341674805,-0.047843094915151596,-0.021180152893066406,0.028588570654392242,0.014284491539001465,-0.12326683104038239,0.0,0.0,-0.0047828578390181065,0.05183345079421997,0.03656243532896042,0.17687851190567017,-0.23949852585792542,-0.11260392516851425,0.13723087310791016,-0.4181166887283325,-2.134089231491089,-47.09376525878906,-0.5020634531974792,0.18416407704353333,-0.032744333148002625,-0.14366407692432404,0.22155959904193878,-0.3295467793941498,0.14523591101169586,12.157112121582031,9.878610610961914,13.074460983276367,12.038719177246094,-0.07359375059604645,0.013798828236758709,0.055195312947034836,-0.04292968660593033,0.0,-0.0871785506606102,0.045622583478689194,0.05710295960307121,-0.06340840458869934,0.0,-0.588837742805481,-0.1130879670381546,-9.8461332321167,-0.07952041923999786,-0.3750089406967163,-8.520732879638672,0.0,0.0,0.0,0.0,0.0,0.0,0.0,0.0,0.0,0.0,0.0,0.0,-0.08760891854763031,0.03807666897773743,0.057284481823444366,-0.05685749650001526,0.2837443947792053,0.238806813955307,0.30154159665107727,0.28143540024757385,-1.082810640335083,-0.37836575508117676,0.14367669820785522,0.0,0.0,0.0,0.0,0.0,0.0,0.0
42766915208,0,0.02689778245985508,-0.015958473086357117,-0.8234174847602844,6.569455581484362e-05,-0.04113857448101044,-0.8442511558532715,-0.006875137332826853,0.06188231334090233,-0.013224693015217781,-0.053664445877075195,-0.050360456109046936,-0.02083367109298706,0.029133910313248634,0.014697443693876266,-0.12051554769277573,0.0,0.0,-0.0047828578390181065,0.037060461938381195,0.03313072398304939,0.17988106608390808,-0.23826539516448975,-0.11564245074987411,0.13524168729782104,-0.3923562169075012,-2.2163360118865967,-47.10457229614258,-0.4882352948188782,0.18304170668125153,-0.03701905906200409,-0.14398781955242157,0.22493349015712738,-0.3280630111694336,0.1449999064207077,12.286844253540039,9.797667503356934,13.16474437713623,11.911794662475586,-0.07512695342302322,0.015332031063735485,0.055195312947034836,-0.044462889432907104,0.0,-0.08791609108448029,0.04986577108502388,0.058203648775815964,-0.06732726842164993,0.0,-0.3055027723312378,-0.302674800157547,-9.630208015441895,-0.0760212168097496,-0.3880162239074707,-8.56250286102295,0.0,0.0,0.0,0.0,0.0,0.0,0.0,0.0,0.0,0.0,0.0,0.0,-0.08745580166578293,0.04090961441397667,0.05722286179661751,-0.05935276672244072,0.2862713038921356,0.23719048500061035,0.30328431725502014,0.27895715832710266,-1.2024030685424805,-0.3751867413520813,0.25274303555488586,0.0,0.0,0.0,0.0,0.0,0.0,0.0
42777018115,0,0.026886114850640297,-0.01534916553646326,-0.8235869407653809,6.569455581484362e-05,-0.04113857448101044,-0.8442511558532715,-0.008500161580741405,0.06837847828865051,-0.012532402761280537,-0.05364111065864563,-0.051579076796770096,-0.020664215087890625,0.029583513736724854,0.014872560277581215,-0.11877018958330154,0.0,0.0,-0.0047828578390181065,0.014045871794223785,0.023796476423740387,0.1808517575263977,-0.23826539516448975,-0.11564245074987411,0.13524168729782104,-0.3923562169075012,-2.2163360118865967,-47.10457229614258,-0.4882352948188782,0.18304170668125153,-0.03701905906200409,-0.14398781955242157,0.22493349015712738,-0.3280630111694336,0.1449999064207077,12.371625900268555,9.78661823272705,13.121699333190918,11.83903980255127,-0.07359375059604645,0.016865234822034836,0.05672851577401161,-0.04599609225988388,0.0,-0.08731207996606827,0.049922119826078415,0.05839479714632034,-0.06774163991212845,0.0,-0.5820619463920593,0.5883488059043884,-9.813128471374512,-0.07133749127388,-0.40297016501426697,-8.564467430114746,0.0,0.0,0.0,0.0,0.0,0.0,0.0,0.0,0.0,0.0,0.0,0.0,-0.0874035432934761,0.04376240074634552,0.05733158066868782,-0.06188981607556343,0.2862713038921356,0.23719048500061035,0.30328431725502014,0.27895715832710266,-1.7917382717132568,-0.6572559475898743,0.2089591920375824,0.0,0.0,0.0,0.0,0.0,0.0,0.0
42787062858,0,0.02678251452744007,-0.013595526106655598,-0.8240674138069153,6.569455581484362e-05,-0.04113857448101044,-0.8442511558532715,-0.016242332756519318,0.08712084591388702,-0.013647693209350109,-0.05343391001224518,-0.055086374282836914,-0.0201837420463562,0.02904527820646763,0.015126221813261509,-0.11391530185937881,0.0,0.0,-0.0047828578390181065,-0.012403672561049461,0.018322885036468506,0.1769980937242508,-0.23345710337162018,-0.11518726497888565,0.13119448721408844,-0.36100080609321594,-2.345693349838257,-47.019222259521484,-0.42730411887168884,0.1965787410736084,-0.033479779958724976,-0.14461851119995117,0.23069274425506592,-0.3254341781139374,0.14473403990268707,12.29265022277832,9.941092491149902,12.944573402404785,11.907109260559082,-0.07359375059604645,0.018398437649011612,0.05672851577401161,-0.04752929508686066,0.0,-0.09076040238142014,0.05480014160275459,0.061823341995477676,-0.0721951350569725,0.0,-0.5820619463920593,0.5883488059043884,-9.813128471374512,-0.0518110990524292,-0.44531935453414917,-8.547894477844238,0.0,0.0,0.0,0.0,0.0,0.0,0.0,0.0,0.0,0.0,0.0,0.0,-0.0875478982925415,0.04652450606226921,0.05773059278726578,-0.0644037276506424,0.28638437390327454,0.24005348980426788,0.2990315556526184,0.27886539697647095,-2.1629958152770996,-0.5171857476234436,-0.0610475093126297,0.0,0.0,0.0,0.0,0.0,0.0,0.0
42796917052,0,0.02678251452744007,-0.013595526106655598,-0.8240674138069153,6.569455581484362e-05,-0.04113857448101044,-0.8442511558532715,-0.016242332756519318,0.08712084591388702,-0.013647693209350109,-0.05343391001224518,-0.055086374282836914,-0.0201837420463562,0.02904527820646763,0.015126221813261509,-0.11391530185937881,0.0,0.0,-0.0047828578390181065,-0.062268055975437164,0.0016109086573123932,0.1704823076725006,-0.23345710337162018,-0.11518726497888565,0.13119448721408844,-0.31501635909080505,-2.4365477561950684,-47.11610412597656,-0.36606621742248535,0.2150789499282837,-0.028849676251411438,-0.14533399045467377,0.2357759177684784,-0.3226591944694519,0.14440888166427612,12.323575973510742,10.146634101867676,12.72976016998291,11.980530738830566,-0.07359375059604645,0.021464843302965164,0.05672851577401161,-0.04752929508686066,0.0,-0.09188804030418396,0.058387771248817444,0.06405546516180038,-0.07586625963449478,0.0,-0.5820619463920593,0.5883488059043884,-9.813128471374512,-0.0518110990524292,-0.44531935453414917,-8.547894477844238,0.0,0.0,0.0,0.0,0.0,0.0,0.0,0.0,0.0,0.0,0.0,0.0,-0.08810463547706604,0.04935050010681152,0.05862686410546303,-0.06704173982143402,0.28698617219924927,0.24414874613285065,0.29487344622612,0.280299574136734,-2.3789443969726562,-0.851161003112793,-0.26726919412612915,0.0,0.0,0.0,0.0,0.0,0.0,0.0
42806982998,0,0.026563873514533043,-0.01246596034616232,-0.8243468999862671,6.569455581484362e-05,-0.04113857448101044,-0.8442511558532715,-0.016597824171185493,0.0832727923989296,-0.008978362195193768,-0.05299662426114082,-0.05734551325440407,-0.019904255867004395,0.0269051231443882,0.014972730539739132,-0.11061780154705048,0.0,0.0,-0.0047828578390181065,-0.08412060141563416,-0.005905578378587961,0.1731347143650055,-0.2163478136062622,-0.11448093503713608,0.12721900641918182,-0.28300535678863525,-2.4328222274780273,-47.214149475097656,-0.33826717734336853,0.22224396467208862,-0.03417694568634033,-0.14564959704875946,0.2357759177684784,-0.3226591944694519,0.14440888166427612,12.534587860107422,10.070545196533203,12.835484504699707,11.84121322631836,-0.07359375059604645,0.024531250819563866,0.05672851577401161,-0.05059570446610451,0.0,-0.0893523097038269,0.05979011207818985,0.06251401454210281,-0.0776367336511612,0.0,-0.47120583057403564,-0.002643621526658535,-9.922252655029297,-0.05145552009344101,-0.44233131408691406,-8.584390640258789,0.0,0.0,0.0,0.0,0.0,0.0,0.0,0.0,0.0,0.0,0.0,0.0,-0.08890757709741592,0.05230717360973358,0.05989530310034752,-0.06987982988357544,0.28698617219924927,0.24414874613285065,0.29487344622612,0.280299574136734,-2.447115659713745,-0.8064330816268921,-0.05853927507996559,0.0,0.0,0.0,0.0,0.0,0.0,0.0
42817419554,0,0.026563873514533043,-0.01246596034616232,-0.8243468999862671,6.569455581484362e-05,-0.04113857448101044,-0.8442511558532715,-0.016597824171185493,0.0832727923989296,-0.008978362195193768,-0.05260186269879341,-0.05852660909295082,-0.019787907600402832,0.0269051231443882,0.014972730539739132,-0.11061780154705048,0.0,0.0,-0.0047828578390181065,-0.08412060141563416,-0.005905578378587961,0.1731347143650055,-0.20927539467811584,-0.11332337558269501,0.12499257922172546,-0.28300535678863525,-2.4328222274780273,-47.214149475097656,-0.33826717734336853,0.22224396467208862,-0.03417694568634033,-0.14564959704875946,0.23758354783058167,-0.3215974271297455,0.14430533349514008,12.534587860107422,10.070545196533203,12.835484504699707,11.84121322631836,-0.07512695342302322,0.027597656473517418,0.055195312947034836,-0.05366211012005806,0.0,-0.0893523097038269,0.05979011207818985,0.06251401454210281,-0.0776367336511612,0.0,-0.47120583057403564,-0.002643621526658535,-9.922252655029297,-0.043373461812734604,-0.4500656723976135,-8.568551063537598,0.0,0.0,0.0,0.0,0.0,0.0,0.0,0.0,0.0,0.0,0.0,0.0,-0.0895015075802803,0.05507741495966911,0.06107347086071968,-0.07262532413005829,0.29108762741088867,0.24263371527194977,0.2969209551811218,0.27757740020751953,-2.447115659713745,-0.8064330816268921,-0.05853927507996559,0.0,0.0,0.0,0.0,0.0,0.0,0.0
42827140380,0,0.026366492733359337,-0.01187541801482439,-0.8244632482528687,6.569455581484362e-05,-0.04113857448101044,-0.8442511558532715,-0.020098190754652023,0.08643689751625061,-0.010710606351494789,-0.05260186269879341,-0.05852660909295082,-0.019787907600402832,0.026024088263511658,0.014798726886510849,-0.108769990503788,0.0,0.0,-0.0047828578390181065,-0.08412060141563416,-0.005905578378587961,0.1731347143650055,-0.19540703296661377,-0.10732147097587585,0.12297581136226654,-0.23855404555797577,-2.4753611087799072,-47.12702941894531,-0.3075405955314636,0.239613339304924,-0.03551056981086731,-0.14602680504322052,0.23758354783058167,-0.3215974271297455,0.14430533349514008,12.619504928588867,10.036508560180664,12.773285865783691,11.765446662902832,-0.07512695342302322,0.027597656473517418,0.055195312947034836,-0.055195312947034836,0.0,-0.08872830122709274,0.06302238255739212,0.06273364275693893,-0.08079498261213303,0.0,0.41526392102241516,-0.3106519877910614,-9.470489501953125,-0.043373461812734604,-0.4500656723976135,-8.568551063537598,0.0,0.0,0.0,0.0,0.0,0.0,0.0,0.0,0.0,0.0,0.0,0.0,-0.08973729610443115,0.05745858699083328,0.06192886084318161,-0.07504603266716003,0.29108762741088867,0.24263371527194977,0.2969209551811218,0.27757740020751953,-2.447115659713745,-0.8064330816268921,-0.05853927507996559,0.0,0.0,0.0,0.0,0.0,0.0,0.0
42837019558,0,0.02591627649962902,-0.010828154161572456,-0.8246438503265381,6.569455581484362e-05,-0.04113857448101044,-0.8442511558532715,-0.022749489173293114,0.07770176231861115,-0.013201619498431683,-0.05170142278075218,-0.06062114238739014,-0.0196073055267334,0.023753108456730843,0.013554669916629791,-0.10567854344844818,0.0,0.0,-0.0047828578390181065,-0.13417460024356842,-0.03563502058386803,0.16853368282318115,-0.18318453431129456,-0.10360800474882126,0.12113354355096817,-0.21312545239925385,-2.3985981941223145,-47.033565521240234,-0.2649974524974823,0.26415276527404785,-0.03022889792919159,-0.14641420543193817,0.23758354783058167,-0.3215974271297455,0.14430533349514008,12.565326690673828,10.177741050720215,12.517711639404297,11.84650707244873,-0.07512695342302322,0.029130859300494194,0.05672851577401161,-0.059794921427965164,0.0,-0.08625904470682144,0.060318659991025925,0.06109050661325455,-0.0787397250533104,0.0,-0.1387455016374588,0.29961666464805603,-9.705284118652344,-0.03875008225440979,-0.4361087679862976,-8.551557540893555,0.0,0.0,0.0,0.0,0.0,0.0,0.0,0.0,0.0,0.0,0.0,0.0,-0.0895819440484047,0.05938251316547394,0.062412116676568985,-0.0770568922162056,0.29108762741088867,0.24263371527194977,0.2969209551811218,0.27757740020751953,-2.4802300930023193,-1.2607738971710205,-0.3097674548625946,0.0,0.0,0.0,0.0,0.0,0.0,0.0
42847348990,0,0.02591627649962902,-0.010828154161572456,-0.8246438503265381,6.569455581484362e-05,-0.04113857448101044,-0.8442511558532715,-0.022749489173293114,0.07770176231861115,-0.013201619498431683,-0.05042780563235283,-0.06282199919223785,-0.01947009563446045,0.023753108456730843,0.013554669916629791,-0.10567854344844818,0.0,0.0,-0.0047828578390181065,-0.15561382472515106,-0.03840373829007149,0.160615012049675,-0.18318453431129456,-0.10360800474882126,0.12113354355096817,-0.21312545239925385,-2.3985981941223145,-47.033565521240234,-0.2649974524974823,0.26415276527404785,-0.03022889792919159,-0.14641420543193817,0.24078983068466187,-0.31951799988746643,0.1441906839609146,12.565326690673828,10.177741050720215,12.517711639404297,11.84650707244873,-0.07359375059604645,0.032197266817092896,0.05672851577401161,-0.06132812425494194,0.0,-0.08625904470682144,0.060318659991025925,0.06109050661325455,-0.0787397250533104,0.0,-0.1387455016374588,0.29961666464805603,-9.705284118652344,-0.023554205894470215,-0.44138872623443604,-8.616477966308594,0.0,0.0,0.0,0.0,0.0,0.0,0.0,0.0,0.0,0.0,0.0,0.0,-0.08900628238916397,0.06062619760632515,0.06248171627521515,-0.07845119386911392,0.2916843295097351,0.24476787447929382,0.29075998067855835,0.2776809334754944,-2.1464130878448486,-0.6928302049636841,-0.5549370646476746,0.0,0.0,0.0,0.0,0.0,0.0,0.0
42856943318,0,0.025279469788074493,-0.009727729484438896,-0.824781060218811,6.569455581484362e-05,-0.04113857448101044,-0.8442511558532715,-0.029005859047174454,0.07868637144565582,-0.004947650711983442,-0.05042780563235283,-0.06282199919223785,-0.01947009563446045,0.020421234890818596,0.013186521828174591,-0.10340522974729538,0.0,0.0,-0.0047828578390181065,-0.15561382472515106,-0.03840373829007149,0.160615012049675,-0.1643744856119156,-0.10161107033491135,0.11849193274974823,-0.10930640995502472,-2.4606809616088867,-47.10902404785156,-0.2382490634918213,0.2627621293067932,-0.02267196774482727,-0.1468656063079834,0.24199894070625305,-0.3185540735721588,0.14403338730335236,12.432857513427734,10.431621551513672,12.309167861938477,12.010601997375488,-0.07359375059604645,0.03526367247104645,0.05826171860098839,-0.06132812425494194,0.0,-0.08602873980998993,0.06443532556295395,0.060885850340127945,-0.08260209113359451,0.0,0.007297186180949211,-0.20071934163570404,-9.268643379211426,-0.023554205894470215,-0.44138872623443604,-8.616477966308594,0.0,0.0,0.0,0.0,0.0,0.0,0.0,0.0,0.0,0.0,0.0,0.0,-0.08820559829473495,0.06137101724743843,0.06224978715181351,-0.07936833798885345,0.2891114354133606,0.24981234967708588,0.2867058217525482,0.280886709690094,-2.1464130878448486,-0.6928302049636841,-0.5549370646476746,0.0,0.0,0.0,0.0,0.0,0.0,0.0
42867144160,0,0.024993212893605232,-0.00922540295869112,-0.8248288035392761,6.569455581484362e-05,-0.04113857448101044,-0.8442511558532715,-0.032100092619657516,0.0800682082772255,0.00048510232591070235,-0.04985528811812401,-0.06382666528224945,-0.01942235231399536,0.018424969166517258,0.012258931063115597,-0.1022016853094101,0.0,0.0,-0.0047828578390181065,-0.18143950402736664,-0.05268675461411476,0.15416844189167023,-0.14834150671958923,-0.09458671510219574,0.11702357232570648,-0.12954813241958618,-2.427638053894043,-47.390628814697266,-0.1876441240310669,0.2852935492992401,-0.018731072545051575,-0.14731955528259277,0.2427738755941391,-0.31770798563957214,0.14374098181724548,12.516457557678223,10.64423942565918,12.168807983398438,12.136609077453613,-0.07359375059604645,0.036796875298023224,0.05826171860098839,-0.06286133080720901,0.0,-0.08512938022613525,0.061326753348112106,0.061175763607025146,-0.08022600412368774,0.0,0.03889846056699753,-0.2819351255893707,-9.258644104003906,-0.016014177352190018,-0.445651650428772,-8.65672492980957,0.0,0.0,0.0,0.0,0.0,0.0,0.0,0.0,0.0,0.0,0.0,0.0,-0.08737924695014954,0.061969462782144547,0.061906848102808,-0.08012832701206207,0.2891114354133606,0.24981234967708588,0.2867058217525482,0.280886709690094,-2.2031753063201904,-0.9485529661178589,-0.5549010038375854,0.0,0.0,0.0,0.0,0.0,0.0,0.0
42876843438,0,0.024993212893605232,-0.00922540295869112,-0.8248288035392761,6.569455581484362e-05,-0.04113857448101044,-0.8442511558532715,-0.032100092619657516,0.0800682082772255,0.00048510232591070235,-0.04842086881399155,-0.06573612987995148,-0.01937878131866455,0.018424969166517258,0.012258931063115597,-0.1022016853094101,0.0,0.0,-0.0047828578390181065,-0.21691232919692993,-0.07713913172483444,0.15887264907360077,-0.14834150671958923,-0.09458671510219574,0.11702357232570648,-0.12954813241958618,-2.427638053894043,-47.390628814697266,-0.1876441240310669,0.2852935492992401,-0.018731072545051575,-0.14731955528259277,0.2427738755941391,-0.31770798563957214,0.14374098181724548,12.516457557678223,10.64423942565918,12.168807983398438,12.136609077453613,-0.07512695342302322,0.038330078125,0.05672851577401161,-0.06746093928813934,0.0,-0.08512938022613525,0.061326753348112106,0.061175763607025146,-0.08022600412368774,0.0,0.03889846056699753,-0.2819351255893707,-9.258644104003906,-0.008941452950239182,-0.460537314414978,-8.689898490905762,0.0,0.0,0.0,0.0,0.0,0.0,0.0,0.0,0.0,0.0,0.0,0.0,-0.08659915626049042,0.062288589775562286,0.061589907854795456,-0.08062974363565445,0.29073575139045715,0.2540264427661896,0.2839723229408264,0.28334474563598633,-2.14784574508667,-1.089969515800476,0.05771203711628914,0.0,0.0,0.0,0.0,0.0,0.0,0.0
42887014781,0,0.0242760069668293,-0.008270671591162682,-0.8248723745346069,6.569455581484362e-05,-0.04113857448101044,-0.8442511558532715,-0.03389750421047211,0.08581836521625519,0.005561386235058308,-0.04842086881399155,-0.06573612987995148,-0.01937878131866455,0.014946193434298038,0.01035658922046423,-0.09908021986484528,0.0,0.0,-0.0047828578390181065,-0.21970336139202118,-0.07856325805187225,0.15955179929733276,-0.10489597171545029,-0.0799952819943428,0.1121518537402153,-0.038716595619916916,-2.532346725463867,-47.695159912109375,-0.12506140768527985,0.3248559236526489,-0.030046984553337097,-0.14805364608764648,0.2430664747953415,-0.31685882806777954,0.14328031241893768,13.031570434570312,10.475625991821289,12.37337875366211,11.897246360778809,-0.07512695342302322,0.039863280951976776,0.05826171860098839,-0.06899414211511612,0.0,-0.08219588547945023,0.06885252147912979,0.06049573794007301,-0.08774283528327942,0.0,0.08750294893980026,-0.9276396036148071,-9.689650535583496,-0.008941452950239182,-0.460537314414978,-8.689898490905762,0.0,0.0,0.0,0.0,0.0,0.0,0.0,0.0,0.0,0.0,0.0,0.0,-0.08580895513296127,0.06261523067951202,0.06132624298334122,-0.08114861696958542,0.30254921317100525,0.25088730454444885,0.2886333763599396,0.27787843346595764,-2.1207075119018555,-1.0784176588058472,0.09275921434164047,0.0,0.0,0.0,0.0,0.0,0.0,0.0
42897901954,0,0.02360093966126442,-0.007360932882875204,-0.8248550295829773,6.569455581484362e-05,-0.04113857448101044,-0.8442511558532715,-0.041587065905332565,0.09953085333108902,0.006902945227921009,-0.04707072675228119,-0.06755562126636505,-0.01939612627029419,0.010591493919491768,0.008976103737950325,-0.0967130959033966,0.0,0.0,-0.0047828578390181065,-0.21970336139202118,-0.07856325805187225,0.15955179929733276,-0.10489597171545029,-0.0799952819943428,0.1121518537402153,-0.011196942999958992,-2.584928035736084,-47.84892272949219,-0.07590320706367493,0.34018674492836,-0.017388582229614258,-0.14868266880512238,0.2430664747953415,-0.31685882806777954,0.14328031241893768,12.850722312927246,10.885846138000488,11.998573303222656,12.199207305908203,-0.07359375059604645,0.039863280951976776,0.05826171860098839,-0.0705273449420929,0.0,-0.0841006189584732,0.06879854947328568,0.06307072937488556,-0.08795208483934402,0.0,-0.44683194160461426,0.7167046070098877,-9.627549171447754,0.01130075752735138,-0.48982834815979004,-8.695150375366211,0.0,0.0,0.0,0.0,0.0,0.0,0.0,0.0,0.0,0.0,0.0,0.0,-0.08497680723667145,0.06357715278863907,0.06119348481297493,-0.08228350430727005,0.30254921317100525,0.25088730454444885,0.2886333763599396,0.27787843346595764,-2.1207075119018555,-1.0784176588058472,0.09275921434164047,0.0,0.0,0.0,0.0,0.0,0.0,0.0
42907015718,0,0.02360093966126442,-0.007360932882875204,-0.8248550295829773,6.569455581484362e-05,-0.04113857448101044,-0.8442511558532715,-0.041587065905332565,0.09953085333108902,0.006902945227921009,-0.04707072675228119,-0.06755562126636505,-0.01939612627029419,0.010591493919491768,0.008976103737950325,-0.0967130959033966,0.0,0.0,-0.0047828578390181065,-0.24988801777362823,-0.08338409662246704,0.1420573741197586,-0.08549793809652328,-0.0697999894618988,0.11036442965269089,-0.011196942999958992,-2.584928035736084,-47.84892272949219,-0.07590320706367493,0.34018674492836,-0.017388582229614258,-0.14868266880512238,0.24234920740127563,-0.3166343569755554,0.14301586151123047,12.850722312927246,10.885846138000488,11.998573303222656,12.199207305908203,-0.07359375059604645,0.04292968660593033,0.059794921427965164,-0.0705273449420929,0.0,-0.0841006189584732,0.06879854947328568,0.06307072937488556,-0.08795208483934402,0.0,-0.44683194160461426,0.7167046070098877,-9.627549171447754,0.01130075752735138,-0.48982834815979004,-8.695150375366211,0.0,0.0,0.0,0.0,0.0,0.0,0.0,0.0,0.0,0.0,0.0,0.0,-0.08431798964738846,0.06501621752977371,0.06135581061244011,-0.08387801051139832,0.2972159683704376,0.2588039040565491,0.28065189719200134,0.2845647633075714,-1.6421990394592285,-0.31528735160827637,-0.6490703225135803,0.0,0.0,0.0,0.0,0.0,0.0,0.0
42916900485,0,0.022869646549224854,-0.006466787774115801,-0.8248047828674316,6.569455581484362e-05,-0.04113857448101044,-0.8442511558532715,-0.04448237270116806,0.09324833750724792,0.007708823774009943,-0.04560813307762146,-0.0693439245223999,-0.019446372985839844,0.00532811414450407,0.007575546391308308,-0.0943080261349678,0.0,0.0,-0.0047828578390181065,-0.25788092613220215,-0.08680310845375061,0.13586333394050598,-0.03949128836393356,-0.05287213996052742,0.10676644742488861,0.06699827313423157,-2.6517038345336914,-47.97090148925781,-0.026750490069389343,0.35277488827705383,-0.0035692155361175537,-0.14941473305225372,0.240446999669075,-0.31647008657455444,0.14221398532390594,12.627546310424805,11.323456764221191,11.5906982421875,12.520454406738281,-0.07359375059604645,0.04292968660593033,0.059794921427965164,-0.0705273449420929,0.0,-0.0853329598903656,0.07060238718986511,0.06487541645765305,-0.08986315876245499,0.0,-0.369479238986969,0.3358844816684723,-9.716888427734375,0.018291383981704712,-0.4801493287086487,-8.701521873474121,0.0,0.0,0.0,0.0,0.0,0.0,0.0,0.0,0.0,0.0,0.0,0.0,-0.08401072025299072,0.06650512665510178,0.06183535233139992,-0.08550214767456055,0.2928916811943054,0.2674262523651123,0.2726726531982422,0.29081329703330994,-1.3964306116104126,-0.3054192364215851,-0.6321151852607727,0.0,0.0,0.0,0.0,0.0,0.0,0.0
42926742141,0,0.022869646549224854,-0.006466787774115801,-0.8248047828674316,6.569455581484362e-05,-0.04113857448101044,-0.8442511558532715,-0.04448237270116806,0.09324833750724792,0.007708823774009943,-0.04560813307762146,-0.0693439245223999,-0.019446372985839844,0.00532811414450407,0.007575546391308308,-0.0943080261349678,0.0,0.0,-0.0047828578390181065,-0.2400331348180771,-0.09398198872804642,0.138909250497818,-0.03949128836393356,-0.05287213996052742,0.10676644742488861,0.06699827313423157,-2.6517038345336914,-47.97090148925781,-0.026750490069389343,0.35277488827705383,-0.0035692155361175537,-0.14941473305225372,0.240446999669075,-0.31647008657455444,0.14221398532390594,12.627546310424805,11.323456764221191,11.5906982421875,12.520454406738281,-0.07359375059604645,0.044462889432907104,0.059794921427965164,-0.07206054776906967,0.0,-0.0853329598903656,0.07060238718986511,0.06487541645765305,-0.08986315876245499,0.0,-0.369479238986969,0.3358844816684723,-9.716888427734375,0.018291383981704712,-0.4801493287086487,-8.701521873474121,0.0,0.0,0.0,0.0,0.0,0.0,0.0,0.0,0.0,0.0,0.0,0.0,-0.08404674381017685,0.06791022419929504,0.0625489130616188,-0.0870174765586853,0.29486989974975586,0.2646767497062683,0.2739955484867096,0.2881028950214386,0.23051008582115173,-0.2701033353805542,0.042129695415496826,0.0,0.0,0.0,0.0,0.0,0.0,0.0
42937765430,0,0.022051529958844185,-0.005557422526180744,-0.8247586488723755,6.569455581484362e-05,-0.04113857448101044,-0.8442511558532715,-0.0446028895676136,0.08480428904294968,0.003483040491119027,-0.043971892446279526,-0.07116266340017319,-0.019492506980895996,0.0013172958279028535,0.005718130152672529,-0.09131263196468353,0.0,0.0,-0.0047828578390181065,-0.23099397122859955,-0.09708647429943085,0.14061889052391052,-0.03949128836393356,-0.05287213996052742,0.10676644742488861,0.10720018297433853,-2.567293405532837,-47.69427490234375,-0.015188008546829224,0.3757469952106476,-0.015477776527404785,-0.15011471509933472,0.2381262630224228,-0.31661075353622437,0.14144256711006165,12.908798217773438,10.939122200012207,11.767146110534668,12.173120498657227,-0.07512695342302322,0.044462889432907104,0.059794921427965164,-0.07512695342302322,0.0,-0.08010411262512207,0.07158497720956802,0.06008520349860191,-0.09120777249336243,0.0,-0.03517410531640053,-0.10777845233678818,-9.727171897888184,0.019490942358970642,-0.4667806029319763,-8.671686172485352,0.0,0.0,0.0,0.0,0.0,0.0,0.0,0.0,0.0,0.0,0.0,0.0,-0.08406057953834534,0.0691433697938919,0.0631081685423851,-0.08834986388683319,0.29486989974975586,0.2646767497062683,0.2739955484867096,0.2881028950214386,0.49395251274108887,-0.2277817279100418,0.07671376317739487,0.0,0.0,0.0,0.0,0.0,0.0,0.0
42947186370,0,0.021633949130773544,-0.005180513020604849,-0.8247444033622742,6.569455581484362e-05,-0.04113857448101044,-0.8442511558532715,-0.04630966857075691,0.0813550353050232,-0.0003124057548120618,-0.043136727064847946,-0.07191648334264755,-0.019506752490997314,-0.00048266316298395395,0.004660827107727528,-0.08992024511098862,0.0,0.0,-0.0047828578390181065,-0.23099397122859955,-0.09708647429943085,0.14061889052391052,0.010688425973057747,-0.036086346954107285,0.10239098966121674,0.12963181734085083,-2.535799980163574,-47.54607391357422,-0.004441693425178528,0.37840530276298523,-0.016603246331214905,-0.15048666298389435,0.23684263229370117,-0.31681737303733826,0.1411801427602768,12.920353889465332,10.88790225982666,11.73878288269043,12.09507942199707,-0.07666015625,0.044462889432907104,0.059794921427965164,-0.07666015625,0.0,-0.07858345657587051,0.07159005850553513,0.0585690438747406,-0.09156548231840134,0.0,-0.2521328628063202,0.4204360246658325,-9.807653427124023,0.023569419980049133,-0.46105456352233887,-8.64474105834961,0.0,0.0,0.0,0.0,0.0,0.0,0.0,0.0,0.0,0.0,0.0,0.0,-0.08350837230682373,0.07015529274940491,0.06297643482685089,-0.0894869714975357,0.29856327176094055,0.2588445544242859,0.2755734324455261,0.28253504633903503,0.49395251274108887,-0.2277817279100418,0.07671376317739487,0.0,0.0,0.0,0.0,0.0,0.0,0.0
42957109207,0,0.02076447382569313,-0.004244897048920393,-0.8247023224830627,6.569455581484362e-05,-0.04113857448101044,-0.8442511558532715,-0.048547472804784775,0.07568785548210144,0.002718650968745351,-0.04139776900410652,-0.07378772646188736,-0.01954883337020874,-0.004298497457057238,0.0035262100864201784,-0.08799166232347488,0.0,0.0,-0.0047828578390181065,-0.21739596128463745,-0.08625974506139755,0.13350670039653778,0.010688425973057747,-0.036086346954107285,0.10239098966121674,0.12963181734085083,-2.535799980163574,-47.54607391357422,-0.004441693425178528,0.37840530276298523,-0.016603246331214905,-0.15048666298389435,0.23684263229370117,-0.31681737303733826,0.1411801427602768,12.920353889465332,10.88790225982666,11.73878288269043,12.09507942199707,-0.07512695342302322,0.04752929508686066,0.059794921427965164,-0.07819335907697678,0.0,-0.07858345657587051,0.07159005850553513,0.0585690438747406,-0.09156548231840134,0.0,-0.2521328628063202,0.4204360246658325,-9.807653427124023,0.030253464356064796,-0.45295435190200806,-8.674830436706543,0.0,0.0,0.0,0.0,0.0,0.0,0.0,0.0,0.0,0.0,0.0,0.0,-0.08239816129207611,0.07091748714447021,0.06216831132769585,-0.09041325747966766,0.29856327176094055,0.2588445544242859,0.2755734324455261,0.28253504633903503,0.5723322629928589,0.27404871582984924,-0.2719942033290863,0.0,0.0,0.0,0.0,0.0,0.0,0.0
42967086130,0,0.02076447382569313,-0.004244897048920393,-0.8247023224830627,6.569455581484362e-05,-0.04113857448101044,-0.8442511558532715,-0.048547472804784775,0.07568785548210144,0.002718650968745351,-0.04139776900410652,-0.07378772646188736,-0.01954883337020874,-0.004298497457057238,0.0035262100864201784,-0.08799166232347488,0.0,0.0,-0.0047828578390181065,-0.21739596128463745,-0.08625974506139755,0.13350670039653778,0.05041423439979553,-0.02195162884891033,0.09856036305427551,0.16639405488967896,-2.491248846054077,-47.71156692504883,0.020940124988555908,0.376459538936615,-0.008721202611923218,-0.1511724591255188,0.23426192998886108,-0.3171035945415497,0.14064456522464752,12.798649787902832,11.171080589294434,11.548428535461426,12.29154109954834,-0.07512695342302322,0.04906250163912773,0.06132812425494194,-0.07819335907697678,0.0,-0.07713758200407028,0.06945832073688507,0.0569772906601429,-0.08993389457464218,0.0,0.11785919964313507,-0.35413283109664917,-9.594836235046387,0.030253464356064796,-0.45295435190200806,-8.674830436706543,0.0,0.0,0.0,0.0,0.0,0.0,0.0,0.0,0.0,0.0,0.0,0.0,-0.08108152449131012,0.07131810486316681,0.06103327497839928,-0.09100615978240967,0.29620784521102905,0.26442840695381165,0.2718436121940613,0.28636282682418823,0.5723322629928589,0.27404871582984924,-0.2719942033290863,0.0,0.0,0.0,0.0,0.0,0.0,0.0
42977205827,0,0.02076447382569313,-0.004244897048920393,-0.8247023224830627,6.569455581484362e-05,-0.04113857448101044,-0.8442511558532715,-0.048547472804784775,0.07568785548210144,0.002718650968745351,-0.04139776900410652,-0.07378772646188736,-0.01954883337020874,-0.004298497457057238,0.0035262100864201784,-0.08799166232347488,0.0,0.0,-0.0047828578390181065,-0.19462746381759644,-0.08826100826263428,0.13810960948467255,0.0633777603507042,-0.0164546687155962,0.09715157747268677,0.1983717828989029,-2.492785692214966,-47.80696105957031,0.025409698486328125,0.3849329948425293,-0.013605207204818726,-0.15148338675498962,0.23295608162879944,-0.31726858019828796,0.14040851593017578,12.966782569885254,11.066352844238281,11.674408912658691,12.202229499816895,-0.07666015625,0.04906250163912773,0.06132812425494194,-0.07972656190395355,0.0,-0.07532917708158493,0.07115951925516129,0.055409494787454605,-0.09159684926271439,0.0,-0.2582695484161377,0.1941664218902588,-9.590932846069336,0.030253464356064796,-0.45295435190200806,-8.674830436706543,0.0,0.0,0.0,0.0,0.0,0.0,0.0,0.0,0.0,0.0,0.0,0.0,-0.07968948781490326,0.07134877890348434,0.05972771346569061,-0.09125188738107681,0.2994609475135803,0.26236534118652344,0.27431297302246094,0.2846236526966095,1.1700384616851807,-0.034272436052560806,0.127607062458992,0.0,0.0,0.0,0.0,0.0,0.0,0.0
42986841069,0,0.019901063293218613,-0.0032584986183792353,-0.8246703147888184,6.569455581484362e-05,-0.04113857448101044,-0.8442511558532715,-0.051976583898067474,0.07675962895154953,0.007612468674778938,-0.03967093676328659,-0.07576052844524384,-0.019580841064453125,-0.008004537783563137,0.0019403971964493394,-0.08575451374053955,0.0,0.0,-0.0047828578390181065,-0.17782558500766754,-0.09298583120107651,0.134810209274292,0.0633777603507042,-0.0164546687155962,0.09715157747268677,0.22207848727703094,-2.5203535556793213,-47.93952560424805,0.02787439525127411,0.39937812089920044,-0.0185682475566864,-0.15189501643180847,0.23295608162879944,-0.31726858019828796,0.14040851593017578,13.152809143066406,10.956242561340332,11.805150032043457,12.131617546081543,-0.07666015625,0.05059570446610451,0.06132812425494194,-0.0827929675579071,0.0,-0.07439996302127838,0.07349394261837006,0.054873060435056686,-0.0936693325638771,0.0,-0.2582695484161377,0.1941664218902588,-9.590932846069336,0.0403779074549675,-0.458246111869812,-8.716277122497559,0.0,0.0,0.0,0.0,0.0,0.0,0.0,0.0,0.0,0.0,0.0,0.0,-0.07824083417654037,0.07135815173387527,0.058336373418569565,-0.09145528823137283,0.2994609475135803,0.26236534118652344,0.27431297302246094,0.2846236526966095,1.4551557302474976,-0.2395024448633194,-0.09922678023576736,0.0,0.0,0.0,0.0,0.0,0.0,0.0
42997048161,0,0.01905165985226631,-0.002301401225849986,-0.8246503472328186,6.569455581484362e-05,-0.04113857448101044,-0.8442511558532715,-0.05434367060661316,0.0759345144033432,0.00617769593372941,-0.03797212243080139,-0.0776747316122055,-0.01960080862045288,-0.01054636761546135,0.00014635043044108897,-0.08341994881629944,0.0,0.0,-0.0047828578390181065,-0.17782558500766754,-0.09298583120107651,0.134810209274292,0.0633777603507042,-0.0164546687155962,0.09715157747268677,0.1817178726196289,-2.48539662361145,-47.97810745239258,0.01679663360118866,0.40381550788879395,-0.012373939156532288,-0.15220312774181366,0.22998374700546265,-0.3178968131542206,0.1400316208600998,12.993017196655273,11.101011276245117,11.672266006469727,12.319551467895508,-0.07512695342302322,0.05059570446610451,0.06132812425494194,-0.0827929675579071,0.0,-0.07549001276493073,0.07009868323802948,0.055633608251810074,-0.09009306877851486,0.0,-0.2406487762928009,0.15459409356117249,-9.938722610473633,0.0479060634970665,-0.4600091576576233,-8.705370903015137,0.0,0.0,0.0,0.0,0.0,0.0,0.0,0.0,0.0,0.0,0.0,0.0,-0.0769127756357193,0.07149255275726318,0.05707285553216934,-0.09170329570770264,0.2994609475135803,0.26236534118652344,0.27431297302246094,0.2846236526966095,1.4551557302474976,-0.2395024448633194,-0.09922678023576736,0.0,0.0,0.0,0.0,0.0,0.0,0.0
43007027791,0,0.018235361203551292,-0.0013423451455309987,-0.8246718049049377,6.569455581484362e-05,-0.04113857448101044,-0.8442511558532715,-0.046520862728357315,0.0730321928858757,0.00033684202935546637,-0.036339517682790756,-0.07959285378456116,-0.01957935094833374,-0.012134023010730743,-0.0008632559911347926,-0.08106574416160583,0.0,0.0,-0.0047828578390181065,-0.1343231499195099,-0.07227917015552521,0.12253256142139435,0.08381465822458267,-0.0024819315876811743,0.09435838460922241,0.1817178726196289,-2.48539662361145,-47.97810745239258,0.01679663360118866,0.40381550788879395,-0.012373939156532288,-0.15220312774181366,0.22998374700546265,-0.3178968131542206,0.1400316208600998,12.993017196655273,11.101011276245117,11.672266006469727,12.319551467895508,-0.07512695342302322,0.052128907293081284,0.06132812425494194,-0.08432617038488388,0.0,-0.07549001276493073,0.07009868323802948,0.055633608251810074,-0.09009306877851486,0.0,-0.2406487762928009,0.15459409356117249,-9.938722610473633,0.03469426929950714,-0.45951613783836365,-8.663395881652832,0.0,0.0,0.0,0.0,0.0,0.0,0.0,0.0,0.0,0.0,0.0,0.0,-0.07594679296016693,0.07145807147026062,0.056150779128074646,-0.09169311821460724,0.2999681234359741,0.2630484402179718,0.27427101135253906,0.28690797090530396,2.0735795497894287,0.5651679635047913,-0.4304902255535126,0.0,0.0,0.0,0.0,0.0,0.0,0.0
43017067668,0,0.018235361203551292,-0.0013423451455309987,-0.8246718049049377,6.569455581484362e-05,-0.04113857448101044,-0.8442511558532715,-0.046520862728357315,0.0730321928858757,0.00033684202935546637,-0.036339517682790756,-0.07959285378456116,-0.01957935094833374,-0.012134023010730743,-0.0008632559911347926,-0.08106574416160583,0.0,0.0,-0.0047828578390181065,-0.11759191751480103,-0.06916850060224533,0.12179652601480484,0.09655848145484924,0.005390452221035957,0.09154051542282104,0.23075459897518158,-2.5657880306243896,-47.67801284790039,-0.012137219309806824,0.38181358575820923,-0.002840965986251831,-0.1528555154800415,0.2276935577392578,-0.3183777928352356,0.13944758474826813,12.600399017333984,11.256028175354004,11.439162254333496,12.494153022766113,-0.07359375059604645,0.05059570446610451,0.06132812425494194,-0.08585937321186066,0.0,-0.07878582924604416,0.07314424961805344,0.05767709016799927,-0.09256529808044434,0.0,0.10261370241641998,-0.6658194065093994,-9.715977668762207,0.03469426929950714,-0.45951613783836365,-8.663395881652832,0.0,0.0,0.0,0.0,0.0,0.0,0.0,0.0,0.0,0.0,0.0,0.0,-0.07553946226835251,0.07133077085018158,0.05569613352417946,-0.09150689840316772,0.2923651933670044,0.2661002576351166,0.26969948410987854,0.2903023362159729,1.919706106185913,0.4018251299858093,-0.2237250655889511,0.0,0.0,0.0,0.0,0.0,0.0,0.0
43027145005,0,0.017872890457510948,-0.000883128959685564,-0.824687123298645,6.569455581484362e-05,-0.04113857448101044,-0.8442511558532715,-0.05293472111225128,0.07920533418655396,-0.0017492815386503935,-0.03561457246541977,-0.08051129430532455,-0.019564032554626465,-0.013088114559650421,-0.0013545083347707987,-0.07985551655292511,0.0,0.0,-0.0047828578390181065,-0.11759191751480103,-0.06916850060224533,0.12179652601480484,0.11325673758983612,0.009486285969614983,0.08958791196346283,0.19081848859786987,-2.527338743209839,-47.648677825927734,-0.019906044006347656,0.3882081210613251,-0.007302567362785339,-0.15319229662418365,0.22659572958946228,-0.31859758496284485,0.1390964686870575,12.702280044555664,11.116659164428711,11.546202659606934,12.39925479888916,-0.07512695342302322,0.05059570446610451,0.059794921427965164,-0.08585937321186066,0.0,-0.07822304964065552,0.07153031975030899,0.05715562030673027,-0.09106088429689407,0.0,-0.36022278666496277,-0.03338828682899475,-9.684267044067383,0.04970452934503555,-0.4727221727371216,-8.650676727294922,0.0,0.0,0.0,0.0,0.0,0.0,0.0,0.0,0.0,0.0,0.0,0.0,-0.07576017081737518,0.07138784974813461,0.05571974813938141,-0.09142716974020004,0.29434072971343994,0.2633565366268158,0.27180007100105286,0.28845831751823425,1.919706106185913,0.4018251299858093,-0.2237250655889511,0.0,0.0,0.0,0.0,0.0,0.0,0.0
43036774212,0,0.017872890457510948,-0.000883128959685564,-0.824687123298645,6.569455581484362e-05,-0.04113857448101044,-0.8442511558532715,-0.05293472111225128,0.07920533418655396,-0.0017492815386503935,-0.03561457246541977,-0.08051129430532455,-0.019564032554626465,-0.013088114559650421,-0.0013545083347707987,-0.07985551655292511,0.0,0.0,-0.0047828578390181065,-0.0861627608537674,-0.06928011775016785,0.1220162957906723,0.11325673758983612,0.009486285969614983,0.08958791196346283,0.19081848859786987,-2.527338743209839,-47.648677825927734,-0.019906044006347656,0.3882081210613251,-0.007302567362785339,-0.15319229662418365,0.22659572958946228,-0.31859758496284485,0.1390964686870575,12.702280044555664,11.116659164428711,11.546202659606934,12.39925479888916,-0.07512695342302322,0.05366211012005806,0.05826171860098839,-0.08892577886581421,0.0,-0.07822304964065552,0.07153031975030899,0.05715562030673027,-0.09106088429689407,0.0,-0.36022278666496277,-0.03338828682899475,-9.684267044067383,0.04970452934503555,-0.4727221727371216,-8.650676727294922,0.0,0.0,0.0,0.0,0.0,0.0,0.0,0.0,0.0,0.0,0.0,0.0,-0.07634913921356201,0.07151665538549423,0.056020379066467285,-0.09138976037502289,0.29434072971343994,0.2633565366268158,0.27180007100105286,0.28845831751823425,1.828056812286377,-0.039028484374284744,-0.06302317976951599,0.0,0.0,0.0,0.0,0.0,0.0,0.0
43047188321,0,0.017108643427491188,8.366051770281047e-05,-0.8247044682502747,6.569455581484362e-05,-0.04113857448101044,-0.8442511558532715,-0.052666496485471725,0.07299003005027771,-0.00031252705957740545,-0.03408607095479965,-0.08244487643241882,-0.019546687602996826,-0.015021868981420994,-0.0023775596637278795,-0.07780922949314117,0.0,0.0,-0.0047828578390181065,-0.0861627608537674,-0.06928011775016785,0.1220162957906723,0.11930540204048157,0.022303326055407524,0.08686447143554688,0.28004035353660583,-2.553496837615967,-47.6702766418457,-0.033566027879714966,0.4079601466655731,-0.008994758129119873,-0.15384337306022644,0.2246573567390442,-0.31915852427482605,0.13853727281093597,12.757080078125,11.03012466430664,11.585567474365234,12.414375305175781,-0.07512695342302322,0.05366211012005806,0.05672851577401161,-0.08892577886581421,0.0,-0.07618901133537292,0.07573659718036652,0.05497252196073532,-0.09430697560310364,0.0,-0.36022278666496277,-0.03338828682899475,-9.684267044067383,0.05091642588376999,-0.464272141456604,-8.667323112487793,0.0,0.0,0.0,0.0,0.0,0.0,0.0,0.0,0.0,0.0,0.0,0.0,-0.07689075171947479,0.07177656888961792,0.05627700313925743,-0.09146041423082352,0.29540279507637024,0.2616509199142456,0.27257204055786133,0.2887522280216217,1.828056812286377,-0.039028484374284744,-0.06302317976951599,0.0,0.0,0.0,0.0,0.0,0.0,0.0
43056889137,0,0.017108643427491188,8.366051770281047e-05,-0.8247044682502747,6.569455581484362e-05,-0.04113857448101044,-0.8442511558532715,-0.052666496485471725,0.07299003005027771,-0.00031252705957740545,-0.03408607095479965,-0.08244487643241882,-0.019546687602996826,-0.015021868981420994,-0.0023775596637278795,-0.07780922949314117,0.0,0.0,-0.0047828578390181065,-0.05013761296868324,-0.05539672076702118,0.12453722953796387,0.11930540204048157,0.022303326055407524,0.08686447143554688,0.28004035353660583,-2.553496837615967,-47.6702766418457,-0.033566027879714966,0.4079601466655731,-0.008994758129119873,-0.15384337306022644,0.2246573567390442,-0.31915852427482605,0.13853727281093597,12.757080078125,11.03012466430664,11.585567474365234,12.414375305175781,-0.07512695342302322,0.05366211012005806,0.05672851577401161,-0.09045898169279099,0.0,-0.07618901133537292,0.07573659718036652,0.05497252196073532,-0.09430697560310364,0.0,0.1904793381690979,-0.11108715087175369,-9.663368225097656,0.05091642588376999,-0.464272141456604,-8.667323112487793,0.0,0.0,0.0,0.0,0.0,0.0,0.0,0.0,0.0,0.0,0.0,0.0,-0.07712146639823914,0.07244107872247696,0.05626320838928223,-0.09187067300081253,0.29540279507637024,0.2616509199142456,0.27257204055786133,0.2887522280216217,2.035271167755127,0.5003409385681152,0.10878030955791473,0.0,0.0,0.0,0.0,0.0,0.0,0.0
43067635273,0,0.016261285170912743,0.0011511582415550947,-0.8246821761131287,6.569455581484362e-05,-0.04113857448101044,-0.8442511558532715,-0.058363720774650574,0.06270210444927216,0.0009085331694222987,-0.032391346991062164,-0.08457989245653152,-0.019568979740142822,-0.016086267307400703,-0.0030430182814598083,-0.0754728764295578,0.0,0.0,-0.0047828578390181065,-0.05013761296868324,-0.05539672076702118,0.12453722953796387,0.1220145970582962,0.026084966957569122,0.08415330201387405,0.3505992591381073,-2.4597198963165283,-47.729312896728516,-0.07213415205478668,0.3965272903442383,-0.0164051353931427,-0.1543828845024109,0.2246573567390442,-0.31915852427482605,0.13853727281093597,12.767595291137695,10.86752986907959,11.8002347946167,12.37520980834961,-0.07512695342302322,0.052128907293081284,0.05672851577401161,-0.09199218451976776,0.0,-0.07160905003547668,0.07606024295091629,0.04899143427610397,-0.09398765116930008,0.0,-0.3935718834400177,-0.012424230575561523,-9.736353874206543,0.06374531984329224,-0.4472217857837677,-8.678056716918945,0.0,0.0,0.0,0.0,0.0,0.0,0.0,0.0,0.0,0.0,0.0,0.0,-0.07685158401727676,0.07339093834161758,0.05574233457446098,-0.0925072655081749,0.29540279507637024,0.2616509199142456,0.27257204055786133,0.2887522280216217,2.035271167755127,0.5003409385681152,0.10878030955791473,0.0,0.0,0.0,0.0,0.0,0.0,0.0
43077531417,0,0.016261285170912743,0.0011511582415550947,-0.8246821761131287,6.569455581484362e-05,-0.04113857448101044,-0.8442511558532715,-0.058363720774650574,0.06270210444927216,0.0009085331694222987,-0.032391346991062164,-0.08457989245653152,-0.019568979740142822,-0.016086267307400703,-0.0030430182814598083,-0.0754728764295578,0.0,0.0,-0.0047828578390181065,-0.009507634676992893,-0.04355065897107124,0.11773853003978729,0.1251608431339264,0.03006293810904026,0.08298040181398392,0.3556447923183441,-2.391411542892456,-47.689945220947266,-0.08647914230823517,0.3950190246105194,-0.013336226344108582,-0.15473799407482147,0.2227334976196289,-0.320049524307251,0.138079434633255,12.767595291137695,10.86752986907959,11.8002347946167,12.37520980834961,-0.07512695342302322,0.052128907293081284,0.055195312947034836,-0.09199218451976776,0.0,-0.06960301846265793,0.07396069914102554,0.046758368611335754,-0.09220373630523682,0.0,-0.3935718834400177,-0.012424230575561523,-9.736353874206543,0.06374531984329224,-0.4472217857837677,-8.678056716918945,0.0,0.0,0.0,0.0,0.0,0.0,0.0,0.0,0.0,0.0,0.0,0.0,-0.07587020099163055,0.0742388591170311,0.054413340985774994,-0.09302595257759094,0.2956065237522125,0.2584420442581177,0.27677589654922485,0.2879906892776489,2.145233392715454,0.6326906681060791,-0.3000069260597229,0.0,0.0,0.0,0.0,0.0,0.0,0.0
43086969726,0,0.01539170928299427,0.002434904919937253,-0.8246472477912903,6.569455581484362e-05,-0.04113857448101044,-0.8442511558532715,-0.06325150281190872,0.05823651701211929,0.00017359705816488713,-0.029705878347158432,-0.08863765746355057,-0.019626200199127197,-0.015849847346544266,-0.004161592107266188,-0.07322374731302261,0.0,0.0,0.002735953312367201,0.007398269604891539,-0.03897063061594963,0.10847965627908707,0.1251608431339264,0.03006293810904026,0.08298040181398392,0.3556447923183441,-2.391411542892456,-47.689945220947266,-0.08647914230823517,0.3950190246105194,-0.013336226344108582,-0.15473799407482147,0.2227334976196289,-0.320049524307251,0.138079434633255,12.767595291137695,10.86752986907959,11.8002347946167,12.37520980834961,-0.07359375059604645,0.055195312947034836,0.055195312947034836,-0.09352538734674454,0.0,-0.06960301846265793,0.07396069914102554,0.046758368611335754,-0.09220373630523682,0.0,-0.3935718834400177,-0.012424230575561523,-9.736353874206543,0.07052092999219894,-0.4444712996482849,-8.67897891998291,0.0,0.0,0.0,0.0,0.0,0.0,0.0,0.0,0.0,0.0,0.0,0.0,-0.0743236169219017,0.07470140606164932,0.052450187504291534,-0.09321162104606628,0.2956065237522125,0.2584420442581177,0.27677589654922485,0.2879906892776489,1.9531360864639282,0.49258774518966675,-0.5891924500465393,0.0,0.0,0.0,0.0,0.0,0.0,0.0
43098319370,0,0.014918559230864048,0.0031800305005162954,-0.8246249556541443,6.569455581484362e-05,-0.04113857448101044,-0.8442511558532715,-0.05959893763065338,0.05722791701555252,0.0008046983857639134,-0.029705878347158432,-0.08863765746355057,-0.019626200199127197,-0.015338336117565632,-0.004312008619308472,-0.0723794549703598,0.0,0.0,0.002735953312367201,0.017538465559482574,-0.03805012255907059,0.10391048341989517,0.12032532691955566,0.035857029259204865,0.08933380991220474,0.3878651261329651,-2.444592237472534,-47.73438262939453,-0.11744226515293121,0.38776010274887085,0.00893355906009674,-0.15529827773571014,0.22223158180713654,-0.3204783499240875,0.13760387897491455,12.157439231872559,11.40381908416748,11.31563949584961,12.979595184326172,-0.07359375059604645,0.055195312947034836,0.05672851577401161,-0.09045898169279099,0.0,-0.07376372814178467,0.07307763397693634,0.04936416819691658,-0.09028160572052002,0.0,-0.018679549917578697,-0.5858162045478821,-10.375737190246582,0.07052092999219894,-0.4444712996482849,-8.67897891998291,0.0,0.0,0.0,0.0,0.0,0.0,0.0,0.0,0.0,0.0,0.0,0.0,-0.07288384437561035,0.07475147396326065,0.05055459961295128,-0.09302828460931778,0.28375083208084106,0.2690054774284363,0.2672725319862366,0.29970866441726685,1.6779431104660034,0.3318794071674347,-0.5573036074638367,0.0,0.0,0.0,0.0,0.0,0.0,0.0
43107019346,0,0.014918559230864048,0.0031800305005162954,-0.8246249556541443,6.569455581484362e-05,-0.04113857448101044,-0.8442511558532715,-0.05959893763065338,0.05722791701555252,0.0008046983857639134,-0.029705878347158432,-0.08863765746355057,-0.019626200199127197,-0.015338336117565632,-0.004312008619308472,-0.0723794549703598,0.0,0.0,0.002735953312367201,0.028504466637969017,-0.02883080579340458,0.10644141584634781,0.11813820153474808,0.03809266909956932,0.08826826512813568,0.3686707317829132,-2.4587440490722656,-47.82048797607422,-0.12906387448310852,0.39036279916763306,0.0071839094161987305,-0.15553903579711914,0.22212836146354675,-0.32070332765579224,0.13727065920829773,12.209126472473145,11.358562469482422,11.394679069519043,12.981212615966797,-0.07512695342302322,0.055195312947034836,0.055195312947034836,-0.09199218451976776,0.0,-0.07444070279598236,0.07318882644176483,0.050034426152706146,-0.09015265107154846,0.0,-0.4472515881061554,-0.12164249271154404,-10.267366409301758,0.07052092999219894,-0.4444712996482849,-8.67897891998291,0.0,0.0,0.0,0.0,0.0,0.0,0.0,0.0,0.0,0.0,0.0,0.0,-0.07217740267515182,0.07451310008764267,0.049313370138406754,-0.09251401573419571,0.284758061170578,0.2681162357330322,0.2688260078430176,0.2997399866580963,1.434383511543274,0.61222243309021,-0.20637398958206177,0.0,0.0,0.0,0.0,0.0,0.0,0.0
43117256241,0,0.014918559230864048,0.0031800305005162954,-0.8246249556541443,6.569455581484362e-05,-0.04113857448101044,-0.8442511558532715,-0.05959893763065338,0.05722791701555252,0.0008046983857639134,-0.027820661664009094,-0.09172286093235016,-0.0196455717086792,-0.015338336117565632,-0.004312008619308472,-0.0723794549703598,0.0,0.0,0.002735953312367201,0.028504466637969017,-0.02883080579340458,0.10644141584634781,0.11813820153474808,0.03809266909956932,0.08826826512813568,0.3686707317829132,-2.4587440490722656,-47.82048797607422,-0.12906387448310852,0.39036279916763306,0.0071839094161987305,-0.15553903579711914,0.22212836146354675,-0.32070332765579224,0.13727065920829773,12.209126472473145,11.358562469482422,11.394679069519043,12.981212615966797,-0.07359375059604645,0.05826171860098839,0.05826171860098839,-0.09045898169279099,0.0,-0.07444070279598236,0.07318882644176483,0.050034426152706146,-0.09015265107154846,0.0,-0.4472515881061554,-0.12164249271154404,-10.267366409301758,0.07780928909778595,-0.4566099941730499,-8.722867965698242,0.0,0.0,0.0,0.0,0.0,0.0,0.0,0.0,0.0,0.0,0.0,0.0,-0.07221638411283493,0.07414636760950089,0.048805054277181625,-0.09183130413293839,0.284758061170578,0.2681162357330322,0.2688260078430176,0.2997399866580963,1.434383511543274,0.61222243309021,-0.20637398958206177,0.0,0.0,0.0,0.0,0.0,0.0,0.0
43126833875,0,0.012866158969700336,0.0062606846913695335,-0.8246184587478638,6.569455581484362e-05,-0.04113857448101044,-0.8442511558532715,-0.05846056342124939,0.053313806653022766,0.007632334250956774,-0.025601057335734367,-0.0947989970445633,-0.019632697105407715,-0.014492139220237732,-0.004990484099835157,-0.06881093233823776,0.0,0.0,0.16564323008060455,0.03747614100575447,-0.01936645805835724,0.1068393662571907,0.11813820153474808,0.03809266909956932,0.08826826512813568,0.41678673028945923,-2.470594644546509,-48.00326919555664,-0.15803921222686768,0.36579394340515137,0.146628275513649,-0.15601222217082977,0.22207847237586975,-0.32102927565574646,0.13660436868667603,8.652994155883789,14.913260459899902,8.052800178527832,16.514516830444336,-0.07512695342302322,0.05826171860098839,0.05672851577401161,-0.09045898169279099,0.0,-0.10370010882616043,0.05711212381720543,0.06916801631450653,-0.07214594632387161,0.0,-0.4472515881061554,-0.12164249271154404,-10.267366409301758,0.07577940821647644,-0.44919902086257935,-8.727867126464844,0.0,0.0,0.0,0.0,0.0,0.0,0.0,0.0,0.0,0.0,0.0,0.0,-0.07399579882621765,0.07304766029119492,0.04966457933187485,-0.09035509824752808,0.284758061170578,0.2681162357330322,0.2688260078430176,0.2997399866580963,1.2190810441970825,0.7483513355255127,-0.12797768414020538,0.0,0.0,0.0,0.0,0.0,0.0,0.0
43137270413,0,0.012866158969700336,0.0062606846913695335,-0.8246184587478638,6.569455581484362e-05,-0.04113857448101044,-0.8442511558532715,-0.05846056342124939,0.053313806653022766,0.007632334250956774,-0.02328445576131344,-0.09779976308345795,-0.01957458257675171,-0.014492139220237732,-0.004990484099835157,-0.06881093233823776,0.0,0.0,0.268400102853775,0.05941395461559296,-0.009361686185002327,0.13198062777519226,0.11360650509595871,0.03508388251066208,0.2803054749965668,0.41678673028945923,-2.470594644546509,-48.00326919555664,-0.15803921222686768,0.36579394340515137,0.146628275513649,-0.15601222217082977,0.22207847237586975,-0.32102927565574646,0.13660436868667603,8.652994155883789,14.913260459899902,8.052800178527832,16.514516830444336,-0.07206054776906967,0.059794921427965164,0.05826171860098839,-0.09045898169279099,0.0,-0.10370010882616043,0.05711212381720543,0.06916801631450653,-0.07214594632387161,0.0,-0.1731146275997162,-0.13977698981761932,-10.040837287902832,0.08405814319849014,-0.4491262137889862,-8.668608665466309,0.0,0.0,0.0,0.0,0.0,0.0,0.0,0.0,0.0,0.0,0.0,0.0,-0.07900240272283554,0.07030840963125229,0.05280355364084244,-0.08709967136383057,0.2141813188791275,0.33672988414764404,0.20200109481811523,0.3668670058250427,1.16411292552948,0.5176788568496704,1.1012080907821655,0.0,0.0,0.0,0.0,0.0,0.0,0.0
43146960292,0,0.01170786377042532,0.0077610625885427,-0.8246765732765198,6.569455581484362e-05,-0.04113857448101044,-0.8442511558532715,-0.06065336987376213,0.050182193517684937,0.00023436736955773085,-0.02328445576131344,-0.09779976308345795,-0.01957458257675171,-0.013222916051745415,-0.0052410149946808815,-0.06589329987764359,0.0,0.0,0.268400102853775,0.06589162349700928,-0.013732817023992538,0.16212959587574005,0.10412631183862686,0.034375131130218506,0.40010738372802734,0.4623197913169861,-2.470194101333618,-47.67734909057617,-0.19078035652637482,0.3636714220046997,0.19344675540924072,-0.15607978403568268,0.22239698469638824,-0.32110708951950073,0.13605621457099915,7.338766574859619,15.962965965270996,6.858822822570801,17.647071838378906,-0.07206054776906967,0.059794921427965164,0.055195312947034836,-0.09352538734674454,0.0,-0.12013762444257736,0.054349254816770554,0.07884719967842102,-0.0684189572930336,0.0,-0.19131751358509064,-0.2705119550228119,-9.626805305480957,0.08405814319849014,-0.4491262137889862,-8.668608665466309,0.0,0.0,0.0,0.0,0.0,0.0,0.0,0.0,0.0,0.0,0.0,0.0,-0.08678040653467178,0.06639868766069412,0.05781354755163193,-0.08256730437278748,0.18740436434745789,0.35653793811798096,0.17752687633037567,0.3879108428955078,0.9862800240516663,0.10195471346378326,2.0404140949249268,0.0,0.0,0.0,0.0,0.0,0.0,0.0
43157048993,0,0.01170786377042532,0.0077610625885427,-0.8246765732765198,6.569455581484362e-05,-0.04113857448101044,-0.8442511558532715,-0.06065336987376213,0.050182193517684937,0.00023436736955773085,-0.02328445576131344,-0.09779976308345795,-0.01957458257675171,-0.013222916051745415,-0.0052410149946808815,-0.06589329987764359,0.0,0.0,0.268400102853775,0.07927245646715164,-0.013507970608770847,0.2104661911725998,0.09990561008453369,0.03672117367386818,0.3977380394935608,0.43122345209121704,-2.4398159980773926,-47.5102653503418,-0.20511765778064728,0.372482031583786,0.15572963654994965,-0.15595164895057678,0.22264936566352844,-0.32121437788009644,0.13627375662326813,8.238333702087402,14.938373565673828,7.765867710113525,16.69689178466797,-0.07359375059604645,0.059794921427965164,0.055195312947034836,-0.09505859017372131,0.0,-0.1069800853729248,0.056633006781339645,0.06967279314994812,-0.07100570201873779,0.0,0.09800998121500015,0.1418292075395584,-10.367204666137695,0.08405814319849014,-0.4491262137889862,-8.668608665466309,0.0,0.0,0.0,0.0,0.0,0.0,0.0,0.0,0.0,0.0,0.0,0.0,-0.0953957661986351,0.06248519942164421,0.06328904628753662,-0.07801873981952667,0.20577488839626312,0.3372059166431427,0.1961495578289032,0.3702704906463623,1.1478192806243896,0.09873799979686737,3.2733497619628906,0.0,0.0,0.0,0.0,0.0,0.0,0.0
43166756286,0,0.010501150041818619,0.009182357229292393,-0.8247581720352173,6.569455581484362e-05,-0.04113857448101044,-0.8442511558532715,-0.059630073606967926,0.04658014699816704,-0.009003660641610622,-0.019641287624835968,-0.10204213112592697,-0.019452691078186035,-0.011591397225856781,-0.005628377199172974,-0.06122235581278801,0.0,0.0,0.42378857731819153,0.08220893144607544,-0.012502049095928669,0.2608296871185303,0.09990561008453369,0.03672117367386818,0.3977380394935608,0.47055065631866455,-2.466315269470215,-47.30232238769531,-0.20511765778064728,0.372482031583786,0.15572963654994965,-0.15595164895057678,0.22264936566352844,-0.32121437788009644,0.13627375662326813,5.932380199432373,17.102529525756836,5.53073787689209,18.86902618408203,-0.07512695342302322,0.06132812425494194,0.05366211012005806,-0.09352538734674454,0.0,-0.14805647730827332,0.0508229099214077,0.09708286076784134,-0.06405619531869888,0.0,0.37741774320602417,0.0796123817563057,-10.050164222717285,0.07357120513916016,-0.44174420833587646,-8.602304458618164,0.0,0.0,0.0,0.0,0.0,0.0,0.0,0.0,0.0,0.0,0.0,0.0,-0.10427244007587433,0.0591072253882885,0.0688476413488388,-0.07404767721891403,0.20577488839626312,0.3372059166431427,0.1961495578289032,0.3702704906463623,0.758666455745697,0.103505939245224,4.0436859130859375,0.0,0.0,0.0,0.0,0.0,0.0,0.0
43176818059,0,0.00988628901541233,0.009882232174277306,-0.8247984647750854,6.569455581484362e-05,-0.04113857448101044,-0.8442511558532715,-0.05301417410373688,0.041308652609586716,-0.009102619253098965,-0.019641287624835968,-0.10204213112592697,-0.019452691078186035,-0.010569600388407707,-0.005554150324314833,-0.05839373916387558,0.0,0.0,0.42378857731819153,0.08220893144607544,-0.012502049095928669,0.2608296871185303,0.09204261004924774,0.03536857292056084,0.577235221862793,0.40464162826538086,-2.429593086242676,-47.31267547607422,-0.21354049444198608,0.3685443103313446,0.20333783328533173,-0.15530501306056976,0.22350525856018066,-0.3215860426425934,0.13872027397155762,6.967694282531738,16.08347511291504,6.5509419441223145,17.84145736694336,-0.07666015625,0.06286133080720901,0.055195312947034836,-0.09045898169279099,0.0,-0.12732091546058655,0.051830630749464035,0.08361493051052094,-0.06567318737506866,0.0,0.26351305842399597,-0.1429787129163742,-10.010612487792969,0.07357120513916016,-0.44174420833587646,-8.602304458618164,0.0,0.0,0.0,0.0,0.0,0.0,0.0,0.0,0.0,0.0,0.0,0.0,-0.11386594921350479,0.05623173341155052,0.07490581274032593,-0.07064614444971085,0.17977210879325867,0.35879936814308167,0.1711617410182953,0.3915005028247833,0.758666455745697,0.103505939245224,4.0436859130859375,0.0,0.0,0.0,0.0,0.0,0.0,0.0
43187007102,0,0.00988628901541233,0.009882232174277306,-0.8247984647750854,6.569455581484362e-05,-0.04113857448101044,-0.8442511558532715,-0.05301417410373688,0.041308652609586716,-0.009102619253098965,-0.019641287624835968,-0.10204213112592697,-0.019452691078186035,-0.010569600388407707,-0.005554150324314833,-0.05839373916387558,0.0,0.0,0.42378857731819153,0.08220893144607544,-0.012502049095928669,0.2608296871185303,0.07595901191234589,0.03506765514612198,0.6181225180625916,0.42537999153137207,-2.4425301551818848,-47.20217514038086,-0.2102561593055725,0.35375210642814636,0.19536304473876953,-0.15477930009365082,0.2238694429397583,-0.3217261731624603,0.1409180760383606,7.121665000915527,15.88415241241455,6.739758491516113,17.590070724487305,-0.07972656190395355,0.06132812425494194,0.055195312947034836,-0.08432617038488388,0.0,-0.12408258020877838,0.05326826125383377,0.08094168454408646,-0.06725893169641495,0.0,0.018433356657624245,-0.2477240264415741,-10.116065979003906,0.07357120513916016,-0.44174420833587646,-8.602304458618164,0.0,0.0,0.0,0.0,0.0,0.0,0.0,0.0,0.0,0.0,0.0,0.0,-0.12187414616346359,0.05402524396777153,0.07999034225940704,-0.06805413961410522,0.18294301629066467,0.3550575077533722,0.1750679612159729,0.38685697317123413,0.758666455745697,0.103505939245224,4.0436859130859375,0.0,0.0,0.0,0.0,0.0,0.0,0.0
43197252375,0,0.008720873855054379,0.011143897660076618,-0.8249105215072632,6.569455581484362e-05,-0.04113857448101044,-0.8442511558532715,-0.0532866045832634,0.04193238541483879,-0.004992231260985136,-0.01731044612824917,-0.10456546396017075,-0.0193406343460083,-0.009049441665410995,-0.005371833685785532,-0.05211162939667702,0.0,0.0,0.46388882398605347,0.08127276599407196,-0.0003885884943883866,0.35648152232170105,0.07595901191234589,0.03506765514612198,0.6181225180625916,0.42537999153137207,-2.4425301551818848,-47.20217514038086,-0.2102561593055725,0.35375210642814636,0.19536304473876953,-0.15477930009365082,0.2238694429397583,-0.3217261731624603,0.1409180760383606,8.294597625732422,14.847664833068848,7.934131145477295,16.57771110534668,-0.08432617038488388,0.05826171860098839,0.05826171860098839,-0.0827929675579071,0.0,-0.10646398365497589,0.05699068680405617,0.06873611360788345,-0.07137308269739151,0.0,-0.38387927412986755,-0.423753559589386,-10.156136512756348,0.07736245542764664,-0.4484981596469879,-8.639673233032227,0.0,0.0,0.0,0.0,0.0,0.0,0.0,0.0,0.0,0.0,0.0,0.0,-0.1255568116903305,0.05290577933192253,0.08222678303718567,-0.06674925982952118,0.18294301629066467,0.3550575077533722,0.1750679612159729,0.38685697317123413,0.38581812381744385,0.44493523240089417,4.802279949188232,0.0,0.0,0.0,0.0,0.0,0.0,0.0
43207603155,0,0.008720873855054379,0.011143897660076618,-0.8249105215072632,6.569455581484362e-05,-0.04113857448101044,-0.8442511558532715,-0.0532866045832634,0.04193238541483879,-0.004992231260985136,-0.01731044612824917,-0.10456546396017075,-0.0193406343460083,-0.009049441665410995,-0.005371833685785532,-0.05211162939667702,0.0,0.0,0.46388882398605347,0.07886108011007309,-0.003797951154410839,0.4538898169994354,0.06924429535865784,0.03553352132439613,0.6541486978530884,0.4430634379386902,-2.4091625213623047,-47.639869689941406,-0.23203271627426147,0.3615107536315918,0.10009616613388062,-0.1535363793373108,0.22449585795402527,-0.321911484003067,0.14691777527332306,9.61618709564209,13.549983024597168,9.24128246307373,15.364397048950195,-0.09045898169279099,0.05366211012005806,0.06132812425494194,-0.0827929675579071,0.0,-0.08976186811923981,0.062145356088876724,0.057191379368305206,-0.07656992971897125,0.0,-0.18778951466083527,-0.017241671681404114,-9.821798324584961,0.07736245542764664,-0.4484981596469879,-8.639673233032227,0.0,0.0,0.0,0.0,0.0,0.0,0.0,0.0,0.0,0.0,0.0,0.0,-0.12388712912797928,0.05317506194114685,0.08086778223514557,-0.06701067090034485,0.23356151580810547,0.3107026517391205,0.22604234516620636,0.3452671468257904,0.09978996962308884,0.013680112548172474,4.622049808502197,0.0,0.0,0.0,0.0,0.0,0.0,0.0
43216847957,0,0.007042919285595417,0.012814100831747055,-0.8251401782035828,6.569455581484362e-05,-0.04113857448101044,-0.8442511558532715,-0.049576304852962494,0.02300655096769333,-0.007203474175184965,-0.013954519294202328,-0.10790589451789856,-0.01911097764968872,-0.0071783848106861115,-0.005774779710918665,-0.03958813101053238,0.0,0.0,0.5039891004562378,0.08568453043699265,-0.0020868165884166956,0.479950875043869,0.06924429535865784,0.03553352132439613,0.6541486978530884,0.3955853581428528,-2.3039627075195312,-47.39981460571289,-0.255565881729126,0.3619570732116699,0.10041742771863937,-0.15277966856956482,0.22449585795402527,-0.321911484003067,0.14691777527332306,9.51227855682373,13.46101188659668,9.208745956420898,15.349165916442871,-0.09659180045127869,0.05059570446610451,0.06592773646116257,-0.0827929675579071,0.0,-0.08850423991680145,0.05860042944550514,0.05526348948478699,-0.07306563854217529,0.0,-0.18778951466083527,-0.017241671681404114,-9.821798324584961,0.0719246119260788,-0.41890230774879456,-8.618147850036621,0.0,0.0,0.0,0.0,0.0,0.0,0.0,0.0,0.0,0.0,0.0,0.0,-0.11748139560222626,0.05456143990159035,0.07627410441637039,-0.068501777946949,0.23356151580810547,0.3107026517391205,0.22604234516620636,0.3452671468257904,0.25367075204849243,0.11345552653074265,3.8921117782592773,0.0,0.0,0.0,0.0,0.0,0.0,0.0
43226821543,0,0.006460799369961023,0.013318479992449284,-0.8252451419830322,6.569455581484362e-05,-0.04113857448101044,-0.8442511558532715,-0.05003635957837105,0.021101385354995728,-0.008481929078698158,-0.012790273874998093,-0.10891465097665787,-0.019006013870239258,-0.006011710502207279,-0.005637593567371368,-0.03534113988280296,0.0,0.0,0.5165204405784607,0.08568453043699265,-0.0020868165884166956,0.479950875043869,0.057687364518642426,0.03580152988433838,0.6582221984863281,0.40735453367233276,-2.2962634563446045,-47.34553527832031,-0.26692378520965576,0.36234426498413086,0.09377609193325043,-0.15198072791099548,0.22538596391677856,-0.32230550050735474,0.1554935723543167,9.654558181762695,13.257587432861328,9.374364852905273,15.182852745056152,-0.09965820610523224,0.052128907293081284,0.06899414211511612,-0.08125976473093033,0.0,-0.0863906517624855,0.059674978256225586,0.0536436103284359,-0.07390515506267548,0.0,0.13939036428928375,-0.7306941747665405,-9.720463752746582,0.0740644633769989,-0.41750243306159973,-8.60827922821045,0.0,0.0,0.0,0.0,0.0,0.0,0.0,0.0,0.0,0.0,0.0,0.0,-0.10894441604614258,0.05620168522000313,0.07015205919742584,-0.07027766853570938,0.2343292534351349,0.3050746023654938,0.2287149727344513,0.3418360948562622,0.25367075204849243,0.11345552653074265,3.8921117782592773,0.0,0.0,0.0,0.0,0.0,0.0,0.0
43237355093,0,0.006460799369961023,0.013318479992449284,-0.8252451419830322,6.569455581484362e-05,-0.04113857448101044,-0.8442511558532715,-0.05003635957837105,0.021101385354995728,-0.008481929078698158,-0.012790273874998093,-0.10891465097665787,-0.019006013870239258,-0.006011710502207279,-0.005637593567371368,-0.03534113988280296,0.0,0.0,0.5165204405784607,0.09061990678310394,-0.009016402997076511,0.504357099533081,0.050507061183452606,0.03858302906155586,0.6527619361877441,0.4446990489959717,-2.293191909790039,-47.33306121826172,-0.2678040564060211,0.3715367615222931,0.08580727130174637,-0.15126988291740417,0.22585201263427734,-0.322536438703537,0.15937095880508423,9.87193489074707,13.032870292663574,9.55551815032959,14.997505187988281,-0.10272461175918579,0.05059570446610451,0.06899414211511612,-0.07819335907697678,0.0,-0.08295268565416336,0.061696071177721024,0.05120926722884178,-0.07557877153158188,0.0,-0.17370925843715668,-0.08473476022481918,-9.9020357131958,0.0740644633769989,-0.41750243306159973,-8.60827922821045,0.0,0.0,0.0,0.0,0.0,0.0,0.0,0.0,0.0,0.0,0.0,0.0,-0.1005229577422142,0.05769296735525131,0.06405733525753021,-0.07185892760753632,0.23867352306842804,0.30073806643486023,0.2323468178510666,0.3383268713951111,0.16558070480823517,-0.20745918154716492,1.9412593841552734,0.0,0.0,0.0,0.0,0.0,0.0,0.0
43247001185,0,0.005258951801806688,0.014235991053283215,-0.8254207372665405,6.569455581484362e-05,-0.04113857448101044,-0.8442511558532715,-0.054205674678087234,0.015473688952624798,-0.006609946954995394,-0.010386566631495953,-0.11074968427419662,-0.018830418586730957,-0.00486880075186491,-0.005935266148298979,-0.02646654285490513,0.0,0.0,0.5165204405784607,0.09000200778245926,-0.024031059816479683,0.5014097094535828,0.050507061183452606,0.03858302906155586,0.6527619361877441,0.4446990489959717,-2.293191909790039,-47.33306121826172,-0.2678040564060211,0.3715367615222931,0.08580727130174637,-0.15126988291740417,0.22585201263427734,-0.322536438703537,0.15937095880508423,9.87193489074707,13.032870292663574,9.55551815032959,14.997505187988281,-0.10119140893220901,0.052128907293081284,0.0705273449420929,-0.07359375059604645,0.0,-0.08295268565416336,0.061696071177721024,0.05120926722884178,-0.07557877153158188,0.0,-0.17370925843715668,-0.08473476022481918,-9.9020357131958,0.08477550745010376,-0.4105415940284729,-8.6242094039917,0.0,0.0,0.0,0.0,0.0,0.0,0.0,0.0,0.0,0.0,0.0,0.0,-0.09329759329557419,0.059071846306324005,0.05880134925246239,-0.0732458233833313,0.23867352306842804,0.30073806643486023,0.2323468178510666,0.3383268713951111,0.08295401930809021,-0.8113266825675964,0.7925419807434082,0.0,0.0,0.0,0.0,0.0,0.0,0.0
43257066254,0,0.004644511733204126,0.014654949307441711,-0.8255015015602112,6.569455581484362e-05,-0.04113857448101044,-0.8442511558532715,-0.0454946793615818,0.0073248762637376785,-0.008643196895718575,-0.009157679975032806,-0.11158760637044907,-0.018749654293060303,-0.004347075708210468,-0.006187232211232185,-0.02211732603609562,0.0,0.0,0.5440893173217773,0.09000200778245926,-0.024031059816479683,0.5014097094535828,0.050507061183452606,0.03858302906155586,0.6527619361877441,0.37651973962783813,-2.1824004650115967,-47.3409309387207,-0.2678040564060211,0.3715367615222931,0.08580727130174637,-0.15126988291740417,0.22585201263427734,-0.322536438703537,0.15937095880508423,9.67572021484375,13.205096244812012,9.253775596618652,15.340768814086914,-0.09965820610523224,0.05366211012005806,0.0705273449420929,-0.07206054776906967,0.0,-0.0830763503909111,0.056090425699949265,0.051250338554382324,-0.06974919885396957,0.0,0.36394813656806946,-0.16294459998607635,-9.743156433105469,0.06845813244581223,-0.39680010080337524,-8.607441902160645,0.0,0.0,0.0,0.0,0.0,0.0,0.0,0.0,0.0,0.0,0.0,0.0,-0.08784086257219315,0.05997563526034355,0.05481734126806259,-0.07408948242664337,0.23867352306842804,0.30073806643486023,0.2323468178510666,0.3383268713951111,0.08295401930809021,-0.8113266825675964,0.7925419807434082,0.0,0.0,0.0,0.0,0.0,0.0,0.0
43267964573,0,0.004644511733204126,0.014654949307441711,-0.8255015015602112,6.569455581484362e-05,-0.04113857448101044,-0.8442511558532715,-0.0454946793615818,0.0073248762637376785,-0.008643196895718575,-0.009157679975032806,-0.11158760637044907,-0.018749654293060303,-0.004347075708210468,-0.006187232211232185,-0.02211732603609562,0.0,0.0,0.5440893173217773,0.0918121263384819,-0.037459906190633774,0.5086758732795715,0.03520045801997185,0.04623473063111305,0.674860417842865,0.37651973962783813,-2.1824004650115967,-47.3409309387207,-0.2784552276134491,0.4114943742752075,0.09612056612968445,-0.14953471720218658,0.22695468366146088,-0.3235095143318176,0.1678941249847412,9.67572021484375,13.205096244812012,9.253775596618652,15.340768814086914,-0.09659180045127869,0.055195312947034836,0.0705273449420929,-0.0705273449420929,0.0,-0.08288074284791946,0.056233473122119904,0.051454417407512665,-0.06962595134973526,0.0,0.36394813656806946,-0.16294459998607635,-9.743156433105469,0.06845813244581223,-0.39680010080337524,-8.607441902160645,0.0,0.0,0.0,0.0,0.0,0.0,0.0,0.0,0.0,0.0,0.0,0.0,-0.08426325768232346,0.05996840074658394,0.05220726504921913,-0.07396674156188965,0.23475265502929688,0.30406248569488525,0.22629337012767792,0.34482085704803467,0.1702049970626831,-0.4848269522190094,0.5071425437927246,0.0,0.0,0.0,0.0,0.0,0.0,0.0
43276933766,0,0.003385458141565323,0.015409214422106743,-0.8256605863571167,6.569455581484362e-05,-0.04113857448101044,-0.8442511558532715,-0.04812069609761238,0.011838765814900398,-0.009335172362625599,-0.006639560218900442,-0.11309614777565002,-0.018590569496154785,-0.0024151946417987347,-0.007111691869795322,-0.013316815719008446,0.0,0.0,0.5566206574440002,0.08678697794675827,-0.026345625519752502,0.5166433453559875,0.019132481887936592,0.055368706583976746,0.6766327619552612,0.42290568351745605,-2.25307559967041,-47.31284713745117,-0.2934339940547943,0.4124050736427307,0.08326452970504761,-0.14780685305595398,0.228086918592453,-0.3251168131828308,0.17488466203212738,9.98116397857666,12.846159934997559,9.586907386779785,15.035208702087402,-0.09505859017372131,0.05672851577401161,0.0705273449420929,-0.07359375059604645,0.0,-0.08101324737071991,0.061180368065834045,0.05075797066092491,-0.07367797940969467,0.0,-0.035140931606292725,0.02093750610947609,-9.860142707824707,0.0768919438123703,-0.4096500873565674,-8.602335929870605,0.0,0.0,0.0,0.0,0.0,0.0,0.0,0.0,0.0,0.0,0.0,0.0,-0.08217150717973709,0.05949725955724716,0.05074312910437584,-0.07329799234867096,0.24085256457328796,0.29712778329849243,0.23297527432441711,0.3390412926673889,-0.09232233464717865,0.24292531609535217,0.6500037908554077,0.0,0.0,0.0,0.0,0.0,0.0,0.0
43287235231,0,0.003385458141565323,0.015409214422106743,-0.8256605863571167,6.569455581484362e-05,-0.04113857448101044,-0.8442511558532715,-0.04812069609761238,0.011838765814900398,-0.009335172362625599,-0.006639560218900442,-0.11309614777565002,-0.018590569496154785,-0.0024151946417987347,-0.007111691869795322,-0.013316815719008446,0.0,0.0,0.5566206574440002,0.08700152486562729,-0.012035928666591644,0.524804949760437,0.015885423868894577,0.05447087436914444,0.6708431839942932,0.4434618353843689,-2.275536060333252,-47.27180862426758,-0.29751962423324585,0.39553990960121155,0.06940168142318726,-0.1469746232032776,0.2286078780889511,-0.32579419016838074,0.1779451221227646,10.2891206741333,12.507059097290039,9.95487117767334,14.656428337097168,-0.09352538734674454,0.05672851577401161,0.06746093928813934,-0.07359375059604645,0.0,-0.07856089621782303,0.0641322135925293,0.049038976430892944,-0.0765644907951355,0.0,-0.23068499565124512,0.24663229286670685,-9.748612403869629,0.0768919438123703,-0.4096500873565674,-8.602335929870605,0.0,0.0,0.0,0.0,0.0,0.0,0.0,0.0,0.0,0.0,0.0,0.0,-0.08090204745531082,0.0594840943813324,0.04997861757874489,-0.0729854479432106,0.24698244035243988,0.29055315256118774,0.24032828211784363,0.33185285329818726,0.02136884815990925,0.7575758099555969,0.7532995939254761,0.0,0.0,0.0,0.0,0.0,0.0,0.0
43297441767,0,0.002212818246334791,0.016038211062550545,-0.8258104920387268,6.569455581484362e-05,-0.04113857448101044,-0.8442511558532715,-0.04839214310050011,0.011030636727809906,-0.008312962017953396,-0.004294268786907196,-0.11435414105653763,-0.018440663814544678,-0.0012195868184790015,-0.007032138295471668,-0.0035859723575413227,0.0,0.0,0.5566206574440002,0.0848785787820816,-0.005800577346235514,0.522634744644165,0.015885423868894577,0.05447087436914444,0.6708431839942932,0.4434618353843689,-2.275536060333252,-47.27180862426758,-0.29751962423324585,0.39553990960121155,0.06940168142318726,-0.1469746232032776,0.2286078780889511,-0.32579419016838074,0.1779451221227646,10.2891206741333,12.507059097290039,9.95487117767334,14.656428337097168,-0.09199218451976776,0.05672851577401161,0.06286133080720901,-0.07359375059604645,0.0,-0.07856089621782303,0.0641322135925293,0.049038976430892944,-0.0765644907951355,0.0,-0.23068499565124512,0.24663229286670685,-9.748612403869629,0.0797739177942276,-0.411607027053833,-8.610589981079102,0.0,0.0,0.0,0.0,0.0,0.0,0.0,0.0,0.0,0.0,0.0,0.0,-0.07995883375406265,0.060199156403541565,0.049508534371852875,-0.07335900515317917,0.24698244035243988,0.29055315256118774,0.24032828211784363,0.33185285329818726,-0.042753420770168304,0.6498348712921143,0.42794162034988403,0.0,0.0,0.0,0.0,0.0,0.0,0.0
43306934230,0,0.00093927385751158,0.016599545255303383,-0.8259280920028687,6.569455581484362e-05,-0.04113857448101044,-0.8442511558532715,-0.04394736513495445,0.006644099485129118,-0.0071429116651415825,-0.0017471673199906945,-0.1154768168926239,-0.018323063850402832,4.240970520186238e-05,-0.00697740726172924,0.005421841982752085,0.0,0.0,0.5591269135475159,0.0848785787820816,-0.005800577346235514,0.522634744644165,0.0016295548994094133,0.05586051940917969,0.6596890091896057,0.4059940576553345,-2.2335376739501953,-47.39949417114258,-0.3039967119693756,0.3811519145965576,0.07390986382961273,-0.14498597383499146,0.22986653447151184,-0.3269926905632019,0.18440242111682892,10.169266700744629,12.667470932006836,9.90743637084961,14.784274101257324,-0.08585937321186066,0.05672851577401161,0.06132812425494194,-0.07359375059604645,0.0,-0.07911746948957443,0.06126774847507477,0.049330513924360275,-0.07384881377220154,0.0,0.10302060842514038,-0.3383563756942749,-9.638452529907227,0.07381710410118103,-0.40609776973724365,-8.61808967590332,0.0,0.0,0.0,0.0,0.0,0.0,0.0,0.0,0.0,0.0,0.0,0.0,-0.07926266640424728,0.061144448816776276,0.04920414835214615,-0.07400894910097122,0.24459926784038544,0.2936660647392273,0.23938195407390594,0.3342820405960083,-0.042753420770168304,0.6498348712921143,0.42794162034988403,0.0,0.0,0.0,0.0,0.0,0.0,0.0
43317359148,0,0.00093927385751158,0.016599545255303383,-0.8259280920028687,6.569455581484362e-05,-0.04113857448101044,-0.8442511558532715,-0.04394736513495445,0.006644099485129118,-0.0071429116651415825,-0.0017471673199906945,-0.1154768168926239,-0.018323063850402832,4.240970520186238e-05,-0.00697740726172924,0.005421841982752085,0.0,0.0,0.5591269135475159,0.0848785787820816,-0.005800577346235514,0.522634744644165,-0.0025106279645115137,0.05522185564041138,0.6540512442588806,0.4433722198009491,-2.240713119506836,-47.483489990234375,-0.30564555525779724,0.37198153138160706,0.08369332551956177,-0.14455260336399078,0.23044632375240326,-0.32747459411621094,0.186991348862648,9.923317909240723,12.949464797973633,9.703218460083008,15.039061546325684,-0.0827929675579071,0.05672851577401161,0.06132812425494194,-0.0705273449420929,0.0,-0.07995544373989105,0.061187032610177994,0.04931636527180672,-0.07361426949501038,0.0,-0.013565299101173878,-0.18342778086662292,-9.503029823303223,0.07381710410118103,-0.40609776973724365,-8.61808967590332,0.0,0.0,0.0,0.0,0.0,0.0,0.0,0.0,0.0,0.0,0.0,0.0,-0.07890646904706955,0.06176052987575531,0.04906366392970085,-0.07441350817680359,0.23969872295856476,0.29912620782852173,0.23530246317386627,0.33911436796188354,-0.042753420770168304,0.6498348712921143,0.42794162034988403,0.0,0.0,0.0,0.0,0.0,0.0,0.0
43328285136,0,0.00093927385751158,0.016599545255303383,-0.8259280920028687,6.569455581484362e-05,-0.04113857448101044,-0.8442511558532715,-0.04394736513495445,0.006644099485129118,-0.0071429116651415825,0.0008511509513482451,-0.11639634519815445,-0.018245697021484375,4.240970520186238e-05,-0.00697740726172924,0.005421841982752085,0.0,0.0,0.5616331696510315,0.07902253419160843,0.012912459671497345,0.5017156600952148,-0.0025106279645115137,0.05522185564041138,0.6540512442588806,0.4433722198009491,-2.240713119506836,-47.483489990234375,-0.30564555525779724,0.37198153138160706,0.08369332551956177,-0.14455260336399078,0.23044632375240326,-0.32747459411621094,0.186991348862648,9.923317909240723,12.949464797973633,9.703218460083008,15.039061546325684,-0.08125976473093033,0.055195312947034836,0.059794921427965164,-0.0705273449420929,0.0,-0.07995544373989105,0.061187032610177994,0.04931636527180672,-0.07361426949501038,0.0,-0.013565299101173878,-0.18342778086662292,-9.503029823303223,0.08951451629400253,-0.42243635654449463,-8.618556022644043,0.0,0.0,0.0,0.0,0.0,0.0,0.0,0.0,0.0,0.0,0.0,0.0,-0.07888618856668472,0.06196141988039017,0.049041859805583954,-0.07447581738233566,0.23969872295856476,0.29912620782852173,0.23530246317386627,0.33911436796188354,-0.1810898333787918,1.0312775373458862,-0.45444536209106445,0.0,0.0,0.0,0.0,0.0,0.0,0.0
43337004217,0,-0.000359878788003698,0.017059307545423508,-0.8260054588317871,6.569455581484362e-05,-0.04113857448101044,-0.8442511558532715,-0.05041136592626572,0.01324554719030857,-0.006749692372977734,0.0008511509513482451,-0.11639634519815445,-0.018245697021484375,0.0015848075272515416,-0.006578074302524328,0.014775479212403297,0.0,0.0,0.5616331696510315,0.07483886182308197,0.05934714898467064,0.5140620470046997,-0.01645379513502121,0.047608230262994766,0.6459325551986694,0.48024824261665344,-2.2860560417175293,-47.406410217285156,-0.3179627060890198,0.3170311450958252,0.05914006382226944,-0.14279092848300934,0.2316572666168213,-0.32785630226135254,0.19083668291568756,10.414778709411621,12.379122734069824,10.39592456817627,14.339669227600098,-0.08125976473093033,0.05366211012005806,0.059794921427965164,-0.07206054776906967,0.0,-0.07627882063388824,0.06651810556650162,0.046500541269779205,-0.07911106944084167,0.0,-0.21055416762828827,-0.3985300362110138,-9.9903564453125,0.08951451629400253,-0.42243635654449463,-8.618556022644043,0.0,0.0,0.0,0.0,0.0,0.0,0.0,0.0,0.0,0.0,0.0,0.0,-0.0789039134979248,0.062163252383470535,0.0489518903195858,-0.07460106164216995,0.2508131265640259,0.28639549016952515,0.25108879804611206,0.3241439759731293,-0.2859715223312378,2.032742500305176,0.42874467372894287,0.0,0.0,0.0,0.0,0.0,0.0,0.0
43347131274,0,-0.0016110801370814443,0.01749536395072937,-0.8260794878005981,6.569455581484362e-05,-0.04113857448101044,-0.8442511558532715,-0.0504138208925724,0.007858994416892529,-0.00810649711638689,0.003353566164150834,-0.11726846545934677,-0.01817166805267334,0.0025164929684251547,-0.005042793694883585,0.02433653734624386,0.0,0.0,0.5616331696510315,0.0703020691871643,0.08394332230091095,0.5248156785964966,-0.01645379513502121,0.047608230262994766,0.6459325551986694,0.5081132650375366,-2.2808806896209717,-47.33505630493164,-0.330330491065979,0.27684682607650757,0.032859355211257935,-0.14160998165607452,0.2316572666168213,-0.32785630226135254,0.19083668291568756,10.97165298461914,11.743870735168457,11.114187240600586,13.622339248657227,-0.07972656190395355,0.052128907293081284,0.05826171860098839,-0.07666015625,0.0,-0.07121553272008896,0.07091633230447769,0.04255702346563339,-0.08378273993730545,0.0,-0.3359389007091522,-0.25267210602760315,-9.934744834899902,0.0923842340707779,-0.4147055745124817,-8.60637378692627,0.0,0.0,0.0,0.0,0.0,0.0,0.0,0.0,0.0,0.0,0.0,0.0,-0.07836426049470901,0.06302306801080704,0.04840328171849251,-0.07545681297779083,0.2508131265640259,0.28639549016952515,0.25108879804611206,0.3241439759731293,-0.4134460985660553,2.177994728088379,0.6991496682167053,0.0,0.0,0.0,0.0,0.0,0.0,0.0
43357259617,0,-0.0022647797595709562,0.017690081149339676,-0.8261311054229736,6.569455581484362e-05,-0.04113857448101044,-0.8442511558532715,-0.05191674083471298,0.006149078253656626,-0.006734664086252451,0.00466097192838788,-0.11765789985656738,-0.01812005043029785,0.0030577159486711025,-0.004049378447234631,0.02929352968931198,0.0,0.0,0.5616331696510315,0.0703020691871643,0.08394332230091095,0.5248156785964966,-0.02841104380786419,0.033947888761758804,0.6345463991165161,0.5328553318977356,-2.270737648010254,-47.39110565185547,-0.3290616273880005,0.2520090341567993,0.022791311144828796,-0.14073535799980164,0.23316608369350433,-0.326956570148468,0.19519053399562836,11.200689315795898,11.5443754196167,11.41515827178955,13.34251594543457,-0.08125976473093033,0.05059570446610451,0.05672851577401161,-0.07819335907697678,0.0,-0.06856802105903625,0.07267478108406067,0.040436312556266785,-0.08586085587739944,0.0,-0.3617028295993805,-0.19317100942134857,-9.907106399536133,0.09688279032707214,-0.4128614068031311,-8.616564750671387,0.0,0.0,0.0,0.0,0.0,0.0,0.0,0.0,0.0,0.0,0.0,0.0,-0.07689116150140762,0.06478068232536316,0.047138761729002,-0.07729439437389374,0.2650113105773926,0.2717643082141876,0.26922807097435,0.3067108988761902,-0.4134460985660553,2.177994728088379,0.6991496682167053,0.0,0.0,0.0,0.0,0.0,0.0,0.0
43367009630,0,-0.0022647797595709562,0.017690081149339676,-0.8261311054229736,6.569455581484362e-05,-0.04113857448101044,-0.8442511558532715,-0.05191674083471298,0.006149078253656626,-0.006734664086252451,0.00466097192838788,-0.11765789985656738,-0.01812005043029785,0.0030577159486711025,-0.004049378447234631,0.02929352968931198,0.0,0.0,0.5616331696510315,0.05552523210644722,0.10454211384057999,0.5153661370277405,-0.031817469745874405,0.021878600120544434,0.6265259981155396,0.5524969100952148,-2.2589516639709473,-47.46522521972656,-0.3246564269065857,0.23729783296585083,0.026514530181884766,-0.13973470032215118,0.23389515280723572,-0.3260570764541626,0.19718943536281586,11.107653617858887,11.685402870178223,11.356171607971191,13.424064636230469,-0.07819335907697678,0.05366211012005806,0.05826171860098839,-0.07972656190395355,0.0,-0.06804239004850388,0.07212777435779572,0.039763085544109344,-0.08546432852745056,0.0,-0.34087157249450684,-0.12285831570625305,-9.810097694396973,0.09688279032707214,-0.4128614068031311,-8.616564750671387,0.0,0.0,0.0,0.0,0.0,0.0,0.0,0.0,0.0,0.0,0.0,0.0,-0.07472871243953705,0.06699541956186295,0.04534684494137764,-0.07966472208499908,0.2631792724132538,0.27452823519706726,0.26806938648223877,0.3082810342311859,-0.7624455094337463,1.3086936473846436,-0.21411356329917908,0.0,0.0,0.0,0.0,0.0,0.0,0.0
43376981968,0,-0.003517322475090623,0.018022919073700905,-0.8262346386909485,6.569455581484362e-05,-0.04113857448101044,-0.8442511558532715,-0.05753779038786888,0.004619335290044546,-0.0035162274725735188,0.007166069932281971,-0.11832357943058014,-0.018016517162322998,0.00426769582554698,-0.0023190579377114773,0.038568150252103806,0.0,0.0,0.5616331696510315,0.04056916758418083,0.11002835631370544,0.5060567259788513,-0.031817469745874405,0.021878600120544434,0.6265259981155396,0.6104308366775513,-2.2715537548065186,-47.51283645629883,-0.3131047785282135,0.22892527282238007,0.03217697888612747,-0.13889296352863312,0.23389515280723572,-0.3260570764541626,0.19718943536281586,10.981653213500977,11.869661331176758,11.22224235534668,13.54788875579834,-0.07512695342302322,0.055195312947034836,0.05826171860098839,-0.07819335907697678,0.0,-0.06727798283100128,0.07318997383117676,0.03889017179608345,-0.08646106719970703,0.0,0.12372145056724548,-0.3463214039802551,-9.48671817779541,0.11098742485046387,-0.41300976276397705,-8.638697624206543,0.0,0.0,0.0,0.0,0.0,0.0,0.0,0.0,0.0,0.0,0.0,0.0,-0.07242036610841751,0.06910595297813416,0.04342598840594292,-0.08196493238210678,0.2631792724132538,0.27452823519706726,0.26806938648223877,0.3082810342311859,-1.080481767654419,0.9498821496963501,-0.544593095779419,0.0,0.0,0.0,0.0,0.0,0.0,0.0
43387010316,0,-0.00409846194088459,0.01815083622932434,-0.8262614011764526,6.569455581484362e-05,-0.04113857448101044,-0.8442511558532715,-0.056424546986818314,0.002091395203024149,-0.004039691761136055,0.00832835491746664,-0.11857941746711731,-0.017989754676818848,0.004614279605448246,-0.001400226028636098,0.04310281202197075,0.0,0.0,0.5616331696510315,0.04056916758418083,0.11002835631370544,0.5060567259788513,-0.03992839530110359,0.0026734760031104088,0.613701343536377,0.6062395572662354,-2.250218391418457,-47.48122787475586,-0.3002944886684418,0.20721076428890228,0.027469970285892487,-0.13792690634727478,0.23494108021259308,-0.32396095991134644,0.2000901699066162,11.07701587677002,11.796175956726074,11.344905853271484,13.373884201049805,-0.07359375059604645,0.05366211012005806,0.05672851577401161,-0.07819335907697678,0.0,-0.06605450063943863,0.07296886295080185,0.03802744671702385,-0.08683265000581741,0.0,-0.0909699946641922,-0.20109382271766663,-9.420123100280762,0.1102253794670105,-0.40913060307502747,-8.632950782775879,0.0,0.0,0.0,0.0,0.0,0.0,0.0,0.0,0.0,0.0,0.0,0.0,-0.07031501084566116,0.07083834707736969,0.04164477437734604,-0.08389702439308167,0.2625754773616791,0.2766966223716736,0.2678478956222534,0.3073151409626007,-1.080481767654419,0.9498821496963501,-0.544593095779419,0.0,0.0,0.0,0.0,0.0,0.0,0.0
43396941478,0,-0.00409846194088459,0.01815083622932434,-0.8262614011764526,6.569455581484362e-05,-0.04113857448101044,-0.8442511558532715,-0.056424546986818314,0.002091395203024149,-0.004039691761136055,0.00832835491746664,-0.11857941746711731,-0.017989754676818848,0.004614279605448246,-0.001400226028636098,0.04310281202197075,0.0,0.0,0.5616331696510315,0.01726878620684147,0.14181378483772278,0.5005074143409729,-0.03992839530110359,0.0026734760031104088,0.613701343536377,0.6062395572662354,-2.250218391418457,-47.48122787475586,-0.3002944886684418,0.20721076428890228,0.027469970285892487,-0.13792690634727478,0.23494108021259308,-0.32396095991134644,0.2000901699066162,11.07701587677002,11.796175956726074,11.344905853271484,13.373884201049805,-0.07512695342302322,0.05366211012005806,0.05672851577401161,-0.07819335907697678,0.0,-0.06605450063943863,0.07296886295080185,0.03802744671702385,-0.08683265000581741,0.0,-0.0909699946641922,-0.20109382271766663,-9.420123100280762,0.1102253794670105,-0.40913060307502747,-8.632950782775879,0.0,0.0,0.0,0.0,0.0,0.0,0.0,0.0,0.0,0.0,0.0,0.0,-0.06854982674121857,0.07209369540214539,0.04014105349779129,-0.08537180721759796,0.2625754773616791,0.2766966223716736,0.2678478956222534,0.3073151409626007,-1.2690207958221436,1.4309834241867065,-0.48937860131263733,0.0,0.0,0.0,0.0,0.0,0.0,0.0
43407174891,0,-0.005982520058751106,0.01845475286245346,-0.8262802362442017,6.569455581484362e-05,-0.04113857448101044,-0.8442511558532715,-0.056725066155195236,-0.002977783093228936,-0.0024804642889648676,0.012096489779651165,-0.11918725073337555,-0.017970919609069824,0.005199284292757511,0.002527458593249321,0.05728133022785187,0.0,0.0,0.5616331696510315,0.01726878620684147,0.14181378483772278,0.5005074143409729,-0.04066362977027893,-0.02135310508310795,0.6033251285552979,0.6360052227973938,-2.2148966789245605,-47.533634185791016,-0.2794974446296692,0.13508610427379608,0.006566241383552551,-0.1360533982515335,0.23557421565055847,-0.3207215368747711,0.20240694284439087,11.534000396728516,11.429435729980469,11.960041046142578,12.722559928894043,-0.07359375059604645,0.05366211012005806,0.055195312947034836,-0.07819335907697678,0.0,-0.06125786900520325,0.07532092928886414,0.03431583568453789,-0.09097430109977722,0.0,-0.21059559285640717,-0.28006112575531006,-9.583415031433105,0.11563730984926224,-0.402708500623703,-8.642478942871094,0.0,0.0,0.0,0.0,0.0,0.0,0.0,0.0,0.0,0.0,0.0,0.0,-0.06699996441602707,0.0729810819029808,0.03884026035666466,-0.08655774593353271,0.2715606093406677,0.269508421421051,0.2798995077610016,0.2947339415550232,-1.2690207958221436,1.4309834241867065,-0.48937860131263733,0.0,0.0,0.0,0.0,0.0,0.0,0.0
43417009689,0,-0.005982520058751106,0.01845475286245346,-0.8262802362442017,6.569455581484362e-05,-0.04113857448101044,-0.8442511558532715,-0.056725066155195236,-0.002977783093228936,-0.0024804642889648676,0.012096489779651165,-0.11918725073337555,-0.017970919609069824,0.005199284292757511,0.002527458593249321,0.05728133022785187,0.0,0.0,0.5616331696510315,-0.009818146005272865,0.1708839386701584,0.4847659766674042,-0.04090633988380432,-0.03479502350091934,0.5982156991958618,0.660079836845398,-2.226912021636963,-47.520263671875,-0.2692627012729645,0.10393296182155609,0.00956396758556366,-0.13527964055538177,0.2356560379266739,-0.31891003251075745,0.20316961407661438,11.419393539428711,11.566902160644531,11.91496753692627,12.727934837341309,-0.07359375059604645,0.05366211012005806,0.05366211012005806,-0.07666015625,0.0,-0.0614255890250206,0.07560323923826218,0.03415830060839653,-0.09187613427639008,0.0,-0.3992060720920563,-0.09560738503932953,-9.603616714477539,0.11563730984926224,-0.402708500623703,-8.642478942871094,0.0,0.0,0.0,0.0,0.0,0.0,0.0,0.0,0.0,0.0,0.0,0.0,-0.0654071569442749,0.07375378906726837,0.037529587745666504,-0.08780652284622192,0.26931139826774597,0.2722061574459076,0.27901914715766907,0.2948381304740906,-1.4824626445770264,1.4140000343322754,-1.0144928693771362,0.0,0.0,0.0,0.0,0.0,0.0,0.0
43426926526,0,-0.007371594198048115,0.01844358630478382,-0.8262434005737305,6.569455581484362e-05,-0.04113857448101044,-0.8442511558532715,-0.05762100592255592,-0.004989601206034422,-0.0018283218378201127,0.014874652028083801,-0.11916491389274597,-0.018007755279541016,0.005280287470668554,0.005766359623521566,0.06606939435005188,0.0,0.0,0.5616331696510315,-0.032233528792858124,0.17082205414772034,0.4725126624107361,-0.04090633988380432,-0.03479502350091934,0.5982156991958618,0.660079836845398,-2.226912021636963,-47.520263671875,-0.2692627012729645,0.10393296182155609,0.00956396758556366,-0.13527964055538177,0.2356560379266739,-0.31891003251075745,0.20316961407661438,11.419393539428711,11.566902160644531,11.91496753692627,12.727934837341309,-0.0705273449420929,0.055195312947034836,0.05366211012005806,-0.07666015625,0.0,-0.0614255890250206,0.07560323923826218,0.03415830060839653,-0.09187613427639008,0.0,0.2856357991695404,-0.40563100576400757,-9.619834899902344,0.12134796380996704,-0.4004393517971039,-8.644946098327637,0.0,0.0,0.0,0.0,0.0,0.0,0.0,0.0,0.0,0.0,0.0,0.0,-0.06388134509325027,0.07446206361055374,0.036270156502723694,-0.08913003653287888,0.26931139826774597,0.2722061574459076,0.27901914715766907,0.2948381304740906,-1.8723480701446533,0.6955355405807495,-1.2115281820297241,0.0,0.0,0.0,0.0,0.0,0.0,0.0
43436932969,0,-0.008120883256196976,0.018392102792859077,-0.8262078166007996,6.569455581484362e-05,-0.04113857448101044,-0.8442511558532715,-0.054805297404527664,-0.0070336200296878815,0.0008463660487905145,0.01637323759496212,-0.11906194686889648,-0.018043339252471924,0.00469387648627162,0.0071946801617741585,0.07001345604658127,0.0,0.0,0.5616331696510315,-0.032233528792858124,0.17082205414772034,0.4725126624107361,-0.03580204397439957,-0.057897839695215225,0.5879576206207275,0.6502313613891602,-2.181257963180542,-47.65839767456055,-0.21972401440143585,0.08265982568264008,0.016101323068141937,-0.1335345059633255,0.23521867394447327,-0.3140299618244171,0.20402920246124268,11.332831382751465,11.87402629852295,11.742156982421875,12.816493034362793,-0.06899414211511612,0.05672851577401161,0.052128907293081284,-0.07819335907697678,0.0,-0.06060853600502014,0.07214733958244324,0.03374410793185234,-0.08955355733633041,0.0,-0.015931861475110054,-0.20021209120750427,-9.566143989562988,0.1182238832116127,-0.3965923488140106,-8.665163040161133,0.0,0.0,0.0,0.0,0.0,0.0,0.0,0.0,0.0,0.0,0.0,0.0,-0.06264008581638336,0.0748615488409996,0.035241954028606415,-0.09018053859472275,0.267610639333725,0.27821895480155945,0.2756396532058716,0.29655352234840393,-1.8723480701446533,0.6955355405807495,-1.2115281820297241,0.0,0.0,0.0,0.0,0.0,0.0,0.0
43447189237,0,-0.008120883256196976,0.018392102792859077,-0.8262078166007996,6.569455581484362e-05,-0.04113857448101044,-0.8442511558532715,-0.054805297404527664,-0.0070336200296878815,0.0008463660487905145,0.01935964822769165,-0.11879073828458786,-0.01814943552017212,0.00469387648627162,0.0071946801617741585,0.07001345604658127,0.0,0.0,0.5616331696510315,-0.06803436577320099,0.16090981662273407,0.4775487184524536,-0.03580204397439957,-0.057897839695215225,0.5879576206207275,0.6502313613891602,-2.181257963180542,-47.65839767456055,-0.21972401440143585,0.08265982568264008,0.016101323068141937,-0.1335345059633255,0.23521867394447327,-0.3140299618244171,0.20402920246124268,11.332831382751465,11.87402629852295,11.742156982421875,12.816493034362793,-0.06592773646116257,0.05672851577401161,0.04752929508686066,-0.07819335907697678,0.0,-0.06060853600502014,0.07214733958244324,0.03374410793185234,-0.08955355733633041,0.0,-0.015931861475110054,-0.20021209120750427,-9.566143989562988,0.12996739149093628,-0.3954196274280548,-8.679642677307129,0.0,0.0,0.0,0.0,0.0,0.0,0.0,0.0,0.0,0.0,0.0,0.0,-0.061692431569099426,0.07471659034490585,0.03447898477315903,-0.09068863838911057,0.267610639333725,0.27821895480155945,0.2756396532058716,0.29655352234840393,-1.7818437814712524,-0.157950758934021,-0.1657274216413498,0.0,0.0,0.0,0.0,0.0,0.0,0.0
43457035878,0,-0.009614081121981144,0.018256496638059616,-0.8261017203330994,6.569455581484362e-05,-0.04113857448101044,-0.8442511558532715,-0.05840299651026726,-0.008471587672829628,0.0031751159112900496,0.01935964822769165,-0.11879073828458786,-0.01814943552017212,0.0033364982809871435,0.009923834353685379,0.0782269835472107,0.0,0.0,0.5616331696510315,-0.06803436577320099,0.16090981662273407,0.4775487184524536,-0.026604270562529564,-0.08760140091180801,0.5742394924163818,0.7281444072723389,-2.1422457695007324,-47.81254959106445,-0.17085076868534088,0.05569097399711609,0.0010235309600830078,-0.13129180669784546,0.23381473124027252,-0.3092483878135681,0.20419228076934814,11.779519081115723,11.652534484863281,12.12232494354248,12.358957290649414,-0.06592773646116257,0.05826171860098839,0.04752929508686066,-0.08125976473093033,0.0,-0.054585251957178116,0.07491452246904373,0.029474826529622078,-0.09379786998033524,0.0,0.09814069420099258,0.4445672929286957,-9.69552230834961,0.12996739149093628,-0.3954196274280548,-8.679642677307129,0.0,0.0,0.0,0.0,0.0,0.0,0.0,0.0,0.0,0.0,0.0,0.0,-0.06074848771095276,0.07429885119199753,0.03377119079232216,-0.09092486649751663,0.27606505155563354,0.27294567227363586,0.2821887135505676,0.28836590051651,-1.7818437814712524,-0.157950758934021,-0.1657274216413498,0.0,0.0,0.0,0.0,0.0,0.0,0.0
43467824634,0,-0.009614081121981144,0.018256496638059616,-0.8261017203330994,6.569455581484362e-05,-0.04113857448101044,-0.8442511558532715,-0.05840299651026726,-0.008471587672829628,0.0031751159112900496,0.01935964822769165,-0.11879073828458786,-0.01814943552017212,0.0033364982809871435,0.009923834353685379,0.0782269835472107,0.0,0.0,0.5616331696510315,-0.08821980655193329,0.1622908115386963,0.4717569351196289,-0.02484831213951111,-0.10503672808408737,0.5667691826820374,0.7281444072723389,-2.1422457695007324,-47.81254959106445,-0.17085076868534088,0.05569097399711609,0.0010235309600830078,-0.13129180669784546,0.23289044201374054,-0.3069530129432678,0.20416386425495148,11.779519081115723,11.652534484863281,12.12232494354248,12.358957290649414,-0.06439453363418579,0.05826171860098839,0.04752929508686066,-0.08432617038488388,0.0,-0.054585251957178116,0.07491452246904373,0.029474826529622078,-0.09379786998033524,0.0,0.09814069420099258,0.4445672929286957,-9.69552230834961,0.12996739149093628,-0.3954196274280548,-8.679642677307129,0.0,0.0,0.0,0.0,0.0,0.0,0.0,0.0,0.0,0.0,0.0,0.0,-0.05942482501268387,0.07407935708761215,0.03282724320888519,-0.09137538820505142,0.27637073397636414,0.27388447523117065,0.28306639194488525,0.28767460584640503,-1.232678771018982,0.06184069439768791,-0.26306405663490295,0.0,0.0,0.0,0.0,0.0,0.0,0.0
43477536886,0,-0.011059412732720375,0.018082013353705406,-0.8259883522987366,6.569455581484362e-05,-0.04113857448101044,-0.8442511558532715,-0.06441821157932281,-0.01356769260019064,0.006263950373977423,0.022250326350331306,-0.11844177544116974,-0.018262803554534912,0.0013821590691804886,0.01281807105988264,0.086504727602005,0.0,0.0,0.5616331696510315,-0.09911342710256577,0.15381751954555511,0.46474388241767883,-0.02484831213951111,-0.10503672808408737,0.5667691826820374,0.7281444072723389,-2.1422457695007324,-47.81254959106445,-0.17085076868534088,0.05569097399711609,0.0010235309600830078,-0.13129180669784546,0.23289044201374054,-0.3069530129432678,0.20416386425495148,11.779519081115723,11.652534484863281,12.12232494354248,12.358957290649414,-0.06439453363418579,0.05826171860098839,0.04599609225988388,-0.08432617038488388,0.0,-0.054585251957178116,0.07491452246904373,0.029474826529622078,-0.09379786998033524,0.0,0.09814069420099258,0.4445672929286957,-9.69552230834961,0.14706042408943176,-0.38737326860427856,-8.700474739074707,0.0,0.0,0.0,0.0,0.0,0.0,0.0,0.0,0.0,0.0,0.0,0.0,-0.05788080021739006,0.0741255134344101,0.03174438700079918,-0.09204397350549698,0.27637073397636414,0.27388447523117065,0.28306639194488525,0.28767460584640503,-1.1590173244476318,-0.3543761074542999,-0.4652358293533325,0.0,0.0,0.0,0.0,0.0,0.0,0.0
43487100592,0,-0.012513452209532261,0.017854150384664536,-0.8258621096611023,6.569455581484362e-05,-0.04113857448101044,-0.8442511558532715,-0.0671020895242691,-0.03026861511170864,0.005279221571981907,0.025158420205116272,-0.1179860383272171,-0.01838904619216919,-0.0006081625469960272,0.015384720638394356,0.09477435052394867,0.0,0.0,0.551608145236969,-0.09911342710256577,0.15381751954555511,0.46474388241767883,-0.010610342025756836,-0.12585864961147308,0.5451645255088806,0.8790259957313538,-1.9559681415557861,-47.79636764526367,-0.1336953490972519,0.03274914622306824,-0.004943370819091797,-0.12976713478565216,0.23031316697597504,-0.30125313997268677,0.20364448428153992,11.940606117248535,11.595333099365234,12.244879722595215,12.111608505249023,-0.06132812425494194,0.05826171860098839,0.04599609225988388,-0.08585937321186066,0.0,-0.04371420294046402,0.07434581965208054,0.019577212631702423,-0.09454384446144104,0.0,0.005706133786588907,-0.056095659732818604,-9.79867172241211,0.15982291102409363,-0.3556305766105652,-8.690248489379883,0.0,0.0,0.0,0.0,0.0,0.0,0.0,0.0,0.0,0.0,0.0,0.0,-0.056011807173490524,0.07426755875349045,0.03033643402159214,-0.09273084998130798,0.27952009439468384,0.27276352047920227,0.28545448184013367,0.28285738825798035,-1.1590173244476318,-0.3543761074542999,-0.4652358293533325,0.0,0.0,0.0,0.0,0.0,0.0,0.0
43497123527,0,-0.012513452209532261,0.017854150384664536,-0.8258621096611023,6.569455581484362e-05,-0.04113857448101044,-0.8442511558532715,-0.0671020895242691,-0.03026861511170864,0.005279221571981907,0.025158420205116272,-0.1179860383272171,-0.01838904619216919,-0.0006081625469960272,0.015384720638394356,0.09477435052394867,0.0,0.0,0.551608145236969,-0.09911342710256577,0.15381751954555511,0.46474388241767883,-0.00048255265573970973,-0.13570748269557953,0.5405721068382263,0.9302722811698914,-1.9560647010803223,-47.66764450073242,-0.11102305352687836,0.03871649503707886,0.0009777247905731201,-0.12904933094978333,0.22873039543628693,-0.298424631357193,0.2030646800994873,11.802031517028809,11.739922523498535,12.02204704284668,12.202960014343262,-0.05672851577401161,0.05826171860098839,0.044462889432907104,-0.08585937321186066,0.0,-0.04262789711356163,0.07504565268754959,0.018500519916415215,-0.09526398777961731,0.0,-0.14905402064323425,0.33666756749153137,-9.873252868652344,0.15982291102409363,-0.3556305766105652,-8.690248489379883,0.0,0.0,0.0,0.0,0.0,0.0,0.0,0.0,0.0,0.0,0.0,0.0,-0.05327475443482399,0.07441037893295288,0.02806553989648819,-0.09340202063322067,0.27681124210357666,0.27559566497802734,0.2811101973056793,0.2846378684043884,-1.1590173244476318,-0.3543761074542999,-0.4652358293533325,0.0,0.0,0.0,0.0,0.0,0.0,0.0
43508992035,0,-0.014009046368300915,0.01741631142795086,-0.825761079788208,6.569455581484362e-05,-0.04113857448101044,-0.8442511558532715,-0.06873158365488052,-0.034522633999586105,0.001210504095070064,0.028149623423814774,-0.11711036413908005,-0.018490076065063477,-0.002085960004478693,0.017258295789361,0.10265673696994781,0.0,0.0,0.551608145236969,-0.11841974407434464,0.12681861221790314,0.44649991393089294,-0.00048255265573970973,-0.13570748269557953,0.5405721068382263,0.9275857210159302,-1.912919044494629,-47.62384796142578,-0.0962572693824768,0.04420539736747742,0.0016591697931289673,-0.1284543126821518,0.22873039543628693,-0.298424631357193,0.2030646800994873,11.802679061889648,11.761452674865723,11.963993072509766,12.196502685546875,-0.055195312947034836,0.05826171860098839,0.04139648377895355,-0.08892577886581421,0.0,-0.041357673704624176,0.07358159869909286,0.01744855009019375,-0.09392675012350082,0.0,0.2648928165435791,0.09076055884361267,-9.832839012145996,0.16865195333957672,-0.3478034734725952,-8.658881187438965,0.0,0.0,0.0,0.0,0.0,0.0,0.0,0.0,0.0,0.0,0.0,0.0,-0.049955520778894424,0.07449802756309509,0.025184819474816322,-0.09398078173398972,0.27681124210357666,0.27559566497802734,0.2811101973056793,0.2846378684043884,-1.019615888595581,-1.0785069465637207,-0.7875818610191345,0.0,0.0,0.0,0.0,0.0,0.0,0.0
43516731749,0,-0.014009046368300915,0.01741631142795086,-0.825761079788208,6.569455581484362e-05,-0.04113857448101044,-0.8442511558532715,-0.06873158365488052,-0.034522633999586105,0.001210504095070064,0.028149623423814774,-0.11711036413908005,-0.018490076065063477,-0.002085960004478693,0.017258295789361,0.10265673696994781,0.0,0.0,0.551608145236969,-0.12243402749300003,0.10267571359872818,0.4392947554588318,0.019617509096860886,-0.15166711807250977,0.5308879613876343,0.9434661269187927,-1.8568435907363892,-47.577880859375,-0.08333456516265869,0.049808964133262634,-0.001787036657333374,-0.12778255343437195,0.22537626326084137,-0.2934136390686035,0.2015177607536316,11.906218528747559,11.674891471862793,12.009387016296387,12.08742618560791,-0.05366211012005806,0.059794921427965164,0.04139648377895355,-0.09199218451976776,0.0,-0.038798023015260696,0.07297032326459885,0.015324745327234268,-0.09353528171777725,0.0,0.2648928165435791,0.09076055884361267,-9.832839012145996,0.16865195333957672,-0.3478034734725952,-8.658881187438965,0.0,0.0,0.0,0.0,0.0,0.0,0.0,0.0,0.0,0.0,0.0,0.0,-0.046677056699991226,0.07441136986017227,0.022291047498583794,-0.0942990854382515,0.2788480818271637,0.2743225395679474,0.2808631658554077,0.28238576650619507,-0.40722206234931946,-1.0734657049179077,-0.5328673720359802,0.0,0.0,0.0,0.0,0.0,0.0,0.0
43527274866,0,-0.016321469098329544,0.01644006371498108,-0.8256782293319702,6.569455581484362e-05,-0.04113857448101044,-0.8442511558532715,-0.06781505048274994,-0.034714020788669586,0.0009668211569078267,0.032774489372968674,-0.115157850086689,-0.01857292652130127,-0.004339379258453846,0.0198929775506258,0.1142059788107872,0.0,0.0,0.551608145236969,-0.11396300047636032,0.09657782316207886,0.43302521109580994,0.019617509096860886,-0.15166711807250977,0.5308879613876343,0.9434661269187927,-1.8568435907363892,-47.577880859375,-0.08333456516265869,0.049808964133262634,-0.001787036657333374,-0.12778255343437195,0.22537626326084137,-0.2934136390686035,0.2015177607536316,11.906218528747559,11.674891471862793,12.009387016296387,12.08742618560791,-0.052128907293081284,0.059794921427965164,0.039863280951976776,-0.09352538734674454,0.0,-0.038798023015260696,0.07297032326459885,0.015324745327234268,-0.09353528171777725,0.0,0.1177728995680809,0.2909115254878998,-9.699210166931152,0.17470133304595947,-0.3465692400932312,-8.660228729248047,0.0,0.0,0.0,0.0,0.0,0.0,0.0,0.0,0.0,0.0,0.0,0.0,-0.04372885078191757,0.07413104921579361,0.019680356606841087,-0.0943327471613884,0.2788480818271637,0.2743225395679474,0.2808631658554077,0.28238576650619507,0.15312743186950684,-0.8224406242370605,-0.6123458743095398,0.0,0.0,0.0,0.0,0.0,0.0,0.0
43537595026,0,-0.016321469098329544,0.01644006371498108,-0.8256782293319702,6.569455581484362e-05,-0.04113857448101044,-0.8442511558532715,-0.06781505048274994,-0.034714020788669586,0.0009668211569078267,0.032774489372968674,-0.115157850086689,-0.01857292652130127,-0.004339379258453846,0.0198929775506258,0.1142059788107872,0.0,0.0,0.551608145236969,-0.10923836380243301,0.08188789337873459,0.42721953988075256,0.03233439847826958,-0.16712139546871185,0.5213291049003601,0.9823642373085022,-1.8812484741210938,-47.65484619140625,-0.08556188642978668,0.03817009925842285,-0.001476868987083435,-0.1266019195318222,0.22185459733009338,-0.28847023844718933,0.1995956301689148,11.930009841918945,11.68679141998291,12.034297943115234,12.099344253540039,-0.05059570446610451,0.06132812425494194,0.039863280951976776,-0.09352538734674454,0.0,-0.03818311542272568,0.07492632418870926,0.014973828569054604,-0.09519439190626144,0.0,0.1785159558057785,-0.1272391974925995,-9.662992477416992,0.17470133304595947,-0.3465692400932312,-8.660228729248047,0.0,0.0,0.0,0.0,0.0,0.0,0.0,0.0,0.0,0.0,0.0,0.0,-0.041340649127960205,0.0738692358136177,0.017576469108462334,-0.09427867829799652,0.2783762514591217,0.2750718295574188,0.2814265489578247,0.28249236941337585,0.32312777638435364,-1.1286466121673584,-0.6411353945732117,0.0,0.0,0.0,0.0,0.0,0.0,0.0
43547234700,0,-0.016321469098329544,0.01644006371498108,-0.8256782293319702,6.569455581484362e-05,-0.04113857448101044,-0.8442511558532715,-0.06781505048274994,-0.034714020788669586,0.0009668211569078267,0.032774489372968674,-0.115157850086689,-0.01857292652130127,-0.004339379258453846,0.0198929775506258,0.1142059788107872,0.0,0.0,0.551608145236969,-0.10923836380243301,0.08188789337873459,0.42721953988075256,0.037582721561193466,-0.17263424396514893,0.5152010917663574,0.9823642373085022,-1.8812484741210938,-47.65484619140625,-0.08201904594898224,0.05252102017402649,-0.002172619104385376,-0.12600049376487732,0.21998433768749237,-0.28585395216941833,0.1983952671289444,11.930009841918945,11.68679141998291,12.034297943115234,12.099344253540039,-0.04906250163912773,0.06132812425494194,0.038330078125,-0.09505859017372131,0.0,-0.038128286600112915,0.0749824121594429,0.015028157271444798,-0.09514011442661285,0.0,0.038906440138816833,0.15860480070114136,-9.736151695251465,0.17470133304595947,-0.3465692400932312,-8.660228729248047,0.0,0.0,0.0,0.0,0.0,0.0,0.0,0.0,0.0,0.0,0.0,0.0,-0.039609286934137344,0.07384788244962692,0.016080187633633614,-0.09434202313423157,0.2793128192424774,0.2745555639266968,0.281349241733551,0.28261810541152954,0.32312777638435364,-1.1286466121673584,-0.6411353945732117,0.0,0.0,0.0,0.0,0.0,0.0,0.0
43556996847,0,-0.01792166754603386,0.015518225729465485,-0.8256614208221436,6.569455581484362e-05,-0.04113857448101044,-0.8442511558532715,-0.0715772807598114,-0.03484079986810684,0.0033446885645389557,0.0359749011695385,-0.11331416666507721,-0.01858973503112793,-0.006575753912329674,0.0212290920317173,0.12164817005395889,0.0,0.0,0.551608145236969,-0.09078694134950638,0.03850192949175835,0.4254623055458069,0.037582721561193466,-0.17263424396514893,0.5152010917663574,1.0337492227554321,-1.901599645614624,-47.735137939453125,-0.08201904594898224,0.05252102017402649,-0.002172619104385376,-0.12600049376487732,0.21998433768749237,-0.28585395216941833,0.1983952671289444,11.981816291809082,11.648550987243652,12.063264846801758,12.140910148620605,-0.04599609225988388,0.06286133080720901,0.03526367247104645,-0.09352538734674454,0.0,-0.037046972662210464,0.07741270959377289,0.014082422479987144,-0.09691204130649567,0.0,0.28475502133369446,-0.19400925934314728,-9.905603408813477,0.18795441091060638,-0.34574538469314575,-8.679116249084473,0.0,0.0,0.0,0.0,0.0,0.0,0.0,0.0,0.0,0.0,0.0,0.0,-0.038437142968177795,0.0741562619805336,0.01510403398424387,-0.09460469335317612,0.2793128192424774,0.2745555639266968,0.281349241733551,0.28261810541152954,0.842827558517456,-1.9849028587341309,-0.3003541827201843,0.0,0.0,0.0,0.0,0.0,0.0,0.0
43568846473,0,-0.018795903772115707,0.01503082737326622,-0.8256639838218689,6.569455581484362e-05,-0.04113857448101044,-0.8442511558532715,-0.07418685406446457,-0.033483151346445084,0.003095023799687624,0.03772338479757309,-0.11233936250209808,-0.018587172031402588,-0.0074683972634375095,0.021563928574323654,0.1255766749382019,0.0,0.0,0.551608145236969,-0.09078694134950638,0.03850192949175835,0.4254623055458069,0.046747904270887375,-0.17353974282741547,0.5031628012657166,1.0773532390594482,-1.9162627458572388,-47.721275329589844,-0.09176426380872726,0.09779539704322815,-0.012755811214447021,-0.12494522333145142,0.21667182445526123,-0.2814735472202301,0.1960095465183258,12.262273788452148,11.35900592803955,12.263589859008789,11.939179420471191,-0.04599609225988388,0.06439453363418579,0.032197266817092896,-0.09352538734674454,0.0,-0.035270702093839645,0.08131084591150284,0.013111469335854053,-0.10019227117300034,0.0,0.4233337938785553,-0.24253545701503754,-9.838643074035645,0.1958824098110199,-0.3484114110469818,-8.676595687866211,0.0,0.0,0.0,0.0,0.0,0.0,0.0,0.0,0.0,0.0,0.0,0.0,-0.03757208585739136,0.07497654110193253,0.014434273354709148,-0.09522922337055206,0.2793128192424774,0.2745555639266968,0.281349241733551,0.28261810541152954,0.842827558517456,-1.9849028587341309,-0.3003541827201843,0.0,0.0,0.0,0.0,0.0,0.0,0.0
43577894825,0,-0.018795903772115707,0.01503082737326622,-0.8256639838218689,6.569455581484362e-05,-0.04113857448101044,-0.8442511558532715,-0.07418685406446457,-0.033483151346445084,0.003095023799687624,0.03772338479757309,-0.11233936250209808,-0.018587172031402588,-0.0074683972634375095,0.021563928574323654,0.1255766749382019,0.0,0.0,0.551608145236969,-0.06702754646539688,-0.003972360864281654,0.4343463182449341,0.046747904270887375,-0.17353974282741547,0.5031628012657166,1.0773532390594482,-1.9162627458572388,-47.721275329589844,-0.09176426380872726,0.09779539704322815,-0.012755811214447021,-0.12494522333145142,0.21667182445526123,-0.2814735472202301,0.1960095465183258,12.262273788452148,11.35900592803955,12.263589859008789,11.939179420471191,-0.039863280951976776,0.059794921427965164,0.029130859300494194,-0.09812500327825546,0.0,-0.035270702093839645,0.08131084591150284,0.013111469335854053,-0.10019227117300034,0.0,0.4233337938785553,-0.24253545701503754,-9.838643074035645,0.1958824098110199,-0.3484114110469818,-8.676595687866211,0.0,0.0,0.0,0.0,0.0,0.0,0.0,0.0,0.0,0.0,0.0,0.0,-0.03680391609668732,0.07636898756027222,0.013905576430261135,-0.0963008776307106,0.2857930362224579,0.26812490820884705,0.28581878542900085,0.2794920802116394,1.1485666036605835,-2.019249200820923,0.14989209175109863,0.0,0.0,0.0,0.0,0.0,0.0,0.0
43587011622,0,-0.021513955667614937,0.01359932217746973,-0.8257609605789185,6.569455581484362e-05,-0.04113857448101044,-0.8442511558532715,-0.07929040491580963,-0.04221894219517708,-0.00864266138523817,0.04315951466560364,-0.10947634279727936,-0.018490195274353027,-0.009146120399236679,0.02129334583878517,0.13801611959934235,0.0,0.0,0.551608145236969,-0.06702754646539688,-0.003972360864281654,0.4343463182449341,0.0532979853451252,-0.17228256165981293,0.49399450421333313,1.200853943824768,-1.7453402280807495,-47.13005065917969,-0.11195316165685654,0.13392667472362518,-0.035201579332351685,-0.12391959130764008,0.2136104702949524,-0.27777722477912903,0.19370076060295105,12.63503646850586,10.600350379943848,12.576231956481934,11.410989761352539,-0.039863280951976776,0.06132812425494194,0.024531250819563866,-0.09965820610523224,0.0,-0.02589915506541729,0.08566243201494217,0.004596760496497154,-0.10327114909887314,0.0,0.07155369967222214,0.304903507232666,-9.725187301635742,0.21741332113742828,-0.33122363686561584,-8.587981224060059,0.0,0.0,0.0,0.0,0.0,0.0,0.0,0.0,0.0,0.0,0.0,0.0,-0.03571087121963501,0.07816646993160248,0.013106223195791245,-0.09768802672624588,0.29479700326919556,0.25284597277641296,0.2938026785850525,0.26779502630233765,1.1485666036605835,-2.019249200820923,0.14989209175109863,0.0,0.0,0.0,0.0,0.0,0.0,0.0
43597124760,0,-0.021513955667614937,0.01359932217746973,-0.8257609605789185,6.569455581484362e-05,-0.04113857448101044,-0.8442511558532715,-0.07929040491580963,-0.04221894219517708,-0.00864266138523817,0.04315951466560364,-0.10947634279727936,-0.018490195274353027,-0.009146120399236679,0.02129334583878517,0.13801611959934235,0.0,0.0,0.551608145236969,-0.04219982028007507,-0.033493056893348694,0.4292561709880829,0.058599770069122314,-0.17118240892887115,0.4894426167011261,1.200853943824768,-1.7453402280807495,-47.13005065917969,-0.11963975429534912,0.14549577236175537,-0.03249543160200119,-0.12352504581212997,0.21246248483657837,-0.2763732969760895,0.19279196858406067,12.63503646850586,10.600350379943848,12.576231956481934,11.410989761352539,-0.039863280951976776,0.06132812425494194,0.024531250819563866,-0.10119140893220901,0.0,-0.025865202769637108,0.0857030376791954,0.0046308645978569984,-0.10323334485292435,0.0,0.14974848926067352,-0.002565574599429965,-9.572771072387695,0.21741332113742828,-0.33122363686561584,-8.587981224060059,0.0,0.0,0.0,0.0,0.0,0.0,0.0,0.0,0.0,0.0,0.0,0.0,-0.033793527632951736,0.0802348330616951,0.011537235230207443,-0.09925669431686401,0.29303696751594543,0.2531574070453644,0.2918960452079773,0.2691463232040405,1.251242756843567,-1.7244032621383667,-0.3992927372455597,0.0,0.0,0.0,0.0,0.0,0.0,0.0
43607114592,0,-0.023451758548617363,0.012688434682786465,-0.8258771300315857,6.569455581484362e-05,-0.04113857448101044,-0.8442511558532715,-0.07635167241096497,-0.047451429069042206,-0.014243138954043388,0.04918421432375908,-0.10666859149932861,-0.018325388431549072,-0.009092792868614197,0.02058211900293827,0.14582808315753937,0.0,0.0,0.551608145236969,-0.036639370024204254,-0.055212702602148056,0.42590880393981934,0.058599770069122314,-0.17118240892887115,0.4894426167011261,1.2098013162612915,-1.7573901414871216,-47.03266906738281,-0.11963975429534912,0.14549577236175537,-0.03249543160200119,-0.12352504581212997,0.21246248483657837,-0.2763732969760895,0.19279196858406067,12.489578247070312,10.682052612304688,12.385247230529785,11.566447257995605,-0.036796875298023224,0.06439453363418579,0.026064453646540642,-0.10272461175918579,0.0,-0.026254361495375633,0.08574344217777252,0.004790839273482561,-0.10248617082834244,0.0,0.14974848926067352,-0.002565574599429965,-9.572771072387695,0.2220459282398224,-0.29772257804870605,-8.590994834899902,0.0,0.0,0.0,0.0,0.0,0.0,0.0,0.0,0.0,0.0,0.0,0.0,-0.031407084316015244,0.0822611004114151,0.009496981278061867,-0.10072924196720123,0.29303696751594543,0.2531574070453644,0.2918960452079773,0.2691463232040405,0.88124018907547,-1.9276238679885864,-0.4297870397567749,0.0,0.0,0.0,0.0,0.0,0.0,0.0
43616943712,0,-0.024526290595531464,0.012195452116429806,-0.8259257674217224,6.569455581484362e-05,-0.04113857448101044,-0.8442511558532715,-0.0736866220831871,-0.057812340557575226,-0.009548850357532501,0.04918421432375908,-0.10666859149932861,-0.018325388431549072,-0.009227451868355274,0.019987378269433975,0.149443581700325,0.0,0.0,0.551608145236969,-0.036639370024204254,-0.055212702602148056,0.42590880393981934,0.058599770069122314,-0.17118240892887115,0.4894426167011261,1.2212525606155396,-1.6374741792678833,-47.25047302246094,-0.11452139914035797,0.19900953769683838,-0.027588307857513428,-0.12270453572273254,0.2101335972547531,-0.27373170852661133,0.19040259718894958,12.62315845489502,10.68436336517334,12.396113395690918,11.640107154846191,-0.03373046964406967,0.06746093928813934,0.02299804612994194,-0.10119140893220901,0.0,-0.022225359454751015,0.08220676332712173,0.0011117990361526608,-0.098447285592556,0.0,0.35930976271629333,-0.8093525171279907,-9.673600196838379,0.2220459282398224,-0.29772257804870605,-8.590994834899902,0.0,0.0,0.0,0.0,0.0,0.0,0.0,0.0,0.0,0.0,0.0,0.0,-0.029078766703605652,0.08373521268367767,0.007448047399520874,-0.10162580013275146,0.29303696751594543,0.2531574070453644,0.2918960452079773,0.2691463232040405,0.88124018907547,-1.9276238679885864,-0.4297870397567749,0.0,0.0,0.0,0.0,0.0,0.0,0.0
43626918102,0,-0.024526290595531464,0.012195452116429806,-0.8259257674217224,6.569455581484362e-05,-0.04113857448101044,-0.8442511558532715,-0.0736866220831871,-0.057812340557575226,-0.009548850357532501,0.04918421432375908,-0.10666859149932861,-0.018325388431549072,-0.009227451868355274,0.019987378269433975,0.149443581700325,0.0,0.0,0.551608145236969,-0.027575692161917686,-0.09342226386070251,0.41173893213272095,0.06471613794565201,-0.16078849136829376,0.4800354838371277,1.2212525606155396,-1.6374741792678833,-47.25047302246094,-0.11452139914035797,0.19900953769683838,-0.027588307857513428,-0.12270453572273254,0.2101335972547531,-0.27373170852661133,0.19040259718894958,12.62315845489502,10.68436336517334,12.396113395690918,11.640107154846191,-0.032197266817092896,0.06746093928813934,0.02299804612994194,-0.09965820610523224,0.0,-0.022225359454751015,0.08220676332712173,0.0011117990361526608,-0.098447285592556,0.0,0.35930976271629333,-0.8093525171279907,-9.673600196838379,0.2220459282398224,-0.29772257804870605,-8.590994834899902,0.0,0.0,0.0,0.0,0.0,0.0,0.0,0.0,0.0,0.0,0.0,0.0,-0.026854898780584335,0.08434130996465683,0.005440867505967617,-0.10166654735803604,0.29280659556388855,0.2548208236694336,0.2883972227573395,0.27364102005958557,0.6982678174972534,-1.6921896934509277,-0.7719182372093201,0.0,0.0,0.0,0.0,0.0,0.0,0.0
43636864533,0,-0.02663341537117958,0.01107343565672636,-0.8260014653205872,6.569455581484362e-05,-0.04113857448101044,-0.8442511558532715,-0.07399818301200867,-0.060832757502794266,-0.004333588760346174,0.053398486226797104,-0.10442454367876053,-0.018249690532684326,-0.009786896407604218,0.018097270280122757,0.1563284695148468,0.0,0.0,0.551608145236969,-0.027575692161917686,-0.09342226386070251,0.41173893213272095,0.06718649715185165,-0.14302441477775574,0.4695085883140564,1.2764114141464233,-1.5966691970825195,-47.49061965942383,-0.12188319861888885,0.23632389307022095,-0.01913418620824814,-0.1220511868596077,0.20799069106578827,-0.27226582169532776,0.1878412961959839,12.514480590820312,10.887452125549316,12.198421478271484,11.980517387390137,-0.029130859300494194,0.06899414211511612,0.021464843302965164,-0.10119140893220901,0.0,-0.019649924710392952,0.08120305091142654,-0.0015933328540995717,-0.09600736945867538,0.0,0.04190586134791374,-0.033540111035108566,-9.266565322875977,0.2320747971534729,-0.290303498506546,-8.634657859802246,0.0,0.0,0.0,0.0,0.0,0.0,0.0,0.0,0.0,0.0,0.0,0.0,-0.024788085371255875,0.0841992050409317,0.0035300885792821646,-0.1009799912571907,0.290697306394577,0.25883567333221436,0.28454944491386414,0.2802993655204773,0.6982678174972534,-1.6921896934509277,-0.7719182372093201,0.0,0.0,0.0,0.0,0.0,0.0,0.0
43647230082,0,-0.02663341537117958,0.01107343565672636,-0.8260014653205872,6.569455581484362e-05,-0.04113857448101044,-0.8442511558532715,-0.07399818301200867,-0.060832757502794266,-0.004333588760346174,0.053398486226797104,-0.10442454367876053,-0.018249690532684326,-0.009786896407604218,0.018097270280122757,0.1563284695148468,0.0,0.0,0.551608145236969,-0.01658019609749317,-0.119123175740242,0.4153848886489868,0.07020610570907593,-0.13011051714420319,0.4617627263069153,1.3488484621047974,-1.5643056631088257,-47.76515197753906,-0.12287544459104538,0.26864898204803467,-0.029660120606422424,-0.12173624336719513,0.2069336324930191,-0.271756112575531,0.18638131022453308,12.889925956726074,10.648202896118164,12.484550476074219,11.834528923034668,-0.026064453646540642,0.0705273449420929,0.018398437649011612,-0.09965820610523224,0.0,-0.016175955533981323,0.08439922332763672,-0.004497289191931486,-0.09836927056312561,0.0,0.2143058031797409,-0.23392251133918762,-10.01821231842041,0.2320747971534729,-0.290303498506546,-8.634657859802246,0.0,0.0,0.0,0.0,0.0,0.0,0.0,0.0,0.0,0.0,0.0,0.0,-0.022782018408179283,0.08377019315958023,0.00163576181512326,-0.09994626045227051,0.2979747951030731,0.2541048526763916,0.29011598229408264,0.27744680643081665,0.5858433246612549,-1.3974730968475342,-0.14382357895374298,0.0,0.0,0.0,0.0,0.0,0.0,0.0
43657071554,0,-0.028706826269626617,0.00988414790481329,-0.8260605931282043,6.569455581484362e-05,-0.04113857448101044,-0.8442511558532715,-0.07600107789039612,-0.06333387643098831,0.002540630055591464,0.062474314123392105,-0.1002635732293129,-0.01812422275543213,-0.010016127489507198,0.016007697209715843,0.16379915177822113,0.0,0.0,0.551608145236969,-0.01523231714963913,-0.13330529630184174,0.41634252667427063,0.07020610570907593,-0.13011051714420319,0.4617627263069153,1.3488484621047974,-1.5643056631088257,-47.76515197753906,-0.12287544459104538,0.26864898204803467,-0.029660120606422424,-0.12173624336719513,0.2069336324930191,-0.271756112575531,0.18638131022453308,12.982958793640137,10.545782089233398,12.551697731018066,11.776308059692383,-0.027597656473517418,0.07206054776906967,0.016865234822034836,-0.09965820610523224,0.0,-0.016060026362538338,0.08522089570760727,-0.004473223816603422,-0.09885717928409576,0.0,0.2143058031797409,-0.23392251133918762,-10.01821231842041,0.2544703483581543,-0.2897874712944031,-8.655945777893066,0.0,0.0,0.0,0.0,0.0,0.0,0.0,0.0,0.0,0.0,0.0,0.0,-0.020731322467327118,0.08356573432683945,-0.00029253115644678473,-0.09906041622161865,0.2979747951030731,0.2541048526763916,0.29011598229408264,0.27744680643081665,0.3058429956436157,-1.4146296977996826,-0.10614931583404541,0.0,0.0,0.0,0.0,0.0,0.0,0.0
43666966643,0,-0.03117130696773529,0.008992964401841164,-0.8261269330978394,6.569455581484362e-05,-0.04113857448101044,-0.8442511558532715,-0.07634154707193375,-0.06086105853319168,-0.0007236484088934958,0.062474314123392105,-0.1002635732293129,-0.01812422275543213,-0.009800552390515804,0.013604042120277882,0.1718866527080536,0.0,0.0,0.551608145236969,-0.01523231714963913,-0.13330529630184174,0.41634252667427063,0.07608616352081299,-0.1091478243470192,0.4532933831214905,1.3995869159698486,-1.5938310623168945,-47.60770034790039,-0.11154060810804367,0.31613168120384216,-0.036171332001686096,-0.12122994661331177,0.20505477488040924,-0.2713577151298523,0.18387627601623535,13.105696678161621,10.39056396484375,12.518514633178711,11.68774127960205,-0.026064453646540642,0.07206054776906967,0.015332031063735485,-0.10119140893220901,0.0,-0.015295270830392838,0.08929193764925003,-0.005040231626480818,-0.10200183838605881,0.0,0.6350502967834473,-0.7028995156288147,-9.651142120361328,0.2544703483581543,-0.2897874712944031,-8.655945777893066,0.0,0.0,0.0,0.0,0.0,0.0,0.0,0.0,0.0,0.0,0.0,0.0,-0.018830852583050728,0.08392049372196198,-0.002039607847109437,-0.09870981425046921,0.30214470624923706,0.2489975094795227,0.29077574610710144,0.27457401156425476,0.3058429956436157,-1.4146296977996826,-0.10614931583404541,0.0,0.0,0.0,0.0,0.0,0.0,0.0
43676804978,0,-0.03117130696773529,0.008992964401841164,-0.8261269330978394,6.569455581484362e-05,-0.04113857448101044,-0.8442511558532715,-0.07634154707193375,-0.06086105853319168,-0.0007236484088934958,0.062474314123392105,-0.1002635732293129,-0.01812422275543213,-0.009800552390515804,0.013604042120277882,0.1718866527080536,0.0,0.0,0.551608145236969,-0.023821735754609108,-0.1651785522699356,0.40717464685440063,0.07931141555309296,-0.09535862505435944,0.452058881521225,1.4460734128952026,-1.5832226276397705,-47.430545806884766,-0.0958879142999649,0.351831316947937,-0.03038160502910614,-0.12100289762020111,0.20390303432941437,-0.2715936005115509,0.1825208067893982,12.991449356079102,10.463774681091309,12.252283096313477,11.818735122680664,-0.024531250819563866,0.07206054776906967,0.012265625409781933,-0.10272461175918579,0.0,-0.013856827281415462,0.08990634232759476,-0.006777182221412659,-0.10192523896694183,0.0,-0.1135014221072197,-0.5808376669883728,-9.701248168945312,0.2544703483581543,-0.2897874712944031,-8.655945777893066,0.0,0.0,0.0,0.0,0.0,0.0,0.0,0.0,0.0,0.0,0.0,0.0,-0.01721269078552723,0.08492667973041534,-0.0035065095871686935,-0.09899623692035675,0.299937903881073,0.25045013427734375,0.28559866547584534,0.27713778614997864,-0.16899676620960236,-1.4095385074615479,-0.47739723324775696,0.0,0.0,0.0,0.0,0.0,0.0,0.0
43688963320,0,-0.03362921625375748,0.008181601762771606,-0.8262131214141846,6.569455581484362e-05,-0.04113857448101044,-0.8442511558532715,-0.08145003020763397,-0.058031387627124786,-0.009543626569211483,0.06739015877246857,-0.09864084422588348,-0.018038034439086914,-0.010487595573067665,0.010566829703748226,0.1792573481798172,0.0,0.0,0.5541144013404846,-0.023821735754609108,-0.1651785522699356,0.40717464685440063,0.07931141555309296,-0.09535862505435944,0.452058881521225,1.5003942251205444,-1.6385796070098877,-47.24755096435547,-0.09536212682723999,0.3644302487373352,-0.023887760937213898,-0.12083042412996292,0.20390303432941437,-0.2715936005115509,0.1825208067893982,12.80082893371582,10.566062927246094,12.026196479797363,11.951276779174805,-0.021464843302965164,0.07359375059604645,0.010732421651482582,-0.10425781458616257,0.0,-0.014077160507440567,0.09273665398359299,-0.006858540698885918,-0.10403688997030258,0.0,-0.1135014221072197,-0.5808376669883728,-9.701248168945312,0.27279895544052124,-0.29792356491088867,-8.590463638305664,0.0,0.0,0.0,0.0,0.0,0.0,0.0,0.0,0.0,0.0,0.0,0.0,-0.015874134376645088,0.08644264191389084,-0.004755102563649416,-0.09977853298187256,0.299937903881073,0.25045013427734375,0.28559866547584534,0.27713778614997864,-0.16899676620960236,-1.4095385074615479,-0.47739723324775696,0.0,0.0,0.0,0.0,0.0,0.0,0.0
43696737333,0,-0.034828394651412964,0.00775502435863018,-0.8262725472450256,6.569455581484362e-05,-0.04113857448101044,-0.8442511558532715,-0.0761411264538765,-0.058390889316797256,-0.010138540528714657,0.06978853046894073,-0.09778769314289093,-0.01797860860824585,-0.010773349553346634,0.009231260977685452,0.18267972767353058,0.0,0.0,0.5541144013404846,-0.018097693100571632,-0.17303238809108734,0.4007033705711365,0.07931141555309296,-0.09535862505435944,0.452058881521225,1.4693307876586914,-1.6252357959747314,-47.24286651611328,-0.10638739168643951,0.38759490847587585,-0.020006515085697174,-0.12065037339925766,0.20390303432941437,-0.2715936005115509,0.1825208067893982,12.718738555908203,10.609195709228516,11.90747356414795,12.097382545471191,-0.018398437649011612,0.07359375059604645,0.010732421651482582,-0.10425781458616257,0.0,-0.014645254239439964,0.09089095890522003,-0.0063843512907624245,-0.10145504772663116,0.0,0.1750820130109787,-0.5314808487892151,-9.788866996765137,0.2671510577201843,-0.29549741744995117,-8.589612007141113,0.0,0.0,0.0,0.0,0.0,0.0,0.0,0.0,0.0,0.0,0.0,0.0,-0.014900267124176025,0.08813390880823135,-0.005731688812375069,-0.10073253512382507,0.299937903881073,0.25045013427734375,0.28559866547584534,0.27713778614997864,0.21141619980335236,-1.2177648544311523,-0.6030967235565186,0.0,0.0,0.0,0.0,0.0,0.0,0.0
43707254672,0,-0.034828394651412964,0.00775502435863018,-0.8262725472450256,6.569455581484362e-05,-0.04113857448101044,-0.8442511558532715,-0.0761411264538765,-0.058390889316797256,-0.010138540528714657,0.06978853046894073,-0.09778769314289093,-0.01797860860824585,-0.010773349553346634,0.009231260977685452,0.18267972767353058,0.0,0.0,0.5541144013404846,0.010063858702778816,-0.18756777048110962,0.3991323709487915,0.07724664360284805,-0.0698050856590271,0.443386048078537,1.4693307876586914,-1.6252357959747314,-47.24286651611328,-0.10638739168643951,0.38759490847587585,-0.020006515085697174,-0.12065037339925766,0.20163510739803314,-0.27259859442710876,0.17972691357135773,12.718738555908203,10.609195709228516,11.90747356414795,12.097382545471191,-0.016865234822034836,0.07512695342302322,0.0076660155318677425,-0.10579101741313934,0.0,-0.014645254239439964,0.09089095890522003,-0.0063843512907624245,-0.10145504772663116,0.0,0.1750820130109787,-0.5314808487892151,-9.788866996765137,0.2671510577201843,-0.29549741744995117,-8.589612007141113,0.0,0.0,0.0,0.0,0.0,0.0,0.0,0.0,0.0,0.0,0.0,0.0,-0.01434804406017065,0.08955959230661392,-0.006354294717311859,-0.10145415365695953,0.29465994238853455,0.2533326745033264,0.2788727581501007,0.2825798988342285,1.1422373056411743,-0.8490672707557678,-0.15865226089954376,0.0,0.0,0.0,0.0,0.0,0.0,0.0
43718205859,0,-0.03712906688451767,0.007028954569250345,-0.826387345790863,6.569455581484362e-05,-0.04113857448101044,-0.8442511558532715,-0.07676947861909866,-0.06835302710533142,-0.008969951421022415,0.07438989728689194,-0.09633554518222809,-0.017863810062408447,-0.010725917294621468,0.0059500038623809814,0.18982598185539246,0.0,0.0,0.5541144013404846,0.010063858702778816,-0.18756777048110962,0.3991323709487915,0.07234713435173035,-0.043257009238004684,0.434440553188324,1.545578956604004,-1.5238921642303467,-47.31963348388672,-0.1468193531036377,0.42318522930145264,-0.028598137199878693,-0.12037045508623123,0.19979949295520782,-0.2742818593978882,0.17681382596492767,12.943846702575684,10.299302101135254,12.15161418914795,12.021584510803223,-0.015332031063735485,0.07666015625,0.0076660155318677425,-0.10425781458616257,0.0,-0.009515865705907345,0.09279808402061462,-0.011398320086300373,-0.10132963210344315,0.0,0.2855699360370636,-0.5111730694770813,-9.753525733947754,0.2810143530368805,-0.2770712971687317,-8.603569984436035,0.0,0.0,0.0,0.0,0.0,0.0,0.0,0.0,0.0,0.0,0.0,0.0,-0.013894669711589813,0.09059441089630127,-0.006897349376231432,-0.10180342942476273,0.2990175485610962,0.24718479812145233,0.28363731503486633,0.2811010777950287,1.1422373056411743,-0.8490672707557678,-0.15865226089954376,0.0,0.0,0.0,0.0,0.0,0.0,0.0
43727002337,0,-0.03712906688451767,0.007028954569250345,-0.826387345790863,6.569455581484362e-05,-0.04113857448101044,-0.8442511558532715,-0.07676947861909866,-0.06835302710533142,-0.008969951421022415,0.07438989728689194,-0.09633554518222809,-0.017863810062408447,-0.010725917294621468,0.0059500038623809814,0.18982598185539246,0.0,0.0,0.5541144013404846,0.03430049493908882,-0.18873342871665955,0.392993688583374,0.07423115521669388,-0.024012135341763496,0.4341490864753723,1.5660594701766968,-1.4140554666519165,-47.34994125366211,-0.16096648573875427,0.4341070055961609,-0.022451020777225494,-0.1202523335814476,0.19911859929561615,-0.2754124701023102,0.17529535293579102,12.788483619689941,10.425475120544434,12.012264251708984,12.220955848693848,-0.013798828236758709,0.07512695342302322,0.004599609412252903,-0.10272461175918579,0.0,-0.006018545478582382,0.08864154666662216,-0.015355803072452545,-0.09706280380487442,0.0,0.28150346875190735,-0.5789896845817566,-9.794196128845215,0.2810143530368805,-0.2770712971687317,-8.603569984436035,0.0,0.0,0.0,0.0,0.0,0.0,0.0,0.0,0.0,0.0,0.0,0.0,-0.012938976287841797,0.09123025089502335,-0.007946244440972805,-0.10169671475887299,0.2960110306739807,0.24969039857387543,0.2809191346168518,0.2849884033203125,1.1895041465759277,-0.2851959764957428,-0.29333925247192383,0.0,0.0,0.0,0.0,0.0,0.0,0.0
43738388554,0,-0.03940904885530472,0.006371060851961374,-0.8265172839164734,6.569455581484362e-05,-0.04113857448101044,-0.8442511558532715,-0.0717497318983078,-0.08202647417783737,-0.0085241524502635,0.07894988358020782,-0.09501975029706955,-0.017733871936798096,-0.009531371295452118,0.002336813136935234,0.19700407981872559,0.0,0.0,0.5591269135475159,0.037918608635663986,-0.18754635751247406,0.3942071795463562,0.07423115521669388,-0.024012135341763496,0.4341490864753723,1.5660594701766968,-1.4140554666519165,-47.34994125366211,-0.16096648573875427,0.4341070055961609,-0.022451020777225494,-0.1202523335814476,0.19911859929561615,-0.2754124701023102,0.17529535293579102,12.826452255249023,10.368138313293457,12.02721881866455,12.232404708862305,-0.012265625409781933,0.07512695342302322,0.003066406352445483,-0.10272461175918579,0.0,-0.006000730209052563,0.08913305401802063,-0.015336690470576286,-0.09697169065475464,0.0,0.0025229228194803,0.04653497785329819,-10.029147148132324,0.2853717505931854,-0.24963021278381348,-8.609783172607422,0.0,0.0,0.0,0.0,0.0,0.0,0.0,0.0,0.0,0.0,0.0,0.0,-0.011352462694048882,0.09127970039844513,-0.009645921178162098,-0.10098177194595337,0.2960110306739807,0.24969039857387543,0.2809191346168518,0.2849884033203125,0.8193973302841187,-0.15231092274188995,-0.07354682683944702,0.0,0.0,0.0,0.0,0.0,0.0,0.0
43748053131,0,-0.04165508225560188,0.005789496004581451,-0.8266782164573669,6.569455581484362e-05,-0.04113857448101044,-0.8442511558532715,-0.06548905372619629,-0.07639414817094803,-0.010665330104529858,0.08344197273254395,-0.09385661035776138,-0.01757293939590454,-0.008342180401086807,-0.0008824222022667527,0.20410233736038208,0.0,0.0,0.5716582536697388,0.03840159252285957,-0.1911013275384903,0.39780619740486145,0.06665082275867462,0.0022924942895770073,0.4256722331047058,1.5606077909469604,-1.4310040473937988,-47.31599426269531,-0.1702156364917755,0.4670839309692383,-0.02991902083158493,-0.12008412927389145,0.19813272356987,-0.27777180075645447,0.17241337895393372,13.000441551208496,10.168148040771484,12.156047821044922,12.090438842773438,-0.010732421651482582,0.07512695342302322,0.0015332031762227416,-0.10272461175918579,0.0,-0.006515553221106529,0.09131043404340744,-0.014507523737847805,-0.09843660891056061,0.0,0.15118546783924103,-0.5328634977340698,-10.226849555969238,0.2796926498413086,-0.25986337661743164,-8.596671104431152,0.0,0.0,0.0,0.0,0.0,0.0,0.0,0.0,0.0,0.0,0.0,0.0,-0.009609227068722248,0.09098567813634872,-0.011494575068354607,-0.09996196627616882,0.3001116216182709,0.24457703530788422,0.28372374176979065,0.28244462609291077,0.4768684208393097,-0.2784205675125122,0.15291453897953033,0.0,0.0,0.0,0.0,0.0,0.0,0.0
43756708865,0,-0.04165508225560188,0.005789496004581451,-0.8266782164573669,6.569455581484362e-05,-0.04113857448101044,-0.8442511558532715,-0.06548905372619629,-0.07639414817094803,-0.010665330104529858,0.08344197273254395,-0.09385661035776138,-0.01757293939590454,-0.008342180401086807,-0.0008824222022667527,0.20410233736038208,0.0,0.0,0.5716582536697388,0.03840159252285957,-0.1911013275384903,0.39780619740486145,0.06665082275867462,0.0022924942895770073,0.4256722331047058,1.5606077909469604,-1.4310040473937988,-47.31599426269531,-0.1702156364917755,0.4670839309692383,-0.02991902083158493,-0.12008412927389145,0.19813272356987,-0.27777180075645447,0.17241337895393372,13.000441551208496,10.168148040771484,12.156047821044922,12.090438842773438,-0.010732421651482582,0.07666015625,0.0,-0.10272461175918579,0.0,-0.006515553221106529,0.09131043404340744,-0.014507523737847805,-0.09843660891056061,0.0,0.15118546783924103,-0.5328634977340698,-10.226849555969238,0.2796926498413086,-0.25986337661743164,-8.596671104431152,0.0,0.0,0.0,0.0,0.0,0.0,0.0,0.0,0.0,0.0,0.0,0.0,-0.00815726537257433,0.09080054610967636,-0.012997984886169434,-0.09911134839057922,0.3001116216182709,0.24457703530788422,0.28372374176979065,0.28244462609291077,0.4768684208393097,-0.2784205675125122,0.15291453897953033,0.0,0.0,0.0,0.0,0.0,0.0,0.0
43767187307,0,-0.04382937774062157,0.005182748194783926,-0.8269044160842896,6.569455581484362e-05,-0.04113857448101044,-0.8442511558532715,-0.06281377375125885,-0.06825219094753265,-0.009260849095880985,0.0877905860543251,-0.09264310449361801,-0.017346739768981934,-0.007963099516928196,-0.00404480192810297,0.2113126963376999,0.0,0.0,0.5866958498954773,0.04348795488476753,-0.1909177005290985,0.3983357846736908,0.06665082275867462,0.0022924942895770073,0.4256722331047058,1.5376328229904175,-1.519320011138916,-47.36112976074219,-0.17777599394321442,0.5077686905860901,-0.014307253062725067,-0.11997628957033157,0.19721448421478271,-0.2808725833892822,0.16961707174777985,12.668405532836914,10.498242378234863,11.727705955505371,12.561553955078125,-0.010732421651482582,0.07819335907697678,-0.0015332031762227416,-0.10272461175918579,0.0,-0.00978309940546751,0.09065231680870056,-0.011672072112560272,-0.09657160937786102,0.0,0.15118546783924103,-0.5328634977340698,-10.226849555969238,0.2795695960521698,-0.2762399911880493,-8.611114501953125,0.0,0.0,0.0,0.0,0.0,0.0,0.0,0.0,0.0,0.0,0.0,0.0,-0.00729097006842494,0.09077321738004684,-0.013885125517845154,-0.09848246723413467,0.29368406534194946,0.25113365054130554,0.27535662055015564,0.2916112244129181,0.5696243643760681,-0.17695030570030212,0.12412478774785995,0.0,0.0,0.0,0.0,0.0,0.0,0.0
43776795694,0,-0.04486433416604996,0.0048652514815330505,-0.8270403742790222,6.569455581484362e-05,-0.04113857448101044,-0.8442511558532715,-0.05735575407743454,-0.07002659142017365,-0.013252058997750282,0.08986050635576248,-0.09200811386108398,-0.017210781574249268,-0.007753274403512478,-0.005786578170955181,0.21496134996414185,0.0,0.0,0.5866958498954773,0.04348795488476753,-0.1909177005290985,0.3983357846736908,0.06126639246940613,0.050620187073946,0.44338953495025635,1.5054224729537964,-1.491793155670166,-47.19424819946289,-0.18280759453773499,0.5313830375671387,-0.01676308363676071,-0.1199473962187767,0.19687767326831818,-0.28243446350097656,0.16845259070396423,12.718194961547852,10.353373527526855,11.721446990966797,12.504091262817383,-0.010732421651482582,0.07972656190395355,-0.0015332031762227416,-0.10119140893220901,0.0,-0.009872552007436752,0.08987897634506226,-0.011534355580806732,-0.09531737118959427,0.0,0.3963397443294525,-0.36623328924179077,-10.034300804138184,0.2737131714820862,-0.2712351083755493,-8.580772399902344,0.0,0.0,0.0,0.0,0.0,0.0,0.0,0.0,0.0,0.0,0.0,0.0,-0.007178169209510088,0.0907321572303772,-0.01403751503676176,-0.09784874320030212,0.29368406534194946,0.25113365054130554,0.27535662055015564,0.2916112244129181,0.5696243643760681,-0.17695030570030212,0.12412478774785995,0.0,0.0,0.0,0.0,0.0,0.0,0.0
43787008834,0,-0.04486433416604996,0.0048652514815330505,-0.8270403742790222,6.569455581484362e-05,-0.04113857448101044,-0.8442511558532715,-0.05735575407743454,-0.07002659142017365,-0.013252058997750282,0.08986050635576248,-0.09200811386108398,-0.017210781574249268,-0.007753274403512478,-0.005786578170955181,0.21496134996414185,0.0,0.0,0.5866958498954773,0.05809313803911209,-0.1935475766658783,0.4002763032913208,0.06126639246940613,0.050620187073946,0.44338953495025635,1.5054224729537964,-1.491793155670166,-47.19424819946289,-0.18280759453773499,0.5313830375671387,-0.01676308363676071,-0.1199473962187767,0.19687767326831818,-0.28243446350097656,0.16845259070396423,12.718194961547852,10.353373527526855,11.721446990966797,12.504091262817383,-0.010732421651482582,0.08125976473093033,-0.003066406352445483,-0.10119140893220901,0.0,-0.009872552007436752,0.08987897634506226,-0.011534355580806732,-0.09531737118959427,0.0,0.3963397443294525,-0.36623328924179077,-10.034300804138184,0.2737131714820862,-0.2712351083755493,-8.580772399902344,0.0,0.0,0.0,0.0,0.0,0.0,0.0,0.0,0.0,0.0,0.0,0.0,-0.007615752052515745,0.09059019386768341,-0.013656914234161377,-0.09712781757116318,0.29464930295944214,0.24825887382030487,0.27523401379585266,0.2904953956604004,0.6835156083106995,0.0031716451048851013,0.10788772255182266,0.0,0.0,0.0,0.0,0.0,0.0,0.0
43797078652,0,-0.04684016853570938,0.004344778601080179,-0.8273866772651672,6.569455581484362e-05,-0.04113857448101044,-0.8442511558532715,-0.05641145631670952,-0.06967749446630478,-0.021757686510682106,0.09381219744682312,-0.09096716344356537,-0.016864478588104248,-0.006492962129414082,-0.009281803853809834,0.22265541553497314,0.0,0.0,0.6167710423469543,0.05809313803911209,-0.1935475766658783,0.4002763032913208,0.051775865256786346,0.08364076167345047,0.4679619073867798,1.5369579792022705,-1.5046225786209106,-46.858978271484375,-0.20946767926216125,0.5553714036941528,0.00028996169567108154,-0.11991247534751892,0.1963779628276825,-0.28623923659324646,0.16608908772468567,12.200860977172852,10.62299919128418,11.218427658081055,12.923694610595703,-0.009199218824505806,0.08125976473093033,-0.003066406352445483,-0.10119140893220901,0.0,-0.009745970368385315,0.08907769620418549,-0.012637748382985592,-0.09342969208955765,0.0,0.16793140769004822,-0.14058411121368408,-10.444730758666992,0.27944689989089966,-0.27356773614883423,-8.519814491271973,0.0,0.0,0.0,0.0,0.0,0.0,0.0,0.0,0.0,0.0,0.0,0.0,-0.0082415621727705,0.09035217016935349,-0.013128962367773056,-0.09635209292173386,0.2845969796180725,0.2536059021949768,0.2653605341911316,0.29862791299819946,0.6835156083106995,0.0031716451048851013,0.10788772255182266,0.0,0.0,0.0,0.0,0.0,0.0,0.0
43806851489,0,-0.04684016853570938,0.004344778601080179,-0.8273866772651672,6.569455581484362e-05,-0.04113857448101044,-0.8442511558532715,-0.05641145631670952,-0.06967749446630478,-0.021757686510682106,0.09381219744682312,-0.09096716344356537,-0.016864478588104248,-0.006492962129414082,-0.009281803853809834,0.22265541553497314,0.0,0.0,0.6167710423469543,0.06905271112918854,-0.19620256125926971,0.4072147011756897,0.0531078465282917,0.09047365933656693,0.46639782190322876,1.529426097869873,-1.471958875656128,-46.58058547973633,-0.21844720840454102,0.5753885507583618,-0.004394397139549255,-0.11990479379892349,0.1962902992963791,-0.2885230481624603,0.16492080688476562,12.200860977172852,10.62299919128418,11.218427658081055,12.923694610595703,-0.0076660155318677425,0.08125976473093033,-0.004599609412252903,-0.10119140893220901,0.0,-0.009016990661621094,0.08773545920848846,-0.013429113663733006,-0.0923246517777443,0.0,0.16793140769004822,-0.14058411121368408,-10.444730758666992,0.27944689989089966,-0.27356773614883423,-8.519814491271973,0.0,0.0,0.0,0.0,0.0,0.0,0.0,0.0,0.0,0.0,0.0,0.0,-0.008799158036708832,0.08997498452663422,-0.012764273211359978,-0.09546741098165512,0.2858601212501526,0.24903638660907745,0.2659700810909271,0.2958679795265198,0.5477272868156433,-0.11092638969421387,0.2643660306930542,0.0,0.0,0.0,0.0,0.0,0.0,0.0
43816936891,0,-0.04879914969205856,0.003930883482098579,-0.8277934193611145,6.569455581484362e-05,-0.04113857448101044,-0.8442511558532715,-0.04992792382836342,-0.07116833329200745,-0.03355316445231438,0.09773018211126328,-0.09013936668634415,-0.016457736492156982,-0.005040979944169521,-0.012790394946932793,0.23004955053329468,0.0,0.0,0.6217835545539856,0.06854894012212753,-0.19632914662361145,0.41616490483283997,0.0531078465282917,0.09047365933656693,0.46639782190322876,1.5141032934188843,-1.4859817028045654,-46.40802764892578,-0.2247784286737442,0.5973349213600159,-0.005926571786403656,-0.11989722400903702,0.1962902992963791,-0.2885230481624603,0.16492080688476562,12.282580375671387,10.265748977661133,11.217535018920898,12.738978385925293,-0.006132812704890966,0.08125976473093033,-0.004599609412252903,-0.10119140893220901,0.0,-0.00980108231306076,0.09075279533863068,-0.012504455633461475,-0.09363037347793579,0.0,0.16793140769004822,-0.14058411121368408,-10.444730758666992,0.2752915024757385,-0.27017849683761597,-8.437823295593262,0.0,0.0,0.0,0.0,0.0,0.0,0.0,0.0,0.0,0.0,0.0,0.0,-0.009183387272059917,0.0895773395895958,-0.012628432363271713,-0.09456360340118408,0.2858601212501526,0.24903638660907745,0.2659700810909271,0.2958679795265198,0.26128408312797546,-0.030883362516760826,0.5823016166687012,0.0,0.0,0.0,0.0,0.0,0.0,0.0
43827241127,0,-0.049724284559488297,0.003703757654875517,-0.8280298709869385,6.569455581484362e-05,-0.04113857448101044,-0.8442511558532715,-0.048681214451789856,-0.0707346498966217,-0.036858703941106796,0.09958045929670334,-0.0896851122379303,-0.016221284866333008,-0.004622322041541338,-0.014556843787431717,0.23359254002571106,0.0,0.0,0.6217835545539856,0.06854894012212753,-0.19632914662361145,0.41616490483283997,0.0531078465282917,0.09047365933656693,0.46639782190322876,1.5201278924942017,-1.4930884838104248,-46.300689697265625,-0.2247784286737442,0.5973349213600159,-0.005926571786403656,-0.11989722400903702,0.1962902992963791,-0.2885230481624603,0.16492080688476562,12.629358291625977,9.872039794921875,11.500642776489258,12.404349327087402,-0.006132812704890966,0.08125976473093033,-0.004599609412252903,-0.10119140893220901,0.0,-0.009562251158058643,0.09485509991645813,-0.012163356877863407,-0.0965399518609047,0.0,0.5014763474464417,0.11489354074001312,-10.127317428588867,0.27638688683509827,-0.2714706361293793,-8.418307304382324,0.0,0.0,0.0,0.0,0.0,0.0,0.0,0.0,0.0,0.0,0.0,0.0,-0.00943914894014597,0.08964872360229492,-0.012565665878355503,-0.09402088075876236,0.2858601212501526,0.24903638660907745,0.2659700810909271,0.2958679795265198,0.26128408312797546,-0.030883362516760826,0.5823016166687012,0.0,0.0,0.0,0.0,0.0,0.0,0.0
43838000138,0,-0.049724284559488297,0.003703757654875517,-0.8280298709869385,6.569455581484362e-05,-0.04113857448101044,-0.8442511558532715,-0.048681214451789856,-0.0707346498966217,-0.036858703941106796,0.09958045929670334,-0.0896851122379303,-0.016221284866333008,-0.004622322041541338,-0.014556843787431717,0.23359254002571106,0.0,0.0,0.6217835545539856,0.05866123363375664,-0.1864563524723053,0.4328356981277466,0.04458209499716759,0.12525062263011932,0.4608415365219116,1.5201278924942017,-1.4930884838104248,-46.300689697265625,-0.22423622012138367,0.6173766255378723,-0.01948791742324829,-0.11989259719848633,0.19632364809513092,-0.29370835423469543,0.1628575474023819,12.629358291625977,9.872039794921875,11.500642776489258,12.404349327087402,-0.006132812704890966,0.08125976473093033,-0.006132812704890966,-0.10119140893220901,0.0,-0.009561849758028984,0.09485561400651932,-0.012162921018898487,-0.09653954207897186,0.0,0.5014763474464417,0.11489354074001312,-10.127317428588867,0.27638688683509827,-0.2714706361293793,-8.418307304382324,0.0,0.0,0.0,0.0,0.0,0.0,0.0,0.0,0.0,0.0,0.0,0.0,-0.00959865003824234,0.0904553234577179,-0.012476274743676186,-0.09408454596996307,0.2929267883300781,0.2386755347251892,0.27090638875961304,0.28855741024017334,-0.277981698513031,0.44527536630630493,0.7915017008781433,0.0,0.0,0.0,0.0,0.0,0.0,0.0
43847107442,0,-0.05221492052078247,0.0030225603841245174,-0.828852117061615,6.569455581484362e-05,-0.04113857448101044,-0.8442511558532715,-0.03934904560446739,-0.07867105305194855,-0.038130708038806915,0.10456175357103348,-0.0883227065205574,-0.015399038791656494,-0.0036099839489907026,-0.0194278322160244,0.2452591508626938,0.0,0.0,0.6368211507797241,0.05866123363375664,-0.1864563524723053,0.4328356981277466,0.040691375732421875,0.1517307162284851,0.4694133400917053,1.506914734840393,-1.443659782409668,-46.34698486328125,-0.21760182082653046,0.6321465969085693,-0.023987211287021637,-0.11991434544324875,0.19627273082733154,-0.29908913373947144,0.16156774759292603,12.78152084350586,9.754533767700195,11.588056564331055,12.311092376708984,-0.006132812704890966,0.0827929675579071,-0.006132812704890966,-0.09965820610523224,0.0,-0.00844805408269167,0.09371861815452576,-0.013178234919905663,-0.0954676941037178,0.0,0.37549740076065063,0.2639082372188568,-10.094693183898926,0.2718447744846344,-0.25467449426651,-8.420676231384277,0.0,0.0,0.0,0.0,0.0,0.0,0.0,0.0,0.0,0.0,0.0,0.0,-0.009618940763175488,0.09161150455474854,-0.012421347200870514,-0.09451944380998611,0.2958762049674988,0.23632855713367462,0.27262088656425476,0.2867433726787567,-0.277981698513031,0.44527536630630493,0.7915017008781433,0.0,0.0,0.0,0.0,0.0,0.0,0.0
43856943598,0,-0.05221492052078247,0.0030225603841245174,-0.828852117061615,6.569455581484362e-05,-0.04113857448101044,-0.8442511558532715,-0.03934904560446739,-0.07867105305194855,-0.038130708038806915,0.10456175357103348,-0.0883227065205574,-0.015399038791656494,-0.0036099839489907026,-0.0194278322160244,0.2452591508626938,0.0,0.0,0.6368211507797241,0.05681328475475311,-0.16239990293979645,0.43446266651153564,0.03446599096059799,0.16813510656356812,0.46484291553497314,1.4951462745666504,-1.4007097482681274,-46.313720703125,-0.22145415842533112,0.6323385238647461,-0.022280655801296234,-0.1199452206492424,0.19621892273426056,-0.30207595229148865,0.16102568805217743,12.72833251953125,9.787263870239258,11.547377586364746,12.355274200439453,-0.006132812704890966,0.0827929675579071,-0.004599609412252903,-0.09965820610523224,0.0,-0.007619837764650583,0.09141574800014496,-0.01418236643075943,-0.09355521947145462,0.0,0.19364069402217865,-0.014092637225985527,-10.227306365966797,0.2718447744846344,-0.25467449426651,-8.420676231384277,0.0,0.0,0.0,0.0,0.0,0.0,0.0,0.0,0.0,0.0,0.0,0.0,-0.009426034055650234,0.09251516312360764,-0.012533484026789665,-0.09486952424049377,0.29484567046165466,0.2369825541973114,0.2718231976032257,0.28760308027267456,-0.17217810451984406,1.0908869504928589,0.26846617460250854,0.0,0.0,0.0,0.0,0.0,0.0,0.0
43867072406,0,-0.053599052131175995,0.0026158380787819624,-0.829501211643219,6.569455581484362e-05,-0.04113857448101044,-0.8442511558532715,-0.030586032196879387,-0.08096223324537277,-0.04147021099925041,0.10733003169298172,-0.08750926703214645,-0.01474994421005249,-0.002131899120286107,-0.022348446771502495,0.25322869420051575,0.0,0.0,0.6393274068832397,0.05681328475475311,-0.16239990293979645,0.43446266651153564,0.03268788382411003,0.17750146985054016,0.46023088693618774,1.4734480381011963,-1.3568170070648193,-46.189353942871094,-0.23136548697948456,0.6292498111724854,-0.020588375627994537,-0.11998236924409866,0.19621892273426056,-0.30207595229148865,0.16102568805217743,12.634888648986816,9.788043975830078,11.494009017944336,12.377026557922363,-0.004599609412252903,0.08432617038488388,-0.006132812704890966,-0.09965820610523224,0.0,-0.0070583107881248,0.08902540802955627,-0.014934496954083443,-0.09151191264390945,0.0,0.19364069402217865,-0.014092637225985527,-10.227306365966797,0.2616164982318878,-0.24787449836730957,-8.398662567138672,0.0,0.0,0.0,0.0,0.0,0.0,0.0,0.0,0.0,0.0,0.0,0.0,-0.00901017151772976,0.09275267273187637,-0.012881271541118622,-0.09479313343763351,0.29484567046165466,0.2369825541973114,0.2718231976032257,0.28760308027267456,-0.17217810451984406,1.0908869504928589,0.26846617460250854,0.0,0.0,0.0,0.0,0.0,0.0,0.0
43876913954,0,-0.05427983030676842,0.0024173494894057512,-0.8298414945602417,6.569455581484362e-05,-0.04113857448101044,-0.8442511558532715,-0.026297232136130333,-0.0767630785703659,-0.04235111549496651,0.10869159549474716,-0.08711228519678116,-0.014409661293029785,-0.0013165980344638228,-0.023520557209849358,0.25725433230400085,0.0,0.0,0.6393274068832397,0.05948584899306297,-0.1507062464952469,0.4366500973701477,0.02977164275944233,0.18783296644687653,0.4553150534629822,1.396559715270996,-1.4014263153076172,-46.1595458984375,-0.23796921968460083,0.6299382448196411,-0.02700139582157135,-0.12003771960735321,0.19626426696777344,-0.307598352432251,0.1600329726934433,12.778600692749023,9.607892990112305,11.65552806854248,12.219685554504395,-0.004599609412252903,0.08432617038488388,-0.006132812704890966,-0.09965820610523224,0.0,-0.010345319285988808,0.08950028568506241,-0.011046928353607655,-0.09176062047481537,0.0,0.19364069402217865,-0.014092637225985527,-10.227306365966797,0.25391995906829834,-0.254804790019989,-8.392644882202148,0.0,0.0,0.0,0.0,0.0,0.0,0.0,0.0,0.0,0.0,0.0,0.0,-0.008623013272881508,0.09231387823820114,-0.013217156752943993,-0.09425582736730576,0.29581955075263977,0.23339557647705078,0.27394312620162964,0.2849637567996979,-0.05928632616996765,1.203273057937622,0.28780609369277954,0.0,0.0,0.0,0.0,0.0,0.0,0.0
43886908795,0,-0.05427983030676842,0.0024173494894057512,-0.8298414945602417,6.569455581484362e-05,-0.04113857448101044,-0.8442511558532715,-0.026297232136130333,-0.0767630785703659,-0.04235111549496651,0.11135707050561905,-0.08633297681808472,-0.013691365718841553,-0.0013165980344638228,-0.023520557209849358,0.25725433230400085,0.0,0.0,0.6543650031089783,0.06518919765949249,-0.12187082320451736,0.4391656219959259,0.02977164275944233,0.18783296644687653,0.4553150534629822,1.396559715270996,-1.4014263153076172,-46.1595458984375,-0.23796921968460083,0.6299382448196411,-0.02700139582157135,-0.12003771960735321,0.19626426696777344,-0.307598352432251,0.1600329726934433,12.778600692749023,9.607892990112305,11.65552806854248,12.219685554504395,-0.004599609412252903,0.08432617038488388,-0.0076660155318677425,-0.09965820610523224,0.0,-0.010345319285988808,0.08950028568506241,-0.011046928353607655,-0.09176062047481537,0.0,0.2834846079349518,0.2779266834259033,-9.7335844039917,0.23875249922275543,-0.2739243507385254,-8.41000747680664,0.0,0.0,0.0,0.0,0.0,0.0,0.0,0.0,0.0,0.0,0.0,0.0,-0.008598781190812588,0.09155696630477905,-0.013161223381757736,-0.0935196653008461,0.29581955075263977,0.23339557647705078,0.27394312620162964,0.2849637567996979,0.049980342388153076,1.3337305784225464,0.10496976226568222,0.0,0.0,0.0,0.0,0.0,0.0,0.0
43898185070,0,-0.055612560361623764,0.0020276973955333233,-0.8305597901344299,6.569455581484362e-05,-0.04113857448101044,-0.8442511558532715,-0.018773822113871574,-0.06583753973245621,-0.04006389528512955,0.11135707050561905,-0.08633297681808472,-0.013691365718841553,-0.0004565151466522366,-0.02548801898956299,0.2652222216129303,0.0,0.0,0.6543650031089783,0.06518919765949249,-0.12187082320451736,0.4391656219959259,0.019866395741701126,0.20740064978599548,0.46363726258277893,1.313138723373413,-1.5065839290618896,-46.255043029785156,-0.242352694272995,0.6286360025405884,-0.02181652933359146,-0.12016814202070236,0.19653008878231049,-0.31270185112953186,0.1592887043952942,12.66124439239502,9.755965232849121,11.555777549743652,12.374082565307617,-0.004599609412252903,0.08432617038488388,-0.0076660155318677425,-0.09965820610523224,0.0,-0.015718750655651093,0.08891456574201584,-0.005384720861911774,-0.09124764055013657,0.0,0.18714113533496857,0.22120097279548645,-9.598749160766602,0.23875249922275543,-0.2739243507385254,-8.41000747680664,0.0,0.0,0.0,0.0,0.0,0.0,0.0,0.0,0.0,0.0,0.0,0.0,-0.009157032705843449,0.0907781645655632,-0.012482362799346447,-0.09280934929847717,0.2935452461242676,0.2363572120666504,0.27198803424835205,0.2879686951637268,0.049980342388153076,1.3337305784225464,0.10496976226568222,0.0,0.0,0.0,0.0,0.0,0.0,0.0
43907157445,0,-0.055612560361623764,0.0020276973955333233,-0.8305597901344299,6.569455581484362e-05,-0.04113857448101044,-0.8442511558532715,-0.018773822113871574,-0.06583753973245621,-0.04006389528512955,0.11265230923891068,-0.08582965284585953,-0.01332855224609375,-0.0004565151466522366,-0.02548801898956299,0.2652222216129303,0.0,0.0,0.6643900871276855,0.061398543417453766,-0.10249187052249908,0.4389660358428955,0.019866395741701126,0.20740064978599548,0.46363726258277893,1.313138723373413,-1.5065839290618896,-46.255043029785156,-0.242352694272995,0.6286360025405884,-0.02181652933359146,-0.12016814202070236,0.19653008878231049,-0.31270185112953186,0.1592887043952942,12.66124439239502,9.755965232849121,11.555777549743652,12.374082565307617,-0.004599609412252903,0.08585937321186066,-0.0076660155318677425,-0.09812500327825546,0.0,-0.015718750655651093,0.08891456574201584,-0.005384720861911774,-0.09124764055013657,0.0,0.18714113533496857,0.22120097279548645,-9.598749160766602,0.23717385530471802,-0.27533435821533203,-8.42430305480957,0.0,0.0,0.0,0.0,0.0,0.0,0.0,0.0,0.0,0.0,0.0,0.0,-0.01039451640099287,0.09007827192544937,-0.011099990457296371,-0.09219548106193542,0.2935452461242676,0.2363572120666504,0.27198803424835205,0.2879686951637268,-0.17998240888118744,1.627963900566101,-0.0004037580220028758,0.0,0.0,0.0,0.0,0.0,0.0,0.0
43918465364,0,-0.05626017600297928,0.0017760368064045906,-0.8309226036071777,6.569455581484362e-05,-0.04113857448101044,-0.8442511558532715,-0.016953762620687485,-0.06498677283525467,-0.038054030388593674,0.11265230923891068,-0.08582965284585953,-0.01332855224609375,-0.0003617480688262731,-0.026259392499923706,0.26928529143333435,0.0,0.0,0.6643900871276855,0.061398543417453766,-0.10249187052249908,0.4389660358428955,0.015425046905875206,0.2135695517063141,0.47104302048683167,1.3044562339782715,-1.5143389701843262,-46.33366775512695,-0.2408868670463562,0.615399956703186,-0.014555007219314575,-0.12026065587997437,0.19671319425106049,-0.3156181573867798,0.158877432346344,12.481744766235352,9.986090660095215,11.416393280029297,12.554064750671387,-0.006132812704890966,0.08585937321186066,-0.0076660155318677425,-0.09812500327825546,0.0,-0.016418544575572014,0.08681727200746536,-0.004950220230966806,-0.08991774171590805,0.0,0.2018556296825409,0.08558351546525955,-9.761382102966309,0.23717385530471802,-0.27533435821533203,-8.42430305480957,0.0,0.0,0.0,0.0,0.0,0.0,0.0,0.0,0.0,0.0,0.0,0.0,-0.012017874047160149,0.0894225612282753,-0.009345455095171928,-0.09165732562541962,0.2900613248348236,0.24095095694065094,0.2692525088787079,0.2914659380912781,-0.17998240888118744,1.627963900566101,-0.0004037580220028758,0.0,0.0,0.0,0.0,0.0,0.0,0.0
43927073972,0,-0.05626017600297928,0.0017760368064045906,-0.8309226036071777,6.569455581484362e-05,-0.04113857448101044,-0.8442511558532715,-0.016953762620687485,-0.06498677283525467,-0.038054030388593674,0.11265230923891068,-0.08582965284585953,-0.01332855224609375,-0.0003617480688262731,-0.026259392499923706,0.26928529143333435,0.0,0.0,0.6643900871276855,0.04773810878396034,-0.06273771822452545,0.44484126567840576,0.011531207710504532,0.22053728997707367,0.4592627286911011,1.2460763454437256,-1.5393130779266357,-46.27809524536133,-0.22717534005641937,0.5846580266952515,-0.02827662229537964,-0.1204596608877182,0.19690220057964325,-0.3206579089164734,0.15823356807231903,12.78134822845459,9.690961837768555,11.766566276550293,12.123331069946289,-0.006132812704890966,0.08585937321186066,-0.0076660155318677425,-0.09659180045127869,0.0,-0.018356632441282272,0.0882222130894661,-0.0023167042527347803,-0.09216108173131943,0.0,0.08544604480266571,0.030389048159122467,-10.039597511291504,0.23717385530471802,-0.27533435821533203,-8.42430305480957,0.0,0.0,0.0,0.0,0.0,0.0,0.0,0.0,0.0,0.0,0.0,0.0,-0.013685428537428379,0.08878089487552643,-0.007570068351924419,-0.09123649448156357,0.29587286710739136,0.23505744338035583,0.2761172652244568,0.2830859422683716,-0.5933763980865479,1.9274872541427612,0.13188178837299347,0.0,0.0,0.0,0.0,0.0,0.0,0.0
43937647605,0,-0.05842101201415062,0.0001874230947578326,-0.8326283097267151,6.569455581484362e-05,-0.04113857448101044,-0.8442511558532715,0.005271099507808685,-0.07245694100856781,-0.042608194053173065,0.11697400361299515,-0.08265241235494614,-0.011622846126556396,0.00048609651275910437,-0.028090955689549446,0.28893718123435974,0.0,0.0,0.6668963432312012,0.04773810878396034,-0.06273771822452545,0.44484126567840576,0.011531207710504532,0.22053728997707367,0.4592627286911011,1.2460763454437256,-1.5393130779266357,-46.27809524536133,-0.22717534005641937,0.5846580266952515,-0.02827662229537964,-0.1204596608877182,0.19690220057964325,-0.3206579089164734,0.15823356807231903,12.78134822845459,9.690961837768555,11.766566276550293,12.123331069946289,-0.0076660155318677425,0.08432617038488388,-0.0076660155318677425,-0.09659180045127869,0.0,-0.018356632441282272,0.0882222130894661,-0.0023167042527347803,-0.09216108173131943,0.0,0.08544604480266571,0.030389048159122467,-10.039597511291504,0.20765259861946106,-0.2495538294315338,-8.378284454345703,0.0,0.0,0.0,0.0,0.0,0.0,0.0,0.0,0.0,0.0,0.0,0.0,-0.015278109349310398,0.08829741179943085,-0.005849012173712254,-0.09109663963317871,0.29587286710739136,0.23505744338035583,0.2761172652244568,0.2830859422683716,-0.5933763980865479,1.9274872541427612,0.13188178837299347,0.0,0.0,0.0,0.0,0.0,0.0,0.0
43948580770,0,-0.05842101201415062,0.0001874230947578326,-0.8326283097267151,6.569455581484362e-05,-0.04113857448101044,-0.8442511558532715,0.005271099507808685,-0.07245694100856781,-0.042608194053173065,0.11697400361299515,-0.08265241235494614,-0.011622846126556396,0.00048609651275910437,-0.028090955689549446,0.28893718123435974,0.0,0.0,0.6668963432312012,0.031049812212586403,-0.01486982312053442,0.44996368885040283,0.013012196868658066,0.22297008335590363,0.45306631922721863,1.1808531284332275,-1.3681163787841797,-46.04673767089844,-0.20579436421394348,0.5681843757629395,-0.03636784851551056,-0.12062743306159973,0.19681228697299957,-0.323857843875885,0.15790554881095886,12.934532165527344,9.488653182983398,11.902536392211914,11.80301570892334,-0.009199218824505806,0.0827929675579071,-0.0076660155318677425,-0.09505859017372131,0.0,-0.015256224200129509,0.08124732971191406,-0.005453420802950859,-0.08757373690605164,0.0,0.2662758231163025,-0.16676412522792816,-9.616976737976074,0.20765259861946106,-0.2495538294315338,-8.378284454345703,0.0,0.0,0.0,0.0,0.0,0.0,0.0,0.0,0.0,0.0,0.0,0.0,-0.016486452892422676,0.0877239927649498,-0.004495471250265837,-0.09101265668869019,0.2988373935222626,0.23100705444812775,0.2787761092185974,0.2768303453922272,-0.37203100323677063,1.7331383228302002,0.07656556367874146,0.0,0.0,0.0,0.0,0.0,0.0,0.0
43957386957,0,-0.05923788249492645,-0.0003717570216394961,-0.8333632946014404,6.569455581484362e-05,-0.04113857448101044,-0.8442511558532715,0.011646070517599583,-0.06834232807159424,-0.04279689863324165,0.11860775202512741,-0.08153404295444489,-0.010887861251831055,0.0008654642151668668,-0.027812400832772255,0.29703304171562195,0.0,0.0,0.6719088554382324,0.031049812212586403,-0.01486982312053442,0.44996368885040283,0.00970194861292839,0.22099587321281433,0.44937169551849365,1.1255749464035034,-1.3667680025100708,-46.07394027709961,-0.19988776743412018,0.5295963883399963,-0.039053745567798615,-0.12092629820108414,0.1964760273694992,-0.32816433906555176,0.1575382649898529,12.960278511047363,9.497330665588379,12.027336120605469,11.67555046081543,-0.009199218824505806,0.0827929675579071,-0.006132812704890966,-0.09352538734674454,0.0,-0.016722356900572777,0.07902383804321289,-0.003838522359728813,-0.08683887869119644,0.0,0.290581613779068,-0.46772301197052,-9.944534301757812,0.1963735818862915,-0.25424566864967346,-8.37217903137207,0.0,0.0,0.0,0.0,0.0,0.0,0.0,0.0,0.0,0.0,0.0,0.0,-0.017064383253455162,0.08646604418754578,-0.0037873503752052784,-0.09051449596881866,0.2988373935222626,0.23100705444812775,0.2787761092185974,0.2768303453922272,-0.37203100323677063,1.7331383228302002,0.07656556367874146,0.0,0.0,0.0,0.0,0.0,0.0,0.0
43970130217,0,-0.06000536307692528,-0.0009529459057375789,-0.8340833187103271,6.569455581484362e-05,-0.04113857448101044,-0.8442511558532715,0.013275888748466969,-0.05911552906036377,-0.04111270233988762,0.12014272063970566,-0.0803716629743576,-0.010167837142944336,0.0012432191288098693,-0.027023551985621452,0.30497926473617554,0.0,0.0,0.6769214272499084,0.031049812212586403,-0.01486982312053442,0.44996368885040283,0.00970194861292839,0.22099587321281433,0.44937169551849365,1.1255749464035034,-1.3667680025100708,-46.07394027709961,-0.19988776743412018,0.5295963883399963,-0.039053745567798615,-0.12092629820108414,0.1964760273694992,-0.32816433906555176,0.1575382649898529,12.960278511047363,9.497330665588379,12.027336120605469,11.67555046081543,-0.009199218824505806,0.08125976473093033,-0.006132812704890966,-0.09199218451976776,0.0,-0.016722356900572777,0.07902383804321289,-0.003838522359728813,-0.08683887869119644,0.0,0.290581613779068,-0.46772301197052,-9.944534301757812,0.19072213768959045,-0.2712070047855377,-8.380253791809082,0.0,0.0,0.0,0.0,0.0,0.0,0.0,0.0,0.0,0.0,0.0,0.0,-0.017217867076396942,0.08457665145397186,-0.0035230284556746483,-0.08962514251470566,0.29933521151542664,0.23118101060390472,0.2812134921550751,0.27433541417121887,-0.37203100323677063,1.7331383228302002,0.07656556367874146,0.0,0.0,0.0,0.0,0.0,0.0,0.0
43985471872,0,-0.06000536307692528,-0.0009529459057375789,-0.8340833187103271,6.569455581484362e-05,-0.04113857448101044,-0.8442511558532715,0.013275888748466969,-0.05911552906036377,-0.04111270233988762,0.12014272063970566,-0.0803716629743576,-0.010167837142944336,0.0012432191288098693,-0.027023551985621452,0.30497926473617554,0.0,0.0,0.6769214272499084,0.01541201863437891,0.029522879049181938,0.4448179602622986,0.015061374753713608,0.20869340002536774,0.4430273473262787,1.0424710512161255,-1.4709827899932861,-46.04511642456055,-0.18188166618347168,0.4849710464477539,-0.037452392280101776,-0.12129000574350357,0.1964760273694992,-0.32816433906555176,0.1575382649898529,12.876736640930176,9.628192901611328,12.02352237701416,11.614595413208008,-0.009199218824505806,0.08125976473093033,-0.006132812704890966,-0.09045898169279099,0.0,-0.022005707025527954,0.07868397980928421,0.0016355254920199513,-0.08797503262758255,0.0,0.21043577790260315,-0.7315990328788757,-9.910030364990234,0.19072213768959045,-0.2712070047855377,-8.380253791809082,0.0,0.0,0.0,0.0,0.0,0.0,0.0,0.0,0.0,0.0,0.0,0.0,-0.017445646226406097,0.08260710537433624,-0.00319872098043561,-0.08872601389884949,0.29933521151542664,0.23118101060390472,0.2812134921550751,0.27433541417121887,-0.562076210975647,2.03816819190979,-0.22912950813770294,0.0,0.0,0.0,0.0,0.0,0.0,0.0
43994925611,0,-0.06000536307692528,-0.0009529459057375789,-0.8340833187103271,6.569455581484362e-05,-0.04113857448101044,-0.8442511558532715,0.013275888748466969,-0.05911552906036377,-0.04111270233988762,0.12014272063970566,-0.0803716629743576,-0.010167837142944336,0.0012432191288098693,-0.027023551985621452,0.30497926473617554,0.0,0.0,0.6769214272499084,0.01541201863437891,0.029522879049181938,0.4448179602622986,0.01749083586037159,0.20476152002811432,0.4382708668708801,1.0178918838500977,-1.52247953414917,-46.10597610473633,-0.14678598940372467,0.4652598202228546,-0.03739212453365326,-0.1215088963508606,0.19523951411247253,-0.3333417475223541,0.15681755542755127,12.910269737243652,9.721977233886719,12.007454872131348,11.54093074798584,-0.0076660155318677425,0.0827929675579071,-0.004599609412252903,-0.09045898169279099,0.0,-0.024050895124673843,0.07888077199459076,0.003857924835756421,-0.08938664942979813,0.0,0.41874992847442627,-0.22319398820400238,-9.931357383728027,0.19072213768959045,-0.2712070047855377,-8.380253791809082,0.0,0.0,0.0,0.0,0.0,0.0,0.0,0.0,0.0,0.0,0.0,0.0,-0.018249742686748505,0.08093929290771484,-0.002297176979482174,-0.08815794438123703,0.2983682453632355,0.23567788302898407,0.2808254063129425,0.2716965675354004,-0.562076210975647,2.03816819190979,-0.22912950813770294,0.0,0.0,0.0,0.0,0.0,0.0,0.0
43999507609,0,-0.06079950928688049,-0.0015339995734393597,-0.8348087668418884,6.569455581484362e-05,-0.04113857448101044,-0.8442511558532715,0.018863976001739502,-0.05421795696020126,-0.040789127349853516,0.12173102051019669,-0.07920954376459122,-0.009442389011383057,1.8915375221695285e-06,-0.025597749277949333,0.31253260374069214,0.0,0.0,0.6794276833534241,-0.03568427637219429,0.07803229987621307,0.4369521141052246,0.01749083586037159,0.20476152002811432,0.4382708668708801,0.9906899333000183,-1.5260672569274902,-46.06665802001953,-0.13174447417259216,0.4492715895175934,-0.036003999412059784,-0.12174157053232193,0.19523951411247253,-0.3333417475223541,0.15681755542755127,12.868019104003906,9.797410011291504,11.966628074645996,11.520295143127441,-0.0076660155318677425,0.0827929675579071,-0.0015332031762227416,-0.08892577886581421,0.0,-0.024995744228363037,0.07739156484603882,0.004759641829878092,-0.08884161710739136,0.0,0.41874992847442627,-0.22319398820400238,-9.931357383728027,0.18012544512748718,-0.2774667739868164,-8.37575626373291,0.0,0.0,0.0,0.0,0.0,0.0,0.0,0.0,0.0,0.0,0.0,0.0,-0.019664917141199112,0.07966140657663345,-0.0007789283990859985,-0.08801502734422684,0.2983682453632355,0.23567788302898407,0.2808254063129425,0.2716965675354004,-1.30764901638031,1.550774335861206,-0.21945862472057343,0.0,0.0,0.0,0.0,0.0,0.0,0.0
44007057935,0,-0.06079950928688049,-0.0015339995734393597,-0.8348087668418884,6.569455581484362e-05,-0.04113857448101044,-0.8442511558532715,0.018863976001739502,-0.05421795696020126,-0.040789127349853516,0.12173102051019669,-0.07920954376459122,-0.009442389011383057,1.8915375221695285e-06,-0.025597749277949333,0.31253260374069214,0.0,0.0,0.6794276833534241,-0.03568427637219429,0.07803229987621307,0.4369521141052246,0.020801421254873276,0.19141200184822083,0.4319153428077698,0.9471465349197388,-1.5047403573989868,-45.996620178222656,-0.11934080719947815,0.4289953112602234,-0.042387403547763824,-0.12195154279470444,0.19344539940357208,-0.3359779119491577,0.15611803531646729,12.998841285705566,9.666818618774414,12.119017601013184,11.291090965270996,-0.0076660155318677425,0.0827929675579071,-0.0015332031762227416,-0.08892577886581421,0.0,-0.025366149842739105,0.07603586465120316,0.00532909668982029,-0.08863081783056259,0.0,0.4467413127422333,-0.2232658565044403,-9.9871244430542,0.18012544512748718,-0.2774667739868164,-8.37575626373291,0.0,0.0,0.0,0.0,0.0,0.0,0.0,0.0,0.0,0.0,0.0,0.0,-0.02131810039281845,0.07862024009227753,0.0009744538692757487,-0.08811268955469131,0.3000807464122772,0.23457449674606323,0.28300175070762634,0.2667900323867798,-1.30764901638031,1.550774335861206,-0.21945862472057343,0.0,0.0,0.0,0.0,0.0,0.0,0.0
44022057031,0,-0.06141363084316254,-0.0020460551604628563,-0.8355233073234558,6.569455581484362e-05,-0.04113857448101044,-0.8442511558532715,0.030027365311980247,-0.055386267602443695,-0.04511178284883499,0.12295927107334137,-0.07818543165922165,-0.008727848529815674,-0.001464532339014113,-0.02358517423272133,0.3209322690963745,0.0,0.0,0.6819339394569397,-0.03568427637219429,0.07803229987621307,0.4369521141052246,0.02728562243282795,0.17706727981567383,0.4277478754520416,0.8909635543823242,-1.478093147277832,-45.84440994262695,-0.10214882344007492,0.4006696045398712,-0.046398311853408813,-0.12221181392669678,0.19344539940357208,-0.3359779119491577,0.15611803531646729,13.045122146606445,9.597630500793457,12.197820663452148,11.081573486328125,-0.0076660155318677425,0.07972656190395355,-0.0015332031762227416,-0.08739257603883743,0.0,-0.02609858475625515,0.07349563390016556,0.006127583794295788,-0.0876835510134697,0.0,0.1277107149362564,-0.35109221935272217,-10.107633590698242,0.1619933694601059,-0.26874420046806335,-8.335347175598145,0.0,0.0,0.0,0.0,0.0,0.0,0.0,0.0,0.0,0.0,0.0,0.0,-0.022894831374287605,0.077576644718647,0.002650904469192028,-0.08822235465049744,0.3000807464122772,0.23457449674606323,0.28300175070762634,0.2667900323867798,-1.30764901638031,1.550774335861206,-0.21945862472057343,0.0,0.0,0.0,0.0,0.0,0.0,0.0
44027181143,0,-0.061653487384319305,-0.002267905045300722,-0.8358798623085022,6.569455581484362e-05,-0.04113857448101044,-0.8442511558532715,0.033716022968292236,-0.05526291951537132,-0.04864560067653656,0.12343898415565491,-0.07774172723293304,-0.008371293544769287,-0.0018358200322836637,-0.022461066022515297,0.32517263293266296,0.0,0.0,0.6819339394569397,-0.059073105454444885,0.11284143477678299,0.44094541668891907,0.02728562243282795,0.17706727981567383,0.4277478754520416,0.857187032699585,-1.4677186012268066,-45.68315124511719,-0.09284678101539612,0.36966246366500854,-0.051329635083675385,-0.12249142676591873,0.19216707348823547,-0.3371122181415558,0.1558150202035904,13.093259811401367,9.495140075683594,12.312240600585938,10.853928565979004,-0.0076660155318677425,0.07666015625,-0.0015332031762227416,-0.08892577886581421,0.0,-0.026657970622181892,0.07260989397764206,0.0067179701291024685,-0.08811169117689133,0.0,0.1277107149362564,-0.35109221935272217,-10.107633590698242,0.15585218369960785,-0.26685792207717896,-8.30602741241455,0.0,0.0,0.0,0.0,0.0,0.0,0.0,0.0,0.0,0.0,0.0,0.0,-0.02425348199903965,0.07638665288686752,0.00410734536126256,-0.08824031800031662,0.30097487568855286,0.23319008946418762,0.2845379114151001,0.2626652419567108,-1.1974005699157715,1.7502946853637695,0.008254303596913815,0.0,0.0,0.0,0.0,0.0,0.0,0.0
44052000786,0,-0.061653487384319305,-0.002267905045300722,-0.8358798623085022,6.569455581484362e-05,-0.04113857448101044,-0.8442511558532715,0.033716022968292236,-0.05526291951537132,-0.04864560067653656,0.12445683032274246,-0.0765722393989563,-0.007652759552001953,-0.0018358200322836637,-0.022461066022515297,0.32517263293266296,0.0,0.0,0.6819339394569397,-0.059073105454444885,0.11284143477678299,0.44094541668891907,0.036107297986745834,0.15589657425880432,0.4183254837989807,0.834265947341919,-1.4462385177612305,-45.65460205078125,-0.08713291585445404,0.3554774224758148,-0.049776919186115265,-0.12279259413480759,0.18918772041797638,-0.3387133777141571,0.15533596277236938,13.037874221801758,9.558987617492676,12.280693054199219,10.856924057006836,-0.0076660155318677425,0.07512695342302322,0.0,-0.08892577886581421,0.0,-0.026835443452000618,0.0704433023929596,0.006750056985765696,-0.08666612952947617,0.0,0.10807966440916061,-0.22170361876487732,-9.580764770507812,0.15234403312206268,-0.2570587396621704,-8.326581954956055,0.0,0.0,0.0,0.0,0.0,0.0,0.0,0.0,0.0,0.0,0.0,0.0,-0.02534775622189045,0.0750453919172287,0.005279616452753544,-0.08813897520303726,0.3008347153663635,0.23241612315177917,0.28615179657936096,0.2582327723503113,-1.1974005699157715,1.7502946853637695,0.008254303596913815,0.0,0.0,0.0,0.0,0.0,0.0,0.0
44052060526,0,-0.062162406742572784,-0.0028526457026600838,-0.8365983963012695,6.569455581484362e-05,-0.04113857448101044,-0.8442511558532715,0.037777964025735855,-0.05896466597914696,-0.0457654744386673,0.12445683032274246,-0.0765722393989563,-0.007652759552001953,-0.003163941204547882,-0.01987886242568493,0.33306005597114563,0.0,0.0,0.6819339394569397,-0.06611088663339615,0.13079631328582764,0.4387456774711609,0.036107297986745834,0.15589657425880432,0.4183254837989807,0.834265947341919,-1.4462385177612305,-45.65460205078125,-0.08713291585445404,0.3554774224758148,-0.049776919186115265,-0.12279259413480759,0.18918772041797638,-0.3387133777141571,0.15533596277236938,13.037874221801758,9.558987617492676,12.280693054199219,10.856924057006836,-0.0076660155318677425,0.07666015625,0.0,-0.08892577886581421,0.0,-0.026835443452000618,0.0704433023929596,0.006750056985765696,-0.08666612952947617,0.0,0.10807966440916061,-0.22170361876487732,-9.580764770507812,0.15234403312206268,-0.2570587396621704,-8.326581954956055,0.0,0.0,0.0,0.0,0.0,0.0,0.0,0.0,0.0,0.0,0.0,0.0,-0.026152266189455986,0.0736364796757698,0.006126009859144688,-0.08788403868675232,0.3008347153663635,0.23241612315177917,0.28615179657936096,0.2582327723503113,-0.670311689376831,1.1196342706680298,-0.15358486771583557,0.0,0.0,0.0,0.0,0.0,0.0,0.0
44058340814,0,-0.062162406742572784,-0.0028526457026600838,-0.8365983963012695,6.569455581484362e-05,-0.04113857448101044,-0.8442511558532715,0.037777964025735855,-0.05896466597914696,-0.0457654744386673,0.12445683032274246,-0.0765722393989563,-0.007652759552001953,-0.003163941204547882,-0.01987886242568493,0.33306005597114563,0.0,0.0,0.6819339394569397,-0.07083187997341156,0.13378623127937317,0.4365309476852417,0.04972966015338898,0.13048948347568512,0.3889527916908264,0.8083674907684326,-1.3454827070236206,-46.005001068115234,-0.04731445014476776,0.32542625069618225,-0.04869230091571808,-0.12340769171714783,0.18603043258190155,-0.33974507451057434,0.1548277884721756,13.114106178283691,9.77908706665039,12.325739860534668,10.86368465423584,-0.009199218824505806,0.07666015625,0.0015332031762227416,-0.09045898169279099,0.0,-0.02471161261200905,0.06419753283262253,0.004523888695985079,-0.08253714442253113,0.0,0.10807966440916061,-0.22170361876487732,-9.580764770507812,0.15234403312206268,-0.2570587396621704,-8.326581954956055,0.0,0.0,0.0,0.0,0.0,0.0,0.0,0.0,0.0,0.0,0.0,0.0,-0.026576023548841476,0.07206620275974274,0.006554733496159315,-0.08734343945980072,0.3023068606853485,0.2368192821741104,0.28702837228775024,0.25836628675460815,-0.6363108158111572,0.7812522053718567,-0.20674748718738556,0.0,0.0,0.0,0.0,0.0,0.0,0.0
44067062736,0,-0.0626513883471489,-0.0035571232438087463,-0.8372820019721985,6.569455581484362e-05,-0.04113857448101044,-0.8442511558532715,0.04773106798529625,-0.06305325031280518,-0.03583939000964165,0.1254347860813141,-0.07516328245401382,-0.006969153881072998,-0.005380553193390369,-0.017153622582554817,0.3406722843647003,0.0,0.0,0.6668963432312012,-0.07083187997341156,0.13378623127937317,0.4365309476852417,0.06119279935956001,0.11635714024305344,0.3842771649360657,0.7591346502304077,-1.3309413194656372,-46.17346954345703,-0.013121739029884338,0.2974337339401245,-0.06774501502513885,-0.12377259135246277,0.18397372961044312,-0.34008899331092834,0.15455831587314606,13.594392776489258,9.471580505371094,12.776949882507324,10.388116836547852,-0.010732421651482582,0.07666015625,0.003066406352445483,-0.09352538734674454,0.0,-0.024770068004727364,0.06385724991559982,0.005293055437505245,-0.08418481796979904,0.0,-0.055683474987745285,-0.48012062907218933,-9.819110870361328,0.1380244791507721,-0.24198932945728302,-8.39517593383789,0.0,0.0,0.0,0.0,0.0,0.0,0.0,0.0,0.0,0.0,0.0,0.0,-0.026541072875261307,0.070114366710186,0.006529018748551607,-0.08645716309547424,0.31300029158592224,0.23040325939655304,0.2973410487174988,0.2484099268913269,-0.6363108158111572,0.7812522053718567,-0.20674748718738556,0.0,0.0,0.0,0.0,0.0,0.0,0.0
44078807266,0,-0.06284818053245544,-0.0039864350110292435,-0.8375951647758484,6.569455581484362e-05,-0.04113857448101044,-0.8442511558532715,0.052704863250255585,-0.06463153660297394,-0.03261905536055565,0.12582837045192719,-0.07430465519428253,-0.006655991077423096,-0.006447834428399801,-0.015659907832741737,0.34460824728012085,0.0,0.0,0.6668963432312012,-0.11642841249704361,0.15990206599235535,0.43108490109443665,0.06119279935956001,0.11635714024305344,0.3842771649360657,0.7591346502304077,-1.3309413194656372,-46.17346954345703,-0.013121739029884338,0.2974337339401245,-0.06774501502513885,-0.12377259135246277,0.18397372961044312,-0.34008899331092834,0.15455831587314606,13.594392776489258,9.471580505371094,12.776949882507324,10.388116836547852,-0.012265625409781933,0.07359375059604645,0.004599609412252903,-0.09352538734674454,0.0,-0.024770068004727364,0.06385724991559982,0.005293055437505245,-0.08418481796979904,0.0,-0.055683474987745285,-0.48012062907218933,-9.819110870361328,0.13063983619213104,-0.2349052131175995,-8.413859367370605,0.0,0.0,0.0,0.0,0.0,0.0,0.0,0.0,0.0,0.0,0.0,0.0,-0.026194389909505844,0.06801552325487137,0.006252821069210768,-0.08552595973014832,0.31300029158592224,0.23040325939655304,0.2973410487174988,0.2484099268913269,-1.20430588722229,0.7368422746658325,-0.24752674996852875,0.0,0.0,0.0,0.0,0.0,0.0,0.0
44087096750,0,-0.06284818053245544,-0.0039864350110292435,-0.8375951647758484,6.569455581484362e-05,-0.04113857448101044,-0.8442511558532715,0.052704863250255585,-0.06463153660297394,-0.03261905536055565,0.12639380991458893,-0.07271693646907806,-0.00606304407119751,-0.006447834428399801,-0.015659907832741737,0.34460824728012085,0.0,0.0,0.6618838310241699,-0.11642841249704361,0.15990206599235535,0.43108490109443665,0.08174169063568115,0.08911367505788803,0.3693239688873291,0.6645777821540833,-1.3793578147888184,-46.320674896240234,0.03714434802532196,0.2589363157749176,-0.06959136575460434,-0.12453431636095047,0.17937032878398895,-0.34025993943214417,0.1540985256433487,13.744972229003906,9.56149959564209,12.896627426147461,10.188678741455078,-0.013798828236758709,0.07206054776906967,0.006132812704890966,-0.09045898169279099,0.0,-0.028237810358405113,0.06145969405770302,0.009099362418055534,-0.0843113511800766,0.0,0.17086826264858246,-0.09806153923273087,-9.823586463928223,0.12083232402801514,-0.25079232454299927,-8.421940803527832,0.0,0.0,0.0,0.0,0.0,0.0,0.0,0.0,0.0,0.0,0.0,0.0,-0.025921033695340157,0.06610536575317383,0.0061154733411967754,-0.08482634276151657,0.31444665789604187,0.23246656358242035,0.29810431599617004,0.24498534202575684,-1.20430588722229,0.7368422746658325,-0.24752674996852875,0.0,0.0,0.0,0.0,0.0,0.0,0.0
44097212820,0,-0.0633949562907219,-0.00557814771309495,-0.8387232422828674,6.569455581484362e-05,-0.04113857448101044,-0.8442511558532715,0.05838761106133461,-0.05859659984707832,-0.031206265091896057,0.12692193686962128,-0.0711212083697319,-0.005527913570404053,-0.010634906589984894,-0.009935694746673107,0.3595055639743805,0.0,0.0,0.581683337688446,-0.12016621232032776,0.16082221269607544,0.42289167642593384,0.08174169063568115,0.08911367505788803,0.3693239688873291,0.6645777821540833,-1.3793578147888184,-46.320674896240234,0.03714434802532196,0.2589363157749176,-0.06959136575460434,-0.12453431636095047,0.17937032878398895,-0.34025993943214417,0.1540985256433487,13.744972229003906,9.56149959564209,12.896627426147461,10.188678741455078,-0.013798828236758709,0.06899414211511612,0.0076660155318677425,-0.09045898169279099,0.0,-0.028237810358405113,0.06145969405770302,0.009099362418055534,-0.0843113511800766,0.0,0.17086826264858246,-0.09806153923273087,-9.823586463928223,0.1189458966255188,-0.23931057751178741,-8.403146743774414,0.0,0.0,0.0,0.0,0.0,0.0,0.0,0.0,0.0,0.0,0.0,0.0,-0.026054127141833305,0.06441927701234818,0.006422941107302904,-0.08438139408826828,0.31444665789604187,0.23246656358242035,0.29810431599617004,0.24498534202575684,-0.754994809627533,0.3744509518146515,-0.5073795318603516,0.0,0.0,0.0,0.0,0.0,0.0,0.0
44107385143,0,-0.0633949562907219,-0.00557814771309495,-0.8387232422828674,6.569455581484362e-05,-0.04113857448101044,-0.8442511558532715,0.05838761106133461,-0.05859659984707832,-0.031206265091896057,0.12692193686962128,-0.0711212083697319,-0.005527913570404053,-0.010634906589984894,-0.009935694746673107,0.3595055639743805,0.0,0.0,0.581683337688446,-0.11772305518388748,0.1570480614900589,0.41562631726264954,0.09901148080825806,0.06263865530490875,0.2621753215789795,0.6261937618255615,-1.253348708152771,-46.07451629638672,0.045337334275245667,0.2533615231513977,-0.13432103395462036,-0.12540242075920105,0.17423364520072937,-0.34011563658714294,0.1533663421869278,15.297135353088379,8.003819465637207,14.367887496948242,8.461079597473145,-0.015332031063735485,0.06746093928813934,0.006132812704890966,-0.09045898169279099,0.0,-0.02340780943632126,0.0660429447889328,0.005945639684796333,-0.09479004889726639,0.0,0.11005478352308273,-0.38225898146629333,-9.998618125915527,0.1189458966255188,-0.23931057751178741,-8.403146743774414,0.0,0.0,0.0,0.0,0.0,0.0,0.0,0.0,0.0,0.0,0.0,0.0,-0.026299716904759407,0.06325534731149673,0.006922543048858643,-0.08463303744792938,0.3449561297893524,0.1994137465953827,0.3284396231174469,0.21162843704223633,-0.23696750402450562,-0.004574016202241182,-0.649177074432373,0.0,0.0,0.0,0.0,0.0,0.0,0.0
44118111749,0,-0.0633949562907219,-0.00557814771309495,-0.8387232422828674,6.569455581484362e-05,-0.04113857448101044,-0.8442511558532715,0.05838761106133461,-0.05859659984707832,-0.031206265091896057,0.12692193686962128,-0.0711212083697319,-0.005527913570404053,-0.010634906589984894,-0.009935694746673107,0.3595055639743805,0.0,0.0,0.581683337688446,-0.11772305518388748,0.1570480614900589,0.41562631726264954,0.11092641204595566,0.051281824707984924,0.25792908668518066,0.6261937618255615,-1.253348708152771,-46.07451629638672,0.07839718461036682,0.23827528953552246,-0.13257773220539093,-0.12594570219516754,0.17129245400428772,-0.3399938941001892,0.15290597081184387,15.297135353088379,8.003819465637207,14.367887496948242,8.461079597473145,-0.015332031063735485,0.06592773646116257,0.006132812704890966,-0.09045898169279099,0.0,-0.023446420207619667,0.06596900522708893,0.005904539488255978,-0.09486015886068344,0.0,0.11005478352308273,-0.38225898146629333,-9.998618125915527,0.1189458966255188,-0.23931057751178741,-8.403146743774414,0.0,0.0,0.0,0.0,0.0,0.0,0.0,0.0,0.0,0.0,0.0,0.0,-0.026111463084816933,0.0629824548959732,0.007131577935069799,-0.0861508697271347,0.34399670362472534,0.20100365579128265,0.32635945081710815,0.21029533445835114,-0.23696750402450562,-0.004574016202241182,-0.649177074432373,0.0,0.0,0.0,0.0,0.0,0.0,0.0
44127594128,0,-0.06354929506778717,-0.006379371043294668,-0.8392108082771301,6.569455581484362e-05,-0.04113857448101044,-0.8442511558532715,0.06851121783256531,-0.06929782778024673,-0.036357127130031586,0.12723061442375183,-0.06951875984668732,-0.005040347576141357,-0.013663148507475853,-0.00704425573348999,0.36671802401542664,0.0,0.0,0.581683337688446,-0.1555711179971695,0.14290909469127655,0.3764711618423462,0.11092641204595566,0.051281824707984924,0.25792908668518066,0.6261937618255615,-1.253348708152771,-46.07451629638672,0.07839718461036682,0.23827528953552246,-0.13257773220539093,-0.12594570219516754,0.17129245400428772,-0.3399938941001892,0.15290597081184387,15.297135353088379,8.003819465637207,14.367887496948242,8.461079597473145,-0.016865234822034836,0.06439453363418579,0.004599609412252903,-0.09045898169279099,0.0,-0.023446420207619667,0.06596900522708893,0.005904539488255978,-0.09486015886068344,0.0,0.28696146607398987,-0.535997211933136,-9.990835189819336,0.10895919054746628,-0.21051929891109467,-8.35612964630127,0.0,0.0,0.0,0.0,0.0,0.0,0.0,0.0,0.0,0.0,0.0,0.0,-0.025525320321321487,0.06340274959802628,0.007009858265519142,-0.0885012149810791,0.34399670362472534,0.20100365579128265,0.32635945081710815,0.21029533445835114,-1.3221757411956787,-0.5171748399734497,-1.5321662425994873,0.0,0.0,0.0,0.0,0.0,0.0,0.0
44137094887,0,-0.06354929506778717,-0.006379371043294668,-0.8392108082771301,6.569455581484362e-05,-0.04113857448101044,-0.8442511558532715,0.06851121783256531,-0.06929782778024673,-0.036357127130031586,0.12723061442375183,-0.06951875984668732,-0.005040347576141357,-0.013663148507475853,-0.00704425573348999,0.36671802401542664,0.0,0.0,0.581683337688446,-0.1555711179971695,0.14290909469127655,0.3764711618423462,0.13165581226348877,0.03492463752627373,0.2058057188987732,0.5376399755477905,-1.149071455001831,-46.01298141479492,0.14315417408943176,0.24129730463027954,-0.13367697596549988,-0.1271279752254486,0.16494667530059814,-0.33974558115005493,0.15160900354385376,15.41954231262207,8.053112030029297,14.275955200195312,8.326054573059082,-0.013798828236758709,0.06592773646116257,0.0076660155318677425,-0.08585937321186066,0.0,-0.0229830089956522,0.05692300945520401,0.0054631284438073635,-0.08833490312099457,0.0,0.3355070650577545,-0.2242174744606018,-10.027194023132324,0.10895919054746628,-0.21051929891109467,-8.35612964630127,0.0,0.0,0.0,0.0,0.0,0.0,0.0,0.0,0.0,0.0,0.0,0.0,-0.02483205497264862,0.06366568803787231,0.006725670769810677,-0.09052951633930206,0.3463081419467926,0.20200753211975098,0.3246058225631714,0.20755651593208313,-1.3221757411956787,-0.5171748399734497,-1.5321662425994873,0.0,0.0,0.0,0.0,0.0,0.0,0.0
44148238366,0,-0.06303472071886063,-0.007906211540102959,-0.8399953842163086,6.569455581484362e-05,-0.04113857448101044,-0.8442511558532715,0.07324330508708954,-0.07029938697814941,-0.03264319524168968,0.12620145082473755,-0.06646505743265152,-0.004255771636962891,-0.018343426287174225,-0.003918641712516546,0.37529391050338745,0.0,0.0,0.33356302976608276,-0.1555711179971695,0.14290909469127655,0.3764711618423462,0.13165581226348877,0.03492463752627373,0.2058057188987732,0.5376399755477905,-1.149071455001831,-46.01298141479492,0.14315417408943176,0.24129730463027954,-0.13367697596549988,-0.1271279752254486,0.16494667530059814,-0.33974558115005493,0.15160900354385376,15.41954231262207,8.053112030029297,14.275955200195312,8.326054573059082,-0.013798828236758709,0.06286133080720901,0.006132812704890966,-0.08892577886581421,0.0,-0.0229830089956522,0.05692300945520401,0.0054631284438073635,-0.08833490312099457,0.0,0.2809489071369171,-0.08375263959169388,-9.81705093383789,0.10076135396957397,-0.19992509484291077,-8.378167152404785,0.0,0.0,0.0,0.0,0.0,0.0,0.0,0.0,0.0,0.0,0.0,0.0,-0.02417127601802349,0.06296810507774353,0.006373292300850153,-0.09142310917377472,0.3463081419467926,0.20200753211975098,0.3246058225631714,0.20755651593208313,-1.3221757411956787,-0.5171748399734497,-1.5321662425994873,0.0,0.0,0.0,0.0,0.0,0.0,0.0
44157454268,0,-0.06303472071886063,-0.007906211540102959,-0.8399953842163086,6.569455581484362e-05,-0.04113857448101044,-0.8442511558532715,0.07324330508708954,-0.07029938697814941,-0.03264319524168968,0.12620145082473755,-0.06646505743265152,-0.004255771636962891,-0.018343426287174225,-0.003918641712516546,0.37529391050338745,0.0,0.0,0.33356302976608276,-0.18930000066757202,0.12302077561616898,0.3352217376232147,0.16286206245422363,0.020085694268345833,-0.05474112927913666,0.5541874170303345,-1.0995880365371704,-46.079917907714844,0.19550451636314392,0.25701797008514404,-0.28232771158218384,-0.12855693697929382,0.15723007917404175,-0.3396703004837036,0.1494128406047821,19.27118492126465,4.384315490722656,17.88908576965332,4.568643093109131,-0.015332031063735485,0.059794921427965164,0.004599609412252903,-0.09199218451976776,0.0,-0.017257921397686005,0.10166456550359726,0.002967866137623787,-0.1592385619878769,0.0,-0.11929354071617126,0.10912052541971207,-9.662278175354004,0.10076135396957397,-0.19992509484291077,-8.378167152404785,0.0,0.0,0.0,0.0,0.0,0.0,0.0,0.0,0.0,0.0,0.0,0.0,-0.02336292155086994,0.06357354670763016,0.005916927009820938,-0.09456363320350647,0.4177103340625763,0.12571701407432556,0.3923790752887726,0.129628986120224,-1.587532877922058,-0.8820363879203796,-2.0341672897338867,0.0,0.0,0.0,0.0,0.0,0.0,0.0
44167040221,0,-0.06303472071886063,-0.007906211540102959,-0.8399953842163086,6.569455581484362e-05,-0.04113857448101044,-0.8442511558532715,0.07324330508708954,-0.07029938697814941,-0.03264319524168968,0.12620145082473755,-0.06646505743265152,-0.004255771636962891,-0.018343426287174225,-0.003918641712516546,0.37529391050338745,0.0,0.0,0.33356302976608276,-0.18930000066757202,0.12302077561616898,0.3352217376232147,0.17491905391216278,0.01288357749581337,-0.05697878450155258,0.46465516090393066,-1.0995967388153076,-45.38434600830078,0.20172297954559326,0.25463518500328064,-0.25207459926605225,-0.12952613830566406,0.15281209349632263,-0.33972683548927307,0.1478983759880066,18.342979431152344,4.980865955352783,16.952760696411133,5.135932922363281,-0.016865234822034836,0.059794921427965164,0.004599609412252903,-0.09505859017372131,0.0,-0.01991492137312889,0.08286299556493759,0.0049370648339390755,-0.13550877571105957,0.0,-0.03178853541612625,0.21301814913749695,-9.763392448425293,0.10076135396957397,-0.19992509484291077,-8.378167152404785,0.0,0.0,0.0,0.0,0.0,0.0,0.0,0.0,0.0,0.0,0.0,0.0,-0.022225502878427505,0.06796877831220627,0.005354252643883228,-0.10367684066295624,0.4007331132888794,0.13834619522094727,0.37503597140312195,0.1416141837835312,-1.587532877922058,-0.8820363879203796,-2.0341672897338867,0.0,0.0,0.0,0.0,0.0,0.0,0.0
44177007227,0,-0.06230651214718819,-0.008985240943729877,-0.8406081199645996,6.569455581484362e-05,-0.04113857448101044,-0.8442511558532715,0.07955062389373779,-0.06582586467266083,-0.048550575971603394,0.12474504113197327,-0.06430698931217194,-0.003643035888671875,-0.02189282886683941,-0.0017708966042846441,0.38033390045166016,0.0,0.0,0.33356302976608276,-0.1658700555562973,0.08802821487188339,0.20359675586223602,0.17491905391216278,0.01288357749581337,-0.05697878450155258,0.4382200539112091,-0.9808264374732971,-45.363609313964844,0.20172297954559326,0.25463518500328064,-0.25207459926605225,-0.12952613830566406,0.15281209349632263,-0.33972683548927307,0.1478983759880066,18.104249954223633,5.266961574554443,16.59747314453125,5.423065662384033,-0.016865234822034836,0.059794921427965164,0.006132812704890966,-0.09199218451976776,0.0,-0.018374038860201836,0.06857892125844955,0.0030758429784327745,-0.11875397711992264,0.0,-0.03178853541612625,0.21301814913749695,-9.763392448425293,0.08448275923728943,-0.19992667436599731,-8.251699447631836,0.0,0.0,0.0,0.0,0.0,0.0,0.0,0.0,0.0,0.0,0.0,0.0,-0.02104608528316021,0.0730871930718422,0.0048238355666399,-0.1143544539809227,0.4007331132888794,0.13834619522094727,0.37503597140312195,0.1416141837835312,0.3938404321670532,-1.0847240686416626,-4.412904262542725,0.0,0.0,0.0,0.0,0.0,0.0,0.0
44186923051,0,-0.06092340499162674,-0.010743075981736183,-0.8417530655860901,6.569455581484362e-05,-0.04113857448101044,-0.8442511558532715,0.08494981378316879,-0.07428368926048279,-0.03849218785762787,0.12197881191968918,-0.06079130247235298,-0.0024980902671813965,-0.025724312290549278,6.977668090257794e-05,0.38345855474472046,0.0,0.0,0.05787379667162895,-0.1658700555562973,0.08802821487188339,0.20359675586223602,0.2011038064956665,0.006546882446855307,-0.17985352873802185,0.4382200539112091,-0.9808264374732971,-45.363609313964844,0.22073692083358765,0.2747432589530945,-0.24041405320167542,-0.13168779015541077,0.1445234715938568,-0.34006017446517944,0.14345870912075043,18.104249954223633,5.266961574554443,16.59747314453125,5.423065662384033,-0.013798828236758709,0.06439453363418579,0.004599609412252903,-0.08892577886581421,0.0,-0.018503842875361443,0.06813175976276398,0.002934275660663843,-0.11919035017490387,0.0,0.22895930707454681,-0.30736014246940613,-9.451810836791992,0.07814290374517441,-0.17178553342819214,-8.332804679870605,0.0,0.0,0.0,0.0,0.0,0.0,0.0,0.0,0.0,0.0,0.0,0.0,-0.020050039514899254,0.07541091740131378,0.004319748375564814,-0.1212107390165329,0.39634349942207336,0.14437100291252136,0.3684157729148865,0.1476498693227768,0.3938404321670532,-1.0847240686416626,-4.412904262542725,0.0,0.0,0.0,0.0,0.0,0.0,0.0
44226229465,0,-0.06092340499162674,-0.010743075981736183,-0.8417530655860901,6.569455581484362e-05,-0.04113857448101044,-0.8442511558532715,0.08494981378316879,-0.07428368926048279,-0.03849218785762787,0.12197881191968918,-0.06079130247235298,-0.0024980902671813965,-0.025724312290549278,6.977668090257794e-05,0.38345855474472046,0.0,0.0,0.05787379667162895,-0.1658700555562973,0.08802821487188339,0.20359675586223602,0.21903157234191895,0.011626006104052067,-0.3913729786872864,0.42978596687316895,-0.9448204040527344,-45.83042526245117,0.246576726436615,0.29995840787887573,-0.35547053813934326,-0.1330363154411316,0.1445234715938568,-0.34006017446517944,0.14345870912075043,21.187692642211914,2.4930009841918945,19.50322151184082,2.6637518405914307,-0.012265625409781933,0.06132812425494194,0.0076660155318677425,-0.09659180045127869,0.0,-0.015419789589941502,0.13737188279628754,0.001922120456583798,-0.23900321125984192,0.0,0.20481865108013153,-0.3831944465637207,-10.408487319946289,0.07814290374517441,-0.17178553342819214,-8.332804679870605,0.0,0.0,0.0,0.0,0.0,0.0,0.0,0.0,0.0,0.0,0.0,0.0,-0.019126595929265022,0.0784253478050232,0.003776012687012553,-0.12971699237823486,0.39634349942207336,0.14437100291252136,0.3684157729148865,0.1476498693227768,0.3938404321670532,-1.0847240686416626,-4.412904262542725,0.0,0.0,0.0,0.0,0.0,0.0,0.0
44226277830,0,-0.06020822376012802,-0.011460344307124615,-0.8421598672866821,6.569455581484362e-05,-0.04113857448101044,-0.8442511558532715,0.08719602227210999,-0.07994172722101212,-0.044510431587696075,0.12054844200611115,-0.05935675650835037,-0.0020912885665893555,-0.027588699012994766,0.0003379906702321023,0.3842761218547821,0.0,0.0,0.05787379667162895,-0.1689399778842926,0.05775665491819382,0.11034926772117615,0.21903157234191895,0.011626006104052067,-0.3913729786872864,0.4215890169143677,-0.8603808283805847,-45.539306640625,0.2625819444656372,0.3093440532684326,-0.3231615126132965,-0.13455542922019958,0.13988396525382996,-0.3404172658920288,0.1400742083787918,20.344772338867188,3.2421488761901855,18.58619499206543,3.3905282020568848,-0.010732421651482582,0.06286133080720901,0.0076660155318677425,-0.10272461175918579,0.0,-0.014814776368439198,0.09482889622449875,0.0004777959838975221,-0.1777508556842804,0.0,0.20481865108013153,-0.3831944465637207,-10.408487319946289,0.07665254920721054,-0.1564328819513321,-8.279873847961426,0.0,0.0,0.0,0.0,0.0,0.0,0.0,0.0,0.0,0.0,0.0,0.0,-0.018102791160345078,0.08562836796045303,0.0031465664505958557,-0.1457138955593109,0.4523261487483978,0.08506172150373459,0.4219324290752411,0.0887717679142952,0.017169848084449768,-1.3995715379714966,-4.563907623291016,0.0,0.0,0.0,0.0,0.0,0.0,0.0
44226289010,0,-0.06020822376012802,-0.011460344307124615,-0.8421598672866821,6.569455581484362e-05,-0.04113857448101044,-0.8442511558532715,0.08719602227210999,-0.07994172722101212,-0.044510431587696075,0.12054844200611115,-0.05935675650835037,-0.0020912885665893555,-0.027588699012994766,0.0003379906702321023,0.3842761218547821,0.0,0.0,0.05787379667162895,-0.16555330157279968,0.04687695950269699,0.06729389727115631,0.2393234372138977,0.0069364565424621105,-0.39086633920669556,0.4391041696071625,-0.8848652243614197,-44.99543762207031,0.26562583446502686,0.3209070861339569,-0.2708304524421692,-0.13623730838298798,0.13007575273513794,-0.34158259630203247,0.13216136395931244,18.917680740356445,4.41156005859375,17.126262664794922,4.574332237243652,-0.015332031063735485,0.06592773646116257,0.0076660155318677425,-0.11039062589406967,0.0,-0.016159364953637123,0.07260268181562424,0.0005556567921303213,-0.13511407375335693,0.0,0.35620784759521484,0.35090285539627075,-9.64054012298584,0.07665254920721054,-0.1564328819513321,-8.279873847961426,0.0,0.0,0.0,0.0,0.0,0.0,0.0,0.0,0.0,0.0,0.0,0.0,-0.01708248257637024,0.09180589020252228,0.0024147576186805964,-0.16035182774066925,0.4523261487483978,0.08506172150373459,0.4219324290752411,0.0887717679142952,0.19282746315002441,-1.2196708917617798,-4.398473262786865,0.0,0.0,0.0,0.0,0.0,0.0,0.0
44228812794,0,-0.05860673263669014,-0.012808228842914104,-0.8429861664772034,6.569455581484362e-05,-0.04113857448101044,-0.8442511558532715,0.08899597823619843,-0.07520271092653275,-0.05326003581285477,0.11734544485807419,-0.0566609725356102,-0.0012649893760681152,-0.03009757585823536,0.0010905199451372027,0.3838472068309784,0.0,0.0,-0.0047828578390181065,-0.13395589590072632,0.025772491469979286,-0.038294777274131775,0.2393234372138977,0.0069364565424621105,-0.39086633920669556,0.4391041696071625,-0.8848652243614197,-44.99543762207031,0.26562583446502686,0.3209070861339569,-0.2708304524421692,-0.13623730838298798,0.13007575273513794,-0.34158259630203247,0.13216136395931244,18.917680740356445,4.41156005859375,17.126262664794922,4.574332237243652,-0.018398437649011612,0.06592773646116257,0.0076660155318677425,-0.11192382872104645,0.0,-0.016159364953637123,0.07260268181562424,0.0005556567921303213,-0.13511407375335693,0.0,0.35620784759521484,0.35090285539627075,-9.64054012298584,0.06581996381282806,-0.1572258621454239,-8.21225357055664,0.0,0.0,0.0,0.0,0.0,0.0,0.0,0.0,0.0,0.0,0.0,0.0,-0.01634831354022026,0.09232588112354279,0.00170819868799299,-0.164860799908638,0.4112612009048462,0.12629568576812744,0.3782610595226288,0.1297496110200882,1.2846256494522095,-1.141242504119873,-5.301758766174316,0.0,0.0,0.0,0.0,0.0,0.0,0.0
44237152638,0,-0.05678968131542206,-0.014147304929792881,-0.843752920627594,6.569455581484362e-05,-0.04113857448101044,-0.8442511558532715,0.09358873963356018,-0.09202936291694641,-0.047643594443798065,0.11371131986379623,-0.05398281291127205,-0.0004982352256774902,-0.032032519578933716,0.0011865964625030756,0.38204795122146606,0.0,0.0,-0.0047828578390181065,-0.13395589590072632,0.025772491469979286,-0.038294777274131775,0.25820961594581604,0.011032349430024624,-0.4635627865791321,0.3113408088684082,-0.81794273853302,-45.8548469543457,0.24502940475940704,0.34594279527664185,-0.24009893834590912,-0.13970355689525604,0.1211048811674118,-0.34310182929039,0.1228080615401268,18.366744995117188,5.3286848068237305,16.569202423095703,5.631748199462891,-0.015332031063735485,0.06746093928813934,0.004599609412252903,-0.12265624850988388,0.0,-0.0180206336081028,0.04644661396741867,0.001645175158046186,-0.09801524132490158,0.0,0.08568481355905533,-0.3752669095993042,-9.30770492553711,0.06512916833162308,-0.11465588212013245,-8.24350643157959,0.0,0.0,0.0,0.0,0.0,0.0,0.0,0.0,0.0,0.0,0.0,0.0,-0.016038237139582634,0.08773551881313324,0.0011982906144112349,-0.15987785160541534,0.40116938948631287,0.1456681191921234,0.3678882122039795,0.15202346444129944,1.2846256494522095,-1.141242504119873,-5.301758766174316,0.0,0.0,0.0,0.0,0.0,0.0,0.0
44246867092,0,-0.05678968131542206,-0.014147304929792881,-0.843752920627594,6.569455581484362e-05,-0.04113857448101044,-0.8442511558532715,0.09358873963356018,-0.09202936291694641,-0.047643594443798065,0.11177120357751846,-0.05260384455323219,-0.00018781423568725586,-0.032032519578933716,0.0011865964625030756,0.38204795122146606,0.0,0.0,-0.0047828578390181065,-0.13395589590072632,0.025772491469979286,-0.038294777274131775,0.2624775767326355,0.01139113400131464,-0.4613036513328552,0.29667940735816956,-0.6494375467300415,-45.66269302368164,0.2356746792793274,0.3551775813102722,-0.19913002848625183,-0.14171168208122253,0.11638236045837402,-0.34408214688301086,0.11724154651165009,17.287687301635742,6.2831130027771,15.499754905700684,6.643169403076172,-0.012265625409781933,0.07206054776906967,0.003066406352445483,-0.1272558569908142,0.0,-0.016125082969665527,0.028726713731884956,-0.0018913622479885817,-0.07360625267028809,0.0,-0.02217724919319153,0.09655967354774475,-9.864266395568848,0.05394171178340912,-0.11807955056428909,-8.302308082580566,0.0,0.0,0.0,0.0,0.0,0.0,0.0,0.0,0.0,0.0,0.0,0.0,-0.01607823558151722,0.07824817299842834,0.0008165655890479684,-0.1465972363948822,0.38125693798065186,0.1656065583229065,0.34782156348228455,0.17307086288928986,1.2846256494522095,-1.141242504119873,-5.301758766174316,0.0,0.0,0.0,0.0,0.0,0.0,0.0
44257021129,0,-0.05581962689757347,-0.014836783520877361,-0.8440633416175842,6.569455581484362e-05,-0.04113857448101044,-0.8442511558532715,0.09610127657651901,-0.08674833923578262,-0.0399198904633522,0.11177120357751846,-0.05260384455323219,-0.00018781423568725586,-0.032854240387678146,0.0011214612750336528,0.38085436820983887,0.0,0.0,-0.0047828578390181065,-0.06958337128162384,0.001882603159174323,-0.18016068637371063,0.2624775767326355,0.01139113400131464,-0.4613036513328552,0.2470761239528656,-0.5163904428482056,-45.39992904663086,0.19294315576553345,0.3716995418071747,-0.11037340760231018,-0.14557233452796936,0.11638236045837402,-0.34408214688301086,0.11724154651165009,14.955794334411621,8.359251022338867,13.264455795288086,8.894573211669922,-0.012265625409781933,0.07512695342302322,0.004599609412252903,-0.1333886682987213,0.0,-0.016947271302342415,0.013362289406359196,-0.0047505940310657024,-0.048155494034290314,0.0,-0.02217724919319153,0.09655967354774475,-9.864266395568848,0.05394171178340912,-0.11807955056428909,-8.302308082580566,0.0,0.0,0.0,0.0,0.0,0.0,0.0,0.0,0.0,0.0,0.0,0.0,-0.016231924295425415,0.06455278396606445,0.00016038755711633712,-0.12654876708984375,0.38125693798065186,0.1656065583229065,0.34782156348228455,0.17307086288928986,2.027219295501709,-0.7759852409362793,-4.8273091316223145,0.0,0.0,0.0,0.0,0.0,0.0,0.0
44267348861,0,-0.05581962689757347,-0.014836783520877361,-0.8440633416175842,6.569455581484362e-05,-0.04113857448101044,-0.8442511558532715,0.09610127657651901,-0.08674833923578262,-0.0399198904633522,0.11177120357751846,-0.05260384455323219,-0.00018781423568725586,-0.032854240387678146,0.0011214612750336528,0.38085436820983887,0.0,0.0,-0.0047828578390181065,-0.06958337128162384,0.001882603159174323,-0.18016068637371063,0.2655895948410034,0.014502424746751785,-0.45618486404418945,0.2470761239528656,-0.5163904428482056,-45.39992904663086,0.19294315576553345,0.3716995418071747,-0.11037340760231018,-0.14557233452796936,0.10826144367456436,-0.34601831436157227,0.10564738512039185,14.955794334411621,8.359251022338867,13.264455795288086,8.894573211669922,-0.012265625409781933,0.07512695342302322,0.0076660155318677425,-0.1349218785762787,0.0,-0.016947271302342415,0.013362289406359196,-0.0047505940310657024,-0.048155494034290314,0.0,0.42598477005958557,-0.10047900676727295,-9.95469856262207,0.05394171178340912,-0.11807955056428909,-8.302308082580566,0.0,0.0,0.0,0.0,0.0,0.0,0.0,0.0,0.0,0.0,0.0,0.0,-0.016401583328843117,0.049079976975917816,-0.000936636992264539,-0.10339708626270294,0.3375362753868103,0.20823025703430176,0.3052069842815399,0.21906119585037231,2.027219295501709,-0.7759852409362793,-4.8273091316223145,0.0,0.0,0.0,0.0,0.0,0.0,0.0
44277140767,0,-0.05182232707738876,-0.017223631963133812,-0.8452093601226807,6.569455581484362e-05,-0.04113857448101044,-0.8442511558532715,0.10718807578086853,-0.08670592308044434,-0.03099326230585575,0.10377656668424606,-0.04783012345433235,0.0009582042694091797,-0.03381013497710228,0.00048563809832558036,0.3735761046409607,0.0,0.0,-0.0047828578390181065,-0.047358911484479904,-0.00809737853705883,-0.20645761489868164,0.2655895948410034,0.014502424746751785,-0.45618486404418945,0.2470761239528656,-0.5163904428482056,-45.39992904663086,0.19294315576553345,0.3716995418071747,-0.11037340760231018,-0.14557233452796936,0.10826144367456436,-0.34601831436157227,0.10564738512039185,14.955794334411621,8.359251022338867,13.264455795288086,8.894573211669922,-0.010732421651482582,0.07206054776906967,0.0076660155318677425,-0.13952147960662842,0.0,-0.016947271302342415,0.013362289406359196,-0.0047505940310657024,-0.048155494034290314,0.0,0.42598477005958557,-0.10047900676727295,-9.95469856262207,0.02160932868719101,-0.09438665211200714,-8.350679397583008,0.0,0.0,0.0,0.0,0.0,0.0,0.0,0.0,0.0,0.0,0.0,0.0,-0.01658571884036064,0.03487938269972801,-0.002179945819079876,-0.08181724697351456,0.3375362753868103,0.20823025703430176,0.3052069842815399,0.21906119585037231,2.027529001235962,-0.8542091250419617,-3.6351988315582275,0.0,0.0,0.0,0.0,0.0,0.0,0.0
44287257301,0,-0.05182232707738876,-0.017223631963133812,-0.8452093601226807,6.569455581484362e-05,-0.04113857448101044,-0.8442511558532715,0.10718807578086853,-0.08670592308044434,-0.03099326230585575,0.10377656668424606,-0.04783012345433235,0.0009582042694091797,-0.03381013497710228,0.00048563809832558036,0.3735761046409607,0.0,0.0,-0.0047828578390181065,-0.03246285766363144,-0.009039663709700108,-0.2054373174905777,0.27147620916366577,0.015637554228305817,-0.4514598846435547,0.11885130405426025,-0.5191265940666199,-45.92873764038086,0.18427656590938568,0.3721575140953064,-0.11612123250961304,-0.14945167303085327,0.10826144367456436,-0.34601831436157227,0.10564738512039185,15.214693069458008,8.348295211791992,13.563759803771973,8.910313606262207,-0.012265625409781933,0.06899414211511612,0.006132812704890966,-0.14258788526058197,0.0,-0.019979791715741158,0.007559912744909525,-0.0015429910272359848,-0.043559569865465164,0.0,-0.11136027425527573,-0.48598626255989075,-10.015130996704102,0.02160932868719101,-0.09438665211200714,-8.350679397583008,0.0,0.0,0.0,0.0,0.0,0.0,0.0,0.0,0.0,0.0,0.0,0.0,-0.016882888972759247,0.023657191544771194,-0.003117802320048213,-0.06478048861026764,0.3375362753868103,0.20823025703430176,0.3052069842815399,0.21906119585037231,1.8464720249176025,-0.48522523045539856,-2.0069851875305176,0.0,0.0,0.0,0.0,0.0,0.0,0.0
44297126009,0,-0.05182232707738876,-0.017223631963133812,-0.8452093601226807,6.569455581484362e-05,-0.04113857448101044,-0.8442511558532715,0.10718807578086853,-0.08670592308044434,-0.03099326230585575,0.10377656668424606,-0.04783012345433235,0.0009582042694091797,-0.03381013497710228,0.00048563809832558036,0.3735761046409607,0.0,0.0,-0.0047828578390181065,-0.03246285766363144,-0.009039663709700108,-0.2054373174905777,0.2722773849964142,0.013774207793176174,-0.4493044316768646,0.15154744684696198,-0.36624857783317566,-45.466796875,0.18610233068466187,0.35866665840148926,-0.11883169412612915,-0.15154072642326355,0.09674802422523499,-0.3492979109287262,0.08823005110025406,15.141749382019043,8.183853149414062,13.52757453918457,8.701716423034668,-0.012265625409781933,0.06286133080720901,0.0015332031762227416,-0.13952147960662842,0.0,-0.015892261639237404,0.002242268528789282,-0.006565145216882229,-0.03997824713587761,0.0,0.30427461862564087,0.19233469665050507,-9.213140487670898,0.02160932868719101,-0.09438665211200714,-8.350679397583008,0.0,0.0,0.0,0.0,0.0,0.0,0.0,0.0,0.0,0.0,0.0,0.0,-0.017272042110562325,0.015189958736300468,-0.0036681094206869602,-0.05253256484866142,0.3410583734512329,0.20466771721839905,0.310271680355072,0.21516653895378113,1.8464720249176025,-0.48522523045539856,-2.0069851875305176,0.0,0.0,0.0,0.0,0.0,0.0,0.0
44307027850,0,-0.04963738098740578,-0.018305938690900803,-0.8457303047180176,6.569455581484362e-05,-0.04113857448101044,-0.8442511558532715,0.10908422619104385,-0.09868582338094711,-0.03074493445456028,0.0994066521525383,-0.045665498822927475,0.0014791488647460938,-0.03428395837545395,0.0008371999720111489,0.3700292408466339,0.0,0.0,-0.0047828578390181065,-0.004995432216674089,0.007900405675172806,-0.2060093879699707,0.2722773849964142,0.013774207793176174,-0.4493044316768646,0.15154744684696198,-0.36624857783317566,-45.466796875,0.18610233068466187,0.35866665840148926,-0.11883169412612915,-0.15154072642326355,0.09674802422523499,-0.3492979109287262,0.08823005110025406,15.141749382019043,8.183853149414062,13.52757453918457,8.701716423034668,-0.013798828236758709,0.05672851577401161,0.0015332031762227416,-0.12878906726837158,0.0,-0.015892261639237404,0.002242268528789282,-0.006565145216882229,-0.03997824713587761,0.0,0.30427461862564087,0.19233469665050507,-9.213140487670898,0.01988888531923294,-0.06337939947843552,-8.342162132263184,0.0,0.0,0.0,0.0,0.0,0.0,0.0,0.0,0.0,0.0,0.0,0.0,-0.01739739067852497,0.008881782181560993,-0.00424165790900588,-0.04435748606920242,0.3410583734512329,0.20466771721839905,0.310271680355072,0.21516653895378113,1.1438533067703247,0.3517270088195801,-0.5007655620574951,0.0,0.0,0.0,0.0,0.0,0.0,0.0
44339651465,0,-0.047396354377269745,-0.01953808031976223,-0.8462660312652588,6.569455581484362e-05,-0.04113857448101044,-0.8442511558532715,0.11283469945192337,-0.10475638508796692,-0.0402725450694561,0.09492457658052444,-0.043201204389333725,0.0020148754119873047,-0.03396260738372803,0.0004973675240762532,0.3659779727458954,0.0,0.0,-0.0047828578390181065,-0.004995432216674089,0.007900405675172806,-0.2060093879699707,0.26954105496406555,0.0160586666315794,-0.444451242685318,0.031657420098781586,-0.37840980291366577,-45.99778366088867,0.16526874899864197,0.36425551772117615,-0.09460848569869995,-0.15542256832122803,0.08946800231933594,-0.3509853184223175,0.07875820994377136,14.654303550720215,8.897839546203613,13.09481430053711,9.504019737243652,-0.013798828236758709,0.04906250163912773,0.0015332031762227416,-0.114990234375,0.0,-0.019895333796739578,-0.002692443784326315,-0.003538972930982709,-0.03303606063127518,0.0,-0.06589236110448837,-0.2906376123428345,-10.156691551208496,0.010213123634457588,-0.042039915919303894,-8.255607604980469,0.0,0.0,0.0,0.0,0.0,0.0,0.0,0.0,0.0,0.0,0.0,0.0,-0.017365969717502594,0.0043265256099402905,-0.004812879487872124,-0.039208535104990005,0.33181247115135193,0.21912717819213867,0.3019345700740814,0.23131495714187622,1.1438533067703247,0.3517270088195801,-0.5007655620574951,0.0,0.0,0.0,0.0,0.0,0.0,0.0
44339718569,0,-0.047396354377269745,-0.01953808031976223,-0.8462660312652588,6.569455581484362e-05,-0.04113857448101044,-0.8442511558532715,0.11283469945192337,-0.10475638508796692,-0.0402725450694561,0.09492457658052444,-0.043201204389333725,0.0020148754119873047,-0.03396260738372803,0.0004973675240762532,0.3659779727458954,0.0,0.0,-0.0047828578390181065,-0.004995432216674089,0.007900405675172806,-0.2060093879699707,0.26301309466362,0.01723584532737732,-0.44148123264312744,0.05617218092083931,-0.23121953010559082,-45.40584182739258,0.15221662819385529,0.37021371722221375,-0.09259779751300812,-0.15601743757724762,0.08839455246925354,-0.3512532711029053,0.0773935467004776,14.440217018127441,8.76295280456543,12.90153694152832,9.433940887451172,-0.013798828236758709,0.038330078125,0.003066406352445483,-0.10272461175918579,0.0,-0.016030417755246162,-0.0077572655864059925,-0.008347597904503345,-0.028750423341989517,0.0,-0.4189527928829193,-0.6571400761604309,-10.43928337097168,0.010213123634457588,-0.042039915919303894,-8.255607604980469,0.0,0.0,0.0,0.0,0.0,0.0,0.0,0.0,0.0,0.0,0.0,0.0,-0.01745428889989853,0.0007850014371797442,-0.0052201757207512856,-0.035659775137901306,0.32773786783218384,0.21640411019325256,0.2981991767883301,0.22991010546684265,1.1438533067703247,0.3517270088195801,-0.5007655620574951,0.0,0.0,0.0,0.0,0.0,0.0,0.0
44339732508,0,-0.04627152904868126,-0.02014962211251259,-0.8465016484260559,6.569455581484362e-05,-0.04113857448101044,-0.8442511558532715,0.11271712183952332,-0.10523716360330582,-0.033573657274246216,0.09267491102218628,-0.04197811335325241,0.002250492572784424,-0.033661019057035446,0.0005063395365141332,0.3641062378883362,0.0,0.0,-0.0047828578390181065,0.046797484159469604,-0.0050929537974298,-0.1966734677553177,0.26301309466362,0.01723584532737732,-0.44148123264312744,0.05617218092083931,-0.23121953010559082,-45.40584182739258,0.15221662819385529,0.37021371722221375,-0.09259779751300812,-0.15601743757724762,0.08839455246925354,-0.3512532711029053,0.0773935467004776,14.440217018127441,8.76295280456543,12.90153694152832,9.433940887451172,-0.012265625409781933,0.029130859300494194,0.0015332031762227416,-0.09199218451976776,0.0,-0.016030417755246162,-0.0077572655864059925,-0.008347597904503345,-0.028750423341989517,0.0,-0.4189527928829193,-0.6571400761604309,-10.43928337097168,0.007212053518742323,-0.03679940104484558,-8.307183265686035,0.0,0.0,0.0,0.0,0.0,0.0,0.0,0.0,0.0,0.0,0.0,0.0,-0.017413277179002762,-0.0022993944585323334,-0.005775753408670425,-0.032837189733982086,0.32773786783218384,0.21640411019325256,0.2981991767883301,0.22991010546684265,2.3680026531219482,-0.27502164244651794,0.3842693567276001,0.0,0.0,0.0,0.0,0.0,0.0,0.0
44346887016,0,-0.04627152904868126,-0.02014962211251259,-0.8465016484260559,6.569455581484362e-05,-0.04113857448101044,-0.8442511558532715,0.11271712183952332,-0.10523716360330582,-0.033573657274246216,0.09267491102218628,-0.04197811335325241,0.002250492572784424,-0.033661019057035446,0.0005063395365141332,0.3641062378883362,0.0,0.0,-0.0047828578390181065,0.046797484159469604,-0.0050929537974298,-0.1966734677553177,0.2510698139667511,0.01373776514083147,-0.43804168701171875,-0.09047067910432816,-0.13790908455848694,-45.77763366699219,0.0846080332994461,0.36213451623916626,-0.1130056232213974,-0.16016046702861786,0.07983402907848358,-0.3536989092826843,0.0671253427863121,14.93088150024414,8.238412857055664,13.612957954406738,9.091862678527832,-0.013798828236758709,0.024531250819563866,0.0,-0.0827929675579071,0.0,-0.01706826686859131,-0.01909652166068554,-0.0068569788709282875,-0.020993882790207863,0.0,0.6649686694145203,0.6117545366287231,-8.973313331604004,0.007212053518742323,-0.03679940104484558,-8.307183265686035,0.0,0.0,0.0,0.0,0.0,0.0,0.0,0.0,0.0,0.0,0.0,0.0,-0.017185809090733528,-0.00534656411036849,-0.006454803049564362,-0.03033706732094288,0.3370639681816101,0.2057766616344452,0.3119126558303833,0.22303692996501923,2.3680026531219482,-0.27502164244651794,0.3842693567276001,0.0,0.0,0.0,0.0,0.0,0.0,0.0
44357085361,0,-0.04393894225358963,-0.021488536149263382,-0.8469831943511963,6.569455581484362e-05,-0.04113857448101044,-0.8442511558532715,0.12094604969024658,-0.10372119396924973,-0.030152037739753723,0.08800971508026123,-0.03930027410387993,0.0027320384979248047,-0.03217945992946625,0.00042782758828252554,0.3614257574081421,0.0,0.0,-0.0047828578390181065,0.07843887060880661,0.0009171836427412927,-0.17093437910079956,0.2510698139667511,0.01373776514083147,-0.43804168701171875,-0.003011889522895217,-0.004083231091499329,-45.58250427246094,0.0846080332994461,0.36213451623916626,-0.1130056232213974,-0.16016046702861786,0.07983402907848358,-0.3536989092826843,0.0671253427863121,14.76508617401123,8.233811378479004,13.497509002685547,9.159728050231934,-0.013798828236758709,0.024531250819563866,0.0,-0.0827929675579071,0.0,-0.01196066103875637,-0.021098563447594643,-0.012712243013083935,-0.019048253074288368,0.0,0.6649686694145203,0.6117545366287231,-8.973313331604004,-0.01644921489059925,-0.02507437765598297,-8.323205947875977,0.0,0.0,0.0,0.0,0.0,0.0,0.0,0.0,0.0,0.0,0.0,0.0,-0.016768746078014374,-0.008951698429882526,-0.007201858796179295,-0.027651472017169,0.3370639681816101,0.2057766616344452,0.3119126558303833,0.22303692996501923,1.033788800239563,-0.11661878973245621,0.5408213138580322,0.0,0.0,0.0,0.0,0.0,0.0,0.0
44366843728,0,-0.04023818299174309,-0.023337967693805695,-0.8474830985069275,6.569455581484362e-05,-0.04113857448101044,-0.8442511558532715,0.13328200578689575,-0.10326460003852844,-0.01373274251818657,0.08060815930366516,-0.03560139238834381,0.003231942653656006,-0.02955162338912487,-0.0005112953949719667,0.35661056637763977,0.0,0.0,-0.0047828578390181065,0.07843887060880661,0.0009171836427412927,-0.17093437910079956,0.23402021825313568,0.021019723266363144,-0.43323826789855957,-0.16183549165725708,-0.04446011036634445,-46.24930191040039,0.06654928624629974,0.39021986722946167,-0.10055221617221832,-0.16429315507411957,0.07983402907848358,-0.3536989092826843,0.0671253427863121,14.760530471801758,8.574813842773438,13.392512321472168,9.56588077545166,-0.015332031063735485,0.012265625409781933,0.0,-0.06746093928813934,0.0,-0.017040593549609184,-0.025668444111943245,-0.00788829755038023,-0.014330695383250713,0.0,0.43932589888572693,-0.09304175525903702,-9.56089973449707,-0.05186030641198158,-0.00396101176738739,-8.439949989318848,0.0,0.0,0.0,0.0,0.0,0.0,0.0,0.0,0.0,0.0,0.0,0.0,-0.016146374866366386,-0.013084633275866508,-0.008093435317277908,-0.02461526356637478,0.3370639681816101,0.2057766616344452,0.3119126558303833,0.22303692996501923,1.033788800239563,-0.11661878973245621,0.5408213138580322,0.0,0.0,0.0,0.0,0.0,0.0,0.0
44377145929,0,-0.04023818299174309,-0.023337967693805695,-0.8474830985069275,6.569455581484362e-05,-0.04113857448101044,-0.8442511558532715,0.13328200578689575,-0.10326460003852844,-0.01373274251818657,0.08060815930366516,-0.03560139238834381,0.003231942653656006,-0.02955162338912487,-0.0005112953949719667,0.35661056637763977,0.0,0.0,-0.0047828578390181065,0.07843887060880661,0.0009171836427412927,-0.17093437910079956,0.22643722593784332,0.022329416126012802,-0.43116480112075806,-0.28523167967796326,-0.021785564720630646,-46.41972351074219,0.06348530203104019,0.40695691108703613,-0.08731937408447266,-0.16605573892593384,0.0715610608458519,-0.35627812147140503,0.0596582293510437,14.492265701293945,8.919050216674805,13.084322929382324,9.970352172851562,-0.015332031063735485,0.006132812704890966,0.0,-0.059794921427965164,0.0,-0.019945917651057243,-0.030684947967529297,-0.005498851183801889,-0.008761398494243622,0.0,-0.4968978464603424,-0.2375708520412445,-10.132070541381836,-0.05186030641198158,-0.00396101176738739,-8.439949989318848,0.0,0.0,0.0,0.0,0.0,0.0,0.0,0.0,0.0,0.0,0.0,0.0,-0.015904974192380905,-0.017459921538829803,-0.008606377057731152,-0.02118494361639023,0.3287292718887329,0.21955503523349762,0.30173197388648987,0.24063684046268463,1.033788800239563,-0.11661878973245621,0.5408213138580322,0.0,0.0,0.0,0.0,0.0,0.0,0.0
44387003532,0,-0.03894926980137825,-0.02395862154662609,-0.8476135730743408,6.569455581484362e-05,-0.04113857448101044,-0.8442511558532715,0.12836270034313202,-0.11221902072429657,-0.022142909467220306,0.07803031802177429,-0.03436007723212242,0.003362417221069336,-0.02861182577908039,-0.0007543932879343629,0.3548787236213684,0.0,0.0,-0.0047828578390181065,0.13181887567043304,-0.022764788940548897,-0.1881527304649353,0.22643722593784332,0.022329416126012802,-0.43116480112075806,-0.22365021705627441,0.07185247540473938,-46.017234802246094,0.026954852044582367,0.4041304290294647,-0.06845660507678986,-0.1680956333875656,0.0715610608458519,-0.35627812147140503,0.0596582293510437,13.861896514892578,9.235831260681152,12.571311950683594,10.388832092285156,-0.013798828236758709,0.0015332031762227416,0.0015332031762227416,-0.052128907293081284,0.0,-0.01705341599881649,-0.031100060790777206,-0.010265140794217587,-0.0075309136882424355,0.0,-0.4968978464603424,-0.2375708520412445,-10.132070541381836,-0.04066367447376251,0.013064086437225342,-8.366769790649414,0.0,0.0,0.0,0.0,0.0,0.0,0.0,0.0,0.0,0.0,0.0,0.0,-0.016264449805021286,-0.021839847788214684,-0.00861533172428608,-0.017405545338988304,0.3287292718887329,0.21955503523349762,0.30173197388648987,0.24063684046268463,2.0205299854278564,-0.3153373897075653,-0.5069528222084045,0.0,0.0,0.0,0.0,0.0,0.0,0.0
44396889159,0,-0.03634532913565636,-0.02511274814605713,-0.847822368144989,6.569455581484362e-05,-0.04113857448101044,-0.8442511558532715,0.13218384981155396,-0.11485360562801361,-0.016424154862761497,0.07282241433858871,-0.03205181285738945,0.0035712122917175293,-0.02587858960032463,-0.0005997783155180514,0.35125604271888733,0.0,0.0,-0.0047828578390181065,0.13181887567043304,-0.022764788940548897,-0.1881527304649353,0.2048686444759369,0.01939338631927967,-0.4268406629562378,-0.18746845424175262,0.14317584037780762,-45.826141357421875,-0.014659013599157333,0.39515310525894165,-0.059404924511909485,-0.17010754346847534,0.0667460635304451,-0.35859712958335876,0.05542735755443573,13.50947093963623,9.364799499511719,12.375571250915527,10.617722511291504,-0.013798828236758709,-0.0015332031762227416,0.003066406352445483,-0.04752929508686066,0.0,-0.014846368692815304,-0.032232630997896194,-0.013675726018846035,-0.006404347252100706,0.0,0.3463022708892822,0.31241077184677124,-9.188953399658203,-0.054927363991737366,0.029019758105278015,-8.408324241638184,0.0,0.0,0.0,0.0,0.0,0.0,0.0,0.0,0.0,0.0,0.0,0.0,-0.016618451103568077,-0.02573580853641033,-0.008861630223691463,-0.013729448430240154,0.3287292718887329,0.21955503523349762,0.30173197388648987,0.24063684046268463,2.0205299854278564,-0.3153373897075653,-0.5069528222084045,0.0,0.0,0.0,0.0,0.0,0.0,0.0
44407083353,0,-0.03634532913565636,-0.02511274814605713,-0.847822368144989,6.569455581484362e-05,-0.04113857448101044,-0.8442511558532715,0.13218384981155396,-0.11485360562801361,-0.016424154862761497,0.07282241433858871,-0.03205181285738945,0.0035712122917175293,-0.02587858960032463,-0.0005997783155180514,0.35125604271888733,0.0,0.0,-0.0047828578390181065,0.1739225834608078,-0.018877318128943443,-0.17934046685695648,0.2048686444759369,0.01939338631927967,-0.4268406629562378,-0.18746845424175262,0.14317584037780762,-45.826141357421875,-0.014659013599157333,0.39515310525894165,-0.059404924511909485,-0.17010754346847534,0.0667460635304451,-0.35859712958335876,0.05542735755443573,13.50947093963623,9.364799499511719,12.375571250915527,10.617722511291504,-0.013798828236758709,-0.006132812704890966,0.0015332031762227416,-0.044462889432907104,0.0,-0.014846368692815304,-0.032232630997896194,-0.013675726018846035,-0.006404347252100706,0.0,0.3463022708892822,0.31241077184677124,-9.188953399658203,-0.054927363991737366,0.029019758105278015,-8.408324241638184,0.0,0.0,0.0,0.0,0.0,0.0,0.0,0.0,0.0,0.0,0.0,0.0,-0.016567369922995567,-0.028798483312129974,-0.009713757783174515,-0.010621790774166584,0.30992379784584045,0.22852280735969543,0.2879978120326996,0.2535015046596527,2.1817469596862793,-0.04930005595088005,0.2513278126716614,0.0,0.0,0.0,0.0,0.0,0.0,0.0
44417130249,0,-0.03634532913565636,-0.02511274814605713,-0.847822368144989,6.569455581484362e-05,-0.04113857448101044,-0.8442511558532715,0.13218384981155396,-0.11485360562801361,-0.016424154862761497,0.06760511547327042,-0.02971699833869934,0.00376737117767334,-0.02587858960032463,-0.0005997783155180514,0.35125604271888733,0.0,0.0,-0.0047828578390181065,0.1739225834608078,-0.018877318128943443,-0.17934046685695648,0.17172609269618988,0.02110435999929905,-0.4225597381591797,-0.4127824306488037,0.11824356019496918,-46.5275993347168,-0.08905479311943054,0.4025494456291199,-0.06770952045917511,-0.17375843226909637,0.06369542330503464,-0.3606007397174835,0.052493974566459656,13.798455238342285,9.19438362121582,12.852280616760254,10.703100204467773,-0.015332031063735485,-0.009199218824505806,0.0,-0.039863280951976776,0.0,-0.021236080676317215,-0.040972765535116196,-0.006592857651412487,-0.00010481510980753228,0.0,0.31823498010635376,0.04649588465690613,-9.587297439575195,-0.07285316288471222,0.028648391366004944,-8.438857078552246,0.0,0.0,0.0,0.0,0.0,0.0,0.0,0.0,0.0,0.0,0.0,0.0,-0.016519445925951004,-0.031341638416051865,-0.010537189431488514,-0.008024564944207668,0.3154723346233368,0.2250993251800537,0.29724618792533875,0.2551915943622589,2.1817469596862793,-0.04930005595088005,0.2513278126716614,0.0,0.0,0.0,0.0,0.0,0.0,0.0
44426707980,0,-0.03243846818804741,-0.02690904028713703,-0.8481183052062988,6.569455581484362e-05,-0.04113857448101044,-0.8442511558532715,0.1300411969423294,-0.11669833213090897,-0.017547737807035446,0.06500865519046783,-0.028459209948778152,0.0038671493530273438,-0.02060062065720558,-0.0014582695439457893,0.3468533456325531,0.0,0.0,-0.0047828578390181065,0.1739225834608078,-0.018877318128943443,-0.17934046685695648,0.17172609269618988,0.02110435999929905,-0.4225597381591797,-0.3454929292201996,0.23814690113067627,-46.13082504272461,-0.08905479311943054,0.4025494456291199,-0.06770952045917511,-0.17375843226909637,0.06369542330503464,-0.3606007397174835,0.052493974566459656,13.448795318603516,9.306795120239258,12.549962043762207,10.841400146484375,-0.015332031063735485,-0.013798828236758709,-0.0015332031762227416,-0.03526367247104645,0.0,-0.016866283491253853,-0.0424780547618866,-0.012025450356304646,0.001612332882359624,0.0,0.31823498010635376,0.04649588465690613,-9.587297439575195,-0.06281689554452896,0.04329943656921387,-8.387422561645508,0.0,0.0,0.0,0.0,0.0,0.0,0.0,0.0,0.0,0.0,0.0,0.0,-0.016869867220520973,-0.03403583914041519,-0.010791687294840813,-0.005497202277183533,0.3154723346233368,0.2250993251800537,0.29724618792533875,0.2551915943622589,2.1817469596862793,-0.04930005595088005,0.2513278126716614,0.0,0.0,0.0,0.0,0.0,0.0,0.0
44437814844,0,-0.03243846818804741,-0.02690904028713703,-0.8481183052062988,6.569455581484362e-05,-0.04113857448101044,-0.8442511558532715,0.1300411969423294,-0.11669833213090897,-0.017547737807035446,0.06500865519046783,-0.028459209948778152,0.0038671493530273438,-0.02060062065720558,-0.0014582695439457893,0.3468533456325531,0.0,0.0,-0.0047828578390181065,0.17772842943668365,-0.0033288155682384968,-0.18329383432865143,0.1551121026277542,0.02261481247842312,-0.42048946022987366,-0.44873833656311035,0.3059524595737457,-46.048866271972656,-0.10154417157173157,0.39829733967781067,-0.0586407333612442,-0.17568354308605194,0.06238912045955658,-0.3616465926170349,0.051374614238739014,12.922361373901367,9.724796295166016,12.141597747802734,11.272551536560059,-0.015332031063735485,-0.016865234822034836,0.0,-0.029130859300494194,0.0,-0.018685197457671165,-0.047091275453567505,-0.01157023012638092,0.006729938555508852,0.0,0.40113699436187744,0.20024621486663818,-9.547172546386719,-0.06281689554452896,0.04329943656921387,-8.387422561645508,0.0,0.0,0.0,0.0,0.0,0.0,0.0,0.0,0.0,0.0,0.0,0.0,-0.017327046021819115,-0.03706207126379013,-0.010872900485992432,-0.0027854428626596928,0.30875685811042786,0.22735831141471863,0.2913861870765686,0.25792598724365234,0.2275243103504181,0.5932495594024658,-0.1474985033273697,0.0,0.0,0.0,0.0,0.0,0.0,0.0
44447028734,0,-0.029798829928040504,-0.028114259243011475,-0.8483238816261292,6.569455581484362e-05,-0.04113857448101044,-0.8442511558532715,0.1352892369031906,-0.11705348640680313,-0.019428757950663567,0.05972934514284134,-0.02604876086115837,0.004072725772857666,-0.01780025102198124,-0.0012069933582097292,0.3433554172515869,0.0,0.0,-0.0047828578390181065,0.17772842943668365,-0.0033288155682384968,-0.18329383432865143,0.1290336549282074,0.019770901650190353,-0.4164883494377136,-0.44873833656311035,0.3059524595737457,-46.048866271972656,-0.12342569977045059,0.3800717294216156,-0.04076699912548065,-0.1791706532239914,0.06025499850511551,-0.3633258044719696,0.049687325954437256,12.922361373901367,9.724796295166016,12.141597747802734,11.272551536560059,-0.013798828236758709,-0.019931640475988388,0.0,-0.026064453646540642,0.0,-0.018978562206029892,-0.0474814735352993,-0.011882430873811245,0.006393690127879381,0.0,-0.3107907176017761,0.035916995257139206,-9.955411911010742,-0.08158878982067108,0.055627718567848206,-8.37252140045166,0.0,0.0,0.0,0.0,0.0,0.0,0.0,0.0,0.0,0.0,0.0,0.0,-0.017732132226228714,-0.04020625725388527,-0.011076920665800571,5.248424713499844e-05,0.2986021637916565,0.23573409020900726,0.28344205021858215,0.2664252519607544,0.2275243103504181,0.5932495594024658,-0.1474985033273697,0.0,0.0,0.0,0.0,0.0,0.0,0.0
44457361114,0,-0.027211682870984077,-0.02929622307419777,-0.8485849499702454,6.569455581484362e-05,-0.04113857448101044,-0.8442511558532715,0.13431844115257263,-0.11092707514762878,-0.01759215071797371,0.054555024951696396,-0.023684822022914886,0.004333794116973877,-0.013096962124109268,-0.0012382065178826451,0.34012874960899353,0.0,0.0,-0.0047828578390181065,0.18203973770141602,0.008801772259175777,-0.1825893223285675,0.1290336549282074,0.019770901650190353,-0.4164883494377136,-0.5322802066802979,0.27598124742507935,-46.07770538330078,-0.12342569977045059,0.3800717294216156,-0.04076699912548065,-0.1791706532239914,0.06025499850511551,-0.3633258044719696,0.049687325954437256,12.849555015563965,9.754878997802734,12.174019813537598,11.308727264404297,-0.012265625409781933,-0.024531250819563866,0.0,-0.024531250819563866,0.0,-0.022210070863366127,-0.049278806895017624,-0.00855400413274765,0.008048099465668201,0.0,-0.3107907176017761,0.035916995257139206,-9.955411911010742,-0.09282869100570679,0.051550254225730896,-8.388318061828613,0.0,0.0,0.0,0.0,0.0,0.0,0.0,0.0,0.0,0.0,0.0,0.0,-0.018296901136636734,-0.04315999150276184,-0.011157949455082417,0.0027101689483970404,0.2986021637916565,0.23573409020900726,0.28344205021858215,0.2664252519607544,0.21586641669273376,0.9260745644569397,0.004080674145370722,0.0,0.0,0.0,0.0,0.0,0.0,0.0
44466989013,0,-0.027211682870984077,-0.02929622307419777,-0.8485849499702454,6.569455581484362e-05,-0.04113857448101044,-0.8442511558532715,0.13431844115257263,-0.11092707514762878,-0.01759215071797371,0.054555024951696396,-0.023684822022914886,0.004333794116973877,-0.013096962124109268,-0.0012382065178826451,0.34012874960899353,0.0,0.0,-0.0047828578390181065,0.19443672895431519,0.01644723303616047,-0.18036144971847534,0.10319402813911438,0.016997138038277626,-0.41354700922966003,-0.5322802066802979,0.27598124742507935,-46.07770538330078,-0.14228259027004242,0.3625156879425049,-0.039664119482040405,-0.18099191784858704,0.0593147911131382,-0.3639993667602539,0.04903927445411682,12.590198516845703,9.88780403137207,12.087963104248047,11.574776649475098,-0.013798828236758709,-0.029130859300494194,-0.0015332031762227416,-0.02299804612994194,0.0,-0.022824956104159355,-0.0488162562251091,-0.008778674528002739,0.007692073937505484,0.0,-0.2877941429615021,0.40177640318870544,-9.93732738494873,-0.09282869100570679,0.051550254225730896,-8.388318061828613,0.0,0.0,0.0,0.0,0.0,0.0,0.0,0.0,0.0,0.0,0.0,0.0,-0.019176039844751358,-0.04563751071691513,-0.0108812116086483,0.004909499082714319,0.2971935272216797,0.23633544147014618,0.2840740382671356,0.2671365737915039,0.6324570178985596,0.9412460327148438,0.1520528942346573,0.0,0.0,0.0,0.0,0.0,0.0,0.0
44477072688,0,-0.027211682870984077,-0.02929622307419777,-0.8485849499702454,6.569455581484362e-05,-0.04113857448101044,-0.8442511558532715,0.13431844115257263,-0.11092707514762878,-0.01759215071797371,0.054555024951696396,-0.023684822022914886,0.004333794116973877,-0.013096962124109268,-0.0012382065178826451,0.34012874960899353,0.0,0.0,-0.0047828578390181065,0.19443672895431519,0.01644723303616047,-0.18036144971847534,0.07871294021606445,0.012222906574606895,-0.40943843126296997,-0.5148918628692627,0.317536324262619,-46.132911682128906,-0.19250424206256866,0.35491982102394104,-0.03220422565937042,-0.18426872789859772,0.058301374316215515,-0.3648661971092224,0.048432543873786926,12.590198516845703,9.88780403137207,12.087963104248047,11.574776649475098,-0.015332031063735485,-0.032197266817092896,-0.0015332031762227416,-0.019931640475988388,0.0,-0.0214522797614336,-0.05004209280014038,-0.010797420516610146,0.008122550323605537,0.0,0.16013310849666595,0.2808942198753357,-10.206634521484375,-0.09282869100570679,0.051550254225730896,-8.388318061828613,0.0,0.0,0.0,0.0,0.0,0.0,0.0,0.0,0.0,0.0,0.0,0.0,-0.02019004337489605,-0.04752044007182121,-0.010439897887408733,0.006540899630635977,0.2921670377254486,0.23899009823799133,0.28239619731903076,0.27236053347587585,0.6324570178985596,0.9412460327148438,0.1520528942346573,0.0,0.0,0.0,0.0,0.0,0.0,0.0
44487224462,0,-0.02464871108531952,-0.03066566400229931,-0.8489052653312683,6.569455581484362e-05,-0.04113857448101044,-0.8442511558532715,0.13026286661624908,-0.10895650833845139,-0.021276982501149178,0.04942905530333519,-0.020945925265550613,0.004654109477996826,-0.00998286809772253,-0.0008582270238548517,0.33668985962867737,0.0,0.0,-0.0047828578390181065,0.22157667577266693,0.027963383123278618,-0.1864347755908966,0.07871294021606445,0.012222906574606895,-0.40943843126296997,-0.5148918628692627,0.317536324262619,-46.132911682128906,-0.19250424206256866,0.35491982102394104,-0.03220422565937042,-0.18426872789859772,0.058301374316215515,-0.3648661971092224,0.048432543873786926,12.590198516845703,9.88780403137207,12.087963104248047,11.574776649475098,-0.016865234822034836,-0.03526367247104645,-0.0015332031762227416,-0.016865234822034836,0.0,-0.0214522797614336,-0.05004209280014038,-0.010797420516610146,0.008122550323605537,0.0,0.16013310849666595,0.2808942198753357,-10.206634521484375,-0.0951836034655571,0.053653016686439514,-8.358599662780762,0.0,0.0,0.0,0.0,0.0,0.0,0.0,0.0,0.0,0.0,0.0,0.0,-0.020984983071684837,-0.0488552525639534,-0.010195698589086533,0.007615241687744856,0.2921670377254486,0.23899009823799133,0.28239619731903076,0.27236053347587585,0.8681637048721313,0.6105594038963318,-0.15445850789546967,0.0,0.0,0.0,0.0,0.0,0.0,0.0
44497484176,0,-0.02464871108531952,-0.03066566400229931,-0.8489052653312683,6.569455581484362e-05,-0.04113857448101044,-0.8442511558532715,0.13026286661624908,-0.10895650833845139,-0.021276982501149178,0.044428225606679916,-0.01795518398284912,0.005010843276977539,-0.00998286809772253,-0.0008582270238548517,0.33668985962867737,0.0,0.0,-0.0047828578390181065,0.22157667577266693,0.027963383123278618,-0.1864347755908966,0.04892019182443619,0.0015067135682329535,-0.4056607484817505,-0.5650017261505127,0.2931414246559143,-45.71724319458008,-0.22613371908664703,0.3236614763736725,-0.02557261288166046,-0.18740059435367584,0.05818496271967888,-0.36545446515083313,0.048323825001716614,12.22186279296875,9.945682525634766,11.916289329528809,11.640789031982422,-0.016865234822034836,-0.036796875298023224,-0.0015332031762227416,-0.013798828236758709,0.0,-0.02453337237238884,-0.05100863054394722,-0.009028026834130287,0.00856508407741785,0.0,0.2763455808162689,-0.23204948008060455,-10.291923522949219,-0.12160331755876541,0.06676831841468811,-8.275196075439453,0.0,0.0,0.0,0.0,0.0,0.0,0.0,0.0,0.0,0.0,0.0,0.0,-0.02160431072115898,-0.049775321036577225,-0.010105007328093052,0.008257643319666386,0.28500595688819885,0.2401450127363205,0.27904489636421204,0.2736543118953705,0.8681637048721313,0.6105594038963318,-0.15445850789546967,0.0,0.0,0.0,0.0,0.0,0.0,0.0
44507208147,0,-0.022148307412862778,-0.03216102719306946,-0.849261999130249,6.569455581484362e-05,-0.04113857448101044,-0.8442511558532715,0.13949204981327057,-0.10799373686313629,-0.032573260366916656,0.044428225606679916,-0.01795518398284912,0.005010843276977539,-0.006152219604700804,0.00022694826475344598,0.3335268199443817,0.0,0.0,-0.0047828578390181065,0.22157667577266693,0.027963383123278618,-0.1864347755908966,0.02572697587311268,-0.005295980256050825,-0.40264472365379333,-0.6688182353973389,0.3672257661819458,-45.513580322265625,-0.23673923313617706,0.31125062704086304,-0.022331446409225464,-0.189022496342659,0.05818496271967888,-0.36545446515083313,0.048323825001716614,12.05605697631836,9.978466987609863,11.818490982055664,11.669075965881348,-0.015332031063735485,-0.04139648377895355,-0.0015332031762227416,-0.013798828236758709,0.0,-0.025889314711093903,-0.05733038857579231,-0.008362432941794395,0.013783675618469715,0.0,-0.020465020090341568,0.5201305747032166,-10.01681137084961,-0.12160331755876541,0.06676831841468811,-8.275196075439453,0.0,0.0,0.0,0.0,0.0,0.0,0.0,0.0,0.0,0.0,0.0,0.0,-0.022369809448719025,-0.05070244520902634,-0.009912592358887196,0.0088506443426013,0.28500595688819885,0.2401450127363205,0.27904489636421204,0.2736543118953705,0.8681637048721313,0.6105594038963318,-0.15445850789546967,0.0,0.0,0.0,0.0,0.0,0.0,0.0
44517184600,0,-0.020868703722953796,-0.0328858382999897,-0.849456250667572,6.569455581484362e-05,-0.04113857448101044,-0.8442511558532715,0.13687439262866974,-0.11012547463178635,-0.034302983433008194,0.04186900332570076,-0.01650555431842804,0.005205094814300537,-0.003969891928136349,0.00043981336057186127,0.33176562190055847,0.0,0.0,-0.0047828578390181065,0.21605320274829865,0.0436367392539978,-0.19428203999996185,0.02572697587311268,-0.005295980256050825,-0.40264472365379333,-0.6688182353973389,0.3672257661819458,-45.513580322265625,-0.23673923313617706,0.31125062704086304,-0.022331446409225464,-0.189022496342659,0.05835869535803795,-0.36549603939056396,0.048464640974998474,12.05605697631836,9.978466987609863,11.818490982055664,11.669075965881348,-0.015332031063735485,-0.044462889432907104,-0.0015332031762227416,-0.012265625409781933,0.0,-0.025889314711093903,-0.05733038857579231,-0.008362432941794395,0.013783675618469715,0.0,-0.020465020090341568,0.5201305747032166,-10.01681137084961,-0.1196402832865715,0.07354870438575745,-8.266109466552734,0.0,0.0,0.0,0.0,0.0,0.0,0.0,0.0,0.0,0.0,0.0,0.0,-0.02333318255841732,-0.05208981782197952,-0.009562619030475616,0.009811824187636375,0.28177374601364136,0.24079878628253937,0.27713313698768616,0.27420857548713684,0.16542650759220123,0.24645139276981354,-0.3642932176589966,0.0,0.0,0.0,0.0,0.0,0.0,0.0
44527025617,0,-0.020868703722953796,-0.0328858382999897,-0.849456250667572,6.569455581484362e-05,-0.04113857448101044,-0.8442511558532715,0.13687439262866974,-0.11012547463178635,-0.034302983433008194,0.04186900332570076,-0.01650555431842804,0.005205094814300537,-0.003969891928136349,0.00043981336057186127,0.33176562190055847,0.0,0.0,-0.0047828578390181065,0.21605320274829865,0.0436367392539978,-0.19428203999996185,-0.007648864760994911,-0.010150190442800522,-0.39879924058914185,-0.6297134160995483,0.38766270875930786,-45.95606231689453,-0.2853262722492218,0.31496334075927734,-0.01443779468536377,-0.19190725684165955,0.059135884046554565,-0.3652975559234619,0.04898896813392639,11.904375076293945,10.204522132873535,11.797246932983398,12.059676170349121,-0.016865234822034836,-0.04752929508686066,-0.0015332031762227416,-0.010732421651482582,0.0,-0.024713821709156036,-0.05571899935603142,-0.010427786037325859,0.012529846280813217,0.0,0.2466171681880951,-0.07492046803236008,-10.023896217346191,-0.1196402832865715,0.07354870438575745,-8.266109466552734,0.0,0.0,0.0,0.0,0.0,0.0,0.0,0.0,0.0,0.0,0.0,0.0,-0.024224432185292244,-0.053664837032556534,-0.009264309890568256,0.010959616862237453,0.27881211042404175,0.24530057609081268,0.2767177224159241,0.2818443775177002,0.16542650759220123,0.24645139276981354,-0.3642932176589966,0.0,0.0,0.0,0.0,0.0,0.0,0.0
44537212254,0,-0.018315574154257774,-0.034269168972969055,-0.8498650789260864,6.569455581484362e-05,-0.04113857448101044,-0.8442511558532715,0.12833233177661896,-0.10686725378036499,-0.023395419120788574,0.03676271811127663,-0.013738879933953285,0.005613923072814941,0.0001827535597840324,0.0009709883015602827,0.3279224634170532,0.0,0.0,-0.0047828578390181065,0.20402097702026367,0.039273835718631744,-0.18881066143512726,-0.007648864760994911,-0.010150190442800522,-0.39879924058914185,-0.6297134160995483,0.38766270875930786,-45.95606231689453,-0.2853262722492218,0.31496334075927734,-0.01443779468536377,-0.19190725684165955,0.059135884046554565,-0.3652975559234619,0.04898896813392639,11.904375076293945,10.204522132873535,11.797246932983398,12.059676170349121,-0.016865234822034836,-0.04752929508686066,-0.0015332031762227416,-0.0076660155318677425,0.0,-0.024713821709156036,-0.05571899935603142,-0.010427786037325859,0.012529846280813217,0.0,0.2466171681880951,-0.07492046803236008,-10.023896217346191,-0.11449334770441055,0.07048413157463074,-8.355648040771484,0.0,0.0,0.0,0.0,0.0,0.0,0.0,0.0,0.0,0.0,0.0,0.0,-0.024807291105389595,-0.054892830550670624,-0.009237012825906277,0.011871707625687122,0.27881211042404175,0.24530057609081268,0.2767177224159241,0.2818443775177002,-0.5193638205528259,0.08540787547826767,0.016475098207592964,0.0,0.0,0.0,0.0,0.0,0.0,0.0
44547345761,0,-0.01459420658648014,-0.03644053265452385,-0.850457489490509,6.569455581484362e-05,-0.04113857448101044,-0.8442511558532715,0.12827681005001068,-0.08684322237968445,-0.023609617725014687,0.029319949448108673,-0.00939613115042448,0.006206333637237549,0.005202459637075663,0.002464047633111477,0.3233075737953186,0.0,0.0,-0.0047828578390181065,0.20402097702026367,0.039273835718631744,-0.18881066143512726,-0.03998599946498871,-0.02225903421640396,-0.39341676235198975,-0.7054383754730225,0.26988205313682556,-46.021728515625,-0.28986480832099915,0.29886311292648315,-0.013876944780349731,-0.19482505321502686,0.06057276204228401,-0.36509251594543457,0.0501512736082077,11.877425193786621,10.253599166870117,11.828675270080566,12.074423789978027,-0.018398437649011612,-0.04752929508686066,-0.0015332031762227416,-0.004599609412252903,0.0,-0.030799316242337227,-0.054309505969285965,-0.004884249065071344,0.011020330712199211,0.0,0.07331247627735138,0.5343827605247498,-9.952581405639648,-0.13981430232524872,0.045502305030822754,-8.348392486572266,0.0,0.0,0.0,0.0,0.0,0.0,0.0,0.0,0.0,0.0,0.0,0.0,-0.025357434526085854,-0.055584199726581573,-0.009187583811581135,0.012372092343866825,0.27881211042404175,0.24530057609081268,0.2767177224159241,0.2818443775177002,-0.5193638205528259,0.08540787547826767,0.016475098207592964,0.0,0.0,0.0,0.0,0.0,0.0,0.0
44557979281,0,-0.01459420658648014,-0.03644053265452385,-0.850457489490509,6.569455581484362e-05,-0.04113857448101044,-0.8442511558532715,0.12827681005001068,-0.08684322237968445,-0.023609617725014687,0.029319949448108673,-0.00939613115042448,0.006206333637237549,0.005202459637075663,0.002464047633111477,0.3233075737953186,0.0,0.0,-0.0047828578390181065,0.20402097702026367,0.039273835718631744,-0.18881066143512726,-0.04135659337043762,-0.02604585327208042,-0.3918856680393219,-0.7689786553382874,0.25026267766952515,-45.916160583496094,-0.27751296758651733,0.2749914824962616,-0.0037460774183273315,-0.19601799547672272,0.06118614226579666,-0.3647870719432831,0.05075877904891968,11.5801420211792,10.536297798156738,11.566596031188965,12.245777130126953,-0.018398437649011612,-0.04752929508686066,-0.0015332031762227416,-0.004599609412252903,0.0,-0.03424261137843132,-0.05445012077689171,-0.002565084956586361,0.01202836912125349,0.0,-0.43541234731674194,-0.02535354159772396,-9.786177635192871,-0.13981430232524872,0.045502305030822754,-8.348392486572266,0.0,0.0,0.0,0.0,0.0,0.0,0.0,0.0,0.0,0.0,0.0,0.0,-0.02651028521358967,-0.05576051399111748,-0.008517937734723091,0.012484890408813953,0.27246561646461487,0.2518882751464844,0.27220016717910767,0.28547203540802,-0.5193638205528259,0.08540787547826767,0.016475098207592964,0.0,0.0,0.0,0.0,0.0,0.0,0.0
44567043178,0,-0.013424464501440525,-0.03725077956914902,-0.8506273031234741,6.569455581484362e-05,-0.04113857448101044,-0.8442511558532715,0.12321564555168152,-0.0883573666214943,-0.02513688988983631,0.026980454102158546,-0.007775628939270973,0.006376147270202637,0.006637886166572571,0.0032207821495831013,0.3215692639350891,0.0,0.0,-0.0047828578390181065,0.14651115238666534,0.057991303503513336,-0.19332751631736755,-0.04135659337043762,-0.02604585327208042,-0.3918856680393219,-0.7689786553382874,0.25026267766952515,-45.916160583496094,-0.27751296758651733,0.2749914824962616,-0.0037460774183273315,-0.19601799547672272,0.06118614226579666,-0.3647870719432831,0.05075877904891968,11.5801420211792,10.536297798156738,11.566596031188965,12.245777130126953,-0.015332031063735485,-0.05059570446610451,0.0,-0.003066406352445483,0.0,-0.03424261137843132,-0.05445012077689171,-0.002565084956586361,0.01202836912125349,0.0,-0.43541234731674194,-0.02535354159772396,-9.786177635192871,-0.1331477016210556,0.04968990385532379,-8.336248397827148,0.0,0.0,0.0,0.0,0.0,0.0,0.0,0.0,0.0,0.0,0.0,0.0,-0.028345253318548203,-0.05559892952442169,-0.007197120692580938,0.012409621849656105,0.27246561646461487,0.2518882751464844,0.27220016717910767,0.28547203540802,-1.9135980606079102,0.24100692570209503,-0.05870207026600838,0.0,0.0,0.0,0.0,0.0,0.0,0.0
44578041268,0,-0.01102940458804369,-0.03879028186202049,-0.8509578108787537,6.569455581484362e-05,-0.04113857448101044,-0.8442511558532715,0.11223466694355011,-0.09523028880357742,-0.020620059221982956,0.022190310060977936,-0.004696608521044254,0.006706655025482178,0.00826969463378191,0.0040144226513803005,0.31819233298301697,0.0,0.0,-0.0047828578390181065,0.14651115238666534,0.057991303503513336,-0.19332751631736755,-0.06354646384716034,-0.036091938614845276,-0.387276828289032,-0.6977078914642334,0.2937665283679962,-45.848472595214844,-0.24966798722743988,0.272955983877182,-0.004079848527908325,-0.1986551135778427,0.06118614226579666,-0.3647870719432831,0.05075877904891968,11.613777160644531,10.55616283416748,11.516111373901367,12.176374435424805,-0.015332031063735485,-0.052128907293081284,-0.0015332031762227416,-0.003066406352445483,0.0,-0.030894460156559944,-0.053688134998083115,-0.006348943337798119,0.01105522084981203,0.0,-0.3664686381816864,-0.08503833413124084,-9.490483283996582,-0.11600576341152191,0.0645056664943695,-8.370710372924805,0.0,0.0,0.0,0.0,0.0,0.0,0.0,0.0,0.0,0.0,0.0,0.0,-0.030181482434272766,-0.05527232214808464,-0.005867346189916134,0.01225735992193222,0.27246561646461487,0.2518882751464844,0.27220016717910767,0.28547203540802,-1.9135980606079102,0.24100692570209503,-0.05870207026600838,0.0,0.0,0.0,0.0,0.0,0.0,0.0
44587013486,0,-0.01102940458804369,-0.03879028186202049,-0.8509578108787537,6.569455581484362e-05,-0.04113857448101044,-0.8442511558532715,0.11223466694355011,-0.09523028880357742,-0.020620059221982956,0.022190310060977936,-0.004696608521044254,0.006706655025482178,0.00826969463378191,0.0040144226513803005,0.31819233298301697,0.0,0.0,-0.0047828578390181065,0.13320203125476837,0.05062663182616234,-0.18964648246765137,-0.06994764506816864,-0.04017161577939987,-0.3850941061973572,-0.6380317211151123,0.3547811508178711,-46.03890609741211,-0.23974163830280304,0.27223649621009827,-0.003280326724052429,-0.19972574710845947,0.06227235868573189,-0.3636360764503479,0.05241835117340088,11.657149314880371,10.638962745666504,11.528372764587402,12.228665351867676,-0.015332031063735485,-0.055195312947034836,-0.003066406352445483,-0.0015332031762227416,0.0,-0.027217335999011993,-0.05342400074005127,-0.01014462299644947,0.010951461270451546,0.0,-0.3664686381816864,-0.08503833413124084,-9.490483283996582,-0.11600576341152191,0.0645056664943695,-8.370710372924805,0.0,0.0,0.0,0.0,0.0,0.0,0.0,0.0,0.0,0.0,0.0,0.0,-0.0312009509652853,-0.054842330515384674,-0.005302760284394026,0.012000752612948418,0.27312496304512024,0.25228193402290344,0.27120983600616455,0.2841198146343231,-1.7488234043121338,-0.2171226292848587,0.10768047720193863,0.0,0.0,0.0,0.0,0.0,0.0,0.0
44597433293,0,-0.009811394847929478,-0.03952696919441223,-0.8511228561401367,6.569455581484362e-05,-0.04113857448101044,-0.8442511558532715,0.11435286700725555,-0.094896100461483,-0.014956358820199966,0.019754277542233467,-0.0032232266385108232,0.006871700286865234,0.0091047128662467,0.00447785435244441,0.316374272108078,0.0,0.0,-0.0047828578390181065,0.11565135419368744,0.04949761554598808,-0.1892019361257553,-0.08212215453386307,-0.047932595014572144,-0.38203221559524536,-0.6380317211151123,0.3547811508178711,-46.03890609741211,-0.23974163830280304,0.27223649621009827,-0.003280326724052429,-0.19972574710845947,0.06260082125663757,-0.36315733194351196,0.05332303047180176,11.657149314880371,10.638962745666504,11.528372764587402,12.228665351867676,-0.016865234822034836,-0.05672851577401161,-0.0015332031762227416,-0.0015332031762227416,0.0,-0.027217335999011993,-0.05342400074005127,-0.01014462299644947,0.010951461270451546,0.0,-0.06730932742357254,-0.10131208598613739,-9.428970336914062,-0.12439935654401779,0.06934396922588348,-8.41273307800293,0.0,0.0,0.0,0.0,0.0,0.0,0.0,0.0,0.0,0.0,0.0,0.0,-0.03113688714802265,-0.05438131466507912,-0.005743443034589291,0.01168571412563324,0.2739748954772949,0.2539220452308655,0.2714504301548004,0.2851385772228241,-1.7183024883270264,-0.1717427372932434,0.05018782615661621,0.0,0.0,0.0,0.0,0.0,0.0,0.0
44606963690,0,-0.007473478093743324,-0.04085163772106171,-0.8514077067375183,6.569455581484362e-05,-0.04113857448101044,-0.8442511558532715,0.11751354485750198,-0.0872654840350151,-0.012748150154948235,0.015078420750796795,-0.0005738763720728457,0.007156550884246826,0.010786592960357666,0.00551811745390296,0.31279146671295166,0.0,0.0,-0.0047828578390181065,0.11565135419368744,0.04949761554598808,-0.1892019361257553,-0.08281660825014114,-0.05475721135735512,-0.37977638840675354,-0.7383780479431152,0.3608347773551941,-46.386470794677734,-0.2144564539194107,0.24669671058654785,0.008111506700515747,-0.2020922750234604,0.06311500072479248,-0.3617764115333557,0.05567800998687744,11.459193229675293,11.089741706848145,11.329737663269043,12.523262977600098,-0.018398437649011612,-0.05826171860098839,-0.0015332031762227416,0.0,0.0,-0.030822686851024628,-0.05487966537475586,-0.007606939412653446,0.013492499478161335,0.0,-0.3360382616519928,-0.06946087628602982,-9.58658504486084,-0.14335878193378448,0.06447730958461761,-8.422270774841309,0.0,0.0,0.0,0.0,0.0,0.0,0.0,0.0,0.0,0.0,0.0,0.0,-0.03054843656718731,-0.05404507741332054,-0.006655245553702116,0.011512506753206253,0.2739748954772949,0.2539220452308655,0.2714504301548004,0.2851385772228241,-1.7183024883270264,-0.1717427372932434,0.05018782615661621,0.0,0.0,0.0,0.0,0.0,0.0,0.0
44620442327,0,-0.007473478093743324,-0.04085163772106171,-0.8514077067375183,6.569455581484362e-05,-0.04113857448101044,-0.8442511558532715,0.11751354485750198,-0.0872654840350151,-0.012748150154948235,0.015078420750796795,-0.0005738763720728457,0.007156550884246826,0.010786592960357666,0.00551811745390296,0.31279146671295166,0.0,0.0,-0.0047828578390181065,0.0595005601644516,0.057402461767196655,-0.19871000945568085,-0.08281660825014114,-0.05475721135735512,-0.37977638840675354,-0.7383780479431152,0.3608347773551941,-46.386470794677734,-0.2144564539194107,0.24669671058654785,0.008111506700515747,-0.2020922750234604,0.06311500072479248,-0.3617764115333557,0.05567800998687744,11.459193229675293,11.089741706848145,11.329737663269043,12.523262977600098,-0.018398437649011612,-0.05672851577401161,-0.0015332031762227416,0.0,0.0,-0.030822686851024628,-0.05487966537475586,-0.007606939412653446,0.013492499478161335,0.0,-0.3360382616519928,-0.06946087628602982,-9.58658504486084,-0.14335878193378448,0.06447730958461761,-8.422270774841309,0.0,0.0,0.0,0.0,0.0,0.0,0.0,0.0,0.0,0.0,0.0,0.0,-0.030143313109874725,-0.05396655574440956,-0.007396363187581301,0.011675461195409298,0.2700928747653961,0.2628262937068939,0.2675497829914093,0.29086771607398987,-1.8261137008666992,-0.06336922198534012,-0.2459823489189148,0.0,0.0,0.0,0.0,0.0,0.0,0.0
44627339822,0,-0.007473478093743324,-0.04085163772106171,-0.8514077067375183,6.569455581484362e-05,-0.04113857448101044,-0.8442511558532715,0.11751354485750198,-0.0872654840350151,-0.012748150154948235,0.015078420750796795,-0.0005738763720728457,0.007156550884246826,0.010786592960357666,0.00551811745390296,0.31279146671295166,0.0,0.0,-0.0047828578390181065,0.0595005601644516,0.057402461767196655,-0.19871000945568085,-0.08660516142845154,-0.05915483832359314,-0.37564507126808167,-0.8030894994735718,0.27806442975997925,-46.202880859375,-0.17661985754966736,0.24649572372436523,0.012914314866065979,-0.2041136622428894,0.06306911259889603,-0.360085129737854,0.057909175753593445,11.351825714111328,11.224284172058105,11.105111122131348,12.53982925415039,-0.018398437649011612,-0.05672851577401161,-0.0015332031762227416,0.0,0.0,-0.035903893411159515,-0.05384756252169609,-0.003263211576268077,0.01279023289680481,0.0,-0.2887575030326843,-0.10646910220384598,-9.591206550598145,-0.14335878193378448,0.06447730958461761,-8.422270774841309,0.0,0.0,0.0,0.0,0.0,0.0,0.0,0.0,0.0,0.0,0.0,0.0,-0.0303038377314806,-0.0540488138794899,-0.007599326781928539,0.0120585011318326,0.2679838538169861,0.2654756009578705,0.2631290853023529,0.29118937253952026,-1.8261137008666992,-0.06336922198534012,-0.2459823489189148,0.0,0.0,0.0,0.0,0.0,0.0,0.0
44637174232,0,-0.005342611577361822,-0.04226166009902954,-0.8516608476638794,6.569455581484362e-05,-0.04113857448101044,-0.8442511558532715,0.1119474321603775,-0.07767883688211441,-0.014805060811340809,0.010816666297614574,0.0022461824119091034,0.00740969181060791,0.011650102213025093,0.00648709200322628,0.3091648817062378,0.0,0.0,-0.0047828578390181065,0.03988654911518097,0.04179949685931206,-0.19561658799648285,-0.08854500204324722,-0.05924350023269653,-0.37439143657684326,-0.8030894994735718,0.27806442975997925,-46.202880859375,-0.16718092560768127,0.2709032893180847,0.008523404598236084,-0.20498783886432648,0.06287252902984619,-0.3594006299972534,0.059055209159851074,11.515080451965332,11.091408729553223,11.16195297241211,12.454167366027832,-0.018398437649011612,-0.05672851577401161,-0.0015332031762227416,0.0,0.0,-0.03547721356153488,-0.05457909032702446,-0.003331725252792239,0.01280190423130989,0.0,0.14763577282428741,-0.012965754605829716,-9.648130416870117,-0.14601626992225647,0.05055716633796692,-8.400524139404297,0.0,0.0,0.0,0.0,0.0,0.0,0.0,0.0,0.0,0.0,0.0,0.0,-0.03116205707192421,-0.054133493453264236,-0.007102560717612505,0.012414844706654549,0.2711896300315857,0.26285892724990845,0.26424869894981384,0.28952550888061523,-1.7897473573684692,-0.834065318107605,0.01804634928703308,0.0,0.0,0.0,0.0,0.0,0.0,0.0
44647835991,0,-0.004252876620739698,-0.043003518134355545,-0.8517830967903137,6.569455581484362e-05,-0.04113857448101044,-0.8442511558532715,0.11135920882225037,-0.07498474419116974,-0.01632150635123253,0.008637185208499432,0.0037299059331417084,0.007531940937042236,0.011581283994019032,0.00674238707870245,0.3074588179588318,0.0,0.0,-0.0047828578390181065,0.02792486548423767,0.017361372709274292,-0.18974930047988892,-0.08854500204324722,-0.05924350023269653,-0.37439143657684326,-0.8030894994735718,0.27806442975997925,-46.202880859375,-0.16718092560768127,0.2709032893180847,0.008523404598236084,-0.20498783886432648,0.06287252902984619,-0.3594006299972534,0.059055209159851074,11.515080451965332,11.091408729553223,11.16195297241211,12.454167366027832,-0.018398437649011612,-0.05826171860098839,-0.0015332031762227416,0.0,0.0,-0.03547721356153488,-0.05457909032702446,-0.003331725252792239,0.01280190423130989,0.0,0.14763577282428741,-0.012965754605829716,-9.648130416870117,-0.15024664998054504,0.049097269773483276,-8.38707160949707,0.0,0.0,0.0,0.0,0.0,0.0,0.0,0.0,0.0,0.0,0.0,0.0,-0.032400086522102356,-0.05422361567616463,-0.006159262731671333,0.012660983018577099,0.2711896300315857,0.26285892724990845,0.26424869894981384,0.28952550888061523,-0.8416231870651245,-1.0515124797821045,0.20948027074337006,0.0,0.0,0.0,0.0,0.0,0.0,0.0
44657206229,0,-0.001043408177793026,-0.045194514095783234,-0.8521214127540588,6.569455581484362e-05,-0.04113857448101044,-0.8442511558532715,0.10052285343408585,-0.06902336329221725,-0.013494945131242275,0.00221821665763855,0.008111920207738876,0.007870256900787354,0.012139584869146347,0.007286381907761097,0.3028605580329895,0.0,0.0,-0.0047828578390181065,0.02792486548423767,0.017361372709274292,-0.18974930047988892,-0.09276328980922699,-0.06375154852867126,-0.36887699365615845,-0.8071550130844116,0.21279680728912354,-46.21551513671875,-0.1723332703113556,0.28633978962898254,0.002192169427871704,-0.2068994790315628,0.06287252902984619,-0.3594006299972534,0.059055209159851074,11.6931791305542,10.903608322143555,11.306849479675293,12.33116626739502,-0.018398437649011612,-0.05826171860098839,-0.0015332031762227416,0.0015332031762227416,0.0,-0.03721216693520546,-0.05372349172830582,-0.0013048223918303847,0.011006204411387444,0.0,0.14763577282428741,-0.012965754605829716,-9.648130416870117,-0.14391516149044037,0.04300214350223541,-8.404916763305664,0.0,0.0,0.0,0.0,0.0,0.0,0.0,0.0,0.0,0.0,0.0,0.0,-0.03365681692957878,-0.05429406091570854,-0.005080074537545443,0.012725201435387135,0.2711896300315857,0.26285892724990845,0.26424869894981384,0.28952550888061523,-0.8416231870651245,-1.0515124797821045,0.20948027074337006,0.0,0.0,0.0,0.0,0.0,0.0,0.0
44667008133,0,-0.001043408177793026,-0.045194514095783234,-0.8521214127540588,6.569455581484362e-05,-0.04113857448101044,-0.8442511558532715,0.10052285343408585,-0.06902336329221725,-0.013494945131242275,0.00221821665763855,0.008111920207738876,0.007870256900787354,0.012139584869146347,0.007286381907761097,0.3028605580329895,0.0,0.0,-0.0047828578390181065,0.02792486548423767,0.017361372709274292,-0.18974930047988892,-0.09276328980922699,-0.06375154852867126,-0.36887699365615845,-0.7432019114494324,0.23471808433532715,-46.16897201538086,-0.17007336020469666,0.26884737610816956,-0.0012854784727096558,-0.20853669941425323,0.062422387301921844,-0.35826677083969116,0.06212770938873291,11.745017051696777,10.835352897644043,11.405632019042969,12.202157974243164,-0.019931640475988388,-0.05826171860098839,-0.004599609412252903,0.0015332031762227416,0.0,-0.03461277857422829,-0.05285327136516571,-0.004111500922590494,0.00975880492478609,0.0,-0.36815890669822693,-0.0865427777171135,-9.833332061767578,-0.14391516149044037,0.04300214350223541,-8.404916763305664,0.0,0.0,0.0,0.0,0.0,0.0,0.0,0.0,0.0,0.0,0.0,0.0,-0.034731000661849976,-0.054222747683525085,-0.004075661301612854,0.012464876286685467,0.27468064427375793,0.25915467739105225,0.2670997083187103,0.2871339023113251,-0.8416231870651245,-1.0515124797821045,0.20948027074337006,0.0,0.0,0.0,0.0,0.0,0.0,0.0
44676984640,0,0.0010080779902637005,-0.04686010256409645,-0.8523354530334473,6.569455581484362e-05,-0.04113857448101044,-0.8442511558532715,0.09072310477495193,-0.07134189456701279,-0.012719281017780304,-0.0018847762839868665,0.011443113908171654,0.008084297180175781,0.0125656109303236,0.0075992681086063385,0.29966557025909424,0.0,0.0,-0.0047828578390181065,0.02792486548423767,0.017361372709274292,-0.18974930047988892,-0.09603301435709,-0.06638116389513016,-0.36504530906677246,-0.7432019114494324,0.23471808433532715,-46.16897201538086,-0.17007336020469666,0.26884737610816956,-0.0012854784727096558,-0.20853669941425323,0.06219378858804703,-0.35707005858421326,0.06555196642875671,11.745017051696777,10.835352897644043,11.405632019042969,12.202157974243164,-0.019931640475988388,-0.05826171860098839,-0.004599609412252903,0.003066406352445483,0.0,-0.03461277857422829,-0.05285327136516571,-0.004111500922590494,0.00975880492478609,0.0,-0.39063945412635803,0.00630434462800622,-9.650432586669922,-0.130473330616951,0.05017247796058655,-8.408329963684082,0.0,0.0,0.0,0.0,0.0,0.0,0.0,0.0,0.0,0.0,0.0,0.0,-0.03535739332437515,-0.053975120186805725,-0.0034588146954774857,0.011895044706761837,0.2756956219673157,0.2578064799308777,0.2690410315990448,0.28462231159210205,-0.8416231870651245,-1.0515124797821045,0.20948027074337006,0.0,0.0,0.0,0.0,0.0,0.0,0.0
44687028150,0,0.0010080779902637005,-0.04686010256409645,-0.8523354530334473,6.569455581484362e-05,-0.04113857448101044,-0.8442511558532715,0.09072310477495193,-0.07134189456701279,-0.012719281017780304,-0.003773720469325781,0.0130829568952322,0.008179187774658203,0.0125656109303236,0.0075992681086063385,0.29966557025909424,0.0,0.0,-0.0047828578390181065,0.02792486548423767,0.017361372709274292,-0.18974930047988892,-0.092892587184906,-0.06360825896263123,-0.3626108169555664,-0.717603325843811,0.2759486436843872,-46.24581527709961,-0.14962980151176453,0.2940504848957062,0.010171011090278625,-0.20936867594718933,0.06206253170967102,-0.35643890500068665,0.06742160022258759,11.548599243164062,11.13448429107666,11.067657470703125,12.515813827514648,-0.019931640475988388,-0.059794921427965164,-0.003066406352445483,0.003066406352445483,0.0,-0.033232931047677994,-0.0520104318857193,-0.006453641690313816,0.0098835788667202,0.0,-0.11085117608308792,0.33487841486930847,-9.939401626586914,-0.13511137664318085,0.04882530868053436,-8.396232604980469,0.0,0.0,0.0,0.0,0.0,0.0,0.0,0.0,0.0,0.0,0.0,0.0,-0.03546440228819847,-0.05360744521021843,-0.0033839279785752296,0.011226356029510498,0.2718471586704254,0.2637077569961548,0.2623910903930664,0.2907230854034424,-0.8416231870651245,-1.0515124797821045,0.20948027074337006,0.0,0.0,0.0,0.0,0.0,0.0,0.0
44697049755,0,0.0019525453681126237,-0.047680020332336426,-0.8524303436279297,6.569455581484362e-05,-0.04113857448101044,-0.8442511558532715,0.0906359925866127,-0.06852184236049652,-0.014019564725458622,-0.003773720469325781,0.0130829568952322,0.008179187774658203,0.012147102504968643,0.007280109915882349,0.2976289689540863,0.0,0.0,-0.0047828578390181065,-0.004088482819497585,-0.002733694389462471,-0.1929638534784317,-0.092892587184906,-0.06360825896263123,-0.3626108169555664,-0.717603325843811,0.2759486436843872,-46.24581527709961,-0.14962980151176453,0.2940504848957062,0.010171011090278625,-0.20936867594718933,0.06206253170967102,-0.35643890500068665,0.06742160022258759,11.548599243164062,11.13448429107666,11.067657470703125,12.515813827514648,-0.019931640475988388,-0.05826171860098839,-0.003066406352445483,0.003066406352445483,0.0,-0.033232931047677994,-0.0520104318857193,-0.006453641690313816,0.0098835788667202,0.0,-0.11085117608308792,0.33487841486930847,-9.939401626586914,-0.13511137664318085,0.04882530868053436,-8.396232604980469,0.0,0.0,0.0,0.0,0.0,0.0,0.0,0.0,0.0,0.0,0.0,0.0,-0.03516891598701477,-0.053170811384916306,-0.0038054962642490864,0.01064395159482956,0.2718471586704254,0.2637077569961548,0.2623910903930664,0.2907230854034424,-0.9651012420654297,-1.0855764150619507,-0.43020936846733093,0.0,0.0,0.0,0.0,0.0,0.0,0.0
44706844503,0,0.0019525453681126237,-0.047680020332336426,-0.8524303436279297,6.569455581484362e-05,-0.04113857448101044,-0.8442511558532715,0.0906359925866127,-0.06852184236049652,-0.014019564725458622,-0.003773720469325781,0.0130829568952322,0.008179187774658203,0.012147102504968643,0.007280109915882349,0.2976289689540863,0.0,0.0,-0.0047828578390181065,-0.009092959575355053,-0.008529766462743282,-0.19850382208824158,-0.0891525074839592,-0.06282621622085571,-0.35777199268341064,-0.7345613837242126,0.2435903549194336,-46.20808410644531,-0.13617154955863953,0.3104880452156067,0.019594401121139526,-0.21080225706100464,0.061698220670223236,-0.3557170033454895,0.07065343856811523,11.350142478942871,11.356169700622559,10.776582717895508,12.746936798095703,-0.019931640475988388,-0.05826171860098839,-0.004599609412252903,0.003066406352445483,0.0,-0.035488709807395935,-0.05065156891942024,-0.005154574755579233,0.009154943749308586,0.0,-0.24291715025901794,0.1662827581167221,-10.118651390075684,-0.13511137664318085,0.04882530868053436,-8.396232604980469,0.0,0.0,0.0,0.0,0.0,0.0,0.0,0.0,0.0,0.0,0.0,0.0,-0.034770410507917404,-0.052679263055324554,-0.004441555589437485,0.01018359512090683,0.26795098185539246,0.26806938648223877,0.2566448748111725,0.295206218957901,-0.8285305500030518,-0.8591178059577942,-0.5310283303260803,0.0,0.0,0.0,0.0,0.0,0.0,0.0
44716921292,0,0.004631382878869772,-0.04989495873451233,-0.8527239561080933,6.569455581484362e-05,-0.04113857448101044,-0.8442511558532715,0.08937149494886398,-0.0599241741001606,-0.005303085315972567,-0.009131422266364098,0.017512856051325798,0.008472800254821777,0.011372662149369717,0.00725202914327383,0.29169127345085144,0.0,0.0,-0.0047828578390181065,-0.009092959575355053,-0.008529766462743282,-0.19850382208824158,-0.0891525074839592,-0.06282621622085571,-0.35777199268341064,-0.7345613837242126,0.2435903549194336,-46.20808410644531,-0.13617154955863953,0.3104880452156067,0.019594401121139526,-0.21080225706100464,0.061698220670223236,-0.3557170033454895,0.07065343856811523,11.299551010131836,11.47866439819336,10.739797592163086,12.824352264404297,-0.019931640475988388,-0.05672851577401161,-0.0015332031762227416,0.003066406352445483,0.0,-0.0356476716697216,-0.05011056736111641,-0.005172225181013346,0.00909968838095665,0.0,-0.24291715025901794,0.1662827581167221,-10.118651390075684,-0.1466650813817978,0.04245850443840027,-8.458459854125977,0.0,0.0,0.0,0.0,0.0,0.0,0.0,0.0,0.0,0.0,0.0,0.0,-0.034610237926244736,-0.052101075649261475,-0.004946690518409014,0.009798435494303703,0.26795098185539246,0.26806938648223877,0.2566448748111725,0.295206218957901,-0.8285305500030518,-0.8591178059577942,-0.5310283303260803,0.0,0.0,0.0,0.0,0.0,0.0,0.0
44727381478,0,0.004631382878869772,-0.04989495873451233,-0.8527239561080933,6.569455581484362e-05,-0.04113857448101044,-0.8442511558532715,0.08937149494886398,-0.0599241741001606,-0.005303085315972567,-0.009131422266364098,0.017512856051325798,0.008472800254821777,0.011372662149369717,0.00725202914327383,0.29169127345085144,0.0,0.0,-0.0047828578390181065,-0.016986755654215813,-0.0003474439145065844,-0.20246101915836334,-0.08683551102876663,-0.06291018426418304,-0.35550305247306824,-0.782774031162262,0.2355269193649292,-46.32026672363281,-0.1310984194278717,0.30058181285858154,0.0224645733833313,-0.21151027083396912,0.06149894744157791,-0.3553221523761749,0.0723760575056076,11.299551010131836,11.47866439819336,10.739797592163086,12.824352264404297,-0.021464843302965164,-0.05672851577401161,-0.0015332031762227416,0.003066406352445483,0.0,-0.03747783228754997,-0.05141592398285866,-0.0033912593498826027,0.010146599262952805,0.0,-0.44590944051742554,0.1689310371875763,-9.923507690429688,-0.1466650813817978,0.04245850443840027,-8.458459854125977,0.0,0.0,0.0,0.0,0.0,0.0,0.0,0.0,0.0,0.0,0.0,0.0,-0.03479999303817749,-0.051534585654735565,-0.005153766367584467,0.009530915878713131,0.2669561803340912,0.27047497034072876,0.2559175491333008,0.2967054545879364,-0.48841220140457153,0.16147549450397491,-0.35123199224472046,0.0,0.0,0.0,0.0,0.0,0.0,0.0
44737007984,0,0.004631382878869772,-0.04989495873451233,-0.8527239561080933,6.569455581484362e-05,-0.04113857448101044,-0.8442511558532715,0.08937149494886398,-0.0599241741001606,-0.005303085315972567,-0.012151825241744518,0.020115148276090622,0.008642911911010742,0.011372662149369717,0.00725202914327383,0.29169127345085144,0.0,0.0,-0.0047828578390181065,-0.016986755654215813,-0.0003474439145065844,-0.20246101915836334,-0.09051566570997238,-0.05670353025197983,-0.34911611676216125,-0.7811789512634277,0.20237097144126892,-46.56182861328125,-0.13978394865989685,0.31672364473342896,0.034685418009757996,-0.21278925240039825,0.061341412365436554,-0.35436320304870605,0.07566970586776733,11.124850273132324,11.736894607543945,10.562829971313477,13.159406661987305,-0.02299804612994194,-0.05826171860098839,-0.0015332031762227416,0.004599609412252903,0.0,-0.039195481687784195,-0.04935420677065849,-0.0025232909247279167,0.008848904632031918,0.0,-0.16585585474967957,0.4645335078239441,-9.905150413513184,-0.15262842178344727,0.025649458169937134,-8.452080726623535,0.0,0.0,0.0,0.0,0.0,0.0,0.0,0.0,0.0,0.0,0.0,0.0,-0.035382259637117386,-0.05107874423265457,-0.004972497001290321,0.009404795244336128,0.2619894742965698,0.27653178572654724,0.25045567750930786,0.304155558347702,-0.48841220140457153,0.16147549450397491,-0.35123199224472046,0.0,0.0,0.0,0.0,0.0,0.0,0.0
44746730195,0,0.0069190869107842445,-0.051870349794626236,-0.8529683947563171,6.569455581484362e-05,-0.04113857448101044,-0.8442511558532715,0.07862836867570877,-0.04743071272969246,-0.00751930195838213,-0.012151825241744518,0.020115148276090622,0.008642911911010742,0.011781590059399605,0.006457828450948,0.28635627031326294,0.0,0.0,-0.0047828578390181065,-0.011248726397752762,-0.02181146666407585,-0.19889041781425476,-0.09051566570997238,-0.05670353025197983,-0.34911611676216125,-0.7811789512634277,0.20237097144126892,-46.56182861328125,-0.13978394865989685,0.31672364473342896,0.034685418009757996,-0.21278925240039825,0.061341412365436554,-0.35436320304870605,0.07566970586776733,11.124850273132324,11.736894607543945,10.562829971313477,13.159406661987305,-0.021464843302965164,-0.05672851577401161,-0.0015332031762227416,0.003066406352445483,0.0,-0.039195481687784195,-0.04935420677065849,-0.0025232909247279167,0.008848904632031918,0.0,-0.16585585474967957,0.4645335078239441,-9.905150413513184,-0.15262842178344727,0.025649458169937134,-8.452080726623535,0.0,0.0,0.0,0.0,0.0,0.0,0.0,0.0,0.0,0.0,0.0,0.0,-0.03629302978515625,-0.050631437450647354,-0.00447144266217947,0.009300054982304573,0.2619894742965698,0.27653178572654724,0.25045567750930786,0.304155558347702,-0.058271609246730804,-0.4090406596660614,0.30495938658714294,0.0,0.0,0.0,0.0,0.0,0.0,0.0
44756930770,0,0.008345838636159897,-0.05314238741993904,-0.8530960083007812,6.569455581484362e-05,-0.04113857448101044,-0.8442511558532715,0.07022950053215027,-0.03356528282165527,-0.008617901243269444,-0.016560371965169907,0.024007746949791908,0.008844852447509766,0.011615048162639141,0.006333644967526197,0.28331416845321655,0.0,0.0,-0.0047828578390181065,-0.011597754433751106,-0.020716916769742966,-0.1942300647497177,-0.08928527683019638,-0.05558657646179199,-0.3454735279083252,-0.7303524017333984,0.05885542184114456,-46.27976608276367,-0.1493850201368332,0.3275974690914154,0.019111037254333496,-0.21381321549415588,0.06157214567065239,-0.35380932688713074,0.07892107963562012,11.386768341064453,11.313552856445312,10.799659729003906,12.800034523010254,-0.021464843302965164,-0.05672851577401161,-0.003066406352445483,0.0015332031762227416,0.0,-0.04127150774002075,-0.04522073268890381,0.00046338242827914655,0.0036422957200556993,0.0,-0.04802883788943291,0.7978201508522034,-9.843066215515137,-0.13732479512691498,-0.002945154905319214,-8.419429779052734,0.0,0.0,0.0,0.0,0.0,0.0,0.0,0.0,0.0,0.0,0.0,0.0,-0.03737230598926544,-0.049985069781541824,-0.003727750387042761,0.008925102651119232,0.2686704993247986,0.26723164319992065,0.2571011781692505,0.29623475670814514,-0.14966773986816406,-0.12887804210186005,0.38977283239364624,0.0,0.0,0.0,0.0,0.0,0.0,0.0
44767008339,0,0.008345838636159897,-0.05314238741993904,-0.8530960083007812,6.569455581484362e-05,-0.04113857448101044,-0.8442511558532715,0.07022950053215027,-0.03356528282165527,-0.008617901243269444,-0.016560371965169907,0.024007746949791908,0.008844852447509766,0.011615048162639141,0.006333644967526197,0.28331416845321655,0.0,0.0,-0.0047828578390181065,-0.011597754433751106,-0.020716916769742966,-0.1942300647497177,-0.08600497990846634,-0.05522472783923149,-0.3433169424533844,-0.7552863955497742,-0.016198351979255676,-46.306861877441406,-0.14422114193439484,0.32354313135147095,0.016707047820091248,-0.21424312889575958,0.06157214567065239,-0.35380932688713074,0.07892107963562012,11.456140518188477,11.274029731750488,10.864524841308594,12.73289680480957,-0.021464843302965164,-0.05826171860098839,-0.004599609412252903,0.003066406352445483,0.0,-0.04415084794163704,-0.043847523629665375,0.003671415150165558,0.0022331345826387405,0.0,-0.13079126179218292,0.16629570722579956,-9.665842056274414,-0.13732479512691498,-0.002945154905319214,-8.419429779052734,0.0,0.0,0.0,0.0,0.0,0.0,0.0,0.0,0.0,0.0,0.0,0.0,-0.03865967318415642,-0.04891536384820938,-0.002578403800725937,0.007941056974232197,0.2686704993247986,0.26723164319992065,0.2571011781692505,0.29623475670814514,-0.14966773986816406,-0.12887804210186005,0.38977283239364624,0.0,0.0,0.0,0.0,0.0,0.0,0.0
44777201877,0,0.009030531160533428,-0.053731903433799744,-0.853132963180542,6.569455581484362e-05,-0.04113857448101044,-0.8442511558532715,0.06639105081558228,-0.03439721465110779,-0.007307654246687889,-0.017929762601852417,0.02518678456544876,0.008881807327270508,0.011198206804692745,0.006316001992672682,0.28151220083236694,0.0,0.0,-0.0047828578390181065,-0.014509497210383415,-0.020396126434206963,-0.19259358942508698,-0.08600497990846634,-0.05522472783923149,-0.3433169424533844,-0.7552863955497742,-0.016198351979255676,-46.306861877441406,-0.14422114193439484,0.32354313135147095,0.016707047820091248,-0.21424312889575958,0.06176915764808655,-0.35354045033454895,0.08058907091617584,11.456140518188477,11.274029731750488,10.864524841308594,12.73289680480957,-0.02299804612994194,-0.05826171860098839,-0.003066406352445483,0.003066406352445483,0.0,-0.04415084794163704,-0.043847523629665375,0.003671415150165558,0.0022331345826387405,0.0,-0.13079126179218292,0.16629570722579956,-9.665842056274414,-0.1317916363477707,-0.0006648898124694824,-8.428932189941406,0.0,0.0,0.0,0.0,0.0,0.0,0.0,0.0,0.0,0.0,0.0,0.0,-0.040173254907131195,-0.04751746729016304,-0.001007871818728745,0.006468832027167082,0.270032674074173,0.2664543688297272,0.2583827078342438,0.29493430256843567,-0.31635192036628723,-0.019905773922801018,0.27178826928138733,0.0,0.0,0.0,0.0,0.0,0.0,0.0
44787456268,0,0.01041306834667921,-0.0547071173787117,-0.8531882166862488,6.569455581484362e-05,-0.04113857448101044,-0.8442511558532715,0.06395459175109863,-0.03168610855937004,-0.0031464085914194584,-0.020694851875305176,0.02713722176849842,0.008937060832977295,0.010273333638906479,0.0058760386891663074,0.2779700756072998,0.0,0.0,-0.0047828578390181065,-0.01840341091156006,-0.026795703917741776,-0.1911543905735016,-0.08600497990846634,-0.05522472783923149,-0.3433169424533844,-0.7552863955497742,-0.016198351979255676,-46.306861877441406,-0.14422114193439484,0.32354313135147095,0.016707047820091248,-0.21424312889575958,0.06176915764808655,-0.35354045033454895,0.08058907091617584,11.456140518188477,11.274029731750488,10.864524841308594,12.73289680480957,-0.02299804612994194,-0.05826171860098839,-0.0015332031762227416,0.003066406352445483,0.0,-0.04415084794163704,-0.043847523629665375,0.003671415150165558,0.0022331345826387405,0.0,-0.043433599174022675,0.5209184288978577,-9.828374862670898,-0.13346755504608154,-0.002371564507484436,-8.458322525024414,0.0,0.0,0.0,0.0,0.0,0.0,0.0,0.0,0.0,0.0,0.0,0.0,-0.04165162518620491,-0.0461527556180954,0.0006279906374402344,0.004963172599673271,0.27068957686424255,0.267981618642807,0.2571406960487366,0.2962576150894165,-0.4060521423816681,-0.2663988173007965,0.22286641597747803,0.0,0.0,0.0,0.0,0.0,0.0,0.0
44797392956,0,0.01041306834667921,-0.0547071173787117,-0.8531882166862488,6.569455581484362e-05,-0.04113857448101044,-0.8442511558532715,0.06395459175109863,-0.03168610855937004,-0.0031464085914194584,-0.020694851875305176,0.02713722176849842,0.008937060832977295,0.010273333638906479,0.0058760386891663074,0.2779700756072998,0.0,0.0,-0.0047828578390181065,-0.012537392787635326,-0.02938031777739525,-0.19710955023765564,-0.07890108227729797,-0.05125607177615166,-0.3390806317329407,-0.7386525869369507,-0.0001780092716217041,-46.42333221435547,-0.1270548701286316,0.3376302421092987,0.018459945917129517,-0.21515582501888275,0.06227404251694679,-0.35295623540878296,0.08464089035987854,11.169968605041504,11.718015670776367,10.503101348876953,13.218088150024414,-0.02299804612994194,-0.05672851577401161,-0.0015332031762227416,0.003066406352445483,0.0,-0.044337037950754166,-0.04225139319896698,0.0026040973607450724,0.002059695776551962,0.0,-0.12446381896734238,0.7142842411994934,-9.808236122131348,-0.13346755504608154,-0.002371564507484436,-8.458322525024414,0.0,0.0,0.0,0.0,0.0,0.0,0.0,0.0,0.0,0.0,0.0,0.0,-0.04284846782684326,-0.044982559978961945,0.0019448850071057677,0.003710903460159898,0.27068957686424255,0.267981618642807,0.2571406960487366,0.2962576150894165,0.029961705207824707,-0.08552610874176025,-0.21041248738765717,0.0,0.0,0.0,0.0,0.0,0.0,0.0
44807302861,0,0.011754938401281834,-0.055615708231925964,-0.8532079458236694,6.569455581484362e-05,-0.04113857448101044,-0.8442511558532715,0.056979428976774216,-0.03567316755652428,0.0003655080799944699,-0.023378605023026466,0.028954412788152695,0.00895678997039795,0.010315102525055408,0.005336288828402758,0.2742559015750885,0.0,0.0,-0.0047828578390181065,-0.009500562213361263,-0.03587543964385986,-0.2068864107131958,-0.0795101672410965,-0.046931665390729904,-0.3346341848373413,-0.6966176629066467,0.003953412175178528,-46.5865478515625,-0.1389060616493225,0.34269994497299194,0.032457828521728516,-0.21589255332946777,0.06295464932918549,-0.3525317311286926,0.08835916221141815,11.169968605041504,11.718015670776367,10.503101348876953,13.218088150024414,-0.024531250819563866,-0.05672851577401161,-0.0015332031762227416,0.0015332031762227416,0.0,-0.042946141213178635,-0.041175179183483124,0.0009738041553646326,0.0009852757211774588,0.0,-0.016308065503835678,0.4969615340232849,-9.583505630493164,-0.12271314859390259,0.006071358919143677,-8.481263160705566,0.0,0.0,0.0,0.0,0.0,0.0,0.0,0.0,0.0,0.0,0.0,0.0,-0.04363901913166046,-0.04392705485224724,0.0026882211677730083,0.0027487652841955423,0.26440665125846863,0.27516692876815796,0.2512300908565521,0.304313063621521,0.10346950590610504,-0.32638946175575256,-0.5610443949699402,0.0,0.0,0.0,0.0,0.0,0.0,0.0
44818257057,0,0.011754938401281834,-0.055615708231925964,-0.8532079458236694,6.569455581484362e-05,-0.04113857448101044,-0.8442511558532715,0.056979428976774216,-0.03567316755652428,0.0003655080799944699,-0.023378605023026466,0.028954412788152695,0.00895678997039795,0.010315102525055408,0.005336288828402758,0.2742559015750885,0.0,0.0,-0.0047828578390181065,-0.009500562213361263,-0.03587543964385986,-0.2068864107131958,-0.08019290864467621,-0.04248994216322899,-0.332280695438385,-0.6749223470687866,0.03339247405529022,-46.64694595336914,-0.1415610909461975,0.3552629053592682,0.04143624007701874,-0.21619145572185516,0.06346356123685837,-0.3523859679698944,0.09017513692378998,10.977046012878418,11.933629989624023,10.277498245239258,13.481907844543457,-0.026064453646540642,-0.055195312947034836,0.0,0.0015332031762227416,0.0,-0.04208254814147949,-0.0406876876950264,-0.0007954869652166963,0.0011449703015387058,0.0,0.0036445155274122953,0.4931044280529022,-9.594407081604004,-0.12271314859390259,0.006071358919143677,-8.481263160705566,0.0,0.0,0.0,0.0,0.0,0.0,0.0,0.0,0.0,0.0,0.0,0.0,-0.04392429441213608,-0.04292730614542961,0.0027310342993587255,0.0020070939790457487,0.2610660195350647,0.2788540720939636,0.24716615676879883,0.30906543135643005,0.10346950590610504,-0.32638946175575256,-0.5610443949699402,0.0,0.0,0.0,0.0,0.0,0.0,0.0
44827245937,0,0.012396658770740032,-0.05605274811387062,-0.8532020449638367,6.569455581484362e-05,-0.04113857448101044,-0.8442511558532715,0.05519523471593857,-0.03208565339446068,-2.1154834030312486e-05,-0.02466205134987831,0.029828496277332306,0.008950889110565186,0.010367794893682003,0.004777743015438318,0.2722887396812439,0.0,0.0,-0.0047828578390181065,0.005119298119097948,-0.043210357427597046,-0.22350618243217468,-0.08019290864467621,-0.04248994216322899,-0.332280695438385,-0.6749223470687866,0.03339247405529022,-46.64694595336914,-0.1415610909461975,0.3552629053592682,0.04143624007701874,-0.21619145572185516,0.06346356123685837,-0.3523859679698944,0.09017513692378998,10.977046012878418,11.933629989624023,10.277498245239258,13.481907844543457,-0.027597656473517418,-0.055195312947034836,0.0015332031762227416,0.0015332031762227416,0.0,-0.04208254814147949,-0.0406876876950264,-0.0007954869652166963,0.0011449703015387058,0.0,0.0036445155274122953,0.4931044280529022,-9.594407081604004,-0.12358681857585907,0.00042197108268737793,-8.475610733032227,0.0,0.0,0.0,0.0,0.0,0.0,0.0,0.0,0.0,0.0,0.0,0.0,-0.04376458376646042,-0.042044833302497864,0.0021829719189554453,0.0014758785255253315,0.2610660195350647,0.2788540720939636,0.24716615676879883,0.30906543135643005,0.5267324447631836,-0.25162139534950256,-0.7924537658691406,0.0,0.0,0.0,0.0,0.0,0.0,0.0
44837265316,0,0.014257969334721565,-0.057022906839847565,-0.8531398773193359,6.569455581484362e-05,-0.04113857448101044,-0.8442511558532715,0.04667763411998749,-0.022381098940968513,0.0013931056018918753,-0.02838469110429287,0.03176882490515709,0.008888721466064453,0.01109432615339756,0.0035267884377390146,0.26591941714286804,0.0,0.0,-0.0047828578390181065,0.005119298119097948,-0.043210357427597046,-0.22350618243217468,-0.08655275404453278,-0.03276980668306351,-0.3246551752090454,-0.6749223470687866,0.03339247405529022,-46.64694595336914,-0.1415610909461975,0.3552629053592682,0.04143624007701874,-0.21619145572185516,0.06346356123685837,-0.3523859679698944,0.09017513692378998,10.977046012878418,11.933629989624023,10.277498245239258,13.481907844543457,-0.027597656473517418,-0.05366211012005806,0.003066406352445483,0.0,0.0,-0.04208254814147949,-0.0406876876950264,-0.0007954869652166963,0.0011449703015387058,0.0,0.0036445155274122953,0.4931044280529022,-9.594407081604004,-0.11957048624753952,-0.01766851544380188,-8.483034133911133,0.0,0.0,0.0,0.0,0.0,0.0,0.0,0.0,0.0,0.0,0.0,0.0,-0.0433756560087204,-0.04136039316654205,0.0013638214441016316,0.0011535584926605225,0.2610660195350647,0.2788540720939636,0.24716615676879883,0.30906543135643005,0.5267324447631836,-0.25162139534950256,-0.7924537658691406,0.0,0.0,0.0,0.0,0.0,0.0,0.0
44847304759,0,0.014257969334721565,-0.057022906839847565,-0.8531398773193359,6.569455581484362e-05,-0.04113857448101044,-0.8442511558532715,0.04667763411998749,-0.022381098940968513,0.0013931056018918753,-0.029558217152953148,0.03230861946940422,0.008847534656524658,0.01109432615339756,0.0035267884377390146,0.26591941714286804,0.0,0.0,-0.0047828578390181065,0.010673534125089645,-0.039185862988233566,-0.229165717959404,-0.08655275404453278,-0.03276980668306351,-0.3246551752090454,-0.663378119468689,-0.07257623225450516,-46.54651641845703,-0.16674363613128662,0.36374619603157043,0.05475516617298126,-0.2167653739452362,0.06481703370809555,-0.35230907797813416,0.09310340881347656,10.593351364135742,12.18902587890625,9.944994926452637,13.841636657714844,-0.027597656473517418,-0.055195312947034836,0.003066406352445483,0.0,0.0,-0.04682133346796036,-0.036474864929914474,0.0024720607325434685,-0.001931461039930582,0.0,-0.16450908780097961,0.11791800707578659,-9.454891204833984,-0.12032216787338257,-0.02517712116241455,-8.501628875732422,0.0,0.0,0.0,0.0,0.0,0.0,0.0,0.0,0.0,0.0,0.0,0.0,-0.04316437244415283,-0.040705300867557526,0.0007132399477995932,0.0008515315130352974,0.2530187964439392,0.2843663990497589,0.24013124406337738,0.31630003452301025,0.46706700325012207,0.09112001955509186,-0.7030003070831299,0.0,0.0,0.0,0.0,0.0,0.0,0.0
44857560348,0,0.01484472956508398,-0.05729280412197113,-0.8530986905097961,6.569455581484362e-05,-0.04113857448101044,-0.8442511558532715,0.04475383087992668,-0.018285615369677544,0.0040206811390817165,-0.029558217152953148,0.03230861946940422,0.008847534656524658,0.011027803644537926,0.003413422964513302,0.2637385427951813,0.0,0.0,-0.0047828578390181065,0.011872994713485241,-0.03419298678636551,-0.22924330830574036,-0.0864395946264267,-0.029784929007291794,-0.3193991780281067,-0.6617718935012817,-0.13847416639328003,-46.75895690917969,-0.1734955608844757,0.35330671072006226,0.05562157928943634,-0.21712829172611237,0.06663938611745834,-0.35210883617401123,0.09574665129184723,10.599470138549805,12.268354415893555,10.002520561218262,13.910920143127441,-0.029130859300494194,-0.055195312947034836,0.003066406352445483,-0.0015332031762227416,0.0,-0.04897850751876831,-0.0343245193362236,0.004690902773290873,-0.003665853990241885,0.0,0.027819141745567322,0.5313929319381714,-9.49286937713623,-0.12032216787338257,-0.02517712116241455,-8.501628875732422,0.0,0.0,0.0,0.0,0.0,0.0,0.0,0.0,0.0,0.0,0.0,0.0,-0.04361617565155029,-0.03969763591885567,0.0006694475887343287,0.0002513637882657349,0.2530187964439392,0.2843663990497589,0.24013124406337738,0.31630003452301025,0.28816500306129456,0.2974172830581665,-0.44811224937438965,0.0,0.0,0.0,0.0,0.0,0.0,0.0
44867061746,0,0.01597396284341812,-0.057651665061712265,-0.8530338406562805,6.569455581484362e-05,-0.04113857448101044,-0.8442511558532715,0.04254094138741493,-0.010368826799094677,0.010719377547502518,-0.03181669861078262,0.03302634507417679,0.008782684803009033,0.011272304691374302,0.002733641304075718,0.25932732224464417,0.0,0.0,-0.0047828578390181065,0.011872994713485241,-0.03419298678636551,-0.22924330830574036,-0.0864395946264267,-0.029784929007291794,-0.3193991780281067,-0.6793011426925659,-0.1890564262866974,-46.91986083984375,-0.1832127571105957,0.3613131642341614,0.05309826135635376,-0.21725738048553467,0.06663938611745834,-0.35210883617401123,0.09574665129184723,10.701308250427246,12.217522621154785,10.107767105102539,13.915945053100586,-0.029130859300494194,-0.055195312947034836,0.003066406352445483,-0.0015332031762227416,0.0,-0.05077822878956795,-0.03352182358503342,0.007010647561401129,-0.004514376167207956,0.0,-0.16615182161331177,0.09555451571941376,-9.976922988891602,-0.12476887553930283,-0.039624907076358795,-8.547664642333984,0.0,0.0,0.0,0.0,0.0,0.0,0.0,0.0,0.0,0.0,0.0,0.0,-0.04481138661503792,-0.038272738456726074,0.0013946326216682792,-0.0007257724064402282,0.25314009189605713,0.2859114110469818,0.24127839505672455,0.31762734055519104,0.28816500306129456,0.2974172830581665,-0.44811224937438965,0.0,0.0,0.0,0.0,0.0,0.0,0.0
44877207608,0,0.01597396284341812,-0.057651665061712265,-0.8530338406562805,6.569455581484362e-05,-0.04113857448101044,-0.8442511558532715,0.04254094138741493,-0.010368826799094677,0.010719377547502518,-0.03181669861078262,0.03302634507417679,0.008782684803009033,0.011272304691374302,0.002733641304075718,0.25932732224464417,0.0,0.0,-0.0047828578390181065,0.023053504526615143,-0.037166912108659744,-0.2238580584526062,-0.0883418545126915,-0.026433631777763367,-0.31676098704338074,-0.6793011426925659,-0.1890564262866974,-46.91986083984375,-0.1832127571105957,0.3613131642341614,0.05309826135635376,-0.21725738048553467,0.06779582798480988,-0.3519767224788666,0.0971519947052002,10.701308250427246,12.217522621154785,10.107767105102539,13.915945053100586,-0.029130859300494194,-0.055195312947034836,0.0015332031762227416,0.0,0.0,-0.05077822878956795,-0.03352182358503342,0.007010647561401129,-0.004514376167207956,0.0,-0.16615182161331177,0.09555451571941376,-9.976922988891602,-0.12476887553930283,-0.039624907076358795,-8.547664642333984,0.0,0.0,0.0,0.0,0.0,0.0,0.0,0.0,0.0,0.0,0.0,0.0,-0.046417225152254105,-0.03673231229186058,0.0026805808302015066,-0.0018662965158000588,0.2551560401916504,0.2849215567111969,0.2433750033378601,0.3177235424518585,0.21851098537445068,-0.0056393686681985855,0.10836182534694672,0.0,0.0,0.0,0.0,0.0,0.0,0.0
44887046253,0,0.01597396284341812,-0.057651665061712265,-0.8530338406562805,6.569455581484362e-05,-0.04113857448101044,-0.8442511558532715,0.04254094138741493,-0.010368826799094677,0.010719377547502518,-0.03383338078856468,0.0336465947329998,0.0086899995803833,0.011272304691374302,0.002733641304075718,0.25932732224464417,0.0,0.0,-0.0047828578390181065,0.023053504526615143,-0.037166912108659744,-0.2238580584526062,-0.09156549721956253,-0.02140960842370987,-0.3122958540916443,-0.6784705519676208,-0.25606051087379456,-47.1475715637207,-0.18980465829372406,0.36212408542633057,0.037638068199157715,-0.21738478541374207,0.07041267305612564,-0.3518139123916626,0.10018663108348846,11.135818481445312,11.876313209533691,10.560307502746582,13.597431182861328,-0.03066406212747097,-0.05366211012005806,0.0,0.0,0.0,-0.05091132968664169,-0.03247641399502754,0.00891263410449028,-0.006394134368747473,0.0,-0.18337979912757874,0.13803671300411224,-9.45389461517334,-0.12110183387994766,-0.05331681668758392,-8.567402839660645,0.0,0.0,0.0,0.0,0.0,0.0,0.0,0.0,0.0,0.0,0.0,0.0,-0.04801785945892334,-0.035334061831235886,0.004199782852083445,-0.0030025795567780733,0.2650679647922516,0.2768814265727997,0.25372231006622314,0.31036341190338135,0.21851098537445068,-0.0056393686681985855,0.10836182534694672,0.0,0.0,0.0,0.0,0.0,0.0,0.0
44897245590,0,0.016982300207018852,-0.05796178802847862,-0.8529411554336548,6.569455581484362e-05,-0.04113857448101044,-0.8442511558532715,0.036809634417295456,-0.0038700031582266092,0.014253102242946625,-0.03383338078856468,0.0336465947329998,0.0086899995803833,0.011642303317785263,0.0020898468792438507,0.25559815764427185,0.0,0.0,-0.0047828578390181065,0.02301868237555027,-0.03278747946023941,-0.2167336642742157,-0.09395143389701843,-0.01957443170249462,-0.31029993295669556,-0.6660600900650024,-0.293242484331131,-47.1207160949707,-0.1958545595407486,0.3599123954772949,0.03205132484436035,-0.2174045443534851,0.07161971926689148,-0.35170918703079224,0.10165199637413025,11.25650691986084,11.724024772644043,10.706131935119629,13.456788063049316,-0.03066406212747097,-0.05059570446610451,-0.0015332031762227416,0.0,0.0,-0.05114596709609032,-0.031403958797454834,0.009607295505702496,-0.00776556134223938,0.0,-0.2394341230392456,0.16495245695114136,-9.224079132080078,-0.12110183387994766,-0.05331681668758392,-8.567402839660645,0.0,0.0,0.0,0.0,0.0,0.0,0.0,0.0,0.0,0.0,0.0,0.0,-0.04934368282556534,-0.03411782532930374,0.005760897882282734,-0.004163801204413176,0.266109824180603,0.27528464794158936,0.25525134801864624,0.3089105784893036,0.06988182663917542,0.18410606682300568,0.2717324495315552,0.0,0.0,0.0,0.0,0.0,0.0,0.0
44908140492,0,0.017406534403562546,-0.058028411120176315,-0.8528690934181213,6.569455581484362e-05,-0.04113857448101044,-0.8442511558532715,0.034621890634298325,-0.0003309778403490782,0.01381862536072731,-0.034681856632232666,0.03377984091639519,0.008617937564849854,0.011929386295378208,0.0018476754194125533,0.25393161177635193,0.0,0.0,-0.0047828578390181065,0.024737050756812096,-0.02967723272740841,-0.21505504846572876,-0.09395143389701843,-0.01957443170249462,-0.31029993295669556,-0.6660600900650024,-0.293242484331131,-47.1207160949707,-0.1958545595407486,0.3599123954772949,0.03205132484436035,-0.2174045443534851,0.07161971926689148,-0.35170918703079224,0.10165199637413025,11.25650691986084,11.724024772644043,10.706131935119629,13.456788063049316,-0.03066406212747097,-0.04906250163912773,0.0,-0.0015332031762227416,0.0,-0.05114596709609032,-0.031403958797454834,0.009607295505702496,-0.00776556134223938,0.0,-0.2394341230392456,0.16495245695114136,-9.224079132080078,-0.12045741081237793,-0.06072799116373062,-8.561116218566895,0.0,0.0,0.0,0.0,0.0,0.0,0.0,0.0,0.0,0.0,0.0,0.0,-0.050317488610744476,-0.03306835889816284,0.007206392008811235,-0.0053362599574029446,0.266109824180603,0.27528464794158936,0.25525134801864624,0.3089105784893036,0.0610441118478775,0.23634633421897888,0.11144544929265976,0.0,0.0,0.0,0.0,0.0,0.0,0.0
44917166293,0,0.017406534403562546,-0.058028411120176315,-0.8528690934181213,6.569455581484362e-05,-0.04113857448101044,-0.8442511558532715,0.034621890634298325,-0.0003309778403490782,0.01381862536072731,-0.034681856632232666,0.03377984091639519,0.008617937564849854,0.011929386295378208,0.0018476754194125533,0.25393161177635193,0.0,0.0,-0.0047828578390181065,0.024737050756812096,-0.02967723272740841,-0.21505504846572876,-0.0968865156173706,-0.01452646404504776,-0.30454808473587036,-0.6410631537437439,-0.403158962726593,-46.93952560424805,-0.20369254052639008,0.3745180070400238,0.03327929973602295,-0.21736612915992737,0.07466185092926025,-0.3515110909938812,0.10514534264802933,11.190887451171875,11.674843788146973,10.619767189025879,13.476689338684082,-0.03066406212747097,-0.04752929508686066,0.0015332031762227416,-0.0015332031762227416,0.0,-0.054128993302583694,-0.027445299550890923,0.01251667458564043,-0.011290527880191803,0.0,0.016969021409749985,0.5127366185188293,-9.906659126281738,-0.12045741081237793,-0.06072799116373062,-8.561116218566895,0.0,0.0,0.0,0.0,0.0,0.0,0.0,0.0,0.0,0.0,0.0,0.0,-0.0510869137942791,-0.03206246718764305,0.008494550362229347,-0.00652377400547266,0.266109824180603,0.27528464794158936,0.25525134801864624,0.3089105784893036,0.0610441118478775,0.23634633421897888,0.11144544929265976,0.0,0.0,0.0,0.0,0.0,0.0,0.0
44927039099,0,0.0185084268450737,-0.05831146240234375,-0.8525456786155701,6.569455581484362e-05,-0.04113857448101044,-0.8442511558532715,0.02886805310845375,0.012574564665555954,0.00932049099355936,-0.03688565269112587,0.034345947206020355,0.008294522762298584,0.012871123850345612,0.0007437520544044673,0.2487572729587555,0.0,0.0,-0.0047828578390181065,0.020575573667883873,-0.04051031917333603,-0.20875027775764465,-0.0968865156173706,-0.01452646404504776,-0.30454808473587036,-0.6410631537437439,-0.403158962726593,-46.93952560424805,-0.20369254052639008,0.3745180070400238,0.03327929973602295,-0.21736612915992737,0.07466185092926025,-0.3515110909938812,0.10514534264802933,11.190887451171875,11.674843788146973,10.619767189025879,13.476689338684082,-0.03066406212747097,-0.04906250163912773,0.003066406352445483,-0.004599609412252903,0.0,-0.054128993302583694,-0.027445299550890923,0.01251667458564043,-0.011290527880191803,0.0,0.016969021409749985,0.5127366185188293,-9.906659126281738,-0.12034544348716736,-0.08678968995809555,-8.524385452270508,0.0,0.0,0.0,0.0,0.0,0.0,0.0,0.0,0.0,0.0,0.0,0.0,-0.05188906937837601,-0.030898382887244225,0.009736059233546257,-0.0078247906640172,0.2636793255805969,0.2751122713088989,0.25193294882774353,0.31007707118988037,-0.2887108027935028,-0.353936105966568,0.20433476567268372,0.0,0.0,0.0,0.0,0.0,0.0,0.0
44938641677,0,0.01912454515695572,-0.0584963820874691,-0.8523218035697937,6.569455581484362e-05,-0.04113857448101044,-0.8442511558532715,0.024289099499583244,0.02295564115047455,0.011983636766672134,-0.038117893040180206,0.034715790301561356,0.008070647716522217,0.013124572113156319,0.0004564093833323568,0.24518771469593048,0.0,0.0,-0.0047828578390181065,0.015012385323643684,-0.03697243332862854,-0.20134156942367554,-0.10402800887823105,-0.00883813388645649,-0.2998295724391937,-0.6273161768913269,-0.5316857099533081,-46.928977966308594,-0.19271156191825867,0.3792324364185333,0.031828925013542175,-0.21721293032169342,0.07773211598396301,-0.35163336992263794,0.10889200866222382,11.247261047363281,11.643777847290039,10.631048202514648,13.426179885864258,-0.032197266817092896,-0.04906250163912773,0.004599609412252903,-0.006132812704890966,0.0,-0.057456258684396744,-0.02318282052874565,0.01633666455745697,-0.01506743859499693,0.0,-0.13561159372329712,0.5694811344146729,-9.838499069213867,-0.11907744407653809,-0.10827670991420746,-8.545064926147461,0.0,0.0,0.0,0.0,0.0,0.0,0.0,0.0,0.0,0.0,0.0,0.0,-0.0528503954410553,-0.029492048546671867,0.011035969480872154,-0.009278404526412487,0.2636793255805969,0.2751122713088989,0.25193294882774353,0.31007707118988037,-0.40609535574913025,0.05352385714650154,0.26259902119636536,0.0,0.0,0.0,0.0,0.0,0.0,0.0
44947655210,0,0.019380275160074234,-0.0585663728415966,-0.8522064089775085,6.569455581484362e-05,-0.04113857448101044,-0.8442511558532715,0.020761823281645775,0.02451493963599205,0.011670680716633797,-0.038629356771707535,0.03485577180981636,0.00795525312423706,0.012853679247200489,0.00014215912960935384,0.2431248128414154,0.0,0.0,-0.0047828578390181065,0.003973187413066626,-0.034087780863046646,-0.20503728091716766,-0.10402800887823105,-0.00883813388645649,-0.2998295724391937,-0.6273161768913269,-0.5316857099533081,-46.928977966308594,-0.19271156191825867,0.3792324364185333,0.031828925013542175,-0.21721293032169342,0.07773211598396301,-0.35163336992263794,0.10889200866222382,11.247261047363281,11.643777847290039,10.631048202514648,13.426179885864258,-0.032197266817092896,-0.04752929508686066,0.006132812704890966,-0.0076660155318677425,0.0,-0.057456258684396744,-0.02318282052874565,0.01633666455745697,-0.01506743859499693,0.0,-0.13561159372329712,0.5694811344146729,-9.838499069213867,-0.11406799405813217,-0.1126919537782669,-8.542229652404785,0.0,0.0,0.0,0.0,0.0,0.0,0.0,0.0,0.0,0.0,0.0,0.0,-0.05401960015296936,-0.02783280983567238,0.012477181851863861,-0.010887307114899158,0.26592788100242615,0.27371296286582947,0.25376543402671814,0.30832168459892273,-0.7291058301925659,0.14001861214637756,-0.06981875747442245,0.0,0.0,0.0,0.0,0.0,0.0,0.0
44957493792,0,0.019380275160074234,-0.0585663728415966,-0.8522064089775085,6.569455581484362e-05,-0.04113857448101044,-0.8442511558532715,0.020761823281645775,0.02451493963599205,0.011670680716633797,-0.038629356771707535,0.03485577180981636,0.00795525312423706,0.012853679247200489,0.00014215912960935384,0.2431248128414154,0.0,0.0,-0.0047828578390181065,-0.01029348373413086,-0.03826640173792839,-0.2124536633491516,-0.10200455784797668,-0.006193251349031925,-0.29736003279685974,-0.6549259424209595,-0.5955219268798828,-46.99785614013672,-0.17786341905593872,0.37815287709236145,0.03778378665447235,-0.21710924804210663,0.07917672395706177,-0.35165852308273315,0.11078158766031265,11.136816024780273,11.83364486694336,10.478155136108398,13.567852020263672,-0.03373046964406967,-0.04599609225988388,0.0076660155318677425,-0.009199218824505806,0.0,-0.060924775898456573,-0.021718664094805717,0.019671883434057236,-0.015845894813537598,0.0,-0.22563885152339935,0.23060068488121033,-9.725711822509766,-0.11406799405813217,-0.1126919537782669,-8.542229652404785,0.0,0.0,0.0,0.0,0.0,0.0,0.0,0.0,0.0,0.0,0.0,0.0,-0.055388789623975754,-0.026091182604432106,0.014052025973796844,-0.01248584408313036,0.263753741979599,0.277429461479187,0.2507355809211731,0.3110458552837372,-1.0258244276046753,-0.14161451160907745,-0.3595854938030243,0.0,0.0,0.0,0.0,0.0,0.0,0.0
44967222668,0,0.019602106884121895,-0.058631934225559235,-0.8520882725715637,6.569455581484362e-05,-0.04113857448101044,-0.8442511558532715,0.0184527188539505,0.02343125455081463,0.012843363918364048,-0.039073023945093155,0.03498689457774162,0.007837116718292236,0.0125791747123003,-0.00011871939204866067,0.2409820854663849,0.0,0.0,-0.0047828578390181065,-0.01029348373413086,-0.03826640173792839,-0.2124536633491516,-0.0983518734574318,-4.211339182802476e-05,-0.29346293210983276,-0.627373993396759,-0.6198057532310486,-46.982261657714844,-0.1600656360387802,0.38744693994522095,0.04602651298046112,-0.21696192026138306,0.08068786561489105,-0.3517352044582367,0.11277583241462708,10.96834659576416,12.050098419189453,10.226632118225098,13.75697135925293,-0.03526367247104645,-0.04599609225988388,0.012265625409781933,-0.010732421651482582,0.0,-0.06174156814813614,-0.01979399286210537,0.02005843073129654,-0.016948752105236053,0.0,-0.11267906427383423,0.1640976071357727,-9.771506309509277,-0.11001937091350555,-0.1114668995141983,-8.551498413085938,0.0,0.0,0.0,0.0,0.0,0.0,0.0,0.0,0.0,0.0,0.0,0.0,-0.056961383670568466,-0.02440653368830681,0.015727542340755463,-0.013907010667026043,0.2604324519634247,0.28165754675865173,0.24574041366577148,0.31467682123184204,-1.0258244276046753,-0.14161451160907745,-0.3595854938030243,0.0,0.0,0.0,0.0,0.0,0.0,0.0
44977008387,0,0.019602106884121895,-0.058631934225559235,-0.8520882725715637,6.569455581484362e-05,-0.04113857448101044,-0.8442511558532715,0.0184527188539505,0.02343125455081463,0.012843363918364048,-0.039073023945093155,0.03498689457774162,0.007837116718292236,0.0125791747123003,-0.00011871939204866067,0.2409820854663849,0.0,0.0,-0.0047828578390181065,-0.0348467081785202,-0.05981473624706268,-0.22579780220985413,-0.0983518734574318,-4.211339182802476e-05,-0.29346293210983276,-0.5723406076431274,-0.6632866263389587,-47.112548828125,-0.12520714104175568,0.4293649196624756,0.06038343906402588,-0.21661080420017242,0.08283161371946335,-0.3524744212627411,0.11583036184310913,10.760347366333008,12.430486679077148,9.782489776611328,14.15939712524414,-0.03526367247104645,-0.044462889432907104,0.015332031063735485,-0.012265625409781933,0.0,-0.06252074986696243,-0.016355060040950775,0.020590659230947495,-0.018900293856859207,0.0,-0.11267906427383423,0.1640976071357727,-9.771506309509277,-0.11001937091350555,-0.1114668995141983,-8.551498413085938,0.0,0.0,0.0,0.0,0.0,0.0,0.0,0.0,0.0,0.0,0.0,0.0,-0.05861514061689377,-0.022657008841633797,0.017357468605041504,-0.015206391923129559,0.2563238739967346,0.2890654504299164,0.23688726127147675,0.3223801851272583,-1.1596280336380005,-0.659489095211029,-0.5896785855293274,0.0,0.0,0.0,0.0,0.0,0.0,0.0
44987195168,0,0.020103981718420982,-0.058681048452854156,-0.8517112731933594,6.569455581484362e-05,-0.04113857448101044,-0.8442511558532715,0.01009959727525711,0.028501184657216072,0.016478564590215683,-0.04007677733898163,0.03508512303233147,0.007460117340087891,0.011096185073256493,-0.0018521877937018871,0.23490490019321442,0.0,0.0,-0.0047828578390181065,-0.0348467081785202,-0.05981473624706268,-0.22579780220985413,-0.0888185128569603,0.010480884462594986,-0.2875228524208069,-0.5723406076431274,-0.6632866263389587,-47.112548828125,-0.12520714104175568,0.4293649196624756,0.06038343906402588,-0.21661080420017242,0.08283161371946335,-0.3524744212627411,0.11583036184310913,10.760347366333008,12.430486679077148,9.782489776611328,14.15939712524414,-0.036796875298023224,-0.04292968660593033,0.015332031063735485,-0.015332031063735485,0.0,-0.06252074986696243,-0.016355060040950775,0.020590659230947495,-0.018900293856859207,0.0,-0.11267906427383423,0.1640976071357727,-9.771506309509277,-0.09850787371397018,-0.12522165477275848,-8.57812786102295,0.0,0.0,0.0,0.0,0.0,0.0,0.0,0.0,0.0,0.0,0.0,0.0,-0.06011321768164635,-0.020792335271835327,0.018731143325567245,-0.016437040641903877,0.2563238739967346,0.2890654504299164,0.23688726127147675,0.3223801851272583,-1.1596280336380005,-0.659489095211029,-0.5896785855293274,0.0,0.0,0.0,0.0,0.0,0.0,0.0
44997590007,0,0.020103981718420982,-0.058681048452854156,-0.8517112731933594,6.569455581484362e-05,-0.04113857448101044,-0.8442511558532715,0.01009959727525711,0.028501184657216072,0.016478564590215683,-0.04007677733898163,0.03508512303233147,0.007460117340087891,0.011096185073256493,-0.0018521877937018871,0.23490490019321442,0.0,0.0,-0.0047828578390181065,-0.05742102488875389,-0.056043148040771484,-0.22931072115898132,-0.0888185128569603,0.010480884462594986,-0.2875228524208069,-0.5723406076431274,-0.6632866263389587,-47.112548828125,-0.12520714104175568,0.4293649196624756,0.06038343906402588,-0.21661080420017242,0.08283161371946335,-0.3524744212627411,0.11583036184310913,10.760347366333008,12.430486679077148,9.782489776611328,14.15939712524414,-0.038330078125,-0.04292968660593033,0.013798828236758709,-0.016865234822034836,0.0,-0.06252074986696243,-0.016355060040950775,0.020590659230947495,-0.018900293856859207,0.0,-0.045941710472106934,0.3803872764110565,-9.564370155334473,-0.09850787371397018,-0.12522165477275848,-8.57812786102295,0.0,0.0,0.0,0.0,0.0,0.0,0.0,0.0,0.0,0.0,0.0,0.0,-0.06129424273967743,-0.019056467339396477,0.01974986307322979,-0.017496824264526367,0.2563238739967346,0.2890654504299164,0.23688726127147675,0.3223801851272583,-1.138979434967041,-0.018535561859607697,-0.3953537344932556,0.0,0.0,0.0,0.0,0.0,0.0,0.0
45007317103,0,0.020344465970993042,-0.05872609093785286,-0.8514490127563477,6.569455581484362e-05,-0.04113857448101044,-0.8442511558532715,0.005544847343116999,0.03242934122681618,0.016479413956403732,-0.040557749569416046,0.03517520800232887,0.007197856903076172,0.010010340251028538,-0.0027909553609788418,0.2312191277742386,0.0,0.0,-0.0047828578390181065,-0.07079043239355087,-0.05798475816845894,-0.23056332767009735,-0.08054005354642868,0.018408559262752533,-0.2831101715564728,-0.5091171264648438,-0.7417629361152649,-47.168495178222656,-0.07714644819498062,0.4370945990085602,0.06227828562259674,-0.21588324010372162,0.08464917540550232,-0.3541109263896942,0.11969101428985596,10.814559936523438,12.551828384399414,9.663633346557617,14.15980339050293,-0.039863280951976776,-0.04139648377895355,0.016865234822034836,-0.016865234822034836,0.0,-0.06263328343629837,-0.012142187915742397,0.02148396149277687,-0.022382711991667747,0.0,-0.045941710472106934,0.3803872764110565,-9.564370155334473,-0.09256675094366074,-0.13486598432064056,-8.576089859008789,0.0,0.0,0.0,0.0,0.0,0.0,0.0,0.0,0.0,0.0,0.0,0.0,-0.062106601893901825,-0.017509914934635162,0.02044723741710186,-0.018437666818499565,0.25722911953926086,0.29096412658691406,0.23603133857250214,0.3225023150444031,-1.2169628143310547,-0.08384715765714645,-0.38229450583457947,0.0,0.0,0.0,0.0,0.0,0.0,0.0
45017189523,0,0.020446665585041046,-0.05873490124940872,-0.851317286491394,6.569455581484362e-05,-0.04113857448101044,-0.8442511558532715,0.0053931949660182,0.032871268689632416,0.01278829574584961,-0.040762148797512054,0.0351928286254406,0.007066130638122559,0.009338878095149994,-0.003480010200291872,0.2293553203344345,0.0,0.0,-0.0047828578390181065,-0.07079043239355087,-0.05798475816845894,-0.23056332767009735,-0.07545733451843262,0.02416045032441616,-0.2808791697025299,-0.5091171264648438,-0.7417629361152649,-47.168495178222656,-0.07714644819498062,0.4370945990085602,0.06227828562259674,-0.21588324010372162,0.08464917540550232,-0.3541109263896942,0.11969101428985596,10.814559936523438,12.551828384399414,9.663633346557617,14.15980339050293,-0.04139648377895355,-0.039863280951976776,0.018398437649011612,-0.015332031063735485,0.0,-0.06263328343629837,-0.012142187915742397,0.02148396149277687,-0.022382711991667747,0.0,-0.21201592683792114,0.44976991415023804,-9.44587516784668,-0.09293919801712036,-0.1357424259185791,-8.547353744506836,0.0,0.0,0.0,0.0,0.0,0.0,0.0,0.0,0.0,0.0,0.0,0.0,-0.06259812414646149,-0.01595315709710121,0.020940307527780533,-0.019467702135443687,0.25739550590515137,0.29142242670059204,0.23451097309589386,0.3223881423473358,-1.2169628143310547,-0.08384715765714645,-0.38229450583457947,0.0,0.0,0.0,0.0,0.0,0.0,0.0
45027438490,0,0.020446665585041046,-0.05873490124940872,-0.851317286491394,6.569455581484362e-05,-0.04113857448101044,-0.8442511558532715,0.0053931949660182,0.032871268689632416,0.01278829574584961,-0.040762148797512054,0.0351928286254406,0.007066130638122559,0.009338878095149994,-0.003480010200291872,0.2293553203344345,0.0,0.0,-0.0047828578390181065,-0.10505225509405136,-0.04192906618118286,-0.23618881404399872,-0.053248561918735504,0.030809253454208374,-0.37152573466300964,-0.5229946374893188,-0.7318611145019531,-46.8699951171875,-0.02504792809486389,0.4201520085334778,0.06756529211997986,-0.21522384881973267,0.0848378837108612,-0.3554077744483948,0.12212052941322327,10.661539077758789,12.716296195983887,9.403921127319336,14.110681533813477,-0.04139648377895355,-0.038330078125,0.018398437649011612,-0.016865234822034836,0.0,-0.06359817087650299,-0.012589965015649796,0.022303136065602303,-0.02181388810276985,0.0,-0.21201592683792114,0.44976991415023804,-9.44587516784668,-0.09293919801712036,-0.1357424259185791,-8.547353744506836,0.0,0.0,0.0,0.0,0.0,0.0,0.0,0.0,0.0,0.0,0.0,0.0,-0.06289086490869522,-0.014504954218864441,0.02132091484963894,-0.02048594318330288,0.25436899065971375,0.29461240768432617,0.2293078750371933,0.321449339389801,-1.5638515949249268,0.7898111939430237,-0.40318161249160767,0.0,0.0,0.0,0.0,0.0,0.0,0.0
45037184037,0,0.020589526742696762,-0.058796755969524384,-0.8510563969612122,6.569455581484362e-05,-0.04113857448101044,-0.8442511558532715,0.0031011798419058323,0.030514705926179886,0.004205432254821062,-0.041047871112823486,0.03531653806567192,0.006805241107940674,0.007474984973669052,-0.004211089573800564,0.2249637395143509,0.0,0.0,-0.08707711100578308,-0.11983389407396317,-0.025605114176869392,-0.23689094185829163,-0.053248561918735504,0.030809253454208374,-0.37152573466300964,-0.5229946374893188,-0.7318611145019531,-46.8699951171875,-0.02504792809486389,0.4201520085334778,0.06756529211997986,-0.21522384881973267,0.0848378837108612,-0.3554077744483948,0.12212052941322327,10.661539077758789,12.716296195983887,9.403921127319336,14.110681533813477,-0.04292968660593033,-0.036796875298023224,0.019931640475988388,-0.019931640475988388,0.0,-0.06359817087650299,-0.012589965015649796,0.022303136065602303,-0.02181388810276985,0.0,-0.29244327545166016,0.08221818506717682,-9.938193321228027,-0.08804905414581299,-0.13202084600925446,-8.485162734985352,0.0,0.0,0.0,0.0,0.0,0.0,0.0,0.0,0.0,0.0,0.0,0.0,-0.06312083452939987,-0.013418685644865036,0.021651558578014374,-0.02125800959765911,0.25436899065971375,0.29461240768432617,0.2293078750371933,0.321449339389801,-1.5840975046157837,1.262926697731018,-0.2792830467224121,0.0,0.0,0.0,0.0,0.0,0.0,0.0
45046946952,0,0.02062404900789261,-0.05886286497116089,-0.8509345650672913,6.569455581484362e-05,-0.04113857448101044,-0.8442511558532715,0.003522371407598257,0.03326141834259033,0.004523141775280237,-0.04111691564321518,0.03544875979423523,0.006683409214019775,0.0062326896004378796,-0.003975400235503912,0.22266007959842682,0.0,0.0,-0.08707711100578308,-0.11983389407396317,-0.025605114176869392,-0.23689094185829163,-0.043828923255205154,0.03137192875146866,-0.36929064989089966,-0.48426979780197144,-0.7261146306991577,-46.66839599609375,-0.0002775713801383972,0.39721766114234924,-0.006297305226325989,-0.21491603553295135,0.08454128354787827,-0.3557654619216919,0.12307998538017273,12.464533805847168,10.888617515563965,11.196025848388672,12.141772270202637,-0.04599609225988388,-0.036796875298023224,0.019931640475988388,-0.02299804612994194,0.0,-0.05309872701764107,-0.013601715676486492,0.017358025535941124,-0.026284970343112946,0.0,-0.13875608146190643,0.17145408689975739,-9.680585861206055,-0.09027024358510971,-0.13709896802902222,-8.491485595703125,0.0,0.0,0.0,0.0,0.0,0.0,0.0,0.0,0.0,0.0,0.0,0.0,-0.06283766031265259,-0.012778198346495628,0.02170628122985363,-0.021946555003523827,0.28972700238227844,0.2588587701320648,0.26491954922676086,0.2834453880786896,-1.5840975046157837,1.262926697731018,-0.2792830467224121,0.0,0.0,0.0,0.0,0.0,0.0,0.0
45057507193,0,0.02062404900789261,-0.05886286497116089,-0.8509345650672913,6.569455581484362e-05,-0.04113857448101044,-0.8442511558532715,0.003522371407598257,0.03326141834259033,0.004523141775280237,-0.04111691564321518,0.03544875979423523,0.006683409214019775,0.0062326896004378796,-0.003975400235503912,0.22266007959842682,0.0,0.0,-0.08707711100578308,-0.11983389407396317,-0.025605114176869392,-0.23689094185829163,-0.043828923255205154,0.03137192875146866,-0.36929064989089966,-0.48426979780197144,-0.7261146306991577,-46.66839599609375,-0.0002775713801383972,0.39721766114234924,-0.006297305226325989,-0.21491603553295135,0.08454128354787827,-0.3557654619216919,0.12307998538017273,12.464533805847168,10.888617515563965,11.196025848388672,12.141772270202637,-0.04752929508686066,-0.03373046964406967,0.018398437649011612,-0.02299804612994194,0.0,-0.05309872701764107,-0.013601715676486492,0.017358025535941124,-0.026284970343112946,0.0,-0.13875608146190643,0.17145408689975739,-9.680585861206055,-0.09027024358510971,-0.13709896802902222,-8.491485595703125,0.0,0.0,0.0,0.0,0.0,0.0,0.0,0.0,0.0,0.0,0.0,0.0,-0.06138564646244049,-0.012568486854434013,0.02115894854068756,-0.02287948504090309,0.28972700238227844,0.2588587701320648,0.26491954922676086,0.2834453880786896,-1.5840975046157837,1.262926697731018,-0.2792830467224121,0.0,0.0,0.0,0.0,0.0,0.0,0.0
45066855840,0,0.020795242860913277,-0.0588642880320549,-0.8506008982658386,6.569455581484362e-05,-0.04113857448101044,-0.8442511558532715,-0.003923680167645216,0.03442114219069481,0.016342733055353165,-0.041459307074546814,0.035451605916023254,0.006349742412567139,0.0020926310680806637,-0.00369016220793128,0.21546126902103424,0.0,0.0,-0.1544087827205658,-0.14020904898643494,0.0019667630549520254,-0.24256081879138947,-0.01875905692577362,0.028027040883898735,-0.4434429407119751,-0.405535489320755,-0.7912805676460266,-47.046714782714844,0.04277927428483963,0.3710786700248718,-0.058312222361564636,-0.21430949866771698,0.08326462656259537,-0.35604944825172424,0.1252962052822113,13.889012336730957,9.785751342773438,12.563982963562012,10.830721855163574,-0.04752929508686066,-0.03066406212747097,0.019931640475988388,-0.02299804612994194,0.0,-0.047255173325538635,-0.009867938235402107,0.015138552524149418,-0.03410651907324791,0.0,-0.3431480824947357,-0.364593505859375,-9.323673248291016,-0.07724948227405548,-0.14306433498859406,-8.587850570678711,0.0,0.0,0.0,0.0,0.0,0.0,0.0,0.0,0.0,0.0,0.0,0.0,-0.05887278914451599,-0.01248376164585352,0.020086001604795456,-0.024327535182237625,0.3172077238559723,0.23695233464241028,0.29165831208229065,0.2577149569988251,-1.1561616659164429,1.4503521919250488,-0.46788695454597473,0.0,0.0,0.0,0.0,0.0,0.0,0.0
45076833666,0,0.020795242860913277,-0.0588642880320549,-0.8506008982658386,6.569455581484362e-05,-0.04113857448101044,-0.8442511558532715,-0.003923680167645216,0.03442114219069481,0.016342733055353165,-0.041459307074546814,0.035451605916023254,0.006349742412567139,0.0020926310680806637,-0.00369016220793128,0.21546126902103424,0.0,0.0,-0.1544087827205658,-0.14592868089675903,0.03756717965006828,-0.2911294102668762,-0.01875905692577362,0.028027040883898735,-0.4434429407119751,-0.3680758476257324,-0.7441237568855286,-47.19482421875,0.07387328147888184,0.3244889974594116,-0.14800643920898438,-0.21382376551628113,0.08117420971393585,-0.3555508255958557,0.1268923282623291,16.152679443359375,7.695380210876465,14.865087509155273,8.509172439575195,-0.04752929508686066,-0.03066406212747097,0.019931640475988388,-0.02299804612994194,0.0,-0.03874252736568451,-0.012925531715154648,0.01081782579421997,-0.04295160248875618,0.0,-0.3431480824947357,-0.364593505859375,-9.323673248291016,-0.07724948227405548,-0.14306433498859406,-8.587850570678711,0.0,0.0,0.0,0.0,0.0,0.0,0.0,0.0,0.0,0.0,0.0,0.0,-0.05537004396319389,-0.012272700667381287,0.01854843832552433,-0.02689140848815441,0.36009669303894043,0.1947091668844223,0.335815966129303,0.21126988530158997,-0.4019932448863983,1.767780065536499,-1.927933692932129,0.0,0.0,0.0,0.0,0.0,0.0,0.0
45086963653,0,0.02079564891755581,-0.058784522116184235,-0.8503783345222473,6.569455581484362e-05,-0.04113857448101044,-0.8442511558532715,-0.010225154459476471,0.025568846613168716,0.013515115715563297,-0.04146011918783188,0.03529207035899162,0.00612717866897583,-0.0009572680573910475,-0.002957731718197465,0.20953984558582306,0.0,0.0,-0.3165035545825958,-0.14698489010334015,0.05397874489426613,-0.31536200642585754,0.005098878405988216,0.024183161556720734,-0.6300857067108154,-0.3680758476257324,-0.7441237568855286,-47.19482421875,0.07387328147888184,0.3244889974594116,-0.14800643920898438,-0.21382376551628113,0.08117420971393585,-0.3555508255958557,0.1268923282623291,16.152679443359375,7.695380210876465,14.865087509155273,8.509172439575195,-0.04906250163912773,-0.029130859300494194,0.021464843302965164,-0.019931640475988388,0.0,-0.03874252736568451,-0.012925531715154648,0.01081782579421997,-0.04295160248875618,0.0,-0.1877511739730835,0.32944318652153015,-9.854164123535156,-0.06143709272146225,-0.12903089821338654,-8.563289642333984,0.0,0.0,0.0,0.0,0.0,0.0,0.0,0.0,0.0,0.0,0.0,0.0,-0.050971828401088715,-0.012148311361670494,0.01656505838036537,-0.03070785664021969,0.36009669303894043,0.1947091668844223,0.335815966129303,0.21126988530158997,-0.281016081571579,1.8116458654403687,-2.2245254516601562,0.0,0.0,0.0,0.0,0.0,0.0,0.0
45096934051,0,0.02079630084335804,-0.05878822132945061,-0.8502776622772217,6.569455581484362e-05,-0.04113857448101044,-0.8442511558532715,-0.009242778643965721,0.02683436870574951,0.011042791418731213,-0.04146142303943634,0.03529946878552437,0.006026506423950195,-0.0020758796017616987,-0.0023167545441538095,0.20643579959869385,0.0,0.0,-0.4062791168689728,-0.14698489010334015,0.05397874489426613,-0.31536200642585754,0.01449024211615324,0.020040469244122505,-0.6263800859451294,-0.3379040062427521,-0.7096699476242065,-47.09809112548828,0.08414222300052643,0.3029375374317169,-0.12441703677177429,-0.21370059251785278,0.08014307916164398,-0.3549922704696655,0.12709933519363403,15.520715713500977,8.3104829788208,14.269125938415527,9.024829864501953,-0.04906250163912773,-0.029130859300494194,0.021464843302965164,-0.024531250819563866,0.0,-0.038838941603899,-0.012134866788983345,0.009677688591182232,-0.040313318371772766,0.0,-0.1877511739730835,0.32944318652153015,-9.854164123535156,-0.06398413330316544,-0.13124777376651764,-8.54427433013916,0.0,0.0,0.0,0.0,0.0,0.0,0.0,0.0,0.0,0.0,0.0,0.0,-0.04655654728412628,-0.012194078415632248,0.014476490207016468,-0.034722425043582916,0.3482167720794678,0.20724038779735565,0.3244754374027252,0.2216869443655014,-0.281016081571579,1.8116458654403687,-2.2245254516601562,0.0,0.0,0.0,0.0,0.0,0.0,0.0
45107073681,0,0.02079630084335804,-0.05878822132945061,-0.8502776622772217,6.569455581484362e-05,-0.04113857448101044,-0.8442511558532715,-0.009242778643965721,0.02683436870574951,0.011042791418731213,-0.04146142303943634,0.03529946878552437,0.006026506423950195,-0.0020758796017616987,-0.0023167545441538095,0.20643579959869385,0.0,0.0,-0.4062791168689728,-0.138825461268425,0.08574633300304413,-0.377840518951416,0.01449024211615324,0.020040469244122505,-0.6263800859451294,-0.33747583627700806,-0.712370753288269,-47.008338928222656,0.08792592585086823,0.26172158122062683,-0.14489880204200745,-0.21370410919189453,0.07760848104953766,-0.35293030738830566,0.12669707834720612,15.95390510559082,7.843597412109375,14.816173553466797,8.42153549194336,-0.04906250163912773,-0.029130859300494194,0.019931640475988388,-0.026064453646540642,0.0,-0.037834495306015015,-0.012716665863990784,0.009374336339533329,-0.043334923684597015,0.0,-0.1877511739730835,0.32944318652153015,-9.854164123535156,-0.06398413330316544,-0.13124777376651764,-8.54427433013916,0.0,0.0,0.0,0.0,0.0,0.0,0.0,0.0,0.0,0.0,0.0,0.0,-0.04291016608476639,-0.012268975377082825,0.012602399103343487,-0.03798960894346237,0.35636773705482483,0.19773656129837036,0.33488762378692627,0.20949360728263855,0.11459316313266754,1.5826339721679688,-2.8593697547912598,0.0,0.0,0.0,0.0,0.0,0.0,0.0
45116967540,0,0.020720312371850014,-0.058828167617321014,-0.85008305311203,6.569455581484362e-05,-0.04113857448101044,-0.8442511558532715,-0.011184697970747948,0.03287157788872719,0.01102687418460846,-0.04130944609642029,0.03537936508655548,0.005831897258758545,-0.0036356323398649693,-0.0008706084336154163,0.19951552152633667,0.0,0.0,-0.4062791168689728,-0.13302664458751678,0.09049805253744125,-0.4290844202041626,0.02785487286746502,0.010363937355577946,-0.7251732349395752,-0.34365665912628174,-0.7927180528640747,-47.00579833984375,0.09160658717155457,0.25498467683792114,-0.09131869673728943,-0.21385708451271057,0.07760848104953766,-0.35293030738830566,0.12669707834720612,14.608109474182129,9.199045181274414,13.481342315673828,9.743675231933594,-0.04752929508686066,-0.026064453646540642,0.019931640475988388,-0.02299804612994194,0.0,-0.0434294231235981,-0.00801028497517109,0.012559599243104458,-0.04016202688217163,0.0,-0.1877511739730835,0.32944318652153015,-9.854164123535156,-0.06248302757740021,-0.14413055777549744,-8.5465087890625,0.0,0.0,0.0,0.0,0.0,0.0,0.0,0.0,0.0,0.0,0.0,0.0,-0.04048467427492142,-0.012144469656050205,0.011245968751609325,-0.040297042578458786,0.35636773705482483,0.19773656129837036,0.33488762378692627,0.20949360728263855,0.2672692835330963,1.0763003826141357,-3.8845157623291016,0.0,0.0,0.0,0.0,0.0,0.0,0.0
45126902953,0,0.020720312371850014,-0.058828167617321014,-0.85008305311203,6.569455581484362e-05,-0.04113857448101044,-0.8442511558532715,-0.011184697970747948,0.03287157788872719,0.01102687418460846,-0.04130944609642029,0.03537936508655548,0.005831897258758545,-0.0036356323398649693,-0.0008706084336154163,0.19951552152633667,0.0,0.0,-0.4062791168689728,-0.13302664458751678,0.09049805253744125,-0.4290844202041626,0.048064280301332474,0.004028132651001215,-0.9396327137947083,-0.34365665912628174,-0.7927180528640747,-47.00579833984375,0.09160658717155457,0.25498467683792114,-0.09131869673728943,-0.21385708451271057,0.07628506422042847,-0.3516251742839813,0.12578031420707703,14.608109474182129,9.199045181274414,13.481342315673828,9.743675231933594,-0.04752929508686066,-0.029130859300494194,0.018398437649011612,-0.036796875298023224,0.0,-0.0434294231235981,-0.00801028497517109,0.012559599243104458,-0.04016202688217163,0.0,-0.1877511739730835,0.32944318652153015,-9.854164123535156,-0.06248302757740021,-0.14413055777549744,-8.5465087890625,0.0,0.0,0.0,0.0,0.0,0.0,0.0,0.0,0.0,0.0,0.0,0.0,-0.03957706689834595,-0.011537481099367142,0.010674318298697472,-0.0415533222258091,0.3309341073036194,0.2251930832862854,0.3093828558921814,0.23611152172088623,0.2672692835330963,1.0763003826141357,-3.8845157623291016,0.0,0.0,0.0,0.0,0.0,0.0,0.0
45137246438,0,0.020700937137007713,-0.05884005129337311,-0.849981963634491,6.569455581484362e-05,-0.04113857448101044,-0.8442511558532715,-0.010280638933181763,0.034952547401189804,0.009904381819069386,-0.04127069190144539,0.03540313243865967,0.005730807781219482,-0.004757346585392952,-1.0335370461689308e-05,0.1952323615550995,0.0,0.0,-0.5933115482330322,-0.11203492432832718,0.107301265001297,-0.5238618850708008,0.048064280301332474,0.004028132651001215,-0.9396327137947083,-0.34365665912628174,-0.7927180528640747,-47.00579833984375,0.09160658717155457,0.25498467683792114,-0.09131869673728943,-0.21385708451271057,0.07628506422042847,-0.3516251742839813,0.12578031420707703,14.608109474182129,9.199045181274414,13.481342315673828,9.743675231933594,-0.04752929508686066,-0.027597656473517418,0.018398437649011612,-0.039863280951976776,0.0,-0.0434294231235981,-0.00801028497517109,0.012559599243104458,-0.04016202688217163,0.0,-0.2364250272512436,0.07778805494308472,-9.815546035766602,-0.06506895273923874,-0.1480720192193985,-8.538982391357422,0.0,0.0,0.0,0.0,0.0,0.0,0.0,0.0,0.0,0.0,0.0,0.0,-0.039841558784246445,-0.010588093660771847,0.010741058737039566,-0.0419144444167614,0.3309341073036194,0.2251930832862854,0.3093828558921814,0.23611152172088623,0.7784913182258606,1.0413131713867188,-4.574243068695068,0.0,0.0,0.0,0.0,0.0,0.0,0.0
45147668385,0,0.020701944828033447,-0.05884696543216705,-0.8497132062911987,6.569455581484362e-05,-0.04113857448101044,-0.8442511558532715,-0.02122504450380802,0.03178657218813896,0.009754556231200695,-0.04127270728349686,0.03541696071624756,0.005462050437927246,-0.008320382796227932,0.0030984499026089907,0.18006835877895355,0.0,0.0,-0.6805933117866516,-0.11203492432832718,0.107301265001297,-0.5238618850708008,0.06938840448856354,-0.012938860803842545,-1.027706265449524,-0.26882901787757874,-0.8546092510223389,-47.023075103759766,0.08967472612857819,0.2230217009782791,-0.2425350695848465,-0.21444068849086761,0.07387883961200714,-0.34884923696517944,0.12231245636940002,18.349069595336914,5.464183330535889,17.31475830078125,5.924923896789551,-0.044462889432907104,-0.026064453646540642,0.018398437649011612,-0.036796875298023224,0.0,-0.03435635194182396,-0.004755180329084396,0.009478049352765083,-0.07436352968215942,0.0,-0.3291251063346863,-0.020735230296850204,-10.114397048950195,-0.04262169077992439,-0.14661046862602234,-8.540139198303223,0.0,0.0,0.0,0.0,0.0,0.0,0.0,0.0,0.0,0.0,0.0,0.0,-0.0402151420712471,-0.009495331905782223,0.010967293754220009,-0.04334645718336105,0.40084484219551086,0.14851245284080505,0.38175898790359497,0.15814979374408722,0.7784913182258606,1.0413131713867188,-4.574243068695068,0.0,0.0,0.0,0.0,0.0,0.0,0.0
45157153936,0,0.020701944828033447,-0.05884696543216705,-0.8497132062911987,6.569455581484362e-05,-0.04113857448101044,-0.8442511558532715,-0.02122504450380802,0.03178657218813896,0.009754556231200695,-0.04127270728349686,0.03541696071624756,0.005462050437927246,-0.008320382796227932,0.0030984499026089907,0.18006835877895355,0.0,0.0,-0.6805933117866516,-0.07997786998748779,0.09186720848083496,-0.6746026873588562,0.06938840448856354,-0.012938860803842545,-1.027706265449524,-0.34736111760139465,-0.6807460784912109,-47.02621841430664,0.0691608265042305,0.24234655499458313,-0.085689976811409,-0.2154303640127182,0.07181485742330551,-0.3456518054008484,0.11576139181852341,14.412280082702637,9.335023880004883,13.403867721557617,9.90424919128418,-0.036796875298023224,-0.02299804612994194,0.021464843302965164,-0.027597656473517418,0.0,-0.04148029908537865,-0.012458141893148422,0.009648660197854042,-0.035551104694604874,0.0,-0.3291251063346863,-0.020735230296850204,-10.114397048950195,-0.04262169077992439,-0.14661046862602234,-8.540139198303223,0.0,0.0,0.0,0.0,0.0,0.0,0.0,0.0,0.0,0.0,0.0,0.0,-0.040064968168735504,-0.008588726632297039,0.010953780263662338,-0.04640597105026245,0.3272055983543396,0.22792524099349976,0.3078922629356384,0.23931841552257538,1.3393610715866089,-0.5623495578765869,-6.694382190704346,0.0,0.0,0.0,0.0,0.0,0.0,0.0
45167213163,0,0.02078327164053917,-0.058924950659275055,-0.8494445085525513,6.569455581484362e-05,-0.04113857448101044,-0.8442511558532715,-0.018568433821201324,0.03522438928484917,0.014182615093886852,-0.0414353646337986,0.03557293117046356,0.005193352699279785,-0.00886204931885004,0.0036921321880072355,0.16594408452510834,0.0,0.0,-0.8077753782272339,-0.050474394112825394,0.07445012032985687,-0.7212733626365662,0.0743914246559143,-0.017061540856957436,-1.0110063552856445,-0.2720971405506134,-0.8392106294631958,-47.17449951171875,0.036318741738796234,0.26160383224487305,-0.16361646354198456,-0.2160475105047226,0.07181485742330551,-0.3456518054008484,0.11576139181852341,16.381145477294922,7.3405985832214355,15.408037185668945,8.07503890991211,-0.03526367247104645,-0.021464843302965164,0.019931640475988388,-0.03066406212747097,0.0,-0.03833032771945,-0.0046766530722379684,0.010259265080094337,-0.053937844932079315,0.0,-0.03710512816905975,0.36794692277908325,-9.316201210021973,-0.04947220906615257,-0.1525837481021881,-8.577181816101074,0.0,0.0,0.0,0.0,0.0,0.0,0.0,0.0,0.0,0.0,0.0,0.0,-0.039778321981430054,-0.008142534643411636,0.01072660181671381,-0.04854635149240494,0.3272055983543396,0.22792524099349976,0.3078922629356384,0.23931841552257538,2.285968542098999,-1.1053576469421387,-5.539604663848877,0.0,0.0,0.0,0.0,0.0,0.0,0.0
45177728255,0,0.020778758451342583,-0.05899577587842941,-0.8493085503578186,6.569455581484362e-05,-0.04113857448101044,-0.8442511558532715,-0.028905406594276428,0.033066727221012115,0.024568427354097366,-0.041426338255405426,0.03571458160877228,0.005057394504547119,-0.009359484538435936,0.00429667579010129,0.15936382114887238,0.0,0.0,-0.8077753782272339,-0.050474394112825394,0.07445012032985687,-0.7212733626365662,0.07958584278821945,-0.019218772649765015,-1.1533520221710205,-0.2720971405506134,-0.8392106294631958,-47.17449951171875,0.036318741738796234,0.26160383224487305,-0.16361646354198456,-0.2160475105047226,0.07088181376457214,-0.3442191481590271,0.11100101470947266,16.381145477294922,7.3405985832214355,15.408037185668945,8.07503890991211,-0.036796875298023224,-0.019931640475988388,0.016865234822034836,-0.036796875298023224,0.0,-0.03833032771945,-0.0046766530722379684,0.010259265080094337,-0.053937844932079315,0.0,-1.149437427520752,0.39635393023490906,-9.583024978637695,-0.028275270015001297,-0.15141361951828003,-8.656862258911133,0.0,0.0,0.0,0.0,0.0,0.0,0.0,0.0,0.0,0.0,0.0,0.0,-0.03951546549797058,-0.007642516400665045,0.010500468313694,-0.049745671451091766,0.3643740713596344,0.1874421238899231,0.34609106183052063,0.2024538218975067,2.285968542098999,-1.1053576469421387,-5.539604663848877,0.0,0.0,0.0,0.0,0.0,0.0,0.0
45187023105,0,0.020778758451342583,-0.05899577587842941,-0.8493085503578186,6.569455581484362e-05,-0.04113857448101044,-0.8442511558532715,-0.028905406594276428,0.033066727221012115,0.024568427354097366,-0.041426338255405426,0.03571458160877228,0.005057394504547119,-0.009359484538435936,0.00429667579010129,0.15936382114887238,0.0,0.0,-0.8077753782272339,0.017997868359088898,0.025500524789094925,-0.7853711247444153,0.07958584278821945,-0.019218772649765015,-1.1533520221710205,-0.14406977593898773,-0.731490433216095,-47.1395263671875,-0.04787119850516319,0.31844228506088257,-0.146668940782547,-0.2173883020877838,0.07044211775064468,-0.3423362374305725,0.10159239172935486,15.896638870239258,7.539970874786377,15.020785331726074,8.701650619506836,-0.039863280951976776,-0.02299804612994194,0.013798828236758709,-0.04599609225988388,0.0,-0.034344129264354706,-0.003794067306444049,0.0048776352778077126,-0.051044221967458725,0.0,-1.149437427520752,0.39635393023490906,-9.583024978637695,-0.028275270015001297,-0.15141361951828003,-8.656862258911133,0.0,0.0,0.0,0.0,0.0,0.0,0.0,0.0,0.0,0.0,0.0,0.0,-0.038983605802059174,-0.006808603182435036,0.010096480138599873,-0.05097559094429016,0.35529211163520813,0.19152936339378357,0.33876803517341614,0.21516521275043488,3.1557862758636475,-2.179349184036255,-4.063722133636475,0.0,0.0,0.0,0.0,0.0,0.0,0.0
45196994472,0,0.02084425278007984,-0.05914383381605148,-0.8490079641342163,6.569455581484362e-05,-0.04113857448101044,-0.8442511558532715,-0.021223129704594612,0.03424213454127312,0.009525824338197708,-0.041557326912879944,0.03601069748401642,0.004756808280944824,-0.008389114402234554,0.0042874570935964584,0.1451970487833023,0.0,0.0,-0.8526631593704224,0.017997868359088898,0.025500524789094925,-0.7853711247444153,0.07212664932012558,-0.020186932757496834,-1.189507246017456,-0.14406977593898773,-0.731490433216095,-47.1395263671875,-0.04787119850516319,0.31844228506088257,-0.146668940782547,-0.2173883020877838,0.07044211775064468,-0.3423362374305725,0.10159239172935486,15.896638870239258,7.539970874786377,15.020785331726074,8.701650619506836,-0.039863280951976776,-0.024531250819563866,0.015332031063735485,-0.05059570446610451,0.0,-0.034344129264354706,-0.003794067306444049,0.0048776352778077126,-0.051044221967458725,0.0,-0.7336652278900146,-0.43595069646835327,-9.992810249328613,-0.04427403211593628,-0.15149977803230286,-8.538491249084473,0.0,0.0,0.0,0.0,0.0,0.0,0.0,0.0,0.0,0.0,0.0,0.0,-0.038049809634685516,-0.005882926285266876,0.009183038957417011,-0.05172663927078247,0.35529211163520813,0.19152936339378357,0.33876803517341614,0.21516521275043488,3.1557862758636475,-2.179349184036255,-4.063722133636475,0.0,0.0,0.0,0.0,0.0,0.0,0.0
45208888332,0,0.02084425278007984,-0.05914383381605148,-0.8490079641342163,6.569455581484362e-05,-0.04113857448101044,-0.8442511558532715,-0.021223129704594612,0.03424213454127312,0.009525824338197708,-0.041557326912879944,0.03601069748401642,0.004756808280944824,-0.008389114402234554,0.0042874570935964584,0.1451970487833023,0.0,0.0,-0.8526631593704224,0.08381161838769913,-0.025228915736079216,-0.865943193435669,0.048995696008205414,-0.014682991430163383,-1.2128061056137085,-0.3108431100845337,-0.9503024816513062,-47.40959930419922,-0.1263972818851471,0.3734450936317444,-0.06155405938625336,-0.21906913816928864,0.071989506483078,-0.3418726325035095,0.09048217535018921,13.791685104370117,9.5369873046875,13.002006530761719,11.099518775939941,-0.038330078125,-0.02299804612994194,0.016865234822034836,-0.05059570446610451,0.0,-0.049615517258644104,-0.00126199284568429,0.015980035066604614,-0.04183397814631462,0.0,-0.7336652278900146,-0.43595069646835327,-9.992810249328613,-0.04427403211593628,-0.15149977803230286,-8.538491249084473,0.0,0.0,0.0,0.0,0.0,0.0,0.0,0.0,0.0,0.0,0.0,0.0,-0.03761124983429909,-0.004925406072288752,0.008451506495475769,-0.05154520273208618,0.35529211163520813,0.19152936339378357,0.33876803517341614,0.21516521275043488,2.811337471008301,-2.245546579360962,-3.8375415802001953,0.0,0.0,0.0,0.0,0.0,0.0,0.0
45217090983,0,0.02094113640487194,-0.05930832773447037,-0.8487375378608704,6.569455581484362e-05,-0.04113857448101044,-0.8442511558532715,-0.024736516177654266,0.029596364125609398,0.01450522243976593,-0.04175109416246414,0.036339689046144485,0.004486382007598877,-0.006700451485812664,0.0033992610406130552,0.12915678322315216,0.0,0.0,-0.8925634026527405,0.08381161838769913,-0.025228915736079216,-0.865943193435669,0.048995696008205414,-0.014682991430163383,-1.2128061056137085,-0.3108431100845337,-0.9503024816513062,-47.40959930419922,-0.1263972818851471,0.3734450936317444,-0.06155405938625336,-0.21906913816928864,0.071989506483078,-0.3418726325035095,0.09048217535018921,13.791685104370117,9.5369873046875,13.002006530761719,11.099518775939941,-0.03373046964406967,-0.021464843302965164,0.018398437649011612,-0.04906250163912773,0.0,-0.049615517258644104,-0.00126199284568429,0.015980035066604614,-0.04183397814631462,0.0,0.5487391352653503,0.4008246064186096,-9.579469680786133,-0.0365646630525589,-0.14307044446468353,-8.577921867370605,0.0,0.0,0.0,0.0,0.0,0.0,0.0,0.0,0.0,0.0,0.0,0.0,-0.03890617564320564,-0.0038952953182160854,0.008968775160610676,-0.05008886381983757,0.31534260511398315,0.23197562992572784,0.300141841173172,0.2630188763141632,2.811337471008301,-2.245546579360962,-3.8375415802001953,0.0,0.0,0.0,0.0,0.0,0.0,0.0
45228722083,0,0.020983999595046043,-0.05940164253115654,-0.8486158847808838,6.569455581484362e-05,-0.04113857448101044,-0.8442511558532715,-0.03871842846274376,0.01820281706750393,0.00808247085660696,-0.04183682054281235,0.03652631863951683,0.004364728927612305,-0.006217855494469404,0.003226705826818943,0.12100432813167572,0.0,0.0,-0.8925634026527405,0.11172495037317276,-0.03228696435689926,-0.8855985999107361,0.041736576706171036,-0.015184825286269188,-1.2032999992370605,-0.20110565423965454,-0.7868874669075012,-47.17856979370117,-0.16114258766174316,0.375188410282135,-0.0764501541852951,-0.21982122957706451,0.0731208547949791,-0.3420170247554779,0.08546538650989532,14.056459426879883,9.052328109741211,13.36778450012207,10.72819995880127,-0.03373046964406967,-0.018398437649011612,0.018398437649011612,-0.052128907293081284,0.0,-0.0418609157204628,-0.003516334807500243,0.008256674744188786,-0.04158851131796837,0.0,0.5487391352653503,0.4008246064186096,-9.579469680786133,-0.006368471775203943,-0.12376800179481506,-8.528429985046387,0.0,0.0,0.0,0.0,0.0,0.0,0.0,0.0,0.0,0.0,0.0,0.0,-0.041161470115184784,-0.003006754908710718,0.010160650126636028,-0.04783804342150688,0.32041263580322266,0.22224098443984985,0.307197630405426,0.2556881010532379,2.9880945682525635,-1.605949878692627,-3.097480535507202,0.0,0.0,0.0,0.0,0.0,0.0,0.0
45239884545,0,0.02080002799630165,-0.05950818583369255,-0.8483814001083374,6.569455581484362e-05,-0.04113857448101044,-0.8442511558532715,-0.03455456718802452,0.03576689586043358,0.010312636382877827,-0.04146887734532356,0.03673940524458885,0.004130244255065918,-1.2328357115620747e-05,0.000905230175703764,0.09586948156356812,0.0,0.0,-0.9025384783744812,0.11172495037317276,-0.03228696435689926,-0.8855985999107361,0.041736576706171036,-0.015184825286269188,-1.2032999992370605,-0.20110565423965454,-0.7868874669075012,-47.17856979370117,-0.16114258766174316,0.375188410282135,-0.0764501541852951,-0.21982122957706451,0.0731208547949791,-0.3420170247554779,0.08546538650989532,14.056459426879883,9.052328109741211,13.36778450012207,10.72819995880127,-0.036796875298023224,-0.018398437649011612,0.016865234822034836,-0.052128907293081284,0.0,-0.0418609157204628,-0.003516334807500243,0.008256674744188786,-0.04158851131796837,0.0,-1.0987991094589233,-0.09360197931528091,-10.196444511413574,-0.018233757466077805,-0.15768036246299744,-8.550674438476562,0.0,0.0,0.0,0.0,0.0,0.0,0.0,0.0,0.0,0.0,0.0,0.0,-0.04275745153427124,-0.0025597945787012577,0.010751785710453987,-0.045589178800582886,0.32041263580322266,0.22224098443984985,0.307197630405426,0.2556881010532379,2.9880945682525635,-1.605949878692627,-3.097480535507202,0.0,0.0,0.0,0.0,0.0,0.0,0.0
45246998225,0,0.02080002799630165,-0.05950818583369255,-0.8483814001083374,6.569455581484362e-05,-0.04113857448101044,-0.8442511558532715,-0.03455456718802452,0.03576689586043358,0.010312636382877827,-0.04146887734532356,0.03673940524458885,0.004130244255065918,-1.2328357115620747e-05,0.000905230175703764,0.09586948156356812,0.0,0.0,-0.9025384783744812,0.15732716023921967,-0.059352658689022064,-0.8926413655281067,0.0015235583996400237,-0.007034149020910263,-1.1901434659957886,-0.2576845586299896,-0.90134197473526,-47.194332122802734,-0.23862168192863464,0.40887996554374695,-0.06946073472499847,-0.22149305045604706,0.07656542956829071,-0.342724084854126,0.07539503276348114,13.816143989562988,9.06139087677002,13.266081809997559,11.079317092895508,-0.03526367247104645,-0.016865234822034836,0.018398437649011612,-0.052128907293081284,0.0,-0.04710226133465767,-0.0014551904750987887,0.01274143997579813,-0.04228240251541138,0.0,-0.6636989116668701,0.05416456609964371,-10.108158111572266,-0.018233757466077805,-0.15768036246299744,-8.550674438476562,0.0,0.0,0.0,0.0,0.0,0.0,0.0,0.0,0.0,0.0,0.0,0.0,-0.043618734925985336,-0.002421397715806961,0.010788987390697002,-0.04377693682909012,0.3158113360404968,0.22242335975170135,0.3052383065223694,0.26262080669403076,2.6557464599609375,-1.6221660375595093,-1.1038782596588135,0.0,0.0,0.0,0.0,0.0,0.0,0.0
45257523287,0,0.02080002799630165,-0.05950818583369255,-0.8483814001083374,6.569455581484362e-05,-0.04113857448101044,-0.8442511558532715,-0.03455456718802452,0.03576689586043358,0.010312636382877827,-0.04130210727453232,0.03661668673157692,0.004029333591461182,-1.2328357115620747e-05,0.000905230175703764,0.09586948156356812,0.0,0.0,-0.9100197553634644,0.1703147143125534,-0.07658376544713974,-0.8853002786636353,0.0015235583996400237,-0.007034149020910263,-1.1901434659957886,-0.05166065692901611,-0.779541015625,-46.710140228271484,-0.2709047794342041,0.42731013894081116,-0.06505812704563141,-0.22333525121212006,0.08171728253364563,-0.3444649875164032,0.06617884337902069,13.55880355834961,8.97411060333252,13.059110641479492,11.144744873046875,-0.036796875298023224,-0.015332031063735485,0.015332031063735485,-0.052128907293081284,0.0,-0.039588309824466705,0.0016256611561402678,0.003914400935173035,-0.04488825798034668,0.0,-0.6636989116668701,0.05416456609964371,-10.108158111572266,-0.02421906404197216,-0.12936687469482422,-8.495220184326172,0.0,0.0,0.0,0.0,0.0,0.0,0.0,0.0,0.0,0.0,0.0,0.0,-0.044096704572439194,-0.0021279999054968357,0.010553467087447643,-0.042698074132204056,0.3108721375465393,0.2206650823354721,0.3012450039386749,0.2639096975326538,0.6945682168006897,-0.8745240569114685,0.09575772285461426,0.0,0.0,0.0,0.0,0.0,0.0,0.0
45269068886,0,0.02071664296090603,-0.059446826577186584,-0.8482804894447327,6.569455581484362e-05,-0.04113857448101044,-0.8442511558532715,-0.030301446095108986,0.021675582975149155,0.0023902670945972204,-0.04115934297442436,0.036498602479696274,0.003976643085479736,0.0015324106207117438,1.1200568224012386e-05,0.08002889901399612,0.0,0.0,-0.9100197553634644,0.1645413488149643,-0.0710284486413002,-0.880721926689148,-0.011927109211683273,-0.002483860356733203,-1.180309534072876,-0.05166065692901611,-0.779541015625,-46.710140228271484,-0.2709047794342041,0.42731013894081116,-0.06505812704563141,-0.22333525121212006,0.08171728253364563,-0.3444649875164032,0.06617884337902069,13.55880355834961,8.97411060333252,13.059110641479492,11.144744873046875,-0.03526367247104645,-0.015332031063735485,0.013798828236758709,-0.052128907293081284,0.0,-0.039588309824466705,0.0016256611561402678,0.003914400935173035,-0.04488825798034668,0.0,-0.40073341131210327,0.3860149681568146,-10.157699584960938,-0.03700542822480202,-0.1600586175918579,-8.511574745178223,0.0,0.0,0.0,0.0,0.0,0.0,0.0,0.0,0.0,0.0,0.0,0.0,-0.0438464879989624,-0.0014331759884953499,0.009619754739105701,-0.042451415210962296,0.3108721375465393,0.2206650823354721,0.3012450039386749,0.2639096975326538,0.0003192466392647475,-0.16686491668224335,0.27675941586494446,0.0,0.0,0.0,0.0,0.0,0.0,0.0
45277724675,0,0.0206452626734972,-0.05938778445124626,-0.8482277989387512,6.569455581484362e-05,-0.04113857448101044,-0.8442511558532715,-0.025013543665409088,0.03723501041531563,0.004111173562705517,-0.04115934297442436,0.036498602479696274,0.003976643085479736,0.0036327678244560957,-0.0005881357355974615,0.07216600328683853,0.0,0.0,-0.9100197553634644,0.1645413488149643,-0.0710284486413002,-0.880721926689148,-0.02774519845843315,-7.379479939118028e-05,-1.1664066314697266,-0.133204847574234,-0.7115178108215332,-46.72370910644531,-0.2702144682407379,0.4139846861362457,-0.059134989976882935,-0.22426745295524597,0.08434202522039413,-0.3454326093196869,0.06235948204994202,13.392314910888672,9.127654075622559,12.943446159362793,11.288040161132812,-0.03526367247104645,-0.015332031063735485,0.013798828236758709,-0.05059570446610451,0.0,-0.04051368311047554,-0.0043060970492661,0.004240427631884813,-0.039719149470329285,0.0,-0.40073341131210327,0.3860149681568146,-10.157699584960938,-0.03700542822480202,-0.1600586175918579,-8.511574745178223,0.0,0.0,0.0,0.0,0.0,0.0,0.0,0.0,0.0,0.0,0.0,0.0,-0.0429803729057312,-0.0008006571442820132,0.008122790604829788,-0.04254131391644478,0.30774566531181335,0.22414499521255493,0.29881250858306885,0.2664736807346344,0.0003192466392647475,-0.16686491668224335,0.27675941586494446,0.0,0.0,0.0,0.0,0.0,0.0,0.0
45286932288,0,0.0206452626734972,-0.05938778445124626,-0.8482277989387512,6.569455581484362e-05,-0.04113857448101044,-0.8442511558532715,-0.025013543665409088,0.03723501041531563,0.004111173562705517,-0.04115934297442436,0.036498602479696274,0.003976643085479736,0.0036327678244560957,-0.0005881357355974615,0.07216600328683853,0.0,0.0,-0.9100197553634644,0.13418911397457123,-0.07769663631916046,-0.8886358737945557,-0.02774519845843315,-7.379479939118028e-05,-1.1664066314697266,-0.10997878015041351,-0.8469552397727966,-47.222225189208984,-0.2628682255744934,0.4412590563297272,-0.02258230745792389,-0.2259950190782547,0.08885335922241211,-0.3471566438674927,0.05612392723560333,12.657090187072754,10.157099723815918,12.093116760253906,12.342841148376465,-0.03526367247104645,-0.015332031063735485,0.013798828236758709,-0.05059570446610451,0.0,-0.04615447670221329,0.0014683092013001442,0.00766398198902607,-0.041023727506399155,0.0,-0.40073341131210327,0.3860149681568146,-10.157699584960938,-0.03700542822480202,-0.1600586175918579,-8.511574745178223,0.0,0.0,0.0,0.0,0.0,0.0,0.0,0.0,0.0,0.0,0.0,0.0,-0.04231676831841469,-0.0005963992443867028,0.006813058629631996,-0.042363401502370834,0.2934646010398865,0.2443571239709854,0.282496839761734,0.28736114501953125,-1.0926284790039062,-0.5230274200439453,-0.15818887948989868,0.0,0.0,0.0,0.0,0.0,0.0,0.0
45299036047,0,0.02042490802705288,-0.059187594801187515,-0.8481194972991943,6.569455581484362e-05,-0.04113857448101044,-0.8442511558532715,-0.03291172906756401,0.03301301226019859,0.013615082018077374,-0.04071863368153572,0.03609822317957878,0.0038683414459228516,0.005804627668112516,-0.0022129074204713106,0.05575341731309891,0.0,0.0,-0.9100197553634644,0.12434416264295578,-0.08585646748542786,-0.8779657483100891,-0.05075202137231827,0.01117549929767847,-1.1473495960235596,-0.055351126939058304,-0.8424495458602905,-47.016624450683594,-0.2628682255744934,0.4412590563297272,-0.02258230745792389,-0.2259950190782547,0.08885335922241211,-0.3471566438674927,0.05612392723560333,12.707422256469727,9.986584663391113,12.118745803833008,12.230727195739746,-0.03373046964406967,-0.013798828236758709,0.015332031063735485,-0.05059570446610451,0.0,-0.044324617832899094,0.0032678465358912945,0.005922573618590832,-0.04285014793276787,0.0,0.41617390513420105,-0.12824134528636932,-9.548148155212402,-0.019996142014861107,-0.15399186313152313,-8.585859298706055,0.0,0.0,0.0,0.0,0.0,0.0,0.0,0.0,0.0,0.0,0.0,0.0,-0.04235392436385155,-0.00029831563006155193,0.0060876659117639065,-0.04205276444554329,0.2934646010398865,0.2443571239709854,0.282496839761734,0.28736114501953125,-0.9895949363708496,-0.6083803772926331,0.45523422956466675,0.0,0.0,0.0,0.0,0.0,0.0,0.0
45307107412,0,0.020382078364491463,-0.059059735387563705,-0.8480529189109802,6.569455581484362e-05,-0.04113857448101044,-0.8442511558532715,-0.03778654709458351,0.032075222581624985,0.008934030309319496,-0.04063297435641289,0.03584250062704086,0.0038017630577087402,0.006464459002017975,-0.0029999883845448494,0.04817987605929375,0.0,0.0,-0.9100197553634644,0.12434416264295578,-0.08585646748542786,-0.8779657483100891,-0.06275198608636856,0.01502235233783722,-1.1382880210876465,-0.055351126939058304,-0.8424495458602905,-47.016624450683594,-0.26828864216804504,0.4553079903125763,-0.02617594599723816,-0.22690266370773315,0.0910884439945221,-0.3483453691005707,0.05328455567359924,12.707422256469727,9.986584663391113,12.118745803833008,12.230727195739746,-0.03373046964406967,-0.013798828236758709,0.013798828236758709,-0.05059570446610451,0.0,-0.04440232738852501,0.003169057425111532,0.005841163452714682,-0.04293088987469673,0.0,-0.7791098356246948,-0.16627991199493408,-9.465471267700195,-0.010063841007649899,-0.15317264199256897,-8.548477172851562,0.0,0.0,0.0,0.0,0.0,0.0,0.0,0.0,0.0,0.0,0.0,0.0,-0.04282384365797043,0.0004187662561889738,0.005777023732662201,-0.041966598480939865,0.29444047808647156,0.2409605234861374,0.28299665451049805,0.2851787805557251,-0.9895949363708496,-0.6083803772926331,0.45523422956466675,0.0,0.0,0.0,0.0,0.0,0.0,0.0
45317123688,0,0.020382078364491463,-0.059059735387563705,-0.8480529189109802,6.569455581484362e-05,-0.04113857448101044,-0.8442511558532715,-0.03778654709458351,0.032075222581624985,0.008934030309319496,-0.0401097908616066,0.0347648523747921,0.0035734176635742188,0.006464459002017975,-0.0029999883845448494,0.04817987605929375,0.0,0.0,-0.9100197553634644,0.10421241819858551,-0.08260595053434372,-0.8617976903915405,-0.06275198608636856,0.01502235233783722,-1.1382880210876465,-0.055351126939058304,-0.8424495458602905,-47.016624450683594,-0.26828864216804504,0.4553079903125763,-0.02617594599723816,-0.22690266370773315,0.0910884439945221,-0.3483453691005707,0.05328455567359924,12.707422256469727,9.986584663391113,12.118745803833008,12.230727195739746,-0.03373046964406967,-0.013798828236758709,0.012265625409781933,-0.05059570446610451,0.0,-0.04440232738852501,0.003169057425111532,0.005841163452714682,-0.04293088987469673,0.0,-0.42833855748176575,-0.032383836805820465,-9.333662033081055,-0.015027996152639389,-0.1572628915309906,-8.550373077392578,0.0,0.0,0.0,0.0,0.0,0.0,0.0,0.0,0.0,0.0,0.0,0.0,-0.04334264248609543,0.0012834967346861959,0.005639837589114904,-0.04209843650460243,0.29444047808647156,0.2409605234861374,0.28299665451049805,0.2851787805557251,-1.0228538513183594,-0.02927340194582939,0.6197812557220459,0.0,0.0,0.0,0.0,0.0,0.0,0.0
45327336799,0,0.020120488479733467,-0.05852091312408447,-0.8478245735168457,6.569455581484362e-05,-0.04113857448101044,-0.8442511558532715,-0.03493952378630638,0.03302803635597229,0.008266194723546505,-0.0401097908616066,0.0347648523747921,0.0035734176635742188,0.009574620053172112,-0.0045681307092309,0.024978460744023323,0.0,0.0,-0.9100197553634644,0.10421241819858551,-0.08260595053434372,-0.8617976903915405,-0.08154229819774628,0.021532461047172546,-1.115480661392212,-0.15912029147148132,-0.8895583748817444,-46.720603942871094,-0.2659287750720978,0.4527413547039032,-0.02016410231590271,-0.22854427993297577,0.09501685202121735,-0.35071903467178345,0.04946798086166382,12.48276138305664,10.07032299041748,11.894640922546387,12.2987060546875,-0.03373046964406967,-0.013798828236758709,0.009199218824505806,-0.04906250163912773,0.0,-0.049623291939496994,0.000976255745626986,0.010286008939146996,-0.041208405047655106,0.0,-0.42833855748176575,-0.032383836805820465,-9.333662033081055,-0.015027996152639389,-0.1572628915309906,-8.550373077392578,0.0,0.0,0.0,0.0,0.0,0.0,0.0,0.0,0.0,0.0,0.0,0.0,-0.044034190475940704,0.0019555611070245504,0.0058145662769675255,-0.042237427085638046,0.29008108377456665,0.24262948334217072,0.27862194180488586,0.28650233149528503,-1.0228538513183594,-0.02927340194582939,0.6197812557220459,0.0,0.0,0.0,0.0,0.0,0.0,0.0
45337131560,0,0.020120488479733467,-0.05852091312408447,-0.8478245735168457,6.569455581484362e-05,-0.04113857448101044,-0.8442511558532715,-0.03493952378630638,0.03302803635597229,0.008266194723546505,-0.0401097908616066,0.0347648523747921,0.0035734176635742188,0.009574620053172112,-0.0045681307092309,0.024978460744023323,0.0,0.0,-0.9100197553634644,0.08348199725151062,-0.06601545214653015,-0.8587170839309692,-0.08154229819774628,0.021532461047172546,-1.115480661392212,-0.10907340049743652,-0.8430394530296326,-47.32754898071289,-0.2595289945602417,0.44247519969940186,0.0013981461524963379,-0.2296428084373474,0.098741315305233,-0.3529037535190582,0.04680967330932617,12.086997985839844,10.788195610046387,11.514852523803711,12.963105201721191,-0.03526367247104645,-0.012265625409781933,0.010732421651482582,-0.04906250163912773,0.0,-0.048520274460315704,0.000916225544642657,0.007556478958576918,-0.03928372263908386,0.0,-0.42833855748176575,-0.032383836805820465,-9.333662033081055,-0.015027996152639389,-0.1572628915309906,-8.550373077392578,0.0,0.0,0.0,0.0,0.0,0.0,0.0,0.0,0.0,0.0,0.0,0.0,-0.045113906264305115,0.0022037706803530455,0.0063946363516151905,-0.04210657253861427,0.28237730264663696,0.25687456130981445,0.2711851894855499,0.29938986897468567,-1.179624319076538,0.5670085549354553,0.23329827189445496,0.0,0.0,0.0,0.0,0.0,0.0,0.0
45347234449,0,0.0200230423361063,-0.057906750589609146,-0.847680389881134,6.569455581484362e-05,-0.04113857448101044,-0.8442511558532715,-0.035122040659189224,0.03333298861980438,0.014795594848692417,-0.039914898574352264,0.03353651985526085,0.003429234027862549,0.010346371680498123,-0.005664294585585594,0.009745622985064983,0.0,0.0,-0.8900696635246277,0.07001477479934692,-0.05120541527867317,-0.8497126698493958,-0.08910191059112549,0.029226062819361687,-1.0975197553634644,-0.10907340049743652,-0.8430394530296326,-47.32754898071289,-0.2595289945602417,0.44247519969940186,0.0013981461524963379,-0.2296428084373474,0.098741315305233,-0.3529037535190582,0.04680967330932617,11.646984100341797,11.229625701904297,11.108719825744629,13.328384399414062,-0.03526367247104645,-0.012265625409781933,0.012265625409781933,-0.04906250163912773,0.0,-0.05035486817359924,0.0008802108350209892,0.007832752540707588,-0.0382065623998642,0.0,-0.42833855748176575,-0.032383836805820465,-9.333662033081055,-0.014455733820796013,-0.16063478589057922,-8.597847938537598,0.0,0.0,0.0,0.0,0.0,0.0,0.0,0.0,0.0,0.0,0.0,0.0,-0.046409014612436295,0.0020893639884889126,0.0070329769514501095,-0.041560422629117966,0.28237730264663696,0.25687456130981445,0.2711851894855499,0.29938986897468567,-1.271348476409912,0.9747059941291809,0.4963102638721466,0.0,0.0,0.0,0.0,0.0,0.0,0.0
45358726020,0,0.01997397653758526,-0.057559601962566376,-0.8476049304008484,6.569455581484362e-05,-0.04113857448101044,-0.8442511558532715,-0.028304696083068848,0.041508182883262634,0.011695505119860172,-0.03981676697731018,0.03284221887588501,0.0033537745475769043,0.011052151210606098,-0.005803774110972881,0.002427218249067664,0.0,0.0,-0.8900696635246277,0.07001477479934692,-0.05120541527867317,-0.8497126698493958,-0.0946597158908844,0.029806610196828842,-1.0653350353240967,-0.0795065388083458,-0.8834913372993469,-47.28816223144531,-0.2525761127471924,0.4251936078071594,0.017916321754455566,-0.23046159744262695,0.10061509907245636,-0.3539286255836487,0.04586540162563324,11.646984100341797,11.229625701904297,11.108719825744629,13.328384399414062,-0.03526367247104645,-0.012265625409781933,0.010732421651482582,-0.04906250163912773,0.0,-0.05076222121715546,0.003005429171025753,0.008099077269434929,-0.04013215750455856,0.0,-0.42833855748176575,-0.032383836805820465,-9.333662033081055,-0.027918947860598564,-0.17836642265319824,-8.571131706237793,0.0,0.0,0.0,0.0,0.0,0.0,0.0,0.0,0.0,0.0,0.0,0.0,-0.04770823195576668,0.0019096771720796824,0.007494042627513409,-0.040811460465192795,0.2737758457660675,0.2655808925628662,0.26320016384124756,0.30643877387046814,-1.271348476409912,0.9747059941291809,0.4963102638721466,0.0,0.0,0.0,0.0,0.0,0.0,0.0
45367546234,0,0.01997397653758526,-0.057559601962566376,-0.8476049304008484,6.569455581484362e-05,-0.04113857448101044,-0.8442511558532715,-0.028304696083068848,0.041508182883262634,0.011695505119860172,-0.03981676697731018,0.03284221887588501,0.0033537745475769043,0.011052151210606098,-0.005803774110972881,0.002427218249067664,0.0,0.0,-0.8900696635246277,0.03886648267507553,-0.034887682646512985,-0.8261304497718811,-0.0946597158908844,0.029806610196828842,-1.0653350353240967,-0.0795065388083458,-0.8834913372993469,-47.28816223144531,-0.2525761127471924,0.4251936078071594,0.017916321754455566,-0.23046159744262695,0.10061509907245636,-0.3539286255836487,0.04586540162563324,11.646984100341797,11.229625701904297,11.108719825744629,13.328384399414062,-0.03526367247104645,-0.013798828236758709,0.010732421651482582,-0.04906250163912773,0.0,-0.05076222121715546,0.003005429171025753,0.008099077269434929,-0.04013215750455856,0.0,0.0934261679649353,0.516152560710907,-10.00436782836914,-0.027918947860598564,-0.17836642265319824,-8.571131706237793,0.0,0.0,0.0,0.0,0.0,0.0,0.0,0.0,0.0,0.0,0.0,0.0,-0.048891954123973846,0.0019254607614129782,0.007820160128176212,-0.04022892937064171,0.2737758457660675,0.2655808925628662,0.26320016384124756,0.30643877387046814,-1.4351832866668701,0.8404313325881958,0.9432643055915833,0.0,0.0,0.0,0.0,0.0,0.0,0.0
45377250419,0,0.01993389241397381,-0.05690733715891838,-0.8474353551864624,6.569455581484362e-05,-0.04113857448101044,-0.8442511558532715,-0.026225537061691284,0.0498969703912735,0.005041990429162979,-0.03973659500479698,0.03153768181800842,0.003184199333190918,0.011669383384287357,-0.006198206450790167,-0.01198036503046751,0.0,0.0,-0.8825883865356445,0.03886648267507553,-0.034887682646512985,-0.8261304497718811,-0.0999041423201561,0.03245900198817253,-1.0394787788391113,-0.19513028860092163,-0.9904864430427551,-46.99250793457031,-0.22343809902668,0.41333258152008057,0.014142870903015137,-0.2318740040063858,0.10363134741783142,-0.3554900884628296,0.04520958662033081,11.694952964782715,11.123836517333984,11.102080345153809,13.096160888671875,-0.036796875298023224,-0.013798828236758709,0.010732421651482582,-0.04752929508686066,0.0,-0.057425178587436676,0.0026217526756227016,0.015055572614073753,-0.040728360414505005,0.0,-0.364854633808136,0.2688570022583008,-9.699563980102539,-0.0313849039375782,-0.19801251590251923,-8.520176887512207,0.0,0.0,0.0,0.0,0.0,0.0,0.0,0.0,0.0,0.0,0.0,0.0,-0.050126608461141586,0.00211480725556612,0.008352931588888168,-0.03995208069682121,0.2747153043746948,0.26349782943725586,0.2630693316459656,0.3019605278968811,-1.4351832866668701,0.8404313325881958,0.9432643055915833,0.0,0.0,0.0,0.0,0.0,0.0,0.0
45389240330,0,0.01994030736386776,-0.056525617837905884,-0.8473672866821289,6.569455581484362e-05,-0.04113857448101044,-0.8442511558532715,-0.0266740582883358,0.0568886436522007,0.004683576058596373,-0.039749424904584885,0.03077424131333828,0.003116130828857422,0.012103079818189144,-0.005829159636050463,-0.019219931215047836,0.0,0.0,-0.8252317309379578,0.03890719264745712,-0.0034563487861305475,-0.8045440316200256,-0.0999041423201561,0.03245900198817253,-1.0394787788391113,-0.16318823397159576,-1.1308006048202515,-46.94994354248047,-0.25131291151046753,0.3774142265319824,0.06839686632156372,-0.23322942852973938,0.10670116543769836,-0.35652869939804077,0.04596744477748871,10.226571083068848,12.484405517578125,9.835493087768555,14.428714752197266,-0.03526367247104645,-0.012265625409781933,0.012265625409781933,-0.04599609225988388,0.0,-0.06958132982254028,0.007096300832927227,0.02074105478823185,-0.04129141941666603,0.0,0.0005457900115288794,0.6966429948806763,-9.779318809509277,-0.029953384771943092,-0.21371178328990936,-8.519041061401367,0.0,0.0,0.0,0.0,0.0,0.0,0.0,0.0,0.0,0.0,0.0,0.0,-0.052334025502204895,0.002525594085454941,0.009793140925467014,-0.03995763882994652,0.2747153043746948,0.26349782943725586,0.2630693316459656,0.3019605278968811,-0.37361711263656616,1.241052508354187,0.9793577194213867,0.0,0.0,0.0,0.0,0.0,0.0,0.0
45397206683,0,0.01994030736386776,-0.056525617837905884,-0.8473672866821289,6.569455581484362e-05,-0.04113857448101044,-0.8442511558532715,-0.0266740582883358,0.0568886436522007,0.004683576058596373,-0.039749424904584885,0.03077424131333828,0.003116130828857422,0.012103079818189144,-0.005829159636050463,-0.019219931215047836,0.0,0.0,-0.8252317309379578,0.03466504439711571,0.008589237928390503,-0.7937158346176147,-0.0999041423201561,0.03245900198817253,-1.0394787788391113,-0.1455991417169571,-1.0858169794082642,-47.09941864013672,-0.24902547895908356,0.36188703775405884,0.06517849862575531,-0.23373167216777802,0.10670116543769836,-0.35652869939804077,0.04596744477748871,10.324665069580078,12.468360900878906,9.97311019897461,14.358742713928223,-0.03526367247104645,-0.012265625409781933,0.012265625409781933,-0.044462889432907104,0.0,-0.0668245181441307,0.006284831557422876,0.01818140409886837,-0.040855709463357925,0.0,0.0005457900115288794,0.6966429948806763,-9.779318809509277,-0.029953384771943092,-0.21371178328990936,-8.519041061401367,0.0,0.0,0.0,0.0,0.0,0.0,0.0,0.0,0.0,0.0,0.0,0.0,-0.055914297699928284,0.0033271904103457928,0.012141278944909573,-0.0401604138314724,0.24573908746242523,0.29011309146881104,0.23794600367546082,0.32751861214637756,-0.3786531388759613,1.25003981590271,1.0867410898208618,0.0,0.0,0.0,0.0,0.0,0.0,0.0
45407724814,0,0.020029129460453987,-0.05585981532931328,-0.8472135663032532,6.569455581484362e-05,-0.04113857448101044,-0.8442511558532715,-0.028534768149256706,0.04720063880085945,0.009916278533637524,-0.03992707282304764,0.02944262884557247,0.0029624104499816895,0.012492602691054344,-0.0052832565270364285,-0.03342370688915253,0.0,0.0,-0.8252317309379578,0.03466504439711571,0.008589237928390503,-0.7937158346176147,-0.11007679253816605,0.02624809555709362,-0.9417318105697632,-0.1455991417169571,-1.0858169794082642,-47.09941864013672,-0.24902547895908356,0.36188703775405884,0.06517849862575531,-0.23373167216777802,0.10807017982006073,-0.35672858357429504,0.046673789620399475,10.324665069580078,12.468360900878906,9.97311019897461,14.358742713928223,-0.036796875298023224,-0.009199218824505806,0.010732421651482582,-0.04292968660593033,0.0,-0.0668245181441307,0.006284831557422876,0.01818140409886837,-0.040855709463357925,0.0,-0.16435126960277557,0.3578144609928131,-9.559867858886719,-0.02647257223725319,-0.19742126762866974,-8.563530921936035,0.0,0.0,0.0,0.0,0.0,0.0,0.0,0.0,0.0,0.0,0.0,0.0,-0.05981552600860596,0.004304624628275633,0.014528769999742508,-0.04040854051709175,0.24768885970115662,0.2898014187812805,0.24069194495677948,0.32618507742881775,-0.3786531388759613,1.25003981590271,1.0867410898208618,0.0,0.0,0.0,0.0,0.0,0.0,0.0
45419238975,0,0.020029129460453987,-0.05585981532931328,-0.8472135663032532,6.569455581484362e-05,-0.04113857448101044,-0.8442511558532715,-0.028534768149256706,0.04720063880085945,0.009916278533637524,-0.03992707282304764,0.02944262884557247,0.0029624104499816895,0.012492602691054344,-0.0052832565270364285,-0.03342370688915253,0.0,0.0,-0.8252317309379578,0.025180231779813766,0.03706600144505501,-0.7516148686408997,-0.11007679253816605,0.02624809555709362,-0.9417318105697632,-0.11378917843103409,-1.1044561862945557,-46.94301986694336,-0.24194686114788055,0.32462748885154724,0.06734533607959747,-0.23471085727214813,0.10807017982006073,-0.35672858357429504,0.046673789620399475,10.185722351074219,12.550536155700684,9.925628662109375,14.30433177947998,-0.038330078125,-0.010732421651482582,0.010732421651482582,-0.04292968660593033,0.0,-0.06738399714231491,0.007580088451504707,0.017691921442747116,-0.042333681136369705,0.0,-0.16435126960277557,0.3578144609928131,-9.559867858886719,-0.02647257223725319,-0.19742126762866974,-8.563530921936035,0.0,0.0,0.0,0.0,0.0,0.0,0.0,0.0,0.0,0.0,0.0,0.0,-0.06305335462093353,0.005210493225604296,0.0163543950766325,-0.04068126529455185,0.24768885970115662,0.2898014187812805,0.24069194495677948,0.32618507742881775,-0.40304669737815857,1.2368122339248657,1.8272229433059692,0.0,0.0,0.0,0.0,0.0,0.0,0.0
45427687307,0,0.0201277956366539,-0.055213138461112976,-0.8470314145088196,6.569455581484362e-05,-0.04113857448101044,-0.8442511558532715,-0.031293295323848724,0.047603826969861984,0.006218178663402796,-0.040124405175447464,0.02814926952123642,0.0027802586555480957,0.013339301571249962,-0.004596243612468243,-0.04664704203605652,0.0,0.0,-0.79031902551651,0.025180231779813766,0.03706600144505501,-0.7516148686408997,-0.10954587161540985,0.017490046098828316,-0.8844049572944641,-0.11378917843103409,-1.1044561862945557,-46.94301986694336,-0.24194686114788055,0.32462748885154724,0.06734533607959747,-0.23471085727214813,0.11125122010707855,-0.3565715551376343,0.049500733613967896,10.185722351074219,12.550536155700684,9.925628662109375,14.30433177947998,-0.039863280951976776,-0.012265625409781933,0.012265625409781933,-0.04292968660593033,0.0,-0.06738399714231491,0.007580088451504707,0.017691921442747116,-0.042333681136369705,0.0,-0.07116147130727768,-0.37296736240386963,-10.031745910644531,-0.020688941702246666,-0.20081022381782532,-8.535094261169434,0.0,0.0,0.0,0.0,0.0,0.0,0.0,0.0,0.0,0.0,0.0,0.0,-0.06541907042264938,0.0060335127636790276,0.017521649599075317,-0.04105212911963463,0.24492669105529785,0.2913973033428192,0.23974493145942688,0.32514721155166626,-0.40304669737815857,1.2368122339248657,1.8272229433059692,0.0,0.0,0.0,0.0,0.0,0.0,0.0
45437995043,0,0.02035745419561863,-0.05514645576477051,-0.8469468951225281,6.569455581484362e-05,-0.04113857448101044,-0.8442511558532715,-0.03214774653315544,0.04789692163467407,0.003197282087057829,-0.04058372601866722,0.028015902265906334,0.002695739269256592,0.013619923032820225,-0.004156556911766529,-0.053176116198301315,0.0,0.0,-0.7429375052452087,0.023254698142409325,0.05275110900402069,-0.732133150100708,-0.10938473790884018,0.01281382329761982,-0.8207570314407349,-0.10765817761421204,-1.1091440916061401,-46.821685791015625,-0.24248924851417542,0.3017297685146332,0.09696325659751892,-0.23504579067230225,0.11125122010707855,-0.3565715551376343,0.049500733613967896,9.37759780883789,13.295806884765625,9.191600799560547,14.979007720947266,-0.04139648377895355,-0.009199218824505806,0.013798828236758709,-0.044462889432907104,0.0,-0.07318521291017532,0.007415500935167074,0.019009802490472794,-0.040705740451812744,0.0,-0.2130180150270462,0.25128528475761414,-9.864520072937012,-0.01957421377301216,-0.2016625553369522,-8.513033866882324,0.0,0.0,0.0,0.0,0.0,0.0,0.0,0.0,0.0,0.0,0.0,0.0,-0.06721275299787521,0.0067160772159695625,0.018187934532761574,-0.04139590635895729,0.24492669105529785,0.2913973033428192,0.23974493145942688,0.32514721155166626,-0.27712932229042053,1.456841230392456,2.0360970497131348,0.0,0.0,0.0,0.0,0.0,0.0,0.0
45448808698,0,0.02035745419561863,-0.05514645576477051,-0.8469468951225281,6.569455581484362e-05,-0.04113857448101044,-0.8442511558532715,-0.03214774653315544,0.04789692163467407,0.003197282087057829,-0.04267389327287674,0.029762379825115204,0.0024439096450805664,0.013619923032820225,-0.004156556911766529,-0.053176116198301315,0.0,0.0,-0.7229873538017273,0.017857706174254417,0.09326829016208649,-0.6903083324432373,-0.10938473790884018,0.01281382329761982,-0.8207570314407349,-0.10714327543973923,-1.173954725265503,-46.774192810058594,-0.24248924851417542,0.3017297685146332,0.09696325659751892,-0.23504579067230225,0.11262110620737076,-0.35623547434806824,0.05125366151332855,9.700520515441895,12.941020011901855,9.626720428466797,14.526989936828613,-0.044462889432907104,-0.0076660155318677425,0.015332031063735485,-0.044462889432907104,0.0,-0.07309425622224808,0.009403588250279427,0.020512262359261513,-0.04356439411640167,0.0,-0.2130180150270462,0.25128528475761414,-9.864520072937012,-0.027966462075710297,-0.21368664503097534,-8.56714916229248,0.0,0.0,0.0,0.0,0.0,0.0,0.0,0.0,0.0,0.0,0.0,0.0,-0.0689251720905304,0.007280140183866024,0.018675794824957848,-0.04164460301399231,0.22877982258796692,0.30581119656562805,0.22504357993602753,0.337976336479187,-0.22301194071769714,1.7289354801177979,2.0888702869415283,0.0,0.0,0.0,0.0,0.0,0.0,0.0
45457267020,0,0.02140253409743309,-0.05601968988776207,-0.846695065498352,6.569455581484362e-05,-0.04113857448101044,-0.8442511558532715,-0.02926967479288578,0.055049628019332886,0.009548792615532875,-0.04267389327287674,0.029762379825115204,0.0024439096450805664,0.013866543769836426,-0.0008777471375651658,-0.07215850055217743,0.0,0.0,-0.7229873538017273,0.014045431278645992,0.10478849709033966,-0.6735294461250305,-0.11018107086420059,-0.007829351350665092,-0.8025103807449341,-0.13756653666496277,-1.1441034078598022,-46.90251159667969,-0.24316245317459106,0.24188707768917084,0.07112160325050354,-0.2356082946062088,0.11587347090244293,-0.3545021414756775,0.05645395815372467,9.953843116760254,12.75914192199707,9.94921588897705,14.262065887451172,-0.044462889432907104,-0.006132812704890966,0.016865234822034836,-0.044462889432907104,0.0,-0.0713127925992012,0.007819456048309803,0.0198061466217041,-0.04292143136262894,0.0,-0.22020868957042694,0.2681869864463806,-10.181264877319336,-0.027966462075710297,-0.21368664503097534,-8.56714916229248,0.0,0.0,0.0,0.0,0.0,0.0,0.0,0.0,0.0,0.0,0.0,0.0,-0.07045868039131165,0.007784594316035509,0.019152721390128136,-0.04195963591337204,0.24030785262584686,0.2954427897930145,0.24021543562412262,0.3243408203125,-0.25677764415740967,1.5240217447280884,2.1111600399017334,0.0,0.0,0.0,0.0,0.0,0.0,0.0
45467114624,0,0.02140253409743309,-0.05601968988776207,-0.846695065498352,6.569455581484362e-05,-0.04113857448101044,-0.8442511558532715,-0.02926967479288578,0.055049628019332886,0.009548792615532875,-0.04267389327287674,0.029762379825115204,0.0024439096450805664,0.013866543769836426,-0.0008777471375651658,-0.07215850055217743,0.0,0.0,-0.7229873538017273,0.010020830668509007,0.1052485853433609,-0.6544888019561768,-0.11247026920318604,-0.023723840713500977,-0.7180726528167725,-0.13198381662368774,-1.165765643119812,-47.30336380004883,-0.23363465070724487,0.21711365878582,0.07015900313854218,-0.23588460683822632,0.11887245625257492,-0.3519550859928131,0.062444061040878296,10.056608200073242,12.887351989746094,10.096701622009277,14.286946296691895,-0.04752929508686066,-0.006132812704890966,0.016865234822034836,-0.04292968660593033,0.0,-0.07117950171232224,0.008465823717415333,0.020050210878252983,-0.043542537838220596,0.0,-0.22020868957042694,0.2681869864463806,-10.181264877319336,-0.027966462075710297,-0.21368664503097534,-8.56714916229248,0.0,0.0,0.0,0.0,0.0,0.0,0.0,0.0,0.0,0.0,0.0,0.0,-0.07144652307033539,0.008142020553350449,0.019551686942577362,-0.042350366711616516,0.24235625565052032,0.29792484641075134,0.24315465986728668,0.3248155415058136,-0.26355746388435364,0.7887769341468811,2.062793493270874,0.0,0.0,0.0,0.0,0.0,0.0,0.0
45479243129,0,0.022145958617329597,-0.05690580606460571,-0.846505880355835,6.569455581484362e-05,-0.04113857448101044,-0.8442511558532715,-0.027738692238926888,0.05276791751384735,0.017733395099639893,-0.04416074976325035,0.03153461962938309,0.0022547245025634766,0.013744447380304337,0.0009864741005003452,-0.08398299664258957,0.0,0.0,-0.685580849647522,0.011829307302832603,0.10698633641004562,-0.6381109952926636,-0.11247026920318604,-0.023723840713500977,-0.7180726528167725,-0.13975749909877777,-1.157086968421936,-47.3525390625,-0.24577167630195618,0.20490537583827972,0.0960942804813385,-0.2359379082918167,0.12051555514335632,-0.3504546880722046,0.06609824299812317,9.383009910583496,13.548800468444824,9.498934745788574,14.947352409362793,-0.04906250163912773,-0.006132812704890966,0.018398437649011612,-0.04139648377895355,0.0,-0.07627100497484207,0.007618901785463095,0.021272366866469383,-0.041231997311115265,0.0,-0.22020868957042694,0.2681869864463806,-10.181264877319336,-0.034018803387880325,-0.20665618777275085,-8.627925872802734,0.0,0.0,0.0,0.0,0.0,0.0,0.0,0.0,0.0,0.0,0.0,0.0,-0.07212410867214203,0.008308669552206993,0.019885016605257988,-0.042627278715372086,0.22888846695423126,0.31067997217178345,0.23121298849582672,0.33737632632255554,-0.004693763796240091,0.5118101239204407,1.8671903610229492,0.0,0.0,0.0,0.0,0.0,0.0,0.0
45487855423,0,0.02254524827003479,-0.05734794959425926,-0.8464041948318481,6.569455581484362e-05,-0.04113857448101044,-0.8442511558532715,-0.032533202320337296,0.05581347644329071,0.015750380232930183,-0.044959332793951035,0.03241891413927078,0.00215303897857666,0.013740395195782185,0.0017599016427993774,-0.08959971368312836,0.0,0.0,-0.685580849647522,0.011829307302832603,0.10698633641004562,-0.6381109952926636,-0.11247026920318604,-0.023723840713500977,-0.7180726528167725,-0.13975749909877777,-1.157086968421936,-47.3525390625,-0.24577167630195618,0.20490537583827972,0.0960942804813385,-0.2359379082918167,0.12051555514335632,-0.3504546880722046,0.06609824299812317,9.383009910583496,13.548800468444824,9.498934745788574,14.947352409362793,-0.04906250163912773,-0.004599609412252903,0.018398437649011612,-0.04139648377895355,0.0,-0.07627100497484207,0.007618901785463095,0.021272366866469383,-0.041231997311115265,0.0,-0.22020868957042694,0.2681869864463806,-10.181264877319336,-0.025410454720258713,-0.2103794515132904,-8.609552383422852,0.0,0.0,0.0,0.0,0.0,0.0,0.0,0.0,0.0,0.0,0.0,0.0,-0.07298769056797028,0.008302418515086174,0.020248575136065483,-0.04261258989572525,0.22888846695423126,0.31067997217178345,0.23121298849582672,0.33737632632255554,-0.004693763796240091,0.5118101239204407,1.8671903610229492,0.0,0.0,0.0,0.0,0.0,0.0,0.0
45497020329,0,0.02254524827003479,-0.05734794959425926,-0.8464041948318481,6.569455581484362e-05,-0.04113857448101044,-0.8442511558532715,-0.032533202320337296,0.05581347644329071,0.015750380232930183,-0.044959332793951035,0.03241891413927078,0.00215303897857666,0.013740395195782185,0.0017599016427993774,-0.08959971368312836,0.0,0.0,-0.685580849647522,0.013037808239459991,0.1267034411430359,-0.6013820767402649,-0.11347375065088272,-0.03344487026333809,-0.7115423083305359,-0.13977427780628204,-1.12274968624115,-46.9307861328125,-0.249519944190979,0.1575167179107666,0.07810147106647491,-0.23586390912532806,0.12051555514335632,-0.3504546880722046,0.06609824299812317,9.652311325073242,13.05862045288086,9.92031478881836,14.325288772583008,-0.052128907293081284,-0.0076660155318677425,0.018398437649011612,-0.038330078125,0.0,-0.07287019491195679,0.006980921607464552,0.019153371453285217,-0.04216928407549858,0.0,-0.20795635879039764,0.4971305727958679,-9.704978942871094,-0.025410454720258713,-0.2103794515132904,-8.609552383422852,0.0,0.0,0.0,0.0,0.0,0.0,0.0,0.0,0.0,0.0,0.0,0.0,-0.07386138290166855,0.00814378447830677,0.02051854133605957,-0.04239385202527046,0.22888846695423126,0.31067997217178345,0.23121298849582672,0.33737632632255554,0.01580924168229103,0.8181426525115967,1.859281063079834,0.0,0.0,0.0,0.0,0.0,0.0,0.0
45509013449,0,0.023323455825448036,-0.05820077657699585,-0.8462139964103699,6.569455581484362e-05,-0.04113857448101044,-0.8442511558532715,-0.03415926173329353,0.054394397884607315,0.005889966618269682,-0.04651575908064842,0.034124575555324554,0.0019628405570983887,0.013979141600430012,0.0043597291223704815,-0.10011071711778641,0.0,0.0,-0.6780995726585388,0.013037808239459991,0.1267034411430359,-0.6013820767402649,-0.11253552883863449,-0.0547139011323452,-0.6887497901916504,-0.13977427780628204,-1.12274968624115,-46.9307861328125,-0.249519944190979,0.1575167179107666,0.07810147106647491,-0.23586390912532806,0.1237885132431984,-0.34711548686027527,0.07364383339881897,9.652311325073242,13.05862045288086,9.92031478881836,14.325288772583008,-0.05366211012005806,-0.009199218824505806,0.018398437649011612,-0.036796875298023224,0.0,-0.07287019491195679,0.006980921607464552,0.019153371453285217,-0.04216928407549858,0.0,-0.23458591103553772,-0.1988164335489273,-9.946537017822266,-0.025413503870368004,-0.20413629710674286,-8.532870292663574,0.0,0.0,0.0,0.0,0.0,0.0,0.0,0.0,0.0,0.0,0.0,0.0,-0.07426507025957108,0.00788061786442995,0.0204971544444561,-0.04220160096883774,0.23428437113761902,0.3012356758117676,0.23963896930217743,0.32554706931114197,0.01580924168229103,0.8181426525115967,1.859281063079834,0.0,0.0,0.0,0.0,0.0,0.0,0.0
45517043189,0,0.02392691746354103,-0.058937281370162964,-0.8460460305213928,6.569455581484362e-05,-0.04113857448101044,-0.8442511558532715,-0.03677687421441078,0.0595099963247776,0.005193178076297045,-0.04772268608212471,0.03559759259223938,0.0017948746681213379,0.013939090073108673,0.007003982551395893,-0.11096778512001038,0.0,0.0,-0.6780995726585388,0.006485636346042156,0.1293986737728119,-0.5878211855888367,-0.10379916429519653,-0.06786631792783737,-0.6790209412574768,-0.12088997662067413,-1.103859782218933,-46.919158935546875,-0.23253488540649414,0.14249591529369354,0.07383285462856293,-0.23574841022491455,0.1237885132431984,-0.34711548686027527,0.07364383339881897,9.761367797851562,12.996816635131836,10.02000617980957,14.166768074035645,-0.05366211012005806,-0.009199218824505806,0.018398437649011612,-0.038330078125,0.0,-0.07067009061574936,0.0070236315950751305,0.017642231658101082,-0.042632415890693665,0.0,-0.23458591103553772,-0.1988164335489273,-9.946537017822266,-0.021339518949389458,-0.21131256222724915,-8.532544136047363,0.0,0.0,0.0,0.0,0.0,0.0,0.0,0.0,0.0,0.0,0.0,0.0,-0.07410472631454468,0.007587140891700983,0.020168960094451904,-0.04212244972586632,0.23428437113761902,0.3012356758117676,0.23963896930217743,0.32554706931114197,-0.3327476978302002,0.527389407157898,1.5467629432678223,0.0,0.0,0.0,0.0,0.0,0.0,0.0
45527972918,0,0.02392691746354103,-0.058937281370162964,-0.8460460305213928,6.569455581484362e-05,-0.04113857448101044,-0.8442511558532715,-0.03677687421441078,0.0595099963247776,0.005193178076297045,-0.04772268608212471,0.03559759259223938,0.0017948746681213379,0.013939090073108673,0.007003982551395893,-0.11096778512001038,0.0,0.0,-0.6780995726585388,-0.0055291252210736275,0.11614470183849335,-0.5750314593315125,-0.10379916429519653,-0.06786631792783737,-0.6790209412574768,-0.116530641913414,-1.1453922986984253,-46.994354248046875,-0.21802814304828644,0.145873561501503,0.0982661247253418,-0.23541106283664703,0.12874093651771545,-0.34109264612197876,0.08637969195842743,9.198263168334961,13.642988204956055,9.39970588684082,14.778792381286621,-0.055195312947034836,-0.009199218824505806,0.019931640475988388,-0.039863280951976776,0.0,-0.07639726251363754,0.007907141000032425,0.02024409919977188,-0.041939876973629,0.0,-0.11259763687849045,0.09932463616132736,-9.870187759399414,-0.021339518949389458,-0.21131256222724915,-8.532544136047363,0.0,0.0,0.0,0.0,0.0,0.0,0.0,0.0,0.0,0.0,0.0,0.0,-0.07375778257846832,0.007377609144896269,0.01973104104399681,-0.04212431237101555,0.22517752647399902,0.3124893605709076,0.22922322154045105,0.3341778516769409,-0.5914461612701416,-0.29353949427604675,0.8579418063163757,0.0,0.0,0.0,0.0,0.0,0.0,0.0
45537280313,0,0.02451935224235058,-0.059765368700027466,-0.8459129333496094,6.569455581484362e-05,-0.04113857448101044,-0.8442511558532715,-0.03775233402848244,0.06052398681640625,0.0037545692175626755,-0.0489075630903244,0.03725377470254898,0.0016617774963378906,0.01368609257042408,0.00892509426921606,-0.12105422466993332,0.0,0.0,-0.6481744050979614,-0.0055291252210736275,0.11614470183849335,-0.5750314593315125,-0.10073079913854599,-0.08200978487730026,-0.6312792301177979,-0.116530641913414,-1.1453922986984253,-46.994354248046875,-0.21802814304828644,0.145873561501503,0.0982661247253418,-0.23541106283664703,0.12874093651771545,-0.34109264612197876,0.08637969195842743,9.198263168334961,13.642988204956055,9.39970588684082,14.778792381286621,-0.055195312947034836,-0.0076660155318677425,0.019931640475988388,-0.04139648377895355,0.0,-0.07639726251363754,0.007907141000032425,0.02024409919977188,-0.041939876973629,0.0,-0.006771395448595285,-0.189076766371727,-10.008827209472656,-0.02143041230738163,-0.21025800704956055,-8.524641036987305,0.0,0.0,0.0,0.0,0.0,0.0,0.0,0.0,0.0,0.0,0.0,0.0,-0.07381000369787216,0.00733151426538825,0.019490310922265053,-0.04212313890457153,0.22517752647399902,0.3124893605709076,0.22922322154045105,0.3341778516769409,-0.5914461612701416,-0.29353949427604675,0.8579418063163757,0.0,0.0,0.0,0.0,0.0,0.0,0.0
45547547908,0,0.02451935224235058,-0.059765368700027466,-0.8459129333496094,6.569455581484362e-05,-0.04113857448101044,-0.8442511558532715,-0.03775233402848244,0.06052398681640625,0.0037545692175626755,-0.050189632922410965,0.03916049376130104,0.0015295743942260742,0.01368609257042408,0.00892509426921606,-0.12105422466993332,0.0,0.0,-0.6182491779327393,-0.015623082406818867,0.11803658306598663,-0.5657420754432678,-0.10073079913854599,-0.08200978487730026,-0.6312792301177979,-0.13241150975227356,-1.1306425333023071,-46.86349105834961,-0.2062995433807373,0.11955180764198303,0.1201554462313652,-0.23487532138824463,0.12874093651771545,-0.34109264612197876,0.08637969195842743,8.59533405303955,14.216580390930176,8.842550277709961,15.234752655029297,-0.05672851577401161,-0.0076660155318677425,0.021464843302965164,-0.044462889432907104,0.0,-0.08174651861190796,0.006867298856377602,0.021630946546792984,-0.03993428871035576,0.0,-0.006771395448595285,-0.189076766371727,-10.008827209472656,-0.020071852952241898,-0.20603910088539124,-8.505522727966309,0.0,0.0,0.0,0.0,0.0,0.0,0.0,0.0,0.0,0.0,0.0,0.0,-0.07455987483263016,0.0073670935817062855,0.01957498863339424,-0.041996221989393234,0.22517752647399902,0.3124893605709076,0.22922322154045105,0.3341778516769409,-0.6453657150268555,0.08596252650022507,0.6663047671318054,0.0,0.0,0.0,0.0,0.0,0.0,0.0
45557445503,0,0.02516038529574871,-0.06071872264146805,-0.8457807302474976,6.569455581484362e-05,-0.04113857448101044,-0.8442511558532715,-0.03978736698627472,0.06034036725759506,0.000739907962270081,-0.050189632922410965,0.03916049376130104,0.0015295743942260742,0.01330594439059496,0.011152715422213078,-0.13087980449199677,0.0,0.0,-0.6182491779327393,-0.015623082406818867,0.11803658306598663,-0.5657420754432678,-0.09664712101221085,-0.09853752702474594,-0.5838069915771484,-0.13241150975227356,-1.1306425333023071,-46.86349105834961,-0.2062995433807373,0.11955180764198303,0.1201554462313652,-0.23487532138824463,0.1317291557788849,-0.3369855284690857,0.09450814127922058,8.59533405303955,14.216580390930176,8.842550277709961,15.234752655029297,-0.05826171860098839,-0.0076660155318677425,0.021464843302965164,-0.04599609225988388,0.0,-0.08174651861190796,0.006867298856377602,0.021630946546792984,-0.03993428871035576,0.0,-0.35902366042137146,-0.00562296761199832,-9.70997428894043,-0.020071852952241898,-0.20603910088539124,-8.505522727966309,0.0,0.0,0.0,0.0,0.0,0.0,0.0,0.0,0.0,0.0,0.0,0.0,-0.07600802183151245,0.0073403362184762955,0.019932037219405174,-0.0416458398103714,0.213014617562294,0.32347244024276733,0.2180115431547165,0.3428175151348114,-0.6453657150268555,0.08596252650022507,0.6663047671318054,0.0,0.0,0.0,0.0,0.0,0.0,0.0
45567563995,0,0.02516038529574871,-0.06071872264146805,-0.8457807302474976,6.569455581484362e-05,-0.04113857448101044,-0.8442511558532715,-0.03978736698627472,0.06034036725759506,0.000739907962270081,-0.050875481218099594,0.040167391300201416,0.0014532804489135742,0.01330594439059496,0.011152715422213078,-0.13087980449199677,0.0,0.0,-0.6182491779327393,-0.019209301099181175,0.12016984820365906,-0.5582306385040283,-0.09483233839273453,-0.1106451004743576,-0.5744332671165466,-0.11039519309997559,-1.133215069770813,-46.78037643432617,-0.20331956446170807,0.1061897724866867,0.11396347731351852,-0.23448766767978668,0.13323743641376495,-0.3345734775066376,0.098817378282547,8.714731216430664,14.065746307373047,8.992363929748535,15.03519058227539,-0.05826171860098839,-0.0076660155318677425,0.021464843302965164,-0.044462889432907104,0.0,-0.07978420704603195,0.007588973734527826,0.020552735775709152,-0.041015252470970154,0.0,-0.35902366042137146,-0.00562296761199832,-9.70997428894043,-0.022916484624147415,-0.20304855704307556,-8.533846855163574,0.0,0.0,0.0,0.0,0.0,0.0,0.0,0.0,0.0,0.0,0.0,0.0,-0.07768861949443817,0.00727318087592721,0.020371394231915474,-0.041207555681467056,0.21542954444885254,0.32059013843536377,0.22103272378444672,0.3390408158302307,-0.5407117009162903,0.1440272480249405,0.6746163964271545,0.0,0.0,0.0,0.0,0.0,0.0,0.0
45577036907,0,0.025503307580947876,-0.06122216954827309,-0.8457044363021851,6.569455581484362e-05,-0.04113857448101044,-0.8442511558532715,-0.03913760557770729,0.05956538766622543,0.004042959772050381,-0.050875481218099594,0.040167391300201416,0.0014532804489135742,0.013151410035789013,0.012220026925206184,-0.13558533787727356,0.0,0.0,-0.6182491779327393,-0.02014201320707798,0.114646315574646,-0.5446051955223083,-0.09483233839273453,-0.1106451004743576,-0.5744332671165466,-0.11618106812238693,-1.1063601970672607,-47.20427322387695,-0.20482653379440308,0.09359946846961975,0.1924634575843811,-0.23357610404491425,0.13323743641376495,-0.3345734775066376,0.098817378282547,6.828244686126709,16.157154083251953,7.163322448730469,17.085512161254883,-0.05826171860098839,-0.0076660155318677425,0.021464843302965164,-0.04139648377895355,0.0,-0.10065259039402008,0.005953687243163586,0.024899756535887718,-0.035357099026441574,0.0,-0.23063445091247559,0.13997098803520203,-9.920936584472656,-0.022916484624147415,-0.20304855704307556,-8.533846855163574,0.0,0.0,0.0,0.0,0.0,0.0,0.0,0.0,0.0,0.0,0.0,0.0,-0.0799550786614418,0.007189694792032242,0.02087121456861496,-0.04064562916755676,0.21542954444885254,0.32059013843536377,0.22103272378444672,0.3390408158302307,-0.19545087218284607,-0.2173498272895813,0.5536303520202637,0.0,0.0,0.0,0.0,0.0,0.0,0.0
45587228082,0,0.02620866894721985,-0.06242400035262108,-0.8455463647842407,6.569455581484362e-05,-0.04113857448101044,-0.8442511558532715,-0.04131801053881645,0.060939498245716095,0.010249262675642967,-0.052286211401224136,0.042571064084768295,0.0012952089309692383,0.012968403287231922,0.014241310767829418,-0.1449098438024521,0.0,0.0,-0.5234860777854919,-0.02014201320707798,0.114646315574646,-0.5446051955223083,-0.09094329178333282,-0.1236996203660965,-0.4495835602283478,-0.11618106812238693,-1.1063601970672607,-47.20427322387695,-0.20482653379440308,0.09359946846961975,0.1924634575843811,-0.23357610404491425,0.1359797567129135,-0.32977190613746643,0.10684257745742798,6.828244686126709,16.157154083251953,7.163322448730469,17.085512161254883,-0.05826171860098839,-0.004599609412252903,0.021464843302965164,-0.038330078125,0.0,-0.10065259039402008,0.005953687243163586,0.024899756535887718,-0.035357099026441574,0.0,-0.226297065615654,0.280586302280426,-9.911542892456055,-0.02112383022904396,-0.2011564075946808,-8.582594871520996,0.0,0.0,0.0,0.0,0.0,0.0,0.0,0.0,0.0,0.0,0.0,0.0,-0.08392629772424698,0.00699599739164114,0.02165987156331539,-0.039654411375522614,0.17689554393291473,0.36018064618110657,0.18379981815814972,0.37750422954559326,-0.19545087218284607,-0.2173498272895813,0.5536303520202637,0.0,0.0,0.0,0.0,0.0,0.0,0.0
45597365808,0,0.02620866894721985,-0.06242400035262108,-0.8455463647842407,6.569455581484362e-05,-0.04113857448101044,-0.8442511558532715,-0.04131801053881645,0.060939498245716095,0.010249262675642967,-0.05426613986492157,0.04572904482483864,0.0010524392127990723,0.012968403287231922,0.014241310767829418,-0.1449098438024521,0.0,0.0,-0.4736107885837555,-0.018859822303056717,0.09915610402822495,-0.4844699203968048,-0.09094329178333282,-0.1236996203660965,-0.4495835602283478,-0.11618106812238693,-1.1063601970672607,-47.20427322387695,-0.20482653379440308,0.09359946846961975,0.1924634575843811,-0.23357610404491425,0.1359797567129135,-0.32977190613746643,0.10684257745742798,6.828244686126709,16.157154083251953,7.163322448730469,17.085512161254883,-0.06132812425494194,-0.003066406352445483,0.019931640475988388,-0.039863280951976776,0.0,-0.10065259039402008,0.005953687243163586,0.024899756535887718,-0.035357099026441574,0.0,-0.226297065615654,0.280586302280426,-9.911542892456055,-0.021864425390958786,-0.19172626733779907,-8.545565605163574,0.0,0.0,0.0,0.0,0.0,0.0,0.0,0.0,0.0,0.0,0.0,0.0,-0.08896584063768387,0.006708400323987007,0.02264559082686901,-0.03837394714355469,0.17689554393291473,0.36018064618110657,0.18379981815814972,0.37750422954559326,-0.047991398721933365,-0.5668885707855225,2.3804311752319336,0.0,0.0,0.0,0.0,0.0,0.0,0.0
45607466325,0,0.027198627591133118,-0.06400298327207565,-0.8453035950660706,6.569455581484362e-05,-0.04113857448101044,-0.8442511558532715,-0.043509986251592636,0.059297554194927216,0.005415372084826231,-0.05426613986492157,0.04572904482483864,0.0010524392127990723,0.012232107110321522,0.016672952100634575,-0.15678949654102325,0.0,0.0,-0.4736107885837555,-0.02602849341928959,0.09438470005989075,-0.45291832089424133,-0.08864891529083252,-0.1384403258562088,-0.3797888159751892,-0.10377444326877594,-1.1172471046447754,-46.96617126464844,-0.20827874541282654,0.09261298179626465,0.17113836109638214,-0.232194721698761,0.1389695703983307,-0.32454052567481995,0.11576288193464279,7.297857284545898,15.559184074401855,7.642323017120361,16.497461318969727,-0.06592773646116257,-0.006132812704890966,0.016865234822034836,-0.04139648377895355,0.0,-0.09387516230344772,0.006808319594711065,0.023465001955628395,-0.03702641651034355,0.0,-0.226297065615654,0.280586302280426,-9.911542892456055,-0.021864425390958786,-0.19172626733779907,-8.545565605163574,0.0,0.0,0.0,0.0,0.0,0.0,0.0,0.0,0.0,0.0,0.0,0.0,-0.09328822046518326,0.006467116996645927,0.023480143398046494,-0.037264514714479446,0.18656465411186218,0.3489421010017395,0.19362421333789825,0.36654821038246155,-0.36575955152511597,-0.5600277781486511,2.867931365966797,0.0,0.0,0.0,0.0,0.0,0.0,0.0
45617123800,0,0.027562499046325684,-0.06448573619127274,-0.8452363014221191,6.569455581484362e-05,-0.04113857448101044,-0.8442511558532715,-0.04418512061238289,0.06092449650168419,0.00614470848813653,-0.054993886500597,0.0466945581138134,0.0009851455688476562,0.011699166148900986,0.01742202416062355,-0.16025596857070923,0.0,0.0,-0.4137604236602783,-0.02602849341928959,0.09438470005989075,-0.45291832089424133,-0.08414311707019806,-0.14405667781829834,-0.3756369352340698,-0.12025433778762817,-1.0544945001602173,-47.0006103515625,-0.19296637177467346,0.09205134212970734,0.1404605656862259,-0.23148222267627716,0.1402072012424469,-0.3222540020942688,0.12008572369813919,8.100460052490234,14.822312355041504,8.392498016357422,15.714895248413086,-0.06592773646116257,-0.006132812704890966,0.018398437649011612,-0.044462889432907104,0.0,-0.08242782950401306,0.005309091880917549,0.01950976811349392,-0.03703797981142998,0.0,0.025716742500662804,-0.28162965178489685,-9.696516990661621,-0.021625585854053497,-0.19313611090183258,-8.55196762084961,0.0,0.0,0.0,0.0,0.0,0.0,0.0,0.0,0.0,0.0,0.0,0.0,-0.095306895673275,0.00630282424390316,0.02377151884138584,-0.03659847378730774,0.202971413731575,0.3350042402744293,0.2089046984910965,0.3518746495246887,-0.36575955152511597,-0.5600277781486511,2.867931365966797,0.0,0.0,0.0,0.0,0.0,0.0,0.0
45627017968,0,0.027562499046325684,-0.06448573619127274,-0.8452363014221191,6.569455581484362e-05,-0.04113857448101044,-0.8442511558532715,-0.04418512061238289,0.06092449650168419,0.00614470848813653,-0.054993886500597,0.0466945581138134,0.0009851455688476562,0.011699166148900986,0.01742202416062355,-0.16025596857070923,0.0,0.0,-0.4137604236602783,-0.03591319918632507,0.07910405844449997,-0.4070715010166168,-0.08414311707019806,-0.14405667781829834,-0.3756369352340698,-0.08286251872777939,-1.0765223503112793,-47.05670166015625,-0.1835404336452484,0.09256766736507416,0.15955011546611786,-0.22960111498832703,0.1427498161792755,-0.31693992018699646,0.13077908754348755,7.651350021362305,15.328747749328613,7.9154229164123535,16.19000244140625,-0.06592773646116257,-0.006132812704890966,0.018398437649011612,-0.044462889432907104,0.0,-0.08629720658063889,0.006637602113187313,0.020257800817489624,-0.03712267056107521,0.0,0.025716742500662804,-0.28162965178489685,-9.696516990661621,-0.021625585854053497,-0.19313611090183258,-8.55196762084961,0.0,0.0,0.0,0.0,0.0,0.0,0.0,0.0,0.0,0.0,0.0,0.0,-0.09462975710630417,0.006169100292026997,0.023345379158854485,-0.03635537996888161,0.202971413731575,0.3350042402744293,0.2089046984910965,0.3518746495246887,-0.3524441719055176,-0.685025155544281,2.3135290145874023,0.0,0.0,0.0,0.0,0.0,0.0,0.0
45637756291,0,0.028230641037225723,-0.06544986367225647,-0.8451448082923889,6.569455581484362e-05,-0.04113857448101044,-0.8442511558532715,-0.048997748643159866,0.06452766060829163,0.002556820400059223,-0.056330177932977676,0.048622820526361465,0.0008936524391174316,0.011022490449249744,0.018614549189805984,-0.1674993336200714,0.0,0.0,-0.38383522629737854,-0.03591319918632507,0.07910405844449997,-0.4070715010166168,-0.08022826164960861,-0.15211844444274902,-0.2952536642551422,-0.08286251872777939,-1.0765223503112793,-47.05670166015625,-0.1835404336452484,0.09256766736507416,0.15955011546611786,-0.22960111498832703,0.1427498161792755,-0.31693992018699646,0.13077908754348755,7.651350021362305,15.328747749328613,7.9154229164123535,16.19000244140625,-0.06746093928813934,-0.006132812704890966,0.02299804612994194,-0.04292968660593033,0.0,-0.08629720658063889,0.006637602113187313,0.020257800817489624,-0.03712267056107521,0.0,-0.10731715708971024,0.26390743255615234,-9.565299987792969,-0.014110189862549305,-0.19534584879875183,-8.524181365966797,0.0,0.0,0.0,0.0,0.0,0.0,0.0,0.0,0.0,0.0,0.0,0.0,-0.092580646276474,0.006128497887402773,0.022531548514962196,-0.036373499780893326,0.19380879402160645,0.3445937931537628,0.1992018222808838,0.3607962429523468,-0.3524441719055176,-0.685025155544281,2.3135290145874023,0.0,0.0,0.0,0.0,0.0,0.0,0.0
45647119802,0,0.028230641037225723,-0.06544986367225647,-0.8451448082923889,6.569455581484362e-05,-0.04113857448101044,-0.8442511558532715,-0.048997748643159866,0.06452766060829163,0.002556820400059223,-0.056330177932977676,0.048622820526361465,0.0008936524391174316,0.011022490449249744,0.018614549189805984,-0.1674993336200714,0.0,0.0,-0.38383522629737854,-0.03445260226726532,0.045838307589292526,-0.37290969491004944,-0.06951725482940674,-0.1552528440952301,-0.24802444875240326,-0.11007619649171829,-1.1129193305969238,-46.833709716796875,-0.18545928597450256,0.12637309730052948,0.15746700763702393,-0.22755351662635803,0.1427498161792755,-0.31693992018699646,0.13077908754348755,7.699050426483154,15.166314125061035,7.862484931945801,16.14016342163086,-0.07206054776906967,-0.006132812704890966,0.024531250819563866,-0.04292968660593033,0.0,-0.08840326964855194,0.0070695290341973305,0.02353842370212078,-0.037300676107406616,0.0,-0.10731715708971024,0.26390743255615234,-9.565299987792969,-0.014110189862549305,-0.19534584879875183,-8.524181365966797,0.0,0.0,0.0,0.0,0.0,0.0,0.0,0.0,0.0,0.0,0.0,0.0,-0.09051056206226349,0.006222398020327091,0.021863069385290146,-0.03652887046337128,0.19380879402160645,0.3445937931537628,0.1992018222808838,0.3607962429523468,-0.08646514266729355,-1.4112799167633057,1.991289734840393,0.0,0.0,0.0,0.0,0.0,0.0,0.0
45658118024,0,0.028890222311019897,-0.06647659838199615,-0.8450252413749695,6.569455581484362e-05,-0.04113857448101044,-0.8442511558532715,-0.048644233494997025,0.06426287442445755,0.0034179543145000935,-0.05764934420585632,0.05067630112171173,0.000774085521697998,0.010336191393435001,0.01897687092423439,-0.1736394315958023,0.0,0.0,-0.38383522629737854,-0.031505946069955826,0.036475539207458496,-0.3456883132457733,-0.06951725482940674,-0.1552528440952301,-0.24802444875240326,-0.0881270244717598,-1.074275016784668,-47.07237243652344,-0.18407070636749268,0.12763266265392303,0.17882202565670013,-0.22635069489479065,0.1462709754705429,-0.30996307730674744,0.1465272605419159,7.226553440093994,15.761373519897461,7.3854546546936035,16.732784271240234,-0.07666015625,-0.003066406352445483,0.024531250819563866,-0.04139648377895355,0.0,-0.09104105085134506,0.006511068902909756,0.022334666922688484,-0.035547856241464615,0.0,-0.2711890935897827,0.04123753681778908,-9.970980644226074,-0.01797192543745041,-0.19146353006362915,-8.535115242004395,0.0,0.0,0.0,0.0,0.0,0.0,0.0,0.0,0.0,0.0,0.0,0.0,-0.08912814408540726,0.006379209458827972,0.021636581048369408,-0.0366586297750473,0.1947842538356781,0.34152331948280334,0.19812197983264923,0.3598620891571045,0.06392785161733627,-1.144336462020874,2.144500970840454,0.0,0.0,0.0,0.0,0.0,0.0,0.0
45667300960,0,0.029164433479309082,-0.06701967865228653,-0.8449702262878418,6.569455581484362e-05,-0.04113857448101044,-0.8442511558532715,-0.04972653090953827,0.06734903901815414,0.0063922833651304245,-0.05819777026772499,0.05176246911287308,0.0007190704345703125,0.009943066164851189,0.019341712817549706,-0.17637895047664642,0.0,0.0,-0.3339599072933197,-0.031505946069955826,0.036475539207458496,-0.3456883132457733,-0.06866640597581863,-0.1572982370853424,-0.1850968450307846,-0.0881270244717598,-1.074275016784668,-47.07237243652344,-0.18407070636749268,0.12763266265392303,0.17882202565670013,-0.22635069489479065,0.1462709754705429,-0.30996307730674744,0.1465272605419159,7.226553440093994,15.761373519897461,7.3854546546936035,16.732784271240234,-0.07819335907697678,-0.003066406352445483,0.02299804612994194,-0.04139648377895355,0.0,-0.09104105085134506,0.006511068902909756,0.022334666922688484,-0.035547856241464615,0.0,-0.10920532792806625,-0.08788760751485825,-9.713850975036621,-0.016023095697164536,-0.19532272219657898,-8.558612823486328,0.0,0.0,0.0,0.0,0.0,0.0,0.0,0.0,0.0,0.0,0.0,0.0,-0.08867955207824707,0.006506425328552723,0.021709538996219635,-0.036598339676856995,0.18509981036186218,0.35274919867515564,0.1883624643087387,0.37093982100486755,0.06392785161733627,-1.144336462020874,2.144500970840454,0.0,0.0,0.0,0.0,0.0,0.0,0.0
45677800670,0,0.029164433479309082,-0.06701967865228653,-0.8449702262878418,6.569455581484362e-05,-0.04113857448101044,-0.8442511558532715,-0.04972653090953827,0.06734903901815414,0.0063922833651304245,-0.05819777026772499,0.05176246911287308,0.0007190704345703125,0.009943066164851189,0.019341712817549706,-0.17637895047664642,0.0,0.0,-0.3339599072933197,-0.02704821527004242,0.025796623900532722,-0.3154142498970032,-0.06866640597581863,-0.1572982370853424,-0.1850968450307846,-0.03134016692638397,-1.0893250703811646,-46.893253326416016,-0.18945853412151337,0.12793634831905365,0.17825347185134888,-0.22395013272762299,0.14860497415065765,-0.30564767122268677,0.15719208121299744,7.193489074707031,15.691112518310547,7.3611369132995605,16.68358039855957,-0.07666015625,-0.0015332031762227416,0.019931640475988388,-0.039863280951976776,0.0,-0.0890367403626442,0.008325191214680672,0.02075793594121933,-0.03701958805322647,0.0,-0.10920532792806625,-0.08788760751485825,-9.713850975036621,-0.016023095697164536,-0.19532272219657898,-8.558612823486328,0.0,0.0,0.0,0.0,0.0,0.0,0.0,0.0,0.0,0.0,0.0,0.0,-0.08880222588777542,0.006653537508100271,0.021788038313388824,-0.03644273802638054,0.18442027270793915,0.35142698884010315,0.1878635436296463,0.37002235651016235,0.20953725278377533,-0.7999109625816345,1.5879793167114258,0.0,0.0,0.0,0.0,0.0,0.0,0.0
45687784600,0,0.02965690754354,-0.06814258545637131,-0.8448649644851685,6.569455581484362e-05,-0.04113857448101044,-0.8442511558532715,-0.055522385984659195,0.07186351716518402,0.0022389290388673544,-0.059182725846767426,0.05400829389691353,0.0006138086318969727,0.009460209868848324,0.01975569874048233,-0.18226373195648193,0.0,0.0,-0.3065284788608551,-0.02704821527004242,0.025796623900532722,-0.3154142498970032,-0.06393861025571823,-0.15514956414699554,-0.14255762100219727,-0.05251384526491165,-1.0553542375564575,-47.101280212402344,-0.18895825743675232,0.15812353789806366,0.1703672707080841,-0.22276200354099274,0.14860497415065765,-0.30564767122268677,0.15719208121299744,7.49404239654541,15.499268531799316,7.562193393707275,16.58372688293457,-0.07512695342302322,-0.003066406352445483,0.018398437649011612,-0.039863280951976776,0.0,-0.08467807620763779,0.007253632880747318,0.019778339192271233,-0.03598824143409729,0.0,0.3372717797756195,0.25302714109420776,-9.628817558288574,-0.005698212422430515,-0.1980591118335724,-8.526045799255371,0.0,0.0,0.0,0.0,0.0,0.0,0.0,0.0,0.0,0.0,0.0,0.0,-0.08879722654819489,0.0069012329913675785,0.02166411094367504,-0.03635718300938606,0.18442027270793915,0.35142698884010315,0.1878635436296463,0.37002235651016235,0.20953725278377533,-0.7999109625816345,1.5879793167114258,0.0,0.0,0.0,0.0,0.0,0.0,0.0
45697462409,0,0.02965690754354,-0.06814258545637131,-0.8448649644851685,6.569455581484362e-05,-0.04113857448101044,-0.8442511558532715,-0.055522385984659195,0.07186351716518402,0.0022389290388673544,-0.059182725846767426,0.05400829389691353,0.0006138086318969727,0.009460209868848324,0.01975569874048233,-0.18226373195648193,0.0,0.0,-0.3065284788608551,-0.030504561960697174,-0.020694518461823463,-0.29144278168678284,-0.06393861025571823,-0.15514956414699554,-0.14255762100219727,-0.05251384526491165,-1.0553542375564575,-47.101280212402344,-0.18895825743675232,0.15812353789806366,0.1703672707080841,-0.22276200354099274,0.1496618688106537,-0.30377689003944397,0.16191545128822327,7.49404239654541,15.499268531799316,7.562193393707275,16.58372688293457,-0.07512695342302322,-0.006132812704890966,0.019931640475988388,-0.039863280951976776,0.0,-0.08467807620763779,0.007253632880747318,0.019778339192271233,-0.03598824143409729,0.0,0.3372717797756195,0.25302714109420776,-9.628817558288574,-0.005698212422430515,-0.1980591118335724,-8.526045799255371,0.0,0.0,0.0,0.0,0.0,0.0,0.0,0.0,0.0,0.0,0.0,0.0,-0.08823574334383011,0.007137513253837824,0.02130037546157837,-0.0362946018576622,0.19058857858181,0.3478122651576996,0.19198454916477203,0.3681592047214508,0.03452930226922035,-1.9525929689407349,1.4933393001556396,0.0,0.0,0.0,0.0,0.0,0.0,0.0
45707803156,0,0.030370648950338364,-0.07068473845720291,-0.844711184501648,6.569455581484362e-05,-0.04113857448101044,-0.8442511558532715,-0.06394384056329727,0.07631389796733856,0.003274894319474697,-0.06061021238565445,0.05909262225031853,0.00046002864837646484,0.007848302833735943,0.01853933185338974,-0.19047103822231293,0.0,0.0,-0.2217404544353485,-0.03933268412947655,-0.02978922612965107,-0.28240641951560974,-0.06393861025571823,-0.15514956414699554,-0.14255762100219727,0.04475529491901398,-1.068213939666748,-46.93333053588867,-0.1656249761581421,0.19759438931941986,0.22094447910785675,-0.21980030834674835,0.1496618688106537,-0.30377689003944397,0.16191545128822327,6.276538848876953,16.701324462890625,6.162793159484863,17.827030181884766,-0.07512695342302322,-0.004599609412252903,0.021464843302965164,-0.039863280951976776,0.0,-0.09586203098297119,0.009255725890398026,0.01994907483458519,-0.03548207879066467,0.0,0.3372717797756195,0.25302714109420776,-9.628817558288574,0.008137326687574387,-0.19422070682048798,-8.533332824707031,0.0,0.0,0.0,0.0,0.0,0.0,0.0,0.0,0.0,0.0,0.0,0.0,-0.08781904727220535,0.00736750615760684,0.020848503336310387,-0.03618393838405609,0.19058857858181,0.3478122651576996,0.19198454916477203,0.3681592047214508,-0.37170690298080444,-1.4064770936965942,1.218237280845642,0.0,0.0,0.0,0.0,0.0,0.0,0.0
45718123633,0,0.030547497794032097,-0.07159187644720078,-0.8446616530418396,6.569455581484362e-05,-0.04113857448101044,-0.8442511558532715,-0.0653858408331871,0.07102617621421814,0.006806052289903164,-0.060963913798332214,0.06090690940618515,0.00041049718856811523,0.0072458102367818356,0.018383948132395744,-0.19293706119060516,0.0,0.0,-0.2217404544353485,-0.03933268412947655,-0.02978922612965107,-0.28240641951560974,-0.056755904108285904,-0.14648006856441498,-0.03448234125971794,0.04475529491901398,-1.068213939666748,-46.93333053588867,-0.1656249761581421,0.19759438931941986,0.22094447910785675,-0.21980030834674835,0.15191882848739624,-0.30022045969963074,0.17261651158332825,6.276538848876953,16.701324462890625,6.162793159484863,17.827030181884766,-0.07512695342302322,-0.003066406352445483,0.02299804612994194,-0.039863280951976776,0.0,-0.09586203098297119,0.009255725890398026,0.01994907483458519,-0.03548207879066467,0.0,0.26177817583084106,-0.2689543068408966,-9.77978515625,0.00776689313352108,-0.17988792061805725,-8.562256813049316,0.0,0.0,0.0,0.0,0.0,0.0,0.0,0.0,0.0,0.0,0.0,0.0,-0.08858232200145721,0.007736687548458576,0.02045242115855217,-0.036023348569869995,0.1654699295759201,0.3703531324863434,0.16310520470142365,0.3912343382835388,-0.37170690298080444,-1.4064770936965942,1.218237280845642,0.0,0.0,0.0,0.0,0.0,0.0,0.0
45726976013,0,0.030547497794032097,-0.07159187644720078,-0.8446616530418396,6.569455581484362e-05,-0.04113857448101044,-0.8442511558532715,-0.0653858408331871,0.07102617621421814,0.006806052289903164,-0.06153528019785881,0.06443437188863754,0.00028592348098754883,0.0072458102367818356,0.018383948132395744,-0.19293706119060516,0.0,0.0,-0.1668776124715805,-0.04300777614116669,-0.030574867501854897,-0.25299271941185,-0.056755904108285904,-0.14648006856441498,-0.03448234125971794,0.04475529491901398,-1.068213939666748,-46.93333053588867,-0.1656249761581421,0.19759438931941986,0.22094447910785675,-0.21980030834674835,0.15191882848739624,-0.30022045969963074,0.17261651158332825,5.9445624351501465,17.188730239868164,5.83047342300415,18.26474380493164,-0.07666015625,-0.0015332031762227416,0.024531250819563866,-0.038330078125,0.0,-0.10123337805271149,0.008993257768452168,0.02108629047870636,-0.034631408751010895,0.0,0.26177817583084106,-0.2689543068408966,-9.77978515625,0.018556438386440277,-0.17109115421772003,-8.557868957519531,0.0,0.0,0.0,0.0,0.0,0.0,0.0,0.0,0.0,0.0,0.0,0.0,-0.0905488058924675,0.00818645115941763,0.020217202603816986,-0.035805243998765945,0.1654699295759201,0.3703531324863434,0.16310520470142365,0.3912343382835388,-0.2820020914077759,-0.4417644739151001,1.480460524559021,0.0,0.0,0.0,0.0,0.0,0.0,0.0
45737265380,0,0.030833179131150246,-0.07335560023784637,-0.844537079334259,6.569455581484362e-05,-0.04113857448101044,-0.8442511558532715,-0.07206567376852036,0.07132212072610855,0.006462529767304659,-0.06153528019785881,0.06443437188863754,0.00028592348098754883,0.006087675224989653,0.017972279340028763,-0.19707079231739044,0.0,0.0,-0.1668776124715805,-0.03033425472676754,-0.04379720613360405,-0.22548872232437134,-0.049254607409238815,-0.14258317649364471,0.036295559257268906,0.01717059500515461,-0.8783037066459656,-47.194740295410156,-0.1571764498949051,0.1895311176776886,0.23681442439556122,-0.21674992144107819,0.15374964475631714,-0.2971217930316925,0.18209710717201233,6.694308757781982,16.31083869934082,6.574522018432617,17.522560119628906,-0.07666015625,0.0,0.02299804612994194,-0.036796875298023224,0.0,-0.08076141774654388,0.004966059699654579,0.01047376450151205,-0.031518638134002686,0.0,-0.38914594054222107,0.32215988636016846,-9.78376579284668,0.018556438386440277,-0.17109115421772003,-8.557868957519531,0.0,0.0,0.0,0.0,0.0,0.0,0.0,0.0,0.0,0.0,0.0,0.0,-0.092295341193676,0.008382854051887989,0.01971985213458538,-0.03537701815366745,0.1585594266653061,0.3794208765029907,0.15617847442626953,0.3992955684661865,0.44069838523864746,-0.8450337648391724,1.9901556968688965,0.0,0.0,0.0,0.0,0.0,0.0,0.0
45747205129,0,0.03094463050365448,-0.07421620935201645,-0.8444835543632507,6.569455581484362e-05,-0.04113857448101044,-0.8442511558532715,-0.07688438892364502,0.0727347806096077,0.005728365387767553,-0.06175818294286728,0.06615559756755829,0.00023239850997924805,0.0061661917716264725,0.01721815951168537,-0.19872666895389557,0.0,0.0,-0.1668776124715805,-0.03033425472676754,-0.04379720613360405,-0.22548872232437134,-0.053529042750597,-0.13086004555225372,0.038970667868852615,0.10206040740013123,-0.9410013556480408,-47.06827926635742,-0.17871280014514923,0.21121111512184143,0.2057083547115326,-0.21497099101543427,0.1547519415616989,-0.29553157091140747,0.18718820810317993,6.694308757781982,16.31083869934082,6.574522018432617,17.522560119628906,-0.07819335907697678,-0.0015332031762227416,0.021464843302965164,-0.03373046964406967,0.0,-0.0792958214879036,0.008283783681690693,0.009574423544108868,-0.03438771888613701,0.0,-0.3111785054206848,0.39120370149612427,-9.75815486907959,0.027441713958978653,-0.1686277538537979,-8.552044868469238,0.0,0.0,0.0,0.0,0.0,0.0,0.0,0.0,0.0,0.0,0.0,0.0,-0.09190278500318527,0.008187789469957352,0.01821717992424965,-0.03473038971424103,0.1741284877061844,0.36305877566337585,0.1716500222682953,0.38560810685157776,0.44069838523864746,-0.8450337648391724,1.9901556968688965,0.0,0.0,0.0,0.0,0.0,0.0,0.0
45756941416,0,0.03094463050365448,-0.07421620935201645,-0.8444835543632507,6.569455581484362e-05,-0.04113857448101044,-0.8442511558532715,-0.07688438892364502,0.0727347806096077,0.005728365387767553,-0.06175818294286728,0.06615559756755829,0.00023239850997924805,0.0061661917716264725,0.01721815951168537,-0.19872666895389557,0.0,0.0,-0.1668776124715805,-0.007092764601111412,-0.08131228387355804,-0.17844094336032867,-0.053529042750597,-0.13086004555225372,0.038970667868852615,0.11930857598781586,-0.8776764273643494,-47.14140701293945,-0.21657651662826538,0.27587243914604187,0.22715239226818085,-0.2114611268043518,0.1547519415616989,-0.29553157091140747,0.18718820810317993,6.215543746948242,16.70888328552246,6.017194747924805,18.232452392578125,-0.07819335907697678,-0.004599609412252903,0.019931640475988388,-0.03373046964406967,0.0,-0.08020325750112534,0.007339775562286377,0.006360888481140137,-0.031944990158081055,0.0,-0.3111785054206848,0.39120370149612427,-9.75815486907959,0.027441713958978653,-0.1686277538537979,-8.552044868469238,0.0,0.0,0.0,0.0,0.0,0.0,0.0,0.0,0.0,0.0,0.0,0.0,-0.08949286490678787,0.007912966422736645,0.015776565298438072,-0.03410409763455391,0.1741284877061844,0.36305877566337585,0.1716500222682953,0.38560810685157776,1.0481995344161987,-1.5746452808380127,2.2532505989074707,0.0,0.0,0.0,0.0,0.0,0.0,0.0
45767122816,0,0.03113596700131893,-0.07576469331979752,-0.8443698287010193,6.569455581484362e-05,-0.04113857448101044,-0.8442511558532715,-0.07530267536640167,0.07084812968969345,0.007964842021465302,-0.06214085966348648,0.06925258785486221,0.00011867284774780273,0.005889426451176405,0.015357729978859425,-0.20166945457458496,0.0,0.0,-0.08957087993621826,-0.007092764601111412,-0.08131228387355804,-0.17844094336032867,-0.05618913099169731,-0.11443131417036057,0.13507315516471863,0.11930857598781586,-0.8776764273643494,-47.14140701293945,-0.21657651662826538,0.27587243914604187,0.22715239226818085,-0.2114611268043518,0.1569981575012207,-0.29324501752853394,0.19691181182861328,6.215543746948242,16.70888328552246,6.017194747924805,18.232452392578125,-0.07666015625,-0.0015332031762227416,0.018398437649011612,-0.038330078125,0.0,-0.08020325750112534,0.007339775562286377,0.006360888481140137,-0.031944990158081055,0.0,0.08115104585886002,-0.17279116809368134,-9.882509231567383,0.021692467853426933,-0.15957753360271454,-8.571165084838867,0.0,0.0,0.0,0.0,0.0,0.0,0.0,0.0,0.0,0.0,0.0,0.0,-0.08655158430337906,0.007715584710240364,0.012987038120627403,-0.03351035341620445,0.16420215368270874,0.37049418687820435,0.16007378697395325,0.3987019956111908,1.0481995344161987,-1.5746452808380127,2.2532505989074707,0.0,0.0,0.0,0.0,0.0,0.0,0.0
45777179761,0,0.03113596700131893,-0.07576469331979752,-0.8443698287010193,6.569455581484362e-05,-0.04113857448101044,-0.8442511558532715,-0.07530267536640167,0.07084812968969345,0.007964842021465302,-0.06214085966348648,0.06925258785486221,0.00011867284774780273,0.005889426451176405,0.015357729978859425,-0.20166945457458496,0.0,0.0,-0.08957087993621826,0.0005319273332133889,-0.08811154216527939,-0.12164489179849625,-0.05618913099169731,-0.11443131417036057,0.13507315516471863,0.11930857598781586,-0.8776764273643494,-47.14140701293945,-0.21657651662826538,0.27587243914604187,0.22715239226818085,-0.2114611268043518,0.1569981575012207,-0.29324501752853394,0.19691181182861328,6.215543746948242,16.70888328552246,6.017194747924805,18.232452392578125,-0.07666015625,0.0015332031762227416,0.016865234822034836,-0.036796875298023224,0.0,-0.08020325750112534,0.007339775562286377,0.006360888481140137,-0.031944990158081055,0.0,-0.18639478087425232,-0.23355813324451447,-9.835244178771973,0.021692467853426933,-0.15957753360271454,-8.571165084838867,0.0,0.0,0.0,0.0,0.0,0.0,0.0,0.0,0.0,0.0,0.0,0.0,-0.08393359184265137,0.007549162954092026,0.010392408818006516,-0.03292949125170708,0.16420215368270874,0.37049418687820435,0.16007378697395325,0.3987019956111908,0.4136316180229187,-0.6106724739074707,2.878819465637207,0.0,0.0,0.0,0.0,0.0,0.0,0.0
45786808378,0,0.03127452731132507,-0.07702867686748505,-0.8442592024803162,6.569455581484362e-05,-0.04113857448101044,-0.8442511558532715,-0.07519420981407166,0.07860817015171051,0.004533349070698023,-0.062417980283498764,0.07178056240081787,8.046627044677734e-06,0.006671990733593702,0.013626323081552982,-0.20375417172908783,0.0,0.0,-0.06213945895433426,-0.0026807107497006655,-0.08799475431442261,-0.0917031392455101,-0.05227327346801758,-0.10311029106378555,0.16957387328147888,0.12629102170467377,-0.9344800710678101,-46.995521545410156,-0.21668118238449097,0.2827334702014923,0.19055669009685516,-0.20766493678092957,0.1597396731376648,-0.2916254997253418,0.20673412084579468,7.112401485443115,15.743252754211426,6.881458759307861,17.29289436340332,-0.07972656190395355,0.0015332031762227416,0.015332031063735485,-0.03373046964406967,0.0,-0.07197322696447372,0.009484613314270973,0.008721405640244484,-0.03474738076329231,0.0,-0.18639478087425232,-0.23355813324451447,-9.835244178771973,0.02296200394630432,-0.16990546882152557,-8.54464054107666,0.0,0.0,0.0,0.0,0.0,0.0,0.0,0.0,0.0,0.0,0.0,0.0,-0.08157802373170853,0.007527621928602457,0.00848130788654089,-0.032591428607702255,0.18275241553783417,0.35240820050239563,0.17799383401870728,0.38135355710983276,0.04603024572134018,-0.287881076335907,2.8409264087677,0.0,0.0,0.0,0.0,0.0,0.0,0.0
45797014981,0,0.031416792422533035,-0.07806192338466644,-0.8442025184631348,6.569455581484362e-05,-0.04113857448101044,-0.8442511558532715,-0.07624181360006332,0.0758284404873848,0.0014610597863793373,-0.06270250678062439,0.07384707033634186,-4.863739013671875e-05,0.0060922992415726185,0.011859099380671978,-0.20483161509037018,0.0,0.0,-0.027226736769080162,-0.0026807107497006655,-0.08799475431442261,-0.0917031392455101,-0.05110239237546921,-0.09285912662744522,0.17124682664871216,0.08292464911937714,-0.8053686022758484,-47.043357849121094,-0.21003316342830658,0.28502732515335083,0.1610586941242218,-0.20553012192249298,0.16120217740535736,-0.29081642627716064,0.21233490109443665,7.880258560180664,15.021249771118164,7.613772869110107,16.562593460083008,-0.07972656190395355,-0.003066406352445483,0.015332031063735485,-0.03526367247104645,0.0,-0.060800034552812576,0.006035275757312775,0.004205574747174978,-0.032456014305353165,0.0,-0.49075525999069214,0.6067919135093689,-9.967216491699219,0.022428112104535103,-0.1600264012813568,-8.52282428741455,0.0,0.0,0.0,0.0,0.0,0.0,0.0,0.0,0.0,0.0,0.0,0.0,-0.07851140946149826,0.0076200757175683975,0.007268491666764021,-0.032588012516498566,0.19848473370075226,0.33877670764923096,0.1930401772260666,0.3677646815776825,0.04603024572134018,-0.287881076335907,2.8409264087677,0.0,0.0,0.0,0.0,0.0,0.0,0.0
45807054047,0,0.031416792422533035,-0.07806192338466644,-0.8442025184631348,6.569455581484362e-05,-0.04113857448101044,-0.8442511558532715,-0.07624181360006332,0.0758284404873848,0.0014610597863793373,-0.06270250678062439,0.07384707033634186,-4.863739013671875e-05,0.0060922992415726185,0.011859099380671978,-0.20483161509037018,0.0,0.0,-0.027226736769080162,-0.018187202513217926,-0.10338514298200607,-0.058024074882268906,-0.05110239237546921,-0.09285912662744522,0.17124682664871216,0.17699339985847473,-0.8211343288421631,-46.825889587402344,-0.1882515400648117,0.32530108094215393,0.16407811641693115,-0.20115238428115845,0.1636766642332077,-0.28950217366218567,0.2234741598367691,7.841065883636475,15.017993927001953,7.392131805419922,16.61014175415039,-0.07819335907697678,-0.003066406352445483,0.013798828236758709,-0.036796875298023224,0.0,-0.05695953965187073,0.008939229883253574,0.0012302709510549903,-0.03441561013460159,0.0,-0.49075525999069214,0.6067919135093689,-9.967216491699219,0.022428112104535103,-0.1600264012813568,-8.52282428741455,0.0,0.0,0.0,0.0,0.0,0.0,0.0,0.0,0.0,0.0,0.0,0.0,-0.07407325506210327,0.007666195277124643,0.0061778901144862175,-0.03275807946920395,0.19848473370075226,0.33877670764923096,0.1930401772260666,0.3677646815776825,-0.4068461060523987,-0.6561536192893982,1.8074493408203125,0.0,0.0,0.0,0.0,0.0,0.0,0.0
45816979883,0,0.03155296668410301,-0.07899565994739532,-0.8441940546035767,6.569455581484362e-05,-0.04113857448101044,-0.8442511558532715,-0.07640394568443298,0.058863237500190735,0.0026172457728534937,-0.06297485530376434,0.07571455091238022,-5.710124969482422e-05,0.0055534495040774345,0.009531483054161072,-0.2060815840959549,0.0,0.0,-0.004782846197485924,-0.018187202513217926,-0.10338514298200607,-0.058024074882268906,-0.04683053866028786,-0.0741477683186531,0.21460843086242676,0.17699339985847473,-0.8211343288421631,-46.825889587402344,-0.1882515400648117,0.32530108094215393,0.16407811641693115,-0.20115238428115845,0.1636766642332077,-0.28950217366218567,0.2234741598367691,7.841065883636475,15.017993927001953,7.392131805419922,16.61014175415039,-0.07512695342302322,-0.003066406352445483,0.012265625409781933,-0.036796875298023224,0.0,-0.05695953965187073,0.008939229883253574,0.0012302709510549903,-0.03441561013460159,0.0,0.11473570019006729,0.13843362033367157,-9.699828147888184,0.014544494450092316,-0.12315881252288818,-8.536664962768555,0.0,0.0,0.0,0.0,0.0,0.0,0.0,0.0,0.0,0.0,0.0,0.0,-0.06890974193811417,0.007789821829646826,0.0048658051528036594,-0.033057183027267456,0.19768479466438293,0.33871516585350037,0.188499316573143,0.3686523735523224,-0.4068461060523987,-0.6561536192893982,1.8074493408203125,0.0,0.0,0.0,0.0,0.0,0.0,0.0
45826898131,0,0.03155296668410301,-0.07899565994739532,-0.8441940546035767,6.569455581484362e-05,-0.04113857448101044,-0.8442511558532715,-0.07640394568443298,0.058863237500190735,0.0026172457728534937,-0.06297485530376434,0.07571455091238022,-5.710124969482422e-05,0.0055534495040774345,0.009531483054161072,-0.2060815840959549,0.0,0.0,-0.004782846197485924,-0.012388886883854866,-0.11179826408624649,-0.042720209807157516,-0.04394804313778877,-0.055455852299928665,0.24230383336544037,0.10144844651222229,-0.7248170375823975,-46.919395446777344,-0.2025330364704132,0.3472696542739868,0.16520333290100098,-0.19694681465625763,0.1658431589603424,-0.28885161876678467,0.23289386928081512,7.852153778076172,15.011547088623047,7.373208999633789,16.71872329711914,-0.07512695342302322,-0.0015332031762227416,0.010732421651482582,-0.036796875298023224,0.0,-0.05535918101668358,0.005199776031076908,0.0008573519298806787,-0.030282147228717804,0.0,0.11473570019006729,0.13843362033367157,-9.699828147888184,0.014544494450092316,-0.12315881252288818,-8.536664962768555,0.0,0.0,0.0,0.0,0.0,0.0,0.0,0.0,0.0,0.0,0.0,0.0,-0.06409129500389099,0.007890211418271065,0.0035324471537023783,-0.033264268189668655,0.19791115820407867,0.3385929763317108,0.18811123073101044,0.3706776797771454,0.10099273175001144,-0.4100230038166046,1.2137573957443237,0.0,0.0,0.0,0.0,0.0,0.0,0.0
45838364786,0,0.03155296668410301,-0.07899565994739532,-0.8441940546035767,6.569455581484362e-05,-0.04113857448101044,-0.8442511558532715,-0.07640394568443298,0.058863237500190735,0.0026172457728534937,-0.06324325501918793,0.07713796198368073,-0.00011843442916870117,0.0055534495040774345,0.009531483054161072,-0.2060815840959549,0.0,0.0,-0.004782846197485924,-0.00889592431485653,-0.10727390646934509,-0.041243452578783035,-0.04394804313778877,-0.055455852299928665,0.24230383336544037,0.12049550563097,-0.6602227091789246,-47.12608337402344,-0.20548923313617706,0.34703657031059265,0.16401420533657074,-0.1946316510438919,0.16704489290714264,-0.28861114382743835,0.23760366439819336,7.92686128616333,15.030101776123047,7.460075378417969,16.744773864746094,-0.07359375059604645,0.0,0.009199218824505806,-0.036796875298023224,0.0,-0.05078321695327759,0.0042893667705357075,-0.0027793010231107473,-0.029122555628418922,0.0,0.11473570019006729,0.13843362033367157,-9.699828147888184,0.03414038568735123,-0.13582095503807068,-8.539872169494629,0.0,0.0,0.0,0.0,0.0,0.0,0.0,0.0,0.0,0.0,0.0,0.0,-0.05997293442487717,0.007573634386062622,0.0022324954625219107,-0.03295302391052246,0.1994350701570511,0.3389444351196289,0.18989260494709015,0.3711632788181305,0.22566133737564087,0.029440661892294884,0.6229663491249084,0.0,0.0,0.0,0.0,0.0,0.0,0.0
45847221065,0,0.03167085722088814,-0.07995843142271042,-0.8440811038017273,6.569455581484362e-05,-0.04113857448101044,-0.8442511558532715,-0.08052533119916916,0.06000809371471405,0.006458701565861702,-0.0632106363773346,0.077640101313591,-0.00017005205154418945,0.005560735240578651,0.006574601400643587,-0.20608551800251007,0.0,0.0,-0.0047828578390181065,-0.00889592431485653,-0.10727390646934509,-0.041243452578783035,-0.045083653181791306,-0.04855407774448395,0.24304437637329102,0.12049550563097,-0.6602227091789246,-47.12608337402344,-0.20548923313617706,0.34703657031059265,0.16401420533657074,-0.1946316510438919,0.16704489290714264,-0.28861114382743835,0.23760366439819336,7.92686128616333,15.030101776123047,7.460075378417969,16.744773864746094,-0.07512695342302322,0.003066406352445483,0.0076660155318677425,-0.036796875298023224,0.0,-0.05078321695327759,0.0042893667705357075,-0.0027793010231107473,-0.029122555628418922,0.0,-0.35300666093826294,0.38895824551582336,-9.420353889465332,0.021908273920416832,-0.12004049122333527,-8.568378448486328,0.0,0.0,0.0,0.0,0.0,0.0,0.0,0.0,0.0,0.0,0.0,0.0,-0.056462813168764114,0.006853900384157896,0.0008361159125342965,-0.03214661777019501,0.1994350701570511,0.3389444351196289,0.18989260494709015,0.3711632788181305,0.22566133737564087,0.029440661892294884,0.6229663491249084,0.0,0.0,0.0,0.0,0.0,0.0,0.0
45857399356,0,0.03167085722088814,-0.07995843142271042,-0.8440811038017273,6.569455581484362e-05,-0.04113857448101044,-0.8442511558532715,-0.08052533119916916,0.06000809371471405,0.006458701565861702,-0.0632106363773346,0.077640101313591,-0.00017005205154418945,0.005560735240578651,0.006574601400643587,-0.20608551800251007,0.0,0.0,-0.0047828578390181065,-0.005381826777011156,-0.09767769277095795,-0.0392959862947464,-0.045083653181791306,-0.04855407774448395,0.24304437637329102,0.18996024131774902,-0.7847487926483154,-47.29789733886719,-0.2051524668931961,0.34830018877983093,0.15610359609127045,-0.1902688592672348,0.16936825215816498,-0.2880905568599701,0.24538154900074005,8.168179512023926,14.874956130981445,7.699258804321289,16.590579986572266,-0.07206054776906967,0.004599609412252903,0.0076660155318677425,-0.03526367247104645,0.0,-0.0510866641998291,0.009263868443667889,0.0004514055617619306,-0.03324340283870697,0.0,-0.35300666093826294,0.38895824551582336,-9.420353889465332,0.021908273920416832,-0.12004049122333527,-8.568378448486328,0.0,0.0,0.0,0.0,0.0,0.0,0.0,0.0,0.0,0.0,0.0,0.0,-0.053702447563409805,0.00625618314370513,-0.0003687450080178678,-0.03138209879398346,0.20434893667697906,0.33600321412086487,0.19478847086429596,0.36828720569610596,0.14688324928283691,0.28412631154060364,0.16156235337257385,0.0,0.0,0.0,0.0,0.0,0.0,0.0
45869161427,0,0.03159838542342186,-0.08036679774522781,-0.8438929915428162,6.569455581484362e-05,-0.04113857448101044,-0.8442511558532715,-0.08422530442476273,0.07319042086601257,0.010801275260746479,-0.06306569278240204,0.07845684140920639,-0.00035816431045532227,0.00582751864567399,0.005011433735489845,-0.20667342841625214,0.0,0.0,-0.0047828578390181065,-0.005381826777011156,-0.09767769277095795,-0.0392959862947464,-0.039697203785181046,-0.0346268005669117,0.24447990953922272,0.18996024131774902,-0.7847487926483154,-47.29789733886719,-0.2051524668931961,0.34830018877983093,0.15610359609127045,-0.1902688592672348,0.16936825215816498,-0.2880905568599701,0.24538154900074005,8.168179512023926,14.874956130981445,7.699258804321289,16.590579986572266,-0.06746093928813934,0.004599609412252903,0.0076660155318677425,-0.03526367247104645,0.0,-0.0510866641998291,0.009263868443667889,0.0004514055617619306,-0.03324340283870697,0.0,0.16603709757328033,-0.11083109676837921,-9.639503479003906,0.03453822433948517,-0.14268159866333008,-8.599617958068848,0.0,0.0,0.0,0.0,0.0,0.0,0.0,0.0,0.0,0.0,0.0,0.0,-0.05184818059206009,0.00628773495554924,-0.0009590084664523602,-0.031159453094005585,0.20434893667697906,0.33600321412086487,0.19478847086429596,0.36828720569610596,0.14688324928283691,0.28412631154060364,0.16156235337257385,0.0,0.0,0.0,0.0,0.0,0.0,0.0
45877519102,0,0.031557194888591766,-0.08052898198366165,-0.8437724113464355,6.569455581484362e-05,-0.04113857448101044,-0.8442511558532715,-0.08321432024240494,0.07072972506284714,0.014022741466760635,-0.06298331171274185,0.07878120988607407,-0.0004787445068359375,0.00580097921192646,0.003927007783204317,-0.2068738341331482,0.0,0.0,-0.0047828578390181065,-0.001652118400670588,-0.09387870877981186,-0.031998470425605774,-0.045040301978588104,-0.02378305234014988,0.24264001846313477,0.1737522929906845,-0.7569740414619446,-47.42916488647461,-0.21830423176288605,0.35406482219696045,0.13175147771835327,-0.18789108097553253,0.17065155506134033,-0.28783512115478516,0.24911120533943176,8.79978084564209,14.269428253173828,8.351587295532227,16.043888092041016,-0.06439453363418579,0.0015332031762227416,0.004599609412252903,-0.03526367247104645,0.0,-0.04665780067443848,0.008748327381908894,0.0002359537611482665,-0.03324563056230545,0.0,0.16603709757328033,-0.11083109676837921,-9.639503479003906,0.031591325998306274,-0.1376316398382187,-8.62348461151123,0.0,0.0,0.0,0.0,0.0,0.0,0.0,0.0,0.0,0.0,0.0,0.0,-0.050591398030519485,0.00682864710688591,-0.0009989866521209478,-0.03143459931015968,0.20434893667697906,0.33600321412086487,0.19478847086429596,0.36828720569610596,0.24855858087539673,0.34634920954704285,0.4297276735305786,0.0,0.0,0.0,0.0,0.0,0.0,0.0
45888491385,0,0.031557194888591766,-0.08052898198366165,-0.8437724113464355,6.569455581484362e-05,-0.04113857448101044,-0.8442511558532715,-0.08321432024240494,0.07072972506284714,0.014022741466760635,-0.06298331171274185,0.07878120988607407,-0.0004787445068359375,0.00580097921192646,0.003927007783204317,-0.2068738341331482,0.0,0.0,-0.0047828578390181065,0.015124352648854256,-0.08458360284566879,-0.015450820326805115,-0.045040301978588104,-0.02378305234014988,0.24264001846313477,0.18703490495681763,-0.8166521191596985,-47.66031265258789,-0.2457737922668457,0.35608917474746704,0.11582520604133606,-0.18345920741558075,0.17322444915771484,-0.2873828113079071,0.25549015402793884,9.216296195983887,13.884305000305176,8.846988677978516,15.747279167175293,-0.06132812425494194,0.0,0.003066406352445483,-0.03373046964406967,0.0,-0.045806169509887695,0.011195947416126728,0.0026213640812784433,-0.03520503267645836,0.0,0.16603709757328033,-0.11083109676837921,-9.639503479003906,0.031591325998306274,-0.1376316398382187,-8.62348461151123,0.0,0.0,0.0,0.0,0.0,0.0,0.0,0.0,0.0,0.0,0.0,0.0,-0.04941247031092644,0.007585603278130293,-0.0006707858992740512,-0.03199439123272896,0.22554005682468414,0.3171175420284271,0.21810108423233032,0.35248395800590515,0.726115345954895,0.41970691084861755,0.6393583416938782,0.0,0.0,0.0,0.0,0.0,0.0,0.0
45897476798,0,0.03154700994491577,-0.08064430952072144,-0.8433079719543457,6.569455581484362e-05,-0.04113857448101044,-0.8442511558532715,-0.0874345451593399,0.07649929821491241,0.018028724938631058,-0.06296294182538986,0.07901186496019363,-0.0009431838989257812,0.006245090160518885,0.0017241138266399503,-0.20779165625572205,0.0,0.0,-0.0047828578390181065,0.027831263840198517,-0.07283319532871246,-0.01949251815676689,-0.05016385018825531,-0.011680178344249725,0.24354881048202515,0.18703490495681763,-0.8166521191596985,-47.66031265258789,-0.2457737922668457,0.35608917474746704,0.11582520604133606,-0.18345920741558075,0.17322444915771484,-0.2873828113079071,0.25549015402793884,9.216296195983887,13.884305000305176,8.846988677978516,15.747279167175293,-0.059794921427965164,-0.0015332031762227416,0.003066406352445483,-0.03526367247104645,0.0,-0.045806169509887695,0.011195947416126728,0.0026213640812784433,-0.03520503267645836,0.0,0.046938154846429825,-0.06878969818353653,-9.80759334564209,0.04215508699417114,-0.14673012495040894,-8.647603988647461,0.0,0.0,0.0,0.0,0.0,0.0,0.0,0.0,0.0,0.0,0.0,0.0,-0.04820648580789566,0.008511176332831383,-1.192479976452887e-05,-0.0327717624604702,0.22554005682468414,0.3171175420284271,0.21810108423233032,0.35248395800590515,0.9692580699920654,0.7646992802619934,0.12344269454479218,0.0,0.0,0.0,0.0,0.0,0.0,0.0
45907127594,0,0.03156134486198425,-0.08052129298448563,-0.8429670929908752,6.569455581484362e-05,-0.04113857448101044,-0.8442511558532715,-0.08746138960123062,0.07381665706634521,0.023277392610907555,-0.06299161165952682,0.07876583188772202,-0.0012840628623962402,0.006663134321570396,0.0010225492296740413,-0.20858843624591827,0.0,0.0,-0.0047828578390181065,0.03983191028237343,-0.06064135208725929,-0.020562009885907173,-0.05325913429260254,-0.005963938310742378,0.24450170993804932,0.1873818188905716,-0.7412974834442139,-47.641319274902344,-0.2799495458602905,0.3310626149177551,0.11750166118144989,-0.17904116213321686,0.17322444915771484,-0.2873828113079071,0.25549015402793884,9.071927070617676,13.908439636230469,8.892550468444824,15.797113418579102,-0.05826171860098839,0.0015332031762227416,0.003066406352445483,-0.03373046964406967,0.0,-0.043052516877651215,0.009615009650588036,0.00013818177103530616,-0.03311005234718323,0.0,0.046938154846429825,-0.06878969818353653,-9.80759334564209,0.04115334153175354,-0.1419958472251892,-8.686417579650879,0.0,0.0,0.0,0.0,0.0,0.0,0.0,0.0,0.0,0.0,0.0,0.0,-0.047043412923812866,0.009388865903019905,0.0006834708619862795,-0.03350644186139107,0.22554005682468414,0.3171175420284271,0.21810108423233032,0.35248395800590515,1.0427905321121216,1.0383495092391968,-0.05342952534556389,0.0,0.0,0.0,0.0,0.0,0.0,0.0
45917085056,0,0.03156134486198425,-0.08052129298448563,-0.8429670929908752,6.569455581484362e-05,-0.04113857448101044,-0.8442511558532715,-0.08746138960123062,0.07381665706634521,0.023277392610907555,-0.06299161165952682,0.07876583188772202,-0.0012840628623962402,0.006663134321570396,0.0010225492296740413,-0.20858843624591827,0.0,0.0,-0.0047828578390181065,0.03983191028237343,-0.06064135208725929,-0.020562009885907173,-0.05325913429260254,-0.005963938310742378,0.24450170993804932,0.1873818188905716,-0.7412974834442139,-47.641319274902344,-0.2799495458602905,0.3310626149177551,0.11750166118144989,-0.17904116213321686,0.1764306128025055,-0.28676870465278625,0.2608715891838074,9.071927070617676,13.908439636230469,8.892550468444824,15.797113418579102,-0.05672851577401161,0.004599609412252903,0.0,-0.03373046964406967,0.0,-0.043052516877651215,0.009615009650588036,0.00013818177103530616,-0.03311005234718323,0.0,-0.13841207325458527,0.22487285733222961,-9.624258995056152,0.04115334153175354,-0.1419958472251892,-8.686417579650879,0.0,0.0,0.0,0.0,0.0,0.0,0.0,0.0,0.0,0.0,0.0,0.0,-0.04586199298501015,0.009935185313224792,0.0010394079145044088,-0.03389126434922218,0.22263550758361816,0.31757980585098267,0.2190203219652176,0.3534214198589325,1.0427905321121216,1.0383495092391968,-0.05342952534556389,0.0,0.0,0.0,0.0,0.0,0.0,0.0
45927583460,0,0.031519196927547455,-0.08042210340499878,-0.842771053314209,6.569455581484362e-05,-0.04113857448101044,-0.8442511558532715,-0.09194081276655197,0.08122159540653229,0.024339960888028145,-0.06290731579065323,0.07856745272874832,-0.0014801025390625,0.007601431105285883,0.0006474608089774847,-0.2090415507555008,0.0,0.0,-0.0047828578390181065,0.05901450663805008,-0.050845928490161896,-0.0241206344217062,-0.06729737669229507,0.0012141516199335456,0.2454286515712738,0.22634337842464447,-0.7809771299362183,-47.77529525756836,-0.3114568591117859,0.32450971007347107,0.11777158081531525,-0.17667244374752045,0.17852553725242615,-0.28629276156425476,0.2632446587085724,9.038363456726074,13.910343170166016,8.97788143157959,15.87506103515625,-0.05366211012005806,0.004599609412252903,0.0015332031762227416,-0.03066406212747097,0.0,-0.04295549541711807,0.011797706596553326,0.0004519326612353325,-0.03453755006194115,0.0,-0.13841207325458527,0.22487285733222961,-9.624258995056152,0.0532381497323513,-0.15501870214939117,-8.692697525024414,0.0,0.0,0.0,0.0,0.0,0.0,0.0,0.0,0.0,0.0,0.0,0.0,-0.044758059084415436,0.010245482437312603,0.0010626352159306407,-0.03400222584605217,0.22195953130722046,0.3176162540912628,0.22074106335639954,0.3548866808414459,1.3325694799423218,0.9953970909118652,-0.24707594513893127,0.0,0.0,0.0,0.0,0.0,0.0,0.0
45937541262,0,0.031519196927547455,-0.08042210340499878,-0.842771053314209,6.569455581484362e-05,-0.04113857448101044,-0.8442511558532715,-0.09194081276655197,0.08122159540653229,0.024339960888028145,-0.06290731579065323,0.07856745272874832,-0.0014801025390625,0.007601431105285883,0.0006474608089774847,-0.2090415507555008,0.0,0.0,-0.0047828578390181065,0.07724614441394806,-0.051481205970048904,-0.029364217072725296,-0.06729737669229507,0.0012141516199335456,0.2454286515712738,0.272777259349823,-0.8285971879959106,-47.798828125,-0.3114568591117859,0.32450971007347107,0.11777158081531525,-0.17667244374752045,0.17852553725242615,-0.28629276156425476,0.2632446587085724,9.115689277648926,13.768311500549316,9.085758209228516,15.855341911315918,-0.052128907293081284,0.004599609412252903,0.0015332031762227416,-0.027597656473517418,0.0,-0.0426369309425354,0.014334815554320812,0.000492719525936991,-0.03667914494872093,0.0,-0.16531029343605042,-0.002471035113558173,-9.421161651611328,0.0532381497323513,-0.15501870214939117,-8.692697525024414,0.0,0.0,0.0,0.0,0.0,0.0,0.0,0.0,0.0,0.0,0.0,0.0,-0.04387228935956955,0.01070086844265461,0.0009487750940024853,-0.03418852016329765,0.22195953130722046,0.3176162540912628,0.22074106335639954,0.3548866808414459,1.0883101224899292,0.261905312538147,-0.354097843170166,0.0,0.0,0.0,0.0,0.0,0.0,0.0
45946807628,0,0.031360168009996414,-0.08012448251247406,-0.8423025608062744,6.569455581484362e-05,-0.04113857448101044,-0.8442511558532715,-0.08944215625524521,0.07357765734195709,0.02486865408718586,-0.06258925795555115,0.07797220349311829,-0.0019485950469970703,0.008748260326683521,-0.000477047375170514,-0.20957988500595093,0.0,0.0,-0.0047828578390181065,0.07724614441394806,-0.051481205970048904,-0.029364217072725296,-0.07934680581092834,0.010643611662089825,0.24652723968029022,0.2531314790248871,-0.7819355726242065,-47.827816009521484,-0.35040372610092163,0.3449690639972687,0.11599645018577576,-0.17229275405406952,0.18292765319347382,-0.2854633033275604,0.2667558789253235,9.064754486083984,13.788763046264648,9.06479263305664,15.934074401855469,-0.04906250163912773,0.004599609412252903,0.0,-0.029130859300494194,0.0,-0.04129639267921448,0.012958499602973461,-3.466098860371858e-05,-0.034726664423942566,0.0,-0.31553444266319275,0.42542195320129395,-9.888471603393555,0.0460239052772522,-0.14217010140419006,-8.695966720581055,0.0,0.0,0.0,0.0,0.0,0.0,0.0,0.0,0.0,0.0,0.0,0.0,-0.0431615486741066,0.011414861306548119,0.0007824120693840086,-0.03455086424946785,0.22249113023281097,0.3152863681316376,0.2224918007850647,0.35599544644355774,1.0883101224899292,0.261905312538147,-0.354097843170166,0.0,0.0,0.0,0.0,0.0,0.0,0.0
45957481410,0,0.031047187745571136,-0.07979527860879898,-0.8417855501174927,6.569455581484362e-05,-0.04113857448101044,-0.8442511558532715,-0.08949195593595505,0.08413057774305344,0.032076891511678696,-0.06196329742670059,0.07731379568576813,-0.0024656057357788086,0.010246951133012772,-0.000817701336927712,-0.2105790376663208,0.0,0.0,-0.0047828578390181065,0.06971008330583572,-0.033789560198783875,-0.04269217699766159,-0.07934680581092834,0.010643611662089825,0.24652723968029022,0.2861822545528412,-0.901992678642273,-48.12080001831055,-0.35040372610092163,0.3449690639972687,0.11599645018577576,-0.17229275405406952,0.18292765319347382,-0.2854633033275604,0.2667558789253235,9.06086254119873,13.96329402923584,9.10230541229248,16.01517105102539,-0.04906250163912773,0.004599609412252903,0.0,-0.03373046964406967,0.0,-0.04471225664019585,0.01667366921901703,0.003344996366649866,-0.03793300688266754,0.0,0.060839973390102386,-0.2506791949272156,-9.647762298583984,0.052033137530088425,-0.16399866342544556,-8.749236106872559,0.0,0.0,0.0,0.0,0.0,0.0,0.0,0.0,0.0,0.0,0.0,0.0,-0.04268724471330643,0.012285733595490456,0.0007300592260435224,-0.03499949723482132,0.22249113023281097,0.3152863681316376,0.2224918007850647,0.35599544644355774,0.08267547190189362,0.6295368075370789,-0.5531380772590637,0.0,0.0,0.0,0.0,0.0,0.0,0.0
45967145981,0,0.031047187745571136,-0.07979527860879898,-0.8417855501174927,6.569455581484362e-05,-0.04113857448101044,-0.8442511558532715,-0.08949195593595505,0.08413057774305344,0.032076891511678696,-0.06196329742670059,0.07731379568576813,-0.0024656057357788086,0.010246951133012772,-0.000817701336927712,-0.2105790376663208,0.0,0.0,-0.0047828578390181065,0.05846812576055527,-0.031360454857349396,-0.05101057142019272,-0.08545508980751038,0.013574757613241673,0.24728506803512573,0.2861822545528412,-0.901992678642273,-48.12080001831055,-0.3418129086494446,0.32440486550331116,0.1182066947221756,-0.16759897768497467,0.1879103034734726,-0.28451505303382874,0.268987238407135,9.06086254119873,13.96329402923584,9.10230541229248,16.01517105102539,-0.04906250163912773,0.004599609412252903,0.0015332031762227416,-0.036796875298023224,0.0,-0.04414862021803856,0.0170391034334898,0.003905507270246744,-0.03761421516537666,0.0,0.060839973390102386,-0.2506791949272156,-9.647762298583984,0.052033137530088425,-0.16399866342544556,-8.749236106872559,0.0,0.0,0.0,0.0,0.0,0.0,0.0,0.0,0.0,0.0,0.0,0.0,-0.042644061148166656,0.013369203545153141,0.00105678616091609,-0.03559882938861847,0.22241269052028656,0.3186301290988922,0.22324708104133606,0.357517808675766,-0.38148924708366394,0.26236239075660706,-0.5850034952163696,0.0,0.0,0.0,0.0,0.0,0.0,0.0
45977265753,0,0.03056434541940689,-0.07945465296506882,-0.8411780595779419,6.569455581484362e-05,-0.04113857448101044,-0.8442511558532715,-0.08789293467998505,0.08319445699453354,0.031372517347335815,-0.0609976090490818,0.0766325369477272,-0.00307309627532959,0.01131022535264492,-0.0015276512131094933,-0.21120819449424744,0.0,0.0,-0.0047828578390181065,0.05846812576055527,-0.031360454857349396,-0.05101057142019272,-0.09099140763282776,0.018860911950469017,0.2494509369134903,0.2788078784942627,-0.9009236693382263,-48.08485794067383,-0.33702966570854187,0.33141180872917175,0.12574122846126556,-0.16425031423568726,0.19138501584529877,-0.28381407260894775,0.26970523595809937,8.878232955932617,14.140153884887695,8.88782787322998,16.196374893188477,-0.04599609225988388,0.004599609412252903,0.0015332031762227416,-0.038330078125,0.0,-0.044898346066474915,0.016872266307473183,0.004660119768232107,-0.03678387030959129,0.0,-0.21703295409679413,0.4389588236808777,-9.654919624328613,0.05069234222173691,-0.1638043075799942,-8.742701530456543,0.0,0.0,0.0,0.0,0.0,0.0,0.0,0.0,0.0,0.0,0.0,0.0,-0.04296104609966278,0.014554708264768124,0.0017520952969789505,-0.03624188154935837,0.21873153746128082,0.3220125138759613,0.21892501413822174,0.36091551184654236,-0.38148924708366394,0.26236239075660706,-0.5850034952163696,0.0,0.0,0.0,0.0,0.0,0.0,0.0
45987501257,0,0.030263256281614304,-0.07924056053161621,-0.8408539295196533,6.569455581484362e-05,-0.04113857448101044,-0.8442511558532715,-0.08778171986341476,0.08367417007684708,0.036906130611896515,-0.06039542704820633,0.07620435208082199,-0.003397226333618164,0.011561264283955097,-0.0017780225025489926,-0.2116045504808426,0.0,0.0,-0.0047828578390181065,0.05001617968082428,-0.02752171829342842,-0.050937019288539886,-0.09099140763282776,0.018860911950469017,0.2494509369134903,0.2788078784942627,-0.9009236693382263,-48.08485794067383,-0.33702966570854187,0.33141180872917175,0.12574122846126556,-0.16425031423568726,0.19138501584529877,-0.28381407260894775,0.26970523595809937,8.878232955932617,14.140153884887695,8.88782787322998,16.196374893188477,-0.04292968660593033,0.003066406352445483,0.0,-0.036796875298023224,0.0,-0.044898346066474915,0.016872266307473183,0.004660119768232107,-0.03678387030959129,0.0,-0.21703295409679413,0.4389588236808777,-9.654919624328613,0.0520215667784214,-0.16550607979297638,-8.786026000976562,0.0,0.0,0.0,0.0,0.0,0.0,0.0,0.0,0.0,0.0,0.0,0.0,-0.0434398390352726,0.015573103912174702,0.002595854690298438,-0.03669646382331848,0.21873153746128082,0.3220125138759613,0.21892501413822174,0.36091551184654236,-0.5270803570747375,0.3091391623020172,-0.32843440771102905,0.0,0.0,0.0,0.0,0.0,0.0,0.0
45997310191,0,0.030263256281614304,-0.07924056053161621,-0.8408539295196533,6.569455581484362e-05,-0.04113857448101044,-0.8442511558532715,-0.08778171986341476,0.08367417007684708,0.036906130611896515,-0.06039542704820633,0.07620435208082199,-0.003397226333618164,0.011561264283955097,-0.0017780225025489926,-0.2116045504808426,0.0,0.0,-0.0047828578390181065,0.05001617968082428,-0.02752171829342842,-0.050937019288539886,-0.09340978413820267,0.020208079367876053,0.2502973675727844,0.28611862659454346,-0.9102834463119507,-48.323143005371094,-0.331867516040802,0.3280133008956909,0.12126170098781586,-0.16190889477729797,0.19371235370635986,-0.2833749055862427,0.26985734701156616,9.051419258117676,14.102277755737305,9.057961463928223,16.131694793701172,-0.04292968660593033,0.003066406352445483,-0.0015332031762227416,-0.036796875298023224,0.0,-0.04383738711476326,0.017516087740659714,0.004933531861752272,-0.037139177322387695,0.0,-0.45371872186660767,0.0038579513784497976,-9.566370964050293,0.0520215667784214,-0.16550607979297638,-8.786026000976562,0.0,0.0,0.0,0.0,0.0,0.0,0.0,0.0,0.0,0.0,0.0,0.0,-0.043895501643419266,0.01634339429438114,0.003404351882636547,-0.03695255517959595,0.22222255170345306,0.3212887644767761,0.22235427796840668,0.3597034811973572,-0.5270803570747375,0.3091391623020172,-0.32843440771102905,0.0,0.0,0.0,0.0,0.0,0.0,0.0
46007150743,0,0.02955743297934532,-0.07883807271718979,-0.8401740789413452,6.569455581484362e-05,-0.04113857448101044,-0.8442511558532715,-0.08443579077720642,0.09302078187465668,0.03651975840330124,-0.05898377299308777,0.07539937645196915,-0.0040770769119262695,0.012458467856049538,-0.0021839020773768425,-0.21269677579402924,0.0,0.0,-0.0047828578390181065,0.04031916707754135,-0.021625706925988197,-0.05031384527683258,-0.0982368066906929,0.021464446559548378,0.24940355122089386,0.3011808395385742,-0.9142601490020752,-48.3809700012207,-0.32866233587265015,0.3223179876804352,0.11483761668205261,-0.15923476219177246,0.19371235370635986,-0.2833749055862427,0.26985734701156616,9.222455024719238,13.970274925231934,9.237235069274902,15.973020553588867,-0.04292968660593033,0.004599609412252903,0.0,-0.036796875298023224,0.0,-0.0422830767929554,0.01837160997092724,0.004728161264210939,-0.037747882306575775,0.0,0.2268235981464386,0.25687000155448914,-9.895892143249512,0.052547745406627655,-0.1861981898546219,-8.780465126037598,0.0,0.0,0.0,0.0,0.0,0.0,0.0,0.0,0.0,0.0,0.0,0.0,-0.044086117297410965,0.016948390752077103,0.004062068648636341,-0.0371246337890625,0.22222255170345306,0.3212887644767761,0.22235427796840668,0.3597034811973572,-0.615391194820404,0.3620339334011078,-0.04916251450777054,0.0,0.0,0.0,0.0,0.0,0.0,0.0
46017058895,0,0.02955743297934532,-0.07883807271718979,-0.8401740789413452,6.569455581484362e-05,-0.04113857448101044,-0.8442511558532715,-0.08443579077720642,0.09302078187465668,0.03651975840330124,-0.05743297189474106,0.07429139316082001,-0.004789113998413086,0.012458467856049538,-0.0021839020773768425,-0.21269677579402924,0.0,0.0,-0.0047828578390181065,0.032370440661907196,-0.02006678469479084,-0.05986674875020981,-0.0982368066906929,0.021464446559548378,0.24940355122089386,0.3011808395385742,-0.9142601490020752,-48.3809700012207,-0.32866233587265015,0.3223179876804352,0.11483761668205261,-0.15923476219177246,0.19626028835773468,-0.28284817934036255,0.2696768045425415,9.222455024719238,13.970274925231934,9.237235069274902,15.973020553588867,-0.044462889432907104,0.006132812704890966,0.0015332031762227416,-0.036796875298023224,0.0,-0.0422830767929554,0.01837160997092724,0.004728161264210939,-0.037747882306575775,0.0,0.2268235981464386,0.25687000155448914,-9.895892143249512,0.05697789043188095,-0.1746290922164917,-8.807918548583984,0.0,0.0,0.0,0.0,0.0,0.0,0.0,0.0,0.0,0.0,0.0,0.0,-0.043918855488300323,0.017469091340899467,0.0045179277658462524,-0.03729619085788727,0.22566379606723785,0.3187638521194458,0.22596080601215363,0.3567267060279846,-0.9559705257415771,0.3881565034389496,-0.5783739686012268,0.0,0.0,0.0,0.0,0.0,0.0,0.0
46027365067,0,0.028782036155462265,-0.07828408479690552,-0.8394620418548584,6.569455581484362e-05,-0.04113857448101044,-0.8442511558532715,-0.08625836670398712,0.08668521791696548,0.039749547839164734,-0.05743297189474106,0.07429139316082001,-0.004789113998413086,0.012637700885534286,-0.002260018838569522,-0.21361534297466278,0.0,0.0,-0.0047828578390181065,0.017534714192152023,-0.008787225931882858,-0.049164507538080215,-0.09546957165002823,0.02113199606537819,0.25230470299720764,0.31337839365005493,-0.9604600071907043,-48.44355010986328,-0.304328978061676,0.3062993288040161,0.11143369972705841,-0.15423567593097687,0.2007070779800415,-0.2818377614021301,0.2686895430088043,9.332594871520996,13.9635591506958,9.326091766357422,15.840689659118652,-0.04292968660593033,0.009199218824505806,0.0015332031762227416,-0.038330078125,0.0,-0.042490292340517044,0.020248545333743095,0.006554820109158754,-0.03902444988489151,0.0,-0.44845446944236755,-0.17881962656974792,-9.79462718963623,0.05697789043188095,-0.1746290922164917,-8.807918548583984,0.0,0.0,0.0,0.0,0.0,0.0,0.0,0.0,0.0,0.0,0.0,0.0,-0.04354430362582207,0.017978303134441376,0.004865185357630253,-0.037522803992033005,0.22787636518478394,0.3186352252960205,0.22774574160575867,0.3542407155036926,-0.9382388591766357,0.5457651615142822,0.021433614194393158,0.0,0.0,0.0,0.0,0.0,0.0,0.0
46037417899,0,0.02794232964515686,-0.07748062163591385,-0.8387524485588074,6.569455581484362e-05,-0.04113857448101044,-0.8442511558532715,-0.08594363182783127,0.08784659951925278,0.041090887039899826,-0.05575355142354965,0.07268445938825607,-0.005498707294464111,0.012279135175049305,-0.002691250294446945,-0.21461044251918793,0.0,0.0,-0.0047828578390181065,-0.0058643026277422905,-0.013917249627411366,-0.043367255479097366,-0.09546957165002823,0.02113199606537819,0.25230470299720764,0.33463138341903687,-0.986868143081665,-48.503170013427734,-0.2796163856983185,0.32045960426330566,0.10355725884437561,-0.14994347095489502,0.2039729803800583,-0.28099149465560913,0.2673472464084625,9.60439395904541,13.79790210723877,9.478169441223145,15.642271995544434,-0.04292968660593033,0.009199218824505806,0.003066406352445483,-0.038330078125,0.0,-0.04099090024828911,0.022051416337490082,0.007134191691875458,-0.04029934108257294,0.0,-0.44845446944236755,-0.17881962656974792,-9.79462718963623,0.06084207072854042,-0.17943057417869568,-8.818758010864258,0.0,0.0,0.0,0.0,0.0,0.0,0.0,0.0,0.0,0.0,0.0,0.0,-0.04308687150478363,0.018644243478775024,0.005290214437991381,-0.037911273539066315,0.23332537710666656,0.315461665391922,0.2307969182729721,0.35050731897354126,-1.028714895248413,-0.11568041145801544,0.14115874469280243,0.0,0.0,0.0,0.0,0.0,0.0,0.0
46047055525,0,0.02794232964515686,-0.07748062163591385,-0.8387524485588074,6.569455581484362e-05,-0.04113857448101044,-0.8442511558532715,-0.08594363182783127,0.08784659951925278,0.041090887039899826,-0.05575355142354965,0.07268445938825607,-0.005498707294464111,0.012279135175049305,-0.002691250294446945,-0.21461044251918793,0.0,0.0,-0.0047828578390181065,-0.017032818868756294,-0.017443256452679634,-0.04296526312828064,-0.09285353869199753,0.029099103063344955,0.2529665529727936,0.36030662059783936,-1.0463652610778809,-48.31122589111328,-0.26685458421707153,0.3259575366973877,0.10277089476585388,-0.14797727763652802,0.2039729803800583,-0.28099149465560913,0.2673472464084625,9.605053901672363,13.741331100463867,9.421521186828613,15.563616752624512,-0.04292968660593033,0.010732421651482582,0.004599609412252903,-0.036796875298023224,0.0,-0.042011409997940063,0.024489790201187134,0.008673167787492275,-0.04230218380689621,0.0,0.09008550643920898,0.008832712657749653,-9.963235855102539,0.06084207072854042,-0.17943057417869568,-8.818758010864258,0.0,0.0,0.0,0.0,0.0,0.0,0.0,0.0,0.0,0.0,0.0,0.0,-0.04259138181805611,0.019629793241620064,0.005883780773729086,-0.03857657313346863,0.23332537710666656,0.315461665391922,0.2307969182729721,0.35050731897354126,-1.0615930557250977,-0.23593245446681976,0.09926727414131165,0.0,0.0,0.0,0.0,0.0,0.0,0.0
46058004227,0,0.027024688199162483,-0.0766192302107811,-0.8381037712097168,6.569455581484362e-05,-0.04113857448101044,-0.8442511558532715,-0.08795344829559326,0.0884745642542839,0.03419540449976921,-0.05391825735569,0.07096166908740997,-0.0061473846435546875,0.011823724955320358,-0.003164514433592558,-0.2156735360622406,0.0,0.0,-0.0047828578390181065,-0.017032818868756294,-0.017443256452679634,-0.04296526312828064,-0.09285353869199753,0.029099103063344955,0.2529665529727936,0.36030662059783936,-1.0463652610778809,-48.31122589111328,-0.26685458421707153,0.3259575366973877,0.10277089476585388,-0.14797727763652802,0.20548126101493835,-0.280710905790329,0.26638516783714294,9.605053901672363,13.741331100463867,9.421521186828613,15.563616752624512,-0.04292968660593033,0.010732421651482582,0.004599609412252903,-0.03526367247104645,0.0,-0.042011409997940063,0.024489790201187134,0.008673167787492275,-0.04230218380689621,0.0,0.09008550643920898,0.008832712657749653,-9.963235855102539,0.06943801045417786,-0.18214036524295807,-8.769370079040527,0.0,0.0,0.0,0.0,0.0,0.0,0.0,0.0,0.0,0.0,0.0,0.0,-0.04219359531998634,0.020898811519145966,0.00661942595615983,-0.03949885815382004,0.2350461184978485,0.31243404746055603,0.23130162060260773,0.3477829396724701,-1.0615930557250977,-0.23593245446681976,0.09926727414131165,0.0,0.0,0.0,0.0,0.0,0.0,0.0
46068417898,0,0.027024688199162483,-0.0766192302107811,-0.8381037712097168,6.569455581484362e-05,-0.04113857448101044,-0.8442511558532715,-0.08795344829559326,0.0884745642542839,0.03419540449976921,-0.05391825735569,0.07096166908740997,-0.0061473846435546875,0.011823724955320358,-0.003164514433592558,-0.2156735360622406,0.0,0.0,-0.0047828578390181065,-0.04398615285754204,-0.022892992943525314,-0.032205455005168915,-0.09285353869199753,0.029099103063344955,0.2529665529727936,0.37531062960624695,-0.9709409475326538,-48.129520416259766,-0.23416750133037567,0.33706164360046387,0.08859936892986298,-0.14342933893203735,0.207779660820961,-0.28044480085372925,0.2642807066440582,9.980350494384766,13.375762939453125,9.663680076599121,15.130642890930176,-0.04139648377895355,0.010732421651482582,0.006132812704890966,-0.036796875298023224,0.0,-0.03672926500439644,0.023931415751576424,0.005658913403749466,-0.04177331179380417,0.0,0.09008550643920898,0.008832712657749653,-9.963235855102539,0.06943801045417786,-0.18214036524295807,-8.769370079040527,0.0,0.0,0.0,0.0,0.0,0.0,0.0,0.0,0.0,0.0,0.0,0.0,-0.041720665991306305,0.02215980365872383,0.00722114322707057,-0.040445342659950256,0.24083632230758667,0.30735111236572266,0.2345118522644043,0.34084823727607727,-1.2089241743087769,-0.25971388816833496,0.4959205985069275,0.0,0.0,0.0,0.0,0.0,0.0,0.0
46078125970,0,0.026048777624964714,-0.07571863383054733,-0.8375339508056641,6.569455581484362e-05,-0.04113857448101044,-0.8442511558532715,-0.08641399443149567,0.08573417365550995,0.030098171904683113,-0.05196642875671387,0.06916046142578125,-0.006717205047607422,0.010529079474508762,-0.0034731996711343527,-0.2162628024816513,0.0,0.0,-0.0047828578390181065,-0.056662417948246,-0.0235125869512558,-0.0276153776794672,-0.08246323466300964,0.031126702204346657,0.2536744773387909,0.37531062960624695,-0.9709409475326538,-48.129520416259766,-0.23416750133037567,0.33706164360046387,0.08859936892986298,-0.14342933893203735,0.207779660820961,-0.28044480085372925,0.2642807066440582,9.980350494384766,13.375762939453125,9.663680076599121,15.130642890930176,-0.04292968660593033,0.010732421651482582,0.0076660155318677425,-0.039863280951976776,0.0,-0.03672926500439644,0.023931415751576424,0.005658913403749466,-0.04177331179380417,0.0,0.18020057678222656,0.051204174757003784,-9.950471878051758,0.06991752982139587,-0.17992179095745087,-8.74560546875,0.0,0.0,0.0,0.0,0.0,0.0,0.0,0.0,0.0,0.0,0.0,0.0,-0.04081069678068161,0.02313264273107052,0.007367853540927172,-0.04118027910590172,0.24083632230758667,0.30735111236572266,0.2345118522644043,0.34084823727607727,-1.22257661819458,-0.1443772166967392,0.5393884181976318,0.0,0.0,0.0,0.0,0.0,0.0,0.0
46087097311,0,0.025522449985146523,-0.0752367228269577,-0.8372969031333923,6.569455581484362e-05,-0.04113857448101044,-0.8442511558532715,-0.08961409330368042,0.08641517907381058,0.02822577767074108,-0.05091376602649689,0.06819663941860199,-0.00695425271987915,0.009920720010995865,-0.003693854436278343,-0.21660549938678741,0.0,0.0,-0.0047828578390181065,-0.056662417948246,-0.0235125869512558,-0.0276153776794672,-0.07755470275878906,0.03268013522028923,0.2540855407714844,0.3845463991165161,-0.9895698428153992,-48.100830078125,-0.21740329265594482,0.33806854486465454,0.08401544392108917,-0.1411820501089096,0.20873677730560303,-0.2804320454597473,0.2630484104156494,10.115862846374512,13.277787208557129,9.743205070495605,14.984307289123535,-0.04292968660593033,0.010732421651482582,0.0076660155318677425,-0.039863280951976776,0.0,-0.0363239049911499,0.025034241378307343,0.006204292643815279,-0.042676400393247604,0.0,0.18020057678222656,0.051204174757003784,-9.950471878051758,0.07897049933671951,-0.18121308088302612,-8.735238075256348,0.0,0.0,0.0,0.0,0.0,0.0,0.0,0.0,0.0,0.0,0.0,0.0,-0.03959132730960846,0.023809367790818214,0.00714982021600008,-0.0416928194463253,0.24353629350662231,0.3054639995098114,0.23610219359397888,0.33807674050331116,-1.22257661819458,-0.1443772166967392,0.5393884181976318,0.0,0.0,0.0,0.0,0.0,0.0,0.0
46097141766,0,0.025522449985146523,-0.0752367228269577,-0.8372969031333923,6.569455581484362e-05,-0.04113857448101044,-0.8442511558532715,-0.08961409330368042,0.08641517907381058,0.02822577767074108,-0.05091376602649689,0.06819663941860199,-0.00695425271987915,0.009920720010995865,-0.003693854436278343,-0.21660549938678741,0.0,0.0,-0.0047828578390181065,-0.07928876578807831,-0.042733125388622284,-0.03133717551827431,-0.05878783389925957,0.0415341891348362,0.2558766305446625,0.42042574286460876,-1.0188981294631958,-47.92348861694336,-0.1841771900653839,0.3723929822444916,0.09014387428760529,-0.13705934584140778,0.20873677730560303,-0.2804320454597473,0.2630484104156494,10.021175384521484,13.385220527648926,9.442137718200684,15.09470272064209,-0.04139648377895355,0.009199218824505806,0.006132812704890966,-0.04139648377895355,0.0,-0.035988520830869675,0.026891129091382027,0.006631428375840187,-0.043595682829618454,0.0,-0.13717716932296753,0.05481714755296707,-10.110254287719727,0.07897049933671951,-0.18121308088302612,-8.735238075256348,0.0,0.0,0.0,0.0,0.0,0.0,0.0,0.0,0.0,0.0,0.0,0.0,-0.03839192911982536,0.024402998387813568,0.006862657610327005,-0.04212713614106178,0.24353629350662231,0.3054639995098114,0.23610219359397888,0.33807674050331116,-1.2003861665725708,-0.7690620422363281,0.13106504082679749,0.0,0.0,0.0,0.0,0.0,0.0,0.0
46107107988,0,0.02444101683795452,-0.07425771653652191,-0.8368880748748779,6.569455581484362e-05,-0.04113857448101044,-0.8442511558532715,-0.08913080394268036,0.08675297349691391,0.017117245122790337,-0.04875089228153229,0.06623861938714981,-0.007363080978393555,0.008452111855149269,-0.0048225452192127705,-0.21735338866710663,0.0,0.0,-0.0047828578390181065,-0.07928876578807831,-0.042733125388622284,-0.03133717551827431,-0.05878783389925957,0.0415341891348362,0.2558766305446625,0.42042574286460876,-1.0188981294631958,-47.92348861694336,-0.1841771900653839,0.3723929822444916,0.09014387428760529,-0.13705934584140778,0.2099662572145462,-0.2808087468147278,0.26034289598464966,10.021175384521484,13.385220527648926,9.442137718200684,15.09470272064209,-0.039863280951976776,0.009199218824505806,0.006132812704890966,-0.04139648377895355,0.0,-0.035988520830869675,0.026891129091382027,0.006631428375840187,-0.043595682829618454,0.0,-0.22813387215137482,0.16476817429065704,-10.113103866577148,0.0833539143204689,-0.18464738130569458,-8.658415794372559,0.0,0.0,0.0,0.0,0.0,0.0,0.0,0.0,0.0,0.0,0.0,0.0,-0.03737402707338333,0.02506842091679573,0.006659055128693581,-0.04256931692361832,0.2416500598192215,0.30753329396247864,0.23007449507713318,0.3401679992675781,-1.2003861665725708,-0.7690620422363281,0.13106504082679749,0.0,0.0,0.0,0.0,0.0,0.0,0.0
46116932861,0,0.02328231744468212,-0.07324448972940445,-0.8365990519523621,6.569455581484362e-05,-0.04113857448101044,-0.8442511558532715,-0.08664456009864807,0.09094025194644928,0.009160995483398438,-0.046433478593826294,0.06421215087175369,-0.007652103900909424,0.006815101485699415,-0.00605209032073617,-0.21759667992591858,0.0,0.0,-0.0047828578390181065,-0.0953509733080864,-0.06598542630672455,-0.03390398621559143,-0.05878783389925957,0.0415341891348362,0.2558766305446625,0.47203466296195984,-1.0817219018936157,-47.35929870605469,-0.1841771900653839,0.3723929822444916,0.09014387428760529,-0.13705934584140778,0.2099662572145462,-0.2808087468147278,0.26034289598464966,9.863377571105957,13.36763858795166,9.060070991516113,15.09031867980957,-0.039863280951976776,0.009199218824505806,0.006132812704890966,-0.039863280951976776,0.0,-0.03696681186556816,0.029954295605421066,0.007348731625825167,-0.046292126178741455,0.0,-0.22813387215137482,0.16476817429065704,-10.113103866577148,0.08582448214292526,-0.19667671620845795,-8.6107816696167,0.0,0.0,0.0,0.0,0.0,0.0,0.0,0.0,0.0,0.0,0.0,0.0,-0.03666287660598755,0.0258733332157135,0.006586913485080004,-0.043100565671920776,0.2416500598192215,0.30753329396247864,0.23007449507713318,0.3401679992675781,-0.981628954410553,-1.0403475761413574,-0.15278755128383636,0.0,0.0,0.0,0.0,0.0,0.0,0.0
46126808172,0,0.02328231744468212,-0.07324448972940445,-0.8365990519523621,6.569455581484362e-05,-0.04113857448101044,-0.8442511558532715,-0.08664456009864807,0.09094025194644928,0.009160995483398438,-0.046433478593826294,0.06421215087175369,-0.007652103900909424,0.006815101485699415,-0.00605209032073617,-0.21759667992591858,0.0,0.0,-0.0047828578390181065,-0.0951208844780922,-0.07595021277666092,-0.03744025528430939,-0.04428500682115555,0.052577242255210876,0.25669917464256287,0.475127637386322,-1.078193187713623,-47.361202239990234,-0.14779385924339294,0.42732369899749756,0.10041680932044983,-0.13083277642726898,0.21066609025001526,-0.28304603695869446,0.255280464887619,9.762483596801758,13.474261283874512,8.90580940246582,15.240809440612793,-0.039863280951976776,0.009199218824505806,0.006132812704890966,-0.038330078125,0.0,-0.03641532361507416,0.030208278447389603,0.007973123341798782,-0.04538004472851753,0.0,-0.1547786444425583,0.28295156359672546,-10.43345832824707,0.08582448214292526,-0.19667671620845795,-8.6107816696167,0.0,0.0,0.0,0.0,0.0,0.0,0.0,0.0,0.0,0.0,0.0,0.0,-0.03629863262176514,0.026892654597759247,0.006687723565846682,-0.043784305453300476,0.23648738861083984,0.309246689081192,0.21928776800632477,0.34293216466903687,-0.5363218784332275,-1.010310173034668,-0.3810025155544281,0.0,0.0,0.0,0.0,0.0,0.0,0.0
46137358445,0,0.022686462849378586,-0.07272665947675705,-0.8365057110786438,6.569455581484362e-05,-0.04113857448101044,-0.8442511558532715,-0.08577233552932739,0.08967144787311554,0.0083136772736907,-0.045241765677928925,0.0631764829158783,-0.0077454447746276855,0.006052022334188223,-0.006715940777212381,-0.217919260263443,0.0,0.0,-0.0047828578390181065,-0.0951208844780922,-0.07595021277666092,-0.03744025528430939,-0.03761187940835953,0.05822435021400452,0.2572990357875824,0.475127637386322,-1.078193187713623,-47.361202239990234,-0.14779385924339294,0.42732369899749756,0.10041680932044983,-0.13083277642726898,0.21066609025001526,-0.28304603695869446,0.255280464887619,9.762483596801758,13.474261283874512,8.90580940246582,15.240809440612793,-0.038330078125,0.013798828236758709,0.0076660155318677425,-0.04292968660593033,0.0,-0.03641532361507416,0.030208278447389603,0.007973123341798782,-0.04538004472851753,0.0,-0.1547786444425583,0.28295156359672546,-10.43345832824707,0.08638684451580048,-0.19603511691093445,-8.611127853393555,0.0,0.0,0.0,0.0,0.0,0.0,0.0,0.0,0.0,0.0,0.0,0.0,-0.036166466772556305,0.027994072064757347,0.006945690140128136,-0.04445711523294449,0.23648738861083984,0.309246689081192,0.21928776800632477,0.34293216466903687,-0.5363218784332275,-1.010310173034668,-0.3810025155544281,0.0,0.0,0.0,0.0,0.0,0.0,0.0
46146835940,0,0.022686462849378586,-0.07272665947675705,-0.8365057110786438,6.569455581484362e-05,-0.04113857448101044,-0.8442511558532715,-0.08577233552932739,0.08967144787311554,0.0083136772736907,-0.045241765677928925,0.0631764829158783,-0.0077454447746276855,0.006052022334188223,-0.006715940777212381,-0.217919260263443,0.0,0.0,-0.0047828578390181065,-0.08684729784727097,-0.08699394762516022,-0.03083076700568199,-0.03761187940835953,0.05822435021400452,0.2572990357875824,0.475127637386322,-1.078193187713623,-47.361202239990234,-0.14779385924339294,0.42732369899749756,0.10041680932044983,-0.13083277642726898,0.21066609025001526,-0.28304603695869446,0.255280464887619,9.762483596801758,13.474261283874512,8.90580940246582,15.240809440612793,-0.036796875298023224,0.016865234822034836,0.006132812704890966,-0.044462889432907104,0.0,-0.03641532361507416,0.030208278447389603,0.007973123341798782,-0.04538004472851753,0.0,-0.2563285529613495,-0.012970627285540104,-10.290541648864746,0.08638684451580048,-0.19603511691093445,-8.611127853393555,0.0,0.0,0.0,0.0,0.0,0.0,0.0,0.0,0.0,0.0,0.0,0.0,-0.03614738956093788,0.028944341465830803,0.007262151222676039,-0.044958312064409256,0.23648738861083984,0.309246689081192,0.21928776800632477,0.34293216466903687,0.09221406280994415,-1.0351508855819702,0.03024856559932232,0.0,0.0,0.0,0.0,0.0,0.0,0.0
46157032599,0,0.02085592970252037,-0.07094947248697281,-0.836400032043457,6.569455581484362e-05,-0.04113857448101044,-0.8442511558532715,-0.08051552623510361,0.0980638936161995,-0.0027301243972033262,-0.041580680757761,0.05962209403514862,-0.007851123809814453,0.004400287289172411,-0.009542185813188553,-0.21844100952148438,0.0,0.0,-0.0047828578390181065,-0.07865511626005173,-0.09264577925205231,-0.024346081539988518,-0.031708844006061554,0.07728533446788788,0.2562830448150635,0.5113828182220459,-1.1707537174224854,-47.160438537597656,-0.16387996077537537,0.4577209949493408,0.08369043469429016,-0.1268598884344101,0.21094538271427155,-0.2855534255504608,0.25153064727783203,10.153111457824707,12.933415412902832,9.250822067260742,14.843659400939941,-0.03526367247104645,0.018398437649011612,0.006132812704890966,-0.04599609225988388,0.0,-0.03655003011226654,0.03532932698726654,0.010294582694768906,-0.049375567585229874,0.0,-0.031138010323047638,-0.034387897700071335,-10.35701847076416,0.08870826661586761,-0.21992799639701843,-8.541598320007324,0.0,0.0,0.0,0.0,0.0,0.0,0.0,0.0,0.0,0.0,0.0,0.0,-0.03619366139173508,0.029881170019507408,0.007656077388674021,-0.04546694830060005,0.24427758157253265,0.29881584644317627,0.2262338250875473,0.3354094326496124,0.45901328325271606,-0.8740980625152588,0.3026830554008484,0.0,0.0,0.0,0.0,0.0,0.0,0.0
46167301718,0,0.02085592970252037,-0.07094947248697281,-0.836400032043457,6.569455581484362e-05,-0.04113857448101044,-0.8442511558532715,-0.08051552623510361,0.0980638936161995,-0.0027301243972033262,-0.041580680757761,0.05962209403514862,-0.007851123809814453,0.004400287289172411,-0.009542185813188553,-0.21844100952148438,0.0,0.0,-0.0047828578390181065,-0.05612928792834282,-0.11576240509748459,-0.011422278359532356,-0.031708844006061554,0.07728533446788788,0.2562830448150635,0.5132647156715393,-1.2005529403686523,-46.81378173828125,-0.19072791934013367,0.5099465847015381,0.07145935297012329,-0.12266357243061066,0.21153424680233002,-0.28919222950935364,0.24753358960151672,10.409265518188477,12.42173957824707,9.432577133178711,14.572733879089355,-0.03373046964406967,0.018398437649011612,0.006132812704890966,-0.04752929508686066,0.0,-0.036160580813884735,0.03805505856871605,0.011626265943050385,-0.0507504940032959,0.0,-0.031138010323047638,-0.034387897700071335,-10.35701847076416,0.08870826661586761,-0.21992799639701843,-8.541598320007324,0.0,0.0,0.0,0.0,0.0,0.0,0.0,0.0,0.0,0.0,0.0,0.0,-0.036257997155189514,0.031236747279763222,0.008291030302643776,-0.0463174544274807,0.24936871230602264,0.28889527916908264,0.22988279163837433,0.3302609920501709,1.0087674856185913,-1.056650161743164,0.49117612838745117,0.0,0.0,0.0,0.0,0.0,0.0,0.0
46176863323,0,0.01955442503094673,-0.0697852224111557,-0.8364488482475281,6.569455581484362e-05,-0.04113857448101044,-0.8442511558532715,-0.07935991138219833,0.10346582531929016,-0.006232227198779583,-0.03897765651345253,0.05729358270764351,-0.007802307605743408,0.003680085763335228,-0.01173064112663269,-0.21895672380924225,0.0,0.0,-0.0047828578390181065,-0.04395512118935585,-0.12176394462585449,-0.016768284142017365,-0.02523527853190899,0.09442541748285294,0.25689923763275146,0.5132647156715393,-1.2005529403686523,-46.81378173828125,-0.19072791934013367,0.5099465847015381,0.07145935297012329,-0.12266357243061066,0.21153424680233002,-0.28919222950935364,0.24753358960151672,10.409265518188477,12.42173957824707,9.432577133178711,14.572733879089355,-0.03373046964406967,0.018398437649011612,0.006132812704890966,-0.04906250163912773,0.0,-0.036160580813884735,0.03805505856871605,0.011626265943050385,-0.0507504940032959,0.0,-0.16399425268173218,0.09480401128530502,-10.007779121398926,0.09506852924823761,-0.23436814546585083,-8.527449607849121,0.0,0.0,0.0,0.0,0.0,0.0,0.0,0.0,0.0,0.0,0.0,0.0,-0.036289628595113754,0.03303585574030876,0.009157316759228706,-0.04749033600091934,0.24936871230602264,0.28889527916908264,0.22988279163837433,0.3302609920501709,1.0991976261138916,-0.8148488402366638,0.05703048035502434,0.0,0.0,0.0,0.0,0.0,0.0,0.0
46187165363,0,0.01897263154387474,-0.06921439617872238,-0.8364958167076111,6.569455581484362e-05,-0.04113857448101044,-0.8442511558532715,-0.08128084242343903,0.10326221585273743,-0.0033378538209944963,-0.03781406581401825,0.056151922792196274,-0.0077553391456604,0.0035178635735064745,-0.012874866835772991,-0.2193247675895691,0.0,0.0,-0.0047828578390181065,-0.04395512118935585,-0.12176394462585449,-0.016768284142017365,-0.014081171713769436,0.10614488273859024,0.2579997777938843,0.5228769183158875,-1.289024829864502,-46.90097427368164,-0.20260363817214966,0.5247775316238403,0.08024781197309494,-0.12060121446847916,0.21201729774475098,-0.2914050817489624,0.24536310136318207,10.2127685546875,12.625265121459961,9.232433319091797,14.854100227355957,-0.03373046964406967,0.019931640475988388,0.006132812704890966,-0.04906250163912773,0.0,-0.039368968456983566,0.040367793291807175,0.015141322277486324,-0.05197487026453018,0.0,-0.16399425268173218,0.09480401128530502,-10.007779121398926,0.1014932170510292,-0.23487363755702972,-8.554791450500488,0.0,0.0,0.0,0.0,0.0,0.0,0.0,0.0,0.0,0.0,0.0,0.0,-0.03642938286066055,0.03495354577898979,0.010201111435890198,-0.04872523993253708,0.2454647421836853,0.29284748435020447,0.22586441040039062,0.3356075882911682,1.0991976261138916,-0.8148488402366638,0.05703048035502434,0.0,0.0,0.0,0.0,0.0,0.0,0.0
46196975439,0,0.01897263154387474,-0.06921439617872238,-0.8364958167076111,6.569455581484362e-05,-0.04113857448101044,-0.8442511558532715,-0.08128084242343903,0.10326221585273743,-0.0033378538209944963,-0.03781406581401825,0.056151922792196274,-0.0077553391456604,0.0035178635735064745,-0.012874866835772991,-0.2193247675895691,0.0,0.0,-0.0047828578390181065,-0.01669701375067234,-0.12093517929315567,-0.015513462945818901,-0.014081171713769436,0.10614488273859024,0.2579997777938843,0.5446293354034424,-1.282546043395996,-47.00325012207031,-0.22569796442985535,0.5408691763877869,0.07927483320236206,-0.11682027578353882,0.21339450776576996,-0.29592835903167725,0.24098460376262665,10.248786926269531,12.568656921386719,9.295083045959473,14.915681838989258,-0.03373046964406967,0.019931640475988388,0.006132812704890966,-0.04906250163912773,0.0,-0.0378546379506588,0.041306961327791214,0.014407513663172722,-0.0518467016518116,0.0,-0.16399425268173218,0.09480401128530502,-10.007779121398926,0.1014932170510292,-0.23487363755702972,-8.554791450500488,0.0,0.0,0.0,0.0,0.0,0.0,0.0,0.0,0.0,0.0,0.0,0.0,-0.03682268038392067,0.03683239594101906,0.011430058628320694,-0.04986982420086861,0.2461809366941452,0.291748970746994,0.22712306678295135,0.33677563071250916,1.2618076801300049,-0.1690051555633545,0.15204055607318878,0.0,0.0,0.0,0.0,0.0,0.0,0.0
46206902809,0,0.017717888578772545,-0.0681496188044548,-0.8366259932518005,6.569455581484362e-05,-0.04113857448101044,-0.8442511558532715,-0.07766883075237274,0.10002565383911133,-0.005018849391490221,-0.035304564982652664,0.05402236059308052,-0.007625162601470947,0.0031681328546255827,-0.015099351294338703,-0.21985764801502228,0.0,0.0,-0.0047828578390181065,-0.01669701375067234,-0.12093517929315567,-0.015513462945818901,-0.016382398083806038,0.12231559306383133,0.2577659785747528,0.5446293354034424,-1.282546043395996,-47.00325012207031,-0.22569796442985535,0.5408691763877869,0.07927483320236206,-0.11682027578353882,0.21339450776576996,-0.29592835903167725,0.24098460376262665,10.248786926269531,12.568656921386719,9.295083045959473,14.915681838989258,-0.03526367247104645,0.019931640475988388,0.0076660155318677425,-0.05059570446610451,0.0,-0.0378546379506588,0.041306961327791214,0.014407513663172722,-0.0518467016518116,0.0,-0.07295377552509308,-0.04509883001446724,-9.657289505004883,0.09902352094650269,-0.23319017887115479,-8.546045303344727,0.0,0.0,0.0,0.0,0.0,0.0,0.0,0.0,0.0,0.0,0.0,0.0,-0.03727639466524124,0.03853878751397133,0.012617743574082851,-0.05080344155430794,0.2461809366941452,0.291748970746994,0.22712306678295135,0.33677563071250916,1.2618076801300049,-0.1690051555633545,0.15204055607318878,0.0,0.0,0.0,0.0,0.0,0.0,0.0
46217444667,0,0.017717888578772545,-0.0681496188044548,-0.8366259932518005,6.569455581484362e-05,-0.04113857448101044,-0.8442511558532715,-0.07766883075237274,0.10002565383911133,-0.005018849391490221,-0.034030620008707047,0.052856530994176865,-0.007550418376922607,0.0031681328546255827,-0.015099351294338703,-0.21985764801502228,0.0,0.0,-0.0047828578390181065,0.00042819042573682964,-0.11591285467147827,-0.016879916191101074,-0.016382398083806038,0.12231559306383133,0.2577659785747528,0.584475040435791,-1.3207002878189087,-46.76395797729492,-0.24735227227210999,0.5418735146522522,0.08217152953147888,-0.1148095428943634,0.2144147902727127,-0.29852181673049927,0.23852141201496124,10.084023475646973,12.54703140258789,9.195178985595703,14.963553428649902,-0.03526367247104645,0.021464843302965164,0.0076660155318677425,-0.05059570446610451,0.0,-0.03819720819592476,0.043752435594797134,0.0147367212921381,-0.053379952907562256,0.0,-0.07295377552509308,-0.04509883001446724,-9.657289505004883,0.10626818984746933,-0.2401273250579834,-8.502537727355957,0.0,0.0,0.0,0.0,0.0,0.0,0.0,0.0,0.0,0.0,0.0,0.0,-0.03762204200029373,0.04000162333250046,0.01354730874300003,-0.051525846123695374,0.24290229380130768,0.29132935404777527,0.2251153141260147,0.3376833200454712,1.4151196479797363,0.20115110278129578,0.016712043434381485,0.0,0.0,0.0,0.0,0.0,0.0,0.0
46226969580,0,0.017080917954444885,-0.06756670773029327,-0.8367007374763489,6.569455581484362e-05,-0.04113857448101044,-0.8442511558532715,-0.07904133200645447,0.10302606225013733,-0.010953624732792377,-0.034030620008707047,0.052856530994176865,-0.007550418376922607,0.0031493373680859804,-0.01606726087629795,-0.22020480036735535,0.0,0.0,-0.0047828578390181065,0.02632688544690609,-0.10628053545951843,-0.022475816309452057,-0.018358100205659866,0.12945035099983215,0.2578541040420532,0.584475040435791,-1.3207002878189087,-46.76395797729492,-0.24735227227210999,0.5418735146522522,0.08217152953147888,-0.1148095428943634,0.2144147902727127,-0.29852181673049927,0.23852141201496124,10.036725997924805,12.613838195800781,9.19919204711914,15.09876537322998,-0.03526367247104645,0.021464843302965164,0.009199218824505806,-0.05059570446610451,0.0,-0.038377292454242706,0.04352058842778206,0.014730297029018402,-0.052901461720466614,0.0,-0.19426384568214417,0.11290793120861053,-9.624489784240723,0.10626818984746933,-0.2401273250579834,-8.502537727355957,0.0,0.0,0.0,0.0,0.0,0.0,0.0,0.0,0.0,0.0,0.0,0.0,-0.03789067268371582,0.04128967970609665,0.014208474196493626,-0.05213046446442604,0.24290229380130768,0.29132935404777527,0.2251153141260147,0.3376833200454712,1.2308918237686157,0.42383143305778503,-0.20981387794017792,0.0,0.0,0.0,0.0,0.0,0.0,0.0
46237458778,0,0.015023848041892052,-0.0656624287366867,-0.8368785977363586,6.569455581484362e-05,-0.04113857448101044,-0.8442511558532715,-0.08295799791812897,0.1070701852440834,-0.0027267609257251024,-0.02991645596921444,0.04904795438051224,-0.007372558116912842,0.004006440285593271,-0.018575184047222137,-0.22117289900779724,0.0,0.0,-0.0047828578390181065,0.02632688544690609,-0.10628053545951843,-0.022475816309452057,-0.025429468601942062,0.14891046285629272,0.2595306634902954,0.6660954356193542,-1.3566395044326782,-46.955692291259766,-0.2809585928916931,0.5543979406356812,0.09113963693380356,-0.11111517995595932,0.21689331531524658,-0.3034452795982361,0.23357853293418884,9.874274253845215,12.749732971191406,9.052345275878906,15.306014060974121,-0.03526367247104645,0.02299804612994194,0.010732421651482582,-0.05059570446610451,0.0,-0.03696523606777191,0.04663492739200592,0.01362859271466732,-0.05464114248752594,0.0,-0.19426384568214417,0.11290793120861053,-9.624489784240723,0.12533509731292725,-0.25199776887893677,-8.57370376586914,0.0,0.0,0.0,0.0,0.0,0.0,0.0,0.0,0.0,0.0,0.0,0.0,-0.03803913667798042,0.042489193379879,0.014579406008124352,-0.05267242714762688,0.23872017860412598,0.2952604293823242,0.22224120795726776,0.3441644310951233,1.2308918237686157,0.42383143305778503,-0.20981387794017792,0.0,0.0,0.0,0.0,0.0,0.0,0.0
46247125219,0,0.015023848041892052,-0.0656624287366867,-0.8368785977363586,6.569455581484362e-05,-0.04113857448101044,-0.8442511558532715,-0.08295799791812897,0.1070701852440834,-0.0027267609257251024,-0.02991645596921444,0.04904795438051224,-0.007372558116912842,0.004006440285593271,-0.018575184047222137,-0.22117289900779724,0.0,0.0,-0.0047828578390181065,0.03529614210128784,-0.08721224963665009,-0.01687430962920189,-0.025429468601942062,0.14891046285629272,0.2595306634902954,0.6821134090423584,-1.3344078063964844,-47.300636291503906,-0.285990834236145,0.5451347827911377,0.08687363564968109,-0.10746590793132782,0.219844788312912,-0.30845609307289124,0.22848910093307495,10.045755386352539,12.736377716064453,9.267342567443848,15.280085563659668,-0.03526367247104645,0.02299804612994194,0.012265625409781933,-0.05059570446610451,0.0,-0.03459181636571884,0.04682295769453049,0.012281082570552826,-0.0543300062417984,0.0,-0.19426384568214417,0.11290793120861053,-9.624489784240723,0.12533509731292725,-0.25199776887893677,-8.57370376586914,0.0,0.0,0.0,0.0,0.0,0.0,0.0,0.0,0.0,0.0,0.0,0.0,-0.037869639694690704,0.04370913654565811,0.014575044624507427,-0.0532076470553875,0.24213989078998566,0.2950016260147095,0.22656592726707458,0.34367457032203674,0.49786773324012756,0.8956431746482849,-0.0465427041053772,0.0,0.0,0.0,0.0,0.0,0.0,0.0
46257079936,0,0.013684462755918503,-0.06414517015218735,-0.8369486927986145,6.569455581484362e-05,-0.04113857448101044,-0.8442511558532715,-0.08211790025234222,0.09979573637247086,-0.0029747094959020615,-0.027237672358751297,0.046013422310352325,-0.007302463054656982,0.004114361945539713,-0.01976812072098255,-0.22131961584091187,0.0,0.0,-0.0047828578390181065,0.0420113205909729,-0.06875672936439514,-0.016061387956142426,-0.025871209800243378,0.15842288732528687,0.2597008943557739,0.6995378136634827,-1.3363385200500488,-47.13240051269531,-0.2997683584690094,0.5279451012611389,0.08783477544784546,-0.10552409291267395,0.22154824435710907,-0.31102728843688965,0.22571025788784027,9.932230949401855,12.723335266113281,9.24871826171875,15.257000923156738,-0.036796875298023224,0.026064453646540642,0.012265625409781933,-0.05059570446610451,0.0,-0.03422287479043007,0.04757550358772278,0.01194172166287899,-0.05472291633486748,0.0,-0.1726788580417633,0.11404197663068771,-9.833563804626465,0.12718869745731354,-0.24297064542770386,-8.569527626037598,0.0,0.0,0.0,0.0,0.0,0.0,0.0,0.0,0.0,0.0,0.0,0.0,-0.03727389872074127,0.044909749180078506,0.01419610995799303,-0.0537104569375515,0.2398766726255417,0.29474905133247375,0.22619161009788513,0.34323805570602417,0.45526322722435,1.3214958906173706,-0.11646267771720886,0.0,0.0,0.0,0.0,0.0,0.0,0.0
46267004687,0,0.013026096858084202,-0.0634106919169426,-0.8369589447975159,6.569455581484362e-05,-0.04113857448101044,-0.8442511558532715,-0.07984350621700287,0.100213423371315,-0.001778816687874496,-0.025920934975147247,0.04454445838928223,-0.007292211055755615,0.004857719410210848,-0.020107710734009743,-0.2213667780160904,0.0,0.0,-0.0047828578390181065,0.0420113205909729,-0.06875672936439514,-0.016061387956142426,-0.0316561684012413,0.16137605905532837,0.2597470283508301,0.6995378136634827,-1.3363385200500488,-47.13240051269531,-0.2997683584690094,0.5279451012611389,0.08783477544784546,-0.10552409291267395,0.22154824435710907,-0.31102728843688965,0.22571025788784027,9.932230949401855,12.723335266113281,9.24871826171875,15.257000923156738,-0.038330078125,0.026064453646540642,0.013798828236758709,-0.05366211012005806,0.0,-0.03422287479043007,0.04757550358772278,0.01194172166287899,-0.05472291633486748,0.0,-0.05974588915705681,0.3369271457195282,-9.700014114379883,0.12615932524204254,-0.24712416529655457,-8.578468322753906,0.0,0.0,0.0,0.0,0.0,0.0,0.0,0.0,0.0,0.0,0.0,0.0,-0.036434926092624664,0.04595741257071495,0.013609403744339943,-0.054126445204019547,0.2398766726255417,0.29474905133247375,0.22619161009788513,0.34323805570602417,0.45526322722435,1.3214958906173706,-0.11646267771720886,0.0,0.0,0.0,0.0,0.0,0.0,0.0
46278307902,0,0.013026096858084202,-0.0634106919169426,-0.8369589447975159,6.569455581484362e-05,-0.04113857448101044,-0.8442511558532715,-0.07984350621700287,0.100213423371315,-0.001778816687874496,-0.025920934975147247,0.04454445838928223,-0.007292211055755615,0.004857719410210848,-0.020107710734009743,-0.2213667780160904,0.0,0.0,-0.0047828578390181065,0.05204504728317261,-0.05008852854371071,-0.010454948991537094,-0.0316561684012413,0.16137605905532837,0.2597470283508301,0.6995378136634827,-1.3363385200500488,-47.13240051269531,-0.2997683584690094,0.5279451012611389,0.08783477544784546,-0.10552409291267395,0.22154824435710907,-0.31102728843688965,0.22571025788784027,9.932230949401855,12.723335266113281,9.24871826171875,15.257000923156738,-0.036796875298023224,0.027597656473517418,0.015332031063735485,-0.055195312947034836,0.0,-0.03422287479043007,0.04757550358772278,0.01194172166287899,-0.05472291633486748,0.0,-0.05974588915705681,0.3369271457195282,-9.700014114379883,0.12615932524204254,-0.24712416529655457,-8.578468322753906,0.0,0.0,0.0,0.0,0.0,0.0,0.0,0.0,0.0,0.0,0.0,0.0,-0.035614125430583954,0.04677124693989754,0.013013120740652084,-0.054441094398498535,0.2398766726255417,0.29474905133247375,0.22619161009788513,0.34323805570602417,0.5869131684303284,1.5551785230636597,0.15530109405517578,0.0,0.0,0.0,0.0,0.0,0.0,0.0
46287144947,0,0.011706306599080563,-0.061995118856430054,-0.8369309902191162,6.569455581484362e-05,-0.04113857448101044,-0.8442511558532715,-0.08154928684234619,0.10584800690412521,0.001782281557098031,-0.023281341418623924,0.04171329736709595,-0.0073201656341552734,0.006553215906023979,-0.020426644012331963,-0.22098831832408905,0.0,0.0,-0.0047828578390181065,0.06038861349225044,-0.0328398235142231,-0.00601681973785162,-0.048441994935274124,0.16407334804534912,0.25864177942276,0.7362109422683716,-1.3931446075439453,-47.10333251953125,-0.33723944425582886,0.49543482065200806,0.07778792083263397,-0.10195814073085785,0.22506865859031677,-0.31536760926246643,0.22046306729316711,10.069479942321777,12.456905364990234,9.599761009216309,15.006638526916504,-0.03526367247104645,0.029130859300494194,0.015332031063735485,-0.055195312947034836,0.0,-0.034078389406204224,0.0515618771314621,0.012650348246097565,-0.057583991438150406,0.0,-0.27250081300735474,-0.06364978104829788,-9.640002250671387,0.1382896900177002,-0.26194486021995544,-8.606317520141602,0.0,0.0,0.0,0.0,0.0,0.0,0.0,0.0,0.0,0.0,0.0,0.0,-0.03494705632328987,0.04750380665063858,0.012554848566651344,-0.05477982759475708,0.24261260032653809,0.2895788252353668,0.23323273658752441,0.33849990367889404,0.6758506298065186,1.7262012958526611,0.2672695815563202,0.0,0.0,0.0,0.0,0.0,0.0,0.0
46297918826,0,0.011706306599080563,-0.061995118856430054,-0.8369309902191162,6.569455581484362e-05,-0.04113857448101044,-0.8442511558532715,-0.08154928684234619,0.10584800690412521,0.001782281557098031,-0.023281341418623924,0.04171329736709595,-0.0073201656341552734,0.006553215906023979,-0.020426644012331963,-0.22098831832408905,0.0,0.0,-0.0047828578390181065,0.06985775381326675,-0.002500043250620365,-0.004703167825937271,-0.048441994935274124,0.16407334804534912,0.25864177942276,0.7064540386199951,-1.4140352010726929,-47.59746170043945,-0.3622036874294281,0.47057950496673584,0.08066350966691971,-0.09818030148744583,0.22929322719573975,-0.3193773627281189,0.21474212408065796,10.044660568237305,12.654424667358398,9.729255676269531,15.20372486114502,-0.03526367247104645,0.029130859300494194,0.013798828236758709,-0.05672851577401161,0.0,-0.03553733974695206,0.05083324387669563,0.01474472600966692,-0.05635968968272209,0.0,-0.27250081300735474,-0.06364978104829788,-9.640002250671387,0.1382896900177002,-0.26194486021995544,-8.606317520141602,0.0,0.0,0.0,0.0,0.0,0.0,0.0,0.0,0.0,0.0,0.0,0.0,-0.03453265503048897,0.048395395278930664,0.01241101510822773,-0.05527539551258087,0.24211810529232025,0.29341307282447815,0.23582318425178528,0.3422308564186096,0.45223763585090637,1.468363881111145,0.05644254386425018,0.0,0.0,0.0,0.0,0.0,0.0,0.0
46307110658,0,0.010367295704782009,-0.060555849224328995,-0.836803138256073,6.569455581484362e-05,-0.04113857448101044,-0.8442511558532715,-0.07470764964818954,0.09943083673715591,0.008590416982769966,-0.020603304728865623,0.038834743201732635,-0.007448017597198486,0.007716009393334389,-0.020329060032963753,-0.22086937725543976,0.0,0.0,-0.0047828578390181065,0.06666922569274902,0.007914367131888866,-0.0027282109949737787,-0.05853031948208809,0.16338573396205902,0.2590165138244629,0.6804616451263428,-1.4233908653259277,-47.67634963989258,-0.36126136779785156,0.46152156591415405,0.07970385253429413,-0.09657937288284302,0.2311224490404129,-0.3209460973739624,0.2122367024421692,10.074505805969238,12.666914939880371,9.786481857299805,15.18442153930664,-0.03526367247104645,0.03066406212747097,0.013798828236758709,-0.05672851577401161,0.0,-0.036500487476587296,0.05045567825436592,0.016113486140966415,-0.05592865124344826,0.0,-0.1943138986825943,-0.19207173585891724,-9.57980728149414,0.12844619154930115,-0.2570973038673401,-8.654084205627441,0.0,0.0,0.0,0.0,0.0,0.0,0.0,0.0,0.0,0.0,0.0,0.0,-0.03449137136340141,0.0492999367415905,0.012737434357404709,-0.055755794048309326,0.24211810529232025,0.29341307282447815,0.23582318425178528,0.3422308564186096,0.17610684037208557,1.3305898904800415,0.08742806315422058,0.0,0.0,0.0,0.0,0.0,0.0,0.0
46317246467,0,0.009702184237539768,-0.059818245470523834,-0.8367050886154175,6.569455581484362e-05,-0.04113857448101044,-0.8442511558532715,-0.07092107087373734,0.09821721911430359,0.010842711664736271,-0.019273076206445694,0.03735952824354172,-0.007546067237854004,0.008194484747946262,-0.02024531178176403,-0.22073590755462646,0.0,0.0,-0.0047828578390181065,0.06666922569274902,0.007914367131888866,-0.0027282109949737787,-0.06170863285660744,0.1617957502603531,0.2589190602302551,0.6804616451263428,-1.4233908653259277,-47.67634963989258,-0.36126136779785156,0.46152156591415405,0.07970385253429413,-0.09657937288284302,0.2311224490404129,-0.3209460973739624,0.2122367024421692,10.074505805969238,12.666914939880371,9.786481857299805,15.18442153930664,-0.03373046964406967,0.03066406212747097,0.012265625409781933,-0.055195312947034836,0.0,-0.036500487476587296,0.05045567825436592,0.016113486140966415,-0.05592865124344826,0.0,-0.19997632503509521,-0.16637898981571198,-9.959127426147461,0.12372030317783356,-0.2587983310222626,-8.668427467346191,0.0,0.0,0.0,0.0,0.0,0.0,0.0,0.0,0.0,0.0,0.0,0.0,-0.03479737415909767,0.04997548088431358,0.013457803055644035,-0.0560438334941864,0.2427125722169876,0.2936553955078125,0.23696701228618622,0.3418656587600708,0.17610684037208557,1.3305898904800415,0.08742806315422058,0.0,0.0,0.0,0.0,0.0,0.0,0.0
46327396918,0,0.0076040951535105705,-0.05758843570947647,-0.8363274335861206,6.569455581484362e-05,-0.04113857448101044,-0.8442511558532715,-0.07093793898820877,0.10164493322372437,0.01869019865989685,-0.015076876617968082,0.0328998863697052,-0.007923722267150879,0.009872815571725368,-0.019013958051800728,-0.2206876128911972,0.0,0.0,-0.0047828578390181065,0.06666922569274902,0.007914367131888866,-0.0027282109949737787,-0.06170863285660744,0.1617957502603531,0.2589190602302551,0.6804616451263428,-1.4233908653259277,-47.67634963989258,-0.36126136779785156,0.46152156591415405,0.07970385253429413,-0.09657937288284302,0.2311224490404129,-0.3209460973739624,0.2122367024421692,10.074505805969238,12.666914939880371,9.786481857299805,15.18442153930664,-0.03526367247104645,0.032197266817092896,0.012265625409781933,-0.05366211012005806,0.0,-0.036500487476587296,0.05045567825436592,0.016113486140966415,-0.05592865124344826,0.0,-0.19997632503509521,-0.16637898981571198,-9.959127426147461,0.1353045105934143,-0.2727276086807251,-8.720261573791504,0.0,0.0,0.0,0.0,0.0,0.0,0.0,0.0,0.0,0.0,0.0,0.0,-0.03526214137673378,0.050396326929330826,0.01430213451385498,-0.05616424232721329,0.2427125722169876,0.2936553955078125,0.23696701228618622,0.3418656587600708,0.17610684037208557,1.3305898904800415,0.08742806315422058,0.0,0.0,0.0,0.0,0.0,0.0,0.0
46338192885,0,0.0076040951535105705,-0.05758843570947647,-0.8363274335861206,6.569455581484362e-05,-0.04113857448101044,-0.8442511558532715,-0.07093793898820877,0.10164493322372437,0.01869019865989685,-0.015076876617968082,0.0328998863697052,-0.007923722267150879,0.009872815571725368,-0.019013958051800728,-0.2206876128911972,0.0,0.0,-0.0047828578390181065,0.049917638301849365,0.044256072491407394,0.008479168638586998,-0.07188253104686737,0.15440617501735687,0.25887781381607056,0.7441748380661011,-1.5000019073486328,-47.9614372253418,-0.356661319732666,0.41950052976608276,0.07255551964044571,-0.09132926911115646,0.23703721165657043,-0.3254344165325165,0.20395949482917786,10.264923095703125,12.633646011352539,10.09511947631836,15.004714012145996,-0.03526367247104645,0.03373046964406967,0.012265625409781933,-0.055195312947034836,0.0,-0.03571133315563202,0.054973457008600235,0.01663794182240963,-0.05953027307987213,0.0,-0.10104867070913315,-0.14467911422252655,-9.404279708862305,0.1353045105934143,-0.2727276086807251,-8.720261573791504,0.0,0.0,0.0,0.0,0.0,0.0,0.0,0.0,0.0,0.0,0.0,0.0,-0.03568281978368759,0.0508226715028286,0.015075825154781342,-0.056346140801906586,0.2437693178653717,0.29561296105384827,0.23937328159809113,0.3414444625377655,-0.3935554623603821,1.1333492994308472,0.2529502213001251,0.0,0.0,0.0,0.0,0.0,0.0,0.0
46347157480,0,0.006939695216715336,-0.05679367482662201,-0.8361813426017761,6.569455581484362e-05,-0.04113857448101044,-0.8442511558532715,-0.06877265870571136,0.1033957377076149,0.02031032182276249,-0.01374807022511959,0.03131035715341568,-0.008069813251495361,0.010067745111882687,-0.018407581374049187,-0.22059279680252075,0.0,0.0,-0.0047828578390181065,0.049917638301849365,0.044256072491407394,0.008479168638586998,-0.07364203035831451,0.14965568482875824,0.25876617431640625,0.7441748380661011,-1.5000019073486328,-47.9614372253418,-0.356661319732666,0.41950052976608276,0.07255551964044571,-0.09132926911115646,0.23703721165657043,-0.3254344165325165,0.20395949482917786,10.264923095703125,12.633646011352539,10.09511947631836,15.004714012145996,-0.03526367247104645,0.03526367247104645,0.012265625409781933,-0.055195312947034836,0.0,-0.03571133315563202,0.054973457008600235,0.01663794182240963,-0.05953027307987213,0.0,-0.10104867070913315,-0.14467911422252655,-9.404279708862305,0.13515403866767883,-0.2797231376171112,-8.729582786560059,0.0,0.0,0.0,0.0,0.0,0.0,0.0,0.0,0.0,0.0,0.0,0.0,-0.03593137860298157,0.05158987268805504,0.015720393508672714,-0.05685701221227646,0.24650171399116516,0.29301008582115173,0.2431230992078781,0.3384634852409363,-0.3935554623603821,1.1333492994308472,0.2529502213001251,0.0,0.0,0.0,0.0,0.0,0.0,0.0
46357228297,0,0.006939695216715336,-0.05679367482662201,-0.8361813426017761,6.569455581484362e-05,-0.04113857448101044,-0.8442511558532715,-0.06877265870571136,0.1033957377076149,0.02031032182276249,-0.01374807022511959,0.03131035715341568,-0.008069813251495361,0.010067745111882687,-0.018407581374049187,-0.22059279680252075,0.0,0.0,-0.0047828578390181065,0.06685150414705276,0.05968021973967552,0.04068629816174507,-0.07364203035831451,0.14965568482875824,0.25876617431640625,0.7590140104293823,-1.503227710723877,-47.98731231689453,-0.38907670974731445,0.4006965756416321,0.04179845750331879,-0.08876878023147583,0.23703721165657043,-0.3254344165325165,0.20395949482917786,10.96446418762207,11.848174095153809,10.946953773498535,14.262066841125488,-0.03526367247104645,0.036796875298023224,0.010732421651482582,-0.05672851577401161,0.0,-0.03280339762568474,0.059397269040346146,0.015222301706671715,-0.06288724392652512,0.0,-0.21097628772258759,-0.11770665645599365,-9.600441932678223,0.13515403866767883,-0.2797231376171112,-8.729582786560059,0.0,0.0,0.0,0.0,0.0,0.0,0.0,0.0,0.0,0.0,0.0,0.0,-0.03587886691093445,0.05279563367366791,0.016141407191753387,-0.057756420224905014,0.24650171399116516,0.29301008582115173,0.2431230992078781,0.3384634852409363,0.45742666721343994,0.815902829170227,1.149368166923523,0.0,0.0,0.0,0.0,0.0,0.0,0.0
46367197979,0,0.005711589474231005,-0.055078815668821335,-0.835875391960144,6.569455581484362e-05,-0.04113857448101044,-0.8442511558532715,-0.06549429893493652,0.09974624961614609,0.02314816787838936,-0.011291846632957458,0.027880622074007988,-0.008375763893127441,0.010340673848986626,-0.017249619588255882,-0.2203604280948639,0.0,0.0,-0.0047828578390181065,0.06685150414705276,0.05968021973967552,0.04068629816174507,-0.08572501689195633,0.14078879356384277,0.2571186423301697,0.7590140104293823,-1.503227710723877,-47.98731231689453,-0.38907670974731445,0.4006965756416321,0.04179845750331879,-0.08876878023147583,0.24143671989440918,-0.3279869556427002,0.19883155822753906,10.96446418762207,11.848174095153809,10.946953773498535,14.262066841125488,-0.03526367247104645,0.036796875298023224,0.012265625409781933,-0.05672851577401161,0.0,-0.03280339762568474,0.059397269040346146,0.015222301706671715,-0.06288724392652512,0.0,0.2750270664691925,0.024765005335211754,-9.583837509155273,0.1335112452507019,-0.27986741065979004,-8.747124671936035,0.0,0.0,0.0,0.0,0.0,0.0,0.0,0.0,0.0,0.0,0.0,0.0,-0.035419680178165436,0.05440274626016617,0.016244173049926758,-0.058990683406591415,0.26035580039024353,0.2777135968208313,0.26001015305519104,0.3243408203125,0.45742666721343994,0.815902829170227,1.149368166923523,0.0,0.0,0.0,0.0,0.0,0.0,0.0
46377503992,0,0.005711589474231005,-0.055078815668821335,-0.835875391960144,6.569455581484362e-05,-0.04113857448101044,-0.8442511558532715,-0.06549429893493652,0.09974624961614609,0.02314816787838936,-0.011291846632957458,0.027880622074007988,-0.008375763893127441,0.010340673848986626,-0.017249619588255882,-0.2203604280948639,0.0,0.0,-0.0047828578390181065,0.04972692206501961,0.07081073522567749,0.03555124253034592,-0.08572501689195633,0.14078879356384277,0.2571186423301697,0.7916936278343201,-1.6246294975280762,-47.94133377075195,-0.37936490774154663,0.3812580108642578,0.055060409009456635,-0.08553572744131088,0.24558496475219727,-0.3301639258861542,0.19413939118385315,10.604188919067383,12.216803550720215,10.621034622192383,14.536797523498535,-0.03526367247104645,0.038330078125,0.013798828236758709,-0.05826171860098839,0.0,-0.03654661029577255,0.0623583048582077,0.018974218517541885,-0.06520999222993851,0.0,0.2750270664691925,0.024765005335211754,-9.583837509155273,0.1335112452507019,-0.27986741065979004,-8.747124671936035,0.0,0.0,0.0,0.0,0.0,0.0,0.0,0.0,0.0,0.0,0.0,0.0,-0.03488375246524811,0.05625136196613312,0.016279233619570732,-0.06042388081550598,0.253233402967453,0.2849075496196747,0.25356703996658325,0.3295772075653076,-0.47015753388404846,0.6731055378913879,0.22466957569122314,0.0,0.0,0.0,0.0,0.0,0.0,0.0
46387363599,0,0.004545543808490038,-0.05334721505641937,-0.8355183005332947,6.569455581484362e-05,-0.04113857448101044,-0.8442511558532715,-0.06647023558616638,0.10487459599971771,0.019604768604040146,-0.008959743194282055,0.02441740408539772,-0.008732855319976807,0.011063357815146446,-0.015940258279442787,-0.21962414681911469,0.0,0.0,-0.0047828578390181065,0.035323064774274826,0.08027761429548264,0.026348747313022614,-0.0887545719742775,0.12863586843013763,0.25676560401916504,0.7916936278343201,-1.6246294975280762,-47.94133377075195,-0.35861825942993164,0.3673986494541168,0.06853412836790085,-0.08383003622293472,0.2476336508989334,-0.3311814069747925,0.19142481684684753,10.275418281555176,12.609809875488281,10.275381088256836,14.81977367401123,-0.03373046964406967,0.039863280951976776,0.013798828236758709,-0.055195312947034836,0.0,-0.03753593936562538,0.060559697449207306,0.01979304850101471,-0.06383774429559708,0.0,0.20215409994125366,0.16851991415023804,-9.607805252075195,0.14394429326057434,-0.2953871786594391,-8.716606140136719,0.0,0.0,0.0,0.0,0.0,0.0,0.0,0.0,0.0,0.0,0.0,0.0,-0.034799974411726,0.05806785821914673,0.016658464446663857,-0.0618414506316185,0.253233402967453,0.2849075496196747,0.25356703996658325,0.3295772075653076,-0.885806143283844,0.7802044153213501,-0.29304131865501404,0.0,0.0,0.0,0.0,0.0,0.0,0.0
46397227846,0,0.003975176718086004,-0.052447717636823654,-0.8353415727615356,6.569455581484362e-05,-0.04113857448101044,-0.8442511558532715,-0.06835662573575974,0.10567332804203033,0.014698338694870472,-0.00781900342553854,0.022618399932980537,-0.00890958309173584,0.011293085291981697,-0.015164436772465706,-0.219343900680542,0.0,0.0,-0.0047828578390181065,0.035323064774274826,0.08027761429548264,0.026348747313022614,-0.08451959490776062,0.1242968961596489,0.25728005170822144,0.7916936278343201,-1.6246294975280762,-47.94133377075195,-0.35861825942993164,0.3673986494541168,0.06853412836790085,-0.08383003622293472,0.2476336508989334,-0.3311814069747925,0.19142481684684753,10.275418281555176,12.609809875488281,10.275381088256836,14.81977367401123,-0.03526367247104645,0.039863280951976776,0.015332031063735485,-0.052128907293081284,0.0,-0.03753593936562538,0.060559697449207306,0.01979304850101471,-0.06383774429559708,0.0,0.04888003319501877,0.09147802740335464,-9.680429458618164,0.15120413899421692,-0.29914921522140503,-8.679192543029785,0.0,0.0,0.0,0.0,0.0,0.0,0.0,0.0,0.0,0.0,0.0,0.0,-0.03521799296140671,0.05950402468442917,0.017385616898536682,-0.06297029554843903,0.24671009182929993,0.2925475835800171,0.2467094212770462,0.3349560499191284,-0.885806143283844,0.7802044153213501,-0.29304131865501404,0.0,0.0,0.0,0.0,0.0,0.0,0.0
46407370802,0,0.003975176718086004,-0.052447717636823654,-0.8353415727615356,6.569455581484362e-05,-0.04113857448101044,-0.8442511558532715,-0.06835662573575974,0.10567332804203033,0.014698338694870472,-0.005573932081460953,0.01914016716182232,-0.00927037000656128,0.011293085291981697,-0.015164436772465706,-0.219343900680542,0.0,0.0,-0.0047828578390181065,0.012160148471593857,0.08209723979234695,0.0258453618735075,-0.08451959490776062,0.1242968961596489,0.25728005170822144,0.8110803961753845,-1.6403753757476807,-47.80575180053711,-0.3513100743293762,0.3575741946697235,0.0733652263879776,-0.08238066732883453,0.2476336508989334,-0.3311814069747925,0.19142481684684753,10.116883277893066,12.723175048828125,10.124799728393555,14.88049602508545,-0.03526367247104645,0.04139648377895355,0.015332031063735485,-0.055195312947034836,0.0,-0.03784125670790672,0.06112157553434372,0.020115910097956657,-0.06430728733539581,0.0,0.05763955041766167,-0.09484341740608215,-9.963953018188477,0.14594891667366028,-0.3065900206565857,-8.679519653320312,0.0,0.0,0.0,0.0,0.0,0.0,0.0,0.0,0.0,0.0,0.0,0.0,-0.03586538881063461,0.06043107435107231,0.018202370032668114,-0.06370720267295837,0.24671009182929993,0.2925475835800171,0.2467094212770462,0.3349560499191284,-1.1006485223770142,0.22432531416416168,-0.02192758210003376,0.0,0.0,0.0,0.0,0.0,0.0,0.0
46416999153,0,0.0028526466339826584,-0.05070861056447029,-0.8349807858467102,6.569455581484362e-05,-0.04113857448101044,-0.8442511558532715,-0.06272885203361511,0.10511695593595505,0.014326736330986023,-0.005573932081460953,0.01914016716182232,-0.00927037000656128,0.011394865810871124,-0.013645521365106106,-0.21841174364089966,0.0,0.0,-0.0047828578390181065,-0.006563100032508373,0.08530185371637344,0.04893692582845688,-0.08922059088945389,0.11044497042894363,0.2565571367740631,0.8027190566062927,-1.686245083808899,-47.73735809326172,-0.3393222987651825,0.3602603077888489,0.06201323866844177,-0.08070152997970581,0.2509642243385315,-0.33285561203956604,0.18606482446193695,10.406665802001953,12.436799049377441,10.368782043457031,14.56640338897705,-0.03526367247104645,0.044462889432907104,0.016865234822034836,-0.05672851577401161,0.0,-0.0384552888572216,0.06374625116586685,0.02166813611984253,-0.06648270040750504,0.0,0.05763955041766167,-0.09484341740608215,-9.963953018188477,0.14594891667366028,-0.3065900206565857,-8.679519653320312,0.0,0.0,0.0,0.0,0.0,0.0,0.0,0.0,0.0,0.0,0.0,0.0,-0.03656263276934624,0.06110958755016327,0.019013872370123863,-0.06425905227661133,0.2493169605731964,0.28918808698654175,0.24856500327587128,0.3301405906677246,-0.8976073861122131,0.23065756261348724,0.8123261332511902,0.0,0.0,0.0,0.0,0.0,0.0,0.0
46427369769,0,0.0028526466339826584,-0.05070861056447029,-0.8349807858467102,6.569455581484362e-05,-0.04113857448101044,-0.8442511558532715,-0.06272885203361511,0.10511695593595505,0.014326736330986023,-0.005573932081460953,0.01914016716182232,-0.00927037000656128,0.011394865810871124,-0.013645521365106106,-0.21841174364089966,0.0,0.0,-0.0047828578390181065,-0.006563100032508373,0.08530185371637344,0.04893692582845688,-0.08922059088945389,0.11044497042894363,0.2565571367740631,0.7807568311691284,-1.7491751909255981,-47.79062271118164,-0.32588306069374084,0.3412269055843353,0.04217655211687088,-0.07763513177633286,0.2538052499294281,-0.3345023989677429,0.18108251690864563,10.910942077636719,12.001190185546875,10.883713722229004,14.031623840332031,-0.036796875298023224,0.044462889432907104,0.015332031063735485,-0.05826171860098839,0.0,-0.0391242615878582,0.06755133718252182,0.02370751090347767,-0.06981713324785233,0.0,0.05763955041766167,-0.09484341740608215,-9.963953018188477,0.14594891667366028,-0.3065900206565857,-8.679519653320312,0.0,0.0,0.0,0.0,0.0,0.0,0.0,0.0,0.0,0.0,0.0,0.0,-0.03725732862949371,0.06198427826166153,0.019925236701965332,-0.06499425321817398,0.25929948687553406,0.28070300817489624,0.2587616741657257,0.31993764638900757,-0.8976073861122131,0.23065756261348724,0.8123261332511902,0.0,0.0,0.0,0.0,0.0,0.0,0.0
46437269725,0,0.0011444957926869392,-0.04803355783224106,-0.8344677686691284,6.569455581484362e-05,-0.04113857448101044,-0.8442511558532715,-0.05298668146133423,0.10594171285629272,0.014958548359572887,-0.002157613169401884,0.013790035620331764,-0.009783387184143066,0.01151394285261631,-0.011388559825718403,-0.21652959287166595,0.0,0.0,-0.0047828578390181065,-0.018008625134825706,0.08514536172151566,0.052519768476486206,-0.08761698007583618,0.09433294832706451,0.2539331912994385,0.7493995428085327,-1.7703593969345093,-47.787147521972656,-0.31391143798828125,0.33741676807403564,0.04096580296754837,-0.07602036744356155,0.2538052499294281,-0.3345023989677429,0.18108251690864563,10.951622009277344,11.996183395385742,10.901580810546875,13.977120399475098,-0.036796875298023224,0.04599609225988388,0.016865234822034836,-0.05826171860098839,0.0,-0.04051600396633148,0.06742572039365768,0.025534210726618767,-0.06970597058534622,0.0,0.28296586871147156,-0.30305030941963196,-9.854863166809082,0.1362544596195221,-0.32188352942466736,-8.68857192993164,0.0,0.0,0.0,0.0,0.0,0.0,0.0,0.0,0.0,0.0,0.0,0.0,-0.03797683119773865,0.06326040625572205,0.021061576902866364,-0.06608683615922928,0.25929948687553406,0.28070300817489624,0.2587616741657257,0.31993764638900757,-0.9413369297981262,0.1082674115896225,0.7254153490066528,0.0,0.0,0.0,0.0,0.0,0.0,0.0
46447243894,0,0.0005702696507796645,-0.047146961092948914,-0.8343200087547302,6.569455581484362e-05,-0.04113857448101044,-0.8442511558532715,-0.052857905626297,0.10859135538339615,0.014094089157879353,-0.0010091551812365651,0.012016833759844303,-0.00993114709854126,0.011303477920591831,-0.010642959736287594,-0.21610377728939056,0.0,0.0,-0.0047828578390181065,-0.018008625134825706,0.08514536172151566,0.052519768476486206,-0.08620426058769226,0.0883326381444931,0.2534298896789551,0.7493995428085327,-1.7703593969345093,-47.787147521972656,-0.31391143798828125,0.33741676807403564,0.04096580296754837,-0.07602036744356155,0.2551291584968567,-0.335312157869339,0.1784830093383789,10.951622009277344,11.996183395385742,10.901580810546875,13.977120399475098,-0.03526367247104645,0.04752929508686066,0.016865234822034836,-0.059794921427965164,0.0,-0.04051600396633148,0.06742572039365768,0.025534210726618767,-0.06970597058534622,0.0,0.008459414355456829,-0.24863195419311523,-9.967005729675293,0.14019283652305603,-0.3301926255226135,-8.68307876586914,0.0,0.0,0.0,0.0,0.0,0.0,0.0,0.0,0.0,0.0,0.0,0.0,-0.0387350358068943,0.06466242671012878,0.022361494600772858,-0.06729713827371597,0.2601023316383362,0.2806052565574646,0.25911468267440796,0.31889471411705017,-0.9413369297981262,0.1082674115896225,0.7254153490066528,0.0,0.0,0.0,0.0,0.0,0.0,0.0
46457215575,0,0.0005702696507796645,-0.047146961092948914,-0.8343200087547302,6.569455581484362e-05,-0.04113857448101044,-0.8442511558532715,-0.052857905626297,0.10859135538339615,0.014094089157879353,-0.0010091551812365651,0.012016833759844303,-0.00993114709854126,0.011303477920591831,-0.010642959736287594,-0.21610377728939056,0.0,0.0,-0.0047828578390181065,-0.044359151273965836,0.07966127246618271,0.06545989960432053,-0.08620426058769226,0.0883326381444931,0.2534298896789551,0.7802779078483582,-1.8794854879379272,-47.690834045410156,-0.2792573869228363,0.3361158072948456,0.030830271542072296,-0.0730932429432869,0.25710007548332214,-0.3367932140827179,0.17389221489429474,11.232598304748535,11.775824546813965,11.080007553100586,13.64575481414795,-0.03526367247104645,0.04752929508686066,0.016865234822034836,-0.059794921427965164,0.0,-0.041683442890644073,0.07317431271076202,0.027907880023121834,-0.07480490207672119,0.0,0.008459414355456829,-0.24863195419311523,-9.967005729675293,0.14019283652305603,-0.3301926255226135,-8.68307876586914,0.0,0.0,0.0,0.0,0.0,0.0,0.0,0.0,0.0,0.0,0.0,0.0,-0.03949042409658432,0.06612704694271088,0.02369576320052147,-0.06857210397720337,0.2656393051147461,0.27629852294921875,0.26263436675071716,0.3125424385070801,-1.2123911380767822,-0.19779926538467407,0.8233495354652405,0.0,0.0,0.0,0.0,0.0,0.0,0.0
46468498550,0,-0.0006265485426411033,-0.0453856997191906,-0.8340586423873901,6.569455581484362e-05,-0.04113857448101044,-0.8442511558532715,-0.052715964615345,0.11126670986413956,0.012672456912696362,0.0013844931963831186,0.008494293317198753,-0.010192513465881348,0.010290252976119518,-0.00926225446164608,-0.2148502767086029,0.0,0.0,-0.0047828578390181065,-0.0623769648373127,0.07224038988351822,0.06773874908685684,-0.07864038646221161,0.07700586318969727,0.25194355845451355,0.809864342212677,-1.8788455724716187,-47.71685028076172,-0.2792573869228363,0.3361158072948456,0.030830271542072296,-0.0730932429432869,0.25710007548332214,-0.3367932140827179,0.17389221489429474,11.247977256774902,11.85633373260498,10.994677543640137,13.662961959838867,-0.03526367247104645,0.04752929508686066,0.018398437649011612,-0.06132812425494194,0.0,-0.04067552089691162,0.07354205846786499,0.027152178809046745,-0.07546166330575943,0.0,0.010522055439651012,-0.11136329919099808,-9.985058784484863,0.1472480595111847,-0.34160828590393066,-8.675790786743164,0.0,0.0,0.0,0.0,0.0,0.0,0.0,0.0,0.0,0.0,0.0,0.0,-0.04016625136137009,0.06789955496788025,0.02498486079275608,-0.07014434039592743,0.2656393051147461,0.27629852294921875,0.26263436675071716,0.3125424385070801,-1.4616665840148926,-0.47649717330932617,0.5142289996147156,0.0,0.0,0.0,0.0,0.0,0.0,0.0
46477823104,0,-0.0012348180171102285,-0.04448327422142029,-0.8339399695396423,6.569455581484362e-05,-0.04113857448101044,-0.8442511558532715,-0.048270709812641144,0.1098550483584404,0.012879552319645882,0.002601038198918104,0.006689433008432388,-0.01031118631362915,0.009413473308086395,-0.008710229769349098,-0.21430808305740356,0.0,0.0,-0.0047828578390181065,-0.0623769648373127,0.07224038988351822,0.06773874908685684,-0.07186876237392426,0.07232062518596649,0.2513023614883423,0.809864342212677,-1.8788455724716187,-47.71685028076172,-0.25270116329193115,0.34247297048568726,0.03250008076429367,-0.07156337052583694,0.257826030254364,-0.3376277685165405,0.17159372568130493,11.247977256774902,11.85633373260498,10.994677543640137,13.662961959838867,-0.036796875298023224,0.04752929508686066,0.018398437649011612,-0.06286133080720901,0.0,-0.04052755609154701,0.07368268817663193,0.027303481474518776,-0.07533960789442062,0.0,0.2645540237426758,-0.043549422174692154,-10.01938533782959,0.14109434187412262,-0.3438776135444641,-8.67912769317627,0.0,0.0,0.0,0.0,0.0,0.0,0.0,0.0,0.0,0.0,0.0,0.0,-0.04063227027654648,0.06980201601982117,0.026060622185468674,-0.0718628540635109,0.26594188809394836,0.27787309885025024,0.26095205545425415,0.3128727972507477,-1.4616665840148926,-0.47649717330932617,0.5142289996147156,0.0,0.0,0.0,0.0,0.0,0.0,0.0
46487090026,0,-0.0012348180171102285,-0.04448327422142029,-0.8339399695396423,6.569455581484362e-05,-0.04113857448101044,-0.8442511558532715,-0.048270709812641144,0.1098550483584404,0.012879552319645882,0.002601038198918104,0.006689433008432388,-0.01031118631362915,0.009413473308086395,-0.008710229769349098,-0.21430808305740356,0.0,0.0,-0.0047828578390181065,-0.08734668791294098,0.0672042965888977,0.06754602491855621,-0.07186876237392426,0.07232062518596649,0.2513023614883423,0.8163098692893982,-1.9019542932510376,-47.76362228393555,-0.21421471238136292,0.3364149034023285,0.03757607936859131,-0.0688110738992691,0.25855013728141785,-0.3393179178237915,0.1673215925693512,11.180256843566895,12.065932273864746,10.831047058105469,13.732660293579102,-0.03526367247104645,0.05059570446610451,0.019931640475988388,-0.06592773646116257,0.0,-0.04103274270892143,0.07351737469434738,0.028536541387438774,-0.07550109177827835,0.0,0.2645540237426758,-0.043549422174692154,-10.01938533782959,0.14109434187412262,-0.3438776135444641,-8.67912769317627,0.0,0.0,0.0,0.0,0.0,0.0,0.0,0.0,0.0,0.0,0.0,0.0,-0.04087227210402489,0.07143964618444443,0.02686893567442894,-0.07336267828941345,0.2646090090274811,0.28196656703948975,0.2577213943004608,0.31421053409576416,-1.3745598793029785,-0.24230530858039856,0.08645714074373245,0.0,0.0,0.0,0.0,0.0,0.0,0.0
46498166535,0,-0.002343327971175313,-0.04259750619530678,-0.8337439894676208,6.569455581484362e-05,-0.04113857448101044,-0.8442511558532715,-0.05093822628259659,0.11199749261140823,0.011320861056447029,0.0048180692829191685,0.002917878096923232,-0.010507166385650635,0.007457691244781017,-0.007478967774659395,-0.2133304327726364,0.0,0.0,-0.0047828578390181065,-0.08734668791294098,0.0672042965888977,0.06754602491855621,-0.05675685405731201,0.061878230422735214,0.25014758110046387,0.8163098692893982,-1.9019542932510376,-47.76362228393555,-0.21421471238136292,0.3364149034023285,0.03757607936859131,-0.0688110738992691,0.25855013728141785,-0.3393179178237915,0.1673215925693512,11.180256843566895,12.065932273864746,10.831047058105469,13.732660293579102,-0.03526367247104645,0.05059570446610451,0.021464843302965164,-0.06746093928813934,0.0,-0.04103274270892143,0.07351737469434738,0.028536541387438774,-0.07550109177827835,0.0,0.13243632018566132,0.03127039968967438,-9.895639419555664,0.15318563580513,-0.3535648584365845,-8.670291900634766,0.0,0.0,0.0,0.0,0.0,0.0,0.0,0.0,0.0,0.0,0.0,0.0,-0.04099661484360695,0.07263608276844025,0.027517307549715042,-0.07448745518922806,0.2646090090274811,0.28196656703948975,0.2577213943004608,0.31421053409576416,-1.3745598793029785,-0.24230530858039856,0.08645714074373245,0.0,0.0,0.0,0.0,0.0,0.0,0.0
46512277470,0,-0.002343327971175313,-0.04259750619530678,-0.8337439894676208,6.569455581484362e-05,-0.04113857448101044,-0.8442511558532715,-0.05093822628259659,0.11199749261140823,0.011320861056447029,0.0048180692829191685,0.002917878096923232,-0.010507166385650635,0.007457691244781017,-0.007478967774659395,-0.2133304327726364,0.0,0.0,-0.0047828578390181065,-0.11610588431358337,0.05725080147385597,0.06661316007375717,-0.04560577869415283,0.05524731054902077,0.2492956519126892,0.8163098692893982,-1.9019542932510376,-47.76362228393555,-0.21421471238136292,0.3364149034023285,0.03757607936859131,-0.0688110738992691,0.25855013728141785,-0.3393179178237915,0.1673215925693512,11.180256843566895,12.065932273864746,10.831047058105469,13.732660293579102,-0.03526367247104645,0.05059570446610451,0.02299804612994194,-0.07206054776906967,0.0,-0.04103274270892143,0.07351737469434738,0.028536541387438774,-0.07550109177827835,0.0,0.13243632018566132,0.03127039968967438,-9.895639419555664,0.15318563580513,-0.3535648584365845,-8.670291900634766,0.0,0.0,0.0,0.0,0.0,0.0,0.0,0.0,0.0,0.0,0.0,0.0,-0.041064437478780746,0.07338712364435196,0.028024256229400635,-0.07522768527269363,0.2646090090274811,0.28196656703948975,0.2577213943004608,0.31421053409576416,-1.5077060461044312,-0.5005850195884705,0.06660844385623932,0.0,0.0,0.0,0.0,0.0,0.0,0.0
46517266971,0,-0.003401832887902856,-0.040645532310009,-0.8335875868797302,6.569455581484362e-05,-0.04113857448101044,-0.8442511558532715,-0.052055276930332184,0.10905275493860245,0.008143343962728977,0.006935089826583862,-0.0009860892314463854,-0.01066356897354126,0.0052670808508992195,-0.006424388848245144,-0.21220506727695465,0.0,0.0,-0.0047828578390181065,-0.12878648936748505,0.048105500638484955,0.065890833735466,-0.03612704202532768,0.05278436467051506,0.24858975410461426,0.8721662759780884,-1.9292720556259155,-47.60956954956055,-0.1669335961341858,0.34150227904319763,0.0393269807100296,-0.06615512073040009,0.2583979070186615,-0.3409807085990906,0.16281180083751678,11.178983688354492,12.136519432067871,10.668794631958008,13.67535400390625,-0.03526367247104645,0.052128907293081284,0.02299804612994194,-0.07359375059604645,0.0,-0.03987564519047737,0.07575725764036179,0.028295211493968964,-0.07776306569576263,0.0,-0.1793789565563202,-0.1533820927143097,-10.164642333984375,0.15992982685565948,-0.3542943298816681,-8.650619506835938,0.0,0.0,0.0,0.0,0.0,0.0,0.0,0.0,0.0,0.0,0.0,0.0,-0.04103856533765793,0.07388386875391006,0.028356976807117462,-0.07574653625488281,0.26458412408828735,0.28334319591522217,0.2545124888420105,0.31311067938804626,-1.390454649925232,-0.6383841633796692,0.038694147020578384,0.0,0.0,0.0,0.0,0.0,0.0,0.0
46527150243,0,-0.004454971756786108,-0.03870478644967079,-0.8334632515907288,6.569455581484362e-05,-0.04113857448101044,-0.8442511558532715,-0.05688464641571045,0.10991991311311722,0.0003293751215096563,0.009041378274559975,-0.004867600277066231,-0.010787904262542725,0.0027142507024109364,-0.005772280506789684,-0.2107667773962021,0.0,0.0,-0.0047828578390181065,-0.12878648936748505,0.048105500638484955,0.065890833735466,-0.01966983824968338,0.04673939198255539,0.24710015952587128,0.9163323640823364,-1.9911553859710693,-47.414520263671875,-0.14188748598098755,0.3504768908023834,0.04059088975191116,-0.06475859135389328,0.25791671872138977,-0.34198951721191406,0.16034530103206635,11.148423194885254,12.147446632385254,10.5378999710083,13.634119033813477,-0.03373046964406967,0.05366211012005806,0.02299804612994194,-0.07359375059604645,0.0,-0.04041106998920441,0.07891012728214264,0.029385564848780632,-0.08064574003219604,0.0,-0.2452632039785385,-0.10977792739868164,-10.253796577453613,0.17547611892223358,-0.3609510660171509,-8.597262382507324,0.0,0.0,0.0,0.0,0.0,0.0,0.0,0.0,0.0,0.0,0.0,0.0,-0.040889326483011246,0.07451598346233368,0.028570646420121193,-0.076402448117733,0.2639821171760559,0.2835560142993927,0.25192007422447205,0.31231898069381714,-1.390454649925232,-0.6383841633796692,0.038694147020578384,0.0,0.0,0.0,0.0,0.0,0.0,0.0
46537451236,0,-0.004454971756786108,-0.03870478644967079,-0.8334632515907288,6.569455581484362e-05,-0.04113857448101044,-0.8442511558532715,-0.05688464641571045,0.10991991311311722,0.0003293751215096563,0.009041378274559975,-0.004867600277066231,-0.010787904262542725,0.0027142507024109364,-0.005772280506789684,-0.2107667773962021,0.0,0.0,-0.0047828578390181065,-0.14440971612930298,0.04359322413802147,0.06055344268679619,-0.01966983824968338,0.04673939198255539,0.24710015952587128,0.9502939581871033,-2.012186050415039,-47.28602981567383,-0.10259631276130676,0.3428976237773895,0.047727037221193314,-0.06202954426407814,0.2562554180622101,-0.34404677152633667,0.1552802175283432,10.985198974609375,12.368012428283691,10.281108856201172,13.71275806427002,-0.03526367247104645,0.05366211012005806,0.024531250819563866,-0.07359375059604645,0.0,-0.04032508283853531,0.07931749522686005,0.029963521286845207,-0.08138768374919891,0.0,-0.2452632039785385,-0.10977792739868164,-10.253796577453613,0.17547611892223358,-0.3609510660171509,-8.597262382507324,0.0,0.0,0.0,0.0,0.0,0.0,0.0,0.0,0.0,0.0,0.0,0.0,-0.04069901257753372,0.07551105320453644,0.02880246751010418,-0.0774092823266983,0.260765016078949,0.2878505289554596,0.24682338535785675,0.3138284385204315,-0.9107112884521484,-0.3262476623058319,-0.2458934783935547,0.0,0.0,0.0,0.0,0.0,0.0,0.0
46547373525,0,-0.005563805811107159,-0.03677993640303612,-0.8333665728569031,6.569455581484362e-05,-0.04113857448101044,-0.8442511558532715,-0.05177636072039604,0.1099875271320343,-0.0018783571431413293,0.011259057559072971,-0.008717319928109646,-0.010884582996368408,0.0001835697767091915,-0.004925115965306759,-0.20921190083026886,0.0,0.0,-0.0047828578390181065,-0.14440971612930298,0.04359322413802147,0.06055344268679619,0.00014227250358089805,0.039181604981422424,0.24524515867233276,0.9502939581871033,-2.012186050415039,-47.28602981567383,-0.10259631276130676,0.3428976237773895,0.047727037221193314,-0.06202954426407814,0.2562554180622101,-0.34404677152633667,0.1552802175283432,10.985198974609375,12.368012428283691,10.281108856201172,13.71275806427002,-0.03526367247104645,0.055195312947034836,0.024531250819563866,-0.07206054776906967,0.0,-0.04032508283853531,0.07931749522686005,0.029963521286845207,-0.08138768374919891,0.0,0.013577676378190517,0.0836583748459816,-9.726164817810059,0.17133815586566925,-0.3702150881290436,-8.588552474975586,0.0,0.0,0.0,0.0,0.0,0.0,0.0,0.0,0.0,0.0,0.0,0.0,-0.04054038226604462,0.07668404281139374,0.029104063287377357,-0.07860434800386429,0.260765016078949,0.2878505289554596,0.24682338535785675,0.3138284385204315,-0.9107112884521484,-0.3262476623058319,-0.2458934783935547,0.0,0.0,0.0,0.0,0.0,0.0,0.0
46557053248,0,-0.006660319399088621,-0.03477587178349495,-0.8331891298294067,6.569455581484362e-05,-0.04113857448101044,-0.8442511558532715,-0.04707636311650276,0.10763382911682129,0.00822250172495842,0.013452094979584217,-0.01272546872496605,-0.011062026023864746,-0.0022105704993009567,-0.004332480486482382,-0.20770643651485443,0.0,0.0,-0.0047828578390181065,-0.15088556706905365,0.03822831064462662,0.06137028709053993,0.00014227250358089805,0.039181604981422424,0.24524515867233276,0.8985046744346619,-2.0191376209259033,-47.57352828979492,-0.07855264842510223,0.3434705138206482,0.04860176518559456,-0.05956966057419777,0.2541007995605469,-0.3459727168083191,0.15060657262802124,11.070808410644531,12.501883506774902,10.295036315917969,13.770378112792969,-0.03526367247104645,0.05672851577401161,0.026064453646540642,-0.0705273449420929,0.0,-0.04164885729551315,0.07740902900695801,0.03220108151435852,-0.0796966701745987,0.0,0.013577676378190517,0.0836583748459816,-9.726164817810059,0.1668759435415268,-0.3748420774936676,-8.67161750793457,0.0,0.0,0.0,0.0,0.0,0.0,0.0,0.0,0.0,0.0,0.0,0.0,-0.04048370197415352,0.07765883207321167,0.02951420471072197,-0.07962767779827118,0.2624530792236328,0.2904525399208069,0.24710017442703247,0.31493404507637024,-0.5705606341362,-0.2024267613887787,-0.3081541955471039,0.0,0.0,0.0,0.0,0.0,0.0,0.0
46567299301,0,-0.006660319399088621,-0.03477587178349495,-0.8331891298294067,6.569455581484362e-05,-0.04113857448101044,-0.8442511558532715,-0.04707636311650276,0.10763382911682129,0.00822250172495842,0.013452094979584217,-0.01272546872496605,-0.011062026023864746,-0.0022105704993009567,-0.004332480486482382,-0.20770643651485443,0.0,0.0,-0.0047828578390181065,-0.15088556706905365,0.03822831064462662,0.06137028709053993,0.018956979736685753,0.03370184078812599,0.2434464693069458,0.8985046744346619,-2.0191376209259033,-47.57352828979492,-0.07855264842510223,0.3434705138206482,0.04860176518559456,-0.05956966057419777,0.2541007995605469,-0.3459727168083191,0.15060657262802124,11.070808410644531,12.501883506774902,10.295036315917969,13.770378112792969,-0.03526367247104645,0.05672851577401161,0.024531250819563866,-0.0705273449420929,0.0,-0.04164885729551315,0.07740902900695801,0.03220108151435852,-0.0796966701745987,0.0,-0.43659305572509766,-0.18871982395648956,-9.551139831542969,0.1668759435415268,-0.3748420774936676,-8.67161750793457,0.0,0.0,0.0,0.0,0.0,0.0,0.0,0.0,0.0,0.0,0.0,0.0,-0.04060976207256317,0.07818019390106201,0.030108492821455002,-0.08022169768810272,0.2624530792236328,0.2904525399208069,0.24710017442703247,0.31493404507637024,-0.5705606341362,-0.2024267613887787,-0.3081541955471039,0.0,0.0,0.0,0.0,0.0,0.0,0.0
46577304130,0,-0.0071926238015294075,-0.033818941563367844,-0.8330616354942322,6.569455581484362e-05,-0.04113857448101044,-0.8442511558532715,-0.04389045014977455,0.10587780177593231,0.008971734903752804,0.014516709372401237,-0.014639339409768581,-0.011189520359039307,-0.003411943092942238,-0.003839184995740652,-0.20717915892601013,0.0,0.0,-0.0047828578390181065,-0.15120427310466766,0.04084748029708862,0.06277386099100113,0.028337795287370682,0.029398858547210693,0.24281631410121918,0.9178177118301392,-2.061631441116333,-47.69389724731445,-0.06942357122898102,0.335502028465271,0.04741653800010681,-0.05827400088310242,0.2527490258216858,-0.34692057967185974,0.1480562388896942,11.133963584899902,12.528158187866211,10.352791786193848,13.745488166809082,-0.03526367247104645,0.05672851577401161,0.026064453646540642,-0.07206054776906967,0.0,-0.04202260822057724,0.07910871505737305,0.032949525862932205,-0.08133342862129211,0.0,-0.43659305572509766,-0.18871982395648956,-9.551139831542969,0.16276389360427856,-0.37615346908569336,-8.677504539489746,0.0,0.0,0.0,0.0,0.0,0.0,0.0,0.0,0.0,0.0,0.0,0.0,-0.04088074341416359,0.07837271690368652,0.030821433290839195,-0.08049247413873672,0.2636975347995758,0.2909627854824066,0.24824732542037964,0.3144564628601074,-0.3783392608165741,-0.0030085728503763676,-0.21669413149356842,0.0,0.0,0.0,0.0,0.0,0.0,0.0
46587194622,0,-0.0071926238015294075,-0.033818941563367844,-0.8330616354942322,6.569455581484362e-05,-0.04113857448101044,-0.8442511558532715,-0.04389045014977455,0.10587780177593231,0.008971734903752804,0.014516709372401237,-0.014639339409768581,-0.011189520359039307,-0.003411943092942238,-0.003839184995740652,-0.20717915892601013,0.0,0.0,-0.0047828578390181065,-0.1401052176952362,0.042077843099832535,0.07434812933206558,0.05576673522591591,0.021608946844935417,0.2418426275253296,0.9178177118301392,-2.061631441116333,-47.69389724731445,-0.06942357122898102,0.335502028465271,0.04741653800010681,-0.05827400088310242,0.2527490258216858,-0.34692057967185974,0.1480562388896942,11.133963584899902,12.528158187866211,10.352791786193848,13.745488166809082,-0.03526367247104645,0.05826171860098839,0.026064453646540642,-0.07359375059604645,0.0,-0.04202260822057724,0.07910871505737305,0.032949525862932205,-0.08133342862129211,0.0,0.09718476980924606,-0.0702209621667862,-9.803763389587402,0.16276389360427856,-0.37615346908569336,-8.677504539489746,0.0,0.0,0.0,0.0,0.0,0.0,0.0,0.0,0.0,0.0,0.0,0.0,-0.04120747372508049,0.07852481305599213,0.0315302312374115,-0.08070532232522964,0.2636975347995758,0.2909627854824066,0.24824732542037964,0.3144564628601074,0.24592743813991547,0.08923767507076263,0.2055342048406601,0.0,0.0,0.0,0.0,0.0,0.0,0.0
46597310029,0,-0.008146599866449833,-0.031899139285087585,-0.8327852487564087,6.569455581484362e-05,-0.04113857448101044,-0.8442511558532715,-0.04357573017477989,0.1075507178902626,0.014364640228450298,0.016424670815467834,-0.018478963524103165,-0.011465907096862793,-0.005927629768848419,-0.003140130778774619,-0.20604802668094635,0.0,0.0,-0.0047828578390181065,-0.1401052176952362,0.042077843099832535,0.07434812933206558,0.05576673522591591,0.021608946844935417,0.2418426275253296,0.9242302179336548,-2.1257591247558594,-47.95376968383789,-0.0566316694021225,0.32717639207839966,0.035986948758363724,-0.05592053756117821,0.2500443458557129,-0.3485376536846161,0.14349912106990814,11.492837905883789,12.339812278747559,10.69527816772461,13.489672660827637,-0.03526367247104645,0.059794921427965164,0.027597656473517418,-0.07512695342302322,0.0,-0.04226391762495041,0.08255454897880554,0.034042298793792725,-0.084544338285923,0.0,-0.31068965792655945,-0.6796497106552124,-9.674800872802734,0.16804185509681702,-0.386501669883728,-8.718867301940918,0.0,0.0,0.0,0.0,0.0,0.0,0.0,0.0,0.0,0.0,0.0,0.0,-0.04152970388531685,0.07886632531881332,0.03219113498926163,-0.08107402920722961,0.2707531154155731,0.28730228543281555,0.25503677129745483,0.30954304337501526,0.24592743813991547,0.08923767507076263,0.2055342048406601,0.0,0.0,0.0,0.0,0.0,0.0,0.0
46608177427,0,-0.008631186559796333,-0.030930019915103912,-0.8326267600059509,6.569455581484362e-05,-0.04113857448101044,-0.8442511558532715,-0.04423608258366585,0.1030256375670433,0.014910473488271236,0.017393849790096283,-0.020417211577296257,-0.011624395847320557,-0.0072253732942044735,-0.002687827218323946,-0.2056477665901184,0.0,0.0,-0.0047828578390181065,-0.13728858530521393,0.043768640607595444,0.07272761315107346,0.0638619065284729,0.018404752016067505,0.24092304706573486,0.9242302179336548,-2.1257591247558594,-47.95376968383789,-0.05523647367954254,0.3229579031467438,0.03987255319952965,-0.05486045405268669,0.2487521469593048,-0.3492007553577423,0.14142122864723206,11.390698432922363,12.446562767028809,10.602909088134766,13.577767372131348,-0.03526367247104645,0.059794921427965164,0.027597656473517418,-0.07666015625,0.0,-0.042541876435279846,0.08193779736757278,0.03444770723581314,-0.08390933275222778,0.0,-0.31068965792655945,-0.6796497106552124,-9.674800872802734,0.17018352448940277,-0.3808572292327881,-8.722375869750977,0.0,0.0,0.0,0.0,0.0,0.0,0.0,0.0,0.0,0.0,0.0,0.0,-0.04182535409927368,0.07952745258808136,0.03282605856657028,-0.081718310713768,0.2707531154155731,0.28730228543281555,0.25503677129745483,0.30954304337501526,0.20263026654720306,0.15182535350322723,-0.02418648824095726,0.0,0.0,0.0,0.0,0.0,0.0,0.0
46617405328,0,-0.008631186559796333,-0.030930019915103912,-0.8326267600059509,6.569455581484362e-05,-0.04113857448101044,-0.8442511558532715,-0.04423608258366585,0.1030256375670433,0.014910473488271236,0.017393849790096283,-0.020417211577296257,-0.011624395847320557,-0.0072253732942044735,-0.002687827218323946,-0.2056477665901184,0.0,0.0,-0.0047828578390181065,-0.12769465148448944,0.040721386671066284,0.07776105403900146,0.0638619065284729,0.018404752016067505,0.24092304706573486,0.995436429977417,-2.0573904514312744,-48.07414245605469,-0.032453104853630066,0.31970876455307007,0.034273844212293625,-0.052440110594034195,0.2455606907606125,-0.35054826736450195,0.13650456070899963,11.590361595153809,12.377978324890137,10.743546485900879,13.42988109588623,-0.03526367247104645,0.06132812425494194,0.029130859300494194,-0.07819335907697678,0.0,-0.03732048720121384,0.08268741518259048,0.029646074399352074,-0.0847138985991478,0.0,-0.31068965792655945,-0.6796497106552124,-9.674800872802734,0.17018352448940277,-0.3808572292327881,-8.722375869750977,0.0,0.0,0.0,0.0,0.0,0.0,0.0,0.0,0.0,0.0,0.0,0.0,-0.0418492816388607,0.08036041259765625,0.033197350800037384,-0.08250588178634644,0.27266600728034973,0.28804445266723633,0.25599154829978943,0.3083927631378174,0.3233308792114258,-0.09690060466527939,0.23409701883792877,0.0,0.0,0.0,0.0,0.0,0.0,0.0
46627520823,0,-0.009969310835003853,-0.027935251593589783,-0.8320693969726562,6.569455581484362e-05,-0.04113857448101044,-0.8442511558532715,-0.053536128252744675,0.09465064108371735,0.017943713814020157,0.020070111379027367,-0.026406778022646904,-0.012181758880615234,-0.011097105219960213,-0.0015637509059160948,-0.20371878147125244,0.0,0.0,-0.0047828578390181065,-0.11877346783876419,0.03777097910642624,0.08341599255800247,0.08864625543355942,0.008912871591746807,0.23866674304008484,1.0590593814849854,-2.044114112854004,-48.09830856323242,-0.032453104853630066,0.31970876455307007,0.034273844212293625,-0.052440110594034195,0.2455606907606125,-0.35054826736450195,0.13650456070899963,11.727219581604004,12.247835159301758,10.88239860534668,13.312141418457031,-0.03526367247104645,0.06132812425494194,0.029130859300494194,-0.0827929675579071,0.0,-0.03456490486860275,0.08502659946680069,0.02676836960017681,-0.08680708706378937,0.0,-0.4299069046974182,-0.267010897397995,-9.752484321594238,0.1925562471151352,-0.371657133102417,-8.745146751403809,0.0,0.0,0.0,0.0,0.0,0.0,0.0,0.0,0.0,0.0,0.0,0.0,-0.041139114648103714,0.08127279579639435,0.032813407480716705,-0.08336010575294495,0.27266600728034973,0.28804445266723633,0.25599154829978943,0.3083927631378174,0.5809592008590698,-0.17178234457969666,0.3651130199432373,0.0,0.0,0.0,0.0,0.0,0.0,0.0
46638119646,0,-0.009969310835003853,-0.027935251593589783,-0.8320693969726562,6.569455581484362e-05,-0.04113857448101044,-0.8442511558532715,-0.053536128252744675,0.09465064108371735,0.017943713814020157,0.020070111379027367,-0.026406778022646904,-0.012181758880615234,-0.011097105219960213,-0.0015637509059160948,-0.20371878147125244,0.0,0.0,-0.0047828578390181065,-0.11033090204000473,0.037800028920173645,0.08597756922245026,0.08864625543355942,0.008912871591746807,0.23866674304008484,1.0810308456420898,-2.05722713470459,-48.273067474365234,-0.03813871741294861,0.3180576264858246,0.027846649289131165,-0.050263673067092896,0.2455606907606125,-0.35054826736450195,0.13650456070899963,11.789636611938477,12.2623929977417,10.96634292602539,13.327818870544434,-0.036796875298023224,0.06286133080720901,0.03373046964406967,-0.08432617038488388,0.0,-0.03391524776816368,0.08613432943820953,0.026493515819311142,-0.08746080100536346,0.0,-0.4299069046974182,-0.267010897397995,-9.752484321594238,0.1925562471151352,-0.371657133102417,-8.745146751403809,0.0,0.0,0.0,0.0,0.0,0.0,0.0,0.0,0.0,0.0,0.0,0.0,-0.03967387229204178,0.08235737681388855,0.031629178673028946,-0.08434988558292389,0.27266600728034973,0.28804445266723633,0.25599154829978943,0.3083927631378174,0.7380596995353699,-0.06963778287172318,0.3101039230823517,0.0,0.0,0.0,0.0,0.0,0.0,0.0
46647440403,0,-0.010783607140183449,-0.02603914774954319,-0.8315957188606262,6.569455581484362e-05,-0.04113857448101044,-0.8442511558532715,-0.058616090565919876,0.09012316912412643,0.02326211705803871,0.021698711439967155,-0.03019900433719158,-0.012655436992645264,-0.01272074319422245,-0.0009330868488177657,-0.20191745460033417,0.0,0.0,-0.0047828578390181065,-0.09402675181627274,0.03683095797896385,0.08655811846256256,0.10134311765432358,0.003426129696890712,0.23650246858596802,1.0810308456420898,-2.05722713470459,-48.273067474365234,-0.03813871741294861,0.3180576264858246,0.027846649289131165,-0.050263673067092896,0.2424321472644806,-0.3517351448535919,0.1322096586227417,11.789636611938477,12.2623929977417,10.96634292602539,13.327818870544434,-0.03526367247104645,0.06132812425494194,0.032197266817092896,-0.08585937321186066,0.0,-0.03391524776816368,0.08613432943820953,0.026493515819311142,-0.08746080100536346,0.0,-0.22449317574501038,-0.3424427807331085,-9.551278114318848,0.20524059236049652,-0.3678104877471924,-8.785745620727539,0.0,0.0,0.0,0.0,0.0,0.0,0.0,0.0,0.0,0.0,0.0,0.0,-0.037920594215393066,0.08353663980960846,0.03011176735162735,-0.08538056910037994,0.2765686511993408,0.2857954800128937,0.2603929042816162,0.30642789602279663,1.153983473777771,-0.09305006265640259,0.1518257111310959,0.0,0.0,0.0,0.0,0.0,0.0,0.0
46657889400,0,-0.011192039586603642,-0.025108415633440018,-0.8313395977020264,6.569455581484362e-05,-0.04113857448101044,-0.8442511558532715,-0.05455953627824783,0.08962713181972504,0.024597346782684326,0.02251558192074299,-0.03206047788262367,-0.012911558151245117,-0.013388537801802158,-0.0005876795621588826,-0.20108361542224884,0.0,0.0,-0.0047828578390181065,-0.09402675181627274,0.03683095797896385,0.08655811846256256,0.10653955489397049,0.0004907727125100791,0.2354997843503952,1.1288232803344727,-2.0229578018188477,-48.32160186767578,-0.05177943408489227,0.3168838322162628,0.02935202047228813,-0.04912495240569115,0.24080590903759003,-0.3522935211658478,0.12996092438697815,11.740449905395508,12.294593811035156,10.964457511901855,13.397531509399414,-0.03526367247104645,0.06286133080720901,0.032197266817092896,-0.08585937321186066,0.0,-0.0314793661236763,0.08639956265687943,0.0239640474319458,-0.08727003633975983,0.0,-0.22449317574501038,-0.3424427807331085,-9.551278114318848,0.19938063621520996,-0.37195342779159546,-8.795722961425781,0.0,0.0,0.0,0.0,0.0,0.0,0.0,0.0,0.0,0.0,0.0,0.0,-0.036206845194101334,0.08460820466279984,0.028581131249666214,-0.0862625241279602,0.27560609579086304,0.28642237186431885,0.2603555917739868,0.307770311832428,1.153983473777771,-0.09305006265640259,0.1518257111310959,0.0,0.0,0.0,0.0,0.0,0.0,0.0
46669189952,0,-0.011192039586603642,-0.025108415633440018,-0.8313395977020264,6.569455581484362e-05,-0.04113857448101044,-0.8442511558532715,-0.05455953627824783,0.08962713181972504,0.024597346782684326,0.02251558192074299,-0.03206047788262367,-0.012911558151245117,-0.013388537801802158,-0.0005876795621588826,-0.20108361542224884,0.0,0.0,-0.0047828578390181065,-0.05608300119638443,0.03235871344804764,0.09224971383810043,0.10653955489397049,0.0004907727125100791,0.2354997843503952,1.1275458335876465,-2.0213370323181152,-48.43036651611328,-0.09005318582057953,0.32033270597457886,0.02518915757536888,-0.047070447355508804,0.24080590903759003,-0.3522935211658478,0.12996092438697815,11.818463325500488,12.154702186584473,11.150887489318848,13.390862464904785,-0.03526367247104645,0.06439453363418579,0.03066406212747097,-0.08739257603883743,0.0,-0.03107220120728016,0.08749624341726303,0.023752743378281593,-0.08706940710544586,0.0,0.13761967420578003,0.44595256447792053,-9.674291610717773,0.19938063621520996,-0.37195342779159546,-8.795722961425781,0.0,0.0,0.0,0.0,0.0,0.0,0.0,0.0,0.0,0.0,0.0,0.0,-0.034585244953632355,0.08550412207841873,0.02708330750465393,-0.08688174188137054,0.27560609579086304,0.28642237186431885,0.2603555917739868,0.307770311832428,1.7518246173858643,-0.22603397071361542,0.20222948491573334,0.0,0.0,0.0,0.0,0.0,0.0,0.0
46677336052,0,-0.011974310502409935,-0.02331727184355259,-0.8307538628578186,6.569455581484362e-05,-0.04113857448101044,-0.8442511558532715,-0.05295144021511078,0.08325566351413727,0.029467472806572914,0.024080131202936172,-0.03564278408885002,-0.01349729299545288,-0.013787130825221539,-0.00018384958093520254,-0.19950804114341736,0.0,0.0,-0.0047828578390181065,-0.05608300119638443,0.03235871344804764,0.09224971383810043,0.10958077758550644,-0.002807062352076173,0.23360717296600342,1.1275458335876465,-2.0213370323181152,-48.43036651611328,-0.09005318582057953,0.32033270597457886,0.02518915757536888,-0.047070447355508804,0.23819871246814728,-0.35323813557624817,0.12587708234786987,11.818463325500488,12.154702186584473,11.150887489318848,13.390862464904785,-0.036796875298023224,0.06439453363418579,0.03066406212747097,-0.08585937321186066,0.0,-0.03107220120728016,0.08749624341726303,0.023752743378281593,-0.08706940710544586,0.0,-0.11880983412265778,0.14839822053909302,-9.42147159576416,0.19807149469852448,-0.3668184280395508,-8.832465171813965,0.0,0.0,0.0,0.0,0.0,0.0,0.0,0.0,0.0,0.0,0.0,0.0,-0.033158257603645325,0.08626175671815872,0.025741826742887497,-0.08723016083240509,0.27713248133659363,0.2836975157260895,0.2640307545661926,0.3076419234275818,1.7518246173858643,-0.22603397071361542,0.20222948491573334,0.0,0.0,0.0,0.0,0.0,0.0,0.0
46688439789,0,-0.012818451039493084,-0.021590663120150566,-0.8300589919090271,6.569455581484362e-05,-0.04113857448101044,-0.8442511558532715,-0.05184929445385933,0.07967647910118103,0.034399136900901794,0.025768419727683067,-0.03909602016210556,-0.014192163944244385,-0.013962246477603912,-3.9236289012478665e-05,-0.19792106747627258,0.0,0.0,-0.0047828578390181065,-0.02701573073863983,0.017805565148591995,0.09786844998598099,0.10958077758550644,-0.002807062352076173,0.23360717296600342,1.0637720823287964,-2.023817300796509,-48.67584991455078,-0.09005318582057953,0.32033270597457886,0.02518915757536888,-0.047070447355508804,0.23819871246814728,-0.35323813557624817,0.12587708234786987,11.93280029296875,12.088229179382324,11.288520812988281,13.453065872192383,-0.036796875298023224,0.06592773646116257,0.029130859300494194,-0.08432617038488388,0.0,-0.03273838385939598,0.08617912232875824,0.02553877793252468,-0.08504901826381683,0.0,0.075446717441082,0.14641329646110535,-9.41008472442627,0.19903813302516937,-0.3666643500328064,-8.86917495727539,0.0,0.0,0.0,0.0,0.0,0.0,0.0,0.0,0.0,0.0,0.0,0.0,-0.03214837983250618,0.08680140972137451,0.02479742281138897,-0.08727864921092987,0.27713248133659363,0.2836975157260895,0.2640307545661926,0.3076419234275818,1.622943639755249,-0.5266129970550537,0.08020207285881042,0.0,0.0,0.0,0.0,0.0,0.0,0.0
46697678222,0,-0.012818451039493084,-0.021590663120150566,-0.8300589919090271,6.569455581484362e-05,-0.04113857448101044,-0.8442511558532715,-0.05184929445385933,0.07967647910118103,0.034399136900901794,0.025768419727683067,-0.03909602016210556,-0.014192163944244385,-0.013962246477603912,-3.9236289012478665e-05,-0.19792106747627258,0.0,0.0,-0.0047828578390181065,-0.013016964308917522,0.01917857490479946,0.09982001036405563,0.11746992915868759,-0.006654596421867609,0.2305677831172943,1.0637720823287964,-2.023817300796509,-48.67584991455078,-0.11440993845462799,0.3378065526485443,0.02259867638349533,-0.04510212689638138,0.23599359393119812,-0.3544072210788727,0.1217917948961258,11.93280029296875,12.088229179382324,11.288520812988281,13.453065872192383,-0.03526367247104645,0.06746093928813934,0.029130859300494194,-0.0827929675579071,0.0,-0.03255899250507355,0.08635678142309189,0.025728372856974602,-0.08488942682743073,0.0,0.075446717441082,0.14641329646110535,-9.41008472442627,0.19903813302516937,-0.3666643500328064,-8.86917495727539,0.0,0.0,0.0,0.0,0.0,0.0,0.0,0.0,0.0,0.0,0.0,0.0,-0.031675439327955246,0.08702094852924347,0.024396104738116264,-0.08697690814733505,0.28076210618019104,0.28218117356300354,0.26807069778442383,0.30839142203330994,1.5444122552871704,-0.1893678456544876,0.04976866766810417,0.0,0.0,0.0,0.0,0.0,0.0,0.0
46720593083,0,-0.013666899874806404,-0.019938234239816666,-0.8293255567550659,6.569455581484362e-05,-0.04113857448101044,-0.8442511558532715,-0.055224332958459854,0.08299743384122849,0.0411047637462616,0.027465326711535454,-0.042400892823934555,-0.014925599098205566,-0.014052702113986015,0.0005946378805674613,-0.19633381068706512,0.0,0.0,-0.0047828578390181065,-0.013016964308917522,0.01917857490479946,0.09982001036405563,0.11145515739917755,-0.009002828039228916,0.2297941893339157,1.08894681930542,-2.057734727859497,-48.941226959228516,-0.11998400837182999,0.329091876745224,0.020575594156980515,-0.04407990351319313,0.23518958687782288,-0.3549063205718994,0.12008513510227203,12.026281356811523,12.110729217529297,11.427515029907227,13.464310646057129,-0.03373046964406967,0.06899414211511612,0.029130859300494194,-0.08125976473093033,0.0,-0.03247053548693657,0.0880197063088417,0.025783205404877663,-0.08629290759563446,0.0,-0.3534645140171051,0.23815764486789703,-9.432636260986328,0.21150511503219604,-0.3779698610305786,-8.91904067993164,0.0,0.0,0.0,0.0,0.0,0.0,0.0,0.0,0.0,0.0,0.0,0.0,-0.03161007910966873,0.087074875831604,0.02443835511803627,-0.086515411734581,0.28076210618019104,0.28218117356300354,0.26807069778442383,0.30839142203330994,1.5444122552871704,-0.1893678456544876,0.04976866766810417,0.0,0.0,0.0,0.0,0.0,0.0,0.0
46720660903,0,-0.013666899874806404,-0.019938234239816666,-0.8293255567550659,6.569455581484362e-05,-0.04113857448101044,-0.8442511558532715,-0.055224332958459854,0.08299743384122849,0.0411047637462616,0.027465326711535454,-0.042400892823934555,-0.014925599098205566,-0.014052702113986015,0.0005946378805674613,-0.19633381068706512,0.0,0.0,-0.0047828578390181065,0.014970999211072922,0.024098768830299377,0.11692652106285095,0.11145515739917755,-0.009002828039228916,0.2297941893339157,1.1556785106658936,-2.0695276260375977,-49.29438400268555,-0.1509920060634613,0.3190162777900696,0.0024192295968532562,-0.042116712778806686,0.23369957506656647,-0.3557283878326416,0.11638003587722778,12.508219718933105,11.710379600524902,12.029767990112305,13.128079414367676,-0.032197266817092896,0.06899414211511612,0.026064453646540642,-0.08125976473093033,0.0,-0.029494749382138252,0.09360101073980331,0.02305447869002819,-0.09046874195337296,0.0,-0.3534645140171051,0.23815764486789703,-9.432636260986328,0.21150511503219604,-0.3779698610305786,-8.91904067993164,0.0,0.0,0.0,0.0,0.0,0.0,0.0,0.0,0.0,0.0,0.0,0.0,-0.03160351514816284,0.08745650947093964,0.02457888238132,-0.08637528121471405,0.2811928391456604,0.2828402519226074,0.26947087049484253,0.3090552091598511,1.473813533782959,-0.015099219046533108,0.5906084179878235,0.0,0.0,0.0,0.0,0.0,0.0,0.0
46727518294,0,-0.014512728899717331,-0.018180660903453827,-0.8285494446754456,6.569455581484362e-05,-0.04113857448101044,-0.8442511558532715,-0.05712106451392174,0.08046968281269073,0.04638456553220749,0.029156992211937904,-0.045916058123111725,-0.015701711177825928,-0.01419120468199253,0.0010692978976294398,-0.19404436647891998,0.0,0.0,-0.0047828578390181065,0.014970999211072922,0.024098768830299377,0.11692652106285095,0.11241671442985535,-0.012764327228069305,0.2270447015762329,1.1556785106658936,-2.0695276260375977,-49.29438400268555,-0.1509920060634613,0.3190162777900696,0.0024192295968532562,-0.042116712778806686,0.23369957506656647,-0.3557283878326416,0.11638003587722778,12.508219718933105,11.710379600524902,12.029767990112305,13.128079414367676,-0.03066406212747097,0.06899414211511612,0.024531250819563866,-0.08432617038488388,0.0,-0.029494749382138252,0.09360101073980331,0.02305447869002819,-0.09046874195337296,0.0,-0.03737758472561836,-0.05434408038854599,-9.643759727478027,0.21869677305221558,-0.3790106773376465,-8.955765724182129,0.0,0.0,0.0,0.0,0.0,0.0,0.0,0.0,0.0,0.0,0.0,0.0,-0.031348440796136856,0.08852055668830872,0.02449258416891098,-0.08686908334493637,0.2905755937099457,0.2750174105167389,0.28126081824302673,0.30257678031921387,1.473813533782959,-0.015099219046533108,0.5906084179878235,0.0,0.0,0.0,0.0,0.0,0.0,0.0
46740582218,0,-0.015391357243061066,-0.016402682289481163,-0.8277912735939026,6.569455581484362e-05,-0.04113857448101044,-0.8442511558532715,-0.05607084557414055,0.07972782105207443,0.04040263220667839,0.03091425821185112,-0.049472030252218246,-0.016459882259368896,-0.013263499364256859,0.001627751742489636,-0.1918126344680786,0.0,0.0,-0.0047828578390181065,0.04421195760369301,0.028166525065898895,0.1146957129240036,0.11241671442985535,-0.012764327228069305,0.2270447015762329,1.1556785106658936,-2.0695276260375977,-49.29438400268555,-0.1509920060634613,0.3190162777900696,0.0024192295968532562,-0.042116712778806686,0.23369957506656647,-0.3557283878326416,0.11638003587722778,12.2062406539917,11.807412147521973,11.88038158416748,13.302743911743164,-0.03066406212747097,0.0705273449420929,0.024531250819563866,-0.08739257603883743,0.0,-0.030224671587347984,0.09282957762479782,0.02334442175924778,-0.0892777219414711,0.0,0.047439154237508774,0.0031301251146942377,-9.501482009887695,0.22092999517917633,-0.3852044343948364,-8.90876293182373,0.0,0.0,0.0,0.0,0.0,0.0,0.0,0.0,0.0,0.0,0.0,0.0,-0.030914606526494026,0.08994575589895248,0.024198146536946297,-0.08772123605012894,0.2905755937099457,0.2750174105167389,0.28126081824302673,0.30257678031921387,1.6812982559204102,0.23393681645393372,-0.035448331385850906,0.0,0.0,0.0,0.0,0.0,0.0,0.0
46747094086,0,-0.015391357243061066,-0.016402682289481163,-0.8277912735939026,6.569455581484362e-05,-0.04113857448101044,-0.8442511558532715,-0.05607084557414055,0.07972782105207443,0.04040263220667839,0.03091425821185112,-0.049472030252218246,-0.016459882259368896,-0.013263499364256859,0.001627751742489636,-0.1918126344680786,0.0,0.0,-0.0047828578390181065,0.06550781428813934,0.0427049845457077,0.11287005245685577,0.10488639026880264,-0.016874967142939568,0.22436539828777313,1.215114951133728,-2.118624448776245,-48.99819564819336,-0.21847720444202423,0.28468042612075806,0.01143040880560875,-0.039530474692583084,0.23280175030231476,-0.3563636243343353,0.11145941913127899,12.048924446105957,11.817678451538086,11.890350341796875,13.326498031616211,-0.03066406212747097,0.07206054776906967,0.02299804612994194,-0.08892577886581421,0.0,-0.030082475394010544,0.09624922275543213,0.023253796622157097,-0.09179758280515671,0.0,0.047439154237508774,0.0031301251146942377,-9.501482009887695,0.22092999517917633,-0.3852044343948364,-8.90876293182373,0.0,0.0,0.0,0.0,0.0,0.0,0.0,0.0,0.0,0.0,0.0,0.0,-0.030533695593476295,0.09137216955423355,0.023878244683146477,-0.08859874308109283,0.2865685522556305,0.2746239900588989,0.2807369828224182,0.30398252606391907,1.7318719625473022,0.7727654576301575,-0.06433465331792831,0.0,0.0,0.0,0.0,0.0,0.0,0.0
46757577618,0,-0.015807276591658592,-0.015560162253677845,-0.8274112343788147,6.569455581484362e-05,-0.04113857448101044,-0.8442511558532715,-0.05816974118351936,0.0756969228386879,0.03558356314897537,0.03174610063433647,-0.05115708336234093,-0.016839921474456787,-0.01231131237000227,0.0022166131529957056,-0.19080814719200134,0.0,0.0,-0.0047828578390181065,0.06550781428813934,0.0427049845457077,0.11287005245685577,0.09715107828378677,-0.021250542253255844,0.223158061504364,1.215114951133728,-2.118624448776245,-48.99819564819336,-0.21847720444202423,0.28468042612075806,0.01143040880560875,-0.039530474692583084,0.23280175030231476,-0.3563636243343353,0.11145941913127899,12.048924446105957,11.817678451538086,11.890350341796875,13.326498031616211,-0.029130859300494194,0.07206054776906967,0.02299804612994194,-0.09045898169279099,0.0,-0.030082475394010544,0.09624922275543213,0.023253796622157097,-0.09179758280515671,0.0,-0.1920088827610016,-0.4965655505657196,-9.447933197021484,0.22572141885757446,-0.38002482056617737,-8.872686386108398,0.0,0.0,0.0,0.0,0.0,0.0,0.0,0.0,0.0,0.0,0.0,0.0,-0.030269652605056763,0.09281588345766068,0.023609865456819534,-0.08950434625148773,0.28163468837738037,0.27711713314056396,0.27853795886039734,0.3064025640487671,1.7318719625473022,0.7727654576301575,-0.06433465331792831,0.0,0.0,0.0,0.0,0.0,0.0,0.0
46767356176,0,-0.016631146892905235,-0.013984136283397675,-0.8266440033912659,6.569455581484362e-05,-0.04113857448101044,-0.8442511558532715,-0.057119838893413544,0.0738186240196228,0.03348087519407272,0.033393848687410355,-0.05430914834141731,-0.017607152462005615,-0.010680630803108215,0.0034493906423449516,-0.18832212686538696,0.0,0.0,-0.0047828578390181065,0.07998894155025482,0.0586865097284317,0.11185990273952484,0.08431854099035263,-0.03266773745417595,0.22058972716331482,1.215114951133728,-2.118624448776245,-48.99819564819336,-0.21847720444202423,0.28468042612075806,0.01143040880560875,-0.039530474692583084,0.23280175030231476,-0.3563636243343353,0.11145941913127899,12.048924446105957,11.817678451538086,11.890350341796875,13.326498031616211,-0.029130859300494194,0.07359375059604645,0.02299804612994194,-0.09045898169279099,0.0,-0.030082475394010544,0.09624922275543213,0.023253796622157097,-0.09179758280515671,0.0,-0.1920088827610016,-0.4965655505657196,-9.447933197021484,0.22715920209884644,-0.38325706124305725,-8.863286018371582,0.0,0.0,0.0,0.0,0.0,0.0,0.0,0.0,0.0,0.0,0.0,0.0,-0.03010525368154049,0.09415946155786514,0.02341216802597046,-0.09037290513515472,0.28163468837738037,0.27711713314056396,0.27853795886039734,0.3064025640487671,1.1779913902282715,0.7658829092979431,0.11635755747556686,0.0,0.0,0.0,0.0,0.0,0.0,0.0
46776839346,0,-0.016631146892905235,-0.013984136283397675,-0.8266440033912659,6.569455581484362e-05,-0.04113857448101044,-0.8442511558532715,-0.057119838893413544,0.0738186240196228,0.03348087519407272,0.033393848687410355,-0.05430914834141731,-0.017607152462005615,-0.010680630803108215,0.0034493906423449516,-0.18832212686538696,0.0,0.0,-0.0047828578390181065,0.09079529345035553,0.05825670063495636,0.10719065368175507,0.08431854099035263,-0.03266773745417595,0.22058972716331482,1.249375581741333,-2.1079137325286865,-48.74807357788086,-0.2403811514377594,0.25686416029930115,0.010386999696493149,-0.037956055253744125,0.23293083906173706,-0.35587725043296814,0.10795284807682037,11.931553840637207,11.740620613098145,11.931243896484375,13.231375694274902,-0.03066406212747097,0.07512695342302322,0.024531250819563866,-0.09045898169279099,0.0,-0.02890181355178356,0.09774190932512283,0.021984606981277466,-0.09296149760484695,0.0,0.1898452639579773,0.22527539730072021,-9.776922225952148,0.22715920209884644,-0.38325706124305725,-8.863286018371582,0.0,0.0,0.0,0.0,0.0,0.0,0.0,0.0,0.0,0.0,0.0,0.0,-0.029965730383992195,0.09527472406625748,0.023227164521813393,-0.09111666679382324,0.27934324741363525,0.27560943365097046,0.2793370485305786,0.30456942319869995,1.2023729085922241,0.3783982992172241,-0.08260247111320496,0.0,0.0,0.0,0.0,0.0,0.0,0.0
46787339224,0,-0.017408272251486778,-0.01245273370295763,-0.8258897066116333,6.569455581484362e-05,-0.04113857448101044,-0.8442511558532715,-0.054115381091833115,0.073037289083004,0.034113809466362,0.03494810685515404,-0.057371970266103745,-0.018361449241638184,-0.008508533239364624,0.004405682906508446,-0.18658895790576935,0.0,0.0,-0.0047828578390181065,0.09079529345035553,0.05825670063495636,0.10719065368175507,0.0663243755698204,-0.03746112436056137,0.21809422969818115,1.229973554611206,-2.124483108520508,-48.722633361816406,-0.25804099440574646,0.25802549719810486,0.016243677586317062,-0.03713707998394966,0.23293083906173706,-0.35587725043296814,0.10795284807682037,11.753952026367188,11.857569694519043,11.807656288146973,13.403295516967773,-0.032197266817092896,0.07666015625,0.02299804612994194,-0.09045898169279099,0.0,-0.030345369130373,0.09676543623209,0.02336752414703369,-0.09162399172782898,0.0,0.1898452639579773,0.22527539730072021,-9.776922225952148,0.22508811950683594,-0.3890719711780548,-8.875553131103516,0.0,0.0,0.0,0.0,0.0,0.0,0.0,0.0,0.0,0.0,0.0,0.0,-0.0298218484967947,0.09616458415985107,0.023029236122965813,-0.0917074903845787,0.27934324741363525,0.27560943365097046,0.2793370485305786,0.30456942319869995,1.2023729085922241,0.3783982992172241,-0.08260247111320496,0.0,0.0,0.0,0.0,0.0,0.0,0.0
46797029676,0,-0.017408272251486778,-0.01245273370295763,-0.8258897066116333,6.569455581484362e-05,-0.04113857448101044,-0.8442511558532715,-0.054115381091833115,0.073037289083004,0.034113809466362,0.03494810685515404,-0.057371970266103745,-0.018361449241638184,-0.008508533239364624,0.004405682906508446,-0.18658895790576935,0.0,0.0,-0.0047828578390181065,0.10308587551116943,0.06455372273921967,0.10633324831724167,0.0663243755698204,-0.03746112436056137,0.21809422969818115,1.2705879211425781,-2.1727967262268066,-48.91649627685547,-0.29283636808395386,0.23849408328533173,0.01447974517941475,-0.03565886989235878,0.23395560681819916,-0.3542849123477936,0.10232813656330109,11.75783920288086,11.837550163269043,11.981375694274902,13.428590774536133,-0.03066406212747097,0.07819335907697678,0.02299804612994194,-0.09045898169279099,0.0,-0.03043024241924286,0.09973489493131638,0.023390045389533043,-0.0936821699142456,0.0,0.1898452639579773,0.22527539730072021,-9.776922225952148,0.22508811950683594,-0.3890719711780548,-8.875553131103516,0.0,0.0,0.0,0.0,0.0,0.0,0.0,0.0,0.0,0.0,0.0,0.0,-0.02978500910103321,0.09689512848854065,0.022931555286049843,-0.09213929623365402,0.27594640851020813,0.27750587463378906,0.2803162634372711,0.30836790800094604,0.9481275081634521,0.3457929790019989,0.10870789736509323,0.0,0.0,0.0,0.0,0.0,0.0,0.0
46807026241,0,-0.018352698534727097,-0.01096342969685793,-0.8251414895057678,6.569455581484362e-05,-0.04113857448101044,-0.8442511558532715,-0.055986881256103516,0.0745982751250267,0.03680983930826187,0.03683697059750557,-0.06035059317946434,-0.019109666347503662,-0.0069650630466639996,0.005762940738350153,-0.18482810258865356,0.0,0.0,-0.0047828578390181065,0.10893312841653824,0.0623915009200573,0.11099034547805786,0.05368639901280403,-0.047779180109500885,0.2159813642501831,1.2705879211425781,-2.1727967262268066,-48.91649627685547,-0.29283636808395386,0.23849408328533173,0.01447974517941475,-0.03565886989235878,0.23395560681819916,-0.3542849123477936,0.10232813656330109,11.75783920288086,11.837550163269043,11.981375694274902,13.428590774536133,-0.03066406212747097,0.08125976473093033,0.02299804612994194,-0.09045898169279099,0.0,-0.03043024241924286,0.09973489493131638,0.023390045389533043,-0.0936821699142456,0.0,0.013841589912772179,0.06307731568813324,-9.77999496459961,0.23414383828639984,-0.39733076095581055,-8.9008207321167,0.0,0.0,0.0,0.0,0.0,0.0,0.0,0.0,0.0,0.0,0.0,0.0,-0.0298820361495018,0.09764144569635391,0.022967079654335976,-0.09254140406847,0.27594640851020813,0.27750587463378906,0.2803162634372711,0.30836790800094604,0.8760507702827454,0.043107423931360245,0.27665162086486816,0.0,0.0,0.0,0.0,0.0,0.0,0.0
46817560858,0,-0.018352698534727097,-0.01096342969685793,-0.8251414895057678,6.569455581484362e-05,-0.04113857448101044,-0.8442511558532715,-0.055986881256103516,0.0745982751250267,0.03680983930826187,0.03683697059750557,-0.06035059317946434,-0.019109666347503662,-0.0069650630466639996,0.005762940738350153,-0.18482810258865356,0.0,0.0,-0.0047828578390181065,0.11028129607439041,0.05341878533363342,0.11436286568641663,0.05368639901280403,-0.047779180109500885,0.2159813642501831,1.3103314638137817,-2.1608808040618896,-48.93096923828125,-0.3094203472137451,0.2501629590988159,0.006560865789651871,-0.03424178436398506,0.23395560681819916,-0.3542849123477936,0.10232813656330109,11.957291603088379,11.604084968566895,12.19291877746582,13.281067848205566,-0.029130859300494194,0.07972656190395355,0.02299804612994194,-0.08892577886581421,0.0,-0.02826549857854843,0.10273412615060806,0.021612195298075676,-0.09535351395606995,0.0,0.013841589912772179,0.06307731568813324,-9.77999496459961,0.23414383828639984,-0.39733076095581055,-8.9008207321167,0.0,0.0,0.0,0.0,0.0,0.0,0.0,0.0,0.0,0.0,0.0,0.0,-0.029931049793958664,0.09853314608335495,0.02298058196902275,-0.09302676469087601,0.27594640851020813,0.27750587463378906,0.2803162634372711,0.30836790800094604,0.672914445400238,-0.44105368852615356,0.3170803487300873,0.0,0.0,0.0,0.0,0.0,0.0,0.0
46827443888,0,-0.01921313814818859,-0.00952092930674553,-0.8244199156761169,6.569455581484362e-05,-0.04113857448101044,-0.8442511558532715,-0.05877213180065155,0.0679260715842247,0.03523631766438484,0.038557857275009155,-0.06323560327291489,-0.01983124017715454,-0.005605361424386501,0.006558903958648443,-0.18281422555446625,0.0,0.0,-0.0047828578390181065,0.10835204273462296,0.042080000042915344,0.11975986510515213,0.0426776148378849,-0.05369659885764122,0.21356850862503052,1.3103314638137817,-2.1608808040618896,-48.93096923828125,-0.3094203472137451,0.2501629590988159,0.006560865789651871,-0.03424178436398506,0.23508751392364502,-0.35286781191825867,0.09891434758901596,11.957291603088379,11.604084968566895,12.19291877746582,13.281067848205566,-0.029130859300494194,0.07972656190395355,0.02299804612994194,-0.08892577886581421,0.0,-0.02826549857854843,0.10273412615060806,0.021612195298075676,-0.09535351395606995,0.0,0.18523816764354706,0.23989395797252655,-9.764703750610352,0.2414538711309433,-0.38907569646835327,-8.89212703704834,0.0,0.0,0.0,0.0,0.0,0.0,0.0,0.0,0.0,0.0,0.0,0.0,-0.029747681692242622,0.09960851818323135,0.02281673438847065,-0.09361771494150162,0.2798457443714142,0.27293503284454346,0.28444215655326843,0.30552709102630615,0.3862912654876709,-0.7941440343856812,0.42690086364746094,0.0,0.0,0.0,0.0,0.0,0.0,0.0
46837486934,0,-0.01968613639473915,-0.008854744955897331,-0.8240680694580078,6.569455581484362e-05,-0.04113857448101044,-0.8442511558532715,-0.060436051338911057,0.06567031145095825,0.033351510763168335,0.039503857493400574,-0.06456797569990158,-0.020183086395263672,-0.004811324644833803,0.006693658418953419,-0.18160821497440338,0.0,0.0,-0.0047828578390181065,0.10835204273462296,0.042080000042915344,0.11975986510515213,0.03634410724043846,-0.054533716291189194,0.2121250480413437,1.3279962539672852,-2.13991641998291,-48.906700134277344,-0.31334546208381653,0.2665118873119354,-0.0003465600311756134,-0.03351116552948952,0.23578272759914398,-0.3522266745567322,0.09723293781280518,12.141240119934082,11.393515586853027,12.339112281799316,13.131630897521973,-0.029130859300494194,0.08125976473093033,0.02299804612994194,-0.09045898169279099,0.0,-0.02664642408490181,0.10460684448480606,0.020313384011387825,-0.09629195928573608,0.0,0.18523816764354706,0.23989395797252655,-9.764703750610352,0.24609023332595825,-0.3868062198162079,-8.879920959472656,0.0,0.0,0.0,0.0,0.0,0.0,0.0,0.0,0.0,0.0,0.0,0.0,-0.029309304431080818,0.1008005440235138,0.02245396375656128,-0.0942719355225563,0.2834351658821106,0.26880311965942383,0.28728851675987244,0.302645206451416,0.3862912654876709,-0.7941440343856812,0.42690086364746094,0.0,0.0,0.0,0.0,0.0,0.0,0.0
46847844575,0,-0.01968613639473915,-0.008854744955897331,-0.8240680694580078,6.569455581484362e-05,-0.04113857448101044,-0.8442511558532715,-0.060436051338911057,0.06567031145095825,0.033351510763168335,0.04156704246997833,-0.06708462536334991,-0.020858585834503174,-0.004811324644833803,0.006693658418953419,-0.18160821497440338,0.0,0.0,-0.0047828578390181065,0.09589603543281555,0.035576753318309784,0.14011181890964508,0.03634410724043846,-0.054533716291189194,0.2121250480413437,1.4037108421325684,-2.0712883472442627,-48.7440071105957,-0.31334546208381653,0.2665118873119354,-0.0003465600311756134,-0.03351116552948952,0.23578272759914398,-0.3522266745567322,0.09723293781280518,12.558298110961914,10.914141654968262,12.757445335388184,12.612693786621094,-0.029130859300494194,0.0827929675579071,0.021464843302965164,-0.09199218451976776,0.0,-0.021696483716368675,0.10945030301809311,0.01564633473753929,-0.10046651214361191,0.0,0.18523816764354706,0.23989395797252655,-9.764703750610352,0.2554835379123688,-0.3722321391105652,-8.859102249145508,0.0,0.0,0.0,0.0,0.0,0.0,0.0,0.0,0.0,0.0,0.0,0.0,-0.028448671102523804,0.10222621262073517,0.02172517031431198,-0.09511572867631912,0.2834351658821106,0.26880311965942383,0.28728851675987244,0.302645206451416,-0.2293706238269806,-0.4068272113800049,0.7667765021324158,0.0,0.0,0.0,0.0,0.0,0.0,0.0
46857522931,0,-0.020717723295092583,-0.007596430368721485,-0.8233925700187683,6.569455581484362e-05,-0.04113857448101044,-0.8442511558532715,-0.06456594169139862,0.056319091469049454,0.029878996312618256,0.04156704246997833,-0.06708462536334991,-0.020858585834503174,-0.0031528843101114035,0.007476234342902899,-0.17873601615428925,0.0,0.0,-0.0047828578390181065,0.09589603543281555,0.035576753318309784,0.14011181890964508,0.02298249676823616,-0.06027189642190933,0.20868587493896484,1.4037108421325684,-2.0712883472442627,-48.7440071105957,-0.3076062798500061,0.2593161463737488,-0.01864546164870262,-0.0322328582406044,0.2369864284992218,-0.3510965406894684,0.09464109688997269,12.558298110961914,10.914141654968262,12.757445335388184,12.612693786621094,-0.03066406212747097,0.0827929675579071,0.019931640475988388,-0.09352538734674454,0.0,-0.02158581279218197,0.10957837104797363,0.015755267813801765,-0.10035576671361923,0.0,0.05205537751317024,0.20995251834392548,-9.770380973815918,0.2554835379123688,-0.3722321391105652,-8.859102249145508,0.0,0.0,0.0,0.0,0.0,0.0,0.0,0.0,0.0,0.0,0.0,0.0,-0.02700268290936947,0.10404288023710251,0.02046535536646843,-0.09632039815187454,0.2915479242801666,0.2593626081943512,0.2954099178314209,0.2926035523414612,-0.2293706238269806,-0.4068272113800049,0.7667765021324158,0.0,0.0,0.0,0.0,0.0,0.0,0.0
46867333183,0,-0.021221084520220757,-0.006979935336858034,-0.8230632543563843,6.569455581484362e-05,-0.04113857448101044,-0.8442511558532715,-0.06187352165579796,0.05314655229449272,0.02827455848455429,0.04257376864552498,-0.06831762194633484,-0.021187901496887207,-0.002193027874454856,0.007588567212224007,-0.17728562653064728,0.0,0.0,-0.0047828578390181065,0.0841076597571373,0.027096565812826157,0.1468893140554428,0.02298249676823616,-0.06027189642190933,0.20868587493896484,1.3820792436599731,-2.032620906829834,-48.67769241333008,-0.3032419681549072,0.26900365948677063,-0.0235588438808918,-0.03159721940755844,0.2369864284992218,-0.3510965406894684,0.09464109688997269,12.686810493469238,10.765445709228516,12.84151840209961,12.48157024383545,-0.03066406212747097,0.08432617038488388,0.019931640475988388,-0.09352538734674454,0.0,-0.020837798714637756,0.10917031019926071,0.015236825682222843,-0.0996413603425026,0.0,0.12758959829807281,0.013731719925999641,-9.96774959564209,0.2512871325016022,-0.3695674240589142,-8.850489616394043,0.0,0.0,0.0,0.0,0.0,0.0,0.0,0.0,0.0,0.0,0.0,0.0,-0.02526256814599037,0.1059330403804779,0.01894768327474594,-0.09762965142726898,0.2915479242801666,0.2593626081943512,0.2954099178314209,0.2926035523414612,-0.5806311964988708,-0.6515392065048218,0.6755777597427368,0.0,0.0,0.0,0.0,0.0,0.0,0.0
46877364321,0,-0.021221084520220757,-0.006979935336858034,-0.8230632543563843,6.569455581484362e-05,-0.04113857448101044,-0.8442511558532715,-0.06187352165579796,0.05314655229449272,0.02827455848455429,0.04257376864552498,-0.06831762194633484,-0.021187901496887207,-0.002193027874454856,0.007588567212224007,-0.17728562653064728,0.0,0.0,-0.0047828578390181065,0.07173355668783188,0.006978153251111507,0.14352048933506012,0.02298249676823616,-0.06027189642190933,0.20868587493896484,1.3820792436599731,-2.032620906829834,-48.67769241333008,-0.3032419681549072,0.26900365948677063,-0.0235588438808918,-0.03159721940755844,0.23751479387283325,-0.35046860575675964,0.09350264817476273,12.686810493469238,10.765445709228516,12.84151840209961,12.48157024383545,-0.029130859300494194,0.08432617038488388,0.021464843302965164,-0.09659180045127869,0.0,-0.020837798714637756,0.10917031019926071,0.015236825682222843,-0.0996413603425026,0.0,0.1383887529373169,-0.08423680067062378,-9.969873428344727,0.2512871325016022,-0.3695674240589142,-8.850489616394043,0.0,0.0,0.0,0.0,0.0,0.0,0.0,0.0,0.0,0.0,0.0,0.0,-0.023624775931239128,0.10747882723808289,0.01754043810069561,-0.09867772459983826,0.29404106736183167,0.2564247250556946,0.297037810087204,0.2900579869747162,-0.4662560224533081,-0.8913423418998718,0.027692636474967003,0.0,0.0,0.0,0.0,0.0,0.0,0.0
46887530878,0,-0.02278689481317997,-0.005039897281676531,-0.8221445679664612,6.569455581484362e-05,-0.04113857448101044,-0.8442511558532715,-0.05808040872216225,0.04814824461936951,0.02615443617105484,0.0457054041326046,-0.07219772040843964,-0.022106587886810303,8.093015640042722e-05,0.007436235435307026,-0.17399151623249054,0.0,0.0,-0.0047828578390181065,0.07173355668783188,0.006978153251111507,0.14352048933506012,-0.002643291372805834,-0.05906238779425621,0.20301061868667603,1.3936716318130493,-2.0391721725463867,-48.525794982910156,-0.3000499904155731,0.29121077060699463,-0.016082022339105606,-0.030518759042024612,0.2382708340883255,-0.3496016561985016,0.0914597436785698,12.499125480651855,10.891894340515137,12.580668449401855,12.662068367004395,-0.027597656473517418,0.08585937321186066,0.021464843302965164,-0.09505859017372131,0.0,-0.020914310589432716,0.10859860479831696,0.015504272654652596,-0.09863241761922836,0.0,0.09918547421693802,-0.10899930447340012,-9.648770332336426,0.2492319494485855,-0.36890220642089844,-8.847399711608887,0.0,0.0,0.0,0.0,0.0,0.0,0.0,0.0,0.0,0.0,0.0,0.0,-0.02230854518711567,0.10852480679750443,0.016435597091913223,-0.09932445734739304,0.2903989851474762,0.25892341136932373,0.2919822335243225,0.2935612201690674,-0.4662560224533081,-0.8913423418998718,0.027692636474967003,0.0,0.0,0.0,0.0,0.0,0.0,0.0
46897516812,0,-0.02278689481317997,-0.005039897281676531,-0.8221445679664612,6.569455581484362e-05,-0.04113857448101044,-0.8442511558532715,-0.05808040872216225,0.04814824461936951,0.02615443617105484,0.0457054041326046,-0.07219772040843964,-0.022106587886810303,8.093015640042722e-05,0.007436235435307026,-0.17399151623249054,0.0,0.0,-0.0047828578390181065,0.047106049954891205,-0.013125153258442879,0.14403635263442993,-0.002643291372805834,-0.05906238779425621,0.20301061868667603,1.3820151090621948,-2.008866786956787,-48.750579833984375,-0.2802516222000122,0.31719791889190674,-0.018981900066137314,-0.029480725526809692,0.23881006240844727,-0.34901192784309387,0.08908021450042725,12.697977066040039,10.867743492126465,12.63875961303711,12.65625,-0.026064453646540642,0.08892577886581421,0.019931640475988388,-0.09352538734674454,0.0,-0.01997852325439453,0.10757217556238174,0.015000543557107449,-0.09741044044494629,0.0,0.09918547421693802,-0.10899930447340012,-9.648770332336426,0.2492319494485855,-0.36890220642089844,-8.847399711608887,0.0,0.0,0.0,0.0,0.0,0.0,0.0,0.0,0.0,0.0,0.0,0.0,-0.021357232704758644,0.10903187841176987,0.015684792771935463,-0.0995049998164177,0.29425743222236633,0.25844648480415344,0.29310914874076843,0.29344838857650757,-0.9722540974617004,-1.017850399017334,0.1791822910308838,0.0,0.0,0.0,0.0,0.0,0.0,0.0
46907393901,0,-0.02386978454887867,-0.003828243585303426,-0.8215572834014893,6.569455581484362e-05,-0.04113857448101044,-0.8442511558532715,-0.06015680357813835,0.04674427583813667,0.02893182635307312,0.047871194779872894,-0.0746210366487503,-0.022693872451782227,0.00027838870300911367,0.006946233566850424,-0.17196589708328247,0.0,0.0,-0.0047828578390181065,0.032753922045230865,-0.02213834412395954,0.14641892910003662,-0.004058035556226969,-0.0551176592707634,0.20058223605155945,1.3820151090621948,-2.008866786956787,-48.750579833984375,-0.2802516222000122,0.31719791889190674,-0.018981900066137314,-0.029480725526809692,0.23881006240844727,-0.34901192784309387,0.08908021450042725,12.846578598022461,10.79941463470459,12.703580856323242,12.57032299041748,-0.024531250819563866,0.09045898169279099,0.019931640475988388,-0.09199218451976776,0.0,-0.019747382029891014,0.10825546085834503,0.0149240056052804,-0.09807845950126648,0.0,0.08005939424037933,-0.1814330369234085,-9.597543716430664,0.2577589154243469,-0.3701574206352234,-8.875147819519043,0.0,0.0,0.0,0.0,0.0,0.0,0.0,0.0,0.0,0.0,0.0,0.0,-0.020667463541030884,0.10909077525138855,0.015208981931209564,-0.09929447621107101,0.29425743222236633,0.25844648480415344,0.29310914874076843,0.29344838857650757,-1.1996678113937378,-0.9921995997428894,0.3057909905910492,0.0,0.0,0.0,0.0,0.0,0.0,0.0
46917174074,0,-0.024418935179710388,-0.0032395769376307726,-0.8212555646896362,6.569455581484362e-05,-0.04113857448101044,-0.8442511558532715,-0.06521642208099365,0.04523935168981552,0.031402137130498886,0.04896950349211693,-0.07579837739467621,-0.022995591163635254,0.00021363842824939638,0.006701445206999779,-0.17059548199176788,0.0,0.0,-0.0047828578390181065,0.032753922045230865,-0.02213834412395954,0.14641892910003662,-0.003463930217549205,-0.05319084972143173,0.19893841445446014,1.4176740646362305,-2.0358657836914062,-48.81331253051758,-0.2630510628223419,0.32780250906944275,-0.022687086835503578,-0.02907039038836956,0.23882988095283508,-0.34893301129341125,0.08808918297290802,12.846578598022461,10.79941463470459,12.703580856323242,12.57032299041748,-0.02299804612994194,0.09199218451976776,0.016865234822034836,-0.09352538734674454,0.0,-0.019474277272820473,0.11036061495542526,0.014718075282871723,-0.09981376677751541,0.0,-0.2891126871109009,-0.26008671522140503,-9.470171928405762,0.26963964104652405,-0.3678538203239441,-8.896462440490723,0.0,0.0,0.0,0.0,0.0,0.0,0.0,0.0,0.0,0.0,0.0,0.0,-0.020156510174274445,0.10903119295835495,0.014916417188942432,-0.09901577979326248,0.29713577032089233,0.2570962607860565,0.2943660616874695,0.29178139567375183,-1.1996678113937378,-0.9921995997428894,0.3057909905910492,0.0,0.0,0.0,0.0,0.0,0.0,0.0
46927368237,0,-0.024418935179710388,-0.0032395769376307726,-0.8212555646896362,6.569455581484362e-05,-0.04113857448101044,-0.8442511558532715,-0.06521642208099365,0.04523935168981552,0.031402137130498886,0.04896950349211693,-0.07579837739467621,-0.022995591163635254,0.00021363842824939638,0.006701445206999779,-0.17059548199176788,0.0,0.0,-0.0047828578390181065,-0.012444565072655678,-0.04357915371656418,0.16051314771175385,-0.003463930217549205,-0.05319084972143173,0.19893841445446014,1.4755398035049438,-2.0074875354766846,-49.08544158935547,-0.2630510628223419,0.32780250906944275,-0.022687086835503578,-0.02907039038836956,0.23882988095283508,-0.34893301129341125,0.08808918297290802,13.450224876403809,10.506773948669434,13.042104721069336,12.18447494506836,-0.021464843302965164,0.09199218451976776,0.015332031063735485,-0.09199218451976776,0.0,-0.01633281260728836,0.114446260035038,0.01199786551296711,-0.10384588688611984,0.0,0.39651304483413696,-0.15504702925682068,-9.74228286743164,0.26963964104652405,-0.3678538203239441,-8.896462440490723,0.0,0.0,0.0,0.0,0.0,0.0,0.0,0.0,0.0,0.0,0.0,0.0,-0.019647004082798958,0.10933856666088104,0.014619942754507065,-0.09913191944360733,0.29713577032089233,0.2570962607860565,0.2943660616874695,0.29178139567375183,-1.8067057132720947,-0.9780041575431824,0.6891276836395264,0.0,0.0,0.0,0.0,0.0,0.0,0.0
46937821460,0,-0.02557756006717682,-0.0021134985145181417,-0.8206338286399841,6.569455581484362e-05,-0.04113857448101044,-0.8442511558532715,-0.06444971263408661,0.04214916378259659,0.033259812742471695,0.051286764442920685,-0.07805053889751434,-0.023617327213287354,-0.0003781570994760841,0.005709421820938587,-0.167415589094162,0.0,0.0,-0.0047828578390181065,-0.012444565072655678,-0.04357915371656418,0.16051314771175385,0.0015286196721717715,-0.04546365886926651,0.19512277841567993,1.4755398035049438,-2.0074875354766846,-49.08544158935547,-0.2060285210609436,0.3570334017276764,-0.03888725861907005,-0.02820587530732155,0.23806875944137573,-0.3491378724575043,0.08615908026695251,13.450224876403809,10.506773948669434,13.042104721069336,12.18447494506836,-0.019931640475988388,0.09199218451976776,0.013798828236758709,-0.09352538734674454,0.0,-0.01626293919980526,0.11453629285097122,0.01206992194056511,-0.10376834124326706,0.0,0.1206454485654831,-0.25507012009620667,-9.908956527709961,0.2719438076019287,-0.3666422963142395,-8.913954734802246,0.0,0.0,0.0,0.0,0.0,0.0,0.0,0.0,0.0,0.0,0.0,0.0,-0.018926560878753662,0.11024792492389679,0.014119099825620651,-0.09986930340528488,0.3087841868400574,0.25130292773246765,0.300916463136673,0.2842777669429779,-1.8067057132720947,-0.9780041575431824,0.6891276836395264,0.0,0.0,0.0,0.0,0.0,0.0,0.0
46947283232,0,-0.02557756006717682,-0.0021134985145181417,-0.8206338286399841,6.569455581484362e-05,-0.04113857448101044,-0.8442511558532715,-0.06444971263408661,0.04214916378259659,0.033259812742471695,0.05359570309519768,-0.0802408829331398,-0.024201393127441406,-0.0003781570994760841,0.005709421820938587,-0.167415589094162,0.0,0.0,-0.0047828578390181065,-0.041893914341926575,-0.05546214431524277,0.16925738751888275,0.010869087651371956,-0.03749364987015724,0.1902695894241333,1.4755398035049438,-2.0074875354766846,-49.08544158935547,-0.2060285210609436,0.3570334017276764,-0.03888725861907005,-0.02820587530732155,0.23806875944137573,-0.3491378724575043,0.08615908026695251,13.450224876403809,10.506773948669434,13.042104721069336,12.18447494506836,-0.018398437649011612,0.09199218451976776,0.013798828236758709,-0.09812500327825546,0.0,-0.01626293919980526,0.11453629285097122,0.01206992194056511,-0.10376834124326706,0.0,0.1206454485654831,-0.25507012009620667,-9.908956527709961,0.26409703493118286,-0.37763866782188416,-8.863540649414062,0.0,0.0,0.0,0.0,0.0,0.0,0.0,0.0,0.0,0.0,0.0,0.0,-0.018083950504660606,0.11148231476545334,0.013491325080394745,-0.10095501691102982,0.3087841868400574,0.25130292773246765,0.300916463136673,0.2842777669429779,-1.487643837928772,-0.6584282517433167,0.5858886241912842,0.0,0.0,0.0,0.0,0.0,0.0,0.0
46957682084,0,-0.026732023805379868,-0.0010183339472860098,-0.8200497627258301,6.569455581484362e-05,-0.04113857448101044,-0.8442511558532715,-0.05777597054839134,0.044259537011384964,0.026015054434537888,0.05359570309519768,-0.0802408829331398,-0.024201393127441406,-0.0007534473552368581,0.004652771167457104,-0.16393661499023438,0.0,0.0,-0.0047828578390181065,-0.05100971832871437,-0.061166517436504364,0.167082279920578,0.010869087651371956,-0.03749364987015724,0.1902695894241333,1.4525337219238281,-2.077012777328491,-48.749473571777344,-0.16872678697109222,0.3743200898170471,-0.0473971925675869,-0.02754158154129982,0.23636622726917267,-0.3497672975063324,0.08483903855085373,13.660787582397461,10.243630409240723,13.087418556213379,11.854460716247559,-0.016865234822034836,0.09199218451976776,0.013798828236758709,-0.09965820610523224,0.0,-0.01835452765226364,0.11917988955974579,0.01458323746919632,-0.10800214111804962,0.0,0.4434977173805237,0.09767257422208786,-9.762008666992188,0.26409703493118286,-0.37763866782188416,-8.863540649414062,0.0,0.0,0.0,0.0,0.0,0.0,0.0,0.0,0.0,0.0,0.0,0.0,-0.017430007457733154,0.11286716163158417,0.013036233372986317,-0.10220342874526978,0.31283101439476013,0.24607829749584198,0.3017917275428772,0.2778364419937134,-1.157454490661621,-0.6053066849708557,0.22566495835781097,0.0,0.0,0.0,0.0,0.0,0.0,0.0
46968866435,0,-0.02796580269932747,9.502590546617284e-05,-0.8194897174835205,6.569455581484362e-05,-0.04113857448101044,-0.8442511558532715,-0.04832296818494797,0.04573545977473259,0.027950499206781387,0.056063272058963776,-0.08246760815382004,-0.024761438369750977,-0.0018506600754335523,0.003601165721192956,-0.16101384162902832,0.0,0.0,-0.0047828578390181065,-0.05100971832871437,-0.061166517436504364,0.167082279920578,0.013811115175485611,-0.029074952006340027,0.18744228780269623,1.419562816619873,-2.124124050140381,-48.845985412597656,-0.15833035111427307,0.38489243388175964,-0.04308970272541046,-0.027244331315159798,0.23518359661102295,-0.35022130608558655,0.08422014862298965,13.608593940734863,10.377245903015137,12.97305679321289,11.98486328125,-0.016865234822034836,0.09352538734674454,0.013798828236758709,-0.10119140893220901,0.0,-0.02048211544752121,0.11815465986728668,0.016919465735554695,-0.10721491277217865,0.0,0.4434977173805237,0.09767257422208786,-9.762008666992188,0.25102123618125916,-0.38802629709243774,-8.887580871582031,0.0,0.0,0.0,0.0,0.0,0.0,0.0,0.0,0.0,0.0,0.0,0.0,-0.01728065125644207,0.11445160210132599,0.013089709915220737,-0.10365580022335052,0.3118286728858948,0.24873314797878265,0.29958227276802063,0.28038424253463745,-1.157454490661621,-0.6053066849708557,0.22566495835781097,0.0,0.0,0.0,0.0,0.0,0.0,0.0
46977101792,0,-0.02796580269932747,9.502590546617284e-05,-0.8194897174835205,6.569455581484362e-05,-0.04113857448101044,-0.8442511558532715,-0.04832296818494797,0.04573545977473259,0.027950499206781387,0.056063272058963776,-0.08246760815382004,-0.024761438369750977,-0.0018506600754335523,0.003601165721192956,-0.16101384162902832,0.0,0.0,-0.0047828578390181065,-0.07571100443601608,-0.08839007467031479,0.16831709444522858,0.013811115175485611,-0.029074952006340027,0.18744228780269623,1.3759605884552002,-2.1008808612823486,-48.88140106201172,-0.11466417461633682,0.4364699721336365,-0.0463581383228302,-0.02679661475121975,0.23248615860939026,-0.35154932737350464,0.08307813853025436,13.84266471862793,10.295015335083008,12.919788360595703,11.929028511047363,-0.016865234822034836,0.09505859017372131,0.012265625409781933,-0.10119140893220901,0.0,-0.020620668306946754,0.11683878302574158,0.017584102228283882,-0.10568515211343765,0.0,0.4434977173805237,0.09767257422208786,-9.762008666992188,0.25102123618125916,-0.38802629709243774,-8.887580871582031,0.0,0.0,0.0,0.0,0.0,0.0,0.0,0.0,0.0,0.0,0.0,0.0,-0.017706194892525673,0.11590075492858887,0.013745591975748539,-0.1049925908446312,0.3163197934627533,0.24709971249103546,0.29855215549468994,0.2792937159538269,-1.205531120300293,-1.180833339691162,0.16020351648330688,0.0,0.0,0.0,0.0,0.0,0.0,0.0
46987914167,0,-0.02911810763180256,0.0010621228720992804,-0.8189305067062378,6.569455581484362e-05,-0.04113857448101044,-0.8442511558532715,-0.04621703922748566,0.04349200427532196,0.026631705462932587,0.05836789309978485,-0.08440181612968445,-0.02532064914703369,-0.0038376504089683294,0.0018050860380753875,-0.15788088738918304,0.0,0.0,-0.0047828578390181065,-0.07571100443601608,-0.08839007467031479,0.16831709444522858,0.03005567006766796,-0.015277763828635216,0.1836843192577362,1.3759605884552002,-2.1008808612823486,-48.88140106201172,-0.11466417461633682,0.4364699721336365,-0.0463581383228302,-0.02679661475121975,0.23248615860939026,-0.35154932737350464,0.08307813853025436,13.84266471862793,10.295015335083008,12.919788360595703,11.929028511047363,-0.016865234822034836,0.09505859017372131,0.012265625409781933,-0.10272461175918579,0.0,-0.020620668306946754,0.11683878302574158,0.017584102228283882,-0.10568515211343765,0.0,0.29188022017478943,-0.13192839920520782,-9.981280326843262,0.25065773725509644,-0.38811561465263367,-8.885857582092285,0.0,0.0,0.0,0.0,0.0,0.0,0.0,0.0,0.0,0.0,0.0,0.0,-0.018446890637278557,0.11684726178646088,0.014745811931788921,-0.10584839433431625,0.3163197934627533,0.24709971249103546,0.29855215549468994,0.2792937159538269,-1.205531120300293,-1.180833339691162,0.16020351648330688,0.0,0.0,0.0,0.0,0.0,0.0,0.0
46997371319,0,-0.029724277555942535,0.0015454231761395931,-0.8186660408973694,6.569455581484362e-05,-0.04113857448101044,-0.8442511558532715,-0.04771769046783447,0.03911275789141655,0.025805236771702766,0.0595802403986454,-0.08536841720342636,-0.0255851149559021,-0.004653559532016516,0.0010698592523112893,-0.1562366932630539,0.0,0.0,-0.0047828578390181065,-0.07571100443601608,-0.08839007467031479,0.16831709444522858,0.036721233278512955,-0.009621952660381794,0.18171326816082,1.3759605884552002,-2.1008808612823486,-48.88140106201172,-0.11466417461633682,0.4364699721336365,-0.0463581383228302,-0.02679661475121975,0.23248615860939026,-0.35154932737350464,0.08307813853025436,13.84266471862793,10.295015335083008,12.919788360595703,11.929028511047363,-0.016865234822034836,0.09505859017372131,0.012265625409781933,-0.10119140893220901,0.0,-0.020620668306946754,0.11683878302574158,0.017584102228283882,-0.10568515211343765,0.0,0.29188022017478943,-0.13192839920520782,-9.981280326843262,0.254629522562027,-0.3809492886066437,-8.883440971374512,0.0,0.0,0.0,0.0,0.0,0.0,0.0,0.0,0.0,0.0,0.0,0.0,-0.01921229436993599,0.11731119453907013,0.015761474147439003,-0.10623916238546371,0.3163197934627533,0.24709971249103546,0.29855215549468994,0.2792937159538269,-1.205531120300293,-1.180833339691162,0.16020351648330688,0.0,0.0,0.0,0.0,0.0,0.0,0.0
47006998517,0,-0.029724277555942535,0.0015454231761395931,-0.8186660408973694,6.569455581484362e-05,-0.04113857448101044,-0.8442511558532715,-0.04771769046783447,0.03911275789141655,0.025805236771702766,0.0595802403986454,-0.08536841720342636,-0.0255851149559021,-0.004653559532016516,0.0010698592523112893,-0.1562366932630539,0.0,0.0,-0.0047828578390181065,-0.08224990963935852,-0.08976729959249496,0.16795474290847778,0.036721233278512955,-0.009621952660381794,0.18171326816082,1.3759605884552002,-2.1008808612823486,-48.88140106201172,-0.11466417461633682,0.4364699721336365,-0.0463581383228302,-0.02679661475121975,0.23248615860939026,-0.35154932737350464,0.08307813853025436,13.849407196044922,10.311392784118652,12.870401382446289,11.916532516479492,-0.015332031063735485,0.09812500327825546,0.010732421651482582,-0.10272461175918579,0.0,-0.02061062678694725,0.11665236949920654,0.017651593312621117,-0.10579642653465271,0.0,0.0053807334043085575,-0.07787847518920898,-10.024539947509766,0.254629522562027,-0.3809492886066437,-8.883440971374512,0.0,0.0,0.0,0.0,0.0,0.0,0.0,0.0,0.0,0.0,0.0,0.0,-0.01984814926981926,0.11744358390569687,0.01660042628645897,-0.10633423924446106,0.3163197934627533,0.24709971249103546,0.29855215549468994,0.2792937159538269,-0.551629364490509,-0.263560026884079,-0.07122401148080826,0.0,0.0,0.0,0.0,0.0,0.0,0.0
47017077395,0,-0.03147878497838974,0.0029184382874518633,-0.8178632855415344,6.569455581484362e-05,-0.04113857448101044,-0.8442511558532715,-0.0446869432926178,0.028965521603822708,0.019448215141892433,0.0630892738699913,-0.08811446279287338,-0.02638787031173706,-0.006096886470913887,-0.0012887322809547186,-0.1519295573234558,0.0,0.0,-0.0047828578390181065,-0.07893817871809006,-0.08637335151433945,0.16584236919879913,0.04875069484114647,0.008814765140414238,0.1765543818473816,1.3767509460449219,-2.042447328567505,-48.69470977783203,-0.09690648317337036,0.445371150970459,-0.045271195471286774,-0.02633395791053772,0.23248615860939026,-0.35154932737350464,0.08307813853025436,13.806492805480957,10.294432640075684,12.807027816772461,11.898250579833984,-0.016865234822034836,0.09965820610523224,0.012265625409781933,-0.10425781458616257,0.0,-0.019121386110782623,0.11490153521299362,0.016143037006258965,-0.1041947454214096,0.0,0.06980915367603302,-0.20531387627124786,-9.978116035461426,0.2525239884853363,-0.36743515729904175,-8.848186492919922,0.0,0.0,0.0,0.0,0.0,0.0,0.0,0.0,0.0,0.0,0.0,0.0,-0.020233329385519028,0.11729052662849426,0.017134295776486397,-0.10620272904634476,0.3163197934627533,0.24709971249103546,0.29855215549468994,0.2792937159538269,-0.06199224665760994,0.0409591868519783,-0.056062858551740646,0.0,0.0,0.0,0.0,0.0,0.0,0.0
47027314748,0,-0.0320521779358387,0.003344937227666378,-0.8175937533378601,6.569455581484362e-05,-0.04113857448101044,-0.8442511558532715,-0.04189971089363098,0.02640869840979576,0.02025737799704075,0.06423606723546982,-0.0889674723148346,-0.026657402515411377,-0.006817213259637356,-0.0019709153566509485,-0.15061460435390472,0.0,0.0,-0.0047828578390181065,-0.07849115878343582,-0.08334534615278244,0.16891497373580933,0.04875069484114647,0.008814765140414238,0.1765543818473816,1.3767509460449219,-2.042447328567505,-48.69470977783203,-0.09690648317337036,0.445371150970459,-0.045271195471286774,-0.02633395791053772,0.22663912177085876,-0.3549402952194214,0.08129972219467163,13.806492805480957,10.294432640075684,12.807027816772461,11.898250579833984,-0.018398437649011612,0.10272461175918579,0.012265625409781933,-0.10732422024011612,0.0,-0.019121386110782623,0.11490153521299362,0.016143037006258965,-0.1041947454214096,0.0,0.06980915367603302,-0.20531387627124786,-9.978116035461426,0.24855008721351624,-0.36489003896713257,-8.859801292419434,0.0,0.0,0.0,0.0,0.0,0.0,0.0,0.0,0.0,0.0,0.0,0.0,-0.020286282524466515,0.11685517430305481,0.01728353649377823,-0.10584140568971634,0.31562626361846924,0.24708817899227142,0.2963702380657196,0.278692364692688,0.037050820887088776,0.13458667695522308,0.17910805344581604,0.0,0.0,0.0,0.0,0.0,0.0,0.0
47037013665,0,-0.0320521779358387,0.003344937227666378,-0.8175937533378601,6.569455581484362e-05,-0.04113857448101044,-0.8442511558532715,-0.04189971089363098,0.02640869840979576,0.02025737799704075,0.06423606723546982,-0.0889674723148346,-0.026657402515411377,-0.006817213259637356,-0.0019709153566509485,-0.15061460435390472,0.0,0.0,-0.0047828578390181065,-0.08600720763206482,-0.08498722314834595,0.17126774787902832,0.054630644619464874,0.014081652276217937,0.17498023808002472,1.3888819217681885,-2.0208933353424072,-48.66502380371094,-0.08835597336292267,0.4522936940193176,-0.05346241220831871,-0.02626284584403038,0.22448258101940155,-0.3561227321624756,0.08067329227924347,14.025260925292969,10.078900337219238,12.975495338439941,11.67856216430664,-0.019931640475988388,0.10425781458616257,0.013798828236758709,-0.1088574230670929,0.0,-0.01796829141676426,0.11704477667808533,0.015021431259810925,-0.10586856305599213,0.0,0.1376948207616806,-0.28213098645210266,-9.724238395690918,0.24855008721351624,-0.36489003896713257,-8.859801292419434,0.0,0.0,0.0,0.0,0.0,0.0,0.0,0.0,0.0,0.0,0.0,0.0,-0.020044175907969475,0.11637942492961884,0.01709473878145218,-0.10543706268072128,0.3198159337043762,0.24280032515525818,0.2996293604373932,0.27439430356025696,-0.27307042479515076,0.0019635458011180162,0.25252968072891235,0.0,0.0,0.0,0.0,0.0,0.0,0.0
47048128481,0,-0.03260040283203125,0.003804303240031004,-0.817322850227356,6.569455581484362e-05,-0.04113857448101044,-0.8442511558532715,-0.04159676656126976,0.022384585812687874,0.02375531941652298,0.06533252447843552,-0.08988620340824127,-0.026928305625915527,-0.008007409982383251,-0.0028053461574018,-0.14934423565864563,0.0,0.0,-0.0047828578390181065,-0.08600720763206482,-0.08498722314834595,0.17126774787902832,0.0642768144607544,0.02045297808945179,0.1734614074230194,1.3670254945755005,-2.0068953037261963,-48.72890853881836,-0.06642857193946838,0.46236652135849,-0.0510748028755188,-0.026237519457936287,0.22220174968242645,-0.3573751449584961,0.0801132321357727,14.028244972229004,10.17837905883789,12.884673118591309,11.735738754272461,-0.018398437649011612,0.10272461175918579,0.013798828236758709,-0.1088574230670929,0.0,-0.018160579726099968,0.11464463919401169,0.015345131047070026,-0.1042623370885849,0.0,0.31178539991378784,0.0075136832892894745,-10.156153678894043,0.2489558905363083,-0.35873210430145264,-8.891692161560059,0.0,0.0,0.0,0.0,0.0,0.0,0.0,0.0,0.0,0.0,0.0,0.0,-0.019604112952947617,0.11605861783027649,0.016685977578163147,-0.10516651719808578,0.3198159337043762,0.24280032515525818,0.2996293604373932,0.27439430356025696,-0.27307042479515076,0.0019635458011180162,0.25252968072891235,0.0,0.0,0.0,0.0,0.0,0.0,0.0
47057296030,0,-0.03426578640937805,0.005108723416924477,-0.8165987133979797,6.569455581484362e-05,-0.04113857448101044,-0.8442511558532715,-0.038514792919158936,0.01794450171291828,0.02489769086241722,0.06866330653429031,-0.09249505400657654,-0.027652442455291748,-0.009932756423950195,-0.0042603397741913795,-0.14473849534988403,0.0,0.0,-0.0047828578390181065,-0.07801666855812073,-0.06561675667762756,0.16578423976898193,0.0642768144607544,0.02045297808945179,0.1734614074230194,1.3670254945755005,-2.0068953037261963,-48.72890853881836,-0.06642857193946838,0.46236652135849,-0.0510748028755188,-0.026237519457936287,0.22220174968242645,-0.3573751449584961,0.0801132321357727,14.028244972229004,10.17837905883789,12.884673118591309,11.735738754272461,-0.018398437649011612,0.10272461175918579,0.013798828236758709,-0.1088574230670929,0.0,-0.018160579726099968,0.11464463919401169,0.015345131047070026,-0.1042623370885849,0.0,0.31178539991378784,0.0075136832892894745,-10.156153678894043,0.2482067197561264,-0.3561708927154541,-8.907005310058594,0.0,0.0,0.0,0.0,0.0,0.0,0.0,0.0,0.0,0.0,0.0,0.0,-0.019112445414066315,0.11575065553188324,0.01622258685529232,-0.10494071245193481,0.31987303495407104,0.2447805404663086,0.2978730797767639,0.2755139172077179,0.3320697546005249,0.6807779669761658,-0.13454467058181763,0.0,0.0,0.0,0.0,0.0,0.0,0.0
47066900666,0,-0.03426578640937805,0.005108723416924477,-0.8165987133979797,6.569455581484362e-05,-0.04113857448101044,-0.8442511558532715,-0.038514792919158936,0.01794450171291828,0.02489769086241722,0.06866330653429031,-0.09249505400657654,-0.027652442455291748,-0.009932756423950195,-0.0042603397741913795,-0.14473849534988403,0.0,0.0,-0.0047828578390181065,-0.07801666855812073,-0.06561675667762756,0.16578423976898193,0.07988177239894867,0.031646497547626495,0.16794773936271667,1.364306926727295,-1.9313164949417114,-49.059364318847656,-0.06631694734096527,0.44649025797843933,-0.049723830074071884,-0.026303503662347794,0.2180110663175583,-0.359463632106781,0.07918091118335724,14.061118125915527,10.334577560424805,12.967869758605957,11.84067153930664,-0.019931640475988388,0.10272461175918579,0.015332031063735485,-0.10732422024011612,0.0,-0.016290949657559395,0.11020208895206451,0.013254484161734581,-0.10099101811647415,0.0,0.21486590802669525,0.1684587597846985,-9.980010986328125,0.2482067197561264,-0.3561708927154541,-8.907005310058594,0.0,0.0,0.0,0.0,0.0,0.0,0.0,0.0,0.0,0.0,0.0,0.0,-0.01860874332487583,0.11519016325473785,0.015736324712634087,-0.10455358028411865,0.3205017149448395,0.24788567423820496,0.2994820773601532,0.2775667607784271,0.3320697546005249,0.6807779669761658,-0.13454467058181763,0.0,0.0,0.0,0.0,0.0,0.0,0.0
47077220506,0,-0.03426578640937805,0.005108723416924477,-0.8165987133979797,6.569455581484362e-05,-0.04113857448101044,-0.8442511558532715,-0.038514792919158936,0.01794450171291828,0.02489769086241722,0.06866330653429031,-0.09249505400657654,-0.027652442455291748,-0.009932756423950195,-0.0042603397741913795,-0.14473849534988403,0.0,0.0,-0.0047828578390181065,-0.05665101855993271,-0.05308030918240547,0.1652028113603592,0.07988177239894867,0.031646497547626495,0.16794773936271667,1.3296061754226685,-1.990654706954956,-48.88319396972656,-0.08024628460407257,0.44794243574142456,-0.05163894593715668,-0.026502087712287903,0.21413210034370422,-0.36116674542427063,0.07826666533946991,14.046910285949707,10.218684196472168,12.991374969482422,11.775108337402344,-0.018398437649011612,0.10272461175918579,0.015332031063735485,-0.10425781458616257,0.0,-0.018690088763833046,0.11229360848665237,0.01577337644994259,-0.10231733322143555,0.0,0.21486590802669525,0.1684587597846985,-9.980010986328125,0.2482067197561264,-0.3561708927154541,-8.907005310058594,0.0,0.0,0.0,0.0,0.0,0.0,0.0,0.0,0.0,0.0,0.0,0.0,-0.018130246549844742,0.11429550498723984,0.015251853503286839,-0.10391788929700851,0.32023000717163086,0.24558225274085999,0.29993635416030884,0.2762843072414398,0.7607821226119995,0.44601836800575256,-0.10124514251947403,0.0,0.0,0.0,0.0,0.0,0.0,0.0
47089876597,0,-0.03533545136451721,0.005884670652449131,-0.8161560893058777,6.569455581484362e-05,-0.04113857448101044,-0.8442511558532715,-0.02992347814142704,0.019051948562264442,0.0162788275629282,0.07080265134572983,-0.09404695779085159,-0.0280950665473938,-0.010536971502006054,-0.005089322570711374,-0.14145903289318085,0.0,0.0,-0.0047828578390181065,-0.05242452397942543,-0.05274946987628937,0.16313326358795166,0.08484261482954025,0.038155585527420044,0.1640203893184662,1.3296061754226685,-1.990654706954956,-48.88319396972656,-0.08024628460407257,0.44794243574142456,-0.05163894593715668,-0.026502087712287903,0.21413210034370422,-0.36116674542427063,0.07826666533946991,14.046910285949707,10.218684196472168,12.991374969482422,11.775108337402344,-0.016865234822034836,0.10272461175918579,0.015332031063735485,-0.10579101741313934,0.0,-0.018690088763833046,0.11229360848665237,0.01577337644994259,-0.10231733322143555,0.0,0.2953745126724243,0.1917104721069336,-10.308910369873047,0.23577053844928741,-0.36433398723602295,-8.846324920654297,0.0,0.0,0.0,0.0,0.0,0.0,0.0,0.0,0.0,0.0,0.0,0.0,-0.017887543886899948,0.11338960379362106,0.014993620105087757,-0.1032487228512764,0.32023000717163086,0.24558225274085999,0.29993635416030884,0.2762843072414398,0.6625662446022034,0.2296496033668518,-0.17201459407806396,0.0,0.0,0.0,0.0,0.0,0.0,0.0
47097667441,0,-0.03585595265030861,0.0061836387030780315,-0.8159777522087097,6.569455581484362e-05,-0.04113857448101044,-0.8442511558532715,-0.028003055602312088,0.020077643916010857,0.009210357442498207,0.07184365391731262,-0.09464490413665771,-0.028273403644561768,-0.011201865039765835,-0.005412341561168432,-0.1400928795337677,0.0,0.0,-0.0047828578390181065,-0.05242452397942543,-0.05274946987628937,0.16313326358795166,0.09018544107675552,0.04060281068086624,0.16238543391227722,1.2967379093170166,-2.0038368701934814,-48.65478515625,-0.07654407620429993,0.45296090841293335,-0.05008653551340103,-0.02662600576877594,0.21252837777137756,-0.36190512776374817,0.07787181437015533,13.964376449584961,10.198213577270508,12.882007598876953,11.758740425109863,-0.016865234822034836,0.10272461175918579,0.015332031063735485,-0.10579101741313934,0.0,-0.019976342096924782,0.11181987822055817,0.017160886898636818,-0.10187672078609467,0.0,0.23579861223697662,0.0920051708817482,-10.519156455993652,0.23436371982097626,-0.3682924211025238,-8.79708480834961,0.0,0.0,0.0,0.0,0.0,0.0,0.0,0.0,0.0,0.0,0.0,0.0,-0.01797560602426529,0.11271997541189194,0.015074511989951134,-0.10272743552923203,0.3186509907245636,0.2451750487089157,0.2978215217590332,0.2759639620780945,0.6625662446022034,0.2296496033668518,-0.17201459407806396,0.0,0.0,0.0,0.0,0.0,0.0,0.0
47106961940,0,-0.03585595265030861,0.0061836387030780315,-0.8159777522087097,6.569455581484362e-05,-0.04113857448101044,-0.8442511558532715,-0.028003055602312088,0.020077643916010857,0.009210357442498207,0.07184365391731262,-0.09464490413665771,-0.028273403644561768,-0.011201865039765835,-0.005412341561168432,-0.1400928795337677,0.0,0.0,-0.0047828578390181065,-0.04883752390742302,-0.02733744867146015,0.16578172147274017,0.09018544107675552,0.04060281068086624,0.16238543391227722,1.2960256338119507,-2.0139811038970947,-48.24154281616211,-0.06212857365608215,0.42142853140830994,-0.056087903678417206,-0.026998920366168022,0.20868389308452606,-0.3634049594402313,0.07698151469230652,13.975250244140625,9.999948501586914,12.940495491027832,11.418190002441406,-0.016865234822034836,0.10272461175918579,0.015332031063735485,-0.10579101741313934,0.0,-0.0202645156532526,0.11434130370616913,0.017348648980259895,-0.105255626142025,0.0,0.23579861223697662,0.0920051708817482,-10.519156455993652,0.23436371982097626,-0.3682924211025238,-8.79708480834961,0.0,0.0,0.0,0.0,0.0,0.0,0.0,0.0,0.0,0.0,0.0,0.0,-0.018342062830924988,0.11236272007226944,0.015443941578269005,-0.10249029099941254,0.31885892152786255,0.24122709035873413,0.29895269870758057,0.2692876160144806,0.4257134795188904,0.9376332759857178,0.08577962219715118,0.0,0.0,0.0,0.0,0.0,0.0,0.0
47117978859,0,-0.036905284970998764,0.00662968959659338,-0.8157306909561157,6.569455581484362e-05,-0.04113857448101044,-0.8442511558532715,-0.02583375573158264,0.011866522021591663,0.002061045030131936,0.07394233345985413,-0.09553700685501099,-0.02852046489715576,-0.012689387425780296,-0.005376893561333418,-0.13708820939064026,0.0,0.0,-0.0047828578390181065,-0.04575664922595024,-0.014402658678591251,0.16676972806453705,0.10197492688894272,0.040062449872493744,0.15878503024578094,1.2960256338119507,-2.0139811038970947,-48.24154281616211,-0.06212857365608215,0.42142853140830994,-0.056087903678417206,-0.026998920366168022,0.20868389308452606,-0.3634049594402313,0.07698151469230652,13.975250244140625,9.999948501586914,12.940495491027832,11.418190002441406,-0.016865234822034836,0.10119140893220901,0.015332031063735485,-0.10579101741313934,0.0,-0.0202645156532526,0.11434130370616913,0.017348648980259895,-0.105255626142025,0.0,0.46541959047317505,0.03119470365345478,-10.065808296203613,0.23190611600875854,-0.3547315001487732,-8.754899978637695,0.0,0.0,0.0,0.0,0.0,0.0,0.0,0.0,0.0,0.0,0.0,0.0,-0.0188637413084507,0.11243580281734467,0.01596844010055065,-0.10272806882858276,0.31885892152786255,0.24122709035873413,0.29895269870758057,0.2692876160144806,0.5102625489234924,1.1121554374694824,0.10924670100212097,0.0,0.0,0.0,0.0,0.0,0.0,0.0
47126980062,0,-0.03733391687273979,0.006821879185736179,-0.815660834312439,6.569455581484362e-05,-0.04113857448101044,-0.8442511558532715,-0.026903556659817696,0.003267520572990179,-0.004116061609238386,0.07479959726333618,-0.09592138230800629,-0.02859032154083252,-0.013052396476268768,-0.0054358369670808315,-0.13547125458717346,0.0,0.0,-0.0047828578390181065,-0.04575664922595024,-0.014402658678591251,0.16676972806453705,0.10485906153917313,0.040488455444574356,0.15684685111045837,1.2754836082458496,-1.9510232210159302,-48.15195083618164,-0.061469078063964844,0.4076070785522461,-0.058001041412353516,-0.027195261791348457,0.20698216557502747,-0.36383751034736633,0.07666167616844177,13.985566139221191,9.958080291748047,12.99267292022705,11.33240795135498,-0.016865234822034836,0.10119140893220901,0.015332031063735485,-0.10579101741313934,0.0,-0.01919235847890377,0.11181887239217758,0.01610817201435566,-0.10345485061407089,0.0,0.31023815274238586,0.1427294909954071,-10.15005111694336,0.2333710938692093,-0.3385118246078491,-8.712867736816406,0.0,0.0,0.0,0.0,0.0,0.0,0.0,0.0,0.0,0.0,0.0,0.0,-0.01932932808995247,0.11270700395107269,0.01642385497689247,-0.10322833806276321,0.3190564215183258,0.24039225280284882,0.29996147751808167,0.26760217547416687,0.5102625489234924,1.1121554374694824,0.10924670100212097,0.0,0.0,0.0,0.0,0.0,0.0,0.0
47137309513,0,-0.038571108132600784,0.007462820038199425,-0.8156772255897522,6.569455581484362e-05,-0.04113857448101044,-0.8442511558532715,-0.02155936323106289,-0.005068477243185043,-0.01205220352858305,0.07727399468421936,-0.09720327705144882,-0.028573930263519287,-0.012349491007626057,-0.005078854970633984,-0.13136371970176697,0.0,0.0,-0.0047828578390181065,-0.016608545556664467,0.012205633334815502,0.1613374799489975,0.10485906153917313,0.040488455444574356,0.15684685111045837,1.2569994926452637,-1.7935066223144531,-47.608829498291016,-0.061469078063964844,0.4076070785522461,-0.058001041412353516,-0.027195261791348457,0.20698216557502747,-0.36383751034736633,0.07666167616844177,13.61668872833252,9.955156326293945,12.815107345581055,11.338628768920898,-0.018398437649011612,0.10119140893220901,0.015332031063735485,-0.10579101741313934,0.0,-0.016101812943816185,0.10556413978338242,0.012495252303779125,-0.09788203239440918,0.0,0.31023815274238586,0.1427294909954071,-10.15005111694336,0.22553718090057373,-0.32666289806365967,-8.67212200164795,0.0,0.0,0.0,0.0,0.0,0.0,0.0,0.0,0.0,0.0,0.0,0.0,-0.019439922645688057,0.11250430345535278,0.016480136662721634,-0.10334216058254242,0.3190564215183258,0.24039225280284882,0.29996147751808167,0.26760217547416687,1.3918037414550781,1.1344910860061646,-0.21670635044574738,0.0,0.0,0.0,0.0,0.0,0.0,0.0
47147001635,0,-0.038571108132600784,0.007462820038199425,-0.8156772255897522,6.569455581484362e-05,-0.04113857448101044,-0.8442511558532715,-0.02155936323106289,-0.005068477243185043,-0.01205220352858305,0.07727399468421936,-0.09720327705144882,-0.028573930263519287,-0.012349491007626057,-0.005078854970633984,-0.13136371970176697,0.0,0.0,-0.0047828578390181065,-0.016608545556664467,0.012205633334815502,0.1613374799489975,0.0991678535938263,0.03787890449166298,0.1519150584936142,1.2569994926452637,-1.7935066223144531,-47.608829498291016,-0.09405315667390823,0.37810471653938293,-0.05250456929206848,-0.027740513905882835,0.20329779386520386,-0.36433151364326477,0.07595798373222351,13.61668872833252,9.955156326293945,12.815107345581055,11.338628768920898,-0.018398437649011612,0.10119140893220901,0.015332031063735485,-0.10425781458616257,0.0,-0.016145342960953712,0.10550426691770554,0.012449003756046295,-0.09793457388877869,0.0,0.13667099177837372,-0.026255257427692413,-9.778051376342773,0.22553718090057373,-0.32666289806365967,-8.67212200164795,0.0,0.0,0.0,0.0,0.0,0.0,0.0,0.0,0.0,0.0,0.0,0.0,-0.019022921100258827,0.1114097312092781,0.01593703217804432,-0.10265010595321655,0.31198418140411377,0.24033384025096893,0.29652664065361023,0.2677246034145355,1.3918037414550781,1.1344910860061646,-0.21670635044574738,0.0,0.0,0.0,0.0,0.0,0.0,0.0
47157074592,0,-0.038571108132600784,0.007462820038199425,-0.8156772255897522,6.569455581484362e-05,-0.04113857448101044,-0.8442511558532715,-0.02155936323106289,-0.005068477243185043,-0.01205220352858305,0.07727399468421936,-0.09720327705144882,-0.028573930263519287,-0.012349491007626057,-0.005078854970633984,-0.13136371970176697,0.0,0.0,-0.0047828578390181065,-0.0038635707460343838,0.031678345054388046,0.16270001232624054,0.0991678535938263,0.03787890449166298,0.1519150584936142,1.2322617769241333,-1.795703649520874,-47.77907943725586,-0.10191690176725388,0.3518943190574646,-0.05749724805355072,-0.02834300696849823,0.20043204724788666,-0.364291250705719,0.07527322322130203,13.736335754394531,9.902372360229492,13.03796100616455,11.232297897338867,-0.018398437649011612,0.10272461175918579,0.015332031063735485,-0.10425781458616257,0.0,-0.01674574427306652,0.10519296675920486,0.012916420586407185,-0.09821034222841263,0.0,0.13667099177837372,-0.026255257427692413,-9.778051376342773,0.22553718090057373,-0.32666289806365967,-8.67212200164795,0.0,0.0,0.0,0.0,0.0,0.0,0.0,0.0,0.0,0.0,0.0,0.0,-0.01831253245472908,0.10977008193731308,0.015049987472593784,-0.10144990682601929,0.31198418140411377,0.24033384025096893,0.29652664065361023,0.2677246034145355,0.8526338338851929,1.065851092338562,-0.016563359647989273,0.0,0.0,0.0,0.0,0.0,0.0,0.0
47167223972,0,-0.03933398798108101,0.007836551405489445,-0.81578528881073,6.569455581484362e-05,-0.04113857448101044,-0.8442511558532715,-0.020410610362887383,-0.006944059394299984,-0.009425010532140732,0.0787997618317604,-0.09795074164867401,-0.028465867042541504,-0.012881392613053322,-0.004085771273821592,-0.12843014299869537,0.0,0.0,-0.0047828578390181065,-0.0035258957650512457,0.044199880212545395,0.165787473320961,0.10317791253328323,0.029939917847514153,0.1483897864818573,1.2322617769241333,-1.795703649520874,-47.77907943725586,-0.10191690176725388,0.3518943190574646,-0.05749724805355072,-0.02834300696849823,0.20043204724788666,-0.364291250705719,0.07527322322130203,13.736335754394531,9.902372360229492,13.03796100616455,11.232297897338867,-0.019931640475988388,0.10425781458616257,0.015332031063735485,-0.10425781458616257,0.0,-0.01674574427306652,0.10519296675920486,0.012916420586407185,-0.09821034222841263,0.0,0.13667099177837372,-0.026255257427692413,-9.778051376342773,0.22574497759342194,-0.3250318765640259,-8.700098991394043,0.0,0.0,0.0,0.0,0.0,0.0,0.0,0.0,0.0,0.0,0.0,0.0,-0.017646344378590584,0.10813344269990921,0.01419846247881651,-0.10024914145469666,0.3142809569835663,0.23928086459636688,0.3008365035057068,0.26563355326652527,0.47258225083351135,1.1282660961151123,0.050732214003801346,0.0,0.0,0.0,0.0,0.0,0.0,0.0
47176946620,0,-0.03970154747366905,0.008002309128642082,-0.8158631324768066,6.569455581484362e-05,-0.04113857448101044,-0.8442511558532715,-0.016609786078333855,-0.0063922530971467495,-0.008524108678102493,0.07953488081693649,-0.09828226268291473,-0.028388023376464844,-0.013070729561150074,-0.0035052078310400248,-0.1267327219247818,0.0,0.0,-0.0047828578390181065,-0.0035258957650512457,0.044199880212545395,0.165787473320961,0.10456002503633499,0.025324109941720963,0.14634940028190613,1.2415974140167236,-1.787675380706787,-47.85054397583008,-0.09533943980932236,0.33816829323768616,-0.060991138219833374,-0.02870691753923893,0.19891966879367828,-0.3640344440937042,0.07504081726074219,13.824186325073242,9.85560131072998,13.145751953125,11.12438678741455,-0.019931640475988388,0.10425781458616257,0.013798828236758709,-0.10579101741313934,0.0,-0.01622379943728447,0.10570083558559418,0.01231337059289217,-0.09924358874559402,0.0,0.1987794190645218,0.2080042064189911,-9.763640403747559,0.21973547339439392,-0.3279759883880615,-8.708780288696289,0.0,0.0,0.0,0.0,0.0,0.0,0.0,0.0,0.0,0.0,0.0,0.0,-0.017128441482782364,0.1068093478679657,0.013515278697013855,-0.09933004528284073,0.3159657120704651,0.23834741115570068,0.3029177784919739,0.26350870728492737,0.47258225083351135,1.1282660961151123,0.050732214003801346,0.0,0.0,0.0,0.0,0.0,0.0,0.0
47187156912,0,-0.03970154747366905,0.008002309128642082,-0.8158631324768066,6.569455581484362e-05,-0.04113857448101044,-0.8442511558532715,-0.016609786078333855,-0.0063922530971467495,-0.008524108678102493,0.07953488081693649,-0.09828226268291473,-0.028388023376464844,-0.013070729561150074,-0.0035052078310400248,-0.1267327219247818,0.0,0.0,-0.0047828578390181065,0.002905042376369238,0.06137726083397865,0.15810702741146088,0.10456002503633499,0.025324109941720963,0.14634940028190613,1.1961114406585693,-1.7661073207855225,-47.79346466064453,-0.1020394042134285,0.3094705045223236,-0.0529174841940403,-0.0294593907892704,0.196123406291008,-0.36308082938194275,0.0745813250541687,13.550496101379395,10.078407287597656,12.982746124267578,11.27396297454834,-0.016865234822034836,0.10425781458616257,0.015332031063735485,-0.10732422024011612,0.0,-0.017236018553376198,0.10090946406126022,0.013056380674242973,-0.09588278084993362,0.0,0.398231565952301,-0.1990405172109604,-9.846429824829102,0.21973547339439392,-0.3279759883880615,-8.708780288696289,0.0,0.0,0.0,0.0,0.0,0.0,0.0,0.0,0.0,0.0,0.0,0.0,-0.01677757315337658,0.10570912808179855,0.013019591569900513,-0.09865935146808624,0.31071239709854126,0.2427903264760971,0.2997695207595825,0.2664530277252197,0.37225618958473206,0.873641848564148,-0.37916499376296997,0.0,0.0,0.0,0.0,0.0,0.0,0.0
47196857326,0,-0.0404072180390358,0.008334163576364517,-0.8160642981529236,6.569455581484362e-05,-0.04113857448101044,-0.8442511558532715,-0.009917331859469414,-0.008767705410718918,-0.01814912259578705,0.08094622939825058,-0.0989459678530693,-0.0281868577003479,-0.012615283019840717,-0.0023764625657349825,-0.12366274744272232,0.0,0.0,-0.0047828578390181065,0.002905042376369238,0.06137726083397865,0.15810702741146088,0.10071160644292831,0.016503343358635902,0.14265742897987366,1.1961114406585693,-1.7661073207855225,-47.79346466064453,-0.1020394042134285,0.3094705045223236,-0.0529174841940403,-0.0294593907892704,0.196123406291008,-0.36308082938194275,0.0745813250541687,13.550496101379395,10.078407287597656,12.982746124267578,11.27396297454834,-0.015332031063735485,0.10272461175918579,0.015332031063735485,-0.10579101741313934,0.0,-0.017236018553376198,0.10090946406126022,0.013056380674242973,-0.09588278084993362,0.0,0.398231565952301,-0.1990405172109604,-9.846429824829102,0.20862451195716858,-0.32694679498672485,-8.635977745056152,0.0,0.0,0.0,0.0,0.0,0.0,0.0,0.0,0.0,0.0,0.0,0.0,-0.016642911359667778,0.10450340062379837,0.01274831872433424,-0.09797218441963196,0.31071239709854126,0.2427903264760971,0.2997695207595825,0.2664530277252197,0.37225618958473206,0.873641848564148,-0.37916499376296997,0.0,0.0,0.0,0.0,0.0,0.0,0.0
47206839003,0,-0.0407414510846138,0.0085148885846138,-0.8161939978599548,6.569455581484362e-05,-0.04113857448101044,-0.8442511558532715,-0.009678655304014683,-0.00939189363270998,-0.023449158295989037,0.08161470293998718,-0.09930742532014847,-0.02805715799331665,-0.012329070828855038,-0.0018167532980442047,-0.12222762405872345,0.0,0.0,-0.0047828578390181065,0.03263973817229271,0.06805181503295898,0.15957021713256836,0.09921121597290039,0.010635514743626118,0.1406174600124359,1.1961114406585693,-1.7661073207855225,-47.79346466064453,-0.1020394042134285,0.3094705045223236,-0.0529174841940403,-0.0294593907892704,0.196123406291008,-0.36308082938194275,0.0745813250541687,13.550496101379395,10.078407287597656,12.982746124267578,11.27396297454834,-0.013798828236758709,0.10425781458616257,0.013798828236758709,-0.10425781458616257,0.0,-0.017236018553376198,0.10090946406126022,0.013056380674242973,-0.09588278084993362,0.0,0.3571511209011078,-0.06134175509214401,-9.883204460144043,0.20931082963943481,-0.32682257890701294,-8.598121643066406,0.0,0.0,0.0,0.0,0.0,0.0,0.0,0.0,0.0,0.0,0.0,0.0,-0.016686126589775085,0.10324724018573761,0.012671749107539654,-0.09724868088960648,0.31071239709854126,0.2427903264760971,0.2997695207595825,0.2664530277252197,1.1345356702804565,0.5257135033607483,-0.10237164795398712,0.0,0.0,0.0,0.0,0.0,0.0,0.0
47217446594,0,-0.0407414510846138,0.0085148885846138,-0.8161939978599548,6.569455581484362e-05,-0.04113857448101044,-0.8442511558532715,-0.009678655304014683,-0.00939189363270998,-0.023449158295989037,0.0823068767786026,-0.09969063848257065,-0.027915656566619873,-0.012329070828855038,-0.0018167532980442047,-0.12222762405872345,0.0,0.0,-0.0047828578390181065,0.03263973817229271,0.06805181503295898,0.15957021713256836,0.09921121597290039,0.010635514743626118,0.1406174600124359,1.1961114406585693,-1.7661073207855225,-47.79346466064453,-0.1020394042134285,0.3094705045223236,-0.0529174841940403,-0.0294593907892704,0.196123406291008,-0.36308082938194275,0.0745813250541687,13.550496101379395,10.078407287597656,12.982746124267578,11.27396297454834,-0.013798828236758709,0.10425781458616257,0.012265625409781933,-0.10579101741313934,0.0,-0.017236018553376198,0.10090946406126022,0.013056380674242973,-0.09588278084993362,0.0,0.3571511209011078,-0.06134175509214401,-9.883204460144043,0.20925094187259674,-0.3212338984012604,-8.586528778076172,0.0,0.0,0.0,0.0,0.0,0.0,0.0,0.0,0.0,0.0,0.0,0.0,-0.016808850690722466,0.10219807177782059,0.012705066241323948,-0.09664079546928406,0.31071239709854126,0.2427903264760971,0.2997695207595825,0.2664530277252197,1.1345356702804565,0.5257135033607483,-0.10237164795398712,0.0,0.0,0.0,0.0,0.0,0.0,0.0
47227009332,0,-0.041404467076063156,0.008868311531841755,-0.8164868354797363,6.569455581484362e-05,-0.04113857448101044,-0.8442511558532715,-0.011237510479986668,-0.01869415119290352,-0.02524055540561676,0.08294074237346649,-0.10001426935195923,-0.027764320373535156,-0.01169596053659916,-0.0002740192285273224,-0.11973296850919724,0.0,0.0,-0.0047828578390181065,0.042276158928871155,0.07414833456277847,0.15849894285202026,0.08975160121917725,-0.0010469015687704086,0.13683071732521057,1.1703747510910034,-1.7036957740783691,-47.24965286254883,-0.15548667311668396,0.28039634227752686,-0.05807933211326599,-0.03077494539320469,0.19275711476802826,-0.3609633445739746,0.07378271222114563,13.417398452758789,9.777549743652344,13.104434967041016,11.049822807312012,-0.015332031063735485,0.10425781458616257,0.013798828236758709,-0.10425781458616257,0.0,-0.0165470689535141,0.1006743386387825,0.011836457997560501,-0.0951303169131279,0.0,0.5758978724479675,-0.03576217219233513,-10.397521018981934,0.2127954065799713,-0.3097628653049469,-8.590846061706543,0.0,0.0,0.0,0.0,0.0,0.0,0.0,0.0,0.0,0.0,0.0,0.0,-0.016916248947381973,0.10143345594406128,0.012730001471936703,-0.09616723656654358,0.31071239709854126,0.2427903264760971,0.2997695207595825,0.2664530277252197,1.0204997062683105,0.5371777415275574,-0.11796065419912338,0.0,0.0,0.0,0.0,0.0,0.0,0.0
47237366877,0,-0.041404467076063156,0.008868311531841755,-0.8164868354797363,6.569455581484362e-05,-0.04113857448101044,-0.8442511558532715,-0.011237510479986668,-0.01869415119290352,-0.02524055540561676,0.08294074237346649,-0.10001426935195923,-0.027764320373535156,-0.01169596053659916,-0.0002740192285273224,-0.11973296850919724,0.0,0.0,-0.0047828578390181065,0.05569057539105415,0.0859563946723938,0.16029617190361023,0.08975160121917725,-0.0010469015687704086,0.13683071732521057,1.1703747510910034,-1.7036957740783691,-47.24965286254883,-0.15548667311668396,0.28039634227752686,-0.05807933211326599,-0.03077494539320469,0.19275711476802826,-0.3609633445739746,0.07378271222114563,13.417398452758789,9.777549743652344,13.104434967041016,11.049822807312012,-0.018398437649011612,0.10425781458616257,0.012265625409781933,-0.10425781458616257,0.0,-0.0165470689535141,0.1006743386387825,0.011836457997560501,-0.0951303169131279,0.0,0.28813064098358154,0.1208929717540741,-9.732463836669922,0.2127954065799713,-0.3097628653049469,-8.590846061706543,0.0,0.0,0.0,0.0,0.0,0.0,0.0,0.0,0.0,0.0,0.0,0.0,-0.01693272590637207,0.1009281724691391,0.01263365987688303,-0.0957777127623558,0.30815261602401733,0.23678840696811676,0.30212026834487915,0.262039452791214,0.8107211589813232,0.46731844544410706,0.05747464299201965,0.0,0.0,0.0,0.0,0.0,0.0,0.0
47247851685,0,-0.04204428195953369,0.009015495888888836,-0.8169687390327454,6.569455581484362e-05,-0.04113857448101044,-0.8442511558532715,-0.0023820125497877598,-0.02635418251156807,-0.031627267599105835,0.08422037959098816,-0.10030864179134369,-0.027282416820526123,-0.010336320847272873,0.0019029771210625768,-0.11569800227880478,0.0,0.0,-0.0047828578390181065,0.062029071152210236,0.0871443822979927,0.16177749633789062,0.07795505225658417,-0.018256762996315956,0.13243600726127625,1.0907381772994995,-1.540342092514038,-47.12922286987305,-0.17315039038658142,0.2514183521270752,-0.06261107325553894,-0.03172702714800835,0.19117021560668945,-0.358995646238327,0.07334640622138977,13.46373462677002,9.571229934692383,13.371709823608398,10.837930679321289,-0.018398437649011612,0.10272461175918579,0.012265625409781933,-0.10119140893220901,0.0,-0.014368332922458649,0.09372403472661972,0.009308820590376854,-0.08913065493106842,0.0,0.28813064098358154,0.1208929717540741,-9.732463836669922,0.19570237398147583,-0.29802072048187256,-8.545038223266602,0.0,0.0,0.0,0.0,0.0,0.0,0.0,0.0,0.0,0.0,0.0,0.0,-0.016769157722592354,0.10031220316886902,0.012322568334639072,-0.0951899066567421,0.30962568521499634,0.23557904362678528,0.3063763678073883,0.26008278131484985,0.8140496611595154,0.24554875493049622,0.10475090891122818,0.0,0.0,0.0,0.0,0.0,0.0,0.0
47257107240,0,-0.04236428812146187,0.009063664823770523,-0.8171718716621399,6.569455581484362e-05,-0.04113857448101044,-0.8442511558532715,-0.0041221315041184425,-0.03534796088933945,-0.028752896934747696,0.08486039191484451,-0.10040497779846191,-0.027079284191131592,-0.010051035322248936,0.002838234882801771,-0.11428504437208176,0.0,0.0,-0.0047828578390181065,0.062029071152210236,0.0871443822979927,0.16177749633789062,0.06985584646463394,-0.02409108355641365,0.13057728111743927,1.0907381772994995,-1.540342092514038,-47.12922286987305,-0.19074209034442902,0.24409334361553192,-0.06536545604467392,-0.03227192163467407,0.19042837619781494,-0.35778430104255676,0.07318970561027527,13.46373462677002,9.571229934692383,13.371709823608398,10.837930679321289,-0.018398437649011612,0.09965820610523224,0.012265625409781933,-0.10425781458616257,0.0,-0.014412335120141506,0.09366188198328018,0.009264523163437843,-0.08918552100658417,0.0,0.15212401747703552,0.4351167380809784,-9.754171371459961,0.19831602275371552,-0.280062198638916,-8.568949699401855,0.0,0.0,0.0,0.0,0.0,0.0,0.0,0.0,0.0,0.0,0.0,0.0,-0.016348233446478844,0.09911134093999863,0.0117280138656497,-0.09406201541423798,0.30904409289360046,0.2326613813638687,0.30727314949035645,0.2578573226928711,0.8140496611595154,0.24554875493049622,0.10475090891122818,0.0,0.0,0.0,0.0,0.0,0.0,0.0
47267034171,0,-0.04300936684012413,0.009197046048939228,-0.8176069855690002,6.569455581484362e-05,-0.04113857448101044,-0.8442511558532715,0.0025950949639081955,-0.03355265036225319,-0.028466325253248215,0.08615055680274963,-0.10067174583673477,-0.02664417028427124,-0.008296451531350613,0.004034008830785751,-0.11148993670940399,0.0,0.0,-0.0047828578390181065,0.0888800248503685,0.08007009327411652,0.15884995460510254,0.06985584646463394,-0.02409108355641365,0.13057728111743927,1.0907381772994995,-1.540342092514038,-47.12922286987305,-0.19074209034442902,0.24409334361553192,-0.06536545604467392,-0.03227192163467407,0.19042837619781494,-0.35778430104255676,0.07318970561027527,13.317052841186523,9.593149185180664,13.369745254516602,10.996444702148438,-0.018398437649011612,0.09812500327825546,0.013798828236758709,-0.10119140893220901,0.0,-0.014571098610758781,0.093447245657444,0.009265884757041931,-0.08789654821157455,0.0,0.15212401747703552,0.4351167380809784,-9.754171371459961,0.18784339725971222,-0.286002516746521,-8.571361541748047,0.0,0.0,0.0,0.0,0.0,0.0,0.0,0.0,0.0,0.0,0.0,0.0,-0.01578928716480732,0.09750813245773315,0.01098312996327877,-0.09254547208547592,0.30904409289360046,0.2326613813638687,0.30727314949035645,0.2578573226928711,1.4623775482177734,-0.2837006449699402,-0.12998893857002258,0.0,0.0,0.0,0.0,0.0,0.0,0.0
47277031628,0,-0.04300936684012413,0.009197046048939228,-0.8176069855690002,6.569455581484362e-05,-0.04113857448101044,-0.8442511558532715,0.0025950949639081955,-0.03355265036225319,-0.028466325253248215,0.08615055680274963,-0.10067174583673477,-0.02664417028427124,-0.008296451531350613,0.004034008830785751,-0.11148993670940399,0.0,0.0,-0.0047828578390181065,0.10469381511211395,0.0773904100060463,0.1572117656469345,0.05617520213127136,-0.03622729703783989,0.1272510141134262,1.033138632774353,-1.5730137825012207,-47.142486572265625,-0.2368396818637848,0.24198511242866516,-0.06205222010612488,-0.03334788233041763,0.18951109051704407,-0.3554455041885376,0.07300078868865967,13.317052841186523,9.593149185180664,13.369745254516602,10.996444702148438,-0.016865234822034836,0.09812500327825546,0.013798828236758709,-0.09812500327825546,0.0,-0.01705583743751049,0.09240211546421051,0.01156570389866829,-0.08719874918460846,0.0,0.25147998332977295,0.03389246389269829,-9.947978973388672,0.18784339725971222,-0.286002516746521,-8.571361541748047,0.0,0.0,0.0,0.0,0.0,0.0,0.0,0.0,0.0,0.0,0.0,0.0,-0.015396904200315475,0.0959319993853569,0.010405940003693104,-0.0909690409898758,0.3062206208705902,0.23310033977031708,0.3072351813316345,0.26098671555519104,1.5744044780731201,-0.2933416962623596,-0.1456262469291687,0.0,0.0,0.0,0.0,0.0,0.0,0.0
47297605413,0,-0.04300936684012413,0.009197046048939228,-0.8176069855690002,6.569455581484362e-05,-0.04113857448101044,-0.8442511558532715,0.0025950949639081955,-0.03355265036225319,-0.028466325253248215,0.08615055680274963,-0.10067174583673477,-0.02664417028427124,-0.008296451531350613,0.004034008830785751,-0.11148993670940399,0.0,0.0,-0.0047828578390181065,0.11572684347629547,0.07698716223239899,0.16355201601982117,0.05617520213127136,-0.03622729703783989,0.1272510141134262,1.0460824966430664,-1.656632661819458,-47.13740539550781,-0.28603488206863403,0.22892576456069946,-0.07100056111812592,-0.03459016606211662,0.1896042376756668,-0.35289621353149414,0.07283446192741394,13.442201614379883,9.301163673400879,13.682334899902344,10.824731826782227,-0.015332031063735485,0.09965820610523224,0.013798828236758709,-0.09812500327825546,0.0,-0.018856678158044815,0.09885352104902267,0.013029136694967747,-0.09187763929367065,0.0,0.25147998332977295,0.03389246389269829,-9.947978973388672,0.18784339725971222,-0.286002516746521,-8.571361541748047,0.0,0.0,0.0,0.0,0.0,0.0,0.0,0.0,0.0,0.0,0.0,0.0,-0.015478493645787239,0.0948513075709343,0.010297494940459728,-0.08974604308605194,0.3062206208705902,0.23310033977031708,0.3072351813316345,0.26098671555519104,1.3868911266326904,-0.2045145183801651,0.2110748142004013,0.0,0.0,0.0,0.0,0.0,0.0,0.0
47297636629,0,-0.04383709654211998,0.009577203541994095,-0.8183168172836304,6.569455581484362e-05,-0.04113857448101044,-0.8442511558532715,0.0009168285178020597,-0.02534116804599762,-0.029953470453619957,0.08780602365732193,-0.10143206268548965,-0.025934338569641113,-0.0042970068752765656,0.006080492399632931,-0.10704653710126877,0.0,0.0,-0.0047828578390181065,0.11961090564727783,0.07558087259531021,0.1716538518667221,0.03316511586308479,-0.04902844503521919,0.1226913258433342,1.0460824966430664,-1.656632661819458,-47.13740539550781,-0.28603488206863403,0.22892576456069946,-0.07100056111812592,-0.03459016606211662,0.1896042376756668,-0.35289621353149414,0.07283446192741394,13.442201614379883,9.301163673400879,13.682334899902344,10.824731826782227,-0.015332031063735485,0.09812500327825546,0.010732421651482582,-0.09505859017372131,0.0,-0.018856678158044815,0.09885352104902267,0.013029136694967747,-0.09187763929367065,0.0,0.07265718281269073,0.307452917098999,-9.91537094116211,0.19609056413173676,-0.3041144013404846,-8.556124687194824,0.0,0.0,0.0,0.0,0.0,0.0,0.0,0.0,0.0,0.0,0.0,0.0,-0.01605891063809395,0.0947607159614563,0.010680711828172207,-0.0893220379948616,0.3086297810077667,0.2272452563047409,0.31324464082717896,0.25759655237197876,0.9973574876785278,-0.19251465797424316,0.4858686029911041,0.0,0.0,0.0,0.0,0.0,0.0,0.0
47307088578,0,-0.04419298470020294,0.009715056046843529,-0.8185502886772156,6.569455581484362e-05,-0.04113857448101044,-0.8442511558532715,0.0024561500176787376,-0.031906865537166595,-0.0297249723225832,0.08851779997348785,-0.10170777142047882,-0.025700867176055908,-0.0035089212469756603,0.006844221148639917,-0.10533948242664337,0.0,0.0,-0.0047828578390181065,0.11961090564727783,0.07558087259531021,0.1716538518667221,0.026795731857419014,-0.05496152490377426,0.12064453214406967,1.078498125076294,-1.6726292371749878,-47.058685302734375,-0.2927077114582062,0.2231350541114807,-0.08091921359300613,-0.03515172749757767,0.18991896510124207,-0.35175231099128723,0.07295526564121246,13.653359413146973,9.026123046875,13.926706314086914,10.55591106414795,-0.015332031063735485,0.09505859017372131,0.010732421651482582,-0.09659180045127869,0.0,-0.018184466287493706,0.10371444374322891,0.012339825741946697,-0.09591120481491089,0.0,0.14646434783935547,-0.20832383632659912,-9.883461952209473,0.1929710954427719,-0.2921483516693115,-8.556851387023926,0.0,0.0,0.0,0.0,0.0,0.0,0.0,0.0,0.0,0.0,0.0,0.0,-0.01682961918413639,0.09569563716650009,0.011270730756223202,-0.08977115899324417,0.312688410282135,0.22171294689178467,0.3179296851158142,0.25227704644203186,0.9973574876785278,-0.19251465797424316,0.4858686029911041,0.0,0.0,0.0,0.0,0.0,0.0,0.0
47319268757,0,-0.04419298470020294,0.009715056046843529,-0.8185502886772156,6.569455581484362e-05,-0.04113857448101044,-0.8442511558532715,0.0024561500176787376,-0.031906865537166595,-0.0297249723225832,0.08851779997348785,-0.10170777142047882,-0.025700867176055908,-0.0035089212469756603,0.006844221148639917,-0.10533948242664337,0.0,0.0,-0.0047828578390181065,0.1311073899269104,0.05637035146355629,0.17199358344078064,0.026795731857419014,-0.05496152490377426,0.12064453214406967,1.0275557041168213,-1.5637212991714478,-46.861328125,-0.32012736797332764,0.2383083999156952,-0.07879173010587692,-0.03655046224594116,0.18991896510124207,-0.35175231099128723,0.07295526564121246,13.528501510620117,8.963839530944824,13.841429710388184,10.619547843933105,-0.015332031063735485,0.09199218451976776,0.010732421651482582,-0.09659180045127869,0.0,-0.016949620097875595,0.09792996197938919,0.010825281962752342,-0.09013368934392929,0.0,0.14646434783935547,-0.20832383632659912,-9.883461952209473,0.1929710954427719,-0.2921483516693115,-8.556851387023926,0.0,0.0,0.0,0.0,0.0,0.0,0.0,0.0,0.0,0.0,0.0,0.0,-0.017432713881134987,0.09714403748512268,0.011720117181539536,-0.09067244082689285,0.312688410282135,0.22171294689178467,0.3179296851158142,0.25227704644203186,0.6958514451980591,-0.6707033514976501,0.04906200245022774,0.0,0.0,0.0,0.0,0.0,0.0,0.0
47328208268,0,-0.04483760520815849,0.009930754080414772,-0.8190362453460693,6.569455581484362e-05,-0.04113857448101044,-0.8442511558532715,0.005010975059121847,-0.03673581779003143,-0.036433909088373184,0.08980704843997955,-0.10213916748762131,-0.02521491050720215,-0.0012901299633085728,0.007683609612286091,-0.10219208896160126,0.0,0.0,-0.0047828578390181065,0.1311073899269104,0.05637035146355629,0.17199358344078064,-0.0017548527102917433,-0.061930954456329346,0.11643020808696747,1.0275557041168213,-1.5637212991714478,-46.861328125,-0.32012736797332764,0.2383083999156952,-0.07879173010587692,-0.03655046224594116,0.19112594425678253,-0.34924453496932983,0.07351400703191757,13.528501510620117,8.963839530944824,13.841429710388184,10.619547843933105,-0.015332031063735485,0.09352538734674454,0.009199218824505806,-0.09352538734674454,0.0,-0.016949620097875595,0.09792996197938919,0.010825281962752342,-0.09013368934392929,0.0,0.027479030191898346,0.2716594934463501,-9.697936058044434,0.18921926617622375,-0.2843419015407562,-8.504040718078613,0.0,0.0,0.0,0.0,0.0,0.0,0.0,0.0,0.0,0.0,0.0,0.0,-0.01769714429974556,0.09826825559139252,0.011845878325402737,-0.09128280729055405,0.3102896511554718,0.2204580456018448,0.3162960410118103,0.25353750586509705,0.6958514451980591,-0.6707033514976501,0.04906200245022774,0.0,0.0,0.0,0.0,0.0,0.0,0.0
47337114372,0,-0.04483760520815849,0.009930754080414772,-0.8190362453460693,6.569455581484362e-05,-0.04113857448101044,-0.8442511558532715,0.005010975059121847,-0.03673581779003143,-0.036433909088373184,0.08980704843997955,-0.10213916748762131,-0.02521491050720215,-0.0012901299633085728,0.007683609612286091,-0.10219208896160126,0.0,0.0,-0.0047828578390181065,0.15492993593215942,0.04958134517073631,0.1639881283044815,-0.0017548527102917433,-0.061930954456329346,0.11643020808696747,1.0567792654037476,-1.597424030303955,-47.15313720703125,-0.37824779748916626,0.23316612839698792,-0.07157302647829056,-0.03794844448566437,0.1932293325662613,-0.346992164850235,0.07392969727516174,13.328370094299316,9.138660430908203,13.836915969848633,10.958984375,-0.015332031063735485,0.09505859017372131,0.009199218824505806,-0.09352538734674454,0.0,-0.017437003552913666,0.09832967817783356,0.010833444073796272,-0.08951196074485779,0.0,0.027479030191898346,0.2716594934463501,-9.697936058044434,0.18921926617622375,-0.2843419015407562,-8.504040718078613,0.0,0.0,0.0,0.0,0.0,0.0,0.0,0.0,0.0,0.0,0.0,0.0,-0.017711739987134933,0.098777174949646,0.011719778180122375,-0.0913422629237175,0.3064385652542114,0.22397860884666443,0.3162094056606293,0.2602478563785553,0.8493525385856628,-0.4787156581878662,-0.2869284451007843,0.0,0.0,0.0,0.0,0.0,0.0,0.0
47347519208,0,-0.045450106263160706,0.010125654749572277,-0.8195390701293945,6.569455581484362e-05,-0.04113857448101044,-0.8442511558532715,0.00505613861605525,-0.034215521067380905,-0.02714306302368641,0.09103205800056458,-0.10252897441387177,-0.024712085723876953,0.0025780298747122288,0.008338462561368942,-0.09954321384429932,0.0,0.0,-0.0047828578390181065,0.16339325904846191,0.03810665011405945,0.15867680311203003,-0.02159501612186432,-0.06903184950351715,0.11270671337842941,1.100824236869812,-1.6325477361679077,-47.31227493286133,-0.40166977047920227,0.2452150583267212,-0.06742429733276367,-0.03873135894536972,0.1947304606437683,-0.34585630893707275,0.07404474169015884,13.243258476257324,9.221734046936035,13.786820411682129,11.154248237609863,-0.015332031063735485,0.09505859017372131,0.009199218824505806,-0.09352538734674454,0.0,-0.017375148832798004,0.10039849579334259,0.010582284070551395,-0.09053691476583481,0.0,0.6020094156265259,-0.1708652526140213,-9.938370704650879,0.19214168190956116,-0.29044073820114136,-8.573297500610352,0.0,0.0,0.0,0.0,0.0,0.0,0.0,0.0,0.0,0.0,0.0,0.0,-0.017642881721258163,0.09902188181877136,0.011482243426144123,-0.0911097303032875,0.3047984540462494,0.22564935684204102,0.3152492940425873,0.2640969455242157,0.7517396211624146,-0.7537348866462708,-0.3724651038646698,0.0,0.0,0.0,0.0,0.0,0.0,0.0
47358277348,0,-0.04573850706219673,0.010211248882114887,-0.8197804689407349,6.569455581484362e-05,-0.04113857448101044,-0.8442511558532715,0.00195332826115191,-0.030964002013206482,-0.022897867485880852,0.09160886704921722,-0.10270015895366669,-0.02447068691253662,0.004081916995346546,0.008567445911467075,-0.0983598604798317,0.0,0.0,-0.0047828578390181065,0.16339325904846191,0.03810665011405945,0.15867680311203003,-0.0360286608338356,-0.07007195055484772,0.1108960509300232,1.100824236869812,-1.6325477361679077,-47.31227493286133,-0.40166977047920227,0.2452150583267212,-0.06742429733276367,-0.03873135894536972,0.1947304606437683,-0.34585630893707275,0.07404474169015884,13.243258476257324,9.221734046936035,13.786820411682129,11.154248237609863,-0.016865234822034836,0.09505859017372131,0.009199218824505806,-0.09352538734674454,0.0,-0.017375148832798004,0.10039849579334259,0.010582284070551395,-0.09053691476583481,0.0,0.6020094156265259,-0.1708652526140213,-9.938370704650879,0.20014986395835876,-0.29682686924934387,-8.602231979370117,0.0,0.0,0.0,0.0,0.0,0.0,0.0,0.0,0.0,0.0,0.0,0.0,-0.017562465742230415,0.099300816655159,0.011210939846932888,-0.09084238857030869,0.3047984540462494,0.22564935684204102,0.3152492940425873,0.2640969455242157,0.7517396211624146,-0.7537348866462708,-0.3724651038646698,0.0,0.0,0.0,0.0,0.0,0.0,0.0
47368652904,0,-0.04573850706219673,0.010211248882114887,-0.8197804689407349,6.569455581484362e-05,-0.04113857448101044,-0.8442511558532715,0.00195332826115191,-0.030964002013206482,-0.022897867485880852,0.09160886704921722,-0.10270015895366669,-0.02447068691253662,0.004081916995346546,0.008567445911467075,-0.0983598604798317,0.0,0.0,-0.0047828578390181065,0.1652495115995407,0.012238819152116776,0.14219875633716583,-0.0360286608338356,-0.07007195055484772,0.1108960509300232,1.100824236869812,-1.6325477361679077,-47.31227493286133,-0.40166977047920227,0.2452150583267212,-0.06742429733276367,-0.03873135894536972,0.1947304606437683,-0.34585630893707275,0.07404474169015884,13.243258476257324,9.221734046936035,13.786820411682129,11.154248237609863,-0.016865234822034836,0.09659180045127869,0.010732421651482582,-0.09199218451976776,0.0,-0.017375148832798004,0.10039849579334259,0.010582284070551395,-0.09053691476583481,0.0,0.3479302227497101,-0.17229057848453522,-10.072772979736328,0.20014986395835876,-0.29682686924934387,-8.602231979370117,0.0,0.0,0.0,0.0,0.0,0.0,0.0,0.0,0.0,0.0,0.0,0.0,-0.017488347366452217,0.09964054822921753,0.010961505584418774,-0.09065453708171844,0.3047984540462494,0.22564935684204102,0.3152492940425873,0.2640969455242157,0.32759737968444824,-1.163878321647644,-0.6504718065261841,0.0,0.0,0.0,0.0,0.0,0.0,0.0
47378000484,0,-0.046574514359235764,0.010476090013980865,-0.8205259442329407,6.569455581484362e-05,-0.04113857448101044,-0.8442511558532715,0.011929268948733807,-0.023300930857658386,-0.03374253585934639,0.09328088909387589,-0.10322984308004379,-0.02372521162033081,0.008329282514750957,0.008774994872510433,-0.09404954314231873,0.0,0.0,0.07792392373085022,0.1652495115995407,0.012238819152116776,0.14219875633716583,-0.06745114177465439,-0.06856795400381088,0.10715623944997787,1.000687837600708,-1.677978277206421,-47.04076385498047,-0.425753653049469,0.2750283479690552,-0.05320185050368309,-0.03975852206349373,0.1979118287563324,-0.34417611360549927,0.07385553419589996,12.826986312866211,9.431903839111328,13.356100082397461,11.521498680114746,-0.015332031063735485,0.09659180045127869,0.010732421651482582,-0.09352538734674454,0.0,-0.022039232775568962,0.09597477316856384,0.014693638309836388,-0.0860557034611702,0.0,0.08973671495914459,0.5104590654373169,-10.19076919555664,0.1846514195203781,-0.31552207469940186,-8.50803279876709,0.0,0.0,0.0,0.0,0.0,0.0,0.0,0.0,0.0,0.0,0.0,0.0,-0.017646167427301407,0.09974342584609985,0.010958517901599407,-0.0903337150812149,0.2967565655708313,0.22986923158168793,0.30697259306907654,0.2713155746459961,0.32759737968444824,-1.163878321647644,-0.6504718065261841,0.0,0.0,0.0,0.0,0.0,0.0,0.0
47387742511,0,-0.04686545208096504,0.010604344308376312,-0.8207827806472778,6.569455581484362e-05,-0.04113857448101044,-0.8442511558532715,0.011014498770236969,-0.027330616489052773,-0.03499545529484749,0.09386276453733444,-0.10348635911941528,-0.023468375205993652,0.009998269379138947,0.009048898704349995,-0.09251616895198822,0.0,0.0,0.20073093473911285,0.1671341359615326,0.01070255134254694,0.14444853365421295,-0.0818898156285286,-0.06918804347515106,0.20453813672065735,1.015582799911499,-1.7353713512420654,-46.79418182373047,-0.4520624279975891,0.2702428996562958,0.013815026730298996,-0.04055914655327797,0.19984768331050873,-0.3433641493320465,0.07369408011436462,11.034733772277832,11.027303695678711,11.673922538757324,13.168037414550781,-0.012265625409781933,0.09812500327825546,0.015332031063735485,-0.08892577886581421,0.0,-0.027060575783252716,0.08430200070142746,0.018023833632469177,-0.0772862359881401,0.0,0.08973671495914459,0.5104590654373169,-10.19076919555664,0.18676146864891052,-0.3079954981803894,-8.498337745666504,0.0,0.0,0.0,0.0,0.0,0.0,0.0,0.0,0.0,0.0,0.0,0.0,-0.01855090633034706,0.09876417368650436,0.011610242538154125,-0.08918869495391846,0.2617417871952057,0.26159536838531494,0.2743034362792969,0.3033478558063507,0.31908199191093445,-0.6769354939460754,-0.18827567994594574,0.0,0.0,0.0,0.0,0.0,0.0,0.0
47397498838,0,-0.04686545208096504,0.010604344308376312,-0.8207827806472778,6.569455581484362e-05,-0.04113857448101044,-0.8442511558532715,0.011014498770236969,-0.027330616489052773,-0.03499545529484749,0.09386276453733444,-0.10348635911941528,-0.023468375205993652,0.009998269379138947,0.009048898704349995,-0.09251616895198822,0.0,0.0,0.20073093473911285,0.16086937487125397,0.00674813985824585,0.17577722668647766,-0.0818898156285286,-0.06918804347515106,0.20453813672065735,1.0702372789382935,-1.6171647310256958,-46.83747482299805,-0.46685755252838135,0.2711569666862488,0.08423306047916412,-0.041877444833517075,0.2038026601076126,-0.3418240547180176,0.07370903342962265,9.255719184875488,12.790985107421875,9.951793670654297,14.960906982421875,-0.010732421651482582,0.09659180045127869,0.016865234822034836,-0.08892577886581421,0.0,-0.02581251971423626,0.07078242301940918,0.014857081696391106,-0.06659993529319763,0.0,0.11202080547809601,0.13204823434352875,-10.120207786560059,0.18676146864891052,-0.3079954981803894,-8.498337745666504,0.0,0.0,0.0,0.0,0.0,0.0,0.0,0.0,0.0,0.0,0.0,0.0,-0.020276915282011032,0.09552869200706482,0.012814534828066826,-0.08634079992771149,0.22633224725723267,0.2960594594478607,0.24026696383953094,0.33763331174850464,-0.07641472667455673,-0.36004626750946045,1.275028944015503,0.0,0.0,0.0,0.0,0.0,0.0,0.0
47407338256,0,-0.04737924784421921,0.010876837186515331,-0.8213472366333008,6.569455581484362e-05,-0.04113857448101044,-0.8442511558532715,0.008297753520309925,-0.03141174465417862,-0.030547361820936203,0.09489036351442337,-0.10403134673833847,-0.022903919219970703,0.012436418794095516,0.00922868400812149,-0.08899130672216415,0.0,0.0,0.20073093473911285,0.16086937487125397,0.00674813985824585,0.17577722668647766,-0.10294967144727707,-0.0675194263458252,0.3475304841995239,1.0702372789382935,-1.6171647310256958,-46.83747482299805,-0.46685755252838135,0.2711569666862488,0.08423306047916412,-0.041877444833517075,0.2038026601076126,-0.3418240547180176,0.07370903342962265,9.255719184875488,12.790985107421875,9.951793670654297,14.960906982421875,-0.015332031063735485,0.09505859017372131,0.016865234822034836,-0.08739257603883743,0.0,-0.02581251971423626,0.07078242301940918,0.014857081696391106,-0.06659993529319763,0.0,-0.11805173754692078,-0.1252015382051468,-9.805086135864258,0.1933441162109375,-0.3010607957839966,-8.531206130981445,0.0,0.0,0.0,0.0,0.0,0.0,0.0,0.0,0.0,0.0,0.0,0.0,-0.02220483124256134,0.08999475836753845,0.013929813168942928,-0.08179040998220444,0.22633224725723267,0.2960594594478607,0.24026696383953094,0.33763331174850464,-0.07641472667455673,-0.36004626750946045,1.275028944015503,0.0,0.0,0.0,0.0,0.0,0.0,0.0
47418144940,0,-0.04788617044687271,0.011336416937410831,-0.8219636678695679,6.569455581484362e-05,-0.04113857448101044,-0.8442511558532715,0.013397331349551678,-0.03280173987150192,-0.030824612826108932,0.09590420871973038,-0.10495050996541977,-0.022287487983703613,0.014927753247320652,0.008752482943236828,-0.08343172818422318,0.0,0.0,0.3285504877567291,0.14385582506656647,-0.005514412187039852,0.25820496678352356,-0.10294967144727707,-0.0675194263458252,0.3475304841995239,1.0414502620697021,-1.6578865051269531,-46.953651428222656,-0.46810176968574524,0.29174578189849854,0.11019245535135269,-0.04290509223937988,0.2038026601076126,-0.3418240547180176,0.07370903342962265,8.663398742675781,13.443650245666504,9.305901527404785,15.66936206817627,-0.019931640475988388,0.09352538734674454,0.010732421651482582,-0.09045898169279099,0.0,-0.030544618144631386,0.06757202744483948,0.018409479409456253,-0.06392589211463928,0.0,-0.11805173754692078,-0.1252015382051468,-9.805086135864258,0.1845545470714569,-0.3018776774406433,-8.524101257324219,0.0,0.0,0.0,0.0,0.0,0.0,0.0,0.0,0.0,0.0,0.0,0.0,-0.024037020280957222,0.08357980847358704,0.01481330581009388,-0.07662604749202728,0.22633224725723267,0.2960594594478607,0.24026696383953094,0.33763331174850464,-0.7872238159179688,-0.5390534996986389,3.4032952785491943,0.0,0.0,0.0,0.0,0.0,0.0,0.0
47427192897,0,-0.04788617044687271,0.011336416937410831,-0.8219636678695679,6.569455581484362e-05,-0.04113857448101044,-0.8442511558532715,0.013397331349551678,-0.03280173987150192,-0.030824612826108932,0.09590420871973038,-0.10495050996541977,-0.022287487983703613,0.014927753247320652,0.008752482943236828,-0.08343172818422318,0.0,0.0,0.3285504877567291,0.12778474390506744,-0.013587359338998795,0.2985744774341583,-0.12895874679088593,-0.05827860161662102,0.4918748438358307,1.0414502620697021,-1.6578865051269531,-46.953651428222656,-0.46810176968574524,0.29174578189849854,0.11019245535135269,-0.04290509223937988,0.20812171697616577,-0.3404201567173004,0.07543531805276871,4.917599678039551,17.214696884155273,5.528542995452881,19.446306228637695,-0.016865234822034836,0.09812500327825546,0.010732421651482582,-0.08432617038488388,0.0,-0.05382847785949707,0.05275404825806618,0.03099091723561287,-0.05149759724736214,0.0,0.09889054298400879,-0.35793113708496094,-10.071967124938965,0.1845545470714569,-0.3018776774406433,-8.524101257324219,0.0,0.0,0.0,0.0,0.0,0.0,0.0,0.0,0.0,0.0,0.0,0.0,-0.026994764804840088,0.07693550735712051,0.016327936202287674,-0.07129264622926712,0.21439170837402344,0.30865779519081116,0.22734032571315765,0.3510175943374634,-1.1671361923217773,-0.6208701729774475,3.611222505569458,0.0,0.0,0.0,0.0,0.0,0.0,0.0
47438384898,0,-0.04811953380703926,0.011539749801158905,-0.8222795128822327,6.569455581484362e-05,-0.04113857448101044,-0.8442511558532715,0.019695870578289032,-0.030636925250291824,-0.02898048609495163,0.09637094289064407,-0.10535717755556107,-0.02197164297103882,0.016070235520601273,0.008365396410226822,-0.08039209991693497,0.0,0.0,0.5390768051147461,0.12778474390506744,-0.013587359338998795,0.2985744774341583,-0.1377553790807724,-0.05091613158583641,0.739436686038971,0.9517922401428223,-1.6971104145050049,-46.948856353759766,-0.4642678201198578,0.30867433547973633,0.26058948040008545,-0.043332040309906006,0.2103990614414215,-0.339794397354126,0.07727701961994171,4.917599678039551,17.214696884155273,5.528542995452881,19.446306228637695,-0.012265625409781933,0.09352538734674454,0.013798828236758709,-0.08739257603883743,0.0,-0.06320496648550034,0.05168982967734337,0.039154089987277985,-0.05060334503650665,0.0,0.09889054298400879,-0.35793113708496094,-10.071967124938965,0.17305313050746918,-0.30856552720069885,-8.536155700683594,0.0,0.0,0.0,0.0,0.0,0.0,0.0,0.0,0.0,0.0,0.0,0.0,-0.032759394496679306,0.06984010338783264,0.019574744626879692,-0.06554897874593735,0.1370111107826233,0.3799029588699341,0.14986176788806915,0.4208976626396179,-1.1671361923217773,-0.6208701729774475,3.611222505569458,0.0,0.0,0.0,0.0,0.0,0.0,0.0
47447514054,0,-0.04811953380703926,0.011539749801158905,-0.8222795128822327,6.569455581484362e-05,-0.04113857448101044,-0.8442511558532715,0.019695870578289032,-0.030636925250291824,-0.02898048609495163,0.09637094289064407,-0.10535717755556107,-0.02197164297103882,0.016070235520601273,0.008365396410226822,-0.08039209991693497,0.0,0.0,0.5390768051147461,0.11184341460466385,-0.027947930619120598,0.3352155089378357,-0.1377553790807724,-0.05091613158583641,0.739436686038971,0.9203609824180603,-1.7429882287979126,-46.88761901855469,-0.4542931914329529,0.3315117061138153,0.22869330644607544,-0.04361959546804428,0.2103990614414215,-0.339794397354126,0.07727701961994171,5.755655765533447,16.3704833984375,6.254965782165527,18.6531982421875,-0.012265625409781933,0.09199218451976776,0.013798828236758709,-0.08585937321186066,0.0,-0.058803096413612366,0.05465134233236313,0.03892771527171135,-0.053047891706228256,0.0,0.07288549095392227,-0.24781015515327454,-9.726076126098633,0.17305313050746918,-0.30856552720069885,-8.536155700683594,0.0,0.0,0.0,0.0,0.0,0.0,0.0,0.0,0.0,0.0,0.0,0.0,-0.04057692363858223,0.06318699568510056,0.024397462606430054,-0.060120318084955215,0.1370111107826233,0.3799029588699341,0.14986176788806915,0.4208976626396179,-1.3469270467758179,-0.9816725850105286,3.5469112396240234,0.0,0.0,0.0,0.0,0.0,0.0,0.0
47457322691,0,-0.04847244173288345,0.011994859203696251,-0.8231620192527771,6.569455581484362e-05,-0.04113857448101044,-0.8442511558532715,0.027978193014860153,-0.018441731110215187,-0.029407136142253876,0.09707675874233246,-0.10626740008592606,-0.021089136600494385,0.018846161663532257,0.006659096106886864,-0.06848623603582382,0.0,0.0,0.6393274068832397,0.10153926908969879,-0.04478393867611885,0.3968425393104553,-0.15513545274734497,-0.03438926488161087,0.7273211479187012,0.8316768407821655,-1.727369785308838,-46.925655364990234,-0.4552718997001648,0.35777541995048523,0.16409477591514587,-0.04374348744750023,0.21473705768585205,-0.339090496301651,0.08236709237098694,7.427824020385742,14.708545684814453,7.835697650909424,17.09640884399414,-0.015332031063735485,0.08739257603883743,0.015332031063735485,-0.07972656190395355,0.0,-0.04905456304550171,0.058312930166721344,0.03435315191745758,-0.055730998516082764,0.0,0.38006192445755005,0.5244193077087402,-9.609231948852539,0.1583023965358734,-0.33781126141548157,-8.523996353149414,0.0,0.0,0.0,0.0,0.0,0.0,0.0,0.0,0.0,0.0,0.0,0.0,-0.04753825441002846,0.05837215110659599,0.029249969869852066,-0.05615638568997383,0.1370111107826233,0.3799029588699341,0.14986176788806915,0.4208976626396179,-1.141592025756836,-1.2436028718948364,4.691057205200195,0.0,0.0,0.0,0.0,0.0,0.0,0.0
47467231942,0,-0.04847244173288345,0.011994859203696251,-0.8231620192527771,6.569455581484362e-05,-0.04113857448101044,-0.8442511558532715,0.027978193014860153,-0.018441731110215187,-0.029407136142253876,0.09707675874233246,-0.10626740008592606,-0.021089136600494385,0.018846161663532257,0.006659096106886864,-0.06848623603582382,0.0,0.0,0.6393274068832397,0.07284728437662125,-0.04705299064517021,0.5403822064399719,-0.15513545274734497,-0.03438926488161087,0.7273211479187012,0.8780171275138855,-1.7983630895614624,-47.047401428222656,-0.43932783603668213,0.36520642042160034,0.10865163058042526,-0.043659426271915436,0.21864977478981018,-0.3389764428138733,0.09042562544345856,8.883111000061035,13.351181983947754,9.207980155944824,15.722042083740234,-0.019931640475988388,0.08125976473093033,0.012265625409781933,-0.07819335907697678,0.0,-0.0419849269092083,0.06736989319324493,0.03018878400325775,-0.06324636191129684,0.0,0.38006192445755005,0.5244193077087402,-9.609231948852539,0.1583023965358734,-0.33781126141548157,-8.523996353149414,0.0,0.0,0.0,0.0,0.0,0.0,0.0,0.0,0.0,0.0,0.0,0.0,-0.05136530473828316,0.056242119520902634,0.03259708732366562,-0.05435130000114441,0.2188299298286438,0.3068779408931732,0.2253727912902832,0.35200902819633484,-1.4573179483413696,-0.38180434703826904,6.432522773742676,0.0,0.0,0.0,0.0,0.0,0.0,0.0
47477375901,0,-0.04859943315386772,0.01204641442745924,-0.823647677898407,6.569455581484362e-05,-0.04113857448101044,-0.8442511558532715,0.026944033801555634,-0.03050847165286541,-0.02246311865746975,0.097330741584301,-0.10637050867080688,-0.020603477954864502,0.01980016753077507,0.0059067015536129475,-0.057381629943847656,0.0,0.0,0.7947158813476562,0.05339764058589935,-0.04878394305706024,0.6018156409263611,-0.16240394115447998,-0.02464105933904648,0.833372950553894,0.8683235049247742,-1.736936330795288,-47.15862274169922,-0.42053377628326416,0.37537258863449097,0.19425362348556519,-0.04347772151231766,0.2205413579940796,-0.33895501494407654,0.09616115689277649,6.807226181030273,15.548328399658203,7.059385299682617,17.87398910522461,-0.024531250819563866,0.07666015625,0.013798828236758709,-0.07206054776906967,0.0,-0.05207989737391472,0.05623117461800575,0.036816421896219254,-0.05420340225100517,0.0,0.12518379092216492,-0.39673683047294617,-9.485699653625488,0.15787699818611145,-0.3158065974712372,-8.574295043945312,0.0,0.0,0.0,0.0,0.0,0.0,0.0,0.0,0.0,0.0,0.0,0.0,-0.05230839550495148,0.056316256523132324,0.03429669514298439,-0.05434105172753334,0.17646169662475586,0.34873729944229126,0.18166100978851318,0.3921007513999939,-1.583530306816101,-0.28867754340171814,5.984518527984619,0.0,0.0,0.0,0.0,0.0,0.0,0.0
47487071189,0,-0.048644665628671646,0.011999229900538921,-0.8238426446914673,6.569455581484362e-05,-0.04113857448101044,-0.8442511558532715,0.025161853060126305,-0.02972571551799774,-0.014775402843952179,0.09742120653390884,-0.10627613961696625,-0.0204085111618042,0.019816622138023376,0.005333344452083111,-0.05169546976685524,0.0,0.0,0.7947158813476562,0.05339764058589935,-0.04878394305706024,0.6018156409263611,-0.1624300628900528,-0.015253136865794659,1.0108586549758911,0.8683235049247742,-1.736936330795288,-47.15862274169922,-0.42053377628326416,0.37537258863449097,0.19425362348556519,-0.04347772151231766,0.2205413579940796,-0.33895501494407654,0.09616115689277649,6.807226181030273,15.548328399658203,7.059385299682617,17.87398910522461,-0.027597656473517418,0.07359375059604645,0.016865234822034836,-0.06899414211511612,0.0,-0.05207989737391472,0.05623117461800575,0.036816421896219254,-0.05420340225100517,0.0,0.006301860325038433,0.11613325774669647,-9.091249465942383,0.16102124750614166,-0.3181972801685333,-8.630098342895508,0.0,0.0,0.0,0.0,0.0,0.0,0.0,0.0,0.0,0.0,0.0,0.0,-0.05226435884833336,0.056850865483284,0.03529179468750954,-0.05472777411341667,0.17646169662475586,0.34873729944229126,0.18166100978851318,0.3921007513999939,-1.583530306816101,-0.28867754340171814,5.984518527984619,0.0,0.0,0.0,0.0,0.0,0.0,0.0
47497231517,0,-0.048644665628671646,0.011999229900538921,-0.8238426446914673,6.569455581484362e-05,-0.04113857448101044,-0.8442511558532715,0.025161853060126305,-0.02972571551799774,-0.014775402843952179,0.09742120653390884,-0.10627613961696625,-0.0204085111618042,0.019816622138023376,0.005333344452083111,-0.05169546976685524,0.0,0.0,0.7947158813476562,0.021012021228671074,-0.08873586356639862,0.6842788457870483,-0.1624300628900528,-0.015253136865794659,1.0108586549758911,0.8158226609230042,-1.7044445276260376,-47.250038146972656,-0.3866676092147827,0.44917112588882446,0.12023653090000153,-0.0428406186401844,0.2205413579940796,-0.33895501494407654,0.09616115689277649,8.863885879516602,13.625675201416016,8.754895210266113,16.10843849182129,-0.029130859300494194,0.06746093928813934,0.019931640475988388,-0.06899414211511612,0.0,-0.04070911183953285,0.06201706826686859,0.0305715873837471,-0.058239370584487915,0.0,0.006301860325038433,0.11613325774669647,-9.091249465942383,0.16102124750614166,-0.3181972801685333,-8.630098342895508,0.0,0.0,0.0,0.0,0.0,0.0,0.0,0.0,0.0,0.0,0.0,0.0,-0.05168411135673523,0.05726635456085205,0.03577445074915886,-0.05500739440321922,0.17646169662475586,0.34873729944229126,0.18166100978851318,0.3921007513999939,-1.4948457479476929,-1.6908677816390991,4.879638671875,0.0,0.0,0.0,0.0,0.0,0.0,0.0
47507298996,0,-0.04862292483448982,0.012011074461042881,-0.8242182731628418,6.569455581484362e-05,-0.04113857448101044,-0.8442511558532715,0.03375471383333206,-0.03126176819205284,-0.023228980600833893,0.0973777249455452,-0.10629982501268387,-0.020032882690429688,0.01955370232462883,0.002780585316941142,-0.03927264362573624,0.0,0.0,0.8448412418365479,0.021012021228671074,-0.08873586356639862,0.6842788457870483,-0.16554775834083557,0.012364569120109081,1.0491214990615845,0.8158226609230042,-1.7044445276260376,-47.250038146972656,-0.3866676092147827,0.44917112588882446,0.12023653090000153,-0.0428406186401844,0.2236420065164566,-0.33951714634895325,0.10770034790039062,8.863885879516602,13.625675201416016,8.754895210266113,16.10843849182129,-0.03066406212747097,0.06439453363418579,0.02299804612994194,-0.06746093928813934,0.0,-0.04070911183953285,0.06201706826686859,0.0305715873837471,-0.058239370584487915,0.0,0.45516258478164673,-0.26313766837120056,-9.580491065979004,0.1418711245059967,-0.3175213634967804,-8.557229995727539,0.0,0.0,0.0,0.0,0.0,0.0,0.0,0.0,0.0,0.0,0.0,0.0,-0.04989810660481453,0.058080416172742844,0.0353398434817791,-0.05555511265993118,0.21844206750392914,0.3121567964553833,0.2162412852048874,0.3592674136161804,-1.4948457479476929,-1.6908677816390991,4.879638671875,0.0,0.0,0.0,0.0,0.0,0.0,0.0
47517061557,0,-0.04862292483448982,0.012011074461042881,-0.8242182731628418,6.569455581484362e-05,-0.04113857448101044,-0.8442511558532715,0.03375471383333206,-0.03126176819205284,-0.023228980600833893,0.0973777249455452,-0.10629982501268387,-0.020032882690429688,0.01955370232462883,0.002780585316941142,-0.03927264362573624,0.0,0.0,0.8448412418365479,0.021012021228671074,-0.08873586356639862,0.6842788457870483,-0.16122354567050934,0.01939181052148342,1.0405900478363037,0.7802911996841431,-1.7463674545288086,-47.06476593017578,-0.37622618675231934,0.4727333188056946,0.11751282215118408,-0.04244398698210716,0.22495673596858978,-0.3402370512485504,0.11349423974752426,8.941610336303711,13.478545188903809,8.717581748962402,16.009410858154297,-0.032197266817092896,0.06439453363418579,0.024531250819563866,-0.06439453363418579,0.0,-0.04337204247713089,0.06289496272802353,0.03389487415552139,-0.05871443450450897,0.0,-0.3615979850292206,0.2202790528535843,-10.098983764648438,0.1418711245059967,-0.3175213634967804,-8.557229995727539,0.0,0.0,0.0,0.0,0.0,0.0,0.0,0.0,0.0,0.0,0.0,0.0,-0.04744695872068405,0.0592476986348629,0.03439953550696373,-0.05634171888232231,0.2200099676847458,0.309329092502594,0.2154873162508011,0.357409805059433,-1.4948457479476929,-1.6908677816390991,4.879638671875,0.0,0.0,0.0,0.0,0.0,0.0,0.0
47526905997,0,-0.04862292483448982,0.012011074461042881,-0.8242182731628418,6.569455581484362e-05,-0.04113857448101044,-0.8442511558532715,0.03375471383333206,-0.03126176819205284,-0.023228980600833893,0.0973777249455452,-0.10629982501268387,-0.020032882690429688,0.01955370232462883,0.002780585316941142,-0.03927264362573624,0.0,0.0,0.8448412418365479,-0.025463609024882317,-0.1115056574344635,0.8025928139686584,-0.16122354567050934,0.01939181052148342,1.0405900478363037,0.7179588675498962,-1.7476320266723633,-47.39832305908203,-0.33810847997665405,0.4984164237976074,0.09455040097236633,-0.04134675860404968,0.22766299545764923,-0.3424801826477051,0.1279408037662506,9.707406044006348,12.99029541015625,9.271424293518066,15.503992080688477,-0.03373046964406967,0.06286133080720901,0.026064453646540642,-0.05672851577401161,0.0,-0.04214387387037277,0.06368870288133621,0.03442462161183357,-0.05915863811969757,0.0,-0.3615979850292206,0.2202790528535843,-10.098983764648438,0.1418711245059967,-0.3175213634967804,-8.557229995727539,0.0,0.0,0.0,0.0,0.0,0.0,0.0,0.0,0.0,0.0,0.0,0.0,-0.045310016721487045,0.060490917414426804,0.033715084195137024,-0.0571649894118309,0.2353864461183548,0.29991549253463745,0.22664791345596313,0.3479013442993164,-1.7087088823318481,-0.7115728855133057,3.79939603805542,0.0,0.0,0.0,0.0,0.0,0.0,0.0
47537601965,0,-0.04845592379570007,0.011908945627510548,-0.8247500061988831,6.569455581484362e-05,-0.04113857448101044,-0.8442511558532715,0.037539951503276825,-0.03272143378853798,-0.014850042760372162,0.0970437228679657,-0.1060955673456192,-0.019501149654388428,0.019137157127261162,-0.00033058159169740975,-0.01720726676285267,0.0,0.0,0.9049915671348572,-0.025463609024882317,-0.1115056574344635,0.8025928139686584,-0.15299616754055023,0.03731486201286316,1.0947773456573486,0.7179588675498962,-1.7476320266723633,-47.39832305908203,-0.33810847997665405,0.4984164237976074,0.09455040097236633,-0.04134675860404968,0.22766299545764923,-0.3424801826477051,0.1279408037662506,9.707406044006348,12.99029541015625,9.271424293518066,15.503992080688477,-0.03526367247104645,0.06132812425494194,0.026064453646540642,-0.055195312947034836,0.0,-0.04214387387037277,0.06368870288133621,0.03442462161183357,-0.05915863811969757,0.0,-0.040030110627412796,-0.2502739131450653,-9.850017547607422,0.1305379718542099,-0.31775128841400146,-8.617877006530762,0.0,0.0,0.0,0.0,0.0,0.0,0.0,0.0,0.0,0.0,0.0,0.0,-0.043731458485126495,0.06165580824017525,0.03348495066165924,-0.0579172782599926,0.2353864461183548,0.29991549253463745,0.22664791345596313,0.3479013442993164,-1.7087088823318481,-0.7115728855133057,3.79939603805542,0.0,0.0,0.0,0.0,0.0,0.0,0.0
47547124444,0,-0.04814508557319641,0.011811874806880951,-0.8252338767051697,6.569455581484362e-05,-0.04113857448101044,-0.8442511558532715,0.039906930178403854,-0.034395378082990646,-0.016994303092360497,0.09642204642295837,-0.10590142756700516,-0.019017279148101807,0.01691444031894207,-0.004290723241865635,0.0063344864174723625,0.0,0.0,0.9125103950500488,-0.07095745950937271,-0.12652285397052765,0.8468616008758545,-0.15299616754055023,0.03731486201286316,1.0947773456573486,0.7179588675498962,-1.7476320266723633,-47.39832305908203,-0.33810847997665405,0.4984164237976074,0.09455040097236633,-0.04134675860404968,0.22766299545764923,-0.3424801826477051,0.1279408037662506,9.707406044006348,12.99029541015625,9.271424293518066,15.503992080688477,-0.03526367247104645,0.059794921427965164,0.026064453646540642,-0.055195312947034836,0.0,-0.04214387387037277,0.06368870288133621,0.03442462161183357,-0.05915863811969757,0.0,-0.040030110627412796,-0.2502739131450653,-9.850017547607422,0.12127909809350967,-0.31688863039016724,-8.597183227539062,0.0,0.0,0.0,0.0,0.0,0.0,0.0,0.0,0.0,0.0,0.0,0.0,-0.042662154883146286,0.06260383129119873,0.03354516252875328,-0.058516331017017365,0.2353864461183548,0.29991549253463745,0.22664791345596313,0.3479013442993164,-2.071018695831299,-0.7973950505256653,2.715131998062134,0.0,0.0,0.0,0.0,0.0,0.0,0.0
47557064046,0,-0.04814508557319641,0.011811874806880951,-0.8252338767051697,6.569455581484362e-05,-0.04113857448101044,-0.8442511558532715,0.039906930178403854,-0.034395378082990646,-0.016994303092360497,0.09642204642295837,-0.10590142756700516,-0.019017279148101807,0.01691444031894207,-0.004290723241865635,0.0063344864174723625,0.0,0.0,0.9125103950500488,-0.08884497731924057,-0.12646068632602692,0.8570758700370789,-0.12611691653728485,0.05778990313410759,1.0813839435577393,0.6670350432395935,-1.7428874969482422,-47.284507751464844,-0.23882664740085602,0.5420396327972412,0.033324792981147766,-0.039517760276794434,0.22962678968906403,-0.3469221591949463,0.14860579371452332,11.444231033325195,11.495983123779297,10.542012214660645,13.857688903808594,-0.03526367247104645,0.05826171860098839,0.026064453646540642,-0.05672851577401161,0.0,-0.036998726427555084,0.07043778151273727,0.032012373208999634,-0.06462936848402023,0.0,-0.23638096451759338,-0.21659837663173676,-9.64792537689209,0.12127909809350967,-0.31688863039016724,-8.597183227539062,0.0,0.0,0.0,0.0,0.0,0.0,0.0,0.0,0.0,0.0,0.0,0.0,-0.0418032631278038,0.06358160823583603,0.033625777810811996,-0.05918185040354729,0.26979899406433105,0.2708148658275604,0.2520015835762024,0.31660768389701843,-1.917839527130127,-0.38238218426704407,1.885163426399231,0.0,0.0,0.0,0.0,0.0,0.0,0.0
47567997037,0,-0.04803730174899101,0.01182355172932148,-0.8253898024559021,6.569455581484362e-05,-0.04113857448101044,-0.8442511558532715,0.045286957174539566,-0.032445281744003296,-0.015131588093936443,0.09620647877454758,-0.10592477768659592,-0.018861353397369385,0.01596529595553875,-0.005388892255723476,0.014198855496942997,0.0,0.0,0.9125103950500488,-0.10878787934780121,-0.12250372022390366,0.8577854633331299,-0.11722323298454285,0.06483299285173416,1.0720951557159424,0.6670350432395935,-1.7428874969482422,-47.284507751464844,-0.23882664740085602,0.5420396327972412,0.033324792981147766,-0.039517760276794434,0.22962678968906403,-0.3469221591949463,0.14860579371452332,11.444231033325195,11.495983123779297,10.542012214660645,13.857688903808594,-0.03373046964406967,0.05826171860098839,0.026064453646540642,-0.055195312947034836,0.0,-0.036998726427555084,0.07043778151273727,0.032012373208999634,-0.06462936848402023,0.0,0.11191119998693466,-0.34882068634033203,-9.637378692626953,0.10892099887132645,-0.3216734528541565,-8.609702110290527,0.0,0.0,0.0,0.0,0.0,0.0,0.0,0.0,0.0,0.0,0.0,0.0,-0.04073163494467735,0.06501629203557968,0.0334789901971817,-0.06026200205087662,0.26979899406433105,0.2708148658275604,0.2520015835762024,0.31660768389701843,-1.8924713134765625,0.046667274087667465,1.024548053741455,0.0,0.0,0.0,0.0,0.0,0.0,0.0
47577396600,0,-0.04803730174899101,0.01182355172932148,-0.8253898024559021,6.569455581484362e-05,-0.04113857448101044,-0.8442511558532715,0.045286957174539566,-0.032445281744003296,-0.015131588093936443,0.09620647877454758,-0.10592477768659592,-0.018861353397369385,0.01596529595553875,-0.005388892255723476,0.014198855496942997,0.0,0.0,0.9125103950500488,-0.12659767270088196,-0.10817971080541611,0.8584572076797485,-0.11722323298454285,0.06483299285173416,1.0720951557159424,0.5285857319831848,-1.7822265625,-47.359619140625,-0.17778755724430084,0.5262375473976135,0.017485085874795914,-0.038301218301057816,0.22968056797981262,-0.35030052065849304,0.1607738733291626,11.932181358337402,11.230947494506836,10.884129524230957,13.3632173538208,-0.032197266817092896,0.05826171860098839,0.027597656473517418,-0.06439453363418579,0.0,-0.04064589738845825,0.06909311562776566,0.036905888468027115,-0.06429731100797653,0.0,0.11191119998693466,-0.34882068634033203,-9.637378692626953,0.10892099887132645,-0.3216734528541565,-8.609702110290527,0.0,0.0,0.0,0.0,0.0,0.0,0.0,0.0,0.0,0.0,0.0,0.0,-0.03968402370810509,0.06666027009487152,0.03336191549897194,-0.061583809554576874,0.26979899406433105,0.2708148658275604,0.2520015835762024,0.31660768389701843,-1.9518303871154785,0.7397376894950867,0.6386623978614807,0.0,0.0,0.0,0.0,0.0,0.0,0.0
47587640811,0,-0.047836173325777054,0.011751990765333176,-0.8257125020027161,6.569455581484362e-05,-0.04113857448101044,-0.8442511558532715,0.05166231840848923,-0.0351373590528965,-0.02089705318212509,0.09580421447753906,-0.1057816594839096,-0.01853865385055542,0.013328167609870434,-0.00722514558583498,0.029874807223677635,0.0,0.0,0.9125103950500488,-0.12659767270088196,-0.10817971080541611,0.8584572076797485,-0.09422297030687332,0.07515469938516617,1.053583025932312,0.5285857319831848,-1.7822265625,-47.359619140625,-0.17778755724430084,0.5262375473976135,0.017485085874795914,-0.038301218301057816,0.22968056797981262,-0.35030052065849304,0.1607738733291626,11.932181358337402,11.230947494506836,10.884129524230957,13.3632173538208,-0.03373046964406967,0.05826171860098839,0.027597656473517418,-0.06439453363418579,0.0,-0.04064589738845825,0.06909311562776566,0.036905888468027115,-0.06429731100797653,0.0,0.08631350100040436,-0.5741880536079407,-10.157285690307617,0.09335298091173172,-0.31710177659988403,-8.561845779418945,0.0,0.0,0.0,0.0,0.0,0.0,0.0,0.0,0.0,0.0,0.0,0.0,-0.0391780361533165,0.06797975301742554,0.03373255208134651,-0.06274992227554321,0.2793554663658142,0.2656068801879883,0.2587698996067047,0.30710965394973755,-1.9518303871154785,0.7397376894950867,0.6386623978614807,0.0,0.0,0.0,0.0,0.0,0.0,0.0
47600139252,0,-0.04757094383239746,0.0114045524969697,-0.8260440230369568,6.569455581484362e-05,-0.04113857448101044,-0.8442511558532715,0.05408259853720665,-0.03279745578765869,-0.01817142590880394,0.09527375549077988,-0.1050867810845375,-0.018207132816314697,0.010152018629014492,-0.00901740975677967,0.044988181442022324,0.0,0.0,0.9125103950500488,-0.17211218178272247,-0.08783295005559921,0.8443341851234436,-0.09422297030687332,0.07515469938516617,1.053583025932312,0.5285857319831848,-1.7822265625,-47.359619140625,-0.17778755724430084,0.5262375473976135,0.017485085874795914,-0.038301218301057816,0.22968056797981262,-0.35030052065849304,0.1607738733291626,12.0800142288208,11.212064743041992,10.822941780090332,13.080044746398926,-0.03373046964406967,0.05826171860098839,0.026064453646540642,-0.06439453363418579,0.0,-0.040148209780454636,0.06920965015888214,0.03711462393403053,-0.06569129973649979,0.0,0.08631350100040436,-0.5741880536079407,-10.157285690307617,0.08515560626983643,-0.3215775191783905,-8.583977699279785,0.0,0.0,0.0,0.0,0.0,0.0,0.0,0.0,0.0,0.0,0.0,0.0,-0.03917708620429039,0.06883951276540756,0.03451003506779671,-0.06367327272891998,0.2793554663658142,0.2656068801879883,0.2587698996067047,0.30710965394973755,-2.2924628257751465,0.8748469352722168,-0.4299635589122772,0.0,0.0,0.0,0.0,0.0,0.0,0.0
47607097154,0,-0.04757094383239746,0.0114045524969697,-0.8260440230369568,6.569455581484362e-05,-0.04113857448101044,-0.8442511558532715,0.05408259853720665,-0.03279745578765869,-0.01817142590880394,0.09527375549077988,-0.1050867810845375,-0.018207132816314697,0.010152018629014492,-0.00901740975677967,0.044988181442022324,0.0,0.0,0.9125103950500488,-0.18703676760196686,-0.08501661568880081,0.8322137594223022,-0.05434253811836243,0.08514135330915451,1.0332295894622803,0.3921786844730377,-1.817541241645813,-47.336570739746094,-0.058761268854141235,0.5237460732460022,0.013145267963409424,-0.03650170564651489,0.22739079594612122,-0.35498669743537903,0.1762801706790924,12.210762977600098,11.304774284362793,10.810220718383789,13.06660270690918,-0.03373046964406967,0.05826171860098839,0.026064453646540642,-0.06439453363418579,0.0,-0.04453426972031593,0.06564579904079437,0.04296015948057175,-0.06286796927452087,0.0,-0.20045806467533112,-0.18565216660499573,-9.7377290725708,0.08515560626983643,-0.3215775191783905,-8.583977699279785,0.0,0.0,0.0,0.0,0.0,0.0,0.0,0.0,0.0,0.0,0.0,0.0,-0.03958111256361008,0.06916087120771408,0.035633061081171036,-0.06430520862340927,0.2822411358356476,0.26523521542549133,0.25756120681762695,0.3016493022441864,-1.966654658317566,0.5882937908172607,-0.8821612000465393,0.0,0.0,0.0,0.0,0.0,0.0,0.0
47617038676,0,-0.04741509258747101,0.011208957992494106,-0.8262061476707458,6.569455581484362e-05,-0.04113857448101044,-0.8442511558532715,0.05990257114171982,-0.027978524565696716,-0.015092953108251095,0.09496205300092697,-0.10469558835029602,-0.018045008182525635,0.00871275644749403,-0.009918945841491222,0.05246413126587868,0.0,0.0,0.9125103950500488,-0.18703676760196686,-0.08501661568880081,0.8322137594223022,-0.03807379677891731,0.08962568640708923,1.0243499279022217,0.3921786844730377,-1.817541241645813,-47.336570739746094,-0.058761268854141235,0.5237460732460022,0.013145267963409424,-0.03650170564651489,0.22739079594612122,-0.35498669743537903,0.1762801706790924,12.210762977600098,11.304774284362793,10.810220718383789,13.06660270690918,-0.03373046964406967,0.05826171860098839,0.027597656473517418,-0.06132812425494194,0.0,-0.04453426972031593,0.06564579904079437,0.04296015948057175,-0.06286796927452087,0.0,0.22249086201190948,0.24637405574321747,-9.973176956176758,0.07130521535873413,-0.3304620385169983,-8.606649398803711,0.0,0.0,0.0,0.0,0.0,0.0,0.0,0.0,0.0,0.0,0.0,0.0,-0.04049147292971611,0.06883469969034195,0.037267763167619705,-0.06448103487491608,0.2847900390625,0.2670590579509735,0.25730976462364197,0.3013898730278015,-1.966654658317566,0.5882937908172607,-0.8821612000465393,0.0,0.0,0.0,0.0,0.0,0.0,0.0
47628851492,0,-0.04741509258747101,0.011208957992494106,-0.8262061476707458,6.569455581484362e-05,-0.04113857448101044,-0.8442511558532715,0.05990257114171982,-0.027978524565696716,-0.015092953108251095,0.09496205300092697,-0.10469558835029602,-0.018045008182525635,0.00871275644749403,-0.009918945841491222,0.05246413126587868,0.0,0.0,0.9125103950500488,-0.17676755785942078,-0.04955849051475525,0.8087482452392578,-0.03807379677891731,0.08962568640708923,1.0243499279022217,0.3921786844730377,-1.817541241645813,-47.336570739746094,-0.058761268854141235,0.5237460732460022,0.013145267963409424,-0.03650170564651489,0.22739079594612122,-0.35498669743537903,0.1762801706790924,12.248575210571289,11.3052978515625,10.877721786499023,13.017203330993652,-0.03373046964406967,0.059794921427965164,0.027597656473517418,-0.05826171860098839,0.0,-0.04439670965075493,0.06564276665449142,0.04269341379404068,-0.06310686469078064,0.0,0.22249086201190948,0.24637405574321747,-9.973176956176758,0.07130521535873413,-0.3304620385169983,-8.606649398803711,0.0,0.0,0.0,0.0,0.0,0.0,0.0,0.0,0.0,0.0,0.0,0.0,-0.04167885705828667,0.06808570772409439,0.03910982608795166,-0.06428087502717972,0.2847900390625,0.2670590579509735,0.25730976462364197,0.3013898730278015,-0.20291408896446228,1.5337252616882324,-1.2388595342636108,0.0,0.0,0.0,0.0,0.0,0.0,0.0
47637435494,0,-0.04702526703476906,0.010819959454238415,-0.8267025351524353,6.569455581484362e-05,-0.04113857448101044,-0.8442511558532715,0.06122948229312897,-0.03138445317745209,-0.011763709597289562,0.09418239444494247,-0.10391759127378464,-0.01754862070083618,0.003603551769629121,-0.010685000568628311,0.07335833460092545,0.0,0.0,0.9074978828430176,-0.170819491147995,-0.032797034829854965,0.8007663488388062,-0.014055246487259865,0.0885373130440712,1.0022231340408325,0.40965890884399414,-1.8032407760620117,-47.42043685913086,-0.06432439386844635,0.48209619522094727,0.0119871124625206,-0.03532383590936661,0.22474242746829987,-0.35805872082710266,0.18447044491767883,12.189367294311523,11.3527250289917,10.932714462280273,13.003639221191406,-0.03373046964406967,0.06132812425494194,0.027597656473517418,-0.05826171860098839,0.0,-0.04358464479446411,0.06558040529489517,0.04156707227230072,-0.06316075474023819,0.0,0.29613545536994934,-0.3342191278934479,-9.56070327758789,0.06444506347179413,-0.32326966524124146,-8.627683639526367,0.0,0.0,0.0,0.0,0.0,0.0,0.0,0.0,0.0,0.0,0.0,0.0,-0.04273322969675064,0.06726381927728653,0.040637388825416565,-0.06395725905895233,0.28437307476997375,0.26800161600112915,0.2597293555736542,0.30017340183258057,0.05658135563135147,1.6850405931472778,-1.114250659942627,0.0,0.0,0.0,0.0,0.0,0.0,0.0
47647500639,0,-0.0468326099216938,0.010685165412724018,-0.8268559575080872,6.569455581484362e-05,-0.04113857448101044,-0.8442511558532715,0.05708765238523483,-0.03761005774140358,-0.014556610025465488,0.09379708021879196,-0.10364799946546555,-0.017395198345184326,0.0017935626674443483,-0.01073747780174017,0.08057183772325516,0.0,0.0,0.9074978828430176,-0.170819491147995,-0.032797034829854965,0.8007663488388062,-0.014055246487259865,0.0885373130440712,1.0022231340408325,0.3544478416442871,-1.7779831886291504,-47.4522590637207,-0.06432439386844635,0.48209619522094727,0.0119871124625206,-0.03532383590936661,0.22474242746829987,-0.35805872082710266,0.18447044491767883,12.41123104095459,11.15135383605957,11.200860023498535,12.746166229248047,-0.03373046964406967,0.06286133080720901,0.029130859300494194,-0.05672851577401161,0.0,-0.04365912824869156,0.06420966982841492,0.041517697274684906,-0.06220182776451111,0.0,0.29613545536994934,-0.3342191278934479,-9.56070327758789,0.07198969274759293,-0.3113497793674469,-8.6049222946167,0.0,0.0,0.0,0.0,0.0,0.0,0.0,0.0,0.0,0.0,0.0,0.0,-0.04344978928565979,0.0664886087179184,0.04160989448428154,-0.06360439956188202,0.28437307476997375,0.26800161600112915,0.2597293555736542,0.30017340183258057,0.05658135563135147,1.6850405931472778,-1.114250659942627,0.0,0.0,0.0,0.0,0.0,0.0,0.0
47658324777,0,-0.0468326099216938,0.010685165412724018,-0.8268559575080872,6.569455581484362e-05,-0.04113857448101044,-0.8442511558532715,0.05708765238523483,-0.03761005774140358,-0.014556610025465488,0.09379708021879196,-0.10364799946546555,-0.017395198345184326,0.0017935626674443483,-0.01073747780174017,0.08057183772325516,0.0,0.0,0.9074978828430176,-0.1698990911245346,-0.010895423591136932,0.8099476099014282,-1.0379898412793409e-05,0.08654525130987167,0.9877679347991943,0.3633914589881897,-1.6883174180984497,-47.203636169433594,-0.02308407425880432,0.44500234723091125,-0.05452285706996918,-0.03378765285015106,0.2208196520805359,-0.3611048460006714,0.19308115541934967,13.813133239746094,9.746191024780273,12.528005599975586,11.16636848449707,-0.03526367247104645,0.06132812425494194,0.027597656473517418,-0.059794921427965164,0.0,-0.03657899424433708,0.07071863859891891,0.03446612507104874,-0.06830396503210068,0.0,-0.24446281790733337,-0.6538612246513367,-9.77009391784668,0.07198969274759293,-0.3113497793674469,-8.6049222946167,0.0,0.0,0.0,0.0,0.0,0.0,0.0,0.0,0.0,0.0,0.0,0.0,-0.04351077601313591,0.06605032831430435,0.04174814373254776,-0.06349778920412064,0.28869113326072693,0.26403987407684326,0.2650146484375,0.29519134759902954,-0.09818540513515472,1.1470355987548828,-0.0011652834946289659,0.0,0.0,0.0,0.0,0.0,0.0,0.0
47667175768,0,-0.04652510955929756,0.010476240888237953,-0.8271617293357849,6.569455581484362e-05,-0.04113857448101044,-0.8442511558532715,0.06048237159848213,-0.039112821221351624,-0.01764250174164772,0.09318207949399948,-0.10323014110326767,-0.017089426517486572,-0.0016537084011361003,-0.011026205494999886,0.09525387734174728,0.0,0.0,0.8899539709091187,-0.1698990911245346,-0.010895423591136932,0.8099476099014282,0.026854634284973145,0.0844724252820015,0.9496262669563293,0.3633914589881897,-1.6883174180984497,-47.203636169433594,-0.02308407425880432,0.44500234723091125,-0.05452285706996918,-0.03378765285015106,0.2208196520805359,-0.3611048460006714,0.19308115541934967,13.813133239746094,9.746191024780273,12.528005599975586,11.16636848449707,-0.03526367247104645,0.059794921427965164,0.029130859300494194,-0.06132812425494194,0.0,-0.03657899424433708,0.07071863859891891,0.03446612507104874,-0.06830396503210068,0.0,-0.0006050790543667972,-0.3908627927303314,-9.971779823303223,0.06246841698884964,-0.3077763319015503,-8.581086158752441,0.0,0.0,0.0,0.0,0.0,0.0,0.0,0.0,0.0,0.0,0.0,0.0,-0.04258828982710838,0.06639594584703445,0.040797702968120575,-0.06405072659254074,0.3157537877559662,0.2361619472503662,0.290959894657135,0.2643355429172516,-0.09818540513515472,1.1470355987548828,-0.0011652834946289659,0.0,0.0,0.0,0.0,0.0,0.0,0.0
47722376231,0,-0.04652510955929756,0.010476240888237953,-0.8271617293357849,6.569455581484362e-05,-0.04113857448101044,-0.8442511558532715,0.06048237159848213,-0.039112821221351624,-0.01764250174164772,0.09318207949399948,-0.10323014110326767,-0.017089426517486572,-0.0016537084011361003,-0.011026205494999886,0.09525387734174728,0.0,0.0,0.8899539709091187,-0.1638510823249817,0.007114197127521038,0.7820751667022705,0.051218431442976,0.07597801834344864,0.9179897904396057,0.31319886445999146,-1.7252190113067627,-47.092655181884766,-0.010217249393463135,0.4246189594268799,-0.04010399803519249,-0.03298119828104973,0.21780240535736084,-0.3626997470855713,0.19727584719657898,13.411515235900879,10.133491516113281,12.152501106262207,11.445796966552734,-0.03373046964406967,0.059794921427965164,0.03066406212747097,-0.06132812425494194,0.0,-0.039907168596982956,0.06763344258069992,0.03813929110765457,-0.06614571064710617,0.0,-0.0006050790543667972,-0.3908627927303314,-9.971779823303223,0.06246841698884964,-0.3077763319015503,-8.581086158752441,0.0,0.0,0.0,0.0,0.0,0.0,0.0,0.0,0.0,0.0,0.0,0.0,-0.04117925092577934,0.0672212541103363,0.03933136537671089,-0.06500793993473053,0.3157537877559662,0.2361619472503662,0.290959894657135,0.2643355429172516,0.15868133306503296,1.0921834707260132,-1.0556271076202393,0.0,0.0,0.0,0.0,0.0,0.0,0.0
47722435554,0,-0.0466749407351017,0.010378941893577576,-0.8274901509284973,6.569455581484362e-05,-0.04113857448101044,-0.8442511558532715,0.0660126805305481,-0.033941276371479034,-0.0196753591299057,0.09348174184560776,-0.10303554683923721,-0.01676100492477417,-0.004066566936671734,-0.010821820236742496,0.10879924893379211,0.0,0.0,0.8799289464950562,-0.1503634750843048,0.018905090168118477,0.7713679075241089,0.051218431442976,0.07597801834344864,0.9179897904396057,0.31319886445999146,-1.7252190113067627,-47.092655181884766,-0.010217249393463135,0.4246189594268799,-0.04010399803519249,-0.03298119828104973,0.21780240535736084,-0.3626997470855713,0.19727584719657898,13.411515235900879,10.133491516113281,12.152501106262207,11.445796966552734,-0.032197266817092896,0.059794921427965164,0.032197266817092896,-0.06286133080720901,0.0,-0.039907168596982956,0.06763344258069992,0.03813929110765457,-0.06614571064710617,0.0,0.2045859694480896,-0.2960524260997772,-10.045206069946289,0.049260836094617844,-0.31738728284835815,-8.566316604614258,0.0,0.0,0.0,0.0,0.0,0.0,0.0,0.0,0.0,0.0,0.0,0.0,-0.040098000317811966,0.06784553825855255,0.038220781832933426,-0.06578822433948517,0.3080393373966217,0.2438872903585434,0.28365465998649597,0.2698298692703247,0.6682100892066956,1.2112370729446411,-1.047288417816162,0.0,0.0,0.0,0.0,0.0,0.0,0.0
47722463740,0,-0.046794939786195755,0.010386258363723755,-0.8276709318161011,6.569455581484362e-05,-0.04113857448101044,-0.8442511558532715,0.0645088404417038,-0.03325702250003815,-0.020146101713180542,0.09372173994779587,-0.10305017977952957,-0.01658022403717041,-0.00496701942756772,-0.010439150035381317,0.11549884080886841,0.0,0.0,0.8799289464950562,-0.1503634750843048,0.018905090168118477,0.7713679075241089,0.06024478003382683,0.07121951133012772,0.909709632396698,0.2709346115589142,-1.7456300258636475,-47.114742279052734,-0.021062105894088745,0.40826383233070374,-0.048670072108507156,-0.032663095742464066,0.21640832722187042,-0.3632717728614807,0.19860178232192993,13.590703010559082,9.931623458862305,12.413156509399414,11.230870246887207,-0.032197266817092896,0.06132812425494194,0.03066406212747097,-0.06286133080720901,0.0,-0.0409870408475399,0.06826542317867279,0.039152372628450394,-0.06669312715530396,0.0,-0.1145617663860321,-0.04638931527733803,-10.097249031066895,0.051633335649967194,-0.3195158839225769,-8.563133239746094,0.0,0.0,0.0,0.0,0.0,0.0,0.0,0.0,0.0,0.0,0.0,0.0,-0.03958083316683769,0.06814258545637131,0.03770627826452255,-0.06626319885253906,0.31148502230644226,0.23986466228961945,0.2887284457683563,0.2656053304672241,0.6682100892066956,1.2112370729446411,-1.047288417816162,0.0,0.0,0.0,0.0,0.0,0.0,0.0
47722489992,0,-0.046794939786195755,0.010386258363723755,-0.8276709318161011,6.569455581484362e-05,-0.04113857448101044,-0.8442511558532715,0.0645088404417038,-0.03325702250003815,-0.020146101713180542,0.09372173994779587,-0.10305017977952957,-0.01658022403717041,-0.00496701942756772,-0.010439150035381317,0.11549884080886841,0.0,0.0,0.8799289464950562,-0.10949549823999405,0.03022114746272564,0.7533330917358398,0.06024478003382683,0.07121951133012772,0.909709632396698,0.2599341869354248,-1.8394147157669067,-47.385902404785156,-0.04916967451572418,0.3931194841861725,-0.0593029223382473,-0.03205413743853569,0.21355998516082764,-0.3642677962779999,0.2007237672805786,13.858772277832031,9.711257934570312,12.813491821289062,11.054915428161621,-0.03373046964406967,0.06132812425494194,0.03066406212747097,-0.06592773646116257,0.0,-0.0428214892745018,0.07290688902139664,0.04087372124195099,-0.07035014033317566,0.0,-0.1145617663860321,-0.04638931527733803,-10.097249031066895,0.051633335649967194,-0.3195158839225769,-8.563133239746094,0.0,0.0,0.0,0.0,0.0,0.0,0.0,0.0,0.0,0.0,0.0,0.0,-0.0396207794547081,0.06849630922079086,0.03775275498628616,-0.06671957671642303,0.3166283667087555,0.23546330630779266,0.29649531841278076,0.26213985681533813,1.535681128501892,0.6521733999252319,-0.882526695728302,0.0,0.0,0.0,0.0,0.0,0.0,0.0
47722516468,0,-0.04704851657152176,0.010385759174823761,-0.8280647993087769,6.569455581484362e-05,-0.04113857448101044,-0.8442511558532715,0.06526448577642441,-0.02600601688027382,-0.013226567767560482,0.09422889351844788,-0.10304918140172958,-0.01618635654449463,-0.006739356555044651,-0.00980544462800026,0.12868300080299377,0.0,0.0,0.8749163746833801,-0.10949549823999405,0.03022114746272564,0.7533330917358398,0.07025162130594254,0.06559457629919052,0.8873883485794067,0.2599341869354248,-1.8394147157669067,-47.385902404785156,-0.04916967451572418,0.3931194841861725,-0.0593029223382473,-0.03205413743853569,0.21355998516082764,-0.3642677962779999,0.2007237672805786,13.858772277832031,9.711257934570312,12.813491821289062,11.054915428161621,-0.03526367247104645,0.06132812425494194,0.03066406212747097,-0.06439453363418579,0.0,-0.0428214892745018,0.07290688902139664,0.04087372124195099,-0.07035014033317566,0.0,0.17835082113742828,-0.3470742702484131,-10.067557334899902,0.04726076126098633,-0.3344390392303467,-8.615618705749512,0.0,0.0,0.0,0.0,0.0,0.0,0.0,0.0,0.0,0.0,0.0,0.0,-0.040146417915821075,0.06927002966403961,0.038272105157375336,-0.06744525581598282,0.3166283667087555,0.23546330630779266,0.29649531841278076,0.26213985681533813,1.535681128501892,0.6521733999252319,-0.882526695728302,0.0,0.0,0.0,0.0,0.0,0.0,0.0
47727534864,0,-0.04704851657152176,0.010385759174823761,-0.8280647993087769,6.569455581484362e-05,-0.04113857448101044,-0.8442511558532715,0.06526448577642441,-0.02600601688027382,-0.013226567767560482,0.09520289301872253,-0.10305164009332657,-0.015549540519714355,-0.006739356555044651,-0.00980544462800026,0.12868300080299377,0.0,0.0,0.8724101185798645,-0.08295035362243652,0.04077696427702904,0.7267890572547913,0.07025162130594254,0.06559457629919052,0.8873883485794067,0.2599341869354248,-1.8394147157669067,-47.385902404785156,-0.04916967451572418,0.3931194841861725,-0.0593029223382473,-0.03205413743853569,0.21355998516082764,-0.3642677962779999,0.2007237672805786,13.858772277832031,9.711257934570312,12.813491821289062,11.054915428161621,-0.03526367247104645,0.06132812425494194,0.03066406212747097,-0.06132812425494194,0.0,-0.0428214892745018,0.07290688902139664,0.04087372124195099,-0.07035014033317566,0.0,0.17835082113742828,-0.3470742702484131,-10.067557334899902,0.050543349236249924,-0.3337603807449341,-8.560769081115723,0.0,0.0,0.0,0.0,0.0,0.0,0.0,0.0,0.0,0.0,0.0,0.0,-0.040898554027080536,0.07032164931297302,0.03900759667158127,-0.06833818554878235,0.3166283667087555,0.23546330630779266,0.29649531841278076,0.26213985681533813,1.331525206565857,0.7329581379890442,-1.2067961692810059,0.0,0.0,0.0,0.0,0.0,0.0,0.0
47737136765,0,-0.04753551259636879,0.010386988520622253,-0.8287016153335571,6.569455581484362e-05,-0.04113857448101044,-0.8442511558532715,0.06329513341188431,-0.02730613201856613,-0.019520144909620285,0.09520289301872253,-0.10305164009332657,-0.015549540519714355,-0.009470575489103794,-0.00813407264649868,0.14796578884124756,0.0,0.0,0.8724101185798645,-0.07890504598617554,0.05953795462846756,0.7129242420196533,0.08383725583553314,0.053117863833904266,0.8663235902786255,0.2478988915681839,-1.8335736989974976,-47.32294845581055,-0.06365139782428741,0.37413331866264343,-0.0505983792245388,-0.03166115656495094,0.21142905950546265,-0.3650762438774109,0.20140042901039124,13.420806884765625,9.989506721496582,12.556883811950684,11.17431354522705,-0.03526367247104645,0.06286133080720901,0.032197266817092896,-0.06132812425494194,0.0,-0.04435129463672638,0.07028127461671829,0.04191809147596359,-0.06899191439151764,0.0,-0.23457661271095276,0.0795154720544815,-9.940064430236816,0.050543349236249924,-0.3337603807449341,-8.560769081115723,0.0,0.0,0.0,0.0,0.0,0.0,0.0,0.0,0.0,0.0,0.0,0.0,-0.04169386625289917,0.07119477540254593,0.03976184502243996,-0.06908594816923141,0.31111273169517517,0.23970206081867218,0.2930089831352234,0.26597142219543457,0.8641150593757629,1.2266497611999512,-1.204868197441101,0.0,0.0,0.0,0.0,0.0,0.0,0.0
47747631727,0,-0.047763727605342865,0.010398258455097675,-0.8289235830307007,6.569455581484362e-05,-0.04113857448101044,-0.8442511558532715,0.06484895199537277,-0.029033632948994637,-0.026384342461824417,0.09565932303667068,-0.10307417809963226,-0.0153275728225708,-0.010079177096486092,-0.007252734620124102,0.15454988181591034,0.0,0.0,0.8724101185798645,-0.07890504598617554,0.05953795462846756,0.7129242420196533,0.08755352348089218,0.045601438730955124,0.8585027456283569,0.2779884338378906,-1.8356821537017822,-47.084228515625,-0.052501797676086426,0.33902689814567566,-0.0484340563416481,-0.03150928020477295,0.21031922101974487,-0.36522990465164185,0.20117589831352234,13.420806884765625,9.989506721496582,12.556883811950684,11.17431354522705,-0.03373046964406967,0.06132812425494194,0.032197266817092896,-0.06132812425494194,0.0,-0.043601132929325104,0.07144027948379517,0.04114273190498352,-0.06999833136796951,0.0,0.07349748909473419,0.08029832690954208,-10.20134449005127,0.0479637049138546,-0.3305360674858093,-8.507818222045898,0.0,0.0,0.0,0.0,0.0,0.0,0.0,0.0,0.0,0.0,0.0,0.0,-0.04247020184993744,0.07163020968437195,0.04044673219323158,-0.0695454403758049,0.30821818113327026,0.24101893603801727,0.2915205955505371,0.2644919455051422,0.8641150593757629,1.2266497611999512,-1.204868197441101,0.0,0.0,0.0,0.0,0.0,0.0,0.0
47757329201,0,-0.047763727605342865,0.010398258455097675,-0.8289235830307007,6.569455581484362e-05,-0.04113857448101044,-0.8442511558532715,0.06484895199537277,-0.029033632948994637,-0.026384342461824417,0.09565932303667068,-0.10307417809963226,-0.0153275728225708,-0.010079177096486092,-0.007252734620124102,0.15454988181591034,0.0,0.0,0.8724101185798645,-0.07379305362701416,0.0814204066991806,0.7128946781158447,0.08755352348089218,0.045601438730955124,0.8585027456283569,0.27239376306533813,-1.8523802757263184,-46.71412658691406,-0.04421217739582062,0.3028497099876404,-0.06864209473133087,-0.031331371515989304,0.20800989866256714,-0.3648368716239929,0.20027607679367065,13.795079231262207,9.4553804397583,13.008986473083496,10.507340431213379,-0.03526367247104645,0.059794921427965164,0.032197266817092896,-0.06439453363418579,0.0,-0.042975325137376785,0.0759202241897583,0.0403333455324173,-0.07480576634407043,0.0,0.07349748909473419,0.08029832690954208,-10.20134449005127,0.0479637049138546,-0.3305360674858093,-8.507818222045898,0.0,0.0,0.0,0.0,0.0,0.0,0.0,0.0,0.0,0.0,0.0,0.0,-0.04306643828749657,0.07196251302957535,0.040910426527261734,-0.0700303390622139,0.30821818113327026,0.24101893603801727,0.2915205955505371,0.2644919455051422,0.5636054873466492,1.0088666677474976,-0.27175453305244446,0.0,0.0,0.0,0.0,0.0,0.0,0.0
47766944507,0,-0.0482480525970459,0.010493924841284752,-0.8293895125389099,6.569455581484362e-05,-0.04113857448101044,-0.8442511558532715,0.06366757303476334,-0.029851477593183517,-0.02664327435195446,0.09662798047065735,-0.10326551645994186,-0.014861643314361572,-0.011389355175197124,-0.005366829223930836,0.1675877720117569,0.0,0.0,0.8724101185798645,-0.06896030902862549,0.08000081032514572,0.7117888927459717,0.09564072638750076,0.02952192723751068,0.8430081009864807,0.27239376306533813,-1.8523802757263184,-46.71412658691406,-0.04421217739582062,0.3028497099876404,-0.06864209473133087,-0.031331371515989304,0.20800989866256714,-0.3648368716239929,0.20027607679367065,13.795079231262207,9.4553804397583,13.008986473083496,10.507340431213379,-0.038330078125,0.059794921427965164,0.032197266817092896,-0.06592773646116257,0.0,-0.042975325137376785,0.0759202241897583,0.0403333455324173,-0.07480576634407043,0.0,0.03871272876858711,0.1485223025083542,-10.026337623596191,0.050380632281303406,-0.33068764209747314,-8.510627746582031,0.0,0.0,0.0,0.0,0.0,0.0,0.0,0.0,0.0,0.0,0.0,0.0,-0.04337172955274582,0.07264957576990128,0.04106932878494263,-0.07092823833227158,0.3154074549674988,0.23033995926380157,0.3002766966819763,0.25131428241729736,0.5704094767570496,0.43600231409072876,-0.200099378824234,0.0,0.0,0.0,0.0,0.0,0.0,0.0
47777678405,0,-0.04847663640975952,0.010536227375268936,-0.8296258449554443,6.569455581484362e-05,-0.04113857448101044,-0.8442511558532715,0.06262713670730591,-0.03417952358722687,-0.022867171093821526,0.0970851480960846,-0.10335011780261993,-0.014625310897827148,-0.012301460839807987,-0.004633964039385319,0.17383646965026855,0.0,0.0,0.8849414587020874,-0.06896030902862549,0.08000081032514572,0.7117888927459717,0.1002350002527237,0.022577567026019096,0.8469380736351013,0.27709347009658813,-1.818782091140747,-46.80845260620117,-0.04146857559680939,0.3029685318470001,-0.07356317341327667,-0.03130218759179115,0.20669779181480408,-0.36446723341941833,0.19970932602882385,13.946642875671387,9.359979629516602,13.15114688873291,10.404092788696289,-0.039863280951976776,0.059794921427965164,0.032197266817092896,-0.0705273449420929,0.0,-0.04153400659561157,0.07560420036315918,0.038869135081768036,-0.07456167787313461,0.0,-0.041148725897073746,-0.138861745595932,-9.745794296264648,0.053794343024492264,-0.32309675216674805,-8.540472030639648,0.0,0.0,0.0,0.0,0.0,0.0,0.0,0.0,0.0,0.0,0.0,0.0,-0.04338223859667778,0.0735764279961586,0.04094412177801132,-0.07207409292459488,0.31831133365631104,0.22842618823051453,0.30302172899246216,0.2492658793926239,0.5704094767570496,0.43600231409072876,-0.200099378824234,0.0,0.0,0.0,0.0,0.0,0.0,0.0
47787571093,0,-0.04847663640975952,0.010536227375268936,-0.8296258449554443,6.569455581484362e-05,-0.04113857448101044,-0.8442511558532715,0.06262713670730591,-0.03417952358722687,-0.022867171093821526,0.0970851480960846,-0.10335011780261993,-0.014625310897827148,-0.012301460839807987,-0.004633964039385319,0.17383646965026855,0.0,0.0,0.8849414587020874,-0.05763622745871544,0.10401327908039093,0.6915588974952698,0.1002350002527237,0.022577567026019096,0.8469380736351013,0.27754586935043335,-1.748506784439087,-47.14235305786133,-0.04551364481449127,0.24926188588142395,-0.05911219120025635,-0.03136848658323288,0.20669779181480408,-0.36446723341941833,0.19970932602882385,13.578034400939941,9.881738662719727,12.963422775268555,10.773462295532227,-0.036796875298023224,0.059794921427965164,0.03373046964406967,-0.07206054776906967,0.0,-0.04082426801323891,0.06909358501434326,0.037496332079172134,-0.0697103887796402,0.0,0.33404380083084106,0.009818363934755325,-10.184257507324219,0.053794343024492264,-0.32309675216674805,-8.540472030639648,0.0,0.0,0.0,0.0,0.0,0.0,0.0,0.0,0.0,0.0,0.0,0.0,-0.043080106377601624,0.07412067800760269,0.04050386697053909,-0.07288412749767303,0.31831133365631104,0.22842618823051453,0.30302172899246216,0.2492658793926239,0.5822156071662903,1.0015828609466553,-0.8519939184188843,0.0,0.0,0.0,0.0,0.0,0.0,0.0
47797054019,0,-0.048991505056619644,0.011071708053350449,-0.830105721950531,6.569455581484362e-05,-0.04113857448101044,-0.8442511558532715,0.06493828445672989,-0.03793006017804146,-0.0183040052652359,0.09811489284038544,-0.10442108660936356,-0.014145433902740479,-0.01304833497852087,-0.0022853738628327847,0.18589253723621368,0.0,0.0,0.8774226903915405,-0.05763622745871544,0.10401327908039093,0.6915588974952698,0.10691235959529877,-6.0051566833863035e-05,0.8237183094024658,0.27754586935043335,-1.748506784439087,-47.14235305786133,-0.04551364481449127,0.24926188588142395,-0.05911219120025635,-0.03136848658323288,0.204240083694458,-0.363351047039032,0.19812017679214478,13.578034400939941,9.881738662719727,12.963422775268555,10.773462295532227,-0.03373046964406967,0.06286133080720901,0.03373046964406967,-0.06899414211511612,0.0,-0.04082426801323891,0.06909358501434326,0.037496332079172134,-0.0697103887796402,0.0,0.33404380083084106,0.009818363934755325,-10.184257507324219,0.050462882965803146,-0.3179103136062622,-8.57133674621582,0.0,0.0,0.0,0.0,0.0,0.0,0.0,0.0,0.0,0.0,0.0,0.0,-0.04254798963665962,0.07376105338335037,0.03979569673538208,-0.07292066514492035,0.3112418055534363,0.23886901140213013,0.2993960976600647,0.2565831243991852,0.5822156071662903,1.0015828609466553,-0.8519939184188843,0.0,0.0,0.0,0.0,0.0,0.0,0.0
47807642903,0,-0.048991505056619644,0.011071708053350449,-0.830105721950531,6.569455581484362e-05,-0.04113857448101044,-0.8442511558532715,0.06493828445672989,-0.03793006017804146,-0.0183040052652359,0.09811489284038544,-0.10442108660936356,-0.014145433902740479,-0.01304833497852087,-0.0022853738628327847,0.18589253723621368,0.0,0.0,0.8774226903915405,-0.024779275059700012,0.10637562721967697,0.6844281554222107,0.10691235959529877,-6.0051566833863035e-05,0.8237183094024658,0.25633522868156433,-1.803745150566101,-47.158424377441406,-0.04551364481449127,0.24926188588142395,-0.05911219120025635,-0.03136848658323288,0.204240083694458,-0.363351047039032,0.19812017679214478,13.48618221282959,9.945613861083984,12.94650650024414,10.838955879211426,-0.03373046964406967,0.06286133080720901,0.03526367247104645,-0.06899414211511612,0.0,-0.04310842230916023,0.06986168771982193,0.03963464871048927,-0.07040111720561981,0.0,0.33404380083084106,0.009818363934755325,-10.184257507324219,0.050462882965803146,-0.3179103136062622,-8.57133674621582,0.0,0.0,0.0,0.0,0.0,0.0,0.0,0.0,0.0,0.0,0.0,0.0,-0.042073581367731094,0.07275833934545517,0.039121758192777634,-0.07237810641527176,0.3112418055534363,0.23886901140213013,0.2993960976600647,0.2565831243991852,1.37651526927948,0.2563726603984833,-0.3083608150482178,0.0,0.0,0.0,0.0,0.0,0.0,0.0
47817362733,0,-0.04970219358801842,0.011951442807912827,-0.8308423757553101,6.569455581484362e-05,-0.04113857448101044,-0.8442511558532715,0.06348887830972672,-0.023027688264846802,-0.01987920142710209,0.09953627735376358,-0.10618056356906891,-0.013408780097961426,-0.01266989205032587,0.0003207868430763483,0.2046096920967102,0.0,0.0,0.8774226903915405,-0.010277600958943367,0.09936313331127167,0.6917299628257751,0.09947242587804794,-0.016040179878473282,0.8049226999282837,0.27694177627563477,-1.8807138204574585,-47.09850311279297,-0.0830501988530159,0.23561856150627136,-0.0673866793513298,-0.03158290684223175,0.20184503495693207,-0.3614550828933716,0.1954880803823471,13.699294090270996,9.626604080200195,13.237987518310547,10.597702980041504,-0.03373046964406967,0.06286133080720901,0.03373046964406967,-0.0705273449420929,0.0,-0.04391041025519371,0.07574990391731262,0.040250346064567566,-0.0752926617860794,0.0,0.11693206429481506,-0.4087485074996948,-9.96760082244873,0.046659309417009354,-0.3527193069458008,-8.552894592285156,0.0,0.0,0.0,0.0,0.0,0.0,0.0,0.0,0.0,0.0,0.0,0.0,-0.041962843388319016,0.07196687906980515,0.03881470486521721,-0.07194025814533234,0.3135700821876526,0.23376989364624023,0.3046967089176178,0.2531049847602844,1.4198639392852783,-0.1362425982952118,0.19381244480609894,0.0,0.0,0.0,0.0,0.0,0.0,0.0
47827595489,0,-0.04993393272161484,0.01226227730512619,-0.8310932517051697,6.569455581484362e-05,-0.04113857448101044,-0.8442511558532715,0.058635879307985306,-0.026824602857232094,-0.021340224891901016,0.09999975562095642,-0.10680224001407623,-0.013157904148101807,-0.012833654880523682,0.001485792570747435,0.21098542213439941,0.0,0.0,0.8774226903915405,-0.010277600958943367,0.09936313331127167,0.6917299628257751,0.0995522290468216,-0.025266023352742195,0.7973310947418213,0.2566261887550354,-1.9399561882019043,-47.04092025756836,-0.10154557973146439,0.24233824014663696,-0.08232619613409042,-0.03172306716442108,0.20106324553489685,-0.3606300354003906,0.1943720281124115,14.039130210876465,9.197894096374512,13.614727020263672,10.249175071716309,-0.036796875298023224,0.06286133080720901,0.03373046964406967,-0.07359375059604645,0.0,-0.04486317187547684,0.08077230304479599,0.04119245707988739,-0.0792200043797493,0.0,0.2380453646183014,-0.18228928744792938,-10.004057884216309,0.05725521966814995,-0.34909242391586304,-8.539716720581055,0.0,0.0,0.0,0.0,0.0,0.0,0.0,0.0,0.0,0.0,0.0,0.0,-0.04227470979094505,0.07223574817180634,0.03894366696476936,-0.0722990408539772,0.3200811743736267,0.22516997158527374,0.31194666028022766,0.2461884766817093,1.4198639392852783,-0.1362425982952118,0.19381244480609894,0.0,0.0,0.0,0.0,0.0,0.0,0.0
47838976878,0,-0.04993393272161484,0.01226227730512619,-0.8310932517051697,6.569455581484362e-05,-0.04113857448101044,-0.8442511558532715,0.058635879307985306,-0.026824602857232094,-0.021340224891901016,0.09999975562095642,-0.10680224001407623,-0.013157904148101807,-0.012833654880523682,0.001485792570747435,0.21098542213439941,0.0,0.0,0.8774226903915405,0.01620091311633587,0.10551116615533829,0.684411883354187,0.0995522290468216,-0.025266023352742195,0.7973310947418213,0.2997971177101135,-1.846142053604126,-46.90294647216797,-0.12920406460762024,0.20806659758090973,-0.08205151557922363,-0.032195452600717545,0.19979418814182281,-0.35844746232032776,0.19183729588985443,13.90086841583252,9.182718276977539,13.670008659362793,10.208944320678711,-0.038330078125,0.06286133080720901,0.03373046964406967,-0.07512695342302322,0.0,-0.04185928404331207,0.07889387756586075,0.03744255751371384,-0.07782399654388428,0.0,0.2380453646183014,-0.18228928744792938,-10.004057884216309,0.05725521966814995,-0.34909242391586304,-8.539716720581055,0.0,0.0,0.0,0.0,0.0,0.0,0.0,0.0,0.0,0.0,0.0,0.0,-0.04272320494055748,0.0736248642206192,0.039205603301525116,-0.07350702583789825,0.31743475794792175,0.22486475110054016,0.31300804018974304,0.24538853764533997,1.0135587453842163,0.22463613748550415,-0.3622197210788727,0.0,0.0,0.0,0.0,0.0,0.0,0.0
47847245172,0,-0.05042165517807007,0.01289199385792017,-0.8315837383270264,6.569455581484362e-05,-0.04113857448101044,-0.8442511558532715,0.067345529794693,-0.037696436047554016,-0.02180429920554161,0.10097520798444748,-0.10806167870759964,-0.012667417526245117,-0.012787602841854095,0.0037243219558149576,0.2229878008365631,0.0,0.0,0.8774226903915405,0.021675920113921165,0.10050228238105774,0.6726365685462952,0.09692662954330444,-0.04262332618236542,0.7830360531806946,0.2997971177101135,-1.846142053604126,-46.90294647216797,-0.12920406460762024,0.20806659758090973,-0.08205151557922363,-0.032195452600717545,0.19979418814182281,-0.35844746232032776,0.19183729588985443,13.90086841583252,9.182718276977539,13.670008659362793,10.208944320678711,-0.036796875298023224,0.06439453363418579,0.03526367247104645,-0.07512695342302322,0.0,-0.04185928404331207,0.07889387756586075,0.03744255751371384,-0.07782399654388428,0.0,0.46392160654067993,-0.357278436422348,-9.743931770324707,0.044324252754449844,-0.32764607667922974,-8.533221244812012,0.0,0.0,0.0,0.0,0.0,0.0,0.0,0.0,0.0,0.0,0.0,0.0,-0.042922940105199814,0.07536698132753372,0.039182085543870926,-0.07496213167905807,0.31743475794792175,0.22486475110054016,0.31300804018974304,0.24538853764533997,0.7726964950561523,-0.056745823472738266,-0.7221709489822388,0.0,0.0,0.0,0.0,0.0,0.0,0.0
47859682803,0,-0.05042165517807007,0.01289199385792017,-0.8315837383270264,6.569455581484362e-05,-0.04113857448101044,-0.8442511558532715,0.067345529794693,-0.037696436047554016,-0.02180429920554161,0.10207877308130264,-0.10947078466415405,-0.012184560298919678,-0.012787602841854095,0.0037243219558149576,0.2229878008365631,0.0,0.0,0.8774226903915405,0.02825447916984558,0.08886180818080902,0.6617096662521362,0.08812697231769562,-0.05577763542532921,0.7657347321510315,0.28997766971588135,-1.7744455337524414,-47.003570556640625,-0.14933273196220398,0.2229919582605362,-0.0670260488986969,-0.032794177532196045,0.19884124398231506,-0.3562210202217102,0.18866446614265442,13.541393280029297,9.532540321350098,13.328675270080566,10.665846824645996,-0.03526367247104645,0.06592773646116257,0.03526367247104645,-0.07512695342302322,0.0,-0.041402269154787064,0.07289276272058487,0.036710530519485474,-0.07183569669723511,0.0,0.46392160654067993,-0.357278436422348,-9.743931770324707,0.047773443162441254,-0.33411186933517456,-8.543827056884766,0.0,0.0,0.0,0.0,0.0,0.0,0.0,0.0,0.0,0.0,0.0,0.0,-0.0428038127720356,0.07659774273633957,0.038815759122371674,-0.07592961192131042,0.31053757667541504,0.23188653588294983,0.30644434690475464,0.2544543147087097,0.6553078293800354,-0.5619955062866211,-0.8126019239425659,0.0,0.0,0.0,0.0,0.0,0.0,0.0
47867330355,0,-0.05097343400120735,0.013596544042229652,-0.8320665955543518,6.569455581484362e-05,-0.04113857448101044,-0.8442511558532715,0.06523596495389938,-0.03679078072309494,-0.01996731571853161,0.10207877308130264,-0.10947078466415405,-0.012184560298919678,-0.011324633844196796,0.004875790793448687,0.23450146615505219,0.0,0.0,0.8774226903915405,0.02825447916984558,0.08886180818080902,0.6617096662521362,0.08812697231769562,-0.05577763542532921,0.7657347321510315,0.28997766971588135,-1.7744455337524414,-47.003570556640625,-0.14933273196220398,0.2229919582605362,-0.0670260488986969,-0.032794177532196045,0.19884124398231506,-0.3562210202217102,0.18866446614265442,13.541393280029297,9.532540321350098,13.328675270080566,10.665846824645996,-0.03373046964406967,0.06592773646116257,0.036796875298023224,-0.07512695342302322,0.0,-0.041402269154787064,0.07289276272058487,0.036710530519485474,-0.07183569669723511,0.0,0.16332262754440308,-0.010924998670816422,-9.68800163269043,0.047773443162441254,-0.33411186933517456,-8.543827056884766,0.0,0.0,0.0,0.0,0.0,0.0,0.0,0.0,0.0,0.0,0.0,0.0,-0.042507681995630264,0.07679621130228043,0.038280896842479706,-0.07592624425888062,0.31053757667541504,0.23188653588294983,0.30644434690475464,0.2544543147087097,0.6553078293800354,-0.5619955062866211,-0.8126019239425659,0.0,0.0,0.0,0.0,0.0,0.0,0.0
47877230786,0,-0.05123287811875343,0.013972507789731026,-0.8323131203651428,6.569455581484362e-05,-0.04113857448101044,-0.8442511558532715,0.061878643929958344,-0.03487631678581238,-0.01812531240284443,0.1025976613163948,-0.1102227121591568,-0.011938035488128662,-0.010753246024250984,0.005263959523290396,0.24036391079425812,0.0,0.0,0.8774226903915405,0.04231356829404831,0.07111423462629318,0.6579915881156921,0.07948572188615799,-0.05696588009595871,0.7585170269012451,0.2627539336681366,-1.8376152515411377,-46.991050720214844,-0.1721160113811493,0.24342083930969238,-0.06968815624713898,-0.03311013802886009,0.19849319756031036,-0.3553234040737152,0.18699997663497925,13.602411270141602,9.395772933959961,13.39535140991211,10.664116859436035,-0.03526367247104645,0.06592773646116257,0.038330078125,-0.07512695342302322,0.0,-0.04359334707260132,0.07527545094490051,0.038889579474925995,-0.07307454198598862,0.0,0.161624938249588,0.13825832307338715,-9.593420028686523,0.05313367396593094,-0.34138867259025574,-8.556074142456055,0.0,0.0,0.0,0.0,0.0,0.0,0.0,0.0,0.0,0.0,0.0,0.0,-0.04225914180278778,0.07628343999385834,0.03782859444618225,-0.07522691786289215,0.31053757667541504,0.23188653588294983,0.30644434690475464,0.2544543147087097,1.078606128692627,-1.1583704948425293,-0.5927899479866028,0.0,0.0,0.0,0.0,0.0,0.0,0.0
47887190337,0,-0.05123287811875343,0.013972507789731026,-0.8323131203651428,6.569455581484362e-05,-0.04113857448101044,-0.8442511558532715,0.061878643929958344,-0.03487631678581238,-0.01812531240284443,0.1025976613163948,-0.1102227121591568,-0.011938035488128662,-0.010753246024250984,0.005263959523290396,0.24036391079425812,0.0,0.0,0.8774226903915405,0.07756473869085312,0.05564744397997856,0.660429060459137,0.07948572188615799,-0.05696588009595871,0.7585170269012451,0.2724718451499939,-1.8860958814620972,-46.85408020019531,-0.2324252873659134,0.24254706501960754,-0.08598363399505615,-0.03394808992743492,0.1983429342508316,-0.3535291254520416,0.18313847482204437,13.880901336669922,8.862717628479004,13.86274242401123,10.313733100891113,-0.038330078125,0.06439453363418579,0.03526367247104645,-0.07666015625,0.0,-0.04377211630344391,0.0820384994149208,0.0385013185441494,-0.07765121757984161,0.0,0.161624938249588,0.13825832307338715,-9.593420028686523,0.05313367396593094,-0.34138867259025574,-8.556074142456055,0.0,0.0,0.0,0.0,0.0,0.0,0.0,0.0,0.0,0.0,0.0,0.0,-0.04229027405381203,0.07604733109474182,0.03768349066376686,-0.07463978230953217,0.31705242395401,0.21841830015182495,0.31670457124710083,0.24747160077095032,1.5905603170394897,-0.7497287392616272,-0.011284113861620426,0.0,0.0,0.0,0.0,0.0,0.0,0.0
47897856077,0,-0.051650434732437134,0.014804912731051445,-0.8328148126602173,6.569455581484362e-05,-0.04113857448101044,-0.8442511558532715,0.06335261464118958,-0.03596865013241768,-0.022206688299775124,0.1034327819943428,-0.11188753694295883,-0.0114363431930542,-0.00972579326480627,0.006708961445838213,0.2525781989097595,0.0,0.0,0.8774226903915405,0.07756473869085312,0.05564744397997856,0.660429060459137,0.05938798561692238,-0.06283191591501236,0.7445542812347412,0.2724718451499939,-1.8860958814620972,-46.85408020019531,-0.2324252873659134,0.24254706501960754,-0.08598363399505615,-0.03394808992743492,0.1983429342508316,-0.3535291254520416,0.18313847482204437,13.880901336669922,8.862717628479004,13.86274242401123,10.313733100891113,-0.039863280951976776,0.06286133080720901,0.03373046964406967,-0.07819335907697678,0.0,-0.04377211630344391,0.0820384994149208,0.0385013185441494,-0.07765121757984161,0.0,-0.2727786898612976,-0.12745513021945953,-9.491888999938965,0.049540333449840546,-0.3429265320301056,-8.51892375946045,0.0,0.0,0.0,0.0,0.0,0.0,0.0,0.0,0.0,0.0,0.0,0.0,-0.042570777237415314,0.07672475278377533,0.03778094798326492,-0.07469557970762253,0.31705242395401,0.21841830015182495,0.31670457124710083,0.24747160077095032,1.5905603170394897,-0.7497287392616272,-0.011284113861620426,0.0,0.0,0.0,0.0,0.0,0.0,0.0
47907048088,0,-0.05207112804055214,0.015735404565930367,-0.8332909941673279,6.569455581484362e-05,-0.04113857448101044,-0.8442511558532715,0.06583600491285324,-0.03541749343276024,-0.02888568304479122,0.10427416861057281,-0.11374852061271667,-0.010960161685943604,-0.007501269690692425,0.007872072048485279,0.264518678188324,0.0,0.0,0.8749163746833801,0.08815155923366547,0.057905253022909164,0.6617447733879089,0.05156904458999634,-0.06937922537326813,0.7306131720542908,0.24602508544921875,-1.9540897607803345,-46.6108512878418,-0.2467718869447708,0.22956734895706177,-0.09265746176242828,-0.03442806005477905,0.19862008094787598,-0.35255685448646545,0.1813184916973114,13.945585250854492,8.632081985473633,14.011360168457031,10.088874816894531,-0.038330078125,0.06286133080720901,0.03373046964406967,-0.07819335907697678,0.0,-0.046003084629774094,0.08588279038667679,0.04044037684798241,-0.0808979943394661,0.0,-0.2727786898612976,-0.12745513021945953,-9.491888999938965,0.04300437122583389,-0.3474060595035553,-8.46708869934082,0.0,0.0,0.0,0.0,0.0,0.0,0.0,0.0,0.0,0.0,0.0,0.0,-0.04303332790732384,0.07821578532457352,0.03805125504732132,-0.07541819661855698,0.31705242395401,0.21841830015182495,0.31670457124710083,0.24747160077095032,1.3391830921173096,-0.33107125759124756,0.02447536773979664,0.0,0.0,0.0,0.0,0.0,0.0,0.0
47917400173,0,-0.05207112804055214,0.015735404565930367,-0.8332909941673279,6.569455581484362e-05,-0.04113857448101044,-0.8442511558532715,0.06583600491285324,-0.03541749343276024,-0.02888568304479122,0.10427416861057281,-0.11374852061271667,-0.010960161685943604,-0.007501269690692425,0.007872072048485279,0.264518678188324,0.0,0.0,0.8749163746833801,0.10258739441633224,0.027428612112998962,0.6368569135665894,0.05156904458999634,-0.06937922537326813,0.7306131720542908,0.25491777062416077,-1.904083251953125,-46.72473907470703,-0.2762822210788727,0.27055370807647705,-0.0717724934220314,-0.03543216735124588,0.19957409799098969,-0.3509027659893036,0.1775975525379181,13.468982696533203,9.074973106384277,13.499468803405762,10.748276710510254,-0.03526367247104645,0.06592773646116257,0.03526367247104645,-0.07819335907697678,0.0,-0.046165481209754944,0.07995413988828659,0.04034992307424545,-0.07467066496610641,0.0,-0.43409350514411926,0.12906858325004578,-9.346549987792969,0.04300437122583389,-0.3474060595035553,-8.46708869934082,0.0,0.0,0.0,0.0,0.0,0.0,0.0,0.0,0.0,0.0,0.0,0.0,-0.043713390827178955,0.07991302013397217,0.038531430065631866,-0.0763477012515068,0.3091451823711395,0.22269684076309204,0.3097314238548279,0.256085067987442,0.9128056168556213,-1.3506181240081787,-0.9789365530014038,0.0,0.0,0.0,0.0,0.0,0.0,0.0
47928214908,0,-0.05255093425512314,0.016793809831142426,-0.833766758441925,6.569455581484362e-05,-0.04113857448101044,-0.8442511558532715,0.061215437948703766,-0.04019645228981972,-0.018468433991074562,0.10523378849029541,-0.11586534976959229,-0.010484397411346436,-0.005371366627514362,0.007768844719976187,0.27540215849876404,0.0,0.0,0.8824352025985718,0.10258739441633224,0.027428612112998962,0.6368569135665894,0.03500732406973839,-0.06642663478851318,0.7176616191864014,0.25491777062416077,-1.904083251953125,-46.72473907470703,-0.2762822210788727,0.27055370807647705,-0.0717724934220314,-0.03543216735124588,0.19957409799098969,-0.3509027659893036,0.1775975525379181,13.468982696533203,9.074973106384277,13.499468803405762,10.748276710510254,-0.03373046964406967,0.06746093928813934,0.038330078125,-0.07666015625,0.0,-0.046165481209754944,0.07995413988828659,0.04034992307424545,-0.07467066496610641,0.0,0.002880493411794305,-0.39525172114372253,-9.515534400939941,0.053519509732723236,-0.3456413745880127,-8.546244621276855,0.0,0.0,0.0,0.0,0.0,0.0,0.0,0.0,0.0,0.0,0.0,0.0,-0.04449283331632614,0.08102883398532867,0.039107318967580795,-0.07678266614675522,0.3091451823711395,0.22269684076309204,0.3097314238548279,0.256085067987442,0.9128056168556213,-1.3506181240081787,-0.9789365530014038,0.0,0.0,0.0,0.0,0.0,0.0,0.0
47937425209,0,-0.05255093425512314,0.016793809831142426,-0.833766758441925,6.569455581484362e-05,-0.04113857448101044,-0.8442511558532715,0.061215437948703766,-0.04019645228981972,-0.018468433991074562,0.10523378849029541,-0.11586534976959229,-0.010484397411346436,-0.005371366627514362,0.007768844719976187,0.27540215849876404,0.0,0.0,0.8824352025985718,0.1093132495880127,0.0074074468575417995,0.6418631076812744,0.03500732406973839,-0.06642663478851318,0.7176616191864014,0.3110142946243286,-1.9227886199951172,-47.05064392089844,-0.29458487033843994,0.28538453578948975,-0.08139799535274506,-0.03654300048947334,0.19957409799098969,-0.3509027659893036,0.1775975525379181,13.786463737487793,8.863167762756348,13.825973510742188,10.641520500183105,-0.03373046964406967,0.06746093928813934,0.038330078125,-0.07666015625,0.0,-0.04422944411635399,0.08472660183906555,0.03835229575634003,-0.07802753895521164,0.0,0.002880493411794305,-0.39525172114372253,-9.515534400939941,0.053519509732723236,-0.3456413745880127,-8.546244621276855,0.0,0.0,0.0,0.0,0.0,0.0,0.0,0.0,0.0,0.0,0.0,0.0,-0.04509550705552101,0.08159945160150528,0.039527684450149536,-0.07676173001527786,0.3091451823711395,0.22269684076309204,0.3097314238548279,0.256085067987442,0.473292738199234,-0.9780656695365906,-0.032064199447631836,0.0,0.0,0.0,0.0,0.0,0.0,0.0
47947430982,0,-0.05310617759823799,0.017992496490478516,-0.8342403769493103,6.569455581484362e-05,-0.04113857448101044,-0.8442511558532715,0.06467803567647934,-0.03127835690975189,-0.017954327166080475,0.10634427517652512,-0.11826273053884506,-0.010010778903961182,-0.0032877582125365734,0.007989366538822651,0.2875572741031647,0.0,0.0,0.8799289464950562,0.1093132495880127,0.0074074468575417995,0.6418631076812744,0.020448625087738037,-0.06689459085464478,0.7155488729476929,0.3110142946243286,-1.9227886199951172,-47.05064392089844,-0.29458487033843994,0.28538453578948975,-0.08139799535274506,-0.03654300048947334,0.200987309217453,-0.34990590810775757,0.17352595925331116,13.786463737487793,8.863167762756348,13.825973510742188,10.641520500183105,-0.03526367247104645,0.06746093928813934,0.038330078125,-0.07666015625,0.0,-0.04422944411635399,0.08472660183906555,0.03835229575634003,-0.07802753895521164,0.0,0.5236532092094421,0.16606581211090088,-9.687012672424316,0.04055757820606232,-0.36665621399879456,-8.542620658874512,0.0,0.0,0.0,0.0,0.0,0.0,0.0,0.0,0.0,0.0,0.0,0.0,-0.04532140865921974,0.08223696053028107,0.03960968554019928,-0.07683015614748001,0.3152424097061157,0.2184274047613144,0.31599968671798706,0.2539726793766022,0.473292738199234,-0.9780656695365906,-0.032064199447631836,0.0,0.0,0.0,0.0,0.0,0.0,0.0
47957926702,0,-0.053360626101493835,0.01857232116162777,-0.8344634175300598,6.569455581484362e-05,-0.04113857448101044,-0.8442511558532715,0.06341040879487991,-0.028717385604977608,-0.023304173722863197,0.1068531796336174,-0.11942239105701447,-0.00978773832321167,-0.0017073082271963358,0.008312731981277466,0.29354631900787354,0.0,0.0,0.8799289464950562,0.12049886584281921,0.011634280905127525,0.6463325023651123,0.005747032817453146,-0.0672202929854393,0.7020325660705566,0.22306668758392334,-2.0166091918945312,-46.984413146972656,-0.32412397861480713,0.27360787987709045,-0.09414160251617432,-0.037186603993177414,0.20195503532886505,-0.3493596613407135,0.17153096199035645,14.024486541748047,8.50167179107666,14.192523956298828,10.333641052246094,-0.038330078125,0.06592773646116257,0.036796875298023224,-0.07666015625,0.0,-0.048115380108356476,0.08850101381540298,0.04184358939528465,-0.0806267112493515,0.0,0.5236532092094421,0.16606581211090088,-9.687012672424316,0.040580153465270996,-0.3750706911087036,-8.497633934020996,0.0,0.0,0.0,0.0,0.0,0.0,0.0,0.0,0.0,0.0,0.0,0.0,-0.04541027545928955,0.08318401873111725,0.03957904875278473,-0.07720466703176498,0.31980106234550476,0.2111179232597351,0.323013037443161,0.24786700308322906,0.7417104840278625,-0.310279905796051,0.15722909569740295,0.0,0.0,0.0,0.0,0.0,0.0,0.0
47967238607,0,-0.053360626101493835,0.01857232116162777,-0.8344634175300598,6.569455581484362e-05,-0.04113857448101044,-0.8442511558532715,0.06341040879487991,-0.028717385604977608,-0.023304173722863197,0.1068531796336174,-0.11942239105701447,-0.00978773832321167,-0.0017073082271963358,0.008312731981277466,0.29354631900787354,0.0,0.0,0.8799289464950562,0.1290314495563507,0.0008440317469649017,0.6386898756027222,0.005747032817453146,-0.0672202929854393,0.7020325660705566,0.23622064292430878,-2.057995319366455,-46.58182907104492,-0.3486262857913971,0.2871711254119873,-0.08937791734933853,-0.03848559409379959,0.20195503532886505,-0.3493596613407135,0.17153096199035645,13.787801742553711,8.462865829467773,13.991543769836426,10.410321235656738,-0.039863280951976776,0.06439453363418579,0.038330078125,-0.07666015625,0.0,-0.049769360572099686,0.09102815389633179,0.04305805265903473,-0.08202601969242096,0.0,0.3578730821609497,0.17166094481945038,-9.951773643493652,0.040580153465270996,-0.3750706911087036,-8.497633934020996,0.0,0.0,0.0,0.0,0.0,0.0,0.0,0.0,0.0,0.0,0.0,0.0,-0.045850176364183426,0.08457338809967041,0.03987681865692139,-0.07796496897935867,0.31980106234550476,0.2111179232597351,0.323013037443161,0.24786700308322906,0.5256698131561279,-0.6437073349952698,-0.2670271098613739,0.0,0.0,0.0,0.0,0.0,0.0,0.0
47976775684,0,-0.0536772646009922,0.019705042243003845,-0.8348762392997742,6.569455581484362e-05,-0.04113857448101044,-0.8442511558532715,0.058208368718624115,-0.03848511725664139,-0.022770818322896957,0.10748645663261414,-0.12168784439563751,-0.009374916553497314,0.0003060122253373265,0.008473899215459824,0.3049323558807373,0.0,0.0,0.8799289464950562,0.12523426115512848,-0.01455535739660263,0.6282649636268616,-0.010146822780370712,-0.06664328277111053,0.6884713768959045,0.296909898519516,-2.0059494972229004,-46.75170135498047,-0.3486262857913971,0.2871711254119873,-0.08937791734933853,-0.03848559409379959,0.20419131219387054,-0.3482213616371155,0.1678699105978012,13.6312894821167,8.69898509979248,13.770294189453125,10.720230102539062,-0.038330078125,0.06439453363418579,0.038330078125,-0.07666015625,0.0,-0.04741378128528595,0.08890346437692642,0.04085323587059975,-0.07993560284376144,0.0,0.05643916502594948,0.11600338667631149,-9.528475761413574,0.05398361757397652,-0.36471807956695557,-8.500308990478516,0.0,0.0,0.0,0.0,0.0,0.0,0.0,0.0,0.0,0.0,0.0,0.0,-0.04660475254058838,0.08623317629098892,0.04045254737138748,-0.07892727851867676,0.315267950296402,0.2103317528963089,0.31917083263397217,0.24938960373401642,0.18416394293308258,-1.1004931926727295,-0.6086148619651794,0.0,0.0,0.0,0.0,0.0,0.0,0.0
47988047962,0,-0.0536772646009922,0.019705042243003845,-0.8348762392997742,6.569455581484362e-05,-0.04113857448101044,-0.8442511558532715,0.058208368718624115,-0.03848511725664139,-0.022770818322896957,0.10748645663261414,-0.12168784439563751,-0.009374916553497314,0.0003060122253373265,0.008473899215459824,0.3049323558807373,0.0,0.0,0.8799289464950562,0.11451507359743118,-0.028409995138645172,0.6211161017417908,-0.03172391280531883,-0.05652739107608795,0.6716858148574829,0.27809837460517883,-1.9534268379211426,-46.87483215332031,-0.3447023034095764,0.3312567472457886,-0.07659851014614105,-0.04001259431242943,0.2067599892616272,-0.34752365946769714,0.163553386926651,13.617018699645996,8.794057846069336,13.670740127563477,10.865530014038086,-0.03526367247104645,0.06746093928813934,0.039863280951976776,-0.07512695342302322,0.0,-0.04670929163694382,0.08487174659967422,0.040156830102205276,-0.0766894668340683,0.0,0.05643916502594948,0.11600338667631149,-9.528475761413574,0.05398361757397652,-0.36471807956695557,-8.500308990478516,0.0,0.0,0.0,0.0,0.0,0.0,0.0,0.0,0.0,0.0,0.0,0.0,-0.04720131307840347,0.08745423704385757,0.04087922349572182,-0.07953330129384995,0.3119906485080719,0.217032328248024,0.31302204728126526,0.2584027051925659,-0.29955461621284485,-1.227025032043457,-0.631047785282135,0.0,0.0,0.0,0.0,0.0,0.0,0.0
47996952629,0,-0.05380028486251831,0.020779572427272797,-0.835262656211853,6.569455581484362e-05,-0.04113857448101044,-0.8442511558532715,0.06371248513460159,-0.0404391773045063,-0.01627957634627819,0.10773249715566635,-0.12383691221475601,-0.008988499641418457,0.0024963421747088432,0.007491725962609053,0.3159956932067871,0.0,0.0,0.8799289464950562,0.0978899747133255,-0.0323682464659214,0.6242101788520813,-0.03520623967051506,-0.055531956255435944,0.6647169589996338,0.23062391579151154,-1.9933698177337646,-47.003997802734375,-0.3327670395374298,0.33688706159591675,-0.08570543676614761,-0.04069957882165909,0.2067599892616272,-0.34752365946769714,0.163553386926651,13.906373977661133,8.604100227355957,13.901611328125,10.6611967086792,-0.03526367247104645,0.0705273449420929,0.038330078125,-0.07819335907697678,0.0,-0.048015397042036057,0.08635242283344269,0.04166089743375778,-0.07798200845718384,0.0,-0.3049612045288086,-0.07991726696491241,-9.733811378479004,0.041931621730327606,-0.3624308705329895,-8.546181678771973,0.0,0.0,0.0,0.0,0.0,0.0,0.0,0.0,0.0,0.0,0.0,0.0,-0.04749666899442673,0.08783253282308578,0.0410572811961174,-0.0795159637928009,0.3119906485080719,0.217032328248024,0.31302204728126526,0.2584027051925659,-0.9328780770301819,-0.9208190441131592,-0.20845679938793182,0.0,0.0,0.0,0.0,0.0,0.0,0.0
48007094954,0,-0.05383909121155739,0.021277574822306633,-0.8354383111000061,6.569455581484362e-05,-0.04113857448101044,-0.8442511558532715,0.06368438154459,-0.0376955047249794,-0.011990462429821491,0.1078101098537445,-0.12483292818069458,-0.00881284475326538,0.003825506428256631,0.007021846249699593,0.32172220945358276,0.0,0.0,0.8799289464950562,0.0978899747133255,-0.0323682464659214,0.6242101788520813,-0.03520623967051506,-0.055531956255435944,0.6647169589996338,0.23062391579151154,-1.9933698177337646,-47.003997802734375,-0.3327670395374298,0.33688706159591675,-0.08570543676614761,-0.04069957882165909,0.2067599892616272,-0.34752365946769714,0.163553386926651,13.906373977661133,8.604100227355957,13.901611328125,10.6611967086792,-0.03526367247104645,0.07206054776906967,0.038330078125,-0.07819335907697678,0.0,-0.048015397042036057,0.08635242283344269,0.04166089743375778,-0.07798200845718384,0.0,-0.3049612045288086,-0.07991726696491241,-9.733811378479004,0.038779810070991516,-0.36987069249153137,-8.575329780578613,0.0,0.0,0.0,0.0,0.0,0.0,0.0,0.0,0.0,0.0,0.0,0.0,-0.04767739772796631,0.08767715841531754,0.041186846792697906,-0.07916475832462311,0.3119906485080719,0.217032328248024,0.31302204728126526,0.2584027051925659,-0.9328780770301819,-0.9208190441131592,-0.20845679938793182,0.0,0.0,0.0,0.0,0.0,0.0,0.0
48019399857,0,-0.053524527698755264,0.02297249622642994,-0.8358764052391052,6.569455581484362e-05,-0.04113857448101044,-0.8442511558532715,0.06197717413306236,-0.04242570698261261,-0.01634986884891987,0.10718098282814026,-0.1282227784395218,-0.00837475061416626,0.0041352491825819016,0.006232116371393204,0.33925309777259827,0.0,0.0,0.8774226903915405,0.0978899747133255,-0.0323682464659214,0.6242101788520813,-0.03520623967051506,-0.055531956255435944,0.6647169589996338,0.23062391579151154,-1.9933698177337646,-47.003997802734375,-0.3327670395374298,0.33688706159591675,-0.08570543676614761,-0.04069957882165909,0.20776350796222687,-0.3473985195159912,0.16168312728405,13.906373977661133,8.604100227355957,13.901611328125,10.6611967086792,-0.03526367247104645,0.07359375059604645,0.038330078125,-0.08125976473093033,0.0,-0.048015397042036057,0.08635242283344269,0.04166089743375778,-0.07798200845718384,0.0,0.020964395254850388,-0.43516889214515686,-9.61660385131836,0.0382981076836586,-0.36875832080841064,-8.531702041625977,0.0,0.0,0.0,0.0,0.0,0.0,0.0,0.0,0.0,0.0,0.0,0.0,-0.04782864451408386,0.08735629916191101,0.04133804142475128,-0.07877378165721893,0.3175402879714966,0.21319212019443512,0.3174492120742798,0.2543623149394989,-0.9328780770301819,-0.9208190441131592,-0.20845679938793182,0.0,0.0,0.0,0.0,0.0,0.0,0.0
48026716489,0,-0.053524527698755264,0.02297249622642994,-0.8358764052391052,6.569455581484362e-05,-0.04113857448101044,-0.8442511558532715,0.06197717413306236,-0.04242570698261261,-0.01634986884891987,0.10718098282814026,-0.1282227784395218,-0.00837475061416626,0.0041352491825819016,0.006232116371393204,0.33925309777259827,0.0,0.0,0.8774226903915405,0.023981796577572823,-0.04970679059624672,0.6257086396217346,-0.038007114082574844,-0.04572697728872299,0.6445682048797607,0.25226685404777527,-2.0772602558135986,-47.08557891845703,-0.28659117221832275,0.34900963306427,-0.10406740754842758,-0.04227150231599808,0.20939113199710846,-0.34738120436668396,0.15805242955684662,14.46578311920166,8.267909049987793,14.119251251220703,10.143852233886719,-0.03526367247104645,0.07512695342302322,0.039863280951976776,-0.07972656190395355,0.0,-0.047798532992601395,0.09419747442007065,0.04245730862021446,-0.08582813292741776,0.0,0.08006547391414642,-0.5808119177818298,-10.123153686523438,0.0382981076836586,-0.36875832080841064,-8.531702041625977,0.0,0.0,0.0,0.0,0.0,0.0,0.0,0.0,0.0,0.0,0.0,0.0,-0.047927483916282654,0.08737516403198242,0.041508711874485016,-0.0787973403930664,0.3284074068069458,0.20537525415420532,0.3249254822731018,0.2446059137582779,-2.494826078414917,-0.6102714538574219,-0.1796167939901352,0.0,0.0,0.0,0.0,0.0,0.0,0.0
48037080887,0,-0.053524527698755264,0.02297249622642994,-0.8358764052391052,6.569455581484362e-05,-0.04113857448101044,-0.8442511558532715,0.06197717413306236,-0.04242570698261261,-0.01634986884891987,0.10718098282814026,-0.1282227784395218,-0.00837475061416626,0.0041352491825819016,0.006232116371393204,0.33925309777259827,0.0,0.0,0.8774226903915405,0.0030974328983575106,-0.058173082768917084,0.6215916275978088,-0.038007114082574844,-0.04572697728872299,0.6445682048797607,0.12076494842767715,-2.021771192550659,-46.77994918823242,-0.2317238450050354,0.380902498960495,-0.10054495930671692,-0.04410608112812042,0.20995309948921204,-0.3477163016796112,0.1541985273361206,14.441147804260254,8.269878387451172,13.995086669921875,10.145244598388672,-0.03526367247104645,0.07512695342302322,0.04139648377895355,-0.07972656190395355,0.0,-0.04988158121705055,0.08590611070394516,0.04461371898651123,-0.07947476208209991,0.0,0.08006547391414642,-0.5808119177818298,-10.123153686523438,0.0382981076836586,-0.36875832080841064,-8.531702041625977,0.0,0.0,0.0,0.0,0.0,0.0,0.0,0.0,0.0,0.0,0.0,0.0,-0.0480583980679512,0.08789893984794617,0.041830431669950485,-0.07945124804973602,0.3277556300163269,0.2064157873392105,0.3192385733127594,0.24412120878696442,-2.3401894569396973,-0.6554814577102661,-0.22698497772216797,0.0,0.0,0.0,0.0,0.0,0.0,0.0
48048395299,0,-0.05312420800328255,0.024002017453312874,-0.8361364006996155,6.569455581484362e-05,-0.04113857448101044,-0.8442511558532715,0.06885600835084915,-0.04106423258781433,-0.016127560287714005,0.10638033598661423,-0.13028183579444885,-0.008114755153656006,0.004845691379159689,0.0045023285783827305,0.3503760099411011,0.0,0.0,0.8774226903915405,-0.03564701974391937,-0.07264542579650879,0.6193448901176453,-0.04207521304488182,-0.031541697680950165,0.6312951445579529,0.12076494842767715,-2.021771192550659,-46.77994918823242,-0.2317238450050354,0.380902498960495,-0.10054495930671692,-0.04410608112812042,0.20995309948921204,-0.3477163016796112,0.1541985273361206,14.441147804260254,8.269878387451172,13.995086669921875,10.145244598388672,-0.03526367247104645,0.07359375059604645,0.04292968660593033,-0.07972656190395355,0.0,-0.04988158121705055,0.08590611070394516,0.04461371898651123,-0.07947476208209991,0.0,0.3502068817615509,-0.26859989762306213,-9.965996742248535,0.0194249264895916,-0.3703739047050476,-8.53271770477295,0.0,0.0,0.0,0.0,0.0,0.0,0.0,0.0,0.0,0.0,0.0,0.0,-0.04836311563849449,0.08817130327224731,0.04240276664495468,-0.08007027953863144,0.3277556300163269,0.2064157873392105,0.3192385733127594,0.24412120878696442,-2.5120387077331543,-0.8671243786811829,-0.18073254823684692,0.0,0.0,0.0,0.0,0.0,0.0,0.0
48057081411,0,-0.052549172192811966,0.02507620118558407,-0.8363903164863586,6.569455581484362e-05,-0.04113857448101044,-0.8442511558532715,0.06365400552749634,-0.048411931842565536,-0.006554830819368362,0.10523026436567307,-0.13243021070957184,-0.007860839366912842,0.0034139042254537344,0.0030002500861883163,0.36175572872161865,0.0,0.0,0.862385094165802,-0.03564701974391937,-0.07264542579650879,0.6193448901176453,-0.02945186011493206,-0.020931145176291466,0.6177085638046265,0.1391887366771698,-1.9546090364456177,-47.15312194824219,-0.1823461353778839,0.40412482619285583,-0.1033073216676712,-0.04549790918827057,0.209415003657341,-0.34835830330848694,0.15124721825122833,14.715243339538574,8.336621284484863,14.047070503234863,10.130117416381836,-0.03526367247104645,0.07359375059604645,0.039863280951976776,-0.08125976473093033,0.0,-0.04699593782424927,0.08296024799346924,0.04218456149101257,-0.07803715765476227,0.0,-0.06571502238512039,-0.32162541151046753,-9.545576095581055,0.0285787470638752,-0.3638612627983093,-8.603057861328125,0.0,0.0,0.0,0.0,0.0,0.0,0.0,0.0,0.0,0.0,0.0,0.0,-0.04866005480289459,0.0877513661980629,0.042980168014764786,-0.08019851893186569,0.3277556300163269,0.2064157873392105,0.3192385733127594,0.24412120878696442,-2.5120387077331543,-0.8671243786811829,-0.18073254823684692,0.0,0.0,0.0,0.0,0.0,0.0,0.0
48066942618,0,-0.05223703011870384,0.025587279349565506,-0.8365263938903809,6.569455581484362e-05,-0.04113857448101044,-0.8442511558532715,0.06718180328607559,-0.04524387791752815,-0.01198368240147829,0.10460597276687622,-0.133452370762825,-0.007724761962890625,0.0027374110650271177,0.002286802977323532,0.367486834526062,0.0,0.0,0.862385094165802,-0.059259433299303055,-0.0801519900560379,0.6167911291122437,-0.02945186011493206,-0.020931145176291466,0.6177085638046265,0.1391887366771698,-1.9546090364456177,-47.15312194824219,-0.1823461353778839,0.40412482619285583,-0.1033073216676712,-0.04549790918827057,0.209415003657341,-0.34835830330848694,0.15124721825122833,15.205254554748535,8.025169372558594,14.384085655212402,9.774717330932617,-0.036796875298023224,0.07359375059604645,0.039863280951976776,-0.08125976473093033,0.0,-0.04548037424683571,0.08618772774934769,0.04119562357664108,-0.08088062703609467,0.0,-0.06571502238512039,-0.32162541151046753,-9.545576095581055,0.016724081709980965,-0.3688545525074005,-8.557353019714355,0.0,0.0,0.0,0.0,0.0,0.0,0.0,0.0,0.0,0.0,0.0,0.0,-0.048562221229076385,0.08694552630186081,0.043183766305446625,-0.08006025105714798,0.3342233896255493,0.20674344897270203,0.32085466384887695,0.24286319315433502,-2.262876272201538,-0.7435140609741211,-0.24963262677192688,0.0,0.0,0.0,0.0,0.0,0.0,0.0
48078626703,0,-0.05223703011870384,0.025587279349565506,-0.8365263938903809,6.569455581484362e-05,-0.04113857448101044,-0.8442511558532715,0.06718180328607559,-0.04524387791752815,-0.01198368240147829,0.10460597276687622,-0.133452370762825,-0.007724761962890625,0.0027374110650271177,0.002286802977323532,0.367486834526062,0.0,0.0,0.862385094165802,-0.059259433299303055,-0.0801519900560379,0.6167911291122437,-0.023452414199709892,-0.015940602868795395,0.5929114818572998,0.15718311071395874,-2.001236915588379,-47.31681823730469,-0.15021750330924988,0.4206086993217468,-0.11821332573890686,-0.046663109213113785,0.2086532860994339,-0.3489621579647064,0.14946302771568298,15.205254554748535,8.025169372558594,14.384085655212402,9.774717330932617,-0.036796875298023224,0.07512695342302322,0.039863280951976776,-0.07972656190395355,0.0,-0.046230249106884,0.08888721466064453,0.04181189090013504,-0.08335592597723007,0.0,0.09866150468587875,-0.3270281255245209,-10.035197257995605,0.016724081709980965,-0.3688545525074005,-8.557353019714355,0.0,0.0,0.0,0.0,0.0,0.0,0.0,0.0,0.0,0.0,0.0,0.0,-0.0480499267578125,0.08638500422239304,0.04299108684062958,-0.08012664318084717,0.3422597348690033,0.20143838226795197,0.32666823267936707,0.23673197627067566,-2.262876272201538,-0.7435140609741211,-0.24963262677192688,0.0,0.0,0.0,0.0,0.0,0.0,0.0
48089290510,0,-0.05135577917098999,0.026458507403731346,-0.8368213772773743,6.569455581484362e-05,-0.04113857448101044,-0.8442511558532715,0.07301916927099228,-0.044239357113838196,-0.02277812734246254,0.10284346342086792,-0.1351948380470276,-0.007429778575897217,0.0007890263223089278,0.0004172514600213617,0.37846729159355164,0.0,0.0,0.857372522354126,-0.10483837127685547,-0.09829019010066986,0.6018841862678528,-0.023452414199709892,-0.015940602868795395,0.5929114818572998,0.15718311071395874,-2.001236915588379,-47.31681823730469,-0.15021750330924988,0.4206086993217468,-0.11821332573890686,-0.046663109213113785,0.2086532860994339,-0.3489621579647064,0.14946302771568298,14.91672420501709,8.179532051086426,13.798967361450195,9.833996772766113,-0.036796875298023224,0.07666015625,0.04139648377895355,-0.07972656190395355,0.0,-0.04712510481476784,0.0872054472565651,0.04358595982193947,-0.082852303981781,0.0,0.09866150468587875,-0.3270281255245209,-10.035197257995605,-0.0015386063605546951,-0.36857694387435913,-8.475603103637695,0.0,0.0,0.0,0.0,0.0,0.0,0.0,0.0,0.0,0.0,0.0,0.0,-0.0474688783288002,0.08636893332004547,0.04273214563727379,-0.0806177631020546,0.3422597348690033,0.20143838226795197,0.32666823267936707,0.23673197627067566,-2.137930154800415,-0.7603788375854492,-0.6171814799308777,0.0,0.0,0.0,0.0,0.0,0.0,0.0
48097802276,0,-0.05135577917098999,0.026458507403731346,-0.8368213772773743,6.569455581484362e-05,-0.04113857448101044,-0.8442511558532715,0.07301916927099228,-0.044239357113838196,-0.02277812734246254,0.10284346342086792,-0.1351948380470276,-0.007429778575897217,0.0007890263223089278,0.0004172514600213617,0.37846729159355164,0.0,0.0,0.857372522354126,-0.1178467720746994,-0.10091891139745712,0.6015177965164185,-0.00656395498663187,-0.002695476170629263,0.5797955393791199,-0.022317886352539062,-2.054910182952881,-46.654232025146484,-0.08638636767864227,0.4538986086845398,-0.10736396908760071,-0.048827916383743286,0.20604008436203003,-0.35070011019706726,0.14579720795154572,14.91672420501709,8.179532051086426,13.798967361450195,9.833996772766113,-0.03373046964406967,0.07819335907697678,0.04139648377895355,-0.07972656190395355,0.0,-0.05281662568449974,0.08145854622125626,0.04939604550600052,-0.07855381071567535,0.0,-0.27040478587150574,-0.21028457581996918,-9.44644546508789,-0.0015386063605546951,-0.36857694387435913,-8.475603103637695,0.0,0.0,0.0,0.0,0.0,0.0,0.0,0.0,0.0,0.0,0.0,0.0,-0.04734095558524132,0.08632785826921463,0.042948536574840546,-0.08109656721353531,0.3367953896522522,0.20457975566387177,0.31548207998275757,0.2379160076379776,-1.929985523223877,-0.6335259079933167,-0.3834618926048279,0.0,0.0,0.0,0.0,0.0,0.0,0.0
48106924704,0,-0.05088627338409424,0.026829907670617104,-0.8369759917259216,6.569455581484362e-05,-0.04113857448101044,-0.8442511558532715,0.07117696851491928,-0.05454016476869583,-0.020673027262091637,0.10190444439649582,-0.1359376460313797,-0.0072751641273498535,-0.0007209025789052248,-0.00035186586319468915,0.3838905990123749,0.0,0.0,0.857372522354126,-0.1178467720746994,-0.10091891139745712,0.6015177965164185,0.005970004014670849,0.002242892049252987,0.5673297047615051,-0.008462334983050823,-2.0271732807159424,-46.61581802368164,-0.06164619326591492,0.4609483480453491,-0.11663177609443665,-0.049635980278253555,0.20476281642913818,-0.3514512777328491,0.14446130394935608,15.190814018249512,7.963714122772217,13.971183776855469,9.566754341125488,-0.03526367247104645,0.07666015625,0.04139648377895355,-0.0827929675579071,0.0,-0.05095137655735016,0.08294207602739334,0.047669969499111176,-0.08033032715320587,0.0,0.1889163702726364,0.24577580392360687,-9.838632583618164,0.006280208472162485,-0.3515838384628296,-8.49443531036377,0.0,0.0,0.0,0.0,0.0,0.0,0.0,0.0,0.0,0.0,0.0,0.0,-0.047939836978912354,0.08574268966913223,0.04389704391360283,-0.0811430960893631,0.3419867157936096,0.20018638670444489,0.31878116726875305,0.23257187008857727,-1.929985523223877,-0.6335259079933167,-0.3834618926048279,0.0,0.0,0.0,0.0,0.0,0.0,0.0
48117020036,0,-0.05088627338409424,0.026829907670617104,-0.8369759917259216,6.569455581484362e-05,-0.04113857448101044,-0.8442511558532715,0.07117696851491928,-0.05454016476869583,-0.020673027262091637,0.10000451654195786,-0.13744966685771942,-0.006948888301849365,-0.0007209025789052248,-0.00035186586319468915,0.3838905990123749,0.0,0.0,0.8272973299026489,-0.1481456756591797,-0.10679502785205841,0.5983355045318604,0.005970004014670849,0.002242892049252987,0.5673297047615051,-0.049965325742959976,-1.9204919338226318,-47.02425765991211,-0.007168024778366089,0.48453816771507263,-0.14805607497692108,-0.05130986496806145,0.20168595016002655,-0.35314521193504333,0.1419149488210678,16.202009201049805,7.322236061096191,14.734904289245605,8.835208892822266,-0.036796875298023224,0.07666015625,0.04139648377895355,-0.0827929675579071,0.0,-0.04645746201276779,0.08279598504304886,0.043508414179086685,-0.08125357329845428,0.0,0.1889163702726364,0.24577580392360687,-9.838632583618164,-0.019801724702119827,-0.3489982485771179,-8.559124946594238,0.0,0.0,0.0,0.0,0.0,0.0,0.0,0.0,0.0,0.0,0.0,0.0,-0.04866882413625717,0.08486292511224747,0.044947389513254166,-0.08097663521766663,0.3610212504863739,0.18706513941287994,0.33334437012672424,0.21786315739154816,-1.947810173034668,-0.5021417140960693,-0.27396461367607117,0.0,0.0,0.0,0.0,0.0,0.0,0.0
48127215383,0,-0.049936313182115555,0.027585916221141815,-0.8373022675514221,6.569455581484362e-05,-0.04113857448101044,-0.8442511558532715,0.0809372216463089,-0.052651774138212204,-0.01213046070188284,0.10000451654195786,-0.13744966685771942,-0.006948888301849365,-0.0031576582696288824,-0.0027453552465885878,0.3950279653072357,0.0,0.0,0.8272973299026489,-0.16087569296360016,-0.11962229758501053,0.5806592106819153,0.02689415216445923,0.019576504826545715,0.5180813074111938,-0.16434188187122345,-1.9951444864273071,-46.983917236328125,0.026069805026054382,0.5156375169754028,-0.13313764333724976,-0.05363684892654419,0.19681943953037262,-0.35583874583244324,0.13869494199752808,15.913140296936035,7.694180965423584,14.256391525268555,9.193068504333496,-0.036796875298023224,0.07819335907697678,0.04292968660593033,-0.0827929675579071,0.0,-0.05166549235582352,0.07662444561719894,0.0494852215051651,-0.07682765275239944,0.0,0.399942547082901,-0.42832452058792114,-9.685617446899414,-0.019801724702119827,-0.3489982485771179,-8.559124946594238,0.0,0.0,0.0,0.0,0.0,0.0,0.0,0.0,0.0,0.0,0.0,0.0,-0.04906686395406723,0.08377087116241455,0.045666132122278214,-0.08069909363985062,0.3556022047996521,0.1946847289800644,0.32423239946365356,0.22507289052009583,-0.8312413692474365,-0.5996021628379822,-0.8271029591560364,0.0,0.0,0.0,0.0,0.0,0.0,0.0
48139153812,0,-0.04882960021495819,0.028300413861870766,-0.8376304507255554,6.569455581484362e-05,-0.04113857448101044,-0.8442511558532715,0.07518380880355835,-0.05319950729608536,-0.01880190521478653,0.09779108315706253,-0.13887867331504822,-0.0066207051277160645,-0.006368650589138269,-0.0048532490618526936,0.4055383801460266,0.0,0.0,0.8022347092628479,-0.16488948464393616,-0.11902052164077759,0.5652292966842651,0.05370112881064415,0.03418049216270447,0.5055251121520996,-0.16434188187122345,-1.9951444864273071,-46.983917236328125,0.026069805026054382,0.5156375169754028,-0.13313764333724976,-0.05363684892654419,0.19681943953037262,-0.35583874583244324,0.13869494199752808,15.913140296936035,7.694180965423584,14.256391525268555,9.193068504333496,-0.036796875298023224,0.07819335907697678,0.04292968660593033,-0.08125976473093033,0.0,-0.05166549235582352,0.07662444561719894,0.0494852215051651,-0.07682765275239944,0.0,-0.27557826042175293,-0.16464479267597198,-10.126374244689941,-0.015728864818811417,-0.3533678650856018,-8.504681587219238,0.0,0.0,0.0,0.0,0.0,0.0,0.0,0.0,0.0,0.0,0.0,0.0,-0.04950188472867012,0.08219978213310242,0.04644862562417984,-0.08005237579345703,0.3556022047996521,0.1946847289800644,0.32423239946365356,0.22507289052009583,-0.4876224100589752,-0.352702796459198,-1.1443930864334106,0.0,0.0,0.0,0.0,0.0,0.0,0.0
48147106399,0,-0.04882960021495819,0.028300413861870766,-0.8376304507255554,6.569455581484362e-05,-0.04113857448101044,-0.8442511558532715,0.07518380880355835,-0.05319950729608536,-0.01880190521478653,0.09779108315706253,-0.13887867331504822,-0.0066207051277160645,-0.006368650589138269,-0.0048532490618526936,0.4055383801460266,0.0,0.0,0.8022347092628479,-0.17427778244018555,-0.11555939167737961,0.556052029132843,0.05370112881064415,0.03418049216270447,0.5055251121520996,-0.1498824805021286,-1.8911224603652954,-46.696014404296875,0.07147571444511414,0.521872878074646,-0.137547105550766,-0.056127939373254776,0.19681943953037262,-0.35583874583244324,0.13869494199752808,16.033571243286133,7.569169044494629,14.21345043182373,8.953046798706055,-0.03526367247104645,0.07972656190395355,0.04599609225988388,-0.07819335907697678,0.0,-0.0488303080201149,0.07333831489086151,0.0464935339987278,-0.0756475105881691,0.0,-0.27557826042175293,-0.16464479267597198,-10.126374244689941,-0.015728864818811417,-0.3533678650856018,-8.504681587219238,0.0,0.0,0.0,0.0,0.0,0.0,0.0,0.0,0.0,0.0,0.0,0.0,-0.04998428374528885,0.080246701836586,0.04725579544901848,-0.07908481359481812,0.3556022047996521,0.1946847289800644,0.32423239946365356,0.22507289052009583,-0.6517968773841858,-0.047648631036281586,-1.0889619588851929,0.0,0.0,0.0,0.0,0.0,0.0,0.0
48157224650,0,-0.04754279553890228,0.028903517872095108,-0.8379796147346497,6.569455581484362e-05,-0.04113857448101044,-0.8442511558532715,0.08860304206609726,-0.05825734883546829,-0.020466232672333717,0.09521745890378952,-0.1400848776102066,-0.006271541118621826,-0.009827645495533943,-0.006683611311018467,0.4157225787639618,0.0,0.0,0.7420843243598938,-0.17427778244018555,-0.11555939167737961,0.556052029132843,0.08199862390756607,0.04694259911775589,0.46338391304016113,-0.1498824805021286,-1.8911224603652954,-46.696014404296875,0.07147571444511414,0.521872878074646,-0.137547105550766,-0.056127939373254776,0.19131866097450256,-0.358894407749176,0.13506357371807098,16.033571243286133,7.569169044494629,14.21345043182373,8.953046798706055,-0.036796875298023224,0.07819335907697678,0.044462889432907104,-0.07972656190395355,0.0,-0.0488303080201149,0.07333831489086151,0.0464935339987278,-0.0756475105881691,0.0,-0.5478598475456238,-0.25013765692710876,-9.469846725463867,-0.043631989508867264,-0.33339619636535645,-8.492707252502441,0.0,0.0,0.0,0.0,0.0,0.0,0.0,0.0,0.0,0.0,0.0,0.0,-0.05013938620686531,0.07816296070814133,0.04765012487769127,-0.07802911847829819,0.3578632175922394,0.19212716817855835,0.32341268658638,0.22024033963680267,-0.6517968773841858,-0.047648631036281586,-1.0889619588851929,0.0,0.0,0.0,0.0,0.0,0.0,0.0
48167440667,0,-0.04754279553890228,0.028903517872095108,-0.8379796147346497,6.569455581484362e-05,-0.04113857448101044,-0.8442511558532715,0.08860304206609726,-0.05825734883546829,-0.020466232672333717,0.09521745890378952,-0.1400848776102066,-0.006271541118621826,-0.009827645495533943,-0.006683611311018467,0.4157225787639618,0.0,0.0,0.7420843243598938,-0.18215715885162354,-0.10846829414367676,0.5455112457275391,0.11126727610826492,0.06451006233692169,0.37627875804901123,-0.31612876057624817,-1.8817429542541504,-46.79214096069336,0.10559529066085815,0.5316653251647949,-0.19033461809158325,-0.05903178080916405,0.1847376823425293,-0.36237022280693054,0.13117468357086182,17.4537296295166,6.301668167114258,15.48559284210205,7.6225666999816895,-0.036796875298023224,0.07819335907697678,0.04292968660593033,-0.08125976473093033,0.0,-0.04821640998125076,0.07773438841104507,0.04605260491371155,-0.08112374693155289,0.0,-0.5478598475456238,-0.25013765692710876,-9.469846725463867,-0.043631989508867264,-0.33339619636535645,-8.492707252502441,0.0,0.0,0.0,0.0,0.0,0.0,0.0,0.0,0.0,0.0,0.0,0.0,-0.04994579032063484,0.07645067572593689,0.04761029779911041,-0.0773230642080307,0.38433387875556946,0.16599197685718536,0.34755435585975647,0.1932201087474823,-0.5307430624961853,0.22442986071109772,-0.6454883217811584,0.0,0.0,0.0,0.0,0.0,0.0,0.0
48177078357,0,-0.046027544885873795,0.029311243444681168,-0.8383225798606873,6.569455581484362e-05,-0.04113857448101044,-0.8442511558532715,0.0888570100069046,-0.0584203265607357,-0.008362660184502602,0.09218694269657135,-0.14090032875537872,-0.0059285759925842285,-0.012412387877702713,-0.008735490962862968,0.425821989774704,0.0,0.0,0.7420843243598938,-0.17985212802886963,-0.10867390781641006,0.5293886661529541,0.11126727610826492,0.06451006233692169,0.37627875804901123,-0.28556472063064575,-1.8218231201171875,-47.22295379638672,0.10559529066085815,0.5316653251647949,-0.19033461809158325,-0.05903178080916405,0.1847376823425293,-0.36237022280693054,0.13117468357086182,17.21208953857422,6.807007312774658,15.177536964416504,8.100903511047363,-0.038330078125,0.07819335907697678,0.044462889432907104,-0.08125976473093033,0.0,-0.047033071517944336,0.07042456418275833,0.044878002256155014,-0.07503911852836609,0.0,0.3287407159805298,-0.07256747037172318,-9.918001174926758,-0.05192085728049278,-0.33124056458473206,-8.585991859436035,0.0,0.0,0.0,0.0,0.0,0.0,0.0,0.0,0.0,0.0,0.0,0.0,-0.049505192786455154,0.07530541718006134,0.04726943001151085,-0.0771438255906105,0.38433387875556946,0.16599197685718536,0.34755435585975647,0.1932201087474823,-0.2679928243160248,0.1491524875164032,-1.1203389167785645,0.0,0.0,0.0,0.0,0.0,0.0,0.0
48186918847,0,-0.04509889334440231,0.029340339824557304,-0.8384822607040405,6.569455581484362e-05,-0.04113857448101044,-0.8442511558532715,0.08539491146802902,-0.06627432256937027,-0.00825808010995388,0.09032963216304779,-0.1409585326910019,-0.005768895149230957,-0.014526527374982834,-0.009572586044669151,0.4308578372001648,0.0,0.0,0.7019840478897095,-0.17985212802886963,-0.10867390781641006,0.5293886661529541,0.12076207250356674,0.07387809455394745,0.32307153940200806,-0.28556472063064575,-1.8218231201171875,-47.22295379638672,0.12078386545181274,0.5399009585380554,-0.17501327395439148,-0.06036832928657532,0.18174061179161072,-0.3639472723007202,0.12951825559139252,17.21208953857422,6.807007312774658,15.177536964416504,8.100903511047363,-0.039863280951976776,0.07972656190395355,0.04599609225988388,-0.0827929675579071,0.0,-0.04711756482720375,0.07021062076091766,0.04478219524025917,-0.07521895319223404,0.0,0.21814347803592682,-0.07878667116165161,-9.59632682800293,-0.04328114166855812,-0.3181723654270172,-8.582646369934082,0.0,0.0,0.0,0.0,0.0,0.0,0.0,0.0,0.0,0.0,0.0,0.0,-0.048890817910432816,0.074168860912323,0.04671027511358261,-0.07695629447698593,0.3798545002937317,0.176457017660141,0.34173545241355896,0.20298030972480774,-0.2679928243160248,0.1491524875164032,-1.1203389167785645,0.0,0.0,0.0,0.0,0.0,0.0,0.0
48197725615,0,-0.04509889334440231,0.029340339824557304,-0.8384822607040405,6.569455581484362e-05,-0.04113857448101044,-0.8442511558532715,0.08539491146802902,-0.06627432256937027,-0.00825808010995388,0.09032963216304779,-0.1409585326910019,-0.005768895149230957,-0.014526527374982834,-0.009572586044669151,0.4308578372001648,0.0,0.0,0.7019840478897095,-0.1624569296836853,-0.09481022506952286,0.4780190885066986,0.12076207250356674,0.07387809455394745,0.32307153940200806,-0.384160578250885,-1.7321275472640991,-46.736820220947266,0.13119381666183472,0.5458741784095764,-0.2831557095050812,-0.06369303911924362,0.174507737159729,-0.3677513003349304,0.12503263354301453,19.8348445892334,3.965823173522949,17.721546173095703,5.274816036224365,-0.039863280951976776,0.07512695342302322,0.04599609225988388,-0.0827929675579071,0.0,-0.04122462123632431,0.10289576649665833,0.03832372650504112,-0.10366025567054749,0.0,0.21814347803592682,-0.07878667116165161,-9.59632682800293,-0.04328114166855812,-0.3181723654270172,-8.582646369934082,0.0,0.0,0.0,0.0,0.0,0.0,0.0,0.0,0.0,0.0,0.0,0.0,-0.04798569530248642,0.07439717650413513,0.045785967260599136,-0.07784722745418549,0.4279516935348511,0.11680274456739426,0.3892867863178253,0.14453604817390442,0.6060094833374023,0.665837287902832,-2.1387853622436523,0.0,0.0,0.0,0.0,0.0,0.0,0.0
48206942703,0,-0.04223056882619858,0.029233235865831375,-0.8389064073562622,6.569455581484362e-05,-0.04113857448101044,-0.8442511558532715,0.09529753774404526,-0.06444850564002991,-0.008437915705144405,0.08459295332431793,-0.14074431359767914,-0.005344748497009277,-0.018485495820641518,-0.011794215999543667,0.44362297654151917,0.0,0.0,0.5716582536697388,-0.14706173539161682,-0.08480197191238403,0.4546051323413849,0.14930471777915955,0.08997104316949844,0.153747096657753,-0.4112589359283447,-1.6895607709884644,-47.17578887939453,0.12210017442703247,0.5406304597854614,-0.2630898356437683,-0.06523212790489197,0.17145010828971863,-0.36930906772613525,0.12283411622047424,19.42022132873535,4.574746608734131,17.353883743286133,5.892538547515869,-0.039863280951976776,0.0705273449420929,0.04599609225988388,-0.0827929675579071,0.0,-0.04190964996814728,0.08338939398527145,0.03872421756386757,-0.08884810656309128,0.0,-0.0688246488571167,-0.0811401903629303,-9.53447151184082,-0.0747743546962738,-0.307192862033844,-8.57741641998291,0.0,0.0,0.0,0.0,0.0,0.0,0.0,0.0,0.0,0.0,0.0,0.0,-0.04659638926386833,0.07736054807901382,0.04427080601453781,-0.0810532495379448,0.4279516935348511,0.11680274456739426,0.3892867863178253,0.14453604817390442,1.1010574102401733,0.8626748919487,-2.3715898990631104,0.0,0.0,0.0,0.0,0.0,0.0,0.0
48216700166,0,-0.04223056882619858,0.029233235865831375,-0.8389064073562622,6.569455581484362e-05,-0.04113857448101044,-0.8442511558532715,0.09529753774404526,-0.06444850564002991,-0.008437915705144405,0.08262988924980164,-0.1405688375234604,-0.005193114280700684,-0.018485495820641518,-0.011794215999543667,0.44362297654151917,0.0,0.0,0.5716582536697388,-0.14706173539161682,-0.08480197191238403,0.4546051323413849,0.14930471777915955,0.08997104316949844,0.153747096657753,-0.4112589359283447,-1.6895607709884644,-47.17578887939453,0.12210017442703247,0.5406304597854614,-0.2630898356437683,-0.06523212790489197,0.17145010828971863,-0.36930906772613525,0.12283411622047424,19.42022132873535,4.574746608734131,17.353883743286133,5.892538547515869,-0.036796875298023224,0.07206054776906967,0.04599609225988388,-0.07819335907697678,0.0,-0.04190964996814728,0.08338939398527145,0.03872421756386757,-0.08884810656309128,0.0,-0.0688246488571167,-0.0811401903629303,-9.53447151184082,-0.08113500475883484,-0.30717819929122925,-8.632071495056152,0.0,0.0,0.0,0.0,0.0,0.0,0.0,0.0,0.0,0.0,0.0,0.0,-0.04501667618751526,0.08083032816648483,0.04248365759849548,-0.0847516804933548,0.42042315006256104,0.12975826859474182,0.3824840486049652,0.15747424960136414,1.1010574102401733,0.8626748919487,-2.3715898990631104,0.0,0.0,0.0,0.0,0.0,0.0,0.0
48227162776,0,-0.04124904051423073,0.0291454941034317,-0.8390580415725708,6.569455581484362e-05,-0.04113857448101044,-0.8442511558532715,0.09575451165437698,-0.06280842423439026,-0.0009007646003738046,0.08262988924980164,-0.1405688375234604,-0.005193114280700684,-0.019509293138980865,-0.012455864809453487,0.44759196043014526,0.0,0.0,0.5716582536697388,-0.10496184229850769,-0.07336889207363129,0.38015007972717285,0.15749913454055786,0.09514617919921875,0.1490001231431961,-0.4744197726249695,-1.6446073055267334,-46.985904693603516,0.09409327805042267,0.5465068817138672,-0.25735771656036377,-0.0691225677728653,0.16473941504955292,-0.37287473678588867,0.11672678589820862,19.196626663208008,4.616484642028809,17.197059631347656,6.041843414306641,-0.036796875298023224,0.07206054776906967,0.04599609225988388,-0.07819335907697678,0.0,-0.04295419901609421,0.07340969890356064,0.03920605033636093,-0.08100045472383499,0.0,0.043915390968322754,0.18837282061576843,-9.272717475891113,-0.08113500475883484,-0.30717819929122925,-8.632071495056152,0.0,0.0,0.0,0.0,0.0,0.0,0.0,0.0,0.0,0.0,0.0,0.0,-0.04371461272239685,0.08254864066839218,0.04093322530388832,-0.08696449548006058,0.41635191440582275,0.1306428611278534,0.3795754909515381,0.16058717668056488,1.846943974494934,0.5899118185043335,-3.2485804557800293,0.0,0.0,0.0,0.0,0.0,0.0,0.0
48237294744,0,-0.03924555703997612,0.028871195390820503,-0.8393696546554565,6.569455581484362e-05,-0.04113857448101044,-0.8442511558532715,0.0978056788444519,-0.07877243310213089,-0.019478105008602142,0.07862289994955063,-0.1400202363729477,-0.004881501197814941,-0.02155168168246746,-0.013559002429246902,0.4539874196052551,0.0,0.0,0.5014828443527222,-0.10496184229850769,-0.07336889207363129,0.38015007972717285,0.1723403036594391,0.10616234689950943,0.05716438964009285,-0.4744197726249695,-1.6446073055267334,-46.985904693603516,0.09409327805042267,0.5465068817138672,-0.25735771656036377,-0.0691225677728653,0.16473941504955292,-0.37287473678588867,0.11672678589820862,19.196626663208008,4.616484642028809,17.197059631347656,6.041843414306641,-0.038330078125,0.07512695342302322,0.04599609225988388,-0.07512695342302322,0.0,-0.04295419901609421,0.07340969890356064,0.03920605033636093,-0.08100045472383499,0.0,0.40852245688438416,-0.04144362360239029,-9.646366119384766,-0.07794176787137985,-0.2724994421005249,-8.479835510253906,0.0,0.0,0.0,0.0,0.0,0.0,0.0,0.0,0.0,0.0,0.0,0.0,-0.042885735630989075,0.08216772228479385,0.039829764515161514,-0.08731428533792496,0.41635191440582275,0.1306428611278534,0.3795754909515381,0.16058717668056488,1.846943974494934,0.5899118185043335,-3.2485804557800293,0.0,0.0,0.0,0.0,0.0,0.0,0.0
48247631782,0,-0.03924555703997612,0.028871195390820503,-0.8393696546554565,6.569455581484362e-05,-0.04113857448101044,-0.8442511558532715,0.0978056788444519,-0.07877243310213089,-0.019478105008602142,0.07862289994955063,-0.1400202363729477,-0.004881501197814941,-0.02155168168246746,-0.013559002429246902,0.4539874196052551,0.0,0.0,0.5014828443527222,-0.0672355592250824,-0.042787522077560425,0.3215344250202179,0.1723403036594391,0.10616234689950943,0.05716438964009285,-0.4978035092353821,-1.5002930164337158,-46.8028678894043,0.06339883804321289,0.5219348073005676,-0.34776604175567627,-0.07308453321456909,0.1591731607913971,-0.37602174282073975,0.10990385711193085,21.336383819580078,2.2833590507507324,19.488609313964844,3.747421979904175,-0.036796875298023224,0.07359375059604645,0.04599609225988388,-0.07972656190395355,0.0,-0.036840882152318954,0.12072699517011642,0.0321778878569603,-0.11603935062885284,0.0,0.40852245688438416,-0.04144362360239029,-9.646366119384766,-0.07794176787137985,-0.2724994421005249,-8.479835510253906,0.0,0.0,0.0,0.0,0.0,0.0,0.0,0.0,0.0,0.0,0.0,0.0,-0.04220869764685631,0.08254712074995041,0.038847751915454865,-0.08793765306472778,0.45498767495155334,0.08049573749303818,0.4216669797897339,0.11213258653879166,1.9131207466125488,1.3856110572814941,-3.0101478099823,0.0,0.0,0.0,0.0,0.0,0.0,0.0
48257275307,0,-0.03728029504418373,0.028551436960697174,-0.8397476077079773,6.569455581484362e-05,-0.04113857448101044,-0.8442511558532715,0.10775531828403473,-0.06552697718143463,-0.012667336501181126,0.07469235360622406,-0.13938072323799133,-0.0045035481452941895,-0.02226901240646839,-0.014223041944205761,0.45977482199668884,0.0,0.0,0.3486006259918213,-0.04030933231115341,-0.030821051448583603,0.2916499376296997,0.1742394119501114,0.11844532936811447,-0.13807325065135956,-0.6314308047294617,-1.5515267848968506,-46.932979583740234,0.03995141386985779,0.5130819082260132,-0.3219568729400635,-0.07541344314813614,0.1591731607913971,-0.37602174282073975,0.10990385711193085,20.670400619506836,2.9436442852020264,18.92814826965332,4.446503639221191,-0.038330078125,0.07512695342302322,0.044462889432907104,-0.0827929675579071,0.0,-0.04131540283560753,0.08275793492794037,0.036452267318964005,-0.09172282367944717,0.0,-0.2274327576160431,-0.44329550862312317,-9.894646644592285,-0.11480560153722763,-0.2820957899093628,-8.533268928527832,0.0,0.0,0.0,0.0,0.0,0.0,0.0,0.0,0.0,0.0,0.0,0.0,-0.04137365147471428,0.08584452420473099,0.03765542060136795,-0.09069158881902695,0.45498767495155334,0.08049573749303818,0.4216669797897339,0.11213258653879166,2.1459059715270996,1.268884539604187,-2.965160846710205,0.0,0.0,0.0,0.0,0.0,0.0,0.0
48267004753,0,-0.03632298484444618,0.028339194133877754,-0.8399537205696106,6.569455581484362e-05,-0.04113857448101044,-0.8442511558532715,0.10362035036087036,-0.08074883371591568,-0.017661571502685547,0.07277772575616837,-0.1389562338590622,-0.004297435283660889,-0.022677170112729073,-0.014261347241699696,0.462342768907547,0.0,0.0,0.3486006259918213,-0.04030933231115341,-0.030821051448583603,0.2916499376296997,0.1742394119501114,0.11844532936811447,-0.13807325065135956,-0.6314308047294617,-1.5515267848968506,-46.932979583740234,0.03995141386985779,0.5130819082260132,-0.3219568729400635,-0.07541344314813614,0.15654303133487701,-0.3775002360343933,0.10608015209436417,20.670400619506836,2.9436442852020264,18.92814826965332,4.446503639221191,-0.04292968660593033,0.07666015625,0.04139648377895355,-0.08892577886581421,0.0,-0.04131540283560753,0.08275793492794037,0.036452267318964005,-0.09172282367944717,0.0,0.5585405826568604,0.4473068416118622,-9.518415451049805,-0.09703802317380905,-0.2560265064239502,-8.491924285888672,0.0,0.0,0.0,0.0,0.0,0.0,0.0,0.0,0.0,0.0,0.0,0.0,-0.040745798498392105,0.0886482521891594,0.03664981946349144,-0.09335806965827942,0.44303980469703674,0.09483566880226135,0.4114524722099304,0.1270376592874527,2.1459059715270996,1.268884539604187,-2.965160846710205,0.0,0.0,0.0,0.0,0.0,0.0,0.0
48278044207,0,-0.03632298484444618,0.028339194133877754,-0.8399537205696106,6.569455581484362e-05,-0.04113857448101044,-0.8442511558532715,0.10362035036087036,-0.08074883371591568,-0.017661571502685547,0.07277772575616837,-0.1389562338590622,-0.004297435283660889,-0.022677170112729073,-0.014261347241699696,0.462342768907547,0.0,0.0,0.3486006259918213,0.021718008443713188,-0.02446185052394867,0.20793254673480988,0.1742394119501114,0.11844532936811447,-0.13807325065135956,-0.6314308047294617,-1.5515267848968506,-46.932979583740234,0.03995141386985779,0.5130819082260132,-0.3219568729400635,-0.07541344314813614,0.15654303133487701,-0.3775002360343933,0.10608015209436417,20.670400619506836,2.9436442852020264,18.92814826965332,4.446503639221191,-0.04139648377895355,0.07512695342302322,0.039863280951976776,-0.08739257603883743,0.0,-0.04131540283560753,0.08275793492794037,0.036452267318964005,-0.09172282367944717,0.0,0.5585405826568604,0.4473068416118622,-9.518415451049805,-0.09703802317380905,-0.2560265064239502,-8.491924285888672,0.0,0.0,0.0,0.0,0.0,0.0,0.0,0.0,0.0,0.0,0.0,0.0,-0.0405421182513237,0.08894023299217224,0.03611879423260689,-0.09436772018671036,0.44303980469703674,0.09483566880226135,0.4114524722099304,0.1270376592874527,2.9362926483154297,0.6257220506668091,-4.000111103057861,0.0,0.0,0.0,0.0,0.0,0.0,0.0
48286871125,0,-0.03340349718928337,0.02771882899105549,-0.840549647808075,6.569455581484362e-05,-0.04113857448101044,-0.8442511558532715,0.11053317785263062,-0.08402097970247269,-0.011585688218474388,0.06693872064352036,-0.13771548867225647,-0.003701508045196533,-0.0212368406355381,-0.014971423894166946,0.46750766038894653,0.0,0.0,0.08293645828962326,0.07429904490709305,-0.0080996910110116,0.11133863776922226,0.16375809907913208,0.12589611113071442,-0.24766948819160461,-0.6689349412918091,-1.490586757659912,-46.961090087890625,-0.031357161700725555,0.5230023264884949,-0.3192724287509918,-0.08009341359138489,0.15254729986190796,-0.38022708892822266,0.09824835509061813,20.51531410217285,2.8937265872955322,18.96307373046875,4.646104335784912,-0.039863280951976776,0.07819335907697678,0.038330078125,-0.09045898169279099,0.0,-0.04147186130285263,0.07036177068948746,0.035679418593645096,-0.08135257661342621,0.0,0.5585405826568604,0.4473068416118622,-9.518415451049805,-0.11644019186496735,-0.23575344681739807,-8.5331449508667,0.0,0.0,0.0,0.0,0.0,0.0,0.0,0.0,0.0,0.0,0.0,0.0,-0.040591854602098465,0.08737117052078247,0.03588351234793663,-0.09389781206846237,0.44024765491485596,0.0937558263540268,0.4120904803276062,0.13127020001411438,2.7399959564208984,0.9040423631668091,-4.650393962860107,0.0,0.0,0.0,0.0,0.0,0.0,0.0
48297931507,0,-0.03340349718928337,0.02771882899105549,-0.840549647808075,6.569455581484362e-05,-0.04113857448101044,-0.8442511558532715,0.11053317785263062,-0.08402097970247269,-0.011585688218474388,0.06693872064352036,-0.13771548867225647,-0.003701508045196533,-0.0212368406355381,-0.014971423894166946,0.46750766038894653,0.0,0.0,0.08293645828962326,0.07429904490709305,-0.0080996910110116,0.11133863776922226,0.16375809907913208,0.12589611113071442,-0.24766948819160461,-0.6003753542900085,-1.1780582666397095,-46.434303283691406,-0.10663195699453354,0.5112704634666443,-0.38741761445999146,-0.08523575961589813,0.14996537566184998,-0.38296616077423096,0.08891694992780685,21.967857360839844,2.0,20.656681060791016,2.913325309753418,-0.032197266817092896,0.07972656190395355,0.038330078125,-0.08585937321186066,0.0,-0.032845642417669296,0.05582607164978981,0.02595691941678524,-0.10208458453416824,0.0,0.5585405826568604,0.4473068416118622,-9.518415451049805,-0.11644019186496735,-0.23575344681739807,-8.5331449508667,0.0,0.0,0.0,0.0,0.0,0.0,0.0,0.0,0.0,0.0,0.0,0.0,-0.0403735376894474,0.08336209505796432,0.035317275673151016,-0.09278658032417297,0.4662535488605499,0.051073022186756134,0.44279301166534424,0.0941799059510231,2.7399959564208984,0.9040423631668091,-4.650393962860107,0.0,0.0,0.0,0.0,0.0,0.0,0.0
48307017629,0,-0.031628914177417755,0.027407927438616753,-0.8409966230392456,6.569455581484362e-05,-0.04113857448101044,-0.8442511558532715,0.11018379777669907,-0.07360631972551346,-0.019552983343601227,0.06338953971862793,-0.1370936930179596,-0.003254532814025879,-0.019443465396761894,-0.014802537858486176,0.46875402331352234,0.0,0.0,0.08293645828962326,0.09622801840305328,0.0015689482679590583,0.058612897992134094,0.14503242075443268,0.12924504280090332,-0.4623151123523712,-0.7201525568962097,-1.3778858184814453,-46.593505859375,-0.12938132882118225,0.5025519132614136,-0.337459921836853,-0.0882309228181839,0.14904804527759552,-0.3842960298061371,0.08336952328681946,20.700843811035156,2.2250709533691406,19.50217628479004,4.2212042808532715,-0.038330078125,0.07972656190395355,0.04906250163912773,-0.09659180045127869,0.0,-0.04047662392258644,0.061448242515325546,0.03312366455793381,-0.07788757979869843,0.0,-0.0005527731264010072,0.9755515456199646,-9.862261772155762,-0.13093683123588562,-0.25052469968795776,-8.471546173095703,0.0,0.0,0.0,0.0,0.0,0.0,0.0,0.0,0.0,0.0,0.0,0.0,-0.039627041667699814,0.07723914831876755,0.03409068286418915,-0.09188313037157059,0.4662535488605499,0.051073022186756134,0.44279301166534424,0.0941799059510231,2.4911935329437256,0.8695989847183228,-4.848465919494629,0.0,0.0,0.0,0.0,0.0,0.0,0.0
48317352087,0,-0.03077874705195427,0.027240663766860962,-0.8412678241729736,6.569455581484362e-05,-0.04113857448101044,-0.8442511558532715,0.11493891477584839,-0.0864301472902298,-0.022236930206418037,0.061689190566539764,-0.13675916194915771,-0.0029833316802978516,-0.018906759098172188,-0.01475224457681179,0.46887096762657166,0.0,0.0,0.002735953312367201,0.09622801840305328,0.0015689482679590583,0.058612897992134094,0.1408066749572754,0.12852078676223755,-0.4624617397785187,-0.7201525568962097,-1.3778858184814453,-46.593505859375,-0.12938132882118225,0.5025519132614136,-0.337459921836853,-0.0882309228181839,0.14904804527759552,-0.3842960298061371,0.08336952328681946,20.700843811035156,2.2250709533691406,19.50217628479004,4.2212042808532715,-0.038330078125,0.0827929675579071,0.04752929508686066,-0.09199218451976776,0.0,-0.04047662392258644,0.061448242515325546,0.03312366455793381,-0.07788757979869843,0.0,-0.03064459189772606,-0.5949814915657043,-9.912125587463379,-0.13054825365543365,-0.22131523489952087,-8.448330879211426,0.0,0.0,0.0,0.0,0.0,0.0,0.0,0.0,0.0,0.0,0.0,0.0,-0.039064642041921616,0.07105459272861481,0.032978370785713196,-0.08997248858213425,0.44358736276626587,0.07922417670488358,0.4219133257865906,0.12224797904491425,2.4911935329437256,0.8695989847183228,-4.848465919494629,0.0,0.0,0.0,0.0,0.0,0.0,0.0
48327451111,0,-0.03077874705195427,0.027240663766860962,-0.8412678241729736,6.569455581484362e-05,-0.04113857448101044,-0.8442511558532715,0.11493891477584839,-0.0864301472902298,-0.022236930206418037,0.0588117390871048,-0.13653217256069183,-0.0025841593742370605,-0.018906759098172188,-0.01475224457681179,0.46887096762657166,0.0,0.0,-0.0047828578390181065,0.1441989541053772,0.018183214589953423,-0.008435793220996857,0.1408066749572754,0.12852078676223755,-0.4624617397785187,-0.7180153727531433,-1.2172337770462036,-46.4658203125,-0.12938132882118225,0.5025519132614136,-0.337459921836853,-0.0882309228181839,0.14904804527759552,-0.3842960298061371,0.08336952328681946,20.931421279907227,2.0,20.02652359008789,3.850656509399414,-0.039863280951976776,0.0827929675579071,0.04139648377895355,-0.09199218451976776,0.0,-0.037278786301612854,0.040309514850378036,0.029380803927779198,-0.07080119848251343,0.0,-0.03064459189772606,-0.5949814915657043,-9.912125587463379,-0.11466163396835327,-0.20960503816604614,-8.601569175720215,0.0,0.0,0.0,0.0,0.0,0.0,0.0,0.0,0.0,0.0,0.0,0.0,-0.03890107199549675,0.06526515632867813,0.03228547051548958,-0.0864759087562561,0.44358736276626587,0.07922417670488358,0.4219133257865906,0.12224797904491425,2.5048489570617676,1.1329792737960815,-3.627028465270996,0.0,0.0,0.0,0.0,0.0,0.0,0.0
48342411538,0,-0.029340028762817383,0.027127167209982872,-0.8416669964790344,6.569455581484362e-05,-0.04113857448101044,-0.8442511558532715,0.10716813802719116,-0.09487885236740112,-0.0025746216997504234,0.0588117390871048,-0.13653217256069183,-0.0025841593742370605,-0.01581442914903164,-0.01461340393871069,0.46847349405288696,0.0,0.0,-0.0047828578390181065,0.1441989541053772,0.018183214589953423,-0.008435793220996857,0.11436528712511063,0.12736599147319794,-0.5579068064689636,-0.6306389570236206,-1.1528277397155762,-47.308631896972656,-0.3047739267349243,0.4489225149154663,-0.35835757851600647,-0.09749937057495117,0.14881525933742523,-0.3877790570259094,0.06684855371713638,21.052597045898438,2.0,20.561338424682617,4.072195529937744,-0.039863280951976776,0.08125976473093033,0.03066406212747097,-0.09199218451976776,0.0,-0.03499229624867439,0.03933216258883476,0.02551536075770855,-0.07142247259616852,0.0,-1.3636322021484375,-0.6208289861679077,-8.420763969421387,-0.11466163396835327,-0.20960503816604614,-8.601569175720215,0.0,0.0,0.0,0.0,0.0,0.0,0.0,0.0,0.0,0.0,0.0,0.0,-0.038563311100006104,0.05874292552471161,0.03140304982662201,-0.08221940696239471,0.4477306306362152,0.067470021545887,0.4314226806163788,0.114341601729393,2.5048489570617676,1.1329792737960815,-3.627028465270996,0.0,0.0,0.0,0.0,0.0,0.0,0.0
48346925423,0,-0.02871253341436386,0.026978254318237305,-0.8416751027107239,6.569455581484362e-05,-0.04113857448101044,-0.8442511558532715,0.11339767277240753,-0.0947335809469223,0.012699446640908718,0.05755674093961716,-0.1362343430519104,-0.0025760531425476074,-0.013771073892712593,-0.013636607676744461,0.468455046415329,0.0,0.0,-0.0047828578390181065,0.1441989541053772,0.018183214589953423,-0.008435793220996857,0.09873821586370468,0.11827155947685242,-0.5668989419937134,-0.6306389570236206,-1.1528277397155762,-47.308631896972656,-0.3047739267349243,0.4489225149154663,-0.35835757851600647,-0.09749937057495117,0.14881525933742523,-0.3877790570259094,0.06684855371713638,21.052597045898438,2.0,20.561338424682617,4.072195529937744,-0.04599609225988388,0.07819335907697678,0.03526367247104645,-0.09199218451976776,0.0,-0.03499229624867439,0.03933216258883476,0.02551536075770855,-0.07142247259616852,0.0,0.43164756894111633,2.092801094055176,-7.844508647918701,-0.12835809588432312,-0.2021651268005371,-8.712638854980469,0.0,0.0,0.0,0.0,0.0,0.0,0.0,0.0,0.0,0.0,0.0,0.0,-0.0378437265753746,0.05199848860502243,0.030060941353440285,-0.07810501754283905,0.4499049782752991,0.06751000881195068,0.44107669591903687,0.11907285451889038,2.5048489570617676,1.1329792737960815,-3.627028465270996,0.0,0.0,0.0,0.0,0.0,0.0,0.0
48356831705,0,-0.02871253341436386,0.026978254318237305,-0.8416751027107239,6.569455581484362e-05,-0.04113857448101044,-0.8442511558532715,0.11339767277240753,-0.0947335809469223,0.012699446640908718,0.05548544228076935,-0.1364070326089859,-0.0029567480087280273,-0.013771073892712593,-0.013636607676744461,0.468455046415329,0.0,0.0,-0.0047828578390181065,0.4510714113712311,0.11466770619153976,-0.09444356709718704,-0.0033517098054289818,0.08329154551029205,-0.5638118386268616,-0.6306389570236206,-1.1528277397155762,-47.308631896972656,-0.3047739267349243,0.4489225149154663,-0.35835757851600647,-0.09749937057495117,0.14881525933742523,-0.3877790570259094,0.06684855371713638,18.244897842407227,3.8568499088287354,19.310651779174805,7.034121990203857,-0.044462889432907104,0.07972656190395355,0.03526367247104645,-0.08432617038488388,0.0,-0.04037996754050255,0.020392147824168205,0.02716829441487789,-0.04132454842329025,0.0,0.43164756894111633,2.092801094055176,-7.844508647918701,-0.10426825284957886,-0.2252521961927414,-8.914502143859863,0.0,0.0,0.0,0.0,0.0,0.0,0.0,0.0,0.0,0.0,0.0,0.0,-0.037212200462818146,0.0454704686999321,0.028638344258069992,-0.0734599232673645,0.4499049782752991,0.06751000881195068,0.44107669591903687,0.11907285451889038,10.198829650878906,3.5018186569213867,-3.902266502380371,0.0,0.0,0.0,0.0,0.0,0.0,0.0
48368067342,0,-0.027676887810230255,0.027064599096775055,-0.8412944078445435,6.569455581484362e-05,-0.04113857448101044,-0.8442511558532715,0.09515301138162613,-0.09034384042024612,0.041228197515010834,0.05548544228076935,-0.1364070326089859,-0.0029567480087280273,-0.0035309777595102787,-0.011591039597988129,0.46676188707351685,0.0,0.0,-0.0047828578390181065,0.4510714113712311,0.11466770619153976,-0.09444356709718704,-0.0033517098054289818,0.08329154551029205,-0.5638118386268616,-0.7695567011833191,-1.4714385271072388,-48.373626708984375,-0.6880983114242554,0.3333529233932495,-0.2667641043663025,-0.10404103994369507,0.15430662035942078,-0.3886565566062927,0.056925222277641296,18.244897842407227,3.8568499088287354,19.310651779174805,7.034121990203857,-0.03066406212747097,0.06746093928813934,0.04752929508686066,-0.08892577886581421,0.0,-0.04964520409703255,0.03502656891942024,0.035180769860744476,-0.05137808248400688,0.0,0.18571051955223083,-1.1177626848220825,-7.872364521026611,-0.10426825284957886,-0.2252521961927414,-8.914502143859863,0.0,0.0,0.0,0.0,0.0,0.0,0.0,0.0,0.0,0.0,0.0,0.0,-0.037665024399757385,0.03918112441897392,0.02796080708503723,-0.06709781289100647,0.3989305794239044,0.11447399854660034,0.4184291660785675,0.18114073574543,10.198829650878906,3.5018186569213867,-3.902266502380371,0.0,0.0,0.0,0.0,0.0,0.0,0.0
48377176149,0,-0.027676887810230255,0.027064599096775055,-0.8412944078445435,6.569455581484362e-05,-0.04113857448101044,-0.8442511558532715,0.09515301138162613,-0.09034384042024612,0.041228197515010834,0.05548544228076935,-0.1364070326089859,-0.0029567480087280273,-0.0035309777595102787,-0.011591039597988129,0.46676188707351685,0.0,0.0,-0.0047828578390181065,0.6431772708892822,0.24353837966918945,-0.1531408280134201,-0.0033517098054289818,0.08329154551029205,-0.5638118386268616,-0.7695567011833191,-1.4714385271072388,-48.373626708984375,-0.6880983114242554,0.3333529233932495,-0.2667641043663025,-0.10404103994369507,0.15430662035942078,-0.3886565566062927,0.056925222277641296,18.244897842407227,3.8568499088287354,19.310651779174805,7.034121990203857,-0.03373046964406967,0.07206054776906967,0.04599609225988388,-0.07972656190395355,0.0,-0.04964520409703255,0.03502656891942024,0.035180769860744476,-0.05137808248400688,0.0,0.07568591833114624,0.5877574682235718,-7.824168682098389,-0.10426825284957886,-0.2252521961927414,-8.914502143859863,0.0,0.0,0.0,0.0,0.0,0.0,0.0,0.0,0.0,0.0,0.0,0.0,-0.039670977741479874,0.034646205604076385,0.028590235859155655,-0.06060434505343437,0.3989305794239044,0.11447399854660034,0.4184291660785675,0.18114073574543,10.45297908782959,6.2380900382995605,-2.9070630073547363,0.0,0.0,0.0,0.0,0.0,0.0,0.0
48387770587,0,-0.02643677406013012,0.026948876678943634,-0.8398508429527283,6.569455581484362e-05,-0.04113857448101044,-0.8442511558532715,0.09227012097835541,-0.06701420992612839,0.08135294169187546,0.05300519987940788,-0.13617558777332306,-0.004400312900543213,0.015342997387051582,-0.0028613072354346514,0.4625343084335327,0.0,0.0,-0.0047828578390181065,0.731285572052002,0.30222710967063904,-0.13336998224258423,-0.12356611341238022,0.01126460637897253,-0.5599736571311951,-0.6798694133758545,-1.487455129623413,-50.512451171875,-1.1799434423446655,0.007904142141342163,-0.24199765920639038,-0.11232542991638184,0.1669071465730667,-0.38639169931411743,0.04554005712270737,16.902055740356445,4.760127544403076,20.481863021850586,8.439712524414062,-0.032197266817092896,0.06746093928813934,0.03373046964406967,-0.07666015625,0.0,-0.05258338898420334,0.034340228885412216,0.03145603835582733,-0.048316359519958496,0.0,0.07568591833114624,0.5877574682235718,-7.824168682098389,-0.12361261993646622,-0.27044638991355896,-9.18408203125,0.0,0.0,0.0,0.0,0.0,0.0,0.0,0.0,0.0,0.0,0.0,0.0,-0.04263358935713768,0.03245440497994423,0.029944099485874176,-0.05556704103946686,0.3634752929210663,0.1459280103445053,0.41453033685684204,0.21768856048583984,9.410311698913574,5.825906276702881,-0.5467448234558105,0.0,0.0,0.0,0.0,0.0,0.0,0.0
48396954632,0,-0.02605382725596428,0.026948312297463417,-0.8390260338783264,6.569455581484362e-05,-0.04113857448101044,-0.8442511558532715,0.09230254590511322,-0.08291641622781754,0.10434839874505997,0.052239302545785904,-0.13617445528507233,-0.005225121974945068,0.022512860596179962,-0.00019098620396107435,0.4621462821960449,0.0,0.0,-0.0047828578390181065,0.731285572052002,0.30222710967063904,-0.13336998224258423,-0.17833539843559265,-0.015177576802670956,-0.5594678521156311,-0.6798694133758545,-1.487455129623413,-50.512451171875,-1.1799434423446655,0.007904142141342163,-0.24199765920639038,-0.11232542991638184,0.17621932923793793,-0.3835678994655609,0.04021712392568588,16.902055740356445,4.760127544403076,20.481863021850586,8.439712524414062,-0.03066406212747097,0.04752929508686066,0.03373046964406967,-0.08892577886581421,0.0,-0.05258338898420334,0.034340228885412216,0.03145603835582733,-0.048316359519958496,0.0,0.1267266869544983,-0.7080751657485962,-7.188848495483398,-0.11043091863393784,-0.24364705383777618,-9.34873104095459,0.0,0.0,0.0,0.0,0.0,0.0,0.0,0.0,0.0,0.0,0.0,0.0,-0.045791104435920715,0.03175609931349754,0.03106076642870903,-0.05189292132854462,0.3740925192832947,0.13368357717990875,0.4396449625492096,0.2098623812198639,9.410311698913574,5.825906276702881,-0.5467448234558105,0.0,0.0,0.0,0.0,0.0,0.0,0.0
48407264025,0,-0.02605382725596428,0.026948312297463417,-0.8390260338783264,6.569455581484362e-05,-0.04113857448101044,-0.8442511558532715,0.09230254590511322,-0.08291641622781754,0.10434839874505997,0.052239302545785904,-0.13617445528507233,-0.005225121974945068,0.022512860596179962,-0.00019098620396107435,0.4621462821960449,0.0,0.0,-0.0047828578390181065,0.8818041682243347,0.359477698802948,-0.04942316561937332,-0.17833539843559265,-0.015177576802670956,-0.5594678521156311,-0.6297608017921448,-1.6239392757415771,-52.826942443847656,-1.4655848741531372,-0.09542787075042725,-0.3191825747489929,-0.1197342723608017,0.2000381052494049,-0.3755558133125305,0.03363032639026642,18.81796646118164,3.1113312244415283,23.589759826660156,7.374052047729492,-0.029130859300494194,0.04906250163912773,0.044462889432907104,-0.07819335907697678,0.0,-0.049278680235147476,0.0712030902504921,0.02826421894133091,-0.06536219269037247,0.0,0.1267266869544983,-0.7080751657485962,-7.188848495483398,-0.11043091863393784,-0.24364705383777618,-9.34873104095459,0.0,0.0,0.0,0.0,0.0,0.0,0.0,0.0,0.0,0.0,0.0,0.0,-0.04844491183757782,0.03359005227684975,0.03153564780950546,-0.0502123199403286,0.40943849086761475,0.0984584242105484,0.4949151873588562,0.1881285458803177,7.394160747528076,3.292102813720703,2.252910852432251,0.0,0.0,0.0,0.0,0.0,0.0,0.0
48420325078,0,-0.02554325945675373,0.027140839025378227,-0.8367087244987488,6.569455581484362e-05,-0.04113857448101044,-0.8442511558532715,0.07732322067022324,-0.05547674372792244,0.15828819572925568,0.05121816322207451,-0.13655951619148254,-0.007542431354522705,0.0397241972386837,0.006204256322234869,0.4625864326953888,0.0,0.0,-0.0047828578390181065,0.8818041682243347,0.359477698802948,-0.04942316561937332,-0.3098010718822479,-0.0785849541425705,-0.559766411781311,-0.6297608017921448,-1.6239392757415771,-52.826942443847656,-1.4655848741531372,-0.09542787075042725,-0.3191825747489929,-0.1197342723608017,0.2000381052494049,-0.3755558133125305,0.03363032639026642,18.81796646118164,3.1113312244415283,23.589759826660156,7.374052047729492,-0.04906250163912773,0.055195312947034836,0.039863280951976776,-0.07206054776906967,0.0,-0.049278680235147476,0.0712030902504921,0.02826421894133091,-0.06536219269037247,0.0,0.39839211106300354,-0.5297374725341797,-5.642739295959473,-0.1083153709769249,-0.31415361166000366,-9.71438980102539,0.0,0.0,0.0,0.0,0.0,0.0,0.0,0.0,0.0,0.0,0.0,0.0,-0.05005639046430588,0.03973208740353584,0.03131277486681938,-0.0513949915766716,0.40943849086761475,0.0984584242105484,0.4949151873588562,0.1881285458803177,7.394160747528076,3.292102813720703,2.252910852432251,0.0,0.0,0.0,0.0,0.0,0.0,0.0
48428857577,0,-0.02504546567797661,0.02724563516676426,-0.8330810070037842,6.569455581484362e-05,-0.04113857448101044,-0.8442511558532715,0.08360272645950317,-0.07700046896934509,0.2541220188140869,0.05022256821393967,-0.136769101023674,-0.011170148849487305,0.055506426841020584,0.01481336634606123,0.4603191018104553,0.0,0.0,-0.0047828578390181065,0.8837202787399292,0.420987993478775,-0.037859778851270676,-0.4283462464809418,-0.1582460105419159,-0.5565966963768005,-0.5713553428649902,-1.617976427078247,-55.68531799316406,-1.5519495010375977,-0.2433401644229889,-0.3133784532546997,-0.1268579661846161,0.22669970989227295,-0.3656279146671295,0.029735952615737915,19.017229080200195,4.071203708648682,24.51778221130371,8.13970947265625,-0.04906250163912773,0.05059570446610451,0.039863280951976776,-0.07206054776906967,0.0,-0.04797147586941719,0.05705277994275093,0.025949660688638687,-0.06244149059057236,0.0,0.39839211106300354,-0.5297374725341797,-5.642739295959473,-0.09642358124256134,-0.2861696183681488,-10.407709121704102,0.0,0.0,0.0,0.0,0.0,0.0,0.0,0.0,0.0,0.0,0.0,0.0,-0.050645120441913605,0.04790728911757469,0.030533848330378532,-0.05441923812031746,0.41307947039604187,0.1190517470240593,0.5111422538757324,0.20376981794834137,1.318326711654663,2.9734082221984863,2.144777297973633,0.0,0.0,0.0,0.0,0.0,0.0,0.0
48437107686,0,-0.02504546567797661,0.02724563516676426,-0.8330810070037842,6.569455581484362e-05,-0.04113857448101044,-0.8442511558532715,0.08360272645950317,-0.07700046896934509,0.2541220188140869,0.05022256821393967,-0.136769101023674,-0.011170148849487305,0.055506426841020584,0.01481336634606123,0.4603191018104553,0.0,0.0,-0.0047828578390181065,0.817680835723877,0.38301578164100647,0.05488472059369087,-0.4283462464809418,-0.1582460105419159,-0.5565966963768005,-0.5713553428649902,-1.617976427078247,-55.68531799316406,-1.5519495010375977,-0.2433401644229889,-0.3133784532546997,-0.1268579661846161,0.22669970989227295,-0.3656279146671295,0.029735952615737915,19.017229080200195,4.071203708648682,24.51778221130371,8.13970947265625,-0.04752929508686066,0.04292968660593033,0.036796875298023224,-0.06899414211511612,0.0,-0.04797147586941719,0.05705277994275093,0.025949660688638687,-0.06244149059057236,0.0,-0.3021434545516968,-1.3941619396209717,-3.8923959732055664,-0.09642358124256134,-0.2861696183681488,-10.407709121704102,0.0,0.0,0.0,0.0,0.0,0.0,0.0,0.0,0.0,0.0,0.0,0.0,-0.05050159990787506,0.05426832288503647,0.02941163256764412,-0.05752166733145714,0.41307947039604187,0.1190517470240593,0.5111422538757324,0.20376981794834137,-2.268446445465088,-0.40220049023628235,5.183703899383545,0.0,0.0,0.0,0.0,0.0,0.0,0.0
48448040442,0,-0.024797456339001656,0.027151459828019142,-0.8306342363357544,6.569455581484362e-05,-0.04113857448101044,-0.8442511558532715,0.07602238655090332,-0.08260498195886612,0.28960052132606506,0.04972654953598976,-0.13658075034618378,-0.01361691951751709,0.06114485487341881,0.01769193261861801,0.4638253152370453,0.0,0.0,-0.0047828578390181065,0.817680835723877,0.38301578164100647,0.05488472059369087,-0.4972251355648041,-0.1943570375442505,-0.5611381530761719,-0.530329704284668,-1.5739328861236572,-57.242401123046875,-1.5068464279174805,-0.20483911037445068,-0.4125826954841614,-0.13079029321670532,0.2411620318889618,-0.3596803545951843,0.029940113425254822,22.032012939453125,2.0,27.254634857177734,6.041431427001953,-0.04139648377895355,0.044462889432907104,0.03373046964406967,-0.06132812425494194,0.0,-0.04023106396198273,0.11364751309156418,0.02208266779780388,-0.08470583707094193,0.0,-0.23797734081745148,0.13265252113342285,-6.180551528930664,-0.07600599527359009,-0.2894118130207062,-10.647061347961426,0.0,0.0,0.0,0.0,0.0,0.0,0.0,0.0,0.0,0.0,0.0,0.0,-0.049607053399086,0.06052137911319733,0.028042495250701904,-0.060982417315244675,0.46739470958709717,0.0736803188920021,0.5582964420318604,0.16057874262332916,-2.268446445465088,-0.40220049023628235,5.183703899383545,0.0,0.0,0.0,0.0,0.0,0.0,0.0
48457189503,0,-0.024797456339001656,0.027151459828019142,-0.8306342363357544,6.569455581484362e-05,-0.04113857448101044,-0.8442511558532715,0.07602238655090332,-0.08260498195886612,0.28960052132606506,0.04972654953598976,-0.13658075034618378,-0.01361691951751709,0.06114485487341881,0.01769193261861801,0.4638253152370453,0.0,0.0,-0.0047828578390181065,0.7989665865898132,0.27560955286026,-0.022889137268066406,-0.4972251355648041,-0.1943570375442505,-0.5611381530761719,-0.530329704284668,-1.5739328861236572,-57.242401123046875,-1.5068464279174805,-0.20483911037445068,-0.4125826954841614,-0.13079029321670532,0.2411620318889618,-0.3596803545951843,0.029940113425254822,22.032012939453125,2.0,27.254634857177734,6.041431427001953,-0.044462889432907104,0.04292968660593033,0.03526367247104645,-0.05826171860098839,0.0,-0.04023106396198273,0.11364751309156418,0.02208266779780388,-0.08470583707094193,0.0,-0.23797734081745148,0.13265252113342285,-6.180551528930664,-0.07600599527359009,-0.2894118130207062,-10.647061347961426,0.0,0.0,0.0,0.0,0.0,0.0,0.0,0.0,0.0,0.0,0.0,0.0,-0.04779405891895294,0.07078911364078522,0.026447780430316925,-0.06603498011827469,0.46739470958709717,0.0736803188920021,0.5582964420318604,0.16057874262332916,-1.318705439567566,-3.3618178367614746,-2.012808084487915,0.0,0.0,0.0,0.0,0.0,0.0,0.0
48466851544,0,-0.024434957653284073,0.027496514841914177,-0.8214858770370483,6.569455581484362e-05,-0.04113857448101044,-0.8442511558532715,0.06471133232116699,-0.06336856633424759,0.36803582310676575,0.0490015484392643,-0.13727086782455444,-0.022765278816223145,0.08293244242668152,0.0240403413772583,0.46117103099823,0.0,0.0,-0.0047828578390181065,0.7541825175285339,0.2668844163417816,-0.05325977876782417,-0.6383728981018066,-0.25164559483528137,-0.5566250085830688,-0.5776805281639099,-2.1722989082336426,-61.67353820800781,-1.6708528995513916,-0.12514325976371765,-0.2740665674209595,-0.13840968906879425,0.2687376141548157,-0.35034769773483276,0.031884536147117615,19.5529727935791,6.182802677154541,25.03094482421875,10.987472534179688,-0.044462889432907104,0.04292968660593033,0.03526367247104645,-0.06746093928813934,0.0,-0.05745048075914383,0.06690265238285065,0.032838039100170135,-0.06504971534013748,0.0,0.7255450487136841,-1.2630462646484375,-6.781034469604492,-0.06665029376745224,-0.3625152111053467,-11.129085540771484,0.0,0.0,0.0,0.0,0.0,0.0,0.0,0.0,0.0,0.0,0.0,0.0,-0.04630118981003761,0.08159103244543076,0.025354163721203804,-0.07105839997529984,0.422836571931839,0.16352126002311707,0.5200625061988831,0.26080965995788574,-2.9930901527404785,-2.3566441535949707,-2.4644477367401123,0.0,0.0,0.0,0.0,0.0,0.0,0.0
48476674194,0,-0.02428380213677883,0.027605287730693817,-0.8180220723152161,6.569455581484362e-05,-0.04113857448101044,-0.8442511558532715,0.07463840395212173,-0.056885458528995514,0.4025566279888153,0.048699233680963516,-0.13748840987682343,-0.02622908353805542,0.0881761759519577,0.02618602104485035,0.4612562358379364,0.0,0.0,-0.0047828578390181065,0.7541825175285339,0.2668844163417816,-0.05325977876782417,-0.6782217025756836,-0.2725207209587097,-0.55646812915802,-0.366576611995697,-1.9938336610794067,-61.20996856689453,-1.6663126945495605,-0.16158929467201233,-0.24246610701084137,-0.14199583232402802,0.2819160223007202,-0.3462231457233429,0.031972721219062805,18.591480255126953,6.92181921005249,24.17424774169922,11.593894958496094,-0.04599609225988388,0.04752929508686066,0.036796875298023224,-0.06746093928813934,0.0,-0.05321475490927696,0.06085669621825218,0.028140591457486153,-0.06297694146633148,0.0,0.7255450487136841,-1.2630462646484375,-6.781034469604492,-0.08730955421924591,-0.37627798318862915,-11.37507152557373,0.0,0.0,0.0,0.0,0.0,0.0,0.0,0.0,0.0,0.0,0.0,0.0,-0.04663455858826637,0.08607065677642822,0.025484424084424973,-0.07323136180639267,0.4052921533584595,0.17882642149925232,0.5051496624946594,0.2727352976799011,-2.9930901527404785,-2.3566441535949707,-2.4644477367401123,0.0,0.0,0.0,0.0,0.0,0.0,0.0
48486891960,0,-0.02428380213677883,0.027605287730693817,-0.8180220723152161,6.569455581484362e-05,-0.04113857448101044,-0.8442511558532715,0.07463840395212173,-0.056885458528995514,0.4025566279888153,0.048699233680963516,-0.13748840987682343,-0.02622908353805542,0.0881761759519577,0.02618602104485035,0.4612562358379364,0.0,0.0,-0.0047828578390181065,0.604634165763855,0.30332449078559875,-0.09153924882411957,-0.6782217025756836,-0.2725207209587097,-0.55646812915802,-0.24990972876548767,-2.2595999240875244,-63.56927490234375,-1.604066252708435,-0.30430710315704346,-0.2026800513267517,-0.15040531754493713,0.31171107292175293,-0.335188090801239,0.03263154625892639,18.056346893310547,8.826366424560547,23.89496612548828,12.85421371459961,-0.04752929508686066,0.05826171860098839,0.03526367247104645,-0.06286133080720901,0.0,-0.05822460725903511,0.06201867386698723,0.030293919146060944,-0.06804709136486053,0.0,0.7255450487136841,-1.2630462646484375,-6.781034469604492,-0.08730955421924591,-0.37627798318862915,-11.37507152557373,0.0,0.0,0.0,0.0,0.0,0.0,0.0,0.0,0.0,0.0,0.0,0.0,-0.048439253121614456,0.08395364135503769,0.02635466307401657,-0.07273734360933304,0.3954615592956543,0.2176847755908966,0.5002655386924744,0.29728370904922485,-6.0360236167907715,0.3870193362236023,-2.6628308296203613,0.0,0.0,0.0,0.0,0.0,0.0,0.0
48497863602,0,-0.02420269511640072,0.0277705080807209,-0.8104578852653503,6.569455581484362e-05,-0.04113857448101044,-0.8442511558532715,0.07134941965341568,-0.06445781886577606,0.4347224235534668,0.04853701964020729,-0.137818843126297,-0.03379327058792114,0.0976397693157196,0.03287690877914429,0.46002882719039917,0.0,0.0,-0.0047828578390181065,0.5303412079811096,0.26470860838890076,-0.16312776505947113,-0.7480812072753906,-0.3323005437850952,-0.554315447807312,-0.36751309037208557,-2.10225510597229,-63.7031135559082,-1.604066252708435,-0.30430710315704346,-0.2026800513267517,-0.15040531754493713,0.31171107292175293,-0.335188090801239,0.03263154625892639,16.155752182006836,10.890304565429688,21.806163787841797,14.924080848693848,-0.04906250163912773,0.05826171860098839,0.03066406212747097,-0.05826171860098839,0.0,-0.0642118901014328,0.04131821542978287,0.032552093267440796,-0.05207417532801628,0.0,0.8652196526527405,-1.6959447860717773,-8.185468673706055,-0.06682056188583374,-0.38222819566726685,-11.58238410949707,0.0,0.0,0.0,0.0,0.0,0.0,0.0,0.0,0.0,0.0,0.0,0.0,-0.051177576184272766,0.07785630971193314,0.027514390647411346,-0.07065814733505249,0.3954615592956543,0.2176847755908966,0.5002655386924744,0.29728370904922485,-6.662047386169434,-1.6362870931625366,-4.678765773773193,0.0,0.0,0.0,0.0,0.0,0.0,0.0
48506817312,0,-0.02420269511640072,0.0277705080807209,-0.8104578852653503,6.569455581484362e-05,-0.04113857448101044,-0.8442511558532715,0.07134941965341568,-0.06445781886577606,0.4347224235534668,0.04853701964020729,-0.137818843126297,-0.03379327058792114,0.0976397693157196,0.03287690877914429,0.46002882719039917,0.0,0.0,-0.0047828578390181065,0.44876280426979065,0.22065402567386627,-0.20789805054664612,-0.7480812072753906,-0.3323005437850952,-0.554315447807312,-0.36751309037208557,-2.10225510597229,-63.7031135559082,-1.604066252708435,-0.30430710315704346,-0.2026800513267517,-0.15040531754493713,0.31171107292175293,-0.335188090801239,0.03263154625892639,16.155752182006836,10.890304565429688,21.806163787841797,14.924080848693848,-0.04906250163912773,0.059794921427965164,0.02299804612994194,-0.06439453363418579,0.0,-0.0642118901014328,0.04131821542978287,0.032552093267440796,-0.05207417532801628,0.0,0.8652196526527405,-1.6959447860717773,-8.185468673706055,-0.06682056188583374,-0.38222819566726685,-11.58238410949707,0.0,0.0,0.0,0.0,0.0,0.0,0.0,0.0,0.0,0.0,0.0,0.0,-0.05465329438447952,0.0690702423453331,0.028910178691148758,-0.06694318354129791,0.3954615592956543,0.2176847755908966,0.5002655386924744,0.29728370904922485,-7.6988959312438965,-3.064570665359497,-4.787914752960205,0.0,0.0,0.0,0.0,0.0,0.0,0.0
48517965005,0,-0.024221647530794144,0.02793457731604576,-0.8027247786521912,6.569455581484362e-05,-0.04113857448101044,-0.8442511558532715,0.04347055032849312,-0.045321159064769745,0.4449336528778076,0.04857492446899414,-0.1381469964981079,-0.04152637720108032,0.10467085987329483,0.03612607717514038,0.4553123116493225,0.0,0.0,-0.0047828578390181065,0.34393924474716187,0.15906110405921936,-0.2402672916650772,-0.8015413880348206,-0.36245232820510864,-0.5482325553894043,-0.2774656116962433,-2.426342010498047,-63.605377197265625,-1.5111027956008911,-0.22804981470108032,-0.08013641834259033,-0.1581418514251709,0.3377875089645386,-0.3244107961654663,0.030906543135643005,14.958085060119629,12.658439636230469,19.852018356323242,16.512447357177734,-0.032197266817092896,0.0705273449420929,0.039863280951976776,-0.06746093928813934,0.0,-0.07547123730182648,0.04645601287484169,0.03950485587120056,-0.05645018443465233,0.0,0.6607418656349182,0.06439534574747086,-8.02345085144043,-0.02898254431784153,-0.452297568321228,-11.617730140686035,0.0,0.0,0.0,0.0,0.0,0.0,0.0,0.0,0.0,0.0,0.0,0.0,-0.058645930141210556,0.05986515432596207,0.030589420348405838,-0.06257425993680954,0.34302347898483276,0.2796047031879425,0.4416622817516327,0.3553656339645386,-8.767577171325684,-4.412450790405273,-3.895181655883789,0.0,0.0,0.0,0.0,0.0,0.0,0.0
48528800139,0,-0.024218924343585968,0.028024552389979362,-0.7986901998519897,6.569455581484362e-05,-0.04113857448101044,-0.8442511558532715,0.05164308100938797,-0.041548483073711395,0.45489075779914856,0.04856947809457779,-0.13832694292068481,-0.04556095600128174,0.10657605528831482,0.03708181157708168,0.4529074728488922,0.0,0.0,-0.0047828578390181065,0.34393924474716187,0.15906110405921936,-0.2402672916650772,-0.8160610198974609,-0.37101754546165466,-0.5452291369438171,-0.159403994679451,-2.4876365661621094,-63.89751434326172,-1.4229973554611206,-0.16668853163719177,-0.05664105713367462,-0.16218383610248566,0.3506728410720825,-0.31926560401916504,0.029055312275886536,14.958085060119629,12.658439636230469,19.852018356323242,16.512447357177734,-0.036796875298023224,0.06899414211511612,0.039863280951976776,-0.06439453363418579,0.0,-0.0744202509522438,0.051123954355716705,0.03827160596847534,-0.06056355684995651,0.0,-0.017640622332692146,-0.6106280088424683,-9.560325622558594,-0.04477910324931145,-0.4574069380760193,-11.69957447052002,0.0,0.0,0.0,0.0,0.0,0.0,0.0,0.0,0.0,0.0,0.0,0.0,-0.06314638257026672,0.05284195393323898,0.03268279507756233,-0.05928339809179306,0.3375795781612396,0.29349079728126526,0.4282628893852234,0.3668283522129059,-8.767577171325684,-4.412450790405273,-3.895181655883789,0.0,0.0,0.0,0.0,0.0,0.0,0.0
48536893387,0,-0.024218924343585968,0.028024552389979362,-0.7986901998519897,6.569455581484362e-05,-0.04113857448101044,-0.8442511558532715,0.05164308100938797,-0.041548483073711395,0.45489075779914856,0.04856947809457779,-0.13832694292068481,-0.04556095600128174,0.10657605528831482,0.03708181157708168,0.4529074728488922,0.0,0.0,-0.0047828578390181065,0.1410839557647705,0.056938644498586655,-0.22706829011440277,-0.8160610198974609,-0.37101754546165466,-0.5452291369438171,-0.159403994679451,-2.4876365661621094,-63.89751434326172,-1.4229973554611206,-0.16668853163719177,-0.05664105713367462,-0.16218383610248566,0.3506728410720825,-0.31926560401916504,0.029055312275886536,14.958085060119629,12.658439636230469,19.852018356323242,16.512447357177734,-0.039863280951976776,0.05672851577401161,0.026064453646540642,-0.059794921427965164,0.0,-0.0744202509522438,0.051123954355716705,0.03827160596847534,-0.06056355684995651,0.0,-0.017640622332692146,-0.6106280088424683,-9.560325622558594,-0.04477910324931145,-0.4574069380760193,-11.69957447052002,0.0,0.0,0.0,0.0,0.0,0.0,0.0,0.0,0.0,0.0,0.0,0.0,-0.06748858094215393,0.0488554984331131,0.03480052202939987,-0.057711370289325714,0.3375795781612396,0.29349079728126526,0.4282628893852234,0.3668283522129059,-10.092053413391113,-5.019720077514648,-0.2222537249326706,0.0,0.0,0.0,0.0,0.0,0.0,0.0
48548071656,0,-0.024227647110819817,0.028020665049552917,-0.7906836867332458,6.569455581484362e-05,-0.04113857448101044,-0.8442511558532715,0.04356752708554268,-0.04049662873148918,0.4491681754589081,0.048586923629045486,-0.13831916451454163,-0.053567469120025635,0.10853465646505356,0.03841101750731468,0.44889035820961,0.0,0.0,-0.0047828578390181065,0.1410839557647705,0.056938644498586655,-0.22706829011440277,-0.8042879700660706,-0.3641180396080017,-0.5370985865592957,-0.15231038630008698,-2.724961280822754,-64.18433380126953,-1.242997646331787,-0.07788079977035522,-0.08910487592220306,-0.1694028228521347,0.3719782829284668,-0.31115666031837463,0.025828003883361816,16.25483512878418,12.060521125793457,20.317115783691406,15.629976272583008,-0.044462889432907104,0.05672851577401161,0.026064453646540642,-0.06746093928813934,0.0,-0.07397793978452682,0.060185957700014114,0.04101809114217758,-0.07003193348646164,0.0,0.992664635181427,-0.8910484313964844,-8.793742179870605,-0.028947804123163223,-0.4692509174346924,-11.6676664352417,0.0,0.0,0.0,0.0,0.0,0.0,0.0,0.0,0.0,0.0,0.0,0.0,-0.07088280469179153,0.04773155227303505,0.03660925477743149,-0.05790132284164429,0.3620104491710663,0.2818610370159149,0.43667376041412354,0.35027584433555603,-10.092053413391113,-5.019720077514648,-0.2222537249326706,0.0,0.0,0.0,0.0,0.0,0.0,0.0
48559226814,0,-0.024227647110819817,0.028020665049552917,-0.7906836867332458,6.569455581484362e-05,-0.04113857448101044,-0.8442511558532715,0.04356752708554268,-0.04049662873148918,0.4491681754589081,0.048586923629045486,-0.13831916451454163,-0.053567469120025635,0.10853465646505356,0.03841101750731468,0.44889035820961,0.0,0.0,-0.0047828578390181065,-0.12241937965154648,-0.07576341181993484,-0.19002564251422882,-0.8042879700660706,-0.3641180396080017,-0.5370985865592957,-0.15231038630008698,-2.724961280822754,-64.18433380126953,-1.242997646331787,-0.07788079977035522,-0.08910487592220306,-0.1694028228521347,0.38148438930511475,-0.30773431062698364,0.025233224034309387,16.25483512878418,12.060521125793457,20.317115783691406,15.629976272583008,-0.04906250163912773,0.05826171860098839,0.036796875298023224,-0.06899414211511612,0.0,-0.07397793978452682,0.060185957700014114,0.04101809114217758,-0.07003193348646164,0.0,0.22775131464004517,0.019328251481056213,-10.002983093261719,-0.028947804123163223,-0.4692509174346924,-11.6676664352417,0.0,0.0,0.0,0.0,0.0,0.0,0.0,0.0,0.0,0.0,0.0,0.0,-0.07314366847276688,0.04905890300869942,0.03818565979599953,-0.059796370565891266,0.38855883479118347,0.26689931750297546,0.4483444094657898,0.33140459656715393,-12.306381225585938,-6.268169403076172,0.8419452905654907,0.0,0.0,0.0,0.0,0.0,0.0,0.0
48567006769,0,-0.02409624494612217,0.027580292895436287,-0.7785856127738953,6.569455581484362e-05,-0.04113857448101044,-0.8442511558532715,0.024320773780345917,-0.024845430627465248,0.452311247587204,0.04832411929965019,-0.13743841648101807,-0.06566554307937622,0.10251771658658981,0.03500658646225929,0.4433681070804596,0.0,0.0,-0.0047828578390181065,-0.2655090093612671,-0.16540925204753876,-0.19961024820804596,-0.8042879700660706,-0.3641180396080017,-0.5370985865592957,-0.047996751964092255,-2.804816246032715,-64.53496551513672,-0.7407715916633606,0.21965330839157104,-0.09523651003837585,-0.17999732494354248,0.39458221197128296,-0.3037964403629303,0.025226503610610962,17.72109031677246,12.30652904510498,19.32883644104004,15.24618911743164,-0.05059570446610451,0.059794921427965164,0.036796875298023224,-0.0705273449420929,0.0,-0.06800936162471771,0.06334483623504639,0.04207248613238335,-0.07683786749839783,0.0,0.22775131464004517,0.019328251481056213,-10.002983093261719,-0.008726682513952255,-0.5099666118621826,-11.733630180358887,0.0,0.0,0.0,0.0,0.0,0.0,0.0,0.0,0.0,0.0,0.0,0.0,-0.07413419336080551,0.05191067233681679,0.03953225538134575,-0.06293108314275742,0.3892783522605896,0.2866545021533966,0.41876018047332764,0.34303367137908936,-13.127260208129883,-7.421116828918457,0.07566742599010468,0.0,0.0,0.0,0.0,0.0,0.0,0.0
48576884269,0,-0.023911556228995323,0.027374761179089546,-0.7746031880378723,6.569455581484362e-05,-0.04113857448101044,-0.8442511558532715,0.03960859403014183,-0.05720844119787216,0.4370499849319458,0.0479547381401062,-0.13702735304832458,-0.06964796781539917,0.09677714109420776,0.03223148360848427,0.44122734665870667,0.0,0.0,-0.0047828578390181065,-0.2655090093612671,-0.16540925204753876,-0.19961024820804596,-0.7429710030555725,-0.32376354932785034,-0.5319444537162781,-0.047996751964092255,-2.804816246032715,-64.53496551513672,-0.7407715916633606,0.21965330839157104,-0.09523651003837585,-0.17999732494354248,0.39458221197128296,-0.3037964403629303,0.025226503610610962,17.72109031677246,12.30652904510498,19.32883644104004,15.24618911743164,-0.055195312947034836,0.055195312947034836,0.032197266817092896,-0.059794921427965164,0.0,-0.06800936162471771,0.06334483623504639,0.04207248613238335,-0.07683786749839783,0.0,0.8479064702987671,-3.744239330291748,-10.684759140014648,-0.012184493243694305,-0.4299072027206421,-11.674755096435547,0.0,0.0,0.0,0.0,0.0,0.0,0.0,0.0,0.0,0.0,0.0,0.0,-0.07376648485660553,0.055277395993471146,0.04061463102698326,-0.0667249783873558,0.3892783522605896,0.2866545021533966,0.41876018047332764,0.34303367137908936,-13.127260208129883,-7.421116828918457,0.07566742599010468,0.0,0.0,0.0,0.0,0.0,0.0,0.0
48587116417,0,-0.023911556228995323,0.027374761179089546,-0.7746031880378723,6.569455581484362e-05,-0.04113857448101044,-0.8442511558532715,0.03960859403014183,-0.05720844119787216,0.4370499849319458,0.0479547381401062,-0.13702735304832458,-0.06964796781539917,0.09677714109420776,0.03223148360848427,0.44122734665870667,0.0,0.0,-0.0047828578390181065,-0.47070562839508057,-0.25363677740097046,-0.12477616220712662,-0.7429710030555725,-0.32376354932785034,-0.5319444537162781,-0.013519437983632088,-2.643571615219116,-64.14871215820312,-0.5150765180587769,0.3128121495246887,-0.17395788431167603,-0.18712204694747925,0.39458221197128296,-0.3037964403629303,0.025226503610610962,20.1068172454834,10.430397987365723,20.703920364379883,12.99493408203125,-0.04752929508686066,0.04906250163912773,0.029130859300494194,-0.05826171860098839,0.0,-0.05686793476343155,0.0697057917714119,0.035557765513658524,-0.0873185321688652,0.0,0.8479064702987671,-3.744239330291748,-10.684759140014648,-0.012184493243694305,-0.4299072027206421,-11.674755096435547,0.0,0.0,0.0,0.0,0.0,0.0,0.0,0.0,0.0,0.0,0.0,0.0,-0.07200932502746582,0.05871529132127762,0.04111543297767639,-0.07094045728445053,0.3892783522605896,0.2866545021533966,0.41876018047332764,0.34303367137908936,-9.61818790435791,-4.063456058502197,2.962430000305176,0.0,0.0,0.0,0.0,0.0,0.0,0.0
48597057024,0,-0.02371382527053356,0.026828931644558907,-0.7667540907859802,6.569455581484362e-05,-0.04113857448101044,-0.8442511558532715,0.010275918990373611,-0.01793750748038292,0.4486047625541687,0.04755927622318268,-0.1359356939792633,-0.07749706506729126,0.08843834698200226,0.02810586430132389,0.43960535526275635,0.0,0.0,-0.0047828578390181065,-0.47070562839508057,-0.25363677740097046,-0.12477616220712662,-0.6627702713012695,-0.27768731117248535,-0.5304362773895264,-0.013519437983632088,-2.643571615219116,-64.14871215820312,-0.5150765180587769,0.3128121495246887,-0.17395788431167603,-0.18712204694747925,0.4018698036670685,-0.30350950360298157,0.027158260345458984,20.1068172454834,10.430397987365723,20.703920364379883,12.99493408203125,-0.04752929508686066,0.04906250163912773,0.032197266817092896,-0.05826171860098839,0.0,-0.05686793476343155,0.0697057917714119,0.035557765513658524,-0.0873185321688652,0.0,-0.3620881140232086,1.4635062217712402,-9.419638633728027,0.004826940130442381,-0.5187036395072937,-11.798736572265625,0.0,0.0,0.0,0.0,0.0,0.0,0.0,0.0,0.0,0.0,0.0,0.0,-0.068865105509758,0.06214068830013275,0.04063672572374344,-0.07555239647626877,0.4328750967979431,0.24978791177272797,0.44364267587661743,0.3000049889087677,-9.61818790435791,-4.063456058502197,2.962430000305176,0.0,0.0,0.0,0.0,0.0,0.0,0.0
48607198584,0,-0.023545654490590096,0.0265803262591362,-0.7628827691078186,6.569455581484362e-05,-0.04113857448101044,-0.8442511558532715,0.011110316030681133,-0.02622763067483902,0.4358981251716614,0.04722293093800545,-0.1354384869337082,-0.08136838674545288,0.08474276214838028,0.02638266608119011,0.43923866748809814,0.0,0.0,-0.0047828578390181065,-0.46939510107040405,-0.24635443091392517,-0.0883113220334053,-0.6414266228675842,-0.2584405541419983,-0.5295723080635071,0.026548171415925026,-2.852869987487793,-64.89305114746094,-0.5341125726699829,0.3011505603790283,-0.20442287623882294,-0.19014407694339752,0.4018698036670685,-0.30350950360298157,0.027158260345458984,21.013254165649414,9.84030532836914,21.696199417114258,12.433934211730957,-0.04906250163912773,0.05826171860098839,0.03526367247104645,-0.06286133080720901,0.0,-0.0574207678437233,0.08254538476467133,0.036538831889629364,-0.09865707904100418,0.0,0.5254054069519043,-0.3749558925628662,-10.327532768249512,0.007989142090082169,-0.49670976400375366,-11.737028121948242,0.0,0.0,0.0,0.0,0.0,0.0,0.0,0.0,0.0,0.0,0.0,0.0,-0.06513044238090515,0.06581361591815948,0.03950934484601021,-0.08051484078168869,0.4328750967979431,0.24978791177272797,0.44364267587661743,0.3000049889087677,-5.265653133392334,-1.9906638860702515,3.374680519104004,0.0,0.0,0.0,0.0,0.0,0.0,0.0
48617077738,0,-0.023545654490590096,0.0265803262591362,-0.7628827691078186,6.569455581484362e-05,-0.04113857448101044,-0.8442511558532715,0.011110316030681133,-0.02622763067483902,0.4358981251716614,0.04722293093800545,-0.1354384869337082,-0.08136838674545288,0.08474276214838028,0.02638266608119011,0.43923866748809814,0.0,0.0,-0.0047828578390181065,-0.42762574553489685,-0.23418928682804108,-0.03612128645181656,-0.6414266228675842,-0.2584405541419983,-0.5295723080635071,0.06659460067749023,-2.6595749855041504,-64.24697875976562,-0.5624496936798096,0.3157999813556671,-0.23685449361801147,-0.19723200798034668,0.41010257601737976,-0.3034909665584564,0.03666968643665314,21.6423282623291,8.790522575378418,22.357683181762695,11.520292282104492,-0.052128907293081284,0.05366211012005806,0.038330078125,-0.07359375059604645,0.0,-0.05228898674249649,0.0853617787361145,0.0314205065369606,-0.10245338082313538,0.0,0.5254054069519043,-0.3749558925628662,-10.327532768249512,0.007989142090082169,-0.49670976400375366,-11.737028121948242,0.0,0.0,0.0,0.0,0.0,0.0,0.0,0.0,0.0,0.0,0.0,0.0,-0.06160880625247955,0.07024507969617844,0.03812536969780922,-0.08595522493124008,0.4604535698890686,0.21696104109287262,0.47317805886268616,0.2712917923927307,-0.20828266441822052,-0.035184428095817566,2.772386074066162,0.0,0.0,0.0,0.0,0.0,0.0,0.0
48627937764,0,-0.02319326624274254,0.02601419948041439,-0.7553026676177979,6.569455581484362e-05,-0.04113857448101044,-0.8442511558532715,0.007692341227084398,-0.029331013560295105,0.41857582330703735,0.04651815444231033,-0.13430622220039368,-0.08894848823547363,0.07823977619409561,0.022251814603805542,0.4378127157688141,0.0,0.0,-0.0047828578390181065,-0.4361605644226074,-0.2614128589630127,0.012624267488718033,-0.5820556879043579,-0.22223211824893951,-0.5290452241897583,0.06659460067749023,-2.6595749855041504,-64.24697875976562,-0.5624496936798096,0.3157999813556671,-0.23685449361801147,-0.19723200798034668,0.41010257601737976,-0.3034909665584564,0.03666968643665314,21.6423282623291,8.790522575378418,22.357683181762695,11.520292282104492,-0.05059570446610451,0.05059570446610451,0.039863280951976776,-0.07972656190395355,0.0,-0.05228898674249649,0.0853617787361145,0.0314205065369606,-0.10245338082313538,0.0,-0.4837304651737213,-3.611398220062256,-10.515609741210938,0.012108109891414642,-0.4835590720176697,-11.681268692016602,0.0,0.0,0.0,0.0,0.0,0.0,0.0,0.0,0.0,0.0,0.0,0.0,-0.05839379504323006,0.07508404552936554,0.03644360229372978,-0.09150009602308273,0.4604535698890686,0.21696104109287262,0.47317805886268616,0.2712917923927307,-0.5815011858940125,-1.4306906461715698,3.941664218902588,0.0,0.0,0.0,0.0,0.0,0.0,0.0
48638336617,0,-0.021816039457917213,0.02409040927886963,-0.7434645891189575,6.569455581484362e-05,-0.04113857448101044,-0.8442511558532715,0.017407217994332314,-0.017693376168608665,0.4952850341796875,0.04376368597149849,-0.13045862317085266,-0.10078656673431396,0.06815479695796967,0.010398799553513527,0.43952688574790955,0.0,0.0,-0.0047828578390181065,-0.3895361125469208,-0.3417603075504303,0.05752485617995262,-0.5820556879043579,-0.22223211824893951,-0.5290452241897583,0.06659460067749023,-2.6595749855041504,-64.24697875976562,-0.5624496936798096,0.3157999813556671,-0.23685449361801147,-0.19723200798034668,0.41010257601737976,-0.3034909665584564,0.03666968643665314,24.657943725585938,6.6991963386535645,24.744314193725586,10.210431098937988,-0.04906250163912773,0.055195312947034836,0.03526367247104645,-0.07359375059604645,0.0,-0.045889340341091156,0.11210832744836807,0.028389085084199905,-0.11565229296684265,0.0,-0.4837304651737213,-3.611398220062256,-10.515609741210938,-0.02769215777516365,-0.4894239902496338,-12.369340896606445,0.0,0.0,0.0,0.0,0.0,0.0,0.0,0.0,0.0,0.0,0.0,0.0,-0.05539088323712349,0.08059430122375488,0.03454974293708801,-0.09685719758272171,0.4604535698890686,0.21696104109287262,0.47317805886268616,0.2712917923927307,1.9911824464797974,-4.542375564575195,4.01414155960083,0.0,0.0,0.0,0.0,0.0,0.0,0.0
48646920850,0,-0.021816039457917213,0.02409040927886963,-0.7434645891189575,6.569455581484362e-05,-0.04113857448101044,-0.8442511558532715,0.017407217994332314,-0.017693376168608665,0.4952850341796875,0.04376368597149849,-0.13045862317085266,-0.10078656673431396,0.06815479695796967,0.010398799553513527,0.43952688574790955,0.0,0.0,-0.0047828578390181065,-0.34201738238334656,-0.42205244302749634,0.08525180071592331,-0.5322355628013611,-0.13042762875556946,-0.5317304730415344,-0.04807388409972191,-2.5503642559051514,-66.2346420288086,-0.5873080492019653,0.5388398170471191,-0.3247902989387512,-0.20394545793533325,0.4162832498550415,-0.3044716715812683,0.046962082386016846,24.657943725585938,6.6991963386535645,24.744314193725586,10.210431098937988,-0.05672851577401161,0.06746093928813934,0.029130859300494194,-0.06439453363418579,0.0,-0.0462639294564724,0.09913134574890137,0.02817208133637905,-0.10857030749320984,0.0,0.9395511150360107,-1.7291591167449951,-6.258340835571289,-0.02769215777516365,-0.4894239902496338,-12.369340896606445,0.0,0.0,0.0,0.0,0.0,0.0,0.0,0.0,0.0,0.0,0.0,0.0,-0.05247323587536812,0.08728699386119843,0.032611340284347534,-0.10202448815107346,0.5135822892189026,0.17422957718372345,0.5150846838951111,0.24541808664798737,3.4467456340789795,-6.459140300750732,3.6124799251556396,0.0,0.0,0.0,0.0,0.0,0.0,0.0
48657225586,0,-0.021221423521637917,0.02338608168065548,-0.7389364242553711,6.569455581484362e-05,-0.04113857448101044,-0.8442511558532715,0.03246958553791046,-0.02842927724123001,0.524871826171875,0.0425744466483593,-0.12904995679855347,-0.10531473159790039,0.06602788716554642,0.0049714031629264355,0.44026631116867065,0.0,0.0,-0.0047828578390181065,-0.34201738238334656,-0.42205244302749634,0.08525180071592331,-0.5192321538925171,-0.08602327108383179,-0.5328656435012817,-0.15230686962604523,-2.6918320655822754,-68.0313720703125,-0.643766462802887,0.7269001007080078,-0.34997624158859253,-0.20767469704151154,0.4162832498550415,-0.3044716715812683,0.046962082386016846,25.948396682739258,6.136183738708496,25.619670867919922,10.417263984680176,-0.05672851577401161,0.06592773646116257,0.029130859300494194,-0.06746093928813934,0.0,-0.047469235956668854,0.10975484549999237,0.030443100258708,-0.10806876420974731,0.0,0.9395511150360107,-1.7291591167449951,-6.258340835571289,-0.053072020411491394,-0.4557596445083618,-12.621556282043457,0.0,0.0,0.0,0.0,0.0,0.0,0.0,0.0,0.0,0.0,0.0,0.0,-0.049930837005376816,0.09385287761688232,0.030953623354434967,-0.10607726871967316,0.5135822892189026,0.17422957718372345,0.5150846838951111,0.24541808664798737,3.4467456340789795,-6.459140300750732,3.6124799251556396,0.0,0.0,0.0,0.0,0.0,0.0,0.0
48668612512,0,-0.021221423521637917,0.02338608168065548,-0.7389364242553711,6.569455581484362e-05,-0.04113857448101044,-0.8442511558532715,0.03246958553791046,-0.02842927724123001,0.524871826171875,0.0425744466483593,-0.12904995679855347,-0.10531473159790039,0.06602788716554642,0.0049714031629264355,0.44026631116867065,0.0,0.0,-0.0047828578390181065,-0.3014102280139923,-0.5183851718902588,0.15245282649993896,-0.5192321538925171,-0.08602327108383179,-0.5328656435012817,-0.29189610481262207,-2.5066781044006348,-69.4185562133789,-0.643766462802887,0.7269001007080078,-0.34997624158859253,-0.20767469704151154,0.42049095034599304,-0.30687063932418823,0.05387668311595917,28.194665908813477,4.541562080383301,27.465566635131836,9.3096284866333,-0.052128907293081284,0.06899414211511612,0.03066406212747097,-0.07512695342302322,0.0,-0.04311295226216316,0.12302346527576447,0.027809742838144302,-0.10857163369655609,0.0,0.9395511150360107,-1.7291591167449951,-6.258340835571289,-0.053072020411491394,-0.4557596445083618,-12.621556282043457,0.0,0.0,0.0,0.0,0.0,0.0,0.0,0.0,0.0,0.0,0.0,0.0,-0.047969650477170944,0.10013842582702637,0.029817884787917137,-0.10848429799079895,0.5359187722206116,0.162551611661911,0.5302509665489197,0.24952733516693115,3.465399980545044,-7.641936779022217,5.1353888511657715,0.0,0.0,0.0,0.0,0.0,0.0,0.0
48677439876,0,-0.01977655664086342,0.021662546321749687,-0.7292985916137695,6.569455581484362e-05,-0.04113857448101044,-0.8442511558532715,0.040231890976428986,-0.042248133569955826,0.563711404800415,0.03968469798564911,-0.1256028711795807,-0.11495256423950195,0.05934743583202362,-0.006855005398392677,0.44569385051727295,0.0,0.0,-0.0047828578390181065,-0.31042248010635376,-0.588822603225708,0.232059508562088,-0.4747278094291687,0.011837136000394821,-0.5398433804512024,-0.16130049526691437,-2.5890181064605713,-70.35930633544922,-0.6088547706604004,0.9884577989578247,-0.49548599123954773,-0.21491530537605286,0.4296267628669739,-0.31554701924324036,0.07036034762859344,30.63747215270996,2.7148375511169434,29.37077522277832,7.714881896972656,-0.052128907293081284,0.0705273449420929,0.029130859300494194,-0.07819335907697678,0.0,-0.03937333822250366,0.2321956604719162,0.025156259536743164,-0.1420125514268875,0.0,0.9395511150360107,-1.7291591167449951,-6.258340835571289,-0.0740659162402153,-0.41272735595703125,-12.949166297912598,0.0,0.0,0.0,0.0,0.0,0.0,0.0,0.0,0.0,0.0,0.0,0.0,-0.04613736271858215,0.11187685281038284,0.028887830674648285,-0.11120372265577316,0.6152116060256958,0.08988005667924881,0.5940704941749573,0.19510768353939056,1.49226713180542,-7.225109100341797,6.111378192901611,0.0,0.0,0.0,0.0,0.0,0.0,0.0
48687282450,0,-0.018839864060282707,0.020796936005353928,-0.7241494059562683,6.569455581484362e-05,-0.04113857448101044,-0.8442511558532715,0.04038158059120178,-0.023302478715777397,0.5962135791778564,0.03781130537390709,-0.12387163937091827,-0.12010174989700317,0.05676473677158356,-0.014247581362724304,0.44520044326782227,0.0,0.0,-0.0047828578390181065,-0.31042248010635376,-0.588822603225708,0.232059508562088,-0.4747278094291687,0.011837136000394821,-0.5398433804512024,-0.16130049526691437,-2.5890181064605713,-70.35930633544922,-0.6088547706604004,0.9884577989578247,-0.49548599123954773,-0.21491530537605286,0.4296267628669739,-0.31554701924324036,0.07036034762859344,30.63747215270996,2.7148375511169434,29.37077522277832,7.714881896972656,-0.04906250163912773,0.06899414211511612,0.03066406212747097,-0.08892577886581421,0.0,-0.03937333822250366,0.2321956604719162,0.025156259536743164,-0.1420125514268875,0.0,1.2992585897445679,0.4238559305667877,-6.629384994506836,-0.10361956059932709,-0.44290876388549805,-13.201240539550781,0.0,0.0,0.0,0.0,0.0,0.0,0.0,0.0,0.0,0.0,0.0,0.0,-0.04416058957576752,0.1348157376050949,0.027864255011081696,-0.11668354272842407,0.6152116060256958,0.08988005667924881,0.5940704941749573,0.19510768353939056,1.49226713180542,-7.225109100341797,6.111378192901611,0.0,0.0,0.0,0.0,0.0,0.0,0.0
48698694311,0,-0.018839864060282707,0.020796936005353928,-0.7241494059562683,6.569455581484362e-05,-0.04113857448101044,-0.8442511558532715,0.04038158059120178,-0.023302478715777397,0.5962135791778564,0.03600458800792694,-0.12184259295463562,-0.12525665760040283,0.05676473677158356,-0.014247581362724304,0.44520044326782227,0.0,0.0,-0.0047828578390181065,-0.35607609152793884,-0.8227930068969727,0.12468738108873367,-0.4747278094291687,0.011837136000394821,-0.5398433804512024,-0.8678370714187622,-2.07741641998291,-71.20122528076172,-0.4647437334060669,1.476205825805664,-0.35404878854751587,-0.22708268463611603,0.4431629180908203,-0.33946508169174194,0.09694595634937286,28.266189575195312,5.961949348449707,25.086050033569336,11.983426094055176,-0.039863280951976776,0.07206054776906967,0.03066406212747097,-0.10425781458616257,0.0,-0.04558729752898216,0.030333977192640305,0.0316753052175045,-0.05631415918469429,0.0,1.2992585897445679,0.4238559305667877,-6.629384994506836,-0.08804035186767578,-0.39080286026000977,-12.929648399353027,0.0,0.0,0.0,0.0,0.0,0.0,0.0,0.0,0.0,0.0,0.0,0.0,-0.04259166866540909,0.1547543704509735,0.027161886915564537,-0.12009906023740768,0.5754695534706116,0.1589219719171524,0.5210181474685669,0.280356228351593,-2.1287178993225098,-7.615017890930176,-1.5318645238876343,0.0,0.0,0.0,0.0,0.0,0.0,0.0
48707669758,0,-0.01691330410540104,0.018722625449299812,-0.7140810489654541,6.569455581484362e-05,-0.04113857448101044,-0.8442511558532715,0.06303120404481888,-0.036011867225170135,0.5586195588111877,0.03395816683769226,-0.11972299218177795,-0.13017010688781738,0.0502498522400856,-0.029882073402404785,0.4454406499862671,0.0,0.0,-0.0047828578390181065,-0.35607609152793884,-0.8227930068969727,0.12468738108873367,-0.39894407987594604,0.2377975434064865,-0.5413181781768799,-0.8678370714187622,-2.07741641998291,-71.20122528076172,-0.4647437334060669,1.476205825805664,-0.35404878854751587,-0.22708268463611603,0.4431629180908203,-0.33946508169174194,0.09694595634937286,28.266189575195312,5.961949348449707,25.086050033569336,11.983426094055176,-0.039863280951976776,0.07972656190395355,0.027597656473517418,-0.10732422024011612,0.0,-0.04558729752898216,0.030333977192640305,0.0316753052175045,-0.05631415918469429,0.0,0.9760916233062744,-0.8444849252700806,-12.244281768798828,-0.15778855979442596,-0.37771207094192505,-12.945676803588867,0.0,0.0,0.0,0.0,0.0,0.0,0.0,0.0,0.0,0.0,0.0,0.0,-0.042086161673069,0.15091373026371002,0.02734856866300106,-0.11396224051713943,0.5754695534706116,0.1589219719171524,0.5210181474685669,0.280356228351593,-2.1287178993225098,-7.615017890930176,-1.5318645238876343,0.0,0.0,0.0,0.0,0.0,0.0,0.0
48717073154,0,-0.013617713004350662,0.015285945497453213,-0.7005285024642944,6.569455581484362e-05,-0.04113857448101044,-0.8442511558532715,0.08174684643745422,-0.06405072659254074,0.462687611579895,0.02736695297062397,-0.11284960806369781,-0.14372265338897705,0.03628897666931152,-0.055036816745996475,0.4441867172718048,0.0,0.0,0.002735953312367201,-0.46493497490882874,-0.9021332263946533,0.04765782132744789,-0.39894407987594604,0.2377975434064865,-0.5413181781768799,-0.9528900384902954,-1.752983808517456,-69.06864929199219,-0.4647437334060669,1.476205825805664,-0.35404878854751587,-0.22708268463611603,0.4431629180908203,-0.33946508169174194,0.09694595634937286,26.252511978149414,7.4658989906311035,21.91764259338379,13.55066204071045,-0.039863280951976776,0.09659180045127869,0.024531250819563866,-0.11039062589406967,0.0,-0.04585929587483406,0.0048282332718372345,0.03239244595170021,-0.03910066932439804,0.0,0.9760916233062744,-0.8444849252700806,-12.244281768798828,-0.1989661008119583,-0.2680451571941376,-12.32064437866211,0.0,0.0,0.0,0.0,0.0,0.0,0.0,0.0,0.0,0.0,0.0,0.0,-0.042496152222156525,0.1255979686975479,0.028271865099668503,-0.09951235353946686,0.5754695534706116,0.1589219719171524,0.5210181474685669,0.280356228351593,-3.8631532192230225,-4.673496246337891,-3.9619805812835693,0.0,0.0,0.0,0.0,0.0,0.0,0.0
48733252678,0,-0.013617713004350662,0.015285945497453213,-0.7005285024642944,6.569455581484362e-05,-0.04113857448101044,-0.8442511558532715,0.08174684643745422,-0.06405072659254074,0.462687611579895,0.02736695297062397,-0.11284960806369781,-0.14372265338897705,0.03628897666931152,-0.055036816745996475,0.4441867172718048,0.0,0.0,0.002735953312367201,-0.46493497490882874,-0.9021332263946533,0.04765782132744789,-0.32569587230682373,0.4103824496269226,-0.5299593210220337,-0.9528900384902954,-1.752983808517456,-69.06864929199219,-0.2837960124015808,1.6820006370544434,-0.271826833486557,-0.2360321581363678,0.4488438665866852,-0.3636243939399719,0.11355197429656982,26.252511978149414,7.4658989906311035,21.91764259338379,13.55066204071045,-0.039863280951976776,0.10732422024011612,0.02299804612994194,-0.1088574230670929,0.0,-0.04623023420572281,0.0035252778325229883,0.031948383897542953,-0.03981909900903702,0.0,0.42270374298095703,-1.99346923828125,-13.642656326293945,-0.1989661008119583,-0.2680451571941376,-12.32064437866211,0.0,0.0,0.0,0.0,0.0,0.0,0.0,0.0,0.0,0.0,0.0,0.0,-0.04332294687628746,0.09197857975959778,0.029432743787765503,-0.08208534866571426,0.5411494374275208,0.1900119036436081,0.4653598666191101,0.31071552634239197,-3.8631532192230225,-4.673496246337891,-3.9619805812835693,0.0,0.0,0.0,0.0,0.0,0.0,0.0
48737024534,0,-0.012441173195838928,0.014009910635650158,-0.6967402696609497,6.569455581484362e-05,-0.04113857448101044,-0.8442511558532715,0.08042480796575546,-0.08355844020843506,0.4000460207462311,0.025013860315084457,-0.11029752343893051,-0.14751088619232178,0.029603874310851097,-0.06397423893213272,0.44302302598953247,0.0,0.0,-0.0047828578390181065,-0.5162437558174133,-0.9446305632591248,-0.01735292747616768,-0.27888786792755127,0.4858764111995697,-0.528465986251831,-1.0943135023117065,-1.4742484092712402,-67.76354217529297,-0.19075345993041992,1.8162274360656738,-0.20998144149780273,-0.2399170696735382,0.4488438665866852,-0.3636243939399719,0.11355197429656982,24.702106475830078,8.646409034729004,19.71392250061035,14.845488548278809,-0.039863280951976776,0.1088574230670929,0.02299804612994194,-0.10732422024011612,0.0,-0.04733765870332718,-0.014625337906181812,0.032842811197042465,-0.026617741212248802,0.0,0.42270374298095703,-1.99346923828125,-13.642656326293945,-0.18520991504192352,-0.21596503257751465,-11.896727561950684,0.0,0.0,0.0,0.0,0.0,0.0,0.0,0.0,0.0,0.0,0.0,0.0,-0.04430002346634865,0.058344900608062744,0.030529625713825226,-0.06507311016321182,0.5411494374275208,0.1900119036436081,0.4653598666191101,0.31071552634239197,-4.7904767990112305,-4.649367809295654,-5.304419994354248,0.0,0.0,0.0,0.0,0.0,0.0,0.0
48747531576,0,-0.012441173195838928,0.014009910635650158,-0.6967402696609497,6.569455581484362e-05,-0.04113857448101044,-0.8442511558532715,0.08042480796575546,-0.08355844020843506,0.4000460207462311,0.025013860315084457,-0.11029752343893051,-0.14751088619232178,0.029603874310851097,-0.06397423893213272,0.44302302598953247,0.0,0.0,-0.0047828578390181065,-0.6439359188079834,-0.9655970931053162,-0.0941203162074089,-0.27888786792755127,0.4858764111995697,-0.528465986251831,-1.2813090085983276,-1.2100341320037842,-64.04727172851562,0.05769503116607666,2.0204174518585205,-0.16804854571819305,-0.24826742708683014,0.44970548152923584,-0.40412744879722595,0.1291859894990921,23.404775619506836,8.86195182800293,17.045656204223633,14.892158508300781,-0.038330078125,0.1088574230670929,0.02299804612994194,-0.1088574230670929,0.0,-0.049184080213308334,-0.03330078348517418,0.035850655287504196,-0.016429288312792778,0.0,0.19428643584251404,-0.39937376976013184,-15.158401489257812,-0.18520991504192352,-0.21596503257751465,-11.896727561950684,0.0,0.0,0.0,0.0,0.0,0.0,0.0,0.0,0.0,0.0,0.0,0.0,-0.04537517949938774,0.028314238414168358,0.03159342333674431,-0.049749210476875305,0.5143507122993469,0.21404804289340973,0.42575889825820923,0.3354440927505493,-5.911231994628906,-2.0971341133117676,-4.290124416351318,0.0,0.0,0.0,0.0,0.0,0.0,0.0
48756943159,0,-0.010294441133737564,0.011713985353708267,-0.690625011920929,6.569455581484362e-05,-0.04113857448101044,-0.8442511558532715,0.10451829433441162,-0.07921506464481354,0.2984260618686676,0.020720375701785088,-0.10570564866065979,-0.15362614393234253,0.017497332766652107,-0.08110705763101578,0.44061723351478577,0.0,0.0,-0.0047828578390181065,-0.6439359188079834,-0.9655970931053162,-0.0941203162074089,-0.1956477165222168,0.6297217011451721,-0.5341619253158569,-1.2813090085983276,-1.2100341320037842,-64.04727172851562,0.05769503116607666,2.0204174518585205,-0.16804854571819305,-0.24826742708683014,0.44970548152923584,-0.40412744879722595,0.1291859894990921,23.404775619506836,8.86195182800293,17.045656204223633,14.892158508300781,-0.038330078125,0.10119140893220901,0.02299804612994194,-0.10272461175918579,0.0,-0.049184080213308334,-0.03330078348517418,0.035850655287504196,-0.016429288312792778,0.0,-0.36608487367630005,-1.3205327987670898,-16.12148094177246,-0.23948319256305695,-0.1750182807445526,-11.231264114379883,0.0,0.0,0.0,0.0,0.0,0.0,0.0,0.0,0.0,0.0,0.0,0.0,-0.0465216226875782,0.0030366769060492516,0.03276342898607254,-0.03653431311249733,0.49166586995124817,0.21840296685695648,0.37676337361335754,0.3363295793533325,-5.911231994628906,-2.0971341133117676,-4.290124416351318,0.0,0.0,0.0,0.0,0.0,0.0,0.0
48767365258,0,-0.010294441133737564,0.011713985353708267,-0.690625011920929,6.569455581484362e-05,-0.04113857448101044,-0.8442511558532715,0.10451829433441162,-0.07921506464481354,0.2984260618686676,0.020720375701785088,-0.10570564866065979,-0.15362614393234253,0.017497332766652107,-0.08110705763101578,0.44061723351478577,0.0,0.0,-0.0047828578390181065,-0.759730875492096,-1.010575294494629,-0.2009376585483551,-0.0686078816652298,0.8301323056221008,-0.5252693891525269,-1.3009992837905884,-0.6862292885780334,-58.87038040161133,0.27776697278022766,2.2582154273986816,-0.0740392804145813,-0.2570488750934601,0.44409075379371643,-0.4391515254974365,0.13694241642951965,20.4562931060791,9.92498779296875,12.712637901306152,15.9708251953125,-0.036796875298023224,0.09199218451976776,0.02299804612994194,-0.09812500327825546,0.0,-0.048022858798503876,-0.050071850419044495,0.03329510986804962,-0.003885027952492237,0.0,-0.36608487367630005,-1.3205327987670898,-16.12148094177246,-0.23948319256305695,-0.1750182807445526,-11.231264114379883,0.0,0.0,0.0,0.0,0.0,0.0,0.0,0.0,0.0,0.0,0.0,0.0,-0.04752318933606148,-0.01687406562268734,0.03379063680768013,-0.025746451690793037,0.4391840398311615,0.2397322803735733,0.29454177618026733,0.3566854000091553,-5.595434665679932,-2.2913572788238525,-5.069369316101074,0.0,0.0,0.0,0.0,0.0,0.0,0.0
48777246128,0,-0.00794214103370905,0.009521669708192348,-0.6867377758026123,6.569455581484362e-05,-0.04113857448101044,-0.8442511558532715,0.13058023154735565,-0.08806964755058289,0.15827080607414246,0.016015751287341118,-0.10132099688053131,-0.15751338005065918,0.0030714068561792374,-0.09951058030128479,0.43567129969596863,0.0,0.0,-0.0047828578390181065,-0.8145883679389954,-1.0428193807601929,-0.2544752359390259,-0.0686078816652298,0.8301323056221008,-0.5252693891525269,-1.3009992837905884,-0.6862292885780334,-58.87038040161133,0.27776697278022766,2.2582154273986816,-0.0740392804145813,-0.2570488750934601,0.44409075379371643,-0.4391515254974365,0.13694241642951965,20.4562931060791,9.92498779296875,12.712637901306152,15.9708251953125,-0.036796875298023224,0.07972656190395355,0.02299804612994194,-0.08585937321186066,0.0,-0.048022858798503876,-0.050071850419044495,0.03329510986804962,-0.003885027952492237,0.0,-0.08049063384532928,-0.7232809066772461,-17.26380157470703,-0.273429811000824,-0.11218880116939545,-10.294995307922363,0.0,0.0,0.0,0.0,0.0,0.0,0.0,0.0,0.0,0.0,0.0,0.0,-0.04816154018044472,-0.03201862424612045,0.03432228043675423,-0.016985513269901276,0.4391840398311615,0.2397322803735733,0.29454177618026733,0.3566854000091553,-5.918620586395264,-2.7772982120513916,-5.475836753845215,0.0,0.0,0.0,0.0,0.0,0.0,0.0
48787692748,0,-0.006545206997543573,0.008446594700217247,-0.6857859492301941,6.569455581484362e-05,-0.04113857448101044,-0.8442511558532715,0.14467975497245789,-0.09062569588422775,0.08887111395597458,0.013221869245171547,-0.09917084127664566,-0.1584652066230774,-0.004241607151925564,-0.10986290127038956,0.4326966106891632,0.0,0.0,-0.0047828578390181065,-0.8145883679389954,-1.0428193807601929,-0.2544752359390259,-0.007525734603404999,0.9111881852149963,-0.5207644701004028,-1.5038639307022095,-0.6170384287834167,-56.622474670410156,0.3909021317958832,2.399049997329712,-0.025107383728027344,-0.26069381833076477,0.44006869196891785,-0.45588767528533936,0.13898946344852448,19.051223754882812,10.552009582519531,10.541234016418457,16.673219680786133,-0.036796875298023224,0.07206054776906967,0.021464843302965164,-0.06899414211511612,0.0,-0.05426013469696045,-0.05659791827201843,0.044268228113651276,0.0018099319422617555,0.0,-0.4630630612373352,-1.0493699312210083,-17.76458168029785,-0.29159846901893616,-0.08625034987926483,-9.833102226257324,0.0,0.0,0.0,0.0,0.0,0.0,0.0,0.0,0.0,0.0,0.0,0.0,-0.04873763769865036,-0.04309927299618721,0.034900419414043427,-0.009996662847697735,0.4136999547481537,0.2521997392177582,0.251986026763916,0.36982908844947815,-5.918620586395264,-2.7772982120513916,-5.475836753845215,0.0,0.0,0.0,0.0,0.0,0.0,0.0
48797324813,0,-0.006545206997543573,0.008446594700217247,-0.6857859492301941,6.569455581484362e-05,-0.04113857448101044,-0.8442511558532715,0.14467975497245789,-0.09062569588422775,0.08887111395597458,0.013221869245171547,-0.09917084127664566,-0.1584652066230774,-0.004241607151925564,-0.10986290127038956,0.4326966106891632,0.0,0.0,-0.0047828578390181065,-0.9415759444236755,-1.0602953433990479,-0.35483992099761963,-0.007525734603404999,0.9111881852149963,-0.5207644701004028,-1.5404517650604248,-0.3102082908153534,-50.86822509765625,0.3909021317958832,2.399049997329712,-0.025107383728027344,-0.26069381833076477,0.44006869196891785,-0.45588767528533936,0.13898946344852448,16.893285751342773,10.310169219970703,7.484798908233643,16.349220275878906,-0.036796875298023224,0.05826171860098839,0.02299804612994194,-0.06592773646116257,0.0,-0.05553403124213219,-0.06972746551036835,0.049580011516809464,0.009272384457290173,0.0,-0.4630630612373352,-1.0493699312210083,-17.76458168029785,-0.29159846901893616,-0.08625034987926483,-9.833102226257324,0.0,0.0,0.0,0.0,0.0,0.0,0.0,0.0,0.0,0.0,0.0,0.0,-0.04981105774641037,-0.0513443686068058,0.03665219992399216,-0.00429928582161665,0.4136999547481537,0.2521997392177582,0.251986026763916,0.36982908844947815,-5.901259422302246,-1.4562654495239258,-4.840721130371094,0.0,0.0,0.0,0.0,0.0,0.0,0.0
48808167673,0,-0.0036201716866344213,0.006286960560828447,-0.6858261227607727,6.569455581484362e-05,-0.04113857448101044,-0.8442511558532715,0.17538119852542877,-0.11589445173740387,-0.0662095919251442,0.0073717692866921425,-0.0948515459895134,-0.15842503309249878,-0.021781207993626595,-0.12820886075496674,0.4260120093822479,0.0,0.0,-0.0047828578390181065,-0.9415759444236755,-1.0602953433990479,-0.35483992099761963,0.11051385849714279,1.0749611854553223,-0.5111324787139893,-1.6668708324432373,-0.013713270425796509,-48.38382339477539,0.6849578022956848,2.6483213901519775,0.05904102325439453,-0.2687695324420929,0.42614465951919556,-0.498502254486084,0.14091630280017853,15.715324401855469,10.640046119689941,5.53424596786499,16.626665115356445,-0.04139648377895355,0.039863280951976776,0.018398437649011612,-0.05059570446610451,0.0,-0.0564282089471817,-0.08248227089643478,0.054602816700935364,0.017583420500159264,0.0,-0.4630630612373352,-1.0493699312210083,-17.76458168029785,-0.3030674159526825,-0.0024933218955993652,-8.797059059143066,0.0,0.0,0.0,0.0,0.0,0.0,0.0,0.0,0.0,0.0,0.0,0.0,-0.05137750878930092,-0.058774303644895554,0.03988594934344292,0.0010462425416335464,0.35188284516334534,0.2539435923099518,0.149981290102005,0.3689607083797455,-5.901259422302246,-1.4562654495239258,-4.840721130371094,0.0,0.0,0.0,0.0,0.0,0.0,0.0
48817853590,0,-0.0003052588435821235,0.003905928460881114,-0.6882051825523376,6.569455581484362e-05,-0.04113857448101044,-0.8442511558532715,0.1947391927242279,-0.10317648202180862,-0.1728537678718567,0.000741910538636148,-0.09008946269750595,-0.15604597330093384,-0.0392339862883091,-0.14802522957324982,0.41849827766418457,0.0,0.0,-0.0047828578390181065,-1.0072009563446045,-1.0674110651016235,-0.3953956961631775,0.20948269963264465,1.197774887084961,-0.5023763179779053,-1.8196508884429932,0.024491846561431885,-46.68557357788086,0.83370041847229,2.756803512573242,0.0927630215883255,-0.272536039352417,0.42614465951919556,-0.498502254486084,0.14091630280017853,14.84797477722168,11.10781478881836,3.8683974742889404,16.971614837646484,-0.029130859300494194,0.015332031063735485,0.024531250819563866,-0.04599609225988388,0.0,-0.06273788213729858,-0.08547075092792511,0.087602898478508,0.020964065566658974,0.0,-0.2956034541130066,-1.5546631813049316,-17.47304916381836,-0.32872000336647034,-0.0044895559549331665,-8.122928619384766,0.0,0.0,0.0,0.0,0.0,0.0,0.0,0.0,0.0,0.0,0.0,0.0,-0.05332973226904869,-0.06635266542434692,0.04548264667391777,0.006499349605292082,0.35188284516334534,0.2539435923099518,0.149981290102005,0.3689607083797455,-5.906435012817383,-1.0499815940856934,-4.3642730712890625,0.0,0.0,0.0,0.0,0.0,0.0,0.0
48827048004,0,-0.0003052588435821235,0.003905928460881114,-0.6882051825523376,6.569455581484362e-05,-0.04113857448101044,-0.8442511558532715,0.1947391927242279,-0.10317648202180862,-0.1728537678718567,0.000741910538636148,-0.09008946269750595,-0.15604597330093384,-0.0392339862883091,-0.14802522957324982,0.41849827766418457,0.0,0.0,-0.0047828578390181065,-1.0631098747253418,-1.08329176902771,-0.49368816614151,0.20948269963264465,1.197774887084961,-0.5023763179779053,-1.8196508884429932,0.024491846561431885,-46.68557357788086,0.83370041847229,2.756803512573242,0.0927630215883255,-0.272536039352417,0.4166628122329712,-0.521790087223053,0.14069034159183502,14.84797477722168,11.10781478881836,3.8683974742889404,16.971614837646484,-0.029130859300494194,0.0076660155318677425,0.027597656473517418,-0.04139648377895355,0.0,-0.06273788213729858,-0.08547075092792511,0.087602898478508,0.020964065566658974,0.0,-0.28417661786079407,-0.3367783725261688,-14.997293472290039,-0.32872000336647034,-0.0044895559549331665,-8.122928619384766,0.0,0.0,0.0,0.0,0.0,0.0,0.0,0.0,0.0,0.0,0.0,0.0,-0.05573483929038048,-0.07346974313259125,0.054485149681568146,0.011694432236254215,0.3354911804199219,0.2631823718547821,0.11472102999687195,0.37538671493530273,-3.628405809402466,-1.124489426612854,-4.782271862030029,0.0,0.0,0.0,0.0,0.0,0.0,0.0
48842145256,0,0.0031451634131371975,0.0016159114893525839,-0.6924010515213013,6.569455581484362e-05,-0.04113857448101044,-0.8442511558532715,0.24542053043842316,-0.1178816705942154,-0.27278879284858704,-0.006158968433737755,-0.08550939708948135,-0.15185010433197021,-0.05766879394650459,-0.16844981908798218,0.409457802772522,0.0,0.0,-0.0047828578390181065,-1.0631098747253418,-1.08329176902771,-0.49368816614151,0.3425654172897339,1.3707547187805176,-0.4887548089027405,-2.0049500465393066,0.3417460024356842,-42.49374008178711,1.0464091300964355,3.033298969268799,0.19252808392047882,-0.27896422147750854,0.39555031061172485,-0.5680074095726013,0.13795886933803558,12.05915355682373,12.436676979064941,2.0,18.497465133666992,-0.03373046964406967,-0.006132812704890966,0.03066406212747097,-0.027597656473517418,0.0,-0.07397424429655075,-0.09122026711702347,0.1428905576467514,0.02846505492925644,0.0,-0.28417661786079407,-0.3367783725261688,-14.997293472290039,-0.38297632336616516,0.05888979136943817,-7.435994625091553,0.0,0.0,0.0,0.0,0.0,0.0,0.0,0.0,0.0,0.0,0.0,0.0,-0.05872830003499985,-0.07944975048303604,0.06757433712482452,0.016305970028042793,0.2818343937397003,0.28918564319610596,0.04114978387951851,0.4035685658454895,-3.628405809402466,-1.124489426612854,-4.782271862030029,0.0,0.0,0.0,0.0,0.0,0.0,0.0
48847172883,0,0.0031451634131371975,0.0016159114893525839,-0.6924010515213013,6.569455581484362e-05,-0.04113857448101044,-0.8442511558532715,0.24542053043842316,-0.1178816705942154,-0.27278879284858704,-0.006158968433737755,-0.08550939708948135,-0.15185010433197021,-0.05766879394650459,-0.16844981908798218,0.409457802772522,0.0,0.0,-0.0047828578390181065,-1.0701385736465454,-1.0647860765457153,-0.4666619598865509,0.3425654172897339,1.3707547187805176,-0.4887548089027405,-2.1618244647979736,0.16663920879364014,-41.05768585205078,1.1855109930038452,3.2104616165161133,0.1384495198726654,-0.2845452129840851,0.370882511138916,-0.6187652349472046,0.13376587629318237,13.55582332611084,10.626448631286621,2.0,16.84391212463379,-0.036796875298023224,-0.018398437649011612,0.03526367247104645,-0.021464843302965164,0.0,-0.07492297142744064,-0.1067788153886795,0.19937638938426971,0.03051711805164814,0.0,-0.28417661786079407,-0.3367783725261688,-14.997293472290039,-0.38297632336616516,0.05888979136943817,-7.435994625091553,0.0,0.0,0.0,0.0,0.0,0.0,0.0,0.0,0.0,0.0,0.0,0.0,-0.06253921985626221,-0.08501527458429337,0.08796492218971252,0.020566292107105255,0.3108147978782654,0.25367435812950134,0.04114978387951851,0.37301021814346313,-1.5603952407836914,0.33432912826538086,0.30588045716285706,0.0,0.0,0.0,0.0,0.0,0.0,0.0
48861024920,0,0.0068270741030573845,-0.000853021745570004,-0.6976706981658936,6.569455581484362e-05,-0.04113857448101044,-0.8442511558532715,0.2939552962779999,-0.13518200814723969,-0.28797978162765503,-0.013522827066481113,-0.08057150989770889,-0.14658045768737793,-0.075467549264431,-0.18725468218326569,0.40396416187286377,0.0,0.0,-0.0047828578390181065,-1.073751449584961,-1.0590194463729858,-0.37817659974098206,0.4706510007381439,1.5302537679672241,-0.4790233075618744,-2.502716541290283,0.7188403010368347,-40.38237762451172,1.1855109930038452,3.2104616165161133,0.1384495198726654,-0.2845452129840851,0.370882511138916,-0.6187652349472046,0.13376587629318237,16.18561363220215,7.906574726104736,2.100208282470703,14.210049629211426,-0.036796875298023224,-0.039863280951976776,0.03373046964406967,-0.013798828236758709,0.0,-0.05810796096920967,-0.18421432375907898,0.15363961458206177,0.05842175707221031,0.0,0.9657779335975647,-2.6521859169006348,-11.210710525512695,-0.4550393521785736,0.13069823384284973,-7.342250347137451,0.0,0.0,0.0,0.0,0.0,0.0,0.0,0.0,0.0,0.0,0.0,0.0,-0.06587914377450943,-0.09462292492389679,0.11383598297834396,0.025690393522381783,0.3108147978782654,0.25367435812950134,0.04114978387951851,0.37301021814346313,-0.7507715225219727,0.48595255613327026,4.2644124031066895,0.0,0.0,0.0,0.0,0.0,0.0,0.0
48867188476,0,0.00870368629693985,-0.0023711177054792643,-0.7005500793457031,6.569455581484362e-05,-0.04113857448101044,-0.8442511558532715,0.2741541862487793,-0.12522953748703003,-0.3287261128425598,-0.017276069149374962,-0.07753530144691467,-0.14370107650756836,-0.0852646455168724,-0.19692184031009674,0.4028923511505127,0.0,0.0,-0.0047828578390181065,-1.073751449584961,-1.0590194463729858,-0.37817659974098206,0.5654338598251343,1.650433897972107,-0.4740433394908905,-2.502716541290283,0.7188403010368347,-40.38237762451172,1.266066551208496,3.3146440982818604,0.03826066851615906,-0.28724396228790283,0.35606133937835693,-0.6477939486503601,0.13309043645858765,16.18561363220215,7.906574726104736,2.100208282470703,14.210049629211426,-0.039863280951976776,-0.04752929508686066,0.036796875298023224,-0.0076660155318677425,0.0,-0.05828949064016342,-0.18459169566631317,0.15222638845443726,0.05821499973535538,0.0,0.9657779335975647,-2.6521859169006348,-11.210710525512695,-0.41123151779174805,0.09384584426879883,-7.088134288787842,0.0,0.0,0.0,0.0,0.0,0.0,0.0,0.0,0.0,0.0,0.0,0.0,-0.06687184423208237,-0.11232530325651169,0.1359492540359497,0.03295348584651947,0.36071401834487915,0.19902144372463226,0.0764968991279602,0.323347806930542,-0.7507715225219727,0.48595255613327026,4.2644124031066895,0.0,0.0,0.0,0.0,0.0,0.0,0.0
48883515331,0,0.00870368629693985,-0.0023711177054792643,-0.7005500793457031,6.569455581484362e-05,-0.04113857448101044,-0.8442511558532715,0.2741541862487793,-0.12522953748703003,-0.3287261128425598,-0.017276069149374962,-0.07753530144691467,-0.14370107650756836,-0.0852646455168724,-0.19692184031009674,0.4028923511505127,0.0,0.0,-0.0047828578390181065,-1.073751449584961,-1.0590194463729858,-0.37817659974098206,0.5654338598251343,1.650433897972107,-0.4740433394908905,-2.502716541290283,0.7188403010368347,-40.38237762451172,1.266066551208496,3.3146440982818604,0.03826066851615906,-0.28724396228790283,0.328673392534256,-0.7043132185935974,0.13555294275283813,16.18561363220215,7.906574726104736,2.100208282470703,14.210049629211426,-0.05059570446610451,-0.06132812425494194,0.04599609225988388,-0.004599609412252903,0.0,-0.05828949064016342,-0.18459169566631317,0.15222638845443726,0.05821499973535538,0.0,-1.0019268989562988,0.6793139576911926,-11.502283096313477,-0.41123151779174805,0.09384584426879883,-7.088134288787842,0.0,0.0,0.0,0.0,0.0,0.0,0.0,0.0,0.0,0.0,0.0,0.0,-0.06576801091432571,-0.1343492567539215,0.1498935967683792,0.041196539998054504,0.38469016551971436,0.15276631712913513,0.10229243338108063,0.3000752031803131,-0.7507715225219727,0.48595255613327026,4.2644124031066895,0.0,0.0,0.0,0.0,0.0,0.0,0.0
48894178519,0,0.012277740985155106,-0.004862497095018625,-0.7063720226287842,6.569455581484362e-05,-0.04113857448101044,-0.8442511558532715,0.3153645992279053,-0.10435499995946884,-0.3125512897968292,-0.024424215778708458,-0.07255251705646515,-0.1378791332244873,-0.09701882302761078,-0.21484467387199402,0.3992655277252197,0.0,0.0,-0.0047828578390181065,-0.8744628429412842,-1.0065637826919556,-0.2862739861011505,0.6426953673362732,1.7971893548965454,-0.4663870334625244,-2.794069290161133,0.5167439579963684,-39.41002655029297,1.1127955913543701,3.489168167114258,-0.020864665508270264,-0.2919389307498932,0.328673392534256,-0.7043132185935974,0.13555294275283813,17.472978591918945,5.6672444343566895,3.289174795150757,12.998557090759277,-0.04906250163912773,-0.07666015625,0.06592773646116257,-0.0015332031762227416,0.0,-0.06428522616624832,-0.2656528353691101,0.14886334538459778,0.0656871572136879,0.0,-1.0019268989562988,0.6793139576911926,-11.502283096313477,-0.508012592792511,0.0939534455537796,-7.165459632873535,0.0,0.0,0.0,0.0,0.0,0.0,0.0,0.0,0.0,0.0,0.0,0.0,-0.06412173807621002,-0.1581914871931076,0.15702690184116364,0.04873564839363098,0.38469016551971436,0.15276631712913513,0.10229243338108063,0.3000752031803131,7.56893253326416,1.8898252248764038,4.216588020324707,0.0,0.0,0.0,0.0,0.0,0.0,0.0
48899503010,0,0.012277740985155106,-0.004862497095018625,-0.7063720226287842,6.569455581484362e-05,-0.04113857448101044,-0.8442511558532715,0.3153645992279053,-0.10435499995946884,-0.3125512897968292,-0.03594810515642166,-0.0654313862323761,-0.12827420234680176,-0.09701882302761078,-0.21484467387199402,0.3992655277252197,0.0,0.0,-0.0047828578390181065,-0.5863001346588135,-0.8138546347618103,-0.17814411222934723,0.6426953673362732,1.7971893548965454,-0.4663870334625244,-2.794069290161133,0.5167439579963684,-39.41002655029297,1.1127955913543701,3.489168167114258,-0.020864665508270264,-0.2919389307498932,0.328673392534256,-0.7043132185935974,0.13555294275283813,17.472978591918945,5.6672444343566895,3.289174795150757,12.998557090759277,-0.038330078125,-0.08432617038488388,0.08125976473093033,0.010732421651482582,0.0,-0.06428522616624832,-0.2656528353691101,0.14886334538459778,0.0656871572136879,0.0,-1.0019268989562988,0.6793139576911926,-11.502283096313477,-0.5327101945877075,0.14792802929878235,-6.795873165130615,0.0,0.0,0.0,0.0,0.0,0.0,0.0,0.0,0.0,0.0,0.0,0.0,-0.06306564807891846,-0.18600742518901825,0.15918388962745667,0.05522678419947624,0.38469016551971436,0.15276631712913513,0.10229243338108063,0.3000752031803131,12.065129280090332,8.260758399963379,4.763220310211182,0.0,0.0,0.0,0.0,0.0,0.0,0.0
48907176492,0,0.018039656803011894,-0.00842304341495037,-0.7159769535064697,6.569455581484362e-05,-0.04113857448101044,-0.8442511558532715,0.34475818276405334,-0.12086784839630127,-0.3538111746311188,-0.03594810515642166,-0.0654313862323761,-0.12827420234680176,-0.10977425426244736,-0.23354893922805786,0.3967977464199066,0.0,0.0,-0.0047828578390181065,-0.4669654965400696,-0.704273521900177,-0.16676929593086243,0.7077292799949646,1.9160034656524658,-0.46209806203842163,-2.5848443508148193,0.7528996467590332,-37.41038513183594,0.8570753931999207,3.395179033279419,-0.10702899098396301,-0.2967208921909332,0.3034523129463196,-0.7676689028739929,0.14211291074752808,18.187286376953125,2.866858720779419,5.602510929107666,10.788443565368652,-0.039863280951976776,-0.09352538734674454,0.09659180045127869,0.018398437649011612,0.0,-0.05337101221084595,-0.30469265580177307,0.05807221308350563,0.07957164198160172,0.0,-1.0554497241973877,-0.375197172164917,-10.492036819458008,-0.5327101945877075,0.14792802929878235,-6.795873165130615,0.0,0.0,0.0,0.0,0.0,0.0,0.0,0.0,0.0,0.0,0.0,0.0,-0.06226779893040657,-0.21618537604808807,0.15415194630622864,0.060989946126937866,0.40546879172325134,0.09081817418336868,0.14871816337108612,0.25313207507133484,12.608139991760254,9.907466888427734,3.246910572052002,0.0,0.0,0.0,0.0,0.0,0.0,0.0
48917073501,0,0.020263398066163063,-0.00966003630310297,-0.7196223139762878,6.569455581484362e-05,-0.04113857448101044,-0.8442511558532715,0.32983270287513733,-0.12170634418725967,-0.3802342712879181,-0.04039561003446579,-0.06295739114284515,-0.12462884187698364,-0.11135753989219666,-0.23849885165691376,0.39553317427635193,0.0,0.0,-0.0047828578390181065,-0.4669654965400696,-0.704273521900177,-0.16676929593086243,0.7130335569381714,1.9377644062042236,-0.460797518491745,-2.5848443508148193,0.7528996467590332,-37.41038513183594,0.7542703747749329,3.315197467803955,-0.10110807418823242,-0.29873621463775635,0.2943430542945862,-0.7939950227737427,0.1458786129951477,18.187286376953125,2.866858720779419,5.602510929107666,10.788443565368652,-0.04292968660593033,-0.11192382872104645,0.11039062589406967,0.03066406212747097,0.0,-0.05349161848425865,-0.30469265580177307,0.057680558413267136,0.07936789840459824,0.0,-1.3054002523422241,0.36664488911628723,-11.759956359863281,-0.4950082004070282,0.13806642591953278,-6.617228031158447,0.0,0.0,0.0,0.0,0.0,0.0,0.0,0.0,0.0,0.0,0.0,0.0,-0.06074276193976402,-0.24555830657482147,0.13811813294887543,0.06660325080156326,0.3978714048862457,0.09317424893379211,0.151411235332489,0.25687944889068604,12.608139991760254,9.907466888427734,3.246910572052002,0.0,0.0,0.0,0.0,0.0,0.0,0.0
48928033314,0,0.023876303806900978,-0.011851489543914795,-0.7269301414489746,6.569455581484362e-05,-0.04113857448101044,-0.8442511558532715,0.3675036132335663,-0.1342311054468155,-0.3965139389038086,-0.047621458768844604,-0.05857446417212486,-0.11732101440429688,-0.1124892458319664,-0.24385160207748413,0.3949698507785797,0.0,0.0,-0.0047828578390181065,-0.19035658240318298,-0.45058509707450867,-0.1092771366238594,0.7130335569381714,1.9377644062042236,-0.460797518491745,-2.9488582611083984,0.6684858798980713,-35.32993698120117,0.49902617931365967,3.179586887359619,-0.1445680856704712,-0.30307093262672424,0.2943430542945862,-0.7939950227737427,0.1458786129951477,18.145715713500977,2.0,6.783357620239258,9.368952751159668,-0.05059570446610451,-0.12878906726837158,0.11345703154802322,0.029130859300494194,0.0,-0.062626414000988,-0.30469265580177307,0.07034891843795776,0.10151957720518112,0.0,-1.3054002523422241,0.36664488911628723,-11.759956359863281,-0.5486536622047424,0.19524657726287842,-6.412182331085205,0.0,0.0,0.0,0.0,0.0,0.0,0.0,0.0,0.0,0.0,0.0,0.0,-0.05907054245471954,-0.2709161639213562,0.11599206924438477,0.07275065779685974,0.3978714048862457,0.09317424893379211,0.151411235332489,0.25687944889068604,13.474954605102539,11.871654510498047,3.0274972915649414,0.0,0.0,0.0,0.0,0.0,0.0,0.0
48938676743,0,0.023876303806900978,-0.011851489543914795,-0.7269301414489746,6.569455581484362e-05,-0.04113857448101044,-0.8442511558532715,0.3675036132335663,-0.1342311054468155,-0.3965139389038086,-0.047621458768844604,-0.05857446417212486,-0.11732101440429688,-0.1124892458319664,-0.24385160207748413,0.3949698507785797,0.0,0.0,-0.0047828578390181065,-0.058136943727731705,-0.3073261082172394,-0.11939539015293121,0.7218822240829468,1.998457908630371,-0.4585355520248413,-2.9488582611083984,0.6684858798980713,-35.32993698120117,0.49902617931365967,3.179586887359619,-0.1445680856704712,-0.30307093262672424,0.27846312522888184,-0.8492602109909058,0.1554202437400818,18.145715713500977,2.0,6.783357620239258,9.368952751159668,-0.059794921427965164,-0.15178710222244263,0.11805664002895355,0.027597656473517418,0.0,-0.062626414000988,-0.30469265580177307,0.07034891843795776,0.10151957720518112,0.0,-0.6434579491615295,-1.4215388298034668,-9.81746768951416,-0.5486536622047424,0.19524657726287842,-6.412182331085205,0.0,0.0,0.0,0.0,0.0,0.0,0.0,0.0,0.0,0.0,0.0,0.0,-0.058482881635427475,-0.28962016105651855,0.09610339254140854,0.08006078004837036,0.3971065580844879,0.053868941962718964,0.17596875131130219,0.22860632836818695,12.901407241821289,12.909031867980957,1.1190235614776611,0.0,0.0,0.0,0.0,0.0,0.0,0.0
48947291002,0,0.023876303806900978,-0.011851489543914795,-0.7269301414489746,6.569455581484362e-05,-0.04113857448101044,-0.8442511558532715,0.3675036132335663,-0.1342311054468155,-0.3965139389038086,-0.047621458768844604,-0.05857446417212486,-0.11732101440429688,-0.1124892458319664,-0.24385160207748413,0.3949698507785797,0.0,0.0,-0.0047828578390181065,0.04289070516824722,-0.14611978828907013,-0.16745343804359436,0.7218822240829468,1.998457908630371,-0.4585355520248413,-2.93626070022583,0.9517660140991211,-35.350006103515625,0.2709891200065613,2.9090442657470703,-0.056115180253982544,-0.30773767828941345,0.26707249879837036,-0.9050332307815552,0.166056826710701,15.184539794921875,3.359262704849243,5.342735290527344,11.536423683166504,-0.059794921427965164,-0.17018555104732513,0.1211230456829071,0.036796875298023224,0.0,-0.0682884082198143,-0.30469265580177307,0.0687694177031517,0.09028291702270508,0.0,-0.6434579491615295,-1.4215388298034668,-9.81746768951416,-0.5486536622047424,0.19524657726287842,-6.412182331085205,0.0,0.0,0.0,0.0,0.0,0.0,0.0,0.0,0.0,0.0,0.0,0.0,-0.05921965464949608,-0.30160030722618103,0.08149664103984833,0.08709735423326492,0.3418681025505066,0.10380123555660248,0.14596334099769592,0.2716083526611328,11.124849319458008,14.069507598876953,-1.6906346082687378,0.0,0.0,0.0,0.0,0.0,0.0,0.0
48956929653,0,0.02718898467719555,-0.013978804461658001,-0.7341493964195251,6.569455581484362e-05,-0.04113857448101044,-0.8442511558532715,0.3689071238040924,-0.11597062647342682,-0.3808647394180298,-0.05424685403704643,-0.05431981012225151,-0.11010175943374634,-0.10848113894462585,-0.24427148699760437,0.39040982723236084,0.0,0.0,-0.0047828578390181065,0.10148662328720093,-0.008426791056990623,-0.24306373298168182,0.6922008395195007,1.9985861778259277,-0.4537232518196106,-3.1884279251098633,0.9720820188522339,-35.83774948120117,0.23097747564315796,2.7956812381744385,0.02846825122833252,-0.3100147843360901,0.26707249879837036,-0.9050332307815552,0.166056826710701,12.963081359863281,5.729860782623291,3.571936845779419,13.665696144104004,-0.04599609225988388,-0.1855175793170929,0.12418945133686066,0.05059570446610451,0.0,-0.08655112981796265,-0.30469265580177307,0.1253650188446045,0.08307629078626633,0.0,-0.779231071472168,1.035809874534607,-8.573670387268066,-0.5797141790390015,0.17674218118190765,-6.515954494476318,0.0,0.0,0.0,0.0,0.0,0.0,0.0,0.0,0.0,0.0,0.0,0.0,-0.06183673068881035,-0.30806291103363037,0.07464805990457535,0.09133176505565643,0.3418681025505066,0.10380123555660248,0.14596334099769592,0.2716083526611328,8.33325481414795,13.55061149597168,-4.347771644592285,0.0,0.0,0.0,0.0,0.0,0.0,0.0
48968891610,0,0.028830984607338905,-0.015052410773932934,-0.7376185059547424,6.569455581484362e-05,-0.04113857448101044,-0.8442511558532715,0.37859898805618286,-0.12927694618701935,-0.35725295543670654,-0.05753086879849434,-0.05217258632183075,-0.10663264989852905,-0.1064806580543518,-0.24361704289913177,0.3868984878063202,0.0,0.0,-0.0047828578390181065,0.10148662328720093,-0.008426791056990623,-0.24306373298168182,0.6785122156143188,1.9917123317718506,-0.4499349594116211,-3.1884279251098633,0.9720820188522339,-35.83774948120117,0.23097747564315796,2.7956812381744385,0.02846825122833252,-0.3100147843360901,0.26271557807922363,-0.9310481548309326,0.16987080872058868,12.963081359863281,5.729860782623291,3.571936845779419,13.665696144104004,-0.04599609225988388,-0.20698241889476776,0.12265624850988388,0.06439453363418579,0.0,-0.08655112981796265,-0.30469265580177307,0.1253650188446045,0.08307629078626633,0.0,-0.36636844277381897,0.4210158586502075,-8.680377960205078,-0.6036514043807983,0.21787826716899872,-6.655516147613525,0.0,0.0,0.0,0.0,0.0,0.0,0.0,0.0,0.0,0.0,0.0,0.0,-0.06684181839227676,-0.31061941385269165,0.07802764326334,0.0922233983874321,0.29938942193984985,0.15407609939575195,0.10837099701166153,0.31292518973350525,8.33325481414795,13.55061149597168,-4.347771644592285,0.0,0.0,0.0,0.0,0.0,0.0,0.0
48977328715,0,0.028830984607338905,-0.015052410773932934,-0.7376185059547424,6.569455581484362e-05,-0.04113857448101044,-0.8442511558532715,0.37859898805618286,-0.12927694618701935,-0.35725295543670654,-0.05753086879849434,-0.05217258632183075,-0.10663264989852905,-0.1064806580543518,-0.24361704289913177,0.3868984878063202,0.0,0.0,-0.0047828578390181065,0.2213907390832901,0.23695968091487885,-0.2704154849052429,0.6785122156143188,1.9917123317718506,-0.4499349594116211,-3.385622024536133,1.0587377548217773,-36.530616760253906,0.09562364220619202,2.557124137878418,0.02468898892402649,-0.313963919878006,0.2560059726238251,-0.9760169386863708,0.17462454736232758,12.675149917602539,5.993600845336914,4.411224842071533,13.602437019348145,-0.04906250163912773,-0.22538085281848907,0.11652343720197678,0.06746093928813934,0.0,-0.09195829182863235,-0.30469265580177307,0.10935140401124954,0.09055261313915253,0.0,-0.36636844277381897,0.4210158586502075,-8.680377960205078,-0.6036514043807983,0.21787826716899872,-6.655516147613525,0.0,0.0,0.0,0.0,0.0,0.0,0.0,0.0,0.0,0.0,0.0,0.0,-0.07318972796201706,-0.3107830882072449,0.08768605440855026,0.09131891280412674,0.29381492733955383,0.1595819741487503,0.12628857791423798,0.31171050667762756,7.039690971374512,13.06379222869873,-1.5943342447280884,0.0,0.0,0.0,0.0,0.0,0.0,0.0
48989747042,0,0.031574785709381104,-0.016598345711827278,-0.744204044342041,6.569455581484362e-05,-0.04113857448101044,-0.8442511558532715,0.36699122190475464,-0.1262955516576767,-0.3547642230987549,-0.06301849335432053,-0.049080703407526016,-0.10004711151123047,-0.10122958570718765,-0.2386527955532074,0.38128793239593506,0.0,0.0,-0.0047828578390181065,0.28387051820755005,0.35684332251548767,-0.2537369132041931,0.643417239189148,1.948704719543457,-0.44454044103622437,-3.385622024536133,1.0587377548217773,-36.530616760253906,0.09562364220619202,2.557124137878418,0.02468898892402649,-0.313963919878006,0.2560059726238251,-0.9760169386863708,0.17462454736232758,12.675149917602539,5.993600845336914,4.411224842071533,13.602437019348145,-0.055195312947034836,-0.24531249701976776,0.10579101741313934,0.06746093928813934,0.0,-0.09195829182863235,-0.30469265580177307,0.10935140401124954,0.09055261313915253,0.0,-1.805832028388977,0.27841153740882874,-8.07542896270752,-0.5970090627670288,0.21315670013427734,-6.657417297363281,0.0,0.0,0.0,0.0,0.0,0.0,0.0,0.0,0.0,0.0,0.0,0.0,-0.07952556759119034,-0.30973976850509644,0.09717275947332382,0.09038778394460678,0.29381492733955383,0.1595819741487503,0.12628857791423798,0.31171050667762756,6.580437183380127,12.213227272033691,-0.08857765793800354,0.0,0.0,0.0,0.0,0.0,0.0,0.0
49003026525,0,0.03269129619002342,-0.01722896657884121,-0.7472955584526062,6.569455581484362e-05,-0.04113857448101044,-0.8442511558532715,0.39279240369796753,-0.12513968348503113,-0.3160842955112457,-0.06525152921676636,-0.04781945422291756,-0.09695559740066528,-0.09765125066041946,-0.2345089316368103,0.37926992774009705,0.0,0.0,-0.0047828578390181065,0.28387051820755005,0.35684332251548767,-0.2537369132041931,0.6101808547973633,1.8983824253082275,-0.441761314868927,-3.2835497856140137,1.1723618507385254,-36.61579513549805,0.01618814468383789,2.4332337379455566,-0.002598017454147339,-0.31594404578208923,0.2533876895904541,-0.998535692691803,0.17744478583335876,13.057173728942871,5.402344226837158,5.432035446166992,12.880693435668945,-0.06439453363418579,-0.26524412631988525,0.09659180045127869,0.06899414211511612,0.0,-0.08356359601020813,-0.30469265580177307,0.07425771653652191,0.09579233080148697,0.0,-0.8544272184371948,-1.4745829105377197,-8.352301597595215,-0.6681121587753296,0.2410559207201004,-6.8808746337890625,0.0,0.0,0.0,0.0,0.0,0.0,0.0,0.0,0.0,0.0,0.0,0.0,-0.08454851806163788,-0.308295339345932,0.10246679931879044,0.0902019739151001,0.30120769143104553,0.14721490442752838,0.1478380262851715,0.29779598116874695,6.580437183380127,12.213227272033691,-0.08857765793800354,0.0,0.0,0.0,0.0,0.0,0.0,0.0
49016697297,0,0.035812921822071075,-0.018929919227957726,-0.755966067314148,6.569455581484362e-05,-0.04113857448101044,-0.8442511558532715,0.40110623836517334,-0.12651531398296356,-0.298315167427063,-0.07149481028318405,-0.04441753402352333,-0.08828508853912354,-0.08132060617208481,-0.21773861348628998,0.3686237335205078,0.0,0.0,-0.0047828578390181065,0.46258875727653503,0.5792852640151978,-0.29182884097099304,0.6101808547973633,1.8983824253082275,-0.441761314868927,-3.2835497856140137,1.1723618507385254,-36.61579513549805,0.01618814468383789,2.4332337379455566,-0.002598017454147339,-0.31594404578208923,0.2533876895904541,-0.998535692691803,0.17744478583335876,13.057173728942871,5.402344226837158,5.432035446166992,12.880693435668945,-0.06746093928813934,-0.27750977873802185,0.09812500327825546,0.0705273449420929,0.0,-0.08356359601020813,-0.30469265580177307,0.07425771653652191,0.09579233080148697,0.0,-0.8544272184371948,-1.4745829105377197,-8.352301597595215,-0.7112410068511963,0.2650109529495239,-6.947903156280518,0.0,0.0,0.0,0.0,0.0,0.0,0.0,0.0,0.0,0.0,0.0,0.0,-0.08722437918186188,-0.3069201707839966,0.10148406028747559,0.09090045094490051,0.30120769143104553,0.14721490442752838,0.1478380262851715,0.29779598116874695,8.315775871276855,11.627396583557129,-1.701737403869629,0.0,0.0,0.0,0.0,0.0,0.0,0.0
49026642266,0,0.035812921822071075,-0.018929919227957726,-0.755966067314148,6.569455581484362e-05,-0.04113857448101044,-0.8442511558532715,0.40110623836517334,-0.12651531398296356,-0.298315167427063,-0.07149481028318405,-0.04441753402352333,-0.08828508853912354,-0.08132060617208481,-0.21773861348628998,0.3686237335205078,0.0,0.0,-0.0047828578390181065,0.46258875727653503,0.5792852640151978,-0.29182884097099304,0.5071882605552673,1.7706644535064697,-0.4340864419937134,-3.7133724689483643,1.3664320707321167,-37.90303421020508,-0.27216726541519165,2.1405210494995117,0.0458507239818573,-0.31941550970077515,0.25155025720596313,-1.0366694927215576,0.18240654468536377,11.296148300170898,7.014536380767822,5.419962406158447,14.446484565734863,-0.06746093928813934,-0.28517577052116394,0.1088574230670929,0.07666015625,0.0,-0.10438066720962524,-0.30469265580177307,0.08915520459413528,0.10045566409826279,0.0,-0.5812073945999146,-0.6299586296081543,-8.651592254638672,-0.7112410068511963,0.2650109529495239,-6.947903156280518,0.0,0.0,0.0,0.0,0.0,0.0,0.0,0.0,0.0,0.0,0.0,0.0,-0.08882521092891693,-0.3058328330516815,0.09666398912668228,0.09236177802085876,0.2668895423412323,0.18073731660842896,0.14758478105068207,0.3278574049472809,8.315775871276855,11.627396583557129,-1.701737403869629,0.0,0.0,0.0,0.0,0.0,0.0,0.0
49030538695,0,0.035812921822071075,-0.018929919227957726,-0.755966067314148,6.569455581484362e-05,-0.04113857448101044,-0.8442511558532715,0.40110623836517334,-0.12651531398296356,-0.298315167427063,-0.07149481028318405,-0.04441753402352333,-0.08828508853912354,-0.08132060617208481,-0.21773861348628998,0.3686237335205078,0.0,0.0,-0.0047828578390181065,0.6142834424972534,0.8608637452125549,-0.30341044068336487,0.5071882605552673,1.7706644535064697,-0.4340864419937134,-3.837434768676758,1.3230185508728027,-38.840240478515625,-0.533062219619751,1.685166835784912,0.04576632380485535,-0.3225496709346771,0.25407126545906067,-1.069213628768921,0.18585515022277832,10.426671028137207,7.598079204559326,6.7148261070251465,14.368849754333496,-0.06286133080720901,-0.2882421910762787,0.11192382872104645,0.08125976473093033,0.0,-0.11916714906692505,-0.29033035039901733,0.08026439696550369,0.10275668650865555,0.0,-0.5812073945999146,-0.6299586296081543,-8.651592254638672,-0.7112410068511963,0.2650109529495239,-6.947903156280518,0.0,0.0,0.0,0.0,0.0,0.0,0.0,0.0,0.0,0.0,0.0,0.0,-0.09220471978187561,-0.30442512035369873,0.0918104499578476,0.09446503221988678,0.2497139275074005,0.19271895289421082,0.1745525747537613,0.32637766003608704,7.820690155029297,13.948724746704102,-0.3786960244178772,0.0,0.0,0.0,0.0,0.0,0.0,0.0
49038207478,0,0.03699098527431488,-0.019449008628726006,-0.7614518404006958,6.569455581484362e-05,-0.04113857448101044,-0.8442511558532715,0.3983566462993622,-0.1239096000790596,-0.27503612637519836,-0.07385095208883286,-0.043379347771406174,-0.08279931545257568,-0.06753777712583542,-0.19925212860107422,0.36235126852989197,0.0,0.0,-0.0047828578390181065,0.6621369123458862,1.019965648651123,-0.2524479627609253,0.4134993851184845,1.6163041591644287,-0.42969733476638794,-3.837434768676758,1.3230185508728027,-38.840240478515625,-0.533062219619751,1.685166835784912,0.04576632380485535,-0.3225496709346771,0.25407126545906067,-1.069213628768921,0.18585515022277832,11.618034362792969,6.299167633056641,8.888555526733398,12.586966514587402,-0.06746093928813934,-0.29744139313697815,0.11192382872104645,0.08432617038488388,0.0,-0.1068977639079094,-0.30469265580177307,0.060607437044382095,0.11736642569303513,0.0,-0.9104740023612976,-0.10552731901407242,-8.376051902770996,-0.7330616116523743,0.26882970333099365,-7.117353916168213,0.0,0.0,0.0,0.0,0.0,0.0,0.0,0.0,0.0,0.0,0.0,0.0,-0.09759396314620972,-0.3024570345878601,0.08679619431495667,0.09759729355573654,0.2497139275074005,0.19271895289421082,0.1745525747537613,0.32637766003608704,6.229282855987549,14.473572731018066,2.1549203395843506,0.0,0.0,0.0,0.0,0.0,0.0,0.0
49049150145,0,0.03761309012770653,-0.019741471856832504,-0.7640504837036133,6.569455581484362e-05,-0.04113857448101044,-0.8442511558532715,0.3924579322338104,-0.12576055526733398,-0.2786971926689148,-0.07509516179561615,-0.042794421315193176,-0.0802006721496582,-0.061214517802000046,-0.18830451369285583,0.36058521270751953,0.0,0.0,-0.0047828578390181065,0.6621369123458862,1.019965648651123,-0.2524479627609253,0.3714022636413574,1.5261380672454834,-0.42902231216430664,-4.031838893890381,1.4785633087158203,-39.14544677734375,-0.6100002527236938,1.4448829889297485,-0.01825842261314392,-0.32409927248954773,0.2569727897644043,-1.0834462642669678,0.18837770819664001,11.618034362792969,6.299167633056641,8.888555526733398,12.586966514587402,-0.07819335907697678,-0.306640625,0.10732422024011612,0.08432617038488388,0.0,-0.1082329973578453,-0.30469265580177307,0.061966173350811005,0.12713521718978882,0.0,-1.450528621673584,-0.15355682373046875,-9.186720848083496,-0.7275145053863525,0.27230626344680786,-7.096420764923096,0.0,0.0,0.0,0.0,0.0,0.0,0.0,0.0,0.0,0.0,0.0,0.0,-0.10258886963129044,-0.30123910307884216,0.08046707510948181,0.10256238281726837,0.27320846915245056,0.16594000160694122,0.2189399152994156,0.2921043932437897,6.229282855987549,14.473572731018066,2.1549203395843506,0.0,0.0,0.0,0.0,0.0,0.0,0.0
49060585646,0,0.03761309012770653,-0.019741471856832504,-0.7640504837036133,6.569455581484362e-05,-0.04113857448101044,-0.8442511558532715,0.3924579322338104,-0.12576055526733398,-0.2786971926689148,-0.07509516179561615,-0.042794421315193176,-0.0802006721496582,-0.061214517802000046,-0.18830451369285583,0.36058521270751953,0.0,0.0,-0.0047828578390181065,0.7395226359367371,1.312304139137268,-0.21669051051139832,0.3714022636413574,1.5261380672454834,-0.42902231216430664,-4.020995616912842,1.4296321868896484,-39.25295639038086,-0.7766426801681519,0.9583969712257385,-0.038773149251937866,-0.326871782541275,0.26455289125442505,-1.1032694578170776,0.19503046572208405,11.182772636413574,6.34185791015625,10.473726272583008,11.648930549621582,-0.08739257603883743,-0.306640625,0.10579101741313934,0.08585937321186066,0.0,-0.1139463409781456,-0.30469265580177307,0.053577713668346405,0.13534300029277802,0.0,-1.450528621673584,-0.15355682373046875,-9.186720848083496,-0.7275145053863525,0.27230626344680786,-7.096420764923096,0.0,0.0,0.0,0.0,0.0,0.0,0.0,0.0,0.0,0.0,0.0,0.0,-0.10628888010978699,-0.30127739906311035,0.07349076122045517,0.10946662724018097,0.26465877890586853,0.16682635247707367,0.2506476044654846,0.2738138437271118,4.582247734069824,14.783124923706055,1.3760989904403687,0.0,0.0,0.0,0.0,0.0,0.0,0.0
49069559870,0,0.03818143904209137,-0.020039498805999756,-0.7692320942878723,6.569455581484362e-05,-0.04113857448101044,-0.8442511558532715,0.3891147971153259,-0.10905535519123077,-0.2789660096168518,-0.07623186707496643,-0.042198363691568375,-0.07501906156539917,-0.04653465375304222,-0.162709042429924,0.3554442524909973,0.0,0.0,-0.0047828578390181065,0.7395226359367371,1.312304139137268,-0.21669051051139832,0.2732553482055664,1.3152629137039185,-0.4258284568786621,-4.020995616912842,1.4296321868896484,-39.25295639038086,-0.7766426801681519,0.9583969712257385,-0.038773149251937866,-0.326871782541275,0.26455289125442505,-1.1032694578170776,0.19503046572208405,11.182772636413574,6.34185791015625,10.473726272583008,11.648930549621582,-0.09199218451976776,-0.30357420444488525,0.10579101741313934,0.09199218451976776,0.0,-0.1139463409781456,-0.30469265580177307,0.053577713668346405,0.13534300029277802,0.0,-0.8079410791397095,-0.46196216344833374,-8.761106491088867,-0.7494988441467285,0.2454306036233902,-7.113647937774658,0.0,0.0,0.0,0.0,0.0,0.0,0.0,0.0,0.0,0.0,0.0,0.0,-0.1092580258846283,-0.30192649364471436,0.06677220016717911,0.1172584742307663,0.26465877890586853,0.16682635247707367,0.2506476044654846,0.2738138437271118,4.582247734069824,14.783124923706055,1.3760989904403687,0.0,0.0,0.0,0.0,0.0,0.0,0.0
49077111511,0,0.03818143904209137,-0.020039498805999756,-0.7692320942878723,6.569455581484362e-05,-0.04113857448101044,-0.8442511558532715,0.3891147971153259,-0.10905535519123077,-0.2789660096168518,-0.0770910233259201,-0.041495781391859055,-0.07000255584716797,-0.04653465375304222,-0.162709042429924,0.3554442524909973,0.0,0.0,-0.01226414367556572,0.7463778257369995,1.6259232759475708,-0.25925761461257935,0.15780842304229736,1.0004572868347168,-0.4280763566493988,-4.085873126983643,1.4932539463043213,-39.5689582824707,-0.8494316339492798,0.40755295753479004,0.01832708716392517,-0.3297254145145416,0.2751183807849884,-1.1141045093536377,0.2015010118484497,8.992406845092773,8.800363540649414,10.154007911682129,12.539244651794434,-0.09505859017372131,-0.30204102396965027,0.10425781458616257,0.09659180045127869,0.0,-0.14226862788200378,-0.26806485652923584,0.055004317313432693,0.1290838122367859,0.0,-0.8079410791397095,-0.46196216344833374,-8.761106491088867,-0.7284414768218994,0.2789497971534729,-7.268151760101318,0.0,0.0,0.0,0.0,0.0,0.0,0.0,0.0,0.0,0.0,0.0,0.0,-0.11288995295763016,-0.30106648802757263,0.06109900400042534,0.12413894385099411,0.22103384137153625,0.21715962886810303,0.24429559707641602,0.29117804765701294,1.239409327507019,15.018474578857422,-1.0997545719146729,0.0,0.0,0.0,0.0,0.0,0.0,0.0
49087338049,0,0.03861101344227791,-0.020390788093209267,-0.7742486000061035,6.569455581484362e-05,-0.04113857448101044,-0.8442511558532715,0.37310537695884705,-0.12955808639526367,-0.2656567692756653,-0.0770910233259201,-0.041495781391859055,-0.07000255584716797,-0.032812703400850296,-0.13265272974967957,0.3488810956478119,0.0,0.0,-0.01226414367556572,0.7463778257369995,1.6259232759475708,-0.25925761461257935,0.15780842304229736,1.0004572868347168,-0.4280763566493988,-4.085873126983643,1.4932539463043213,-39.5689582824707,-0.8494316339492798,0.40755295753479004,0.01832708716392517,-0.3297254145145416,0.2751183807849884,-1.1141045093536377,0.2015010118484497,8.992406845092773,8.800363540649414,10.154007911682129,12.539244651794434,-0.09505859017372131,-0.306640625,0.09965820610523224,0.10119140893220901,0.0,-0.14226862788200378,-0.26806485652923584,0.055004317313432693,0.1290838122367859,0.0,-1.9548927545547485,0.9849339723587036,-9.440755844116211,-0.7284414768218994,0.2789497971534729,-7.268151760101318,0.0,0.0,0.0,0.0,0.0,0.0,0.0,0.0,0.0,0.0,0.0,0.0,-0.11879078298807144,-0.2962435185909271,0.057118408381938934,0.12872403860092163,0.22103384137153625,0.21715962886810303,0.24429559707641602,0.29117804765701294,1.239409327507019,15.018474578857422,-1.0997545719146729,0.0,0.0,0.0,0.0,0.0,0.0,0.0
49098279918,0,0.03871452808380127,-0.02052883617579937,-0.7767473459243774,6.569455581484362e-05,-0.04113857448101044,-0.8442511558532715,0.37446796894073486,-0.12164849042892456,-0.27085259556770325,-0.07729805260896683,-0.04121968150138855,-0.06750380992889404,-0.025786178186535835,-0.11543875932693481,0.34585708379745483,0.0,0.0,-0.01226414367556572,0.7284824848175049,1.7448703050613403,-0.2696285843849182,0.11899079382419586,0.8612371683120728,-0.4257396459579468,-4.006428241729736,1.5342239141464233,-39.97483444213867,-0.868873119354248,0.15808284282684326,0.020703822374343872,-0.3308769762516022,0.27985522150993347,-1.1150802373886108,0.20384615659713745,8.585808753967285,9.290946960449219,10.559530258178711,12.307195663452148,-0.09812500327825546,-0.3051074147224426,0.09659180045127869,0.10579101741313934,0.0,-0.14419031143188477,-0.2522165775299072,0.04873427003622055,0.13031424582004547,0.0,-1.9548927545547485,0.9849339723587036,-9.440755844116211,-0.7448561191558838,0.26693224906921387,-7.2456135749816895,0.0,0.0,0.0,0.0,0.0,0.0,0.0,0.0,0.0,0.0,0.0,0.0,-0.12611383199691772,-0.28794065117836,0.054481349885463715,0.13110218942165375,0.21282178163528442,0.22703999280929565,0.25234881043434143,0.2866676151752472,-0.13857808709144592,14.163637161254883,-1.1586823463439941,0.0,0.0,0.0,0.0,0.0,0.0,0.0
49107985370,0,0.03871452808380127,-0.02052883617579937,-0.7767473459243774,6.569455581484362e-05,-0.04113857448101044,-0.8442511558532715,0.37446796894073486,-0.12164849042892456,-0.27085259556770325,-0.07729805260896683,-0.04121968150138855,-0.06750380992889404,-0.025786178186535835,-0.11543875932693481,0.34585708379745483,0.0,0.0,-0.01226414367556572,0.691023051738739,1.96083402633667,-0.27483227849006653,0.11899079382419586,0.8612371683120728,-0.4257396459579468,-4.006428241729736,1.5342239141464233,-39.97483444213867,-0.868873119354248,0.15808284282684326,0.020703822374343872,-0.3308769762516022,0.27985522150993347,-1.1150802373886108,0.20384615659713745,8.585808753967285,9.290946960449219,10.559530258178711,12.307195663452148,-0.10732422024011612,-0.30357420444488525,0.09199218451976776,0.11192382872104645,0.0,-0.14419031143188477,-0.2522165775299072,0.04873427003622055,0.13031424582004547,0.0,-0.3961324691772461,-0.28653013706207275,-9.485482215881348,-0.7448561191558838,0.26693224906921387,-7.2456135749816895,0.0,0.0,0.0,0.0,0.0,0.0,0.0,0.0,0.0,0.0,0.0,0.0,-0.13296234607696533,-0.2779962122440338,0.05241316556930542,0.1320696473121643,0.21282178163528442,0.22703999280929565,0.25234881043434143,0.2866676151752472,-1.29611074924469,10.355497360229492,-0.2983746826648712,0.0,0.0,0.0,0.0,0.0,0.0,0.0
49121099181,0,0.03917646408081055,-0.02102653868496418,-0.7840932607650757,6.569455581484362e-05,-0.04113857448101044,-0.8442511558532715,0.3585590720176697,-0.10952889919281006,-0.2577522397041321,-0.07822193205356598,-0.04022427275776863,-0.0601578950881958,-0.006574693135917187,-0.0621224083006382,0.33756399154663086,0.0,0.0,-0.0047828578390181065,0.691023051738739,1.96083402633667,-0.27483227849006653,0.01830754615366459,0.4962099492549896,-0.410050630569458,-3.974945068359375,1.346647024154663,-40.848594665527344,-0.9518266916275024,-0.45919370651245117,0.02588754892349243,-0.33354273438453674,0.29207226634025574,-1.1089853048324585,0.20922517776489258,7.538241386413574,10.423138618469238,11.64802360534668,11.782625198364258,-0.11345703154802322,-0.30204102396965027,0.08892577886581421,0.11345703154802322,0.0,-0.17221491038799286,-0.21699035167694092,0.04867101460695267,0.12927159667015076,0.0,-0.14509040117263794,0.46874701976776123,-9.506438255310059,-0.7548083066940308,0.23999086022377014,-7.422997951507568,0.0,0.0,0.0,0.0,0.0,0.0,0.0,0.0,0.0,0.0,0.0,0.0,-0.13969522714614868,-0.26672330498695374,0.05071423575282097,0.13217343389987946,0.19149406254291534,0.2496439516544342,0.27379605174064636,0.2764313519001007,-1.29611074924469,10.355497360229492,-0.2983746826648712,0.0,0.0,0.0,0.0,0.0,0.0,0.0
49131274748,0,0.03941496089100838,-0.02118808776140213,-0.786462128162384,6.569455581484362e-05,-0.04113857448101044,-0.8442511558532715,0.3468663692474365,-0.11964884400367737,-0.2581905722618103,-0.07869892567396164,-0.03990117460489273,-0.05778902769088745,-0.0008226112113334239,-0.04315658286213875,0.33511093258857727,0.0,0.0,-0.0047828578390181065,0.6542827486991882,2.044712543487549,-0.2729969918727875,-0.01678210310637951,0.34272024035453796,-0.40744245052337646,-4.1514458656311035,1.319949746131897,-40.82648849487305,-0.9467147588729858,-0.686786413192749,0.022538363933563232,-0.33484047651290894,0.29207226634025574,-1.1089853048324585,0.20922517776489258,7.22920560836792,10.66528606414795,12.009828567504883,11.298673629760742,-0.11805664002895355,-0.30357420444488525,0.08585937321186066,0.1211230456829071,0.0,-0.1899637132883072,-0.21720559895038605,0.053075455129146576,0.13944779336452484,0.0,-0.14509040117263794,0.46874701976776123,-9.506438255310059,-0.7361581325531006,0.25318479537963867,-7.451781272888184,0.0,0.0,0.0,0.0,0.0,0.0,0.0,0.0,0.0,0.0,0.0,0.0,-0.14853325486183167,-0.25363701581954956,0.04970775172114372,0.13220655918121338,0.19149406254291534,0.2496439516544342,0.27379605174064636,0.2764313519001007,-2.3086211681365967,8.590859413146973,-0.06391497701406479,0.0,0.0,0.0,0.0,0.0,0.0,0.0
49137055632,0,0.03941496089100838,-0.02118808776140213,-0.786462128162384,6.569455581484362e-05,-0.04113857448101044,-0.8442511558532715,0.3468663692474365,-0.11964884400367737,-0.2581905722618103,-0.07869892567396164,-0.03990117460489273,-0.05778902769088745,-0.0008226112113334239,-0.04315658286213875,0.33511093258857727,0.0,0.0,-0.0047828578390181065,0.5465301871299744,2.140763998031616,-0.30349481105804443,-0.01678210310637951,0.34272024035453796,-0.40744245052337646,-4.1514458656311035,1.319949746131897,-40.82648849487305,-0.9467147588729858,-0.686786413192749,0.022538363933563232,-0.33484047651290894,0.2987361252307892,-1.1011145114898682,0.21210718154907227,7.22920560836792,10.66528606414795,12.009828567504883,11.298673629760742,-0.12418945133686066,-0.2989746034145355,0.08432617038488388,0.12572266161441803,0.0,-0.1899637132883072,-0.21720559895038605,0.053075455129146576,0.13944779336452484,0.0,-1.6000537872314453,-0.3035336434841156,-9.921603202819824,-0.7361581325531006,0.25318479537963867,-7.451781272888184,0.0,0.0,0.0,0.0,0.0,0.0,0.0,0.0,0.0,0.0,0.0,0.0,-0.15970616042613983,-0.24046850204467773,0.04963099583983421,0.1330896019935608,0.1851542443037033,0.2544431686401367,0.28087159991264343,0.26693910360336304,-4.388210773468018,5.009133815765381,-1.0301340818405151,0.0,0.0,0.0,0.0,0.0,0.0,0.0
49147199725,0,0.0400477796792984,-0.02189176343381405,-0.7935720682144165,6.569455581484362e-05,-0.04113857448101044,-0.8442511558532715,0.3076990842819214,-0.10354705899953842,-0.2643887996673584,-0.07996457070112228,-0.038493815809488297,-0.05067908763885498,0.012777003459632397,0.015373297035694122,0.32739293575286865,0.0,0.0,-0.0047828578390181065,0.5465301871299744,2.140763998031616,-0.30349481105804443,-0.09323237836360931,-0.12869036197662354,-0.39818018674850464,-3.901148796081543,1.1580263376235962,-41.35836410522461,-0.8909344673156738,-1.1652675867080688,0.05879458785057068,-0.33690741658210754,0.31016260385513306,-1.0779770612716675,0.21674256026744843,5.80802583694458,12.582208633422852,11.855992317199707,11.528722763061523,-0.1272558569908142,-0.28977540135383606,0.07819335907697678,0.13185547292232513,0.0,-0.23211267590522766,-0.17211350798606873,0.05093607306480408,0.12370140850543976,0.0,-0.45820870995521545,0.508595883846283,-10.265398025512695,-0.7025616765022278,0.20134100317955017,-7.483447551727295,0.0,0.0,0.0,0.0,0.0,0.0,0.0,0.0,0.0,0.0,0.0,0.0,-0.17272888123989105,-0.2276192605495453,0.05013014376163483,0.1339707374572754,0.15166692435741425,0.2953837215900421,0.27877944707870483,0.2710527777671814,-4.388210773468018,5.009133815765381,-1.0301340818405151,0.0,0.0,0.0,0.0,0.0,0.0,0.0
49156914257,0,0.0400477796792984,-0.02189176343381405,-0.7935720682144165,6.569455581484362e-05,-0.04113857448101044,-0.8442511558532715,0.3076990842819214,-0.10354705899953842,-0.2643887996673584,-0.07996457070112228,-0.038493815809488297,-0.05067908763885498,0.012777003459632397,0.015373297035694122,0.32739293575286865,0.0,0.0,-0.0047828578390181065,0.4919131398200989,2.1276116371154785,-0.3023861348628998,-0.09323237836360931,-0.12869036197662354,-0.39818018674850464,-3.901148796081543,1.1580263376235962,-41.35836410522461,-0.8909344673156738,-1.1652675867080688,0.05879458785057068,-0.33690741658210754,0.31016260385513306,-1.0779770612716675,0.21674256026744843,5.80802583694458,12.582208633422852,11.855992317199707,11.528722763061523,-0.13185547292232513,-0.28517577052116394,0.07666015625,0.12878906726837158,0.0,-0.23211267590522766,-0.17211350798606873,0.05093607306480408,0.12370140850543976,0.0,-0.45820870995521545,0.508595883846283,-10.265398025512695,-0.7025616765022278,0.20134100317955017,-7.483447551727295,0.0,0.0,0.0,0.0,0.0,0.0,0.0,0.0,0.0,0.0,0.0,0.0,-0.18814711272716522,-0.213137686252594,0.05062303692102432,0.13323551416397095,0.15166692435741425,0.2953837215900421,0.27877944707870483,0.2710527777671814,-5.08800745010376,2.171616554260254,-0.45625048875808716,0.0,0.0,0.0,0.0,0.0,0.0,0.0
49168308109,0,0.04015180468559265,-0.02220718003809452,-0.7959526181221008,6.569455581484362e-05,-0.04113857448101044,-0.8442511558532715,0.28769728541374207,-0.10697675496339798,-0.26800400018692017,-0.08017262071371078,-0.037862978875637054,-0.048298537731170654,0.01601715013384819,0.03400423377752304,0.32536301016807556,0.0,0.0,-0.0047828578390181065,0.4919131398200989,2.1276116371154785,-0.3023861348628998,-0.10918102413415909,-0.2781326472759247,-0.3954913020133972,-3.864089250564575,1.1073755025863647,-41.15896224975586,-0.863700807094574,-1.3590855598449707,0.05436587333679199,-0.3377004861831665,0.3134866952896118,-1.0683748722076416,0.21806825697422028,5.659849643707275,12.814840316772461,12.212141990661621,11.080042839050293,-0.1333886682987213,-0.28364259004592896,0.07512695342302322,0.1211230456829071,0.0,-0.23933616280555725,-0.16657260060310364,0.049772635102272034,0.12583790719509125,0.0,-1.2068852186203003,0.5649702548980713,-10.437368392944336,-0.671582818031311,0.19648057222366333,-7.47617244720459,0.0,0.0,0.0,0.0,0.0,0.0,0.0,0.0,0.0,0.0,0.0,0.0,-0.20417606830596924,-0.19818976521492004,0.05086953565478325,0.13121318817138672,0.15166692435741425,0.2953837215900421,0.27877944707870483,0.2710527777671814,-5.08800745010376,2.171616554260254,-0.45625048875808716,0.0,0.0,0.0,0.0,0.0,0.0,0.0
49178272828,0,0.04015180468559265,-0.02220718003809452,-0.7959526181221008,6.569455581484362e-05,-0.04113857448101044,-0.8442511558532715,0.28769728541374207,-0.10697675496339798,-0.26800400018692017,-0.08027993887662888,-0.03639164939522743,-0.04344630241394043,0.01601715013384819,0.03400423377752304,0.32536301016807556,0.0,0.0,-0.0047828578390181065,0.39771586656570435,2.0667457580566406,-0.2864342927932739,-0.13590440154075623,-0.49531090259552,-0.3910338282585144,-3.6937055587768555,1.0806431770324707,-41.11894989013672,-0.7836154699325562,-1.4309039115905762,0.033954769372940063,-0.33902111649513245,0.3199697732925415,-1.0448732376098633,0.2213582694530487,6.297537326812744,12.611186981201172,12.819421768188477,10.442249298095703,-0.14258788526058197,-0.2759765684604645,0.07359375059604645,0.1211230456829071,0.0,-0.20668484270572662,-0.16380003094673157,0.04333501309156418,0.1266990303993225,0.0,-1.2068852186203003,0.5649702548980713,-10.437368392944336,-0.6280004978179932,0.1915259063243866,-7.476614952087402,0.0,0.0,0.0,0.0,0.0,0.0,0.0,0.0,0.0,0.0,0.0,0.0,-0.21670779585838318,-0.18513165414333344,0.05054504796862602,0.12916786968708038,0.16590601205825806,0.2925744652748108,0.29661017656326294,0.25002315640449524,-5.635064601898193,-1.7088326215744019,0.39432618021965027,0.0,0.0,0.0,0.0,0.0,0.0,0.0
49187938479,0,0.0402054637670517,-0.022942841053009033,-0.800804853439331,6.569455581484362e-05,-0.04113857448101044,-0.8442511558532715,0.25747793912887573,-0.11319439113140106,-0.27220049500465393,-0.08007419109344482,-0.03457709401845932,-0.03889453411102295,0.021138157695531845,0.07052517682313919,0.32086381316185,0.0,0.0,-0.0047828578390181065,0.29319629073143005,2.011871576309204,-0.3459778130054474,-0.13590440154075623,-0.49531090259552,-0.3910338282585144,-3.6937055587768555,1.0806431770324707,-41.11894989013672,-0.7836154699325562,-1.4309039115905762,0.033954769372940063,-0.33902111649513245,0.3199697732925415,-1.0448732376098633,0.2213582694530487,6.297537326812744,12.611186981201172,12.819421768188477,10.442249298095703,-0.15178710222244263,-0.26371094584465027,0.07359375059604645,0.12265624850988388,0.0,-0.20668484270572662,-0.16380003094673157,0.04333501309156418,0.1266990303993225,0.0,-0.5645986199378967,0.23984295129776,-9.525566101074219,-0.6003149151802063,0.1833631694316864,-7.911214351654053,0.0,0.0,0.0,0.0,0.0,0.0,0.0,0.0,0.0,0.0,0.0,0.0,-0.22252783179283142,-0.17490117251873016,0.04935198649764061,0.1276666671037674,0.16590601205825806,0.2925744652748108,0.29661017656326294,0.25002315640449524,-5.712507724761963,-2.510716199874878,-2.2088375091552734,0.0,0.0,0.0,0.0,0.0,0.0,0.0
49198187843,0,0.04010258987545967,-0.02385011315345764,-0.8053566217422485,6.569455581484362e-05,-0.04113857448101044,-0.8442511558532715,0.24048453569412231,-0.11529183387756348,-0.2191464900970459,-0.08007419109344482,-0.03457709401845932,-0.03889453411102295,0.025349143892526627,0.10678251832723618,0.31400978565216064,0.0,0.0,-0.0047828578390181065,0.22484435141086578,1.9684224128723145,-0.3445867598056793,-0.1464158147573471,-0.8596078157424927,-0.3800966441631317,-3.310499668121338,0.9090980291366577,-41.819725036621094,-0.7071748971939087,-1.7622934579849243,0.11079195141792297,-0.3399822413921356,0.3256140351295471,-1.013497233390808,0.22423779964447021,4.043089389801025,15.27874755859375,11.33360481262207,11.824716567993164,-0.16251952946186066,-0.25144532322883606,0.07206054776906967,0.12572266161441803,0.0,-0.30469265580177307,-0.12213271856307983,0.04231847822666168,0.09505504369735718,0.0,-0.052647750824689865,-0.5375577807426453,-6.338951587677002,-0.6003149151802063,0.1833631694316864,-7.911214351654053,0.0,0.0,0.0,0.0,0.0,0.0,0.0,0.0,0.0,0.0,0.0,0.0,-0.2269880175590515,-0.16589905321598053,0.04760803282260895,0.12529000639915466,0.11845195293426514,0.3436492383480072,0.26762574911117554,0.2772548496723175,-6.404464244842529,-3.599113941192627,-1.1140897274017334,0.0,0.0,0.0,0.0,0.0,0.0,0.0
49207348746,0,0.04010258987545967,-0.02385011315345764,-0.8053566217422485,6.569455581484362e-05,-0.04113857448101044,-0.8442511558532715,0.24048453569412231,-0.11529183387756348,-0.2191464900970459,-0.08007419109344482,-0.03457709401845932,-0.03889453411102295,0.025349143892526627,0.10678251832723618,0.31400978565216064,0.0,0.0,-0.0047828578390181065,0.15332558751106262,1.907104253768921,-0.3212534785270691,-0.1464158147573471,-0.8596078157424927,-0.3800966441631317,-3.2069091796875,0.9179883003234863,-44.71157455444336,-0.5499372482299805,-2.006754159927368,0.06994721293449402,-0.34109175205230713,0.3290124535560608,-0.9768974781036377,0.22630144655704498,5.728750228881836,15.617010116577148,13.261758804321289,10.943710327148438,-0.1793847680091858,-0.23917968571186066,0.06899414211511612,0.13032226264476776,0.0,-0.2074650079011917,-0.11739322543144226,0.03307130187749863,0.09954739362001419,0.0,-0.49605002999305725,-0.07099342346191406,-5.3392653465271,-0.6003149151802063,0.1833631694316864,-7.911214351654053,0.0,0.0,0.0,0.0,0.0,0.0,0.0,0.0,0.0,0.0,0.0,0.0,-0.23451365530490875,-0.15509918332099915,0.04539458081126213,0.1202089935541153,0.1540527641773224,0.3500314950942993,0.3051550090312958,0.25994616746902466,-6.583373069763184,-4.631946563720703,0.47118860483169556,0.0,0.0,0.0,0.0,0.0,0.0,0.0
49217669842,0,0.04042547196149826,-0.02513156458735466,-0.8087438344955444,6.569455581484362e-05,-0.04113857448101044,-0.8442511558532715,0.213278129696846,-0.11810943484306335,-0.15321145951747894,-0.080719955265522,-0.03201417997479439,-0.03550732135772705,0.025785773992538452,0.14001554250717163,0.3103247582912445,0.0,0.0,-0.0047828578390181065,0.11527115851640701,1.8663347959518433,-0.3244836926460266,-0.13343296945095062,-1.1228667497634888,-0.37476176023483276,-2.9749066829681396,0.9473409056663513,-46.1107177734375,-0.5274364948272705,-2.1259398460388184,0.07901325821876526,-0.34157639741897583,0.32993388175964355,-0.9554301500320435,0.22772066295146942,5.707386493682861,16.377164840698242,13.524641990661621,11.303505897521973,-0.191650390625,-0.22691406309604645,0.06746093928813934,0.1272558569908142,0.0,-0.19182747602462769,-0.10755198448896408,0.025554219260811806,0.08995582908391953,0.0,-0.49605002999305725,-0.07099342346191406,-5.3392653465271,-0.5408921241760254,0.17224380373954773,-8.383767127990723,0.0,0.0,0.0,0.0,0.0,0.0,0.0,0.0,0.0,0.0,0.0,0.0,-0.23698753118515015,-0.14259454607963562,0.04211180657148361,0.11324773728847504,0.15360602736473083,0.3642998933792114,0.31021547317504883,0.26703396439552307,-5.141963005065918,-4.229142189025879,0.02367510087788105,0.0,0.0,0.0,0.0,0.0,0.0,0.0
49227381849,0,0.040589939802885056,-0.025838110595941544,-0.8098373413085938,6.569455581484362e-05,-0.04113857448101044,-0.8442511558532715,0.21630293130874634,-0.10786274075508118,-0.10094882547855377,-0.0810488909482956,-0.030601080507040024,-0.034413814544677734,0.02682824805378914,0.15695545077323914,0.30736076831817627,0.0,0.0,-0.0047828578390181065,0.11527115851640701,1.8663347959518433,-0.3244836926460266,-0.13365110754966736,-1.2573267221450806,-0.3706246614456177,-2.9749066829681396,0.9473409056663513,-46.1107177734375,-0.5274364948272705,-2.1259398460388184,0.07901325821876526,-0.34157639741897583,0.32993388175964355,-0.9554301500320435,0.22772066295146942,5.707386493682861,16.377164840698242,13.524641990661621,11.303505897521973,-0.1977832019329071,-0.2177148461341858,0.06592773646116257,0.12418945133686066,0.0,-0.19182747602462769,-0.10755198448896408,0.025554219260811806,0.08995582908391953,0.0,-0.49605002999305725,-0.07099342346191406,-5.3392653465271,-0.5404069423675537,0.15323391556739807,-8.777910232543945,0.0,0.0,0.0,0.0,0.0,0.0,0.0,0.0,0.0,0.0,0.0,0.0,-0.23059234023094177,-0.13043229281902313,0.0377887487411499,0.10596858710050583,0.15360602736473083,0.3642998933792114,0.31021547317504883,0.26703396439552307,-5.141963005065918,-4.229142189025879,0.02367510087788105,0.0,0.0,0.0,0.0,0.0,0.0,0.0
49237350691,0,0.040589939802885056,-0.025838110595941544,-0.8098373413085938,6.569455581484362e-05,-0.04113857448101044,-0.8442511558532715,0.21630293130874634,-0.10786274075508118,-0.10094882547855377,-0.0810488909482956,-0.030601080507040024,-0.034413814544677734,0.02682824805378914,0.15695545077323914,0.30736076831817627,0.0,0.0,-0.0047828578390181065,0.07640042901039124,1.8422895669937134,-0.34621042013168335,-0.13365110754966736,-1.2573267221450806,-0.3706246614456177,-2.9749066829681396,0.9473409056663513,-46.1107177734375,-0.5274364948272705,-2.1259398460388184,0.07901325821876526,-0.34157639741897583,0.32993388175964355,-0.9554301500320435,0.22772066295146942,5.380516052246094,17.910188674926758,13.479000091552734,12.3079833984375,-0.20084960758686066,-0.2039160132408142,0.06286133080720901,0.12418945133686066,0.0,-0.20364002883434296,-0.09831485152244568,0.025640765205025673,0.08259686082601547,0.0,0.035368822515010834,-0.7150135040283203,-5.008985996246338,-0.5404069423675537,0.15323391556739807,-8.777910232543945,0.0,0.0,0.0,0.0,0.0,0.0,0.0,0.0,0.0,0.0,0.0,0.0,-0.22083887457847595,-0.1198025792837143,0.0334090031683445,0.09909433126449585,0.15360602736473083,0.3642998933792114,0.31021547317504883,0.26703396439552307,-4.438557147979736,-3.253977060317993,-0.999092161655426,0.0,0.0,0.0,0.0,0.0,0.0,0.0
49247200066,0,0.040589939802885056,-0.025838110595941544,-0.8098373413085938,6.569455581484362e-05,-0.04113857448101044,-0.8442511558532715,0.21630293130874634,-0.10786274075508118,-0.10094882547855377,-0.08240488171577454,-0.02751045674085617,-0.03349792957305908,0.02682824805378914,0.15695545077323914,0.30736076831817627,0.0,0.0,-0.0047828578390181065,0.05270158872008324,1.8237581253051758,-0.3616774082183838,-0.1064983457326889,-1.6029748916625977,-0.35948604345321655,-2.7633848190307617,0.9556221961975098,-49.837120056152344,-0.4596741199493408,-2.425029754638672,0.1258724182844162,-0.3422660529613495,0.3306826055049896,-0.911136269569397,0.2294146865606308,5.131119251251221,19.000606536865234,13.61713981628418,12.870887756347656,-0.20544922351837158,-0.18705077469348907,0.059794921427965164,0.12265624850988388,0.0,-0.1983642876148224,-0.088898204267025,0.019617125391960144,0.07331928610801697,0.0,0.7518746852874756,0.4154520630836487,-4.198592185974121,-0.4907781183719635,0.14813710749149323,-9.438079833984375,0.0,0.0,0.0,0.0,0.0,0.0,0.0,0.0,0.0,0.0,0.0,0.0,-0.21208004653453827,-0.11060141026973724,0.029539665207266808,0.09258073568344116,0.14151287078857422,0.41277602314949036,0.3119928538799286,0.2976062595844269,-3.6612212657928467,-2.7528953552246094,-1.2859138250350952,0.0,0.0,0.0,0.0,0.0,0.0,0.0
49262647357,0,0.040589939802885056,-0.025838110595941544,-0.8098373413085938,6.569455581484362e-05,-0.04113857448101044,-0.8442511558532715,0.21630293130874634,-0.10786274075508118,-0.10094882547855377,-0.08240488171577454,-0.02751045674085617,-0.03349792957305908,0.02682824805378914,0.15695545077323914,0.30736076831817627,0.0,0.0,-0.0047828578390181065,-0.00025032961275428534,1.7249813079833984,-0.3539547026157379,-0.1064983457326889,-1.6029748916625977,-0.35948604345321655,-2.380509376525879,0.9514351487159729,-55.02153778076172,-0.3829329013824463,-2.6625242233276367,0.11189641058444977,-0.34263622760772705,0.33041006326675415,-0.8567668199539185,0.2304505705833435,6.577662467956543,20.35776710510254,15.498138427734375,13.3290433883667,-0.2100488245487213,-0.1717187464237213,0.055195312947034836,0.11805664002895355,0.0,-0.13383330404758453,-0.07623396813869476,0.008570382371544838,0.060475509613752365,0.0,0.7868643999099731,-0.3334227204322815,-5.827994346618652,-0.4907781183719635,0.14813710749149323,-9.438079833984375,0.0,0.0,0.0,0.0,0.0,0.0,0.0,0.0,0.0,0.0,0.0,0.0,-0.202507883310318,-0.10192150622606277,0.0255739763379097,0.085658498108387,0.17171511054039001,0.4374072849750519,0.3477911651134491,0.3064514398574829,-2.84985089302063,-4.428811073303223,0.14445365965366364,0.0,0.0,0.0,0.0,0.0,0.0,0.0
49267839069,0,0.042426515370607376,-0.02900918573141098,-0.8099421262741089,6.569455581484362e-05,-0.04113857448101044,-0.8442511558532715,0.20080935955047607,-0.12344464659690857,0.07966489344835281,-0.08472206443548203,-0.024258898571133614,-0.0343090295791626,0.024830874055624008,0.2234514057636261,0.29507866501808167,0.0,0.0,-0.0047828578390181065,-0.02294110134243965,1.6655449867248535,-0.3477829098701477,-0.081271693110466,-1.8385976552963257,-0.3524143099784851,-2.2956676483154297,0.901382327079773,-56.224613189697266,-0.3462514877319336,-2.728822708129883,0.10747727751731873,-0.3426852822303772,0.33041006326675415,-0.8567668199539185,0.2304505705833435,6.9531025886535645,20.65758514404297,15.956276893615723,13.35903263092041,-0.21464844048023224,-0.16098633408546448,0.05059570446610451,0.11345703154802322,0.0,-0.12479159235954285,-0.0728130117058754,0.007550104521214962,0.05675939843058586,0.0,1.280271291732788,0.0673472061753273,-5.9422173500061035,-0.4328199028968811,0.17298820614814758,-10.003915786743164,0.0,0.0,0.0,0.0,0.0,0.0,0.0,0.0,0.0,0.0,0.0,0.0,-0.18768766522407532,-0.0933389738202095,0.020948516204953194,0.07802817970514297,0.17171511054039001,0.4374072849750519,0.3477911651134491,0.3064514398574829,-2.7108473777770996,-5.380055904388428,0.3467220366001129,0.0,0.0,0.0,0.0,0.0,0.0,0.0
49277361095,0,0.043233491480350494,-0.02991539053618908,-0.8090163469314575,6.569455581484362e-05,-0.04113857448101044,-0.8442511558532715,0.20045842230319977,-0.11782840639352798,0.11306742578744888,-0.08633602410554886,-0.02244647964835167,-0.035234808921813965,0.0238422192633152,0.2378627061843872,0.2924906313419342,0.0,0.0,-0.0047828578390181065,-0.02294110134243965,1.6655449867248535,-0.3477829098701477,-0.06637024879455566,-1.949042797088623,-0.34867915511131287,-2.2956676483154297,0.901382327079773,-56.224613189697266,-0.3462514877319336,-2.728822708129883,0.10747727751731873,-0.3426852822303772,0.3299308121204376,-0.8319646120071411,0.23106859624385834,6.9531025886535645,20.65758514404297,15.956276893615723,13.35903263092041,-0.21464844048023224,-0.14872069656848907,0.04292968660593033,0.1088574230670929,0.0,-0.12479159235954285,-0.0728130117058754,0.007550104521214962,0.05675939843058586,0.0,1.280271291732788,0.0673472061753273,-5.9422173500061035,-0.41739413142204285,0.16388769447803497,-10.222657203674316,0.0,0.0,0.0,0.0,0.0,0.0,0.0,0.0,0.0,0.0,0.0,0.0,-0.16920995712280273,-0.0854882001876831,0.016248352825641632,0.0705222561955452,0.17947131395339966,0.44280922412872314,0.35641220211982727,0.30702900886535645,-2.7108473777770996,-5.380055904388428,0.3467220366001129,0.0,0.0,0.0,0.0,0.0,0.0,0.0
49288069370,0,0.043233491480350494,-0.02991539053618908,-0.8090163469314575,6.569455581484362e-05,-0.04113857448101044,-0.8442511558532715,0.20045842230319977,-0.11782840639352798,0.11306742578744888,-0.09289601445198059,-0.016775967553257942,-0.039472341537475586,0.0238422192633152,0.2378627061843872,0.2924906313419342,0.0,0.0,-0.0047828578390181065,-0.05714843049645424,1.5285078287124634,-0.3730086088180542,-0.06637024879455566,-1.949042797088623,-0.34867915511131287,-2.2956676483154297,0.901382327079773,-56.224613189697266,-0.3462514877319336,-2.728822708129883,0.10747727751731873,-0.3426852822303772,0.3299308121204376,-0.8319646120071411,0.23106859624385834,6.9531025886535645,20.65758514404297,15.956276893615723,13.35903263092041,-0.20851562917232513,-0.13645507395267487,0.04139648377895355,0.10425781458616257,0.0,-0.12479159235954285,-0.0728130117058754,0.007550104521214962,0.05675939843058586,0.0,1.280271291732788,0.0673472061753273,-5.9422173500061035,-0.36629679799079895,0.18086296319961548,-10.554583549499512,0.0,0.0,0.0,0.0,0.0,0.0,0.0,0.0,0.0,0.0,0.0,0.0,-0.15192601084709167,-0.07928816974163055,0.012331690639257431,0.06429112702608109,0.17947131395339966,0.44280922412872314,0.35641220211982727,0.30702900886535645,-1.9218170642852783,-6.63231086730957,-0.8187748789787292,0.0,0.0,0.0,0.0,0.0,0.0,0.0
49298033391,0,0.04651347175240517,-0.032750632613897324,-0.8047788143157959,6.569455581484362e-05,-0.04113857448101044,-0.8442511558532715,0.19457264244556427,-0.12357844412326813,0.17025524377822876,-0.09289601445198059,-0.016775967553257942,-0.039472341537475586,0.019587717950344086,0.2775499224662781,0.2825140357017517,0.0,0.0,-0.0047828578390181065,-0.06342556327581406,1.4335120916366577,-0.3717285096645355,-0.025855598971247673,-2.204592704772949,-0.33799171447753906,-2.0860111713409424,0.9763829112052917,-57.8244514465332,-0.2776643633842468,-2.891850233078003,0.1451035737991333,-0.34258249402046204,0.3281753659248352,-0.7749271988868713,0.23192933201789856,6.253159523010254,22.266206741333008,15.565215110778809,14.328656196594238,-0.1977832019329071,-0.12418945133686066,0.039863280951976776,0.09352538734674454,0.0,-0.1225946694612503,-0.06539642065763474,0.0012811035849153996,0.04959563910961151,0.0,3.0753836631774902,-0.6393576860427856,-8.881452560424805,-0.36629679799079895,0.18086296319961548,-10.554583549499512,0.0,0.0,0.0,0.0,0.0,0.0,0.0,0.0,0.0,0.0,0.0,0.0,-0.13831718266010284,-0.07470192760229111,0.009233894757926464,0.05950629711151123,0.17947131395339966,0.44280922412872314,0.35641220211982727,0.30702900886535645,-1.3981224298477173,-8.403861045837402,-0.3785551190376282,0.0,0.0,0.0,0.0,0.0,0.0,0.0
49307465011,0,0.04762878268957138,-0.03373100608587265,-0.8031435012817383,6.569455581484362e-05,-0.04113857448101044,-0.8442511558532715,0.20188838243484497,-0.12770682573318481,0.173584446310997,-0.09512665122747421,-0.014815211296081543,-0.0411076545715332,0.018107695505023003,0.28805580735206604,0.27957120537757874,0.0,0.0,-0.0047828578390181065,-0.06342556327581406,1.4335120916366577,-0.3717285096645355,-0.025855598971247673,-2.204592704772949,-0.33799171447753906,-2.0146324634552,0.9947463274002075,-58.050209045410156,-0.2594127058982849,-2.8696579933166504,0.14041467010974884,-0.34239327907562256,0.3281753659248352,-0.7749271988868713,0.23192933201789856,6.494408130645752,22.165468215942383,15.67959213256836,14.259262084960938,-0.19011718034744263,-0.11345703154802322,0.03526367247104645,0.08432617038488388,0.0,-0.11306872218847275,-0.06483731418848038,-0.0007387041696347296,0.0485355481505394,0.0,3.0753836631774902,-0.6393576860427856,-8.881452560424805,-0.37336787581443787,0.19703499972820282,-10.576842308044434,0.0,0.0,0.0,0.0,0.0,0.0,0.0,0.0,0.0,0.0,0.0,0.0,-0.12838485836982727,-0.07104559242725372,0.006438877433538437,0.05560584366321564,0.17947131395339966,0.44280922412872314,0.35641220211982727,0.30702900886535645,-1.3981224298477173,-8.403861045837402,-0.3785551190376282,0.0,0.0,0.0,0.0,0.0,0.0,0.0
49317523952,0,0.04762878268957138,-0.03373100608587265,-0.8031435012817383,6.569455581484362e-05,-0.04113857448101044,-0.8442511558532715,0.20188838243484497,-0.12770682573318481,0.173584446310997,-0.09512665122747421,-0.014815211296081543,-0.0411076545715332,0.018107695505023003,0.28805580735206604,0.27957120537757874,0.0,0.0,-0.0047828578390181065,-0.09556860476732254,1.1051280498504639,-0.3663414418697357,-0.010720349848270416,-2.2864608764648438,-0.33438241481781006,-2.0062034130096436,1.1174904108047485,-57.81968307495117,-0.18810132145881653,-2.714651346206665,0.13903219997882843,-0.34174779057502747,0.3269994854927063,-0.742859423160553,0.23210597038269043,6.802114009857178,21.8812198638916,15.321078300476074,14.265106201171875,-0.18091796338558197,-0.10272461175918579,0.029130859300494194,0.07512695342302322,0.0,-0.10097433626651764,-0.06749983131885529,-0.003737193299457431,0.05140167102217674,0.0,2.8169307708740234,-0.5611677169799805,-10.203336715698242,-0.37336787581443787,0.19703499972820282,-10.576842308044434,0.0,0.0,0.0,0.0,0.0,0.0,0.0,0.0,0.0,0.0,0.0,0.0,-0.12055528163909912,-0.0682503879070282,0.0036946472246199846,0.05256401747465134,0.16999059915542603,0.4697665572166443,0.35121020674705505,0.3242872953414917,-1.5860422849655151,-13.330364227294922,-0.011232311837375164,0.0,0.0,0.0,0.0,0.0,0.0,0.0
49327297311,0,0.05020307004451752,-0.03573006018996239,-0.7999762892723083,6.569455581484362e-05,-0.04113857448101044,-0.8442511558532715,0.19632461667060852,-0.1352047175168991,0.16090312600135803,-0.10027524828910828,-0.010817082598805428,-0.044274866580963135,0.014186081476509571,0.3054352402687073,0.27296558022499084,0.0,0.0,-0.0047828578390181065,-0.09556860476732254,1.1051280498504639,-0.3663414418697357,0.03580668941140175,-2.448482036590576,-0.32474324107170105,-2.0062034130096436,1.1174904108047485,-57.81968307495117,-0.18810132145881653,-2.714651346206665,0.13903219997882843,-0.34174779057502747,0.3241126239299774,-0.6783393025398254,0.2325921654701233,6.802114009857178,21.8812198638916,15.321078300476074,14.265106201171875,-0.17018555104732513,-0.09505859017372131,0.02299804612994194,0.0705273449420929,0.0,-0.10097433626651764,-0.06749983131885529,-0.003737193299457431,0.05140167102217674,0.0,2.8169307708740234,-0.5611677169799805,-10.203336715698242,-0.3654043972492218,0.21831932663917542,-10.457565307617188,0.0,0.0,0.0,0.0,0.0,0.0,0.0,0.0,0.0,0.0,0.0,0.0,-0.11364930868148804,-0.06661434471607208,0.0011119504924863577,0.05072130262851715,0.17635618150234222,0.46471139788627625,0.3444489538669586,0.32439878582954407,-1.5860422849655151,-13.330364227294922,-0.011232311837375164,0.0,0.0,0.0,0.0,0.0,0.0,0.0
49337063203,0,0.05020307004451752,-0.03573006018996239,-0.7999762892723083,6.569455581484362e-05,-0.04113857448101044,-0.8442511558532715,0.19632461667060852,-0.1352047175168991,0.16090312600135803,-0.1072634607553482,-0.006385760847479105,-0.046981632709503174,0.014186081476509571,0.3054352402687073,0.27296558022499084,0.0,0.0,-0.0047828578390181065,-0.14062583446502686,0.7991642355918884,-0.3622186481952667,0.03580668941140175,-2.448482036590576,-0.32474324107170105,-2.0062034130096436,1.1174904108047485,-57.81968307495117,-0.18810132145881653,-2.714651346206665,0.13903219997882843,-0.34174779057502747,0.3241126239299774,-0.6783393025398254,0.2325921654701233,6.802114009857178,21.8812198638916,15.321078300476074,14.265106201171875,-0.16098633408546448,-0.08739257603883743,0.016865234822034836,0.06899414211511612,0.0,-0.10097433626651764,-0.06749983131885529,-0.003737193299457431,0.05140167102217674,0.0,3.09952712059021,-0.10159721225500107,-11.351208686828613,-0.3945373594760895,0.2402370572090149,-10.224796295166016,0.0,0.0,0.0,0.0,0.0,0.0,0.0,0.0,0.0,0.0,0.0,0.0,-0.10791397839784622,-0.06597311049699783,-0.00105305016040802,0.049940578639507294,0.17635618150234222,0.46471139788627625,0.3444489538669586,0.32439878582954407,-2.178800344467163,-15.86534309387207,0.1838696449995041,0.0,0.0,0.0,0.0,0.0,0.0,0.0
49347642345,0,0.05369715765118599,-0.0379457101225853,-0.7972695231437683,6.569455581484362e-05,-0.04113857448101044,-0.8442511558532715,0.19863930344581604,-0.1394311487674713,0.12617307901382446,-0.1072634607553482,-0.006385760847479105,-0.046981632709503174,0.009091446176171303,0.31715676188468933,0.26640722155570984,0.0,0.0,-0.0047828578390181065,-0.16564413905143738,0.5859141945838928,-0.3619089126586914,0.0758775919675827,-2.527014970779419,-0.31768694519996643,-2.2143633365631104,1.3971538543701172,-55.57422637939453,-0.03349560499191284,-2.375321388244629,0.1421777456998825,-0.3402497172355652,0.31720542907714844,-0.5899332761764526,0.23316535353660583,6.847701549530029,21.054330825805664,13.945016860961914,13.989644050598145,-0.15178710222244263,-0.0827929675579071,0.010732421651482582,0.06899414211511612,0.0,-0.09635119885206223,-0.07829193025827408,-0.005802074447274208,0.06488113850355148,0.0,3.450277328491211,-0.4275476932525635,-11.317702293395996,-0.3945373594760895,0.2402370572090149,-10.224796295166016,0.0,0.0,0.0,0.0,0.0,0.0,0.0,0.0,0.0,0.0,0.0,0.0,-0.1035994291305542,-0.06643732637166977,-0.0027083782479166985,0.05044805258512497,0.176838219165802,0.4546217918395996,0.3284043073654175,0.3183690905570984,-2.1050286293029785,-16.93621063232422,0.08140823990106583,0.0,0.0,0.0,0.0,0.0,0.0,0.0
49358759392,0,0.05547640100121498,-0.03911842033267021,-0.7961457967758179,6.569455581484362e-05,-0.04113857448101044,-0.8442511558532715,0.19584743678569794,-0.1440368890762329,0.10842777043581009,-0.11082196235656738,-0.004040328320115805,-0.04810535907745361,0.006375977303832769,0.32103022933006287,0.263027161359787,0.0,0.0,-0.0047828578390181065,-0.16564413905143738,0.5859141945838928,-0.3619089126586914,0.09701540321111679,-2.5487024784088135,-0.31403228640556335,-2.2143633365631104,1.3971538543701172,-55.57422637939453,-0.03349560499191284,-2.375321388244629,0.1421777456998825,-0.3402497172355652,0.31720542907714844,-0.5899332761764526,0.23316535353660583,6.847701549530029,21.054330825805664,13.945016860961914,13.989644050598145,-0.14258788526058197,-0.07819335907697678,0.009199218824505806,0.06439453363418579,0.0,-0.09635119885206223,-0.07829193025827408,-0.005802074447274208,0.06488113850355148,0.0,3.450277328491211,-0.4275476932525635,-11.317702293395996,-0.40261152386665344,0.25402796268463135,-10.10440444946289,0.0,0.0,0.0,0.0,0.0,0.0,0.0,0.0,0.0,0.0,0.0,0.0,-0.10035325586795807,-0.0683552697300911,-0.0039981030859053135,0.05273909866809845,0.1772971898317337,0.4499360918998718,0.3182802200317383,0.319134384393692,-2.1050286293029785,-16.93621063232422,0.08140823990106583,0.0,0.0,0.0,0.0,0.0,0.0,0.0
49367688651,0,0.06260489672422409,-0.042388271540403366,-0.7939125895500183,6.569455581484362e-05,-0.04113857448101044,-0.8442511558532715,0.1953943371772766,-0.15154355764389038,0.048735346645116806,-0.12507903575897217,0.0024994066916406155,-0.050338566303253174,-0.0018699949141591787,0.3206743896007538,0.25258731842041016,0.0,0.0,-0.0047828578390181065,-0.18326659500598907,0.1786692589521408,-0.36890870332717896,0.09701540321111679,-2.5487024784088135,-0.31403228640556335,-2.2143633365631104,1.3971538543701172,-55.57422637939453,-0.03349560499191284,-2.375321388244629,0.1421777456998825,-0.3402497172355652,0.31720542907714844,-0.5899332761764526,0.23316535353660583,6.847701549530029,21.054330825805664,13.945016860961914,13.989644050598145,-0.1349218785762787,-0.07512695342302322,0.0076660155318677425,0.059794921427965164,0.0,-0.09635119885206223,-0.07829193025827408,-0.005802074447274208,0.06488113850355148,0.0,3.450277328491211,-0.4275476932525635,-11.317702293395996,-0.4625228941440582,0.28690409660339355,-9.736974716186523,0.0,0.0,0.0,0.0,0.0,0.0,0.0,0.0,0.0,0.0,0.0,0.0,-0.09801825135946274,-0.0711321160197258,-0.004965287167578936,0.05610639974474907,0.1772971898317337,0.4499360918998718,0.3182802200317383,0.319134384393692,-1.1739190816879272,-19.885019302368164,-0.19133295118808746,0.0,0.0,0.0,0.0,0.0,0.0,0.0
49377232991,0,0.06260489672422409,-0.042388271540403366,-0.7939125895500183,6.569455581484362e-05,-0.04113857448101044,-0.8442511558532715,0.1953943371772766,-0.15154355764389038,0.048735346645116806,-0.12507903575897217,0.0024994066916406155,-0.050338566303253174,-0.0018699949141591787,0.3206743896007538,0.25258731842041016,0.0,0.0,-0.0047828578390181065,-0.18326659500598907,0.1786692589521408,-0.36890870332717896,0.14503316581249237,-2.5343501567840576,-0.30510589480400085,-2.434203624725342,1.4912141561508179,-54.23206329345703,0.01912108063697815,-1.9858142137527466,0.15421822667121887,-0.33892980217933655,0.3110082447528839,-0.5376409292221069,0.2332487404346466,6.851184844970703,20.48402976989746,12.63986587524414,14.450974464416504,-0.1272558569908142,-0.07206054776906967,0.0076660155318677425,0.05672851577401161,0.0,-0.10261467844247818,-0.08584276586771011,-0.0027694085147231817,0.07060354202985764,0.0,3.421177387237549,-0.3415476679801941,-11.537879943847656,-0.4625228941440582,0.28690409660339355,-9.736974716186523,0.0,0.0,0.0,0.0,0.0,0.0,0.0,0.0,0.0,0.0,0.0,0.0,-0.09685119241476059,-0.07416731119155884,-0.005455467384308577,0.059645649045705795,0.1773691475391388,0.43968406319618225,0.2931307256221771,0.32794269919395447,-1.1739190816879272,-19.885019302368164,-0.19133295118808746,0.0,0.0,0.0,0.0,0.0,0.0,0.0
49391451222,0,0.06260489672422409,-0.042388271540403366,-0.7939125895500183,6.569455581484362e-05,-0.04113857448101044,-0.8442511558532715,0.1953943371772766,-0.15154355764389038,0.048735346645116806,-0.13623830676078796,0.006776970345526934,-0.05087560415267944,-0.0018699949141591787,0.3206743896007538,0.25258731842041016,0.0,0.0,-0.0047828578390181065,-0.20848798751831055,-0.22623933851718903,-0.36466020345687866,0.14503316581249237,-2.5343501567840576,-0.30510589480400085,-2.434203624725342,1.4912141561508179,-54.23206329345703,0.01912108063697815,-1.9858142137527466,0.15421822667121887,-0.33892980217933655,0.3110082447528839,-0.5376409292221069,0.2332487404346466,6.851184844970703,20.48402976989746,12.63986587524414,14.450974464416504,-0.11805664002895355,-0.07206054776906967,0.004599609412252903,0.05366211012005806,0.0,-0.10261467844247818,-0.08584276586771011,-0.0027694085147231817,0.07060354202985764,0.0,3.305759906768799,0.05333820730447769,-11.497626304626465,-0.506658673286438,0.3085189163684845,-9.494832038879395,0.0,0.0,0.0,0.0,0.0,0.0,0.0,0.0,0.0,0.0,0.0,0.0,-0.09705179929733276,-0.07746616005897522,-0.005340795498341322,0.06314434111118317,0.1773691475391388,0.43968406319618225,0.2931307256221771,0.32794269919395447,-1.2799813747406006,-20.315214157104492,0.10579002648591995,0.0,0.0,0.0,0.0,0.0,0.0,0.0
49397393712,0,0.0681845024228096,-0.04452704265713692,-0.793375551700592,6.569455581484362e-05,-0.04113857448101044,-0.8442511558532715,0.19421091675758362,-0.156702920794487,0.009337326511740685,-0.13623830676078796,0.006776970345526934,-0.05087560415267944,-0.008049426600337029,0.31262949109077454,0.24597157537937164,0.0,0.0,-0.0047828578390181065,-0.21925465762615204,-0.42697909474372864,-0.36541178822517395,0.18627887964248657,-2.4690680503845215,-0.29861152172088623,-2.7866227626800537,1.6968539953231812,-52.22157669067383,0.1371283233165741,-1.3252593278884888,0.15576651692390442,-0.33636805415153503,0.30369624495506287,-0.4916094243526459,0.23315954208374023,7.473983287811279,19.178939819335938,10.916813850402832,14.800915718078613,-0.11192382872104645,-0.07206054776906967,0.0015332031762227416,0.05366211012005806,0.0,-0.1006394773721695,-0.10189015418291092,0.00180218112654984,0.08248916268348694,0.0,3.305759906768799,0.05333820730447769,-11.497626304626465,-0.506658673286438,0.3085189163684845,-9.494832038879395,0.0,0.0,0.0,0.0,0.0,0.0,0.0,0.0,0.0,0.0,0.0,0.0,-0.09808585047721863,-0.08137458562850952,-0.004599011968821287,0.06678977608680725,0.18729571998119354,0.4229311943054199,0.2718496322631836,0.33086031675338745,-1.1440013647079468,-19.73671531677246,0.008514763787388802,0.0,0.0,0.0,0.0,0.0,0.0,0.0
49408761455,0,0.0710955560207367,-0.04559183120727539,-0.7933834195137024,6.569455581484362e-05,-0.04113857448101044,-0.8442511558532715,0.19640114903450012,-0.15897458791732788,-0.010522291995584965,-0.14206044375896454,0.008906558156013489,-0.05086773633956909,-0.011069211177527905,0.3063984811306,0.24262937903404236,0.0,0.0,-0.0047828578390181065,-0.21925465762615204,-0.42697909474372864,-0.36541178822517395,0.20563340187072754,-2.4191510677337646,-0.29531776905059814,-2.7866227626800537,1.6968539953231812,-52.22157669067383,0.1371283233165741,-1.3252593278884888,0.15576651692390442,-0.33636805415153503,0.29919975996017456,-0.46954545378685,0.23308689892292023,7.473983287811279,19.178939819335938,10.916813850402832,14.800915718078613,-0.1088574230670929,-0.07359375059604645,-0.0015332031762227416,0.055195312947034836,0.0,-0.1006394773721695,-0.10189015418291092,0.00180218112654984,0.08248916268348694,0.0,3.305759906768799,0.05333820730447769,-11.497626304626465,-0.5349941253662109,0.3197040855884552,-9.376123428344727,0.0,0.0,0.0,0.0,0.0,0.0,0.0,0.0,0.0,0.0,0.0,0.0,-0.09915675222873688,-0.08634218573570251,-0.0032638953998684883,0.07093130797147751,0.19017763435840607,0.41602957248687744,0.25941523909568787,0.3345979154109955,-1.1440013647079468,-19.73671531677246,0.008514763787388802,0.0,0.0,0.0,0.0,0.0,0.0,0.0
49417288100,0,0.0710955560207367,-0.04559183120727539,-0.7933834195137024,6.569455581484362e-05,-0.04113857448101044,-0.8442511558532715,0.19640114903450012,-0.15897458791732788,-0.010522291995584965,-0.14206044375896454,0.008906558156013489,-0.05086773633956909,-0.011069211177527905,0.3063984811306,0.24262937903404236,0.0,0.0,-0.0047828578390181065,-0.20893611013889313,-0.7852826118469238,-0.3724859356880188,0.24444793164730072,-2.2441635131835938,-0.2870144546031952,-3.0247299671173096,1.8127151727676392,-50.98628234863281,0.15450787544250488,-0.8786646127700806,0.1669146716594696,-0.334375262260437,0.29919975996017456,-0.46954545378685,0.23308689892292023,7.577751636505127,18.489582061767578,9.6225004196167,15.4195556640625,-0.10579101741313934,-0.07512695342302322,-0.0015332031762227416,0.05826171860098839,0.0,-0.10470286011695862,-0.1123940646648407,0.0067613511346280575,0.08745791018009186,0.0,2.910724401473999,-0.09677642583847046,-11.277267456054688,-0.5349941253662109,0.3197040855884552,-9.376123428344727,0.0,0.0,0.0,0.0,0.0,0.0,0.0,0.0,0.0,0.0,0.0,0.0,-0.10014448314905167,-0.09213890135288239,-0.0014436646597459912,0.07533012330532074,0.19017763435840607,0.41602957248687744,0.25941523909568787,0.3345979154109955,0.18965616822242737,-18.655893325805664,-0.22413533926010132,0.0,0.0,0.0,0.0,0.0,0.0,0.0
49427795485,0,0.07740004360675812,-0.04766958951950073,-0.79386967420578,6.569455581484362e-05,-0.04113857448101044,-0.8442511558532715,0.1894565373659134,-0.15878485143184662,-0.03482131287455559,-0.15466947853565216,0.013062095269560814,-0.050381481647491455,-0.016409194096922874,0.2894614040851593,0.23593826591968536,0.0,0.0,-0.0047828578390181065,-0.19785454869270325,-0.9395209550857544,-0.37205085158348083,0.24444793164730072,-2.2441635131835938,-0.2870144546031952,-3.0247299671173096,1.8127151727676392,-50.98628234863281,0.15450787544250488,-0.8786646127700806,0.1669146716594696,-0.334375262260437,0.290188729763031,-0.43391379714012146,0.23264488577842712,7.577751636505127,18.489582061767578,9.6225004196167,15.4195556640625,-0.10425781458616257,-0.07666015625,-0.003066406352445483,0.059794921427965164,0.0,-0.10470286011695862,-0.1123940646648407,0.0067613511346280575,0.08745791018009186,0.0,2.2911107540130615,-0.2102195769548416,-9.48354721069336,-0.5657089352607727,0.32708024978637695,-9.222871780395508,0.0,0.0,0.0,0.0,0.0,0.0,0.0,0.0,0.0,0.0,0.0,0.0,-0.10128394514322281,-0.0982428565621376,0.0007368202786892653,0.07950220257043839,0.1923028975725174,0.40342390537261963,0.23368790745735168,0.34630855917930603,0.6362484693527222,-17.985336303710938,-0.10815153270959854,0.0,0.0,0.0,0.0,0.0,0.0,0.0
49437361565,0,0.08070077747106552,-0.04869849234819412,-0.794230043888092,6.569455581484362e-05,-0.04113857448101044,-0.8442511558532715,0.19082807004451752,-0.16361556947231293,-0.035621922463178635,-0.16127097606658936,0.015119911171495914,-0.05002111196517944,-0.018881263211369514,0.27901691198349,0.23281978070735931,0.0,0.0,-0.0047828578390181065,-0.19785454869270325,-0.9395209550857544,-0.37205085158348083,0.2582877278327942,-2.1564390659332275,-0.2837909162044525,-3.2009098529815674,1.8861827850341797,-50.76506423950195,0.1625291109085083,-0.5959666967391968,0.16811564564704895,-0.33319348096847534,0.2852379083633423,-0.4176938533782959,0.23229068517684937,7.935402870178223,18.042049407958984,9.09141731262207,15.816243171691895,-0.10272461175918579,-0.07819335907697678,-0.003066406352445483,0.06286133080720901,0.0,-0.10440520942211151,-0.12004870176315308,0.011292146518826485,0.09094282984733582,0.0,2.2911107540130615,-0.2102195769548416,-9.48354721069336,-0.5819836258888245,0.34294232726097107,-9.230011940002441,0.0,0.0,0.0,0.0,0.0,0.0,0.0,0.0,0.0,0.0,0.0,0.0,-0.10246149450540543,-0.10420925915241241,0.003129913005977869,0.08318287879228592,0.19960924983024597,0.3951983153820038,0.2230278104543686,0.3537810742855072,0.6362484693527222,-17.985336303710938,-0.10815153270959854,0.0,0.0,0.0,0.0,0.0,0.0,0.0
49447216526,0,0.08070077747106552,-0.04869849234819412,-0.794230043888092,6.569455581484362e-05,-0.04113857448101044,-0.8442511558532715,0.19082807004451752,-0.16361556947231293,-0.035621922463178635,-0.16127097606658936,0.015119911171495914,-0.05002111196517944,-0.018881263211369514,0.27901691198349,0.23281978070735931,0.0,0.0,-0.0047828578390181065,-0.18049775063991547,-1.2402547597885132,-0.37998297810554504,0.2582877278327942,-2.1564390659332275,-0.2837909162044525,-3.2710907459259033,1.933131456375122,-51.24258041381836,0.1625291109085083,-0.5959666967391968,0.16811564564704895,-0.33319348096847534,0.2852379083633423,-0.4176938533782959,0.23229068517684937,8.427163124084473,17.848140716552734,8.239975929260254,16.853391647338867,-0.10119140893220901,-0.08125976473093033,-0.003066406352445483,0.06286133080720901,0.0,-0.09927187114953995,-0.12369707226753235,0.013455930165946484,0.0877985879778862,0.0,1.6189937591552734,0.43767547607421875,-8.725049018859863,-0.5819836258888245,0.34294232726097107,-9.230011940002441,0.0,0.0,0.0,0.0,0.0,0.0,0.0,0.0,0.0,0.0,0.0,0.0,-0.10317621380090714,-0.10988159477710724,0.005703824572265148,0.08611918240785599,0.19960924983024597,0.3951983153820038,0.2230278104543686,0.3537810742855072,0.7877882719039917,-14.960301399230957,-0.3389326333999634,0.0,0.0,0.0,0.0,0.0,0.0,0.0
49457133106,0,0.08761882781982422,-0.0508161261677742,-0.794906497001648,6.569455581484362e-05,-0.04113857448101044,-0.8442511558532715,0.18361371755599976,-0.16335640847682953,-0.022848717868328094,-0.17510715126991272,0.019355200231075287,-0.049344658851623535,-0.023766789585351944,0.2552591860294342,0.22642391920089722,0.0,0.0,-0.0047828578390181065,-0.18049775063991547,-1.2402547597885132,-0.37998297810554504,0.28482291102409363,-1.9620728492736816,-0.27703559398651123,-3.2710907459259033,1.933131456375122,-51.24258041381836,0.18163824081420898,-0.17933350801467896,0.18002566695213318,-0.33080169558525085,0.2758045196533203,-0.3928815722465515,0.23137590289115906,8.427163124084473,17.848140716552734,8.239975929260254,16.853391647338867,-0.10119140893220901,-0.08585937321186066,-0.0015332031762227416,0.06439453363418579,0.0,-0.09896184504032135,-0.12355028837919235,0.013771443627774715,0.08795344829559326,0.0,1.6189937591552734,0.43767547607421875,-8.725049018859863,-0.5947437882423401,0.3514784574508667,-9.316832542419434,0.0,0.0,0.0,0.0,0.0,0.0,0.0,0.0,0.0,0.0,0.0,0.0,-0.103029765188694,-0.11504556983709335,0.008314915932714939,0.08802538365125656,0.2096077799797058,0.3916237950325012,0.20580844581127167,0.3731868267059326,0.7877882719039917,-14.960301399230957,-0.3389326333999634,0.0,0.0,0.0,0.0,0.0,0.0,0.0
49466863918,0,0.08761882781982422,-0.0508161261677742,-0.794906497001648,6.569455581484362e-05,-0.04113857448101044,-0.8442511558532715,0.18361371755599976,-0.16335640847682953,-0.022848717868328094,-0.19669677317142487,0.025730596855282784,-0.048834800720214844,-0.023766789585351944,0.2552591860294342,0.22642391920089722,0.0,0.0,-0.0047828578390181065,-0.15373006463050842,-1.4655992984771729,-0.3782757818698883,0.28482291102409363,-1.9620728492736816,-0.27703559398651123,-3.2710907459259033,1.933131456375122,-51.24258041381836,0.18163824081420898,-0.17933350801467896,0.18002566695213318,-0.33080169558525085,0.2758045196533203,-0.3928815722465515,0.23137590289115906,8.427163124084473,17.848140716552734,8.239975929260254,16.853391647338867,-0.10119140893220901,-0.08892577886581421,0.0,0.06746093928813934,0.0,-0.09896184504032135,-0.12355028837919235,0.013771443627774715,0.08795344829559326,0.0,1.6189937591552734,0.43767547607421875,-8.725049018859863,-0.6137993931770325,0.3730977177619934,-9.460281372070312,0.0,0.0,0.0,0.0,0.0,0.0,0.0,0.0,0.0,0.0,0.0,0.0,-0.10222139954566956,-0.11916140466928482,0.010591404512524605,0.08894246816635132,0.2096077799797058,0.3916237950325012,0.20580844581127167,0.3731868267059326,1.2966490983963013,-12.414520263671875,-0.0048683867789804935,0.0,0.0,0.0,0.0,0.0,0.0,0.0
49477405510,0,0.09841358661651611,-0.05400380864739418,-0.7954163551330566,6.569455581484362e-05,-0.04113857448101044,-0.8442511558532715,0.17313945293426514,-0.1669665277004242,0.00457671657204628,-0.19669677317142487,0.025730596855282784,-0.048834800720214844,-0.029396211728453636,0.2130831927061081,0.217638298869133,0.0,0.0,-0.0047828578390181065,-0.12807387113571167,-1.5662521123886108,-0.37948092818260193,0.3057348430156708,-1.6789110898971558,-0.26902344822883606,-3.367528200149536,2.032370090484619,-51.830322265625,0.1803703010082245,0.285227507352829,0.18000243604183197,-0.32814955711364746,0.2661281228065491,-0.37439408898353577,0.23013505339622498,9.29274845123291,17.27670669555664,7.671299934387207,17.726375579833984,-0.10272461175918579,-0.09199218451976776,0.0,0.07206054776906967,0.0,-0.08929934352636337,-0.13152867555618286,0.015039158053696156,0.08769192546606064,0.0,1.1283819675445557,0.2249210625886917,-9.13176155090332,-0.6137993931770325,0.3730977177619934,-9.460281372070312,0.0,0.0,0.0,0.0,0.0,0.0,0.0,0.0,0.0,0.0,0.0,0.0,-0.10077661275863647,-0.12236355245113373,0.012356295250356197,0.08919893950223923,0.2096077799797058,0.3916237950325012,0.20580844581127167,0.3731868267059326,1.8597826957702637,-11.025660514831543,-0.07481328397989273,0.0,0.0,0.0,0.0,0.0,0.0,0.0
49487153519,0,0.10197310149669647,-0.05501187965273857,-0.7954569458961487,6.569455581484362e-05,-0.04113857448101044,-0.8442511558532715,0.17125163972377777,-0.16892215609550476,0.009215928614139557,-0.20381583273410797,0.02774675004184246,-0.0487942099571228,-0.03072284534573555,0.1975964903831482,0.21462760865688324,0.0,0.0,-0.0047828578390181065,-0.12807387113571167,-1.5662521123886108,-0.37948092818260193,0.3101823627948761,-1.5562670230865479,-0.26552677154541016,-3.375896692276001,2.052037477493286,-52.03154754638672,0.15863794088363647,0.4872297942638397,0.1834092140197754,-0.32661840319633484,0.2610204517841339,-0.36698809266090393,0.2294229418039322,9.536399841308594,17.070125579833984,7.357729911804199,18.208398818969727,-0.10272461175918579,-0.09659180045127869,0.0015332031762227416,0.07359375059604645,0.0,-0.08641628175973892,-0.1336173713207245,0.015363349579274654,0.08600284159183502,0.0,1.1283819675445557,0.2249210625886917,-9.13176155090332,-0.6258530616760254,0.38175374269485474,-9.467721939086914,0.0,0.0,0.0,0.0,0.0,0.0,0.0,0.0,0.0,0.0,0.0,0.0,-0.09826091676950455,-0.12535791099071503,0.013675824739038944,0.08898113667964935,0.2319638431072235,0.377218097448349,0.1877935528755188,0.3982597291469574,1.8597826957702637,-11.025660514831543,-0.07481328397989273,0.0,0.0,0.0,0.0,0.0,0.0,0.0
49496968039,0,0.10197310149669647,-0.05501187965273857,-0.7954569458961487,6.569455581484362e-05,-0.04113857448101044,-0.8442511558532715,0.17125163972377777,-0.16892215609550476,0.009215928614139557,-0.20381583273410797,0.02774675004184246,-0.0487942099571228,-0.03072284534573555,0.1975964903831482,0.21462760865688324,0.0,0.0,-0.0047828578390181065,-0.06416023522615433,-1.7389094829559326,-0.39023610949516296,0.30938902497291565,-1.2295780181884766,-0.2566547393798828,-3.484163284301758,2.103736400604248,-51.907928466796875,0.09601795673370361,0.8870709538459778,0.19826927781105042,-0.3233370780944824,0.2610204517841339,-0.36698809266090393,0.2294229418039322,9.658950805664062,16.703306198120117,6.431005001068115,19.274003982543945,-0.10272461175918579,-0.09965820610523224,0.003066406352445483,0.07666015625,0.0,-0.08702482283115387,-0.13977284729480743,0.021242655813694,0.08436731994152069,0.0,0.7163131833076477,0.4769012928009033,-9.907306671142578,-0.6258530616760254,0.38175374269485474,-9.467721939086914,0.0,0.0,0.0,0.0,0.0,0.0,0.0,0.0,0.0,0.0,0.0,0.0,-0.09499907493591309,-0.12854227423667908,0.01489244680851698,0.08832691609859467,0.2319638431072235,0.377218097448349,0.1877935528755188,0.3982597291469574,2.7715871334075928,-8.832201957702637,-0.3611830770969391,0.0,0.0,0.0,0.0,0.0,0.0,0.0
49507231605,0,0.10899067670106888,-0.05699118971824646,-0.7955214977264404,6.569455581484362e-05,-0.04113857448101044,-0.8442511558532715,0.1593039482831955,-0.16831240057945251,0.008434522897005081,-0.21785105764865875,0.03170539066195488,-0.048729658126831055,-0.03236937150359154,0.16492074728012085,0.20870648324489594,0.0,0.0,-0.0047828578390181065,-0.06416023522615433,-1.7389094829559326,-0.39023610949516296,0.30938902497291565,-1.2295780181884766,-0.2566547393798828,-3.484163284301758,2.103736400604248,-51.907928466796875,0.09601795673370361,0.8870709538459778,0.19826927781105042,-0.3233370780944824,0.2514967620372772,-0.3574138283729553,0.22755509614944458,9.658950805664062,16.703306198120117,6.431005001068115,19.274003982543945,-0.10272461175918579,-0.10425781458616257,0.004599609412252903,0.07819335907697678,0.0,-0.08702482283115387,-0.13977284729480743,0.021242655813694,0.08436731994152069,0.0,0.7163131833076477,0.4769012928009033,-9.907306671142578,-0.6400700807571411,0.38550546765327454,-9.393534660339355,0.0,0.0,0.0,0.0,0.0,0.0,0.0,0.0,0.0,0.0,0.0,0.0,-0.09189532697200775,-0.1318967640399933,0.01639135740697384,0.08734995871782303,0.23441722989082336,0.37039023637771606,0.16867616772651672,0.4177616536617279,2.7715871334075928,-8.832201957702637,-0.3611830770969391,0.0,0.0,0.0,0.0,0.0,0.0,0.0
49517075790,0,0.10899067670106888,-0.05699118971824646,-0.7955214977264404,6.569455581484362e-05,-0.04113857448101044,-0.8442511558532715,0.1593039482831955,-0.16831240057945251,0.008434522897005081,-0.21785105764865875,0.03170539066195488,-0.048729658126831055,-0.03236937150359154,0.16492074728012085,0.20870648324489594,0.0,0.0,-0.0047828578390181065,-0.0037039867602288723,-1.8657976388931274,-0.39084962010383606,0.30938902497291565,-1.2295780181884766,-0.2566547393798828,-3.484163284301758,2.103736400604248,-51.907928466796875,0.09601795673370361,0.8870709538459778,0.19826927781105042,-0.3233370780944824,0.2514967620372772,-0.3574138283729553,0.22755509614944458,9.658950805664062,16.703306198120117,6.431005001068115,19.274003982543945,-0.09965820610523224,-0.1088574230670929,0.0076660155318677425,0.07819335907697678,0.0,-0.08702482283115387,-0.13977284729480743,0.021242655813694,0.08436731994152069,0.0,0.42296209931373596,0.6139741539955139,-10.543362617492676,-0.6400700807571411,0.38550546765327454,-9.393534660339355,0.0,0.0,0.0,0.0,0.0,0.0,0.0,0.0,0.0,0.0,0.0,0.0,-0.08947013318538666,-0.13499988615512848,0.018023734912276268,0.08631910383701324,0.23441722989082336,0.37039023637771606,0.16867616772651672,0.4177616536617279,3.011427640914917,-7.072551250457764,-0.12873966991901398,0.0,0.0,0.0,0.0,0.0,0.0,0.0
49527238645,0,0.1158374696969986,-0.05894884467124939,-0.7957155704498291,6.569455581484362e-05,-0.04113857448101044,-0.8442511558532715,0.14866472780704498,-0.16741403937339783,-0.0022416585125029087,-0.23154471814632416,0.03562071919441223,-0.04853558540344238,-0.03285181522369385,0.13022182881832123,0.203060120344162,0.0,0.0,-0.0047828578390181065,0.031516026705503464,-1.918593406677246,-0.3941401243209839,0.2987997829914093,-0.9526339769363403,-0.24954617023468018,-3.675041437149048,2.1423287391662598,-50.45146560668945,0.028561905026435852,1.3387835025787354,0.20181626081466675,-0.3200192153453827,0.24382759630680084,-0.35489434003829956,0.22546793520450592,9.885231971740723,15.42188549041748,5.017919540405273,20.313875198364258,-0.09812500327825546,-0.11192382872104645,0.0076660155318677425,0.07972656190395355,0.0,-0.09012922644615173,-0.15655991435050964,0.038680803030729294,0.08422451466321945,0.0,0.2905746400356293,0.4300834834575653,-10.595940589904785,-0.658518373966217,0.38814401626586914,-9.246126174926758,0.0,0.0,0.0,0.0,0.0,0.0,0.0,0.0,0.0,0.0,0.0,0.0,-0.08796937763690948,-0.1381811797618866,0.02022499032318592,0.08544536679983139,0.23933574557304382,0.35220029950141907,0.1489027589559555,0.42935630679130554,3.179518699645996,-6.064601898193359,-0.2291163206100464,0.0,0.0,0.0,0.0,0.0,0.0,0.0
49537371901,0,0.1191520094871521,-0.0598803348839283,-0.7959086894989014,6.569455581484362e-05,-0.04113857448101044,-0.8442511558532715,0.14410239458084106,-0.16707606613636017,-0.007833660580217838,-0.23817382752895355,0.03748370707035065,-0.04834246635437012,-0.0325421467423439,0.11231175810098648,0.20018257200717926,0.0,0.0,-0.0047828578390181065,0.031516026705503464,-1.918593406677246,-0.3941401243209839,0.2891601026058197,-0.8103458881378174,-0.24574986100196838,-3.675041437149048,2.1423287391662598,-50.45146560668945,-0.014352589845657349,1.524963140487671,0.2074849158525467,-0.3181276023387909,0.24020148813724518,-0.35606950521469116,0.22422654926776886,9.885231971740723,15.42188549041748,5.017919540405273,20.313875198364258,-0.09659180045127869,-0.11652343720197678,0.009199218824505806,0.07972656190395355,0.0,-0.08992040157318115,-0.15642493963241577,0.03909087926149368,0.08432608842849731,0.0,0.2905746400356293,0.4300834834575653,-10.595940589904785,-0.6681893467903137,0.389514297246933,-9.172993659973145,0.0,0.0,0.0,0.0,0.0,0.0,0.0,0.0,0.0,0.0,0.0,0.0,-0.08747699111700058,-0.1423565149307251,0.023927656933665276,0.08480164408683777,0.23893876373767853,0.3463525176048279,0.1391277015209198,0.43661534786224365,3.179518699645996,-6.064601898193359,-0.2291163206100464,0.0,0.0,0.0,0.0,0.0,0.0,0.0
49547164984,0,0.1191520094871521,-0.0598803348839283,-0.7959086894989014,6.569455581484362e-05,-0.04113857448101044,-0.8442511558532715,0.14410239458084106,-0.16707606613636017,-0.007833660580217838,-0.23817382752895355,0.03748370707035065,-0.04834246635437012,-0.0325421467423439,0.11231175810098648,0.20018257200717926,0.0,0.0,-0.0047828578390181065,0.10459277778863907,-1.985282301902771,-0.4020596146583557,0.2891601026058197,-0.8103458881378174,-0.24574986100196838,-3.675041437149048,2.1423287391662598,-50.45146560668945,-0.014352589845657349,1.524963140487671,0.2074849158525467,-0.3181276023387909,0.24020148813724518,-0.35606950521469116,0.22422654926776886,9.885231971740723,15.42188549041748,5.017919540405273,20.313875198364258,-0.09505859017372131,-0.11958984285593033,0.010732421651482582,0.08125976473093033,0.0,-0.08992040157318115,-0.15642493963241577,0.03909087926149368,0.08432608842849731,0.0,-0.21067416667938232,0.6312002539634705,-10.518259048461914,-0.6681893467903137,0.389514297246933,-9.172993659973145,0.0,0.0,0.0,0.0,0.0,0.0,0.0,0.0,0.0,0.0,0.0,0.0,-0.08769533783197403,-0.14701221883296967,0.02852778136730194,0.08439262211322784,0.23893876373767853,0.3463525176048279,0.1391277015209198,0.43661534786224365,3.6318225860595703,-4.073349952697754,-0.3055528700351715,0.0,0.0,0.0,0.0,0.0,0.0,0.0
49558249192,0,0.12862594425678253,-0.06251706928014755,-0.7968705892562866,6.569455581484362e-05,-0.04113857448101044,-0.8442511558532715,0.12470049411058426,-0.16561301052570343,-0.027623629197478294,-0.2571217715740204,0.04275720193982124,-0.04738056659698486,-0.029416577890515327,0.05771913379430771,0.19126711785793304,0.0,0.0,-0.0047828578390181065,0.10459277778863907,-1.985282301902771,-0.4020596146583557,0.2514452040195465,-0.44930246472358704,-0.23609399795532227,-3.742398500442505,2.148401975631714,-49.532955169677734,-0.11477610468864441,1.8675541877746582,0.21899782121181488,-0.31441357731819153,0.23475123941898346,-0.3627755343914032,0.2215401977300644,9.739075660705566,14.807320594787598,4.125681400299072,21.060823440551758,-0.09352538734674454,-0.12418945133686066,0.012265625409781933,0.08125976473093033,0.0,-0.09309154748916626,-0.16447488963603973,0.053788889199495316,0.08275780826807022,0.0,-0.21067416667938232,0.6312002539634705,-10.518259048461914,-0.6815400719642639,0.38889509439468384,-8.932074546813965,0.0,0.0,0.0,0.0,0.0,0.0,0.0,0.0,0.0,0.0,0.0,0.0,-0.08835959434509277,-0.15141020715236664,0.03341740369796753,0.08410683274269104,0.2360195517539978,0.3347194492816925,0.1202133521437645,0.4500524699687958,3.6318225860595703,-4.073349952697754,-0.3055528700351715,0.0,0.0,0.0,0.0,0.0,0.0,0.0
49567100569,0,0.12862594425678253,-0.06251706928014755,-0.7968705892562866,6.569455581484362e-05,-0.04113857448101044,-0.8442511558532715,0.12470049411058426,-0.16561301052570343,-0.027623629197478294,-0.2571217715740204,0.04275720193982124,-0.04738056659698486,-0.029416577890515327,0.05771913379430771,0.19126711785793304,0.0,0.0,-0.0047828578390181065,0.10459277778863907,-1.985282301902771,-0.4020596146583557,0.23049436509609222,-0.3041304349899292,-0.23212644457817078,-3.7484703063964844,2.138922929763794,-49.12641143798828,-0.1851317286491394,2.0991079807281494,0.22219806909561157,-0.3126090168952942,0.23290522396564484,-0.3678085505962372,0.22018584609031677,9.806408882141113,14.323868751525879,3.6966888904571533,21.509634017944336,-0.09199218451976776,-0.1272558569908142,0.013798828236758709,0.08125976473093033,0.0,-0.09281270205974579,-0.16985510289669037,0.06205984205007553,0.08106247335672379,0.0,-0.88474041223526,0.46349090337753296,-10.1565580368042,-0.6815400719642639,0.38889509439468384,-8.932074546813965,0.0,0.0,0.0,0.0,0.0,0.0,0.0,0.0,0.0,0.0,0.0,0.0,-0.08940030634403229,-0.1558608114719391,0.039284780621528625,0.08371149003505707,0.23736508190631866,0.32551997900009155,0.11104585230350494,0.4580845832824707,3.6318225860595703,-4.073349952697754,-0.3055528700351715,0.0,0.0,0.0,0.0,0.0,0.0,0.0
49577335637,0,0.12862594425678253,-0.06251706928014755,-0.7968705892562866,6.569455581484362e-05,-0.04113857448101044,-0.8442511558532715,0.12470049411058426,-0.16561301052570343,-0.027623629197478294,-0.2732519507408142,0.04801981523633003,-0.046060025691986084,-0.029416577890515327,0.05771913379430771,0.19126711785793304,0.0,0.0,-0.0047828578390181065,0.2282731980085373,-2.012523651123047,-0.4126386046409607,0.23049436509609222,-0.3041304349899292,-0.23212644457817078,-3.7484703063964844,2.138922929763794,-49.12641143798828,-0.1851317286491394,2.0991079807281494,0.22219806909561157,-0.3126090168952942,0.23290522396564484,-0.3678085505962372,0.22018584609031677,9.806408882141113,14.323868751525879,3.6966888904571533,21.509634017944336,-0.09199218451976776,-0.13185547292232513,0.018398437649011612,0.08125976473093033,0.0,-0.09281270205974579,-0.16985510289669037,0.06205984205007553,0.08106247335672379,0.0,-1.0831552743911743,0.5393930673599243,-10.058283805847168,-0.6737339496612549,0.38294023275375366,-8.775583267211914,0.0,0.0,0.0,0.0,0.0,0.0,0.0,0.0,0.0,0.0,0.0,0.0,-0.09055467694997787,-0.16038380563259125,0.04599148780107498,0.08310645073652267,0.23736508190631866,0.32551997900009155,0.11104585230350494,0.4580845832824707,4.208683967590332,-1.0906835794448853,-0.4519665539264679,0.0,0.0,0.0,0.0,0.0,0.0,0.0
49587241206,0,0.13669098913669586,-0.06514836102724075,-0.7981911301612854,6.569455581484362e-05,-0.04113857448101044,-0.8442511558532715,0.1001812070608139,-0.1626698523759842,-0.03737813979387283,-0.2732519507408142,0.04801981523633003,-0.046060025691986084,-0.022598203271627426,0.003018265822902322,0.18165306746959686,0.0,0.0,-0.0047828578390181065,0.2282731980085373,-2.012523651123047,-0.4126386046409607,0.18042133748531342,-0.017281709238886833,-0.223697692155838,-3.7317850589752197,2.1283857822418213,-48.511085510253906,-0.326707661151886,2.387227773666382,0.2385195940732956,-0.30817657709121704,0.23059643805027008,-0.3840689957141876,0.21665850281715393,9.465744972229004,13.923176765441895,2.905632734298706,22.4307861328125,-0.09199218451976776,-0.1349218785762787,0.021464843302965164,0.08125976473093033,0.0,-0.09542109817266464,-0.1737397462129593,0.07989988476037979,0.0775117576122284,0.0,-1.0831552743911743,0.5393930673599243,-10.058283805847168,-0.6737339496612549,0.38294023275375366,-8.775583267211914,0.0,0.0,0.0,0.0,0.0,0.0,0.0,0.0,0.0,0.0,0.0,0.0,-0.09165940433740616,-0.16453520953655243,0.05307796224951744,0.08226791769266129,0.23054766654968262,0.3178621530532837,0.0940135195851326,0.4744740426540375,4.208683967590332,-1.0906835794448853,-0.4519665539264679,0.0,0.0,0.0,0.0,0.0,0.0,0.0
49597250472,0,0.13669098913669586,-0.06514836102724075,-0.7981911301612854,6.569455581484362e-05,-0.04113857448101044,-0.8442511558532715,0.1001812070608139,-0.1626698523759842,-0.03737813979387283,-0.2732519507408142,0.04801981523633003,-0.046060025691986084,-0.022598203271627426,0.003018265822902322,0.18165306746959686,0.0,0.0,-0.0047828578390181065,0.3088880479335785,-1.9710915088653564,-0.4175865352153778,0.10405516624450684,0.32804858684539795,-0.21312668919563293,-3.7317850589752197,2.1283857822418213,-48.511085510253906,-0.326707661151886,2.387227773666382,0.2385195940732956,-0.30817657709121704,0.23059643805027008,-0.3840689957141876,0.21665850281715393,9.349611282348633,13.426464080810547,2.4707887172698975,23.05819320678711,-0.09199218451976776,-0.13952147960662842,0.024531250819563866,0.08125976473093033,0.0,-0.09661003202199936,-0.18023647367954254,0.09400022029876709,0.07539863139390945,0.0,-1.0831552743911743,0.5393930673599243,-10.058283805847168,-0.6737339496612549,0.38294023275375366,-8.775583267211914,0.0,0.0,0.0,0.0,0.0,0.0,0.0,0.0,0.0,0.0,0.0,0.0,-0.09283136576414108,-0.16839590668678284,0.061340030282735825,0.08104419708251953,0.23054766654968262,0.3178621530532837,0.0940135195851326,0.4744740426540375,3.892728567123413,1.3587310314178467,-0.2568204998970032,0.0,0.0,0.0,0.0,0.0,0.0,0.0
49609435614,0,0.1411314457654953,-0.0669274628162384,-0.7991353869438171,6.569455581484362e-05,-0.04113857448101044,-0.8442511558532715,0.07902676612138748,-0.16244429349899292,-0.03964689001441002,-0.2821328938007355,0.051578033715486526,-0.045115768909454346,-0.016345549374818802,-0.03226597234606743,0.17495521903038025,0.0,0.0,-0.0047828578390181065,0.3088880479335785,-1.9710915088653564,-0.4175865352153778,0.10405516624450684,0.32804858684539795,-0.21312668919563293,-3.5041873455047607,2.072547435760498,-47.7601318359375,-0.5483075976371765,2.778372287750244,0.2522072196006775,-0.3012750744819641,0.2310415357351303,-0.4042683243751526,0.2128651738166809,9.193860054016113,13.146973609924316,2.1121349334716797,23.53228187561035,-0.09199218451976776,-0.14412109553813934,0.03066406212747097,0.08125976473093033,0.0,-0.09079762548208237,-0.1757841855287552,0.08470194041728973,0.06992696225643158,0.0,-1.6476407051086426,0.3915395736694336,-9.860809326171875,-0.652722179889679,0.3807747960090637,-8.70897388458252,0.0,0.0,0.0,0.0,0.0,0.0,0.0,0.0,0.0,0.0,0.0,0.0,-0.09378202259540558,-0.17197445034980774,0.07035069167613983,0.0792456567287445,0.22821803390979767,0.30832722783088684,0.08457855135202408,0.4855644404888153,3.892728567123413,1.3587310314178467,-0.2568204998970032,0.0,0.0,0.0,0.0,0.0,0.0,0.0
49617631571,0,0.1428205966949463,-0.0678376704454422,-0.7995977401733398,6.569455581484362e-05,-0.04113857448101044,-0.8442511558532715,0.06688248366117477,-0.16120563447475433,-0.040232546627521515,-0.28551122546195984,0.053398460149765015,-0.04465341567993164,-0.012663651257753372,-0.04919185861945152,0.17141179740428925,0.0,0.0,-0.0047828578390181065,0.3470909893512726,-1.9286351203918457,-0.4204726815223694,0.068836510181427,0.4596219062805176,-0.20866918563842773,-3.5041873455047607,2.072547435760498,-47.7601318359375,-0.5483075976371765,2.778372287750244,0.2522072196006775,-0.3012750744819641,0.2323240339756012,-0.41688424348831177,0.21069122850894928,9.193860054016113,13.146973609924316,2.1121349334716797,23.53228187561035,-0.09352538734674454,-0.14872069656848907,0.036796875298023224,0.0827929675579071,0.0,-0.09079762548208237,-0.1757841855287552,0.08470194041728973,0.06992696225643158,0.0,-1.898924469947815,0.4186760187149048,-9.759552955627441,-0.6371249556541443,0.37682679295539856,-8.683660507202148,0.0,0.0,0.0,0.0,0.0,0.0,0.0,0.0,0.0,0.0,0.0,0.0,-0.09396699070930481,-0.17464281618595123,0.07785938680171967,0.07689397782087326,0.22508889436721802,0.30294132232666016,0.07675747573375702,0.49390602111816406,3.772909641265869,2.676896333694458,-0.2770734429359436,0.0,0.0,0.0,0.0,0.0,0.0,0.0
49627285510,0,0.1428205966949463,-0.0678376704454422,-0.7995977401733398,6.569455581484362e-05,-0.04113857448101044,-0.8442511558532715,0.06688248366117477,-0.16120563447475433,-0.040232546627521515,-0.28551122546195984,0.053398460149765015,-0.04465341567993164,-0.012663651257753372,-0.04919185861945152,0.17141179740428925,0.0,0.0,-0.0047828578390181065,0.4210507273674011,-1.826754093170166,-0.43574488162994385,0.068836510181427,0.4596219062805176,-0.20866918563842773,-3.5041873455047607,2.072547435760498,-47.7601318359375,-0.5483075976371765,2.778372287750244,0.2522072196006775,-0.3012750744819641,0.2323240339756012,-0.41688424348831177,0.21069122850894928,8.590916633605957,13.162598609924316,2.0,24.5089168548584,-0.09352538734674454,-0.1533203125,0.04292968660593033,0.0827929675579071,0.0,-0.09718963503837585,-0.17557334899902344,0.08946333080530167,0.0671362355351448,0.0,-2.198453903198242,0.33135417103767395,-9.717669486999512,-0.6371249556541443,0.37682679295539856,-8.683660507202148,0.0,0.0,0.0,0.0,0.0,0.0,0.0,0.0,0.0,0.0,0.0,0.0,-0.09376800805330276,-0.17615604400634766,0.08303455263376236,0.07432304322719574,0.22508889436721802,0.30294132232666016,0.07675747573375702,0.49390602111816406,3.7780799865722656,4.587615489959717,-0.6415207386016846,0.0,0.0,0.0,0.0,0.0,0.0,0.0
49637316861,0,0.14539918303489685,-0.06966384500265121,-0.8005027770996094,6.569455581484362e-05,-0.04113857448101044,-0.8442511558532715,0.04229982942342758,-0.1596035361289978,-0.04117763414978981,-0.29066842794418335,0.05705082789063454,-0.04374837875366211,-0.004030053503811359,-0.08172398060560226,0.16361714899539948,0.0,0.0,-0.0047828578390181065,0.4210507273674011,-1.826754093170166,-0.43574488162994385,-0.010187443345785141,0.7110589742660522,-0.19934101402759552,-3.309096336364746,2.036710023880005,-47.53300857543945,-0.7058738470077515,2.935025215148926,0.27398693561553955,-0.2964232563972473,0.23685486614704132,-0.4430883526802063,0.20615442097187042,8.590916633605957,13.162598609924316,2.0,24.5089168548584,-0.09352538734674454,-0.15638671815395355,0.05059570446610451,0.0827929675579071,0.0,-0.08999026566743851,-0.16887067258358002,0.06387198716402054,0.06401344388723373,0.0,-2.4228951930999756,0.171850323677063,-9.66057300567627,-0.6016538739204407,0.37031090259552,-8.642365455627441,0.0,0.0,0.0,0.0,0.0,0.0,0.0,0.0,0.0,0.0,0.0,0.0,-0.09367452561855316,-0.17649327218532562,0.08536581695079803,0.07171714305877686,0.21292531490325928,0.3032427728176117,0.06353937834501266,0.5109878778457642,3.7780799865722656,4.587615489959717,-0.6415207386016846,0.0,0.0,0.0,0.0,0.0,0.0,0.0
49647229302,0,0.14722253382205963,-0.07270839065313339,-0.8018240332603455,6.569455581484362e-05,-0.04113857448101044,-0.8442511558532715,0.0018145230133086443,-0.15801574289798737,-0.042605020105838776,-0.2943151295185089,0.06313994526863098,-0.042427122592926025,0.01116896141320467,-0.1253848522901535,0.15127775073051453,0.0,0.0,-0.0047828578390181065,0.48655766248703003,-1.6857744455337524,-0.4424012303352356,-0.010187443345785141,0.7110589742660522,-0.19934101402759552,-3.0664048194885254,2.021124839782715,-47.38224792480469,-0.8847153782844543,3.0851337909698486,0.2852534055709839,-0.2912572920322418,0.23685486614704132,-0.4430883526802063,0.20615442097187042,8.228732109069824,12.909991264343262,2.0,25.26612091064453,-0.09505859017372131,-0.16098633408546448,0.05672851577401161,0.08125976473093033,0.0,-0.08348111063241959,-0.16459175944328308,0.026492280885577202,0.05869443342089653,0.0,-2.4228951930999756,0.171850323677063,-9.66057300567627,-0.5321782827377319,0.36241981387138367,-8.607150077819824,0.0,0.0,0.0,0.0,0.0,0.0,0.0,0.0,0.0,0.0,0.0,0.0,-0.09298054873943329,-0.17536436021327972,0.08200234174728394,0.06891267746686935,0.21292531490325928,0.3032427728176117,0.06353937834501266,0.5109878778457642,3.434652090072632,6.585535526275635,-0.39635026454925537,0.0,0.0,0.0,0.0,0.0,0.0,0.0
49657416587,0,0.14722253382205963,-0.07270839065313339,-0.8018240332603455,6.569455581484362e-05,-0.04113857448101044,-0.8442511558532715,0.0018145230133086443,-0.15801574289798737,-0.042605020105838776,-0.2943151295185089,0.06313994526863098,-0.042427122592926025,0.01116896141320467,-0.1253848522901535,0.15127775073051453,0.0,0.0,-0.0047828578390181065,0.5189775824546814,-1.5940862894058228,-0.447062224149704,-0.11945310980081558,0.9929168224334717,-0.18771086633205414,-3.0664048194885254,2.021124839782715,-47.38224792480469,-0.8847153782844543,3.0851337909698486,0.2852534055709839,-0.2912572920322418,0.24435804784297943,-0.4722976088523865,0.2009851336479187,7.930434703826904,12.946075439453125,2.0,25.604318618774414,-0.09659180045127869,-0.16405273973941803,0.06132812425494194,0.08125976473093033,0.0,-0.0866289809346199,-0.164128839969635,0.026492133736610413,0.05791829526424408,0.0,-2.870917797088623,0.14583653211593628,-9.504989624023438,-0.5321782827377319,0.36241981387138367,-8.607150077819824,0.0,0.0,0.0,0.0,0.0,0.0,0.0,0.0,0.0,0.0,0.0,0.0,-0.0913318321108818,-0.1729973554611206,0.0718294158577919,0.06585743278265,0.20557984709739685,0.2983629107475281,0.05735906958580017,0.5241382122039795,3.2617416381835938,7.6369547843933105,-0.4285849928855896,0.0,0.0,0.0,0.0,0.0,0.0,0.0
49667453931,0,0.14725063741207123,-0.0737844854593277,-0.8022536635398865,6.569455581484362e-05,-0.04113857448101044,-0.8442511558532715,-0.012859604321420193,-0.15731839835643768,-0.04235924407839775,-0.2943713366985321,0.06529214978218079,-0.04199749231338501,0.016931109130382538,-0.1383884698152542,0.1467909961938858,0.0,0.0,-0.0047828578390181065,0.5189775824546814,-1.5940862894058228,-0.447062224149704,-0.16715079545974731,1.0947562456130981,-0.18282313644886017,-2.926980495452881,1.9933090209960938,-47.339324951171875,-0.9683886170387268,3.1014161109924316,0.29278552532196045,-0.28834304213523865,0.24964283406734467,-0.4889430105686188,0.19802266359329224,7.930434703826904,12.946075439453125,2.0,25.604318618774414,-0.09812500327825546,-0.16711914539337158,0.06592773646116257,0.07972656190395355,0.0,-0.08123484998941422,-0.1592532992362976,0.00834326259791851,0.055729180574417114,0.0,-2.870917797088623,0.14583653211593628,-9.504989624023438,-0.5047239661216736,0.3593159019947052,-8.609466552734375,0.0,0.0,0.0,0.0,0.0,0.0,0.0,0.0,0.0,0.0,0.0,0.0,-0.08925910294055939,-0.16999319195747375,0.05762305110692978,0.06282465904951096,0.20557984709739685,0.2983629107475281,0.05735906958580017,0.5241382122039795,3.2617416381835938,7.6369547843933105,-0.4285849928855896,0.0,0.0,0.0,0.0,0.0,0.0,0.0
49677493709,0,0.14725063741207123,-0.0737844854593277,-0.8022536635398865,6.569455581484362e-05,-0.04113857448101044,-0.8442511558532715,-0.012859604321420193,-0.15731839835643768,-0.04235924407839775,-0.2943713366985321,0.06529214978218079,-0.04199749231338501,0.016931109130382538,-0.1383884698152542,0.1467909961938858,0.0,0.0,-0.0047828578390181065,0.5766080021858215,-1.3946179151535034,-0.46104955673217773,-0.16715079545974731,1.0947562456130981,-0.18282313644886017,-2.6255011558532715,1.959084153175354,-47.391571044921875,-0.9683886170387268,3.1014161109924316,0.29278552532196045,-0.28834304213523865,0.24964283406734467,-0.4889430105686188,0.19802266359329224,7.196091651916504,13.208715438842773,2.0,26.376224517822266,-0.09812500327825546,-0.16711914539337158,0.06899414211511612,0.07819335907697678,0.0,-0.07636985182762146,-0.14697062969207764,-0.038910992443561554,0.04959069937467575,0.0,-3.0429396629333496,0.07014148682355881,-9.316471099853516,-0.5047239661216736,0.3593159019947052,-8.609466552734375,0.0,0.0,0.0,0.0,0.0,0.0,0.0,0.0,0.0,0.0,0.0,0.0,-0.08678343147039413,-0.1661921888589859,0.040200043469667435,0.05984159931540489,0.1995079517364502,0.2990606725215912,0.05531933158636093,0.529985785484314,2.8529508113861084,9.038055419921875,-0.5904105305671692,0.0,0.0,0.0,0.0,0.0,0.0,0.0
49688450695,0,0.14658132195472717,-0.07599033415317535,-0.8030803203582764,6.569455581484362e-05,-0.04113857448101044,-0.8442511558532715,-0.04238307476043701,-0.1552024930715561,-0.04047364741563797,-0.293032705783844,0.06970386952161789,-0.04117083549499512,0.029132669791579247,-0.16180503368377686,0.1375269740819931,0.0,0.0,-0.0047828578390181065,0.5766080021858215,-1.3946179151535034,-0.46104955673217773,-0.2922273278236389,1.319774866104126,-0.17051489651203156,-2.6255011558532715,1.959084153175354,-47.391571044921875,-1.1344730854034424,3.1057791709899902,0.31266164779663086,-0.28222477436065674,0.2629318833351135,-0.5236301422119141,0.1915072202682495,7.196091651916504,13.208715438842773,2.0,26.376224517822266,-0.09812500327825546,-0.16711914539337158,0.06899414211511612,0.07359375059604645,0.0,-0.07544305920600891,-0.14646168053150177,-0.035583533346652985,0.04984313249588013,0.0,-3.0429396629333496,0.07014148682355881,-9.316471099853516,-0.44751960039138794,0.35198482871055603,-8.634979248046875,0.0,0.0,0.0,0.0,0.0,0.0,0.0,0.0,0.0,0.0,0.0,0.0,-0.08382595330476761,-0.1613190621137619,0.01936648227274418,0.056777749210596085,0.18447358906269073,0.30413246154785156,0.05002294108271599,0.5432736277580261,2.8529508113861084,9.038055419921875,-0.5904105305671692,0.0,0.0,0.0,0.0,0.0,0.0,0.0
49697970256,0,0.14658132195472717,-0.07599033415317535,-0.8030803203582764,6.569455581484362e-05,-0.04113857448101044,-0.8442511558532715,-0.04238307476043701,-0.1552024930715561,-0.04047364741563797,-0.293032705783844,0.06970386952161789,-0.04117083549499512,0.029132669791579247,-0.16180503368377686,0.1375269740819931,0.0,0.0,-0.0047828578390181065,0.6176589131355286,-1.1897956132888794,-0.4720599055290222,-0.2922273278236389,1.319774866104126,-0.17051489651203156,-2.11167049407959,1.9185880422592163,-47.8180046081543,-1.3155807256698608,3.1104960441589355,0.3308682441711426,-0.27617958188056946,0.2784348428249359,-0.5567879676818848,0.1848239004611969,6.578094959259033,13.499527931213379,2.0,27.22580909729004,-0.09659180045127869,-0.16711914539337158,0.06439453363418579,0.0705273449420929,0.0,-0.05604249984025955,-0.12814056873321533,-0.11622671782970428,0.04132241755723953,0.0,-3.185354709625244,-0.1750887781381607,-9.136116027832031,-0.44751960039138794,0.35198482871055603,-8.634979248046875,0.0,0.0,0.0,0.0,0.0,0.0,0.0,0.0,0.0,0.0,0.0,0.0,-0.07997232675552368,-0.15535908937454224,-0.004893206991255283,0.053586557507514954,0.17172399163246155,0.3097325265407562,0.048260435461997986,0.5578050017356873,2.2770917415618896,10.161776542663574,-0.5827866792678833,0.0,0.0,0.0,0.0,0.0,0.0,0.0
49707313110,0,0.14658132195472717,-0.07599033415317535,-0.8030803203582764,6.569455581484362e-05,-0.04113857448101044,-0.8442511558532715,-0.04238307476043701,-0.1552024930715561,-0.04047364741563797,-0.28841671347618103,0.07442283630371094,-0.04045748710632324,0.029132669791579247,-0.16180503368377686,0.1375269740819931,0.0,0.0,-0.0047828578390181065,0.637008786201477,-1.0708502531051636,-0.47964245080947876,-0.2922273278236389,1.319774866104126,-0.17051489651203156,-1.9299116134643555,1.8861005306243896,-48.06672668457031,-1.3971810340881348,3.0655150413513184,0.341621994972229,-0.2727730870246887,0.2881149649620056,-0.5749126076698303,0.18091973662376404,6.169503688812256,13.773012161254883,2.0,27.605791091918945,-0.09352538734674454,-0.16711914539337158,0.05826171860098839,0.06746093928813934,0.0,-0.050589993596076965,-0.11977028101682663,-0.1409679353237152,0.038141511380672455,0.0,-3.2198197841644287,-0.04598916321992874,-8.971866607666016,-0.38394007086753845,0.34883418679237366,-8.694182395935059,0.0,0.0,0.0,0.0,0.0,0.0,0.0,0.0,0.0,0.0,0.0,0.0,-0.07430480420589447,-0.14786438643932343,-0.034789618104696274,0.050000354647636414,0.16324469447135925,0.3149842619895935,0.047879014164209366,0.5642732381820679,2.07285475730896,10.734006881713867,-0.6524295210838318,0.0,0.0,0.0,0.0,0.0,0.0,0.0
49717459630,0,0.1425367295742035,-0.07955706864595413,-0.8040919303894043,6.569455581484362e-05,-0.04113857448101044,-0.8442511558532715,-0.08756963908672333,-0.15300197899341583,-0.03254762291908264,-0.28494349122047424,0.07683737576007843,-0.04015922546386719,0.048998378217220306,-0.1899678111076355,0.12276788800954819,0.0,0.0,-0.0047828578390181065,0.637008786201477,-1.0708502531051636,-0.47964245080947876,-0.45132872462272644,1.5270923376083374,-0.15531663596630096,-1.9299116134643555,1.8861005306243896,-48.06672668457031,-1.3971810340881348,3.0655150413513184,0.341621994972229,-0.2727730870246887,0.2881149649620056,-0.5749126076698303,0.18091973662376404,6.169503688812256,13.773012161254883,2.0,27.605791091918945,-0.09199218451976776,-0.16711914539337158,0.04906250163912773,0.06592773646116257,0.0,-0.050589993596076965,-0.11977028101682663,-0.1409679353237152,0.038141511380672455,0.0,-3.2288146018981934,-0.092349573969841,-8.935275077819824,-0.3508930206298828,0.34292736649513245,-8.739404678344727,0.0,0.0,0.0,0.0,0.0,0.0,0.0,0.0,0.0,0.0,0.0,0.0,-0.06739295274019241,-0.13938041031360626,-0.0679444670677185,0.046195074915885925,0.16324469447135925,0.3149842619895935,0.047879014164209366,0.5642732381820679,2.07285475730896,10.734006881713867,-0.6524295210838318,0.0,0.0,0.0,0.0,0.0,0.0,0.0
49728402772,0,0.13577324151992798,-0.08328942209482193,-0.8047574162483215,6.569455581484362e-05,-0.04113857448101044,-0.8442511558532715,-0.13613948225975037,-0.1474263221025467,-0.02092001400887966,-0.27141645550727844,0.08430211991071701,-0.03949373960494995,0.0704139992594719,-0.20880919694900513,0.1072017028927803,0.0,0.0,-0.0047828578390181065,0.6690590381622314,-0.8381801247596741,-0.4931163787841797,-0.45132872462272644,1.5270923376083374,-0.15531663596630096,-1.9299116134643555,1.8861005306243896,-48.06672668457031,-1.3971810340881348,3.0655150413513184,0.341621994972229,-0.2727730870246887,0.2881149649620056,-0.5749126076698303,0.18091973662376404,6.169503688812256,13.773012161254883,2.0,27.605791091918945,-0.09045898169279099,-0.16405273973941803,0.036796875298023224,0.06439453363418579,0.0,-0.050589993596076965,-0.11977028101682663,-0.1409679353237152,0.038141511380672455,0.0,-3.4777164459228516,-0.23456531763076782,-8.874699592590332,-0.24126745760440826,0.326443076133728,-8.899188995361328,0.0,0.0,0.0,0.0,0.0,0.0,0.0,0.0,0.0,0.0,0.0,0.0,-0.060893017798662186,-0.13158927857875824,-0.09772524237632751,0.04283749312162399,0.16324469447135925,0.3149842619895935,0.047879014164209366,0.5642732381820679,1.699677586555481,11.618728637695312,-0.6731310486793518,0.0,0.0,0.0,0.0,0.0,0.0,0.0
49737346459,0,0.13577324151992798,-0.08328942209482193,-0.8047574162483215,6.569455581484362e-05,-0.04113857448101044,-0.8442511558532715,-0.13613948225975037,-0.1474263221025467,-0.02092001400887966,-0.27141645550727844,0.08430211991071701,-0.03949373960494995,0.0704139992594719,-0.20880919694900513,0.1072017028927803,0.0,0.0,-0.0047828578390181065,0.6690590381622314,-0.8381801247596741,-0.4931163787841797,-0.5899352431297302,1.6444231271743774,-0.14235830307006836,-1.5422543287277222,1.8216392993927002,-48.633365631103516,-1.5572929382324219,2.955540895462036,0.3608606457710266,-0.26615020632743835,0.3084513545036316,-0.6080970764160156,0.1731559783220291,5.41285514831543,14.335006713867188,2.0,28.293807983398438,-0.08739257603883743,-0.16098633408546448,0.021464843302965164,0.06286133080720901,0.0,-0.03520428016781807,-0.1033305674791336,-0.19527427852153778,0.031815242022275925,0.0,-3.4777164459228516,-0.23456531763076782,-8.874699592590332,-0.24126745760440826,0.326443076133728,-8.899188995361328,0.0,0.0,0.0,0.0,0.0,0.0,0.0,0.0,0.0,0.0,0.0,0.0,-0.05508531257510185,-0.12481816858053207,-0.1228564903140068,0.040027815848588943,0.1474355012178421,0.32573235034942627,0.049757473170757294,0.5759365558624268,1.699677586555481,11.618728637695312,-0.6731310486793518,0.0,0.0,0.0,0.0,0.0,0.0,0.0
49748008876,0,0.13577324151992798,-0.08328942209482193,-0.8047574162483215,6.569455581484362e-05,-0.04113857448101044,-0.8442511558532715,-0.13613948225975037,-0.1474263221025467,-0.02092001400887966,-0.27141645550727844,0.08430211991071701,-0.03949373960494995,0.0704139992594719,-0.20880919694900513,0.1072017028927803,0.0,0.0,-0.0047828578390181065,0.676197350025177,-0.728050172328949,-0.49967098236083984,-0.617686927318573,1.6618030071258545,-0.13972893357276917,-1.3269710540771484,1.7954368591308594,-48.94554138183594,-1.6257548332214355,2.8942222595214844,0.3705849349498749,-0.262958824634552,0.3189032971858978,-0.6231752038002014,0.1693216860294342,5.043947219848633,14.650933265686035,2.0,28.619314193725586,-0.08432617038488388,-0.15638671815395355,0.004599609412252903,0.059794921427965164,0.0,-0.02383221499621868,-0.09500115364789963,-0.2276884764432907,0.02858993411064148,0.0,-3.506659984588623,-0.37226495146751404,-8.868825912475586,-0.24126745760440826,0.326443076133728,-8.899188995361328,0.0,0.0,0.0,0.0,0.0,0.0,0.0,0.0,0.0,0.0,0.0,0.0,-0.04874557629227638,-0.1178971454501152,-0.147569477558136,0.0372735895216465,0.13967640697956085,0.33174845576286316,0.05055364593863487,0.581433117389679,1.2967230081558228,11.880606651306152,-0.6991282105445862,0.0,0.0,0.0,0.0,0.0,0.0,0.0
49757258512,0,0.13273818790912628,-0.08470624685287476,-0.8049017786979675,6.569455581484362e-05,-0.04113857448101044,-0.8442511558532715,-0.15264549851417542,-0.1469273716211319,-0.01745288074016571,-0.26534631848335266,0.08713578432798386,-0.039349377155303955,0.07760366797447205,-0.21306903660297394,0.1018783450126648,0.0,0.0,-0.0047828578390181065,0.675338864326477,-0.4682373106479645,-0.5163604617118835,-0.617686927318573,1.6618030071258545,-0.13972893357276917,-0.85712069272995,1.767968773841858,-49.577125549316406,-1.7773776054382324,2.721027374267578,0.3955421447753906,-0.25516751408576965,0.3455146849155426,-0.6572550535202026,0.15971018373966217,4.071149826049805,15.470656394958496,2.0,29.36205291748047,-0.07819335907697678,-0.15025390684604645,-0.013798828236758709,0.05366211012005806,0.0,0.01097438856959343,-0.07799853384494781,-0.3043725788593292,0.022164877504110336,0.0,-3.5728631019592285,-0.5021920204162598,-8.928606033325195,-0.2008918672800064,0.32421720027923584,-8.955551147460938,0.0,0.0,0.0,0.0,0.0,0.0,0.0,0.0,0.0,0.0,0.0,0.0,-0.03994935005903244,-0.10986825823783875,-0.1765500158071518,0.03416904807090759,0.11905064433813095,0.347272664308548,0.05129805579781532,0.593924343585968,0.2790578007698059,12.266789436340332,-0.7490425109863281,0.0,0.0,0.0,0.0,0.0,0.0,0.0
49766838104,0,0.12547963857650757,-0.08766487240791321,-0.8050286173820496,6.569455581484362e-05,-0.04113857448101044,-0.8442511558532715,-0.1876685619354248,-0.14493809640407562,-0.011394408531486988,-0.25082913041114807,0.09305306524038315,-0.039222538471221924,0.09188522398471832,-0.21829195320606232,0.09108484536409378,0.0,0.0,-0.0047828578390181065,0.675338864326477,-0.4682373106479645,-0.5163604617118835,-0.7537335157394409,1.7182029485702515,-0.12623462080955505,-0.85712069272995,1.767968773841858,-49.577125549316406,-1.7773776054382324,2.721027374267578,0.3955421447753906,-0.25516751408576965,0.3455146849155426,-0.6572550535202026,0.15971018373966217,4.071149826049805,15.470656394958496,2.0,29.36205291748047,-0.07206054776906967,-0.14412109553813934,-0.03526367247104645,0.04906250163912773,0.0,0.01097438856959343,-0.07799853384494781,-0.3043725788593292,0.022164877504110336,0.0,-3.4883294105529785,-0.5867840051651001,-8.952424049377441,-0.11170265823602676,0.3180263042449951,-9.07114028930664,0.0,0.0,0.0,0.0,0.0,0.0,0.0,0.0,0.0,0.0,0.0,0.0,-0.02783213183283806,-0.10082308202981949,-0.21085216104984283,0.03072350285947323,0.11905064433813095,0.347272664308548,0.05129805579781532,0.593924343585968,0.2790578007698059,12.266789436340332,-0.7490425109863281,0.0,0.0,0.0,0.0,0.0,0.0,0.0
49777379329,0,0.11704710870981216,-0.09078529477119446,-0.8050311207771301,6.569455581484362e-05,-0.04113857448101044,-0.8442511558532715,-0.22104983031749725,-0.1421402096748352,-0.005702944938093424,-0.2339640110731125,0.09929393976926804,-0.03922003507614136,0.1061096116900444,-0.21925334632396698,0.08054216206073761,0.0,0.0,-0.0047828578390181065,0.6720780730247498,-0.22203697264194489,-0.5265079140663147,-0.8615893125534058,1.7256065607070923,-0.1155511885881424,-0.85712069272995,1.767968773841858,-49.577125549316406,-1.7773776054382324,2.721027374267578,0.3955421447753906,-0.25516751408576965,0.3455146849155426,-0.6572550535202026,0.15971018373966217,4.071149826049805,15.470656394958496,2.0,29.36205291748047,-0.06592773646116257,-0.13798828423023224,-0.059794921427965164,0.04599609225988388,0.0,0.01097438856959343,-0.07799853384494781,-0.3043725788593292,0.022164877504110336,0.0,-3.4883294105529785,-0.5867840051651001,-8.952424049377441,-0.020915789529681206,0.3117796778678894,-9.187076568603516,0.0,0.0,0.0,0.0,0.0,0.0,0.0,0.0,0.0,0.0,0.0,0.0,-0.014711876399815083,-0.09216280281543732,-0.24497944116592407,0.027449646964669228,0.11905064433813095,0.347272664308548,0.05129805579781532,0.593924343585968,-0.021336888894438744,12.547033309936523,-0.5787867307662964,0.0,0.0,0.0,0.0,0.0,0.0,0.0
49787011481,0,0.11704710870981216,-0.09078529477119446,-0.8050311207771301,6.569455581484362e-05,-0.04113857448101044,-0.8442511558532715,-0.22104983031749725,-0.1421402096748352,-0.005702944938093424,-0.2339640110731125,0.09929393976926804,-0.03922003507614136,0.1061096116900444,-0.21925334632396698,0.08054216206073761,0.0,0.0,-0.0047828578390181065,0.6694838404655457,-0.08550278842449188,-0.5327097773551941,-0.9416709542274475,1.7077175378799438,-0.10738252848386765,-0.11503684520721436,1.7147881984710693,-50.52892303466797,-1.9723362922668457,2.3753790855407715,0.42133069038391113,-0.24315860867500305,0.3729531168937683,-0.6869220733642578,0.15006348490715027,2.8169915676116943,16.57801628112793,2.0,29.98695945739746,-0.059794921427965164,-0.13185547292232513,-0.08432617038488388,0.04292968660593033,0.0,0.10716120153665543,-0.05499470606446266,-0.30469265580177307,0.012760489247739315,0.0,-3.5443224906921387,-0.7237914204597473,-8.873978614807129,-0.020915789529681206,0.3117796778678894,-9.187076568603516,0.0,0.0,0.0,0.0,0.0,0.0,0.0,0.0,0.0,0.0,0.0,0.0,0.000917910598218441,-0.08422866463661194,-0.2727380692958832,0.024430500343441963,0.10451100021600723,0.3598245680332184,0.05789199844002724,0.5994210839271545,-0.1393151432275772,12.766955375671387,-0.585171639919281,0.0,0.0,0.0,0.0,0.0,0.0,0.0
49796905896,0,0.1124139055609703,-0.0924517884850502,-0.8049812316894531,6.569455581484362e-05,-0.04113857448101044,-0.8442511558532715,-0.2386256903409958,-0.14045490324497223,-0.002514931373298168,-0.224697545170784,0.10262694209814072,-0.03926992416381836,0.11321192979812622,-0.2179936319589615,0.07529012858867645,0.0,0.0,-0.0047828578390181065,0.6603916883468628,0.04933543875813484,-0.5385006070137024,-0.9416709542274475,1.7077175378799438,-0.10738252848386765,-0.11503684520721436,1.7147881984710693,-50.52892303466797,-1.9723362922668457,2.3753790855407715,0.42133069038391113,-0.24315860867500305,0.38886672258377075,-0.7018179893493652,0.1446140706539154,2.8169915676116943,16.57801628112793,2.0,29.98695945739746,-0.05366211012005806,-0.12418945133686066,-0.1088574230670929,0.04292968660593033,0.0,0.10716120153665543,-0.05499470606446266,-0.30469265580177307,0.012760489247739315,0.0,-3.5280730724334717,-0.845625102519989,-8.849939346313477,0.02781987190246582,0.3084813356399536,-9.250271797180176,0.0,0.0,0.0,0.0,0.0,0.0,0.0,0.0,0.0,0.0,0.0,0.0,0.023772336542606354,-0.07599330693483353,-0.29227185249328613,0.021226054057478905,0.09209439903497696,0.36805260181427,0.060978930443525314,0.6043795943260193,-0.5065867304801941,12.793421745300293,-0.5672120451927185,0.0,0.0,0.0,0.0,0.0,0.0,0.0
49808029869,0,0.1124139055609703,-0.0924517884850502,-0.8049812316894531,6.569455581484362e-05,-0.04113857448101044,-0.8442511558532715,-0.2386256903409958,-0.14045490324497223,-0.002514931373298168,-0.224697545170784,0.10262694209814072,-0.03926992416381836,0.11321192979812622,-0.2179936319589615,0.07529012858867645,0.0,0.0,-0.0047828578390181065,0.6461419463157654,0.1607196182012558,-0.5425970554351807,-0.9416709542274475,1.7077175378799438,-0.10738252848386765,-0.11503684520721436,1.7147881984710693,-50.52892303466797,-1.9723362922668457,2.3753790855407715,0.42133069038391113,-0.24315860867500305,0.38886672258377075,-0.7018179893493652,0.1446140706539154,2.3561501502990723,17.02142333984375,2.0,30.16859245300293,-0.04752929508686066,-0.11652343720197678,-0.1349218785762787,0.04139648377895355,0.0,0.12822698056697845,-0.05356070399284363,-0.30469265580177307,0.012683658860623837,0.0,-3.5399863719940186,-0.8396465182304382,-8.842511177062988,0.02781987190246582,0.3084813356399536,-9.250271797180176,0.0,0.0,0.0,0.0,0.0,0.0,0.0,0.0,0.0,0.0,0.0,0.0,0.0513717383146286,-0.06800208985805511,-0.30417078733444214,0.01808439940214157,0.09209439903497696,0.36805260181427,0.060978930443525314,0.6043795943260193,-0.9824476838111877,12.602954864501953,-0.5173850059509277,0.0,0.0,0.0,0.0,0.0,0.0,0.0
49816762685,0,0.10254902392625809,-0.09581055492162704,-0.8048036098480225,6.569455581484362e-05,-0.04113857448101044,-0.8442511558532715,-0.27464568614959717,-0.13848161697387695,0.004642617888748646,-0.2049676924943924,0.10934450477361679,-0.03944754600524902,0.12666693329811096,-0.2124750316143036,0.06504092365503311,0.0,0.0,-0.0047828578390181065,0.6461419463157654,0.1607196182012558,-0.5425970554351807,-1.0172772407531738,1.6726266145706177,-0.09925355017185211,0.42923539876937866,1.6923085451126099,-51.244117736816406,-2.0739693641662598,2.1128857135772705,0.4384559690952301,-0.23478052020072937,0.4203745424747467,-0.7270081639289856,0.1340060532093048,2.0,17.41970443725586,2.0,30.32415008544922,-0.036796875298023224,-0.1088574230670929,-0.16251952946186066,0.039863280951976776,0.0,0.25003865361213684,-0.04029630497097969,-0.30469265580177307,0.006310774479061365,0.0,-3.5399863719940186,-0.8396465182304382,-8.842511177062988,0.12983489036560059,0.3051857352256775,-9.383560180664062,0.0,0.0,0.0,0.0,0.0,0.0,0.0,0.0,0.0,0.0,0.0,0.0,0.08377493172883987,-0.06086132302880287,-0.3101191520690918,0.015252264216542244,0.07414282858371735,0.38370364904403687,0.06806714832782745,0.610000729560852,-0.9824476838111877,12.602954864501953,-0.5173850059509277,0.0,0.0,0.0,0.0,0.0,0.0,0.0
49826919233,0,0.10254902392625809,-0.09581055492162704,-0.8048036098480225,6.569455581484362e-05,-0.04113857448101044,-0.8442511558532715,-0.27464568614959717,-0.13848161697387695,0.004642617888748646,-0.18317808210849762,0.11647771298885345,-0.039765894412994385,0.12666693329811096,-0.2124750316143036,0.06504092365503311,0.0,0.0,-0.0047828578390181065,0.6000492572784424,0.3857164680957794,-0.5468054413795471,-1.0172772407531738,1.6726266145706177,-0.09925355017185211,0.42923539876937866,1.6923085451126099,-51.244117736816406,-2.0739693641662598,2.1128857135772705,0.4384559690952301,-0.23478052020072937,0.4203745424747467,-0.7270081639289856,0.1340060532093048,2.0,17.41970443725586,2.0,30.32415008544922,-0.02299804612994194,-0.09965820610523224,-0.19011718034744263,0.03526367247104645,0.0,0.25003865361213684,-0.04029630497097969,-0.30469265580177307,0.006310774479061365,0.0,-3.5399863719940186,-0.8396465182304382,-8.842511177062988,0.2325344830751419,0.30449825525283813,-9.50597858428955,0.0,0.0,0.0,0.0,0.0,0.0,0.0,0.0,0.0,0.0,0.0,0.0,0.12477201223373413,-0.054166510701179504,-0.31204330921173096,0.012503431178629398,0.07414282858371735,0.38370364904403687,0.06806714832782745,0.610000729560852,-2.007503032684326,11.789765357971191,-0.27491942048072815,0.0,0.0,0.0,0.0,0.0,0.0,0.0
49837459122,0,0.09165427088737488,-0.09937714040279388,-0.8044852614402771,6.569455581484362e-05,-0.04113857448101044,-0.8442511558532715,-0.308244526386261,-0.13656002283096313,0.011381336487829685,-0.18317808210849762,0.11647771298885345,-0.039765894412994385,0.13900302350521088,-0.20330631732940674,0.055252380669116974,0.0,0.0,-0.0047828578390181065,0.5721476674079895,0.50352543592453,-0.5463407635688782,-1.1328221559524536,1.5787410736083984,-0.0857638344168663,1.2789396047592163,1.6747404336929321,-52.28288269042969,-2.166712760925293,1.823906660079956,0.45158475637435913,-0.22593995928764343,0.4539163112640381,-0.7487796545028687,0.12288560718297958,2.0,18.627164840698242,2.5439436435699463,30.549022674560547,-0.0076660155318677425,-0.09199218451976776,-0.2115820348262787,0.03066406212747097,0.0,0.30469265580177307,-0.02069832757115364,-0.30469265580177307,-0.0034583904780447483,0.0,-3.121709108352661,-1.1214274168014526,-9.10247802734375,0.2325344830751419,0.30449825525283813,-9.50597858428955,0.0,0.0,0.0,0.0,0.0,0.0,0.0,0.0,0.0,0.0,0.0,0.0,0.17057128250598907,-0.047410398721694946,-0.31163322925567627,0.009558138437569141,0.05947500467300415,0.39980849623680115,0.0798124223947525,0.6145416498184204,-2.3222923278808594,11.51376724243164,-0.1186911016702652,0.0,0.0,0.0,0.0,0.0,0.0,0.0
49847067213,0,0.08592968434095383,-0.10119108855724335,-0.8042703866958618,6.569455581484362e-05,-0.04113857448101044,-0.8442511558532715,-0.3250269293785095,-0.13526253402233124,0.013812141492962837,-0.17172884941101074,0.12010563164949417,-0.03998076915740967,0.14474356174468994,-0.1973329335451126,0.05063001066446304,0.0,0.0,-0.0047828578390181065,0.5721476674079895,0.50352543592453,-0.5463407635688782,-1.1757277250289917,1.5281295776367188,-0.08047471195459366,1.5722322463989258,1.6741749048233032,-52.56467056274414,-2.197328567504883,1.6684529781341553,0.45480430126190186,-0.22098885476589203,0.4726759195327759,-0.7589865922927856,0.11677099764347076,2.0,18.627164840698242,2.5439436435699463,30.549022674560547,0.012265625409781933,-0.08432617038488388,-0.23151367902755737,0.024531250819563866,0.0,0.30469265580177307,-0.014830891974270344,-0.30469265580177307,-0.006683177314698696,0.0,-3.073439121246338,-1.3403176069259644,-9.212350845336914,0.28586041927337646,0.3043954372406006,-9.557212829589844,0.0,0.0,0.0,0.0,0.0,0.0,0.0,0.0,0.0,0.0,0.0,0.0,0.21532368659973145,-0.03979196771979332,-0.3101508319377899,0.006009608041495085,0.05279375985264778,0.40594595670700073,0.08616955578327179,0.613741934299469,-2.3222923278808594,11.51376724243164,-0.1186911016702652,0.0,0.0,0.0,0.0,0.0,0.0,0.0
49857006837,0,0.06791532039642334,-0.10700491815805435,-0.8035215735435486,6.569455581484362e-05,-0.04113857448101044,-0.8442511558532715,-0.3725510239601135,-0.13511021435260773,0.01603839173913002,-0.13569994270801544,0.13173334300518036,-0.0407295823097229,0.15970909595489502,-0.1737881302833557,0.037875667214393616,0.0,0.0,-0.0047828578390181065,0.500450074672699,0.7381948232650757,-0.541917085647583,-1.1757277250289917,1.5281295776367188,-0.08047471195459366,1.5722322463989258,1.6741749048233032,-52.56467056274414,-2.197328567504883,1.6684529781341553,0.45480430126190186,-0.22098885476589203,0.4726759195327759,-0.7589865922927856,0.11677099764347076,2.0,18.955821990966797,2.8469455242156982,30.435638427734375,0.03526367247104645,-0.07819335907697678,-0.25144532322883606,0.021464843302965164,0.0,0.30469265580177307,-0.014573766849935055,-0.30469265580177307,-0.006708086468279362,0.0,-3.102992057800293,-1.396986722946167,-9.327253341674805,0.4484058916568756,0.3176974654197693,-9.659289360046387,0.0,0.0,0.0,0.0,0.0,0.0,0.0,0.0,0.0,0.0,0.0,0.0,0.25382447242736816,-0.031697943806648254,-0.30841463804244995,0.0020698499865829945,0.05279375985264778,0.40594595670700073,0.08616955578327179,0.613741934299469,-3.195772886276245,11.243627548217773,0.14099450409412384,0.0,0.0,0.0,0.0,0.0,0.0,0.0
49867067486,0,0.06791532039642334,-0.10700491815805435,-0.8035215735435486,6.569455581484362e-05,-0.04113857448101044,-0.8442511558532715,-0.3725510239601135,-0.13511021435260773,0.01603839173913002,-0.13569994270801544,0.13173334300518036,-0.0407295823097229,0.15970909595489502,-0.1737881302833557,0.037875667214393616,0.0,0.0,-0.0047828578390181065,0.4644725024700165,0.8311625123023987,-0.5373197197914124,-1.2695245742797852,1.3699737787246704,-0.06744920462369919,2.151397228240967,1.716841697692871,-52.98007583618164,-2.2325515747070312,1.3302240371704102,0.45886099338531494,-0.2106957733631134,0.5114893913269043,-0.7756989002227783,0.10437609255313873,2.0,19.277896881103516,3.1647894382476807,30.260068893432617,0.05672851577401161,-0.0705273449420929,-0.26524412631988525,0.018398437649011612,0.0,0.30469265580177307,-0.003910111729055643,-0.30469265580177307,-0.012645903043448925,0.0,-3.102992057800293,-1.396986722946167,-9.327253341674805,0.4484058916568756,0.3176974654197693,-9.659289360046387,0.0,0.0,0.0,0.0,0.0,0.0,0.0,0.0,0.0,0.0,0.0,0.0,0.2821461856365204,-0.02407725527882576,-0.30687397718429565,-0.0017603121232241392,0.04114978387951851,0.41783252358436584,0.0996118038892746,0.6089338064193726,-3.5442264080047607,10.828388214111328,0.30444031953811646,0.0,0.0,0.0,0.0,0.0,0.0,0.0
49876982268,0,0.061533499509096146,-0.10912130773067474,-0.8032554984092712,6.569455581484362e-05,-0.04113857448101044,-0.8442511558532715,-0.3889273405075073,-0.13459064066410065,0.01534488145262003,-0.12293622642755508,0.13596615195274353,-0.040995657444000244,0.1638534814119339,-0.164377361536026,0.03403131291270256,0.0,0.0,-0.0047828578390181065,0.4644725024700165,0.8311625123023987,-0.5373197197914124,-1.3015985488891602,1.2961395978927612,-0.06238814443349838,2.4662322998046875,1.7473360300064087,-53.12609100341797,-2.2325515747070312,1.3302240371704102,0.45886099338531494,-0.2106957733631134,0.5114893913269043,-0.7756989002227783,0.10437609255313873,2.0,19.514759063720703,3.4961137771606445,30.044340133666992,0.08432617038488388,-0.06439453363418579,-0.2759765684604645,0.018398437649011612,0.0,0.30469265580177307,0.0012888022465631366,-0.30469265580177307,-0.016083111986517906,0.0,-3.102992057800293,-1.396986722946167,-9.327253341674805,0.5063690543174744,0.32334548234939575,-9.677321434020996,0.0,0.0,0.0,0.0,0.0,0.0,0.0,0.0,0.0,0.0,0.0,0.0,0.3002355992794037,-0.01686001941561699,-0.3057137727737427,-0.005537362769246101,0.04114978387951851,0.41783252358436584,0.0996118038892746,0.6089338064193726,-3.5442264080047607,10.828388214111328,0.30444031953811646,0.0,0.0,0.0,0.0,0.0,0.0,0.0
49887474963,0,0.061533499509096146,-0.10912130773067474,-0.8032554984092712,6.569455581484362e-05,-0.04113857448101044,-0.8442511558532715,-0.3889273405075073,-0.13459064066410065,0.01534488145262003,-0.12293622642755508,0.13596615195274353,-0.040995657444000244,0.1638534814119339,-0.164377361536026,0.03403131291270256,0.0,0.0,-0.0047828578390181065,0.3807239234447479,1.0017478466033936,-0.5236434936523438,-1.3015985488891602,1.2961395978927612,-0.06238814443349838,2.4662322998046875,1.7473360300064087,-53.12609100341797,-2.24379825592041,1.1747851371765137,0.4583442807197571,-0.20612992346286774,0.5283623337745667,-0.7811499834060669,0.09909211099147797,2.0,19.514759063720703,3.4961137771606445,30.044340133666992,0.11192382872104645,-0.05672851577401161,-0.28364259004592896,0.016865234822034836,0.0,0.30469265580177307,0.0015431481879204512,-0.30469265580177307,-0.015917887911200523,0.0,-2.6943821907043457,-1.5397261381149292,-9.51351547241211,0.5063690543174744,0.32334548234939575,-9.677321434020996,0.0,0.0,0.0,0.0,0.0,0.0,0.0,0.0,0.0,0.0,0.0,0.0,0.3099546730518341,-0.010189644992351532,-0.30495476722717285,-0.009174752980470657,0.04114978387951851,0.4221421480178833,0.10674289613962173,0.6053372621536255,-4.139838218688965,9.227115631103516,0.6044460535049438,0.0,0.0,0.0,0.0,0.0,0.0,0.0
49897122466,0,0.048401374369859695,-0.11335240304470062,-0.8027470111846924,6.569455581484362e-05,-0.04113857448101044,-0.8442511558532715,-0.4202480912208557,-0.13304956257343292,0.014510801061987877,-0.09667184203863144,0.14442838728427887,-0.0415041446685791,0.17088451981544495,-0.1438482254743576,0.02688710391521454,0.0,0.0,-0.0047828578390181065,0.3807239234447479,1.0017478466033936,-0.5236434936523438,-1.3671177625656128,1.0917909145355225,-0.05006413534283638,3.1002044677734375,1.8068000078201294,-53.317073822021484,-2.261314868927002,0.83054119348526,0.45554983615875244,-0.19593800604343414,0.5656253099441528,-0.789684534072876,0.08771200478076935,2.0,19.956357955932617,4.210185527801514,29.460020065307617,0.14565429091453552,-0.04752929508686066,-0.2882421910762787,0.013798828236758709,0.0,0.30469265580177307,0.012242568656802177,-0.30469265580177307,-0.022753607481718063,0.0,-2.6943821907043457,-1.5397261381149292,-9.51351547241211,0.6216309070587158,0.3354482352733612,-9.704548835754395,0.0,0.0,0.0,0.0,0.0,0.0,0.0,0.0,0.0,0.0,0.0,0.0,0.31376367807388306,-0.00426220428198576,-0.30453312397003174,-0.012530923821032047,0.04114978387951851,0.43015268445014954,0.1220133975148201,0.5955666303634644,-4.139838218688965,9.227115631103516,0.6044460535049438,0.0,0.0,0.0,0.0,0.0,0.0,0.0
49907310505,0,0.048401374369859695,-0.11335240304470062,-0.8027470111846924,6.569455581484362e-05,-0.04113857448101044,-0.8442511558532715,-0.4202480912208557,-0.13304956257343292,0.014510801061987877,-0.09667184203863144,0.14442838728427887,-0.0415041446685791,0.17088451981544495,-0.1438482254743576,0.02688710391521454,0.0,0.0,-0.0047828578390181065,0.26498934626579285,1.159255027770996,-0.5038193464279175,-1.3671177625656128,1.0917909145355225,-0.05006413534283638,4.041871070861816,1.9672009944915771,-53.41049575805664,-2.2179646492004395,0.46249669790267944,0.4473971724510193,-0.18454058468341827,0.6059156656265259,-0.7938080430030823,0.07580975443124771,2.0,20.478015899658203,5.078463077545166,28.707008361816406,0.17785155773162842,-0.039863280951976776,-0.29130858182907104,0.0076660155318677425,0.0,0.30469265580177307,0.026026930660009384,-0.30469265580177307,-0.032544609159231186,0.0,-2.2766029834747314,-1.579480528831482,-9.54615306854248,0.6216309070587158,0.3354482352733612,-9.704548835754395,0.0,0.0,0.0,0.0,0.0,0.0,0.0,0.0,0.0,0.0,0.0,0.0,0.3139631748199463,0.0018408766482025385,-0.3043552041053772,-0.0162042248994112,0.04114978387951851,0.4395756423473358,0.14040370285511017,0.5829116702079773,-5.2220139503479,7.863699436187744,0.8755728006362915,0.0,0.0,0.0,0.0,0.0,0.0,0.0
49917054077,0,0.03476697579026222,-0.11800964921712875,-0.8022474646568298,6.569455581484362e-05,-0.04113857448101044,-0.8442511558532715,-0.4487956762313843,-0.13425210118293762,0.0130979148671031,-0.06940291076898575,0.1537429243326187,-0.04200369119644165,0.17552757263183594,-0.12096559256315231,0.020576030015945435,0.0,0.0,-0.0047828578390181065,0.20958247780799866,1.2154085636138916,-0.4936796724796295,-1.3992795944213867,0.9065806865692139,-0.04058995097875595,4.041871070861816,1.9672009944915771,-53.41049575805664,-2.2179646492004395,0.46249669790267944,0.4473971724510193,-0.18454058468341827,0.6059156656265259,-0.7938080430030823,0.07580975443124771,2.0,20.478015899658203,5.078463077545166,28.707008361816406,0.20544922351837158,-0.032197266817092896,-0.2943750023841858,0.0,0.0,0.30469265580177307,0.026026930660009384,-0.30469265580177307,-0.032544609159231186,0.0,-2.2766029834747314,-1.579480528831482,-9.54615306854248,0.7348856925964355,0.35767289996147156,-9.710999488830566,0.0,0.0,0.0,0.0,0.0,0.0,0.0,0.0,0.0,0.0,0.0,0.0,0.31235066056251526,0.008669533766806126,-0.3043299913406372,-0.02057436853647232,0.04114978387951851,0.4395756423473358,0.14040370285511017,0.5829116702079773,-5.628933429718018,7.144781589508057,0.9848334789276123,0.0,0.0,0.0,0.0,0.0,0.0,0.0
49927005379,0,0.027807196602225304,-0.1203845739364624,-0.8019875288009644,6.569455581484362e-05,-0.04113857448101044,-0.8442511558532715,-0.46154582500457764,-0.13517726957798004,0.01260530948638916,-0.05548328533768654,0.1584927886724472,-0.04226362705230713,0.17703084647655487,-0.10881329327821732,0.017686108127236366,0.0,0.0,-0.0047828578390181065,0.20958247780799866,1.2154085636138916,-0.4936796724796295,-1.408784031867981,0.8102689385414124,-0.03606344759464264,4.341178894042969,2.038273811340332,-53.392845153808594,-2.185075044631958,0.31734535098075867,0.4420304298400879,-0.179535374045372,0.6229978799819946,-0.7939327955245972,0.07086879014968872,2.0,20.685165405273438,5.48280143737793,28.362152099609375,0.22998046875,-0.024531250819563866,-0.29590821266174316,-0.004599609412252903,0.0,0.30469265580177307,0.029931863769888878,-0.30469265580177307,-0.03559531271457672,0.0,-2.076059103012085,-1.666366457939148,-9.56767749786377,0.7893052101135254,0.37059521675109863,-9.70779037475586,0.0,0.0,0.0,0.0,0.0,0.0,0.0,0.0,0.0,0.0,0.0,0.0,0.31014448404312134,0.015411004424095154,-0.3043845295906067,-0.025073228403925896,0.04114978387951851,0.44330546259880066,0.1489027589559555,0.5770916938781738,-5.628933429718018,7.144781589508057,0.9848334789276123,0.0,0.0,0.0,0.0,0.0,0.0,0.0
49938030614,0,0.027807196602225304,-0.1203845739364624,-0.8019875288009644,6.569455581484362e-05,-0.04113857448101044,-0.8442511558532715,-0.46154582500457764,-0.13517726957798004,0.01260530948638916,-0.05548328533768654,0.1584927886724472,-0.04226362705230713,0.17703084647655487,-0.10881329327821732,0.017686108127236366,0.0,0.0,-0.0047828578390181065,0.07951167970895767,1.3195112943649292,-0.4763187766075134,-1.408784031867981,0.8102689385414124,-0.03606344759464264,4.944441795349121,2.2017903327941895,-53.240753173828125,-2.096348524093628,0.025789856910705566,0.4369390308856964,-0.16760852932929993,0.6620675921440125,-0.7905612587928772,0.05969526246190071,2.0,20.891122817993164,5.724846363067627,27.382535934448242,0.2499121129512787,-0.018398437649011612,-0.29590821266174316,-0.0076660155318677425,0.0,0.30469265580177307,0.03770391270518303,-0.30469265580177307,-0.042077790945768356,0.0,-1.8816293478012085,-1.6266816854476929,-9.75395393371582,0.7893052101135254,0.37059521675109863,-9.70779037475586,0.0,0.0,0.0,0.0,0.0,0.0,0.0,0.0,0.0,0.0,0.0,0.0,0.30805346369743347,0.02158443257212639,-0.30446821451187134,-0.029385747388005257,0.04114978387951851,0.44700732827186584,0.15397123992443085,0.56047523021698,-6.039575576782227,5.447298526763916,0.7961485981941223,0.0,0.0,0.0,0.0,0.0,0.0,0.0
49946792796,0,0.013698911294341087,-0.1255938708782196,-0.8014865517616272,6.569455581484362e-05,-0.04113857448101044,-0.8442511558532715,-0.4868757724761963,-0.13693155348300934,0.01071925275027752,-0.027266569435596466,0.16891144216060638,-0.04276460409164429,0.17827531695365906,-0.08358623087406158,0.012268368154764175,0.0,0.0,-0.0047828578390181065,0.07951167970895767,1.3195112943649292,-0.4763187766075134,-1.4151649475097656,0.6092128753662109,-0.027002418413758278,4.944441795349121,2.2017903327941895,-53.240753173828125,-2.096348524093628,0.025789856910705566,0.4369390308856964,-0.16760852932929993,0.6620675921440125,-0.7905612587928772,0.05969526246190071,2.0,20.891122817993164,5.724846363067627,27.382535934448242,0.26371094584465027,-0.012265625409781933,-0.29590821266174316,-0.009199218824505806,0.0,0.30469265580177307,0.03770391270518303,-0.30469265580177307,-0.042077790945768356,0.0,-1.8816293478012085,-1.6266816854476929,-9.75395393371582,0.8989893794059753,0.4003255367279053,-9.680136680603027,0.0,0.0,0.0,0.0,0.0,0.0,0.0,0.0,0.0,0.0,0.0,0.0,0.3064049482345581,0.027236545458436012,-0.30455079674720764,-0.03354967385530472,0.04114978387951851,0.44700732827186584,0.15397123992443085,0.56047523021698,-6.039575576782227,5.447298526763916,0.7961485981941223,0.0,0.0,0.0,0.0,0.0,0.0,0.0
49959794528,0,-0.0005678758025169373,-0.13105033338069916,-0.8010075688362122,6.569455581484362e-05,-0.04113857448101044,-0.8442511558532715,-0.5128538012504578,-0.13743376731872559,0.00695719663053751,0.0012671470176428556,0.17982441186904907,-0.043243587017059326,0.17744462192058563,-0.057170040905475616,0.00685069989413023,0.0,0.0,-0.0047828578390181065,0.015181062743067741,1.3623558282852173,-0.4756231904029846,-1.4151649475097656,0.6092128753662109,-0.027002418413758278,5.2579874992370605,2.284688949584961,-53.081565856933594,-2.047323703765869,-0.11859583854675293,0.44306623935699463,-0.16152305901050568,0.6620675921440125,-0.7905612587928772,0.05969526246190071,2.0,21.38469123840332,5.768303394317627,27.274362564086914,0.2759765684604645,-0.006132812704890966,-0.29590821266174316,-0.009199218824505806,0.0,0.30469265580177307,0.040959060192108154,-0.30469265580177307,-0.04499470070004463,0.0,-1.8816293478012085,-1.6266816854476929,-9.75395393371582,1.0105388164520264,0.43211880326271057,-9.616338729858398,0.0,0.0,0.0,0.0,0.0,0.0,0.0,0.0,0.0,0.0,0.0,0.0,0.3052782416343689,0.03209800273180008,-0.30461761355400085,-0.03730577230453491,0.04114978387951851,0.44700732827186584,0.15397123992443085,0.56047523021698,-6.079958438873291,4.774445533752441,0.43354350328445435,0.0,0.0,0.0,0.0,0.0,0.0,0.0
49967683079,0,-0.0005678758025169373,-0.13105033338069916,-0.8010075688362122,6.569455581484362e-05,-0.04113857448101044,-0.8442511558532715,-0.5128538012504578,-0.13743376731872559,0.00695719663053751,0.0012671470176428556,0.17982441186904907,-0.043243587017059326,0.17744462192058563,-0.057170040905475616,0.00685069989413023,0.0,0.0,-0.0047828578390181065,-0.10230360925197601,1.410696029663086,-0.47633761167526245,-1.4086227416992188,0.45152539014816284,-0.019977590069174767,5.851513385772705,2.4781320095062256,-52.66084671020508,-2.047323703765869,-0.11859583854675293,0.44306623935699463,-0.16152305901050568,0.6811821460723877,-0.7869235277175903,0.0541008859872818,2.0,22.19639015197754,5.66886568069458,26.8076171875,0.28364259004592896,0.0,-0.29590821266174316,-0.012265625409781933,0.0,0.30469265580177307,0.0458388589322567,-0.30469265580177307,-0.05106140673160553,0.0,-1.8816293478012085,-1.6266816854476929,-9.75395393371582,1.0105388164520264,0.43211880326271057,-9.616338729858398,0.0,0.0,0.0,0.0,0.0,0.0,0.0,0.0,0.0,0.0,0.0,0.0,0.3046160638332367,0.03619898110628128,-0.30466434359550476,-0.040717191994190216,0.04114978387951851,0.45585158467292786,0.1548795998096466,0.5586325526237488,-6.045103549957275,2.9750497341156006,0.11901319026947021,0.0,0.0,0.0,0.0,0.0,0.0,0.0
49977556602,0,-0.014782816171646118,-0.13685843348503113,-0.8005881905555725,6.569455581484362e-05,-0.04113857448101044,-0.8442511558532715,-0.5361742377281189,-0.13848121464252472,0.002289023483172059,0.029697170481085777,0.1914406716823578,-0.043662965297698975,0.17451851069927216,-0.03026772104203701,0.001341112656518817,0.0,0.0,-0.0047828578390181065,-0.10230360925197601,1.410696029663086,-0.47633761167526245,-1.3768733739852905,0.18628297746181488,-0.008114288561046124,5.851513385772705,2.4781320095062256,-52.66084671020508,-1.9382250308990479,-0.4244349002838135,0.45467448234558105,-0.15000365674495697,0.7153714895248413,-0.7769039869308472,0.043528344482183456,2.0,22.19639015197754,5.66886568069458,26.8076171875,0.28977540135383606,0.006132812704890966,-0.29590821266174316,-0.016865234822034836,0.0,0.30469265580177307,0.04640361666679382,-0.30469265580177307,-0.05059368908405304,0.0,-1.1546528339385986,-1.6420265436172485,-9.963929176330566,1.115718126296997,0.46960049867630005,-9.525862693786621,0.0,0.0,0.0,0.0,0.0,0.0,0.0,0.0,0.0,0.0,0.0,0.0,0.3043045401573181,0.0397956557571888,-0.3046925663948059,-0.04400230944156647,0.04114978387951851,0.47031569480895996,0.1528003066778183,0.5506643652915955,-6.045103549957275,2.9750497341156006,0.11901319026947021,0.0,0.0,0.0,0.0,0.0,0.0,0.0
49988052861,0,-0.014782816171646118,-0.13685843348503113,-0.8005881905555725,6.569455581484362e-05,-0.04113857448101044,-0.8442511558532715,-0.5361742377281189,-0.13848121464252472,0.002289023483172059,0.029697170481085777,0.1914406716823578,-0.043662965297698975,0.17451851069927216,-0.03026772104203701,0.001341112656518817,0.0,0.0,-0.0047828578390181065,-0.2238813042640686,1.4207903146743774,-0.47579964995384216,-1.3768733739852905,0.18628297746181488,-0.008114288561046124,5.851513385772705,2.4781320095062256,-52.66084671020508,-1.9382250308990479,-0.4244349002838135,0.45467448234558105,-0.15000365674495697,0.7153714895248413,-0.7769039869308472,0.043528344482183456,2.0,22.19639015197754,5.66886568069458,26.8076171875,0.2943750023841858,0.012265625409781933,-0.29590821266174316,-0.02299804612994194,0.0,0.30469265580177307,0.04640361666679382,-0.30469265580177307,-0.05059368908405304,0.0,-0.8313977718353271,-1.676445722579956,-10.029273986816406,1.115718126296997,0.46960049867630005,-9.525862693786621,0.0,0.0,0.0,0.0,0.0,0.0,0.0,0.0,0.0,0.0,0.0,0.0,0.304222971200943,0.04275783523917198,-0.30470651388168335,-0.04685583338141441,0.04114978387951851,0.47031569480895996,0.1528003066778183,0.5506643652915955,-6.21225118637085,1.1801421642303467,0.031201114878058434,0.0,0.0,0.0,0.0,0.0,0.0,0.0
49997281530,0,-0.028944216668605804,-0.14266496896743774,-0.8002380728721619,6.569455581484362e-05,-0.04113857448101044,-0.8442511558532715,-0.5544537901878357,-0.14046525955200195,-0.003915163688361645,0.05802011117339134,0.2030538022518158,-0.04401308298110962,0.1693379133939743,-0.0035333726555109024,-0.004282116424292326,0.0,0.0,-0.0047828578390181065,-0.2906370759010315,1.4195573329925537,-0.4787244498729706,-1.33145272731781,-0.024844814091920853,0.001471443334594369,6.883169174194336,2.936830759048462,-51.36636734008789,-1.713210105895996,-0.8018089532852173,0.47011807560920715,-0.13172420859336853,0.7479156255722046,-0.7630852460861206,0.032658301293849945,2.0,23.408212661743164,5.387186527252197,26.169641494750977,0.29590821266174316,0.016865234822034836,-0.29590821266174316,-0.032197266817092896,0.0,0.30469265580177307,0.05351366847753525,-0.30469265580177307,-0.05882037431001663,0.0,-0.8313977718353271,-1.676445722579956,-10.029273986816406,1.2091741561889648,0.5119005441665649,-9.405929565429688,0.0,0.0,0.0,0.0,0.0,0.0,0.0,0.0,0.0,0.0,0.0,0.0,0.30426955223083496,0.045215412974357605,-0.3047108054161072,-0.049328479915857315,0.04114978387951851,0.4774281084537506,0.14293904602527618,0.5357182025909424,-6.2797369956970215,0.539836049079895,-0.11862841993570328,0.0,0.0,0.0,0.0,0.0,0.0,0.0
50006945855,0,-0.03591543063521385,-0.1456037163734436,-0.8000885248184204,6.569455581484362e-05,-0.04113857448101044,-0.8442511558532715,-0.5619742274284363,-0.14142130315303802,-0.007001883815973997,0.07196260988712311,0.2089313268661499,-0.044162631034851074,0.16588541865348816,0.009852652437984943,-0.0072288974188268185,0.0,0.0,-0.0047828578390181065,-0.2906370759010315,1.4195573329925537,-0.4787244498729706,-1.3021165132522583,-0.13099443912506104,0.006409144029021263,6.883169174194336,2.936830759048462,-51.36636734008789,-1.713210105895996,-0.8018089532852173,0.47011807560920715,-0.13172420859336853,0.7645280957221985,-0.7541412115097046,0.026642579585313797,2.0,23.408212661743164,5.387186527252197,26.169641494750977,0.2989746034145355,0.021464843302965164,-0.29590821266174316,-0.036796875298023224,0.0,0.30469265580177307,0.05351366847753525,-0.30469265580177307,-0.05882037431001663,0.0,-0.8313977718353271,-1.676445722579956,-10.029273986816406,1.2514853477478027,0.5339692234992981,-9.339339256286621,0.0,0.0,0.0,0.0,0.0,0.0,0.0,0.0,0.0,0.0,0.0,0.0,0.30437055230140686,0.04762733355164528,-0.30470961332321167,-0.05191655829548836,0.04114978387951851,0.4917260706424713,0.14689679443836212,0.5397253036499023,-6.2797369956970215,0.539836049079895,-0.11862841993570328,0.0,0.0,0.0,0.0,0.0,0.0,0.0
50016875267,0,-0.04974246025085449,-0.15147075057029724,-0.799858570098877,6.569455581484362e-05,-0.04113857448101044,-0.8442511558532715,-0.5732232928276062,-0.141234889626503,-0.012481721118092537,0.09961681067943573,0.22066545486450195,-0.04439258575439453,0.15760546922683716,0.035971615463495255,-0.013426674529910088,0.0,0.0,-0.0047828578390181065,-0.4027692675590515,1.3862136602401733,-0.48066219687461853,-1.3021165132522583,-0.13099443912506104,0.006409144029021263,6.883169174194336,2.936830759048462,-51.36636734008789,-1.713210105895996,-0.8018089532852173,0.47011807560920715,-0.13172420859336853,0.7645280957221985,-0.7541412115097046,0.026642579585313797,2.0,23.408212661743164,5.387186527252197,26.169641494750977,0.3005078136920929,0.026064453646540642,-0.29590821266174316,-0.04139648377895355,0.0,0.30469265580177307,0.05351366847753525,-0.30469265580177307,-0.05882037431001663,0.0,-0.013592405244708061,-1.29172945022583,-10.00141716003418,1.3264985084533691,0.5748659372329712,-9.199369430541992,0.0,0.0,0.0,0.0,0.0,0.0,0.0,0.0,0.0,0.0,0.0,0.0,0.3044796586036682,0.049899738281965256,-0.3047059178352356,-0.054463353008031845,0.04114978387951851,0.4917260706424713,0.14689679443836212,0.5397253036499023,-5.842774868011475,-1.2001756429672241,-0.078387051820755,0.0,0.0,0.0,0.0,0.0,0.0,0.0
50027064254,0,-0.04974246025085449,-0.15147075057029724,-0.799858570098877,6.569455581484362e-05,-0.04113857448101044,-0.8442511558532715,-0.5732232928276062,-0.141234889626503,-0.012481721118092537,0.09961681067943573,0.22066545486450195,-0.04439258575439453,0.15760546922683716,0.035971615463495255,-0.013426674529910088,0.0,0.0,-0.0047828578390181065,-0.4027692675590515,1.3862136602401733,-0.48066219687461853,-1.2335729598999023,-0.3335475027561188,0.016195066273212433,7.295742034912109,3.1617627143859863,-50.59653091430664,-1.565909743309021,-0.9728003740310669,0.47777706384658813,-0.11947590112686157,0.7935338020324707,-0.7349590063095093,0.015125617384910583,2.0,24.23691749572754,5.347231388092041,26.00935935974121,0.3005078136920929,0.029130859300494194,-0.29590821266174316,-0.04292968660593033,0.0,0.30469265580177307,0.05497349426150322,-0.30469265580177307,-0.06122574582695961,0.0,-0.013592405244708061,-1.29172945022583,-10.00141716003418,1.3264985084533691,0.5748659372329712,-9.199369430541992,0.0,0.0,0.0,0.0,0.0,0.0,0.0,0.0,0.0,0.0,0.0,0.0,0.3045726418495178,0.051751550287008286,-0.30470168590545654,-0.056630849838256836,0.04114978387951851,0.5062439441680908,0.14605775475502014,0.536968469619751,-5.842774868011475,-1.2001756429672241,-0.078387051820755,0.0,0.0,0.0,0.0,0.0,0.0,0.0
50037021484,0,-0.04974246025085449,-0.15147075057029724,-0.799858570098877,6.569455581484362e-05,-0.04113857448101044,-0.8442511558532715,-0.5732232928276062,-0.141234889626503,-0.012481721118092537,0.09961681067943573,0.22066545486450195,-0.04439258575439453,0.15760546922683716,0.035971615463495255,-0.013426674529910088,0.0,0.0,-0.0047828578390181065,-0.5122809410095215,1.305580496788025,-0.48026734590530396,-1.2335729598999023,-0.3335475027561188,0.016195066273212433,7.295742034912109,3.1617627143859863,-50.59653091430664,-1.565909743309021,-0.9728003740310669,0.47777706384658813,-0.11947590112686157,0.7935338020324707,-0.7349590063095093,0.015125617384910583,2.0,23.74943733215332,4.515144348144531,25.087909698486328,0.3005078136920929,0.03373046964406967,-0.29590821266174316,-0.044462889432907104,0.0,0.30469265580177307,0.05610305443406105,-0.30469265580177307,-0.06347747892141342,0.0,0.3098003566265106,-1.2409985065460205,-9.937828063964844,1.3264985084533691,0.5748659372329712,-9.199369430541992,0.0,0.0,0.0,0.0,0.0,0.0,0.0,0.0,0.0,0.0,0.0,0.0,0.304640531539917,0.05324158817529678,-0.30469799041748047,-0.058537647128105164,0.04114978387951851,0.5062439441680908,0.14605775475502014,0.536968469619751,-5.3910231590271,-3.2827131748199463,-0.004817596636712551,0.0,0.0,0.0,0.0,0.0,0.0,0.0
50047011037,0,-0.06983621418476105,-0.1601908951997757,-0.7996178865432739,6.569455581484362e-05,-0.04113857448101044,-0.8442511558532715,-0.5880954265594482,-0.13933365046977997,-0.01783308945596218,0.13980451226234436,0.23810583353042603,-0.04463326930999756,0.14191526174545288,0.07219965010881424,-0.02362939901649952,0.0,0.0,-0.0047828578390181065,-0.5122809410095215,1.305580496788025,-0.48026734590530396,-1.1278200149536133,-0.5699065327644348,0.028685450553894043,7.679238796234131,3.3728885650634766,-49.843326568603516,-1.4066309928894043,-1.0861146450042725,0.4834844172000885,-0.105959951877594,0.8221032619476318,-0.7112806439399719,0.002341151237487793,2.0,23.984769821166992,4.32528018951416,24.91026496887207,0.3005078136920929,0.036796875298023224,-0.29590821266174316,-0.04292968660593033,0.0,0.30469265580177307,0.058710575103759766,-0.30469265580177307,-0.06579138338565826,0.0,0.3098003566265106,-1.2409985065460205,-9.937828063964844,1.428802251815796,0.6340022087097168,-8.991899490356445,0.0,0.0,0.0,0.0,0.0,0.0,0.0,0.0,0.0,0.0,0.0,0.0,0.3046835660934448,0.05457060784101486,-0.3046952188014984,-0.06038983166217804,0.04114978387951851,0.5018372535705566,0.12446210533380508,0.5179681181907654,-5.3910231590271,-3.2827131748199463,-0.004817596636712551,0.0,0.0,0.0,0.0,0.0,0.0,0.0
50057028851,0,-0.07641114294528961,-0.16311590373516083,-0.7995705008506775,6.569455581484362e-05,-0.04113857448101044,-0.8442511558532715,-0.5927525162696838,-0.1378931999206543,-0.01965063251554966,0.15295442938804626,0.24395588040351868,-0.044680655002593994,0.1357155293226242,0.08329936861991882,-0.02726431004703045,0.0,0.0,-0.0047828578390181065,-0.5588662028312683,1.2583719491958618,-0.4793299734592438,-1.079020380973816,-0.6575003862380981,0.03366810828447342,7.858412265777588,3.4870121479034424,-49.455448150634766,-1.325005054473877,-1.1313964128494263,0.4856594204902649,-0.10006553679704666,0.8332968354225159,-0.7005010843276978,-0.0031991153955459595,2.0,24.62010383605957,4.5676703453063965,25.151268005371094,0.30204102396965027,0.038330078125,-0.29590821266174316,-0.044462889432907104,0.0,0.30469265580177307,0.05839020386338234,-0.30469265580177307,-0.06582114845514297,0.0,0.3098003566265106,-1.2409985065460205,-9.937828063964844,1.4608927965164185,0.6526041030883789,-8.91753101348877,0.0,0.0,0.0,0.0,0.0,0.0,0.0,0.0,0.0,0.0,0.0,0.0,0.3047064542770386,0.05585309863090515,-0.30469340085983276,-0.06219211965799332,0.04114978387951851,0.5129238963127136,0.12960831820964813,0.5221486687660217,-5.298697471618652,-4.141952037811279,0.04836972802877426,0.0,0.0,0.0,0.0,0.0,0.0,0.0
50067119428,0,-0.0891386941075325,-0.16898728907108307,-0.7995027899742126,6.569455581484362e-05,-0.04113857448101044,-0.8442511558532715,-0.6006945967674255,-0.13532112538814545,-0.02282249741256237,0.1784096658229828,0.25569871068000793,-0.04474836587905884,0.12202873826026917,0.10363800823688507,-0.03484588861465454,0.0,0.0,-0.0047828578390181065,-0.6563200354576111,1.1324971914291382,-0.4695800244808197,-1.079020380973816,-0.6575003862380981,0.03366810828447342,7.858412265777588,3.4870121479034424,-49.455448150634766,-1.325005054473877,-1.1313964128494263,0.4856594204902649,-0.10006553679704666,0.8332968354225159,-0.7005010843276978,-0.0031991153955459595,2.0,24.62010383605957,4.5676703453063965,25.151268005371094,0.30204102396965027,0.039863280951976776,-0.29590821266174316,-0.04599609225988388,0.0,0.30469265580177307,0.05839020386338234,-0.30469265580177307,-0.06582114845514297,0.0,0.7231648564338684,-0.8976465463638306,-9.964812278747559,1.5194933414459229,0.6904734373092651,-8.771038055419922,0.0,0.0,0.0,0.0,0.0,0.0,0.0,0.0,0.0,0.0,0.0,0.0,0.30471518635749817,0.056966785341501236,-0.3046923875808716,-0.06374678760766983,0.04114978387951851,0.5129238963127136,0.12960831820964813,0.5221486687660217,-5.042656898498535,-5.873815536499023,0.38641631603240967,0.0,0.0,0.0,0.0,0.0,0.0,0.0
50079952677,0,-0.0891386941075325,-0.16898728907108307,-0.7995027899742126,6.569455581484362e-05,-0.04113857448101044,-0.8442511558532715,-0.6006945967674255,-0.13532112538814545,-0.02282249741256237,0.1784096658229828,0.25569871068000793,-0.04474836587905884,0.12202873826026917,0.10363800823688507,-0.03484588861465454,0.0,0.0,-0.0047828578390181065,-0.7086816430091858,1.0401841402053833,-0.46456179022789,-0.9435757398605347,-0.8542768955230713,0.04597398638725281,8.500185012817383,3.9045214653015137,-47.82128143310547,-0.9970937967300415,-1.234014868736267,0.4844071567058563,-0.07898066192865372,0.8554491996765137,-0.676063597202301,-0.015302319079637527,2.0,24.383193969726562,3.3638131618499756,23.581336975097656,0.30204102396965027,0.04139648377895355,-0.29590821266174316,-0.04906250163912773,0.0,0.30469265580177307,0.06315769255161285,-0.30469265580177307,-0.07260683178901672,0.0,0.7836829423904419,-0.9032089114189148,-9.984062194824219,1.5194933414459229,0.6904734373092651,-8.771038055419922,0.0,0.0,0.0,0.0,0.0,0.0,0.0,0.0,0.0,0.0,0.0,0.0,0.3047153353691101,0.05799710750579834,-0.30469197034835815,-0.06520719826221466,0.04114978387951851,0.5132699608802795,0.1188049465417862,0.5068710446357727,-4.67006254196167,-6.862897872924805,0.3940306603908539,0.0,0.0,0.0,0.0,0.0,0.0,0.0
50095194117,0,-0.09527839720249176,-0.17188264429569244,-0.7994848489761353,6.569455581484362e-05,-0.04113857448101044,-0.8442511558532715,-0.6038044095039368,-0.13433296978473663,-0.0249720960855484,0.19068913161754608,0.2614894509315491,-0.04476630687713623,0.11473879218101501,0.1126956045627594,-0.038815390318632126,0.0,0.0,-0.0047828578390181065,-0.7086816430091858,1.0401841402053833,-0.46456179022789,-0.9435757398605347,-0.8542768955230713,0.04597398638725281,8.500185012817383,3.9045214653015137,-47.82128143310547,-0.9970937967300415,-1.234014868736267,0.4844071567058563,-0.07898066192865372,0.8675130605697632,-0.6606370210647583,-0.022728092968463898,2.0,24.383193969726562,3.3638131618499756,23.581336975097656,0.30204102396965027,0.04292968660593033,-0.29590821266174316,-0.05366211012005806,0.0,0.30469265580177307,0.06315769255161285,-0.30469265580177307,-0.07260683178901672,0.0,0.7836829423904419,-0.9032089114189148,-9.984062194824219,1.5454882383346558,0.7099130153656006,-8.694778442382812,0.0,0.0,0.0,0.0,0.0,0.0,0.0,0.0,0.0,0.0,0.0,0.0,0.3047112226486206,0.05923617258667946,-0.3046919107437134,-0.0669778361916542,0.04114978387951851,0.5087963938713074,0.10389898717403412,0.4947672486305237,-4.67006254196167,-6.862897872924805,0.3940306603908539,0.0,0.0,0.0,0.0,0.0,0.0,0.0
50097368194,0,-0.09527839720249176,-0.17188264429569244,-0.7994848489761353,6.569455581484362e-05,-0.04113857448101044,-0.8442511558532715,-0.6038044095039368,-0.13433296978473663,-0.0249720960855484,0.19068913161754608,0.2614894509315491,-0.04476630687713623,0.11473879218101501,0.1126956045627594,-0.038815390318632126,0.0,0.0,-0.0047828578390181065,-0.7428403496742249,0.9648739695549011,-0.46377333998680115,-0.8849629759788513,-0.923096776008606,0.05095652863383293,8.628292083740234,4.002740383148193,-47.42502212524414,-0.9139674305915833,-1.2269920110702515,0.4884811341762543,-0.07283569127321243,0.8675130605697632,-0.6606370210647583,-0.022728092968463898,2.0,25.08602523803711,3.564368963241577,24.052093505859375,0.30204102396965027,0.044462889432907104,-0.29590821266174316,-0.05672851577401161,0.0,0.30469265580177307,0.06207479164004326,-0.30469265580177307,-0.07134535163640976,0.0,1.0098804235458374,-0.7652862668037415,-9.943464279174805,1.5454882383346558,0.7099130153656006,-8.694778442382812,0.0,0.0,0.0,0.0,0.0,0.0,0.0,0.0,0.0,0.0,0.0,0.0,0.30470579862594604,0.06051923334598541,-0.30469202995300293,-0.06882915645837784,0.04114978387951851,0.5087963938713074,0.10389898717403412,0.4947672486305237,-4.282070636749268,-7.517642021179199,0.2593805491924286,0.0,0.0,0.0,0.0,0.0,0.0,0.0
50107040889,0,-0.10759127885103226,-0.1775771528482437,-0.7995092272758484,6.569455581484362e-05,-0.04113857448101044,-0.8442511558532715,-0.6070992946624756,-0.13074485957622528,-0.02810935489833355,0.21531501412391663,0.2728785276412964,-0.044741928577423096,0.09918481111526489,0.12861353158950806,-0.047409575432538986,0.0,0.0,-0.0047828578390181065,-0.7718430161476135,0.884696364402771,-0.463300883769989,-0.7620153427124023,-1.042623519897461,0.06117638200521469,8.750532150268555,4.098186016082764,-47.045982360839844,-0.8353727459907532,-1.208619236946106,0.4922609031200409,-0.0666382685303688,0.8833948969841003,-0.6374202966690063,-0.03399907797574997,2.0,24.481800079345703,2.54426646232605,23.264453887939453,0.30204102396965027,0.04599609225988388,-0.29590821266174316,-0.06132812425494194,0.0,0.30469265580177307,0.06427233666181564,-0.30469265580177307,-0.07388309389352798,0.0,1.0098804235458374,-0.7652862668037415,-9.943464279174805,1.5910059213638306,0.7451246976852417,-8.553814888000488,0.0,0.0,0.0,0.0,0.0,0.0,0.0,0.0,0.0,0.0,0.0,0.0,0.30470073223114014,0.06158863380551338,-0.30469220876693726,-0.07037922739982605,0.04114978387951851,0.5087963938713074,0.10389898717403412,0.4947672486305237,-3.8194468021392822,-8.12803840637207,0.1734384000301361,0.0,0.0,0.0,0.0,0.0,0.0,0.0
50125014929,0,-0.10759127885103226,-0.1775771528482437,-0.7995092272758484,6.569455581484362e-05,-0.04113857448101044,-0.8442511558532715,-0.6070992946624756,-0.13074485957622528,-0.02810935489833355,0.21531501412391663,0.2728785276412964,-0.044741928577423096,0.09918481111526489,0.12861353158950806,-0.047409575432538986,0.0,0.0,-0.0047828578390181065,-0.8209289312362671,0.6979058384895325,-0.4609309732913971,-0.7620153427124023,-1.042623519897461,0.06117638200521469,8.750532150268555,4.098186016082764,-47.045982360839844,-0.8353727459907532,-1.208619236946106,0.4922609031200409,-0.0666382685303688,0.8833948969841003,-0.6374202966690063,-0.03399907797574997,2.0,24.481800079345703,2.54426646232605,23.264453887939453,0.30204102396965027,0.04752929508686066,-0.29590821266174316,-0.06439453363418579,0.0,0.30469265580177307,0.06427233666181564,-0.30469265580177307,-0.07388309389352798,0.0,1.3323426246643066,-0.33205553889274597,-9.676417350769043,1.5910059213638306,0.7451246976852417,-8.553814888000488,0.0,0.0,0.0,0.0,0.0,0.0,0.0,0.0,0.0,0.0,0.0,0.0,0.30469679832458496,0.06250841915607452,-0.3046923875808716,-0.07167106121778488,0.04114978387951851,0.5105153322219849,0.08617644011974335,0.48919761180877686,-2.8313539028167725,-9.199177742004395,0.14137975871562958,0.0,0.0,0.0,0.0,0.0,0.0,0.0
50127193642,0,-0.1189766600728035,-0.18299855291843414,-0.7995614409446716,6.569455581484362e-05,-0.04113857448101044,-0.8442511558532715,-0.6080374717712402,-0.1270075887441635,-0.02915795147418976,0.23808589577674866,0.283721387386322,-0.044689714908599854,0.0827023833990097,0.14118488132953644,-0.056491438299417496,0.0,0.0,-0.0047828578390181065,-0.8209289312362671,0.6979058384895325,-0.4609309732913971,-0.632966160774231,-1.1353579759597778,0.07137633115053177,8.953571319580078,4.279119491577148,-46.40875244140625,-0.6799476146697998,-1.1147680282592773,0.49713122844696045,-0.051973070949316025,0.89872807264328,-0.6109059453010559,-0.047423750162124634,2.0,24.830345153808594,2.125032663345337,23.425201416015625,0.30357420444488525,0.04752929508686066,-0.29590821266174316,-0.06439453363418579,0.0,0.30469265580177307,0.064327672123909,-0.30469265580177307,-0.07302732765674591,0.0,1.3323426246643066,-0.33205553889274597,-9.676417350769043,1.6279220581054688,0.7780216932296753,-8.437954902648926,0.0,0.0,0.0,0.0,0.0,0.0,0.0,0.0,0.0,0.0,0.0,0.0,0.30469411611557007,0.06328882277011871,-0.3046925663948059,-0.07267510890960693,0.04114978387951851,0.5165799260139465,0.07703937590122223,0.49202486872673035,-2.8313539028167725,-9.199177742004395,0.14137975871562958,0.0,0.0,0.0,0.0,0.0,0.0,0.0
50137123796,0,-0.129214346408844,-0.18811367452144623,-0.7995900511741638,6.569455581484362e-05,-0.04113857448101044,-0.8442511558532715,-0.6058444976806641,-0.1219647005200386,-0.027178622782230377,0.258561372756958,0.2939516603946686,-0.044661104679107666,0.06571417301893234,0.150242879986763,-0.06609979271888733,0.0,0.0,-0.0047828578390181065,-0.8431335687637329,0.5763469338417053,-0.461156964302063,-0.5336865186691284,-1.1869815587997437,0.0792483538389206,9.032959938049316,4.354188919067383,-46.168304443359375,-0.6058874130249023,-1.0530073642730713,0.5,-0.04294180870056152,0.9051639437675476,-0.598067581653595,-0.05428670346736908,2.0,24.48679542541504,2.0,23.044795989990234,0.30357420444488525,0.04906250163912773,-0.29590821266174316,-0.06439453363418579,0.0,0.30469265580177307,0.065695621073246,-0.30469265580177307,-0.07387439906597137,0.0,1.3323426246643066,-0.33205553889274597,-9.676417350769043,1.6547273397445679,0.8060632944107056,-8.357769966125488,0.0,0.0,0.0,0.0,0.0,0.0,0.0,0.0,0.0,0.0,0.0,0.0,0.3046925663948059,0.0639248788356781,-0.30469268560409546,-0.07331246137619019,0.04114978387951851,0.5165799260139465,0.07703937590122223,0.49202486872673035,-2.2913687229156494,-9.704100608825684,0.054568707942962646,0.0,0.0,0.0,0.0,0.0,0.0,0.0
50146952130,0,-0.129214346408844,-0.18811367452144623,-0.7995900511741638,6.569455581484362e-05,-0.04113857448101044,-0.8442511558532715,-0.6058444976806641,-0.1219647005200386,-0.027178622782230377,0.258561372756958,0.2939516603946686,-0.044661104679107666,0.06571417301893234,0.150242879986763,-0.06609979271888733,0.0,0.0,-0.0047828578390181065,-0.8621960878372192,0.36806145310401917,-0.45931848883628845,-0.36708229780197144,-1.2364110946655273,0.09232257306575775,9.170961380004883,4.501986503601074,-45.781837463378906,-0.4399801790714264,-0.9181663990020752,0.5,-0.022035999223589897,0.9149227738380432,-0.5756772756576538,-0.06718016415834427,2.0,24.85226058959961,2.0,23.313278198242188,0.30357420444488525,0.05059570446610451,-0.29590821266174316,-0.06439453363418579,0.0,0.30469265580177307,0.06550486385822296,-0.30469265580177307,-0.07189585268497467,0.0,1.5211104154586792,0.006485378835350275,-9.607389450073242,1.6547273397445679,0.8060632944107056,-8.357769966125488,0.0,0.0,0.0,0.0,0.0,0.0,0.0,0.0,0.0,0.0,0.0,0.0,0.3046918511390686,0.06449253857135773,-0.30469274520874023,-0.07359925657510757,0.04114978387951851,0.5106022357940674,0.06127327308058739,0.4853280484676361,-1.2851264476776123,-10.445307731628418,0.0981452539563179,0.0,0.0,0.0,0.0,0.0,0.0,0.0
50157145671,0,-0.13920000195503235,-0.19300521910190582,-0.7995879650115967,6.569455581484362e-05,-0.04113857448101044,-0.8442511558532715,-0.6024343371391296,-0.11513333767652512,-0.025025803595781326,0.27853280305862427,0.30373480916023254,-0.044663190841674805,0.04844554513692856,0.15559545159339905,-0.07600857317447662,0.0,0.0,-0.0047828578390181065,-0.8621960878372192,0.36806145310401917,-0.45931848883628845,-0.36708229780197144,-1.2364110946655273,0.09232257306575775,9.170961380004883,4.501986503601074,-45.781837463378906,-0.4399801790714264,-0.9181663990020752,0.5,-0.022035999223589897,0.9149227738380432,-0.5756772756576538,-0.06718016415834427,2.0,24.85226058959961,2.0,23.313278198242188,0.30357420444488525,0.05059570446610451,-0.29590821266174316,-0.06439453363418579,0.0,0.30469265580177307,0.06550486385822296,-0.30469265580177307,-0.07189585268497467,0.0,1.5211104154586792,0.006485378835350275,-9.607389450073242,1.6785856485366821,0.8294270038604736,-8.290460586547852,0.0,0.0,0.0,0.0,0.0,0.0,0.0,0.0,0.0,0.0,0.0,0.0,0.3046916723251343,0.0649673193693161,-0.30469274520874023,-0.07351726293563843,0.04114978387951851,0.5169606804847717,0.05706628039479256,0.4900566637516022,-1.2851264476776123,-10.445307731628418,0.0981452539563179,0.0,0.0,0.0,0.0,0.0,0.0,0.0
50167912330,0,-0.13920000195503235,-0.19300521910190582,-0.7995879650115967,6.569455581484362e-05,-0.04113857448101044,-0.8442511558532715,-0.6024343371391296,-0.11513333767652512,-0.025025803595781326,0.27853280305862427,0.30373480916023254,-0.044663190841674805,0.04844554513692856,0.15559545159339905,-0.07600857317447662,0.0,0.0,-0.0047828578390181065,-0.8639605045318604,0.1982971578836441,-0.4566378593444824,-0.36708229780197144,-1.2364110946655273,0.09232257306575775,9.170961380004883,4.501986503601074,-45.781837463378906,-0.4399801790714264,-0.9181663990020752,0.5,-0.022035999223589897,0.9149227738380432,-0.5756772756576538,-0.06718016415834427,2.0,24.85226058959961,2.0,23.313278198242188,0.30357420444488525,0.05059570446610451,-0.29744139313697815,-0.06592773646116257,0.0,0.30469265580177307,0.06550486385822296,-0.30469265580177307,-0.07189585268497467,0.0,1.5211104154586792,0.006485378835350275,-9.607389450073242,1.6785856485366821,0.8294270038604736,-8.290460586547852,0.0,0.0,0.0,0.0,0.0,0.0,0.0,0.0,0.0,0.0,0.0,0.0,0.30469179153442383,0.06530001759529114,-0.30469274520874023,-0.07317773997783661,0.04114978387951851,0.5169606804847717,0.05706628039479256,0.4900566637516022,-0.5468420386314392,-10.993729591369629,0.1436707228422165,0.0,0.0,0.0,0.0,0.0,0.0,0.0
50181420645,0,-0.1436949372291565,-0.19528228044509888,-0.799583375453949,6.569455581484362e-05,-0.04113857448101044,-0.8442511558532715,-0.5992204546928406,-0.11166846007108688,-0.02485143579542637,0.28752270340919495,0.30828896164894104,-0.04466778039932251,0.039834123104810715,0.15681199729442596,-0.08105126768350601,0.0,0.0,-0.0047828578390181065,-0.8639605045318604,0.1982971578836441,-0.4566378593444824,-0.30071431398391724,-1.2425451278686523,0.09756247699260712,9.270143508911133,4.620273113250732,-45.4195671081543,-0.35198909044265747,-0.7709299921989441,0.5,-0.00851571373641491,0.9207037091255188,-0.5599749684333801,-0.07727078348398209,2.0,24.390911102294922,2.0,23.033845901489258,0.30357420444488525,0.05059570446610451,-0.29744139313697815,-0.06592773646116257,0.0,0.30469265580177307,0.06707203388214111,-0.30469265580177307,-0.07183582335710526,0.0,1.7318941354751587,0.15596438944339752,-9.685930252075195,1.6854807138442993,0.840049684047699,-8.258103370666504,0.0,0.0,0.0,0.0,0.0,0.0,0.0,0.0,0.0,0.0,0.0,0.0,0.30469202995300293,0.06557373702526093,-0.30469274520874023,-0.07277144491672516,0.04114978387951851,0.508931040763855,0.04114978387951851,0.485135018825531,-0.5468420386314392,-10.993729591369629,0.1436707228422165,0.0,0.0,0.0,0.0,0.0,0.0,0.0
50187171070,0,-0.1436949372291565,-0.19528228044509888,-0.799583375453949,6.569455581484362e-05,-0.04113857448101044,-0.8442511558532715,-0.5992204546928406,-0.11166846007108688,-0.02485143579542637,0.28752270340919495,0.30828896164894104,-0.04466778039932251,0.039834123104810715,0.15681199729442596,-0.08105126768350601,0.0,0.0,-0.0047828578390181065,-0.8514573574066162,0.009757806546986103,-0.45666196942329407,-0.17029525339603424,-1.2323018312454224,0.10832381248474121,9.304336547851562,4.707431793212891,-45.14080047607422,-0.2478424310684204,-0.5846713781356812,0.5,0.011838776059448719,0.9254378080368042,-0.5447108745574951,-0.08855608105659485,2.0,24.50182342529297,2.0,23.395648956298828,0.30357420444488525,0.052128907293081284,-0.29744139313697815,-0.06746093928813934,0.0,0.30469265580177307,0.06690697371959686,-0.30469265580177307,-0.06897275149822235,0.0,1.769161343574524,0.3498234450817108,-9.677997589111328,1.6854807138442993,0.840049684047699,-8.258103370666504,0.0,0.0,0.0,0.0,0.0,0.0,0.0,0.0,0.0,0.0,0.0,0.0,0.30469226837158203,0.06590491533279419,-0.30469274520874023,-0.07226967066526413,0.04114978387951851,0.5108641386032104,0.04114978387951851,0.4915052652359009,0.35667145252227783,-11.267730712890625,0.04565925896167755,0.0,0.0,0.0,0.0,0.0,0.0,0.0
50197365894,0,-0.15577653050422668,-0.20137237012386322,-0.7995898127555847,6.569455581484362e-05,-0.04113857448101044,-0.8442511558532715,-0.5848855376243591,-0.09836365282535553,-0.024858247488737106,0.3116860091686249,0.3204692006111145,-0.04466134309768677,0.01477064099162817,0.15454940497875214,-0.09642714262008667,0.0,0.0,-0.0047828578390181065,-0.8123032450675964,-0.1986669898033142,-0.45634976029396057,-0.17029525339603424,-1.2323018312454224,0.10832381248474121,9.304336547851562,4.707431793212891,-45.14080047607422,-0.2478424310684204,-0.5846713781356812,0.5,0.011838776059448719,0.9254378080368042,-0.5447108745574951,-0.08855608105659485,2.0,24.606111526489258,2.0,24.02483558654785,0.30357420444488525,0.052128907293081284,-0.29744139313697815,-0.06899414211511612,0.0,0.30469265580177307,0.06662298738956451,-0.30469265580177307,-0.06716367602348328,0.0,1.7059550285339355,0.5873623490333557,-9.603988647460938,1.6927076578140259,0.8620254993438721,-8.19235610961914,0.0,0.0,0.0,0.0,0.0,0.0,0.0,0.0,0.0,0.0,0.0,0.0,0.30469250679016113,0.06624721735715866,-0.30469274520874023,-0.07146314531564713,0.04114978387951851,0.5108641386032104,0.04114978387951851,0.4915052652359009,1.6728346347808838,-11.508424758911133,0.03401666134595871,0.0,0.0,0.0,0.0,0.0,0.0,0.0
50207417420,0,-0.16318099200725555,-0.20491692423820496,-0.7996052503585815,6.569455581484362e-05,-0.04113857448101044,-0.8442511558532715,-0.5744203925132751,-0.08884022384881973,-0.02368416264653206,0.3264950215816498,0.32755833864212036,-0.04464590549468994,-0.0007013469585217535,0.1482822149991989,-0.10667174309492111,0.0,0.0,-0.0047828578390181065,-0.8123032450675964,-0.1986669898033142,-0.45634976029396057,-0.048038262873888016,-1.1923798322677612,0.11913427710533142,9.319159507751465,4.7757344245910645,-45.018470764160156,-0.18187499046325684,-0.3486027717590332,0.5,0.03346145153045654,0.9294116497039795,-0.530025839805603,-0.1021886095404625,2.0,24.606111526489258,2.0,24.02483558654785,0.30357420444488525,0.052128907293081284,-0.29744139313697815,-0.06899414211511612,0.0,0.30469265580177307,0.06681008636951447,-0.30469265580177307,-0.06539451330900192,0.0,1.7059550285339355,0.5873623490333557,-9.603988647460938,1.6947113275527954,0.8730983734130859,-8.184706687927246,0.0,0.0,0.0,0.0,0.0,0.0,0.0,0.0,0.0,0.0,0.0,0.0,0.30469268560409546,0.06650663912296295,-0.30469274520874023,-0.0702749639749527,0.04114978387951851,0.512680172920227,0.04114978387951851,0.5025381445884705,1.6728346347808838,-11.508424758911133,0.03401666134595871,0.0,0.0,0.0,0.0,0.0,0.0,0.0
50217480890,0,-0.1667119264602661,-0.2065255045890808,-0.7996101379394531,6.569455581484362e-05,-0.04113857448101044,-0.8442511558532715,-0.5685874223709106,-0.08397672325372696,-0.022803552448749542,0.3335569202899933,0.33077552914619446,-0.04464101791381836,-0.007932866923511028,0.14374122023582458,-0.1117868572473526,0.0,0.0,-0.0047828578390181065,-0.7499869465827942,-0.42836740612983704,-0.460688978433609,-0.048038262873888016,-1.1923798322677612,0.11913427710533142,9.319159507751465,4.7757344245910645,-45.018470764160156,-0.18187499046325684,-0.3486027717590332,0.5,0.03346145153045654,0.9294116497039795,-0.530025839805603,-0.1021886095404625,2.0,24.606111526489258,2.0,24.02483558654785,0.30357420444488525,0.05366211012005806,-0.29744139313697815,-0.06899414211511612,0.0,0.30469265580177307,0.06681008636951447,-0.30469265580177307,-0.06539451330900192,0.0,1.6530122756958008,0.7954276204109192,-9.536140441894531,1.6942508220672607,0.8777819275856018,-8.19194507598877,0.0,0.0,0.0,0.0,0.0,0.0,0.0,0.0,0.0,0.0,0.0,0.0,0.304692804813385,0.06668158620595932,-0.30469274520874023,-0.0688716471195221,0.04114978387951851,0.512680172920227,0.04114978387951851,0.5025381445884705,2.802804946899414,-11.680072784423828,-0.16283902525901794,0.0,0.0,0.0,0.0,0.0,0.0,0.0
50227059014,0,-0.1667119264602661,-0.2065255045890808,-0.7996101379394531,6.569455581484362e-05,-0.04113857448101044,-0.8442511558532715,-0.5685874223709106,-0.08397672325372696,-0.022803552448749542,0.3455093801021576,0.3366449475288391,-0.044631004333496094,-0.007932866923511028,0.14374122023582458,-0.1117868572473526,0.0,0.0,-0.0047828578390181065,-0.7499869465827942,-0.42836740612983704,-0.460688978433609,-0.048038262873888016,-1.1923798322677612,0.11913427710533142,9.319159507751465,4.7757344245910645,-45.018470764160156,-0.18187499046325684,-0.3486027717590332,0.5,0.03346145153045654,0.9294116497039795,-0.530025839805603,-0.1021886095404625,2.0,24.606111526489258,2.0,24.02483558654785,0.30357420444488525,0.05366211012005806,-0.29744139313697815,-0.06899414211511612,0.0,0.30469265580177307,0.06681008636951447,-0.30469265580177307,-0.06539451330900192,0.0,1.580404281616211,0.8721461296081543,-9.501811027526855,1.6878751516342163,0.881618857383728,-8.23322582244873,0.0,0.0,0.0,0.0,0.0,0.0,0.0,0.0,0.0,0.0,0.0,0.0,0.3046928644180298,0.0667913407087326,-0.30469274520874023,-0.06753985583782196,0.04114978387951851,0.512680172920227,0.04114978387951851,0.5025381445884705,2.802804946899414,-11.680072784423828,-0.16283902525901794,0.0,0.0,0.0,0.0,0.0,0.0,0.0
50237545906,0,-0.17268812656402588,-0.20946019887924194,-0.7996201515197754,6.569455581484362e-05,-0.04113857448101044,-0.8442511558532715,-0.5556432604789734,-0.07223257422447205,-0.019969861954450607,0.3455093801021576,0.3366449475288391,-0.044631004333496094,-0.02136153355240822,0.1318548172712326,-0.12189173698425293,0.0,0.0,-0.0047828578390181065,-0.7156449556350708,-0.5300922393798828,-0.4628412127494812,0.14443059265613556,-1.0511704683303833,0.13851630687713623,9.304913520812988,4.839838981628418,-45.14593505859375,-0.13000255823135376,0.08408060669898987,0.5,0.07380711287260056,0.9323248863220215,-0.5153396725654602,-0.12290084362030029,2.0,23.304845809936523,2.0,23.893835067749023,0.30357420444488525,0.05366211012005806,-0.29744139313697815,-0.06899414211511612,0.0,0.30469265580177307,0.07124147564172745,-0.30469265580177307,-0.0627526193857193,0.0,1.580404281616211,0.8721461296081543,-9.501811027526855,1.6878751516342163,0.881618857383728,-8.23322582244873,0.0,0.0,0.0,0.0,0.0,0.0,0.0,0.0,0.0,0.0,0.0,0.0,0.3046928644180298,0.06705320626497269,-0.30469274520874023,-0.06636711210012436,0.04114978387951851,0.512680172920227,0.04114978387951851,0.5025381445884705,3.247307777404785,-11.507676124572754,-0.1939491331577301,0.0,0.0,0.0,0.0,0.0,0.0,0.0
50247206285,0,-0.17268812656402588,-0.20946019887924194,-0.7996201515197754,6.569455581484362e-05,-0.04113857448101044,-0.8442511558532715,-0.5556432604789734,-0.07223257422447205,-0.019969861954450607,0.3455093801021576,0.3366449475288391,-0.044631004333496094,-0.02136153355240822,0.1318548172712326,-0.12189173698425293,0.0,0.0,-0.0047828578390181065,-0.6201267242431641,-0.7506397366523743,-0.46618860960006714,0.14443059265613556,-1.0511704683303833,0.13851630687713623,9.233749389648438,4.845870018005371,-45.64985275268555,-0.09809094667434692,0.46886420249938965,0.5,0.10450217127799988,0.9323248863220215,-0.5153396725654602,-0.12290084362030029,2.0,23.10620880126953,2.0,24.77411651611328,0.30357420444488525,0.055195312947034836,-0.29744139313697815,-0.06899414211511612,0.0,0.30469265580177307,0.07211843878030777,-0.30469265580177307,-0.05806739255785942,0.0,1.4451050758361816,1.0465928316116333,-9.491985321044922,1.6878751516342163,0.881618857383728,-8.23322582244873,0.0,0.0,0.0,0.0,0.0,0.0,0.0,0.0,0.0,0.0,0.0,0.0,0.3046928644180298,0.06779086589813232,-0.30469274520874023,-0.06502911448478699,0.04114978387951851,0.48990848660469055,0.04114978387951851,0.5002458095550537,4.275207996368408,-10.695307731628418,-0.15844333171844482,0.0,0.0,0.0,0.0,0.0,0.0,0.0
50259448704,0,-0.17803315818309784,-0.211884006857872,-0.799595296382904,6.569455581484362e-05,-0.04113857448101044,-0.8442511558532715,-0.5420538187026978,-0.059282463043928146,-0.01666955091059208,0.3561995029449463,0.34149256348609924,-0.04465585947036743,-0.032905738800764084,0.11661181598901749,-0.13172109425067902,0.0,0.0,-0.0047828578390181065,-0.5654465556144714,-0.8552120327949524,-0.4677671492099762,0.2578296661376953,-0.8997493982315063,0.15253736078739166,9.233749389648438,4.845870018005371,-45.64985275268555,-0.09809094667434692,0.46886420249938965,0.5,0.10450217127799988,0.9332952499389648,-0.5110207796096802,-0.13887332379817963,2.0,23.10620880126953,2.0,24.77411651611328,0.30357420444488525,0.055195312947034836,-0.29744139313697815,-0.06899414211511612,0.0,0.30469265580177307,0.07211843878030777,-0.30469265580177307,-0.05806739255785942,0.0,1.4451050758361816,1.0465928316116333,-9.491985321044922,1.678863525390625,0.8810672760009766,-8.299973487854004,0.0,0.0,0.0,0.0,0.0,0.0,0.0,0.0,0.0,0.0,0.0,0.0,0.3046928644180298,0.06891175359487534,-0.30469274520874023,-0.06330257654190063,0.04114978387951851,0.48641082644462585,0.04114978387951851,0.515602707862854,4.735660076141357,-10.333702087402344,-0.15653537213802338,0.0,0.0,0.0,0.0,0.0,0.0,0.0
50267181769,0,-0.1802375465631485,-0.21286502480506897,-0.7995744347572327,6.569455581484362e-05,-0.04113857448101044,-0.8442511558532715,-0.5347487330436707,-0.05276815965771675,-0.014938922598958015,0.36060830950737,0.34345462918281555,-0.04467672109603882,-0.03789152950048447,0.10783589631319046,-0.13651743531227112,0.0,0.0,-0.0047828578390181065,-0.5654465556144714,-0.8552120327949524,-0.4677671492099762,0.30306628346443176,-0.8149906396865845,0.15902459621429443,9.194551467895508,4.837764739990234,-45.88361740112305,-0.11245995759963989,0.654606819152832,0.5,0.11865507066249847,0.9336162209510803,-0.5110483765602112,-0.1469959020614624,2.0,22.85762596130371,2.0,25.139909744262695,0.30357420444488525,0.055195312947034836,-0.29744139313697815,-0.06899414211511612,0.0,0.30469265580177307,0.07309670746326447,-0.30469265580177307,-0.056170687079429626,0.0,1.4451050758361816,1.0465928316116333,-9.491985321044922,1.6717365980148315,0.8795936107635498,-8.342475891113281,0.0,0.0,0.0,0.0,0.0,0.0,0.0,0.0,0.0,0.0,0.0,0.0,0.3046928644180298,0.07009986788034439,-0.30469274520874023,-0.0613999105989933,0.04114978387951851,0.4820254445075989,0.04114978387951851,0.5219518542289734,4.735660076141357,-10.333702087402344,-0.15653537213802338,0.0,0.0,0.0,0.0,0.0,0.0,0.0
50277227203,0,-0.1802375465631485,-0.21286502480506897,-0.7995744347572327,6.569455581484362e-05,-0.04113857448101044,-0.8442511558532715,-0.5347487330436707,-0.05276815965771675,-0.014938922598958015,0.36060830950737,0.34345462918281555,-0.04467672109603882,-0.03789152950048447,0.10783589631319046,-0.13651743531227112,0.0,0.0,-0.0047828578390181065,-0.4611715078353882,-1.0224653482437134,-0.47190970182418823,0.30306628346443176,-0.8149906396865845,0.15902459621429443,9.1502685546875,4.835440635681152,-46.15222930908203,-0.13282006978988647,0.8168237805366516,0.5,0.1317214071750641,0.9336162209510803,-0.5110483765602112,-0.1469959020614624,2.0,22.644865036010742,2.0,25.487285614013672,0.30357420444488525,0.055195312947034836,-0.29744139313697815,-0.06746093928813934,0.0,0.30469265580177307,0.07375677675008774,-0.30469265580177307,-0.054263316094875336,0.0,1.1169142723083496,1.3035093545913696,-9.66225814819336,1.6717365980148315,0.8795936107635498,-8.342475891113281,0.0,0.0,0.0,0.0,0.0,0.0,0.0,0.0,0.0,0.0,0.0,0.0,0.3046928644180298,0.07122251391410828,-0.30469274520874023,-0.059498731046915054,0.04114978387951851,0.4820254445075989,0.04114978387951851,0.5219518542289734,5.500635623931885,-9.565007209777832,-0.20776355266571045,0.0,0.0,0.0,0.0,0.0,0.0,0.0
50287422577,0,-0.1842578649520874,-0.21450816094875336,-0.7995263338088989,6.569455581484362e-05,-0.04113857448101044,-0.8442511558532715,-0.5199646949768066,-0.03890105336904526,-0.013131318613886833,0.3686489760875702,0.3467409014701843,-0.04472482204437256,-0.04685429856181145,0.0861312597990036,-0.14668360352516174,0.0,0.0,-0.0047828578390181065,-0.4611715078353882,-1.0224653482437134,-0.47190970182418823,0.3664921522140503,-0.6522942185401917,0.1704929620027542,9.103403091430664,4.812809944152832,-46.40290451049805,-0.1615278720855713,0.980548083782196,0.5,0.145195871591568,0.9341852068901062,-0.5147268772125244,-0.16131627559661865,2.0,22.47348976135254,2.0,25.90313148498535,0.30357420444488525,0.055195312947034836,-0.29744139313697815,-0.06592773646116257,0.0,0.30469265580177307,0.07459139823913574,-0.30469265580177307,-0.05249391496181488,0.0,1.1169142723083496,1.3035093545913696,-9.66225814819336,1.6551642417907715,0.8750563263893127,-8.436891555786133,0.0,0.0,0.0,0.0,0.0,0.0,0.0,0.0,0.0,0.0,0.0,0.0,0.3046928644180298,0.07225032895803452,-0.30469274520874023,-0.057603996247053146,0.04114978387951851,0.4752306640148163,0.04114978387951851,0.5351393222808838,5.500635623931885,-9.565007209777832,-0.20776355266571045,0.0,0.0,0.0,0.0,0.0,0.0,0.0
50296969633,0,-0.18923638761043549,-0.2158740609884262,-0.7994788289070129,6.569455581484362e-05,-0.04113857448101044,-0.8442511558532715,-0.496534138917923,-0.015719586983323097,-0.013640539720654488,0.37860608100891113,0.3494727313518524,-0.044772326946258545,-0.05429043993353844,0.051154281944036484,-0.16048027575016022,0.0,0.0,-0.0047828578390181065,-0.32010406255722046,-1.1943047046661377,-0.47736722230911255,0.3664921522140503,-0.6522942185401917,0.1704929620027542,8.994070053100586,4.754767894744873,-46.93207550048828,-0.2615087032318115,1.3841180801391602,0.5,0.17783722281455994,0.9341852068901062,-0.5147268772125244,-0.16131627559661865,2.0,21.833532333374023,2.0,26.809751510620117,0.30204102396965027,0.055195312947034836,-0.29744139313697815,-0.06439453363418579,0.0,0.30469265580177307,0.0775788351893425,-0.30469265580177307,-0.04871489852666855,0.0,0.8585145473480225,1.4009554386138916,-9.748027801513672,1.624762773513794,0.8565706014633179,-8.585132598876953,0.0,0.0,0.0,0.0,0.0,0.0,0.0,0.0,0.0,0.0,0.0,0.0,0.3046928644180298,0.07328712195158005,-0.30469274520874023,-0.055636487901210785,0.04114978387951851,0.4752306640148163,0.04114978387951851,0.5351393222808838,6.454136371612549,-8.470300674438477,-0.2465730756521225,0.0,0.0,0.0,0.0,0.0,0.0,0.0
50309607726,0,-0.18923638761043549,-0.2158740609884262,-0.7994788289070129,6.569455581484362e-05,-0.04113857448101044,-0.8442511558532715,-0.496534138917923,-0.015719586983323097,-0.013640539720654488,0.37860608100891113,0.3494727313518524,-0.044772326946258545,-0.05429043993353844,0.051154281944036484,-0.16048027575016022,0.0,0.0,-0.0047828578390181065,-0.32010406255722046,-1.1943047046661377,-0.47736722230911255,0.41837555170059204,-0.4198921024799347,0.18501172959804535,8.994070053100586,4.754767894744873,-46.93207550048828,-0.2615087032318115,1.3841180801391602,0.5,0.17783722281455994,0.9354469776153564,-0.5250024795532227,-0.17858727276325226,2.0,21.833532333374023,2.0,26.809751510620117,0.30204102396965027,0.055195312947034836,-0.29744139313697815,-0.06132812425494194,0.0,0.30469265580177307,0.0775788351893425,-0.30469265580177307,-0.04871489852666855,0.0,0.7270215153694153,1.4192649126052856,-9.742009162902832,1.624762773513794,0.8565706014633179,-8.585132598876953,0.0,0.0,0.0,0.0,0.0,0.0,0.0,0.0,0.0,0.0,0.0,0.0,0.3046928644180298,0.07445114850997925,-0.30469274520874023,-0.05356596037745476,0.05200047791004181,0.4638621509075165,0.04114978387951851,0.550700843334198,6.454136371612549,-8.470300674438477,-0.2465730756521225,0.0,0.0,0.0,0.0,0.0,0.0,0.0
50319023327,0,-0.18923638761043549,-0.2158740609884262,-0.7994788289070129,6.569455581484362e-05,-0.04113857448101044,-0.8442511558532715,-0.496534138917923,-0.015719586983323097,-0.013640539720654488,0.38121503591537476,0.34961023926734924,-0.044768333435058594,-0.05429043993353844,0.051154281944036484,-0.16048027575016022,0.0,0.0,-0.0047828578390181065,-0.24449613690376282,-1.2719398736953735,-0.4808131158351898,0.41837555170059204,-0.4198921024799347,0.18501172959804535,8.936195373535156,4.7111382484436035,-47.218231201171875,-0.3296131491661072,1.565084457397461,0.5,0.19410133361816406,0.9365633130073547,-0.5326687097549438,-0.18750254809856415,2.0,21.564542770385742,2.0,27.304485321044922,0.30204102396965027,0.05672851577401161,-0.29744139313697815,-0.05826171860098839,0.0,0.30469265580177307,0.07913655787706375,-0.30469265580177307,-0.046998731791973114,0.0,0.7270215153694153,1.4192649126052856,-9.742009162902832,1.6130918264389038,0.8472981452941895,-8.644136428833008,0.0,0.0,0.0,0.0,0.0,0.0,0.0,0.0,0.0,0.0,0.0,0.0,0.3046928644180298,0.07567263394594193,-0.30469274520874023,-0.05157332867383957,0.05855199322104454,0.45906516909599304,0.04114978387951851,0.5591459274291992,6.817809104919434,-7.935386657714844,-0.2839800715446472,0.0,0.0,0.0,0.0,0.0,0.0,0.0
50327346120,0,-0.1905408650636673,-0.21594281494617462,-0.7994828224182129,6.569455581484362e-05,-0.04113857448101044,-0.8442511558532715,-0.4885142743587494,-0.0073081026785075665,-0.013790949247777462,0.38121503591537476,0.34961023926734924,-0.044768333435058594,-0.05545443296432495,0.0383535772562027,-0.16501852869987488,0.0,0.0,-0.0047828578390181065,-0.0993255227804184,-1.398310661315918,-0.486257940530777,0.4378867745399475,-0.05052685737609863,0.20566070079803467,8.80565071105957,4.596855163574219,-47.89484405517578,-0.4740152657032013,1.91263747215271,0.5,0.22375625371932983,0.9398143887519836,-0.5513157248497009,-0.20438702404499054,2.0,21.113924026489258,2.0,28.361793518066406,0.30357420444488525,0.05826171860098839,-0.29744139313697815,-0.05672851577401161,0.0,0.30469265580177307,0.08208766579627991,-0.30469265580177307,-0.043904874473810196,0.0,0.5745998620986938,1.432493805885315,-9.729098320007324,1.6130918264389038,0.8472981452941895,-8.644136428833008,0.0,0.0,0.0,0.0,0.0,0.0,0.0,0.0,0.0,0.0,0.0,0.0,0.3046928644180298,0.07697684317827225,-0.30469274520874023,-0.049685634672641754,0.05855199322104454,0.45906516909599304,0.04114978387951851,0.5591459274291992,7.277337074279785,-6.82297945022583,-0.2655024528503418,0.0,0.0,0.0,0.0,0.0,0.0,0.0
50337318468,0,-0.19259585440158844,-0.21523921191692352,-0.7995096445083618,6.569455581484362e-05,-0.04113857448101044,-0.8442511558532715,-0.4722054898738861,0.010808386839926243,-0.013584989123046398,0.38532504439353943,0.34820300340652466,-0.04474151134490967,-0.05567674711346626,0.011355865746736526,-0.17411141097545624,0.0,0.0,-0.0047828578390181065,-0.018138932064175606,-1.4548635482788086,-0.4887009263038635,0.4378867745399475,-0.05052685737609863,0.20566070079803467,8.80565071105957,4.596855163574219,-47.89484405517578,-0.4740152657032013,1.91263747215271,0.5,0.22375625371932983,0.9398143887519836,-0.5513157248497009,-0.20438702404499054,2.0,21.113924026489258,2.0,28.361793518066406,0.30204102396965027,0.05826171860098839,-0.29744139313697815,-0.055195312947034836,0.0,0.30469265580177307,0.08208766579627991,-0.30469265580177307,-0.043904874473810196,0.0,0.37785041332244873,1.4222617149353027,-9.717896461486816,1.5875917673110962,0.8224548101425171,-8.777822494506836,0.0,0.0,0.0,0.0,0.0,0.0,0.0,0.0,0.0,0.0,0.0,0.0,0.3046928644180298,0.07842521369457245,-0.30469274520874023,-0.04783325642347336,0.07253427058458328,0.45100435614585876,0.04114978387951851,0.5770857334136963,7.497517108917236,-6.1115899085998535,-0.24828976392745972,0.0,0.0,0.0,0.0,0.0,0.0,0.0
50347607601,0,-0.19259585440158844,-0.21523921191692352,-0.7995096445083618,6.569455581484362e-05,-0.04113857448101044,-0.8442511558532715,-0.4722054898738861,0.010808386839926243,-0.013584989123046398,0.38532504439353943,0.34820300340652466,-0.04474151134490967,-0.05567674711346626,0.011355865746736526,-0.17411141097545624,0.0,0.0,-0.0047828578390181065,0.06462831795215607,-1.503067135810852,-0.491860032081604,0.4378867745399475,-0.05052685737609863,0.20566070079803467,8.552385330200195,4.371565341949463,-49.08252716064453,-0.668096125125885,2.311979055404663,0.5,0.2581169605255127,0.9455693960189819,-0.5780110955238342,-0.2232045978307724,2.21077561378479,20.138465881347656,2.0,29.19853973388672,0.30204102396965027,0.059794921427965164,-0.29744139313697815,-0.05366211012005806,0.0,0.30469265580177307,0.0874420553445816,-0.30469265580177307,-0.04102657735347748,0.0,0.3616829812526703,1.424159049987793,-9.71143913269043,1.5875917673110962,0.8224548101425171,-8.777822494506836,0.0,0.0,0.0,0.0,0.0,0.0,0.0,0.0,0.0,0.0,0.0,0.0,0.3046928644180298,0.08006036281585693,-0.30469274520874023,-0.04606455937027931,0.07891206443309784,0.43344709277153015,0.04114978387951851,0.5911803841590881,7.683961868286133,-5.356709003448486,-0.27547839283943176,0.0,0.0,0.0,0.0,0.0,0.0,0.0
50357449444,0,-0.19431202113628387,-0.21390244364738464,-0.7995319366455078,6.569455581484362e-05,-0.04113857448101044,-0.8442511558532715,-0.4532497823238373,0.028335977345705032,-0.013050572015345097,0.3887573778629303,0.3455294668674469,-0.04471921920776367,-0.05299423635005951,-0.016892485320568085,-0.1833435446023941,0.0,0.0,-0.0047828578390181065,0.1360711306333542,-1.5373680591583252,-0.4955846667289734,0.4189411997795105,0.17733372747898102,0.21768338978290558,8.449892044067383,4.283648490905762,-49.49571990966797,-0.7615621089935303,2.4689674377441406,0.5,0.27431899309158325,0.9489141702651978,-0.5915038585662842,-0.23147724568843842,2.6150171756744385,20.06208610534668,2.0,29.886310577392578,0.30204102396965027,0.059794921427965164,-0.29744139313697815,-0.052128907293081284,0.0,0.30469265580177307,0.08839914202690125,-0.30469265580177307,-0.039319656789302826,0.0,0.23665942251682281,1.43284010887146,-9.749632835388184,1.5549790859222412,0.7948300242424011,-8.92409610748291,0.0,0.0,0.0,0.0,0.0,0.0,0.0,0.0,0.0,0.0,0.0,0.0,0.3046928644180298,0.08202381432056427,-0.30469274520874023,-0.04431908205151558,0.08771368861198425,0.43206602334976196,0.04114978387951851,0.6026988625526428,7.790863037109375,-4.6786675453186035,-0.3360247313976288,0.0,0.0,0.0,0.0,0.0,0.0,0.0
50367011733,0,-0.1950102299451828,-0.2129921168088913,-0.7995508313179016,6.569455581484362e-05,-0.04113857448101044,-0.8442511558532715,-0.44292548298835754,0.037350449711084366,-0.012859505601227283,0.39015382528305054,0.3437088131904602,-0.04470032453536987,-0.05058598890900612,-0.031418729573488235,-0.1880158632993698,0.0,0.0,-0.0047828578390181065,0.1360711306333542,-1.5373680591583252,-0.4955846667289734,0.4013318419456482,0.29330894351005554,0.22372391819953918,8.449892044067383,4.283648490905762,-49.49571990966797,-0.7615621089935303,2.4689674377441406,0.5,0.27431899309158325,0.9489141702651978,-0.5915038585662842,-0.23147724568843842,2.6150171756744385,20.06208610534668,2.0,29.886310577392578,0.30204102396965027,0.06286133080720901,-0.29744139313697815,-0.05059570446610451,0.0,0.30469265580177307,0.08839914202690125,-0.30469265580177307,-0.039319656789302826,0.0,0.12282121926546097,1.405222773551941,-9.784669876098633,1.536344051361084,0.7788451910018921,-8.999221801757812,0.0,0.0,0.0,0.0,0.0,0.0,0.0,0.0,0.0,0.0,0.0,0.0,0.3046928644180298,0.08412172645330429,-0.30469274520874023,-0.04261684790253639,0.08771368861198425,0.43206602334976196,0.04114978387951851,0.6026988625526428,7.790863037109375,-4.6786675453186035,-0.3360247313976288,0.0,0.0,0.0,0.0,0.0,0.0,0.0
50377064627,0,-0.19668200612068176,-0.20961587131023407,-0.7996051907539368,6.569455581484362e-05,-0.04113857448101044,-0.8442511558532715,-0.4109828770160675,0.06450100988149643,-0.01484906766563654,0.39349737763404846,0.33695629239082336,-0.04464596509933472,-0.039128150790929794,-0.07572580128908157,-0.20250838994979858,0.0,0.0,-0.0047828578390181065,0.2906372845172882,-1.5899169445037842,-0.5031982660293579,0.4013318419456482,0.29330894351005554,0.22372391819953918,8.449892044067383,4.283648490905762,-49.49571990966797,-0.7615621089935303,2.4689674377441406,0.5,0.27431899309158325,0.9489141702651978,-0.5915038585662842,-0.23147724568843842,2.6150171756744385,20.06208610534668,2.0,29.886310577392578,0.30204102396965027,0.06439453363418579,-0.29744139313697815,-0.05059570446610451,0.0,0.30469265580177307,0.08839914202690125,-0.30469265580177307,-0.039319656789302826,0.0,0.12282121926546097,1.405222773551941,-9.784669876098633,1.4765915870666504,0.725616455078125,-9.208561897277832,0.0,0.0,0.0,0.0,0.0,0.0,0.0,0.0,0.0,0.0,0.0,0.0,0.3046928644180298,0.08594279736280441,-0.30469274520874023,-0.04117124527692795,0.08771368861198425,0.43206602334976196,0.04114978387951851,0.6026988625526428,7.8665876388549805,-3.1701269149780273,-0.37208643555641174,0.0,0.0,0.0,0.0,0.0,0.0,0.0
50387654045,0,-0.19668200612068176,-0.20961587131023407,-0.7996051907539368,6.569455581484362e-05,-0.04113857448101044,-0.8442511558532715,-0.4109828770160675,0.06450100988149643,-0.01484906766563654,0.39349737763404846,0.33695629239082336,-0.04464596509933472,-0.039128150790929794,-0.07572580128908157,-0.20250838994979858,0.0,0.0,-0.0047828578390181065,0.2906372845172882,-1.5899169445037842,-0.5031982660293579,0.33411189913749695,0.5891514420509338,0.2387693077325821,8.228792190551758,4.096480369567871,-50.28861618041992,-0.9776719808578491,2.7761952877044678,0.5,0.30780526995658875,0.9582670331001282,-0.6248435974121094,-0.24986769258975983,2.7864224910736084,19.268417358398438,2.0,30.69420051574707,0.30204102396965027,0.06592773646116257,-0.29744139313697815,-0.04752929508686066,0.0,0.30469265580177307,0.0933222770690918,-0.30469265580177307,-0.036706455051898956,0.0,-0.060187168419361115,1.3832746744155884,-9.85046100616455,1.4765915870666504,0.725616455078125,-9.208561897277832,0.0,0.0,0.0,0.0,0.0,0.0,0.0,0.0,0.0,0.0,0.0,0.0,0.3046928644180298,0.08751879632472992,-0.30469274520874023,-0.03999805822968483,0.09143196046352386,0.417660117149353,0.04114978387951851,0.6161537170410156,7.8665876388549805,-3.1701269149780273,-0.37208643555641174,0.0,0.0,0.0,0.0,0.0,0.0,0.0
50397023175,0,-0.19668200612068176,-0.20961587131023407,-0.7996051907539368,6.569455581484362e-05,-0.04113857448101044,-0.8442511558532715,-0.4109828770160675,0.06450100988149643,-0.01484906766563654,0.39349737763404846,0.33695629239082336,-0.04464596509933472,-0.039128150790929794,-0.07572580128908157,-0.20250838994979858,0.0,0.0,-0.0047828578390181065,0.4494772255420685,-1.615026831626892,-0.5114352107048035,0.33411189913749695,0.5891514420509338,0.2387693077325821,8.016484260559082,3.880995273590088,-50.99993896484375,-1.240052342414856,3.125025987625122,0.5,0.3458586037158966,0.9719299077987671,-0.6669206619262695,-0.2704317569732666,3.1847875118255615,18.5892391204834,2.0,31.885103225708008,0.30204102396965027,0.06746093928813934,-0.29744139313697815,-0.04599609225988388,0.0,0.30469265580177307,0.09903891384601593,-0.30469265580177307,-0.03407211974263191,0.0,-0.5156556367874146,1.2737864255905151,-9.992033004760742,1.4765915870666504,0.725616455078125,-9.208561897277832,0.0,0.0,0.0,0.0,0.0,0.0,0.0,0.0,0.0,0.0,0.0,0.0,0.3046928644180298,0.08940139412879944,-0.30469274520874023,-0.038812704384326935,0.10004320740699768,0.40525108575820923,0.04114978387951851,0.6358413696289062,7.612179279327393,-1.5959861278533936,-0.3777426481246948,0.0,0.0,0.0,0.0,0.0,0.0,0.0
50407111954,0,-0.1974751204252243,-0.20660780370235443,-0.7996876239776611,6.569455581484362e-05,-0.04113857448101044,-0.8442511558532715,-0.39114928245544434,0.08353477716445923,-0.018426483497023582,0.39508360624313354,0.3309401273727417,-0.04456353187561035,-0.028121842071413994,-0.10534268617630005,-0.21264228224754333,0.0,0.0,-0.0047828578390181065,0.5261708498001099,-1.6147422790527344,-0.515296995639801,0.2574765384197235,0.8271185755729675,0.25076407194137573,7.916075706481934,3.7613115310668945,-51.328407287597656,-1.369596004486084,3.2579007148742676,0.5,0.3637101650238037,0.9719299077987671,-0.6669206619262695,-0.2704317569732666,2.902315139770508,17.88202667236328,2.0,31.980327606201172,0.30204102396965027,0.06899414211511612,-0.29744139313697815,-0.044462889432907104,0.0,0.30469265580177307,0.10444352775812149,-0.30469265580177307,-0.03357675299048424,0.0,-0.6910502314567566,1.1982005834579468,-10.024889945983887,1.439286470413208,0.6838748455047607,-9.332437515258789,0.0,0.0,0.0,0.0,0.0,0.0,0.0,0.0,0.0,0.0,0.0,0.0,0.3046928644180298,0.09209127724170685,-0.30469274520874023,-0.03745364025235176,0.10004320740699768,0.40525108575820923,0.04114978387951851,0.6358413696289062,7.454829692840576,-0.7951464653015137,-0.3738350570201874,0.0,0.0,0.0,0.0,0.0,0.0,0.0
50417176930,0,-0.19780826568603516,-0.20492644608020782,-0.7997561097145081,6.569455581484362e-05,-0.04113857448101044,-0.8442511558532715,-0.3817160427570343,0.09282654523849487,-0.02077125757932663,0.39574989676475525,0.3275773823261261,-0.04449504613876343,-0.021578216925263405,-0.1199812963604927,-0.21793422102928162,0.0,0.0,-0.0047828578390181065,0.5261708498001099,-1.6147422790527344,-0.515296995639801,0.18691329658031464,1.0036307573318481,0.25976529717445374,7.916075706481934,3.7613115310668945,-51.328407287597656,-1.369596004486084,3.2579007148742676,0.5,0.3637101650238037,0.980212926864624,-0.6900634765625,-0.280913770198822,2.902315139770508,17.88202667236328,2.0,31.980327606201172,0.30204102396965027,0.07206054776906967,-0.29744139313697815,-0.04292968660593033,0.0,0.30469265580177307,0.10444352775812149,-0.30469265580177307,-0.03357675299048424,0.0,-0.6910502314567566,1.1982005834579468,-10.024889945983887,1.4215081930160522,0.6624177694320679,-9.389641761779785,0.0,0.0,0.0,0.0,0.0,0.0,0.0,0.0,0.0,0.0,0.0,0.0,0.3046928644180298,0.0954442024230957,-0.30469274520874023,-0.036092694848775864,0.09394154697656631,0.39224889874458313,0.04114978387951851,0.6374083757400513,7.454829692840576,-0.7951464653015137,-0.3738350570201874,0.0,0.0,0.0,0.0,0.0,0.0,0.0
50427578540,0,-0.19780826568603516,-0.20492644608020782,-0.7997561097145081,6.569455581484362e-05,-0.04113857448101044,-0.8442511558532715,-0.3817160427570343,0.09282654523849487,-0.02077125757932663,0.39574989676475525,0.3275773823261261,-0.04449504613876343,-0.021578216925263405,-0.1199812963604927,-0.21793422102928162,0.0,0.0,-0.0047828578390181065,0.6583083271980286,-1.5919815301895142,-0.5220369696617126,0.18691329658031464,1.0036307573318481,0.25976529717445374,7.632296085357666,3.3965771198272705,-52.348876953125,-1.6483513116836548,3.555891752243042,0.5,0.39990028738975525,0.9985445737838745,-0.7370865345001221,-0.30098167061805725,3.5231082439422607,17.59390640258789,2.0,33.4544792175293,0.30204102396965027,0.07359375059604645,-0.29744139313697815,-0.04292968660593033,0.0,0.30469265580177307,0.11004563421010971,-0.30469265580177307,-0.03177622705698013,0.0,-1.1095885038375854,0.9887869358062744,-9.876458168029785,1.4215081930160522,0.6624177694320679,-9.389641761779785,0.0,0.0,0.0,0.0,0.0,0.0,0.0,0.0,0.0,0.0,0.0,0.0,0.3046928644180298,0.09901227056980133,-0.30469274520874023,-0.03487604111433029,0.10732269287109375,0.38692787289619446,0.04114978387951851,0.6615276336669922,6.918593406677246,0.6803953051567078,-0.3576865494251251,0.0,0.0,0.0,0.0,0.0,0.0,0.0
50437945110,0,-0.19844962656497955,-0.20105740427970886,-0.7999104261398315,6.569455581484362e-05,-0.04113857448101044,-0.8442511558532715,-0.36381441354751587,0.11111927032470703,-0.023259911686182022,0.39703264832496643,0.3198392689228058,-0.04434072971343994,-0.006778931710869074,-0.1486271470785141,-0.22893215715885162,0.0,0.0,-0.0047828578390181065,0.7224940061569214,-1.5684707164764404,-0.5265370607376099,0.07768750190734863,1.2336276769638062,0.2717520594596863,7.545806407928467,3.2663590908050537,-52.70058822631836,-1.780794382095337,3.664109230041504,0.5,0.41909122467041016,1.0099024772644043,-0.7641314268112183,-0.31197601556777954,3.619842290878296,17.36077308654785,2.0,33.95698165893555,0.30204102396965027,0.07512695342302322,-0.29744139313697815,-0.04139648377895355,0.0,0.30469265580177307,0.11363492161035538,-0.30469265580177307,-0.031146764755249023,0.0,-1.1095885038375854,0.9887869358062744,-9.876458168029785,1.3876901865005493,0.6175594925880432,-9.517977714538574,0.0,0.0,0.0,0.0,0.0,0.0,0.0,0.0,0.0,0.0,0.0,0.0,0.3046928644180298,0.10271018743515015,-0.30469274520874023,-0.033759694546461105,0.10732269287109375,0.38692787289619446,0.04114978387951851,0.6615276336669922,6.514949321746826,1.448906660079956,-0.388417512178421,0.0,0.0,0.0,0.0,0.0,0.0,0.0
50449602590,0,-0.19872459769248962,-0.19887273013591766,-0.7999816536903381,6.569455581484362e-05,-0.04113857448101044,-0.8442511558532715,-0.3554489314556122,0.12028916925191879,-0.02421795204281807,0.3975825905799866,0.315469890832901,-0.04426950216293335,0.0014639211585745215,-0.16251806914806366,-0.2347147911787033,0.0,0.0,-0.0047828578390181065,0.7224940061569214,-1.5684707164764404,-0.5265370607376099,0.01675150729715824,1.3459960222244263,0.2777709364891052,7.545806407928467,3.2663590908050537,-52.70058822631836,-1.780794382095337,3.664109230041504,0.5,0.41909122467041016,1.0099024772644043,-0.7641314268112183,-0.31197601556777954,3.619842290878296,17.36077308654785,2.0,33.95698165893555,0.30204102396965027,0.07819335907697678,-0.29744139313697815,-0.039863280951976776,0.0,0.30469265580177307,0.11363492161035538,-0.30469265580177307,-0.031146764755249023,0.0,-1.3854862451553345,0.7262000441551208,-9.773249626159668,1.3719648122787476,0.5938834547996521,-9.581925392150879,0.0,0.0,0.0,0.0,0.0,0.0,0.0,0.0,0.0,0.0,0.0,0.0,0.3046928644180298,0.1063791960477829,-0.30469274520874023,-0.03275753930211067,0.10939864069223404,0.38261181116104126,0.04114978387951851,0.6696914434432983,6.514949321746826,1.448906660079956,-0.388417512178421,0.0,0.0,0.0,0.0,0.0,0.0,0.0
50459698836,0,-0.19872459769248962,-0.19887273013591766,-0.7999816536903381,6.569455581484362e-05,-0.04113857448101044,-0.8442511558532715,-0.3554489314556122,0.12028916925191879,-0.02421795204281807,0.3975825905799866,0.315469890832901,-0.04426950216293335,0.0014639211585745215,-0.16251806914806366,-0.2347147911787033,0.0,0.0,-0.0047828578390181065,0.8266475796699524,-1.5072311162948608,-0.533851146697998,0.01675150729715824,1.3459960222244263,0.2777709364891052,7.545806407928467,3.2663590908050537,-52.70058822631836,-1.780794382095337,3.664109230041504,0.5,0.41909122467041016,1.0099024772644043,-0.7641314268112183,-0.31197601556777954,3.575500011444092,17.0020694732666,2.0,34.27376174926758,0.30204102396965027,0.08125976473093033,-0.29744139313697815,-0.038330078125,0.0,0.30469265580177307,0.11604304611682892,-0.30469265580177307,-0.030858797952532768,0.0,-1.550095558166504,0.6081501245498657,-9.740814208984375,1.3719648122787476,0.5938834547996521,-9.581925392150879,0.0,0.0,0.0,0.0,0.0,0.0,0.0,0.0,0.0,0.0,0.0,0.0,0.3046928644180298,0.10963362455368042,-0.30469274520874023,-0.031954146921634674,0.10939864069223404,0.38261181116104126,0.04114978387951851,0.6696914434432983,5.625683784484863,2.724111795425415,-0.37465572357177734,0.0,0.0,0.0,0.0,0.0,0.0,0.0
50471574619,0,-0.199929878115654,-0.19159634411334991,-0.8002223372459412,6.569455581484362e-05,-0.04113857448101044,-0.8442511558532715,-0.33226415514945984,0.1473255157470703,-0.025452183559536934,0.3999931514263153,0.3009170591831207,-0.04402881860733032,0.029141273349523544,-0.20207807421684265,-0.25307905673980713,0.0,0.0,-0.0047828578390181065,0.8266475796699524,-1.5072311162948608,-0.533851146697998,-0.14916782081127167,1.6132171154022217,0.29276007413864136,7.384134292602539,3.0009078979492188,-53.41610336303711,-2.0311732292175293,3.8588132858276367,0.5,0.45447731018066406,1.0340540409088135,-0.8179851174354553,-0.33302178978919983,3.878277063369751,17.035329818725586,2.0,34.98862075805664,0.30204102396965027,0.08432617038488388,-0.29744139313697815,-0.036796875298023224,0.0,0.30469265580177307,0.12025807797908783,-0.30469265580177307,-0.030177472159266472,0.0,-1.550095558166504,0.6081501245498657,-9.740814208984375,1.3305656909942627,0.5201783776283264,-9.773712158203125,0.0,0.0,0.0,0.0,0.0,0.0,0.0,0.0,0.0,0.0,0.0,0.0,0.3046928644180298,0.11250025779008865,-0.30469274520874023,-0.031338758766651154,0.11493206769227982,0.3765714168548584,0.04114978387951851,0.68636155128479,5.625683784484863,2.724111795425415,-0.37465572357177734,0.0,0.0,0.0,0.0,0.0,0.0,0.0
50480107486,0,-0.20110280811786652,-0.18616774678230286,-0.800366997718811,6.569455581484362e-05,-0.04113857448101044,-0.8442511558532715,-0.31825757026672363,0.16435302793979645,-0.027336476370692253,0.40233904123306274,0.29005980491638184,-0.04388415813446045,0.04960179701447487,-0.2258530855178833,-0.26612919569015503,0.0,0.0,-0.0047828578390181065,0.9121841788291931,-1.4189380407333374,-0.539359986782074,-0.14916782081127167,1.6132171154022217,0.29276007413864136,7.384134292602539,3.0009078979492188,-53.41610336303711,-2.0311732292175293,3.8588132858276367,0.5,0.45447731018066406,1.0340540409088135,-0.8179851174354553,-0.33302178978919983,3.878277063369751,17.035329818725586,2.0,34.98862075805664,0.30204102396965027,0.08739257603883743,-0.29744139313697815,-0.03526367247104645,0.0,0.30469265580177307,0.12025807797908783,-0.30469265580177307,-0.030177472159266472,0.0,-1.550095558166504,0.6081501245498657,-9.740814208984375,1.308806300163269,0.4703509211540222,-9.87971305847168,0.0,0.0,0.0,0.0,0.0,0.0,0.0,0.0,0.0,0.0,0.0,0.0,0.3046928644180298,0.1151471957564354,-0.30469274520874023,-0.030853241682052612,0.11493206769227982,0.3765714168548584,0.04114978387951851,0.68636155128479,4.684412479400635,4.0835957527160645,-0.30679628252983093,0.0,0.0,0.0,0.0,0.0,0.0,0.0
50487374100,0,-0.20110280811786652,-0.18616774678230286,-0.800366997718811,6.569455581484362e-05,-0.04113857448101044,-0.8442511558532715,-0.31825757026672363,0.16435302793979645,-0.027336476370692253,0.40233904123306274,0.29005980491638184,-0.04388415813446045,0.04960179701447487,-0.2258530855178833,-0.26612919569015503,0.0,0.0,-0.0047828578390181065,0.9487622380256653,-1.3630123138427734,-0.5424661636352539,-0.29461321234703064,1.8096922636032104,0.30468398332595825,7.198434829711914,2.5869300365448,-54.33842086791992,-2.4386613368988037,4.126236438751221,0.5,0.5093315839767456,1.0784887075424194,-0.9079593420028687,-0.36646324396133423,4.072282314300537,16.42400360107422,2.0,36.436119079589844,0.30204102396965027,0.09199218451976776,-0.29744139313697815,-0.03373046964406967,0.0,0.30469265580177307,0.13337326049804688,-0.30469265580177307,-0.029557162895798683,0.0,-1.981529951095581,0.18794457614421844,-9.804100036621094,1.308806300163269,0.4703509211540222,-9.87971305847168,0.0,0.0,0.0,0.0,0.0,0.0,0.0,0.0,0.0,0.0,0.0,0.0,0.3046928644180298,0.11799710988998413,-0.30469274520874023,-0.0304611437022686,0.11149036139249802,0.36454513669013977,0.04114978387951851,0.6957504749298096,4.088856220245361,4.6933064460754395,-0.29931649565696716,0.0,0.0,0.0,0.0,0.0,0.0,0.0
50497569771,0,-0.20174206793308258,-0.1833447515964508,-0.8004466891288757,6.569455581484362e-05,-0.04113857448101044,-0.8442511558532715,-0.3115156590938568,0.17207680642604828,-0.028745850548148155,0.4036175608634949,0.28441378474235535,-0.04380446672439575,0.06030697003006935,-0.2369604855775833,-0.2729445993900299,0.0,0.0,-0.0047828578390181065,0.9487622380256653,-1.3630123138427734,-0.5424661636352539,-0.37052181363105774,1.9021977186203003,0.31070080399513245,7.198434829711914,2.5869300365448,-54.33842086791992,-2.4386613368988037,4.126236438751221,0.5,0.5093315839767456,1.0784887075424194,-0.9079593420028687,-0.36646324396133423,4.072282314300537,16.42400360107422,2.0,36.436119079589844,0.30204102396965027,0.09505859017372131,-0.29744139313697815,-0.032197266817092896,0.0,0.30469265580177307,0.13337326049804688,-0.30469265580177307,-0.029557162895798683,0.0,-1.981529951095581,0.18794457614421844,-9.804100036621094,1.2989771366119385,0.44650742411613464,-9.924973487854004,0.0,0.0,0.0,0.0,0.0,0.0,0.0,0.0,0.0,0.0,0.0,0.0,0.3046928644180298,0.12163102626800537,-0.30469274520874023,-0.030130110681056976,0.11907462775707245,0.3651755750179291,0.04114978387951851,0.709551215171814,4.088856220245361,4.6933064460754395,-0.29931649565696716,0.0,0.0,0.0,0.0,0.0,0.0,0.0
50507031591,0,-0.20174206793308258,-0.1833447515964508,-0.8004466891288757,6.569455581484362e-05,-0.04113857448101044,-0.8442511558532715,-0.3115156590938568,0.17207680642604828,-0.028745850548148155,0.4036175608634949,0.28441378474235535,-0.04380446672439575,0.06030697003006935,-0.2369604855775833,-0.2729445993900299,0.0,0.0,-0.0047828578390181065,0.9959530234336853,-1.243681788444519,-0.5477709770202637,-0.37052181363105774,1.9021977186203003,0.31070080399513245,7.099950790405273,2.322136163711548,-54.793479919433594,-2.6625070571899414,4.22949743270874,0.5,0.5444130897521973,1.111881136894226,-0.9702726602554321,-0.3888569474220276,4.06787633895874,16.116962432861328,2.0,37.12285614013672,0.30204102396965027,0.09659180045127869,-0.29744139313697815,-0.032197266817092896,0.0,0.30469265580177307,0.14200256764888763,-0.30469265580177307,-0.029567202553153038,0.0,-2.1974525451660156,-0.05777660012245178,-9.872613906860352,1.2989771366119385,0.44650742411613464,-9.924973487854004,0.0,0.0,0.0,0.0,0.0,0.0,0.0,0.0,0.0,0.0,0.0,0.0,0.3046928644180298,0.1259830892086029,-0.30469274520874023,-0.029862046241760254,0.11898066103458405,0.3594273626804352,0.04114978387951851,0.7204727530479431,2.822133779525757,5.792598724365234,-0.2755206525325775,0.0,0.0,0.0,0.0,0.0,0.0,0.0
50517378665,0,-0.20344512164592743,-0.17741402983665466,-0.800622284412384,6.569455581484362e-05,-0.04113857448101044,-0.8442511558532715,-0.2985082268714905,0.18760545551776886,-0.033242277801036835,0.40702366828918457,0.2725522816181183,-0.04362887144088745,0.08234728872776031,-0.2573310136795044,-0.2869017720222473,0.0,0.0,-0.0047828578390181065,0.9959530234336853,-1.243681788444519,-0.5477709770202637,-0.5264516472816467,2.0734689235687256,0.32263025641441345,7.099950790405273,2.322136163711548,-54.793479919433594,-2.6625070571899414,4.22949743270874,0.5,0.5444130897521973,1.111881136894226,-0.9702726602554321,-0.3888569474220276,4.06787633895874,16.116962432861328,2.0,37.12285614013672,0.30204102396965027,0.09965820610523224,-0.29744139313697815,-0.03066406212747097,0.0,0.30469265580177307,0.14200256764888763,-0.30469265580177307,-0.029567202553153038,0.0,-2.1974525451660156,-0.05777660012245178,-9.872613906860352,1.2842676639556885,0.3979472517967224,-9.995070457458496,0.0,0.0,0.0,0.0,0.0,0.0,0.0,0.0,0.0,0.0,0.0,0.0,0.3046928644180298,0.13068142533302307,-0.30469274520874023,-0.02967534027993679,0.11898066103458405,0.3594273626804352,0.04114978387951851,0.7204727530479431,2.822133779525757,5.792598724365234,-0.2755206525325775,0.0,0.0,0.0,0.0,0.0,0.0,0.0
50528011213,0,-0.20433957874774933,-0.17436407506465912,-0.8007283806800842,6.569455581484362e-05,-0.04113857448101044,-0.8442511558532715,-0.2918228507041931,0.1950945407152176,-0.03637233376502991,0.40881261229515076,0.2664523422718048,-0.043522775173187256,0.09348861128091812,-0.2663814127445221,-0.29400697350502014,0.0,0.0,-0.0047828578390181065,0.9959530234336853,-1.243681788444519,-0.5477709770202637,-0.6450678110122681,2.18733549118042,0.3315408229827881,7.099950790405273,2.322136163711548,-54.793479919433594,-2.6625070571899414,4.22949743270874,0.5,0.5444130897521973,1.111881136894226,-0.9702726602554321,-0.3888569474220276,4.06787633895874,16.116962432861328,2.0,37.12285614013672,0.30204102396965027,0.10272461175918579,-0.29744139313697815,-0.03066406212747097,0.0,0.30469265580177307,0.14200256764888763,-0.30469265580177307,-0.029567202553153038,0.0,-2.1974525451660156,-0.05777660012245178,-9.872613906860352,1.277961254119873,0.37386828660964966,-10.017416000366211,0.0,0.0,0.0,0.0,0.0,0.0,0.0,0.0,0.0,0.0,0.0,0.0,0.3046928644180298,0.1350811868906021,-0.30469274520874023,-0.02956356480717659,0.11898066103458405,0.3594273626804352,0.04114978387951851,0.7204727530479431,2.822133779525757,5.792598724365234,-0.2755206525325775,0.0,0.0,0.0,0.0,0.0,0.0,0.0
50537455165,0,-0.20433957874774933,-0.17436407506465912,-0.8007283806800842,6.569455581484362e-05,-0.04113857448101044,-0.8442511558532715,-0.2918228507041931,0.1950945407152176,-0.03637233376502991,0.4108666479587555,0.26019492745399475,-0.04338085651397705,0.09348861128091812,-0.2663814127445221,-0.29400697350502014,0.0,0.0,-0.0047828578390181065,1.023703694343567,-1.0252348184585571,-0.5562836527824402,-0.6450678110122681,2.18733549118042,0.3315408229827881,6.9880146980285645,1.789505124092102,-55.289466857910156,-3.0093326568603516,4.346099853515625,0.5,0.6020874977111816,1.111881136894226,-0.9702726602554321,-0.3888569474220276,3.331573963165283,15.026254653930664,2.0,37.437889099121094,0.30204102396965027,0.10732422024011612,-0.29744139313697815,-0.03066406212747097,0.0,0.30469265580177307,0.16663938760757446,-0.30469265580177307,-0.031617823988199234,0.0,-2.4325978755950928,-0.3723888397216797,-9.928890228271484,1.2738879919052124,0.3500598669052124,-10.035551071166992,0.0,0.0,0.0,0.0,0.0,0.0,0.0,0.0,0.0,0.0,0.0,0.0,0.3046928644180298,0.13965876400470734,-0.30469274520874023,-0.029603861272335052,0.11898066103458405,0.3594273626804352,0.04114978387951851,0.7204727530479431,1.0489695072174072,7.15564489364624,-0.2813551425933838,0.0,0.0,0.0,0.0,0.0,0.0,0.0
50547769808,0,-0.20653189718723297,-0.16799843311309814,-0.8010501861572266,6.569455581484362e-05,-0.04113857448101044,-0.8442511558532715,-0.279205858707428,0.21023738384246826,-0.04302070289850235,0.41319724917411804,0.2537209987640381,-0.04320096969604492,0.11616839468479156,-0.2825416326522827,-0.3085198700428009,0.0,0.0,-0.0047828578390181065,1.023703694343567,-1.0252348184585571,-0.5562836527824402,-0.8053998351097107,2.321484327316284,0.34345582127571106,6.9880146980285645,1.789505124092102,-55.289466857910156,-3.0093326568603516,4.346099853515625,0.5,0.6020874977111816,1.1697396039962769,-1.0709367990493774,-0.4244692921638489,3.331573963165283,15.026254653930664,2.0,37.437889099121094,0.30204102396965027,0.11192382872104645,-0.29744139313697815,-0.03066406212747097,0.0,0.30469265580177307,0.16663938760757446,-0.30469265580177307,-0.031617823988199234,0.0,-2.4325978755950928,-0.3723888397216797,-9.928890228271484,1.2705481052398682,0.3253645598888397,-10.052630424499512,0.0,0.0,0.0,0.0,0.0,0.0,0.0,0.0,0.0,0.0,0.0,0.0,0.3046928644180298,0.1457521766424179,-0.30469274520874023,-0.02990070916712284,0.10320523381233215,0.338871568441391,0.04114978387951851,0.7254661917686462,1.0489695072174072,7.15564489364624,-0.2813551425933838,0.0,0.0,0.0,0.0,0.0,0.0,0.0
50557336844,0,-0.20653189718723297,-0.16799843311309814,-0.8010501861572266,6.569455581484362e-05,-0.04113857448101044,-0.8442511558532715,-0.279205858707428,0.21023738384246826,-0.04302070289850235,0.4204469621181488,0.2340884655714035,-0.042617619037628174,0.11616839468479156,-0.2825416326522827,-0.3085198700428009,0.0,0.0,-0.0047828578390181065,1.01190185546875,-0.8594185709953308,-0.5594391226768494,-0.8053998351097107,2.321484327316284,0.34345582127571106,6.9880146980285645,1.789505124092102,-55.289466857910156,-3.0093326568603516,4.346099853515625,0.5,0.6020874977111816,1.1697396039962769,-1.0709367990493774,-0.4244692921638489,3.331573963165283,15.026254653930664,2.0,37.437889099121094,0.30204102396965027,0.11652343720197678,-0.29744139313697815,-0.03066406212747097,0.0,0.30469265580177307,0.16663938760757446,-0.30469265580177307,-0.031617823988199234,0.0,-2.473292827606201,-0.6591418981552124,-9.75406551361084,1.2603868246078491,0.26138782501220703,-10.122093200683594,0.0,0.0,0.0,0.0,0.0,0.0,0.0,0.0,0.0,0.0,0.0,0.0,0.3046928644180298,0.15260325372219086,-0.30469274520874023,-0.03036355786025524,0.10320523381233215,0.338871568441391,0.04114978387951851,0.7254661917686462,-0.2557457387447357,7.702489376068115,-0.16888906061649323,0.0,0.0,0.0,0.0,0.0,0.0,0.0
50567370625,0,-0.21015672385692596,-0.15818221867084503,-0.8016335368156433,6.569455581484362e-05,-0.04113857448101044,-0.8442511558532715,-0.2609370946884155,0.22773727774620056,-0.047351252287626266,0.4204469621181488,0.2340884655714035,-0.042617619037628174,0.14981913566589355,-0.30130165815353394,-0.3305014967918396,0.0,0.0,-0.0047828578390181065,0.9963622689247131,-0.7870071530342102,-0.5599081516265869,-1.0022915601730347,2.458055019378662,0.3581998348236084,6.949961185455322,1.5506970882415771,-55.5281867980957,-3.187241554260254,4.359307289123535,0.5,0.637883186340332,1.21450674533844,-1.1438757181167603,-0.4501478374004364,3.055449962615967,14.724514961242676,2.0,37.711116790771484,0.30204102396965027,0.11958984285593033,-0.29744139313697815,-0.03066406212747097,0.0,0.30469265580177307,0.17766426503658295,-0.30469265580177307,-0.032239459455013275,0.0,-2.5137264728546143,-0.8446507453918457,-9.5546236038208,1.2603868246078491,0.26138782501220703,-10.122093200683594,0.0,0.0,0.0,0.0,0.0,0.0,0.0,0.0,0.0,0.0,0.0,0.0,0.3046928644180298,0.15907134115695953,-0.30469274520874023,-0.030851313844323158,0.09725217521190643,0.3331468999385834,0.04114978387951851,0.7297882437705994,-0.8971507549285889,7.854908466339111,-0.1194067969918251,0.0,0.0,0.0,0.0,0.0,0.0,0.0
50577597786,0,-0.21151851117610931,-0.15491828322410583,-0.8018355369567871,6.569455581484362e-05,-0.04113857448101044,-0.8442511558532715,-0.2551570236682892,0.23305997252464294,-0.04717578366398811,0.4231705367565155,0.22756054997444153,-0.042415618896484375,0.16061583161354065,-0.30607035756111145,-0.3377738296985626,0.0,0.0,-0.0047828578390181065,0.9963622689247131,-0.7870071530342102,-0.5599081516265869,-1.0784350633621216,2.5026021003723145,0.364096075296402,6.932127475738525,1.4376330375671387,-55.671512603759766,-3.2623276710510254,4.365131855010986,0.5,0.6532843112945557,1.2346049547195435,-1.1756006479263306,-0.4613024592399597,2.846407413482666,14.50781536102295,2.0,37.73196792602539,0.30204102396965027,0.12418945133686066,-0.29744139313697815,-0.03066406212747097,0.0,0.30469265580177307,0.18387995660305023,-0.30469265580177307,-0.032670557498931885,0.0,-2.538292646408081,-0.9477811455726624,-9.459229469299316,1.2579727172851562,0.24109578132629395,-10.149641990661621,0.0,0.0,0.0,0.0,0.0,0.0,0.0,0.0,0.0,0.0,0.0,0.0,0.3046928644180298,0.165461465716362,-0.30469274520874023,-0.03133855760097504,0.09273151308298111,0.32902541756629944,0.04114978387951851,0.730117678642273,-0.8971507549285889,7.854908466339111,-0.1194067969918251,0.0,0.0,0.0,0.0,0.0,0.0,0.0
50587156707,0,-0.21151851117610931,-0.15491828322410583,-0.8018355369567871,6.569455581484362e-05,-0.04113857448101044,-0.8442511558532715,-0.2551570236682892,0.23305997252464294,-0.04717578366398811,0.4231705367565155,0.22756054997444153,-0.042415618896484375,0.16061583161354065,-0.30607035756111145,-0.3377738296985626,0.0,0.0,-0.0047828578390181065,0.9414869546890259,-0.6130421161651611,-0.5613134503364563,-1.0784350633621216,2.5026021003723145,0.364096075296402,6.913803577423096,1.2213428020477295,-55.98994827270508,-3.4276065826416016,4.356391429901123,0.5,0.6913391351699829,1.283307433128357,-1.2503864765167236,-0.48766574263572693,3.040433883666992,14.777666091918945,2.0,38.46354675292969,0.30204102396965027,0.12878906726837158,-0.29744139313697815,-0.03066406212747097,0.0,0.30469265580177307,0.18815015256404877,-0.30469265580177307,-0.03279362991452217,0.0,-2.583949327468872,-1.1580055952072144,-9.299577713012695,1.2579727172851562,0.24109578132629395,-10.149641990661621,0.0,0.0,0.0,0.0,0.0,0.0,0.0,0.0,0.0,0.0,0.0,0.0,0.3046928644180298,0.17191316187381744,-0.30469274520874023,-0.031809769570827484,0.09692784398794174,0.33415651321411133,0.04114978387951851,0.7416499257087708,-2.2568552494049072,8.16755485534668,-0.08066028356552124,0.0,0.0,0.0,0.0,0.0,0.0,0.0
50598527018,0,-0.21477922797203064,-0.1486053764820099,-0.8021986484527588,6.569455581484362e-05,-0.04113857448101044,-0.8442511558532715,-0.244782492518425,0.2427055388689041,-0.04511202126741409,0.42969200015068054,0.21493467688560486,-0.042052507400512695,0.1813965141773224,-0.31340739130973816,-0.352098673582077,0.0,0.0,-0.0047828578390181065,0.9414869546890259,-0.6130421161651611,-0.5613134503364563,-1.225380778312683,2.5746383666992188,0.37584227323532104,6.913803577423096,1.2213428020477295,-55.98994827270508,-3.4276065826416016,4.356391429901123,0.5,0.6913391351699829,1.283307433128357,-1.2503864765167236,-0.48766574263572693,3.040433883666992,14.777666091918945,2.0,38.46354675292969,0.30204102396965027,0.1333886682987213,-0.29744139313697815,-0.03066406212747097,0.0,0.30469265580177307,0.18815015256404877,-0.30469265580177307,-0.03279362991452217,0.0,-2.583949327468872,-1.1580055952072144,-9.299577713012695,1.2568438053131104,0.20412088930606842,-10.209439277648926,0.0,0.0,0.0,0.0,0.0,0.0,0.0,0.0,0.0,0.0,0.0,0.0,0.3046928644180298,0.17788535356521606,-0.30469274520874023,-0.03221738710999489,0.09692784398794174,0.33415651321411133,0.04114978387951851,0.7416499257087708,-2.2568552494049072,8.16755485534668,-0.08066028356552124,0.0,0.0,0.0,0.0,0.0,0.0,0.0
50607464461,0,-0.21477922797203064,-0.1486053764820099,-0.8021986484527588,6.569455581484362e-05,-0.04113857448101044,-0.8442511558532715,-0.244782492518425,0.2427055388689041,-0.04511202126741409,0.42969200015068054,0.21493467688560486,-0.042052507400512695,0.1813965141773224,-0.31340739130973816,-0.352098673582077,0.0,0.0,-0.0047828578390181065,0.8652856945991516,-0.45494401454925537,-0.5617446899414062,-1.225380778312683,2.5746383666992188,0.37584227323532104,6.912735462188721,1.0324499607086182,-56.30031204223633,-3.5224661827087402,4.319453239440918,0.5,0.7249312400817871,1.3304837942123413,-1.3206439018249512,-0.5126246809959412,2.942645788192749,14.818547248840332,2.0,38.66239547729492,0.30204102396965027,0.13798828423023224,-0.29744139313697815,-0.03066406212747097,0.0,0.30469265580177307,0.19469906389713287,-0.30469265580177307,-0.033398520201444626,0.0,-2.5919504165649414,-1.296977162361145,-9.259177207946777,1.2568438053131104,0.20412088930606842,-10.209439277648926,0.0,0.0,0.0,0.0,0.0,0.0,0.0,0.0,0.0,0.0,0.0,0.0,0.3046928644180298,0.18301880359649658,-0.30469274520874023,-0.032552096992731094,0.09481412917375565,0.33493271470069885,0.04224207252264023,0.7447748184204102,-3.5149173736572266,8.112460136413574,-0.02661789022386074,0.0,0.0,0.0,0.0,0.0,0.0,0.0
50617333894,0,-0.21835944056510925,-0.14226634800434113,-0.802505373954773,6.569455581484362e-05,-0.04113857448101044,-0.8442511558532715,-0.23538020253181458,0.2502642273902893,-0.04313315823674202,0.43685245513916016,0.20225656032562256,-0.041745781898498535,0.2006135880947113,-0.31798848509788513,-0.3660655915737152,0.0,0.0,-0.0047828578390181065,0.8208475708961487,-0.3820975422859192,-0.5611526966094971,-1.3618459701538086,2.6249897480010986,0.387642502784729,6.912735462188721,1.0324499607086182,-56.30031204223633,-3.5224661827087402,4.319453239440918,0.5,0.7249312400817871,1.3304837942123413,-1.3206439018249512,-0.5126246809959412,2.942645788192749,14.818547248840332,2.0,38.66239547729492,0.30204102396965027,0.14412109553813934,-0.29744139313697815,-0.03066406212747097,0.0,0.30469265580177307,0.19469906389713287,-0.30469265580177307,-0.033398520201444626,0.0,-2.6082513332366943,-1.6193920373916626,-9.279983520507812,1.2592839002609253,0.17244823276996613,-10.256536483764648,0.0,0.0,0.0,0.0,0.0,0.0,0.0,0.0,0.0,0.0,0.0,0.0,0.3046928644180298,0.18739670515060425,-0.30469274520874023,-0.032844994217157364,0.09481412917375565,0.33493271470069885,0.04224207252264023,0.7447748184204102,-4.1388468742370605,8.109235763549805,0.01399347372353077,0.0,0.0,0.0,0.0,0.0,0.0,0.0
50627018250,0,-0.2202255129814148,-0.1390594244003296,-0.8026635050773621,6.569455581484362e-05,-0.04113857448101044,-0.8442511558532715,-0.2306572049856186,0.25313591957092285,-0.04258127883076668,0.44058462977409363,0.1958426833152771,-0.041587650775909424,0.20943856239318848,-0.3192126750946045,-0.37285172939300537,0.0,0.0,-0.0047828578390181065,0.8208475708961487,-0.3820975422859192,-0.5611526966094971,-1.4248545169830322,2.6416141986846924,0.39357662200927734,6.926061630249023,0.9484652876853943,-56.41094970703125,-3.556837797164917,4.295574188232422,0.5,0.7400810718536377,1.3525242805480957,-1.3529548645019531,-0.5241739749908447,2.427182912826538,14.372633934020996,2.0,38.23265075683594,0.30204102396965027,0.15178710222244263,-0.29744139313697815,-0.032197266817092896,0.0,0.30469265580177307,0.20443429052829742,-0.30469265580177307,-0.03424346074461937,0.0,-2.6082513332366943,-1.6193920373916626,-9.279983520507812,1.261217474937439,0.15872961282730103,-10.271612167358398,0.0,0.0,0.0,0.0,0.0,0.0,0.0,0.0,0.0,0.0,0.0,0.0,0.3046928644180298,0.19134637713432312,-0.30469274520874023,-0.03313016518950462,0.0836295485496521,0.32644984126091003,0.04114978387951851,0.7380163669586182,-4.1388468742370605,8.109235763549805,0.01399347372353077,0.0,0.0,0.0,0.0,0.0,0.0,0.0
50636999464,0,-0.2202255129814148,-0.1390594244003296,-0.8026635050773621,6.569455581484362e-05,-0.04113857448101044,-0.8442511558532715,-0.2306572049856186,0.25313591957092285,-0.04258127883076668,0.44058462977409363,0.1958426833152771,-0.041587650775909424,0.20943856239318848,-0.3192126750946045,-0.37285172939300537,0.0,0.0,-0.0047828578390181065,0.6989032030105591,-0.2099532186985016,-0.5580499172210693,-1.4248545169830322,2.6416141986846924,0.39357662200927734,6.956244945526123,0.8094239830970764,-56.5594596862793,-3.589210033416748,4.2148756980896,0.5,0.7729754447937012,1.3525242805480957,-1.3529548645019531,-0.5241739749908447,2.5231857299804688,14.762005805969238,2.0,38.44841003417969,0.30204102396965027,0.15638671815395355,-0.29744139313697815,-0.03373046964406967,0.0,0.30469265580177307,0.2055785357952118,-0.30469265580177307,-0.03467776998877525,0.0,-2.6074697971343994,-1.7976762056350708,-9.296164512634277,1.261217474937439,0.15872961282730103,-10.271612167358398,0.0,0.0,0.0,0.0,0.0,0.0,0.0,0.0,0.0,0.0,0.0,0.0,0.3046928644180298,0.1953076273202896,-0.30469274520874023,-0.03345690667629242,0.0836295485496521,0.32644984126091003,0.04114978387951851,0.7380163669586182,-5.4439826011657715,8.176309585571289,0.12112531065940857,0.0,0.0,0.0,0.0,0.0,0.0,0.0
50647244697,0,-0.2244597226381302,-0.1326993852853775,-0.8029527068138123,6.569455581484362e-05,-0.04113857448101044,-0.8442511558532715,-0.2218487709760666,0.2576656937599182,-0.04224856197834015,0.4490530788898468,0.18312254548072815,-0.04129844903945923,0.22539834678173065,-0.3195641040802002,-0.38590145111083984,0.0,0.0,-0.0047828578390181065,0.6308163404464722,-0.12633438408374786,-0.5553901195526123,-1.565778374671936,2.6583571434020996,0.4084334671497345,6.956244945526123,0.8094239830970764,-56.5594596862793,-3.589210033416748,4.2148756980896,0.5,0.7729754447937012,1.404929757118225,-1.428851842880249,-0.5515538454055786,2.5231857299804688,14.762005805969238,2.0,38.44841003417969,0.30204102396965027,0.16251952946186066,-0.29744139313697815,-0.03526367247104645,0.0,0.30469265580177307,0.2055785357952118,-0.30469265580177307,-0.03467776998877525,0.0,-2.6074697971343994,-1.7976762056350708,-9.296164512634277,1.2690460681915283,0.13574281334877014,-10.290410995483398,0.0,0.0,0.0,0.0,0.0,0.0,0.0,0.0,0.0,0.0,0.0,0.0,0.3046928644180298,0.19909830391407013,-0.30469274520874023,-0.03382284566760063,0.08571816235780716,0.33385908603668213,0.04542319104075432,0.7414120435714722,-5.9590606689453125,8.064857482910156,0.1880277842283249,0.0,0.0,0.0,0.0,0.0,0.0,0.0
50656967117,0,-0.22938726842403412,-0.12670618295669556,-0.8032403588294983,6.569455581484362e-05,-0.04113857448101044,-0.8442511558532715,-0.2135995328426361,0.26114121079444885,-0.041860394179821014,0.45890823006629944,0.17113608121871948,-0.04101079702377319,0.23876655101776123,-0.317331999540329,-0.39818495512008667,0.0,0.0,-0.0047828578390181065,0.6308163404464722,-0.12633438408374786,-0.5553901195526123,-1.6376298666000366,2.6526284217834473,0.4174032211303711,7.010572910308838,0.693437397480011,-56.632503509521484,-3.6173341274261475,4.167834281921387,0.5,0.7907229661941528,1.4311113357543945,-1.4663960933685303,-0.5652546882629395,2.8697357177734375,15.29272747039795,2.0,38.90740203857422,0.30204102396965027,0.16711914539337158,-0.29744139313697815,-0.03526367247104645,0.0,0.30469265580177307,0.20365296304225922,-0.30469265580177307,-0.03532101586461067,0.0,-2.5692434310913086,-1.9211674928665161,-9.27783203125,1.2808340787887573,0.11839209496974945,-10.30248737335205,0.0,0.0,0.0,0.0,0.0,0.0,0.0,0.0,0.0,0.0,0.0,0.0,0.3046928644180298,0.20206958055496216,-0.30469274520874023,-0.03419024869799614,0.09323645383119583,0.34391337633132935,0.05859220027923584,0.7486193180084229,-5.9590606689453125,8.064857482910156,0.1880277842283249,0.0,0.0,0.0,0.0,0.0,0.0,0.0
50667318342,0,-0.22938726842403412,-0.12670618295669556,-0.8032403588294983,6.569455581484362e-05,-0.04113857448101044,-0.8442511558532715,-0.2135995328426361,0.26114121079444885,-0.041860394179821014,0.45890823006629944,0.17113608121871948,-0.04101079702377319,0.23876655101776123,-0.317331999540329,-0.39818495512008667,0.0,0.0,-0.0047828578390181065,0.5039354562759399,0.011382056400179863,-0.551928699016571,-1.6376298666000366,2.6526284217834473,0.4174032211303711,7.010572910308838,0.693437397480011,-56.632503509521484,-3.6173341274261475,4.167834281921387,0.5,0.7907229661941528,1.4311113357543945,-1.4663960933685303,-0.5652546882629395,2.8697357177734375,15.29272747039795,2.0,38.90740203857422,0.30204102396965027,0.1717187464237213,-0.29744139313697815,-0.03526367247104645,0.0,0.30469265580177307,0.20365296304225922,-0.30469265580177307,-0.03532101586461067,0.0,-2.4635255336761475,-2.038038492202759,-9.206642150878906,1.2808340787887573,0.11839209496974945,-10.30248737335205,0.0,0.0,0.0,0.0,0.0,0.0,0.0,0.0,0.0,0.0,0.0,0.0,0.3046928644180298,0.2039119005203247,-0.30469274520874023,-0.03454992547631264,0.09323645383119583,0.34391337633132935,0.05859220027923584,0.7486193180084229,-6.738250255584717,7.764627933502197,0.1866091638803482,0.0,0.0,0.0,0.0,0.0,0.0,0.0
50677348370,0,-0.2345847189426422,-0.12097194790840149,-0.8035262227058411,6.569455581484362e-05,-0.04113857448101044,-0.8442511558532715,-0.20530965924263,0.26352521777153015,-0.040260955691337585,0.4693031907081604,0.15966755151748657,-0.04072493314743042,0.2494039535522461,-0.31266143918037415,-0.40979811549186707,0.0,0.0,-0.0047828578390181065,0.5039354562759399,0.011382056400179863,-0.551928699016571,-1.7173386812210083,2.626878261566162,0.42959412932395935,7.076818466186523,0.6105897426605225,-56.69573211669922,-3.6123952865600586,4.076813220977783,0.5,0.8209818601608276,1.4761290550231934,-1.5306386947631836,-0.5889858603477478,2.418976306915283,15.15864372253418,2.0,38.43421936035156,0.30204102396965027,0.17785155773162842,-0.29744139313697815,-0.03526367247104645,0.0,0.30469265580177307,0.21125200390815735,-0.30469265580177307,-0.036272164434194565,0.0,-2.4635255336761475,-2.038038492202759,-9.206642150878906,1.2932052612304688,0.1052144318819046,-10.313041687011719,0.0,0.0,0.0,0.0,0.0,0.0,0.0,0.0,0.0,0.0,0.0,0.0,0.3046928644180298,0.2051207572221756,-0.30469274520874023,-0.03491298109292984,0.08345094323158264,0.3413780629634857,0.05505742132663727,0.7411888241767883,-6.738250255584717,7.764627933502197,0.1866091638803482,0.0,0.0,0.0,0.0,0.0,0.0,0.0
50687233339,0,-0.2345847189426422,-0.12097194790840149,-0.8035262227058411,6.569455581484362e-05,-0.04113857448101044,-0.8442511558532715,-0.20530965924263,0.26352521777153015,-0.040260955691337585,0.4693031907081604,0.15966755151748657,-0.04072493314743042,0.2494039535522461,-0.31266143918037415,-0.40979811549186707,0.0,0.0,-0.0047828578390181065,0.33795198798179626,0.16392697393894196,-0.5450512766838074,-1.7173386812210083,2.626878261566162,0.42959412932395935,7.152210712432861,0.5586649179458618,-56.75536346435547,-3.565274477005005,3.948847770690918,0.5,0.853947639465332,1.4761290550231934,-1.5306386947631836,-0.5889858603477478,2.111208438873291,15.287015914916992,2.0,37.981178283691406,0.30204102396965027,0.18245117366313934,-0.29744139313697815,-0.03373046964406967,0.0,0.30469265580177307,0.21486139297485352,-0.30469265580177307,-0.036946851760149,0.0,-2.389911413192749,-2.133739471435547,-9.158863067626953,1.2932052612304688,0.1052144318819046,-10.313041687011719,0.0,0.0,0.0,0.0,0.0,0.0,0.0,0.0,0.0,0.0,0.0,0.0,0.3046928644180298,0.2066626101732254,-0.30469274520874023,-0.03532958775758743,0.08345094323158264,0.3413780629634857,0.05505742132663727,0.7411888241767883,-7.663240909576416,7.35443115234375,0.30636516213417053,0.0,0.0,0.0,0.0,0.0,0.0,0.0
50697129981,0,-0.24011489748954773,-0.11560756713151932,-0.8038023710250854,6.569455581484362e-05,-0.04113857448101044,-0.8442511558532715,-0.19776016473770142,0.26416680216789246,-0.038074199110269547,0.4803636074066162,0.14893873035907745,-0.040448784828186035,0.2569008469581604,-0.30576449632644653,-0.4204487204551697,0.0,0.0,-0.0047828578390181065,0.24755176901817322,0.23542344570159912,-0.5403735637664795,-1.7759398221969604,2.581671953201294,0.44177883863449097,7.152210712432861,0.5586649179458618,-56.75536346435547,-3.565274477005005,3.948847770690918,0.5,0.853947639465332,1.52801513671875,-1.604647159576416,-0.616888701915741,2.4982876777648926,15.89706039428711,2.0,38.23887252807617,0.30204102396965027,0.18398436903953552,-0.29744139313697815,-0.03526367247104645,0.0,0.30469265580177307,0.20649436116218567,-0.30469265580177307,-0.03669775277376175,0.0,-2.389911413192749,-2.133739471435547,-9.158863067626953,1.3073420524597168,0.09845651686191559,-10.320886611938477,0.0,0.0,0.0,0.0,0.0,0.0,0.0,0.0,0.0,0.0,0.0,0.0,0.3046928644180298,0.20838132500648499,-0.30469274520874023,-0.03579029068350792,0.07673726230859756,0.3438054323196411,0.05425369739532471,0.7340525388717651,-8.129331588745117,7.084390640258789,0.3713095784187317,0.0,0.0,0.0,0.0,0.0,0.0,0.0
50707467475,0,-0.24296513199806213,-0.11307714879512787,-0.8039284348487854,6.569455581484362e-05,-0.04113857448101044,-0.8442511558532715,-0.19393126666545868,0.26350462436676025,-0.03693404048681259,0.4860641062259674,0.14387786388397217,-0.040322721004486084,0.2593514621257782,-0.30161526799201965,-0.4254169166088104,0.0,0.0,-0.0047828578390181065,0.24755176901817322,0.23542344570159912,-0.5403735637664795,-1.796290397644043,2.5526726245880127,0.44787609577178955,7.190381050109863,0.541510820388794,-56.76487731933594,-3.5161051750183105,3.887726068496704,0.5,0.8684167861938477,1.5535564422607422,-1.6413207054138184,-0.630942702293396,2.4982876777648926,15.89706039428711,2.0,38.23887252807617,0.30204102396965027,0.18858398497104645,-0.29744139313697815,-0.03526367247104645,0.0,0.30469265580177307,0.20876280963420868,-0.30469265580177307,-0.03679806739091873,0.0,-2.2935163974761963,-2.200547695159912,-9.186563491821289,1.3140606880187988,0.09797336161136627,-10.322197914123535,0.0,0.0,0.0,0.0,0.0,0.0,0.0,0.0,0.0,0.0,0.0,0.0,0.3046928644180298,0.20936903357505798,-0.30469274520874023,-0.03620044142007828,0.08517678827047348,0.3553001284599304,0.06375797092914581,0.7381145358085632,-8.129331588745117,7.084390640258789,0.3713095784187317,0.0,0.0,0.0,0.0,0.0,0.0,0.0
50717113718,0,-0.24296513199806213,-0.11307714879512787,-0.8039284348487854,6.569455581484362e-05,-0.04113857448101044,-0.8442511558532715,-0.19393126666545868,0.26350462436676025,-0.03693404048681259,0.4860641062259674,0.14387786388397217,-0.040322721004486084,0.2593514621257782,-0.30161526799201965,-0.4254169166088104,0.0,0.0,-0.0047828578390181065,0.072673000395298,0.35701772570610046,-0.5329245924949646,-1.796290397644043,2.5526726245880127,0.44787609577178955,7.264621734619141,0.5343150496482849,-56.747833251953125,-3.405021905899048,3.7688512802124023,0.5,0.8980851173400879,1.5535564422607422,-1.6413207054138184,-0.630942702293396,2.2246015071868896,16.02273178100586,2.0,37.608489990234375,0.30204102396965027,0.19011718034744263,-0.29744139313697815,-0.03526367247104645,0.0,0.30469265580177307,0.2109958827495575,-0.30469265580177307,-0.037323206663131714,0.0,-2.1639039516448975,-2.220484972000122,-9.192764282226562,1.3140606880187988,0.09797336161136627,-10.322197914123535,0.0,0.0,0.0,0.0,0.0,0.0,0.0,0.0,0.0,0.0,0.0,0.0,0.3046928644180298,0.20974129438400269,-0.30469274520874023,-0.03653203323483467,0.08517678827047348,0.3553001284599304,0.06375797092914581,0.7381145358085632,-8.745925903320312,6.4234514236450195,0.3767380714416504,0.0,0.0,0.0,0.0,0.0,0.0,0.0
50727564118,0,-0.24862314760684967,-0.10817904025316238,-0.804122269153595,6.569455581484362e-05,-0.04113857448101044,-0.8442511558532715,-0.18589851260185242,0.2623142600059509,-0.03493088111281395,0.49738019704818726,0.13408160209655762,-0.040128886699676514,0.2618589699268341,-0.29193630814552307,-0.4348642826080322,0.0,0.0,-0.0047828578390181065,0.072673000395298,0.35701772570610046,-0.5329245924949646,-1.8204846382141113,2.4821410179138184,0.4602859616279602,7.264621734619141,0.5343150496482849,-56.747833251953125,-3.405021905899048,3.7688512802124023,0.5,0.8980851173400879,1.5993235111236572,-1.7079623937606812,-0.6569445729255676,2.2246015071868896,16.02273178100586,2.0,37.608489990234375,0.30204102396965027,0.19318360090255737,-0.29744139313697815,-0.03526367247104645,0.0,0.30469265580177307,0.2109958827495575,-0.30469265580177307,-0.037323206663131714,0.0,-2.0695042610168457,-2.256941795349121,-9.172496795654297,1.327507495880127,0.09832781553268433,-10.31413459777832,0.0,0.0,0.0,0.0,0.0,0.0,0.0,0.0,0.0,0.0,0.0,0.0,0.3046928644180298,0.21005287766456604,-0.30469274520874023,-0.03681688383221626,0.07921396195888519,0.3576597571372986,0.05841803923249245,0.7281657457351685,-8.745925903320312,6.4234514236450195,0.3767380714416504,0.0,0.0,0.0,0.0,0.0,0.0,0.0
50736988898,0,-0.2572114169597626,-0.10152137279510498,-0.8043254613876343,6.569455581484362e-05,-0.04113857448101044,-0.8442511558532715,-0.1727493554353714,0.25779399275779724,-0.030495647341012955,0.5145567655563354,0.12076620012521744,-0.03992569446563721,0.25934040546417236,-0.2744601368904114,-0.44757917523384094,0.0,0.0,-0.0047828578390181065,-0.12061072885990143,0.47342225909233093,-0.5241541266441345,-1.8204846382141113,2.4821410179138184,0.4602859616279602,7.264621734619141,0.5343150496482849,-56.747833251953125,-3.405021905899048,3.7688512802124023,0.5,0.8980851173400879,1.5993235111236572,-1.7079623937606812,-0.6569445729255676,2.2246015071868896,16.02273178100586,2.0,37.608489990234375,0.30204102396965027,0.19471679627895355,-0.29744139313697815,-0.036796875298023224,0.0,0.30469265580177307,0.2109958827495575,-0.30469265580177307,-0.037323206663131714,0.0,-2.0695042610168457,-2.256941795349121,-9.172496795654297,1.3437316417694092,0.10738047957420349,-10.295193672180176,0.0,0.0,0.0,0.0,0.0,0.0,0.0,0.0,0.0,0.0,0.0,0.0,0.3046928644180298,0.21038010716438293,-0.30469274520874023,-0.037050407379865646,0.07921396195888519,0.3576597571372986,0.05841803923249245,0.7281657457351685,-9.091373443603516,5.726289749145508,0.41072720289230347,0.0,0.0,0.0,0.0,0.0,0.0,0.0
50747139334,0,-0.2572114169597626,-0.10152137279510498,-0.8043254613876343,6.569455581484362e-05,-0.04113857448101044,-0.8442511558532715,-0.1727493554353714,0.25779399275779724,-0.030495647341012955,0.5145567655563354,0.12076620012521744,-0.03992569446563721,0.25934040546417236,-0.2744601368904114,-0.44757917523384094,0.0,0.0,-0.0047828578390181065,-0.12061072885990143,0.47342225909233093,-0.5241541266441345,-1.81265127658844,2.3482539653778076,0.4790404736995697,7.362464904785156,0.5682366490364075,-56.66041946411133,-3.2524561882019043,3.6202611923217773,0.5,0.9310810565948486,1.6462318897247314,-1.7782703638076782,-0.6851314902305603,2.400383710861206,16.698301315307617,2.0,37.32756805419922,0.30204102396965027,0.19625000655651093,-0.29744139313697815,-0.038330078125,0.0,0.30469265580177307,0.20591408014297485,-0.30469265580177307,-0.03724856302142143,0.0,-1.9568872451782227,-2.2792956829071045,-9.190991401672363,1.3437316417694092,0.10738047957420349,-10.295193672180176,0.0,0.0,0.0,0.0,0.0,0.0,0.0,0.0,0.0,0.0,0.0,0.0,0.3046928644180298,0.21042022109031677,-0.30469274520874023,-0.03721214830875397,0.08304596692323685,0.3702969253063202,0.062223389744758606,0.7237187623977661,-9.091373443603516,5.726289749145508,0.41072720289230347,0.0,0.0,0.0,0.0,0.0,0.0,0.0
50757097715,0,-0.2600325644016266,-0.09948628395795822,-0.8043745756149292,6.569455581484362e-05,-0.04113857448101044,-0.8442511558532715,-0.1683715134859085,0.2557514011859894,-0.02884821780025959,0.5201991200447083,0.11669600009918213,-0.039876580238342285,0.2568226158618927,-0.26798468828201294,-0.45148420333862305,0.0,0.0,-0.0047828578390181065,-0.20437739789485931,0.5184277296066284,-0.5198668837547302,-1.7979919910430908,2.2971599102020264,0.48533302545547485,7.390523910522461,0.590592622756958,-56.623565673828125,-3.175356388092041,3.558417797088623,0.5,0.9443906545639038,1.6653916835784912,-1.8078224658966064,-0.6972404718399048,2.0,16.36223602294922,2.0,36.543697357177734,0.30204102396965027,0.19625000655651093,-0.29744139313697815,-0.038330078125,0.0,0.30469265580177307,0.21123623847961426,-0.30469265580177307,-0.037707000970840454,0.0,-1.8871879577636719,-2.2648980617523193,-9.192323684692383,1.3485265970230103,0.1124972403049469,-10.286211013793945,0.0,0.0,0.0,0.0,0.0,0.0,0.0,0.0,0.0,0.0,0.0,0.0,0.3046928644180298,0.21008840203285217,-0.30469274520874023,-0.0373230017721653,0.08304596692323685,0.3702969253063202,0.062223389744758606,0.7237187623977661,-9.186667442321777,5.407097339630127,0.4399415850639343,0.0,0.0,0.0,0.0,0.0,0.0,0.0
50767046548,0,-0.2600325644016266,-0.09948628395795822,-0.8043745756149292,6.569455581484362e-05,-0.04113857448101044,-0.8442511558532715,-0.1683715134859085,0.2557514011859894,-0.02884821780025959,0.5201991200447083,0.11669600009918213,-0.039876580238342285,0.2568226158618927,-0.26798468828201294,-0.45148420333862305,0.0,0.0,-0.0047828578390181065,-0.39869654178619385,0.6136054396629333,-0.5109095573425293,-1.7979919910430908,2.2971599102020264,0.48533302545547485,7.440847396850586,0.6481339931488037,-56.50691604614258,-2.968319892883301,3.4007515907287598,0.5,0.9779636859893799,1.7075380086898804,-1.8752676248550415,-0.7255640029907227,2.0,16.873188018798828,2.0,35.899688720703125,0.30204102396965027,0.19625000655651093,-0.29744139313697815,-0.039863280951976776,0.0,0.30469265580177307,0.20680207014083862,-0.30469265580177307,-0.0372953899204731,0.0,-1.7476211786270142,-2.19433856010437,-9.277701377868652,1.3485265970230103,0.1124972403049469,-10.286211013793945,0.0,0.0,0.0,0.0,0.0,0.0,0.0,0.0,0.0,0.0,0.0,0.0,0.3046928644180298,0.20968694984912872,-0.30469274520874023,-0.037408243864774704,0.07171322405338287,0.3640204071998596,0.049691274762153625,0.7112655639648438,-9.229734420776367,4.700725078582764,0.4312553405761719,0.0,0.0,0.0,0.0,0.0,0.0,0.0
50776911907,0,-0.2655263841152191,-0.0956057608127594,-0.8044207096099854,6.569455581484362e-05,-0.04113857448101044,-0.8442511558532715,-0.15913090109825134,0.251309871673584,-0.026059182360768318,0.5311868190765381,0.1089349165558815,-0.03983044624328613,0.2494647204875946,-0.25415152311325073,-0.45894959568977356,0.0,0.0,-0.0047828578390181065,-0.39869654178619385,0.6136054396629333,-0.5109095573425293,-1.751775860786438,2.186096668243408,0.49804016947746277,7.440847396850586,0.6481339931488037,-56.50691604614258,-2.968319892883301,3.4007515907287598,0.5,0.9779636859893799,1.7075380086898804,-1.8752676248550415,-0.7255640029907227,2.0,16.873188018798828,2.0,35.899688720703125,0.30204102396965027,0.19625000655651093,-0.29744139313697815,-0.038330078125,0.0,0.30469265580177307,0.20680207014083862,-0.30469265580177307,-0.0372953899204731,0.0,-1.7476211786270142,-2.19433856010437,-9.277701377868652,1.3567885160446167,0.12459786236286163,-10.25719928741455,0.0,0.0,0.0,0.0,0.0,0.0,0.0,0.0,0.0,0.0,0.0,0.0,0.3046928644180298,0.20916174352169037,-0.30469274520874023,-0.03744833171367645,0.0716010332107544,0.37355512380599976,0.0462355799973011,0.7009842395782471,-9.229734420776367,4.700725078582764,0.4312553405761719,0.0,0.0,0.0,0.0,0.0,0.0,0.0
50787999986,0,-0.2655263841152191,-0.0956057608127594,-0.8044207096099854,6.569455581484362e-05,-0.04113857448101044,-0.8442511558532715,-0.15913090109825134,0.251309871673584,-0.026059182360768318,0.541922390460968,0.10173094272613525,-0.03979647159576416,0.2494647204875946,-0.25415152311325073,-0.45894959568977356,0.0,0.0,-0.0047828578390181065,-0.5772272348403931,0.6824138164520264,-0.503663182258606,-1.6528167724609375,2.0240068435668945,0.5151126384735107,7.482073783874512,0.7300615906715393,-56.29033279418945,-2.7490108013153076,3.271247386932373,0.5,1.0098097324371338,1.74313485622406,-1.9360649585723877,-0.7520483136177063,2.3625895977020264,17.786176681518555,2.0,35.729366302490234,0.30204102396965027,0.19625000655651093,-0.29744139313697815,-0.038330078125,0.0,0.30469265580177307,0.19720403850078583,-0.30469265580177307,-0.03610076382756233,0.0,-1.7476211786270142,-2.19433856010437,-9.277701377868652,1.3640555143356323,0.1429826319217682,-10.205204010009766,0.0,0.0,0.0,0.0,0.0,0.0,0.0,0.0,0.0,0.0,0.0,0.0,0.3046928644180298,0.208025261759758,-0.30469274520874023,-0.03738471493124962,0.08222291618585587,0.3904801905155182,0.05074535310268402,0.698257565498352,-9.17284870147705,3.8024227619171143,0.3872443437576294,0.0,0.0,0.0,0.0,0.0,0.0,0.0
50798196733,0,-0.2708941400051117,-0.09200379252433777,-0.8044546842575073,6.569455581484362e-05,-0.04113857448101044,-0.8442511558532715,-0.14964990317821503,0.24556876718997955,-0.024935388937592506,0.541922390460968,0.10173094272613525,-0.03979647159576416,0.2378947138786316,-0.23826774954795837,-0.46653199195861816,0.0,0.0,-0.0047828578390181065,-0.6724867224693298,0.7117433547973633,-0.4992296099662781,-1.6528167724609375,2.0240068435668945,0.5151126384735107,7.513182640075684,0.8428620100021362,-55.9600715637207,-2.6020331382751465,3.183506965637207,0.5,1.0278055667877197,1.760542869567871,-1.967787504196167,-0.7662683129310608,2.4009182453155518,18.101980209350586,2.0,35.31853103637695,0.30204102396965027,0.19625000655651093,-0.29744139313697815,-0.038330078125,0.0,0.30469265580177307,0.1931949108839035,-0.30469265580177307,-0.03514838591217995,0.0,-1.491628646850586,-2.1376171112060547,-9.481866836547852,1.3640555143356323,0.1429826319217682,-10.205204010009766,0.0,0.0,0.0,0.0,0.0,0.0,0.0,0.0,0.0,0.0,0.0,0.0,0.3046928644180298,0.20572736859321594,-0.30469274520874023,-0.03712767735123634,0.08305774629116058,0.3963017165660858,0.04740184172987938,0.6916672587394714,-9.116744995117188,3.3029794692993164,0.40432605147361755,0.0,0.0,0.0,0.0,0.0,0.0,0.0
50807814833,0,-0.27351218461990356,-0.0904201939702034,-0.8044732213020325,6.569455581484362e-05,-0.04113857448101044,-0.8442511558532715,-0.1445043683052063,0.24221539497375488,-0.024933334439992905,0.5471584796905518,0.09856373071670532,-0.039777934551239014,0.23130574822425842,-0.23071445524692535,-0.46997079253196716,0.0,0.0,-0.0047828578390181065,-0.6724867224693298,0.7117433547973633,-0.4992296099662781,-1.6051443815231323,1.960492730140686,0.5215445756912231,7.513182640075684,0.8428620100021362,-55.9600715637207,-2.6020331382751465,3.183506965637207,0.5,1.0278055667877197,1.760542869567871,-1.967787504196167,-0.7662683129310608,2.4009182453155518,18.101980209350586,2.0,35.31853103637695,0.30204102396965027,0.19625000655651093,-0.29744139313697815,-0.038330078125,0.0,0.30469265580177307,0.1931949108839035,-0.30469265580177307,-0.03514838591217995,0.0,-1.491628646850586,-2.1376171112060547,-9.481866836547852,1.3660331964492798,0.1532476395368576,-10.174558639526367,0.0,0.0,0.0,0.0,0.0,0.0,0.0,0.0,0.0,0.0,0.0,0.0,0.3046928644180298,0.202469602227211,-0.30469274520874023,-0.036679964512586594,0.08305774629116058,0.3963017165660858,0.04740184172987938,0.6916672587394714,-9.116744995117188,3.3029794692993164,0.40432605147361755,0.0,0.0,0.0,0.0,0.0,0.0,0.0
50817603725,0,-0.27351218461990356,-0.0904201939702034,-0.8044732213020325,6.569455581484362e-05,-0.04113857448101044,-0.8442511558532715,-0.1445043683052063,0.24221539497375488,-0.024933334439992905,0.5471584796905518,0.09856373071670532,-0.039777934551239014,0.23130574822425842,-0.23071445524692535,-0.46997079253196716,0.0,0.0,-0.0047828578390181065,-0.8401870131492615,0.7578176259994507,-0.4883800148963928,-1.6051443815231323,1.960492730140686,0.5215445756912231,7.518356800079346,0.9588854312896729,-55.558956146240234,-2.356563091278076,3.0693607330322266,0.5,1.0548888444900513,1.760542869567871,-1.967787504196167,-0.7662683129310608,2.4782278537750244,18.531192779541016,2.0,34.632137298583984,0.30204102396965027,0.19625000655651093,-0.29744139313697815,-0.038330078125,0.0,0.30469265580177307,0.18812981247901917,-0.30469265580177307,-0.03386247530579567,0.0,-1.232546329498291,-1.946683645248413,-9.632593154907227,1.3660331964492798,0.1532476395368576,-10.174558639526367,0.0,0.0,0.0,0.0,0.0,0.0,0.0,0.0,0.0,0.0,0.0,0.0,0.3046928644180298,0.1989222764968872,-0.30469274520874023,-0.036117833107709885,0.08305774629116058,0.3963017165660858,0.04740184172987938,0.6916672587394714,-8.698793411254883,2.6033291816711426,0.5073951482772827,0.0,0.0,0.0,0.0,0.0,0.0,0.0
50827409278,0,-0.2785407602787018,-0.08749843388795853,-0.8045067191123962,6.569455581484362e-05,-0.04113857448101044,-0.8442511558532715,-0.13311555981636047,0.23532165586948395,-0.025618670508265495,0.557215690612793,0.09272018074989319,-0.039744436740875244,0.21597756445407867,-0.2151668220758438,-0.4766370952129364,0.0,0.0,-0.0047828578390181065,-0.8401870131492615,0.7578176259994507,-0.4883800148963928,-1.4939745664596558,1.8276751041412354,0.5343812108039856,7.518356800079346,0.9588854312896729,-55.558956146240234,-2.356563091278076,3.0693607330322266,0.5,1.0548888444900513,1.7897634506225586,-2.02553653717041,-0.7928919196128845,2.4782278537750244,18.531192779541016,2.0,34.632137298583984,0.30204102396965027,0.19625000655651093,-0.29744139313697815,-0.038330078125,0.0,0.30469265580177307,0.18812981247901917,-0.30469265580177307,-0.03386247530579567,0.0,-1.232546329498291,-1.946683645248413,-9.632593154907227,1.3669739961624146,0.1743428111076355,-10.101628303527832,0.0,0.0,0.0,0.0,0.0,0.0,0.0,0.0,0.0,0.0,0.0,0.0,0.3046928644180298,0.1954197883605957,-0.30469274520874023,-0.035484518855810165,0.08474049717187881,0.40418699383735657,0.04114978387951851,0.6806148290634155,-8.698793411254883,2.6033291816711426,0.5073951482772827,0.0,0.0,0.0,0.0,0.0,0.0,0.0
50837101149,0,-0.2833024859428406,-0.0852496474981308,-0.8045670986175537,6.569455581484362e-05,-0.04113857448101044,-0.8442511558532715,-0.12095391750335693,0.22711287438869476,-0.026156429201364517,0.5667392015457153,0.08822258561849594,-0.03968405723571777,0.19828678667545319,-0.19947196543216705,-0.4831683933734894,0.0,0.0,-0.0047828578390181065,-0.923308253288269,0.7758814096450806,-0.4829695522785187,-1.3980333805084229,1.7261762619018555,0.5440160632133484,7.509320259094238,1.0246086120605469,-55.35581970214844,-2.228309154510498,3.018230676651001,0.5,1.069861888885498,1.7897634506225586,-2.02553653717041,-0.7928919196128845,2.549224376678467,18.760629653930664,2.0,34.305294036865234,0.30204102396965027,0.19625000655651093,-0.29744139313697815,-0.039863280951976776,0.0,0.30469265580177307,0.1852511763572693,-0.30469265580177307,-0.03293963521718979,0.0,-1.0922818183898926,-1.8280881643295288,-9.647469520568848,1.3627914190292358,0.19897133111953735,-10.025601387023926,0.0,0.0,0.0,0.0,0.0,0.0,0.0,0.0,0.0,0.0,0.0,0.0,0.3046928644180298,0.19221921265125275,-0.30469274520874023,-0.03483116254210472,0.08474049717187881,0.40418699383735657,0.04114978387951851,0.6806148290634155,-8.300847053527832,2.162010669708252,0.5111277103424072,0.0,0.0,0.0,0.0,0.0,0.0,0.0
50847422042,0,-0.2833024859428406,-0.0852496474981308,-0.8045670986175537,6.569455581484362e-05,-0.04113857448101044,-0.8442511558532715,-0.12095391750335693,0.22711287438869476,-0.026156429201364517,0.5667392015457153,0.08822258561849594,-0.03968405723571777,0.19828678667545319,-0.19947196543216705,-0.4831683933734894,0.0,0.0,-0.0047828578390181065,-1.0629326105117798,0.793174684047699,-0.4745451807975769,-1.3980333805084229,1.7261762619018555,0.5440160632133484,7.469862461090088,1.1665889024734497,-54.934226989746094,-1.943049430847168,2.8949689865112305,0.5,1.1028770208358765,1.8258360624313354,-2.1101205348968506,-0.8338784575462341,2.6994924545288086,19.293777465820312,2.0,33.5710334777832,0.30204102396965027,0.19625000655651093,-0.29744139313697815,-0.038330078125,0.0,0.30469265580177307,0.17858648300170898,-0.30469265580177307,-0.030679043382406235,0.0,-0.848739743232727,-1.6432331800460815,-9.668309211730957,1.3627914190292358,0.19897133111953735,-10.025601387023926,0.0,0.0,0.0,0.0,0.0,0.0,0.0,0.0,0.0,0.0,0.0,0.0,0.3046928644180298,0.18918465077877045,-0.30469274520874023,-0.03409907966852188,0.08954727649688721,0.41812196373939514,0.04114978387951851,0.6634236574172974,-7.438607215881348,1.1966382265090942,0.44972285628318787,0.0,0.0,0.0,0.0,0.0,0.0,0.0
50860120913,0,-0.28761589527130127,-0.08338208496570587,-0.8046340346336365,6.569455581484362e-05,-0.04113857448101044,-0.8442511558532715,-0.1073957234621048,0.21744604408740997,-0.02591620944440365,0.5753660202026367,0.0844874456524849,-0.03961712121963501,0.17832423746585846,-0.18389025330543518,-0.489749938249588,0.0,0.0,-0.0047828578390181065,-1.1317678689956665,0.795137345790863,-0.47069430351257324,-1.2545320987701416,1.5899895429611206,0.556782603263855,7.469862461090088,1.1665889024734497,-54.934226989746094,-1.943049430847168,2.8949689865112305,0.5,1.1028770208358765,1.8258360624313354,-2.1101205348968506,-0.8338784575462341,2.7992963790893555,19.505876541137695,2.0,33.25692367553711,0.30204102396965027,0.19471679627895355,-0.29744139313697815,-0.038330078125,0.0,0.30469265580177307,0.17662407457828522,-0.30469265580177307,-0.03096887841820717,0.0,-0.7293046116828918,-1.5114418268203735,-9.700372695922852,1.3517005443572998,0.225087508559227,-9.949552536010742,0.0,0.0,0.0,0.0,0.0,0.0,0.0,0.0,0.0,0.0,0.0,0.0,0.3046928644180298,0.18595349788665771,-0.30469274520874023,-0.03322559595108032,0.08954727649688721,0.41812196373939514,0.04114978387951851,0.6634236574172974,-7.000304698944092,0.7010744214057922,0.4079834520816803,0.0,0.0,0.0,0.0,0.0,0.0,0.0
50867403460,0,-0.28761589527130127,-0.08338208496570587,-0.8046340346336365,6.569455581484362e-05,-0.04113857448101044,-0.8442511558532715,-0.1073957234621048,0.21744604408740997,-0.02591620944440365,0.5832804441452026,0.08107922971248627,-0.03955638408660889,0.17832423746585846,-0.18389025330543518,-0.489749938249588,0.0,0.0,-0.0047828578390181065,-1.1864057779312134,0.7943482995033264,-0.46770498156547546,-1.2545320987701416,1.5899895429611206,0.556782603263855,7.39102029800415,1.3042436838150024,-54.499874114990234,-1.943049430847168,2.8949689865112305,0.5,1.1028770208358765,1.8258360624313354,-2.1101205348968506,-0.8338784575462341,2.905681848526001,19.737594604492188,2.0,32.98067092895508,0.30204102396965027,0.19318360090255737,-0.29744139313697815,-0.039863280951976776,0.0,0.30469265580177307,0.17059263586997986,-0.30469265580177307,-0.028906434774398804,0.0,-0.6139563322067261,-1.409204125404358,-9.722350120544434,1.3347229957580566,0.2490243762731552,-9.868675231933594,0.0,0.0,0.0,0.0,0.0,0.0,0.0,0.0,0.0,0.0,0.0,0.0,0.3046928644180298,0.1824551224708557,-0.30469274520874023,-0.032271064817905426,0.08954727649688721,0.41812196373939514,0.04114978387951851,0.6634236574172974,-6.585639953613281,0.3551531434059143,0.37267035245895386,0.0,0.0,0.0,0.0,0.0,0.0,0.0
50877018121,0,-0.29157307744026184,-0.08167798817157745,-0.8046947717666626,6.569455581484362e-05,-0.04113857448101044,-0.8442511558532715,-0.09183693677186966,0.207659050822258,-0.02540615200996399,0.5832804441452026,0.08107922971248627,-0.03955638408660889,0.156354159116745,-0.16857273876667023,-0.4964665472507477,0.0,0.0,-0.0047828578390181065,-1.2442446947097778,0.7888542413711548,-0.46481508016586304,-0.9659959077835083,1.3533085584640503,0.5790077447891235,7.340976715087891,1.3696340322494507,-54.277713775634766,-1.5558222532272339,2.7888545989990234,0.5,1.1524673700332642,1.8508657217025757,-2.1901538372039795,-0.8752201795578003,2.980689764022827,19.899394989013672,2.0,32.64809036254883,0.30204102396965027,0.191650390625,-0.29744139313697815,-0.038330078125,0.0,0.30469265580177307,0.16985949873924255,-0.30469265580177307,-0.026298779994249344,0.0,-0.6139563322067261,-1.409204125404358,-9.722350120544434,1.3347229957580566,0.2490243762731552,-9.868675231933594,0.0,0.0,0.0,0.0,0.0,0.0,0.0,0.0,0.0,0.0,0.0,0.0,0.3046928644180298,0.17879004776477814,-0.30469274520874023,-0.031155599281191826,0.09401440620422363,0.42618826031684875,0.04114978387951851,0.6538031697273254,-6.045992851257324,-0.0820307657122612,0.32407599687576294,0.0,0.0,0.0,0.0,0.0,0.0,0.0
50887096839,0,-0.29157307744026184,-0.08167798817157745,-0.8046947717666626,6.569455581484362e-05,-0.04113857448101044,-0.8442511558532715,-0.09183693677186966,0.207659050822258,-0.02540615200996399,0.586912989616394,0.07968387007713318,-0.03952479362487793,0.156354159116745,-0.16857273876667023,-0.4964665472507477,0.0,0.0,-0.0047828578390181065,-1.2442446947097778,0.7888542413711548,-0.46481508016586304,-0.9659959077835083,1.3533085584640503,0.5790077447891235,7.340976715087891,1.3696340322494507,-54.277713775634766,-1.5558222532272339,2.7888545989990234,0.5,1.1524673700332642,1.8508657217025757,-2.1901538372039795,-0.8752201795578003,2.980689764022827,19.899394989013672,2.0,32.64809036254883,0.30204102396965027,0.19011718034744263,-0.29744139313697815,-0.038330078125,0.0,0.30469265580177307,0.16985949873924255,-0.30469265580177307,-0.026298779994249344,0.0,-0.6139563322067261,-1.409204125404358,-9.722350120544434,1.323943018913269,0.2600405812263489,-9.825516700744629,0.0,0.0,0.0,0.0,0.0,0.0,0.0,0.0,0.0,0.0,0.0,0.0,0.3046928644180298,0.1753734052181244,-0.30469274520874023,-0.02983107976615429,0.09563672542572021,0.4291212856769562,0.04114978387951851,0.6483655571937561,-6.045992851257324,-0.0820307657122612,0.32407599687576294,0.0,0.0,0.0,0.0,0.0,0.0,0.0
50897088314,0,-0.29338935017585754,-0.08098030835390091,-0.8047263622283936,6.569455581484362e-05,-0.04113857448101044,-0.8442511558532715,-0.08328922837972641,0.20291657745838165,-0.025262365117669106,0.586912989616394,0.07968387007713318,-0.03952479362487793,0.14478479325771332,-0.1611112803220749,-0.4999246597290039,0.0,0.0,-0.0047828578390181065,-1.3281548023223877,0.7625746130943298,-0.4610060453414917,-0.9659959077835083,1.3533085584640503,0.5790077447891235,7.1239495277404785,1.5366082191467285,-53.52146530151367,-1.5558222532272339,2.7888545989990234,0.5,1.1524673700332642,1.8508657217025757,-2.1901538372039795,-0.8752201795578003,3.06941294670105,20.205156326293945,2.0,31.85959243774414,0.30204102396965027,0.18705077469348907,-0.29744139313697815,-0.036796875298023224,0.0,0.30469265580177307,0.16045403480529785,-0.30469265580177307,-0.0226871520280838,0.0,-0.2958608865737915,-0.9027698636054993,-9.92573356628418,1.323943018913269,0.2600405812263489,-9.825516700744629,0.0,0.0,0.0,0.0,0.0,0.0,0.0,0.0,0.0,0.0,0.0,0.0,0.3046928644180298,0.1722416877746582,-0.30469274520874023,-0.02836124785244465,0.09563672542572021,0.4291212856769562,0.04114978387951851,0.6483655571937561,-4.715139865875244,-1.0449227094650269,0.23060528934001923,0.0,0.0,0.0,0.0,0.0,0.0,0.0
50907048783,0,-0.2961154580116272,-0.08000741899013519,-0.8047327995300293,6.569455581484362e-05,-0.04113857448101044,-0.8442511558532715,-0.06451548635959625,0.19360534846782684,-0.02570868842303753,0.5923652648925781,0.07773807644844055,-0.03951835632324219,0.1208658516407013,-0.1468362957239151,-0.507098376750946,0.0,0.0,-0.0047828578390181065,-1.3281548023223877,0.7625746130943298,-0.4610060453414917,-0.7871512174606323,1.2250826358795166,0.5915818214416504,7.1239495277404785,1.5366082191467285,-53.52146530151367,-1.2730016708374023,2.7127785682678223,0.5,1.1894779205322266,1.861156702041626,-2.239821434020996,-0.9023430347442627,3.06941294670105,20.205156326293945,2.0,31.85959243774414,0.30204102396965027,0.1855175793170929,-0.29744139313697815,-0.03526367247104645,0.0,0.30469265580177307,0.16247127950191498,-0.30469265580177307,-0.021424157544970512,0.0,-0.2958608865737915,-0.9027698636054993,-9.92573356628418,1.2952635288238525,0.2793833017349243,-9.731175422668457,0.0,0.0,0.0,0.0,0.0,0.0,0.0,0.0,0.0,0.0,0.0,0.0,0.3046928644180298,0.16905327141284943,-0.30469274520874023,-0.02669968642294407,0.09755362570285797,0.4346522390842438,0.04114978387951851,0.6354215741157532,-4.715139865875244,-1.0449227094650269,0.23060528934001923,0.0,0.0,0.0,0.0,0.0,0.0,0.0
50917106618,0,-0.29881998896598816,-0.07881173491477966,-0.8047530651092529,6.569455581484362e-05,-0.04113857448101044,-0.8442511558532715,-0.03383344039320946,0.1795872151851654,-0.0281288493424654,0.5977743268013,0.0753467008471489,-0.039498090744018555,0.08357637375593185,-0.12721022963523865,-0.5184391140937805,0.0,0.0,-0.0047828578390181065,-1.3872120380401611,0.7189504504203796,-0.45791521668434143,-0.7871512174606323,1.2250826358795166,0.5915818214416504,6.937917709350586,1.628463864326477,-52.96662139892578,-1.2730016708374023,2.7127785682678223,0.5,1.1894779205322266,1.861156702041626,-2.239821434020996,-0.9023430347442627,3.4157025814056396,20.589136123657227,2.0,31.5122013092041,0.30204102396965027,0.18245117366313934,-0.29744139313697815,-0.03373046964406967,0.0,0.30469265580177307,0.15458381175994873,-0.30469265580177307,-0.018541965633630753,0.0,-0.2958608865737915,-0.9027698636054993,-9.92573356628418,1.2414722442626953,0.30194222927093506,-9.578168869018555,0.0,0.0,0.0,0.0,0.0,0.0,0.0,0.0,0.0,0.0,0.0,0.0,0.3046928644180298,0.16581366956233978,-0.30469274520874023,-0.02483433485031128,0.09755362570285797,0.4346522390842438,0.04114978387951851,0.6354215741157532,-3.211463689804077,-1.8523025512695312,0.1658252775669098,0.0,0.0,0.0,0.0,0.0,0.0,0.0
50927073464,0,-0.29881998896598816,-0.07881173491477966,-0.8047530651092529,6.569455581484362e-05,-0.04113857448101044,-0.8442511558532715,-0.03383344039320946,0.1795872151851654,-0.0281288493424654,0.5977743268013,0.0753467008471489,-0.039498090744018555,0.08357637375593185,-0.12721022963523865,-0.5184391140937805,0.0,0.0,-0.0047828578390181065,-1.4032350778579712,0.697146475315094,-0.4567210078239441,-0.5541357398033142,1.0733016729354858,0.6071859002113342,6.937917709350586,1.628463864326477,-52.96662139892578,-1.0489237308502197,2.6938819885253906,0.5,1.2268011569976807,1.867311954498291,-2.2917640209198,-0.9319709539413452,3.4157025814056396,20.589136123657227,2.0,31.5122013092041,0.30204102396965027,0.18091796338558197,-0.29744139313697815,-0.032197266817092896,0.0,0.30469265580177307,0.15657831728458405,-0.30469265580177307,-0.017254352569580078,0.0,-0.09337670356035233,-0.5364932417869568,-9.987738609313965,1.2414722442626953,0.30194222927093506,-9.578168869018555,0.0,0.0,0.0,0.0,0.0,0.0,0.0,0.0,0.0,0.0,0.0,0.0,0.3046928644180298,0.16260403394699097,-0.30469274520874023,-0.02282937802374363,0.10501504689455032,0.44157716631889343,0.04114978387951851,0.6296952962875366,-2.5844554901123047,-2.1021735668182373,0.15152010321617126,0.0,0.0,0.0,0.0,0.0,0.0,0.0
50938584810,0,-0.2993604242801666,-0.07848495244979858,-0.8047671318054199,6.569455581484362e-05,-0.04113857448101044,-0.8442511558532715,-0.02250361256301403,0.17515349388122559,-0.02892185188829899,0.598855197429657,0.07469312846660614,-0.03948402404785156,0.07094720751047134,-0.12118230760097504,-0.5223919153213501,0.0,0.0,-0.0047828578390181065,-1.4032350778579712,0.697146475315094,-0.4567210078239441,-0.4591211974620819,1.0158140659332275,0.6133694052696228,6.828097343444824,1.660682201385498,-52.679927825927734,-0.945335865020752,2.681138038635254,0.5,1.243544340133667,1.8684453964233398,-2.3135297298431396,-0.9447876811027527,3.211254358291626,20.395994186401367,2.0,30.97087287902832,0.30204102396965027,0.17785155773162842,-0.29744139313697815,-0.032197266817092896,0.0,0.30469265580177307,0.15648393332958221,-0.30469265580177307,-0.01534660067409277,0.0,0.004519390407949686,-0.3731815814971924,-10.001448631286621,1.2200911045074463,0.3066573739051819,-9.528135299682617,0.0,0.0,0.0,0.0,0.0,0.0,0.0,0.0,0.0,0.0,0.0,0.0,0.3046928644180298,0.15981720387935638,-0.30469274520874023,-0.020785963162779808,0.10061367601156235,0.4380968511104584,0.04114978387951851,0.6207430362701416,-2.5844554901123047,-2.1021735668182373,0.15152010321617126,0.0,0.0,0.0,0.0,0.0,0.0,0.0
50946953680,0,-0.2993604242801666,-0.07848495244979858,-0.8047671318054199,6.569455581484362e-05,-0.04113857448101044,-0.8442511558532715,-0.02250361256301403,0.17515349388122559,-0.02892185188829899,0.598855197429657,0.07469312846660614,-0.03948402404785156,0.07094720751047134,-0.12118230760097504,-0.5223919153213501,0.0,0.0,-0.0047828578390181065,-1.4175546169281006,0.6363421082496643,-0.45495840907096863,-0.4591211974620819,1.0158140659332275,0.6133694052696228,6.588914394378662,1.7095867395401,-52.14897155761719,-0.7079954147338867,2.6628007888793945,0.5,1.2844709157943726,1.8677749633789062,-2.3632583618164062,-0.974993109703064,3.585599660873413,20.798988342285156,2.0,30.61057472229004,0.30204102396965027,0.17478515207767487,-0.29744139313697815,-0.03066406212747097,0.0,0.30469265580177307,0.15063728392124176,-0.30469265580177307,-0.01074611023068428,0.0,0.14920048415660858,-0.10688331723213196,-9.985952377319336,1.2200911045074463,0.3066573739051819,-9.528135299682617,0.0,0.0,0.0,0.0,0.0,0.0,0.0,0.0,0.0,0.0,0.0,0.0,0.3046928644180298,0.15756617486476898,-0.30469274520874023,-0.018653055652976036,0.10866400599479675,0.44535213708877563,0.04114978387951851,0.6147646307945251,-1.0659517049789429,-2.735421895980835,0.0941084623336792,0.0,0.0,0.0,0.0,0.0,0.0,0.0
50957125036,0,-0.2999904751777649,-0.07791478931903839,-0.8048098683357239,6.569455581484362e-05,-0.04113857448101044,-0.8442511558532715,0.0006379807600751519,0.16630330681800842,-0.03015829436480999,0.6001152992248535,0.07355279475450516,-0.03944128751754761,0.04572959616780281,-0.110155388712883,-0.5305200219154358,0.0,0.0,-0.0047828578390181065,-1.4175546169281006,0.6363421082496643,-0.45495840907096863,-0.26843464374542236,0.9085303544998169,0.6256000995635986,6.588914394378662,1.7095867395401,-52.14897155761719,-0.7079954147338867,2.6628007888793945,0.5,1.2844709157943726,1.8677749633789062,-2.3632583618164062,-0.974993109703064,3.585599660873413,20.798988342285156,2.0,30.61057472229004,0.30204102396965027,0.1717187464237213,-0.29744139313697815,-0.029130859300494194,0.0,0.30469265580177307,0.15063728392124176,-0.30469265580177307,-0.01074611023068428,0.0,0.14920048415660858,-0.10688331723213196,-9.985952377319336,1.1742069721221924,0.31348055601119995,-9.43520736694336,0.0,0.0,0.0,0.0,0.0,0.0,0.0,0.0,0.0,0.0,0.0,0.0,0.3046928644180298,0.155450239777565,-0.30469274520874023,-0.016357246786355972,0.10866400599479675,0.44535213708877563,0.04114978387951851,0.6147646307945251,-1.0659517049789429,-2.735421895980835,0.0941084623336792,0.0,0.0,0.0,0.0,0.0,0.0,0.0
50968509319,0,-0.29987552762031555,-0.0777495875954628,-0.8048153519630432,6.569455581484362e-05,-0.04113857448101044,-0.8442511558532715,0.012698221951723099,0.16186480224132538,-0.030518919229507446,0.5998854041099548,0.07322239130735397,-0.03943580389022827,0.03340749070048332,-0.10524409264326096,-0.5346751809120178,0.0,0.0,-0.0047828578390181065,-1.4175546169281006,0.6363421082496643,-0.45495840907096863,-0.17481592297554016,0.8596436977386475,0.6316177845001221,6.458138465881348,1.7241430282592773,-51.893638610839844,-0.6245274543762207,2.6691174507141113,0.5,1.3019922971725464,1.8661630153656006,-2.3841733932495117,-0.988076388835907,3.585599660873413,20.798988342285156,2.0,30.61057472229004,0.30357420444488525,0.17018555104732513,-0.29744139313697815,-0.027597656473517418,0.0,0.30469265580177307,0.14906486868858337,-0.30469265580177307,-0.008445238694548607,0.0,0.14920048415660858,-0.10688331723213196,-9.985952377319336,1.1484075784683228,0.31518128514289856,-9.393163681030273,0.0,0.0,0.0,0.0,0.0,0.0,0.0,0.0,0.0,0.0,0.0,0.0,0.3046928644180298,0.1534489542245865,-0.30469274520874023,-0.0140865882858634,0.10866400599479675,0.44535213708877563,0.04114978387951851,0.6147646307945251,-1.0659517049789429,-2.735421895980835,0.0941084623336792,0.0,0.0,0.0,0.0,0.0,0.0,0.0
50977009207,0,-0.29987552762031555,-0.0777495875954628,-0.8048153519630432,6.569455581484362e-05,-0.04113857448101044,-0.8442511558532715,0.012698221951723099,0.16186480224132538,-0.030518919229507446,0.5998854041099548,0.07322239130735397,-0.03943580389022827,0.03340749070048332,-0.10524409264326096,-0.5346751809120178,0.0,0.0,-0.0047828578390181065,-1.3803961277008057,0.5307257771492004,-0.4554964303970337,-0.17481592297554016,0.8596436977386475,0.6316177845001221,6.31624174118042,1.7334970235824585,-51.66239929199219,-0.6245274543762207,2.6691174507141113,0.5,1.3019922971725464,1.8661630153656006,-2.3841733932495117,-0.988076388835907,3.5160813331604004,20.605236053466797,2.0,30.04024887084961,0.30357420444488525,0.16711914539337158,-0.29744139313697815,-0.026064453646540642,0.0,0.30469265580177307,0.1478527933359146,-0.30469265580177307,-0.00682540750131011,0.0,0.32895657420158386,0.400662362575531,-9.845617294311523,1.1484075784683228,0.31518128514289856,-9.393163681030273,0.0,0.0,0.0,0.0,0.0,0.0,0.0,0.0,0.0,0.0,0.0,0.0,0.3046928644180298,0.1516723334789276,-0.30469274520874023,-0.011960284784436226,0.11062555015087128,0.4464050531387329,0.04114978387951851,0.6119356155395508,1.1515012979507446,-3.611743688583374,-0.021093856543302536,0.0,0.0,0.0,0.0,0.0,0.0,0.0
50988585079,0,-0.29887232184410095,-0.07737374305725098,-0.8047984838485718,6.569455581484362e-05,-0.04113857448101044,-0.8442511558532715,0.03777623176574707,0.15386152267456055,-0.029941171407699585,0.5978789925575256,0.07247070223093033,-0.03945267200469971,0.009244405664503574,-0.09652385860681534,-0.5432971715927124,0.0,0.0,-0.0047828578390181065,-1.3803961277008057,0.5307257771492004,-0.4554964303970337,0.05479341372847557,0.749919056892395,0.6466896533966064,6.164499282836914,1.7285431623458862,-51.46428298950195,-0.48179519176483154,2.7047669887542725,0.5,1.341338872909546,1.8602524995803833,-2.428870677947998,-1.0167466402053833,3.7150166034698486,20.740291595458984,2.0,30.022541046142578,0.30357420444488525,0.1655859351158142,-0.29744139313697815,-0.024531250819563866,0.0,0.30469265580177307,0.14643803238868713,-0.30469265580177307,-0.00367624219506979,0.0,0.32895657420158386,0.400662362575531,-9.845617294311523,1.0928763151168823,0.3130432963371277,-9.324028968811035,0.0,0.0,0.0,0.0,0.0,0.0,0.0,0.0,0.0,0.0,0.0,0.0,0.3046928644180298,0.15008442103862762,-0.30469274520874023,-0.009896466508507729,0.11143838614225388,0.4442968964576721,0.04114978387951851,0.6049733757972717,1.1515012979507446,-3.611743688583374,-0.021093856543302536,0.0,0.0,0.0,0.0,0.0,0.0,0.0
50997303166,0,-0.29887232184410095,-0.07737374305725098,-0.8047984838485718,6.569455581484362e-05,-0.04113857448101044,-0.8442511558532715,0.03777623176574707,0.15386152267456055,-0.029941171407699585,0.5978789925575256,0.07247070223093033,-0.03945267200469971,0.009244405664503574,-0.09652385860681534,-0.5432971715927124,0.0,0.0,-0.0047828578390181065,-1.316583514213562,0.4464648365974426,-0.45793911814689636,0.05479341372847557,0.749919056892395,0.6466896533966064,5.682682037353516,1.6872460842132568,-51.01177978515625,-0.33129966259002686,2.745041608810425,0.5,1.3865127563476562,1.8505961894989014,-2.4762978553771973,-1.0482523441314697,4.136527061462402,21.008901596069336,2.0,29.97966957092285,0.30204102396965027,0.16405273973941803,-0.29744139313697815,-0.02299804612994194,0.0,0.30469265580177307,0.139424666762352,-0.30469265580177307,0.0031514063011854887,0.0,0.36518505215644836,0.6657498478889465,-9.782234191894531,1.0928763151168823,0.3130432963371277,-9.324028968811035,0.0,0.0,0.0,0.0,0.0,0.0,0.0,0.0,0.0,0.0,0.0,0.0,0.3046928644180298,0.1483723223209381,-0.30469274520874023,-0.0075639598071575165,0.12044437974691391,0.44912123680114746,0.04114978387951851,0.6042578816413879,2.6412811279296875,-3.917525291442871,-0.08592263609170914,0.0,0.0,0.0,0.0,0.0,0.0,0.0
51008094071,0,-0.2969989776611328,-0.07700824737548828,-0.8047304153442383,6.569455581484362e-05,-0.04113857448101044,-0.8442511558532715,0.06327815353870392,0.14601166546344757,-0.027746642008423805,0.5941323041915894,0.07173970341682434,-0.0395207405090332,-0.013860146515071392,-0.08928117156028748,-0.5522127747535706,0.0,0.0,-0.0047828578390181065,-1.273048758506775,0.40177056193351746,-0.4588252305984497,0.22912579774856567,0.6760332584381104,0.6585959196090698,5.682682037353516,1.6872460842132568,-51.01177978515625,-0.33129966259002686,2.745041608810425,0.5,1.3865127563476562,1.8505961894989014,-2.4762978553771973,-1.0482523441314697,4.136527061462402,21.008901596069336,2.0,29.97966957092285,0.30357420444488525,0.16098633408546448,-0.29744139313697815,-0.021464843302965164,0.0,0.30469265580177307,0.139424666762352,-0.30469265580177307,0.0031514063011854887,0.0,0.36518505215644836,0.6657498478889465,-9.782234191894531,1.0332149267196655,0.30677202343940735,-9.274868965148926,0.0,0.0,0.0,0.0,0.0,0.0,0.0,0.0,0.0,0.0,0.0,0.0,0.3046928644180298,0.14620272815227509,-0.30469274520874023,-0.0047544995322823524,0.12044437974691391,0.44912123680114746,0.04114978387951851,0.6042578816413879,3.3856399059295654,-4.086803913116455,-0.08350206166505814,0.0,0.0,0.0,0.0,0.0,0.0,0.0
51017506473,0,-0.29433372616767883,-0.07671832293272018,-0.8046039938926697,6.569455581484362e-05,-0.04113857448101044,-0.8442511558532715,0.08930511772632599,0.13971486687660217,-0.025483934208750725,0.5888017416000366,0.07115985453128815,-0.03964716196060181,-0.03532830998301506,-0.08372753858566284,-0.5612194538116455,0.0,0.0,-0.0047828578390181065,-1.273048758506775,0.40177056193351746,-0.4588252305984497,0.3524748682975769,0.6302144527435303,0.6674219965934753,5.5126237869262695,1.6576204299926758,-50.8961067199707,-0.29324889183044434,2.783167839050293,0.5,1.4074301719665527,1.8447235822677612,-2.4996001720428467,-1.0641191005706787,4.271530628204346,21.00580596923828,2.0,29.993240356445312,0.30357420444488525,0.1594531238079071,-0.29744139313697815,-0.018398437649011612,0.0,0.30469265580177307,0.1381516456604004,-0.30469265580177307,0.005563466344028711,0.0,0.37939488887786865,0.8669664263725281,-9.764766693115234,0.9713736772537231,0.29423293471336365,-9.235615730285645,0.0,0.0,0.0,0.0,0.0,0.0,0.0,0.0,0.0,0.0,0.0,0.0,0.3046928644180298,0.14382623136043549,-0.30469274520874023,-0.0018026451580226421,0.12331894785165787,0.4490656852722168,0.04114978387951851,0.6044844388961792,3.3856399059295654,-4.086803913116455,-0.08350206166505814,0.0,0.0,0.0,0.0,0.0,0.0,0.0
51027162960,0,-0.29433372616767883,-0.07671832293272018,-0.8046039938926697,6.569455581484362e-05,-0.04113857448101044,-0.8442511558532715,0.08930511772632599,0.13971486687660217,-0.025483934208750725,0.5888017416000366,0.07115985453128815,-0.03964716196060181,-0.03532830998301506,-0.08372753858566284,-0.5612194538116455,0.0,0.0,-0.0047828578390181065,-1.1801077127456665,0.3222143054008484,-0.4618397355079651,0.3524748682975769,0.6302144527435303,0.6674219965934753,5.5126237869262695,1.6576204299926758,-50.8961067199707,-0.29324889183044434,2.783167839050293,0.5,1.4074301719665527,1.8447235822677612,-2.4996001720428467,-1.0641191005706787,4.271530628204346,21.00580596923828,2.0,29.993240356445312,0.30204102396965027,0.15791992843151093,-0.29744139313697815,-0.016865234822034836,0.0,0.30469265580177307,0.1381516456604004,-0.30469265580177307,0.005563466344028711,0.0,0.37939488887786865,0.8669664263725281,-9.764766693115234,0.9713736772537231,0.29423293471336365,-9.235615730285645,0.0,0.0,0.0,0.0,0.0,0.0,0.0,0.0,0.0,0.0,0.0,0.0,0.3046928644180298,0.14166904985904694,-0.30469274520874023,0.0008970880880951881,0.12331894785165787,0.4490656852722168,0.04114978387951851,0.6044844388961792,4.658055782318115,-4.314948558807373,-0.14700466394424438,0.0,0.0,0.0,0.0,0.0,0.0,0.0
51037736189,0,-0.29059603810310364,-0.07641778886318207,-0.8044222593307495,6.569455581484362e-05,-0.04113857448101044,-0.8442511558532715,0.11585383862257004,0.13429953157901764,-0.023216959089040756,0.5813263654708862,0.07055877894163132,-0.03982889652252197,-0.05491524934768677,-0.07979509979486465,-0.5703999996185303,0.0,0.0,-0.0047828578390181065,-1.1801077127456665,0.3222143054008484,-0.4618397355079651,0.5045679807662964,0.5810081362724304,0.6791115403175354,5.163017749786377,1.5702109336853027,-50.70595169067383,-0.23202550411224365,2.852391242980957,0.5,1.44677734375,1.8332911729812622,-2.5394742488861084,-1.0917850732803345,4.350079536437988,20.843130111694336,2.0,29.872028350830078,0.30357420444488525,0.15638671815395355,-0.29744139313697815,-0.015332031063735485,0.0,0.30469265580177307,0.1368183195590973,-0.30469265580177307,0.010121184401214123,0.0,0.37939488887786865,0.8669664263725281,-9.764766693115234,0.906048595905304,0.2758740484714508,-9.206086158752441,0.0,0.0,0.0,0.0,0.0,0.0,0.0,0.0,0.0,0.0,0.0,0.0,0.3046928644180298,0.13989754021167755,-0.30469274520874023,0.0032961792312562466,0.12498925626277924,0.4461451768875122,0.04114978387951851,0.6024602651596069,4.658055782318115,-4.314948558807373,-0.14700466394424438,0.0,0.0,0.0,0.0,0.0,0.0,0.0
51047008205,0,-0.29059603810310364,-0.07641778886318207,-0.8044222593307495,6.569455581484362e-05,-0.04113857448101044,-0.8442511558532715,0.11585383862257004,0.13429953157901764,-0.023216959089040756,0.5715143084526062,0.06959249824285507,-0.0400814414024353,-0.05491524934768677,-0.07979509979486465,-0.5703999996185303,0.0,0.0,-0.0047828578390181065,-1.0456181764602661,0.22976382076740265,-0.46687421202659607,0.5045679807662964,0.5810081362724304,0.6791115403175354,5.163017749786377,1.5702109336853027,-50.70595169067383,-0.23202550411224365,2.852391242980957,0.5,1.44677734375,1.8332911729812622,-2.5394742488861084,-1.0917850732803345,4.545866966247559,20.867387771606445,2.0,29.960338592529297,0.30357420444488525,0.15485352277755737,-0.29744139313697815,-0.013798828236758709,0.0,0.30469265580177307,0.13665823638439178,-0.30469265580177307,0.010091334581375122,0.0,0.3831947445869446,1.2798064947128296,-9.726973533630371,0.8371884226799011,0.25144657492637634,-9.1862211227417,0.0,0.0,0.0,0.0,0.0,0.0,0.0,0.0,0.0,0.0,0.0,0.0,0.3046928644180298,0.13851220905780792,-0.30469274520874023,0.005523847881704569,0.12498925626277924,0.4461451768875122,0.04114978387951851,0.6024602651596069,6.033357620239258,-4.3763346672058105,-0.21816419064998627,0.0,0.0,0.0,0.0,0.0,0.0,0.0
51057431502,0,-0.285690039396286,-0.07593464851379395,-0.8041697144508362,6.569455581484362e-05,-0.04113857448101044,-0.8442511558532715,0.14289803802967072,0.12944760918617249,-0.021048445254564285,0.5715143084526062,0.06959249824285507,-0.0400814414024353,-0.07213900238275528,-0.0774591937661171,-0.5797067880630493,0.0,0.0,-0.0047828578390181065,-0.9700307250022888,0.18377748131752014,-0.469581663608551,0.6392982602119446,0.5459849238395691,0.6907550692558289,4.604536533355713,1.3829561471939087,-50.52421569824219,-0.19383573532104492,2.945732355117798,0.5,1.4950835704803467,1.8184186220169067,-2.5857479572296143,-1.1246800422668457,4.727844715118408,20.712963104248047,2.0,30.164714813232422,0.30204102396965027,0.15178710222244263,-0.29744139313697815,-0.010732421651482582,0.0,0.30469265580177307,0.133846715092659,-0.24845172464847565,0.016115223988890648,0.0,0.3831947445869446,1.2798064947128296,-9.726973533630371,0.8371884226799011,0.25144657492637634,-9.1862211227417,0.0,0.0,0.0,0.0,0.0,0.0,0.0,0.0,0.0,0.0,0.0,0.0,0.3046928644180298,0.13736647367477417,-0.30209824442863464,0.007741537876427174,0.1296640783548355,0.4442746937274933,0.04114978387951851,0.6039935350418091,6.602837562561035,-4.378335952758789,-0.23576189577579498,0.0,0.0,0.0,0.0,0.0,0.0,0.0
51071637855,0,-0.282683789730072,-0.07554791122674942,-0.8040172457695007,6.569455581484362e-05,-0.04113857448101044,-0.8442511558532715,0.15664367377758026,0.12695041298866272,-0.01978660561144352,0.5655018091201782,0.06881901621818542,-0.04023391008377075,-0.07983792573213577,-0.07691291719675064,-0.584448516368866,0.0,0.0,-0.0047828578390181065,-0.9700307250022888,0.18377748131752014,-0.469581663608551,0.7288643717765808,0.5292754173278809,0.6995900869369507,4.604536533355713,1.3829561471939087,-50.52421569824219,-0.20658016204833984,3.002971887588501,0.5,1.5184834003448486,1.8105645179748535,-2.608945608139038,-1.1414636373519897,4.727844715118408,20.712963104248047,2.0,30.164714813232422,0.30357420444488525,0.15025390684604645,-0.29744139313697815,-0.009199218824505806,0.0,0.30469265580177307,0.1350858211517334,-0.2353530079126358,0.01695852354168892,0.0,0.3858110010623932,1.3211039304733276,-9.70347785949707,0.80084627866745,0.236944317817688,-9.181412696838379,0.0,0.0,0.0,0.0,0.0,0.0,0.0,0.0,0.0,0.0,0.0,0.0,0.3046928644180298,0.13634034991264343,-0.2929132282733917,0.010138407349586487,0.1330007016658783,0.4438055455684662,0.04114978387951851,0.6073448061943054,6.602837562561035,-4.378335952758789,-0.23576189577579498,0.0,0.0,0.0,0.0,0.0,0.0,0.0
51077337282,0,-0.282683789730072,-0.07554791122674942,-0.8040172457695007,6.569455581484362e-05,-0.04113857448101044,-0.8442511558532715,0.15664367377758026,0.12695041298866272,-0.01978660561144352,0.5522698760032654,0.06725270301103592,-0.04060918092727661,-0.07983792573213577,-0.07691291719675064,-0.584448516368866,0.0,0.0,-0.0047828578390181065,-0.8178730607032776,0.09731800854206085,-0.475844144821167,0.7288643717765808,0.5292754173278809,0.6995900869369507,4.604536533355713,1.3829561471939087,-50.52421569824219,-0.20658016204833984,3.002971887588501,0.5,1.5184834003448486,1.8105645179748535,-2.608945608139038,-1.1414636373519897,4.727844715118408,20.712963104248047,2.0,30.164714813232422,0.30357420444488525,0.14872069656848907,-0.29744139313697815,-0.006132812704890966,0.0,0.30469265580177307,0.1350858211517334,-0.2353530079126358,0.01695852354168892,0.0,0.3787296712398529,1.5373200178146362,-9.602791786193848,0.726350724697113,0.20282027125358582,-9.186563491821289,0.0,0.0,0.0,0.0,0.0,0.0,0.0,0.0,0.0,0.0,0.0,0.0,0.3046928644180298,0.13554704189300537,-0.27837875485420227,0.012536810711026192,0.1330007016658783,0.4438055455684662,0.04114978387951851,0.6073448061943054,7.506800651550293,-4.423192501068115,-0.30618372559547424,0.0,0.0,0.0,0.0,0.0,0.0,0.0
51087311703,0,-0.2760678827762604,-0.07476475834846497,-0.8036419749259949,6.569455581484362e-05,-0.04113857448101044,-0.8442511558532715,0.1849318891763687,0.1231454610824585,-0.016366679221391678,0.5522698760032654,0.06725270301103592,-0.04060918092727661,-0.09323703497648239,-0.07701822370290756,-0.5939981341362,0.0,0.0,-0.0047828578390181065,-0.7301843166351318,0.051055677235126495,-0.47946426272392273,0.8298333287239075,0.5203127861022949,0.7113856077194214,3.779323101043701,1.0100810527801514,-50.57897186279297,-0.2642805576324463,3.1892499923706055,0.5,1.590993881225586,1.795767068862915,-2.6518054008483887,-1.1728945970535278,4.917984485626221,20.28083038330078,2.0,30.518842697143555,0.30204102396965027,0.14565429091453552,-0.29744139313697815,-0.004599609412252903,0.0,0.30469265580177307,0.1339457929134369,0.018016338348388672,0.024586180225014687,0.0,0.3787296712398529,1.5373200178146362,-9.602791786193848,0.726350724697113,0.20282027125358582,-9.186563491821289,0.0,0.0,0.0,0.0,0.0,0.0,0.0,0.0,0.0,0.0,0.0,0.0,0.3046928644180298,0.1350191831588745,-0.2516027092933655,0.014884176664054394,0.1325444132089615,0.4363567531108856,0.04114978387951851,0.6075207591056824,7.922126770019531,-4.4156413078308105,-0.32184910774230957,0.0,0.0,0.0,0.0,0.0,0.0,0.0
51097023192,0,-0.27226918935775757,-0.0743153914809227,-0.8034101128578186,6.569455581484362e-05,-0.04113857448101044,-0.8442511558532715,0.19942337274551392,0.12125570327043533,-0.014150037430226803,0.5446724891662598,0.06635396927595139,-0.04084104299545288,-0.09888817369937897,-0.0776708647608757,-0.5988360643386841,0.0,0.0,-0.0047828578390181065,-0.7301843166351318,0.051055677235126495,-0.47946426272392273,0.8298333287239075,0.5203127861022949,0.7113856077194214,3.779323101043701,1.0100810527801514,-50.57897186279297,-0.2642805576324463,3.1892499923706055,0.5,1.590993881225586,1.7877466678619385,-2.675154209136963,-1.190209984779358,4.917984485626221,20.28083038330078,2.0,30.518842697143555,0.30357420444488525,0.14565429091453552,-0.2943750023841858,-0.0015332031762227416,0.0,0.30469265580177307,0.1339457929134369,0.018016338348388672,0.024586180225014687,0.0,0.3787296712398529,1.5373200178146362,-9.602791786193848,0.6871496438980103,0.18365110456943512,-9.196176528930664,0.0,0.0,0.0,0.0,0.0,0.0,0.0,0.0,0.0,0.0,0.0,0.0,0.3046928644180298,0.13461409509181976,-0.20037023723125458,0.017477046698331833,0.1370190978050232,0.4360188841819763,0.04114978387951851,0.6132400631904602,7.922126770019531,-4.4156413078308105,-0.32184910774230957,0.0,0.0,0.0,0.0,0.0,0.0,0.0
51107626832,0,-0.27226918935775757,-0.0743153914809227,-0.8034101128578186,6.569455581484362e-05,-0.04113857448101044,-0.8442511558532715,0.19942337274551392,0.12125570327043533,-0.014150037430226803,0.5446724891662598,0.06635396927595139,-0.04084104299545288,-0.09888817369937897,-0.0776708647608757,-0.5988360643386841,0.0,0.0,-0.0047828578390181065,-0.5613961815834045,-0.033437520265579224,-0.485131174325943,0.8725029826164246,0.520995020866394,0.7172897458076477,3.779323101043701,1.0100810527801514,-50.57897186279297,-0.2642805576324463,3.1892499923706055,0.5,1.590993881225586,1.7877466678619385,-2.675154209136963,-1.190209984779358,4.917984485626221,20.28083038330078,2.0,30.518842697143555,0.30204102396965027,0.14412109553813934,-0.28977540135383606,0.0015332031762227416,0.0,0.30469265580177307,0.1339457929134369,0.018016338348388672,0.024586180225014687,0.0,0.372964084148407,1.57350754737854,-9.489153861999512,0.6871496438980103,0.18365110456943512,-9.196176528930664,0.0,0.0,0.0,0.0,0.0,0.0,0.0,0.0,0.0,0.0,0.0,0.0,0.3046928644180298,0.13429152965545654,-0.13487520813941956,0.020064080134034157,0.1370190978050232,0.4360188841819763,0.04114978387951851,0.6132400631904602,8.476009368896484,-4.333892345428467,-0.29506829380989075,0.0,0.0,0.0,0.0,0.0,0.0,0.0
51117415863,0,-0.2596624195575714,-0.07274036109447479,-0.8025816679000854,6.569455581484362e-05,-0.04113857448101044,-0.8442511558532715,0.24303802847862244,0.1149396002292633,-0.005324098747223616,0.5194588303565979,0.06320388615131378,-0.041669487953186035,-0.11134368926286697,-0.08179116249084473,-0.6132251620292664,0.0,0.0,-0.0047828578390181065,-0.5613961815834045,-0.033437520265579224,-0.485131174325943,0.9555012583732605,0.5382546782493591,0.7320146560668945,3.339146852493286,0.7910248637199402,-50.76055908203125,-0.3546806573867798,3.328751564025879,0.5,1.6362576484680176,1.7732808589935303,-2.7185919284820557,-1.2226357460021973,5.045214653015137,19.946693420410156,2.0,30.912364959716797,0.30357420444488525,0.14412109553813934,-0.2805761694908142,0.003066406352445483,0.0,0.30469265580177307,0.13473725318908691,0.15983200073242188,0.028395170345902443,0.0,0.3665819466114044,1.642055869102478,-9.460152626037598,0.565702497959137,0.12164118140935898,-9.2501802444458,0.0,0.0,0.0,0.0,0.0,0.0,0.0,0.0,0.0,0.0,0.0,0.0,0.3046928644180298,0.1341056078672409,-0.06790908426046371,0.022346578538417816,0.13970306515693665,0.4299776256084442,0.04114978387951851,0.6197733879089355,8.476009368896484,-4.333892345428467,-0.29506829380989075,0.0,0.0,0.0,0.0,0.0,0.0,0.0
51127784274,0,-0.2596624195575714,-0.07274036109447479,-0.8025816679000854,6.569455581484362e-05,-0.04113857448101044,-0.8442511558532715,0.24303802847862244,0.1149396002292633,-0.005324098747223616,0.5194588303565979,0.06320388615131378,-0.041669487953186035,-0.11134368926286697,-0.08179116249084473,-0.6132251620292664,0.0,0.0,-0.0047828578390181065,-0.36854878067970276,-0.11479658633470535,-0.49179142713546753,0.9555012583732605,0.5382546782493591,0.7320146560668945,2.882965326309204,0.5459818840026855,-50.98576354980469,-0.485068678855896,3.4866628646850586,0.5,1.6882035732269287,1.75868821144104,-2.766122341156006,-1.2583363056182861,4.884915351867676,19.264371871948242,2.0,31.135156631469727,0.30204102396965027,0.14258788526058197,-0.26524412631988525,0.006132812704890966,0.0,0.30469265580177307,0.13858692348003387,0.30469265580177307,0.032404910773038864,0.0,0.30959948897361755,1.6306095123291016,-9.497354507446289,0.565702497959137,0.12164118140935898,-9.2501802444458,0.0,0.0,0.0,0.0,0.0,0.0,0.0,0.0,0.0,0.0,0.0,0.0,0.3046928644180298,0.13427181541919708,0.00719057209789753,0.02459453046321869,0.13632088899612427,0.4175863564014435,0.04114978387951851,0.6234634518623352,9.026673316955566,-3.967589855194092,-0.30350998044013977,0.0,0.0,0.0,0.0,0.0,0.0,0.0
51137448977,0,-0.25023117661476135,-0.07141761481761932,-0.801884114742279,6.569455581484362e-05,-0.04113857448101044,-0.8442511558532715,0.2718541622161865,0.11013835668563843,0.00024409772595390677,0.5005962252616882,0.06055838242173195,-0.04236704111099243,-0.11576288193464279,-0.08609839528799057,-0.6230044960975647,0.0,0.0,-0.0047828578390181065,-0.28473347425460815,-0.14840824902057648,-0.49268457293510437,0.9953374266624451,0.566068172454834,0.7439846396446228,2.882965326309204,0.5459818840026855,-50.98576354980469,-0.485068678855896,3.4866628646850586,0.5,1.6882035732269287,1.75868821144104,-2.766122341156006,-1.2583363056182861,4.884915351867676,19.264371871948242,2.0,31.135156631469727,0.30204102396965027,0.14258788526058197,-0.2422460913658142,0.0076660155318677425,0.0,0.30469265580177307,0.13858692348003387,0.30469265580177307,0.032404910773038864,0.0,0.30959948897361755,1.6306095123291016,-9.497354507446289,0.48256391286849976,0.07626187801361084,-9.288497924804688,0.0,0.0,0.0,0.0,0.0,0.0,0.0,0.0,0.0,0.0,0.0,0.0,0.3046928644180298,0.1349722146987915,0.09234003722667694,0.026956355199217796,0.13632088899612427,0.4175863564014435,0.04114978387951851,0.6234634518623352,9.151244163513184,-3.8684768676757812,-0.21403411030769348,0.0,0.0,0.0,0.0,0.0,0.0,0.0
51147482133,0,-0.24531051516532898,-0.07074573636054993,-0.8015000224113464,6.569455581484362e-05,-0.04113857448101044,-0.8442511558532715,0.2858317494392395,0.10703803598880768,0.002975638024508953,0.4907548725605011,0.059214621782302856,-0.04275113344192505,-0.1168288066983223,-0.08872877061367035,-0.6277903318405151,0.0,0.0,-0.0047828578390181065,-0.28473347425460815,-0.14840824902057648,-0.49268457293510437,1.0067371129989624,0.5848214030265808,0.7498395442962646,2.654101610183716,0.4194403290748596,-51.08673858642578,-0.5529704093933105,3.5586440563201904,0.5,1.7078750133514404,1.7529284954071045,-2.786729574203491,-1.2738415002822876,5.286906719207764,19.449602127075195,2.0,31.766374588012695,0.30357420444488525,0.14258788526058197,-0.21464844048023224,0.010732421651482582,0.0,0.30469265580177307,0.1364908665418625,0.30469265580177307,0.033573687076568604,0.0,0.30959948897361755,1.6306095123291016,-9.497354507446289,0.440507173538208,0.05394331365823746,-9.307609558105469,0.0,0.0,0.0,0.0,0.0,0.0,0.0,0.0,0.0,0.0,0.0,0.0,0.3046928644180298,0.13588698208332062,0.17340241372585297,0.029177255928516388,0.1447901874780655,0.42095762491226196,0.04114978387951851,0.6338862776756287,9.151244163513184,-3.8684768676757812,-0.21403411030769348,0.0,0.0,0.0,0.0,0.0,0.0,0.0
51157013834,0,-0.24531051516532898,-0.07074573636054993,-0.8015000224113464,6.569455581484362e-05,-0.04113857448101044,-0.8442511558532715,0.2858317494392395,0.10703803598880768,0.002975638024508953,0.46999144554138184,0.0563216507434845,-0.043628036975860596,-0.1168288066983223,-0.08872877061367035,-0.6277903318405151,0.0,0.0,-0.0047828578390181065,-0.10392572730779648,-0.22145113348960876,-0.4888455867767334,1.0067371129989624,0.5848214030265808,0.7498395442962646,2.654101610183716,0.4194403290748596,-51.08673858642578,-0.5529704093933105,3.5586440563201904,0.5,1.7078750133514404,1.7529284954071045,-2.786729574203491,-1.2738415002822876,4.990572452545166,18.873647689819336,2.0,31.712732315063477,0.30357420444488525,0.1410546898841858,-0.18091796338558197,0.013798828236758709,0.0,0.30469265580177307,0.1406833827495575,0.30469265580177307,0.03363050892949104,0.0,0.14711369574069977,1.568551778793335,-9.603147506713867,0.3582611680030823,0.005501851439476013,-9.340314865112305,0.0,0.0,0.0,0.0,0.0,0.0,0.0,0.0,0.0,0.0,0.0,0.0,0.3046928644180298,0.13673840463161469,0.2374965101480484,0.031029487028717995,0.1447901874780655,0.42095762491226196,0.04114978387951851,0.6338862776756287,9.242419242858887,-3.7887728214263916,0.09733585268259048,0.0,0.0,0.0,0.0,0.0,0.0,0.0
51167095082,0,-0.23492884635925293,-0.06929925829172134,-0.8006231188774109,6.569455581484362e-05,-0.04113857448101044,-0.8442511558532715,0.31285426020622253,0.10183962434530258,0.007388654630631208,0.46999144554138184,0.0563216507434845,-0.043628036975860596,-0.11670972406864166,-0.094820536673069,-0.6372638940811157,0.0,0.0,-0.0047828578390181065,-0.10392572730779648,-0.22145113348960876,-0.4888455867767334,1.0102640390396118,0.6448100805282593,0.764232337474823,1.970436453819275,0.030260182917118073,-51.37173080444336,-0.7332744598388672,3.745225667953491,0.5,1.748643398284912,1.7409418821334839,-2.8355724811553955,-1.310301423072815,5.4267497062683105,19.000186920166016,2.0,32.45980453491211,0.30357420444488525,0.1410546898841858,-0.14258788526058197,0.016865234822034836,0.0,0.30469265580177307,0.13656245172023773,0.30469265580177307,0.0374317392706871,0.0,0.10930824279785156,1.5681272745132446,-9.664093971252441,0.3582611680030823,0.005501851439476013,-9.340314865112305,0.0,0.0,0.0,0.0,0.0,0.0,0.0,0.0,0.0,0.0,0.0,0.0,0.3046928644180298,0.1375015825033188,0.2814182937145233,0.03259313106536865,0.14772717654705048,0.41276824474334717,0.04114978387951851,0.6452814340591431,9.242419242858887,-3.7887728214263916,0.09733585268259048,0.0,0.0,0.0,0.0,0.0,0.0,0.0
51177199298,0,-0.23492884635925293,-0.06929925829172134,-0.8006231188774109,6.569455581484362e-05,-0.04113857448101044,-0.8442511558532715,0.31285426020622253,0.10183962434530258,0.007388654630631208,0.46999144554138184,0.0563216507434845,-0.043628036975860596,-0.11670972406864166,-0.094820536673069,-0.6372638940811157,0.0,0.0,-0.0047828578390181065,0.09214005619287491,-0.29322272539138794,-0.4806870222091675,1.0102640390396118,0.6448100805282593,0.764232337474823,1.5148639678955078,-0.26759546995162964,-51.48985290527344,-0.9306036829948425,3.914799213409424,0.5,1.7833590507507324,1.7409418821334839,-2.8355724811553955,-1.310301423072815,5.122251510620117,18.157089233398438,2.0,32.74835205078125,0.30204102396965027,0.1410546898841858,-0.09812500327825546,0.018398437649011612,0.0,0.30469265580177307,0.14194312691688538,0.30469265580177307,0.03995886817574501,0.0,0.08206229656934738,1.517647385597229,-9.675179481506348,0.3582611680030823,0.005501851439476013,-9.340314865112305,0.0,0.0,0.0,0.0,0.0,0.0,0.0,0.0,0.0,0.0,0.0,0.0,0.3046928644180298,0.1381419450044632,0.30731433629989624,0.03419622778892517,0.14772717654705048,0.41276824474334717,0.04114978387951851,0.6452814340591431,9.312491416931152,-3.4781224727630615,0.3229144513607025,0.0,0.0,0.0,0.0,0.0,0.0,0.0
51189212805,0,-0.22374530136585236,-0.06752480566501617,-0.7997094988822937,6.569455581484362e-05,-0.04113857448101044,-0.8442511558532715,0.33991774916648865,0.09681098163127899,0.010226964019238949,0.44762423634529114,0.052772726863622665,-0.04454165697097778,-0.11340846121311188,-0.10194283723831177,-0.6466066837310791,0.0,0.0,-0.0047828578390181065,0.09214005619287491,-0.29322272539138794,-0.4806870222091675,0.9866979122161865,0.7045737504959106,0.7755342721939087,1.5148639678955078,-0.26759546995162964,-51.48985290527344,-0.9306036829948425,3.914799213409424,0.5,1.7833590507507324,1.7320365905761719,-2.8822214603424072,-1.3444221019744873,5.122251510620117,18.157089233398438,2.0,32.74835205078125,0.30357420444488525,0.1410546898841858,-0.052128907293081284,0.021464843302965164,0.0,0.30469265580177307,0.14194312691688538,0.30469265580177307,0.03995886817574501,0.0,0.08206229656934738,1.517647385597229,-9.675179481506348,0.2754298150539398,-0.04865372180938721,-9.361791610717773,0.0,0.0,0.0,0.0,0.0,0.0,0.0,0.0,0.0,0.0,0.0,0.0,0.3046928644180298,0.13891008496284485,0.3195665776729584,0.035931430757045746,0.14132627844810486,0.3973158299922943,0.04114978387951851,0.6500062346458435,9.312491416931152,-3.4781224727630615,0.3229144513607025,0.0,0.0,0.0,0.0,0.0,0.0,0.0
51197138100,0,-0.21193204820156097,-0.0656377300620079,-0.7987383008003235,6.569455581484362e-05,-0.04113857448101044,-0.8442511558532715,0.36678820848464966,0.0910869836807251,0.01336334552615881,0.4239976108074188,0.04899855703115463,-0.045512855052948,-0.10703957825899124,-0.10988844931125641,-0.6559210419654846,0.0,0.0,-0.0047828578390181065,0.22988595068454742,-0.338909387588501,-0.47478124499320984,0.9403803944587708,0.7741893529891968,0.7866233587265015,1.0512139797210693,-0.5798512101173401,-51.605892181396484,-1.1213927268981934,4.071387767791748,0.5,1.8152837753295898,1.7320365905761719,-2.8822214603424072,-1.3444221019744873,5.040562152862549,17.582616806030273,2.0,33.25386047363281,0.30204102396965027,0.1410546898841858,0.0,0.02299804612994194,0.0,0.30469265580177307,0.145531564950943,0.30469265580177307,0.04200645536184311,0.0,-0.04570699855685234,1.4242216348648071,-9.60544204711914,0.19112980365753174,-0.10542748868465424,-9.382889747619629,0.0,0.0,0.0,0.0,0.0,0.0,0.0,0.0,0.0,0.0,0.0,0.0,0.3046928644180298,0.14001306891441345,0.32284775376319885,0.03762245178222656,0.14132627844810486,0.3973158299922943,0.04114978387951851,0.6500062346458435,9.22269344329834,-3.193897247314453,0.3640604317188263,0.0,0.0,0.0,0.0,0.0,0.0,0.0
51207038727,0,-0.21193204820156097,-0.0656377300620079,-0.7987383008003235,6.569455581484362e-05,-0.04113857448101044,-0.8442511558532715,0.36678820848464966,0.0910869836807251,0.01336334552615881,0.39921876788139343,0.04501866176724434,-0.04655987024307251,-0.10703957825899124,-0.10988844931125641,-0.6559210419654846,0.0,0.0,-0.0047828578390181065,0.3359435498714447,-0.3718861937522888,-0.4703633785247803,0.9403803944587708,0.7741893529891968,0.7866233587265015,1.0512139797210693,-0.5798512101173401,-51.605892181396484,-1.1213927268981934,4.071387767791748,0.5,1.8152837753295898,1.7265909910202026,-2.922475814819336,-1.3732335567474365,5.040562152862549,17.582616806030273,2.0,33.25386047363281,0.30204102396965027,0.1410546898841858,0.052128907293081284,0.024531250819563866,0.0,0.30469265580177307,0.145531564950943,0.30469265580177307,0.04200645536184311,0.0,-0.04570699855685234,1.4242216348648071,-9.60544204711914,0.11021648347377777,-0.1631467193365097,-9.409263610839844,0.0,0.0,0.0,0.0,0.0,0.0,0.0,0.0,0.0,0.0,0.0,0.0,0.3046928644180298,0.141408309340477,0.32111138105392456,0.039168622344732285,0.1396050900220871,0.3867190480232239,0.04114978387951851,0.6582601070404053,9.013218879699707,-2.955707550048828,0.37420204281806946,0.0,0.0,0.0,0.0,0.0,0.0,0.0
51217530602,0,-0.19954268634319305,-0.0636477917432785,-0.797691285610199,6.569455581484362e-05,-0.04113857448101044,-0.8442511558532715,0.39112091064453125,0.08565062284469604,0.017715612426400185,0.39921876788139343,0.04501866176724434,-0.04655987024307251,-0.09794880449771881,-0.11844553053379059,-0.6652248501777649,0.0,0.0,-0.0047828578390181065,0.4268339276313782,-0.39626020193099976,-0.466659814119339,0.8925994038581848,0.8309969902038574,0.7947930693626404,0.8295181393623352,-0.73537677526474,-51.68681335449219,-1.2576043605804443,4.1849188804626465,0.5,1.8394079208374023,1.724128007888794,-2.9524786472320557,-1.3942826986312866,5.12300443649292,17.323740005493164,2.0,33.7660026550293,0.30204102396965027,0.1410546898841858,0.10119140893220901,0.027597656473517418,0.0,0.30469265580177307,0.14788712561130524,0.30469265580177307,0.04283967614173889,0.0,-0.1296600103378296,1.338992953300476,-9.605307579040527,0.11021648347377777,-0.1631467193365097,-9.409263610839844,0.0,0.0,0.0,0.0,0.0,0.0,0.0,0.0,0.0,0.0,0.0,0.0,0.3046928644180298,0.14296403527259827,0.31722772121429443,0.04049113765358925,0.14134204387664795,0.3819253444671631,0.04114978387951851,0.6665920615196228,8.8341064453125,-2.6370227336883545,0.3642994463443756,0.0,0.0,0.0,0.0,0.0,0.0,0.0
51226975031,0,-0.19314223527908325,-0.06262155622243881,-0.79714435338974,6.569455581484362e-05,-0.04113857448101044,-0.8442511558532715,0.4039772152900696,0.0834546759724617,0.019383538514375687,0.38641780614852905,0.04296617954969406,-0.047106802463531494,-0.09236913919448853,-0.12287110835313797,-0.6699052453041077,0.0,0.0,-0.0047828578390181065,0.4268339276313782,-0.39626020193099976,-0.466659814119339,0.8540714383125305,0.8708353042602539,0.80019211769104,0.6061906814575195,-0.8973069787025452,-51.75094985961914,-1.3962295055389404,4.279144287109375,0.5,1.8616011142730713,1.7224664688110352,-2.982923984527588,-1.4154220819473267,5.047429084777832,16.954256057739258,2.0,34.117279052734375,0.30204102396965027,0.1410546898841858,0.14565429091453552,0.027597656473517418,0.0,0.30469265580177307,0.15127870440483093,0.30469265580177307,0.04374289885163307,0.0,-0.20765171945095062,1.298111081123352,-9.598448753356934,0.06922977417707443,-0.19519606232643127,-9.41628646850586,0.0,0.0,0.0,0.0,0.0,0.0,0.0,0.0,0.0,0.0,0.0,0.0,0.3046928644180298,0.14468540251255035,0.31300467252731323,0.04157816618680954,0.14134204387664795,0.3819253444671631,0.04114978387951851,0.6665920615196228,8.8341064453125,-2.6370227336883545,0.3642994463443756,0.0,0.0,0.0,0.0,0.0,0.0,0.0
51236836628,0,-0.1800559014081955,-0.06046542897820473,-0.7959882616996765,6.569455581484362e-05,-0.04113857448101044,-0.8442511558532715,0.43002983927726746,0.07847040891647339,0.022295266389846802,0.360245019197464,0.0386539027094841,-0.04826289415359497,-0.07924365997314453,-0.13200177252292633,-0.6794201135635376,0.0,0.0,-0.0047828578390181065,0.4268339276313782,-0.39626020193099976,-0.466659814119339,0.8540714383125305,0.8708353042602539,0.80019211769104,0.6061906814575195,-0.8973069787025452,-51.75094985961914,-1.3962295055389404,4.279144287109375,0.5,1.8616011142730713,1.7224664688110352,-2.982923984527588,-1.4154220819473267,5.047429084777832,16.954256057739258,2.0,34.117279052734375,0.30357420444488525,0.1410546898841858,0.18398436903953552,0.029130859300494194,0.0,0.30469265580177307,0.15127870440483093,0.30469265580177307,0.04374289885163307,0.0,-0.25980520248413086,1.1409823894500732,-9.758411407470703,-0.013705112040042877,-0.2615315318107605,-9.420025825500488,0.0,0.0,0.0,0.0,0.0,0.0,0.0,0.0,0.0,0.0,0.0,0.0,0.3046928644180298,0.1465921700000763,0.3093939423561096,0.04247056692838669,0.13974972069263458,0.375063955783844,0.04114978387951851,0.6722894906997681,8.8341064453125,-2.6370227336883545,0.3642994463443756,0.0,0.0,0.0,0.0,0.0,0.0,0.0
51247277866,0,-0.1800559014081955,-0.06046542897820473,-0.7959882616996765,6.569455581484362e-05,-0.04113857448101044,-0.8442511558532715,0.43002983927726746,0.07847040891647339,0.022295266389846802,0.360245019197464,0.0386539027094841,-0.04826289415359497,-0.07924365997314453,-0.13200177252292633,-0.6794201135635376,0.0,0.0,-0.0047828578390181065,0.6008739471435547,-0.435331255197525,-0.4657082259654999,0.7357559204101562,0.9769170880317688,0.8136801719665527,0.15695950388908386,-1.2527744770050049,-51.83386993408203,-1.645024299621582,4.444154262542725,0.5,1.9067084789276123,1.7224664688110352,-2.982923984527588,-1.4154220819473267,4.891722202301025,16.298606872558594,2.0,34.736488342285156,0.30204102396965027,0.1410546898841858,0.2177148461341858,0.03066406212747097,0.0,0.30469265580177307,0.1584005504846573,0.30469265580177307,0.04533078894019127,0.0,-0.25980520248413086,1.1409823894500732,-9.758411407470703,-0.013705112040042877,-0.2615315318107605,-9.420025825500488,0.0,0.0,0.0,0.0,0.0,0.0,0.0,0.0,0.0,0.0,0.0,0.0,0.3046928644180298,0.1487232744693756,0.30675065517425537,0.0432174950838089,0.13974972069263458,0.375063955783844,0.04114978387951851,0.6722894906997681,8.379008293151855,-2.0209858417510986,0.08489763736724854,0.0,0.0,0.0,0.0,0.0,0.0,0.0
51256901293,0,-0.16670474410057068,-0.05837536230683327,-0.7947885394096375,6.569455581484362e-05,-0.04113857448101044,-0.8442511558532715,0.45456022024154663,0.07190095633268356,0.022248893976211548,0.3335425555706024,0.03447374701499939,-0.04946261644363403,-0.06375259906053543,-0.14114154875278473,-0.6894451975822449,0.0,0.0,-0.0047828578390181065,0.749605655670166,-0.4548318088054657,-0.479838103055954,0.7357559204101562,0.9769170880317688,0.8136801719665527,-0.5233595371246338,-1.7956154346466064,-51.65093994140625,-1.9262288808822632,4.619434356689453,0.5,1.9714984893798828,1.7227025032043457,-3.037472724914551,-1.452669620513916,4.722127914428711,15.595876693725586,2.0,35.44704818725586,0.30204102396965027,0.1410546898841858,0.24377930164337158,0.032197266817092896,0.0,0.28398290276527405,0.16702088713645935,0.30469265580177307,0.047783013433218,0.0,-0.25980520248413086,1.1409823894500732,-9.758411407470703,-0.09515628218650818,-0.3264755308628082,-9.391079902648926,0.0,0.0,0.0,0.0,0.0,0.0,0.0,0.0,0.0,0.0,0.0,0.0,0.30373749136924744,0.15162622928619385,0.3050709366798401,0.04401468113064766,0.13974972069263458,0.375063955783844,0.04114978387951851,0.6722894906997681,7.291184902191162,-1.142919898033142,-0.5132241249084473,0.0,0.0,0.0,0.0,0.0,0.0,0.0
51267278923,0,-0.16670474410057068,-0.05837536230683327,-0.7947885394096375,6.569455581484362e-05,-0.04113857448101044,-0.8442511558532715,0.45456022024154663,0.07190095633268356,0.022248893976211548,0.3335425555706024,0.03447374701499939,-0.04946261644363403,-0.06375259906053543,-0.14114154875278473,-0.6894451975822449,0.0,0.0,-0.0047828578390181065,0.8091945052146912,-0.45816728472709656,-0.48953866958618164,0.6229376792907715,1.0636855363845825,0.824735164642334,-0.5233595371246338,-1.7956154346466064,-51.65093994140625,-1.9262288808822632,4.619434356689453,0.5,1.9714984893798828,1.7266490459442139,-3.0894880294799805,-1.4879363775253296,4.722127914428711,15.595876693725586,2.0,35.44704818725586,0.30204102396965027,0.14258788526058197,0.26371094584465027,0.03373046964406967,0.0,0.28398290276527405,0.16702088713645935,0.30469265580177307,0.047783013433218,0.0,-0.3602348268032074,0.9360294938087463,-9.945273399353027,-0.09515628218650818,-0.3264755308628082,-9.391079902648926,0.0,0.0,0.0,0.0,0.0,0.0,0.0,0.0,0.0,0.0,0.0,0.0,0.30057772994041443,0.1554969996213913,0.3041750490665436,0.04498898237943649,0.13287962973117828,0.3496333956718445,0.04114978387951851,0.693730890750885,6.4857707023620605,-0.7390599250793457,-0.7137035727500916,0.0,0.0,0.0,0.0,0.0,0.0,0.0
51277014555,0,-0.15299862623214722,-0.056312695145606995,-0.7936203479766846,6.569455581484362e-05,-0.04113857448101044,-0.8442511558532715,0.47843074798583984,0.06425043940544128,0.01863277144730091,0.30613017082214355,0.030348394066095352,-0.050630807876586914,-0.04660961776971817,-0.15009434521198273,-0.6999719142913818,0.0,0.0,-0.0047828578390181065,0.8091945052146912,-0.45816728472709656,-0.48953866958618164,0.5298903584480286,1.1296594142913818,0.8331295251846313,-0.741168737411499,-1.9747827053070068,-51.5015869140625,-2.0427134037017822,4.6911773681640625,0.5,2.0043694972991943,1.7301839590072632,-3.1179733276367188,-1.5073347091674805,4.4336347579956055,15.079105377197266,2.0,35.51216125488281,0.30357420444488525,0.14258788526058197,0.27904295921325684,0.03373046964406967,0.0,0.2783971130847931,0.17428728938102722,0.30469265580177307,0.04908781871199608,0.0,-0.46076104044914246,0.822530210018158,-10.042522430419922,-0.17555615305900574,-0.3919181823730469,-9.325569152832031,0.0,0.0,0.0,0.0,0.0,0.0,0.0,0.0,0.0,0.0,0.0,0.0,0.29570379853248596,0.15986236929893494,0.30382996797561646,0.04604392126202583,0.1267644166946411,0.3398725390434265,0.04114978387951851,0.6947757005691528,6.4857707023620605,-0.7390599250793457,-0.7137035727500916,0.0,0.0,0.0,0.0,0.0,0.0,0.0
51287106987,0,-0.13928736746311188,-0.054453641176223755,-0.792538583278656,6.569455581484362e-05,-0.04113857448101044,-0.8442511558532715,0.49896928668022156,0.05603007227182388,0.012518128380179405,0.2787075340747833,0.02663026750087738,-0.05171257257461548,-0.028145071119070053,-0.15905140340328217,-0.710974395275116,0.0,0.0,-0.0047828578390181065,0.8951758742332458,-0.46449753642082214,-0.510022759437561,0.5298903584480286,1.1296594142913818,0.8331295251846313,-0.741168737411499,-1.9747827053070068,-51.5015869140625,-2.0427134037017822,4.6911773681640625,0.5,2.0043694972991943,1.7301839590072632,-3.1179733276367188,-1.5073347091674805,4.4336347579956055,15.079105377197266,2.0,35.51216125488281,0.30204102396965027,0.14412109553813934,0.2882421910762787,0.03526367247104645,0.0,0.2783971130847931,0.17428728938102722,0.30469265580177307,0.04908781871199608,0.0,-0.6594738364219666,0.4686441421508789,-10.229195594787598,-0.24972853064537048,-0.4531402885913849,-9.2346830368042,0.0,0.0,0.0,0.0,0.0,0.0,0.0,0.0,0.0,0.0,0.0,0.0,0.2903708219528198,0.16433590650558472,0.303819477558136,0.047064244747161865,0.1267644166946411,0.3398725390434265,0.04114978387951851,0.6947757005691528,4.929937362670898,-0.4564851224422455,-0.9683055281639099,0.0,0.0,0.0,0.0,0.0,0.0,0.0
51297465835,0,-0.13928736746311188,-0.054453641176223755,-0.792538583278656,6.569455581484362e-05,-0.04113857448101044,-0.8442511558532715,0.49896928668022156,0.05603007227182388,0.012518128380179405,0.2787075340747833,0.02663026750087738,-0.05171257257461548,-0.028145071119070053,-0.15905140340328217,-0.710974395275116,0.0,0.0,-0.0047828578390181065,0.8951758742332458,-0.46449753642082214,-0.510022759437561,0.39778947830200195,1.219296932220459,0.8445190787315369,-1.1698776483535767,-2.3233261108398438,-51.0561637878418,-2.285799980163574,4.8601460456848145,0.5,2.0697855949401855,1.7391142845153809,-3.1717865467071533,-1.544196367263794,4.455214500427246,14.594200134277344,2.0,36.31175231933594,0.3005078136920929,0.14412109553813934,0.2943750023841858,0.036796875298023224,0.0,0.22977976500988007,0.1831195205450058,0.30469265580177307,0.0507480725646019,0.0,-0.6594738364219666,0.4686441421508789,-10.229195594787598,-0.24972853064537048,-0.4531402885913849,-9.2346830368042,0.0,0.0,0.0,0.0,0.0,0.0,0.0,0.0,0.0,0.0,0.0,0.0,0.2832956910133362,0.16877980530261993,0.3039754629135132,0.04801604896783829,0.1272227019071579,0.3306695222854614,0.04114978387951851,0.7075677514076233,4.929937362670898,-0.4564851224422455,-0.9683055281639099,0.0,0.0,0.0,0.0,0.0,0.0,0.0
51307542666,0,-0.1324297934770584,-0.053581878542900085,-0.7920432686805725,6.569455581484362e-05,-0.04113857448101044,-0.8442511558532715,0.5083550810813904,0.05183187127113342,0.00919030886143446,0.2649923264980316,0.024886732921004295,-0.052207887172698975,-0.01848653331398964,-0.16341087222099304,-0.7166881561279297,0.0,0.0,-0.0047828578390181065,0.9266850352287292,-0.46667295694351196,-0.5210152864456177,0.32855209708213806,1.2638516426086426,0.8503186702728271,-1.3735069036483765,-2.492271661758423,-50.79075622558594,-2.3508596420288086,4.909398078918457,0.5,2.098783016204834,1.7442485094070435,-3.197216510772705,-1.561702847480774,4.350368022918701,14.340044021606445,2.0,36.41082763671875,0.2989746034145355,0.14872069656848907,0.2989746034145355,0.036796875298023224,0.0,0.21179816126823425,0.18776953220367432,0.30469265580177307,0.051813896745443344,0.0,-0.7626078724861145,0.32969197630882263,-10.23978328704834,-0.2849861681461334,-0.48271283507347107,-9.184844017028809,0.0,0.0,0.0,0.0,0.0,0.0,0.0,0.0,0.0,0.0,0.0,0.0,0.27135416865348816,0.17341850697994232,0.30418455600738525,0.048960864543914795,0.12499547749757767,0.32582831382751465,0.04114978387951851,0.709148108959198,4.2961578369140625,-0.35454291105270386,-1.0760471820831299,0.0,0.0,0.0,0.0,0.0,0.0,0.0
51317605784,0,-0.1324297934770584,-0.053581878542900085,-0.7920432686805725,6.569455581484362e-05,-0.04113857448101044,-0.8442511558532715,0.5083550810813904,0.05183187127113342,0.00919030886143446,0.2649923264980316,0.024886732921004295,-0.052207887172698975,-0.01848653331398964,-0.16341087222099304,-0.7166881561279297,0.0,0.0,-0.0047828578390181065,0.9753597378730774,-0.456496924161911,-0.5420360565185547,0.32855209708213806,1.2638516426086426,0.8503186702728271,-1.7435383796691895,-2.8006248474121094,-50.22996139526367,-2.5741705894470215,5.0598368644714355,0.5,2.1659350395202637,1.7583011388778687,-3.257128953933716,-1.603220820426941,4.277774333953857,13.814560890197754,2.0,37.04837417602539,0.29590821266174316,0.15025390684604645,0.30204102396965027,0.038330078125,0.0,0.1756831705570221,0.19878029823303223,0.30469265580177307,0.05348373204469681,0.0,-0.7626078724861145,0.32969197630882263,-10.23978328704834,-0.2849861681461334,-0.48271283507347107,-9.184844017028809,0.0,0.0,0.0,0.0,0.0,0.0,0.0,0.0,0.0,0.0,0.0,0.0,0.25365495681762695,0.17864146828651428,0.30438119173049927,0.049979861825704575,0.12499547749757767,0.32582831382751465,0.04114978387951851,0.709148108959198,2.7297616004943848,0.32371148467063904,-0.9754130244255066,0.0,0.0,0.0,0.0,0.0,0.0,0.0
51327226366,0,-0.11889193207025528,-0.052047815173864365,-0.7911155819892883,6.569455581484362e-05,-0.04113857448101044,-0.8442511558532715,0.5222813487052917,0.043064359575510025,0.002263283357024193,0.23791643977165222,0.02181859128177166,-0.053135573863983154,0.0012375356163829565,-0.171565979719162,-0.7283205986022949,0.0,0.0,-0.0047828578390181065,0.9753597378730774,-0.456496924161911,-0.5420360565185547,0.18678805232048035,1.3494479656219482,0.8619107007980347,-1.7435383796691895,-2.8006248474121094,-50.22996139526367,-2.5741705894470215,5.0598368644714355,0.5,2.1659350395202637,1.7583011388778687,-3.257128953933716,-1.603220820426941,4.277774333953857,13.814560890197754,2.0,37.04837417602539,0.29130858182907104,0.15178710222244263,0.3051074147224426,0.038330078125,0.0,0.1756831705570221,0.19878029823303223,0.30469265580177307,0.05348373204469681,0.0,-1.0212489366531372,-0.0370001383125782,-10.2000732421875,-0.34745335578918457,-0.5343354940414429,-9.081978797912598,0.0,0.0,0.0,0.0,0.0,0.0,0.0,0.0,0.0,0.0,0.0,0.0,0.2322283834218979,0.18441841006278992,0.3045353889465332,0.051050540059804916,0.12345178425312042,0.3157811164855957,0.04114978387951851,0.7192907333374023,2.7297616004943848,0.32371148467063904,-0.9754130244255066,0.0,0.0,0.0,0.0,0.0,0.0,0.0
51337624458,0,-0.11212468147277832,-0.051359571516513824,-0.7906848192214966,6.569455581484362e-05,-0.04113857448101044,-0.8442511558532715,0.5283045768737793,0.038057271391153336,-0.0005888146115466952,0.22438186407089233,0.020442096516489983,-0.0535663366317749,0.011239059269428253,-0.17542362213134766,-0.7341974377632141,0.0,0.0,-0.0047828578390181065,0.9879781603813171,-0.44751548767089844,-0.5480783581733704,0.18678805232048035,1.3494479656219482,0.8619107007980347,-2.0788090229034424,-3.068580150604248,-49.680843353271484,-2.6952621936798096,5.141050815582275,0.5,2.196202039718628,1.7663859128952026,-3.287623167037964,-1.6244310140609741,3.558985710144043,12.826671600341797,2.0,36.69041061401367,0.28517577052116394,0.15638671815395355,0.3051074147224426,0.039863280951976776,0.0,0.16008196771144867,0.2150460034608841,0.30469265580177307,0.055553704500198364,0.0,-1.1452679634094238,-0.28885582089424133,-10.134207725524902,-0.3779652714729309,-0.5579236745834351,-9.032880783081055,0.0,0.0,0.0,0.0,0.0,0.0,0.0,0.0,0.0,0.0,0.0,0.0,0.2105366736650467,0.19066010415554047,0.3046402633190155,0.052121587097644806,0.10809286683797836,0.29675057530403137,0.04114978387951851,0.7136014103889465,1.9705839157104492,0.5810120701789856,-0.7783418893814087,0.0,0.0,0.0,0.0,0.0,0.0,0.0
51347540497,0,-0.11212468147277832,-0.051359571516513824,-0.7906848192214966,6.569455581484362e-05,-0.04113857448101044,-0.8442511558532715,0.5283045768737793,0.038057271391153336,-0.0005888146115466952,0.22438186407089233,0.020442096516489983,-0.0535663366317749,0.011239059269428253,-0.17542362213134766,-0.7341974377632141,0.0,0.0,-0.0047828578390181065,0.9924229383468628,-0.42761415243148804,-0.5575295686721802,0.07880771905183792,1.4117224216461182,0.8705718517303467,-2.384450912475586,-3.3028643131256104,-49.14780044555664,-2.8465065956115723,5.254241943359375,0.5,2.2497267723083496,1.7663859128952026,-3.287623167037964,-1.6244310140609741,3.5182301998138428,12.460798263549805,2.0,37.13955307006836,0.27750977873802185,0.1594531238079071,0.3051074147224426,0.039863280951976776,0.0,0.12384025007486343,0.22417517006397247,0.30469265580177307,0.05713049694895744,0.0,-1.1452679634094238,-0.28885582089424133,-10.134207725524902,-0.3779652714729309,-0.5579236745834351,-9.032880783081055,0.0,0.0,0.0,0.0,0.0,0.0,0.0,0.0,0.0,0.0,0.0,0.0,0.1896059662103653,0.19790047407150269,0.3047015070915222,0.053258903324604034,0.10809286683797836,0.29675057530403137,0.04114978387951851,0.7136014103889465,0.6580069661140442,0.9183849096298218,-0.5602966547012329,0.0,0.0,0.0,0.0,0.0,0.0,0.0
51357308633,0,-0.09875163435935974,-0.05021075904369354,-0.7899117469787598,6.569455581484362e-05,-0.04113857448101044,-0.8442511558532715,0.5372875928878784,0.02819647267460823,-0.005841793026775122,0.19763563573360443,0.018144460394978523,-0.05433940887451172,0.03121025115251541,-0.18280015885829926,-0.7461745738983154,0.0,0.0,-0.0047828578390181065,0.9924229383468628,-0.42761415243148804,-0.5575295686721802,-0.06444773823022842,1.4906949996948242,0.8821133375167847,-2.384450912475586,-3.3028643131256104,-49.14780044555664,-2.8465065956115723,5.254241943359375,0.5,2.2497267723083496,1.7830559015274048,-3.345116376876831,-1.6643917560577393,3.5182301998138428,12.460798263549805,2.0,37.13955307006836,0.2667773365974426,0.16405273973941803,0.30357420444488525,0.04139648377895355,0.0,0.12384025007486343,0.22417517006397247,0.30469265580177307,0.05713049694895744,0.0,-1.2902802228927612,-0.5446957945823669,-10.046649932861328,-0.4335365295410156,-0.6005207896232605,-8.93596363067627,0.0,0.0,0.0,0.0,0.0,0.0,0.0,0.0,0.0,0.0,0.0,0.0,0.16884832084178925,0.20588861405849457,0.30473002791404724,0.05445992201566696,0.10721806436777115,0.28965458273887634,0.04114978387951851,0.7207378149032593,0.6580069661140442,0.9183849096298218,-0.5602966547012329,0.0,0.0,0.0,0.0,0.0,0.0,0.0
51367457400,0,-0.0857926532626152,-0.049109429121017456,-0.7892216444015503,6.569455581484362e-05,-0.04113857448101044,-0.8442511558532715,0.544154942035675,0.01847744733095169,-0.010429094545543194,0.1717175543308258,0.015941789373755455,-0.05502951145172119,0.05084798485040665,-0.189102441072464,-0.7582535147666931,0.0,0.0,-0.0047828578390181065,0.9715737700462341,-0.3911844491958618,-0.5622740983963013,-0.06444773823022842,1.4906949996948242,0.8821133375167847,-2.6609926223754883,-3.518001079559326,-48.63002395629883,-2.971792697906494,5.339517116546631,0.5,2.300081253051758,1.7830559015274048,-3.345116376876831,-1.6643917560577393,3.3963418006896973,12.100669860839844,2.0,37.42888259887695,0.2545117139816284,0.17018555104732513,0.30357420444488525,0.04139648377895355,0.0,0.09302330017089844,0.23377065360546112,0.30469265580177307,0.05873415619134903,0.0,-1.2902802228927612,-0.5446957945823669,-10.046649932861328,-0.48381686210632324,-0.6396365761756897,-8.841822624206543,0.0,0.0,0.0,0.0,0.0,0.0,0.0,0.0,0.0,0.0,0.0,0.0,0.14891257882118225,0.21363428235054016,0.3047371804714203,0.05561736598610878,0.10721806436777115,0.28965458273887634,0.04114978387951851,0.7207378149032593,-0.6581788063049316,1.6507809162139893,-0.3188169300556183,0.0,0.0,0.0,0.0,0.0,0.0,0.0
51377214317,0,-0.0857926532626152,-0.049109429121017456,-0.7892216444015503,6.569455581484362e-05,-0.04113857448101044,-0.8442511558532715,0.544154942035675,0.01847744733095169,-0.010429094545543194,0.1717175543308258,0.015941789373755455,-0.05502951145172119,0.05084798485040665,-0.189102441072464,-0.7582535147666931,0.0,0.0,-0.0047828578390181065,0.9478130340576172,-0.3666694760322571,-0.5636866092681885,-0.2052062600851059,1.5612804889678955,0.8936142325401306,-2.6609926223754883,-3.518001079559326,-48.63002395629883,-2.971792697906494,5.339517116546631,0.5,2.300081253051758,1.801594614982605,-3.403560161590576,-1.7049769163131714,3.3963418006896973,12.100669860839844,2.0,37.42888259887695,0.24071289598941803,0.17478515207767487,0.30357420444488525,0.04292968660593033,0.0,0.09302330017089844,0.23377065360546112,0.30469265580177307,0.05873415619134903,0.0,-1.5711718797683716,-1.1513019800186157,-9.934536933898926,-0.48381686210632324,-0.6396365761756897,-8.841822624206543,0.0,0.0,0.0,0.0,0.0,0.0,0.0,0.0,0.0,0.0,0.0,0.0,0.13021647930145264,0.2207167148590088,0.3047325015068054,0.05668775737285614,0.1045987457036972,0.282644122838974,0.04114978387951851,0.7253235578536987,-1.4612796306610107,1.9798133373260498,-0.23329444229602814,0.0,0.0,0.0,0.0,0.0,0.0,0.0
51387086967,0,-0.07938271015882492,-0.04862266778945923,-0.7889031767845154,6.569455581484362e-05,-0.04113857448101044,-0.8442511558532715,0.5455540418624878,0.0130434799939394,-0.012295449152588844,0.15889759361743927,0.014968261122703552,-0.055347979068756104,0.06039465218782425,-0.1918601244688034,-0.7643035054206848,0.0,0.0,-0.0047828578390181065,0.9478130340576172,-0.3666694760322571,-0.5636866092681885,-0.2052062600851059,1.5612804889678955,0.8936142325401306,-2.7861969470977783,-3.604591131210327,-48.39250183105469,-3.019118309020996,5.375524520874023,0.5,2.3266706466674805,1.801594614982605,-3.403560161590576,-1.7049769163131714,3.442457437515259,12.051651954650879,2.0,37.635581970214844,0.22231444716453552,0.18091796338558197,0.30357420444488525,0.044462889432907104,0.0,0.07836880534887314,0.23604042828083038,0.30469265580177307,0.05954384803771973,0.0,-1.5711718797683716,-1.1513019800186157,-9.934536933898926,-0.5065812468528748,-0.6553801894187927,-8.798636436462402,0.0,0.0,0.0,0.0,0.0,0.0,0.0,0.0,0.0,0.0,0.0,0.0,0.11348232626914978,0.22671347856521606,0.3047228455543518,0.05762915313243866,0.1045987457036972,0.282644122838974,0.04114978387951851,0.7253235578536987,-1.4612796306610107,1.9798133373260498,-0.23329444229602814,0.0,0.0,0.0,0.0,0.0,0.0,0.0
51397903950,0,-0.07938271015882492,-0.04862266778945923,-0.7889031767845154,6.569455581484362e-05,-0.04113857448101044,-0.8442511558532715,0.5455540418624878,0.0130434799939394,-0.012295449152588844,0.15889759361743927,0.014968261122703552,-0.055347979068756104,0.06039465218782425,-0.1918601244688034,-0.7643035054206848,0.0,0.0,-0.0047828578390181065,0.8825457096099854,-0.31973814964294434,-0.5667594075202942,-0.27372217178344727,1.5933624505996704,0.8993909358978271,-2.7861969470977783,-3.604591131210327,-48.39250183105469,-3.019118309020996,5.375524520874023,0.5,2.3266706466674805,1.8121960163116455,-3.435290813446045,-1.7270294427871704,3.442457437515259,12.051651954650879,2.0,37.635581970214844,0.2039160132408142,0.18705077469348907,0.30357420444488525,0.04599609225988388,0.0,0.07836880534887314,0.23604042828083038,0.30469265580177307,0.05954384803771973,0.0,-1.5711718797683716,-1.1513019800186157,-9.934536933898926,-0.5065812468528748,-0.6553801894187927,-8.798636436462402,0.0,0.0,0.0,0.0,0.0,0.0,0.0,0.0,0.0,0.0,0.0,0.0,0.09944891929626465,0.23127910494804382,0.30471253395080566,0.05840810015797615,0.10559017956256866,0.28168800473213196,0.04114978387951851,0.7285942435264587,-2.863461971282959,2.290720224380493,-0.18645834922790527,0.0,0.0,0.0,0.0,0.0,0.0,0.0
51407103357,0,-0.06724563986063004,-0.04791058599948883,-0.7883255481719971,6.569455581484362e-05,-0.04113857448101044,-0.8442511558532715,0.5453673005104065,0.0021310667507350445,-0.017327038571238518,0.13462333381175995,0.013544091023504734,-0.055925607681274414,0.07858061790466309,-0.19663995504379272,-0.7764935493469238,0.0,0.0,-0.0047828578390181065,0.8825457096099854,-0.31973814964294434,-0.5667594075202942,-0.40212497115135193,1.651286244392395,0.9110056161880493,-3.000826835632324,-3.7411155700683594,-47.882476806640625,-3.0886669158935547,5.442746639251709,0.5,2.3785290718078613,1.8326308727264404,-3.4946296215057373,-1.7683405876159668,3.215477228164673,11.654199600219727,2.0,37.646690368652344,0.18705077469348907,0.19471679627895355,0.30357420444488525,0.04599609225988388,0.0,0.06277577579021454,0.2467949241399765,0.30469265580177307,0.06176118180155754,0.0,-1.6306231021881104,-1.3604952096939087,-9.917673110961914,-0.5456048846244812,-0.680202841758728,-8.705904960632324,0.0,0.0,0.0,0.0,0.0,0.0,0.0,0.0,0.0,0.0,0.0,0.0,0.08793792873620987,0.23489923775196075,0.30470380187034607,0.059103064239025116,0.10070475190877914,0.27391690015792847,0.04114978387951851,0.7287699580192566,-2.863461971282959,2.290720224380493,-0.18645834922790527,0.0,0.0,0.0,0.0,0.0,0.0,0.0
51417914107,0,-0.05583604425191879,-0.0475996769964695,-0.7878243327140808,6.569455581484362e-05,-0.04113857448101044,-0.8442511558532715,0.5438631772994995,-0.009073506109416485,-0.02185286395251751,0.1118040382862091,0.01292226929217577,-0.056426823139190674,0.09544309228658676,-0.20032034814357758,-0.7885908484458923,0.0,0.0,-0.0047828578390181065,0.8387809991836548,-0.29107701778411865,-0.5681463479995728,-0.4926406741142273,1.6878515481948853,0.9196676015853882,-3.1076810359954834,-3.8038856983184814,-47.63432312011719,-3.110682964324951,5.469059467315674,0.5,2.406036853790283,1.8326308727264404,-3.4946296215057373,-1.7683405876159668,3.111851930618286,11.4859619140625,2.0,37.624576568603516,0.17018555104732513,0.20084960758686066,0.30357420444488525,0.04752929508686066,0.0,0.05518820509314537,0.25177323818206787,0.30469265580177307,0.06300881505012512,0.0,-1.6306231021881104,-1.3604952096939087,-9.917673110961914,-0.5819001793861389,-0.6999630928039551,-8.61966609954834,0.0,0.0,0.0,0.0,0.0,0.0,0.0,0.0,0.0,0.0,0.0,0.0,0.07800288498401642,0.23860828578472137,0.3046974539756775,0.059890616685152054,0.10070475190877914,0.27391690015792847,0.04114978387951851,0.7287699580192566,-3.509343385696411,2.5090010166168213,-0.15442532300949097,0.0,0.0,0.0,0.0,0.0,0.0,0.0
51427365315,0,-0.05583604425191879,-0.0475996769964695,-0.7878243327140808,6.569455581484362e-05,-0.04113857448101044,-0.8442511558532715,0.5438631772994995,-0.009073506109416485,-0.02185286395251751,0.1118040382862091,0.01292226929217577,-0.056426823139190674,0.09544309228658676,-0.20032034814357758,-0.7885908484458923,0.0,0.0,-0.0047828578390181065,0.7402976155281067,-0.23060362040996552,-0.567116916179657,-0.4926406741142273,1.6878515481948853,0.9196676015853882,-3.1076810359954834,-3.8038856983184814,-47.63432312011719,-3.110682964324951,5.469059467315674,0.5,2.406036853790283,1.8439134359359741,-3.526768922805786,-1.7907847166061401,3.111851930618286,11.4859619140625,2.0,37.624576568603516,0.1533203125,0.20698241889476776,0.30357420444488525,0.04906250163912773,0.0,0.05518820509314537,0.25177323818206787,0.30469265580177307,0.06300881505012512,0.0,-1.6835410594940186,-1.4478099346160889,-9.876934051513672,-0.5819001793861389,-0.6999630928039551,-8.61966609954834,0.0,0.0,0.0,0.0,0.0,0.0,0.0,0.0,0.0,0.0,0.0,0.0,0.06925680488348007,0.24263207614421844,0.30469346046447754,0.060795776546001434,0.09846974909305573,0.2706182599067688,0.04114978387951851,0.728420078754425,-4.67850399017334,2.9548990726470947,0.021309221163392067,0.0,0.0,0.0,0.0,0.0,0.0,0.0
51437483210,0,-0.04552215710282326,-0.04784223064780235,-0.7873984575271606,6.569455581484362e-05,-0.04113857448101044,-0.8442511558532715,0.5397823452949524,-0.02204437553882599,-0.02517193742096424,0.09117615967988968,0.013407379388809204,-0.05685269832611084,0.1104489117860794,-0.20268496870994568,-0.8004432320594788,0.0,0.0,-0.0047828578390181065,0.6762446761131287,-0.19708240032196045,-0.5629333257675171,-0.6265819668769836,1.7338948249816895,0.9340560436248779,-3.291452169418335,-3.8726820945739746,-47.217899322509766,-3.160336971282959,5.5139079093933105,0.5,2.456313371658325,1.865065097808838,-3.5866127014160156,-1.8327683210372925,2.8724546432495117,11.151631355285645,2.0,37.56838607788086,0.13798828423023224,0.2115820348262787,0.30357420444488525,0.04906250163912773,0.0,0.047713372856378555,0.2607918977737427,0.30469265580177307,0.06564509123563766,0.0,-1.6773511171340942,-1.6910728216171265,-9.729658126831055,-0.6158846616744995,-0.7096002697944641,-8.549458503723145,0.0,0.0,0.0,0.0,0.0,0.0,0.0,0.0,0.0,0.0,0.0,0.0,0.06201450154185295,0.24671387672424316,0.3046913743019104,0.061770930886268616,0.09329531341791153,0.2640454173088074,0.04114978387951851,0.7275314927101135,-5.384019374847412,3.06709623336792,0.20722094178199768,0.0,0.0,0.0,0.0,0.0,0.0,0.0
51448502177,0,-0.04552215710282326,-0.04784223064780235,-0.7873984575271606,6.569455581484362e-05,-0.04113857448101044,-0.8442511558532715,0.5397823452949524,-0.02204437553882599,-0.02517193742096424,0.09117615967988968,0.013407379388809204,-0.05685269832611084,0.1104489117860794,-0.20268496870994568,-0.8004432320594788,0.0,0.0,-0.0047828578390181065,0.6050558090209961,-0.1624598205089569,-0.5580366849899292,-0.6265819668769836,1.7338948249816895,0.9340560436248779,-3.538658380508423,-3.915555238723755,-46.7454948425293,-3.1466617584228516,5.539547443389893,0.5,2.5024619102478027,1.8875025510787964,-3.6510469913482666,-1.878159999847412,2.8460512161254883,11.093833923339844,2.0,37.52206039428711,0.11805664002895355,0.21618163585662842,0.30357420444488525,0.04906250163912773,0.0,0.029731592163443565,0.2601223289966583,0.30469265580177307,0.0689958930015564,0.0,-1.6773511171340942,-1.6910728216171265,-9.729658126831055,-0.6158846616744995,-0.7096002697944641,-8.549458503723145,0.0,0.0,0.0,0.0,0.0,0.0,0.0,0.0,0.0,0.0,0.0,0.0,0.05532899498939514,0.2508721947669983,0.3046905994415283,0.06299836933612823,0.09272374212741852,0.262906938791275,0.04114978387951851,0.7267985939979553,-6.074930667877197,3.1861937046051025,0.3315846920013428,0.0,0.0,0.0,0.0,0.0,0.0,0.0
51457528325,0,-0.036269109696149826,-0.048377346247434616,-0.7870318293571472,6.569455581484362e-05,-0.04113857448101044,-0.8442511558532715,0.5323473811149597,-0.03466649726033211,-0.0273312795907259,0.07266997545957565,0.014477616176009178,-0.05721932649612427,0.12318278104066849,-0.2039342224597931,-0.8118433356285095,0.0,0.0,-0.0047828578390181065,0.5375087261199951,-0.1305476278066635,-0.554925262928009,-0.7148526310920715,1.7579023838043213,0.9454537630081177,-3.538658380508423,-3.915555238723755,-46.7454948425293,-3.1466617584228516,5.539547443389893,0.5,2.5024619102478027,1.8875025510787964,-3.6510469913482666,-1.878159999847412,2.8460512161254883,11.093833923339844,2.0,37.52206039428711,0.10425781458616257,0.22078125178813934,0.30357420444488525,0.05059570446610451,0.0,0.029731592163443565,0.2601223289966583,0.30469265580177307,0.0689958930015564,0.0,-1.6773511171340942,-1.6910728216171265,-9.729658126831055,-0.6433924436569214,-0.7119191288948059,-8.499180793762207,0.0,0.0,0.0,0.0,0.0,0.0,0.0,0.0,0.0,0.0,0.0,0.0,0.04814710468053818,0.2546550929546356,0.3046905994415283,0.06455416232347488,0.09272374212741852,0.262906938791275,0.04114978387951851,0.7267985939979553,-6.700878620147705,3.3421874046325684,0.333161324262619,0.0,0.0,0.0,0.0,0.0,0.0,0.0
51467242401,0,-0.03186820447444916,-0.04875251650810242,-0.7868610620498657,6.569455581484362e-05,-0.04113857448101044,-0.8442511558532715,0.5272189378738403,-0.04041026532649994,-0.02821836993098259,0.06386812031269073,0.015227960422635078,-0.05739009380340576,0.1285231113433838,-0.20400279760360718,-0.8173537254333496,0.0,0.0,-0.0047828578390181065,0.5375087261199951,-0.1305476278066635,-0.554925262928009,-0.7518455982208252,1.7644906044006348,0.9512059688568115,-3.5990285873413086,-3.911581039428711,-46.642608642578125,-3.119128704071045,5.5402116775512695,0.5,2.523904323577881,1.8875025510787964,-3.6510469913482666,-1.878159999847412,2.8371381759643555,11.104788780212402,2.0,37.43844223022461,0.09199218451976776,0.2238476574420929,0.30357420444488525,0.052128907293081284,0.0,0.031012607738375664,0.25991177558898926,0.30469265580177307,0.07038341462612152,0.0,-1.6773511171340942,-1.6910728216171265,-9.729658126831055,-0.6543688178062439,-0.7111965417861938,-8.480474472045898,0.0,0.0,0.0,0.0,0.0,0.0,0.0,0.0,0.0,0.0,0.0,0.0,0.04127589613199234,0.25751471519470215,0.30469098687171936,0.06620294600725174,0.09272374212741852,0.262906938791275,0.04114978387951851,0.7267985939979553,-6.700878620147705,3.3421874046325684,0.333161324262619,0.0,0.0,0.0,0.0,0.0,0.0,0.0
51477933988,0,-0.03186820447444916,-0.04875251650810242,-0.7868610620498657,6.569455581484362e-05,-0.04113857448101044,-0.8442511558532715,0.5272189378738403,-0.04041026532649994,-0.02821836993098259,0.06386812031269073,0.015227960422635078,-0.05739009380340576,0.1285231113433838,-0.20400279760360718,-0.8173537254333496,0.0,0.0,-0.0047828578390181065,0.3709171414375305,-0.06288342922925949,-0.5511348843574524,-0.7518455982208252,1.7644906044006348,0.9512059688568115,-3.725796699523926,-3.874054431915283,-46.58196258544922,-3.023540496826172,5.543126106262207,0.5,2.576446771621704,1.917152762413025,-3.7425973415374756,-1.9432703256607056,2.990891695022583,11.2933931350708,2.0,37.3127555847168,0.0827929675579071,0.22691406309604645,0.30357420444488525,0.052128907293081284,0.0,0.037968605756759644,0.2553839385509491,0.30469265580177307,0.07371630519628525,0.0,-1.846184492111206,-2.046232223510742,-9.513531684875488,-0.6543688178062439,-0.7111965417861938,-8.480474472045898,0.0,0.0,0.0,0.0,0.0,0.0,0.0,0.0,0.0,0.0,0.0,0.0,0.03626449406147003,0.25916430354118347,0.30469149351119995,0.06787499785423279,0.09253069758415222,0.2631228566169739,0.04114978387951851,0.7254750728607178,-7.601543426513672,3.212326765060425,0.2357233613729477,0.0,0.0,0.0,0.0,0.0,0.0,0.0
51487835179,0,-0.02399887517094612,-0.0499076247215271,-0.7865377068519592,6.569455581484362e-05,-0.04113857448101044,-0.8442511558532715,0.5162513256072998,-0.05333857983350754,-0.027240460738539696,0.048129379749298096,0.01753818802535534,-0.057713449001312256,0.13721735775470734,-0.20335830748081207,-0.8283501863479614,0.0,0.0,-0.0047828578390181065,0.3709171414375305,-0.06288342922925949,-0.5511348843574524,-0.8114859461784363,1.7697688341140747,0.962909996509552,-3.725796699523926,-3.874054431915283,-46.58196258544922,-3.023540496826172,5.543126106262207,0.5,2.576446771621704,1.917152762413025,-3.7425973415374756,-1.9432703256607056,2.990891695022583,11.2933931350708,2.0,37.3127555847168,0.07206054776906967,0.23151367902755737,0.30357420444488525,0.05366211012005806,0.0,0.037968605756759644,0.2553839385509491,0.30469265580177307,0.07371630519628525,0.0,-1.7364466190338135,-2.014688491821289,-9.337665557861328,-0.6774175763130188,-0.7043735384941101,-8.46944808959961,0.0,0.0,0.0,0.0,0.0,0.0,0.0,0.0,0.0,0.0,0.0,0.0,0.033793386071920395,0.2594868838787079,0.30469197034835815,0.06962146610021591,0.09585710614919662,0.26683512330055237,0.04114978387951851,0.7234842777252197,-7.601543426513672,3.212326765060425,0.2357233613729477,0.0,0.0,0.0,0.0,0.0,0.0,0.0
51497438122,0,-0.02399887517094612,-0.0499076247215271,-0.7865377068519592,6.569455581484362e-05,-0.04113857448101044,-0.8442511558532715,0.5162513256072998,-0.05333857983350754,-0.027240460738539696,0.027889609336853027,0.022563496604561806,-0.05823999643325806,0.13721735775470734,-0.20335830748081207,-0.8283501863479614,0.0,0.0,-0.0047828578390181065,0.212446391582489,0.005986414849758148,-0.5379449129104614,-0.8114859461784363,1.7697688341140747,0.962909996509552,-3.725796699523926,-3.874054431915283,-46.58196258544922,-3.023540496826172,5.543126106262207,0.5,2.576446771621704,1.917152762413025,-3.7425973415374756,-1.9432703256607056,2.990891695022583,11.2933931350708,2.0,37.3127555847168,0.06286133080720901,0.23458008468151093,0.30357420444488525,0.05366211012005806,0.0,0.037968605756759644,0.2553839385509491,0.30469265580177307,0.07371630519628525,0.0,-1.7364466190338135,-2.014688491821289,-9.337665557861328,-0.7093811631202698,-0.6849467158317566,-8.49221134185791,0.0,0.0,0.0,0.0,0.0,0.0,0.0,0.0,0.0,0.0,0.0,0.0,0.033348508179187775,0.2588884234428406,0.3046923279762268,0.0712360069155693,0.09585710614919662,0.26683512330055237,0.04114978387951851,0.7234842777252197,-8.007949829101562,3.5103907585144043,0.5777665972709656,0.0,0.0,0.0,0.0,0.0,0.0,0.0
51507757602,0,-0.013879040256142616,-0.05242026597261429,-0.7860111594200134,6.569455581484362e-05,-0.04113857448101044,-0.8442511558532715,0.4971166253089905,-0.073056161403656,-0.022648902609944344,0.027889609336853027,0.022563496604561806,-0.05823999643325806,0.14520351588726044,-0.2002394199371338,-0.8437342047691345,0.0,0.0,-0.0047828578390181065,0.12006773799657822,0.04881821945309639,-0.5301553606987,-0.8590526580810547,1.7582331895828247,0.977245569229126,-3.9015963077545166,-3.767206907272339,-46.70716094970703,-2.8467626571655273,5.492958068847656,0.5,2.6369094848632812,1.9342000484466553,-3.80159330368042,-1.9857261180877686,3.207099676132202,11.713968276977539,2.0,37.00014877319336,0.05366211012005806,0.23764649033546448,0.30357420444488525,0.055195312947034836,0.0,0.0483100526034832,0.24301137030124664,0.30469265580177307,0.07883049547672272,0.0,-1.8050345182418823,-2.184174060821533,-9.2916898727417,-0.7093811631202698,-0.6849467158317566,-8.49221134185791,0.0,0.0,0.0,0.0,0.0,0.0,0.0,0.0,0.0,0.0,0.0,0.0,0.03445931524038315,0.25737667083740234,0.3046925663948059,0.07272366434335709,0.09882918000221252,0.27136290073394775,0.04114978387951851,0.7207460403442383,-8.401723861694336,3.782107353210449,0.6479105353355408,0.0,0.0,0.0,0.0,0.0,0.0,0.0
51517877823,0,-0.010751025751233101,-0.05340244248509407,-0.7858283519744873,6.569455581484362e-05,-0.04113857448101044,-0.8442511558532715,0.48867398500442505,-0.07983659952878952,-0.02131403423845768,0.02163354866206646,0.024527858942747116,-0.05842280387878418,0.14627838134765625,-0.19845573604106903,-0.8485699892044067,0.0,0.0,-0.0047828578390181065,0.12006773799657822,0.04881821945309639,-0.5301553606987,-0.8706220388412476,1.7396719455718994,0.9859398603439331,-3.9015963077545166,-3.767206907272339,-46.70716094970703,-2.8467626571655273,5.492958068847656,0.5,2.6369094848632812,1.9424583911895752,-3.832984209060669,-2.0085201263427734,3.207099676132202,11.713968276977539,2.0,37.00014877319336,0.04752929508686066,0.24071289598941803,0.30357420444488525,0.05826171860098839,0.0,0.0483100526034832,0.24301137030124664,0.30469265580177307,0.07883049547672272,0.0,-1.8327221870422363,-2.3240270614624023,-9.253583908081055,-0.7177751064300537,-0.6744098663330078,-8.505531311035156,0.0,0.0,0.0,0.0,0.0,0.0,0.0,0.0,0.0,0.0,0.0,0.0,0.037084393203258514,0.2545531392097473,0.30469274520874023,0.07434625178575516,0.10052415728569031,0.2750876247882843,0.04114978387951851,0.7185252904891968,-8.401723861694336,3.782107353210449,0.6479105353355408,0.0,0.0,0.0,0.0,0.0,0.0,0.0
51527227459,0,-0.010751025751233101,-0.05340244248509407,-0.7858283519744873,6.569455581484362e-05,-0.04113857448101044,-0.8442511558532715,0.48867398500442505,-0.07983659952878952,-0.02131403423845768,0.02163354866206646,0.024527858942747116,-0.05842280387878418,0.14627838134765625,-0.19845573604106903,-0.8485699892044067,0.0,0.0,-0.0047828578390181065,-0.059629350900650024,0.11857441812753677,-0.5233359336853027,-0.8706220388412476,1.7396719455718994,0.9859398603439331,-4.041876792907715,-3.589867353439331,-46.990386962890625,-2.6727898120880127,5.442307949066162,0.5,2.687490463256836,1.955583930015564,-3.8904006481170654,-2.0508782863616943,3.4620251655578613,12.16718578338623,2.0,36.72645950317383,0.044462889432907104,0.2422460913658142,0.30357420444488525,0.059794921427965164,0.0,0.0644451305270195,0.22894755005836487,0.30469265580177307,0.08398903161287308,0.0,-1.8327221870422363,-2.3240270614624023,-9.253583908081055,-0.7177751064300537,-0.6744098663330078,-8.505531311035156,0.0,0.0,0.0,0.0,0.0,0.0,0.0,0.0,0.0,0.0,0.0,0.0,0.0411912202835083,0.25038591027259827,0.304692804813385,0.07620968669652939,0.10052415728569031,0.2750876247882843,0.04114978387951851,0.7185252904891968,-8.966073036193848,3.5597095489501953,0.42587167024612427,0.0,0.0,0.0,0.0,0.0,0.0,0.0
51540033995,0,-0.005063630640506744,-0.055707283318042755,-0.7854283452033997,6.569455581484362e-05,-0.04113857448101044,-0.8442511558532715,0.4721640646457672,-0.09303538501262665,-0.01771407574415207,0.010258701629936695,0.029137562960386276,-0.058822810649871826,0.1460440456867218,-0.19423808157444,-0.8581447005271912,0.0,0.0,-0.0047828578390181065,-0.059629350900650024,0.11857441812753677,-0.5233359336853027,-0.8664960265159607,1.7060788869857788,0.9978255033493042,-4.041876792907715,-3.589867353439331,-46.990386962890625,-2.6727898120880127,5.442307949066162,0.5,2.687490463256836,1.955583930015564,-3.8904006481170654,-2.0508782863616943,3.4620251655578613,12.16718578338623,2.0,36.72645950317383,0.04292968660593033,0.24377930164337158,0.30357420444488525,0.06132812425494194,0.0,0.0644451305270195,0.22894755005836487,0.30469265580177307,0.08398903161287308,0.0,-1.8155936002731323,-2.253018379211426,-9.280550956726074,-0.734886646270752,-0.6527031660079956,-8.543706893920898,0.0,0.0,0.0,0.0,0.0,0.0,0.0,0.0,0.0,0.0,0.0,0.0,0.04675764590501785,0.2450292408466339,0.304692804813385,0.07832366973161697,0.10601070523262024,0.28394076228141785,0.04114978387951851,0.7141748070716858,-8.966073036193848,3.5597095489501953,0.42587167024612427,0.0,0.0,0.0,0.0,0.0,0.0,0.0
51550061522,0,-0.005063630640506744,-0.055707283318042755,-0.7854283452033997,6.569455581484362e-05,-0.04113857448101044,-0.8442511558532715,0.4721640646457672,-0.09303538501262665,-0.01771407574415207,0.010258701629936695,0.029137562960386276,-0.058822810649871826,0.1460440456867218,-0.19423808157444,-0.8581447005271912,0.0,0.0,-0.0047828578390181065,-0.059629350900650024,0.11857441812753677,-0.5233359336853027,-0.8664960265159607,1.7060788869857788,0.9978255033493042,-4.0827484130859375,-3.5239343643188477,-47.07050704956055,-2.5731778144836426,5.42142915725708,0.5,2.709534168243408,1.961349368095398,-3.920897960662842,-2.0737268924713135,3.601966381072998,12.389781951904297,2.0,36.56446838378906,0.04139648377895355,0.24377930164337158,0.30357420444488525,0.06132812425494194,0.0,0.071070097386837,0.2236204892396927,0.30469265580177307,0.086056187748909,0.0,-1.8155936002731323,-2.253018379211426,-9.280550956726074,-0.734886646270752,-0.6527031660079956,-8.543706893920898,0.0,0.0,0.0,0.0,0.0,0.0,0.0,0.0,0.0,0.0,0.0,0.0,0.05306472256779671,0.2391815185546875,0.304692804813385,0.08050413429737091,0.10901522636413574,0.2882739305496216,0.04114978387951851,0.7115963697433472,-8.966073036193848,3.5597095489501953,0.42587167024612427,0.0,0.0,0.0,0.0,0.0,0.0,0.0
51557044510,0,-0.0025111434515565634,-0.05702023208141327,-0.7852208614349365,6.569455581484362e-05,-0.04113857448101044,-0.8442511558532715,0.46373236179351807,-0.09926820546388626,-0.016859879717230797,0.005153701640665531,0.0317634753882885,-0.05903029441833496,0.14484308660030365,-0.19188149273395538,-0.8627864122390747,0.0,0.0,-0.0047828578390181065,-0.32792723178863525,0.22537143528461456,-0.5012227892875671,-0.856361448764801,1.6851439476013184,1.0036596059799194,-4.162006378173828,-3.3697047233581543,-47.28676223754883,-2.372933864593506,5.3444504737854,0.5,2.746150016784668,1.961349368095398,-3.920897960662842,-2.0737268924713135,3.837160587310791,12.89416790008545,2.0,36.19480514526367,0.04139648377895355,0.24377930164337158,0.30357420444488525,0.06286133080720901,0.0,0.08403712511062622,0.21134090423583984,0.30469265580177307,0.09033093601465225,0.0,-1.7478455305099487,-2.2885942459106445,-9.323856353759766,-0.7423178553581238,-0.6407153606414795,-8.558274269104004,0.0,0.0,0.0,0.0,0.0,0.0,0.0,0.0,0.0,0.0,0.0,0.0,0.059781670570373535,0.2331133484840393,0.304692804813385,0.08270286023616791,0.10901522636413574,0.2882739305496216,0.04114978387951851,0.7115963697433472,-8.924595832824707,3.716478109359741,0.731856107711792,0.0,0.0,0.0,0.0,0.0,0.0,0.0
51567827877,0,0.0016629789024591446,-0.06000129133462906,-0.7848260402679443,6.569455581484362e-05,-0.04113857448101044,-0.8442511558532715,0.44666367769241333,-0.11188217252492905,-0.014874709770083427,-0.003194584744051099,0.037725623697042465,-0.05942511558532715,0.14021745324134827,-0.18602657318115234,-0.8714113235473633,0.0,0.0,-0.0047828578390181065,-0.32792723178863525,0.22537143528461456,-0.5012227892875671,-0.8206406831741333,1.630515217781067,1.0153393745422363,-4.162006378173828,-3.3697047233581543,-47.28676223754883,-2.372933864593506,5.3444504737854,0.5,2.746150016784668,1.9694663286209106,-3.9764716625213623,-2.1160471439361572,3.837160587310791,12.89416790008545,2.0,36.19480514526367,0.04292968660593033,0.24377930164337158,0.30357420444488525,0.06439453363418579,0.0,0.08403712511062622,0.21134090423583984,0.30469265580177307,0.09033093601465225,0.0,-1.7478455305099487,-2.2885942459106445,-9.323856353759766,-0.75672847032547,-0.6126735806465149,-8.597593307495117,0.0,0.0,0.0,0.0,0.0,0.0,0.0,0.0,0.0,0.0,0.0,0.0,0.06696274131536484,0.226677805185318,0.304692804813385,0.0849946066737175,0.11405303329229355,0.29805678129196167,0.04114978387951851,0.7057012915611267,-8.924595832824707,3.716478109359741,0.731856107711792,0.0,0.0,0.0,0.0,0.0,0.0,0.0
51578933709,0,0.0016629789024591446,-0.06000129133462906,-0.7848260402679443,6.569455581484362e-05,-0.04113857448101044,-0.8442511558532715,0.44666367769241333,-0.11188217252492905,-0.014874709770083427,-0.009222809225320816,0.044774845242500305,-0.059804558753967285,0.14021745324134827,-0.18602657318115234,-0.8714113235473633,0.0,0.0,-0.0047828578390181065,-0.5099886059761047,0.2974703311920166,-0.4895067811012268,-0.8206406831741333,1.630515217781067,1.0153393745422363,-4.162006378173828,-3.3697047233581543,-47.28676223754883,-2.372933864593506,5.3444504737854,0.5,2.746150016784668,1.9694663286209106,-3.9764716625213623,-2.1160471439361572,3.837160587310791,12.89416790008545,2.0,36.19480514526367,0.044462889432907104,0.2422460913658142,0.30357420444488525,0.06592773646116257,0.0,0.08403712511062622,0.21134090423583984,0.30469265580177307,0.09033093601465225,0.0,-1.7478455305099487,-2.2885942459106445,-9.323856353759766,-0.766454815864563,-0.5702444314956665,-8.655029296875,0.0,0.0,0.0,0.0,0.0,0.0,0.0,0.0,0.0,0.0,0.0,0.0,0.07364516705274582,0.22068262100219727,0.304692804813385,0.08710641413927078,0.11405303329229355,0.29805678129196167,0.04114978387951851,0.7057012915611267,-9.235061645507812,3.6496074199676514,0.6128680109977722,0.0,0.0,0.0,0.0,0.0,0.0,0.0
51587504661,0,0.004677075892686844,-0.06352588534355164,-0.7844465970993042,6.569455581484362e-05,-0.04113857448101044,-0.8442511558532715,0.42434078454971313,-0.12604430317878723,-0.012696313671767712,-0.009222809225320816,0.044774845242500305,-0.059804558753967285,0.13232234120368958,-0.17896629869937897,-0.8796815276145935,0.0,0.0,-0.0047828578390181065,-0.6054558157920837,0.33133986592292786,-0.4846312403678894,-0.7610864043235779,1.5631545782089233,1.0271254777908325,-4.215501308441162,-3.1363444328308105,-47.6026611328125,-2.132495403289795,5.259402275085449,0.5,2.7895846366882324,1.9737482070922852,-4.030214309692383,-2.1582388877868652,4.145236015319824,13.494075775146484,2.0,35.76582336425781,0.04752929508686066,0.23917968571186066,0.30357420444488525,0.06899414211511612,0.0,0.10462065786123276,0.19771383702754974,0.30469265580177307,0.09559129178524017,0.0,-1.7712088823318481,-2.248363733291626,-9.28480052947998,-0.766454815864563,-0.5702444314956665,-8.655029296875,0.0,0.0,0.0,0.0,0.0,0.0,0.0,0.0,0.0,0.0,0.0,0.0,0.07979881763458252,0.2153816670179367,0.304692804813385,0.0889827087521553,0.12062986940145493,0.3096276819705963,0.04114978387951851,0.698841392993927,-9.146580696105957,3.4425389766693115,0.5387709140777588,0.0,0.0,0.0,0.0,0.0,0.0,0.0
51598702257,0,0.006952282041311264,-0.06734172999858856,-0.7840695381164551,6.569455581484362e-05,-0.04113857448101044,-0.8442511558532715,0.40205076336860657,-0.13879148662090302,-0.009673264808952808,-0.013773243874311447,0.05240657180547714,-0.060181617736816406,0.1213066577911377,-0.17109733819961548,-0.8877042531967163,0.0,0.0,-0.0047828578390181065,-0.6054558157920837,0.33133986592292786,-0.4846312403678894,-0.7024204730987549,1.505872130393982,1.0359970331192017,-4.23859167098999,-3.0194954872131348,-47.783477783203125,-2.0004773139953613,5.2182817459106445,0.5,2.813838005065918,1.9742419719696045,-4.058355331420898,-2.1809632778167725,4.331793785095215,13.819746971130371,2.0,35.549625396728516,0.05059570446610451,0.2361132800579071,0.30357420444488525,0.0705273449420929,0.0,0.11391685903072357,0.19129125773906708,0.30469265580177307,0.09831785410642624,0.0,-1.7712088823318481,-2.248363733291626,-9.28480052947998,-0.7742403149604797,-0.5269187688827515,-8.723198890686035,0.0,0.0,0.0,0.0,0.0,0.0,0.0,0.0,0.0,0.0,0.0,0.0,0.08688486367464066,0.20984676480293274,0.304692804813385,0.09100807458162308,0.12460072338581085,0.3158804178237915,0.04114978387951851,0.6953765749931335,-9.146580696105957,3.4425389766693115,0.5387709140777588,0.0,0.0,0.0,0.0,0.0,0.0,0.0
51608950655,0,0.006952282041311264,-0.06734172999858856,-0.7840695381164551,6.569455581484362e-05,-0.04113857448101044,-0.8442511558532715,0.40205076336860657,-0.13879148662090302,-0.009673264808952808,-0.013773243874311447,0.05240657180547714,-0.060181617736816406,0.1213066577911377,-0.17109733819961548,-0.8877042531967163,0.0,0.0,-0.0047828578390181065,-0.7611120343208313,0.39424434304237366,-0.47486013174057007,-0.7024204730987549,1.505872130393982,1.0359970331192017,-4.23859167098999,-3.0194954872131348,-47.783477783203125,-2.0004773139953613,5.2182817459106445,0.5,2.813838005065918,1.9742419719696045,-4.058355331420898,-2.1809632778167725,4.331793785095215,13.819746971130371,2.0,35.549625396728516,0.05672851577401161,0.23151367902755737,0.30357420444488525,0.07206054776906967,0.0,0.11391685903072357,0.19129125773906708,0.30469265580177307,0.09831785410642624,0.0,-1.7326020002365112,-2.1353485584259033,-9.297236442565918,-0.7742403149604797,-0.5269187688827515,-8.723198890686035,0.0,0.0,0.0,0.0,0.0,0.0,0.0,0.0,0.0,0.0,0.0,0.0,0.09492915868759155,0.2039969265460968,0.304692804813385,0.09322724491357803,0.12460072338581085,0.3158804178237915,0.04114978387951851,0.6953765749931335,-8.242006301879883,3.2940540313720703,0.5152589678764343,0.0,0.0,0.0,0.0,0.0,0.0,0.0
51617321475,0,0.008632060140371323,-0.07137180119752884,-0.7836716175079346,6.569455581484362e-05,-0.04113857448101044,-0.8442511558532715,0.38104188442230225,-0.15046219527721405,-0.007074582390487194,-0.017132816836237907,0.06046675518155098,-0.060579538345336914,0.10795797407627106,-0.16223730146884918,-0.8953967690467834,0.0,0.0,-0.0047828578390181065,-0.7611120343208313,0.39424434304237366,-0.47486013174057007,-0.5839158296585083,1.3956845998764038,1.0506610870361328,-4.279873847961426,-2.7864229679107666,-48.16551208496094,-1.738108515739441,5.101101875305176,0.5,2.8600172996520996,1.9718226194381714,-4.109035968780518,-2.223221778869629,4.644224643707275,14.512850761413574,2.0,35.06068420410156,0.06132812425494194,0.22691406309604645,0.30357420444488525,0.07359375059604645,0.0,0.13181376457214355,0.1787724792957306,0.30469265580177307,0.10391362011432648,0.0,-1.6158103942871094,-1.9924858808517456,-9.41047191619873,-0.7818079590797424,-0.48408055305480957,-8.788925170898438,0.0,0.0,0.0,0.0,0.0,0.0,0.0,0.0,0.0,0.0,0.0,0.0,0.1032148152589798,0.1981978565454483,0.304692804813385,0.0955161526799202,0.131230428814888,0.3291211724281311,0.04114978387951851,0.6875215172767639,-8.242006301879883,3.2940540313720703,0.5152589678764343,0.0,0.0,0.0,0.0,0.0,0.0,0.0
51627244107,0,0.008632060140371323,-0.07137180119752884,-0.7836716175079346,6.569455581484362e-05,-0.04113857448101044,-0.8442511558532715,0.38104188442230225,-0.15046219527721405,-0.007074582390487194,-0.017132816836237907,0.06046675518155098,-0.060579538345336914,0.10795797407627106,-0.16223730146884918,-0.8953967690467834,0.0,0.0,-0.0047828578390181065,-0.9216662645339966,0.4632681906223297,-0.4638693332672119,-0.5839158296585083,1.3956845998764038,1.0506610870361328,-4.3214592933654785,-2.3843705654144287,-48.64012145996094,-1.4312388896942139,4.959475994110107,0.5,2.908226490020752,1.9643069505691528,-4.160930156707764,-2.2687671184539795,5.005066394805908,15.311529159545898,2.0,34.485565185546875,0.06592773646116257,0.2238476574420929,0.30357420444488525,0.07512695342302322,0.0,0.15855279564857483,0.1624380648136139,0.30469265580177307,0.1117568239569664,0.0,-1.6158103942871094,-1.9924858808517456,-9.41047191619873,-0.7818079590797424,-0.48408055305480957,-8.788925170898438,0.0,0.0,0.0,0.0,0.0,0.0,0.0,0.0,0.0,0.0,0.0,0.0,0.11297498643398285,0.1915852427482605,0.304692804813385,0.09829510748386383,0.1388566792011261,0.3442685902118683,0.04114978387951851,0.6782478094100952,-7.831575870513916,3.286250591278076,0.5168560743331909,0.0,0.0,0.0,0.0,0.0,0.0,0.0
51637275016,0,0.009820511564612389,-0.0755787342786789,-0.783275306224823,6.569455581484362e-05,-0.04113857448101044,-0.8442511558532715,0.3571373224258423,-0.16248437762260437,-0.006711991503834724,-0.019509730860590935,0.06888066232204437,-0.060975849628448486,0.09191323071718216,-0.15237659215927124,-0.9028778076171875,0.0,0.0,-0.0047828578390181065,-0.9910390973091125,0.49003487825393677,-0.4602641463279724,-0.4669139087200165,1.294676423072815,1.0623012781143188,-4.3214592933654785,-2.3843705654144287,-48.64012145996094,-1.4312388896942139,4.959475994110107,0.5,2.908226490020752,1.9643069505691528,-4.160930156707764,-2.2687671184539795,5.005066394805908,15.311529159545898,2.0,34.485565185546875,0.07206054776906967,0.22078125178813934,0.30357420444488525,0.07819335907697678,0.0,0.15855279564857483,0.1624380648136139,0.30469265580177307,0.1117568239569664,0.0,-1.6436794996261597,-1.9478620290756226,-9.55923843383789,-0.7857198715209961,-0.43352192640304565,-8.843658447265625,0.0,0.0,0.0,0.0,0.0,0.0,0.0,0.0,0.0,0.0,0.0,0.0,0.12495198100805283,0.18370816111564636,0.304692804813385,0.10178405791521072,0.1388566792011261,0.3442685902118683,0.04114978387951851,0.6782478094100952,-7.7707839012146,3.149254322052002,0.461669385433197,0.0,0.0,0.0,0.0,0.0,0.0,0.0
51647223423,0,0.01008034497499466,-0.07776591181755066,-0.7830983400344849,6.569455581484362e-05,-0.04113857448101044,-0.8442511558532715,0.3446347713470459,-0.1683695912361145,-0.007187932729721069,-0.020029401406645775,0.0732550397515297,-0.06115281581878662,0.08291715383529663,-0.14720384776592255,-0.9065173268318176,0.0,0.0,-0.0047828578390181065,-0.9910390973091125,0.49003487825393677,-0.4602641463279724,-0.4012536406517029,1.240871548652649,1.0681062936782837,-4.32495641708374,-2.232748031616211,-48.76853942871094,-1.2918620109558105,4.901565074920654,0.5,2.9299702644348145,1.959355354309082,-4.182220935821533,-2.288309335708618,5.199740886688232,15.67591381072998,2.0,34.25331115722656,0.07972656190395355,0.21618163585662842,0.30357420444488525,0.08125976473093033,0.0,0.1673755794763565,0.15661397576332092,0.30469265580177307,0.11482378095388412,0.0,-1.600899577140808,-1.878557801246643,-9.623858451843262,-0.78635573387146,-0.40595418214797974,-8.8670072555542,0.0,0.0,0.0,0.0,0.0,0.0,0.0,0.0,0.0,0.0,0.0,0.0,0.13744968175888062,0.1756405234336853,0.304692804813385,0.10548169165849686,0.14295727014541626,0.3511408865451813,0.04114978387951851,0.6744922399520874,-7.7707839012146,3.149254322052002,0.461669385433197,0.0,0.0,0.0,0.0,0.0,0.0,0.0
51657069708,0,0.01008034497499466,-0.07776591181755066,-0.7830983400344849,6.569455581484362e-05,-0.04113857448101044,-0.8442511558532715,0.3446347713470459,-0.1683695912361145,-0.007187932729721069,-0.020029401406645775,0.0732550397515297,-0.06115281581878662,0.08291715383529663,-0.14720384776592255,-0.9065173268318176,0.0,0.0,-0.0047828578390181065,-1.1290457248687744,0.5479141473770142,-0.4556090235710144,-0.4012536406517029,1.240871548652649,1.0681062936782837,-4.3274359703063965,-1.9332904815673828,-48.97532272338867,-1.0080015659332275,4.779553413391113,0.5,2.9826197624206543,1.94363272190094,-4.229567527770996,-2.3341002464294434,5.4849019050598145,16.326398849487305,2.0,33.668235778808594,0.08739257603883743,0.2115820348262787,0.30357420444488525,0.08432617038488388,0.0,0.18862712383270264,0.14725837111473083,0.30469265580177307,0.12173346430063248,0.0,-1.600899577140808,-1.878557801246643,-9.623858451843262,-0.78635573387146,-0.40595418214797974,-8.8670072555542,0.0,0.0,0.0,0.0,0.0,0.0,0.0,0.0,0.0,0.0,0.0,0.0,0.14969170093536377,0.16799893975257874,0.304692804813385,0.10920137912034988,0.14894697070121765,0.363349974155426,0.04114978387951851,0.6650039553642273,-6.714179515838623,2.8418407440185547,0.29658615589141846,0.0,0.0,0.0,0.0,0.0,0.0,0.0
51668406908,0,0.010302191600203514,-0.08229339867830276,-0.7827857732772827,6.569455581484362e-05,-0.04113857448101044,-0.8442511558532715,0.3202908933162689,-0.17907312512397766,-0.009144111536443233,-0.020473096519708633,0.08231005817651749,-0.06146538257598877,0.06332261860370636,-0.13630762696266174,-0.9139435887336731,0.0,0.0,-0.0047828578390181065,-1.17423415184021,0.5724549889564514,-0.45219647884368896,-0.26055628061294556,1.1263185739517212,1.0797045230865479,-4.3274359703063965,-1.9332904815673828,-48.97532272338867,-1.0080015659332275,4.779553413391113,0.5,2.9826197624206543,1.94363272190094,-4.229567527770996,-2.3341002464294434,5.4849019050598145,16.326398849487305,2.0,33.668235778808594,0.09659180045127869,0.20544922351837158,0.30357420444488525,0.08585937321186066,0.0,0.18862712383270264,0.14725837111473083,0.30469265580177307,0.12173346430063248,0.0,-1.4759191274642944,-1.5112653970718384,-9.752784729003906,-0.7868065237998962,-0.35150736570358276,-8.904603958129883,0.0,0.0,0.0,0.0,0.0,0.0,0.0,0.0,0.0,0.0,0.0,0.0,0.16191676259040833,0.1608451008796692,0.304692804813385,0.11302453279495239,0.14894697070121765,0.363349974155426,0.04114978387951851,0.6650039553642273,-5.9701972007751465,2.7932794094085693,0.3364078402519226,0.0,0.0,0.0,0.0,0.0,0.0,0.0
51677214529,0,0.010302191600203514,-0.08229339867830276,-0.7827857732772827,6.569455581484362e-05,-0.04113857448101044,-0.8442511558532715,0.3202908933162689,-0.17907312512397766,-0.009144111536443233,-0.020473096519708633,0.08231005817651749,-0.06146538257598877,0.06332261860370636,-0.13630762696266174,-0.9139435887336731,0.0,0.0,-0.0047828578390181065,-1.2203519344329834,0.6003493070602417,-0.44784507155418396,-0.26055628061294556,1.1263185739517212,1.0797045230865479,-4.3274359703063965,-1.9332904815673828,-48.97532272338867,-1.0080015659332275,4.779553413391113,0.5,2.9826197624206543,1.94363272190094,-4.229567527770996,-2.3341002464294434,5.4849019050598145,16.326398849487305,2.0,33.668235778808594,0.10425781458616257,0.19625000655651093,0.30357420444488525,0.08892577886581421,0.0,0.18862712383270264,0.14725837111473083,0.30469265580177307,0.12173346430063248,0.0,-1.4759191274642944,-1.5112653970718384,-9.752784729003906,-0.7868065237998962,-0.35150736570358276,-8.904603958129883,0.0,0.0,0.0,0.0,0.0,0.0,0.0,0.0,0.0,0.0,0.0,0.0,0.17285799980163574,0.15481960773468018,0.304692804813385,0.11651183664798737,0.14894697070121765,0.363349974155426,0.04114978387951851,0.6650039553642273,-5.19881010055542,2.7237420082092285,0.37073376774787903,0.0,0.0,0.0,0.0,0.0,0.0,0.0
51687319499,0,0.0099705271422863,-0.08945196121931076,-0.7824375033378601,6.569455581484362e-05,-0.04113857448101044,-0.8442511558532715,0.2856654226779938,-0.19357405602931976,-0.011829243041574955,-0.019809763878583908,0.09662725776433945,-0.06181365251541138,0.03129014000296593,-0.11860324442386627,-0.9250142574310303,0.0,0.0,-0.0047828578390181065,-1.2626429796218872,0.6258542537689209,-0.44457122683525085,-0.07113780081272125,0.9717986583709717,1.0938024520874023,-4.339068412780762,-1.6357717514038086,-49.160179138183594,-0.7623671293258667,4.646556377410889,0.5,3.0272297859191895,1.9242150783538818,-4.270361423492432,-2.3768110275268555,5.692841529846191,16.923492431640625,2.0,33.12954330444336,0.11345703154802322,0.18858398497104645,0.30357420444488525,0.09199218451976776,0.0,0.20844005048274994,0.1383979618549347,0.30469265580177307,0.12852394580841064,0.0,-1.4759191274642944,-1.5112653970718384,-9.752784729003906,-0.7884696125984192,-0.2708349823951721,-8.95678997039795,0.0,0.0,0.0,0.0,0.0,0.0,0.0,0.0,0.0,0.0,0.0,0.0,0.18206289410591125,0.15005218982696533,0.304692804813385,0.11950372159481049,0.1533019095659256,0.37449148297309875,0.04114978387951851,0.6562330722808838,-4.627207279205322,2.5692262649536133,0.3330678939819336,0.0,0.0,0.0,0.0,0.0,0.0,0.0
51697303028,0,0.009713574312627316,-0.0918690636754036,-0.7823470830917358,6.569455581484362e-05,-0.04113857448101044,-0.8442511558532715,0.2746470868587494,-0.19736479222774506,-0.012440435588359833,-0.01929585635662079,0.1014614850282669,-0.061904072761535645,0.019929738715291023,-0.11242227256298065,-0.9287203550338745,0.0,0.0,-0.0047828578390181065,-1.2626429796218872,0.6258542537689209,-0.44457122683525085,0.05007452890276909,0.8742415904998779,1.1021801233291626,-4.336582660675049,-1.489592432975769,-49.26234436035156,-0.5940744876861572,4.546506881713867,0.5,3.054448366165161,1.911921501159668,-4.290955066680908,-2.3998684883117676,5.836585521697998,17.364744186401367,2.0,32.75910186767578,0.12418945133686066,0.18091796338558197,0.30357420444488525,0.09659180045127869,0.0,0.2176257073879242,0.13362650573253632,0.30469265580177307,0.13246075809001923,0.0,-1.3407574892044067,-1.0445489883422852,-9.74119758605957,-0.7881935834884644,-0.24528244137763977,-8.974298477172852,0.0,0.0,0.0,0.0,0.0,0.0,0.0,0.0,0.0,0.0,0.0,0.0,0.19096703827381134,0.14574560523033142,0.304692804813385,0.1225079894065857,0.1563062220811844,0.3826855421066284,0.04114978387951851,0.6501820087432861,-4.627207279205322,2.5692262649536133,0.3330678939819336,0.0,0.0,0.0,0.0,0.0,0.0,0.0
51707033388,0,0.009713574312627316,-0.0918690636754036,-0.7823470830917358,6.569455581484362e-05,-0.04113857448101044,-0.8442511558532715,0.2746470868587494,-0.19736479222774506,-0.012440435588359833,-0.01929585635662079,0.1014614850282669,-0.061904072761535645,0.019929738715291023,-0.11242227256298065,-0.9287203550338745,0.0,0.0,-0.0047828578390181065,-1.3307383060455322,0.6626442670822144,-0.44355663657188416,0.05007452890276909,0.8742415904998779,1.1021801233291626,-4.33017635345459,-1.0614434480667114,-49.56902313232422,-0.29948484897613525,4.384402275085449,0.5,3.109210729598999,1.885611653327942,-4.326626777648926,-2.442927837371826,6.136319637298584,18.109874725341797,2.0,32.15306091308594,0.1349218785762787,0.1732519567012787,0.30357420444488525,0.10119140893220901,0.0,0.24247238039970398,0.12311141192913055,0.30469265580177307,0.14152377843856812,0.0,-1.3407574892044067,-1.0445489883422852,-9.74119758605957,-0.7881935834884644,-0.24528244137763977,-8.974298477172852,0.0,0.0,0.0,0.0,0.0,0.0,0.0,0.0,0.0,0.0,0.0,0.0,0.20098792016506195,0.14112628996372223,0.304692804813385,0.12605856359004974,0.1625542789697647,0.3964470326900482,0.04114978387951851,0.6402478814125061,-3.7534518241882324,2.0499045848846436,0.12502987682819366,0.0,0.0,0.0,0.0,0.0,0.0,0.0
51717350479,0,0.0090778274461627,-0.09671808034181595,-0.7821846008300781,6.569455581484362e-05,-0.04113857448101044,-0.8442511558532715,0.2521122395992279,-0.2048051953315735,-0.01265126746147871,-0.018024355173110962,0.11115957051515579,-0.06206655502319336,-0.003643556497991085,-0.0998893529176712,-0.9364800453186035,0.0,0.0,-0.0047828578390181065,-1.3551679849624634,0.677949070930481,-0.44250938296318054,0.2178540676832199,0.7409189939498901,1.1131542921066284,-4.334439754486084,-0.9305862188339233,-49.656768798828125,-0.29948484897613525,4.384402275085449,0.5,3.109210729598999,1.885611653327942,-4.326626777648926,-2.442927837371826,6.248807430267334,18.382036209106445,2.0,31.90298080444336,0.14565429091453552,0.16865234076976776,0.30357420444488525,0.10425781458616257,0.0,0.2453993707895279,0.11866197735071182,0.30469265580177307,0.14415371417999268,0.0,-1.1887884140014648,-0.812419056892395,-9.722755432128906,-0.7873047590255737,-0.19298972189426422,-9.01254940032959,0.0,0.0,0.0,0.0,0.0,0.0,0.0,0.0,0.0,0.0,0.0,0.0,0.21256011724472046,0.13581004738807678,0.304692804813385,0.13036176562309265,0.1625542789697647,0.3964470326900482,0.04114978387951851,0.6402478814125061,-3.035680055618286,1.7580044269561768,0.11700212955474854,0.0,0.0,0.0,0.0,0.0,0.0,0.0
51727335377,0,0.00869748741388321,-0.09915183484554291,-0.7821069955825806,6.569455581484362e-05,-0.04113857448101044,-0.8442511558532715,0.24225978553295135,-0.20816034078598022,-0.012774058617651463,-0.01726367138326168,0.1160271018743515,-0.06214416027069092,-0.015735896304249763,-0.09348952770233154,-0.9404688477516174,0.0,0.0,-0.0047828578390181065,-1.3551679849624634,0.677949070930481,-0.44250938296318054,0.3029864728450775,0.6733676195144653,1.1185238361358643,-4.334439754486084,-0.9305862188339233,-49.656768798828125,-0.18108832836151123,4.322285175323486,0.5,3.1358799934387207,1.8695995807647705,-4.344446659088135,-2.4662749767303467,6.248807430267334,18.382036209106445,2.0,31.90298080444336,0.15638671815395355,0.16405273973941803,0.30357420444488525,0.10579101741313934,0.0,0.2501845359802246,0.12025026232004166,0.30469265580177307,0.14507190883159637,0.0,-1.090780258178711,-0.6178505420684814,-9.747719764709473,-0.7880799770355225,-0.16919749975204468,-9.02850341796875,0.0,0.0,0.0,0.0,0.0,0.0,0.0,0.0,0.0,0.0,0.0,0.0,0.22439691424369812,0.13030970096588135,0.304692804813385,0.1349441558122635,0.16489368677139282,0.40145015716552734,0.04114978387951851,0.6361357569694519,-3.035680055618286,1.7580044269561768,0.11700212955474854,0.0,0.0,0.0,0.0,0.0,0.0,0.0
51737093484,0,0.00869748741388321,-0.09915183484554291,-0.7821069955825806,6.569455581484362e-05,-0.04113857448101044,-0.8442511558532715,0.24225978553295135,-0.20816034078598022,-0.012774058617651463,-0.01726367138326168,0.1160271018743515,-0.06214416027069092,-0.015735896304249763,-0.09348952770233154,-0.9404688477516174,0.0,0.0,-0.0047828578390181065,-1.3695993423461914,0.7041042447090149,-0.43832582235336304,0.3029864728450775,0.6733676195144653,1.1185238361358643,-4.3519792556762695,-0.6543267369270325,-49.76327896118164,0.018149971961975098,4.191915988922119,0.5,3.1834990978240967,1.8368432521820068,-4.374876022338867,-2.509831428527832,6.357152462005615,18.818511962890625,2.0,31.406944274902344,0.16711914539337158,0.1594531238079071,0.30357420444488525,0.1088574230670929,0.0,0.2691311538219452,0.11466004699468613,0.30469265580177307,0.15239131450653076,0.0,-1.090780258178711,-0.6178505420684814,-9.747719764709473,-0.7880799770355225,-0.16919749975204468,-9.02850341796875,0.0,0.0,0.0,0.0,0.0,0.0,0.0,0.0,0.0,0.0,0.0,0.0,0.23563016951084137,0.12541715800762177,0.304692804813385,0.13936197757720947,0.1671437919139862,0.409448504447937,0.04114978387951851,0.6279572248458862,-1.2910714149475098,1.4767086505889893,0.18312406539916992,0.0,0.0,0.0,0.0,0.0,0.0,0.0
51747182115,0,0.007841327227652073,-0.10408958792686462,-0.7819694876670837,6.569455581484362e-05,-0.04113857448101044,-0.8442511558532715,0.22217817604541779,-0.21592776477336884,-0.013871738687157631,-0.015551343560218811,0.12590265274047852,-0.062281668186187744,-0.039703696966171265,-0.08067347854375839,-0.9484037160873413,0.0,0.0,-0.0047828578390181065,-1.3695993423461914,0.7041042447090149,-0.43832582235336304,0.4724831283092499,0.535911500453949,1.1290061473846436,-4.3519792556762695,-0.6543267369270325,-49.76327896118164,0.018149971961975098,4.191915988922119,0.5,3.1834990978240967,1.8368432521820068,-4.374876022338867,-2.509831428527832,6.357152462005615,18.818511962890625,2.0,31.406944274902344,0.1793847680091858,0.1533203125,0.30357420444488525,0.11345703154802322,0.0,0.2691311538219452,0.11466004699468613,0.30469265580177307,0.15239131450653076,0.0,-1.090780258178711,-0.6178505420684814,-9.747719764709473,-0.7912689447402954,-0.11896849423646927,-9.047868728637695,0.0,0.0,0.0,0.0,0.0,0.0,0.0,0.0,0.0,0.0,0.0,0.0,0.24646258354187012,0.12128383666276932,0.304692804813385,0.14360131323337555,0.1671437919139862,0.409448504447937,0.04114978387951851,0.6279572248458862,-1.2910714149475098,1.4767086505889893,0.18312406539916992,0.0,0.0,0.0,0.0,0.0,0.0,0.0
51757251898,0,0.007841327227652073,-0.10408958792686462,-0.7819694876670837,6.569455581484362e-05,-0.04113857448101044,-0.8442511558532715,0.22217817604541779,-0.21592776477336884,-0.013871738687157631,-0.015551343560218811,0.12590265274047852,-0.062281668186187744,-0.039703696966171265,-0.08067347854375839,-0.9484037160873413,0.0,0.0,-0.0047828578390181065,-1.3497719764709473,0.7309809327125549,-0.4374675452709198,0.4724831283092499,0.535911500453949,1.1290061473846436,-4.3519792556762695,-0.6543267369270325,-49.76327896118164,0.018149971961975098,4.191915988922119,0.5,3.1834990978240967,1.8368432521820068,-4.374876022338867,-2.509831428527832,6.357152462005615,18.818511962890625,2.0,31.406944274902344,0.18858398497104645,0.14565429091453552,0.30357420444488525,0.11805664002895355,0.0,0.2691311538219452,0.11466004699468613,0.30469265580177307,0.15239131450653076,0.0,-0.9351658225059509,-0.3919698894023895,-9.955100059509277,-0.7912689447402954,-0.11896849423646927,-9.047868728637695,0.0,0.0,0.0,0.0,0.0,0.0,0.0,0.0,0.0,0.0,0.0,0.0,0.25597307085990906,0.11802873760461807,0.304692804813385,0.14730826020240784,0.1671437919139862,0.409448504447937,0.04114978387951851,0.6279572248458862,0.45238813757896423,1.2873178720474243,0.049852482974529266,0.0,0.0,0.0,0.0,0.0,0.0,0.0
51767094436,0,0.006162896752357483,-0.11147008091211319,-0.7818937301635742,6.569455581484362e-05,-0.04113857448101044,-0.8442511558532715,0.1927904486656189,-0.22435307502746582,-0.02008422277867794,-0.012194465845823288,0.14066371321678162,-0.062357425689697266,-0.07525651901960373,-0.060893379151821136,-0.9609436988830566,0.0,0.0,-0.0047828578390181065,-1.3497719764709473,0.7309809327125549,-0.4374675452709198,0.6786575317382812,0.3616984784603119,1.1417759656906128,-4.36016845703125,-0.38315683603286743,-49.744529724121094,0.18507158756256104,4.056400299072266,0.5,3.239086627960205,1.7977815866470337,-4.403497695922852,-2.5570785999298096,6.403013706207275,19.235780715942383,2.0,30.931873321533203,0.19931641221046448,0.13952147960662842,0.30357420444488525,0.12418945133686066,0.0,0.2920821011066437,0.1101563349366188,0.30469265580177307,0.15996140241622925,0.0,-0.9233924746513367,0.010739119723439217,-10.082533836364746,-0.7915010452270508,-0.047940365970134735,-9.033906936645508,0.0,0.0,0.0,0.0,0.0,0.0,0.0,0.0,0.0,0.0,0.0,0.0,0.26413723826408386,0.11559845507144928,0.304692804813385,0.15041856467723846,0.1680956929922104,0.41706541180610657,0.04114978387951851,0.6200966238975525,0.45238813757896423,1.2873178720474243,0.049852482974529266,0.0,0.0,0.0,0.0,0.0,0.0,0.0
51777322475,0,0.005646496079862118,-0.11385484039783478,-0.7819160223007202,6.569455581484362e-05,-0.04113857448101044,-0.8442511558532715,0.18402758240699768,-0.22621697187423706,-0.022760432213544846,-0.01116165891289711,0.14543326199054718,-0.06233513355255127,-0.08665768057107925,-0.05449872091412544,-0.9652570486068726,0.0,0.0,-0.0047828578390181065,-1.331319808959961,0.7362175583839417,-0.43894678354263306,0.7582159042358398,0.2939445674419403,1.1467745304107666,-4.353255748748779,-0.26367202401161194,-49.68648910522461,0.258264422416687,3.9961724281311035,0.5,3.265390396118164,1.7799886465072632,-4.414425373077393,-2.577484369277954,6.497418403625488,19.489442825317383,2.0,30.799291610717773,0.2115820348262787,0.13645507395267487,0.30357420444488525,0.1272558569908142,0.0,0.29949867725372314,0.10813834518194199,0.30469265580177307,0.16290587186813354,0.0,-0.9233924746513367,0.010739119723439217,-10.082533836364746,-0.7914513349533081,-0.02760077267885208,-9.022790908813477,0.0,0.0,0.0,0.0,0.0,0.0,0.0,0.0,0.0,0.0,0.0,0.0,0.2725924253463745,0.11351367831230164,0.304692804813385,0.15349577367305756,0.17005302011966705,0.42168208956718445,0.04114978387951851,0.6178980469703674,1.1530885696411133,0.9747263193130493,-0.049793362617492676,0.0,0.0,0.0,0.0,0.0,0.0,0.0
51787080125,0,0.005646496079862118,-0.11385484039783478,-0.7819160223007202,6.569455581484362e-05,-0.04113857448101044,-0.8442511558532715,0.18402758240699768,-0.22621697187423706,-0.022760432213544846,-0.01116165891289711,0.14543326199054718,-0.06233513355255127,-0.08665768057107925,-0.05449872091412544,-0.9652570486068726,0.0,0.0,-0.0047828578390181065,-1.2761694192886353,0.7373601794242859,-0.443402498960495,0.7582159042358398,0.2939445674419403,1.1467745304107666,-4.353255748748779,-0.26367202401161194,-49.68648910522461,0.258264422416687,3.9961724281311035,0.5,3.265390396118164,1.7799886465072632,-4.414425373077393,-2.577484369277954,6.497418403625488,19.489442825317383,2.0,30.799291610717773,0.22231444716453552,0.1333886682987213,0.30357420444488525,0.13032226264476776,0.0,0.29949867725372314,0.10813834518194199,0.30469265580177307,0.16290587186813354,0.0,-0.8405348658561707,0.17329291999340057,-10.102465629577637,-0.7914513349533081,-0.02760077267885208,-9.022790908813477,0.0,0.0,0.0,0.0,0.0,0.0,0.0,0.0,0.0,0.0,0.0,0.0,0.2813735604286194,0.11158955842256546,0.304692804813385,0.15660977363586426,0.17005302011966705,0.42168208956718445,0.04114978387951851,0.6178980469703674,2.385991096496582,0.30240386724472046,-0.17108547687530518,0.0,0.0,0.0,0.0,0.0,0.0,0.0
51797315857,0,0.005676305387169123,-0.11847134679555893,-0.7819893956184387,6.569455581484362e-05,-0.04113857448101044,-0.8442511558532715,0.16836385428905487,-0.23038236796855927,-0.02691253088414669,-0.01122127752751112,0.15466631948947906,-0.062261760234832764,-0.11063171178102493,-0.04078066349029541,-0.9749679565429688,0.0,0.0,-0.0047828578390181065,-1.2389147281646729,0.7351489663124084,-0.44445231556892395,0.9619190096855164,0.11593616753816605,1.1600492000579834,-4.36674690246582,-0.05029159411787987,-49.59206008911133,0.43744421005249023,3.8438825607299805,0.5,3.3245506286621094,1.739577293395996,-4.435495853424072,-2.6221060752868652,6.473913669586182,19.861305236816406,2.0,30.228103637695312,0.23151367902755737,0.13032226264476776,0.30357420444488525,0.1333886682987213,0.0,0.30469265580177307,0.10530056804418564,0.30469265580177307,0.17086194455623627,0.0,-0.5587371587753296,0.4305694103240967,-10.045101165771484,-0.7969986200332642,0.005968660116195679,-9.010929107666016,0.0,0.0,0.0,0.0,0.0,0.0,0.0,0.0,0.0,0.0,0.0,0.0,0.2892764210700989,0.10987549275159836,0.304692804813385,0.15967008471488953,0.1695658415555954,0.42843109369277954,0.04114978387951851,0.6084011197090149,2.9575438499450684,0.05672251433134079,-0.13150295615196228,0.0,0.0,0.0,0.0,0.0,0.0,0.0
51807957588,0,0.005676305387169123,-0.11847134679555893,-0.7819893956184387,6.569455581484362e-05,-0.04113857448101044,-0.8442511558532715,0.16836385428905487,-0.23038236796855927,-0.02691253088414669,-0.01122127752751112,0.15466631948947906,-0.062261760234832764,-0.11063171178102493,-0.04078066349029541,-0.9749679565429688,0.0,0.0,-0.0047828578390181065,-1.1928850412368774,0.7325889468193054,-0.4456941783428192,0.9619190096855164,0.11593616753816605,1.1600492000579834,-4.439631462097168,0.2153606414794922,-49.44441604614258,0.5643246173858643,3.70959734916687,0.5,3.3835458755493164,1.6934764385223389,-4.454169273376465,-2.670734405517578,6.430417060852051,20.16958236694336,2.0,29.796476364135742,0.2422460913658142,0.12572266161441803,0.30357420444488525,0.13798828423023224,0.0,0.30469265580177307,0.10091590881347656,0.30469265580177307,0.17962835729122162,0.0,-0.5587371587753296,0.4305694103240967,-10.045101165771484,-0.7969986200332642,0.005968660116195679,-9.010929107666016,0.0,0.0,0.0,0.0,0.0,0.0,0.0,0.0,0.0,0.0,0.0,0.0,0.29576826095581055,0.10811693966388702,0.304692804813385,0.1632777750492096,0.16866393387317657,0.4340093433856964,0.04114978387951851,0.6011977791786194,3.6700189113616943,-0.08512020111083984,-0.1260806918144226,0.0,0.0,0.0,0.0,0.0,0.0,0.0
51818253808,0,0.005796719808131456,-0.12312216311693192,-0.7821395397186279,6.569455581484362e-05,-0.04113857448101044,-0.8442511558532715,0.15375971794128418,-0.23604001104831696,-0.031287312507629395,-0.011462108232080936,0.16396799683570862,-0.062111616134643555,-0.13145802915096283,-0.028481191024184227,-0.9841490387916565,0.0,0.0,-0.0047828578390181065,-1.1351635456085205,0.7297996282577515,-0.4483577013015747,1.1016162633895874,-0.012834129855036736,1.1697065830230713,-4.439631462097168,0.2153606414794922,-49.44441604614258,0.5643246173858643,3.70959734916687,0.5,3.3835458755493164,1.6934764385223389,-4.454169273376465,-2.670734405517578,6.430417060852051,20.16958236694336,2.0,29.796476364135742,0.25144532322883606,0.1211230456829071,0.30357420444488525,0.1410546898841858,0.0,0.30469265580177307,0.10091590881347656,0.30469265580177307,0.17962835729122162,0.0,-0.44390466809272766,0.703368604183197,-10.061890602111816,-0.8072057366371155,0.0391564816236496,-8.989893913269043,0.0,0.0,0.0,0.0,0.0,0.0,0.0,0.0,0.0,0.0,0.0,0.0,0.300607830286026,0.10612554848194122,0.304692804813385,0.1676648110151291,0.16866393387317657,0.4340093433856964,0.04114978387951851,0.6011977791786194,4.57567024230957,-0.17704065144062042,-0.19105099141597748,0.0,0.0,0.0,0.0,0.0,0.0,0.0
51828829947,0,0.006116970907896757,-0.12770050764083862,-0.7823771238327026,6.569455581484362e-05,-0.04113857448101044,-0.8442511558532715,0.14127856492996216,-0.23762136697769165,-0.03525034338235855,-0.012102613225579262,0.17312473058700562,-0.06187403202056885,-0.15020813047885895,-0.016495540738105774,-0.9936710000038147,0.0,0.0,-0.0047828578390181065,-1.1351635456085205,0.7297996282577515,-0.4483577013015747,1.1954706907272339,-0.10574766248464584,1.1770374774932861,-4.462007999420166,0.28315454721450806,-49.40673828125,0.5853170156478882,3.65813946723938,0.5,3.4144158363342285,1.6696847677230835,-4.4618988037109375,-2.695265054702759,6.48148250579834,20.354738235473633,2.0,29.780902862548828,0.25911131501197815,0.11805664002895355,0.30204102396965027,0.14565429091453552,0.0,0.30469265580177307,0.1000775396823883,0.30469265580177307,0.1819569617509842,0.0,-0.44390466809272766,0.703368604183197,-10.061890602111816,-0.8139609694480896,0.06303806602954865,-8.974502563476562,0.0,0.0,0.0,0.0,0.0,0.0,0.0,0.0,0.0,0.0,0.0,0.0,0.30374178290367126,0.10414617508649826,0.304692804813385,0.17213742434978485,0.16866393387317657,0.4340093433856964,0.04114978387951851,0.6011977791786194,4.57567024230957,-0.17704065144062042,-0.19105099141597748,0.0,0.0,0.0,0.0,0.0,0.0,0.0
51845172420,0,0.006116970907896757,-0.12770050764083862,-0.7823771238327026,6.569455581484362e-05,-0.04113857448101044,-0.8442511558532715,0.14127856492996216,-0.23762136697769165,-0.03525034338235855,-0.012102613225579262,0.17312473058700562,-0.06187403202056885,-0.15020813047885895,-0.016495540738105774,-0.9936710000038147,0.0,0.0,-0.0047828578390181065,-1.0053480863571167,0.712443470954895,-0.4571222960948944,1.1954706907272339,-0.10574766248464584,1.1770374774932861,-4.4988579750061035,0.4078763723373413,-49.33212661743164,0.6254910230636597,3.547301769256592,0.5,3.4782004356384277,1.6248482465744019,-4.473476409912109,-2.7413246631622314,6.315615177154541,20.47240447998047,2.0,29.492691040039062,0.2667773365974426,0.114990234375,0.30357420444488525,0.14872069656848907,0.0,0.30469265580177307,0.10009963810443878,0.30469265580177307,0.1881181299686432,0.0,-0.456966757774353,0.9236806035041809,-10.004549980163574,-0.8139609694480896,0.06303806602954865,-8.974502563476562,0.0,0.0,0.0,0.0,0.0,0.0,0.0,0.0,0.0,0.0,0.0,0.0,0.30545857548713684,0.10246162116527557,0.304692804813385,0.17632588744163513,0.16972269117832184,0.43735265731811523,0.04114978387951851,0.6009374260902405,6.118602752685547,-0.7619881629943848,-0.3838367164134979,0.0,0.0,0.0,0.0,0.0,0.0,0.0
51847705813,0,0.006482927594333887,-0.13221965730190277,-0.7826810479164124,6.569455581484362e-05,-0.04113857448101044,-0.8442511558532715,0.12978960573673248,-0.2391328662633896,-0.038481276482343674,-0.01283453032374382,0.1821630746126175,-0.06157010793685913,-0.16675105690956116,-0.00530796917155385,-1.003533959388733,0.0,0.0,-0.0047828578390181065,-1.0053480863571167,0.712443470954895,-0.4571222960948944,1.3061771392822266,-0.2213509976863861,1.186927318572998,-4.4988579750061035,0.4078763723373413,-49.33212661743164,0.6254910230636597,3.547301769256592,0.5,3.4782004356384277,1.6248482465744019,-4.473476409912109,-2.7413246631622314,6.315615177154541,20.47240447998047,2.0,29.492691040039062,0.27291014790534973,0.11345703154802322,0.30357420444488525,0.15178710222244263,0.0,0.30469265580177307,0.10009963810443878,0.30469265580177307,0.1881181299686432,0.0,-0.2965521216392517,1.1017301082611084,-9.955676078796387,-0.8222882151603699,0.08451828360557556,-8.962665557861328,0.0,0.0,0.0,0.0,0.0,0.0,0.0,0.0,0.0,0.0,0.0,0.0,0.3061616122722626,0.1011962741613388,0.304692804813385,0.18027758598327637,0.16628143191337585,0.4394743740558624,0.04114978387951851,0.5961139798164368,6.118602752685547,-0.7619881629943848,-0.3838367164134979,0.0,0.0,0.0,0.0,0.0,0.0,0.0
51857825382,0,0.006692236289381981,-0.13448700308799744,-0.7828552722930908,6.569455581484362e-05,-0.04113857448101044,-0.8442511558532715,0.12329283356666565,-0.24040555953979492,-0.03982542082667351,-0.013253149576485157,0.1866977959871292,-0.061395883560180664,-0.17414885759353638,-7.682028808631003e-05,-1.008484959602356,0.0,0.0,-0.0047828578390181065,-0.9297009706497192,0.6954835653305054,-0.46193641424179077,1.3550913333892822,-0.27511170506477356,1.1918449401855469,-4.522585391998291,0.4648505449295044,-49.29466247558594,0.6178188323974609,3.5195491313934326,0.5,3.5109190940856934,1.6005487442016602,-4.478343963623047,-2.7664244174957275,6.426429271697998,20.641578674316406,2.0,29.630205154418945,0.27904295921325684,0.11192382872104645,0.30204102396965027,0.15485352277755737,0.0,0.30469265580177307,0.09961889684200287,0.30469265580177307,0.18943685293197632,0.0,-0.2965521216392517,1.1017301082611084,-9.955676078796387,-0.8268324732780457,0.09692710638046265,-8.956345558166504,0.0,0.0,0.0,0.0,0.0,0.0,0.0,0.0,0.0,0.0,0.0,0.0,0.3062363266944885,0.10034942626953125,0.304692804813385,0.18372870981693268,0.1685813069343567,0.4425213038921356,0.04114978387951851,0.5984167456626892,6.642478942871094,-1.1800395250320435,-0.41585445404052734,0.0,0.0,0.0,0.0,0.0,0.0,0.0
51867274520,0,0.006692236289381981,-0.13448700308799744,-0.7828552722930908,6.569455581484362e-05,-0.04113857448101044,-0.8442511558532715,0.12329283356666565,-0.24040555953979492,-0.03982542082667351,-0.013253149576485157,0.1866977959871292,-0.061395883560180664,-0.17414885759353638,-7.682028808631003e-05,-1.008484959602356,0.0,0.0,-0.0047828578390181065,-0.7860593199729919,0.6647882461547852,-0.46991440653800964,1.45840585231781,-0.4020874798297882,1.2043933868408203,-4.582815647125244,0.5907789468765259,-49.260284423828125,0.5992103815078735,3.456785202026367,0.5,3.5715861320495605,1.5553418397903442,-4.484980583190918,-2.8135459423065186,6.197225093841553,20.552854537963867,2.0,29.466468811035156,0.28517577052116394,0.1088574230670929,0.30357420444488525,0.1594531238079071,0.0,0.30469265580177307,0.10005651414394379,0.30469265580177307,0.19505833089351654,0.0,-0.23877248167991638,1.087206244468689,-9.93484878540039,-0.8268324732780457,0.09692710638046265,-8.956345558166504,0.0,0.0,0.0,0.0,0.0,0.0,0.0,0.0,0.0,0.0,0.0,0.0,0.30598825216293335,0.09984049201011658,0.304692804813385,0.18667781352996826,0.1685813069343567,0.4425213038921356,0.04114978387951851,0.5984167456626892,7.191705226898193,-1.4218907356262207,-0.42407384514808655,0.0,0.0,0.0,0.0,0.0,0.0,0.0
51877825269,0,0.007327464409172535,-0.1390392929315567,-0.7832154631614685,6.569455581484362e-05,-0.04113857448101044,-0.8442511558532715,0.11232813447713852,-0.2425786554813385,-0.040571991354227066,-0.014523612335324287,0.19580242037773132,-0.06103569269180298,-0.1873159408569336,0.010032881051301956,-1.0185743570327759,0.0,0.0,-0.0047828578390181065,-0.7860593199729919,0.6647882461547852,-0.46991440653800964,1.45840585231781,-0.4020874798297882,1.2043933868408203,-4.582815647125244,0.5907789468765259,-49.260284423828125,0.5992103815078735,3.456785202026367,0.5,3.5715861320495605,1.5553418397903442,-4.484980583190918,-2.8135459423065186,6.197225093841553,20.552854537963867,2.0,29.466468811035156,0.2882421910762787,0.10732422024011612,0.30357420444488525,0.16251952946186066,0.0,0.30469265580177307,0.10005651414394379,0.30469265580177307,0.19505833089351654,0.0,-0.12365473806858063,1.2624000310897827,-9.780911445617676,-0.8384146094322205,0.1176413893699646,-8.960113525390625,0.0,0.0,0.0,0.0,0.0,0.0,0.0,0.0,0.0,0.0,0.0,0.0,0.3056271970272064,0.0996098667383194,0.304692804813385,0.18941530585289001,0.16382117569446564,0.44092386960983276,0.04114978387951851,0.5956746339797974,7.191705226898193,-1.4218907356262207,-0.42407384514808655,0.0,0.0,0.0,0.0,0.0,0.0,0.0
51887143879,0,0.007327464409172535,-0.1390392929315567,-0.7832154631614685,6.569455581484362e-05,-0.04113857448101044,-0.8442511558532715,0.11232813447713852,-0.2425786554813385,-0.040571991354227066,-0.016146842390298843,0.20489607751369476,-0.06069445610046387,-0.1873159408569336,0.010032881051301956,-1.0185743570327759,0.0,0.0,-0.0047828578390181065,-0.6224126815795898,0.6314067840576172,-0.481162428855896,1.45840585231781,-0.4020874798297882,1.2043933868408203,-4.675783634185791,0.7303277254104614,-49.45036315917969,0.5472372770309448,3.3834762573242188,0.5,3.6386518478393555,1.5553418397903442,-4.484980583190918,-2.8135459423065186,6.325118064880371,20.881362915039062,2.0,29.774925231933594,0.29130858182907104,0.10579101741313934,0.30357420444488525,0.16711914539337158,0.0,0.30469265580177307,0.0980292409658432,0.30469265580177307,0.19832250475883484,0.0,-0.12365473806858063,1.2624000310897827,-9.780911445617676,-0.8501424789428711,0.1327868551015854,-8.990975379943848,0.0,0.0,0.0,0.0,0.0,0.0,0.0,0.0,0.0,0.0,0.0,0.0,0.30527716875076294,0.09948532283306122,0.304692804813385,0.19195351004600525,0.16382117569446564,0.44092386960983276,0.04114978387951851,0.5956746339797974,8.130361557006836,-1.6892064809799194,-0.5298885107040405,0.0,0.0,0.0,0.0,0.0,0.0,0.0
51897510326,0,0.008139075711369514,-0.14358609914779663,-0.7835566997528076,6.569455581484362e-05,-0.04113857448101044,-0.8442511558532715,0.1037166640162468,-0.242964506149292,-0.03804165497422218,-0.016146842390298843,0.20489607751369476,-0.06069445610046387,-0.19764608144760132,0.01937916688621044,-1.0289452075958252,0.0,0.0,-0.0047828578390181065,-0.6224126815795898,0.6314067840576172,-0.481162428855896,1.5166431665420532,-0.49044179916381836,1.2147722244262695,-4.675783634185791,0.7303277254104614,-49.45036315917969,0.5472372770309448,3.3834762573242188,0.5,3.6386518478393555,1.5105148553848267,-4.488432884216309,-2.8614022731781006,6.325118064880371,20.881362915039062,2.0,29.774925231933594,0.2928417921066284,0.10425781458616257,0.30357420444488525,0.17018555104732513,0.0,0.30469265580177307,0.0980292409658432,0.30469265580177307,0.19832250475883484,0.0,-0.043856751173734665,1.4541219472885132,-9.471765518188477,-0.8501424789428711,0.1327868551015854,-8.990975379943848,0.0,0.0,0.0,0.0,0.0,0.0,0.0,0.0,0.0,0.0,0.0,0.0,0.30499717593193054,0.09924890100955963,0.304692804813385,0.1942264884710312,0.16647891700267792,0.4468320310115814,0.04114978387951851,0.6008375287055969,8.130361557006836,-1.6892064809799194,-0.5298885107040405,0.0,0.0,0.0,0.0,0.0,0.0,0.0
51910163299,0,0.008642414584755898,-0.14579714834690094,-0.783698558807373,6.569455581484362e-05,-0.04113857448101044,-0.8442511558532715,0.09968134015798569,-0.2433713972568512,-0.03527405485510826,-0.017153525725007057,0.20931819081306458,-0.06055259704589844,-0.20166558027267456,0.02358306385576725,-1.0340951681137085,0.0,0.0,-0.0047828578390181065,-0.527166485786438,0.6060597896575928,-0.48615604639053345,1.5166431665420532,-0.49044179916381836,1.2147722244262695,-4.711627006530762,0.7712150812149048,-49.59188461303711,0.4923365116119385,3.373795509338379,0.5,3.6721248626708984,1.4868361949920654,-4.489096641540527,-2.887479305267334,6.068107604980469,20.619441986083984,2.0,29.69350814819336,0.2943750023841858,0.10425781458616257,0.30357420444488525,0.1732519567012787,0.0,0.30469265580177307,0.09972959756851196,0.30469265580177307,0.20105597376823425,0.0,-0.043856751173734665,1.4541219472885132,-9.471765518188477,-0.8566594123840332,0.14022092521190643,-9.016706466674805,0.0,0.0,0.0,0.0,0.0,0.0,0.0,0.0,0.0,0.0,0.0,0.0,0.3048032820224762,0.09898599982261658,0.304692804813385,0.1962262988090515,0.16113431751728058,0.44212278723716736,0.04114978387951851,0.5994759798049927,8.587885856628418,-2.0508153438568115,-0.5023350119590759,0.0,0.0,0.0,0.0,0.0,0.0,0.0
51917180852,0,0.008642414584755898,-0.14579714834690094,-0.783698558807373,6.569455581484362e-05,-0.04113857448101044,-0.8442511558532715,0.09968134015798569,-0.2433713972568512,-0.03527405485510826,-0.017153525725007057,0.20931819081306458,-0.06055259704589844,-0.20166558027267456,0.02358306385576725,-1.0340951681137085,0.0,0.0,-0.0047828578390181065,-0.35133758187294006,0.5584204196929932,-0.49634963274002075,1.537885069847107,-0.5297495126724243,1.2200069427490234,-4.711627006530762,0.7712150812149048,-49.59188461303711,0.4923365116119385,3.373795509338379,0.5,3.6721248626708984,1.4868361949920654,-4.489096641540527,-2.887479305267334,6.068107604980469,20.619441986083984,2.0,29.69350814819336,0.29590821266174316,0.10272461175918579,0.30204102396965027,0.17631836235523224,0.0,0.30469265580177307,0.09972959756851196,0.30469265580177307,0.20105597376823425,0.0,0.020848823711276054,1.421144962310791,-9.409013748168945,-0.8566594123840332,0.14022092521190643,-9.016706466674805,0.0,0.0,0.0,0.0,0.0,0.0,0.0,0.0,0.0,0.0,0.0,0.0,0.3046875298023224,0.0989154651761055,0.304692804813385,0.19797496497631073,0.16113431751728058,0.44212278723716736,0.04114978387951851,0.5994759798049927,8.882157325744629,-2.311445951461792,-0.5282707214355469,0.0,0.0,0.0,0.0,0.0,0.0,0.0
51928519458,0,0.010642565786838531,-0.15226656198501587,-0.7839869856834412,6.569455581484362e-05,-0.04113857448101044,-0.8442511558532715,0.08716148138046265,-0.24386250972747803,-0.02427554316818714,-0.021153848618268967,0.2222570925951004,-0.06026417016983032,-0.20964740216732025,0.034947413951158524,-1.0497668981552124,0.0,0.0,-0.0047828578390181065,-0.35133758187294006,0.5584204196929932,-0.49634963274002075,1.5691932439804077,-0.6171311140060425,1.2335591316223145,-4.773875713348389,0.8546108603477478,-49.91578674316406,0.38765954971313477,3.335911750793457,0.5,3.739168167114258,1.4440497159957886,-4.488348960876465,-2.9364540576934814,5.909683704376221,20.547584533691406,2.0,29.892576217651367,0.29590821266174316,0.10272461175918579,0.30357420444488525,0.1793847680091858,0.0,0.30469265580177307,0.10112535208463669,0.30469265580177307,0.2039455622434616,0.0,0.11641489714384079,1.4663336277008057,-9.271818161010742,-0.8750624656677246,0.16119258105754852,-9.110407829284668,0.0,0.0,0.0,0.0,0.0,0.0,0.0,0.0,0.0,0.0,0.0,0.0,0.3046315908432007,0.09909538924694061,0.304692804813385,0.19953680038452148,0.15783190727233887,0.44082900881767273,0.04114978387951851,0.6028037071228027,8.882157325744629,-2.311445951461792,-0.5282707214355469,0.0,0.0,0.0,0.0,0.0,0.0,0.0
51937623716,0,0.010642565786838531,-0.15226656198501587,-0.7839869856834412,6.569455581484362e-05,-0.04113857448101044,-0.8442511558532715,0.08716148138046265,-0.24386250972747803,-0.02427554316818714,-0.021153848618268967,0.2222570925951004,-0.06026417016983032,-0.20964740216732025,0.034947413951158524,-1.0497668981552124,0.0,0.0,-0.0047828578390181065,-0.16301259398460388,0.5028413534164429,-0.5084995031356812,1.5691932439804077,-0.6171311140060425,1.2335591316223145,-4.851685523986816,0.9188502430915833,-50.316192626953125,0.2442929744720459,3.335857391357422,0.5,3.8105249404907227,1.4000191688537598,-4.484787464141846,-2.990056037902832,5.774998188018799,20.3897762298584,2.0,30.23337745666504,0.29744139313697815,0.10119140893220901,0.30357420444488525,0.18091796338558197,0.0,0.30469265580177307,0.10325872898101807,0.30469265580177307,0.205930694937706,0.0,0.11641489714384079,1.4663336277008057,-9.271818161010742,-0.8750624656677246,0.16119258105754852,-9.110407829284668,0.0,0.0,0.0,0.0,0.0,0.0,0.0,0.0,0.0,0.0,0.0,0.0,0.3046153783798218,0.09959249198436737,0.304692804813385,0.2010767012834549,0.15501955151557922,0.4379846453666687,0.04114978387951851,0.6084890365600586,8.959498405456543,-2.6011269092559814,-0.5504528880119324,0.0,0.0,0.0,0.0,0.0,0.0,0.0
51949872579,0,0.012512555345892906,-0.15642735362052917,-0.7840127944946289,6.569455581484362e-05,-0.04113857448101044,-0.8442511558532715,0.08019976317882538,-0.24368728697299957,-0.015749359503388405,-0.02489384636282921,0.2305787056684494,-0.06023836135864258,-0.21141639351844788,0.041218310594558716,-1.0602447986602783,0.0,0.0,-0.0047828578390181065,-0.08164481073617935,0.47515660524368286,-0.5125219225883484,1.570894479751587,-0.6720998287200928,1.244786024093628,-4.886311054229736,0.9366717338562012,-50.502140045166016,0.173772931098938,3.3410305976867676,0.5,3.8405885696411133,1.3819326162338257,-4.482501029968262,-3.0132837295532227,5.929014205932617,20.52322006225586,2.0,30.62963104248047,0.29744139313697815,0.10119140893220901,0.30204102396965027,0.18398436903953552,0.0,0.30469265580177307,0.10327736288309097,0.30469265580177307,0.204936683177948,0.0,0.14658285677433014,1.5224626064300537,-9.245516777038574,-0.8884202241897583,0.17030395567417145,-9.182207107543945,0.0,0.0,0.0,0.0,0.0,0.0,0.0,0.0,0.0,0.0,0.0,0.0,0.30462169647216797,0.10041593760251999,0.304692804813385,0.20259231328964233,0.1582353115081787,0.44039005041122437,0.04114978387951851,0.6150814890861511,8.998086929321289,-2.812746047973633,-0.5045092105865479,0.0,0.0,0.0,0.0,0.0,0.0,0.0
51957067736,0,0.013545772060751915,-0.15849128365516663,-0.7839779853820801,6.569455581484362e-05,-0.04113857448101044,-0.8442511558532715,0.07708730548620224,-0.24364256858825684,-0.012079053558409214,-0.026960289105772972,0.2347065955400467,-0.060273170471191406,-0.21122033894062042,0.04392563924193382,-1.0654374361038208,0.0,0.0,-0.0047828578390181065,-0.08164481073617935,0.47515660524368286,-0.5125219225883484,1.5640416145324707,-0.6944413781166077,1.2504911422729492,-4.886311054229736,0.9366717338562012,-50.502140045166016,0.173772931098938,3.3410305976867676,0.5,3.8405885696411133,1.3819326162338257,-4.482501029968262,-3.0132837295532227,5.929014205932617,20.52322006225586,2.0,30.62963104248047,0.29744139313697815,0.09965820610523224,0.30357420444488525,0.18705077469348907,0.0,0.30469265580177307,0.10327736288309097,0.30469265580177307,0.204936683177948,0.0,0.1898033320903778,1.5261151790618896,-9.28849983215332,-0.8957340121269226,0.17350347340106964,-9.213838577270508,0.0,0.0,0.0,0.0,0.0,0.0,0.0,0.0,0.0,0.0,0.0,0.0,0.3046379089355469,0.10134806483983994,0.304692804813385,0.20381617546081543,0.1582353115081787,0.44039005041122437,0.04114978387951851,0.6150814890861511,8.998086929321289,-2.812746047973633,-0.5045092105865479,0.0,0.0,0.0,0.0,0.0,0.0,0.0
51967483606,0,0.013545772060751915,-0.15849128365516663,-0.7839779853820801,6.569455581484362e-05,-0.04113857448101044,-0.8442511558532715,0.07708730548620224,-0.24364256858825684,-0.012079053558409214,-0.026960289105772972,0.2347065955400467,-0.060273170471191406,-0.21122033894062042,0.04392563924193382,-1.0654374361038208,0.0,0.0,-0.0047828578390181065,0.014162526465952396,0.43933311104774475,-0.517749011516571,1.5640416145324707,-0.6944413781166077,1.2504911422729492,-4.886311054229736,0.9366717338562012,-50.502140045166016,0.173772931098938,3.3410305976867676,0.5,3.8405885696411133,1.3819326162338257,-4.482501029968262,-3.0132837295532227,5.929014205932617,20.52322006225586,2.0,30.62963104248047,0.29744139313697815,0.09965820610523224,0.30357420444488525,0.18858398497104645,0.0,0.30469265580177307,0.10327736288309097,0.30469265580177307,0.204936683177948,0.0,0.1898033320903778,1.5261151790618896,-9.28849983215332,-0.8957340121269226,0.17350347340106964,-9.213838577270508,0.0,0.0,0.0,0.0,0.0,0.0,0.0,0.0,0.0,0.0,0.0,0.0,0.3046559989452362,0.10216250270605087,0.304692804813385,0.20462486147880554,0.1582353115081787,0.44039005041122437,0.04114978387951851,0.6150814890861511,9.062057495117188,-3.106205463409424,-0.5038011074066162,0.0,0.0,0.0,0.0,0.0,0.0,0.0
51980638385,0,0.016134213656187057,-0.1624755859375,-0.7838036417961121,6.569455581484362e-05,-0.04113857448101044,-0.8442511558532715,0.07154377549886703,-0.24280349910259247,-0.00452740304172039,-0.032137200236320496,0.24267524480819702,-0.060447514057159424,-0.20860891044139862,0.04837092012166977,-1.075850248336792,0.0,0.0,-0.0047828578390181065,0.09616664797067642,0.4084629714488983,-0.5232497453689575,1.5242173671722412,-0.7340841293334961,1.2653048038482666,-4.968066692352295,0.9631085395812988,-50.848270416259766,0.0030711889266967773,3.3724515438079834,0.5,3.908783435821533,1.3446722030639648,-4.4762983322143555,-3.0641298294067383,5.6625823974609375,20.136905670166016,2.0,30.918991088867188,0.29744139313697815,0.09812500327825546,0.30204102396965027,0.191650390625,0.0,0.30469265580177307,0.10705748200416565,0.30469265580177307,0.20670399069786072,0.0,0.2194453775882721,1.4926177263259888,-9.271708488464355,-0.9102731347084045,0.17547419667243958,-9.281355857849121,0.0,0.0,0.0,0.0,0.0,0.0,0.0,0.0,0.0,0.0,0.0,0.0,0.3046717047691345,0.10294315218925476,0.304692804813385,0.20516164600849152,0.1582353115081787,0.44039005041122437,0.04114978387951851,0.6150814890861511,9.081850051879883,-3.2438344955444336,-0.5514233112335205,0.0,0.0,0.0,0.0,0.0,0.0,0.0
52001170871,0,0.016134213656187057,-0.1624755859375,-0.7838036417961121,6.569455581484362e-05,-0.04113857448101044,-0.8442511558532715,0.07154377549886703,-0.24280349910259247,-0.00452740304172039,-0.032137200236320496,0.24267524480819702,-0.060447514057159424,-0.20860891044139862,0.04837092012166977,-1.075850248336792,0.0,0.0,-0.0047828578390181065,0.2789084315299988,0.3327956199645996,-0.5334810018539429,1.5242173671722412,-0.7340841293334961,1.2653048038482666,-5.087701797485352,0.9642757177352905,-51.4730110168457,-0.2025834321975708,3.420483112335205,0.5,3.982677459716797,1.3078798055648804,-4.468043327331543,-3.119723081588745,5.406295299530029,19.702823638916016,2.0,31.33791160583496,0.29744139313697815,0.09965820610523224,0.30204102396965027,0.19318360090255737,0.0,0.30469265580177307,0.11134597659111023,0.30469265580177307,0.20791219174861908,0.0,0.2194453775882721,1.4926177263259888,-9.271708488464355,-0.9102731347084045,0.17547419667243958,-9.281355857849121,0.0,0.0,0.0,0.0,0.0,0.0,0.0,0.0,0.0,0.0,0.0,0.0,0.30468329787254333,0.1041097342967987,0.304692804813385,0.20568445324897766,0.14729776978492737,0.42555761337280273,0.04114978387951851,0.6268167495727539,8.752252578735352,-3.537832260131836,-0.48074713349342346,0.0,0.0,0.0,0.0,0.0,0.0,0.0
52009084899,0,0.018992725759744644,-0.16631977260112762,-0.7835062742233276,6.569455581484362e-05,-0.04113857448101044,-0.8442511558532715,0.06636451929807663,-0.24192990362644196,0.0042260983027517796,-0.03785425424575806,0.25036364793777466,-0.06074488162994385,-0.20329993963241577,0.05166759714484215,-1.086159110069275,0.0,0.0,-0.0047828578390181065,0.3664160370826721,0.29148268699645996,-0.5377112627029419,1.4717273712158203,-0.7501430511474609,1.2773815393447876,-5.087701797485352,0.9642757177352905,-51.4730110168457,-0.2025834321975708,3.420483112335205,0.5,3.982677459716797,1.3078798055648804,-4.468043327331543,-3.119723081588745,5.406295299530029,19.702823638916016,2.0,31.33791160583496,0.29744139313697815,0.09965820610523224,0.30357420444488525,0.19318360090255737,0.0,0.30469265580177307,0.11134597659111023,0.30469265580177307,0.20791219174861908,0.0,0.2774791717529297,1.3907374143600464,-9.212542533874512,-0.9250367283821106,0.17532286047935486,-9.358729362487793,0.0,0.0,0.0,0.0,0.0,0.0,0.0,0.0,0.0,0.0,0.0,0.0,0.30469074845314026,0.1058209091424942,0.304692804813385,0.2062969207763672,0.14729776978492737,0.42555761337280273,0.04114978387951851,0.6268167495727539,8.549184799194336,-3.733215570449829,-0.44372618198394775,0.0,0.0,0.0,0.0,0.0,0.0,0.0
52009154820,0,0.022126365453004837,-0.17012278735637665,-0.7830811738967896,6.569455581484362e-05,-0.04113857448101044,-0.8442511558532715,0.060775384306907654,-0.2413858026266098,0.012843701057136059,-0.04412156343460083,0.2579697072505951,-0.061169981956481934,-0.19533221423625946,0.05364160239696503,-1.0963116884231567,0.0,0.0,-0.0047828578390181065,0.3664160370826721,0.29148268699645996,-0.5377112627029419,1.4199901819229126,-0.752200186252594,1.28667414188385,-5.1265435218811035,0.9614174962043762,-51.675079345703125,-0.30445748567581177,3.4569249153137207,0.5,4.018204689025879,1.2908705472946167,-4.463469982147217,-3.1478042602539062,5.382380962371826,19.56252098083496,2.0,31.644956588745117,0.29744139313697815,0.09965820610523224,0.30357420444488525,0.19318360090255737,0.0,0.30469265580177307,0.11348006874322891,0.30469265580177307,0.20752334594726562,0.0,0.28575974702835083,1.329304814338684,-9.255846977233887,-0.9404789805412292,0.17415261268615723,-9.43373966217041,0.0,0.0,0.0,0.0,0.0,0.0,0.0,0.0,0.0,0.0,0.0,0.0,0.3046947717666626,0.10778047144412994,0.304692804813385,0.20687825977802277,0.14679594337940216,0.42301005125045776,0.04114978387951851,0.6318852305412292,8.549184799194336,-3.733215570449829,-0.44372618198394775,0.0,0.0,0.0,0.0,0.0,0.0,0.0
52018123823,0,0.022126365453004837,-0.17012278735637665,-0.7830811738967896,6.569455581484362e-05,-0.04113857448101044,-0.8442511558532715,0.060775384306907654,-0.2413858026266098,0.012843701057136059,-0.051251914352178574,0.2654728591442108,-0.06172585487365723,-0.19533221423625946,0.05364160239696503,-1.0963116884231567,0.0,0.0,-0.0047828578390181065,0.5110883116722107,0.22247375547885895,-0.545712947845459,1.4199901819229126,-0.752200186252594,1.28667414188385,-5.1265435218811035,0.9614174962043762,-51.675079345703125,-0.30445748567581177,3.4569249153137207,0.5,4.018204689025879,1.2908705472946167,-4.463469982147217,-3.1478042602539062,5.382380962371826,19.56252098083496,2.0,31.644956588745117,0.29744139313697815,0.10119140893220901,0.30204102396965027,0.19471679627895355,0.0,0.30469265580177307,0.11348006874322891,0.30469265580177307,0.20752334594726562,0.0,0.2888830900192261,1.2087846994400024,-9.226346969604492,-0.956904947757721,0.16950467228889465,-9.513594627380371,0.0,0.0,0.0,0.0,0.0,0.0,0.0,0.0,0.0,0.0,0.0,0.0,0.30469638109207153,0.10969748347997665,0.304692804813385,0.20730113983154297,0.14679594337940216,0.42301005125045776,0.04114978387951851,0.6318852305412292,8.169373512268066,-3.7901432514190674,-0.4463445842266083,0.0,0.0,0.0,0.0,0.0,0.0,0.0
52027679480,0,0.025691522285342216,-0.17387433350086212,-0.7825253009796143,6.569455581484362e-05,-0.04113857448101044,-0.8442511558532715,0.05564311519265175,-0.24077171087265015,0.02192034013569355,-0.051251914352178574,0.2654728591442108,-0.06172585487365723,-0.1848701685667038,0.054521892219781876,-1.1064335107803345,0.0,0.0,-0.0047828578390181065,0.6021148562431335,0.17588834464550018,-0.5506076216697693,1.3361743688583374,-0.7437739968299866,1.299338936805725,-5.262977123260498,0.9322757124900818,-52.324771881103516,-0.639958381652832,3.5776121616363525,0.5,4.125474452972412,1.2478890419006348,-4.449403285980225,-3.229093313217163,5.495139122009277,19.297672271728516,2.0,32.85082244873047,0.29744139313697815,0.10119140893220901,0.30357420444488525,0.19471679627895355,0.0,0.30469265580177307,0.119148850440979,0.30469265580177307,0.20460252463817596,0.0,0.2888830900192261,1.2087846994400024,-9.226346969604492,-0.956904947757721,0.16950467228889465,-9.513594627380371,0.0,0.0,0.0,0.0,0.0,0.0,0.0,0.0,0.0,0.0,0.0,0.0,0.3046965003013611,0.11159979552030563,0.304692804813385,0.2074153870344162,0.14851512014865875,0.4201965630054474,0.04114978387951851,0.645462691783905,7.850536346435547,-3.8453872203826904,-0.419857919216156,0.0,0.0,0.0,0.0,0.0,0.0,0.0
52038465459,0,0.025691522285342216,-0.17387433350086212,-0.7825253009796143,6.569455581484362e-05,-0.04113857448101044,-0.8442511558532715,0.05564311519265175,-0.24077171087265015,0.02192034013569355,-0.05487814173102379,0.26926469802856445,-0.062059640884399414,-0.1848701685667038,0.054521892219781876,-1.1064335107803345,0.0,0.0,-0.0047828578390181065,0.6021148562431335,0.17588834464550018,-0.5506076216697693,1.3361743688583374,-0.7437739968299866,1.299338936805725,-5.262977123260498,0.9322757124900818,-52.324771881103516,-0.639958381652832,3.5776121616363525,0.5,4.125474452972412,1.2478890419006348,-4.449403285980225,-3.229093313217163,5.495139122009277,19.297672271728516,2.0,32.85082244873047,0.29744139313697815,0.10272461175918579,0.30204102396965027,0.19625000655651093,0.0,0.30469265580177307,0.119148850440979,0.30469265580177307,0.20460252463817596,0.0,0.2888830900192261,1.2087846994400024,-9.226346969604492,-0.9652472734451294,0.16653375327587128,-9.551825523376465,0.0,0.0,0.0,0.0,0.0,0.0,0.0,0.0,0.0,0.0,0.0,0.0,0.30469584465026855,0.11366688460111618,0.304692804813385,0.20708724856376648,0.14916156232357025,0.4181928038597107,0.04114978387951851,0.6516817212104797,7.850536346435547,-3.8453872203826904,-0.419857919216156,0.0,0.0,0.0,0.0,0.0,0.0,0.0
52047146119,0,0.027504626661539078,-0.17577025294303894,-0.7821915149688721,6.569455581484362e-05,-0.04113857448101044,-0.8442511558532715,0.05312534049153328,-0.24041242897510529,0.026281680911779404,-0.05487814173102379,0.26926469802856445,-0.062059640884399414,-0.17878931760787964,0.05450264364480972,-1.111356258392334,0.0,0.0,-0.0047828578390181065,0.7375115752220154,0.0947071760892868,-0.5570785403251648,1.288550853729248,-0.7343566417694092,1.3056360483169556,-5.353175640106201,0.8971099257469177,-52.719356536865234,-0.8505226969718933,3.6818928718566895,0.5,4.193121910095215,1.2478890419006348,-4.449403285980225,-3.229093313217163,5.1056132316589355,18.56378173828125,2.0,33.121829986572266,0.29744139313697815,0.10272461175918579,0.30204102396965027,0.19625000655651093,0.0,0.30469265580177307,0.12681880593299866,0.30469265580177307,0.2057720273733139,0.0,0.2864631712436676,1.1529947519302368,-9.25053596496582,-0.9652472734451294,0.16653375327587128,-9.551825523376465,0.0,0.0,0.0,0.0,0.0,0.0,0.0,0.0,0.0,0.0,0.0,0.0,0.3046949505805969,0.1160489097237587,0.304692804813385,0.20652130246162415,0.14916156232357025,0.4181928038597107,0.04114978387951851,0.6516817212104797,7.146071434020996,-4.075643539428711,-0.3729817867279053,0.0,0.0,0.0,0.0,0.0,0.0,0.0
52057217542,0,0.031161034479737282,-0.17947526276111603,-0.78142911195755,6.569455581484362e-05,-0.04113857448101044,-0.8442511558532715,0.04754137620329857,-0.23923668265342712,0.032991062849760056,-0.06219099462032318,0.276674747467041,-0.06282204389572144,-0.165057972073555,0.053387079387903214,-1.121227502822876,0.0,0.0,-0.0047828578390181065,0.7375115752220154,0.0947071760892868,-0.5570785403251648,1.154542326927185,-0.694858968257904,1.3217663764953613,-5.353175640106201,0.8971099257469177,-52.719356536865234,-0.8505226969718933,3.6818928718566895,0.5,4.193121910095215,1.2246935367584229,-4.439986228942871,-3.282716751098633,5.1056132316589355,18.56378173828125,2.0,33.121829986572266,0.29744139313697815,0.10425781458616257,0.30357420444488525,0.19625000655651093,0.0,0.30469265580177307,0.12681880593299866,0.30469265580177307,0.2057720273733139,0.0,0.2444518506526947,1.033471703529358,-9.411712646484375,-0.9808282256126404,0.15910513699054718,-9.611116409301758,0.0,0.0,0.0,0.0,0.0,0.0,0.0,0.0,0.0,0.0,0.0,0.0,0.30469411611557007,0.11885393410921097,0.304692804813385,0.20605075359344482,0.1409757286310196,0.40478435158729553,0.04114978387951851,0.6561073064804077,7.146071434020996,-4.075643539428711,-0.3729817867279053,0.0,0.0,0.0,0.0,0.0,0.0,0.0
52067286312,0,0.031161034479737282,-0.17947526276111603,-0.78142911195755,6.569455581484362e-05,-0.04113857448101044,-0.8442511558532715,0.04754137620329857,-0.23923668265342712,0.032991062849760056,-0.06219099462032318,0.276674747467041,-0.06282204389572144,-0.165057972073555,0.053387079387903214,-1.121227502822876,0.0,0.0,-0.0047828578390181065,0.8546924591064453,0.012253963388502598,-0.5644357204437256,1.154542326927185,-0.694858968257904,1.3217663764953613,-5.487580299377441,0.8389893174171448,-53.13687515258789,-1.0884066820144653,3.8121676445007324,0.5,4.265050411224365,1.2246935367584229,-4.439986228942871,-3.282716751098633,5.14461088180542,18.195640563964844,2.0,33.92007827758789,0.29744139313697815,0.10425781458616257,0.30357420444488525,0.1977832019329071,0.0,0.30469265580177307,0.13223780691623688,0.30469265580177307,0.2040272057056427,0.0,0.2444518506526947,1.033471703529358,-9.411712646484375,-0.9808282256126404,0.15910513699054718,-9.611116409301758,0.0,0.0,0.0,0.0,0.0,0.0,0.0,0.0,0.0,0.0,0.0,0.0,0.30469346046447754,0.12195320427417755,0.304692804813385,0.20568740367889404,0.1409757286310196,0.40478435158729553,0.04114978387951851,0.6561073064804077,6.28159761428833,-4.189406394958496,-0.3685245215892792,0.0,0.0,0.0,0.0,0.0,0.0,0.0
52077064812,0,0.03480743244290352,-0.1832541674375534,-0.7805628776550293,6.569455581484362e-05,-0.04113857448101044,-0.8442511558532715,0.04103242605924606,-0.238876074552536,0.038677748292684555,-0.06948382407426834,0.28423261642456055,-0.06368827819824219,-0.14941416680812836,0.05108936131000519,-1.1310948133468628,0.0,0.0,-0.0047828578390181065,0.910675048828125,-0.03136688470840454,-0.5679673552513123,1.03443443775177,-0.6483882069587708,1.3347595930099487,-5.531874656677246,0.8276610970497131,-53.309295654296875,-1.1947636604309082,3.878614902496338,0.5,4.301905632019043,1.1965073347091675,-4.426321029663086,-3.3664348125457764,5.127864837646484,17.968992233276367,2.0,34.237178802490234,0.29744139313697815,0.10579101741313934,0.30204102396965027,0.1977832019329071,0.0,0.30469265580177307,0.1355108916759491,0.30469265580177307,0.20365333557128906,0.0,0.2311682403087616,0.7865873575210571,-9.439046859741211,-0.9977418780326843,0.15254351496696472,-9.661250114440918,0.0,0.0,0.0,0.0,0.0,0.0,0.0,0.0,0.0,0.0,0.0,0.0,0.3046930134296417,0.12527625262737274,0.304692804813385,0.2052655965089798,0.1417970061302185,0.39802512526512146,0.04114978387951851,0.6690927743911743,5.807089328765869,-4.170070648193359,-0.35055795311927795,0.0,0.0,0.0,0.0,0.0,0.0,0.0
52088300052,0,0.03658735752105713,-0.18515285849571228,-0.7800949811935425,6.569455581484362e-05,-0.04113857448101044,-0.8442511558532715,0.03715481981635094,-0.23877403140068054,0.04247593507170677,-0.07304368913173676,0.2880299985408783,-0.064156174659729,-0.14101359248161316,0.04951602593064308,-1.1359611749649048,0.0,0.0,-0.0047828578390181065,0.910675048828125,-0.03136688470840454,-0.5679673552513123,0.9704895615577698,-0.6207736730575562,1.3413194417953491,-5.531874656677246,0.8276610970497131,-53.309295654296875,-1.1947636604309082,3.878614902496338,0.5,4.301905632019043,1.1965073347091675,-4.426321029663086,-3.3664348125457764,5.127864837646484,17.968992233276367,2.0,34.237178802490234,0.29744139313697815,0.10732422024011612,0.30357420444488525,0.1977832019329071,0.0,0.30469265580177307,0.1355108916759491,0.30469265580177307,0.20365333557128906,0.0,0.20793788135051727,0.6703582406044006,-9.359415054321289,-1.0057953596115112,0.15048383176326752,-9.692599296569824,0.0,0.0,0.0,0.0,0.0,0.0,0.0,0.0,0.0,0.0,0.0,0.0,0.30469274520874023,0.12864814698696136,0.304692804813385,0.20477788150310516,0.14144445955753326,0.3938523530960083,0.04114978387951851,0.6742309927940369,5.807089328765869,-4.170070648193359,-0.35055795311927795,0.0,0.0,0.0,0.0,0.0,0.0,0.0
52098074755,0,0.04177993908524513,-0.19090357422828674,-0.7784570455551147,6.569455581484362e-05,-0.04113857448101044,-0.8442511558532715,0.025114210322499275,-0.23892097175121307,0.05643909424543381,-0.08342890441417694,0.299531489610672,-0.06579411029815674,-0.1139601394534111,0.04301642253994942,-1.1505855321884155,0.0,0.0,-0.0047828578390181065,0.9954264163970947,-0.11188440024852753,-0.5726302266120911,0.9704895615577698,-0.6207736730575562,1.3413194417953491,-5.623308181762695,0.8063759207725525,-53.716922760009766,-1.1947636604309082,3.878614902496338,0.5,4.301905632019043,1.1965073347091675,-4.426321029663086,-3.3664348125457764,5.221401214599609,17.581130981445312,2.0,35.056766510009766,0.29744139313697815,0.1088574230670929,0.30204102396965027,0.1977832019329071,0.0,0.30469265580177307,0.13709533214569092,0.30469265580177307,0.1995493620634079,0.0,0.20793788135051727,0.6703582406044006,-9.359415054321289,-1.0309264659881592,0.14466550946235657,-9.801736831665039,0.0,0.0,0.0,0.0,0.0,0.0,0.0,0.0,0.0,0.0,0.0,0.0,0.3046925961971283,0.13164593279361725,0.304692804813385,0.20414119958877563,0.14144445955753326,0.3938523530960083,0.04114978387951851,0.6742309927940369,4.696667194366455,-4.139560222625732,-0.2713972330093384,0.0,0.0,0.0,0.0,0.0,0.0,0.0
52107357821,0,0.04177993908524513,-0.19090357422828674,-0.7784570455551147,6.569455581484362e-05,-0.04113857448101044,-0.8442511558532715,0.025114210322499275,-0.23892097175121307,0.05643909424543381,-0.08342890441417694,0.299531489610672,-0.06579411029815674,-0.1139601394534111,0.04301642253994942,-1.1505855321884155,0.0,0.0,-0.0047828578390181065,0.9954264163970947,-0.11188440024852753,-0.5726302266120911,0.8036693334579468,-0.53871089220047,1.3575718402862549,-5.623308181762695,0.8063759207725525,-53.716922760009766,-1.421748399734497,4.033131122589111,0.5,4.371949195861816,1.1830246448516846,-4.418561935424805,-3.421583652496338,5.221401214599609,17.581130981445312,2.0,35.056766510009766,0.29744139313697815,0.11192382872104645,0.30357420444488525,0.1977832019329071,0.0,0.30469265580177307,0.14146815240383148,0.30469265580177307,0.20176555216312408,0.0,0.157719686627388,0.46425795555114746,-9.272150993347168,-1.0309264659881592,0.14466550946235657,-9.801736831665039,0.0,0.0,0.0,0.0,0.0,0.0,0.0,0.0,0.0,0.0,0.0,0.0,0.3046925663948059,0.13425447046756744,0.304692804813385,0.20327228307724,0.14341288805007935,0.38669151067733765,0.04114978387951851,0.6874584555625916,4.696667194366455,-4.139560222625732,-0.2713972330093384,0.0,0.0,0.0,0.0,0.0,0.0,0.0
52117554822,0,0.04177993908524513,-0.19090357422828674,-0.7784570455551147,6.569455581484362e-05,-0.04113857448101044,-0.8442511558532715,0.025114210322499275,-0.23892097175121307,0.05643909424543381,-0.08342890441417694,0.299531489610672,-0.06579411029815674,-0.1139601394534111,0.04301642253994942,-1.1505855321884155,0.0,0.0,-0.0047828578390181065,1.059850811958313,-0.1962987780570984,-0.5764651298522949,0.8036693334579468,-0.53871089220047,1.3575718402862549,-5.720637798309326,0.7917852401733398,-54.06753921508789,-1.6010968685150146,4.186802387237549,0.5,4.443726062774658,1.172525405883789,-4.411718845367432,-3.481557846069336,5.569694995880127,17.464370727539062,2.0,35.97413635253906,0.29744139313697815,0.11345703154802322,0.30357420444488525,0.1977832019329071,0.0,0.30469265580177307,0.14524179697036743,0.30469265580177307,0.19959357380867004,0.0,0.13299690186977386,0.24110756814479828,-9.364036560058594,-1.0309264659881592,0.14466550946235657,-9.801736831665039,0.0,0.0,0.0,0.0,0.0,0.0,0.0,0.0,0.0,0.0,0.0,0.0,0.3046925961971283,0.1368408501148224,0.304692804813385,0.20236444473266602,0.1507239192724228,0.3845309019088745,0.04114978387951851,0.7021751403808594,3.4177567958831787,-4.025805950164795,-0.20082873106002808,0.0,0.0,0.0,0.0,0.0,0.0,0.0
52127522175,0,0.04514417052268982,-0.19488023221492767,-0.7771726846694946,6.569455581484362e-05,-0.04113857448101044,-0.8442511558532715,0.015660583972930908,-0.23981940746307373,0.06390328705310822,-0.0901574045419693,0.30748486518859863,-0.06707847118377686,-0.09484712779521942,0.03732534870505333,-1.160260796546936,0.0,0.0,-0.0047828578390181065,1.0797219276428223,-0.23038965463638306,-0.5772831439971924,0.6654568910598755,-0.4614734649658203,1.3704146146774292,-5.770617485046387,0.7847791314125061,-54.204620361328125,-1.6010968685150146,4.186802387237549,0.5,4.443726062774658,1.172525405883789,-4.411718845367432,-3.481557846069336,5.38929557800293,17.051021575927734,2.0,36.04335403442383,0.29744139313697815,0.11652343720197678,0.30204102396965027,0.1977832019329071,0.0,0.30469265580177307,0.14788758754730225,0.30469265580177307,0.1996350735425949,0.0,0.10624009370803833,0.16121509671211243,-9.444940567016602,-1.0492031574249268,0.1426871120929718,-9.855385780334473,0.0,0.0,0.0,0.0,0.0,0.0,0.0,0.0,0.0,0.0,0.0,0.0,0.3046926259994507,0.13961103558540344,0.304692804813385,0.2015087753534317,0.1507239192724228,0.3845309019088745,0.04114978387951851,0.7021751403808594,2.879603862762451,-3.9185421466827393,-0.1510164439678192,0.0,0.0,0.0,0.0,0.0,0.0,0.0
52139647368,0,0.046729832887649536,-0.19687511026859283,-0.7764840722084045,6.569455581484362e-05,-0.04113857448101044,-0.8442511558532715,0.010662902146577835,-0.23982137441635132,0.06821318715810776,-0.09332874417304993,0.31147462129592896,-0.06776708364486694,-0.08507207036018372,0.03412942215800285,-1.165139079093933,0.0,0.0,-0.0047828578390181065,1.0797219276428223,-0.23038965463638306,-0.5772831439971924,0.5953712463378906,-0.4195440113544464,1.3768190145492554,-5.770617485046387,0.7847791314125061,-54.204620361328125,-1.6823923587799072,4.259392261505127,0.5,4.474514007568359,1.1692456007003784,-4.409361362457275,-3.507427453994751,5.38929557800293,17.051021575927734,2.0,36.04335403442383,0.29744139313697815,0.11805664002895355,0.30357420444488525,0.1977832019329071,0.0,0.30469265580177307,0.14987224340438843,0.30469265580177307,0.20058248937129974,0.0,0.03728212043642998,0.06973714381456375,-9.419276237487793,-1.0573725700378418,0.14184564352035522,-9.885977745056152,0.0,0.0,0.0,0.0,0.0,0.0,0.0,0.0,0.0,0.0,0.0,0.0,0.30469265580177307,0.14247018098831177,0.304692804813385,0.20078401267528534,0.14694100618362427,0.3768630921840668,0.04114978387951851,0.7032816410064697,2.879603862762451,-3.9185421466827393,-0.1510164439678192,0.0,0.0,0.0,0.0,0.0,0.0,0.0
52148243114,0,0.046729832887649536,-0.19687511026859283,-0.7764840722084045,6.569455581484362e-05,-0.04113857448101044,-0.8442511558532715,0.010662902146577835,-0.23982137441635132,0.06821318715810776,-0.09332874417304993,0.31147462129592896,-0.06776708364486694,-0.08507207036018372,0.03412942215800285,-1.165139079093933,0.0,0.0,-0.0047828578390181065,1.1040277481079102,-0.30660226941108704,-0.5786134004592896,0.5953712463378906,-0.4195440113544464,1.3768190145492554,-5.770617485046387,0.7847791314125061,-54.204620361328125,-1.6823923587799072,4.259392261505127,0.5,4.474514007568359,1.1692456007003784,-4.409361362457275,-3.507427453994751,5.38929557800293,17.051021575927734,2.0,36.04335403442383,0.29744139313697815,0.11958984285593033,0.30357420444488525,0.1977832019329071,0.0,0.30469265580177307,0.14987224340438843,0.30469265580177307,0.20058248937129974,0.0,-0.08177599310874939,-0.22145509719848633,-9.647040367126465,-1.0573725700378418,0.14184564352035522,-9.885977745056152,0.0,0.0,0.0,0.0,0.0,0.0,0.0,0.0,0.0,0.0,0.0,0.0,0.30469268560409546,0.14515066146850586,0.304692804813385,0.2003466784954071,0.14694100618362427,0.3768630921840668,0.04114978387951851,0.7032816410064697,1.5135881900787354,-3.6817896366119385,-0.08648991584777832,0.0,0.0,0.0,0.0,0.0,0.0,0.0
52157689174,0,0.04975944384932518,-0.20084968209266663,-0.7750359773635864,6.569455581484362e-05,-0.04113857448101044,-0.8442511558532715,-0.0008397891651839018,-0.23972173035144806,0.07187643647193909,-0.0993879958987236,0.3194238245487213,-0.06921517848968506,-0.06535230576992035,0.02697308547794819,-1.1749217510223389,0.0,0.0,-0.0047828578390181065,1.106707215309143,-0.3370518386363983,-0.5790306925773621,0.42087623476982117,-0.3055768609046936,1.3926286697387695,-5.900867462158203,0.7805229425430298,-54.485450744628906,-1.8624879121780396,4.443248748779297,0.5,4.547438144683838,1.1642005443572998,-4.405405521392822,-3.5681416988372803,5.502575874328613,16.36178970336914,2.0,36.92152404785156,0.29744139313697815,0.1211230456829071,0.30357420444488525,0.1977832019329071,0.0,0.30469265580177307,0.15838485956192017,0.30469265580177307,0.1991688311100006,0.0,-0.08177599310874939,-0.22145509719848633,-9.647040367126465,-1.0728850364685059,0.1419132649898529,-9.906445503234863,0.0,0.0,0.0,0.0,0.0,0.0,0.0,0.0,0.0,0.0,0.0,0.0,0.30469271540641785,0.1477329134941101,0.304692804813385,0.20010988414287567,0.1475532352924347,0.3667856752872467,0.04114978387951851,0.7126930952072144,0.9788311719894409,-3.5505423545837402,-0.06768815964460373,0.0,0.0,0.0,0.0,0.0,0.0,0.0
52167312216,0,0.051070891320705414,-0.2029096484184265,-0.7742788195610046,6.569455581484362e-05,-0.04113857448101044,-0.8442511558532715,-0.006924057379364967,-0.24002543091773987,0.0743732675909996,-0.10201090574264526,0.3235437572002411,-0.06997233629226685,-0.05543255805969238,0.02307640202343464,-1.179883599281311,0.0,0.0,-0.0047828578390181065,1.106707215309143,-0.3370518386363983,-0.5790306925773621,0.35196712613105774,-0.2569778263568878,1.398863434791565,-5.946638107299805,0.789210319519043,-54.57102584838867,-1.9276087284088135,4.520018100738525,0.5,4.578409194946289,1.1630802154541016,-4.404438495635986,-3.594311475753784,5.502575874328613,16.36178970336914,2.0,36.92152404785156,0.29744139313697815,0.12418945133686066,0.30357420444488525,0.1977832019329071,0.0,0.30469265580177307,0.1592768430709839,0.30469265580177307,0.20063120126724243,0.0,-0.12127318978309631,-0.3368866741657257,-9.652019500732422,-1.0812069177627563,0.14349278807640076,-9.922004699707031,0.0,0.0,0.0,0.0,0.0,0.0,0.0,0.0,0.0,0.0,0.0,0.0,0.30469274520874023,0.15061691403388977,0.304692804813385,0.19995243847370148,0.14931751787662506,0.364012211561203,0.04114978387951851,0.7172761559486389,0.9788311719894409,-3.5505423545837402,-0.06768815964460373,0.0,0.0,0.0,0.0,0.0,0.0,0.0
52181261920,0,0.05404336750507355,-0.20921097695827484,-0.7718756794929504,6.569455581484362e-05,-0.04113857448101044,-0.8442511558532715,-0.02807016111910343,-0.2402302473783493,0.07860928773880005,-0.10795588791370392,0.3361464738845825,-0.07237547636032104,-0.026577051728963852,0.010367176495492458,-1.1947294473648071,0.0,0.0,-0.0047828578390181065,1.0914283990859985,-0.4036438763141632,-0.5785144567489624,0.35196712613105774,-0.2569778263568878,1.398863434791565,-5.946638107299805,0.789210319519043,-54.57102584838867,-1.9276087284088135,4.520018100738525,0.5,4.578409194946289,1.1630802154541016,-4.404438495635986,-3.594311475753784,5.502575874328613,16.36178970336914,2.0,36.92152404785156,0.29744139313697815,0.12572266161441803,0.30357420444488525,0.1977832019329071,0.0,0.30469265580177307,0.1592768430709839,0.30469265580177307,0.20063120126724243,0.0,-0.12127318978309631,-0.3368866741657257,-9.652019500732422,-1.1027861833572388,0.1561909317970276,-9.94188117980957,0.0,0.0,0.0,0.0,0.0,0.0,0.0,0.0,0.0,0.0,0.0,0.0,0.30469274520874023,0.15359213948249817,0.304692804813385,0.19993282854557037,0.14931751787662506,0.364012211561203,0.04114978387951851,0.7172761559486389,-0.37638071179389954,-3.233254909515381,0.011463286355137825,0.0,0.0,0.0,0.0,0.0,0.0,0.0
52187638963,0,0.05404336750507355,-0.20921097695827484,-0.7718756794929504,6.569455581484362e-05,-0.04113857448101044,-0.8442511558532715,-0.02807016111910343,-0.2402302473783493,0.07860928773880005,-0.10795588791370392,0.3361464738845825,-0.07237547636032104,-0.026577051728963852,0.010367176495492458,-1.1947294473648071,0.0,0.0,-0.0047828578390181065,1.0914283990859985,-0.4036438763141632,-0.5785144567489624,0.1858898550271988,-0.1299050897359848,1.4141898155212402,-6.026458263397217,0.8253757357597351,-54.65184020996094,-2.032358169555664,4.684553146362305,0.5,4.647860050201416,1.1626286506652832,-4.404063701629639,-3.655688524246216,5.4878740310668945,15.831485748291016,2.0,37.2275390625,0.29744139313697815,0.12878906726837158,0.30357420444488525,0.1977832019329071,0.0,0.30469265580177307,0.16686847805976868,0.30469265580177307,0.20215314626693726,0.0,-0.23134902119636536,-0.546174168586731,-9.70128059387207,-1.1027861833572388,0.1561909317970276,-9.94188117980957,0.0,0.0,0.0,0.0,0.0,0.0,0.0,0.0,0.0,0.0,0.0,0.0,0.30469274520874023,0.15645457804203033,0.304692804813385,0.20012225210666656,0.14900918304920197,0.3540676534175873,0.04114978387951851,0.7221333384513855,-0.37638071179389954,-3.233254909515381,0.011463286355137825,0.0,0.0,0.0,0.0,0.0,0.0,0.0
52198162512,0,0.05404336750507355,-0.20921097695827484,-0.7718756794929504,6.569455581484362e-05,-0.04113857448101044,-0.8442511558532715,-0.02807016111910343,-0.2402302473783493,0.07860928773880005,-0.10795588791370392,0.3361464738845825,-0.07237547636032104,-0.026577051728963852,0.010367176495492458,-1.1947294473648071,0.0,0.0,-0.0047828578390181065,1.0914283990859985,-0.4036438763141632,-0.5785144567489624,0.1858898550271988,-0.1299050897359848,1.4141898155212402,-6.098537921905518,0.8997964859008789,-54.736568450927734,-2.143385410308838,4.864777088165283,0.5,4.715023040771484,1.1645383834838867,-4.406205177307129,-3.7130329608917236,5.92765474319458,15.730934143066406,2.0,38.0228157043457,0.29744139313697815,0.13185547292232513,0.30204102396965027,0.1977832019329071,0.0,0.30469265580177307,0.16931267082691193,0.30469265580177307,0.20121686160564423,0.0,-0.39075326919555664,-0.818851113319397,-9.581798553466797,-1.1027861833572388,0.1561909317970276,-9.94188117980957,0.0,0.0,0.0,0.0,0.0,0.0,0.0,0.0,0.0,0.0,0.0,0.0,0.30469274520874023,0.15954653918743134,0.304692804813385,0.200476735830307,0.15820689499378204,0.3521765470504761,0.04114978387951851,0.7347092032432556,-0.37638071179389954,-3.233254909515381,0.011463286355137825,0.0,0.0,0.0,0.0,0.0,0.0,0.0
52209433618,0,0.05498070269823074,-0.2134445458650589,-0.7701742649078369,6.569455581484362e-05,-0.04113857448101044,-0.8442511558532715,-0.0440845787525177,-0.23974455893039703,0.08260282129049301,-0.10983056575059891,0.3446136713027954,-0.07407689094543457,-0.00809001550078392,0.001202393090352416,-1.204796314239502,0.0,0.0,-0.0047828578390181065,1.0250084400177002,-0.4805176556110382,-0.576585054397583,0.0601997971534729,-0.024573197588324547,1.4262139797210693,-6.127648830413818,0.9431139230728149,-54.806644439697266,-2.143385410308838,4.864777088165283,0.5,4.715023040771484,1.1645383834838867,-4.406205177307129,-3.7130329608917236,5.827462673187256,15.376110076904297,2.0,37.989662170410156,0.29744139313697815,0.1333886682987213,0.30357420444488525,0.1977832019329071,0.0,0.30469265580177307,0.17156849801540375,0.30469265580177307,0.20208291709423065,0.0,-0.39075326919555664,-0.818851113319397,-9.581798553466797,-1.114117980003357,0.17147526144981384,-9.964844703674316,0.0,0.0,0.0,0.0,0.0,0.0,0.0,0.0,0.0,0.0,0.0,0.0,0.30469274520874023,0.16286063194274902,0.304692804813385,0.2008707970380783,0.15820689499378204,0.3521765470504761,0.04114978387951851,0.7347092032432556,-2.153804302215576,-2.6047523021698,0.053045179694890976,0.0,0.0,0.0,0.0,0.0,0.0,0.0
52217365708,0,0.05517524480819702,-0.21555916965007782,-0.7692878246307373,6.569455581484362e-05,-0.04113857448101044,-0.8442511558532715,-0.052828315645456314,-0.23937088251113892,0.0851331353187561,-0.11021964997053146,0.34884294867515564,-0.07496333122253418,0.0006439244607463479,-0.0035624459851533175,-1.2098503112792969,0.0,0.0,-0.0047828578390181065,1.0250084400177002,-0.4805176556110382,-0.576585054397583,0.0017887366702780128,0.028724759817123413,1.4321181774139404,-6.127648830413818,0.9431139230728149,-54.806644439697266,-2.1680192947387695,4.94368314743042,0.5,4.7500457763671875,1.1663377285003662,-4.408393383026123,-3.744048595428467,5.827462673187256,15.376110076904297,2.0,37.989662170410156,0.29744139313697815,0.1333886682987213,0.30357420444488525,0.1977832019329071,0.0,0.30469265580177307,0.17408177256584167,0.30469265580177307,0.20310591161251068,0.0,-0.4548770785331726,-0.9249919056892395,-9.5430269241333,-1.1189322471618652,0.18147188425064087,-9.980273246765137,0.0,0.0,0.0,0.0,0.0,0.0,0.0,0.0,0.0,0.0,0.0,0.0,0.30469274520874023,0.16610926389694214,0.304692804813385,0.20129549503326416,0.15611562132835388,0.34548839926719666,0.04114978387951851,0.7341862916946411,-2.153804302215576,-2.6047523021698,0.053045179694890976,0.0,0.0,0.0,0.0,0.0,0.0,0.0
52227218600,0,0.05517524480819702,-0.21555916965007782,-0.7692878246307373,6.569455581484362e-05,-0.04113857448101044,-0.8442511558532715,-0.052828315645456314,-0.23937088251113892,0.0851331353187561,-0.11021964997053146,0.34884294867515564,-0.07496333122253418,0.0006439244607463479,-0.0035624459851533175,-1.2098503112792969,0.0,0.0,-0.0047828578390181065,0.9423061609268188,-0.5257073044776917,-0.5730405449867249,0.0017887366702780128,0.028724759817123413,1.4321181774139404,-6.127648830413818,0.9431139230728149,-54.806644439697266,-2.1680192947387695,4.94368314743042,0.5,4.7500457763671875,1.1663377285003662,-4.408393383026123,-3.744048595428467,5.827462673187256,15.376110076904297,2.0,37.989662170410156,0.29744139313697815,0.13952147960662842,0.30357420444488525,0.1977832019329071,0.0,0.30469265580177307,0.17408177256584167,0.30469265580177307,0.20310591161251068,0.0,-0.4548770785331726,-0.9249919056892395,-9.5430269241333,-1.1189322471618652,0.18147188425064087,-9.980273246765137,0.0,0.0,0.0,0.0,0.0,0.0,0.0,0.0,0.0,0.0,0.0,0.0,0.30469274520874023,0.16906218230724335,0.304692804813385,0.20179124176502228,0.15611562132835388,0.34548839926719666,0.04114978387951851,0.7341862916946411,-3.400271415710449,-2.0892741680145264,0.1285310685634613,0.0,0.0,0.0,0.0,0.0,0.0,0.0
52237518074,0,0.054799921810626984,-0.2221214324235916,-0.7663894891738892,6.569455581484362e-05,-0.04113857448101044,-0.8442511558532715,-0.08005115389823914,-0.23867949843406677,0.10050181299448013,-0.10946900397539139,0.361967533826828,-0.07786166667938232,0.025293005630373955,-0.018293380737304688,-1.2252198457717896,0.0,0.0,-0.0047828578390181065,0.9423061609268188,-0.5257073044776917,-0.5730405449867249,-0.15994924306869507,0.18971125781536102,1.449579119682312,-6.212820053100586,1.1210509538650513,-55.25167465209961,-2.240164279937744,5.152498722076416,0.5,4.8309173583984375,1.1719114780426025,-4.416187286376953,-3.8152377605438232,5.836234092712402,14.732662200927734,2.0,38.208168029785156,0.29744139313697815,0.14258788526058197,0.30357420444488525,0.1977832019329071,0.0,0.30469265580177307,0.18141455948352814,0.30469265580177307,0.20676423609256744,0.0,-0.568556010723114,-1.1194545030593872,-9.138319969177246,-1.134731411933899,0.2170090228319168,-10.085762023925781,0.0,0.0,0.0,0.0,0.0,0.0,0.0,0.0,0.0,0.0,0.0,0.0,0.30469274520874023,0.17177899181842804,0.304692804813385,0.20244641602039337,0.15611562132835388,0.34548839926719666,0.04114978387951851,0.7341862916946411,-3.400271415710449,-2.0892741680145264,0.1285310685634613,0.0,0.0,0.0,0.0,0.0,0.0,0.0
52247149955,0,0.05424116179347038,-0.22430425882339478,-0.7653089761734009,6.569455581484362e-05,-0.04113857448101044,-0.8442511558532715,-0.0897112786769867,-0.23838496208190918,0.10762190818786621,-0.10835147649049759,0.3663332164287567,-0.0789421796798706,0.032794348895549774,-0.023296216502785683,-1.2304285764694214,0.0,0.0,-0.0047828578390181065,0.8951787948608398,-0.5413971543312073,-0.57081139087677,-0.15994924306869507,0.18971125781536102,1.449579119682312,-6.24102258682251,1.193549633026123,-55.4716911315918,-2.2316136360168457,5.2256293296813965,0.5,4.868653774261475,1.1719114780426025,-4.416187286376953,-3.8152377605438232,6.007816791534424,14.680181503295898,2.0,38.37113952636719,0.29744139313697815,0.14565429091453552,0.30357420444488525,0.1977832019329071,0.0,0.30469265580177307,0.18244539201259613,0.30469265580177307,0.20791371166706085,0.0,-0.568556010723114,-1.1194545030593872,-9.138319969177246,-1.1395974159240723,0.23126320540905,-10.135467529296875,0.0,0.0,0.0,0.0,0.0,0.0,0.0,0.0,0.0,0.0,0.0,0.0,0.30469274520874023,0.1746024489402771,0.304692804813385,0.20344965159893036,0.15611562132835388,0.34548839926719666,0.04114978387951851,0.7341862916946411,-3.9345035552978516,-1.7942755222320557,0.16621436178684235,0.0,0.0,0.0,0.0,0.0,0.0,0.0
52257565415,0,0.05424116179347038,-0.22430425882339478,-0.7653089761734009,6.569455581484362e-05,-0.04113857448101044,-0.8442511558532715,-0.0897112786769867,-0.23838496208190918,0.10762190818786621,-0.10835147649049759,0.3663332164287567,-0.0789421796798706,0.032794348895549774,-0.023296216502785683,-1.2304285764694214,0.0,0.0,-0.0047828578390181065,0.8951787948608398,-0.5413971543312073,-0.57081139087677,-0.20792639255523682,0.2429279237985611,1.455350399017334,-6.24102258682251,1.193549633026123,-55.4716911315918,-2.2316136360168457,5.2256293296813965,0.5,4.868653774261475,1.175452709197998,-4.421609878540039,-3.8509936332702637,6.007816791534424,14.680181503295898,2.0,38.37113952636719,0.29744139313697815,0.15025390684604645,0.30357420444488525,0.1977832019329071,0.0,0.30469265580177307,0.18244539201259613,0.30469265580177307,0.20791371166706085,0.0,-0.6342766284942627,-1.2582978010177612,-9.013055801391602,-1.1395974159240723,0.23126320540905,-10.135467529296875,0.0,0.0,0.0,0.0,0.0,0.0,0.0,0.0,0.0,0.0,0.0,0.0,0.30469274520874023,0.17739073932170868,0.304692804813385,0.20471373200416565,0.16019530594348907,0.33244624733924866,0.04114978387951851,0.740077555179596,-3.9345035552978516,-1.7942755222320557,0.16621436178684235,0.0,0.0,0.0,0.0,0.0,0.0,0.0
52267136779,0,0.05344885587692261,-0.22646750509738922,-0.7641611099243164,6.569455581484362e-05,-0.04113857448101044,-0.8442511558532715,-0.09921534359455109,-0.23758915066719055,0.1160253956913948,-0.10676685720682144,0.3706597089767456,-0.08009004592895508,0.039830513298511505,-0.028225645422935486,-1.235544204711914,0.0,0.0,-0.0047828578390181065,0.8369407057762146,-0.5545668601989746,-0.5674887299537659,-0.27348455786705017,0.32070493698120117,1.4637545347213745,-6.289753437042236,1.3514703512191772,-56.071590423583984,-2.244884490966797,5.316519260406494,0.5,4.903538703918457,1.1787668466567993,-4.4271626472473145,-3.8823485374450684,6.59471321105957,14.998058319091797,2.0,38.98036575317383,0.29744139313697815,0.15178710222244263,0.30357420444488525,0.1977832019329071,0.0,0.30469265580177307,0.17615582048892975,0.30469265580177307,0.20752638578414917,0.0,-0.7007218599319458,-1.295322299003601,-8.882928848266602,-1.1435915231704712,0.24572189152240753,-10.19483470916748,0.0,0.0,0.0,0.0,0.0,0.0,0.0,0.0,0.0,0.0,0.0,0.0,0.30469274520874023,0.179404616355896,0.304692804813385,0.20590803027153015,0.16019530594348907,0.33244624733924866,0.04114978387951851,0.740077555179596,-4.430765151977539,-1.4084645509719849,0.22421690821647644,0.0,0.0,0.0,0.0,0.0,0.0,0.0
52277739558,0,0.05344885587692261,-0.22646750509738922,-0.7641611099243164,6.569455581484362e-05,-0.04113857448101044,-0.8442511558532715,-0.09921534359455109,-0.23758915066719055,0.1160253956913948,-0.10676685720682144,0.3706597089767456,-0.08009004592895508,0.039830513298511505,-0.028225645422935486,-1.235544204711914,0.0,0.0,-0.0047828578390181065,0.7401672601699829,-0.56465744972229,-0.5627219080924988,-0.27348455786705017,0.32070493698120117,1.4637545347213745,-6.289753437042236,1.3514703512191772,-56.071590423583984,-2.244884490966797,5.316519260406494,0.5,4.903538703918457,1.1787668466567993,-4.4271626472473145,-3.8823485374450684,6.59471321105957,14.998058319091797,2.0,38.98036575317383,0.29744139313697815,0.15638671815395355,0.30357420444488525,0.1977832019329071,0.0,0.30469265580177307,0.17615582048892975,0.30469265580177307,0.20752638578414917,0.0,-0.7007218599319458,-1.295322299003601,-8.882928848266602,-1.1435915231704712,0.24572189152240753,-10.19483470916748,0.0,0.0,0.0,0.0,0.0,0.0,0.0,0.0,0.0,0.0,0.0,0.0,0.30469274520874023,0.180085688829422,0.304692804813385,0.20681190490722656,0.17206808924674988,0.33833733201026917,0.04114978387951851,0.7497631907463074,-5.091662883758545,-0.7896093726158142,0.2472677230834961,0.0,0.0,0.0,0.0,0.0,0.0,0.0
52287151242,0,0.05144276097416878,-0.23070642352104187,-0.761629581451416,6.569455581484362e-05,-0.04113857448101044,-0.8442511558532715,-0.11900494247674942,-0.23543065786361694,0.133111372590065,-0.10275464504957199,0.3791376054286957,-0.08262157440185547,0.05264315381646156,-0.03806210681796074,-1.245917797088623,0.0,0.0,-0.0047828578390181065,0.653868556022644,-0.5648455619812012,-0.5596455931663513,-0.34883788228034973,0.420742928981781,1.474937915802002,-6.337728023529053,1.6166034936904907,-57.10594177246094,-2.1844942569732666,5.509522438049316,0.5,5.011297702789307,1.1852238178253174,-4.439399719238281,-3.940720319747925,7.414167881011963,15.235946655273438,2.0,39.5964469909668,0.29744139313697815,0.1594531238079071,0.30357420444488525,0.1977832019329071,0.0,0.30469265580177307,0.17380566895008087,0.30469265580177307,0.210130974650383,0.0,-0.9756249785423279,-1.4923512935638428,-8.659046173095703,-1.15034019947052,0.27689582109451294,-10.314205169677734,0.0,0.0,0.0,0.0,0.0,0.0,0.0,0.0,0.0,0.0,0.0,0.0,0.30469274520874023,0.17958706617355347,0.304692804813385,0.20750842988491058,0.17206808924674988,0.33833733201026917,0.04114978387951851,0.7497631907463074,-5.518741607666016,-0.29528528451919556,0.2194601595401764,0.0,0.0,0.0,0.0,0.0,0.0,0.0
52297269632,0,0.04855136573314667,-0.23488110303878784,-0.7587520480155945,6.569455581484362e-05,-0.04113857448101044,-0.8442511558532715,-0.14001698791980743,-0.23187655210494995,0.15227584540843964,-0.09697182476520538,0.38748699426651,-0.085499107837677,0.06366006284952164,-0.04767356067895889,-1.2563673257827759,0.0,0.0,-0.0047828578390181065,0.653868556022644,-0.5648455619812012,-0.5596455931663513,-0.39605143666267395,0.492462158203125,1.4833272695541382,-6.337728023529053,1.6166034936904907,-57.10594177246094,-2.1844942569732666,5.509522438049316,0.5,5.011297702789307,1.189761757850647,-4.4492621421813965,-3.981262683868408,7.414167881011963,15.235946655273438,2.0,39.5964469909668,0.29744139313697815,0.16251952946186066,0.30357420444488525,0.19931641221046448,0.0,0.30469265580177307,0.17380566895008087,0.30469265580177307,0.210130974650383,0.0,-0.9756249785423279,-1.4923512935638428,-8.659046173095703,-1.1540743112564087,0.31241574883461,-10.450058937072754,0.0,0.0,0.0,0.0,0.0,0.0,0.0,0.0,0.0,0.0,0.0,0.0,0.30469274520874023,0.17838342487812042,0.304692804813385,0.20821478962898254,0.18895137310028076,0.34284019470214844,0.04114978387951851,0.7593984603881836,-5.518741607666016,-0.29528528451919556,0.2194601595401764,0.0,0.0,0.0,0.0,0.0,0.0,0.0
52307273064,0,0.04855136573314667,-0.23488110303878784,-0.7587520480155945,6.569455581484362e-05,-0.04113857448101044,-0.8442511558532715,-0.14001698791980743,-0.23187655210494995,0.15227584540843964,-0.09047304838895798,0.39573612809181213,-0.08871239423751831,0.06366006284952164,-0.04767356067895889,-1.2563673257827759,0.0,0.0,-0.0047828578390181065,0.5902421474456787,-0.5607092380523682,-0.5573386549949646,-0.39605143666267395,0.492462158203125,1.4833272695541382,-6.347408771514893,1.7182866334915161,-57.47532272338867,-2.1844942569732666,5.509522438049316,0.5,5.011297702789307,1.189761757850647,-4.4492621421813965,-3.981262683868408,7.418309211730957,15.088213920593262,2.0,39.476112365722656,0.29744139313697815,0.16405273973941803,0.30357420444488525,0.19931641221046448,0.0,0.30469265580177307,0.17287543416023254,0.30469265580177307,0.21180126070976257,0.0,-0.9756249785423279,-1.4923512935638428,-8.659046173095703,-1.1574023962020874,0.35050708055496216,-10.587646484375,0.0,0.0,0.0,0.0,0.0,0.0,0.0,0.0,0.0,0.0,0.0,0.0,0.30469274520874023,0.1769038289785385,0.304692804813385,0.2089928388595581,0.18895137310028076,0.34284019470214844,0.04114978387951851,0.7593984603881836,-5.781867027282715,0.0471779964864254,0.21968230605125427,0.0,0.0,0.0,0.0,0.0,0.0,0.0
52317269403,0,0.04530199244618416,-0.2390056550502777,-0.7555387616157532,6.569455581484362e-05,-0.04113857448101044,-0.8442511558532715,-0.16170471906661987,-0.22785723209381104,0.17149192094802856,-0.09047304838895798,0.39573612809181213,-0.08871239423751831,0.07267648726701736,-0.056754644960165024,-1.2667425870895386,0.0,0.0,-0.0047828578390181065,0.5902421474456787,-0.5607092380523682,-0.5573386549949646,-0.44618088006973267,0.5810278654098511,1.4943381547927856,-6.355862140655518,1.8254073858261108,-57.84202194213867,-2.1164703369140625,5.595998764038086,0.5,5.074216842651367,1.1960957050323486,-4.465376377105713,-4.0400190353393555,7.667263984680176,15.222719192504883,2.0,39.620182037353516,0.29744139313697815,0.1655859351158142,0.30357420444488525,0.19931641221046448,0.0,0.30469265580177307,0.17316830158233643,0.30469265580177307,0.2138402909040451,0.0,-1.0816773176193237,-1.5830268859863281,-8.615975379943848,-1.1574023962020874,0.35050708055496216,-10.587646484375,0.0,0.0,0.0,0.0,0.0,0.0,0.0,0.0,0.0,0.0,0.0,0.0,0.30469274520874023,0.17548923194408417,0.304692804813385,0.20991075038909912,0.19413425028324127,0.3425900638103485,0.04114978387951851,0.7597687840461731,-5.781867027282715,0.0471779964864254,0.21968230605125427,0.0,0.0,0.0,0.0,0.0,0.0,0.0
52327214136,0,0.04530199244618416,-0.2390056550502777,-0.7555387616157532,6.569455581484362e-05,-0.04113857448101044,-0.8442511558532715,-0.16170471906661987,-0.22785723209381104,0.17149192094802856,-0.09047304838895798,0.39573612809181213,-0.08871239423751831,0.07267648726701736,-0.056754644960165024,-1.2667425870895386,0.0,0.0,-0.0047828578390181065,0.3973791301250458,-0.5325029492378235,-0.5485982894897461,-0.44618088006973267,0.5810278654098511,1.4943381547927856,-6.371755599975586,2.139671802520752,-58.924171447753906,-2.022597312927246,5.690969467163086,0.5,5.143303871154785,1.1960957050323486,-4.465376377105713,-4.0400190353393555,8.407309532165527,15.678497314453125,2.0,40.06900405883789,0.29590821266174316,0.16711914539337158,0.30357420444488525,0.19931641221046448,0.0,0.30469265580177307,0.16539277136325836,0.30469265580177307,0.21630741655826569,0.0,-1.0816773176193237,-1.5830268859863281,-8.615975379943848,-1.1574023962020874,0.35050708055496216,-10.587646484375,0.0,0.0,0.0,0.0,0.0,0.0,0.0,0.0,0.0,0.0,0.0,0.0,0.30469274520874023,0.1739930361509323,0.304692804813385,0.2111070454120636,0.19413425028324127,0.3425900638103485,0.04114978387951851,0.7597687840461731,-6.408298969268799,0.8533358573913574,0.27042829990386963,0.0,0.0,0.0,0.0,0.0,0.0,0.0
52337296049,0,0.0416804775595665,-0.24302051961421967,-0.7519712448120117,6.569455581484362e-05,-0.04113857448101044,-0.8442511558532715,-0.18303778767585754,-0.22227297723293304,0.18906639516353607,-0.08322998136281967,0.4037659168243408,-0.09227991104125977,0.07962588965892792,-0.0654536709189415,-1.2771040201187134,0.0,0.0,-0.0047828578390181065,0.33614131808280945,-0.5193066000938416,-0.5463441610336304,-0.48706722259521484,0.6820090413093567,1.5080862045288086,-6.371755599975586,2.139671802520752,-58.924171447753906,-2.022597312927246,5.690969467163086,0.5,5.143303871154785,1.2022340297698975,-4.48499059677124,-4.103494644165039,8.407309532165527,15.678497314453125,2.0,40.06900405883789,0.29744139313697815,0.16711914539337158,0.30357420444488525,0.19931641221046448,0.0,0.30469265580177307,0.16539277136325836,0.30469265580177307,0.21630741655826569,0.0,-1.3016468286514282,-1.6642048358917236,-8.899059295654297,-1.1585010290145874,0.38903123140335083,-10.713485717773438,0.0,0.0,0.0,0.0,0.0,0.0,0.0,0.0,0.0,0.0,0.0,0.0,0.30469274520874023,0.17202889919281006,0.304692804813385,0.21254120767116547,0.2092052549123764,0.351189523935318,0.04114978387951851,0.7667628526687622,-6.574862003326416,1.124239206314087,0.26173919439315796,0.0,0.0,0.0,0.0,0.0,0.0,0.0
52347427626,0,0.03954461216926575,-0.24486112594604492,-0.7500928044319153,6.569455581484362e-05,-0.04113857448101044,-0.8442511558532715,-0.19403517246246338,-0.21876145899295807,0.19419318437576294,-0.07895822823047638,0.40744712948799133,-0.0941583514213562,0.0822870284318924,-0.06958359479904175,-1.2822997570037842,0.0,0.0,-0.0047828578390181065,0.33614131808280945,-0.5193066000938416,-0.5463441610336304,-0.4966983497142792,0.7176786065101624,1.5135774612426758,-6.360843658447266,2.257422924041748,-59.124977111816406,-1.971597671508789,5.7198166847229,0.5,5.173094749450684,1.2045066356658936,-4.494073867797852,-4.130770683288574,8.391191482543945,15.567831993103027,2.0,39.88215255737305,0.29744139313697815,0.16711914539337158,0.30357420444488525,0.19931641221046448,0.0,0.30469265580177307,0.1662282645702362,0.30469265580177307,0.21913880109786987,0.0,-1.3653299808502197,-1.7371515035629272,-9.093729972839355,-1.1565170288085938,0.4104405343532562,-10.749996185302734,0.0,0.0,0.0,0.0,0.0,0.0,0.0,0.0,0.0,0.0,0.0,0.0,0.30469274520874023,0.16987690329551697,0.304692804813385,0.214072123169899,0.2092052549123764,0.351189523935318,0.04114978387951851,0.7667628526687622,-6.574862003326416,1.124239206314087,0.26173919439315796,0.0,0.0,0.0,0.0,0.0,0.0,0.0
52357342746,0,0.03252352029085159,-0.25022098422050476,-0.7441812753677368,6.569455581484362e-05,-0.04113857448101044,-0.8442511558532715,-0.22647197544574738,-0.20711614191532135,0.20856700837612152,-0.0649159774184227,0.4181669056415558,-0.10006988048553467,0.08717614412307739,-0.0806298777461052,-1.2976150512695312,0.0,0.0,-0.0047828578390181065,0.19399644434452057,-0.4794657826423645,-0.5418639779090881,-0.4966983497142792,0.7176786065101624,1.5135774612426758,-6.360843658447266,2.257422924041748,-59.124977111816406,-1.971597671508789,5.7198166847229,0.5,5.173094749450684,1.2045066356658936,-4.494073867797852,-4.130770683288574,8.900110244750977,15.9646577835083,2.0,39.979862213134766,0.29744139313697815,0.16711914539337158,0.30357420444488525,0.20084960758686066,0.0,0.30469265580177307,0.16205932199954987,0.30469265580177307,0.2185945063829422,0.0,-1.3653299808502197,-1.7371515035629272,-9.093729972839355,-1.1486674547195435,0.47733187675476074,-10.86338996887207,0.0,0.0,0.0,0.0,0.0,0.0,0.0,0.0,0.0,0.0,0.0,0.0,0.30469274520874023,0.16791439056396484,0.304692804813385,0.21560423076152802,0.2088782638311386,0.3491049110889435,0.04114978387951851,0.7638538479804993,-6.721286296844482,1.7129156589508057,0.2243860363960266,0.0,0.0,0.0,0.0,0.0,0.0,0.0
52368338363,0,0.03252352029085159,-0.25022098422050476,-0.7441812753677368,6.569455581484362e-05,-0.04113857448101044,-0.8442511558532715,-0.22647197544574738,-0.20711614191532135,0.20856700837612152,-0.0649159774184227,0.4181669056415558,-0.10006988048553467,0.08717614412307739,-0.0806298777461052,-1.2976150512695312,0.0,0.0,-0.0047828578390181065,0.13325786590576172,-0.45898500084877014,-0.540091872215271,-0.5047129988670349,0.7964861392974854,1.5273942947387695,-6.317670822143555,2.6253252029418945,-59.7486457824707,-1.779616355895996,5.77614688873291,0.5,5.272608757019043,1.2087324857711792,-4.516597747802734,-4.194601535797119,9.169411659240723,16.185155868530273,2.0,40.0517692565918,0.29590821266174316,0.16711914539337158,0.30357420444488525,0.20084960758686066,0.0,0.30469265580177307,0.1594167798757553,0.30469265580177307,0.22390177845954895,0.0,-1.468355655670166,-1.7334457635879517,-9.129720687866211,-1.1486674547195435,0.47733187675476074,-10.86338996887207,0.0,0.0,0.0,0.0,0.0,0.0,0.0,0.0,0.0,0.0,0.0,0.0,0.30469274520874023,0.16593919694423676,0.304692804813385,0.21717946231365204,0.21917292475700378,0.35656967759132385,0.04114978387951851,0.7653752565383911,-6.726806640625,1.9622002840042114,0.21224018931388855,0.0,0.0,0.0,0.0,0.0,0.0,0.0
52377412664,0,0.03252352029085159,-0.25022098422050476,-0.7441812753677368,6.569455581484362e-05,-0.04113857448101044,-0.8442511558532715,-0.22647197544574738,-0.20711614191532135,0.20856700837612152,-0.05937851592898369,0.4212900996208191,-0.10212761163711548,0.08717614412307739,-0.0806298777461052,-1.2976150512695312,0.0,0.0,-0.0047828578390181065,0.13325786590576172,-0.45898500084877014,-0.540091872215271,-0.5036227703094482,0.8100229501724243,1.5301612615585327,-6.317670822143555,2.6253252029418945,-59.7486457824707,-1.779616355895996,5.77614688873291,0.5,5.272608757019043,1.2100037336349487,-4.526761054992676,-4.222041606903076,9.169411659240723,16.185155868530273,2.0,40.0517692565918,0.29744139313697815,0.16711914539337158,0.30357420444488525,0.20084960758686066,0.0,0.30469265580177307,0.1594167798757553,0.30469265580177307,0.22390177845954895,0.0,-1.4568744897842407,-1.7206686735153198,-9.035329818725586,-1.145075798034668,0.5017371773719788,-10.917430877685547,0.0,0.0,0.0,0.0,0.0,0.0,0.0,0.0,0.0,0.0,0.0,0.0,0.30469274520874023,0.16388611495494843,0.304692804813385,0.21894977986812592,0.2245972752571106,0.3607053756713867,0.04114978387951851,0.766494631767273,-6.726806640625,1.9622002840042114,0.21224018931388855,0.0,0.0,0.0,0.0,0.0,0.0,0.0
52387081501,0,0.029754802584648132,-0.2517825663089752,-0.742123544216156,6.569455581484362e-05,-0.04113857448101044,-0.8442511558532715,-0.23748065531253815,-0.20308518409729004,0.21504779160022736,-0.05937851592898369,0.4212900996208191,-0.10212761163711548,0.08778278529644012,-0.08386728912591934,-1.302655577659607,0.0,0.0,-0.0047828578390181065,-0.006534408777952194,-0.40160685777664185,-0.5365608930587769,-0.5036227703094482,0.8100229501724243,1.5301612615585327,-6.268099784851074,2.8980872631073,-60.37345504760742,-1.6230783462524414,5.7939958572387695,0.5,5.344886779785156,1.2100037336349487,-4.526761054992676,-4.222041606903076,9.366302490234375,16.312171936035156,2.0,39.75259017944336,0.29744139313697815,0.16711914539337158,0.30357420444488525,0.20238281786441803,0.0,0.30469265580177307,0.15814340114593506,0.30469265580177307,0.22968219220638275,0.0,-1.4568744897842407,-1.7206686735153198,-9.035329818725586,-1.145075798034668,0.5017371773719788,-10.917430877685547,0.0,0.0,0.0,0.0,0.0,0.0,0.0,0.0,0.0,0.0,0.0,0.0,0.30469274520874023,0.16199293732643127,0.304692804813385,0.22100088000297546,0.2245972752571106,0.3607053756713867,0.04114978387951851,0.766494631767273,-6.6957688331604,2.560652732849121,0.18948248028755188,0.0,0.0,0.0,0.0,0.0,0.0,0.0
52397230836,0,0.023426292464137077,-0.2546936273574829,-0.7378165125846863,6.569455581484362e-05,-0.04113857448101044,-0.8442511558532715,-0.25977274775505066,-0.19335605204105377,0.22754652798175812,-0.046721432358026505,0.42711225152015686,-0.1064346432685852,0.08734531700611115,-0.0895356610417366,-1.312679409980774,0.0,0.0,-0.0047828578390181065,-0.006534408777952194,-0.40160685777664185,-0.5365608930587769,-0.5036227703094482,0.8100229501724243,1.5301612615585327,-6.268099784851074,2.8980872631073,-60.37345504760742,-1.6230783462524414,5.7939958572387695,0.5,5.344886779785156,1.2115399837493896,-4.5513763427734375,-4.286301612854004,9.366302490234375,16.312171936035156,2.0,39.75259017944336,0.29590821266174316,0.16711914539337158,0.30357420444488525,0.2039160132408142,0.0,0.30469265580177307,0.15814340114593506,0.30469265580177307,0.22968219220638275,0.0,-1.4568744897842407,-1.7206686735153198,-9.035329818725586,-1.1335340738296509,0.5543253421783447,-11.02484130859375,0.0,0.0,0.0,0.0,0.0,0.0,0.0,0.0,0.0,0.0,0.0,0.0,0.30469274520874023,0.16041024029254913,0.304692804813385,0.22334490716457367,0.22855302691459656,0.3630838692188263,0.04114978387951851,0.7618345618247986,-6.6957688331604,2.560652732849121,0.18948248028755188,0.0,0.0,0.0,0.0,0.0,0.0,0.0
52407111695,0,0.023426292464137077,-0.2546936273574829,-0.7378165125846863,6.569455581484362e-05,-0.04113857448101044,-0.8442511558532715,-0.25977274775505066,-0.19335605204105377,0.22754652798175812,-0.03208442032337189,0.4323655962944031,-0.11089223623275757,0.08734531700611115,-0.0895356610417366,-1.312679409980774,0.0,0.0,-0.0047828578390181065,-0.1334419846534729,-0.3379908800125122,-0.5327214002609253,-0.48503047227859497,0.8666192293167114,1.544079303741455,-6.268099784851074,2.8980872631073,-60.37345504760742,-1.6230783462524414,5.7939958572387695,0.5,5.344886779785156,1.2115399837493896,-4.5513763427734375,-4.286301612854004,9.366302490234375,16.312171936035156,2.0,39.75259017944336,0.29590821266174316,0.16711914539337158,0.30357420444488525,0.20544922351837158,0.0,0.30469265580177307,0.15814340114593506,0.30469265580177307,0.22968219220638275,0.0,-1.4568744897842407,-1.7206686735153198,-9.035329818725586,-1.1193251609802246,0.6132032871246338,-11.101859092712402,0.0,0.0,0.0,0.0,0.0,0.0,0.0,0.0,0.0,0.0,0.0,0.0,0.30469274520874023,0.15921355783939362,0.304692804813385,0.22566711902618408,0.22855302691459656,0.3630838692188263,0.04114978387951851,0.7618345618247986,-6.543478488922119,3.0722875595092773,0.19469322264194489,0.0,0.0,0.0,0.0,0.0,0.0,0.0
52417431632,0,0.016107823699712753,-0.2573202848434448,-0.7333589196205139,6.569455581484362e-05,-0.04113857448101044,-0.8442511558532715,-0.28220540285110474,-0.1833818554878235,0.23560333251953125,-0.03208442032337189,0.4323655962944031,-0.11089223623275757,0.08490581065416336,-0.0940631777048111,-1.32254958152771,0.0,0.0,-0.0047828578390181065,-0.1987050473690033,-0.30337074398994446,-0.5304765105247498,-0.4551372230052948,0.8972113728523254,1.5553210973739624,-6.198983669281006,3.209012746810913,-60.8450927734375,-1.475969672203064,5.773046493530273,0.5,5.4082231521606445,1.210873007774353,-4.575019359588623,-4.346226215362549,9.687234878540039,16.6976261138916,2.0,39.604183197021484,0.29590821266174316,0.1655859351158142,0.30357420444488525,0.20698241889476776,0.0,0.30469265580177307,0.1534540057182312,0.30469265580177307,0.23456324636936188,0.0,-1.6375778913497925,-1.6199736595153809,-9.174179077148438,-1.1193251609802246,0.6132032871246338,-11.101859092712402,0.0,0.0,0.0,0.0,0.0,0.0,0.0,0.0,0.0,0.0,0.0,0.0,0.30469274520874023,0.15821118652820587,0.304692804813385,0.22777524590492249,0.23498301208019257,0.3702842593193054,0.04114978387951851,0.7595193386077881,-6.3747429847717285,3.1772818565368652,0.20240014791488647,0.0,0.0,0.0,0.0,0.0,0.0,0.0
52427077507,0,0.012239079922437668,-0.25855162739753723,-0.7310717105865479,6.569455581484362e-05,-0.04113857448101044,-0.8442511558532715,-0.2929590046405792,-0.17797842621803284,0.2407047152519226,-0.024346891790628433,0.4348282814025879,-0.11317944526672363,0.08295358717441559,-0.0959181860089302,-1.3274034261703491,0.0,0.0,-0.0047828578390181065,-0.1987050473690033,-0.30337074398994446,-0.5304765105247498,-0.4247225821018219,0.9123647809028625,1.5638008117675781,-6.156288146972656,3.3726181983947754,-61.06022644042969,-1.3825738430023193,5.767348289489746,0.5,5.445137977600098,1.2096030712127686,-4.5879435539245605,-4.378594875335693,9.804137229919434,16.826921463012695,2.0,39.433738708496094,0.29744139313697815,0.16405273973941803,0.30357420444488525,0.20851562917232513,0.0,0.30469265580177307,0.15210793912410736,0.30469265580177307,0.23775801062583923,0.0,-1.6808041334152222,-1.5206516981124878,-9.044197082519531,-1.1115754842758179,0.6428589820861816,-11.149697303771973,0.0,0.0,0.0,0.0,0.0,0.0,0.0,0.0,0.0,0.0,0.0,0.0,0.30469274520874023,0.15699461102485657,0.304692804813385,0.22998683154582977,0.23731976747512817,0.37269365787506104,0.04114978387951851,0.7568575739860535,-6.3747429847717285,3.1772818565368652,0.20240014791488647,0.0,0.0,0.0,0.0,0.0,0.0,0.0
52437469248,0,0.012239079922437668,-0.25855162739753723,-0.7310717105865479,6.569455581484362e-05,-0.04113857448101044,-0.8442511558532715,-0.2929590046405792,-0.17797842621803284,0.2407047152519226,-0.024346891790628433,0.4348282814025879,-0.11317944526672363,0.08295358717441559,-0.0959181860089302,-1.3274034261703491,0.0,0.0,-0.0047828578390181065,-0.30991682410240173,-0.23152121901512146,-0.5258638858795166,-0.4247225821018219,0.9123647809028625,1.5638008117675781,-6.0626444816589355,3.697756767272949,-61.610904693603516,-1.2255150079727173,5.727341651916504,0.5,5.5102362632751465,1.2055041790008545,-4.612101078033447,-4.438880443572998,10.278254508972168,17.42820930480957,2.0,39.440277099609375,0.29590821266174316,0.16251952946186066,0.30357420444488525,0.2100488245487213,0.0,0.30469265580177307,0.14617839455604553,0.30469265580177307,0.24170103669166565,0.0,-1.6808041334152222,-1.5206516981124878,-9.044197082519531,-1.1115754842758179,0.6428589820861816,-11.149697303771973,0.0,0.0,0.0,0.0,0.0,0.0,0.0,0.0,0.0,0.0,0.0,0.0,0.30469274520874023,0.1552831083536148,0.304692804813385,0.23254302144050598,0.24676650762557983,0.38386115431785583,0.04114978387951851,0.7569597363471985,-5.854171276092529,3.557267904281616,0.22228282690048218,0.0,0.0,0.0,0.0,0.0,0.0,0.0
52447550855,0,0.003966284915804863,-0.2605668008327484,-0.726361870765686,6.569455581484362e-05,-0.04113857448101044,-0.8442511558532715,-0.31373316049575806,-0.1659012883901596,0.2509274482727051,-0.007801219820976257,0.43885865807533264,-0.11788928508758545,0.07781441509723663,-0.09871311485767365,-1.336989164352417,0.0,0.0,-0.0047828578390181065,-0.3636346459388733,-0.18956096470355988,-0.5246316194534302,-0.3884693384170532,0.9192922711372375,1.5722408294677734,-6.0626444816589355,3.697756767272949,-61.610904693603516,-1.2255150079727173,5.727341651916504,0.5,5.5102362632751465,1.2055041790008545,-4.612101078033447,-4.438880443572998,10.278254508972168,17.42820930480957,2.0,39.440277099609375,0.29744139313697815,0.16251952946186066,0.30357420444488525,0.2115820348262787,0.0,0.30469265580177307,0.14617839455604553,0.30469265580177307,0.24170103669166565,0.0,-1.7280104160308838,-1.3991787433624268,-9.155268669128418,-1.0921505689620972,0.70325767993927,-11.246950149536133,0.0,0.0,0.0,0.0,0.0,0.0,0.0,0.0,0.0,0.0,0.0,0.0,0.30469274520874023,0.15303485095500946,0.304692804813385,0.2353081852197647,0.24676650762557983,0.38386115431785583,0.04114978387951851,0.7569597363471985,-5.482509613037109,3.772200345993042,0.16613587737083435,0.0,0.0,0.0,0.0,0.0,0.0,0.0
52457749773,0,-0.0046030133962631226,-0.262138307094574,-0.7216192483901978,6.569455581484362e-05,-0.04113857448101044,-0.8442511558532715,-0.3339293301105499,-0.15417228639125824,0.26013490557670593,0.009337462484836578,0.44200167059898376,-0.12263190746307373,0.0711388811469078,-0.10019633173942566,-1.3464491367340088,0.0,0.0,-0.0047828578390181065,-0.3636346459388733,-0.18956096470355988,-0.5246316194534302,-0.3325687646865845,0.9173287153244019,1.58362877368927,-5.952522277832031,4.040645599365234,-62.099666595458984,-1.1308506727218628,5.695774078369141,0.5,5.548841953277588,1.202361822128296,-4.625059604644775,-4.4714436531066895,10.624466896057129,17.867965698242188,2.0,39.50067138671875,0.29744139313697815,0.16251952946186066,0.30357420444488525,0.21311523020267487,0.0,0.30469265580177307,0.14027585089206696,0.30469265580177307,0.24456505477428436,0.0,-1.694708228111267,-1.4017153978347778,-9.124037742614746,-1.0718632936477661,0.7656475305557251,-11.336210250854492,0.0,0.0,0.0,0.0,0.0,0.0,0.0,0.0,0.0,0.0,0.0,0.0,0.30469274520874023,0.15039163827896118,0.304692804813385,0.237979918718338,0.2536350190639496,0.39198964834213257,0.04114978387951851,0.7579032182693481,-5.482509613037109,3.772200345993042,0.16613587737083435,0.0,0.0,0.0,0.0,0.0,0.0,0.0
52467190410,0,-0.0046030133962631226,-0.262138307094574,-0.7216192483901978,6.569455581484362e-05,-0.04113857448101044,-0.8442511558532715,-0.3339293301105499,-0.15417228639125824,0.26013490557670593,0.009337462484836578,0.44200167059898376,-0.12263190746307373,0.0711388811469078,-0.10019633173942566,-1.3464491367340088,0.0,0.0,-0.0047828578390181065,-0.4601391851902008,-0.11114376038312912,-0.5223177671432495,-0.3325687646865845,0.9173287153244019,1.58362877368927,-5.819276332855225,4.390276908874512,-62.47489929199219,-0.9496879577636719,5.622243404388428,0.5,5.618851661682129,1.202361822128296,-4.625059604644775,-4.4714436531066895,10.68761920928955,18.13639259338379,2.0,39.0066032409668,0.29744139313697815,0.16098633408546448,0.30357420444488525,0.21618163585662842,0.0,0.30469265580177307,0.13816365599632263,0.30469265580177307,0.2517647445201874,0.0,-1.694708228111267,-1.4017153978347778,-9.124037742614746,-1.0718632936477661,0.7656475305557251,-11.336210250854492,0.0,0.0,0.0,0.0,0.0,0.0,0.0,0.0,0.0,0.0,0.0,0.0,0.30469274520874023,0.14739990234375,0.304692804813385,0.24070905148983002,0.2536350190639496,0.39198964834213257,0.04114978387951851,0.7579032182693481,-5.110024452209473,3.96549654006958,0.13086111843585968,0.0,0.0,0.0,0.0,0.0,0.0,0.0
52477159893,0,-0.013783096335828304,-0.2632504403591156,-0.7166439890861511,6.569455581484362e-05,-0.04113857448101044,-0.8442511558532715,-0.35386979579925537,-0.14012788236141205,0.26292258501052856,0.027697719633579254,0.4442259669303894,-0.12760716676712036,0.06273472309112549,-0.1004321500658989,-1.3557066917419434,0.0,0.0,-0.0047828578390181065,-0.4601391851902008,-0.11114376038312912,-0.5223177671432495,-0.2661941349506378,0.9019503593444824,1.5950126647949219,-5.819276332855225,4.390276908874512,-62.47489929199219,-0.9496879577636719,5.622243404388428,0.5,5.618851661682129,1.1947332620620728,-4.648804187774658,-4.532162189483643,10.68761920928955,18.13639259338379,2.0,39.0066032409668,0.29744139313697815,0.1594531238079071,0.30357420444488525,0.2177148461341858,0.0,0.30469265580177307,0.13816365599632263,0.30469265580177307,0.2517647445201874,0.0,-1.82676362991333,-1.2656257152557373,-9.532997131347656,-1.0438504219055176,0.8316938281059265,-11.378581047058105,0.0,0.0,0.0,0.0,0.0,0.0,0.0,0.0,0.0,0.0,0.0,0.0,0.30469274520874023,0.14432163536548615,0.304692804813385,0.24375924468040466,0.2548852562904358,0.3969350755214691,0.04114978387951851,0.750174343585968,-5.110024452209473,3.96549654006958,0.13086111843585968,0.0,0.0,0.0,0.0,0.0,0.0,0.0
52487009243,0,-0.013783096335828304,-0.2632504403591156,-0.7166439890861511,6.569455581484362e-05,-0.04113857448101044,-0.8442511558532715,-0.35386979579925537,-0.14012788236141205,0.26292258501052856,0.027697719633579254,0.4442259669303894,-0.12760716676712036,0.06273472309112549,-0.1004321500658989,-1.3557066917419434,0.0,0.0,-0.0047828578390181065,-0.5389634966850281,-0.023527665063738823,-0.5213610529899597,-0.2661941349506378,0.9019503593444824,1.5950126647949219,-5.819276332855225,4.390276908874512,-62.47489929199219,-0.9496879577636719,5.622243404388428,0.5,5.618851661682129,1.1947332620620728,-4.648804187774658,-4.532162189483643,10.68761920928955,18.13639259338379,2.0,39.0066032409668,0.29744139313697815,0.1594531238079071,0.30357420444488525,0.22078125178813934,0.0,0.30469265580177307,0.13816365599632263,0.30469265580177307,0.2517647445201874,0.0,-1.7967727184295654,-1.1623378992080688,-9.585688591003418,-1.0438504219055176,0.8316938281059265,-11.378581047058105,0.0,0.0,0.0,0.0,0.0,0.0,0.0,0.0,0.0,0.0,0.0,0.0,0.30469274520874023,0.14167138934135437,0.304692804813385,0.24673661589622498,0.2548852562904358,0.3969350755214691,0.04114978387951851,0.750174343585968,-4.318775653839111,4.338350772857666,0.06602416187524796,0.0,0.0,0.0,0.0,0.0,0.0,0.0
52498261077,0,-0.023344382643699646,-0.2637965679168701,-0.7116521000862122,6.569455581484362e-05,-0.04113857448101044,-0.8442511558532715,-0.3717910051345825,-0.12515929341316223,0.2630325257778168,0.04682038724422455,0.44531822204589844,-0.13259905576705933,0.05341894552111626,-0.09914406388998032,-1.3647929430007935,0.0,0.0,-0.0047828578390181065,-0.5750101208686829,0.022901568561792374,-0.5212981700897217,-0.19622772932052612,0.8727343082427979,1.6063497066497803,-5.659809589385986,4.750816345214844,-62.671653747558594,-0.798776388168335,5.524612903594971,0.5,5.6883320808410645,1.1846998929977417,-4.67173433303833,-4.593209266662598,11.002100944519043,18.757001876831055,2.0,38.87004852294922,0.29744139313697815,0.15638671815395355,0.30357420444488525,0.22231444716453552,0.0,0.30469265580177307,0.13380281627178192,0.30469265580177307,0.25656598806381226,0.0,-1.818701148033142,-1.0932716131210327,-9.659194946289062,-1.0117506980895996,0.8964784741401672,-11.404229164123535,0.0,0.0,0.0,0.0,0.0,0.0,0.0,0.0,0.0,0.0,0.0,0.0,0.30469274520874023,0.13951954245567322,0.304692804813385,0.24935024976730347,0.2548852562904358,0.3969350755214691,0.04114978387951851,0.750174343585968,-3.876077651977539,4.379513263702393,0.038930658251047134,0.0,0.0,0.0,0.0,0.0,0.0,0.0
52506916304,0,-0.028328675776720047,-0.26384055614471436,-0.7091687321662903,6.569455581484362e-05,-0.04113857448101044,-0.8442511558532715,-0.37999528646469116,-0.1173512190580368,0.2615327537059784,0.05678902193903923,0.4454061985015869,-0.1350824236869812,0.04839124530553818,-0.09802283346652985,-1.3692898750305176,0.0,0.0,-0.0047828578390181065,-0.5750101208686829,0.022901568561792374,-0.5212981700897217,-0.14097610116004944,0.8429364562034607,1.6148203611373901,-5.564628601074219,4.930631637573242,-62.72325897216797,-0.724070131778717,5.470489501953125,0.5,5.725830078125,1.1783479452133179,-4.68359375,-4.626241207122803,10.887736320495605,18.79660987854004,2.0,38.54123306274414,0.29744139313697815,0.15485352277755737,0.30357420444488525,0.22538085281848907,0.0,0.30469265580177307,0.13410086929798126,0.30469265580177307,0.260702520608902,0.0,-1.816637635231018,-0.9750118851661682,-9.828693389892578,-0.9940229058265686,0.928692638874054,-11.405888557434082,0.0,0.0,0.0,0.0,0.0,0.0,0.0,0.0,0.0,0.0,0.0,0.0,0.30469274520874023,0.13762126863002777,0.304692804813385,0.25193649530410767,0.25884121656417847,0.4090477526187897,0.04114978387951851,0.7428712844848633,-3.876077651977539,4.379513263702393,0.038930658251047134,0.0,0.0,0.0,0.0,0.0,0.0,0.0
52517161517,0,-0.028328675776720047,-0.26384055614471436,-0.7091687321662903,6.569455581484362e-05,-0.04113857448101044,-0.8442511558532715,-0.37999528646469116,-0.1173512190580368,0.2615327537059784,0.05678902193903923,0.4454061985015869,-0.1350824236869812,0.04839124530553818,-0.09802283346652985,-1.3692898750305176,0.0,0.0,-0.0047828578390181065,-0.6255373358726501,0.11037503927946091,-0.5205601453781128,-0.14097610116004944,0.8429364562034607,1.6148203611373901,-5.367375373840332,5.29188871383667,-62.77164077758789,-0.724070131778717,5.470489501953125,0.5,5.725830078125,1.1783479452133179,-4.68359375,-4.626241207122803,10.964770317077637,19.099878311157227,2.0,38.3647346496582,0.29744139313697815,0.15178710222244263,0.30357420444488525,0.22691406309604645,0.0,0.30469265580177307,0.12889723479747772,0.30469265580177307,0.2634950578212738,0.0,-1.816637635231018,-0.9750118851661682,-9.828693389892578,-0.9940229058265686,0.928692638874054,-11.405888557434082,0.0,0.0,0.0,0.0,0.0,0.0,0.0,0.0,0.0,0.0,0.0,0.0,0.30469274520874023,0.13578425347805023,0.304692804813385,0.25476402044296265,0.25884121656417847,0.4090477526187897,0.04114978387951851,0.7428712844848633,-2.9331061840057373,4.422882556915283,0.02652047574520111,0.0,0.0,0.0,0.0,0.0,0.0,0.0
52527046907,0,-0.038513798266649246,-0.26366540789604187,-0.7042251825332642,6.569455581484362e-05,-0.04113857448101044,-0.8442511558532715,-0.39614176750183105,-0.10133343189954758,0.25912582874298096,0.07715937495231628,0.44505590200424194,-0.14002597332000732,0.03781771659851074,-0.09469251334667206,-1.3782544136047363,0.0,0.0,-0.0047828578390181065,-0.6255373358726501,0.11037503927946091,-0.5205601453781128,-0.0652332454919815,0.7922572493553162,1.62615966796875,-5.262174606323242,5.467678070068359,-62.78794479370117,-0.5753230452537537,5.342122554779053,0.5,5.797631740570068,1.1649582386016846,-4.704469203948975,-4.687857151031494,11.04296875,19.34943389892578,2.0,38.27056121826172,0.29744139313697815,0.15025390684604645,0.30357420444488525,0.22998046875,0.0,0.30469265580177307,0.12999224662780762,0.30469265580177307,0.2669481337070465,0.0,-1.7763957977294922,-0.7937687039375305,-9.799698829650879,-0.956758975982666,0.9941232800483704,-11.415989875793457,0.0,0.0,0.0,0.0,0.0,0.0,0.0,0.0,0.0,0.0,0.0,0.0,0.30469274520874023,0.1339005082845688,0.304692804813385,0.2577962279319763,0.26190415024757385,0.4191351532936096,0.04114978387951851,0.7386131882667542,-2.9331061840057373,4.422882556915283,0.02652047574520111,0.0,0.0,0.0,0.0,0.0,0.0,0.0
52537094152,0,-0.038513798266649246,-0.26366540789604187,-0.7042251825332642,6.569455581484362e-05,-0.04113857448101044,-0.8442511558532715,-0.39614176750183105,-0.10133343189954758,0.25912582874298096,0.10932813584804535,0.441102534532547,-0.1472591757774353,0.03781771659851074,-0.09469251334667206,-1.3782544136047363,0.0,0.0,-0.0047828578390181065,-0.6652673482894897,0.1990690678358078,-0.5235943794250488,-0.0652332454919815,0.7922572493553162,1.62615966796875,-5.262174606323242,5.467678070068359,-62.78794479370117,-0.5753230452537537,5.342122554779053,0.5,5.797631740570068,1.1649582386016846,-4.704469203948975,-4.687857151031494,11.04296875,19.34943389892578,2.0,38.27056121826172,0.29590821266174316,0.14872069656848907,0.30357420444488525,0.23304687440395355,0.0,0.30469265580177307,0.12999224662780762,0.30469265580177307,0.2669481337070465,0.0,-1.7763957977294922,-0.7937687039375305,-9.799698829650879,-0.8895943760871887,1.0930027961730957,-11.387319564819336,0.0,0.0,0.0,0.0,0.0,0.0,0.0,0.0,0.0,0.0,0.0,0.0,0.30469274520874023,0.1322023570537567,0.304692804813385,0.2608169913291931,0.26190415024757385,0.4191351532936096,0.04114978387951851,0.7386131882667542,-2.0923454761505127,4.279110431671143,-0.10592570155858994,0.0,0.0,0.0,0.0,0.0,0.0,0.0
52547828426,0,-0.05459810048341751,-0.2616887390613556,-0.6969919800758362,6.569455581484362e-05,-0.04113857448101044,-0.8442511558532715,-0.4186595678329468,-0.07543668150901794,0.24960742890834808,0.10932813584804535,0.441102534532547,-0.1472591757774353,0.02092084102332592,-0.08739065378904343,-1.39168119430542,0.0,0.0,-0.0047828578390181065,-0.6652673482894897,0.1990690678358078,-0.5235943794250488,0.03056654892861843,0.7134432792663574,1.640305757522583,-5.019414901733398,5.83580207824707,-62.719215393066406,-0.4501560926437378,5.213720798492432,0.5,5.8765950202941895,1.1483343839645386,-4.725061416625977,-4.754703044891357,10.928930282592773,19.612361907958984,2.0,37.799476623535156,0.29590821266174316,0.14565429091453552,0.30357420444488525,0.2361132800579071,0.0,0.30469265580177307,0.1303739696741104,0.30469265580177307,0.2739327549934387,0.0,-1.7595971822738647,-0.5742935538291931,-10.162957191467285,-0.8895943760871887,1.0930027961730957,-11.387319564819336,0.0,0.0,0.0,0.0,0.0,0.0,0.0,0.0,0.0,0.0,0.0,0.0,0.30469274520874023,0.13097697496414185,0.304692804813385,0.2637562155723572,0.2596547305583954,0.4239152669906616,0.04114978387951851,0.7311844229698181,-2.0923454761505127,4.279110431671143,-0.10592570155858994,0.0,0.0,0.0,0.0,0.0,0.0,0.0
52562816989,0,-0.0599835067987442,-0.2608053982257843,-0.6946331858634949,6.569455581484362e-05,-0.04113857448101044,-0.8442511558532715,-0.42517369985580444,-0.0672391951084137,0.24884779751300812,0.1200990080833435,0.4393358528614044,-0.1496179699897766,0.01524874847382307,-0.08429206907749176,-1.3960776329040527,0.0,0.0,-0.0047828578390181065,-0.6744345426559448,0.23744049668312073,-0.5244710445404053,0.03056654892861843,0.7134432792663574,1.640305757522583,-4.892768859863281,6.0115156173706055,-62.63025665283203,-0.38227325677871704,5.130407810211182,0.5,5.912281513214111,1.1405775547027588,-4.733193397521973,-4.783527374267578,10.833086013793945,19.763864517211914,2.0,37.502384185791016,0.29744139313697815,0.14412109553813934,0.30357420444488525,0.23917968571186066,0.0,0.30469265580177307,0.130463108420372,0.30469265580177307,0.2777157127857208,0.0,-1.7595971822738647,-0.5742935538291931,-10.162957191467285,-0.8678326606750488,1.124565601348877,-11.39684009552002,0.0,0.0,0.0,0.0,0.0,0.0,0.0,0.0,0.0,0.0,0.0,0.0,0.30469274520874023,0.13024954497814178,0.304692804813385,0.2669319212436676,0.2596547305583954,0.4239152669906616,0.04114978387951851,0.7311844229698181,-1.6188294887542725,4.273838996887207,-0.102144755423069,0.0,0.0,0.0,0.0,0.0,0.0,0.0
52578324788,0,-0.0599835067987442,-0.2608053982257843,-0.6946331858634949,6.569455581484362e-05,-0.04113857448101044,-0.8442511558532715,-0.42517369985580444,-0.0672391951084137,0.24884779751300812,0.1200990080833435,0.4393358528614044,-0.1496179699897766,0.01524874847382307,-0.08429206907749176,-1.3960776329040527,0.0,0.0,-0.0047828578390181065,-0.6802794933319092,0.3153511881828308,-0.5259280800819397,0.06768142431974411,0.6773932576179504,1.6458392143249512,-4.892768859863281,6.0115156173706055,-62.63025665283203,-0.38227325677871704,5.130407810211182,0.5,5.912281513214111,1.1405775547027588,-4.733193397521973,-4.783527374267578,10.833086013793945,19.763864517211914,2.0,37.502384185791016,0.29590821266174316,0.14258788526058197,0.30357420444488525,0.2422460913658142,0.0,0.30469265580177307,0.130463108420372,0.30469265580177307,0.2777157127857208,0.0,-1.495603322982788,-0.28787878155708313,-9.763057708740234,-0.8678326606750488,1.124565601348877,-11.39684009552002,0.0,0.0,0.0,0.0,0.0,0.0,0.0,0.0,0.0,0.0,0.0,0.0,0.30469274520874023,0.12992708384990692,0.304692804813385,0.2703091502189636,0.2577615976333618,0.426664799451828,0.04114978387951851,0.7264869809150696,-0.5624359846115112,3.8009424209594727,-0.0808010995388031,0.0,0.0,0.0,0.0,0.0,0.0,0.0
52578382281,0,-0.07062949240207672,-0.25872135162353516,-0.6899410486221313,6.569455581484362e-05,-0.04113857448101044,-0.8442511558532715,-0.4362597167491913,-0.05055858567357063,0.2472829967737198,0.1413910835981369,0.43516772985458374,-0.15431010723114014,0.003879810916259885,-0.07759259641170502,-1.4049582481384277,0.0,0.0,-0.0047828578390181065,-0.6736864447593689,0.3473229706287384,-0.5266634225845337,0.14085736870765686,0.6011948585510254,1.6569117307662964,-4.651627540588379,6.351153373718262,-62.727210998535156,-0.2945144772529602,4.9982404708862305,0.5,5.989085674285889,1.1212756633758545,-4.750406265258789,-4.851147651672363,10.924829483032227,20.2598934173584,2.0,37.380741119384766,0.29590821266174316,0.1410546898841858,0.30357420444488525,0.24531249701976776,0.0,0.30469265580177307,0.1296730637550354,0.30469265580177307,0.28193703293800354,0.0,-1.495603322982788,-0.28787878155708313,-9.763057708740234,-0.8235648274421692,1.1838085651397705,-11.411567687988281,0.0,0.0,0.0,0.0,0.0,0.0,0.0,0.0,0.0,0.0,0.0,0.0,0.30469274520874023,0.1298309564590454,0.304692804813385,0.27353155612945557,0.25957342982292175,0.43564078211784363,0.04114978387951851,0.7245612144470215,0.005348776932805777,3.691995859146118,-0.08252208679914474,0.0,0.0,0.0,0.0,0.0,0.0,0.0
52587065694,0,-0.07596822082996368,-0.2575779855251312,-0.687595009803772,6.569455581484362e-05,-0.04113857448101044,-0.8442511558532715,-0.440803200006485,-0.04222528263926506,0.2484181523323059,0.1520685851573944,0.4328809976577759,-0.1566561460494995,-0.0015595449367538095,-0.07374294847249985,-1.4093858003616333,0.0,0.0,-0.0047828578390181065,-0.6736864447593689,0.3473229706287384,-0.5266634225845337,0.17439180612564087,0.5597163438796997,1.662377119064331,-4.529606342315674,6.510947227478027,-62.76362228393555,-0.2645571827888489,4.932491302490234,0.5,6.022891521453857,1.1125819683074951,-4.757018089294434,-4.880285739898682,10.904881477355957,20.430404663085938,2.0,37.294395446777344,0.29590821266174316,0.13952147960662842,0.30357420444488525,0.2483789026737213,0.0,0.30469265580177307,0.12973934412002563,0.30469265580177307,0.28400689363479614,0.0,-1.4521191120147705,-0.17754946649074554,-9.618824005126953,-0.8015257716178894,1.2116851806640625,-11.433549880981445,0.0,0.0,0.0,0.0,0.0,0.0,0.0,0.0,0.0,0.0,0.0,0.0,0.30469274520874023,0.12979404628276825,0.304692804813385,0.2765681743621826,0.2591797709465027,0.4387173056602478,0.04114978387951851,0.7231931686401367,0.005348776932805777,3.691995859146118,-0.08252208679914474,0.0,0.0,0.0,0.0,0.0,0.0,0.0
52597027472,0,-0.07596822082996368,-0.2575779855251312,-0.687595009803772,6.569455581484362e-05,-0.04113857448101044,-0.8442511558532715,-0.440803200006485,-0.04222528263926506,0.2484181523323059,0.1520685851573944,0.4328809976577759,-0.1566561460494995,-0.0015595449367538095,-0.07374294847249985,-1.4093858003616333,0.0,0.0,-0.0047828578390181065,-0.6461872458457947,0.4131389856338501,-0.5299510359764099,0.17439180612564087,0.5597163438796997,1.662377119064331,-4.174055576324463,6.960193157196045,-63.334022521972656,-0.2015681266784668,4.777036190032959,0.5,6.104588508605957,1.0916670560836792,-4.770517826080322,-4.948668479919434,10.65987777709961,20.63840103149414,2.0,36.901580810546875,0.29590821266174316,0.13798828423023224,0.30357420444488525,0.25144532322883606,0.0,0.30469265580177307,0.13114501535892487,0.30469265580177307,0.29056236147880554,0.0,-1.4521191120147705,-0.17754946649074554,-9.618824005126953,-0.8015257716178894,1.2116851806640625,-11.433549880981445,0.0,0.0,0.0,0.0,0.0,0.0,0.0,0.0,0.0,0.0,0.0,0.0,0.30469274520874023,0.1298276036977768,0.304692804813385,0.27964115142822266,0.2543361186981201,0.4424639940261841,0.04114978387951851,0.7169593572616577,0.9936449527740479,3.2191834449768066,-0.14180345833301544,0.0,0.0,0.0,0.0,0.0,0.0,0.0
52607545582,0,-0.08648297935724258,-0.254991352558136,-0.6828082799911499,6.569455581484362e-05,-0.04113857448101044,-0.8442511558532715,-0.4488348066806793,-0.026208922266960144,0.2561977207660675,0.17309820652008057,0.427707701921463,-0.16144287586212158,-0.012176794931292534,-0.06563021242618561,-1.4183393716812134,0.0,0.0,-0.0047828578390181065,-0.6317183971405029,0.4357600212097168,-0.531853199005127,0.2538481056690216,0.4518490731716156,1.676051378250122,-4.174055576324463,6.960193157196045,-63.334022521972656,-0.2015681266784668,4.777036190032959,0.5,6.104588508605957,1.0916670560836792,-4.770517826080322,-4.948668479919434,10.65987777709961,20.63840103149414,2.0,36.901580810546875,0.29744139313697815,0.13798828423023224,0.30357420444488525,0.2560449242591858,0.0,0.30469265580177307,0.13114501535892487,0.30469265580177307,0.29056236147880554,0.0,-1.3170568943023682,-0.0004965941770933568,-9.309012413024902,-0.7589191794395447,1.2654896974563599,-11.515276908874512,0.0,0.0,0.0,0.0,0.0,0.0,0.0,0.0,0.0,0.0,0.0,0.0,0.30469274520874023,0.13002236187458038,0.304692804813385,0.2828653156757355,0.2543361186981201,0.4424639940261841,0.04114978387951851,0.7169593572616577,1.264344334602356,2.915344715118408,-0.17424239218235016,0.0,0.0,0.0,0.0,0.0,0.0,0.0
52617505218,0,-0.08648297935724258,-0.254991352558136,-0.6828082799911499,6.569455581484362e-05,-0.04113857448101044,-0.8442511558532715,-0.4488348066806793,-0.026208922266960144,0.2561977207660675,0.17309820652008057,0.427707701921463,-0.16144287586212158,-0.012176794931292534,-0.06563021242618561,-1.4183393716812134,0.0,0.0,-0.0047828578390181065,-0.6069205403327942,0.46209725737571716,-0.535118043422699,0.2538481056690216,0.4518490731716156,1.676051378250122,-4.174055576324463,6.960193157196045,-63.334022521972656,-0.2015681266784668,4.777036190032959,0.5,6.104588508605957,1.0916670560836792,-4.770517826080322,-4.948668479919434,10.65987777709961,20.63840103149414,2.0,36.901580810546875,0.29744139313697815,0.13798828423023224,0.30357420444488525,0.25911131501197815,0.0,0.30469265580177307,0.13114501535892487,0.30469265580177307,0.29056236147880554,0.0,-1.2209973335266113,0.19261668622493744,-9.798436164855957,-0.7589191794395447,1.2654896974563599,-11.515276908874512,0.0,0.0,0.0,0.0,0.0,0.0,0.0,0.0,0.0,0.0,0.0,0.0,0.30469274520874023,0.1303253024816513,0.304692804813385,0.285871297121048,0.2543361186981201,0.4424639940261841,0.04114978387951851,0.7169593572616577,1.8156176805496216,2.7167630195617676,-0.23754894733428955,0.0,0.0,0.0,0.0,0.0,0.0,0.0
52627538526,0,-0.09686234593391418,-0.2520555555820465,-0.6779347658157349,6.569455581484362e-05,-0.04113857448101044,-0.8442511558532715,-0.45524144172668457,-0.009967288002371788,0.25619304180145264,0.19385704398155212,0.42183607816696167,-0.16631639003753662,-0.022243276238441467,-0.05687646567821503,-1.427455186843872,0.0,0.0,-0.0047828578390181065,-0.6069205403327942,0.46209725737571716,-0.535118043422699,0.30888745188713074,0.3615158796310425,1.6869068145751953,-3.927945375442505,7.236851215362549,-63.42919158935547,-0.17399990558624268,4.6529221534729,0.5,6.181615352630615,1.0716516971588135,-4.780671119689941,-5.012721061706543,10.819467544555664,21.175024032592773,2.0,37.03608703613281,0.29744139313697815,0.13798828423023224,0.30357420444488525,0.2621777355670929,0.0,0.30469265580177307,0.13127602636814117,0.30469265580177307,0.2921406924724579,0.0,-1.2209973335266113,0.19261668622493744,-9.798436164855957,-0.7141718864440918,1.315791130065918,-11.532580375671387,0.0,0.0,0.0,0.0,0.0,0.0,0.0,0.0,0.0,0.0,0.0,0.0,0.30469274520874023,0.13063158094882965,0.304692804813385,0.2882881164550781,0.2543361186981201,0.4424639940261841,0.04114978387951851,0.7169593572616577,1.8156176805496216,2.7167630195617676,-0.23754894733428955,0.0,0.0,0.0,0.0,0.0,0.0,0.0
52637251553,0,-0.10697119683027267,-0.24880406260490417,-0.6730652451515198,6.569455581484362e-05,-0.04113857448101044,-0.8442511558532715,-0.4592403769493103,0.006276092492043972,0.25707146525382996,0.21407485008239746,0.4153330624103546,-0.1711859107017517,-0.031147785484790802,-0.04751701280474663,-1.4366427659988403,0.0,0.0,-0.0047828578390181065,-0.5764932036399841,0.4861935079097748,-0.5380010604858398,0.34408360719680786,0.2924497127532959,1.6950112581253052,-3.8005549907684326,7.365318775177002,-63.48463821411133,-0.17473745346069336,4.58907413482666,0.5,6.222751140594482,1.0608243942260742,-4.7851433753967285,-5.047450542449951,10.68372631072998,21.226863861083984,2.0,36.93229293823242,0.29744139313697815,0.13645507395267487,0.30357420444488525,0.2667773365974426,0.0,0.30469265580177307,0.13306038081645966,0.30469265580177307,0.29426151514053345,0.0,-1.2209973335266113,0.19261668622493744,-9.798436164855957,-0.6691511273384094,1.3602499961853027,-11.560262680053711,0.0,0.0,0.0,0.0,0.0,0.0,0.0,0.0,0.0,0.0,0.0,0.0,0.30469274520874023,0.13097739219665527,0.304692804813385,0.2902126610279083,0.2548081576824188,0.4530276656150818,0.04114978387951851,0.7174474000930786,2.34199857711792,2.5029661655426025,-0.25543686747550964,0.0,0.0,0.0,0.0,0.0,0.0,0.0
52647227090,0,-0.10697119683027267,-0.24880406260490417,-0.6730652451515198,6.569455581484362e-05,-0.04113857448101044,-0.8442511558532715,-0.4592403769493103,0.006276092492043972,0.25707146525382996,0.21407485008239746,0.4153330624103546,-0.1711859107017517,-0.031147785484790802,-0.04751701280474663,-1.4366427659988403,0.0,0.0,-0.0047828578390181065,-0.5056931972503662,0.5221839547157288,-0.5413532853126526,0.34408360719680786,0.2924497127532959,1.6950112581253052,-3.5509278774261475,7.58973503112793,-63.59022903442383,-0.1877371072769165,4.449207305908203,0.5,6.299563407897949,1.0409711599349976,-4.791605472564697,-5.1123552322387695,10.377659797668457,21.338855743408203,2.0,36.73762130737305,0.29744139313697815,0.13645507395267487,0.30357420444488525,0.2698437571525574,0.0,0.30469265580177307,0.13672776520252228,0.30469265580177307,0.2979907691478729,0.0,-1.1856718063354492,0.27456942200660706,-9.740453720092773,-0.6691511273384094,1.3602499961853027,-11.560262680053711,0.0,0.0,0.0,0.0,0.0,0.0,0.0,0.0,0.0,0.0,0.0,0.0,0.30469274520874023,0.1316187083721161,0.304692804813385,0.291980504989624,0.24874116480350494,0.4550318717956543,0.04114978387951851,0.7143524885177612,3.3200933933258057,2.0240602493286133,-0.1927551031112671,0.0,0.0,0.0,0.0,0.0,0.0,0.0
52657718409,0,-0.11681266874074936,-0.24521106481552124,-0.6681946516036987,6.569455581484362e-05,-0.04113857448101044,-0.8442511558532715,-0.4604305028915405,0.022505080327391624,0.25493863224983215,0.2337578982114792,0.40814703702926636,-0.17605650424957275,-0.03878238424658775,-0.03773660585284233,-1.4458774328231812,0.0,0.0,-0.0047828578390181065,-0.5056931972503662,0.5221839547157288,-0.5413532853126526,0.38074177503585815,0.20002663135528564,1.7056878805160522,-3.5509278774261475,7.58973503112793,-63.59022903442383,-0.1877371072769165,4.449207305908203,0.5,6.299563407897949,1.0409711599349976,-4.791605472564697,-5.1123552322387695,10.377659797668457,21.338855743408203,2.0,36.73762130737305,0.29590821266174316,0.13645507395267487,0.30357420444488525,0.27137696743011475,0.0,0.30469265580177307,0.13672776520252228,0.30469265580177307,0.2979907691478729,0.0,-1.0764286518096924,0.461504727602005,-9.89418888092041,-0.623492419719696,1.3977136611938477,-11.568410873413086,0.0,0.0,0.0,0.0,0.0,0.0,0.0,0.0,0.0,0.0,0.0,0.0,0.30469274520874023,0.13270768523216248,0.304692804813385,0.2937869727611542,0.24874116480350494,0.4550318717956543,0.04114978387951851,0.7143524885177612,3.3200933933258057,2.0240602493286133,-0.1927551031112671,0.0,0.0,0.0,0.0,0.0,0.0,0.0
52668232226,0,-0.12163428217172623,-0.243318572640419,-0.665765106678009,6.569455581484362e-05,-0.04113857448101044,-0.8442511558532715,-0.46019113063812256,0.03021075390279293,0.25574368238449097,0.2434011697769165,0.4043620228767395,-0.17848604917526245,-0.04190930351614952,-0.032737214118242264,-1.4505376815795898,0.0,0.0,-0.0047828578390181065,-0.4137307405471802,0.550478994846344,-0.5476122498512268,0.3934408128261566,0.15448930859565735,1.711014747619629,-3.5509278774261475,7.58973503112793,-63.59022903442383,-0.1877371072769165,4.449207305908203,0.5,6.299563407897949,1.0409711599349976,-4.791605472564697,-5.1123552322387695,10.377659797668457,21.338855743408203,2.0,36.73762130737305,0.29744139313697815,0.13645507395267487,0.30357420444488525,0.2744433581829071,0.0,0.30469265580177307,0.13672776520252228,0.30469265580177307,0.2979907691478729,0.0,-1.0764286518096924,0.461504727602005,-9.89418888092041,-0.6015703082084656,1.4143832921981812,-11.589622497558594,0.0,0.0,0.0,0.0,0.0,0.0,0.0,0.0,0.0,0.0,0.0,0.0,0.30469274520874023,0.13398505747318268,0.304692804813385,0.2954511344432831,0.24874116480350494,0.4550318717956543,0.04114978387951851,0.7143524885177612,4.343092918395996,1.5769240856170654,-0.29120689630508423,0.0,0.0,0.0,0.0,0.0,0.0,0.0
52677202168,0,-0.12163428217172623,-0.243318572640419,-0.665765106678009,6.569455581484362e-05,-0.04113857448101044,-0.8442511558532715,-0.46019113063812256,0.03021075390279293,0.25574368238449097,0.25250867009162903,0.4003490209579468,-0.18094170093536377,-0.04190930351614952,-0.032737214118242264,-1.4505376815795898,0.0,0.0,-0.0047828578390181065,-0.362240731716156,0.5585717558860779,-0.5517053008079529,0.4137440323829651,0.04380035027861595,1.7243330478668213,-3.188427686691284,7.85986852645874,-63.902591705322266,-0.2851189970970154,4.291970252990723,0.5,6.421727657318115,1.0123554468154907,-4.796809673309326,-5.213311672210693,10.128727912902832,21.558286666870117,2.0,36.90958786010742,0.29744139313697815,0.13645507395267487,0.30357420444488525,0.27750977873802185,0.0,0.30469265580177307,0.14307674765586853,0.30469265580177307,0.2993980646133423,0.0,-1.0764286518096924,0.461504727602005,-9.89418888092041,-0.5797141194343567,1.4290670156478882,-11.618653297424316,0.0,0.0,0.0,0.0,0.0,0.0,0.0,0.0,0.0,0.0,0.0,0.0,0.30469274520874023,0.1354122906923294,0.304692804813385,0.29680314660072327,0.24874116480350494,0.4550318717956543,0.04114978387951851,0.7143524885177612,4.614704132080078,1.1724892854690552,-0.33587077260017395,0.0,0.0,0.0,0.0,0.0,0.0,0.0
52688162836,0,-0.13072726130485535,-0.23926736414432526,-0.6608467698097229,6.569455581484362e-05,-0.04113857448101044,-0.8442511558532715,-0.4577597379684448,0.044616904109716415,0.25796404480934143,0.2615872323513031,0.3962595760822296,-0.18340438604354858,-0.04718964919447899,-0.02272632345557213,-1.4599710702896118,0.0,0.0,-0.0047828578390181065,-0.362240731716156,0.5585717558860779,-0.5517053008079529,0.4137440323829651,0.04380035027861595,1.7243330478668213,-3.188427686691284,7.85986852645874,-63.902591705322266,-0.2851189970970154,4.291970252990723,0.5,6.421727657318115,1.0123554468154907,-4.796809673309326,-5.213311672210693,10.128727912902832,21.558286666870117,2.0,36.90958786010742,0.29744139313697815,0.13645507395267487,0.30357420444488525,0.27904295921325684,0.0,0.30469265580177307,0.14307674765586853,0.30469265580177307,0.2993980646133423,0.0,-1.0764286518096924,0.461504727602005,-9.89418888092041,-0.5596586465835571,1.4417246580123901,-11.638672828674316,0.0,0.0,0.0,0.0,0.0,0.0,0.0,0.0,0.0,0.0,0.0,0.0,0.30469274520874023,0.1372356414794922,0.304692804813385,0.29788199067115784,0.24379242956638336,0.4589536190032959,0.04114978387951851,0.7170866131782532,4.614704132080078,1.1724892854690552,-0.33587077260017395,0.0,0.0,0.0,0.0,0.0,0.0,0.0
52699492237,0,-0.13072726130485535,-0.23926736414432526,-0.6608467698097229,6.569455581484362e-05,-0.04113857448101044,-0.8442511558532715,-0.4577597379684448,0.044616904109716415,0.25796404480934143,0.2615872323513031,0.3962595760822296,-0.18340438604354858,-0.04718964919447899,-0.02272632345557213,-1.4599710702896118,0.0,0.0,-0.0047828578390181065,-0.24639923870563507,0.5661739706993103,-0.5587745308876038,0.4137440323829651,0.04380035027861595,1.7243330478668213,-2.8669793605804443,8.038066864013672,-64.27532958984375,-0.388389527797699,4.1857805252075195,0.5,6.508728981018066,0.994478702545166,-4.797289848327637,-5.285006523132324,9.947903633117676,21.702056884765625,2.0,37.109615325927734,0.29744139313697815,0.13645507395267487,0.30357420444488525,0.2821093797683716,0.0,0.30469265580177307,0.1488850861787796,0.30469265580177307,0.29897287487983704,0.0,-0.5895035862922668,0.8680683970451355,-9.61011028289795,-0.5596586465835571,1.4417246580123901,-11.638672828674316,0.0,0.0,0.0,0.0,0.0,0.0,0.0,0.0,0.0,0.0,0.0,0.0,0.30469274520874023,0.1394781768321991,0.304692804813385,0.2986726760864258,0.24379242956638336,0.4589536190032959,0.04114978387951851,0.7170866131782532,5.346442699432373,0.5496119260787964,-0.34320327639579773,0.0,0.0,0.0,0.0,0.0,0.0,0.0
52708352497,0,-0.1391952782869339,-0.23520168662071228,-0.6558794379234314,6.569455581484362e-05,-0.04113857448101044,-0.8442511558532715,-0.452932208776474,0.05759763345122337,0.25919511914253235,0.27852335572242737,0.3881281614303589,-0.1883717179298401,-0.0506640188395977,-0.012684155255556107,-1.4694045782089233,0.0,0.0,-0.0047828578390181065,-0.24639923870563507,0.5661739706993103,-0.5587745308876038,0.41315436363220215,-0.03983914479613304,1.7349457740783691,-2.8669793605804443,8.038066864013672,-64.27532958984375,-0.388389527797699,4.1857805252075195,0.5,6.508728981018066,0.994478702545166,-4.797289848327637,-5.285006523132324,9.947903633117676,21.702056884765625,2.0,37.109615325927734,0.29744139313697815,0.13645507395267487,0.30357420444488525,0.28364259004592896,0.0,0.30469265580177307,0.1488850861787796,0.30469265580177307,0.29897287487983704,0.0,-0.5895035862922668,0.8680683970451355,-9.61011028289795,-0.5212689638137817,1.461466670036316,-11.686424255371094,0.0,0.0,0.0,0.0,0.0,0.0,0.0,0.0,0.0,0.0,0.0,0.0,0.30469274520874023,0.14204895496368408,0.304692804813385,0.29913654923439026,0.24018922448158264,0.4615189731121063,0.04114978387951851,0.720262885093689,5.346442699432373,0.5496119260787964,-0.34320327639579773,0.0,0.0,0.0,0.0,0.0,0.0,0.0
52717325902,0,-0.14307112991809845,-0.23326581716537476,-0.6533790826797485,6.569455581484362e-05,-0.04113857448101044,-0.8442511558532715,-0.4495086073875427,0.0635046437382698,0.2615874409675598,0.28627508878707886,0.38425642251968384,-0.19087207317352295,-0.05169223994016647,-0.007772848010063171,-1.4741123914718628,0.0,0.0,-0.0047828578390181065,-0.1929197609424591,0.5647756457328796,-0.56276535987854,0.41315436363220215,-0.03983914479613304,1.7349457740783691,-2.7723264694213867,8.07373046875,-64.49739074707031,-0.4427192211151123,4.150423526763916,0.5,6.5468974113464355,0.9876232743263245,-4.796753406524658,-5.31573486328125,9.861964225769043,21.71856117248535,2.0,37.22957992553711,0.29744139313697815,0.13645507395267487,0.30357420444488525,0.28517577052116394,0.0,0.30469265580177307,0.1516743004322052,0.30469265580177307,0.29855969548225403,0.0,-0.5174490213394165,0.8890175819396973,-9.60373592376709,-0.504059374332428,1.4679510593414307,-11.726799011230469,0.0,0.0,0.0,0.0,0.0,0.0,0.0,0.0,0.0,0.0,0.0,0.0,0.30469274520874023,0.14470341801643372,0.304692804813385,0.2993153929710388,0.23847447335720062,0.4618133008480072,0.04114978387951851,0.7221658229827881,5.604715824127197,0.2384435087442398,-0.39036306738853455,0.0,0.0,0.0,0.0,0.0,0.0,0.0
52727391448,0,-0.14307112991809845,-0.23326581716537476,-0.6533790826797485,6.569455581484362e-05,-0.04113857448101044,-0.8442511558532715,-0.4495086073875427,0.0635046437382698,0.2615874409675598,0.3077024817466736,0.37288498878479004,-0.19841891527175903,-0.05169223994016647,-0.007772848010063171,-1.4741123914718628,0.0,0.0,-0.0047828578390181065,-0.07094992697238922,0.5477370619773865,-0.5718134641647339,0.4080314040184021,-0.07917000353336334,1.7402465343475342,-2.7723264694213867,8.07373046875,-64.49739074707031,-0.4427192211151123,4.150423526763916,0.5,6.5468974113464355,0.9876232743263245,-4.796753406524658,-5.31573486328125,9.861964225769043,21.71856117248535,2.0,37.22957992553711,0.29744139313697815,0.13645507395267487,0.30357420444488525,0.2867089807987213,0.0,0.30469265580177307,0.1516743004322052,0.30469265580177307,0.29855969548225403,0.0,-0.5174490213394165,0.8890175819396973,-9.60373592376709,-0.4568078815937042,1.4730398654937744,-11.753722190856934,0.0,0.0,0.0,0.0,0.0,0.0,0.0,0.0,0.0,0.0,0.0,0.0,0.30469274520874023,0.14716656506061554,0.304692804813385,0.299282968044281,0.23847447335720062,0.4618133008480072,0.04114978387951851,0.7221658229827881,6.109957218170166,-0.5923988223075867,-0.433431476354599,0.0,0.0,0.0,0.0,0.0,0.0,0.0
52737474282,0,-0.15378476679325104,-0.22758013010025024,-0.6458322405815125,6.569455581484362e-05,-0.04113857448101044,-0.8442511558532715,-0.43529289960861206,0.0801248699426651,0.25483715534210205,0.3077024817466736,0.37288498878479004,-0.19841891527175903,-0.051708269864320755,0.006197035778313875,-1.488385796546936,0.0,0.0,-0.0047828578390181065,-0.07094992697238922,0.5477370619773865,-0.5718134641647339,0.3786633610725403,-0.16729618608951569,1.753535270690918,-2.5943350791931152,8.10173511505127,-64.63160705566406,-0.5860180854797363,4.085180759429932,0.5,6.631513595581055,0.9745317697525024,-4.794290065765381,-5.383167743682861,9.53209114074707,21.58039093017578,2.0,37.407569885253906,0.29744139313697815,0.13645507395267487,0.30357420444488525,0.2882421910762787,0.0,0.30469265580177307,0.15945489704608917,0.30469265580177307,0.2981846034526825,0.0,-0.3763028383255005,0.9478110671043396,-10.127655029296875,-0.4568078815937042,1.4730398654937744,-11.753722190856934,0.0,0.0,0.0,0.0,0.0,0.0,0.0,0.0,0.0,0.0,0.0,0.0,0.30469274520874023,0.14956872165203094,0.304692804813385,0.29911625385284424,0.2318774312734604,0.4593481719493866,0.04114978387951851,0.72498619556427,6.109957218170166,-0.5923988223075867,-0.433431476354599,0.0,0.0,0.0,0.0,0.0,0.0,0.0
52747222551,0,-0.15378476679325104,-0.22758013010025024,-0.6458322405815125,6.569455581484362e-05,-0.04113857448101044,-0.8442511558532715,-0.43529289960861206,0.0801248699426651,0.25483715534210205,0.3077024817466736,0.37288498878479004,-0.19841891527175903,-0.051708269864320755,0.006197035778313875,-1.488385796546936,0.0,0.0,-0.0047828578390181065,0.07035679370164871,0.520709216594696,-0.5805401802062988,0.3786633610725403,-0.16729618608951569,1.753535270690918,-2.4312286376953125,8.096328735351562,-64.71404266357422,-0.7616219520568848,4.052928924560547,0.5,6.719376564025879,0.9638005495071411,-4.789905548095703,-5.456519603729248,9.20191764831543,21.342729568481445,2.0,37.67501449584961,0.29744139313697815,0.13798828423023224,0.30357420444488525,0.2882421910762787,0.0,0.30469265580177307,0.16861219704151154,0.30469265580177307,0.29700058698654175,0.0,-0.2222837507724762,1.0276918411254883,-10.152219772338867,-0.4568078815937042,1.4730398654937744,-11.753722190856934,0.0,0.0,0.0,0.0,0.0,0.0,0.0,0.0,0.0,0.0,0.0,0.0,0.30469274520874023,0.15263791382312775,0.304692804813385,0.2988250255584717,0.22525106370449066,0.4551011919975281,0.04114978387951851,0.7292178273200989,6.557971477508545,-1.151179552078247,-0.4279817044734955,0.0,0.0,0.0,0.0,0.0,0.0,0.0
52757420647,0,-0.16009552776813507,-0.22379082441329956,-0.6409087181091309,6.569455581484362e-05,-0.04113857448101044,-0.8442511558532715,-0.42419305443763733,0.08966628462076187,0.24871326982975006,0.3203240633010864,0.3653063178062439,-0.20334243774414062,-0.04908517375588417,0.014870061539113522,-1.4978992938995361,0.0,0.0,-0.0047828578390181065,0.07035679370164871,0.520709216594696,-0.5805401802062988,0.3381151258945465,-0.22777915000915527,1.7642290592193604,-2.4312286376953125,8.096328735351562,-64.71404266357422,-0.7616219520568848,4.052928924560547,0.5,6.719376564025879,0.9638005495071411,-4.789905548095703,-5.456519603729248,9.20191764831543,21.342729568481445,2.0,37.67501449584961,0.29744139313697815,0.13798828423023224,0.30357420444488525,0.2882421910762787,0.0,0.30469265580177307,0.16861219704151154,0.30469265580177307,0.29700058698654175,0.0,-0.2222837507724762,1.0276918411254883,-10.152219772338867,-0.4294879734516144,1.4684215784072876,-11.774720191955566,0.0,0.0,0.0,0.0,0.0,0.0,0.0,0.0,0.0,0.0,0.0,0.0,0.30469274520874023,0.1566726267337799,0.304692804813385,0.29839977622032166,0.22525106370449066,0.4551011919975281,0.04114978387951851,0.7292178273200989,6.557971477508545,-1.151179552078247,-0.4279817044734955,0.0,0.0,0.0,0.0,0.0,0.0,0.0
52767365586,0,-0.16009552776813507,-0.22379082441329956,-0.6409087181091309,6.569455581484362e-05,-0.04113857448101044,-0.8442511558532715,-0.42419305443763733,0.08966628462076187,0.24871326982975006,0.3262866735458374,0.3615044057369232,-0.2057555913925171,-0.04908517375588417,0.014870061539113522,-1.4978992938995361,0.0,0.0,-0.0047828578390181065,0.1397494375705719,0.5018503069877625,-0.5849882960319519,0.2987717390060425,-0.266426146030426,1.7723441123962402,-2.3621838092803955,8.076318740844727,-64.7609634399414,-0.852448046207428,4.045934677124023,0.5,6.763854503631592,0.9598760604858398,-4.787126541137695,-5.493644714355469,9.150371551513672,21.312145233154297,2.0,37.93242263793945,0.29744139313697815,0.13798828423023224,0.30357420444488525,0.2882421910762787,0.0,0.30469265580177307,0.17265744507312775,0.30469265580177307,0.29538893699645996,0.0,-0.2222837507724762,1.0276918411254883,-10.152219772338867,-0.4162176847457886,1.4647191762924194,-11.77170181274414,0.0,0.0,0.0,0.0,0.0,0.0,0.0,0.0,0.0,0.0,0.0,0.0,0.30469274520874023,0.16104672849178314,0.304692804813385,0.2978580594062805,0.22421430051326752,0.4545540511608124,0.04114978387951851,0.733283281326294,6.583362102508545,-1.4696342945098877,-0.42720523476600647,0.0,0.0,0.0,0.0,0.0,0.0,0.0
52777618530,0,-0.16307681798934937,-0.22188986837863922,-0.6384955644607544,6.569455581484362e-05,-0.04113857448101044,-0.8442511558532715,-0.4186114966869354,0.09441926330327988,0.2434568703174591,0.3262866735458374,0.3615044057369232,-0.2057555913925171,-0.04705798625946045,0.018911199644207954,-1.502648949623108,0.0,0.0,-0.0047828578390181065,0.27017277479171753,0.45731446146965027,-0.5921630859375,0.2987717390060425,-0.266426146030426,1.7723441123962402,-2.230536699295044,8.022871017456055,-64.83940124511719,-1.040753722190857,4.046894073486328,0.5,6.845932483673096,0.9598760604858398,-4.787126541137695,-5.493644714355469,8.77668285369873,20.930755615234375,2.0,38.179351806640625,0.29744139313697815,0.13952147960662842,0.30357420444488525,0.2882421910762787,0.0,0.30469265580177307,0.183345764875412,0.30469265580177307,0.29407209157943726,0.0,-0.1863967776298523,0.9866946339607239,-10.326799392700195,-0.4162176847457886,1.4647191762924194,-11.77170181274414,0.0,0.0,0.0,0.0,0.0,0.0,0.0,0.0,0.0,0.0,0.0,0.0,0.30469274520874023,0.16564691066741943,0.304692804813385,0.297149658203125,0.22421430051326752,0.4545540511608124,0.04114978387951851,0.733283281326294,6.6574387550354,-2.0890893936157227,-0.38784635066986084,0.0,0.0,0.0,0.0,0.0,0.0,0.0
52789415465,0,-0.16835378110408783,-0.2182309329509735,-0.6337835192680359,6.569455581484362e-05,-0.04113857448101044,-0.8442511558532715,-0.40540811419487,0.10220085829496384,0.23868241906166077,0.3368406593799591,0.3541865050792694,-0.2104676365852356,-0.04133756831288338,0.026391107589006424,-1.5121701955795288,0.0,0.0,-0.0047828578390181065,0.27017277479171753,0.45731446146965027,-0.5921630859375,0.23404620587825775,-0.30685490369796753,1.7831430435180664,-2.230536699295044,8.022871017456055,-64.83940124511719,-1.040753722190857,4.046894073486328,0.5,6.845932483673096,0.9554365277290344,-4.781223297119141,-5.562611103057861,8.77668285369873,20.930755615234375,2.0,38.179351806640625,0.29744139313697815,0.1410546898841858,0.30357420444488525,0.2882421910762787,0.0,0.30469265580177307,0.183345764875412,0.30469265580177307,0.29407209157943726,0.0,-0.08173689246177673,0.9356766939163208,-10.019161224365234,-0.39443427324295044,1.4501988887786865,-11.819445610046387,0.0,0.0,0.0,0.0,0.0,0.0,0.0,0.0,0.0,0.0,0.0,0.0,0.30469274520874023,0.17068219184875488,0.304692804813385,0.29629409313201904,0.2166813462972641,0.4477188289165497,0.04114978387951851,0.737176775932312,6.6574387550354,-2.0890893936157227,-0.38784635066986084,0.0,0.0,0.0,0.0,0.0,0.0,0.0
52797288237,0,-0.16835378110408783,-0.2182309329509735,-0.6337835192680359,6.569455581484362e-05,-0.04113857448101044,-0.8442511558532715,-0.40540811419487,0.10220085829496384,0.23868241906166077,0.3368406593799591,0.3541865050792694,-0.2104676365852356,-0.04133756831288338,0.026391107589006424,-1.5121701955795288,0.0,0.0,-0.0047828578390181065,0.39698952436447144,0.3982907235622406,-0.6000902652740479,0.23404620587825775,-0.30685490369796753,1.7831430435180664,-2.0724005699157715,7.853452205657959,-65.3296890258789,-1.2606887817382812,4.070503234863281,0.5,6.932010173797607,0.954886794090271,-4.77470064163208,-5.632359981536865,8.597053527832031,20.668357849121094,2.0,38.705474853515625,0.29744139313697815,0.14412109553813934,0.30357420444488525,0.2882421910762787,0.0,0.30469265580177307,0.19601790606975555,0.30469265580177307,0.2893582582473755,0.0,0.06554165482521057,0.8639647960662842,-9.931537628173828,-0.39443427324295044,1.4501988887786865,-11.819445610046387,0.0,0.0,0.0,0.0,0.0,0.0,0.0,0.0,0.0,0.0,0.0,0.0,0.30469274520874023,0.17607997357845306,0.304692804813385,0.29524585604667664,0.2130494862794876,0.4430031478404999,0.04114978387951851,0.7454512715339661,6.546977519989014,-2.7831976413726807,-0.4038350582122803,0.0,0.0,0.0,0.0,0.0,0.0,0.0
52807132146,0,-0.17289505898952484,-0.2147902548313141,-0.6291511058807373,6.569455581484362e-05,-0.04113857448101044,-0.8442511558532715,-0.39037024974823,0.1088673397898674,0.23449517786502838,0.3459232449531555,0.3473050892353058,-0.21510004997253418,-0.03365570306777954,0.032753836363554,-1.5216550827026367,0.0,0.0,-0.0047828578390181065,0.462692528963089,0.3640163540840149,-0.6033815741539001,0.15665733814239502,-0.3337387144565582,1.7940590381622314,-2.029721260070801,7.786108493804932,-65.58871459960938,-1.3695738315582275,4.094146728515625,0.5,6.975951671600342,0.9563014507293701,-4.771083831787109,-5.670173645019531,8.659098625183105,20.663951873779297,2.0,39.119140625,0.29744139313697815,0.14872069656848907,0.30357420444488525,0.2882421910762787,0.0,0.30469265580177307,0.20033788681030273,0.30469265580177307,0.2864477336406708,0.0,0.06554165482521057,0.8639647960662842,-9.931537628173828,-0.3768001198768616,1.4279004335403442,-11.878125190734863,0.0,0.0,0.0,0.0,0.0,0.0,0.0,0.0,0.0,0.0,0.0,0.0,0.30469274520874023,0.18202845752239227,0.304692804813385,0.2937270998954773,0.2143048495054245,0.4429238438606262,0.04114978387951851,0.7519370913505554,6.399288654327393,-3.027130603790283,-0.3573499619960785,0.0,0.0,0.0,0.0,0.0,0.0,0.0
52817298146,0,-0.1749366819858551,-0.21310339868068695,-0.6268597841262817,6.569455581484362e-05,-0.04113857448101044,-0.8442511558532715,-0.38297921419143677,0.11178606748580933,0.2344038039445877,0.3500065207481384,0.3439313769340515,-0.21739137172698975,-0.029049251228570938,0.03556583449244499,-1.5263917446136475,0.0,0.0,-0.0047828578390181065,0.514654815196991,0.3313555419445038,-0.6059215664863586,0.1134130135178566,-0.34319204092025757,1.7995580434799194,-2.029721260070801,7.786108493804932,-65.58871459960938,-1.3695738315582275,4.094146728515625,0.5,6.975951671600342,0.9563014507293701,-4.771083831787109,-5.670173645019531,8.659098625183105,20.663951873779297,2.0,39.119140625,0.29744139313697815,0.15025390684604645,0.30357420444488525,0.2882421910762787,0.0,0.30469265580177307,0.20033788681030273,0.30469265580177307,0.2864477336406708,0.0,0.12471779435873032,0.7913178205490112,-9.749792098999023,-0.36904022097587585,1.4156560897827148,-11.92522144317627,0.0,0.0,0.0,0.0,0.0,0.0,0.0,0.0,0.0,0.0,0.0,0.0,0.30469274520874023,0.18813328444957733,0.304692804813385,0.29177117347717285,0.2143048495054245,0.4429238438606262,0.04114978387951851,0.7519370913505554,6.122060775756836,-3.288853883743286,-0.32521846890449524,0.0,0.0,0.0,0.0,0.0,0.0,0.0
52827182778,0,-0.1749366819858551,-0.21310339868068695,-0.6268597841262817,6.569455581484362e-05,-0.04113857448101044,-0.8442511558532715,-0.38297921419143677,0.11178606748580933,0.2344038039445877,0.3500065207481384,0.3439313769340515,-0.21739137172698975,-0.029049251228570938,0.03556583449244499,-1.5263917446136475,0.0,0.0,-0.0047828578390181065,0.5706590414047241,0.28920987248420715,-0.6085585951805115,0.1134130135178566,-0.34319204092025757,1.7995580434799194,-1.9572609663009644,7.640464782714844,-66.1866683959961,-1.568223237991333,4.16188383102417,0.5,7.058016777038574,0.9563014507293701,-4.771083831787109,-5.670173645019531,8.536569595336914,20.332195281982422,2.0,39.632076263427734,0.29744139313697815,0.15485352277755737,0.30357420444488525,0.2882421910762787,0.0,0.30469265580177307,0.21201203763484955,0.30469265580177307,0.2829553484916687,0.0,0.12471779435873032,0.7913178205490112,-9.749792098999023,-0.36904022097587585,1.4156560897827148,-11.92522144317627,0.0,0.0,0.0,0.0,0.0,0.0,0.0,0.0,0.0,0.0,0.0,0.0,0.30469274520874023,0.1939263641834259,0.304692804813385,0.2896657884120941,0.2143048495054245,0.4429238438606262,0.04114978387951851,0.7519370913505554,5.734677314758301,-3.6506268978118896,-0.2889910042285919,0.0,0.0,0.0,0.0,0.0,0.0,0.0
52838270139,0,-0.17867642641067505,-0.2098354697227478,-0.6222527027130127,6.569455581484362e-05,-0.04113857448101044,-0.8442511558532715,-0.36833763122558594,0.11685337871313095,0.2360154688358307,0.3574860394001007,0.33739548921585083,-0.2219984531402588,-0.01868841052055359,0.0402323380112648,-1.5358127355575562,0.0,0.0,-0.0047828578390181065,0.5706590414047241,0.28920987248420715,-0.6085585951805115,0.02189008519053459,-0.3498815596103668,1.810516357421875,-1.9572609663009644,7.640464782714844,-66.1866683959961,-1.568223237991333,4.16188383102417,0.5,7.058016777038574,0.9621075391769409,-4.764469146728516,-5.740820407867432,8.536569595336914,20.332195281982422,2.0,39.632076263427734,0.29744139313697815,0.1594531238079071,0.30357420444488525,0.2882421910762787,0.0,0.30469265580177307,0.21201203763484955,0.30469265580177307,0.2829553484916687,0.0,0.16925746202468872,0.7740001678466797,-9.87958812713623,-0.35586562752723694,1.3891754150390625,-12.033940315246582,0.0,0.0,0.0,0.0,0.0,0.0,0.0,0.0,0.0,0.0,0.0,0.0,0.30469274520874023,0.19957423210144043,0.304692804813385,0.28755319118499756,0.21182481944561005,0.43694591522216797,0.04114978387951851,0.7599547505378723,5.734677314758301,-3.6506268978118896,-0.2889910042285919,0.0,0.0,0.0,0.0,0.0,0.0,0.0
52848601538,0,-0.17867642641067505,-0.2098354697227478,-0.6222527027130127,6.569455581484362e-05,-0.04113857448101044,-0.8442511558532715,-0.36833763122558594,0.11685337871313095,0.2360154688358307,0.3606688380241394,0.3343315124511719,-0.2243027687072754,-0.01868841052055359,0.0402323380112648,-1.5358127355575562,0.0,0.0,-0.0047828578390181065,0.6252557635307312,0.24421925842761993,-0.6110031008720398,0.02189008519053459,-0.3498815596103668,1.810516357421875,-1.9334321022033691,7.546078681945801,-66.36940002441406,-1.6744027137756348,4.208733558654785,0.5,7.101972579956055,0.9669345021247864,-4.76112699508667,-5.779074668884277,8.487990379333496,20.151018142700195,2.0,39.92508316040039,0.29744139313697815,0.16405273973941803,0.30357420444488525,0.2882421910762787,0.0,0.30469265580177307,0.2184988409280777,0.30469265580177307,0.28097814321517944,0.0,0.16925746202468872,0.7740001678466797,-9.87958812713623,-0.35153311491012573,1.3720142841339111,-12.067163467407227,0.0,0.0,0.0,0.0,0.0,0.0,0.0,0.0,0.0,0.0,0.0,0.0,0.30469274520874023,0.20494626462459564,0.304692804813385,0.2855745255947113,0.21084092557430267,0.4336739182472229,0.04114978387951851,0.7645224332809448,5.4825568199157715,-3.9608747959136963,-0.263671338558197,0.0,0.0,0.0,0.0,0.0,0.0,0.0
52857132463,0,-0.1802678108215332,-0.20830349624156952,-0.6199483871459961,6.569455581484362e-05,-0.04113857448101044,-0.8442511558532715,-0.3599185049533844,0.11881837248802185,0.23401235044002533,0.3606688380241394,0.3343315124511719,-0.2243027687072754,-0.012946291826665401,0.041990961879491806,-1.5405265092849731,0.0,0.0,-0.0047828578390181065,0.7191482782363892,0.1540697067975998,-0.6153496503829956,-0.027386989444494247,-0.3477829396724701,1.8160121440887451,-1.9334321022033691,7.546078681945801,-66.36940002441406,-1.6744027137756348,4.208733558654785,0.5,7.101972579956055,0.9669345021247864,-4.76112699508667,-5.779074668884277,8.487990379333496,20.151018142700195,2.0,39.92508316040039,0.29744139313697815,0.17018555104732513,0.30357420444488525,0.2882421910762787,0.0,0.30469265580177307,0.2184988409280777,0.30469265580177307,0.28097814321517944,0.0,0.2375057339668274,0.6591704487800598,-10.152854919433594,-0.35153311491012573,1.3720142841339111,-12.067163467407227,0.0,0.0,0.0,0.0,0.0,0.0,0.0,0.0,0.0,0.0,0.0,0.0,0.30469274520874023,0.20978987216949463,0.304692804813385,0.2838444411754608,0.21084092557430267,0.4336739182472229,0.04114978387951851,0.7645224332809448,4.945373058319092,-4.466811656951904,-0.22411981225013733,0.0,0.0,0.0,0.0,0.0,0.0,0.0
52867340612,0,-0.18439362943172455,-0.20420244336128235,-0.6131770014762878,6.569455581484362e-05,-0.04113857448101044,-0.8442511558532715,-0.33611786365509033,0.12316091358661652,0.22641631960868835,0.3689205050468445,0.32612937688827515,-0.23107415437698364,0.006558676715940237,0.04514133557677269,-1.5545423030853271,0.0,0.0,-0.0047828578390181065,0.7191482782363892,0.1540697067975998,-0.6153496503829956,-0.15908104181289673,-0.32584962248802185,1.8297703266143799,-1.9045614004135132,7.361490249633789,-66.70701599121094,-1.88054358959198,4.3142476081848145,0.5,7.184573173522949,0.979188084602356,-4.755651473999023,-5.85051965713501,8.32800006866455,19.67030143737793,2.0,40.424072265625,0.29744139313697815,0.17478515207767487,0.30357420444488525,0.2867089807987213,0.0,0.30469265580177307,0.23255334794521332,0.30469265580177307,0.2777855694293976,0.0,0.2696887254714966,0.5182929635047913,-10.059164047241211,-0.34488943219184875,1.3187850713729858,-12.161523818969727,0.0,0.0,0.0,0.0,0.0,0.0,0.0,0.0,0.0,0.0,0.0,0.0,0.30469274520874023,0.2144274264574051,0.304692804813385,0.2823173701763153,0.2075960487127304,0.42496737837791443,0.04114978387951851,0.7722815275192261,4.945373058319092,-4.466811656951904,-0.22411981225013733,0.0,0.0,0.0,0.0,0.0,0.0,0.0
52879849374,0,-0.18672999739646912,-0.20175030827522278,-0.6087770462036133,6.569455581484362e-05,-0.04113857448101044,-0.8442511558532715,-0.31999853253364563,0.12518931925296783,0.22160840034484863,0.373593270778656,0.3212250769138336,-0.2354741096496582,0.021004801616072655,0.04538152366876602,-1.5639104843139648,0.0,0.0,-0.0047828578390181065,0.7944435477256775,0.05865240842103958,-0.6171784996986389,-0.15908104181289673,-0.32584962248802185,1.8297703266143799,-1.9045614004135132,7.361490249633789,-66.70701599121094,-1.88054358959198,4.3142476081848145,0.5,7.184573173522949,0.979188084602356,-4.755651473999023,-5.85051965713501,8.32800006866455,19.67030143737793,2.0,40.424072265625,0.29744139313697815,0.18091796338558197,0.30357420444488525,0.2867089807987213,0.0,0.30469265580177307,0.23255334794521332,0.30469265580177307,0.2777855694293976,0.0,0.2696887254714966,0.5182929635047913,-10.059164047241211,-0.34455588459968567,1.279679298400879,-12.228886604309082,0.0,0.0,0.0,0.0,0.0,0.0,0.0,0.0,0.0,0.0,0.0,0.0,0.30469274520874023,0.21940460801124573,0.304692804813385,0.28087738156318665,0.2075960487127304,0.42496737837791443,0.04114978387951851,0.7722815275192261,4.1153788566589355,-4.780331134796143,-0.13424651324748993,0.0,0.0,0.0,0.0,0.0,0.0,0.0
52887189395,0,-0.18672999739646912,-0.20175030827522278,-0.6087770462036133,6.569455581484362e-05,-0.04113857448101044,-0.8442511558532715,-0.31999853253364563,0.12518931925296783,0.22160840034484863,0.373593270778656,0.3212250769138336,-0.2354741096496582,0.021004801616072655,0.04538152366876602,-1.5639104843139648,0.0,0.0,-0.0047828578390181065,0.8293343186378479,0.0057847327552735806,-0.6194921135902405,-0.2972128391265869,-0.2815285325050354,1.8434338569641113,-1.906951665878296,6.930843353271484,-67.51534271240234,-2.2267332077026367,4.536052227020264,0.5,7.314386367797852,1.0061393976211548,-4.75006628036499,-5.961305141448975,8.458328247070312,19.152944564819336,2.0,41.666595458984375,0.29744139313697815,0.1855175793170929,0.30357420444488525,0.28517577052116394,0.0,0.30469265580177307,0.2547057867050171,0.30469265580177307,0.2690354585647583,0.0,0.28661003708839417,0.37224480509757996,-10.086159706115723,-0.34455588459968567,1.279679298400879,-12.228886604309082,0.0,0.0,0.0,0.0,0.0,0.0,0.0,0.0,0.0,0.0,0.0,0.0,0.30469274520874023,0.22530068457126617,0.304692804813385,0.27919498085975647,0.20821250975131989,0.418408066034317,0.04223007708787918,0.7837110161781311,3.7196238040924072,-4.902310371398926,-0.1772395670413971,0.0,0.0,0.0,0.0,0.0,0.0,0.0
52897369803,0,-0.18775826692581177,-0.20071810483932495,-0.6066057085990906,6.569455581484362e-05,-0.04113857448101044,-0.8442511558532715,-0.31247472763061523,0.1255498081445694,0.2208711802959442,0.3756498098373413,0.31916067004203796,-0.2376454472541809,0.02857186831533909,0.04490141570568085,-1.568603754043579,0.0,0.0,-0.0047828578390181065,0.8293343186378479,0.0057847327552735806,-0.6194921135902405,-0.3540632426738739,-0.25725260376930237,1.8489196300506592,-1.906951665878296,6.930843353271484,-67.51534271240234,-2.2267332077026367,4.536052227020264,0.5,7.314386367797852,1.0061393976211548,-4.75006628036499,-5.961305141448975,8.458328247070312,19.152944564819336,2.0,41.666595458984375,0.29744139313697815,0.191650390625,0.30357420444488525,0.28364259004592896,0.0,0.30469265580177307,0.2547057867050171,0.30469265580177307,0.2690354585647583,0.0,0.28661003708839417,0.37224480509757996,-10.086159706115723,-0.3467184901237488,1.2601532936096191,-12.275516510009766,0.0,0.0,0.0,0.0,0.0,0.0,0.0,0.0,0.0,0.0,0.0,0.0,0.30469274520874023,0.23260456323623657,0.304692804813385,0.27689650654792786,0.21023957431316376,0.41555553674697876,0.04713704437017441,0.7914940714836121,3.7196238040924072,-4.902310371398926,-0.1772395670413971,0.0,0.0,0.0,0.0,0.0,0.0,0.0
52907596034,0,-0.18775826692581177,-0.20071810483932495,-0.6066057085990906,6.569455581484362e-05,-0.04113857448101044,-0.8442511558532715,-0.31247472763061523,0.1255498081445694,0.2208711802959442,0.3756498098373413,0.31916067004203796,-0.2376454472541809,0.02857186831533909,0.04490141570568085,-1.568603754043579,0.0,0.0,-0.0047828578390181065,0.8765230774879456,-0.09713882952928543,-0.6220563650131226,-0.3540632426738739,-0.25725260376930237,1.8489196300506592,-1.9363694190979004,6.710001468658447,-68.08748626708984,-2.3990492820739746,4.699410438537598,0.5,7.396688938140869,1.0061393976211548,-4.75006628036499,-5.961305141448975,8.601578712463379,18.818153381347656,2.0,42.34245681762695,0.29744139313697815,0.19625000655651093,0.30357420444488525,0.2821093797683716,0.0,0.30469265580177307,0.2679898738861084,0.30469265580177307,0.26517006754875183,0.0,0.269521564245224,0.20209169387817383,-9.843379974365234,-0.3467184901237488,1.2601532936096191,-12.275516510009766,0.0,0.0,0.0,0.0,0.0,0.0,0.0,0.0,0.0,0.0,0.0,0.0,0.30469274520874023,0.2408878058195114,0.304692804813385,0.2741371989250183,0.21023957431316376,0.41555553674697876,0.04713704437017441,0.7914940714836121,2.73576283454895,-5.208345413208008,-0.13590826094150543,0.0,0.0,0.0,0.0,0.0,0.0,0.0
52917391841,0,-0.189609095454216,-0.1987791508436203,-0.6022805571556091,6.569455581484362e-05,-0.04113857448101044,-0.8442511558532715,-0.29773417115211487,0.12635359168052673,0.22121869027614594,0.37935149669647217,0.3152827322483063,-0.24197059869766235,0.04412662610411644,0.04275716841220856,-1.5780293941497803,0.0,0.0,-0.0047828578390181065,0.8765230774879456,-0.09713882952928543,-0.6220563650131226,-0.4664984941482544,-0.198757141828537,1.8598532676696777,-1.9363694190979004,6.710001468658447,-68.08748626708984,-2.3990492820739746,4.699410438537598,0.5,7.396688938140869,1.028670072555542,-4.748945236206055,-6.033897399902344,8.601578712463379,18.818153381347656,2.0,42.34245681762695,0.29744139313697815,0.20238281786441803,0.30357420444488525,0.27904295921325684,0.0,0.30469265580177307,0.2679898738861084,0.30469265580177307,0.26517006754875183,0.0,0.29361492395401,0.09162473678588867,-9.901654243469238,-0.35206717252731323,1.2200002670288086,-12.37954330444336,0.0,0.0,0.0,0.0,0.0,0.0,0.0,0.0,0.0,0.0,0.0,0.0,0.30469274520874023,0.24934984743595123,0.304692804813385,0.27130377292633057,0.21314102411270142,0.40944185853004456,0.050968389958143234,0.801880955696106,2.73576283454895,-5.208345413208008,-0.13590826094150543,0.0,0.0,0.0,0.0,0.0,0.0,0.0
52927579562,0,-0.189609095454216,-0.1987791508436203,-0.6022805571556091,6.569455581484362e-05,-0.04113857448101044,-0.8442511558532715,-0.29773417115211487,0.12635359168052673,0.22121869027614594,0.37935149669647217,0.3152827322483063,-0.24197059869766235,0.04412662610411644,0.04275716841220856,-1.5780293941497803,0.0,0.0,-0.0047828578390181065,0.9090114831924438,-0.20876213908195496,-0.6242287158966064,-0.4664984941482544,-0.198757141828537,1.8598532676696777,-2.007477283477783,6.4837775230407715,-68.51644897460938,-2.5624468326568604,4.885725021362305,0.5,7.484882354736328,1.0570148229599,-4.7506184577941895,-6.112545013427734,8.705406188964844,18.37516212463379,2.0,42.930538177490234,0.29744139313697815,0.20851562917232513,0.30357420444488525,0.27750977873802185,0.0,0.30469265580177307,0.2831468880176544,0.30469265580177307,0.2624411880970001,0.0,0.29361492395401,0.09162473678588867,-9.901654243469238,-0.35206717252731323,1.2200002670288086,-12.37954330444336,0.0,0.0,0.0,0.0,0.0,0.0,0.0,0.0,0.0,0.0,0.0,0.0,0.30469274520874023,0.2576504051685333,0.304692804813385,0.2686525285243988,0.2152411788702011,0.40132400393486023,0.05172857269644737,0.8108826875686646,1.7906031608581543,-5.269044876098633,-0.11756030470132828,0.0,0.0,0.0,0.0,0.0,0.0,0.0
52937176390,0,-0.19127625226974487,-0.1972561776638031,-0.5979849100112915,6.569455581484362e-05,-0.04113857448101044,-0.8442511558532715,-0.28330424427986145,0.12503360211849213,0.21868866682052612,0.3826858103275299,0.3122367560863495,-0.24626624584197998,0.060198284685611725,0.03894665092229843,-1.5876545906066895,0.0,0.0,-0.0047828578390181065,0.9173890352249146,-0.262952595949173,-0.6248412132263184,-0.5785145163536072,-0.12634608149528503,1.8706538677215576,-2.007477283477783,6.4837775230407715,-68.51644897460938,-2.5624468326568604,4.885725021362305,0.5,7.484882354736328,1.0570148229599,-4.7506184577941895,-6.112545013427734,8.705406188964844,18.37516212463379,2.0,42.930538177490234,0.29744139313697815,0.21464844048023224,0.30357420444488525,0.2759765684604645,0.0,0.30469265580177307,0.2831468880176544,0.30469265580177307,0.2624411880970001,0.0,0.260966956615448,-0.1420592963695526,-9.920866966247559,-0.3649958670139313,1.1788686513900757,-12.457535743713379,0.0,0.0,0.0,0.0,0.0,0.0,0.0,0.0,0.0,0.0,0.0,0.0,0.30469274520874023,0.265738308429718,0.304692804813385,0.2663283348083496,0.2152411788702011,0.40132400393486023,0.05172857269644737,0.8108826875686646,1.3038026094436646,-5.218095302581787,-0.09209556132555008,0.0,0.0,0.0,0.0,0.0,0.0,0.0
52947439838,0,-0.1928737461566925,-0.19587117433547974,-0.593737781047821,6.569455581484362e-05,-0.04113857448101044,-0.8442511558532715,-0.2692416310310364,0.12369746714830399,0.21723170578479767,0.38588082790374756,0.30946674942970276,-0.25051337480545044,0.07636284828186035,0.03371456637978554,-1.5973631143569946,0.0,0.0,-0.0047828578390181065,0.9173890352249146,-0.262952595949173,-0.6248412132263184,-0.6601735949516296,-0.06456684321165085,1.8787763118743896,-2.043769598007202,6.367896556854248,-68.72889709472656,-2.636429786682129,4.9819488525390625,0.5,7.528820991516113,1.072750449180603,-4.75270938873291,-6.152216911315918,8.798633575439453,18.182477951049805,2.0,43.240516662597656,0.29744139313697815,0.22078125178813934,0.30204102396965027,0.2744433581829071,0.0,0.30469265580177307,0.29058587551116943,0.30469265580177307,0.2609855532646179,0.0,0.23760247230529785,-0.2240905910730362,-9.912510871887207,-0.3794781267642975,1.1374832391738892,-12.53909969329834,0.0,0.0,0.0,0.0,0.0,0.0,0.0,0.0,0.0,0.0,0.0,0.0,0.30469274520874023,0.2732715606689453,0.304692804813385,0.26440081000328064,0.21712474524974823,0.3977830111980438,0.0522523932158947,0.8156141638755798,1.3038026094436646,-5.218095302581787,-0.09209556132555008,0.0,0.0,0.0,0.0,0.0,0.0,0.0
52957382991,0,-0.1928737461566925,-0.19587117433547974,-0.593737781047821,6.569455581484362e-05,-0.04113857448101044,-0.8442511558532715,-0.2692416310310364,0.12369746714830399,0.21723170578479767,0.38588082790374756,0.30946674942970276,-0.25051337480545044,0.07636284828186035,0.03371456637978554,-1.5973631143569946,0.0,0.0,-0.0047828578390181065,0.9185442924499512,-0.36484530568122864,-0.6240847706794739,-0.7901313900947571,0.05371183156967163,1.8921618461608887,-2.134923219680786,6.1351542472839355,-69.1595687866211,-2.791408061981201,5.204757213592529,0.5,7.610801696777344,1.072750449180603,-4.75270938873291,-6.152216911315918,9.032259941101074,17.766199111938477,2.0,43.911468505859375,0.29744139313697815,0.22691406309604645,0.30357420444488525,0.27137696743011475,0.0,0.30469265580177307,0.30469265580177307,0.30469265580177307,0.2578265070915222,0.0,0.23760247230529785,-0.2240905910730362,-9.912510871887207,-0.3794781267642975,1.1374832391738892,-12.53909969329834,0.0,0.0,0.0,0.0,0.0,0.0,0.0,0.0,0.0,0.0,0.0,0.0,0.30469274520874023,0.2804790735244751,0.304692804813385,0.2627440094947815,0.21712474524974823,0.3977830111980438,0.0522523932158947,0.8156141638755798,0.3550369441509247,-5.228707313537598,0.004077639896422625,0.0,0.0,0.0,0.0,0.0,0.0,0.0
52967080341,0,-0.19443345069885254,-0.19465602934360504,-0.5895407795906067,6.569455581484362e-05,-0.04113857448101044,-0.8442511558532715,-0.25517919659614563,0.1219295859336853,0.21392104029655457,0.3890002369880676,0.30703645944595337,-0.2547103762626648,0.09252570569515228,0.026899514719843864,-1.6072934865951538,0.0,0.0,-0.0047828578390181065,0.9185442924499512,-0.36484530568122864,-0.6240847706794739,-0.8387956023216248,0.10559476166963577,1.8975036144256592,-2.134923219680786,6.1351542472839355,-69.1595687866211,-2.8450050354003906,5.307204246520996,0.5,7.648597717285156,1.104194164276123,-4.7590131759643555,-6.2256669998168945,9.032259941101074,17.766199111938477,2.0,43.911468505859375,0.29744139313697815,0.23458008468151093,0.30357420444488525,0.2698437571525574,0.0,0.30469265580177307,0.30469265580177307,0.30469265580177307,0.2587941884994507,0.0,0.18883708119392395,-0.3979228436946869,-10.021653175354004,-0.39699724316596985,1.095741868019104,-12.600415229797363,0.0,0.0,0.0,0.0,0.0,0.0,0.0,0.0,0.0,0.0,0.0,0.0,0.30469274520874023,0.28784114122390747,0.304692804813385,0.26121214032173157,0.22183667123317719,0.39011141657829285,0.05279109254479408,0.8258244395256042,0.3550369441509247,-5.228707313537598,0.004077639896422625,0.0,0.0,0.0,0.0,0.0,0.0,0.0
52977360513,0,-0.19443345069885254,-0.19465602934360504,-0.5895407795906067,6.569455581484362e-05,-0.04113857448101044,-0.8442511558532715,-0.25517919659614563,0.1219295859336853,0.21392104029655457,0.3890002369880676,0.30703645944595337,-0.2547103762626648,0.09252570569515228,0.026899514719843864,-1.6072934865951538,0.0,0.0,-0.0047828578390181065,0.9185442924499512,-0.36484530568122864,-0.6240847706794739,-0.8387956023216248,0.10559476166963577,1.8975036144256592,-2.134923219680786,6.1351542472839355,-69.1595687866211,-2.8450050354003906,5.307204246520996,0.5,7.648597717285156,1.119705319404602,-4.763105869293213,-6.259757041931152,9.032259941101074,17.766199111938477,2.0,43.911468505859375,0.29744139313697815,0.2422460913658142,0.30204102396965027,0.268310546875,0.0,0.30469265580177307,0.30469265580177307,0.30469265580177307,0.2587941884994507,0.0,0.17104002833366394,-0.48520320653915405,-10.045790672302246,-0.39699724316596985,1.095741868019104,-12.600415229797363,0.0,0.0,0.0,0.0,0.0,0.0,0.0,0.0,0.0,0.0,0.0,0.0,0.30469274520874023,0.2945714592933655,0.304692804813385,0.25996795296669006,0.22448153793811798,0.3870709240436554,0.05232147499918938,0.8301255702972412,0.3550369441509247,-5.228707313537598,0.004077639896422625,0.0,0.0,0.0,0.0,0.0,0.0,0.0
52987002624,0,-0.19443345069885254,-0.19465602934360504,-0.5895407795906067,6.569455581484362e-05,-0.04113857448101044,-0.8442511558532715,-0.25517919659614563,0.1219295859336853,0.21392104029655457,0.3890002369880676,0.30703645944595337,-0.2547103762626648,0.09252570569515228,0.026899514719843864,-1.6072934865951538,0.0,0.0,-0.0047828578390181065,0.8806197643280029,-0.5121395587921143,-0.6219595074653625,-0.8387956023216248,0.10559476166963577,1.8975036144256592,-2.3557684421539307,5.6985764503479,-69.75594329833984,-2.9571611881256104,5.551311492919922,0.5,7.736239433288574,1.1384844779968262,-4.768873691558838,-6.299618721008301,9.456966400146484,17.177736282348633,2.0,44.78607940673828,0.29744139313697815,0.2499121129512787,0.30357420444488525,0.2667773365974426,0.0,0.30469265580177307,0.30469265580177307,0.30469265580177307,0.25406593084335327,0.0,0.17104002833366394,-0.48520320653915405,-10.045790672302246,-0.39699724316596985,1.095741868019104,-12.600415229797363,0.0,0.0,0.0,0.0,0.0,0.0,0.0,0.0,0.0,0.0,0.0,0.0,0.30469274520874023,0.2997491657733917,0.304692804813385,0.2589213252067566,0.22802232205867767,0.3828490376472473,0.051702577620744705,0.835892915725708,-1.1871025562286377,-4.831694602966309,0.09167841076850891,0.0,0.0,0.0,0.0,0.0,0.0,0.0
52997933291,0,-0.19667993485927582,-0.19325247406959534,-0.5833742022514343,6.569455581484362e-05,-0.04113857448101044,-0.8442511558532715,-0.23571832478046417,0.11882838606834412,0.20919017493724823,0.3934932351112366,0.3042293190956116,-0.26087695360183716,0.11588504910469055,0.01407181192189455,-1.6227552890777588,0.0,0.0,-0.0047828578390181065,0.8806197643280029,-0.5121395587921143,-0.6219595074653625,-0.930475115776062,0.2151326984167099,1.9081687927246094,-2.3557684421539307,5.6985764503479,-69.75594329833984,-2.9571611881256104,5.551311492919922,0.5,7.736239433288574,1.1579372882843018,-4.775722026824951,-6.339560508728027,9.456966400146484,17.177736282348633,2.0,44.78607940673828,0.29744139313697815,0.25757813453674316,0.30357420444488525,0.26524412631988525,0.0,0.30469265580177307,0.30469265580177307,0.30469265580177307,0.25406593084335327,0.0,0.043132685124874115,-0.6127785444259644,-9.9226713180542,-0.4283215403556824,1.0361047983169556,-12.68289852142334,0.0,0.0,0.0,0.0,0.0,0.0,0.0,0.0,0.0,0.0,0.0,0.0,0.30469274520874023,0.3032078444957733,0.304692804813385,0.2577287554740906,0.23037174344062805,0.3792169392108917,0.04967772215604782,0.8390702605247498,-1.1871025562286377,-4.831694602966309,0.09167841076850891,0.0,0.0,0.0,0.0,0.0,0.0,0.0
53007163229,0,-0.19667993485927582,-0.19325247406959534,-0.5833742022514343,6.569455581484362e-05,-0.04113857448101044,-0.8442511558532715,-0.23571832478046417,0.11882838606834412,0.20919017493724823,0.3934932351112366,0.3042293190956116,-0.26087695360183716,0.11588504910469055,0.01407181192189455,-1.6227552890777588,0.0,0.0,-0.0047828578390181065,0.8387124538421631,-0.5935004353523254,-0.6176828145980835,-0.930475115776062,0.2151326984167099,1.9081687927246094,-2.4933722019195557,5.488712310791016,-70.22640228271484,-3.0292599201202393,5.759456157684326,0.5,7.814328193664551,1.195695400238037,-4.791318893432617,-6.4138922691345215,9.804588317871094,16.937841415405273,2.0,45.32262420654297,0.29744139313697815,0.26524412631988525,0.30357420444488525,0.26371094584465027,0.0,0.30469265580177307,0.30469265580177307,0.30469265580177307,0.2523445785045624,0.0,0.043132685124874115,-0.6127785444259644,-9.9226713180542,-0.4283215403556824,1.0361047983169556,-12.68289852142334,0.0,0.0,0.0,0.0,0.0,0.0,0.0,0.0,0.0,0.0,0.0,0.0,0.30469274520874023,0.30518287420272827,0.304692804813385,0.256386935710907,0.2373286634683609,0.3747584819793701,0.04797564446926117,0.8471609950065613,-1.9548008441925049,-4.371916770935059,0.17958928644657135,0.0,0.0,0.0,0.0,0.0,0.0,0.0
53023186310,0,-0.19811409711837769,-0.19257517158985138,-0.5793102383613586,6.569455581484362e-05,-0.04113857448101044,-0.8442511558532715,-0.22419320046901703,0.11576694995164871,0.21102063357830048,0.3963615894317627,0.30287471413612366,-0.26494091749191284,0.13072414696216583,0.004158764611929655,-1.6332695484161377,0.0,0.0,-0.0047828578390181065,0.8077781796455383,-0.6347695589065552,-0.6160432696342468,-1.0144001245498657,0.33091747760772705,1.9186259508132935,-2.5584611892700195,5.3855509757995605,-70.38994598388672,-3.051271677017212,5.868884086608887,0.5,7.857334136962891,1.195695400238037,-4.791318893432617,-6.4138922691345215,9.958050727844238,16.781877517700195,2.0,45.52545928955078,0.29744139313697815,0.2698437571525574,0.30357420444488525,0.2621777355670929,0.0,0.30469265580177307,0.30469265580177307,0.30469265580177307,0.2519508898258209,0.0,-0.11752987653017044,-0.796340823173523,-9.732810020446777,-0.4533403813838959,0.9979476928710938,-12.768437385559082,0.0,0.0,0.0,0.0,0.0,0.0,0.0,0.0,0.0,0.0,0.0,0.0,0.30469274520874023,0.30606377124786377,0.304692804813385,0.25504231452941895,0.2373286634683609,0.3747584819793701,0.04797564446926117,0.8471609950065613,-2.434007167816162,-4.147453784942627,0.16249273717403412,0.0,0.0,0.0,0.0,0.0,0.0,0.0
53027416684,0,-0.198886901140213,-0.19230756163597107,-0.5772666335105896,6.569455581484362e-05,-0.04113857448101044,-0.8442511558532715,-0.21818730235099792,0.11502409726381302,0.21087761223316193,0.39790719747543335,0.30233949422836304,-0.2669845223426819,0.13773442804813385,-0.001320147537626326,-1.6387004852294922,0.0,0.0,-0.0047828578390181065,0.8077781796455383,-0.6347695589065552,-0.6160432696342468,-1.0510828495025635,0.39129844307899475,1.9238996505737305,-2.5584611892700195,5.3855509757995605,-70.38994598388672,-3.051271677017212,5.868884086608887,0.5,7.857334136962891,1.2167507410049438,-4.801341533660889,-6.454001426696777,9.958050727844238,16.781877517700195,2.0,45.52545928955078,0.29744139313697815,0.2759765684604645,0.30357420444488525,0.2621777355670929,0.0,0.30469265580177307,0.30469265580177307,0.30469265580177307,0.2519508898258209,0.0,-0.15380717813968658,-0.893962562084198,-9.860746383666992,-0.46517476439476013,0.9791911244392395,-12.798171997070312,0.0,0.0,0.0,0.0,0.0,0.0,0.0,0.0,0.0,0.0,0.0,0.0,0.30469274520874023,0.30624401569366455,0.304692804813385,0.2538287043571472,0.2403915971517563,0.37185463309288025,0.04531700909137726,0.850212812423706,-2.434007167816162,-4.147453784942627,0.16249273717403412,0.0,0.0,0.0,0.0,0.0,0.0,0.0
53037194507,0,-0.20123717188835144,-0.1915561705827713,-0.5711799263954163,6.569455581484362e-05,-0.04113857448101044,-0.8442511558532715,-0.20131045579910278,0.11110411584377289,0.20919398963451385,0.4026077687740326,0.3008367121219635,-0.2730712294578552,0.15730461478233337,-0.018677163869142532,-1.655184268951416,0.0,0.0,-0.0047828578390181065,0.7424815893173218,-0.6999804973602295,-0.6128013730049133,-1.0510828495025635,0.39129844307899475,1.9238996505737305,-2.5584611892700195,5.3855509757995605,-70.38994598388672,-3.051271677017212,5.868884086608887,0.5,7.857334136962891,1.2167507410049438,-4.801341533660889,-6.454001426696777,10.302321434020996,16.5565128326416,2.0,45.941165924072266,0.29744139313697815,0.2805761694908142,0.30357420444488525,0.2606445252895355,0.0,0.30469265580177307,0.30469265580177307,0.30469265580177307,0.24962231516838074,0.0,-0.24484331905841827,-0.9759619832038879,-9.949260711669922,-0.5050434470176697,0.9265999794006348,-12.8671875,0.0,0.0,0.0,0.0,0.0,0.0,0.0,0.0,0.0,0.0,0.0,0.0,0.30469274520874023,0.30604642629623413,0.304692804813385,0.25277790427207947,0.2403915971517563,0.37185463309288025,0.04531700909137726,0.850212812423706,-3.131465435028076,-3.509594202041626,0.16843576729297638,0.0,0.0,0.0,0.0,0.0,0.0,0.0
53047425502,0,-0.20123717188835144,-0.1915561705827713,-0.5711799263954163,6.569455581484362e-05,-0.04113857448101044,-0.8442511558532715,-0.20131045579910278,0.11110411584377289,0.20919398963451385,0.4026077687740326,0.3008367121219635,-0.2730712294578552,0.15730461478233337,-0.018677163869142532,-1.655184268951416,0.0,0.0,-0.0047828578390181065,0.7424815893173218,-0.6999804973602295,-0.6128013730049133,-1.1335740089416504,0.54543137550354,1.9369518756866455,-2.701786994934082,5.1893415451049805,-70.61677551269531,-3.08678936958313,6.073019027709961,0.5,7.937365531921387,1.2569352388381958,-4.82301664352417,-6.528679847717285,10.302321434020996,16.5565128326416,2.0,45.941165924072266,0.29744139313697815,0.28364259004592896,0.30357420444488525,0.25911131501197815,0.0,0.30469265580177307,0.30469265580177307,0.30469265580177307,0.25115668773651123,0.0,-0.27446308732032776,-1.0387386083602905,-9.785137176513672,-0.5050434470176697,0.9265999794006348,-12.8671875,0.0,0.0,0.0,0.0,0.0,0.0,0.0,0.0,0.0,0.0,0.0,0.0,0.30469274520874023,0.3056994676589966,0.304692804813385,0.2518570125102997,0.24724499881267548,0.36765116453170776,0.04125818982720375,0.8564558029174805,-3.131465435028076,-3.509594202041626,0.16843576729297638,0.0,0.0,0.0,0.0,0.0,0.0,0.0
53057619814,0,-0.20123717188835144,-0.1915561705827713,-0.5711799263954163,6.569455581484362e-05,-0.04113857448101044,-0.8442511558532715,-0.20131045579910278,0.11110411584377289,0.20919398963451385,0.4026077687740326,0.3008367121219635,-0.2730712294578552,0.15730461478233337,-0.018677163869142532,-1.655184268951416,0.0,0.0,-0.0047828578390181065,0.6565078496932983,-0.7545710802078247,-0.6101014018058777,-1.1335740089416504,0.54543137550354,1.9369518756866455,-2.9065518379211426,4.9397125244140625,-70.99964141845703,-3.1159369945526123,6.335082530975342,0.5,8.028318405151367,1.3014239072799683,-4.850769996643066,-6.60954475402832,10.745046615600586,16.218915939331055,2.0,46.453678131103516,0.29744139313697815,0.2867089807987213,0.30357420444488525,0.25757813453674316,0.0,0.30469265580177307,0.30469265580177307,0.30469265580177307,0.25017067790031433,0.0,-0.27446308732032776,-1.0387386083602905,-9.785137176513672,-0.5050434470176697,0.9265999794006348,-12.8671875,0.0,0.0,0.0,0.0,0.0,0.0,0.0,0.0,0.0,0.0,0.0,0.0,0.30469274520874023,0.3053430914878845,0.304692804813385,0.25115859508514404,0.25602129101753235,0.361337810754776,0.04114978387951851,0.8641307353973389,-3.9100608825683594,-2.8165855407714844,0.12714388966560364,0.0,0.0,0.0,0.0,0.0,0.0,0.0
53066992340,0,-0.20329372584819794,-0.19103533029556274,-0.5671420097351074,6.569455581484362e-05,-0.04113857448101044,-0.8442511558532715,-0.19159166514873505,0.11064378917217255,0.2084415853023529,0.4067208766937256,0.299795001745224,-0.27710914611816406,0.16882309317588806,-0.031048666685819626,-1.6664817333221436,0.0,0.0,-0.0047828578390181065,0.6150560975074768,-0.7760652899742126,-0.6099674701690674,-1.197105884552002,0.701575517654419,1.9499584436416626,-2.96662974357605,4.865939617156982,-70.9872055053711,-3.1159369945526123,6.335082530975342,0.5,8.028318405151367,1.3014239072799683,-4.850769996643066,-6.60954475402832,10.910551071166992,16.10662841796875,2.0,46.581512451171875,0.29744139313697815,0.2882421910762787,0.30357420444488525,0.25757813453674316,0.0,0.30469265580177307,0.30469265580177307,0.30469265580177307,0.2493622601032257,0.0,-0.5242894887924194,-1.1627144813537598,-9.909831047058105,-0.5284639596939087,0.8981295824050903,-12.909025192260742,0.0,0.0,0.0,0.0,0.0,0.0,0.0,0.0,0.0,0.0,0.0,0.0,0.30469274520874023,0.30504781007766724,0.304692804813385,0.25064098834991455,0.25602129101753235,0.361337810754776,0.04114978387951851,0.8641307353973389,-4.217561721801758,-2.626039743423462,0.08199560642242432,0.0,0.0,0.0,0.0,0.0,0.0,0.0
53091415690,0,-0.20433509349822998,-0.1907515972852707,-0.5651409029960632,6.569455581484362e-05,-0.04113857448101044,-0.8442511558532715,-0.1863512247800827,0.11071754992008209,0.2054724395275116,0.40880364179611206,0.2992275357246399,-0.27911025285720825,0.17402713000774384,-0.037381578236818314,-1.6722347736358643,0.0,0.0,-0.0047828578390181065,0.6150560975074768,-0.7760652899742126,-0.6099674701690674,-1.216989517211914,0.7645492553710938,1.9552316665649414,-2.96662974357605,4.865939617156982,-70.9872055053711,-3.1104140281677246,6.430846214294434,0.5,8.067136764526367,1.3205441236495972,-4.86397123336792,-6.644057273864746,10.910551071166992,16.10662841796875,2.0,46.581512451171875,0.29744139313697815,0.2882421910762787,0.30357420444488525,0.2560449242591858,0.0,0.30469265580177307,0.30469265580177307,0.30469265580177307,0.25029709935188293,0.0,-0.6516609787940979,-1.2339704036712646,-10.092658996582031,-0.5393872261047363,0.884716272354126,-12.90676498413086,0.0,0.0,0.0,0.0,0.0,0.0,0.0,0.0,0.0,0.0,0.0,0.0,0.30469274520874023,0.30483704805374146,0.304692804813385,0.2502308785915375,0.25929173827171326,0.35923343896865845,0.04114978387951851,0.8660416007041931,-4.217561721801758,-2.626039743423462,0.08199560642242432,0.0,0.0,0.0,0.0,0.0,0.0,0.0
53091441465,0,-0.20433509349822998,-0.1907515972852707,-0.5651409029960632,6.569455581484362e-05,-0.04113857448101044,-0.8442511558532715,-0.1863512247800827,0.11071754992008209,0.2054724395275116,0.40880364179611206,0.2992275357246399,-0.27911025285720825,0.17402713000774384,-0.037381578236818314,-1.6722347736358643,0.0,0.0,-0.0047828578390181065,0.5220628380775452,-0.8072200417518616,-0.6081619262695312,-1.216989517211914,0.7645492553710938,1.9552316665649414,-3.0861411094665527,4.750444412231445,-71.0246810913086,-3.1104140281677246,6.430846214294434,0.5,8.067136764526367,1.3205441236495972,-4.86397123336792,-6.644057273864746,11.2435941696167,15.911373138427734,2.0,46.79660415649414,0.29744139313697815,0.28977540135383606,0.30357420444488525,0.2545117139816284,0.0,0.30469265580177307,0.30469265580177307,0.30469265580177307,0.2491534799337387,0.0,-0.6516609787940979,-1.2339704036712646,-10.092658996582031,-0.5393872261047363,0.884716272354126,-12.90676498413086,0.0,0.0,0.0,0.0,0.0,0.0,0.0,0.0,0.0,0.0,0.0,0.0,0.30469274520874023,0.30470675230026245,0.304692804813385,0.2499455213546753,0.25929173827171326,0.35923343896865845,0.04114978387951851,0.8660416007041931,-4.639800071716309,-1.8370872735977173,0.08862985670566559,0.0,0.0,0.0,0.0,0.0,0.0,0.0
53097570223,0,-0.2068253755569458,-0.19004149734973907,-0.5612032413482666,6.569455581484362e-05,-0.04113857448101044,-0.8442511558532715,-0.17757932841777802,0.11092634499073029,0.20098821818828583,0.4137842357158661,0.29780733585357666,-0.2830479145050049,0.18337708711624146,-0.050259318202733994,-1.68378746509552,0.0,0.0,-0.0047828578390181065,0.5220628380775452,-0.8072200417518616,-0.6081619262695312,-1.2483975887298584,0.8874219655990601,1.9656565189361572,-3.0861411094665527,4.750444412231445,-71.0246810913086,-3.086393356323242,6.608551979064941,0.5,8.148907661437988,1.3623309135437012,-4.895539283752441,-6.719429969787598,11.2435941696167,15.911373138427734,2.0,46.79660415649414,0.29590821266174316,0.28977540135383606,0.30357420444488525,0.25297850370407104,0.0,0.30469265580177307,0.30469265580177307,0.30469265580177307,0.25111380219459534,0.0,-0.8598734736442566,-1.3453776836395264,-9.866117477416992,-0.5611165761947632,0.8637171983718872,-12.913578987121582,0.0,0.0,0.0,0.0,0.0,0.0,0.0,0.0,0.0,0.0,0.0,0.0,0.30469274520874023,0.30464011430740356,0.304692804813385,0.24980221688747406,0.26585569977760315,0.35556891560554504,0.04114978387951851,0.8692532181739807,-4.639800071716309,-1.8370872735977173,0.08862985670566559,0.0,0.0,0.0,0.0,0.0,0.0,0.0
53107531168,0,-0.2068253755569458,-0.19004149734973907,-0.5612032413482666,6.569455581484362e-05,-0.04113857448101044,-0.8442511558532715,-0.17757932841777802,0.11092634499073029,0.20098821818828583,0.4192641079425812,0.29586324095726013,-0.28690701723098755,0.18337708711624146,-0.050259318202733994,-1.68378746509552,0.0,0.0,-0.0047828578390181065,0.4136214256286621,-0.8215798139572144,-0.6058201193809509,-1.2483975887298584,0.8874219655990601,1.9656565189361572,-3.187706470489502,4.651856422424316,-71.11882781982422,-3.037306785583496,6.770304203033447,0.5,8.236348152160645,1.4071650505065918,-4.9336042404174805,-6.800914764404297,11.613385200500488,15.777678489685059,2.0,46.98773956298828,0.29744139313697815,0.28977540135383606,0.30357420444488525,0.25144532322883606,0.0,0.30469265580177307,0.30469265580177307,0.30469265580177307,0.2521818280220032,0.0,-0.8598734736442566,-1.3453776836395264,-9.866117477416992,-0.5795829892158508,0.8457920551300049,-12.930696487426758,0.0,0.0,0.0,0.0,0.0,0.0,0.0,0.0,0.0,0.0,0.0,0.0,0.30469274520874023,0.3046170473098755,0.304692804813385,0.24993258714675903,0.27311718463897705,0.3530559837818146,0.04114978387951851,0.8721035718917847,-5.033577919006348,-0.9146701693534851,0.10381346940994263,0.0,0.0,0.0,0.0,0.0,0.0,0.0
53117137713,0,-0.20956531167030334,-0.1890694499015808,-0.5573441386222839,6.569455581484362e-05,-0.04113857448101044,-0.8442511558532715,-0.16910320520401,0.1124245896935463,0.19840575754642487,0.4192641079425812,0.29586324095726013,-0.28690701723098755,0.19115641713142395,-0.06319673359394073,-1.6955114603042603,0.0,0.0,-0.0047828578390181065,0.4136214256286621,-0.8215798139572144,-0.6058201193809509,-1.2668561935424805,1.0059735774993896,1.9761419296264648,-3.187706470489502,4.651856422424316,-71.11882781982422,-3.037306785583496,6.770304203033447,0.5,8.236348152160645,1.4071650505065918,-4.9336042404174805,-6.800914764404297,11.613385200500488,15.777678489685059,2.0,46.98773956298828,0.29744139313697815,0.28977540135383606,0.30357420444488525,0.2499121129512787,0.0,0.30469265580177307,0.30469265580177307,0.30469265580177307,0.2521818280220032,0.0,-1.1344574689865112,-1.4031848907470703,-9.843246459960938,-0.5795829892158508,0.8457920551300049,-12.930696487426758,0.0,0.0,0.0,0.0,0.0,0.0,0.0,0.0,0.0,0.0,0.0,0.0,0.30469274520874023,0.3046196699142456,0.304692804813385,0.25036248564720154,0.27311718463897705,0.3530559837818146,0.04114978387951851,0.8721035718917847,-5.033577919006348,-0.9146701693534851,0.10381346940994263,0.0,0.0,0.0,0.0,0.0,0.0,0.0
53127639973,0,-0.21109776198863983,-0.18850193917751312,-0.5554422736167908,6.569455581484362e-05,-0.04113857448101044,-0.8442511558532715,-0.16570891439914703,0.11399713903665543,0.19729715585708618,0.42232903838157654,0.29472821950912476,-0.2888088822364807,0.1944703906774521,-0.06950192898511887,-1.701342225074768,0.0,0.0,-0.0047828578390181065,0.3651198446750641,-0.8221765160560608,-0.6053198575973511,-1.27168869972229,1.0626194477081299,1.9814518690109253,-3.2280640602111816,4.619800567626953,-71.17327880859375,-3.0110907554626465,6.841386318206787,0.5,8.275188446044922,1.4262083768844604,-4.951128959655762,-6.835943222045898,11.766297340393066,15.715824127197266,2.0,47.03615951538086,0.29744139313697815,0.28977540135383606,0.30357420444488525,0.2499121129512787,0.0,0.30469265580177307,0.30469265580177307,0.30469265580177307,0.25290799140930176,0.0,-1.1344574689865112,-1.4031848907470703,-9.843246459960938,-0.5869207382202148,0.8399637341499329,-12.940596580505371,0.0,0.0,0.0,0.0,0.0,0.0,0.0,0.0,0.0,0.0,0.0,0.0,0.30469274520874023,0.3046344518661499,0.304692804813385,0.2509431540966034,0.2761119306087494,0.3518922030925751,0.04114978387951851,0.8728253245353699,-5.192615985870361,-0.546159565448761,0.08337665349245071,0.0,0.0,0.0,0.0,0.0,0.0,0.0
53139167150,0,-0.21109776198863983,-0.18850193917751312,-0.5554422736167908,6.569455581484362e-05,-0.04113857448101044,-0.8442511558532715,-0.16570891439914703,0.11399713903665543,0.19729715585708618,0.42232903838157654,0.29472821950912476,-0.2888088822364807,0.1944703906774521,-0.06950192898511887,-1.701342225074768,0.0,0.0,-0.0047828578390181065,0.24677623808383942,-0.8101831078529358,-0.6021084189414978,-1.27168869972229,1.0626194477081299,1.9814518690109253,-3.2948625087738037,4.5689826011657715,-71.15797424316406,-3.0110907554626465,6.841386318206787,0.5,8.275188446044922,1.4262083768844604,-4.951128959655762,-6.835943222045898,12.15546989440918,15.614587783813477,2.0,47.13059616088867,0.29744139313697815,0.28977540135383606,0.30357420444488525,0.2483789026737213,0.0,0.30469265580177307,0.30469265580177307,0.30469265580177307,0.25251394510269165,0.0,-1.1344574689865112,-1.4031848907470703,-9.843246459960938,-0.5869207382202148,0.8399637341499329,-12.940596580505371,0.0,0.0,0.0,0.0,0.0,0.0,0.0,0.0,0.0,0.0,0.0,0.0,0.30469274520874023,0.30465245246887207,0.304692804813385,0.2515396475791931,0.2761119306087494,0.3518922030925751,0.04114978387951851,0.8728253245353699,-5.527894496917725,0.3453187644481659,0.1442050039768219,0.0,0.0,0.0,0.0,0.0,0.0,0.0
53165638207,0,-0.21606148779392242,-0.18651321530342102,-0.5498620867729187,6.569455581484362e-05,-0.04113857448101044,-0.8442511558532715,-0.15530431270599365,0.11948458105325699,0.18964886665344238,0.4322565495967865,0.29075074195861816,-0.2943890690803528,0.20182396471500397,-0.08803047239780426,-1.718932867050171,0.0,0.0,-0.0047828578390181065,0.18551005423069,-0.7974668145179749,-0.599898636341095,-1.267046332359314,1.2220765352249146,1.9974021911621094,-3.2948625087738037,4.5689826011657715,-71.15797424316406,-2.9313182830810547,6.998249053955078,0.5,8.364075660705566,1.4698941707611084,-4.9946417808532715,-6.9178996086120605,12.314990997314453,15.524955749511719,2.0,47.10417556762695,0.29590821266174316,0.28977540135383606,0.30357420444488525,0.2483789026737213,0.0,0.30469265580177307,0.30469265580177307,0.30469265580177307,0.2547776699066162,0.0,-1.2468304634094238,-1.5209745168685913,-9.99415111541748,-0.6053024530410767,0.8286784291267395,-12.931089401245117,0.0,0.0,0.0,0.0,0.0,0.0,0.0,0.0,0.0,0.0,0.0,0.0,0.30469274520874023,0.30466872453689575,0.304692804813385,0.25213539600372314,0.28371262550354004,0.3499859571456909,0.04114978387951851,0.8742321729660034,-5.681775093078613,0.7798319458961487,0.17602106928825378,0.0,0.0,0.0,0.0,0.0,0.0,0.0
53165675940,0,-0.21775628626346588,-0.18578967452049255,-0.5480627417564392,6.569455581484362e-05,-0.04113857448101044,-0.8442511558532715,-0.1514446884393692,0.1218431368470192,0.18560399115085602,0.4356461465358734,0.28930366039276123,-0.2961884140968323,0.20338678359985352,-0.09400034695863724,-1.7248146533966064,0.0,0.0,-0.0047828578390181065,0.18551005423069,-0.7974668145179749,-0.599898636341095,-1.2594406604766846,1.270595669746399,2.0028138160705566,-3.3522424697875977,4.5440802574157715,-71.03182220458984,-2.8794450759887695,7.078033924102783,0.5,8.409427642822266,1.4913121461868286,-5.017769813537598,-6.959153175354004,12.314990997314453,15.524955749511719,2.0,47.10417556762695,0.29590821266174316,0.28977540135383606,0.30357420444488525,0.2483789026737213,0.0,0.30469265580177307,0.30469265580177307,0.30469265580177307,0.256111204624176,0.0,-1.2468304634094238,-1.5209745168685913,-9.99415111541748,-0.6094986200332642,0.8261963725090027,-12.914876937866211,0.0,0.0,0.0,0.0,0.0,0.0,0.0,0.0,0.0,0.0,0.0,0.0,0.30469274520874023,0.3046811819076538,0.304692804813385,0.2528730630874634,0.28681910037994385,0.34829676151275635,0.04114978387951851,0.873838484287262,-5.681775093078613,0.7798319458961487,0.17602106928825378,0.0,0.0,0.0,0.0,0.0,0.0,0.0
53166768787,0,-0.21775628626346588,-0.18578967452049255,-0.5480627417564392,6.569455581484362e-05,-0.04113857448101044,-0.8442511558532715,-0.1514446884393692,0.1218431368470192,0.18560399115085602,0.4356461465358734,0.28930366039276123,-0.2961884140968323,0.20338678359985352,-0.09400034695863724,-1.7248146533966064,0.0,0.0,-0.0047828578390181065,0.07765839993953705,-0.7568715810775757,-0.59615159034729,-1.2594406604766846,1.270595669746399,2.0028138160705566,-3.3859875202178955,4.51915168762207,-70.90065002441406,-2.7902183532714844,7.160429000854492,0.5,8.490854263305664,1.5297008752822876,-5.06234884262085,-7.035429954528809,12.547419548034668,15.503851890563965,2.0,47.03276062011719,0.29744139313697815,0.28977540135383606,0.30357420444488525,0.2483789026737213,0.0,0.30469265580177307,0.30469265580177307,0.30469265580177307,0.25852328538894653,0.0,-1.41851806640625,-1.51819908618927,-10.103520393371582,-0.6094986200332642,0.8261963725090027,-12.914876937866211,0.0,0.0,0.0,0.0,0.0,0.0,0.0,0.0,0.0,0.0,0.0,0.0,0.30469274520874023,0.3046894371509552,0.304692804813385,0.25388312339782715,0.29133689403533936,0.3478989005088806,0.04114978387951851,0.8727744221687317,-5.541010856628418,1.7508352994918823,0.1942613571882248,0.0,0.0,0.0,0.0,0.0,0.0,0.0
53177297055,0,-0.22113685309886932,-0.18425188958644867,-0.544572651386261,6.569455581484362e-05,-0.04113857448101044,-0.8442511558532715,-0.14330698549747467,0.1268826276063919,0.1787143349647522,0.4424073100090027,0.2862280607223511,-0.2996785044670105,0.20529049634933472,-0.10503803938627243,-1.736320972442627,0.0,0.0,-0.0047828578390181065,0.07765839993953705,-0.7568715810775757,-0.59615159034729,-1.2382692098617554,1.3587172031402588,2.0136704444885254,-3.3859875202178955,4.51915168762207,-70.90065002441406,-2.7902183532714844,7.160429000854492,0.5,8.490854263305664,1.5297008752822876,-5.06234884262085,-7.035429954528809,12.547419548034668,15.503851890563965,2.0,47.03276062011719,0.29590821266174316,0.28977540135383606,0.30357420444488525,0.2499121129512787,0.0,0.30469265580177307,0.30469265580177307,0.30469265580177307,0.25852328538894653,0.0,-1.5926796197891235,-1.4390572309494019,-9.949801445007324,-0.6156340837478638,0.8216639161109924,-12.891027450561523,0.0,0.0,0.0,0.0,0.0,0.0,0.0,0.0,0.0,0.0,0.0,0.0,0.30469274520874023,0.30469411611557007,0.304692804813385,0.2551248371601105,0.29133689403533936,0.3478989005088806,0.04114978387951851,0.8727744221687317,-5.541010856628418,1.7508352994918823,0.1942613571882248,0.0,0.0,0.0,0.0,0.0,0.0,0.0
53187487063,0,-0.22113685309886932,-0.18425188958644867,-0.544572651386261,6.569455581484362e-05,-0.04113857448101044,-0.8442511558532715,-0.14330698549747467,0.1268826276063919,0.1787143349647522,0.4424073100090027,0.2862280607223511,-0.2996785044670105,0.20529049634933472,-0.10503803938627243,-1.736320972442627,0.0,0.0,-0.0047828578390181065,-0.027899406850337982,-0.7071442008018494,-0.5909579396247864,-1.2382692098617554,1.3587172031402588,2.0136704444885254,-3.3961126804351807,4.504722595214844,-70.80015563964844,-2.6907031536102295,7.22844123840332,0.5,8.571381568908691,1.5297008752822876,-5.06234884262085,-7.035429954528809,12.773017883300781,15.523503303527832,2.0,46.945072174072266,0.29744139313697815,0.28977540135383606,0.30357420444488525,0.2499121129512787,0.0,0.30469265580177307,0.30469265580177307,0.30469265580177307,0.26091310381889343,0.0,-1.5926796197891235,-1.4390572309494019,-9.949801445007324,-0.6156340837478638,0.8216639161109924,-12.891027450561523,0.0,0.0,0.0,0.0,0.0,0.0,0.0,0.0,0.0,0.0,0.0,0.0,0.30469274520874023,0.3046962022781372,0.304692804813385,0.2564728558063507,0.29133689403533936,0.3478989005088806,0.04114978387951851,0.8727744221687317,-5.435875415802002,2.3527419567108154,0.23329998552799225,0.0,0.0,0.0,0.0,0.0,0.0,0.0
53223521304,0,-0.22456932067871094,-0.1823691576719284,-0.5412061810493469,6.569455581484362e-05,-0.04113857448101044,-0.8442511558532715,-0.13494722545146942,0.13293442130088806,0.172770157456398,0.4492722749710083,0.28246256709098816,-0.30304497480392456,0.20562441647052765,-0.11531486362218857,-1.7476799488067627,0.0,0.0,-0.0047828578390181065,-0.027899406850337982,-0.7071442008018494,-0.5909579396247864,-1.2063848972320557,1.4356355667114258,2.0245790481567383,-3.3961126804351807,4.504722595214844,-70.80015563964844,-2.6907031536102295,7.22844123840332,0.5,8.571381568908691,1.566576361656189,-5.109188556671143,-7.112061500549316,12.773017883300781,15.523503303527832,2.0,46.945072174072266,0.29590821266174316,0.28977540135383606,0.30357420444488525,0.2499121129512787,0.0,0.30469265580177307,0.30469265580177307,0.30469265580177307,0.26091310381889343,0.0,-1.6361995935440063,-1.5201187133789062,-9.884781837463379,-0.6174750328063965,0.8190404772758484,-12.87275505065918,0.0,0.0,0.0,0.0,0.0,0.0,0.0,0.0,0.0,0.0,0.0,0.0,0.30469274520874023,0.30469658970832825,0.304692804813385,0.2578449249267578,0.29571157693862915,0.34826940298080444,0.04114978387951851,0.8714674711227417,-5.435875415802002,2.3527419567108154,0.23329998552799225,0.0,0.0,0.0,0.0,0.0,0.0,0.0
53223562843,0,-0.22626255452632904,-0.1812772899866104,-0.5395643711090088,6.569455581484362e-05,-0.04113857448101044,-0.8442511558532715,-0.13087435066699982,0.13617867231369019,0.1701522320508957,0.4526587724685669,0.2802788317203522,-0.3046867847442627,0.2052260786294937,-0.1200551763176918,-1.7533228397369385,0.0,0.0,-0.0047828578390181065,-0.027899406850337982,-0.7071442008018494,-0.5909579396247864,-1.186841607093811,1.4689455032348633,2.0301907062530518,-3.393561601638794,4.502159595489502,-70.76322937011719,-2.6336026191711426,7.251130104064941,0.5,8.617199897766113,1.5856653451919556,-5.135187149047852,-7.153426170349121,12.90261459350586,15.579991340637207,2.0,46.88660430908203,0.29744139313697815,0.28977540135383606,0.30357420444488525,0.2499121129512787,0.0,0.30469265580177307,0.30469265580177307,0.30469265580177307,0.2623058259487152,0.0,-1.6361995935440063,-1.5201187133789062,-9.884781837463379,-0.6170111894607544,0.8185744881629944,-12.86604118347168,0.0,0.0,0.0,0.0,0.0,0.0,0.0,0.0,0.0,0.0,0.0,0.0,0.30469274520874023,0.30469608306884766,0.304692804813385,0.2591501474380493,0.29822006821632385,0.3493339419364929,0.04114978387951851,0.8705958127975464,-5.435875415802002,2.3527419567108154,0.23329998552799225,0.0,0.0,0.0,0.0,0.0,0.0,0.0
53223572509,0,-0.22626255452632904,-0.1812772899866104,-0.5395643711090088,6.569455581484362e-05,-0.04113857448101044,-0.8442511558532715,-0.13087435066699982,0.13617867231369019,0.1701522320508957,0.46265846490859985,0.27274268865585327,-0.3095548748970032,0.2052260786294937,-0.1200551763176918,-1.7533228397369385,0.0,0.0,-0.0047828578390181065,-0.18044120073318481,-0.6004407405853271,-0.5891919732093811,-1.186841607093811,1.4689455032348633,2.0301907062530518,-3.393561601638794,4.502159595489502,-70.76322937011719,-2.6336026191711426,7.251130104064941,0.5,8.617199897766113,1.5856653451919556,-5.135187149047852,-7.153426170349121,12.90261459350586,15.579991340637207,2.0,46.88660430908203,0.29590821266174316,0.28977540135383606,0.30357420444488525,0.25144532322883606,0.0,0.30469265580177307,0.30469265580177307,0.30469265580177307,0.2623058259487152,0.0,-1.7121466398239136,-1.3403159379959106,-9.57773208618164,-0.6134894490242004,0.8148992657661438,-12.907660484313965,0.0,0.0,0.0,0.0,0.0,0.0,0.0,0.0,0.0,0.0,0.0,0.0,0.30469274520874023,0.3046952188014984,0.304692804813385,0.2603101134300232,0.29822006821632385,0.3493339419364929,0.04114978387951851,0.8705958127975464,-5.020205020904541,3.506223201751709,0.09485915303230286,0.0,0.0,0.0,0.0,0.0,0.0,0.0
53227372352,0,-0.23126237094402313,-0.17750923335552216,-0.5346962809562683,6.569455581484362e-05,-0.04113857448101044,-0.8442511558532715,-0.1178121566772461,0.14568635821342468,0.171133354306221,0.46265846490859985,0.27274268865585327,-0.3095548748970032,0.20171356201171875,-0.1321638524532318,-1.7697731256484985,0.0,0.0,-0.0047828578390181065,-0.18044120073318481,-0.6004407405853271,-0.5891919732093811,-1.0935555696487427,1.5679433345794678,2.052838087081909,-3.3837058544158936,4.488624572753906,-70.81182861328125,-2.5322322845458984,7.274927616119385,0.5,8.702573776245117,1.6195755004882812,-5.184520721435547,-7.23049783706665,13.117826461791992,15.722576141357422,2.0,46.795188903808594,0.29590821266174316,0.28977540135383606,0.30357420444488525,0.25144532322883606,0.0,0.30469265580177307,0.30469265580177307,0.30469265580177307,0.2647014260292053,0.0,-1.7231800556182861,-1.2855138778686523,-9.30766773223877,-0.6134894490242004,0.8148992657661438,-12.907660484313965,0.0,0.0,0.0,0.0,0.0,0.0,0.0,0.0,0.0,0.0,0.0,0.0,0.30469274520874023,0.30469435453414917,0.304692804813385,0.2613593637943268,0.3023788332939148,0.3520192503929138,0.04114978387951851,0.8692320585250854,-5.020205020904541,3.506223201751709,0.09485915303230286,0.0,0.0,0.0,0.0,0.0,0.0,0.0
53237594055,0,-0.23290909826755524,-0.17608624696731567,-0.5330434441566467,6.569455581484362e-05,-0.04113857448101044,-0.8442511558532715,-0.11283748596906662,0.14935915172100067,0.17410822212696075,0.46595191955566406,0.2698966860771179,-0.31120771169662476,0.19986099004745483,-0.13558390736579895,-1.7750920057296753,0.0,0.0,-0.0047828578390181065,-0.1945727914571762,-0.5887113809585571,-0.5885666012763977,-1.0935555696487427,1.5679433345794678,2.052838087081909,-3.374191999435425,4.481945991516113,-70.99213409423828,-2.4997241497039795,7.293321132659912,0.5,8.718012809753418,1.62461519241333,-5.192209720611572,-7.242382049560547,13.245427131652832,15.793600082397461,2.0,46.817996978759766,0.29744139313697815,0.28977540135383606,0.30357420444488525,0.25144532322883606,0.0,0.30469265580177307,0.30469265580177307,0.30469265580177307,0.26481401920318604,0.0,-1.777208685874939,-1.2069447040557861,-9.23454475402832,-0.6104505062103271,0.812552809715271,-12.938881874084473,0.0,0.0,0.0,0.0,0.0,0.0,0.0,0.0,0.0,0.0,0.0,0.0,0.30469274520874023,0.30469363927841187,0.304692804813385,0.2623867988586426,0.30484020709991455,0.35335543751716614,0.04114978387951851,0.8695724010467529,-4.967292308807373,3.5750486850738525,0.11351079493761063,0.0,0.0,0.0,0.0,0.0,0.0,0.0
53247192202,0,-0.23290909826755524,-0.17608624696731567,-0.5330434441566467,6.569455581484362e-05,-0.04113857448101044,-0.8442511558532715,-0.11283748596906662,0.14935915172100067,0.17410822212696075,0.46595191955566406,0.2698966860771179,-0.31120771169662476,0.19986099004745483,-0.13558390736579895,-1.7750920057296753,0.0,0.0,-0.0047828578390181065,-0.3051501512527466,-0.47789883613586426,-0.587770402431488,-1.0935555696487427,1.5679433345794678,2.052838087081909,-3.3141040802001953,4.444561958312988,-71.6014175415039,-2.357945680618286,7.29421329498291,0.5,8.838479995727539,1.62461519241333,-5.192209720611572,-7.242382049560547,13.627705574035645,16.1863956451416,2.0,46.770782470703125,0.29744139313697815,0.28977540135383606,0.30357420444488525,0.25144532322883606,0.0,0.30469265580177307,0.30469265580177307,0.30469265580177307,0.2672259211540222,0.0,-1.777208685874939,-1.2069447040557861,-9.23454475402832,-0.6104505062103271,0.812552809715271,-12.938881874084473,0.0,0.0,0.0,0.0,0.0,0.0,0.0,0.0,0.0,0.0,0.0,0.0,0.30469274520874023,0.3046931326389313,0.304692804813385,0.26344603300094604,0.30484020709991455,0.35335543751716614,0.04114978387951851,0.8695724010467529,-4.416053295135498,4.241762638092041,0.03169603645801544,0.0,0.0,0.0,0.0,0.0,0.0,0.0
53256894916,0,-0.23609919846057892,-0.17277716100215912,-0.5296345353126526,6.569455581484362e-05,-0.04113857448101044,-0.8442511558532715,-0.10299590975046158,0.15655024349689484,0.18265768885612488,0.4723321497440338,0.2632784843444824,-0.3146166205406189,0.1953437179327011,-0.14127886295318604,-1.7856258153915405,0.0,0.0,-0.0047828578390181065,-0.3051501512527466,-0.47789883613586426,-0.587770402431488,-1.0394411087036133,1.596543312072754,2.0644190311431885,-3.3141040802001953,4.444561958312988,-71.6014175415039,-2.357945680618286,7.29421329498291,0.5,8.838479995727539,1.62461519241333,-5.192209720611572,-7.242382049560547,13.627705574035645,16.1863956451416,2.0,46.770782470703125,0.29744139313697815,0.28977540135383606,0.30357420444488525,0.25297850370407104,0.0,0.30469265580177307,0.30469265580177307,0.30469265580177307,0.2672259211540222,0.0,-1.777208685874939,-1.2069447040557861,-9.23454475402832,-0.6025643944740295,0.8081021308898926,-13.018439292907715,0.0,0.0,0.0,0.0,0.0,0.0,0.0,0.0,0.0,0.0,0.0,0.0,0.30469274520874023,0.304692804813385,0.304692804813385,0.2645531892776489,0.30484020709991455,0.35335543751716614,0.04114978387951851,0.8695724010467529,-4.416053295135498,4.241762638092041,0.03169603645801544,0.0,0.0,0.0,0.0,0.0,0.0,0.0
53267729540,0,-0.23609919846057892,-0.17277716100215912,-0.5296345353126526,6.569455581484362e-05,-0.04113857448101044,-0.8442511558532715,-0.10299590975046158,0.15655024349689484,0.18265768885612488,0.4723321497440338,0.2632784843444824,-0.3146166205406189,0.1953437179327011,-0.14127886295318604,-1.7856258153915405,0.0,0.0,-0.0047828578390181065,-0.38102370500564575,-0.3849826157093048,-0.5863861441612244,-1.0394411087036133,1.596543312072754,2.0644190311431885,-3.3141040802001953,4.444561958312988,-71.6014175415039,-2.357945680618286,7.29421329498291,0.5,8.838479995727539,1.6678153276443481,-5.262188911437988,-7.3496551513671875,13.829155921936035,16.4929141998291,2.0,46.642391204833984,0.29744139313697815,0.28977540135383606,0.30357420444488525,0.25297850370407104,0.0,0.30469265580177307,0.30469265580177307,0.30469265580177307,0.26797959208488464,0.0,-1.8543964624404907,-1.13260817527771,-9.226046562194824,-0.6025643944740295,0.8081021308898926,-13.018439292907715,0.0,0.0,0.0,0.0,0.0,0.0,0.0,0.0,0.0,0.0,0.0,0.0,0.30469274520874023,0.3046926259994507,0.304692804813385,0.2656256854534149,0.31219568848609924,0.3607286810874939,0.04114978387951851,0.8688677549362183,-3.97976016998291,4.648552894592285,0.0654708594083786,0.0,0.0,0.0,0.0,0.0,0.0,0.0
53277173647,0,-0.23931710422039032,-0.16896168887615204,-0.5261269807815552,6.569455581484362e-05,-0.04113857448101044,-0.8442511558532715,-0.09304670989513397,0.16454295814037323,0.18785609304904938,0.478767991065979,0.2556475102901459,-0.3181241750717163,0.18960827589035034,-0.14553740620613098,-1.7957905530929565,0.0,0.0,-0.0047828578390181065,-0.38102370500564575,-0.3849826157093048,-0.5863861441612244,-0.9811099767684937,1.6101516485214233,2.076087713241577,-3.2376394271850586,4.440945148468018,-71.8949966430664,-2.256805419921875,7.262089729309082,0.5,8.92376708984375,1.6965168714523315,-5.313441276550293,-7.4275665283203125,13.829155921936035,16.4929141998291,2.0,46.642391204833984,0.29590821266174316,0.28977540135383606,0.30357420444488525,0.25297850370407104,0.0,0.30469265580177307,0.30469265580177307,0.30469265580177307,0.26941147446632385,0.0,-1.8588584661483765,-1.0898025035858154,-9.307612419128418,-0.5886617302894592,0.8074445724487305,-13.071817398071289,0.0,0.0,0.0,0.0,0.0,0.0,0.0,0.0,0.0,0.0,0.0,0.0,0.30469274520874023,0.3046925663948059,0.304692804813385,0.2666187882423401,0.31219568848609924,0.3607286810874939,0.04114978387951851,0.8688677549362183,-3.97976016998291,4.648552894592285,0.0654708594083786,0.0,0.0,0.0,0.0,0.0,0.0,0.0
53287187337,0,-0.23931710422039032,-0.16896168887615204,-0.5261269807815552,6.569455581484362e-05,-0.04113857448101044,-0.8442511558532715,-0.09304670989513397,0.16454295814037323,0.18785609304904938,0.48478347063064575,0.2470129281282425,-0.32170629501342773,0.18960827589035034,-0.14553740620613098,-1.7957905530929565,0.0,0.0,-0.0047828578390181065,-0.44852346181869507,-0.28008267283439636,-0.5869887471199036,-0.9811099767684937,1.6101516485214233,2.076087713241577,-3.187798023223877,4.437283515930176,-72.05998229980469,-2.2081594467163086,7.238863945007324,0.5,8.969813346862793,1.6965168714523315,-5.313441276550293,-7.4275665283203125,13.9113187789917,16.653221130371094,2.0,46.56903076171875,0.29590821266174316,0.28977540135383606,0.30357420444488525,0.2545117139816284,0.0,0.30469265580177307,0.30469265580177307,0.30469265580177307,0.270540326833725,0.0,-1.8588584661483765,-1.0898025035858154,-9.307612419128418,-0.5680874586105347,0.8068505525588989,-13.109162330627441,0.0,0.0,0.0,0.0,0.0,0.0,0.0,0.0,0.0,0.0,0.0,0.0,0.30469274520874023,0.3046925663948059,0.304692804813385,0.2676085829734802,0.31219568848609924,0.3607286810874939,0.04114978387951851,0.8688677549362183,-3.353484869003296,4.936490535736084,-0.02961302176117897,0.0,0.0,0.0,0.0,0.0,0.0,0.0
53297230665,0,-0.2423248291015625,-0.16464442014694214,-0.5225448608398438,6.569455581484362e-05,-0.04113857448101044,-0.8442511558532715,-0.08186791837215424,0.17341503500938416,0.1908169537782669,0.48478347063064575,0.2470129281282425,-0.32170629501342773,0.18290288746356964,-0.14822572469711304,-1.8057156801223755,0.0,0.0,-0.0047828578390181065,-0.47999706864356995,-0.21819527447223663,-0.5882318019866943,-0.9202440977096558,1.6096007823944092,2.0879077911376953,-3.124480962753296,4.43767786026001,-72.10039520263672,-2.163191795349121,7.208837985992432,0.5,9.018311500549316,1.7250059843063354,-5.368519306182861,-7.511842727661133,13.944999694824219,16.783559799194336,2.0,46.478092193603516,0.29590821266174316,0.28977540135383606,0.30357420444488525,0.2560449242591858,0.0,0.30469265580177307,0.30469265580177307,0.30469265580177307,0.2717633843421936,0.0,-1.9699721336364746,-0.9813694953918457,-9.662814140319824,-0.5680874586105347,0.8068505525588989,-13.109162330627441,0.0,0.0,0.0,0.0,0.0,0.0,0.0,0.0,0.0,0.0,0.0,0.0,0.30469274520874023,0.3046926259994507,0.304692804813385,0.2686406970024109,0.31219568848609924,0.3607286810874939,0.04114978387951851,0.8688677549362183,-2.965269088745117,5.052790641784668,-0.0676015317440033,0.0,0.0,0.0,0.0,0.0,0.0,0.0
53307143194,0,-0.2450636327266693,-0.15985159575939178,-0.5189802050590515,6.569455581484362e-05,-0.04113857448101044,-0.8442511558532715,-0.06940513849258423,0.18221528828144073,0.189181849360466,0.49026110768318176,0.2374272346496582,-0.32527095079421997,0.1754770576953888,-0.14916706085205078,-1.8153409957885742,0.0,0.0,-0.0047828578390181065,-0.47999706864356995,-0.21819527447223663,-0.5882318019866943,-0.8595210313796997,1.5941380262374878,2.099839210510254,-3.0605831146240234,4.440502643585205,-72.15431213378906,-2.1054458618164062,7.16674280166626,0.5,9.074697494506836,1.7402082681655884,-5.39973783493042,-7.560233116149902,13.956531524658203,16.939472198486328,2.0,46.31142807006836,0.29590821266174316,0.28977540135383606,0.30357420444488525,0.2560449242591858,0.0,0.30469265580177307,0.30469265580177307,0.30469265580177307,0.27365654706954956,0.0,-2.01955246925354,-0.9170519113540649,-9.812731742858887,-0.5415574312210083,0.8062106966972351,-13.11489200592041,0.0,0.0,0.0,0.0,0.0,0.0,0.0,0.0,0.0,0.0,0.0,0.0,0.30469274520874023,0.30469268560409546,0.304692804813385,0.26975542306900024,0.31219568848609924,0.3607286810874939,0.04114978387951851,0.8688677549362183,-2.965269088745117,5.052790641784668,-0.0676015317440033,0.0,0.0,0.0,0.0,0.0,0.0,0.0
53316890139,0,-0.24632196128368378,-0.15732024610042572,-0.5172381401062012,6.569455581484362e-05,-0.04113857448101044,-0.8442511558532715,-0.06278594583272934,0.18663521111011505,0.18539386987686157,0.4927777945995331,0.2323645055294037,-0.3270130157470703,0.17147061228752136,-0.14906208217144012,-1.820046305656433,0.0,0.0,-0.0047828578390181065,-0.5043900012969971,-0.16300275921821594,-0.58841872215271,-0.8595210313796997,1.5941380262374878,2.099839210510254,-3.0605831146240234,4.440502643585205,-72.15431213378906,-2.1054458618164062,7.16674280166626,0.5,9.074697494506836,1.7402082681655884,-5.39973783493042,-7.560233116149902,13.940399169921875,17.076772689819336,2.0,46.142822265625,0.29590821266174316,0.28977540135383606,0.30357420444488525,0.2560449242591858,0.0,0.30469265580177307,0.30469265580177307,0.30469265580177307,0.2746824026107788,0.0,-2.01955246925354,-0.9170519113540649,-9.812731742858887,-0.5258265137672424,0.8064306974411011,-13.096892356872559,0.0,0.0,0.0,0.0,0.0,0.0,0.0,0.0,0.0,0.0,0.0,0.0,0.30469274520874023,0.30469274520874023,0.304692804813385,0.2709835171699524,0.31219568848609924,0.3607286810874939,0.04114978387951851,0.8688677549362183,-2.6423962116241455,5.159637928009033,-0.0391613133251667,0.0,0.0,0.0,0.0,0.0,0.0,0.0
53326940289,0,-0.24632196128368378,-0.15732024610042572,-0.5172381401062012,6.569455581484362e-05,-0.04113857448101044,-0.8442511558532715,-0.06278594583272934,0.18663521111011505,0.18539386987686157,0.4927777945995331,0.2323645055294037,-0.3270130157470703,0.17147061228752136,-0.14906208217144012,-1.820046305656433,0.0,0.0,-0.0047828578390181065,-0.5462751388549805,-0.03893177583813667,-0.5901020169258118,-0.8293798565864563,1.5810883045196533,2.10577130317688,-2.892045736312866,4.43536901473999,-72.03290557861328,-2.051445722579956,7.119298934936523,0.5,9.123733520507812,1.7528798580169678,-5.426804065704346,-7.602698802947998,13.940399169921875,17.076772689819336,2.0,46.142822265625,0.29590821266174316,0.28977540135383606,0.30357420444488525,0.2560449242591858,0.0,0.30469265580177307,0.30469265580177307,0.30469265580177307,0.27449995279312134,0.0,-2.0109102725982666,-0.8895172476768494,-9.962215423583984,-0.5258265137672424,0.8064306974411011,-13.096892356872559,0.0,0.0,0.0,0.0,0.0,0.0,0.0,0.0,0.0,0.0,0.0,0.0,0.30469274520874023,0.30469274520874023,0.304692804813385,0.27221429347991943,0.3181918263435364,0.3773418366909027,0.04114978387951851,0.8594785928726196,-2.0245471000671387,5.418150901794434,-0.09530571848154068,0.0,0.0,0.0,0.0,0.0,0.0,0.0
53339041554,0,-0.24848030507564545,-0.15191172063350677,-0.5139015316963196,6.569455581484362e-05,-0.04113857448101044,-0.8442511558532715,-0.048485126346349716,0.19583004713058472,0.18041908740997314,0.4970945119857788,0.22154739499092102,-0.3303496241569519,0.16309978067874908,-0.1474321186542511,-1.8292518854141235,0.0,0.0,-0.0047828578390181065,-0.5462751388549805,-0.03893177583813667,-0.5901020169258118,-0.8293798565864563,1.5810883045196533,2.10577130317688,-2.892045736312866,4.43536901473999,-72.03290557861328,-2.051445722579956,7.119298934936523,0.5,9.123733520507812,1.7528798580169678,-5.426804065704346,-7.602698802947998,13.856965065002441,17.340255737304688,2.0,45.856441497802734,0.29744139313697815,0.28977540135383606,0.30357420444488525,0.25757813453674316,0.0,0.30469265580177307,0.30469265580177307,0.30469265580177307,0.27625909447669983,0.0,-2.0109102725982666,-0.8895172476768494,-9.962215423583984,-0.4904782474040985,0.8038914799690247,-13.085155487060547,0.0,0.0,0.0,0.0,0.0,0.0,0.0,0.0,0.0,0.0,0.0,0.0,0.30469274520874023,0.30469274520874023,0.304692804813385,0.273330956697464,0.3181918263435364,0.3773418366909027,0.04114978387951851,0.8594785928726196,-2.0245471000671387,5.418150901794434,-0.09530571848154068,0.0,0.0,0.0,0.0,0.0,0.0,0.0
53347210886,0,-0.24848030507564545,-0.15191172063350677,-0.5139015316963196,6.569455581484362e-05,-0.04113857448101044,-0.8442511558532715,-0.048485126346349716,0.19583004713058472,0.18041908740997314,0.4970945119857788,0.22154739499092102,-0.3303496241569519,0.16309978067874908,-0.1474321186542511,-1.8292518854141235,0.0,0.0,-0.0047828578390181065,-0.5612240433692932,0.01840035803616047,-0.591916024684906,-0.7698349952697754,1.5435250997543335,2.117769241333008,-2.6976304054260254,4.421402931213379,-71.96835327148438,-1.9814821481704712,7.011891841888428,0.5,9.22593879699707,1.778167724609375,-5.483616352081299,-7.694082736968994,13.856965065002441,17.340255737304688,2.0,45.856441497802734,0.29590821266174316,0.28977540135383606,0.30357420444488525,0.25757813453674316,0.0,0.30469265580177307,0.30469265580177307,0.30469265580177307,0.2771073281764984,0.0,-1.9874364137649536,-0.7302225232124329,-9.895591735839844,-0.4904782474040985,0.8038914799690247,-13.085155487060547,0.0,0.0,0.0,0.0,0.0,0.0,0.0,0.0,0.0,0.0,0.0,0.0,0.30469274520874023,0.30469274520874023,0.304692804813385,0.2743784487247467,0.3165937066078186,0.3822317123413086,0.04114978387951851,0.8551846742630005,-1.7256399393081665,5.433568000793457,-0.130141481757164,0.0,0.0,0.0,0.0,0.0,0.0,0.0
53357240069,0,-0.2502509355545044,-0.14609743654727936,-0.5106557607650757,6.569455581484362e-05,-0.04113857448101044,-0.8442511558532715,-0.03402309492230415,0.20498362183570862,0.17625518143177032,0.5006357431411743,0.2099187821149826,-0.3335953950881958,0.15430420637130737,-0.14416205883026123,-1.8382796049118042,0.0,0.0,-0.0047828578390181065,-0.5612240433692932,0.01840035803616047,-0.591916024684906,-0.7266772985458374,1.5064749717712402,2.1268391609191895,-2.5891950130462646,4.412457466125488,-71.9360122680664,-1.9514521360397339,6.95645809173584,0.5,9.275256156921387,1.7891597747802734,-5.50954532623291,-7.737145900726318,13.806671142578125,17.47005844116211,2.0,45.71114730834961,0.29744139313697815,0.28977540135383606,0.30357420444488525,0.25911131501197815,0.0,0.30469265580177307,0.30469265580177307,0.30469265580177307,0.2782868444919586,0.0,-1.929424524307251,-0.6738084554672241,-9.818587303161621,-0.4513753056526184,0.8007792830467224,-13.083272933959961,0.0,0.0,0.0,0.0,0.0,0.0,0.0,0.0,0.0,0.0,0.0,0.0,0.30469274520874023,0.30469274520874023,0.304692804813385,0.2754124701023102,0.3156298100948334,0.38463619351387024,0.04114978387951851,0.8530034422874451,-1.7256399393081665,5.433568000793457,-0.130141481757164,0.0,0.0,0.0,0.0,0.0,0.0,0.0
53368377577,0,-0.2502509355545044,-0.14609743654727936,-0.5106557607650757,6.569455581484362e-05,-0.04113857448101044,-0.8442511558532715,-0.03402309492230415,0.20498362183570862,0.17625518143177032,0.5031790137290955,0.1978776454925537,-0.33683234453201294,0.15430420637130737,-0.14416205883026123,-1.8382796049118042,0.0,0.0,-0.0047828578390181065,-0.5742865800857544,0.0886063426733017,-0.592868983745575,-0.7266772985458374,1.5064749717712402,2.1268391609191895,-2.3712196350097656,4.389229774475098,-72.00377655029297,-1.9004004001617432,6.863410949707031,0.5,9.339744567871094,1.7891597747802734,-5.50954532623291,-7.737145900726318,13.755139350891113,17.720853805541992,2.0,45.49772644042969,0.29590821266174316,0.28977540135383606,0.30357420444488525,0.2606445252895355,0.0,0.30469265580177307,0.30469265580177307,0.30469265580177307,0.2792801558971405,0.0,-1.929424524307251,-0.6738084554672241,-9.818587303161621,-0.41142913699150085,0.7951480746269226,-13.116682052612305,0.0,0.0,0.0,0.0,0.0,0.0,0.0,0.0,0.0,0.0,0.0,0.0,0.30469274520874023,0.30469274520874023,0.304692804813385,0.2764427959918976,0.3156298100948334,0.38463619351387024,0.04114978387951851,0.8530034422874451,-1.2753920555114746,5.293173789978027,-0.09065356105566025,0.0,0.0,0.0,0.0,0.0,0.0,0.0
53377110885,0,-0.25152257084846497,-0.1400769054889679,-0.5074188113212585,6.569455581484362e-05,-0.04113857448101044,-0.8442511558532715,-0.019478442147374153,0.21352168917655945,0.17666034400463104,0.5031790137290955,0.1978776454925537,-0.33683234453201294,0.14528732001781464,-0.13941901922225952,-1.847092866897583,0.0,0.0,-0.0047828578390181065,-0.5868054032325745,0.1892385482788086,-0.5955164432525635,-0.6323240995407104,1.3955695629119873,2.147968292236328,-2.3712196350097656,4.389229774475098,-72.00377655029297,-1.9004004001617432,6.863410949707031,0.5,9.339744567871094,1.8190582990646362,-5.583704471588135,-7.866321086883545,13.701736450195312,18.037166595458984,2.0,45.33290100097656,0.29744139313697815,0.28977540135383606,0.30357420444488525,0.2621777355670929,0.0,0.30469265580177307,0.30469265580177307,0.30469265580177307,0.2803230881690979,0.0,-1.7647664546966553,-0.48755306005477905,-9.802350997924805,-0.41142913699150085,0.7951480746269226,-13.116682052612305,0.0,0.0,0.0,0.0,0.0,0.0,0.0,0.0,0.0,0.0,0.0,0.0,0.30469274520874023,0.30469274520874023,0.304692804813385,0.27747541666030884,0.3138626515865326,0.39496707916259766,0.04114978387951851,0.8474302291870117,-0.7757858037948608,4.877382278442383,-0.1388632357120514,0.0,0.0,0.0,0.0,0.0,0.0,0.0
53388101971,0,-0.2524307072162628,-0.13389378786087036,-0.5041567087173462,6.569455581484362e-05,-0.04113857448101044,-0.8442511558532715,-0.004020151682198048,0.22069935500621796,0.17504562437534332,0.5049952864646912,0.18551135063171387,-0.3400944471359253,0.13605980575084686,-0.13330483436584473,-1.8559263944625854,0.0,0.0,-0.0047828578390181065,-0.5868054032325745,0.1892385482788086,-0.5955164432525635,-0.6323240995407104,1.3955695629119873,2.147968292236328,-2.1526942253112793,4.3538594245910645,-72.22598266601562,-1.8594576120376587,6.748072624206543,0.5,9.437708854675293,1.828140377998352,-5.607317924499512,-7.90972375869751,13.701736450195312,18.037166595458984,2.0,45.33290100097656,0.29744139313697815,0.28977540135383606,0.30357420444488525,0.26371094584465027,0.0,0.30469265580177307,0.30469265580177307,0.30469265580177307,0.28070682287216187,0.0,-1.7647664546966553,-0.48755306005477905,-9.802350997924805,-0.37027209997177124,0.787457287311554,-13.130910873413086,0.0,0.0,0.0,0.0,0.0,0.0,0.0,0.0,0.0,0.0,0.0,0.0,0.30469274520874023,0.30469274520874023,0.304692804813385,0.27847832441329956,0.3138626515865326,0.39496707916259766,0.04114978387951851,0.8474302291870117,-0.7757858037948608,4.877382278442383,-0.1388632357120514,0.0,0.0,0.0,0.0,0.0,0.0,0.0
53396980855,0,-0.2524307072162628,-0.13389378786087036,-0.5041567087173462,6.569455581484362e-05,-0.04113857448101044,-0.8442511558532715,-0.004020151682198048,0.22069935500621796,0.17504562437534332,0.5049952864646912,0.18551135063171387,-0.3400944471359253,0.13605980575084686,-0.13330483436584473,-1.8559263944625854,0.0,0.0,-0.0047828578390181065,-0.5889458656311035,0.2763645648956299,-0.5988771915435791,-0.5835924744606018,1.3171865940093994,2.160159111022949,-2.1526942253112793,4.3538594245910645,-72.22598266601562,-1.8594576120376587,6.748072624206543,0.5,9.437708854675293,1.835606336593628,-5.62705135345459,-7.947045803070068,13.701736450195312,18.037166595458984,2.0,45.33290100097656,0.29744139313697815,0.28977540135383606,0.30357420444488525,0.26371094584465027,0.0,0.30469265580177307,0.30469265580177307,0.30469265580177307,0.28070682287216187,0.0,-1.7308512926101685,-0.384239137172699,-10.033539772033691,-0.37027209997177124,0.787457287311554,-13.130910873413086,0.0,0.0,0.0,0.0,0.0,0.0,0.0,0.0,0.0,0.0,0.0,0.0,0.30469274520874023,0.30469274520874023,0.304692804813385,0.2793651223182678,0.31092211604118347,0.3991716206073761,0.04114978387951851,0.8442182540893555,-0.2851863205432892,4.542522430419922,-0.15570491552352905,0.0,0.0,0.0,0.0,0.0,0.0,0.0
53407292530,0,-0.25291377305984497,-0.1275463104248047,-0.5009528398513794,6.569455581484362e-05,-0.04113857448101044,-0.8442511558532715,0.01276444736868143,0.2278064340353012,0.16954490542411804,0.5059614777565002,0.17281633615493774,-0.3432983160018921,0.12690956890583038,-0.12584428489208221,-1.8646676540374756,0.0,0.0,-0.0047828578390181065,-0.5889458656311035,0.2763645648956299,-0.5988771915435791,-0.5835924744606018,1.3171865940093994,2.160159111022949,-1.9159537553787231,4.309135437011719,-72.22012329101562,-1.8298252820968628,6.628921031951904,0.5,9.530344009399414,1.835606336593628,-5.62705135345459,-7.947045803070068,13.548422813415527,18.261934280395508,2.0,45.12336349487305,0.29590821266174316,0.28977540135383606,0.30357420444488525,0.26524412631988525,0.0,0.30469265580177307,0.30469265580177307,0.30469265580177307,0.282073050737381,0.0,-1.7308512926101685,-0.384239137172699,-10.033539772033691,-0.3245091736316681,0.7774567604064941,-13.11656665802002,0.0,0.0,0.0,0.0,0.0,0.0,0.0,0.0,0.0,0.0,0.0,0.0,0.30469274520874023,0.30469274520874023,0.304692804813385,0.2801118493080139,0.31092211604118347,0.3991716206073761,0.04114978387951851,0.8442182540893555,-0.2851863205432892,4.542522430419922,-0.15570491552352905,0.0,0.0,0.0,0.0,0.0,0.0,0.0
53417062800,0,-0.25291377305984497,-0.1275463104248047,-0.5009528398513794,6.569455581484362e-05,-0.04113857448101044,-0.8442511558532715,0.01276444736868143,0.2278064340353012,0.16954490542411804,0.5059614777565002,0.17281633615493774,-0.3432983160018921,0.12690956890583038,-0.12584428489208221,-1.8646676540374756,0.0,0.0,-0.0047828578390181065,-0.585456132888794,0.3178560137748718,-0.6002877354621887,-0.5387250185012817,1.2315574884414673,2.172205686569214,-1.784800410270691,4.276012420654297,-72.14111328125,-1.8104842901229858,6.549167156219482,0.5,9.581778526306152,1.850862979888916,-5.668180465698242,-8.0282621383667,13.45191764831543,18.415000915527344,2.0,44.97941970825195,0.29590821266174316,0.28977540135383606,0.30357420444488525,0.26524412631988525,0.0,0.30469265580177307,0.30469265580177307,0.30469265580177307,0.2829502820968628,0.0,-1.6780626773834229,-0.27563920617103577,-10.840228080749512,-0.3245091736316681,0.7774567604064941,-13.11656665802002,0.0,0.0,0.0,0.0,0.0,0.0,0.0,0.0,0.0,0.0,0.0,0.0,0.30469274520874023,0.30469274520874023,0.304692804813385,0.2808184027671814,0.3065962791442871,0.40175673365592957,0.04114978387951851,0.8405868411064148,0.02108580619096756,4.255016803741455,-0.14360879361629486,0.0,0.0,0.0,0.0,0.0,0.0,0.0
53427217062,0,-0.2528535723686218,-0.12109488248825073,-0.49793335795402527,6.569455581484362e-05,-0.04113857448101044,-0.8442511558532715,0.03105207532644272,0.23419466614723206,0.15129904448986053,0.5058410167694092,0.15991342067718506,-0.3463177978992462,0.11795585602521896,-0.11727093905210495,-1.8734583854675293,0.0,0.0,-0.0047828578390181065,-0.5761796832084656,0.3587702512741089,-0.6024211645126343,-0.5387250185012817,1.2315574884414673,2.172205686569214,-1.5052824020385742,4.21156120300293,-71.50727844238281,-1.8018722534179688,6.463516712188721,0.5,9.634542465209961,1.850862979888916,-5.668180465698242,-8.0282621383667,13.168116569519043,18.403160095214844,2.0,44.68889236450195,0.29590821266174316,0.28977540135383606,0.30357420444488525,0.2667773365974426,0.0,0.30469265580177307,0.30469265580177307,0.30469265580177307,0.28334304690361023,0.0,-1.6780626773834229,-0.27563920617103577,-10.840228080749512,-0.2736877202987671,0.7657384276390076,-13.001323699951172,0.0,0.0,0.0,0.0,0.0,0.0,0.0,0.0,0.0,0.0,0.0,0.0,0.30469274520874023,0.30469274520874023,0.304692804813385,0.28153693675994873,0.3065962791442871,0.40175673365592957,0.04114978387951851,0.8405868411064148,0.44847404956817627,4.081636905670166,-0.17424240708351135,0.0,0.0,0.0,0.0,0.0,0.0,0.0
53437446641,0,-0.25257378816604614,-0.11785625666379929,-0.4965342879295349,6.569455581484362e-05,-0.04113857448101044,-0.8442511558532715,0.04035094007849693,0.2363462597131729,0.14258839190006256,0.5052814483642578,0.15343613922595978,-0.3477168679237366,0.11371193081140518,-0.11258450150489807,-1.877808928489685,0.0,0.0,-0.0047828578390181065,-0.5646668076515198,0.39242857694625854,-0.6045478582382202,-0.510498046875,1.1622579097747803,2.1812798976898193,-1.3718764781951904,4.168111801147461,-71.196533203125,-1.8059600591659546,6.40195894241333,0.5,9.67844009399414,1.858681082725525,-5.689341068267822,-8.072205543518066,12.981640815734863,18.413990020751953,2.0,44.51708984375,0.29590821266174316,0.28977540135383606,0.30357420444488525,0.2667773365974426,0.0,0.30469265580177307,0.30469265580177307,0.30469265580177307,0.28412020206451416,0.0,-1.582570195198059,-0.22698891162872314,-10.7901029586792,-0.24943208694458008,0.7578385472297668,-12.94482421875,0.0,0.0,0.0,0.0,0.0,0.0,0.0,0.0,0.0,0.0,0.0,0.0,0.30469274520874023,0.30469274520874023,0.304692804813385,0.2822413146495819,0.30214381217956543,0.4026455283164978,0.04114978387951851,0.836941659450531,0.808244526386261,3.928399085998535,-0.20121319591999054,0.0,0.0,0.0,0.0,0.0,0.0,0.0
53447160244,0,-0.2516581118106842,-0.1113288551568985,-0.49396494030952454,6.569455581484362e-05,-0.04113857448101044,-0.8442511558532715,0.05988623574376106,0.24141959846019745,0.12534424662590027,0.5034500956535339,0.14038126170635223,-0.35028621554374695,0.10538705438375473,-0.10258642584085464,-1.886609673500061,0.0,0.0,-0.0047828578390181065,-0.5646668076515198,0.39242857694625854,-0.6045478582382202,-0.510498046875,1.1622579097747803,2.1812798976898193,-1.3718764781951904,4.168111801147461,-71.196533203125,-1.8059600591659546,6.40195894241333,0.5,9.67844009399414,1.873739242553711,-5.7294602394104,-8.160540580749512,12.981640815734863,18.413990020751953,2.0,44.51708984375,0.29590821266174316,0.28977540135383606,0.30357420444488525,0.268310546875,0.0,0.30469265580177307,0.30469265580177307,0.30469265580177307,0.28412020206451416,0.0,-1.582570195198059,-0.22698891162872314,-10.7901029586792,-0.19769364595413208,0.739464282989502,-12.836457252502441,0.0,0.0,0.0,0.0,0.0,0.0,0.0,0.0,0.0,0.0,0.0,0.0,0.30469274520874023,0.30469274520874023,0.304692804813385,0.28289857506752014,0.29250669479370117,0.4022183418273926,0.04114978387951851,0.8302860260009766,0.808244526386261,3.928399085998535,-0.20121319591999054,0.0,0.0,0.0,0.0,0.0,0.0,0.0
53460599263,0,-0.2516581118106842,-0.1113288551568985,-0.49396494030952454,6.569455581484362e-05,-0.04113857448101044,-0.8442511558532715,0.05988623574376106,0.24141959846019745,0.12534424662590027,0.5034500956535339,0.14038126170635223,-0.35028621554374695,0.10538705438375473,-0.10258642584085464,-1.886609673500061,0.0,0.0,-0.0047828578390181065,-0.536758303642273,0.4567224979400635,-0.6068727374076843,-0.4567146301269531,0.9894555807113647,2.202159881591797,-1.0873150825500488,4.06705379486084,-70.60051727294922,-1.820502758026123,6.281205654144287,0.5,9.770577430725098,1.8800060749053955,-5.7457356452941895,-8.198561668395996,12.599305152893066,18.420429229736328,2.0,44.208946228027344,0.29744139313697815,0.2882421910762787,0.30357420444488525,0.268310546875,0.0,0.30469265580177307,0.30469265580177307,0.30469265580177307,0.2853032648563385,0.0,-1.3920843601226807,-0.10864496976137161,-10.520622253417969,-0.19769364595413208,0.739464282989502,-12.836457252502441,0.0,0.0,0.0,0.0,0.0,0.0,0.0,0.0,0.0,0.0,0.0,0.0,0.30469274520874023,0.30469274520874023,0.304692804813385,0.2835018038749695,0.29250669479370117,0.4022183418273926,0.04114978387951851,0.8302860260009766,1.2659660577774048,3.451920986175537,-0.13623696565628052,0.0,0.0,0.0,0.0,0.0,0.0,0.0
53467644496,0,-0.2516581118106842,-0.1113288551568985,-0.49396494030952454,6.569455581484362e-05,-0.04113857448101044,-0.8442511558532715,0.05988623574376106,0.24141959846019745,0.12534424662590027,0.5004708170890808,0.12735290825366974,-0.3526283800601959,0.10538705438375473,-0.10258642584085464,-1.886609673500061,0.0,0.0,-0.0047828578390181065,-0.5175919532775879,0.4875189960002899,-0.6080886721611023,-0.4567146301269531,0.9894555807113647,2.202159881591797,-0.9472758769989014,4.013224124908447,-70.39904022216797,-1.8365955352783203,6.221059322357178,0.5,9.82022476196289,1.8800060749053955,-5.7457356452941895,-8.198561668395996,12.42072582244873,18.429981231689453,2.0,44.100948333740234,0.29744139313697815,0.28977540135383606,0.30357420444488525,0.2698437571525574,0.0,0.30469265580177307,0.30469265580177307,0.30469265580177307,0.2856770157814026,0.0,-1.241757869720459,-0.04031196981668472,-10.330198287963867,-0.14772680401802063,0.717386782169342,-12.78060245513916,0.0,0.0,0.0,0.0,0.0,0.0,0.0,0.0,0.0,0.0,0.0,0.0,0.30469274520874023,0.30469274520874023,0.304692804813385,0.2840935289859772,0.2891949713230133,0.40251845121383667,0.04114978387951851,0.8285454511642456,1.5395201444625854,3.191190242767334,-0.1284879744052887,0.0,0.0,0.0,0.0,0.0,0.0,0.0
53477107581,0,-0.25016847252845764,-0.10481470823287964,-0.49162277579307556,6.569455581484362e-05,-0.04113857448101044,-0.8442511558532715,0.07908272743225098,0.2455093115568161,0.11482622474431992,0.5004708170890808,0.12735290825366974,-0.3526283800601959,0.097686268389225,-0.09174667298793793,-1.8954551219940186,0.0,0.0,-0.0047828578390181065,-0.5175919532775879,0.4875189960002899,-0.6080886721611023,-0.4567146301269531,0.9894555807113647,2.202159881591797,-0.9472758769989014,4.013224124908447,-70.39904022216797,-1.8365955352783203,6.221059322357178,0.5,9.82022476196289,1.8943934440612793,-5.781594753265381,-8.287725448608398,12.42072582244873,18.429981231689453,2.0,44.100948333740234,0.29744139313697815,0.28977540135383606,0.30357420444488525,0.2698437571525574,0.0,0.30469265580177307,0.30469265580177307,0.30469265580177307,0.2856770157814026,0.0,-1.241757869720459,-0.04031196981668472,-10.330198287963867,-0.14772680401802063,0.717386782169342,-12.78060245513916,0.0,0.0,0.0,0.0,0.0,0.0,0.0,0.0,0.0,0.0,0.0,0.0,0.30469274520874023,0.30469274520874023,0.304692804813385,0.2846595048904419,0.28324902057647705,0.4029565453529358,0.04114978387951851,0.8260420560836792,1.5395201444625854,3.191190242767334,-0.1284879744052887,0.0,0.0,0.0,0.0,0.0,0.0,0.0
53487531560,0,-0.2492363452911377,-0.10157398879528046,-0.4905111789703369,6.569455581484362e-05,-0.04113857448101044,-0.8442511558532715,0.08875024318695068,0.24721629917621613,0.10893835127353668,0.4986065924167633,0.12087143212556839,-0.35373997688293457,0.09407687932252884,-0.08624991029500961,-1.8999788761138916,0.0,0.0,-0.0047828578390181065,-0.47439250349998474,0.5318048000335693,-0.6145435571670532,-0.43413245677948,0.8874213695526123,2.214080333709717,-0.6760895848274231,3.879521608352661,-70.10331726074219,-1.8757696151733398,6.118751525878906,0.5,9.924749374389648,1.8943934440612793,-5.781594753265381,-8.287725448608398,12.116204261779785,18.447677612304688,2.0,43.942134857177734,0.29590821266174316,0.28977540135383606,0.30357420444488525,0.27137696743011475,0.0,0.30469265580177307,0.30469265580177307,0.30469265580177307,0.28603795170783997,0.0,-1.1547112464904785,0.026638705283403397,-10.425557136535645,-0.12292537838220596,0.7053675651550293,-12.746057510375977,0.0,0.0,0.0,0.0,0.0,0.0,0.0,0.0,0.0,0.0,0.0,0.0,0.30469274520874023,0.30469274520874023,0.304692804813385,0.28514227271080017,0.28324902057647705,0.4029565453529358,0.04114978387951851,0.8260420560836792,1.9563521146774292,2.342463493347168,-0.2564285695552826,0.0,0.0,0.0,0.0,0.0,0.0,0.0
53496999260,0,-0.2492363452911377,-0.10157398879528046,-0.4905111789703369,6.569455581484362e-05,-0.04113857448101044,-0.8442511558532715,0.08875024318695068,0.24721629917621613,0.10893835127353668,0.4986065924167633,0.12087143212556839,-0.35373997688293457,0.09407687932252884,-0.08624991029500961,-1.8999788761138916,0.0,0.0,-0.0047828578390181065,-0.4495314955711365,0.5482739210128784,-0.6165555715560913,-0.43413245677948,0.8874213695526123,2.214080333709717,-0.5482699275016785,3.800755500793457,-69.94752502441406,-1.9024914503097534,6.066920757293701,0.5,9.968836784362793,1.907774567604065,-5.812313079833984,-8.371114730834961,11.963407516479492,18.445138931274414,2.0,43.87070846557617,0.29590821266174316,0.28977540135383606,0.30357420444488525,0.27291014790534973,0.0,0.30469265580177307,0.30469265580177307,0.30469265580177307,0.28592005372047424,0.0,-1.1547112464904785,0.026638705283403397,-10.425557136535645,-0.12292537838220596,0.7053675651550293,-12.746057510375977,0.0,0.0,0.0,0.0,0.0,0.0,0.0,0.0,0.0,0.0,0.0,0.0,0.30469274520874023,0.30469274520874023,0.304692804813385,0.2855228781700134,0.28324902057647705,0.4029565453529358,0.04114978387951851,0.8260420560836792,2.306412696838379,2.1188149452209473,-0.24341300129890442,0.0,0.0,0.0,0.0,0.0,0.0,0.0
53507258940,0,-0.2492363452911377,-0.10157398879528046,-0.4905111789703369,6.569455581484362e-05,-0.04113857448101044,-0.8442511558532715,0.08875024318695068,0.24721629917621613,0.10893835127353668,0.4936085641384125,0.10831499844789505,-0.3558778464794159,0.09407687932252884,-0.08624991029500961,-1.8999788761138916,0.0,0.0,-0.0047828578390181065,-0.38884422183036804,0.57215416431427,-0.6203778982162476,-0.43413245677948,0.8874213695526123,2.214080333709717,-0.1787497103214264,3.5296926498413086,-70.00833892822266,-1.9694902896881104,5.930631160736084,0.5,10.074691772460938,1.907774567604065,-5.812313079833984,-8.371114730834961,11.642138481140137,18.562402725219727,2.0,43.783546447753906,0.29590821266174316,0.28977540135383606,0.30357420444488525,0.27291014790534973,0.0,0.30469265580177307,0.30469265580177307,0.30469265580177307,0.2838534712791443,0.0,-1.1547112464904785,0.026638705283403397,-10.425557136535645,-0.07633490115404129,0.6748493313789368,-12.706048965454102,0.0,0.0,0.0,0.0,0.0,0.0,0.0,0.0,0.0,0.0,0.0,0.0,0.30469274520874023,0.30469274520874023,0.304692804813385,0.2856934070587158,0.2771344482898712,0.4028930068016052,0.04114978387951851,0.8244333267211914,2.743494749069214,1.3207428455352783,-0.19806478917598724,0.0,0.0,0.0,0.0,0.0,0.0,0.0
53517126122,0,-0.24195927381515503,-0.0862368568778038,-0.485176146030426,6.569455581484362e-05,-0.04113857448101044,-0.8442511558532715,0.13800348341464996,0.24882858991622925,0.104460209608078,0.4840523600578308,0.09019701927900314,-0.35907500982284546,0.07926379889249802,-0.057389818131923676,-1.922739863395691,0.0,0.0,-0.0047828578390181065,-0.38884422183036804,0.57215416431427,-0.6203778982162476,-0.41291433572769165,0.6586601734161377,2.2403037548065186,-0.1787497103214264,3.5296926498413086,-70.00833892822266,-1.9694902896881104,5.930631160736084,0.5,10.074691772460938,1.9215682744979858,-5.8406291007995605,-8.455025672912598,11.642138481140137,18.562402725219727,2.0,43.783546447753906,0.29744139313697815,0.28977540135383606,0.30357420444488525,0.2744433581829071,0.0,0.30469265580177307,0.30469265580177307,0.30469265580177307,0.2838534712791443,0.0,-1.1547112464904785,0.026638705283403397,-10.425557136535645,-0.011563694104552269,0.6228881478309631,-12.747671127319336,0.0,0.0,0.0,0.0,0.0,0.0,0.0,0.0,0.0,0.0,0.0,0.0,0.30469274520874023,0.30469274520874023,0.304692804813385,0.2855331003665924,0.2771344482898712,0.4028930068016052,0.04114978387951851,0.8244333267211914,2.743494749069214,1.3207428455352783,-0.19806478917598724,0.0,0.0,0.0,0.0,0.0,0.0,0.0
53527228373,0,-0.24195927381515503,-0.0862368568778038,-0.485176146030426,6.569455581484362e-05,-0.04113857448101044,-0.8442511558532715,0.13800348341464996,0.24882858991622925,0.104460209608078,0.4840523600578308,0.09019701927900314,-0.35907500982284546,0.07926379889249802,-0.057389818131923676,-1.922739863395691,0.0,0.0,-0.0047828578390181065,-0.3616126477718353,0.5770776867866516,-0.6223310232162476,-0.41313305497169495,0.5853514075279236,2.2490410804748535,-0.1787497103214264,3.5296926498413086,-70.00833892822266,-1.9694902896881104,5.930631160736084,0.5,10.074691772460938,1.9292402267456055,-5.854944705963135,-8.500429153442383,11.561873435974121,18.604473114013672,2.0,43.8360710144043,0.29744139313697815,0.28977540135383606,0.30357420444488525,0.2744433581829071,0.0,0.30469265580177307,0.30469265580177307,0.30469265580177307,0.28350383043289185,0.0,-0.7182013392448425,0.20834213495254517,-9.595808982849121,-0.011563694104552269,0.6228881478309631,-12.747671127319336,0.0,0.0,0.0,0.0,0.0,0.0,0.0,0.0,0.0,0.0,0.0,0.0,0.30469274520874023,0.30469274520874023,0.304692804813385,0.2851282060146332,0.27089840173721313,0.4051057994365692,0.04114978387951851,0.8254180550575256,2.8639440536499023,0.9813281297683716,-0.2068396657705307,0.0,0.0,0.0,0.0,0.0,0.0,0.0
53537112828,0,-0.24008919298648834,-0.08333554118871689,-0.4840005934238434,6.569455581484362e-05,-0.04113857448101044,-0.8442511558532715,0.14771972596645355,0.24827897548675537,0.10832037776708603,0.48031219840049744,0.08439435809850693,-0.3602505624294281,0.0769578143954277,-0.05160023644566536,-1.9274288415908813,0.0,0.0,-0.0047828578390181065,-0.3302820324897766,0.5788155198097229,-0.6251900792121887,-0.41313305497169495,0.5853514075279236,2.2490410804748535,0.049319252371788025,3.3187434673309326,-70.28903198242188,-2.0435373783111572,5.859724521636963,0.5,10.171496391296387,1.9292402267456055,-5.854944705963135,-8.500429153442383,11.497941017150879,18.638402938842773,2.0,43.91975402832031,0.29744139313697815,0.28977540135383606,0.30357420444488525,0.2744433581829071,0.0,0.30469265580177307,0.30469265580177307,0.30469265580177307,0.2817634344100952,0.0,-0.6414803862571716,0.20733670890331268,-9.440885543823242,0.008967136964201927,0.6034079194068909,-12.779824256896973,0.0,0.0,0.0,0.0,0.0,0.0,0.0,0.0,0.0,0.0,0.0,0.0,0.30469274520874023,0.30469274520874023,0.304692804813385,0.28456518054008484,0.27089840173721313,0.4051057994365692,0.04114978387951851,0.8254180550575256,2.921781301498413,0.5733580589294434,-0.23899583518505096,0.0,0.0,0.0,0.0,0.0,0.0,0.0
53547460881,0,-0.24008919298648834,-0.08333554118871689,-0.4840005934238434,6.569455581484362e-05,-0.04113857448101044,-0.8442511558532715,0.14771972596645355,0.24827897548675537,0.10832037776708603,0.47214990854263306,0.073133684694767,-0.3626874089241028,0.0769578143954277,-0.05160023644566536,-1.9274288415908813,0.0,0.0,-0.0047828578390181065,-0.3302820324897766,0.5788155198097229,-0.6251900792121887,-0.41313305497169495,0.5853514075279236,2.2490410804748535,0.049319252371788025,3.3187434673309326,-70.28903198242188,-2.0435373783111572,5.859724521636963,0.5,10.171496391296387,1.9292402267456055,-5.854944705963135,-8.500429153442383,11.497941017150879,18.638402938842773,2.0,43.91975402832031,0.29744139313697815,0.28977540135383606,0.30357420444488525,0.2744433581829071,0.0,0.30469265580177307,0.30469265580177307,0.30469265580177307,0.2817634344100952,0.0,-0.6414803862571716,0.20733670890331268,-9.440885543823242,0.048003800213336945,0.5619315505027771,-12.821466445922852,0.0,0.0,0.0,0.0,0.0,0.0,0.0,0.0,0.0,0.0,0.0,0.0,0.30469274520874023,0.30469274520874023,0.304692804813385,0.2838515639305115,0.27089840173721313,0.4051057994365692,0.04114978387951851,0.8254180550575256,2.921781301498413,0.5733580589294434,-0.23899583518505096,0.0,0.0,0.0,0.0,0.0,0.0,0.0
53557386712,0,-0.23600807785987854,-0.07770523428916931,-0.4815637469291687,6.569455581484362e-05,-0.04113857448101044,-0.8442511558532715,0.16729013621807098,0.24568285048007965,0.11387021094560623,0.47214990854263306,0.073133684694767,-0.3626874089241028,0.07295588403940201,-0.04033460468053818,-1.9368661642074585,0.0,0.0,-0.0047828578390181065,-0.27125242352485657,0.5700032114982605,-0.6288162469863892,-0.41772380471229553,0.49272340536117554,2.260491132736206,0.2640208899974823,3.090623617172241,-70.51806640625,-2.1231961250305176,5.808155536651611,0.5,10.267234802246094,1.9440267086029053,-5.879967212677002,-8.585169792175293,11.349932670593262,18.641883850097656,2.0,44.04056930541992,0.29744139313697815,0.28977540135383606,0.30357420444488525,0.2744433581829071,0.0,0.30469265580177307,0.30469265580177307,0.30469265580177307,0.27972903847694397,0.0,-0.3093110918998718,0.2235780507326126,-9.239097595214844,0.048003800213336945,0.5619315505027771,-12.821466445922852,0.0,0.0,0.0,0.0,0.0,0.0,0.0,0.0,0.0,0.0,0.0,0.0,0.30469274520874023,0.30469274520874023,0.304692804813385,0.2830214500427246,0.26815712451934814,0.40678611397743225,0.04114978387951851,0.8273134231567383,3.0348541736602783,-0.17892973124980927,-0.20010288059711456,0.0,0.0,0.0,0.0,0.0,0.0,0.0
53568580013,0,-0.23377272486686707,-0.07520604133605957,-0.4803029000759125,6.569455581484362e-05,-0.04113857448101044,-0.8442511558532715,0.17588990926742554,0.24311251938343048,0.11792068928480148,0.4676792025566101,0.06813527643680573,-0.363948255777359,0.07138091325759888,-0.03476671129465103,-1.9416532516479492,0.0,0.0,-0.0047828578390181065,-0.23400148749351501,0.5619763731956482,-0.6314346790313721,-0.4238196313381195,0.448360800743103,2.266206979751587,0.3501940965652466,2.9753339290618896,-70.68106079101562,-2.17747163772583,5.787344455718994,0.5,10.319616317749023,1.9523686170578003,-5.89264440536499,-8.631013870239258,11.274078369140625,18.6285343170166,2.0,44.13852310180664,0.29744139313697815,0.28977540135383606,0.30357420444488525,0.2744433581829071,0.0,0.30469265580177307,0.30469265580177307,0.30469265580177307,0.2787548005580902,0.0,-0.3093110918998718,0.2235780507326126,-9.239097595214844,0.06367165595293045,0.5409697890281677,-12.851101875305176,0.0,0.0,0.0,0.0,0.0,0.0,0.0,0.0,0.0,0.0,0.0,0.0,0.30469274520874023,0.30469274520874023,0.304692804813385,0.2820545732975006,0.2666220963001251,0.4066101610660553,0.04114978387951851,0.8287432193756104,3.2836220264434814,-0.47934281826019287,-0.22428730130195618,0.0,0.0,0.0,0.0,0.0,0.0,0.0
53577468700,0,-0.22648878395557404,-0.06832746416330338,-0.47612878680229187,6.569455581484362e-05,-0.04113857448101044,-0.8442511558532715,0.2020295411348343,0.2345145046710968,0.14171068370342255,0.4531112313270569,0.054378051310777664,-0.3681223690509796,0.06792619079351425,-0.018459198996424675,-1.9569133520126343,0.0,0.0,-0.0047828578390181065,-0.23400148749351501,0.5619763731956482,-0.6314346790313721,-0.44337689876556396,0.3411821126937866,2.2813844680786133,0.3501940965652466,2.9753339290618896,-70.68106079101562,-2.17747163772583,5.787344455718994,0.5,10.319616317749023,1.9523686170578003,-5.89264440536499,-8.631013870239258,11.274078369140625,18.6285343170166,2.0,44.13852310180664,0.29744139313697815,0.28977540135383606,0.30357420444488525,0.2744433581829071,0.0,0.30469265580177307,0.30469265580177307,0.30469265580177307,0.2787548005580902,0.0,-0.3093110918998718,0.2235780507326126,-9.239097595214844,0.10852493345737457,0.471814900636673,-13.02078914642334,0.0,0.0,0.0,0.0,0.0,0.0,0.0,0.0,0.0,0.0,0.0,0.0,0.30469274520874023,0.30469274520874023,0.304692804813385,0.2810150980949402,0.2666220963001251,0.4066101610660553,0.04114978387951851,0.8287432193756104,3.2836220264434814,-0.47934281826019287,-0.22428730130195618,0.0,0.0,0.0,0.0,0.0,0.0,0.0
53587332412,0,-0.22648878395557404,-0.06832746416330338,-0.47612878680229187,6.569455581484362e-05,-0.04113857448101044,-0.8442511558532715,0.2020295411348343,0.2345145046710968,0.14171068370342255,0.4531112313270569,0.054378051310777664,-0.3681223690509796,0.06792619079351425,-0.018459198996424675,-1.9569133520126343,0.0,0.0,-0.0047828578390181065,-0.1701594591140747,0.5311446785926819,-0.636119544506073,-0.44337689876556396,0.3411821126937866,2.2813844680786133,0.5263456702232361,2.731327533721924,-71.31120300292969,-2.2773215770721436,5.741469383239746,0.5,10.420339584350586,1.9687879085540771,-5.914852142333984,-8.716575622558594,11.208687782287598,18.702320098876953,2.0,44.392364501953125,0.29744139313697815,0.28977540135383606,0.30357420444488525,0.2744433581829071,0.0,0.30469265580177307,0.30469265580177307,0.30469265580177307,0.27620378136634827,0.0,-0.1685875505208969,0.28053048253059387,-8.980868339538574,0.10852493345737457,0.471814900636673,-13.02078914642334,0.0,0.0,0.0,0.0,0.0,0.0,0.0,0.0,0.0,0.0,0.0,0.0,0.30469274520874023,0.30469274520874023,0.304692804813385,0.27996912598609924,0.26594632863998413,0.4075847268104553,0.04114978387951851,0.83290034532547,3.2681732177734375,-1.3294943571090698,-0.2423231303691864,0.0,0.0,0.0,0.0,0.0,0.0,0.0
53597624791,0,-0.22385366261005402,-0.06625188142061234,-0.47457802295684814,6.569455581484362e-05,-0.04113857448101044,-0.8442511558532715,0.2104540318250656,0.23033584654331207,0.15053251385688782,0.44784095883369446,0.05022686719894409,-0.36967313289642334,0.0672910213470459,-0.013701855204999447,-1.9617918729782104,0.0,0.0,-0.0047828578390181065,-0.13676223158836365,0.5078675150871277,-0.6386091113090515,-0.45282936096191406,0.3047342300415039,2.2870466709136963,0.5968871116638184,2.5949819087982178,-71.61434173583984,-2.3292014598846436,5.743973255157471,0.5,10.472785949707031,1.9687879085540771,-5.914852142333984,-8.716575622558594,11.210647583007812,18.69207763671875,2.0,44.56001281738281,0.29744139313697815,0.28977540135383606,0.30357420444488525,0.2744433581829071,0.0,0.30469265580177307,0.30469265580177307,0.30469265580177307,0.27476125955581665,0.0,-0.01444640289992094,0.26621145009994507,-8.970969200134277,0.12061827629804611,0.4467666447162628,-13.082189559936523,0.0,0.0,0.0,0.0,0.0,0.0,0.0,0.0,0.0,0.0,0.0,0.0,0.30469274520874023,0.30469274520874023,0.304692804813385,0.2788110375404358,0.26594632863998413,0.4075847268104553,0.04114978387951851,0.83290034532547,3.2251739501953125,-1.7709439992904663,-0.24103042483329773,0.0,0.0,0.0,0.0,0.0,0.0,0.0
53607084945,0,-0.22385366261005402,-0.06625188142061234,-0.47457802295684814,6.569455581484362e-05,-0.04113857448101044,-0.8442511558532715,0.2104540318250656,0.23033584654331207,0.15053251385688782,0.43679529428482056,0.0427275188267231,-0.37300577759742737,0.0672910213470459,-0.013701855204999447,-1.9617918729782104,0.0,0.0,-0.0047828578390181065,-0.13676223158836365,0.5078675150871277,-0.6386091113090515,-0.45282936096191406,0.3047342300415039,2.2870466709136963,0.5968871116638184,2.5949819087982178,-71.61434173583984,-2.3292014598846436,5.743973255157471,0.5,10.472785949707031,1.9965178966522217,-5.94648551940918,-8.849271774291992,11.210647583007812,18.69207763671875,2.0,44.56001281738281,0.29744139313697815,0.28977540135383606,0.30357420444488525,0.2744433581829071,0.0,0.30469265580177307,0.30469265580177307,0.30469265580177307,0.27476125955581665,0.0,-0.01444640289992094,0.26621145009994507,-8.970969200134277,0.14292263984680176,0.3947891891002655,-13.183488845825195,0.0,0.0,0.0,0.0,0.0,0.0,0.0,0.0,0.0,0.0,0.0,0.0,0.30469274520874023,0.30469274520874023,0.304692804813385,0.2775607109069824,0.26611337065696716,0.40749385952949524,0.04114978387951851,0.840390682220459,3.2251739501953125,-1.7709439992904663,-0.24103042483329773,0.0,0.0,0.0,0.0,0.0,0.0,0.0
53617379320,0,-0.21833086013793945,-0.06250222772359848,-0.4712453782558441,6.569455581484362e-05,-0.04113857448101044,-0.8442511558532715,0.22723674774169922,0.22144323587417603,0.16564039885997772,0.43679529428482056,0.0427275188267231,-0.37300577759742737,0.06660357862710953,-0.0051954989321529865,-1.9715908765792847,0.0,0.0,-0.0047828578390181065,-0.07802410423755646,0.45285680890083313,-0.6417309045791626,-0.4731314778327942,0.24106934666633606,2.298297643661499,0.7860745191574097,2.1713404655456543,-72.50918579101562,-2.4315149784088135,5.74888801574707,0.5,10.571520805358887,1.9965178966522217,-5.94648551940918,-8.849271774291992,11.292120933532715,18.749412536621094,2.0,44.96772384643555,0.29744139313697815,0.28977540135383606,0.30357420444488525,0.2744433581829071,0.0,0.30469265580177307,0.30469265580177307,0.30469265580177307,0.26968249678611755,0.0,0.09912806749343872,0.24232524633407593,-9.09244155883789,0.14292263984680176,0.3947891891002655,-13.183488845825195,0.0,0.0,0.0,0.0,0.0,0.0,0.0,0.0,0.0,0.0,0.0,0.0,0.30469274520874023,0.30469274520874023,0.304692804813385,0.27619490027427673,0.26611337065696716,0.40749385952949524,0.04114978387951851,0.840390682220459,3.072697639465332,-2.5508179664611816,-0.17614500224590302,0.0,0.0,0.0,0.0,0.0,0.0,0.0
53630045824,0,-0.21833086013793945,-0.06250222772359848,-0.4712453782558441,6.569455581484362e-05,-0.04113857448101044,-0.8442511558532715,0.22723674774169922,0.22144323587417603,0.16564039885997772,0.43679529428482056,0.0427275188267231,-0.37300577759742737,0.06660357862710953,-0.0051954989321529865,-1.9715908765792847,0.0,0.0,-0.0047828578390181065,-0.04564758017659187,0.4207676947116852,-0.643155038356781,-0.49154967069625854,0.19984538853168488,2.306774616241455,0.8368214964866638,2.01883602142334,-72.82504272460938,-2.486781597137451,5.767093658447266,0.5,10.62338924407959,2.0178887844085693,-5.967438697814941,-8.94284439086914,11.317302703857422,18.711732864379883,2.0,45.16929626464844,0.29744139313697815,0.28977540135383606,0.30357420444488525,0.2744433581829071,0.0,0.30469265580177307,0.30469265580177307,0.30469265580177307,0.2680937349796295,0.0,0.09912806749343872,0.24232524633407593,-9.09244155883789,0.14292263984680176,0.3947891891002655,-13.183488845825195,0.0,0.0,0.0,0.0,0.0,0.0,0.0,0.0,0.0,0.0,0.0,0.0,0.30469274520874023,0.30469274520874023,0.304692804813385,0.27448245882987976,0.2668677866458893,0.40576446056365967,0.044280923902988434,0.8462686538696289,3.0827090740203857,-2.797457695007324,-0.1583113819360733,0.0,0.0,0.0,0.0,0.0,0.0,0.0
53637161469,0,-0.2124849259853363,-0.05938123166561127,-0.4676046371459961,6.569455581484362e-05,-0.04113857448101044,-0.8442511558532715,0.2428329735994339,0.21104493737220764,0.18709011375904083,0.4251033663749695,0.036485496908426285,-0.3766465187072754,0.06692122668027878,0.0023298547603189945,-1.981537938117981,0.0,0.0,-0.0047828578390181065,-0.04564758017659187,0.4207676947116852,-0.643155038356781,-0.4980267584323883,0.18776561319828033,2.309584140777588,0.8368214964866638,2.01883602142334,-72.82504272460938,-2.486781597137451,5.767093658447266,0.5,10.62338924407959,2.029277801513672,-5.977725982666016,-8.990031242370605,11.317302703857422,18.711732864379883,2.0,45.16929626464844,0.29744139313697815,0.28977540135383606,0.30357420444488525,0.2744433581829071,0.0,0.30469265580177307,0.30469265580177307,0.30469265580177307,0.2680937349796295,0.0,0.18997541069984436,0.2441636025905609,-8.468681335449219,0.16024094820022583,0.33991479873657227,-13.334086418151855,0.0,0.0,0.0,0.0,0.0,0.0,0.0,0.0,0.0,0.0,0.0,0.0,0.30469274520874023,0.30469274520874023,0.304692804813385,0.27253463864326477,0.2688182294368744,0.40591371059417725,0.048043396323919296,0.8501520156860352,3.0827090740203857,-2.797457695007324,-0.1583113819360733,0.0,0.0,0.0,0.0,0.0,0.0,0.0
53648179627,0,-0.20933707058429718,-0.057853709906339645,-0.46550413966178894,6.569455581484362e-05,-0.04113857448101044,-0.8442511558532715,0.25009629130363464,0.2059454470872879,0.20320920646190643,0.41880762577056885,0.03343043848872185,-0.37874701619148254,0.06730061024427414,0.005658031906932592,-1.9865331649780273,0.0,0.0,-0.0047828578390181065,0.008218454197049141,0.3535425066947937,-0.6450181603431702,-0.510831892490387,0.16501478850841522,2.315213680267334,0.8813252449035645,1.8695313930511475,-73.33747863769531,-2.5779285430908203,5.823642253875732,0.5,10.717864990234375,2.029277801513672,-5.977725982666016,-8.990031242370605,11.399191856384277,18.604833602905273,2.0,45.5418815612793,0.29744139313697815,0.28977540135383606,0.30357420444488525,0.2744433581829071,0.0,0.30469265580177307,0.30469265580177307,0.30469265580177307,0.2666247487068176,0.0,0.17257249355316162,0.2012268304824829,-8.41577434539795,0.16912472248077393,0.31169837713241577,-13.45010757446289,0.0,0.0,0.0,0.0,0.0,0.0,0.0,0.0,0.0,0.0,0.0,0.0,0.30469274520874023,0.30469274520874023,0.304692804813385,0.270689457654953,0.2688182294368744,0.40591371059417725,0.048043396323919296,0.8501520156860352,2.7999327182769775,-3.3032424449920654,-0.11456453800201416,0.0,0.0,0.0,0.0,0.0,0.0,0.0
53657197871,0,-0.20933707058429718,-0.057853709906339645,-0.46550413966178894,6.569455581484362e-05,-0.04113857448101044,-0.8442511558532715,0.25009629130363464,0.2059454470872879,0.20320920646190643,0.41880762577056885,0.03343043848872185,-0.37874701619148254,0.06730061024427414,0.005658031906932592,-1.9865331649780273,0.0,0.0,-0.0047828578390181065,0.008218454197049141,0.3535425066947937,-0.6450181603431702,-0.5420809984207153,0.12396025657653809,2.3293557167053223,0.8813252449035645,1.8695313930511475,-73.33747863769531,-2.5779285430908203,5.823642253875732,0.5,10.717864990234375,2.0513193607330322,-5.996654033660889,-9.077431678771973,11.399191856384277,18.604833602905273,2.0,45.5418815612793,0.29744139313697815,0.28977540135383606,0.30357420444488525,0.2744433581829071,0.0,0.30469265580177307,0.30469265580177307,0.30469265580177307,0.2666247487068176,0.0,0.2367832213640213,0.22028091549873352,-8.82755184173584,0.16912472248077393,0.31169837713241577,-13.45010757446289,0.0,0.0,0.0,0.0,0.0,0.0,0.0,0.0,0.0,0.0,0.0,0.0,0.30469274520874023,0.30469274520874023,0.304692804813385,0.2690996825695038,0.2735830247402191,0.40591442584991455,0.054551150649785995,0.858137845993042,2.7999327182769775,-3.3032424449920654,-0.11456453800201416,0.0,0.0,0.0,0.0,0.0,0.0,0.0
53667131612,0,-0.20318830013275146,-0.05535377562046051,-0.4611700475215912,6.569455581484362e-05,-0.04113857448101044,-0.8442511558532715,0.26420122385025024,0.19524723291397095,0.22213304042816162,0.40651002526283264,0.028430543839931488,-0.3830811083316803,0.06843198090791702,0.010991369374096394,-1.996579647064209,0.0,0.0,-0.0047828578390181065,0.06009398400783539,0.26480504870414734,-0.6481998562812805,-0.5420809984207153,0.12396025657653809,2.3293557167053223,1.006130337715149,1.4115171432495117,-74.66356658935547,-2.690351724624634,5.892494201660156,0.5,10.82785415649414,2.0513193607330322,-5.996654033660889,-9.077431678771973,11.680187225341797,18.655506134033203,2.0,46.180213928222656,0.29744139313697815,0.28977540135383606,0.30204102396965027,0.2744433581829071,0.0,0.30469265580177307,0.30469265580177307,0.30469265580177307,0.2609120309352875,0.0,0.3149191737174988,0.14785726368427277,-8.787367820739746,0.1829327791929245,0.2566394805908203,-13.575194358825684,0.0,0.0,0.0,0.0,0.0,0.0,0.0,0.0,0.0,0.0,0.0,0.0,0.30469274520874023,0.30469274520874023,0.304692804813385,0.26759758591651917,0.2735830247402191,0.40591442584991455,0.054551150649785995,0.858137845993042,2.613374710083008,-3.986882209777832,-0.14241038262844086,0.0,0.0,0.0,0.0,0.0,0.0,0.0
53677861527,0,-0.1935255378484726,-0.05262453854084015,-0.4539162814617157,6.569455581484362e-05,-0.04113857448101044,-0.8442511558532715,0.2852090895175934,0.17801640927791595,0.2538837790489197,0.38718441128730774,0.022972043603658676,-0.3903348743915558,0.07157821953296661,0.016571052372455597,-2.0128870010375977,0.0,0.0,-0.0047828578390181065,0.06009398400783539,0.26480504870414734,-0.6481998562812805,-0.575120747089386,0.10111093521118164,2.3445358276367188,1.006130337715149,1.4115171432495117,-74.66356658935547,-2.690351724624634,5.892494201660156,0.5,10.82785415649414,2.0749099254608154,-6.015869617462158,-9.165498733520508,11.680187225341797,18.655506134033203,2.0,46.180213928222656,0.29744139313697815,0.28977540135383606,0.30357420444488525,0.27291014790534973,0.0,0.30469265580177307,0.30469265580177307,0.30469265580177307,0.2609120309352875,0.0,0.2518838942050934,0.18605221807956696,-8.739882469177246,0.1979946345090866,0.16783671081066132,-13.789292335510254,0.0,0.0,0.0,0.0,0.0,0.0,0.0,0.0,0.0,0.0,0.0,0.0,0.30469274520874023,0.30469274520874023,0.304692804813385,0.2658887207508087,0.2798704206943512,0.40675899386405945,0.06242198869585991,0.8675109148025513,2.613374710083008,-3.986882209777832,-0.14241038262844086,0.0,0.0,0.0,0.0,0.0,0.0,0.0
53687393554,0,-0.19026444852352142,-0.05209502950310707,-0.45134270191192627,6.569455581484362e-05,-0.04113857448101044,-0.8442511558532715,0.2919514775276184,0.17143060266971588,0.25802081823349,0.380662202835083,0.021913019940257072,-0.3929084539413452,0.0729617103934288,0.017520148307085037,-2.01806640625,0.0,0.0,-0.0047828578390181065,0.0997118353843689,0.1773010790348053,-0.6494221091270447,-0.575120747089386,0.10111093521118164,2.3445358276367188,1.0666584968566895,1.0977305173873901,-75.65633392333984,-2.774585247039795,5.986567974090576,0.5,10.925374984741211,2.0749099254608154,-6.015869617462158,-9.165498733520508,11.958711624145508,18.62511444091797,2.0,46.72612380981445,0.29744139313697815,0.28977540135383606,0.30357420444488525,0.27291014790534973,0.0,0.30469265580177307,0.30469265580177307,0.30469265580177307,0.25721099972724915,0.0,0.2518838942050934,0.18605221807956696,-8.739882469177246,0.1994096338748932,0.1375243067741394,-13.81440258026123,0.0,0.0,0.0,0.0,0.0,0.0,0.0,0.0,0.0,0.0,0.0,0.0,0.30469274520874023,0.30469274520874023,0.304692804813385,0.26395919919013977,0.2798704206943512,0.40675899386405945,0.06242198869585991,0.8675109148025513,2.1100029945373535,-4.388477802276611,-0.08218017965555191,0.0,0.0,0.0,0.0,0.0,0.0,0.0
53697628127,0,-0.19026444852352142,-0.05209502950310707,-0.45134270191192627,6.569455581484362e-05,-0.04113857448101044,-0.8442511558532715,0.2919514775276184,0.17143060266971588,0.25802081823349,0.380662202835083,0.021913019940257072,-0.3929084539413452,0.0729617103934288,0.017520148307085037,-2.01806640625,0.0,0.0,-0.0047828578390181065,0.12056869268417358,0.1279338300228119,-0.6511496901512146,-0.5880801677703857,0.09906844049692154,2.3502345085144043,1.0889705419540405,0.9231019020080566,-75.84111022949219,-2.774585247039795,5.986567974090576,0.5,10.925374984741211,2.086230754852295,-6.024930953979492,-9.206290245056152,12.029143333435059,18.501047134399414,2.0,46.945613861083984,0.29744139313697815,0.28977540135383606,0.30357420444488525,0.27137696743011475,0.0,0.30469265580177307,0.30469265580177307,0.30469265580177307,0.25444868206977844,0.0,0.3191872835159302,0.1559252291917801,-9.363792419433594,0.1994096338748932,0.1375243067741394,-13.81440258026123,0.0,0.0,0.0,0.0,0.0,0.0,0.0,0.0,0.0,0.0,0.0,0.0,0.30469274520874023,0.30469274520874023,0.304692804813385,0.26180827617645264,0.2811397612094879,0.40503692626953125,0.06312019377946854,0.8703399300575256,2.064744234085083,-4.531462669372559,-0.12415549159049988,0.0,0.0,0.0,0.0,0.0,0.0,0.0
53710348134,0,-0.19026444852352142,-0.05209502950310707,-0.45134270191192627,6.569455581484362e-05,-0.04113857448101044,-0.8442511558532715,0.2919514775276184,0.17143060266971588,0.25802081823349,0.380662202835083,0.021913019940257072,-0.3929084539413452,0.0729617103934288,0.017520148307085037,-2.01806640625,0.0,0.0,-0.0047828578390181065,0.12056869268417358,0.1279338300228119,-0.6511496901512146,-0.5880801677703857,0.09906844049692154,2.3502345085144043,1.0889705419540405,0.9231019020080566,-75.84111022949219,-2.8213582038879395,6.046017646789551,0.5,10.97921085357666,2.1138622760772705,-6.04677152633667,-9.301878929138184,12.029143333435059,18.501047134399414,2.0,46.945613861083984,0.29744139313697815,0.28977540135383606,0.30357420444488525,0.268310546875,0.0,0.30469265580177307,0.30469265580177307,0.30469265580177307,0.255736768245697,0.0,0.33855897188186646,0.023223726078867912,-9.417622566223145,0.1994096338748932,0.1375243067741394,-13.81440258026123,0.0,0.0,0.0,0.0,0.0,0.0,0.0,0.0,0.0,0.0,0.0,0.0,0.30469274520874023,0.30469274520874023,0.304692804813385,0.25957924127578735,0.2838021516799927,0.39964500069618225,0.0635911375284195,0.8767270445823669,2.064744234085083,-4.531462669372559,-0.12415549159049988,0.0,0.0,0.0,0.0,0.0,0.0,0.0
53718341421,0,-0.18368083238601685,-0.05140222609043121,-0.4460647702217102,6.569455581484362e-05,-0.04113857448101044,-0.8442511558532715,0.3029692769050598,0.15924018621444702,0.26879075169563293,0.3674949109554291,0.02052740566432476,-0.3981863856315613,0.07599690556526184,0.01815410703420639,-2.028372049331665,0.0,0.0,-0.0047828578390181065,0.15661375224590302,0.03088889829814434,-0.6542819738388062,-0.6120195984840393,0.10513799637556076,2.36151385307312,1.1000027656555176,0.4422886371612549,-76.40391540527344,-2.9101030826568604,6.176745891571045,0.5,11.080917358398438,2.1138622760772705,-6.04677152633667,-9.301878929138184,12.243856430053711,18.292348861694336,2.0,47.42204666137695,0.29744139313697815,0.28977540135383606,0.30357420444488525,0.2667773365974426,0.0,0.30469265580177307,0.30469265580177307,0.30469265580177307,0.25173142552375793,0.0,0.3419361114501953,-0.032596655189991,-9.275030136108398,0.20000049471855164,0.08041611313819885,-13.891621589660645,0.0,0.0,0.0,0.0,0.0,0.0,0.0,0.0,0.0,0.0,0.0,0.0,0.30469274520874023,0.30469274520874023,0.304692804813385,0.25752970576286316,0.2838021516799927,0.39964500069618225,0.0635911375284195,0.8767270445823669,1.8343216180801392,-4.889542579650879,-0.13662366569042206,0.0,0.0,0.0,0.0,0.0,0.0,0.0
53727449990,0,-0.180360808968544,-0.05123452469706535,-0.44337305426597595,6.569455581484362e-05,-0.04113857448101044,-0.8442511558532715,0.30993586778640747,0.15211735665798187,0.2687438428401947,0.360854834318161,0.02019200101494789,-0.40087810158729553,0.07754585891962051,0.017720982432365417,-2.0336036682128906,0.0,0.0,-0.0047828578390181065,0.16757585108280182,-0.018336784094572067,-0.6540724635124207,-0.6265414953231812,0.11918192356824875,2.370035409927368,1.0910266637802124,0.26751840114593506,-76.38877868652344,-2.9101030826568604,6.176745891571045,0.5,11.080917358398438,2.128253936767578,-6.058222770690918,-9.349869728088379,12.308572769165039,18.123441696166992,2.0,47.582275390625,0.29744139313697815,0.28977540135383606,0.30204102396965027,0.26524412631988525,0.0,0.30469265580177307,0.30469265580177307,0.30469265580177307,0.24959394335746765,0.0,0.3534401059150696,0.08357314765453339,-9.762774467468262,0.19836848974227905,0.04863971099257469,-13.888869285583496,0.0,0.0,0.0,0.0,0.0,0.0,0.0,0.0,0.0,0.0,0.0,0.0,0.30469274520874023,0.30469274520874023,0.304692804813385,0.2555379271507263,0.28653430938720703,0.3974786698818207,0.06343740969896317,0.880437970161438,1.5655759572982788,-5.141149520874023,-0.06827633827924728,0.0,0.0,0.0,0.0,0.0,0.0,0.0
53738003427,0,-0.180360808968544,-0.05123452469706535,-0.44337305426597595,6.569455581484362e-05,-0.04113857448101044,-0.8442511558532715,0.30993586778640747,0.15211735665798187,0.2687438428401947,0.34749412536621094,0.020452631637454033,-0.40620094537734985,0.07754585891962051,0.017720982432365417,-2.0336036682128906,0.0,0.0,-0.0047828578390181065,0.16757585108280182,-0.018336784094572067,-0.6540724635124207,-0.6265414953231812,0.11918192356824875,2.370035409927368,1.0910266637802124,0.26751840114593506,-76.38877868652344,-2.9401092529296875,6.248825550079346,0.5,11.125496864318848,2.1559081077575684,-6.0807952880859375,-9.439300537109375,12.308572769165039,18.123441696166992,2.0,47.582275390625,0.29744139313697815,0.28977540135383606,0.30204102396965027,0.26371094584465027,0.0,0.30469265580177307,0.30469265580177307,0.30469265580177307,0.2506450414657593,0.0,0.3534401059150696,0.08357314765453339,-9.762774467468262,0.19003033638000488,-0.011581920087337494,-13.852380752563477,0.0,0.0,0.0,0.0,0.0,0.0,0.0,0.0,0.0,0.0,0.0,0.0,0.30469274520874023,0.30469274520874023,0.304692804813385,0.2536085844039917,0.28824305534362793,0.3889886736869812,0.058674391359090805,0.8844428062438965,1.5655759572982788,-5.141149520874023,-0.06827633827924728,0.0,0.0,0.0,0.0,0.0,0.0,0.0
53747764062,0,-0.17368049919605255,-0.05136483907699585,-0.43805021047592163,6.569455581484362e-05,-0.04113857448101044,-0.8442511558532715,0.3214133679866791,0.13768775761127472,0.2633399963378906,0.34749412536621094,0.020452631637454033,-0.40620094537734985,0.08111051470041275,0.015612895600497723,-2.044079542160034,0.0,0.0,-0.0047828578390181065,0.2040414959192276,-0.20043109357357025,-0.6576377749443054,-0.6451306939125061,0.15129399299621582,2.381493091583252,1.0112007856369019,-0.22704990208148956,-75.94482421875,-3.015477180480957,6.4275689125061035,0.5,11.232681274414062,2.1559081077575684,-6.0807952880859375,-9.439300537109375,12.504164695739746,17.385589599609375,2.0,48.0284423828125,0.29744139313697815,0.28977540135383606,0.30357420444488525,0.2621777355670929,0.0,0.30469265580177307,0.30469265580177307,0.30469265580177307,0.24762016534805298,0.0,0.3681298494338989,-0.12479584664106369,-10.343668937683105,0.19003033638000488,-0.011581920087337494,-13.852380752563477,0.0,0.0,0.0,0.0,0.0,0.0,0.0,0.0,0.0,0.0,0.0,0.0,0.30469274520874023,0.30469274520874023,0.304692804813385,0.2519248127937317,0.28824305534362793,0.3889886736869812,0.058674391359090805,0.8844428062438965,1.0781103372573853,-5.809100151062012,-0.11646338552236557,0.0,0.0,0.0,0.0,0.0,0.0,0.0
53757201330,0,-0.16350337862968445,-0.052616607397794724,-0.43051135540008545,6.569455581484362e-05,-0.04113857448101044,-0.8442511558532715,0.3396131098270416,0.11277944594621658,0.22464293241500854,0.32713979482650757,0.022956181317567825,-0.41373980045318604,0.08663113415241241,0.008500559255480766,-2.060235023498535,0.0,0.0,-0.0047828578390181065,0.2040414959192276,-0.20043109357357025,-0.6576377749443054,-0.6581385731697083,0.21316596865653992,2.39578914642334,1.0112007856369019,-0.22704990208148956,-75.94482421875,-3.0444188117980957,6.541454792022705,0.5,11.288640975952148,2.1559081077575684,-6.0807952880859375,-9.439300537109375,12.504164695739746,17.385589599609375,2.0,48.0284423828125,0.29744139313697815,0.28977540135383606,0.30204102396965027,0.2606445252895355,0.0,0.30469265580177307,0.30469265580177307,0.30469265580177307,0.24892668426036835,0.0,0.3681298494338989,-0.12479584664106369,-10.343668937683105,0.16561411321163177,-0.10429012775421143,-13.581273078918457,0.0,0.0,0.0,0.0,0.0,0.0,0.0,0.0,0.0,0.0,0.0,0.0,0.30469274520874023,0.30469274520874023,0.304692804813385,0.25050219893455505,0.28824305534362793,0.3889886736869812,0.058674391359090805,0.8844428062438965,1.0781103372573853,-5.809100151062012,-0.11646338552236557,0.0,0.0,0.0,0.0,0.0,0.0,0.0
53767234447,0,-0.16350337862968445,-0.052616607397794724,-0.43051135540008545,6.569455581484362e-05,-0.04113857448101044,-0.8442511558532715,0.3396131098270416,0.11277944594621658,0.22464293241500854,0.32713979482650757,0.022956181317567825,-0.41373980045318604,0.08663113415241241,0.008500559255480766,-2.060235023498535,0.0,0.0,-0.0047828578390181065,0.20915088057518005,-0.2578945755958557,-0.6575663685798645,-0.6581385731697083,0.21316596865653992,2.39578914642334,0.9642415642738342,-0.39937859773635864,-75.3570327758789,-3.0444188117980957,6.541454792022705,0.5,11.288640975952148,2.187023162841797,-6.107611656188965,-9.536344528198242,12.465154647827148,17.028409957885742,2.0,48.03510665893555,0.29744139313697815,0.28977540135383606,0.30357420444488525,0.2606445252895355,0.0,0.30469265580177307,0.30469265580177307,0.30469265580177307,0.24793948233127594,0.0,0.4013115465641022,-0.0835903212428093,-11.723298072814941,0.16561411321163177,-0.10429012775421143,-13.581273078918457,0.0,0.0,0.0,0.0,0.0,0.0,0.0,0.0,0.0,0.0,0.0,0.0,0.30469274520874023,0.30469274520874023,0.304692804813385,0.24940598011016846,0.2890736758708954,0.37735113501548767,0.0484190471470356,0.8869468569755554,0.853388786315918,-6.053873062133789,-0.061522822827100754,0.0,0.0,0.0,0.0,0.0,0.0,0.0
53777357364,0,-0.16011765599250793,-0.053220201283693314,-0.4282878339290619,6.569455581484362e-05,-0.04113857448101044,-0.8442511558532715,0.34432560205459595,0.10406544804573059,0.2067672461271286,0.32036831974983215,0.024163374677300453,-0.4159633219242096,0.08869441598653793,0.005276284646242857,-2.065626859664917,0.0,0.0,-0.0047828578390181065,0.2175689935684204,-0.3217029869556427,-0.6570825576782227,-0.6626607179641724,0.24393396079540253,2.40147066116333,0.9108776450157166,-0.5735957026481628,-74.6969985961914,-3.0937554836273193,6.75044059753418,0.5,11.385702133178711,2.200578212738037,-6.119978904724121,-9.577763557434082,12.44198226928711,16.656354904174805,2.0,48.084495544433594,0.29744139313697815,0.28977540135383606,0.30357420444488525,0.25757813453674316,0.0,0.30469265580177307,0.30469265580177307,0.30469265580177307,0.24902623891830444,0.0,0.4200213849544525,-0.22201496362686157,-11.913732528686523,0.15451793372631073,-0.13284412026405334,-13.46130657196045,0.0,0.0,0.0,0.0,0.0,0.0,0.0,0.0,0.0,0.0,0.0,0.0,0.30469274520874023,0.30469274520874023,0.304692804813385,0.24869190156459808,0.2883985638618469,0.37093493342399597,0.042416010051965714,0.8872776031494141,0.8358511328697205,-6.054767608642578,-0.012987056747078896,0.0,0.0,0.0,0.0,0.0,0.0,0.0
53787268721,0,-0.16011765599250793,-0.053220201283693314,-0.4282878339290619,6.569455581484362e-05,-0.04113857448101044,-0.8442511558532715,0.34432560205459595,0.10406544804573059,0.2067672461271286,0.32036831974983215,0.024163374677300453,-0.4159633219242096,0.08869441598653793,0.005276284646242857,-2.065626859664917,0.0,0.0,-0.0047828578390181065,0.2175689935684204,-0.3217029869556427,-0.6570825576782227,-0.6626607179641724,0.24393396079540253,2.40147066116333,0.9108776450157166,-0.5735957026481628,-74.6969985961914,-3.0937554836273193,6.75044059753418,0.5,11.385702133178711,2.2307839393615723,-6.149050235748291,-9.668251037597656,12.44198226928711,16.656354904174805,2.0,48.084495544433594,0.29744139313697815,0.28977540135383606,0.30357420444488525,0.25757813453674316,0.0,0.30469265580177307,0.30469265580177307,0.30469265580177307,0.24902623891830444,0.0,0.32688388228416443,-0.2756214439868927,-11.470481872558594,0.15451793372631073,-0.13284412026405334,-13.46130657196045,0.0,0.0,0.0,0.0,0.0,0.0,0.0,0.0,0.0,0.0,0.0,0.0,0.30469274520874023,0.30469274520874023,0.304692804813385,0.2483522742986679,0.28775057196617126,0.35639286041259766,0.04114978387951851,0.8881577849388123,0.8358511328697205,-6.054767608642578,-0.012987056747078896,0.0,0.0,0.0,0.0,0.0,0.0,0.0
53797528609,0,-0.15330244600772858,-0.05473751202225685,-0.4242909550666809,6.569455581484362e-05,-0.04113857448101044,-0.8442511558532715,0.3538911044597626,0.08685117959976196,0.17619624733924866,0.30673784017562866,0.027198011055588722,-0.4199602007865906,0.09265440702438354,-0.0027241441421210766,-2.076625108718872,0.0,0.0,-0.0047828578390181065,0.22317995131015778,-0.5005595684051514,-0.6574087142944336,-0.6653014421463013,0.3162870705127716,2.4129388332366943,0.7888141870498657,-0.8915943503379822,-73.478271484375,-3.1291136741638184,6.968351364135742,0.5,11.485334396362305,2.2307839393615723,-6.149050235748291,-9.668251037597656,12.364300727844238,15.427560806274414,2.0,48.115081787109375,0.29744139313697815,0.28977540135383606,0.30204102396965027,0.2560449242591858,0.0,0.30469265580177307,0.30469265580177307,0.30469265580177307,0.24970145523548126,0.0,0.32688388228416443,-0.2756214439868927,-11.470481872558594,0.13150888681411743,-0.19123393297195435,-13.269071578979492,0.0,0.0,0.0,0.0,0.0,0.0,0.0,0.0,0.0,0.0,0.0,0.0,0.30469274520874023,0.30469274520874023,0.304692804813385,0.24834075570106506,0.28775057196617126,0.35639286041259766,0.04114978387951851,0.8881577849388123,0.15400820970535278,-5.962600231170654,-0.0049117086455225945,0.0,0.0,0.0,0.0,0.0,0.0,0.0
53807161393,0,-0.15330244600772858,-0.05473751202225685,-0.4242909550666809,6.569455581484362e-05,-0.04113857448101044,-0.8442511558532715,0.3538911044597626,0.08685117959976196,0.17619624733924866,0.29313555359840393,0.030742479488253593,-0.4234636425971985,0.09265440702438354,-0.0027241441421210766,-2.076625108718872,0.0,0.0,-0.0047828578390181065,0.22317995131015778,-0.5005595684051514,-0.6574087142944336,-0.6597495675086975,0.4254556894302368,2.427189826965332,0.6500399112701416,-1.2030583620071411,-72.53286743164062,-3.1398186683654785,7.110448360443115,0.5,11.540366172790527,2.263939380645752,-6.183987617492676,-9.76609992980957,12.364300727844238,15.427560806274414,2.0,48.115081787109375,0.29744139313697815,0.28977540135383606,0.30357420444488525,0.2545117139816284,0.0,0.30469265580177307,0.30469265580177307,0.30469265580177307,0.2496749460697174,0.0,0.32688388228416443,-0.2756214439868927,-11.470481872558594,0.10489533841609955,-0.24681033194065094,-13.11856460571289,0.0,0.0,0.0,0.0,0.0,0.0,0.0,0.0,0.0,0.0,0.0,0.0,0.30469274520874023,0.30469274520874023,0.304692804813385,0.2485537976026535,0.28985562920570374,0.3437268137931824,0.04114978387951851,0.8902038931846619,0.15400820970535278,-5.962600231170654,-0.0049117086455225945,0.0,0.0,0.0,0.0,0.0,0.0,0.0
53817231312,0,-0.1465013474225998,-0.05650973692536354,-0.420787513256073,6.569455581484362e-05,-0.04113857448101044,-0.8442511558532715,0.36107248067855835,0.06951259076595306,0.15059718489646912,0.2864120304584503,0.0327187106013298,-0.4250611662864685,0.09663709998130798,-0.012602830305695534,-2.0877838134765625,0.0,0.0,-0.0047828578390181065,0.22135227918624878,-0.55345618724823,-0.6562244296073914,-0.6550343632698059,0.47383564710617065,2.432892084121704,0.6500399112701416,-1.2030583620071411,-72.53286743164062,-3.1398186683654785,7.110448360443115,0.5,11.540366172790527,2.263939380645752,-6.183987617492676,-9.76609992980957,12.364300727844238,15.427560806274414,2.0,48.115081787109375,0.29744139313697815,0.28977540135383606,0.30357420444488525,0.25297850370407104,0.0,0.30469265580177307,0.30469265580177307,0.30469265580177307,0.2496749460697174,0.0,0.2564474046230316,-0.37272337079048157,-11.1979398727417,0.09115705639123917,-0.27420949935913086,-13.072020530700684,0.0,0.0,0.0,0.0,0.0,0.0,0.0,0.0,0.0,0.0,0.0,0.0,0.30469274520874023,0.30469274520874023,0.304692804813385,0.24886669218540192,0.28985562920570374,0.3437268137931824,0.04114978387951851,0.8902038931846619,-0.004148880485445261,-5.920320987701416,0.054474472999572754,0.0,0.0,0.0,0.0,0.0,0.0,0.0
53827086401,0,-0.14313960075378418,-0.05749784782528877,-0.419189989566803,6.569455581484362e-05,-0.04113857448101044,-0.8442511558532715,0.3641655445098877,0.06111959367990494,0.1416694074869156,0.2864120304584503,0.0327187106013298,-0.4250611662864685,0.0985853374004364,-0.018102828413248062,-2.093376636505127,0.0,0.0,-0.0047828578390181065,0.21790264546871185,-0.6107377409934998,-0.6561891436576843,-0.6550343632698059,0.47383564710617065,2.432892084121704,0.5013638138771057,-1.5081522464752197,-71.89611053466797,-3.15433669090271,7.347198009490967,0.5,11.63877010345459,2.295058012008667,-6.220103740692139,-9.85732364654541,12.545825958251953,14.854928016662598,2.0,48.30141067504883,0.29744139313697815,0.28977540135383606,0.30204102396965027,0.25144532322883606,0.0,0.30469265580177307,0.30469265580177307,0.30469265580177307,0.24979491531848907,0.0,0.1885768324136734,-0.4207246005535126,-10.906363487243652,0.09115705639123917,-0.27420949935913086,-13.072020530700684,0.0,0.0,0.0,0.0,0.0,0.0,0.0,0.0,0.0,0.0,0.0,0.0,0.30469274520874023,0.30469274520874023,0.304692804813385,0.24917525053024292,0.2912120521068573,0.338262677192688,0.04114978387951851,0.8915247917175293,-0.1674785614013672,-5.683058738708496,0.023342132568359375,0.0,0.0,0.0,0.0,0.0,0.0,0.0
53837297142,0,-0.14313960075378418,-0.05749784782528877,-0.419189989566803,6.569455581484362e-05,-0.04113857448101044,-0.8442511558532715,0.3641655445098877,0.06111959367990494,0.1416694074869156,0.2864120304584503,0.0327187106013298,-0.4250611662864685,0.0985853374004364,-0.018102828413248062,-2.093376636505127,0.0,0.0,-0.0047828578390181065,0.21790264546871185,-0.6107377409934998,-0.6561891436576843,-0.6550343632698059,0.47383564710617065,2.432892084121704,0.5013638138771057,-1.5081522464752197,-71.89611053466797,-3.15433669090271,7.347198009490967,0.5,11.63877010345459,2.31180477142334,-6.241013526916504,-9.906607627868652,12.545825958251953,14.854928016662598,2.0,48.30141067504883,0.29744139313697815,0.28977540135383606,0.30357420444488525,0.25144532322883606,0.0,0.30469265580177307,0.30469265580177307,0.30469265580177307,0.24979491531848907,0.0,0.1885768324136734,-0.4207246005535126,-10.906363487243652,0.09115705639123917,-0.27420949935913086,-13.072020530700684,0.0,0.0,0.0,0.0,0.0,0.0,0.0,0.0,0.0,0.0,0.0,0.0,0.30469274520874023,0.30469274520874023,0.304692804813385,0.24943579733371735,0.2958340048789978,0.3268670439720154,0.04114978387951851,0.8941214680671692,-0.1674785614013672,-5.683058738708496,0.023342132568359375,0.0,0.0,0.0,0.0,0.0,0.0,0.0
53847081962,0,-0.1365927904844284,-0.05964022874832153,-0.4162296652793884,6.569455581484362e-05,-0.04113857448101044,-0.8442511558532715,0.3693830668926239,0.04453810304403305,0.1253206431865692,0.273318350315094,0.037003494799137115,-0.42802149057388306,0.10218756645917892,-0.030116718262434006,-2.104728937149048,0.0,0.0,-0.0047828578390181065,0.19959786534309387,-0.7105782628059387,-0.656196653842926,-0.6396527290344238,0.5767650008201599,2.444150924682617,0.34270891547203064,-1.7977526187896729,-71.41905212402344,-3.144160270690918,7.610876083374023,0.5,11.748058319091797,2.31180477142334,-6.241013526916504,-9.906607627868652,12.856527328491211,14.327548027038574,2.0,48.53779983520508,0.29744139313697815,0.28977540135383606,0.30357420444488525,0.2499121129512787,0.0,0.30469265580177307,0.30469265580177307,0.30469265580177307,0.25009387731552124,0.0,0.07170232385396957,-0.5065805315971375,-10.547632217407227,0.06231071427464485,-0.3268641233444214,-12.985282897949219,0.0,0.0,0.0,0.0,0.0,0.0,0.0,0.0,0.0,0.0,0.0,0.0,0.30469274520874023,0.30469274520874023,0.304692804813385,0.2496439814567566,0.2958340048789978,0.3268670439720154,0.04114978387951851,0.8941214680671692,-0.6929159164428711,-4.94462251663208,0.02030506357550621,0.0,0.0,0.0,0.0,0.0,0.0,0.0
53858934663,0,-0.13001415133476257,-0.06198190152645111,-0.4134615957736969,6.569455581484362e-05,-0.04113857448101044,-0.8442511558532715,0.37396439909935,0.029532022774219513,0.11912654340267181,0.26016101241111755,0.04168686270713806,-0.4307895600795746,0.10570477694272995,-0.043479010462760925,-2.1161751747131348,0.0,0.0,-0.0047828578390181065,0.19043667614459991,-0.7486245036125183,-0.6549419164657593,-0.6240865588188171,0.6594293713569641,2.452512264251709,0.34270891547203064,-1.7977526187896729,-71.41905212402344,-3.144160270690918,7.610876083374023,0.5,11.748058319091797,2.3285717964172363,-6.26304817199707,-9.956199645996094,13.034967422485352,14.15859317779541,2.0,48.67292404174805,0.29744139313697815,0.28977540135383606,0.30357420444488525,0.2483789026737213,0.0,0.30469265580177307,0.30469265580177307,0.30469265580177307,0.2493848204612732,0.0,-0.0460449643433094,-0.5157919526100159,-10.187273979187012,0.03437499329447746,-0.3794856071472168,-12.968646049499512,0.0,0.0,0.0,0.0,0.0,0.0,0.0,0.0,0.0,0.0,0.0,0.0,0.30469274520874023,0.30469274520874023,0.304692804813385,0.24978289008140564,0.2994705140590668,0.3233186900615692,0.04114978387951851,0.8963662385940552,-0.8387235999107361,-4.628637790679932,0.07012952119112015,0.0,0.0,0.0,0.0,0.0,0.0,0.0
53867938763,0,-0.13001415133476257,-0.06198190152645111,-0.4134615957736969,6.569455581484362e-05,-0.04113857448101044,-0.8442511558532715,0.37396439909935,0.029532022774219513,0.11912654340267181,0.26016101241111755,0.04168686270713806,-0.4307895600795746,0.10570477694272995,-0.043479010462760925,-2.1161751747131348,0.0,0.0,-0.0047828578390181065,0.19043667614459991,-0.7486245036125183,-0.6549419164657593,-0.6240865588188171,0.6594293713569641,2.452512264251709,0.26399925351142883,-1.939441204071045,-71.31997680664062,-3.1370139122009277,7.7205095291137695,0.5,11.792936325073242,2.3591561317443848,-6.3064069747924805,-10.0,13.034967422485352,14.15859317779541,2.0,48.67292404174805,0.29744139313697815,0.28977540135383606,0.30204102396965027,0.2483789026737213,0.0,0.30469265580177307,0.30469265580177307,0.30469265580177307,0.24994704127311707,0.0,-0.0460449643433094,-0.5157919526100159,-10.187273979187012,0.03437499329447746,-0.3794856071472168,-12.968646049499512,0.0,0.0,0.0,0.0,0.0,0.0,0.0,0.0,0.0,0.0,0.0,0.0,0.30469274520874023,0.30469274520874023,0.304692804813385,0.24983640015125275,0.30822303891181946,0.31680119037628174,0.04114978387951851,0.9010730385780334,-0.8387235999107361,-4.628637790679932,0.07012952119112015,0.0,0.0,0.0,0.0,0.0,0.0,0.0
53877342991,0,-0.12351436167955399,-0.06434448063373566,-0.41073793172836304,6.569455581484362e-05,-0.04113857448101044,-0.8442511558532715,0.3764253854751587,0.016333533450961113,0.11797279864549637,0.24716134369373322,0.046412043273448944,-0.43351322412490845,0.10868937522172928,-0.05768583342432976,-2.1276955604553223,0.0,0.0,-0.0047828578390181065,0.15907493233680725,-0.8235400319099426,-0.6530731320381165,-0.5973055958747864,0.7733989357948303,2.4635443687438965,0.11994634568691254,-2.220508575439453,-71.32003021240234,-3.1067399978637695,7.948149681091309,0.5,11.836723327636719,2.3730616569519043,-6.327629089355469,-10.0,13.446813583374023,13.845771789550781,2.0,48.964439392089844,0.29744139313697815,0.28977540135383606,0.30357420444488525,0.2483789026737213,0.0,0.30469265580177307,0.30469265580177307,0.30469265580177307,0.24840959906578064,0.0,-0.30045464634895325,-0.6087994575500488,-9.579819679260254,0.006858144886791706,-0.4271470010280609,-12.981070518493652,0.0,0.0,0.0,0.0,0.0,0.0,0.0,0.0,0.0,0.0,0.0,0.0,0.30469274520874023,0.30469274520874023,0.304692804813385,0.24978627264499664,0.30822303891181946,0.31680119037628174,0.04114978387951851,0.9010730385780334,-1.352300763130188,-3.770214319229126,0.07397789508104324,0.0,0.0,0.0,0.0,0.0,0.0,0.0
53887506164,0,-0.11708705127239227,-0.0668015405535698,-0.40797314047813416,6.569455581484362e-05,-0.04113857448101044,-0.8442511558532715,0.37893036007881165,0.0042967055924236774,0.12246427685022354,0.23430666327476501,0.05132618919014931,-0.43627801537513733,0.1112636923789978,-0.07259536534547806,-2.1392734050750732,0.0,0.0,-0.0047828578390181065,0.15907493233680725,-0.8235400319099426,-0.6530731320381165,-0.5645974278450012,0.8909125328063965,2.4744138717651367,0.11994634568691254,-2.220508575439453,-71.32003021240234,-3.1067399978637695,7.948149681091309,0.5,11.836723327636719,2.3890380859375,-6.353291988372803,-10.0,13.446813583374023,13.845771789550781,2.0,48.964439392089844,0.29744139313697815,0.28977540135383606,0.30357420444488525,0.2483789026737213,0.0,0.30469265580177307,0.30469265580177307,0.30469265580177307,0.24840959906578064,0.0,-0.30045464634895325,-0.6087994575500488,-9.579819679260254,-0.019790958613157272,-0.47469159960746765,-13.02623462677002,0.0,0.0,0.0,0.0,0.0,0.0,0.0,0.0,0.0,0.0,0.0,0.0,0.30469274520874023,0.30469274520874023,0.304692804813385,0.2495785355567932,0.31648218631744385,0.3123818337917328,0.04114978387951851,0.9048828482627869,-1.352300763130188,-3.770214319229126,0.07397789508104324,0.0,0.0,0.0,0.0,0.0,0.0,0.0
53897370992,0,-0.11708705127239227,-0.0668015405535698,-0.40797314047813416,6.569455581484362e-05,-0.04113857448101044,-0.8442511558532715,0.37893036007881165,0.0042967055924236774,0.12246427685022354,0.23430666327476501,0.05132618919014931,-0.43627801537513733,0.1112636923789978,-0.07259536534547806,-2.1392734050750732,0.0,0.0,-0.0047828578390181065,0.12467218935489655,-0.8745927810668945,-0.6510617136955261,-0.5371025204658508,0.9797803163528442,2.482506036758423,-0.10885027050971985,-2.6108038425445557,-71.644287109375,-3.0570387840270996,8.185018539428711,0.5,11.845083236694336,2.4047112464904785,-6.379899024963379,-10.0,13.967041015625,13.617009162902832,2.0,49.28173828125,0.29744139313697815,0.28977540135383606,0.30357420444488525,0.2483789026737213,0.0,0.30469265580177307,0.30469265580177307,0.30469265580177307,0.24577228724956512,0.0,-0.4207947850227356,-0.6137093305587769,-9.555506706237793,-0.019790958613157272,-0.47469159960746765,-13.02623462677002,0.0,0.0,0.0,0.0,0.0,0.0,0.0,0.0,0.0,0.0,0.0,0.0,0.30469274520874023,0.30469274520874023,0.304692804813385,0.2491389960050583,0.3210175335407257,0.3107128441333771,0.04114978387951851,0.9072904586791992,-1.659530520439148,-2.898026704788208,0.10458914190530777,0.0,0.0,0.0,0.0,0.0,0.0,0.0
53907334737,0,-0.11390774697065353,-0.06800051033496857,-0.40655848383903503,6.569455581484362e-05,-0.04113857448101044,-0.8442511558532715,0.3792998790740967,-0.0015353765338659286,0.12619470059871674,0.22794802486896515,0.05372413992881775,-0.43769267201423645,0.112409308552742,-0.0802382379770279,-2.1451635360717773,0.0,0.0,-0.0047828578390181065,0.12467218935489655,-0.8745927810668945,-0.6510617136955261,-0.5371025204658508,0.9797803163528442,2.482506036758423,-0.10885027050971985,-2.6108038425445557,-71.644287109375,-3.0570387840270996,8.185018539428711,0.5,11.845083236694336,2.4047112464904785,-6.379899024963379,-10.0,13.967041015625,13.617009162902832,2.0,49.28173828125,0.29590821266174316,0.28977540135383606,0.30357420444488525,0.2483789026737213,0.0,0.30469265580177307,0.30469265580177307,0.30469265580177307,0.24577228724956512,0.0,-0.43887561559677124,-0.6756300926208496,-9.428862571716309,-0.03394467011094093,-0.49688711762428284,-13.056968688964844,0.0,0.0,0.0,0.0,0.0,0.0,0.0,0.0,0.0,0.0,0.0,0.0,0.30469274520874023,0.30469274520874023,0.304692804813385,0.2484232485294342,0.3210175335407257,0.3107128441333771,0.04114978387951851,0.9072904586791992,-1.659530520439148,-2.898026704788208,0.10458914190530777,0.0,0.0,0.0,0.0,0.0,0.0,0.0
53917510549,0,-0.11390774697065353,-0.06800051033496857,-0.40655848383903503,6.569455581484362e-05,-0.04113857448101044,-0.8442511558532715,0.3792998790740967,-0.0015353765338659286,0.12619470059871674,0.22794802486896515,0.05372413992881775,-0.43769267201423645,0.112409308552742,-0.0802382379770279,-2.1451635360717773,0.0,0.0,-0.0047828578390181065,0.10864125937223434,-0.8907601237297058,-0.6503608822822571,-0.5371025204658508,0.9797803163528442,2.482506036758423,-0.18669568002223969,-2.732879161834717,-71.81332397460938,-3.03554630279541,8.278438568115234,0.5,11.848706245422363,2.4328651428222656,-6.43168306350708,-10.0,14.203598022460938,13.555469512939453,2.0,49.44747543334961,0.29744139313697815,0.28977540135383606,0.30357420444488525,0.2483789026737213,0.0,0.30469265580177307,0.30469265580177307,0.30469265580177307,0.24468769133090973,0.0,-0.43887561559677124,-0.6756300926208496,-9.428862571716309,-0.03394467011094093,-0.49688711762428284,-13.056968688964844,0.0,0.0,0.0,0.0,0.0,0.0,0.0,0.0,0.0,0.0,0.0,0.0,0.30469274520874023,0.30469274520874023,0.304692804813385,0.24753202497959137,0.33117732405662537,0.30772656202316284,0.04114978387951851,0.911784291267395,-1.7121129035949707,-2.412569522857666,0.09438954293727875,0.0,0.0,0.0,0.0,0.0,0.0,0.0
53927409879,0,-0.10770879685878754,-0.07031095027923584,-0.40365535020828247,6.569455581484362e-05,-0.04113857448101044,-0.8442511558532715,0.3807392716407776,-0.010561111383140087,0.1298922747373581,0.21555005013942719,0.058345042169094086,-0.440595805644989,0.1141953319311142,-0.09560851007699966,-2.1567931175231934,0.0,0.0,-0.0047828578390181065,0.06259356439113617,-0.9166456460952759,-0.6493204236030579,-0.4942554533481598,1.0979655981063843,2.4932360649108887,-0.3100340962409973,-2.9574174880981445,-71.97423553466797,-2.972858190536499,8.469461441040039,0.5,11.856239318847656,2.4328651428222656,-6.43168306350708,-10.0,14.641571998596191,13.385539054870605,2.0,49.680763244628906,0.29744139313697815,0.28977540135383606,0.30357420444488525,0.2483789026737213,0.0,0.30469265580177307,0.30469265580177307,0.30469265580177307,0.24294324219226837,0.0,-0.7117937803268433,-0.768846333026886,-9.687901496887207,-0.0563698373734951,-0.5377122759819031,-13.086224555969238,0.0,0.0,0.0,0.0,0.0,0.0,0.0,0.0,0.0,0.0,0.0,0.0,0.30469274520874023,0.30469274520874023,0.304692804813385,0.24653840065002441,0.33117732405662537,0.30772656202316284,0.04114978387951851,0.911784291267395,-2.1051878929138184,-1.4934319257736206,0.06778683513402939,0.0,0.0,0.0,0.0,0.0,0.0,0.0
53937446738,0,-0.098560631275177,-0.0735037624835968,-0.3993127644062042,6.569455581484362e-05,-0.04113857448101044,-0.8442511558532715,0.3814638555049896,-0.0217728354036808,0.12669697403907776,0.19725362956523895,0.0647306963801384,-0.44493839144706726,0.11579848825931549,-0.11863763630390167,-2.1742470264434814,0.0,0.0,-0.0047828578390181065,0.039184022694826126,-0.9217061996459961,-0.6481761932373047,-0.4942554533481598,1.0979655981063843,2.4932360649108887,-0.3700348138809204,-3.0591325759887695,-71.94879913330078,-2.929016590118408,8.58541202545166,0.5,11.861095428466797,2.4328651428222656,-6.43168306350708,-10.0,14.889692306518555,13.265085220336914,2.0,49.78672790527344,0.29744139313697815,0.28977540135383606,0.30357420444488525,0.2483789026737213,0.0,0.30469265580177307,0.30469265580177307,0.30469265580177307,0.2422197163105011,0.0,-0.7117937803268433,-0.768846333026886,-9.687901496887207,-0.08427318185567856,-0.5899853706359863,-13.064229011535645,0.0,0.0,0.0,0.0,0.0,0.0,0.0,0.0,0.0,0.0,0.0,0.0,0.30469274520874023,0.30469274520874023,0.304692804813385,0.24543343484401703,0.33117732405662537,0.30772656202316284,0.04114978387951851,0.911784291267395,-2.1652047634124756,-0.9970191717147827,0.08644517511129379,0.0,0.0,0.0,0.0,0.0,0.0,0.0
53947147710,0,-0.098560631275177,-0.0735037624835968,-0.3993127644062042,6.569455581484362e-05,-0.04113857448101044,-0.8442511558532715,0.3814638555049896,-0.0217728354036808,0.12669697403907776,0.1912243664264679,0.0666409507393837,-0.4463704228401184,0.11579848825931549,-0.11863763630390167,-2.1742470264434814,0.0,0.0,-0.0047828578390181065,0.01751452311873436,-0.9218759536743164,-0.6469314098358154,-0.43517786264419556,1.2408682107925415,2.5063228607177734,-0.41965755820274353,-3.154165267944336,-71.90570831298828,-2.929016590118408,8.58541202545166,0.5,11.861095428466797,2.461489200592041,-6.4908647537231445,-10.0,15.045146942138672,13.178446769714355,2.0,49.83347702026367,0.29744139313697815,0.28977540135383606,0.30357420444488525,0.2483789026737213,0.0,0.30469265580177307,0.30469265580177307,0.30469265580177307,0.24165621399879456,0.0,-0.9604435563087463,-0.8178519010543823,-9.894216537475586,-0.09196445345878601,-0.6049153804779053,-13.059305191040039,0.0,0.0,0.0,0.0,0.0,0.0,0.0,0.0,0.0,0.0,0.0,0.0,0.30469274520874023,0.30469274520874023,0.304692804813385,0.24430438876152039,0.33784791827201843,0.30405959486961365,0.04114978387951851,0.9137806296348572,-2.271641731262207,-0.5653442144393921,0.10759586095809937,0.0,0.0,0.0,0.0,0.0,0.0,0.0
53958524221,0,-0.09554601460695267,-0.07445888221263885,-0.3978807330131531,6.569455581484362e-05,-0.04113857448101044,-0.8442511558532715,0.38112449645996094,-0.02467929571866989,0.12567000091075897,0.1912243664264679,0.0666409507393837,-0.4463704228401184,0.11606282740831375,-0.1260659247636795,-2.1800520420074463,0.0,0.0,-0.0047828578390181065,-0.007463679648935795,-0.9154288172721863,-0.6467589139938354,-0.41036203503608704,1.2955313920974731,2.5115482807159424,-0.4635024964809418,-3.244919538497925,-71.85325622558594,-2.8565518856048584,8.736597061157227,0.5,11.86814022064209,2.4860644340515137,-6.548244476318359,-10.0,15.220906257629395,13.116890907287598,2.0,49.88396072387695,0.29590821266174316,0.28977540135383606,0.30357420444488525,0.2483789026737213,0.0,0.30469265580177307,0.30469265580177307,0.30469265580177307,0.24122242629528046,0.0,-1.045658826828003,-0.8688997030258179,-9.884834289550781,-0.09196445345878601,-0.6049153804779053,-13.059305191040039,0.0,0.0,0.0,0.0,0.0,0.0,0.0,0.0,0.0,0.0,0.0,0.0,0.30469274520874023,0.30469274520874023,0.304692804813385,0.24326643347740173,0.34113258123397827,0.3028509020805359,0.04114978387951851,0.9145366549491882,-2.3161203861236572,0.02134321816265583,0.059028513729572296,0.0,0.0,0.0,0.0,0.0,0.0,0.0
53969123018,0,-0.09554601460695267,-0.07445888221263885,-0.3978807330131531,6.569455581484362e-05,-0.04113857448101044,-0.8442511558532715,0.38112449645996094,-0.02467929571866989,0.12567000091075897,0.1912243664264679,0.0666409507393837,-0.4463704228401184,0.11606282740831375,-0.1260659247636795,-2.1800520420074463,0.0,0.0,-0.0047828578390181065,-0.007463679648935795,-0.9154288172721863,-0.6467589139938354,-0.41036203503608704,1.2955313920974731,2.5115482807159424,-0.4635024964809418,-3.244919538497925,-71.85325622558594,-2.8565518856048584,8.736597061157227,0.5,11.86814022064209,2.496783971786499,-6.575540065765381,-10.0,15.220906257629395,13.116890907287598,2.0,49.88396072387695,0.29744139313697815,0.28977540135383606,0.30357420444488525,0.24531249701976776,0.0,0.30469265580177307,0.30469265580177307,0.30469265580177307,0.24122242629528046,0.0,-1.045658826828003,-0.8688997030258179,-9.884834289550781,-0.09196445345878601,-0.6049153804779053,-13.059305191040039,0.0,0.0,0.0,0.0,0.0,0.0,0.0,0.0,0.0,0.0,0.0,0.0,0.30469274520874023,0.30469274520874023,0.304692804813385,0.24239878356456757,0.3484615981578827,0.3007503151893616,0.04114978387951851,0.9162562489509583,-2.3161203861236572,0.02134321816265583,0.059028513729572296,0.0,0.0,0.0,0.0,0.0,0.0,0.0
53978656110,0,-0.0895538255572319,-0.07630064338445663,-0.3950078785419464,6.569455581484362e-05,-0.04113857448101044,-0.8442511558532715,0.38118383288383484,-0.029655883088707924,0.130899116396904,0.1792399287223816,0.07032448798418045,-0.4492432773113251,0.11619286984205246,-0.1405230313539505,-2.1916306018829346,0.0,0.0,-0.0047828578390181065,-0.05129918456077576,-0.890108048915863,-0.6467856168746948,-0.3588149845600128,1.4004173278808594,2.5219569206237793,-0.544234037399292,-3.4151246547698975,-71.87226104736328,-2.8565518856048584,8.736597061157227,0.5,11.86814022064209,2.496783971786499,-6.575540065765381,-10.0,15.545089721679688,13.032023429870605,2.0,49.97766876220703,0.29590821266174316,0.28977540135383606,0.30357420444488525,0.24531249701976776,0.0,0.30469265580177307,0.30469265580177307,0.30469265580177307,0.24010950326919556,0.0,-1.189378261566162,-0.8544818162918091,-9.266910552978516,-0.10614664107561111,-0.6360263824462891,-13.10619068145752,0.0,0.0,0.0,0.0,0.0,0.0,0.0,0.0,0.0,0.0,0.0,0.0,0.30469274520874023,0.30469274520874023,0.304692804813385,0.24170364439487457,0.3484615981578827,0.3007503151893616,0.04114978387951851,0.9162562489509583,-2.2598958015441895,0.9452306032180786,0.023097015917301178,0.0,0.0,0.0,0.0,0.0,0.0,0.0
53987093069,0,-0.0895538255572319,-0.07630064338445663,-0.3950078785419464,6.569455581484362e-05,-0.04113857448101044,-0.8442511558532715,0.38118383288383484,-0.029655883088707924,0.130899116396904,0.1792399287223816,0.07032448798418045,-0.4492432773113251,0.11619286984205246,-0.1405230313539505,-2.1916306018829346,0.0,0.0,-0.0047828578390181065,-0.07793424278497696,-0.8730989694595337,-0.6466435194015503,-0.2881583571434021,1.5205379724502563,2.535005569458008,-0.6118694543838501,-3.5772342681884766,-72.25508117675781,-2.727283000946045,8.952186584472656,0.5,11.882102966308594,2.5200035572052,-6.640955448150635,-10.0,15.874459266662598,13.088665962219238,2.0,50.119117736816406,0.29744139313697815,0.28977540135383606,0.30357420444488525,0.24377930164337158,0.0,0.30469265580177307,0.30469265580177307,0.30469265580177307,0.23904430866241455,0.0,-1.189378261566162,-0.8544818162918091,-9.266910552978516,-0.10614664107561111,-0.6360263824462891,-13.10619068145752,0.0,0.0,0.0,0.0,0.0,0.0,0.0,0.0,0.0,0.0,0.0,0.0,0.30469274520874023,0.30469274520874023,0.304692804813385,0.24106982350349426,0.3564228415489197,0.3017117381095886,0.04114978387951851,0.9181808829307556,-2.4026832580566406,1.2736436128616333,0.019924042746424675,0.0,0.0,0.0,0.0,0.0,0.0,0.0
53997228140,0,-0.08357655256986618,-0.0779213011264801,-0.39203235507011414,6.569455581484362e-05,-0.04113857448101044,-0.8442511558532715,0.38181599974632263,-0.032264817506074905,0.1337597519159317,0.16728532314300537,0.07356581836938858,-0.45221880078315735,0.11543328315019608,-0.15442858636379242,-2.203197956085205,0.0,0.0,-0.0047828578390181065,-0.07793424278497696,-0.8730989694595337,-0.6466435194015503,-0.2596417963504791,1.563668131828308,2.5402655601501465,-0.6118694543838501,-3.5772342681884766,-72.25508117675781,-2.727283000946045,8.952186584472656,0.5,11.882102966308594,2.5200035572052,-6.640955448150635,-10.0,15.874459266662598,13.088665962219238,2.0,50.119117736816406,0.29744139313697815,0.28977540135383606,0.30357420444488525,0.24377930164337158,0.0,0.30469265580177307,0.30469265580177307,0.30469265580177307,0.23904430866241455,0.0,-1.4662147760391235,-0.8983718156814575,-9.719860076904297,-0.11367997527122498,-0.6632664203643799,-13.135763168334961,0.0,0.0,0.0,0.0,0.0,0.0,0.0,0.0,0.0,0.0,0.0,0.0,0.30469274520874023,0.30469274520874023,0.304692804813385,0.2404334843158722,0.3564228415489197,0.3017117381095886,0.04114978387951851,0.9181808829307556,-2.4026832580566406,1.2736436128616333,0.019924042746424675,0.0,0.0,0.0,0.0,0.0,0.0,0.0
54007037181,0,-0.08057698607444763,-0.07866573333740234,-0.3905540406703949,6.569455581484362e-05,-0.04113857448101044,-0.8442511558532715,0.3816344439983368,-0.03366789221763611,0.13097234070301056,0.1612861603498459,0.07505469024181366,-0.4536971151828766,0.11480212211608887,-0.16086889803409576,-2.2088816165924072,0.0,0.0,-0.0047828578390181065,-0.13826416432857513,-0.8226378560066223,-0.6477982997894287,-0.2596417963504791,1.563668131828308,2.5402655601501465,-0.6377029418945312,-3.711357831954956,-72.15714263916016,-2.6275665760040283,9.048419952392578,0.5,11.89148235321045,2.538928985595703,-6.703524589538574,-10.0,16.1822566986084,13.10311222076416,2.0,50.06924057006836,0.29744139313697815,0.28977540135383606,0.30357420444488525,0.2422460913658142,0.0,0.30469265580177307,0.30469265580177307,0.30469265580177307,0.23870956897735596,0.0,-1.5454944372177124,-0.9414942860603333,-10.029338836669922,-0.11594599485397339,-0.6747923493385315,-13.11948013305664,0.0,0.0,0.0,0.0,0.0,0.0,0.0,0.0,0.0,0.0,0.0,0.0,0.30469274520874023,0.30469274520874023,0.304692804813385,0.23984874784946442,0.35981810092926025,0.3024947941303253,0.04114978387951851,0.9179949760437012,-2.7197515964508057,2.20076847076416,-0.0434328131377697,0.0,0.0,0.0,0.0,0.0,0.0,0.0
54017438182,0,-0.08057698607444763,-0.07866573333740234,-0.3905540406703949,6.569455581484362e-05,-0.04113857448101044,-0.8442511558532715,0.3816344439983368,-0.03366789221763611,0.13097234070301056,0.14923498034477234,0.07711663842201233,-0.45652639865875244,0.11480212211608887,-0.16086889803409576,-2.2088816165924072,0.0,0.0,-0.0047828578390181065,-0.13826416432857513,-0.8226378560066223,-0.6477982997894287,-0.2596417963504791,1.563668131828308,2.5402655601501465,-0.6377029418945312,-3.711357831954956,-72.15714263916016,-2.6275665760040283,9.048419952392578,0.5,11.89148235321045,2.538928985595703,-6.703524589538574,-10.0,16.1822566986084,13.10311222076416,2.0,50.06924057006836,0.29590821266174316,0.28977540135383606,0.30357420444488525,0.2422460913658142,0.0,0.30469265580177307,0.30469265580177307,0.30469265580177307,0.23870956897735596,0.0,-1.736434817314148,-0.9077520370483398,-10.006834983825684,-0.11337052285671234,-0.6936098337173462,-13.073126792907715,0.0,0.0,0.0,0.0,0.0,0.0,0.0,0.0,0.0,0.0,0.0,0.0,0.30469274520874023,0.30469274520874023,0.304692804813385,0.23936641216278076,0.3611254394054413,0.3004108667373657,0.04114978387951851,0.9161567687988281,-2.7197515964508057,2.20076847076416,-0.0434328131377697,0.0,0.0,0.0,0.0,0.0,0.0,0.0
54027493134,0,-0.07455142587423325,-0.07969669997692108,-0.38772475719451904,6.569455581484362e-05,-0.04113857448101044,-0.8442511558532715,0.3814123570919037,-0.03459169343113899,0.12232450395822525,0.14923498034477234,0.07711663842201233,-0.45652639865875244,0.11309624463319778,-0.17298737168312073,-2.2202377319335938,0.0,0.0,-0.0047828578390181065,-0.18836861848831177,-0.7555220723152161,-0.6473657488822937,-0.20169560611248016,1.641902208328247,2.550753593444824,-0.6235378980636597,-3.814854145050049,-71.9021987915039,-2.524160146713257,9.131632804870605,0.5,11.900476455688477,2.5467731952667236,-6.7328314781188965,-10.0,16.365007400512695,13.028851509094238,2.0,49.9000129699707,0.29590821266174316,0.28977540135383606,0.30357420444488525,0.2422460913658142,0.0,0.30469265580177307,0.30469265580177307,0.30469265580177307,0.23887857794761658,0.0,-1.736434817314148,-0.9077520370483398,-10.006834983825684,-0.11337052285671234,-0.6936098337173462,-13.073126792907715,0.0,0.0,0.0,0.0,0.0,0.0,0.0,0.0,0.0,0.0,0.0,0.0,0.30469274520874023,0.30469274520874023,0.304692804813385,0.23901580274105072,0.36307278275489807,0.30046504735946655,0.04114978387951851,0.9152863621711731,-2.5676372051239014,3.123765707015991,0.007742397487163544,0.0,0.0,0.0,0.0,0.0,0.0,0.0
54037403687,0,-0.06845583766698837,-0.08018899708986282,-0.38502371311187744,6.569455581484362e-05,-0.04113857448101044,-0.8442511558532715,0.38139092922210693,-0.0346917025744915,0.11781080067157745,0.13704374432563782,0.07810123264789581,-0.45922744274139404,0.11086028814315796,-0.18376509845256805,-2.2313640117645264,0.0,0.0,-0.0047828578390181065,-0.21157553791999817,-0.7143042683601379,-0.6468475461006165,-0.15899664163589478,1.6929117441177368,2.5586235523223877,-0.6021011471748352,-3.864959716796875,-71.84258270263672,-2.4821741580963135,9.15416145324707,0.5,11.903860092163086,2.556412696838379,-6.772385597229004,-10.0,16.451433181762695,13.046191215515137,2.0,49.85220718383789,0.29744139313697815,0.28977540135383606,0.30357420444488525,0.24071289598941803,0.0,0.30469265580177307,0.30469265580177307,0.30469265580177307,0.2386658489704132,0.0,-1.7619463205337524,-0.9011593461036682,-9.908048629760742,-0.10675216466188431,-0.7108627557754517,-13.066566467285156,0.0,0.0,0.0,0.0,0.0,0.0,0.0,0.0,0.0,0.0,0.0,0.0,0.30469274520874023,0.30469274520874023,0.304692804813385,0.23880043625831604,0.3647901713848114,0.30083736777305603,0.04114978387951851,0.9145577549934387,-2.3875205516815186,3.51870059967041,0.024330824613571167,0.0,0.0,0.0,0.0,0.0,0.0,0.0
54048081471,0,-0.06845583766698837,-0.08018899708986282,-0.38502371311187744,6.569455581484362e-05,-0.04113857448101044,-0.8442511558532715,0.38139092922210693,-0.0346917025744915,0.11781080067157745,0.12495394796133041,0.07826302200555801,-0.46190759539604187,0.11086028814315796,-0.18376509845256805,-2.2313640117645264,0.0,0.0,-0.0047828578390181065,-0.21157553791999817,-0.7143042683601379,-0.6468475461006165,-0.15899664163589478,1.6929117441177368,2.5586235523223877,-0.6021011471748352,-3.864959716796875,-71.84258270263672,-2.4821741580963135,9.15416145324707,0.5,11.903860092163086,2.556412696838379,-6.772385597229004,-10.0,16.451433181762695,13.046191215515137,2.0,49.85220718383789,0.29590821266174316,0.28977540135383606,0.30357420444488525,0.23917968571186066,0.0,0.30469265580177307,0.30469265580177307,0.30469265580177307,0.2386658489704132,0.0,-1.7619463205337524,-0.9011593461036682,-9.908048629760742,-0.09842496365308762,-0.723831295967102,-13.114612579345703,0.0,0.0,0.0,0.0,0.0,0.0,0.0,0.0,0.0,0.0,0.0,0.0,0.30469274520874023,0.30469274520874023,0.304692804813385,0.23867948353290558,0.3647901713848114,0.30083736777305603,0.04114978387951851,0.9145577549934387,-2.3875205516815186,3.51870059967041,0.024330824613571167,0.0,0.0,0.0,0.0,0.0,0.0,0.0
54057130923,0,-0.06241096556186676,-0.08026988804340363,-0.3823435604572296,6.569455581484362e-05,-0.04113857448101044,-0.8442511558532715,0.3803621530532837,-0.03326231986284256,0.11989456415176392,0.12495394796133041,0.07826302200555801,-0.46190759539604187,0.10786020010709763,-0.19311650097370148,-2.2422449588775635,0.0,0.0,-0.0047828578390181065,-0.25803378224372864,-0.6324583888053894,-0.6471517086029053,-0.1012672483921051,1.749407410621643,2.569171190261841,-0.6021011471748352,-3.864959716796875,-71.84258270263672,-2.4821741580963135,9.15416145324707,0.5,11.903860092163086,2.568950891494751,-6.831844329833984,-10.0,16.714277267456055,13.215442657470703,2.0,49.810916900634766,0.29590821266174316,0.28977540135383606,0.30357420444488525,0.23917968571186066,0.0,0.30469265580177307,0.30469265580177307,0.30469265580177307,0.23886743187904358,0.0,-1.7804802656173706,-0.9289977550506592,-9.464969635009766,-0.09842496365308762,-0.723831295967102,-13.114612579345703,0.0,0.0,0.0,0.0,0.0,0.0,0.0,0.0,0.0,0.0,0.0,0.0,0.30469274520874023,0.30469274520874023,0.304692804813385,0.23862674832344055,0.36961472034454346,0.30369970202445984,0.04114978387951851,0.9142560362815857,-2.4411749839782715,4.005286693572998,0.001745358924381435,0.0,0.0,0.0,0.0,0.0,0.0,0.0
54067777523,0,-0.06241096556186676,-0.08026988804340363,-0.3823435604572296,6.569455581484362e-05,-0.04113857448101044,-0.8442511558532715,0.3803621530532837,-0.03326231986284256,0.11989456415176392,0.12495394796133041,0.07826302200555801,-0.46190759539604187,0.10786020010709763,-0.19311650097370148,-2.2422449588775635,0.0,0.0,-0.0047828578390181065,-0.2882358431816101,-0.5851662158966064,-0.6471251249313354,-0.1012672483921051,1.749407410621643,2.569171190261841,-0.5105981826782227,-4.010764122009277,-72.14344787597656,-2.3199169635772705,9.206964492797852,0.5,11.918265342712402,2.5804708003997803,-6.9018778800964355,-10.0,16.887632369995117,13.335870742797852,2.0,49.758018493652344,0.29590821266174316,0.28977540135383606,0.30357420444488525,0.23764649033546448,0.0,0.30469265580177307,0.30469265580177307,0.30469265580177307,0.2377149611711502,0.0,-1.7804802656173706,-0.9289977550506592,-9.464969635009766,-0.09842496365308762,-0.723831295967102,-13.114612579345703,0.0,0.0,0.0,0.0,0.0,0.0,0.0,0.0,0.0,0.0,0.0,0.0,0.30469274520874023,0.30469274520874023,0.304692804813385,0.23858273029327393,0.37448835372924805,0.30741867423057556,0.04114978387951851,0.9118810892105103,-2.6458590030670166,4.256235599517822,0.0031264249701052904,0.0,0.0,0.0,0.0,0.0,0.0,0.0
54077872289,0,-0.05637938156723976,-0.08014409989118576,-0.379706472158432,6.569455581484362e-05,-0.04113857448101044,-0.8442511558532715,0.3794386684894562,-0.031942158937454224,0.11482035368680954,0.11289072036743164,0.07801143825054169,-0.4645446836948395,0.10399088263511658,-0.2008884996175766,-2.253026247024536,0.0,0.0,-0.0047828578390181065,-0.3122708797454834,-0.5403931736946106,-0.6472419500350952,-0.00019444384088274091,1.8132414817810059,2.5883049964904785,-0.5105981826782227,-4.010764122009277,-72.14344787597656,-2.3199169635772705,9.206964492797852,0.5,11.918265342712402,2.584880828857422,-6.936901569366455,-10.0,16.887632369995117,13.335870742797852,2.0,49.758018493652344,0.29590821266174316,0.28977540135383606,0.30357420444488525,0.23764649033546448,0.0,0.30469265580177307,0.30469265580177307,0.30469265580177307,0.2377149611711502,0.0,-1.958702564239502,-0.9125560522079468,-9.94961929321289,-0.08476586639881134,-0.7337108254432678,-13.109908103942871,0.0,0.0,0.0,0.0,0.0,0.0,0.0,0.0,0.0,0.0,0.0,0.0,0.30469274520874023,0.30469274520874023,0.304692804813385,0.23845410346984863,0.37448835372924805,0.30741867423057556,0.04114978387951851,0.9118810892105103,-2.6514065265655518,4.571272373199463,-0.004784190095961094,0.0,0.0,0.0,0.0,0.0,0.0,0.0
54087093071,0,-0.05336454138159752,-0.07998216152191162,-0.378435879945755,6.569455581484362e-05,-0.04113857448101044,-0.8442511558532715,0.37876951694488525,-0.03068586438894272,0.1101212352514267,0.10686101019382477,0.07768756151199341,-0.4658152759075165,0.10182835161685944,-0.20411229133605957,-2.258364677429199,0.0,0.0,-0.0047828578390181065,-0.3355754315853119,-0.4936102032661438,-0.6481579542160034,-0.00019444384088274091,1.8132414817810059,2.5883049964904785,-0.4137592315673828,-4.050917148590088,-72.01859283447266,-2.2238199710845947,9.200345993041992,0.5,11.927838325500488,2.584880828857422,-6.936901569366455,-10.0,16.967538833618164,13.450879096984863,2.0,49.49394607543945,0.29590821266174316,0.28977540135383606,0.30357420444488525,0.23764649033546448,0.0,0.30469265580177307,0.30469265580177307,0.30469265580177307,0.23821723461151123,0.0,-2.0435683727264404,-0.9311906695365906,-10.082192420959473,-0.07522895187139511,-0.7365303635597229,-13.094289779663086,0.0,0.0,0.0,0.0,0.0,0.0,0.0,0.0,0.0,0.0,0.0,0.0,0.30469274520874023,0.30469274520874023,0.304692804813385,0.2382776141166687,0.37512683868408203,0.30878931283950806,0.04114978387951851,0.9098371863365173,-2.6236326694488525,4.840616226196289,-0.04907988756895065,0.0,0.0,0.0,0.0,0.0,0.0,0.0
54097045565,0,-0.05336454138159752,-0.07998216152191162,-0.378435879945755,6.569455581484362e-05,-0.04113857448101044,-0.8442511558532715,0.37876951694488525,-0.03068586438894272,0.1101212352514267,0.10686101019382477,0.07768756151199341,-0.4658152759075165,0.10182835161685944,-0.20411229133605957,-2.258364677429199,0.0,0.0,-0.0047828578390181065,-0.3355754315853119,-0.4936102032661438,-0.6481579542160034,-0.00019444384088274091,1.8132414817810059,2.5883049964904785,-0.4137592315673828,-4.050917148590088,-72.01859283447266,-2.2238199710845947,9.200345993041992,0.5,11.927838325500488,2.5907185077667236,-7.001664161682129,-10.0,16.967538833618164,13.450879096984863,2.0,49.49394607543945,0.29590821266174316,0.28977540135383606,0.30357420444488525,0.23764649033546448,0.0,0.30469265580177307,0.30469265580177307,0.30469265580177307,0.23821723461151123,0.0,-2.0435683727264404,-0.9311906695365906,-10.082192420959473,-0.07522895187139511,-0.7365303635597229,-13.094289779663086,0.0,0.0,0.0,0.0,0.0,0.0,0.0,0.0,0.0,0.0,0.0,0.0,0.30469274520874023,0.30469274520874023,0.304692804813385,0.2381565272808075,0.37628063559532166,0.31140705943107605,0.04114978387951851,0.90557861328125,-2.6236326694488525,4.840616226196289,-0.04907988756895065,0.0,0.0,0.0,0.0,0.0,0.0,0.0
54107076413,0,-0.047326426953077316,-0.07931994646787643,-0.3760574758052826,6.569455581484362e-05,-0.04113857448101044,-0.8442511558532715,0.3773535490036011,-0.028191156685352325,0.09780623018741608,0.09478472173213959,0.07636312395334244,-0.4681936800479889,0.09714460372924805,-0.20928555727005005,-2.268890142440796,0.0,0.0,-0.0047828578390181065,-0.4055284261703491,-0.32004114985466003,-0.6492037773132324,0.05511624366044998,1.8299729824066162,2.5995473861694336,-0.20648391544818878,-4.069485187530518,-71.47557830810547,-2.0705795288085938,9.142391204833984,0.5,11.943209648132324,2.5907185077667236,-7.001664161682129,-10.0,16.99321937561035,13.677458763122559,2.0,49.016624450683594,0.29744139313697815,0.28977540135383606,0.30357420444488525,0.23764649033546448,0.0,0.30469265580177307,0.30469265580177307,0.30469265580177307,0.239256352186203,0.0,-2.1503586769104004,-0.9075084924697876,-10.379578590393066,-0.05229680985212326,-0.7400444149971008,-13.045917510986328,0.0,0.0,0.0,0.0,0.0,0.0,0.0,0.0,0.0,0.0,0.0,0.0,0.30469274520874023,0.30469274520874023,0.304692804813385,0.23815611004829407,0.37628063559532166,0.31140705943107605,0.04114978387951851,0.90557861328125,-2.244920253753662,5.525273323059082,-0.025114908814430237,0.0,0.0,0.0,0.0,0.0,0.0,0.0
54117183611,0,-0.037973955273628235,-0.07727069407701492,-0.3731706142425537,6.569455581484362e-05,-0.04113857448101044,-0.8442511558532715,0.3748793303966522,-0.02303434908390045,0.0655546486377716,0.07607968151569366,0.07226460427045822,-0.4710805416107178,0.08872940391302109,-0.21338915824890137,-2.284280776977539,0.0,0.0,-0.0047828578390181065,-0.4055284261703491,-0.32004114985466003,-0.6492037773132324,0.12041185796260834,1.8271585702896118,2.6138625144958496,-0.20648391544818878,-4.069485187530518,-71.47557830810547,-2.0705795288085938,9.142391204833984,0.5,11.943209648132324,2.5936121940612793,-7.070688247680664,-10.0,16.99321937561035,13.677458763122559,2.0,49.016624450683594,0.29590821266174316,0.28977540135383606,0.30357420444488525,0.23764649033546448,0.0,0.30469265580177307,0.30469265580177307,0.30469265580177307,0.239256352186203,0.0,-2.1503586769104004,-0.9075084924697876,-10.379578590393066,-0.0016300994902849197,-0.7366918921470642,-12.88912582397461,0.0,0.0,0.0,0.0,0.0,0.0,0.0,0.0,0.0,0.0,0.0,0.0,0.30469274520874023,0.30469274520874023,0.304692804813385,0.23831096291542053,0.37628063559532166,0.31140705943107605,0.04114978387951851,0.90557861328125,-2.244920253753662,5.525273323059082,-0.025114908814430237,0.0,0.0,0.0,0.0,0.0,0.0,0.0
54127451559,0,-0.037973955273628235,-0.07727069407701492,-0.3731706142425537,6.569455581484362e-05,-0.04113857448101044,-0.8442511558532715,0.3748793303966522,-0.02303434908390045,0.0655546486377716,0.07607968151569366,0.07226460427045822,-0.4710805416107178,0.08872940391302109,-0.21338915824890137,-2.284280776977539,0.0,0.0,-0.0047828578390181065,-0.427944540977478,-0.25653067231178284,-0.6494227051734924,0.12041185796260834,1.8271585702896118,2.6138625144958496,-0.11323405802249908,-4.06171989440918,-71.17196655273438,-2.0705795288085938,9.142391204833984,0.5,11.943209648132324,2.5936121940612793,-7.070688247680664,-10.0,16.929792404174805,13.73387336730957,2.0,48.80476379394531,0.29590821266174316,0.28977540135383606,0.30357420444488525,0.23764649033546448,0.0,0.30469265580177307,0.30469265580177307,0.30469265580177307,0.23967786133289337,0.0,-2.2457163333892822,-0.9296846985816956,-10.807778358459473,-0.0016300994902849197,-0.7366918921470642,-12.88912582397461,0.0,0.0,0.0,0.0,0.0,0.0,0.0,0.0,0.0,0.0,0.0,0.0,0.30469274520874023,0.30469274520874023,0.304692804813385,0.23858098685741425,0.3743930757045746,0.3132224380970001,0.04114978387951851,0.8998068571090698,-2.2013912200927734,5.783681392669678,-0.025309843942523003,0.0,0.0,0.0,0.0,0.0,0.0,0.0
54137061189,0,-0.034825634211301804,-0.07640234380960464,-0.37241318821907043,6.569455581484362e-05,-0.04113857448101044,-0.8442511558532715,0.3740348815917969,-0.02130049467086792,0.05490681156516075,0.06978300958871841,0.07052788883447647,-0.47183796763420105,0.08565380424261093,-0.21377967298030853,-2.2892136573791504,0.0,0.0,-0.0047828578390181065,-0.4468420147895813,-0.20148295164108276,-0.6496280431747437,0.14524191617965698,1.8191343545913696,2.6195998191833496,-0.008965547196567059,-4.05180549621582,-70.89019012451172,-1.9800300598144531,9.070566177368164,0.5,11.95217514038086,2.593756914138794,-7.099612236022949,-10.0,16.867141723632812,13.788446426391602,2.0,48.60595703125,0.29590821266174316,0.28977540135383606,0.30357420444488525,0.23764649033546448,0.0,0.30469265580177307,0.30469265580177307,0.30469265580177307,0.24017727375030518,0.0,-2.200927257537842,-0.9064569473266602,-10.805734634399414,0.01704813912510872,-0.7348019480705261,-12.841357231140137,0.0,0.0,0.0,0.0,0.0,0.0,0.0,0.0,0.0,0.0,0.0,0.0,0.30469274520874023,0.30469274520874023,0.304692804813385,0.23891979455947876,0.3733174502849579,0.31428495049476624,0.04114978387951851,0.8968629837036133,-2.154522657394409,5.928307056427002,-0.02545020915567875,0.0,0.0,0.0,0.0,0.0,0.0,0.0
54147316122,0,-0.034825634211301804,-0.07640234380960464,-0.37241318821907043,6.569455581484362e-05,-0.04113857448101044,-0.8442511558532715,0.3740348815917969,-0.02130049467086792,0.05490681156516075,0.06978300958871841,0.07052788883447647,-0.47183796763420105,0.08565380424261093,-0.21377967298030853,-2.2892136573791504,0.0,0.0,-0.0047828578390181065,-0.4468420147895813,-0.20148295164108276,-0.6496280431747437,0.14524191617965698,1.8191343545913696,2.6195998191833496,-0.008965547196567059,-4.05180549621582,-70.89019012451172,-1.9800300598144531,9.070566177368164,0.5,11.95217514038086,2.5918290615081787,-7.161416530609131,-10.0,16.867141723632812,13.788446426391602,2.0,48.60595703125,0.29590821266174316,0.28977540135383606,0.30357420444488525,0.23764649033546448,0.0,0.30469265580177307,0.30469265580177307,0.30469265580177307,0.24017727375030518,0.0,-2.200927257537842,-0.9064569473266602,-10.805734634399414,0.01704813912510872,-0.7348019480705261,-12.841357231140137,0.0,0.0,0.0,0.0,0.0,0.0,0.0,0.0,0.0,0.0,0.0,0.0,0.30469274520874023,0.30469274520874023,0.304692804813385,0.23929545283317566,0.3707345426082611,0.31745874881744385,0.04114978387951851,0.890286386013031,-2.154522657394409,5.928307056427002,-0.02545020915567875,0.0,0.0,0.0,0.0,0.0,0.0,0.0
54158218917,0,-0.028417451307177544,-0.0744263082742691,-0.3712292015552521,6.569455581484362e-05,-0.04113857448101044,-0.8442511558532715,0.37217143177986145,-0.016501542180776596,0.033577848225831985,0.05696657672524452,0.0665758028626442,-0.4730219542980194,0.0790681317448616,-0.21309931576251984,-2.2990572452545166,0.0,0.0,-0.0047828578390181065,-0.49779975414276123,-0.016061972826719284,-0.6512887477874756,0.1926862597465515,1.791125774383545,2.6313705444335938,0.4393240809440613,-3.993115186691284,-69.9960708618164,-1.849806785583496,8.917987823486328,0.5,11.969181060791016,2.5918290615081787,-7.161416530609131,-10.0,16.59316635131836,14.01340103149414,2.0,47.924049377441406,0.29590821266174316,0.28977540135383606,0.30357420444488525,0.23764649033546448,0.0,0.30469265580177307,0.30469265580177307,0.30469265580177307,0.24110013246536255,0.0,-2.180906057357788,-0.8112316727638245,-10.66093635559082,0.058941006660461426,-0.7281196713447571,-12.75069522857666,0.0,0.0,0.0,0.0,0.0,0.0,0.0,0.0,0.0,0.0,0.0,0.0,0.30469274520874023,0.30469274520874023,0.304692804813385,0.23968550562858582,0.3707345426082611,0.31745874881744385,0.04114978387951851,0.890286386013031,-1.6577386856079102,6.146796226501465,-0.048371970653533936,0.0,0.0,0.0,0.0,0.0,0.0,0.0
54167479880,0,-0.028417451307177544,-0.0744263082742691,-0.3712292015552521,6.569455581484362e-05,-0.04113857448101044,-0.8442511558532715,0.37217143177986145,-0.016501542180776596,0.033577848225831985,0.05696657672524452,0.0665758028626442,-0.4730219542980194,0.0790681317448616,-0.21309931576251984,-2.2990572452545166,0.0,0.0,-0.0047828578390181065,-0.49779975414276123,-0.016061972826719284,-0.6512887477874756,0.24508872628211975,1.735589861869812,2.646362066268921,0.4393240809440613,-3.993115186691284,-69.9960708618164,-1.849806785583496,8.917987823486328,0.5,11.969181060791016,2.586503267288208,-7.2257914543151855,-10.0,16.59316635131836,14.01340103149414,2.0,47.924049377441406,0.29590821266174316,0.28977540135383606,0.30357420444488525,0.23764649033546448,0.0,0.30469265580177307,0.30469265580177307,0.30469265580177307,0.24110013246536255,0.0,-2.180906057357788,-0.8112316727638245,-10.66093635559082,0.058941006660461426,-0.7281196713447571,-12.75069522857666,0.0,0.0,0.0,0.0,0.0,0.0,0.0,0.0,0.0,0.0,0.0,0.0,0.30469274520874023,0.30469274520874023,0.304692804813385,0.24009579420089722,0.3679277300834656,0.32125964760780334,0.04114978387951851,0.8847433924674988,-1.6577386856079102,6.146796226501465,-0.048371970653533936,0.0,0.0,0.0,0.0,0.0,0.0,0.0
54177213553,0,-0.02195795439183712,-0.07224839180707932,-0.3703729808330536,6.569455581484362e-05,-0.04113857448101044,-0.8442511558532715,0.370673805475235,-0.01239293348044157,0.018472541123628616,0.0440475158393383,0.06221994757652283,-0.4738781750202179,0.0721968337893486,-0.21047848463058472,-2.3087661266326904,0.0,0.0,-0.0047828578390181065,-0.5070645809173584,0.028819791972637177,-0.6517171263694763,0.24508872628211975,1.735589861869812,2.646362066268921,0.4393240809440613,-3.993115186691284,-69.9960708618164,-1.829399824142456,8.884407043457031,0.5,11.971817016601562,2.586503267288208,-7.2257914543151855,-10.0,16.57132339477539,14.100751876831055,2.0,47.83791732788086,0.29590821266174316,0.28977540135383606,0.30357420444488525,0.23764649033546448,0.0,0.30469265580177307,0.30469265580177307,0.30469265580177307,0.2416045069694519,0.0,-2.180906057357788,-0.8112316727638245,-10.66093635559082,0.1005304753780365,-0.7228888273239136,-12.705499649047852,0.0,0.0,0.0,0.0,0.0,0.0,0.0,0.0,0.0,0.0,0.0,0.0,0.30469274520874023,0.30469274520874023,0.304692804813385,0.24050618708133698,0.3679277300834656,0.32125964760780334,0.04114978387951851,0.8847433924674988,-1.4983006715774536,6.082244873046875,-0.051775503903627396,0.0,0.0,0.0,0.0,0.0,0.0,0.0
54187481802,0,-0.018674105405807495,-0.0710933655500412,-0.3700363337993622,-0.018674105405807495,-0.0710933655500412,-1.0700362920761108,0.3695141077041626,-0.010294984094798565,0.011868500150740147,0.0,0.0,0.0,0.06865262985229492,-0.20856218039989471,-2.313601493835449,0.0,0.0,-2.313601493835449,-0.5200561881065369,0.09928500652313232,-0.6518692374229431,-0.5243068337440491,1.646760106086731,-0.0054468633607029915,0.0,0.0,0.0,-2.5298426151275635,8.707857131958008,-0.4182863235473633,10.904314994812012,2.583373785018921,-7.2524824142456055,-10.0,20.941238403320312,2.0,2.0,7.115051746368408,0.29590821266174316,0.28977540135383606,0.30357420444488525,0.23764649033546448,0.0,0.30469265580177307,0.30469265580177307,0.30469265580177307,0.30469265580177307,0.0,-2.029024839401245,-0.736142635345459,-10.327591896057129,0.0,0.0,0.0,0.0,0.0,0.0,0.0,0.0,0.0,0.0,0.0,0.0,0.0,0.0,0.0,0.30469274520874023,0.30469274520874023,0.304692804813385,0.24379780888557434,0.36693498492240906,0.3228972852230072,0.04114978387951851,0.882605254650116,-1.284624695777893,5.971097946166992,-0.036282990127801895,0.0,0.0,0.0,0.0,0.0,0.0,0.0
54211482574,0,-0.018674105405807495,-0.0710933655500412,-0.3700363337993622,-0.018674105405807495,-0.0710933655500412,-1.0700362920761108,0.3695141077041626,-0.010294984094798565,0.011868500150740147,0.0,0.0,0.0,0.06865262985229492,-0.20856218039989471,-2.313601493835449,0.0,0.0,-2.313601493835449,-0.5307081341743469,0.15149548649787903,-0.6523177623748779,-0.5243068337440491,1.646760106086731,-0.0054468633607029915,0.0,0.0,0.0,-2.5298426151275635,8.707857131958008,-0.4182863235473633,10.904314994812012,2.583373785018921,-7.2524824142456055,-10.0,20.941238403320312,2.0,2.0,7.115051746368408,0.29590821266174316,0.28977540135383606,0.30357420444488525,0.23764649033546448,0.0,0.30469265580177307,0.30469265580177307,0.30469265580177307,0.30469265580177307,0.0,-1.8840301036834717,-0.6144033074378967,-10.222501754760742,0.0,0.0,0.0,0.0,0.0,0.0,0.0,0.0,0.0,0.0,0.0,0.0,0.0,0.0,0.0,0.30469274520874023,0.30469274520874023,0.304692804813385,0.25374308228492737,0.36693498492240906,0.3228972852230072,0.04114978387951851,0.882605254650116,-1.2403539419174194,5.897233486175537,-0.045162349939346313,0.0,0.0,0.0,0.0,0.0,0.0,0.0
54211500802,0,-0.01203824020922184,-0.06869500130414963,-0.3695574700832367,-0.01203824020922184,-0.06869500130414963,-1.0695574283599854,0.3679967522621155,-0.006603235844522715,-0.0014901774702593684,0.0,0.0,0.0,0.06122498959302902,-0.20343206822872162,-2.323194980621338,0.0,0.0,-2.323194980621338,-0.5402199625968933,0.21023039519786835,-0.6528449058532715,-0.46601781249046326,1.6027536392211914,-0.004358293488621712,0.0,0.0,0.0,-2.5298426151275635,8.707857131958008,-0.4182863235473633,10.904314994812012,2.575059652328491,-7.313154220581055,-10.0,20.941238403320312,2.0,2.0,7.115051746368408,0.29590821266174316,0.28977540135383606,0.30357420444488525,0.23764649033546448,0.0,0.30469265580177307,0.30469265580177307,0.30469265580177307,0.30469265580177307,0.0,-1.8840301036834717,-0.6144033074378967,-10.222501754760742,0.0,0.0,0.0,0.0,0.0,0.0,0.0,0.0,0.0,0.0,0.0,0.0,0.0,0.0,0.0,0.30469274520874023,0.30469274520874023,0.304692804813385,0.268035888671875,0.4600958824157715,0.04114978387951851,0.06616358458995819,0.1660652905702591,-1.0731157064437866,5.742021083831787,-0.050784818828105927,0.0,0.0,0.0,0.0,0.0,0.0,0.0
54218109362,0,-0.005247057881206274,-0.06622263789176941,-0.3692690134048462,-0.005247057881206274,-0.06622263789176941,-1.0692689418792725,0.3663105070590973,-0.0034054419957101345,-0.010126019828021526,0.0,0.0,0.0,0.053646933287382126,-0.1968214213848114,-2.3327484130859375,0.0,0.0,-2.3327484130859375,-0.5480916500091553,0.2641647458076477,-0.6536878943443298,-0.4204025864601135,1.562720775604248,-0.000617068842984736,0.0,0.0,0.0,-2.4327986240386963,8.594647407531738,-0.4874744415283203,10.977934837341309,2.5708506107330322,-7.342432498931885,-10.0,22.72258949279785,2.0,2.765394687652588,5.001687049865723,0.29590821266174316,0.28977540135383606,0.30357420444488525,0.23917968571186066,0.0,0.30469265580177307,0.30469265580177307,0.30469265580177307,0.30469265580177307,0.0,-1.82203209400177,-0.5701647400856018,-10.103468894958496,0.0,0.0,0.0,0.0,0.0,0.0,0.0,0.0,0.0,0.0,0.0,0.0,0.0,0.0,0.0,0.30469274520874023,0.30469274520874023,0.304692804813385,0.28182944655418396,0.47622767090797424,0.04114978387951851,0.08670447766780853,0.14413020014762878,-0.9177679419517517,5.439924716949463,-0.06572737544775009,0.0,0.0,0.0,0.0,0.0,0.0,0.0
54228080233,0,-0.005247057881206274,-0.06622263789176941,-0.3692690134048462,-0.005247057881206274,-0.06622263789176941,-1.0692689418792725,0.3663105070590973,-0.0034054419957101345,-0.010126019828021526,0.0,0.0,0.0,0.053646933287382126,-0.1968214213848114,-2.3327484130859375,0.0,0.0,-2.3327484130859375,-0.5480916500091553,0.2641647458076477,-0.6536878943443298,-0.4204025864601135,1.562720775604248,-0.000617068842984736,0.0,0.0,0.0,-2.4327986240386963,8.594647407531738,-0.4874744415283203,10.977934837341309,2.563004970550537,-7.394357204437256,-10.0,22.72258949279785,2.0,2.765394687652588,5.001687049865723,0.29590821266174316,0.28977540135383606,0.30357420444488525,0.2422460913658142,0.0,0.30469265580177307,0.30469265580177307,0.30469265580177307,0.30469265580177307,0.0,-1.82203209400177,-0.5701647400856018,-10.103468894958496,0.0,0.0,0.0,0.0,0.0,0.0,0.0,0.0,0.0,0.0,0.0,0.0,0.0,0.0,0.0,0.30469274520874023,0.30469274520874023,0.304692804813385,0.2928321659564972,0.4845550060272217,0.04114978387951851,0.09913463145494461,0.1265122890472412,-0.9177679419517517,5.439924716949463,-0.06572737544775009,0.0,0.0,0.0,0.0,0.0,0.0,0.0
54238712606,0,0.001583849429152906,-0.06370139867067337,-0.36912795901298523,0.001583849429152906,-0.06370139867067337,-1.0691279172897339,0.3640404939651489,-0.0001924200914800167,-0.01675071008503437,0.0,0.0,0.0,0.04610678553581238,-0.18878011405467987,-2.3422529697418213,0.0,0.0,-2.3422529697418213,-0.5532827973365784,0.3573680520057678,-0.6554767489433289,-0.3614887297153473,1.499000906944275,0.0004995864583179355,0.0,0.0,0.0,-2.365802526473999,8.494607925415039,-0.5,10.992696762084961,2.563004970550537,-7.394357204437256,-10.0,22.96124267578125,2.0,3.182469367980957,4.240304946899414,0.29590821266174316,0.28977540135383606,0.30357420444488525,0.24684570729732513,0.0,0.30469265580177307,0.30469265580177307,0.30469265580177307,0.30469265580177307,0.0,-1.72708261013031,-0.5177091956138611,-10.017684936523438,0.0,0.0,0.0,0.0,0.0,0.0,0.0,0.0,0.0,0.0,0.0,0.0,0.0,0.0,0.0,0.30469274520874023,0.30469274520874023,0.304692804813385,0.3004320561885834,0.4845550060272217,0.04114978387951851,0.09913463145494461,0.1265122890472412,-0.41758623719215393,4.9266862869262695,-0.07140989601612091,0.0,0.0,0.0,0.0,0.0,0.0,0.0
54247486143,0,0.008527761325240135,-0.061195727437734604,-0.3690730333328247,0.008527761325240135,-0.061195727437734604,-1.069072961807251,0.3615606725215912,0.0019491537241265178,-0.02037973329424858,0.0,0.0,0.0,0.03857721760869026,-0.17979227006435394,-2.3518030643463135,0.0,0.0,-2.3518030643463135,-0.5532827973365784,0.3573680520057678,-0.6554767489433289,-0.3614887297153473,1.499000906944275,0.0004995864583179355,0.0,0.0,0.0,-2.3216745853424072,8.43037223815918,-0.5,10.990955352783203,2.555103063583374,-7.443739414215088,-10.0,22.96124267578125,2.0,3.182469367980957,4.240304946899414,0.29590821266174316,0.28977540135383606,0.30357420444488525,0.2545117139816284,0.0,0.30469265580177307,0.30469265580177307,0.30469265580177307,0.30469265580177307,0.0,-1.72708261013031,-0.5177091956138611,-10.017684936523438,0.0,0.0,0.0,0.0,0.0,0.0,0.0,0.0,0.0,0.0,0.0,0.0,0.0,0.0,0.0,0.30469274520874023,0.30469274520874023,0.304692804813385,0.30495595932006836,0.48366373777389526,0.04114978387951851,0.10022225975990295,0.12143248319625854,-0.41758623719215393,4.9266862869262695,-0.07140989601612091,0.0,0.0,0.0,0.0,0.0,0.0,0.0
54257283943,0,0.008527761325240135,-0.061195727437734604,-0.3690730333328247,0.011992392130196095,-0.059973668307065964,-1.0690547227859497,0.3615606725215912,0.0019491537241265178,-0.02037973329424858,0.0,0.0,0.0,0.03857721760869026,-0.17979227006435394,-2.3518030643463135,0.0,0.0,-2.3566513061523438,-0.5504262447357178,0.43099841475486755,-0.6558719873428345,-0.2589913010597229,1.3697031736373901,-0.0006017396226525307,0.0,0.0,0.0,-2.3216745853424072,8.43037223815918,-0.5,10.990955352783203,2.550814151763916,-7.469301700592041,-10.0,22.94116973876953,2.0,3.202385902404785,4.127345085144043,0.29590821266174316,0.28977540135383606,0.30357420444488525,0.26371094584465027,0.0,0.30469265580177307,0.30469265580177307,0.30469265580177307,0.30469265580177307,0.0,-1.5303375720977783,-0.4271509647369385,-9.873640060424805,0.0,0.0,0.0,0.0,0.0,0.0,0.0,0.0,0.0,0.0,0.0,0.0,0.0,0.0,0.0,0.30469274520874023,0.30469274520874023,0.304692804813385,0.3071323037147522,0.4833167493343353,0.04114978387951851,0.10063744336366653,0.11896622180938721,-0.009896567091345787,4.039364337921143,-0.0390591062605381,0.0,0.0,0.0,0.0,0.0,0.0,0.0
54267118005,0,0.011992392130196095,-0.059973668307065964,-0.36905476450920105,0.011992392130196095,-0.059973668307065964,-1.0690547227859497,0.36070066690444946,0.002589094452559948,-0.021625325083732605,0.0,0.0,0.0,0.03475236892700195,-0.17495077848434448,-2.3566513061523438,0.0,0.0,-2.3566513061523438,-0.5483480095863342,0.4649847149848938,-0.6554642915725708,-0.2589913010597229,1.3697031736373901,-0.0006017396226525307,0.0,0.0,0.0,-2.3216745853424072,8.43037223815918,-0.5,10.990955352783203,2.550814151763916,-7.469301700592041,-10.0,22.9190673828125,2.0,3.2240829467773438,4.011666297912598,0.29744139313697815,0.28977540135383606,0.30357420444488525,0.27137696743011475,0.0,0.30469265580177307,0.30469265580177307,0.30469265580177307,0.30469265580177307,0.0,-1.4664030075073242,-0.3698098063468933,-9.826868057250977,0.0,0.0,0.0,0.0,0.0,0.0,0.0,0.0,0.0,0.0,0.0,0.0,0.0,0.0,0.0,0.30469274520874023,0.30469274520874023,0.304692804813385,0.30775249004364014,0.4833167493343353,0.04114978387951851,0.10063744336366653,0.11896622180938721,0.09441553801298141,3.647470474243164,0.002001204527914524,0.0,0.0,0.0,0.0,0.0,0.0,0.0
54278180800,0,0.011992392130196095,-0.059973668307065964,-0.36905476450920105,0.011992392130196095,-0.059973668307065964,-1.0690547227859497,0.36070066690444946,0.002589094452559948,-0.021625325083732605,0.0,0.0,0.0,0.03475236892700195,-0.17495077848434448,-2.3566513061523438,0.0,0.0,-2.3566513061523438,-0.5483480095863342,0.4649847149848938,-0.6554642915725708,-0.2589913010597229,1.3697031736373901,-0.0006017396226525307,0.0,0.0,0.0,-2.261148452758789,8.344829559326172,-0.5,10.991127014160156,2.542694091796875,-7.514899253845215,-10.0,22.9190673828125,2.0,3.2240829467773438,4.011666297912598,0.29744139313697815,0.28977540135383606,0.30357420444488525,0.27750977873802185,0.0,0.30469265580177307,0.30469265580177307,0.30469265580177307,0.30469265580177307,0.0,-1.4664030075073242,-0.3698098063468933,-9.826868057250977,0.0,0.0,0.0,0.0,0.0,0.0,0.0,0.0,0.0,0.0,0.0,0.0,0.0,0.0,0.0,0.30469274520874023,0.30469274520874023,0.304692804813385,0.3074929118156433,0.4823448956012726,0.04114978387951851,0.1018330380320549,0.11312135308980942,0.09441553801298141,3.647470474243164,0.002001204527914524,0.0,0.0,0.0,0.0,0.0,0.0,0.0
54287369777,0,0.018997779116034508,-0.05762788653373718,-0.3690391480922699,0.018997779116034508,-0.05762788653373718,-1.0690391063690186,0.35879236459732056,0.003499190090224147,-0.023291096091270447,0.0,0.0,0.0,0.0272684246301651,-0.16474243998527527,-2.3661646842956543,0.0,0.0,-2.3661646842956543,-0.5345515608787537,0.5399739742279053,-0.6507125496864319,-0.19994573295116425,1.286944031715393,0.0004108533903490752,0.0,0.0,0.0,-2.2029433250427246,8.260147094726562,-0.5,10.988404273986816,2.542694091796875,-7.514899253845215,-10.0,22.84794044494629,2.0,3.295917510986328,3.653874397277832,0.29590821266174316,0.28977540135383606,0.30357420444488525,0.2821093797683716,0.0,0.30469265580177307,0.30469265580177307,0.30469265580177307,0.30469265580177307,0.0,-1.3273539543151855,-0.2797776758670807,-9.813346862792969,0.0,0.0,0.0,0.0,0.0,0.0,0.0,0.0,0.0,0.0,0.0,0.0,0.0,0.0,0.0,0.30469274520874023,0.30469274520874023,0.304692804813385,0.30684852600097656,0.4823448956012726,0.04114978387951851,0.1018330380320549,0.11312135308980942,0.48412805795669556,2.4981305599212646,0.13283449411392212,0.0,0.0,0.0,0.0,0.0,0.0,0.0
54298617809,0,0.029459930956363678,-0.0542445033788681,-0.36902719736099243,0.029459930956363678,-0.0542445033788681,-1.0690271854400635,0.35073310136795044,0.0030575008131563663,-0.022040486335754395,0.0,0.0,0.0,0.0163806714117527,-0.148647278547287,-2.380718231201172,0.0,0.0,-2.380718231201172,-0.5345515608787537,0.5399739742279053,-0.6507125496864319,-0.12826864421367645,1.1807944774627686,0.004442866891622543,0.0,0.0,0.0,-2.1639809608459473,8.204225540161133,-0.5,10.989654541015625,2.542694091796875,-7.514899253845215,-10.0,22.84794044494629,2.0,3.295917510986328,3.653874397277832,0.29744139313697815,0.28977540135383606,0.30357420444488525,0.28517577052116394,0.0,0.30469265580177307,0.30469265580177307,0.30469265580177307,0.30469265580177307,0.0,-1.3273539543151855,-0.2797776758670807,-9.813346862792969,0.0,0.0,0.0,0.0,0.0,0.0,0.0,0.0,0.0,0.0,0.0,0.0,0.0,0.0,0.0,0.30469274520874023,0.30469274520874023,0.304692804813385,0.30613380670547485,0.4823448956012726,0.04114978387951851,0.1018330380320549,0.11312135308980942,0.48412805795669556,2.4981305599212646,0.13283449411392212,0.0,0.0,0.0,0.0,0.0,0.0,0.0
54308029896,0,0.029459930956363678,-0.0542445033788681,-0.36902719736099243,0.032934222370386124,-0.05323042348027229,-1.0690044164657593,0.35073310136795044,0.0030575008131563663,-0.022040486335754395,0.0,0.0,0.0,0.0163806714117527,-0.148647278547287,-2.380718231201172,0.0,0.0,-2.385643482208252,-0.5270199775695801,0.5563051700592041,-0.6506139636039734,-0.12826864421367645,1.1807944774627686,0.004442866891622543,0.0,0.0,0.0,-2.1639809608459473,8.204225540161133,-0.5,10.989654541015625,2.5336928367614746,-7.561488628387451,-10.0,22.844573974609375,2.0,3.3098649978637695,3.570138931274414,0.29590821266174316,0.28977540135383606,0.30357420444488525,0.28977540135383606,0.0,0.30469265580177307,0.30469265580177307,0.30469265580177307,0.30469265580177307,0.0,-1.0085304975509644,-0.2949892282485962,-9.697239875793457,0.0,0.0,0.0,0.0,0.0,0.0,0.0,0.0,0.0,0.0,0.0,0.0,0.0,0.0,0.0,0.30469274520874023,0.30469274520874023,0.304692804813385,0.30551639199256897,0.4819665849208832,0.04114978387951851,0.10252813249826431,0.10941330343484879,0.604975700378418,2.0381739139556885,0.07101240754127502,0.0,0.0,0.0,0.0,0.0,0.0,0.0
54331026744,0,0.032934222370386124,-0.05323042348027229,-0.36900442838668823,0.032934222370386124,-0.05323042348027229,-1.0690044164657593,0.3481828272342682,0.002114643808454275,-0.01984526962041855,0.0,0.0,0.0,0.012883728370070457,-0.14318300783634186,-2.385643243789673,0.0,0.0,-2.385643482208252,-0.5052362084388733,0.5799612402915955,-0.6535438895225525,-0.1007271334528923,1.1374385356903076,0.004788858816027641,0.0,0.0,0.0,-2.1181793212890625,8.138566970825195,-0.5,10.992510795593262,2.5297882556915283,-7.580551624298096,-10.0,22.79006576538086,2.0,3.3538827896118164,3.4195022583007812,0.29744139313697815,0.28977540135383606,0.30357420444488525,0.2928417921066284,0.0,0.30469265580177307,0.30469265580177307,0.30469265580177307,0.30469265580177307,0.0,-0.911112368106842,-0.226750910282135,-9.579983711242676,0.0,0.0,0.0,0.0,0.0,0.0,0.0,0.0,0.0,0.0,0.0,0.0,0.0,0.0,0.0,0.30469274520874023,0.30469274520874023,0.304692804813385,0.3050607442855835,0.48164957761764526,0.04114978387951851,0.10291976481676102,0.10760815441608429,1.0168105363845825,1.4214751720428467,-0.09335336834192276,0.0,0.0,0.0,0.0,0.0,0.0,0.0
54331060527,0,0.032934222370386124,-0.05323042348027229,-0.36900442838668823,0.03980376943945885,-0.05131809040904045,-1.0688438415527344,0.3481828272342682,0.002114643808454275,-0.01984526962041855,0.0,0.0,0.0,0.012883728370070457,-0.14318300783634186,-2.385643243789673,0.0,0.0,-2.3956832885742188,-0.5052362084388733,0.5799612402915955,-0.6535438895225525,-0.1007271334528923,1.1374385356903076,0.004788858816027641,0.0,0.0,0.0,-2.1029205322265625,8.10765266418457,-0.5,10.994985580444336,2.5212032794952393,-7.6205363273620605,-10.0,22.79006576538086,2.0,3.3538827896118164,3.4195022583007812,0.29744139313697815,0.28977540135383606,0.30357420444488525,0.2943750023841858,0.0,0.30469265580177307,0.30469265580177307,0.30469265580177307,0.30469265580177307,0.0,-0.911112368106842,-0.226750910282135,-9.579983711242676,0.0,0.0,0.0,0.0,0.0,0.0,0.0,0.0,0.0,0.0,0.0,0.0,0.0,0.0,0.0,0.30469274520874023,0.30469274520874023,0.304692804813385,0.30476874113082886,0.4805043935775757,0.04114978387951851,0.10431484133005142,0.10337694734334946,1.0168105363845825,1.4214751720428467,-0.09335336834192276,0.0,0.0,0.0,0.0,0.0,0.0,0.0
54338712834,0,0.03980376943945885,-0.05131809040904045,-0.36884385347366333,0.03980376943945885,-0.05131809040904045,-1.0688438415527344,0.34330007433891296,-0.0015231111319735646,-0.011371959932148457,0.0,0.0,0.0,0.006323774345219135,-0.1321020871400833,-2.3956832885742188,0.0,0.0,-2.3956832885742188,-0.488559752702713,0.5866373181343079,-0.6557567715644836,-0.04897339269518852,1.0495004653930664,0.005541980266571045,0.0,0.0,0.0,-2.1029205322265625,8.10765266418457,-0.5,10.994985580444336,2.5165891647338867,-7.6412458419799805,-10.0,22.79006576538086,2.0,3.3538827896118164,3.4195022583007812,0.29590821266174316,0.28977540135383606,0.30357420444488525,0.2943750023841858,0.0,0.30469265580177307,0.30469265580177307,0.30469265580177307,0.30469265580177307,0.0,-0.7493717670440674,-0.08909962326288223,-9.329278945922852,0.0,0.0,0.0,0.0,0.0,0.0,0.0,0.0,0.0,0.0,0.0,0.0,0.0,0.0,0.0,0.30469274520874023,0.30469274520874023,0.304692804813385,0.30461111664772034,0.4800647497177124,0.04114978387951851,0.10461940616369247,0.10238373279571533,1.295058012008667,1.029042363166809,-0.14973241090774536,0.0,0.0,0.0,0.0,0.0,0.0,0.0
54347220403,0,0.04319436475634575,-0.05042242258787155,-0.36868804693222046,0.04319436475634575,-0.05042242258787155,-1.0686880350112915,0.33989667892456055,-0.0026917005889117718,-0.0063770245760679245,0.0,0.0,0.0,0.003186325542628765,-0.12669987976551056,-2.4007420539855957,0.0,0.0,-2.4007420539855957,-0.4753572940826416,0.5875301957130432,-0.6571938991546631,-0.024201087653636932,1.0066168308258057,0.005816246848553419,0.0,0.0,0.0,-2.1029205322265625,8.10765266418457,-0.5,10.994985580444336,2.5165891647338867,-7.6412458419799805,-10.0,22.738143920898438,2.0,3.405827522277832,3.255730628967285,0.29744139313697815,0.28977540135383606,0.30357420444488525,0.2943750023841858,0.0,0.30469265580177307,0.30469265580177307,0.30469265580177307,0.30469265580177307,0.0,-0.6248670816421509,-0.11853780597448349,-9.251320838928223,0.0,0.0,0.0,0.0,0.0,0.0,0.0,0.0,0.0,0.0,0.0,0.0,0.0,0.0,0.0,0.30469274520874023,0.30469274520874023,0.304692804813385,0.3045486807823181,0.4800647497177124,0.04114978387951851,0.10461940616369247,0.10238373279571533,1.364967703819275,0.6215084791183472,-0.15434913337230682,0.0,0.0,0.0,0.0,0.0,0.0,0.0
54357087747,0,0.04319436475634575,-0.05042242258787155,-0.36868804693222046,0.04319436475634575,-0.05042242258787155,-1.0686880350112915,0.33989667892456055,-0.0026917005889117718,-0.0063770245760679245,0.0,0.0,0.0,0.003186325542628765,-0.12669987976551056,-2.4007420539855957,0.0,0.0,-2.4007420539855957,-0.4527535140514374,0.5783905982971191,-0.659947395324707,-0.024201087653636932,1.0066168308258057,0.005816246848553419,0.0,0.0,0.0,-2.0656626224517822,8.038625717163086,-0.5,10.996682167053223,2.5165891647338867,-7.6412458419799805,-10.0,22.738143920898438,2.0,3.405827522277832,3.255730628967285,0.29590821266174316,0.28977540135383606,0.30357420444488525,0.2943750023841858,0.0,0.30469265580177307,0.30469265580177307,0.30469265580177307,0.30469265580177307,0.0,-0.6248670816421509,-0.11853780597448349,-9.251320838928223,0.0,0.0,0.0,0.0,0.0,0.0,0.0,0.0,0.0,0.0,0.0,0.0,0.0,0.0,0.0,0.30469274520874023,0.30469274520874023,0.304692804813385,0.3045445680618286,0.4800647497177124,0.04114978387951851,0.10461940616369247,0.10238373279571533,1.276063084602356,-0.1780448853969574,-0.1564793735742569,0.0,0.0,0.0,0.0,0.0,0.0,0.0
54368133902,0,0.049838729202747345,-0.049042169004678726,-0.36821043491363525,0.049838729202747345,-0.049042169004678726,-1.0682103633880615,0.3318498134613037,-0.00697247264906764,0.003986968658864498,0.0,0.0,0.0,-0.003013817360624671,-0.1161605566740036,-2.411059617996216,0.0,0.0,-2.411059856414795,-0.4527535140514374,0.5783905982971191,-0.659947395324707,0.03645193204283714,0.902574896812439,0.0034247683361172676,0.0,0.0,0.0,-2.030799388885498,8.007261276245117,-0.5,10.999094009399414,2.507244110107422,-7.6812968254089355,-10.0,22.752574920654297,2.0,3.402088165283203,3.1519851684570312,0.29744139313697815,0.28977540135383606,0.30357420444488525,0.2943750023841858,0.0,0.30469265580177307,0.30469265580177307,0.30469265580177307,0.30469265580177307,0.0,-0.4569956064224243,-0.07137679308652878,-9.299092292785645,0.0,0.0,0.0,0.0,0.0,0.0,0.0,0.0,0.0,0.0,0.0,0.0,0.0,0.0,0.0,0.30469274520874023,0.30469274520874023,0.304692804813385,0.30456990003585815,0.4801693856716156,0.04114978387951851,0.10472226142883301,0.099335677921772,1.276063084602356,-0.1780448853969574,-0.1564793735742569,0.0,0.0,0.0,0.0,0.0,0.0,0.0
54379670449,0,0.05310624837875366,-0.048446644097566605,-0.3679065704345703,0.05310624837875366,-0.048446644097566605,-1.0679066181182861,0.3277447819709778,-0.009748755022883415,0.007885503582656384,0.0,0.0,0.0,-0.0059829577803611755,-0.11106152087450027,-2.4162778854370117,0.0,0.0,-2.4162778854370117,-0.4394057095050812,0.5688191056251526,-0.662092924118042,0.0707792192697525,0.8429240584373474,0.006893976591527462,0.0,0.0,0.0,-2.0161027908325195,7.999578475952148,-0.5,11.001145362854004,2.507244110107422,-7.6812968254089355,-10.0,22.753419876098633,2.0,3.390544891357422,3.1162099838256836,0.29744139313697815,0.28977540135383606,0.30357420444488525,0.2943750023841858,0.0,0.30469265580177307,0.30469265580177307,0.30469265580177307,0.30469265580177307,0.0,-0.4569956064224243,-0.07137679308652878,-9.299092292785645,0.0,0.0,0.0,0.0,0.0,0.0,0.0,0.0,0.0,0.0,0.0,0.0,0.0,0.0,0.0,0.30469274520874023,0.30469274520874023,0.304692804813385,0.30460503697395325,0.4801693856716156,0.04114978387951851,0.10472226142883301,0.099335677921772,1.2761722803115845,-0.5355932712554932,-0.1806582659482956,0.0,0.0,0.0,0.0,0.0,0.0,0.0
54388003292,0,0.05310624837875366,-0.048446644097566605,-0.3679065704345703,0.05310624837875366,-0.048446644097566605,-1.0679066181182861,0.3277447819709778,-0.009748755022883415,0.007885503582656384,0.0,0.0,0.0,-0.0059829577803611755,-0.11106152087450027,-2.4162778854370117,0.0,0.0,-2.4162778854370117,-0.40517333149909973,0.5427244901657104,-0.6642332673072815,0.0707792192697525,0.8429240584373474,0.006893976591527462,0.0,0.0,0.0,-2.0161027908325195,7.999578475952148,-0.5,11.001145362854004,2.501811981201172,-7.703272819519043,-10.0,22.753419876098633,2.0,3.390544891357422,3.1162099838256836,0.29744139313697815,0.28977540135383606,0.30357420444488525,0.2943750023841858,0.0,0.30469265580177307,0.30469265580177307,0.30469265580177307,0.30469265580177307,0.0,-0.36700037121772766,-0.014514820650219917,-9.470832824707031,0.0,0.0,0.0,0.0,0.0,0.0,0.0,0.0,0.0,0.0,0.0,0.0,0.0,0.0,0.0,0.30469274520874023,0.30469274520874023,0.304692804813385,0.30463850498199463,0.48027047514915466,0.04114978387951851,0.10436882823705673,0.09879341721534729,1.65464448928833,-1.1477148532867432,-0.11956993490457535,0.0,0.0,0.0,0.0,0.0,0.0,0.0
54398014812,0,0.06268835067749023,-0.04764806479215622,-0.3667869567871094,0.06268835067749023,-0.04764806479215622,-1.0667870044708252,0.314247727394104,-0.02052028849720955,0.014262913726270199,0.0,0.0,0.0,-0.01400576438754797,-0.09670479595661163,-2.4321393966674805,0.0,0.0,-2.4321393966674805,-0.37371256947517395,0.5120351314544678,-0.665205180644989,0.11187338083982468,0.7683901190757751,0.00716595072299242,0.0,0.0,0.0,-2.00346302986145,7.990674018859863,-0.5,11.002318382263184,2.4935214519500732,-7.735501289367676,-10.0,22.775035858154297,2.0,3.379582405090332,3.053457260131836,0.29744139313697815,0.28977540135383606,0.30357420444488525,0.2943750023841858,0.0,0.30469265580177307,0.30469265580177307,0.30469265580177307,0.30469265580177307,0.0,-0.24210190773010254,0.025143839418888092,-9.682666778564453,0.0,0.0,0.0,0.0,0.0,0.0,0.0,0.0,0.0,0.0,0.0,0.0,0.0,0.0,0.0,0.30469274520874023,0.30469274520874023,0.304692804813385,0.3046649694442749,0.4802815914154053,0.04114978387951851,0.10435549169778824,0.09780531376600266,1.924790382385254,-1.7222018241882324,-0.08360723406076431,0.0,0.0,0.0,0.0,0.0,0.0,0.0
54406987658,0,0.06874021142721176,-0.04765680804848671,-0.3658946454524994,0.06874021142721176,-0.04765680804848671,-1.065894603729248,0.3045046627521515,-0.029057800769805908,0.021573137491941452,0.0,0.0,0.0,-0.018586743623018265,-0.08837856352329254,-2.4427897930145264,0.0,0.0,-2.4427897930145264,-0.37371256947517395,0.5120351314544678,-0.665205180644989,0.11187338083982468,0.7683901190757751,0.00716595072299242,0.0,0.0,0.0,-1.9931628704071045,7.9845380783081055,-0.5,11.002878189086914,2.4935214519500732,-7.735501289367676,-10.0,22.775035858154297,2.0,3.379582405090332,3.053457260131836,0.29744139313697815,0.28977540135383606,0.30357420444488525,0.2943750023841858,0.0,0.30469265580177307,0.30469265580177307,0.30469265580177307,0.30469265580177307,0.0,-0.12825101613998413,0.049525417387485504,-9.552595138549805,0.0,0.0,0.0,0.0,0.0,0.0,0.0,0.0,0.0,0.0,0.0,0.0,0.0,0.0,0.0,0.30469274520874023,0.30469274520874023,0.304692804813385,0.304683119058609,0.4802815914154053,0.04114978387951851,0.10435549169778824,0.09780531376600266,1.924790382385254,-1.7222018241882324,-0.08360723406076431,0.0,0.0,0.0,0.0,0.0,0.0,0.0
54417501691,0,0.06874021142721176,-0.04765680804848671,-0.3658946454524994,0.06874021142721176,-0.04765680804848671,-1.065894603729248,0.3045046627521515,-0.029057800769805908,0.021573137491941452,0.0,0.0,0.0,-0.018586743623018265,-0.08837856352329254,-2.4427897930145264,0.0,0.0,-2.4427897930145264,-0.3546961843967438,0.4890919029712677,-0.6654330492019653,0.14819927513599396,0.7022290825843811,0.007420524023473263,0.0,0.0,0.0,-1.9931628704071045,7.9845380783081055,-0.5,11.002878189086914,2.4853408336639404,-7.766645431518555,-10.0,22.79461669921875,2.0,3.359964370727539,3.067962646484375,0.29744139313697815,0.28977540135383606,0.30357420444488525,0.2943750023841858,0.0,0.30469265580177307,0.30469265580177307,0.30469265580177307,0.30469265580177307,0.0,-0.12825101613998413,0.049525417387485504,-9.552595138549805,0.0,0.0,0.0,0.0,0.0,0.0,0.0,0.0,0.0,0.0,0.0,0.0,0.0,0.0,0.0,0.30469274520874023,0.30469274520874023,0.304692804813385,0.3046938180923462,0.48081985116004944,0.04114978387951851,0.10392919927835464,0.09788329154253006,2.0065815448760986,-2.0785813331604004,-0.05970699340105057,0.0,0.0,0.0,0.0,0.0,0.0,0.0
54428553937,0,0.0745171308517456,-0.04811050370335579,-0.36481747031211853,0.0745171308517456,-0.04811050370335579,-1.0648174285888672,0.2937033772468567,-0.037347760051488876,0.029299765825271606,0.0,0.0,0.0,-0.02276839129626751,-0.08099003881216049,-2.4535558223724365,0.0,0.0,-2.4535558223724365,-0.3341639041900635,0.46090877056121826,-0.6654573082923889,0.14819927513599396,0.7022290825843811,0.007420524023473263,0.0,0.0,0.0,-1.9904236793518066,8.015002250671387,-0.5,11.002696990966797,2.4853408336639404,-7.766645431518555,-10.0,22.828250885009766,2.0,3.326268196105957,3.097900390625,0.29744139313697815,0.28977540135383606,0.30357420444488525,0.2943750023841858,0.0,0.30469265580177307,0.30469265580177307,0.30469265580177307,0.30469265580177307,0.0,-0.032889336347579956,0.054266951978206635,-9.415266036987305,0.0,0.0,0.0,0.0,0.0,0.0,0.0,0.0,0.0,0.0,0.0,0.0,0.0,0.0,0.0,0.30469274520874023,0.30469274520874023,0.304692804813385,0.3046988844871521,0.48081985116004944,0.04114978387951851,0.10392919927835464,0.09788329154253006,1.9750573635101318,-2.379054546356201,-0.03492407128214836,0.0,0.0,0.0,0.0,0.0,0.0,0.0
54439161466,0,0.0745171308517456,-0.04811050370335579,-0.36481747031211853,0.0745171308517456,-0.04811050370335579,-1.0648174285888672,0.2937033772468567,-0.037347760051488876,0.029299765825271606,0.0,0.0,0.0,-0.02276839129626751,-0.08099003881216049,-2.4535558223724365,0.0,0.0,-2.4535558223724365,-0.29743221402168274,0.40009605884552,-0.6665775179862976,0.20301152765750885,0.6061225533485413,0.004404435399919748,0.0,0.0,0.0,-1.9904236793518066,8.015002250671387,-0.5,11.002696990966797,2.4711766242980957,-7.819915294647217,-10.0,22.828250885009766,2.0,3.326268196105957,3.097900390625,0.29744139313697815,0.28977540135383606,0.30357420444488525,0.2943750023841858,0.0,0.30469265580177307,0.30469265580177307,0.30469265580177307,0.30469265580177307,0.0,-0.032889336347579956,0.054266951978206635,-9.415266036987305,0.0,0.0,0.0,0.0,0.0,0.0,0.0,0.0,0.0,0.0,0.0,0.0,0.0,0.0,0.0,0.30469274520874023,0.30469274520874023,0.304692804813385,0.30470025539398193,0.4825701415538788,0.04114978387951851,0.10179194062948227,0.09925547987222672,1.9297703504562378,-2.957960367202759,-0.054808974266052246,0.0,0.0,0.0,0.0,0.0,0.0,0.0
54449089395,0,0.07989256829023361,-0.0492742545902729,-0.3636174499988556,0.07989256829023361,-0.0492742545902729,-1.063617467880249,0.2810021638870239,-0.04814817011356354,0.030115913599729538,0.0,0.0,0.0,-0.02637322060763836,-0.07491552084684372,-2.46435546875,0.0,0.0,-2.46435546875,-0.29743221402168274,0.40009605884552,-0.6665775179862976,0.20301152765750885,0.6061225533485413,0.004404435399919748,0.0,0.0,0.0,-1.9880144596099854,8.063045501708984,-0.5,11.0037841796875,2.4711766242980957,-7.819915294647217,-10.0,22.909177780151367,2.0,3.2451868057250977,3.1711349487304688,0.29744139313697815,0.28977540135383606,0.30357420444488525,0.2943750023841858,0.0,0.30469265580177307,0.30469265580177307,0.30469265580177307,0.30469265580177307,0.0,0.09066355228424072,0.13417863845825195,-9.846627235412598,0.0,0.0,0.0,0.0,0.0,0.0,0.0,0.0,0.0,0.0,0.0,0.0,0.0,0.0,0.0,0.30469274520874023,0.30469274520874023,0.304692804813385,0.30469954013824463,0.4825701415538788,0.04114978387951851,0.10179194062948227,0.09925547987222672,1.9297703504562378,-2.957960367202759,-0.054808974266052246,0.0,0.0,0.0,0.0,0.0,0.0,0.0
54457342601,0,0.08247029036283493,-0.050007712095975876,-0.3630448877811432,0.08247029036283493,-0.050007712095975876,-1.0630449056625366,0.274406373500824,-0.05408480018377304,0.026303637772798538,0.0,0.0,0.0,-0.027905909344553947,-0.07246141880750656,-2.4698023796081543,0.0,0.0,-2.4698026180267334,-0.2748960554599762,0.36031535267829895,-0.667991042137146,0.20301152765750885,0.6061225533485413,0.004404435399919748,0.0,0.0,0.0,-1.9878253936767578,8.094094276428223,-0.5,11.007746696472168,2.4711766242980957,-7.819915294647217,-10.0,22.959335327148438,2.0,3.1949329376220703,3.2207183837890625,0.29744139313697815,0.28977540135383606,0.30357420444488525,0.2943750023841858,0.0,0.30469265580177307,0.30469265580177307,0.30469265580177307,0.30469265580177307,0.0,0.12143188714981079,0.17867964506149292,-10.154566764831543,0.0,0.0,0.0,0.0,0.0,0.0,0.0,0.0,0.0,0.0,0.0,0.0,0.0,0.0,0.0,0.30469274520874023,0.30469274520874023,0.304692804813385,0.3046979308128357,0.4825701415538788,0.04114978387951851,0.10179194062948227,0.09925547987222672,2.0385706424713135,-3.3699944019317627,-0.09449061751365662,0.0,0.0,0.0,0.0,0.0,0.0,0.0
54468484629,0,0.08247029036283493,-0.050007712095975876,-0.3630448877811432,0.08247029036283493,-0.050007712095975876,-1.0630449056625366,0.274406373500824,-0.05408480018377304,0.026303637772798538,0.0,0.0,0.0,-0.027905909344553947,-0.07246141880750656,-2.4698023796081543,0.0,0.0,-2.4698026180267334,-0.2273314893245697,0.28213030099868774,-0.6687101721763611,0.23686537146568298,0.5510700345039368,0.0044781239703297615,0.0,0.0,0.0,-1.9878253936767578,8.094094276428223,-0.5,11.007746696472168,2.457958936691284,-7.870175838470459,-10.0,23.0595760345459,2.0,3.094501495361328,3.3927440643310547,0.29744139313697815,0.28977540135383606,0.30357420444488525,0.2943750023841858,0.0,0.30469265580177307,0.30469265580177307,0.30469265580177307,0.30469265580177307,0.0,0.12143188714981079,0.17867964506149292,-10.154566764831543,0.0,0.0,0.0,0.0,0.0,0.0,0.0,0.0,0.0,0.0,0.0,0.0,0.0,0.0,0.0,0.30469274520874023,0.30469274520874023,0.304692804813385,0.3046962022781372,0.4851454794406891,0.04114978387951851,0.09863881021738052,0.1036704033613205,2.328418016433716,-3.8350796699523926,-0.04308806732296944,0.0,0.0,0.0,0.0,0.0,0.0,0.0
54477038183,0,0.08725247532129288,-0.05199505016207695,-0.36198949813842773,0.08725247532129288,-0.05199505016207695,-1.0619895458221436,0.2597557306289673,-0.06660693138837814,0.016636816784739494,0.0,0.0,0.0,-0.030389713123440742,-0.06850825250148773,-2.4806673526763916,0.0,0.0,-2.4806673526763916,-0.2273314893245697,0.28213030099868774,-0.6687101721763611,0.2498166859149933,0.5329574346542358,0.007786721922457218,0.0,0.0,0.0,-2.010132312774658,8.178272247314453,-0.5,11.007759094238281,2.457958936691284,-7.870175838470459,-10.0,23.0595760345459,2.0,3.094501495361328,3.3927440643310547,0.29744139313697815,0.28977540135383606,0.30357420444488525,0.2943750023841858,0.0,0.30469265580177307,0.30469265580177307,0.30469265580177307,0.30469265580177307,0.0,0.2267998605966568,0.15604087710380554,-10.452594757080078,0.0,0.0,0.0,0.0,0.0,0.0,0.0,0.0,0.0,0.0,0.0,0.0,0.0,0.0,0.0,0.30469274520874023,0.30469274520874023,0.304692804813385,0.3046947121620178,0.4851454794406891,0.04114978387951851,0.09863881021738052,0.1036704033613205,2.328418016433716,-3.8350796699523926,-0.04308806732296944,0.0,0.0,0.0,0.0,0.0,0.0,0.0
54487458308,0,0.08725247532129288,-0.05199505016207695,-0.36198949813842773,0.08725247532129288,-0.05199505016207695,-1.0619895458221436,0.2597557306289673,-0.06660693138837814,0.016636816784739494,0.0,0.0,0.0,-0.030389713123440742,-0.06850825250148773,-2.4806673526763916,0.0,0.0,-2.4806673526763916,-0.20228323340415955,0.23824042081832886,-0.6683661341667175,0.2498166859149933,0.5329574346542358,0.007786721922457218,0.0,0.0,0.0,-2.023057222366333,8.230337142944336,-0.5,11.007207870483398,2.457958936691284,-7.870175838470459,-10.0,23.122941970825195,2.0,3.031015396118164,3.4977054595947266,0.29744139313697815,0.28977540135383606,0.30357420444488525,0.2943750023841858,0.0,0.30469265580177307,0.30469265580177307,0.30469265580177307,0.30469265580177307,0.0,0.2267998605966568,0.15604087710380554,-10.452594757080078,0.0,0.0,0.0,0.0,0.0,0.0,0.0,0.0,0.0,0.0,0.0,0.0,0.0,0.0,0.0,0.30469274520874023,0.30469274520874023,0.304692804813385,0.30469363927841187,0.4851454794406891,0.04114978387951851,0.09863881021738052,0.1036704033613205,2.349121332168579,-4.004970550537109,-0.009298617951571941,0.0,0.0,0.0,0.0,0.0,0.0,0.0
54500724107,0,0.08951199799776077,-0.053122300654649734,-0.3615151345729828,0.08951199799776077,-0.053122300654649734,-1.0615150928497314,0.25215306878089905,-0.07274416089057922,0.0122726084664464,0.0,0.0,0.0,-0.03139062970876694,-0.06708367168903351,-2.486107349395752,0.0,0.0,-2.486107349395752,-0.20228323340415955,0.23824042081832886,-0.6683661341667175,0.2565051019191742,0.525027334690094,0.007826678454875946,0.0,0.0,0.0,-2.023057222366333,8.230337142944336,-0.5,11.007207870483398,2.449824571609497,-7.903247833251953,-10.0,23.122941970825195,2.0,3.031015396118164,3.4977054595947266,0.29744139313697815,0.28977540135383606,0.30357420444488525,0.2943750023841858,0.0,0.30469265580177307,0.30469265580177307,0.30469265580177307,0.30469265580177307,0.0,0.25096118450164795,0.17722511291503906,-10.388940811157227,0.0,0.0,0.0,0.0,0.0,0.0,0.0,0.0,0.0,0.0,0.0,0.0,0.0,0.0,0.0,0.30469274520874023,0.30469274520874023,0.304692804813385,0.30469295382499695,0.48722365498542786,0.04114978387951851,0.09608767926692963,0.1077854260802269,2.349121332168579,-4.004970550537109,-0.009298617951571941,0.0,0.0,0.0,0.0,0.0,0.0,0.0
54507696902,0,0.09370480477809906,-0.055728890001773834,-0.36066779494285583,0.09370480477809906,-0.055728890001773834,-1.0606677532196045,0.23629364371299744,-0.08479128777980804,0.004955860320478678,0.0,0.0,0.0,-0.03295164555311203,-0.06551744043827057,-2.497028112411499,0.0,0.0,-2.497028112411499,-0.159017875790596,0.1492752730846405,-0.6707534193992615,0.2565051019191742,0.525027334690094,0.007826678454875946,0.0,0.0,0.0,-2.0429201126098633,8.34374713897705,-0.5,11.007476806640625,2.449824571609497,-7.903247833251953,-10.0,23.273956298828125,2.0,2.8797149658203125,3.712678909301758,0.29744139313697815,0.28977540135383606,0.30357420444488525,0.2943750023841858,0.0,0.30469265580177307,0.30469265580177307,0.30469265580177307,0.30469265580177307,0.0,0.27962526679039,0.15994706749916077,-10.223367691040039,0.0,0.0,0.0,0.0,0.0,0.0,0.0,0.0,0.0,0.0,0.0,0.0,0.0,0.0,0.0,0.30469274520874023,0.30469274520874023,0.304692804813385,0.3046925961971283,0.48722365498542786,0.04114978387951851,0.09608767926692963,0.1077854260802269,2.2469804286956787,-4.439210891723633,-0.09612901508808136,0.0,0.0,0.0,0.0,0.0,0.0,0.0
54517345693,0,0.09370480477809906,-0.055728890001773834,-0.36066779494285583,0.09370480477809906,-0.055728890001773834,-1.0606677532196045,0.23629364371299744,-0.08479128777980804,0.004955860320478678,0.0,0.0,0.0,-0.03295164555311203,-0.06551744043827057,-2.497028112411499,0.0,0.0,-2.497028112411499,-0.11086901277303696,0.04624507576227188,-0.6714677810668945,0.2693018317222595,0.5212798714637756,0.007870418950915337,0.0,0.0,0.0,-2.0429201126098633,8.34374713897705,-0.5,11.007476806640625,2.438060760498047,-7.9556989669799805,-10.0,23.273956298828125,2.0,2.8797149658203125,3.712678909301758,0.29744139313697815,0.28977540135383606,0.30357420444488525,0.2943750023841858,0.0,0.30469265580177307,0.30469265580177307,0.30469265580177307,0.30469265580177307,0.0,0.27962526679039,0.15994706749916077,-10.223367691040039,0.0,0.0,0.0,0.0,0.0,0.0,0.0,0.0,0.0,0.0,0.0,0.0,0.0,0.0,0.0,0.30469274520874023,0.30469274520874023,0.304692804813385,0.30469244718551636,0.49168476462364197,0.04114978387951851,0.09058980643749237,0.11584486067295074,2.287527084350586,-4.777577877044678,-0.05662751570343971,0.0,0.0,0.0,0.0,0.0,0.0,0.0
54527504174,0,0.09923340380191803,-0.06062939390540123,-0.35953477025032043,0.09923340380191803,-0.06062939390540123,-1.0595347881317139,0.21225768327713013,-0.10388512164354324,0.00280544301494956,0.0,0.0,0.0,-0.03396202623844147,-0.06621123850345612,-2.5133872032165527,0.0,0.0,-2.513387441635132,-0.11086901277303696,0.04624507576227188,-0.6714677810668945,0.2693018317222595,0.5212798714637756,0.007870418950915337,0.0,0.0,0.0,-2.0783650875091553,8.491622924804688,-0.5,11.00760555267334,2.438060760498047,-7.9556989669799805,-10.0,23.455909729003906,2.0,2.6974143981933594,4.0087127685546875,0.29744139313697815,0.28977540135383606,0.30357420444488525,0.2943750023841858,0.0,0.30469265580177307,0.30469265580177307,0.30469265580177307,0.30469265580177307,0.0,0.2694251239299774,0.17810693383216858,-9.89402961730957,0.0,0.0,0.0,0.0,0.0,0.0,0.0,0.0,0.0,0.0,0.0,0.0,0.0,0.0,0.0,0.30469274520874023,0.30469274520874023,0.304692804813385,0.30469241738319397,0.49168476462364197,0.04114978387951851,0.09058980643749237,0.11584486067295074,2.287527084350586,-4.777577877044678,-0.05662751570343971,0.0,0.0,0.0,0.0,0.0,0.0,0.0
54538060267,0,0.1008693054318428,-0.0624367892742157,-0.3591330051422119,0.1008693054318428,-0.0624367892742157,-1.0591330528259277,0.20418769121170044,-0.11001846194267273,0.004736820235848427,0.0,0.0,0.0,-0.033975232392549515,-0.0671570897102356,-2.5188333988189697,0.0,0.0,-2.518833637237549,-0.09024149924516678,0.004408460576087236,-0.6722931861877441,0.2693018317222595,0.5212798714637756,0.007870418950915337,0.0,0.0,0.0,-2.097519636154175,8.568856239318848,-0.5,11.011007308959961,2.438060760498047,-7.9556989669799805,-10.0,23.549936294555664,2.0,2.603208541870117,4.164384841918945,0.29744139313697815,0.28977540135383606,0.30357420444488525,0.2943750023841858,0.0,0.30469265580177307,0.30469265580177307,0.30469265580177307,0.30469265580177307,0.0,0.2694251239299774,0.17810693383216858,-9.89402961730957,0.0,0.0,0.0,0.0,0.0,0.0,0.0,0.0,0.0,0.0,0.0,0.0,0.0,0.0,0.0,0.30469274520874023,0.30469274520874023,0.304692804813385,0.30469244718551636,0.49168476462364197,0.04114978387951851,0.09058980643749237,0.11584486067295074,2.286051034927368,-4.719042778015137,-0.07358146458864212,0.0,0.0,0.0,0.0,0.0,0.0,0.0
54547601263,0,0.1008693054318428,-0.0624367892742157,-0.3591330051422119,0.1008693054318428,-0.0624367892742157,-1.0591330528259277,0.20418769121170044,-0.11001846194267273,0.004736820235848427,0.0,0.0,0.0,-0.033975232392549515,-0.0671570897102356,-2.5188333988189697,0.0,0.0,-2.518833637237549,-0.05004538223147392,-0.08335834741592407,-0.6746622323989868,0.26951542496681213,0.5383403897285461,0.00465990137308836,0.0,0.0,0.0,-2.13014817237854,8.706367492675781,-0.5,11.012988090515137,2.4305050373077393,-7.994237422943115,-10.0,23.71965789794922,2.0,2.433164596557617,4.439121246337891,0.29744139313697815,0.28977540135383606,0.30357420444488525,0.2943750023841858,0.0,0.30469265580177307,0.30469265580177307,0.30469265580177307,0.30469265580177307,0.0,0.26978203654289246,0.1343993991613388,-9.67864990234375,0.0,0.0,0.0,0.0,0.0,0.0,0.0,0.0,0.0,0.0,0.0,0.0,0.0,0.0,0.0,0.30469274520874023,0.30469274520874023,0.304692804813385,0.30469250679016113,0.49489477276802063,0.04114978387951851,0.08661562949419022,0.12246212363243103,2.1126976013183594,-4.569931507110596,-0.10280902683734894,0.0,0.0,0.0,0.0,0.0,0.0,0.0
54557387030,0,0.10385659337043762,-0.06628559529781342,-0.3582780957221985,0.10385659337043762,-0.06628559529781342,-1.0582780838012695,0.18766291439533234,-0.12185809761285782,0.011753995902836323,0.0,0.0,0.0,-0.033546801656484604,-0.07018803805112839,-2.529768228530884,0.0,0.0,-2.529768228530884,-0.05004538223147392,-0.08335834741592407,-0.6746622323989868,0.26951542496681213,0.5383403897285461,0.00465990137308836,0.0,0.0,0.0,-2.13014817237854,8.706367492675781,-0.5,11.012988090515137,2.4305050373077393,-7.994237422943115,-10.0,23.71965789794922,2.0,2.433164596557617,4.439121246337891,0.29744139313697815,0.28977540135383606,0.30357420444488525,0.2943750023841858,0.0,0.30469265580177307,0.30469265580177307,0.30469265580177307,0.30469265580177307,0.0,0.2657836079597473,0.10032225400209427,-9.515533447265625,0.0,0.0,0.0,0.0,0.0,0.0,0.0,0.0,0.0,0.0,0.0,0.0,0.0,0.0,0.0,0.30469274520874023,0.30469274520874023,0.304692804813385,0.3046925663948059,0.49489477276802063,0.04114978387951851,0.08661562949419022,0.12246212363243103,2.1126976013183594,-4.569931507110596,-0.10280902683734894,0.0,0.0,0.0,0.0,0.0,0.0,0.0
54570401161,0,0.10385659337043762,-0.06628559529781342,-0.3582780957221985,0.10385659337043762,-0.06628559529781342,-1.0582780838012695,0.18766291439533234,-0.12185809761285782,0.011753995902836323,0.0,0.0,0.0,-0.033546801656484604,-0.07018803805112839,-2.529768228530884,0.0,0.0,-2.529768228530884,-0.01145067997276783,-0.1782231330871582,-0.6755664944648743,0.2590198516845703,0.5937897562980652,0.008027194067835808,0.0,0.0,0.0,-2.13014817237854,8.706367492675781,-0.5,11.012988090515137,2.420790195465088,-8.052066802978516,-10.0,23.71965789794922,2.0,2.433164596557617,4.439121246337891,0.29744139313697815,0.28977540135383606,0.30357420444488525,0.2943750023841858,0.0,0.30469265580177307,0.30469265580177307,0.30469265580177307,0.30469265580177307,0.0,0.2657836079597473,0.10032225400209427,-9.515533447265625,0.0,0.0,0.0,0.0,0.0,0.0,0.0,0.0,0.0,0.0,0.0,0.0,0.0,0.0,0.0,0.30469274520874023,0.30469274520874023,0.304692804813385,0.3046926259994507,0.5001511573791504,0.04114978387951851,0.08007477223873138,0.13243979215621948,1.8948813676834106,-4.517932415008545,-0.06161825731396675,0.0,0.0,0.0,0.0,0.0,0.0,0.0
54578110370,0,0.10642781853675842,-0.07051419466733932,-0.35723942518234253,0.10642781853675842,-0.07051419466733932,-1.0572394132614136,0.17083850502967834,-0.13279211521148682,0.023298464715480804,0.0,0.0,0.0,-0.03255067765712738,-0.07474151253700256,-2.5406908988952637,0.0,0.0,-2.5406911373138428,-0.01145067997276783,-0.1782231330871582,-0.6755664944648743,0.2590198516845703,0.5937897562980652,0.008027194067835808,0.0,0.0,0.0,-2.167928695678711,8.878181457519531,-0.5,11.013311386108398,2.420790195465088,-8.052066802978516,-10.0,23.936397552490234,2.0,2.2160139083862305,4.777469635009766,0.29744139313697815,0.28977540135383606,0.30357420444488525,0.2943750023841858,0.0,0.30469265580177307,0.30469265580177307,0.30469265580177307,0.30469265580177307,0.0,0.1969127655029297,0.08443520218133926,-9.205867767333984,0.0,0.0,0.0,0.0,0.0,0.0,0.0,0.0,0.0,0.0,0.0,0.0,0.0,0.0,0.0,0.30469274520874023,0.30469274520874023,0.304692804813385,0.30469268560409546,0.5001511573791504,0.04114978387951851,0.08007477223873138,0.13243979215621948,1.8948813676834106,-4.517932415008545,-0.06161825731396675,0.0,0.0,0.0,0.0,0.0,0.0,0.0
54610771175,0,0.10752876847982407,-0.07281489670276642,-0.35663583874702454,0.10752876847982407,-0.07281489670276642,-1.056635856628418,0.16243338584899902,-0.13867710530757904,0.028898533433675766,0.0,0.0,0.0,-0.0318402461707592,-0.07743741571903229,-2.546144485473633,0.0,0.0,-2.546144485473633,-0.01145067997276783,-0.1782231330871582,-0.6755664944648743,0.2590198516845703,0.5937897562980652,0.008027194067835808,0.0,0.0,0.0,-2.1873996257781982,8.963205337524414,-0.5,11.014883995056152,2.420790195465088,-8.052066802978516,-10.0,24.042438507080078,2.0,2.1097707748413086,4.9461822509765625,0.29744139313697815,0.28977540135383606,0.30357420444488525,0.2943750023841858,0.0,0.30469265580177307,0.30469265580177307,0.30469265580177307,0.30469265580177307,0.0,0.15512719750404358,0.08317184448242188,-9.263973236083984,0.0,0.0,0.0,0.0,0.0,0.0,0.0,0.0,0.0,0.0,0.0,0.0,0.0,0.0,0.0,0.30469274520874023,0.30469274520874023,0.304692804813385,0.30469274520874023,0.5001511573791504,0.04114978387951851,0.08007477223873138,0.13243979215621948,1.8948813676834106,-4.517932415008545,-0.06161825731396675,0.0,0.0,0.0,0.0,0.0,0.0,0.0
54610865449,0,0.10752876847982407,-0.07281489670276642,-0.35663583874702454,0.10752876847982407,-0.07281489670276642,-1.056635856628418,0.16243338584899902,-0.13867710530757904,0.028898533433675766,0.0,0.0,0.0,-0.0318402461707592,-0.07743741571903229,-2.546144485473633,0.0,0.0,-2.546144485473633,0.03994297236204147,-0.294027715921402,-0.6789565086364746,0.24682331085205078,0.6394174695014954,0.008072741329669952,0.0,0.0,0.0,-2.2351064682006836,9.135210037231445,-0.5,11.013720512390137,2.4151387214660645,-8.091730117797852,-10.0,24.243934631347656,2.0,2.0,5.3011932373046875,0.29744139313697815,0.28977540135383606,0.30357420444488525,0.2943750023841858,0.0,0.30469265580177307,0.30469265580177307,0.30469265580177307,0.30469265580177307,0.0,0.07770849019289017,0.0305621437728405,-9.111289024353027,0.0,0.0,0.0,0.0,0.0,0.0,0.0,0.0,0.0,0.0,0.0,0.0,0.0,0.0,0.0,0.30469274520874023,0.30469274520874023,0.304692804813385,0.30469274520874023,0.5036664009094238,0.04114978387951851,0.07567807286977768,0.1392270028591156,1.7583370208740234,-3.8468525409698486,-0.0908559188246727,0.0,0.0,0.0,0.0,0.0,0.0,0.0
54610879714,0,0.10947860777378082,-0.0776071846485138,-0.35528185963630676,0.10947860777378082,-0.0776071846485138,-1.0552818775177002,0.14484432339668274,-0.1499149054288864,0.04060794785618782,0.0,0.0,0.0,-0.029989948496222496,-0.083740234375,-2.5571255683898926,0.0,0.0,-2.5571255683898926,0.05696474388241768,-0.330420583486557,-0.6789920926094055,0.22956445813179016,0.6932477951049805,0.00808209739625454,0.0,0.0,0.0,-2.2351064682006836,9.135210037231445,-0.5,11.013720512390137,2.4100513458251953,-8.133222579956055,-10.0,24.243934631347656,2.0,2.0,5.3011932373046875,0.29744139313697815,0.28977540135383606,0.30357420444488525,0.2943750023841858,0.0,0.30469265580177307,0.30469265580177307,0.30469265580177307,0.30469265580177307,0.0,0.07770849019289017,0.0305621437728405,-9.111289024353027,0.0,0.0,0.0,0.0,0.0,0.0,0.0,0.0,0.0,0.0,0.0,0.0,0.0,0.0,0.0,0.30469274520874023,0.30469274520874023,0.304692804813385,0.30469274520874023,0.5071658492088318,0.04114978387951851,0.0712818130850792,0.14670997858047485,1.692716360092163,-3.6684741973876953,-0.05108306556940079,0.0,0.0,0.0,0.0,0.0,0.0,0.0
54618753725,0,0.11107788980007172,-0.08268662542104721,-0.35367724299430847,0.11107788980007172,-0.08268662542104721,-1.0536772012710571,0.1280461698770523,-0.1604350507259369,0.058649081736803055,0.0,0.0,0.0,-0.02755209244787693,-0.09114271402359009,-2.568143606185913,0.0,0.0,-2.568143606185913,0.05696474388241768,-0.330420583486557,-0.6789920926094055,0.22956445813179016,0.6932477951049805,0.00808209739625454,0.0,0.0,0.0,-2.2583250999450684,9.221985816955566,-0.5,11.013354301452637,2.4100513458251953,-8.133222579956055,-10.0,24.3469181060791,2.0,2.0,5.47889518737793,0.29744139313697815,0.28977540135383606,0.30357420444488525,0.2943750023841858,0.0,0.30469265580177307,0.30469265580177307,0.30469265580177307,0.30469265580177307,0.0,0.05928034707903862,-0.014552149921655655,-8.905829429626465,0.0,0.0,0.0,0.0,0.0,0.0,0.0,0.0,0.0,0.0,0.0,0.0,0.0,0.0,0.0,0.30469274520874023,0.30469274520874023,0.304692804813385,0.30469274520874023,0.5071658492088318,0.04114978387951851,0.0712818130850792,0.14670997858047485,1.692716360092163,-3.6684741973876953,-0.05108306556940079,0.0,0.0,0.0,0.0,0.0,0.0,0.0
54630576737,0,0.11107788980007172,-0.08268662542104721,-0.35367724299430847,0.11107788980007172,-0.08268662542104721,-1.0536772012710571,0.1280461698770523,-0.1604350507259369,0.058649081736803055,0.0,0.0,0.0,-0.02755209244787693,-0.09114271402359009,-2.568143606185913,0.0,0.0,-2.568143606185913,0.0699290782213211,-0.3612232208251953,-0.6789122819900513,0.21372947096824646,0.7400692105293274,0.004777513910084963,0.0,0.0,0.0,-2.2583250999450684,9.221985816955566,-0.5,11.013354301452637,2.4075870513916016,-8.156315803527832,-10.0,24.3469181060791,2.0,2.0,5.47889518737793,0.29744139313697815,0.28977540135383606,0.30357420444488525,0.2943750023841858,0.0,0.30469265580177307,0.30469265580177307,0.30469265580177307,0.30469265580177307,0.0,0.05928034707903862,-0.014552149921655655,-8.905829429626465,0.0,0.0,0.0,0.0,0.0,0.0,0.0,0.0,0.0,0.0,0.0,0.0,0.0,0.0,0.0,0.30469274520874023,0.30469274520874023,0.304692804813385,0.30469274520874023,0.5090371966362,0.04114978387951851,0.06892351806163788,0.1505253165960312,1.5833607912063599,-3.558535575866699,-0.025601180270314217,0.0,0.0,0.0,0.0,0.0,0.0,0.0
54637332122,0,0.11227963864803314,-0.08796502649784088,-0.35164961218833923,0.11227963864803314,-0.08796502649784088,-1.051649570465088,0.11101574450731277,-0.16937872767448425,0.0863306000828743,0.0,0.0,0.0,-0.024735622107982635,-0.09945463389158249,-2.579174041748047,0.0,0.0,-2.579174041748047,0.08305943757295609,-0.3942926228046417,-0.6793240308761597,0.21372947096824646,0.7400692105293274,0.004777513910084963,0.0,0.0,0.0,-2.298912525177002,9.391222953796387,-0.5,11.013453483581543,2.4075870513916016,-8.156315803527832,-10.0,24.55512237548828,2.0,2.0,5.817728042602539,0.29744139313697815,0.28977540135383606,0.30357420444488525,0.2943750023841858,0.0,0.30469265580177307,0.30469265580177307,0.30469265580177307,0.30469265580177307,0.0,0.022168418392539024,-0.07287776470184326,-8.360694885253906,0.0,0.0,0.0,0.0,0.0,0.0,0.0,0.0,0.0,0.0,0.0,0.0,0.0,0.0,0.0,0.30469274520874023,0.30469274520874023,0.304692804813385,0.30469274520874023,0.5090371966362,0.04114978387951851,0.06892351806163788,0.1505253165960312,1.4239174127578735,-3.352984666824341,-0.035284530371427536,0.0,0.0,0.0,0.0,0.0,0.0,0.0
54647104792,0,0.11227963864803314,-0.08796502649784088,-0.35164961218833923,0.11227963864803314,-0.08796502649784088,-1.051649570465088,0.11101574450731277,-0.16937872767448425,0.0863306000828743,0.0,0.0,0.0,-0.024735622107982635,-0.09945463389158249,-2.579174041748047,0.0,0.0,-2.579174041748047,0.10046955198049545,-0.44969871640205383,-0.6800776720046997,0.17840348184108734,0.8443077206611633,0.004744543228298426,0.0,0.0,0.0,-2.298912525177002,9.391222953796387,-0.5,11.013453483581543,2.40149188041687,-8.225422859191895,-10.0,24.772842407226562,2.0,2.0,6.145090103149414,0.29744139313697815,0.28977540135383606,0.30357420444488525,0.2943750023841858,0.0,0.30469265580177307,0.30469265580177307,0.30469265580177307,0.30469265580177307,0.0,0.022168418392539024,-0.07287776470184326,-8.360694885253906,0.0,0.0,0.0,0.0,0.0,0.0,0.0,0.0,0.0,0.0,0.0,0.0,0.0,0.0,0.0,0.30469274520874023,0.30469274520874023,0.304692804813385,0.30469274520874023,0.5150020718574524,0.04114978387951851,0.061370570212602615,0.16192737221717834,1.0225296020507812,-2.9811015129089355,-0.034959711134433746,0.0,0.0,0.0,0.0,0.0,0.0,0.0
54657579014,0,0.11316007375717163,-0.09340151399374008,-0.3490886986255646,0.11316007375717163,-0.09340151399374008,-1.049088716506958,0.09457443654537201,-0.17764277756214142,0.11477263271808624,0.0,0.0,0.0,-0.02166573703289032,-0.10863306373357773,-2.590247631072998,0.0,0.0,-2.590247631072998,0.10046955198049545,-0.44969871640205383,-0.6800776720046997,0.1593804955482483,0.9015416502952576,0.00807327963411808,0.0,0.0,0.0,-2.332970142364502,9.560016632080078,-0.5,11.01396656036377,2.40149188041687,-8.225422859191895,-10.0,24.772842407226562,2.0,2.0,6.145090103149414,0.29744139313697815,0.28977540135383606,0.30204102396965027,0.2943750023841858,0.0,0.30469265580177307,0.30469265580177307,0.30469265580177307,0.30469265580177307,0.0,-0.13318230211734772,-0.09717869013547897,-8.370769500732422,0.0,0.0,0.0,0.0,0.0,0.0,0.0,0.0,0.0,0.0,0.0,0.0,0.0,0.0,0.0,0.30469274520874023,0.30469274520874023,0.304692804813385,0.30469274520874023,0.5150020718574524,0.04114978387951851,0.061370570212602615,0.16192737221717834,1.0225296020507812,-2.9811015129089355,-0.034959711134433746,0.0,0.0,0.0,0.0,0.0,0.0,0.0
54667303192,0,0.11347860842943192,-0.09617690742015839,-0.3476291000843048,0.11347860842943192,-0.09617690742015839,-1.0476291179656982,0.08626145124435425,-0.18185362219810486,0.12469403445720673,0.0,0.0,0.0,-0.019991891458630562,-0.11348351091146469,-2.595850944519043,0.0,0.0,-2.595850944519043,0.10745617747306824,-0.47623440623283386,-0.6807162761688232,0.1593804955482483,0.9015416502952576,0.00807327963411808,0.0,0.0,0.0,-2.355450391769409,9.667133331298828,-0.5,11.017061233520508,2.3996224403381348,-8.25084400177002,-10.0,24.909648895263672,2.0,2.0,6.3542633056640625,0.29744139313697815,0.28977540135383606,0.30357420444488525,0.2943750023841858,0.0,0.30469265580177307,0.30469265580177307,0.30469265580177307,0.30469265580177307,0.0,-0.2044537365436554,-0.11342731863260269,-8.764692306518555,0.0,0.0,0.0,0.0,0.0,0.0,0.0,0.0,0.0,0.0,0.0,0.0,0.0,0.0,0.0,0.30469274520874023,0.30469274520874023,0.304692804813385,0.30469274520874023,0.5150020718574524,0.04114978387951851,0.061370570212602615,0.16192737221717834,0.8503465056419373,-2.7595930099487305,-0.04691401496529579,0.0,0.0,0.0,0.0,0.0,0.0,0.0
54677975092,0,0.11347860842943192,-0.09617690742015839,-0.3476291000843048,0.11385442316532135,-0.10184430330991745,-1.0445225238800049,0.08626145124435425,-0.18185362219810486,0.12469403445720673,0.0,0.0,0.0,-0.019991891458630562,-0.11348351091146469,-2.595850944519043,0.0,0.0,-2.6070775985717773,0.12129785865545273,-0.5180651545524597,-0.6824506521224976,0.1520557701587677,0.9214243292808533,0.004658829420804977,0.0,0.0,0.0,-2.3942415714263916,9.833528518676758,-0.5,11.018491744995117,2.3996224403381348,-8.25084400177002,-10.0,25.11610221862793,2.0,2.0,6.685569763183594,0.29744139313697815,0.28977540135383606,0.30357420444488525,0.2943750023841858,0.0,0.30469265580177307,0.30469265580177307,0.30469265580177307,0.30469265580177307,0.0,-0.2044537365436554,-0.11342731863260269,-8.764692306518555,0.0,0.0,0.0,0.0,0.0,0.0,0.0,0.0,0.0,0.0,0.0,0.0,0.0,0.0,0.0,0.30469274520874023,0.30469274520874023,0.304692804813385,0.30469274520874023,0.5150020718574524,0.04114978387951851,0.061370570212602615,0.16192737221717834,0.7675004601478577,-2.2751903533935547,-0.06787165999412537,0.0,0.0,0.0,0.0,0.0,0.0,0.0
54687182137,0,0.11385442316532135,-0.10184430330991745,-0.34452250599861145,0.11385442316532135,-0.10184430330991745,-1.0445225238800049,0.0680309385061264,-0.18970730900764465,0.13541622459888458,0.0,0.0,0.0,-0.016358528286218643,-0.12360329926013947,-2.6070775985717773,0.0,0.0,-2.6070775985717773,0.12129785865545273,-0.5180651545524597,-0.6824506521224976,0.11539043486118317,1.022816777229309,0.007887054234743118,0.0,0.0,0.0,-2.3942415714263916,9.833528518676758,-0.5,11.018491744995117,2.3996224403381348,-8.25084400177002,-10.0,25.11610221862793,2.0,2.0,6.685569763183594,0.29744139313697815,0.28977540135383606,0.30357420444488525,0.2943750023841858,0.0,0.30469265580177307,0.30469265580177307,0.30469265580177307,0.30469265580177307,0.0,-0.2940073013305664,-0.18275529146194458,-9.403059959411621,0.0,0.0,0.0,0.0,0.0,0.0,0.0,0.0,0.0,0.0,0.0,0.0,0.0,0.0,0.0,0.30469274520874023,0.30469274520874023,0.304692804813385,0.30469274520874023,0.5150020718574524,0.04114978387951851,0.061370570212602615,0.16192737221717834,0.7675004601478577,-2.2751903533935547,-0.06787165999412537,0.0,0.0,0.0,0.0,0.0,0.0,0.0
54699318656,0,0.11385442316532135,-0.10184430330991745,-0.34452250599861145,0.11392313241958618,-0.10468942672014236,-1.0429036617279053,0.0680309385061264,-0.18970730900764465,0.13541622459888458,0.0,0.0,0.0,-0.016358528286218643,-0.12360329926013947,-2.6070775985717773,0.0,0.0,-2.6127333641052246,0.1280985027551651,-0.5340644717216492,-0.6829536557197571,0.11539043486118317,1.022816777229309,0.007887054234743118,0.0,0.0,0.0,-2.3942415714263916,9.833528518676758,-0.5,11.018491744995117,2.3952713012695312,-8.322429656982422,-10.0,25.11610221862793,2.0,2.0,6.685569763183594,0.29744139313697815,0.28977540135383606,0.30357420444488525,0.2943750023841858,0.0,0.30469265580177307,0.30469265580177307,0.30469265580177307,0.30469265580177307,0.0,-0.2940073013305664,-0.18275529146194458,-9.403059959411621,0.0,0.0,0.0,0.0,0.0,0.0,0.0,0.0,0.0,0.0,0.0,0.0,0.0,0.0,0.0,0.30469274520874023,0.30469274520874023,0.304692804813385,0.30469274520874023,0.5226793885231018,0.04114978387951851,0.05155551806092262,0.17649412155151367,0.7021699547767639,-1.9042766094207764,-0.058432456105947495,0.0,0.0,0.0,0.0,0.0,0.0,0.0
54716855061,0,0.11392313241958618,-0.10468942672014236,-0.342903733253479,0.11392313241958618,-0.10468942672014236,-1.0429036617279053,0.0593377947807312,-0.19308842718601227,0.14046527445316315,0.0,0.0,0.0,-0.014434926211833954,-0.1287606656551361,-2.6127333641052246,0.0,0.0,-2.6127333641052246,0.13208334147930145,-0.5485091209411621,-0.6837990283966064,0.09987316280603409,1.064725399017334,0.007796037942171097,0.0,0.0,0.0,-2.3942415714263916,9.833528518676758,-0.5,11.018491744995117,2.393967866897583,-8.349906921386719,-10.0,25.319042205810547,2.0,2.0,7.006555557250977,0.29744139313697815,0.28977540135383606,0.30357420444488525,0.2943750023841858,0.0,0.30469265580177307,0.30469265580177307,0.30469265580177307,0.30469265580177307,0.0,-0.3955572247505188,-0.224915012717247,-9.38288688659668,0.0,0.0,0.0,0.0,0.0,0.0,0.0,0.0,0.0,0.0,0.0,0.0,0.0,0.0,0.0,0.30469274520874023,0.30469274520874023,0.304692804813385,0.30469274520874023,0.5244387984275818,0.04114978387951851,0.04930807650089264,0.1798100769519806,0.5422995686531067,-1.6452014446258545,-0.06508947163820267,0.0,0.0,0.0,0.0,0.0,0.0,0.0
54717547163,0,0.11384907364845276,-0.11046408116817474,-0.3395496606826782,0.11384907364845276,-0.11046408116817474,-1.0395495891571045,0.04138076305389404,-0.1987568587064743,0.14821459352970123,0.0,0.0,0.0,-0.010498099960386753,-0.13941730558872223,-2.6241257190704346,0.0,0.0,-2.6241259574890137,0.13208334147930145,-0.5485091209411621,-0.6837990283966064,0.09987316280603409,1.064725399017334,0.007796037942171097,0.0,0.0,0.0,-2.4452877044677734,10.072482109069824,-0.5,11.020186424255371,2.393967866897583,-8.349906921386719,-10.0,25.41988182067871,2.0,2.0,7.153667449951172,0.29744139313697815,0.28977540135383606,0.30357420444488525,0.2943750023841858,0.0,0.30469265580177307,0.30469265580177307,0.30469265580177307,0.30469265580177307,0.0,-0.5501048564910889,-0.2744482755661011,-9.676048278808594,0.0,0.0,0.0,0.0,0.0,0.0,0.0,0.0,0.0,0.0,0.0,0.0,0.0,0.0,0.0,0.30469274520874023,0.30469274520874023,0.304692804813385,0.30469274520874023,0.5244387984275818,0.04114978387951851,0.04930807650089264,0.1798100769519806,0.5422995686531067,-1.6452014446258545,-0.06508947163820267,0.0,0.0,0.0,0.0,0.0,0.0,0.0
54728923500,0,0.11384907364845276,-0.11046408116817474,-0.3395496606826782,0.11384907364845276,-0.11046408116817474,-1.0395495891571045,0.04138076305389404,-0.1987568587064743,0.14821459352970123,0.0,0.0,0.0,-0.010498099960386753,-0.13941730558872223,-2.6241257190704346,0.0,0.0,-2.6241259574890137,0.13334625959396362,-0.571454644203186,-0.6860251426696777,0.06868978589773178,1.150288462638855,0.007610661908984184,0.0,0.0,0.0,-2.4452877044677734,10.072482109069824,-0.5,11.020186424255371,2.390965461730957,-8.431572914123535,-10.0,25.41988182067871,2.0,2.0,7.153667449951172,0.29590821266174316,0.28977540135383606,0.30357420444488525,0.2943750023841858,0.0,0.30469265580177307,0.30469265580177307,0.30469265580177307,0.30469265580177307,0.0,-0.5501048564910889,-0.2744482755661011,-9.676048278808594,0.0,0.0,0.0,0.0,0.0,0.0,0.0,0.0,0.0,0.0,0.0,0.0,0.0,0.0,0.0,0.30469274520874023,0.30469274520874023,0.304692804813385,0.30469274520874023,0.5299080014228821,0.04114978387951851,0.042252954095602036,0.18915840983390808,0.18517011404037476,-1.2877761125564575,-0.10262062400579453,0.0,0.0,0.0,0.0,0.0,0.0,0.0
54737545188,0,0.11325856298208237,-0.11910916864871979,-0.33447152376174927,0.11325856298208237,-0.11910916864871979,-1.0344715118408203,0.014036348089575768,-0.20560969412326813,0.14049223065376282,0.0,0.0,0.0,-0.004415457136929035,-0.15569451451301575,-2.641500949859619,0.0,0.0,-2.6415011882781982,0.13334201276302338,-0.5775361657142639,-0.6868258118629456,0.05260872095823288,1.1936755180358887,0.0075540682300925255,0.0,0.0,0.0,-2.4886527061462402,10.268383026123047,-0.5,11.021588325500488,2.390965461730957,-8.431572914123535,-10.0,25.666553497314453,2.0,2.0,7.539924621582031,0.29590821266174316,0.28977540135383606,0.30204102396965027,0.2943750023841858,0.0,0.30469265580177307,0.30469265580177307,0.30469265580177307,0.30469265580177307,0.0,-0.5501048564910889,-0.2744482755661011,-9.676048278808594,0.0,0.0,0.0,0.0,0.0,0.0,0.0,0.0,0.0,0.0,0.0,0.0,0.0,0.0,0.0,0.30469274520874023,0.30469274520874023,0.304692804813385,0.30469274520874023,0.5299080014228821,0.04114978387951851,0.042252954095602036,0.18915840983390808,0.10194314271211624,-1.0134377479553223,-0.09474484622478485,0.0,0.0,0.0,0.0,0.0,0.0,0.0
54747169391,0,0.11325856298208237,-0.11910916864871979,-0.33447152376174927,0.11325856298208237,-0.11910916864871979,-1.0344715118408203,0.014036348089575768,-0.20560969412326813,0.14049223065376282,0.0,0.0,0.0,-0.004415457136929035,-0.15569451451301575,-2.641500949859619,0.0,0.0,-2.6415011882781982,0.13123850524425507,-0.5793610215187073,-0.6866756081581116,0.0106546925380826,1.3002383708953857,0.0036153183318674564,0.0,0.0,0.0,-2.51684832572937,10.408090591430664,-0.5,11.020490646362305,2.389436721801758,-8.491593360900879,-10.0,25.84674835205078,2.0,2.0,7.810886383056641,0.29744139313697815,0.28977540135383606,0.30357420444488525,0.2943750023841858,0.0,0.30469265580177307,0.30469265580177307,0.30469265580177307,0.30469265580177307,0.0,-0.732259213924408,-0.3373073637485504,-10.285269737243652,0.0,0.0,0.0,0.0,0.0,0.0,0.0,0.0,0.0,0.0,0.0,0.0,0.0,0.0,0.0,0.30469274520874023,0.30469274520874023,0.304692804813385,0.30469274520874023,0.5331159830093384,0.04114978387951851,0.04114978387951851,0.19482579827308655,-0.06128106266260147,-0.2739526927471161,-0.015374042093753815,0.0,0.0,0.0,0.0,0.0,0.0,0.0
54757094288,0,0.11254119873046875,-0.12485621124505997,-0.3312855064868927,0.11254119873046875,-0.12485621124505997,-1.0312855243682861,-0.002589913085103035,-0.20899605751037598,0.12807397544384003,0.0,0.0,0.0,-0.00017584131273906678,-0.1664106696844101,-2.653278112411499,0.0,0.0,-2.65327787399292,0.12795129418373108,-0.5740889310836792,-0.6870415806770325,0.0106546925380826,1.3002383708953857,0.0036153183318674564,0.0,0.0,0.0,-2.52824068069458,10.471121788024902,-0.5,11.02068042755127,2.389436721801758,-8.491593360900879,-10.0,25.918920516967773,2.0,2.0,7.931841850280762,0.29744139313697815,0.28977540135383606,0.30357420444488525,0.2943750023841858,0.0,0.30469265580177307,0.30469265580177307,0.30469265580177307,0.30469265580177307,0.0,-1.0077499151229858,-0.40003207325935364,-10.545761108398438,0.0,0.0,0.0,0.0,0.0,0.0,0.0,0.0,0.0,0.0,0.0,0.0,0.0,0.0,0.0,0.30469274520874023,0.30469274520874023,0.304692804813385,0.30469274520874023,0.5331159830093384,0.04114978387951851,0.04114978387951851,0.19482579827308655,-0.190901517868042,0.10728254169225693,-0.02678469754755497,0.0,0.0,0.0,0.0,0.0,0.0,0.0
54767135168,0,0.11214327067136765,-0.1276351809501648,-0.329770565032959,0.11214327067136765,-0.1276351809501648,-1.0297706127166748,-0.01044092420488596,-0.20968744158744812,0.12127193063497543,0.0,0.0,0.0,0.0019224080024287105,-0.17159685492515564,-2.659166097640991,0.0,0.0,-2.659166097640991,0.12795129418373108,-0.5740889310836792,-0.6870415806770325,-0.02963072992861271,1.4029502868652344,0.00675275269895792,0.0,0.0,0.0,-2.52824068069458,10.471121788024902,-0.5,11.02068042755127,2.389436721801758,-8.491593360900879,-10.0,25.918920516967773,2.0,2.0,7.931841850280762,0.29744139313697815,0.28977540135383606,0.30357420444488525,0.2943750023841858,0.0,0.30469265580177307,0.30469265580177307,0.30469265580177307,0.30469265580177307,0.0,-1.1096478700637817,-0.43709808588027954,-10.586953163146973,0.0,0.0,0.0,0.0,0.0,0.0,0.0,0.0,0.0,0.0,0.0,0.0,0.0,0.0,0.0,0.30469274520874023,0.30469274520874023,0.304692804813385,0.30469274520874023,0.5331159830093384,0.04114978387951851,0.04114978387951851,0.19482579827308655,-0.190901517868042,0.10728254169225693,-0.02678469754755497,0.0,0.0,0.0,0.0,0.0,0.0,0.0
54777407183,0,0.11214327067136765,-0.1276351809501648,-0.329770565032959,0.11214327067136765,-0.1276351809501648,-1.0297706127166748,-0.01044092420488596,-0.20968744158744812,0.12127193063497543,0.0,0.0,0.0,0.0019224080024287105,-0.17159685492515564,-2.659166097640991,0.0,0.0,-2.659166097640991,0.12795129418373108,-0.5740889310836792,-0.6870415806770325,-0.04552464559674263,1.442388892173767,0.006541784852743149,0.0,0.0,0.0,-2.52824068069458,10.471121788024902,-0.5,11.02068042755127,2.388089895248413,-8.575762748718262,-10.0,25.918920516967773,2.0,2.0,7.931841850280762,0.29590821266174316,0.28977540135383606,0.30357420444488525,0.2943750023841858,0.0,0.30469265580177307,0.30469265580177307,0.30469265580177307,0.30469265580177307,0.0,-1.1096478700637817,-0.43709808588027954,-10.586953163146973,0.0,0.0,0.0,0.0,0.0,0.0,0.0,0.0,0.0,0.0,0.0,0.0,0.0,0.0,0.0,0.30469274520874023,0.30469274520874023,0.304692804813385,0.30469274520874023,0.5360552072525024,0.04114978387951851,0.04114978387951851,0.2006646692752838,-0.190901517868042,0.10728254169225693,-0.02678469754755497,0.0,0.0,0.0,0.0,0.0,0.0,0.0
54787361691,0,0.11123565584421158,-0.13303260505199432,-0.3269476890563965,0.11123565584421158,-0.13303260505199432,-1.0269477367401123,-0.02665061689913273,-0.21000538766384125,0.10838598757982254,0.0,0.0,0.0,0.005999309942126274,-0.18167492747306824,-2.6711878776550293,0.0,0.0,-2.6711878776550293,0.11541341245174408,-0.5558858513832092,-0.6893839240074158,-0.04552464559674263,1.442388892173767,0.006541784852743149,0.0,0.0,0.0,-2.543557643890381,10.584952354431152,-0.5,11.022764205932617,2.388089895248413,-8.575762748718262,-10.0,26.08893394470215,2.0,2.0,8.139106750488281,0.29744139313697815,0.28977540135383606,0.30357420444488525,0.2943750023841858,0.0,0.30469265580177307,0.30469265580177307,0.30469265580177307,0.30469265580177307,0.0,-1.2157362699508667,-0.5283666849136353,-10.408916473388672,0.0,0.0,0.0,0.0,0.0,0.0,0.0,0.0,0.0,0.0,0.0,0.0,0.0,0.0,0.0,0.30469274520874023,0.30469274520874023,0.304692804813385,0.30469274520874023,0.5379201173782349,0.04114978387951851,0.04114978387951851,0.20361897349357605,-0.5258994102478027,0.7227486968040466,-0.08202187716960907,0.0,0.0,0.0,0.0,0.0,0.0,0.0
54797409458,0,0.1107311025261879,-0.13565103709697723,-0.3256097137928009,0.1107311025261879,-0.13565103709697723,-1.0256097316741943,-0.034306641668081284,-0.2099427580833435,0.10368679463863373,0.0,0.0,0.0,0.008014824241399765,-0.18652565777301788,-2.6772043704986572,0.0,0.0,-2.6772043704986572,0.10937263816595078,-0.5441927313804626,-0.6891186237335205,-0.04552464559674263,1.442388892173767,0.006541784852743149,0.0,0.0,0.0,-2.552410840988159,10.636563301086426,-0.5,11.021883964538574,2.387735605239868,-8.60759449005127,-10.0,26.157949447631836,2.0,2.0,8.236631393432617,0.29744139313697815,0.28977540135383606,0.30357420444488525,0.2943750023841858,0.0,0.30469265580177307,0.30469265580177307,0.30469265580177307,0.30469265580177307,0.0,-1.2451964616775513,-0.4972046911716461,-10.102766990661621,0.0,0.0,0.0,0.0,0.0,0.0,0.0,0.0,0.0,0.0,0.0,0.0,0.0,0.0,0.0,0.30469274520874023,0.30469274520874023,0.304692804813385,0.30469274520874023,0.5392614006996155,0.04114978387951851,0.04114978387951851,0.20566493272781372,-0.5893996953964233,0.9790858030319214,-0.03255792707204819,0.0,0.0,0.0,0.0,0.0,0.0,0.0
54807171633,0,0.1107311025261879,-0.13565103709697723,-0.3256097137928009,0.10900311172008514,-0.1434227079153061,-1.0215411186218262,-0.034306641668081284,-0.2099427580833435,0.10368679463863373,0.0,0.0,0.0,0.008014824241399765,-0.18652565777301788,-2.6772043704986572,0.0,0.0,-2.6954851150512695,0.09631133079528809,-0.5045888423919678,-0.6887293457984924,-0.07716292887926102,1.5176787376403809,0.006113629788160324,0.0,0.0,0.0,-2.552410840988159,10.636563301086426,-0.5,11.021883964538574,2.387458324432373,-8.639796257019043,-10.0,26.157949447631836,2.0,2.0,8.236631393432617,0.29590821266174316,0.28977540135383606,0.30357420444488525,0.2943750023841858,0.0,0.30469265580177307,0.30469265580177307,0.30469265580177307,0.30469265580177307,0.0,-1.2451964616775513,-0.4972046911716461,-10.102766990661621,0.0,0.0,0.0,0.0,0.0,0.0,0.0,0.0,0.0,0.0,0.0,0.0,0.0,0.0,0.0,0.30469274520874023,0.30469274520874023,0.304692804813385,0.30469274520874023,0.540402352809906,0.04114978387951851,0.04114978387951851,0.20758827030658722,-0.6310254335403442,1.694791555404663,-0.008427653461694717,0.0,0.0,0.0,0.0,0.0,0.0,0.0
54817290702,0,0.10900311172008514,-0.1434227079153061,-0.3215411603450775,0.10900311172008514,-0.1434227079153061,-1.0215411186218262,-0.05435440316796303,-0.20893195271492004,0.11831250041723251,0.0,0.0,0.0,0.013987818732857704,-0.19976258277893066,-2.6954851150512695,0.0,0.0,-2.6954851150512695,0.0878395289182663,-0.48562490940093994,-0.6890085339546204,-0.10802538692951202,1.585616946220398,0.00569108733907342,0.0,0.0,0.0,-2.578911304473877,10.743387222290039,-0.5,11.018230438232422,2.3871941566467285,-8.700399398803711,-10.0,26.276630401611328,2.0,2.0,8.452864646911621,0.29590821266174316,0.28977540135383606,0.30357420444488525,0.2943750023841858,0.0,0.30469265580177307,0.30469265580177307,0.30469265580177307,0.30469265580177307,0.0,-1.2129076719284058,-0.5222400426864624,-8.972625732421875,0.0,0.0,0.0,0.0,0.0,0.0,0.0,0.0,0.0,0.0,0.0,0.0,0.0,0.0,0.0,0.30469274520874023,0.30469274520874023,0.304692804813385,0.30469274520874023,0.5422590374946594,0.04114978387951851,0.04114978387951851,0.21082137525081635,-0.7706853151321411,1.8747763633728027,-0.01706407032907009,0.0,0.0,0.0,0.0,0.0,0.0,0.0
54827490536,0,0.10900311172008514,-0.1434227079153061,-0.3215411603450775,0.10900311172008514,-0.1434227079153061,-1.0215411186218262,-0.05435440316796303,-0.20893195271492004,0.11831250041723251,0.0,0.0,0.0,0.013987818732857704,-0.19976258277893066,-2.6954851150512695,0.0,0.0,-2.6954851150512695,0.07296401262283325,-0.4639594554901123,-0.6889531016349792,-0.12244025617837906,1.6179317235946655,0.005393065046519041,0.0,0.0,0.0,-2.578911304473877,10.743387222290039,-0.5,11.018230438232422,2.3871374130249023,-8.733416557312012,-10.0,26.435760498046875,2.0,2.0,8.618236541748047,0.29590821266174316,0.28977540135383606,0.30357420444488525,0.2943750023841858,0.0,0.30469265580177307,0.30469265580177307,0.30469265580177307,0.30469265580177307,0.0,-1.2129076719284058,-0.5222400426864624,-8.972625732421875,0.0,0.0,0.0,0.0,0.0,0.0,0.0,0.0,0.0,0.0,0.0,0.0,0.0,0.0,0.0,0.30469274520874023,0.30469274520874023,0.304692804813385,0.30469274520874023,0.5434175133705139,0.04114978387951851,0.04114978387951851,0.21215912699699402,-1.0952913761138916,1.960607647895813,-0.004987971391528845,0.0,0.0,0.0,0.0,0.0,0.0,0.0
54838630546,0,0.10773927718400955,-0.14835071563720703,-0.31843963265419006,0.10773927718400955,-0.14835071563720703,-1.0184396505355835,-0.0648108720779419,-0.20684686303138733,0.1401638239622116,0.0,0.0,0.0,0.017510853707790375,-0.20777006447315216,-2.7078075408935547,0.0,0.0,-2.7078075408935547,0.05795183405280113,-0.4446375370025635,-0.6886342167854309,-0.12244025617837906,1.6179317235946655,0.005393065046519041,0.0,0.0,0.0,-2.5846381187438965,10.84099006652832,-0.5,11.02066707611084,2.3871374130249023,-8.733416557312012,-10.0,26.435760498046875,2.0,2.0,8.618236541748047,0.29744139313697815,0.28977540135383606,0.30357420444488525,0.2943750023841858,0.0,0.30469265580177307,0.30469265580177307,0.30469265580177307,0.30469265580177307,0.0,-1.3007086515426636,-0.5384759306907654,-8.479835510253906,0.0,0.0,0.0,0.0,0.0,0.0,0.0,0.0,0.0,0.0,0.0,0.0,0.0,0.0,0.0,0.30469274520874023,0.30469274520874023,0.304692804813385,0.30469274520874023,0.5434175133705139,0.04114978387951851,0.04114978387951851,0.21215912699699402,-1.339247465133667,2.047739267349243,0.011647764593362808,0.0,0.0,0.0,0.0,0.0,0.0,0.0
54847349994,0,0.10710117965936661,-0.1507292091846466,-0.3167720139026642,0.10710117965936661,-0.1507292091846466,-1.0167720317840576,-0.07066411525011063,-0.20525090396404266,0.1467231661081314,0.0,0.0,0.0,0.019066203385591507,-0.21145765483379364,-2.7140138149261475,0.0,0.0,-2.7140138149261475,0.05795183405280113,-0.4446375370025635,-0.6886342167854309,-0.12244025617837906,1.6179317235946655,0.005393065046519041,0.0,0.0,0.0,-2.579212188720703,10.878594398498535,-0.5,11.020102500915527,2.3871374130249023,-8.733416557312012,-10.0,26.493196487426758,2.0,2.0,8.670641899108887,0.29590821266174316,0.28977540135383606,0.30357420444488525,0.2943750023841858,0.0,0.30469265580177307,0.30469265580177307,0.30469265580177307,0.30469265580177307,0.0,-1.3007086515426636,-0.5384759306907654,-8.479835510253906,0.0,0.0,0.0,0.0,0.0,0.0,0.0,0.0,0.0,0.0,0.0,0.0,0.0,0.0,0.0,0.30469274520874023,0.30469274520874023,0.304692804813385,0.30469274520874023,0.5434175133705139,0.04114978387951851,0.04114978387951851,0.21215912699699402,-1.339247465133667,2.047739267349243,0.011647764593362808,0.0,0.0,0.0,0.0,0.0,0.0,0.0
54857554594,0,0.10710117965936661,-0.1507292091846466,-0.3167720139026642,0.10710117965936661,-0.1507292091846466,-1.0167720317840576,-0.07066411525011063,-0.20525090396404266,0.1467231661081314,0.0,0.0,0.0,0.019066203385591507,-0.21145765483379364,-2.7140138149261475,0.0,0.0,-2.7140138149261475,0.03958529978990555,-0.413504958152771,-0.6894316673278809,-0.1548052430152893,1.6910417079925537,0.001170543022453785,0.0,0.0,0.0,-2.5720057487487793,10.90919303894043,-0.5,11.020975112915039,2.386953115463257,-8.795453071594238,-10.0,26.55359649658203,2.0,2.0,8.707942008972168,0.29590821266174316,0.28977540135383606,0.30357420444488525,0.2943750023841858,0.0,0.30469265580177307,0.30469265580177307,0.30469265580177307,0.30469265580177307,0.0,-1.3007086515426636,-0.5384759306907654,-8.479835510253906,0.0,0.0,0.0,0.0,0.0,0.0,0.0,0.0,0.0,0.0,0.0,0.0,0.0,0.0,0.0,0.30469274520874023,0.30469274520874023,0.304692804813385,0.30469274520874023,0.5456125736236572,0.04114978387951851,0.04114978387951851,0.21430617570877075,-1.4449443817138672,2.347778558731079,-0.032221995294094086,0.0,0.0,0.0,0.0,0.0,0.0,0.0
54866993581,0,0.10570085048675537,-0.15537606179714203,-0.31336453557014465,0.10570085048675537,-0.15537606179714203,-1.013364553451538,-0.08252368867397308,-0.20084162056446075,0.1504930555820465,0.0,0.0,0.0,0.021996254101395607,-0.2178039252758026,-2.726501226425171,0.0,0.0,-2.726501226425171,0.024979393929243088,-0.38599643111228943,-0.6899886131286621,-0.17042022943496704,1.7283575534820557,0.0045989928767085075,0.0,0.0,0.0,-2.5669524669647217,10.931375503540039,-0.5,11.021394729614258,2.386793613433838,-8.829163551330566,-10.0,26.597118377685547,2.0,2.0,8.735262870788574,0.29744139313697815,0.28977540135383606,0.30357420444488525,0.2943750023841858,0.0,0.30469265580177307,0.30469265580177307,0.30469265580177307,0.30469265580177307,0.0,-1.5601240396499634,-0.7187403440475464,-9.588790893554688,0.0,0.0,0.0,0.0,0.0,0.0,0.0,0.0,0.0,0.0,0.0,0.0,0.0,0.0,0.0,0.30469274520874023,0.30469274520874023,0.304692804813385,0.30469274520874023,0.5466915369033813,0.04114978387951851,0.04114978387951851,0.21561749279499054,-1.5156036615371704,2.661315679550171,-0.04536615312099457,0.0,0.0,0.0,0.0,0.0,0.0,0.0
54879858109,0,0.10570085048675537,-0.15537606179714203,-0.31336453557014465,0.10570085048675537,-0.15537606179714203,-1.013364553451538,-0.08252368867397308,-0.20084162056446075,0.1504930555820465,0.0,0.0,0.0,0.021996254101395607,-0.2178039252758026,-2.726501226425171,0.0,0.0,-2.726501226425171,-0.0013777620624750853,-0.3198363482952118,-0.6898908019065857,-0.19128289818763733,1.7691900730133057,0.004184455145150423,0.0,0.0,0.0,-2.5669524669647217,10.931375503540039,-0.5,11.021394729614258,2.3863742351531982,-8.89684009552002,-10.0,26.597118377685547,2.0,2.0,8.735262870788574,0.29590821266174316,0.28977540135383606,0.30357420444488525,0.2943750023841858,0.0,0.30469265580177307,0.30469265580177307,0.30469265580177307,0.30469265580177307,0.0,-1.6044529676437378,-0.6734464764595032,-9.327164649963379,0.0,0.0,0.0,0.0,0.0,0.0,0.0,0.0,0.0,0.0,0.0,0.0,0.0,0.0,0.0,0.30469274520874023,0.30469274520874023,0.304692804813385,0.30469274520874023,0.5479913353919983,0.04114978387951851,0.04114978387951851,0.21691016852855682,-1.4029372930526733,3.1878180503845215,-0.0038121759425848722,0.0,0.0,0.0,0.0,0.0,0.0,0.0
54893832629,0,0.10419905930757523,-0.1598542183637619,-0.30991217494010925,0.10419905930757523,-0.1598542183637619,-1.009912133216858,-0.0934167429804802,-0.19704261422157288,0.15457215905189514,0.0,0.0,0.0,0.024678079411387444,-0.2229672521352768,-2.7390594482421875,0.0,0.0,-2.7390594482421875,-0.0013777620624750853,-0.3198363482952118,-0.6898908019065857,-0.19128289818763733,1.7691900730133057,0.004184455145150423,0.0,0.0,0.0,-2.562185287475586,10.96367073059082,-0.5,11.020594596862793,2.3861751556396484,-8.925890922546387,-10.0,26.656421661376953,2.0,2.0,8.779309272766113,0.29590821266174316,0.2882421910762787,0.30357420444488525,0.2943750023841858,0.0,0.30469265580177307,0.30469265580177307,0.30469265580177307,0.30469265580177307,0.0,-1.6044529676437378,-0.6734464764595032,-9.327164649963379,0.0,0.0,0.0,0.0,0.0,0.0,0.0,0.0,0.0,0.0,0.0,0.0,0.0,0.0,0.0,0.30469274520874023,0.30469274520874023,0.304692804813385,0.30469274520874023,0.5479913353919983,0.04114978387951851,0.04114978387951851,0.21691016852855682,-1.4029372930526733,3.1878180503845215,-0.0038121759425848722,0.0,0.0,0.0,0.0,0.0,0.0,0.0
54898086487,0,0.10341422259807587,-0.1620372086763382,-0.30814647674560547,0.10341422259807587,-0.1620372086763382,-1.0081465244293213,-0.09881926327943802,-0.19488351047039032,0.15876111388206482,0.0,0.0,0.0,0.02585255168378353,-0.22516338527202606,-2.7453861236572266,0.0,0.0,-2.7453861236572266,-0.016482694074511528,-0.2837774157524109,-0.6899598836898804,-0.19128289818763733,1.7691900730133057,0.004184455145150423,0.0,0.0,0.0,-2.555711269378662,10.977703094482422,-0.5,11.02060317993164,2.3861751556396484,-8.925890922546387,-10.0,26.689083099365234,2.0,2.0,8.791192054748535,0.29590821266174316,0.28977540135383606,0.30357420444488525,0.2943750023841858,0.0,0.30469265580177307,0.30469265580177307,0.30469265580177307,0.30469265580177307,0.0,-1.6614934206008911,-0.7445021867752075,-9.39737319946289,0.0,0.0,0.0,0.0,0.0,0.0,0.0,0.0,0.0,0.0,0.0,0.0,0.0,0.0,0.0,0.30469274520874023,0.30469274520874023,0.304692804813385,0.30469274520874023,0.5479913353919983,0.04114978387951851,0.04114978387951851,0.21691016852855682,-1.4269317388534546,3.305570125579834,-0.008953661657869816,0.0,0.0,0.0,0.0,0.0,0.0,0.0
54909000299,0,0.10341422259807587,-0.1620372086763382,-0.30814647674560547,0.10119660943746567,-0.16809149086475372,-1.0029306411743164,-0.09881926327943802,-0.19488351047039032,0.15876111388206482,0.0,0.0,0.0,0.02585255168378353,-0.22516338527202606,-2.7453861236572266,0.0,0.0,-2.7643914222717285,-0.05652971193194389,-0.21186672151088715,-0.6910516619682312,-0.21395595371723175,1.8134593963623047,0.0037997353356331587,0.0,0.0,0.0,-2.555711269378662,10.977703094482422,-0.5,11.02060317993164,2.3855080604553223,-8.993675231933594,-10.0,26.689083099365234,2.0,2.0,8.791192054748535,0.29590821266174316,0.28977540135383606,0.30357420444488525,0.2943750023841858,0.0,0.30469265580177307,0.30469265580177307,0.30469265580177307,0.30469265580177307,0.0,-1.6614934206008911,-0.7445021867752075,-9.39737319946289,0.0,0.0,0.0,0.0,0.0,0.0,0.0,0.0,0.0,0.0,0.0,0.0,0.0,0.0,0.0,0.30469274520874023,0.30469274520874023,0.304692804813385,0.30469274520874023,0.5497931241989136,0.04114978387951851,0.04114978387951851,0.21672333776950836,-1.8893753290176392,3.61991810798645,-0.03645830228924751,0.0,0.0,0.0,0.0,0.0,0.0,0.0
54917833872,0,0.10119660943746567,-0.16809149086475372,-0.302930623292923,0.10119660943746567,-0.16809149086475372,-1.0029306411743164,-0.11463338136672974,-0.18576326966285706,0.1473020613193512,0.0,0.0,0.0,0.028221365064382553,-0.22967024147510529,-2.7643914222717285,0.0,0.0,-2.7643914222717285,-0.05652971193194389,-0.21186672151088715,-0.6910516619682312,-0.21395595371723175,1.8134593963623047,0.0037997353356331587,0.0,0.0,0.0,-2.528731107711792,11.001187324523926,-0.5,11.021408081054688,2.3855080604553223,-8.993675231933594,-10.0,26.769025802612305,2.0,2.0,8.784480094909668,0.29590821266174316,0.28977540135383606,0.30357420444488525,0.2943750023841858,0.0,0.30469265580177307,0.30469265580177307,0.30469265580177307,0.30469265580177307,0.0,-1.8631420135498047,-0.8292596340179443,-10.378989219665527,0.0,0.0,0.0,0.0,0.0,0.0,0.0,0.0,0.0,0.0,0.0,0.0,0.0,0.0,0.0,0.30469274520874023,0.30469274520874023,0.304692804813385,0.30469274520874023,0.5497931241989136,0.04114978387951851,0.04114978387951851,0.21672333776950836,-1.8893753290176392,3.61991810798645,-0.03645830228924751,0.0,0.0,0.0,0.0,0.0,0.0,0.0
54927586532,0,0.10119660943746567,-0.16809149086475372,-0.302930623292923,0.10043252259492874,-0.16998231410980225,-1.0013108253479004,-0.11463338136672974,-0.18576326966285706,0.1473020613193512,0.0,0.0,0.0,0.028221365064382553,-0.22967024147510529,-2.7643914222717285,0.0,0.0,-2.770730972290039,-0.07866063714027405,-0.16648320853710175,-0.6906924843788147,-0.21395595371723175,1.8134593963623047,0.0037997353356331587,0.0,0.0,0.0,-2.5088560581207275,10.991348266601562,-0.5,11.020740509033203,2.3850491046905518,-9.022624015808105,-10.0,26.78316879272461,2.0,2.0,8.734659194946289,0.29590821266174316,0.28977540135383606,0.30357420444488525,0.2943750023841858,0.0,0.30469265580177307,0.30469265580177307,0.30469265580177307,0.30469265580177307,0.0,-1.8631420135498047,-0.8292596340179443,-10.378989219665527,0.0,0.0,0.0,0.0,0.0,0.0,0.0,0.0,0.0,0.0,0.0,0.0,0.0,0.0,0.0,0.30469274520874023,0.30469274520874023,0.304692804813385,0.30469274520874023,0.5501310229301453,0.04114978387951851,0.04114978387951851,0.21607911586761475,-1.9908030033111572,3.967358350753784,-0.0023641488514840603,0.0,0.0,0.0,0.0,0.0,0.0,0.0
54939677658,0,0.10043252259492874,-0.16998231410980225,-0.30131086707115173,0.10043252259492874,-0.16998231410980225,-1.0013108253479004,-0.12045866250991821,-0.18258772790431976,0.13946029543876648,0.0,0.0,0.0,0.02871766872704029,-0.23034131526947021,-2.770730972290039,0.0,0.0,-2.770730972290039,-0.11940021067857742,-0.07000207901000977,-0.6901743412017822,-0.22523103654384613,1.8290783166885376,-0.00018496507254894823,0.0,0.0,0.0,-2.471475839614868,10.959227561950684,-0.5,11.020161628723145,2.384366273880005,-9.056361198425293,-10.0,26.791316986083984,2.0,2.0,8.622715950012207,0.29590821266174316,0.28977540135383606,0.30357420444488525,0.2943750023841858,0.0,0.30469265580177307,0.30469265580177307,0.30469265580177307,0.30469265580177307,0.0,-1.8972309827804565,-0.8618575930595398,-10.574645042419434,0.0,0.0,0.0,0.0,0.0,0.0,0.0,0.0,0.0,0.0,0.0,0.0,0.0,0.0,0.0,0.30469274520874023,0.30469274520874023,0.304692804813385,0.30469274520874023,0.5503371953964233,0.04114978387951851,0.04114978387951851,0.2151092290878296,-1.9355189800262451,4.4331135749816895,0.009030161425471306,0.0,0.0,0.0,0.0,0.0,0.0,0.0
54947141441,0,0.0990569144487381,-0.17344912886619568,-0.2983560562133789,0.0990569144487381,-0.17344912886619568,-0.99835604429245,-0.13013817369937897,-0.1753084361553192,0.12276223301887512,0.0,0.0,0.0,0.029285918921232224,-0.23061710596084595,-2.7834606170654297,0.0,0.0,-2.7834606170654297,-0.11940021067857742,-0.07000207901000977,-0.6901743412017822,-0.227735698223114,1.8261972665786743,0.003548098262399435,0.0,0.0,0.0,-2.471475839614868,10.959227561950684,-0.5,11.020161628723145,2.3827173709869385,-9.11786937713623,-10.0,26.791316986083984,2.0,2.0,8.622715950012207,0.29590821266174316,0.28977540135383606,0.30357420444488525,0.2943750023841858,0.0,0.30469265580177307,0.30469265580177307,0.30469265580177307,0.30469265580177307,0.0,-1.9569463729858398,-0.830409049987793,-10.587892532348633,0.0,0.0,0.0,0.0,0.0,0.0,0.0,0.0,0.0,0.0,0.0,0.0,0.0,0.0,0.0,0.30469274520874023,0.30469274520874023,0.304692804813385,0.30469274520874023,0.5503371953964233,0.04114978387951851,0.04114978387951851,0.2151092290878296,-1.9355189800262451,4.4331135749816895,0.009030161425471306,0.0,0.0,0.0,0.0,0.0,0.0,0.0
54958166237,0,0.0990569144487381,-0.17344912886619568,-0.2983560562133789,0.0990569144487381,-0.17344912886619568,-0.99835604429245,-0.13013817369937897,-0.1753084361553192,0.12276223301887512,0.0,0.0,0.0,0.029285918921232224,-0.23061710596084595,-2.7834606170654297,0.0,0.0,-2.7834606170654297,-0.13470087945461273,-0.027802271768450737,-0.6903387904167175,-0.22774426639080048,1.8192129135131836,0.0035713696852326393,0.0,0.0,0.0,-2.4570348262786865,10.940467834472656,-0.5,11.020431518554688,2.3827173709869385,-9.11786937713623,-10.0,26.783815383911133,2.0,2.0,8.56877613067627,0.29590821266174316,0.28977540135383606,0.30357420444488525,0.2943750023841858,0.0,0.30469265580177307,0.30469265580177307,0.30469265580177307,0.30469265580177307,0.0,-1.9569463729858398,-0.830409049987793,-10.587892532348633,0.0,0.0,0.0,0.0,0.0,0.0,0.0,0.0,0.0,0.0,0.0,0.0,0.0,0.0,0.0,0.30469274520874023,0.30469274520874023,0.304692804813385,0.30469274520874023,0.5503153800964355,0.04114978387951851,0.04114978387951851,0.213063046336174,-1.8269991874694824,4.547001838684082,-0.0016010348917916417,0.0,0.0,0.0,0.0,0.0,0.0,0.0
54967415468,0,0.0990569144487381,-0.17344912886619568,-0.2983560562133789,0.09766177088022232,-0.17669375240802765,-0.9957153797149658,-0.13013817369937897,-0.1753084361553192,0.12276223301887512,0.0,0.0,0.0,0.029285918921232224,-0.23061710596084595,-2.7834606170654297,0.0,0.0,-2.796210289001465,-0.1717059463262558,0.06459009647369385,-0.6896419525146484,-0.22774426639080048,1.8192129135131836,0.0035713696852326393,0.0,0.0,0.0,-2.438257932662964,10.915384292602539,-0.5,11.020329475402832,2.381800651550293,-9.14593505859375,-10.0,26.77294921875,2.0,2.0,8.497529029846191,0.29590821266174316,0.28977540135383606,0.30357420444488525,0.2943750023841858,0.0,0.30469265580177307,0.30469265580177307,0.30469265580177307,0.30469265580177307,0.0,-1.9331607818603516,-0.8511828184127808,-10.538653373718262,0.0,0.0,0.0,0.0,0.0,0.0,0.0,0.0,0.0,0.0,0.0,0.0,0.0,0.0,0.0,0.30469274520874023,0.30469274520874023,0.304692804813385,0.30469274520874023,0.5500383377075195,0.04114978387951851,0.04114978387951851,0.21172061562538147,-1.9216110706329346,4.677713394165039,0.03082503192126751,0.0,0.0,0.0,0.0,0.0,0.0,0.0
54977693491,0,0.09695202857255936,-0.17824774980545044,-0.2945001721382141,0.09695202857255936,-0.17824774980545044,-0.9945001602172852,-0.14299023151397705,-0.16399918496608734,0.09936454892158508,0.0,0.0,0.0,0.02908613160252571,-0.2281048595905304,-2.8025078773498535,0.0,0.0,-2.8025078773498535,-0.1717059463262558,0.06459009647369385,-0.6896419525146484,-0.22774426639080048,1.8192129135131836,0.0035713696852326393,0.0,0.0,0.0,-2.4111576080322266,10.88798713684082,-0.5,11.019508361816406,2.3791847229003906,-9.210273742675781,-10.0,26.771404266357422,2.0,2.0,8.40885066986084,0.29590821266174316,0.28977540135383606,0.30357420444488525,0.2943750023841858,0.0,0.30469265580177307,0.30469265580177307,0.30469265580177307,0.30469265580177307,0.0,-1.9331607818603516,-0.8511828184127808,-10.538653373718262,0.0,0.0,0.0,0.0,0.0,0.0,0.0,0.0,0.0,0.0,0.0,0.0,0.0,0.0,0.0,0.30469274520874023,0.30469274520874023,0.304692804813385,0.30469274520874023,0.5498573184013367,0.04114978387951851,0.04114978387951851,0.20807364583015442,-1.9216110706329346,4.677713394165039,0.03082503192126751,0.0,0.0,0.0,0.0,0.0,0.0,0.0
54987088939,0,0.09695202857255936,-0.17824774980545044,-0.2945001721382141,0.09695202857255936,-0.17824774980545044,-0.9945001602172852,-0.14299023151397705,-0.16399918496608734,0.09936454892158508,0.0,0.0,0.0,0.02908613160252571,-0.2281048595905304,-2.8025078773498535,0.0,0.0,-2.8025078773498535,-0.19325843453407288,0.1145537942647934,-0.6892761588096619,-0.22184988856315613,1.7970495223999023,0.003709605894982815,0.0,0.0,0.0,-2.387345314025879,10.859162330627441,-0.5,11.019424438476562,2.3791847229003906,-9.210273742675781,-10.0,26.76241683959961,2.0,2.0,8.323296546936035,0.29590821266174316,0.28977540135383606,0.30357420444488525,0.2943750023841858,0.0,0.30469265580177307,0.30469265580177307,0.30469265580177307,0.30469265580177307,0.0,-1.9331607818603516,-0.8511828184127808,-10.538653373718262,0.0,0.0,0.0,0.0,0.0,0.0,0.0,0.0,0.0,0.0,0.0,0.0,0.0,0.0,0.0,0.30469274520874023,0.30469274520874023,0.304692804813385,0.30469274520874023,0.5498573184013367,0.04114978387951851,0.04114978387951851,0.20807364583015442,-1.975955605506897,4.715653896331787,0.03146456927061081,0.0,0.0,0.0,0.0,0.0,0.0,0.0
54997521221,0,0.09482648968696594,-0.18250419199466705,-0.29126420617103577,0.09482648968696594,-0.18250419199466705,-0.9912642240524292,-0.15407568216323853,-0.15197180211544037,0.08545446395874023,0.0,0.0,0.0,0.027295438572764397,-0.2221534550189972,-2.821516513824463,0.0,0.0,-2.821516513824463,-0.21327927708625793,0.1634700745344162,-0.6896904706954956,-0.21774549782276154,1.781342625617981,0.0037319613620638847,0.0,0.0,0.0,-2.3599801063537598,10.817028045654297,-0.5,11.017332077026367,2.377551317214966,-9.2418851852417,-10.0,26.737628936767578,2.0,2.0,8.210497856140137,0.29590821266174316,0.28977540135383606,0.30357420444488525,0.2943750023841858,0.0,0.30469265580177307,0.30469265580177307,0.30469265580177307,0.30469265580177307,0.0,-1.9331607818603516,-0.8511828184127808,-10.538653373718262,0.0,0.0,0.0,0.0,0.0,0.0,0.0,0.0,0.0,0.0,0.0,0.0,0.0,0.0,0.0,0.30469274520874023,0.30469274520874023,0.304692804813385,0.30469274520874023,0.5496231913566589,0.04114978387951851,0.04114978387951851,0.20610544085502625,-1.9410865306854248,4.683236598968506,-0.0008432150934822857,0.0,0.0,0.0,0.0,0.0,0.0,0.0
55007258866,0,0.09482648968696594,-0.18250419199466705,-0.29126420617103577,0.09482648968696594,-0.18250419199466705,-0.9912642240524292,-0.15407568216323853,-0.15197180211544037,0.08545446395874023,0.0,0.0,0.0,0.027295438572764397,-0.2221534550189972,-2.821516513824463,0.0,0.0,-2.821516513824463,-0.24873404204845428,0.24970927834510803,-0.6896378397941589,-0.20487628877162933,1.741786003112793,0.004064238630235195,0.0,0.0,0.0,-2.3599801063537598,10.817028045654297,-0.5,11.017332077026367,2.3739678859710693,-9.298858642578125,-10.0,26.184444427490234,2.0,2.0,8.49488353729248,0.29590821266174316,0.28977540135383606,0.30357420444488525,0.2943750023841858,0.0,0.30469265580177307,0.30469265580177307,0.30469265580177307,0.30469265580177307,0.0,-1.8322981595993042,-0.7642027735710144,-9.989526748657227,0.0,0.0,0.0,0.0,0.0,0.0,0.0,0.0,0.0,0.0,0.0,0.0,0.0,0.0,0.0,0.30469274520874023,0.30469274520874023,0.304692804813385,0.30469274520874023,0.5427084565162659,0.04114978387951851,0.04114978387951851,0.20979240536689758,-1.8434792757034302,4.4922871589660645,0.008932240307331085,0.0,0.0,0.0,0.0,0.0,0.0,0.0
55018157902,0,0.09332770854234695,-0.18506093323230743,-0.28922826051712036,0.09332770854234695,-0.18506093323230743,-0.9892282485961914,-0.1607227325439453,-0.14367689192295074,0.08235000818967819,0.0,0.0,0.0,0.025321412831544876,-0.21645814180374146,-2.8341450691223145,0.0,0.0,-2.8341450691223145,-0.24873404204845428,0.24970927834510803,-0.6896378397941589,-0.20487628877162933,1.741786003112793,0.004064238630235195,0.0,0.0,0.0,-2.3023974895477295,10.734912872314453,-0.48042964935302734,11.000754356384277,2.3739678859710693,-9.298858642578125,-10.0,26.184444427490234,2.0,2.0,8.49488353729248,0.29590821266174316,0.28977540135383606,0.30357420444488525,0.2943750023841858,0.0,0.30469265580177307,0.30469265580177307,0.30469265580177307,0.30469265580177307,0.0,-1.769814133644104,-0.7358627915382385,-9.803401947021484,0.0,0.0,0.0,0.0,0.0,0.0,0.0,0.0,0.0,0.0,0.0,0.0,0.0,0.0,0.0,0.30469274520874023,0.30469274520874023,0.304692804813385,0.30469274520874023,0.5427084565162659,0.04114978387951851,0.04114978387951851,0.20979240536689758,-1.8434792757034302,4.4922871589660645,0.008932240307331085,0.0,0.0,0.0,0.0,0.0,0.0,0.0
55029033167,0,0.09257419407367706,-0.18622028827667236,-0.28826096653938293,0.09257419407367706,-0.18622028827667236,-0.9882609844207764,-0.16405102610588074,-0.13957515358924866,0.08015582710504532,0.0,0.0,0.0,0.02408897504210472,-0.21308478713035583,-2.840505838394165,0.0,0.0,-2.840505838394165,-0.26689231395721436,0.29438140988349915,-0.6896963715553284,-0.20487628877162933,1.741786003112793,0.004064238630235195,0.0,0.0,0.0,-2.27290678024292,10.694512367248535,-0.4679546356201172,10.988608360290527,2.3739678859710693,-9.298858642578125,-10.0,25.839696884155273,2.0,2.0,8.707242965698242,0.29744139313697815,0.28977540135383606,0.30357420444488525,0.2943750023841858,0.0,0.30469265580177307,0.30469265580177307,0.30469265580177307,0.30469265580177307,0.0,-1.7073085308074951,-0.7446410655975342,-9.89656925201416,0.0,0.0,0.0,0.0,0.0,0.0,0.0,0.0,0.0,0.0,0.0,0.0,0.0,0.0,0.0,0.30469274520874023,0.30469274520874023,0.304692804813385,0.30469274520874023,0.5427084565162659,0.04114978387951851,0.04114978387951851,0.20979240536689758,-1.7836827039718628,4.370412826538086,0.0005168035277165473,0.0,0.0,0.0,0.0,0.0,0.0,0.0
55037148101,0,0.09257419407367706,-0.18622028827667236,-0.28826096653938293,0.09257419407367706,-0.18622028827667236,-0.9882609844207764,-0.16405102610588074,-0.13957515358924866,0.08015582710504532,0.0,0.0,0.0,0.02408897504210472,-0.21308478713035583,-2.840505838394165,0.0,0.0,-2.840505838394165,-0.299577534198761,0.36890530586242676,-0.6893724799156189,-0.16431520879268646,1.6321974992752075,0.004985676147043705,0.0,0.0,0.0,-2.213385581970215,10.619065284729004,-0.4455728530883789,10.96619701385498,2.3668980598449707,-9.382988929748535,-10.0,25.226764678955078,2.0,2.0,9.072588920593262,0.29590821266174316,0.28977540135383606,0.30357420444488525,0.2943750023841858,0.0,0.30469265580177307,0.30469265580177307,0.30469265580177307,0.30469265580177307,0.0,-1.7073085308074951,-0.7446410655975342,-9.89656925201416,0.0,0.0,0.0,0.0,0.0,0.0,0.0,0.0,0.0,0.0,0.0,0.0,0.0,0.0,0.0,0.30469274520874023,0.30469274520874023,0.304692804813385,0.30469274520874023,0.5270918607711792,0.04114978387951851,0.04114978387951851,0.2196187674999237,-1.7014073133468628,3.943215847015381,0.01441200077533722,0.0,0.0,0.0,0.0,0.0,0.0,0.0
55047262376,0,0.09100836515426636,-0.18837258219718933,-0.28637853264808655,0.09100836515426636,-0.18837258219718933,-0.98637855052948,-0.17013797163963318,-0.13106174767017365,0.07613654434680939,0.0,0.0,0.0,0.02117658592760563,-0.20564104616641998,-2.853174924850464,0.0,0.0,-2.853174924850464,-0.299577534198761,0.36890530586242676,-0.6893724799156189,-0.15161678194999695,1.5992040634155273,0.005213810130953789,0.0,0.0,0.0,-2.213385581970215,10.619065284729004,-0.4455728530883789,10.96619701385498,2.3668980598449707,-9.382988929748535,-10.0,25.226764678955078,2.0,2.0,9.072588920593262,0.29590821266174316,0.28977540135383606,0.30357420444488525,0.2943750023841858,0.0,0.30469265580177307,0.30469265580177307,0.30469265580177307,0.30469265580177307,0.0,-1.652286410331726,-0.7085577845573425,-9.881611824035645,0.0,0.0,0.0,0.0,0.0,0.0,0.0,0.0,0.0,0.0,0.0,0.0,0.0,0.0,0.0,0.30469274520874023,0.30469274520874023,0.304692804813385,0.30469274520874023,0.5270918607711792,0.04114978387951851,0.04114978387951851,0.2196187674999237,-1.7014073133468628,3.943215847015381,0.01441200077533722,0.0,0.0,0.0,0.0,0.0,0.0,0.0
55058099226,0,0.09100836515426636,-0.18837258219718933,-0.28637853264808655,0.09100836515426636,-0.18837258219718933,-0.98637855052948,-0.17013797163963318,-0.13106174767017365,0.07613654434680939,0.0,0.0,0.0,0.02117658592760563,-0.20564104616641998,-2.853174924850464,0.0,0.0,-2.853174924850464,-0.3153376877307892,0.4065518379211426,-0.6888619661331177,-0.15161678194999695,1.5992040634155273,0.005213810130953789,0.0,0.0,0.0,-2.1828417778015137,10.57826042175293,-0.4339790344238281,10.954211235046387,2.3668980598449707,-9.382988929748535,-10.0,24.906047821044922,2.0,2.0,9.25954532623291,0.29590821266174316,0.28977540135383606,0.30357420444488525,0.2943750023841858,0.0,0.30469265580177307,0.30469265580177307,0.30469265580177307,0.30469265580177307,0.0,-1.652286410331726,-0.7085577845573425,-9.881611824035645,0.0,0.0,0.0,0.0,0.0,0.0,0.0,0.0,0.0,0.0,0.0,0.0,0.0,0.0,0.0,0.30469274520874023,0.30469274520874023,0.304692804813385,0.30469274520874023,0.5270918607711792,0.04114978387951851,0.04114978387951851,0.2196187674999237,-1.6036465167999268,3.7670931816101074,0.03242369741201401,0.0,0.0,0.0,0.0,0.0,0.0,0.0
55067801885,0,0.09019716084003448,-0.18936577439308167,-0.28546470403671265,0.09019716084003448,-0.18936577439308167,-0.9854646921157837,-0.1730940043926239,-0.12682963907718658,0.07368730753660202,0.0,0.0,0.0,0.019545041024684906,-0.20147183537483215,-2.8595175743103027,0.0,0.0,-2.8595175743103027,-0.3153376877307892,0.4065518379211426,-0.6888619661331177,-0.13765408098697662,1.5642523765563965,0.005447592586278915,0.0,0.0,0.0,-2.1828417778015137,10.57826042175293,-0.4339790344238281,10.954211235046387,2.3607356548309326,-9.439044952392578,-10.0,24.906047821044922,2.0,2.0,9.25954532623291,0.29590821266174316,0.28977540135383606,0.30357420444488525,0.2943750023841858,0.0,0.30469265580177307,0.30469265580177307,0.30469265580177307,0.30469265580177307,0.0,-1.6252412796020508,-0.675146222114563,-9.915165901184082,0.0,0.0,0.0,0.0,0.0,0.0,0.0,0.0,0.0,0.0,0.0,0.0,0.0,0.0,0.0,0.30469274520874023,0.30469274520874023,0.304692804813385,0.30469274520874023,0.5146470665931702,0.04114978387951851,0.04114978387951851,0.2278354912996292,-1.6036465167999268,3.7670931816101074,0.03242369741201401,0.0,0.0,0.0,0.0,0.0,0.0,0.0
55077369953,0,0.08846709132194519,-0.19125042855739594,-0.28370094299316406,0.08846709132194519,-0.19125042855739594,-0.9837009310722351,-0.17954502999782562,-0.11840827763080597,0.06955908983945847,0.0,0.0,0.0,0.015830395743250847,-0.19231738150119781,-2.8721930980682373,0.0,0.0,-2.8721930980682373,-0.3407846689224243,0.4718840718269348,-0.6884301900863647,-0.13765408098697662,1.5642523765563965,0.005447592586278915,0.0,0.0,0.0,-2.1243977546691895,10.494086265563965,-0.4116497039794922,10.932130813598633,2.3607356548309326,-9.439044952392578,-10.0,24.278793334960938,2.0,2.0,9.611272811889648,0.29744139313697815,0.28977540135383606,0.30357420444488525,0.2943750023841858,0.0,0.30469265580177307,0.30469265580177307,0.30469265580177307,0.30469265580177307,0.0,-1.4896342754364014,-0.6322981119155884,-9.910359382629395,0.0,0.0,0.0,0.0,0.0,0.0,0.0,0.0,0.0,0.0,0.0,0.0,0.0,0.0,0.0,0.30469274520874023,0.30469274520874023,0.304692804813385,0.30469274520874023,0.5146470665931702,0.04114978387951851,0.04114978387951851,0.2278354912996292,-1.3687007427215576,3.452122926712036,0.016967162489891052,0.0,0.0,0.0,0.0,0.0,0.0,0.0
55087400394,0,0.08846709132194519,-0.19125042855739594,-0.28370094299316406,0.08846709132194519,-0.19125042855739594,-0.9837009310722351,-0.17954502999782562,-0.11840827763080597,0.06955908983945847,0.0,0.0,0.0,0.015830395743250847,-0.19231738150119781,-2.8721930980682373,0.0,0.0,-2.8721930980682373,-0.35122907161712646,0.5040452480316162,-0.688413679599762,-0.10700961947441101,1.4885343313217163,0.005957751534879208,0.0,0.0,0.0,-2.1243977546691895,10.494086265563965,-0.4116497039794922,10.932130813598633,2.350224256515503,-9.514710426330566,-10.0,24.278793334960938,2.0,2.0,9.611272811889648,0.29590821266174316,0.28977540135383606,0.30357420444488525,0.2943750023841858,0.0,0.30469265580177307,0.30469265580177307,0.30469265580177307,0.30469265580177307,0.0,-1.4896342754364014,-0.6322981119155884,-9.910359382629395,0.0,0.0,0.0,0.0,0.0,0.0,0.0,0.0,0.0,0.0,0.0,0.0,0.0,0.0,0.0,0.30469274520874023,0.30469274520874023,0.304692804813385,0.30469274520874023,0.4974850118160248,0.04114978387951851,0.04114978387951851,0.23894187808036804,-1.1861225366592407,3.25709867477417,0.011704236268997192,0.0,0.0,0.0,0.0,0.0,0.0,0.0
55097586948,0,0.08563394099473953,-0.1938118040561676,-0.28116658329963684,0.08563394099473953,-0.1938118040561676,-0.9811666011810303,-0.18920966982841492,-0.10666608065366745,0.06660271435976028,0.0,0.0,0.0,0.009537460282444954,-0.17719672620296478,-2.8910999298095703,0.0,0.0,-2.8910999298095703,-0.36920174956321716,0.5519446134567261,-0.6878727078437805,-0.09066156297922134,1.4480773210525513,0.006276248022913933,0.0,0.0,0.0,-2.0526013374328613,10.371561050415039,-0.3896198272705078,10.910318374633789,2.350224256515503,-9.514710426330566,-10.0,23.300811767578125,2.0,2.0,10.063507080078125,0.29744139313697815,0.28977540135383606,0.30357420444488525,0.2943750023841858,0.0,0.30469265580177307,0.30469265580177307,0.30469265580177307,0.30469265580177307,0.0,-1.4896342754364014,-0.6322981119155884,-9.910359382629395,0.0,0.0,0.0,0.0,0.0,0.0,0.0,0.0,0.0,0.0,0.0,0.0,0.0,0.0,0.0,0.30469274520874023,0.30469274520874023,0.304692804813385,0.30469274520874023,0.4974850118160248,0.04114978387951851,0.04114978387951851,0.23894187808036804,-1.011080265045166,2.652534008026123,0.017148802056908607,0.0,0.0,0.0,0.0,0.0,0.0,0.0
55109811354,0,0.08457443118095398,-0.19460545480251312,-0.28033602237701416,0.08457443118095398,-0.19460545480251312,-0.9803360104560852,-0.19266413152217865,-0.10331132262945175,0.06616868078708649,0.0,0.0,0.0,0.007189666852355003,-0.17185720801353455,-2.8973875045776367,0.0,0.0,-2.8973875045776367,-0.36920174956321716,0.5519446134567261,-0.6878727078437805,-0.09066156297922134,1.4480773210525513,0.006276248022913933,0.0,0.0,0.0,-2.020534038543701,10.333230018615723,-0.37789058685302734,10.898706436157227,2.350224256515503,-9.514710426330566,-10.0,23.300811767578125,2.0,2.0,10.063507080078125,0.29590821266174316,0.28977540135383606,0.30357420444488525,0.2943750023841858,0.0,0.30469265580177307,0.30469265580177307,0.30469265580177307,0.30469265580177307,0.0,-1.3290871381759644,-0.5104483366012573,-9.788484573364258,0.0,0.0,0.0,0.0,0.0,0.0,0.0,0.0,0.0,0.0,0.0,0.0,0.0,0.0,0.0,0.30469274520874023,0.30469274520874023,0.304692804813385,0.30469274520874023,0.4974850118160248,0.04114978387951851,0.04114978387951851,0.23894187808036804,-1.011080265045166,2.652534008026123,0.017148802056908607,0.0,0.0,0.0,0.0,0.0,0.0,0.0
55119536667,0,0.08457443118095398,-0.19460545480251312,-0.28033602237701416,0.08457443118095398,-0.19460545480251312,-0.9803360104560852,-0.19266413152217865,-0.10331132262945175,0.06616868078708649,0.0,0.0,0.0,0.007189666852355003,-0.17185720801353455,-2.8973875045776367,0.0,0.0,-2.8973875045776367,-0.37855207920074463,0.5746185183525085,-0.6883976459503174,-0.02726205252110958,1.2985903024673462,0.0033861161209642887,0.0,0.0,0.0,-2.020534038543701,10.333230018615723,-0.37789058685302734,10.898706436157227,2.338414430618286,-9.581719398498535,-10.0,23.300811767578125,2.0,2.0,10.063507080078125,0.29590821266174316,0.28977540135383606,0.30357420444488525,0.2943750023841858,0.0,0.30469265580177307,0.30469265580177307,0.30469265580177307,0.30469265580177307,0.0,-1.220759391784668,-0.49193575978279114,-9.970874786376953,0.0,0.0,0.0,0.0,0.0,0.0,0.0,0.0,0.0,0.0,0.0,0.0,0.0,0.0,0.0,0.30469274520874023,0.30469274520874023,0.304692804813385,0.30469274520874023,0.48170843720436096,0.04114978387951851,0.04114978387951851,0.24922122061252594,-0.954537034034729,2.410750389099121,-0.01663968153297901,0.0,0.0,0.0,0.0,0.0,0.0,0.0
55127085877,0,0.08457443118095398,-0.19460545480251312,-0.28033602237701416,0.08231336623430252,-0.19608035683631897,-0.9787143468856812,-0.19266413152217865,-0.10331132262945175,0.06616868078708649,0.0,0.0,0.0,0.007189666852355003,-0.17185720801353455,-2.8973875045776367,0.0,0.0,-2.9100685119628906,-0.38710522651672363,0.5945191979408264,-0.6887227892875671,-0.02726205252110958,1.2985903024673462,0.0033861161209642887,0.0,0.0,0.0,-1.956186056137085,10.25558090209961,-0.3535137176513672,10.875763893127441,2.338414430618286,-9.581719398498535,-10.0,22.639755249023438,2.0,2.0,10.469477653503418,0.29590821266174316,0.28977540135383606,0.30357420444488525,0.2943750023841858,0.0,0.30469265580177307,0.30469265580177307,0.30469265580177307,0.30469265580177307,0.0,-1.220759391784668,-0.49193575978279114,-9.970874786376953,0.0,0.0,0.0,0.0,0.0,0.0,0.0,0.0,0.0,0.0,0.0,0.0,0.0,0.0,0.0,0.30469274520874023,0.30469274520874023,0.304692804813385,0.30469274520874023,0.48170843720436096,0.04114978387951851,0.04114978387951851,0.24922122061252594,-0.8864752650260925,2.1602272987365723,-0.024173231795430183,0.0,0.0,0.0,0.0,0.0,0.0,0.0
55137452822,0,0.08231336623430252,-0.19608035683631897,-0.2787143290042877,0.08231336623430252,-0.19608035683631897,-0.9787143468856812,-0.1998346596956253,-0.09607100486755371,0.06000884622335434,0.0,0.0,0.0,0.002293284283950925,-0.16072063148021698,-2.9100685119628906,0.0,0.0,-2.9100685119628906,-0.39544710516929626,0.6228168606758118,-0.6875530481338501,0.02383161336183548,1.185720682144165,0.007833319716155529,0.0,0.0,0.0,-1.956186056137085,10.25558090209961,-0.3535137176513672,10.875763893127441,2.329223394393921,-9.624823570251465,-10.0,22.091781616210938,2.0,2.0,10.783634185791016,0.29590821266174316,0.2882421910762787,0.30357420444488525,0.2943750023841858,0.0,0.30469265580177307,0.30469265580177307,0.30469265580177307,0.30469265580177307,0.0,-1.213715672492981,-0.4945512115955353,-10.170341491699219,0.0,0.0,0.0,0.0,0.0,0.0,0.0,0.0,0.0,0.0,0.0,0.0,0.0,0.0,0.0,0.30469274520874023,0.30469274520874023,0.304692804813385,0.30469274520874023,0.47098925709724426,0.04114978387951851,0.04114978387951851,0.25356748700141907,-0.545649528503418,1.6264792680740356,0.035790931433439255,0.0,0.0,0.0,0.0,0.0,0.0,0.0
55155182154,0,0.07983925193548203,-0.1974121332168579,-0.2772252559661865,0.07983925193548203,-0.1974121332168579,-0.9772252440452576,-0.20775146782398224,-0.08915269374847412,0.05019495263695717,0.0,0.0,0.0,-0.0028260492254048586,-0.1492893248796463,-2.922724962234497,0.0,0.0,-2.922724962234497,-0.39544710516929626,0.6228168606758118,-0.6875530481338501,0.02383161336183548,1.185720682144165,0.007833319716155529,0.0,0.0,0.0,-1.9014943838119507,10.184283256530762,-0.3336515426635742,10.854833602905273,2.3231639862060547,-9.650254249572754,-10.0,22.091781616210938,2.0,2.0,10.783634185791016,0.29590821266174316,0.28977540135383606,0.30357420444488525,0.2943750023841858,0.0,0.30469265580177307,0.30469265580177307,0.30469265580177307,0.30469265580177307,0.0,-1.1169776916503906,-0.3958578407764435,-10.360978126525879,0.0,0.0,0.0,0.0,0.0,0.0,0.0,0.0,0.0,0.0,0.0,0.0,0.0,0.0,0.0,0.30469274520874023,0.30469274520874023,0.304692804813385,0.30469274520874023,0.47098925709724426,0.04114978387951851,0.04114978387951851,0.25356748700141907,-0.545649528503418,1.6264792680740356,0.035790931433439255,0.0,0.0,0.0,0.0,0.0,0.0,0.0
55184727385,0,0.07848723232746124,-0.19806191325187683,-0.27653294801712036,0.07848723232746124,-0.19806191325187683,-0.9765329360961914,-0.21203012764453888,-0.08566112816333771,0.04544110596179962,0.0,0.0,0.0,-0.005488486960530281,-0.14342787861824036,-2.929086685180664,0.0,0.0,-2.929086685180664,-0.39636093378067017,0.6339765191078186,-0.6874024271965027,0.02383161336183548,1.185720682144165,0.007833319716155529,0.0,0.0,0.0,-1.8763768672943115,10.15145492553711,-0.32238006591796875,10.843721389770508,2.3231639862060547,-9.650254249572754,-10.0,21.783798217773438,2.0,2.0,10.983927726745605,0.29590821266174316,0.28977540135383606,0.30357420444488525,0.2943750023841858,0.0,0.30469265580177307,0.30469265580177307,0.30469265580177307,0.30469265580177307,0.0,-1.003564476966858,-0.3603302836418152,-10.320587158203125,0.0,0.0,0.0,0.0,0.0,0.0,0.0,0.0,0.0,0.0,0.0,0.0,0.0,0.0,0.0,0.30469274520874023,0.30469274520874023,0.304692804813385,0.30469274520874023,0.4648609161376953,0.04114978387951851,0.04114978387951851,0.258249431848526,-0.32226473093032837,1.345940351486206,0.02754940837621689,0.0,0.0,0.0,0.0,0.0,0.0,0.0
55184757378,0,0.07848723232746124,-0.19806191325187683,-0.27653294801712036,0.07848723232746124,-0.19806191325187683,-0.9765329360961914,-0.21203012764453888,-0.08566112816333771,0.04544110596179962,0.0,0.0,0.0,-0.005488486960530281,-0.14342787861824036,-2.929086685180664,0.0,0.0,-2.929086685180664,-0.39636093378067017,0.6339765191078186,-0.6874024271965027,0.09611233323812485,1.0236544609069824,0.004725678823888302,0.0,0.0,0.0,-1.8763768672943115,10.15145492553711,-0.32238006591796875,10.843721389770508,2.311088800430298,-9.695719718933105,-10.0,21.783798217773438,2.0,2.0,10.983927726745605,0.29590821266174316,0.28977540135383606,0.30357420444488525,0.2943750023841858,0.0,0.30469265580177307,0.30469265580177307,0.30469265580177307,0.30469265580177307,0.0,-1.003564476966858,-0.3603302836418152,-10.320587158203125,0.0,0.0,0.0,0.0,0.0,0.0,0.0,0.0,0.0,0.0,0.0,0.0,0.0,0.0,0.0,0.30469274520874023,0.30469274520874023,0.304692804813385,0.30469274520874023,0.4536523222923279,0.04114978387951851,0.04114978387951851,0.2668515741825104,-0.32226473093032837,1.345940351486206,0.02754940837621689,0.0,0.0,0.0,0.0,0.0,0.0,0.0
55184764297,0,0.07558580487966537,-0.19932615756988525,-0.2752692997455597,0.07558580487966537,-0.19932615756988525,-0.9752693176269531,-0.22085043787956238,-0.0793117955327034,0.03699994087219238,0.0,0.0,0.0,-0.01077994517982006,-0.13177178800106049,-2.9417717456817627,0.0,0.0,-2.9417717456817627,-0.3938262164592743,0.6463603973388672,-0.6869306564331055,0.09611233323812485,1.0236544609069824,0.004725678823888302,0.0,0.0,0.0,-1.8306872844696045,10.08738899230957,-0.30364036560058594,10.824923515319824,2.311088800430298,-9.695719718933105,-10.0,21.261754989624023,2.0,2.0,11.294229507446289,0.29744139313697815,0.28977540135383606,0.30357420444488525,0.2943750023841858,0.0,0.30469265580177307,0.30469265580177307,0.30469265580177307,0.30469265580177307,0.0,-0.8317713141441345,-0.30382850766181946,-10.159467697143555,0.0,0.0,0.0,0.0,0.0,0.0,0.0,0.0,0.0,0.0,0.0,0.0,0.0,0.0,0.0,0.30469274520874023,0.30469274520874023,0.304692804813385,0.30469274520874023,0.4536523222923279,0.04114978387951851,0.04114978387951851,0.2668515741825104,0.004247051198035479,0.869400143623352,0.024525420740246773,0.0,0.0,0.0,0.0,0.0,0.0,0.0
55190723970,0,0.0723995789885521,-0.2005377858877182,-0.27412140369415283,0.0723995789885521,-0.2005377858877182,-0.9741213917732239,-0.22974833846092224,-0.07384297996759415,0.03180033713579178,0.0,0.0,0.0,-0.01609356515109539,-0.12018028646707535,-2.95446515083313,0.0,0.0,-2.95446515083313,-0.3910452425479889,0.6484907269477844,-0.6868116855621338,0.09611233323812485,1.0236544609069824,0.004725678823888302,0.0,0.0,0.0,-1.8087286949157715,10.059203147888184,-0.29429149627685547,10.815657615661621,2.3068718910217285,-9.710253715515137,-10.0,21.00745391845703,2.0,2.0,11.457953453063965,0.29590821266174316,0.28977540135383606,0.30357420444488525,0.2943750023841858,0.0,0.30469265580177307,0.30469265580177307,0.30469265580177307,0.30469265580177307,0.0,-0.7772818803787231,-0.2619657516479492,-10.091829299926758,0.0,0.0,0.0,0.0,0.0,0.0,0.0,0.0,0.0,0.0,0.0,0.0,0.0,0.0,0.0,0.30469274520874023,0.30469274520874023,0.304692804813385,0.30469274520874023,0.44970083236694336,0.04114978387951851,0.04114978387951851,0.26920363306999207,0.1369210183620453,0.5900304317474365,0.018052536994218826,0.0,0.0,0.0,0.0,0.0,0.0,0.0
55197400447,0,0.0723995789885521,-0.2005377858877182,-0.27412140369415283,0.0723995789885521,-0.2005377858877182,-0.9741213917732239,-0.22974833846092224,-0.07384297996759415,0.03180033713579178,0.0,0.0,0.0,-0.01609356515109539,-0.12018028646707535,-2.95446515083313,0.0,0.0,-2.95446515083313,-0.3838048577308655,0.6428406834602356,-0.6884816288948059,0.09611233323812485,1.0236544609069824,0.004725678823888302,0.0,0.0,0.0,-1.7412195205688477,9.977622032165527,-0.27525997161865234,10.798898696899414,2.3008522987365723,-9.730225563049316,-10.0,20.484752655029297,2.0,2.0,11.712766647338867,0.29590821266174316,0.28977540135383606,0.30357420444488525,0.2943750023841858,0.0,0.30469265580177307,0.30469265580177307,0.30469265580177307,0.30469265580177307,0.0,-0.6074576377868652,-0.20668813586235046,-10.25767993927002,0.0,0.0,0.0,0.0,0.0,0.0,0.0,0.0,0.0,0.0,0.0,0.0,0.0,0.0,0.0,0.30469274520874023,0.30469274520874023,0.304692804813385,0.30469274520874023,0.44699153304100037,0.04114978387951851,0.04114978387951851,0.27070489525794983,0.3297448754310608,-0.08060809224843979,-0.04635501652956009,0.0,0.0,0.0,0.0,0.0,0.0,0.0
55207678718,0,0.06893940269947052,-0.20170365273952484,-0.2730739712715149,0.06893940269947052,-0.20170365273952484,-0.9730739593505859,-0.2397148311138153,-0.06824369728565216,0.02449188008904457,0.0,0.0,0.0,-0.021442191675305367,-0.10885067284107208,-2.9672327041625977,0.0,0.0,-2.9672327041625977,-0.3838048577308655,0.6428406834602356,-0.6884816288948059,0.09611233323812485,1.0236544609069824,0.004725678823888302,0.0,0.0,0.0,-1.7412195205688477,9.977622032165527,-0.27525997161865234,10.798898696899414,2.3008522987365723,-9.730225563049316,-10.0,20.484752655029297,2.0,2.0,11.712766647338867,0.29590821266174316,0.28977540135383606,0.30357420444488525,0.2943750023841858,0.0,0.30469265580177307,0.30469265580177307,0.30469265580177307,0.30469265580177307,0.0,-0.6074576377868652,-0.20668813586235046,-10.25767993927002,0.0,0.0,0.0,0.0,0.0,0.0,0.0,0.0,0.0,0.0,0.0,0.0,0.0,0.0,0.0,0.30469274520874023,0.30469274520874023,0.304692804813385,0.30469274520874023,0.44699153304100037,0.04114978387951851,0.04114978387951851,0.27070489525794983,0.3297448754310608,-0.08060809224843979,-0.04635501652956009,0.0,0.0,0.0,0.0,0.0,0.0,0.0
55219572486,0,0.06893940269947052,-0.20170365273952484,-0.2730739712715149,0.06893940269947052,-0.20170365273952484,-0.9730739593505859,-0.2397148311138153,-0.06824369728565216,0.02449188008904457,0.0,0.0,0.0,-0.021442191675305367,-0.10885067284107208,-2.9672327041625977,0.0,0.0,-2.9672327041625977,-0.37608611583709717,0.6354629993438721,-0.6889001727104187,0.18081136047840118,0.8429553508758545,0.005230408161878586,0.0,0.0,0.0,-1.723933458328247,9.963235855102539,-0.2644939422607422,10.788386344909668,2.2899744510650635,-9.762971878051758,-10.0,20.216054916381836,2.0,2.0,11.94169807434082,0.29744139313697815,0.28977540135383606,0.30357420444488525,0.2943750023841858,0.0,0.30469265580177307,0.30469265580177307,0.30469265580177307,0.30469265580177307,0.0,-0.6074576377868652,-0.20668813586235046,-10.25767993927002,0.0,0.0,0.0,0.0,0.0,0.0,0.0,0.0,0.0,0.0,0.0,0.0,0.0,0.0,0.0,0.30469274520874023,0.30469274520874023,0.304692804813385,0.30469274520874023,0.43790334463119507,0.04114978387951851,0.04114978387951851,0.2779313027858734,0.5278019309043884,-0.38817623257637024,-0.04004737362265587,0.0,0.0,0.0,0.0,0.0,0.0,0.0
55227346728,0,0.06506320089101791,-0.20282092690467834,-0.2721403241157532,0.06506320089101791,-0.20282092690467834,-0.9721403121948242,-0.2505188286304474,-0.06276778876781464,0.017254846170544624,0.0,0.0,0.0,-0.026595674455165863,-0.09797302633523941,-2.979938268661499,0.0,0.0,-2.979938268661499,-0.3679385185241699,0.6268931031227112,-0.6888202428817749,0.21186214685440063,0.7783195972442627,0.00918891467154026,0.0,0.0,0.0,-1.7076969146728516,9.946863174438477,-0.2557516098022461,10.779468536376953,2.283416271209717,-9.781354904174805,-10.0,19.977954864501953,2.0,2.0,12.117703437805176,0.29590821266174316,0.28977540135383606,0.30357420444488525,0.2943750023841858,0.0,0.30469265580177307,0.30469265580177307,0.30469265580177307,0.30469265580177307,0.0,-0.6074576377868652,-0.20668813586235046,-10.25767993927002,0.0,0.0,0.0,0.0,0.0,0.0,0.0,0.0,0.0,0.0,0.0,0.0,0.0,0.0,0.0,0.30469274520874023,0.30469274520874023,0.304692804813385,0.30469274520874023,0.43403246998786926,0.04114978387951851,0.04114978387951851,0.2797257900238037,0.6933743357658386,-0.6353651881217957,-0.021022142842411995,0.0,0.0,0.0,0.0,0.0,0.0,0.0
55237336086,0,0.06300853937864304,-0.20336219668388367,-0.2717084586620331,0.06300853937864304,-0.20336219668388367,-0.9717084169387817,-0.2559063136577606,-0.06005382165312767,0.014447658322751522,0.0,0.0,0.0,-0.02906249836087227,-0.09269179403781891,-2.986311674118042,0.0,0.0,-2.986311674118042,-0.3558463752269745,0.6149510145187378,-0.6886278986930847,0.21186214685440063,0.7783195972442627,0.00918891467154026,0.0,0.0,0.0,-1.6957652568817139,9.937029838562012,-0.24574851989746094,10.769186973571777,2.283416271209717,-9.781354904174805,-10.0,19.719392776489258,2.0,2.0,12.343544006347656,0.29590821266174316,0.28977540135383606,0.30357420444488525,0.2943750023841858,0.0,0.30469265580177307,0.30469265580177307,0.30469265580177307,0.30469265580177307,0.0,-0.4341887831687927,-0.12234576791524887,-10.175117492675781,0.0,0.0,0.0,0.0,0.0,0.0,0.0,0.0,0.0,0.0,0.0,0.0,0.0,0.0,0.0,0.30469274520874023,0.30469274520874023,0.304692804813385,0.30469274520874023,0.43403246998786926,0.04114978387951851,0.04114978387951851,0.2797257900238037,0.9216433167457581,-0.8853402137756348,-0.0026523510459810495,0.0,0.0,0.0,0.0,0.0,0.0,0.0
55249856673,0,0.06300853937864304,-0.20336219668388367,-0.2717084586620331,0.06300853937864304,-0.20336219668388367,-0.9717084169387817,-0.2559063136577606,-0.06005382165312767,0.014447658322751522,0.0,0.0,0.0,-0.02906249836087227,-0.09269179403781891,-2.986311674118042,0.0,0.0,-2.986311674118042,-0.3427690267562866,0.6001473069190979,-0.6885886192321777,0.25031182169914246,0.6957738995552063,0.0092750433832407,0.0,0.0,0.0,-1.6846860647201538,9.931156158447266,-0.23560333251953125,10.759032249450684,2.2640419006347656,-9.8312406539917,-10.0,19.462135314941406,2.0,2.0,12.580864906311035,0.29744139313697815,0.28977540135383606,0.30357420444488525,0.2943750023841858,0.0,0.30469265580177307,0.30469265580177307,0.30469265580177307,0.30469265580177307,0.0,-0.3524174094200134,-0.06593687832355499,-10.006584167480469,0.0,0.0,0.0,0.0,0.0,0.0,0.0,0.0,0.0,0.0,0.0,0.0,0.0,0.0,0.0,0.30469274520874023,0.30469274520874023,0.304692804813385,0.30469274520874023,0.4188723564147949,0.04114978387951851,0.04114978387951851,0.29313957691192627,1.080228328704834,-1.1459873914718628,-0.0031287712045013905,0.0,0.0,0.0,0.0,0.0,0.0,0.0
55257596535,0,0.05859716981649399,-0.204506516456604,-0.2708970308303833,0.05859716981649399,-0.204506516456604,-0.9708970189094543,-0.26665425300598145,-0.055677324533462524,0.012009048834443092,0.0,0.0,0.0,-0.033768974244594574,-0.0826396495103836,-2.9991276264190674,0.0,0.0,-2.9991276264190674,-0.3311309516429901,0.584469735622406,-0.6893835663795471,0.26879456639289856,0.6564711332321167,0.009413888677954674,0.0,0.0,0.0,-1.6728755235671997,9.924471855163574,-0.22595977783203125,10.750468254089355,2.2640419006347656,-9.8312406539917,-10.0,19.226139068603516,2.0,2.0,12.801907539367676,0.29590821266174316,0.28977540135383606,0.30357420444488525,0.2943750023841858,0.0,0.30469265580177307,0.30469265580177307,0.30469265580177307,0.30469265580177307,0.0,-0.3180108964443207,-0.04061133787035942,-9.867907524108887,0.0,0.0,0.0,0.0,0.0,0.0,0.0,0.0,0.0,0.0,0.0,0.0,0.0,0.0,0.0,0.30469274520874023,0.30469274520874023,0.304692804813385,0.30469274520874023,0.4188723564147949,0.04114978387951851,0.04114978387951851,0.29313957691192627,1.1728878021240234,-1.4055495262145996,-0.0410400815308094,0.0,0.0,0.0,0.0,0.0,0.0,0.0
55267582514,0,0.05859716981649399,-0.204506516456604,-0.2708970308303833,0.05123564600944519,-0.20635277032852173,-0.9696846604347229,-0.26665425300598145,-0.055677324533462524,0.012009048834443092,0.0,0.0,0.0,-0.033768974244594574,-0.0826396495103836,-2.9991276264190674,0.0,0.0,-3.018223285675049,-0.3042985498905182,0.5434425473213196,-0.6901844143867493,0.30387428402900696,0.5833995938301086,0.009344344958662987,0.0,0.0,0.0,-1.6728755235671997,9.924471855163574,-0.22595977783203125,10.750468254089355,2.250044345855713,-9.864131927490234,-10.0,19.226139068603516,2.0,2.0,12.801907539367676,0.29744139313697815,0.28977540135383606,0.30357420444488525,0.2943750023841858,0.0,0.30469265580177307,0.30469265580177307,0.30469265580177307,0.30469265580177307,0.0,-0.3180108964443207,-0.04061133787035942,-9.867907524108887,0.0,0.0,0.0,0.0,0.0,0.0,0.0,0.0,0.0,0.0,0.0,0.0,0.0,0.0,0.0,0.30469274520874023,0.30469274520874023,0.304692804813385,0.30469274520874023,0.409579336643219,0.04114978387951851,0.04114978387951851,0.3032782971858978,1.3433456420898438,-1.9221798181533813,-0.03816979005932808,0.0,0.0,0.0,0.0,0.0,0.0,0.0
55277621806,0,0.05123564600944519,-0.20635277032852173,-0.26968467235565186,0.05123564600944519,-0.20635277032852173,-0.9696846604347229,-0.28307589888572693,-0.05010335147380829,0.01451022643595934,0.0,0.0,0.0,-0.040209416300058365,-0.06912676244974136,-3.018223285675049,0.0,0.0,-3.018223285675049,-0.3042985498905182,0.5434425473213196,-0.6901844143867493,0.30387428402900696,0.5833995938301086,0.009344344958662987,0.0,0.0,0.0,-1.6372325420379639,9.89355754852295,-0.20728302001953125,10.732283592224121,2.250044345855713,-9.864131927490234,-10.0,18.735843658447266,2.0,2.0,13.182043075561523,0.29744139313697815,0.28977540135383606,0.30357420444488525,0.2943750023841858,0.0,0.30469265580177307,0.30469265580177307,0.30469265580177307,0.30469265580177307,0.0,-0.1989295333623886,0.0064416793175041676,-9.742852210998535,0.0,0.0,0.0,0.0,0.0,0.0,0.0,0.0,0.0,0.0,0.0,0.0,0.0,0.0,0.0,0.30469274520874023,0.30469274520874023,0.304692804813385,0.30469274520874023,0.409579336643219,0.04114978387951851,0.04114978387951851,0.3032782971858978,1.3433456420898438,-1.9221798181533813,-0.03816979005932808,0.0,0.0,0.0,0.0,0.0,0.0,0.0
55290923645,0,0.048629067838191986,-0.2069821059703827,-0.26925137639045715,0.048629067838191986,-0.2069821059703827,-0.9692513942718506,-0.28861355781555176,-0.04825526475906372,0.018163427710533142,0.0,0.0,0.0,-0.04217217117547989,-0.0650457963347435,-3.0246028900146484,0.0,0.0,-3.0246028900146484,-0.287936270236969,0.5187894701957703,-0.691002368927002,0.30387428402900696,0.5833995938301086,0.009344344958662987,0.0,0.0,0.0,-1.6398839950561523,9.920002937316895,-0.19973373413085938,10.722685813903809,2.2439608573913574,-9.877796173095703,-10.0,18.58484649658203,2.0,2.0,13.425470352172852,0.29590821266174316,0.28977540135383606,0.30357420444488525,0.2943750023841858,0.0,0.30469265580177307,0.30469265580177307,0.30469265580177307,0.30469265580177307,0.0,-0.1400732398033142,0.022596808150410652,-9.564676284790039,0.0,0.0,0.0,0.0,0.0,0.0,0.0,0.0,0.0,0.0,0.0,0.0,0.0,0.0,0.0,0.30469274520874023,0.30469274520874023,0.304692804813385,0.30469274520874023,0.409579336643219,0.04114978387951851,0.04114978387951851,0.3032782971858978,1.4493029117584229,-2.1299538612365723,-0.06163329631090164,0.0,0.0,0.0,0.0,0.0,0.0,0.0
55297173423,0,0.048629067838191986,-0.2069821059703827,-0.26925137639045715,0.048629067838191986,-0.2069821059703827,-0.9692513942718506,-0.28861355781555176,-0.04825526475906372,0.018163427710533142,0.0,0.0,0.0,-0.04217217117547989,-0.0650457963347435,-3.0246028900146484,0.0,0.0,-3.0246028900146484,-0.287936270236969,0.5187894701957703,-0.691002368927002,0.35654929280281067,0.47200265526771545,0.005370274651795626,0.0,0.0,0.0,-1.6398839950561523,9.920002937316895,-0.19973373413085938,10.722685813903809,2.22963547706604,-9.908815383911133,-10.0,18.58484649658203,2.0,2.0,13.425470352172852,0.29744139313697815,0.28977540135383606,0.30357420444488525,0.2943750023841858,0.0,0.30469265580177307,0.30469265580177307,0.30469265580177307,0.30469265580177307,0.0,-0.1400732398033142,0.022596808150410652,-9.564676284790039,0.0,0.0,0.0,0.0,0.0,0.0,0.0,0.0,0.0,0.0,0.0,0.0,0.0,0.0,0.0,0.30469274520874023,0.30469274520874023,0.304692804813385,0.30469274520874023,0.3980129063129425,0.04114978387951851,0.04114978387951851,0.31630048155784607,1.4493029117584229,-2.1299538612365723,-0.06163329631090164,0.0,0.0,0.0,0.0,0.0,0.0,0.0
55307454417,0,0.043024491518735886,-0.2082950323820114,-0.2682764232158661,0.043024491518735886,-0.2082950323820114,-0.9682763814926147,-0.2999456822872162,-0.04507816955447197,0.025729116052389145,0.0,0.0,0.0,-0.045730769634246826,-0.057645294815301895,-3.037374258041382,0.0,0.0,-3.037374496459961,-0.255886435508728,0.46839725971221924,-0.6928150653839111,0.35654929280281067,0.47200265526771545,0.005370274651795626,0.0,0.0,0.0,-1.6311583518981934,9.94143295288086,-0.1808156967163086,10.705232620239258,2.22963547706604,-9.908815383911133,-10.0,18.138235092163086,2.0,2.0,13.939726829528809,0.29744139313697815,0.28977540135383606,0.30357420444488525,0.2943750023841858,0.0,0.30469265580177307,0.30469265580177307,0.30469265580177307,0.30469265580177307,0.0,-0.08301620185375214,0.062101226300001144,-9.425965309143066,0.0,0.0,0.0,0.0,0.0,0.0,0.0,0.0,0.0,0.0,0.0,0.0,0.0,0.0,0.0,0.30469274520874023,0.30469274520874023,0.304692804813385,0.30469274520874023,0.3980129063129425,0.04114978387951851,0.04114978387951851,0.31630048155784607,1.6015163660049438,-2.467194080352783,-0.07781223207712173,0.0,0.0,0.0,0.0,0.0,0.0,0.0
55317417494,0,0.040097542107105255,-0.20895235240459442,-0.2677304148674011,0.040097542107105255,-0.20895235240459442,-0.9677304029464722,-0.30573195219039917,-0.04358582943677902,0.029959842562675476,0.0,0.0,0.0,-0.04731128737330437,-0.054283734411001205,-3.043684959411621,0.0,0.0,-3.043684959411621,-0.23734129965305328,0.43963780999183655,-0.6933282017707825,0.35654929280281067,0.47200265526771545,0.005370274651795626,0.0,0.0,0.0,-1.623525619506836,9.945633888244629,-0.16856670379638672,10.696035385131836,2.2234621047973633,-9.921773910522461,-10.0,17.836633682250977,2.0,2.0,14.25388240814209,0.29744139313697815,0.28977540135383606,0.30357420444488525,0.2943750023841858,0.0,0.30469265580177307,0.30469265580177307,0.30469265580177307,0.30469265580177307,0.0,-0.08301620185375214,0.062101226300001144,-9.425965309143066,0.0,0.0,0.0,0.0,0.0,0.0,0.0,0.0,0.0,0.0,0.0,0.0,0.0,0.0,0.0,0.30469274520874023,0.30469274520874023,0.304692804813385,0.30469274520874023,0.39451614022254944,0.04114978387951851,0.04114978387951851,0.3205856680870056,1.6824895143508911,-2.603206157684326,-0.06415635347366333,0.0,0.0,0.0,0.0,0.0,0.0,0.0
55326939484,0,0.040097542107105255,-0.20895235240459442,-0.2677304148674011,0.040097542107105255,-0.20895235240459442,-0.9677304029464722,-0.30573195219039917,-0.04358582943677902,0.029959842562675476,0.0,0.0,0.0,-0.04731128737330437,-0.054283734411001205,-3.043684959411621,0.0,0.0,-3.043684959411621,-0.1974470317363739,0.37866225838661194,-0.6935118436813354,0.38198354840278625,0.4186798632144928,0.005378483794629574,0.0,0.0,0.0,-1.6244596242904663,9.981185913085938,-0.15372180938720703,10.678070068359375,2.2234621047973633,-9.921773910522461,-10.0,17.50408172607422,2.0,2.0,14.700345039367676,0.29744139313697815,0.28977540135383606,0.30357420444488525,0.2943750023841858,0.0,0.30469265580177307,0.30469265580177307,0.30469265580177307,0.30469265580177307,0.0,-0.005958319641649723,0.10620054602622986,-9.10925006866455,0.0,0.0,0.0,0.0,0.0,0.0,0.0,0.0,0.0,0.0,0.0,0.0,0.0,0.0,0.0,0.30469274520874023,0.30469274520874023,0.304692804813385,0.30469274520874023,0.39451614022254944,0.04114978387951851,0.04114978387951851,0.3205856680870056,1.861535906791687,-2.8417553901672363,-0.03288358077406883,0.0,0.0,0.0,0.0,0.0,0.0,0.0
55337702545,0,0.03387086093425751,-0.21036820113658905,-0.26651066541671753,0.03387086093425751,-0.21036820113658905,-0.9665106534957886,-0.31725427508354187,-0.041128210723400116,0.04192500188946724,0.0,0.0,0.0,-0.05004223808646202,-0.048341285437345505,-3.0563294887542725,0.0,0.0,-3.0563297271728516,-0.1974470317363739,0.37866225838661194,-0.6935118436813354,0.4070565104484558,0.3636223077774048,0.009008843451738358,0.0,0.0,0.0,-1.6244596242904663,9.981185913085938,-0.15372180938720703,10.678070068359375,2.202904224395752,-9.963784217834473,-10.0,17.50408172607422,2.0,2.0,14.700345039367676,0.29744139313697815,0.28977540135383606,0.30204102396965027,0.2943750023841858,0.0,0.30469265580177307,0.30469265580177307,0.30469265580177307,0.30469265580177307,0.0,-0.005958319641649723,0.10620054602622986,-9.10925006866455,0.0,0.0,0.0,0.0,0.0,0.0,0.0,0.0,0.0,0.0,0.0,0.0,0.0,0.0,0.0,0.30469274520874023,0.30469274520874023,0.304692804813385,0.30469274520874023,0.38369497656822205,0.04114978387951851,0.04114978387951851,0.33554115891456604,1.861535906791687,-2.8417553901672363,-0.03288358077406883,0.0,0.0,0.0,0.0,0.0,0.0,0.0
55347254406,0,0.03387086093425751,-0.21036820113658905,-0.26651066541671753,0.03387086093425751,-0.21036820113658905,-0.9665106534957886,-0.31725427508354187,-0.041128210723400116,0.04192500188946724,0.0,0.0,0.0,-0.05004223808646202,-0.048341285437345505,-3.0563294887542725,0.0,0.0,-3.0563297271728516,-0.17991109192371368,0.3517236113548279,-0.6942281126976013,0.4070565104484558,0.3636223077774048,0.009008843451738358,0.0,0.0,0.0,-1.6318773031234741,10.010906219482422,-0.142578125,10.670534133911133,2.19574236869812,-9.978202819824219,-10.0,17.248790740966797,2.0,2.0,15.051432609558105,0.29744139313697815,0.28977540135383606,0.30357420444488525,0.2943750023841858,0.0,0.30469265580177307,0.30469265580177307,0.30469265580177307,0.30469265580177307,0.0,-0.005958319641649723,0.10620054602622986,-9.10925006866455,0.0,0.0,0.0,0.0,0.0,0.0,0.0,0.0,0.0,0.0,0.0,0.0,0.0,0.0,0.0,0.30469274520874023,0.30469274520874023,0.304692804813385,0.30469274520874023,0.3779882788658142,0.04114978387951851,0.04114978387951851,0.3424425423145294,1.900363564491272,-2.9051661491394043,-0.05279828608036041,0.0,0.0,0.0,0.0,0.0,0.0,0.0
55357776836,0,0.023693520575761795,-0.21266447007656097,-0.26427263021469116,0.023693520575761795,-0.21266447007656097,-0.9642726182937622,-0.33392345905303955,-0.03728979453444481,0.06163191795349121,0.0,0.0,0.0,-0.0530206598341465,-0.04146891459822655,-3.0751917362213135,0.0,0.0,-3.0751917362213135,-0.15794113278388977,0.31966665387153625,-0.6954384446144104,0.41513916850090027,0.3451111316680908,0.0088429506868124,0.0,0.0,0.0,-1.6364083290100098,10.031391143798828,-0.13559246063232422,10.661853790283203,2.19574236869812,-9.978202819824219,-10.0,17.0919189453125,2.0,2.0,15.27430248260498,0.29744139313697815,0.28977540135383606,0.30357420444488525,0.2943750023841858,0.0,0.30469265580177307,0.30469265580177307,0.30469265580177307,0.30469265580177307,0.0,0.015111136250197887,0.1285547912120819,-9.11600399017334,0.0,0.0,0.0,0.0,0.0,0.0,0.0,0.0,0.0,0.0,0.0,0.0,0.0,0.0,0.0,0.30469274520874023,0.30469274520874023,0.304692804813385,0.30469274520874023,0.3779882788658142,0.04114978387951851,0.04114978387951851,0.3424425423145294,1.994012475013733,-2.9805426597595215,-0.08181403577327728,0.0,0.0,0.0,0.0,0.0,0.0,0.0
55367620373,0,0.020079316571354866,-0.21348993480205536,-0.26343560218811035,0.020079316571354866,-0.21348993480205536,-0.9634355902671814,-0.33970487117767334,-0.03605986759066582,0.066502645611763,0.0,0.0,0.0,-0.05370454862713814,-0.039682794362306595,-3.0814661979675293,0.0,0.0,-3.0814661979675293,-0.15794113278388977,0.31966665387153625,-0.6954384446144104,0.41513916850090027,0.3451111316680908,0.0088429506868124,0.0,0.0,0.0,-1.6364083290100098,10.031391143798828,-0.13559246063232422,10.661853790283203,2.1827292442321777,-10.0,-10.0,17.0919189453125,2.0,2.0,15.27430248260498,0.29744139313697815,0.28977540135383606,0.30357420444488525,0.2943750023841858,0.0,0.30469265580177307,0.30469265580177307,0.30469265580177307,0.30469265580177307,0.0,0.015111136250197887,0.1285547912120819,-9.11600399017334,0.0,0.0,0.0,0.0,0.0,0.0,0.0,0.0,0.0,0.0,0.0,0.0,0.0,0.0,0.0,0.30469274520874023,0.30469274520874023,0.304692804813385,0.30469274520874023,0.3779882788658142,0.04114978387951851,0.04114978387951851,0.3424425423145294,1.994012475013733,-2.9805426597595215,-0.08181403577327728,0.0,0.0,0.0,0.0,0.0,0.0,0.0
55377749469,0,0.020079316571354866,-0.21348993480205536,-0.26343560218811035,0.020079316571354866,-0.21348993480205536,-0.9634355902671814,-0.33970487117767334,-0.03605986759066582,0.066502645611763,0.0,0.0,0.0,-0.05370454862713814,-0.039682794362306595,-3.0814661979675293,0.0,0.0,-3.0814661979675293,-0.1154569610953331,0.2584061324596405,-0.6976982951164246,0.4271109700202942,0.31494492292404175,0.008803503587841988,0.0,0.0,0.0,-1.654848575592041,10.075660705566406,-0.1151876449584961,10.646119117736816,2.1827292442321777,-10.0,-10.0,16.600933074951172,2.0,2.0,15.909214973449707,0.29744139313697815,0.28977540135383606,0.30357420444488525,0.2943750023841858,0.0,0.30469265580177307,0.30469265580177307,0.30469265580177307,0.30469265580177307,0.0,0.015111136250197887,0.1285547912120819,-9.11600399017334,0.0,0.0,0.0,0.0,0.0,0.0,0.0,0.0,0.0,0.0,0.0,0.0,0.0,0.0,0.0,0.30469274520874023,0.30469274520874023,0.304692804813385,0.30469274520874023,0.3705739378929138,0.04114978387951851,0.04114978387951851,0.3532450497150421,2.1397640705108643,-3.0979950428009033,-0.10952010750770569,0.0,0.0,0.0,0.0,0.0,0.0,0.0
55387840012,0,0.012607750482857227,-0.21515442430973053,-0.26169586181640625,0.012607750482857227,-0.21515442430973053,-0.9616958498954773,-0.35105255246162415,-0.03394872695207596,0.06924623996019363,0.0,0.0,0.0,-0.05449631065130234,-0.03698911890387535,-3.0940051078796387,0.0,0.0,-3.0940051078796387,-0.09229716658592224,0.22412890195846558,-0.6993665099143982,0.43184229731559753,0.2982252836227417,0.004962453618645668,0.0,0.0,0.0,-1.6704663038253784,10.105910301208496,-0.10826492309570312,10.637859344482422,2.175828456878662,-10.0,-10.0,16.443645477294922,2.0,2.0,16.164047241210938,0.29744139313697815,0.28977540135383606,0.30357420444488525,0.2943750023841858,0.0,0.30469265580177307,0.30469265580177307,0.30469265580177307,0.30469265580177307,0.0,0.019221369177103043,0.1803654432296753,-9.840849876403809,0.0,0.0,0.0,0.0,0.0,0.0,0.0,0.0,0.0,0.0,0.0,0.0,0.0,0.0,0.0,0.30469274520874023,0.30469274520874023,0.304692804813385,0.30469274520874023,0.36606794595718384,0.04114978387951851,0.04114978387951851,0.3591592311859131,2.1655282974243164,-3.1813783645629883,-0.13473062217235565,0.0,0.0,0.0,0.0,0.0,0.0,0.0
55397360964,0,0.012607750482857227,-0.21515442430973053,-0.26169586181640625,0.012607750482857227,-0.21515442430973053,-0.9616958498954773,-0.35105255246162415,-0.03394872695207596,0.06924623996019363,0.0,0.0,0.0,-0.05449631065130234,-0.03698911890387535,-3.0940051078796387,0.0,0.0,-3.0940051078796387,-0.05124531686306,0.1651187241077423,-0.7021710872650146,0.4340946078300476,0.28044962882995605,0.008586101233959198,0.0,0.0,0.0,-1.701501488685608,10.152993202209473,-0.08843994140625,10.622916221618652,2.160656213760376,-10.0,-10.0,15.952232360839844,2.0,2.0,16.80872917175293,0.29744139313697815,0.28977540135383606,0.30357420444488525,0.2943750023841858,0.0,0.30469265580177307,0.30469265580177307,0.30469265580177307,0.30469265580177307,0.0,0.01632823422551155,0.19643723964691162,-10.345937728881836,0.0,0.0,0.0,0.0,0.0,0.0,0.0,0.0,0.0,0.0,0.0,0.0,0.0,0.0,0.0,0.30469274520874023,0.30469274520874023,0.304692804813385,0.30469274520874023,0.35633644461631775,0.04114978387951851,0.04114978387951851,0.3723548948764801,2.2521932125091553,-3.2533297538757324,-0.14311349391937256,0.0,0.0,0.0,0.0,0.0,0.0,0.0
55407263200,0,0.0005585117032751441,-0.2177770733833313,-0.2592606246471405,0.0005585117032751441,-0.2177770733833313,-0.9592605829238892,-0.3688952624797821,-0.03026130236685276,0.05719652771949768,0.0,0.0,0.0,-0.05432978644967079,-0.03500588238239288,-3.1126017570495605,0.0,0.0,-3.1126017570495605,-0.025996310636401176,0.1296749860048294,-0.703141987323761,0.4340946078300476,0.28044962882995605,0.008586101233959198,0.0,0.0,0.0,-1.7203882932662964,10.181204795837402,-0.0812520980834961,10.616189956665039,2.160656213760376,-10.0,-10.0,15.77999496459961,2.0,2.0,17.072952270507812,0.29744139313697815,0.28977540135383606,0.30357420444488525,0.2943750023841858,0.0,0.30469265580177307,0.30469265580177307,0.30469265580177307,0.30469265580177307,0.0,0.01632823422551155,0.19643723964691162,-10.345937728881836,0.0,0.0,0.0,0.0,0.0,0.0,0.0,0.0,0.0,0.0,0.0,0.0,0.0,0.0,0.0,0.30469274520874023,0.30469274520874023,0.304692804813385,0.30469274520874023,0.35633644461631775,0.04114978387951851,0.04114978387951851,0.3723548948764801,2.326315402984619,-3.3109099864959717,-0.11760270595550537,0.0,0.0,0.0,0.0,0.0,0.0,0.0
55417926728,0,0.0005585117032751441,-0.2177770733833313,-0.2592606246471405,0.0005585117032751441,-0.2177770733833313,-0.9592605829238892,-0.3688952624797821,-0.03026130236685276,0.05719652771949768,0.0,0.0,0.0,-0.05432978644967079,-0.03500588238239288,-3.1126017570495605,0.0,0.0,-3.1126017570495605,-0.025996310636401176,0.1296749860048294,-0.703141987323761,0.4320666790008545,0.27777040004730225,0.00854088831692934,0.0,0.0,0.0,-1.7203882932662964,10.181204795837402,-0.0812520980834961,10.616189956665039,2.1551880836486816,-10.0,-10.0,15.77999496459961,2.0,2.0,17.072952270507812,0.29744139313697815,0.28977540135383606,0.30357420444488525,0.2943750023841858,0.0,0.30469265580177307,0.30469265580177307,0.30469265580177307,0.30469265580177307,0.0,0.014929135330021381,0.17886456847190857,-10.468804359436035,0.0,0.0,0.0,0.0,0.0,0.0,0.0,0.0,0.0,0.0,0.0,0.0,0.0,0.0,0.0,0.30469274520874023,0.30469274520874023,0.304692804813385,0.30469274520874023,0.3530995547771454,0.04114978387951851,0.04114978387951851,0.37727072834968567,2.326315402984619,-3.3109099864959717,-0.11760270595550537,0.0,0.0,0.0,0.0,0.0,0.0,0.0
55427307566,0,-0.003616624278947711,-0.21865563094615936,-0.25854620337486267,-0.003616624278947711,-0.21865563094615936,-0.9585461616516113,-0.37438729405403137,-0.02871813252568245,0.05244520679116249,0.0,0.0,0.0,-0.053830165416002274,-0.03487429767847061,-3.1187877655029297,0.0,0.0,-3.1187877655029297,0.0009506013011559844,0.09501323103904724,-0.704035222530365,0.4280981719493866,0.276727557182312,0.008545608259737492,0.0,0.0,0.0,-1.746269702911377,10.21473503112793,-0.07308292388916016,10.60848617553711,2.1551880836486816,-10.0,-10.0,15.579682350158691,2.0,2.0,17.38287925720215,0.29744139313697815,0.28977540135383606,0.30357420444488525,0.2943750023841858,0.0,0.30469265580177307,0.30469265580177307,0.30469265580177307,0.30469265580177307,0.0,0.014929135330021381,0.17886456847190857,-10.468804359436035,0.0,0.0,0.0,0.0,0.0,0.0,0.0,0.0,0.0,0.0,0.0,0.0,0.0,0.0,0.0,0.30469274520874023,0.30469274520874023,0.304692804813385,0.30469274520874023,0.3530995547771454,0.04114978387951851,0.04114978387951851,0.37727072834968567,2.4400205612182617,-3.302025079727173,-0.0967785120010376,0.0,0.0,0.0,0.0,0.0,0.0,0.0
55439451633,0,-0.003616624278947711,-0.21865563094615936,-0.25854620337486267,-0.003616624278947711,-0.21865563094615936,-0.9585461616516113,-0.37438729405403137,-0.02871813252568245,0.05244520679116249,0.0,0.0,0.0,-0.053830165416002274,-0.03487429767847061,-3.1187877655029297,0.0,0.0,-3.1187877655029297,0.0009506013011559844,0.09501323103904724,-0.704035222530365,0.4280981719493866,0.276727557182312,0.008545608259737492,0.0,0.0,0.0,-1.746269702911377,10.21473503112793,-0.07308292388916016,10.60848617553711,2.149017095565796,-10.0,-10.0,15.579682350158691,2.0,2.0,17.38287925720215,0.29744139313697815,0.28977540135383606,0.30357420444488525,0.2943750023841858,0.0,0.30469265580177307,0.30469265580177307,0.30469265580177307,0.30469265580177307,0.0,-0.027596985921263695,0.18457362055778503,-10.408076286315918,0.0,0.0,0.0,0.0,0.0,0.0,0.0,0.0,0.0,0.0,0.0,0.0,0.0,0.0,0.0,0.30469274520874023,0.30469274520874023,0.304692804813385,0.30469274520874023,0.3493284285068512,0.04114978387951851,0.04114978387951851,0.38302165269851685,2.4400205612182617,-3.302025079727173,-0.0967785120010376,0.0,0.0,0.0,0.0,0.0,0.0,0.0
55447419530,0,-0.012248525395989418,-0.2204514592885971,-0.2572419345378876,-0.012248525395989418,-0.2204514592885971,-0.9572418928146362,-0.38510099053382874,-0.025674793869256973,0.04764047637581825,0.0,0.0,0.0,-0.052346207201480865,-0.03539857640862465,-3.1310617923736572,0.0,0.0,-3.1310617923736572,0.051632899791002274,0.02678675390779972,-0.7064581513404846,0.416305273771286,0.28091558814048767,0.008433002978563309,0.0,0.0,0.0,-1.800986409187317,10.289299964904785,-0.05881500244140625,10.593456268310547,2.140627145767212,-10.0,-10.0,15.240622520446777,2.0,2.0,17.965578079223633,0.29744139313697815,0.28977540135383606,0.30357420444488525,0.2943750023841858,0.0,0.30469265580177307,0.30469265580177307,0.30469265580177307,0.30469265580177307,0.0,-0.05804066359996796,0.14612595736980438,-9.939811706542969,0.0,0.0,0.0,0.0,0.0,0.0,0.0,0.0,0.0,0.0,0.0,0.0,0.0,0.0,0.0,0.30469274520874023,0.30469274520874023,0.304692804813385,0.30469274520874023,0.3452538251876831,0.04114978387951851,0.04114978387951851,0.3901158571243286,2.40515398979187,-3.2592341899871826,-0.1177433505654335,0.0,0.0,0.0,0.0,0.0,0.0,0.0
55458481572,0,-0.012248525395989418,-0.2204514592885971,-0.2572419345378876,-0.021186675876379013,-0.22227412462234497,-0.9559916853904724,-0.38510099053382874,-0.025674793869256973,0.04764047637581825,0.0,0.0,0.0,-0.052346207201480865,-0.03539857640862465,-3.1310617923736572,0.0,0.0,3.1398003101348877,0.07497852295637131,-0.005771635565906763,-0.7083660364151001,0.416305273771286,0.28091558814048767,0.008433002978563309,0.0,0.0,0.0,-1.8266011476516724,10.327051162719727,-0.04976081848144531,10.58613395690918,2.140627145767212,-10.0,-10.0,15.024362564086914,2.0,2.0,18.304969787597656,0.29744139313697815,0.28977540135383606,0.30357420444488525,0.2943750023841858,0.0,0.30469265580177307,0.30469265580177307,0.30469265580177307,0.30469265580177307,0.0,-0.08300801366567612,0.1397208422422409,-9.759793281555176,0.0,0.0,0.0,0.0,0.0,0.0,0.0,0.0,0.0,0.0,0.0,0.0,0.0,0.0,0.0,0.30469274520874023,0.30469274520874023,0.304692804813385,0.30469274520874023,0.3452538251876831,0.04114978387951851,0.04114978387951851,0.3901158571243286,2.314688205718994,-3.1784887313842773,-0.14718535542488098,0.0,0.0,0.0,0.0,0.0,0.0,0.0
55467482064,0,-0.021186675876379013,-0.22227412462234497,-0.25599169731140137,-0.021186675876379013,-0.22227412462234497,-0.9559916853904724,-0.395027756690979,-0.023171622306108475,0.04885368421673775,0.0,0.0,0.0,-0.050170350819826126,-0.03690800443291664,3.1398003101348877,0.0,0.0,3.1398003101348877,0.09682442247867584,-0.03760495409369469,-0.7097530961036682,0.38010066747665405,0.3084202706813812,0.0046998425386846066,0.0,0.0,0.0,-1.8266011476516724,10.327051162719727,-0.04976081848144531,10.58613395690918,2.1246607303619385,-10.0,-10.0,15.024362564086914,2.0,2.0,18.304969787597656,0.29744139313697815,0.28977540135383606,0.30357420444488525,0.2943750023841858,0.0,0.30469265580177307,0.30469265580177307,0.30469265580177307,0.30469265580177307,0.0,-0.08300801366567612,0.1397208422422409,-9.759793281555176,0.0,0.0,0.0,0.0,0.0,0.0,0.0,0.0,0.0,0.0,0.0,0.0,0.0,0.0,0.0,0.30469274520874023,0.30469274520874023,0.304692804813385,0.30469274520874023,0.33376243710517883,0.04114978387951851,0.04114978387951851,0.4087183177471161,2.1968305110931396,-3.102771520614624,-0.14119865000247955,0.0,0.0,0.0,0.0,0.0,0.0,0.0
55477577658,0,-0.029808731749653816,-0.22404499351978302,-0.25478073954582214,-0.029808731749653816,-0.22404499351978302,-0.9547806978225708,-0.4037137031555176,-0.021784726530313492,0.052772823721170425,0.0,0.0,0.0,-0.047042228281497955,-0.03951968625187874,3.1264655590057373,0.0,0.0,3.1264655590057373,0.11461672186851501,-0.06399768590927124,-0.7106847763061523,0.38010066747665405,0.3084202706813812,0.0046998425386846066,0.0,0.0,0.0,-1.8840242624282837,10.40798568725586,-0.032446861267089844,10.57295036315918,2.1246607303619385,-10.0,-10.0,14.611639976501465,2.0,2.0,18.981935501098633,0.29590821266174316,0.28977540135383606,0.30204102396965027,0.2943750023841858,0.0,0.30469265580177307,0.30469265580177307,0.30469265580177307,0.30469265580177307,0.0,-0.1485404521226883,0.11996690928936005,-9.61085319519043,0.0,0.0,0.0,0.0,0.0,0.0,0.0,0.0,0.0,0.0,0.0,0.0,0.0,0.0,0.0,0.30469274520874023,0.30469274520874023,0.304692804813385,0.30469274520874023,0.33376243710517883,0.04114978387951851,0.04114978387951851,0.4087183177471161,2.0983147621154785,-3.025938034057617,-0.12438051402568817,0.0,0.0,0.0,0.0,0.0,0.0,0.0
55487330785,0,-0.029808731749653816,-0.22404499351978302,-0.25478073954582214,-0.029808731749653816,-0.22404499351978302,-0.9547806978225708,-0.4037137031555176,-0.021784726530313492,0.052772823721170425,0.0,0.0,0.0,-0.047042228281497955,-0.03951968625187874,3.1264655590057373,0.0,0.0,3.1264655590057373,0.11461672186851501,-0.06399768590927124,-0.7106847763061523,0.3461751639842987,0.33997291326522827,0.008398275822401047,0.0,0.0,0.0,-1.8840242624282837,10.40798568725586,-0.032446861267089844,10.57295036315918,2.1159868240356445,-10.0,-10.0,14.611639976501465,2.0,2.0,18.981935501098633,0.29744139313697815,0.28977540135383606,0.30357420444488525,0.2943750023841858,0.0,0.30469265580177307,0.30469265580177307,0.30469265580177307,0.30469265580177307,0.0,-0.1485404521226883,0.11996690928936005,-9.61085319519043,0.0,0.0,0.0,0.0,0.0,0.0,0.0,0.0,0.0,0.0,0.0,0.0,0.0,0.0,0.0,0.30469274520874023,0.30469274520874023,0.304692804813385,0.30469274520874023,0.32738375663757324,0.04114978387951851,0.04114978387951851,0.4193812906742096,2.0983147621154785,-3.025938034057617,-0.12438051402568817,0.0,0.0,0.0,0.0,0.0,0.0,0.0
55499503505,0,-0.03924135863780975,-0.22583448886871338,-0.2534554898738861,-0.03924135863780975,-0.22583448886871338,-0.9534554481506348,-0.41240087151527405,-0.01868239976465702,0.05392582714557648,0.0,0.0,0.0,-0.04351742938160896,-0.042817920446395874,3.1143345832824707,0.0,0.0,3.1143345832824707,0.1534414291381836,-0.11950147897005081,-0.7132377624511719,0.3461751639842987,0.33997291326522827,0.008398275822401047,0.0,0.0,0.0,-1.9476499557495117,10.494155883789062,-0.01956939697265625,10.559341430664062,2.1159868240356445,-10.0,-10.0,14.313620567321777,2.0,2.0,19.56163787841797,0.29744139313697815,0.28977540135383606,0.30357420444488525,0.2943750023841858,0.0,0.30469265580177307,0.30469265580177307,0.30469265580177307,0.30469265580177307,0.0,-0.2391107827425003,0.06396486610174179,-9.884963989257812,0.0,0.0,0.0,0.0,0.0,0.0,0.0,0.0,0.0,0.0,0.0,0.0,0.0,0.0,0.0,0.30469274520874023,0.30469274520874023,0.304692804813385,0.30469274520874023,0.32738375663757324,0.04114978387951851,0.04114978387951851,0.4193812906742096,1.9017502069473267,-2.7030608654022217,-0.12496253848075867,0.0,0.0,0.0,0.0,0.0,0.0,0.0
55507227283,0,-0.044022656977176666,-0.22673065960407257,-0.2528035640716553,-0.044022656977176666,-0.22673065960407257,-0.9528035521507263,-0.41637179255485535,-0.01667877472937107,0.05248674377799034,0.0,0.0,0.0,-0.04152732342481613,-0.04472871124744415,3.108228921890259,0.0,0.0,3.108228921890259,0.16910378634929657,-0.1408751755952835,-0.714200496673584,0.3461751639842987,0.33997291326522827,0.008398275822401047,0.0,0.0,0.0,-1.9753003120422363,10.529825210571289,-0.013293266296386719,10.55370044708252,2.1159868240356445,-10.0,-10.0,14.163474082946777,2.0,2.0,19.828468322753906,0.29744139313697815,0.28977540135383606,0.30357420444488525,0.2943750023841858,0.0,0.30469265580177307,0.30469265580177307,0.30469265580177307,0.30469265580177307,0.0,-0.2755873501300812,0.026388460770249367,-10.010091781616211,0.0,0.0,0.0,0.0,0.0,0.0,0.0,0.0,0.0,0.0,0.0,0.0,0.0,0.0,0.0,0.30469274520874023,0.30469274520874023,0.304692804813385,0.30469274520874023,0.32738375663757324,0.04114978387951851,0.04114978387951851,0.4193812906742096,1.8289986848831177,-2.558448553085327,-0.11663340032100677,0.0,0.0,0.0,0.0,0.0,0.0,0.0
55517620315,0,-0.044022656977176666,-0.22673065960407257,-0.2528035640716553,-0.044022656977176666,-0.22673065960407257,-0.9528035521507263,-0.41637179255485535,-0.01667877472937107,0.05248674377799034,0.0,0.0,0.0,-0.04152732342481613,-0.04472871124744415,3.108228921890259,0.0,0.0,3.108228921890259,0.18665356934070587,-0.16354221105575562,-0.7150717973709106,0.2958979308605194,0.38879507780075073,0.008394090458750725,0.0,0.0,0.0,-1.9753003120422363,10.529825210571289,-0.013293266296386719,10.55370044708252,2.104524850845337,-10.0,-10.0,13.989583015441895,2.0,2.0,20.11962890625,0.29744139313697815,0.28977540135383606,0.30357420444488525,0.2943750023841858,0.0,0.30469265580177307,0.30469265580177307,0.30469265580177307,0.30469265580177307,0.0,-0.2755873501300812,0.026388460770249367,-10.010091781616211,0.0,0.0,0.0,0.0,0.0,0.0,0.0,0.0,0.0,0.0,0.0,0.0,0.0,0.0,0.0,0.30469274520874023,0.30469274520874023,0.304692804813385,0.30469274520874023,0.3166365921497345,0.04114978387951851,0.04114978387951851,0.43662402033805847,1.7453547716140747,-2.3641679286956787,-0.1011456698179245,0.0,0.0,0.0,0.0,0.0,0.0,0.0
55527332616,0,-0.05369475111365318,-0.2285047024488449,-0.2515645921230316,-0.05369475111365318,-0.2285047024488449,-0.9515645503997803,-0.4232909381389618,-0.013393145054578781,0.04685813561081886,0.0,0.0,0.0,-0.037186894565820694,-0.04895345866680145,3.0960004329681396,0.0,0.0,3.0960004329681396,0.19946518540382385,-0.18276090919971466,-0.7154822945594788,0.2958979308605194,0.38879507780075073,0.008394090458750725,0.0,0.0,0.0,-2.0318660736083984,10.603535652160645,-0.0008907318115234375,10.541861534118652,2.104524850845337,-10.0,-10.0,13.868922233581543,2.0,2.0,20.364110946655273,0.29744139313697815,0.28977540135383606,0.30357420444488525,0.2943750023841858,0.0,0.30469265580177307,0.30469265580177307,0.30469265580177307,0.30469265580177307,0.0,-0.4102872610092163,-0.012629620730876923,-10.323992729187012,0.0,0.0,0.0,0.0,0.0,0.0,0.0,0.0,0.0,0.0,0.0,0.0,0.0,0.0,0.0,0.30469274520874023,0.30469274520874023,0.304692804813385,0.30469274520874023,0.3166365921497345,0.04114978387951851,0.04114978387951851,0.43662402033805847,1.603639841079712,-2.262333631515503,-0.07628796249628067,0.0,0.0,0.0,0.0,0.0,0.0,0.0
55537927637,0,-0.06350411474704742,-0.23021972179412842,-0.25049009919166565,-0.06350411474704742,-0.23021972179412842,-0.9504901170730591,-0.4290076494216919,-0.00989079475402832,0.036245644092559814,0.0,0.0,0.0,-0.03240806981921196,-0.05361015349626541,3.0836355686187744,0.0,0.0,3.0836355686187744,0.2139735370874405,-0.2019665241241455,-0.7163454294204712,0.2958979308605194,0.38879507780075073,0.008394090458750725,0.0,0.0,0.0,-2.061541795730591,10.63918399810791,0.005986213684082031,10.535700798034668,2.104524850845337,-10.0,-10.0,13.699859619140625,2.0,2.0,20.64993667602539,0.29744139313697815,0.28977540135383606,0.30357420444488525,0.2943750023841858,0.0,0.30469265580177307,0.30469265580177307,0.30469265580177307,0.30469265580177307,0.0,-0.46740302443504333,-0.041483182460069656,-10.447979927062988,0.0,0.0,0.0,0.0,0.0,0.0,0.0,0.0,0.0,0.0,0.0,0.0,0.0,0.0,0.0,0.30469274520874023,0.30469274520874023,0.304692804813385,0.30469274520874023,0.3166365921497345,0.04114978387951851,0.04114978387951851,0.43662402033805847,1.495079755783081,-2.0449929237365723,-0.08118589222431183,0.0,0.0,0.0,0.0,0.0,0.0,0.0
55547953828,0,-0.06350411474704742,-0.23021972179412842,-0.25049009919166565,-0.06350411474704742,-0.23021972179412842,-0.9504901170730591,-0.4290076494216919,-0.00989079475402832,0.036245644092559814,0.0,0.0,0.0,-0.03240806981921196,-0.05361015349626541,3.0836355686187744,0.0,0.0,3.0836355686187744,0.2395332008600235,-0.23308245837688446,-0.7184685468673706,0.24741214513778687,0.4355435073375702,0.004735156428068876,0.0,0.0,0.0,-2.130048990249634,10.715396881103516,0.022247314453125,10.523833274841309,2.0983645915985107,-10.0,-10.0,13.289722442626953,2.0,2.0,21.310073852539062,0.29744139313697815,0.28977540135383606,0.30357420444488525,0.2943750023841858,0.0,0.30469265580177307,0.30469265580177307,0.30469265580177307,0.30469265580177307,0.0,-0.46740302443504333,-0.041483182460069656,-10.447979927062988,0.0,0.0,0.0,0.0,0.0,0.0,0.0,0.0,0.0,0.0,0.0,0.0,0.0,0.0,0.0,0.30469274520874023,0.30469274520874023,0.304692804813385,0.30469274520874023,0.3106033504009247,0.04114978387951851,0.04114978387951851,0.4463195204734802,1.2772654294967651,-1.6133805513381958,-0.09567483514547348,0.0,0.0,0.0,0.0,0.0,0.0,0.0
55559023606,0,-0.07335548847913742,-0.231771782040596,-0.24962562322616577,-0.07335548847913742,-0.231771782040596,-0.9496256113052368,-0.43391457200050354,-0.005259001161903143,0.02485588565468788,0.0,0.0,0.0,-0.027152957394719124,-0.05867994204163551,3.071300745010376,0.0,0.0,3.071300745010376,0.2395332008600235,-0.23308245837688446,-0.7184685468673706,0.2050771415233612,0.4763607978820801,0.004613809287548065,0.0,0.0,0.0,-2.130048990249634,10.715396881103516,0.022247314453125,10.523833274841309,2.0929019451141357,-10.0,-10.0,13.289722442626953,2.0,2.0,21.310073852539062,0.29590821266174316,0.28977540135383606,0.30357420444488525,0.2943750023841858,0.0,0.30469265580177307,0.30469265580177307,0.30469265580177307,0.30469265580177307,0.0,-0.5518813133239746,-0.12257306277751923,-10.366521835327148,0.0,0.0,0.0,0.0,0.0,0.0,0.0,0.0,0.0,0.0,0.0,0.0,0.0,0.0,0.0,0.30469274520874023,0.30469274520874023,0.304692804813385,0.30469274520874023,0.30584365129470825,0.04114978387951851,0.04114978387951851,0.45524999499320984,1.2772654294967651,-1.6133805513381958,-0.09567483514547348,0.0,0.0,0.0,0.0,0.0,0.0,0.0
55570001487,0,-0.07335548847913742,-0.231771782040596,-0.24962562322616577,-0.07335548847913742,-0.231771782040596,-0.9496256113052368,-0.43391457200050354,-0.005259001161903143,0.02485588565468788,0.0,0.0,0.0,-0.027152957394719124,-0.05867994204163551,3.071300745010376,0.0,0.0,3.071300745010376,0.24997352063655853,-0.24347123503684998,-0.7189206480979919,0.17188282310962677,0.5075741410255432,0.00822601281106472,0.0,0.0,0.0,-2.1600754261016846,10.744062423706055,0.02722454071044922,10.51893138885498,2.090670108795166,-10.0,-10.0,13.15857219696045,2.0,2.0,21.535629272460938,0.29744139313697815,0.28977540135383606,0.30357420444488525,0.2943750023841858,0.0,0.30469265580177307,0.30469265580177307,0.30469265580177307,0.30469265580177307,0.0,-0.5518813133239746,-0.12257306277751923,-10.366521835327148,0.0,0.0,0.0,0.0,0.0,0.0,0.0,0.0,0.0,0.0,0.0,0.0,0.0,0.0,0.0,0.30469274520874023,0.30469274520874023,0.304692804813385,0.30469274520874023,0.30584365129470825,0.04114978387951851,0.04114978387951851,0.45524999499320984,1.2257875204086304,-1.4102400541305542,-0.07671238481998444,0.0,0.0,0.0,0.0,0.0,0.0,0.0
55577727441,0,-0.08321204036474228,-0.2331804484128952,-0.2489205300807953,-0.08321204036474228,-0.2331804484128952,-0.948920488357544,-0.43755313754081726,-0.00020397081971168518,0.018619608134031296,0.0,0.0,0.0,-0.021566281095147133,-0.0638824999332428,3.0589864253997803,0.0,0.0,3.0589864253997803,0.25905340909957886,-0.25389382243156433,-0.7197901606559753,0.17188282310962677,0.5075741410255432,0.00822601281106472,0.0,0.0,0.0,-2.187391519546509,10.773542404174805,0.03347492218017578,10.513351440429688,2.090670108795166,-10.0,-10.0,12.999682426452637,2.0,2.0,21.791290283203125,0.29744139313697815,0.28977540135383606,0.30357420444488525,0.2943750023841858,0.0,0.30469265580177307,0.30469265580177307,0.30469265580177307,0.30469265580177307,0.0,-0.6585325002670288,-0.19608590006828308,-10.138981819152832,0.0,0.0,0.0,0.0,0.0,0.0,0.0,0.0,0.0,0.0,0.0,0.0,0.0,0.0,0.0,0.30469274520874023,0.30469274520874023,0.304692804813385,0.30469274520874023,0.3028357923030853,0.04114978387951851,0.04114978387951851,0.4597529172897339,1.0425057411193848,-1.207450032234192,-0.08141937851905823,0.0,0.0,0.0,0.0,0.0,0.0,0.0
55587398161,0,-0.0881282240152359,-0.23382467031478882,-0.24860884249210358,-0.0881282240152359,-0.23382467031478882,-0.9486088156700134,-0.43896692991256714,0.002480807714164257,0.01518366951495409,0.0,0.0,0.0,-0.018742116168141365,-0.06656016409397125,3.0527801513671875,0.0,0.0,3.0527801513671875,0.26557451486587524,-0.26240038871765137,-0.7207777500152588,0.17188282310962677,0.5075741410255432,0.00822601281106472,0.0,0.0,0.0,-2.2242679595947266,10.812005043029785,0.036884307861328125,10.507920265197754,2.090670108795166,-10.0,-10.0,12.914533615112305,2.0,2.0,22.002920150756836,0.29744139313697815,0.28977540135383606,0.30357420444488525,0.2943750023841858,0.0,0.30469265580177307,0.30469265580177307,0.30469265580177307,0.30469265580177307,0.0,-0.6930756568908691,-0.23906318843364716,-10.15796947479248,0.0,0.0,0.0,0.0,0.0,0.0,0.0,0.0,0.0,0.0,0.0,0.0,0.0,0.0,0.0,0.30469274520874023,0.30469274520874023,0.304692804813385,0.30469274520874023,0.3028357923030853,0.04114978387951851,0.04114978387951851,0.4597529172897339,0.8370693325996399,-1.0076473951339722,-0.09000304341316223,0.0,0.0,0.0,0.0,0.0,0.0,0.0
55597501442,0,-0.0881282240152359,-0.23382467031478882,-0.24860884249210358,-0.0881282240152359,-0.23382467031478882,-0.9486088156700134,-0.43896692991256714,0.002480807714164257,0.01518366951495409,0.0,0.0,0.0,-0.018742116168141365,-0.06656016409397125,3.0527801513671875,0.0,0.0,3.0527801513671875,0.26987266540527344,-0.26747363805770874,-0.7213131189346313,0.1264125406742096,0.550025999546051,0.008108699694275856,0.0,0.0,0.0,-2.2242679595947266,10.812005043029785,0.036884307861328125,10.507920265197754,2.0858936309814453,-10.0,-10.0,12.786443710327148,2.0,2.0,22.205299377441406,0.29590821266174316,0.28977540135383606,0.30357420444488525,0.2943750023841858,0.0,0.30469265580177307,0.30469265580177307,0.30469265580177307,0.30469265580177307,0.0,-0.6930756568908691,-0.23906318843364716,-10.15796947479248,0.0,0.0,0.0,0.0,0.0,0.0,0.0,0.0,0.0,0.0,0.0,0.0,0.0,0.0,0.0,0.30469274520874023,0.30469274520874023,0.304692804813385,0.30469274520874023,0.29305917024612427,0.04114978387951851,0.04114978387951851,0.4738651514053345,0.6787851452827454,-0.811280369758606,-0.07463642209768295,0.0,0.0,0.0,0.0,0.0,0.0,0.0
55607293848,0,-0.0979575514793396,-0.23501531779766083,-0.24806846678256989,-0.0979575514793396,-0.23501531779766083,-0.9480684399604797,-0.440702348947525,0.007973489351570606,0.010384910739958286,0.0,0.0,0.0,-0.012903998605906963,-0.07185082137584686,3.04032826423645,0.0,0.0,3.04032826423645,0.2726832628250122,-0.2703341543674469,-0.7218606472015381,0.10315302014350891,0.5709658265113831,0.008037503808736801,0.0,0.0,0.0,-2.271547317504883,10.857111930847168,0.046977996826171875,10.498199462890625,2.0858936309814453,-10.0,-10.0,12.648969650268555,2.0,2.0,22.416982650756836,0.29744139313697815,0.28977540135383606,0.30357420444488525,0.2943750023841858,0.0,0.30469265580177307,0.30469265580177307,0.30469265580177307,0.30469265580177307,0.0,-0.8383726477622986,-0.31488728523254395,-10.083633422851562,0.0,0.0,0.0,0.0,0.0,0.0,0.0,0.0,0.0,0.0,0.0,0.0,0.0,0.0,0.0,0.30469274520874023,0.30469274520874023,0.304692804813385,0.30469274520874023,0.29305917024612427,0.04114978387951851,0.04114978387951851,0.4738651514053345,0.4770933985710144,-0.546875,-0.06433232128620148,0.0,0.0,0.0,0.0,0.0,0.0,0.0
55617984205,0,-0.0979575514793396,-0.23501531779766083,-0.24806846678256989,-0.0979575514793396,-0.23501531779766083,-0.9480684399604797,-0.440702348947525,0.007973489351570606,0.010384910739958286,0.0,0.0,0.0,-0.012903998605906963,-0.07185082137584686,3.04032826423645,0.0,0.0,3.04032826423645,0.2726919949054718,-0.26966583728790283,-0.7216764092445374,0.044773876667022705,0.6220006942749023,0.0040354048833251,0.0,0.0,0.0,-2.271547317504883,10.857111930847168,0.046977996826171875,10.498199462890625,2.083974838256836,-10.0,-10.0,12.648969650268555,2.0,2.0,22.416982650756836,0.29590821266174316,0.28977540135383606,0.30357420444488525,0.2943750023841858,0.0,0.30469265580177307,0.30469265580177307,0.30469265580177307,0.30469265580177307,0.0,-0.8383726477622986,-0.31488728523254395,-10.083633422851562,0.0,0.0,0.0,0.0,0.0,0.0,0.0,0.0,0.0,0.0,0.0,0.0,0.0,0.0,0.0,0.30469274520874023,0.30469274520874023,0.304692804813385,0.30469274520874023,0.288551390171051,0.04114978387951851,0.04114978387951851,0.48017051815986633,0.11706621199846268,-0.10640078783035278,-0.014762330800294876,0.0,0.0,0.0,0.0,0.0,0.0,0.0
55627792944,0,-0.1124357059597969,-0.23631130158901215,-0.24741844832897186,-0.1124357059597969,-0.23631130158901215,-0.9474184513092041,-0.4398883283138275,0.01690521091222763,0.0014990794006735086,0.0,0.0,0.0,-0.004176062997430563,-0.0794840157032013,3.0216894149780273,0.0,0.0,3.0216894149780273,0.27006271481513977,-0.2664712965488434,-0.7225914597511292,0.044773876667022705,0.6220006942749023,0.0040354048833251,0.0,0.0,0.0,-2.312747001647949,10.892730712890625,0.05543804168701172,10.488993644714355,2.083974838256836,-10.0,-10.0,12.420409202575684,2.0,2.0,22.763105392456055,0.29590821266174316,0.28977540135383606,0.30357420444488525,0.2943750023841858,0.0,0.30469265580177307,0.30469265580177307,0.30469265580177307,0.30469265580177307,0.0,-0.9530295133590698,-0.399192750453949,-10.134139060974121,0.0,0.0,0.0,0.0,0.0,0.0,0.0,0.0,0.0,0.0,0.0,0.0,0.0,0.0,0.0,0.30469274520874023,0.30469274520874023,0.304692804813385,0.30469274520874023,0.288551390171051,0.04114978387951851,0.04114978387951851,0.48017051815986633,-0.05958770588040352,0.0929599329829216,-0.05111904814839363,0.0,0.0,0.0,0.0,0.0,0.0,0.0
55638717118,0,-0.11719765514135361,-0.23663736879825592,-0.24723967909812927,-0.11719765514135361,-0.23663736879825592,-0.9472396373748779,-0.43883487582206726,0.020398031920194626,-0.0014185769250616431,0.0,0.0,0.0,-0.0013015676522627473,-0.08191235363483429,3.0154380798339844,0.0,0.0,3.0154380798339844,0.27006271481513977,-0.2664712965488434,-0.7225914597511292,0.044773876667022705,0.6220006942749023,0.0040354048833251,0.0,0.0,0.0,-2.3414669036865234,10.916549682617188,0.06322479248046875,10.484899520874023,2.083974838256836,-10.0,-10.0,12.20478630065918,2.0,2.0,23.052541732788086,0.29744139313697815,0.28977540135383606,0.30357420444488525,0.2943750023841858,0.0,0.30469265580177307,0.30469265580177307,0.30469265580177307,0.30469265580177307,0.0,-0.9530295133590698,-0.399192750453949,-10.134139060974121,0.0,0.0,0.0,0.0,0.0,0.0,0.0,0.0,0.0,0.0,0.0,0.0,0.0,0.0,0.0,0.30469274520874023,0.30469274520874023,0.304692804813385,0.30469274520874023,0.288551390171051,0.04114978387951851,0.04114978387951851,0.48017051815986633,-0.05958770588040352,0.0929599329829216,-0.05111904814839363,0.0,0.0,0.0,0.0,0.0,0.0,0.0
55647286305,0,-0.11719765514135361,-0.23663736879825592,-0.24723967909812927,-0.11719765514135361,-0.23663736879825592,-0.9472396373748779,-0.43883487582206726,0.020398031920194626,-0.0014185769250616431,0.0,0.0,0.0,-0.0013015676522627473,-0.08191235363483429,3.0154380798339844,0.0,0.0,3.0154380798339844,0.27006271481513977,-0.2664712965488434,-0.7225914597511292,-0.00029552384512498975,0.6602870225906372,0.003720583627000451,0.0,0.0,0.0,-2.3414669036865234,10.916549682617188,0.06322479248046875,10.484899520874023,2.082594394683838,-10.0,-10.0,12.20478630065918,2.0,2.0,23.052541732788086,0.29744139313697815,0.28977540135383606,0.30357420444488525,0.2943750023841858,0.0,0.30469265580177307,0.30469265580177307,0.30469265580177307,0.30469265580177307,0.0,-1.008291244506836,-0.4411158263683319,-10.114786148071289,0.0,0.0,0.0,0.0,0.0,0.0,0.0,0.0,0.0,0.0,0.0,0.0,0.0,0.0,0.0,0.30469274520874023,0.30469274520874023,0.304692804813385,0.30469274520874023,0.28210562467575073,0.04114978387951851,0.04114978387951851,0.48862048983573914,-0.05958770588040352,0.0929599329829216,-0.05111904814839363,0.0,0.0,0.0,0.0,0.0,0.0,0.0
55657172562,0,-0.12659727036952972,-0.2370976209640503,-0.2469690442085266,-0.12659727036952972,-0.2370976209640503,-0.9469690322875977,-0.4360058009624481,0.027594933286309242,-0.006379050202667713,0.0,0.0,0.0,0.00426924042403698,-0.08642012625932693,3.0029845237731934,0.0,0.0,3.0029845237731934,0.2579800486564636,-0.25298500061035156,-0.72346431016922,-0.022291086614131927,0.6783424615859985,0.003544592997059226,0.0,0.0,0.0,-2.3689236640930176,10.934557914733887,0.07263851165771484,10.475746154785156,2.082594394683838,-10.0,-10.0,11.944646835327148,2.0,2.0,23.37262535095215,0.29590821266174316,0.28977540135383606,0.30357420444488525,0.2943750023841858,0.0,0.30469265580177307,0.30469265580177307,0.30469265580177307,0.30469265580177307,0.0,-1.1060549020767212,-0.4933030903339386,-9.990345001220703,0.0,0.0,0.0,0.0,0.0,0.0,0.0,0.0,0.0,0.0,0.0,0.0,0.0,0.0,0.0,0.30469274520874023,0.30469274520874023,0.304692804813385,0.30469274520874023,0.28210562467575073,0.04114978387951851,0.04114978387951851,0.48862048983573914,-0.46036556363105774,0.5295722484588623,-0.037642791867256165,0.0,0.0,0.0,0.0,0.0,0.0,0.0
55668194715,0,-0.13126099109649658,-0.23726928234100342,-0.24686725437641144,-0.13126099109649658,-0.23726928234100342,-0.9468672275543213,-0.4342571198940277,0.03107127733528614,-0.0073837717063724995,0.0,0.0,0.0,0.0069402605295181274,-0.08848042786121368,2.996737480163574,0.0,0.0,2.996737480163574,0.2579800486564636,-0.25298500061035156,-0.72346431016922,-0.022291086614131927,0.6783424615859985,0.003544592997059226,0.0,0.0,0.0,-2.379732131958008,10.937262535095215,0.07687854766845703,10.47136116027832,2.082594394683838,-10.0,-10.0,11.821239471435547,2.0,2.0,23.505537033081055,0.29590821266174316,0.28977540135383606,0.30357420444488525,0.2943750023841858,0.0,0.30469265580177307,0.30469265580177307,0.30469265580177307,0.30469265580177307,0.0,-1.1060549020767212,-0.4933030903339386,-9.990345001220703,0.0,0.0,0.0,0.0,0.0,0.0,0.0,0.0,0.0,0.0,0.0,0.0,0.0,0.0,0.0,0.30469274520874023,0.30469274520874023,0.304692804813385,0.30469274520874023,0.28210562467575073,0.04114978387951851,0.04114978387951851,0.48862048983573914,-0.46036556363105774,0.5295722484588623,-0.037642791867256165,0.0,0.0,0.0,0.0,0.0,0.0,0.0
55677133051,0,-0.13126099109649658,-0.23726928234100342,-0.24686725437641144,-0.13126099109649658,-0.23726928234100342,-0.9468672275543213,-0.4342571198940277,0.03107127733528614,-0.0073837717063724995,0.0,0.0,0.0,0.0069402605295181274,-0.08848042786121368,2.996737480163574,0.0,0.0,2.996737480163574,0.22782142460346222,-0.21520227193832397,-0.7232856750488281,-0.07468677312135696,0.7183870077133179,0.0069921622052788734,0.0,0.0,0.0,-2.4053497314453125,10.94216537475586,0.08112525939941406,10.463582038879395,2.0825326442718506,-10.0,-10.0,11.683039665222168,2.0,2.0,23.666149139404297,0.29744139313697815,0.28977540135383606,0.30357420444488525,0.2943750023841858,0.0,0.30469265580177307,0.30469265580177307,0.30469265580177307,0.30469265580177307,0.0,-1.1350640058517456,-0.5470031499862671,-9.87328815460205,0.0,0.0,0.0,0.0,0.0,0.0,0.0,0.0,0.0,0.0,0.0,0.0,0.0,0.0,0.0,0.30469274520874023,0.30469274520874023,0.304692804813385,0.30469274520874023,0.27761539816856384,0.04114978387951851,0.04114978387951851,0.49319779872894287,-0.9821838140487671,1.2163152694702148,0.0038311134558171034,0.0,0.0,0.0,0.0,0.0,0.0,0.0
55687167934,0,-0.14030581712722778,-0.237334206700325,-0.2466740906238556,-0.14030581712722778,-0.237334206700325,-0.946674108505249,-0.42942240834236145,0.038228265941143036,-0.007498726714402437,0.0,0.0,0.0,0.011997968889772892,-0.09214405715465546,2.98421573638916,0.0,0.0,2.98421573638916,0.22782142460346222,-0.21520227193832397,-0.7232856750488281,-0.07468677312135696,0.7183870077133179,0.0069921622052788734,0.0,0.0,0.0,-2.4053497314453125,10.94216537475586,0.08112525939941406,10.463582038879395,2.0830252170562744,-10.0,-10.0,11.683039665222168,2.0,2.0,23.666149139404297,0.29744139313697815,0.28977540135383606,0.30357420444488525,0.2943750023841858,0.0,0.30469265580177307,0.30469265580177307,0.30469265580177307,0.30469265580177307,0.0,-1.1868456602096558,-0.5963694453239441,-9.713704109191895,0.0,0.0,0.0,0.0,0.0,0.0,0.0,0.0,0.0,0.0,0.0,0.0,0.0,0.0,0.0,0.30469274520874023,0.30469274520874023,0.304692804813385,0.30469274520874023,0.27163347601890564,0.04114978387951851,0.04114978387951851,0.49852684140205383,-0.9821838140487671,1.2163152694702148,0.0038311134558171034,0.0,0.0,0.0,0.0,0.0,0.0,0.0
55697544882,0,-0.14030581712722778,-0.237334206700325,-0.2466740906238556,-0.14030581712722778,-0.237334206700325,-0.946674108505249,-0.42942240834236145,0.038228265941143036,-0.007498726714402437,0.0,0.0,0.0,0.011997968889772892,-0.09214405715465546,2.98421573638916,0.0,0.0,2.98421573638916,0.21354526281356812,-0.1987825334072113,-0.7231587767601013,-0.13111670315265656,0.7565103769302368,0.006494171917438507,0.0,0.0,0.0,-2.407876491546631,10.93613052368164,0.08481025695800781,10.459576606750488,2.0833687782287598,-10.0,-10.0,11.568036079406738,2.0,2.0,23.757282257080078,0.29590821266174316,0.28977540135383606,0.30357420444488525,0.2943750023841858,0.0,0.30469265580177307,0.30469265580177307,0.30469265580177307,0.30469265580177307,0.0,-1.1868456602096558,-0.5963694453239441,-9.713704109191895,0.0,0.0,0.0,0.0,0.0,0.0,0.0,0.0,0.0,0.0,0.0,0.0,0.0,0.0,0.0,0.30469274520874023,0.30469274520874023,0.304692804813385,0.30469274520874023,0.2698938548564911,0.04114978387951851,0.04114978387951851,0.49971887469291687,-1.164042592048645,1.3921476602554321,0.009326206520199776,0.0,0.0,0.0,0.0,0.0,0.0,0.0
55707296254,0,-0.14030581712722778,-0.237334206700325,-0.2466740906238556,-0.1490805745124817,-0.23715615272521973,-0.9464731216430664,-0.42942240834236145,0.038228265941143036,-0.007498726714402437,0.0,0.0,0.0,0.011997968889772892,-0.09214405715465546,2.98421573638916,0.0,0.0,2.9717159271240234,0.20016919076442719,-0.18263904750347137,-0.7230513095855713,-0.13111670315265656,0.7565103769302368,0.006494171917438507,0.0,0.0,0.0,-2.407876491546631,10.93613052368164,0.08481025695800781,10.459576606750488,2.0833687782287598,-10.0,-10.0,11.568036079406738,2.0,2.0,23.757282257080078,0.29744139313697815,0.28977540135383606,0.30357420444488525,0.2943750023841858,0.0,0.30469265580177307,0.30469265580177307,0.30469265580177307,0.30469265580177307,0.0,-1.2856242656707764,-0.6709027290344238,-9.608321189880371,0.0,0.0,0.0,0.0,0.0,0.0,0.0,0.0,0.0,0.0,0.0,0.0,0.0,0.0,0.0,0.30469274520874023,0.30469274520874023,0.304692804813385,0.30469274520874023,0.2698938548564911,0.04114978387951851,0.04114978387951851,0.49971887469291687,-1.3023364543914795,1.5648773908615112,0.009005777537822723,0.0,0.0,0.0,0.0,0.0,0.0,0.0
55717330217,0,-0.1575065404176712,-0.23675328493118286,-0.24623706936836243,-0.1575065404176712,-0.23675328493118286,-0.9462370872497559,-0.41513004899024963,0.0541665181517601,-0.0034083949867635965,0.0,0.0,0.0,0.020807934924960136,-0.09744468331336975,2.95916485786438,0.0,0.0,2.95916485786438,0.18371446430683136,-0.1620398312807083,-0.7233350872993469,-0.13111670315265656,0.7565103769302368,0.006494171917438507,0.0,0.0,0.0,-2.4099855422973633,10.914880752563477,0.09208393096923828,10.45246696472168,2.0833687782287598,-10.0,-10.0,11.345399856567383,2.0,2.0,23.916215896606445,0.29744139313697815,0.28977540135383606,0.30357420444488525,0.2943750023841858,0.0,0.30469265580177307,0.30469265580177307,0.30469265580177307,0.30469265580177307,0.0,-1.2856242656707764,-0.6709027290344238,-9.608321189880371,0.0,0.0,0.0,0.0,0.0,0.0,0.0,0.0,0.0,0.0,0.0,0.0,0.0,0.0,0.0,0.30469274520874023,0.30469274520874023,0.304692804813385,0.30469274520874023,0.2698938548564911,0.04114978387951851,0.04114978387951851,0.49971887469291687,-1.4296691417694092,1.759922742843628,-0.008299167267978191,0.0,0.0,0.0,0.0,0.0,0.0,0.0
55728045152,0,-0.1575065404176712,-0.23675328493118286,-0.24623706936836243,-0.1575065404176712,-0.23675328493118286,-0.9462370872497559,-0.41513004899024963,0.0541665181517601,-0.0034083949867635965,0.0,0.0,0.0,0.020807934924960136,-0.09744468331336975,2.95916485786438,0.0,0.0,2.95916485786438,0.16846507787704468,-0.1437358558177948,-0.7235559225082397,-0.17188088595867157,0.7781842947006226,0.002469998551532626,0.0,0.0,0.0,-2.4099855422973633,10.914880752563477,0.09208393096923828,10.45246696472168,2.0843098163604736,-10.0,-10.0,11.345399856567383,2.0,2.0,23.916215896606445,0.29744139313697815,0.28977540135383606,0.30357420444488525,0.2943750023841858,0.0,0.30469265580177307,0.30469265580177307,0.30469265580177307,0.30469265580177307,0.0,-1.3085333108901978,-0.6980912685394287,-9.57867431640625,0.0,0.0,0.0,0.0,0.0,0.0,0.0,0.0,0.0,0.0,0.0,0.0,0.0,0.0,0.0,0.30469274520874023,0.30469274520874023,0.304692804813385,0.30469274520874023,0.26547759771347046,0.04114978387951851,0.04114978387951851,0.5024394989013672,-1.5448194742202759,1.878704309463501,-0.01738594099879265,0.0,0.0,0.0,0.0,0.0,0.0,0.0
55737298458,0,-0.1655876189470291,-0.2360355705022812,-0.24596160650253296,-0.1655876189470291,-0.2360355705022812,-0.945961594581604,-0.4061198830604553,0.06272269785404205,-0.0013963188976049423,0.0,0.0,0.0,0.024329088628292084,-0.0989505723118782,2.946587324142456,0.0,0.0,2.946587324142456,0.1463964879512787,-0.11851420253515244,-0.7233440279960632,-0.18585573136806488,0.7840019464492798,0.002351627219468355,0.0,0.0,0.0,-2.4064908027648926,10.885101318359375,0.10176753997802734,10.445274353027344,2.0843098163604736,-10.0,-10.0,11.045063018798828,2.0,2.0,24.11595344543457,0.29590821266174316,0.28977540135383606,0.30357420444488525,0.2943750023841858,0.0,0.30469265580177307,0.30469265580177307,0.30469265580177307,0.30469265580177307,0.0,-1.3772577047348022,-0.7479078769683838,-9.605302810668945,0.0,0.0,0.0,0.0,0.0,0.0,0.0,0.0,0.0,0.0,0.0,0.0,0.0,0.0,0.0,0.30469274520874023,0.30469274520874023,0.304692804813385,0.30469274520874023,0.26547759771347046,0.04114978387951851,0.04114978387951851,0.5024394989013672,-1.7044721841812134,2.000351905822754,0.003920482471585274,0.0,0.0,0.0,0.0,0.0,0.0,0.0
55747874661,0,-0.1655876189470291,-0.2360355705022812,-0.24596160650253296,-0.1655876189470291,-0.2360355705022812,-0.945961594581604,-0.4061198830604553,0.06272269785404205,-0.0013963188976049423,0.0,0.0,0.0,0.024329088628292084,-0.0989505723118782,2.946587324142456,0.0,0.0,2.946587324142456,0.10746363550424576,-0.07486278563737869,-0.7213936448097229,-0.21441905200481415,0.7919383645057678,0.005833053961396217,0.0,0.0,0.0,-2.4064908027648926,10.885101318359375,0.10176753997802734,10.445274353027344,2.0861024856567383,-10.0,-10.0,10.909765243530273,2.0,2.0,24.12543296813965,0.29590821266174316,0.28977540135383606,0.30357420444488525,0.2943750023841858,0.0,0.30469265580177307,0.30469265580177307,0.30469265580177307,0.30469265580177307,0.0,-1.3772577047348022,-0.7479078769683838,-9.605302810668945,0.0,0.0,0.0,0.0,0.0,0.0,0.0,0.0,0.0,0.0,0.0,0.0,0.0,0.0,0.0,0.30469274520874023,0.30469274520874023,0.304692804813385,0.30469274520874023,0.26149454712867737,0.04114978387951851,0.04114978387951851,0.5028764605522156,-1.9237548112869263,2.174952268600464,0.06699226051568985,0.0,0.0,0.0,0.0,0.0,0.0,0.0
55757073723,0,-0.17325736582279205,-0.23503169417381287,-0.24565830826759338,-0.17325736582279205,-0.23503169417381287,-0.9456583261489868,-0.3959147036075592,0.07097966969013214,0.0012450575595721602,0.0,0.0,0.0,0.0271698497235775,-0.09962047636508942,2.9341776371002197,0.0,0.0,2.9341776371002197,0.08454860746860504,-0.0494205579161644,-0.7204726338386536,-0.21441905200481415,0.7919383645057678,0.005833053961396217,0.0,0.0,0.0,-2.3890020847320557,10.845051765441895,0.1057119369506836,10.439038276672363,2.0861024856567383,-10.0,-10.0,10.893637657165527,2.0,2.0,24.05263328552246,0.29590821266174316,0.28977540135383606,0.30357420444488525,0.2943750023841858,0.0,0.30469265580177307,0.30469265580177307,0.30469265580177307,0.30469265580177307,0.0,-1.4012398719787598,-0.7953649163246155,-9.581183433532715,0.0,0.0,0.0,0.0,0.0,0.0,0.0,0.0,0.0,0.0,0.0,0.0,0.0,0.0,0.0,0.30469274520874023,0.30469274520874023,0.304692804813385,0.30469274520874023,0.26149454712867737,0.04114978387951851,0.04114978387951851,0.5028764605522156,-2.046495199203491,2.299344062805176,0.07723431289196014,0.0,0.0,0.0,0.0,0.0,0.0,0.0
55767317810,0,-0.1769765317440033,-0.23444031178951263,-0.24549028277397156,-0.1769765317440033,-0.23444031178951263,-0.9454902410507202,-0.39047613739967346,0.07547406852245331,0.0020519180689007044,0.0,0.0,0.0,0.02832631953060627,-0.09963683784008026,2.9279279708862305,0.0,0.0,2.9279279708862305,0.08454860746860504,-0.0494205579161644,-0.7204726338386536,-0.21441905200481415,0.7919383645057678,0.005833053961396217,0.0,0.0,0.0,-2.3792576789855957,10.81761646270752,0.10522747039794922,10.435853004455566,2.0861024856567383,-10.0,-10.0,10.893637657165527,2.0,2.0,24.05263328552246,0.29590821266174316,0.28977540135383606,0.30357420444488525,0.2943750023841858,0.0,0.30469265580177307,0.30469265580177307,0.30469265580177307,0.30469265580177307,0.0,-1.411323070526123,-0.823830246925354,-9.624455451965332,0.0,0.0,0.0,0.0,0.0,0.0,0.0,0.0,0.0,0.0,0.0,0.0,0.0,0.0,0.0,0.30469274520874023,0.30469274520874023,0.304692804813385,0.30469274520874023,0.26149454712867737,0.04114978387951851,0.04114978387951851,0.5028764605522156,-2.046495199203491,2.299344062805176,0.07723431289196014,0.0,0.0,0.0,0.0,0.0,0.0,0.0
55777657568,0,-0.1769765317440033,-0.23444031178951263,-0.24549028277397156,-0.1769765317440033,-0.23444031178951263,-0.9454902410507202,-0.39047613739967346,0.07547406852245331,0.0020519180689007044,0.0,0.0,0.0,0.02832631953060627,-0.09963683784008026,2.9279279708862305,0.0,0.0,2.9279279708862305,0.08454860746860504,-0.0494205579161644,-0.7204726338386536,-0.2314748913049698,0.7901474833488464,0.005695136729627848,0.0,0.0,0.0,-2.3792576789855957,10.81761646270752,0.10522747039794922,10.435853004455566,2.087578535079956,-10.0,-10.0,10.893637657165527,2.0,2.0,24.05263328552246,0.29590821266174316,0.28977540135383606,0.30357420444488525,0.2943750023841858,0.0,0.30469265580177307,0.30469265580177307,0.30469265580177307,0.30469265580177307,0.0,-1.411323070526123,-0.823830246925354,-9.624455451965332,0.0,0.0,0.0,0.0,0.0,0.0,0.0,0.0,0.0,0.0,0.0,0.0,0.0,0.0,0.0,0.30469274520874023,0.30469274520874023,0.304692804813385,0.30469274520874023,0.25484082102775574,0.04114978387951851,0.04114978387951851,0.5040984749794006,-2.046495199203491,2.299344062805176,0.07723431289196014,0.0,0.0,0.0,0.0,0.0,0.0,0.0
55787312062,0,-0.18411993980407715,-0.23305454850196838,-0.24515755474567413,-0.18411993980407715,-0.23305454850196838,-0.945157527923584,-0.3788090646266937,0.08439838886260986,0.0020532996859401464,0.0,0.0,0.0,0.030071809887886047,-0.09898575395345688,2.9154694080352783,0.0,0.0,2.9154694080352783,0.039462149143218994,0.0003073051630053669,-0.7192848324775696,-0.2374347299337387,0.7869313359260559,0.005702070891857147,0.0,0.0,0.0,-2.3450584411621094,10.759056091308594,0.10997867584228516,10.430214881896973,2.087578535079956,-10.0,-10.0,10.724296569824219,2.0,2.0,24.02667236328125,0.29744139313697815,0.28977540135383606,0.30357420444488525,0.2943750023841858,0.0,0.30469265580177307,0.30469265580177307,0.30469265580177307,0.30469265580177307,0.0,-1.4693820476531982,-0.8133823871612549,-9.708735466003418,0.0,0.0,0.0,0.0,0.0,0.0,0.0,0.0,0.0,0.0,0.0,0.0,0.0,0.0,0.0,0.30469274520874023,0.30469274520874023,0.304692804813385,0.30469274520874023,0.25484082102775574,0.04114978387951851,0.04114978387951851,0.5040984749794006,-2.243415355682373,2.4842827320098877,0.06826699525117874,0.0,0.0,0.0,0.0,0.0,0.0,0.0
55797215511,0,-0.18754121661186218,-0.23224186897277832,-0.24499939382076263,-0.18754121661186218,-0.23224186897277832,-0.9449993968009949,-0.3723648488521576,0.08923941850662231,0.0015687502454966307,0.0,0.0,0.0,0.030647071078419685,-0.09830641746520996,2.909310817718506,0.0,0.0,2.909310817718506,0.017383527010679245,0.024071605876088142,-0.7182994484901428,-0.2374347299337387,0.7869313359260559,0.005702070891857147,0.0,0.0,0.0,-2.3450584411621094,10.759056091308594,0.10997867584228516,10.430214881896973,2.0878818035125732,-10.0,-10.0,10.664146423339844,2.0,2.0,23.987009048461914,0.29744139313697815,0.28977540135383606,0.30357420444488525,0.2943750023841858,0.0,0.30469265580177307,0.30469265580177307,0.30469265580177307,0.30469265580177307,0.0,-1.4693820476531982,-0.8133823871612549,-9.708735466003418,0.0,0.0,0.0,0.0,0.0,0.0,0.0,0.0,0.0,0.0,0.0,0.0,0.0,0.0,0.0,0.30469274520874023,0.30469274520874023,0.304692804813385,0.30469274520874023,0.25365057587623596,0.04114978387951851,0.04114978387951851,0.5034497976303101,-2.3379132747650146,2.550929307937622,0.08573804795742035,0.0,0.0,0.0,0.0,0.0,0.0,0.0
55807632682,0,-0.18754121661186218,-0.23224186897277832,-0.24499939382076263,-0.18754121661186218,-0.23224186897277832,-0.9449993968009949,-0.3723648488521576,0.08923941850662231,0.0015687502454966307,0.0,0.0,0.0,0.030647071078419685,-0.09830641746520996,2.909310817718506,0.0,0.0,2.909310817718506,-0.03551485016942024,0.08200584352016449,-0.7170007228851318,-0.2454720288515091,0.7700511813163757,0.0019488458056002855,0.0,0.0,0.0,-2.3257203102111816,10.728484153747559,0.11156082153320312,10.427734375,2.0881106853485107,-10.0,-10.0,10.664146423339844,2.0,2.0,23.987009048461914,0.29744139313697815,0.28977540135383606,0.30357420444488525,0.2943750023841858,0.0,0.30469265580177307,0.30469265580177307,0.30469265580177307,0.30469265580177307,0.0,-1.4693820476531982,-0.8133823871612549,-9.708735466003418,0.0,0.0,0.0,0.0,0.0,0.0,0.0,0.0,0.0,0.0,0.0,0.0,0.0,0.0,0.0,0.30469274520874023,0.30469274520874023,0.304692804813385,0.30469274520874023,0.25203245878219604,0.04114978387951851,0.04114978387951851,0.5028753280639648,-2.467033624649048,2.7438201904296875,0.07235750555992126,0.0,0.0,0.0,0.0,0.0,0.0,0.0
55817783860,0,-0.197145015001297,-0.22934730350971222,-0.2446143478155136,-0.197145015001297,-0.22934730350971222,-0.9446143507957458,-0.35210883617401123,0.10367260873317719,-0.002939411671832204,0.0,0.0,0.0,0.0310045313090086,-0.09484229981899261,2.8907392024993896,0.0,0.0,2.8907392024993896,-0.03551485016942024,0.08200584352016449,-0.7170007228851318,-0.2454720288515091,0.7700511813163757,0.0019488458056002855,0.0,0.0,0.0,-2.2729010581970215,10.644591331481934,0.11900997161865234,10.42223834991455,2.0880918502807617,-10.0,-10.0,10.417474746704102,2.0,2.0,23.959754943847656,0.29590821266174316,0.28977540135383606,0.30357420444488525,0.2943750023841858,0.0,0.30469265580177307,0.30469265580177307,0.30469265580177307,0.30469265580177307,0.0,-1.4740314483642578,-0.8514276146888733,-9.868982315063477,0.0,0.0,0.0,0.0,0.0,0.0,0.0,0.0,0.0,0.0,0.0,0.0,0.0,0.0,0.0,0.30469274520874023,0.30469274520874023,0.304692804813385,0.30469274520874023,0.25203245878219604,0.04114978387951851,0.04114978387951851,0.5028753280639648,-2.467033624649048,2.7438201904296875,0.07235750555992126,0.0,0.0,0.0,0.0,0.0,0.0,0.0
55827095994,0,-0.197145015001297,-0.22934730350971222,-0.2446143478155136,-0.197145015001297,-0.22934730350971222,-0.9446143507957458,-0.35210883617401123,0.10367260873317719,-0.002939411671832204,0.0,0.0,0.0,0.0310045313090086,-0.09484229981899261,2.8907392024993896,0.0,0.0,2.8907392024993896,-0.08280111849308014,0.13837215304374695,-0.7146703600883484,-0.24153748154640198,0.733808696269989,0.0019667670130729675,0.0,0.0,0.0,-2.21935772895813,10.559956550598145,0.12160873413085938,10.417513847351074,2.087817907333374,-10.0,-10.0,10.301969528198242,2.0,2.0,23.803050994873047,0.29590821266174316,0.28977540135383606,0.30357420444488525,0.2943750023841858,0.0,0.30469265580177307,0.30469265580177307,0.30469265580177307,0.30469265580177307,0.0,-1.4740314483642578,-0.8514276146888733,-9.868982315063477,0.0,0.0,0.0,0.0,0.0,0.0,0.0,0.0,0.0,0.0,0.0,0.0,0.0,0.0,0.0,0.30469274520874023,0.30469274520874023,0.304692804813385,0.30469274520874023,0.24908103048801422,0.04114978387951851,0.04114978387951851,0.49814632534980774,-2.4272866249084473,2.8294413089752197,0.11243457347154617,0.0,0.0,0.0,0.0,0.0,0.0,0.0
55837468075,0,-0.20304842293262482,-0.22707633674144745,-0.24442212283611298,-0.20304842293262482,-0.22707633674144745,-0.9444221258163452,-0.33785128593444824,0.11261694133281708,-0.0015119740273803473,0.0,0.0,0.0,0.030218293890357018,-0.09139198064804077,2.8784303665161133,0.0,0.0,2.8784303665161133,-0.10786117613315582,0.16448237001895905,-0.7133559584617615,-0.24153748154640198,0.733808696269989,0.0019667670130729675,0.0,0.0,0.0,-2.21935772895813,10.559956550598145,0.12160873413085938,10.417513847351074,2.087817907333374,-10.0,-10.0,10.24787712097168,2.0,2.0,23.726163864135742,0.29590821266174316,0.28977540135383606,0.30357420444488525,0.2943750023841858,0.0,0.30469265580177307,0.30469265580177307,0.30469265580177307,0.30469265580177307,0.0,-1.440614104270935,-0.8302320837974548,-9.591913223266602,0.0,0.0,0.0,0.0,0.0,0.0,0.0,0.0,0.0,0.0,0.0,0.0,0.0,0.0,0.0,0.30469274520874023,0.30469274520874023,0.304692804813385,0.30469274520874023,0.24908103048801422,0.04114978387951851,0.04114978387951851,0.49814632534980774,-2.414896249771118,2.6575493812561035,0.12122892588376999,0.0,0.0,0.0,0.0,0.0,0.0,0.0
55847578169,0,-0.2058824896812439,-0.2258533090353012,-0.2442944347858429,-0.2058824896812439,-0.2258533090353012,-0.9442944526672363,-0.3304574489593506,0.11681348085403442,0.0017106252489611506,0.0,0.0,0.0,0.029548054561018944,-0.0894300565123558,2.872251510620117,0.0,0.0,2.872251510620117,-0.10786117613315582,0.16448237001895905,-0.7133559584617615,-0.24153748154640198,0.733808696269989,0.0019667670130729675,0.0,0.0,0.0,-2.1885786056518555,10.519979476928711,0.12306594848632812,10.415104866027832,2.087817907333374,-10.0,-10.0,10.24787712097168,2.0,2.0,23.726163864135742,0.29590821266174316,0.28977540135383606,0.30357420444488525,0.2943750023841858,0.0,0.30469265580177307,0.30469265580177307,0.30469265580177307,0.30469265580177307,0.0,-1.440614104270935,-0.8302320837974548,-9.591913223266602,0.0,0.0,0.0,0.0,0.0,0.0,0.0,0.0,0.0,0.0,0.0,0.0,0.0,0.0,0.0,0.30469274520874023,0.30469274520874023,0.304692804813385,0.30469274520874023,0.24908103048801422,0.04114978387951851,0.04114978387951851,0.49814632534980774,-2.414896249771118,2.6575493812561035,0.12122892588376999,0.0,0.0,0.0,0.0,0.0,0.0,0.0
55857451649,0,-0.2058824896812439,-0.2258533090353012,-0.2442944347858429,-0.2058824896812439,-0.2258533090353012,-0.9442944526672363,-0.3304574489593506,0.11681348085403442,0.0017106252489611506,0.0,0.0,0.0,0.029548054561018944,-0.0894300565123558,2.872251510620117,0.0,0.0,2.872251510620117,-0.13344383239746094,0.19050511717796326,-0.7124044895172119,-0.22617760300636292,0.6935631632804871,0.005870084278285503,0.0,0.0,0.0,-2.151007890701294,10.467602729797363,0.1221170425415039,10.412803649902344,2.086780548095703,-10.0,-10.0,10.243008613586426,2.0,2.0,23.555662155151367,0.29590821266174316,0.28977540135383606,0.30357420444488525,0.2943750023841858,0.0,0.30469265580177307,0.30469265580177307,0.30469265580177307,0.30469265580177307,0.0,-1.4020678997039795,-0.8088076114654541,-9.308110237121582,0.0,0.0,0.0,0.0,0.0,0.0,0.0,0.0,0.0,0.0,0.0,0.0,0.0,0.0,0.0,0.30469274520874023,0.30469274520874023,0.304692804813385,0.30469274520874023,0.24694578349590302,0.04114978387951851,0.04114978387951851,0.49545082449913025,-2.4253182411193848,2.573564291000366,0.10678840428590775,0.0,0.0,0.0,0.0,0.0,0.0,0.0
55867510917,0,-0.21123109757900238,-0.22318045794963837,-0.24394480884075165,-0.21123109757900238,-0.22318045794963837,-0.9439448118209839,-0.3159630298614502,0.12629711627960205,0.00955889280885458,0.0,0.0,0.0,0.027508895844221115,-0.08482847362756729,2.859969139099121,0.0,0.0,2.859969139099121,-0.1556001901626587,0.21216852962970734,-0.7112743258476257,-0.22617760300636292,0.6935631632804871,0.005870084278285503,0.0,0.0,0.0,-2.117830514907837,10.427061080932617,0.12315559387207031,10.410901069641113,2.084716320037842,-10.0,-10.0,10.20273208618164,2.0,2.0,23.46297836303711,0.29590821266174316,0.28977540135383606,0.30357420444488525,0.2943750023841858,0.0,0.30469265580177307,0.30469265580177307,0.30469265580177307,0.30469265580177307,0.0,-1.3522337675094604,-0.779794454574585,-9.310529708862305,0.0,0.0,0.0,0.0,0.0,0.0,0.0,0.0,0.0,0.0,0.0,0.0,0.0,0.0,0.0,0.30469274520874023,0.30469274520874023,0.304692804813385,0.30469274520874023,0.24694578349590302,0.04114978387951851,0.04114978387951851,0.49545082449913025,-2.442596197128296,2.5029547214508057,0.11619498580694199,0.0,0.0,0.0,0.0,0.0,0.0,0.0
55877426507,0,-0.21123109757900238,-0.22318045794963837,-0.24394480884075165,-0.21123109757900238,-0.22318045794963837,-0.9439448118209839,-0.3159630298614502,0.12629711627960205,0.00955889280885458,0.0,0.0,0.0,0.027508895844221115,-0.08482847362756729,2.859969139099121,0.0,0.0,2.859969139099121,-0.18122057616710663,0.23742885887622833,-0.7105491757392883,-0.19471029937267303,0.6319783926010132,0.0061699762009084225,0.0,0.0,0.0,-2.117830514907837,10.427061080932617,0.12315559387207031,10.410901069641113,2.083484411239624,-10.0,-10.0,10.138136863708496,2.0,2.0,23.376447677612305,0.29590821266174316,0.28977540135383606,0.30357420444488525,0.2943750023841858,0.0,0.30469265580177307,0.30469265580177307,0.30469265580177307,0.30469265580177307,0.0,-1.3522337675094604,-0.779794454574585,-9.310529708862305,0.0,0.0,0.0,0.0,0.0,0.0,0.0,0.0,0.0,0.0,0.0,0.0,0.0,0.0,0.0,0.30469274520874023,0.30469274520874023,0.304692804813385,0.30469274520874023,0.24194128811359406,0.04114978387951851,0.04114978387951851,0.4917205274105072,-2.443159580230713,2.4549787044525146,0.0887247771024704,0.0,0.0,0.0,0.0,0.0,0.0,0.0
55887430687,0,-0.21617601811885834,-0.22026047110557556,-0.24347639083862305,-0.21617601811885834,-0.22026047110557556,-0.9434763789176941,-0.3011743128299713,0.13591429591178894,0.015625277534127235,0.0,0.0,0.0,0.02463262528181076,-0.07948369532823563,2.847686290740967,0.0,0.0,2.847686290740967,-0.20219175517559052,0.2585287094116211,-0.7101686596870422,-0.19471029937267303,0.6319783926010132,0.0061699762009084225,0.0,0.0,0.0,-2.045072555541992,10.337759017944336,0.1268634796142578,10.407013893127441,2.083484411239624,-10.0,-10.0,10.076385498046875,2.0,2.0,23.29644775390625,0.29744139313697815,0.28977540135383606,0.30357420444488525,0.2943750023841858,0.0,0.30469265580177307,0.30469265580177307,0.30469265580177307,0.30469265580177307,0.0,-1.3180902004241943,-0.7753188014030457,-9.525802612304688,0.0,0.0,0.0,0.0,0.0,0.0,0.0,0.0,0.0,0.0,0.0,0.0,0.0,0.0,0.0,0.30469274520874023,0.30469274520874023,0.304692804813385,0.30469274520874023,0.24194128811359406,0.04114978387951851,0.04114978387951851,0.4917205274105072,-2.3963708877563477,2.404003620147705,0.06889212876558304,0.0,0.0,0.0,0.0,0.0,0.0,0.0
55897623984,0,-0.2207685112953186,-0.21708190441131592,-0.2429412305355072,-0.2207685112953186,-0.21708190441131592,-0.9429411888122559,-0.2857294976711273,0.14472810924053192,0.017342686653137207,0.0,0.0,0.0,0.021010763943195343,-0.07347875833511353,2.8353774547576904,0.0,0.0,2.8353774547576904,-0.22530123591423035,0.2819501757621765,-0.7092486619949341,-0.19471029937267303,0.6319783926010132,0.0061699762009084225,0.0,0.0,0.0,-2.0066184997558594,10.291254997253418,0.12819290161132812,10.405043601989746,2.083484411239624,-10.0,-10.0,10.027196884155273,2.0,2.0,23.193086624145508,0.29590821266174316,0.28977540135383606,0.30357420444488525,0.2943750023841858,0.0,0.30469265580177307,0.30469265580177307,0.30469265580177307,0.30469265580177307,0.0,-1.312890648841858,-0.7532472014427185,-9.647650718688965,0.0,0.0,0.0,0.0,0.0,0.0,0.0,0.0,0.0,0.0,0.0,0.0,0.0,0.0,0.0,0.30469274520874023,0.30469274520874023,0.304692804813385,0.30469274520874023,0.24194128811359406,0.04114978387951851,0.04114978387951851,0.4917205274105072,-2.301191568374634,2.3177804946899414,0.0758199691772461,0.0,0.0,0.0,0.0,0.0,0.0,0.0
55907203713,0,-0.2207685112953186,-0.21708190441131592,-0.2429412305355072,-0.2207685112953186,-0.21708190441131592,-0.9429411888122559,-0.2857294976711273,0.14472810924053192,0.017342686653137207,0.0,0.0,0.0,0.021010763943195343,-0.07347875833511353,2.8353774547576904,0.0,0.0,2.8353774547576904,-0.2674802243709564,0.3270169794559479,-0.7085012197494507,-0.1414860039949417,0.5447604656219482,0.0029968884773552418,0.0,0.0,0.0,-2.0066184997558594,10.291254997253418,0.12819290161132812,10.405043601989746,2.07778263092041,-10.0,-10.0,9.818343162536621,2.0,2.0,23.04435920715332,0.29744139313697815,0.28977540135383606,0.30357420444488525,0.2943750023841858,0.0,0.30469265580177307,0.30469265580177307,0.30469265580177307,0.30469265580177307,0.0,-1.312890648841858,-0.7532472014427185,-9.647650718688965,0.0,0.0,0.0,0.0,0.0,0.0,0.0,0.0,0.0,0.0,0.0,0.0,0.0,0.0,0.0,0.30469274520874023,0.30469274520874023,0.304692804813385,0.30469274520874023,0.23979203402996063,0.04114978387951851,0.04114978387951851,0.4848988950252533,-2.081266164779663,2.1889591217041016,0.04305591434240341,0.0,0.0,0.0,0.0,0.0,0.0,0.0
55917379269,0,-0.22500969469547272,-0.2136763334274292,-0.2424236387014389,-0.22500969469547272,-0.2136763334274292,-0.9424236416816711,-0.26943439245224,0.15332116186618805,0.015162037685513496,0.0,0.0,0.0,0.01667645014822483,-0.06679464131593704,2.822985887527466,0.0,0.0,2.822985887527466,-0.2674802243709564,0.3270169794559479,-0.7085012197494507,-0.1414860039949417,0.5447604656219482,0.0029968884773552418,0.0,0.0,0.0,-1.9197983741760254,10.182181358337402,0.13468551635742188,10.40136432647705,2.0751750469207764,-10.0,-10.0,9.818343162536621,2.0,2.0,23.04435920715332,0.29590821266174316,0.28977540135383606,0.30357420444488525,0.2943750023841858,0.0,0.30469265580177307,0.30469265580177307,0.30469265580177307,0.30469265580177307,0.0,-1.2992527484893799,-0.7334564328193665,-9.865525245666504,0.0,0.0,0.0,0.0,0.0,0.0,0.0,0.0,0.0,0.0,0.0,0.0,0.0,0.0,0.0,0.30469274520874023,0.30469274520874023,0.304692804813385,0.30469274520874023,0.23979203402996063,0.04114978387951851,0.04114978387951851,0.4848988950252533,-2.081266164779663,2.1889591217041016,0.04305591434240341,0.0,0.0,0.0,0.0,0.0,0.0,0.0
55927454089,0,-0.22500969469547272,-0.2136763334274292,-0.2424236387014389,-0.22500969469547272,-0.2136763334274292,-0.9424236416816711,-0.26943439245224,0.15332116186618805,0.015162037685513496,0.0,0.0,0.0,0.01667645014822483,-0.06679464131593704,2.822985887527466,0.0,0.0,2.822985887527466,-0.2674802243709564,0.3270169794559479,-0.7085012197494507,-0.09321721643209457,0.47396671772003174,0.006983529310673475,0.0,0.0,0.0,-1.9197983741760254,10.182181358337402,0.13468551635742188,10.40136432647705,2.0751750469207764,-10.0,-10.0,9.818343162536621,2.0,2.0,23.04435920715332,0.29744139313697815,0.28977540135383606,0.30357420444488525,0.2943750023841858,0.0,0.30469265580177307,0.30469265580177307,0.30469265580177307,0.30469265580177307,0.0,-1.2992527484893799,-0.7334564328193665,-9.865525245666504,0.0,0.0,0.0,0.0,0.0,0.0,0.0,0.0,0.0,0.0,0.0,0.0,0.0,0.0,0.0,0.30469274520874023,0.30469274520874023,0.304692804813385,0.30469274520874023,0.23870863020420074,0.04114978387951851,0.04114978387951851,0.48307108879089355,-2.081266164779663,2.1889591217041016,0.04305591434240341,0.0,0.0,0.0,0.0,0.0,0.0,0.0
55937266977,0,-0.2289409339427948,-0.2100900411605835,-0.24194352328777313,-0.2289409339427948,-0.2100900411605835,-0.9419435262680054,-0.25327068567276,0.16155566275119781,0.012956218793988228,0.0,0.0,0.0,0.011810645461082458,-0.05961247906088829,2.810685157775879,0.0,0.0,2.810685157775879,-0.3016129732131958,0.36583438515663147,-0.7068437933921814,-0.09321721643209457,0.47396671772003174,0.006983529310673475,0.0,0.0,0.0,-1.8441804647445679,10.087919235229492,0.1364269256591797,10.398235321044922,2.0722708702087402,-10.0,-10.0,9.739912033081055,2.0,2.0,22.813777923583984,0.29744139313697815,0.28977540135383606,0.30357420444488525,0.2943750023841858,0.0,0.30469265580177307,0.30469265580177307,0.30469265580177307,0.30469265580177307,0.0,-1.2067315578460693,-0.6346649527549744,-9.859002113342285,0.0,0.0,0.0,0.0,0.0,0.0,0.0,0.0,0.0,0.0,0.0,0.0,0.0,0.0,0.0,0.30469274520874023,0.30469274520874023,0.304692804813385,0.30469274520874023,0.2379131317138672,0.04114978387951851,0.04114978387951851,0.4808696210384369,-1.8332557678222656,2.021310806274414,0.07085774093866348,0.0,0.0,0.0,0.0,0.0,0.0,0.0
55947468032,0,-0.23081457614898682,-0.20822817087173462,-0.2417091727256775,-0.23081457614898682,-0.20822817087173462,-0.9417091608047485,-0.24523760378360748,0.16597437858581543,0.012189970351755619,0.0,0.0,0.0,0.009110657498240471,-0.05584239214658737,2.8044590950012207,0.0,0.0,2.8044590950012207,-0.31896352767944336,0.3837021589279175,-0.7061108946800232,-0.09321721643209457,0.47396671772003174,0.006983529310673475,0.0,0.0,0.0,-1.7919971942901611,10.026474952697754,0.13480758666992188,10.396666526794434,2.0722708702087402,-10.0,-10.0,9.769525527954102,2.0,2.0,22.586416244506836,0.29744139313697815,0.28977540135383606,0.30357420444488525,0.2943750023841858,0.0,0.30469265580177307,0.30469265580177307,0.30469265580177307,0.30469265580177307,0.0,-1.1677356958389282,-0.6289997696876526,-9.842870712280273,0.0,0.0,0.0,0.0,0.0,0.0,0.0,0.0,0.0,0.0,0.0,0.0,0.0,0.0,0.0,0.30469274520874023,0.30469274520874023,0.304692804813385,0.30469274520874023,0.2379131317138672,0.04114978387951851,0.04114978387951851,0.4808696210384369,-1.7454396486282349,1.867733359336853,0.070023313164711,0.0,0.0,0.0,0.0,0.0,0.0,0.0
55957350309,0,-0.23081457614898682,-0.20822817087173462,-0.2417091727256775,-0.23081457614898682,-0.20822817087173462,-0.9417091608047485,-0.24523760378360748,0.16597437858581543,0.012189970351755619,0.0,0.0,0.0,0.009110657498240471,-0.05584239214658737,2.8044590950012207,0.0,0.0,2.8044590950012207,-0.3454311788082123,0.41386401653289795,-0.7061735987663269,-0.026196515187621117,0.38153567910194397,0.007463925518095493,0.0,0.0,0.0,-1.7919971942901611,10.026474952697754,0.13480758666992188,10.396666526794434,2.0620980262756348,-10.0,-10.0,9.713357925415039,2.0,2.0,22.48980712890625,0.29744139313697815,0.28977540135383606,0.30357420444488525,0.2943750023841858,0.0,0.30469265580177307,0.30469265580177307,0.30469265580177307,0.30469265580177307,0.0,-1.1677356958389282,-0.6289997696876526,-9.842870712280273,0.0,0.0,0.0,0.0,0.0,0.0,0.0,0.0,0.0,0.0,0.0,0.0,0.0,0.0,0.0,0.30469274520874023,0.30469274520874023,0.304692804813385,0.30469274520874023,0.2332836091518402,0.04114978387951851,0.04114978387951851,0.4761381447315216,-1.4444483518600464,1.609007477760315,0.01641681231558323,0.0,0.0,0.0,0.0,0.0,0.0,0.0
55967299223,0,-0.23435045778751373,-0.2043771743774414,-0.2412538230419159,-0.23435045778751373,-0.2043771743774414,-0.9412537813186646,-0.22993092238903046,0.17357182502746582,0.012534239329397678,0.0,0.0,0.0,0.003357772482559085,-0.04799225553870201,2.791919469833374,0.0,0.0,2.791919469833374,-0.3454311788082123,0.41386401653289795,-0.7061735987663269,-0.026196515187621117,0.38153567910194397,0.007463925518095493,0.0,0.0,0.0,-1.715303897857666,9.935990333557129,0.1382579803466797,10.393952369689941,2.058511972427368,-10.0,-10.0,9.654123306274414,2.0,2.0,22.404781341552734,0.29590821266174316,0.28977540135383606,0.30357420444488525,0.2943750023841858,0.0,0.30469265580177307,0.30469265580177307,0.30469265580177307,0.30469265580177307,0.0,-1.074388861656189,-0.5672168731689453,-9.717141151428223,0.0,0.0,0.0,0.0,0.0,0.0,0.0,0.0,0.0,0.0,0.0,0.0,0.0,0.0,0.0,0.30469274520874023,0.30469274520874023,0.304692804813385,0.30469274520874023,0.2332836091518402,0.04114978387951851,0.04114978387951851,0.4761381447315216,-1.4444483518600464,1.609007477760315,0.01641681231558323,0.0,0.0,0.0,0.0,0.0,0.0,0.0
55977344236,0,-0.23601293563842773,-0.20239269733428955,-0.2410212606191635,-0.23601293563842773,-0.20239269733428955,-0.9410212635993958,-0.2221800684928894,0.17683425545692444,0.0134081169962883,0.0,0.0,0.0,0.000349127862136811,-0.04403746873140335,2.785717725753784,0.0,0.0,2.785717487335205,-0.35513365268707275,0.4245639443397522,-0.7052665948867798,-0.026196515187621117,0.38153567910194397,0.007463925518095493,0.0,0.0,0.0,-1.6791775226593018,9.89509391784668,0.13847637176513672,10.39278793334961,2.058511972427368,-10.0,-10.0,9.639325141906738,2.0,2.0,22.285242080688477,0.29744139313697815,0.28977540135383606,0.30357420444488525,0.2943750023841858,0.0,0.30469265580177307,0.30469265580177307,0.30469265580177307,0.30469265580177307,0.0,-1.0197252035140991,-0.4910084903240204,-9.671220779418945,0.0,0.0,0.0,0.0,0.0,0.0,0.0,0.0,0.0,0.0,0.0,0.0,0.0,0.0,0.0,0.30469274520874023,0.30469274520874023,0.304692804813385,0.30469274520874023,0.2332836091518402,0.04114978387951851,0.04114978387951851,0.4761381447315216,-1.2845535278320312,1.4247344732284546,0.054511912167072296,0.0,0.0,0.0,0.0,0.0,0.0,0.0
55987461586,0,-0.23601293563842773,-0.20239269733428955,-0.2410212606191635,-0.23601293563842773,-0.20239269733428955,-0.9410212635993958,-0.2221800684928894,0.17683425545692444,0.0134081169962883,0.0,0.0,0.0,0.000349127862136811,-0.04403746873140335,2.785717725753784,0.0,0.0,2.785717487335205,-0.3723732531070709,0.4408602714538574,-0.7031267881393433,0.0345669761300087,0.30183956027030945,0.0038951048627495766,0.0,0.0,0.0,-1.6791775226593018,9.89509391784668,0.13847637176513672,10.39278793334961,2.0540027618408203,-10.0,-10.0,9.639325141906738,2.0,2.0,22.285242080688477,0.29590821266174316,0.28977540135383606,0.30357420444488525,0.2943750023841858,0.0,0.30469265580177307,0.30469265580177307,0.30469265580177307,0.30469265580177307,0.0,-1.0197252035140991,-0.4910084903240204,-9.671220779418945,0.0,0.0,0.0,0.0,0.0,0.0,0.0,0.0,0.0,0.0,0.0,0.0,0.0,0.0,0.0,0.30469274520874023,0.30469274520874023,0.304692804813385,0.30469274520874023,0.23238390684127808,0.04114978387951851,0.04114978387951851,0.4721630811691284,-0.9919984936714172,0.9936526417732239,0.09490672498941422,0.0,0.0,0.0,0.0,0.0,0.0,0.0
55998232684,0,-0.24069665372371674,-0.1962159126996994,-0.240255206823349,-0.24069665372371674,-0.1962159126996994,-0.9402551651000977,-0.1992729753255844,0.18645422160625458,0.015865880995988846,0.0,0.0,0.0,-0.009222791530191898,-0.031842440366744995,2.7668685913085938,0.0,0.0,2.7668685913085938,-0.3723732531070709,0.4408602714538574,-0.7031267881393433,0.0345669761300087,0.30183956027030945,0.0038951048627495766,0.0,0.0,0.0,-1.591862440109253,9.802248001098633,0.1417551040649414,10.390435218811035,2.0540027618408203,-10.0,-10.0,9.541257858276367,2.0,2.0,22.077829360961914,0.29590821266174316,0.28977540135383606,0.30357420444488525,0.2943750023841858,0.0,0.30469265580177307,0.30469265580177307,0.30469265580177307,0.30469265580177307,0.0,-0.9165517091751099,-0.4251200258731842,-9.716684341430664,0.0,0.0,0.0,0.0,0.0,0.0,0.0,0.0,0.0,0.0,0.0,0.0,0.0,0.0,0.0,0.30469274520874023,0.30469274520874023,0.304692804813385,0.30469274520874023,0.23238390684127808,0.04114978387951851,0.04114978387951851,0.4721630811691284,-0.9919984936714172,0.9936526417732239,0.09490672498941422,0.0,0.0,0.0,0.0,0.0,0.0,0.0
56008284232,0,-0.24069665372371674,-0.1962159126996994,-0.240255206823349,-0.24069665372371674,-0.1962159126996994,-0.9402551651000977,-0.1992729753255844,0.18645422160625458,0.015865880995988846,0.0,0.0,0.0,-0.009222791530191898,-0.031842440366744995,2.7668685913085938,0.0,0.0,2.7668685913085938,-0.38092470169067383,0.4523613452911377,-0.7031955718994141,0.11229463666677475,0.20429863035678864,0.003966778051108122,0.0,0.0,0.0,-1.591862440109253,9.802248001098633,0.1417551040649414,10.390435218811035,2.0393929481506348,-10.0,-10.0,9.44637393951416,2.0,2.0,21.93366813659668,0.29744139313697815,0.28977540135383606,0.30357420444488525,0.2943750023841858,0.0,0.30469265580177307,0.30469265580177307,0.30469265580177307,0.30469265580177307,0.0,-0.9165517091751099,-0.4251200258731842,-9.716684341430664,0.0,0.0,0.0,0.0,0.0,0.0,0.0,0.0,0.0,0.0,0.0,0.0,0.0,0.0,0.0,0.30469274520874023,0.30469274520874023,0.304692804813385,0.30469274520874023,0.23214223980903625,0.04114978387951851,0.04114978387951851,0.4648600220680237,-0.5142720937728882,0.6283109188079834,0.02141670323908329,0.0,0.0,0.0,0.0,0.0,0.0,0.0
56017558655,0,-0.2434893101453781,-0.19204553961753845,-0.23970499634742737,-0.2434893101453781,-0.19204553961753845,-0.9397050142288208,-0.18502038717269897,0.19250176846981049,0.01814212277531624,0.0,0.0,0.0,-0.01572718285024166,-0.023691868409514427,2.7541751861572266,0.0,0.0,2.7541751861572266,-0.38092470169067383,0.4523613452911377,-0.7031955718994141,0.11229463666677475,0.20429863035678864,0.003966778051108122,0.0,0.0,0.0,-1.525696873664856,9.729544639587402,0.1448822021484375,10.388157844543457,2.0393929481506348,-10.0,-10.0,9.44637393951416,2.0,2.0,21.93366813659668,0.29744139313697815,0.28977540135383606,0.30357420444488525,0.2943750023841858,0.0,0.30469265580177307,0.30469265580177307,0.30469265580177307,0.30469265580177307,0.0,-0.8140955567359924,-0.36261090636253357,-9.675288200378418,0.0,0.0,0.0,0.0,0.0,0.0,0.0,0.0,0.0,0.0,0.0,0.0,0.0,0.0,0.0,0.30469274520874023,0.30469274520874023,0.304692804813385,0.30469274520874023,0.23214223980903625,0.04114978387951851,0.04114978387951851,0.4648600220680237,-0.5142720937728882,0.6283109188079834,0.02141670323908329,0.0,0.0,0.0,0.0,0.0,0.0,0.0
56028031485,0,-0.24484775960445404,-0.1899404525756836,-0.23939870297908783,-0.24484775960445404,-0.1899404525756836,-0.9393987059593201,-0.17856764793395996,0.1954260766506195,0.020595088601112366,0.0,0.0,0.0,-0.01906316913664341,-0.01963604986667633,2.747823476791382,0.0,0.0,2.747823476791382,-0.38214725255966187,0.45467934012413025,-0.7032709717750549,0.11229463666677475,0.20429863035678864,0.003966778051108122,0.0,0.0,0.0,-1.4941548109054565,9.696982383728027,0.14611148834228516,10.387116432189941,2.0393929481506348,-10.0,-10.0,9.4072847366333,2.0,2.0,21.861814498901367,0.29744139313697815,0.28977540135383606,0.30357420444488525,0.2943750023841858,0.0,0.30469265580177307,0.30469265580177307,0.30469265580177307,0.30469265580177307,0.0,-0.7143937945365906,-0.28013184666633606,-9.5160551071167,0.0,0.0,0.0,0.0,0.0,0.0,0.0,0.0,0.0,0.0,0.0,0.0,0.0,0.0,0.0,0.30469274520874023,0.30469274520874023,0.304692804813385,0.30469274520874023,0.23214223980903625,0.04114978387951851,0.04114978387951851,0.4648600220680237,-0.31432637572288513,0.42518171668052673,0.010973652824759483,0.0,0.0,0.0,0.0,0.0,0.0,0.0
56037562581,0,-0.24484775960445404,-0.1899404525756836,-0.23939870297908783,-0.24484775960445404,-0.1899404525756836,-0.9393987059593201,-0.17856764793395996,0.1954260766506195,0.020595088601112366,0.0,0.0,0.0,-0.01906316913664341,-0.01963604986667633,2.747823476791382,0.0,0.0,2.747823476791382,-0.376371294260025,0.4558887183666229,-0.7033586502075195,0.20373687148094177,0.091883584856987,0.00790420826524496,0.0,0.0,0.0,-1.4282960891723633,9.619616508483887,0.14522457122802734,10.385335922241211,2.0224268436431885,-10.0,-10.0,9.413455963134766,2.0,2.0,21.605478286743164,0.29744139313697815,0.28977540135383606,0.30357420444488525,0.2943750023841858,0.0,0.30469265580177307,0.30469265580177307,0.30469265580177307,0.30469265580177307,0.0,-0.7143937945365906,-0.28013184666633606,-9.5160551071167,0.0,0.0,0.0,0.0,0.0,0.0,0.0,0.0,0.0,0.0,0.0,0.0,0.0,0.0,0.0,0.30469274520874023,0.30469274520874023,0.304692804813385,0.30469274520874023,0.22828133404254913,0.04114978387951851,0.04114978387951851,0.4616409242153168,0.14164480566978455,0.12902770936489105,-0.0040719229727983475,0.0,0.0,0.0,0.0,0.0,0.0,0.0
56048162936,0,-0.2474806010723114,-0.18566367030143738,-0.23867541551589966,-0.2474806010723114,-0.18566367030143738,-0.9386754035949707,-0.16649553179740906,0.20014716684818268,0.030366797000169754,0.0,0.0,0.0,-0.025613995268940926,-0.01159053947776556,2.734987497329712,0.0,0.0,2.734987497329712,-0.376371294260025,0.4558887183666229,-0.7033586502075195,0.20373687148094177,0.091883584856987,0.00790420826524496,0.0,0.0,0.0,-1.4282960891723633,9.619616508483887,0.14522457122802734,10.385335922241211,2.0160391330718994,-10.0,-10.0,9.413455963134766,2.0,2.0,21.605478286743164,0.29744139313697815,0.28977540135383606,0.30357420444488525,0.2943750023841858,0.0,0.30469265580177307,0.30469265580177307,0.30469265580177307,0.30469265580177307,0.0,-0.6122128963470459,-0.20552393794059753,-9.251236915588379,0.0,0.0,0.0,0.0,0.0,0.0,0.0,0.0,0.0,0.0,0.0,0.0,0.0,0.0,0.0,0.30469274520874023,0.30469274520874023,0.304692804813385,0.30469274520874023,0.22762157022953033,0.04114978387951851,0.04114978387951851,0.46076858043670654,0.14164480566978455,0.12902770936489105,-0.0040719229727983475,0.0,0.0,0.0,0.0,0.0,0.0,0.0
56056981788,0,-0.2474806010723114,-0.18566367030143738,-0.23867541551589966,-0.2474806010723114,-0.18566367030143738,-0.9386754035949707,-0.16649553179740906,0.20014716684818268,0.030366797000169754,0.0,0.0,0.0,-0.025613995268940926,-0.01159053947776556,2.734987497329712,0.0,0.0,2.734987497329712,-0.3649807274341583,0.44527268409729004,-0.7036819458007812,0.25528183579444885,0.030948065221309662,0.007799369283020496,0.0,0.0,0.0,-1.4282960891723633,9.619616508483887,0.14522457122802734,10.385335922241211,2.010352611541748,-10.0,-10.0,9.413455963134766,2.0,2.0,21.605478286743164,0.29590821266174316,0.28977540135383606,0.30357420444488525,0.2943750023841858,0.0,0.30469265580177307,0.30469265580177307,0.30469265580177307,0.30469265580177307,0.0,-0.6122128963470459,-0.20552393794059753,-9.251236915588379,0.0,0.0,0.0,0.0,0.0,0.0,0.0,0.0,0.0,0.0,0.0,0.0,0.0,0.0,0.0,0.30469274520874023,0.30469274520874023,0.304692804813385,0.30469274520874023,0.2272077053785324,0.04114978387951851,0.04114978387951851,0.45974692702293396,0.46897760033607483,-0.36133795976638794,-0.005651289131492376,0.0,0.0,0.0,0.0,0.0,0.0,0.0
56067233822,0,-0.2513143718242645,-0.17927271127700806,-0.23726458847522736,-0.2513143718242645,-0.17927271127700806,-0.9372645616531372,-0.14967872202396393,0.2062196433544159,0.04291795194149017,0.0,0.0,0.0,-0.03525162860751152,-0.00025768697378225625,2.715618848800659,0.0,0.0,2.715618848800659,-0.3649807274341583,0.44527268409729004,-0.7036819458007812,0.25528183579444885,0.030948065221309662,0.007799369283020496,0.0,0.0,0.0,-1.3786029815673828,9.574776649475098,0.14708614349365234,10.383648872375488,2.010352611541748,-10.0,-10.0,9.37060832977295,2.0,2.0,21.50017547607422,0.29590821266174316,0.28977540135383606,0.30357420444488525,0.2943750023841858,0.0,0.30469265580177307,0.30469265580177307,0.30469265580177307,0.30469265580177307,0.0,-0.6122128963470459,-0.20552393794059753,-9.251236915588379,0.0,0.0,0.0,0.0,0.0,0.0,0.0,0.0,0.0,0.0,0.0,0.0,0.0,0.0,0.0,0.30469274520874023,0.30469274520874023,0.304692804813385,0.30469274520874023,0.2272077053785324,0.04114978387951851,0.04114978387951851,0.45974692702293396,0.46897760033607483,-0.36133795976638794,-0.005651289131492376,0.0,0.0,0.0,0.0,0.0,0.0,0.0
56077429665,0,-0.2525603473186493,-0.1771346926689148,-0.2367251068353653,-0.2525603473186493,-0.1771346926689148,-0.9367250800132751,-0.14425557851791382,0.20804977416992188,0.046141549944877625,0.0,0.0,0.0,-0.038333769887685776,0.00338765443302691,2.7091012001037598,0.0,0.0,2.7091012001037598,-0.3581101596355438,0.43935224413871765,-0.7039566040039062,0.25528183579444885,0.030948065221309662,0.007799369283020496,0.0,0.0,0.0,-1.3555471897125244,9.552620887756348,0.14809703826904297,10.3829984664917,2.010352611541748,-10.0,-10.0,9.344708442687988,2.0,2.0,21.452991485595703,0.29744139313697815,0.28977540135383606,0.30357420444488525,0.2943750023841858,0.0,0.30469265580177307,0.30469265580177307,0.30469265580177307,0.30469265580177307,0.0,-0.4723157286643982,-0.09372362494468689,-9.464204788208008,0.0,0.0,0.0,0.0,0.0,0.0,0.0,0.0,0.0,0.0,0.0,0.0,0.0,0.0,0.0,0.30469274520874023,0.30469274520874023,0.304692804813385,0.30469274520874023,0.2272077053785324,0.04114978387951851,0.04114978387951851,0.45974692702293396,0.6013070940971375,-0.4892928898334503,-0.01837845891714096,0.0,0.0,0.0,0.0,0.0,0.0,0.0
56087610360,0,-0.2525603473186493,-0.1771346926689148,-0.2367251068353653,-0.2525603473186493,-0.1771346926689148,-0.9367250800132751,-0.14425557851791382,0.20804977416992188,0.046141549944877625,0.0,0.0,0.0,-0.038333769887685776,0.00338765443302691,2.7091012001037598,0.0,0.0,2.7091012001037598,-0.3581101596355438,0.43935224413871765,-0.7039566040039062,0.31677401065826416,-0.04120273143053055,0.0037876192945986986,0.0,0.0,0.0,-1.3555471897125244,9.552620887756348,0.14809703826904297,10.3829984664917,1.9902833700180054,-10.0,-10.0,9.344708442687988,2.0,2.0,21.452991485595703,0.29744139313697815,0.28977540135383606,0.30357420444488525,0.2943750023841858,0.0,0.30469265580177307,0.30469265580177307,0.30469265580177307,0.30469265580177307,0.0,-0.4723157286643982,-0.09372362494468689,-9.464204788208008,0.0,0.0,0.0,0.0,0.0,0.0,0.0,0.0,0.0,0.0,0.0,0.0,0.0,0.0,0.0,0.30469274520874023,0.30469274520874023,0.304692804813385,0.30469274520874023,0.2270199954509735,0.04114978387951851,0.04114978387951851,0.45567163825035095,0.6013070940971375,-0.4892928898334503,-0.01837845891714096,0.0,0.0,0.0,0.0,0.0,0.0,0.0
56097906001,0,-0.2549940049648285,-0.1728152483701706,-0.23555338382720947,-0.2549940049648285,-0.1728152483701706,-0.9355533719062805,-0.13382285833358765,0.21190597116947174,0.051883578300476074,0.0,0.0,0.0,-0.04420698061585426,0.01022019237279892,2.695993661880493,0.0,0.0,2.695993661880493,-0.3331388533115387,0.4191604554653168,-0.7052688002586365,0.33995959162712097,-0.06829134374856949,0.003727969480678439,0.0,0.0,0.0,-1.3124735355377197,9.50784969329834,0.15354251861572266,10.381631851196289,1.9902833700180054,-10.0,-10.0,9.193918228149414,2.0,2.0,21.45265007019043,0.29590821266174316,0.28977540135383606,0.30357420444488525,0.2943750023841858,0.0,0.30469265580177307,0.30469265580177307,0.30469265580177307,0.30469265580177307,0.0,-0.38879573345184326,-0.020775314420461655,-9.511929512023926,0.0,0.0,0.0,0.0,0.0,0.0,0.0,0.0,0.0,0.0,0.0,0.0,0.0,0.0,0.0,0.30469274520874023,0.30469274520874023,0.304692804813385,0.30469274520874023,0.2270199954509735,0.04114978387951851,0.04114978387951851,0.45567163825035095,1.0809098482131958,-0.8726800084114075,-0.050651486963033676,0.0,0.0,0.0,0.0,0.0,0.0,0.0
56108043344,0,-0.2549940049648285,-0.1728152483701706,-0.23555338382720947,-0.2549940049648285,-0.1728152483701706,-0.9355533719062805,-0.13382285833358765,0.21190597116947174,0.051883578300476074,0.0,0.0,0.0,-0.04420698061585426,0.01022019237279892,2.695993661880493,0.0,0.0,2.695993661880493,-0.3011685311794281,0.39313486218452454,-0.7069639563560486,0.3937062919139862,-0.13159626722335815,0.007417955435812473,0.0,0.0,0.0,-1.2922894954681396,9.487489700317383,0.15605545043945312,10.380537986755371,1.9754966497421265,-10.0,-10.0,9.131093978881836,2.0,2.0,21.45199966430664,0.29590821266174316,0.28977540135383606,0.30357420444488525,0.2943750023841858,0.0,0.30469265580177307,0.30469265580177307,0.30469265580177307,0.30469265580177307,0.0,-0.38879573345184326,-0.020775314420461655,-9.511929512023926,0.0,0.0,0.0,0.0,0.0,0.0,0.0,0.0,0.0,0.0,0.0,0.0,0.0,0.0,0.0,0.30469274520874023,0.30469274520874023,0.304692804813385,0.30469274520874023,0.2258097380399704,0.04114978387951851,0.04114978387951851,0.45557233691215515,1.4921789169311523,-1.2221139669418335,-0.08070613443851471,0.0,0.0,0.0,0.0,0.0,0.0,0.0
56117405942,0,-0.2573886811733246,-0.16842323541641235,-0.2342749983072281,-0.2573886811733246,-0.16842323541641235,-0.9342749714851379,-0.12407656013965607,0.21485848724842072,0.057195305824279785,0.0,0.0,0.0,-0.04955329746007919,0.01648683473467827,2.68285870552063,0.0,0.0,2.68285870552063,-0.2818692624568939,0.37728187441825867,-0.7080208659172058,0.3937062919139862,-0.13159626722335815,0.007417955435812473,0.0,0.0,0.0,-1.2770788669586182,9.471007347106934,0.15437602996826172,10.38001537322998,1.9754966497421265,-10.0,-10.0,9.17236614227295,2.0,2.0,21.356578826904297,0.29744139313697815,0.28977540135383606,0.30357420444488525,0.2943750023841858,0.0,0.30469265580177307,0.30469265580177307,0.30469265580177307,0.30469265580177307,0.0,-0.303171306848526,0.04765275865793228,-9.582035064697266,0.0,0.0,0.0,0.0,0.0,0.0,0.0,0.0,0.0,0.0,0.0,0.0,0.0,0.0,0.0,0.30469274520874023,0.30469274520874023,0.304692804813385,0.30469274520874023,0.2258097380399704,0.04114978387951851,0.04114978387951851,0.45557233691215515,1.6669821739196777,-1.3655983209609985,-0.08863687515258789,0.0,0.0,0.0,0.0,0.0,0.0,0.0
56128592607,0,-0.25854232907295227,-0.1662096530199051,-0.2335996776819229,-0.25854232907295227,-0.1662096530199051,-0.9335996508598328,-0.11942582577466965,0.216266468167305,0.05955151841044426,0.0,0.0,0.0,-0.052016377449035645,0.01939571462571621,2.676246404647827,0.0,0.0,2.6762466430664062,-0.2818692624568939,0.37728187441825867,-0.7080208659172058,0.3937062919139862,-0.13159626722335815,0.007417955435812473,0.0,0.0,0.0,-1.2770788669586182,9.471007347106934,0.15437602996826172,10.38001537322998,1.961412787437439,-10.0,-10.0,9.17236614227295,2.0,2.0,21.356578826904297,0.29590821266174316,0.28977540135383606,0.30357420444488525,0.2943750023841858,0.0,0.30469265580177307,0.30469265580177307,0.30469265580177307,0.30469265580177307,0.0,-0.2669217586517334,0.07352793961763382,-9.569543838500977,0.0,0.0,0.0,0.0,0.0,0.0,0.0,0.0,0.0,0.0,0.0,0.0,0.0,0.0,0.0,0.30469274520874023,0.30469274520874023,0.304692804813385,0.30469274520874023,0.22431516647338867,0.04114978387951851,0.04114978387951851,0.4560508728027344,1.6669821739196777,-1.3655983209609985,-0.08863687515258789,0.0,0.0,0.0,0.0,0.0,0.0,0.0
56137225585,0,-0.25854232907295227,-0.1662096530199051,-0.2335996776819229,-0.25854232907295227,-0.1662096530199051,-0.9335996508598328,-0.11942582577466965,0.216266468167305,0.05955151841044426,0.0,0.0,0.0,-0.052016377449035645,0.01939571462571621,2.676246404647827,0.0,0.0,2.6762466430664062,-0.2818692624568939,0.37728187441825867,-0.7080208659172058,0.4224289357662201,-0.1653662919998169,0.003319543320685625,0.0,0.0,0.0,-1.2770788669586182,9.471007347106934,0.15437602996826172,10.38001537322998,1.9538060426712036,-10.0,-10.0,9.17236614227295,2.0,2.0,21.356578826904297,0.29744139313697815,0.28977540135383606,0.30357420444488525,0.2943750023841858,0.0,0.30469265580177307,0.30469265580177307,0.30469265580177307,0.30469265580177307,0.0,-0.2669217586517334,0.07352793961763382,-9.569543838500977,0.0,0.0,0.0,0.0,0.0,0.0,0.0,0.0,0.0,0.0,0.0,0.0,0.0,0.0,0.0,0.30469274520874023,0.30469274520874023,0.304692804813385,0.30469274520874023,0.22205504775047302,0.04114978387951851,0.04114978387951851,0.4574306011199951,1.6669821739196777,-1.3655983209609985,-0.08863687515258789,0.0,0.0,0.0,0.0,0.0,0.0,0.0
56148085437,0,-0.26081106066703796,-0.16175608336925507,-0.23220476508140564,-0.26081106066703796,-0.16175608336925507,-0.9322047233581543,-0.10976258665323257,0.21868418157100677,0.06265764683485031,0.0,0.0,0.0,-0.05652616173028946,0.024651657789945602,2.6629583835601807,0.0,0.0,2.6629583835601807,-0.24382202327251434,0.3424966633319855,-0.7103219032287598,0.4489867091178894,-0.19659072160720825,0.007164645474404097,0.0,0.0,0.0,-1.2680778503417969,9.46854019165039,0.1569528579711914,10.379175186157227,1.9538060426712036,-10.0,-10.0,9.111189842224121,2.0,2.0,21.405418395996094,0.29744139313697815,0.28977540135383606,0.30204102396965027,0.2943750023841858,0.0,0.30469265580177307,0.30469265580177307,0.30469265580177307,0.30469265580177307,0.0,-0.2669217586517334,0.07352793961763382,-9.569543838500977,0.0,0.0,0.0,0.0,0.0,0.0,0.0,0.0,0.0,0.0,0.0,0.0,0.0,0.0,0.0,0.30469274520874023,0.30469274520874023,0.304692804813385,0.30469274520874023,0.22205504775047302,0.04114978387951851,0.04114978387951851,0.4574306011199951,1.8755967617034912,-1.6862506866455078,-0.10949242115020752,0.0,0.0,0.0,0.0,0.0,0.0,0.0
56157252494,0,-0.26191529631614685,-0.15951521694660187,-0.23149986565113068,-0.26191529631614685,-0.15951521694660187,-0.9314998388290405,-0.10511132329702377,0.22029265761375427,0.061529725790023804,0.0,0.0,0.0,-0.05850944668054581,0.02698390744626522,2.6563360691070557,0.0,0.0,2.6563360691070557,-0.2200133055448532,0.320487916469574,-0.7115871906280518,0.4489867091178894,-0.19659072160720825,0.007164645474404097,0.0,0.0,0.0,-1.2788156270980835,9.483238220214844,0.1613168716430664,10.378796577453613,1.9538060426712036,-10.0,-10.0,9.00778865814209,2.0,2.0,21.56041145324707,0.29744139313697815,0.28977540135383606,0.30357420444488525,0.2943750023841858,0.0,0.30469265580177307,0.30469265580177307,0.30469265580177307,0.30469265580177307,0.0,-0.23766697943210602,0.18360093235969543,-10.143229484558105,0.0,0.0,0.0,0.0,0.0,0.0,0.0,0.0,0.0,0.0,0.0,0.0,0.0,0.0,0.0,0.30469274520874023,0.30469274520874023,0.304692804813385,0.30469274520874023,0.22205504775047302,0.04114978387951851,0.04114978387951851,0.4574306011199951,2.0695958137512207,-1.8875815868377686,-0.11759084463119507,0.0,0.0,0.0,0.0,0.0,0.0,0.0
56167376092,0,-0.26191529631614685,-0.15951521694660187,-0.23149986565113068,-0.26191529631614685,-0.15951521694660187,-0.9314998388290405,-0.10511132329702377,0.22029265761375427,0.061529725790023804,0.0,0.0,0.0,-0.05850944668054581,0.02698390744626522,2.6563360691070557,0.0,0.0,2.6563360691070557,-0.16986653208732605,0.2740927040576935,-0.7140263319015503,0.47882160544395447,-0.2319820374250412,0.006942891050130129,0.0,0.0,0.0,-1.2864701747894287,9.49483585357666,0.16063880920410156,10.378218650817871,1.9395250082015991,-10.0,-10.0,9.03215503692627,2.0,2.0,21.573945999145508,0.29590821266174316,0.28977540135383606,0.30357420444488525,0.2943750023841858,0.0,0.30469265580177307,0.30469265580177307,0.30469265580177307,0.30469265580177307,0.0,-0.23766697943210602,0.18360093235969543,-10.143229484558105,0.0,0.0,0.0,0.0,0.0,0.0,0.0,0.0,0.0,0.0,0.0,0.0,0.0,0.0,0.0,0.30469274520874023,0.30469274520874023,0.304692804813385,0.30469274520874023,0.22099031507968903,0.04114978387951851,0.04114978387951851,0.45892298221588135,2.4642629623413086,-2.2439143657684326,-0.12305967509746552,0.0,0.0,0.0,0.0,0.0,0.0,0.0
56177426402,0,-0.2640785872936249,-0.15501418709754944,-0.23018121719360352,-0.2640785872936249,-0.15501418709754944,-0.9301812052726746,-0.09521135687828064,0.2226676493883133,0.052447251975536346,0.0,0.0,0.0,-0.06190543621778488,0.030968885868787766,2.643031358718872,0.0,0.0,2.643031358718872,-0.16986653208732605,0.2740927040576935,-0.7140263319015503,0.5064183473587036,-0.26612070202827454,0.0027103922329843044,0.0,0.0,0.0,-1.2864701747894287,9.49483585357666,0.16063880920410156,10.378218650817871,1.9395250082015991,-10.0,-10.0,9.03215503692627,2.0,2.0,21.573945999145508,0.29744139313697815,0.2882421910762787,0.30357420444488525,0.2943750023841858,0.0,0.30469265580177307,0.30469265580177307,0.30469265580177307,0.30469265580177307,0.0,-0.147672638297081,0.25603824853897095,-10.535250663757324,0.0,0.0,0.0,0.0,0.0,0.0,0.0,0.0,0.0,0.0,0.0,0.0,0.0,0.0,0.0,0.30469274520874023,0.30469274520874023,0.304692804813385,0.30469274520874023,0.22099031507968903,0.04114978387951851,0.04114978387951851,0.45892298221588135,2.4642629623413086,-2.2439143657684326,-0.12305967509746552,0.0,0.0,0.0,0.0,0.0,0.0,0.0
56187493067,0,-0.2640785872936249,-0.15501418709754944,-0.23018121719360352,-0.2640785872936249,-0.15501418709754944,-0.9301812052726746,-0.09521135687828064,0.2226676493883133,0.052447251975536346,0.0,0.0,0.0,-0.06190543621778488,0.030968885868787766,2.643031358718872,0.0,0.0,2.643031358718872,-0.11313297599554062,0.22445301711559296,-0.7158224582672119,0.5106288194656372,-0.2720372676849365,0.00671857176348567,0.0,0.0,0.0,-1.2864701747894287,9.49483585357666,0.16063880920410156,10.378218650817871,1.9180424213409424,-10.0,-10.0,8.918329238891602,2.0,2.0,21.766393661499023,0.29744139313697815,0.28977540135383606,0.30357420444488525,0.2943750023841858,0.0,0.30469265580177307,0.30469265580177307,0.30469265580177307,0.30469265580177307,0.0,-0.147672638297081,0.25603824853897095,-10.535250663757324,0.0,0.0,0.0,0.0,0.0,0.0,0.0,0.0,0.0,0.0,0.0,0.0,0.0,0.0,0.0,0.30469274520874023,0.30469274520874023,0.304692804813385,0.30469274520874023,0.21958878636360168,0.04114978387951851,0.04114978387951851,0.46245306730270386,2.781144618988037,-2.4755237102508545,-0.09407811611890793,0.0,0.0,0.0,0.0,0.0,0.0,0.0
56198899144,0,-0.2672092020511627,-0.14824023842811584,-0.2286168783903122,-0.2672092020511627,-0.14824023842811584,-0.9286168813705444,-0.08119406551122665,0.224986270070076,0.03271331638097763,0.0,0.0,0.0,-0.06517854332923889,0.03533422574400902,2.6230244636535645,0.0,0.0,2.6230244636535645,-0.08643316477537155,0.19948862493038177,-0.7154057025909424,0.5106288194656372,-0.2720372676849365,0.00671857176348567,0.0,0.0,0.0,-1.3120977878570557,9.518693923950195,0.16492176055908203,10.377800941467285,1.9180424213409424,-10.0,-10.0,8.939981460571289,2.0,2.0,21.801408767700195,0.29590821266174316,0.28977540135383606,0.30357420444488525,0.2943750023841858,0.0,0.30469265580177307,0.30469265580177307,0.30469265580177307,0.30469265580177307,0.0,-0.1493987888097763,0.30210015177726746,-10.581806182861328,0.0,0.0,0.0,0.0,0.0,0.0,0.0,0.0,0.0,0.0,0.0,0.0,0.0,0.0,0.0,0.30469274520874023,0.30469274520874023,0.304692804813385,0.30469274520874023,0.21958878636360168,0.04114978387951851,0.04114978387951851,0.46245306730270386,2.8616745471954346,-2.6031055450439453,-0.036259040236473083,0.0,0.0,0.0,0.0,0.0,0.0,0.0
56208927774,0,-0.2682059407234192,-0.14598743617534637,-0.22820895910263062,-0.2682059407234192,-0.14598743617534637,-0.9282089471817017,-0.07658229768276215,0.22563037276268005,0.027639254927635193,0.0,0.0,0.0,-0.06578311324119568,0.036326274275779724,2.6163244247436523,0.0,0.0,2.6163244247436523,-0.08643316477537155,0.19948862493038177,-0.7154057025909424,0.5106288194656372,-0.2720372676849365,0.00671857176348567,0.0,0.0,0.0,-1.3277002573013306,9.537033081054688,0.1641378402709961,10.377729415893555,1.9180424213409424,-10.0,-10.0,8.939981460571289,2.0,2.0,21.801408767700195,0.29744139313697815,0.28977540135383606,0.30357420444488525,0.2943750023841858,0.0,0.30469265580177307,0.30469265580177307,0.30469265580177307,0.30469265580177307,0.0,-0.1274999976158142,0.2983872890472412,-10.397687911987305,0.0,0.0,0.0,0.0,0.0,0.0,0.0,0.0,0.0,0.0,0.0,0.0,0.0,0.0,0.0,0.30469274520874023,0.30469274520874023,0.304692804813385,0.30469274520874023,0.21958878636360168,0.04114978387951851,0.04114978387951851,0.46245306730270386,2.8616745471954346,-2.6031055450439453,-0.036259040236473083,0.0,0.0,0.0,0.0,0.0,0.0,0.0
56217588823,0,-0.2682059407234192,-0.14598743617534637,-0.22820895910263062,-0.2682059407234192,-0.14598743617534637,-0.9282089471817017,-0.07658229768276215,0.22563037276268005,0.027639254927635193,0.0,0.0,0.0,-0.06578311324119568,0.036326274275779724,2.6163244247436523,0.0,0.0,2.6163244247436523,-0.05347820743918419,0.1688816249370575,-0.7166427969932556,0.5245530009269714,-0.29252249002456665,0.0025769236963242292,0.0,0.0,0.0,-1.3277002573013306,9.537033081054688,0.1641378402709961,10.377729415893555,1.904808521270752,-10.0,-10.0,8.909442901611328,2.0,2.0,21.9205265045166,0.29744139313697815,0.28977540135383606,0.30204102396965027,0.2943750023841858,0.0,0.30469265580177307,0.30469265580177307,0.30469265580177307,0.30469265580177307,0.0,-0.1274999976158142,0.2983872890472412,-10.397687911987305,0.0,0.0,0.0,0.0,0.0,0.0,0.0,0.0,0.0,0.0,0.0,0.0,0.0,0.0,0.0,0.30469274520874023,0.30469274520874023,0.304692804813385,0.30469274520874023,0.2199246734380722,0.04114978387951851,0.04114978387951851,0.46417558193206787,2.9947030544281006,-2.756697654724121,-0.07826181501150131,0.0,0.0,0.0,0.0,0.0,0.0,0.0
56227307501,0,-0.27030807733535767,-0.14156854152679443,-0.22755001485347748,-0.27030807733535767,-0.14156854152679443,-0.9275500178337097,-0.06792458146810532,0.22666291892528534,0.01945563405752182,0.0,0.0,0.0,-0.06631077080965042,0.03756695240736008,2.6029536724090576,0.0,0.0,2.6029539108276367,-0.02507546916604042,0.14150561392307281,-0.7179128527641296,0.5264700651168823,-0.29937729239463806,0.0065247416496276855,0.0,0.0,0.0,-1.3740384578704834,9.587931632995605,0.16686630249023438,10.377490043640137,1.897836446762085,-10.0,-10.0,8.881645202636719,2.0,2.0,22.0305118560791,0.29744139313697815,0.28977540135383606,0.30357420444488525,0.2943750023841858,0.0,0.30469265580177307,0.30469265580177307,0.30469265580177307,0.30469265580177307,0.0,-0.1274999976158142,0.2983872890472412,-10.397687911987305,0.0,0.0,0.0,0.0,0.0,0.0,0.0,0.0,0.0,0.0,0.0,0.0,0.0,0.0,0.0,0.30469274520874023,0.30469274520874023,0.304692804813385,0.30469274520874023,0.22056910395622253,0.04114978387951851,0.04114978387951851,0.46508219838142395,3.061876058578491,-2.8814830780029297,-0.10281852632761002,0.0,0.0,0.0,0.0,0.0,0.0,0.0
56237563452,0,-0.27030807733535767,-0.14156854152679443,-0.22755001485347748,-0.27030807733535767,-0.14156854152679443,-0.9275500178337097,-0.06792458146810532,0.22666291892528534,0.01945563405752182,0.0,0.0,0.0,-0.06631077080965042,0.03756695240736008,2.6029536724090576,0.0,0.0,2.6029539108276367,-0.02507546916604042,0.14150561392307281,-0.7179128527641296,0.5264700651168823,-0.29937729239463806,0.0065247416496276855,0.0,0.0,0.0,-1.3740384578704834,9.587931632995605,0.16686630249023438,10.377490043640137,1.8847472667694092,-10.0,-10.0,8.881645202636719,2.0,2.0,22.0305118560791,0.29744139313697815,0.28977540135383606,0.30357420444488525,0.2943750023841858,0.0,0.30469265580177307,0.30469265580177307,0.30469265580177307,0.30469265580177307,0.0,-0.08818832039833069,0.31104904413223267,-10.187483787536621,0.0,0.0,0.0,0.0,0.0,0.0,0.0,0.0,0.0,0.0,0.0,0.0,0.0,0.0,0.0,0.30469274520874023,0.30469274520874023,0.304692804813385,0.30469274520874023,0.21772010624408722,0.04114978387951851,0.04114978387951851,0.4711824953556061,3.061876058578491,-2.8814830780029297,-0.10281852632761002,0.0,0.0,0.0,0.0,0.0,0.0,0.0
56247233862,0,-0.27237558364868164,-0.13720522820949554,-0.22703450918197632,-0.27237558364868164,-0.13720522820949554,-0.9270344972610474,-0.06017353758215904,0.22775723040103912,0.013513440266251564,0.0,0.0,0.0,-0.06583887338638306,0.037775930017232895,2.5895767211914062,0.0,0.0,2.5895767211914062,0.07023809850215912,0.052882879972457886,-0.7232879996299744,0.5227195024490356,-0.30102983117103577,0.006489114835858345,0.0,0.0,0.0,-1.4332550764083862,9.649365425109863,0.1697978973388672,10.377416610717773,1.8847472667694092,-10.0,-10.0,8.810885429382324,2.0,2.0,22.303382873535156,0.29744139313697815,0.28977540135383606,0.30357420444488525,0.2943750023841858,0.0,0.30469265580177307,0.30469265580177307,0.30469265580177307,0.30469265580177307,0.0,-0.0861094668507576,0.3166765570640564,-10.079075813293457,0.0,0.0,0.0,0.0,0.0,0.0,0.0,0.0,0.0,0.0,0.0,0.0,0.0,0.0,0.0,0.30469274520874023,0.30469274520874023,0.304692804813385,0.30469274520874023,0.21772010624408722,0.04114978387951851,0.04114978387951851,0.4711824953556061,3.133305311203003,-2.9170196056365967,-0.18008878827095032,0.0,0.0,0.0,0.0,0.0,0.0,0.0
56257332974,0,-0.2734297513961792,-0.1350739449262619,-0.2267974615097046,-0.2734297513961792,-0.1350739449262619,-0.9267974495887756,-0.05657932907342911,0.22751553356647491,0.01132908184081316,0.0,0.0,0.0,-0.06521651148796082,0.03761009871959686,2.582841396331787,0.0,0.0,2.582841396331787,0.07023809850215912,0.052882879972457886,-0.7232879996299744,0.5227195024490356,-0.30102983117103577,0.006489114835858345,0.0,0.0,0.0,-1.4607211351394653,9.67657470703125,0.17177867889404297,10.377442359924316,1.8736106157302856,-10.0,-10.0,8.760427474975586,2.0,2.0,22.444734573364258,0.29590821266174316,0.28977540135383606,0.30357420444488525,0.2943750023841858,0.0,0.30469265580177307,0.30469265580177307,0.30469265580177307,0.30469265580177307,0.0,-0.0916338860988617,0.30097895860671997,-10.043268203735352,0.0,0.0,0.0,0.0,0.0,0.0,0.0,0.0,0.0,0.0,0.0,0.0,0.0,0.0,0.0,0.30469274520874023,0.30469274520874023,0.304692804813385,0.30469274520874023,0.21772010624408722,0.04114978387951851,0.04114978387951851,0.4711824953556061,3.133305311203003,-2.9170196056365967,-0.18008878827095032,0.0,0.0,0.0,0.0,0.0,0.0,0.0
56267282064,0,-0.2734297513961792,-0.1350739449262619,-0.2267974615097046,-0.27652257680892944,-0.12874925136566162,-0.9261723756790161,-0.05657932907342911,0.22751553356647491,0.01132908184081316,0.0,0.0,0.0,-0.06521651148796082,0.03761009871959686,2.582841396331787,0.0,0.0,2.5625905990600586,0.07023809850215912,0.052882879972457886,-0.7232879996299744,0.5021441578865051,-0.29035601019859314,0.0067101139575243,0.0,0.0,0.0,-1.4607211351394653,9.67657470703125,0.17177867889404297,10.377442359924316,1.8680624961853027,-10.0,-10.0,8.760427474975586,2.0,2.0,22.444734573364258,0.29744139313697815,0.28977540135383606,0.30357420444488525,0.2943750023841858,0.0,0.30469265580177307,0.30469265580177307,0.30469265580177307,0.30469265580177307,0.0,-0.0916338860988617,0.30097895860671997,-10.043268203735352,0.0,0.0,0.0,0.0,0.0,0.0,0.0,0.0,0.0,0.0,0.0,0.0,0.0,0.0,0.0,0.30469274520874023,0.30469274520874023,0.304692804813385,0.30469274520874023,0.21523472666740417,0.04114978387951851,0.04114978387951851,0.47902271151542664,3.133305311203003,-2.9170196056365967,-0.18008878827095032,0.0,0.0,0.0,0.0,0.0,0.0,0.0
56277441322,0,-0.27652257680892944,-0.12874925136566162,-0.22617241740226746,-0.27652257680892944,-0.12874925136566162,-0.9261723756790161,-0.04642977938055992,0.22696726024150848,0.007833314128220081,0.0,0.0,0.0,-0.06188560277223587,0.03554826229810715,2.5625903606414795,0.0,0.0,2.5625905990600586,0.1289156824350357,-0.0038070788141340017,-0.7268487215042114,0.5021441578865051,-0.29035601019859314,0.0067101139575243,0.0,0.0,0.0,-1.5285793542861938,9.746057510375977,0.17123985290527344,10.3776216506958,1.8635457754135132,-10.0,-10.0,8.779142379760742,2.0,2.0,22.653493881225586,0.29744139313697815,0.2882421910762787,0.30357420444488525,0.2943750023841858,0.0,0.30469265580177307,0.30469265580177307,0.30469265580177307,0.30469265580177307,0.0,-0.08383475989103317,0.28940314054489136,-9.912463188171387,0.0,0.0,0.0,0.0,0.0,0.0,0.0,0.0,0.0,0.0,0.0,0.0,0.0,0.0,0.0,0.30469274520874023,0.30469274520874023,0.304692804813385,0.30469274520874023,0.21523472666740417,0.04114978387951851,0.04114978387951851,0.47902271151542664,3.03328275680542,-2.9005351066589355,-0.17216570675373077,0.0,0.0,0.0,0.0,0.0,0.0,0.0
56287534765,0,-0.27756059169769287,-0.12668654322624207,-0.2259615808725357,-0.27756059169769287,-0.12668654322624207,-0.9259615540504456,-0.043149206787347794,0.22665919363498688,0.00784551352262497,0.0,0.0,0.0,-0.060388099402189255,0.03438834846019745,2.555878162384033,0.0,0.0,2.555878162384033,0.1576622724533081,-0.03433283790946007,-0.7279549837112427,0.5021441578865051,-0.29035601019859314,0.0067101139575243,0.0,0.0,0.0,-1.5684423446655273,9.789337158203125,0.17468929290771484,10.377776145935059,1.8635457754135132,-10.0,-10.0,8.696002006530762,2.0,2.0,22.87883186340332,0.29744139313697815,0.28977540135383606,0.30357420444488525,0.2943750023841858,0.0,0.30469265580177307,0.30469265580177307,0.30469265580177307,0.30469265580177307,0.0,-0.08383475989103317,0.28940314054489136,-9.912463188171387,0.0,0.0,0.0,0.0,0.0,0.0,0.0,0.0,0.0,0.0,0.0,0.0,0.0,0.0,0.0,0.30469274520874023,0.30469274520874023,0.304692804813385,0.30469274520874023,0.2151063233613968,0.04114978387951851,0.04114978387951851,0.48105043172836304,2.8860671520233154,-2.9047698974609375,-0.13956211507320404,0.0,0.0,0.0,0.0,0.0,0.0,0.0
56297173055,0,-0.27756059169769287,-0.12668654322624207,-0.2259615808725357,-0.27756059169769287,-0.12668654322624207,-0.9259615540504456,-0.043149206787347794,0.22665919363498688,0.00784551352262497,0.0,0.0,0.0,-0.060388099402189255,0.03438834846019745,2.555878162384033,0.0,0.0,2.555878162384033,0.2134692668914795,-0.09411568194627762,-0.7301633358001709,0.4730018675327301,-0.2685663104057312,0.0028490168042480946,0.0,0.0,0.0,-1.5684423446655273,9.789337158203125,0.17468929290771484,10.377776145935059,1.8586243391036987,-10.0,-10.0,8.681611061096191,2.0,2.0,23.1634464263916,0.29744139313697815,0.28977540135383606,0.30204102396965027,0.2943750023841858,0.0,0.30469265580177307,0.30469265580177307,0.30469265580177307,0.30469265580177307,0.0,-0.09566193073987961,0.26272857189178467,-9.838342666625977,0.0,0.0,0.0,0.0,0.0,0.0,0.0,0.0,0.0,0.0,0.0,0.0,0.0,0.0,0.0,0.30469274520874023,0.30469274520874023,0.304692804813385,0.30469274520874023,0.21492551267147064,0.04114978387951851,0.04114978387951851,0.4834853708744049,2.7144460678100586,-2.839749336242676,-0.11256661266088486,0.0,0.0,0.0,0.0,0.0,0.0,0.0
56308617373,0,-0.27957168221473694,-0.12259233742952347,-0.22554948925971985,-0.27957168221473694,-0.12259233742952347,-0.9255495071411133,-0.03673854097723961,0.2262812852859497,0.009171945974230766,0.0,0.0,0.0,-0.056614406406879425,0.03148871287703514,2.542395830154419,0.0,0.0,2.542395830154419,0.2134692668914795,-0.09411568194627762,-0.7301633358001709,0.4730018675327301,-0.2685663104057312,0.0028490168042480946,0.0,0.0,0.0,-1.6432056427001953,9.871562004089355,0.1758108139038086,10.378193855285645,1.8586243391036987,-10.0,-10.0,8.681611061096191,2.0,2.0,23.1634464263916,0.29744139313697815,0.28977540135383606,0.30357420444488525,0.2943750023841858,0.0,0.30469265580177307,0.30469265580177307,0.30469265580177307,0.30469265580177307,0.0,-0.13253721594810486,0.22077739238739014,-9.734293937683105,0.0,0.0,0.0,0.0,0.0,0.0,0.0,0.0,0.0,0.0,0.0,0.0,0.0,0.0,0.0,0.30469274520874023,0.30469274520874023,0.304692804813385,0.30469274520874023,0.21492551267147064,0.04114978387951851,0.04114978387951851,0.4834853708744049,2.7144460678100586,-2.839749336242676,-0.11256661266088486,0.0,0.0,0.0,0.0,0.0,0.0,0.0
56318594123,0,-0.27957168221473694,-0.12259233742952347,-0.22554948925971985,-0.27957168221473694,-0.12259233742952347,-0.9255495071411133,-0.03673854097723961,0.2262812852859497,0.009171945974230766,0.0,0.0,0.0,-0.056614406406879425,0.03148871287703514,2.542395830154419,0.0,0.0,2.542395830154419,0.23687052726745605,-0.11764618009328842,-0.7312711477279663,0.4127892255783081,-0.2218935340642929,0.007279538549482822,0.0,0.0,0.0,-1.6432056427001953,9.871562004089355,0.1758108139038086,10.378193855285645,1.8464497327804565,-10.0,-10.0,8.681611061096191,2.0,2.0,23.1634464263916,0.29744139313697815,0.28977540135383606,0.30357420444488525,0.2943750023841858,0.0,0.30469265580177307,0.30469265580177307,0.30469265580177307,0.30469265580177307,0.0,-0.13253721594810486,0.22077739238739014,-9.734293937683105,0.0,0.0,0.0,0.0,0.0,0.0,0.0,0.0,0.0,0.0,0.0,0.0,0.0,0.0,0.0,0.30469274520874023,0.30469274520874023,0.304692804813385,0.30469274520874023,0.21429549157619476,0.04114978387951851,0.04114978387951851,0.4916558861732483,2.665523052215576,-2.7395260334014893,-0.11694887280464172,0.0,0.0,0.0,0.0,0.0,0.0,0.0
56327662446,0,-0.281467467546463,-0.11857548356056213,-0.22507122159004211,-0.281467467546463,-0.11857548356056213,-0.9250712394714355,-0.029812900349497795,0.22561459243297577,0.01158239133656025,0.0,0.0,0.0,-0.05197790637612343,0.027839554473757744,2.5288596153259277,0.0,0.0,2.5288596153259277,0.2867640554904938,-0.17186543345451355,-0.7324076890945435,0.4127892255783081,-0.2218935340642929,0.007279538549482822,0.0,0.0,0.0,-1.7201611995697021,9.94909381866455,0.17658710479736328,10.378708839416504,1.8464497327804565,-10.0,-10.0,8.678435325622559,2.0,2.0,23.5684814453125,0.29590821266174316,0.28977540135383606,0.30357420444488525,0.2943750023841858,0.0,0.30469265580177307,0.30469265580177307,0.30469265580177307,0.30469265580177307,0.0,-0.16519862413406372,0.13768498599529266,-9.683286666870117,0.0,0.0,0.0,0.0,0.0,0.0,0.0,0.0,0.0,0.0,0.0,0.0,0.0,0.0,0.0,0.30469274520874023,0.30469274520874023,0.304692804813385,0.30469274520874023,0.21429549157619476,0.04114978387951851,0.04114978387951851,0.4916558861732483,2.4342687129974365,-2.6359660625457764,-0.06750481575727463,0.0,0.0,0.0,0.0,0.0,0.0,0.0
56337216461,0,-0.2823770046234131,-0.11659009754657745,-0.22479604184627533,-0.2823770046234131,-0.11659009754657745,-0.9247960448265076,-0.026380544528365135,0.22503970563411713,0.013004234991967678,0.0,0.0,0.0,-0.049426447600126266,0.025711579248309135,2.522129535675049,0.0,0.0,2.522129535675049,0.2867640554904938,-0.17186543345451355,-0.7324076890945435,0.4127892255783081,-0.2218935340642929,0.007279538549482822,0.0,0.0,0.0,-1.7600877285003662,9.993282318115234,0.17643165588378906,10.379032135009766,1.840205192565918,-10.0,-10.0,8.678435325622559,2.0,2.0,23.5684814453125,0.29590821266174316,0.28977540135383606,0.30357420444488525,0.2943750023841858,0.0,0.30469265580177307,0.30469265580177307,0.30469265580177307,0.30469265580177307,0.0,-0.21165266633033752,0.13797985017299652,-9.696781158447266,0.0,0.0,0.0,0.0,0.0,0.0,0.0,0.0,0.0,0.0,0.0,0.0,0.0,0.0,0.0,0.30469274520874023,0.30469274520874023,0.304692804813385,0.30469274520874023,0.21455897390842438,0.04114978387951851,0.04114978387951851,0.49637892842292786,2.4342687129974365,-2.6359660625457764,-0.06750481575727463,0.0,0.0,0.0,0.0,0.0,0.0,0.0
56347110973,0,-0.2823770046234131,-0.11659009754657745,-0.22479604184627533,-0.2823770046234131,-0.11659009754657745,-0.9247960448265076,-0.026380544528365135,0.22503970563411713,0.013004234991967678,0.0,0.0,0.0,-0.049426447600126266,0.025711579248309135,2.522129535675049,0.0,0.0,2.522129535675049,0.30643731355667114,-0.19483864307403564,-0.73294597864151,0.34676694869995117,-0.1666724532842636,0.007557704113423824,0.0,0.0,0.0,-1.7600877285003662,9.993282318115234,0.17643165588378906,10.379032135009766,1.8374346494674683,-10.0,-10.0,8.678435325622559,2.0,2.0,23.5684814453125,0.29744139313697815,0.28977540135383606,0.30357420444488525,0.2943750023841858,0.0,0.30469265580177307,0.30469265580177307,0.30469265580177307,0.30469265580177307,0.0,-0.21165266633033752,0.13797985017299652,-9.696781158447266,0.0,0.0,0.0,0.0,0.0,0.0,0.0,0.0,0.0,0.0,0.0,0.0,0.0,0.0,0.0,0.30469274520874023,0.30469274520874023,0.304692804813385,0.30469274520874023,0.21458475291728973,0.04114978387951851,0.04114978387951851,0.49891650676727295,2.3250279426574707,-2.5975959300994873,-0.06247010827064514,0.0,0.0,0.0,0.0,0.0,0.0,0.0
56357751592,0,-0.2848959267139435,-0.11067284643650055,-0.22387966513633728,-0.2848959267139435,-0.11067284643650055,-0.9238796234130859,-0.01563294231891632,0.22343893349170685,0.017171436920762062,0.0,0.0,0.0,-0.040539585053920746,0.018310433253645897,2.5018835067749023,0.0,0.0,2.5018835067749023,0.3269757330417633,-0.219346284866333,-0.7340729832649231,0.34676694869995117,-0.1666724532842636,0.007557704113423824,0.0,0.0,0.0,-1.7600877285003662,9.993282318115234,0.17643165588378906,10.379032135009766,1.8374346494674683,-10.0,-10.0,8.678435325622559,2.0,2.0,23.5684814453125,0.29744139313697815,0.28977540135383606,0.30357420444488525,0.2943750023841858,0.0,0.30469265580177307,0.30469265580177307,0.30469265580177307,0.30469265580177307,0.0,-0.21165266633033752,0.13797985017299652,-9.696781158447266,0.0,0.0,0.0,0.0,0.0,0.0,0.0,0.0,0.0,0.0,0.0,0.0,0.0,0.0,0.0,0.30469274520874023,0.30469274520874023,0.304692804813385,0.30469274520874023,0.21458475291728973,0.04114978387951851,0.04114978387951851,0.49891650676727295,2.1452274322509766,-2.4638314247131348,-0.08681430667638779,0.0,0.0,0.0,0.0,0.0,0.0,0.0
56367420547,0,-0.2848959267139435,-0.11067284643650055,-0.22387966513633728,-0.2848959267139435,-0.11067284643650055,-0.9238796234130859,-0.01563294231891632,0.22343893349170685,0.017171436920762062,0.0,0.0,0.0,-0.040539585053920746,0.018310433253645897,2.5018835067749023,0.0,0.0,2.5018835067749023,0.3599097430706024,-0.2600964307785034,-0.7362573742866516,0.2961394488811493,-0.12426341325044632,0.007803583983331919,0.0,0.0,0.0,-1.849933385848999,10.087656021118164,0.17437362670898438,10.37972640991211,1.8333176374435425,-10.0,-10.0,8.742400169372559,2.0,2.0,23.81377410888672,0.29744139313697815,0.28977540135383606,0.30357420444488525,0.2943750023841858,0.0,0.30469265580177307,0.30469265580177307,0.30469265580177307,0.30469265580177307,0.0,-0.2682017683982849,0.055983755737543106,-9.669365882873535,0.0,0.0,0.0,0.0,0.0,0.0,0.0,0.0,0.0,0.0,0.0,0.0,0.0,0.0,0.0,0.30469274520874023,0.30469274520874023,0.304692804813385,0.30469274520874023,0.2139214128255844,0.04114978387951851,0.04114978387951851,0.5041164755821228,1.7964122295379639,-2.1885414123535156,-0.10262888669967651,0.0,0.0,0.0,0.0,0.0,0.0,0.0
56377020785,0,-0.2863200902938843,-0.10663266479969025,-0.2231263816356659,-0.2863200902938843,-0.10663266479969025,-0.9231263399124146,-0.008297768421471119,0.22289997339248657,0.022446271032094955,0.0,0.0,0.0,-0.03396424278616905,0.012719707563519478,2.488391637802124,0.0,0.0,2.488391399383545,0.3599097430706024,-0.2600964307785034,-0.7362573742866516,0.2961394488811493,-0.12426341325044632,0.007803583983331919,0.0,0.0,0.0,-1.940590739250183,10.180496215820312,0.17854022979736328,10.380511283874512,1.8333176374435425,-10.0,-10.0,8.63680648803711,2.0,2.0,24.221485137939453,0.29744139313697815,0.28977540135383606,0.30357420444488525,0.2943750023841858,0.0,0.30469265580177307,0.30469265580177307,0.30469265580177307,0.30469265580177307,0.0,-0.3053340017795563,0.008046271279454231,-9.546957969665527,0.0,0.0,0.0,0.0,0.0,0.0,0.0,0.0,0.0,0.0,0.0,0.0,0.0,0.0,0.0,0.30469274520874023,0.30469274520874023,0.304692804813385,0.30469274520874023,0.2139214128255844,0.04114978387951851,0.04114978387951851,0.5041164755821228,1.7964122295379639,-2.1885414123535156,-0.10262888669967651,0.0,0.0,0.0,0.0,0.0,0.0,0.0
56387298407,0,-0.2869817316532135,-0.10462437570095062,-0.22272039949893951,-0.2869817316532135,-0.10462437570095062,-0.9227203726768494,-0.00462833046913147,0.2226588875055313,0.02554832212626934,0.0,0.0,0.0,-0.03050386905670166,0.009734166786074638,2.4816579818725586,0.0,0.0,2.4816579818725586,0.374512255191803,-0.2804464101791382,-0.7369754314422607,0.2961394488811493,-0.12426341325044632,0.007803583983331919,0.0,0.0,0.0,-1.9791772365570068,10.223395347595215,0.17855167388916016,10.380965232849121,1.8333176374435425,-10.0,-10.0,8.648683547973633,2.0,2.0,24.353994369506836,0.29744139313697815,0.28977540135383606,0.30357420444488525,0.2943750023841858,0.0,0.30469265580177307,0.30469265580177307,0.30469265580177307,0.30469265580177307,0.0,-0.3519584536552429,-0.05308527871966362,-9.512835502624512,0.0,0.0,0.0,0.0,0.0,0.0,0.0,0.0,0.0,0.0,0.0,0.0,0.0,0.0,0.0,0.30469274520874023,0.30469274520874023,0.304692804813385,0.30469274520874023,0.2139214128255844,0.04114978387951851,0.04114978387951851,0.5041164755821228,1.5961586236953735,-2.0663583278656006,-0.0859723761677742,0.0,0.0,0.0,0.0,0.0,0.0,0.0
56397543441,0,-0.2869817316532135,-0.10462437570095062,-0.22272039949893951,-0.2869817316532135,-0.10462437570095062,-0.9227203726768494,-0.00462833046913147,0.2226588875055313,0.02554832212626934,0.0,0.0,0.0,-0.03050386905670166,0.009734166786074638,2.4816579818725586,0.0,0.0,2.4816579818725586,0.3950566053390503,-0.3152162432670593,-0.7378820180892944,0.18550625443458557,-0.027416186407208443,0.00804044771939516,0.0,0.0,0.0,-1.9791772365570068,10.223395347595215,0.17855167388916016,10.380965232849121,1.8296483755111694,-10.0,-10.0,8.665756225585938,2.0,2.0,24.477357864379883,0.29590821266174316,0.28977540135383606,0.30357420444488525,0.2943750023841858,0.0,0.30469265580177307,0.30469265580177307,0.30469265580177307,0.30469265580177307,0.0,-0.3519584536552429,-0.05308527871966362,-9.512835502624512,0.0,0.0,0.0,0.0,0.0,0.0,0.0,0.0,0.0,0.0,0.0,0.0,0.0,0.0,0.0,0.30469274520874023,0.30469274520874023,0.304692804813385,0.30469274520874023,0.21626149117946625,0.04114978387951851,0.04114978387951851,0.5100306868553162,1.192723035812378,-1.8544963598251343,-0.05810185894370079,0.0,0.0,0.0,0.0,0.0,0.0,0.0
56409994559,0,-0.2880813181400299,-0.1006312444806099,-0.22180502116680145,-0.2880813181400299,-0.1006312444806099,-0.9218050241470337,0.0035219367127865553,0.22186437249183655,0.028268620371818542,0.0,0.0,0.0,-0.023339323699474335,0.003417067229747772,2.468173027038574,0.0,0.0,2.468173027038574,0.3950566053390503,-0.3152162432670593,-0.7378820180892944,0.18550625443458557,-0.027416186407208443,0.00804044771939516,0.0,0.0,0.0,-2.050846576690674,10.306344985961914,0.17815208435058594,10.38187026977539,1.8290984630584717,-10.0,-10.0,8.68007755279541,2.0,2.0,24.594940185546875,0.29590821266174316,0.28977540135383606,0.30357420444488525,0.2943750023841858,0.0,0.30469265580177307,0.30469265580177307,0.30469265580177307,0.30469265580177307,0.0,-0.41462090611457825,-0.1464981734752655,-9.765507698059082,0.0,0.0,0.0,0.0,0.0,0.0,0.0,0.0,0.0,0.0,0.0,0.0,0.0,0.0,0.0,0.30469274520874023,0.30469274520874023,0.304692804813385,0.30469274520874023,0.21626149117946625,0.04114978387951851,0.04114978387951851,0.5100306868553162,1.192723035812378,-1.8544963598251343,-0.05810185894370079,0.0,0.0,0.0,0.0,0.0,0.0,0.0
56430228449,0,-0.2885030508041382,-0.09863093495368958,-0.2213115692138672,-0.2885030508041382,-0.09863093495368958,-0.9213115572929382,0.00898069515824318,0.22134555876255035,0.028201919049024582,0.0,0.0,0.0,-0.01961860992014408,0.00010248579928884283,2.4613804817199707,0.0,0.0,2.4613804817199707,0.4013209640979767,-0.33101823925971985,-0.7409917116165161,0.18550625443458557,-0.027416186407208443,0.00804044771939516,0.0,0.0,0.0,-2.0832252502441406,10.346753120422363,0.18137550354003906,10.382389068603516,1.8290984630584717,-10.0,-10.0,8.609960556030273,2.0,2.0,24.797426223754883,0.29744139313697815,0.28977540135383606,0.30357420444488525,0.2943750023841858,0.0,0.30469265580177307,0.30469265580177307,0.30469265580177307,0.30469265580177307,0.0,-0.5967220664024353,-0.28367850184440613,-9.859855651855469,0.0,0.0,0.0,0.0,0.0,0.0,0.0,0.0,0.0,0.0,0.0,0.0,0.0,0.0,0.0,0.30469274520874023,0.30469274520874023,0.304692804813385,0.30469274520874023,0.21626149117946625,0.04114978387951851,0.04114978387951851,0.5100306868553162,0.8901360630989075,-1.676195740699768,-0.19085711240768433,0.0,0.0,0.0,0.0,0.0,0.0,0.0
56430273423,0,-0.2885030508041382,-0.09863093495368958,-0.2213115692138672,-0.2885030508041382,-0.09863093495368958,-0.9213115572929382,0.00898069515824318,0.22134555876255035,0.028201919049024582,0.0,0.0,0.0,-0.01961860992014408,0.00010248579928884283,2.4613804817199707,0.0,0.0,2.4613804817199707,0.4013209640979767,-0.33101823925971985,-0.7409917116165161,0.12752775847911835,0.024898743256926537,0.008392194285988808,0.0,0.0,0.0,-2.0832252502441406,10.346753120422363,0.18137550354003906,10.382389068603516,1.8288755416870117,-10.0,-10.0,8.609960556030273,2.0,2.0,24.797426223754883,0.29744139313697815,0.28977540135383606,0.30357420444488525,0.2943750023841858,0.0,0.30469265580177307,0.30469265580177307,0.30469265580177307,0.30469265580177307,0.0,-0.5967220664024353,-0.28367850184440613,-9.859855651855469,0.0,0.0,0.0,0.0,0.0,0.0,0.0,0.0,0.0,0.0,0.0,0.0,0.0,0.0,0.0,0.30469274520874023,0.30469274520874023,0.304692804813385,0.30469274520874023,0.2109300047159195,0.04114978387951851,0.04114978387951851,0.5198439359664917,0.8901360630989075,-1.676195740699768,-0.19085711240768433,0.0,0.0,0.0,0.0,0.0,0.0,0.0
56438148601,0,-0.2891450524330139,-0.09273241460323334,-0.21980281174182892,-0.2891450524330139,-0.09273241460323334,-0.9198027849197388,0.029135236516594887,0.2196194976568222,0.0275554396212101,0.0,0.0,0.0,-0.008879564702510834,-0.010262954980134964,2.440373182296753,0.0,0.0,2.440373182296753,0.39458170533180237,-0.3688216805458069,-0.759977400302887,0.07070495933294296,0.08149104565382004,0.008489888161420822,0.0,0.0,0.0,-2.152453660964966,10.4662446975708,0.19873619079589844,10.383752822875977,1.8288755416870117,-10.0,-10.0,8.235892295837402,2.0,2.0,25.557313919067383,0.29744139313697815,0.28977540135383606,0.30357420444488525,0.2943750023841858,0.0,0.30469265580177307,0.30469265580177307,0.30469265580177307,0.30469265580177307,0.0,-0.5967220664024353,-0.28367850184440613,-9.859855651855469,0.0,0.0,0.0,0.0,0.0,0.0,0.0,0.0,0.0,0.0,0.0,0.0,0.0,0.0,0.0,0.30469274520874023,0.30469274520874023,0.304692804813385,0.30469274520874023,0.2109300047159195,0.04114978387951851,0.04114978387951851,0.5198439359664917,-0.05343297868967056,-1.5931546688079834,-0.613905668258667,0.0,0.0,0.0,0.0,0.0,0.0,0.0
56447483033,0,-0.2891450524330139,-0.09273241460323334,-0.21980281174182892,-0.28908392786979675,-0.09081829339265823,-0.9192701578140259,0.029135236516594887,0.2196194976568222,0.0275554396212101,0.0,0.0,0.0,-0.008879564702510834,-0.010262954980134964,2.440373182296753,0.0,0.0,2.4333174228668213,0.3876461982727051,-0.38526442646980286,-0.7657103538513184,0.07070495933294296,0.08149104565382004,0.008489888161420822,0.0,0.0,0.0,-2.152453660964966,10.4662446975708,0.19873619079589844,10.383752822875977,1.8291112184524536,-10.0,-10.0,8.235892295837402,2.0,2.0,25.557313919067383,0.29744139313697815,0.28977540135383606,0.30204102396965027,0.2943750023841858,0.0,0.30469265580177307,0.30469265580177307,0.30469265580177307,0.30469265580177307,0.0,-0.9161845445632935,-0.2762918472290039,-9.908377647399902,0.0,0.0,0.0,0.0,0.0,0.0,0.0,0.0,0.0,0.0,0.0,0.0,0.0,0.0,0.0,0.30469274520874023,0.30469274520874023,0.304692804813385,0.30469274520874023,0.20572535693645477,0.04114978387951851,0.04114978387951851,0.5291740298271179,-0.35444191098213196,-1.5911542177200317,-0.5823580026626587,0.0,0.0,0.0,0.0,0.0,0.0,0.0
56457281672,0,-0.28908392786979675,-0.09081829339265823,-0.21927016973495483,-0.28908392786979675,-0.09081829339265823,-0.9192701578140259,0.034873757511377335,0.21429383754730225,0.027979249134659767,0.0,0.0,0.0,-0.005377503577619791,-0.013857307843863964,2.4333174228668213,0.0,0.0,2.4333174228668213,0.3876461982727051,-0.38526442646980286,-0.7657103538513184,0.042904309928417206,0.11010447889566422,0.00851161777973175,0.0,0.0,0.0,-2.170773506164551,10.511280059814453,0.2021331787109375,10.384356498718262,1.82966148853302,-10.0,-10.0,8.194241523742676,2.0,2.0,25.748319625854492,0.29744139313697815,0.28977540135383606,0.30357420444488525,0.2943750023841858,0.0,0.30469265580177307,0.30469265580177307,0.30469265580177307,0.30469265580177307,0.0,-0.8197976350784302,0.037610772997140884,-9.7069673538208,0.0,0.0,0.0,0.0,0.0,0.0,0.0,0.0,0.0,0.0,0.0,0.0,0.0,0.0,0.0,0.30469274520874023,0.30469274520874023,0.304692804813385,0.30469274520874023,0.20467372238636017,0.04114978387951851,0.04114978387951851,0.5328382849693298,-0.35444191098213196,-1.5911542177200317,-0.5823580026626587,0.0,0.0,0.0,0.0,0.0,0.0,0.0
56467177239,0,-0.2887612283229828,-0.0870608314871788,-0.2181144505739212,-0.2887612283229828,-0.0870608314871788,-0.918114423751831,0.04817718639969826,0.20847250521183014,0.03921545296907425,0.0,0.0,0.0,0.0009033118258230388,-0.022119196131825447,2.418933868408203,0.0,0.0,2.418933868408203,0.3661617934703827,-0.4172450304031372,-0.7733433246612549,-0.006927473470568657,0.1758544147014618,0.008616223931312561,0.0,0.0,0.0,-2.1841180324554443,10.621158599853516,0.20804309844970703,10.385190963745117,1.8303738832473755,-10.0,-10.0,8.260254859924316,2.0,2.0,25.960187911987305,0.29744139313697815,0.28977540135383606,0.30357420444488525,0.2943750023841858,0.0,0.30469265580177307,0.30469265580177307,0.30469265580177307,0.30469265580177307,0.0,-1.0381393432617188,-0.26943686604499817,-9.157137870788574,0.0,0.0,0.0,0.0,0.0,0.0,0.0,0.0,0.0,0.0,0.0,0.0,0.0,0.0,0.0,0.30469274520874023,0.30469274520874023,0.304692804813385,0.30469274520874023,0.20467372238636017,0.04114978387951851,0.04114978387951851,0.5328382849693298,-1.198127269744873,-2.199303150177002,-0.6116759777069092,0.0,0.0,0.0,0.0,0.0,0.0,0.0
56477513351,0,-0.28799664974212646,-0.08345887064933777,-0.21672114729881287,-0.28799664974212646,-0.08345887064933777,-0.9167211055755615,0.06119253486394882,0.19763414561748505,0.049221884459257126,0.0,0.0,0.0,0.004361727740615606,-0.03269325569272041,2.404636859893799,0.0,0.0,2.404636859893799,0.36087799072265625,-0.42227670550346375,-0.7742330431938171,-0.006927473470568657,0.1758544147014618,0.008616223931312561,0.0,0.0,0.0,-2.1841180324554443,10.621158599853516,0.20804309844970703,10.385190963745117,1.8306764364242554,-10.0,-10.0,8.195253372192383,2.0,2.0,26.10126304626465,0.29744139313697815,0.28977540135383606,0.30357420444488525,0.29590821266174316,0.0,0.30469265580177307,0.30469265580177307,0.30469265580177307,0.30469265580177307,0.0,-1.0381393432617188,-0.26943686604499817,-9.157137870788574,0.0,0.0,0.0,0.0,0.0,0.0,0.0,0.0,0.0,0.0,0.0,0.0,0.0,0.0,0.0,0.30469274520874023,0.30469274520874023,0.304692804813385,0.30469274520874023,0.20489941537380219,0.04114978387951851,0.04114978387951851,0.5385496616363525,-1.4061335325241089,-2.302776575088501,-0.6097232103347778,0.0,0.0,0.0,0.0,0.0,0.0,0.0
56487447104,0,-0.28799664974212646,-0.08345887064933777,-0.21672114729881287,-0.28799664974212646,-0.08345887064933777,-0.9167211055755615,0.06119253486394882,0.19763414561748505,0.049221884459257126,0.0,0.0,0.0,0.004361727740615606,-0.03269325569272041,2.404636859893799,0.0,0.0,2.404636859893799,0.1524752676486969,-0.6042920351028442,-0.770351767539978,-0.03429514542222023,0.25994935631752014,0.00846373476088047,0.0,0.0,0.0,-1.9583567380905151,10.9691162109375,0.1948528289794922,10.38734245300293,1.8306764364242554,-10.0,-10.0,9.452596664428711,2.0,2.0,25.943878173828125,0.29744139313697815,0.28977540135383606,0.30357420444488525,0.29590821266174316,0.0,0.30469265580177307,0.30469265580177307,0.30469265580177307,0.30469265580177307,0.0,-1.2940791845321655,-0.08962969481945038,-9.361810684204102,0.0,0.0,0.0,0.0,0.0,0.0,0.0,0.0,0.0,0.0,0.0,0.0,0.0,0.0,0.0,0.30469274520874023,0.30469274520874023,0.304692804813385,0.30469274520874023,0.21613286435604095,0.04114978387951851,0.04114978387951851,0.5379614233970642,-6.378952503204346,-5.6295294761657715,0.1800190508365631,0.0,0.0,0.0,0.0,0.0,0.0,0.0
56498570280,0,-0.28799664974212646,-0.08345887064933777,-0.21672114729881287,-0.28799664974212646,-0.08345887064933777,-0.9167211055755615,0.06119253486394882,0.19763414561748505,0.049221884459257126,0.0,0.0,0.0,0.004361727740615606,-0.03269325569272041,2.404636859893799,0.0,0.0,2.404636859893799,0.1524752676486969,-0.6042920351028442,-0.770351767539978,-0.04037292301654816,0.3085288405418396,0.008308742195367813,0.0,0.0,0.0,-1.9583567380905151,10.9691162109375,0.1948528289794922,10.38734245300293,1.8306764364242554,-10.0,-10.0,9.452596664428711,2.0,2.0,25.943878173828125,0.29744139313697815,0.28977540135383606,0.30357420444488525,0.29590821266174316,0.0,0.30469265580177307,0.30469265580177307,0.30469265580177307,0.30469265580177307,0.0,-1.4063550233840942,0.022498957812786102,-9.293211936950684,0.0,0.0,0.0,0.0,0.0,0.0,0.0,0.0,0.0,0.0,0.0,0.0,0.0,0.0,0.0,0.30469274520874023,0.30469274520874023,0.304692804813385,0.30469274520874023,0.21613286435604095,0.04114978387951851,0.04114978387951851,0.5379614233970642,-6.378952503204346,-5.6295294761657715,0.1800190508365631,0.0,0.0,0.0,0.0,0.0,0.0,0.0
56507399917,0,-0.2865035831928253,-0.08007742464542389,-0.21511365473270416,-0.2865035831928253,-0.08007742464542389,-0.915113627910614,0.07515104115009308,0.18271884322166443,0.059623513370752335,0.0,0.0,0.0,0.0055835614912211895,-0.04509790241718292,2.3905436992645264,0.0,0.0,2.3905436992645264,0.08752358704805374,-0.6550328135490417,-0.7659951448440552,-0.04037292301654816,0.3085288405418396,0.008308742195367813,0.0,0.0,0.0,-1.9583567380905151,10.9691162109375,0.1948528289794922,10.38734245300293,1.82607901096344,-10.0,-10.0,9.854564666748047,2.0,2.0,25.859756469726562,0.29744139313697815,0.28977540135383606,0.30357420444488525,0.29590821266174316,0.0,0.30469265580177307,0.30469265580177307,0.30469265580177307,0.30469265580177307,0.0,-1.4063550233840942,0.022498957812786102,-9.293211936950684,0.0,0.0,0.0,0.0,0.0,0.0,0.0,0.0,0.0,0.0,0.0,0.0,0.0,0.0,0.0,0.30469274520874023,0.30469274520874023,0.304692804813385,0.30469274520874023,0.23504166305065155,0.04114978387951851,0.04114978387951851,0.5340998768806458,-6.723227024078369,-5.609385013580322,0.3096853792667389,0.0,0.0,0.0,0.0,0.0,0.0,0.0
56518219968,0,-0.2865035831928253,-0.08007742464542389,-0.21511365473270416,-0.2865035831928253,-0.08007742464542389,-0.915113627910614,0.07515104115009308,0.18271884322166443,0.059623513370752335,0.0,0.0,0.0,0.0055835614912211895,-0.04509790241718292,2.3905436992645264,0.0,0.0,2.3905436992645264,0.02331221103668213,-0.6983830332756042,-0.7602755427360535,-0.04515097290277481,0.4353509843349457,0.003968667238950729,0.0,0.0,0.0,-1.829275369644165,11.156373023986816,0.1833057403564453,10.388775825500488,1.82607901096344,-10.0,-10.0,10.2583589553833,2.0,2.0,25.743425369262695,0.29590821266174316,0.28977540135383606,0.30357420444488525,0.29590821266174316,0.0,0.30469265580177307,0.30469265580177307,0.30469265580177307,0.30469265580177307,0.0,-1.5061109066009521,0.07075481861829758,-9.202337265014648,0.0,0.0,0.0,0.0,0.0,0.0,0.0,0.0,0.0,0.0,0.0,0.0,0.0,0.0,0.0,0.30469274520874023,0.30469274520874023,0.304692804813385,0.30469274520874023,0.2435980588197708,0.04114978387951851,0.04114978387951851,0.5341436862945557,-6.398499488830566,-4.850915431976318,0.429654598236084,0.0,0.0,0.0,0.0,0.0,0.0,0.0
56527204084,0,-0.2834436297416687,-0.07547058165073395,-0.21232466399669647,-0.2834436297416687,-0.07547058165073395,-0.9123246669769287,0.09629474580287933,0.161664679646492,0.0724404826760292,0.0,0.0,0.0,0.005471677985042334,-0.0646476075053215,2.369880437850952,0.0,0.0,2.369880437850952,0.02331221103668213,-0.6983830332756042,-0.7602755427360535,-0.04515097290277481,0.4353509843349457,0.003968667238950729,0.0,0.0,0.0,-1.829275369644165,11.156373023986816,0.1833057403564453,10.388775825500488,1.82607901096344,-10.0,-10.0,10.2583589553833,2.0,2.0,25.743425369262695,0.29590821266174316,0.28977540135383606,0.30357420444488525,0.29590821266174316,0.0,0.30469265580177307,0.30469265580177307,0.30469265580177307,0.30469265580177307,0.0,-1.5061109066009521,0.07075481861829758,-9.202337265014648,0.0,0.0,0.0,0.0,0.0,0.0,0.0,0.0,0.0,0.0,0.0,0.0,0.0,0.0,0.0,0.30469274520874023,0.30469274520874023,0.304692804813385,0.30469274520874023,0.2435980588197708,0.04114978387951851,0.04114978387951851,0.5341436862945557,-6.398499488830566,-4.850915431976318,0.429654598236084,0.0,0.0,0.0,0.0,0.0,0.0,0.0
56537846777,0,-0.2834436297416687,-0.07547058165073395,-0.21232466399669647,-0.2821561098098755,-0.07404115796089172,-0.9113367199897766,0.09629474580287933,0.161664679646492,0.0724404826760292,0.0,0.0,0.0,0.005471677985042334,-0.0646476075053215,2.369880437850952,0.0,0.0,2.3632001876831055,-0.05535910278558731,-0.7405769228935242,-0.7391955256462097,-0.04515097290277481,0.4353509843349457,0.003968667238950729,0.0,0.0,0.0,-1.829275369644165,11.156373023986816,0.1833057403564453,10.388775825500488,1.8197780847549438,-10.0,-10.0,10.2583589553833,2.0,2.0,25.743425369262695,0.29744139313697815,0.28977540135383606,0.30357420444488525,0.29590821266174316,0.0,0.30469265580177307,0.30469265580177307,0.30469265580177307,0.30469265580177307,0.0,-1.5061109066009521,0.07075481861829758,-9.202337265014648,0.0,0.0,0.0,0.0,0.0,0.0,0.0,0.0,0.0,0.0,0.0,0.0,0.0,0.0,0.0,0.30469274520874023,0.30469274520874023,0.304692804813385,0.30469274520874023,0.26092207431793213,0.04114978387951851,0.04114978387951851,0.5266109108924866,-4.5584235191345215,-2.792116641998291,0.92247074842453,0.0,0.0,0.0,0.0,0.0,0.0,0.0
56547227669,0,-0.2807084023952484,-0.07264984399080276,-0.2103414386510849,-0.2807084023952484,-0.07264984399080276,-0.9103414416313171,0.1113271489739418,0.1520264446735382,0.07514980435371399,0.0,0.0,0.0,0.0049512023106217384,-0.07749950885772705,2.356455087661743,0.0,0.0,2.3564553260803223,-0.07446989417076111,-0.7407459020614624,-0.7298702001571655,-0.038466036319732666,0.6160205006599426,0.007857801392674446,0.0,0.0,0.0,-1.7451469898223877,11.347434997558594,0.1496744155883789,10.390914916992188,1.8197780847549438,-10.0,-10.0,11.576377868652344,2.0,2.0,25.03293228149414,0.29744139313697815,0.28977540135383606,0.30357420444488525,0.29590821266174316,0.0,0.30469265580177307,0.30469265580177307,0.30469265580177307,0.30469265580177307,0.0,-1.506705403327942,-0.10494125634431839,-9.616548538208008,0.0,0.0,0.0,0.0,0.0,0.0,0.0,0.0,0.0,0.0,0.0,0.0,0.0,0.0,0.0,0.30469274520874023,0.30469274520874023,0.304692804813385,0.30469274520874023,0.26092207431793213,0.04114978387951851,0.04114978387951851,0.5266109108924866,-3.4877004623413086,-1.5688737630844116,0.9657856225967407,0.0,0.0,0.0,0.0,0.0,0.0,0.0
56557337825,0,-0.2807084023952484,-0.07264984399080276,-0.2103414386510849,-0.2807084023952484,-0.07264984399080276,-0.9103414416313171,0.1113271489739418,0.1520264446735382,0.07514980435371399,0.0,0.0,0.0,0.0049512023106217384,-0.07749950885772705,2.356455087661743,0.0,0.0,2.3564553260803223,-0.07222842425107956,-0.6823621988296509,-0.712880551815033,-0.038466036319732666,0.6160205006599426,0.007857801392674446,0.0,0.0,0.0,-1.7677963972091675,11.367929458618164,0.13935470581054688,10.392484664916992,1.808150053024292,-10.0,-10.0,11.838521957397461,2.0,2.0,24.83388900756836,0.29590821266174316,0.28977540135383606,0.30357420444488525,0.29590821266174316,0.0,0.30469265580177307,0.30469265580177307,0.30469265580177307,0.30469265580177307,0.0,-1.506705403327942,-0.10494125634431839,-9.616548538208008,0.0,0.0,0.0,0.0,0.0,0.0,0.0,0.0,0.0,0.0,0.0,0.0,0.0,0.0,0.0,0.30469274520874023,0.30469274520874023,0.304692804813385,0.30469274520874023,0.27591797709465027,0.04114978387951851,0.04114978387951851,0.5173460841178894,-0.5962167382240295,1.9705159664154053,0.8502172231674194,0.0,0.0,0.0,0.0,0.0,0.0,0.0
56567153173,0,-0.2776066064834595,-0.06995841860771179,-0.20837761461734772,-0.2776066064834595,-0.06995841860771179,-0.9083775877952576,0.12594673037528992,0.14551015198230743,0.06811609864234924,0.0,0.0,0.0,0.005099529400467873,-0.08873584121465683,2.3433120250701904,0.0,0.0,2.3433120250701904,-0.07222842425107956,-0.6823621988296509,-0.712880551815033,-0.039530251175165176,0.7052721977233887,0.007575241848826408,0.0,0.0,0.0,-1.7677963972091675,11.367929458618164,0.13935470581054688,10.392484664916992,1.808150053024292,-10.0,-10.0,11.838521957397461,2.0,2.0,24.83388900756836,0.29590821266174316,0.28977540135383606,0.30357420444488525,0.29590821266174316,0.0,0.30469265580177307,0.30469265580177307,0.30469265580177307,0.30469265580177307,0.0,-1.572135329246521,-0.2094177007675171,-10.334535598754883,0.0,0.0,0.0,0.0,0.0,0.0,0.0,0.0,0.0,0.0,0.0,0.0,0.0,0.0,0.0,0.30469274520874023,0.30469274520874023,0.304692804813385,0.30469274520874023,0.27591797709465027,0.04114978387951851,0.04114978387951851,0.5173460841178894,-0.5962167382240295,1.9705159664154053,0.8502172231674194,0.0,0.0,0.0,0.0,0.0,0.0,0.0
56577394520,0,-0.2776066064834595,-0.06995841860771179,-0.20837761461734772,-0.2776066064834595,-0.06995841860771179,-0.9083775877952576,0.12594673037528992,0.14551015198230743,0.06811609864234924,0.0,0.0,0.0,0.005099529400467873,-0.08873584121465683,2.3433120250701904,0.0,0.0,2.3433120250701904,-0.03939950838685036,-0.6166732311248779,-0.7034330368041992,-0.039530251175165176,0.7052721977233887,0.007575241848826408,0.0,0.0,0.0,-1.821300745010376,11.317188262939453,0.13109588623046875,10.393254280090332,1.804370403289795,-10.0,-10.0,11.894316673278809,2.0,2.0,24.624265670776367,0.29590821266174316,0.28977540135383606,0.30357420444488525,0.29590821266174316,0.0,0.30469265580177307,0.30469265580177307,0.30469265580177307,0.30469265580177307,0.0,-1.572135329246521,-0.2094177007675171,-10.334535598754883,0.0,0.0,0.0,0.0,0.0,0.0,0.0,0.0,0.0,0.0,0.0,0.0,0.0,0.0,0.0,0.30469274520874023,0.30469274520874023,0.304692804813385,0.30469274520874023,0.27969756722450256,0.04114978387951851,0.04114978387951851,0.5132399797439575,1.2572863101959229,4.082030773162842,0.8783419132232666,0.0,0.0,0.0,0.0,0.0,0.0,0.0
56587625799,0,-0.2758488655090332,-0.0686504989862442,-0.20745491981506348,-0.2758488655090332,-0.0686504989862442,-0.9074549078941345,0.1325390785932541,0.1428125500679016,0.06280844658613205,0.0,0.0,0.0,0.00581927876919508,-0.09327589720487595,2.3368570804595947,0.0,0.0,2.336857318878174,0.07095340639352798,-0.46752360463142395,-0.683952808380127,-0.045195575803518295,0.7413350939750671,0.007411736063659191,0.0,0.0,0.0,-1.821300745010376,11.317188262939453,0.13109588623046875,10.393254280090332,1.801632046699524,-10.0,-10.0,11.893044471740723,2.0,2.0,24.2587833404541,0.29744139313697815,0.28977540135383606,0.30357420444488525,0.29590821266174316,0.0,0.30469265580177307,0.30469265580177307,0.30469265580177307,0.30469265580177307,0.0,-1.5237518548965454,-0.1580623984336853,-10.38213062286377,0.0,0.0,0.0,0.0,0.0,0.0,0.0,0.0,0.0,0.0,0.0,0.0,0.0,0.0,0.0,0.30469274520874023,0.30469274520874023,0.304692804813385,0.30469274520874023,0.28037402033805847,0.04114978387951851,0.04114978387951851,0.5101093053817749,4.5089640617370605,6.653257846832275,0.9726709127426147,0.0,0.0,0.0,0.0,0.0,0.0,0.0
56609761659,0,-0.27189335227012634,-0.06604595482349396,-0.20578590035438538,-0.27189335227012634,-0.06604595482349396,-0.9057859182357788,0.1457136869430542,0.13928979635238647,0.04934646561741829,0.0,0.0,0.0,0.009139916859567165,-0.10056902468204498,2.3241686820983887,0.0,0.0,2.3241686820983887,0.07095340639352798,-0.46752360463142395,-0.683952808380127,-0.0714435949921608,0.7992808818817139,0.007069611921906471,0.0,0.0,0.0,-1.9861983060836792,11.200271606445312,0.11388874053955078,10.394651412963867,1.801632046699524,-10.0,-10.0,11.893044471740723,2.0,2.0,24.2587833404541,0.29590821266174316,0.28977540135383606,0.30357420444488525,0.29590821266174316,0.0,0.30469265580177307,0.30469265580177307,0.30469265580177307,0.30469265580177307,0.0,-1.479369044303894,-0.27682214975357056,-10.484807968139648,0.0,0.0,0.0,0.0,0.0,0.0,0.0,0.0,0.0,0.0,0.0,0.0,0.0,0.0,0.0,0.30469274520874023,0.30469274520874023,0.304692804813385,0.30469274520874023,0.28037402033805847,0.04114978387951851,0.04114978387951851,0.5101093053817749,4.5089640617370605,6.653257846832275,0.9726709127426147,0.0,0.0,0.0,0.0,0.0,0.0,0.0
56609802877,0,-0.27189335227012634,-0.06604595482349396,-0.20578590035438538,-0.27189335227012634,-0.06604595482349396,-0.9057859182357788,0.1457136869430542,0.13928979635238647,0.04934646561741829,0.0,0.0,0.0,0.009139916859567165,-0.10056902468204498,2.3241686820983887,0.0,0.0,2.3241686820983887,0.1868365854024887,-0.3244200646877289,-0.6548973917961121,-0.0714435949921608,0.7992808818817139,0.007069611921906471,0.0,0.0,0.0,-1.9861983060836792,11.200271606445312,0.11388874053955078,10.394651412963867,1.7982280254364014,-10.0,-10.0,11.893044471740723,2.0,2.0,24.2587833404541,0.29744139313697815,0.28977540135383606,0.30357420444488525,0.29590821266174316,0.0,0.30469265580177307,0.30469265580177307,0.30469265580177307,0.30469265580177307,0.0,-1.479369044303894,-0.27682214975357056,-10.484807968139648,0.0,0.0,0.0,0.0,0.0,0.0,0.0,0.0,0.0,0.0,0.0,0.0,0.0,0.0,0.0,0.30469274520874023,0.30469274520874023,0.304692804813385,0.30469274520874023,0.2817206382751465,0.04114978387951851,0.04114978387951851,0.4995966851711273,5.343952655792236,7.020773410797119,1.410664439201355,0.0,0.0,0.0,0.0,0.0,0.0,0.0
56617403065,0,-0.2673383951187134,-0.063447967171669,-0.20432054996490479,-0.2673383951187134,-0.063447967171669,-0.9043205380439758,0.15726186335086823,0.1366361528635025,0.04314953088760376,0.0,0.0,0.0,0.014310500584542751,-0.10547933727502823,2.3119795322418213,0.0,0.0,2.3119797706604004,0.1868365854024887,-0.3244200646877289,-0.6548973917961121,-0.12376350909471512,0.8459953665733337,0.0025284660514444113,0.0,0.0,0.0,-2.151216506958008,11.092525482177734,0.08582687377929688,10.395984649658203,1.799211859703064,-10.0,-10.0,12.195173263549805,2.0,2.0,23.624160766601562,0.29744139313697815,0.28977540135383606,0.30357420444488525,0.29590821266174316,0.0,0.30469265580177307,0.30469265580177307,0.30469265580177307,0.30469265580177307,0.0,-1.3977231979370117,-0.192812979221344,-9.810783386230469,0.0,0.0,0.0,0.0,0.0,0.0,0.0,0.0,0.0,0.0,0.0,0.0,0.0,0.0,0.0,0.30469274520874023,0.30469274520874023,0.304692804813385,0.30469274520874023,0.28989025950431824,0.04114978387951851,0.04114978387951851,0.48966723680496216,5.343952655792236,7.020773410797119,1.410664439201355,0.0,0.0,0.0,0.0,0.0,0.0,0.0
56627264131,0,-0.26207923889160156,-0.06113842502236366,-0.20291376113891602,-0.26207923889160156,-0.06113842502236366,-0.9029137492179871,0.1669161170721054,0.13277879357337952,0.04629683122038841,0.0,0.0,0.0,0.019758615642786026,-0.10893329232931137,2.3009378910064697,0.0,0.0,2.3009378910064697,0.22435031831264496,-0.2630304992198944,-0.6288987994194031,-0.15564565360546112,0.8657668232917786,0.0050780922174453735,0.0,0.0,0.0,-2.2139337062835693,11.058365821838379,0.05714225769042969,10.396658897399902,1.799211859703064,-10.0,-10.0,12.797416687011719,2.0,2.0,22.922513961791992,0.29590821266174316,0.28977540135383606,0.30357420444488525,0.29590821266174316,0.0,0.30469265580177307,0.30469265580177307,0.30469265580177307,0.30469265580177307,0.0,-1.3977231979370117,-0.192812979221344,-9.810783386230469,0.0,0.0,0.0,0.0,0.0,0.0,0.0,0.0,0.0,0.0,0.0,0.0,0.0,0.0,0.0,0.30469274520874023,0.30469274520874023,0.304692804813385,0.30469274520874023,0.28989025950431824,0.04114978387951851,0.04114978387951851,0.48966723680496216,4.4478068351745605,6.412413120269775,1.9402464628219604,0.0,0.0,0.0,0.0,0.0,0.0,0.0
56637208079,0,-0.26207923889160156,-0.06113842502236366,-0.20291376113891602,-0.26207923889160156,-0.06113842502236366,-0.9029137492179871,0.1669161170721054,0.13277879357337952,0.04629683122038841,0.0,0.0,0.0,0.019758615642786026,-0.10893329232931137,2.3009378910064697,0.0,0.0,2.3009378910064697,0.24469640851020813,-0.19514714181423187,-0.5593892335891724,-0.15564565360546112,0.8657668232917786,0.0050780922174453735,0.0,0.0,0.0,-2.2139337062835693,11.058365821838379,0.05714225769042969,10.396658897399902,1.8030309677124023,-10.0,-10.0,12.797416687011719,2.0,2.0,22.922513961791992,0.29744139313697815,0.28977540135383606,0.30357420444488525,0.29590821266174316,0.0,0.30469265580177307,0.30469265580177307,0.30469265580177307,0.30469265580177307,0.0,-1.274438500404358,-0.11842355132102966,-9.534479141235352,0.0,0.0,0.0,0.0,0.0,0.0,0.0,0.0,0.0,0.0,0.0,0.0,0.0,0.0,0.0,0.30469274520874023,0.30469274520874023,0.304692804813385,0.30469274520874023,0.3167223334312439,0.04114978387951851,0.04114978387951851,0.463342547416687,1.687355875968933,3.8646345138549805,2.9810233116149902,0.0,0.0,0.0,0.0,0.0,0.0,0.0
56647548087,0,-0.26207923889160156,-0.06113842502236366,-0.20291376113891602,-0.25639405846595764,-0.059167053550481796,-0.901400625705719,0.1669161170721054,0.13277879357337952,0.04629683122038841,0.0,0.0,0.0,0.019758615642786026,-0.10893329232931137,2.3009378910064697,0.0,0.0,2.29164457321167,0.24469640851020813,-0.19514714181423187,-0.5593892335891724,-0.15564565360546112,0.8657668232917786,0.0050780922174453735,0.0,0.0,0.0,-2.2617878913879395,11.046210289001465,-0.0053539276123046875,10.397867202758789,1.8030309677124023,-10.0,-10.0,14.337112426757812,2.0,2.0,21.34844398498535,0.29744139313697815,0.28977540135383606,0.30357420444488525,0.29590821266174316,0.0,0.30469265580177307,0.30469265580177307,0.30469265580177307,0.30469265580177307,0.0,-1.274438500404358,-0.11842355132102966,-9.534479141235352,0.0,0.0,0.0,0.0,0.0,0.0,0.0,0.0,0.0,0.0,0.0,0.0,0.0,0.0,0.0,0.30469274520874023,0.30469274520874023,0.304692804813385,0.30469274520874023,0.3167223334312439,0.04114978387951851,0.04114978387951851,0.463342547416687,1.687355875968933,3.8646345138549805,2.9810233116149902,0.0,0.0,0.0,0.0,0.0,0.0,0.0
56657726723,0,-0.25639405846595764,-0.059167053550481796,-0.20140065252780914,-0.25639405846595764,-0.059167053550481796,-0.901400625705719,0.17480038106441498,0.1262483298778534,0.05433240160346031,0.0,0.0,0.0,0.024803923442959785,-0.1119476705789566,2.291644334793091,0.0,0.0,2.29164457321167,0.22971786558628082,-0.16787976026535034,-0.48854967951774597,-0.19570861756801605,0.8897098302841187,0.0037082117050886154,0.0,0.0,0.0,-2.2617878913879395,11.046210289001465,-0.0053539276123046875,10.397867202758789,1.8086185455322266,-10.0,-10.0,15.895759582519531,2.0,2.0,19.820682525634766,0.29744139313697815,0.28977540135383606,0.30357420444488525,0.29590821266174316,0.0,0.30469265580177307,0.30469265580177307,0.30469265580177307,0.30469265580177307,0.0,-1.3243786096572876,0.044757142663002014,-9.239554405212402,0.0,0.0,0.0,0.0,0.0,0.0,0.0,0.0,0.0,0.0,0.0,0.0,0.0,0.0,0.0,0.30469274520874023,0.30469274520874023,0.304692804813385,0.30469274520874023,0.34913355112075806,0.04114978387951851,0.04114978387951851,0.43333160877227783,-0.11932247877120972,2.038543939590454,3.4574031829833984,0.0,0.0,0.0,0.0,0.0,0.0,0.0
56667214124,0,-0.2503168284893036,-0.057596128433942795,-0.1997266560792923,-0.2503168284893036,-0.057596128433942795,-0.8997266292572021,0.18245598673820496,0.11722912639379501,0.06435390561819077,0.0,0.0,0.0,0.02948758378624916,-0.11448193341493607,2.2840514183044434,0.0,0.0,2.2840516567230225,0.22971786558628082,-0.16787976026535034,-0.48854967951774597,-0.23291237652301788,0.9098246097564697,0.002324999775737524,0.0,0.0,0.0,-2.271362781524658,11.057318687438965,-0.06511592864990234,10.398697853088379,1.8086185455322266,-10.0,-10.0,15.895759582519531,2.0,2.0,19.820682525634766,0.29744139313697815,0.28977540135383606,0.30357420444488525,0.29590821266174316,0.0,0.30469265580177307,0.30469265580177307,0.30469265580177307,0.30469265580177307,0.0,-1.4440592527389526,0.0035226347390562296,-9.2202730178833,0.0,0.0,0.0,0.0,0.0,0.0,0.0,0.0,0.0,0.0,0.0,0.0,0.0,0.0,0.0,0.30469274520874023,0.30469274520874023,0.304692804813385,0.30469274520874023,0.34913355112075806,0.04114978387951851,0.04114978387951851,0.43333160877227783,-0.11932247877120972,2.038543939590454,3.4574031829833984,0.0,0.0,0.0,0.0,0.0,0.0,0.0
56679438350,0,-0.24704110622406006,-0.05714187026023865,-0.19883698225021362,-0.24704110622406006,-0.05714187026023865,-0.8988369703292847,0.18699954450130463,0.1125408262014389,0.06823616474866867,0.0,0.0,0.0,0.03156716749072075,-0.11573931574821472,2.2809274196624756,0.0,0.0,2.2809274196624756,0.21416601538658142,-0.1628563404083252,-0.44948863983154297,-0.24944953620433807,0.9197940230369568,0.0015515715349465609,0.0,0.0,0.0,-2.2688608169555664,11.069902420043945,-0.0963888168334961,10.398943901062012,1.8086185455322266,-10.0,-10.0,16.744495391845703,2.0,2.0,19.01888656616211,0.29744139313697815,0.28977540135383606,0.30357420444488525,0.29590821266174316,0.0,0.30469265580177307,0.30469265580177307,0.30469265580177307,0.30469265580177307,0.0,-1.4479941129684448,-0.09719792008399963,-9.328579902648926,0.0,0.0,0.0,0.0,0.0,0.0,0.0,0.0,0.0,0.0,0.0,0.0,0.0,0.0,0.0,0.30469274520874023,0.30469274520874023,0.304692804813385,0.30469274520874023,0.34913355112075806,0.04114978387951851,0.04114978387951851,0.43333160877227783,-0.7812491059303284,1.2747688293457031,3.5725207328796387,0.0,0.0,0.0,0.0,0.0,0.0,0.0
56687625344,0,-0.24704110622406006,-0.05714187026023865,-0.19883698225021362,-0.24704110622406006,-0.05714187026023865,-0.8988369703292847,0.18699954450130463,0.1125408262014389,0.06823616474866867,0.0,0.0,0.0,0.03156716749072075,-0.11573931574821472,2.2809274196624756,0.0,0.0,2.2809274196624756,0.19922193884849548,-0.15983211994171143,-0.4194115102291107,-0.24944953620433807,0.9197940230369568,0.0015515715349465609,0.0,0.0,0.0,-2.2688608169555664,11.069902420043945,-0.0963888168334961,10.398943901062012,1.8176511526107788,-10.0,-10.0,17.34456443786621,2.0,2.0,18.453845977783203,0.29744139313697815,0.28977540135383606,0.30357420444488525,0.29590821266174316,0.0,0.30469265580177307,0.30469265580177307,0.30469265580177307,0.30469265580177307,0.0,-1.4479941129684448,-0.09719792008399963,-9.328579902648926,0.0,0.0,0.0,0.0,0.0,0.0,0.0,0.0,0.0,0.0,0.0,0.0,0.0,0.0,0.0,0.30469274520874023,0.30469274520874023,0.304692804813385,0.30469274520874023,0.38838934898376465,0.04114978387951851,0.04114978387951851,0.3972027599811554,-1.1601625680923462,0.8720918893814087,3.46465802192688,0.0,0.0,0.0,0.0,0.0,0.0,0.0
56697273033,0,-0.24025721848011017,-0.056508131325244904,-0.19699989259243011,-0.24025721848011017,-0.056508131325244904,-0.8969998955726624,0.19718220829963684,0.10231418907642365,0.07197048515081406,0.0,0.0,0.0,0.03521594777703285,-0.11810380220413208,2.2761282920837402,0.0,0.0,2.2761282920837402,0.17869263887405396,-0.15546958148479462,-0.38890624046325684,-0.28475508093833923,0.9426747560501099,-0.0014649314107373357,0.0,0.0,0.0,-2.260667085647583,11.087480545043945,-0.13894271850585938,10.399005889892578,1.8176511526107788,-10.0,-10.0,17.89827537536621,2.0,2.0,17.921445846557617,0.29744139313697815,0.28977540135383606,0.30357420444488525,0.29590821266174316,0.0,0.30469265580177307,0.30469265580177307,0.30469265580177307,0.30469265580177307,0.0,-1.5524522066116333,-0.22579683363437653,-9.732832908630371,0.0,0.0,0.0,0.0,0.0,0.0,0.0,0.0,0.0,0.0,0.0,0.0,0.0,0.0,0.0,0.30469274520874023,0.30469274520874023,0.304692804813385,0.30469274520874023,0.38838934898376465,0.04114978387951851,0.04114978387951851,0.3972027599811554,-1.5513635873794556,0.6526183485984802,3.1804134845733643,0.0,0.0,0.0,0.0,0.0,0.0,0.0
56707019267,0,-0.2366696447134018,-0.056472521275281906,-0.19609341025352478,-0.2366696447134018,-0.056472521275281906,-0.8960933685302734,0.20291709899902344,0.0980791226029396,0.07114318013191223,0.0,0.0,0.0,0.03670068085193634,-0.11918871849775314,2.274322748184204,0.0,0.0,2.274322748184204,0.17869263887405396,-0.15546958148479462,-0.38890624046325684,-0.29571598768234253,0.9510527849197388,-0.0018548771040514112,0.0,0.0,0.0,-2.2532095909118652,11.090076446533203,-0.15457630157470703,10.398871421813965,1.8236321210861206,-10.0,-10.0,18.322917938232422,2.0,2.0,17.504722595214844,0.29744139313697815,0.28977540135383606,0.30357420444488525,0.29590821266174316,0.0,0.30469265580177307,0.30469265580177307,0.30469265580177307,0.30469265580177307,0.0,-1.5243678092956543,-0.3019316792488098,-9.826348304748535,0.0,0.0,0.0,0.0,0.0,0.0,0.0,0.0,0.0,0.0,0.0,0.0,0.0,0.0,0.0,0.30469274520874023,0.30469274520874023,0.304692804813385,0.30469274520874023,0.4054516851902008,0.04114978387951851,0.04114978387951851,0.38010331988334656,-1.5513635873794556,0.6526183485984802,3.1804134845733643,0.0,0.0,0.0,0.0,0.0,0.0,0.0
56718700836,0,-0.2366696447134018,-0.056472521275281906,-0.19609341025352478,-0.22925998270511627,-0.056601013988256454,-0.8943541646003723,0.20291709899902344,0.0980791226029396,0.07114318013191223,0.0,0.0,0.0,0.03670068085193634,-0.11918871849775314,2.274322748184204,0.0,0.0,2.2718911170959473,0.13749612867832184,-0.13644129037857056,-0.33915117383003235,-0.29571598768234253,0.9510527849197388,-0.0018548771040514112,0.0,0.0,0.0,-2.2532095909118652,11.090076446533203,-0.15457630157470703,10.398871421813965,1.8236321210861206,-10.0,-10.0,18.322917938232422,2.0,2.0,17.504722595214844,0.29744139313697815,0.28977540135383606,0.30357420444488525,0.29590821266174316,0.0,0.30469265580177307,0.30469265580177307,0.30469265580177307,0.30469265580177307,0.0,-1.5243678092956543,-0.3019316792488098,-9.826348304748535,0.0,0.0,0.0,0.0,0.0,0.0,0.0,0.0,0.0,0.0,0.0,0.0,0.0,0.0,0.0,0.30469274520874023,0.30469274520874023,0.304692804813385,0.30469274520874023,0.4054516851902008,0.04114978387951851,0.04114978387951851,0.38010331988334656,-1.930584192276001,0.9640827775001526,2.7146129608154297,0.0,0.0,0.0,0.0,0.0,0.0,0.0
56727503102,0,-0.22537490725517273,-0.05689973756670952,-0.19355888664722443,-0.22537490725517273,-0.05689973756670952,-0.8935588598251343,0.22299106419086456,0.08591404557228088,0.06094421073794365,0.0,0.0,0.0,0.040234602987766266,-0.12133557349443436,2.2711873054504395,0.0,0.0,2.2711873054504395,0.11724512279033661,-0.11644814908504486,-0.3149552047252655,-0.3184129297733307,0.9641108512878418,-0.0020843714009970427,0.0,0.0,0.0,-2.2446327209472656,11.066280364990234,-0.18843460083007812,10.398062705993652,1.8236321210861206,-10.0,-10.0,19.183475494384766,2.0,2.0,16.56739616394043,0.29590821266174316,0.28977540135383606,0.30357420444488525,0.29590821266174316,0.0,0.30469265580177307,0.30469265580177307,0.30469265580177307,0.30469265580177307,0.0,-1.635546088218689,-0.42854464054107666,-10.130474090576172,0.0,0.0,0.0,0.0,0.0,0.0,0.0,0.0,0.0,0.0,0.0,0.0,0.0,0.0,0.0,0.30469274520874023,0.30469274520874023,0.304692804813385,0.30469274520874023,0.4054516851902008,0.04114978387951851,0.04114978387951851,0.38010331988334656,-1.9204375743865967,1.427901268005371,2.502504587173462,0.0,0.0,0.0,0.0,0.0,0.0,0.0
56738178219,0,-0.22537490725517273,-0.05689973756670952,-0.19355888664722443,-0.22537490725517273,-0.05689973756670952,-0.8935588598251343,0.22299106419086456,0.08591404557228088,0.06094421073794365,0.0,0.0,0.0,0.040234602987766266,-0.12133557349443436,2.2711873054504395,0.0,0.0,2.2711873054504395,0.08436977118253708,-0.08020659536123276,-0.27425500750541687,-0.3184129297733307,0.9641108512878418,-0.0020843714009970427,0.0,0.0,0.0,-2.2323007583618164,11.033649444580078,-0.21520042419433594,10.396686553955078,1.8327405452728271,-10.0,-10.0,19.850269317626953,2.0,2.0,15.79504680633545,0.29744139313697815,0.28977540135383606,0.30357420444488525,0.29590821266174316,0.0,0.30469265580177307,0.30469265580177307,0.30469265580177307,0.30469265580177307,0.0,-1.635546088218689,-0.42854464054107666,-10.130474090576172,0.0,0.0,0.0,0.0,0.0,0.0,0.0,0.0,0.0,0.0,0.0,0.0,0.0,0.0,0.0,0.30469274520874023,0.30469274520874023,0.304692804813385,0.30469274520874023,0.4252937138080597,0.04114978387951851,0.04114978387951851,0.35662898421287537,-1.7710639238357544,1.67533278465271,2.2011125087738037,0.0,0.0,0.0,0.0,0.0,0.0,0.0
56748049223,0,-0.2173711508512497,-0.05763506144285202,-0.19202664494514465,-0.2173711508512497,-0.05763506144285202,-0.8920266628265381,0.236915722489357,0.07668297737836838,0.0577513724565506,0.0,0.0,0.0,0.04187776520848274,-0.12210667878389359,2.2707741260528564,0.0,0.0,2.2707741260528564,0.08436977118253708,-0.08020659536123276,-0.27425500750541687,-0.33151599764823914,0.9701963663101196,-0.0029247156344354153,0.0,0.0,0.0,-2.2323007583618164,11.033649444580078,-0.21520042419433594,10.396686553955078,1.8359285593032837,-10.0,-10.0,19.850269317626953,2.0,2.0,15.79504680633545,0.29744139313697815,0.28977540135383606,0.30357420444488525,0.29590821266174316,0.0,0.30469265580177307,0.30469265580177307,0.30469265580177307,0.30469265580177307,0.0,-1.6498255729675293,-0.4447490870952606,-9.850067138671875,0.0,0.0,0.0,0.0,0.0,0.0,0.0,0.0,0.0,0.0,0.0,0.0,0.0,0.0,0.0,0.30469274520874023,0.30469274520874023,0.304692804813385,0.30469274520874023,0.4252937138080597,0.04114978387951851,0.04114978387951851,0.35662898421287537,-1.7710639238357544,1.67533278465271,2.2011125087738037,0.0,0.0,0.0,0.0,0.0,0.0,0.0
56757605548,0,-0.21320100128650665,-0.058086227625608444,-0.19127266108989716,-0.21320100128650665,-0.058086227625608444,-0.8912726640701294,0.2429964244365692,0.07309553027153015,0.05871330946683884,0.0,0.0,0.0,0.04235245659947395,-0.12250763922929764,2.2708911895751953,0.0,0.0,2.2708911895751953,0.06499767303466797,-0.07006439566612244,-0.25548386573791504,-0.33531004190444946,0.9733635187149048,-0.0032507646828889847,0.0,0.0,0.0,-2.217677116394043,11.029129981994629,-0.22820663452148438,10.395844459533691,1.8359285593032837,-10.0,-10.0,20.20600700378418,2.0,2.0,15.423742294311523,0.29744139313697815,0.28977540135383606,0.30357420444488525,0.29590821266174316,0.0,0.30469265580177307,0.30469265580177307,0.30469265580177307,0.30469265580177307,0.0,-1.4936740398406982,-0.4421134293079376,-9.587896347045898,0.0,0.0,0.0,0.0,0.0,0.0,0.0,0.0,0.0,0.0,0.0,0.0,0.0,0.0,0.0,0.30469274520874023,0.30469274520874023,0.304692804813385,0.30469274520874023,0.4323621690273285,0.04114978387951851,0.04114978387951851,0.34883368015289307,-1.9456909894943237,1.429797649383545,2.153726100921631,0.0,0.0,0.0,0.0,0.0,0.0,0.0
56767415757,0,-0.21320100128650665,-0.058086227625608444,-0.19127266108989716,-0.21320100128650665,-0.058086227625608444,-0.8912726640701294,0.2429964244365692,0.07309553027153015,0.05871330946683884,0.0,0.0,0.0,0.04235245659947395,-0.12250763922929764,2.2708911895751953,0.0,0.0,2.2708911895751953,-0.0007272675284184515,-0.05441397801041603,-0.20814701914787292,-0.33531004190444946,0.9733635187149048,-0.0032507646828889847,0.0,0.0,0.0,-2.1468489170074463,11.023433685302734,-0.2624216079711914,10.393381118774414,1.841479778289795,-10.0,-10.0,21.202468872070312,2.0,2.0,14.40357494354248,0.29744139313697815,0.28977540135383606,0.30357420444488525,0.2943750023841858,0.0,0.30469265580177307,0.30469265580177307,0.30469265580177307,0.30469265580177307,0.0,-1.4936740398406982,-0.4421134293079376,-9.587896347045898,0.0,0.0,0.0,0.0,0.0,0.0,0.0,0.0,0.0,0.0,0.0,0.0,0.0,0.0,0.0,0.30469274520874023,0.30469274520874023,0.304692804813385,0.30469274520874023,0.44886377453804016,0.04114978387951851,0.04114978387951851,0.33118554949760437,-2.890929937362671,0.926512598991394,2.235713005065918,0.0,0.0,0.0,0.0,0.0,0.0,0.0
56777061743,0,-0.2046356499195099,-0.05907652899622917,-0.18973171710968018,-0.2046356499195099,-0.05907652899622917,-0.8897317051887512,0.25463199615478516,0.06390316039323807,0.06392088532447815,0.0,0.0,0.0,0.042159613221883774,-0.1231311708688736,2.271768808364868,0.0,0.0,2.271768808364868,-0.0007272675284184515,-0.05441397801041603,-0.20814701914787292,-0.33384695649147034,0.9782848954200745,-0.003725293558090925,0.0,0.0,0.0,-2.1468489170074463,11.023433685302734,-0.2624216079711914,10.393381118774414,1.8440629243850708,-10.0,-10.0,21.202468872070312,2.0,2.0,14.40357494354248,0.29744139313697815,0.28977540135383606,0.30357420444488525,0.29590821266174316,0.0,0.30469265580177307,0.30469265580177307,0.30469265580177307,0.30469265580177307,0.0,-1.4493046998977661,-0.3302580714225769,-9.315000534057617,0.0,0.0,0.0,0.0,0.0,0.0,0.0,0.0,0.0,0.0,0.0,0.0,0.0,0.0,0.0,0.30469274520874023,0.30469274520874023,0.304692804813385,0.30469274520874023,0.44886377453804016,0.04114978387951851,0.04114978387951851,0.33118554949760437,-2.890929937362671,0.926512598991394,2.235713005065918,0.0,0.0,0.0,0.0,0.0,0.0,0.0
56787405351,0,-0.2046356499195099,-0.05907652899622917,-0.18973171710968018,-0.2046356499195099,-0.05907652899622917,-0.8897317051887512,0.25463199615478516,0.06390316039323807,0.06392088532447815,0.0,0.0,0.0,0.042159613221883774,-0.1231311708688736,2.271768808364868,0.0,0.0,2.271768808364868,-0.0007272675284184515,-0.05441397801041603,-0.20814701914787292,-0.33384695649147034,0.9782848954200745,-0.003725293558090925,0.0,0.0,0.0,-2.1468489170074463,11.023433685302734,-0.2624216079711914,10.393381118774414,1.84603750705719,-10.0,-10.0,21.202468872070312,2.0,2.0,14.40357494354248,0.29744139313697815,0.28977540135383606,0.30357420444488525,0.29590821266174316,0.0,0.30469265580177307,0.30469265580177307,0.30469265580177307,0.30469265580177307,0.0,-1.4493046998977661,-0.3302580714225769,-9.315000534057617,0.0,0.0,0.0,0.0,0.0,0.0,0.0,0.0,0.0,0.0,0.0,0.0,0.0,0.0,0.0,0.30469274520874023,0.30469274520874023,0.304692804813385,0.30469274520874023,0.464914470911026,0.04114978387951851,0.04114978387951851,0.31309980154037476,-2.890929937362671,0.926512598991394,2.235713005065918,0.0,0.0,0.0,0.0,0.0,0.0,0.0
56798514143,0,-0.19584669172763824,-0.06010559946298599,-0.18808551132678986,-0.19584669172763824,-0.06010559946298599,-0.8880854845046997,0.26350903511047363,0.05398578569293022,0.07077886909246445,0.0,0.0,0.0,0.04101036116480827,-0.12337840348482132,2.273284435272217,0.0,0.0,2.273284673690796,-0.059398457407951355,-0.035168327391147614,-0.16420859098434448,-0.32189735770225525,0.9802294373512268,-0.003553022164851427,0.0,0.0,0.0,-2.083493232727051,11.005091667175293,-0.2926797866821289,10.390440940856934,1.84603750705719,-10.0,-10.0,22.06344985961914,2.0,2.0,13.47881031036377,0.29744139313697815,0.28977540135383606,0.30357420444488525,0.29590821266174316,0.0,0.30469265580177307,0.30469265580177307,0.30469265580177307,0.30469265580177307,0.0,-1.5605313777923584,-0.17850646376609802,-9.329717636108398,0.0,0.0,0.0,0.0,0.0,0.0,0.0,0.0,0.0,0.0,0.0,0.0,0.0,0.0,0.0,0.30469274520874023,0.30469274520874023,0.304692804813385,0.30469274520874023,0.464914470911026,0.04114978387951851,0.04114978387951851,0.31309980154037476,-2.8850626945495605,1.0303213596343994,2.2403745651245117,0.0,0.0,0.0,0.0,0.0,0.0,0.0
56807575690,0,-0.18684875965118408,-0.061146363615989685,-0.1863810271024704,-0.18684875965118408,-0.061146363615989685,-0.8863810300827026,0.2754213809967041,0.04338005185127258,0.06918468326330185,0.0,0.0,0.0,0.03855263069272041,-0.12207039445638657,2.2753376960754395,0.0,0.0,2.2753376960754395,-0.09296897053718567,-0.0068568759597837925,-0.13972409069538116,-0.32189735770225525,0.9802294373512268,-0.003553022164851427,0.0,0.0,0.0,-2.03635311126709,10.963462829589844,-0.30940818786621094,10.388553619384766,1.84603750705719,-10.0,-10.0,22.50743293762207,2.0,2.0,12.890496253967285,0.29590821266174316,0.28977540135383606,0.30357420444488525,0.29590821266174316,0.0,0.30469265580177307,0.30469265580177307,0.30469265580177307,0.30469265580177307,0.0,-1.5605313777923584,-0.17850646376609802,-9.329717636108398,0.0,0.0,0.0,0.0,0.0,0.0,0.0,0.0,0.0,0.0,0.0,0.0,0.0,0.0,0.0,0.30469274520874023,0.30469274520874023,0.304692804813385,0.30469274520874023,0.464914470911026,0.04114978387951851,0.04114978387951851,0.31309980154037476,-3.0632777214050293,1.9000271558761597,2.295712947845459,0.0,0.0,0.0,0.0,0.0,0.0,0.0
56817196338,0,-0.18684875965118408,-0.061146363615989685,-0.1863810271024704,-0.18684875965118408,-0.061146363615989685,-0.8863810300827026,0.2754213809967041,0.04338005185127258,0.06918468326330185,0.0,0.0,0.0,0.03855263069272041,-0.12207039445638657,2.2753376960754395,0.0,0.0,2.2753376960754395,-0.16112932562828064,0.15004760026931763,-0.07757766544818878,-0.30546191334724426,0.969817578792572,-0.004324203822761774,0.0,0.0,0.0,-2.03635311126709,10.963462829589844,-0.30940818786621094,10.388553619384766,1.8509488105773926,-10.0,-10.0,23.531442642211914,2.0,2.0,11.071186065673828,0.29744139313697815,0.28977540135383606,0.30357420444488525,0.29590821266174316,0.0,0.30469265580177307,0.30469265580177307,0.30469265580177307,0.30469265580177307,0.0,-1.7122787237167358,-0.048681680113077164,-10.140408515930176,0.0,0.0,0.0,0.0,0.0,0.0,0.0,0.0,0.0,0.0,0.0,0.0,0.0,0.0,0.0,0.30469274520874023,0.30469274520874023,0.304692804813385,0.30469274520874023,0.48786410689353943,0.04114978387951851,0.04114978387951851,0.27387869358062744,-3.2396795749664307,6.261690616607666,2.8466405868530273,0.0,0.0,0.0,0.0,0.0,0.0,0.0
56826989731,0,-0.17764025926589966,-0.06213539093732834,-0.1847119927406311,-0.17764025926589966,-0.06213539093732834,-0.8847119808197021,0.28232282400131226,0.034664954990148544,0.07217655330896378,0.0,0.0,0.0,0.035039741545915604,-0.11691784113645554,2.2785849571228027,0.0,0.0,2.2785849571228027,-0.16112932562828064,0.15004760026931763,-0.07757766544818878,-0.27781590819358826,0.928904116153717,-0.004463012330234051,0.0,0.0,0.0,-1.9358271360397339,10.716239929199219,-0.3577156066894531,10.384085655212402,1.8509488105773926,-10.0,-10.0,23.531442642211914,2.0,2.0,11.071186065673828,0.29744139313697815,0.28977540135383606,0.30357420444488525,0.29590821266174316,0.0,0.30469265580177307,0.30469265580177307,0.30469265580177307,0.30469265580177307,0.0,-1.1866711378097534,-0.2644329071044922,-9.045787811279297,0.0,0.0,0.0,0.0,0.0,0.0,0.0,0.0,0.0,0.0,0.0,0.0,0.0,0.0,0.0,0.30469274520874023,0.30469274520874023,0.304692804813385,0.30469274520874023,0.48786410689353943,0.04114978387951851,0.04114978387951851,0.27387869358062744,-3.2396795749664307,6.261690616607666,2.8466405868530273,0.0,0.0,0.0,0.0,0.0,0.0,0.0
56837912486,0,-0.17298653721809387,-0.06264373660087585,-0.183790385723114,-0.17298653721809387,-0.06264373660087585,-0.8837903738021851,0.28594791889190674,0.03020443208515644,0.08050697296857834,0.0,0.0,0.0,0.03297336399555206,-0.11399447917938232,2.2802913188934326,0.0,0.0,2.2802915573120117,-0.16112932562828064,0.15004760026931763,-0.07757766544818878,-0.2614990174770355,0.9057018756866455,-0.0042982762679457664,0.0,0.0,0.0,-1.9358271360397339,10.716239929199219,-0.3577156066894531,10.384085655212402,1.8509488105773926,-10.0,-10.0,23.531442642211914,2.0,2.0,11.071186065673828,0.29744139313697815,0.28977540135383606,0.30357420444488525,0.29590821266174316,0.0,0.30469265580177307,0.30469265580177307,0.30469265580177307,0.30469265580177307,0.0,-1.2445827722549438,-0.2376329004764557,-8.80321216583252,0.0,0.0,0.0,0.0,0.0,0.0,0.0,0.0,0.0,0.0,0.0,0.0,0.0,0.0,0.0,0.30469274520874023,0.30469274520874023,0.304692804813385,0.30469274520874023,0.48786410689353943,0.04114978387951851,0.04114978387951851,0.27387869358062744,-3.2396795749664307,6.261690616607666,2.8466405868530273,0.0,0.0,0.0,0.0,0.0,0.0,0.0
56847155671,0,-0.17298653721809387,-0.06264373660087585,-0.183790385723114,-0.17298653721809387,-0.06264373660087585,-0.8837903738021851,0.28594791889190674,0.03020443208515644,0.08050697296857834,0.0,0.0,0.0,0.03297336399555206,-0.11399447917938232,2.2802913188934326,0.0,0.0,2.2802915573120117,-0.2246295064687729,0.28298887610435486,-0.005515187047421932,-0.2614990174770355,0.9057018756866455,-0.0042982762679457664,0.0,0.0,0.0,-1.9358271360397339,10.716239929199219,-0.3577156066894531,10.384085655212402,1.8524030447006226,-10.0,-10.0,23.531442642211914,2.0,2.0,11.071186065673828,0.29590821266174316,0.28977540135383606,0.30357420444488525,0.29590821266174316,0.0,0.30469265580177307,0.30469265580177307,0.30469265580177307,0.30469265580177307,0.0,-1.3422991037368774,0.021354537457227707,-9.487865447998047,0.0,0.0,0.0,0.0,0.0,0.0,0.0,0.0,0.0,0.0,0.0,0.0,0.0,0.0,0.0,0.30469274520874023,0.30469274520874023,0.304692804813385,0.30469274520874023,0.5045883059501648,0.04114978387951851,0.04114978387951851,0.24157941341400146,-2.009983539581299,4.004929065704346,2.4024736881256104,0.0,0.0,0.0,0.0,0.0,0.0,0.0
56857873697,0,-0.1635899543762207,-0.06365111470222473,-0.18186382949352264,-0.1635899543762207,-0.06365111470222473,-0.8818638324737549,0.29298296570777893,0.020721085369586945,0.08172043412923813,0.0,0.0,0.0,0.0287370253354311,-0.10882308334112167,2.283705711364746,0.0,0.0,2.283705711364746,-0.2246295064687729,0.28298887610435486,-0.005515187047421932,-0.22049951553344727,0.8542767763137817,-0.0027870512567460537,0.0,0.0,0.0,-1.8358594179153442,10.541619300842285,-0.39929771423339844,10.376469612121582,1.8524030447006226,-10.0,-10.0,24.49489402770996,2.0,2.0,9.53884220123291,0.29744139313697815,0.28977540135383606,0.30357420444488525,0.29590821266174316,0.0,0.30469265580177307,0.30469265580177307,0.30469265580177307,0.30469265580177307,0.0,-1.3422991037368774,0.021354537457227707,-9.487865447998047,0.0,0.0,0.0,0.0,0.0,0.0,0.0,0.0,0.0,0.0,0.0,0.0,0.0,0.0,0.0,0.30469274520874023,0.30469274520874023,0.304692804813385,0.30469274520874023,0.5045883059501648,0.04114978387951851,0.04114978387951851,0.24157941341400146,-2.009983539581299,4.004929065704346,2.4024736881256104,0.0,0.0,0.0,0.0,0.0,0.0,0.0
56867630482,0,-0.1635899543762207,-0.06365111470222473,-0.18186382949352264,-0.1635899543762207,-0.06365111470222473,-0.8818638324737549,0.29298296570777893,0.020721085369586945,0.08172043412923813,0.0,0.0,0.0,0.0287370253354311,-0.10882308334112167,2.283705711364746,0.0,0.0,2.283705711364746,-0.21360628306865692,0.2920393645763397,0.03206214681267738,-0.22049951553344727,0.8542767763137817,-0.0027870512567460537,0.0,0.0,0.0,-1.8358594179153442,10.541619300842285,-0.39929771423339844,10.376469612121582,1.8527214527130127,-10.0,-10.0,24.64561653137207,2.0,2.0,9.313446998596191,0.29744139313697815,0.28977540135383606,0.30357420444488525,0.29590821266174316,0.0,0.30469265580177307,0.30469265580177307,0.30469265580177307,0.30469265580177307,0.0,-1.2802268266677856,0.0652114525437355,-9.782068252563477,0.0,0.0,0.0,0.0,0.0,0.0,0.0,0.0,0.0,0.0,0.0,0.0,0.0,0.0,0.0,0.30469274520874023,0.30469274520874023,0.304692804813385,0.30469274520874023,0.515783965587616,0.04114978387951851,0.04114978387951851,0.2243078202009201,-0.13033027946949005,1.3002787828445435,1.9590760469436646,0.0,0.0,0.0,0.0,0.0,0.0,0.0
56877255240,0,-0.15409517288208008,-0.06473257392644882,-0.1798865646123886,-0.15409517288208008,-0.06473257392644882,-0.8798865675926208,0.3004625737667084,0.015082980506122112,0.08730962127447128,0.0,0.0,0.0,0.025091120973229408,-0.10344293713569641,2.287278413772583,0.0,0.0,2.287278413772583,-0.21360628306865692,0.2920393645763397,0.03206214681267738,-0.19102512300014496,0.811106264591217,-0.002688932465389371,0.0,0.0,0.0,-1.8289040327072144,10.506064414978027,-0.41541004180908203,10.369755744934082,1.8527214527130127,-10.0,-10.0,24.8700008392334,2.0,2.0,9.049097061157227,0.29744139313697815,0.28977540135383606,0.30357420444488525,0.29590821266174316,0.0,0.30469265580177307,0.30469265580177307,0.30469265580177307,0.30469265580177307,0.0,-1.0711085796356201,-0.07391219586133957,-9.300549507141113,0.0,0.0,0.0,0.0,0.0,0.0,0.0,0.0,0.0,0.0,0.0,0.0,0.0,0.0,0.0,0.30469274520874023,0.30469274520874023,0.304692804813385,0.30469274520874023,0.515783965587616,0.04114978387951851,0.04114978387951851,0.2243078202009201,-0.13033027946949005,1.3002787828445435,1.9590760469436646,0.0,0.0,0.0,0.0,0.0,0.0,0.0
56887598075,0,-0.14931613206863403,-0.06529556214809418,-0.17883452773094177,-0.14931613206863403,-0.06529556214809418,-0.8788344860076904,0.30028483271598816,0.013488737866282463,0.09204259514808655,0.0,0.0,0.0,0.023072607815265656,-0.1008068099617958,2.2892889976501465,0.0,0.0,2.2892889976501465,-0.21224643290042877,0.2866731286048889,0.047886237502098083,-0.19102512300014496,0.811106264591217,-0.002688932465389371,0.0,0.0,0.0,-1.814823031425476,10.502467155456543,-0.4239177703857422,10.36606502532959,1.8527214527130127,-10.0,-10.0,25.10874366760254,2.0,2.0,8.797741889953613,0.29744139313697815,0.28977540135383606,0.30357420444488525,0.29590821266174316,0.0,0.30469265580177307,0.30469265580177307,0.30469265580177307,0.30469265580177307,0.0,-0.7127737402915955,0.1415652632713318,-9.512696266174316,0.0,0.0,0.0,0.0,0.0,0.0,0.0,0.0,0.0,0.0,0.0,0.0,0.0,0.0,0.0,0.30469274520874023,0.30469274520874023,0.304692804813385,0.30469274520874023,0.515783965587616,0.04114978387951851,0.04114978387951851,0.2243078202009201,-0.021929766982793808,0.47131988406181335,1.8661073446273804,0.0,0.0,0.0,0.0,0.0,0.0,0.0
56897369149,0,-0.14931613206863403,-0.06529556214809418,-0.17883452773094177,-0.14931613206863403,-0.06529556214809418,-0.8788344860076904,0.30028483271598816,0.013488737866282463,0.09204259514808655,0.0,0.0,0.0,0.023072607815265656,-0.1008068099617958,2.2892889976501465,0.0,0.0,2.2892889976501465,-0.227757066488266,0.26332977414131165,0.07902809232473373,-0.1661733239889145,0.7813980579376221,-0.003606783924624324,0.0,0.0,0.0,-1.814823031425476,10.502467155456543,-0.4239177703857422,10.36606502532959,1.8529623746871948,-10.0,-10.0,25.51396369934082,2.0,2.0,8.337060928344727,0.29744139313697815,0.28977540135383606,0.30357420444488525,0.29590821266174316,0.0,0.30469265580177307,0.30469265580177307,0.30469265580177307,0.30469265580177307,0.0,-0.7127737402915955,0.1415652632713318,-9.512696266174316,0.0,0.0,0.0,0.0,0.0,0.0,0.0,0.0,0.0,0.0,0.0,0.0,0.0,0.0,0.0,0.30469274520874023,0.30469274520874023,0.304692804813385,0.30469274520874023,0.5261539816856384,0.04114978387951851,0.04114978387951851,0.2107105255126953,-0.5676970481872559,-0.6811709403991699,1.5967937707901,0.0,0.0,0.0,0.0,0.0,0.0,0.0
56908466434,0,-0.1349949985742569,-0.06700455397367477,-0.17559880018234253,-0.1349949985742569,-0.06700455397367477,-0.8755987882614136,0.30312952399253845,0.009761054068803787,0.09496425837278366,0.0,0.0,0.0,0.01639322005212307,-0.0935426875948906,2.2954537868499756,0.0,0.0,2.2954537868499756,-0.227757066488266,0.26332977414131165,0.07902809232473373,-0.13033229112625122,0.7433428168296814,-0.003508929628878832,0.0,0.0,0.0,-1.7497857809066772,10.486824989318848,-0.4364795684814453,10.358609199523926,1.8529623746871948,-10.0,-10.0,25.51396369934082,2.0,2.0,8.337060928344727,0.29744139313697815,0.28977540135383606,0.30357420444488525,0.29590821266174316,0.0,0.30469265580177307,0.30469265580177307,0.30469265580177307,0.30469265580177307,0.0,-0.7888613343238831,-0.01397042628377676,-9.647567749023438,0.0,0.0,0.0,0.0,0.0,0.0,0.0,0.0,0.0,0.0,0.0,0.0,0.0,0.0,0.0,0.30469274520874023,0.30469274520874023,0.304692804813385,0.30469274520874023,0.5261539816856384,0.04114978387951851,0.04114978387951851,0.2107105255126953,-0.5676970481872559,-0.6811709403991699,1.5967937707901,0.0,0.0,0.0,0.0,0.0,0.0,0.0
56917239498,0,-0.1349949985742569,-0.06700455397367477,-0.17559880018234253,-0.1349949985742569,-0.06700455397367477,-0.8755987882614136,0.30312952399253845,0.009761054068803787,0.09496425837278366,0.0,0.0,0.0,0.01639322005212307,-0.0935426875948906,2.2954537868499756,0.0,0.0,2.2954537868499756,-0.23492570221424103,0.2360794097185135,0.11559052765369415,-0.13033229112625122,0.7433428168296814,-0.003508929628878832,0.0,0.0,0.0,-1.7091724872589111,10.486248016357422,-0.4578857421875,10.350430488586426,1.8523858785629272,-10.0,-10.0,26.136388778686523,2.0,2.0,7.709708213806152,0.29744139313697815,0.28977540135383606,0.30357420444488525,0.29590821266174316,0.0,0.30469265580177307,0.30469265580177307,0.30469265580177307,0.30469265580177307,0.0,-0.7679725289344788,0.31891942024230957,-9.589859008789062,0.0,0.0,0.0,0.0,0.0,0.0,0.0,0.0,0.0,0.0,0.0,0.0,0.0,0.0,0.0,0.30469274520874023,0.30469274520874023,0.304692804813385,0.30469274520874023,0.5362202525138855,0.04114978387951851,0.04114978387951851,0.19841855764389038,-0.3404766917228699,-1.2485482692718506,1.8091120719909668,0.0,0.0,0.0,0.0,0.0,0.0,0.0
56927692684,0,-0.12555433809757233,-0.06823882460594177,-0.17336522042751312,-0.12555433809757233,-0.06823882460594177,-0.8733652234077454,0.29995718598365784,0.006349848583340645,0.09453926235437393,0.0,0.0,0.0,0.011973977088928223,-0.08932332694530487,2.3002164363861084,0.0,0.0,2.3002166748046875,-0.23492570221424103,0.2360794097185135,0.11559052765369415,-0.0953296348452568,0.7098414897918701,-0.0035616648383438587,0.0,0.0,0.0,-1.7091724872589111,10.486248016357422,-0.4578857421875,10.350430488586426,1.8523858785629272,-10.0,-10.0,26.136388778686523,2.0,2.0,7.709708213806152,0.29744139313697815,0.28977540135383606,0.30357420444488525,0.29590821266174316,0.0,0.30469265580177307,0.30469265580177307,0.30469265580177307,0.30469265580177307,0.0,-0.7679725289344788,0.31891942024230957,-9.589859008789062,0.0,0.0,0.0,0.0,0.0,0.0,0.0,0.0,0.0,0.0,0.0,0.0,0.0,0.0,0.0,0.30469274520874023,0.30469274520874023,0.304692804813385,0.30469274520874023,0.5362202525138855,0.04114978387951851,0.04114978387951851,0.19841855764389038,-0.3404766917228699,-1.2485482692718506,1.8091120719909668,0.0,0.0,0.0,0.0,0.0,0.0,0.0
56938189311,0,-0.12088438123464584,-0.06886374950408936,-0.17229436337947845,-0.12088438123464584,-0.06886374950408936,-0.8722943663597107,0.29958081245422363,0.005612916313111782,0.08916083723306656,0.0,0.0,0.0,0.010214055888354778,-0.08732261508703232,2.30267333984375,0.0,0.0,2.30267333984375,-0.2239832878112793,0.22256897389888763,0.13108950853347778,-0.0953296348452568,0.7098414897918701,-0.0035616648383438587,0.0,0.0,0.0,-1.7091724872589111,10.486248016357422,-0.4578857421875,10.350430488586426,1.8523858785629272,-10.0,-10.0,26.334524154663086,2.0,2.0,7.513340950012207,0.29744139313697815,0.28977540135383606,0.30357420444488525,0.29590821266174316,0.0,0.30469265580177307,0.30469265580177307,0.30469265580177307,0.30469265580177307,0.0,-0.6589707136154175,0.2225436568260193,-10.373555183410645,0.0,0.0,0.0,0.0,0.0,0.0,0.0,0.0,0.0,0.0,0.0,0.0,0.0,0.0,0.0,0.30469274520874023,0.30469274520874023,0.304692804813385,0.30469274520874023,0.5362202525138855,0.04114978387951851,0.04114978387951851,0.19841855764389038,0.3528154492378235,-1.3491435050964355,1.7673264741897583,0.0,0.0,0.0,0.0,0.0,0.0,0.0
56947968476,0,-0.12088438123464584,-0.06886374950408936,-0.17229436337947845,-0.12088438123464584,-0.06886374950408936,-0.8722943663597107,0.29958081245422363,0.005612916313111782,0.08916083723306656,0.0,0.0,0.0,0.010214055888354778,-0.08732261508703232,2.30267333984375,0.0,0.0,2.30267333984375,-0.17347091436386108,0.20657089352607727,0.16426099836826324,-0.07471544295549393,0.6859437823295593,-0.00196286104619503,0.0,0.0,0.0,-1.7164802551269531,10.486580848693848,-0.4658803939819336,10.345735549926758,1.8513495922088623,-10.0,-10.0,26.536779403686523,2.0,2.0,7.219093322753906,0.29744139313697815,0.28977540135383606,0.30357420444488525,0.29590821266174316,0.0,0.30469265580177307,0.30469265580177307,0.30469265580177307,0.30469265580177307,0.0,-0.6589707136154175,0.2225436568260193,-10.373555183410645,0.0,0.0,0.0,0.0,0.0,0.0,0.0,0.0,0.0,0.0,0.0,0.0,0.0,0.0,0.0,0.30469274520874023,0.30469274520874023,0.304692804813385,0.30469274520874023,0.5455355048179626,0.04114978387951851,0.04114978387951851,0.18573470413684845,1.9040827751159668,-0.9054080843925476,1.6257376670837402,0.0,0.0,0.0,0.0,0.0,0.0,0.0
56957236619,0,-0.11168088018894196,-0.070221908390522,-0.17024338245391846,-0.11168088018894196,-0.070221908390522,-0.8702433705329895,0.2962467670440674,0.0005638721049763262,0.08285681903362274,0.0,0.0,0.0,0.007344035431742668,-0.08323092758655548,2.3078954219818115,0.0,0.0,2.3078954219818115,-0.17347091436386108,0.20657089352607727,0.16426099836826324,-0.053362440317869186,0.6545665860176086,-0.002002148423343897,0.0,0.0,0.0,-1.750286340713501,10.457049369812012,-0.47745418548583984,10.336499214172363,1.8513495922088623,-10.0,-10.0,26.536779403686523,2.0,2.0,7.219093322753906,0.29744139313697815,0.28977540135383606,0.30357420444488525,0.29590821266174316,0.0,0.30469265580177307,0.30469265580177307,0.30469265580177307,0.30469265580177307,0.0,-0.602326512336731,0.4205823242664337,-10.11169719696045,0.0,0.0,0.0,0.0,0.0,0.0,0.0,0.0,0.0,0.0,0.0,0.0,0.0,0.0,0.0,0.30469274520874023,0.30469274520874023,0.304692804813385,0.30469274520874023,0.5455355048179626,0.04114978387951851,0.04114978387951851,0.18573470413684845,1.9040827751159668,-0.9054080843925476,1.6257376670837402,0.0,0.0,0.0,0.0,0.0,0.0,0.0
56967219736,0,-0.10714498907327652,-0.07093144953250885,-0.16924284398555756,-0.10714498907327652,-0.07093144953250885,-0.8692428469657898,0.2942238450050354,-0.0006912081735208631,0.08018068224191666,0.0,0.0,0.0,0.00604461831972003,-0.0815156102180481,2.31071138381958,0.0,0.0,2.31071138381958,-0.17347091436386108,0.20657089352607727,0.16426099836826324,-0.04348869249224663,0.641450822353363,-0.0019985344260931015,0.0,0.0,0.0,-1.750286340713501,10.457049369812012,-0.47745418548583984,10.336499214172363,1.8514318466186523,-10.0,-10.0,26.536779403686523,2.0,2.0,7.219093322753906,0.29744139313697815,0.28977540135383606,0.30357420444488525,0.29590821266174316,0.0,0.30469265580177307,0.30469265580177307,0.30469265580177307,0.30469265580177307,0.0,-0.5157496929168701,0.3263079822063446,-10.144245147705078,0.0,0.0,0.0,0.0,0.0,0.0,0.0,0.0,0.0,0.0,0.0,0.0,0.0,0.0,0.0,0.30469274520874023,0.30469274520874023,0.304692804813385,0.30469274520874023,0.5455355048179626,0.04114978387951851,0.04114978387951851,0.18573470413684845,1.9040827751159668,-0.9054080843925476,1.6257376670837402,0.0,0.0,0.0,0.0,0.0,0.0,0.0
56977161503,0,-0.10714498907327652,-0.07093144953250885,-0.16924284398555756,-0.10714498907327652,-0.07093144953250885,-0.8692428469657898,0.2942238450050354,-0.0006912081735208631,0.08018068224191666,0.0,0.0,0.0,0.00604461831972003,-0.0815156102180481,2.31071138381958,0.0,0.0,2.31071138381958,-0.11746024340391159,0.16161082684993744,0.20732194185256958,-0.04348869249224663,0.641450822353363,-0.0019985344260931015,0.0,0.0,0.0,-1.750286340713501,10.457049369812012,-0.47745418548583984,10.336499214172363,1.8516861200332642,-10.0,-10.0,26.536779403686523,2.0,2.0,7.219093322753906,0.29744139313697815,0.28977540135383606,0.30357420444488525,0.29590821266174316,0.0,0.30469265580177307,0.30469265580177307,0.30469265580177307,0.30469265580177307,0.0,-0.6360804438591003,0.3626846671104431,-10.420208930969238,0.0,0.0,0.0,0.0,0.0,0.0,0.0,0.0,0.0,0.0,0.0,0.0,0.0,0.0,0.0,0.30469274520874023,0.30469274520874023,0.304692804813385,0.30469274520874023,0.5506536960601807,0.04114978387951851,0.04114978387951851,0.1797274500131607,1.7579656839370728,-1.4586219787597656,1.3891514539718628,0.0,0.0,0.0,0.0,0.0,0.0,0.0
56987109370,0,-0.09385335445404053,-0.07312408089637756,-0.16639356315135956,-0.09385335445404053,-0.07312408089637756,-0.8663935661315918,0.2902732491493225,-0.005651748273521662,0.0677492693066597,0.0,0.0,0.0,0.002790866419672966,-0.07712804526090622,2.319429397583008,0.0,0.0,2.319429397583008,-0.11746024340391159,0.16161082684993744,0.20732194185256958,-0.022510746493935585,0.6130037307739258,-0.003646555356681347,0.0,0.0,0.0,-1.7783739566802979,10.471475601196289,-0.49181079864501953,10.321020126342773,1.8516861200332642,-10.0,-10.0,26.891355514526367,2.0,2.0,6.9133620262146,0.29744139313697815,0.28977540135383606,0.30357420444488525,0.29590821266174316,0.0,0.30469265580177307,0.30469265580177307,0.30469265580177307,0.30469265580177307,0.0,-0.5883662700653076,0.2614704370498657,-10.206562042236328,0.0,0.0,0.0,0.0,0.0,0.0,0.0,0.0,0.0,0.0,0.0,0.0,0.0,0.0,0.0,0.30469274520874023,0.30469274520874023,0.304692804813385,0.30469274520874023,0.5506536960601807,0.04114978387951851,0.04114978387951851,0.1797274500131607,1.7579656839370728,-1.4586219787597656,1.3891514539718628,0.0,0.0,0.0,0.0,0.0,0.0,0.0
56997515041,0,-0.09385335445404053,-0.07312408089637756,-0.16639356315135956,-0.09385335445404053,-0.07312408089637756,-0.8663935661315918,0.2902732491493225,-0.005651748273521662,0.0677492693066597,0.0,0.0,0.0,0.002790866419672966,-0.07712804526090622,2.319429397583008,0.0,0.0,2.319429397583008,-0.0976630374789238,0.12154609709978104,0.22515539824962616,-0.022510746493935585,0.6130037307739258,-0.003646555356681347,0.0,0.0,0.0,-1.7783739566802979,10.471475601196289,-0.49181079864501953,10.321020126342773,1.8532510995864868,-10.0,-10.0,26.891355514526367,2.0,2.0,6.9133620262146,0.29744139313697815,0.28977540135383606,0.30357420444488525,0.29590821266174316,0.0,0.30469265580177307,0.30469265580177307,0.30469265580177307,0.30469265580177307,0.0,-0.5883662700653076,0.2614704370498657,-10.206562042236328,0.0,0.0,0.0,0.0,0.0,0.0,0.0,0.0,0.0,0.0,0.0,0.0,0.0,0.0,0.0,0.30469274520874023,0.30469274520874023,0.304692804813385,0.30469274520874023,0.55201256275177,0.04114978387951851,0.04114978387951851,0.1794911026954651,1.0875365734100342,-1.8515009880065918,0.9585334062576294,0.0,0.0,0.0,0.0,0.0,0.0,0.0
57007573173,0,-0.08545231819152832,-0.07456880807876587,-0.16461209952831268,-0.08545231819152832,-0.07456880807876587,-0.8646121025085449,0.29036179184913635,-0.004870527423918247,0.061249054968357086,0.0,0.0,0.0,0.0008049727184697986,-0.0750938355922699,2.3253531455993652,0.0,0.0,2.3253531455993652,-0.0976630374789238,0.12154609709978104,0.22515539824962616,-0.006743928883224726,0.5968525409698486,-0.0035959125962108374,0.0,0.0,0.0,-1.773568034172058,10.493821144104004,-0.49030494689941406,10.30915641784668,1.8532510995864868,-10.0,-10.0,26.89539337158203,2.0,2.0,6.980722904205322,0.29590821266174316,0.28977540135383606,0.30357420444488525,0.29590821266174316,0.0,0.30469265580177307,0.30469265580177307,0.30469265580177307,0.30469265580177307,0.0,-0.5282382369041443,-0.002741261152550578,-10.177704811096191,0.0,0.0,0.0,0.0,0.0,0.0,0.0,0.0,0.0,0.0,0.0,0.0,0.0,0.0,0.0,0.30469274520874023,0.30469274520874023,0.304692804813385,0.30469274520874023,0.55201256275177,0.04114978387951851,0.04114978387951851,0.1794911026954651,1.0875365734100342,-1.8515009880065918,0.9585334062576294,0.0,0.0,0.0,0.0,0.0,0.0,0.0
57019213948,0,-0.08545231819152832,-0.07456880807876587,-0.16461209952831268,-0.08133604377508163,-0.07526331394910812,-0.86379075050354,0.29036179184913635,-0.004870527423918247,0.061249054968357086,0.0,0.0,0.0,0.0008049727184697986,-0.0750938355922699,2.3253531455993652,0.0,0.0,2.3283209800720215,-0.09058966487646103,0.0997699722647667,0.22968406975269318,-0.006743928883224726,0.5968525409698486,-0.0035959125962108374,0.0,0.0,0.0,-1.7736687660217285,10.51318645477295,-0.48630237579345703,10.303814888000488,1.8532510995864868,-10.0,-10.0,26.82167625427246,2.0,2.0,7.116636753082275,0.29744139313697815,0.28977540135383606,0.30357420444488525,0.29590821266174316,0.0,0.30469265580177307,0.30469265580177307,0.30469265580177307,0.30469265580177307,0.0,-0.5282382369041443,-0.002741261152550578,-10.177704811096191,0.0,0.0,0.0,0.0,0.0,0.0,0.0,0.0,0.0,0.0,0.0,0.0,0.0,0.0,0.0,0.30469274520874023,0.30469274520874023,0.304692804813385,0.30469274520874023,0.55201256275177,0.04114978387951851,0.04114978387951851,0.1794911026954651,0.9630382657051086,-2.098057985305786,0.7554572224617004,0.0,0.0,0.0,0.0,0.0,0.0,0.0
57029171717,0,-0.08133604377508163,-0.07526331394910812,-0.1637907773256302,-0.08133604377508163,-0.07526331394910812,-0.86379075050354,0.290039598941803,-0.005417671054601669,0.056051019579172134,0.0,0.0,0.0,1.4632206330134068e-05,-0.07447951287031174,2.3283209800720215,0.0,0.0,2.3283209800720215,-0.07435449957847595,0.04909452050924301,0.2309570461511612,-0.0004675606614910066,0.5919759273529053,-0.0035595642402768135,0.0,0.0,0.0,-1.7736687660217285,10.51318645477295,-0.48630237579345703,10.303814888000488,1.854529619216919,-10.0,-10.0,26.82167625427246,2.0,2.0,7.116636753082275,0.29744139313697815,0.28977540135383606,0.30357420444488525,0.29590821266174316,0.0,0.30469265580177307,0.30469265580177307,0.30469265580177307,0.30469265580177307,0.0,-0.5870507955551147,0.10193399339914322,-10.270550727844238,0.0,0.0,0.0,0.0,0.0,0.0,0.0,0.0,0.0,0.0,0.0,0.0,0.0,0.0,0.0,0.30469274520874023,0.30469274520874023,0.304692804813385,0.30469274520874023,0.548568844795227,0.04114978387951851,0.04114978387951851,0.18651555478572845,0.8548170924186707,-2.47973370552063,0.2510603964328766,0.0,0.0,0.0,0.0,0.0,0.0,0.0
57040613935,0,-0.07332391291856766,-0.07660084217786789,-0.16223616898059845,-0.07332391291856766,-0.07660084217786789,-0.8622361421585083,0.2883332073688507,-0.005490644369274378,0.04838242381811142,0.0,0.0,0.0,-0.0014369124546647072,-0.0737798660993576,2.3340981006622314,0.0,0.0,2.3340981006622314,-0.07435449957847595,0.04909452050924301,0.2309570461511612,0.013659823685884476,0.586169958114624,-0.0016271527856588364,0.0,0.0,0.0,-1.7785158157348633,10.562127113342285,-0.47002315521240234,10.291749000549316,1.854529619216919,-10.0,-10.0,26.467004776000977,2.0,2.0,7.62878942489624,0.29744139313697815,0.28977540135383606,0.30357420444488525,0.29590821266174316,0.0,0.30469265580177307,0.30469265580177307,0.30469265580177307,0.30469265580177307,0.0,-0.5034624934196472,0.12275872379541397,-10.247232437133789,0.0,0.0,0.0,0.0,0.0,0.0,0.0,0.0,0.0,0.0,0.0,0.0,0.0,0.0,0.0,0.30469274520874023,0.30469274520874023,0.304692804813385,0.30469274520874023,0.548568844795227,0.04114978387951851,0.04114978387951851,0.18651555478572845,0.8548170924186707,-2.47973370552063,0.2510603964328766,0.0,0.0,0.0,0.0,0.0,0.0,0.0
57054823433,0,-0.07332391291856766,-0.07660084217786789,-0.16223616898059845,-0.07332391291856766,-0.07660084217786789,-0.8622361421585083,0.2883332073688507,-0.005490644369274378,0.04838242381811142,0.0,0.0,0.0,-0.0014369124546647072,-0.0737798660993576,2.3340981006622314,0.0,0.0,2.3340981006622314,-0.05615370720624924,-0.008057573810219765,0.2358468770980835,0.013659823685884476,0.586169958114624,-0.0016271527856588364,0.0,0.0,0.0,-1.7868225574493408,10.624595642089844,-0.4589548110961914,10.278090476989746,1.8564847707748413,-10.0,-10.0,26.264896392822266,2.0,2.0,8.032203674316406,0.29744139313697815,0.28977540135383606,0.30357420444488525,0.29590821266174316,0.0,0.30469265580177307,0.30469265580177307,0.30469265580177307,0.30469265580177307,0.0,-0.5034624934196472,0.12275872379541397,-10.247232437133789,0.0,0.0,0.0,0.0,0.0,0.0,0.0,0.0,0.0,0.0,0.0,0.0,0.0,0.0,0.0,0.30469274520874023,0.30469274520874023,0.304692804813385,0.30469274520874023,0.5420733690261841,0.04114978387951851,0.04114978387951851,0.1997254341840744,0.8489580750465393,-2.6767194271087646,0.27130407094955444,0.0,0.0,0.0,0.0,0.0,0.0,0.0
57057219939,0,-0.06554246693849564,-0.07787029445171356,-0.16081039607524872,-0.06554246693849564,-0.07787029445171356,-0.860810399055481,0.28136587142944336,-0.006402247119694948,0.04163074120879173,0.0,0.0,0.0,-0.0025318702682852745,-0.07396052777767181,2.3398728370666504,0.0,0.0,2.3398728370666504,-0.049692559987306595,-0.0387129969894886,0.2403651624917984,0.022307073697447777,0.5897706747055054,-0.0016887686215341091,0.0,0.0,0.0,-1.7868225574493408,10.624595642089844,-0.4589548110961914,10.278090476989746,1.8564847707748413,-10.0,-10.0,26.264896392822266,2.0,2.0,8.032203674316406,0.29744139313697815,0.28977540135383606,0.30204102396965027,0.2943750023841858,0.0,0.30469265580177307,0.30469265580177307,0.30469265580177307,0.30469265580177307,0.0,-0.38323819637298584,0.2994817793369293,-10.063143730163574,0.0,0.0,0.0,0.0,0.0,0.0,0.0,0.0,0.0,0.0,0.0,0.0,0.0,0.0,0.0,0.30469274520874023,0.30469274520874023,0.304692804813385,0.30469274520874023,0.5420733690261841,0.04114978387951851,0.04114978387951851,0.1997254341840744,0.7387211918830872,-2.7953832149505615,0.34864041209220886,0.0,0.0,0.0,0.0,0.0,0.0,0.0
57067028844,0,-0.05815596878528595,-0.07916703075170517,-0.15948788821697235,-0.05815596878528595,-0.07916703075170517,-0.8594878911972046,0.27459874749183655,-0.00669105164706707,0.03719034418463707,0.0,0.0,0.0,-0.0035731352400034666,-0.07522444427013397,2.3457911014556885,0.0,0.0,2.3457913398742676,-0.049692559987306595,-0.0387129969894886,0.2403651624917984,0.028007961809635162,0.5979107618331909,-0.0033916360698640347,0.0,0.0,0.0,-1.7885534763336182,10.661226272583008,-0.4560108184814453,10.271039009094238,1.8564847707748413,-10.0,-10.0,26.244033813476562,2.0,2.0,8.17089557647705,0.29744139313697815,0.28977540135383606,0.30204102396965027,0.29590821266174316,0.0,0.30469265580177307,0.30469265580177307,0.30469265580177307,0.30469265580177307,0.0,-0.38323819637298584,0.2994817793369293,-10.063143730163574,0.0,0.0,0.0,0.0,0.0,0.0,0.0,0.0,0.0,0.0,0.0,0.0,0.0,0.0,0.0,0.30469274520874023,0.30469274520874023,0.304692804813385,0.30469274520874023,0.5420733690261841,0.04114978387951851,0.04114978387951851,0.1997254341840744,0.7387211918830872,-2.7953832149505615,0.34864041209220886,0.0,0.0,0.0,0.0,0.0,0.0,0.0
57077489161,0,-0.05815596878528595,-0.07916703075170517,-0.15948788821697235,-0.05815596878528595,-0.07916703075170517,-0.8594878911972046,0.27459874749183655,-0.00669105164706707,0.03719034418463707,0.0,0.0,0.0,-0.0035731352400034666,-0.07522444427013397,2.3457911014556885,0.0,0.0,2.3457913398742676,-0.049692559987306595,-0.0387129969894886,0.2403651624917984,0.028007961809635162,0.5979107618331909,-0.0033916360698640347,0.0,0.0,0.0,-1.7885534763336182,10.661226272583008,-0.4560108184814453,10.271039009094238,1.8584328889846802,-10.0,-10.0,26.244033813476562,2.0,2.0,8.17089557647705,0.29744139313697815,0.28977540135383606,0.30357420444488525,0.29590821266174316,0.0,0.30469265580177307,0.30469265580177307,0.30469265580177307,0.30469265580177307,0.0,-0.38323819637298584,0.2994817793369293,-10.063143730163574,0.0,0.0,0.0,0.0,0.0,0.0,0.0,0.0,0.0,0.0,0.0,0.0,0.0,0.0,0.0,0.30469274520874023,0.30469274520874023,0.304692804813385,0.30469274520874023,0.5415606498718262,0.04114978387951851,0.04114978387951851,0.20491519570350647,0.7387211918830872,-2.7953832149505615,0.34864041209220886,0.0,0.0,0.0,0.0,0.0,0.0,0.0
57087265903,0,-0.05107227340340614,-0.08045125007629395,-0.15830391645431519,-0.05107227340340614,-0.08045125007629395,-0.8583039045333862,0.27121755480766296,-0.008472030982375145,0.025539075955748558,0.0,0.0,0.0,-0.005697817075997591,-0.07678171992301941,2.351902961730957,0.0,0.0,2.351902961730957,-0.06485539674758911,-0.08451341837644577,0.253034770488739,0.04484735056757927,0.6102936863899231,-0.0034395356196910143,0.0,0.0,0.0,-1.742921233177185,10.717816352844238,-0.4558601379394531,10.257579803466797,1.8584328889846802,-10.0,-10.0,26.40245246887207,2.0,2.0,8.190595626831055,0.29744139313697815,0.28977540135383606,0.30357420444488525,0.2943750023841858,0.0,0.30469265580177307,0.30469265580177307,0.30469265580177307,0.30469265580177307,0.0,-0.7058066129684448,0.4213148355484009,-10.78082275390625,0.0,0.0,0.0,0.0,0.0,0.0,0.0,0.0,0.0,0.0,0.0,0.0,0.0,0.0,0.0,0.30469274520874023,0.30469274520874023,0.304692804813385,0.30469274520874023,0.5424739122390747,0.04114978387951851,0.04114978387951851,0.20615388453006744,-0.5965737700462341,-2.3009512424468994,0.5924648642539978,0.0,0.0,0.0,0.0,0.0,0.0,0.0
57097179048,0,-0.05107227340340614,-0.08045125007629395,-0.15830391645431519,-0.05107227340340614,-0.08045125007629395,-0.8583039045333862,0.27121755480766296,-0.008472030982375145,0.025539075955748558,0.0,0.0,0.0,-0.005697817075997591,-0.07678171992301941,2.351902961730957,0.0,0.0,2.351902961730957,-0.09313757717609406,-0.06928341835737228,0.25994330644607544,0.04484735056757927,0.6102936863899231,-0.0034395356196910143,0.0,0.0,0.0,-1.6932432651519775,10.68227481842041,-0.4536552429199219,10.25013256072998,1.8586595058441162,-10.0,-10.0,26.365345001220703,2.0,2.0,8.10519790649414,0.29590821266174316,0.28977540135383606,0.30357420444488525,0.29590821266174316,0.0,0.30469265580177307,0.30469265580177307,0.30469265580177307,0.30469265580177307,0.0,-0.7058066129684448,0.4213148355484009,-10.78082275390625,0.0,0.0,0.0,0.0,0.0,0.0,0.0,0.0,0.0,0.0,0.0,0.0,0.0,0.0,0.0,0.30469274520874023,0.30469274520874023,0.304692804813385,0.30469274520874023,0.5435492992401123,0.04114978387951851,0.04114978387951851,0.20430783927440643,-1.630525827407837,-0.4075291156768799,0.6075796484947205,0.0,0.0,0.0,0.0,0.0,0.0,0.0
57107489957,0,-0.04762060567736626,-0.08107748627662659,-0.1577940732240677,-0.04762060567736626,-0.08107748627662659,-0.8577940464019775,0.26668956875801086,-0.011127469129860401,0.015957042574882507,0.0,0.0,0.0,-0.007090808358043432,-0.07660745829343796,2.354942798614502,0.0,0.0,2.354942798614502,-0.12214812636375427,-0.03112891875207424,0.260095477104187,0.05591067299246788,0.6089159846305847,-0.003319447860121727,0.0,0.0,0.0,-1.6932432651519775,10.68227481842041,-0.4536552429199219,10.25013256072998,1.858414888381958,-10.0,-10.0,26.365345001220703,2.0,2.0,8.10519790649414,0.29744139313697815,0.28977540135383606,0.30204102396965027,0.29590821266174316,0.0,0.30469265580177307,0.30469265580177307,0.30469265580177307,0.30469265580177307,0.0,-0.5494146347045898,1.1532299518585205,-9.748091697692871,0.0,0.0,0.0,0.0,0.0,0.0,0.0,0.0,0.0,0.0,0.0,0.0,0.0,0.0,0.0,0.30469274520874023,0.30469274520874023,0.304692804813385,0.30469274520874023,0.5405207872390747,0.04114978387951851,0.04114978387951851,0.20428363978862762,-2.300785541534424,1.637477159500122,0.3491477370262146,0.0,0.0,0.0,0.0,0.0,0.0,0.0
57117748950,0,-0.041066549718379974,-0.0824490413069725,-0.1568550020456314,-0.041066549718379974,-0.0824490413069725,-0.8568549752235413,0.25343242287635803,-0.02299867570400238,0.01648656837642193,0.0,0.0,0.0,-0.00967284757643938,-0.07463626563549042,2.360729932785034,0.0,0.0,2.360729932785034,-0.12188144773244858,0.03161085024476051,0.2583048939704895,0.0764361172914505,0.5862103700637817,-0.0013237673556432128,0.0,0.0,0.0,-1.6482505798339844,10.523990631103516,-0.4331197738647461,10.236030578613281,1.858414888381958,-10.0,-10.0,25.644838333129883,2.0,2.0,8.317251205444336,0.2989746034145355,0.28977540135383606,0.30204102396965027,0.29590821266174316,0.0,0.30469265580177307,0.30469265580177307,0.30469265580177307,0.30469265580177307,0.0,-0.5494146347045898,1.1532299518585205,-9.748091697692871,0.0,0.0,0.0,0.0,0.0,0.0,0.0,0.0,0.0,0.0,0.0,0.0,0.0,0.0,0.0,0.30469274520874023,0.30469274520874023,0.304692804813385,0.30469274520874023,0.5405207872390747,0.04114978387951851,0.04114978387951851,0.20428363978862762,-1.0598477125167847,3.7665481567382812,0.10693465173244476,0.0,0.0,0.0,0.0,0.0,0.0,0.0
57129881032,0,-0.041066549718379974,-0.0824490413069725,-0.1568550020456314,-0.041066549718379974,-0.0824490413069725,-0.8568549752235413,0.25343242287635803,-0.02299867570400238,0.01648656837642193,0.0,0.0,0.0,-0.00967284757643938,-0.07463626563549042,2.360729932785034,0.0,0.0,2.360729932785034,-0.0011589943896979094,0.1386512964963913,0.2640107274055481,0.0764361172914505,0.5862103700637817,-0.0013237673556432128,0.0,0.0,0.0,-1.8391391038894653,10.373144149780273,-0.4229564666748047,10.22155475616455,1.8564592599868774,-10.0,-10.0,24.827123641967773,2.0,2.0,8.655916213989258,0.3005078136920929,0.28977540135383606,0.30204102396965027,0.29590821266174316,0.0,0.30469265580177307,0.30469265580177307,0.30469265580177307,0.30469265580177307,0.0,-0.5494146347045898,1.1532299518585205,-9.748091697692871,0.0,0.0,0.0,0.0,0.0,0.0,0.0,0.0,0.0,0.0,0.0,0.0,0.0,0.0,0.0,0.30469274520874023,0.30469274520874023,0.304692804813385,0.30469274520874023,0.520768940448761,0.04114978387951851,0.04114978387951851,0.21100908517837524,4.386464595794678,4.817753314971924,0.23493070900440216,0.0,0.0,0.0,0.0,0.0,0.0,0.0
57140811816,0,-0.03492506593465805,-0.08393353968858719,-0.1559438705444336,-0.03492506593465805,-0.08393353968858719,-0.8559438586235046,0.2418268918991089,-0.02950718253850937,0.02109931968152523,0.0,0.0,0.0,-0.008253267966210842,-0.07137355208396912,2.366765022277832,0.0,0.0,2.366765022277832,0.049369990825653076,0.1684504747390747,0.2575860023498535,0.060194261372089386,0.5599734783172607,-0.0013922645011916757,0.0,0.0,0.0,-1.8391391038894653,10.373144149780273,-0.4229564666748047,10.22155475616455,1.8571171760559082,-10.0,-10.0,24.827123641967773,2.0,2.0,8.655916213989258,0.29744139313697815,0.2882421910762787,0.30357420444488525,0.29590821266174316,0.0,0.30469265580177307,0.30469265580177307,0.30469265580177307,0.30469265580177307,0.0,-0.6342917680740356,0.7180370688438416,-9.056679725646973,0.0,0.0,0.0,0.0,0.0,0.0,0.0,0.0,0.0,0.0,0.0,0.0,0.0,0.0,0.0,0.30469274520874023,0.30469274520874023,0.304692804813385,0.30469274520874023,0.520768940448761,0.04114978387951851,0.04114978387951851,0.21100908517837524,4.453983306884766,3.7877604961395264,-0.20490248501300812,0.0,0.0,0.0,0.0,0.0,0.0,0.0
57149213858,0,-0.03492506593465805,-0.08393353968858719,-0.1559438705444336,-0.03492506593465805,-0.08393353968858719,-0.8559438586235046,0.2418268918991089,-0.02950718253850937,0.02109931968152523,0.0,0.0,0.0,-0.008253267966210842,-0.07137355208396912,2.366765022277832,0.0,0.0,2.366765022277832,0.049369990825653076,0.1684504747390747,0.2575860023498535,0.060194261372089386,0.5599734783172607,-0.0013922645011916757,0.0,0.0,0.0,-1.8938755989074707,10.34173583984375,-0.40567684173583984,10.21363353729248,1.8571171760559082,-10.0,-10.0,24.249971389770508,2.0,2.0,9.146536827087402,0.29590821266174316,0.28977540135383606,0.30357420444488525,0.29590821266174316,0.0,0.30469265580177307,0.30469265580177307,0.30469265580177307,0.30469265580177307,0.0,-0.6342917680740356,0.7180370688438416,-9.056679725646973,0.0,0.0,0.0,0.0,0.0,0.0,0.0,0.0,0.0,0.0,0.0,0.0,0.0,0.0,0.0,0.30469274520874023,0.30469274520874023,0.304692804813385,0.30469274520874023,0.520768940448761,0.04114978387951851,0.04114978387951851,0.21100908517837524,4.453983306884766,3.7877604961395264,-0.20490248501300812,0.0,0.0,0.0,0.0,0.0,0.0,0.0
57157333890,0,-0.03196903318166733,-0.08471259474754333,-0.15542086958885193,-0.03196903318166733,-0.08471259474754333,-0.8554208278656006,0.23720386624336243,-0.02942563220858574,0.02449183166027069,0.0,0.0,0.0,-0.007304681930691004,-0.06963926553726196,2.3695247173309326,0.0,0.0,2.3695247173309326,0.049369990825653076,0.1684504747390747,0.2575860023498535,0.0576537624001503,0.5480637550354004,-0.0012033003149554133,0.0,0.0,0.0,-1.8938755989074707,10.34173583984375,-0.40567684173583984,10.21363353729248,1.8581732511520386,-10.0,-10.0,24.249971389770508,2.0,2.0,9.146536827087402,0.29744139313697815,0.28977540135383606,0.30204102396965027,0.29590821266174316,0.0,0.30469265580177307,0.30469265580177307,0.30469265580177307,0.30469265580177307,0.0,-0.5616661906242371,0.23707209527492523,-9.733365058898926,0.0,0.0,0.0,0.0,0.0,0.0,0.0,0.0,0.0,0.0,0.0,0.0,0.0,0.0,0.0,0.30469274520874023,0.30469274520874023,0.304692804813385,0.30469274520874023,0.5021095871925354,0.04114978387951851,0.04114978387951851,0.22902730107307434,4.453983306884766,3.7877604961395264,-0.20490248501300812,0.0,0.0,0.0,0.0,0.0,0.0,0.0
57167380936,0,-0.02349100075662136,-0.08693622052669525,-0.15374289453029633,-0.02349100075662136,-0.08693622052669525,-0.8537428975105286,0.22960689663887024,-0.033960677683353424,0.02769274078309536,0.0,0.0,0.0,-0.0077149271965026855,-0.0656173899769783,2.3767082691192627,0.0,0.0,2.376708507537842,0.040688659995794296,0.17104054987430573,0.22747161984443665,0.06100878864526749,0.5215955972671509,-0.002595487516373396,0.0,0.0,0.0,-1.8481769561767578,10.345131874084473,-0.3586759567260742,10.198747634887695,1.8581732511520386,-10.0,-10.0,23.118173599243164,2.0,2.0,10.303507804870605,0.2989746034145355,0.28977540135383606,0.30204102396965027,0.29590821266174316,0.0,0.30469265580177307,0.30469265580177307,0.30469265580177307,0.30469265580177307,0.0,-0.45085638761520386,0.630433976650238,-9.920004844665527,0.0,0.0,0.0,0.0,0.0,0.0,0.0,0.0,0.0,0.0,0.0,0.0,0.0,0.0,0.0,0.30469274520874023,0.30469274520874023,0.304692804813385,0.30469274520874023,0.5021095871925354,0.04114978387951851,0.04114978387951851,0.22902730107307434,0.769951343536377,1.0450396537780762,-1.1507484912872314,0.0,0.0,0.0,0.0,0.0,0.0,0.0
57177224816,0,-0.020712587982416153,-0.08775601536035538,-0.15317296981811523,-0.020712587982416153,-0.08775601536035538,-0.8531729578971863,0.2222984880208969,-0.037181224673986435,0.029255924746394157,0.0,0.0,0.0,-0.007588624954223633,-0.06417973339557648,2.3790054321289062,0.0,0.0,2.3790054321289062,0.026946047320961952,0.16391299664974213,0.21565823256969452,0.06100878864526749,0.5215955972671509,-0.002595487516373396,0.0,0.0,0.0,-1.8481769561767578,10.345131874084473,-0.3586759567260742,10.198747634887695,1.860404372215271,-10.0,-9.998469352722168,23.118173599243164,2.0,2.0,10.303507804870605,0.2989746034145355,0.28977540135383606,0.30204102396965027,0.29590821266174316,0.0,0.30469265580177307,0.30469265580177307,0.30469265580177307,0.30469265580177307,0.0,-0.45085638761520386,0.630433976650238,-9.920004844665527,0.0,0.0,0.0,0.0,0.0,0.0,0.0,0.0,0.0,0.0,0.0,0.0,0.0,0.0,0.0,0.30469274520874023,0.30469274520874023,0.304692804813385,0.30469274520874023,0.4827369451522827,0.04114978387951851,0.04114978387951851,0.25122007727622986,-0.20117802917957306,0.23413819074630737,-1.1316355466842651,0.0,0.0,0.0,0.0,0.0,0.0,0.0
57187569857,0,-0.020712587982416153,-0.08775601536035538,-0.15317296981811523,-0.020712587982416153,-0.08775601536035538,-0.8531729578971863,0.2222984880208969,-0.037181224673986435,0.029255924746394157,0.0,0.0,0.0,-0.007588624954223633,-0.06417973339557648,2.3790054321289062,0.0,0.0,2.3790054321289062,0.01753353141248226,0.16379870474338531,0.20298604667186737,0.059694718569517136,0.5042491555213928,-0.0009614317677915096,0.0,0.0,0.0,-1.8138172626495361,10.339038848876953,-0.33837890625,10.182666778564453,1.8610650300979614,-10.0,-9.99052619934082,22.60140609741211,2.0,2.0,10.769792556762695,0.2989746034145355,0.28977540135383606,0.30357420444488525,0.29590821266174316,0.0,0.30469265580177307,0.30469265580177307,0.30469265580177307,0.30469265580177307,0.0,-0.28056225180625916,0.6786577105522156,-9.827170372009277,0.0,0.0,0.0,0.0,0.0,0.0,0.0,0.0,0.0,0.0,0.0,0.0,0.0,0.0,0.0,0.30469274520874023,0.30469274520874023,0.304692804813385,0.30469274520874023,0.48062169551849365,0.04114978387951851,0.04114978387951851,0.25349241495132446,-0.5439255237579346,0.14115631580352783,-1.1749788522720337,0.0,0.0,0.0,0.0,0.0,0.0,0.0
57198729949,0,-0.020712587982416153,-0.08775601536035538,-0.15317296981811523,-0.015611991286277771,-0.08941352367401123,-0.8520565629005432,0.2222984880208969,-0.037181224673986435,0.029255924746394157,0.0,0.0,0.0,-0.007588624954223633,-0.06417973339557648,2.3790054321289062,0.0,0.0,2.3828365802764893,0.007473600562661886,0.17367573082447052,0.18794827163219452,0.06047219783067703,0.49059996008872986,-0.0008329336997121572,0.0,0.0,0.0,-1.8007980585098267,10.31119441986084,-0.3252239227294922,10.17579460144043,1.8610650300979614,-10.0,-9.99052619934082,22.243078231811523,2.0,2.0,11.046797752380371,0.29744139313697815,0.28977540135383606,0.30357420444488525,0.29590821266174316,0.0,0.30469265580177307,0.30469265580177307,0.30469265580177307,0.30469265580177307,0.0,-0.36054596304893494,0.266428142786026,-9.550247192382812,0.0,0.0,0.0,0.0,0.0,0.0,0.0,0.0,0.0,0.0,0.0,0.0,0.0,0.0,0.0,0.30469274520874023,0.30469274520874023,0.304692804813385,0.30469274520874023,0.48062169551849365,0.04114978387951851,0.04114978387951851,0.25349241495132446,-0.8017627596855164,0.5729730725288391,-1.3959459066390991,0.0,0.0,0.0,0.0,0.0,0.0,0.0
57207136588,0,-0.015611991286277771,-0.08941352367401123,-0.15205658972263336,-0.01067383773624897,-0.09116324782371521,-0.8508655428886414,0.21561671793460846,-0.04000195115804672,0.03232039138674736,0.0,0.0,0.0,-0.007719432003796101,-0.0607537142932415,2.3828365802764893,0.0,0.0,2.3859505653381348,0.007473600562661886,0.17367573082447052,0.18794827163219452,0.06047219783067703,0.49059996008872986,-0.0008329336997121572,0.0,0.0,0.0,-1.8007980585098267,10.31119441986084,-0.3252239227294922,10.17579460144043,1.8619663715362549,-10.0,-9.973640441894531,22.243078231811523,2.0,2.0,11.046797752380371,0.29744139313697815,0.28977540135383606,0.30357420444488525,0.29590821266174316,0.0,0.30469265580177307,0.30469265580177307,0.30469265580177307,0.30469265580177307,0.0,-0.36054596304893494,0.266428142786026,-9.550247192382812,0.0,0.0,0.0,0.0,0.0,0.0,0.0,0.0,0.0,0.0,0.0,0.0,0.0,0.0,0.0,0.30469274520874023,0.30469274520874023,0.304692804813385,0.30469274520874023,0.46570396423339844,0.04114978387951851,0.04114978387951851,0.2662826478481293,-0.8017627596855164,0.5729730725288391,-1.3959459066390991,0.0,0.0,0.0,0.0,0.0,0.0,0.0
57217647065,0,-0.01067383773624897,-0.09116324782371521,-0.1508655548095703,-0.01067383773624897,-0.09116324782371521,-0.8508655428886414,0.21011368930339813,-0.044222064316272736,0.034561097621917725,0.0,0.0,0.0,-0.007950175553560257,-0.05712829902768135,2.3859505653381348,0.0,0.0,2.3859505653381348,-0.006195741705596447,0.1922484040260315,0.16406914591789246,0.06301097571849823,0.45412832498550415,-0.0015247289557009935,0.0,0.0,0.0,-1.7829456329345703,10.264142036437988,-0.3046121597290039,10.166662216186523,1.8619663715362549,-10.0,-9.973640441894531,21.665939331054688,2.0,2.0,11.479700088500977,0.29744139313697815,0.28977540135383606,0.30357420444488525,0.29590821266174316,0.0,0.30469265580177307,0.30469265580177307,0.30469265580177307,0.30469265580177307,0.0,-0.3335716724395752,0.48101872205734253,-9.860759735107422,0.0,0.0,0.0,0.0,0.0,0.0,0.0,0.0,0.0,0.0,0.0,0.0,0.0,0.0,0.0,0.30469274520874023,0.30469274520874023,0.304692804813385,0.30469274520874023,0.46570396423339844,0.04114978387951851,0.04114978387951851,0.2662826478481293,-0.9527415037155151,1.0648105144500732,-1.7090891599655151,0.0,0.0,0.0,0.0,0.0,0.0,0.0
57227316132,0,-0.01067383773624897,-0.09116324782371521,-0.1508655548095703,-0.01067383773624897,-0.09116324782371521,-0.8508655428886414,0.21011368930339813,-0.044222064316272736,0.034561097621917725,0.0,0.0,0.0,-0.007950175553560257,-0.05712829902768135,2.3859505653381348,0.0,0.0,2.3859505653381348,-0.006195741705596447,0.1922484040260315,0.16406914591789246,0.06301097571849823,0.45412832498550415,-0.0015247289557009935,0.0,0.0,0.0,-1.7829456329345703,10.264142036437988,-0.3046121597290039,10.166662216186523,1.8623019456863403,-10.0,-9.953415870666504,21.665939331054688,2.0,2.0,11.479700088500977,0.2989746034145355,0.28977540135383606,0.30357420444488525,0.29590821266174316,0.0,0.30469265580177307,0.30469265580177307,0.30469265580177307,0.30469265580177307,0.0,-0.3335716724395752,0.48101872205734253,-9.860759735107422,0.0,0.0,0.0,0.0,0.0,0.0,0.0,0.0,0.0,0.0,0.0,0.0,0.0,0.0,0.0,0.30469274520874023,0.30469274520874023,0.304692804813385,0.30469274520874023,0.4488977789878845,0.04114978387951851,0.04114978387951851,0.2846423089504242,-0.9527415037155151,1.0648105144500732,-1.7090891599655151,0.0,0.0,0.0,0.0,0.0,0.0,0.0
57237429701,0,-0.005955370143055916,-0.09304656088352203,-0.14968250691890717,-0.005955370143055916,-0.09304656088352203,-0.8496825098991394,0.19864259660243988,-0.04835569113492966,0.03358105942606926,0.0,0.0,0.0,-0.007068897597491741,-0.05488215386867523,2.3886754512786865,0.0,0.0,2.3886752128601074,0.023769661784172058,0.16175079345703125,0.12176442891359329,0.054778993129730225,0.43044108152389526,-0.00040479013114236295,0.0,0.0,0.0,-1.8402814865112305,10.277236938476562,-0.2745628356933594,10.149666786193848,1.8623019456863403,-10.0,-9.953415870666504,20.80176544189453,2.0,2.0,12.3811616897583,0.2989746034145355,0.28977540135383606,0.30357420444488525,0.29590821266174316,0.0,0.30469265580177307,0.30469265580177307,0.30469265580177307,0.30469265580177307,0.0,-0.26953408122062683,0.4114491939544678,-9.88525104522705,0.0,0.0,0.0,0.0,0.0,0.0,0.0,0.0,0.0,0.0,0.0,0.0,0.0,0.0,0.0,0.30469274520874023,0.30469274520874023,0.304692804813385,0.30469274520874023,0.4488977789878845,0.04114978387951851,0.04114978387951851,0.2846423089504242,0.8851226568222046,-0.8546914458274841,-1.5987266302108765,0.0,0.0,0.0,0.0,0.0,0.0,0.0
57247541237,0,-0.003670080564916134,-0.09399868547916412,-0.14909112453460693,-0.003670080564916134,-0.09399868547916412,-0.849091112613678,0.19704832136631012,-0.04814925789833069,0.03284106031060219,0.0,0.0,0.0,-0.006960911210626364,-0.0532788410782814,2.389711618423462,0.0,0.0,2.389711618423462,0.020321611315011978,0.17021173238754272,0.10350816696882248,0.056028444319963455,0.41536784172058105,-0.00029253691900521517,0.0,0.0,0.0,-1.8296054601669312,10.24500560760498,-0.2580718994140625,10.141805648803711,1.8623019456863403,-10.0,-9.953415870666504,20.335514068603516,2.0,2.0,12.74275016784668,0.2989746034145355,0.28977540135383606,0.30357420444488525,0.29590821266174316,0.0,0.30469265580177307,0.30469265580177307,0.30469265580177307,0.30469265580177307,0.0,-0.29999494552612305,0.033928848803043365,-9.893210411071777,0.0,0.0,0.0,0.0,0.0,0.0,0.0,0.0,0.0,0.0,0.0,0.0,0.0,0.0,0.0,0.30469274520874023,0.30469274520874023,0.304692804813385,0.30469274520874023,0.4488977789878845,0.04114978387951851,0.04114978387951851,0.2846423089504242,0.25648176670074463,0.01501858327537775,-1.669276237487793,0.0,0.0,0.0,0.0,0.0,0.0,0.0
57257568444,0,-0.003670080564916134,-0.09399868547916412,-0.14909112453460693,-0.003670080564916134,-0.09399868547916412,-0.849091112613678,0.19704832136631012,-0.04814925789833069,0.03284106031060219,0.0,0.0,0.0,-0.006960911210626364,-0.0532788410782814,2.389711618423462,0.0,0.0,2.389711618423462,-0.002955817151814699,0.19618095457553864,0.072687067091465,0.056028444319963455,0.41536784172058105,-0.00029253691900521517,0.0,0.0,0.0,-1.7933294773101807,10.180670738220215,-0.2310028076171875,10.127350807189941,1.862839937210083,-10.0,-9.937460899353027,19.589752197265625,2.0,2.0,13.286360740661621,0.2989746034145355,0.2882421910762787,0.30357420444488525,0.29590821266174316,0.0,0.30469265580177307,0.30469265580177307,0.30469265580177307,0.30469265580177307,0.0,-0.29999494552612305,0.033928848803043365,-9.893210411071777,0.0,0.0,0.0,0.0,0.0,0.0,0.0,0.0,0.0,0.0,0.0,0.0,0.0,0.0,0.0,0.30469274520874023,0.30469274520874023,0.304692804813385,0.30469274520874023,0.4258030951023102,0.04114978387951851,0.04114978387951851,0.3032782971858978,-0.7413365244865417,0.6962383389472961,-1.5590189695358276,0.0,0.0,0.0,0.0,0.0,0.0,0.0
57267303549,0,0.0007281590951606631,-0.09595593065023422,-0.14793793857097626,0.0007281590951606631,-0.09595593065023422,-0.8479379415512085,0.18938055634498596,-0.05068621039390564,0.031002802774310112,0.0,0.0,0.0,-0.007346747443079948,-0.049042075872421265,2.391307830810547,0.0,0.0,2.391307830810547,-0.002955817151814699,0.19618095457553864,0.072687067091465,0.059076063334941864,0.3838140070438385,-0.00019576656632125378,0.0,0.0,0.0,-1.7933294773101807,10.180670738220215,-0.2310028076171875,10.127350807189941,1.862676978111267,-10.0,-9.933435440063477,19.589752197265625,2.0,2.0,13.286360740661621,0.2989746034145355,0.28977540135383606,0.30357420444488525,0.29590821266174316,0.0,0.30469265580177307,0.30469265580177307,0.30469265580177307,0.30469265580177307,0.0,-0.1911613494157791,0.49613645672798157,-9.914146423339844,0.0,0.0,0.0,0.0,0.0,0.0,0.0,0.0,0.0,0.0,0.0,0.0,0.0,0.0,0.0,0.30469274520874023,0.30469274520874023,0.304692804813385,0.30469274520874023,0.4258030951023102,0.04114978387951851,0.04114978387951851,0.3032782971858978,-0.7413365244865417,0.6962383389472961,-1.5590189695358276,0.0,0.0,0.0,0.0,0.0,0.0,0.0
57277458873,0,0.0028271381743252277,-0.0969594419002533,-0.14737792313098907,0.0028271381743252277,-0.0969594419002533,-0.8473778963088989,0.1853724867105484,-0.0523403063416481,0.030564364045858383,0.0,0.0,0.0,-0.007447150535881519,-0.047725968062877655,2.3920183181762695,0.0,0.0,2.3920183181762695,-0.002955817151814699,0.19618095457553864,0.072687067091465,0.059213120490312576,0.37565410137176514,-0.00018657351029105484,0.0,0.0,0.0,-1.7919663190841675,10.208151817321777,-0.2213134765625,10.119656562805176,1.862676978111267,-10.0,-9.933435440063477,19.382570266723633,2.0,2.0,13.58154582977295,0.2989746034145355,0.28977540135383606,0.30357420444488525,0.29590821266174316,0.0,0.30469265580177307,0.30469265580177307,0.30469265580177307,0.30469265580177307,0.0,-0.1911613494157791,0.49613645672798157,-9.914146423339844,0.0,0.0,0.0,0.0,0.0,0.0,0.0,0.0,0.0,0.0,0.0,0.0,0.0,0.0,0.0,0.30469274520874023,0.30469274520874023,0.304692804813385,0.30469274520874023,0.4258030951023102,0.04114978387951851,0.04114978387951851,0.3032782971858978,-0.7413365244865417,0.6962383389472961,-1.5590189695358276,0.0,0.0,0.0,0.0,0.0,0.0,0.0
57287360036,0,0.0028271381743252277,-0.0969594419002533,-0.14737792313098907,0.0028271381743252277,-0.0969594419002533,-0.8473778963088989,0.1853724867105484,-0.0523403063416481,0.030564364045858383,0.0,0.0,0.0,-0.007447150535881519,-0.047725968062877655,2.3920183181762695,0.0,0.0,2.3920183181762695,-0.002955817151814699,0.19618095457553864,0.072687067091465,0.059213120490312576,0.37565410137176514,-0.00018657351029105484,0.0,0.0,0.0,-1.7919663190841675,10.208151817321777,-0.2213134765625,10.119656562805176,1.8623956441879272,-10.0,-9.929137229919434,19.382570266723633,2.0,2.0,13.58154582977295,0.2989746034145355,0.28977540135383606,0.30357420444488525,0.29590821266174316,0.0,0.30469265580177307,0.30469265580177307,0.30469265580177307,0.30469265580177307,0.0,-0.2978110611438751,0.4637836217880249,-9.867964744567871,0.0,0.0,0.0,0.0,0.0,0.0,0.0,0.0,0.0,0.0,0.0,0.0,0.0,0.0,0.0,0.30469274520874023,0.30469274520874023,0.304692804813385,0.30469274520874023,0.4181886315345764,0.04114978387951851,0.04114978387951851,0.31360363960266113,-0.7413365244865417,0.6962383389472961,-1.5590189695358276,0.0,0.0,0.0,0.0,0.0,0.0,0.0
57297477622,0,0.008727225475013256,-0.10004007071256638,-0.14576955139636993,0.008727225475013256,-0.10004007071256638,-0.8457695245742798,0.1743943691253662,-0.055887673050165176,0.02628377079963684,0.0,0.0,0.0,-0.007046129554510117,-0.044649701565504074,2.3936877250671387,0.0,0.0,2.3936877250671387,0.004636131692677736,0.138684943318367,0.04559268057346344,0.055950067937374115,0.35494208335876465,-0.0004176453221589327,0.0,0.0,0.0,-1.8126176595687866,10.234651565551758,-0.20712566375732422,10.105595588684082,1.8623956441879272,-10.0,-9.929137229919434,19.020763397216797,2.0,2.0,14.028095245361328,0.2989746034145355,0.28977540135383606,0.30357420444488525,0.29590821266174316,0.0,0.30469265580177307,0.30469265580177307,0.30469265580177307,0.30469265580177307,0.0,-0.2978110611438751,0.4637836217880249,-9.867964744567871,0.0,0.0,0.0,0.0,0.0,0.0,0.0,0.0,0.0,0.0,0.0,0.0,0.0,0.0,0.0,0.30469274520874023,0.30469274520874023,0.304692804813385,0.30469274520874023,0.4181886315345764,0.04114978387951851,0.04114978387951851,0.31360363960266113,0.28506553173065186,-1.2736774682998657,-0.9213610887527466,0.0,0.0,0.0,0.0,0.0,0.0,0.0
57307170217,0,0.008727225475013256,-0.10004007071256638,-0.14576955139636993,0.008727225475013256,-0.10004007071256638,-0.8457695245742798,0.1743943691253662,-0.055887673050165176,0.02628377079963684,0.0,0.0,0.0,-0.007046129554510117,-0.044649701565504074,2.3936877250671387,0.0,0.0,2.3936877250671387,0.014935309067368507,0.1626131683588028,0.03978055715560913,0.055950067937374115,0.35494208335876465,-0.0004176453221589327,0.0,0.0,0.0,-1.8126176595687866,10.234651565551758,-0.20712566375732422,10.105595588684082,1.8617786169052124,-10.0,-9.91842269897461,18.696672439575195,2.0,2.0,14.113541603088379,0.2989746034145355,0.28977540135383606,0.30357420444488525,0.29590821266174316,0.0,0.30469265580177307,0.30469265580177307,0.30469265580177307,0.30469265580177307,0.0,-0.09937519580125809,0.3524436354637146,-10.07477855682373,0.0,0.0,0.0,0.0,0.0,0.0,0.0,0.0,0.0,0.0,0.0,0.0,0.0,0.0,0.0,0.30469274520874023,0.30469274520874023,0.304692804813385,0.30469274520874023,0.4085521697998047,0.04114978387951851,0.04114978387951851,0.32111480832099915,0.4022001028060913,0.5640583038330078,-0.47590094804763794,0.0,0.0,0.0,0.0,0.0,0.0,0.0
57317208001,0,0.012273919768631458,-0.10208065807819366,-0.1447802037000656,0.012273919768631458,-0.10208065807819366,-0.8447802066802979,0.1636192351579666,-0.058038026094436646,0.024685727432370186,0.0,0.0,0.0,-0.006685425527393818,-0.04123159125447273,2.3946993350982666,0.0,0.0,2.3946995735168457,0.014935309067368507,0.1626131683588028,0.03978055715560913,0.052648015320301056,0.32146111130714417,-8.992618677439168e-05,0.0,0.0,0.0,-1.82758367061615,10.159520149230957,-0.20021438598632812,10.091785430908203,1.8616353273391724,-10.0,-9.915070533752441,18.696672439575195,2.0,2.0,14.113541603088379,0.2989746034145355,0.28977540135383606,0.30357420444488525,0.29590821266174316,0.0,0.30469265580177307,0.30469265580177307,0.30469265580177307,0.30469265580177307,0.0,-0.01393126230686903,0.31979724764823914,-9.828116416931152,0.0,0.0,0.0,0.0,0.0,0.0,0.0,0.0,0.0,0.0,0.0,0.0,0.0,0.0,0.0,0.30469274520874023,0.30469274520874023,0.304692804813385,0.30469274520874023,0.4085521697998047,0.04114978387951851,0.04114978387951851,0.32111480832099915,0.4022001028060913,0.5640583038330078,-0.47590094804763794,0.0,0.0,0.0,0.0,0.0,0.0,0.0
57327554429,0,0.013942833989858627,-0.10309470444917679,-0.1442856788635254,0.013942833989858627,-0.10309470444917679,-0.8442856669425964,0.16054090857505798,-0.058299582451581955,0.02582518942654133,0.0,0.0,0.0,-0.0066132680512964725,-0.03966977074742317,2.395077705383301,0.0,0.0,2.395077705383301,0.014126531779766083,0.171419158577919,0.035992592573165894,0.0520082525908947,0.3096584379673004,-0.00013927006511949003,0.0,0.0,0.0,-1.8253705501556396,10.13151741027832,-0.19368553161621094,10.084473609924316,1.8616353273391724,-10.0,-9.915070533752441,18.48435401916504,2.0,2.0,14.235516548156738,0.2989746034145355,0.28977540135383606,0.30357420444488525,0.29590821266174316,0.0,0.30469265580177307,0.30469265580177307,0.30469265580177307,0.30469265580177307,0.0,-0.01393126230686903,0.31979724764823914,-9.828116416931152,0.0,0.0,0.0,0.0,0.0,0.0,0.0,0.0,0.0,0.0,0.0,0.0,0.0,0.0,0.0,0.30469274520874023,0.30469274520874023,0.304692804813385,0.30469274520874023,0.4085521697998047,0.04114978387951851,0.04114978387951851,0.32111480832099915,0.16896022856235504,0.6722111701965332,-0.41931039094924927,0.0,0.0,0.0,0.0,0.0,0.0,0.0
57337673467,0,0.013942833989858627,-0.10309470444917679,-0.1442856788635254,0.013942833989858627,-0.10309470444917679,-0.8442856669425964,0.16054090857505798,-0.058299582451581955,0.02582518942654133,0.0,0.0,0.0,-0.0066132680512964725,-0.03966977074742317,2.395077705383301,0.0,0.0,2.395077705383301,0.009168341755867004,0.1618468165397644,0.03555159270763397,0.0520082525908947,0.3096584379673004,-0.00013927006511949003,0.0,0.0,0.0,-1.8253705501556396,10.13151741027832,-0.19368553161621094,10.084473609924316,1.8612360954284668,-10.0,-9.909313201904297,18.37166404724121,2.0,2.0,14.343130111694336,0.2989746034145355,0.28977540135383606,0.30357420444488525,0.29590821266174316,0.0,0.30469265580177307,0.30469265580177307,0.30469265580177307,0.30469265580177307,0.0,-0.1678769588470459,0.20669890940189362,-9.670894622802734,0.0,0.0,0.0,0.0,0.0,0.0,0.0,0.0,0.0,0.0,0.0,0.0,0.0,0.0,0.0,0.30469274520874023,0.30469274520874023,0.304692804813385,0.30469274520874023,0.40115514397621155,0.04114978387951851,0.04114978387951851,0.3261975049972534,-0.12286411225795746,-0.2368278205394745,-0.08674722909927368,0.0,0.0,0.0,0.0,0.0,0.0,0.0
57347410967,0,0.01708667352795601,-0.10508794337511063,-0.1432507038116455,0.01708667352795601,-0.10508794337511063,-0.8432506918907166,0.15377263724803925,-0.060980550944805145,0.030270302668213844,0.0,0.0,0.0,-0.006454331334680319,-0.03703324869275093,2.3959450721740723,0.0,0.0,2.3959450721740723,0.009168341755867004,0.1618468165397644,0.03555159270763397,0.05119642615318298,0.28963950276374817,-0.00018557425937615335,0.0,0.0,0.0,-1.8178520202636719,10.13016128540039,-0.1890106201171875,10.071100234985352,1.8612360954284668,-10.0,-9.909313201904297,18.37166404724121,2.0,2.0,14.343130111694336,0.2989746034145355,0.28977540135383606,0.30357420444488525,0.29590821266174316,0.0,0.30469265580177307,0.30469265580177307,0.30469265580177307,0.30469265580177307,0.0,-0.06434094160795212,0.25582078099250793,-9.665489196777344,0.0,0.0,0.0,0.0,0.0,0.0,0.0,0.0,0.0,0.0,0.0,0.0,0.0,0.0,0.0,0.30469274520874023,0.30469274520874023,0.304692804813385,0.30469274520874023,0.40115514397621155,0.04114978387951851,0.04114978387951851,0.3261975049972534,-0.12286411225795746,-0.2368278205394745,-0.08674722909927368,0.0,0.0,0.0,0.0,0.0,0.0,0.0
57357459714,0,0.01708667352795601,-0.10508794337511063,-0.1432507038116455,0.01708667352795601,-0.10508794337511063,-0.8432506918907166,0.15377263724803925,-0.060980550944805145,0.030270302668213844,0.0,0.0,0.0,-0.006454331334680319,-0.03703324869275093,2.3959450721740723,0.0,0.0,2.3959450721740723,0.01681806892156601,0.17096498608589172,0.03197988122701645,0.05119642615318298,0.28963950276374817,-0.00018557425937615335,0.0,0.0,0.0,-1.8178520202636719,10.13016128540039,-0.1890106201171875,10.071100234985352,1.8606843948364258,-10.0,-9.903881072998047,17.95345687866211,2.0,2.0,14.631830215454102,0.2989746034145355,0.28977540135383606,0.30357420444488525,0.29590821266174316,0.0,0.30469265580177307,0.30469265580177307,0.30469265580177307,0.30469265580177307,0.0,-0.06434094160795212,0.25582078099250793,-9.665489196777344,0.0,0.0,0.0,0.0,0.0,0.0,0.0,0.0,0.0,0.0,0.0,0.0,0.0,0.0,0.0,0.30469274520874023,0.30469274520874023,0.304692804813385,0.30469274520874023,0.397519052028656,0.04114978387951851,0.04114978387951851,0.3284294009208679,0.27013519406318665,0.44139111042022705,-0.23010244965553284,0.0,0.0,0.0,0.0,0.0,0.0,0.0
57367595316,0,0.020005159080028534,-0.1070505753159523,-0.1421722173690796,0.020005159080028534,-0.1070505753159523,-0.8421722054481506,0.14611665904521942,-0.06270899623632431,0.032173220068216324,0.0,0.0,0.0,-0.006068255752325058,-0.03423849493265152,2.396892786026001,0.0,0.0,2.39689302444458,0.01681806892156601,0.17096498608589172,0.03197988122701645,0.05119642615318298,0.28963950276374817,-0.00018557425937615335,0.0,0.0,0.0,-1.83281409740448,10.089582443237305,-0.17641258239746094,10.057022094726562,1.8606843948364258,-10.0,-9.903881072998047,17.95345687866211,2.0,2.0,14.631830215454102,0.2989746034145355,0.28977540135383606,0.30357420444488525,0.29590821266174316,0.0,0.30469265580177307,0.30469265580177307,0.30469265580177307,0.30469265580177307,0.0,-0.06434094160795212,0.25582078099250793,-9.665489196777344,0.0,0.0,0.0,0.0,0.0,0.0,0.0,0.0,0.0,0.0,0.0,0.0,0.0,0.0,0.0,0.30469274520874023,0.30469274520874023,0.304692804813385,0.30469274520874023,0.397519052028656,0.04114978387951851,0.04114978387951851,0.3284294009208679,0.27013519406318665,0.44139111042022705,-0.23010244965553284,0.0,0.0,0.0,0.0,0.0,0.0,0.0
57377438287,0,0.02135183848440647,-0.10801954567432404,-0.14161816239356995,0.02135183848440647,-0.10801954567432404,-0.8416181802749634,0.143006831407547,-0.06228593364357948,0.03314513340592384,0.0,0.0,0.0,-0.005819781217724085,-0.03241537883877754,2.3971469402313232,0.0,0.0,2.3971469402313232,0.01837577298283577,0.1831136792898178,0.025915274396538734,0.04550344869494438,0.2505181133747101,-3.865546204906423e-06,0.0,0.0,0.0,-1.8354637622833252,10.059147834777832,-0.1662130355834961,10.051095962524414,1.8606843948364258,-10.0,-9.903881072998047,17.633586883544922,2.0,2.0,14.853851318359375,0.2989746034145355,0.28977540135383606,0.30357420444488525,0.29590821266174316,0.0,0.30469265580177307,0.30469265580177307,0.30469265580177307,0.30469265580177307,0.0,-0.06434094160795212,0.25582078099250793,-9.665489196777344,0.0,0.0,0.0,0.0,0.0,0.0,0.0,0.0,0.0,0.0,0.0,0.0,0.0,0.0,0.0,0.30469274520874023,0.30469274520874023,0.304692804813385,0.30469274520874023,0.397519052028656,0.04114978387951851,0.04114978387951851,0.3284294009208679,0.22508592903614044,0.8256320953369141,-0.42218896746635437,0.0,0.0,0.0,0.0,0.0,0.0,0.0
57387453398,0,0.02135183848440647,-0.10801954567432404,-0.14161816239356995,0.02135183848440647,-0.10801954567432404,-0.8416181802749634,0.143006831407547,-0.06228593364357948,0.03314513340592384,0.0,0.0,0.0,-0.005819781217724085,-0.03241537883877754,2.3971469402313232,0.0,0.0,2.3971469402313232,0.018231205642223358,0.18811273574829102,0.022555334493517876,0.04550344869494438,0.2505181133747101,-3.865546204906423e-06,0.0,0.0,0.0,-1.8354637622833252,10.059147834777832,-0.1662130355834961,10.051095962524414,1.859992504119873,-10.0,-9.896708488464355,17.633586883544922,2.0,2.0,14.853851318359375,0.2989746034145355,0.2882421910762787,0.30357420444488525,0.29590821266174316,0.0,0.30469265580177307,0.30469265580177307,0.30469265580177307,0.30469265580177307,0.0,-0.03841695189476013,0.158386692404747,-9.730216026306152,0.0,0.0,0.0,0.0,0.0,0.0,0.0,0.0,0.0,0.0,0.0,0.0,0.0,0.0,0.0,0.30469274520874023,0.30469274520874023,0.304692804813385,0.30469274520874023,0.3833957314491272,0.04114978387951851,0.04114978387951851,0.33845481276512146,0.10685987025499344,0.6287806034088135,-0.3613378405570984,0.0,0.0,0.0,0.0,0.0,0.0,0.0
57397507083,0,0.025054380297660828,-0.11078158766031265,-0.13994204998016357,0.025054380297660828,-0.11078158766031265,-0.8399420380592346,0.13165493309497833,-0.061951473355293274,0.034282077103853226,0.0,0.0,0.0,-0.005389465484768152,-0.027629652991890907,2.3980557918548584,0.0,0.0,2.3980557918548584,0.01682651974260807,0.18338514864444733,0.022540323436260223,0.04282000660896301,0.21965254843235016,-0.00038148765452206135,0.0,0.0,0.0,-1.8335411548614502,10.040571212768555,-0.15768814086914062,10.038477897644043,1.859992504119873,-10.0,-9.896708488464355,17.383743286132812,2.0,2.0,15.043631553649902,0.2989746034145355,0.28977540135383606,0.30357420444488525,0.29590821266174316,0.0,0.30469265580177307,0.30469265580177307,0.30469265580177307,0.30469265580177307,0.0,0.03094480186700821,0.18785211443901062,-9.830744743347168,0.0,0.0,0.0,0.0,0.0,0.0,0.0,0.0,0.0,0.0,0.0,0.0,0.0,0.0,0.0,0.30469274520874023,0.30469274520874023,0.304692804813385,0.30469274520874023,0.3833957314491272,0.04114978387951851,0.04114978387951851,0.33845481276512146,-0.01004745252430439,0.11393821984529495,-0.2068050056695938,0.0,0.0,0.0,0.0,0.0,0.0,0.0
57407240717,0,0.025054380297660828,-0.11078158766031265,-0.13994204998016357,0.025054380297660828,-0.11078158766031265,-0.8399420380592346,0.13165493309497833,-0.061951473355293274,0.034282077103853226,0.0,0.0,0.0,-0.005389465484768152,-0.027629652991890907,2.3980557918548584,0.0,0.0,2.3980557918548584,0.008628328330814838,0.17190569639205933,0.0145976347848773,0.04282000660896301,0.21965254843235016,-0.00038148765452206135,0.0,0.0,0.0,-1.8229180574417114,10.021657943725586,-0.14085769653320312,10.025216102600098,1.8593597412109375,-10.0,-9.892358779907227,16.92972183227539,2.0,2.0,15.435609817504883,0.2989746034145355,0.28977540135383606,0.30357420444488525,0.29590821266174316,0.0,0.30469265580177307,0.30469265580177307,0.30469265580177307,0.30469265580177307,0.0,0.03397106006741524,0.16716717183589935,-9.924895286560059,0.0,0.0,0.0,0.0,0.0,0.0,0.0,0.0,0.0,0.0,0.0,0.0,0.0,0.0,0.0,0.30469274520874023,0.30469274520874023,0.304692804813385,0.30469274520874023,0.3772452175617218,0.04114978387951851,0.04114978387951851,0.3447484076023102,-0.316470205783844,-0.2759101092815399,-0.38097819685935974,0.0,0.0,0.0,0.0,0.0,0.0,0.0
57417305058,0,0.02718513458967209,-0.11247900873422623,-0.13884037733078003,0.02718513458967209,-0.11247900873422623,-0.8388403654098511,0.12441500276327133,-0.060711633414030075,0.031926847994327545,0.0,0.0,0.0,-0.0052391234785318375,-0.024820825085043907,2.3984856605529785,0.0,0.0,2.3984856605529785,0.004499142989516258,0.17426103353500366,0.009486625902354717,0.04172906652092934,0.19080495834350586,-2.127339757862501e-05,0.0,0.0,0.0,-1.8181562423706055,10.004291534423828,-0.13192462921142578,10.018712997436523,1.8593597412109375,-10.0,-9.892358779907227,16.6748104095459,2.0,2.0,15.632491111755371,0.2989746034145355,0.28977540135383606,0.30357420444488525,0.29590821266174316,0.0,0.30469265580177307,0.30469265580177307,0.30469265580177307,0.30469265580177307,0.0,0.02108888141810894,0.13668708503246307,-10.01630687713623,0.0,0.0,0.0,0.0,0.0,0.0,0.0,0.0,0.0,0.0,0.0,0.0,0.0,0.0,0.0,0.30469274520874023,0.30469274520874023,0.304692804813385,0.30469274520874023,0.3772452175617218,0.04114978387951851,0.04114978387951851,0.3447484076023102,-0.3439306914806366,-0.030253726989030838,-0.4255344867706299,0.0,0.0,0.0,0.0,0.0,0.0,0.0
57427247016,0,0.028148019686341286,-0.11330826580524445,-0.13830788433551788,0.028148019686341286,-0.11330826580524445,-0.8383078575134277,0.12177740037441254,-0.0590970441699028,0.030421145260334015,0.0,0.0,0.0,-0.005234600510448217,-0.023200945928692818,2.3986427783966064,0.0,0.0,2.3986430168151855,0.004499142989516258,0.17426103353500366,0.009486625902354717,0.04161544516682625,0.17824991047382355,-2.7083762688562274e-05,0.0,0.0,0.0,-1.8181562423706055,10.004291534423828,-0.13192462921142578,10.018712997436523,1.858493447303772,-10.0,-9.88892650604248,16.6748104095459,2.0,2.0,15.632491111755371,0.2989746034145355,0.28977540135383606,0.30357420444488525,0.29590821266174316,0.0,0.30469265580177307,0.30469265580177307,0.30469265580177307,0.30469265580177307,0.0,0.022059643641114235,0.09697894752025604,-10.010429382324219,0.0,0.0,0.0,0.0,0.0,0.0,0.0,0.0,0.0,0.0,0.0,0.0,0.0,0.0,0.0,0.30469274520874023,0.30469274520874023,0.304692804813385,0.30469274520874023,0.3772452175617218,0.04114978387951851,0.04114978387951851,0.3447484076023102,-0.3439306914806366,-0.030253726989030838,-0.4255344867706299,0.0,0.0,0.0,0.0,0.0,0.0,0.0
57437634566,0,0.028148019686341286,-0.11330826580524445,-0.13830788433551788,0.028148019686341286,-0.11330826580524445,-0.8383078575134277,0.12177740037441254,-0.0590970441699028,0.030421145260334015,0.0,0.0,0.0,-0.005234600510448217,-0.023200945928692818,2.3986427783966064,0.0,0.0,2.3986430168151855,0.003920517396181822,0.16463862359523773,0.0017182027222588658,0.04161544516682625,0.17824991047382355,-2.7083762688562274e-05,0.0,0.0,0.0,-1.8181562423706055,10.004291534423828,-0.13192462921142578,10.018712997436523,1.8579739332199097,-10.0,-9.887298583984375,16.277565002441406,2.0,2.0,16.00642967224121,0.2989746034145355,0.28977540135383606,0.30357420444488525,0.29590821266174316,0.0,0.30469265580177307,0.30469265580177307,0.30469265580177307,0.30469265580177307,0.0,0.022059643641114235,0.09697894752025604,-10.010429382324219,0.0,0.0,0.0,0.0,0.0,0.0,0.0,0.0,0.0,0.0,0.0,0.0,0.0,0.0,0.0,0.30469274520874023,0.30469274520874023,0.304692804813385,0.30469274520874023,0.3641681671142578,0.04114978387951851,0.04114978387951851,0.35539117455482483,-0.12891103327274323,-0.48717784881591797,-0.4150939881801605,0.0,0.0,0.0,0.0,0.0,0.0,0.0
57447428766,0,0.02982463873922825,-0.11497028172016144,-0.13730017840862274,0.02982463873922825,-0.11497028172016144,-0.837300181388855,0.11509694159030914,-0.058181267231702805,0.02972414530813694,0.0,0.0,0.0,-0.005045804660767317,-0.020231183618307114,2.3989133834838867,0.0,0.0,2.3989133834838867,0.003920517396181822,0.16463862359523773,0.0017182027222588658,0.039866283535957336,0.15634950995445251,7.539689249824733e-05,0.0,0.0,0.0,-1.8205112218856812,9.996582984924316,-0.1173238754272461,10.006893157958984,1.8579739332199097,-10.0,-9.887298583984375,16.277565002441406,2.0,2.0,16.00642967224121,0.2989746034145355,0.28977540135383606,0.30357420444488525,0.29590821266174316,0.0,0.30469265580177307,0.30469265580177307,0.30469265580177307,0.30469265580177307,0.0,0.04844960570335388,0.06829680502414703,-9.757508277893066,0.0,0.0,0.0,0.0,0.0,0.0,0.0,0.0,0.0,0.0,0.0,0.0,0.0,0.0,0.0,0.30469274520874023,0.30469274520874023,0.304692804813385,0.30469274520874023,0.3641681671142578,0.04114978387951851,0.04114978387951851,0.35539117455482483,-0.12891103327274323,-0.48717784881591797,-0.4150939881801605,0.0,0.0,0.0,0.0,0.0,0.0,0.0
57457208353,0,0.02982463873922825,-0.11497028172016144,-0.13730017840862274,0.030588245019316673,-0.11578071862459183,-0.8367927074432373,0.11509694159030914,-0.058181267231702805,0.02972414530813694,0.0,0.0,0.0,-0.005045804660767317,-0.020231183618307114,2.3989133834838867,0.0,0.0,2.3989169597625732,-0.0005870426539331675,0.14543059468269348,-0.0034703235141932964,0.039866283535957336,0.15634950995445251,7.539689249824733e-05,0.0,0.0,0.0,-1.8135918378829956,10.01488971710205,-0.10819530487060547,10.000646591186523,1.8575069904327393,-10.0,-9.886024475097656,16.079017639160156,2.0,2.0,16.26304817199707,0.2989746034145355,0.28977540135383606,0.30357420444488525,0.29590821266174316,0.0,0.30469265580177307,0.30469265580177307,0.30469265580177307,0.30469265580177307,0.0,0.04844960570335388,0.06829680502414703,-9.757508277893066,0.0,0.0,0.0,0.0,0.0,0.0,0.0,0.0,0.0,0.0,0.0,0.0,0.0,0.0,0.0,0.30469274520874023,0.30469274520874023,0.304692804813385,0.30469274520874023,0.3608548641204834,0.04114978387951851,0.04114978387951851,0.35934871435165405,-0.28494054079055786,-1.1405421495437622,-0.45520228147506714,0.0,0.0,0.0,0.0,0.0,0.0,0.0
57468462080,0,0.030588245019316673,-0.11578071862459183,-0.13679273426532745,0.030588245019316673,-0.11578071862459183,-0.8367927074432373,0.11230409145355225,-0.05684966221451759,0.03031880408525467,0.0,0.0,0.0,-0.005044876132160425,-0.019156908616423607,2.3989169597625732,0.0,0.0,2.3989169597625732,-0.006826919969171286,0.13093595206737518,-0.00788818672299385,0.04014206305146217,0.1489148885011673,6.167956598801538e-05,0.0,0.0,0.0,-1.8135918378829956,10.01488971710205,-0.10819530487060547,10.000646591186523,1.8568941354751587,-10.0,-9.884702682495117,16.079017639160156,2.0,2.0,16.26304817199707,0.2989746034145355,0.28977540135383606,0.30357420444488525,0.29590821266174316,0.0,0.30469265580177307,0.30469265580177307,0.30469265580177307,0.30469265580177307,0.0,-0.0008032810292206705,0.09484045207500458,-9.886000633239746,0.0,0.0,0.0,0.0,0.0,0.0,0.0,0.0,0.0,0.0,0.0,0.0,0.0,0.0,0.0,0.30469274520874023,0.30469274520874023,0.304692804813385,0.30469274520874023,0.35698309540748596,0.04114978387951851,0.04114978387951851,0.36402377486228943,-0.46704280376434326,-1.3280829191207886,-0.46876025199890137,0.0,0.0,0.0,0.0,0.0,0.0,0.0
57480835015,0,0.032588545233011246,-0.11809651553630829,-0.13534848392009735,0.032588545233011246,-0.11809651553630829,-0.8353484869003296,0.10450062900781631,-0.054181601852178574,0.024905236437916756,0.0,0.0,0.0,-0.005560657009482384,-0.016317829489707947,2.398674726486206,0.0,0.0,2.398674726486206,-0.016460970044136047,0.1207837164402008,-0.0139699038118124,0.044207870960235596,0.12972423434257507,0.00023426568077411503,0.0,0.0,0.0,-1.7896087169647217,10.024272918701172,-0.09038639068603516,9.989300727844238,1.8557891845703125,-10.0,-9.883094787597656,15.665797233581543,2.0,2.0,16.70406723022461,0.2989746034145355,0.2882421910762787,0.30357420444488525,0.29590821266174316,0.0,0.30469265580177307,0.30469265580177307,0.30469265580177307,0.30469265580177307,0.0,0.05385887250304222,0.028208786621689796,-10.069721221923828,0.0,0.0,0.0,0.0,0.0,0.0,0.0,0.0,0.0,0.0,0.0,0.0,0.0,0.0,0.0,0.30469274520874023,0.30469274520874023,0.304692804813385,0.30469274520874023,0.35698309540748596,0.04114978387951851,0.04114978387951851,0.36402377486228943,-0.6910141110420227,-1.1352272033691406,-0.524532675743103,0.0,0.0,0.0,0.0,0.0,0.0,0.0
57487336796,0,0.03316180408000946,-0.11881779879331589,-0.13489975035190582,0.03316180408000946,-0.11881779879331589,-0.8348997235298157,0.10125923156738281,-0.05397167429327965,0.023077575489878654,0.0,0.0,0.0,-0.0058145844377577305,-0.015290573239326477,2.398472785949707,0.0,0.0,2.398472785949707,-0.025090660899877548,0.1163417249917984,-0.023304808884859085,0.044207870960235596,0.12972423434257507,0.00023426568077411503,0.0,0.0,0.0,-1.7896087169647217,10.024272918701172,-0.09038639068603516,9.989300727844238,1.8557891845703125,-10.0,-9.883094787597656,15.289294242858887,2.0,2.0,17.02825164794922,0.2989746034145355,0.28977540135383606,0.30357420444488525,0.29590821266174316,0.0,0.30469265580177307,0.30469265580177307,0.30469265580177307,0.30469265580177307,0.0,0.05385887250304222,0.028208786621689796,-10.069721221923828,0.0,0.0,0.0,0.0,0.0,0.0,0.0,0.0,0.0,0.0,0.0,0.0,0.0,0.0,0.0,0.30469274520874023,0.30469274520874023,0.304692804813385,0.30469274520874023,0.3509505093097687,0.04114978387951851,0.04114978387951851,0.370404452085495,-0.6898218989372253,-0.7208820581436157,-0.6643671989440918,0.0,0.0,0.0,0.0,0.0,0.0,0.0
57498915094,0,0.03316180408000946,-0.11881779879331589,-0.13489975035190582,0.03316180408000946,-0.11881779879331589,-0.8348997235298157,0.10125923156738281,-0.05397167429327965,0.023077575489878654,0.0,0.0,0.0,-0.0058145844377577305,-0.015290573239326477,2.398472785949707,0.0,0.0,2.398472785949707,-0.025090660899877548,0.1163417249917984,-0.023304808884859085,0.047292303293943405,0.11759078502655029,0.00022040921612642705,0.0,0.0,0.0,-1.7751938104629517,10.008639335632324,-0.0742502212524414,9.981650352478027,1.854528784751892,-10.0,-9.881988525390625,15.289294242858887,2.0,2.0,17.02825164794922,0.2989746034145355,0.28977540135383606,0.30357420444488525,0.29590821266174316,0.0,0.30469265580177307,0.30469265580177307,0.30469265580177307,0.30469265580177307,0.0,0.040792275220155716,0.17308774590492249,-10.030699729919434,0.0,0.0,0.0,0.0,0.0,0.0,0.0,0.0,0.0,0.0,0.0,0.0,0.0,0.0,0.0,0.30469274520874023,0.30469274520874023,0.304692804813385,0.30469274520874023,0.3429386019706726,0.04114978387951851,0.04114978387951851,0.3773445188999176,-0.6898218989372253,-0.7208820581436157,-0.6643671989440918,0.0,0.0,0.0,0.0,0.0,0.0,0.0
57507443107,0,0.03316180408000946,-0.11881779879331589,-0.13489975035190582,0.03316180408000946,-0.11881779879331589,-0.8348997235298157,0.10125923156738281,-0.05397167429327965,0.023077575489878654,0.0,0.0,0.0,-0.0058145844377577305,-0.015290573239326477,2.398472785949707,0.0,0.0,2.398472785949707,-0.025262372568249702,0.099498450756073,-0.037612706422805786,0.047292303293943405,0.11759078502655029,0.00022040921612642705,0.0,0.0,0.0,-1.7751938104629517,10.008639335632324,-0.0742502212524414,9.981650352478027,1.854528784751892,-10.0,-9.881988525390625,15.289294242858887,2.0,2.0,17.02825164794922,0.2989746034145355,0.28977540135383606,0.30357420444488525,0.29590821266174316,0.0,0.30469265580177307,0.30469265580177307,0.30469265580177307,0.30469265580177307,0.0,0.040792275220155716,0.17308774590492249,-10.030699729919434,0.0,0.0,0.0,0.0,0.0,0.0,0.0,0.0,0.0,0.0,0.0,0.0,0.0,0.0,0.0,0.30469274520874023,0.30469274520874023,0.304692804813385,0.30469274520874023,0.3429386019706726,0.04114978387951851,0.04114978387951851,0.3773445188999176,-0.16825610399246216,-0.893424391746521,-0.6827684044837952,0.0,0.0,0.0,0.0,0.0,0.0,0.0
57517347128,0,0.03413883596658707,-0.12020966410636902,-0.13405247032642365,0.03413883596658707,-0.12020966410636902,-0.8340524435043335,0.0948534682393074,-0.05330342426896095,0.02007457986474037,0.0,0.0,0.0,-0.006145371589809656,-0.013625981286168098,2.3978471755981445,0.0,0.0,2.3978471755981445,-0.025262372568249702,0.099498450756073,-0.037612706422805786,0.04952738434076309,0.10604769736528397,0.0002119048440363258,0.0,0.0,0.0,-1.7761980295181274,10.015483856201172,-0.05543804168701172,9.971704483032227,1.8511135578155518,-10.0,-9.880693435668945,14.757742881774902,2.0,2.0,17.58052635192871,0.2989746034145355,0.28977540135383606,0.30357420444488525,0.29590821266174316,0.0,0.30469265580177307,0.30469265580177307,0.30469265580177307,0.30469265580177307,0.0,0.0052853235974907875,0.12311194092035294,-10.000109672546387,0.0,0.0,0.0,0.0,0.0,0.0,0.0,0.0,0.0,0.0,0.0,0.0,0.0,0.0,0.0,0.30469274520874023,0.30469274520874023,0.304692804813385,0.30469274520874023,0.32762300968170166,0.04114978387951851,0.04114978387951851,0.3935249149799347,-0.16825610399246216,-0.893424391746521,-0.6827684044837952,0.0,0.0,0.0,0.0,0.0,0.0,0.0
57527467920,0,0.03493823856115341,-0.12154148519039154,-0.13327649235725403,0.03493823856115341,-0.12154148519039154,-0.8332765102386475,0.0901813805103302,-0.05208076164126396,0.016849122941493988,0.0,0.0,0.0,-0.006478406023234129,-0.012552520260214806,2.397186756134033,0.0,0.0,2.397186756134033,-0.02339332178235054,0.0784752294421196,-0.04777020961046219,0.052700549364089966,0.09678065776824951,0.0004146812716498971,0.0,0.0,0.0,-1.7745405435562134,10.028669357299805,-0.03925037384033203,9.96208381652832,1.8511135578155518,-10.0,-9.880693435668945,14.35876178741455,2.0,2.0,18.022836685180664,0.2989746034145355,0.28977540135383606,0.30357420444488525,0.29590821266174316,0.0,0.30469265580177307,0.30469265580177307,0.30469265580177307,0.30469265580177307,0.0,-0.03099043481051922,0.07428544014692307,-10.019957542419434,0.0,0.0,0.0,0.0,0.0,0.0,0.0,0.0,0.0,0.0,0.0,0.0,0.0,0.0,0.0,0.30469274520874023,0.30469274520874023,0.304692804813385,0.30469274520874023,0.32762300968170166,0.04114978387951851,0.04114978387951851,0.3935249149799347,-0.015829943120479584,-1.0364104509353638,-0.6037169098854065,0.0,0.0,0.0,0.0,0.0,0.0,0.0
57539804616,0,0.03553580120205879,-0.12287551164627075,-0.132562518119812,0.03553580120205879,-0.12287551164627075,-0.8325625061988831,0.08570028096437454,-0.05180507153272629,0.013619315810501575,0.0,0.0,0.0,-0.006942698732018471,-0.01115286536514759,2.395967721939087,0.0,0.0,2.395967721939087,-0.02431619167327881,0.07454974949359894,-0.05627366155385971,0.052700549364089966,0.09678065776824951,0.0004146812716498971,0.0,0.0,0.0,-1.7745405435562134,10.028669357299805,-0.03925037384033203,9.96208381652832,1.8501566648483276,-10.0,-9.880630493164062,14.020101547241211,2.0,2.0,18.346073150634766,0.2989746034145355,0.28977540135383606,0.30357420444488525,0.29590821266174316,0.0,0.30469265580177307,0.30469265580177307,0.30469265580177307,0.30469265580177307,0.0,-0.03099043481051922,0.07428544014692307,-10.019957542419434,0.0,0.0,0.0,0.0,0.0,0.0,0.0,0.0,0.0,0.0,0.0,0.0,0.0,0.0,0.0,0.30469274520874023,0.30469274520874023,0.304692804813385,0.30469274520874023,0.32762300968170166,0.04114978387951851,0.04114978387951851,0.3935249149799347,-0.05518648028373718,-0.6994560956954956,-0.7107654809951782,0.0,0.0,0.0,0.0,0.0,0.0,0.0
57547531174,0,0.03553580120205879,-0.12287551164627075,-0.132562518119812,0.03553580120205879,-0.12287551164627075,-0.8325625061988831,0.08570028096437454,-0.05180507153272629,0.013619315810501575,0.0,0.0,0.0,-0.006942698732018471,-0.01115286536514759,2.395967721939087,0.0,0.0,2.395967721939087,-0.02100653201341629,0.0720977708697319,-0.07761964946985245,0.05520430952310562,0.0886576920747757,0.000844188965857029,0.0,0.0,0.0,-1.7717691659927368,10.011787414550781,0.003566741943359375,9.946831703186035,1.8490022420883179,-10.0,-9.880756378173828,13.215890884399414,2.0,2.0,19.1102352142334,0.2989746034145355,0.28977540135383606,0.30357420444488525,0.29590821266174316,0.0,0.30469265580177307,0.30469265580177307,0.30469265580177307,0.30469265580177307,0.0,-0.04230537265539169,0.10224086046218872,-10.009902954101562,0.0,0.0,0.0,0.0,0.0,0.0,0.0,0.0,0.0,0.0,0.0,0.0,0.0,0.0,0.0,0.30469274520874023,0.30469274520874023,0.304692804813385,0.30469274520874023,0.3153412640094757,0.04114978387951851,0.04114978387951851,0.4045308828353882,0.1763395518064499,-0.35726314783096313,-1.0038353204727173,0.0,0.0,0.0,0.0,0.0,0.0,0.0
57557440776,0,0.035876769572496414,-0.12419446557760239,-0.13188327848911285,0.035876769572496414,-0.12419446557760239,-0.8318832516670227,0.07923795282840729,-0.05196577310562134,0.011491774581372738,0.0,0.0,0.0,-0.007101271767169237,-0.01010352373123169,2.394334077835083,0.0,0.0,2.394334077835083,-0.02100653201341629,0.0720977708697319,-0.07761964946985245,0.05646804720163345,0.08031263202428818,0.0011312486603856087,0.0,0.0,0.0,-1.7717691659927368,10.011787414550781,0.003566741943359375,9.946831703186035,1.8468536138534546,-10.0,-9.881677627563477,13.215890884399414,2.0,2.0,19.1102352142334,0.2989746034145355,0.28977540135383606,0.30357420444488525,0.29590821266174316,0.0,0.30469265580177307,0.30469265580177307,0.30469265580177307,0.30469265580177307,0.0,0.07437945157289505,0.23767392337322235,-9.7491455078125,0.0,0.0,0.0,0.0,0.0,0.0,0.0,0.0,0.0,0.0,0.0,0.0,0.0,0.0,0.0,0.30469274520874023,0.30469274520874023,0.304692804813385,0.30469274520874023,0.30053281784057617,0.04114978387951851,0.04114978387951851,0.41919004917144775,0.1763395518064499,-0.35726314783096313,-1.0038353204727173,0.0,0.0,0.0,0.0,0.0,0.0,0.0
57567211291,0,0.035876769572496414,-0.12419446557760239,-0.13188327848911285,0.035876769572496414,-0.12419446557760239,-0.8318832516670227,0.07923795282840729,-0.05196577310562134,0.011491774581372738,0.0,0.0,0.0,-0.007101271767169237,-0.01010352373123169,2.394334077835083,0.0,0.0,2.394334077835083,0.007140196859836578,0.03266451880335808,-0.09074802696704865,0.05646804720163345,0.08031263202428818,0.0011312486603856087,0.0,0.0,0.0,-1.7903594970703125,10.03797721862793,0.015058517456054688,9.941744804382324,1.8458937406539917,-10.0,-9.882484436035156,12.928214073181152,2.0,2.0,19.483348846435547,0.2989746034145355,0.28977540135383606,0.30357420444488525,0.29590821266174316,0.0,0.30469265580177307,0.30469265580177307,0.30469265580177307,0.30469265580177307,0.0,0.024574514478445053,-0.2766624093055725,-10.829082489013672,0.0,0.0,0.0,0.0,0.0,0.0,0.0,0.0,0.0,0.0,0.0,0.0,0.0,0.0,0.0,0.30469274520874023,0.30469274520874023,0.304692804813385,0.30469274520874023,0.2970109283924103,0.04114978387951851,0.04114978387951851,0.42427828907966614,1.1420400142669678,-1.590847134590149,-0.7154532670974731,0.0,0.0,0.0,0.0,0.0,0.0,0.0
57577432280,0,0.0359746590256691,-0.1255040168762207,-0.13134212791919708,0.0359746590256691,-0.1255040168762207,-0.8313421010971069,0.07476863265037537,-0.048446472734212875,-0.002115926006808877,0.0,0.0,0.0,-0.006490414030849934,-0.010354396887123585,2.3927559852600098,0.0,0.0,2.3927559852600098,0.007140196859836578,0.03266451880335808,-0.09074802696704865,0.05646804720163345,0.08031263202428818,0.0011312486603856087,0.0,0.0,0.0,-1.7903594970703125,10.03797721862793,0.015058517456054688,9.941744804382324,1.8458937406539917,-10.0,-9.882484436035156,12.928214073181152,2.0,2.0,19.483348846435547,0.2989746034145355,0.28977540135383606,0.30357420444488525,0.29590821266174316,0.0,0.30469265580177307,0.30469265580177307,0.30469265580177307,0.30469265580177307,0.0,0.024574514478445053,-0.2766624093055725,-10.829082489013672,0.0,0.0,0.0,0.0,0.0,0.0,0.0,0.0,0.0,0.0,0.0,0.0,0.0,0.0,0.0,0.30469274520874023,0.30469274520874023,0.304692804813385,0.30469274520874023,0.2970109283924103,0.04114978387951851,0.04114978387951851,0.42427828907966614,1.1420400142669678,-1.590847134590149,-0.7154532670974731,0.0,0.0,0.0,0.0,0.0,0.0,0.0
57587528213,0,0.03593883663415909,-0.12611700594425201,-0.13119900226593018,0.03593883663415909,-0.12611700594425201,-0.8311989903450012,0.07142942398786545,-0.04638846963644028,-0.011232390999794006,0.0,0.0,0.0,-0.0061158849857747555,-0.009993563406169415,2.3919477462768555,0.0,0.0,2.3919477462768555,0.021266506984829903,0.02361988089978695,-0.09116985648870468,0.048531416803598404,0.07918001711368561,0.0004792432300746441,0.0,0.0,0.0,-1.812614917755127,10.065552711486816,0.021219253540039062,9.937496185302734,1.8458937406539917,-10.0,-9.882484436035156,12.68138599395752,2.0,2.0,19.829219818115234,0.2989746034145355,0.28977540135383606,0.30357420444488525,0.29590821266174316,0.0,0.30469265580177307,0.30469265580177307,0.30469265580177307,0.30469265580177307,0.0,0.024574514478445053,-0.2766624093055725,-10.829082489013672,0.0,0.0,0.0,0.0,0.0,0.0,0.0,0.0,0.0,0.0,0.0,0.0,0.0,0.0,0.0,0.30469274520874023,0.30469274520874023,0.304692804813385,0.30469274520874023,0.2970109283924103,0.04114978387951851,0.04114978387951851,0.42427828907966614,1.198187232017517,-1.2036340236663818,-0.3845195174217224,0.0,0.0,0.0,0.0,0.0,0.0,0.0
57597540015,0,0.03593883663415909,-0.12611700594425201,-0.13119900226593018,0.03593883663415909,-0.12611700594425201,-0.8311989903450012,0.07142942398786545,-0.04638846963644028,-0.011232390999794006,0.0,0.0,0.0,-0.0061158849857747555,-0.009993563406169415,2.3919477462768555,0.0,0.0,2.3919477462768555,0.01987043023109436,0.0253558661788702,-0.08258472383022308,0.048531416803598404,0.07918001711368561,0.0004792432300746441,0.0,0.0,0.0,-1.8207769393920898,10.055508613586426,0.016493797302246094,9.927969932556152,1.8440948724746704,-10.0,-9.884947776794434,12.871169090270996,2.0,2.0,19.599191665649414,0.2989746034145355,0.28977540135383606,0.30357420444488525,0.29590821266174316,0.0,0.30469265580177307,0.30469265580177307,0.30469265580177307,0.30469265580177307,0.0,-0.012889436446130276,-0.16073240339756012,-11.344196319580078,0.0,0.0,0.0,0.0,0.0,0.0,0.0,0.0,0.0,0.0,0.0,0.0,0.0,0.0,0.0,0.30469274520874023,0.30469274520874023,0.304692804813385,0.30469274520874023,0.29522842168807983,0.04114978387951851,0.04114978387951851,0.4264131188392639,0.5285389423370361,-0.506433367729187,0.22258628904819489,0.0,0.0,0.0,0.0,0.0,0.0,0.0
57607286775,0,0.035796407610177994,-0.12720255553722382,-0.13119198381900787,0.035796407610177994,-0.12720255553722382,-0.8311919569969177,0.07232464104890823,-0.032784927636384964,-0.027763621881604195,0.0,0.0,0.0,-0.006234249100089073,-0.009393511340022087,2.3909664154052734,0.0,0.0,2.3909664154052734,0.008004670962691307,0.02830500900745392,-0.06563334912061691,0.05038093775510788,0.07462618499994278,0.0002187064237659797,0.0,0.0,0.0,-1.7985711097717285,10.047874450683594,0.0022115707397460938,9.92338752746582,1.8440948724746704,-10.0,-9.884947776794434,13.267321586608887,2.0,2.0,19.177019119262695,0.2989746034145355,0.28977540135383606,0.30357420444488525,0.29590821266174316,0.0,0.30469265580177307,0.30469265580177307,0.30469265580177307,0.30469265580177307,0.0,0.20914992690086365,-0.7153993248939514,-10.226629257202148,0.0,0.0,0.0,0.0,0.0,0.0,0.0,0.0,0.0,0.0,0.0,0.0,0.0,0.0,0.0,0.30469274520874023,0.30469274520874023,0.304692804813385,0.30469274520874023,0.30187147855758667,0.04114978387951851,0.04114978387951851,0.4192262589931488,-0.2835679054260254,-0.15528078377246857,0.8972075581550598,0.0,0.0,0.0,0.0,0.0,0.0,0.0
57618729609,0,0.035796407610177994,-0.12720255553722382,-0.13119198381900787,0.0353020504117012,-0.12855923175811768,-0.8310567140579224,0.07232464104890823,-0.032784927636384964,-0.027763621881604195,0.0,0.0,0.0,-0.006234249100089073,-0.009393511340022087,2.3909664154052734,0.0,0.0,2.3891053199768066,0.0019604202825576067,0.017491508275270462,-0.05700083449482918,0.05038093775510788,0.07462618499994278,0.0002187064237659797,0.0,0.0,0.0,-1.7985711097717285,10.047874450683594,0.0022115707397460938,9.92338752746582,1.8425391912460327,-10.0,-9.885687828063965,13.267321586608887,2.0,2.0,19.177019119262695,0.2989746034145355,0.28977540135383606,0.30357420444488525,0.29590821266174316,0.0,0.30469265580177307,0.30469265580177307,0.30469265580177307,0.30469265580177307,0.0,0.20914992690086365,-0.7153993248939514,-10.226629257202148,0.0,0.0,0.0,0.0,0.0,0.0,0.0,0.0,0.0,0.0,0.0,0.0,0.0,0.0,0.0,0.30469274520874023,0.30469274520874023,0.304692804813385,0.30469274520874023,0.3055613040924072,0.04114978387951851,0.04114978387951851,0.4162403643131256,-0.1303112506866455,-0.4855339825153351,0.38936832547187805,0.0,0.0,0.0,0.0,0.0,0.0,0.0
57627285872,0,0.0353020504117012,-0.12855923175811768,-0.13105672597885132,0.0353020504117012,-0.12855923175811768,-0.8310567140579224,0.06482873857021332,-0.030221104621887207,-0.008385632187128067,0.0,0.0,0.0,-0.0059912544675171375,-0.00946645624935627,2.3891053199768066,0.0,0.0,2.3891053199768066,0.0019604202825576067,0.017491508275270462,-0.05700083449482918,0.047642454504966736,0.07524987310171127,0.001083375420421362,0.0,0.0,0.0,-1.7942568063735962,10.062270164489746,0.009946823120117188,9.915155410766602,1.8416826725006104,-10.0,-9.886092185974121,13.09485912322998,2.0,2.0,19.395225524902344,0.2989746034145355,0.28977540135383606,0.30357420444488525,0.29590821266174316,0.0,0.30469265580177307,0.30469265580177307,0.30469265580177307,0.30469265580177307,0.0,0.02847488969564438,-0.043011005967855453,-8.856081008911133,0.0,0.0,0.0,0.0,0.0,0.0,0.0,0.0,0.0,0.0,0.0,0.0,0.0,0.0,0.0,0.30469274520874023,0.30469274520874023,0.304692804813385,0.30469274520874023,0.29633381962776184,0.04114978387951851,0.04114978387951851,0.4256642460823059,-0.1303112506866455,-0.4855339825153351,0.38936832547187805,0.0,0.0,0.0,0.0,0.0,0.0,0.0
57637276839,0,0.03504936397075653,-0.12898032367229462,-0.13089993596076965,0.03504936397075653,-0.12898032367229462,-0.8308999538421631,0.06311905384063721,-0.026908712461590767,-0.004950755275785923,0.0,0.0,0.0,-0.005652282387018204,-0.009610028937458992,2.388178586959839,0.0,0.0,2.388178586959839,0.008712317794561386,0.009475337341427803,-0.0661444142460823,0.04494865611195564,0.07639125734567642,0.001144574722275138,0.0,0.0,0.0,-1.8057773113250732,10.072869300842285,0.02708148956298828,9.911483764648438,1.8416826725006104,-10.0,-9.886092185974121,12.645594596862793,2.0,2.0,19.879106521606445,0.2989746034145355,0.28977540135383606,0.30357420444488525,0.29590821266174316,0.0,0.30469265580177307,0.30469265580177307,0.30469265580177307,0.30469265580177307,0.0,0.10682794451713562,-0.06317316740751266,-9.294147491455078,0.0,0.0,0.0,0.0,0.0,0.0,0.0,0.0,0.0,0.0,0.0,0.0,0.0,0.0,0.0,0.30469274520874023,0.30469274520874023,0.304692804813385,0.30469274520874023,0.29633381962776184,0.04114978387951851,0.04114978387951851,0.4256642460823059,0.26095840334892273,-0.6612390279769897,-0.22700583934783936,0.0,0.0,0.0,0.0,0.0,0.0,0.0
57647699890,0,0.03504936397075653,-0.12898032367229462,-0.13089993596076965,0.03504936397075653,-0.12898032367229462,-0.8308999538421631,0.06311905384063721,-0.026908712461590767,-0.004950755275785923,0.0,0.0,0.0,-0.005652282387018204,-0.009610028937458992,2.388178586959839,0.0,0.0,2.388178586959839,0.007346539758145809,-0.009137059561908245,-0.0780559629201889,0.04494865611195564,0.07639125734567642,0.001144574722275138,0.0,0.0,0.0,-1.8057773113250732,10.072869300842285,0.02708148956298828,9.911483764648438,1.8403581380844116,-10.0,-9.88742446899414,12.645594596862793,2.0,2.0,19.879106521606445,0.2989746034145355,0.28977540135383606,0.30357420444488525,0.29590821266174316,0.0,0.30469265580177307,0.30469265580177307,0.30469265580177307,0.30469265580177307,0.0,0.10682794451713562,-0.06317316740751266,-9.294147491455078,0.0,0.0,0.0,0.0,0.0,0.0,0.0,0.0,0.0,0.0,0.0,0.0,0.0,0.0,0.0,0.30469274520874023,0.30469274520874023,0.304692804813385,0.30469274520874023,0.2839230000972748,0.04114978387951851,0.04114978387951851,0.43853044509887695,-0.20196183025836945,-0.818162739276886,-0.3602724075317383,0.0,0.0,0.0,0.0,0.0,0.0,0.0
57657438887,0,0.0344955176115036,-0.1296902596950531,-0.13057830929756165,0.0344955176115036,-0.1296902596950531,-0.8305783271789551,0.0626305416226387,-0.014476715587079525,-0.010282360948622227,0.0,0.0,0.0,-0.0057784379459917545,-0.010044416412711143,2.386733293533325,0.0,0.0,2.386733293533325,0.007346539758145809,-0.009137059561908245,-0.0780559629201889,0.04594762995839119,0.07984698563814163,0.0008111759088933468,0.0,0.0,0.0,-1.7994111776351929,10.097166061401367,0.04730224609375,9.903237342834473,1.8403581380844116,-10.0,-9.88742446899414,12.165635108947754,2.0,2.0,20.43618392944336,0.2989746034145355,0.28977540135383606,0.30357420444488525,0.29590821266174316,0.0,0.30469265580177307,0.30469265580177307,0.30469265580177307,0.30469265580177307,0.0,0.2497997283935547,-0.6996991634368896,-10.17554759979248,0.0,0.0,0.0,0.0,0.0,0.0,0.0,0.0,0.0,0.0,0.0,0.0,0.0,0.0,0.0,0.30469274520874023,0.30469274520874023,0.304692804813385,0.30469274520874023,0.2839230000972748,0.04114978387951851,0.04114978387951851,0.43853044509887695,-0.20196183025836945,-0.818162739276886,-0.3602724075317383,0.0,0.0,0.0,0.0,0.0,0.0,0.0
57667438240,0,0.03416350483894348,-0.13003984093666077,-0.13046133518218994,0.03416350483894348,-0.13003984093666077,-0.830461323261261,0.06115265190601349,-0.013646651059389114,-0.012654969468712807,0.0,0.0,0.0,-0.006162532605230808,-0.010272003710269928,2.3859758377075195,0.0,0.0,2.3859758377075195,-0.007749500684440136,-0.014069088734686375,-0.07677296549081802,0.04594762995839119,0.07984698563814163,0.0008111759088933468,0.0,0.0,0.0,-1.7994111776351929,10.097166061401367,0.04730224609375,9.903237342834473,1.8403581380844116,-10.0,-9.88742446899414,12.185588836669922,2.0,2.0,20.431550979614258,0.2989746034145355,0.28977540135383606,0.30357420444488525,0.29590821266174316,0.0,0.30469265580177307,0.30469265580177307,0.30469265580177307,0.30469265580177307,0.0,-0.10238298773765564,-0.1671878695487976,-10.0521821975708,0.0,0.0,0.0,0.0,0.0,0.0,0.0,0.0,0.0,0.0,0.0,0.0,0.0,0.0,0.0,0.30469274520874023,0.30469274520874023,0.304692804813385,0.30469274520874023,0.2839230000972748,0.04114978387951851,0.04114978387951851,0.43853044509887695,-0.8363152146339417,-0.6857255697250366,-0.14275036752223969,0.0,0.0,0.0,0.0,0.0,0.0,0.0
57680759751,0,0.03416350483894348,-0.13003984093666077,-0.13046133518218994,0.03416350483894348,-0.13003984093666077,-0.830461323261261,0.06115265190601349,-0.013646651059389114,-0.012654969468712807,0.0,0.0,0.0,-0.006162532605230808,-0.010272003710269928,2.3859758377075195,0.0,0.0,2.3859758377075195,-0.020413314923644066,-0.008980125188827515,-0.07856965065002441,0.04900306835770607,0.08165481686592102,0.0009470772929489613,0.0,0.0,0.0,-1.7741283178329468,10.102581024169922,0.048386573791503906,9.899843215942383,1.8373918533325195,-10.0,-9.889923095703125,12.185588836669922,2.0,2.0,20.431550979614258,0.2989746034145355,0.28977540135383606,0.30357420444488525,0.29590821266174316,0.0,0.30469265580177307,0.30469265580177307,0.30469265580177307,0.30469265580177307,0.0,-0.10238298773765564,-0.1671878695487976,-10.0521821975708,0.0,0.0,0.0,0.0,0.0,0.0,0.0,0.0,0.0,0.0,0.0,0.0,0.0,0.0,0.0,0.30469274520874023,0.30469274520874023,0.304692804813385,0.30469274520874023,0.2825454771518707,0.04114978387951851,0.04114978387951851,0.43990665674209595,-0.9923380017280579,-0.10025254637002945,-0.1705261915922165,0.0,0.0,0.0,0.0,0.0,0.0,0.0
57687583120,0,0.0334593765437603,-0.13072887063026428,-0.13022160530090332,0.0334593765437603,-0.13072887063026428,-0.8302215933799744,0.058443665504455566,-0.012211423367261887,-0.01241516973823309,0.0,0.0,0.0,-0.0064386362209916115,-0.010057118721306324,2.3839244842529297,0.0,0.0,2.3839244842529297,-0.019483119249343872,0.0014572748914361,-0.0855620950460434,0.04974648356437683,0.07957189530134201,0.0007391365943476558,0.0,0.0,0.0,-1.7633723020553589,10.073840141296387,0.0670022964477539,9.892252922058105,1.8373918533325195,-10.0,-9.889923095703125,11.669281959533691,2.0,2.0,20.854169845581055,0.2989746034145355,0.28977540135383606,0.30357420444488525,0.29590821266174316,0.0,0.30469265580177307,0.30469265580177307,0.30469265580177307,0.30469265580177307,0.0,-0.10238298773765564,-0.1671878695487976,-10.0521821975708,0.0,0.0,0.0,0.0,0.0,0.0,0.0,0.0,0.0,0.0,0.0,0.0,0.0,0.0,0.0,0.30469274520874023,0.30469274520874023,0.304692804813385,0.30469274520874023,0.2772977352142334,0.04114978387951851,0.04114978387951851,0.4438841640949249,-0.42580509185791016,0.42749258875846863,-0.4167022407054901,0.0,0.0,0.0,0.0,0.0,0.0,0.0
57697503681,0,0.0334593765437603,-0.13072887063026428,-0.13022160530090332,0.0334593765437603,-0.13072887063026428,-0.8302215933799744,0.058443665504455566,-0.012211423367261887,-0.01241516973823309,0.0,0.0,0.0,-0.0064386362209916115,-0.010057118721306324,2.3839244842529297,0.0,0.0,2.3839244842529297,0.0075146532617509365,0.009798727929592133,-0.08606865257024765,0.04974648356437683,0.07957189530134201,0.0007391365943476558,0.0,0.0,0.0,-1.7633723020553589,10.073840141296387,0.0670022964477539,9.892252922058105,1.8351675271987915,-10.0,-9.892138481140137,11.457198143005371,2.0,2.0,21.045686721801758,0.2989746034145355,0.28977540135383606,0.30357420444488525,0.29590821266174316,0.0,0.30469265580177307,0.30469265580177307,0.30469265580177307,0.30469265580177307,0.0,0.014499629847705364,-0.10626395046710968,-9.844623565673828,0.0,0.0,0.0,0.0,0.0,0.0,0.0,0.0,0.0,0.0,0.0,0.0,0.0,0.0,0.0,0.30469274520874023,0.30469274520874023,0.304692804813385,0.30469274520874023,0.26903435587882996,0.04114978387951851,0.04114978387951851,0.450594961643219,0.8845824599266052,0.34349915385246277,-0.027839364483952522,0.0,0.0,0.0,0.0,0.0,0.0,0.0
57707973891,0,0.03260325267910957,-0.1314179003238678,-0.12998341023921967,0.03260325267910957,-0.1314179003238678,-0.8299834132194519,0.055401138961315155,-0.005800631828606129,-0.015041585080325603,0.0,0.0,0.0,-0.005785082001239061,-0.009973809123039246,2.3818445205688477,0.0,0.0,2.3818447589874268,0.015703078359365463,0.007596244104206562,-0.07588282227516174,0.04494767636060715,0.07962282001972198,0.0005504437140189111,0.0,0.0,0.0,-1.8063280582427979,10.066389083862305,0.07207870483398438,9.885625839233398,1.8351675271987915,-10.0,-9.892138481140137,11.457198143005371,2.0,2.0,21.045686721801758,0.2989746034145355,0.28977540135383606,0.30357420444488525,0.29590821266174316,0.0,0.30469265580177307,0.30469265580177307,0.30469265580177307,0.30469265580177307,0.0,0.014499629847705364,-0.10626395046710968,-9.844623565673828,0.0,0.0,0.0,0.0,0.0,0.0,0.0,0.0,0.0,0.0,0.0,0.0,0.0,0.0,0.0,0.30469274520874023,0.30469274520874023,0.304692804813385,0.30469274520874023,0.26903435587882996,0.04114978387951851,0.04114978387951851,0.450594961643219,0.8083354234695435,0.0799224004149437,0.4579232931137085,0.0,0.0,0.0,0.0,0.0,0.0,0.0
57717332389,0,0.031674738973379135,-0.13199633359909058,-0.12972810864448547,0.031674738973379135,-0.13199633359909058,-0.8297281265258789,0.05378594622015953,-0.0019182973774150014,-0.010458560660481453,0.0,0.0,0.0,-0.005426871124655008,-0.010077438317239285,2.3802504539489746,0.0,0.0,2.3802504539489746,0.015703078359365463,0.007596244104206562,-0.07588282227516174,0.04494767636060715,0.07962282001972198,0.0005504437140189111,0.0,0.0,0.0,-1.814386248588562,10.071656227111816,0.0639486312866211,9.882227897644043,1.8351675271987915,-10.0,-9.892138481140137,11.665715217590332,2.0,2.0,20.854944229125977,0.2989746034145355,0.28977540135383606,0.30357420444488525,0.29590821266174316,0.0,0.30469265580177307,0.30469265580177307,0.30469265580177307,0.30469265580177307,0.0,0.014499629847705364,-0.10626395046710968,-9.844623565673828,0.0,0.0,0.0,0.0,0.0,0.0,0.0,0.0,0.0,0.0,0.0,0.0,0.0,0.0,0.0,0.30469274520874023,0.30469274520874023,0.304692804813385,0.30469274520874023,0.26903435587882996,0.04114978387951851,0.04114978387951851,0.450594961643219,0.8083354234695435,0.0799224004149437,0.4579232931137085,0.0,0.0,0.0,0.0,0.0,0.0,0.0
57727330878,0,0.031674738973379135,-0.13199633359909058,-0.12972810864448547,0.031674738973379135,-0.13199633359909058,-0.8297281265258789,0.05378594622015953,-0.0019182973774150014,-0.010458560660481453,0.0,0.0,0.0,-0.005426871124655008,-0.010077438317239285,2.3802504539489746,0.0,0.0,2.3802504539489746,0.01242324523627758,0.005698670633137226,-0.06578969210386276,0.043155159801244736,0.08010859787464142,0.0009864888852462173,0.0,0.0,0.0,-1.814386248588562,10.071656227111816,0.0639486312866211,9.882227897644043,1.8329511880874634,-10.0,-9.89466381072998,11.829754829406738,2.0,2.0,20.701740264892578,0.2989746034145355,0.28977540135383606,0.30357420444488525,0.29590821266174316,0.0,0.30469265580177307,0.30469265580177307,0.30469265580177307,0.30469265580177307,0.0,-0.03692040964961052,-0.226436585187912,-9.528521537780762,0.0,0.0,0.0,0.0,0.0,0.0,0.0,0.0,0.0,0.0,0.0,0.0,0.0,0.0,0.0,0.30469274520874023,0.30469274520874023,0.304692804813385,0.30469274520874023,0.278730571269989,0.04114978387951851,0.04114978387951851,0.44258198142051697,0.24459299445152283,-0.04774861037731171,0.6910919547080994,0.0,0.0,0.0,0.0,0.0,0.0,0.0
57737357011,0,0.030727287754416466,-0.1325247883796692,-0.12932607531547546,0.030727287754416466,-0.1325247883796692,-0.8293260335922241,0.05151151865720749,0.00043227552669122815,-0.0036901591811329126,0.0,0.0,0.0,-0.0056984564289450645,-0.010302577167749405,2.37870192527771,0.0,0.0,2.37870192527771,0.0031327700708061457,0.0010428741807118058,-0.05914629250764847,0.04531409591436386,0.0818982794880867,0.0009644723031669855,0.0,0.0,0.0,-1.7873780727386475,10.083439826965332,0.056671142578125,9.876180648803711,1.8329511880874634,-10.0,-9.89466381072998,11.917348861694336,2.0,2.0,20.6391544342041,0.2989746034145355,0.28977540135383606,0.30357420444488525,0.29590821266174316,0.0,0.30469265580177307,0.30469265580177307,0.30469265580177307,0.30469265580177307,0.0,-0.015274829231202602,-0.1294863224029541,-9.481999397277832,0.0,0.0,0.0,0.0,0.0,0.0,0.0,0.0,0.0,0.0,0.0,0.0,0.0,0.0,0.0,0.30469274520874023,0.30469274520874023,0.304692804813385,0.30469274520874023,0.278730571269989,0.04114978387951851,0.04114978387951851,0.44258198142051697,-0.313629150390625,-0.2584744691848755,0.7076942920684814,0.0,0.0,0.0,0.0,0.0,0.0,0.0
57747782520,0,0.030727287754416466,-0.1325247883796692,-0.12932607531547546,0.030727287754416466,-0.1325247883796692,-0.8293260335922241,0.05151151865720749,0.00043227552669122815,-0.0036901591811329126,0.0,0.0,0.0,-0.0056984564289450645,-0.010302577167749405,2.37870192527771,0.0,0.0,2.37870192527771,-0.011129229329526424,-0.008238808251917362,-0.04015647992491722,0.04531409591436386,0.0818982794880867,0.0009644723031669855,0.0,0.0,0.0,-1.7873780727386475,10.083439826965332,0.056671142578125,9.876180648803711,1.8310966491699219,-10.0,-9.895624160766602,11.917348861694336,2.0,2.0,20.6391544342041,0.2989746034145355,0.28977540135383606,0.30357420444488525,0.29590821266174316,0.0,0.30469265580177307,0.30469265580177307,0.30469265580177307,0.30469265580177307,0.0,0.09396754205226898,-0.21894311904907227,-10.216461181640625,0.0,0.0,0.0,0.0,0.0,0.0,0.0,0.0,0.0,0.0,0.0,0.0,0.0,0.0,0.0,0.30469274520874023,0.30469274520874023,0.304692804813385,0.30469274520874023,0.28387168049812317,0.04114978387951851,0.04114978387951851,0.4387017488479614,-0.5382570028305054,-0.36624521017074585,0.9601671099662781,0.0,0.0,0.0,0.0,0.0,0.0,0.0
57757343297,0,0.029747439548373222,-0.13298910856246948,-0.12895499169826508,0.029747439548373222,-0.13298910856246948,-0.8289549946784973,0.04824358969926834,0.0035635086242109537,-0.009980965405702591,0.0,0.0,0.0,-0.005881530232727528,-0.010578385554254055,2.3775808811187744,0.0,0.0,2.3775808811187744,-0.010673942975699902,-0.007752794306725264,-0.022901523858308792,0.046536363661289215,0.0845690593123436,0.0002235932624898851,0.0,0.0,0.0,-1.7675055265426636,10.096006393432617,0.04441642761230469,9.870036125183105,1.8310966491699219,-10.0,-9.895624160766602,12.289261817932129,2.0,2.0,20.30629539489746,0.2989746034145355,0.28977540135383606,0.30357420444488525,0.29590821266174316,0.0,0.30469265580177307,0.30469265580177307,0.30469265580177307,0.30469265580177307,0.0,0.09396754205226898,-0.21894311904907227,-10.216461181640625,0.0,0.0,0.0,0.0,0.0,0.0,0.0,0.0,0.0,0.0,0.0,0.0,0.0,0.0,0.0,0.30469274520874023,0.30469274520874023,0.304692804813385,0.30469274520874023,0.28387168049812317,0.04114978387951851,0.04114978387951851,0.4387017488479614,-0.24536116421222687,-0.15468238294124603,1.2946951389312744,0.0,0.0,0.0,0.0,0.0,0.0,0.0
57767564815,0,0.029223721474409103,-0.13318046927452087,-0.12881167232990265,0.029223721474409103,-0.13318046927452087,-0.8288116455078125,0.04724548012018204,0.0062523107044398785,-0.01156619656831026,0.0,0.0,0.0,-0.005852000787854195,-0.01066386979073286,2.3773140907287598,0.0,0.0,2.3773140907287598,-0.010673942975699902,-0.007752794306725264,-0.022901523858308792,0.04614382982254028,0.08463581651449203,0.0001375380961690098,0.0,0.0,0.0,-1.7699955701828003,10.094074249267578,0.032802581787109375,9.867506980895996,1.8310966491699219,-10.0,-9.895624160766602,12.586071968078613,2.0,2.0,20.00374412536621,0.2989746034145355,0.28977540135383606,0.30357420444488525,0.29590821266174316,0.0,0.30469265580177307,0.30469265580177307,0.30469265580177307,0.30469265580177307,0.0,0.06767020374536514,-0.16601283848285675,-9.965803146362305,0.0,0.0,0.0,0.0,0.0,0.0,0.0,0.0,0.0,0.0,0.0,0.0,0.0,0.0,0.0,0.30469274520874023,0.30469274520874023,0.304692804813385,0.30469274520874023,0.28387168049812317,0.04114978387951851,0.04114978387951851,0.4387017488479614,-0.24536116421222687,-0.15468238294124603,1.2946951389312744,0.0,0.0,0.0,0.0,0.0,0.0,0.0
57779730332,0,0.029223721474409103,-0.13318046927452087,-0.12881167232990265,0.029223721474409103,-0.13318046927452087,-0.8288116455078125,0.04724548012018204,0.0062523107044398785,-0.01156619656831026,0.0,0.0,0.0,-0.005852000787854195,-0.01066386979073286,2.3773140907287598,0.0,0.0,2.3773140907287598,0.004828637465834618,0.005488957744091749,0.007639053277671337,0.04614382982254028,0.08463581651449203,0.0001375380961690098,0.0,0.0,0.0,-1.7943196296691895,10.073236465454102,0.014182090759277344,9.861796379089355,1.8280179500579834,-10.0,-9.895325660705566,13.001585960388184,2.0,2.0,19.523656845092773,0.2989746034145355,0.28977540135383606,0.30357420444488525,0.29590821266174316,0.0,0.30469265580177307,0.30469265580177307,0.30469265580177307,0.30469265580177307,0.0,0.06767020374536514,-0.16601283848285675,-9.965803146362305,0.0,0.0,0.0,0.0,0.0,0.0,0.0,0.0,0.0,0.0,0.0,0.0,0.0,0.0,0.0,0.30469274520874023,0.30469274520874023,0.304692804813385,0.30469274520874023,0.2992294728755951,0.04114978387951851,0.04114978387951851,0.4233550429344177,0.49382948875427246,0.4238611161708832,1.3478953838348389,0.0,0.0,0.0,0.0,0.0,0.0,0.0
57787234232,0,0.028112927451729774,-0.13357801735401154,-0.12850803136825562,0.028112927451729774,-0.13357801735401154,-0.8285080194473267,0.04315878823399544,0.006384961307048798,-0.009592047892510891,0.0,0.0,0.0,-0.005484418477863073,-0.010489308275282383,2.376958131790161,0.0,0.0,2.376958131790161,0.009143414907157421,0.006866101175546646,0.01470490638166666,0.04307117685675621,0.08296367526054382,0.00014094021753408015,0.0,0.0,0.0,-1.7943196296691895,10.073236465454102,0.014182090759277344,9.861796379089355,1.8271281719207764,-10.0,-9.894702911376953,13.001585960388184,2.0,2.0,19.523656845092773,0.2989746034145355,0.28977540135383606,0.30357420444488525,0.29590821266174316,0.0,0.30469265580177307,0.30469265580177307,0.30469265580177307,0.30469265580177307,0.0,0.040506813675165176,-0.023311495780944824,-9.695097923278809,0.0,0.0,0.0,0.0,0.0,0.0,0.0,0.0,0.0,0.0,0.0,0.0,0.0,0.0,0.0,0.30469274520874023,0.30469274520874023,0.304692804813385,0.30469274520874023,0.2992294728755951,0.04114978387951851,0.04114978387951851,0.4233550429344177,0.4764782786369324,0.2957240641117096,1.0977425575256348,0.0,0.0,0.0,0.0,0.0,0.0,0.0
57799604229,0,0.028112927451729774,-0.13357801735401154,-0.12850803136825562,0.027542103081941605,-0.13375842571258545,-0.828338086605072,0.04315878823399544,0.006384961307048798,-0.009592047892510891,0.0,0.0,0.0,-0.005484418477863073,-0.010489308275282383,2.376958131790161,0.0,0.0,2.3767850399017334,0.009143414907157421,0.006866101175546646,0.01470490638166666,0.04307117685675621,0.08296367526054382,0.00014094021753408015,0.0,0.0,0.0,-1.7943196296691895,10.073236465454102,0.014182090759277344,9.861796379089355,1.8271281719207764,-10.0,-9.894702911376953,13.001585960388184,2.0,2.0,19.523656845092773,0.2989746034145355,0.28977540135383606,0.30357420444488525,0.29590821266174316,0.0,0.30469265580177307,0.30469265580177307,0.30469265580177307,0.30469265580177307,0.0,0.040506813675165176,-0.023311495780944824,-9.695097923278809,0.0,0.0,0.0,0.0,0.0,0.0,0.0,0.0,0.0,0.0,0.0,0.0,0.0,0.0,0.0,0.30469274520874023,0.30469274520874023,0.304692804813385,0.30469274520874023,0.2992294728755951,0.04114978387951851,0.04114978387951851,0.4233550429344177,0.4764782786369324,0.2957240641117096,1.0977425575256348,0.0,0.0,0.0,0.0,0.0,0.0,0.0
57807408334,0,0.027542103081941605,-0.13375842571258545,-0.12833808362483978,0.027542103081941605,-0.13375842571258545,-0.828338086605072,0.04117877036333084,0.00970048550516367,-0.009420781396329403,0.0,0.0,0.0,-0.005320979282259941,-0.010452194139361382,2.3767850399017334,0.0,0.0,2.3767850399017334,0.007434595376253128,0.0026602328289300203,0.01799372211098671,0.04214160889387131,0.08327794820070267,0.0001540747471153736,0.0,0.0,0.0,-1.7986515760421753,10.073454856872559,0.013181686401367188,9.859420776367188,1.825552225112915,-10.0,-9.893292427062988,13.021318435668945,2.0,2.0,19.505002975463867,0.2989746034145355,0.28977540135383606,0.30357420444488525,0.29590821266174316,0.0,0.30469265580177307,0.30469265580177307,0.30469265580177307,0.30469265580177307,0.0,0.20446650683879852,-0.1705164760351181,-9.830387115478516,0.0,0.0,0.0,0.0,0.0,0.0,0.0,0.0,0.0,0.0,0.0,0.0,0.0,0.0,0.0,0.30469274520874023,0.30469274520874023,0.304692804813385,0.30469274520874023,0.2999219298362732,0.04114978387951851,0.04114978387951851,0.4227772355079651,0.14338180422782898,-0.049267031252384186,0.7082211971282959,0.0,0.0,0.0,0.0,0.0,0.0,0.0
57817429698,0,0.0257387924939394,-0.13413847982883453,-0.12782785296440125,0.0257387924939394,-0.13413847982883453,-0.8278278112411499,0.033612918108701706,0.01998988352715969,-0.006455253344029188,0.0,0.0,0.0,-0.0055383192375302315,-0.010905533097684383,2.3760480880737305,0.0,0.0,2.3760480880737305,0.0003900158335454762,-0.0034824113827198744,0.01742694154381752,0.04403283819556236,0.08669639378786087,0.00035712195676751435,0.0,0.0,0.0,-1.7799485921859741,10.092681884765625,0.022002220153808594,9.854423522949219,1.825552225112915,-10.0,-9.893292427062988,12.850774765014648,2.0,2.0,19.735624313354492,0.2989746034145355,0.28977540135383606,0.30357420444488525,0.29590821266174316,0.0,0.30469265580177307,0.30469265580177307,0.30469265580177307,0.30469265580177307,0.0,0.20446650683879852,-0.1705164760351181,-9.830387115478516,0.0,0.0,0.0,0.0,0.0,0.0,0.0,0.0,0.0,0.0,0.0,0.0,0.0,0.0,0.0,0.30469274520874023,0.30469274520874023,0.304692804813385,0.30469274520874023,0.2979288101196289,0.04114978387951851,0.04114978387951851,0.425320565700531,-0.26589062809944153,-0.3241307735443115,0.3720390796661377,0.0,0.0,0.0,0.0,0.0,0.0,0.0
57827320679,0,0.0257387924939394,-0.13413847982883453,-0.12782785296440125,0.0257387924939394,-0.13413847982883453,-0.8278278112411499,0.033612918108701706,0.01998988352715969,-0.006455253344029188,0.0,0.0,0.0,-0.0055383192375302315,-0.010905533097684383,2.3760480880737305,0.0,0.0,2.3760480880737305,-0.013420460745692253,-0.011171882972121239,0.006506853736937046,0.04403283819556236,0.08669639378786087,0.00035712195676751435,0.0,0.0,0.0,-1.7590720653533936,10.102526664733887,0.04127788543701172,9.849287033081055,1.8236184120178223,-10.0,-9.892022132873535,12.395057678222656,2.0,2.0,20.220842361450195,0.2989746034145355,0.28977540135383606,0.30357420444488525,0.29590821266174316,0.0,0.30469265580177307,0.30469265580177307,0.30469265580177307,0.30469265580177307,0.0,0.32932186126708984,-0.20949113368988037,-9.631426811218262,0.0,0.0,0.0,0.0,0.0,0.0,0.0,0.0,0.0,0.0,0.0,0.0,0.0,0.0,0.0,0.30469274520874023,0.30469274520874023,0.304692804813385,0.30469274520874023,0.2907390892505646,0.04114978387951851,0.04114978387951851,0.4328042268753052,-0.4925312101840973,-0.2840709090232849,-0.3215348720550537,0.0,0.0,0.0,0.0,0.0,0.0,0.0
57837644791,0,0.02442159131169319,-0.13424348831176758,-0.12741756439208984,0.02442159131169319,-0.13424348831176758,-0.8274175524711609,0.027606163173913956,0.02659892663359642,-0.003165310248732567,0.0,0.0,0.0,-0.005748344585299492,-0.011134393513202667,2.3752174377441406,0.0,0.0,2.3752174377441406,-0.013420460745692253,-0.011171882972121239,0.006506853736937046,0.04570577293634415,0.08851402252912521,0.0005805562250316143,0.0,0.0,0.0,-1.7590720653533936,10.102526664733887,0.04127788543701172,9.849287033081055,1.8236184120178223,-10.0,-9.892022132873535,12.395057678222656,2.0,2.0,20.220842361450195,0.2989746034145355,0.28977540135383606,0.30357420444488525,0.29590821266174316,0.0,0.30469265580177307,0.30469265580177307,0.30469265580177307,0.30469265580177307,0.0,0.34954485297203064,-0.218652606010437,-9.920926094055176,0.0,0.0,0.0,0.0,0.0,0.0,0.0,0.0,0.0,0.0,0.0,0.0,0.0,0.0,0.0,0.30469274520874023,0.30469274520874023,0.304692804813385,0.30469274520874023,0.2907390892505646,0.04114978387951851,0.04114978387951851,0.4328042268753052,-0.4925312101840973,-0.2840709090232849,-0.3215348720550537,0.0,0.0,0.0,0.0,0.0,0.0,0.0
57850083880,0,0.023734133690595627,-0.1342361718416214,-0.12720569968223572,0.023734133690595627,-0.1342361718416214,-0.8272056579589844,0.02524011954665184,0.03104816935956478,-0.004003274720162153,0.0,0.0,0.0,-0.005708747077733278,-0.01114934217184782,2.3747172355651855,0.0,0.0,2.3747172355651855,-0.012318061664700508,-0.00818559993058443,-0.0020914794877171516,0.04526194557547569,0.08868568390607834,0.00038520668749697506,0.0,0.0,0.0,-1.7623056173324585,10.096851348876953,0.052272796630859375,9.846790313720703,1.8236184120178223,-10.0,-9.892022132873535,12.093246459960938,2.0,2.0,20.504423141479492,0.2989746034145355,0.28977540135383606,0.30357420444488525,0.29590821266174316,0.0,0.30469265580177307,0.30469265580177307,0.30469265580177307,0.30469265580177307,0.0,0.34954485297203064,-0.218652606010437,-9.920926094055176,0.0,0.0,0.0,0.0,0.0,0.0,0.0,0.0,0.0,0.0,0.0,0.0,0.0,0.0,0.0,0.30469274520874023,0.30469274520874023,0.304692804813385,0.30469274520874023,0.2907390892505646,0.04114978387951851,0.04114978387951851,0.4328042268753052,-0.1943080872297287,-0.003355056047439575,-0.56257164478302,0.0,0.0,0.0,0.0,0.0,0.0,0.0
57857332579,0,0.023734133690595627,-0.1342361718416214,-0.12720569968223572,0.023734133690595627,-0.1342361718416214,-0.8272056579589844,0.02524011954665184,0.03104816935956478,-0.004003274720162153,0.0,0.0,0.0,-0.005708747077733278,-0.01114934217184782,2.3747172355651855,0.0,0.0,2.3747172355651855,-0.003856244031339884,-0.0032844997476786375,-0.01740848645567894,0.04526194557547569,0.08868568390607834,0.00038520668749697506,0.0,0.0,0.0,-1.7741972208023071,10.091484069824219,0.06926345825195312,9.842291831970215,1.8203688859939575,-10.0,-9.891134262084961,11.621514320373535,2.0,2.0,20.959482192993164,0.2989746034145355,0.28977540135383606,0.30357420444488525,0.29590821266174316,0.0,0.30469265580177307,0.30469265580177307,0.30469265580177307,0.30469265580177307,0.0,0.34954485297203064,-0.218652606010437,-9.920926094055176,0.0,0.0,0.0,0.0,0.0,0.0,0.0,0.0,0.0,0.0,0.0,0.0,0.0,0.0,0.0,0.30469274520874023,0.30469274520874023,0.304692804813385,0.30469274520874023,0.2748063802719116,0.04114978387951851,0.04114978387951851,0.4467969536781311,0.25058338046073914,0.13880716264247894,-0.707304835319519,0.0,0.0,0.0,0.0,0.0,0.0,0.0
57867399923,0,0.022341866046190262,-0.13411551713943481,-0.12678638100624084,0.022341866046190262,-0.13411551713943481,-0.8267863988876343,0.020890256389975548,0.03907621279358864,-0.004599982872605324,0.0,0.0,0.0,-0.005567536689341068,-0.01121880766004324,2.3735413551330566,0.0,0.0,2.3735413551330566,-0.003856244031339884,-0.0032844997476786375,-0.01740848645567894,0.04526194557547569,0.08868568390607834,0.00038520668749697506,0.0,0.0,0.0,-1.7741972208023071,10.091484069824219,0.06926345825195312,9.842291831970215,1.8203688859939575,-10.0,-9.891134262084961,11.621514320373535,2.0,2.0,20.959482192993164,0.2989746034145355,0.28977540135383606,0.30357420444488525,0.29590821266174316,0.0,0.30469265580177307,0.30469265580177307,0.30469265580177307,0.30469265580177307,0.0,0.34954485297203064,-0.218652606010437,-9.920926094055176,0.0,0.0,0.0,0.0,0.0,0.0,0.0,0.0,0.0,0.0,0.0,0.0,0.0,0.0,0.0,0.30469274520874023,0.30469274520874023,0.304692804813385,0.30469274520874023,0.2748063802719116,0.04114978387951851,0.04114978387951851,0.4467969536781311,0.25058338046073914,0.13880716264247894,-0.707304835319519,0.0,0.0,0.0,0.0,0.0,0.0,0.0
57878156426,0,0.022341866046190262,-0.13411551713943481,-0.12678638100624084,0.022341866046190262,-0.13411551713943481,-0.8267863988876343,0.020890256389975548,0.03907621279358864,-0.004599982872605324,0.0,0.0,0.0,-0.005567536689341068,-0.01121880766004324,2.3735413551330566,0.0,0.0,2.3735413551330566,-0.003856244031339884,-0.0032844997476786375,-0.01740848645567894,0.04437120258808136,0.08958769589662552,0.00039965935866348445,0.0,0.0,0.0,-1.7741972208023071,10.091484069824219,0.06926345825195312,9.842291831970215,1.8184690475463867,-10.0,-9.891275405883789,11.621514320373535,2.0,2.0,20.959482192993164,0.2989746034145355,0.28977540135383606,0.30357420444488525,0.29590821266174316,0.0,0.30469265580177307,0.30469265580177307,0.30469265580177307,0.30469265580177307,0.0,0.27890506386756897,-0.20595814287662506,-9.819780349731445,0.0,0.0,0.0,0.0,0.0,0.0,0.0,0.0,0.0,0.0,0.0,0.0,0.0,0.0,0.0,0.30469274520874023,0.30469274520874023,0.304692804813385,0.30469274520874023,0.2697065770626068,0.04114978387951851,0.04114978387951851,0.451694130897522,0.25058338046073914,0.13880716264247894,-0.707304835319519,0.0,0.0,0.0,0.0,0.0,0.0,0.0
57889742364,0,0.020175812765955925,-0.13374485075473785,-0.12609340250492096,0.020175812765955925,-0.13374485075473785,-0.8260933756828308,0.01528126746416092,0.048408713191747665,0.004386186599731445,0.0,0.0,0.0,-0.005818253383040428,-0.011862372048199177,2.3718059062957764,0.0,0.0,2.3718061447143555,-0.004807236138731241,-0.009641853161156178,-0.024653496220707893,0.046263400465250015,0.09430054575204849,0.0006828894838690758,0.0,0.0,0.0,-1.7676233053207397,10.104243278503418,0.07619571685791016,9.83775520324707,1.8184690475463867,-10.0,-9.891275405883789,11.470969200134277,2.0,2.0,21.150346755981445,0.2989746034145355,0.28977540135383606,0.30357420444488525,0.29590821266174316,0.0,0.30469265580177307,0.30469265580177307,0.30469265580177307,0.30469265580177307,0.0,0.22420738637447357,-0.19007861614227295,-9.310678482055664,0.0,0.0,0.0,0.0,0.0,0.0,0.0,0.0,0.0,0.0,0.0,0.0,0.0,0.0,0.0,0.30469274520874023,0.30469274520874023,0.304692804813385,0.30469274520874023,0.2697065770626068,0.04114978387951851,0.04114978387951851,0.451694130897522,-0.061682865023612976,-0.2834794819355011,-0.3793289065361023,0.0,0.0,0.0,0.0,0.0,0.0,0.0
57898144171,0,0.01943238452076912,-0.133569598197937,-0.1257794052362442,0.01943238452076912,-0.133569598197937,-0.825779378414154,0.013757411390542984,0.04977920278906822,0.00993785634636879,0.0,0.0,0.0,-0.006054271012544632,-0.012713182717561722,2.371302604675293,0.0,0.0,2.371302604675293,-0.012335242703557014,-0.02824951335787773,-0.022514766082167625,0.048139482736587524,0.10106448084115982,0.0006502742180600762,0.0,0.0,0.0,-1.7536025047302246,10.136534690856934,0.07386302947998047,9.835906982421875,1.8184690475463867,-10.0,-9.891275405883789,11.605844497680664,2.0,2.0,21.118179321289062,0.2989746034145355,0.28977540135383606,0.30357420444488525,0.29590821266174316,0.0,0.30469265580177307,0.30469265580177307,0.30469265580177307,0.30469265580177307,0.0,0.17025518417358398,-0.1227768287062645,-9.090804100036621,0.0,0.0,0.0,0.0,0.0,0.0,0.0,0.0,0.0,0.0,0.0,0.0,0.0,0.0,0.0,0.30469274520874023,0.30469274520874023,0.304692804813385,0.30469274520874023,0.2697065770626068,0.04114978387951851,0.04114978387951851,0.451694130897522,-0.3992178738117218,-1.0703290700912476,-0.11203309893608093,0.0,0.0,0.0,0.0,0.0,0.0,0.0
57907726153,0,0.01943238452076912,-0.133569598197937,-0.1257794052362442,0.01943238452076912,-0.133569598197937,-0.825779378414154,0.013757411390542984,0.04977920278906822,0.00993785634636879,0.0,0.0,0.0,-0.006054271012544632,-0.012713182717561722,2.371302604675293,0.0,0.0,2.371302604675293,-0.019986357539892197,-0.04702650010585785,-0.012920798733830452,0.048139482736587524,0.10106448084115982,0.0006502742180600762,0.0,0.0,0.0,-1.7423056364059448,10.158002853393555,0.06667900085449219,9.831779479980469,1.8149200677871704,-10.0,-9.891664505004883,11.845972061157227,2.0,2.0,20.94630241394043,0.2989746034145355,0.28977540135383606,0.30357420444488525,0.29590821266174316,0.0,0.30469265580177307,0.30469265580177307,0.30469265580177307,0.30469265580177307,0.0,0.17025518417358398,-0.1227768287062645,-9.090804100036621,0.0,0.0,0.0,0.0,0.0,0.0,0.0,0.0,0.0,0.0,0.0,0.0,0.0,0.0,0.0,0.30469274520874023,0.30469274520874023,0.304692804813385,0.30469274520874023,0.27734482288360596,0.04114978387951851,0.04114978387951851,0.449100136756897,-0.23657189309597015,-0.5194857120513916,0.33167633414268494,0.0,0.0,0.0,0.0,0.0,0.0,0.0
57917594419,0,0.017913786694407463,-0.1332339346408844,-0.12516073882579803,0.017913786694407463,-0.1332339346408844,-0.8251607418060303,0.008631918579339981,0.04860395938158035,0.0027876028325408697,0.0,0.0,0.0,-0.006250681355595589,-0.013306478038430214,2.3704280853271484,0.0,0.0,2.3704280853271484,-0.019986357539892197,-0.04702650010585785,-0.012920798733830452,0.049699436873197556,0.10578172653913498,0.0005584238097071648,0.0,0.0,0.0,-1.7423056364059448,10.158002853393555,0.06667900085449219,9.831779479980469,1.813812017440796,-10.0,-9.891644477844238,11.845972061157227,2.0,2.0,20.94630241394043,0.2989746034145355,0.28977540135383606,0.30357420444488525,0.29590821266174316,0.0,0.30469265580177307,0.30469265580177307,0.30469265580177307,0.30469265580177307,0.0,-0.06121736019849777,0.2269219160079956,-10.328895568847656,0.0,0.0,0.0,0.0,0.0,0.0,0.0,0.0,0.0,0.0,0.0,0.0,0.0,0.0,0.0,0.30469274520874023,0.30469274520874023,0.304692804813385,0.30469274520874023,0.27734482288360596,0.04114978387951851,0.04114978387951851,0.449100136756897,-0.23657189309597015,-0.5194857120513916,0.33167633414268494,0.0,0.0,0.0,0.0,0.0,0.0,0.0
57927570599,0,0.01713620312511921,-0.13307921588420868,-0.1249406561255455,0.01713620312511921,-0.13307921588420868,-0.8249406218528748,0.005848072934895754,0.046577610075473785,-0.0052736252546310425,0.0,0.0,0.0,-0.005949122365564108,-0.01263461448252201,2.3700990676879883,0.0,0.0,2.3700990676879883,-0.008684252388775349,-0.018067840486764908,-0.006748724263161421,0.04730004072189331,0.10044160485267639,0.0004399367026053369,0.0,0.0,0.0,-1.7616052627563477,10.10729694366455,0.0620269775390625,9.830089569091797,1.813812017440796,-10.0,-9.891644477844238,11.855957984924316,2.0,2.0,20.775007247924805,0.2989746034145355,0.28977540135383606,0.30357420444488525,0.29590821266174316,0.0,0.30469265580177307,0.30469265580177307,0.30469265580177307,0.30469265580177307,0.0,-0.13422992825508118,0.2886999547481537,-10.715904235839844,0.0,0.0,0.0,0.0,0.0,0.0,0.0,0.0,0.0,0.0,0.0,0.0,0.0,0.0,0.0,0.30469274520874023,0.30469274520874023,0.304692804813385,0.30469274520874023,0.27734482288360596,0.04114978387951851,0.04114978387951851,0.449100136756897,0.42869725823402405,1.1212512254714966,0.48746103048324585,0.0,0.0,0.0,0.0,0.0,0.0,0.0
57937744239,0,0.01713620312511921,-0.13307921588420868,-0.1249406561255455,0.01713620312511921,-0.13307921588420868,-0.8249406218528748,0.005848072934895754,0.046577610075473785,-0.0052736252546310425,0.0,0.0,0.0,-0.005949122365564108,-0.01263461448252201,2.3700990676879883,0.0,0.0,2.3700990676879883,-0.008684252388775349,-0.018067840486764908,-0.006748724263161421,0.04730004072189331,0.10044160485267639,0.0004399367026053369,0.0,0.0,0.0,-1.7616052627563477,10.10729694366455,0.0620269775390625,9.830089569091797,1.8127024173736572,-10.0,-9.89149284362793,11.855957984924316,2.0,2.0,20.775007247924805,0.2989746034145355,0.2882421910762787,0.30357420444488525,0.29590821266174316,0.0,0.30469265580177307,0.30469265580177307,0.30469265580177307,0.30469265580177307,0.0,-0.10008744895458221,0.4576811194419861,-10.479510307312012,0.0,0.0,0.0,0.0,0.0,0.0,0.0,0.0,0.0,0.0,0.0,0.0,0.0,0.0,0.0,0.30469274520874023,0.30469274520874023,0.304692804813385,0.30469274520874023,0.2786874771118164,0.04114978387951851,0.04114978387951851,0.44227585196495056,0.42869725823402405,1.1212512254714966,0.48746103048324585,0.0,0.0,0.0,0.0,0.0,0.0,0.0
57947359280,0,0.015547428280115128,-0.13285499811172485,-0.12466152012348175,0.015547428280115128,-0.13285499811172485,-0.8246614933013916,0.0005308033432811499,0.04035555198788643,-0.01388019509613514,0.0,0.0,0.0,-0.004993924405425787,-0.011919763870537281,2.3697526454925537,0.0,0.0,2.369752883911133,0.0283398125320673,0.02802785485982895,0.012248588725924492,0.03808940201997757,0.09496455639600754,0.00012409909686539322,0.0,0.0,0.0,-1.7616052627563477,10.10729694366455,0.0620269775390625,9.830089569091797,1.8119027614593506,-10.0,-9.891156196594238,12.070416450500488,2.0,2.0,20.379608154296875,0.2989746034145355,0.28977540135383606,0.30357420444488525,0.29590821266174316,0.0,0.30469265580177307,0.30469265580177307,0.30469265580177307,0.30469265580177307,0.0,-0.10008744895458221,0.4576811194419861,-10.479510307312012,0.0,0.0,0.0,0.0,0.0,0.0,0.0,0.0,0.0,0.0,0.0,0.0,0.0,0.0,0.0,0.30469274520874023,0.30469274520874023,0.304692804813385,0.30469274520874023,0.28122150897979736,0.04114978387951851,0.04114978387951851,0.43853890895843506,1.4247628450393677,1.7177075147628784,0.8336886763572693,0.0,0.0,0.0,0.0,0.0,0.0,0.0
57957393108,0,0.015547428280115128,-0.13285499811172485,-0.12466152012348175,0.015547428280115128,-0.13285499811172485,-0.8246614933013916,0.0005308033432811499,0.04035555198788643,-0.01388019509613514,0.0,0.0,0.0,-0.004993924405425787,-0.011919763870537281,2.3697526454925537,0.0,0.0,2.369752883911133,0.023084726184606552,0.033199235796928406,0.023802218958735466,0.03808940201997757,0.09496455639600754,0.00012409909686539322,0.0,0.0,0.0,-1.795612096786499,10.048173904418945,0.04356956481933594,9.82296371459961,1.8109058141708374,-10.0,-9.890076637268066,12.190520286560059,2.0,2.0,20.25359535217285,0.2989746034145355,0.28977540135383606,0.30357420444488525,0.29590821266174316,0.0,0.30469265580177307,0.30469265580177307,0.30469265580177307,0.30469265580177307,0.0,-0.3413941562175751,0.380086213350296,-9.991832733154297,0.0,0.0,0.0,0.0,0.0,0.0,0.0,0.0,0.0,0.0,0.0,0.0,0.0,0.0,0.0,0.30469274520874023,0.30469274520874023,0.304692804813385,0.30469274520874023,0.285057932138443,0.04114978387951851,0.04114978387951851,0.43574365973472595,-0.015035551972687244,0.8609376549720764,0.5502967834472656,0.0,0.0,0.0,0.0,0.0,0.0,0.0
57967916111,0,0.013981224037706852,-0.13276612758636475,-0.12440994381904602,0.013981224037706852,-0.13276612758636475,-0.8244099617004395,0.004206450656056404,0.027932489290833473,-0.013278505764901638,0.0,0.0,0.0,-0.004734907299280167,-0.011757688596844673,2.3694674968719482,0.0,0.0,2.3694674968719482,0.023084726184606552,0.033199235796928406,0.023802218958735466,0.03797347471117973,0.08998250961303711,0.00013783120084553957,0.0,0.0,0.0,-1.795612096786499,10.048173904418945,0.04356956481933594,9.82296371459961,1.810246467590332,-10.0,-9.889386177062988,12.190520286560059,2.0,2.0,20.25359535217285,0.2989746034145355,0.28977540135383606,0.30357420444488525,0.29590821266174316,0.0,0.30469265580177307,0.30469265580177307,0.30469265580177307,0.30469265580177307,0.0,-1.11911940574646,0.2921569347381592,-9.847387313842773,0.0,0.0,0.0,0.0,0.0,0.0,0.0,0.0,0.0,0.0,0.0,0.0,0.0,0.0,0.0,0.30469274520874023,0.30469274520874023,0.304692804813385,0.30469274520874023,0.285057932138443,0.04114978387951851,0.04114978387951851,0.43574365973472595,-0.015035551972687244,0.8609376549720764,0.5502967834472656,0.0,0.0,0.0,0.0,0.0,0.0,0.0
57977580503,0,0.012549900449812412,-0.132915660738945,-0.12417186796665192,0.012549900449812412,-0.132915660738945,-0.8241718411445618,0.006456291303038597,0.014126426540315151,-0.010197043418884277,0.0,0.0,0.0,-0.004973717965185642,-0.00981494877487421,2.369267225265503,0.0,0.0,2.369267225265503,0.006986353080719709,0.06010068580508232,0.026530833914875984,0.03954077512025833,0.07802828401327133,8.804354001767933e-05,0.0,0.0,0.0,-1.7698085308074951,10.004169464111328,0.043872833251953125,9.821226119995117,1.810246467590332,-10.0,-9.889386177062988,12.152322769165039,2.0,2.0,20.148237228393555,0.2989746034145355,0.28977540135383606,0.30357420444488525,0.29590821266174316,0.0,0.30469265580177307,0.30469265580177307,0.30469265580177307,0.30469265580177307,0.0,-1.11911940574646,0.2921569347381592,-9.847387313842773,0.0,0.0,0.0,0.0,0.0,0.0,0.0,0.0,0.0,0.0,0.0,0.0,0.0,0.0,0.0,0.30469274520874023,0.30469274520874023,0.304692804813385,0.30469274520874023,0.2838425636291504,0.04114978387951851,0.04114978387951851,0.4344978630542755,-0.7287319898605347,1.6764894723892212,0.4128585457801819,0.0,0.0,0.0,0.0,0.0,0.0,0.0
57987213101,0,0.012549900449812412,-0.132915660738945,-0.12417186796665192,0.012549900449812412,-0.132915660738945,-0.8241718411445618,0.006456291303038597,0.014126426540315151,-0.010197043418884277,0.0,0.0,0.0,-0.004973717965185642,-0.00981494877487421,2.369267225265503,0.0,0.0,2.369267225265503,-0.0037376279942691326,0.03616353124380112,0.028825828805565834,0.03954077512025833,0.07802828401327133,8.804354001767933e-05,0.0,0.0,0.0,-1.7698085308074951,10.004169464111328,0.043872833251953125,9.821226119995117,1.808534026145935,-10.0,-9.888001441955566,12.185785293579102,2.0,2.0,20.28008460998535,0.2989746034145355,0.28977540135383606,0.30357420444488525,0.29590821266174316,0.0,0.30469265580177307,0.30469265580177307,0.30469265580177307,0.30469265580177307,0.0,-0.6353064179420471,0.34219539165496826,-9.403925895690918,0.0,0.0,0.0,0.0,0.0,0.0,0.0,0.0,0.0,0.0,0.0,0.0,0.0,0.0,0.0,0.30469274520874023,0.30469274520874023,0.304692804813385,0.30469274520874023,0.2842499911785126,0.04114978387951851,0.04114978387951851,0.43432459235191345,-0.4970358908176422,-0.8493338823318481,0.17264814674854279,0.0,0.0,0.0,0.0,0.0,0.0,0.0
57997731428,0,0.011202563531696796,-0.13327232003211975,-0.12382692098617554,0.011202563531696796,-0.13327232003211975,-0.8238269090652466,0.008739056065678596,0.0026102575939148664,-0.00230571161955595,0.0,0.0,0.0,-0.004881155211478472,-0.010505827143788338,2.369086265563965,0.0,0.0,2.369086265563965,-0.0037376279942691326,0.03616353124380112,0.028825828805565834,0.03880581632256508,0.08352027088403702,0.00015995011199265718,0.0,0.0,0.0,-1.7605892419815063,10.0558500289917,0.04631996154785156,9.818130493164062,1.808534026145935,-10.0,-9.888001441955566,12.185785293579102,2.0,2.0,20.28008460998535,0.2989746034145355,0.28977540135383606,0.30357420444488525,0.29590821266174316,0.0,0.30469265580177307,0.30469265580177307,0.30469265580177307,0.30469265580177307,0.0,-0.6432461142539978,0.3531132936477661,-9.37446117401123,0.0,0.0,0.0,0.0,0.0,0.0,0.0,0.0,0.0,0.0,0.0,0.0,0.0,0.0,0.0,0.30469274520874023,0.30469274520874023,0.304692804813385,0.30469274520874023,0.2842499911785126,0.04114978387951851,0.04114978387951851,0.43432459235191345,-0.4970358908176422,-0.8493338823318481,0.17264814674854279,0.0,0.0,0.0,0.0,0.0,0.0,0.0
58007361354,0,0.011202563531696796,-0.13327232003211975,-0.12382692098617554,0.011202563531696796,-0.13327232003211975,-0.8238269090652466,0.008739056065678596,0.0026102575939148664,-0.00230571161955595,0.0,0.0,0.0,-0.004881155211478472,-0.010505827143788338,2.369086265563965,0.0,0.0,2.369086265563965,-0.0037376279942691326,0.03616353124380112,0.028825828805565834,0.03880581632256508,0.08352027088403702,0.00015995011199265718,0.0,0.0,0.0,-1.7605892419815063,10.0558500289917,0.04631996154785156,9.818130493164062,1.808534026145935,-10.0,-9.888001441955566,12.185785293579102,2.0,2.0,20.28008460998535,0.2989746034145355,0.28977540135383606,0.30357420444488525,0.29590821266174316,0.0,0.30469265580177307,0.30469265580177307,0.30469265580177307,0.30469265580177307,0.0,-0.6432461142539978,0.3531132936477661,-9.37446117401123,0.0,0.0,0.0,0.0,0.0,0.0,0.0,0.0,0.0,0.0,0.0,0.0,0.0,0.0,0.0,0.30469274520874023,0.30469274520874023,0.304692804813385,0.30469274520874023,0.2842499911785126,0.04114978387951851,0.04114978387951851,0.43432459235191345,-0.4970358908176422,-0.8493338823318481,0.17264814674854279,0.0,0.0,0.0,0.0,0.0,0.0,0.0
58017610816,0,0.010575974360108376,-0.13351596891880035,-0.12362037599086761,0.010575974360108376,-0.13351596891880035,-0.8236203789710999,0.012291313149034977,-0.00018791391630657017,-0.0009708856232464314,0.0,0.0,0.0,-0.004908011294901371,-0.011260869912803173,2.368847131729126,0.0,0.0,2.368847370147705,-0.004861889872699976,-0.02821517363190651,0.01693784072995186,0.03902161866426468,0.08952173590660095,0.0003199758648406714,0.0,0.0,0.0,-1.759744644165039,10.141986846923828,0.06319046020507812,9.815190315246582,1.806667447090149,-10.0,-9.886709213256836,11.884172439575195,2.0,2.0,20.858121871948242,0.2989746034145355,0.28977540135383606,0.30357420444488525,0.29590821266174316,0.0,0.30469265580177307,0.30469265580177307,0.30469265580177307,0.30469265580177307,0.0,-0.6644403338432312,0.035549405962228775,-9.537219047546387,0.0,0.0,0.0,0.0,0.0,0.0,0.0,0.0,0.0,0.0,0.0,0.0,0.0,0.0,0.0,0.30469274520874023,0.30469274520874023,0.304692804813385,0.30469274520874023,0.2808551788330078,0.04114978387951851,0.04114978387951851,0.4439243674278259,-0.20927749574184418,-2.2980082035064697,-0.43073374032974243,0.0,0.0,0.0,0.0,0.0,0.0,0.0
58027684251,0,0.009354795329272747,-0.13407985866069794,-0.12321317940950394,0.009354795329272747,-0.13407985866069794,-0.8232131600379944,0.01009565033018589,0.0002948225010186434,-0.0028885260690003633,0.0,0.0,0.0,-0.005110670812427998,-0.011106898076832294,2.3681533336639404,0.0,0.0,2.3681533336639404,-0.008718269877135754,-0.021928571164608,0.0065268296748399734,0.040989991277456284,0.08714814484119415,0.00031108135590329766,0.0,0.0,0.0,-1.7529879808425903,10.118720054626465,0.07493877410888672,9.813671112060547,1.806667447090149,-10.0,-9.886709213256836,11.550044059753418,2.0,2.0,21.116641998291016,0.2989746034145355,0.28977540135383606,0.30357420444488525,0.29590821266174316,0.0,0.30469265580177307,0.30469265580177307,0.30469265580177307,0.30469265580177307,0.0,0.14841625094413757,-0.04645378142595291,-10.041622161865234,0.0,0.0,0.0,0.0,0.0,0.0,0.0,0.0,0.0,0.0,0.0,0.0,0.0,0.0,0.0,0.30469274520874023,0.30469274520874023,0.304692804813385,0.30469274520874023,0.2808551788330078,0.04114978387951851,0.04114978387951851,0.4439243674278259,-0.28344881534576416,-0.8495293259620667,-0.7029130458831787,0.0,0.0,0.0,0.0,0.0,0.0,0.0
58037453767,0,0.009354795329272747,-0.13407985866069794,-0.12321317940950394,0.009354795329272747,-0.13407985866069794,-0.8232131600379944,0.01009565033018589,0.0002948225010186434,-0.0028885260690003633,0.0,0.0,0.0,-0.005110670812427998,-0.011106898076832294,2.3681533336639404,0.0,0.0,2.3681533336639404,-0.013344105333089828,-0.0008865448762662709,-0.011329010128974915,0.040989991277456284,0.08714814484119415,0.00031108135590329766,0.0,0.0,0.0,-1.7529879808425903,10.118720054626465,0.07493877410888672,9.813671112060547,1.8035537004470825,-10.0,-9.885904312133789,11.056818962097168,2.0,2.0,21.49677848815918,0.2989746034145355,0.28977540135383606,0.30357420444488525,0.29590821266174316,0.0,0.30469265580177307,0.30469265580177307,0.30469265580177307,0.30469265580177307,0.0,0.14841625094413757,-0.04645378142595291,-10.041622161865234,0.0,0.0,0.0,0.0,0.0,0.0,0.0,0.0,0.0,0.0,0.0,0.0,0.0,0.0,0.0,0.30469274520874023,0.30469274520874023,0.304692804813385,0.30469274520874023,0.2639758884906769,0.04114978387951851,0.04114978387951851,0.4562183618545532,-0.18490375578403473,0.38773220777511597,-0.8403173089027405,0.0,0.0,0.0,0.0,0.0,0.0,0.0
58048652341,0,0.00813228264451027,-0.13458262383937836,-0.12286720424890518,0.00813228264451027,-0.13458262383937836,-0.822867214679718,0.0059868828393518925,0.0038668259512633085,-0.005554873961955309,0.0,0.0,0.0,-0.005334193352609873,-0.010802964679896832,2.367227077484131,0.0,0.0,2.367227077484131,-0.013344105333089828,-0.0008865448762662709,-0.011329010128974915,0.042303815484046936,0.08683952689170837,0.0003421858127694577,0.0,0.0,0.0,-1.745559811592102,10.08384895324707,0.09209632873535156,9.810983657836914,1.8035537004470825,-10.0,-9.885904312133789,11.056818962097168,2.0,2.0,21.49677848815918,0.2989746034145355,0.28977540135383606,0.30357420444488525,0.29590821266174316,0.0,0.30469265580177307,0.30469265580177307,0.30469265580177307,0.30469265580177307,0.0,0.14845246076583862,-0.11613480001688004,-9.863451957702637,0.0,0.0,0.0,0.0,0.0,0.0,0.0,0.0,0.0,0.0,0.0,0.0,0.0,0.0,0.0,0.30469274520874023,0.30469274520874023,0.304692804813385,0.30469274520874023,0.2639758884906769,0.04114978387951851,0.04114978387951851,0.4562183618545532,-0.18490375578403473,0.38773220777511597,-0.8403173089027405,0.0,0.0,0.0,0.0,0.0,0.0,0.0
58057502977,0,0.007530301809310913,-0.13480249047279358,-0.12269742041826248,0.007530301809310913,-0.13480249047279358,-0.8226974010467529,0.005494138225913048,0.00506916968151927,-0.004317523445934057,0.0,0.0,0.0,-0.005349753890186548,-0.011084130965173244,2.3666980266571045,0.0,0.0,2.3666980266571045,-0.0110923545435071,-0.007120834663510323,-0.018459700047969818,0.042797304689884186,0.08933128416538239,0.00032718025613576174,0.0,0.0,0.0,-1.7481491565704346,10.097528457641602,0.09807777404785156,9.809618949890137,1.8035537004470825,-10.0,-9.885904312133789,10.918266296386719,2.0,2.0,21.679378509521484,0.2989746034145355,0.28977540135383606,0.30357420444488525,0.29590821266174316,0.0,0.30469265580177307,0.30469265580177307,0.30469265580177307,0.30469265580177307,0.0,0.14845246076583862,-0.11613480001688004,-9.863451957702637,0.0,0.0,0.0,0.0,0.0,0.0,0.0,0.0,0.0,0.0,0.0,0.0,0.0,0.0,0.0,0.30469274520874023,0.30469274520874023,0.304692804813385,0.30469274520874023,0.2639758884906769,0.04114978387951851,0.04114978387951851,0.4562183618545532,0.012571538798511028,-0.10765797644853592,-0.752181351184845,0.0,0.0,0.0,0.0,0.0,0.0,0.0
58067320479,0,0.007530301809310913,-0.13480249047279358,-0.12269742041826248,0.007530301809310913,-0.13480249047279358,-0.8226974010467529,0.005494138225913048,0.00506916968151927,-0.004317523445934057,0.0,0.0,0.0,-0.005349753890186548,-0.011084130965173244,2.3666980266571045,0.0,0.0,2.3666980266571045,-0.007537673227488995,-0.018913045525550842,-0.020751751959323883,0.042797304689884186,0.08933128416538239,0.00032718025613576174,0.0,0.0,0.0,-1.7481491565704346,10.097528457641602,0.09807777404785156,9.809618949890137,1.8012769222259521,-10.0,-9.886229515075684,10.918266296386719,2.0,2.0,21.679378509521484,0.2989746034145355,0.28977540135383606,0.30357420444488525,0.29590821266174316,0.0,0.30469265580177307,0.30469265580177307,0.30469265580177307,0.30469265580177307,0.0,0.07520522177219391,-0.1600906401872635,-9.613492965698242,0.0,0.0,0.0,0.0,0.0,0.0,0.0,0.0,0.0,0.0,0.0,0.0,0.0,0.0,0.0,0.30469274520874023,0.30469274520874023,0.304692804813385,0.30469274520874023,0.2587374746799469,0.04114978387951851,0.04114978387951851,0.4623660147190094,0.09841988235712051,-0.3649834990501404,-0.24332654476165771,0.0,0.0,0.0,0.0,0.0,0.0,0.0
58077535778,0,0.005810055416077375,-0.13532063364982605,-0.1220720112323761,0.005810055416077375,-0.13532063364982605,-0.8220720291137695,0.005843516904860735,0.013861886225640774,0.002789694583043456,0.0,0.0,0.0,-0.005505436100065708,-0.011670779436826706,2.3654401302337646,0.0,0.0,2.3654403686523438,-0.007537673227488995,-0.018913045525550842,-0.020751751959323883,0.04377301037311554,0.09277932345867157,0.00045462913112714887,0.0,0.0,0.0,-1.7501931190490723,10.11511516571045,0.09755611419677734,9.80725383758545,1.7992560863494873,-10.0,-9.886751174926758,10.956965446472168,2.0,2.0,21.6973876953125,0.2989746034145355,0.28977540135383606,0.30357420444488525,0.29590821266174316,0.0,0.30469265580177307,0.30469265580177307,0.30469265580177307,0.30469265580177307,0.0,0.1091592013835907,-0.31148526072502136,-9.642061233520508,0.0,0.0,0.0,0.0,0.0,0.0,0.0,0.0,0.0,0.0,0.0,0.0,0.0,0.0,0.0,0.30469274520874023,0.30469274520874023,0.304692804813385,0.30469274520874023,0.2587374746799469,0.04114978387951851,0.04114978387951851,0.4623660147190094,0.09841988235712051,-0.3649834990501404,-0.24332654476165771,0.0,0.0,0.0,0.0,0.0,0.0,0.0
58087756179,0,0.005810055416077375,-0.13532063364982605,-0.1220720112323761,0.005810055416077375,-0.13532063364982605,-0.8220720291137695,0.005843516904860735,0.013861886225640774,0.002789694583043456,0.0,0.0,0.0,-0.005505436100065708,-0.011670779436826706,2.3654401302337646,0.0,0.0,2.3654403686523438,-0.021276231855154037,-0.028068525716662407,-0.012642325833439827,0.04377301037311554,0.09277932345867157,0.00045462913112714887,0.0,0.0,0.0,-1.7501931190490723,10.11511516571045,0.09755611419677734,9.80725383758545,1.798091173171997,-10.0,-9.886957168579102,11.237585067749023,2.0,2.0,21.46883201599121,0.2989746034145355,0.28977540135383606,0.30357420444488525,0.29590821266174316,0.0,0.30469265580177307,0.30469265580177307,0.30469265580177307,0.30469265580177307,0.0,0.1091592013835907,-0.31148526072502136,-9.642061233520508,0.0,0.0,0.0,0.0,0.0,0.0,0.0,0.0,0.0,0.0,0.0,0.0,0.0,0.0,0.0,0.30469274520874023,0.30469274520874023,0.304692804813385,0.30469274520874023,0.2642820179462433,0.04114978387951851,0.04114978387951851,0.4580879211425781,-0.527030348777771,-0.5664414763450623,0.23418548703193665,0.0,0.0,0.0,0.0,0.0,0.0,0.0
58097775735,0,0.0047288620844483376,-0.13546393811702728,-0.12158834934234619,0.0047288620844483376,-0.13546393811702728,-0.8215883374214172,0.007289875764399767,0.025895098224282265,0.00628198217600584,0.0,0.0,0.0,-0.006127891130745411,-0.012356448918581009,2.364793539047241,0.0,0.0,2.3647937774658203,-0.021276231855154037,-0.028068525716662407,-0.012642325833439827,0.048720963299274445,0.09823022782802582,0.0004295082180760801,0.0,0.0,0.0,-1.7222816944122314,10.131962776184082,0.08953571319580078,9.80494499206543,1.798091173171997,-10.0,-9.886957168579102,11.237585067749023,2.0,2.0,21.46883201599121,0.2989746034145355,0.28977540135383606,0.30357420444488525,0.29590821266174316,0.0,0.30469265580177307,0.30469265580177307,0.30469265580177307,0.30469265580177307,0.0,0.3000633716583252,-0.5704946517944336,-9.642168998718262,0.0,0.0,0.0,0.0,0.0,0.0,0.0,0.0,0.0,0.0,0.0,0.0,0.0,0.0,0.0,0.30469274520874023,0.30469274520874023,0.304692804813385,0.30469274520874023,0.2642820179462433,0.04114978387951851,0.04114978387951851,0.4580879211425781,-0.527030348777771,-0.5664414763450623,0.23418548703193665,0.0,0.0,0.0,0.0,0.0,0.0,0.0
58110735637,0,0.004209169186651707,-0.1354445219039917,-0.12133613228797913,0.004209169186651707,-0.1354445219039917,-0.8213361501693726,0.007528684101998806,0.031810346990823746,0.006093202158808708,0.0,0.0,0.0,-0.0065495409071445465,-0.013110595755279064,2.364548683166504,0.0,0.0,2.364548683166504,-0.03068537265062332,-0.043314192444086075,-0.008833039551973343,0.048720963299274445,0.09823022782802582,0.0004295082180760801,0.0,0.0,0.0,-1.7062126398086548,10.158027648925781,0.08681678771972656,9.80401611328125,1.7969727516174316,-10.0,-9.887065887451172,11.375770568847656,2.0,2.0,21.41318130493164,0.2989746034145355,0.28977540135383606,0.30357420444488525,0.29590821266174316,0.0,0.30469265580177307,0.30469265580177307,0.30469265580177307,0.30469265580177307,0.0,0.3000633716583252,-0.5704946517944336,-9.642168998718262,0.0,0.0,0.0,0.0,0.0,0.0,0.0,0.0,0.0,0.0,0.0,0.0,0.0,0.0,0.0,0.30469274520874023,0.30469274520874023,0.304692804813385,0.30469274520874023,0.26730406284332275,0.04114978387951851,0.04114978387951851,0.4567112922668457,-0.7394424676895142,-1.0487741231918335,0.31476259231567383,0.0,0.0,0.0,0.0,0.0,0.0,0.0
58117462186,0,0.004209169186651707,-0.1354445219039917,-0.12133613228797913,0.004209169186651707,-0.1354445219039917,-0.8213361501693726,0.007528684101998806,0.031810346990823746,0.006093202158808708,0.0,0.0,0.0,-0.0065495409071445465,-0.013110595755279064,2.364548683166504,0.0,0.0,2.364548683166504,-0.03068537265062332,-0.043314192444086075,-0.008833039551973343,0.052071474492549896,0.10422617942094803,0.00034547707764431834,0.0,0.0,0.0,-1.7062126398086548,10.158027648925781,0.08681678771972656,9.80401611328125,1.7941086292266846,-10.0,-9.887106895446777,11.375770568847656,2.0,2.0,21.41318130493164,0.2989746034145355,0.28977540135383606,0.30357420444488525,0.29590821266174316,0.0,0.30469265580177307,0.30469265580177307,0.30469265580177307,0.30469265580177307,0.0,0.3281841576099396,-0.5629016160964966,-9.74687385559082,0.0,0.0,0.0,0.0,0.0,0.0,0.0,0.0,0.0,0.0,0.0,0.0,0.0,0.0,0.0,0.30469274520874023,0.30469274520874023,0.304692804813385,0.30469274520874023,0.26825883984565735,0.04114978387951851,0.04114978387951851,0.45544150471687317,-0.7394424676895142,-1.0487741231918335,0.31476259231567383,0.0,0.0,0.0,0.0,0.0,0.0,0.0
58128467694,0,0.0031993871089071035,-0.1352735161781311,-0.12090525031089783,0.0031993871089071035,-0.1352735161781311,-0.8209052085876465,0.0048502241261303425,0.036507703363895416,-0.0013815725687891245,0.0,0.0,0.0,-0.006347486283630133,-0.013054328970611095,2.3640635013580322,0.0,0.0,2.3640637397766113,-0.014673172496259212,-0.027500752359628677,-0.0032346865627914667,0.04849047586321831,0.10114642977714539,0.00018299929797649384,0.0,0.0,0.0,-1.7342699766159058,10.12519645690918,0.08483600616455078,9.8021240234375,1.7941086292266846,-10.0,-9.887106895446777,11.33087158203125,2.0,2.0,21.35487937927246,0.2989746034145355,0.28977540135383606,0.30357420444488525,0.29590821266174316,0.0,0.30469265580177307,0.30469265580177307,0.30469265580177307,0.30469265580177307,0.0,0.14699803292751312,0.03451547026634216,-10.282638549804688,0.0,0.0,0.0,0.0,0.0,0.0,0.0,0.0,0.0,0.0,0.0,0.0,0.0,0.0,0.0,0.30469274520874023,0.30469274520874023,0.304692804813385,0.30469274520874023,0.26825883984565735,0.04114978387951851,0.04114978387951851,0.45544150471687317,0.566817581653595,0.6082953810691833,0.28046250343322754,0.0,0.0,0.0,0.0,0.0,0.0,0.0
58137682053,0,0.0031993871089071035,-0.1352735161781311,-0.12090525031089783,0.0031993871089071035,-0.1352735161781311,-0.8209052085876465,0.0048502241261303425,0.036507703363895416,-0.0013815725687891245,0.0,0.0,0.0,-0.006347486283630133,-0.013054328970611095,2.3640635013580322,0.0,0.0,2.3640637397766113,0.03706689924001694,0.013043252751231194,0.0022175731137394905,0.04849047586321831,0.10114642977714539,0.00018299929797649384,0.0,0.0,0.0,-1.8086304664611816,10.07353687286377,0.08220958709716797,9.80024528503418,1.7923238277435303,-10.0,-9.886979103088379,11.200052261352539,2.0,2.0,21.325763702392578,0.2989746034145355,0.28977540135383606,0.30357420444488525,0.29590821266174316,0.0,0.30469265580177307,0.30469265580177307,0.30469265580177307,0.30469265580177307,0.0,0.14699803292751312,0.03451547026634216,-10.282638549804688,0.0,0.0,0.0,0.0,0.0,0.0,0.0,0.0,0.0,0.0,0.0,0.0,0.0,0.0,0.0,0.30469274520874023,0.30469274520874023,0.304692804813385,0.30469274520874023,0.2644617259502411,0.04114978387951851,0.04114978387951851,0.4549730122089386,1.869852900505066,1.2398619651794434,0.2840070128440857,0.0,0.0,0.0,0.0,0.0,0.0,0.0
58147478167,0,0.002175498753786087,-0.1350078284740448,-0.12058302760124207,0.002175498753786087,-0.1350078284740448,-0.8205829858779907,0.00018626422388479114,0.03977099806070328,-0.002041114727035165,0.0,0.0,0.0,-0.005111448932439089,-0.012301175855100155,2.3636908531188965,0.0,0.0,2.3636908531188965,0.03706689924001694,0.013043252751231194,0.0022175731137394905,0.039236880838871,0.09897866100072861,4.7663881559856236e-05,0.0,0.0,0.0,-1.8086304664611816,10.07353687286377,0.08220958709716797,9.80024528503418,1.7923238277435303,-10.0,-9.886979103088379,11.200052261352539,2.0,2.0,21.325763702392578,0.2989746034145355,0.28977540135383606,0.30357420444488525,0.29590821266174316,0.0,0.30469265580177307,0.30469265580177307,0.30469265580177307,0.30469265580177307,0.0,0.18821564316749573,0.09145855903625488,-9.662501335144043,0.0,0.0,0.0,0.0,0.0,0.0,0.0,0.0,0.0,0.0,0.0,0.0,0.0,0.0,0.0,0.30469274520874023,0.30469274520874023,0.304692804813385,0.30469274520874023,0.2644617259502411,0.04114978387951851,0.04114978387951851,0.4549730122089386,1.869852900505066,1.2398619651794434,0.2840070128440857,0.0,0.0,0.0,0.0,0.0,0.0,0.0
58157609341,0,0.002175498753786087,-0.1350078284740448,-0.12058302760124207,0.001122708898037672,-0.13469065725803375,-0.8202173709869385,0.00018626422388479114,0.03977099806070328,-0.002041114727035165,0.0,0.0,0.0,-0.005111448932439089,-0.012301175855100155,2.3636908531188965,0.0,0.0,2.3636136054992676,0.04189872369170189,-0.003489033319056034,0.00693830382078886,0.039236880838871,0.09897866100072861,4.7663881559856236e-05,0.0,0.0,0.0,-1.8086304664611816,10.07353687286377,0.08220958709716797,9.80024528503418,1.7923238277435303,-10.0,-9.886979103088379,11.200052261352539,2.0,2.0,21.325763702392578,0.2989746034145355,0.28977540135383606,0.30357420444488525,0.29590821266174316,0.0,0.30469265580177307,0.30469265580177307,0.30469265580177307,0.30469265580177307,0.0,0.18821564316749573,0.09145855903625488,-9.662501335144043,0.0,0.0,0.0,0.0,0.0,0.0,0.0,0.0,0.0,0.0,0.0,0.0,0.0,0.0,0.0,0.30469274520874023,0.30469274520874023,0.304692804813385,0.30469274520874023,0.2644617259502411,0.04114978387951851,0.04114978387951851,0.4549730122089386,1.135245442390442,-0.15053047239780426,0.3663657009601593,0.0,0.0,0.0,0.0,0.0,0.0,0.0
58167641071,0,0.001122708898037672,-0.13469065725803375,-0.12021741271018982,0.001122708898037672,-0.13469065725803375,-0.8202173709869385,-0.004343845881521702,0.04001859575510025,0.003282934660091996,0.0,0.0,0.0,-0.00475010322406888,-0.01326815877109766,2.3636136054992676,0.0,0.0,2.3636136054992676,0.008280706591904163,-0.015522602014243603,0.014879535883665085,0.037761807441711426,0.10548116266727448,5.559606506722048e-05,0.0,0.0,0.0,-1.8074578046798706,10.108336448669434,0.07854843139648438,9.799361228942871,1.790972352027893,-10.0,-9.886303901672363,11.35357666015625,2.0,2.0,21.284088134765625,0.2989746034145355,0.28977540135383606,0.30357420444488525,0.29590821266174316,0.0,0.30469265580177307,0.30469265580177307,0.30469265580177307,0.30469265580177307,0.0,0.04639000818133354,0.17617487907409668,-9.485651016235352,0.0,0.0,0.0,0.0,0.0,0.0,0.0,0.0,0.0,0.0,0.0,0.0,0.0,0.0,0.0,0.30469274520874023,0.30469274520874023,0.304692804813385,0.30469274520874023,0.2724878489971161,0.04114978387951851,0.04114978387951851,0.451236754655838,-0.9591178894042969,-0.21690474450588226,0.3742910921573639,0.0,0.0,0.0,0.0,0.0,0.0,0.0
58178118850,0,-3.090314567089081e-05,-0.13443304598331451,-0.11979521065950394,-3.090314567089081e-05,-0.13443304598331451,-0.8197951912879944,-0.012917009182274342,0.03439220041036606,0.0051368228159844875,0.0,0.0,0.0,-0.005232963245362043,-0.01313183456659317,2.3635928630828857,0.0,0.0,2.363593101501465,0.008280706591904163,-0.015522602014243603,0.014879535883665085,0.04160052537918091,0.10439733415842056,6.677815690636635e-05,0.0,0.0,0.0,-1.7477267980575562,10.122089385986328,0.07348155975341797,9.797811508178711,1.790972352027893,-10.0,-9.886303901672363,11.601822853088379,2.0,2.0,21.075298309326172,0.2989746034145355,0.28977540135383606,0.30357420444488525,0.29590821266174316,0.0,0.30469265580177307,0.30469265580177307,0.30469265580177307,0.30469265580177307,0.0,-0.02122579701244831,0.5694333910942078,-9.740646362304688,0.0,0.0,0.0,0.0,0.0,0.0,0.0,0.0,0.0,0.0,0.0,0.0,0.0,0.0,0.0,0.30469274520874023,0.30469274520874023,0.304692804813385,0.30469274520874023,0.2724878489971161,0.04114978387951851,0.04114978387951851,0.451236754655838,-0.9591178894042969,-0.21690474450588226,0.3742910921573639,0.0,0.0,0.0,0.0,0.0,0.0,0.0
58187554088,0,-3.090314567089081e-05,-0.13443304598331451,-0.11979521065950394,-0.0006584348157048225,-0.13435736298561096,-0.8195899724960327,-0.012917009182274342,0.03439220041036606,0.0051368228159844875,0.0,0.0,0.0,-0.005232963245362043,-0.01313183456659317,2.3635928630828857,0.0,0.0,2.3636155128479004,-0.005318935960531235,0.0019879855681210756,0.017563292756676674,0.04160052537918091,0.10439733415842056,6.677815690636635e-05,0.0,0.0,0.0,-1.7312206029891968,10.092041015625,0.07242107391357422,9.79702377319336,1.790972352027893,-10.0,-9.886303901672363,11.607152938842773,2.0,2.0,20.972061157226562,0.2989746034145355,0.28977540135383606,0.30357420444488525,0.29590821266174316,0.0,0.30469265580177307,0.30469265580177307,0.30469265580177307,0.30469265580177307,0.0,-0.02122579701244831,0.5694333910942078,-9.740646362304688,0.0,0.0,0.0,0.0,0.0,0.0,0.0,0.0,0.0,0.0,0.0,0.0,0.0,0.0,0.0,0.30469274520874023,0.30469274520874023,0.304692804813385,0.30469274520874023,0.2724878489971161,0.04114978387951851,0.04114978387951851,0.451236754655838,-1.0895272493362427,0.7035762071609497,0.3134738504886627,0.0,0.0,0.0,0.0,0.0,0.0,0.0
58197760909,0,-0.0006584348157048225,-0.13435736298561096,-0.11958997696638107,-0.0006584348157048225,-0.13435736298561096,-0.8195899724960327,-0.017517313361167908,0.02880587801337242,0.0042642331682145596,0.0,0.0,0.0,-0.005315059330314398,-0.012712564319372177,2.3636155128479004,0.0,0.0,2.3636155128479004,0.00483616953715682,0.01052193995565176,0.016848132014274597,0.04225239157676697,0.10106457769870758,1.3820210369885899e-05,0.0,0.0,0.0,-1.7312206029891968,10.092041015625,0.07242107391357422,9.79702377319336,1.7890887260437012,-10.0,-9.885488510131836,11.455096244812012,2.0,2.0,21.1095027923584,0.2989746034145355,0.28977540135383606,0.30357420444488525,0.29590821266174316,0.0,0.30469265580177307,0.30469265580177307,0.30469265580177307,0.30469265580177307,0.0,-0.15489283204078674,0.7768520712852478,-9.887989044189453,0.0,0.0,0.0,0.0,0.0,0.0,0.0,0.0,0.0,0.0,0.0,0.0,0.0,0.0,0.0,0.30469274520874023,0.30469274520874023,0.304692804813385,0.30469274520874023,0.27260512113571167,0.04114978387951851,0.04114978387951851,0.44815778732299805,0.14230844378471375,0.3306259512901306,0.02945590391755104,0.0,0.0,0.0,0.0,0.0,0.0,0.0
58208086344,0,-0.001964192371815443,-0.13435323536396027,-0.11922374367713928,-0.001964192371815443,-0.13435323536396027,-0.8192237615585327,-0.023068126291036606,0.017084922641515732,0.0017552801873534918,0.0,0.0,0.0,-0.004793835803866386,-0.012669716961681843,2.3635823726654053,0.0,0.0,2.3635823726654053,0.00483616953715682,0.01052193995565176,0.016848132014274597,0.037456635385751724,0.10141412168741226,9.794070501811802e-05,0.0,0.0,0.0,-1.756001353263855,10.086894989013672,0.07643318176269531,9.795632362365723,1.7890887260437012,-10.0,-9.885488510131836,11.455096244812012,2.0,2.0,21.1095027923584,0.2989746034145355,0.28977540135383606,0.30357420444488525,0.29590821266174316,0.0,0.30469265580177307,0.30469265580177307,0.30469265580177307,0.30469265580177307,0.0,-0.4271727204322815,0.6503801941871643,-9.914997100830078,0.0,0.0,0.0,0.0,0.0,0.0,0.0,0.0,0.0,0.0,0.0,0.0,0.0,0.0,0.0,0.30469274520874023,0.30469274520874023,0.304692804813385,0.30469274520874023,0.27260512113571167,0.04114978387951851,0.04114978387951851,0.44815778732299805,0.14230844378471375,0.3306259512901306,0.02945590391755104,0.0,0.0,0.0,0.0,0.0,0.0,0.0
58218583115,0,-0.001964192371815443,-0.13435323536396027,-0.11922374367713928,-0.003263750346377492,-0.13455349206924438,-0.8188876509666443,-0.023068126291036606,0.017084922641515732,0.0017552801873534918,0.0,0.0,0.0,-0.004793835803866386,-0.012669716961681843,2.3635823726654053,0.0,0.0,2.363381862640381,0.009313365444540977,-0.0013020411133766174,0.011511588469147682,0.037456635385751724,0.10141412168741226,9.794070501811802e-05,0.0,0.0,0.0,-1.756001353263855,10.086894989013672,0.07643318176269531,9.795632362365723,1.7873703241348267,-10.0,-9.88472843170166,11.455096244812012,2.0,2.0,21.1095027923584,0.2989746034145355,0.28977540135383606,0.30357420444488525,0.29590821266174316,0.0,0.30469265580177307,0.30469265580177307,0.30469265580177307,0.30469265580177307,0.0,-0.4271727204322815,0.6503801941871643,-9.914997100830078,0.0,0.0,0.0,0.0,0.0,0.0,0.0,0.0,0.0,0.0,0.0,0.0,0.0,0.0,0.0,0.30469274520874023,0.30469274520874023,0.304692804813385,0.30469274520874023,0.2685907483100891,0.04114978387951851,0.04114978387951851,0.45289793610572815,0.19260036945343018,-0.34335723519325256,-0.21663828194141388,0.0,0.0,0.0,0.0,0.0,0.0,0.0
58227654329,0,-0.003263750346377492,-0.13455349206924438,-0.11888764053583145,-0.003263750346377492,-0.13455349206924438,-0.8188876509666443,-0.02251739241182804,0.005241828039288521,0.0022140981163829565,0.0,0.0,0.0,-0.004782002419233322,-0.012944330461323261,2.363381862640381,0.0,0.0,2.363381862640381,0.009313365444540977,-0.0013020411133766174,0.011511588469147682,0.03801710903644562,0.10290616750717163,0.00015020667342469096,0.0,0.0,0.0,-1.7610899209976196,10.107205390930176,0.08343219757080078,9.794722557067871,1.7873703241348267,-10.0,-9.88472843170166,11.296661376953125,2.0,2.0,21.333477020263672,0.2989746034145355,0.2882421910762787,0.30357420444488525,0.29590821266174316,0.0,0.30469265580177307,0.30469265580177307,0.30469265580177307,0.30469265580177307,0.0,-0.6614772081375122,0.37009426951408386,-9.717209815979004,0.0,0.0,0.0,0.0,0.0,0.0,0.0,0.0,0.0,0.0,0.0,0.0,0.0,0.0,0.0,0.30469274520874023,0.30469274520874023,0.304692804813385,0.30469274520874023,0.2685907483100891,0.04114978387951851,0.04114978387951851,0.45289793610572815,0.19260036945343018,-0.34335723519325256,-0.21663828194141388,0.0,0.0,0.0,0.0,0.0,0.0,0.0
58237262831,0,-0.003263750346377492,-0.13455349206924438,-0.11888764053583145,-0.0038823431823402643,-0.13472530245780945,-0.818717360496521,-0.02251739241182804,0.005241828039288521,0.0022140981163829565,0.0,0.0,0.0,-0.004782002419233322,-0.012944330461323261,2.363381862640381,0.0,0.0,2.3632466793060303,-0.008952919393777847,0.0034447992220520973,0.0036615384742617607,0.03801710903644562,0.10290616750717163,0.00015020667342469096,0.0,0.0,0.0,-1.728331446647644,10.096283912658691,0.09158802032470703,9.794045448303223,1.786794662475586,-10.0,-9.884499549865723,11.117093086242676,2.0,2.0,21.47508430480957,0.2989746034145355,0.28977540135383606,0.30357420444488525,0.29590821266174316,0.0,0.30469265580177307,0.30469265580177307,0.30469265580177307,0.30469265580177307,0.0,-0.6614772081375122,0.37009426951408386,-9.717209815979004,0.0,0.0,0.0,0.0,0.0,0.0,0.0,0.0,0.0,0.0,0.0,0.0,0.0,0.0,0.0,0.30469274520874023,0.30469274520874023,0.304692804813385,0.30469274520874023,0.26689955592155457,0.04114978387951851,0.04114978387951851,0.4549356698989868,-0.7221372127532959,0.13362842798233032,-0.4048255383968353,0.0,0.0,0.0,0.0,0.0,0.0,0.0
58247539211,0,-0.0038823431823402643,-0.13472530245780945,-0.11871737986803055,-0.0038823431823402643,-0.13472530245780945,-0.818717360496521,-0.020507877692580223,-0.0006793048232793808,0.0031324897427111864,0.0,0.0,0.0,-0.005134464241564274,-0.01271281111985445,2.3632466793060303,0.0,0.0,2.3632466793060303,-0.008952919393777847,0.0034447992220520973,0.0036615384742617607,0.040819913148880005,0.10106523334980011,0.00020132720237597823,0.0,0.0,0.0,-1.728331446647644,10.096283912658691,0.09158802032470703,9.794045448303223,1.7835235595703125,-10.0,-9.88410472869873,11.117093086242676,2.0,2.0,21.47508430480957,0.2989746034145355,0.28977540135383606,0.30357420444488525,0.29590821266174316,0.0,0.30469265580177307,0.30469265580177307,0.30469265580177307,0.30469265580177307,0.0,-0.7429344058036804,0.33486130833625793,-9.74263858795166,0.0,0.0,0.0,0.0,0.0,0.0,0.0,0.0,0.0,0.0,0.0,0.0,0.0,0.0,0.0,0.30469274520874023,0.30469274520874023,0.304692804813385,0.30469274520874023,0.2605397403240204,0.04114978387951851,0.04114978387951851,0.45909690856933594,-0.7221372127532959,0.13362842798233032,-0.4048255383968353,0.0,0.0,0.0,0.0,0.0,0.0,0.0
58257488080,0,-0.005015954375267029,-0.135220006108284,-0.11838199943304062,-0.005015954375267029,-0.135220006108284,-0.8183819651603699,-0.015706848353147507,-0.010326179675757885,0.0018097737338393927,0.0,0.0,0.0,-0.005973456893116236,-0.012244918383657932,2.3628997802734375,0.0,0.0,2.3628997802734375,-0.033016517758369446,0.012106767855584621,-0.005323371849954128,0.048395827412605286,0.09756903350353241,0.00015792145859450102,0.0,0.0,0.0,-1.6917248964309692,10.083011627197266,0.09967517852783203,9.792901992797852,1.7835235595703125,-10.0,-9.88410472869873,10.941573143005371,2.0,2.0,21.604774475097656,0.2989746034145355,0.28977540135383606,0.30357420444488525,0.29590821266174316,0.0,0.30469265580177307,0.30469265580177307,0.30469265580177307,0.30469265580177307,0.0,-0.5896427631378174,0.016539398580789566,-9.923806190490723,0.0,0.0,0.0,0.0,0.0,0.0,0.0,0.0,0.0,0.0,0.0,0.0,0.0,0.0,0.0,0.30469274520874023,0.30469274520874023,0.304692804813385,0.30469274520874023,0.2605397403240204,0.04114978387951851,0.04114978387951851,0.45909690856933594,-0.977350115776062,0.24507850408554077,-0.434794545173645,0.0,0.0,0.0,0.0,0.0,0.0,0.0
58269646464,0,-0.005015954375267029,-0.135220006108284,-0.11838199943304062,-0.005015954375267029,-0.135220006108284,-0.8183819651603699,-0.015706848353147507,-0.010326179675757885,0.0018097737338393927,0.0,0.0,0.0,-0.005973456893116236,-0.012244918383657932,2.3628997802734375,0.0,0.0,2.3628997802734375,-0.024253742769360542,-0.004037768580019474,-0.014822087250649929,0.048395827412605286,0.09756903350353241,0.00015792145859450102,0.0,0.0,0.0,-1.7070133686065674,10.108848571777344,0.10841751098632812,9.791827201843262,1.7806528806686401,-10.0,-9.884317398071289,10.730429649353027,2.0,2.0,21.900012969970703,0.2989746034145355,0.28977540135383606,0.30357420444488525,0.29590821266174316,0.0,0.30469265580177307,0.30469265580177307,0.30469265580177307,0.30469265580177307,0.0,-0.5896427631378174,0.016539398580789566,-9.923806190490723,0.0,0.0,0.0,0.0,0.0,0.0,0.0,0.0,0.0,0.0,0.0,0.0,0.0,0.0,0.0,0.30469274520874023,0.30469274520874023,0.304692804813385,0.30469274520874023,0.25670596957206726,0.04114978387951851,0.04114978387951851,0.46399587392807007,0.09899546205997467,-0.48327207565307617,-0.4528970420360565,0.0,0.0,0.0,0.0,0.0,0.0,0.0
58277354309,0,-0.005986167583614588,-0.13583631813526154,-0.1180807575583458,-0.005986167583614588,-0.13583631813526154,-0.818080723285675,-0.008385686203837395,-0.013722273521125317,0.0014645298942923546,0.0,0.0,0.0,-0.00620613107457757,-0.012524488382041454,2.3624589443206787,0.0,0.0,2.3624589443206787,-0.02170890010893345,-0.003040279494598508,-0.01921694353222847,0.049788638949394226,0.09997829049825668,0.0002470420440658927,0.0,0.0,0.0,-1.7070133686065674,10.108848571777344,0.10841751098632812,9.791827201843262,1.7806528806686401,-10.0,-9.884317398071289,10.615463256835938,2.0,2.0,22.002490997314453,0.2989746034145355,0.28977540135383606,0.30357420444488525,0.29590821266174316,0.0,0.30469265580177307,0.30469265580177307,0.30469265580177307,0.30469265580177307,0.0,-0.5080209374427795,-0.4882584512233734,-9.74097728729248,0.0,0.0,0.0,0.0,0.0,0.0,0.0,0.0,0.0,0.0,0.0,0.0,0.0,0.0,0.0,0.30469274520874023,0.30469274520874023,0.304692804813385,0.30469274520874023,0.25670596957206726,0.04114978387951851,0.04114978387951851,0.46399587392807007,0.166517972946167,-0.20693747699260712,-0.4668039381504059,0.0,0.0,0.0,0.0,0.0,0.0,0.0
58287935386,0,-0.006380824837833643,-0.1361396312713623,-0.11792579293251038,-0.006380824837833643,-0.1361396312713623,-0.8179258108139038,-0.0014893338084220886,-0.012441561557352543,0.0022395169362425804,0.0,0.0,0.0,-0.006322006694972515,-0.012616148218512535,2.362165689468384,0.0,0.0,2.362165927886963,-0.02170890010893345,-0.003040279494598508,-0.01921694353222847,0.050854407250881195,0.09985749423503876,0.00024407128512393683,0.0,0.0,0.0,-1.7080202102661133,10.10496711730957,0.11251354217529297,9.791413307189941,1.7806528806686401,-10.0,-9.884317398071289,10.615463256835938,2.0,2.0,22.002490997314453,0.2989746034145355,0.28977540135383606,0.30357420444488525,0.29590821266174316,0.0,0.30469265580177307,0.30469265580177307,0.30469265580177307,0.30469265580177307,0.0,-0.5242743492126465,-0.740551233291626,-9.745353698730469,0.0,0.0,0.0,0.0,0.0,0.0,0.0,0.0,0.0,0.0,0.0,0.0,0.0,0.0,0.0,0.30469274520874023,0.30469274520874023,0.304692804813385,0.30469274520874023,0.25670596957206726,0.04114978387951851,0.04114978387951851,0.46399587392807007,0.166517972946167,-0.20693747699260712,-0.4668039381504059,0.0,0.0,0.0,0.0,0.0,0.0,0.0
58297312286,0,-0.006380824837833643,-0.1361396312713623,-0.11792579293251038,-0.006380824837833643,-0.1361396312713623,-0.8179258108139038,-0.0014893338084220886,-0.012441561557352543,0.0022395169362425804,0.0,0.0,0.0,-0.006322006694972515,-0.012616148218512535,2.362165689468384,0.0,0.0,2.362165927886963,-0.02170890010893345,-0.003040279494598508,-0.01921694353222847,0.050854407250881195,0.09985749423503876,0.00024407128512393683,0.0,0.0,0.0,-1.7080202102661133,10.10496711730957,0.11251354217529297,9.791413307189941,1.7767760753631592,-10.0,-9.885281562805176,10.615463256835938,2.0,2.0,22.002490997314453,0.2989746034145355,0.28977540135383606,0.30357420444488525,0.29590821266174316,0.0,0.30469265580177307,0.30469265580177307,0.30469265580177307,0.30469265580177307,0.0,-0.5242743492126465,-0.740551233291626,-9.745353698730469,0.0,0.0,0.0,0.0,0.0,0.0,0.0,0.0,0.0,0.0,0.0,0.0,0.0,0.0,0.0,0.30469274520874023,0.30469274520874023,0.304692804813385,0.30469274520874023,0.2522061765193939,0.04114978387951851,0.04114978387951851,0.4674540162086487,0.166517972946167,-0.20693747699260712,-0.4668039381504059,0.0,0.0,0.0,0.0,0.0,0.0,0.0
58307622651,0,-0.007116392254829407,-0.13685902953147888,-0.11747707426548004,-0.007116392254829407,-0.13685902953147888,-0.8174770474433899,0.01668856479227543,0.0012620976194739342,1.081991649698466e-05,0.0,0.0,0.0,-0.0069401017390191555,-0.01210364792495966,2.361208438873291,0.0,0.0,2.361208438873291,-0.020111355930566788,0.007994148880243301,-0.025325829163193703,0.05517766997218132,0.09622011333703995,0.00043256470235064626,0.0,0.0,0.0,-1.7027406692504883,10.085671424865723,0.1173410415649414,9.790605545043945,1.7767760753631592,-10.0,-9.885281562805176,10.466447830200195,2.0,2.0,22.08894157409668,0.2989746034145355,0.28977540135383606,0.30357420444488525,0.29590821266174316,0.0,0.30469265580177307,0.30469265580177307,0.30469265580177307,0.30469265580177307,0.0,0.09309814870357513,-0.7386879324913025,-10.011724472045898,0.0,0.0,0.0,0.0,0.0,0.0,0.0,0.0,0.0,0.0,0.0,0.0,0.0,0.0,0.0,0.30469274520874023,0.30469274520874023,0.304692804813385,0.30469274520874023,0.25076067447662354,0.04114978387951851,0.04114978387951851,0.46817800402641296,0.1912800818681717,0.29016003012657166,-0.3357824981212616,0.0,0.0,0.0,0.0,0.0,0.0,0.0
58317569455,0,-0.007116392254829407,-0.13685902953147888,-0.11747707426548004,-0.007116392254829407,-0.13685902953147888,-0.8174770474433899,0.01668856479227543,0.0012620976194739342,1.081991649698466e-05,0.0,0.0,0.0,-0.0069401017390191555,-0.01210364792495966,2.361208438873291,0.0,0.0,2.361208438873291,0.00686298543587327,-0.006122687831521034,-0.02123558707535267,0.05517766997218132,0.09622011333703995,0.00043256470235064626,0.0,0.0,0.0,-1.7405915260314941,10.110238075256348,0.11135196685791016,9.78988265991211,1.7745076417922974,-10.0,-9.886104583740234,10.603278160095215,2.0,2.0,22.034299850463867,0.2989746034145355,0.28977540135383606,0.30357420444488525,0.29590821266174316,0.0,0.30469265580177307,0.30469265580177307,0.30469265580177307,0.30469265580177307,0.0,0.09309814870357513,-0.7386879324913025,-10.011724472045898,0.0,0.0,0.0,0.0,0.0,0.0,0.0,0.0,0.0,0.0,0.0,0.0,0.0,0.0,0.0,0.30469274520874023,0.30469274520874023,0.304692804813385,0.30469274520874023,0.25211045145988464,0.04114978387951851,0.04114978387951851,0.46811267733573914,1.0344583988189697,-0.45495882630348206,0.10398603975772858,0.0,0.0,0.0,0.0,0.0,0.0,0.0
58327193672,0,-0.0073468443006277084,-0.13706137239933014,-0.11724517494440079,-0.0073468443006277084,-0.13706137239933014,-0.8172451853752136,0.01962706819176674,0.015203825198113918,-0.0013806663919240236,0.0,0.0,0.0,-0.006564619485288858,-0.012464474886655807,2.36076283454895,0.0,0.0,2.36076283454895,0.00686298543587327,-0.006122687831521034,-0.02123558707535267,0.0506974421441555,0.0995660349726677,0.00010406418732600287,0.0,0.0,0.0,-1.7405915260314941,10.110238075256348,0.11135196685791016,9.78988265991211,1.7745076417922974,-10.0,-9.886104583740234,10.603278160095215,2.0,2.0,22.034299850463867,0.2989746034145355,0.28977540135383606,0.30357420444488525,0.29590821266174316,0.0,0.30469265580177307,0.30469265580177307,0.30469265580177307,0.30469265580177307,0.0,0.38442084193229675,-0.6725499629974365,-9.8761568069458,0.0,0.0,0.0,0.0,0.0,0.0,0.0,0.0,0.0,0.0,0.0,0.0,0.0,0.0,0.0,0.30469274520874023,0.30469274520874023,0.304692804813385,0.30469274520874023,0.25211045145988464,0.04114978387951851,0.04114978387951851,0.46811267733573914,1.0344583988189697,-0.45495882630348206,0.10398603975772858,0.0,0.0,0.0,0.0,0.0,0.0,0.0
58336999918,0,-0.007424446288496256,-0.13705642521381378,-0.11713910102844238,-0.007424446288496256,-0.13705642521381378,-0.8171390891075134,0.01958838663995266,0.02284245938062668,-0.0009110388928093016,0.0,0.0,0.0,-0.006225922144949436,-0.012549126520752907,2.3606746196746826,0.0,0.0,2.3606748580932617,0.020224377512931824,-0.008680055849254131,-0.013212422840297222,0.048259805887937546,0.09962698817253113,5.7555756939109415e-05,0.0,0.0,0.0,-1.7565981149673462,10.111638069152832,0.10262870788574219,9.789571762084961,1.7745076417922974,-10.0,-9.886104583740234,10.808643341064453,2.0,2.0,21.834938049316406,0.2989746034145355,0.28977540135383606,0.30357420444488525,0.29590821266174316,0.0,0.30469265580177307,0.30469265580177307,0.30469265580177307,0.30469265580177307,0.0,0.61590975522995,-0.5644490122795105,-9.675277709960938,0.0,0.0,0.0,0.0,0.0,0.0,0.0,0.0,0.0,0.0,0.0,0.0,0.0,0.0,0.0,0.30469274520874023,0.30469274520874023,0.304692804813385,0.30469274520874023,0.25211045145988464,0.04114978387951851,0.04114978387951851,0.46811267733573914,1.1395225524902344,-0.3331332802772522,0.4311372935771942,0.0,0.0,0.0,0.0,0.0,0.0,0.0
58348367118,0,-0.007424446288496256,-0.13705642521381378,-0.11713910102844238,-0.007424446288496256,-0.13705642521381378,-0.8171390891075134,0.01958838663995266,0.02284245938062668,-0.0009110388928093016,0.0,0.0,0.0,-0.006225922144949436,-0.012549126520752907,2.3606746196746826,0.0,0.0,2.3606748580932617,0.02699088118970394,-3.601808566600084e-05,0.008989112451672554,0.048259805887937546,0.09962698817253113,5.7555756939109415e-05,0.0,0.0,0.0,-1.758620262145996,10.095696449279785,0.08114242553710938,9.789051055908203,1.77227783203125,-10.0,-9.886630058288574,11.341939926147461,2.0,2.0,21.251056671142578,0.2989746034145355,0.28977540135383606,0.30357420444488525,0.29590821266174316,0.0,0.30469265580177307,0.30469265580177307,0.30469265580177307,0.30469265580177307,0.0,0.61590975522995,-0.5644490122795105,-9.675277709960938,0.0,0.0,0.0,0.0,0.0,0.0,0.0,0.0,0.0,0.0,0.0,0.0,0.0,0.0,0.0,0.30469274520874023,0.30469274520874023,0.304692804813385,0.30469274520874023,0.26501575112342834,0.04114978387951851,0.04114978387951851,0.45615434646606445,0.49900227785110474,0.22188030183315277,0.9561888575553894,0.0,0.0,0.0,0.0,0.0,0.0,0.0
58357420503,0,-0.007578992284834385,-0.13683630526065826,-0.1168920174241066,-0.007578992284834385,-0.13683630526065826,-0.8168920278549194,0.016997365280985832,0.03965907543897629,0.003633314510807395,0.0,0.0,0.0,-0.005724834743887186,-0.01235978864133358,2.3608219623565674,0.0,0.0,2.3608222007751465,0.027615848928689957,0.002534688450396061,0.022445155307650566,0.04536760598421097,0.0978788435459137,-7.774203550070524e-05,0.0,0.0,0.0,-1.758620262145996,10.095696449279785,0.08114242553710938,9.789051055908203,1.77227783203125,-10.0,-9.886630058288574,11.341939926147461,2.0,2.0,21.251056671142578,0.2989746034145355,0.28977540135383606,0.30357420444488525,0.29590821266174316,0.0,0.30469265580177307,0.30469265580177307,0.30469265580177307,0.30469265580177307,0.0,0.5236950516700745,-0.2990938127040863,-9.482945442199707,0.0,0.0,0.0,0.0,0.0,0.0,0.0,0.0,0.0,0.0,0.0,0.0,0.0,0.0,0.0,0.30469274520874023,0.30469274520874023,0.304692804813385,0.30469274520874023,0.26501575112342834,0.04114978387951851,0.04114978387951851,0.45615434646606445,0.3028585612773895,0.21277979016304016,1.1130062341690063,0.0,0.0,0.0,0.0,0.0,0.0,0.0
58367088253,0,-0.007578992284834385,-0.13683630526065826,-0.1168920174241066,-0.007578992284834385,-0.13683630526065826,-0.8168920278549194,0.016997365280985832,0.03965907543897629,0.003633314510807395,0.0,0.0,0.0,-0.005724834743887186,-0.01235978864133358,2.3608219623565674,0.0,0.0,2.3608222007751465,0.027615848928689957,0.002534688450396061,0.022445155307650566,0.04536760598421097,0.0978788435459137,-7.774203550070524e-05,0.0,0.0,0.0,-1.7583059072494507,10.092490196228027,0.0693368911743164,9.78879451751709,1.77227783203125,-10.0,-9.886630058288574,11.646112442016602,2.0,2.0,20.93682098388672,0.2989746034145355,0.28977540135383606,0.30357420444488525,0.29590821266174316,0.0,0.30469265580177307,0.30469265580177307,0.30469265580177307,0.30469265580177307,0.0,0.5236950516700745,-0.2990938127040863,-9.482945442199707,0.0,0.0,0.0,0.0,0.0,0.0,0.0,0.0,0.0,0.0,0.0,0.0,0.0,0.0,0.0,0.30469274520874023,0.30469274520874023,0.304692804813385,0.30469274520874023,0.26501575112342834,0.04114978387951851,0.04114978387951851,0.45615434646606445,0.3028585612773895,0.21277979016304016,1.1130062341690063,0.0,0.0,0.0,0.0,0.0,0.0,0.0
58376988314,0,-0.007655610796064138,-0.13660983741283417,-0.1167314276099205,-0.007655610796064138,-0.13660983741283417,-0.8167313933372498,0.015022161416709423,0.04428777098655701,0.006901210639625788,0.0,0.0,0.0,-0.005595453083515167,-0.01230675633996725,2.3610799312591553,0.0,0.0,2.3610801696777344,0.03396734967827797,6.992857379373163e-05,0.033714503049850464,0.043720144778490067,0.09715250134468079,-0.00013499757915269583,0.0,0.0,0.0,-1.7583059072494507,10.092490196228027,0.0693368911743164,9.78879451751709,1.77104914188385,-10.0,-9.885868072509766,11.882317543029785,2.0,2.0,20.719175338745117,0.2989746034145355,0.28977540135383606,0.30357420444488525,0.29590821266174316,0.0,0.30469265580177307,0.30469265580177307,0.30469265580177307,0.30469265580177307,0.0,0.37991034984588623,0.057332247495651245,-9.515154838562012,0.0,0.0,0.0,0.0,0.0,0.0,0.0,0.0,0.0,0.0,0.0,0.0,0.0,0.0,0.0,0.30469274520874023,0.30469274520874023,0.304692804813385,0.30469274520874023,0.277123361825943,0.04114978387951851,0.04114978387951851,0.444973349571228,0.4934750199317932,-0.0008420992526225746,1.1665867567062378,0.0,0.0,0.0,0.0,0.0,0.0,0.0
58387203144,0,-0.00806397944688797,-0.1359274685382843,-0.11617117375135422,-0.00806397944688797,-0.1359274685382843,-0.8161711692810059,0.002964247018098831,0.037605851888656616,0.010106065310537815,0.0,0.0,0.0,-0.004163335543125868,-0.012405463494360447,2.3623125553131104,0.0,0.0,2.3623125553131104,0.04950283467769623,-0.0044165016151964664,0.04609153792262077,0.03308732807636261,0.09862624853849411,-0.0005650909733958542,0.0,0.0,0.0,-1.7941222190856934,10.105020523071289,0.050026893615722656,9.788337707519531,1.7706564664840698,-10.0,-9.885231971740723,12.115265846252441,2.0,2.0,20.51130485534668,0.2989746034145355,0.28977540135383606,0.30357420444488525,0.29590821266174316,0.0,0.30469265580177307,0.30469265580177307,0.30469265580177307,0.30469265580177307,0.0,0.37991034984588623,0.057332247495651245,-9.515154838562012,0.0,0.0,0.0,0.0,0.0,0.0,0.0,0.0,0.0,0.0,0.0,0.0,0.0,0.0,0.0,0.30469274520874023,0.30469274520874023,0.304692804813385,0.30469274520874023,0.2810231149196625,0.04114978387951851,0.04114978387951851,0.4416896104812622,0.9940158128738403,-0.22046025097370148,1.1712058782577515,0.0,0.0,0.0,0.0,0.0,0.0,0.0
58397390649,0,-0.00806397944688797,-0.1359274685382843,-0.11617117375135422,-0.00806397944688797,-0.1359274685382843,-0.8161711692810059,0.002964247018098831,0.037605851888656616,0.010106065310537815,0.0,0.0,0.0,-0.004163335543125868,-0.012405463494360447,2.3623125553131104,0.0,0.0,2.3623125553131104,0.05884181708097458,-0.008299008011817932,0.06832325458526611,0.03308732807636261,0.09862624853849411,-0.0005650909733958542,0.0,0.0,0.0,-1.7941222190856934,10.105020523071289,0.050026893615722656,9.788337707519531,1.770350694656372,-10.0,-9.883232116699219,12.115265846252441,2.0,2.0,20.51130485534668,0.2989746034145355,0.28977540135383606,0.30357420444488525,0.29590821266174316,0.0,0.30469265580177307,0.30469265580177307,0.30469265580177307,0.30469265580177307,0.0,-0.5272533893585205,0.9267721772193909,-9.531548500061035,0.0,0.0,0.0,0.0,0.0,0.0,0.0,0.0,0.0,0.0,0.0,0.0,0.0,0.0,0.0,0.30469274520874023,0.30469274520874023,0.304692804813385,0.30469274520874023,0.29015839099884033,0.04114978387951851,0.04114978387951851,0.43366125226020813,0.5194342732429504,-0.21281181275844574,1.1079120635986328,0.0,0.0,0.0,0.0,0.0,0.0,0.0
58407379101,0,-0.008491461165249348,-0.13577185571193695,-0.11578753590583801,-0.008491461165249348,-0.13577185571193695,-0.8157875537872314,-0.005666189361363649,0.02005229890346527,0.008034337311983109,0.0,0.0,0.0,-0.0031037640292197466,-0.012507990933954716,2.363658905029297,0.0,0.0,2.363658905029297,0.05884181708097458,-0.008299008011817932,0.06832325458526611,0.023157956078648567,0.10058722645044327,-0.00041589938336983323,0.0,0.0,0.0,-1.8097045421600342,10.109868049621582,0.03197288513183594,9.78781509399414,1.770350694656372,-10.0,-9.883232116699219,12.570926666259766,2.0,2.0,20.07291030883789,0.2989746034145355,0.2882421910762787,0.30357420444488525,0.29590821266174316,0.0,0.30469265580177307,0.30469265580177307,0.30469265580177307,0.30469265580177307,0.0,-0.37959980964660645,0.8820294737815857,-10.069955825805664,0.0,0.0,0.0,0.0,0.0,0.0,0.0,0.0,0.0,0.0,0.0,0.0,0.0,0.0,0.0,0.30469274520874023,0.30469274520874023,0.304692804813385,0.30469274520874023,0.29015839099884033,0.04114978387951851,0.04114978387951851,0.43366125226020813,0.5194342732429504,-0.21281181275844574,1.1079120635986328,0.0,0.0,0.0,0.0,0.0,0.0,0.0
58417193748,0,-0.00875169225037098,-0.13578642904758453,-0.11563065648078918,-0.00875169225037098,-0.13578642904758453,-0.8156306743621826,-0.011506265960633755,0.01360924169421196,0.006234555039554834,0.0,0.0,0.0,-0.0028408195357769728,-0.012729646638035774,2.3643016815185547,0.0,0.0,2.3643016815185547,0.04584633558988571,-0.012334891594946384,0.0726344957947731,0.02280997298657894,0.10164766758680344,-0.00033804879058152437,0.0,0.0,0.0,-1.7894623279571533,10.116873741149902,0.031493186950683594,9.787457466125488,1.770350694656372,-10.0,-9.883232116699219,12.626452445983887,2.0,2.0,20.038267135620117,0.2989746034145355,0.28977540135383606,0.30357420444488525,0.29590821266174316,0.0,0.30469265580177307,0.30469265580177307,0.30469265580177307,0.30469265580177307,0.0,-0.2996686100959778,0.9023427963256836,-10.26755142211914,0.0,0.0,0.0,0.0,0.0,0.0,0.0,0.0,0.0,0.0,0.0,0.0,0.0,0.0,0.0,0.30469274520874023,0.30469274520874023,0.304692804813385,0.30469274520874023,0.29015839099884033,0.04114978387951851,0.04114978387951851,0.43366125226020813,-0.3799043893814087,-0.28907474875450134,0.7568408250808716,0.0,0.0,0.0,0.0,0.0,0.0,0.0
58427159250,0,-0.00875169225037098,-0.13578642904758453,-0.11563065648078918,-0.00875169225037098,-0.13578642904758453,-0.8156306743621826,-0.011506265960633755,0.01360924169421196,0.006234555039554834,0.0,0.0,0.0,-0.0028408195357769728,-0.012729646638035774,2.3643016815185547,0.0,0.0,2.3643016815185547,-0.017018085345625877,0.0016276210080832243,0.059536825865507126,0.02280997298657894,0.10164766758680344,-0.00033804879058152437,0.0,0.0,0.0,-1.6956984996795654,10.091972351074219,0.05100440979003906,9.786675453186035,1.7693108320236206,-10.0,-9.879075050354004,12.2229642868042,2.0,2.0,20.35362434387207,0.2989746034145355,0.28977540135383606,0.30357420444488525,0.29590821266174316,0.0,0.30469265580177307,0.30469265580177307,0.30469265580177307,0.30469265580177307,0.0,-0.2996686100959778,0.9023427963256836,-10.26755142211914,0.0,0.0,0.0,0.0,0.0,0.0,0.0,0.0,0.0,0.0,0.0,0.0,0.0,0.0,0.0,0.30469274520874023,0.30469274520874023,0.304692804813385,0.30469274520874023,0.28743845224380493,0.04114978387951851,0.04114978387951851,0.4354066252708435,-2.4074440002441406,0.4974454939365387,-0.36680880188941956,0.0,0.0,0.0,0.0,0.0,0.0,0.0
58437063889,0,-0.009364964440464973,-0.13599301874637604,-0.11542710661888123,-0.009364964440464973,-0.13599301874637604,-0.8154270648956299,-0.017246071249246597,0.0014731965493410826,-0.0006780565017834306,0.0,0.0,0.0,-0.003727036528289318,-0.01253695972263813,2.3652753829956055,0.0,0.0,2.3652753829956055,-0.017018085345625877,0.0016276210080832243,0.059536825865507126,0.032225195318460464,0.09857456386089325,-9.594295988790691e-05,0.0,0.0,0.0,-1.6956984996795654,10.091972351074219,0.05100440979003906,9.786675453186035,1.7693108320236206,-10.0,-9.879075050354004,12.2229642868042,2.0,2.0,20.35362434387207,0.2989746034145355,0.28977540135383606,0.30357420444488525,0.29590821266174316,0.0,0.30469265580177307,0.30469265580177307,0.30469265580177307,0.30469265580177307,0.0,-0.26260507106781006,0.7883808612823486,-10.018020629882812,0.0,0.0,0.0,0.0,0.0,0.0,0.0,0.0,0.0,0.0,0.0,0.0,0.0,0.0,0.0,0.30469274520874023,0.30469274520874023,0.304692804813385,0.30469274520874023,0.28743845224380493,0.04114978387951851,0.04114978387951851,0.4354066252708435,-2.4074440002441406,0.4974454939365387,-0.36680880188941956,0.0,0.0,0.0,0.0,0.0,0.0,0.0
58447264551,0,-0.009364964440464973,-0.13599301874637604,-0.11542710661888123,-0.009719626046717167,-0.13617603480815887,-0.8153529763221741,-0.017246071249246597,0.0014731965493410826,-0.0006780565017834306,0.0,0.0,0.0,-0.003727036528289318,-0.01253695972263813,2.3652753829956055,0.0,0.0,2.365457534790039,-0.017018085345625877,0.0016276210080832243,0.059536825865507126,0.032225195318460464,0.09857456386089325,-9.594295988790691e-05,0.0,0.0,0.0,-1.6956984996795654,10.091972351074219,0.05100440979003906,9.786675453186035,1.768309235572815,-10.0,-9.878135681152344,12.2229642868042,2.0,2.0,20.35362434387207,0.2989746034145355,0.28977540135383606,0.30357420444488525,0.29590821266174316,0.0,0.30469265580177307,0.30469265580177307,0.30469265580177307,0.30469265580177307,0.0,-0.26260507106781006,0.7883808612823486,-10.018020629882812,0.0,0.0,0.0,0.0,0.0,0.0,0.0,0.0,0.0,0.0,0.0,0.0,0.0,0.0,0.0,0.30469274520874023,0.30469274520874023,0.304692804813385,0.30469274520874023,0.2791650891304016,0.04114978387951851,0.04114978387951851,0.44241756200790405,-2.4074440002441406,0.4974454939365387,-0.36680880188941956,0.0,0.0,0.0,0.0,0.0,0.0,0.0
58459578423,0,-0.009719626046717167,-0.13617603480815887,-0.11535299569368362,-0.009719626046717167,-0.13617603480815887,-0.8153529763221741,-0.02258605696260929,-0.005578393116593361,-0.0009713275358080864,0.0,0.0,0.0,-0.0042982082813978195,-0.012340343557298183,2.365457534790039,0.0,0.0,2.365457534790039,-0.04472196474671364,-0.001048338133841753,0.010998079553246498,0.03651732578873634,0.0980423092842102,8.123592124320567e-05,0.0,0.0,0.0,-1.669935703277588,10.101583480834961,0.1023111343383789,9.785826683044434,1.7668367624282837,-10.0,-9.877437591552734,10.936599731445312,2.0,2.0,21.6676082611084,0.2989746034145355,0.28977540135383606,0.30357420444488525,0.29590821266174316,0.0,0.30469265580177307,0.30469265580177307,0.30469265580177307,0.30469265580177307,0.0,-0.03768152743577957,0.7548601031303406,-9.66121768951416,0.0,0.0,0.0,0.0,0.0,0.0,0.0,0.0,0.0,0.0,0.0,0.0,0.0,0.0,0.0,0.30469274520874023,0.30469274520874023,0.304692804813385,0.30469274520874023,0.2662184536457062,0.04114978387951851,0.04114978387951851,0.45474061369895935,-1.3053427934646606,-0.11180628091096878,-1.8902956247329712,0.0,0.0,0.0,0.0,0.0,0.0,0.0
58467163452,0,-0.010572953149676323,-0.13666218519210815,-0.11517506092786789,-0.010572953149676323,-0.13666218519210815,-0.8151750564575195,-0.031229624524712563,-0.009921587072312832,0.0033130603842437267,0.0,0.0,0.0,-0.004868885036557913,-0.012641089037060738,2.3650169372558594,0.0,0.0,2.3650169372558594,-0.0360264778137207,-0.005847857799381018,-0.015288179740309715,0.03867001831531525,0.10119464248418808,0.0003658454807009548,0.0,0.0,0.0,-1.6870405673980713,10.10982894897461,0.12693119049072266,9.785489082336426,1.7668367624282837,-10.0,-9.877437591552734,10.278986930847168,2.0,2.0,22.352556228637695,0.2989746034145355,0.28977540135383606,0.30357420444488525,0.29590821266174316,0.0,0.30469265580177307,0.30469265580177307,0.30469265580177307,0.30469265580177307,0.0,0.12202034890651703,0.31623220443725586,-9.626799583435059,0.0,0.0,0.0,0.0,0.0,0.0,0.0,0.0,0.0,0.0,0.0,0.0,0.0,0.0,0.0,0.30469274520874023,0.30469274520874023,0.304692804813385,0.30469274520874023,0.2662184536457062,0.04114978387951851,0.04114978387951851,0.45474061369895935,-0.3169942796230316,-0.27865245938301086,-2.3315207958221436,0.0,0.0,0.0,0.0,0.0,0.0,0.0
58479396038,0,-0.010572953149676323,-0.13666218519210815,-0.11517506092786789,-0.010572953149676323,-0.13666218519210815,-0.8151750564575195,-0.031229624524712563,-0.009921587072312832,0.0033130603842437267,0.0,0.0,0.0,-0.004868885036557913,-0.012641089037060738,2.3650169372558594,0.0,0.0,2.3650169372558594,-0.0360264778137207,-0.005847857799381018,-0.015288179740309715,0.03867001831531525,0.10119464248418808,0.0003658454807009548,0.0,0.0,0.0,-1.6870405673980713,10.10982894897461,0.12693119049072266,9.785489082336426,1.7628446817398071,-10.0,-9.878536224365234,10.278986930847168,2.0,2.0,22.352556228637695,0.2989746034145355,0.28977540135383606,0.30357420444488525,0.29590821266174316,0.0,0.30469265580177307,0.30469265580177307,0.30469265580177307,0.30469265580177307,0.0,0.12202034890651703,0.31623220443725586,-9.626799583435059,0.0,0.0,0.0,0.0,0.0,0.0,0.0,0.0,0.0,0.0,0.0,0.0,0.0,0.0,0.0,0.30469274520874023,0.30469274520874023,0.304692804813385,0.30469274520874023,0.22835487127304077,0.04114978387951851,0.04114978387951851,0.4880962371826172,-0.3169942796230316,-0.27865245938301086,-2.3315207958221436,0.0,0.0,0.0,0.0,0.0,0.0,0.0
58487553794,0,-0.011978193186223507,-0.13739489018917084,-0.1148378774523735,-0.011978193186223507,-0.13739489018917084,-0.8148378729820251,-0.03491787612438202,-0.0010912565048784018,0.004217845853418112,0.0,0.0,0.0,-0.005167725961655378,-0.012131034396588802,2.3631014823913574,0.0,0.0,2.3631014823913574,-0.02211880311369896,0.010896898806095123,-0.061645228415727615,0.04109538346529007,0.09643549472093582,0.0008852850878611207,0.0,0.0,0.0,-1.7035521268844604,10.0809907913208,0.16344451904296875,9.784876823425293,1.7617762088775635,-10.0,-9.879616737365723,9.251594543457031,2.0,2.0,23.28775978088379,0.2989746034145355,0.28977540135383606,0.30357420444488525,0.29590821266174316,0.0,0.30469265580177307,0.30469265580177307,0.30469265580177307,0.30469265580177307,0.0,0.2642812132835388,-0.3957023620605469,-9.93337631225586,0.0,0.0,0.0,0.0,0.0,0.0,0.0,0.0,0.0,0.0,0.0,0.0,0.0,0.0,0.0,0.30469274520874023,0.30469274520874023,0.304692804813385,0.30469274520874023,0.22835487127304077,0.04114978387951851,0.04114978387951851,0.4880962371826172,0.31489381194114685,0.6367227435112,-2.285093307495117,0.0,0.0,0.0,0.0,0.0,0.0,0.0
58497343852,0,-0.012433826923370361,-0.13757488131523132,-0.114739790558815,-0.012433826923370361,-0.13757488131523132,-0.8147397637367249,-0.033757589757442474,0.0032384409569203854,0.002952516544610262,0.0,0.0,0.0,-0.0054619875736534595,-0.011761562898755074,2.3624095916748047,0.0,0.0,2.3624095916748047,-0.023891517892479897,0.023717692121863365,-0.07333134859800339,0.044720038771629333,0.09225044399499893,0.0003952193073928356,0.0,0.0,0.0,-1.6946073770523071,10.060718536376953,0.16815853118896484,9.784615516662598,1.7617762088775635,-10.0,-9.879616737365723,9.109723091125488,2.0,2.0,23.363630294799805,0.2989746034145355,0.28977540135383606,0.30357420444488525,0.29590821266174316,0.0,0.30469265580177307,0.30469265580177307,0.30469265580177307,0.30469265580177307,0.0,0.15954755246639252,-0.4728148579597473,-9.954506874084473,0.0,0.0,0.0,0.0,0.0,0.0,0.0,0.0,0.0,0.0,0.0,0.0,0.0,0.0,0.0,0.30469274520874023,0.30469274520874023,0.304692804813385,0.30469274520874023,0.22835487127304077,0.04114978387951851,0.04114978387951851,0.4880962371826172,0.06999047100543976,0.9062217473983765,-1.6902399063110352,0.0,0.0,0.0,0.0,0.0,0.0,0.0
58507493638,0,-0.012433826923370361,-0.13757488131523132,-0.114739790558815,-0.012433826923370361,-0.13757488131523132,-0.8147397637367249,-0.033757589757442474,0.0032384409569203854,0.002952516544610262,0.0,0.0,0.0,-0.0054619875736534595,-0.011761562898755074,2.3624095916748047,0.0,0.0,2.3624095916748047,-0.03237171471118927,0.02631870098412037,-0.0622338205575943,0.044720038771629333,0.09225044399499893,0.0003952193073928356,0.0,0.0,0.0,-1.6946073770523071,10.060718536376953,0.16815853118896484,9.784615516662598,1.7604869604110718,-10.0,-9.881054878234863,9.305922508239746,2.0,2.0,23.147933959960938,0.2989746034145355,0.28977540135383606,0.30357420444488525,0.29590821266174316,0.0,0.30469265580177307,0.30469265580177307,0.30469265580177307,0.30469265580177307,0.0,0.15954755246639252,-0.4728148579597473,-9.954506874084473,0.0,0.0,0.0,0.0,0.0,0.0,0.0,0.0,0.0,0.0,0.0,0.0,0.0,0.0,0.0,0.30469274520874023,0.30469274520874023,0.304692804813385,0.30469274520874023,0.2249673753976822,0.04114978387951851,0.04114978387951851,0.4893324673175812,-0.1866278201341629,0.20113243162631989,0.11817596852779388,0.0,0.0,0.0,0.0,0.0,0.0,0.0
58518257157,0,-0.013234367594122887,-0.13781695067882538,-0.11456210166215897,-0.013234367594122887,-0.13781695067882538,-0.8145620822906494,-0.02520272321999073,0.01122188474982977,0.0019411904504522681,0.0,0.0,0.0,-0.006187530234456062,-0.011341027915477753,2.3614327907562256,0.0,0.0,2.3614330291748047,-0.03237171471118927,0.02631870098412037,-0.0622338205575943,0.044720038771629333,0.09225044399499893,0.0003952193073928356,0.0,0.0,0.0,-1.6946073770523071,10.060718536376953,0.16815853118896484,9.784615516662598,1.7604869604110718,-10.0,-9.881054878234863,9.758438110351562,2.0,2.0,22.714876174926758,0.2989746034145355,0.28977540135383606,0.30357420444488525,0.29590821266174316,0.0,0.30469265580177307,0.30469265580177307,0.30469265580177307,0.30469265580177307,0.0,0.15954755246639252,-0.4728148579597473,-9.954506874084473,0.0,0.0,0.0,0.0,0.0,0.0,0.0,0.0,0.0,0.0,0.0,0.0,0.0,0.0,0.0,0.30469274520874023,0.30469274520874023,0.304692804813385,0.30469274520874023,0.2249673753976822,0.04114978387951851,0.04114978387951851,0.4893324673175812,-0.1866278201341629,0.20113243162631989,0.11817596852779388,0.0,0.0,0.0,0.0,0.0,0.0,0.0
58527341232,0,-0.013234367594122887,-0.13781695067882538,-0.11456210166215897,-0.013234367594122887,-0.13781695067882538,-0.8145620822906494,-0.02520272321999073,0.01122188474982977,0.0019411904504522681,0.0,0.0,0.0,-0.006187530234456062,-0.011341027915477753,2.3614327907562256,0.0,0.0,2.3614330291748047,-0.022191351279616356,0.023254653438925743,-0.04167019575834274,0.05015256628394127,0.08939380198717117,0.00022815802367404103,0.0,0.0,0.0,-1.6738883256912231,10.061063766479492,0.144622802734375,9.784239768981934,1.7582788467407227,-10.0,-9.883197784423828,9.758438110351562,2.0,2.0,22.714876174926758,0.2989746034145355,0.28977540135383606,0.30357420444488525,0.29590821266174316,0.0,0.30469265580177307,0.30469265580177307,0.30469265580177307,0.30469265580177307,0.0,-0.26928186416625977,-0.6844268441200256,-9.797820091247559,0.0,0.0,0.0,0.0,0.0,0.0,0.0,0.0,0.0,0.0,0.0,0.0,0.0,0.0,0.0,0.30469274520874023,0.30469274520874023,0.304692804813385,0.30469274520874023,0.23778071999549866,0.04114978387951851,0.04114978387951851,0.4783535897731781,0.39573410153388977,-0.028636625036597252,0.9803054332733154,0.0,0.0,0.0,0.0,0.0,0.0,0.0
58537446943,0,-0.013797054998576641,-0.137946218252182,-0.11438640207052231,-0.013797054998576641,-0.137946218252182,-0.8143863677978516,-0.010839808732271194,0.014922084286808968,0.0030521347653120756,0.0,0.0,0.0,-0.006330147851258516,-0.011021378450095654,2.3610596656799316,0.0,0.0,2.3610596656799316,-0.022191351279616356,0.023254653438925743,-0.04167019575834274,0.05032435804605484,0.08761890232563019,0.00013698471593670547,0.0,0.0,0.0,-1.6878395080566406,10.06540584564209,0.12176895141601562,9.784122467041016,1.7565220594406128,-10.0,-9.884456634521484,10.341405868530273,2.0,2.0,22.147525787353516,0.2989746034145355,0.28977540135383606,0.30357420444488525,0.29590821266174316,0.0,0.30469265580177307,0.30469265580177307,0.30469265580177307,0.30469265580177307,0.0,-0.7432288527488708,-0.6199589967727661,-9.728728294372559,0.0,0.0,0.0,0.0,0.0,0.0,0.0,0.0,0.0,0.0,0.0,0.0,0.0,0.0,0.0,0.30469274520874023,0.30469274520874023,0.304692804813385,0.30469274520874023,0.249491348862648,0.04114978387951851,0.04114978387951851,0.46809181571006775,0.39573410153388977,-0.028636625036597252,0.9803054332733154,0.0,0.0,0.0,0.0,0.0,0.0,0.0
58547216202,0,-0.014013349078595638,-0.13809053599834442,-0.11418969184160233,-0.014013349078595638,-0.13809053599834442,-0.8141896724700928,0.008554900996387005,0.01083481963723898,0.003723789006471634,0.0,0.0,0.0,-0.005820214282721281,-0.010308274067938328,2.361419677734375,0.0,0.0,2.361419677734375,0.010324656032025814,0.0287648793309927,0.001055789878591895,0.05032435804605484,0.08761890232563019,0.00013698471593670547,0.0,0.0,0.0,-1.6878395080566406,10.06540584564209,0.12176895141601562,9.784122467041016,1.7565220594406128,-10.0,-9.884456634521484,10.341405868530273,2.0,2.0,22.147525787353516,0.2989746034145355,0.28977540135383606,0.30357420444488525,0.29590821266174316,0.0,0.30469265580177307,0.30469265580177307,0.30469265580177307,0.30469265580177307,0.0,-0.7432288527488708,-0.6199589967727661,-9.728728294372559,0.0,0.0,0.0,0.0,0.0,0.0,0.0,0.0,0.0,0.0,0.0,0.0,0.0,0.0,0.0,0.30469274520874023,0.30469274520874023,0.304692804813385,0.30469274520874023,0.249491348862648,0.04114978387951851,0.04114978387951851,0.46809181571006775,1.3007088899612427,0.19571220874786377,1.8442349433898926,0.0,0.0,0.0,0.0,0.0,0.0,0.0
58557178144,0,-0.014013349078595638,-0.13809053599834442,-0.11418969184160233,-0.014013349078595638,-0.13809053599834442,-0.8141896724700928,0.008554900996387005,0.01083481963723898,0.003723789006471634,0.0,0.0,0.0,-0.005820214282721281,-0.010308274067938328,2.361419677734375,0.0,0.0,2.361419677734375,0.027062200009822845,0.020154133439064026,0.03236730024218559,0.04476248845458031,0.08098621666431427,-0.00017907749861478806,0.0,0.0,0.0,-1.7317955493927002,10.051231384277344,0.08162975311279297,9.783949851989746,1.7537482976913452,-10.0,-9.884542465209961,11.299786567687988,2.0,2.0,21.14808464050293,0.2989746034145355,0.28977540135383606,0.30357420444488525,0.29590821266174316,0.0,0.30469265580177307,0.30469265580177307,0.30469265580177307,0.30469265580177307,0.0,-1.0281710624694824,-0.5993589758872986,-9.864995002746582,0.0,0.0,0.0,0.0,0.0,0.0,0.0,0.0,0.0,0.0,0.0,0.0,0.0,0.0,0.0,0.30469274520874023,0.30469274520874023,0.304692804813385,0.30469274520874023,0.27823740243911743,0.04114978387951851,0.04114978387951851,0.4418933093547821,1.0580835342407227,-0.33125361800193787,1.841697096824646,0.0,0.0,0.0,0.0,0.0,0.0,0.0
58567408333,0,-0.013876635581254959,-0.13830061256885529,-0.11403946578502655,-0.013876635581254959,-0.13830061256885529,-0.8140394687652588,0.026341713964939117,0.004320490173995495,-0.00046802699216641486,0.0,0.0,0.0,-0.0052404021844267845,-0.01011425256729126,2.3622632026672363,0.0,0.0,2.3622632026672363,0.027062200009822845,0.020154133439064026,0.03236730024218559,0.04165248945355415,0.08041200786828995,-0.0005303585785441101,0.0,0.0,0.0,-1.7485871315002441,10.063365936279297,0.057674407958984375,9.783905029296875,1.7537482976913452,-10.0,-9.884542465209961,11.919638633728027,2.0,2.0,20.569154739379883,0.2989746034145355,0.28977540135383606,0.30357420444488525,0.29590821266174316,0.0,0.30469265580177307,0.30469265580177307,0.30469265580177307,0.30469265580177307,0.0,-1.0208708047866821,-0.3197684586048126,-10.079976081848145,0.0,0.0,0.0,0.0,0.0,0.0,0.0,0.0,0.0,0.0,0.0,0.0,0.0,0.0,0.0,0.30469274520874023,0.30469274520874023,0.304692804813385,0.30469274520874023,0.27823740243911743,0.04114978387951851,0.04114978387951851,0.4418933093547821,1.0580835342407227,-0.33125361800193787,1.841697096824646,0.0,0.0,0.0,0.0,0.0,0.0,0.0
58577446980,0,-0.013876635581254959,-0.13830061256885529,-0.11403946578502655,-0.013876635581254959,-0.13830061256885529,-0.8140394687652588,0.026341713964939117,0.004320490173995495,-0.00046802699216641486,0.0,0.0,0.0,-0.0052404021844267845,-0.01011425256729126,2.3622632026672363,0.0,0.0,2.3622632026672363,0.024817587807774544,0.0031603951938450336,0.044906191527843475,0.03896252065896988,0.08097942173480988,-8.086128946160898e-05,0.0,0.0,0.0,-1.7399238348007202,10.084577560424805,0.056247711181640625,9.783892631530762,1.7527296543121338,-10.0,-9.883040428161621,12.004616737365723,2.0,2.0,20.551685333251953,0.2989746034145355,0.28977540135383606,0.30357420444488525,0.29590821266174316,0.0,0.30469265580177307,0.30469265580177307,0.30469265580177307,0.30469265580177307,0.0,-1.0208708047866821,-0.3197684586048126,-10.079976081848145,0.0,0.0,0.0,0.0,0.0,0.0,0.0,0.0,0.0,0.0,0.0,0.0,0.0,0.0,0.0,0.30469274520874023,0.30469274520874023,0.304692804813385,0.30469274520874023,0.2811688482761383,0.04114978387951851,0.04114978387951851,0.4404720067977905,0.16221477091312408,-0.6847742199897766,0.879215657711029,0.0,0.0,0.0,0.0,0.0,0.0,0.0
58588427290,0,-0.01345505379140377,-0.1386210024356842,-0.11397162079811096,-0.01345505379140377,-0.1386210024356842,-0.8139716386795044,0.038490112870931625,-0.0018675675382837653,-0.0028368267230689526,0.0,0.0,0.0,-0.004927112255245447,-0.010174536146223545,2.363051652908325,0.0,0.0,2.363051652908325,0.024817587807774544,0.0031603951938450336,0.044906191527843475,0.03896252065896988,0.08097942173480988,-8.086128946160898e-05,0.0,0.0,0.0,-1.7399238348007202,10.084577560424805,0.056247711181640625,9.783892631530762,1.7527296543121338,-10.0,-9.883040428161621,12.004616737365723,2.0,2.0,20.551685333251953,0.2989746034145355,0.28977540135383606,0.30357420444488525,0.29590821266174316,0.0,0.30469265580177307,0.30469265580177307,0.30469265580177307,0.30469265580177307,0.0,-1.0208708047866821,-0.3197684586048126,-10.079976081848145,0.0,0.0,0.0,0.0,0.0,0.0,0.0,0.0,0.0,0.0,0.0,0.0,0.0,0.0,0.0,0.30469274520874023,0.30469274520874023,0.304692804813385,0.30469274520874023,0.2811688482761383,0.04114978387951851,0.04114978387951851,0.4404720067977905,0.16221477091312408,-0.6847742199897766,0.879215657711029,0.0,0.0,0.0,0.0,0.0,0.0,0.0
58597535060,0,-0.01345505379140377,-0.1386210024356842,-0.11397162079811096,-0.013179240748286247,-0.13881166279315948,-0.8139373064041138,0.038490112870931625,-0.0018675675382837653,-0.0028368267230689526,0.0,0.0,0.0,-0.004927112255245447,-0.010174536146223545,2.363051652908325,0.0,0.0,2.363253116607666,0.02026507258415222,-0.004752131644636393,0.038268860429525375,0.03896252065896988,0.08097942173480988,-8.086128946160898e-05,0.0,0.0,0.0,-1.733168363571167,10.094018936157227,0.06818199157714844,9.783885955810547,1.752134084701538,-10.0,-9.882186889648438,11.718173027038574,2.0,2.0,20.867652893066406,0.2989746034145355,0.28977540135383606,0.30357420444488525,0.29590821266174316,0.0,0.30469265580177307,0.30469265580177307,0.30469265580177307,0.30469265580177307,0.0,-0.6116825342178345,-0.09747679531574249,-9.793366432189941,0.0,0.0,0.0,0.0,0.0,0.0,0.0,0.0,0.0,0.0,0.0,0.0,0.0,0.0,0.0,0.30469274520874023,0.30469274520874023,0.304692804813385,0.30469274520874023,0.27626076340675354,0.04114978387951851,0.04114978387951851,0.4454714059829712,-0.12327631562948227,-0.721447229385376,0.12918788194656372,0.0,0.0,0.0,0.0,0.0,0.0,0.0
58607439865,0,-0.013179240748286247,-0.13881166279315948,-0.11393734067678452,-0.013179240748286247,-0.13881166279315948,-0.8139373064041138,0.04069378972053528,-0.0035961896646767855,-0.0007314835675060749,0.0,0.0,0.0,-0.004824245348572731,-0.010235761292278767,2.363252878189087,0.0,0.0,2.363253116607666,0.017818205058574677,-0.02186831273138523,0.008022764697670937,0.03790867328643799,0.08205251395702362,-2.094265801133588e-05,0.0,0.0,0.0,-1.733168363571167,10.094018936157227,0.06818199157714844,9.783885955810547,1.7509325742721558,-10.0,-9.881217002868652,10.854862213134766,2.0,2.0,21.802539825439453,0.2989746034145355,0.28977540135383606,0.30357420444488525,0.29590821266174316,0.0,0.30469265580177307,0.30469265580177307,0.30469265580177307,0.30469265580177307,0.0,-0.35818713903427124,0.03126570209860802,-9.54192066192627,0.0,0.0,0.0,0.0,0.0,0.0,0.0,0.0,0.0,0.0,0.0,0.0,0.0,0.0,0.0,0.30469274520874023,0.30469274520874023,0.304692804813385,0.30469274520874023,0.2596976161003113,0.04114978387951851,0.04114978387951851,0.46189773082733154,-0.0871208980679512,-0.8269460797309875,-1.113303780555725,0.0,0.0,0.0,0.0,0.0,0.0,0.0
58617693090,0,-0.012638821266591549,-0.13922494649887085,-0.11378337442874908,-0.012638821266591549,-0.13922494649887085,-0.8137833476066589,0.03901965171098709,-0.006782611832022667,0.006720946170389652,0.0,0.0,0.0,-0.004529728554189205,-0.010682744905352592,2.3632266521453857,0.0,0.0,2.3632266521453857,0.017818205058574677,-0.02186831273138523,0.008022764697670937,0.03481772541999817,0.08639813959598541,0.00019276505918242037,0.0,0.0,0.0,-1.7329697608947754,10.116536140441895,0.10257816314697266,9.783873558044434,1.7509325742721558,-10.0,-9.881217002868652,10.854862213134766,2.0,2.0,21.802539825439453,0.2989746034145355,0.28977540135383606,0.30357420444488525,0.29590821266174316,0.0,0.30469265580177307,0.30469265580177307,0.30469265580177307,0.30469265580177307,0.0,-0.010932938195765018,0.30389583110809326,-9.453984260559082,0.0,0.0,0.0,0.0,0.0,0.0,0.0,0.0,0.0,0.0,0.0,0.0,0.0,0.0,0.0,0.30469274520874023,0.30469274520874023,0.304692804813385,0.30469274520874023,0.2596976161003113,0.04114978387951851,0.04114978387951851,0.46189773082733154,-0.0871208980679512,-0.8269460797309875,-1.113303780555725,0.0,0.0,0.0,0.0,0.0,0.0,0.0
58627579933,0,-0.012638821266591549,-0.13922494649887085,-0.11378337442874908,-0.012638821266591549,-0.13922494649887085,-0.8137833476066589,0.03901965171098709,-0.006782611832022667,0.006720946170389652,0.0,0.0,0.0,-0.004529728554189205,-0.010682744905352592,2.3632266521453857,0.0,0.0,2.3632266521453857,0.018411196768283844,-0.023558884859085083,-0.03131294995546341,0.03481772541999817,0.08639813959598541,0.00019276505918242037,0.0,0.0,0.0,-1.7357981204986572,10.114462852478027,0.13774394989013672,9.783869743347168,1.7497756481170654,-10.0,-9.881534576416016,9.927166938781738,2.0,2.0,22.72299575805664,0.2989746034145355,0.28977540135383606,0.30357420444488525,0.29590821266174316,0.0,0.30469265580177307,0.30469265580177307,0.30469265580177307,0.30469265580177307,0.0,-0.010932938195765018,0.30389583110809326,-9.453984260559082,0.0,0.0,0.0,0.0,0.0,0.0,0.0,0.0,0.0,0.0,0.0,0.0,0.0,0.0,0.0,0.30469274520874023,0.30469274520874023,0.304692804813385,0.30469274520874023,0.24153076112270355,0.04114978387951851,0.04114978387951851,0.47827762365341187,-0.027187561616301537,-0.16871118545532227,-1.6198723316192627,0.0,0.0,0.0,0.0,0.0,0.0,0.0
58637313587,0,-0.012191607616841793,-0.1396697610616684,-0.11355718225240707,-0.012191607616841793,-0.1396697610616684,-0.8135571479797363,0.029379013925790787,-0.007492709904909134,0.007142282091081142,0.0,0.0,0.0,-0.004111151210963726,-0.011178852990269661,2.362553119659424,0.0,0.0,2.362553119659424,0.016679223626852036,-0.01634744554758072,-0.04169432818889618,0.03194268047809601,0.08921697735786438,0.00031136698089540005,0.0,0.0,0.0,-1.7357981204986572,10.114462852478027,0.13774394989013672,9.783869743347168,1.7491626739501953,-10.0,-9.882201194763184,9.749119758605957,2.0,2.0,22.86363410949707,0.3005078136920929,0.28977540135383606,0.30357420444488525,0.29590821266174316,0.0,0.30469265580177307,0.30469265580177307,0.30469265580177307,0.30469265580177307,0.0,0.3882397711277008,0.4505680203437805,-10.00625228881836,0.0,0.0,0.0,0.0,0.0,0.0,0.0,0.0,0.0,0.0,0.0,0.0,0.0,0.0,0.0,0.30469274520874023,0.30469274520874023,0.304692804813385,0.30469274520874023,0.23660267889499664,0.04114978387951851,0.04114978387951851,0.4819003641605377,-0.10191042721271515,0.25139445066452026,-1.4077388048171997,0.0,0.0,0.0,0.0,0.0,0.0,0.0
58647452869,0,-0.01203504204750061,-0.1398865133523941,-0.11346055567264557,-0.01203504204750061,-0.1398865133523941,-0.8134605288505554,0.023472867906093597,-0.00715896300971508,0.005196592770516872,0.0,0.0,0.0,-0.0039385235868394375,-0.011247145012021065,2.362104654312134,0.0,0.0,2.362104654312134,0.016679223626852036,-0.01634744554758072,-0.04169432818889618,0.030951986089348793,0.08908724039793015,0.000274049089057371,0.0,0.0,0.0,-1.7337818145751953,10.102920532226562,0.14396190643310547,9.783906936645508,1.7491626739501953,-10.0,-9.882201194763184,9.749119758605957,2.0,2.0,22.86363410949707,0.2989746034145355,0.28977540135383606,0.30357420444488525,0.29590821266174316,0.0,0.30469265580177307,0.30469265580177307,0.30469265580177307,0.30469265580177307,0.0,0.48196056485176086,0.47194552421569824,-10.041440963745117,0.0,0.0,0.0,0.0,0.0,0.0,0.0,0.0,0.0,0.0,0.0,0.0,0.0,0.0,0.0,0.30469274520874023,0.30469274520874023,0.304692804813385,0.30469274520874023,0.23660267889499664,0.04114978387951851,0.04114978387951851,0.4819003641605377,-0.10191042721271515,0.25139445066452026,-1.4077388048171997,0.0,0.0,0.0,0.0,0.0,0.0,0.0
58657748730,0,-0.01203504204750061,-0.1398865133523941,-0.11346055567264557,-0.01203504204750061,-0.1398865133523941,-0.8134605288505554,0.023472867906093597,-0.00715896300971508,0.005196592770516872,0.0,0.0,0.0,-0.0039385235868394375,-0.011247145012021065,2.362104654312134,0.0,0.0,2.362104654312134,0.016679223626852036,-0.01634744554758072,-0.04169432818889618,0.030951986089348793,0.08908724039793015,0.000274049089057371,0.0,0.0,0.0,-1.7337818145751953,10.102920532226562,0.14396190643310547,9.783906936645508,1.7478978633880615,-10.0,-9.883782386779785,9.749119758605957,2.0,2.0,22.86363410949707,0.2989746034145355,0.28977540135383606,0.30357420444488525,0.29590821266174316,0.0,0.30469265580177307,0.30469265580177307,0.30469265580177307,0.30469265580177307,0.0,0.48196056485176086,0.47194552421569824,-10.041440963745117,0.0,0.0,0.0,0.0,0.0,0.0,0.0,0.0,0.0,0.0,0.0,0.0,0.0,0.0,0.0,0.30469274520874023,0.30469274520874023,0.304692804813385,0.30469274520874023,0.24079033732414246,0.04114978387951851,0.04114978387951851,0.47761520743370056,-0.10191042721271515,0.25139445066452026,-1.4077388048171997,0.0,0.0,0.0,0.0,0.0,0.0,0.0
58668703242,0,-0.011898068711161613,-0.140406534075737,-0.11326811462640762,-0.011898068711161613,-0.140406534075737,-0.8132681250572205,0.0015001435531303287,-0.003930758684873581,0.0033450168557465076,0.0,0.0,0.0,-0.0038724984042346478,-0.011344957165420055,2.361175060272217,0.0,0.0,2.361175060272217,0.005095981061458588,-0.008281571790575981,-0.04146493971347809,0.030788417905569077,0.09019099920988083,0.0002347328991163522,0.0,0.0,0.0,-1.7172538042068481,10.094852447509766,0.13402175903320312,9.784106254577637,1.7478978633880615,-10.0,-9.883782386779785,10.022090911865234,2.0,2.0,22.563610076904297,0.2989746034145355,0.28977540135383606,0.30357420444488525,0.29590821266174316,0.0,0.30469265580177307,0.30469265580177307,0.30469265580177307,0.30469265580177307,0.0,0.5785962343215942,0.5436151623725891,-9.763561248779297,0.0,0.0,0.0,0.0,0.0,0.0,0.0,0.0,0.0,0.0,0.0,0.0,0.0,0.0,0.0,0.30469274520874023,0.30469274520874023,0.304692804813385,0.30469274520874023,0.24079033732414246,0.04114978387951851,0.04114978387951851,0.47761520743370056,-0.4742456078529358,0.3175552785396576,-0.3005557358264923,0.0,0.0,0.0,0.0,0.0,0.0,0.0
58677425186,0,-0.011898068711161613,-0.140406534075737,-0.11326811462640762,-0.011984540149569511,-0.14055734872817993,-0.813209056854248,0.0015001435531303287,-0.003930758684873581,0.0033450168557465076,0.0,0.0,0.0,-0.0038724984042346478,-0.011344957165420055,2.361175060272217,0.0,0.0,2.3610966205596924,-0.0022762150038033724,-0.005342824384570122,-0.02964765951037407,0.0320451557636261,0.0901256874203682,-1.6482241335324943e-05,0.0,0.0,0.0,-1.707176923751831,10.0927095413208,0.11861705780029297,9.784253120422363,1.7470810413360596,-10.0,-9.884500503540039,10.441987037658691,2.0,2.0,22.14056396484375,0.3005078136920929,0.28977540135383606,0.30357420444488525,0.29590821266174316,0.0,0.30469265580177307,0.30469265580177307,0.30469265580177307,0.30469265580177307,0.0,0.5785962343215942,0.5436151623725891,-9.763561248779297,0.0,0.0,0.0,0.0,0.0,0.0,0.0,0.0,0.0,0.0,0.0,0.0,0.0,0.0,0.0,0.30469274520874023,0.30469274520874023,0.304692804813385,0.30469274520874023,0.2486889660358429,0.04114978387951851,0.04114978387951851,0.470566064119339,-0.5784347057342529,0.30923548340797424,0.4039492905139923,0.0,0.0,0.0,0.0,0.0,0.0,0.0
58688039235,0,-0.011984540149569511,-0.14055734872817993,-0.11320909857749939,-0.011984540149569511,-0.14055734872817993,-0.813209056854248,-0.005024251528084278,-0.003031287807971239,0.00402024295181036,0.0,0.0,0.0,-0.003989743068814278,-0.011378551833331585,2.3610966205596924,0.0,0.0,2.3610966205596924,-0.008323675021529198,0.008980035781860352,0.0067945304326713085,0.0320451557636261,0.0901256874203682,-1.6482241335324943e-05,0.0,0.0,0.0,-1.707176923751831,10.0927095413208,0.11861705780029297,9.784253120422363,1.7453556060791016,-10.0,-9.885029792785645,10.441987037658691,2.0,2.0,22.14056396484375,0.2989746034145355,0.28977540135383606,0.30357420444488525,0.29590821266174316,0.0,0.30469265580177307,0.30469265580177307,0.30469265580177307,0.30469265580177307,0.0,0.48888954520225525,0.4964534342288971,-9.711763381958008,0.0,0.0,0.0,0.0,0.0,0.0,0.0,0.0,0.0,0.0,0.0,0.0,0.0,0.0,0.0,0.30469274520874023,0.30469274520874023,0.304692804813385,0.30469274520874023,0.26633796095848083,0.04114978387951851,0.04114978387951851,0.45344844460487366,-0.31465446949005127,0.5729680061340332,1.4028964042663574,0.0,0.0,0.0,0.0,0.0,0.0,0.0
58697921736,0,-0.012328380718827248,-0.14082488417625427,-0.11307032406330109,-0.012328380718827248,-0.14082488417625427,-0.8130702972412109,-0.018322210758924484,-0.0006058582803234458,0.0055898260325193405,0.0,0.0,0.0,-0.004145853221416473,-0.011046580038964748,2.361454725265503,0.0,0.0,2.361454725265503,-0.008323675021529198,0.008980035781860352,0.0067945304326713085,0.03296336904168129,0.08724544942378998,-0.00014752623974345624,0.0,0.0,0.0,-1.7006471157073975,10.072535514831543,0.08116531372070312,9.784598350524902,1.7453556060791016,-10.0,-9.885029792785645,11.394975662231445,2.0,2.0,21.118846893310547,0.2989746034145355,0.28977540135383606,0.30357420444488525,0.29590821266174316,0.0,0.30469265580177307,0.30469265580177307,0.30469265580177307,0.30469265580177307,0.0,0.5088026523590088,0.38200095295906067,-9.748064994812012,0.0,0.0,0.0,0.0,0.0,0.0,0.0,0.0,0.0,0.0,0.0,0.0,0.0,0.0,0.0,0.30469274520874023,0.30469274520874023,0.304692804813385,0.30469274520874023,0.26633796095848083,0.04114978387951851,0.04114978387951851,0.45344844460487366,-0.31465446949005127,0.5729680061340332,1.4028964042663574,0.0,0.0,0.0,0.0,0.0,0.0,0.0
58708200513,0,-0.012328380718827248,-0.14082488417625427,-0.11307032406330109,-0.012328380718827248,-0.14082488417625427,-0.8130702972412109,-0.018322210758924484,-0.0006058582803234458,0.0055898260325193405,0.0,0.0,0.0,-0.004145853221416473,-0.011046580038964748,2.361454725265503,0.0,0.0,2.361454725265503,-0.011070122011005878,0.012215504422783852,0.033573344349861145,0.03296336904168129,0.08724544942378998,-0.00014752623974345624,0.0,0.0,0.0,-1.7006471157073975,10.072535514831543,0.08116531372070312,9.784598350524902,1.7434011697769165,-10.0,-9.884246826171875,11.394975662231445,2.0,2.0,21.118846893310547,0.2989746034145355,0.28977540135383606,0.30357420444488525,0.29590821266174316,0.0,0.30469265580177307,0.30469265580177307,0.30469265580177307,0.30469265580177307,0.0,0.2360292673110962,0.0703861191868782,-9.850421905517578,0.0,0.0,0.0,0.0,0.0,0.0,0.0,0.0,0.0,0.0,0.0,0.0,0.0,0.0,0.0,0.30469274520874023,0.30469274520874023,0.304692804813385,0.30469274520874023,0.2799856960773468,0.04114978387951851,0.04114978387951851,0.44086143374443054,-0.21928222477436066,0.26962125301361084,1.4181355237960815,0.0,0.0,0.0,0.0,0.0,0.0,0.0
58717207067,0,-0.01285870186984539,-0.14102882146835327,-0.11291927844285965,-0.01285870186984539,-0.14102882146835327,-0.8129192590713501,-0.026363400742411613,0.0026283918414264917,0.006154822185635567,0.0,0.0,0.0,-0.004291494842618704,-0.010841064155101776,2.3621909618377686,0.0,0.0,2.3621909618377686,-0.014949614182114601,0.012854780070483685,0.04086476191878319,0.034858543425798416,0.08593883365392685,-0.00021273366292007267,0.0,0.0,0.0,-1.6946041584014893,10.0714111328125,0.05893707275390625,9.784924507141113,1.7425185441970825,-10.0,-9.883610725402832,12.01924991607666,2.0,2.0,20.48760223388672,0.2989746034145355,0.28977540135383606,0.30357420444488525,0.29590821266174316,0.0,0.30469265580177307,0.30469265580177307,0.30469265580177307,0.30469265580177307,0.0,0.2360292673110962,0.0703861191868782,-9.850421905517578,0.0,0.0,0.0,0.0,0.0,0.0,0.0,0.0,0.0,0.0,0.0,0.0,0.0,0.0,0.0,0.30469274520874023,0.30469274520874023,0.304692804813385,0.30469274520874023,0.28125283122062683,0.04114978387951851,0.04114978387951851,0.43956610560417175,-0.2742895185947418,0.15855184197425842,0.962982714176178,0.0,0.0,0.0,0.0,0.0,0.0,0.0
58727594269,0,-0.01285870186984539,-0.14102882146835327,-0.11291927844285965,-0.013168680481612682,-0.14110718667507172,-0.8128480315208435,-0.026363400742411613,0.0026283918414264917,0.006154822185635567,0.0,0.0,0.0,-0.004291494842618704,-0.010841064155101776,2.3621909618377686,0.0,0.0,2.3626246452331543,-0.014949614182114601,0.012854780070483685,0.04086476191878319,0.034858543425798416,0.08593883365392685,-0.00021273366292007267,0.0,0.0,0.0,-1.6883364915847778,10.070512771606445,0.05791473388671875,9.78509521484375,1.7425185441970825,-10.0,-9.883610725402832,12.01924991607666,2.0,2.0,20.48760223388672,0.2989746034145355,0.28977540135383606,0.30357420444488525,0.29590821266174316,0.0,0.30469265580177307,0.30469265580177307,0.30469265580177307,0.30469265580177307,0.0,0.2360292673110962,0.0703861191868782,-9.850421905517578,0.0,0.0,0.0,0.0,0.0,0.0,0.0,0.0,0.0,0.0,0.0,0.0,0.0,0.0,0.0,0.30469274520874023,0.30469274520874023,0.304692804813385,0.30469274520874023,0.28125283122062683,0.04114978387951851,0.04114978387951851,0.43956610560417175,-0.2742895185947418,0.15855184197425842,0.962982714176178,0.0,0.0,0.0,0.0,0.0,0.0,0.0
58738166364,0,-0.013168680481612682,-0.14110718667507172,-0.11284805089235306,-0.013168680481612682,-0.14110718667507172,-0.8128480315208435,-0.02843204140663147,0.004220221657305956,0.005488480906933546,0.0,0.0,0.0,-0.004451134242117405,-0.010772855952382088,2.3626246452331543,0.0,0.0,2.3626246452331543,-0.01747344434261322,0.01607172004878521,0.03163013234734535,0.03618697449564934,0.08495290577411652,-0.00012407891335897148,0.0,0.0,0.0,-1.6883364915847778,10.070512771606445,0.05791473388671875,9.78509521484375,1.7403277158737183,-10.0,-9.882078170776367,12.01924991607666,2.0,2.0,20.48760223388672,0.2989746034145355,0.28977540135383606,0.30357420444488525,0.29590821266174316,0.0,0.30469265580177307,0.30469265580177307,0.30469265580177307,0.30469265580177307,0.0,0.11374107003211975,0.006554878782480955,-9.88435173034668,0.0,0.0,0.0,0.0,0.0,0.0,0.0,0.0,0.0,0.0,0.0,0.0,0.0,0.0,0.0,0.30469274520874023,0.30469274520874023,0.304692804813385,0.30469274520874023,0.2737085223197937,0.04114978387951851,0.04114978387951851,0.44616183638572693,-0.13666720688343048,0.16683635115623474,-0.13062986731529236,0.0,0.0,0.0,0.0,0.0,0.0,0.0
58747258938,0,-0.014079328626394272,-0.14126628637313843,-0.11266515403985977,-0.014079328626394272,-0.14126628637313843,-0.8126651644706726,-0.02459179237484932,0.006098389625549316,0.005178052466362715,0.0,0.0,0.0,-0.0049395193345844746,-0.010263604111969471,2.3632946014404297,0.0,0.0,2.3632946014404297,-0.01747344434261322,0.01607172004878521,0.03163013234734535,0.03926624730229378,0.08159629255533218,-0.00010171539906878024,0.0,0.0,0.0,-1.6824383735656738,10.064669609069824,0.07417011260986328,9.785365104675293,1.7403277158737183,-10.0,-9.882078170776367,11.593865394592285,2.0,2.0,20.89335060119629,0.2989746034145355,0.28977540135383606,0.30357420444488525,0.29590821266174316,0.0,0.30469265580177307,0.30469265580177307,0.30469265580177307,0.30469265580177307,0.0,-0.27674609422683716,-0.18325859308242798,-9.783723831176758,0.0,0.0,0.0,0.0,0.0,0.0,0.0,0.0,0.0,0.0,0.0,0.0,0.0,0.0,0.0,0.30469274520874023,0.30469274520874023,0.304692804813385,0.30469274520874023,0.2737085223197937,0.04114978387951851,0.04114978387951851,0.44616183638572693,-0.13666720688343048,0.16683635115623474,-0.13062986731529236,0.0,0.0,0.0,0.0,0.0,0.0,0.0
58757292876,0,-0.01432020217180252,-0.14130853116512299,-0.11260455846786499,-0.01432020217180252,-0.14130853116512299,-0.812604546546936,-0.02031923644244671,0.005796690937131643,0.005422778427600861,0.0,0.0,0.0,-0.005062438081949949,-0.010108779184520245,2.363292694091797,0.0,0.0,2.363292694091797,-0.016551801934838295,0.016661260277032852,0.020221799612045288,0.03926624730229378,0.08159629255533218,-0.00010171539906878024,0.0,0.0,0.0,-1.6824383735656738,10.064669609069824,0.07417011260986328,9.785365104675293,1.7393732070922852,-10.0,-9.881608009338379,11.250962257385254,2.0,2.0,21.23159408569336,0.2989746034145355,0.28977540135383606,0.30357420444488525,0.29590821266174316,0.0,0.30469265580177307,0.30469265580177307,0.30469265580177307,0.30469265580177307,0.0,-0.27674609422683716,-0.18325859308242798,-9.783723831176758,0.0,0.0,0.0,0.0,0.0,0.0,0.0,0.0,0.0,0.0,0.0,0.0,0.0,0.0,0.0,0.30469274520874023,0.30469274520874023,0.304692804813385,0.30469274520874023,0.2672405242919922,0.04114978387951851,0.04114978387951851,0.45197737216949463,-0.02998179756104946,0.1187785342335701,-0.629143238067627,0.0,0.0,0.0,0.0,0.0,0.0,0.0
58767459314,0,-0.01432020217180252,-0.14130853116512299,-0.11260455846786499,-0.01432020217180252,-0.14130853116512299,-0.812604546546936,-0.02031923644244671,0.005796690937131643,0.005422778427600861,0.0,0.0,0.0,-0.005062438081949949,-0.010108779184520245,2.363292694091797,0.0,0.0,2.363292694091797,-0.009730233810842037,0.010562427341938019,-0.013438625261187553,0.04024527966976166,0.08036457002162933,3.28433197864797e-05,0.0,0.0,0.0,-1.6827542781829834,10.063304901123047,0.08717536926269531,9.785499572753906,1.7372194528579712,-10.0,-9.881396293640137,10.413835525512695,2.0,2.0,22.093036651611328,0.2989746034145355,0.28977540135383606,0.30357420444488525,0.29590821266174316,0.0,0.30469265580177307,0.30469265580177307,0.30469265580177307,0.30469265580177307,0.0,-0.49275603890419006,-0.2763090133666992,-9.766340255737305,0.0,0.0,0.0,0.0,0.0,0.0,0.0,0.0,0.0,0.0,0.0,0.0,0.0,0.0,0.0,0.30469274520874023,0.30469274520874023,0.304692804813385,0.30469274520874023,0.2503144145011902,0.04114978387951851,0.04114978387951851,0.46766480803489685,0.2552497684955597,-0.21363188326358795,-1.339738130569458,0.0,0.0,0.0,0.0,0.0,0.0,0.0
58777277834,0,-0.01465316116809845,-0.1414286345243454,-0.11248244345188141,-0.01465316116809845,-0.1414286345243454,-0.8124824166297913,-0.009007883258163929,0.0033133255783468485,0.006183268036693335,0.0,0.0,0.0,-0.00518479710444808,-0.009989979676902294,2.362842559814453,0.0,0.0,2.362842559814453,-0.009730233810842037,0.010562427341938019,-0.013438625261187553,0.04109381511807442,0.07937102764844894,0.0002194324042648077,0.0,0.0,0.0,-1.6888020038604736,10.070944786071777,0.11928272247314453,9.78579044342041,1.7372194528579712,-10.0,-9.881396293640137,10.413835525512695,2.0,2.0,22.093036651611328,0.2989746034145355,0.28977540135383606,0.30357420444488525,0.29590821266174316,0.0,0.30469265580177307,0.30469265580177307,0.30469265580177307,0.30469265580177307,0.0,-0.7070440649986267,-0.36395227909088135,-9.792522430419922,0.0,0.0,0.0,0.0,0.0,0.0,0.0,0.0,0.0,0.0,0.0,0.0,0.0,0.0,0.0,0.30469274520874023,0.30469274520874023,0.304692804813385,0.30469274520874023,0.2503144145011902,0.04114978387951851,0.04114978387951851,0.46766480803489685,0.2552497684955597,-0.21363188326358795,-1.339738130569458,0.0,0.0,0.0,0.0,0.0,0.0,0.0
58787450003,0,-0.01465316116809845,-0.1414286345243454,-0.11248244345188141,-0.01465316116809845,-0.1414286345243454,-0.8124824166297913,-0.009007883258163929,0.0033133255783468485,0.006183268036693335,0.0,0.0,0.0,-0.00518479710444808,-0.009989979676902294,2.362842559814453,0.0,0.0,2.362842559814453,-0.0022562267258763313,0.005260037258267403,-0.03375327214598656,0.04109381511807442,0.07937102764844894,0.0002194324042648077,0.0,0.0,0.0,-1.6888020038604736,10.070944786071777,0.11928272247314453,9.78579044342041,1.7354114055633545,-10.0,-9.882261276245117,10.070462226867676,2.0,2.0,22.452180862426758,0.2989746034145355,0.28977540135383606,0.30357420444488525,0.29590821266174316,0.0,0.30469265580177307,0.30469265580177307,0.30469265580177307,0.30469265580177307,0.0,-0.7070440649986267,-0.36395227909088135,-9.792522430419922,0.0,0.0,0.0,0.0,0.0,0.0,0.0,0.0,0.0,0.0,0.0,0.0,0.0,0.0,0.0,0.30469274520874023,0.30469274520874023,0.304692804813385,0.30469274520874023,0.24270857870578766,0.04114978387951851,0.04114978387951851,0.4747726023197174,0.3453196883201599,-0.23475381731987,-1.0617430210113525,0.0,0.0,0.0,0.0,0.0,0.0,0.0
58797807871,0,-0.014749015681445599,-0.1415906399488449,-0.11235926300287247,-0.014749015681445599,-0.1415906399488449,-0.8123592734336853,0.005770059302449226,-0.0010631452314555645,0.005793904885649681,0.0,0.0,0.0,-0.005173036362975836,-0.009942232631146908,2.3621857166290283,0.0,0.0,2.362185478210449,-0.0022562267258763313,0.005260037258267403,-0.03375327214598656,0.0411505289375782,0.07869064062833786,0.00022394958068616688,0.0,0.0,0.0,-1.6953269243240356,10.075778007507324,0.13231468200683594,9.786140441894531,1.7345151901245117,-10.0,-9.88293743133545,10.070462226867676,2.0,2.0,22.452180862426758,0.2989746034145355,0.28977540135383606,0.30357420444488525,0.29590821266174316,0.0,0.30469265580177307,0.30469265580177307,0.30469265580177307,0.30469265580177307,0.0,-0.8364776372909546,-0.3829110264778137,-9.832844734191895,0.0,0.0,0.0,0.0,0.0,0.0,0.0,0.0,0.0,0.0,0.0,0.0,0.0,0.0,0.0,0.30469274520874023,0.30469274520874023,0.304692804813385,0.30469274520874023,0.24270857870578766,0.04114978387951851,0.04114978387951851,0.4747726023197174,0.3453196883201599,-0.23475381731987,-1.0617430210113525,0.0,0.0,0.0,0.0,0.0,0.0,0.0
58808128766,0,-0.014749015681445599,-0.1415906399488449,-0.11235926300287247,-0.014696703292429447,-0.141698956489563,-0.8123043179512024,0.005770059302449226,-0.0010631452314555645,0.005793904885649681,0.0,0.0,0.0,-0.005173036362975836,-0.009942232631146908,2.3621857166290283,0.0,0.0,2.3619017601013184,0.0005788947455585003,0.0028691801708191633,-0.0353817492723465,0.0411505289375782,0.07869064062833786,0.00022394958068616688,0.0,0.0,0.0,-1.6953269243240356,10.075778007507324,0.13231468200683594,9.786140441894531,1.7345151901245117,-10.0,-9.88293743133545,10.070462226867676,2.0,2.0,22.452180862426758,0.2989746034145355,0.28977540135383606,0.30357420444488525,0.29590821266174316,0.0,0.30469265580177307,0.30469265580177307,0.30469265580177307,0.30469265580177307,0.0,-0.768427848815918,-0.332281231880188,-9.854804039001465,0.0,0.0,0.0,0.0,0.0,0.0,0.0,0.0,0.0,0.0,0.0,0.0,0.0,0.0,0.0,0.30469274520874023,0.30469274520874023,0.304692804813385,0.30469274520874023,0.24384263157844543,0.04114978387951851,0.04114978387951851,0.47392621636390686,0.33280766010284424,-0.2511744201183319,-0.6723234057426453,0.0,0.0,0.0,0.0,0.0,0.0,0.0
58817902032,0,-0.014696703292429447,-0.141698956489563,-0.11230432242155075,-0.014696703292429447,-0.141698956489563,-0.8123043179512024,0.013090363703668118,-0.00313154817558825,0.005421205423772335,0.0,0.0,0.0,-0.005121853202581406,-0.00990692526102066,2.3619015216827393,0.0,0.0,2.3619017601013184,0.00767099391669035,-0.006521998904645443,-0.01999097503721714,0.04079245775938034,0.07870445400476456,0.00019411466200836003,0.0,0.0,0.0,-1.697629690170288,10.078347206115723,0.13001060485839844,9.786332130432129,1.732985019683838,-10.0,-9.884007453918457,10.716761589050293,2.0,2.0,21.85533905029297,0.2989746034145355,0.28977540135383606,0.30357420444488525,0.29590821266174316,0.0,0.30469265580177307,0.30469265580177307,0.30469265580177307,0.30469265580177307,0.0,-0.768427848815918,-0.332281231880188,-9.854804039001465,0.0,0.0,0.0,0.0,0.0,0.0,0.0,0.0,0.0,0.0,0.0,0.0,0.0,0.0,0.0,0.30469274520874023,0.30469274520874023,0.304692804813385,0.30469274520874023,0.2544271945953369,0.04114978387951851,0.04114978387951851,0.46514129638671875,0.342485249042511,-0.3910292983055115,0.42958560585975647,0.0,0.0,0.0,0.0,0.0,0.0,0.0
58827200793,0,-0.01441116537898779,-0.14197885990142822,-0.11220523715019226,-0.01441116537898779,-0.14197885990142822,-0.8122051954269409,0.024948740378022194,-0.007011959329247475,0.004731424618512392,0.0,0.0,0.0,-0.004983622580766678,-0.01005409937351942,2.361623764038086,0.0,0.0,2.361623764038086,0.00767099391669035,-0.006521998904645443,-0.01999097503721714,0.03921179473400116,0.08032077550888062,2.596291778900195e-05,0.0,0.0,0.0,-1.7047594785690308,10.090752601623535,0.10796356201171875,9.786816596984863,1.732985019683838,-10.0,-9.884007453918457,10.716761589050293,2.0,2.0,21.85533905029297,0.2989746034145355,0.28977540135383606,0.30357420444488525,0.29590821266174316,0.0,0.30469265580177307,0.30469265580177307,0.30469265580177307,0.30469265580177307,0.0,-0.6081341505050659,-0.18724103271961212,-9.812690734863281,0.0,0.0,0.0,0.0,0.0,0.0,0.0,0.0,0.0,0.0,0.0,0.0,0.0,0.0,0.0,0.30469274520874023,0.30469274520874023,0.304692804813385,0.30469274520874023,0.2544271945953369,0.04114978387951851,0.04114978387951851,0.46514129638671875,0.342485249042511,-0.3910292983055115,0.42958560585975647,0.0,0.0,0.0,0.0,0.0,0.0,0.0
58837395372,0,-0.013946869410574436,-0.14231204986572266,-0.11212172359228134,-0.013946869410574436,-0.14231204986572266,-0.8121216893196106,0.0322788842022419,-0.010149099864065647,0.004612849559634924,0.0,0.0,0.0,-0.004769155289977789,-0.010220651514828205,2.3617846965789795,0.0,0.0,2.3617846965789795,0.010288597084581852,-0.008824632503092289,-0.006556259002536535,0.03921179473400116,0.08032077550888062,2.596291778900195e-05,0.0,0.0,0.0,-1.7047594785690308,10.090752601623535,0.10796356201171875,9.786816596984863,1.732985019683838,-10.0,-9.884007453918457,11.090666770935059,2.0,2.0,21.489154815673828,0.2989746034145355,0.28977540135383606,0.30357420444488525,0.29590821266174316,0.0,0.30469265580177307,0.30469265580177307,0.30469265580177307,0.30469265580177307,0.0,-0.6081341505050659,-0.18724103271961212,-9.812690734863281,0.0,0.0,0.0,0.0,0.0,0.0,0.0,0.0,0.0,0.0,0.0,0.0,0.0,0.0,0.0,0.30469274520874023,0.30469274520874023,0.304692804813385,0.30469274520874023,0.2544271945953369,0.04114978387951851,0.04114978387951851,0.46514129638671875,0.29460248351097107,-0.3034212589263916,0.8447145819664001,0.0,0.0,0.0,0.0,0.0,0.0,0.0
58847541781,0,-0.013946869410574436,-0.14231204986572266,-0.11212172359228134,-0.013946869410574436,-0.14231204986572266,-0.8121216893196106,0.0322788842022419,-0.010149099864065647,0.004612849559634924,0.0,0.0,0.0,-0.004769155289977789,-0.010220651514828205,2.3617846965789795,0.0,0.0,2.3617846965789795,0.010288597084581852,-0.008824632503092289,-0.006556259002536535,0.03791125863790512,0.08125513046979904,-0.00015196227468550205,0.0,0.0,0.0,-1.7071139812469482,10.092992782592773,0.09366703033447266,9.787083625793457,1.7309554815292358,-10.0,-9.884078025817871,11.090666770935059,2.0,2.0,21.489154815673828,0.2989746034145355,0.28977540135383606,0.30357420444488525,0.29590821266174316,0.0,0.30469265580177307,0.30469265580177307,0.30469265580177307,0.30469265580177307,0.0,-0.4060839116573334,-0.0793488621711731,-9.832825660705566,0.0,0.0,0.0,0.0,0.0,0.0,0.0,0.0,0.0,0.0,0.0,0.0,0.0,0.0,0.0,0.30469274520874023,0.30469274520874023,0.304692804813385,0.30469274520874023,0.2743685245513916,0.04114978387951851,0.04114978387951851,0.44735562801361084,0.29460248351097107,-0.3034212589263916,0.8447145819664001,0.0,0.0,0.0,0.0,0.0,0.0,0.0
58857312747,0,-0.013396456837654114,-0.14266973733901978,-0.11205189675092697,-0.013396456837654114,-0.14266973733901978,-0.8120518922805786,0.03311363235116005,-0.011827928014099598,0.004729731939733028,0.0,0.0,0.0,-0.004513109102845192,-0.010419793426990509,2.362339496612549,0.0,0.0,2.362339496612549,0.013602864928543568,-0.011150690726935863,0.01975887641310692,0.03536609932780266,0.08313705772161484,-0.00017713045235723257,0.0,0.0,0.0,-1.7105716466903687,10.09559440612793,0.069580078125,9.787577629089355,1.7309554815292358,-10.0,-9.884078025817871,11.719539642333984,2.0,2.0,20.869478225708008,0.2989746034145355,0.28977540135383606,0.30357420444488525,0.29590821266174316,0.0,0.30469265580177307,0.30469265580177307,0.30469265580177307,0.30469265580177307,0.0,-0.07579851150512695,0.09256656467914581,-9.793595314025879,0.0,0.0,0.0,0.0,0.0,0.0,0.0,0.0,0.0,0.0,0.0,0.0,0.0,0.0,0.0,0.30469274520874023,0.30469274520874023,0.304692804813385,0.30469274520874023,0.2743685245513916,0.04114978387951851,0.04114978387951851,0.44735562801361084,0.19809648394584656,-0.16041341423988342,1.180620789527893,0.0,0.0,0.0,0.0,0.0,0.0,0.0
58868533009,0,-0.013396456837654114,-0.14266973733901978,-0.11205189675092697,-0.013396456837654114,-0.14266973733901978,-0.8120518922805786,0.03311363235116005,-0.011827928014099598,0.004729731939733028,0.0,0.0,0.0,-0.004513109102845192,-0.010419793426990509,2.362339496612549,0.0,0.0,2.362339496612549,0.014038884080946445,-0.013735379092395306,0.033431049436330795,0.03536609932780266,0.08313705772161484,-0.00017713045235723257,0.0,0.0,0.0,-1.7106132507324219,10.100424766540527,0.06263542175292969,9.78805923461914,1.7297674417495728,-10.0,-9.883070945739746,11.908906936645508,2.0,2.0,20.69580078125,0.2989746034145355,0.28977540135383606,0.30357420444488525,0.29590821266174316,0.0,0.30469265580177307,0.30469265580177307,0.30469265580177307,0.30469265580177307,0.0,-0.07579851150512695,0.09256656467914581,-9.793595314025879,0.0,0.0,0.0,0.0,0.0,0.0,0.0,0.0,0.0,0.0,0.0,0.0,0.0,0.0,0.0,0.30469274520874023,0.30469274520874023,0.304692804813385,0.30469274520874023,0.27929526567459106,0.04114978387951851,0.04114978387951851,0.44312599301338196,0.041901297867298126,-0.13103628158569336,0.700806200504303,0.0,0.0,0.0,0.0,0.0,0.0,0.0
58877863729,0,-0.012881285510957241,-0.14299185574054718,-0.11198364943265915,-0.012881285510957241,-0.14299185574054718,-0.8119836449623108,0.028496917337179184,-0.011542350985109806,0.005280053708702326,0.0,0.0,0.0,-0.004238412249833345,-0.010680540464818478,2.3630034923553467,0.0,0.0,2.3630034923553467,0.014038884080946445,-0.013735379092395306,0.033431049436330795,0.03343113884329796,0.08537895232439041,-0.00014129183546174318,0.0,0.0,0.0,-1.7106132507324219,10.100424766540527,0.06263542175292969,9.78805923461914,1.7297674417495728,-10.0,-9.883070945739746,11.908906936645508,2.0,2.0,20.69580078125,0.2989746034145355,0.28977540135383606,0.30357420444488525,0.29590821266174316,0.0,0.30469265580177307,0.30469265580177307,0.30469265580177307,0.30469265580177307,0.0,0.19443370401859283,0.2682448625564575,-9.771940231323242,0.0,0.0,0.0,0.0,0.0,0.0,0.0,0.0,0.0,0.0,0.0,0.0,0.0,0.0,0.0,0.30469274520874023,0.30469274520874023,0.304692804813385,0.30469274520874023,0.27929526567459106,0.04114978387951851,0.04114978387951851,0.44312599301338196,0.041901297867298126,-0.13103628158569336,0.700806200504303,0.0,0.0,0.0,0.0,0.0,0.0,0.0
58887834959,0,-0.012667516246438026,-0.14313073456287384,-0.1119481548666954,-0.012667516246438026,-0.14313073456287384,-0.8119481205940247,0.02441127970814705,-0.010701814666390419,0.005342870019376278,0.0,0.0,0.0,-0.004154449328780174,-0.01079261489212513,2.363210439682007,0.0,0.0,2.363210678100586,0.012466630898416042,-0.012809417210519314,0.030730891972780228,0.03343113884329796,0.08537895232439041,-0.00014129183546174318,0.0,0.0,0.0,-1.7106132507324219,10.100424766540527,0.06263542175292969,9.78805923461914,1.7297674417495728,-10.0,-9.883070945739746,11.760494232177734,2.0,2.0,20.839391708374023,0.2989746034145355,0.28977540135383606,0.30357420444488525,0.29590821266174316,0.0,0.30469265580177307,0.30469265580177307,0.30469265580177307,0.30469265580177307,0.0,0.19443370401859283,0.2682448625564575,-9.771940231323242,0.0,0.0,0.0,0.0,0.0,0.0,0.0,0.0,0.0,0.0,0.0,0.0,0.0,0.0,0.0,0.30469274520874023,0.30469274520874023,0.304692804813385,0.30469274520874023,0.27929526567459106,0.04114978387951851,0.04114978387951851,0.44312599301338196,-0.054699838161468506,-0.02437560446560383,0.26135340332984924,0.0,0.0,0.0,0.0,0.0,0.0,0.0
58897149404,0,-0.012667516246438026,-0.14313073456287384,-0.1119481548666954,-0.012667516246438026,-0.14313073456287384,-0.8119481205940247,0.02441127970814705,-0.010701814666390419,0.005342870019376278,0.0,0.0,0.0,-0.004154449328780174,-0.01079261489212513,2.363210439682007,0.0,0.0,2.363210678100586,0.009551352821290493,-0.010294336825609207,0.022425396367907524,0.0326884463429451,0.08597227185964584,-9.755392966326326e-05,0.0,0.0,0.0,-1.7082691192626953,10.09902572631836,0.06836318969726562,9.78824234008789,1.7278717756271362,-10.0,-9.88156509399414,11.760494232177734,2.0,2.0,20.839391708374023,0.2989746034145355,0.28977540135383606,0.30357420444488525,0.29590821266174316,0.0,0.30469265580177307,0.30469265580177307,0.30469265580177307,0.30469265580177307,0.0,0.35725137591362,0.38384708762168884,-9.815488815307617,0.0,0.0,0.0,0.0,0.0,0.0,0.0,0.0,0.0,0.0,0.0,0.0,0.0,0.0,0.0,0.30469274520874023,0.30469274520874023,0.304692804813385,0.30469274520874023,0.2658618986606598,0.04114978387951851,0.04114978387951851,0.45501986145973206,-0.16517415642738342,0.10412109643220901,-0.25823134183883667,0.0,0.0,0.0,0.0,0.0,0.0,0.0
58907385411,0,-0.012299558147788048,-0.14349855482578278,-0.11184413731098175,-0.012299558147788048,-0.14349855482578278,-0.8118441104888916,0.009072558954358101,-0.008584256283938885,0.005396534688770771,0.0,0.0,0.0,-0.0040670111775398254,-0.010943010449409485,2.363191604614258,0.0,0.0,2.363191604614258,0.0066193887032568455,-0.008190176449716091,0.012133984826505184,0.03233404457569122,0.08699574321508408,0.00018990522949025035,0.0,0.0,0.0,-1.6998696327209473,10.093439102172852,0.09031200408935547,9.788627624511719,1.7278717756271362,-10.0,-9.88156509399414,11.190503120422363,2.0,2.0,21.390239715576172,0.2989746034145355,0.28977540135383606,0.30357420444488525,0.29590821266174316,0.0,0.30469265580177307,0.30469265580177307,0.30469265580177307,0.30469265580177307,0.0,0.3614886701107025,0.39042770862579346,-9.789623260498047,0.0,0.0,0.0,0.0,0.0,0.0,0.0,0.0,0.0,0.0,0.0,0.0,0.0,0.0,0.0,0.30469274520874023,0.30469274520874023,0.304692804813385,0.30469274520874023,0.2658618986606598,0.04114978387951851,0.04114978387951851,0.45501986145973206,-0.2347916066646576,0.1600564569234848,-0.6447807550430298,0.0,0.0,0.0,0.0,0.0,0.0,0.0
58918174936,0,-0.012299558147788048,-0.14349855482578278,-0.11184413731098175,-0.012299558147788048,-0.14349855482578278,-0.8118441104888916,0.009072558954358101,-0.008584256283938885,0.005396534688770771,0.0,0.0,0.0,-0.0040670111775398254,-0.010943010449409485,2.363191604614258,0.0,0.0,2.363191604614258,3.0085357138887048e-05,-0.002690507797524333,-0.014309669844806194,0.03233404457569122,0.08699574321508408,0.00018990522949025035,0.0,0.0,0.0,-1.6907659769058228,10.0870943069458,0.11441421508789062,9.789041519165039,1.7263463735580444,-10.0,-9.881559371948242,10.564064979553223,2.0,2.0,21.9949893951416,0.2989746034145355,0.28977540135383606,0.30357420444488525,0.29590821266174316,0.0,0.30469265580177307,0.30469265580177307,0.30469265580177307,0.30469265580177307,0.0,0.3614886701107025,0.39042770862579346,-9.789623260498047,0.0,0.0,0.0,0.0,0.0,0.0,0.0,0.0,0.0,0.0,0.0,0.0,0.0,0.0,0.0,0.30469274520874023,0.30469274520874023,0.304692804813385,0.30469274520874023,0.2532120645046234,0.04114978387951851,0.04114978387951851,0.4660700559616089,-0.28286492824554443,0.24102775752544403,-1.0850363969802856,0.0,0.0,0.0,0.0,0.0,0.0,0.0
58927593129,0,-0.012309960089623928,-0.14372722804546356,-0.11176972091197968,-0.012309960089623928,-0.14372722804546356,-0.8117697238922119,-0.0016991664888337255,-0.007541213650256395,0.0060613127425313,0.0,0.0,0.0,-0.004108527209609747,-0.010920234024524689,2.3627359867095947,0.0,0.0,2.3627359867095947,-0.0029758932068943977,0.000796922598965466,-0.024079322814941406,0.0326666384935379,0.08681372553110123,0.00036576183629222214,0.0,0.0,0.0,-1.6907659769058228,10.0870943069458,0.11441421508789062,9.789041519165039,1.7263463735580444,-10.0,-9.881559371948242,10.564064979553223,2.0,2.0,21.9949893951416,0.2989746034145355,0.28977540135383606,0.30357420444488525,0.29590821266174316,0.0,0.30469265580177307,0.30469265580177307,0.30469265580177307,0.30469265580177307,0.0,0.36189937591552734,0.4091745913028717,-9.774269104003906,0.0,0.0,0.0,0.0,0.0,0.0,0.0,0.0,0.0,0.0,0.0,0.0,0.0,0.0,0.0,0.30469274520874023,0.30469274520874023,0.304692804813385,0.30469274520874023,0.2532120645046234,0.04114978387951851,0.04114978387951851,0.4660700559616089,-0.287827730178833,0.285621702671051,-0.9999537467956543,0.0,0.0,0.0,0.0,0.0,0.0,0.0
58939364645,0,-0.012385020963847637,-0.143836110830307,-0.11172940582036972,-0.012385020963847637,-0.143836110830307,-0.811729371547699,-0.006563576404005289,-0.006553507875651121,0.00642029196023941,0.0,0.0,0.0,-0.004144256468862295,-0.010884121991693974,2.362436056137085,0.0,0.0,2.362436294555664,-0.0029758932068943977,0.000796922598965466,-0.024079322814941406,0.03324700891971588,0.08633185178041458,0.00016279018018394709,0.0,0.0,0.0,-1.6865960359573364,10.082873344421387,0.12107467651367188,9.789262771606445,1.7263463735580444,-10.0,-9.881559371948242,10.389580726623535,2.0,2.0,22.155412673950195,0.2989746034145355,0.28977540135383606,0.30357420444488525,0.29590821266174316,0.0,0.30469265580177307,0.30469265580177307,0.30469265580177307,0.30469265580177307,0.0,0.3577215075492859,0.28831183910369873,-9.753857612609863,0.0,0.0,0.0,0.0,0.0,0.0,0.0,0.0,0.0,0.0,0.0,0.0,0.0,0.0,0.0,0.30469274520874023,0.30469274520874023,0.304692804813385,0.30469274520874023,0.2532120645046234,0.04114978387951851,0.04114978387951851,0.4660700559616089,-0.287827730178833,0.285621702671051,-0.9999537467956543,0.0,0.0,0.0,0.0,0.0,0.0,0.0
58947396779,0,-0.012385020963847637,-0.143836110830307,-0.11172940582036972,-0.012385020963847637,-0.143836110830307,-0.811729371547699,-0.006563576404005289,-0.006553507875651121,0.00642029196023941,0.0,0.0,0.0,-0.004144256468862295,-0.010884121991693974,2.362436056137085,0.0,0.0,2.362436294555664,-0.0029758932068943977,0.000796922598965466,-0.024079322814941406,0.03324700891971588,0.08633185178041458,0.00016279018018394709,0.0,0.0,0.0,-1.6865960359573364,10.082873344421387,0.12107467651367188,9.789262771606445,1.723865032196045,-10.0,-9.882903099060059,10.389580726623535,2.0,2.0,22.155412673950195,0.2989746034145355,0.28977540135383606,0.30357420444488525,0.29590821266174316,0.0,0.30469265580177307,0.30469265580177307,0.30469265580177307,0.30469265580177307,0.0,0.3577215075492859,0.28831183910369873,-9.753857612609863,0.0,0.0,0.0,0.0,0.0,0.0,0.0,0.0,0.0,0.0,0.0,0.0,0.0,0.0,0.0,0.30469274520874023,0.30469274520874023,0.304692804813385,0.30469274520874023,0.248498797416687,0.04114978387951851,0.04114978387951851,0.46980366110801697,-0.287827730178833,0.285621702671051,-0.9999537467956543,0.0,0.0,0.0,0.0,0.0,0.0,0.0
58957310644,0,-0.012640148401260376,-0.14401116967201233,-0.11164446175098419,-0.012640148401260376,-0.14401116967201233,-0.811644434928894,-0.014358043670654297,-0.0031280815601348877,0.0073771364986896515,0.0,0.0,0.0,-0.004338879603892565,-0.010720496997237206,2.36201548576355,0.0,0.0,2.36201548576355,-0.00940606091171503,0.007289509754627943,-0.026768673211336136,0.03514512628316879,0.08487818390130997,7.350472151301801e-05,0.0,0.0,0.0,-1.6759848594665527,10.07448959350586,0.11649608612060547,9.789722442626953,1.723865032196045,-10.0,-9.882903099060059,10.512514114379883,2.0,2.0,22.004772186279297,0.2989746034145355,0.28977540135383606,0.30357420444488525,0.29590821266174316,0.0,0.30469265580177307,0.30469265580177307,0.30469265580177307,0.30469265580177307,0.0,0.3266870677471161,0.16944001615047455,-9.765010833740234,0.0,0.0,0.0,0.0,0.0,0.0,0.0,0.0,0.0,0.0,0.0,0.0,0.0,0.0,0.0,0.30469274520874023,0.30469274520874023,0.304692804813385,0.30469274520874023,0.2507386803627014,0.04114978387951851,0.04114978387951851,0.467562198638916,-0.31939470767974854,0.3098703622817993,-0.3108597993850708,0.0,0.0,0.0,0.0,0.0,0.0,0.0
58967323286,0,-0.012640148401260376,-0.14401116967201233,-0.11164446175098419,-0.012816879898309708,-0.14407044649124146,-0.8116000890731812,-0.014358043670654297,-0.0031280815601348877,0.0073771364986896515,0.0,0.0,0.0,-0.004338879603892565,-0.010720496997237206,2.36201548576355,0.0,0.0,2.3619308471679688,-0.011432170867919922,0.009058582596480846,-0.02059454657137394,0.03514512628316879,0.08487818390130997,7.350472151301801e-05,0.0,0.0,0.0,-1.6728607416152954,10.07282543182373,0.10757255554199219,9.789997100830078,1.7230435609817505,-10.0,-9.883322715759277,10.748173713684082,2.0,2.0,21.76371192932129,0.2989746034145355,0.28977540135383606,0.30357420444488525,0.29590821266174316,0.0,0.30469265580177307,0.30469265580177307,0.30469265580177307,0.30469265580177307,0.0,0.3266870677471161,0.16944001615047455,-9.765010833740234,0.0,0.0,0.0,0.0,0.0,0.0,0.0,0.0,0.0,0.0,0.0,0.0,0.0,0.0,0.0,0.30469274520874023,0.30469274520874023,0.304692804813385,0.30469274520874023,0.2507386803627014,0.04114978387951851,0.04114978387951851,0.467562198638916,-0.2578358054161072,0.23950786888599396,0.13412007689476013,0.0,0.0,0.0,0.0,0.0,0.0,0.0
58981984578,0,-0.012816879898309708,-0.14407044649124146,-0.11160007864236832,-0.012816879898309708,-0.14407044649124146,-0.8116000890731812,-0.01683325693011284,-0.00117007945664227,0.007144564762711525,0.0,0.0,0.0,-0.004450254142284393,-0.010626859962940216,2.3619306087493896,0.0,0.0,2.3619308471679688,-0.012130054645240307,0.009912999346852303,-0.012159516103565693,0.03589286282658577,0.0842786431312561,3.177687540301122e-05,0.0,0.0,0.0,-1.6728607416152954,10.07282543182373,0.10757255554199219,9.789997100830078,1.7210626602172852,-10.0,-9.883816719055176,11.006415367126465,2.0,2.0,21.502574920654297,0.2989746034145355,0.28977540135383606,0.30357420444488525,0.29590821266174316,0.0,0.30469265580177307,0.30469265580177307,0.30469265580177307,0.30469265580177307,0.0,0.24103839695453644,0.09721818566322327,-9.82950496673584,0.0,0.0,0.0,0.0,0.0,0.0,0.0,0.0,0.0,0.0,0.0,0.0,0.0,0.0,0.0,0.30469274520874023,0.30469274520874023,0.304692804813385,0.30469274520874023,0.26028892397880554,0.04114978387951851,0.04114978387951851,0.4587792456150055,-0.18090997636318207,0.17726978659629822,0.48466455936431885,0.0,0.0,0.0,0.0,0.0,0.0,0.0
58987104527,0,-0.013400954194366932,-0.1441776305437088,-0.11149521172046661,-0.013400954194366932,-0.1441776305437088,-0.8114951848983765,-0.017379039898514748,0.0023804930970072746,0.00686420826241374,0.0,0.0,0.0,-0.00476165721192956,-0.010366026312112808,2.362260341644287,0.0,0.0,2.362260341644287,-0.011927174404263496,0.010416723787784576,0.00011387094855308533,0.03785102069377899,0.08241108059883118,-0.00019197678193449974,0.0,0.0,0.0,-1.6702935695648193,10.070857048034668,0.08490180969238281,9.790532112121582,1.7210626602172852,-10.0,-9.883816719055176,11.342098236083984,2.0,2.0,21.16377067565918,0.2989746034145355,0.28977540135383606,0.30357420444488525,0.29590821266174316,0.0,0.30469265580177307,0.30469265580177307,0.30469265580177307,0.30469265580177307,0.0,0.24103839695453644,0.09721818566322327,-9.82950496673584,0.0,0.0,0.0,0.0,0.0,0.0,0.0,0.0,0.0,0.0,0.0,0.0,0.0,0.0,0.0,0.30469274520874023,0.30469274520874023,0.304692804813385,0.30469274520874023,0.2668311297893524,0.04114978387951851,0.04114978387951851,0.4527921974658966,-0.08486795425415039,0.11371628940105438,0.8152965307235718,0.0,0.0,0.0,0.0,0.0,0.0,0.0
58997388713,0,-0.013400954194366932,-0.1441776305437088,-0.11149521172046661,-0.013400954194366932,-0.1441776305437088,-0.8114951848983765,-0.017379039898514748,0.0023804930970072746,0.00686420826241374,0.0,0.0,0.0,-0.00476165721192956,-0.010366026312112808,2.362260341644287,0.0,0.0,2.362260341644287,-0.009311750531196594,0.012348983436822891,0.020967626944184303,0.03785102069377899,0.08241108059883118,-0.00019197678193449974,0.0,0.0,0.0,-1.6702935695648193,10.070857048034668,0.08490180969238281,9.790532112121582,1.7192357778549194,-10.0,-9.883450508117676,11.342098236083984,2.0,2.0,21.16377067565918,0.2989746034145355,0.28977540135383606,0.30357420444488525,0.29590821266174316,0.0,0.30469265580177307,0.30469265580177307,0.30469265580177307,0.30469265580177307,0.0,-0.08568578958511353,-0.09405927360057831,-9.80834674835205,0.0,0.0,0.0,0.0,0.0,0.0,0.0,0.0,0.0,0.0,0.0,0.0,0.0,0.0,0.0,0.30469274520874023,0.30469274520874023,0.304692804813385,0.30469274520874023,0.27638694643974304,0.04114978387951851,0.04114978387951851,0.4438459575176239,0.06526421755552292,0.09886690229177475,0.9681875109672546,0.0,0.0,0.0,0.0,0.0,0.0,0.0
59008769688,0,-0.013724527321755886,-0.14423371851444244,-0.11142612248659134,-0.013724527321755886,-0.14423371851444244,-0.8114261031150818,-0.011749941855669022,0.002199967857450247,0.007763465866446495,0.0,0.0,0.0,-0.004862218629568815,-0.010109402239322662,2.3627912998199463,0.0,0.0,2.3627915382385254,-0.008099059574306011,0.011568770743906498,0.027543749660253525,0.03864891827106476,0.08037175983190536,-0.0003164147783536464,0.0,0.0,0.0,-1.6717891693115234,10.067033767700195,0.06668853759765625,9.791057586669922,1.7192357778549194,-10.0,-9.883450508117676,11.9140625,2.0,2.0,20.583791732788086,0.2989746034145355,0.28977540135383606,0.30357420444488525,0.29590821266174316,0.0,0.30469265580177307,0.30469265580177307,0.30469265580177307,0.30469265580177307,0.0,-0.3389456272125244,-0.2031470388174057,-9.753894805908203,0.0,0.0,0.0,0.0,0.0,0.0,0.0,0.0,0.0,0.0,0.0,0.0,0.0,0.0,0.0,0.30469274520874023,0.30469274520874023,0.304692804813385,0.30469274520874023,0.27638694643974304,0.04114978387951851,0.04114978387951851,0.4438459575176239,0.0902482345700264,0.01069410890340805,0.7929651141166687,0.0,0.0,0.0,0.0,0.0,0.0,0.0
59017504972,0,-0.013724527321755886,-0.14423371851444244,-0.11142612248659134,-0.013724527321755886,-0.14423371851444244,-0.8114261031150818,-0.011749941855669022,0.002199967857450247,0.007763465866446495,0.0,0.0,0.0,-0.004862218629568815,-0.010109402239322662,2.3627912998199463,0.0,0.0,2.3627915382385254,-0.008099059574306011,0.011568770743906498,0.027543749660253525,0.03864891827106476,0.08037175983190536,-0.0003164147783536464,0.0,0.0,0.0,-1.6719073057174683,10.068164825439453,0.0627756118774414,9.791326522827148,1.7192357778549194,-10.0,-9.883450508117676,11.9140625,2.0,2.0,20.583791732788086,0.2989746034145355,0.28977540135383606,0.30357420444488525,0.29590821266174316,0.0,0.30469265580177307,0.30469265580177307,0.30469265580177307,0.30469265580177307,0.0,-0.3389456272125244,-0.2031470388174057,-9.753894805908203,0.0,0.0,0.0,0.0,0.0,0.0,0.0,0.0,0.0,0.0,0.0,0.0,0.0,0.0,0.0,0.30469274520874023,0.30469274520874023,0.304692804813385,0.30469274520874023,0.27638694643974304,0.04114978387951851,0.04114978387951851,0.4438459575176239,0.0902482345700264,0.01069410890340805,0.7929651141166687,0.0,0.0,0.0,0.0,0.0,0.0,0.0
59027682410,0,-0.013841688632965088,-0.14427107572555542,-0.11138732731342316,-0.013841688632965088,-0.14427107572555542,-0.811387300491333,-0.007539515849202871,0.001332571147941053,0.007841581478714943,0.0,0.0,0.0,-0.00491035170853138,-0.010042615234851837,2.3630530834198,0.0,0.0,2.3630530834198,-0.006134506314992905,0.00854668952524662,0.028989125043153763,0.03903204947710037,0.07984065264463425,-0.00028420507442206144,0.0,0.0,0.0,-1.6719073057174683,10.068164825439453,0.0627756118774414,9.791326522827148,1.7174618244171143,-10.0,-9.882501602172852,11.9140625,2.0,2.0,20.583791732788086,0.2989746034145355,0.28977540135383606,0.30357420444488525,0.29590821266174316,0.0,0.30469265580177307,0.30469265580177307,0.30469265580177307,0.30469265580177307,0.0,-0.4514382779598236,-0.2283591777086258,-9.773497581481934,0.0,0.0,0.0,0.0,0.0,0.0,0.0,0.0,0.0,0.0,0.0,0.0,0.0,0.0,0.0,0.30469274520874023,0.30469274520874023,0.304692804813385,0.30469274520874023,0.27875879406929016,0.04114978387951851,0.04114978387951851,0.44189950823783875,0.13521192967891693,-0.13411729037761688,0.46425873041152954,0.0,0.0,0.0,0.0,0.0,0.0,0.0
59042584467,0,-0.01392345316708088,-0.14435021579265594,-0.1113038957118988,-0.01392345316708088,-0.14435021579265594,-0.8113038539886475,0.002697138814255595,-0.0007794121047481894,0.00805979035794735,0.0,0.0,0.0,-0.0049143885262310505,-0.010001756250858307,2.3634142875671387,0.0,0.0,2.3634142875671387,-0.003969472832977772,0.0058137476444244385,0.02610207162797451,0.039065536111593246,0.07951512932777405,-0.0001802684273570776,0.0,0.0,0.0,-1.6751710176467896,10.07577133178711,0.06919479370117188,9.791784286499023,1.71654212474823,-10.0,-9.881948471069336,11.753244400024414,2.0,2.0,20.76917839050293,0.2989746034145355,0.28977540135383606,0.30357420444488525,0.29590821266174316,0.0,0.30469265580177307,0.30469265580177307,0.30469265580177307,0.30469265580177307,0.0,-0.6065800189971924,-0.25779521465301514,-9.794319152832031,0.0,0.0,0.0,0.0,0.0,0.0,0.0,0.0,0.0,0.0,0.0,0.0,0.0,0.0,0.0,0.30469274520874023,0.30469274520874023,0.304692804813385,0.30469274520874023,0.27637094259262085,0.04114978387951851,0.04114978387951851,0.44431671500205994,0.17926104366779327,-0.2070237249135971,0.1183924451470375,0.0,0.0,0.0,0.0,0.0,0.0,0.0
59049062765,0,-0.01392345316708088,-0.14435021579265594,-0.1113038957118988,-0.01392345316708088,-0.14435021579265594,-0.8113038539886475,0.002697138814255595,-0.0007794121047481894,0.00805979035794735,0.0,0.0,0.0,-0.0049143885262310505,-0.010001756250858307,2.3634142875671387,0.0,0.0,2.3634142875671387,0.0018406760646030307,0.0008860048837959766,0.006922219879925251,0.039065536111593246,0.07951512932777405,-0.0001802684273570776,0.0,0.0,0.0,-1.6803810596466064,10.080899238586426,0.0906686782836914,9.792227745056152,1.714931845664978,-10.0,-9.881253242492676,11.191564559936523,2.0,2.0,21.347274780273438,0.2989746034145355,0.28977540135383606,0.30357420444488525,0.29590821266174316,0.0,0.30469265580177307,0.30469265580177307,0.30469265580177307,0.30469265580177307,0.0,-0.6065800189971924,-0.25779521465301514,-9.794319152832031,0.0,0.0,0.0,0.0,0.0,0.0,0.0,0.0,0.0,0.0,0.0,0.0,0.0,0.0,0.0,0.30469274520874023,0.30469274520874023,0.304692804813385,0.30469274520874023,0.26648035645484924,0.04114978387951851,0.04114978387951851,0.45361703634262085,0.2542336881160736,-0.24387283623218536,-0.6780421137809753,0.0,0.0,0.0,0.0,0.0,0.0,0.0
59058430217,0,-0.013819961808621883,-0.14448896050453186,-0.11122187227010727,-0.013819961808621883,-0.14448896050453186,-0.8112218379974365,0.012809435836970806,-0.003615280380472541,0.007911019027233124,0.0,0.0,0.0,-0.004867808427661657,-0.009980821050703526,2.3633487224578857,0.0,0.0,2.363348960876465,0.0018406760646030307,0.0008860048837959766,0.006922219879925251,0.03869939222931862,0.0793466717004776,0.00013237493112683296,0.0,0.0,0.0,-1.6803810596466064,10.080899238586426,0.0906686782836914,9.792227745056152,1.714931845664978,-10.0,-9.881253242492676,11.191564559936523,2.0,2.0,21.347274780273438,0.2989746034145355,0.28977540135383606,0.30357420444488525,0.29590821266174316,0.0,0.30469265580177307,0.30469265580177307,0.30469265580177307,0.30469265580177307,0.0,-0.5943585634231567,-0.21922306716442108,-9.83486270904541,0.0,0.0,0.0,0.0,0.0,0.0,0.0,0.0,0.0,0.0,0.0,0.0,0.0,0.0,0.0,0.30469274520874023,0.30469274520874023,0.304692804813385,0.30469274520874023,0.26648035645484924,0.04114978387951851,0.04114978387951851,0.45361703634262085,0.2542336881160736,-0.24387283623218536,-0.6780421137809753,0.0,0.0,0.0,0.0,0.0,0.0,0.0
59067262352,0,-0.013704554177820683,-0.14458270370960236,-0.11117938160896301,-0.013704554177820683,-0.14458270370960236,-0.8111793994903564,0.016953229904174805,-0.005025302059948444,0.007845452055335045,0.0,0.0,0.0,-0.004788573365658522,-0.01005251519382,2.3632097244262695,0.0,0.0,2.3632097244262695,0.00424570869654417,-0.0023998431861400604,-0.00320826331153512,0.03768144175410271,0.080238938331604,0.00015288237773347646,0.0,0.0,0.0,-1.6831573247909546,10.085623741149902,0.09999275207519531,9.792420387268066,1.714931845664978,-10.0,-9.881253242492676,10.950888633728027,2.0,2.0,21.603147506713867,0.2989746034145355,0.28977540135383606,0.30357420444488525,0.29590821266174316,0.0,0.30469265580177307,0.30469265580177307,0.30469265580177307,0.30469265580177307,0.0,-0.535042405128479,-0.19659072160720825,-9.849398612976074,0.0,0.0,0.0,0.0,0.0,0.0,0.0,0.0,0.0,0.0,0.0,0.0,0.0,0.0,0.0,0.30469274520874023,0.30469274520874023,0.304692804813385,0.30469274520874023,0.26648035645484924,0.04114978387951851,0.04114978387951851,0.45361703634262085,0.25767505168914795,-0.29846957325935364,-0.8703828454017639,0.0,0.0,0.0,0.0,0.0,0.0,0.0
59077427343,0,-0.013704554177820683,-0.14458270370960236,-0.11117938160896301,-0.013704554177820683,-0.14458270370960236,-0.8111793994903564,0.016953229904174805,-0.005025302059948444,0.007845452055335045,0.0,0.0,0.0,-0.004788573365658522,-0.01005251519382,2.3632097244262695,0.0,0.0,2.3632097244262695,0.005793322809040546,-0.0050040436908602715,-0.013226944021880627,0.03768144175410271,0.080238938331604,0.00015288237773347646,0.0,0.0,0.0,-1.6831573247909546,10.085623741149902,0.09999275207519531,9.792420387268066,1.712722659111023,-10.0,-9.881631851196289,10.950888633728027,2.0,2.0,21.603147506713867,0.2989746034145355,0.28977540135383606,0.30357420444488525,0.29590821266174316,0.0,0.30469265580177307,0.30469265580177307,0.30469265580177307,0.30469265580177307,0.0,-0.41785871982574463,-0.10579447448253632,-9.844600677490234,0.0,0.0,0.0,0.0,0.0,0.0,0.0,0.0,0.0,0.0,0.0,0.0,0.0,0.0,0.0,0.30469274520874023,0.30469274520874023,0.304692804813385,0.30469274520874023,0.2532298266887665,0.04114978387951851,0.04114978387951851,0.46626555919647217,0.22213293612003326,-0.2946135401725769,-0.9734300374984741,0.0,0.0,0.0,0.0,0.0,0.0,0.0
59087366416,0,-0.013146710582077503,-0.14483237266540527,-0.11108014732599258,-0.013146710582077503,-0.14483237266540527,-0.8110801577568054,0.02487017586827278,-0.008257386274635792,0.0072992825880646706,0.0,0.0,0.0,-0.004528348334133625,-0.010295063257217407,2.362460136413574,0.0,0.0,2.362460136413574,0.007706808857619762,-0.007545999251306057,-0.021588124334812164,0.03768144175410271,0.080238938331604,0.00015288237773347646,0.0,0.0,0.0,-1.6857908964157104,10.091696739196777,0.11394405364990234,9.792841911315918,1.712722659111023,-10.0,-9.881631851196289,10.591554641723633,2.0,2.0,21.98189926147461,0.2989746034145355,0.28977540135383606,0.30357420444488525,0.29590821266174316,0.0,0.30469265580177307,0.30469265580177307,0.30469265580177307,0.30469265580177307,0.0,-0.41785871982574463,-0.10579447448253632,-9.844600677490234,0.0,0.0,0.0,0.0,0.0,0.0,0.0,0.0,0.0,0.0,0.0,0.0,0.0,0.0,0.0,0.30469274520874023,0.30469274520874023,0.304692804813385,0.30469274520874023,0.2532298266887665,0.04114978387951851,0.04114978387951851,0.46626555919647217,0.20971445739269257,-0.27127090096473694,-0.8778836131095886,0.0,0.0,0.0,0.0,0.0,0.0,0.0
59099149019,0,-0.013146710582077503,-0.14483237266540527,-0.11108014732599258,-0.013146710582077503,-0.14483237266540527,-0.8110801577568054,0.02487017586827278,-0.008257386274635792,0.0072992825880646706,0.0,0.0,0.0,-0.004528348334133625,-0.010295063257217407,2.362460136413574,0.0,0.0,2.362460136413574,0.009779322892427444,-0.009278514422476292,-0.025585906580090523,0.03600355237722397,0.08184370398521423,0.00033685110975056887,0.0,0.0,0.0,-1.688336968421936,10.0939359664917,0.11417770385742188,9.79311752319336,1.7120144367218018,-10.0,-9.882096290588379,10.585049629211426,2.0,2.0,21.995803833007812,0.2989746034145355,0.28977540135383606,0.30357420444488525,0.29590821266174316,0.0,0.30469265580177307,0.30469265580177307,0.30469265580177307,0.30469265580177307,0.0,-0.3185275197029114,-0.0596977099776268,-9.796565055847168,0.0,0.0,0.0,0.0,0.0,0.0,0.0,0.0,0.0,0.0,0.0,0.0,0.0,0.0,0.0,0.30469274520874023,0.30469274520874023,0.304692804813385,0.30469274520874023,0.25256139039993286,0.04114978387951851,0.04114978387951851,0.4669606387615204,0.18703921139240265,-0.2043123096227646,-0.5688413977622986,0.0,0.0,0.0,0.0,0.0,0.0,0.0
59107357690,0,-0.012928753159940243,-0.1449197381734848,-0.11104729026556015,-0.012928753159940243,-0.1449197381734848,-0.8110472559928894,0.02555336058139801,-0.008710208348929882,0.007552919443696737,0.0,0.0,0.0,-0.004418716300278902,-0.010391904972493649,2.3622853755950928,0.0,0.0,2.3622853755950928,0.009779322892427444,-0.009278514422476292,-0.025585906580090523,0.03513064980506897,0.08261416852474213,0.0002373401657678187,0.0,0.0,0.0,-1.688336968421936,10.0939359664917,0.11417770385742188,9.79311752319336,1.7113350629806519,-10.0,-9.882590293884277,10.585049629211426,2.0,2.0,21.995803833007812,0.2989746034145355,0.28977540135383606,0.30357420444488525,0.29590821266174316,0.0,0.30469265580177307,0.30469265580177307,0.30469265580177307,0.30469265580177307,0.0,-0.21079179644584656,-0.0009658305789344013,-9.771366119384766,0.0,0.0,0.0,0.0,0.0,0.0,0.0,0.0,0.0,0.0,0.0,0.0,0.0,0.0,0.0,0.30469274520874023,0.30469274520874023,0.304692804813385,0.30469274520874023,0.25465112924575806,0.04114978387951851,0.04114978387951851,0.4652117192745209,0.18703921139240265,-0.2043123096227646,-0.5688413977622986,0.0,0.0,0.0,0.0,0.0,0.0,0.0
59117699504,0,-0.012928753159940243,-0.1449197381734848,-0.11104729026556015,-0.012506294064223766,-0.14510193467140198,-0.8109779953956604,0.02555336058139801,-0.008710208348929882,0.007552919443696737,0.0,0.0,0.0,-0.004418716300278902,-0.010391904972493649,2.3622853755950928,0.0,0.0,2.362104892730713,0.010549169965088367,-0.01157145295292139,-0.017917031422257423,0.033502425998449326,0.08480972051620483,-1.0223255230812356e-05,0.0,0.0,0.0,-1.6879392862319946,10.097156524658203,0.10131454467773438,9.79357624053955,1.7107679843902588,-10.0,-9.882966995239258,10.927346229553223,2.0,2.0,21.664121627807617,0.2989746034145355,0.28977540135383606,0.30357420444488525,0.29590821266174316,0.0,0.30469265580177307,0.30469265580177307,0.30469265580177307,0.30469265580177307,0.0,0.06931990385055542,0.16420377790927887,-9.787521362304688,0.0,0.0,0.0,0.0,0.0,0.0,0.0,0.0,0.0,0.0,0.0,0.0,0.0,0.0,0.0,0.30469274520874023,0.30469274520874023,0.304692804813385,0.30469274520874023,0.25813278555870056,0.04114978387951851,0.04114978387951851,0.4621827304363251,0.06434210389852524,-0.1327042132616043,0.16679835319519043,0.0,0.0,0.0,0.0,0.0,0.0,0.0
59127540039,0,-0.012506294064223766,-0.14510193467140198,-0.11097800731658936,-0.012506294064223766,-0.14510193467140198,-0.8109779953956604,0.023326728492975235,-0.008459369651973248,0.008001784794032574,0.0,0.0,0.0,-0.004255736246705055,-0.010598614811897278,2.362104892730713,0.0,0.0,2.362104892730713,0.008685736916959286,-0.010350807569921017,0.0012221627403050661,0.033502425998449326,0.08480972051620483,-1.0223255230812356e-05,0.0,0.0,0.0,-1.6847474575042725,10.095661163330078,0.08071708679199219,9.794053077697754,1.7094388008117676,-10.0,-9.883376121520996,11.468771934509277,2.0,2.0,21.118099212646484,0.2989746034145355,0.28977540135383606,0.30357420444488525,0.29590821266174316,0.0,0.30469265580177307,0.30469265580177307,0.30469265580177307,0.30469265580177307,0.0,0.06931990385055542,0.16420377790927887,-9.787521362304688,0.0,0.0,0.0,0.0,0.0,0.0,0.0,0.0,0.0,0.0,0.0,0.0,0.0,0.0,0.0,0.30469274520874023,0.30469274520874023,0.304692804813385,0.30469274520874023,0.2694757878780365,0.04114978387951851,0.04114978387951851,0.4518367648124695,-0.05653779208660126,0.020870666950941086,0.7588644623756409,0.0,0.0,0.0,0.0,0.0,0.0,0.0
59137314929,0,-0.012169335037469864,-0.14527462422847748,-0.110913947224617,-0.012169335037469864,-0.14527462422847748,-0.8109139204025269,0.017058726400136948,-0.006970623042434454,0.0073839048855006695,0.0,0.0,0.0,-0.004115518648177385,-0.010757049545645714,2.3622841835021973,0.0,0.0,2.3622841835021973,0.008685736916959286,-0.010350807569921017,0.0012221627403050661,0.0327150858938694,0.08551912009716034,-0.00013182483962737024,0.0,0.0,0.0,-1.6847474575042725,10.095661163330078,0.08071708679199219,9.794053077697754,1.708852767944336,-10.0,-9.883291244506836,11.468771934509277,2.0,2.0,21.118099212646484,0.2989746034145355,0.28977540135383606,0.30357420444488525,0.29590821266174316,0.0,0.30469265580177307,0.30469265580177307,0.30469265580177307,0.30469265580177307,0.0,0.24652178585529327,0.21910135447978973,-9.859429359436035,0.0,0.0,0.0,0.0,0.0,0.0,0.0,0.0,0.0,0.0,0.0,0.0,0.0,0.0,0.0,0.30469274520874023,0.30469274520874023,0.304692804813385,0.30469274520874023,0.2694757878780365,0.04114978387951851,0.04114978387951851,0.4518367648124695,-0.05653779208660126,0.020870666950941086,0.7588644623756409,0.0,0.0,0.0,0.0,0.0,0.0,0.0
59150520490,0,-0.012067215517163277,-0.14534792304039001,-0.11088809370994568,-0.012067215517163277,-0.14534792304039001,-0.8108880519866943,0.012839298695325851,-0.006083176005631685,0.007329869084060192,0.0,0.0,0.0,-0.00407356396317482,-0.010785830207169056,2.362506151199341,0.0,0.0,2.362506151199341,0.006892298348248005,-0.008033670485019684,0.012440540827810764,0.032380010932683945,0.08574851602315903,-0.00023987129679881036,0.0,0.0,0.0,-1.682068943977356,10.092622756958008,0.0703887939453125,9.794302940368652,1.708852767944336,-10.0,-9.883291244506836,11.738274574279785,2.0,2.0,20.838850021362305,0.2989746034145355,0.28977540135383606,0.30357420444488525,0.29590821266174316,0.0,0.30469265580177307,0.30469265580177307,0.30469265580177307,0.30469265580177307,0.0,0.30983954668045044,0.25347092747688293,-9.824654579162598,0.0,0.0,0.0,0.0,0.0,0.0,0.0,0.0,0.0,0.0,0.0,0.0,0.0,0.0,0.0,0.30469274520874023,0.30469274520874023,0.304692804813385,0.30469274520874023,0.2694757878780365,0.04114978387951851,0.04114978387951851,0.4518367648124695,-0.1097818911075592,0.11595780402421951,0.9025877118110657,0.0,0.0,0.0,0.0,0.0,0.0,0.0
59157856675,0,-0.012067215517163277,-0.14534792304039001,-0.11088809370994568,-0.012067215517163277,-0.14534792304039001,-0.8108880519866943,0.012839298695325851,-0.006083176005631685,0.007329869084060192,0.0,0.0,0.0,-0.00407356396317482,-0.010785830207169056,2.362506151199341,0.0,0.0,2.362506151199341,0.004435212351381779,-0.0049056666903197765,0.020934375002980232,0.032380010932683945,0.08574851602315903,-0.00023987129679881036,0.0,0.0,0.0,-1.682068943977356,10.092622756958008,0.0703887939453125,9.794302940368652,1.7081481218338013,-10.0,-9.883002281188965,11.903999328613281,2.0,2.0,20.660907745361328,0.2989746034145355,0.28977540135383606,0.30357420444488525,0.29590821266174316,0.0,0.30469265580177307,0.30469265580177307,0.30469265580177307,0.30469265580177307,0.0,0.30983954668045044,0.25347092747688293,-9.824654579162598,0.0,0.0,0.0,0.0,0.0,0.0,0.0,0.0,0.0,0.0,0.0,0.0,0.0,0.0,0.0,0.30469274520874023,0.30469274520874023,0.304692804813385,0.30469274520874023,0.27798616886138916,0.04114978387951851,0.04114978387951851,0.4436775743961334,-0.1697923094034195,0.20151890814304352,0.8510252833366394,0.0,0.0,0.0,0.0,0.0,0.0,0.0
59167947062,0,-0.011983896605670452,-0.14547370374202728,-0.11083943396806717,-0.011983896605670452,-0.14547370374202728,-0.8108394145965576,0.00373490690253675,-0.00394538976252079,0.007531526032835245,0.0,0.0,0.0,-0.004046725574880838,-0.010824871249496937,2.3629961013793945,0.0,0.0,2.3629961013793945,0.0021273212041705847,-0.0021137660369277,0.025384753942489624,0.032380010932683945,0.08574851602315903,-0.00023987129679881036,0.0,0.0,0.0,-1.682068943977356,10.092622756958008,0.0703887939453125,9.794302940368652,1.707410216331482,-10.0,-9.882562637329102,11.963404655456543,2.0,2.0,20.590238571166992,0.2989746034145355,0.28977540135383606,0.30357420444488525,0.29590821266174316,0.0,0.30469265580177307,0.30469265580177307,0.30469265580177307,0.30469265580177307,0.0,0.35218408703804016,0.29664406180381775,-9.772790908813477,0.0,0.0,0.0,0.0,0.0,0.0,0.0,0.0,0.0,0.0,0.0,0.0,0.0,0.0,0.0,0.30469274520874023,0.30469274520874023,0.304692804813385,0.30469274520874023,0.279924601316452,0.04114978387951851,0.04114978387951851,0.44166871905326843,-0.20414118468761444,0.24944154918193817,0.6884018182754517,0.0,0.0,0.0,0.0,0.0,0.0,0.0
59177291984,0,-0.011983896605670452,-0.14547370374202728,-0.11083943396806717,-0.011983896605670452,-0.14547370374202728,-0.8108394145965576,0.00373490690253675,-0.00394538976252079,0.007531526032835245,0.0,0.0,0.0,-0.004046725574880838,-0.010824871249496937,2.3629961013793945,0.0,0.0,2.3629961013793945,-0.0033296500332653522,0.003804034786298871,0.0209604874253273,0.03229251503944397,0.0858134999871254,-9.307463915320113e-05,0.0,0.0,0.0,-1.675095558166504,10.085433006286621,0.061758995056152344,9.794740676879883,1.7059402465820312,-10.0,-9.881659507751465,11.725605964660645,2.0,2.0,20.80517578125,0.2989746034145355,0.28977540135383606,0.30357420444488525,0.29590821266174316,0.0,0.30469265580177307,0.30469265580177307,0.30469265580177307,0.30469265580177307,0.0,0.35218408703804016,0.29664406180381775,-9.772790908813477,0.0,0.0,0.0,0.0,0.0,0.0,0.0,0.0,0.0,0.0,0.0,0.0,0.0,0.0,0.0,0.30469274520874023,0.30469274520874023,0.304692804813385,0.30469274520874023,0.2763798236846924,0.04114978387951851,0.04114978387951851,0.44450995326042175,-0.2378186732530594,0.2619493007659912,-0.02838103659451008,0.0,0.0,0.0,0.0,0.0,0.0,0.0
59187710055,0,-0.012089734897017479,-0.14556017518043518,-0.11077888309955597,-0.012089734897017479,-0.14556017518043518,-0.8107788562774658,-0.005339553114026785,-0.0015545302303507924,0.008287285454571247,0.0,0.0,0.0,-0.004108395427465439,-0.010729482397437096,2.363309621810913,0.0,0.0,2.363309621810913,-0.0033296500332653522,0.003804034786298871,0.0209604874253273,0.033046651631593704,0.0850154235959053,-4.2701507481979206e-05,0.0,0.0,0.0,-1.6669481992721558,10.078592300415039,0.07091712951660156,9.795154571533203,1.7059402465820312,-10.0,-9.881659507751465,11.725605964660645,2.0,2.0,20.80517578125,0.2989746034145355,0.28977540135383606,0.30357420444488525,0.29590821266174316,0.0,0.30469265580177307,0.30469265580177307,0.30469265580177307,0.30469265580177307,0.0,0.3254372477531433,0.22826360166072845,-9.775444030761719,0.0,0.0,0.0,0.0,0.0,0.0,0.0,0.0,0.0,0.0,0.0,0.0,0.0,0.0,0.0,0.30469274520874023,0.30469274520874023,0.304692804813385,0.30469274520874023,0.2763798236846924,0.04114978387951851,0.04114978387951851,0.44450995326042175,-0.2378186732530594,0.2619493007659912,-0.02838103659451008,0.0,0.0,0.0,0.0,0.0,0.0,0.0
59198227098,0,-0.012089734897017479,-0.14556017518043518,-0.11077888309955597,-0.012219431810081005,-0.14557813107967377,-0.8107436299324036,-0.005339553114026785,-0.0015545302303507924,0.008287285454571247,0.0,0.0,0.0,-0.004108395427465439,-0.010729482397437096,2.363309621810913,0.0,0.0,2.3633902072906494,-0.005212097428739071,0.004874358884990215,0.014302904717624187,0.033046651631593704,0.0850154235959053,-4.2701507481979206e-05,0.0,0.0,0.0,-1.66410493850708,10.07780647277832,0.07865047454833984,9.795317649841309,1.7050954103469849,-10.0,-9.8812894821167,11.526495933532715,2.0,2.0,21.00135040283203,0.2989746034145355,0.28977540135383606,0.30357420444488525,0.29590821266174316,0.0,0.30469265580177307,0.30469265580177307,0.30469265580177307,0.30469265580177307,0.0,0.3254372477531433,0.22826360166072845,-9.775444030761719,0.0,0.0,0.0,0.0,0.0,0.0,0.0,0.0,0.0,0.0,0.0,0.0,0.0,0.0,0.0,0.30469274520874023,0.30469274520874023,0.304692804813385,0.30469274520874023,0.2721175253391266,0.04114978387951851,0.04114978387951851,0.4483333230018616,-0.22193597257137299,0.1957622617483139,-0.3402416706085205,0.0,0.0,0.0,0.0,0.0,0.0,0.0
59207520997,0,-0.012219431810081005,-0.14557813107967377,-0.11074366420507431,-0.012219431810081005,-0.14557813107967377,-0.8107436299324036,-0.00923414621502161,-7.907720282673836e-05,0.00851032231003046,0.0,0.0,0.0,-0.004161054268479347,-0.010680918581783772,2.3633902072906494,0.0,0.0,2.3633902072906494,-0.005212097428739071,0.004874358884990215,0.014302904717624187,0.033435922116041183,0.08463864028453827,5.761486681876704e-05,0.0,0.0,0.0,-1.66410493850708,10.07780647277832,0.07865047454833984,9.795317649841309,1.7034478187561035,-10.0,-9.881072998046875,11.526495933532715,2.0,2.0,21.00135040283203,0.2989746034145355,0.28977540135383606,0.30357420444488525,0.29590821266174316,0.0,0.30469265580177307,0.30469265580177307,0.30469265580177307,0.30469265580177307,0.0,0.28248992562294006,0.19514696300029755,-9.784050941467285,0.0,0.0,0.0,0.0,0.0,0.0,0.0,0.0,0.0,0.0,0.0,0.0,0.0,0.0,0.0,0.30469274520874023,0.30469274520874023,0.304692804813385,0.30469274520874023,0.26292136311531067,0.04114978387951851,0.04114978387951851,0.4566604197025299,-0.22193597257137299,0.1957622617483139,-0.3402416706085205,0.0,0.0,0.0,0.0,0.0,0.0,0.0
59217661195,0,-0.012823780998587608,-0.14551347494125366,-0.1106322854757309,-0.012823780998587608,-0.14551347494125366,-0.8106322884559631,-0.017583834007382393,0.0037125481758266687,0.009104980155825615,0.0,0.0,0.0,-0.004393853712826967,-0.010536732152104378,2.363041400909424,0.0,0.0,2.363041400909424,-0.00872258935123682,0.0059714349918067455,-0.004479036200791597,0.034933555871248245,0.08376530557870865,0.0002770697756204754,0.0,0.0,0.0,-1.658349871635437,10.077153205871582,0.09673213958740234,9.795673370361328,1.7034478187561035,-10.0,-9.881072998046875,11.061450958251953,2.0,2.0,21.463411331176758,0.2989746034145355,0.28977540135383606,0.30357420444488525,0.29590821266174316,0.0,0.30469265580177307,0.30469265580177307,0.30469265580177307,0.30469265580177307,0.0,0.10972856730222702,0.036575060337781906,-9.811994552612305,0.0,0.0,0.0,0.0,0.0,0.0,0.0,0.0,0.0,0.0,0.0,0.0,0.0,0.0,0.0,0.30469274520874023,0.30469274520874023,0.304692804813385,0.30469274520874023,0.26292136311531067,0.04114978387951851,0.04114978387951851,0.4566604197025299,-0.19318196177482605,0.09273505210876465,-0.7829776406288147,0.0,0.0,0.0,0.0,0.0,0.0,0.0
59227135924,0,-0.012823780998587608,-0.14551347494125366,-0.1106322854757309,-0.013308443129062653,-0.1454056203365326,-0.8105615973472595,-0.017583834007382393,0.0037125481758266687,0.009104980155825615,0.0,0.0,0.0,-0.004393853712826967,-0.010536732152104378,2.363041400909424,0.0,0.0,2.362595319747925,-0.00946678314357996,0.00745009258389473,-0.017854033038020134,0.034933555871248245,0.08376530557870865,0.0002770697756204754,0.0,0.0,0.0,-1.658349871635437,10.077153205871582,0.09673213958740234,9.795673370361328,1.7034478187561035,-10.0,-9.881072998046875,11.061450958251953,2.0,2.0,21.463411331176758,0.2989746034145355,0.28977540135383606,0.30357420444488525,0.29590821266174316,0.0,0.30469265580177307,0.30469265580177307,0.30469265580177307,0.30469265580177307,0.0,0.10972856730222702,0.036575060337781906,-9.811994552612305,0.0,0.0,0.0,0.0,0.0,0.0,0.0,0.0,0.0,0.0,0.0,0.0,0.0,0.0,0.0,0.30469274520874023,0.30469274520874023,0.304692804813385,0.30469274520874023,0.26292136311531067,0.04114978387951851,0.04114978387951851,0.4566604197025299,-0.0919966921210289,0.09398239850997925,-0.776819109916687,0.0,0.0,0.0,0.0,0.0,0.0,0.0
59237580807,0,-0.013308443129062653,-0.1454056203365326,-0.11056160926818848,-0.013308443129062653,-0.1454056203365326,-0.8105615973472595,-0.018662748858332634,0.005681928712874651,0.009162780828773975,0.0,0.0,0.0,-0.004541526082903147,-0.010394210927188396,2.362595319747925,0.0,0.0,2.362595319747925,-0.00946678314357996,0.00745009258389473,-0.017854033038020134,0.03630126640200615,0.08222256600856781,0.00016886397497728467,0.0,0.0,0.0,-1.655806303024292,10.074661254882812,0.10677719116210938,9.795985221862793,1.7034478187561035,-10.0,-9.881072998046875,10.79865550994873,2.0,2.0,21.71776008605957,0.2989746034145355,0.28977540135383606,0.30357420444488525,0.29590821266174316,0.0,0.30469265580177307,0.30469265580177307,0.30469265580177307,0.30469265580177307,0.0,-0.10577958077192307,-0.0898604691028595,-9.805533409118652,0.0,0.0,0.0,0.0,0.0,0.0,0.0,0.0,0.0,0.0,0.0,0.0,0.0,0.0,0.0,0.30469274520874023,0.30469274520874023,0.304692804813385,0.30469274520874023,0.26292136311531067,0.04114978387951851,0.04114978387951851,0.4566604197025299,-0.0919966921210289,0.09398239850997925,-0.776819109916687,0.0,0.0,0.0,0.0,0.0,0.0,0.0
59247328690,0,-0.013308443129062653,-0.1454056203365326,-0.11056160926818848,-0.013552145101130009,-0.1453358232975006,-0.8105275630950928,-0.018662748858332634,0.005681928712874651,0.009162780828773975,0.0,0.0,0.0,-0.004541526082903147,-0.010394210927188396,2.362595319747925,0.0,0.0,2.362393379211426,-0.009483861736953259,0.006763087119907141,-0.020934786647558212,0.03630126640200615,0.08222256600856781,0.00016886397497728467,0.0,0.0,0.0,-1.6536582708358765,10.075230598449707,0.10610389709472656,9.796157836914062,1.7007828950881958,-10.0,-9.881915092468262,10.820549964904785,2.0,2.0,21.69753646850586,0.2989746034145355,0.28977540135383606,0.30357420444488525,0.29590821266174316,0.0,0.30469265580177307,0.30469265580177307,0.30469265580177307,0.30469265580177307,0.0,-0.10577958077192307,-0.0898604691028595,-9.805533409118652,0.0,0.0,0.0,0.0,0.0,0.0,0.0,0.0,0.0,0.0,0.0,0.0,0.0,0.0,0.0,0.30469274520874023,0.30469274520874023,0.304692804813385,0.30469274520874023,0.25709405541419983,0.04114978387951851,0.04114978387951851,0.46181243658065796,-0.034074511379003525,0.010620130226016045,-0.4440125823020935,0.0,0.0,0.0,0.0,0.0,0.0,0.0
59257361829,0,-0.013552145101130009,-0.1453358232975006,-0.11052754521369934,-0.013552145101130009,-0.1453358232975006,-0.8105275630950928,-0.017594529315829277,0.0063816555775702,0.009150844998657703,0.0,0.0,0.0,-0.004588013980537653,-0.010353372432291508,2.362393379211426,0.0,0.0,2.362393379211426,-0.009483861736953259,0.006763087119907141,-0.020934786647558212,0.03703080117702484,0.08209964632987976,0.00011810885916929692,0.0,0.0,0.0,-1.6536582708358765,10.075230598449707,0.10610389709472656,9.796157836914062,1.6989338397979736,-10.0,-9.882634162902832,10.820549964904785,2.0,2.0,21.69753646850586,0.2989746034145355,0.28977540135383606,0.30357420444488525,0.29590821266174316,0.0,0.30469265580177307,0.30469265580177307,0.30469265580177307,0.30469265580177307,0.0,-0.21036677062511444,-0.15337468683719635,-9.781862258911133,0.0,0.0,0.0,0.0,0.0,0.0,0.0,0.0,0.0,0.0,0.0,0.0,0.0,0.0,0.0,0.30469274520874023,0.30469274520874023,0.304692804813385,0.30469274520874023,0.2634236514568329,0.04114978387951851,0.04114978387951851,0.4560757279396057,-0.034074511379003525,0.010620130226016045,-0.4440125823020935,0.0,0.0,0.0,0.0,0.0,0.0,0.0
59267477469,0,-0.013925082050263882,-0.1451694369316101,-0.11045269668102264,-0.013925082050263882,-0.1451694369316101,-0.8104526996612549,-0.01279942225664854,0.007217535749077797,0.00955372117459774,0.0,0.0,0.0,-0.0046456498093903065,-0.010230259969830513,2.362191915512085,0.0,0.0,2.362191915512085,-0.006314665544778109,0.006466804537922144,-0.013391032814979553,0.03725007548928261,0.0812418982386589,2.9462415113812312e-05,0.0,0.0,0.0,-1.6564077138900757,10.074828147888184,0.09446525573730469,9.796528816223145,1.6989338397979736,-10.0,-9.882634162902832,11.120059967041016,2.0,2.0,21.39722442626953,0.2989746034145355,0.28977540135383606,0.30357420444488525,0.29590821266174316,0.0,0.30469265580177307,0.30469265580177307,0.30469265580177307,0.30469265580177307,0.0,-0.33160316944122314,-0.20693057775497437,-9.786303520202637,0.0,0.0,0.0,0.0,0.0,0.0,0.0,0.0,0.0,0.0,0.0,0.0,0.0,0.0,0.0,0.30469274520874023,0.30469274520874023,0.304692804813385,0.30469274520874023,0.2634236514568329,0.04114978387951851,0.04114978387951851,0.4560757279396057,0.10386546701192856,-0.005326054524630308,0.17051145434379578,0.0,0.0,0.0,0.0,0.0,0.0,0.0
59278341587,0,-0.01406437810510397,-0.1450796127319336,-0.11041318625211716,-0.01406437810510397,-0.1450796127319336,-0.8104131817817688,-0.009589548222720623,0.007327076978981495,0.00969427078962326,0.0,0.0,0.0,-0.004704432561993599,-0.010177872143685818,2.3622190952301025,0.0,0.0,2.3622190952301025,-0.004185792058706284,0.005605602636933327,-0.003622485790401697,0.037328511476516724,0.08072184026241302,-2.866642262233654e-06,0.0,0.0,0.0,-1.6578501462936401,10.075575828552246,0.08358478546142578,9.796784400939941,1.6981756687164307,-10.0,-9.882795333862305,11.403632164001465,2.0,2.0,21.11642074584961,0.2989746034145355,0.28977540135383606,0.30357420444488525,0.29590821266174316,0.0,0.30469265580177307,0.30469265580177307,0.30469265580177307,0.30469265580177307,0.0,-0.33160316944122314,-0.20693057775497437,-9.786303520202637,0.0,0.0,0.0,0.0,0.0,0.0,0.0,0.0,0.0,0.0,0.0,0.0,0.0,0.0,0.0,0.30469274520874023,0.30469274520874023,0.304692804813385,0.30469274520874023,0.2634236514568329,0.04114978387951851,0.04114978387951851,0.4560757279396057,0.14391157031059265,-0.04591987654566765,0.5167463421821594,0.0,0.0,0.0,0.0,0.0,0.0,0.0
59288124527,0,-0.01406437810510397,-0.1450796127319336,-0.11041318625211716,-0.01406437810510397,-0.1450796127319336,-0.8104131817817688,-0.009589548222720623,0.007327076978981495,0.00969427078962326,0.0,0.0,0.0,-0.004704432561993599,-0.010177872143685818,2.3622190952301025,0.0,0.0,2.3622190952301025,0.00012232876906637102,0.0021401343401521444,0.012578681111335754,0.037328511476516724,0.08072184026241302,-2.866642262233654e-06,0.0,0.0,0.0,-1.6578501462936401,10.075575828552246,0.08358478546142578,9.796784400939941,1.6964786052703857,-10.0,-9.882665634155273,11.795074462890625,2.0,2.0,20.740083694458008,0.2989746034145355,0.28977540135383606,0.30357420444488525,0.29590821266174316,0.0,0.30469265580177307,0.30469265580177307,0.30469265580177307,0.30469265580177307,0.0,-0.39559656381607056,-0.18650738894939423,-9.809531211853027,0.0,0.0,0.0,0.0,0.0,0.0,0.0,0.0,0.0,0.0,0.0,0.0,0.0,0.0,0.0,0.30469274520874023,0.30469274520874023,0.304692804813385,0.30469274520874023,0.27623677253723145,0.04114978387951851,0.04114978387951851,0.44467878341674805,0.19610008597373962,-0.13586734235286713,0.7174203991889954,0.0,0.0,0.0,0.0,0.0,0.0,0.0
59297584861,0,-0.01429564319550991,-0.1447673887014389,-0.1102948859333992,-0.01429564319550991,-0.1447673887014389,-0.8102948665618896,0.0010889327386394143,0.005574330221861601,0.009791769087314606,0.0,0.0,0.0,-0.004677054472267628,-0.010171342641115189,2.362672805786133,0.0,0.0,2.362672805786133,0.00012232876906637102,0.0021401343401521444,0.012578681111335754,0.03717850521206856,0.0808633342385292,-0.00019563287787605077,0.0,0.0,0.0,-1.6612709760665894,10.080081939697266,0.06869316101074219,9.797184944152832,1.6964786052703857,-10.0,-9.882665634155273,11.795074462890625,2.0,2.0,20.740083694458008,0.2989746034145355,0.28977540135383606,0.30357420444488525,0.29590821266174316,0.0,0.30469265580177307,0.30469265580177307,0.30469265580177307,0.30469265580177307,0.0,-0.4524719715118408,-0.21592794358730316,-9.804709434509277,0.0,0.0,0.0,0.0,0.0,0.0,0.0,0.0,0.0,0.0,0.0,0.0,0.0,0.0,0.0,0.30469274520874023,0.30469274520874023,0.304692804813385,0.30469274520874023,0.27623677253723145,0.04114978387951851,0.04114978387951851,0.44467878341674805,0.19610008597373962,-0.13586734235286713,0.7174203991889954,0.0,0.0,0.0,0.0,0.0,0.0,0.0
59308632989,0,-0.01429564319550991,-0.1447673887014389,-0.1102948859333992,-0.01429564319550991,-0.1447673887014389,-0.8102948665618896,0.0010889327386394143,0.005574330221861601,0.009791769087314606,0.0,0.0,0.0,-0.004677054472267628,-0.010171342641115189,2.362672805786133,0.0,0.0,2.362672805786133,0.0040164547972381115,-0.0015046087792143226,0.020875487476587296,0.03717850521206856,0.0808633342385292,-0.00019563287787605077,0.0,0.0,0.0,-1.6612709760665894,10.080081939697266,0.06869316101074219,9.797184944152832,1.6950289011001587,-10.0,-9.88204288482666,11.795074462890625,2.0,2.0,20.740083694458008,0.2989746034145355,0.28977540135383606,0.30357420444488525,0.29590821266174316,0.0,0.30469265580177307,0.30469265580177307,0.30469265580177307,0.30469265580177307,0.0,-0.4524719715118408,-0.21592794358730316,-9.804709434509277,0.0,0.0,0.0,0.0,0.0,0.0,0.0,0.0,0.0,0.0,0.0,0.0,0.0,0.0,0.0,0.30469274520874023,0.30469274520874023,0.304692804813385,0.30469274520874023,0.27915796637535095,0.04114978387951851,0.04114978387951851,0.4422718286514282,0.1940188705921173,-0.17039142549037933,0.4666406214237213,0.0,0.0,0.0,0.0,0.0,0.0,0.0
59317529003,0,-0.014274761080741882,-0.14457812905311584,-0.11021947860717773,-0.014274761080741882,-0.14457812905311584,-0.8102194666862488,0.007565879262983799,0.0038610140327364206,0.009496165439486504,0.0,0.0,0.0,-0.004536156076937914,-0.010249647311866283,2.363025188446045,0.0,0.0,2.363025188446045,0.0040164547972381115,-0.0015046087792143226,0.020875487476587296,0.03592520207166672,0.08143337070941925,-6.382923311321065e-05,0.0,0.0,0.0,-1.6648191213607788,10.084693908691406,0.06398963928222656,9.797558784484863,1.6950289011001587,-10.0,-9.88204288482666,11.919967651367188,2.0,2.0,20.63041114807129,0.2989746034145355,0.28977540135383606,0.30357420444488525,0.29590821266174316,0.0,0.30469265580177307,0.30469265580177307,0.30469265580177307,0.30469265580177307,0.0,-0.38308924436569214,-0.1091897264122963,-9.796599388122559,0.0,0.0,0.0,0.0,0.0,0.0,0.0,0.0,0.0,0.0,0.0,0.0,0.0,0.0,0.0,0.30469274520874023,0.30469274520874023,0.304692804813385,0.30469274520874023,0.27915796637535095,0.04114978387951851,0.04114978387951851,0.4422718286514282,0.1940188705921173,-0.17039142549037933,0.4666406214237213,0.0,0.0,0.0,0.0,0.0,0.0,0.0
59327387728,0,-0.014214297756552696,-0.1444907933473587,-0.11018277704715729,-0.014214297756552696,-0.1444907933473587,-0.8101827502250671,0.009696860797703266,0.003267162712290883,0.009480069391429424,0.0,0.0,0.0,-0.004488226491957903,-0.010243949480354786,2.363177537918091,0.0,0.0,2.3631772994995117,0.005428588017821312,-0.0025319445412606,0.01992938481271267,0.03592520207166672,0.08143337070941925,-6.382923311321065e-05,0.0,0.0,0.0,-1.6655882596969604,10.085639953613281,0.06702709197998047,9.797743797302246,1.6943937540054321,-10.0,-9.881695747375488,11.84082317352295,2.0,2.0,20.712589263916016,0.2989746034145355,0.28977540135383606,0.30357420444488525,0.29590821266174316,0.0,0.30469265580177307,0.30469265580177307,0.30469265580177307,0.30469265580177307,0.0,-0.38308924436569214,-0.1091897264122963,-9.796599388122559,0.0,0.0,0.0,0.0,0.0,0.0,0.0,0.0,0.0,0.0,0.0,0.0,0.0,0.0,0.0,0.30469274520874023,0.30469274520874023,0.304692804813385,0.30469274520874023,0.27915796637535095,0.04114978387951851,0.04114978387951851,0.4422718286514282,0.16141943633556366,-0.1361265480518341,0.18709853291511536,0.0,0.0,0.0,0.0,0.0,0.0,0.0
59337493721,0,-0.014214297756552696,-0.1444907933473587,-0.11018277704715729,-0.014214297756552696,-0.1444907933473587,-0.8101827502250671,0.009696860797703266,0.003267162712290883,0.009480069391429424,0.0,0.0,0.0,-0.004488226491957903,-0.010243949480354786,2.363177537918091,0.0,0.0,2.3631772994995117,0.007598374970257282,-0.0052168541587889194,0.008233304135501385,0.035639915615320206,0.08174686133861542,7.584676495753229e-06,0.0,0.0,0.0,-1.6655882596969604,10.085639953613281,0.06702709197998047,9.797743797302246,1.6929798126220703,-10.0,-9.881082534790039,11.481344223022461,2.0,2.0,21.083974838256836,0.2989746034145355,0.28977540135383606,0.30357420444488525,0.29590821266174316,0.0,0.30469265580177307,0.30469265580177307,0.30469265580177307,0.30469265580177307,0.0,-0.3152095377445221,-0.03581010922789574,-9.792244911193848,0.0,0.0,0.0,0.0,0.0,0.0,0.0,0.0,0.0,0.0,0.0,0.0,0.0,0.0,0.0,0.30469274520874023,0.30469274520874023,0.304692804813385,0.30469274520874023,0.2712380588054657,0.04114978387951851,0.04114978387951851,0.44980588555336,0.11237772554159164,-0.14249195158481598,-0.4022766053676605,0.0,0.0,0.0,0.0,0.0,0.0,0.0
59347628341,0,-0.014050849713385105,-0.1443300098180771,-0.11010856181383133,-0.014050849713385105,-0.1443300098180771,-0.8101085424423218,0.012094738893210888,0.002782495692372322,0.009574158117175102,0.0,0.0,0.0,-0.004318390041589737,-0.010368073359131813,2.3632009029388428,0.0,0.0,2.3632009029388428,0.007598374970257282,-0.0052168541587889194,0.008233304135501385,0.03438585624098778,0.08275990188121796,6.754220521543175e-05,0.0,0.0,0.0,-1.6672179698944092,10.089401245117188,0.080902099609375,9.798056602478027,1.6929798126220703,-10.0,-9.881082534790039,11.481344223022461,2.0,2.0,21.083974838256836,0.2989746034145355,0.28977540135383606,0.30357420444488525,0.29590821266174316,0.0,0.30469265580177307,0.30469265580177307,0.30469265580177307,0.30469265580177307,0.0,-0.13732871413230896,0.043054938316345215,-9.789863586425781,0.0,0.0,0.0,0.0,0.0,0.0,0.0,0.0,0.0,0.0,0.0,0.0,0.0,0.0,0.0,0.30469274520874023,0.30469274520874023,0.304692804813385,0.30469274520874023,0.2712380588054657,0.04114978387951851,0.04114978387951851,0.44980588555336,0.11237772554159164,-0.14249195158481598,-0.4022766053676605,0.0,0.0,0.0,0.0,0.0,0.0,0.0
59357283188,0,-0.014050849713385105,-0.1443300098180771,-0.11010856181383133,-0.014050849713385105,-0.1443300098180771,-0.8101085424423218,0.012094738893210888,0.002782495692372322,0.009574158117175102,0.0,0.0,0.0,-0.004318390041589737,-0.010368073359131813,2.3632009029388428,0.0,0.0,2.3632009029388428,0.007598374970257282,-0.0052168541587889194,0.008233304135501385,0.03438585624098778,0.08275990188121796,6.754220521543175e-05,0.0,0.0,0.0,-1.6672179698944092,10.089401245117188,0.080902099609375,9.798056602478027,1.6917128562927246,-10.0,-9.881063461303711,11.481344223022461,2.0,2.0,21.083974838256836,0.2989746034145355,0.28977540135383606,0.30357420444488525,0.29590821266174316,0.0,0.30469265580177307,0.30469265580177307,0.30469265580177307,0.30469265580177307,0.0,-0.13732871413230896,0.043054938316345215,-9.789863586425781,0.0,0.0,0.0,0.0,0.0,0.0,0.0,0.0,0.0,0.0,0.0,0.0,0.0,0.0,0.0,0.30469274520874023,0.30469274520874023,0.304692804813385,0.30469274520874023,0.26340341567993164,0.04114978387951851,0.04114978387951851,0.4570838510990143,0.11237772554159164,-0.14249195158481598,-0.4022766053676605,0.0,0.0,0.0,0.0,0.0,0.0,0.0
59367326084,0,-0.013799130916595459,-0.1441197395324707,-0.10999418050050735,-0.013799130916595459,-0.1441197395324707,-0.8099941611289978,0.00859084166586399,0.0027426911983639,0.009996048174798489,0.0,0.0,0.0,-0.004180427175015211,-0.01057446375489235,2.362778902053833,0.0,0.0,2.362778902053833,0.006230170838534832,-0.006876351311802864,-0.014791333116590977,0.033236127346754074,0.08406565338373184,0.00022210419410839677,0.0,0.0,0.0,-1.6657843589782715,10.09184455871582,0.09585189819335938,9.798336029052734,1.6910275220870972,-10.0,-9.881281852722168,11.096430778503418,2.0,2.0,21.476282119750977,0.2989746034145355,0.28977540135383606,0.30357420444488525,0.29590821266174316,0.0,0.30469265580177307,0.30469265580177307,0.30469265580177307,0.30469265580177307,0.0,0.057930395007133484,0.16496185958385468,-9.803009986877441,0.0,0.0,0.0,0.0,0.0,0.0,0.0,0.0,0.0,0.0,0.0,0.0,0.0,0.0,0.0,0.30469274520874023,0.30469274520874023,0.304692804813385,0.30469274520874023,0.2607843279838562,0.04114978387951851,0.04114978387951851,0.45945480465888977,-0.04548416659235954,-0.04622883349657059,-0.663330614566803,0.0,0.0,0.0,0.0,0.0,0.0,0.0
59378294875,0,-0.013799130916595459,-0.1441197395324707,-0.10999418050050735,-0.013799130916595459,-0.1441197395324707,-0.8099941611289978,0.00859084166586399,0.0027426911983639,0.009996048174798489,0.0,0.0,0.0,-0.004180427175015211,-0.01057446375489235,2.362778902053833,0.0,0.0,2.362778902053833,0.006230170838534832,-0.006876351311802864,-0.014791333116590977,0.033236127346754074,0.08406565338373184,0.00022210419410839677,0.0,0.0,0.0,-1.6637564897537231,10.091713905334473,0.10073280334472656,9.798506736755371,1.6910275220870972,-10.0,-9.881281852722168,10.971715927124023,2.0,2.0,21.60030174255371,0.2989746034145355,0.28977540135383606,0.30357420444488525,0.29590821266174316,0.0,0.30469265580177307,0.30469265580177307,0.30469265580177307,0.30469265580177307,0.0,0.057930395007133484,0.16496185958385468,-9.803009986877441,0.0,0.0,0.0,0.0,0.0,0.0,0.0,0.0,0.0,0.0,0.0,0.0,0.0,0.0,0.0,0.30469274520874023,0.30469274520874023,0.304692804813385,0.30469274520874023,0.2607843279838562,0.04114978387951851,0.04114978387951851,0.45945480465888977,-0.04548416659235954,-0.04622883349657059,-0.663330614566803,0.0,0.0,0.0,0.0,0.0,0.0,0.0
59397143082,0,-0.013751324266195297,-0.14405468106269836,-0.10995543748140335,-0.013751324266195297,-0.14405468106269836,-0.8099554181098938,0.006037126295268536,0.003125176066532731,0.01006289292126894,0.0,0.0,0.0,-0.004144052509218454,-0.01061344612389803,2.362591028213501,0.0,0.0,2.36259126663208,0.006230170838534832,-0.006876351311802864,-0.014791333116590977,0.03294737637042999,0.08437540382146835,0.0002515586675144732,0.0,0.0,0.0,-1.6637564897537231,10.091713905334473,0.10073280334472656,9.798506736755371,1.6897200345993042,-10.0,-9.88191032409668,10.971715927124023,2.0,2.0,21.60030174255371,0.2989746034145355,0.28977540135383606,0.30357420444488525,0.29590821266174316,0.0,0.30469265580177307,0.30469265580177307,0.30469265580177307,0.30469265580177307,0.0,0.11832521855831146,0.1986321210861206,-9.799995422363281,0.0,0.0,0.0,0.0,0.0,0.0,0.0,0.0,0.0,0.0,0.0,0.0,0.0,0.0,0.0,0.30469274520874023,0.30469274520874023,0.304692804813385,0.30469274520874023,0.2607843279838562,0.04114978387951851,0.04114978387951851,0.45945480465888977,-0.04548416659235954,-0.04622883349657059,-0.663330614566803,0.0,0.0,0.0,0.0,0.0,0.0,0.0
59397206183,0,-0.0137498052790761,-0.1438816785812378,-0.10987773537635803,-0.0137498052790761,-0.1438816785812378,-0.8098777532577515,-0.0006254633190110326,0.005018966272473335,0.009944315068423748,0.0,0.0,0.0,-0.004075021483004093,-0.010673166252672672,2.362316846847534,0.0,0.0,2.362316846847534,0.004119754768908024,-0.004494032356888056,-0.01791682094335556,0.03239767253398895,0.08485054224729538,0.000185604760190472,0.0,0.0,0.0,-1.6604512929916382,10.088553428649902,0.09938430786132812,9.798832893371582,1.6897200345993042,-10.0,-9.88191032409668,11.00709342956543,2.0,2.0,21.55452537536621,0.2989746034145355,0.28977540135383606,0.30357420444488525,0.29590821266174316,0.0,0.30469265580177307,0.30469265580177307,0.30469265580177307,0.30469265580177307,0.0,0.2655683159828186,0.242894247174263,-9.810519218444824,0.0,0.0,0.0,0.0,0.0,0.0,0.0,0.0,0.0,0.0,0.0,0.0,0.0,0.0,0.0,0.30469274520874023,0.30469274520874023,0.304692804813385,0.30469274520874023,0.26091206073760986,0.04114978387951851,0.04114978387951851,0.45917177200317383,-0.08883550018072128,0.0791199803352356,-0.2679483890533447,0.0,0.0,0.0,0.0,0.0,0.0,0.0
59407312768,0,-0.013802070170640945,-0.14377053081989288,-0.10983943194150925,-0.013802070170640945,-0.14377053081989288,-0.8098394274711609,-0.004231677856296301,0.006338431034237146,0.010029375553131104,0.0,0.0,0.0,-0.00403371499851346,-0.010644656606018543,2.3622922897338867,0.0,0.0,2.3622922897338867,0.004119754768908024,-0.004494032356888056,-0.01791682094335556,0.03239767253398895,0.08485054224729538,0.000185604760190472,0.0,0.0,0.0,-1.6604512929916382,10.088553428649902,0.09938430786132812,9.798832893371582,1.6897200345993042,-10.0,-9.88191032409668,11.00709342956543,2.0,2.0,21.55452537536621,0.2989746034145355,0.28977540135383606,0.30357420444488525,0.29590821266174316,0.0,0.30469265580177307,0.30469265580177307,0.30469265580177307,0.30469265580177307,0.0,0.2817249596118927,0.24620136618614197,-9.797730445861816,0.0,0.0,0.0,0.0,0.0,0.0,0.0,0.0,0.0,0.0,0.0,0.0,0.0,0.0,0.0,0.30469274520874023,0.30469274520874023,0.304692804813385,0.30469274520874023,0.26091206073760986,0.04114978387951851,0.04114978387951851,0.45917177200317383,-0.08883550018072128,0.0791199803352356,-0.2679483890533447,0.0,0.0,0.0,0.0,0.0,0.0,0.0
59417700378,0,-0.013802070170640945,-0.14377053081989288,-0.10983943194150925,-0.013802070170640945,-0.14377053081989288,-0.8098394274711609,-0.004231677856296301,0.006338431034237146,0.010029375553131104,0.0,0.0,0.0,-0.00403371499851346,-0.010644656606018543,2.3622922897338867,0.0,0.0,2.3622922897338867,0.0011125202290713787,7.410180114675313e-05,-0.00822875089943409,0.03239767253398895,0.08485054224729538,0.000185604760190472,0.0,0.0,0.0,-1.6554467678070068,10.082619667053223,0.08640766143798828,9.799196243286133,1.687604308128357,-10.0,-9.882575035095215,11.344869613647461,2.0,2.0,21.19756507873535,0.2989746034145355,0.28977540135383606,0.30357420444488525,0.29590821266174316,0.0,0.30469265580177307,0.30469265580177307,0.30469265580177307,0.30469265580177307,0.0,0.2817249596118927,0.24620136618614197,-9.797730445861816,0.0,0.0,0.0,0.0,0.0,0.0,0.0,0.0,0.0,0.0,0.0,0.0,0.0,0.0,0.0,0.30469274520874023,0.30469274520874023,0.304692804813385,0.30469274520874023,0.2710550129413605,0.04114978387951851,0.04114978387951851,0.4495117962360382,-0.1367354840040207,0.17649447917938232,0.30504611134529114,0.0,0.0,0.0,0.0,0.0,0.0,0.0
59427469374,0,-0.014017957262694836,-0.14349250495433807,-0.1097620502114296,-0.014017957262694836,-0.14349250495433807,-0.8097620606422424,-0.01159809622913599,0.009555359371006489,0.010168729349970818,0.0,0.0,0.0,-0.00408356636762619,-0.010591334663331509,2.3624022006988525,0.0,0.0,2.3624024391174316,-0.0007258179830387235,0.0013165716081857681,-4.2073894292116165e-05,0.03266650438308716,0.08433619141578674,-3.4714095818344504e-05,0.0,0.0,0.0,-1.65241539478302,10.081574440002441,0.0778493881225586,9.79937744140625,1.687604308128357,-10.0,-9.882575035095215,11.571824073791504,2.0,2.0,20.967199325561523,0.2989746034145355,0.28977540135383606,0.30357420444488525,0.29590821266174316,0.0,0.30469265580177307,0.30469265580177307,0.30469265580177307,0.30469265580177307,0.0,0.28311365842819214,0.20272119343280792,-9.794955253601074,0.0,0.0,0.0,0.0,0.0,0.0,0.0,0.0,0.0,0.0,0.0,0.0,0.0,0.0,0.0,0.30469274520874023,0.30469274520874023,0.304692804813385,0.30469274520874023,0.2710550129413605,0.04114978387951851,0.04114978387951851,0.4495117962360382,-0.15745404362678528,0.14456002414226532,0.5359328985214233,0.0,0.0,0.0,0.0,0.0,0.0,0.0
59438270751,0,-0.014017957262694836,-0.14349250495433807,-0.1097620502114296,-0.014367548748850822,-0.14315079152584076,-0.8096848726272583,-0.01159809622913599,0.009555359371006489,0.010168729349970818,0.0,0.0,0.0,-0.00408356636762619,-0.010591334663331509,2.3624022006988525,0.0,0.0,2.3627102375030518,-0.0007258179830387235,0.0013165716081857681,-4.2073894292116165e-05,0.03266650438308716,0.08433619141578674,-3.4714095818344504e-05,0.0,0.0,0.0,-1.65241539478302,10.081574440002441,0.0778493881225586,9.79937744140625,1.6860153675079346,-10.0,-9.882330894470215,11.571824073791504,2.0,2.0,20.967199325561523,0.2989746034145355,0.28977540135383606,0.30357420444488525,0.29590821266174316,0.0,0.30469265580177307,0.30469265580177307,0.30469265580177307,0.30469265580177307,0.0,0.28311365842819214,0.20272119343280792,-9.794955253601074,0.0,0.0,0.0,0.0,0.0,0.0,0.0,0.0,0.0,0.0,0.0,0.0,0.0,0.0,0.0,0.30469274520874023,0.30469274520874023,0.304692804813385,0.30469274520874023,0.27859950065612793,0.04114978387951851,0.04114978387951851,0.4425053298473358,-0.15745404362678528,0.14456002414226532,0.5359328985214233,0.0,0.0,0.0,0.0,0.0,0.0,0.0
59447315265,0,-0.014367548748850822,-0.14315079152584076,-0.10968488454818726,-0.014367548748850822,-0.14315079152584076,-0.8096848726272583,-0.018215946853160858,0.012400836683809757,0.010432872921228409,0.0,0.0,0.0,-0.004164644982665777,-0.010572870261967182,2.3627102375030518,0.0,0.0,2.3627102375030518,-0.002437192713841796,0.002756659174337983,0.013639881275594234,0.03297115117311478,0.08387695252895355,-9.424403833691031e-05,0.0,0.0,0.0,-1.6495246887207031,10.080057144165039,0.06563282012939453,9.799687385559082,1.6860153675079346,-10.0,-9.882330894470215,11.893499374389648,2.0,2.0,20.64069175720215,0.2989746034145355,0.28977540135383606,0.30357420444488525,0.29590821266174316,0.0,0.30469265580177307,0.30469265580177307,0.30469265580177307,0.30469265580177307,0.0,0.20198605954647064,0.14745567739009857,-9.78040599822998,0.0,0.0,0.0,0.0,0.0,0.0,0.0,0.0,0.0,0.0,0.0,0.0,0.0,0.0,0.0,0.30469274520874023,0.30469274520874023,0.304692804813385,0.30469274520874023,0.27859950065612793,0.04114978387951851,0.04114978387951851,0.4425053298473358,-0.10823958367109299,0.1063414216041565,0.6710119247436523,0.0,0.0,0.0,0.0,0.0,0.0,0.0
59461246168,0,-0.014805451966822147,-0.14277192950248718,-0.10960138589143753,-0.014805451966822147,-0.14277192950248718,-0.809601366519928,-0.022498175501823425,0.014792036265134811,0.010619862005114555,0.0,0.0,0.0,-0.004232121165841818,-0.010449070483446121,2.363095998764038,0.0,0.0,2.363095998764038,-0.002437192713841796,0.002756659174337983,0.013639881275594234,0.03297115117311478,0.08387695252895355,-9.424403833691031e-05,0.0,0.0,0.0,-1.6495246887207031,10.080057144165039,0.06563282012939453,9.799687385559082,1.685324788093567,-10.0,-9.882061004638672,11.893499374389648,2.0,2.0,20.64069175720215,0.2989746034145355,0.28977540135383606,0.30357420444488525,0.29590821266174316,0.0,0.30469265580177307,0.30469265580177307,0.30469265580177307,0.30469265580177307,0.0,0.20198605954647064,0.14745567739009857,-9.78040599822998,0.0,0.0,0.0,0.0,0.0,0.0,0.0,0.0,0.0,0.0,0.0,0.0,0.0,0.0,0.0,0.30469274520874023,0.30469274520874023,0.304692804813385,0.30469274520874023,0.2800581157207489,0.04114978387951851,0.04114978387951851,0.4410296082496643,-0.10823958367109299,0.1063414216041565,0.6710119247436523,0.0,0.0,0.0,0.0,0.0,0.0,0.0
59467630130,0,-0.014805451966822147,-0.14277192950248718,-0.10960138589143753,-0.014805451966822147,-0.14277192950248718,-0.809601366519928,-0.022498175501823425,0.014792036265134811,0.010619862005114555,0.0,0.0,0.0,-0.004232121165841818,-0.010449070483446121,2.363095998764038,0.0,0.0,2.363095998764038,-0.004382968880236149,0.005310740787535906,0.020149853080511093,0.033641517162323,0.08307100832462311,-0.00017905431741382927,0.0,0.0,0.0,-1.6477218866348267,10.0775728225708,0.062386512756347656,9.799861907958984,1.683655858039856,-10.0,-9.88129997253418,11.977255821228027,2.0,2.0,20.54887580871582,0.2989746034145355,0.28977540135383606,0.30357420444488525,0.29590821266174316,0.0,0.30469265580177307,0.30469265580177307,0.30469265580177307,0.30469265580177307,0.0,0.14581988751888275,0.09286480396986008,-9.799410820007324,0.0,0.0,0.0,0.0,0.0,0.0,0.0,0.0,0.0,0.0,0.0,0.0,0.0,0.0,0.0,0.30469274520874023,0.30469274520874023,0.304692804813385,0.30469274520874023,0.2802278399467468,0.04114978387951851,0.04114978387951851,0.4407987892627716,-0.10144860297441483,0.1067991703748703,0.35349684953689575,0.0,0.0,0.0,0.0,0.0,0.0,0.0
59477723765,0,-0.015293940901756287,-0.14237093925476074,-0.10951642692089081,-0.015293940901756287,-0.14237093925476074,-0.809516429901123,-0.02377532608807087,0.016825471073389053,0.010774160735309124,0.0,0.0,0.0,-0.004341163206845522,-0.0103869354352355,2.3633127212524414,0.0,0.0,2.3633127212524414,-0.005290397442877293,0.005384250544011593,0.01785978674888611,0.03450966998934746,0.08257655799388885,-8.711202099220827e-05,0.0,0.0,0.0,-1.64280366897583,10.076624870300293,0.06692695617675781,9.80016040802002,1.683655858039856,-10.0,-9.88129997253418,11.864663124084473,2.0,2.0,20.657917022705078,0.2989746034145355,0.28977540135383606,0.30357420444488525,0.29590821266174316,0.0,0.30469265580177307,0.30469265580177307,0.30469265580177307,0.30469265580177307,0.0,-0.01997729390859604,0.0036562299355864525,-9.781800270080566,0.0,0.0,0.0,0.0,0.0,0.0,0.0,0.0,0.0,0.0,0.0,0.0,0.0,0.0,0.0,0.30469274520874023,0.30469274520874023,0.304692804813385,0.30469274520874023,0.2784115672111511,0.04114978387951851,0.04114978387951851,0.4424697756767273,-0.09345969557762146,0.056738607585430145,0.07049565762281418,0.0,0.0,0.0,0.0,0.0,0.0,0.0
59487698669,0,-0.015293940901756287,-0.14237093925476074,-0.10951642692089081,-0.015293940901756287,-0.14237093925476074,-0.809516429901123,-0.02377532608807087,0.016825471073389053,0.010774160735309124,0.0,0.0,0.0,-0.004341163206845522,-0.0103869354352355,2.3633127212524414,0.0,0.0,2.3633127212524414,-0.006274726707488298,0.006103752180933952,0.005909886211156845,0.03450966998934746,0.08257655799388885,-8.711202099220827e-05,0.0,0.0,0.0,-1.64280366897583,10.076624870300293,0.06692695617675781,9.80016040802002,1.6820621490478516,-10.0,-9.880828857421875,11.512295722961426,2.0,2.0,21.005046844482422,0.2989746034145355,0.28977540135383606,0.30357420444488525,0.29590821266174316,0.0,0.30469265580177307,0.30469265580177307,0.30469265580177307,0.30469265580177307,0.0,-0.01997729390859604,0.0036562299355864525,-9.781800270080566,0.0,0.0,0.0,0.0,0.0,0.0,0.0,0.0,0.0,0.0,0.0,0.0,0.0,0.0,0.0,0.30469274520874023,0.30469274520874023,0.304692804813385,0.30469274520874023,0.27174898982048035,0.04114978387951851,0.04114978387951851,0.44848790764808655,-0.057233404368162155,0.03308757394552231,-0.44140511751174927,0.0,0.0,0.0,0.0,0.0,0.0,0.0
59497717742,0,-0.015783337876200676,-0.14194199442863464,-0.10943100601434708,-0.015783337876200676,-0.14194199442863464,-0.8094310164451599,-0.02213418111205101,0.018300974741578102,0.010829436592757702,0.0,0.0,0.0,-0.0044471221044659615,-0.010264715179800987,2.3632397651672363,0.0,0.0,2.3632397651672363,-0.005913989618420601,0.0058884876780211926,-0.0019747046753764153,0.035695333033800125,0.0814223438501358,8.697585144545883e-05,0.0,0.0,0.0,-1.639736294746399,10.075169563293457,0.0804910659790039,9.80038070678711,1.6820621490478516,-10.0,-9.880828857421875,11.324109077453613,2.0,2.0,21.193096160888672,0.2989746034145355,0.28977540135383606,0.30357420444488525,0.29590821266174316,0.0,0.30469265580177307,0.30469265580177307,0.30469265580177307,0.30469265580177307,0.0,-0.17848879098892212,-0.11042015999555588,-9.81893539428711,0.0,0.0,0.0,0.0,0.0,0.0,0.0,0.0,0.0,0.0,0.0,0.0,0.0,0.0,0.0,0.30469274520874023,0.30469274520874023,0.304692804813385,0.30469274520874023,0.27174898982048035,0.04114978387951851,0.04114978387951851,0.44848790764808655,-0.0077217575162649155,0.006763541139662266,-0.5896770358085632,0.0,0.0,0.0,0.0,0.0,0.0,0.0
59507899233,0,-0.01601218245923519,-0.14172279834747314,-0.10938959568738937,-0.01601218245923519,-0.14172279834747314,-0.809389591217041,-0.020565032958984375,0.018280306831002235,0.010794203728437424,0.0,0.0,0.0,-0.004509267397224903,-0.010215284302830696,2.363126277923584,0.0,0.0,2.363126277923584,-0.005913989618420601,0.0058884876780211926,-0.0019747046753764153,0.03579488396644592,0.08114588260650635,7.763297617202625e-05,0.0,0.0,0.0,-1.6392816305160522,10.075189590454102,0.08771324157714844,9.800508499145508,1.6820621490478516,-10.0,-9.880828857421875,11.324109077453613,2.0,2.0,21.193096160888672,0.2989746034145355,0.28977540135383606,0.30357420444488525,0.29590821266174316,0.0,0.30469265580177307,0.30469265580177307,0.30469265580177307,0.30469265580177307,0.0,-0.23722895979881287,-0.12190958112478256,-9.81556510925293,0.0,0.0,0.0,0.0,0.0,0.0,0.0,0.0,0.0,0.0,0.0,0.0,0.0,0.0,0.0,0.30469274520874023,0.30469274520874023,0.304692804813385,0.30469274520874023,0.27174898982048035,0.04114978387951851,0.04114978387951851,0.44848790764808655,-0.0077217575162649155,0.006763541139662266,-0.5896770358085632,0.0,0.0,0.0,0.0,0.0,0.0,0.0
59522178627,0,-0.01601218245923519,-0.14172279834747314,-0.10938959568738937,-0.01601218245923519,-0.14172279834747314,-0.809389591217041,-0.020565032958984375,0.018280306831002235,0.010794203728437424,0.0,0.0,0.0,-0.004509267397224903,-0.010215284302830696,2.363126277923584,0.0,0.0,2.363126277923584,-0.002785300835967064,0.005645890720188618,-0.01332219410687685,0.03579488396644592,0.08114588260650635,7.763297617202625e-05,0.0,0.0,0.0,-1.6392816305160522,10.075189590454102,0.08771324157714844,9.800508499145508,1.6796125173568726,-10.0,-9.88106632232666,11.16915512084961,2.0,2.0,21.34422492980957,0.2989746034145355,0.28977540135383606,0.30357420444488525,0.29590821266174316,0.0,0.30469265580177307,0.30469265580177307,0.30469265580177307,0.30469265580177307,0.0,-0.23722895979881287,-0.12190958112478256,-9.81556510925293,0.0,0.0,0.0,0.0,0.0,0.0,0.0,0.0,0.0,0.0,0.0,0.0,0.0,0.0,0.0,0.30469274520874023,0.30469274520874023,0.304692804813385,0.30469274520874023,0.26316526532173157,0.04114978387951851,0.04114978387951851,0.456277459859848,0.1145886704325676,-0.020339880138635635,-0.5565173029899597,0.0,0.0,0.0,0.0,0.0,0.0,0.0
59527812095,0,-0.016365481540560722,-0.14128759503364563,-0.10930831730365753,-0.016365481540560722,-0.14128759503364563,-0.8093082904815674,-0.015970390290021896,0.0178877841681242,0.0110245943069458,0.0,0.0,0.0,-0.004521901719272137,-0.010093151591718197,2.3628413677215576,0.0,0.0,2.3628416061401367,-0.002785300835967064,0.005645890720188618,-0.01332219410687685,0.03579488396644592,0.08114588260650635,7.763297617202625e-05,0.0,0.0,0.0,-1.6420252323150635,10.074949264526367,0.09601879119873047,9.800728797912598,1.6796125173568726,-10.0,-9.88106632232666,11.102151870727539,2.0,2.0,21.4143123626709,0.2989746034145355,0.28977540135383606,0.30357420444488525,0.29590821266174316,0.0,0.30469265580177307,0.30469265580177307,0.30469265580177307,0.30469265580177307,0.0,-0.32662394642829895,-0.14976942539215088,-9.817779541015625,0.0,0.0,0.0,0.0,0.0,0.0,0.0,0.0,0.0,0.0,0.0,0.0,0.0,0.0,0.0,0.30469274520874023,0.30469274520874023,0.304692804813385,0.30469274520874023,0.26316526532173157,0.04114978387951851,0.04114978387951851,0.456277459859848,0.1145886704325676,-0.020339880138635635,-0.5565173029899597,0.0,0.0,0.0,0.0,0.0,0.0,0.0
59537341948,0,-0.016644367948174477,-0.14085863530635834,-0.10922598838806152,-0.016644367948174477,-0.14085863530635834,-0.8092259764671326,-0.010190394707024097,0.01727321930229664,0.010558935813605785,0.0,0.0,0.0,-0.004505736753344536,-0.010042628273367882,2.362607955932617,0.0,0.0,2.362607955932617,-0.002785300835967064,0.005645890720188618,-0.01332219410687685,0.03582985699176788,0.080391526222229,0.00011485601862659678,0.0,0.0,0.0,-1.6420252323150635,10.074949264526367,0.09601879119873047,9.800728797912598,1.6796125173568726,-10.0,-9.88106632232666,11.101247787475586,2.0,2.0,21.41927146911621,0.2989746034145355,0.28977540135383606,0.30357420444488525,0.29590821266174316,0.0,0.30469265580177307,0.30469265580177307,0.30469265580177307,0.30469265580177307,0.0,-0.32662394642829895,-0.14976942539215088,-9.817779541015625,0.0,0.0,0.0,0.0,0.0,0.0,0.0,0.0,0.0,0.0,0.0,0.0,0.0,0.0,0.0,0.30469274520874023,0.30469274520874023,0.304692804813385,0.30469274520874023,0.26316526532173157,0.04114978387951851,0.04114978387951851,0.456277459859848,0.1145886704325676,-0.020339880138635635,-0.5565173029899597,0.0,0.0,0.0,0.0,0.0,0.0,0.0
59547390824,0,-0.016644367948174477,-0.14085863530635834,-0.10922598838806152,-0.016644367948174477,-0.14085863530635834,-0.8092259764671326,-0.010190394707024097,0.01727321930229664,0.010558935813605785,0.0,0.0,0.0,-0.004505736753344536,-0.010042628273367882,2.362607955932617,0.0,0.0,2.362607955932617,-0.002785300835967064,0.005645890720188618,-0.01332219410687685,0.035821281373500824,0.07983795553445816,0.00015089893713593483,0.0,0.0,0.0,-1.6427470445632935,10.076192855834961,0.09608650207519531,9.800856590270996,1.6781108379364014,-10.0,-9.88161563873291,11.101247787475586,2.0,2.0,21.41927146911621,0.2989746034145355,0.28977540135383606,0.30357420444488525,0.29590821266174316,0.0,0.30469265580177307,0.30469265580177307,0.30469265580177307,0.30469265580177307,0.0,-0.32662394642829895,-0.14976942539215088,-9.817779541015625,0.0,0.0,0.0,0.0,0.0,0.0,0.0,0.0,0.0,0.0,0.0,0.0,0.0,0.0,0.0,0.30469274520874023,0.30469274520874023,0.304692804813385,0.30469274520874023,0.26410341262817383,0.04114978387951851,0.04114978387951851,0.45563456416130066,0.1145886704325676,-0.020339880138635635,-0.5565173029899597,0.0,0.0,0.0,0.0,0.0,0.0,0.0
59557365479,0,-0.01685371808707714,-0.14023618400096893,-0.10912470519542694,-0.01685371808707714,-0.14023618400096893,-0.8091247081756592,-0.0030553375836461782,0.016619466245174408,0.010410582646727562,0.0,0.0,0.0,-0.00438722874969244,-0.010184175334870815,2.362619161605835,0.0,0.0,2.362619400024414,0.002947846194729209,-0.001494043506681919,-0.006259321700781584,0.03487636521458626,0.08096446841955185,-5.641119059873745e-05,0.0,0.0,0.0,-1.6458836793899536,10.084155082702637,0.08264350891113281,9.80119800567627,1.6781108379364014,-10.0,-9.88161563873291,11.46079158782959,2.0,2.0,21.085886001586914,0.2989746034145355,0.28977540135383606,0.30357420444488525,0.29590821266174316,0.0,0.30469265580177307,0.30469265580177307,0.30469265580177307,0.30469265580177307,0.0,-0.32662394642829895,-0.14976942539215088,-9.817779541015625,0.0,0.0,0.0,0.0,0.0,0.0,0.0,0.0,0.0,0.0,0.0,0.0,0.0,0.0,0.0,0.30469274520874023,0.30469274520874023,0.304692804813385,0.30469274520874023,0.26410341262817383,0.04114978387951851,0.04114978387951851,0.45563456416130066,0.1426694244146347,-0.20380675792694092,0.2860846519470215,0.0,0.0,0.0,0.0,0.0,0.0,0.0
59567566454,0,-0.01685371808707714,-0.14023618400096893,-0.10912470519542694,-0.016883185133337975,-0.1400335431098938,-0.8090928792953491,-0.0030553375836461782,0.016619466245174408,0.010410582646727562,0.0,0.0,0.0,-0.00438722874969244,-0.010184175334870815,2.362619161605835,0.0,0.0,2.3627431392669678,0.004027377348393202,-0.004380365833640099,0.0016501892823725939,0.03487636521458626,0.08096446841955185,-5.641119059873745e-05,0.0,0.0,0.0,-1.6458836793899536,10.084155082702637,0.08264350891113281,9.80119800567627,1.676700472831726,-10.0,-9.882026672363281,11.46079158782959,2.0,2.0,21.085886001586914,0.2989746034145355,0.28977540135383606,0.30357420444488525,0.29590821266174316,0.0,0.30469265580177307,0.30469265580177307,0.30469265580177307,0.30469265580177307,0.0,-0.27743831276893616,-0.11066198348999023,-9.796299934387207,0.0,0.0,0.0,0.0,0.0,0.0,0.0,0.0,0.0,0.0,0.0,0.0,0.0,0.0,0.0,0.30469274520874023,0.30469274520874023,0.304692804813385,0.30469274520874023,0.270124226808548,0.04114978387951851,0.04114978387951851,0.4505018889904022,0.11126483976840973,-0.2167140692472458,0.48817694187164307,0.0,0.0,0.0,0.0,0.0,0.0,0.0
59577493745,0,-0.016883185133337975,-0.1400335431098938,-0.10909289866685867,-0.016883185133337975,-0.1400335431098938,-0.8090928792953491,-0.0018183192005380988,0.01631065644323826,0.010524659417569637,0.0,0.0,0.0,-0.004357526078820229,-0.010239473544061184,2.3627431392669678,0.0,0.0,2.3627431392669678,0.004027377348393202,-0.004380365833640099,0.0016501892823725939,0.03463934361934662,0.08140446990728378,-0.0001215748125105165,0.0,0.0,0.0,-1.646368145942688,10.08795166015625,0.07451629638671875,9.801349639892578,1.6758674383163452,-10.0,-9.882076263427734,11.678739547729492,2.0,2.0,20.880367279052734,0.2989746034145355,0.28977540135383606,0.30357420444488525,0.29590821266174316,0.0,0.30469265580177307,0.30469265580177307,0.30469265580177307,0.30469265580177307,0.0,-0.24382081627845764,-0.05288003757596016,-9.792988777160645,0.0,0.0,0.0,0.0,0.0,0.0,0.0,0.0,0.0,0.0,0.0,0.0,0.0,0.0,0.0,0.30469274520874023,0.30469274520874023,0.304692804813385,0.30469274520874023,0.2743978500366211,0.04114978387951851,0.04114978387951851,0.44681403040885925,0.11126483976840973,-0.2167140692472458,0.48817694187164307,0.0,0.0,0.0,0.0,0.0,0.0,0.0
59587577156,0,-0.016898497939109802,-0.13983911275863647,-0.1090601235628128,-0.016898497939109802,-0.13983911275863647,-0.8090600967407227,-0.001132138422690332,0.01615501381456852,0.010728654451668262,0.0,0.0,0.0,-0.004301653243601322,-0.010298311710357666,2.362889289855957,0.0,0.0,2.362889289855957,0.005168071016669273,-0.006054633762687445,0.008726725354790688,0.03463934361934662,0.08140446990728378,-0.0001215748125105165,0.0,0.0,0.0,-1.646368145942688,10.08795166015625,0.07451629638671875,9.801349639892578,1.6758674383163452,-10.0,-9.882076263427734,11.678739547729492,2.0,2.0,20.880367279052734,0.2989746034145355,0.28977540135383606,0.30357420444488525,0.29590821266174316,0.0,0.30469265580177307,0.30469265580177307,0.30469265580177307,0.30469265580177307,0.0,-0.24382081627845764,-0.05288003757596016,-9.792988777160645,0.0,0.0,0.0,0.0,0.0,0.0,0.0,0.0,0.0,0.0,0.0,0.0,0.0,0.0,0.0,0.30469274520874023,0.30469274520874023,0.304692804813385,0.30469274520874023,0.2743978500366211,0.04114978387951851,0.04114978387951851,0.44681403040885925,0.11491590738296509,-0.1857185810804367,0.5797015428543091,0.0,0.0,0.0,0.0,0.0,0.0,0.0
59597583545,0,-0.016898497939109802,-0.13983911275863647,-0.1090601235628128,-0.016898497939109802,-0.13983911275863647,-0.8090600967407227,-0.001132138422690332,0.01615501381456852,0.010728654451668262,0.0,0.0,0.0,-0.004301653243601322,-0.010298311710357666,2.362889289855957,0.0,0.0,2.362889289855957,0.005168071016669273,-0.006054633762687445,0.008726725354790688,0.03361109271645546,0.08218646794557571,-8.807895210338756e-05,0.0,0.0,0.0,-1.647276520729065,10.089784622192383,0.06805038452148438,9.801469802856445,1.6751540899276733,-10.0,-9.881974220275879,11.849408149719238,2.0,2.0,20.71581268310547,0.2989746034145355,0.28977540135383606,0.30357420444488525,0.29590821266174316,0.0,0.30469265580177307,0.30469265580177307,0.30469265580177307,0.30469265580177307,0.0,-0.15723876655101776,-0.02365300804376602,-9.798802375793457,0.0,0.0,0.0,0.0,0.0,0.0,0.0,0.0,0.0,0.0,0.0,0.0,0.0,0.0,0.0,0.30469274520874023,0.30469274520874023,0.304692804813385,0.30469274520874023,0.2777375876903534,0.04114978387951851,0.04114978387951851,0.4438568353652954,0.11491590738296509,-0.1857185810804367,0.5797015428543091,0.0,0.0,0.0,0.0,0.0,0.0,0.0
59607374125,0,-0.016913218423724174,-0.13945791125297546,-0.1089952364563942,-0.016913218423724174,-0.13945791125297546,-0.808995246887207,-0.0017082997364923358,0.015667710453271866,0.010959352366626263,0.0,0.0,0.0,-0.0041810148395597935,-0.010371974669396877,2.363266944885254,0.0,0.0,2.363266944885254,0.0060677374713122845,-0.0053493124432861805,0.017508074641227722,0.03301149606704712,0.08251247555017471,-3.9895927329780534e-05,0.0,0.0,0.0,-1.6473671197891235,10.088031768798828,0.062376976013183594,9.801701545715332,1.673776626586914,-10.0,-9.881421089172363,11.994865417480469,2.0,2.0,20.564857482910156,0.2989746034145355,0.28977540135383606,0.30357420444488525,0.29590821266174316,0.0,0.30469265580177307,0.30469265580177307,0.30469265580177307,0.30469265580177307,0.0,-0.15723876655101776,-0.02365300804376602,-9.798802375793457,0.0,0.0,0.0,0.0,0.0,0.0,0.0,0.0,0.0,0.0,0.0,0.0,0.0,0.0,0.0,0.30469274520874023,0.30469274520874023,0.304692804813385,0.30469274520874023,0.28057947754859924,0.04114978387951851,0.04114978387951851,0.4411400258541107,0.05342620611190796,-0.016954347491264343,0.41814953088760376,0.0,0.0,0.0,0.0,0.0,0.0,0.0
59617109283,0,-0.016913218423724174,-0.13945791125297546,-0.1089952364563942,-0.016913218423724174,-0.13945791125297546,-0.808995246887207,-0.0017082997364923358,0.015667710453271866,0.010959352366626263,0.0,0.0,0.0,-0.0041810148395597935,-0.010371974669396877,2.363266944885254,0.0,0.0,2.363266944885254,0.005361588206142187,-0.0046410709619522095,0.017304684966802597,0.033075038343667984,0.08265285938978195,-3.546215157257393e-05,0.0,0.0,0.0,-1.6454358100891113,10.08706283569336,0.06409645080566406,9.80178165435791,1.673189401626587,-10.0,-9.881131172180176,11.951354026794434,2.0,2.0,20.605058670043945,0.2989746034145355,0.28977540135383606,0.30357420444488525,0.29590821266174316,0.0,0.30469265580177307,0.30469265580177307,0.30469265580177307,0.30469265580177307,0.0,0.02923731878399849,0.1259586662054062,-9.775259971618652,0.0,0.0,0.0,0.0,0.0,0.0,0.0,0.0,0.0,0.0,0.0,0.0,0.0,0.0,0.0,0.30469274520874023,0.30469274520874023,0.304692804813385,0.30469274520874023,0.27973002195358276,0.04114978387951851,0.04114978387951851,0.4418637752532959,-0.004011373966932297,0.023100141435861588,0.22478576004505157,0.0,0.0,0.0,0.0,0.0,0.0,0.0
59627290265,0,-0.01692936010658741,-0.13909706473350525,-0.10892554372549057,-0.01692936010658741,-0.13909706473350525,-0.8089255094528198,-0.004225191194564104,0.016234366223216057,0.011134423315525055,0.0,0.0,0.0,-0.004099971614778042,-0.010421237908303738,2.3634846210479736,0.0,0.0,2.3634846210479736,0.004704236518591642,-0.0046407743357121944,0.007909642532467842,0.033075038343667984,0.08265285938978195,-3.546215157257393e-05,0.0,0.0,0.0,-1.6454358100891113,10.08706283569336,0.06409645080566406,9.80178165435791,1.673189401626587,-10.0,-9.881131172180176,11.64991569519043,2.0,2.0,20.910425186157227,0.2989746034145355,0.28977540135383606,0.30357420444488525,0.29590821266174316,0.0,0.30469265580177307,0.30469265580177307,0.30469265580177307,0.30469265580177307,0.0,0.02923731878399849,0.1259586662054062,-9.775259971618652,0.0,0.0,0.0,0.0,0.0,0.0,0.0,0.0,0.0,0.0,0.0,0.0,0.0,0.0,0.0,0.30469274520874023,0.30469274520874023,0.304692804813385,0.30469274520874023,0.27973002195358276,0.04114978387951851,0.04114978387951851,0.4418637752532959,-0.03174973651766777,-0.0030469039920717478,-0.3011912405490875,0.0,0.0,0.0,0.0,0.0,0.0,0.0
59637389795,0,-0.017026344314217567,-0.1387633979320526,-0.10885683447122574,-0.017026344314217567,-0.1387633979320526,-0.8088568449020386,-0.008862108923494816,0.01761511154472828,0.010898103937506676,0.0,0.0,0.0,-0.004016772843897343,-0.01053173653781414,2.363478183746338,0.0,0.0,2.363478183746338,0.004704236518591642,-0.0046407743357121944,0.007909642532467842,0.03193303570151329,0.08372679352760315,7.170965545810759e-05,0.0,0.0,0.0,-1.6442679166793823,10.088397979736328,0.07577133178710938,9.801983833312988,1.671814203262329,-10.0,-9.880621910095215,11.64991569519043,2.0,2.0,20.910425186157227,0.2989746034145355,0.28977540135383606,0.30357420444488525,0.29590821266174316,0.0,0.30469265580177307,0.30469265580177307,0.30469265580177307,0.30469265580177307,0.0,0.15750232338905334,0.17176489531993866,-9.813430786132812,0.0,0.0,0.0,0.0,0.0,0.0,0.0,0.0,0.0,0.0,0.0,0.0,0.0,0.0,0.0,0.30469274520874023,0.30469274520874023,0.304692804813385,0.30469274520874023,0.27383315563201904,0.04114978387951851,0.04114978387951851,0.4473538398742676,-0.03174973651766777,-0.0030469039920717478,-0.3011912405490875,0.0,0.0,0.0,0.0,0.0,0.0,0.0
59647521525,0,-0.017224062234163284,-0.13839362561702728,-0.10879547894001007,-0.017224062234163284,-0.13839362561702728,-0.8087954521179199,-0.01467248983681202,0.01911752298474312,0.01084140408784151,0.0,0.0,0.0,-0.00399334542453289,-0.010492452420294285,2.3632876873016357,0.0,0.0,2.3632876873016357,0.003006779355928302,-0.0022724447771906853,-0.005262952297925949,0.03193303570151329,0.08372679352760315,7.170965545810759e-05,0.0,0.0,0.0,-1.6442679166793823,10.088397979736328,0.07577133178710938,9.801983833312988,1.671814203262329,-10.0,-9.880621910095215,11.327770233154297,2.0,2.0,21.220216751098633,0.2989746034145355,0.28977540135383606,0.30357420444488525,0.29590821266174316,0.0,0.30469265580177307,0.30469265580177307,0.30469265580177307,0.30469265580177307,0.0,0.15750232338905334,0.17176489531993866,-9.813430786132812,0.0,0.0,0.0,0.0,0.0,0.0,0.0,0.0,0.0,0.0,0.0,0.0,0.0,0.0,0.0,0.30469274520874023,0.30469274520874023,0.304692804813385,0.30469274520874023,0.27383315563201904,0.04114978387951851,0.04114978387951851,0.4473538398742676,-0.07353969663381577,0.0962606742978096,-0.551193356513977,0.0,0.0,0.0,0.0,0.0,0.0,0.0
59657040077,0,-0.017224062234163284,-0.13839362561702728,-0.10879547894001007,-0.017224062234163284,-0.13839362561702728,-0.8087954521179199,-0.01467248983681202,0.01911752298474312,0.01084140408784151,0.0,0.0,0.0,-0.00399334542453289,-0.010492452420294285,2.3632876873016357,0.0,0.0,2.3632876873016357,0.003006779355928302,-0.0022724447771906853,-0.005262952297925949,0.03174775466322899,0.08341412246227264,0.00014066786388866603,0.0,0.0,0.0,-1.6410375833511353,10.084724426269531,0.08805370330810547,9.80211353302002,1.6705139875411987,-10.0,-9.880602836608887,11.327770233154297,2.0,2.0,21.220216751098633,0.2989746034145355,0.28977540135383606,0.30357420444488525,0.29590821266174316,0.0,0.30469265580177307,0.30469265580177307,0.30469265580177307,0.30469265580177307,0.0,0.21241196990013123,0.1642051637172699,-9.789908409118652,0.0,0.0,0.0,0.0,0.0,0.0,0.0,0.0,0.0,0.0,0.0,0.0,0.0,0.0,0.0,0.30469274520874023,0.30469274520874023,0.304692804813385,0.30469274520874023,0.2675110995769501,0.04114978387951851,0.04114978387951851,0.45290863513946533,-0.07353969663381577,0.0962606742978096,-0.551193356513977,0.0,0.0,0.0,0.0,0.0,0.0,0.0
59667335119,0,-0.017224062234163284,-0.13839362561702728,-0.10879547894001007,-0.017363080754876137,-0.13819420337677002,-0.8087641000747681,-0.01467248983681202,0.01911752298474312,0.01084140408784151,0.0,0.0,0.0,-0.00399334542453289,-0.010492452420294285,2.3632876873016357,0.0,0.0,2.3631792068481445,0.0013397367438301444,-0.0009474614635109901,-0.010095296427607536,0.03174775466322899,0.08341412246227264,0.00014066786388866603,0.0,0.0,0.0,-1.6410375833511353,10.084724426269531,0.08805370330810547,9.80211353302002,1.6705139875411987,-10.0,-9.880602836608887,11.327770233154297,2.0,2.0,21.220216751098633,0.2989746034145355,0.28977540135383606,0.30357420444488525,0.29590821266174316,0.0,0.30469265580177307,0.30469265580177307,0.30469265580177307,0.30469265580177307,0.0,0.21241196990013123,0.1642051637172699,-9.789908409118652,0.0,0.0,0.0,0.0,0.0,0.0,0.0,0.0,0.0,0.0,0.0,0.0,0.0,0.0,0.0,0.30469274520874023,0.30469274520874023,0.304692804813385,0.30469274520874023,0.2675110995769501,0.04114978387951851,0.04114978387951851,0.45290863513946533,-0.11467455327510834,0.112747423350811,-0.5042310357093811,0.0,0.0,0.0,0.0,0.0,0.0,0.0
59677157227,0,-0.017363080754876137,-0.13819420337677002,-0.10876412689685822,-0.017363080754876137,-0.13819420337677002,-0.8087641000747681,-0.01772555150091648,0.019852422177791595,0.010974811390042305,0.0,0.0,0.0,-0.004015095066279173,-0.010509224608540535,2.3631792068481445,0.0,0.0,2.3631792068481445,-0.0016655598301440477,0.0014914048369973898,-0.01327605452388525,0.031725067645311356,0.08326930552721024,0.00010409120295662433,0.0,0.0,0.0,-1.6380647420883179,10.083367347717285,0.09131336212158203,9.802180290222168,1.669792652130127,-10.0,-9.880763053894043,11.21453857421875,2.0,2.0,21.323762893676758,0.2989746034145355,0.28977540135383606,0.30357420444488525,0.29590821266174316,0.0,0.30469265580177307,0.30469265580177307,0.30469265580177307,0.30469265580177307,0.0,0.21241196990013123,0.1642051637172699,-9.789908409118652,0.0,0.0,0.0,0.0,0.0,0.0,0.0,0.0,0.0,0.0,0.0,0.0,0.0,0.0,0.0,0.30469274520874023,0.30469274520874023,0.304692804813385,0.30469274520874023,0.26588279008865356,0.04114978387951851,0.04114978387951851,0.45430701971054077,-0.14248932898044586,0.12404341250658035,-0.22538745403289795,0.0,0.0,0.0,0.0,0.0,0.0,0.0
59688525951,0,-0.017684662714600563,-0.13779424130916595,-0.10869921743869781,-0.017684662714600563,-0.13779424130916595,-0.8086991906166077,-0.022594928741455078,0.02183721959590912,0.011072741821408272,0.0,0.0,0.0,-0.004023582208901644,-0.010446153581142426,2.3629448413848877,0.0,0.0,2.362945079803467,-0.0016655598301440477,0.0014914048369973898,-0.01327605452388525,0.03221505880355835,0.08289574831724167,1.7372945876559243e-05,0.0,0.0,0.0,-1.6330879926681519,10.080163955688477,0.091094970703125,9.802359580993652,1.6683934926986694,-10.0,-9.881230354309082,11.253341674804688,2.0,2.0,21.27927017211914,0.2989746034145355,0.28977540135383606,0.30357420444488525,0.29590821266174316,0.0,0.30469265580177307,0.30469265580177307,0.30469265580177307,0.30469265580177307,0.0,0.1833031326532364,0.122767373919487,-9.779703140258789,0.0,0.0,0.0,0.0,0.0,0.0,0.0,0.0,0.0,0.0,0.0,0.0,0.0,0.0,0.0,0.30469274520874023,0.30469274520874023,0.304692804813385,0.30469274520874023,0.26588279008865356,0.04114978387951851,0.04114978387951851,0.45430701971054077,-0.14248932898044586,0.12404341250658035,-0.22538745403289795,0.0,0.0,0.0,0.0,0.0,0.0,0.0
59697657211,0,-0.017684662714600563,-0.13779424130916595,-0.10869921743869781,-0.017684662714600563,-0.13779424130916595,-0.8086991906166077,-0.022594928741455078,0.02183721959590912,0.011072741821408272,0.0,0.0,0.0,-0.004023582208901644,-0.010446153581142426,2.3629448413848877,0.0,0.0,2.362945079803467,-0.004211277235299349,0.002937831450253725,-0.007301662117242813,0.03221505880355835,0.08289574831724167,1.7372945876559243e-05,0.0,0.0,0.0,-1.6330879926681519,10.080163955688477,0.091094970703125,9.802359580993652,1.6683934926986694,-10.0,-9.881230354309082,11.253341674804688,2.0,2.0,21.27927017211914,0.2989746034145355,0.28977540135383606,0.30357420444488525,0.29590821266174316,0.0,0.30469265580177307,0.30469265580177307,0.30469265580177307,0.30469265580177307,0.0,0.1833031326532364,0.122767373919487,-9.779703140258789,0.0,0.0,0.0,0.0,0.0,0.0,0.0,0.0,0.0,0.0,0.0,0.0,0.0,0.0,0.0,0.30469274520874023,0.30469274520874023,0.304692804813385,0.30469274520874023,0.2660473883152008,0.04114978387951851,0.04114978387951851,0.45396578311920166,-0.13920901715755463,0.08275066316127777,0.1692676842212677,0.0,0.0,0.0,0.0,0.0,0.0,0.0
59707133558,0,-0.018066691234707832,-0.13737080991268158,-0.10863015055656433,-0.018066691234707832,-0.13737080991268158,-0.808630108833313,-0.02546999230980873,0.024128444492816925,0.011380234733223915,0.0,0.0,0.0,-0.004096709191799164,-0.010391299612820148,2.3629419803619385,0.0,0.0,2.3629419803619385,-0.004211277235299349,0.002937831450253725,-0.007301662117242813,0.03306898847222328,0.08244620263576508,7.17494185664691e-06,0.0,0.0,0.0,-1.6282504796981812,10.078680992126465,0.08289051055908203,9.802520751953125,1.6669228076934814,-10.0,-9.881622314453125,11.473167419433594,2.0,2.0,21.05447006225586,0.2989746034145355,0.28977540135383606,0.30357420444488525,0.29590821266174316,0.0,0.30469265580177307,0.30469265580177307,0.30469265580177307,0.30469265580177307,0.0,0.09044722467660904,0.06192147359251976,-9.790934562683105,0.0,0.0,0.0,0.0,0.0,0.0,0.0,0.0,0.0,0.0,0.0,0.0,0.0,0.0,0.0,0.30469274520874023,0.30469274520874023,0.304692804813385,0.30469274520874023,0.27036723494529724,0.04114978387951851,0.04114978387951851,0.4499385356903076,-0.13920901715755463,0.08275066316127777,0.1692676842212677,0.0,0.0,0.0,0.0,0.0,0.0,0.0
59720222872,0,-0.018494080752134323,-0.1369418054819107,-0.1085565984249115,-0.018494080752134323,-0.1369418054819107,-0.8085565567016602,-0.026753980666399002,0.02585834637284279,0.011543276719748974,0.0,0.0,0.0,-0.0042098332196474075,-0.010249980725347996,2.363102912902832,0.0,0.0,2.363102912902832,-0.0049369679763913155,0.004350778181105852,-0.0015934081748127937,0.03346563130617142,0.08148778229951859,-9.122124902205542e-05,0.0,0.0,0.0,-1.626875400543213,10.076366424560547,0.07675552368164062,9.802617073059082,1.6661049127578735,-10.0,-9.881709098815918,11.63209342956543,2.0,2.0,20.888134002685547,0.2989746034145355,0.28977540135383606,0.30357420444488525,0.29590821266174316,0.0,0.30469265580177307,0.30469265580177307,0.30469265580177307,0.30469265580177307,0.0,0.02797507494688034,0.01771595887839794,-9.801626205444336,0.0,0.0,0.0,0.0,0.0,0.0,0.0,0.0,0.0,0.0,0.0,0.0,0.0,0.0,0.0,0.30469274520874023,0.30469274520874023,0.304692804813385,0.30469274520874023,0.27348393201828003,0.04114978387951851,0.04114978387951851,0.44695353507995605,-0.10620765388011932,0.10901894420385361,0.3523859977722168,0.0,0.0,0.0,0.0,0.0,0.0,0.0
59727407911,0,-0.018494080752134323,-0.1369418054819107,-0.1085565984249115,-0.018494080752134323,-0.1369418054819107,-0.8085565567016602,-0.026753980666399002,0.02585834637284279,0.011543276719748974,0.0,0.0,0.0,-0.0042098332196474075,-0.010249980725347996,2.363102912902832,0.0,0.0,2.363102912902832,-0.006291721947491169,0.00476752407848835,0.010786562226712704,0.03346563130617142,0.08148778229951859,-9.122124902205542e-05,0.0,0.0,0.0,-1.6229095458984375,10.07582950592041,0.06539249420166016,9.802809715270996,1.6644306182861328,-10.0,-9.881510734558105,11.934700965881348,2.0,2.0,20.583736419677734,0.2989746034145355,0.28977540135383606,0.30357420444488525,0.29590821266174316,0.0,0.30469265580177307,0.30469265580177307,0.30469265580177307,0.30469265580177307,0.0,0.02797507494688034,0.01771595887839794,-9.801626205444336,0.0,0.0,0.0,0.0,0.0,0.0,0.0,0.0,0.0,0.0,0.0,0.0,0.0,0.0,0.0,0.30469274520874023,0.30469274520874023,0.304692804813385,0.30469274520874023,0.27940455079078674,0.04114978387951851,0.04114978387951851,0.4414801001548767,-0.07829175889492035,0.03369235619902611,0.5091713070869446,0.0,0.0,0.0,0.0,0.0,0.0,0.0
59737226349,0,-0.018933957442641258,-0.13651755452156067,-0.10848365724086761,-0.018933957442641258,-0.13651755452156067,-0.8084836602210999,-0.025827128440141678,0.02654390223324299,0.011833583004772663,0.0,0.0,0.0,-0.004333336837589741,-0.010180271230638027,2.363434314727783,0.0,0.0,2.3634345531463623,-0.006291721947491169,0.00476752407848835,0.010786562226712704,0.03444641828536987,0.080934077501297,-0.00016939282068051398,0.0,0.0,0.0,-1.6229095458984375,10.07582950592041,0.06539249420166016,9.802809715270996,1.6644306182861328,-10.0,-9.881510734558105,11.934700965881348,2.0,2.0,20.583736419677734,0.2989746034145355,0.28977540135383606,0.30357420444488525,0.29590821266174316,0.0,0.30469265580177307,0.30469265580177307,0.30469265580177307,0.30469265580177307,0.0,0.02797507494688034,0.01771595887839794,-9.801626205444336,0.0,0.0,0.0,0.0,0.0,0.0,0.0,0.0,0.0,0.0,0.0,0.0,0.0,0.0,0.0,0.30469274520874023,0.30469274520874023,0.304692804813385,0.30469274520874023,0.27940455079078674,0.04114978387951851,0.04114978387951851,0.4414801001548767,-0.07829175889492035,0.03369235619902611,0.5091713070869446,0.0,0.0,0.0,0.0,0.0,0.0,0.0
59747049940,0,-0.018933957442641258,-0.13651755452156067,-0.10848365724086761,-0.018933957442641258,-0.13651755452156067,-0.8084836602210999,-0.025827128440141678,0.02654390223324299,0.011833583004772663,0.0,0.0,0.0,-0.004333336837589741,-0.010180271230638027,2.363434314727783,0.0,0.0,2.3634345531463623,-0.005676389671862125,0.004531968384981155,0.014189615845680237,0.03444641828536987,0.080934077501297,-0.00016939282068051398,0.0,0.0,0.0,-1.6229095458984375,10.07582950592041,0.06539249420166016,9.802809715270996,1.6644306182861328,-10.0,-9.881510734558105,11.934700965881348,2.0,2.0,20.583736419677734,0.2989746034145355,0.28977540135383606,0.30357420444488525,0.29590821266174316,0.0,0.30469265580177307,0.30469265580177307,0.30469265580177307,0.30469265580177307,0.0,-0.17610640823841095,-0.07820712774991989,-9.788468360900879,0.0,0.0,0.0,0.0,0.0,0.0,0.0,0.0,0.0,0.0,0.0,0.0,0.0,0.0,0.0,0.30469274520874023,0.30469274520874023,0.304692804813385,0.30469274520874023,0.28038376569747925,0.04114978387951851,0.04114978387951851,0.44058066606521606,-0.009625942446291447,0.01015500072389841,0.41332149505615234,0.0,0.0,0.0,0.0,0.0,0.0,0.0
59758051723,0,-0.01914210617542267,-0.1363109052181244,-0.10844730585813522,-0.01914210617542267,-0.1363109052181244,-0.8084473013877869,-0.024669224396348,0.026388170197606087,0.01181512139737606,0.0,0.0,0.0,-0.004364639986306429,-0.010126691311597824,2.3636043071746826,0.0,0.0,2.3636043071746826,-0.003800141392275691,0.0022064722143113613,0.01400578673928976,0.03459106385707855,0.08024904876947403,-3.7836492992937565e-05,0.0,0.0,0.0,-1.6231201887130737,10.075874328613281,0.06346607208251953,9.802889823913574,1.663588047027588,-10.0,-9.881263732910156,11.983692169189453,2.0,2.0,20.539588928222656,0.2989746034145355,0.28977540135383606,0.30357420444488525,0.29590821266174316,0.0,0.30469265580177307,0.30469265580177307,0.30469265580177307,0.30469265580177307,0.0,-0.17610640823841095,-0.07820712774991989,-9.788468360900879,0.0,0.0,0.0,0.0,0.0,0.0,0.0,0.0,0.0,0.0,0.0,0.0,0.0,0.0,0.0,0.30469274520874023,0.30469274520874023,0.304692804813385,0.30469274520874023,0.28038376569747925,0.04114978387951851,0.04114978387951851,0.44058066606521606,0.059700775891542435,-0.08029045164585114,0.08366349339485168,0.0,0.0,0.0,0.0,0.0,0.0,0.0
59768589587,0,-0.01914210617542267,-0.1363109052181244,-0.10844730585813522,-0.01948971301317215,-0.13590572774410248,-0.8083736896514893,-0.024669224396348,0.026388170197606087,0.01181512139737606,0.0,0.0,0.0,-0.004364639986306429,-0.010126691311597824,2.3636043071746826,0.0,0.0,2.363823890686035,-0.003800141392275691,0.0022064722143113613,0.01400578673928976,0.03459106385707855,0.08024904876947403,-3.7836492992937565e-05,0.0,0.0,0.0,-1.6237661838531494,10.078752517700195,0.06629753112792969,9.80305290222168,1.662045955657959,-10.0,-9.880729675292969,11.914379119873047,2.0,2.0,20.61350440979004,0.2989746034145355,0.28977540135383606,0.30357420444488525,0.29590821266174316,0.0,0.30469265580177307,0.30469265580177307,0.30469265580177307,0.30469265580177307,0.0,-0.17610640823841095,-0.07820712774991989,-9.788468360900879,0.0,0.0,0.0,0.0,0.0,0.0,0.0,0.0,0.0,0.0,0.0,0.0,0.0,0.0,0.0,0.30469274520874023,0.30469274520874023,0.304692804813385,0.30469274520874023,0.27900758385658264,0.04114978387951851,0.04114978387951851,0.44201594591140747,0.059700775891542435,-0.08029045164585114,0.08366349339485168,0.0,0.0,0.0,0.0,0.0,0.0,0.0
59777543467,0,-0.01948971301317215,-0.13590572774410248,-0.10837370157241821,-0.01948971301317215,-0.13590572774410248,-0.8083736896514893,-0.021155977621674538,0.02591271698474884,0.012133454903960228,0.0,0.0,0.0,-0.004373703617602587,-0.010105784051120281,2.363823890686035,0.0,0.0,2.363823890686035,-0.00044502943637780845,0.001199736027047038,0.005203580483794212,0.035076580941677094,0.08015619218349457,-5.107419929117896e-05,0.0,0.0,0.0,-1.6270241737365723,10.079307556152344,0.07658576965332031,9.803129196166992,1.660574197769165,-10.0,-9.880372047424316,11.641026496887207,2.0,2.0,20.888669967651367,0.2989746034145355,0.28977540135383606,0.30357420444488525,0.29590821266174316,0.0,0.30469265580177307,0.30469265580177307,0.30469265580177307,0.30469265580177307,0.0,-0.23996487259864807,-0.08372864872217178,-9.78433609008789,0.0,0.0,0.0,0.0,0.0,0.0,0.0,0.0,0.0,0.0,0.0,0.0,0.0,0.0,0.0,0.30469274520874023,0.30469274520874023,0.304692804813385,0.30469274520874023,0.27365899085998535,0.04114978387951851,0.04114978387951851,0.4469633400440216,0.1382751613855362,-0.06050039827823639,-0.3201597034931183,0.0,0.0,0.0,0.0,0.0,0.0,0.0
59787368849,0,-0.019730210304260254,-0.13551656901836395,-0.10830337554216385,-0.019730210304260254,-0.13551656901836395,-0.8083033561706543,-0.01678180694580078,0.025500759482383728,0.011738461442291737,0.0,0.0,0.0,-0.0043424032628536224,-0.010050777345895767,2.363905191421509,0.0,0.0,2.363905191421509,0.0006437544943764806,0.0010519884526729584,-1.0232208296656609e-05,0.0344877652823925,0.07990241050720215,5.829213478136808e-05,0.0,0.0,0.0,-1.6270241737365723,10.079307556152344,0.07658576965332031,9.803129196166992,1.660574197769165,-10.0,-9.880372047424316,11.641026496887207,2.0,2.0,20.888669967651367,0.2989746034145355,0.28977540135383606,0.30357420444488525,0.29590821266174316,0.0,0.30469265580177307,0.30469265580177307,0.30469265580177307,0.30469265580177307,0.0,-0.27286064624786377,-0.09348183870315552,-9.82250690460205,0.0,0.0,0.0,0.0,0.0,0.0,0.0,0.0,0.0,0.0,0.0,0.0,0.0,0.0,0.0,0.30469274520874023,0.30469274520874023,0.304692804813385,0.30469274520874023,0.27365899085998535,0.04114978387951851,0.04114978387951851,0.4469633400440216,0.12584827840328217,-0.03931074216961861,-0.431855708360672,0.0,0.0,0.0,0.0,0.0,0.0,0.0
59797337922,0,-0.01981498673558235,-0.13532212376594543,-0.10826918482780457,-0.01981498673558235,-0.13532212376594543,-0.8082691431045532,-0.014710279181599617,0.02522527612745762,0.011806806549429893,0.0,0.0,0.0,-0.004335486795753241,-0.01003198977559805,2.3638699054718018,0.0,0.0,2.363870143890381,0.0006437544943764806,0.0010519884526729584,-1.0232208296656609e-05,0.03442470729351044,0.07970497757196426,6.594500155188143e-05,0.0,0.0,0.0,-1.6274006366729736,10.079046249389648,0.08155536651611328,9.803157806396484,1.6599230766296387,-10.0,-9.880337715148926,11.510013580322266,2.0,2.0,21.018760681152344,0.2989746034145355,0.28977540135383606,0.30357420444488525,0.29590821266174316,0.0,0.30469265580177307,0.30469265580177307,0.30469265580177307,0.30469265580177307,0.0,-0.26951864361763,-0.09392653405666351,-9.80673599243164,0.0,0.0,0.0,0.0,0.0,0.0,0.0,0.0,0.0,0.0,0.0,0.0,0.0,0.0,0.0,0.30469274520874023,0.30469274520874023,0.304692804813385,0.30469274520874023,0.2710900902748108,0.04114978387951851,0.04114978387951851,0.44929808378219604,0.12584827840328217,-0.03931074216961861,-0.431855708360672,0.0,0.0,0.0,0.0,0.0,0.0,0.0
59807328727,0,-0.01981498673558235,-0.13532212376594543,-0.10826918482780457,-0.01981498673558235,-0.13532212376594543,-0.8082691431045532,-0.014710279181599617,0.02522527612745762,0.011806806549429893,0.0,0.0,0.0,-0.004335486795753241,-0.01003198977559805,2.3638699054718018,0.0,0.0,2.363870143890381,0.0014095748774707317,0.00036926130997017026,-0.0061888666823506355,0.03442470729351044,0.07970497757196426,6.594500155188143e-05,0.0,0.0,0.0,-1.6274006366729736,10.079046249389648,0.08155536651611328,9.803157806396484,1.6599230766296387,-10.0,-9.880337715148926,11.510013580322266,2.0,2.0,21.018760681152344,0.2989746034145355,0.28977540135383606,0.30357420444488525,0.29590821266174316,0.0,0.30469265580177307,0.30469265580177307,0.30469265580177307,0.30469265580177307,0.0,-0.26951864361763,-0.09392653405666351,-9.80673599243164,0.0,0.0,0.0,0.0,0.0,0.0,0.0,0.0,0.0,0.0,0.0,0.0,0.0,0.0,0.0,0.30469274520874023,0.30469274520874023,0.304692804813385,0.30469274520874023,0.2710900902748108,0.04114978387951851,0.04114978387951851,0.44929808378219604,0.09692949056625366,-0.05456913262605667,-0.5039218068122864,0.0,0.0,0.0,0.0,0.0,0.0,0.0
59817453849,0,-0.019921064376831055,-0.13482433557510376,-0.1081770658493042,-0.019921064376831055,-0.13482433557510376,-0.8081770539283752,-0.010281620547175407,0.02380039542913437,0.011615206487476826,0.0,0.0,0.0,-0.0042594014666974545,-0.010081742890179157,2.363571882247925,0.0,0.0,2.363572120666504,0.002369128167629242,-0.001433127443306148,-0.010458879172801971,0.03386317566037178,0.080148845911026,0.00016540852084290236,0.0,0.0,0.0,-1.6279040575027466,10.082695960998535,0.08986568450927734,9.803224563598633,1.6584416627883911,-10.0,-9.880578994750977,11.297691345214844,2.0,2.0,21.242664337158203,0.2989746034145355,0.28977540135383606,0.30357420444488525,0.29590821266174316,0.0,0.30469265580177307,0.30469265580177307,0.30469265580177307,0.30469265580177307,0.0,-0.26951864361763,-0.09392653405666351,-9.80673599243164,0.0,0.0,0.0,0.0,0.0,0.0,0.0,0.0,0.0,0.0,0.0,0.0,0.0,0.0,0.0,0.30469274520874023,0.30469274520874023,0.304692804813385,0.30469274520874023,0.2669197618961334,0.04114978387951851,0.04114978387951851,0.45331045985221863,0.09564415365457535,-0.11138208955526352,-0.45429834723472595,0.0,0.0,0.0,0.0,0.0,0.0,0.0
59827092462,0,-0.019921064376831055,-0.13482433557510376,-0.1081770658493042,-0.019932162016630173,-0.13466598093509674,-0.8081504106521606,-0.010281620547175407,0.02380039542913437,0.011615206487476826,0.0,0.0,0.0,-0.0042594014666974545,-0.010081742890179157,2.363571882247925,0.0,0.0,2.3635165691375732,0.002369128167629242,-0.001433127443306148,-0.010458879172801971,0.03386317566037178,0.080148845911026,0.00016540852084290236,0.0,0.0,0.0,-1.6283717155456543,10.083322525024414,0.0901327133178711,9.803257942199707,1.6577203273773193,-10.0,-9.880813598632812,11.290979385375977,2.0,2.0,21.251420974731445,0.2989746034145355,0.28977540135383606,0.30357420444488525,0.29590821266174316,0.0,0.30469265580177307,0.30469265580177307,0.30469265580177307,0.30469265580177307,0.0,-0.19649723172187805,-0.02930171974003315,-9.826767921447754,0.0,0.0,0.0,0.0,0.0,0.0,0.0,0.0,0.0,0.0,0.0,0.0,0.0,0.0,0.0,0.30469274520874023,0.30469274520874023,0.304692804813385,0.30469274520874023,0.266787588596344,0.04114978387951851,0.04114978387951851,0.45346730947494507,0.09564415365457535,-0.11138208955526352,-0.45429834723472595,0.0,0.0,0.0,0.0,0.0,0.0,0.0
59837320559,0,-0.019932162016630173,-0.13466598093509674,-0.10815039277076721,-0.019932162016630173,-0.13466598093509674,-0.8081504106521606,-0.009540707804262638,0.023568015545606613,0.01132044568657875,0.0,0.0,0.0,-0.004205215722322464,-0.010069753974676132,2.3635165691375732,0.0,0.0,2.3635165691375732,0.0034985074307769537,-0.003070003120228648,-0.01141811441630125,0.033431440591812134,0.08005397021770477,9.239103383151814e-05,0.0,0.0,0.0,-1.6283717155456543,10.083322525024414,0.0901327133178711,9.803257942199707,1.6577203273773193,-10.0,-9.880813598632812,11.290979385375977,2.0,2.0,21.251420974731445,0.2989746034145355,0.28977540135383606,0.30357420444488525,0.29590821266174316,0.0,0.30469265580177307,0.30469265580177307,0.30469265580177307,0.30469265580177307,0.0,-0.1523464471101761,-0.02156003564596176,-9.832496643066406,0.0,0.0,0.0,0.0,0.0,0.0,0.0,0.0,0.0,0.0,0.0,0.0,0.0,0.0,0.0,0.30469274520874023,0.30469274520874023,0.304692804813385,0.30469274520874023,0.266787588596344,0.04114978387951851,0.04114978387951851,0.45346730947494507,0.050929464399814606,-0.0843093991279602,-0.11307679861783981,0.0,0.0,0.0,0.0,0.0,0.0,0.0
59847380641,0,-0.019932162016630173,-0.13466598093509674,-0.10815039277076721,-0.019932972267270088,-0.13436560332775116,-0.8081046342849731,-0.009540707804262638,0.023568015545606613,0.01132044568657875,0.0,0.0,0.0,-0.004205215722322464,-0.010069753974676132,2.3635165691375732,0.0,0.0,2.36350417137146,0.0036361354868859053,-0.003839916316792369,-0.008496196009218693,0.032865170389413834,0.08055929839611053,-1.8431470380164683e-05,0.0,0.0,0.0,-1.6274895668029785,10.085179328918457,0.08340740203857422,9.80339241027832,1.6564135551452637,-10.0,-9.881221771240234,11.471278190612793,2.0,2.0,21.077173233032227,0.2989746034145355,0.28977540135383606,0.30357420444488525,0.29590821266174316,0.0,0.30469265580177307,0.30469265580177307,0.30469265580177307,0.30469265580177307,0.0,-0.020861823111772537,0.08038415759801865,-9.796422004699707,0.0,0.0,0.0,0.0,0.0,0.0,0.0,0.0,0.0,0.0,0.0,0.0,0.0,0.0,0.0,0.30469274520874023,0.30469274520874023,0.304692804813385,0.30469274520874023,0.27033013105392456,0.04114978387951851,0.04114978387951851,0.4503454864025116,0.03529990464448929,-0.08445572853088379,0.07894746959209442,0.0,0.0,0.0,0.0,0.0,0.0,0.0
59857728684,0,-0.019932972267270088,-0.13436560332775116,-0.10810467600822449,-0.019932972267270088,-0.13436560332775116,-0.8081046342849731,-0.009390055201947689,0.023712201043963432,0.011124364100396633,0.0,0.0,0.0,-0.004140187986195087,-0.010125193744897842,2.36350417137146,0.0,0.0,2.36350417137146,0.0036790044978260994,-0.00578317092731595,0.0019061844795942307,0.032865170389413834,0.08055929839611053,-1.8431470380164683e-05,0.0,0.0,0.0,-1.6266318559646606,10.088011741638184,0.07242202758789062,9.803526878356934,1.6550159454345703,-10.0,-9.881359100341797,11.764549255371094,2.0,2.0,20.793190002441406,0.2989746034145355,0.28977540135383606,0.30357420444488525,0.29590821266174316,0.0,0.30469265580177307,0.30469265580177307,0.30469265580177307,0.30469265580177307,0.0,-0.020861823111772537,0.08038415759801865,-9.796422004699707,0.0,0.0,0.0,0.0,0.0,0.0,0.0,0.0,0.0,0.0,0.0,0.0,0.0,0.0,0.0,0.30469274520874023,0.30469274520874023,0.304692804813385,0.30469274520874023,0.27607792615890503,0.04114978387951851,0.04114978387951851,0.44524791836738586,0.009483191184699535,-0.08253102749586105,0.3917357921600342,0.0,0.0,0.0,0.0,0.0,0.0,0.0
59867338413,0,-0.019933829084038734,-0.1340811848640442,-0.10806829482316971,-0.019933829084038734,-0.1340811848640442,-0.8080682754516602,-0.01106456108391285,0.02405659668147564,0.011010306887328625,0.0,0.0,0.0,-0.004074442200362682,-0.010218052193522453,2.3636691570281982,0.0,0.0,2.3636691570281982,0.0035941468086093664,-0.005993471946567297,0.0065740724094212055,0.03215787932276726,0.08140337467193604,-8.389310096390545e-05,0.0,0.0,0.0,-1.626183032989502,10.088339805603027,0.06829166412353516,9.80357837677002,1.6544209718704224,-10.0,-9.881285667419434,11.873828887939453,2.0,2.0,20.685022354125977,0.2989746034145355,0.28977540135383606,0.30357420444488525,0.29590821266174316,0.0,0.30469265580177307,0.30469265580177307,0.30469265580177307,0.30469265580177307,0.0,0.03566007688641548,0.12032236903905869,-9.814302444458008,0.0,0.0,0.0,0.0,0.0,0.0,0.0,0.0,0.0,0.0,0.0,0.0,0.0,0.0,0.0,0.30469274520874023,0.30469274520874023,0.304692804813385,0.30469274520874023,0.27607792615890503,0.04114978387951851,0.04114978387951851,0.44524791836738586,-0.001312154228799045,-0.05647960305213928,0.44496122002601624,0.0,0.0,0.0,0.0,0.0,0.0,0.0
59877674774,0,-0.01994224637746811,-0.13394542038440704,-0.10805017501115799,-0.01994224637746811,-0.13394542038440704,-0.8080501556396484,-0.012740722857415676,0.024070417508482933,0.01105529721826315,0.0,0.0,0.0,-0.004044770263135433,-0.010223990306258202,2.3638381958007812,0.0,0.0,2.3638381958007812,0.0035941468086093664,-0.005993471946567297,0.0065740724094212055,0.03181901574134827,0.0817812979221344,-4.7185814764816314e-05,0.0,0.0,0.0,-1.626183032989502,10.088339805603027,0.06829166412353516,9.80357837677002,1.6544209718704224,-10.0,-9.881285667419434,11.873828887939453,2.0,2.0,20.685022354125977,0.2989746034145355,0.28977540135383606,0.30357420444488525,0.29590821266174316,0.0,0.30469265580177307,0.30469265580177307,0.30469265580177307,0.30469265580177307,0.0,0.03566007688641548,0.12032236903905869,-9.814302444458008,0.0,0.0,0.0,0.0,0.0,0.0,0.0,0.0,0.0,0.0,0.0,0.0,0.0,0.0,0.0,0.30469274520874023,0.30469274520874023,0.304692804813385,0.30469274520874023,0.2782151997089386,0.04114978387951851,0.04114978387951851,0.44330283999443054,-0.001312154228799045,-0.05647960305213928,0.44496122002601624,0.0,0.0,0.0,0.0,0.0,0.0,0.0
59888057874,0,-0.01994224637746811,-0.13394542038440704,-0.10805017501115799,-0.01994224637746811,-0.13394542038440704,-0.8080501556396484,-0.012740722857415676,0.024070417508482933,0.01105529721826315,0.0,0.0,0.0,-0.004044770263135433,-0.010223990306258202,2.3638381958007812,0.0,0.0,2.3638381958007812,0.0035941468086093664,-0.005993471946567297,0.0065740724094212055,0.03181901574134827,0.0817812979221344,-4.7185814764816314e-05,0.0,0.0,0.0,-1.626183032989502,10.088339805603027,0.06829166412353516,9.80357837677002,1.6544209718704224,-10.0,-9.881285667419434,11.873828887939453,2.0,2.0,20.685022354125977,0.2989746034145355,0.28977540135383606,0.30357420444488525,0.29590821266174316,0.0,0.30469265580177307,0.30469265580177307,0.30469265580177307,0.30469265580177307,0.0,0.07548550516366959,0.1299903690814972,-9.799959182739258,0.0,0.0,0.0,0.0,0.0,0.0,0.0,0.0,0.0,0.0,0.0,0.0,0.0,0.0,0.0,0.30469274520874023,0.30469274520874023,0.304692804813385,0.30469274520874023,0.2782151997089386,0.04114978387951851,0.04114978387951851,0.44330283999443054,-0.001312154228799045,-0.05647960305213928,0.44496122002601624,0.0,0.0,0.0,0.0,0.0,0.0,0.0
59897993146,0,-0.02007433772087097,-0.13350437581539154,-0.10799652338027954,-0.02007433772087097,-0.13350437581539154,-0.8079965114593506,-0.01886182278394699,0.02508700080215931,0.011203893460333347,0.0,0.0,0.0,-0.003979319706559181,-0.010283173993229866,2.3643009662628174,0.0,0.0,2.3643009662628174,0.0030087102204561234,-0.004259226378053427,0.013269965536892414,0.031632229685783386,0.08175196498632431,-0.00015600997721776366,0.0,0.0,0.0,-1.6243457794189453,10.085402488708496,0.06368637084960938,9.803704261779785,1.6531295776367188,-10.0,-9.880904197692871,11.992463111877441,2.0,2.0,20.556901931762695,0.2989746034145355,0.28977540135383606,0.30357420444488525,0.29590821266174316,0.0,0.30469265580177307,0.30469265580177307,0.30469265580177307,0.30469265580177307,0.0,0.13793383538722992,0.1650935858488083,-9.80673599243164,0.0,0.0,0.0,0.0,0.0,0.0,0.0,0.0,0.0,0.0,0.0,0.0,0.0,0.0,0.0,0.30469274520874023,0.30469274520874023,0.304692804813385,0.30469274520874023,0.2805326282978058,0.04114978387951851,0.04114978387951851,0.4409967362880707,-0.026523005217313766,0.05259017273783684,0.34907618165016174,0.0,0.0,0.0,0.0,0.0,0.0,0.0
59909191679,0,-0.02016494795680046,-0.1333683431148529,-0.10797833651304245,-0.02016494795680046,-0.1333683431148529,-0.8079783320426941,-0.021146927028894424,0.02555204927921295,0.01112206932157278,0.0,0.0,0.0,-0.003973097074776888,-0.010277410969138145,2.364417791366577,0.0,0.0,2.3644180297851562,0.0016827367944642901,-0.003189812647178769,0.014006451703608036,0.031632229685783386,0.08175196498632431,-0.00015600997721776366,0.0,0.0,0.0,-1.6217899322509766,10.084124565124512,0.06420707702636719,9.803771018981934,1.6524213552474976,-10.0,-9.880635261535645,11.980792999267578,2.0,2.0,20.564245223999023,0.2989746034145355,0.28977540135383606,0.30357420444488525,0.29590821266174316,0.0,0.30469265580177307,0.30469265580177307,0.30469265580177307,0.30469265580177307,0.0,0.13793383538722992,0.1650935858488083,-9.80673599243164,0.0,0.0,0.0,0.0,0.0,0.0,0.0,0.0,0.0,0.0,0.0,0.0,0.0,0.0,0.0,0.30469274520874023,0.30469274520874023,0.304692804813385,0.30469274520874023,0.2803049087524414,0.04114978387951851,0.04114978387951851,0.4411291480064392,-0.07308706641197205,0.07710631936788559,0.20649562776088715,0.0,0.0,0.0,0.0,0.0,0.0,0.0
59918129063,0,-0.02016494795680046,-0.1333683431148529,-0.10797833651304245,-0.02016494795680046,-0.1333683431148529,-0.8079783320426941,-0.021146927028894424,0.02555204927921295,0.01112206932157278,0.0,0.0,0.0,-0.003973097074776888,-0.010277410969138145,2.364417791366577,0.0,0.0,2.3644180297851562,-6.511651008622721e-05,-0.0018279007636010647,0.012159277684986591,0.031583309173583984,0.08170594274997711,-0.00011598126729950309,0.0,0.0,0.0,-1.6217899322509766,10.084124565124512,0.06420707702636719,9.803771018981934,1.6524213552474976,-10.0,-9.880635261535645,11.903038024902344,2.0,2.0,20.635982513427734,0.2989746034145355,0.28977540135383606,0.30357420444488525,0.29590821266174316,0.0,0.30469265580177307,0.30469265580177307,0.30469265580177307,0.30469265580177307,0.0,0.15834246575832367,0.17290213704109192,-9.814762115478516,0.0,0.0,0.0,0.0,0.0,0.0,0.0,0.0,0.0,0.0,0.0,0.0,0.0,0.0,0.0,0.30469274520874023,0.30469274520874023,0.304692804813385,0.30469274520874023,0.2803049087524414,0.04114978387951851,0.04114978387951851,0.4411291480064392,-0.11446526646614075,0.10559609532356262,0.016078030690550804,0.0,0.0,0.0,0.0,0.0,0.0,0.0
59927462670,0,-0.020387103781104088,-0.1330966204404831,-0.10794275254011154,-0.020387103781104088,-0.1330966204404831,-0.8079427480697632,-0.02466294914484024,0.027031250298023224,0.01120112556964159,0.0,0.0,0.0,-0.004032742697745562,-0.010215645655989647,2.364557981491089,0.0,0.0,2.364557981491089,-0.001707863761112094,2.9625458410009742e-05,0.008458005264401436,0.032172445207834244,0.08094395697116852,1.1754971637856215e-05,0.0,0.0,0.0,-1.6158580780029297,10.079765319824219,0.07171154022216797,9.803764343261719,1.6509368419647217,-10.0,-9.880182266235352,11.786768913269043,2.0,2.0,20.743600845336914,0.2989746034145355,0.28977540135383606,0.30357420444488525,0.29590821266174316,0.0,0.30469265580177307,0.30469265580177307,0.30469265580177307,0.30469265580177307,0.0,0.1192229613661766,0.12193538248538971,-9.791769027709961,0.0,0.0,0.0,0.0,0.0,0.0,0.0,0.0,0.0,0.0,0.0,0.0,0.0,0.0,0.0,0.30469274520874023,0.30469274520874023,0.304692804813385,0.30469274520874023,0.27651268243789673,0.04114978387951851,0.04114978387951851,0.44435644149780273,-0.13123689591884613,0.14190812408924103,-0.16638106107711792,0.0,0.0,0.0,0.0,0.0,0.0,0.0
59937473938,0,-0.020387103781104088,-0.1330966204404831,-0.10794275254011154,-0.020387103781104088,-0.1330966204404831,-0.8079427480697632,-0.02466294914484024,0.027031250298023224,0.01120112556964159,0.0,0.0,0.0,-0.004032742697745562,-0.010215645655989647,2.364557981491089,0.0,0.0,2.364557981491089,-0.0035225555766373873,0.0030982063617557287,-0.0016923937946557999,0.03260613605380058,0.07998187839984894,6.273240433074534e-05,0.0,0.0,0.0,-1.6124287843704224,10.07578182220459,0.0820322036743164,9.803644180297852,1.649479866027832,-10.0,-9.880064010620117,11.515755653381348,2.0,2.0,21.00129508972168,0.2989746034145355,0.28977540135383606,0.30357420444488525,0.29590821266174316,0.0,0.30469265580177307,0.30469265580177307,0.30469265580177307,0.30469265580177307,0.0,0.1192229613661766,0.12193538248538971,-9.791769027709961,0.0,0.0,0.0,0.0,0.0,0.0,0.0,0.0,0.0,0.0,0.0,0.0,0.0,0.0,0.0,0.30469274520874023,0.30469274520874023,0.304692804813385,0.30469274520874023,0.2712027430534363,0.04114978387951851,0.04114978387951851,0.44898486137390137,-0.08993697911500931,0.14609394967556,-0.42647120356559753,0.0,0.0,0.0,0.0,0.0,0.0,0.0
59947979050,0,-0.02065555565059185,-0.13281595706939697,-0.107905812561512,-0.02065555565059185,-0.13281595706939697,-0.8079057931900024,-0.02717071957886219,0.028314709663391113,0.011399117298424244,0.0,0.0,0.0,-0.004104275722056627,-0.010105806402862072,2.364515781402588,0.0,0.0,2.364515781402588,-0.004344881046563387,0.003776448080316186,-0.0059347148053348064,0.03260613605380058,0.07998187839984894,6.273240433074534e-05,0.0,0.0,0.0,-1.6124287843704224,10.07578182220459,0.0820322036743164,9.803644180297852,1.649479866027832,-10.0,-9.880064010620117,11.515755653381348,2.0,2.0,21.00129508972168,0.2989746034145355,0.28977540135383606,0.30357420444488525,0.29590821266174316,0.0,0.30469265580177307,0.30469265580177307,0.30469265580177307,0.30469265580177307,0.0,0.05699179321527481,0.03685704618692398,-9.80813217163086,0.0,0.0,0.0,0.0,0.0,0.0,0.0,0.0,0.0,0.0,0.0,0.0,0.0,0.0,0.0,0.30469274520874023,0.30469274520874023,0.304692804813385,0.30469274520874023,0.2712027430534363,0.04114978387951851,0.04114978387951851,0.44898486137390137,-0.0887940302491188,0.1079668179154396,-0.44617244601249695,0.0,0.0,0.0,0.0,0.0,0.0,0.0
59957782966,0,-0.020798159763216972,-0.13267482817173004,-0.10788612812757492,-0.020798159763216972,-0.13267482817173004,-0.8078861236572266,-0.02779167890548706,0.028594914823770523,0.011476950719952583,0.0,0.0,0.0,-0.00414506858214736,-0.010033681057393551,2.3644680976867676,0.0,0.0,2.3644680976867676,-0.004344881046563387,0.003776448080316186,-0.0059347148053348064,0.03297796845436096,0.07991600036621094,7.303913298528641e-05,0.0,0.0,0.0,-1.6106115579605103,10.074911117553711,0.085479736328125,9.803629875183105,1.649479866027832,-10.0,-9.880064010620117,11.427017211914062,2.0,2.0,21.087005615234375,0.2989746034145355,0.28977540135383606,0.30357420444488525,0.29590821266174316,0.0,0.30469265580177307,0.30469265580177307,0.30469265580177307,0.30469265580177307,0.0,0.05699179321527481,0.03685704618692398,-9.80813217163086,0.0,0.0,0.0,0.0,0.0,0.0,0.0,0.0,0.0,0.0,0.0,0.0,0.0,0.0,0.0,0.30469274520874023,0.30469274520874023,0.304692804813385,0.30469274520874023,0.2712027430534363,0.04114978387951851,0.04114978387951851,0.44898486137390137,-0.0887940302491188,0.1079668179154396,-0.44617244601249695,0.0,0.0,0.0,0.0,0.0,0.0,0.0
59967363523,0,-0.020798159763216972,-0.13267482817173004,-0.10788612812757492,-0.020798159763216972,-0.13267482817173004,-0.8078861236572266,-0.02779167890548706,0.028594914823770523,0.011476950719952583,0.0,0.0,0.0,-0.00414506858214736,-0.010033681057393551,2.3644680976867676,0.0,0.0,2.3644680976867676,-0.0045153130777180195,0.0037630139850080013,-0.008853992447257042,0.03297796845436096,0.07991600036621094,7.303913298528641e-05,0.0,0.0,0.0,-1.6097967624664307,10.075140953063965,0.08695793151855469,9.803656578063965,1.647987723350525,-10.0,-9.880289077758789,11.389993667602539,2.0,2.0,21.12466812133789,0.2989746034145355,0.28977540135383606,0.30357420444488525,0.29590821266174316,0.0,0.30469265580177307,0.30469265580177307,0.30469265580177307,0.30469265580177307,0.0,0.015202725306153297,0.011759107932448387,-9.799140930175781,0.0,0.0,0.0,0.0,0.0,0.0,0.0,0.0,0.0,0.0,0.0,0.0,0.0,0.0,0.0,0.30469274520874023,0.30469274520874023,0.304692804813385,0.30469274520874023,0.26873379945755005,0.04114978387951851,0.04114978387951851,0.45119696855545044,-0.047571711242198944,0.056167762726545334,-0.36232975125312805,0.0,0.0,0.0,0.0,0.0,0.0,0.0
59977270000,0,-0.020944740623235703,-0.13252927362918854,-0.10786710679531097,-0.020944740623235703,-0.13252927362918854,-0.8078671097755432,-0.028320344164967537,0.02874169871211052,0.011539626866579056,0.0,0.0,0.0,-0.0041863201186060905,-0.010027354583144188,2.3644282817840576,0.0,0.0,2.3644282817840576,-0.0045153130777180195,0.0037630139850080013,-0.008853992447257042,0.0331999771296978,0.07946574687957764,8.216853893827647e-05,0.0,0.0,0.0,-1.6097967624664307,10.075140953063965,0.08695793151855469,9.803656578063965,1.647987723350525,-10.0,-9.880289077758789,11.389993667602539,2.0,2.0,21.12466812133789,0.2989746034145355,0.28977540135383606,0.30357420444488525,0.29590821266174316,0.0,0.30469265580177307,0.30469265580177307,0.30469265580177307,0.30469265580177307,0.0,-0.0010189440799877048,0.022312525659799576,-9.79007625579834,0.0,0.0,0.0,0.0,0.0,0.0,0.0,0.0,0.0,0.0,0.0,0.0,0.0,0.0,0.0,0.30469274520874023,0.30469274520874023,0.304692804813385,0.30469274520874023,0.26873379945755005,0.04114978387951851,0.04114978387951851,0.45119696855545044,-0.047571711242198944,0.056167762726545334,-0.36232975125312805,0.0,0.0,0.0,0.0,0.0,0.0,0.0
59987520434,0,-0.021237393841147423,-0.13225336372852325,-0.10782752931118011,-0.021237393841147423,-0.13225336372852325,-0.8078275322914124,-0.027806583791971207,0.028833594173192978,0.011515758000314236,0.0,0.0,0.0,-0.00419403612613678,-0.009928558953106403,2.364330291748047,0.0,0.0,2.364330291748047,-0.003397836349904537,0.0036499137058854103,-0.009455466642975807,0.03370586782693863,0.07866927236318588,3.5775119613390416e-05,0.0,0.0,0.0,-1.6100950241088867,10.075246810913086,0.08502006530761719,9.803790092468262,1.646493673324585,-10.0,-9.880651473999023,11.440391540527344,2.0,2.0,21.07468032836914,0.2989746034145355,0.28977540135383606,0.30357420444488525,0.29590821266174316,0.0,0.30469265580177307,0.30469265580177307,0.30469265580177307,0.30469265580177307,0.0,-0.11779697984457016,-0.035604123026132584,-9.80496597290039,0.0,0.0,0.0,0.0,0.0,0.0,0.0,0.0,0.0,0.0,0.0,0.0,0.0,0.0,0.0,0.30469274520874023,0.30469274520874023,0.304692804813385,0.30469274520874023,0.26873379945755005,0.04114978387951851,0.04114978387951851,0.45119696855545044,0.03414006531238556,0.003464172128587961,-0.10213815420866013,0.0,0.0,0.0,0.0,0.0,0.0,0.0
59999745514,0,-0.021237393841147423,-0.13225336372852325,-0.10782752931118011,-0.021237393841147423,-0.13225336372852325,-0.8078275322914124,-0.027806583791971207,0.028833594173192978,0.011515758000314236,0.0,0.0,0.0,-0.00419403612613678,-0.009928558953106403,2.364330291748047,0.0,0.0,2.364330291748047,-0.0017999093979597092,0.002875513629987836,-0.0017503431299701333,0.03370586782693863,0.07866927236318588,3.5775119613390416e-05,0.0,0.0,0.0,-1.6102787256240845,10.07540512084961,0.07577991485595703,9.80385971069336,1.6449151039123535,-10.0,-9.88088321685791,11.68207836151123,2.0,2.0,20.833728790283203,0.2989746034145355,0.28977540135383606,0.30357420444488525,0.29590821266174316,0.0,0.30469265580177307,0.30469265580177307,0.30469265580177307,0.30469265580177307,0.0,-0.11779697984457016,-0.035604123026132584,-9.80496597290039,0.0,0.0,0.0,0.0,0.0,0.0,0.0,0.0,0.0,0.0,0.0,0.0,0.0,0.0,0.0,0.30469274520874023,0.30469274520874023,0.304692804813385,0.30469274520874023,0.27446314692497253,0.04114978387951851,0.04114978387951851,0.4459763169288635,0.07665473967790604,-0.03344370797276497,0.25185057520866394,0.0,0.0,0.0,0.0,0.0,0.0,0.0
60007834152,0,-0.021622685715556145,-0.13185963034629822,-0.1077684536576271,-0.021622685715556145,-0.13185963034629822,-0.8077684640884399,-0.023713676258921623,0.028586365282535553,0.011392533779144287,0.0,0.0,0.0,-0.004227022640407085,-0.00980458315461874,2.364495038986206,0.0,0.0,2.364495038986206,-0.0017999093979597092,0.002875513629987836,-0.0017503431299701333,0.03360297158360481,0.07794667035341263,-5.053891072748229e-05,0.0,0.0,0.0,-1.6102787256240845,10.07540512084961,0.07577991485595703,9.80385971069336,1.6449151039123535,-10.0,-9.88088321685791,11.68207836151123,2.0,2.0,20.833728790283203,0.2989746034145355,0.28977540135383606,0.30357420444488525,0.29590821266174316,0.0,0.30469265580177307,0.30469265580177307,0.30469265580177307,0.30469265580177307,0.0,-0.18510039150714874,-0.07857891917228699,-9.800092697143555,0.0,0.0,0.0,0.0,0.0,0.0,0.0,0.0,0.0,0.0,0.0,0.0,0.0,0.0,0.0,0.30469274520874023,0.30469274520874023,0.304692804813385,0.30469274520874023,0.27446314692497253,0.04114978387951851,0.04114978387951851,0.4459763169288635,0.07665473967790604,-0.03344370797276497,0.25185057520866394,0.0,0.0,0.0,0.0,0.0,0.0,0.0
60017551775,0,-0.02172592468559742,-0.13174037635326385,-0.10775081813335419,-0.02172592468559742,-0.13174037635326385,-0.8077508211135864,-0.022214267402887344,0.028351787477731705,0.011425781063735485,0.0,0.0,0.0,-0.004242265596985817,-0.009770226664841175,2.364631414413452,0.0,0.0,2.364631175994873,-0.001057464280165732,0.0018926390912383795,0.0030442490242421627,0.03372301906347275,0.07767404615879059,-0.00013872960698790848,0.0,0.0,0.0,-1.6101003885269165,10.076419830322266,0.07106590270996094,9.803893089294434,1.644150972366333,-10.0,-9.880870819091797,11.807306289672852,2.0,2.0,20.711854934692383,0.2989746034145355,0.28977540135383606,0.30357420444488525,0.29590821266174316,0.0,0.30469265580177307,0.30469265580177307,0.30469265580177307,0.30469265580177307,0.0,-0.18510039150714874,-0.07857891917228699,-9.800092697143555,0.0,0.0,0.0,0.0,0.0,0.0,0.0,0.0,0.0,0.0,0.0,0.0,0.0,0.0,0.0,0.30469274520874023,0.30469274520874023,0.304692804813385,0.30469274520874023,0.2769142985343933,0.04114978387951851,0.04114978387951851,0.44378554821014404,0.07299258559942245,-0.0637996643781662,0.3524317145347595,0.0,0.0,0.0,0.0,0.0,0.0,0.0
60027631958,0,-0.02172592468559742,-0.13174037635326385,-0.10775081813335419,-0.02172592468559742,-0.13174037635326385,-0.8077508211135864,-0.022214267402887344,0.028351787477731705,0.011425781063735485,0.0,0.0,0.0,-0.004242265596985817,-0.009770226664841175,2.364631414413452,0.0,0.0,2.364631175994873,-0.0009198242332786322,0.0011295396834611893,0.006874083075672388,0.03372301906347275,0.07767404615879059,-0.00013872960698790848,0.0,0.0,0.0,-1.6091259717941284,10.077091217041016,0.06778526306152344,9.803921699523926,1.644150972366333,-10.0,-9.880870819091797,11.895732879638672,2.0,2.0,20.62558364868164,0.2989746034145355,0.28977540135383606,0.30357420444488525,0.29590821266174316,0.0,0.30469265580177307,0.30469265580177307,0.30469265580177307,0.30469265580177307,0.0,-0.209616020321846,-0.08559223264455795,-9.801017761230469,0.0,0.0,0.0,0.0,0.0,0.0,0.0,0.0,0.0,0.0,0.0,0.0,0.0,0.0,0.0,0.30469274520874023,0.30469274520874023,0.304692804813385,0.30469274520874023,0.2769142985343933,0.04114978387951851,0.04114978387951851,0.44378554821014404,0.05062635615468025,-0.07219989597797394,0.38119325041770935,0.0,0.0,0.0,0.0,0.0,0.0,0.0
60037446814,0,-0.02188774198293686,-0.13151279091835022,-0.10771046578884125,-0.02188774198293686,-0.13151279091835022,-0.8077104687690735,-0.019062191247940063,0.027233494445681572,0.011731121689081192,0.0,0.0,0.0,-0.00424450496211648,-0.00974041223526001,2.3649370670318604,0.0,0.0,2.3649370670318604,-0.00036755827022716403,0.0009645569371059537,0.010492930188775063,0.033740460872650146,0.07743718475103378,-0.00016822072211652994,0.0,0.0,0.0,-1.6091642379760742,10.076871871948242,0.06505393981933594,9.803955078125,1.642735481262207,-10.0,-9.880614280700684,11.966772079467773,2.0,2.0,20.553905487060547,0.2989746034145355,0.28977540135383606,0.30357420444488525,0.29590821266174316,0.0,0.30469265580177307,0.30469265580177307,0.30469265580177307,0.30469265580177307,0.0,-0.209616020321846,-0.08559223264455795,-9.801017761230469,0.0,0.0,0.0,0.0,0.0,0.0,0.0,0.0,0.0,0.0,0.0,0.0,0.0,0.0,0.0,0.30469274520874023,0.30469274520874023,0.304692804813385,0.30469274520874023,0.2800309956073761,0.04114978387951851,0.04114978387951851,0.44094276428222656,0.05368318408727646,-0.03995877504348755,0.3609161078929901,0.0,0.0,0.0,0.0,0.0,0.0,0.0
60049624687,0,-0.02188774198293686,-0.13151279091835022,-0.10771046578884125,-0.021944822743535042,-0.13141292333602905,-0.8076922297477722,-0.019062191247940063,0.027233494445681572,0.011731121689081192,0.0,0.0,0.0,-0.00424450496211648,-0.00974041223526001,2.3649370670318604,0.0,0.0,2.3650851249694824,-0.00036755827022716403,0.0009645569371059537,0.010492930188775063,0.033740460872650146,0.07743718475103378,-0.00016822072211652994,0.0,0.0,0.0,-1.6091642379760742,10.076871871948242,0.06505393981933594,9.803955078125,1.642735481262207,-10.0,-9.880614280700684,11.966772079467773,2.0,2.0,20.553905487060547,0.2989746034145355,0.28977540135383606,0.30357420444488525,0.29590821266174316,0.0,0.30469265580177307,0.30469265580177307,0.30469265580177307,0.30469265580177307,0.0,-0.20927266776561737,-0.0836545079946518,-9.791788101196289,0.0,0.0,0.0,0.0,0.0,0.0,0.0,0.0,0.0,0.0,0.0,0.0,0.0,0.0,0.0,0.30469274520874023,0.30469274520874023,0.304692804813385,0.30469274520874023,0.2800309956073761,0.04114978387951851,0.04114978387951851,0.44094276428222656,0.05368318408727646,-0.03995877504348755,0.3609161078929901,0.0,0.0,0.0,0.0,0.0,0.0,0.0
60057521831,0,-0.021944822743535042,-0.13141292333602905,-0.10769222676753998,-0.021944822743535042,-0.13141292333602905,-0.8076922297477722,-0.017502477392554283,0.026827765628695488,0.011722092516720295,0.0,0.0,0.0,-0.004210474900901318,-0.009689961560070515,2.3650848865509033,0.0,0.0,2.3650851249694824,0.001545843668282032,0.0010848119854927063,0.011082515120506287,0.03347014635801315,0.07703600823879242,-0.00015315385826397687,0.0,0.0,0.0,-1.6106147766113281,10.075891494750977,0.0668344497680664,9.80402660369873,1.641367793083191,-10.0,-9.880202293395996,11.916345596313477,2.0,2.0,20.601255416870117,0.2989746034145355,0.28977540135383606,0.30357420444488525,0.29590821266174316,0.0,0.30469265580177307,0.30469265580177307,0.30469265580177307,0.30469265580177307,0.0,-0.1943897306919098,-0.07154839485883713,-9.784431457519531,0.0,0.0,0.0,0.0,0.0,0.0,0.0,0.0,0.0,0.0,0.0,0.0,0.0,0.0,0.0,0.30469274520874023,0.30469274520874023,0.304692804813385,0.30469274520874023,0.27904602885246277,0.04114978387951851,0.04114978387951851,0.44179555773735046,0.08537040650844574,-0.006892127450555563,0.09699008613824844,0.0,0.0,0.0,0.0,0.0,0.0,0.0
60067677662,0,-0.02200700156390667,-0.1312408298254013,-0.10765814036130905,-0.02200700156390667,-0.1312408298254013,-0.8076581358909607,-0.015179768204689026,0.026063980534672737,0.0115809990093112,0.0,0.0,0.0,-0.0041245361790061,-0.009675347246229649,2.3652684688568115,0.0,0.0,2.3652687072753906,0.0026975623331964016,0.00022205278219189495,0.009453656151890755,0.0327877514064312,0.07691947370767593,-9.218491322826594e-05,0.0,0.0,0.0,-1.6116693019866943,10.077141761779785,0.06905174255371094,9.804086685180664,1.641367793083191,-10.0,-9.880202293395996,11.858697891235352,2.0,2.0,20.662960052490234,0.2989746034145355,0.28977540135383606,0.30357420444488525,0.29590821266174316,0.0,0.30469265580177307,0.30469265580177307,0.30469265580177307,0.30469265580177307,0.0,-0.1943897306919098,-0.07154839485883713,-9.784431457519531,0.0,0.0,0.0,0.0,0.0,0.0,0.0,0.0,0.0,0.0,0.0,0.0,0.0,0.0,0.0,0.30469274520874023,0.30469274520874023,0.304692804813385,0.30469274520874023,0.27904602885246277,0.04114978387951851,0.04114978387951851,0.44179555773735046,0.10022606700658798,-0.044448208063840866,-0.026532795280218124,0.0,0.0,0.0,0.0,0.0,0.0,0.0
60077334444,0,-0.022029535844922066,-0.13102835416793823,-0.10762089490890503,-0.022029535844922066,-0.13102835416793823,-0.8076208829879761,-0.01421714574098587,0.02538079395890236,0.01150023564696312,0.0,0.0,0.0,-0.00402702484279871,-0.00964423455297947,2.365288257598877,0.0,0.0,2.365288257598877,0.0031936594750732183,-0.000716293347068131,0.00060320645570755,0.0327877514064312,0.07691947370767593,-9.218491322826594e-05,0.0,0.0,0.0,-1.6116693019866943,10.077141761779785,0.06905174255371094,9.804086685180664,1.6407572031021118,-10.0,-9.880032539367676,11.858697891235352,2.0,2.0,20.662960052490234,0.2989746034145355,0.28977540135383606,0.30357420444488525,0.29590821266174316,0.0,0.30469265580177307,0.30469265580177307,0.30469265580177307,0.30469265580177307,0.0,-0.15697528421878815,-0.004773043096065521,-9.798589706420898,0.0,0.0,0.0,0.0,0.0,0.0,0.0,0.0,0.0,0.0,0.0,0.0,0.0,0.0,0.0,0.30469274520874023,0.30469274520874023,0.304692804813385,0.30469274520874023,0.27791929244995117,0.04114978387951851,0.04114978387951851,0.44290605187416077,0.031399331986904144,-0.04049159213900566,-0.31930431723594666,0.0,0.0,0.0,0.0,0.0,0.0,0.0
60087631335,0,-0.022029535844922066,-0.13102835416793823,-0.10762089490890503,-0.022029535844922066,-0.13102835416793823,-0.8076208829879761,-0.01421714574098587,0.02538079395890236,0.01150023564696312,0.0,0.0,0.0,-0.00402702484279871,-0.00964423455297947,2.365288257598877,0.0,0.0,2.365288257598877,0.0033856509253382683,-0.0014711132971569896,-0.00424582976847887,0.03201403468847275,0.07667149603366852,2.18734385271091e-05,0.0,0.0,0.0,-1.6107028722763062,10.077766418457031,0.07848358154296875,9.804106712341309,1.639366626739502,-10.0,-9.879849433898926,11.498479843139648,2.0,2.0,21.02776527404785,0.2989746034145355,0.28977540135383606,0.30357420444488525,0.29590821266174316,0.0,0.30469265580177307,0.30469265580177307,0.30469265580177307,0.30469265580177307,0.0,-0.0644666999578476,0.039141375571489334,-9.800424575805664,0.0,0.0,0.0,0.0,0.0,0.0,0.0,0.0,0.0,0.0,0.0,0.0,0.0,0.0,0.0,0.30469274520874023,0.30469274520874023,0.304692804813385,0.30469274520874023,0.27313873171806335,0.04114978387951851,0.04114978387951851,0.44732630252838135,0.0243223924189806,-0.054258882999420166,-0.3870599865913391,0.0,0.0,0.0,0.0,0.0,0.0,0.0
60097580902,0,-0.022029535844922066,-0.13102835416793823,-0.10762089490890503,-0.022029535844922066,-0.13102835416793823,-0.8076208829879761,-0.01421714574098587,0.02538079395890236,0.01150023564696312,0.0,0.0,0.0,-0.00402702484279871,-0.00964423455297947,2.365288257598877,0.0,0.0,2.365288257598877,0.0033856509253382683,-0.0014711132971569896,-0.00424582976847887,0.03201403468847275,0.07667149603366852,2.18734385271091e-05,0.0,0.0,0.0,-1.6105844974517822,10.078696250915527,0.08298206329345703,9.804052352905273,1.6386733055114746,-10.0,-9.87989330291748,11.498479843139648,2.0,2.0,21.02776527404785,0.2989746034145355,0.28977540135383606,0.30357420444488525,0.29590821266174316,0.0,0.30469265580177307,0.30469265580177307,0.30469265580177307,0.30469265580177307,0.0,-0.0644666999578476,0.039141375571489334,-9.800424575805664,0.0,0.0,0.0,0.0,0.0,0.0,0.0,0.0,0.0,0.0,0.0,0.0,0.0,0.0,0.0,0.30469274520874023,0.30469274520874023,0.304692804813385,0.30469274520874023,0.27086398005485535,0.04114978387951851,0.04114978387951851,0.4494595527648926,0.0243223924189806,-0.054258882999420166,-0.3870599865913391,0.0,0.0,0.0,0.0,0.0,0.0,0.0
60108283553,0,-0.02203981950879097,-0.13095879554748535,-0.10760987550020218,-0.02203981950879097,-0.13095879554748535,-0.8076098561286926,-0.014812439680099487,0.025186479091644287,0.011619449593126774,0.0,0.0,0.0,-0.003989592660218477,-0.009645655751228333,2.3652114868164062,0.0,0.0,2.3652114868164062,0.003223129315301776,-0.001395018887706101,-0.00784720852971077,0.03171765059232712,0.07668230682611465,0.00011521796113811433,0.0,0.0,0.0,-1.6105844974517822,10.078696250915527,0.08298206329345703,9.804052352905273,1.6386733055114746,-10.0,-9.87989330291748,11.412900924682617,2.0,2.0,21.111024856567383,0.2989746034145355,0.28977540135383606,0.30357420444488525,0.29590821266174316,0.0,0.30469265580177307,0.30469265580177307,0.30469265580177307,0.30469265580177307,0.0,-0.030504601076245308,0.0815504714846611,-9.784573554992676,0.0,0.0,0.0,0.0,0.0,0.0,0.0,0.0,0.0,0.0,0.0,0.0,0.0,0.0,0.0,0.30469274520874023,0.30469274520874023,0.304692804813385,0.30469274520874023,0.27086398005485535,0.04114978387951851,0.04114978387951851,0.4494595527648926,0.001313090673647821,-0.022879986092448235,-0.3595064580440521,0.0,0.0,0.0,0.0,0.0,0.0,0.0
60117323757,0,-0.022063622251152992,-0.13082900643348694,-0.10758502781391144,-0.022063622251152992,-0.13082900643348694,-0.8075850009918213,-0.016752567142248154,0.02506401762366295,0.011631349101662636,0.0,0.0,0.0,-0.003926212899386883,-0.009624802507460117,2.3650927543640137,0.0,0.0,2.3650927543640137,0.003223129315301776,-0.001395018887706101,-0.00784720852971077,0.031213663518428802,0.07651657611131668,0.00010501100041437894,0.0,0.0,0.0,-1.6088367700576782,10.078042984008789,0.0863180160522461,9.80403995513916,1.6373997926712036,-10.0,-9.880172729492188,11.412900924682617,2.0,2.0,21.111024856567383,0.2989746034145355,0.28977540135383606,0.30357420444488525,0.29590821266174316,0.0,0.30469265580177307,0.30469265580177307,0.30469265580177307,0.30469265580177307,0.0,-0.030504601076245308,0.0815504714846611,-9.784573554992676,0.0,0.0,0.0,0.0,0.0,0.0,0.0,0.0,0.0,0.0,0.0,0.0,0.0,0.0,0.0,0.30469274520874023,0.30469274520874023,0.304692804813385,0.30469274520874023,0.269183874130249,0.04114978387951851,0.04114978387951851,0.450952410697937,0.001313090673647821,-0.022879986092448235,-0.3595064580440521,0.0,0.0,0.0,0.0,0.0,0.0,0.0
60127576076,0,-0.02208099514245987,-0.1307683289051056,-0.10757408291101456,-0.02208099514245987,-0.1307683289051056,-0.8075740933418274,-0.01781533844769001,0.02511405572295189,0.011443549767136574,0.0,0.0,0.0,-0.0039058730471879244,-0.009622203186154366,2.365049123764038,0.0,0.0,2.365049362182617,0.002616472775116563,-0.0009505324997007847,-0.010355137288570404,0.031213663518428802,0.07651657611131668,0.00010501100041437894,0.0,0.0,0.0,-1.6088367700576782,10.078042984008789,0.0863180160522461,9.80403995513916,1.6373997926712036,-10.0,-9.880172729492188,11.42463207244873,2.0,2.0,21.096729278564453,0.2989746034145355,0.28977540135383606,0.30357420444488525,0.29590821266174316,0.0,0.30469265580177307,0.30469265580177307,0.30469265580177307,0.30469265580177307,0.0,0.05462277680635452,0.09193621575832367,-9.802149772644043,0.0,0.0,0.0,0.0,0.0,0.0,0.0,0.0,0.0,0.0,0.0,0.0,0.0,0.0,0.0,0.30469274520874023,0.30469274520874023,0.304692804813385,0.30469274520874023,0.269183874130249,0.04114978387951851,0.04114978387951851,0.450952410697937,-0.019072415307164192,0.018527597188949585,-0.1766694337129593,0.0,0.0,0.0,0.0,0.0,0.0,0.0
60137482053,0,-0.02208099514245987,-0.1307683289051056,-0.10757408291101456,-0.02208099514245987,-0.1307683289051056,-0.8075740933418274,-0.01781533844769001,0.02511405572295189,0.011443549767136574,0.0,0.0,0.0,-0.0039058730471879244,-0.009622203186154366,2.365049123764038,0.0,0.0,2.365049362182617,0.0012176285963505507,-7.702002767473459e-05,-0.0054796067997813225,0.031051579862833023,0.07649604231119156,7.496450416510925e-05,0.0,0.0,0.0,-1.607115387916565,10.075874328613281,0.08276939392089844,9.80413818359375,1.6360158920288086,-10.0,-9.88056468963623,11.601286888122559,2.0,2.0,20.915462493896484,0.2989746034145355,0.28977540135383606,0.30357420444488525,0.29590821266174316,0.0,0.30469265580177307,0.30469265580177307,0.30469265580177307,0.30469265580177307,0.0,0.05746544152498245,0.11247886717319489,-9.805042266845703,0.0,0.0,0.0,0.0,0.0,0.0,0.0,0.0,0.0,0.0,0.0,0.0,0.0,0.0,0.0,0.30469274520874023,0.30469274520874023,0.304692804813385,0.30469274520874023,0.2709905803203583,0.04114978387951851,0.04114978387951851,0.4491758942604065,-0.06843104213476181,0.032964665442705154,0.14385396242141724,0.0,0.0,0.0,0.0,0.0,0.0,0.0
60147949604,0,-0.022156845778226852,-0.13063372671604156,-0.10755551606416702,-0.022156845778226852,-0.13063372671604156,-0.8075554966926575,-0.020645296201109886,0.025869786739349365,0.011202055029571056,0.0,0.0,0.0,-0.003867601975798607,-0.00957279372960329,2.3650574684143066,0.0,0.0,2.3650574684143066,0.0012176285963505507,-7.702002767473459e-05,-0.0054796067997813225,0.030746106058359146,0.07610375434160233,-2.279669206473045e-05,0.0,0.0,0.0,-1.6052026748657227,10.075851440429688,0.07919979095458984,9.8041353225708,1.6354154348373413,-10.0,-9.880681037902832,11.601286888122559,2.0,2.0,20.915462493896484,0.2989746034145355,0.28977540135383606,0.30357420444488525,0.29590821266174316,0.0,0.30469265580177307,0.30469265580177307,0.30469265580177307,0.30469265580177307,0.0,0.05746544152498245,0.11247886717319489,-9.805042266845703,0.0,0.0,0.0,0.0,0.0,0.0,0.0,0.0,0.0,0.0,0.0,0.0,0.0,0.0,0.0,0.30469274520874023,0.30469274520874023,0.304692804813385,0.30469274520874023,0.2728801369667053,0.04114978387951851,0.04114978387951851,0.44744426012039185,-0.06843104213476181,0.032964665442705154,0.14385396242141724,0.0,0.0,0.0,0.0,0.0,0.0,0.0
60157298203,0,-0.022156845778226852,-0.13063372671604156,-0.10755551606416702,-0.02227531373500824,-0.1304999440908432,-0.8075405359268188,-0.020645296201109886,0.025869786739349365,0.011202055029571056,0.0,0.0,0.0,-0.003867601975798607,-0.00957279372960329,2.3650574684143066,0.0,0.0,2.3652217388153076,0.0007237744866870344,0.0005114677478559315,0.0031888983212411404,0.030746106058359146,0.07610375434160233,-2.279669206473045e-05,0.0,0.0,0.0,-1.6052026748657227,10.075851440429688,0.07919979095458984,9.8041353225708,1.6354154348373413,-10.0,-9.880681037902832,11.601286888122559,2.0,2.0,20.915462493896484,0.2989746034145355,0.28977540135383606,0.30357420444488525,0.29590821266174316,0.0,0.30469265580177307,0.30469265580177307,0.30469265580177307,0.30469265580177307,0.0,0.08843426406383514,0.1052054911851883,-9.779671669006348,0.0,0.0,0.0,0.0,0.0,0.0,0.0,0.0,0.0,0.0,0.0,0.0,0.0,0.0,0.0,0.30469274520874023,0.30469274520874023,0.304692804813385,0.30469274520874023,0.2728801369667053,0.04114978387951851,0.04114978387951851,0.44744426012039185,-0.034143198281526566,0.04206845164299011,0.3551664352416992,0.0,0.0,0.0,0.0,0.0,0.0,0.0
60167242447,0,-0.02227531373500824,-0.1304999440908432,-0.10754057765007019,-0.02227531373500824,-0.1304999440908432,-0.8075405359268188,-0.023753128945827484,0.02663475088775158,0.01132868230342865,0.0,0.0,0.0,-0.003848019754514098,-0.009547960944473743,2.3652217388153076,0.0,0.0,2.3652217388153076,0.0007237744866870344,0.0005114677478559315,0.0031888983212411404,0.030494052916765213,0.07553466409444809,-5.83829460083507e-05,0.0,0.0,0.0,-1.6038874387741089,10.07497501373291,0.0706787109375,9.804022789001465,1.6340945959091187,-10.0,-9.880715370178223,11.824850082397461,2.0,2.0,20.68916893005371,0.2989746034145355,0.28977540135383606,0.30357420444488525,0.29590821266174316,0.0,0.30469265580177307,0.30469265580177307,0.30469265580177307,0.30469265580177307,0.0,0.08843426406383514,0.1052054911851883,-9.779671669006348,0.0,0.0,0.0,0.0,0.0,0.0,0.0,0.0,0.0,0.0,0.0,0.0,0.0,0.0,0.0,0.30469274520874023,0.30469274520874023,0.304692804813385,0.30469274520874023,0.2728801369667053,0.04114978387951851,0.04114978387951851,0.44744426012039185,-0.034143198281526566,0.04206845164299011,0.3551664352416992,0.0,0.0,0.0,0.0,0.0,0.0,0.0
60178570764,0,-0.02245401218533516,-0.13034257292747498,-0.10752678662538528,-0.02245401218533516,-0.13034257292747498,-0.8075267672538757,-0.026353564113378525,0.027010241523385048,0.011673817411065102,0.0,0.0,0.0,-0.003885650308802724,-0.009506044909358025,2.365475654602051,0.0,0.0,2.365475654602051,-0.00012399601109791547,0.0005361200892366469,0.007103938143700361,0.030494052916765213,0.07553466409444809,-5.83829460083507e-05,0.0,0.0,0.0,-1.6038874387741089,10.07497501373291,0.0706787109375,9.804022789001465,1.6340945959091187,-10.0,-9.880715370178223,11.905740737915039,2.0,2.0,20.607759475708008,0.2989746034145355,0.28977540135383606,0.30357420444488525,0.29590821266174316,0.0,0.30469265580177307,0.30469265580177307,0.30469265580177307,0.30469265580177307,0.0,0.08843426406383514,0.1052054911851883,-9.779671669006348,0.0,0.0,0.0,0.0,0.0,0.0,0.0,0.0,0.0,0.0,0.0,0.0,0.0,0.0,0.0,0.30469274520874023,0.30469274520874023,0.304692804813385,0.30469274520874023,0.2772575318813324,0.04114978387951851,0.04114978387951851,0.44337743520736694,-0.059395406395196915,0.018388735130429268,0.35995572805404663,0.0,0.0,0.0,0.0,0.0,0.0,0.0
60187025112,0,-0.02245401218533516,-0.13034257292747498,-0.10752678662538528,-0.02245401218533516,-0.13034257292747498,-0.8075267672538757,-0.026353564113378525,0.027010241523385048,0.011673817411065102,0.0,0.0,0.0,-0.003885650308802724,-0.009506044909358025,2.365475654602051,0.0,0.0,2.365475654602051,-0.0006718179793097079,0.0006299515953287482,0.009935051202774048,0.03088851273059845,0.07557356357574463,-0.00010978961654473096,0.0,0.0,0.0,-1.600598692893982,10.074583053588867,0.0657663345336914,9.803962707519531,1.633378505706787,-10.0,-9.880610466003418,11.957880020141602,2.0,2.0,20.554725646972656,0.2989746034145355,0.28977540135383606,0.30357420444488525,0.29590821266174316,0.0,0.30469265580177307,0.30469265580177307,0.30469265580177307,0.30469265580177307,0.0,0.06922444701194763,0.10446450114250183,-9.790712356567383,0.0,0.0,0.0,0.0,0.0,0.0,0.0,0.0,0.0,0.0,0.0,0.0,0.0,0.0,0.0,0.30469274520874023,0.30469274520874023,0.304692804813385,0.30469274520874023,0.27883875370025635,0.04114978387951851,0.04114978387951851,0.4419124126434326,-0.059537701308727264,0.0102819399908185,0.31430724263191223,0.0,0.0,0.0,0.0,0.0,0.0,0.0
60197331434,0,-0.02245401218533516,-0.13034257292747498,-0.10752678662538528,-0.02265831083059311,-0.13018764555454254,-0.8075089454650879,-0.026353564113378525,0.027010241523385048,0.011673817411065102,0.0,0.0,0.0,-0.003885650308802724,-0.009506044909358025,2.365475654602051,0.0,0.0,2.3657288551330566,-0.0014240569435060024,0.0006488179787993431,0.011021937243640423,0.03088851273059845,0.07557356357574463,-0.00010978961654473096,0.0,0.0,0.0,-1.5990489721298218,10.07445240020752,0.0658578872680664,9.803942680358887,1.6319222450256348,-10.0,-9.88023853302002,11.957704544067383,2.0,2.0,20.554351806640625,0.2989746034145355,0.28977540135383606,0.30357420444488525,0.29590821266174316,0.0,0.30469265580177307,0.30469265580177307,0.30469265580177307,0.30469265580177307,0.0,0.06922444701194763,0.10446450114250183,-9.790712356567383,0.0,0.0,0.0,0.0,0.0,0.0,0.0,0.0,0.0,0.0,0.0,0.0,0.0,0.0,0.0,0.30469274520874023,0.30469274520874023,0.304692804813385,0.30469274520874023,0.2798539698123932,0.04114978387951851,0.04114978387951851,0.4409509599208832,-0.07086605578660965,0.010209724307060242,0.20951341092586517,0.0,0.0,0.0,0.0,0.0,0.0,0.0
60207528625,0,-0.02265831083059311,-0.13018764555454254,-0.10750894248485565,-0.02265831083059311,-0.13018764555454254,-0.8075089454650879,-0.027831632643938065,0.02708568423986435,0.011804357171058655,0.0,0.0,0.0,-0.0038670252542942762,-0.009459485299885273,2.3657286167144775,0.0,0.0,2.3657288551330566,-0.0014240569435060024,0.0006488179787993431,0.011021937243640423,0.030740562826395035,0.07520338147878647,-0.0001017785252770409,0.0,0.0,0.0,-1.5971310138702393,10.071441650390625,0.07104110717773438,9.803905487060547,1.6305395364761353,-10.0,-9.879887580871582,11.820280075073242,2.0,2.0,20.681821823120117,0.2989746034145355,0.28977540135383606,0.30357420444488525,0.29590821266174316,0.0,0.30469265580177307,0.30469265580177307,0.30469265580177307,0.30469265580177307,0.0,0.06922444701194763,0.10446450114250183,-9.790712356567383,0.0,0.0,0.0,0.0,0.0,0.0,0.0,0.0,0.0,0.0,0.0,0.0,0.0,0.0,0.0,0.30469274520874023,0.30469274520874023,0.304692804813385,0.30469274520874023,0.27716824412345886,0.04114978387951851,0.04114978387951851,0.4432452619075775,-0.07086605578660965,0.010209724307060242,0.20951341092586517,0.0,0.0,0.0,0.0,0.0,0.0,0.0
60217772965,0,-0.022870667278766632,-0.13003619015216827,-0.10749306529760361,-0.022870667278766632,-0.13003619015216827,-0.8074930310249329,-0.027360541746020317,0.027408771216869354,0.011589083820581436,0.0,0.0,0.0,-0.0038958254735916853,-0.009341047145426273,2.3658783435821533,0.0,0.0,2.3658783435821533,-0.00210682675242424,0.0017444380791857839,0.003791657742112875,0.0309701357036829,0.07426157593727112,-5.523496656678617e-05,0.0,0.0,0.0,-1.5971310138702393,10.071441650390625,0.07104110717773438,9.803905487060547,1.6305395364761353,-10.0,-9.879887580871582,11.712726593017578,2.0,2.0,20.79258918762207,0.2989746034145355,0.28977540135383606,0.30357420444488525,0.29590821266174316,0.0,0.30469265580177307,0.30469265580177307,0.30469265580177307,0.30469265580177307,0.0,-0.0745488777756691,0.009993293322622776,-9.80027961730957,0.0,0.0,0.0,0.0,0.0,0.0,0.0,0.0,0.0,0.0,0.0,0.0,0.0,0.0,0.0,0.30469274520874023,0.30469274520874023,0.304692804813385,0.30469274520874023,0.27716824412345886,0.04114978387951851,0.04114978387951851,0.4432452619075775,-0.028393922373652458,0.00369313545525074,-0.21938692033290863,0.0,0.0,0.0,0.0,0.0,0.0,0.0
60227225405,0,-0.02297133207321167,-0.1299651712179184,-0.10748748481273651,-0.02297133207321167,-0.1299651712179184,-0.8074874877929688,-0.026789460331201553,0.027428433299064636,0.011620849370956421,0.0,0.0,0.0,-0.003924462478607893,-0.009342881850898266,2.3658690452575684,0.0,0.0,2.3658692836761475,-0.00210682675242424,0.0017444380791857839,0.003791657742112875,0.0309701357036829,0.07426157593727112,-5.523496656678617e-05,0.0,0.0,0.0,-1.5962064266204834,10.072494506835938,0.0752725601196289,9.803885459899902,1.629796028137207,-10.0,-9.879782676696777,11.712726593017578,2.0,2.0,20.79258918762207,0.2989746034145355,0.28977540135383606,0.30357420444488525,0.29590821266174316,0.0,0.30469265580177307,0.30469265580177307,0.30469265580177307,0.30469265580177307,0.0,-0.0745488777756691,0.009993293322622776,-9.80027961730957,0.0,0.0,0.0,0.0,0.0,0.0,0.0,0.0,0.0,0.0,0.0,0.0,0.0,0.0,0.0,0.30469274520874023,0.30469274520874023,0.304692804813385,0.30469274520874023,0.2750633955001831,0.04114978387951851,0.04114978387951851,0.44523704051971436,-0.028393922373652458,0.00369313545525074,-0.21938692033290863,0.0,0.0,0.0,0.0,0.0,0.0,0.0
60237193618,0,-0.02297133207321167,-0.1299651712179184,-0.10748748481273651,-0.02297133207321167,-0.1299651712179184,-0.8074874877929688,-0.026789460331201553,0.027428433299064636,0.011620849370956421,0.0,0.0,0.0,-0.003924462478607893,-0.009342881850898266,2.3658690452575684,0.0,0.0,2.3658692836761475,-0.00210682675242424,0.0017444380791857839,0.003791657742112875,0.031198885291814804,0.07427570223808289,3.3118143619503826e-05,0.0,0.0,0.0,-1.5962064266204834,10.072494506835938,0.0752725601196289,9.803885459899902,1.629796028137207,-10.0,-9.879782676696777,11.712726593017578,2.0,2.0,20.79258918762207,0.2989746034145355,0.28977540135383606,0.30357420444488525,0.29590821266174316,0.0,0.30469265580177307,0.30469265580177307,0.30469265580177307,0.30469265580177307,0.0,-0.1017414927482605,-0.0037908516824245453,-9.810811042785645,0.0,0.0,0.0,0.0,0.0,0.0,0.0,0.0,0.0,0.0,0.0,0.0,0.0,0.0,0.0,0.30469274520874023,0.30469274520874023,0.304692804813385,0.30469274520874023,0.2750633955001831,0.04114978387951851,0.04114978387951851,0.44523704051971436,-0.028393922373652458,0.00369313545525074,-0.21938692033290863,0.0,0.0,0.0,0.0,0.0,0.0,0.0
60247443249,0,-0.02315431833267212,-0.12982702255249023,-0.10747885704040527,-0.02315431833267212,-0.12982702255249023,-0.8074788451194763,-0.025138147175312042,0.02715279906988144,0.011484656482934952,0.0,0.0,0.0,-0.003947881981730461,-0.00925646722316742,2.3658387660980225,0.0,0.0,2.3658387660980225,-0.0017390812281519175,0.0020271160174161196,-0.0026191025972366333,0.031169816851615906,0.07343900203704834,6.534772546729073e-05,0.0,0.0,0.0,-1.5955595970153809,10.071391105651855,0.0812225341796875,9.803853988647461,1.629796028137207,-10.0,-9.879782676696777,11.556317329406738,2.0,2.0,20.94526481628418,0.2989746034145355,0.28977540135383606,0.30357420444488525,0.29590821266174316,0.0,0.30469265580177307,0.30469265580177307,0.30469265580177307,0.30469265580177307,0.0,-0.1445455402135849,-0.028971679508686066,-9.797150611877441,0.0,0.0,0.0,0.0,0.0,0.0,0.0,0.0,0.0,0.0,0.0,0.0,0.0,0.0,0.0,0.30469274520874023,0.30469274520874023,0.304692804813385,0.30469274520874023,0.2750633955001831,0.04114978387951851,0.04114978387951851,0.44523704051971436,0.00598579877987504,0.016982655972242355,-0.32813459634780884,0.0,0.0,0.0,0.0,0.0,0.0,0.0
60257405548,0,-0.023234890773892403,-0.12976320087909698,-0.10747479647397995,-0.023234890773892403,-0.12976320087909698,-0.8074747920036316,-0.02413645014166832,0.026781555265188217,0.011536738835275173,0.0,0.0,0.0,-0.003972695209085941,-0.009222478605806828,2.3657891750335693,0.0,0.0,2.3657894134521484,-0.0008646870264783502,0.00352478283457458,-0.005273836199194193,0.031169816851615906,0.07343900203704834,6.534772546729073e-05,0.0,0.0,0.0,-1.5957835912704468,10.069025993347168,0.08293914794921875,9.803842544555664,1.628624439239502,-10.0,-9.87977409362793,11.507259368896484,2.0,2.0,20.986698150634766,0.2989746034145355,0.28977540135383606,0.30357420444488525,0.29590821266174316,0.0,0.30469265580177307,0.30469265580177307,0.30469265580177307,0.30469265580177307,0.0,-0.1445455402135849,-0.028971679508686066,-9.797150611877441,0.0,0.0,0.0,0.0,0.0,0.0,0.0,0.0,0.0,0.0,0.0,0.0,0.0,0.0,0.0,0.30469274520874023,0.30469274520874023,0.304692804813385,0.30469274520874023,0.2750633955001831,0.04114978387951851,0.04114978387951851,0.44523704051971436,0.04463733732700348,0.07670272141695023,-0.28888094425201416,0.0,0.0,0.0,0.0,0.0,0.0,0.0
60267354345,0,-0.023234890773892403,-0.12976320087909698,-0.10747479647397995,-0.023234890773892403,-0.12976320087909698,-0.8074747920036316,-0.02413645014166832,0.026781555265188217,0.011536738835275173,0.0,0.0,0.0,-0.003972695209085941,-0.009222478605806828,2.3657891750335693,0.0,0.0,2.3657894134521484,-0.00010293892410118133,0.002720539690926671,-0.006647213362157345,0.031374070793390274,0.07311492413282394,6.0210855735931545e-05,0.0,0.0,0.0,-1.5957835912704468,10.069025993347168,0.08293914794921875,9.803842544555664,1.6277848482131958,-10.0,-9.879876136779785,11.523561477661133,2.0,2.0,20.973194122314453,0.2989746034145355,0.28977540135383606,0.30357420444488525,0.29590821266174316,0.0,0.30469265580177307,0.30469265580177307,0.30469265580177307,0.30469265580177307,0.0,-0.1445455402135849,-0.028971679508686066,-9.797150611877441,0.0,0.0,0.0,0.0,0.0,0.0,0.0,0.0,0.0,0.0,0.0,0.0,0.0,0.0,0.0,0.30469274520874023,0.30469274520874023,0.304692804813385,0.30469274520874023,0.2710361182689667,0.04114978387951851,0.04114978387951851,0.4487229585647583,0.0338871106505394,-0.012076977640390396,-0.1038757860660553,0.0,0.0,0.0,0.0,0.0,0.0,0.0
60277506757,0,-0.02336769737303257,-0.1296355128288269,-0.10747047513723373,-0.02336769737303257,-0.1296355128288269,-0.807470440864563,-0.020446129143238068,0.025710197165608406,0.011333839036524296,0.0,0.0,0.0,-0.0039484198205173016,-0.00912058912217617,2.3656468391418457,0.0,0.0,2.3656468391418457,-0.00010293892410118133,0.002720539690926671,-0.006647213362157345,0.031389735639095306,0.0725083276629448,6.315437349257991e-05,0.0,0.0,0.0,-1.595184564590454,10.069908142089844,0.08240604400634766,9.803802490234375,1.6263383626937866,-10.0,-9.88013744354248,11.523561477661133,2.0,2.0,20.973194122314453,0.2989746034145355,0.28977540135383606,0.30357420444488525,0.29590821266174316,0.0,0.30469265580177307,0.30469265580177307,0.30469265580177307,0.30469265580177307,0.0,-0.15381033718585968,-0.05366136133670807,-9.816316604614258,0.0,0.0,0.0,0.0,0.0,0.0,0.0,0.0,0.0,0.0,0.0,0.0,0.0,0.0,0.0,0.30469274520874023,0.30469274520874023,0.304692804813385,0.30469274520874023,0.2713558077812195,0.04114978387951851,0.04114978387951851,0.44848060607910156,0.0338871106505394,-0.012076977640390396,-0.1038757860660553,0.0,0.0,0.0,0.0,0.0,0.0,0.0
60288411470,0,-0.02336769737303257,-0.1296355128288269,-0.10747047513723373,-0.02336769737303257,-0.1296355128288269,-0.807470440864563,-0.020446129143238068,0.025710197165608406,0.011333839036524296,0.0,0.0,0.0,-0.0039484198205173016,-0.00912058912217617,2.3656468391418457,0.0,0.0,2.3656468391418457,0.0005130624049343169,-0.0008684333879500628,-0.0026993080973625183,0.031389735639095306,0.0725083276629448,6.315437349257991e-05,0.0,0.0,0.0,-1.5948717594146729,10.07524299621582,0.07734298706054688,9.803712844848633,1.6250126361846924,-10.0,-9.880324363708496,11.665071487426758,2.0,2.0,20.848922729492188,0.2989746034145355,0.28977540135383606,0.30357420444488525,0.29590821266174316,0.0,0.30469265580177307,0.30469265580177307,0.30469265580177307,0.30469265580177307,0.0,-0.15381033718585968,-0.05366136133670807,-9.816316604614258,0.0,0.0,0.0,0.0,0.0,0.0,0.0,0.0,0.0,0.0,0.0,0.0,0.0,0.0,0.0,0.30469274520874023,0.30469274520874023,0.304692804813385,0.30469274520874023,0.2741299271583557,0.04114978387951851,0.04114978387951851,0.4462493360042572,0.04411543533205986,-0.1565084606409073,0.12902411818504333,0.0,0.0,0.0,0.0,0.0,0.0,0.0
60297531134,0,-0.02340705320239067,-0.12956054508686066,-0.10747207701206207,-0.02340705320239067,-0.12956054508686066,-0.8074720501899719,-0.018092095851898193,0.025067679584026337,0.011204618960618973,0.0,0.0,0.0,-0.003911465406417847,-0.009158405475318432,2.365664005279541,0.0,0.0,2.365664005279541,0.0016547930426895618,-0.0024589982349425554,0.0009650575229898095,0.031095143407583237,0.07280932366847992,-3.890898824465694e-06,0.0,0.0,0.0,-1.595856785774231,10.076749801635742,0.07355785369873047,9.80363941192627,1.6243125200271606,-10.0,-9.88034439086914,11.76496696472168,2.0,2.0,20.75403594970703,0.2989746034145355,0.28977540135383606,0.30357420444488525,0.29590821266174316,0.0,0.30469265580177307,0.30469265580177307,0.30469265580177307,0.30469265580177307,0.0,-0.1594928652048111,-0.012797755189239979,-9.819124221801758,0.0,0.0,0.0,0.0,0.0,0.0,0.0,0.0,0.0,0.0,0.0,0.0,0.0,0.0,0.0,0.30469274520874023,0.30469274520874023,0.304692804813385,0.30469274520874023,0.2741299271583557,0.04114978387951851,0.04114978387951851,0.4462493360042572,0.07671534270048141,-0.15105511248111725,0.23896096646785736,0.0,0.0,0.0,0.0,0.0,0.0,0.0
60307485936,0,-0.023408638313412666,-0.12953442335128784,-0.10747531801462173,-0.023408638313412666,-0.12953442335128784,-0.8074753284454346,-0.017152121290564537,0.025032823905348778,0.011131858453154564,0.0,0.0,0.0,-0.003884170902892947,-0.009154710918664932,2.3657193183898926,0.0,0.0,2.3657193183898926,0.0016547930426895618,-0.0024589982349425554,0.0009650575229898095,0.030877651646733284,0.07278014719486237,-4.517872730502859e-05,0.0,0.0,0.0,-1.595856785774231,10.076749801635742,0.07355785369873047,9.80363941192627,1.6243125200271606,-10.0,-9.88034439086914,11.76496696472168,2.0,2.0,20.75403594970703,0.2989746034145355,0.28977540135383606,0.30357420444488525,0.29590821266174316,0.0,0.30469265580177307,0.30469265580177307,0.30469265580177307,0.30469265580177307,0.0,-0.1594928652048111,-0.012797755189239979,-9.819124221801758,0.0,0.0,0.0,0.0,0.0,0.0,0.0,0.0,0.0,0.0,0.0,0.0,0.0,0.0,0.0,0.30469274520874023,0.30469274520874023,0.304692804813385,0.30469274520874023,0.27608591318130493,0.04114978387951851,0.04114978387951851,0.4445439577102661,0.07671534270048141,-0.15105511248111725,0.23896096646785736,0.0,0.0,0.0,0.0,0.0,0.0,0.0
60317555404,0,-0.023408638313412666,-0.12953442335128784,-0.10747531801462173,-0.023408638313412666,-0.12953442335128784,-0.8074753284454346,-0.017152121290564537,0.025032823905348778,0.011131858453154564,0.0,0.0,0.0,-0.003884170902892947,-0.009154710918664932,2.3657193183898926,0.0,0.0,2.3657193183898926,0.002732934197410941,-0.003997296094894409,0.007790248841047287,0.030877651646733284,0.07278014719486237,-4.517872730502859e-05,0.0,0.0,0.0,-1.595893144607544,10.078041076660156,0.06766700744628906,9.803584098815918,1.6243125200271606,-10.0,-9.88034439086914,11.921089172363281,2.0,2.0,20.602203369140625,0.2989746034145355,0.28977540135383606,0.30357420444488525,0.29590821266174316,0.0,0.30469265580177307,0.30469265580177307,0.30469265580177307,0.30469265580177307,0.0,-0.12472426891326904,-0.030195647850632668,-9.827552795410156,0.0,0.0,0.0,0.0,0.0,0.0,0.0,0.0,0.0,0.0,0.0,0.0,0.0,0.0,0.0,0.30469274520874023,0.30469274520874023,0.304692804813385,0.30469274520874023,0.27608591318130493,0.04114978387951851,0.04114978387951851,0.4445439577102661,0.06255878508090973,-0.09112007170915604,0.3026192784309387,0.0,0.0,0.0,0.0,0.0,0.0,0.0
60327848121,0,-0.02339175157248974,-0.12948675453662872,-0.107484370470047,-0.02339175157248974,-0.12948675453662872,-0.8074843883514404,-0.016419988125562668,0.02430080994963646,0.010976006276905537,0.0,0.0,0.0,-0.0038394147995859385,-0.009199031628668308,2.365913152694702,0.0,0.0,2.365913152694702,0.002732934197410941,-0.003997296094894409,0.007790248841047287,0.030521508306264877,0.07313263416290283,-7.288094639079645e-05,0.0,0.0,0.0,-1.595893144607544,10.078041076660156,0.06766700744628906,9.803584098815918,1.623056173324585,-10.0,-9.88017463684082,11.921089172363281,2.0,2.0,20.602203369140625,0.2989746034145355,0.28977540135383606,0.30357420444488525,0.29590821266174316,0.0,0.30469265580177307,0.30469265580177307,0.30469265580177307,0.30469265580177307,0.0,-0.08351138234138489,0.0021133904810994864,-9.810783386230469,0.0,0.0,0.0,0.0,0.0,0.0,0.0,0.0,0.0,0.0,0.0,0.0,0.0,0.0,0.0,0.30469274520874023,0.30469274520874023,0.304692804813385,0.30469274520874023,0.2791386544704437,0.04114978387951851,0.04114978387951851,0.4418124258518219,0.06255878508090973,-0.09112007170915604,0.3026192784309387,0.0,0.0,0.0,0.0,0.0,0.0,0.0
60337433907,0,-0.023377038538455963,-0.12946616113185883,-0.10748937726020813,-0.023377038538455963,-0.12946616113185883,-0.8074893951416016,-0.016267826780676842,0.0239119790494442,0.010973799973726273,0.0,0.0,0.0,-0.003819272620603442,-0.009216981008648872,2.3660225868225098,0.0,0.0,2.3660225868225098,0.002758858958259225,-0.004133875016123056,0.009380553849041462,0.03036092221736908,0.07327552139759064,-0.00011024933337466791,0.0,0.0,0.0,-1.5952738523483276,10.078001022338867,0.06689929962158203,9.803561210632324,1.623056173324585,-10.0,-9.88017463684082,11.942078590393066,2.0,2.0,20.581052780151367,0.2989746034145355,0.28977540135383606,0.30357420444488525,0.29590821266174316,0.0,0.30469265580177307,0.30469265580177307,0.30469265580177307,0.30469265580177307,0.0,-0.08351138234138489,0.0021133904810994864,-9.810783386230469,0.0,0.0,0.0,0.0,0.0,0.0,0.0,0.0,0.0,0.0,0.0,0.0,0.0,0.0,0.0,0.30469274520874023,0.30469274520874023,0.304692804813385,0.30469274520874023,0.2791386544704437,0.04114978387951851,0.04114978387951851,0.4418124258518219,0.03923216834664345,-0.059158358722925186,0.24513506889343262,0.0,0.0,0.0,0.0,0.0,0.0,0.0
60350118555,0,-0.023377038538455963,-0.12946616113185883,-0.10748937726020813,-0.023377038538455963,-0.12946616113185883,-0.8074893951416016,-0.016267826780676842,0.0239119790494442,0.010973799973726273,0.0,0.0,0.0,-0.003819272620603442,-0.009216981008648872,2.3660225868225098,0.0,0.0,2.3660225868225098,0.0021980120800435543,-0.004631232004612684,0.00841305498033762,0.03036092221736908,0.07327552139759064,-0.00011024933337466791,0.0,0.0,0.0,-1.5952738523483276,10.078001022338867,0.06689929962158203,9.803561210632324,1.6224836111068726,-10.0,-9.880029678344727,11.942078590393066,2.0,2.0,20.581052780151367,0.2989746034145355,0.28977540135383606,0.30357420444488525,0.29590821266174316,0.0,0.30469265580177307,0.30469265580177307,0.30469265580177307,0.30469265580177307,0.0,-0.014218165539205074,0.06333810836076736,-9.790939331054688,0.0,0.0,0.0,0.0,0.0,0.0,0.0,0.0,0.0,0.0,0.0,0.0,0.0,0.0,0.0,0.30469274520874023,0.30469274520874023,0.304692804813385,0.30469274520874023,0.2795487344264984,0.04114978387951851,0.04114978387951851,0.4414316713809967,-0.011206487193703651,-0.020225679501891136,0.008867203257977962,0.0,0.0,0.0,0.0,0.0,0.0,0.0
60357902948,0,-0.02331792563199997,-0.12942951917648315,-0.10750264674425125,-0.02331792563199997,-0.12942951917648315,-0.8075026273727417,-0.01737440563738346,0.02353931963443756,0.011155178770422935,0.0,0.0,0.0,-0.0037453232798725367,-0.009282710961997509,2.3662071228027344,0.0,0.0,2.3662071228027344,0.0021980120800435543,-0.004631232004612684,0.00841305498033762,0.029773853719234467,0.07379771769046783,-4.212270141579211e-05,0.0,0.0,0.0,-1.5932793617248535,10.078509330749512,0.0697488784790039,9.803507804870605,1.6211503744125366,-10.0,-9.879668235778809,11.871476173400879,2.0,2.0,20.65306282043457,0.2989746034145355,0.28977540135383606,0.30357420444488525,0.29590821266174316,0.0,0.30469265580177307,0.30469265580177307,0.30469265580177307,0.30469265580177307,0.0,0.008661942556500435,0.06095607951283455,-9.78837776184082,0.0,0.0,0.0,0.0,0.0,0.0,0.0,0.0,0.0,0.0,0.0,0.0,0.0,0.0,0.0,0.30469274520874023,0.30469274520874023,0.304692804813385,0.30469274520874023,0.27816900610923767,0.04114978387951851,0.04114978387951851,0.4427279233932495,-0.011206487193703651,-0.020225679501891136,0.008867203257977962,0.0,0.0,0.0,0.0,0.0,0.0,0.0
60367701281,0,-0.02331792563199997,-0.12942951917648315,-0.10750264674425125,-0.02331792563199997,-0.12942951917648315,-0.8075026273727417,-0.01737440563738346,0.02353931963443756,0.011155178770422935,0.0,0.0,0.0,-0.0037453232798725367,-0.009282710961997509,2.3662071228027344,0.0,0.0,2.3662071228027344,0.0011890362948179245,-0.0028293789364397526,0.0022906693629920483,0.029773853719234467,0.07379771769046783,-4.212270141579211e-05,0.0,0.0,0.0,-1.5909771919250488,10.075878143310547,0.0765838623046875,9.803454399108887,1.6197959184646606,-10.0,-9.879454612731934,11.69205379486084,2.0,2.0,20.823680877685547,0.2989746034145355,0.28977540135383606,0.30357420444488525,0.29590821266174316,0.0,0.30469265580177307,0.30469265580177307,0.30469265580177307,0.30469265580177307,0.0,0.008661942556500435,0.06095607951283455,-9.78837776184082,0.0,0.0,0.0,0.0,0.0,0.0,0.0,0.0,0.0,0.0,0.0,0.0,0.0,0.0,0.0,0.30469274520874023,0.30469274520874023,0.304692804813385,0.30469274520874023,0.2746586501598358,0.04114978387951851,0.04114978387951851,0.4457957446575165,-0.029228202998638153,0.05680603161454201,-0.2273644059896469,0.0,0.0,0.0,0.0,0.0,0.0,0.0
60378417607,0,-0.023315848782658577,-0.12939776480197906,-0.10750702023506165,-0.023315848782658577,-0.12939776480197906,-0.8075070381164551,-0.019399497658014297,0.023828739300370216,0.011436405591666698,0.0,0.0,0.0,-0.003737864550203085,-0.0092600267380476,2.3661930561065674,0.0,0.0,2.3661932945251465,0.0010289738420397043,-0.002155768219381571,-0.0008586735930293798,0.029715538024902344,0.07361698150634766,3.709963493747637e-05,0.0,0.0,0.0,-1.5903571844100952,10.075164794921875,0.07950973510742188,9.803428649902344,1.6197959184646606,-10.0,-9.879454612731934,11.615339279174805,2.0,2.0,20.897987365722656,0.2989746034145355,0.28977540135383606,0.30357420444488525,0.29590821266174316,0.0,0.30469265580177307,0.30469265580177307,0.30469265580177307,0.30469265580177307,0.0,0.04934478923678398,0.1169489249587059,-9.805843353271484,0.0,0.0,0.0,0.0,0.0,0.0,0.0,0.0,0.0,0.0,0.0,0.0,0.0,0.0,0.0,0.30469274520874023,0.30469274520874023,0.304692804813385,0.30469274520874023,0.2731555998325348,0.04114978387951851,0.04114978387951851,0.44713062047958374,-0.020641904324293137,0.06397330015897751,-0.27947938442230225,0.0,0.0,0.0,0.0,0.0,0.0,0.0
60388021259,0,-0.02332698181271553,-0.1293819695711136,-0.10750960558652878,-0.02332698181271553,-0.1293819695711136,-0.8075096011161804,-0.020676642656326294,0.024012496694922447,0.011502726003527641,0.0,0.0,0.0,-0.0037329555489122868,-0.009264013729989529,2.3661532402038574,0.0,0.0,2.3661532402038574,0.0010289738420397043,-0.002155768219381571,-0.0008586735930293798,0.029676906764507294,0.07364852726459503,6.903336907271296e-05,0.0,0.0,0.0,-1.5903571844100952,10.075164794921875,0.07950973510742188,9.803428649902344,1.6197959184646606,-10.0,-9.879454612731934,11.615339279174805,2.0,2.0,20.897987365722656,0.2989746034145355,0.28977540135383606,0.30357420444488525,0.29590821266174316,0.0,0.30469265580177307,0.30469265580177307,0.30469265580177307,0.30469265580177307,0.0,0.04934478923678398,0.1169489249587059,-9.805843353271484,0.0,0.0,0.0,0.0,0.0,0.0,0.0,0.0,0.0,0.0,0.0,0.0,0.0,0.0,0.0,0.30469274520874023,0.30469274520874023,0.304692804813385,0.30469274520874023,0.2731555998325348,0.04114978387951851,0.04114978387951851,0.44713062047958374,-0.020641904324293137,0.06397330015897751,-0.27947938442230225,0.0,0.0,0.0,0.0,0.0,0.0,0.0
60397477792,0,-0.02332698181271553,-0.1293819695711136,-0.10750960558652878,-0.02332698181271553,-0.1293819695711136,-0.8075096011161804,-0.020676642656326294,0.024012496694922447,0.011502726003527641,0.0,0.0,0.0,-0.0037329555489122868,-0.009264013729989529,2.3661532402038574,0.0,0.0,2.3661532402038574,0.00039233581628650427,-0.0007006598170846701,-0.006427993532270193,0.029676906764507294,0.07364852726459503,6.903336907271296e-05,0.0,0.0,0.0,-1.5893878936767578,10.07418155670166,0.08225154876708984,9.803361892700195,1.6192115545272827,-10.0,-9.879447937011719,11.54355239868164,2.0,2.0,20.966468811035156,0.2989746034145355,0.28977540135383606,0.30357420444488525,0.29590821266174316,0.0,0.30469265580177307,0.30469265580177307,0.30469265580177307,0.30469265580177307,0.0,0.07192780822515488,0.11114474385976791,-9.791678428649902,0.0,0.0,0.0,0.0,0.0,0.0,0.0,0.0,0.0,0.0,0.0,0.0,0.0,0.0,0.0,0.30469274520874023,0.30469274520874023,0.304692804813385,0.30469274520874023,0.2731555998325348,0.04114978387951851,0.04114978387951851,0.44713062047958374,-0.02542705461382866,0.06752394884824753,-0.25547897815704346,0.0,0.0,0.0,0.0,0.0,0.0,0.0
60407590011,0,-0.02332698181271553,-0.1293819695711136,-0.10750960558652878,-0.02336663007736206,-0.12935248017311096,-0.8075140118598938,-0.020676642656326294,0.024012496694922447,0.011502726003527641,0.0,0.0,0.0,-0.0037329555489122868,-0.009264013729989529,2.3661532402038574,0.0,0.0,2.366037368774414,0.00039233581628650427,-0.0007006598170846701,-0.006427993532270193,0.029676906764507294,0.07364852726459503,6.903336907271296e-05,0.0,0.0,0.0,-1.5884100198745728,10.07353401184082,0.08377361297607422,9.803288459777832,1.617843508720398,-10.0,-9.879612922668457,11.504227638244629,2.0,2.0,21.00360107421875,0.2989746034145355,0.28977540135383606,0.30357420444488525,0.29590821266174316,0.0,0.30469265580177307,0.30469265580177307,0.30469265580177307,0.30469265580177307,0.0,0.07192780822515488,0.11114474385976791,-9.791678428649902,0.0,0.0,0.0,0.0,0.0,0.0,0.0,0.0,0.0,0.0,0.0,0.0,0.0,0.0,0.0,0.30469274520874023,0.30469274520874023,0.304692804813385,0.30469274520874023,0.27097660303115845,0.04114978387951851,0.04114978387951851,0.4490261673927307,-0.02542705461382866,0.06752394884824753,-0.25547897815704346,0.0,0.0,0.0,0.0,0.0,0.0,0.0
60417703720,0,-0.02339450642466545,-0.12933725118637085,-0.10751543939113617,-0.02339450642466545,-0.12933725118637085,-0.8075154423713684,-0.023808399215340614,0.02416306547820568,0.01141396164894104,0.0,0.0,0.0,-0.0037069199606776237,-0.00921989232301712,2.3659567832946777,0.0,0.0,2.3659567832946777,-0.00015595657168887556,0.00017446863057557493,-0.0069803944788873196,0.029470523819327354,0.07329751551151276,0.00011724961223080754,0.0,0.0,0.0,-1.5872578620910645,10.072307586669922,0.08347702026367188,9.803262710571289,1.617843508720398,-10.0,-9.879612922668457,11.511821746826172,2.0,2.0,20.991975784301758,0.2989746034145355,0.28977540135383606,0.30357420444488525,0.29590821266174316,0.0,0.30469265580177307,0.30469265580177307,0.30469265580177307,0.30469265580177307,0.0,0.07192780822515488,0.11114474385976791,-9.791678428649902,0.0,0.0,0.0,0.0,0.0,0.0,0.0,0.0,0.0,0.0,0.0,0.0,0.0,0.0,0.0,0.30469274520874023,0.30469274520874023,0.304692804813385,0.30469274520874023,0.2711256444454193,0.04114978387951851,0.04114978387951851,0.44881758093833923,-0.036600735038518906,0.08154584467411041,-0.16844889521598816,0.0,0.0,0.0,0.0,0.0,0.0,0.0
60427306393,0,-0.02339450642466545,-0.12933725118637085,-0.10751543939113617,-0.02339450642466545,-0.12933725118637085,-0.8075154423713684,-0.023808399215340614,0.02416306547820568,0.01141396164894104,0.0,0.0,0.0,-0.0037069199606776237,-0.00921989232301712,2.3659567832946777,0.0,0.0,2.3659567832946777,-0.0009272356983274221,0.0007285577012225986,-0.004701380617916584,0.029470523819327354,0.07329751551151276,0.00011724961223080754,0.0,0.0,0.0,-1.5872578620910645,10.072307586669922,0.08347702026367188,9.803262710571289,1.6172503232955933,-10.0,-9.879732131958008,11.511821746826172,2.0,2.0,20.991975784301758,0.2989746034145355,0.28977540135383606,0.30357420444488525,0.29590821266174316,0.0,0.30469265580177307,0.30469265580177307,0.30469265580177307,0.30469265580177307,0.0,0.013588917441666126,0.029316727072000504,-9.784123420715332,0.0,0.0,0.0,0.0,0.0,0.0,0.0,0.0,0.0,0.0,0.0,0.0,0.0,0.0,0.0,0.30469274520874023,0.30469274520874023,0.304692804813385,0.30469274520874023,0.2711256444454193,0.04114978387951851,0.04114978387951851,0.44881758093833923,-0.03950108215212822,0.048929568380117416,0.053004246205091476,0.0,0.0,0.0,0.0,0.0,0.0,0.0
60437548669,0,-0.023471649736166,-0.12930357456207275,-0.1075187474489212,-0.023471649736166,-0.12930357456207275,-0.807518720626831,-0.02486588805913925,0.024413179606199265,0.011404928751289845,0.0,0.0,0.0,-0.0037227454595267773,-0.009172219783067703,2.365907669067383,0.0,0.0,2.365907669067383,-0.0009272356983274221,0.0007285577012225986,-0.004701380617916584,0.02958265319466591,0.07285977900028229,2.72042780125048e-05,0.0,0.0,0.0,-1.5850372314453125,10.071701049804688,0.0796670913696289,9.803324699401855,1.615954875946045,-10.0,-9.879965782165527,11.613993644714355,2.0,2.0,20.887760162353516,0.2989746034145355,0.28977540135383606,0.30357420444488525,0.29590821266174316,0.0,0.30469265580177307,0.30469265580177307,0.30469265580177307,0.30469265580177307,0.0,0.013588917441666126,0.029316727072000504,-9.784123420715332,0.0,0.0,0.0,0.0,0.0,0.0,0.0,0.0,0.0,0.0,0.0,0.0,0.0,0.0,0.0,0.30469274520874023,0.30469274520874023,0.304692804813385,0.30469274520874023,0.2731291651725769,0.04114978387951851,0.04114978387951851,0.4469468891620636,-0.03950108215212822,0.048929568380117416,0.053004246205091476,0.0,0.0,0.0,0.0,0.0,0.0,0.0
60447166252,0,-0.023471649736166,-0.12930357456207275,-0.1075187474489212,-0.023471649736166,-0.12930357456207275,-0.807518720626831,-0.02486588805913925,0.024413179606199265,0.011404928751289845,0.0,0.0,0.0,-0.0037227454595267773,-0.009172219783067703,2.365907669067383,0.0,0.0,2.365907669067383,-0.0013354229740798473,0.002984953112900257,0.0021373701747506857,0.02958265319466591,0.07285977900028229,2.72042780125048e-05,0.0,0.0,0.0,-1.5829455852508545,10.067727088928223,0.07238292694091797,9.803445816040039,1.6145431995391846,-10.0,-9.880021095275879,11.80143928527832,2.0,2.0,20.687538146972656,0.2989746034145355,0.28977540135383606,0.30357420444488525,0.29590821266174316,0.0,0.30469265580177307,0.30469265580177307,0.30469265580177307,0.30469265580177307,0.0,0.013588917441666126,0.029316727072000504,-9.784123420715332,0.0,0.0,0.0,0.0,0.0,0.0,0.0,0.0,0.0,0.0,0.0,0.0,0.0,0.0,0.0,0.30469274520874023,0.30469274520874023,0.304692804813385,0.30469274520874023,0.2767994701862335,0.04114978387951851,0.04114978387951851,0.44334813952445984,-0.027496347203850746,0.0827544778585434,0.2554267644882202,0.0,0.0,0.0,0.0,0.0,0.0,0.0
60457445274,0,-0.023598548024892807,-0.12925782799720764,-0.10751190036535263,-0.023598548024892807,-0.12925782799720764,-0.8075118660926819,-0.02493416704237461,0.024785546585917473,0.01186969131231308,0.0,0.0,0.0,-0.0037721607368439436,-0.008998609147965908,2.366050958633423,0.0,0.0,2.366051197052002,-0.0013354229740798473,0.002984953112900257,0.0021373701747506857,0.029987214133143425,0.07153913378715515,-4.6923672925913706e-05,0.0,0.0,0.0,-1.5829455852508545,10.067727088928223,0.07238292694091797,9.803445816040039,1.6145431995391846,-10.0,-9.880021095275879,11.80143928527832,2.0,2.0,20.687538146972656,0.2989746034145355,0.28977540135383606,0.30357420444488525,0.29590821266174316,0.0,0.30469265580177307,0.30469265580177307,0.30469265580177307,0.30469265580177307,0.0,0.013588917441666126,0.029316727072000504,-9.784123420715332,0.0,0.0,0.0,0.0,0.0,0.0,0.0,0.0,0.0,0.0,0.0,0.0,0.0,0.0,0.0,0.30469274520874023,0.30469274520874023,0.304692804813385,0.30469274520874023,0.2767994701862335,0.04114978387951851,0.04114978387951851,0.44334813952445984,-0.027496347203850746,0.0827544778585434,0.2554267644882202,0.0,0.0,0.0,0.0,0.0,0.0,0.0
60482336456,0,-0.023598548024892807,-0.12925782799720764,-0.10751190036535263,-0.023598548024892807,-0.12925782799720764,-0.8075118660926819,-0.02493416704237461,0.024785546585917473,0.01186969131231308,0.0,0.0,0.0,-0.0037721607368439436,-0.008998609147965908,2.366050958633423,0.0,0.0,2.366051197052002,-0.0013194885104894638,0.0022864763159304857,0.0051340446807444096,0.029987214133143425,0.07153913378715515,-4.6923672925913706e-05,0.0,0.0,0.0,-1.5822768211364746,10.069239616394043,0.0698862075805664,9.80345344543457,1.613839030265808,-10.0,-9.879951477050781,11.870231628417969,2.0,2.0,20.623611450195312,0.2989746034145355,0.28977540135383606,0.30357420444488525,0.29590821266174316,0.0,0.30469265580177307,0.30469265580177307,0.30469265580177307,0.30469265580177307,0.0,-0.045272257179021835,0.018339060246944427,-9.784457206726074,0.0,0.0,0.0,0.0,0.0,0.0,0.0,0.0,0.0,0.0,0.0,0.0,0.0,0.0,0.0,0.30469274520874023,0.30469274520874023,0.304692804813385,0.30469274520874023,0.2781447768211365,0.04114978387951851,0.04114978387951851,0.44219785928726196,-0.012192468158900738,0.01210192684084177,0.26913681626319885,0.0,0.0,0.0,0.0,0.0,0.0,0.0
60482410342,0,-0.023639477789402008,-0.12924018502235413,-0.1075102835893631,-0.023639477789402008,-0.12924018502235413,-0.807510256767273,-0.02479563094675541,0.024724535644054413,0.011871340684592724,0.0,0.0,0.0,-0.003789040260016918,-0.009012113325297832,2.3661460876464844,0.0,0.0,2.3661460876464844,-0.0013194885104894638,0.0022864763159304857,0.0051340446807444096,0.03012084774672985,0.07164672762155533,-9.337133087683469e-05,0.0,0.0,0.0,-1.5817126035690308,10.06836223602295,0.06867122650146484,9.803465843200684,1.6125291585922241,-10.0,-9.879706382751465,11.901490211486816,2.0,2.0,20.589513778686523,0.2989746034145355,0.28977540135383606,0.30357420444488525,0.29590821266174316,0.0,0.30469265580177307,0.30469265580177307,0.30469265580177307,0.30469265580177307,0.0,-0.05695558711886406,-0.016556808724999428,-9.81713581085205,0.0,0.0,0.0,0.0,0.0,0.0,0.0,0.0,0.0,0.0,0.0,0.0,0.0,0.0,0.0,0.30469274520874023,0.30469274520874023,0.304692804813385,0.30469274520874023,0.27875566482543945,0.04114978387951851,0.04114978387951851,0.4415840804576874,-0.012192468158900738,0.01210192684084177,0.26913681626319885,0.0,0.0,0.0,0.0,0.0,0.0,0.0
60488376332,0,-0.023705314844846725,-0.12921147048473358,-0.10752076655626297,-0.023705314844846725,-0.12921147048473358,-0.8075207471847534,-0.023361437022686005,0.024110844358801842,0.01089068129658699,0.0,0.0,0.0,-0.0037669625598937273,-0.008935426361858845,2.366337299346924,0.0,0.0,2.366337299346924,-0.0013194885104894638,0.0022864763159304857,0.0051340446807444096,0.0299454927444458,0.07103700935840607,-8.237501606345177e-05,0.0,0.0,0.0,-1.5817126035690308,10.06836223602295,0.06867122650146484,9.803465843200684,1.6125291585922241,-10.0,-9.879706382751465,11.901490211486816,2.0,2.0,20.589513778686523,0.2989746034145355,0.28977540135383606,0.30357420444488525,0.29590821266174316,0.0,0.30469265580177307,0.30469265580177307,0.30469265580177307,0.30469265580177307,0.0,-0.11317960172891617,-0.02096053957939148,-9.828390121459961,0.0,0.0,0.0,0.0,0.0,0.0,0.0,0.0,0.0,0.0,0.0,0.0,0.0,0.0,0.0,0.30469274520874023,0.30469274520874023,0.304692804813385,0.30469274520874023,0.27875566482543945,0.04114978387951851,0.04114978387951851,0.4415840804576874,-0.012192468158900738,0.01210192684084177,0.26913681626319885,0.0,0.0,0.0,0.0,0.0,0.0,0.0
60497439963,0,-0.023705314844846725,-0.12921147048473358,-0.10752076655626297,-0.023705314844846725,-0.12921147048473358,-0.8075207471847534,-0.023361437022686005,0.024110844358801842,0.01089068129658699,0.0,0.0,0.0,-0.0037669625598937273,-0.008935426361858845,2.366337299346924,0.0,0.0,2.366337299346924,-0.0009310921304859221,0.002648075809702277,0.007819407619535923,0.0299454927444458,0.07103700935840607,-8.237501606345177e-05,0.0,0.0,0.0,-1.5810049772262573,10.067829132080078,0.06933879852294922,9.803472518920898,1.6118322610855103,-10.0,-9.879555702209473,11.884278297424316,2.0,2.0,20.604938507080078,0.2989746034145355,0.28977540135383606,0.30357420444488525,0.29590821266174316,0.0,0.30469265580177307,0.30469265580177307,0.30469265580177307,0.30469265580177307,0.0,-0.11317960172891617,-0.02096053957939148,-9.828390121459961,0.0,0.0,0.0,0.0,0.0,0.0,0.0,0.0,0.0,0.0,0.0,0.0,0.0,0.0,0.0,0.30469274520874023,0.30469274520874023,0.304692804813385,0.30469274520874023,0.2784193456172943,0.04114978387951851,0.04114978387951851,0.44186174869537354,0.006174143403768539,0.01309383474290371,0.08062690496444702,0.0,0.0,0.0,0.0,0.0,0.0,0.0
60507348777,0,-0.02372818812727928,-0.12920142710208893,-0.10752978920936584,-0.02372818812727928,-0.12920142710208893,-0.8075298070907593,-0.02248782478272915,0.023776650428771973,0.010677407495677471,0.0,0.0,0.0,-0.0037685518618673086,-0.008881516754627228,2.3664357662200928,0.0,0.0,2.3664357662200928,-0.0013382940087467432,0.0017277352744713426,0.0046504586935043335,0.029957959428429604,0.07060851156711578,-9.786594455363229e-05,0.0,0.0,0.0,-1.5804407596588135,10.068537712097168,0.07114982604980469,9.803478240966797,1.6118322610855103,-10.0,-9.879555702209473,11.838924407958984,2.0,2.0,20.652481079101562,0.2989746034145355,0.28977540135383606,0.30357420444488525,0.29590821266174316,0.0,0.30469265580177307,0.30469265580177307,0.30469265580177307,0.30469265580177307,0.0,-0.11474192887544632,-0.006779692601412535,-9.811559677124023,0.0,0.0,0.0,0.0,0.0,0.0,0.0,0.0,0.0,0.0,0.0,0.0,0.0,0.0,0.0,0.30469274520874023,0.30469274520874023,0.304692804813385,0.30469274520874023,0.2784193456172943,0.04114978387951851,0.04114978387951851,0.44186174869537354,-0.021459190174937248,-0.02636636793613434,-0.1040656641125679,0.0,0.0,0.0,0.0,0.0,0.0,0.0
60517253174,0,-0.02375335432589054,-0.12918338179588318,-0.10754689574241638,-0.02375335432589054,-0.12918338179588318,-0.807546854019165,-0.020418519154191017,0.023642826825380325,0.010685117915272713,0.0,0.0,0.0,-0.003776941215619445,-0.00882744137197733,2.366509199142456,0.0,0.0,2.366509199142456,-0.0013382940087467432,0.0017277352744713426,0.0046504586935043335,0.030025601387023926,0.07017822563648224,-1.8621482013259083e-05,0.0,0.0,0.0,-1.5790549516677856,10.068714141845703,0.07340145111083984,9.803483963012695,1.6106334924697876,-10.0,-9.87934684753418,11.782478332519531,2.0,2.0,20.709331512451172,0.2989746034145355,0.28977540135383606,0.30357420444488525,0.29590821266174316,0.0,0.30469265580177307,0.30469265580177307,0.30469265580177307,0.30469265580177307,0.0,-0.13388937711715698,-0.01652940735220909,-9.799382209777832,0.0,0.0,0.0,0.0,0.0,0.0,0.0,0.0,0.0,0.0,0.0,0.0,0.0,0.0,0.0,0.30469274520874023,0.30469274520874023,0.304692804813385,0.30469274520874023,0.2764286994934082,0.04114978387951851,0.04114978387951851,0.44374021887779236,-0.021459190174937248,-0.02636636793613434,-0.1040656641125679,0.0,0.0,0.0,0.0,0.0,0.0,0.0
60527315395,0,-0.02375335432589054,-0.12918338179588318,-0.10754689574241638,-0.02375335432589054,-0.12918338179588318,-0.807546854019165,-0.020418519154191017,0.023642826825380325,0.010685117915272713,0.0,0.0,0.0,-0.003776941215619445,-0.00882744137197733,2.366509199142456,0.0,0.0,2.366509199142456,-0.00015662622172385454,0.0009961753385141492,-0.0024827357847243547,0.030025601387023926,0.07017822563648224,-1.8621482013259083e-05,0.0,0.0,0.0,-1.5790549516677856,10.068714141845703,0.07340145111083984,9.803483963012695,1.6106334924697876,-10.0,-9.87934684753418,11.782478332519531,2.0,2.0,20.709331512451172,0.2989746034145355,0.28977540135383606,0.30357420444488525,0.29590821266174316,0.0,0.30469265580177307,0.30469265580177307,0.30469265580177307,0.30469265580177307,0.0,-0.13388937711715698,-0.01652940735220909,-9.799382209777832,0.0,0.0,0.0,0.0,0.0,0.0,0.0,0.0,0.0,0.0,0.0,0.0,0.0,0.0,0.0,0.30469274520874023,0.30469274520874023,0.304692804813385,0.30469274520874023,0.2764286994934082,0.04114978387951851,0.04114978387951851,0.44374021887779236,0.036794789135456085,-0.019247429445385933,-0.27520960569381714,0.0,0.0,0.0,0.0,0.0,0.0,0.0
60537931767,0,-0.02372448891401291,-0.12918420135974884,-0.1075764074921608,-0.02372448891401291,-0.12918420135974884,-0.8075764179229736,-0.017720725387334824,0.02288510836660862,0.010941239073872566,0.0,0.0,0.0,-0.0037793347146362066,-0.008756435476243496,2.3664419651031494,0.0,0.0,2.3664419651031494,-0.00015662622172385454,0.0009961753385141492,-0.0024827357847243547,0.03004545345902443,0.06961338222026825,5.104049705551006e-05,0.0,0.0,0.0,-1.5794038772583008,10.0689115524292,0.08045578002929688,9.803497314453125,1.6092418432235718,-10.0,-9.879318237304688,11.597707748413086,2.0,2.0,20.894603729248047,0.2989746034145355,0.28977540135383606,0.30357420444488525,0.29590821266174316,0.0,0.30469265580177307,0.30469265580177307,0.30469265580177307,0.30469265580177307,0.0,-0.11478815972805023,-0.005590148735791445,-9.782422065734863,0.0,0.0,0.0,0.0,0.0,0.0,0.0,0.0,0.0,0.0,0.0,0.0,0.0,0.0,0.0,0.30469274520874023,0.30469274520874023,0.304692804813385,0.30469274520874023,0.2728099524974823,0.04114978387951851,0.04114978387951851,0.4470697343349457,0.036794789135456085,-0.019247429445385933,-0.27520960569381714,0.0,0.0,0.0,0.0,0.0,0.0,0.0
60548078077,0,-0.02370135299861431,-0.1291857808828354,-0.10758700966835022,-0.02370135299861431,-0.1291857808828354,-0.8075870275497437,-0.017137717455625534,0.022635051980614662,0.011012742295861244,0.0,0.0,0.0,-0.003755218582227826,-0.008759260177612305,2.366438627243042,0.0,0.0,2.366438865661621,0.0006435471004806459,0.000365514395525679,-0.004413126967847347,0.03004545345902443,0.06961338222026825,5.104049705551006e-05,0.0,0.0,0.0,-1.5798523426055908,10.069689750671387,0.08153533935546875,9.80350399017334,1.6085617542266846,-10.0,-9.879390716552734,11.570013999938965,2.0,2.0,20.9248104095459,0.2989746034145355,0.28977540135383606,0.30357420444488525,0.29590821266174316,0.0,0.30469265580177307,0.30469265580177307,0.30469265580177307,0.30469265580177307,0.0,-0.11478815972805023,-0.005590148735791445,-9.782422065734863,0.0,0.0,0.0,0.0,0.0,0.0,0.0,0.0,0.0,0.0,0.0,0.0,0.0,0.0,0.0,0.30469274520874023,0.30469274520874023,0.304692804813385,0.30469274520874023,0.27226704359054565,0.04114978387951851,0.04114978387951851,0.4476122260093689,0.050047241151332855,-0.041950684040784836,-0.23208437860012054,0.0,0.0,0.0,0.0,0.0,0.0,0.0
60557356254,0,-0.02370135299861431,-0.1291857808828354,-0.10758700966835022,-0.02370135299861431,-0.1291857808828354,-0.8075870275497437,-0.017137717455625534,0.022635051980614662,0.011012742295861244,0.0,0.0,0.0,-0.003755218582227826,-0.008759260177612305,2.366438627243042,0.0,0.0,2.366438865661621,0.0010767418425530195,-0.003018838819116354,-0.00527034979313612,0.029853424057364464,0.06963599473237991,2.367861998209264e-05,0.0,0.0,0.0,-1.5790284872055054,10.074433326721191,0.08095073699951172,9.803516387939453,1.6085617542266846,-10.0,-9.879390716552734,11.594219207763672,2.0,2.0,20.91579818725586,0.2989746034145355,0.28977540135383606,0.30357420444488525,0.29590821266174316,0.0,0.30469265580177307,0.30469265580177307,0.30469265580177307,0.30469265580177307,0.0,-0.1039901077747345,-0.008128971792757511,-9.790617942810059,0.0,0.0,0.0,0.0,0.0,0.0,0.0,0.0,0.0,0.0,0.0,0.0,0.0,0.0,0.0,0.30469274520874023,0.30469274520874023,0.304692804813385,0.30469274520874023,0.27226704359054565,0.04114978387951851,0.04114978387951851,0.4476122260093689,0.02121446467936039,-0.12487467378377914,-0.09052512049674988,0.0,0.0,0.0,0.0,0.0,0.0,0.0
60568243308,0,-0.023635419085621834,-0.12919872999191284,-0.10760833323001862,-0.023635419085621834,-0.12919872999191284,-0.8076083064079285,-0.01626610942184925,0.02181457169353962,0.010752403177320957,0.0,0.0,0.0,-0.0037217787466943264,-0.008825914934277534,2.3664145469665527,0.0,0.0,2.3664145469665527,0.0010767418425530195,-0.003018838819116354,-0.00527034979313612,0.029587721452116966,0.07016581296920776,3.6592897231457755e-05,0.0,0.0,0.0,-1.5790284872055054,10.074433326721191,0.08095073699951172,9.803516387939453,1.6073273420333862,-10.0,-9.879581451416016,11.594219207763672,2.0,2.0,20.91579818725586,0.2989746034145355,0.28977540135383606,0.30357420444488525,0.29590821266174316,0.0,0.30469265580177307,0.30469265580177307,0.30469265580177307,0.30469265580177307,0.0,-0.09861823916435242,0.01719033718109131,-9.80267333984375,0.0,0.0,0.0,0.0,0.0,0.0,0.0,0.0,0.0,0.0,0.0,0.0,0.0,0.0,0.0,0.30469274520874023,0.30469274520874023,0.304692804813385,0.30469274520874023,0.27274176478385925,0.04114978387951851,0.04114978387951851,0.44745028018951416,0.02121446467936039,-0.12487467378377914,-0.09052512049674988,0.0,0.0,0.0,0.0,0.0,0.0,0.0
60577858344,0,-0.023635419085621834,-0.12919872999191284,-0.10760833323001862,-0.023594561964273453,-0.12921059131622314,-0.8076190948486328,-0.01626610942184925,0.02181457169353962,0.010752403177320957,0.0,0.0,0.0,-0.0037217787466943264,-0.008825914934277534,2.3664145469665527,0.0,0.0,2.3664255142211914,0.0013180633541196585,-0.0025483467616140842,-0.003992711193859577,0.02938835881650448,0.06983359158039093,1.0114664291904774e-05,0.0,0.0,0.0,-1.5788012742996216,10.072996139526367,0.07900142669677734,9.803523063659668,1.6066619157791138,-10.0,-9.87967586517334,11.64326000213623,2.0,2.0,20.862163543701172,0.2989746034145355,0.28977540135383606,0.30357420444488525,0.29590821266174316,0.0,0.30469265580177307,0.30469265580177307,0.30469265580177307,0.30469265580177307,0.0,-0.09861823916435242,0.01719033718109131,-9.80267333984375,0.0,0.0,0.0,0.0,0.0,0.0,0.0,0.0,0.0,0.0,0.0,0.0,0.0,0.0,0.0,0.30469274520874023,0.30469274520874023,0.304692804813385,0.30469274520874023,0.2737027406692505,0.04114978387951851,0.04114978387951851,0.44648703932762146,0.022824620828032494,-0.03839407116174698,0.01511833444237709,0.0,0.0,0.0,0.0,0.0,0.0,0.0
60587865519,0,-0.023594561964273453,-0.12921059131622314,-0.10761909186840057,-0.023594561964273453,-0.12921059131622314,-0.8076190948486328,-0.01589469239115715,0.021722320467233658,0.01054162997752428,0.0,0.0,0.0,-0.003699077758938074,-0.008813099935650826,2.3664255142211914,0.0,0.0,2.3664255142211914,0.001091919606551528,-0.002117122057825327,0.0012910201912745833,0.02938835881650448,0.06983359158039093,1.0114664291904774e-05,0.0,0.0,0.0,-1.5788012742996216,10.072996139526367,0.07900142669677734,9.803523063659668,1.6066619157791138,-10.0,-9.87967586517334,11.72425651550293,2.0,2.0,20.777565002441406,0.2989746034145355,0.28977540135383606,0.30357420444488525,0.29590821266174316,0.0,0.30469265580177307,0.30469265580177307,0.30469265580177307,0.30469265580177307,0.0,-0.05941866338253021,0.04226827248930931,-9.795388221740723,0.0,0.0,0.0,0.0,0.0,0.0,0.0,0.0,0.0,0.0,0.0,0.0,0.0,0.0,0.0,0.30469274520874023,0.30469274520874023,0.304692804813385,0.30469274520874023,0.2737027406692505,0.04114978387951851,0.04114978387951851,0.44648703932762146,-0.01007580105215311,-0.005130472127348185,0.19343841075897217,0.0,0.0,0.0,0.0,0.0,0.0,0.0
60597698886,0,-0.02347460761666298,-0.12924803793430328,-0.10764224082231522,-0.02347460761666298,-0.12924803793430328,-0.8076422214508057,-0.016895998269319534,0.022072946652770042,0.011244192719459534,0.0,0.0,0.0,-0.003685172414407134,-0.008807470090687275,2.366649866104126,0.0,0.0,2.366649866104126,0.001091919606551528,-0.002117122057825327,0.0012910201912745833,0.02938835881650448,0.06983359158039093,1.0114664291904774e-05,0.0,0.0,0.0,-1.5788012742996216,10.072996139526367,0.07900142669677734,9.803523063659668,1.6066619157791138,-10.0,-9.87967586517334,11.80605697631836,2.0,2.0,20.69715118408203,0.2989746034145355,0.28977540135383606,0.30357420444488525,0.29590821266174316,0.0,0.30469265580177307,0.30469265580177307,0.30469265580177307,0.30469265580177307,0.0,-0.05941866338253021,0.04226827248930931,-9.795388221740723,0.0,0.0,0.0,0.0,0.0,0.0,0.0,0.0,0.0,0.0,0.0,0.0,0.0,0.0,0.0,0.30469274520874023,0.30469274520874023,0.304692804813385,0.30469274520874023,0.2737027406692505,0.04114978387951851,0.04114978387951851,0.44648703932762146,-0.01007580105215311,-0.005130472127348185,0.19343841075897217,0.0,0.0,0.0,0.0,0.0,0.0,0.0
60609255922,0,-0.02347460761666298,-0.12924803793430328,-0.10764224082231522,-0.02347460761666298,-0.12924803793430328,-0.8076422214508057,-0.016895998269319534,0.022072946652770042,0.011244192719459534,0.0,0.0,0.0,-0.003685172414407134,-0.008807470090687275,2.366649866104126,0.0,0.0,2.366649866104126,0.0007239717524498701,-0.002578259678557515,0.0048078978434205055,0.029295019805431366,0.07001990079879761,-0.0001088464559870772,0.0,0.0,0.0,-1.576866626739502,10.072311401367188,0.07285213470458984,9.803537368774414,1.6052532196044922,-10.0,-9.879733085632324,11.80605697631836,2.0,2.0,20.69715118408203,0.2989746034145355,0.28977540135383606,0.30357420444488525,0.29590821266174316,0.0,0.30469265580177307,0.30469265580177307,0.30469265580177307,0.30469265580177307,0.0,0.013126568868756294,0.06344433128833771,-9.774115562438965,0.0,0.0,0.0,0.0,0.0,0.0,0.0,0.0,0.0,0.0,0.0,0.0,0.0,0.0,0.0,0.30469274520874023,0.30469274520874023,0.304692804813385,0.30469274520874023,0.2768898606300354,0.04114978387951851,0.04114978387951851,0.4435211718082428,-0.020295951515436172,-0.023001832887530327,0.24476459622383118,0.0,0.0,0.0,0.0,0.0,0.0,0.0
60617706185,0,-0.02344086766242981,-0.12926067411899567,-0.1076519638299942,-0.02344086766242981,-0.12926067411899567,-0.807651937007904,-0.01764601282775402,0.02191813476383686,0.010955478064715862,0.0,0.0,0.0,-0.0036783122923225164,-0.008836767636239529,2.3667538166046143,0.0,0.0,2.3667538166046143,0.0007239717524498701,-0.002578259678557515,0.0048078978434205055,0.02924051135778427,0.07025277614593506,-0.00010504075908102095,0.0,0.0,0.0,-1.5758744478225708,10.073060989379883,0.0699930191040039,9.803544044494629,1.6045939922332764,-10.0,-9.879669189453125,11.883609771728516,2.0,2.0,20.621990203857422,0.2989746034145355,0.28977540135383606,0.30357420444488525,0.29590821266174316,0.0,0.30469265580177307,0.30469265580177307,0.30469265580177307,0.30469265580177307,0.0,0.014642306603491306,0.09106212109327316,-9.821027755737305,0.0,0.0,0.0,0.0,0.0,0.0,0.0,0.0,0.0,0.0,0.0,0.0,0.0,0.0,0.0,0.30469274520874023,0.30469274520874023,0.304692804813385,0.30469274520874023,0.2768898606300354,0.04114978387951851,0.04114978387951851,0.4435211718082428,-0.020295951515436172,-0.023001832887530327,0.24476459622383118,0.0,0.0,0.0,0.0,0.0,0.0,0.0
60627338966,0,-0.023385530337691307,-0.12928536534309387,-0.10767734050750732,-0.023385530337691307,-0.12928536534309387,-0.8076773285865784,-0.019406870007514954,0.021674983203411102,0.010401539504528046,0.0,0.0,0.0,-0.00362364761531353,-0.008791662752628326,2.3669559955596924,0.0,0.0,2.3669559955596924,0.0016127373091876507,-0.0018611254636198282,0.007579177618026733,0.02924051135778427,0.07025277614593506,-0.00010504075908102095,0.0,0.0,0.0,-1.5758744478225708,10.073060989379883,0.0699930191040039,9.803544044494629,1.6045939922332764,-10.0,-9.879669189453125,11.922572135925293,2.0,2.0,20.578176498413086,0.2989746034145355,0.28977540135383606,0.30357420444488525,0.29590821266174316,0.0,0.30469265580177307,0.30469265580177307,0.30469265580177307,0.30469265580177307,0.0,0.014642306603491306,0.09106212109327316,-9.821027755737305,0.0,0.0,0.0,0.0,0.0,0.0,0.0,0.0,0.0,0.0,0.0,0.0,0.0,0.0,0.0,0.30469274520874023,0.30469274520874023,0.304692804813385,0.30469274520874023,0.2784062325954437,0.04114978387951851,0.04114978387951851,0.4421687722206116,0.030612781643867493,0.023402882739901543,0.18479616940021515,0.0,0.0,0.0,0.0,0.0,0.0,0.0
60637383762,0,-0.023385530337691307,-0.12928536534309387,-0.10767734050750732,-0.023385530337691307,-0.12928536534309387,-0.8076773285865784,-0.019406870007514954,0.021674983203411102,0.010401539504528046,0.0,0.0,0.0,-0.00362364761531353,-0.008791662752628326,2.3669559955596924,0.0,0.0,2.3669559955596924,0.0012464558240026236,-9.170224075205624e-05,0.007598888128995895,0.028805909678339958,0.0698942020535469,-0.0001088397330022417,0.0,0.0,0.0,-1.5749223232269287,10.068845748901367,0.06940841674804688,9.803567886352539,1.6022675037384033,-10.0,-9.879175186157227,11.893622398376465,2.0,2.0,20.598363876342773,0.2989746034145355,0.28977540135383606,0.30357420444488525,0.29590821266174316,0.0,0.30469265580177307,0.30469265580177307,0.30469265580177307,0.30469265580177307,0.0,0.0271199569106102,0.10121937841176987,-9.835609436035156,0.0,0.0,0.0,0.0,0.0,0.0,0.0,0.0,0.0,0.0,0.0,0.0,0.0,0.0,0.0,0.30469274520874023,0.30469274520874023,0.304692804813385,0.30469274520874023,0.2786019444465637,0.04114978387951851,0.04114978387951851,0.4417433440685272,-0.008965901099145412,0.0716414600610733,0.042571961879730225,0.0,0.0,0.0,0.0,0.0,0.0,0.0
60647451036,0,-0.023356858640909195,-0.12930725514888763,-0.10770723223686218,-0.023356858640909195,-0.12930725514888763,-0.8077071905136108,-0.020919252187013626,0.021756481379270554,0.010121832601726055,0.0,0.0,0.0,-0.0035854054149240255,-0.008738348260521889,2.3671321868896484,0.0,0.0,2.3671321868896484,0.0012464558240026236,-9.170224075205624e-05,0.007598888128995895,0.02850203588604927,0.06947032362222672,-9.886077168630436e-05,0.0,0.0,0.0,-1.5749223232269287,10.068845748901367,0.06940841674804688,9.803567886352539,1.6022675037384033,-10.0,-9.879175186157227,11.893622398376465,2.0,2.0,20.598363876342773,0.2989746034145355,0.28977540135383606,0.30357420444488525,0.29590821266174316,0.0,0.30469265580177307,0.30469265580177307,0.30469265580177307,0.30469265580177307,0.0,0.03377325460314751,0.08858295530080795,-9.815746307373047,0.0,0.0,0.0,0.0,0.0,0.0,0.0,0.0,0.0,0.0,0.0,0.0,0.0,0.0,0.0,0.30469274520874023,0.30469274520874023,0.304692804813385,0.30469274520874023,0.2786019444465637,0.04114978387951851,0.04114978387951851,0.4417433440685272,-0.008965901099145412,0.0716414600610733,0.042571961879730225,0.0,0.0,0.0,0.0,0.0,0.0,0.0
60657543017,0,-0.023351086303591728,-0.12931935489177704,-0.10772066563367844,-0.023351086303591728,-0.12931935489177704,-0.8077206611633301,-0.021524466574192047,0.021954301744699478,0.010293722152709961,0.0,0.0,0.0,-0.00359419547021389,-0.008725138381123543,2.3671650886535645,0.0,0.0,2.3671650886535645,0.0006739336531609297,0.00033902813447639346,0.006096283905208111,0.028572821989655495,0.06936495006084442,-2.088590554194525e-05,0.0,0.0,0.0,-1.5734878778457642,10.068411827087402,0.0714120864868164,9.803573608398438,1.6022675037384033,-10.0,-9.879175186157227,11.842757225036621,2.0,2.0,20.647672653198242,0.2989746034145355,0.28977540135383606,0.30357420444488525,0.29590821266174316,0.0,0.30469265580177307,0.30469265580177307,0.30469265580177307,0.30469265580177307,0.0,0.03377325460314751,0.08858295530080795,-9.815746307373047,0.0,0.0,0.0,0.0,0.0,0.0,0.0,0.0,0.0,0.0,0.0,0.0,0.0,0.0,0.0,0.30469274520874023,0.30469274520874023,0.304692804813385,0.30469274520874023,0.2786019444465637,0.04114978387951851,0.04114978387951851,0.4417433440685272,-0.032020583748817444,0.06144445389509201,-0.051052071154117584,0.0,0.0,0.0,0.0,0.0,0.0,0.0
60667401595,0,-0.023351086303591728,-0.12931935489177704,-0.10772066563367844,-0.023351086303591728,-0.12931935489177704,-0.8077206611633301,-0.021524466574192047,0.021954301744699478,0.010293722152709961,0.0,0.0,0.0,-0.00359419547021389,-0.008725138381123543,2.3671650886535645,0.0,0.0,2.3671650886535645,-0.0009289363515563309,0.0012678384082391858,-2.0021339878439903e-05,0.028572821989655495,0.06936495006084442,-2.088590554194525e-05,0.0,0.0,0.0,-1.5734878778457642,10.068411827087402,0.0714120864868164,9.803573608398438,1.6017069816589355,-10.0,-9.87906265258789,11.680347442626953,2.0,2.0,20.805335998535156,0.2989746034145355,0.28977540135383606,0.30357420444488525,0.29590821266174316,0.0,0.30469265580177307,0.30469265580177307,0.30469265580177307,0.30469265580177307,0.0,0.028193321079015732,0.07051721215248108,-9.789825439453125,0.0,0.0,0.0,0.0,0.0,0.0,0.0,0.0,0.0,0.0,0.0,0.0,0.0,0.0,0.0,0.30469274520874023,0.30469274520874023,0.304692804813385,0.30469274520874023,0.27760761976242065,0.04114978387951851,0.04114978387951851,0.4426310658454895,-0.05921266973018646,0.041443537920713425,-0.23133645951747894,0.0,0.0,0.0,0.0,0.0,0.0,0.0
60677514134,0,-0.023351086303591728,-0.12931935489177704,-0.10772066563367844,-0.023351086303591728,-0.12931935489177704,-0.8077206611633301,-0.021524466574192047,0.021954301744699478,0.010293722152709961,0.0,0.0,0.0,-0.00359419547021389,-0.008725138381123543,2.3671650886535645,0.0,0.0,2.3671650886535645,-0.0009289363515563309,0.0012678384082391858,-2.0021339878439903e-05,0.028572821989655495,0.06936495006084442,-2.088590554194525e-05,0.0,0.0,0.0,-1.5699307918548584,10.067070960998535,0.07775115966796875,9.803586959838867,1.6003676652908325,-10.0,-9.878954887390137,11.680347442626953,2.0,2.0,20.805335998535156,0.2989746034145355,0.28977540135383606,0.30357420444488525,0.29590821266174316,0.0,0.30469265580177307,0.30469265580177307,0.30469265580177307,0.30469265580177307,0.0,0.028193321079015732,0.07051721215248108,-9.789825439453125,0.0,0.0,0.0,0.0,0.0,0.0,0.0,0.0,0.0,0.0,0.0,0.0,0.0,0.0,0.0,0.30469274520874023,0.30469274520874023,0.304692804813385,0.30469274520874023,0.2744293808937073,0.04114978387951851,0.04114978387951851,0.4454663097858429,-0.05921266973018646,0.041443537920713425,-0.23133645951747894,0.0,0.0,0.0,0.0,0.0,0.0,0.0
60687470481,0,-0.023361867293715477,-0.1293439120054245,-0.1077483594417572,-0.023361867293715477,-0.1293439120054245,-0.8077483177185059,-0.022609729319810867,0.022284209728240967,0.010391696356236935,0.0,0.0,0.0,-0.0036404747515916824,-0.008649243973195553,2.367171049118042,0.0,0.0,2.367170810699463,-0.0006933734402991831,0.0020370371639728546,-0.004608014598488808,0.028915809467434883,0.06875322014093399,7.364444900304079e-05,0.0,0.0,0.0,-1.5695784091949463,10.0655517578125,0.08111381530761719,9.80359935760498,1.6003676652908325,-10.0,-9.878954887390137,11.590493202209473,2.0,2.0,20.89020347595215,0.2989746034145355,0.28977540135383606,0.30357420444488525,0.29590821266174316,0.0,0.30469265580177307,0.30469265580177307,0.30469265580177307,0.30469265580177307,0.0,-0.00043174103484489024,0.05759632587432861,-9.827516555786133,0.0,0.0,0.0,0.0,0.0,0.0,0.0,0.0,0.0,0.0,0.0,0.0,0.0,0.0,0.0,0.30469274520874023,0.30469274520874023,0.304692804813385,0.30469274520874023,0.2744293808937073,0.04114978387951851,0.04114978387951851,0.4454663097858429,-0.0026392426807433367,0.038147684186697006,-0.21832913160324097,0.0,0.0,0.0,0.0,0.0,0.0,0.0
60697905568,0,-0.023379812017083168,-0.12937909364700317,-0.10778278112411499,-0.023379812017083168,-0.12937909364700317,-0.807782769203186,-0.023253638297319412,0.021694278344511986,0.010208994150161743,0.0,0.0,0.0,-0.0036522739101201296,-0.00858118012547493,2.367058277130127,0.0,0.0,2.367058515548706,-0.0006933734402991831,0.0020370371639728546,-0.004608014598488808,0.028806516900658607,0.06797033548355103,1.6169398804777302e-05,0.0,0.0,0.0,-1.5695784091949463,10.0655517578125,0.08111381530761719,9.80359935760498,1.599104642868042,-10.0,-9.879061698913574,11.590493202209473,2.0,2.0,20.89020347595215,0.2989746034145355,0.28977540135383606,0.30357420444488525,0.29590821266174316,0.0,0.30469265580177307,0.30469265580177307,0.30469265580177307,0.30469265580177307,0.0,-0.03181527182459831,0.031063446775078773,-9.823700904846191,0.0,0.0,0.0,0.0,0.0,0.0,0.0,0.0,0.0,0.0,0.0,0.0,0.0,0.0,0.0,0.30469274520874023,0.30469274520874023,0.304692804813385,0.30469274520874023,0.2726684510707855,0.04114978387951851,0.04114978387951851,0.44699063897132874,-0.0026392426807433367,0.038147684186697006,-0.21832913160324097,0.0,0.0,0.0,0.0,0.0,0.0,0.0
60707103876,0,-0.02340024709701538,-0.12941618263721466,-0.10782338678836823,-0.02340024709701538,-0.12941618263721466,-0.8078233599662781,-0.022666780278086662,0.0212416872382164,0.009817398153245449,0.0,0.0,0.0,-0.0036303603556007147,-0.008523333817720413,2.367011308670044,0.0,0.0,2.367011308670044,-0.00011107822501799092,0.002143686171621084,-0.005227216519415379,0.02886110730469227,0.06776025891304016,4.542456372291781e-05,0.0,0.0,0.0,-1.5698856115341187,10.065495491027832,0.08089351654052734,9.803606033325195,1.599104642868042,-10.0,-9.879061698913574,11.595684051513672,2.0,2.0,20.88486099243164,0.2989746034145355,0.28977540135383606,0.30357420444488525,0.29590821266174316,0.0,0.30469265580177307,0.30469265580177307,0.30469265580177307,0.30469265580177307,0.0,-0.06614699959754944,0.0038612515199929476,-9.815075874328613,0.0,0.0,0.0,0.0,0.0,0.0,0.0,0.0,0.0,0.0,0.0,0.0,0.0,0.0,0.0,0.30469274520874023,0.30469274520874023,0.304692804813385,0.30469274520874023,0.2726684510707855,0.04114978387951851,0.04114978387951851,0.44699063897132874,0.025453956797719002,0.016899408772587776,-0.13968892395496368,0.0,0.0,0.0,0.0,0.0,0.0,0.0
60717330679,0,-0.02340024709701538,-0.12941618263721466,-0.10782338678836823,-0.02340024709701538,-0.12941618263721466,-0.8078233599662781,-0.022666780278086662,0.0212416872382164,0.009817398153245449,0.0,0.0,0.0,-0.0036303603556007147,-0.008523333817720413,2.367011308670044,0.0,0.0,2.367011308670044,-0.0001792191033018753,0.0019730457570403814,-0.0033339231740683317,0.02886110730469227,0.06776025891304016,4.542456372291781e-05,0.0,0.0,0.0,-1.5682847499847412,10.065104484558105,0.07780933380126953,9.803618431091309,1.5971993207931519,-10.0,-9.87933349609375,11.67824649810791,2.0,2.0,20.800981521606445,0.2989746034145355,0.28977540135383606,0.30357420444488525,0.29590821266174316,0.0,0.30469265580177307,0.30469265580177307,0.30469265580177307,0.30469265580177307,0.0,-0.06614699959754944,0.0038612515199929476,-9.815075874328613,0.0,0.0,0.0,0.0,0.0,0.0,0.0,0.0,0.0,0.0,0.0,0.0,0.0,0.0,0.0,0.30469274520874023,0.30469274520874023,0.304692804813385,0.30469274520874023,0.27277040481567383,0.04114978387951851,0.04114978387951851,0.44689491391181946,0.007187351584434509,0.0020089703612029552,0.039892759174108505,0.0,0.0,0.0,0.0,0.0,0.0,0.0
60727325560,0,-0.023418672382831573,-0.12944449484348297,-0.1078566238284111,-0.023418672382831573,-0.12944449484348297,-0.8078566193580627,-0.021199839189648628,0.02092968113720417,0.009969815611839294,0.0,0.0,0.0,-0.003623658325523138,-0.008439963683485985,2.3670296669006348,0.0,0.0,2.3670296669006348,-0.0001792191033018753,0.0019730457570403814,-0.0033339231740683317,0.028807228431105614,0.0670977383852005,-9.469205906498246e-06,0.0,0.0,0.0,-1.5682847499847412,10.065104484558105,0.07780933380126953,9.803618431091309,1.5971993207931519,-10.0,-9.87933349609375,11.67824649810791,2.0,2.0,20.800981521606445,0.2989746034145355,0.28977540135383606,0.30357420444488525,0.29590821266174316,0.0,0.30469265580177307,0.30469265580177307,0.30469265580177307,0.30469265580177307,0.0,-0.09945207089185715,-0.024128811433911324,-9.78834056854248,0.0,0.0,0.0,0.0,0.0,0.0,0.0,0.0,0.0,0.0,0.0,0.0,0.0,0.0,0.0,0.30469274520874023,0.30469274520874023,0.304692804813385,0.30469274520874023,0.27438807487487793,0.04114978387951851,0.04114978387951851,0.4453878700733185,0.007187351584434509,0.0020089703612029552,0.039892759174108505,0.0,0.0,0.0,0.0,0.0,0.0,0.0
60737528046,0,-0.023418672382831573,-0.12944449484348297,-0.1078566238284111,-0.02339416742324829,-0.12950535118579865,-0.8078924417495728,-0.021199839189648628,0.02092968113720417,0.009969815611839294,0.0,0.0,0.0,-0.003623658325523138,-0.008439963683485985,2.3670296669006348,0.0,0.0,2.3671319484710693,-0.00012435944518074393,0.0012812133645638824,0.0016349225770682096,0.028807228431105614,0.0670977383852005,-9.469205906498246e-06,0.0,0.0,0.0,-1.5682847499847412,10.065104484558105,0.07780933380126953,9.803618431091309,1.5971993207931519,-10.0,-9.87933349609375,11.821056365966797,2.0,2.0,20.6607608795166,0.2989746034145355,0.28977540135383606,0.30357420444488525,0.29590821266174316,0.0,0.30469265580177307,0.30469265580177307,0.30469265580177307,0.30469265580177307,0.0,-0.09945207089185715,-0.024128811433911324,-9.78834056854248,0.0,0.0,0.0,0.0,0.0,0.0,0.0,0.0,0.0,0.0,0.0,0.0,0.0,0.0,0.0,0.30469274520874023,0.30469274520874023,0.304692804813385,0.30469274520874023,0.27438807487487793,0.04114978387951851,0.04114978387951851,0.4453878700733185,0.019609715789556503,-0.04011380672454834,0.19930371642112732,0.0,0.0,0.0,0.0,0.0,0.0,0.0
60747422981,0,-0.02339416742324829,-0.12950535118579865,-0.10789244621992111,-0.02339416742324829,-0.12950535118579865,-0.8078924417495728,-0.019461048766970634,0.020961834117770195,0.010157511569559574,0.0,0.0,0.0,-0.003638633294031024,-0.008400212042033672,2.3671319484710693,0.0,0.0,2.3671319484710693,-0.00012435944518074393,0.0012812133645638824,0.0016349225770682096,0.028925813734531403,0.06678193062543869,-5.1653943955898285e-05,0.0,0.0,0.0,-1.567107081413269,10.065901756286621,0.07246971130371094,9.803650856018066,1.5959612131118774,-10.0,-9.879378318786621,11.821056365966797,2.0,2.0,20.6607608795166,0.2989746034145355,0.28977540135383606,0.30357420444488525,0.29590821266174316,0.0,0.30469265580177307,0.30469265580177307,0.30469265580177307,0.30469265580177307,0.0,-0.0985439121723175,-0.03906945884227753,-9.793253898620605,0.0,0.0,0.0,0.0,0.0,0.0,0.0,0.0,0.0,0.0,0.0,0.0,0.0,0.0,0.0,0.30469274520874023,0.30469274520874023,0.304692804813385,0.30469274520874023,0.2771831154823303,0.04114978387951851,0.04114978387951851,0.44286632537841797,0.019609715789556503,-0.04011380672454834,0.19930371642112732,0.0,0.0,0.0,0.0,0.0,0.0,0.0
60757587993,0,-0.02337128296494484,-0.1295383721590042,-0.10790900886058807,-0.02337128296494484,-0.1295383721590042,-0.8079090118408203,-0.01871483214199543,0.02083166502416134,0.01029931753873825,0.0,0.0,0.0,-0.0036305957473814487,-0.008373812772333622,2.36723256111145,0.0,0.0,2.36723256111145,0.0005986471078358591,0.0009283031104132533,0.0043043941259384155,0.028925813734531403,0.06678193062543869,-5.1653943955898285e-05,0.0,0.0,0.0,-1.5677556991577148,10.0662841796875,0.07010078430175781,9.803722381591797,1.5959612131118774,-10.0,-9.879378318786621,11.882624626159668,2.0,2.0,20.600528717041016,0.2989746034145355,0.28977540135383606,0.30357420444488525,0.29590821266174316,0.0,0.30469265580177307,0.30469265580177307,0.30469265580177307,0.30469265580177307,0.0,-0.0985439121723175,-0.03906945884227753,-9.793253898620605,0.0,0.0,0.0,0.0,0.0,0.0,0.0,0.0,0.0,0.0,0.0,0.0,0.0,0.0,0.0,0.30469274520874023,0.30469274520874023,0.304692804813385,0.30469274520874023,0.2771831154823303,0.04114978387951851,0.04114978387951851,0.44286632537841797,0.04654185473918915,-0.03286838158965111,0.22459550201892853,0.0,0.0,0.0,0.0,0.0,0.0,0.0
60767675277,0,-0.02337128296494484,-0.1295383721590042,-0.10790900886058807,-0.02337128296494484,-0.1295383721590042,-0.8079090118408203,-0.01871483214199543,0.02083166502416134,0.01029931753873825,0.0,0.0,0.0,-0.0036305957473814487,-0.008373812772333622,2.36723256111145,0.0,0.0,2.36723256111145,0.0014133404474705458,-0.0007063347147777677,0.0071856314316391945,0.028289515525102615,0.06649714708328247,-2.491028226359049e-06,0.0,0.0,0.0,-1.5677556991577148,10.0662841796875,0.07010078430175781,9.803722381591797,1.595300316810608,-10.0,-9.879318237304688,11.93299388885498,2.0,2.0,20.55559730529785,0.2989746034145355,0.28977540135383606,0.30357420444488525,0.29590821266174316,0.0,0.30469265580177307,0.30469265580177307,0.30469265580177307,0.30469265580177307,0.0,-0.11377272754907608,-0.0348433181643486,-9.810393333435059,0.0,0.0,0.0,0.0,0.0,0.0,0.0,0.0,0.0,0.0,0.0,0.0,0.0,0.0,0.0,0.30469274520874023,0.30469274520874023,0.304692804813385,0.30469274520874023,0.2783871293067932,0.04114978387951851,0.04114978387951851,0.4417822062969208,0.045515336096286774,-0.06648081541061401,0.15771664679050446,0.0,0.0,0.0,0.0,0.0,0.0,0.0
60777655239,0,-0.023278025910258293,-0.12957227230072021,-0.10794365406036377,-0.023278025910258293,-0.12957227230072021,-0.8079436421394348,-0.017375728115439415,0.020130330696702003,0.01028059795498848,0.0,0.0,0.0,-0.0035925183910876513,-0.00837734155356884,2.367374897003174,0.0,0.0,2.367374897003174,0.0014133404474705458,-0.0007063347147777677,0.0071856314316391945,0.028289515525102615,0.06649714708328247,-2.491028226359049e-06,0.0,0.0,0.0,-1.5674165487289429,10.067971229553223,0.0682992935180664,9.803784370422363,1.5941070318222046,-10.0,-9.879104614257812,11.93299388885498,2.0,2.0,20.55559730529785,0.2989746034145355,0.28977540135383606,0.30357420444488525,0.29590821266174316,0.0,0.30469265580177307,0.30469265580177307,0.30469265580177307,0.30469265580177307,0.0,-0.09980471432209015,-0.023879291489720345,-9.785887718200684,0.0,0.0,0.0,0.0,0.0,0.0,0.0,0.0,0.0,0.0,0.0,0.0,0.0,0.0,0.0,0.30469274520874023,0.30469274520874023,0.304692804813385,0.30469274520874023,0.2793712317943573,0.04114978387951851,0.04114978387951851,0.440973162651062,0.045515336096286774,-0.06648081541061401,0.15771664679050446,0.0,0.0,0.0,0.0,0.0,0.0,0.0
60787324963,0,-0.023278025910258293,-0.12957227230072021,-0.10794365406036377,-0.023226827383041382,-0.12958328425884247,-0.8079588413238525,-0.017375728115439415,0.020130330696702003,0.01028059795498848,0.0,0.0,0.0,-0.0035925183910876513,-0.00837734155356884,2.367374897003174,0.0,0.0,2.3674378395080566,0.0017257912550121546,-0.0004495177126955241,0.007474686950445175,0.028289515525102615,0.06649714708328247,-2.491028226359049e-06,0.0,0.0,0.0,-1.5671221017837524,10.067073822021484,0.06864166259765625,9.803750991821289,1.5934698581695557,-10.0,-9.878961563110352,11.923056602478027,2.0,2.0,20.5626163482666,0.2989746034145355,0.28977540135383606,0.30357420444488525,0.29590821266174316,0.0,0.30469265580177307,0.30469265580177307,0.30469265580177307,0.30469265580177307,0.0,-0.09980471432209015,-0.023879291489720345,-9.785887718200684,0.0,0.0,0.0,0.0,0.0,0.0,0.0,0.0,0.0,0.0,0.0,0.0,0.0,0.0,0.0,0.30469274520874023,0.30469274520874023,0.304692804813385,0.30469274520874023,0.27917709946632385,0.04114978387951851,0.04114978387951851,0.44109979271888733,0.04180574789643288,-0.023328684270381927,0.09197629243135452,0.0,0.0,0.0,0.0,0.0,0.0,0.0
60797524331,0,-0.023226827383041382,-0.12958328425884247,-0.1079588383436203,-0.023226827383041382,-0.12958328425884247,-0.8079588413238525,-0.016646837815642357,0.01973910443484783,0.01046179048717022,0.0,0.0,0.0,-0.0035840158816426992,-0.00835102517157793,2.3674378395080566,0.0,0.0,2.3674378395080566,0.0013206526637077332,0.0007323473691940308,0.004262389615178108,0.02828725427389145,0.06574878841638565,1.3064782251603901e-05,0.0,0.0,0.0,-1.5671221017837524,10.067073822021484,0.06864166259765625,9.803750991821289,1.5934698581695557,-10.0,-9.878961563110352,11.87387466430664,2.0,2.0,20.606908798217773,0.2989746034145355,0.28977540135383606,0.30357420444488525,0.29590821266174316,0.0,0.30469265580177307,0.30469265580177307,0.30469265580177307,0.30469265580177307,0.0,-0.06030672788619995,8.01060741650872e-05,-9.77043628692627,0.0,0.0,0.0,0.0,0.0,0.0,0.0,0.0,0.0,0.0,0.0,0.0,0.0,0.0,0.0,0.30469274520874023,0.30469274520874023,0.304692804813385,0.30469274520874023,0.27917709946632385,0.04114978387951851,0.04114978387951851,0.44109979271888733,0.002555140061303973,0.03320249915122986,-0.1043197438120842,0.0,0.0,0.0,0.0,0.0,0.0,0.0
60807103022,0,-0.02310970425605774,-0.12960690259933472,-0.10798099637031555,-0.02310970425605774,-0.12960690259933472,-0.807981014251709,-0.015394648537039757,0.019691292196512222,0.010974357835948467,0.0,0.0,0.0,-0.003530233632773161,-0.008293609134852886,2.3675084114074707,0.0,0.0,2.3675084114074707,0.0013206526637077332,0.0007323473691940308,0.004262389615178108,0.02828725427389145,0.06574878841638565,1.3064782251603901e-05,0.0,0.0,0.0,-1.565578818321228,10.06486988067627,0.07294940948486328,9.803633689880371,1.5922971963882446,-10.0,-9.878744125366211,11.809244155883789,2.0,2.0,20.669118881225586,0.2989746034145355,0.28977540135383606,0.30357420444488525,0.29590821266174316,0.0,0.30469265580177307,0.30469265580177307,0.30469265580177307,0.30469265580177307,0.0,-0.06030672788619995,8.01060741650872e-05,-9.77043628692627,0.0,0.0,0.0,0.0,0.0,0.0,0.0,0.0,0.0,0.0,0.0,0.0,0.0,0.0,0.0,0.30469274520874023,0.30469274520874023,0.304692804813385,0.30469274520874023,0.2769520580768585,0.04114978387951851,0.04114978387951851,0.4430166780948639,0.002555140061303973,0.03320249915122986,-0.1043197438120842,0.0,0.0,0.0,0.0,0.0,0.0,0.0
60819158811,0,-0.02310970425605774,-0.12960690259933472,-0.10798099637031555,-0.02291957661509514,-0.12964390218257904,-0.8080025911331177,-0.015394648537039757,0.019691292196512222,0.010974357835948467,0.0,0.0,0.0,-0.003530233632773161,-0.008293609134852886,2.3675084114074707,0.0,0.0,2.367443323135376,0.0013206526637077332,0.0007323473691940308,0.004262389615178108,0.02828725427389145,0.06574878841638565,1.3064782251603901e-05,0.0,0.0,0.0,-1.565578818321228,10.06486988067627,0.07294940948486328,9.803633689880371,1.5922971963882446,-10.0,-9.878744125366211,11.809244155883789,2.0,2.0,20.669118881225586,0.2989746034145355,0.28977540135383606,0.30357420444488525,0.29590821266174316,0.0,0.30469265580177307,0.30469265580177307,0.30469265580177307,0.30469265580177307,0.0,-0.06030672788619995,8.01060741650872e-05,-9.77043628692627,0.0,0.0,0.0,0.0,0.0,0.0,0.0,0.0,0.0,0.0,0.0,0.0,0.0,0.0,0.0,0.30469274520874023,0.30469274520874023,0.304692804813385,0.30469274520874023,0.2769520580768585,0.04114978387951851,0.04114978387951851,0.4430166780948639,0.002555140061303973,0.03320249915122986,-0.1043197438120842,0.0,0.0,0.0,0.0,0.0,0.0,0.0
60827672439,0,-0.02291957661509514,-0.12964390218257904,-0.10800263285636902,-0.02291957661509514,-0.12964390218257904,-0.8080025911331177,-0.015024026855826378,0.01976822316646576,0.011351401917636395,0.0,0.0,0.0,-0.003496694378554821,-0.008236001245677471,2.367443323135376,0.0,0.0,2.367443323135376,0.00160266924649477,0.0011067871237173676,-0.0010935836471617222,0.027798417955636978,0.06547602266073227,3.616616959334351e-05,0.0,0.0,0.0,-1.5648974180221558,10.064242362976074,0.07802104949951172,9.803644180297852,1.5911341905593872,-10.0,-9.878705978393555,11.676630020141602,2.0,2.0,20.799545288085938,0.2989746034145355,0.28977540135383606,0.30357420444488525,0.29590821266174316,0.0,0.30469265580177307,0.30469265580177307,0.30469265580177307,0.30469265580177307,0.0,-0.0387282632291317,0.036246951669454575,-9.792813301086426,0.0,0.0,0.0,0.0,0.0,0.0,0.0,0.0,0.0,0.0,0.0,0.0,0.0,0.0,0.0,0.30469274520874023,0.30469274520874023,0.304692804813385,0.30469274520874023,0.27435654401779175,0.04114978387951851,0.04114978387951851,0.4453621208667755,0.004305073991417885,0.005587599705904722,-0.2116677612066269,0.0,0.0,0.0,0.0,0.0,0.0,0.0
60838663748,0,-0.022858241572976112,-0.1296532154083252,-0.10800956189632416,-0.022858241572976112,-0.1296532154083252,-0.8080095648765564,-0.015248684212565422,0.019698400050401688,0.01121220737695694,0.0,0.0,0.0,-0.0035173650830984116,-0.008265950717031956,2.367398500442505,0.0,0.0,2.367398738861084,0.0011588556226342916,-0.0009441138245165348,-0.0027610764373093843,0.02796313539147377,0.06571396440267563,7.121132512111217e-05,0.0,0.0,0.0,-1.5634937286376953,10.067564964294434,0.0789947509765625,9.8037109375,1.5911341905593872,-10.0,-9.878705978393555,11.658696174621582,2.0,2.0,20.82802391052246,0.2989746034145355,0.28977540135383606,0.30357420444488525,0.29590821266174316,0.0,0.30469265580177307,0.30469265580177307,0.30469265580177307,0.30469265580177307,0.0,-0.0387282632291317,0.036246951669454575,-9.792813301086426,0.0,0.0,0.0,0.0,0.0,0.0,0.0,0.0,0.0,0.0,0.0,0.0,0.0,0.0,0.0,0.30469274520874023,0.30469274520874023,0.304692804813385,0.30469274520874023,0.27435654401779175,0.04114978387951851,0.04114978387951851,0.4453621208667755,-0.02100660279393196,-0.09065380692481995,-0.1830131709575653,0.0,0.0,0.0,0.0,0.0,0.0,0.0
60847463097,0,-0.022858241572976112,-0.1296532154083252,-0.10800956189632416,-0.022858241572976112,-0.1296532154083252,-0.8080095648765564,-0.015248684212565422,0.019698400050401688,0.01121220737695694,0.0,0.0,0.0,-0.0035173650830984116,-0.008265950717031956,2.367398500442505,0.0,0.0,2.367398738861084,0.0012058315332978964,-0.001621641218662262,-0.004073972813785076,0.02796313539147377,0.06571396440267563,7.121132512111217e-05,0.0,0.0,0.0,-1.562160849571228,10.06799030303955,0.0790395736694336,9.803784370422363,1.5905081033706665,-10.0,-9.878751754760742,11.65771770477295,2.0,2.0,20.829082489013672,0.2989746034145355,0.28977540135383606,0.30357420444488525,0.29590821266174316,0.0,0.30469265580177307,0.30469265580177307,0.30469265580177307,0.30469265580177307,0.0,-0.02399054728448391,0.04619036614894867,-9.815732955932617,0.0,0.0,0.0,0.0,0.0,0.0,0.0,0.0,0.0,0.0,0.0,0.0,0.0,0.0,0.0,0.30469274520874023,0.30469274520874023,0.304692804813385,0.30469274520874023,0.27400511503219604,0.04114978387951851,0.04114978387951851,0.4458739459514618,0.010750748217105865,-0.03672938421368599,-0.08716539293527603,0.0,0.0,0.0,0.0,0.0,0.0,0.0
60857140049,0,-0.022858241572976112,-0.1296532154083252,-0.10800956189632416,-0.022739041596651077,-0.12967081367969513,-0.8080275654792786,-0.015248684212565422,0.019698400050401688,0.01121220737695694,0.0,0.0,0.0,-0.0035173650830984116,-0.008265950717031956,2.367398500442505,0.0,0.0,2.367344617843628,0.0012058315332978964,-0.001621641218662262,-0.004073972813785076,0.02796313539147377,0.06571396440267563,7.121132512111217e-05,0.0,0.0,0.0,-1.5628864765167236,10.067605972290039,0.079071044921875,9.803816795349121,1.5892435312271118,-10.0,-9.878901481628418,11.65771770477295,2.0,2.0,20.829082489013672,0.2989746034145355,0.28977540135383606,0.30357420444488525,0.29590821266174316,0.0,0.30469265580177307,0.30469265580177307,0.30469265580177307,0.30469265580177307,0.0,-0.02399054728448391,0.04619036614894867,-9.815732955932617,0.0,0.0,0.0,0.0,0.0,0.0,0.0,0.0,0.0,0.0,0.0,0.0,0.0,0.0,0.0,0.30469274520874023,0.30469274520874023,0.304692804813385,0.30469274520874023,0.27398598194122314,0.04114978387951851,0.04114978387951851,0.4458928108215332,0.010750748217105865,-0.03672938421368599,-0.08716539293527603,0.0,0.0,0.0,0.0,0.0,0.0,0.0
60867569153,0,-0.022682590410113335,-0.12968061864376068,-0.10803856700658798,-0.022682590410113335,-0.12968061864376068,-0.8080385327339172,-0.016501622274518013,0.019473811611533165,0.010716590099036694,0.0,0.0,0.0,-0.0034510481636971235,-0.008247481659054756,2.3673439025878906,0.0,0.0,2.3673439025878906,0.0012058315332978964,-0.001621641218662262,-0.004073972813785076,0.027435339987277985,0.06556738168001175,1.7925925931194797e-05,0.0,0.0,0.0,-1.5630513429641724,10.067676544189453,0.07760810852050781,9.803839683532715,1.5887107849121094,-10.0,-9.878966331481934,11.695842742919922,2.0,2.0,20.791231155395508,0.2989746034145355,0.28977540135383606,0.30357420444488525,0.29590821266174316,0.0,0.30469265580177307,0.30469265580177307,0.30469265580177307,0.30469265580177307,0.0,0.010439496487379074,0.06239169090986252,-9.792769432067871,0.0,0.0,0.0,0.0,0.0,0.0,0.0,0.0,0.0,0.0,0.0,0.0,0.0,0.0,0.0,0.30469274520874023,0.30469274520874023,0.304692804813385,0.30469274520874023,0.2747328579425812,0.04114978387951851,0.04114978387951851,0.44521257281303406,0.010750748217105865,-0.03672938421368599,-0.08716539293527603,0.0,0.0,0.0,0.0,0.0,0.0,0.0
60880366222,0,-0.022682590410113335,-0.12968061864376068,-0.10803856700658798,-0.022682590410113335,-0.12968061864376068,-0.8080385327339172,-0.016501622274518013,0.019473811611533165,0.010716590099036694,0.0,0.0,0.0,-0.0034510481636971235,-0.008247481659054756,2.3673439025878906,0.0,0.0,2.3673439025878906,0.0009077860158868134,-5.666492506861687e-05,0.0008002779213711619,0.027435339987277985,0.06556738168001175,1.7925925931194797e-05,0.0,0.0,0.0,-1.5617294311523438,10.067270278930664,0.0754098892211914,9.803866386413574,1.5880874395370483,-10.0,-9.879012107849121,11.812056541442871,2.0,2.0,20.665325164794922,0.2989746034145355,0.28977540135383606,0.30357420444488525,0.29590821266174316,0.0,0.30469265580177307,0.30469265580177307,0.30469265580177307,0.30469265580177307,0.0,0.010439496487379074,0.06239169090986252,-9.792769432067871,0.0,0.0,0.0,0.0,0.0,0.0,0.0,0.0,0.0,0.0,0.0,0.0,0.0,0.0,0.0,0.30469274520874023,0.30469274520874023,0.304692804813385,0.30469274520874023,0.2758862376213074,0.04114978387951851,0.04114978387951851,0.44412875175476074,-0.01550446730107069,0.0748729258775711,0.13936422765254974,0.0,0.0,0.0,0.0,0.0,0.0,0.0
60887158186,0,-0.022682590410113335,-0.12968061864376068,-0.10803856700658798,-0.022682590410113335,-0.12968061864376068,-0.8080385327339172,-0.016501622274518013,0.019473811611533165,0.010716590099036694,0.0,0.0,0.0,-0.0034510481636971235,-0.008247481659054756,2.3673439025878906,0.0,0.0,2.3673439025878906,0.0009077860158868134,-5.666492506861687e-05,0.0008002779213711619,0.0274992473423481,0.06520236283540726,-2.2593329049414024e-05,0.0,0.0,0.0,-1.5608410835266113,10.064685821533203,0.07311439514160156,9.803893089294434,1.5874651670455933,-10.0,-9.879015922546387,11.812056541442871,2.0,2.0,20.665325164794922,0.2989746034145355,0.28977540135383606,0.30357420444488525,0.29590821266174316,0.0,0.30469265580177307,0.30469265580177307,0.30469265580177307,0.30469265580177307,0.0,0.010439496487379074,0.06239169090986252,-9.792769432067871,0.0,0.0,0.0,0.0,0.0,0.0,0.0,0.0,0.0,0.0,0.0,0.0,0.0,0.0,0.0,0.30469274520874023,0.30469274520874023,0.304692804813385,0.30469274520874023,0.27700716257095337,0.04114978387951851,0.04114978387951851,0.44294849038124084,-0.01550446730107069,0.0748729258775711,0.13936422765254974,0.0,0.0,0.0,0.0,0.0,0.0,0.0
60897333586,0,-0.022578537464141846,-0.12969891726970673,-0.1080661192536354,-0.022578537464141846,-0.12969891726970673,-0.8080661296844482,-0.017172856256365776,0.01985328085720539,0.010323690250515938,0.0,0.0,0.0,-0.0034437417052686214,-0.00822363793849945,2.3674190044403076,0.0,0.0,2.3674190044403076,0.00016520102508366108,0.003244478488340974,0.004740695469081402,0.0274992473423481,0.06520236283540726,-2.2593329049414024e-05,0.0,0.0,0.0,-1.5608410835266113,10.064685821533203,0.07311439514160156,9.803893089294434,1.5874651670455933,-10.0,-9.879015922546387,11.812056541442871,2.0,2.0,20.665325164794922,0.2989746034145355,0.28977540135383606,0.30357420444488525,0.29590821266174316,0.0,0.30469265580177307,0.30469265580177307,0.30469265580177307,0.30469265580177307,0.0,0.009749659337103367,0.04662613570690155,-9.796223640441895,0.0,0.0,0.0,0.0,0.0,0.0,0.0,0.0,0.0,0.0,0.0,0.0,0.0,0.0,0.0,0.30469274520874023,0.30469274520874023,0.304692804813385,0.30469274520874023,0.27700716257095337,0.04114978387951851,0.04114978387951851,0.44294849038124084,-0.04742313176393509,0.13756795227527618,0.18024051189422607,0.0,0.0,0.0,0.0,0.0,0.0,0.0
60907290627,0,-0.02248798869550228,-0.1296931356191635,-0.10811546444892883,-0.02248798869550228,-0.1296931356191635,-0.8081154823303223,-0.018784059211611748,0.019978728145360947,0.010606027208268642,0.0,0.0,0.0,-0.003473834600299597,-0.008046869188547134,2.3676064014434814,0.0,0.0,2.3676066398620605,0.00016520102508366108,0.003244478488340974,0.004740695469081402,0.027615360915660858,0.06397303193807602,-9.150068217422813e-05,0.0,0.0,0.0,-1.558896780014038,10.059548377990723,0.06960582733154297,9.803942680358887,1.586302399635315,-10.0,-9.878914833068848,11.898633003234863,2.0,2.0,20.562156677246094,0.2989746034145355,0.28977540135383606,0.30357420444488525,0.29590821266174316,0.0,0.30469265580177307,0.30469265580177307,0.30469265580177307,0.30469265580177307,0.0,0.0163484625518322,0.08135878294706345,-9.782807350158691,0.0,0.0,0.0,0.0,0.0,0.0,0.0,0.0,0.0,0.0,0.0,0.0,0.0,0.0,0.0,0.30469274520874023,0.30469274520874023,0.304692804813385,0.30469274520874023,0.27869993448257446,0.04114978387951851,0.04114978387951851,0.441091388463974,-0.04742313176393509,0.13756795227527618,0.18024051189422607,0.0,0.0,0.0,0.0,0.0,0.0,0.0
60917449654,0,-0.02246461808681488,-0.12969408929347992,-0.10813036561012268,-0.02246461808681488,-0.12969408929347992,-0.8081303834915161,-0.019024692475795746,0.019633686169981956,0.010661180131137371,0.0,0.0,0.0,-0.0035028760321438313,-0.008058817125856876,2.3676881790161133,0.0,0.0,2.3676881790161133,-0.0010598538210615516,0.002955812029540539,0.006289783865213394,0.02784634940326214,0.06406798213720322,-8.068459283094853e-05,0.0,0.0,0.0,-1.5563637018203735,10.060476303100586,0.06836795806884766,9.80396556854248,1.586302399635315,-10.0,-9.878914833068848,11.93647575378418,2.0,2.0,20.52712059020996,0.2989746034145355,0.28977540135383606,0.30357420444488525,0.29590821266174316,0.0,0.30469265580177307,0.30469265580177307,0.30469265580177307,0.30469265580177307,0.0,-0.016424458473920822,0.07918808609247208,-9.79936695098877,0.0,0.0,0.0,0.0,0.0,0.0,0.0,0.0,0.0,0.0,0.0,0.0,0.0,0.0,0.0,0.30469274520874023,0.30469274520874023,0.304692804813385,0.30469274520874023,0.27869993448257446,0.04114978387951851,0.04114978387951851,0.441091388463974,-0.09037692099809647,0.06351302564144135,0.17684176564216614,0.0,0.0,0.0,0.0,0.0,0.0,0.0
60927864285,0,-0.02246461808681488,-0.12969408929347992,-0.10813036561012268,-0.02246461808681488,-0.12969408929347992,-0.8081303834915161,-0.019024692475795746,0.019633686169981956,0.010661180131137371,0.0,0.0,0.0,-0.0035028760321438313,-0.008058817125856876,2.3676881790161133,0.0,0.0,2.3676881790161133,-0.0013230910990387201,0.0002814341860357672,0.006514262408018112,0.02784634940326214,0.06406798213720322,-8.068459283094853e-05,0.0,0.0,0.0,-1.5550607442855835,10.064385414123535,0.06916046142578125,9.804045677185059,1.5844393968582153,-10.0,-9.878572463989258,11.924065589904785,2.0,2.0,20.551969528198242,0.2989746034145355,0.28977540135383606,0.30357420444488525,0.29590821266174316,0.0,0.30469265580177307,0.30469265580177307,0.30469265580177307,0.30469265580177307,0.0,-0.016424458473920822,0.07918808609247208,-9.79936695098877,0.0,0.0,0.0,0.0,0.0,0.0,0.0,0.0,0.0,0.0,0.0,0.0,0.0,0.0,0.0,0.30469274520874023,0.30469274520874023,0.304692804813385,0.30469274520874023,0.27943921089172363,0.04114978387951851,0.04114978387951851,0.4404604732990265,-0.0207624901086092,-0.06682170182466507,0.04549084231257439,0.0,0.0,0.0,0.0,0.0,0.0,0.0
60937950410,0,-0.022422198206186295,-0.12969186902046204,-0.10816086828708649,-0.022422198206186295,-0.12969186902046204,-0.8081608414649963,-0.019012046977877617,0.019390439614653587,0.010047674179077148,0.0,0.0,0.0,-0.0035030196886509657,-0.0080501027405262,2.3677875995635986,0.0,0.0,2.3677875995635986,-0.0013230910990387201,0.0002814341860357672,0.006514262408018112,0.027847979217767715,0.06399849057197571,-3.4888980735559016e-05,0.0,0.0,0.0,-1.5550607442855835,10.064385414123535,0.06916046142578125,9.804045677185059,1.5844393968582153,-10.0,-9.878572463989258,11.924065589904785,2.0,2.0,20.551969528198242,0.2989746034145355,0.28977540135383606,0.30357420444488525,0.29590821266174316,0.0,0.30469265580177307,0.30469265580177307,0.30469265580177307,0.30469265580177307,0.0,-0.02963470108807087,0.03283844515681267,-9.81112003326416,0.0,0.0,0.0,0.0,0.0,0.0,0.0,0.0,0.0,0.0,0.0,0.0,0.0,0.0,0.0,0.30469274520874023,0.30469274520874023,0.304692804813385,0.30469274520874023,0.2791968584060669,0.04114978387951851,0.04114978387951851,0.4409078359603882,-0.0207624901086092,-0.06682170182466507,0.04549084231257439,0.0,0.0,0.0,0.0,0.0,0.0,0.0
60947683937,0,-0.022422198206186295,-0.12969186902046204,-0.10816086828708649,-0.022422198206186295,-0.12969186902046204,-0.8081608414649963,-0.019012046977877617,0.019390439614653587,0.010047674179077148,0.0,0.0,0.0,-0.0035030196886509657,-0.0080501027405262,2.3677875995635986,0.0,0.0,2.3677875995635986,-0.0011354556772857904,0.00017509788449387997,0.005248118191957474,0.027877911925315857,0.06360530853271484,7.4096888056374155e-06,0.0,0.0,0.0,-1.554761528968811,10.06397533416748,0.07077312469482422,9.804117202758789,1.5837905406951904,-10.0,-9.878459930419922,11.881689071655273,2.0,2.0,20.592967987060547,0.2989746034145355,0.28977540135383606,0.30357420444488525,0.29590821266174316,0.0,0.30469265580177307,0.30469265580177307,0.30469265580177307,0.30469265580177307,0.0,-0.02963470108807087,0.03283844515681267,-9.81112003326416,0.0,0.0,0.0,0.0,0.0,0.0,0.0,0.0,0.0,0.0,0.0,0.0,0.0,0.0,0.0,0.30469274520874023,0.30469274520874023,0.304692804813385,0.30469274520874023,0.27836868166923523,0.04114978387951851,0.04114978387951851,0.4416462481021881,-0.005896682385355234,-0.037767622619867325,-0.03918964043259621,0.0,0.0,0.0,0.0,0.0,0.0,0.0
60957310392,0,-0.022402750328183174,-0.1296885758638382,-0.10817724466323853,-0.022402750328183174,-0.1296885758638382,-0.8081772327423096,-0.018787624314427376,0.019533734768629074,0.009833060204982758,0.0,0.0,0.0,-0.003501337952911854,-0.008021670393645763,2.3678300380706787,0.0,0.0,2.367830276489258,-0.0008591804071329534,0.0006894634570926428,0.0031764523591846228,0.028094252571463585,0.06327906996011734,6.051204400137067e-05,0.0,0.0,0.0,-1.554761528968811,10.06397533416748,0.07077312469482422,9.804117202758789,1.5837905406951904,-10.0,-9.878459930419922,11.881689071655273,2.0,2.0,20.592967987060547,0.2989746034145355,0.28977540135383606,0.30357420444488525,0.29590821266174316,0.0,0.30469265580177307,0.30469265580177307,0.30469265580177307,0.30469265580177307,0.0,-0.04730832204222679,0.03283056616783142,-9.809025764465332,0.0,0.0,0.0,0.0,0.0,0.0,0.0,0.0,0.0,0.0,0.0,0.0,0.0,0.0,0.0,0.30469274520874023,0.30469274520874023,0.304692804813385,0.30469274520874023,0.27836868166923523,0.04114978387951851,0.04114978387951851,0.4416462481021881,0.006747355218976736,0.00420758780092001,-0.12303215265274048,0.0,0.0,0.0,0.0,0.0,0.0,0.0
60971899308,0,-0.022402750328183174,-0.1296885758638382,-0.10817724466323853,-0.022402750328183174,-0.1296885758638382,-0.8081772327423096,-0.018787624314427376,0.019533734768629074,0.009833060204982758,0.0,0.0,0.0,-0.003501337952911854,-0.008021670393645763,2.3678300380706787,0.0,0.0,2.367830276489258,-0.0010979021899402142,0.0007510686991736293,0.0008089223993010819,0.028094252571463585,0.06327906996011734,6.051204400137067e-05,0.0,0.0,0.0,-1.5531448125839233,10.062552452087402,0.07537174224853516,9.804129600524902,1.582584261894226,-10.0,-9.878358840942383,11.761637687683105,2.0,2.0,20.708208084106445,0.2989746034145355,0.28977540135383606,0.30357420444488525,0.29590821266174316,0.0,0.30469265580177307,0.30469265580177307,0.30469265580177307,0.30469265580177307,0.0,-0.04730832204222679,0.03283056616783142,-9.809025764465332,0.0,0.0,0.0,0.0,0.0,0.0,0.0,0.0,0.0,0.0,0.0,0.0,0.0,0.0,0.0,0.30469274520874023,0.30469274520874023,0.304692804813385,0.30469274520874023,0.2760208547115326,0.04114978387951851,0.04114978387951851,0.4437200129032135,-0.010801107622683048,0.0029421267099678516,-0.17260710895061493,0.0,0.0,0.0,0.0,0.0,0.0,0.0
60977369196,0,-0.02235543541610241,-0.12969279289245605,-0.10821183025836945,-0.02235543541610241,-0.12969279289245605,-0.8082118034362793,-0.0180194228887558,0.019705282524228096,0.009974585846066475,0.0,0.0,0.0,-0.0035061186645179987,-0.007974937558174133,2.3678250312805176,0.0,0.0,2.3678250312805176,-0.0016087463591247797,0.0009729077573865652,-0.0027270098216831684,0.028233567252755165,0.06333334743976593,3.032302629435435e-05,0.0,0.0,0.0,-1.5531448125839233,10.062552452087402,0.07537174224853516,9.804129600524902,1.582584261894226,-10.0,-9.878358840942383,11.761637687683105,2.0,2.0,20.708208084106445,0.2989746034145355,0.28977540135383606,0.30357420444488525,0.29590821266174316,0.0,0.30469265580177307,0.30469265580177307,0.30469265580177307,0.30469265580177307,0.0,-0.064573734998703,0.014336028136312962,-9.792025566101074,0.0,0.0,0.0,0.0,0.0,0.0,0.0,0.0,0.0,0.0,0.0,0.0,0.0,0.0,0.0,0.30469274520874023,0.30469274520874023,0.304692804813385,0.30469274520874023,0.2760208547115326,0.04114978387951851,0.04114978387951851,0.4437200129032135,-0.021345606073737144,0.017920007929205894,-0.17326365411281586,0.0,0.0,0.0,0.0,0.0,0.0,0.0
60988020173,0,-0.02229980379343033,-0.12969568371772766,-0.10824523121118546,-0.02229980379343033,-0.12969568371772766,-0.8082452416419983,-0.017033535987138748,0.019526081159710884,0.010780736804008484,0.0,0.0,0.0,-0.0035530722234398127,-0.007928376086056232,2.3677752017974854,0.0,0.0,2.3677752017974854,-0.0016087463591247797,0.0009729077573865652,-0.0027270098216831684,0.02809889055788517,0.06288628280162811,3.1157345802057534e-05,0.0,0.0,0.0,-1.5514490604400635,10.061734199523926,0.07818794250488281,9.804020881652832,1.5813701152801514,-10.0,-9.87840747833252,11.689309120178223,2.0,2.0,20.777706146240234,0.2989746034145355,0.28977540135383606,0.30357420444488525,0.29590821266174316,0.0,0.30469265580177307,0.30469265580177307,0.30469265580177307,0.30469265580177307,0.0,-0.09181384742259979,0.0020298005547374487,-9.778348922729492,0.0,0.0,0.0,0.0,0.0,0.0,0.0,0.0,0.0,0.0,0.0,0.0,0.0,0.0,0.0,0.30469274520874023,0.30469274520874023,0.304692804813385,0.30469274520874023,0.2746046483516693,0.04114978387951851,0.04114978387951851,0.4449695944786072,-0.021345606073737144,0.017920007929205894,-0.17326365411281586,0.0,0.0,0.0,0.0,0.0,0.0,0.0
60997969868,0,-0.022227751091122627,-0.12969879806041718,-0.10827498137950897,-0.022227751091122627,-0.12969879806041718,-0.8082749843597412,-0.01598856784403324,0.019153552129864693,0.01064794510602951,0.0,0.0,0.0,-0.003585026366636157,-0.007868113927543163,2.3677406311035156,0.0,0.0,2.3677406311035156,-0.002063044114038348,0.0008089536568149924,-0.003486401168629527,0.02850089780986309,0.06255124509334564,5.5911386880325153e-05,0.0,0.0,0.0,-1.549979567527771,10.06203556060791,0.07834434509277344,9.804007530212402,1.5813701152801514,-10.0,-9.87840747833252,11.688004493713379,2.0,2.0,20.779855728149414,0.2989746034145355,0.28977540135383606,0.30357420444488525,0.29590821266174316,0.0,0.30469265580177307,0.30469265580177307,0.30469265580177307,0.30469265580177307,0.0,-0.09181384742259979,0.0020298005547374487,-9.778348922729492,0.0,0.0,0.0,0.0,0.0,0.0,0.0,0.0,0.0,0.0,0.0,0.0,0.0,0.0,0.0,0.30469274520874023,0.30469274520874023,0.304692804813385,0.30469274520874023,0.2746046483516693,0.04114978387951851,0.04114978387951851,0.4449695944786072,-0.032686442136764526,0.004808265715837479,-0.12459634989500046,0.0,0.0,0.0,0.0,0.0,0.0,0.0
61007235561,0,-0.022227751091122627,-0.12969879806041718,-0.10827498137950897,-0.022227751091122627,-0.12969879806041718,-0.8082749843597412,-0.01598856784403324,0.019153552129864693,0.01064794510602951,0.0,0.0,0.0,-0.003585026366636157,-0.007868113927543163,2.3677406311035156,0.0,0.0,2.3677406311035156,-0.0011931390035897493,0.001611620420590043,-0.002216133987531066,0.02850089780986309,0.06255124509334564,5.5911386880325153e-05,0.0,0.0,0.0,-1.549979567527771,10.06203556060791,0.07834434509277344,9.804007530212402,1.580704927444458,-10.0,-9.878474235534668,11.709017753601074,2.0,2.0,20.753952026367188,0.2989746034145355,0.28977540135383606,0.30357420444488525,0.29590821266174316,0.0,0.30469265580177307,0.30469265580177307,0.30469265580177307,0.30469265580177307,0.0,-0.08588481694459915,-0.011101010255515575,-9.813212394714355,0.0,0.0,0.0,0.0,0.0,0.0,0.0,0.0,0.0,0.0,0.0,0.0,0.0,0.0,0.0,0.30469274520874023,0.30469274520874023,0.304692804813385,0.30469274520874023,0.27457934617996216,0.04114978387951851,0.04114978387951851,0.44500821828842163,0.018252959474921227,0.02181374840438366,0.023209279403090477,0.0,0.0,0.0,0.0,0.0,0.0,0.0
61019145548,0,-0.022138789296150208,-0.1296992152929306,-0.1083017885684967,-0.022138789296150208,-0.1296992152929306,-0.8083018064498901,-0.014612541534006596,0.01901349611580372,0.010496068745851517,0.0,0.0,0.0,-0.0035686776973307133,-0.007825691252946854,2.3678088188171387,0.0,0.0,2.3678088188171387,-0.0011931390035897493,0.001611620420590043,-0.002216133987531066,0.028370056301355362,0.062214408069849014,-2.937366662081331e-05,0.0,0.0,0.0,-1.5501042604446411,10.060384750366211,0.07590293884277344,9.80410099029541,1.5794849395751953,-10.0,-9.878596305847168,11.7490234375,2.0,2.0,20.71359634399414,0.2989746034145355,0.28977540135383606,0.30357420444488525,0.29590821266174316,0.0,0.30469265580177307,0.30469265580177307,0.30469265580177307,0.30469265580177307,0.0,-0.09112615883350372,-0.024259090423583984,-9.806865692138672,0.0,0.0,0.0,0.0,0.0,0.0,0.0,0.0,0.0,0.0,0.0,0.0,0.0,0.0,0.0,0.30469274520874023,0.30469274520874023,0.304692804813385,0.30469274520874023,0.2757740318775177,0.04114978387951851,0.04114978387951851,0.4438168704509735,0.018252959474921227,0.02181374840438366,0.023209279403090477,0.0,0.0,0.0,0.0,0.0,0.0,0.0
61028474511,0,-0.022089624777436256,-0.1296977549791336,-0.10831539332866669,-0.022089624777436256,-0.1296977549791336,-0.8083153963088989,-0.013973928987979889,0.019191322848200798,0.010328738950192928,0.0,0.0,0.0,-0.003577991621568799,-0.007809587754309177,2.3678252696990967,0.0,0.0,2.3678250312805176,-0.0007956732297316194,0.0008445618441328406,-0.0007422072812914848,0.028370056301355362,0.062214408069849014,-2.937366662081331e-05,0.0,0.0,0.0,-1.5498849153518677,10.061538696289062,0.0742502212524414,9.8041410446167,1.5788300037384033,-10.0,-9.87862777709961,11.794455528259277,2.0,2.0,20.671892166137695,0.2989746034145355,0.28977540135383606,0.30357420444488525,0.29590821266174316,0.0,0.30469265580177307,0.30469265580177307,0.30469265580177307,0.30469265580177307,0.0,-0.09112615883350372,-0.024259090423583984,-9.806865692138672,0.0,0.0,0.0,0.0,0.0,0.0,0.0,0.0,0.0,0.0,0.0,0.0,0.0,0.0,0.0,0.30469274520874023,0.30469274520874023,0.304692804813385,0.30469274520874023,0.27666306495666504,0.04114978387951851,0.04114978387951851,0.44306665658950806,0.029496369883418083,-0.02965395338833332,0.07908808439970016,0.0,0.0,0.0,0.0,0.0,0.0,0.0
61038981063,0,-0.022089624777436256,-0.1296977549791336,-0.10831539332866669,-0.022089624777436256,-0.1296977549791336,-0.8083153963088989,-0.013973928987979889,0.019191322848200798,0.010328738950192928,0.0,0.0,0.0,-0.003577991621568799,-0.007809587754309177,2.3678252696990967,0.0,0.0,2.3678250312805176,-0.0007956732297316194,0.0008445618441328406,-0.0007422072812914848,0.028444381430745125,0.06208626553416252,-2.6871289264818188e-06,0.0,0.0,0.0,-1.5498849153518677,10.061538696289062,0.0742502212524414,9.8041410446167,1.5788300037384033,-10.0,-9.87862777709961,11.794455528259277,2.0,2.0,20.671892166137695,0.2989746034145355,0.28977540135383606,0.30357420444488525,0.29590821266174316,0.0,0.30469265580177307,0.30469265580177307,0.30469265580177307,0.30469265580177307,0.0,-0.07309475541114807,0.0008172901580110192,-9.81322956085205,0.0,0.0,0.0,0.0,0.0,0.0,0.0,0.0,0.0,0.0,0.0,0.0,0.0,0.0,0.0,0.30469274520874023,0.30469274520874023,0.304692804813385,0.30469274520874023,0.27666306495666504,0.04114978387951851,0.04114978387951851,0.44306665658950806,0.029496369883418083,-0.02965395338833332,0.07908808439970016,0.0,0.0,0.0,0.0,0.0,0.0,0.0
61047648692,0,-0.021981170400977135,-0.12969663739204407,-0.10834556818008423,-0.021981170400977135,-0.12969663739204407,-0.8083455562591553,-0.013252495788037777,0.019202642142772675,0.010495941154658794,0.0,0.0,0.0,-0.0035641067661345005,-0.00785815715789795,2.3679146766662598,0.0,0.0,2.3679146766662598,0.00012981321197003126,-0.002058339538052678,0.0025785197503864765,0.028373826295137405,0.062429215759038925,-4.7077515773708e-05,0.0,0.0,0.0,-1.5498859882354736,10.065492630004883,0.07108116149902344,9.804091453552246,1.5788300037384033,-10.0,-9.87862777709961,11.883709907531738,2.0,2.0,20.595420837402344,0.2989746034145355,0.28977540135383606,0.30357420444488525,0.29590821266174316,0.0,0.30469265580177307,0.30469265580177307,0.30469265580177307,0.30469265580177307,0.0,-0.07309475541114807,0.0008172901580110192,-9.81322956085205,0.0,0.0,0.0,0.0,0.0,0.0,0.0,0.0,0.0,0.0,0.0,0.0,0.0,0.0,0.0,0.30469274520874023,0.30469274520874023,0.304692804813385,0.30469274520874023,0.27666306495666504,0.04114978387951851,0.04114978387951851,0.44306665658950806,0.044941388070583344,-0.09620818495750427,0.1451813280582428,0.0,0.0,0.0,0.0,0.0,0.0,0.0
61057593746,0,-0.021981170400977135,-0.12969663739204407,-0.10834556818008423,-0.021981170400977135,-0.12969663739204407,-0.8083455562591553,-0.013252495788037777,0.019202642142772675,0.010495941154658794,0.0,0.0,0.0,-0.0035641067661345005,-0.00785815715789795,2.3679146766662598,0.0,0.0,2.3679146766662598,0.001255678478628397,1.3733806554228067e-06,0.005722470581531525,0.028373826295137405,0.062429215759038925,-4.7077515773708e-05,0.0,0.0,0.0,-1.5501923561096191,10.061355590820312,0.06872940063476562,9.803983688354492,1.5763859748840332,-10.0,-9.878436088562012,11.938104629516602,2.0,2.0,20.527807235717773,0.2989746034145355,0.28977540135383606,0.30357420444488525,0.29590821266174316,0.0,0.30469265580177307,0.30469265580177307,0.30469265580177307,0.30469265580177307,0.0,-0.07822433859109879,0.013287832029163837,-9.805513381958008,0.0,0.0,0.0,0.0,0.0,0.0,0.0,0.0,0.0,0.0,0.0,0.0,0.0,0.0,0.0,0.30469274520874023,0.30469274520874023,0.304692804813385,0.30469274520874023,0.2794709801673889,0.04114978387951851,0.04114978387951851,0.44047266244888306,0.05619284510612488,0.04941362887620926,0.13958010077476501,0.0,0.0,0.0,0.0,0.0,0.0,0.0
61067417203,0,-0.021865209564566612,-0.12969772517681122,-0.10837827622890472,-0.021865209564566612,-0.12969772517681122,-0.808378279209137,-0.01307482086122036,0.01885981485247612,0.010531370528042316,0.0,0.0,0.0,-0.0035732430405914783,-0.007783582434058189,2.3680760860443115,0.0,0.0,2.3680760860443115,0.001255678478628397,1.3733806554228067e-06,0.005722470581531525,0.028011249378323555,0.06185087934136391,-4.750974039779976e-05,0.0,0.0,0.0,-1.5501923561096191,10.061355590820312,0.06872940063476562,9.803983688354492,1.5763859748840332,-10.0,-9.878436088562012,11.938104629516602,2.0,2.0,20.527807235717773,0.2989746034145355,0.28977540135383606,0.30357420444488525,0.29590821266174316,0.0,0.30469265580177307,0.30469265580177307,0.30469265580177307,0.30469265580177307,0.0,-0.03035454824566841,0.04701912775635719,-9.817389488220215,0.0,0.0,0.0,0.0,0.0,0.0,0.0,0.0,0.0,0.0,0.0,0.0,0.0,0.0,0.0,0.30469274520874023,0.30469274520874023,0.304692804813385,0.30469274520874023,0.2794709801673889,0.04114978387951851,0.04114978387951851,0.44047266244888306,0.05619284510612488,0.04941362887620926,0.13958010077476501,0.0,0.0,0.0,0.0,0.0,0.0,0.0
61077814923,0,-0.021804172545671463,-0.12970003485679626,-0.1083955466747284,-0.021804172545671463,-0.12970003485679626,-0.808395504951477,-0.013116063550114632,0.01861787587404251,0.010426457971334457,0.0,0.0,0.0,-0.0035456488840281963,-0.007771302945911884,2.3681321144104004,0.0,0.0,2.3681321144104004,0.0014764673542231321,-0.0005125935422256589,0.005455095320940018,0.027917835861444473,0.06212468072772026,-4.294617974665016e-05,0.0,0.0,0.0,-1.5498384237289429,10.062628746032715,0.06961917877197266,9.803972244262695,1.5758591890335083,-10.0,-9.878342628479004,11.917428016662598,2.0,2.0,20.552526473999023,0.2989746034145355,0.28977540135383606,0.30357420444488525,0.29590821266174316,0.0,0.30469265580177307,0.30469265580177307,0.30469265580177307,0.30469265580177307,0.0,-0.03035454824566841,0.04701912775635719,-9.817389488220215,0.0,0.0,0.0,0.0,0.0,0.0,0.0,0.0,0.0,0.0,0.0,0.0,0.0,0.0,0.0,0.30469274520874023,0.30469274520874023,0.304692804813385,0.30469274520874023,0.27906712889671326,0.04114978387951851,0.04114978387951851,0.44091784954071045,0.042059142142534256,0.0008350132266059518,0.06272239983081818,0.0,0.0,0.0,0.0,0.0,0.0,0.0
61087527499,0,-0.021804172545671463,-0.12970003485679626,-0.1083955466747284,-0.021616511046886444,-0.1297329217195511,-0.808447539806366,-0.013116063550114632,0.01861787587404251,0.010426457971334457,0.0,0.0,0.0,-0.0035456488840281963,-0.007771302945911884,2.3681321144104004,0.0,0.0,2.3682265281677246,0.0010203106794506311,-0.0015370015753433108,0.003652522573247552,0.027917835861444473,0.06212468072772026,-4.294617974665016e-05,0.0,0.0,0.0,-1.5498384237289429,10.062628746032715,0.06961917877197266,9.803972244262695,1.5758591890335083,-10.0,-9.878342628479004,11.917428016662598,2.0,2.0,20.552526473999023,0.2989746034145355,0.28977540135383606,0.30357420444488525,0.29590821266174316,0.0,0.30469265580177307,0.30469265580177307,0.30469265580177307,0.30469265580177307,0.0,-0.03035454824566841,0.04701912775635719,-9.817389488220215,0.0,0.0,0.0,0.0,0.0,0.0,0.0,0.0,0.0,0.0,0.0,0.0,0.0,0.0,0.0,0.30469274520874023,0.30469274520874023,0.304692804813385,0.30469274520874023,0.27906712889671326,0.04114978387951851,0.04114978387951851,0.44091784954071045,0.005346190650016069,-0.04240377992391586,-0.04454034939408302,0.0,0.0,0.0,0.0,0.0,0.0,0.0
61097167543,0,-0.021616511046886444,-0.1297329217195511,-0.10844752937555313,-0.021616511046886444,-0.1297329217195511,-0.808447539806366,-0.013511806726455688,0.018741123378276825,0.01004350371658802,0.0,0.0,0.0,-0.0034826183691620827,-0.00782004650682211,2.3682265281677246,0.0,0.0,2.3682265281677246,0.0010203106794506311,-0.0015370015753433108,0.003652522573247552,0.02768605388700962,0.062169451266527176,-1.4003630894876551e-05,0.0,0.0,0.0,-1.5476666688919067,10.063994407653809,0.0719461441040039,9.803947448730469,1.5747109651565552,-10.0,-9.878189086914062,11.862152099609375,2.0,2.0,20.611961364746094,0.2989746034145355,0.28977540135383606,0.30357420444488525,0.29590821266174316,0.0,0.30469265580177307,0.30469265580177307,0.30469265580177307,0.30469265580177307,0.0,-0.00035703915636986494,0.023179227486252785,-9.804819107055664,0.0,0.0,0.0,0.0,0.0,0.0,0.0,0.0,0.0,0.0,0.0,0.0,0.0,0.0,0.0,0.30469274520874023,0.30469274520874023,0.304692804813385,0.30469274520874023,0.2779868245124817,0.04114978387951851,0.04114978387951851,0.44198817014694214,0.005346190650016069,-0.04240377992391586,-0.04454034939408302,0.0,0.0,0.0,0.0,0.0,0.0,0.0
61107639600,0,-0.021616511046886444,-0.1297329217195511,-0.10844752937555313,-0.021616511046886444,-0.1297329217195511,-0.808447539806366,-0.013511806726455688,0.018741123378276825,0.01004350371658802,0.0,0.0,0.0,-0.0034826183691620827,-0.00782004650682211,2.3682265281677246,0.0,0.0,2.3682265281677246,0.0012638114858418703,-0.0020367689430713654,0.002021130872890353,0.02768605388700962,0.062169451266527176,-1.4003630894876551e-05,0.0,0.0,0.0,-1.5477744340896606,10.06458568572998,0.07364368438720703,9.803932189941406,1.5740059614181519,-10.0,-9.878131866455078,11.818525314331055,2.0,2.0,20.65745735168457,0.2989746034145355,0.28977540135383606,0.30357420444488525,0.29590821266174316,0.0,0.30469265580177307,0.30469265580177307,0.30469265580177307,0.30469265580177307,0.0,-0.00035703915636986494,0.023179227486252785,-9.804819107055664,0.0,0.0,0.0,0.0,0.0,0.0,0.0,0.0,0.0,0.0,0.0,0.0,0.0,0.0,0.0,0.30469274520874023,0.30469274520874023,0.304692804813385,0.30469274520874023,0.2771337926387787,0.04114978387951851,0.04114978387951851,0.44280698895454407,0.017215657979249954,-0.037485502660274506,-0.09526684135198593,0.0,0.0,0.0,0.0,0.0,0.0,0.0
61117700413,0,-0.021556487306952477,-0.1297464668750763,-0.10846531391143799,-0.021556487306952477,-0.1297464668750763,-0.808465301990509,-0.013908101245760918,0.018873166292905807,0.010236096568405628,0.0,0.0,0.0,-0.0034802507143467665,-0.007820697501301765,2.368232488632202,0.0,0.0,2.368232488632202,0.0010260690469294786,-0.0024262394290417433,0.0006196217727847397,0.027667474001646042,0.06217451021075249,9.417341061634943e-06,0.0,0.0,0.0,-1.5468647480010986,10.065248489379883,0.07497787475585938,9.80392074584961,1.5740059614181519,-10.0,-9.878131866455078,11.786113739013672,2.0,2.0,20.691896438598633,0.2989746034145355,0.28977540135383606,0.30357420444488525,0.29590821266174316,0.0,0.30469265580177307,0.30469265580177307,0.30469265580177307,0.30469265580177307,0.0,0.004274062346667051,0.06825065612792969,-9.785837173461914,0.0,0.0,0.0,0.0,0.0,0.0,0.0,0.0,0.0,0.0,0.0,0.0,0.0,0.0,0.0,0.30469274520874023,0.30469274520874023,0.304692804813385,0.30469274520874023,0.2771337926387787,0.04114978387951851,0.04114978387951851,0.44280698895454407,0.0007735659019090235,-0.04262885823845863,-0.12198198586702347,0.0,0.0,0.0,0.0,0.0,0.0,0.0
61127398964,0,-0.021556487306952477,-0.1297464668750763,-0.10846531391143799,-0.021556487306952477,-0.1297464668750763,-0.808465301990509,-0.013908101245760918,0.018873166292905807,0.010236096568405628,0.0,0.0,0.0,-0.0034802507143467665,-0.007820697501301765,2.368232488632202,0.0,0.0,2.368232488632202,0.00023049217998050153,-0.0019499475602060556,-0.0014200240839272738,0.027931002900004387,0.06201659142971039,3.630129140219651e-05,0.0,0.0,0.0,-1.545008897781372,10.064149856567383,0.07689189910888672,9.80390739440918,1.5728561878204346,-10.0,-9.878128051757812,11.73718547821045,2.0,2.0,20.737098693847656,0.2989746034145355,0.28977540135383606,0.30357420444488525,0.29590821266174316,0.0,0.30469265580177307,0.30469265580177307,0.30469265580177307,0.30469265580177307,0.0,0.004274062346667051,0.06825065612792969,-9.785837173461914,0.0,0.0,0.0,0.0,0.0,0.0,0.0,0.0,0.0,0.0,0.0,0.0,0.0,0.0,0.0,0.30469274520874023,0.30469274520874023,0.304692804813385,0.30469274520874023,0.27554234862327576,0.04114978387951851,0.04114978387951851,0.44423961639404297,-0.03601228818297386,0.0011424204567447305,-0.15647098422050476,0.0,0.0,0.0,0.0,0.0,0.0,0.0
61140167088,0,-0.021451311185956,-0.1297697126865387,-0.10849861800670624,-0.021451311185956,-0.1297697126865387,-0.8084986209869385,-0.014948872849345207,0.01922844722867012,0.010386188514530659,0.0,0.0,0.0,-0.0034865085035562515,-0.007825400680303574,2.3681821823120117,0.0,0.0,2.3681821823120117,-0.0004951338632963598,9.845447493717074e-06,-0.003271800931543112,0.027931002900004387,0.06201659142971039,3.630129140219651e-05,0.0,0.0,0.0,-1.5429638624191284,10.061056137084961,0.07782173156738281,9.803882598876953,1.571674108505249,-10.0,-9.878231048583984,11.71109676361084,2.0,2.0,20.753055572509766,0.2989746034145355,0.28977540135383606,0.30357420444488525,0.29590821266174316,0.0,0.30469265580177307,0.30469265580177307,0.30469265580177307,0.30469265580177307,0.0,0.004274062346667051,0.06825065612792969,-9.785837173461914,0.0,0.0,0.0,0.0,0.0,0.0,0.0,0.0,0.0,0.0,0.0,0.0,0.0,0.0,0.0,0.30469274520874023,0.30469274520874023,0.304692804813385,0.30469274520874023,0.2750314176082611,0.04114978387951851,0.04114978387951851,0.44452640414237976,-0.02894359454512596,0.06454791128635406,-0.10191596299409866,0.0,0.0,0.0,0.0,0.0,0.0,0.0
61147301267,0,-0.021359354257583618,-0.1297890543937683,-0.10853473842144012,-0.021359354257583618,-0.1297890543937683,-0.8085347414016724,-0.01582418754696846,0.01876051351428032,0.009954767301678658,0.0,0.0,0.0,-0.0035084423143416643,-0.007757467217743397,2.3681139945983887,0.0,0.0,2.3681139945983887,-0.0005819518119096756,0.001366693526506424,-0.0028642225079238415,0.027925709262490273,0.061711665242910385,7.566487170151959e-07,0.0,0.0,0.0,-1.5429638624191284,10.061056137084961,0.07782173156738281,9.803882598876953,1.571674108505249,-10.0,-9.878231048583984,11.733501434326172,2.0,2.0,20.72371482849121,0.2989746034145355,0.28977540135383606,0.30357420444488525,0.29590821266174316,0.0,0.30469265580177307,0.30469265580177307,0.30469265580177307,0.30469265580177307,0.0,0.005979098845273256,0.050575196743011475,-9.818785667419434,0.0,0.0,0.0,0.0,0.0,0.0,0.0,0.0,0.0,0.0,0.0,0.0,0.0,0.0,0.0,0.30469274520874023,0.30469274520874023,0.304692804813385,0.30469274520874023,0.2750314176082611,0.04114978387951851,0.04114978387951851,0.44452640414237976,-0.018779922276735306,0.0977419763803482,-0.029354123398661613,0.0,0.0,0.0,0.0,0.0,0.0,0.0
61157247073,0,-0.021321671083569527,-0.1297953575849533,-0.10855508595705032,-0.021321671083569527,-0.1297953575849533,-0.8085550665855408,-0.016223769634962082,0.01861254870891571,0.009893103502690792,0.0,0.0,0.0,-0.0035065612755715847,-0.007737358566373587,2.368119955062866,0.0,0.0,2.3681201934814453,-0.0005819518119096756,0.001366693526506424,-0.0028642225079238415,0.02797967940568924,0.06125389039516449,4.486721081775613e-06,0.0,0.0,0.0,-1.5422897338867188,10.05890941619873,0.076873779296875,9.803869247436523,1.5710391998291016,-10.0,-9.878297805786133,11.733501434326172,2.0,2.0,20.72371482849121,0.2989746034145355,0.28977540135383606,0.30357420444488525,0.29590821266174316,0.0,0.30469265580177307,0.30469265580177307,0.30469265580177307,0.30469265580177307,0.0,-0.01057499460875988,0.04709860682487488,-9.820287704467773,0.0,0.0,0.0,0.0,0.0,0.0,0.0,0.0,0.0,0.0,0.0,0.0,0.0,0.0,0.0,0.30469274520874023,0.30469274520874023,0.304692804813385,0.30469274520874023,0.27547013759613037,0.04114978387951851,0.04114978387951851,0.443998783826828,-0.018779922276735306,0.0977419763803482,-0.029354123398661613,0.0,0.0,0.0,0.0,0.0,0.0,0.0
61167997683,0,-0.021321671083569527,-0.1297953575849533,-0.10855508595705032,-0.021223541349172592,-0.12981706857681274,-0.8086137175559998,-0.016223769634962082,0.01861254870891571,0.009893103502690792,0.0,0.0,0.0,-0.0035065612755715847,-0.007737358566373587,2.368119955062866,0.0,0.0,2.368206739425659,-0.001098825130611658,0.001771142240613699,0.0002561790752224624,0.02797967940568924,0.06125389039516449,4.486721081775613e-06,0.0,0.0,0.0,-1.5422897338867188,10.05890941619873,0.076873779296875,9.803869247436523,1.5710391998291016,-10.0,-9.878297805786133,11.733501434326172,2.0,2.0,20.72371482849121,0.2989746034145355,0.28977540135383606,0.30357420444488525,0.29590821266174316,0.0,0.30469265580177307,0.30469265580177307,0.30469265580177307,0.30469265580177307,0.0,-0.026624824851751328,0.027246752753853798,-9.818952560424805,0.0,0.0,0.0,0.0,0.0,0.0,0.0,0.0,0.0,0.0,0.0,0.0,0.0,0.0,0.0,0.30469274520874023,0.30469274520874023,0.304692804813385,0.30469274520874023,0.27547013759613037,0.04114978387951851,0.04114978387951851,0.443998783826828,-0.020254425704479218,0.021566040813922882,0.11643737554550171,0.0,0.0,0.0,0.0,0.0,0.0,0.0
61177521259,0,-0.021223541349172592,-0.12981706857681274,-0.10861370712518692,-0.021223541349172592,-0.12981706857681274,-0.8086137175559998,-0.015958178788423538,0.01862187497317791,0.009760187938809395,0.0,0.0,0.0,-0.0035199569538235664,-0.007674811873584986,2.368206739425659,0.0,0.0,2.368206739425659,-0.001098825130611658,0.001771142240613699,0.0002561790752224624,0.027982648462057114,0.061014965176582336,-4.053603333886713e-05,0.0,0.0,0.0,-1.5402308702468872,10.05880069732666,0.07312965393066406,9.803844451904297,1.5698410272598267,-10.0,-9.878357887268066,11.83449935913086,2.0,2.0,20.622285842895508,0.2989746034145355,0.28977540135383606,0.30357420444488525,0.29590821266174316,0.0,0.30469265580177307,0.30469265580177307,0.30469265580177307,0.30469265580177307,0.0,-0.026624824851751328,0.027246752753853798,-9.818952560424805,0.0,0.0,0.0,0.0,0.0,0.0,0.0,0.0,0.0,0.0,0.0,0.0,0.0,0.0,0.0,0.30469274520874023,0.30469274520874023,0.304692804813385,0.30469274520874023,0.27547013759613037,0.04114978387951851,0.04114978387951851,0.443998783826828,-0.020254425704479218,0.021566040813922882,0.11643737554550171,0.0,0.0,0.0,0.0,0.0,0.0,0.0
61187391114,0,-0.021223541349172592,-0.12981706857681274,-0.10861370712518692,-0.021223541349172592,-0.12981706857681274,-0.8086137175559998,-0.015958178788423538,0.01862187497317791,0.009760187938809395,0.0,0.0,0.0,-0.0035199569538235664,-0.007674811873584986,2.368206739425659,0.0,0.0,2.368206739425659,-0.0009006262989714742,0.00015187435201369226,0.002278015948832035,0.027982648462057114,0.061014965176582336,-4.053603333886713e-05,0.0,0.0,0.0,-1.5401904582977295,10.061357498168945,0.0711984634399414,9.803831100463867,1.569198489189148,-10.0,-9.878334999084473,11.889189720153809,2.0,2.0,20.575857162475586,0.2989746034145355,0.28977540135383606,0.30357420444488525,0.29590821266174316,0.0,0.30469265580177307,0.30469265580177307,0.30469265580177307,0.30469265580177307,0.0,-0.04626061022281647,0.017138775438070297,-9.77877426147461,0.0,0.0,0.0,0.0,0.0,0.0,0.0,0.0,0.0,0.0,0.0,0.0,0.0,0.0,0.0,0.30469274520874023,0.30469274520874023,0.304692804813385,0.30469274520874023,0.2785153090953827,0.04114978387951851,0.04114978387951851,0.4413381516933441,-0.00040242800605483353,-0.057687412947416306,0.1555067002773285,0.0,0.0,0.0,0.0,0.0,0.0,0.0
61197255540,0,-0.02119380608201027,-0.1298224776983261,-0.10862826555967331,-0.02119380608201027,-0.1298224776983261,-0.808628261089325,-0.015795864164829254,0.018553966656327248,0.009897896088659763,0.0,0.0,0.0,-0.0035351573023945093,-0.007664447650313377,2.368267297744751,0.0,0.0,2.368267297744751,-0.0009006262989714742,0.00015187435201369226,0.002278015948832035,0.028103338554501534,0.06093265116214752,-5.625746780424379e-05,0.0,0.0,0.0,-1.5401904582977295,10.061357498168945,0.0711984634399414,9.803831100463867,1.569198489189148,-10.0,-9.878334999084473,11.889189720153809,2.0,2.0,20.575857162475586,0.2989746034145355,0.28977540135383606,0.30357420444488525,0.29590821266174316,0.0,0.30469265580177307,0.30469265580177307,0.30469265580177307,0.30469265580177307,0.0,-0.04670967161655426,0.020484980195760727,-9.774114608764648,0.0,0.0,0.0,0.0,0.0,0.0,0.0,0.0,0.0,0.0,0.0,0.0,0.0,0.0,0.0,0.30469274520874023,0.30469274520874023,0.304692804813385,0.30469274520874023,0.2785153090953827,0.04114978387951851,0.04114978387951851,0.4413381516933441,-0.00040242800605483353,-0.057687412947416306,0.1555067002773285,0.0,0.0,0.0,0.0,0.0,0.0,0.0
61207615779,0,-0.02119380608201027,-0.1298224776983261,-0.10862826555967331,-0.021129243075847626,-0.12984007596969604,-0.8086583018302917,-0.015795864164829254,0.018553966656327248,0.009897896088659763,0.0,0.0,0.0,-0.0035351573023945093,-0.007664447650313377,2.368267297744751,0.0,0.0,2.3683714866638184,-0.0009947104845196009,-0.0003870954387821257,0.00507257878780365,0.028103338554501534,0.06093265116214752,-5.625746780424379e-05,0.0,0.0,0.0,-1.5386377573013306,10.061320304870605,0.06922721862792969,9.80380630493164,1.567997694015503,-10.0,-9.878193855285645,11.943130493164062,2.0,2.0,20.521713256835938,0.2989746034145355,0.28977540135383606,0.30357420444488525,0.29590821266174316,0.0,0.30469265580177307,0.30469265580177307,0.30469265580177307,0.30469265580177307,0.0,-0.04670967161655426,0.020484980195760727,-9.774114608764648,0.0,0.0,0.0,0.0,0.0,0.0,0.0,0.0,0.0,0.0,0.0,0.0,0.0,0.0,0.0,0.30469274520874023,0.30469274520874023,0.304692804813385,0.30469274520874023,0.27956917881965637,0.04114978387951851,0.04114978387951851,0.44036296010017395,-0.0016898366156965494,-0.030263355001807213,0.1328229457139969,0.0,0.0,0.0,0.0,0.0,0.0,0.0
61217655433,0,-0.021054400131106377,-0.12986984848976135,-0.10868686437606812,-0.021054400131106377,-0.12986984848976135,-0.8086868524551392,-0.014449439942836761,0.01688416302204132,0.010028998367488384,0.0,0.0,0.0,-0.003576936898753047,-0.007585156708955765,2.368467330932617,0.0,0.0,2.368467330932617,-0.0009383123833686113,0.0002275084552820772,0.0049818893894553185,0.028348270803689957,0.06063040345907211,-3.7170073483139277e-05,0.0,0.0,0.0,-1.5386377573013306,10.061320304870605,0.06922721862792969,9.80380630493164,1.567997694015503,-10.0,-9.878193855285645,11.915982246398926,2.0,2.0,20.544208526611328,0.2989746034145355,0.28977540135383606,0.30357420444488525,0.29590821266174316,0.0,0.30469265580177307,0.30469265580177307,0.30469265580177307,0.30469265580177307,0.0,-0.07800593227148056,-0.003935340326279402,-9.800832748413086,0.0,0.0,0.0,0.0,0.0,0.0,0.0,0.0,0.0,0.0,0.0,0.0,0.0,0.0,0.0,0.30469274520874023,0.30469274520874023,0.304692804813385,0.30469274520874023,0.27956917881965637,0.04114978387951851,0.04114978387951851,0.44036296010017395,0.002196888206526637,0.016437822952866554,0.03054647333920002,0.0,0.0,0.0,0.0,0.0,0.0,0.0
61229053782,0,-0.021054400131106377,-0.12986984848976135,-0.10868686437606812,-0.021054400131106377,-0.12986984848976135,-0.8086868524551392,-0.014449439942836761,0.01688416302204132,0.010028998367488384,0.0,0.0,0.0,-0.003576936898753047,-0.007585156708955765,2.368467330932617,0.0,0.0,2.368467330932617,-0.0007277540280483663,0.00018192219431512058,0.004032465163618326,0.028220703825354576,0.06033938005566597,-3.124916838714853e-05,0.0,0.0,0.0,-1.5370289087295532,10.059929847717285,0.07155799865722656,9.803627014160156,1.566801905632019,-10.0,-9.87801456451416,11.882445335388184,2.0,2.0,20.577747344970703,0.2989746034145355,0.28977540135383606,0.30357420444488525,0.29590821266174316,0.0,0.30469265580177307,0.30469265580177307,0.30469265580177307,0.30469265580177307,0.0,-0.08647046983242035,0.010566812939941883,-9.779990196228027,0.0,0.0,0.0,0.0,0.0,0.0,0.0,0.0,0.0,0.0,0.0,0.0,0.0,0.0,0.0,0.30469274520874023,0.30469274520874023,0.304692804813385,0.30469274520874023,0.2790389060974121,0.04114978387951851,0.04114978387951851,0.44076812267303467,0.009962928481400013,0.004860392305999994,-0.028839070349931717,0.0,0.0,0.0,0.0,0.0,0.0,0.0
61237284014,0,-0.02101350761950016,-0.12988531589508057,-0.10870012640953064,-0.02101350761950016,-0.12988531589508057,-0.8087000846862793,-0.013800063170492649,0.016835898160934448,0.010117670521140099,0.0,0.0,0.0,-0.003557908348739147,-0.007571015506982803,2.368495225906372,0.0,0.0,2.368495464324951,-0.0007277540280483663,0.00018192219431512058,0.004032465163618326,0.028498977422714233,0.06015993282198906,-1.1995192835456692e-05,0.0,0.0,0.0,-1.5370289087295532,10.059929847717285,0.07155799865722656,9.803627014160156,1.566156029701233,-10.0,-9.8779296875,11.882445335388184,2.0,2.0,20.577747344970703,0.2989746034145355,0.28977540135383606,0.30357420444488525,0.29590821266174316,0.0,0.30469265580177307,0.30469265580177307,0.30469265580177307,0.30469265580177307,0.0,-0.07753229141235352,0.0075996033847332,-9.778573989868164,0.0,0.0,0.0,0.0,0.0,0.0,0.0,0.0,0.0,0.0,0.0,0.0,0.0,0.0,0.0,0.30469274520874023,0.30469274520874023,0.304692804813385,0.30469274520874023,0.2783835828304291,0.04114978387951851,0.04114978387951851,0.4413721263408661,0.009962928481400013,0.004860392305999994,-0.028839070349931717,0.0,0.0,0.0,0.0,0.0,0.0,0.0
61248263782,0,-0.02101350761950016,-0.12988531589508057,-0.10870012640953064,-0.02101350761950016,-0.12988531589508057,-0.8087000846862793,-0.013800063170492649,0.016835898160934448,0.010117670521140099,0.0,0.0,0.0,-0.003557908348739147,-0.007571015506982803,2.368495225906372,0.0,0.0,2.368495464324951,-0.0007277540280483663,0.00018192219431512058,0.004032465163618326,0.028498977422714233,0.06015993282198906,-1.1995192835456692e-05,0.0,0.0,0.0,-1.5370289087295532,10.059929847717285,0.07155799865722656,9.803627014160156,1.566156029701233,-10.0,-9.8779296875,11.882445335388184,2.0,2.0,20.577747344970703,0.2989746034145355,0.28977540135383606,0.30357420444488525,0.29590821266174316,0.0,0.30469265580177307,0.30469265580177307,0.30469265580177307,0.30469265580177307,0.0,-0.07280269265174866,-0.009692688472568989,-9.78235912322998,0.0,0.0,0.0,0.0,0.0,0.0,0.0,0.0,0.0,0.0,0.0,0.0,0.0,0.0,0.0,0.30469274520874023,0.30469274520874023,0.304692804813385,0.30469274520874023,0.2783835828304291,0.04114978387951851,0.04114978387951851,0.4413721263408661,0.009962928481400013,0.004860392305999994,-0.028839070349931717,0.0,0.0,0.0,0.0,0.0,0.0,0.0
61257676866,0,-0.020871436223387718,-0.12994271516799927,-0.10873129218816757,-0.020871436223387718,-0.12994271516799927,-0.8087312579154968,-0.012108108028769493,0.016749855130910873,0.010369663126766682,0.0,0.0,0.0,-0.0035539139062166214,-0.007531065493822098,2.3685219287872314,0.0,0.0,2.3685219287872314,-0.00025924519286490977,0.00012581166811287403,0.0008656212012283504,0.028253236785531044,0.05987190827727318,1.9935374439228326e-05,0.0,0.0,0.0,-1.536361813545227,10.059663772583008,0.0749807357788086,9.803539276123047,1.5649757385253906,-10.0,-9.877845764160156,11.793524742126465,2.0,2.0,20.665678024291992,0.2989746034145355,0.28977540135383606,0.30357420444488525,0.29590821266174316,0.0,0.30469265580177307,0.30469265580177307,0.30469265580177307,0.30469265580177307,0.0,-0.07280269265174866,-0.009692688472568989,-9.78235912322998,0.0,0.0,0.0,0.0,0.0,0.0,0.0,0.0,0.0,0.0,0.0,0.0,0.0,0.0,0.0,0.30469274520874023,0.30469274520874023,0.304692804813385,0.30469274520874023,0.27664461731910706,0.04114978387951851,0.04114978387951851,0.4429549276828766,0.014966310001909733,0.01123879011720419,-0.12909655272960663,0.0,0.0,0.0,0.0,0.0,0.0,0.0
61267657035,0,-0.020816147327423096,-0.1299680769443512,-0.10873813927173615,-0.020816147327423096,-0.1299680769443512,-0.808738112449646,-0.011859272606670856,0.016473766416311264,0.010478069074451923,0.0,0.0,0.0,-0.0035542009864002466,-0.007490563206374645,2.3684942722320557,0.0,0.0,2.3684945106506348,-0.0008064155117608607,0.0016659129178151488,-0.0010399733437225223,0.028253236785531044,0.05987190827727318,1.9935374439228326e-05,0.0,0.0,0.0,-1.5350220203399658,10.057282447814941,0.07680511474609375,9.803519248962402,1.5649757385253906,-10.0,-9.877845764160156,11.744072914123535,2.0,2.0,20.707324981689453,0.2989746034145355,0.28977540135383606,0.30357420444488525,0.29590821266174316,0.0,0.30469265580177307,0.30469265580177307,0.30469265580177307,0.30469265580177307,0.0,-0.07280269265174866,-0.009692688472568989,-9.78235912322998,0.0,0.0,0.0,0.0,0.0,0.0,0.0,0.0,0.0,0.0,0.0,0.0,0.0,0.0,0.0,0.30469274520874023,0.30469274520874023,0.304692804813385,0.30469274520874023,0.27664461731910706,0.04114978387951851,0.04114978387951851,0.4429549276828766,-0.018857887014746666,0.07879998534917831,-0.16421417891979218,0.0,0.0,0.0,0.0,0.0,0.0,0.0
61277578323,0,-0.020816147327423096,-0.1299680769443512,-0.10873813927173615,-0.020816147327423096,-0.1299680769443512,-0.808738112449646,-0.011859272606670856,0.016473766416311264,0.010478069074451923,0.0,0.0,0.0,-0.0035542009864002466,-0.007490563206374645,2.3684942722320557,0.0,0.0,2.3684945106506348,-0.0004055221797898412,0.001501010381616652,-0.002457721158862114,0.028255801647901535,0.059549763798713684,4.895187521469779e-05,0.0,0.0,0.0,-1.5352013111114502,10.058038711547852,0.07778263092041016,9.803472518920898,1.5636945962905884,-10.0,-9.877901077270508,11.71943473815918,2.0,2.0,20.734386444091797,0.2989746034145355,0.28977540135383606,0.30357420444488525,0.29590821266174316,0.0,0.30469265580177307,0.30469265580177307,0.30469265580177307,0.30469265580177307,0.0,-0.07332390546798706,0.012653603218495846,-9.78423023223877,0.0,0.0,0.0,0.0,0.0,0.0,0.0,0.0,0.0,0.0,0.0,0.0,0.0,0.0,0.0,0.30469274520874023,0.30469274520874023,0.304692804813385,0.30469274520874023,0.275676965713501,0.04114978387951851,0.04114978387951851,0.4437040090560913,0.0076791830360889435,0.028437785804271698,-0.1489182561635971,0.0,0.0,0.0,0.0,0.0,0.0,0.0
61287405581,0,-0.020816147327423096,-0.1299680769443512,-0.10873813927173615,-0.02070033736526966,-0.1300203502178192,-0.8087552189826965,-0.011859272606670856,0.016473766416311264,0.010478069074451923,0.0,0.0,0.0,-0.0035542009864002466,-0.007490563206374645,2.3684942722320557,0.0,0.0,2.368497371673584,2.3207459889817983e-05,0.0007662877906113863,-0.002852226607501507,0.028255801647901535,0.059549763798713684,4.895187521469779e-05,0.0,0.0,0.0,-1.5354087352752686,10.059041023254395,0.07761001586914062,9.803424835205078,1.563062071800232,-10.0,-9.87795639038086,11.725235939025879,2.0,2.0,20.731826782226562,0.2989746034145355,0.28977540135383606,0.30357420444488525,0.29590821266174316,0.0,0.30469265580177307,0.30469265580177307,0.30469265580177307,0.30469265580177307,0.0,-0.07332390546798706,0.012653603218495846,-9.78423023223877,0.0,0.0,0.0,0.0,0.0,0.0,0.0,0.0,0.0,0.0,0.0,0.0,0.0,0.0,0.0,0.30469274520874023,0.30469274520874023,0.304692804813385,0.30469274520874023,0.27530843019485474,0.04114978387951851,0.04114978387951851,0.44414472579956055,0.020404260605573654,-0.01970013976097107,-0.09397710859775543,0.0,0.0,0.0,0.0,0.0,0.0,0.0
61297404127,0,-0.02070033736526966,-0.1300203502178192,-0.10875523835420609,-0.02070033736526966,-0.1300203502178192,-0.8087552189826965,-0.011337603442370892,0.015783343464136124,0.010294902138411999,0.0,0.0,0.0,-0.003507070243358612,-0.007498165592551231,2.368497133255005,0.0,0.0,2.368497371673584,0.0007532364688813686,-0.00014726025983691216,-0.0017373597947880626,0.02775772660970688,0.059443749487400055,-2.082409537251806e-06,0.0,0.0,0.0,-1.535240888595581,10.060051918029785,0.07589054107666016,9.803278923034668,1.561898946762085,-10.0,-9.878053665161133,11.772104263305664,2.0,2.0,20.688234329223633,0.2989746034145355,0.28977540135383606,0.30357420444488525,0.29590821266174316,0.0,0.30469265580177307,0.30469265580177307,0.30469265580177307,0.30469265580177307,0.0,-0.07182248681783676,0.0059259128756821156,-9.812582015991211,0.0,0.0,0.0,0.0,0.0,0.0,0.0,0.0,0.0,0.0,0.0,0.0,0.0,0.0,0.0,0.30469274520874023,0.30469274520874023,0.304692804813385,0.30469274520874023,0.27622565627098083,0.04114978387951851,0.04114978387951851,0.4433605968952179,0.03481126204133034,-0.03554622456431389,0.020985227078199387,0.0,0.0,0.0,0.0,0.0,0.0,0.0
61308109414,0,-0.020580513402819633,-0.13007552921772003,-0.10878165811300278,-0.020580513402819633,-0.13007552921772003,-0.808781623840332,-0.011073656380176544,0.01527704019099474,0.009990607388317585,0.0,0.0,0.0,-0.0034917795564979315,-0.007490480784326792,2.36845326423645,0.0,0.0,2.36845326423645,0.001047235680744052,-0.001006168662570417,-0.0006397399120032787,0.02775772660970688,0.059443749487400055,-2.082409537251806e-06,0.0,0.0,0.0,-1.535240888595581,10.060051918029785,0.07589054107666016,9.803278923034668,1.561898946762085,-10.0,-9.878053665161133,11.772104263305664,2.0,2.0,20.688234329223633,0.2989746034145355,0.28977540135383606,0.30357420444488525,0.29590821266174316,0.0,0.30469265580177307,0.30469265580177307,0.30469265580177307,0.30469265580177307,0.0,-0.038450419902801514,0.048371270298957825,-9.789068222045898,0.0,0.0,0.0,0.0,0.0,0.0,0.0,0.0,0.0,0.0,0.0,0.0,0.0,0.0,0.0,0.30469274520874023,0.30469274520874023,0.304692804813385,0.30469274520874023,0.27622565627098083,0.04114978387951851,0.04114978387951851,0.4433605968952179,0.031471021473407745,-0.06224115192890167,0.06383747607469559,0.0,0.0,0.0,0.0,0.0,0.0,0.0
61317332303,0,-0.020524563267827034,-0.1301003396511078,-0.10879655927419662,-0.020524563267827034,-0.1301003396511078,-0.8087965250015259,-0.011014011688530445,0.0152972973883152,0.0098525146022439,0.0,0.0,0.0,-0.0034698506351560354,-0.007501161191612482,2.3685011863708496,0.0,0.0,2.3685011863708496,0.001047235680744052,-0.001006168662570417,-0.0006397399120032787,0.027730708941817284,0.05971763655543327,1.652402352192439e-05,0.0,0.0,0.0,-1.5351492166519165,10.061263084411621,0.07464218139648438,9.803241729736328,1.561898946762085,-10.0,-9.878053665161133,11.806851387023926,2.0,2.0,20.65740203857422,0.2989746034145355,0.28977540135383606,0.30357420444488525,0.29590821266174316,0.0,0.30469265580177307,0.30469265580177307,0.30469265580177307,0.30469265580177307,0.0,-0.038450419902801514,0.048371270298957825,-9.789068222045898,0.0,0.0,0.0,0.0,0.0,0.0,0.0,0.0,0.0,0.0,0.0,0.0,0.0,0.0,0.0,0.30469274520874023,0.30469274520874023,0.304692804813385,0.30469274520874023,0.27622565627098083,0.04114978387951851,0.04114978387951851,0.4433605968952179,0.031471021473407745,-0.06224115192890167,0.06383747607469559,0.0,0.0,0.0,0.0,0.0,0.0,0.0
61327383476,0,-0.020524563267827034,-0.1301003396511078,-0.10879655927419662,-0.020524563267827034,-0.1301003396511078,-0.8087965250015259,-0.011014011688530445,0.0152972973883152,0.0098525146022439,0.0,0.0,0.0,-0.0034698506351560354,-0.007501161191612482,2.3685011863708496,0.0,0.0,2.3685011863708496,0.000962785619776696,-0.0010713652009144425,0.002476467750966549,0.027730708941817284,0.05971763655543327,1.652402352192439e-05,0.0,0.0,0.0,-1.5334216356277466,10.060603141784668,0.07174015045166016,9.80316162109375,1.5613715648651123,-10.0,-9.878073692321777,11.884414672851562,2.0,2.0,20.5776424407959,0.2989746034145355,0.28977540135383606,0.30357420444488525,0.29590821266174316,0.0,0.30469265580177307,0.30469265580177307,0.30469265580177307,0.30469265580177307,0.0,-0.03419903293251991,0.05148545280098915,-9.806668281555176,0.0,0.0,0.0,0.0,0.0,0.0,0.0,0.0,0.0,0.0,0.0,0.0,0.0,0.0,0.0,0.30469274520874023,0.30469274520874023,0.304692804813385,0.30469274520874023,0.27690544724464417,0.04114978387951851,0.04114978387951851,0.4428058862686157,-0.0064802528358995914,-0.019722972065210342,0.12634287774562836,0.0,0.0,0.0,0.0,0.0,0.0,0.0
61337297185,0,-0.02040662057697773,-0.1301596611738205,-0.10882068425416946,-0.02040662057697773,-0.1301596611738205,-0.8088206648826599,-0.010990169830620289,0.015650419518351555,0.009984362870454788,0.0,0.0,0.0,-0.0034447130747139454,-0.007479046005755663,2.3685388565063477,0.0,0.0,2.3685388565063477,0.000962785619776696,-0.0010713652009144425,0.002476467750966549,0.027628598734736443,0.05933449789881706,-1.9975783288828097e-05,0.0,0.0,0.0,-1.5334216356277466,10.060603141784668,0.07174015045166016,9.80316162109375,1.560152292251587,-10.0,-9.878037452697754,11.884414672851562,2.0,2.0,20.5776424407959,0.2989746034145355,0.28977540135383606,0.30357420444488525,0.29590821266174316,0.0,0.30469265580177307,0.30469265580177307,0.30469265580177307,0.30469265580177307,0.0,-0.02421058714389801,0.0387519933283329,-9.80034065246582,0.0,0.0,0.0,0.0,0.0,0.0,0.0,0.0,0.0,0.0,0.0,0.0,0.0,0.0,0.0,0.30469274520874023,0.30469274520874023,0.304692804813385,0.30469274520874023,0.2784219980239868,0.04114978387951851,0.04114978387951851,0.4413703680038452,-0.0064802528358995914,-0.019722972065210342,0.12634287774562836,0.0,0.0,0.0,0.0,0.0,0.0,0.0
61348140377,0,-0.020351586863398552,-0.13018755614757538,-0.10883347690105438,-0.020351586863398552,-0.13018755614757538,-0.8088334798812866,-0.011425863951444626,0.015555012971162796,0.009991543367505074,0.0,0.0,0.0,-0.0034634731709957123,-0.007466641254723072,2.3685927391052246,0.0,0.0,2.3685927391052246,0.0005374234751798213,-0.0012393511133268476,0.0037261340767145157,0.02741929516196251,0.059390757232904434,-4.286302100808825e-06,0.0,0.0,0.0,-1.5325007438659668,10.060823440551758,0.07075786590576172,9.80312728881836,1.560152292251587,-10.0,-9.878037452697754,11.911908149719238,2.0,2.0,20.550804138183594,0.2989746034145355,0.28977540135383606,0.30357420444488525,0.29590821266174316,0.0,0.30469265580177307,0.30469265580177307,0.30469265580177307,0.30469265580177307,0.0,0.0019448355305939913,0.058343276381492615,-9.812159538269043,0.0,0.0,0.0,0.0,0.0,0.0,0.0,0.0,0.0,0.0,0.0,0.0,0.0,0.0,0.0,0.30469274520874023,0.30469274520874023,0.304692804813385,0.30469274520874023,0.2784219980239868,0.04114978387951851,0.04114978387951851,0.4413703680038452,-0.02418922632932663,-0.019356785342097282,0.13029149174690247,0.0,0.0,0.0,0.0,0.0,0.0,0.0
61359135425,0,-0.020351586863398552,-0.13018755614757538,-0.10883347690105438,-0.020351586863398552,-0.13018755614757538,-0.8088334798812866,-0.011425863951444626,0.015555012971162796,0.009991543367505074,0.0,0.0,0.0,-0.0034634731709957123,-0.007466641254723072,2.3685927391052246,0.0,0.0,2.3685927391052246,8.696377335581928e-06,-0.0005913724889978766,0.0054411133751273155,0.02741929516196251,0.059390757232904434,-4.286302100808825e-06,0.0,0.0,0.0,-1.530666708946228,10.059724807739258,0.0697774887084961,9.803027153015137,1.5596245527267456,-10.0,-9.877985954284668,11.938663482666016,2.0,2.0,20.5203914642334,0.2989746034145355,0.28977540135383606,0.30357420444488525,0.29590821266174316,0.0,0.30469265580177307,0.30469265580177307,0.30469265580177307,0.30469265580177307,0.0,0.0019448355305939913,0.058343276381492615,-9.812159538269043,0.0,0.0,0.0,0.0,0.0,0.0,0.0,0.0,0.0,0.0,0.0,0.0,0.0,0.0,0.0,0.30469274520874023,0.30469274520874023,0.304692804813385,0.30469274520874023,0.27895915508270264,0.04114978387951851,0.04114978387951851,0.4408869743347168,-0.028144514188170433,0.01216317992657423,0.08785824477672577,0.0,0.0,0.0,0.0,0.0,0.0,0.0
61367507154,0,-0.020201345905661583,-0.1302751749753952,-0.108876533806324,-0.020201345905661583,-0.1302751749753952,-0.8088765144348145,-0.01257379911839962,0.014963168650865555,0.009765678085386753,0.0,0.0,0.0,-0.0034521264024078846,-0.007453418802469969,2.3687620162963867,0.0,0.0,2.3687620162963867,8.696377335581928e-06,-0.0005913724889978766,0.0054411133751273155,0.027443282306194305,0.0592549629509449,-5.777040496468544e-05,0.0,0.0,0.0,-1.530666708946228,10.059724807739258,0.0697774887084961,9.803027153015137,1.5583827495574951,-10.0,-9.8778076171875,11.938663482666016,2.0,2.0,20.5203914642334,0.2989746034145355,0.28977540135383606,0.30357420444488525,0.29590821266174316,0.0,0.30469265580177307,0.30469265580177307,0.30469265580177307,0.30469265580177307,0.0,-0.019458934664726257,0.0665632113814354,-9.805843353271484,0.0,0.0,0.0,0.0,0.0,0.0,0.0,0.0,0.0,0.0,0.0,0.0,0.0,0.0,0.0,0.30469274520874023,0.30469274520874023,0.304692804813385,0.30469274520874023,0.2794820964336395,0.04114978387951851,0.04114978387951851,0.4403391480445862,-0.028144514188170433,0.01216317992657423,0.08785824477672577,0.0,0.0,0.0,0.0,0.0,0.0,0.0
61377487582,0,-0.020201345905661583,-0.1302751749753952,-0.108876533806324,-0.020120440050959587,-0.13033095002174377,-0.808910071849823,-0.01257379911839962,0.014963168650865555,0.009765678085386753,0.0,0.0,0.0,-0.0034521264024078846,-0.007453418802469969,2.3687620162963867,0.0,0.0,2.368739604949951,-0.000948159780818969,0.001005006255581975,0.0033122836612164974,0.027443282306194305,0.0592549629509449,-5.777040496468544e-05,0.0,0.0,0.0,-1.5282517671585083,10.056970596313477,0.07294082641601562,9.802874565124512,1.557206153869629,-10.0,-9.877646446228027,11.855270385742188,2.0,2.0,20.594661712646484,0.2989746034145355,0.28977540135383606,0.30357420444488525,0.29590821266174316,0.0,0.30469265580177307,0.30469265580177307,0.30469265580177307,0.30469265580177307,0.0,-0.019458934664726257,0.0665632113814354,-9.805843353271484,0.0,0.0,0.0,0.0,0.0,0.0,0.0,0.0,0.0,0.0,0.0,0.0,0.0,0.0,0.0,0.30469274520874023,0.30469274520874023,0.304692804813385,0.30469274520874023,0.27785220742225647,0.04114978387951851,0.04114978387951851,0.44167670607566833,-0.04330766946077347,0.055755261331796646,-0.062375739216804504,0.0,0.0,0.0,0.0,0.0,0.0,0.0
61387198494,0,-0.020120440050959587,-0.13033095002174377,-0.10891009122133255,-0.020120440050959587,-0.13033095002174377,-0.808910071849823,-0.012878695502877235,0.01476380042731762,0.009446617215871811,0.0,0.0,0.0,-0.0034683397971093655,-0.00736263720318675,2.3687398433685303,0.0,0.0,2.368739604949951,-0.0012840679846704006,0.0006682648090645671,0.002212261315435171,0.027573153376579285,0.05853281915187836,3.974761057179421e-05,0.0,0.0,0.0,-1.5282517671585083,10.056970596313477,0.07294082641601562,9.802874565124512,1.557206153869629,-10.0,-9.877646446228027,11.855270385742188,2.0,2.0,20.594661712646484,0.2989746034145355,0.28977540135383606,0.30357420444488525,0.29590821266174316,0.0,0.30469265580177307,0.30469265580177307,0.30469265580177307,0.30469265580177307,0.0,-0.031172672286629677,0.03676950931549072,-9.78392505645752,0.0,0.0,0.0,0.0,0.0,0.0,0.0,0.0,0.0,0.0,0.0,0.0,0.0,0.0,0.0,0.30469274520874023,0.30469274520874023,0.304692804813385,0.30469274520874023,0.27785220742225647,0.04114978387951851,0.04114978387951851,0.44167670607566833,-0.03920965641736984,0.014471282251179218,-0.08903145790100098,0.0,0.0,0.0,0.0,0.0,0.0,0.0
61397474891,0,-0.020082887262105942,-0.13035835325717926,-0.10892832279205322,-0.020082887262105942,-0.13035835325717926,-0.8089283108711243,-0.012728162109851837,0.01500011421740055,0.009664975106716156,0.0,0.0,0.0,-0.0034841711167246103,-0.007356388494372368,2.368767738342285,0.0,0.0,2.368767738342285,-0.0012840679846704006,0.0006682648090645671,0.002212261315435171,0.027698438614606857,0.05848341062664986,-1.8303737306268886e-05,0.0,0.0,0.0,-1.5272842645645142,10.057670593261719,0.07399654388427734,9.802823066711426,1.557206153869629,-10.0,-9.877646446228027,11.830293655395508,2.0,2.0,20.62178611755371,0.2989746034145355,0.28977540135383606,0.30357420444488525,0.29590821266174316,0.0,0.30469265580177307,0.30469265580177307,0.30469265580177307,0.30469265580177307,0.0,-0.031172672286629677,0.03676950931549072,-9.78392505645752,0.0,0.0,0.0,0.0,0.0,0.0,0.0,0.0,0.0,0.0,0.0,0.0,0.0,0.0,0.0,0.30469274520874023,0.30469274520874023,0.304692804813385,0.30469274520874023,0.27785220742225647,0.04114978387951851,0.04114978387951851,0.44167670607566833,-0.03920965641736984,0.014471282251179218,-0.08903145790100098,0.0,0.0,0.0,0.0,0.0,0.0,0.0
61407355578,0,-0.020082887262105942,-0.13035835325717926,-0.10892832279205322,-0.020082887262105942,-0.13035835325717926,-0.8089283108711243,-0.012728162109851837,0.01500011421740055,0.009664975106716156,0.0,0.0,0.0,-0.0034841711167246103,-0.007356388494372368,2.368767738342285,0.0,0.0,2.368767738342285,-0.001367458258755505,0.00028169809957034886,0.0003409616183489561,0.027698438614606857,0.05848341062664986,-1.8303737306268886e-05,0.0,0.0,0.0,-1.5272842645645142,10.057670593261719,0.07399654388427734,9.802823066711426,1.5566588640213013,-10.0,-9.877602577209473,11.830293655395508,2.0,2.0,20.62178611755371,0.2989746034145355,0.28977540135383606,0.30357420444488525,0.29590821266174316,0.0,0.30469265580177307,0.30469265580177307,0.30469265580177307,0.30469265580177307,0.0,-0.031172672286629677,0.03676950931549072,-9.78392505645752,0.0,0.0,0.0,0.0,0.0,0.0,0.0,0.0,0.0,0.0,0.0,0.0,0.0,0.0,0.0,0.30469274520874023,0.30469274520874023,0.304692804813385,0.30469274520874023,0.27724841237068176,0.04114978387951851,0.04114978387951851,0.44228070974349976,-0.021796230226755142,-0.011471509002149105,-0.13074122369289398,0.0,0.0,0.0,0.0,0.0,0.0,0.0
61417305193,0,-0.020082887262105942,-0.13035835325717926,-0.10892832279205322,-0.020012876018881798,-0.13041213154792786,-0.808956503868103,-0.012728162109851837,0.01500011421740055,0.009664975106716156,0.0,0.0,0.0,-0.0034841711167246103,-0.007356388494372368,2.368767738342285,0.0,0.0,2.3687198162078857,-0.001244032639078796,-0.00027134112315252423,-0.001146960654295981,0.027698438614606857,0.05848341062664986,-1.8303737306268886e-05,0.0,0.0,0.0,-1.5262821912765503,10.058955192565918,0.0771017074584961,9.802701950073242,1.5553654432296753,-10.0,-9.877596855163574,11.752696990966797,2.0,2.0,20.703359603881836,0.2989746034145355,0.28977540135383606,0.30357420444488525,0.29590821266174316,0.0,0.30469265580177307,0.30469265580177307,0.30469265580177307,0.30469265580177307,0.0,-0.031172672286629677,0.03676950931549072,-9.78392505645752,0.0,0.0,0.0,0.0,0.0,0.0,0.0,0.0,0.0,0.0,0.0,0.0,0.0,0.0,0.0,0.30469274520874023,0.30469274520874023,0.304692804813385,0.30469274520874023,0.27584579586982727,0.04114978387951851,0.04114978387951851,0.44363269209861755,-0.0029951392207294703,-0.029842544347047806,-0.13361342251300812,0.0,0.0,0.0,0.0,0.0,0.0,0.0
61428961669,0,-0.019978972151875496,-0.13044100999832153,-0.10897088795900345,-0.019978972151875496,-0.13044100999832153,-0.8089708685874939,-0.013073105365037918,0.014713931828737259,0.009953475557267666,0.0,0.0,0.0,-0.0035160151310265064,-0.007340951822698116,2.36871075630188,0.0,0.0,2.368710994720459,-0.001069527119398117,-0.0009083483600988984,-0.002397389616817236,0.027769098058342934,0.058614879846572876,4.383959458209574e-05,0.0,0.0,0.0,-1.5259469747543335,10.059972763061523,0.07811737060546875,9.802610397338867,1.5547258853912354,-10.0,-9.877635955810547,11.728287696838379,2.0,2.0,20.730989456176758,0.2989746034145355,0.28977540135383606,0.30357420444488525,0.29590821266174316,0.0,0.30469265580177307,0.30469265580177307,0.30469265580177307,0.30469265580177307,0.0,-0.031172672286629677,0.03676950931549072,-9.78392505645752,0.0,0.0,0.0,0.0,0.0,0.0,0.0,0.0,0.0,0.0,0.0,0.0,0.0,0.0,0.0,0.30469274520874023,0.30469274520874023,0.304692804813385,0.30469274520874023,0.27536794543266296,0.04114978387951851,0.04114978387951851,0.44412961602211,0.005967798177152872,-0.04495115950703621,-0.12608976662158966,0.0,0.0,0.0,0.0,0.0,0.0,0.0
61438620459,0,-0.019978972151875496,-0.13044100999832153,-0.10897088795900345,-0.019978972151875496,-0.13044100999832153,-0.8089708685874939,-0.013073105365037918,0.014713931828737259,0.009953475557267666,0.0,0.0,0.0,-0.0035160151310265064,-0.007340951822698116,2.36871075630188,0.0,0.0,2.368710994720459,-0.0006410767673514783,0.00016893941210582852,-0.002528511919081211,0.027769098058342934,0.058614879846572876,4.383959458209574e-05,0.0,0.0,0.0,-1.5259469747543335,10.059972763061523,0.07811737060546875,9.802610397338867,1.5547258853912354,-10.0,-9.877635955810547,11.728287696838379,2.0,2.0,20.730989456176758,0.2989746034145355,0.28977540135383606,0.30357420444488525,0.29590821266174316,0.0,0.30469265580177307,0.30469265580177307,0.30469265580177307,0.30469265580177307,0.0,-0.0708286240696907,0.04658723622560501,-9.819207191467285,0.0,0.0,0.0,0.0,0.0,0.0,0.0,0.0,0.0,0.0,0.0,0.0,0.0,0.0,0.0,0.30469274520874023,0.30469274520874023,0.304692804813385,0.30469274520874023,0.27536794543266296,0.04114978387951851,0.04114978387951851,0.44412961602211,0.01825619488954544,0.018294164910912514,-0.028801722452044487,0.0,0.0,0.0,0.0,0.0,0.0,0.0
61447454690,0,-0.019876684993505478,-0.13053947687149048,-0.1090174987912178,-0.019876684993505478,-0.13053947687149048,-0.8090174794197083,-0.01268221065402031,0.013587918132543564,0.00952218472957611,0.0,0.0,0.0,-0.00351528637111187,-0.007300203200429678,2.3686718940734863,0.0,0.0,2.3686718940734863,-0.0006410767673514783,0.00016893941210582852,-0.002528511919081211,0.027946051210165024,0.05803663283586502,5.924510332988575e-06,0.0,0.0,0.0,-1.5251848697662354,10.057611465454102,0.07744789123535156,9.802491188049316,1.553537130355835,-10.0,-9.8777437210083,11.74320125579834,2.0,2.0,20.708438873291016,0.2989746034145355,0.28977540135383606,0.30357420444488525,0.29590821266174316,0.0,0.30469265580177307,0.30469265580177307,0.30469265580177307,0.30469265580177307,0.0,-0.0708286240696907,0.04658723622560501,-9.819207191467285,0.0,0.0,0.0,0.0,0.0,0.0,0.0,0.0,0.0,0.0,0.0,0.0,0.0,0.0,0.0,0.30469274520874023,0.30469274520874023,0.304692804813385,0.30469274520874023,0.27566006779670715,0.04114978387951851,0.04114978387951851,0.44372400641441345,0.01825619488954544,0.018294164910912514,-0.028801722452044487,0.0,0.0,0.0,0.0,0.0,0.0,0.0
61457775410,0,-0.019876684993505478,-0.13053947687149048,-0.1090174987912178,-0.019876684993505478,-0.13053947687149048,-0.8090174794197083,-0.01268221065402031,0.013587918132543564,0.00952218472957611,0.0,0.0,0.0,-0.00351528637111187,-0.007300203200429678,2.3686718940734863,0.0,0.0,2.3686718940734863,-4.2314204620197415e-06,-0.00048654520651325583,-0.00014701730106025934,0.027946051210165024,0.05803663283586502,5.924510332988575e-06,0.0,0.0,0.0,-1.5248521566390991,10.058572769165039,0.07477283477783203,9.802384376525879,1.5522727966308594,-10.0,-9.877798080444336,11.81524658203125,2.0,2.0,20.639514923095703,0.2989746034145355,0.28977540135383606,0.30357420444488525,0.29590821266174316,0.0,0.30469265580177307,0.30469265580177307,0.30469265580177307,0.30469265580177307,0.0,-0.0708286240696907,0.04658723622560501,-9.819207191467285,0.0,0.0,0.0,0.0,0.0,0.0,0.0,0.0,0.0,0.0,0.0,0.0,0.0,0.0,0.0,0.30469274520874023,0.30469274520874023,0.304692804813385,0.30469274520874023,0.2770695984363556,0.04114978387951851,0.04114978387951851,0.44248396158218384,0.037323322147130966,-0.02599957399070263,0.07414297014474869,0.0,0.0,0.0,0.0,0.0,0.0,0.0
61467732602,0,-0.01980624347925186,-0.13061194121837616,-0.10905101150274277,-0.01980624347925186,-0.13061194121837616,-0.809050977230072,-0.011719927191734314,0.013352588750422001,0.00929458811879158,0.0,0.0,0.0,-0.003495632903650403,-0.007273733615875244,2.368704080581665,0.0,0.0,2.368704319000244,0.0002398440265096724,-0.0008773212321102619,0.0014257915318012238,0.02778962254524231,0.057826265692710876,-1.3019596735830419e-05,0.0,0.0,0.0,-1.5248521566390991,10.058572769165039,0.07477283477783203,9.802384376525879,1.5522727966308594,-10.0,-9.877798080444336,11.81524658203125,2.0,2.0,20.639514923095703,0.2989746034145355,0.28977540135383606,0.30357420444488525,0.29590821266174316,0.0,0.30469265580177307,0.30469265580177307,0.30469265580177307,0.30469265580177307,0.0,-0.07576041668653488,0.0018874498782679439,-9.80869197845459,0.0,0.0,0.0,0.0,0.0,0.0,0.0,0.0,0.0,0.0,0.0,0.0,0.0,0.0,0.0,0.30469274520874023,0.30469274520874023,0.304692804813385,0.30469274520874023,0.2770695984363556,0.04114978387951851,0.04114978387951851,0.44248396158218384,0.03470884636044502,-0.03470911085605621,0.11790988594293594,0.0,0.0,0.0,0.0,0.0,0.0,0.0
61477598858,0,-0.01976861245930195,-0.13064834475517273,-0.109071746468544,-0.01976861245930195,-0.13064834475517273,-0.8090717196464539,-0.011441117152571678,0.013362540863454342,0.009111090563237667,0.0,0.0,0.0,-0.003482332918792963,-0.007286864798516035,2.3687469959259033,0.0,0.0,2.3687469959259033,0.0002398440265096724,-0.0008773212321102619,0.0014257915318012238,0.02768366038799286,0.057930756360292435,-3.567242674762383e-05,0.0,0.0,0.0,-1.5246378183364868,10.059155464172363,0.07318305969238281,9.802332878112793,1.5517345666885376,-10.0,-9.877791404724121,11.85810661315918,2.0,2.0,20.598546981811523,0.2989746034145355,0.28977540135383606,0.30357420444488525,0.29590821266174316,0.0,0.30469265580177307,0.30469265580177307,0.30469265580177307,0.30469265580177307,0.0,-0.07576041668653488,0.0018874498782679439,-9.80869197845459,0.0,0.0,0.0,0.0,0.0,0.0,0.0,0.0,0.0,0.0,0.0,0.0,0.0,0.0,0.0,0.30469274520874023,0.30469274520874023,0.304692804813385,0.30469274520874023,0.27790775895118713,0.04114978387951851,0.04114978387951851,0.44174671173095703,0.03470884636044502,-0.03470911085605621,0.11790988594293594,0.0,0.0,0.0,0.0,0.0,0.0,0.0
61488152759,0,-0.01976861245930195,-0.13064834475517273,-0.109071746468544,-0.01976861245930195,-0.13064834475517273,-0.8090717196464539,-0.011441117152571678,0.013362540863454342,0.009111090563237667,0.0,0.0,0.0,-0.003482332918792963,-0.007286864798516035,2.3687469959259033,0.0,0.0,2.3687469959259033,-0.00020382767252158374,-0.0007108638528734446,0.004154978320002556,0.02768366038799286,0.057930756360292435,-3.567242674762383e-05,0.0,0.0,0.0,-1.5246378183364868,10.059155464172363,0.07318305969238281,9.802332878112793,1.5517345666885376,-10.0,-9.877791404724121,11.85810661315918,2.0,2.0,20.598546981811523,0.2989746034145355,0.28977540135383606,0.30357420444488525,0.29590821266174316,0.0,0.30469265580177307,0.30469265580177307,0.30469265580177307,0.30469265580177307,0.0,-0.0730116069316864,0.0075616673566401005,-9.796274185180664,0.0,0.0,0.0,0.0,0.0,0.0,0.0,0.0,0.0,0.0,0.0,0.0,0.0,0.0,0.0,0.30469274520874023,0.30469274520874023,0.304692804813385,0.30469274520874023,0.27790775895118713,0.04114978387951851,0.04114978387951851,0.44174671173095703,0.0036555593833327293,-0.005299180746078491,0.12812039256095886,0.0,0.0,0.0,0.0,0.0,0.0,0.0
61497951350,0,-0.019685257226228714,-0.1307310312986374,-0.10910579562187195,-0.019685257226228714,-0.1307310312986374,-0.8091057538986206,-0.010974274016916752,0.012886671349406242,0.009602867066860199,0.0,0.0,0.0,-0.0035095883067697287,-0.0072654299437999725,2.3688607215881348,0.0,0.0,2.3688607215881348,-0.00020382767252158374,-0.0007108638528734446,0.004154978320002556,0.027697764337062836,0.05779315158724785,1.213372524944134e-05,0.0,0.0,0.0,-1.5225030183792114,10.058524131774902,0.07106971740722656,9.802178382873535,1.5505704879760742,-10.0,-9.877687454223633,11.915721893310547,2.0,2.0,20.53877830505371,0.2989746034145355,0.28977540135383606,0.30357420444488525,0.29590821266174316,0.0,0.30469265580177307,0.30469265580177307,0.30469265580177307,0.30469265580177307,0.0,-0.07447873800992966,0.0026441426016390324,-9.777066230773926,0.0,0.0,0.0,0.0,0.0,0.0,0.0,0.0,0.0,0.0,0.0,0.0,0.0,0.0,0.0,0.30469274520874023,0.30469274520874023,0.304692804813385,0.30469274520874023,0.2790338099002838,0.04114978387951851,0.04114978387951851,0.440670371055603,0.0036555593833327293,-0.005299180746078491,0.12812039256095886,0.0,0.0,0.0,0.0,0.0,0.0,0.0
61507429620,0,-0.01964142918586731,-0.13077256083488464,-0.10911938548088074,-0.01964142918586731,-0.13077256083488464,-0.8091193437576294,-0.010658273473381996,0.012593048624694347,0.010391649790108204,0.0,0.0,0.0,-0.003489712020382285,-0.007240981329232454,2.368894100189209,0.0,0.0,2.368894100189209,0.0003379688423592597,-0.0004583463305607438,0.00439282925799489,0.027732964605093002,0.05765779688954353,2.8449034289224073e-05,0.0,0.0,0.0,-1.522818922996521,10.058024406433105,0.07147502899169922,9.802124977111816,1.549944281578064,-10.0,-9.877604484558105,11.903820991516113,2.0,2.0,20.549089431762695,0.2989746034145355,0.28977540135383606,0.30357420444488525,0.29590821266174316,0.0,0.30469265580177307,0.30469265580177307,0.30469265580177307,0.30469265580177307,0.0,-0.07447873800992966,0.0026441426016390324,-9.777066230773926,0.0,0.0,0.0,0.0,0.0,0.0,0.0,0.0,0.0,0.0,0.0,0.0,0.0,0.0,0.0,0.30469274520874023,0.30469274520874023,0.304692804813385,0.30469274520874023,0.27880120277404785,0.04114978387951851,0.04114978387951851,0.44085612893104553,0.026968112215399742,0.009206237271428108,0.07308974862098694,0.0,0.0,0.0,0.0,0.0,0.0,0.0
61517657422,0,-0.01964142918586731,-0.13077256083488464,-0.10911938548088074,-0.01964142918586731,-0.13077256083488464,-0.8091193437576294,-0.010658273473381996,0.012593048624694347,0.010391649790108204,0.0,0.0,0.0,-0.003489712020382285,-0.007240981329232454,2.368894100189209,0.0,0.0,2.368894100189209,-0.0003945577482227236,-0.0005786849651485682,0.0035553411580622196,0.027732964605093002,0.05765779688954353,2.8449034289224073e-05,0.0,0.0,0.0,-1.5212019681930542,10.057286262512207,0.0724029541015625,9.802071571350098,1.549944281578064,-10.0,-9.877604484558105,11.880895614624023,2.0,2.0,20.569488525390625,0.2989746034145355,0.28977540135383606,0.30357420444488525,0.29590821266174316,0.0,0.30469265580177307,0.30469265580177307,0.30469265580177307,0.30469265580177307,0.0,-0.05333900824189186,0.021100547164678574,-9.83193302154541,0.0,0.0,0.0,0.0,0.0,0.0,0.0,0.0,0.0,0.0,0.0,0.0,0.0,0.0,0.0,0.30469274520874023,0.30469274520874023,0.304692804813385,0.30469274520874023,0.27880120277404785,0.04114978387951851,0.04114978387951851,0.44085612893104553,-0.01078667864203453,-0.014114252291619778,-0.008237193338572979,0.0,0.0,0.0,0.0,0.0,0.0,0.0
61527295398,0,-0.019493555650115013,-0.13090316951274872,-0.1091485545039177,-0.019493555650115013,-0.13090316951274872,-0.8091485500335693,-0.009735778905451298,0.011991798877716064,0.010040962137281895,0.0,0.0,0.0,-0.003484344109892845,-0.007226608227938414,2.3689539432525635,0.0,0.0,2.3689539432525635,-0.0003945577482227236,-0.0005786849651485682,0.0035553411580622196,0.027699913829565048,0.057451631873846054,-1.0879340152314398e-05,0.0,0.0,0.0,-1.5207326412200928,10.058369636535645,0.07296276092529297,9.802018165588379,1.5486921072006226,-10.0,-9.877458572387695,11.86872673034668,2.0,2.0,20.5850887298584,0.2989746034145355,0.28977540135383606,0.30357420444488525,0.29590821266174316,0.0,0.30469265580177307,0.30469265580177307,0.30469265580177307,0.30469265580177307,0.0,-0.05333900824189186,0.021100547164678574,-9.83193302154541,0.0,0.0,0.0,0.0,0.0,0.0,0.0,0.0,0.0,0.0,0.0,0.0,0.0,0.0,0.0,0.30469274520874023,0.30469274520874023,0.304692804813385,0.30469274520874023,0.278115451335907,0.04114978387951851,0.04114978387951851,0.4415043294429779,-0.01078667864203453,-0.014114252291619778,-0.008237193338572979,0.0,0.0,0.0,0.0,0.0,0.0,0.0
61537363299,0,-0.019493555650115013,-0.13090316951274872,-0.1091485545039177,-0.019493555650115013,-0.13090316951274872,-0.8091485500335693,-0.009735778905451298,0.011991798877716064,0.010040962137281895,0.0,0.0,0.0,-0.003484344109892845,-0.007226608227938414,2.3689539432525635,0.0,0.0,2.3689539432525635,0.00021745965932495892,-0.0006897842977195978,0.000852637633215636,0.027699913829565048,0.057451631873846054,-1.0879340152314398e-05,0.0,0.0,0.0,-1.520290732383728,10.058040618896484,0.07586383819580078,9.801867485046387,1.5475338697433472,-10.0,-9.877391815185547,11.792999267578125,2.0,2.0,20.659656524658203,0.2989746034145355,0.28977540135383606,0.30357420444488525,0.29590821266174316,0.0,0.30469265580177307,0.30469265580177307,0.30469265580177307,0.30469265580177307,0.0,-0.05333900824189186,0.021100547164678574,-9.83193302154541,0.0,0.0,0.0,0.0,0.0,0.0,0.0,0.0,0.0,0.0,0.0,0.0,0.0,0.0,0.0,0.30469274520874023,0.30469274520874023,0.304692804813385,0.30469274520874023,0.2766343951225281,0.04114978387951851,0.04114978387951851,0.44284650683403015,0.014572322368621826,0.002717840950936079,-0.09790394455194473,0.0,0.0,0.0,0.0,0.0,0.0,0.0
61547418641,0,-0.01939595676958561,-0.130989670753479,-0.10916738212108612,-0.01939595676958561,-0.130989670753479,-0.8091673851013184,-0.00941531453281641,0.012109273113310337,0.010697964578866959,0.0,0.0,0.0,-0.003472560551017523,-0.0072174072265625,2.3689327239990234,0.0,0.0,2.3689327239990234,0.00021745965932495892,-0.0006897842977195978,0.000852637633215636,0.027606330811977386,0.057378415018320084,-2.6159318622376304e-07,0.0,0.0,0.0,-1.520290732383728,10.058040618896484,0.07586383819580078,9.801867485046387,1.5475338697433472,-10.0,-9.877391815185547,11.792999267578125,2.0,2.0,20.659656524658203,0.2989746034145355,0.28977540135383606,0.30357420444488525,0.29590821266174316,0.0,0.30469265580177307,0.30469265580177307,0.30469265580177307,0.30469265580177307,0.0,-0.03555687516927719,0.011903573758900166,-9.751852035522461,0.0,0.0,0.0,0.0,0.0,0.0,0.0,0.0,0.0,0.0,0.0,0.0,0.0,0.0,0.0,0.30469274520874023,0.30469274520874023,0.304692804813385,0.30469274520874023,0.2766343951225281,0.04114978387951851,0.04114978387951851,0.44284650683403015,0.014572322368621826,0.002717840950936079,-0.09790394455194473,0.0,0.0,0.0,0.0,0.0,0.0,0.0
61557556228,0,-0.01939595676958561,-0.130989670753479,-0.10916738212108612,-0.01939595676958561,-0.130989670753479,-0.8091673851013184,-0.00941531453281641,0.012109273113310337,0.010697964578866959,0.0,0.0,0.0,-0.003472560551017523,-0.0072174072265625,2.3689327239990234,0.0,0.0,2.3689327239990234,-0.00022556583280675113,-0.0005524607840925455,-0.0007055141031742096,0.027606330811977386,0.057378415018320084,-2.6159318622376304e-07,0.0,0.0,0.0,-1.518676996231079,10.05767822265625,0.07736968994140625,9.801804542541504,1.5469093322753906,-10.0,-9.877396583557129,11.755552291870117,2.0,2.0,20.695772171020508,0.2989746034145355,0.28977540135383606,0.30357420444488525,0.29590821266174316,0.0,0.30469265580177307,0.30469265580177307,0.30469265580177307,0.30469265580177307,0.0,-0.03555687516927719,0.011903573758900166,-9.751852035522461,0.0,0.0,0.0,0.0,0.0,0.0,0.0,0.0,0.0,0.0,0.0,0.0,0.0,0.0,0.0,0.30469274520874023,0.30469274520874023,0.304692804813385,0.30469274520874023,0.27590176463127136,0.04114978387951851,0.04114978387951851,0.44349631667137146,-0.012019363231956959,0.005450659431517124,-0.12135087698698044,0.0,0.0,0.0,0.0,0.0,0.0,0.0
61567528345,0,-0.019345812499523163,-0.13103286921977997,-0.10917333513498306,-0.019345812499523163,-0.13103286921977997,-0.8091733455657959,-0.009376022964715958,0.012168636545538902,0.010974551551043987,0.0,0.0,0.0,-0.003507755696773529,-0.0071924906224012375,2.3689067363739014,0.0,0.0,2.3689067363739014,-0.0008746866369619966,-0.0019144878024235368,-0.0022633871994912624,0.02788657508790493,0.05718011409044266,4.647219611797482e-05,0.0,0.0,0.0,-1.518676996231079,10.05767822265625,0.07736968994140625,9.801804542541504,1.5469093322753906,-10.0,-9.877396583557129,11.755552291870117,2.0,2.0,20.695772171020508,0.2989746034145355,0.28977540135383606,0.30357420444488525,0.29590821266174316,0.0,0.30469265580177307,0.30469265580177307,0.30469265580177307,0.30469265580177307,0.0,-0.028439586982131004,0.023069847375154495,-9.89671802520752,0.0,0.0,0.0,0.0,0.0,0.0,0.0,0.0,0.0,0.0,0.0,0.0,0.0,0.0,0.0,0.30469274520874023,0.30469274520874023,0.304692804813385,0.30469274520874023,0.27590176463127136,0.04114978387951851,0.04114978387951851,0.44349631667137146,-0.02056150697171688,-0.043292056769132614,-0.08691096305847168,0.0,0.0,0.0,0.0,0.0,0.0,0.0
61577687356,0,-0.019247839227318764,-0.13111814856529236,-0.10919041931629181,-0.019247839227318764,-0.13111814856529236,-0.8091903924942017,-0.009875980205833912,0.011934289708733559,0.009864317253232002,0.0,0.0,0.0,-0.003522539744153619,-0.00724041135981679,2.368854522705078,0.0,0.0,2.368854522705078,-0.000670572102535516,-0.0010609653545543551,-0.0024535460397601128,0.027860069647431374,0.05741414800286293,9.944352314050775e-06,0.0,0.0,0.0,-1.5166466236114502,10.059908866882324,0.07836627960205078,9.801705360412598,1.5457310676574707,-10.0,-9.877462387084961,11.737223625183105,2.0,2.0,20.715248107910156,0.2989746034145355,0.28977540135383606,0.30357420444488525,0.29590821266174316,0.0,0.30469265580177307,0.30469265580177307,0.30469265580177307,0.30469265580177307,0.0,-0.028439586982131004,0.023069847375154495,-9.89671802520752,0.0,0.0,0.0,0.0,0.0,0.0,0.0,0.0,0.0,0.0,0.0,0.0,0.0,0.0,0.0,0.30469274520874023,0.30469274520874023,0.304692804813385,0.30469274520874023,0.2755239009857178,0.04114978387951851,0.04114978387951851,0.4439690411090851,0.00032828806433826685,0.015707949176430702,-0.0497317798435688,0.0,0.0,0.0,0.0,0.0,0.0,0.0
61587753736,0,-0.019247839227318764,-0.13111814856529236,-0.10919041931629181,-0.01919977366924286,-0.13116084039211273,-0.8092089891433716,-0.009875980205833912,0.011934289708733559,0.009864317253232002,0.0,0.0,0.0,-0.003522539744153619,-0.00724041135981679,2.368854522705078,0.0,0.0,2.368852376937866,-0.000670572102535516,-0.0010609653545543551,-0.0024535460397601128,0.027860069647431374,0.05741414800286293,9.944352314050775e-06,0.0,0.0,0.0,-1.5165830850601196,10.058094024658203,0.07822132110595703,9.801651954650879,1.5450949668884277,-10.0,-9.877514839172363,11.737223625183105,2.0,2.0,20.715248107910156,0.2989746034145355,0.28977540135383606,0.30357420444488525,0.29590821266174316,0.0,0.30469265580177307,0.30469265580177307,0.30469265580177307,0.30469265580177307,0.0,-0.028439586982131004,0.023069847375154495,-9.89671802520752,0.0,0.0,0.0,0.0,0.0,0.0,0.0,0.0,0.0,0.0,0.0,0.0,0.0,0.0,0.0,0.30469274520874023,0.30469274520874023,0.304692804813385,0.30469274520874023,0.2755430042743683,0.04114978387951851,0.04114978387951851,0.44384661316871643,0.00032828806433826685,0.015707949176430702,-0.0497317798435688,0.0,0.0,0.0,0.0,0.0,0.0,0.0
61597378159,0,-0.01919977366924286,-0.13116084039211273,-0.10920897871255875,-0.01919977366924286,-0.13116084039211273,-0.8092089891433716,-0.0099124601110816,0.01164582185447216,0.00881598424166441,0.0,0.0,0.0,-0.0035105107817798853,-0.007197859697043896,2.368852376937866,0.0,0.0,2.368852376937866,0.0014085458824411035,0.0009905325714498758,-0.000694829854182899,0.027844587340950966,0.05719055235385895,2.7523103199200705e-05,0.0,0.0,0.0,-1.5187243223190308,10.054804801940918,0.07601165771484375,9.801508903503418,1.543945550918579,-10.0,-9.877583503723145,11.78638744354248,2.0,2.0,20.65573501586914,0.2989746034145355,0.28977540135383606,0.30357420444488525,0.29590821266174316,0.0,0.30469265580177307,0.30469265580177307,0.30469265580177307,0.30469265580177307,0.0,-0.02578526921570301,0.029260734096169472,-9.897361755371094,0.0,0.0,0.0,0.0,0.0,0.0,0.0,0.0,0.0,0.0,0.0,0.0,0.0,0.0,0.0,0.30469274520874023,0.30469274520874023,0.304692804813385,0.30469274520874023,0.27650511264801025,0.04114978387951851,0.04114978387951851,0.4427758753299713,0.07790369540452957,0.0781550481915474,0.05708994343876839,0.0,0.0,0.0,0.0,0.0,0.0,0.0
61607374038,0,-0.019112732261419296,-0.131241112947464,-0.10925499349832535,-0.019112732261419296,-0.131241112947464,-0.8092550039291382,-0.010315261781215668,0.011520919390022755,0.009131117723882198,0.0,0.0,0.0,-0.003443820169195533,-0.007153509184718132,2.368852138519287,0.0,0.0,2.368852138519287,0.0014085458824411035,0.0009905325714498758,-0.000694829854182899,0.0274087842553854,0.056576892733573914,-1.8183916836278513e-05,0.0,0.0,0.0,-1.5187243223190308,10.054804801940918,0.07601165771484375,9.801508903503418,1.543945550918579,-10.0,-9.877583503723145,11.78638744354248,2.0,2.0,20.65573501586914,0.2989746034145355,0.28977540135383606,0.30357420444488525,0.29590821266174316,0.0,0.30469265580177307,0.30469265580177307,0.30469265580177307,0.30469265580177307,0.0,-0.02578526921570301,0.029260734096169472,-9.897361755371094,0.0,0.0,0.0,0.0,0.0,0.0,0.0,0.0,0.0,0.0,0.0,0.0,0.0,0.0,0.0,0.30469274520874023,0.30469274520874023,0.304692804813385,0.30469274520874023,0.27650511264801025,0.04114978387951851,0.04114978387951851,0.4427758753299713,0.07790369540452957,0.0781550481915474,0.05708994343876839,0.0,0.0,0.0,0.0,0.0,0.0,0.0
61617640320,0,-0.019112732261419296,-0.131241112947464,-0.10925499349832535,-0.01903650164604187,-0.13131923973560333,-0.809263288974762,-0.010315261781215668,0.011520919390022755,0.009131117723882198,0.0,0.0,0.0,-0.003443820169195533,-0.007153509184718132,2.368852138519287,0.0,0.0,2.368906021118164,0.0014411283191293478,0.0019381133606657386,0.00038724561454728246,0.0274087842553854,0.056576892733573914,-1.8183916836278513e-05,0.0,0.0,0.0,-1.5187243223190308,10.054804801940918,0.07601165771484375,9.801508903503418,1.543945550918579,-10.0,-9.877583503723145,11.78638744354248,2.0,2.0,20.65573501586914,0.2989746034145355,0.28977540135383606,0.30357420444488525,0.29590821266174316,0.0,0.30469265580177307,0.30469265580177307,0.30469265580177307,0.30469265580177307,0.0,0.007666915189474821,0.022039204835891724,-9.60464859008789,0.0,0.0,0.0,0.0,0.0,0.0,0.0,0.0,0.0,0.0,0.0,0.0,0.0,0.0,0.0,0.30469274520874023,0.30469274520874023,0.304692804813385,0.30469274520874023,0.27650511264801025,0.04114978387951851,0.04114978387951851,0.4427758753299713,0.04190686345100403,0.09094955772161484,0.08303084224462509,0.0,0.0,0.0,0.0,0.0,0.0,0.0
61627521718,0,-0.01903650164604187,-0.13131923973560333,-0.10926330089569092,-0.01903650164604187,-0.13131923973560333,-0.809263288974762,-0.010635359212756157,0.011957105249166489,0.012358960695564747,0.0,0.0,0.0,-0.00343878660351038,-0.007047839462757111,2.368906021118164,0.0,0.0,2.368906021118164,0.00033721240470185876,0.0020561260171234608,0.0016548041021451354,0.0273378137499094,0.05603036656975746,-4.880621872871416e-06,0.0,0.0,0.0,-1.517837643623352,10.052987098693848,0.07487106323242188,9.801461219787598,1.5433456897735596,-10.0,-9.877588272094727,11.81469440460205,2.0,2.0,20.621538162231445,0.2989746034145355,0.28977540135383606,0.30357420444488525,0.29590821266174316,0.0,0.30469265580177307,0.30469265580177307,0.30469265580177307,0.30469265580177307,0.0,0.007666915189474821,0.022039204835891724,-9.60464859008789,0.0,0.0,0.0,0.0,0.0,0.0,0.0,0.0,0.0,0.0,0.0,0.0,0.0,0.0,0.0,0.30469274520874023,0.30469274520874023,0.304692804813385,0.30469274520874023,0.2770589292049408,0.04114978387951851,0.04114978387951851,0.44216054677963257,-0.035727038979530334,0.04976644739508629,0.10261213779449463,0.0,0.0,0.0,0.0,0.0,0.0,0.0
61640077510,0,-0.01897721365094185,-0.13139230012893677,-0.10921818017959595,-0.01897721365094185,-0.13139230012893677,-0.809218168258667,-0.011588877998292446,0.011696213856339455,0.014649872668087482,0.0,0.0,0.0,-0.0035389019176363945,-0.007066973019391298,2.3689944744110107,0.0,0.0,2.3689944744110107,-0.0014827928971499205,0.0010015105362981558,0.002682083286345005,0.0273378137499094,0.05603036656975746,-4.880621872871416e-06,0.0,0.0,0.0,-1.5115283727645874,10.055428504943848,0.07310199737548828,9.801399230957031,1.5433456897735596,-10.0,-9.877588272094727,11.87478256225586,2.0,2.0,20.568824768066406,0.2989746034145355,0.28977540135383606,0.30357420444488525,0.29590821266174316,0.0,0.30469265580177307,0.30469265580177307,0.30469265580177307,0.30469265580177307,0.0,0.007666915189474821,0.022039204835891724,-9.60464859008789,0.0,0.0,0.0,0.0,0.0,0.0,0.0,0.0,0.0,0.0,0.0,0.0,0.0,0.0,0.0,0.30469274520874023,0.30469274520874023,0.304692804813385,0.30469274520874023,0.2770589292049408,0.04114978387951851,0.04114978387951851,0.44216054677963257,-0.10523673892021179,-0.02471279539167881,0.09967479854822159,0.0,0.0,0.0,0.0,0.0,0.0,0.0
61647454782,0,-0.01897721365094185,-0.13139230012893677,-0.10921818017959595,-0.01897721365094185,-0.13139230012893677,-0.809218168258667,-0.011588877998292446,0.011696213856339455,0.014649872668087482,0.0,0.0,0.0,-0.0035389019176363945,-0.007066973019391298,2.3689944744110107,0.0,0.0,2.3689944744110107,-0.0023804139345884323,-0.0002885443391278386,0.0037004011683166027,0.028133433312177658,0.056182630360126495,-3.439718784647994e-05,0.0,0.0,0.0,-1.5115283727645874,10.055428504943848,0.07310199737548828,9.801399230957031,1.5421969890594482,-10.0,-9.877534866333008,11.87478256225586,2.0,2.0,20.568824768066406,0.2989746034145355,0.28977540135383606,0.30357420444488525,0.29590821266174316,0.0,0.30469265580177307,0.30469265580177307,0.30469265580177307,0.30469265580177307,0.0,-0.0027901302091777325,0.07705126702785492,-9.677850723266602,0.0,0.0,0.0,0.0,0.0,0.0,0.0,0.0,0.0,0.0,0.0,0.0,0.0,0.0,0.0,0.30469274520874023,0.30469274520874023,0.304692804813385,0.30469274520874023,0.2782336473464966,0.04114978387951851,0.04114978387951851,0.4412115514278412,-0.04017656669020653,-0.03587793931365013,0.04402143135666847,0.0,0.0,0.0,0.0,0.0,0.0,0.0
61658083889,0,-0.01895831525325775,-0.13144586980342865,-0.1091623604297638,-0.01895831525325775,-0.13144586980342865,-0.8091623783111572,-0.012159536592662334,0.010780486278235912,0.013478776440024376,0.0,0.0,0.0,-0.0035509001463651657,-0.007056524511426687,2.3690590858459473,0.0,0.0,2.3690590858459473,-0.0023804139345884323,-0.0002885443391278386,0.0037004011683166027,0.028018822893500328,0.056041598320007324,1.977978627110133e-06,0.0,0.0,0.0,-1.5103460550308228,10.056588172912598,0.07298469543457031,9.8013277053833,1.5407893657684326,-10.0,-9.877388954162598,11.881567001342773,2.0,2.0,20.565675735473633,0.2989746034145355,0.28977540135383606,0.30357420444488525,0.29590821266174316,0.0,0.30469265580177307,0.30469265580177307,0.30469265580177307,0.30469265580177307,0.0,-0.04385792464017868,0.05637167766690254,-9.906221389770508,0.0,0.0,0.0,0.0,0.0,0.0,0.0,0.0,0.0,0.0,0.0,0.0,0.0,0.0,0.0,0.30469274520874023,0.30469274520874023,0.304692804813385,0.30469274520874023,0.2783662676811218,0.04114978387951851,0.04114978387951851,0.4411546587944031,-0.04017656669020653,-0.03587793931365013,0.04402143135666847,0.0,0.0,0.0,0.0,0.0,0.0,0.0
61667413032,0,-0.018952596932649612,-0.1314745843410492,-0.10914459079504013,-0.018952596932649612,-0.1314745843410492,-0.8091445565223694,-0.012289412319660187,0.010458309203386307,0.012681095860898495,0.0,0.0,0.0,-0.0035241106525063515,-0.007033009547740221,2.369067668914795,0.0,0.0,2.369067668914795,-0.0014579815324395895,-2.452137414366007e-05,0.0030927215702831745,0.028089838102459908,0.05575750768184662,2.4066259356914088e-05,0.0,0.0,0.0,-1.5110446214675903,10.056010246276855,0.07377910614013672,9.80130386352539,1.5403255224227905,-10.0,-9.877344131469727,11.85876178741455,2.0,2.0,20.586660385131836,0.2989746034145355,0.28977540135383606,0.30357420444488525,0.29590821266174316,0.0,0.30469265580177307,0.30469265580177307,0.30469265580177307,0.30469265580177307,0.0,-0.04483979940414429,0.04899461567401886,-9.867386817932129,0.0,0.0,0.0,0.0,0.0,0.0,0.0,0.0,0.0,0.0,0.0,0.0,0.0,0.0,0.0,0.30469274520874023,0.30469274520874023,0.304692804813385,0.30469274520874023,0.2783662676811218,0.04114978387951851,0.04114978387951851,0.4411546587944031,0.01933412440121174,-0.007310997694730759,-0.005525447893887758,0.0,0.0,0.0,0.0,0.0,0.0,0.0
61677433506,0,-0.018952596932649612,-0.1314745843410492,-0.10914459079504013,-0.018952596932649612,-0.1314745843410492,-0.8091445565223694,-0.012289412319660187,0.010458309203386307,0.012681095860898495,0.0,0.0,0.0,-0.0035241106525063515,-0.007033009547740221,2.369067668914795,0.0,0.0,2.369067668914795,-0.0014579815324395895,-2.452137414366007e-05,0.0030927215702831745,0.028089838102459908,0.05575750768184662,2.4066259356914088e-05,0.0,0.0,0.0,-1.5110446214675903,10.056010246276855,0.07377910614013672,9.80130386352539,1.5403255224227905,-10.0,-9.877344131469727,11.85876178741455,2.0,2.0,20.586660385131836,0.2989746034145355,0.28977540135383606,0.30357420444488525,0.29590821266174316,0.0,0.30469265580177307,0.30469265580177307,0.30469265580177307,0.30469265580177307,0.0,-0.05596361681818962,0.009242170490324497,-9.789320945739746,0.0,0.0,0.0,0.0,0.0,0.0,0.0,0.0,0.0,0.0,0.0,0.0,0.0,0.0,0.0,0.30469274520874023,0.30469274520874023,0.304692804813385,0.30469274520874023,0.2779206335544586,0.04114978387951851,0.04114978387951851,0.44153276085853577,0.01933412440121174,-0.007310997694730759,-0.005525447893887758,0.0,0.0,0.0,0.0,0.0,0.0,0.0
61687496759,0,-0.018952596932649612,-0.1314745843410492,-0.10914459079504013,-0.018952596932649612,-0.1314745843410492,-0.8091445565223694,-0.012289412319660187,0.010458309203386307,0.012681095860898495,0.0,0.0,0.0,-0.0035241106525063515,-0.007033009547740221,2.369067668914795,0.0,0.0,2.369067668914795,-0.001545116538181901,0.001201431849040091,0.002100143115967512,0.028089838102459908,0.05575750768184662,2.4066259356914088e-05,0.0,0.0,0.0,-1.5087822675704956,10.053563117980957,0.0748739242553711,9.801198959350586,1.5391318798065186,-10.0,-9.877248764038086,11.82973575592041,2.0,2.0,20.60761260986328,0.2989746034145355,0.28977540135383606,0.30357420444488525,0.29590821266174316,0.0,0.30469265580177307,0.30469265580177307,0.30469265580177307,0.30469265580177307,0.0,-0.05596361681818962,0.009242170490324497,-9.789320945739746,0.0,0.0,0.0,0.0,0.0,0.0,0.0,0.0,0.0,0.0,0.0,0.0,0.0,0.0,0.0,0.30469274520874023,0.30469274520874023,0.304692804813385,0.30469274520874023,0.27735304832458496,0.04114978387951851,0.04114978387951851,0.4419097304344177,-0.015177286230027676,0.04752298817038536,-0.04142140597105026,0.0,0.0,0.0,0.0,0.0,0.0,0.0
61697658659,0,-0.01894761435687542,-0.13152475655078888,-0.10911335796117783,-0.01894761435687542,-0.13152475655078888,-0.8091133236885071,-0.011751952581107616,0.0104356175288558,0.012604488991200924,0.0,0.0,0.0,-0.0035454249009490013,-0.006992036011070013,2.3691041469573975,0.0,0.0,2.3691041469573975,-0.003425027010962367,0.0010706535540521145,-0.0006815663073211908,0.02865271270275116,0.055240124464035034,-2.0230614609317854e-05,0.0,0.0,0.0,-1.5087822675704956,10.053563117980957,0.0748739242553711,9.801198959350586,1.5391318798065186,-10.0,-9.877248764038086,11.82973575592041,2.0,2.0,20.60761260986328,0.2989746034145355,0.28977540135383606,0.30357420444488525,0.29590821266174316,0.0,0.30469265580177307,0.30469265580177307,0.30469265580177307,0.30469265580177307,0.0,-0.08833064138889313,-0.006068459711968899,-9.798078536987305,0.0,0.0,0.0,0.0,0.0,0.0,0.0,0.0,0.0,0.0,0.0,0.0,0.0,0.0,0.0,0.30469274520874023,0.30469274520874023,0.304692804813385,0.30469274520874023,0.27735304832458496,0.04114978387951851,0.04114978387951851,0.4419097304344177,-0.07465500384569168,0.012423427775502205,-0.11234276741743088,0.0,0.0,0.0,0.0,0.0,0.0,0.0
61707519649,0,-0.018916621804237366,-0.13160718977451324,-0.10905949771404266,-0.018916621804237366,-0.13160718977451324,-0.8090595006942749,-0.010413726791739464,0.010617897845804691,0.01256659347563982,0.0,0.0,0.0,-0.003671604208648205,-0.006926835514605045,2.36905837059021,0.0,0.0,2.369058609008789,-0.003425027010962367,0.0010706535540521145,-0.0006815663073211908,0.02918900176882744,0.0550682358443737,2.819862129399553e-05,0.0,0.0,0.0,-1.5044499635696411,10.053873062133789,0.07776451110839844,9.801112174987793,1.5378105640411377,-10.0,-9.87722110748291,11.761404991149902,2.0,2.0,20.6765193939209,0.2989746034145355,0.28977540135383606,0.30357420444488525,0.29590821266174316,0.0,0.30469265580177307,0.30469265580177307,0.30469265580177307,0.30469265580177307,0.0,-0.08833064138889313,-0.006068459711968899,-9.798078536987305,0.0,0.0,0.0,0.0,0.0,0.0,0.0,0.0,0.0,0.0,0.0,0.0,0.0,0.0,0.0,0.30469274520874023,0.30469274520874023,0.304692804813385,0.30469274520874023,0.2760164141654968,0.04114978387951851,0.04114978387951851,0.44314998388290405,-0.07465500384569168,0.012423427775502205,-0.11234276741743088,0.0,0.0,0.0,0.0,0.0,0.0,0.0
61717592640,0,-0.018898749724030495,-0.13163550198078156,-0.10905133932828903,-0.018898749724030495,-0.13163550198078156,-0.8090513348579407,-0.010059856809675694,0.010563052259385586,0.011924545280635357,0.0,0.0,0.0,-0.003702600719407201,-0.006917130667716265,2.369011878967285,0.0,0.0,2.369011878967285,-0.003833538154140115,0.0008939160034060478,-0.0016648260643705726,0.029435820877552032,0.05499088391661644,7.173584890551865e-05,0.0,0.0,0.0,-1.5035197734832764,10.054245948791504,0.07852649688720703,9.801115036010742,1.5372234582901,-10.0,-9.87724494934082,11.74352741241455,2.0,2.0,20.69550323486328,0.2989746034145355,0.28977540135383606,0.30357420444488525,0.29590821266174316,0.0,0.30469265580177307,0.30469265580177307,0.30469265580177307,0.30469265580177307,0.0,-0.08833064138889313,-0.006068459711968899,-9.798078536987305,0.0,0.0,0.0,0.0,0.0,0.0,0.0,0.0,0.0,0.0,0.0,0.0,0.0,0.0,0.0,0.30469274520874023,0.30469274520874023,0.304692804813385,0.30469274520874023,0.2760164141654968,0.04114978387951851,0.04114978387951851,0.44314998388290405,-0.06422841548919678,-0.00046872501843608916,-0.11224061250686646,0.0,0.0,0.0,0.0,0.0,0.0,0.0
61727570559,0,-0.018898749724030495,-0.13163550198078156,-0.10905133932828903,-0.018898749724030495,-0.13163550198078156,-0.8090513348579407,-0.010059856809675694,0.010563052259385586,0.011924545280635357,0.0,0.0,0.0,-0.003702600719407201,-0.006917130667716265,2.369011878967285,0.0,0.0,2.369011878967285,-0.0010657384991645813,0.0011447708820924163,-0.0019720173440873623,0.029435820877552032,0.05499088391661644,7.173584890551865e-05,0.0,0.0,0.0,-1.5068060159683228,10.053228378295898,0.07795524597167969,9.801236152648926,1.5358824729919434,-10.0,-9.877325057983398,11.751687049865723,2.0,2.0,20.68435287475586,0.2989746034145355,0.28977540135383606,0.30357420444488525,0.29590821266174316,0.0,0.30469265580177307,0.30469265580177307,0.30469265580177307,0.30469265580177307,0.0,-0.06913051009178162,-0.02052038349211216,-9.887544631958008,0.0,0.0,0.0,0.0,0.0,0.0,0.0,0.0,0.0,0.0,0.0,0.0,0.0,0.0,0.0,0.30469274520874023,0.30469274520874023,0.304692804813385,0.30469274520874023,0.27582603693008423,0.04114978387951851,0.04114978387951851,0.4432908296585083,0.09148135036230087,0.012640626169741154,-0.03628560155630112,0.0,0.0,0.0,0.0,0.0,0.0,0.0
61737440778,0,-0.01885542832314968,-0.1316886693239212,-0.1090521514415741,-0.01885542832314968,-0.1316886693239212,-0.8090521097183228,-0.00942911859601736,0.010003406554460526,0.009904637932777405,0.0,0.0,0.0,-0.0036384565755724907,-0.006855284795165062,2.3689918518066406,0.0,0.0,2.3689918518066406,0.0012017241679131985,0.0002930799382738769,-0.001144934562034905,0.028925543650984764,0.054499413818120956,3.246058622607961e-05,0.0,0.0,0.0,-1.5096642971038818,10.054814338684082,0.07676029205322266,9.801284790039062,1.5358824729919434,-10.0,-9.877325057983398,11.781017303466797,2.0,2.0,20.660381317138672,0.2989746034145355,0.28977540135383606,0.30357420444488525,0.29590821266174316,0.0,0.30469265580177307,0.30469265580177307,0.30469265580177307,0.30469265580177307,0.0,-0.08249128609895706,-0.013687004335224628,-9.877257347106934,0.0,0.0,0.0,0.0,0.0,0.0,0.0,0.0,0.0,0.0,0.0,0.0,0.0,0.0,0.0,0.30469274520874023,0.30469274520874023,0.304692804813385,0.30469274520874023,0.27582603693008423,0.04114978387951851,0.04114978387951851,0.4432908296585083,0.1583479940891266,-0.03382458537817001,0.018589843064546585,0.0,0.0,0.0,0.0,0.0,0.0,0.0
61747345871,0,-0.01885542832314968,-0.1316886693239212,-0.1090521514415741,-0.01882990635931492,-0.13171346485614777,-0.8090640306472778,-0.00942911859601736,0.010003406554460526,0.009904637932777405,0.0,0.0,0.0,-0.0036384565755724907,-0.006855284795165062,2.3689918518066406,0.0,0.0,2.368983745574951,0.0012017241679131985,0.0002930799382738769,-0.001144934562034905,0.028925543650984764,0.054499413818120956,3.246058622607961e-05,0.0,0.0,0.0,-1.5096642971038818,10.054814338684082,0.07676029205322266,9.801284790039062,1.535339593887329,-10.0,-9.87735366821289,11.781017303466797,2.0,2.0,20.660381317138672,0.2989746034145355,0.28977540135383606,0.30357420444488525,0.29590821266174316,0.0,0.30469265580177307,0.30469265580177307,0.30469265580177307,0.30469265580177307,0.0,-0.08249128609895706,-0.013687004335224628,-9.877257347106934,0.0,0.0,0.0,0.0,0.0,0.0,0.0,0.0,0.0,0.0,0.0,0.0,0.0,0.0,0.0,0.30469274520874023,0.30469274520874023,0.304692804813385,0.30469274520874023,0.27640005946159363,0.04114978387951851,0.04114978387951851,0.4428596496582031,0.1583479940891266,-0.03382458537817001,0.018589843064546585,0.0,0.0,0.0,0.0,0.0,0.0,0.0
61757549220,0,-0.01882990635931492,-0.13171346485614777,-0.1090640276670456,-0.01882990635931492,-0.13171346485614777,-0.8090640306472778,-0.008725395426154137,0.010125597938895226,0.009298713877797127,0.0,0.0,0.0,-0.003579973243176937,-0.006889265961945057,2.368983745574951,0.0,0.0,2.368983745574951,0.0018821045523509383,-0.001048240577802062,0.0022682962007820606,0.028460530564188957,0.0547696016728878,2.443950143060647e-05,0.0,0.0,0.0,-1.5096642971038818,10.054814338684082,0.07676029205322266,9.801284790039062,1.535339593887329,-10.0,-9.87735366821289,11.781017303466797,2.0,2.0,20.660381317138672,0.2989746034145355,0.28977540135383606,0.30357420444488525,0.29590821266174316,0.0,0.30469265580177307,0.30469265580177307,0.30469265580177307,0.30469265580177307,0.0,-0.056652408093214035,-0.037912677973508835,-9.835363388061523,0.0,0.0,0.0,0.0,0.0,0.0,0.0,0.0,0.0,0.0,0.0,0.0,0.0,0.0,0.0,0.30469274520874023,0.30469274520874023,0.304692804813385,0.30469274520874023,0.27640005946159363,0.04114978387951851,0.04114978387951851,0.4428596496582031,0.05010262504220009,-0.07263441383838654,0.13210529088974,0.0,0.0,0.0,0.0,0.0,0.0,0.0
61767528160,0,-0.01882990635931492,-0.13171346485614777,-0.1090640276670456,-0.018765587359666824,-0.1317637860774994,-0.8090920448303223,-0.008725395426154137,0.010125597938895226,0.009298713877797127,0.0,0.0,0.0,-0.003579973243176937,-0.006889265961945057,2.368983745574951,0.0,0.0,2.3690433502197266,0.0018821045523509383,-0.001048240577802062,0.0022682962007820606,0.028460530564188957,0.0547696016728878,2.443950143060647e-05,0.0,0.0,0.0,-1.5079073905944824,10.056685447692871,0.07298755645751953,9.8013277053833,1.5341318845748901,-10.0,-9.877344131469727,11.885470390319824,2.0,2.0,20.561885833740234,0.2989746034145355,0.28977540135383606,0.30357420444488525,0.29590821266174316,0.0,0.30469265580177307,0.30469265580177307,0.30469265580177307,0.30469265580177307,0.0,-0.056652408093214035,-0.037912677973508835,-9.835363388061523,0.0,0.0,0.0,0.0,0.0,0.0,0.0,0.0,0.0,0.0,0.0,0.0,0.0,0.0,0.0,0.30469274520874023,0.30469274520874023,0.304692804813385,0.30469274520874023,0.2784426808357239,0.04114978387951851,0.04114978387951851,0.44108644127845764,0.05010262504220009,-0.07263441383838654,0.13210529088974,0.0,0.0,0.0,0.0,0.0,0.0,0.0
61777777853,0,-0.018765587359666824,-0.1317637860774994,-0.10909207165241241,-0.018765587359666824,-0.1317637860774994,-0.8090920448303223,-0.008070772513747215,0.010289400815963745,0.009495357982814312,0.0,0.0,0.0,-0.0035705873742699623,-0.006896480452269316,2.3690431118011475,0.0,0.0,2.3690433502197266,0.0009050054359249771,-0.001229570829309523,0.004577213432639837,0.028607642278075218,0.05491062253713608,-8.274757419712842e-06,0.0,0.0,0.0,-1.5055197477340698,10.055898666381836,0.07128238677978516,9.80136489868164,1.5329922437667847,-10.0,-9.877215385437012,11.932555198669434,2.0,2.0,20.512117385864258,0.2989746034145355,0.28977540135383606,0.30357420444488525,0.29590821266174316,0.0,0.30469265580177307,0.30469265580177307,0.30469265580177307,0.30469265580177307,0.0,-0.03913266956806183,0.022630929946899414,-9.773262977600098,0.0,0.0,0.0,0.0,0.0,0.0,0.0,0.0,0.0,0.0,0.0,0.0,0.0,0.0,0.0,0.30469274520874023,0.30469274520874023,0.304692804813385,0.30469274520874023,0.27936258912086487,0.04114978387951851,0.04114978387951851,0.4401901066303253,-0.012496016919612885,-0.007992777973413467,0.1135513037443161,0.0,0.0,0.0,0.0,0.0,0.0,0.0
61787371152,0,-0.018684256821870804,-0.13183097541332245,-0.10910892486572266,-0.018684256821870804,-0.13183097541332245,-0.8091089129447937,-0.008062414824962616,0.010149024426937103,0.010387985967099667,0.0,0.0,0.0,-0.003593927249312401,-0.006901076529175043,2.369119167327881,0.0,0.0,2.369119167327881,0.0009050054359249771,-0.001229570829309523,0.004577213432639837,0.028252582997083664,0.05458945780992508,6.192613568600791e-07,0.0,0.0,0.0,-1.5055197477340698,10.055898666381836,0.07128238677978516,9.80136489868164,1.5329922437667847,-10.0,-9.877215385437012,11.932555198669434,2.0,2.0,20.512117385864258,0.2989746034145355,0.28977540135383606,0.30357420444488525,0.29590821266174316,0.0,0.30469265580177307,0.30469265580177307,0.30469265580177307,0.30469265580177307,0.0,-0.029975418001413345,0.028471646830439568,-9.799087524414062,0.0,0.0,0.0,0.0,0.0,0.0,0.0,0.0,0.0,0.0,0.0,0.0,0.0,0.0,0.0,0.30469274520874023,0.30469274520874023,0.304692804813385,0.30469274520874023,0.27936258912086487,0.04114978387951851,0.04114978387951851,0.4401901066303253,-0.012496016919612885,-0.007992777973413467,0.1135513037443161,0.0,0.0,0.0,0.0,0.0,0.0,0.0
61797700710,0,-0.01858784258365631,-0.13191530108451843,-0.10911928117275238,-0.01858784258365631,-0.13191530108451843,-0.8091192841529846,-0.008312352001667023,0.009460893459618092,0.010264098644256592,0.0,0.0,0.0,-0.0035493646282702684,-0.006861137691885233,2.369161605834961,0.0,0.0,2.369161605834961,0.0011596496915444732,-0.0006978452438488603,0.00452843401581049,0.0282170157879591,0.05454607307910919,5.086649707664037e-06,0.0,0.0,0.0,-1.505356788635254,10.055086135864258,0.07177734375,9.801384925842285,1.5329922437667847,-10.0,-9.877215385437012,11.918556213378906,2.0,2.0,20.52347755432129,0.2989746034145355,0.28977540135383606,0.30357420444488525,0.29590821266174316,0.0,0.30469265580177307,0.30469265580177307,0.30469265580177307,0.30469265580177307,0.0,-0.029975418001413345,0.028471646830439568,-9.799087524414062,0.0,0.0,0.0,0.0,0.0,0.0,0.0,0.0,0.0,0.0,0.0,0.0,0.0,0.0,0.0,0.30469274520874023,0.30469274520874023,0.304692804813385,0.30469274520874023,0.27936258912086487,0.04114978387951851,0.04114978387951851,0.4401901066303253,0.003643554402515292,0.015767164528369904,0.057768914848566055,0.0,0.0,0.0,0.0,0.0,0.0,0.0
61807400594,0,-0.01858784258365631,-0.13191530108451843,-0.10911928117275238,-0.01858784258365631,-0.13191530108451843,-0.8091192841529846,-0.008312352001667023,0.009460893459618092,0.010264098644256592,0.0,0.0,0.0,-0.0035493646282702684,-0.006861137691885233,2.369161605834961,0.0,0.0,2.369161605834961,0.0015854599187150598,0.00016255362424999475,0.0036365725100040436,0.0282170157879591,0.05454607307910919,5.086649707664037e-06,0.0,0.0,0.0,-1.505089521408081,10.053814888000488,0.07297134399414062,9.801422119140625,1.5312433242797852,-10.0,-9.876988410949707,11.885698318481445,2.0,2.0,20.552202224731445,0.2989746034145355,0.28977540135383606,0.30357420444488525,0.29590821266174316,0.0,0.30469265580177307,0.30469265580177307,0.30469265580177307,0.30469265580177307,0.0,-0.03207967430353165,0.058143243193626404,-9.853168487548828,0.0,0.0,0.0,0.0,0.0,0.0,0.0,0.0,0.0,0.0,0.0,0.0,0.0,0.0,0.0,0.30469274520874023,0.30469274520874023,0.304692804813385,0.30469274520874023,0.27844712138175964,0.04114978387951851,0.04114978387951851,0.4409120976924896,0.019083339720964432,0.035264816135168076,-0.015127039514482021,0.0,0.0,0.0,0.0,0.0,0.0,0.0
61817345522,0,-0.01850917376577854,-0.13198979198932648,-0.10913852602243423,-0.01850917376577854,-0.13198979198932648,-0.8091385364532471,-0.008530167862772942,0.009128586389124393,0.009029760025441647,0.0,0.0,0.0,-0.003513303818181157,-0.006833943538367748,2.3692097663879395,0.0,0.0,2.3692097663879395,0.001569290878251195,0.00021443478181026876,0.002784125041216612,0.02793007344007492,0.054329998791217804,-2.4542943720007315e-05,0.0,0.0,0.0,-1.505089521408081,10.053814888000488,0.07297134399414062,9.801422119140625,1.5312433242797852,-10.0,-9.876988410949707,11.862908363342285,2.0,2.0,20.575117111206055,0.2989746034145355,0.28977540135383606,0.30357420444488525,0.29590821266174316,0.0,0.30469265580177307,0.30469265580177307,0.30469265580177307,0.30469265580177307,0.0,-0.014034083113074303,0.049683697521686554,-9.848126411437988,0.0,0.0,0.0,0.0,0.0,0.0,0.0,0.0,0.0,0.0,0.0,0.0,0.0,0.0,0.0,0.30469274520874023,0.30469274520874023,0.304692804813385,0.30469274520874023,0.27844712138175964,0.04114978387951851,0.04114978387951851,0.4409120976924896,0.011842317879199982,0.01863870583474636,-0.04653206095099449,0.0,0.0,0.0,0.0,0.0,0.0,0.0
61827436836,0,-0.01850917376577854,-0.13198979198932648,-0.10913852602243423,-0.01850917376577854,-0.13198979198932648,-0.8091385364532471,-0.008530167862772942,0.009128586389124393,0.009029760025441647,0.0,0.0,0.0,-0.003513303818181157,-0.006833943538367748,2.3692097663879395,0.0,0.0,2.3692097663879395,0.001569290878251195,0.00021443478181026876,0.002784125041216612,0.02793007344007492,0.054329998791217804,-2.4542943720007315e-05,0.0,0.0,0.0,-1.5046299695968628,10.053872108459473,0.07387351989746094,9.80144214630127,1.530636191368103,-10.0,-9.876931190490723,11.862908363342285,2.0,2.0,20.575117111206055,0.2989746034145355,0.28977540135383606,0.30357420444488525,0.29590821266174316,0.0,0.30469265580177307,0.30469265580177307,0.30469265580177307,0.30469265580177307,0.0,-0.014034083113074303,0.049683697521686554,-9.848126411437988,0.0,0.0,0.0,0.0,0.0,0.0,0.0,0.0,0.0,0.0,0.0,0.0,0.0,0.0,0.0,0.30469274520874023,0.30469274520874023,0.304692804813385,0.30469274520874023,0.27800148725509644,0.04114978387951851,0.04114978387951851,0.4413248300552368,0.011842317879199982,0.01863870583474636,-0.04653206095099449,0.0,0.0,0.0,0.0,0.0,0.0,0.0
61838210622,0,-0.018482834100723267,-0.1320163905620575,-0.10915523022413254,-0.018482834100723267,-0.1320163905620575,-0.8091552257537842,-0.008797860704362392,0.009250553324818611,0.008700109086930752,0.0,0.0,0.0,-0.003483555279672146,-0.006826810538768768,2.369213581085205,0.0,0.0,2.369213581085205,0.001241956022568047,0.0007248818874359131,0.0017188726924359798,0.027693884447216988,0.05427313596010208,9.879686331260018e-06,0.0,0.0,0.0,-1.5035851001739502,10.052886962890625,0.07493972778320312,9.801459312438965,1.530636191368103,-10.0,-9.876931190490723,11.835071563720703,2.0,2.0,20.59967803955078,0.2989746034145355,0.28977540135383606,0.30357420444488525,0.29590821266174316,0.0,0.30469265580177307,0.30469265580177307,0.30469265580177307,0.30469265580177307,0.0,-0.013107030652463436,0.04648291692137718,-9.768633842468262,0.0,0.0,0.0,0.0,0.0,0.0,0.0,0.0,0.0,0.0,0.0,0.0,0.0,0.0,0.0,0.30469274520874023,0.30469274520874023,0.304692804813385,0.30469274520874023,0.27800148725509644,0.04114978387951851,0.04114978387951851,0.4413248300552368,-0.010129977948963642,0.0373380221426487,-0.07688374817371368,0.0,0.0,0.0,0.0,0.0,0.0,0.0
61847305801,0,-0.018482834100723267,-0.1320163905620575,-0.10915523022413254,-0.01843581348657608,-0.1320699155330658,-0.8091880083084106,-0.008797860704362392,0.009250553324818611,0.008700109086930752,0.0,0.0,0.0,-0.003483555279672146,-0.006826810538768768,2.369213581085205,0.0,0.0,2.369161605834961,0.0004467709513846785,0.0014198527205735445,0.0006533893756568432,0.02785802260041237,0.05373485013842583,1.5470272046513855e-05,0.0,0.0,0.0,-1.5017740726470947,10.051726341247559,0.07586288452148438,9.801480293273926,1.5294995307922363,-10.0,-9.876880645751953,11.811895370483398,2.0,2.0,20.618955612182617,0.2989746034145355,0.28977540135383606,0.30357420444488525,0.29590821266174316,0.0,0.30469265580177307,0.30469265580177307,0.30469265580177307,0.30469265580177307,0.0,-0.013107030652463436,0.04648291692137718,-9.768633842468262,0.0,0.0,0.0,0.0,0.0,0.0,0.0,0.0,0.0,0.0,0.0,0.0,0.0,0.0,0.0,0.30469274520874023,0.30469274520874023,0.304692804813385,0.30469274520874023,0.27700406312942505,0.04114978387951851,0.04114978387951851,0.4421141445636749,-0.03951159119606018,0.047941990196704865,-0.09042125940322876,0.0,0.0,0.0,0.0,0.0,0.0,0.0
61858116237,0,-0.01843581348657608,-0.1320699155330658,-0.1091880053281784,-0.01841575838625431,-0.13209693133831024,-0.8091979622840881,-0.00923914834856987,0.009490333497524261,0.009058591909706593,0.0,0.0,0.0,-0.0034939656034111977,-0.006745400372892618,2.369161605834961,0.0,0.0,2.369141101837158,0.0004467709513846785,0.0014198527205735445,0.0006533893756568432,0.02785802260041237,0.05373485013842583,1.5470272046513855e-05,0.0,0.0,0.0,-1.5017740726470947,10.051726341247559,0.07586288452148438,9.801480293273926,1.5294995307922363,-10.0,-9.876880645751953,11.811895370483398,2.0,2.0,20.618955612182617,0.2989746034145355,0.28977540135383606,0.30357420444488525,0.29590821266174316,0.0,0.30469265580177307,0.30469265580177307,0.30469265580177307,0.30469265580177307,0.0,-0.013107030652463436,0.04648291692137718,-9.768633842468262,0.0,0.0,0.0,0.0,0.0,0.0,0.0,0.0,0.0,0.0,0.0,0.0,0.0,0.0,0.0,0.30469274520874023,0.30469274520874023,0.304692804813385,0.30469274520874023,0.27700406312942505,0.04114978387951851,0.04114978387951851,0.4421141445636749,-0.03951159119606018,0.047941990196704865,-0.09042125940322876,0.0,0.0,0.0,0.0,0.0,0.0,0.0
61867816605,0,-0.01841575838625431,-0.13209693133831024,-0.1091979593038559,-0.01841575838625431,-0.13209693133831024,-0.8091979622840881,-0.00973215140402317,0.009416409768164158,0.009891439229249954,0.0,0.0,0.0,-0.003526638960465789,-0.006756963673979044,2.369141101837158,0.0,0.0,2.369141101837158,1.6258469258900732e-05,-0.00033589062513783574,-0.0017991067143157125,0.027647243812680244,0.053841330111026764,1.3450942788040265e-05,0.0,0.0,0.0,-1.500536561012268,10.054696083068848,0.0777597427368164,9.801605224609375,1.5294995307922363,-10.0,-9.876880645751953,11.7689847946167,2.0,2.0,20.671268463134766,0.2989746034145355,0.28977540135383606,0.30357420444488525,0.29590821266174316,0.0,0.30469265580177307,0.30469265580177307,0.30469265580177307,0.30469265580177307,0.0,-0.02523372322320938,0.042250245809555054,-9.784574508666992,0.0,0.0,0.0,0.0,0.0,0.0,0.0,0.0,0.0,0.0,0.0,0.0,0.0,0.0,0.0,0.30469274520874023,0.30469274520874023,0.304692804813385,0.30469274520874023,0.27616456151008606,0.04114978387951851,0.04114978387951851,0.44305533170700073,-0.015101460739970207,-0.05160237476229668,-0.10967793315649033,0.0,0.0,0.0,0.0,0.0,0.0,0.0
61877421457,0,-0.01838947832584381,-0.13215012848377228,-0.10920703411102295,-0.01838947832584381,-0.13215012848377228,-0.809207022190094,-0.010623043403029442,0.008788351900875568,0.010558858513832092,0.0,0.0,0.0,-0.003493904136121273,-0.006785644683986902,2.3691000938415527,0.0,0.0,2.3691000938415527,0.0005426477291621268,-0.0009417354594916105,-0.0017652573296800256,0.027582237496972084,0.05378485843539238,1.1297988748992793e-05,0.0,0.0,0.0,-1.5008864402770996,10.055262565612793,0.0771627426147461,9.801651954650879,1.5277087688446045,-10.0,-9.876956939697266,11.784963607788086,2.0,2.0,20.657150268554688,0.2989746034145355,0.28977540135383606,0.30357420444488525,0.29590821266174316,0.0,0.30469265580177307,0.30469265580177307,0.30469265580177307,0.30469265580177307,0.0,-0.02523372322320938,0.042250245809555054,-9.784574508666992,0.0,0.0,0.0,0.0,0.0,0.0,0.0,0.0,0.0,0.0,0.0,0.0,0.0,0.0,0.0,0.30469274520874023,0.30469274520874023,0.304692804813385,0.30469274520874023,0.2764773368835449,0.04114978387951851,0.04114978387951851,0.44280141592025757,0.021725228056311607,-0.053584251552820206,-0.05255716294050217,0.0,0.0,0.0,0.0,0.0,0.0,0.0
61887465174,0,-0.01838947832584381,-0.13215012848377228,-0.10920703411102295,-0.01838947832584381,-0.13215012848377228,-0.809207022190094,-0.010623043403029442,0.008788351900875568,0.010558858513832092,0.0,0.0,0.0,-0.003493904136121273,-0.006785644683986902,2.3691000938415527,0.0,0.0,2.3691000938415527,-0.00023646058980375528,0.0005007013096474111,0.0001247167820110917,0.027905482798814774,0.05329098179936409,-1.9937519027735107e-05,0.0,0.0,0.0,-1.4981683492660522,10.052292823791504,0.07459068298339844,9.801689147949219,1.5277087688446045,-10.0,-9.876956939697266,11.851736068725586,2.0,2.0,20.580669403076172,0.2989746034145355,0.28977540135383606,0.30357420444488525,0.29590821266174316,0.0,0.30469265580177307,0.30469265580177307,0.30469265580177307,0.30469265580177307,0.0,-0.0398227721452713,0.04069822281599045,-9.847102165222168,0.0,0.0,0.0,0.0,0.0,0.0,0.0,0.0,0.0,0.0,0.0,0.0,0.0,0.0,0.0,0.30469274520874023,0.30469274520874023,0.304692804813385,0.30469274520874023,0.2764773368835449,0.04114978387951851,0.04114978387951851,0.44280141592025757,-0.023926321417093277,0.049757350236177444,0.06079793721437454,0.0,0.0,0.0,0.0,0.0,0.0,0.0
61897598752,0,-0.01838947832584381,-0.13215012848377228,-0.10920703411102295,-0.01838947832584381,-0.13215012848377228,-0.809207022190094,-0.010623043403029442,0.008788351900875568,0.010558858513832092,0.0,0.0,0.0,-0.003493904136121273,-0.006785644683986902,2.3691000938415527,0.0,0.0,2.3691000938415527,-0.00023646058980375528,0.0005007013096474111,0.0001247167820110917,0.027905482798814774,0.05329098179936409,-1.9937519027735107e-05,0.0,0.0,0.0,-1.4981683492660522,10.052292823791504,0.07459068298339844,9.801689147949219,1.5265495777130127,-10.0,-9.876996040344238,11.851736068725586,2.0,2.0,20.580669403076172,0.2989746034145355,0.28977540135383606,0.30357420444488525,0.29590821266174316,0.0,0.30469265580177307,0.30469265580177307,0.30469265580177307,0.30469265580177307,0.0,-0.0398227721452713,0.04069822281599045,-9.847102165222168,0.0,0.0,0.0,0.0,0.0,0.0,0.0,0.0,0.0,0.0,0.0,0.0,0.0,0.0,0.0,0.30469274520874023,0.30469274520874023,0.304692804813385,0.30469274520874023,0.2777833640575409,0.04114978387951851,0.04114978387951851,0.44142478704452515,-0.023926321417093277,0.049757350236177444,0.06079793721437454,0.0,0.0,0.0,0.0,0.0,0.0,0.0
61907721081,0,-0.01836559921503067,-0.13223129510879517,-0.1092224195599556,-0.01836559921503067,-0.13223129510879517,-0.809222400188446,-0.010539334267377853,0.008322293870151043,0.008788750506937504,0.0,0.0,0.0,-0.0034978892654180527,-0.006679279264062643,2.3691275119781494,0.0,0.0,2.3691275119781494,-0.0010896592866629362,0.002004151465371251,0.0010385917266830802,0.0280134417116642,0.052813734859228134,5.578599939326523e-06,0.0,0.0,0.0,-1.496298909187317,10.049908638000488,0.07377338409423828,9.801709175109863,1.525916576385498,-10.0,-9.876985549926758,11.872215270996094,2.0,2.0,20.55239486694336,0.2989746034145355,0.28977540135383606,0.30357420444488525,0.29590821266174316,0.0,0.30469265580177307,0.30469265580177307,0.30469265580177307,0.30469265580177307,0.0,-0.04136098921298981,0.03355589136481285,-9.865391731262207,0.0,0.0,0.0,0.0,0.0,0.0,0.0,0.0,0.0,0.0,0.0,0.0,0.0,0.0,0.0,0.30469274520874023,0.30469274520874023,0.304692804813385,0.30469274520874023,0.2781834304332733,0.04114978387951851,0.04114978387951851,0.44091564416885376,-0.051456891000270844,0.09008900076150894,0.07282202690839767,0.0,0.0,0.0,0.0,0.0,0.0,0.0
61918366855,0,-0.01835661567747593,-0.1322585791349411,-0.10923998057842255,-0.01835661567747593,-0.1322585791349411,-0.8092399835586548,-0.01028528157621622,0.008603665046393871,0.008299398235976696,0.0,0.0,0.0,-0.0035262168385088444,-0.006644048728048801,2.369119644165039,0.0,0.0,2.369119644165039,-0.0020458432845771313,0.0013716360554099083,0.0017845117254182696,0.0280134417116642,0.052813734859228134,5.578599939326523e-06,0.0,0.0,0.0,-1.4942501783370972,10.051411628723145,0.07315349578857422,9.801729202270508,1.525916576385498,-10.0,-9.876985549926758,11.894057273864746,2.0,2.0,20.53523063659668,0.2989746034145355,0.28977540135383606,0.30357420444488525,0.29590821266174316,0.0,0.30469265580177307,0.30469265580177307,0.30469265580177307,0.30469265580177307,0.0,-0.048675864934921265,0.0043608276173472404,-9.789908409118652,0.0,0.0,0.0,0.0,0.0,0.0,0.0,0.0,0.0,0.0,0.0,0.0,0.0,0.0,0.0,0.30469274520874023,0.30469274520874023,0.304692804813385,0.30469274520874023,0.2781834304332733,0.04114978387951851,0.04114978387951851,0.44091564416885376,-0.06564940512180328,0.01254004705697298,0.07026520371437073,0.0,0.0,0.0,0.0,0.0,0.0,0.0
61927678578,0,-0.01835661567747593,-0.1322585791349411,-0.10923998057842255,-0.01835661567747593,-0.1322585791349411,-0.8092399835586548,-0.01028528157621622,0.008603665046393871,0.008299398235976696,0.0,0.0,0.0,-0.0035262168385088444,-0.006644048728048801,2.369119644165039,0.0,0.0,2.369119644165039,-0.002301829634234309,0.00031337421387434006,0.002671248745173216,0.02842649817466736,0.05291341617703438,4.833225375477923e-06,0.0,0.0,0.0,-1.4935104846954346,10.053046226501465,0.07234477996826172,9.801746368408203,1.5246950387954712,-10.0,-9.876924514770508,11.918998718261719,2.0,2.0,20.515501022338867,0.2989746034145355,0.28977540135383606,0.30357420444488525,0.29590821266174316,0.0,0.30469265580177307,0.30469265580177307,0.30469265580177307,0.30469265580177307,0.0,-0.048675864934921265,0.0043608276173472404,-9.789908409118652,0.0,0.0,0.0,0.0,0.0,0.0,0.0,0.0,0.0,0.0,0.0,0.0,0.0,0.0,0.0,0.30469274520874023,0.30469274520874023,0.304692804813385,0.30469274520874023,0.2790977656841278,0.04114978387951851,0.04114978387951851,0.4402512013912201,-0.04562118649482727,-0.04457462206482887,0.08333456516265869,0.0,0.0,0.0,0.0,0.0,0.0,0.0
61937865985,0,-0.018287386745214462,-0.13237568736076355,-0.10932924598455429,-0.018287386745214462,-0.13237568736076355,-0.8093292117118835,-0.008885824121534824,0.00874374806880951,0.008842329494655132,0.0,0.0,0.0,-0.0035770083777606487,-0.00663855392485857,2.369262933731079,0.0,0.0,2.369262933731079,-0.0010436632437631488,0.0003081800532527268,0.0040223062969744205,0.02842649817466736,0.05291341617703438,4.833225375477923e-06,0.0,0.0,0.0,-1.4935104846954346,10.053046226501465,0.07234477996826172,9.801746368408203,1.5246950387954712,-10.0,-9.876924514770508,11.918998718261719,2.0,2.0,20.515501022338867,0.2989746034145355,0.28977540135383606,0.30357420444488525,0.29590821266174316,0.0,0.30469265580177307,0.30469265580177307,0.30469265580177307,0.30469265580177307,0.0,-0.0704181119799614,-0.009301443584263325,-9.758720397949219,0.0,0.0,0.0,0.0,0.0,0.0,0.0,0.0,0.0,0.0,0.0,0.0,0.0,0.0,0.0,0.30469274520874023,0.30469274520874023,0.304692804813385,0.30469274520874023,0.2790977656841278,0.04114978387951851,0.04114978387951851,0.4402512013912201,0.042538128793239594,0.0011723954230546951,0.062189843505620956,0.0,0.0,0.0,0.0,0.0,0.0,0.0
61949132859,0,-0.018287386745214462,-0.13237568736076355,-0.10932924598455429,-0.018287386745214462,-0.13237568736076355,-0.8093292117118835,-0.008885824121534824,0.00874374806880951,0.008842329494655132,0.0,0.0,0.0,-0.0035770083777606487,-0.00663855392485857,2.369262933731079,0.0,0.0,2.369262933731079,-0.00016120813961606473,0.0005030467873439193,0.003974135033786297,0.028436509892344475,0.05277671664953232,-2.9848681151634082e-05,0.0,0.0,0.0,-1.4944945573806763,10.05239486694336,0.07137107849121094,9.801783561706543,1.52347993850708,-10.0,-9.876799583435059,11.941882133483887,2.0,2.0,20.49062728881836,0.2989746034145355,0.28977540135383606,0.30357420444488525,0.29590821266174316,0.0,0.30469265580177307,0.30469265580177307,0.30469265580177307,0.30469265580177307,0.0,-0.07784467190504074,-0.0062954239547252655,-9.754985809326172,0.0,0.0,0.0,0.0,0.0,0.0,0.0,0.0,0.0,0.0,0.0,0.0,0.0,0.0,0.0,0.30469274520874023,0.30469274520874023,0.304692804813385,0.30469274520874023,0.2795449495315552,0.04114978387951851,0.04114978387951851,0.43980270624160767,0.05849631503224373,0.008330747485160828,0.0297764353454113,0.0,0.0,0.0,0.0,0.0,0.0,0.0
61958131922,0,-0.018250122666358948,-0.13241317868232727,-0.10934574156999588,-0.018250122666358948,-0.13241317868232727,-0.8093457221984863,-0.008454408496618271,0.008490272797644138,0.009201654233038425,0.0,0.0,0.0,-0.0035590145271271467,-0.00661624688655138,2.3693060874938965,0.0,0.0,2.3693060874938965,-0.00016120813961606473,0.0005030467873439193,0.003974135033786297,0.02828710712492466,0.052450940012931824,-1.5579978935420513e-05,0.0,0.0,0.0,-1.4949718713760376,10.052013397216797,0.07161521911621094,9.801803588867188,1.522841453552246,-10.0,-9.876725196838379,11.934134483337402,2.0,2.0,20.497182846069336,0.2989746034145355,0.28977540135383606,0.30357420444488525,0.29590821266174316,0.0,0.30469265580177307,0.30469265580177307,0.30469265580177307,0.30469265580177307,0.0,-0.07784467190504074,-0.0062954239547252655,-9.754985809326172,0.0,0.0,0.0,0.0,0.0,0.0,0.0,0.0,0.0,0.0,0.0,0.0,0.0,0.0,0.0,0.30469274520874023,0.30469274520874023,0.304692804813385,0.30469274520874023,0.27939367294311523,0.04114978387951851,0.04114978387951851,0.439921110868454,0.05849631503224373,0.008330747485160828,0.0297764353454113,0.0,0.0,0.0,0.0,0.0,0.0,0.0
61967465281,0,-0.018250122666358948,-0.13241317868232727,-0.10934574156999588,-0.018250122666358948,-0.13241317868232727,-0.8093457221984863,-0.008454408496618271,0.008490272797644138,0.009201654233038425,0.0,0.0,0.0,-0.0035590145271271467,-0.00661624688655138,2.3693060874938965,0.0,0.0,2.3693060874938965,0.0004768378275912255,4.500907380133867e-07,0.003129340708255768,0.02828710712492466,0.052450940012931824,-1.5579978935420513e-05,0.0,0.0,0.0,-1.4950791597366333,10.05268383026123,0.07268142700195312,9.801823616027832,1.522841453552246,-10.0,-9.876725196838379,11.907151222229004,2.0,2.0,20.526304244995117,0.2989746034145355,0.28977540135383606,0.30357420444488525,0.29590821266174316,0.0,0.30469265580177307,0.30469265580177307,0.30469265580177307,0.30469265580177307,0.0,-0.08570113778114319,0.024291101843118668,-9.81457233428955,0.0,0.0,0.0,0.0,0.0,0.0,0.0,0.0,0.0,0.0,0.0,0.0,0.0,0.0,0.0,0.30469274520874023,0.30469274520874023,0.304692804813385,0.30469274520874023,0.27939367294311523,0.04114978387951851,0.04114978387951851,0.439921110868454,0.062061160802841187,-0.020784830674529076,-0.022690970450639725,0.0,0.0,0.0,0.0,0.0,0.0,0.0
61977835134,0,-0.018250122666358948,-0.13241317868232727,-0.10934574156999588,-0.018250122666358948,-0.13241317868232727,-0.8093457221984863,-0.008454408496618271,0.008490272797644138,0.009201654233038425,0.0,0.0,0.0,-0.0035590145271271467,-0.00661624688655138,2.3693060874938965,0.0,0.0,2.3693060874938965,0.001273230998776853,-0.00018403574358671904,0.0019689523614943027,0.02828710712492466,0.052450940012931824,-1.5579978935420513e-05,0.0,0.0,0.0,-1.4954732656478882,10.052794456481934,0.0739736557006836,9.801846504211426,1.5216008424758911,-10.0,-9.876619338989258,11.872907638549805,2.0,2.0,20.56090545654297,0.2989746034145355,0.28977540135383606,0.30357420444488525,0.29590821266174316,0.0,0.30469265580177307,0.30469265580177307,0.30469265580177307,0.30469265580177307,0.0,-0.08570113778114319,0.024291101843118668,-9.81457233428955,0.0,0.0,0.0,0.0,0.0,0.0,0.0,0.0,0.0,0.0,0.0,0.0,0.0,0.0,0.0,0.30469274520874023,0.30469274520874023,0.304692804813385,0.30469274520874023,0.27819719910621643,0.04114978387951851,0.04114978387951851,0.4410689175128937,0.06954338401556015,-0.014614840969443321,-0.06383368372917175,0.0,0.0,0.0,0.0,0.0,0.0,0.0
61987595912,0,-0.01811673678457737,-0.1325336992740631,-0.10939419269561768,-0.01811673678457737,-0.1325336992740631,-0.8093941807746887,-0.00686195632442832,0.007727912627160549,0.008616721257567406,0.0,0.0,0.0,-0.0035056229680776596,-0.0065737622790038586,2.369318962097168,0.0,0.0,2.369318962097168,0.0014892637263983488,-4.211458144709468e-05,0.0009850518545135856,0.02828710712492466,0.052450940012931824,-1.5579978935420513e-05,0.0,0.0,0.0,-1.4949809312820435,10.052328109741211,0.07480430603027344,9.801895141601562,1.5216008424758911,-10.0,-9.876619338989258,11.85119915008545,2.0,2.0,20.581056594848633,0.2989746034145355,0.28977540135383606,0.30357420444488525,0.29590821266174316,0.0,0.30469265580177307,0.30469265580177307,0.30469265580177307,0.30469265580177307,0.0,-0.08570113778114319,0.024291101843118668,-9.81457233428955,0.0,0.0,0.0,0.0,0.0,0.0,0.0,0.0,0.0,0.0,0.0,0.0,0.0,0.0,0.0,0.30469274520874023,0.30469274520874023,0.304692804813385,0.30469274520874023,0.27819719910621643,0.04114978387951851,0.04114978387951851,0.4410689175128937,0.048968080431222916,-0.0017652198439463973,-0.08345671743154526,0.0,0.0,0.0,0.0,0.0,0.0,0.0
61997337352,0,-0.01811673678457737,-0.1325336992740631,-0.10939419269561768,-0.01811673678457737,-0.1325336992740631,-0.8093941807746887,-0.00686195632442832,0.007727912627160549,0.008616721257567406,0.0,0.0,0.0,-0.0035056229680776596,-0.0065737622790038586,2.369318962097168,0.0,0.0,2.369318962097168,0.0007543876999989152,-0.0013381458120420575,-0.0009431043872609735,0.02807563729584217,0.052268512547016144,4.514075499173487e-06,0.0,0.0,0.0,-1.4939793348312378,10.052722930908203,0.07589530944824219,9.801966667175293,1.5204732418060303,-10.0,-9.87660026550293,11.822418212890625,2.0,2.0,20.61603546142578,0.2989746034145355,0.28977540135383606,0.30357420444488525,0.29590821266174316,0.0,0.30469265580177307,0.30469265580177307,0.30469265580177307,0.30469265580177307,0.0,-0.07695690542459488,0.031042400747537613,-9.824522972106934,0.0,0.0,0.0,0.0,0.0,0.0,0.0,0.0,0.0,0.0,0.0,0.0,0.0,0.0,0.0,0.30469274520874023,0.30469274520874023,0.304692804813385,0.30469274520874023,0.2777726948261261,0.04114978387951851,0.04114978387951851,0.4414316713809967,-0.013811020180583,-0.05051087960600853,-0.08090442419052124,0.0,0.0,0.0,0.0,0.0,0.0,0.0
62007580254,0,-0.01811673678457737,-0.1325336992740631,-0.10939419269561768,-0.018017075955867767,-0.1326184868812561,-0.8094319701194763,-0.00686195632442832,0.007727912627160549,0.008616721257567406,0.0,0.0,0.0,-0.0035056229680776596,-0.0065737622790038586,2.369318962097168,0.0,0.0,2.3693206310272217,0.0007543876999989152,-0.0013381458120420575,-0.0009431043872609735,0.02807563729584217,0.052268512547016144,4.514075499173487e-06,0.0,0.0,0.0,-1.4926141500473022,10.054326057434082,0.07616901397705078,9.801993370056152,1.5198606252670288,-10.0,-9.876617431640625,11.822418212890625,2.0,2.0,20.61603546142578,0.2989746034145355,0.28977540135383606,0.30357420444488525,0.29590821266174316,0.0,0.30469265580177307,0.30469265580177307,0.30469265580177307,0.30469265580177307,0.0,-0.07695690542459488,0.031042400747537613,-9.824522972106934,0.0,0.0,0.0,0.0,0.0,0.0,0.0,0.0,0.0,0.0,0.0,0.0,0.0,0.0,0.0,0.30469274520874023,0.30469274520874023,0.304692804813385,0.30469274520874023,0.27720996737480164,0.04114978387951851,0.04114978387951851,0.4420614540576935,-0.013811020180583,-0.05051087960600853,-0.08090442419052124,0.0,0.0,0.0,0.0,0.0,0.0,0.0
62017376176,0,-0.018017075955867767,-0.1326184868812561,-0.10943196713924408,-0.017858212813735008,-0.13273997604846954,-0.8094949722290039,-0.006161917001008987,0.007747650146484375,0.008353146724402905,0.0,0.0,0.0,-0.003506904700770974,-0.00657789409160614,2.3693206310272217,0.0,0.0,2.3692994117736816,8.302501373691484e-05,-0.0021859253756701946,-0.0008446527644991875,0.027862723916769028,0.05248318985104561,3.7490630347747356e-05,0.0,0.0,0.0,-1.4926141500473022,10.054326057434082,0.07616901397705078,9.801993370056152,1.5198606252670288,-10.0,-9.876617431640625,11.822418212890625,2.0,2.0,20.61603546142578,0.2989746034145355,0.28977540135383606,0.30357420444488525,0.29590821266174316,0.0,0.30469265580177307,0.30469265580177307,0.30469265580177307,0.30469265580177307,0.0,-0.03278295323252678,0.028716370463371277,-9.773240089416504,0.0,0.0,0.0,0.0,0.0,0.0,0.0,0.0,0.0,0.0,0.0,0.0,0.0,0.0,0.0,0.30469274520874023,0.30469274520874023,0.304692804813385,0.30469274520874023,0.27720996737480164,0.04114978387951851,0.04114978387951851,0.4420614540576935,-0.02810109779238701,-0.04381556436419487,-0.011111609637737274,0.0,0.0,0.0,0.0,0.0,0.0,0.0
62030261093,0,-0.017858212813735008,-0.13273997604846954,-0.10949499905109406,-0.017858212813735008,-0.13273997604846954,-0.8094949722290039,-0.006136797368526459,0.007382321637123823,0.008772838860750198,0.0,0.0,0.0,-0.0034956277813762426,-0.006622934248298407,2.3692994117736816,0.0,0.0,2.3692994117736816,-0.0004600269894581288,-0.0015534559497609735,-0.000196926761418581,0.027789810672402382,0.052652377635240555,6.578684974556381e-07,0.0,0.0,0.0,-1.490738034248352,10.055136680603027,0.07549762725830078,9.801918983459473,1.5187095403671265,-10.0,-9.876666069030762,11.864884376525879,2.0,2.0,20.572330474853516,0.2989746034145355,0.28977540135383606,0.30357420444488525,0.29590821266174316,0.0,0.30469265580177307,0.30469265580177307,0.30469265580177307,0.30469265580177307,0.0,-0.03460661321878433,0.04067029803991318,-9.782587051391602,0.0,0.0,0.0,0.0,0.0,0.0,0.0,0.0,0.0,0.0,0.0,0.0,0.0,0.0,0.0,0.30469274520874023,0.30469274520874023,0.304692804813385,0.30469274520874023,0.2776362895965576,0.04114978387951851,0.04114978387951851,0.4417133629322052,-0.04573748633265495,0.006663315463811159,0.0255579873919487,0.0,0.0,0.0,0.0,0.0,0.0,0.0
62037329394,0,-0.017858212813735008,-0.13273997604846954,-0.10949499905109406,-0.017858212813735008,-0.13273997604846954,-0.8094949722290039,-0.006136797368526459,0.007382321637123823,0.008772838860750198,0.0,0.0,0.0,-0.0034956277813762426,-0.006622934248298407,2.3692994117736816,0.0,0.0,2.3692994117736816,-0.0004600269894581288,-0.0015534559497609735,-0.000196926761418581,0.02814256213605404,0.05240615829825401,1.317977876169607e-05,0.0,0.0,0.0,-1.4894386529922485,10.054011344909668,0.07471656799316406,9.801852226257324,1.518083930015564,-10.0,-9.876681327819824,11.864884376525879,2.0,2.0,20.572330474853516,0.2989746034145355,0.28977540135383606,0.30357420444488525,0.29590821266174316,0.0,0.30469265580177307,0.30469265580177307,0.30469265580177307,0.30469265580177307,0.0,-0.03460661321878433,0.04067029803991318,-9.782587051391602,0.0,0.0,0.0,0.0,0.0,0.0,0.0,0.0,0.0,0.0,0.0,0.0,0.0,0.0,0.0,0.30469274520874023,0.30469274520874023,0.304692804813385,0.30469274520874023,0.2780401408672333,0.04114978387951851,0.04114978387951851,0.44127464294433594,-0.04573748633265495,0.006663315463811159,0.0255579873919487,0.0,0.0,0.0,0.0,0.0,0.0,0.0
62047755985,0,-0.017806991934776306,-0.1327764242887497,-0.109511598944664,-0.017806991934776306,-0.1327764242887497,-0.8095116019248962,-0.006235404405742884,0.00719177583232522,0.008852208964526653,0.0,0.0,0.0,-0.003487849608063698,-0.00660682562738657,2.3693161010742188,0.0,0.0,2.3693161010742188,-0.0008902188274078071,-0.0004743342287838459,0.0014778876211494207,0.02814256213605404,0.05240615829825401,1.317977876169607e-05,0.0,0.0,0.0,-1.4894386529922485,10.054011344909668,0.07471656799316406,9.801852226257324,1.518083930015564,-10.0,-9.876681327819824,11.907756805419922,2.0,2.0,20.523876190185547,0.2989746034145355,0.28977540135383606,0.30357420444488525,0.29590821266174316,0.0,0.30469265580177307,0.30469265580177307,0.30469265580177307,0.30469265580177307,0.0,-0.03514248505234718,0.033963337540626526,-9.832507133483887,0.0,0.0,0.0,0.0,0.0,0.0,0.0,0.0,0.0,0.0,0.0,0.0,0.0,0.0,0.0,0.30469274520874023,0.30469274520874023,0.304692804813385,0.30469274520874023,0.2780401408672333,0.04114978387951851,0.04114978387951851,0.44127464294433594,-0.03446085751056671,0.03655402362346649,0.06260355561971664,0.0,0.0,0.0,0.0,0.0,0.0,0.0
62057485560,0,-0.017705900594592094,-0.13284824788570404,-0.10954788327217102,-0.017705900594592094,-0.13284824788570404,-0.8095479011535645,-0.006161775439977646,0.007196425460278988,0.008196903392672539,0.0,0.0,0.0,-0.0034817594569176435,-0.0065793064422905445,2.3693501949310303,0.0,0.0,2.3693504333496094,-0.0008902188274078071,-0.0004743342287838459,0.0014778876211494207,0.02818984165787697,0.05220325291156769,-5.4162269407243e-06,0.0,0.0,0.0,-1.4874820709228516,10.052311897277832,0.0730905532836914,9.80183219909668,1.51690673828125,-10.0,-9.87666130065918,11.907756805419922,2.0,2.0,20.523876190185547,0.2989746034145355,0.28977540135383606,0.30357420444488525,0.29590821266174316,0.0,0.30469265580177307,0.30469265580177307,0.30469265580177307,0.30469265580177307,0.0,-0.03514248505234718,0.033963337540626526,-9.832507133483887,0.0,0.0,0.0,0.0,0.0,0.0,0.0,0.0,0.0,0.0,0.0,0.0,0.0,0.0,0.0,0.30469274520874023,0.30469274520874023,0.304692804813385,0.30469274520874023,0.2788783013820648,0.04114978387951851,0.04114978387951851,0.4404018223285675,-0.03446085751056671,0.03655402362346649,0.06260355561971664,0.0,0.0,0.0,0.0,0.0,0.0,0.0
62067881391,0,-0.017705900594592094,-0.13284824788570404,-0.10954788327217102,-0.017705900594592094,-0.13284824788570404,-0.8095479011535645,-0.006161775439977646,0.007196425460278988,0.008196903392672539,0.0,0.0,0.0,-0.0034817594569176435,-0.0065793064422905445,2.3693501949310303,0.0,0.0,2.3693504333496094,-0.001017700880765915,-8.467375300824642e-05,0.002288313815370202,0.02818984165787697,0.05220325291156769,-5.4162269407243e-06,0.0,0.0,0.0,-1.4868130683898926,10.051886558532715,0.07238006591796875,9.80183219909668,1.5162687301635742,-10.0,-9.876627922058105,11.92670726776123,2.0,2.0,20.50351905822754,0.2989746034145355,0.28977540135383606,0.30357420444488525,0.29590821266174316,0.0,0.30469265580177307,0.30469265580177307,0.30469265580177307,0.30469265580177307,0.0,-0.04432937130331993,0.04638328775763512,-9.85357666015625,0.0,0.0,0.0,0.0,0.0,0.0,0.0,0.0,0.0,0.0,0.0,0.0,0.0,0.0,0.0,0.30469274520874023,0.30469274520874023,0.304692804813385,0.30469274520874023,0.2792484164237976,0.04114978387951851,0.04114978387951851,0.44003504514694214,-0.027729885652661324,0.036017294973134995,0.0687660202383995,0.0,0.0,0.0,0.0,0.0,0.0,0.0
62077455922,0,-0.01765579916536808,-0.13288404047489166,-0.10957219451665878,-0.01765579916536808,-0.13288404047489166,-0.809572160243988,-0.006043590605258942,0.0073646074160933495,0.00777544965967536,0.0,0.0,0.0,-0.0035158167593181133,-0.006548518314957619,2.369385242462158,0.0,0.0,2.369385242462158,8.45586255309172e-05,0.00013036932796239853,0.0036280169151723385,0.028160687536001205,0.05216238647699356,-1.506703847553581e-05,0.0,0.0,0.0,-1.4868130683898926,10.051886558532715,0.07238006591796875,9.80183219909668,1.5162687301635742,-10.0,-9.876627922058105,11.951431274414062,2.0,2.0,20.47795867919922,0.2989746034145355,0.28977540135383606,0.30357420444488525,0.29590821266174316,0.0,0.30469265580177307,0.30469265580177307,0.30469265580177307,0.30469265580177307,0.0,-0.03603219985961914,0.06376011669635773,-9.839221000671387,0.0,0.0,0.0,0.0,0.0,0.0,0.0,0.0,0.0,0.0,0.0,0.0,0.0,0.0,0.0,0.30469274520874023,0.30469274520874023,0.304692804813385,0.30469274520874023,0.2792484164237976,0.04114978387951851,0.04114978387951851,0.44003504514694214,0.03209049254655838,0.03365880623459816,0.060643475502729416,0.0,0.0,0.0,0.0,0.0,0.0,0.0
62087469772,0,-0.017561757937073708,-0.13295532763004303,-0.10962437093257904,-0.017561757937073708,-0.13295532763004303,-0.8096243739128113,-0.006592894904315472,0.006989044137299061,0.0074217538349330425,0.0,0.0,0.0,-0.0035446041729301214,-0.006556329783052206,2.3694920539855957,0.0,0.0,2.3694920539855957,8.45586255309172e-05,0.00013036932796239853,0.0036280169151723385,0.027866460382938385,0.05206523835659027,1.1416429515520576e-05,0.0,0.0,0.0,-1.4876317977905273,10.05159854888916,0.07136821746826172,9.80183219909668,1.5150928497314453,-10.0,-9.876519203186035,11.951431274414062,2.0,2.0,20.47795867919922,0.2989746034145355,0.28977540135383606,0.30357420444488525,0.29590821266174316,0.0,0.30469265580177307,0.30469265580177307,0.30469265580177307,0.30469265580177307,0.0,-0.03603219985961914,0.06376011669635773,-9.839221000671387,0.0,0.0,0.0,0.0,0.0,0.0,0.0,0.0,0.0,0.0,0.0,0.0,0.0,0.0,0.0,0.30469274520874023,0.30469274520874023,0.304692804813385,0.30469274520874023,0.2797313332557678,0.04114978387951851,0.04114978387951851,0.43957453966140747,0.03209049254655838,0.03365880623459816,0.060643475502729416,0.0,0.0,0.0,0.0,0.0,0.0,0.0
62098364276,0,-0.017476778477430344,-0.1330248862504959,-0.1096813753247261,-0.017476778477430344,-0.1330248862504959,-0.8096813559532166,-0.007119643036276102,0.006689817178994417,0.007519502658396959,0.0,0.0,0.0,-0.0035022252704948187,-0.0064821550622582436,2.3695385456085205,0.0,0.0,2.3695385456085205,0.0004923061933368444,0.001254325732588768,0.0028532887808978558,0.027866460382938385,0.05206523835659027,1.1416429515520576e-05,0.0,0.0,0.0,-1.4876317977905273,10.05159854888916,0.07136821746826172,9.80183219909668,1.5150928497314453,-10.0,-9.876519203186035,11.917957305908203,2.0,2.0,20.505535125732422,0.2989746034145355,0.28977540135383606,0.30357420444488525,0.29590821266174316,0.0,0.30469265580177307,0.30469265580177307,0.30469265580177307,0.30469265580177307,0.0,-0.028118610382080078,0.06788201630115509,-9.785724639892578,0.0,0.0,0.0,0.0,0.0,0.0,0.0,0.0,0.0,0.0,0.0,0.0,0.0,0.0,0.0,0.30469274520874023,0.30469274520874023,0.304692804813385,0.30469274520874023,0.2797313332557678,0.04114978387951851,0.04114978387951851,0.43957453966140747,0.020994355902075768,0.040929533541202545,-0.013501281850039959,0.0,0.0,0.0,0.0,0.0,0.0,0.0
62107203214,0,-0.017476778477430344,-0.1330248862504959,-0.1096813753247261,-0.017476778477430344,-0.1330248862504959,-0.8096813559532166,-0.007119643036276102,0.006689817178994417,0.007519502658396959,0.0,0.0,0.0,-0.0035022252704948187,-0.0064821550622582436,2.3695385456085205,0.0,0.0,2.3695385456085205,0.0004923061933368444,0.001254325732588768,0.0028532887808978558,0.0278742965310812,0.05145775154232979,2.3565917217638344e-05,0.0,0.0,0.0,-1.4867650270462036,10.04979419708252,0.07258892059326172,9.80183219909668,1.5139371156692505,-10.0,-9.876408576965332,11.917957305908203,2.0,2.0,20.505535125732422,0.2989746034145355,0.28977540135383606,0.30357420444488525,0.29590821266174316,0.0,0.30469265580177307,0.30469265580177307,0.30469265580177307,0.30469265580177307,0.0,-0.02303861640393734,0.06143464520573616,-9.772130012512207,0.0,0.0,0.0,0.0,0.0,0.0,0.0,0.0,0.0,0.0,0.0,0.0,0.0,0.0,0.0,0.30469274520874023,0.30469274520874023,0.304692804813385,0.30469274520874023,0.27907755970954895,0.04114978387951851,0.04114978387951851,0.4400714635848999,0.020994355902075768,0.040929533541202545,-0.013501281850039959,0.0,0.0,0.0,0.0,0.0,0.0,0.0
62117620448,0,-0.017399532720446587,-0.13309744000434875,-0.10973498970270157,-0.017399532720446587,-0.13309744000434875,-0.8097350001335144,-0.007466061040759087,0.006321417633444071,0.007637967821210623,0.0,0.0,0.0,-0.003499062964692712,-0.006472927052527666,2.3695404529571533,0.0,0.0,2.3695404529571533,0.0003505099448375404,0.0011227945797145367,0.0014432703610509634,0.0278742965310812,0.05145775154232979,2.3565917217638344e-05,0.0,0.0,0.0,-1.4857743978500366,10.049981117248535,0.07417583465576172,9.80183219909668,1.5139371156692505,-10.0,-9.876408576965332,11.878296852111816,2.0,2.0,20.545679092407227,0.2989746034145355,0.28977540135383606,0.30357420444488525,0.29590821266174316,0.0,0.30469265580177307,0.30469265580177307,0.30469265580177307,0.30469265580177307,0.0,-0.02303861640393734,0.06143464520573616,-9.772130012512207,0.0,0.0,0.0,0.0,0.0,0.0,0.0,0.0,0.0,0.0,0.0,0.0,0.0,0.0,0.0,0.30469274520874023,0.30469274520874023,0.304692804813385,0.30469274520874023,0.27907755970954895,0.04114978387951851,0.04114978387951851,0.4400714635848999,0.0008285483345389366,0.016406144946813583,-0.07169096916913986,0.0,0.0,0.0,0.0,0.0,0.0,0.0
62127436908,0,-0.017399532720446587,-0.13309744000434875,-0.10973498970270157,-0.017399532720446587,-0.13309744000434875,-0.8097350001335144,-0.007466061040759087,0.006321417633444071,0.007637967821210623,0.0,0.0,0.0,-0.003499062964692712,-0.006472927052527666,2.3695404529571533,0.0,0.0,2.3695404529571533,-0.0007042388897389174,-0.0004918062477372587,0.00044402305502444506,0.02781730704009533,0.05145973339676857,1.9732990040211007e-05,0.0,0.0,0.0,-1.4857743978500366,10.049981117248535,0.07417583465576172,9.80183219909668,1.513322114944458,-10.0,-9.876374244689941,11.878296852111816,2.0,2.0,20.545679092407227,0.2989746034145355,0.28977540135383606,0.30357420444488525,0.29590821266174316,0.0,0.30469265580177307,0.30469265580177307,0.30469265580177307,0.30469265580177307,0.0,-0.02647368609905243,0.020198121666908264,-9.815178871154785,0.0,0.0,0.0,0.0,0.0,0.0,0.0,0.0,0.0,0.0,0.0,0.0,0.0,0.0,0.0,0.30469274520874023,0.30469274520874023,0.304692804813385,0.30469274520874023,0.27830249071121216,0.04114978387951851,0.04114978387951851,0.44079455733299255,-0.0409957580268383,-0.05564740672707558,-0.05258278548717499,0.0,0.0,0.0,0.0,0.0,0.0,0.0
62137567827,0,-0.017300980165600777,-0.133197620511055,-0.10979372262954712,-0.017300980165600777,-0.133197620511055,-0.8097937107086182,-0.007218203507363796,0.006437189877033234,0.007322670891880989,0.0,0.0,0.0,-0.0035422274377197027,-0.006459795404225588,2.3695383071899414,0.0,0.0,2.3695383071899414,-0.0007042388897389174,-0.0004918062477372587,0.00044402305502444506,0.028096232563257217,0.05149327218532562,2.53767502726987e-05,0.0,0.0,0.0,-1.48288094997406,10.052403450012207,0.07463836669921875,9.801918983459473,1.512155532836914,-10.0,-9.876355171203613,11.874622344970703,2.0,2.0,20.55689239501953,0.2989746034145355,0.28977540135383606,0.30357420444488525,0.29590821266174316,0.0,0.30469265580177307,0.30469265580177307,0.30469265580177307,0.30469265580177307,0.0,-0.02647368609905243,0.020198121666908264,-9.815178871154785,0.0,0.0,0.0,0.0,0.0,0.0,0.0,0.0,0.0,0.0,0.0,0.0,0.0,0.0,0.0,0.30469274520874023,0.30469274520874023,0.304692804813385,0.30469274520874023,0.2782307267189026,0.04114978387951851,0.04114978387951851,0.4409964978694916,-0.0409957580268383,-0.05564740672707558,-0.05258278548717499,0.0,0.0,0.0,0.0,0.0,0.0,0.0
62147312521,0,-0.017300980165600777,-0.133197620511055,-0.10979372262954712,-0.017300980165600777,-0.133197620511055,-0.8097937107086182,-0.007218203507363796,0.006437189877033234,0.007322670891880989,0.0,0.0,0.0,-0.0035422274377197027,-0.006459795404225588,2.3695383071899414,0.0,0.0,2.3695383071899414,-0.0007042388897389174,-0.0004918062477372587,0.00044402305502444506,0.028096232563257217,0.05149327218532562,2.53767502726987e-05,0.0,0.0,0.0,-1.4823715686798096,10.051697731018066,0.07487010955810547,9.801979064941406,1.511520266532898,-10.0,-9.876355171203613,11.868224143981934,2.0,2.0,20.56097412109375,0.2989746034145355,0.28977540135383606,0.30357420444488525,0.29590821266174316,0.0,0.30469265580177307,0.30469265580177307,0.30469265580177307,0.30469265580177307,0.0,-0.02647368609905243,0.020198121666908264,-9.815178871154785,0.0,0.0,0.0,0.0,0.0,0.0,0.0,0.0,0.0,0.0,0.0,0.0,0.0,0.0,0.0,0.30469274520874023,0.30469274520874023,0.304692804813385,0.30469274520874023,0.2781056761741638,0.04114978387951851,0.04114978387951851,0.441070020198822,-0.0409957580268383,-0.05564740672707558,-0.05258278548717499,0.0,0.0,0.0,0.0,0.0,0.0,0.0
62158119258,0,-0.01725303940474987,-0.13324537873268127,-0.10982680320739746,-0.01725303940474987,-0.13324537873268127,-0.8098267912864685,-0.006930254399776459,0.006474094931036234,0.007192679680883884,0.0,0.0,0.0,-0.003538140095770359,-0.006445815786719322,2.3695414066314697,0.0,0.0,2.3695414066314697,-0.0006847383920103312,0.0016095689497888088,-0.0006904792971909046,0.027990054339170456,0.05113257095217705,3.978218592237681e-05,0.0,0.0,0.0,-1.4823715686798096,10.051697731018066,0.07487010955810547,9.801979064941406,1.511520266532898,-10.0,-9.876355171203613,11.85340404510498,2.0,2.0,20.56421661376953,0.2989746034145355,0.28977540135383606,0.30357420444488525,0.29590821266174316,0.0,0.30469265580177307,0.30469265580177307,0.30469265580177307,0.30469265580177307,0.0,-0.04593523591756821,0.0200798399746418,-9.832983016967773,0.0,0.0,0.0,0.0,0.0,0.0,0.0,0.0,0.0,0.0,0.0,0.0,0.0,0.0,0.0,0.30469274520874023,0.30469274520874023,0.304692804813385,0.30469274520874023,0.2781056761741638,0.04114978387951851,0.04114978387951851,0.441070020198822,3.794739598106389e-07,0.06342043727636337,-0.032565005123615265,0.0,0.0,0.0,0.0,0.0,0.0,0.0
62167615841,0,-0.017157776281237602,-0.1333392709493637,-0.1098959669470787,-0.017157776281237602,-0.1333392709493637,-0.809895932674408,-0.0069694737903773785,0.0060738795436918736,0.006633107550442219,0.0,0.0,0.0,-0.0035560764372348785,-0.00637052021920681,2.369488477706909,0.0,0.0,2.3694887161254883,-0.0006847383920103312,0.0016095689497888088,-0.0006904792971909046,0.028111077845096588,0.05036304518580437,1.7814749298850074e-05,0.0,0.0,0.0,-1.481537938117981,10.04811954498291,0.07526683807373047,9.801966667175293,1.510333776473999,-10.0,-9.87637710571289,11.85340404510498,2.0,2.0,20.56421661376953,0.2989746034145355,0.28977540135383606,0.30357420444488525,0.29590821266174316,0.0,0.30469265580177307,0.30469265580177307,0.30469265580177307,0.30469265580177307,0.0,-0.04593523591756821,0.0200798399746418,-9.832983016967773,0.0,0.0,0.0,0.0,0.0,0.0,0.0,0.0,0.0,0.0,0.0,0.0,0.0,0.0,0.0,0.30469274520874023,0.30469274520874023,0.304692804813385,0.30469274520874023,0.2778157889842987,0.04114978387951851,0.04114978387951851,0.4411284625530243,3.794739598106389e-07,0.06342043727636337,-0.032565005123615265,0.0,0.0,0.0,0.0,0.0,0.0,0.0
62177733650,0,-0.017157776281237602,-0.1333392709493637,-0.1098959669470787,-0.017157776281237602,-0.1333392709493637,-0.809895932674408,-0.0069694737903773785,0.0060738795436918736,0.006633107550442219,0.0,0.0,0.0,-0.0035560764372348785,-0.00637052021920681,2.369488477706909,0.0,0.0,2.3694887161254883,0.00016924327064771205,0.0023398897610604763,0.0002378406934440136,0.028111077845096588,0.05036304518580437,1.7814749298850074e-05,0.0,0.0,0.0,-1.4814268350601196,10.04721736907959,0.07419204711914062,9.801841735839844,1.5090726613998413,-10.0,-9.87639331817627,11.880245208740234,2.0,2.0,20.53449249267578,0.2989746034145355,0.28977540135383606,0.30357420444488525,0.29590821266174316,0.0,0.30469265580177307,0.30469265580177307,0.30469265580177307,0.30469265580177307,0.0,-0.04234524443745613,0.0308158490806818,-9.804023742675781,0.0,0.0,0.0,0.0,0.0,0.0,0.0,0.0,0.0,0.0,0.0,0.0,0.0,0.0,0.0,0.30469274520874023,0.30469274520874023,0.304692804813385,0.30469274520874023,0.27834048867225647,0.04114978387951851,0.04114978387951851,0.44059309363365173,0.03540445491671562,0.016163818538188934,0.01929238997399807,0.0,0.0,0.0,0.0,0.0,0.0,0.0
62187485024,0,-0.017066355794668198,-0.1334291249513626,-0.10997220873832703,-0.017066355794668198,-0.1334291249513626,-0.8099721670150757,-0.006934104021638632,0.005708704702556133,0.006551986560225487,0.0,0.0,0.0,-0.003534703515470028,-0.006287574302405119,2.369516611099243,0.0,0.0,2.369516611099243,0.00016924327064771205,0.0023398897610604763,0.0002378406934440136,0.028169069439172745,0.04971928149461746,1.6042440620367415e-05,0.0,0.0,0.0,-1.4814268350601196,10.04721736907959,0.07419204711914062,9.801841735839844,1.5090726613998413,-10.0,-9.87639331817627,11.880245208740234,2.0,2.0,20.53449249267578,0.2989746034145355,0.28977540135383606,0.30357420444488525,0.29590821266174316,0.0,0.30469265580177307,0.30469265580177307,0.30469265580177307,0.30469265580177307,0.0,-0.04234524443745613,0.0308158490806818,-9.804023742675781,0.0,0.0,0.0,0.0,0.0,0.0,0.0,0.0,0.0,0.0,0.0,0.0,0.0,0.0,0.0,0.30469274520874023,0.30469274520874023,0.304692804813385,0.30469274520874023,0.27834048867225647,0.04114978387951851,0.04114978387951851,0.44059309363365173,0.03540445491671562,0.016163818538188934,0.01929238997399807,0.0,0.0,0.0,0.0,0.0,0.0,0.0
62197465610,0,-0.01702135056257248,-0.13347311317920685,-0.11001114547252655,-0.01702135056257248,-0.13347311317920685,-0.8100111484527588,-0.006574881263077259,0.005718604661524296,0.006674974225461483,0.0,0.0,0.0,-0.003513658419251442,-0.00628700852394104,2.3695132732391357,0.0,0.0,2.3695132732391357,0.0007463591173291206,0.001917483052238822,0.0010376115096732974,0.028169069439172745,0.04971928149461746,1.6042440620367415e-05,0.0,0.0,0.0,-1.4817132949829102,10.048127174377441,0.07329177856445312,9.80183219909668,1.5090726613998413,-10.0,-9.87639331817627,11.90480899810791,2.0,2.0,20.512897491455078,0.2989746034145355,0.28977540135383606,0.30357420444488525,0.29590821266174316,0.0,0.30469265580177307,0.30469265580177307,0.30469265580177307,0.30469265580177307,0.0,-0.049807529896497726,0.01235975231975317,-9.78834342956543,0.0,0.0,0.0,0.0,0.0,0.0,0.0,0.0,0.0,0.0,0.0,0.0,0.0,0.0,0.0,0.30469274520874023,0.30469274520874023,0.304692804813385,0.30469274520874023,0.27834048867225647,0.04114978387951851,0.04114978387951851,0.44059309363365173,0.04880513623356819,-0.010260313749313354,0.05058566480875015,0.0,0.0,0.0,0.0,0.0,0.0,0.0
62207645528,0,-0.01702135056257248,-0.13347311317920685,-0.11001114547252655,-0.01702135056257248,-0.13347311317920685,-0.8100111484527588,-0.006574881263077259,0.005718604661524296,0.006674974225461483,0.0,0.0,0.0,-0.003513658419251442,-0.00628700852394104,2.3695132732391357,0.0,0.0,2.3695132732391357,0.0005382699309848249,0.00040300399996340275,0.002883817534893751,0.028059707954525948,0.04994243383407593,2.6378900656709448e-05,0.0,0.0,0.0,-1.4817132949829102,10.048127174377441,0.07329177856445312,9.80183219909668,1.5085386037826538,-10.0,-9.876388549804688,11.90480899810791,2.0,2.0,20.512897491455078,0.2989746034145355,0.28977540135383606,0.30357420444488525,0.29590821266174316,0.0,0.30469265580177307,0.30469265580177307,0.30469265580177307,0.30469265580177307,0.0,-0.06649091094732285,0.01324237696826458,-9.812710762023926,0.0,0.0,0.0,0.0,0.0,0.0,0.0,0.0,0.0,0.0,0.0,0.0,0.0,0.0,0.0,0.30469274520874023,0.30469274520874023,0.304692804813385,0.30469274520874023,0.27882054448127747,0.04114978387951851,0.04114978387951851,0.44020411372184753,0.005589861888438463,-0.03911028802394867,0.06837167590856552,0.0,0.0,0.0,0.0,0.0,0.0,0.0
62217697128,0,-0.01702135056257248,-0.13347311317920685,-0.11001114547252655,-0.016834061592817307,-0.1335568130016327,-0.8101221919059753,-0.006574881263077259,0.005718604661524296,0.006674974225461483,0.0,0.0,0.0,-0.003513658419251442,-0.00628700852394104,2.3695132732391357,0.0,0.0,2.369586944580078,0.0005382699309848249,0.00040300399996340275,0.002883817534893751,0.027921341359615326,0.04956939443945885,2.4091146769933403e-05,0.0,0.0,0.0,-1.4798544645309448,10.04958438873291,0.071624755859375,9.80183219909668,1.5073084831237793,-10.0,-9.876312255859375,11.9536714553833,2.0,2.0,20.468603134155273,0.2989746034145355,0.28977540135383606,0.30357420444488525,0.29590821266174316,0.0,0.30469265580177307,0.30469265580177307,0.30469265580177307,0.30469265580177307,0.0,-0.06649091094732285,0.01324237696826458,-9.812710762023926,0.0,0.0,0.0,0.0,0.0,0.0,0.0,0.0,0.0,0.0,0.0,0.0,0.0,0.0,0.0,0.30469274520874023,0.30469274520874023,0.304692804813385,0.30469274520874023,0.27977511286735535,0.04114978387951851,0.04114978387951851,0.4394059181213379,0.005589861888438463,-0.03911028802394867,0.06837167590856552,0.0,0.0,0.0,0.0,0.0,0.0,0.0
62227618548,0,-0.016834061592817307,-0.1335568130016327,-0.1101221963763237,-0.016834061592817307,-0.1335568130016327,-0.8101221919059753,-0.00542535912245512,0.005730503238737583,0.006529533304274082,0.0,0.0,0.0,-0.003528130939230323,-0.006238546688109636,2.369586944580078,0.0,0.0,2.369586944580078,-0.0004598703817464411,0.0010854010470211506,0.003831990994513035,0.027921341359615326,0.04956939443945885,2.4091146769933403e-05,0.0,0.0,0.0,-1.477183222770691,10.047800064086914,0.0709075927734375,9.80183219909668,1.506149411201477,-10.0,-9.876197814941406,11.97375202178955,2.0,2.0,20.44258689880371,0.2989746034145355,0.28977540135383606,0.30357420444488525,0.29590821266174316,0.0,0.30469265580177307,0.30469265580177307,0.30469265580177307,0.30469265580177307,0.0,-0.05257346108555794,0.03508875146508217,-9.81933879852295,0.0,0.0,0.0,0.0,0.0,0.0,0.0,0.0,0.0,0.0,0.0,0.0,0.0,0.0,0.0,0.30469274520874023,0.30469274520874023,0.304692804813385,0.30469274520874023,0.2801674008369446,0.04114978387951851,0.04114978387951851,0.4389369785785675,-0.03690355643630028,0.007946733385324478,0.057905808091163635,0.0,0.0,0.0,0.0,0.0,0.0,0.0
62237593035,0,-0.016706231981515884,-0.1336108297109604,-0.11020704358816147,-0.016706231981515884,-0.1336108297109604,-0.8102070093154907,-0.005191483534872532,0.005512361414730549,0.006203499622642994,0.0,0.0,0.0,-0.003541927319020033,-0.006164835300296545,2.3696353435516357,0.0,0.0,2.3696353435516357,-0.0004598703817464411,0.0010854010470211506,0.003831990994513035,0.028137311339378357,0.04896514490246773,-6.380989361787215e-06,0.0,0.0,0.0,-1.477183222770691,10.047800064086914,0.0709075927734375,9.80183219909668,1.506149411201477,-10.0,-9.876197814941406,11.97375202178955,2.0,2.0,20.44258689880371,0.2989746034145355,0.28977540135383606,0.30357420444488525,0.29590821266174316,0.0,0.30469265580177307,0.30469265580177307,0.30469265580177307,0.30469265580177307,0.0,-0.04182400554418564,0.017432333901524544,-9.7783203125,0.0,0.0,0.0,0.0,0.0,0.0,0.0,0.0,0.0,0.0,0.0,0.0,0.0,0.0,0.0,0.30469274520874023,0.30469274520874023,0.304692804813385,0.30469274520874023,0.2801674008369446,0.04114978387951851,0.04114978387951851,0.4389369785785675,-0.03690355643630028,0.007946733385324478,0.057905808091163635,0.0,0.0,0.0,0.0,0.0,0.0,0.0
62247576690,0,-0.016706231981515884,-0.1336108297109604,-0.11020704358816147,-0.016706231981515884,-0.1336108297109604,-0.8102070093154907,-0.005191483534872532,0.005512361414730549,0.006203499622642994,0.0,0.0,0.0,-0.003541927319020033,-0.006164835300296545,2.3696353435516357,0.0,0.0,2.3696353435516357,-0.0011035117786377668,0.0006892170640639961,0.0036366437561810017,0.028137311339378357,0.04896514490246773,-6.380989361787215e-06,0.0,0.0,0.0,-1.4755325317382812,10.04854679107666,0.0713653564453125,9.80183219909668,1.5055087804794312,-10.0,-9.876131057739258,11.96556282043457,2.0,2.0,20.453031539916992,0.2989746034145355,0.28977540135383606,0.30357420444488525,0.29590821266174316,0.0,0.30469265580177307,0.30469265580177307,0.30469265580177307,0.30469265580177307,0.0,-0.04182400554418564,0.017432333901524544,-9.7783203125,0.0,0.0,0.0,0.0,0.0,0.0,0.0,0.0,0.0,0.0,0.0,0.0,0.0,0.0,0.0,0.30469274520874023,0.30469274520874023,0.304692804813385,0.30469274520874023,0.2800072431564331,0.04114978387951851,0.04114978387951851,0.4391253590583801,-0.04196053743362427,-0.015777578577399254,0.02078051120042801,0.0,0.0,0.0,0.0,0.0,0.0,0.0
62257411124,0,-0.016641700640320778,-0.1336364448070526,-0.11024725437164307,-0.016641700640320778,-0.1336364448070526,-0.8102472424507141,-0.005179909989237785,0.005212059244513512,0.0062880623154342175,0.0,0.0,0.0,-0.0035767597146332264,-0.006184772588312626,2.3696603775024414,0.0,0.0,2.3696603775024414,-0.0008943959837779403,-0.00035935849882662296,0.0016657481901347637,0.02845311164855957,0.04907846078276634,2.921483428508509e-06,0.0,0.0,0.0,-1.4755325317382812,10.04854679107666,0.0713653564453125,9.80183219909668,1.5055087804794312,-10.0,-9.876131057739258,11.907173156738281,2.0,2.0,20.515544891357422,0.2989746034145355,0.28977540135383606,0.30357420444488525,0.29590821266174316,0.0,0.30469265580177307,0.30469265580177307,0.30469265580177307,0.30469265580177307,0.0,-0.05934916064143181,0.043566178530454636,-9.784170150756836,0.0,0.0,0.0,0.0,0.0,0.0,0.0,0.0,0.0,0.0,0.0,0.0,0.0,0.0,0.0,0.30469274520874023,0.30469274520874023,0.304692804813385,0.30469274520874023,0.2800072431564331,0.04114978387951851,0.04114978387951851,0.4391253590583801,0.00012051781959598884,-0.04512535780668259,-0.07192951440811157,0.0,0.0,0.0,0.0,0.0,0.0,0.0
62267552814,0,-0.01651163212954998,-0.13368910551071167,-0.11032846570014954,-0.01651163212954998,-0.13368910551071167,-0.810328483581543,-0.004642069805413485,0.004835513886064291,0.006171824876219034,0.0,0.0,0.0,-0.0035435049794614315,-0.00616662111133337,2.369694709777832,0.0,0.0,2.369694709777832,-0.0008943959837779403,-0.00035935849882662296,0.0016657481901347637,0.028461230918765068,0.04905049130320549,5.4539857956115156e-05,0.0,0.0,0.0,-1.4749605655670166,10.049860954284668,0.07371234893798828,9.80183219909668,1.5043150186538696,-10.0,-9.876033782958984,11.907173156738281,2.0,2.0,20.515544891357422,0.2989746034145355,0.28977540135383606,0.30357420444488525,0.29590821266174316,0.0,0.30469265580177307,0.30469265580177307,0.30469265580177307,0.30469265580177307,0.0,-0.05934916064143181,0.043566178530454636,-9.784170150756836,0.0,0.0,0.0,0.0,0.0,0.0,0.0,0.0,0.0,0.0,0.0,0.0,0.0,0.0,0.0,0.30469274520874023,0.30469274520874023,0.304692804813385,0.30469274520874023,0.2788667380809784,0.04114978387951851,0.04114978387951851,0.440251886844635,0.00012051781959598884,-0.04512535780668259,-0.07192951440811157,0.0,0.0,0.0,0.0,0.0,0.0,0.0
62277305874,0,-0.01651163212954998,-0.13368910551071167,-0.11032846570014954,-0.01651163212954998,-0.13368910551071167,-0.810328483581543,-0.004642069805413485,0.004835513886064291,0.006171824876219034,0.0,0.0,0.0,-0.0035435049794614315,-0.00616662111133337,2.369694709777832,0.0,0.0,2.369694709777832,-0.0016194101190194488,-0.0006005721515975893,-0.00047619198448956013,0.028461230918765068,0.04905049130320549,5.4539857956115156e-05,0.0,0.0,0.0,-1.4731756448745728,10.049993515014648,0.07611274719238281,9.80183219909668,1.5037585496902466,-10.0,-9.87603759765625,11.847390174865723,2.0,2.0,20.5755558013916,0.2989746034145355,0.28977540135383606,0.30357420444488525,0.29590821266174316,0.0,0.30469265580177307,0.30469265580177307,0.30469265580177307,0.30469265580177307,0.0,-0.03584987670183182,0.050406716763973236,-9.77428913116455,0.0,0.0,0.0,0.0,0.0,0.0,0.0,0.0,0.0,0.0,0.0,0.0,0.0,0.0,0.0,0.30469274520874023,0.30469274520874023,0.304692804813385,0.30469274520874023,0.2775305509567261,0.04114978387951851,0.04114978387951851,0.441495418548584,-0.03494444116950035,-0.041494619101285934,-0.15371716022491455,0.0,0.0,0.0,0.0,0.0,0.0,0.0
62287637411,0,-0.01644633524119854,-0.1337166577577591,-0.11036868393421173,-0.01644633524119854,-0.1337166577577591,-0.8103686571121216,-0.004484395030885935,0.004900732543319464,0.006202285643666983,0.0,0.0,0.0,-0.0035667826887220144,-0.006174716167151928,2.369654655456543,0.0,0.0,2.369654655456543,-0.001693417550995946,-0.0013008734676986933,-0.0021162605844438076,0.028614087030291557,0.048977967351675034,1.7029868104145862e-05,0.0,0.0,0.0,-1.4731756448745728,10.049993515014648,0.07611274719238281,9.80183219909668,1.5037585496902466,-10.0,-9.87603759765625,11.847390174865723,2.0,2.0,20.5755558013916,0.2989746034145355,0.28977540135383606,0.30357420444488525,0.29590821266174316,0.0,0.30469265580177307,0.30469265580177307,0.30469265580177307,0.30469265580177307,0.0,-0.04485262930393219,0.039451438933610916,-9.802696228027344,0.0,0.0,0.0,0.0,0.0,0.0,0.0,0.0,0.0,0.0,0.0,0.0,0.0,0.0,0.0,0.30469274520874023,0.30469274520874023,0.304692804813385,0.30469274520874023,0.2775305509567261,0.04114978387951851,0.04114978387951851,0.441495418548584,-0.01785946637392044,-0.05444555729627609,-0.15140502154827118,0.0,0.0,0.0,0.0,0.0,0.0,0.0
62297284918,0,-0.01625511422753334,-0.13379813730716705,-0.11048004776239395,-0.01625511422753334,-0.13379813730716705,-0.8104800581932068,-0.004286007955670357,0.005085295997560024,0.0064284238032996655,0.0,0.0,0.0,-0.00358193670399487,-0.006175150629132986,2.369626045227051,0.0,0.0,2.369626045227051,-0.0009463441674597561,-0.001388906966894865,-0.0025661434046924114,0.028476251289248466,0.049092382192611694,2.898187085520476e-05,0.0,0.0,0.0,-1.4733686447143555,10.05086612701416,0.077117919921875,9.801932334899902,1.502453088760376,-10.0,-9.876121520996094,11.82219409942627,2.0,2.0,20.603548049926758,0.2989746034145355,0.28977540135383606,0.30357420444488525,0.29590821266174316,0.0,0.30469265580177307,0.30469265580177307,0.30469265580177307,0.30469265580177307,0.0,-0.04485262930393219,0.039451438933610916,-9.802696228027344,0.0,0.0,0.0,0.0,0.0,0.0,0.0,0.0,0.0,0.0,0.0,0.0,0.0,0.0,0.0,0.30469274520874023,0.30469274520874023,0.304692804813385,0.30469274520874023,0.2775305509567261,0.04114978387951851,0.04114978387951851,0.441495418548584,0.030525658279657364,-0.028453746810555458,-0.09887077659368515,0.0,0.0,0.0,0.0,0.0,0.0,0.0
62307453001,0,-0.01625511422753334,-0.13379813730716705,-0.11048004776239395,-0.016134655103087425,-0.13384895026683807,-0.8105615377426147,-0.004286007955670357,0.005085295997560024,0.0064284238032996655,0.0,0.0,0.0,-0.00358193670399487,-0.006175150629132986,2.369626045227051,0.0,0.0,2.36960506439209,0.00039772927993908525,0.0011605698382481933,-0.001618263660930097,0.02817295677959919,0.04841891676187515,3.325553552713245e-05,0.0,0.0,0.0,-1.4733686447143555,10.05086612701416,0.077117919921875,9.801932334899902,1.502453088760376,-10.0,-9.876121520996094,11.82219409942627,2.0,2.0,20.603548049926758,0.2989746034145355,0.28977540135383606,0.30357420444488525,0.29590821266174316,0.0,0.30469265580177307,0.30469265580177307,0.30469265580177307,0.30469265580177307,0.0,-0.03611334413290024,0.05269261449575424,-9.829678535461426,0.0,0.0,0.0,0.0,0.0,0.0,0.0,0.0,0.0,0.0,0.0,0.0,0.0,0.0,0.0,0.30469274520874023,0.30469274520874023,0.304692804813385,0.30469274520874023,0.27720552682876587,0.04114978387951851,0.04114978387951851,0.4418366551399231,0.06127262860536575,0.0839700773358345,0.009194860234856606,0.0,0.0,0.0,0.0,0.0,0.0,0.0
62317345567,0,-0.016134655103087425,-0.13384895026683807,-0.1105615571141243,-0.016134655103087425,-0.13384895026683807,-0.8105615377426147,-0.004625462926924229,0.004713047295808792,0.005995968822389841,0.0,0.0,0.0,-0.0035605065058916807,-0.006094941403716803,2.36960506439209,0.0,0.0,2.36960506439209,0.0007815709104761481,0.0022635888308286667,-0.0010370876407250762,0.02817295677959919,0.04841891676187515,3.325553552713245e-05,0.0,0.0,0.0,-1.4736660718917847,10.044809341430664,0.07464408874511719,9.802042007446289,1.5006544589996338,-10.0,-9.876236915588379,11.87671184539795,2.0,2.0,20.52964210510254,0.2989746034145355,0.28977540135383606,0.30357420444488525,0.29590821266174316,0.0,0.30469265580177307,0.30469265580177307,0.30469265580177307,0.30469265580177307,0.0,-0.0205465666949749,0.055443547666072845,-9.820947647094727,0.0,0.0,0.0,0.0,0.0,0.0,0.0,0.0,0.0,0.0,0.0,0.0,0.0,0.0,0.0,0.30469274520874023,0.30469274520874023,0.304692804813385,0.30469274520874023,0.27797815203666687,0.04114978387951851,0.04114978387951851,0.4408714175224304,0.04666696861386299,0.09048230201005936,0.03428812325000763,0.0,0.0,0.0,0.0,0.0,0.0,0.0
62328333278,0,-0.016134655103087425,-0.13384895026683807,-0.1105615571141243,-0.01607821136713028,-0.13387280702590942,-0.8106019496917725,-0.004625462926924229,0.004713047295808792,0.005995968822389841,0.0,0.0,0.0,-0.0035605065058916807,-0.006094941403716803,2.36960506439209,0.0,0.0,2.369581699371338,0.0007815709104761481,0.0022635888308286667,-0.0010370876407250762,0.02817295677959919,0.04841891676187515,3.325553552713245e-05,0.0,0.0,0.0,-1.4736660718917847,10.044809341430664,0.07464408874511719,9.802042007446289,1.5006544589996338,-10.0,-9.876236915588379,11.87671184539795,2.0,2.0,20.52964210510254,0.2989746034145355,0.28977540135383606,0.30357420444488525,0.29590821266174316,0.0,0.30469265580177307,0.30469265580177307,0.30469265580177307,0.30469265580177307,0.0,-0.0205465666949749,0.055443547666072845,-9.820947647094727,0.0,0.0,0.0,0.0,0.0,0.0,0.0,0.0,0.0,0.0,0.0,0.0,0.0,0.0,0.0,0.30469274520874023,0.30469274520874023,0.304692804813385,0.30469274520874023,0.2782714068889618,0.04114978387951851,0.04114978387951851,0.4405057728290558,0.04666696861386299,0.09048230201005936,0.03428812325000763,0.0,0.0,0.0,0.0,0.0,0.0,0.0
62337541142,0,-0.01607821136713028,-0.13387280702590942,-0.11060196906328201,-0.01607821136713028,-0.13387280702590942,-0.8106019496917725,-0.004905774723738432,0.004594076424837112,0.005933420266956091,0.0,0.0,0.0,-0.0035141974221915007,-0.006055000238120556,2.369581699371338,0.0,0.0,2.369581699371338,0.0005830086884088814,0.002326542278751731,0.0005569134373217821,0.028236644342541695,0.04797731712460518,1.8874257875722833e-05,0.0,0.0,0.0,-1.4736660718917847,10.044809341430664,0.07464408874511719,9.802042007446289,1.5006544589996338,-10.0,-9.876236915588379,11.87671184539795,2.0,2.0,20.52964210510254,0.2989746034145355,0.28977540135383606,0.30357420444488525,0.29590821266174316,0.0,0.30469265580177307,0.30469265580177307,0.30469265580177307,0.30469265580177307,0.0,-0.03452857583761215,0.07091088593006134,-9.780325889587402,0.0,0.0,0.0,0.0,0.0,0.0,0.0,0.0,0.0,0.0,0.0,0.0,0.0,0.0,0.0,0.30469274520874023,0.30469274520874023,0.304692804813385,0.30469274520874023,0.2782714068889618,0.04114978387951851,0.04114978387951851,0.4405057728290558,0.011232057586312294,0.02244921773672104,0.06673315167427063,0.0,0.0,0.0,0.0,0.0,0.0,0.0
62347706378,0,-0.0159714687615633,-0.13391995429992676,-0.11068456619977951,-0.0159714687615633,-0.13391995429992676,-0.8106845617294312,-0.004922820255160332,0.004480315838009119,0.005839218385517597,0.0,0.0,0.0,-0.003532897448167205,-0.006008283235132694,2.3695876598358154,0.0,0.0,2.3695878982543945,0.0005830086884088814,0.002326542278751731,0.0005569134373217821,0.028140509501099586,0.047791142016649246,1.3213955753599294e-05,0.0,0.0,0.0,-1.472054123878479,10.04524040222168,0.07310104370117188,9.802079200744629,1.4994993209838867,-10.0,-9.87625503540039,11.920296669006348,2.0,2.0,20.487346649169922,0.2989746034145355,0.28977540135383606,0.30357420444488525,0.29590821266174316,0.0,0.30469265580177307,0.30469265580177307,0.30469265580177307,0.30469265580177307,0.0,-0.03452857583761215,0.07091088593006134,-9.780325889587402,0.0,0.0,0.0,0.0,0.0,0.0,0.0,0.0,0.0,0.0,0.0,0.0,0.0,0.0,0.0,0.30469274520874023,0.30469274520874023,0.304692804813385,0.30469274520874023,0.27912330627441406,0.04114978387951851,0.04114978387951851,0.43974384665489197,0.011232057586312294,0.02244921773672104,0.06673315167427063,0.0,0.0,0.0,0.0,0.0,0.0,0.0
62357498170,0,-0.0159714687615633,-0.13391995429992676,-0.11068456619977951,-0.015921229496598244,-0.1339445263147354,-0.8107258081436157,-0.004922820255160332,0.004480315838009119,0.005839218385517597,0.0,0.0,0.0,-0.003532897448167205,-0.006008283235132694,2.3695876598358154,0.0,0.0,2.369594097137451,0.0006180223426781595,0.001961024710908532,0.0016955919563770294,0.028140509501099586,0.047791142016649246,1.3213955753599294e-05,0.0,0.0,0.0,-1.4714921712875366,10.045707702636719,0.07201099395751953,9.802099227905273,1.49888277053833,-10.0,-9.876235961914062,11.950443267822266,2.0,2.0,20.458681106567383,0.2989746034145355,0.28977540135383606,0.30357420444488525,0.29590821266174316,0.0,0.30469265580177307,0.30469265580177307,0.30469265580177307,0.30469265580177307,0.0,-0.03547238931059837,0.05628109350800514,-9.793021202087402,0.0,0.0,0.0,0.0,0.0,0.0,0.0,0.0,0.0,0.0,0.0,0.0,0.0,0.0,0.0,0.30469274520874023,0.30469274520874023,0.304692804813385,0.30469274520874023,0.2797119915485382,0.04114978387951851,0.04114978387951851,0.4392271041870117,0.007153765764087439,-0.0034698101226240396,0.08532438427209854,0.0,0.0,0.0,0.0,0.0,0.0,0.0
62367523604,0,-0.015921229496598244,-0.1339445263147354,-0.11072581261396408,-0.015921229496598244,-0.1339445263147354,-0.8107258081436157,-0.0049003493040800095,0.004595938604325056,0.005798655562102795,0.0,0.0,0.0,-0.00351732992567122,-0.005980224348604679,2.369594097137451,0.0,0.0,2.369594097137451,8.381082443520427e-05,0.0020118055399507284,0.0034749535843729973,0.028080135583877563,0.047633927315473557,-7.192836619651644e-07,0.0,0.0,0.0,-1.4713143110275269,10.045336723327637,0.07105159759521484,9.802119255065918,1.49888277053833,-10.0,-9.876235961914062,11.975223541259766,2.0,2.0,20.432716369628906,0.2989746034145355,0.28977540135383606,0.30357420444488525,0.29590821266174316,0.0,0.30469265580177307,0.30469265580177307,0.30469265580177307,0.30469265580177307,0.0,-0.02404387854039669,0.0225723534822464,-9.788338661193848,0.0,0.0,0.0,0.0,0.0,0.0,0.0,0.0,0.0,0.0,0.0,0.0,0.0,0.0,0.0,0.30469274520874023,0.30469274520874023,0.304692804813385,0.30469274520874023,0.2797119915485382,0.04114978387951851,0.04114978387951851,0.4392271041870117,-0.029550693929195404,-3.244471429297846e-07,0.08274717628955841,0.0,0.0,0.0,0.0,0.0,0.0,0.0
62377485389,0,-0.01582382060587406,-0.13399159908294678,-0.1108054369688034,-0.01582382060587406,-0.13399159908294678,-0.8108054399490356,-0.004767291247844696,0.004944315645843744,0.005991002079099417,0.0,0.0,0.0,-0.0035268059000372887,-0.005938412621617317,2.3696391582489014,0.0,0.0,2.3696391582489014,8.381082443520427e-05,0.0020118055399507284,0.0034749535843729973,0.027989426627755165,0.04705507308244705,1.037916490531643e-06,0.0,0.0,0.0,-1.4695309400558472,10.045042991638184,0.07056903839111328,9.802136421203613,1.4977320432662964,-10.0,-9.876138687133789,11.990169525146484,2.0,2.0,20.41669273376465,0.2989746034145355,0.28977540135383606,0.30357420444488525,0.29590821266174316,0.0,0.30469265580177307,0.30469265580177307,0.30469265580177307,0.30469265580177307,0.0,-0.02404387854039669,0.0225723534822464,-9.788338661193848,0.0,0.0,0.0,0.0,0.0,0.0,0.0,0.0,0.0,0.0,0.0,0.0,0.0,0.0,0.0,0.30469274520874023,0.30469274520874023,0.304692804813385,0.30469274520874023,0.280487984418869,0.04114978387951851,0.04114978387951851,0.4384700357913971,-0.029550693929195404,-3.244471429297846e-07,0.08274717628955841,0.0,0.0,0.0,0.0,0.0,0.0,0.0
62387465385,0,-0.01582382060587406,-0.13399159908294678,-0.1108054369688034,-0.01582382060587406,-0.13399159908294678,-0.8108054399490356,-0.004767291247844696,0.004944315645843744,0.005991002079099417,0.0,0.0,0.0,-0.0035268059000372887,-0.005938412621617317,2.3696391582489014,0.0,0.0,2.3696391582489014,-0.0005015955539420247,-0.00038320652674883604,0.003042170312255621,0.028336364775896072,0.0471913143992424,2.8438330446078908e-06,0.0,0.0,0.0,-1.4674689769744873,10.048377990722656,0.07158184051513672,9.802176475524902,1.4964756965637207,-10.0,-9.876012802124023,11.972265243530273,2.0,2.0,20.445125579833984,0.2989746034145355,0.28977540135383606,0.30357420444488525,0.29590821266174316,0.0,0.30469265580177307,0.30469265580177307,0.30469265580177307,0.30469265580177307,0.0,-0.05115707591176033,0.031180214136838913,-9.818936347961426,0.0,0.0,0.0,0.0,0.0,0.0,0.0,0.0,0.0,0.0,0.0,0.0,0.0,0.0,0.0,0.30469274520874023,0.30469274520874023,0.304692804813385,0.30469274520874023,0.2801383137702942,0.04114978387951851,0.04114978387951851,0.438982754945755,-0.03074648603796959,-0.08534707874059677,-0.001440341118723154,0.0,0.0,0.0,0.0,0.0,0.0,0.0
62397742511,0,-0.0156992319971323,-0.13403593003749847,-0.1109263002872467,-0.0156992319971323,-0.13403593003749847,-0.8109263181686401,-0.004855336621403694,0.004648143425583839,0.005730336997658014,0.0,0.0,0.0,-0.0035469066351652145,-0.005929768085479736,2.3696885108947754,0.0,0.0,2.3696885108947754,-0.0005015955539420247,-0.00038320652674883604,0.003042170312255621,0.028336364775896072,0.0471913143992424,2.8438330446078908e-06,0.0,0.0,0.0,-1.4674689769744873,10.048377990722656,0.07158184051513672,9.802176475524902,1.4964756965637207,-10.0,-9.876012802124023,11.972265243530273,2.0,2.0,20.445125579833984,0.2989746034145355,0.28977540135383606,0.30357420444488525,0.29590821266174316,0.0,0.30469265580177307,0.30469265580177307,0.30469265580177307,0.30469265580177307,0.0,-0.04924493283033371,0.018897831439971924,-9.802401542663574,0.0,0.0,0.0,0.0,0.0,0.0,0.0,0.0,0.0,0.0,0.0,0.0,0.0,0.0,0.0,0.30469274520874023,0.30469274520874023,0.304692804813385,0.30469274520874023,0.2801383137702942,0.04114978387951851,0.04114978387951851,0.438982754945755,-0.03074648603796959,-0.08534707874059677,-0.001440341118723154,0.0,0.0,0.0,0.0,0.0,0.0,0.0
62407505616,0,-0.015670442953705788,-0.1340360790491104,-0.11096466332674026,-0.015670442953705788,-0.1340360790491104,-0.8109646439552307,-0.004755821079015732,0.004630169831216335,0.005756830796599388,0.0,0.0,0.0,-0.003538246965035796,-0.005930242594331503,2.3697049617767334,0.0,0.0,2.3697049617767334,-0.0007073213928379118,-0.0009303190163336694,0.002820814261212945,0.02855546772480011,0.047053441405296326,5.989950295770541e-06,0.0,0.0,0.0,-1.4668006896972656,10.048805236816406,0.0717611312866211,9.802193641662598,1.4964756965637207,-10.0,-9.876012802124023,11.969308853149414,2.0,2.0,20.44939613342285,0.2989746034145355,0.28977540135383606,0.30357420444488525,0.29590821266174316,0.0,0.30469265580177307,0.30469265580177307,0.30469265580177307,0.30469265580177307,0.0,-0.04924493283033371,0.018897831439971924,-9.802401542663574,0.0,0.0,0.0,0.0,0.0,0.0,0.0,0.0,0.0,0.0,0.0,0.0,0.0,0.0,0.0,0.30469274520874023,0.30469274520874023,0.304692804813385,0.30469274520874023,0.2801383137702942,0.04114978387951851,0.04114978387951851,0.438982754945755,-0.029126932844519615,-0.07298482209444046,-0.01107561495155096,0.0,0.0,0.0,0.0,0.0,0.0,0.0
62417528194,0,-0.015670442953705788,-0.1340360790491104,-0.11096466332674026,-0.015670442953705788,-0.1340360790491104,-0.8109646439552307,-0.004755821079015732,0.004630169831216335,0.005756830796599388,0.0,0.0,0.0,-0.003538246965035796,-0.005930242594331503,2.3697049617767334,0.0,0.0,2.3697049617767334,-0.000374889699742198,-0.0013116183690726757,0.0016774296527728438,0.02855546772480011,0.047053441405296326,5.989950295770541e-06,0.0,0.0,0.0,-1.465854287147522,10.048015594482422,0.07211685180664062,9.802233695983887,1.4959279298782349,-10.0,-9.875965118408203,11.960217475891113,2.0,2.0,20.45586585998535,0.2989746034145355,0.28977540135383606,0.30357420444488525,0.29590821266174316,0.0,0.30469265580177307,0.30469265580177307,0.30469265580177307,0.30469265580177307,0.0,-0.051246874034404755,0.04330163076519966,-9.790525436401367,0.0,0.0,0.0,0.0,0.0,0.0,0.0,0.0,0.0,0.0,0.0,0.0,0.0,0.0,0.0,0.30469274520874023,0.30469274520874023,0.304692804813385,0.30469274520874023,0.28008055686950684,0.04114978387951851,0.04114978387951851,0.43905961513519287,0.008074215613305569,-0.042231153696775436,-0.04805971682071686,0.0,0.0,0.0,0.0,0.0,0.0,0.0
62427438310,0,-0.015614600852131844,-0.13403776288032532,-0.1110430508852005,-0.015614600852131844,-0.13403776288032532,-0.8110430240631104,-0.004535561893135309,0.004779718350619078,0.005710758734494448,0.0,0.0,0.0,-0.0035566624719649553,-0.005926433019340038,2.3696999549865723,0.0,0.0,2.3696999549865723,-0.000374889699742198,-0.0013116183690726757,0.0016774296527728438,0.02855546772480011,0.047053441405296326,5.989950295770541e-06,0.0,0.0,0.0,-1.4661505222320557,10.04898452758789,0.07278919219970703,9.802309036254883,1.4946563243865967,-10.0,-9.875880241394043,11.943720817565918,2.0,2.0,20.475482940673828,0.2989746034145355,0.28977540135383606,0.30357420444488525,0.29590821266174316,0.0,0.30469265580177307,0.30469265580177307,0.30469265580177307,0.30469265580177307,0.0,-0.051246874034404755,0.04330163076519966,-9.790525436401367,0.0,0.0,0.0,0.0,0.0,0.0,0.0,0.0,0.0,0.0,0.0,0.0,0.0,0.0,0.0,0.30469274520874023,0.30469274520874023,0.304692804813385,0.30469274520874023,0.2795809507369995,0.04114978387951851,0.04114978387951851,0.4395298957824707,0.008074215613305569,-0.042231153696775436,-0.04805971682071686,0.0,0.0,0.0,0.0,0.0,0.0,0.0
62437527022,0,-0.01558647584170103,-0.13403937220573425,-0.11108178645372391,-0.01558647584170103,-0.13403937220573425,-0.8110817670822144,-0.004225658718496561,0.004978944081813097,0.005792727693915367,0.0,0.0,0.0,-0.0035344630014151335,-0.005966705735772848,2.3696956634521484,0.0,0.0,2.3696956634521484,0.0005003625410608947,-0.0017602704465389252,0.00043308240128681064,0.027869492769241333,0.04752526432275772,2.4715107429074124e-05,0.0,0.0,0.0,-1.4671854972839355,10.049715995788574,0.07409954071044922,9.802346229553223,1.4946563243865967,-10.0,-9.875880241394043,11.90899658203125,2.0,2.0,20.51261329650879,0.2989746034145355,0.28977540135383606,0.30357420444488525,0.29590821266174316,0.0,0.30469265580177307,0.30469265580177307,0.30469265580177307,0.30469265580177307,0.0,-0.051246874034404755,0.04330163076519966,-9.790525436401367,0.0,0.0,0.0,0.0,0.0,0.0,0.0,0.0,0.0,0.0,0.0,0.0,0.0,0.0,0.0,0.30469274520874023,0.30469274520874023,0.304692804813385,0.30469274520874023,0.2795809507369995,0.04114978387951851,0.04114978387951851,0.4395298957824707,0.043724410235881805,-0.04303430765867233,-0.08878961950540543,0.0,0.0,0.0,0.0,0.0,0.0,0.0
62447543551,0,-0.01558647584170103,-0.13403937220573425,-0.11108178645372391,-0.01558647584170103,-0.13403937220573425,-0.8110817670822144,-0.004225658718496561,0.004978944081813097,0.005792727693915367,0.0,0.0,0.0,-0.0035344630014151335,-0.005966705735772848,2.3696956634521484,0.0,0.0,2.3696956634521484,0.000348502304404974,-1.330679515376687e-05,-0.0006709708832204342,0.027869492769241333,0.04752526432275772,2.4715107429074124e-05,0.0,0.0,0.0,-1.4651615619659424,10.046551704406738,0.07453250885009766,9.802299499511719,1.492884635925293,-10.0,-9.875890731811523,11.895757675170898,2.0,2.0,20.515506744384766,0.2989746034145355,0.28977540135383606,0.30357420444488525,0.29590821266174316,0.0,0.30469265580177307,0.30469265580177307,0.30469265580177307,0.30469265580177307,0.0,-0.050253916531801224,0.031227972358465195,-9.798761367797852,0.0,0.0,0.0,0.0,0.0,0.0,0.0,0.0,0.0,0.0,0.0,0.0,0.0,0.0,0.0,0.30469274520874023,0.30469274520874023,0.304692804813385,0.30469274520874023,0.2789022922515869,0.04114978387951851,0.04114978387951851,0.44019901752471924,-0.00650029955431819,0.06058220937848091,-0.043397415429353714,0.0,0.0,0.0,0.0,0.0,0.0,0.0
62457377191,0,-0.015533936209976673,-0.1340397149324417,-0.11115512251853943,-0.015533936209976673,-0.1340397149324417,-0.8111550807952881,-0.004486363846808672,0.004834487568587065,0.00629380764439702,0.0,0.0,0.0,-0.0035455813631415367,-0.00593973882496357,2.36964750289917,0.0,0.0,2.36964750289917,0.000348502304404974,-1.330679515376687e-05,-0.0006709708832204342,0.028006533160805702,0.04714386537671089,4.853468908549985e-06,0.0,0.0,0.0,-1.4651615619659424,10.046551704406738,0.07453250885009766,9.802299499511719,1.492884635925293,-10.0,-9.875890731811523,11.895757675170898,2.0,2.0,20.515506744384766,0.2989746034145355,0.28977540135383606,0.30357420444488525,0.29590821266174316,0.0,0.30469265580177307,0.30469265580177307,0.30469265580177307,0.30469265580177307,0.0,-0.050253916531801224,0.031227972358465195,-9.798761367797852,0.0,0.0,0.0,0.0,0.0,0.0,0.0,0.0,0.0,0.0,0.0,0.0,0.0,0.0,0.0,0.30469274520874023,0.30469274520874023,0.304692804813385,0.30469274520874023,0.27864372730255127,0.04114978387951851,0.04114978387951851,0.4402512013912201,-0.00650029955431819,0.06058220937848091,-0.043397415429353714,0.0,0.0,0.0,0.0,0.0,0.0,0.0
62467576242,0,-0.015500898472964764,-0.1340860277414322,-0.11125931143760681,-0.015500898472964764,-0.1340860277414322,-0.8112592697143555,-0.004558590240776539,0.004499167203903198,0.0059101758524775505,0.0,0.0,0.0,-0.0035050532314926386,-0.005846614483743906,2.3696024417877197,0.0,0.0,2.3696024417877197,0.0001816120493458584,0.002392549067735672,-0.0004906478570774198,0.028006533160805702,0.04714386537671089,4.853468908549985e-06,0.0,0.0,0.0,-1.4651615619659424,10.046551704406738,0.07453250885009766,9.802299499511719,1.492884635925293,-10.0,-9.875890731811523,11.90273380279541,2.0,2.0,20.497453689575195,0.2989746034145355,0.28977540135383606,0.30357420444488525,0.29590821266174316,0.0,0.30469265580177307,0.30469265580177307,0.30469265580177307,0.30469265580177307,0.0,-0.038630515336990356,0.02297391928732395,-9.81109619140625,0.0,0.0,0.0,0.0,0.0,0.0,0.0,0.0,0.0,0.0,0.0,0.0,0.0,0.0,0.0,0.30469274520874023,0.30469274520874023,0.304692804813385,0.30469274520874023,0.27864372730255127,0.04114978387951851,0.04114978387951851,0.4402512013912201,-0.006531518884003162,0.10867274552583694,-0.0027210996486246586,0.0,0.0,0.0,0.0,0.0,0.0,0.0
62478080354,0,-0.015500898472964764,-0.1340860277414322,-0.11125931143760681,-0.015500898472964764,-0.1340860277414322,-0.8112592697143555,-0.004558590240776539,0.004499167203903198,0.0059101758524775505,0.0,0.0,0.0,-0.0035050532314926386,-0.005846614483743906,2.3696024417877197,0.0,0.0,2.3696024417877197,0.0001816120493458584,0.002392549067735672,-0.0004906478570774198,0.027865121141076088,0.04648047313094139,3.7190115108387545e-05,0.0,0.0,0.0,-1.463800072669983,10.043137550354004,0.07413768768310547,9.802193641662598,1.4917261600494385,-10.0,-9.875923156738281,11.90273380279541,2.0,2.0,20.497453689575195,0.2989746034145355,0.28977540135383606,0.30357420444488525,0.29590821266174316,0.0,0.30469265580177307,0.30469265580177307,0.30469265580177307,0.30469265580177307,0.0,-0.038630515336990356,0.02297391928732395,-9.81109619140625,0.0,0.0,0.0,0.0,0.0,0.0,0.0,0.0,0.0,0.0,0.0,0.0,0.0,0.0,0.0,0.30469274520874023,0.30469274520874023,0.304692804813385,0.30469274520874023,0.27877989411354065,0.04114978387951851,0.04114978387951851,0.43992576003074646,-0.006531518884003162,0.10867274552583694,-0.0027210996486246586,0.0,0.0,0.0,0.0,0.0,0.0,0.0
62487298898,0,-0.015500898472964764,-0.1340860277414322,-0.11125931143760681,-0.015500898472964764,-0.1340860277414322,-0.8112592697143555,-0.004558590240776539,0.004499167203903198,0.0059101758524775505,0.0,0.0,0.0,-0.0035050532314926386,-0.005846614483743906,2.3696024417877197,0.0,0.0,2.3696024417877197,0.0009732170728966594,0.0032462601084262133,0.00032727199140936136,0.02760433591902256,0.04589433595538139,-2.369166031712666e-05,0.0,0.0,0.0,-1.464827060699463,10.041955947875977,0.07311058044433594,9.802197456359863,1.4911093711853027,-10.0,-9.87592887878418,11.926095008850098,2.0,2.0,20.470401763916016,0.2989746034145355,0.28977540135383606,0.30357420444488525,0.29590821266174316,0.0,0.30469265580177307,0.30469265580177307,0.30469265580177307,0.30469265580177307,0.0,-0.04608982056379318,0.025230562314391136,-9.806314468383789,0.0,0.0,0.0,0.0,0.0,0.0,0.0,0.0,0.0,0.0,0.0,0.0,0.0,0.0,0.0,0.30469274520874023,0.30469274520874023,0.304692804813385,0.30469274520874023,0.27923640608787537,0.04114978387951851,0.04114978387951851,0.4394384026527405,0.03062153421342373,0.09223482757806778,0.03879523277282715,0.0,0.0,0.0,0.0,0.0,0.0,0.0
62497534888,0,-0.015474693849682808,-0.1341160088777542,-0.11129327863454819,-0.015474693849682808,-0.1341160088777542,-0.8112932443618774,-0.004434587433934212,0.004514955449849367,0.005890657659620047,0.0,0.0,0.0,-0.0034669125452637672,-0.0058018905110657215,2.369598627090454,0.0,0.0,2.369598627090454,0.001627391786314547,0.0011741959024220705,0.0015230558346956968,0.02760433591902256,0.04589433595538139,-2.369166031712666e-05,0.0,0.0,0.0,-1.4645979404449463,10.045570373535156,0.07194042205810547,9.8023099899292,1.4899892807006836,-10.0,-9.875895500183105,11.962871551513672,2.0,2.0,20.44525146484375,0.2989746034145355,0.28977540135383606,0.30357420444488525,0.29590821266174316,0.0,0.30469265580177307,0.30469265580177307,0.30469265580177307,0.30469265580177307,0.0,-0.03802524879574776,0.011851717717945576,-9.800298690795898,0.0,0.0,0.0,0.0,0.0,0.0,0.0,0.0,0.0,0.0,0.0,0.0,0.0,0.0,0.0,0.30469274520874023,0.30469274520874023,0.304692804813385,0.30469274520874023,0.27923640608787537,0.04114978387951851,0.04114978387951851,0.4394384026527405,0.0226672925055027,-0.06613796949386597,0.050856202840805054,0.0,0.0,0.0,0.0,0.0,0.0,0.0
62508031022,0,-0.01542260404676199,-0.1341715008020401,-0.11136084794998169,-0.01542260404676199,-0.1341715008020401,-0.8113608360290527,-0.004049413837492466,0.0047355880960822105,0.005779758095741272,0.0,0.0,0.0,-0.0034652561880648136,-0.005797671154141426,2.3696367740631104,0.0,0.0,2.3696367740631104,0.001627391786314547,0.0011741959024220705,0.0015230558346956968,0.02724543772637844,0.04608296602964401,7.5821699283551425e-06,0.0,0.0,0.0,-1.4645979404449463,10.045570373535156,0.07194042205810547,9.8023099899292,1.4899892807006836,-10.0,-9.875895500183105,11.962871551513672,2.0,2.0,20.44525146484375,0.2989746034145355,0.28977540135383606,0.30357420444488525,0.29590821266174316,0.0,0.30469265580177307,0.30469265580177307,0.30469265580177307,0.30469265580177307,0.0,-0.0426848940551281,0.022215520963072777,-9.80752182006836,0.0,0.0,0.0,0.0,0.0,0.0,0.0,0.0,0.0,0.0,0.0,0.0,0.0,0.0,0.0,0.30469274520874023,0.30469274520874023,0.304692804813385,0.30469274520874023,0.27995482087135315,0.04114978387951851,0.04114978387951851,0.4389849901199341,0.0226672925055027,-0.06613796949386597,0.050856202840805054,0.0,0.0,0.0,0.0,0.0,0.0,0.0
62517422752,0,-0.01542260404676199,-0.1341715008020401,-0.11136084794998169,-0.01542260404676199,-0.1341715008020401,-0.8113608360290527,-0.004049413837492466,0.0047355880960822105,0.005779758095741272,0.0,0.0,0.0,-0.0034652561880648136,-0.005797671154141426,2.3696367740631104,0.0,0.0,2.3696367740631104,0.001158765982836485,-0.00011675269342958927,0.002245235024020076,0.02724543772637844,0.04608296602964401,7.5821699283551425e-06,0.0,0.0,0.0,-1.4632576704025269,10.047165870666504,0.07122421264648438,9.802350044250488,1.4893871545791626,-10.0,-9.875861167907715,11.986272811889648,2.0,2.0,20.42688751220703,0.2989746034145355,0.28977540135383606,0.30357420444488525,0.29590821266174316,0.0,0.30469265580177307,0.30469265580177307,0.30469265580177307,0.30469265580177307,0.0,-0.0426848940551281,0.022215520963072777,-9.80752182006836,0.0,0.0,0.0,0.0,0.0,0.0,0.0,0.0,0.0,0.0,0.0,0.0,0.0,0.0,0.0,0.30469274520874023,0.30469274520874023,0.304692804813385,0.30469274520874023,0.2804117798805237,0.04114978387951851,0.04114978387951851,0.43865397572517395,-0.01274742279201746,-0.09352900087833405,0.05900638550519943,0.0,0.0,0.0,0.0,0.0,0.0,0.0
62527498022,0,-0.015396727249026299,-0.13419890403747559,-0.11139523983001709,-0.015396727249026299,-0.13419890403747559,-0.8113952279090881,-0.004027984570711851,0.004836100619286299,0.005961648188531399,0.0,0.0,0.0,-0.0034494625870138407,-0.0057806167751550674,2.3696377277374268,0.0,0.0,2.369637966156006,-0.0001182106279884465,-0.0009178741020150483,0.002865701913833618,0.027160802856087685,0.046114031225442886,-1.66443751368206e-05,0.0,0.0,0.0,-1.4601682424545288,10.047449111938477,0.07099723815917969,9.802300453186035,1.488247036933899,-10.0,-9.875772476196289,11.997506141662598,2.0,2.0,20.416316986083984,0.2989746034145355,0.28977540135383606,0.30357420444488525,0.29590821266174316,0.0,0.30469265580177307,0.30469265580177307,0.30469265580177307,0.30469265580177307,0.0,-0.016185514628887177,0.02651568315923214,-9.806108474731445,0.0,0.0,0.0,0.0,0.0,0.0,0.0,0.0,0.0,0.0,0.0,0.0,0.0,0.0,0.0,0.30469274520874023,0.30469274520874023,0.304692804813385,0.30469274520874023,0.2804117798805237,0.04114978387951851,0.04114978387951851,0.43865397572517395,-0.05370491370558739,-0.0527157336473465,0.03359341248869896,0.0,0.0,0.0,0.0,0.0,0.0,0.0
62537253167,0,-0.015350252389907837,-0.1342499554157257,-0.11145949363708496,-0.015350252389907837,-0.1342499554157257,-0.811459481716156,-0.00456986716017127,0.00454820366576314,0.006050240248441696,0.0,0.0,0.0,-0.003464935114607215,-0.005789393093436956,2.3696842193603516,0.0,0.0,2.3696842193603516,-0.0001182106279884465,-0.0009178741020150483,0.002865701913833618,0.027423564344644547,0.04600411280989647,1.3305705579114147e-05,0.0,0.0,0.0,-1.4601682424545288,10.047449111938477,0.07099723815917969,9.802300453186035,1.488247036933899,-10.0,-9.875772476196289,11.997506141662598,2.0,2.0,20.416316986083984,0.2989746034145355,0.28977540135383606,0.30357420444488525,0.29590821266174316,0.0,0.30469265580177307,0.30469265580177307,0.30469265580177307,0.30469265580177307,0.0,-0.016185514628887177,0.02651568315923214,-9.806108474731445,0.0,0.0,0.0,0.0,0.0,0.0,0.0,0.0,0.0,0.0,0.0,0.0,0.0,0.0,0.0,0.30469274520874023,0.30469274520874023,0.304692804813385,0.30469274520874023,0.28063103556632996,0.04114978387951851,0.04114978387951851,0.43846338987350464,-0.05370491370558739,-0.0527157336473465,0.03359341248869896,0.0,0.0,0.0,0.0,0.0,0.0,0.0
62547666499,0,-0.015350252389907837,-0.1342499554157257,-0.11145949363708496,-0.015350252389907837,-0.1342499554157257,-0.811459481716156,-0.00456986716017127,0.00454820366576314,0.006050240248441696,0.0,0.0,0.0,-0.003464935114607215,-0.005789393093436956,2.3696842193603516,0.0,0.0,2.3696842193603516,-0.0007280150311999023,0.0008048606687225401,0.0016190067399293184,0.027423564344644547,0.04600411280989647,1.3305705579114147e-05,0.0,0.0,0.0,-1.4601682424545288,10.047449111938477,0.07099723815917969,9.802300453186035,1.488247036933899,-10.0,-9.875772476196289,11.997506141662598,2.0,2.0,20.416316986083984,0.2989746034145355,0.28977540135383606,0.30357420444488525,0.29590821266174316,0.0,0.30469265580177307,0.30469265580177307,0.30469265580177307,0.30469265580177307,0.0,-0.02480362355709076,0.06513040512800217,-9.799347877502441,0.0,0.0,0.0,0.0,0.0,0.0,0.0,0.0,0.0,0.0,0.0,0.0,0.0,0.0,0.0,0.30469274520874023,0.30469274520874023,0.304692804813385,0.30469274520874023,0.28063103556632996,0.04114978387951851,0.04114978387951851,0.43846338987350464,-0.02738640457391739,0.03455221652984619,-0.035696953535079956,0.0,0.0,0.0,0.0,0.0,0.0,0.0
62557351182,0,-0.01529035996645689,-0.13432717323303223,-0.11155456304550171,-0.01529035996645689,-0.13432717323303223,-0.8115545511245728,-0.004873783327639103,0.003756802063435316,0.005535393487662077,0.0,0.0,0.0,-0.003445634851232171,-0.005723393522202969,2.369661569595337,0.0,0.0,2.369661569595337,-0.0007280150311999023,0.0008048606687225401,0.0016190067399293184,0.027392756193876266,0.045500874519348145,3.675335392472334e-05,0.0,0.0,0.0,-1.4583903551101685,10.04439640045166,0.07268333435058594,9.802192687988281,1.4869849681854248,-10.0,-9.87568473815918,11.951279640197754,2.0,2.0,20.452547073364258,0.2989746034145355,0.28977540135383606,0.30357420444488525,0.29590821266174316,0.0,0.30469265580177307,0.30469265580177307,0.30469265580177307,0.30469265580177307,0.0,-0.02480362355709076,0.06513040512800217,-9.799347877502441,0.0,0.0,0.0,0.0,0.0,0.0,0.0,0.0,0.0,0.0,0.0,0.0,0.0,0.0,0.0,0.30469274520874023,0.30469274520874023,0.304692804813385,0.30469274520874023,0.2797284424304962,0.04114978387951851,0.04114978387951851,0.4391164779663086,-0.02738640457391739,0.03455221652984619,-0.035696953535079956,0.0,0.0,0.0,0.0,0.0,0.0,0.0
62567579142,0,-0.015275288373231888,-0.1343546360731125,-0.1115855723619461,-0.015275288373231888,-0.1343546360731125,-0.811585545539856,-0.005004465114325285,0.0036585796624422073,0.005482085514813662,0.0,0.0,0.0,-0.0034592177253216505,-0.005777720827609301,2.3696250915527344,0.0,0.0,2.3696250915527344,-0.0005934707005508244,-0.0003076674183830619,0.0006928197108209133,0.027500886470079422,0.04593268781900406,5.583024176303297e-05,0.0,0.0,0.0,-1.45802903175354,10.046228408813477,0.07361507415771484,9.802201271057129,1.4869849681854248,-10.0,-9.87568473815918,11.930415153503418,2.0,2.0,20.479249954223633,0.2989746034145355,0.28977540135383606,0.30357420444488525,0.29590821266174316,0.0,0.30469265580177307,0.30469265580177307,0.30469265580177307,0.30469265580177307,0.0,-0.0445755273103714,0.07578641176223755,-9.790892601013184,0.0,0.0,0.0,0.0,0.0,0.0,0.0,0.0,0.0,0.0,0.0,0.0,0.0,0.0,0.0,0.30469274520874023,0.30469274520874023,0.304692804813385,0.30469274520874023,0.2797284424304962,0.04114978387951851,0.04114978387951851,0.4391164779663086,-0.01000884361565113,-0.033354729413986206,-0.06523820757865906,0.0,0.0,0.0,0.0,0.0,0.0,0.0
62577784375,0,-0.015275288373231888,-0.1343546360731125,-0.1115855723619461,-0.015275288373231888,-0.1343546360731125,-0.811585545539856,-0.005004465114325285,0.0036585796624422073,0.005482085514813662,0.0,0.0,0.0,-0.0034592177253216505,-0.005777720827609301,2.3696250915527344,0.0,0.0,2.3696250915527344,-0.0009538574377074838,0.0006598330801352859,-0.001047736150212586,0.027500886470079422,0.04593268781900406,5.583024176303297e-05,0.0,0.0,0.0,-1.45802903175354,10.046228408813477,0.07361507415771484,9.802201271057129,1.4864444732666016,-10.0,-9.875667572021484,11.930415153503418,2.0,2.0,20.479249954223633,0.2989746034145355,0.28977540135383606,0.30357420444488525,0.29590821266174316,0.0,0.30469265580177307,0.30469265580177307,0.30469265580177307,0.30469265580177307,0.0,-0.028177708387374878,0.04229246824979782,-9.789259910583496,0.0,0.0,0.0,0.0,0.0,0.0,0.0,0.0,0.0,0.0,0.0,0.0,0.0,0.0,0.0,0.30469274520874023,0.30469274520874023,0.304692804813385,0.30469274520874023,0.2793208062648773,0.04114978387951851,0.04114978387951851,0.4395976662635803,-0.008454871363937855,0.04677257686853409,-0.07805057615041733,0.0,0.0,0.0,0.0,0.0,0.0,0.0
62587521170,0,-0.01528594084084034,-0.1343812346458435,-0.11164858192205429,-0.01528594084084034,-0.1343812346458435,-0.8116485476493835,-0.005271929316222668,0.00367741659283638,0.0056646293960511684,0.0,0.0,0.0,-0.0034902188926935196,-0.0057120779529213905,2.3695688247680664,0.0,0.0,2.3695688247680664,-0.0009538574377074838,0.0006598330801352859,-0.001047736150212586,0.02755207195878029,0.04516617953777313,3.932569234166294e-05,0.0,0.0,0.0,-1.4564749002456665,10.044282913208008,0.07496070861816406,9.802318572998047,1.4852604866027832,-10.0,-9.875682830810547,11.894522666931152,2.0,2.0,20.508731842041016,0.2989746034145355,0.28977540135383606,0.30357420444488525,0.29590821266174316,0.0,0.30469265580177307,0.30469265580177307,0.30469265580177307,0.30469265580177307,0.0,-0.028177708387374878,0.04229246824979782,-9.789259910583496,0.0,0.0,0.0,0.0,0.0,0.0,0.0,0.0,0.0,0.0,0.0,0.0,0.0,0.0,0.0,0.30469274520874023,0.30469274520874023,0.304692804813385,0.30469274520874023,0.2786194980144501,0.04114978387951851,0.04114978387951851,0.44012904167175293,-0.008454871363937855,0.04677257686853409,-0.07805057615041733,0.0,0.0,0.0,0.0,0.0,0.0,0.0
62597553057,0,-0.01528594084084034,-0.1343812346458435,-0.11164858192205429,-0.015276268124580383,-0.13437873125076294,-0.8116805553436279,-0.005271929316222668,0.00367741659283638,0.0056646293960511684,0.0,0.0,0.0,-0.0034902188926935196,-0.0057120779529213905,2.3695688247680664,0.0,0.0,2.369546890258789,-0.0009026083280332386,0.0016348110511898994,-0.0008259111782535911,0.02755207195878029,0.04516617953777313,3.932569234166294e-05,0.0,0.0,0.0,-1.4562300443649292,10.042826652526855,0.07426643371582031,9.802351951599121,1.484626054763794,-10.0,-9.875706672668457,11.91072940826416,2.0,2.0,20.487838745117188,0.2989746034145355,0.2882421910762787,0.30357420444488525,0.29590821266174316,0.0,0.30469265580177307,0.30469265580177307,0.30469265580177307,0.30469265580177307,0.0,-0.03678030148148537,0.052612315863370895,-9.79943561553955,0.0,0.0,0.0,0.0,0.0,0.0,0.0,0.0,0.0,0.0,0.0,0.0,0.0,0.0,0.0,0.30469274520874023,0.30469274520874023,0.304692804813385,0.30469274520874023,0.2789362967014313,0.04114978387951851,0.04114978387951851,0.4397524893283844,0.001248581218533218,0.06362373381853104,-0.028384437784552574,0.0,0.0,0.0,0.0,0.0,0.0,0.0
62607483396,0,-0.015276268124580383,-0.13437873125076294,-0.11168056726455688,-0.015276268124580383,-0.13437873125076294,-0.8116805553436279,-0.0054843672551214695,0.0035770931281149387,0.00556750874966383,0.0,0.0,0.0,-0.0035086001735180616,-0.005677361041307449,2.36954665184021,0.0,0.0,2.369546890258789,-0.00033381959656253457,0.0014399555511772633,-5.892093759030104e-05,0.027505915611982346,0.04509737715125084,1.1475796782178804e-05,0.0,0.0,0.0,-1.4557479619979858,10.042474746704102,0.07339096069335938,9.802338600158691,1.484626054763794,-10.0,-9.875706672668457,11.933820724487305,2.0,2.0,20.46359634399414,0.2989746034145355,0.28977540135383606,0.30357420444488525,0.29590821266174316,0.0,0.30469265580177307,0.30469265580177307,0.30469265580177307,0.30469265580177307,0.0,-0.043397098779678345,0.01164957880973816,-9.781203269958496,0.0,0.0,0.0,0.0,0.0,0.0,0.0,0.0,0.0,0.0,0.0,0.0,0.0,0.0,0.0,0.30469274520874023,0.30469274520874023,0.304692804813385,0.30469274520874023,0.2789362967014313,0.04114978387951851,0.04114978387951851,0.4397524893283844,0.027641287073493004,0.000534063030499965,0.014015897177159786,0.0,0.0,0.0,0.0,0.0,0.0,0.0
62617354016,0,-0.015259793028235435,-0.13437128067016602,-0.11174123734235764,-0.015259793028235435,-0.13437128067016602,-0.8117412328720093,-0.005543879233300686,0.0033046796452254057,0.005946762394160032,0.0,0.0,0.0,-0.0035034811589866877,-0.0056601702235639095,2.369533061981201,0.0,0.0,2.369533061981201,-0.00033381959656253457,0.0014399555511772633,-5.892093759030104e-05,0.027792219072580338,0.04481974616646767,2.7095935365650803e-05,0.0,0.0,0.0,-1.4555978775024414,10.043374061584473,0.07335567474365234,9.802289962768555,1.484626054763794,-10.0,-9.875706672668457,11.936424255371094,2.0,2.0,20.4638729095459,0.2989746034145355,0.28977540135383606,0.30357420444488525,0.29590821266174316,0.0,0.30469265580177307,0.30469265580177307,0.30469265580177307,0.30469265580177307,0.0,-0.043397098779678345,0.01164957880973816,-9.781203269958496,0.0,0.0,0.0,0.0,0.0,0.0,0.0,0.0,0.0,0.0,0.0,0.0,0.0,0.0,0.0,0.30469274520874023,0.30469274520874023,0.304692804813385,0.30469274520874023,0.2789362967014313,0.04114978387951851,0.04114978387951851,0.4397524893283844,0.027641287073493004,0.000534063030499965,0.014015897177159786,0.0,0.0,0.0,0.0,0.0,0.0,0.0
62627339590,0,-0.015259793028235435,-0.13437128067016602,-0.11174123734235764,-0.015259793028235435,-0.13437128067016602,-0.8117412328720093,-0.005543879233300686,0.0033046796452254057,0.005946762394160032,0.0,0.0,0.0,-0.0035034811589866877,-0.0056601702235639095,2.369533061981201,0.0,0.0,2.369533061981201,0.00023789027181919664,-0.0010095282923430204,0.001332186977379024,0.027792219072580338,0.04481974616646767,2.7095935365650803e-05,0.0,0.0,0.0,-1.454898476600647,10.047124862670898,0.07187080383300781,9.802191734313965,1.483447551727295,-10.0,-9.875720977783203,11.981830596923828,2.0,2.0,20.429346084594727,0.2989746034145355,0.28977540135383606,0.30357420444488525,0.29590821266174316,0.0,0.30469265580177307,0.30469265580177307,0.30469265580177307,0.30469265580177307,0.0,-0.05253205820918083,0.030221663415431976,-9.814324378967285,0.0,0.0,0.0,0.0,0.0,0.0,0.0,0.0,0.0,0.0,0.0,0.0,0.0,0.0,0.0,0.30469274520874023,0.30469274520874023,0.304692804813385,0.30469274520874023,0.2794383466243744,0.04114978387951851,0.04114978387951851,0.4393206238746643,0.03450203314423561,-0.08982428163290024,0.05978219956159592,0.0,0.0,0.0,0.0,0.0,0.0,0.0
62639371922,0,-0.015240910463035107,-0.13436710834503174,-0.11179474741220474,-0.015240910463035107,-0.13436710834503174,-0.8117947578430176,-0.005339124705642462,0.003080219030380249,0.0056225270964205265,0.0,0.0,0.0,-0.003472202457487583,-0.005667889956384897,2.3695058822631836,0.0,0.0,2.3695058822631836,0.00023789027181919664,-0.0010095282923430204,0.001332186977379024,0.027885111048817635,0.0452168807387352,-5.9971196606056765e-05,0.0,0.0,0.0,-1.454898476600647,10.047124862670898,0.07187080383300781,9.802191734313965,1.4822006225585938,-10.0,-9.875704765319824,11.981830596923828,2.0,2.0,20.429346084594727,0.2989746034145355,0.28977540135383606,0.30357420444488525,0.29590821266174316,0.0,0.30469265580177307,0.30469265580177307,0.30469265580177307,0.30469265580177307,0.0,-0.05253205820918083,0.030221663415431976,-9.814324378967285,0.0,0.0,0.0,0.0,0.0,0.0,0.0,0.0,0.0,0.0,0.0,0.0,0.0,0.0,0.0,0.30469274520874023,0.30469274520874023,0.304692804813385,0.30469274520874023,0.28032514452934265,0.04114978387951851,0.04114978387951851,0.4386981725692749,0.03450203314423561,-0.08982428163290024,0.05978219956159592,0.0,0.0,0.0,0.0,0.0,0.0,0.0
62647456348,0,-0.015223278664052486,-0.13436663150787354,-0.1118481233716011,-0.015223278664052486,-0.13436663150787354,-0.8118481040000916,-0.004729942884296179,0.003307644510641694,0.005538202356547117,0.0,0.0,0.0,-0.00347878597676754,-0.0056821671314537525,2.3695478439331055,0.0,0.0,2.3695478439331055,0.0003790272166952491,-0.001423147739842534,0.002082299906760454,0.027885111048817635,0.0452168807387352,-5.9971196606056765e-05,0.0,0.0,0.0,-1.454898476600647,10.047124862670898,0.07187080383300781,9.802191734313965,1.4822006225585938,-10.0,-9.875704765319824,11.999327659606934,2.0,2.0,20.41361427307129,0.2989746034145355,0.28977540135383606,0.30357420444488525,0.29590821266174316,0.0,0.30469265580177307,0.30469265580177307,0.30469265580177307,0.30469265580177307,0.0,-0.05749533697962761,0.06289242208003998,-9.803391456604004,0.0,0.0,0.0,0.0,0.0,0.0,0.0,0.0,0.0,0.0,0.0,0.0,0.0,0.0,0.0,0.30469274520874023,0.30469274520874023,0.304692804813385,0.30469274520874023,0.28032514452934265,0.04114978387951851,0.04114978387951851,0.4386981725692749,0.027478037402033806,-0.06425302475690842,0.06643910706043243,0.0,0.0,0.0,0.0,0.0,0.0,0.0
62657407263,0,-0.015223278664052486,-0.13436663150787354,-0.1118481233716011,-0.015223278664052486,-0.13436663150787354,-0.8118481040000916,-0.004729942884296179,0.003307644510641694,0.005538202356547117,0.0,0.0,0.0,-0.00347878597676754,-0.0056821671314537525,2.3695478439331055,0.0,0.0,2.3695478439331055,0.00021045671019237489,0.0005103592411614954,0.0030045309104025364,0.02765599824488163,0.04517331346869469,-4.704326329374453e-06,0.0,0.0,0.0,-1.4528803825378418,10.04385757446289,0.07061290740966797,9.802191734313965,1.4815820455551147,-10.0,-9.875672340393066,12.01321029663086,2.0,2.0,20.38848304748535,0.2989746034145355,0.28977540135383606,0.30357420444488525,0.29590821266174316,0.0,0.30469265580177307,0.30469265580177307,0.30469265580177307,0.30469265580177307,0.0,-0.07540110498666763,0.02185666933655739,-9.793499946594238,0.0,0.0,0.0,0.0,0.0,0.0,0.0,0.0,0.0,0.0,0.0,0.0,0.0,0.0,0.0,0.30469274520874023,0.30469274520874023,0.304692804813385,0.30469274520874023,0.2806665599346161,0.04114978387951851,0.04114978387951851,0.43841448426246643,0.00516892597079277,0.04755985364317894,0.05240534991025925,0.0,0.0,0.0,0.0,0.0,0.0,0.0
62667101571,0,-0.015223278664052486,-0.13436663150787354,-0.1118481233716011,-0.015178428031504154,-0.13436873257160187,-0.811930775642395,-0.004729942884296179,0.003307644510641694,0.005538202356547117,0.0,0.0,0.0,-0.00347878597676754,-0.0056821671314537525,2.3695478439331055,0.0,0.0,2.3696117401123047,-0.00043947098311036825,0.0011745269875973463,0.0026463770773261786,0.02749353088438511,0.04466233775019646,1.6793299437267706e-05,0.0,0.0,0.0,-1.4528803825378418,10.04385757446289,0.07061290740966797,9.802191734313965,1.4804348945617676,-10.0,-9.875585556030273,12.01321029663086,2.0,2.0,20.38848304748535,0.2989746034145355,0.28977540135383606,0.30357420444488525,0.29590821266174316,0.0,0.30469265580177307,0.30469265580177307,0.30469265580177307,0.30469265580177307,0.0,-0.07540110498666763,0.02185666933655739,-9.793499946594238,0.0,0.0,0.0,0.0,0.0,0.0,0.0,0.0,0.0,0.0,0.0,0.0,0.0,0.0,0.0,0.30469274520874023,0.30469274520874023,0.304692804813385,0.30469274520874023,0.2809375822544098,0.04114978387951851,0.04114978387951851,0.4379613399505615,-0.024708637967705727,0.052748050540685654,0.0033914081286638975,0.0,0.0,0.0,0.0,0.0,0.0,0.0
62677423985,0,-0.015178428031504154,-0.13436873257160187,-0.11193080991506577,-0.015178428031504154,-0.13436873257160187,-0.811930775642395,-0.003973699640482664,0.002808990888297558,0.005701523739844561,0.0,0.0,0.0,-0.0035049247089773417,-0.005628622602671385,2.3696117401123047,0.0,0.0,2.3696117401123047,-0.00043947098311036825,0.0011745269875973463,0.0026463770773261786,0.02784460224211216,0.04468259960412979,3.5850061976816505e-05,0.0,0.0,0.0,-1.4511913061141968,10.042980194091797,0.07134056091308594,9.802191734313965,1.479722499847412,-10.0,-9.875524520874023,11.99541187286377,2.0,2.0,20.40330696105957,0.2989746034145355,0.28977540135383606,0.30357420444488525,0.29590821266174316,0.0,0.30469265580177307,0.30469265580177307,0.30469265580177307,0.30469265580177307,0.0,-0.0678449273109436,0.012923992238938808,-9.814469337463379,0.0,0.0,0.0,0.0,0.0,0.0,0.0,0.0,0.0,0.0,0.0,0.0,0.0,0.0,0.0,0.30469274520874023,0.30469274520874023,0.304692804813385,0.30469274520874023,0.28059014678001404,0.04114978387951851,0.04114978387951851,0.4382287859916687,-0.024708637967705727,0.052748050540685654,0.0033914081286638975,0.0,0.0,0.0,0.0,0.0,0.0,0.0
62687890927,0,-0.015178428031504154,-0.13436873257160187,-0.11193080991506577,-0.01514384150505066,-0.13438735902309418,-0.8119576573371887,-0.003973699640482664,0.002808990888297558,0.005701523739844561,0.0,0.0,0.0,-0.0035049247089773417,-0.005628622602671385,2.3696117401123047,0.0,0.0,2.3695850372314453,-0.0008900315733626485,0.0019139358773827553,0.0020662120077759027,0.02784460224211216,0.04468259960412979,3.5850061976816505e-05,0.0,0.0,0.0,-1.4511913061141968,10.042980194091797,0.07134056091308594,9.802191734313965,1.479722499847412,-10.0,-9.875524520874023,11.99541187286377,2.0,2.0,20.40330696105957,0.2989746034145355,0.28977540135383606,0.30357420444488525,0.29590821266174316,0.0,0.30469265580177307,0.30469265580177307,0.30469265580177307,0.30469265580177307,0.0,-0.0678449273109436,0.012923992238938808,-9.814469337463379,0.0,0.0,0.0,0.0,0.0,0.0,0.0,0.0,0.0,0.0,0.0,0.0,0.0,0.0,0.0,0.30469274520874023,0.30469274520874023,0.304692804813385,0.30469274520874023,0.28059014678001404,0.04114978387951851,0.04114978387951851,0.4382287859916687,-0.03178401291370392,0.06327196210622787,-0.02469968982040882,0.0,0.0,0.0,0.0,0.0,0.0,0.0
62697385045,0,-0.01514384150505066,-0.13438735902309418,-0.11195769160985947,-0.01514384150505066,-0.13438735902309418,-0.8119576573371887,-0.003705633571371436,0.0025646360591053963,0.005676732864230871,0.0,0.0,0.0,-0.0035124022979289293,-0.005584591068327427,2.3695850372314453,0.0,0.0,2.3695850372314453,-0.0008900315733626485,0.0019139358773827553,0.0020662120077759027,0.02811472676694393,0.0442558117210865,-1.7604521417524666e-05,0.0,0.0,0.0,-1.449857234954834,10.041708946228027,0.07197856903076172,9.802191734313965,1.479179859161377,-10.0,-9.875486373901367,11.978769302368164,2.0,2.0,20.415739059448242,0.2989746034145355,0.28977540135383606,0.30357420444488525,0.29590821266174316,0.0,0.30469265580177307,0.30469265580177307,0.30469265580177307,0.30469265580177307,0.0,-0.05482429265975952,-0.010151241905987263,-9.79638957977295,0.0,0.0,0.0,0.0,0.0,0.0,0.0,0.0,0.0,0.0,0.0,0.0,0.0,0.0,0.0,0.30469274520874023,0.30469274520874023,0.304692804813385,0.30469274520874023,0.2802651524543762,0.04114978387951851,0.04114978387951851,0.43845292925834656,-0.03178401291370392,0.06327196210622787,-0.02469968982040882,0.0,0.0,0.0,0.0,0.0,0.0,0.0
62707658157,0,-0.015066850930452347,-0.13441762328147888,-0.11201345175504684,-0.015066850930452347,-0.13441762328147888,-0.8120134472846985,-0.0027906952891498804,0.002709771040827036,0.005524723324924707,0.0,0.0,0.0,-0.003514142706990242,-0.005589525680989027,2.3696115016937256,0.0,0.0,2.3696115016937256,-0.0003452927921898663,0.0006930693052709103,0.001269530039280653,0.02811472676694393,0.0442558117210865,-1.7604521417524666e-05,0.0,0.0,0.0,-1.4498462677001953,10.043891906738281,0.07267093658447266,9.802194595336914,1.4780009984970093,-10.0,-9.875426292419434,11.964181900024414,2.0,2.0,20.437326431274414,0.2989746034145355,0.28977540135383606,0.30357420444488525,0.29590821266174316,0.0,0.30469265580177307,0.30469265580177307,0.30469265580177307,0.30469265580177307,0.0,-0.06099143996834755,-0.009047463536262512,-9.810802459716797,0.0,0.0,0.0,0.0,0.0,0.0,0.0,0.0,0.0,0.0,0.0,0.0,0.0,0.0,0.0,0.30469274520874023,0.30469274520874023,0.304692804813385,0.30469274520874023,0.2799803614616394,0.04114978387951851,0.04114978387951851,0.43884214758872986,0.02408977970480919,-0.029875144362449646,-0.037311654537916183,0.0,0.0,0.0,0.0,0.0,0.0,0.0
62717559604,0,-0.015066850930452347,-0.13441762328147888,-0.11201345175504684,-0.015066850930452347,-0.13441762328147888,-0.8120134472846985,-0.0027906952891498804,0.002709771040827036,0.005524723324924707,0.0,0.0,0.0,-0.003514142706990242,-0.005589525680989027,2.3696115016937256,0.0,0.0,2.3696115016937256,-0.00012445882020983845,0.0007081559742800891,0.000784066622145474,0.027884051203727722,0.04412854090332985,-1.3015882359468378e-05,0.0,0.0,0.0,-1.4497125148773193,10.04356575012207,0.07305526733398438,9.802226066589355,1.4774643182754517,-10.0,-9.875408172607422,11.953813552856445,2.0,2.0,20.446626663208008,0.2989746034145355,0.28977540135383606,0.30357420444488525,0.29590821266174316,0.0,0.30469265580177307,0.30469265580177307,0.30469265580177307,0.30469265580177307,0.0,-0.06099143996834755,-0.009047463536262512,-9.810802459716797,0.0,0.0,0.0,0.0,0.0,0.0,0.0,0.0,0.0,0.0,0.0,0.0,0.0,0.0,0.0,0.30469274520874023,0.30469274520874023,0.304692804813385,0.30469274520874023,0.27977800369262695,0.04114978387951851,0.04114978387951851,0.4390096068382263,0.02566894143819809,-0.01454456802457571,-0.04709857329726219,0.0,0.0,0.0,0.0,0.0,0.0,0.0
62727459276,0,-0.014978451654314995,-0.13444435596466064,-0.11206671595573425,-0.014978451654314995,-0.13444435596466064,-0.8120666742324829,-0.0018573268316686153,0.0029134901706129313,0.005121341906487942,0.0,0.0,0.0,-0.0035147194284945726,-0.005536989774554968,2.3695878982543945,0.0,0.0,2.3695881366729736,0.0006974471616558731,0.0004401730839163065,4.49642539024353e-05,0.027884051203727722,0.04412854090332985,-1.3015882359468378e-05,0.0,0.0,0.0,-1.4497125148773193,10.04356575012207,0.07305526733398438,9.802226066589355,1.4774643182754517,-10.0,-9.875408172607422,11.937019348144531,2.0,2.0,20.464658737182617,0.2989746034145355,0.28977540135383606,0.30357420444488525,0.29590821266174316,0.0,0.30469265580177307,0.30469265580177307,0.30469265580177307,0.30469265580177307,0.0,-0.060095738619565964,-0.0020567779429256916,-9.823806762695312,0.0,0.0,0.0,0.0,0.0,0.0,0.0,0.0,0.0,0.0,0.0,0.0,0.0,0.0,0.0,0.30469274520874023,0.30469274520874023,0.304692804813385,0.30469274520874023,0.27977800369262695,0.04114978387951851,0.04114978387951851,0.4390096068382263,0.051468897610902786,-0.017055269330739975,-0.06186449155211449,0.0,0.0,0.0,0.0,0.0,0.0,0.0
62738089438,0,-0.014978451654314995,-0.13444435596466064,-0.11206671595573425,-0.014886464923620224,-0.13447235524654388,-0.8121237754821777,-0.0018573268316686153,0.0029134901706129313,0.005121341906487942,0.0,0.0,0.0,-0.0035147194284945726,-0.005536989774554968,2.3695878982543945,0.0,0.0,2.3695764541625977,0.0005901801050640643,-0.0005421378300525248,-0.0005909070605412126,0.027939580380916595,0.04418187960982323,1.355089580101776e-06,0.0,0.0,0.0,-1.4493281841278076,10.045114517211914,0.07413768768310547,9.802347183227539,1.476233720779419,-10.0,-9.875411987304688,11.928587913513184,2.0,2.0,20.476776123046875,0.2989746034145355,0.28977540135383606,0.30357420444488525,0.29590821266174316,0.0,0.30469265580177307,0.30469265580177307,0.30469265580177307,0.30469265580177307,0.0,-0.060095738619565964,-0.0020567779429256916,-9.823806762695312,0.0,0.0,0.0,0.0,0.0,0.0,0.0,0.0,0.0,0.0,0.0,0.0,0.0,0.0,0.0,0.30469274520874023,0.30469274520874023,0.304692804813385,0.30469274520874023,0.2792852818965912,0.04114978387951851,0.04114978387951851,0.4395532011985779,0.024821270257234573,-0.05432308465242386,-0.05998186394572258,0.0,0.0,0.0,0.0,0.0,0.0,0.0
62747652477,0,-0.01484054047614336,-0.1344851553440094,-0.11215151846408844,-0.01484054047614336,-0.1344851553440094,-0.8121514916419983,-0.001711927354335785,0.002856872044503689,0.005506586283445358,0.0,0.0,0.0,-0.0034968566615134478,-0.005577470175921917,2.369534730911255,0.0,0.0,2.369534730911255,0.0007018488249741495,-0.002161240903660655,-0.0005281615303829312,0.027939580380916595,0.04418187960982323,1.355089580101776e-06,0.0,0.0,0.0,-1.4493281841278076,10.045114517211914,0.07413768768310547,9.802347183227539,1.476233720779419,-10.0,-9.875411987304688,11.928587913513184,2.0,2.0,20.476776123046875,0.2989746034145355,0.28977540135383606,0.30357420444488525,0.29590821266174316,0.0,0.30469265580177307,0.30469265580177307,0.30469265580177307,0.30469265580177307,0.0,-0.044216930866241455,0.04974811524152756,-9.797510147094727,0.0,0.0,0.0,0.0,0.0,0.0,0.0,0.0,0.0,0.0,0.0,0.0,0.0,0.0,0.0,0.30469274520874023,0.30469274520874023,0.304692804813385,0.30469274520874023,0.2792852818965912,0.04114978387951851,0.04114978387951851,0.4395532011985779,0.009654277004301548,-0.07083481550216675,-0.01220543123781681,0.0,0.0,0.0,0.0,0.0,0.0,0.0
62758975364,0,-0.01484054047614336,-0.1344851553440094,-0.11215151846408844,-0.01484054047614336,-0.1344851553440094,-0.8121514916419983,-0.001711927354335785,0.002856872044503689,0.005506586283445358,0.0,0.0,0.0,-0.0034968566615134478,-0.005577470175921917,2.369534730911255,0.0,0.0,2.369534730911255,0.0007018488249741495,-0.002161240903660655,-0.0005281615303829312,0.02778211608529091,0.0444294810295105,3.627742626122199e-05,0.0,0.0,0.0,-1.4482600688934326,10.047290802001953,0.07365703582763672,9.8023099899292,1.4750993251800537,-10.0,-9.875442504882812,11.946332931518555,2.0,2.0,20.46595001220703,0.2989746034145355,0.28977540135383606,0.30357420444488525,0.29590821266174316,0.0,0.30469265580177307,0.30469265580177307,0.30469265580177307,0.30469265580177307,0.0,-0.044216930866241455,0.04974811524152756,-9.797510147094727,0.0,0.0,0.0,0.0,0.0,0.0,0.0,0.0,0.0,0.0,0.0,0.0,0.0,0.0,0.0,0.30469274520874023,0.30469274520874023,0.304692804813385,0.30469274520874023,0.2796318233013153,0.04114978387951851,0.04114978387951851,0.4393581748008728,0.009654277004301548,-0.07083481550216675,-0.01220543123781681,0.0,0.0,0.0,0.0,0.0,0.0,0.0
62767867326,0,-0.01484054047614336,-0.1344851553440094,-0.11215151846408844,-0.01484054047614336,-0.1344851553440094,-0.8121514916419983,-0.001711927354335785,0.002856872044503689,0.005506586283445358,0.0,0.0,0.0,-0.0034968566615134478,-0.005577470175921917,2.369534730911255,0.0,0.0,2.369534730911255,0.0002661441103555262,-0.002594701712951064,-0.00046638469211757183,0.027916662395000458,0.04450896382331848,2.241632955701789e-06,0.0,0.0,0.0,-1.4469144344329834,10.04798412322998,0.0736093521118164,9.802244186401367,1.4745718240737915,-10.0,-9.87545394897461,11.95080280303955,2.0,2.0,20.463600158691406,0.2989746034145355,0.28977540135383606,0.30357420444488525,0.29590821266174316,0.0,0.30469265580177307,0.30469265580177307,0.30469265580177307,0.30469265580177307,0.0,-0.03546663373708725,0.06004074215888977,-9.819765090942383,0.0,0.0,0.0,0.0,0.0,0.0,0.0,0.0,0.0,0.0,0.0,0.0,0.0,0.0,0.0,0.30469274520874023,0.30469274520874023,0.304692804813385,0.30469274520874023,0.2796318233013153,0.04114978387951851,0.04114978387951851,0.4393581748008728,-0.017139440402388573,-0.05327494814991951,-0.0019636116921901703,0.0,0.0,0.0,0.0,0.0,0.0,0.0
62777432049,0,-0.014746434986591339,-0.13451479375362396,-0.11220979690551758,-0.014746434986591339,-0.13451479375362396,-0.8122097849845886,-0.0020611160434782505,0.0023300007451325655,0.005278083495795727,0.0,0.0,0.0,-0.0034908379893749952,-0.005642412230372429,2.369513511657715,0.0,0.0,2.369513511657715,0.0002661441103555262,-0.002594701712951064,-0.00046638469211757183,0.027916662395000458,0.04450896382331848,2.241632955701789e-06,0.0,0.0,0.0,-1.4469144344329834,10.04798412322998,0.0736093521118164,9.802244186401367,1.4745718240737915,-10.0,-9.87545394897461,11.95080280303955,2.0,2.0,20.463600158691406,0.2989746034145355,0.28977540135383606,0.30357420444488525,0.29590821266174316,0.0,0.30469265580177307,0.30469265580177307,0.30469265580177307,0.30469265580177307,0.0,-0.016437022015452385,0.04359463229775429,-9.794238090515137,0.0,0.0,0.0,0.0,0.0,0.0,0.0,0.0,0.0,0.0,0.0,0.0,0.0,0.0,0.0,0.30469274520874023,0.30469274520874023,0.304692804813385,0.30469274520874023,0.27971911430358887,0.04114978387951851,0.04114978387951851,0.4393157362937927,-0.017139440402388573,-0.05327494814991951,-0.0019636116921901703,0.0,0.0,0.0,0.0,0.0,0.0,0.0
62788464066,0,-0.014660230837762356,-0.13454166054725647,-0.11226695775985718,-0.014660230837762356,-0.13454166054725647,-0.8122669458389282,-0.0021407974418252707,0.002377206925302744,0.0052178362384438515,0.0,0.0,0.0,-0.003471188945695758,-0.005546229425817728,2.369528293609619,0.0,0.0,2.369528293609619,0.0004958154750056565,0.00036635639844462276,0.0007333861431106925,0.027916662395000458,0.04450896382331848,2.241632955701789e-06,0.0,0.0,0.0,-1.4462370872497559,10.04288101196289,0.07231903076171875,9.802197456359863,1.4733473062515259,-10.0,-9.875450134277344,11.977418899536133,2.0,2.0,20.42055320739746,0.2989746034145355,0.28977540135383606,0.30357420444488525,0.29590821266174316,0.0,0.30469265580177307,0.30469265580177307,0.30469265580177307,0.30469265580177307,0.0,-0.025624282658100128,0.034228939563035965,-9.803908348083496,0.0,0.0,0.0,0.0,0.0,0.0,0.0,0.0,0.0,0.0,0.0,0.0,0.0,0.0,0.0,0.30469274520874023,0.30469274520874023,0.304692804813385,0.30469274520874023,0.28023895621299744,0.04114978387951851,0.04114978387951851,0.4385398030281067,0.003133712336421013,0.0895688459277153,0.04167056828737259,0.0,0.0,0.0,0.0,0.0,0.0,0.0
62797472804,0,-0.014660230837762356,-0.13454166054725647,-0.11226695775985718,-0.014660230837762356,-0.13454166054725647,-0.8122669458389282,-0.0021407974418252707,0.002377206925302744,0.0052178362384438515,0.0,0.0,0.0,-0.003471188945695758,-0.005546229425817728,2.369528293609619,0.0,0.0,2.369528293609619,0.000709537707734853,0.0007011141860857606,0.0015163463540375233,0.027637355029582977,0.04414276406168938,4.371783143142238e-05,0.0,0.0,0.0,-1.4460558891296387,10.042694091796875,0.07146644592285156,9.802244186401367,1.4727383852005005,-10.0,-9.875429153442383,11.999706268310547,2.0,2.0,20.39767074584961,0.2989746034145355,0.28977540135383606,0.30357420444488525,0.29590821266174316,0.0,0.30469265580177307,0.30469265580177307,0.30469265580177307,0.30469265580177307,0.0,-0.025624282658100128,0.034228939563035965,-9.803908348083496,0.0,0.0,0.0,0.0,0.0,0.0,0.0,0.0,0.0,0.0,0.0,0.0,0.0,0.0,0.0,0.30469274520874023,0.30469274520874023,0.304692804813385,0.30469274520874023,0.28067412972450256,0.04114978387951851,0.04114978387951851,0.4381270408630371,0.008798268623650074,0.05719020962715149,0.05888458713889122,0.0,0.0,0.0,0.0,0.0,0.0,0.0
62807768744,0,-0.01458046492189169,-0.13456758856773376,-0.11232061684131622,-0.01458046492189169,-0.13456758856773376,-0.8123205900192261,-0.0022827989887446165,0.002550298348069191,0.005211814306676388,0.0,0.0,0.0,-0.0034631190355867147,-0.00554374186322093,2.369525671005249,0.0,0.0,2.369525671005249,0.0007237721583805978,0.00030853235512040555,0.0022791018709540367,0.027479957789182663,0.04396664723753929,9.482270797889214e-06,0.0,0.0,0.0,-1.4460558891296387,10.042694091796875,0.07146644592285156,9.802244186401367,1.4727383852005005,-10.0,-9.875429153442383,12.017912864685059,2.0,2.0,20.381898880004883,0.2989746034145355,0.28977540135383606,0.30357420444488525,0.29590821266174316,0.0,0.30469265580177307,0.30469265580177307,0.30469265580177307,0.30469265580177307,0.0,-0.025141024962067604,0.04570842161774635,-9.795601844787598,0.0,0.0,0.0,0.0,0.0,0.0,0.0,0.0,0.0,0.0,0.0,0.0,0.0,0.0,0.0,0.30469274520874023,0.30469274520874023,0.304692804813385,0.30469274520874023,0.28067412972450256,0.04114978387951851,0.04114978387951851,0.4381270408630371,-0.004586377646774054,0.019917825236916542,0.04200946167111397,0.0,0.0,0.0,0.0,0.0,0.0,0.0
62817657659,0,-0.01458046492189169,-0.13456758856773376,-0.11232061684131622,-0.014519686810672283,-0.1345852166414261,-0.8123478293418884,-0.0022827989887446165,0.002550298348069191,0.005211814306676388,0.0,0.0,0.0,-0.0034631190355867147,-0.00554374186322093,2.369525671005249,0.0,0.0,2.3695456981658936,0.0007237721583805978,0.00030853235512040555,0.0022791018709540367,0.027265682816505432,0.04398130625486374,-1.3136157122062286e-06,0.0,0.0,0.0,-1.445027232170105,10.043473243713379,0.07087993621826172,9.802350044250488,1.471614956855774,-10.0,-9.875360488891602,12.017912864685059,2.0,2.0,20.381898880004883,0.2989746034145355,0.28977540135383606,0.30357420444488525,0.29590821266174316,0.0,0.30469265580177307,0.30469265580177307,0.30469265580177307,0.30469265580177307,0.0,-0.025141024962067604,0.04570842161774635,-9.795601844787598,0.0,0.0,0.0,0.0,0.0,0.0,0.0,0.0,0.0,0.0,0.0,0.0,0.0,0.0,0.0,0.30469274520874023,0.30469274520874023,0.304692804813385,0.30469274520874023,0.2810295522212982,0.04114978387951851,0.04114978387951851,0.4378424882888794,-0.004586377646774054,0.019917825236916542,0.04200946167111397,0.0,0.0,0.0,0.0,0.0,0.0,0.0
62827551717,0,-0.014503635466098785,-0.13458240032196045,-0.11236269772052765,-0.014503635466098785,-0.13458240032196045,-0.8123626708984375,-0.0026545703876763582,0.002117785392329097,0.005423779133707285,0.0,0.0,0.0,-0.003433806821703911,-0.005506856832653284,2.369534492492676,0.0,0.0,2.369534492492676,0.0004967152490280569,0.001027702004648745,0.001939383801072836,0.027265682816505432,0.04398130625486374,-1.3136157122062286e-06,0.0,0.0,0.0,-1.444096326828003,10.042336463928223,0.0714731216430664,9.802343368530273,1.471614956855774,-10.0,-9.875360488891602,12.002028465270996,2.0,2.0,20.394039154052734,0.2989746034145355,0.28977540135383606,0.30357420444488525,0.29590821266174316,0.0,0.30469265580177307,0.30469265580177307,0.30469265580177307,0.30469265580177307,0.0,-0.046912916004657745,0.010811947286128998,-9.797727584838867,0.0,0.0,0.0,0.0,0.0,0.0,0.0,0.0,0.0,0.0,0.0,0.0,0.0,0.0,0.0,0.30469274520874023,0.30469274520874023,0.304692804813385,0.30469274520874023,0.2810295522212982,0.04114978387951851,0.04114978387951851,0.4378424882888794,-0.01830100268125534,0.04517591744661331,0.0061129978857934475,0.0,0.0,0.0,0.0,0.0,0.0,0.0
62837924206,0,-0.014503635466098785,-0.13458240032196045,-0.11236269772052765,-0.014503635466098785,-0.13458240032196045,-0.8123626708984375,-0.0026545703876763582,0.002117785392329097,0.005423779133707285,0.0,0.0,0.0,-0.003433806821703911,-0.005506856832653284,2.369534492492676,0.0,0.0,2.369534492492676,0.00011227760114707053,0.00048232352128252387,0.0016730045899748802,0.027265682816505432,0.04398130625486374,-1.3136157122062286e-06,0.0,0.0,0.0,-1.442826271057129,10.043405532836914,0.07180595397949219,9.802300453186035,1.4704856872558594,-10.0,-9.875298500061035,11.997029304504395,2.0,2.0,20.402362823486328,0.2989746034145355,0.28977540135383606,0.30357420444488525,0.29590821266174316,0.0,0.30469265580177307,0.30469265580177307,0.30469265580177307,0.30469265580177307,0.0,-0.034780196845531464,0.02315661683678627,-9.794788360595703,0.0,0.0,0.0,0.0,0.0,0.0,0.0,0.0,0.0,0.0,0.0,0.0,0.0,0.0,0.0,0.30469274520874023,0.30469274520874023,0.304692804813385,0.30469274520874023,0.2806217074394226,0.04114978387951851,0.04114978387951851,0.43821170926094055,-0.03076743334531784,-0.001415339531376958,-0.007608947344124317,0.0,0.0,0.0,0.0,0.0,0.0,0.0
62847504677,0,-0.014503635466098785,-0.13458240032196045,-0.11236269772052765,-0.014503635466098785,-0.13458240032196045,-0.8123626708984375,-0.0026545703876763582,0.002117785392329097,0.005423779133707285,0.0,0.0,0.0,-0.003433806821703911,-0.005506856832653284,2.369534492492676,0.0,0.0,2.369534492492676,-3.2425206882180646e-05,0.0004936343757435679,0.0013590932358056307,0.027538111433386803,0.04355073347687721,2.9957820515846834e-05,0.0,0.0,0.0,-1.4420580863952637,10.043065071105957,0.07221698760986328,9.802226066589355,1.4698708057403564,-10.0,-9.875275611877441,11.986932754516602,2.0,2.0,20.41129493713379,0.2989746034145355,0.28977540135383606,0.30357420444488525,0.29590821266174316,0.0,0.30469265580177307,0.30469265580177307,0.30469265580177307,0.30469265580177307,0.0,-0.034780196845531464,0.02315661683678627,-9.794788360595703,0.0,0.0,0.0,0.0,0.0,0.0,0.0,0.0,0.0,0.0,0.0,0.0,0.0,0.0,0.0,0.30469274520874023,0.30469274520874023,0.304692804813385,0.30469274520874023,0.28042465448379517,0.04114978387951851,0.04114978387951851,0.43837276101112366,-0.024218546226620674,-0.0008372699376195669,-0.016468651592731476,0.0,0.0,0.0,0.0,0.0,0.0,0.0
62860644247,0,-0.014463190920650959,-0.13458015024662018,-0.11240412294864655,-0.014463190920650959,-0.13458015024662018,-0.8124040961265564,-0.002299809828400612,0.002526348689571023,0.005833473987877369,0.0,0.0,0.0,-0.003447306342422962,-0.005484957247972488,2.369546890258789,0.0,0.0,2.369546890258789,-0.0003774265060201287,-9.900366421788931e-06,0.0006655377801507711,0.027538111433386803,0.04355073347687721,2.9957820515846834e-05,0.0,0.0,0.0,-1.4420580863952637,10.043065071105957,0.07221698760986328,9.802226066589355,1.4698708057403564,-10.0,-9.875275611877441,11.986932754516602,2.0,2.0,20.41129493713379,0.2989746034145355,0.28977540135383606,0.30357420444488525,0.29590821266174316,0.0,0.30469265580177307,0.30469265580177307,0.30469265580177307,0.30469265580177307,0.0,-0.04144441336393356,0.022940438240766525,-9.774467468261719,0.0,0.0,0.0,0.0,0.0,0.0,0.0,0.0,0.0,0.0,0.0,0.0,0.0,0.0,0.0,0.30469274520874023,0.30469274520874023,0.304692804813385,0.30469274520874023,0.28042465448379517,0.04114978387951851,0.04114978387951851,0.43837276101112366,-0.022493569180369377,-0.021910186856985092,-0.034746285527944565,0.0,0.0,0.0,0.0,0.0,0.0,0.0
62867341157,0,-0.014463190920650959,-0.13458015024662018,-0.11240412294864655,-0.014463190920650959,-0.13458015024662018,-0.8124040961265564,-0.002299809828400612,0.002526348689571023,0.005833473987877369,0.0,0.0,0.0,-0.003447306342422962,-0.005484957247972488,2.369546890258789,0.0,0.0,2.369546890258789,-0.0003774265060201287,-9.900366421788931e-06,0.0006655377801507711,0.027400201186537743,0.04348650574684143,1.7341530110570602e-05,0.0,0.0,0.0,-1.440719723701477,10.043715476989746,0.07290458679199219,9.802201271057129,1.4687223434448242,-10.0,-9.875244140625,11.972087860107422,2.0,2.0,20.428104400634766,0.2989746034145355,0.28977540135383606,0.30357420444488525,0.29590821266174316,0.0,0.30469265580177307,0.30469265580177307,0.30469265580177307,0.30469265580177307,0.0,-0.04144441336393356,0.022940438240766525,-9.774467468261719,0.0,0.0,0.0,0.0,0.0,0.0,0.0,0.0,0.0,0.0,0.0,0.0,0.0,0.0,0.0,0.30469274520874023,0.30469274520874023,0.304692804813385,0.30469274520874023,0.28013473749160767,0.04114978387951851,0.04114978387951851,0.43867576122283936,-0.022493569180369377,-0.021910186856985092,-0.034746285527944565,0.0,0.0,0.0,0.0,0.0,0.0,0.0
62877644989,0,-0.01440379861742258,-0.13457626104354858,-0.1124504804611206,-0.01440379861742258,-0.13457626104354858,-0.8124504685401917,-0.0022458923049271107,0.001981146167963743,0.006005949806421995,0.0,0.0,0.0,-0.003463729750365019,-0.005491993855684996,2.369513750076294,0.0,0.0,2.369513750076294,-0.0003774265060201287,-9.900366421788931e-06,0.0006655377801507711,0.027400201186537743,0.04348650574684143,1.7341530110570602e-05,0.0,0.0,0.0,-1.440719723701477,10.043715476989746,0.07290458679199219,9.802201271057129,1.4687223434448242,-10.0,-9.875244140625,11.972087860107422,2.0,2.0,20.428104400634766,0.2989746034145355,0.28977540135383606,0.30357420444488525,0.29590821266174316,0.0,0.30469265580177307,0.30469265580177307,0.30469265580177307,0.30469265580177307,0.0,-0.06270388513803482,0.025194305926561356,-9.818635940551758,0.0,0.0,0.0,0.0,0.0,0.0,0.0,0.0,0.0,0.0,0.0,0.0,0.0,0.0,0.0,0.30469274520874023,0.30469274520874023,0.304692804813385,0.30469274520874023,0.28013473749160767,0.04114978387951851,0.04114978387951851,0.43867576122283936,-0.022493569180369377,-0.021910186856985092,-0.034746285527944565,0.0,0.0,0.0,0.0,0.0,0.0,0.0
62887513753,0,-0.01440379861742258,-0.13457626104354858,-0.1124504804611206,-0.01440379861742258,-0.13457626104354858,-0.8124504685401917,-0.0022458923049271107,0.001981146167963743,0.006005949806421995,0.0,0.0,0.0,-0.003463729750365019,-0.005491993855684996,2.369513750076294,0.0,0.0,2.369513750076294,0.0003488845541141927,-0.0006469698273576796,0.00017755723092705011,0.027210421860218048,0.043527182191610336,1.177810463559581e-05,0.0,0.0,0.0,-1.440825343132019,10.044499397277832,0.07294940948486328,9.802326202392578,1.4674866199493408,-10.0,-9.875244140625,11.97200870513916,2.0,2.0,20.430709838867188,0.2989746034145355,0.28977540135383606,0.30357420444488525,0.29590821266174316,0.0,0.30469265580177307,0.30469265580177307,0.30469265580177307,0.30469265580177307,0.0,-0.05847671627998352,0.009414800442755222,-9.827485084533691,0.0,0.0,0.0,0.0,0.0,0.0,0.0,0.0,0.0,0.0,0.0,0.0,0.0,0.0,0.0,0.30469274520874023,0.30469274520874023,0.304692804813385,0.30469274520874023,0.2801332175731659,0.04114978387951851,0.04114978387951851,0.4387228190898895,0.025417203083634377,-0.019291561096906662,-0.015314189717173576,0.0,0.0,0.0,0.0,0.0,0.0,0.0
62897361726,0,-0.01440379861742258,-0.13457626104354858,-0.1124504804611206,-0.01440379861742258,-0.13457626104354858,-0.8124504685401917,-0.0022458923049271107,0.001981146167963743,0.006005949806421995,0.0,0.0,0.0,-0.003463729750365019,-0.005491993855684996,2.369513750076294,0.0,0.0,2.369513750076294,0.0006699298392049968,-0.0004883425426669419,0.0007820986793376505,0.027270490303635597,0.043502043932676315,-1.4744431609869935e-05,0.0,0.0,0.0,-1.440924882888794,10.044218063354492,0.0720977783203125,9.802351951599121,1.4669678211212158,-10.0,-9.875237464904785,11.993680000305176,2.0,2.0,20.40816307067871,0.2989746034145355,0.28977540135383606,0.30357420444488525,0.29590821266174316,0.0,0.30469265580177307,0.30469265580177307,0.30469265580177307,0.30469265580177307,0.0,-0.05847671627998352,0.009414800442755222,-9.827485084533691,0.0,0.0,0.0,0.0,0.0,0.0,0.0,0.0,0.0,0.0,0.0,0.0,0.0,0.0,0.0,0.30469274520874023,0.30469274520874023,0.304692804813385,0.30469274520874023,0.2805563807487488,0.04114978387951851,0.04114978387951851,0.438316285610199,0.024845629930496216,-0.004063510335981846,0.02016633376479149,0.0,0.0,0.0,0.0,0.0,0.0,0.0
62907679437,0,-0.014361322857439518,-0.13457579910755157,-0.11248745024204254,-0.014361322857439518,-0.13457579910755157,-0.8124874234199524,-0.0019659565296024084,0.0015777285443618894,0.005619778297841549,0.0,0.0,0.0,-0.003430299460887909,-0.005471939221024513,2.369534969329834,0.0,0.0,2.369534969329834,0.0006098834564909339,0.0002491308841854334,0.001472819596529007,0.027270490303635597,0.043502043932676315,-1.4744431609869935e-05,0.0,0.0,0.0,-1.440924882888794,10.044218063354492,0.0720977783203125,9.802351951599121,1.4669678211212158,-10.0,-9.875237464904785,11.993680000305176,2.0,2.0,20.40816307067871,0.2989746034145355,0.28977540135383606,0.30357420444488525,0.29590821266174316,0.0,0.30469265580177307,0.30469265580177307,0.30469265580177307,0.30469265580177307,0.0,-0.06265543401241302,0.025292115285992622,-9.8212890625,0.0,0.0,0.0,0.0,0.0,0.0,0.0,0.0,0.0,0.0,0.0,0.0,0.0,0.0,0.0,0.30469274520874023,0.30469274520874023,0.304692804813385,0.30469274520874023,0.2805563807487488,0.04114978387951851,0.04114978387951851,0.438316285610199,-0.00588814914226532,0.02190191112458706,0.023881111294031143,0.0,0.0,0.0,0.0,0.0,0.0,0.0
62917485361,0,-0.014361322857439518,-0.13457579910755157,-0.11248745024204254,-0.014361322857439518,-0.13457579910755157,-0.8124874234199524,-0.0019659565296024084,0.0015777285443618894,0.005619778297841549,0.0,0.0,0.0,-0.003430299460887909,-0.005471939221024513,2.369534969329834,0.0,0.0,2.369534969329834,0.0006098834564909339,0.0002491308841854334,0.001472819596529007,0.02711465395987034,0.04336368665099144,5.904103659304383e-07,0.0,0.0,0.0,-1.4392006397247314,10.042895317077637,0.07157325744628906,9.802278518676758,1.4657642841339111,-10.0,-9.875194549560547,12.007978439331055,2.0,2.0,20.38948631286621,0.2989746034145355,0.28977540135383606,0.30357420444488525,0.29590821266174316,0.0,0.30469265580177307,0.30469265580177307,0.30469265580177307,0.30469265580177307,0.0,-0.06265543401241302,0.025292115285992622,-9.8212890625,0.0,0.0,0.0,0.0,0.0,0.0,0.0,0.0,0.0,0.0,0.0,0.0,0.0,0.0,0.0,0.30469274520874023,0.30469274520874023,0.304692804813385,0.30469274520874023,0.2808356285095215,0.04114978387951851,0.04114978387951851,0.4379795491695404,-0.00588814914226532,0.02190191112458706,0.023881111294031143,0.0,0.0,0.0,0.0,0.0,0.0,0.0
62927536495,0,-0.01428440771996975,-0.1346014440059662,-0.11253038793802261,-0.01428440771996975,-0.1346014440059662,-0.8125303983688354,-0.001365339383482933,0.0015739802038297057,0.005194362252950668,0.0,0.0,0.0,-0.003410683711990714,-0.00545454490929842,2.369556188583374,0.0,0.0,2.369556427001953,0.0004224987933412194,3.756524529308081e-05,0.001627994468435645,0.02711465395987034,0.04336368665099144,5.904103659304383e-07,0.0,0.0,0.0,-1.4392006397247314,10.042895317077637,0.07157325744628906,9.802278518676758,1.4657642841339111,-10.0,-9.875194549560547,12.01129150390625,2.0,2.0,20.387901306152344,0.2989746034145355,0.28977540135383606,0.30357420444488525,0.29590821266174316,0.0,0.30469265580177307,0.30469265580177307,0.30469265580177307,0.30469265580177307,0.0,-0.054269127547740936,0.021945202723145485,-9.805171012878418,0.0,0.0,0.0,0.0,0.0,0.0,0.0,0.0,0.0,0.0,0.0,0.0,0.0,0.0,0.0,0.30469274520874023,0.30469274520874023,0.304692804813385,0.30469274520874023,0.2808356285095215,0.04114978387951851,0.04114978387951851,0.4379795491695404,-0.012292389757931232,0.0006049004150554538,0.021859295666217804,0.0,0.0,0.0,0.0,0.0,0.0,0.0
62937463067,0,-0.014204572886228561,-0.134624183177948,-0.11257334053516388,-0.014204572886228561,-0.134624183177948,-0.8125733137130737,-0.0007413462735712528,0.0019445563666522503,0.005307434592396021,0.0,0.0,0.0,-0.0034056310541927814,-0.005400343332439661,2.369558095932007,0.0,0.0,2.369558334350586,0.00010672147618606687,0.0013033624272793531,0.0018935482949018478,0.02710583433508873,0.042730964720249176,-1.9550256183720194e-05,0.0,0.0,0.0,-1.437497615814209,10.041043281555176,0.07129192352294922,9.802191734313965,1.4646342992782593,-10.0,-9.875141143798828,12.015030860900879,2.0,2.0,20.376346588134766,0.2989746034145355,0.28977540135383606,0.30357420444488525,0.29590821266174316,0.0,0.30469265580177307,0.30469265580177307,0.30469265580177307,0.30469265580177307,0.0,-0.0460502989590168,-0.007738928776234388,-9.796163558959961,0.0,0.0,0.0,0.0,0.0,0.0,0.0,0.0,0.0,0.0,0.0,0.0,0.0,0.0,0.0,0.30469274520874023,0.30469274520874023,0.304692804813385,0.30469274520874023,0.2809731364250183,0.04114978387951851,0.04114978387951851,0.43774253129959106,-0.01688922941684723,0.05861825495958328,0.024487191811203957,0.0,0.0,0.0,0.0,0.0,0.0,0.0
62947611123,0,-0.014204572886228561,-0.134624183177948,-0.11257334053516388,-0.014204572886228561,-0.134624183177948,-0.8125733137130737,-0.0007413462735712528,0.0019445563666522503,0.005307434592396021,0.0,0.0,0.0,-0.0034056310541927814,-0.005400343332439661,2.369558095932007,0.0,0.0,2.369558334350586,0.00018332434410694987,0.0019056594464927912,0.0019988324493169785,0.027160855010151863,0.04267779737710953,1.6961832443485036e-05,0.0,0.0,0.0,-1.4369696378707886,10.040223121643066,0.07130050659179688,9.802191734313965,1.4640252590179443,-10.0,-9.875106811523438,12.014315605163574,2.0,2.0,20.37438201904297,0.2989746034145355,0.28977540135383606,0.30357420444488525,0.29590821266174316,0.0,0.30469265580177307,0.30469265580177307,0.30469265580177307,0.30469265580177307,0.0,-0.0460502989590168,-0.007738928776234388,-9.796163558959961,0.0,0.0,0.0,0.0,0.0,0.0,0.0,0.0,0.0,0.0,0.0,0.0,0.0,0.0,0.0,0.30469274520874023,0.30469274520874023,0.304692804813385,0.30469274520874023,0.2809593379497528,0.04114978387951851,0.04114978387951851,0.43770697712898254,-0.007807708811014891,0.05488717555999756,0.01282819826155901,0.0,0.0,0.0,0.0,0.0,0.0,0.0
62957496589,0,-0.014122485183179379,-0.13464385271072388,-0.11261110007762909,-0.014122485183179379,-0.13464385271072388,-0.8126111030578613,-0.0005974979139864445,0.0019361419836059213,0.0055914027616381645,0.0,0.0,0.0,-0.0034003336913883686,-0.005343799013644457,2.3695685863494873,0.0,0.0,2.3695685863494873,0.0004469134728424251,0.002336283680051565,0.0008086406160145998,0.027160855010151863,0.04267779737710953,1.6961832443485036e-05,0.0,0.0,0.0,-1.4366893768310547,10.039677619934082,0.0726938247680664,9.802191734313965,1.4628955125808716,-10.0,-9.875066757202148,11.977429389953613,2.0,2.0,20.409460067749023,0.2989746034145355,0.28977540135383606,0.30357420444488525,0.29590821266174316,0.0,0.30469265580177307,0.30469265580177307,0.30469265580177307,0.30469265580177307,0.0,-0.036217182874679565,0.010849004611372948,-9.793400764465332,0.0,0.0,0.0,0.0,0.0,0.0,0.0,0.0,0.0,0.0,0.0,0.0,0.0,0.0,0.0,0.30469274520874023,0.30469274520874023,0.304692804813385,0.30469274520874023,0.2809593379497528,0.04114978387951851,0.04114978387951851,0.43770697712898254,0.012823661789298058,0.026082972064614296,-0.042031873017549515,0.0,0.0,0.0,0.0,0.0,0.0,0.0
62967687740,0,-0.014040034264326096,-0.13465815782546997,-0.11264686286449432,-0.014040034264326096,-0.13465815782546997,-0.8126468658447266,-0.0006470856606028974,0.0018943127943202853,0.005497185047715902,0.0,0.0,0.0,-0.0033974121324718,-0.005300693213939667,2.369549512863159,0.0,0.0,2.3695497512817383,0.0004469134728424251,0.002336283680051565,0.0008086406160145998,0.026781326159834862,0.04227447882294655,6.519029284390854e-06,0.0,0.0,0.0,-1.4366893768310547,10.039677619934082,0.0726938247680664,9.802191734313965,1.4628955125808716,-10.0,-9.875066757202148,11.977429389953613,2.0,2.0,20.409460067749023,0.2989746034145355,0.28977540135383606,0.30357420444488525,0.29590821266174316,0.0,0.30469265580177307,0.30469265580177307,0.30469265580177307,0.30469265580177307,0.0,-0.03751442953944206,0.00890357606112957,-9.809002876281738,0.0,0.0,0.0,0.0,0.0,0.0,0.0,0.0,0.0,0.0,0.0,0.0,0.0,0.0,0.0,0.30469274520874023,0.30469274520874023,0.304692804813385,0.30469274520874023,0.28023916482925415,0.04114978387951851,0.04114978387951851,0.43833985924720764,0.012823661789298058,0.026082972064614296,-0.042031873017549515,0.0,0.0,0.0,0.0,0.0,0.0,0.0
62977658327,0,-0.014040034264326096,-0.13465815782546997,-0.11264686286449432,-0.014040034264326096,-0.13465815782546997,-0.8126468658447266,-0.0006470856606028974,0.0018943127943202853,0.005497185047715902,0.0,0.0,0.0,-0.0033974121324718,-0.005300693213939667,2.369549512863159,0.0,0.0,2.3695497512817383,0.0009698967915028334,0.0025453532580286264,0.0003119407338090241,0.026781326159834862,0.04227447882294655,6.519029284390854e-06,0.0,0.0,0.0,-1.4366893768310547,10.039677619934082,0.0726938247680664,9.802191734313965,1.4628955125808716,-10.0,-9.875066757202148,11.96705436706543,2.0,2.0,20.418087005615234,0.2989746034145355,0.28977540135383606,0.30357420444488525,0.29590821266174316,0.0,0.30469265580177307,0.30469265580177307,0.30469265580177307,0.30469265580177307,0.0,-0.03751442953944206,0.00890357606112957,-9.809002876281738,0.0,0.0,0.0,0.0,0.0,0.0,0.0,0.0,0.0,0.0,0.0,0.0,0.0,0.0,0.0,0.30469274520874023,0.30469274520874023,0.304692804813385,0.30469274520874023,0.28023916482925415,0.04114978387951851,0.04114978387951851,0.43833985924720764,0.03169546276330948,0.021461348980665207,-0.04315568506717682,0.0,0.0,0.0,0.0,0.0,0.0,0.0
62987542139,0,-0.013998962938785553,-0.1346641480922699,-0.11266478896141052,-0.013998962938785553,-0.1346641480922699,-0.8126647472381592,-0.0004912990843877196,0.0016514079179614782,0.005423839669674635,0.0,0.0,0.0,-0.0033698377665132284,-0.0052709635347127914,2.369540214538574,0.0,0.0,2.369540214538574,0.0011738425819203258,0.002612172393128276,0.0003789179027080536,0.02679010108113289,0.04190411791205406,2.20325164264068e-05,0.0,0.0,0.0,-1.4368442296981812,10.039132118225098,0.07304763793945312,9.802218437194824,1.4622949361801147,-10.0,-9.875061988830566,11.96705436706543,2.0,2.0,20.418087005615234,0.2989746034145355,0.28977540135383606,0.30357420444488525,0.29590821266174316,0.0,0.30469265580177307,0.30469265580177307,0.30469265580177307,0.30469265580177307,0.0,-0.038502149283885956,0.019132940098643303,-9.799703598022461,0.0,0.0,0.0,0.0,0.0,0.0,0.0,0.0,0.0,0.0,0.0,0.0,0.0,0.0,0.0,0.30469274520874023,0.30469274520874023,0.304692804813385,0.30469274520874023,0.2800365686416626,0.04114978387951851,0.04114978387951851,0.43849536776542664,0.029107851907610893,0.01079756859689951,-0.019690465182065964,0.0,0.0,0.0,0.0,0.0,0.0,0.0
62997563374,0,-0.013998962938785553,-0.1346641480922699,-0.11266478896141052,-0.013998962938785553,-0.1346641480922699,-0.8126647472381592,-0.0004912990843877196,0.0016514079179614782,0.005423839669674635,0.0,0.0,0.0,-0.0033698377665132284,-0.0052709635347127914,2.369540214538574,0.0,0.0,2.369540214538574,0.0008818446076475084,0.001662474125623703,0.0007509553106501698,0.02667759172618389,0.04173126816749573,7.4233030318282545e-06,0.0,0.0,0.0,-1.4354171752929688,10.040468215942383,0.07209491729736328,9.802338600158691,1.4611904621124268,-10.0,-9.875052452087402,11.996360778808594,2.0,2.0,20.392980575561523,0.2989746034145355,0.28977540135383606,0.30357420444488525,0.29590821266174316,0.0,0.30469265580177307,0.30469265580177307,0.30469265580177307,0.30469265580177307,0.0,-0.033857908099889755,0.04292387515306473,-9.79116439819336,0.0,0.0,0.0,0.0,0.0,0.0,0.0,0.0,0.0,0.0,0.0,0.0,0.0,0.0,0.0,0.30469274520874023,0.30469274520874023,0.304692804813385,0.30469274520874023,0.2806088328361511,0.04114978387951851,0.04114978387951851,0.43804240226745605,0.002242481801658869,-0.03990146517753601,0.006106817163527012,0.0,0.0,0.0,0.0,0.0,0.0,0.0
63007484631,0,-0.013899794779717922,-0.13469325006008148,-0.11271762102842331,-0.013840736821293831,-0.13471950590610504,-0.812749981880188,7.317110430449247e-06,0.0019892193377017975,0.005193737801164389,0.0,0.0,0.0,-0.003355697263032198,-0.005249212495982647,2.3695428371429443,0.0,0.0,2.369555711746216,0.0006866383482702076,0.0016240160912275314,0.00059786147903651,0.02667759172618389,0.04173126816749573,7.4233030318282545e-06,0.0,0.0,0.0,-1.4354171752929688,10.040468215942383,0.07209491729736328,9.802338600158691,1.4611904621124268,-10.0,-9.875052452087402,11.996360778808594,2.0,2.0,20.392980575561523,0.2989746034145355,0.28977540135383606,0.30357420444488525,0.29590821266174316,0.0,0.30469265580177307,0.30469265580177307,0.30469265580177307,0.30469265580177307,0.0,-0.033857908099889755,0.04292387515306473,-9.79116439819336,0.0,0.0,0.0,0.0,0.0,0.0,0.0,0.0,0.0,0.0,0.0,0.0,0.0,0.0,0.0,0.30469274520874023,0.30469274520874023,0.304692804813385,0.30469274520874023,0.2806088328361511,0.04114978387951851,0.04114978387951851,0.43804240226745605,-0.004570759367197752,-0.023537108674645424,-0.00466708792373538,0.0,0.0,0.0,0.0,0.0,0.0,0.0
63017588461,0,-0.013840736821293831,-0.13471950590610504,-0.11275000870227814,-0.013840736821293831,-0.13471950590610504,-0.812749981880188,-4.288050695322454e-05,0.0020334566943347454,0.005299982149153948,0.0,0.0,0.0,-0.0033523214515298605,-0.005216790828853846,2.369555711746216,0.0,0.0,2.369555711746216,0.0007818724843673408,0.0018748051952570677,0.00028457987355068326,0.026609988883137703,0.041170306503772736,5.4795607866253704e-05,0.0,0.0,0.0,-1.4343148469924927,10.039314270019531,0.07273006439208984,9.802326202392578,1.4600791931152344,-10.0,-9.875039100646973,11.979619026184082,2.0,2.0,20.405908584594727,0.2989746034145355,0.28977540135383606,0.30357420444488525,0.29590821266174316,0.0,0.30469265580177307,0.30469265580177307,0.30469265580177307,0.30469265580177307,0.0,-0.026255052536725998,0.0533004067838192,-9.805010795593262,0.0,0.0,0.0,0.0,0.0,0.0,0.0,0.0,0.0,0.0,0.0,0.0,0.0,0.0,0.0,0.30469274520874023,0.30469274520874023,0.304692804813385,0.30469274520874023,0.28028181195259094,0.04114978387951851,0.04114978387951851,0.43827566504478455,0.006381182931363583,-0.0018595700385048985,-0.018937937915325165,0.0,0.0,0.0,0.0,0.0,0.0,0.0
63027557606,0,-0.013840736821293831,-0.13471950590610504,-0.11275000870227814,-0.013840736821293831,-0.13471950590610504,-0.812749981880188,-4.288050695322454e-05,0.0020334566943347454,0.005299982149153948,0.0,0.0,0.0,-0.0033523214515298605,-0.005216790828853846,2.369555711746216,0.0,0.0,2.369555711746216,0.0008295452571474016,0.0026282519102096558,-6.450794171541929e-05,0.026584817096590996,0.040812328457832336,2.88402543446864e-06,0.0,0.0,0.0,-1.4337531328201294,10.037813186645508,0.07313823699951172,9.802254676818848,1.4594831466674805,-10.0,-9.875039100646973,11.96741008758545,2.0,2.0,20.413238525390625,0.2989746034145355,0.28977540135383606,0.30357420444488525,0.29590821266174316,0.0,0.30469265580177307,0.30469265580177307,0.30469265580177307,0.30469265580177307,0.0,-0.026255052536725998,0.0533004067838192,-9.805010795593262,0.0,0.0,0.0,0.0,0.0,0.0,0.0,0.0,0.0,0.0,0.0,0.0,0.0,0.0,0.0,0.30469274520874023,0.30469274520874023,0.304692804813385,0.30469274520874023,0.28004345297813416,0.04114978387951851,0.04114978387951851,0.438407838344574,0.0077819060534238815,0.03078567609190941,-0.02812235988676548,0.0,0.0,0.0,0.0,0.0,0.0,0.0
63037311077,0,-0.01368999108672142,-0.13477560877799988,-0.11283484101295471,-0.01368999108672142,-0.13477560877799988,-0.8128348588943481,-0.0005506390589289367,0.0019121509976685047,0.005255351308733225,0.0,0.0,0.0,-0.003341477597132325,-0.005099274683743715,2.3694913387298584,0.0,0.0,2.3694913387298584,0.0012818453833460808,0.0018489609938114882,-0.00027064571622759104,0.026584817096590996,0.040812328457832336,2.88402543446864e-06,0.0,0.0,0.0,-1.4337445497512817,10.03896427154541,0.0731344223022461,9.802192687988281,1.4594831466674805,-10.0,-9.875039100646973,11.969371795654297,2.0,2.0,20.414976119995117,0.2989746034145355,0.28977540135383606,0.30357420444488525,0.29590821266174316,0.0,0.30469265580177307,0.30469265580177307,0.30469265580177307,0.30469265580177307,0.0,-0.023852769285440445,0.034951839596033096,-9.805071830749512,0.0,0.0,0.0,0.0,0.0,0.0,0.0,0.0,0.0,0.0,0.0,0.0,0.0,0.0,0.0,0.30469274520874023,0.30469274520874023,0.304692804813385,0.30469274520874023,0.2800816595554352,0.04114978387951851,0.04114978387951851,0.43843916058540344,0.02531489171087742,-0.027083737775683403,-0.005966448690742254,0.0,0.0,0.0,0.0,0.0,0.0,0.0
63048592594,0,-0.01368999108672142,-0.13477560877799988,-0.11283484101295471,-0.01368999108672142,-0.13477560877799988,-0.8128348588943481,-0.0005506390589289367,0.0019121509976685047,0.005255351308733225,0.0,0.0,0.0,-0.003341477597132325,-0.005099274683743715,2.3694913387298584,0.0,0.0,2.3694913387298584,0.0012818453833460808,0.0018489609938114882,-0.00027064571622759104,0.02617495507001877,0.040542419999837875,1.2226312719576526e-05,0.0,0.0,0.0,-1.4337445497512817,10.03896427154541,0.0731344223022461,9.802192687988281,1.4583845138549805,-10.0,-9.875055313110352,11.969371795654297,2.0,2.0,20.414976119995117,0.2989746034145355,0.28977540135383606,0.30357420444488525,0.29590821266174316,0.0,0.30469265580177307,0.30469265580177307,0.30469265580177307,0.30469265580177307,0.0,-0.023852769285440445,0.034951839596033096,-9.805071830749512,0.0,0.0,0.0,0.0,0.0,0.0,0.0,0.0,0.0,0.0,0.0,0.0,0.0,0.0,0.0,0.30469274520874023,0.30469274520874023,0.304692804813385,0.30469274520874023,0.2800816595554352,0.04114978387951851,0.04114978387951851,0.43843916058540344,0.02531489171087742,-0.027083737775683403,-0.005966448690742254,0.0,0.0,0.0,0.0,0.0,0.0,0.0
63057831997,0,-0.013599945232272148,-0.13480260968208313,-0.11289002001285553,-0.013599945232272148,-0.13480260968208313,-0.8128899931907654,-0.0007535554468631744,0.0016036892775446177,0.004869915544986725,0.0,0.0,0.0,-0.0033168457448482513,-0.005064801312983036,2.3695080280303955,0.0,0.0,2.3695082664489746,0.0012589171528816223,0.0015835401136428118,0.0005674933781847358,0.02617495507001877,0.040542419999837875,1.2226312719576526e-05,0.0,0.0,0.0,-1.4329612255096436,10.039044380187988,0.07204914093017578,9.802226066589355,1.4583845138549805,-10.0,-9.875055313110352,11.99911880493164,2.0,2.0,20.385446548461914,0.2989746034145355,0.28977540135383606,0.30357420444488525,0.29590821266174316,0.0,0.30469265580177307,0.30469265580177307,0.30469265580177307,0.30469265580177307,0.0,-0.02642955631017685,0.05756443366408348,-9.814571380615234,0.0,0.0,0.0,0.0,0.0,0.0,0.0,0.0,0.0,0.0,0.0,0.0,0.0,0.0,0.0,0.30469274520874023,0.30469274520874023,0.304692804813385,0.30469274520874023,0.2800816595554352,0.04114978387951851,0.04114978387951851,0.43843916058540344,0.015297229401767254,-0.02774807997047901,0.03541489690542221,0.0,0.0,0.0,0.0,0.0,0.0,0.0
63068399578,0,-0.013561960309743881,-0.13481079041957855,-0.11291361600160599,-0.013561960309743881,-0.13481079041957855,-0.8129135966300964,-0.0007166794966906309,0.001597476890310645,0.004933112766593695,0.0,0.0,0.0,-0.003302566008642316,-0.005078466143459082,2.3695359230041504,0.0,0.0,2.3695359230041504,0.0009290563175454736,0.0011093502398580313,0.002014855155721307,0.026248805224895477,0.040350113064050674,4.851016456086654e-06,0.0,0.0,0.0,-1.4329612255096436,10.039044380187988,0.07204914093017578,9.802226066589355,1.4583845138549805,-10.0,-9.875055313110352,11.99911880493164,2.0,2.0,20.385446548461914,0.2989746034145355,0.28977540135383606,0.30357420444488525,0.29590821266174316,0.0,0.30469265580177307,0.30469265580177307,0.30469265580177307,0.30469265580177307,0.0,-0.016785630956292152,0.04245562478899956,-9.786470413208008,0.0,0.0,0.0,0.0,0.0,0.0,0.0,0.0,0.0,0.0,0.0,0.0,0.0,0.0,0.0,0.30469274520874023,0.30469274520874023,0.304692804813385,0.30469274520874023,0.2800816595554352,0.04114978387951851,0.04114978387951851,0.43843916058540344,-0.006032790057361126,-0.038273368030786514,0.08438946306705475,0.0,0.0,0.0,0.0,0.0,0.0,0.0
63077513708,0,-0.013561960309743881,-0.13481079041957855,-0.11291361600160599,-0.013561960309743881,-0.13481079041957855,-0.8129135966300964,-0.0007166794966906309,0.001597476890310645,0.004933112766593695,0.0,0.0,0.0,-0.003302566008642316,-0.005078466143459082,2.3695359230041504,0.0,0.0,2.3695359230041504,0.00027561368187889457,0.00046675768680870533,0.0026422489900141954,0.026262253522872925,0.040341440588235855,-7.654745786567219e-06,0.0,0.0,0.0,-1.4300992488861084,10.04029655456543,0.06991195678710938,9.802343368530273,1.456701636314392,-10.0,-9.874983787536621,12.061524391174316,2.0,2.0,20.326881408691406,0.2989746034145355,0.28977540135383606,0.30357420444488525,0.29590821266174316,0.0,0.30469265580177307,0.30469265580177307,0.30469265580177307,0.30469265580177307,0.0,-0.016785630956292152,0.04245562478899956,-9.786470413208008,0.0,0.0,0.0,0.0,0.0,0.0,0.0,0.0,0.0,0.0,0.0,0.0,0.0,0.0,0.0,0.30469274520874023,0.30469274520874023,0.304692804813385,0.30469274520874023,0.28188037872314453,0.04114978387951851,0.04114978387951851,0.4368499219417572,-0.031945619732141495,-0.05264719948172569,0.07422211766242981,0.0,0.0,0.0,0.0,0.0,0.0,0.0
63087351594,0,-0.013497807085514069,-0.1348203718662262,-0.11295340955257416,-0.013497807085514069,-0.1348203718662262,-0.8129534125328064,-0.0007572051254101098,0.001543105929158628,0.004689998924732208,0.0,0.0,0.0,-0.0033034635707736015,-0.0050743818283081055,2.369574785232544,0.0,0.0,2.369574785232544,-0.00016839714953675866,-0.0011199284344911575,0.0022429651580750942,0.026262253522872925,0.040341440588235855,-7.654745786567219e-06,0.0,0.0,0.0,-1.4300992488861084,10.04029655456543,0.06991195678710938,9.802343368530273,1.456701636314392,-10.0,-9.874983787536621,12.061524391174316,2.0,2.0,20.326881408691406,0.2989746034145355,0.28977540135383606,0.30357420444488525,0.29590821266174316,0.0,0.30469265580177307,0.30469265580177307,0.30469265580177307,0.30469265580177307,0.0,-0.04506409168243408,0.06279683858156204,-9.812417984008789,0.0,0.0,0.0,0.0,0.0,0.0,0.0,0.0,0.0,0.0,0.0,0.0,0.0,0.0,0.0,0.30469274520874023,0.30469274520874023,0.304692804813385,0.30469274520874023,0.28188037872314453,0.04114978387951851,0.04114978387951851,0.4368499219417572,-0.030959319323301315,-0.10059806704521179,0.02036162279546261,0.0,0.0,0.0,0.0,0.0,0.0,0.0
63097670858,0,-0.013469314202666283,-0.1348261684179306,-0.11297312378883362,-0.013469314202666283,-0.1348261684179306,-0.812973141670227,-0.000820512359496206,0.0015493517275899649,0.004769084043800831,0.0,0.0,0.0,-0.00330829038284719,-0.005102431867271662,2.369563341140747,0.0,0.0,2.369563579559326,-0.00036245689261704683,-0.0013385443016886711,0.0016866488149389625,0.026439683511853218,0.04044359549880028,1.0615523933665827e-05,0.0,0.0,0.0,-1.4284915924072266,10.042364120483398,0.0714578628540039,9.8023099899292,1.4554919004440308,-10.0,-9.874909400939941,12.026924133300781,2.0,2.0,20.36795997619629,0.2989746034145355,0.28977540135383606,0.30357420444488525,0.29590821266174316,0.0,0.30469265580177307,0.30469265580177307,0.30469265580177307,0.30469265580177307,0.0,-0.04506409168243408,0.06279683858156204,-9.812417984008789,0.0,0.0,0.0,0.0,0.0,0.0,0.0,0.0,0.0,0.0,0.0,0.0,0.0,0.0,0.0,0.30469274520874023,0.30469274520874023,0.304692804813385,0.30469274520874023,0.28120526671409607,0.04114978387951851,0.04114978387951851,0.437591016292572,-0.019813237711787224,-0.058191459625959396,-0.011517430655658245,0.0,0.0,0.0,0.0,0.0,0.0,0.0
63107764631,0,-0.013398746028542519,-0.13484269380569458,-0.11303427070379257,-0.013398746028542519,-0.13484269380569458,-0.8130342364311218,-0.001352153136394918,0.0005943906144239008,0.004999454133212566,0.0,0.0,0.0,-0.003330569015815854,-0.005027297884225845,2.3695411682128906,0.0,0.0,2.3695411682128906,-7.671427738387138e-05,0.0009164686780422926,0.0008678571321070194,0.026439683511853218,0.04044359549880028,1.0615523933665827e-05,0.0,0.0,0.0,-1.4284915924072266,10.042364120483398,0.0714578628540039,9.8023099899292,1.4554919004440308,-10.0,-9.874909400939941,12.026924133300781,2.0,2.0,20.36795997619629,0.2989746034145355,0.28977540135383606,0.30357420444488525,0.29590821266174316,0.0,0.30469265580177307,0.30469265580177307,0.30469265580177307,0.30469265580177307,0.0,-0.04674876853823662,0.04959406331181526,-9.804891586303711,0.0,0.0,0.0,0.0,0.0,0.0,0.0,0.0,0.0,0.0,0.0,0.0,0.0,0.0,0.0,0.30469274520874023,0.30469274520874023,0.304692804813385,0.30469274520874023,0.28120526671409607,0.04114978387951851,0.04114978387951851,0.437591016292572,-0.003325887257233262,0.06691450625658035,-0.038955897092819214,0.0,0.0,0.0,0.0,0.0,0.0,0.0
63117438982,0,-0.013398746028542519,-0.13484269380569458,-0.11303427070379257,-0.013398746028542519,-0.13484269380569458,-0.8130342364311218,-0.001352153136394918,0.0005943906144239008,0.004999454133212566,0.0,0.0,0.0,-0.003330569015815854,-0.005027297884225845,2.3695411682128906,0.0,0.0,2.3695411682128906,-7.671427738387138e-05,0.0009164686780422926,0.0008678571321070194,0.026288863271474838,0.03980293124914169,-8.322793974002707e-07,0.0,0.0,0.0,-1.4277887344360352,10.038381576538086,0.07245063781738281,9.802197456359863,1.4543769359588623,-10.0,-9.874866485595703,11.995656967163086,2.0,2.0,20.386348724365234,0.2989746034145355,0.28977540135383606,0.30357420444488525,0.29590821266174316,0.0,0.30469265580177307,0.30469265580177307,0.30469265580177307,0.30469265580177307,0.0,-0.04674876853823662,0.04959406331181526,-9.804891586303711,0.0,0.0,0.0,0.0,0.0,0.0,0.0,0.0,0.0,0.0,0.0,0.0,0.0,0.0,0.0,0.30469274520874023,0.30469274520874023,0.304692804813385,0.30469274520874023,0.2805950343608856,0.04114978387951851,0.04114978387951851,0.4379228949546814,-0.003325887257233262,0.06691450625658035,-0.038955897092819214,0.0,0.0,0.0,0.0,0.0,0.0,0.0
63127622695,0,-0.013398746028542519,-0.13484269380569458,-0.11303427070379257,-0.013398746028542519,-0.13484269380569458,-0.8130342364311218,-0.001352153136394918,0.0005943906144239008,0.004999454133212566,0.0,0.0,0.0,-0.003330569015815854,-0.005027297884225845,2.3695411682128906,0.0,0.0,2.3695411682128906,-0.00028138080961070955,0.002462739124894142,0.0005858107469975948,0.026288863271474838,0.03980293124914169,-8.322793974002707e-07,0.0,0.0,0.0,-1.4269272089004517,10.03581428527832,0.07253551483154297,9.802197456359863,1.4537746906280518,-10.0,-9.874857902526855,11.99066162109375,2.0,2.0,20.383018493652344,0.2989746034145355,0.28977540135383606,0.30357420444488525,0.29590821266174316,0.0,0.30469265580177307,0.30469265580177307,0.30469265580177307,0.30469265580177307,0.0,-0.04674876853823662,0.04959406331181526,-9.804891586303711,0.0,0.0,0.0,0.0,0.0,0.0,0.0,0.0,0.0,0.0,0.0,0.0,0.0,0.0,0.0,0.30469274520874023,0.30469274520874023,0.304692804813385,0.30469274520874023,0.2804975211620331,0.04114978387951851,0.04114978387951851,0.43786269426345825,-0.010094909928739071,0.1038755401968956,-0.03153108432888985,0.0,0.0,0.0,0.0,0.0,0.0,0.0
63137256576,0,-0.013356919400393963,-0.13486197590827942,-0.11306919157505035,-0.013356919400393963,-0.13486197590827942,-0.8130691647529602,-0.0008684568456374109,-0.00012108866940252483,0.0045809815637767315,0.0,0.0,0.0,-0.00330780865624547,-0.004999801050871611,2.369569778442383,0.0,0.0,2.369569778442383,0.0007009821129031479,0.0026545310392975807,0.0001242810976691544,0.026465099304914474,0.039315588772296906,-1.5760167570988415e-06,0.0,0.0,0.0,-1.4274406433105469,10.035938262939453,0.07274627685546875,9.8023099899292,1.4537746906280518,-10.0,-9.874857902526855,11.984541893005371,2.0,2.0,20.389572143554688,0.2989746034145355,0.28977540135383606,0.30357420444488525,0.29590821266174316,0.0,0.30469265580177307,0.30469265580177307,0.30469265580177307,0.30469265580177307,0.0,-0.04674876853823662,0.04959406331181526,-9.804891586303711,0.0,0.0,0.0,0.0,0.0,0.0,0.0,0.0,0.0,0.0,0.0,0.0,0.0,0.0,0.0,0.30469274520874023,0.30469274520874023,0.304692804813385,0.30469274520874023,0.2804975211620331,0.04114978387951851,0.04114978387951851,0.43786269426345825,0.03342561051249504,0.043929148465394974,-0.030692370608448982,0.0,0.0,0.0,0.0,0.0,0.0,0.0
63147729715,0,-0.013356919400393963,-0.13486197590827942,-0.11306919157505035,-0.01331415120512247,-0.13488563895225525,-0.8131022453308105,-0.0008684568456374109,-0.00012108866940252483,0.0045809815637767315,0.0,0.0,0.0,-0.00330780865624547,-0.004999801050871611,2.369569778442383,0.0,0.0,2.3695549964904785,0.0007009821129031479,0.0026545310392975807,0.0001242810976691544,0.02626395784318447,0.03903230279684067,-7.469903266610345e-06,0.0,0.0,0.0,-1.4274406433105469,10.035938262939453,0.07274627685546875,9.8023099899292,1.452669382095337,-10.0,-9.874848365783691,11.984541893005371,2.0,2.0,20.389572143554688,0.2989746034145355,0.28977540135383606,0.30357420444488525,0.29590821266174316,0.0,0.30469265580177307,0.30469265580177307,0.30469265580177307,0.30469265580177307,0.0,-0.054426778107881546,0.04256948456168175,-9.793228149414062,0.0,0.0,0.0,0.0,0.0,0.0,0.0,0.0,0.0,0.0,0.0,0.0,0.0,0.0,0.0,0.30469274520874023,0.30469274520874023,0.304692804813385,0.30469274520874023,0.2803780138492584,0.04114978387951851,0.04114978387951851,0.43798109889030457,0.03342561051249504,0.043929148465394974,-0.030692370608448982,0.0,0.0,0.0,0.0,0.0,0.0,0.0
63157905587,0,-0.01331415120512247,-0.13488563895225525,-0.1131022572517395,-0.01331415120512247,-0.13488563895225525,-0.8131022453308105,-0.0003833897353615612,3.5548058804124594e-05,0.004858889151364565,0.0,0.0,0.0,-0.003260445548221469,-0.004901732783764601,2.3695549964904785,0.0,0.0,2.3695549964904785,0.0009966087527573109,0.002517967950552702,0.00022782734595239162,0.026014011353254318,0.038866519927978516,3.063163603655994e-05,0.0,0.0,0.0,-1.4273251295089722,10.036355972290039,0.07243728637695312,9.802350044250488,1.4520857334136963,-10.0,-9.874847412109375,11.993477821350098,2.0,2.0,20.38197898864746,0.2989746034145355,0.28977540135383606,0.30357420444488525,0.29590821266174316,0.0,0.30469265580177307,0.30469265580177307,0.30469265580177307,0.30469265580177307,0.0,-0.06502404808998108,0.04576938971877098,-9.8169527053833,0.0,0.0,0.0,0.0,0.0,0.0,0.0,0.0,0.0,0.0,0.0,0.0,0.0,0.0,0.0,0.30469274520874023,0.30469274520874023,0.304692804813385,0.30469274520874023,0.28055238723754883,0.04114978387951851,0.04114978387951851,0.43784403800964355,0.02900455892086029,0.015510382130742073,-0.011633834801614285,0.0,0.0,0.0,0.0,0.0,0.0,0.0
63168687659,0,-0.01329297386109829,-0.13489821553230286,-0.11311948299407959,-0.01329297386109829,-0.13489821553230286,-0.8131194710731506,-0.00020768967806361616,-1.7630889487918466e-05,0.004786517005413771,0.0,0.0,0.0,-0.003272205125540495,-0.00488888006657362,2.369537591934204,0.0,0.0,2.369537830352783,4.6182503865566105e-05,0.0009248657152056694,0.0003451345255598426,0.026014011353254318,0.038866519927978516,3.063163603655994e-05,0.0,0.0,0.0,-1.4245450496673584,10.038531303405762,0.07223129272460938,9.802300453186035,1.4509977102279663,-10.0,-9.874844551086426,12.006718635559082,2.0,2.0,20.375507354736328,0.2989746034145355,0.28977540135383606,0.30357420444488525,0.29590821266174316,0.0,0.30469265580177307,0.30469265580177307,0.30469265580177307,0.30469265580177307,0.0,-0.06502404808998108,0.04576938971877098,-9.8169527053833,0.0,0.0,0.0,0.0,0.0,0.0,0.0,0.0,0.0,0.0,0.0,0.0,0.0,0.0,0.0,0.30469274520874023,0.30469274520874023,0.304692804813385,0.30469274520874023,0.28055238723754883,0.04114978387951851,0.04114978387951851,0.43784403800964355,-0.0325331911444664,-0.05390174686908722,0.0071211387403309345,0.0,0.0,0.0,0.0,0.0,0.0,0.0
63177534431,0,-0.013250120915472507,-0.1349283754825592,-0.11315842717885971,-0.013250120915472507,-0.1349283754825592,-0.813158392906189,-0.00025156670017167926,-4.094508767593652e-05,0.004831164143979549,0.0,0.0,0.0,-0.003292276058346033,-0.00489527964964509,2.369528293609619,0.0,0.0,2.369528293609619,4.6182503865566105e-05,0.0009248657152056694,0.0003451345255598426,0.026173530146479607,0.03891744837164879,2.2412459657061845e-05,0.0,0.0,0.0,-1.4245450496673584,10.038531303405762,0.07223129272460938,9.802300453186035,1.4509977102279663,-10.0,-9.874844551086426,12.006718635559082,2.0,2.0,20.375507354736328,0.2989746034145355,0.28977540135383606,0.30357420444488525,0.29590821266174316,0.0,0.30469265580177307,0.30469265580177307,0.30469265580177307,0.30469265580177307,0.0,-0.03913675993680954,0.012847183272242546,-9.817855834960938,0.0,0.0,0.0,0.0,0.0,0.0,0.0,0.0,0.0,0.0,0.0,0.0,0.0,0.0,0.0,0.30469274520874023,0.30469274520874023,0.304692804813385,0.30469274520874023,0.2808109521865845,0.04114978387951851,0.04114978387951851,0.4377274215221405,-0.0325331911444664,-0.05390174686908722,0.0071211387403309345,0.0,0.0,0.0,0.0,0.0,0.0,0.0
63187392588,0,-0.013228998519480228,-0.13494156301021576,-0.11317839473485947,-0.013228998519480228,-0.13494156301021576,-0.8131783604621887,-0.00023212621454149485,-0.0002162495075026527,0.004809987731277943,0.0,0.0,0.0,-0.003285540733486414,-0.004868445452302694,2.369523763656616,0.0,0.0,2.3695240020751953,0.00028962153010070324,0.0017668139189481735,0.000543214613571763,0.026173530146479607,0.03891744837164879,2.2412459657061845e-05,0.0,0.0,0.0,-1.4245450496673584,10.038531303405762,0.07223129272460938,9.802300453186035,1.4509977102279663,-10.0,-9.874844551086426,12.010863304138184,2.0,2.0,20.36815643310547,0.2989746034145355,0.28977540135383606,0.30357420444488525,0.29590821266174316,0.0,0.30469265580177307,0.30469265580177307,0.30469265580177307,0.30469265580177307,0.0,-0.047758232802152634,0.005237392615526915,-9.806072235107422,0.0,0.0,0.0,0.0,0.0,0.0,0.0,0.0,0.0,0.0,0.0,0.0,0.0,0.0,0.0,0.30469274520874023,0.30469274520874023,0.304692804813385,0.30469274520874023,0.2808109521865845,0.04114978387951851,0.04114978387951851,0.4377274215221405,0.00039173918776214123,0.01826900988817215,0.00382647174410522,0.0,0.0,0.0,0.0,0.0,0.0,0.0
63197884336,0,-0.013228998519480228,-0.13494156301021576,-0.11317839473485947,-0.013228998519480228,-0.13494156301021576,-0.8131783604621887,-0.00023212621454149485,-0.0002162495075026527,0.004809987731277943,0.0,0.0,0.0,-0.003285540733486414,-0.004868445452302694,2.369523763656616,0.0,0.0,2.3695240020751953,0.00028962153010070324,0.0017668139189481735,0.000543214613571763,0.02611040137708187,0.03830892965197563,3.5795059375232086e-05,0.0,0.0,0.0,-1.4240820407867432,10.036359786987305,0.07221221923828125,9.802194595336914,1.4498989582061768,-10.0,-9.874825477600098,12.004453659057617,2.0,2.0,20.370756149291992,0.2989746034145355,0.28977540135383606,0.30357420444488525,0.29590821266174316,0.0,0.30469265580177307,0.30469265580177307,0.30469265580177307,0.30469265580177307,0.0,-0.047758232802152634,0.005237392615526915,-9.806072235107422,0.0,0.0,0.0,0.0,0.0,0.0,0.0,0.0,0.0,0.0,0.0,0.0,0.0,0.0,0.0,0.30469274520874023,0.30469274520874023,0.304692804813385,0.30469274520874023,0.2807667553424835,0.04114978387951851,0.04114978387951851,0.4376416802406311,0.00039173918776214123,0.01826900988817215,0.00382647174410522,0.0,0.0,0.0,0.0,0.0,0.0,0.0
63207509267,0,-0.013228998519480228,-0.13494156301021576,-0.11317839473485947,-0.013228998519480228,-0.13494156301021576,-0.8131783604621887,-0.00023212621454149485,-0.0002162495075026527,0.004809987731277943,0.0,0.0,0.0,-0.003285540733486414,-0.004868445452302694,2.369523763656616,0.0,0.0,2.3695240020751953,0.000721509219147265,0.001983039081096649,0.0003078196314163506,0.025958694517612457,0.038074374198913574,-2.6991820050170645e-06,0.0,0.0,0.0,-1.4244102239608765,10.035916328430176,0.07247257232666016,9.802201271057129,1.449317216873169,-10.0,-9.874820709228516,11.996416091918945,2.0,2.0,20.37738800048828,0.2989746034145355,0.28977540135383606,0.30357420444488525,0.29590821266174316,0.0,0.30469265580177307,0.30469265580177307,0.30469265580177307,0.30469265580177307,0.0,-0.047758232802152634,0.005237392615526915,-9.806072235107422,0.0,0.0,0.0,0.0,0.0,0.0,0.0,0.0,0.0,0.0,0.0,0.0,0.0,0.0,0.0,0.30469274520874023,0.30469274520874023,0.304692804813385,0.30469274520874023,0.28060993552207947,0.04114978387951851,0.04114978387951851,0.43776118755340576,0.01262101624161005,0.01700911857187748,-0.005463395267724991,0.0,0.0,0.0,0.0,0.0,0.0,0.0
63217842026,0,-0.013162356801331043,-0.1349833905696869,-0.113236203789711,-0.013162356801331043,-0.1349833905696869,-0.8132361769676208,0.0002617822028696537,-0.0003989422111772001,0.004432039335370064,0.0,0.0,0.0,-0.0032541919499635696,-0.004797945264726877,2.369509696960449,0.0,0.0,2.369509696960449,0.00017598722479306161,0.0021439315751194954,0.0007164377602748573,0.025958694517612457,0.038074374198913574,-2.6991820050170645e-06,0.0,0.0,0.0,-1.4244102239608765,10.035916328430176,0.07247257232666016,9.802201271057129,1.449317216873169,-10.0,-9.874820709228516,11.996416091918945,2.0,2.0,20.37738800048828,0.2989746034145355,0.28977540135383606,0.30357420444488525,0.29590821266174316,0.0,0.30469265580177307,0.30469265580177307,0.30469265580177307,0.30469265580177307,0.0,-0.04935407266020775,0.015124787576496601,-9.797039031982422,0.0,0.0,0.0,0.0,0.0,0.0,0.0,0.0,0.0,0.0,0.0,0.0,0.0,0.0,0.0,0.30469274520874023,0.30469274520874023,0.304692804813385,0.30469274520874023,0.28060993552207947,0.04114978387951851,0.04114978387951851,0.43776118755340576,-0.018663641065359116,0.017128098756074905,0.015002377331256866,0.0,0.0,0.0,0.0,0.0,0.0,0.0
63227351534,0,-0.013140572234988213,-0.1349957287311554,-0.11325512826442719,-0.013140572234988213,-0.1349957287311554,-0.8132551312446594,0.00047650380292907357,-0.0002314668381586671,0.0043773590587079525,0.0,0.0,0.0,-0.003234050003811717,-0.0047319927252829075,2.369495153427124,0.0,0.0,2.369495153427124,0.00026616896502673626,0.0027247793041169643,0.0013750717043876648,0.025894615799188614,0.037532079964876175,-2.651836257427931e-05,0.0,0.0,0.0,-1.4225196838378906,10.034440040588379,0.0710153579711914,9.802318572998047,1.4482284784317017,-10.0,-9.87479019165039,12.035127639770508,2.0,2.0,20.333810806274414,0.2989746034145355,0.28977540135383606,0.30357420444488525,0.29590821266174316,0.0,0.30469265580177307,0.30469265580177307,0.30469265580177307,0.30469265580177307,0.0,-0.027282480150461197,0.026807693764567375,-9.797708511352539,0.0,0.0,0.0,0.0,0.0,0.0,0.0,0.0,0.0,0.0,0.0,0.0,0.0,0.0,0.0,0.30469274520874023,0.30469274520874023,0.304692804813385,0.30469274520874023,0.28136545419692993,0.04114978387951851,0.04114978387951851,0.43697500228881836,-0.00803261250257492,0.03672439604997635,0.040543098002672195,0.0,0.0,0.0,0.0,0.0,0.0,0.0
63239510442,0,-0.013140572234988213,-0.1349957287311554,-0.11325512826442719,-0.013140572234988213,-0.1349957287311554,-0.8132551312446594,0.00047650380292907357,-0.0002314668381586671,0.0043773590587079525,0.0,0.0,0.0,-0.003234050003811717,-0.0047319927252829075,2.369495153427124,0.0,0.0,2.369495153427124,0.00042212684638798237,0.0028520170599222183,0.0018286992562934756,0.025708189234137535,0.03740718588232994,2.009658828683314e-06,0.0,0.0,0.0,-1.4223365783691406,10.034292221069336,0.07061195373535156,9.802351951599121,1.4476454257965088,-10.0,-9.874759674072266,12.045729637145996,2.0,2.0,20.32272720336914,0.2989746034145355,0.28977540135383606,0.30357420444488525,0.29590821266174316,0.0,0.30469265580177307,0.30469265580177307,0.30469265580177307,0.30469265580177307,0.0,-0.027282480150461197,0.026807693764567375,-9.797708511352539,0.0,0.0,0.0,0.0,0.0,0.0,0.0,0.0,0.0,0.0,0.0,0.0,0.0,0.0,0.0,0.30469274520874023,0.30469274520874023,0.304692804813385,0.30469274520874023,0.28157249093055725,0.04114978387951851,0.04114978387951851,0.4367750883102417,-0.002272708108648658,0.026294773444533348,0.04256008565425873,0.0,0.0,0.0,0.0,0.0,0.0,0.0
63249920434,0,-0.013093923218548298,-0.13502490520477295,-0.1132935881614685,-0.013093923218548298,-0.13502490520477295,-0.8132935762405396,0.0006419450510293245,-0.00032675120746716857,0.00441296212375164,0.0,0.0,0.0,-0.0032432235311716795,-0.00469058845192194,2.3695366382598877,0.0,0.0,2.3695366382598877,0.00042212684638798237,0.0028520170599222183,0.0018286992562934756,0.025708189234137535,0.03740718588232994,2.009658828683314e-06,0.0,0.0,0.0,-1.4223365783691406,10.034292221069336,0.07061195373535156,9.802351951599121,1.4476454257965088,-10.0,-9.874759674072266,12.045729637145996,2.0,2.0,20.32272720336914,0.2989746034145355,0.28977540135383606,0.30357420444488525,0.29590821266174316,0.0,0.30469265580177307,0.30469265580177307,0.30469265580177307,0.30469265580177307,0.0,-0.05905048921704292,0.044183824211359024,-9.81619930267334,0.0,0.0,0.0,0.0,0.0,0.0,0.0,0.0,0.0,0.0,0.0,0.0,0.0,0.0,0.0,0.30469274520874023,0.30469274520874023,0.304692804813385,0.30469274520874023,0.28157249093055725,0.04114978387951851,0.04114978387951851,0.4367750883102417,-0.002272708108648658,0.026294773444533348,0.04256008565425873,0.0,0.0,0.0,0.0,0.0,0.0,0.0
63257236537,0,-0.013070818036794662,-0.13504035770893097,-0.11331292241811752,-0.013070818036794662,-0.13504035770893097,-0.8133128881454468,0.0006053994875401258,-0.0005547766922973096,0.004210231825709343,0.0,0.0,0.0,-0.0032424484379589558,-0.00467837555333972,2.369513511657715,0.0,0.0,2.369513511657715,0.00012666097609326243,0.0023534437641501427,0.0012918929569423199,0.025822674855589867,0.036908552050590515,5.879814125364646e-05,0.0,0.0,0.0,-1.4208227396011353,10.034639358520508,0.07158184051513672,9.802289962768555,1.4465610980987549,-10.0,-9.874701499938965,12.023287773132324,2.0,2.0,20.346139907836914,0.2989746034145355,0.28977540135383606,0.30357420444488525,0.29590821266174316,0.0,0.30469265580177307,0.30469265580177307,0.30469265580177307,0.30469265580177307,0.0,-0.05905048921704292,0.044183824211359024,-9.81619930267334,0.0,0.0,0.0,0.0,0.0,0.0,0.0,0.0,0.0,0.0,0.0,0.0,0.0,0.0,0.0,0.30469274520874023,0.30469274520874023,0.304692804813385,0.30469274520874023,0.28157249093055725,0.04114978387951851,0.04114978387951851,0.4367750883102417,-0.015066341497004032,-0.006060331594198942,-0.014192892238497734,0.0,0.0,0.0,0.0,0.0,0.0,0.0
63267447184,0,-0.013070818036794662,-0.13504035770893097,-0.11331292241811752,-0.013070818036794662,-0.13504035770893097,-0.8133128881454468,0.0006053994875401258,-0.0005547766922973096,0.004210231825709343,0.0,0.0,0.0,-0.0032424484379589558,-0.00467837555333972,2.369513511657715,0.0,0.0,2.369513511657715,0.00012666097609326243,0.0023534437641501427,0.0012918929569423199,0.025822674855589867,0.036908552050590515,5.879814125364646e-05,0.0,0.0,0.0,-1.4208227396011353,10.034639358520508,0.07158184051513672,9.802289962768555,1.4465610980987549,-10.0,-9.874701499938965,12.023287773132324,2.0,2.0,20.346139907836914,0.2989746034145355,0.28977540135383606,0.30357420444488525,0.29590821266174316,0.0,0.30469265580177307,0.30469265580177307,0.30469265580177307,0.30469265580177307,0.0,-0.05905048921704292,0.044183824211359024,-9.81619930267334,0.0,0.0,0.0,0.0,0.0,0.0,0.0,0.0,0.0,0.0,0.0,0.0,0.0,0.0,0.0,0.30469274520874023,0.30469274520874023,0.304692804813385,0.30469274520874023,0.28113439679145813,0.04114978387951851,0.04114978387951851,0.43719735741615295,-0.015066341497004032,-0.006060331594198942,-0.014192892238497734,0.0,0.0,0.0,0.0,0.0,0.0,0.0
63277472475,0,-0.013027035631239414,-0.13507115840911865,-0.11335638910531998,-0.013027035631239414,-0.13507115840911865,-0.8133563995361328,0.00036236143205314875,-0.0009050396038219333,0.0039999657310545444,0.0,0.0,0.0,-0.0032348036766052246,-0.004639107268303633,2.369481325149536,0.0,0.0,2.369481325149536,8.853893814375624e-05,0.0008520408882759511,0.0006710882298648357,0.025822674855589867,0.036908552050590515,5.879814125364646e-05,0.0,0.0,0.0,-1.4196771383285522,10.036636352539062,0.07222270965576172,9.802191734313965,1.4453939199447632,-10.0,-9.874671936035156,12.011526107788086,2.0,2.0,20.364212036132812,0.2989746034145355,0.28977540135383606,0.30357420444488525,0.29590821266174316,0.0,0.30469265580177307,0.30469265580177307,0.30469265580177307,0.30469265580177307,0.0,-0.04218190535902977,0.039987217634916306,-9.805505752563477,0.0,0.0,0.0,0.0,0.0,0.0,0.0,0.0,0.0,0.0,0.0,0.0,0.0,0.0,0.0,0.30469274520874023,0.30469274520874023,0.304692804813385,0.30469274520874023,0.28090494871139526,0.04114978387951851,0.04114978387951851,0.4375237226486206,-0.01410258375108242,-0.05846555903553963,-0.022293761372566223,0.0,0.0,0.0,0.0,0.0,0.0,0.0
63287396543,0,-0.013027035631239414,-0.13507115840911865,-0.11335638910531998,-0.013027035631239414,-0.13507115840911865,-0.8133563995361328,0.00036236143205314875,-0.0009050396038219333,0.0039999657310545444,0.0,0.0,0.0,-0.0032348036766052246,-0.004639107268303633,2.369481325149536,0.0,0.0,2.369481325149536,-0.0001452099677408114,0.000679976714309305,0.0007716162945143878,0.025860987603664398,0.036825451999902725,-3.612116415752098e-06,0.0,0.0,0.0,-1.4189283847808838,10.03686237335205,0.07199382781982422,9.802191734313965,1.4452259540557861,-10.0,-9.874667167663574,12.019050598144531,2.0,2.0,20.357358932495117,0.2989746034145355,0.28977540135383606,0.30357420444488525,0.29590821266174316,0.0,0.30469265580177307,0.30469265580177307,0.30469265580177307,0.30469265580177307,0.0,-0.04218190535902977,0.039987217634916306,-9.805505752563477,0.0,0.0,0.0,0.0,0.0,0.0,0.0,0.0,0.0,0.0,0.0,0.0,0.0,0.0,0.0,0.30469274520874023,0.30469274520874023,0.304692804813385,0.30469274520874023,0.28090494871139526,0.04114978387951851,0.04114978387951851,0.4375237226486206,-0.024550549685955048,-0.05806731805205345,-0.012708049267530441,0.0,0.0,0.0,0.0,0.0,0.0,0.0
63298099180,0,-0.012982740066945553,-0.13509780168533325,-0.11339962482452393,-0.012982740066945553,-0.13509780168533325,-0.813399612903595,0.0005774606252089143,-0.0006339114625006914,0.0035587844904512167,0.0,0.0,0.0,-0.003230684669688344,-0.004642660263925791,2.3694896697998047,0.0,0.0,2.3694896697998047,-0.0015968867810443044,0.0015029176138341427,0.0003009737120009959,0.025860987603664398,0.036825451999902725,-3.612116415752098e-06,0.0,0.0,0.0,-1.4189283847808838,10.03686237335205,0.07199382781982422,9.802191734313965,1.4452259540557861,-10.0,-9.874667167663574,12.01384162902832,2.0,2.0,20.355405807495117,0.2989746034145355,0.28977540135383606,0.30357420444488525,0.29590821266174316,0.0,0.30469265580177307,0.30469265580177307,0.30469265580177307,0.30469265580177307,0.0,-0.025893207639455795,0.022468043491244316,-9.794172286987305,0.0,0.0,0.0,0.0,0.0,0.0,0.0,0.0,0.0,0.0,0.0,0.0,0.0,0.0,0.0,0.30469274520874023,0.30469274520874023,0.304692804813385,0.30469274520874023,0.28105175495147705,0.04114978387951851,0.04114978387951851,0.4373999834060669,-0.029874548316001892,0.019543323665857315,-0.00678036455065012,0.0,0.0,0.0,0.0,0.0,0.0,0.0
63307172175,0,-0.012982740066945553,-0.13509780168533325,-0.11339962482452393,-0.012914837338030338,-0.1351342499256134,-0.8134628534317017,0.0005774606252089143,-0.0006339114625006914,0.0035587844904512167,0.0,0.0,0.0,-0.003230684669688344,-0.004642660263925791,2.3694896697998047,0.0,0.0,2.369499444961548,-0.0015968867810443044,0.0015029176138341427,0.0003009737120009959,0.025875180959701538,0.03641081228852272,1.1308740795357153e-05,0.0,0.0,0.0,-1.415893316268921,10.034712791442871,0.07224273681640625,9.802266120910645,1.4436640739440918,-10.0,-9.874658584594727,12.01384162902832,2.0,2.0,20.355405807495117,0.2989746034145355,0.28977540135383606,0.30357420444488525,0.29590821266174316,0.0,0.30469265580177307,0.30469265580177307,0.30469265580177307,0.30469265580177307,0.0,-0.025893207639455795,0.022468043491244316,-9.794172286987305,0.0,0.0,0.0,0.0,0.0,0.0,0.0,0.0,0.0,0.0,0.0,0.0,0.0,0.0,0.0,0.30469274520874023,0.30469274520874023,0.304692804813385,0.30469274520874023,0.28095003962516785,0.04114978387951851,0.04114978387951851,0.4373646378517151,-0.029874548316001892,0.019543323665857315,-0.00678036455065012,0.0,0.0,0.0,0.0,0.0,0.0,0.0
63317431859,0,-0.01289076916873455,-0.13514530658721924,-0.11348401755094528,-0.01289076916873455,-0.13514530658721924,-0.8134840130805969,0.0010068631963804364,-0.0004286113253328949,0.003831536741927266,0.0,0.0,0.0,-0.0032184927258640528,-0.004589948803186417,2.3694913387298584,0.0,0.0,2.3694913387298584,-0.0008303571376018226,0.0014113434590399265,0.00042132759699597955,0.025875180959701538,0.03641081228852272,1.1308740795357153e-05,0.0,0.0,0.0,-1.415893316268921,10.034712791442871,0.07224273681640625,9.802266120910645,1.4436640739440918,-10.0,-9.874658584594727,12.01384162902832,2.0,2.0,20.355405807495117,0.2989746034145355,0.28977540135383606,0.30357420444488525,0.29590821266174316,0.0,0.30469265580177307,0.30469265580177307,0.30469265580177307,0.30469265580177307,0.0,-0.04526148736476898,0.023344453424215317,-9.799192428588867,0.0,0.0,0.0,0.0,0.0,0.0,0.0,0.0,0.0,0.0,0.0,0.0,0.0,0.0,0.0,0.30469274520874023,0.30469274520874023,0.304692804813385,0.30469274520874023,0.28095003962516785,0.04114978387951851,0.04114978387951851,0.4373646378517151,0.020886491984128952,0.00505685294046998,0.003093988634645939,0.0,0.0,0.0,0.0,0.0,0.0,0.0
63332149618,0,-0.01289076916873455,-0.13514530658721924,-0.11348401755094528,-0.01289076916873455,-0.13514530658721924,-0.8134840130805969,0.0010068631963804364,-0.0004286113253328949,0.003831536741927266,0.0,0.0,0.0,-0.0032184927258640528,-0.004589948803186417,2.3694913387298584,0.0,0.0,2.3694913387298584,0.00026912079192698,0.00030924423481337726,0.00038399442564696074,0.025392618030309677,0.03652848303318024,3.0430997867370024e-05,0.0,0.0,0.0,-1.4180511236190796,10.036706924438477,0.07203483581542969,9.802352905273438,1.4425544738769531,-10.0,-9.874645233154297,12.019103050231934,2.0,2.0,20.356735229492188,0.2989746034145355,0.28977540135383606,0.30357420444488525,0.29590821266174316,0.0,0.30469265580177307,0.30469265580177307,0.30469265580177307,0.30469265580177307,0.0,-0.04526148736476898,0.023344453424215317,-9.799192428588867,0.0,0.0,0.0,0.0,0.0,0.0,0.0,0.0,0.0,0.0,0.0,0.0,0.0,0.0,0.0,0.30469274520874023,0.30469274520874023,0.304692804813385,0.30469274520874023,0.2810526490211487,0.04114978387951851,0.04114978387951851,0.4373886287212372,0.06201910600066185,-0.048750873655080795,-0.0008103875443339348,0.0,0.0,0.0,0.0,0.0,0.0,0.0
63338428701,0,-0.01289076916873455,-0.13514530658721924,-0.11348401755094528,-0.01289076916873455,-0.13514530658721924,-0.8134840130805969,0.0010068631963804364,-0.0004286113253328949,0.003831536741927266,0.0,0.0,0.0,-0.0032184927258640528,-0.004589948803186417,2.3694913387298584,0.0,0.0,2.3694913387298584,0.00130072224419564,0.00042039313120767474,0.0004860679619014263,0.025353403761982918,0.03622213378548622,-2.093165448968648e-06,0.0,0.0,0.0,-1.418834924697876,10.036046981811523,0.07186126708984375,9.802332878112793,1.441980004310608,-10.0,-9.874638557434082,12.021354675292969,2.0,2.0,20.352428436279297,0.2989746034145355,0.28977540135383606,0.30357420444488525,0.29590821266174316,0.0,0.30469265580177307,0.30469265580177307,0.30469265580177307,0.30469265580177307,0.0,-0.04526148736476898,0.023344453424215317,-9.799192428588867,0.0,0.0,0.0,0.0,0.0,0.0,0.0,0.0,0.0,0.0,0.0,0.0,0.0,0.0,0.0,0.30469274520874023,0.30469274520874023,0.304692804813385,0.30469274520874023,0.2810526490211487,0.04114978387951851,0.04114978387951851,0.4373886287212372,0.08043251931667328,-0.018643435090780258,0.007717418950051069,0.0,0.0,0.0,0.0,0.0,0.0,0.0
63347717633,0,-0.012861823663115501,-0.13514618575572968,-0.1135227307677269,-0.012861823663115501,-0.13514618575572968,-0.8135226964950562,0.0008384248940274119,-0.0005915493238717318,0.003925547003746033,0.0,0.0,0.0,-0.0031891309190541506,-0.004556234460324049,2.369478464126587,0.0,0.0,2.369478464126587,0.0019278231775388122,-2.5649613235145807e-05,0.0010085016256198287,0.025353403761982918,0.03622213378548622,-2.093165448968648e-06,0.0,0.0,0.0,-1.418834924697876,10.036046981811523,0.07186126708984375,9.802332878112793,1.441980004310608,-10.0,-9.874638557434082,12.036538124084473,2.0,2.0,20.338815689086914,0.2989746034145355,0.28977540135383606,0.30357420444488525,0.29590821266174316,0.0,0.30469265580177307,0.30469265580177307,0.30469265580177307,0.30469265580177307,0.0,-0.039120741188526154,0.006734933704137802,-9.806640625,0.0,0.0,0.0,0.0,0.0,0.0,0.0,0.0,0.0,0.0,0.0,0.0,0.0,0.0,0.0,0.30469274520874023,0.30469274520874023,0.304692804813385,0.30469274520874023,0.2810966372489929,0.04114978387951851,0.04114978387951851,0.4373109042644501,0.03749077767133713,-0.02320735901594162,0.028451966121792793,0.0,0.0,0.0,0.0,0.0,0.0,0.0
63357377858,0,-0.012861823663115501,-0.13514618575572968,-0.1135227307677269,-0.012850572355091572,-0.13512881100177765,-0.8135576844215393,0.0008384248940274119,-0.0005915493238717318,0.003925547003746033,0.0,0.0,0.0,-0.0031891309190541506,-0.004556234460324049,2.369478464126587,0.0,0.0,2.369494676589966,0.0019278231775388122,-2.5649613235145807e-05,0.0010085016256198287,0.025025688111782074,0.03628943860530853,-2.9449005523929372e-05,0.0,0.0,0.0,-1.41822350025177,10.03654670715332,0.07134819030761719,9.80221176147461,1.4409464597702026,-10.0,-9.87462329864502,12.036538124084473,2.0,2.0,20.338815689086914,0.2989746034145355,0.28977540135383606,0.30357420444488525,0.29590821266174316,0.0,0.30469265580177307,0.30469265580177307,0.30469265580177307,0.30469265580177307,0.0,-0.046391502022743225,0.021088706329464912,-9.799738883972168,0.0,0.0,0.0,0.0,0.0,0.0,0.0,0.0,0.0,0.0,0.0,0.0,0.0,0.0,0.0,0.30469274520874023,0.30469274520874023,0.304692804813385,0.30469274520874023,0.28139299154281616,0.04114978387951851,0.04114978387951851,0.4370654225349426,0.03749077767133713,-0.02320735901594162,0.028451966121792793,0.0,0.0,0.0,0.0,0.0,0.0,0.0
63367356644,0,-0.012850572355091572,-0.13512881100177765,-0.11355769634246826,-0.012850572355091572,-0.13512881100177765,-0.8135576844215393,0.0010769705986604095,-0.0007333484827540815,0.003797221463173628,0.0,0.0,0.0,-0.0031479301396757364,-0.004564687144011259,2.369494676589966,0.0,0.0,2.369494676589966,0.0016236415831372142,-0.00016299792332574725,0.0014483651611953974,0.02481510490179062,0.036286935210227966,4.052438089274801e-05,0.0,0.0,0.0,-1.4172742366790771,10.036637306213379,0.07100486755371094,9.802191734313965,1.4403904676437378,-10.0,-9.874598503112793,12.047151565551758,2.0,2.0,20.32842254638672,0.2989746034145355,0.28977540135383606,0.30357420444488525,0.29590821266174316,0.0,0.30469265580177307,0.30469265580177307,0.30469265580177307,0.30469265580177307,0.0,-0.05373680219054222,0.035915080457925797,-9.802842140197754,0.0,0.0,0.0,0.0,0.0,0.0,0.0,0.0,0.0,0.0,0.0,0.0,0.0,0.0,0.0,0.30469274520874023,0.30469274520874023,0.304692804813385,0.30469274520874023,0.2816000282764435,0.04114978387951851,0.04114978387951851,0.43687769770622253,0.0075206635519862175,-0.01869327947497368,0.03461243212223053,0.0,0.0,0.0,0.0,0.0,0.0,0.0
63377718541,0,-0.012842888943850994,-0.1351218819618225,-0.11357394605875015,-0.012842888943850994,-0.1351218819618225,-0.813573956489563,0.0013071749126538634,-0.0006433174130506814,0.0036080707795917988,0.0,0.0,0.0,-0.0031213874462991953,-0.004564407281577587,2.3694679737091064,0.0,0.0,2.3694679737091064,0.0012710975715890527,-8.333392906934023e-05,0.0016732716467231512,0.02481510490179062,0.036286935210227966,4.052438089274801e-05,0.0,0.0,0.0,-1.4172742366790771,10.036637306213379,0.07100486755371094,9.802191734313965,1.4403904676437378,-10.0,-9.874598503112793,12.053132057189941,2.0,2.0,20.321657180786133,0.2989746034145355,0.28977540135383606,0.30357420444488525,0.29590821266174316,0.0,0.30469265580177307,0.30469265580177307,0.30469265580177307,0.30469265580177307,0.0,-0.05373680219054222,0.035915080457925797,-9.802842140197754,0.0,0.0,0.0,0.0,0.0,0.0,0.0,0.0,0.0,0.0,0.0,0.0,0.0,0.0,0.0,0.30469274520874023,0.30469274520874023,0.304692804813385,0.30469274520874023,0.2816000282764435,0.04114978387951851,0.04114978387951851,0.43687769770622253,-0.00695146294310689,-0.008195165544748306,0.03035326860845089,0.0,0.0,0.0,0.0,0.0,0.0,0.0
63387364654,0,-0.012824793346226215,-0.13510946929454803,-0.11361025273799896,-0.012824793346226215,-0.13510946929454803,-0.8136102557182312,0.001688219141215086,-0.00044782739132642746,0.003708183765411377,0.0,0.0,0.0,-0.003123012837022543,-0.004553432576358318,2.369504451751709,0.0,0.0,2.369504451751709,0.00131532596424222,4.6188419219106436e-05,0.0021849062759429216,0.02491779625415802,0.036089133471250534,2.1629035472869873e-05,0.0,0.0,0.0,-1.415839672088623,10.036121368408203,0.07027912139892578,9.802191734313965,1.4393500089645386,-10.0,-9.87453556060791,12.067556381225586,2.0,2.0,20.306259155273438,0.2989746034145355,0.28977540135383606,0.30357420444488525,0.29590821266174316,0.0,0.30469265580177307,0.30469265580177307,0.30469265580177307,0.30469265580177307,0.0,-0.05966218560934067,0.03965010493993759,-9.810342788696289,0.0,0.0,0.0,0.0,0.0,0.0,0.0,0.0,0.0,0.0,0.0,0.0,0.0,0.0,0.0,0.30469274520874023,0.30469274520874023,0.304692804813385,0.30469274520874023,0.2816000282764435,0.04114978387951851,0.04114978387951851,0.43687769770622253,0.00019182013056706637,0.003269578330218792,0.04028148204088211,0.0,0.0,0.0,0.0,0.0,0.0,0.0
63398473805,0,-0.012802842073142529,-0.1350993514060974,-0.11364865303039551,-0.012802842073142529,-0.1350993514060974,-0.8136486411094666,0.00162680319044739,-0.0009883528109639883,0.003872120985761285,0.0,0.0,0.0,-0.003129953285679221,-0.004562895745038986,2.3694937229156494,0.0,0.0,2.3694937229156494,0.00016965114627964795,-0.0002619413426145911,0.0022307136096060276,0.02491779625415802,0.036089133471250534,2.1629035472869873e-05,0.0,0.0,0.0,-1.415839672088623,10.036121368408203,0.07027912139892578,9.802191734313965,1.4393500089645386,-10.0,-9.87453556060791,12.069649696350098,2.0,2.0,20.305574417114258,0.2989746034145355,0.28977540135383606,0.30357420444488525,0.29590821266174316,0.0,0.30469265580177307,0.30469265580177307,0.30469265580177307,0.30469265580177307,0.0,-0.06325502693653107,0.03021216206252575,-9.811594009399414,0.0,0.0,0.0,0.0,0.0,0.0,0.0,0.0,0.0,0.0,0.0,0.0,0.0,0.0,0.0,0.30469274520874023,0.30469274520874023,0.304692804813385,0.30469274520874023,0.28199833631515503,0.04114978387951851,0.04114978387951851,0.4364778399467468,-0.04322965443134308,-0.010429801419377327,0.02050514705479145,0.0,0.0,0.0,0.0,0.0,0.0,0.0
63407442450,0,-0.012802842073142529,-0.1350993514060974,-0.11364865303039551,-0.012802842073142529,-0.1350993514060974,-0.8136486411094666,0.00162680319044739,-0.0009883528109639883,0.003872120985761285,0.0,0.0,0.0,-0.003129953285679221,-0.004562895745038986,2.3694937229156494,0.0,0.0,2.3694937229156494,0.00016965114627964795,-0.0002619413426145911,0.0022307136096060276,0.024923499673604965,0.036263465881347656,-3.122557018286898e-06,0.0,0.0,0.0,-1.4131150245666504,10.036629676818848,0.07039356231689453,9.802191734313965,1.4383012056350708,-10.0,-9.874465942382812,12.069649696350098,2.0,2.0,20.305574417114258,0.2989746034145355,0.28977540135383606,0.30357420444488525,0.29590821266174316,0.0,0.30469265580177307,0.30469265580177307,0.30469265580177307,0.30469265580177307,0.0,-0.06325502693653107,0.03021216206252575,-9.811594009399414,0.0,0.0,0.0,0.0,0.0,0.0,0.0,0.0,0.0,0.0,0.0,0.0,0.0,0.0,0.0,0.30469274520874023,0.30469274520874023,0.304692804813385,0.30469274520874023,0.28203898668289185,0.04114978387951851,0.04114978387951851,0.43646541237831116,-0.04322965443134308,-0.010429801419377327,0.02050514705479145,0.0,0.0,0.0,0.0,0.0,0.0,0.0
63417577326,0,-0.012802842073142529,-0.1350993514060974,-0.11364865303039551,-0.012802842073142529,-0.1350993514060974,-0.8136486411094666,0.00162680319044739,-0.0009883528109639883,0.003872120985761285,0.0,0.0,0.0,-0.003129953285679221,-0.004562895745038986,2.3694937229156494,0.0,0.0,2.3694937229156494,-5.0199370889458805e-05,0.0002890937321353704,0.0021440000273287296,0.024923499673604965,0.036263465881347656,-3.122557018286898e-06,0.0,0.0,0.0,-1.412485957145691,10.035638809204102,0.07055473327636719,9.802191734313965,1.4377250671386719,-10.0,-9.874427795410156,12.064826965332031,2.0,2.0,20.307159423828125,0.2989746034145355,0.28977540135383606,0.30357420444488525,0.29590821266174316,0.0,0.30469265580177307,0.30469265580177307,0.30469265580177307,0.30469265580177307,0.0,-0.06325502693653107,0.03021216206252575,-9.811594009399414,0.0,0.0,0.0,0.0,0.0,0.0,0.0,0.0,0.0,0.0,0.0,0.0,0.0,0.0,0.0,0.30469274520874023,0.30469274520874023,0.304692804813385,0.30469274520874023,0.28194501996040344,0.04114978387951851,0.04114978387951851,0.43649405241012573,-0.026438750326633453,0.02359073795378208,0.00805075652897358,0.0,0.0,0.0,0.0,0.0,0.0,0.0
63427779758,0,-0.012802842073142529,-0.1350993514060974,-0.11364865303039551,-0.012796403840184212,-0.13510897755622864,-0.8136851787567139,0.00162680319044739,-0.0009883528109639883,0.003872120985761285,0.0,0.0,0.0,-0.003129953285679221,-0.004562895745038986,2.3694937229156494,0.0,0.0,2.3695008754730225,-5.0199370889458805e-05,0.0002890937321353704,0.0021440000273287296,0.024924511089920998,0.036164235323667526,9.213705197907984e-06,0.0,0.0,0.0,-1.412485957145691,10.035638809204102,0.07055473327636719,9.802191734313965,1.4377250671386719,-10.0,-9.874427795410156,12.064826965332031,2.0,2.0,20.307159423828125,0.2989746034145355,0.28977540135383606,0.30357420444488525,0.29590821266174316,0.0,0.30469265580177307,0.30469265580177307,0.30469265580177307,0.30469265580177307,0.0,0.005917219445109367,0.14006966352462769,-9.71516227722168,0.0,0.0,0.0,0.0,0.0,0.0,0.0,0.0,0.0,0.0,0.0,0.0,0.0,0.0,0.0,0.30469274520874023,0.30469274520874023,0.304692804813385,0.30469274520874023,0.28194501996040344,0.04114978387951851,0.04114978387951851,0.43649405241012573,-0.026438750326633453,0.02359073795378208,0.00805075652897358,0.0,0.0,0.0,0.0,0.0,0.0,0.0
63437565582,0,-0.012810985557734966,-0.1351238191127777,-0.11369270831346512,-0.012810985557734966,-0.1351238191127777,-0.8136926889419556,0.00014328054385259748,-0.0018505860352888703,0.005179616156965494,0.0,0.0,0.0,-0.0030250384006649256,-0.004508747719228268,2.36952805519104,0.0,0.0,2.369528293609619,0.0030747682321816683,0.0004533295868895948,0.00371597521007061,0.02370351552963257,0.03616434335708618,-6.2171122408472e-05,0.0,0.0,0.0,-1.4170280694961548,10.035588264465332,0.06862640380859375,9.802191734313965,1.436698079109192,-10.0,-9.874338150024414,12.108072280883789,2.0,2.0,20.264163970947266,0.2989746034145355,0.28977540135383606,0.30357420444488525,0.29590821266174316,0.0,0.30469265580177307,0.30469265580177307,0.30469265580177307,0.30469265580177307,0.0,0.005917219445109367,0.14006966352462769,-9.71516227722168,0.0,0.0,0.0,0.0,0.0,0.0,0.0,0.0,0.0,0.0,0.0,0.0,0.0,0.0,0.0,0.30469274520874023,0.30469274520874023,0.304692804813385,0.30469274520874023,0.28278848528862,0.04114978387951851,0.04114978387951851,0.4357178807258606,0.11495338380336761,0.0012290640734136105,0.07229609787464142,0.0,0.0,0.0,0.0,0.0,0.0,0.0
63447551550,0,-0.012810985557734966,-0.1351238191127777,-0.11369270831346512,-0.012810985557734966,-0.1351238191127777,-0.8136926889419556,0.00014328054385259748,-0.0018505860352888703,0.005179616156965494,0.0,0.0,0.0,-0.0030250384006649256,-0.004508747719228268,2.36952805519104,0.0,0.0,2.369528293609619,0.003921245224773884,7.034523878246546e-05,0.006299963686615229,0.02370351552963257,0.03616434335708618,-6.2171122408472e-05,0.0,0.0,0.0,-1.417563557624817,10.036107063293457,0.06569576263427734,9.802191734313965,1.436181902885437,-10.0,-9.874239921569824,12.184731483459473,2.0,2.0,20.18928337097168,0.2989746034145355,0.28977540135383606,0.30357420444488525,0.29590821266174316,0.0,0.30469265580177307,0.30469265580177307,0.30469265580177307,0.30469265580177307,0.0,0.005917219445109367,0.14006966352462769,-9.71516227722168,0.0,0.0,0.0,0.0,0.0,0.0,0.0,0.0,0.0,0.0,0.0,0.0,0.0,0.0,0.0,0.30469274520874023,0.30469274520874023,0.304692804813385,0.30469274520874023,0.2842826545238495,0.04114978387951851,0.04114978387951851,0.434365451335907,0.0959143340587616,-0.015732431784272194,0.1544889658689499,0.0,0.0,0.0,0.0,0.0,0.0,0.0
63457551341,0,-0.012867243029177189,-0.13517048954963684,-0.11369235068559647,-0.012867243029177189,-0.13517048954963684,-0.8136923313140869,-0.0018800030229613185,-0.00312613183632493,0.005599256604909897,0.0,0.0,0.0,-0.002955921459943056,-0.004530768841505051,2.3696858882904053,0.0,0.0,2.3696858882904053,0.0002590928634162992,0.001813442213460803,0.011542906984686852,0.02349875122308731,0.036020100116729736,-0.000110553068225272,0.0,0.0,0.0,-1.417563557624817,10.036107063293457,0.06569576263427734,9.802191734313965,1.436181902885437,-10.0,-9.874239921569824,12.325454711914062,2.0,2.0,20.03748893737793,0.2989746034145355,0.28977540135383606,0.30357420444488525,0.29590821266174316,0.0,0.30469265580177307,0.30469265580177307,0.30469265580177307,0.30469265580177307,0.0,-0.02104540541768074,0.17154301702976227,-9.854843139648438,0.0,0.0,0.0,0.0,0.0,0.0,0.0,0.0,0.0,0.0,0.0,0.0,0.0,0.0,0.0,0.30469274520874023,0.30469274520874023,0.304692804813385,0.30469274520874023,0.2842826545238495,0.04114978387951851,0.04114978387951851,0.434365451335907,-0.12963373959064484,0.08252032846212387,0.23784855008125305,0.0,0.0,0.0,0.0,0.0,0.0,0.0
63467602098,0,-0.013005581684410572,-0.13527032732963562,-0.11374421417713165,-0.013005581684410572,-0.13527032732963562,-0.8137441873550415,-0.003798243124037981,-0.004134005401283503,0.0015737119829282165,0.0,0.0,0.0,-0.0030959516298025846,-0.00446543050929904,2.369983196258545,0.0,0.0,2.369983196258545,0.0002590928634162992,0.001813442213460803,0.011542906984686852,0.024297550320625305,0.03545995429158211,-0.00015796547813806683,0.0,0.0,0.0,-1.4098706245422363,10.032821655273438,0.06057548522949219,9.802191734313965,1.4352054595947266,-10.0,-9.873921394348145,12.325454711914062,2.0,2.0,20.03748893737793,0.2989746034145355,0.28977540135383606,0.30357420444488525,0.29590821266174316,0.0,0.30469265580177307,0.30469265580177307,0.30469265580177307,0.30469265580177307,0.0,-0.02104540541768074,0.17154301702976227,-9.854843139648438,0.0,0.0,0.0,0.0,0.0,0.0,0.0,0.0,0.0,0.0,0.0,0.0,0.0,0.0,0.0,0.30469274520874023,0.30469274520874023,0.304692804813385,0.30469274520874023,0.28702279925346375,0.04114978387951851,0.04114978387951851,0.43162107467651367,-0.12963373959064484,0.08252032846212387,0.23784855008125305,0.0,0.0,0.0,0.0,0.0,0.0,0.0
63477745902,0,-0.013005581684410572,-0.13527032732963562,-0.11374421417713165,-0.013005581684410572,-0.13527032732963562,-0.8137441873550415,-0.003798243124037981,-0.004134005401283503,0.0015737119829282165,0.0,0.0,0.0,-0.0030959516298025846,-0.00446543050929904,2.369983196258545,0.0,0.0,2.369983196258545,-0.002404324244707823,0.0019210197497159243,0.012643512338399887,0.024297550320625305,0.03545995429158211,-0.00015796547813806683,0.0,0.0,0.0,-1.4098706245422363,10.032821655273438,0.06057548522949219,9.802191734313965,1.4352054595947266,-10.0,-9.873921394348145,12.341723442077637,2.0,2.0,20.021942138671875,0.2989746034145355,0.28977540135383606,0.30357420444488525,0.29590821266174316,0.0,0.30469265580177307,0.30469265580177307,0.30469265580177307,0.30469265580177307,0.0,-0.018628519028425217,0.03974003344774246,-9.976547241210938,0.0,0.0,0.0,0.0,0.0,0.0,0.0,0.0,0.0,0.0,0.0,0.0,0.0,0.0,0.0,0.30469274520874023,0.30469274520874023,0.304692804813385,0.30469274520874023,0.28702279925346375,0.04114978387951851,0.04114978387951851,0.43162107467651367,-0.18796522915363312,0.043168291449546814,0.17284266650676727,0.0,0.0,0.0,0.0,0.0,0.0,0.0
63487704605,0,-0.013058573938906193,-0.1353047490119934,-0.11377836763858795,-0.013058573938906193,-0.1353047490119934,-0.8137783408164978,-0.003982648719102144,-0.0044255624525249004,0.0017212859820574522,0.0,0.0,0.0,-0.003148453077301383,-0.004499266855418682,2.3700671195983887,0.0,0.0,2.3700671195983887,-0.004557150881737471,0.0006609323318116367,0.012503745034337044,0.024297550320625305,0.03545995429158211,-0.00015796547813806683,0.0,0.0,0.0,-1.4024235010147095,10.035334587097168,0.06104755401611328,9.802191734313965,1.4340100288391113,-10.0,-9.87344741821289,12.328812599182129,2.0,2.0,20.04159164428711,0.2989746034145355,0.28977540135383606,0.30357420444488525,0.29590821266174316,0.0,0.30469265580177307,0.30469265580177307,0.30469265580177307,0.30469265580177307,0.0,-0.019422003999352455,0.05437865108251572,-9.885856628417969,0.0,0.0,0.0,0.0,0.0,0.0,0.0,0.0,0.0,0.0,0.0,0.0,0.0,0.0,0.0,0.30469274520874023,0.30469274520874023,0.304692804813385,0.30469274520874023,0.28702279925346375,0.04114978387951851,0.04114978387951851,0.43162107467651367,-0.19386868178844452,-0.03369895741343498,0.07926956564188004,0.0,0.0,0.0,0.0,0.0,0.0,0.0
63497358883,0,-0.013161065056920052,-0.13537874817848206,-0.1138196736574173,-0.013161065056920052,-0.13537874817848206,-0.8138196468353271,-0.0033738312777131796,-0.004564292263239622,0.004246065393090248,0.0,0.0,0.0,-0.003187122056260705,-0.004435986280441284,2.370084047317505,0.0,0.0,2.370084047317505,-0.004557150881737471,0.0006609323318116367,0.012503745034337044,0.024297550320625305,0.03545995429158211,-0.00015796547813806683,0.0,0.0,0.0,-1.4024235010147095,10.035334587097168,0.06104755401611328,9.802191734313965,1.4340100288391113,-10.0,-9.87344741821289,12.328812599182129,2.0,2.0,20.04159164428711,0.2989746034145355,0.28977540135383606,0.30357420444488525,0.29590821266174316,0.0,0.30469265580177307,0.30469265580177307,0.30469265580177307,0.30469265580177307,0.0,-0.019422003999352455,0.05437865108251572,-9.885856628417969,0.0,0.0,0.0,0.0,0.0,0.0,0.0,0.0,0.0,0.0,0.0,0.0,0.0,0.0,0.0,0.30469274520874023,0.30469274520874023,0.304692804813385,0.30469274520874023,0.2870881259441376,0.04114978387951851,0.04114978387951851,0.43169528245925903,-0.19386868178844452,-0.03369895741343498,0.07926956564188004,0.0,0.0,0.0,0.0,0.0,0.0,0.0
63507740773,0,-0.013161065056920052,-0.13537874817848206,-0.1138196736574173,-0.013161065056920052,-0.13537874817848206,-0.8138196468353271,-0.0033738312777131796,-0.004564292263239622,0.004246065393090248,0.0,0.0,0.0,-0.003187122056260705,-0.004435986280441284,2.370084047317505,0.0,0.0,2.370084047317505,-0.005109082907438278,0.002266609575599432,0.006124263629317284,0.025710254907608032,0.034991055727005005,1.1876225471496582e-05,0.0,0.0,0.0,-1.4012418985366821,10.032151222229004,0.06861686706542969,9.802191734313965,1.432827353477478,-10.0,-9.87310791015625,12.127537727355957,2.0,2.0,20.232364654541016,0.2989746034145355,0.28977540135383606,0.30357420444488525,0.29590821266174316,0.0,0.30469265580177307,0.30469265580177307,0.30469265580177307,0.30469265580177307,0.0,-0.04848315566778183,0.023326389491558075,-9.657513618469238,0.0,0.0,0.0,0.0,0.0,0.0,0.0,0.0,0.0,0.0,0.0,0.0,0.0,0.0,0.0,0.30469274520874023,0.30469274520874023,0.304692804813385,0.30469274520874023,0.28316792845726013,0.04114978387951851,0.04114978387951851,0.4351436495780945,-0.07661259919404984,0.05733597278594971,-0.22848153114318848,0.0,0.0,0.0,0.0,0.0,0.0,0.0
63517743096,0,-0.013161065056920052,-0.13537874817848206,-0.1138196736574173,-0.013161065056920052,-0.13537874817848206,-0.8138196468353271,-0.0033738312777131796,-0.004564292263239622,0.004246065393090248,0.0,0.0,0.0,-0.003187122056260705,-0.004435986280441284,2.370084047317505,0.0,0.0,2.370084047317505,-0.005798373371362686,0.004670039750635624,0.0002357098856009543,0.026414941996335983,0.033980149775743484,0.00014322338392958045,0.0,0.0,0.0,-1.3994303941726685,10.028098106384277,0.07465744018554688,9.802192687988281,1.4321794509887695,-10.0,-9.873054504394531,11.965843200683594,2.0,2.0,20.3807430267334,0.2989746034145355,0.28977540135383606,0.30357420444488525,0.29590821266174316,0.0,0.30469265580177307,0.30469265580177307,0.30469265580177307,0.30469265580177307,0.0,-0.13024403154850006,-0.13883733749389648,-9.79024887084961,0.0,0.0,0.0,0.0,0.0,0.0,0.0,0.0,0.0,0.0,0.0,0.0,0.0,0.0,0.0,0.30469274520874023,0.30469274520874023,0.304692804813385,0.30469274520874023,0.2800127863883972,0.04114978387951851,0.04114978387951851,0.4378218352794647,-0.07428935915231705,0.142706036567688,-0.3925304710865021,0.0,0.0,0.0,0.0,0.0,0.0,0.0
63527562158,0,-0.013218175619840622,-0.1354278028011322,-0.11381350457668304,-0.013218175619840622,-0.1354278028011322,-0.8138135075569153,-0.0004814447893295437,-0.003474791534245014,0.005746625363826752,0.0,0.0,0.0,-0.0033225526567548513,-0.004274304956197739,2.369898557662964,0.0,0.0,2.369898557662964,-0.007025786209851503,0.0036261510103940964,-0.012396665289998055,0.027427852153778076,0.03398989886045456,0.0002571964869275689,0.0,0.0,0.0,-1.3958683013916016,10.030467987060547,0.086212158203125,9.802291870117188,1.4309364557266235,-10.0,-9.87330150604248,11.67296314239502,2.0,2.0,20.680686950683594,0.2989746034145355,0.28977540135383606,0.30357420444488525,0.29590821266174316,0.0,0.30469265580177307,0.30469265580177307,0.30469265580177307,0.30469265580177307,0.0,-0.13024403154850006,-0.13883733749389648,-9.79024887084961,0.0,0.0,0.0,0.0,0.0,0.0,0.0,0.0,0.0,0.0,0.0,0.0,0.0,0.0,0.0,0.30469274520874023,0.30469274520874023,0.304692804813385,0.30469274520874023,0.2742845416069031,0.04114978387951851,0.04114978387951851,0.44322484731674194,-0.06145002320408821,-0.01043109130114317,-0.5711912512779236,0.0,0.0,0.0,0.0,0.0,0.0,0.0
63537549472,0,-0.013198626227676868,-0.13543298840522766,-0.11381196230649948,-0.013198626227676868,-0.13543298840522766,-0.8138119578361511,0.0030919420532882214,-0.0021527076605707407,0.004268248565495014,0.0,0.0,0.0,-0.0034498826134949923,-0.004275599494576454,2.3695240020751953,0.0,0.0,2.3695240020751953,-0.005335532128810883,0.002009144052863121,-0.017012782394886017,0.027427852153778076,0.03398989886045456,0.0002571964869275689,0.0,0.0,0.0,-1.3981146812438965,10.032868385314941,0.08917903900146484,9.802358627319336,1.4302654266357422,-10.0,-9.873603820800781,11.595686912536621,2.0,2.0,20.76579475402832,0.2989746034145355,0.28977540135383606,0.30357420444488525,0.29590821266174316,0.0,0.30469265580177307,0.30469265580177307,0.30469265580177307,0.30469265580177307,0.0,-0.15018947422504425,-0.13376636803150177,-9.961852073669434,0.0,0.0,0.0,0.0,0.0,0.0,0.0,0.0,0.0,0.0,0.0,0.0,0.0,0.0,0.0,0.30469274520874023,0.30469274520874023,0.304692804813385,0.30469274520874023,0.2742845416069031,0.04114978387951851,0.04114978387951851,0.44322484731674194,0.05195869505405426,-0.07806079089641571,-0.4998748004436493,0.0,0.0,0.0,0.0,0.0,0.0,0.0
63548177420,0,-0.013165868818759918,-0.13542956113815308,-0.11382780969142914,-0.013165868818759918,-0.13542956113815308,-0.8138278126716614,0.0045648920349776745,-0.001860087038949132,0.0029322283808141947,0.0,0.0,0.0,-0.0034381935838609934,-0.004289036151021719,2.3693361282348633,0.0,0.0,2.3693361282348633,-0.005335532128810883,0.002009144052863121,-0.017012782394886017,0.027334803715348244,0.034096840769052505,0.00023441555094905198,0.0,0.0,0.0,-1.3981146812438965,10.032868385314941,0.08917903900146484,9.802358627319336,1.4302654266357422,-10.0,-9.873603820800781,11.595686912536621,2.0,2.0,20.76579475402832,0.2989746034145355,0.28977540135383606,0.30357420444488525,0.29590821266174316,0.0,0.30469265580177307,0.30469265580177307,0.30469265580177307,0.30469265580177307,0.0,-0.12250295281410217,-0.13110490143299103,-9.96633529663086,0.0,0.0,0.0,0.0,0.0,0.0,0.0,0.0,0.0,0.0,0.0,0.0,0.0,0.0,0.0,0.30469274520874023,0.30469274520874023,0.304692804813385,0.30469274520874023,0.27277040481567383,0.04114978387951851,0.04114978387951851,0.4447554349899292,0.05195869505405426,-0.07806079089641571,-0.4998748004436493,0.0,0.0,0.0,0.0,0.0,0.0,0.0
63557516299,0,-0.013165868818759918,-0.13542956113815308,-0.11382780969142914,-0.013165868818759918,-0.13542956113815308,-0.8138278126716614,0.0045648920349776745,-0.001860087038949132,0.0029322283808141947,0.0,0.0,0.0,-0.0034381935838609934,-0.004289036151021719,2.3693361282348633,0.0,0.0,2.3693361282348633,-0.0018441567663103342,0.0006394868833012879,-0.01902114227414131,0.027334803715348244,0.034096840769052505,0.00023441555094905198,0.0,0.0,0.0,-1.3981146812438965,10.032868385314941,0.08917903900146484,9.802358627319336,1.4302654266357422,-10.0,-9.873603820800781,11.595686912536621,2.0,2.0,20.76579475402832,0.2989746034145355,0.28977540135383606,0.30357420444488525,0.29590821266174316,0.0,0.30469265580177307,0.30469265580177307,0.30469265580177307,0.30469265580177307,0.0,-0.12250295281410217,-0.13110490143299103,-9.96633529663086,0.0,0.0,0.0,0.0,0.0,0.0,0.0,0.0,0.0,0.0,0.0,0.0,0.0,0.0,0.0,0.30469274520874023,0.30469274520874023,0.304692804813385,0.30469274520874023,0.27277040481567383,0.04114978387951851,0.04114978387951851,0.4447554349899292,0.19622093439102173,-0.11015377193689346,-0.37533482909202576,0.0,0.0,0.0,0.0,0.0,0.0,0.0
63567606812,0,-0.013066470623016357,-0.13540950417518616,-0.11388858407735825,-0.013066470623016357,-0.13540950417518616,-0.8138885498046875,0.006801063660532236,-0.0014525718288496137,0.0012596704764291644,0.0,0.0,0.0,-0.0032513500191271305,-0.004295745864510536,2.3690826892852783,0.0,0.0,2.3690826892852783,0.003640624461695552,0.0006217767368070781,-0.01756347343325615,0.025387538596987724,0.03361045569181442,8.424623229075223e-05,0.0,0.0,0.0,-1.4104726314544678,10.034015655517578,0.08630657196044922,9.802421569824219,1.42915940284729,-10.0,-9.87428092956543,11.653307914733887,2.0,2.0,20.712934494018555,0.2989746034145355,0.28977540135383606,0.30357420444488525,0.29590821266174316,0.0,0.30469265580177307,0.30469265580177307,0.30469265580177307,0.30469265580177307,0.0,-0.09234628081321716,-0.09710103273391724,-9.912226676940918,0.0,0.0,0.0,0.0,0.0,0.0,0.0,0.0,0.0,0.0,0.0,0.0,0.0,0.0,0.0,0.30469274520874023,0.30469274520874023,0.304692804813385,0.30469274520874023,0.27389955520629883,0.04114978387951851,0.04114978387951851,0.443805068731308,0.35211822390556335,-0.048632919788360596,-0.12018715590238571,0.0,0.0,0.0,0.0,0.0,0.0,0.0
63578151553,0,-0.012938040308654308,-0.13538043200969696,-0.11394085735082626,-0.012938040308654308,-0.13538043200969696,-0.8139408230781555,0.007917183451354504,-0.0006239500944502652,0.003428567899391055,0.0,0.0,0.0,-0.0030771412421017885,-0.004259711131453514,2.369088888168335,0.0,0.0,2.369088888168335,0.003640624461695552,0.0006217767368070781,-0.01756347343325615,0.025387538596987724,0.03361045569181442,8.424623229075223e-05,0.0,0.0,0.0,-1.4104726314544678,10.034015655517578,0.08630657196044922,9.802421569824219,1.42915940284729,-10.0,-9.87428092956543,11.653307914733887,2.0,2.0,20.712934494018555,0.2989746034145355,0.28977540135383606,0.30357420444488525,0.29590821266174316,0.0,0.30469265580177307,0.30469265580177307,0.30469265580177307,0.30469265580177307,0.0,-0.04145658388733864,-0.042486581951379776,-9.671138763427734,0.0,0.0,0.0,0.0,0.0,0.0,0.0,0.0,0.0,0.0,0.0,0.0,0.0,0.0,0.0,0.30469274520874023,0.30469274520874023,0.304692804813385,0.30469274520874023,0.27389955520629883,0.04114978387951851,0.04114978387951851,0.443805068731308,0.35211822390556335,-0.048632919788360596,-0.12018715590238571,0.0,0.0,0.0,0.0,0.0,0.0,0.0
63587394666,0,-0.012938040308654308,-0.13538043200969696,-0.11394085735082626,-0.012938040308654308,-0.13538043200969696,-0.8139408230781555,0.007917183451354504,-0.0006239500944502652,0.003428567899391055,0.0,0.0,0.0,-0.0030771412421017885,-0.004259711131453514,2.369088888168335,0.0,0.0,2.369088888168335,0.008713913150131702,0.0005909875617362559,-0.004783992655575275,0.024271123111248016,0.03387539088726044,-3.1694595236331224e-05,0.0,0.0,0.0,-1.4152724742889404,10.033554077148438,0.07110595703125,9.802483558654785,1.4282782077789307,-10.0,-9.87471866607666,12.04269027709961,2.0,2.0,20.32280731201172,0.2989746034145355,0.28977540135383606,0.30357420444488525,0.29590821266174316,0.0,0.30469265580177307,0.30469265580177307,0.30469265580177307,0.30469265580177307,0.0,-0.015425779856741428,0.018062898889183998,-9.649333000183105,0.0,0.0,0.0,0.0,0.0,0.0,0.0,0.0,0.0,0.0,0.0,0.0,0.0,0.0,0.0,0.30469274520874023,0.30469274520874023,0.304692804813385,0.30469274520874023,0.28151294589042664,0.04114978387951851,0.04114978387951851,0.43677642941474915,0.25514844059944153,-0.026949284598231316,0.4693695306777954,0.0,0.0,0.0,0.0,0.0,0.0,0.0
63597733786,0,-0.012872819788753986,-0.13536277413368225,-0.1139480471611023,-0.012872819788753986,-0.13536277413368225,-0.8139480352401733,0.007821951061487198,-0.0003366071614436805,0.004745097365230322,0.0,0.0,0.0,-0.0030299872159957886,-0.004281044937670231,2.3692216873168945,0.0,0.0,2.3692216873168945,0.008121632039546967,-0.0012853998923674226,0.005456244572997093,0.024035917595028877,0.034441027790308,-0.00011963841097895056,0.0,0.0,0.0,-1.4128764867782593,10.036761283874512,0.06085205078125,9.80251693725586,1.4278353452682495,-10.0,-9.87470817565918,12.319838523864746,2.0,2.0,20.056007385253906,0.2989746034145355,0.28977540135383606,0.30357420444488525,0.29590821266174316,0.0,0.30469265580177307,0.30469265580177307,0.30469265580177307,0.30469265580177307,0.0,-0.015425779856741428,0.018062898889183998,-9.649333000183105,0.0,0.0,0.0,0.0,0.0,0.0,0.0,0.0,0.0,0.0,0.0,0.0,0.0,0.0,0.0,0.30469274520874023,0.30469274520874023,0.304692804813385,0.30469274520874023,0.28691351413726807,0.04114978387951851,0.04114978387951851,0.43195605278015137,0.09554093331098557,-0.10350379347801208,0.7157095670700073,0.0,0.0,0.0,0.0,0.0,0.0,0.0
63609983095,0,-0.012733900919556618,-0.13536174595355988,-0.11393966525793076,-0.012733900919556618,-0.13536174595355988,-0.81393963098526,0.004935211967676878,-0.0016601993702352047,0.005023396573960781,0.0,0.0,0.0,-0.0029736242722719908,-0.004306561313569546,2.369676113128662,0.0,0.0,2.369676113128662,0.007114063948392868,-0.0016134955221787095,0.023097515106201172,0.024035917595028877,0.034441027790308,-0.00011963841097895056,0.0,0.0,0.0,-1.4128764867782593,10.036761283874512,0.06085205078125,9.80251693725586,1.4278353452682495,-10.0,-9.87470817565918,12.319838523864746,2.0,2.0,20.056007385253906,0.2989746034145355,0.28977540135383606,0.30357420444488525,0.29590821266174316,0.0,0.30469265580177307,0.30469265580177307,0.30469265580177307,0.30469265580177307,0.0,0.030221302062273026,0.28901392221450806,-9.949507713317871,0.0,0.0,0.0,0.0,0.0,0.0,0.0,0.0,0.0,0.0,0.0,0.0,0.0,0.0,0.0,0.30469274520874023,0.30469274520874023,0.304692804813385,0.30469274520874023,0.28691351413726807,0.04114978387951851,0.04114978387951851,0.43195605278015137,0.020193826407194138,-0.03090098313987255,0.8397789597511292,0.0,0.0,0.0,0.0,0.0,0.0,0.0
63617202048,0,-0.012733900919556618,-0.13536174595355988,-0.11393966525793076,-0.012733900919556618,-0.13536174595355988,-0.81393963098526,0.004935211967676878,-0.0016601993702352047,0.005023396573960781,0.0,0.0,0.0,-0.0029736242722719908,-0.004306561313569546,2.369676113128662,0.0,0.0,2.369676113128662,0.010984941385686398,-9.7217271104455e-06,0.030228201299905777,0.023078178986907005,0.03439035639166832,-0.00017094943905249238,0.0,0.0,0.0,-1.4106576442718506,10.036160469055176,0.045662879943847656,9.802579879760742,1.4269802570343018,-10.0,-9.874173164367676,12.719696998596191,2.0,2.0,19.65438461303711,0.2989746034145355,0.28977540135383606,0.30357420444488525,0.29590821266174316,0.0,0.30469265580177307,0.30469265580177307,0.30469265580177307,0.30469265580177307,0.0,0.030221302062273026,0.28901392221450806,-9.949507713317871,0.0,0.0,0.0,0.0,0.0,0.0,0.0,0.0,0.0,0.0,0.0,0.0,0.0,0.0,0.0,0.30469274520874023,0.30469274520874023,0.304692804813385,0.30469274520874023,0.29467839002609253,0.04114978387951851,0.04114978387951851,0.42467838525772095,0.19194523990154266,0.0610005185008049,0.7506582736968994,0.0,0.0,0.0,0.0,0.0,0.0,0.0
63628149062,0,-0.012733900919556618,-0.13536174595355988,-0.11393966525793076,-0.012733900919556618,-0.13536174595355988,-0.81393963098526,0.004935211967676878,-0.0016601993702352047,0.005023396573960781,0.0,0.0,0.0,-0.0029736242722719908,-0.004306561313569546,2.369676113128662,0.0,0.0,2.369676113128662,0.010984941385686398,-9.7217271104455e-06,0.030228201299905777,0.020894533023238182,0.033832769840955734,-0.0003625198150984943,0.0,0.0,0.0,-1.417850136756897,10.033366203308105,0.04069709777832031,9.802618026733398,1.4265574216842651,-10.0,-9.873641967773438,12.833841323852539,2.0,2.0,19.531957626342773,0.2989746034145355,0.28977540135383606,0.30357420444488525,0.29590821266174316,0.0,0.30469265580177307,0.30469265580177307,0.30469265580177307,0.30469265580177307,0.0,0.030221302062273026,0.28901392221450806,-9.949507713317871,0.0,0.0,0.0,0.0,0.0,0.0,0.0,0.0,0.0,0.0,0.0,0.0,0.0,0.0,0.0,0.30469274520874023,0.30469274520874023,0.304692804813385,0.30469274520874023,0.29688918590545654,0.04114978387951851,0.04114978387951851,0.4224548935890198,0.19194523990154266,0.0610005185008049,0.7506582736968994,0.0,0.0,0.0,0.0,0.0,0.0,0.0
63637578969,0,-0.012697892263531685,-0.1354377269744873,-0.11398355662822723,-0.012697892263531685,-0.1354377269744873,-0.8139835596084595,0.00013958850468043238,-0.005937439389526844,-0.00021204118093010038,0.0,0.0,0.0,-0.0026285159401595592,-0.004255530424416065,2.3702971935272217,0.0,0.0,2.3702971935272217,0.0072645447216928005,0.007139751687645912,0.03099794127047062,0.020894533023238182,0.033832769840955734,-0.0003625198150984943,0.0,0.0,0.0,-1.417850136756897,10.033366203308105,0.04069709777832031,9.802618026733398,1.4265574216842651,-10.0,-9.873641967773438,12.827821731567383,2.0,2.0,19.517393112182617,0.2989746034145355,0.28977540135383606,0.30357420444488525,0.29590821266174316,0.0,0.30469265580177307,0.30469265580177307,0.30469265580177307,0.30469265580177307,0.0,-0.03679189458489418,0.2742551267147064,-10.063202857971191,0.0,0.0,0.0,0.0,0.0,0.0,0.0,0.0,0.0,0.0,0.0,0.0,0.0,0.0,0.0,0.30469274520874023,0.30469274520874023,0.304692804813385,0.30469274520874023,0.29688918590545654,0.04114978387951851,0.04114978387951851,0.4224548935890198,-0.17501147091388702,0.2749404311180115,0.1790063977241516,0.0,0.0,0.0,0.0,0.0,0.0,0.0
63648008711,0,-0.012697892263531685,-0.1354377269744873,-0.11398355662822723,-0.012715626507997513,-0.1356375515460968,-0.8141275644302368,0.00013958850468043238,-0.005937439389526844,-0.00021204118093010038,0.0,0.0,0.0,-0.0026285159401595592,-0.004255530424416065,2.3702971935272217,0.0,0.0,2.370703935623169,0.0072645447216928005,0.007139751687645912,0.03099794127047062,0.021221604198217392,0.03194599971175194,-0.00017905955610331148,0.0,0.0,0.0,-1.4101407527923584,10.022056579589844,0.04473304748535156,9.802574157714844,1.4258478879928589,-10.0,-9.872480392456055,12.72217082977295,2.0,2.0,19.60655403137207,0.2989746034145355,0.28977540135383606,0.30357420444488525,0.29590821266174316,0.0,0.30469265580177307,0.30469265580177307,0.30469265580177307,0.30469265580177307,0.0,-0.03679189458489418,0.2742551267147064,-10.063202857971191,0.0,0.0,0.0,0.0,0.0,0.0,0.0,0.0,0.0,0.0,0.0,0.0,0.0,0.0,0.0,0.30469274520874023,0.30469274520874023,0.304692804813385,0.30469274520874023,0.2947263717651367,0.04114978387951851,0.04114978387951851,0.4238100051879883,-0.17501147091388702,0.2749404311180115,0.1790063977241516,0.0,0.0,0.0,0.0,0.0,0.0,0.0
63657238955,0,-0.012715626507997513,-0.1356375515460968,-0.11412760615348816,-0.012715626507997513,-0.1356375515460968,-0.8141275644302368,-0.0007442950154654682,-0.0089551517739892,0.0010118180653080344,0.0,0.0,0.0,-0.002909718081355095,-0.003988077864050865,2.370703935623169,0.0,0.0,2.370703935623169,-0.004037345293909311,0.007387540303170681,0.02144864946603775,0.023132121190428734,0.031705282628536224,-3.733631046998198e-06,0.0,0.0,0.0,-1.3920810222625732,10.022902488708496,0.05697917938232422,9.80255126953125,1.4253262281417847,-10.0,-9.871970176696777,12.431472778320312,2.0,2.0,19.89822006225586,0.2989746034145355,0.28977540135383606,0.30357420444488525,0.29590821266174316,0.0,0.30469265580177307,0.30469265580177307,0.30469265580177307,0.30469265580177307,0.0,-0.09035499393939972,0.11356808245182037,-9.634675979614258,0.0,0.0,0.0,0.0,0.0,0.0,0.0,0.0,0.0,0.0,0.0,0.0,0.0,0.0,0.0,0.30469274520874023,0.30469274520874023,0.304692804813385,0.30469274520874023,0.2890845537185669,0.04114978387951851,0.04114978387951851,0.4290999472141266,-0.6075717806816101,0.1415647566318512,-0.36497849225997925,0.0,0.0,0.0,0.0,0.0,0.0,0.0
63668939509,0,-0.012722819112241268,-0.1357208788394928,-0.11415734142065048,-0.012722819112241268,-0.1357208788394928,-0.8141573071479797,-0.000508866214659065,-0.01005182322114706,0.0018867563921958208,0.0,0.0,0.0,-0.0031277984380722046,-0.00398842990398407,2.3705079555511475,0.0,0.0,2.3705079555511475,-0.012991360388696194,0.004900100640952587,0.006070638541132212,0.023132121190428734,0.031705282628536224,-3.733631046998198e-06,0.0,0.0,0.0,-1.3920810222625732,10.022902488708496,0.05697917938232422,9.80255126953125,1.4253262281417847,-10.0,-9.871970176696777,12.016305923461914,2.0,2.0,20.325946807861328,0.2989746034145355,0.28977540135383606,0.30357420444488525,0.29590821266174316,0.0,0.30469265580177307,0.30469265580177307,0.30469265580177307,0.30469265580177307,0.0,-0.12443402409553528,0.09615741670131683,-9.681385040283203,0.0,0.0,0.0,0.0,0.0,0.0,0.0,0.0,0.0,0.0,0.0,0.0,0.0,0.0,0.0,0.30469274520874023,0.30469274520874023,0.304692804813385,0.30469274520874023,0.2890845537185669,0.04114978387951851,0.04114978387951851,0.4290999472141266,-0.7130855917930603,-0.04380521550774574,-0.9045738577842712,0.0,0.0,0.0,0.0,0.0,0.0,0.0
63677591710,0,-0.012745329178869724,-0.13579344749450684,-0.11417929828166962,-0.012745329178869724,-0.13579344749450684,-0.8141793012619019,-0.0006098191952332854,-0.010602378286421299,0.0024057028349488974,0.0,0.0,0.0,-0.0032484314870089293,-0.004010663367807865,2.3702046871185303,0.0,0.0,2.3702049255371094,-0.015553848817944527,0.002297733910381794,-0.00877105537801981,0.025826871395111084,0.03188323602080345,0.0003716036444529891,0.0,0.0,0.0,-1.3774710893630981,10.031110763549805,0.088348388671875,9.80251407623291,1.4239987134933472,-10.0,-9.871759414672852,11.646942138671875,2.0,2.0,20.707225799560547,0.2989746034145355,0.28977540135383606,0.30357420444488525,0.29590821266174316,0.0,0.30469265580177307,0.30469265580177307,0.30469265580177307,0.30469265580177307,0.0,-0.08806592971086502,0.07465152442455292,-9.733834266662598,0.0,0.0,0.0,0.0,0.0,0.0,0.0,0.0,0.0,0.0,0.0,0.0,0.0,0.0,0.0,0.30469274520874023,0.30469274520874023,0.304692804813385,0.30469274520874023,0.2737749516963959,0.04114978387951851,0.04114978387951851,0.44370222091674805,-0.5146886706352234,-0.15252061188220978,-1.2245938777923584,0.0,0.0,0.0,0.0,0.0,0.0,0.0
63687690711,0,-0.012798413634300232,-0.135940283536911,-0.11421669274568558,-0.012798413634300232,-0.135940283536911,-0.814216673374176,-0.0007164989947341383,-0.008543944917619228,0.002369851106777787,0.0,0.0,0.0,-0.0031752698123455048,-0.004121303092688322,2.369462013244629,0.0,0.0,2.369462013244629,-0.015553848817944527,0.002297733910381794,-0.00877105537801981,0.025826871395111084,0.03188323602080345,0.0003716036444529891,0.0,0.0,0.0,-1.3774710893630981,10.031110763549805,0.088348388671875,9.80251407623291,1.4239987134933472,-10.0,-9.871759414672852,11.646942138671875,2.0,2.0,20.707225799560547,0.2989746034145355,0.28977540135383606,0.30357420444488525,0.29590821266174316,0.0,0.30469265580177307,0.30469265580177307,0.30469265580177307,0.30469265580177307,0.0,0.0690450668334961,-0.08362382650375366,-9.825291633605957,0.0,0.0,0.0,0.0,0.0,0.0,0.0,0.0,0.0,0.0,0.0,0.0,0.0,0.0,0.0,0.30469274520874023,0.30469274520874023,0.304692804813385,0.30469274520874023,0.2737749516963959,0.04114978387951851,0.04114978387951851,0.44370222091674805,-0.5146886706352234,-0.15252061188220978,-1.2245938777923584,0.0,0.0,0.0,0.0,0.0,0.0,0.0
63697626213,0,-0.012798413634300232,-0.135940283536911,-0.11421669274568558,-0.012798413634300232,-0.135940283536911,-0.814216673374176,-0.0007164989947341383,-0.008543944917619228,0.002369851106777787,0.0,0.0,0.0,-0.0031752698123455048,-0.004121303092688322,2.369462013244629,0.0,0.0,2.369462013244629,-0.003524116240441799,-0.004835893400013447,-0.03574172034859657,0.025826871395111084,0.03188323602080345,0.0003716036444529891,0.0,0.0,0.0,-1.3774710893630981,10.031110763549805,0.088348388671875,9.80251407623291,1.4239987134933472,-10.0,-9.871759414672852,11.646942138671875,2.0,2.0,20.707225799560547,0.2989746034145355,0.28977540135383606,0.30357420444488525,0.29590821266174316,0.0,0.30469265580177307,0.30469265580177307,0.30469265580177307,0.30469265580177307,0.0,0.0690450668334961,-0.08362382650375366,-9.825291633605957,0.0,0.0,0.0,0.0,0.0,0.0,0.0,0.0,0.0,0.0,0.0,0.0,0.0,0.0,0.0,0.30469274520874023,0.30469274520874023,0.304692804813385,0.30469274520874023,0.2737749516963959,0.04114978387951851,0.04114978387951851,0.44370222091674805,0.3125167787075043,-0.25234776735305786,-1.01529061794281,0.0,0.0,0.0,0.0,0.0,0.0,0.0
63707620507,0,-0.01283167488873005,-0.1360010951757431,-0.1142415702342987,-0.01283167488873005,-0.1360010951757431,-0.8142415285110474,-0.0006834150408394635,-0.006847103592008352,0.001445682835765183,0.0,0.0,0.0,-0.003124639857560396,-0.004186378791928291,2.3691415786743164,0.0,0.0,2.3691415786743164,0.001383077586069703,-0.0030287746340036392,-0.03452245518565178,0.025826871395111084,0.03188323602080345,0.0003716036444529891,0.0,0.0,0.0,-1.3971418142318726,10.040639877319336,0.10770034790039062,9.802468299865723,1.4239987134933472,-10.0,-9.871759414672852,11.125182151794434,2.0,2.0,21.26077651977539,0.2989746034145355,0.28977540135383606,0.30357420444488525,0.29590821266174316,0.0,0.30469265580177307,0.30469265580177307,0.30469265580177307,0.30469265580177307,0.0,0.0690450668334961,-0.08362382650375366,-9.825291633605957,0.0,0.0,0.0,0.0,0.0,0.0,0.0,0.0,0.0,0.0,0.0,0.0,0.0,0.0,0.0,0.30469274520874023,0.30469274520874023,0.304692804813385,0.30469274520874023,0.2737749516963959,0.04114978387951851,0.04114978387951851,0.44370222091674805,0.35029199719429016,-0.024319276213645935,-0.3934331238269806,0.0,0.0,0.0,0.0,0.0,0.0,0.0
63717962490,0,-0.012863456271588802,-0.13604401051998138,-0.1142798438668251,-0.012863456271588802,-0.13604401051998138,-0.8142798542976379,-0.00043967124656774104,-0.004965437576174736,-0.00044080117368139327,0.0,0.0,0.0,-0.0030751442536711693,-0.0041551426984369755,2.3688747882843018,0.0,0.0,2.3688747882843018,0.001383077586069703,-0.0030287746340036392,-0.03452245518565178,0.0244490597397089,0.033032096922397614,0.0003280829405412078,0.0,0.0,0.0,-1.3960882425308228,10.020546913146973,0.0814371109008789,9.802416801452637,1.4217339754104614,-10.0,-9.873727798461914,11.781593322753906,2.0,2.0,20.540294647216797,0.2989746034145355,0.28977540135383606,0.30357420444488525,0.29590821266174316,0.0,0.30469265580177307,0.30469265580177307,0.30469265580177307,0.30469265580177307,0.0,0.09764716029167175,-0.1688225120306015,-10.002997398376465,0.0,0.0,0.0,0.0,0.0,0.0,0.0,0.0,0.0,0.0,0.0,0.0,0.0,0.0,0.0,0.30469274520874023,0.30469274520874023,0.304692804813385,0.30469274520874023,0.2737749516963959,0.04114978387951851,0.04114978387951851,0.44370222091674805,0.35029199719429016,-0.024319276213645935,-0.3934331238269806,0.0,0.0,0.0,0.0,0.0,0.0,0.0
63727450937,0,-0.012863456271588802,-0.13604401051998138,-0.1142798438668251,-0.012903701514005661,-0.13607046008110046,-0.8144038319587708,-0.00043967124656774104,-0.004965437576174736,-0.00044080117368139327,0.0,0.0,0.0,-0.0030751442536711693,-0.0041551426984369755,2.3688747882843018,0.0,0.0,2.368865728378296,0.001383077586069703,-0.0030287746340036392,-0.03452245518565178,0.02513919584453106,0.03056231327354908,-3.371359343873337e-05,0.0,0.0,0.0,-1.3960882425308228,10.020546913146973,0.0814371109008789,9.802416801452637,1.4209667444229126,-10.0,-9.874497413635254,11.781593322753906,2.0,2.0,20.540294647216797,0.2989746034145355,0.28977540135383606,0.30357420444488525,0.29590821266174316,0.0,0.30469265580177307,0.30469265580177307,0.30469265580177307,0.30469265580177307,0.0,-0.11118447035551071,-0.37798264622688293,-10.056398391723633,0.0,0.0,0.0,0.0,0.0,0.0,0.0,0.0,0.0,0.0,0.0,0.0,0.0,0.0,0.0,0.30469274520874023,0.30469274520874023,0.304692804813385,0.30469274520874023,0.27641138434410095,0.04114978387951851,0.04114978387951851,0.44069769978523254,0.35029199719429016,-0.024319276213645935,-0.3934331238269806,0.0,0.0,0.0,0.0,0.0,0.0,0.0
63737232301,0,-0.012903701514005661,-0.13607046008110046,-0.11440382152795792,-0.012842409312725067,-0.13601502776145935,-0.8145954608917236,0.0036086575128138065,-0.0005382348317652941,-0.0044494206085801125,0.0,0.0,0.0,-0.0031622005626559258,-0.0038442921359091997,2.368865728378296,0.0,0.0,2.3688547611236572,-0.005830913782119751,0.011000322178006172,-0.008938738144934177,0.02513919584453106,0.03056231327354908,-3.371359343873337e-05,0.0,0.0,0.0,-1.3960882425308228,10.020546913146973,0.0814371109008789,9.802416801452637,1.4209667444229126,-10.0,-9.874497413635254,11.781593322753906,2.0,2.0,20.540294647216797,0.2989746034145355,0.28977540135383606,0.30357420444488525,0.29590821266174316,0.0,0.30469265580177307,0.30469265580177307,0.30469265580177307,0.30469265580177307,0.0,-0.11118447035551071,-0.37798264622688293,-10.056398391723633,0.0,0.0,0.0,0.0,0.0,0.0,0.0,0.0,0.0,0.0,0.0,0.0,0.0,0.0,0.0,0.30469274520874023,0.30469274520874023,0.304692804813385,0.30469274520874023,0.27641138434410095,0.04114978387951851,0.04114978387951851,0.44069769978523254,-0.24930118024349213,0.4380480647087097,0.7693677544593811,0.0,0.0,0.0,0.0,0.0,0.0,0.0
63747424084,0,-0.012842409312725067,-0.13601502776145935,-0.1145954579114914,-0.012842409312725067,-0.13601502776145935,-0.8145954608917236,0.010783933103084564,0.0037687341682612896,-0.006674616131931543,0.0,0.0,0.0,-0.003501271130517125,-0.003600913565605879,2.3688547611236572,0.0,0.0,2.3688547611236572,-0.01011837087571621,0.013072855770587921,-0.0024970942176878452,0.027835436165332794,0.028626887127757072,9.390347986482084e-05,0.0,0.0,0.0,-1.37869131565094,10.012444496154785,0.06764507293701172,9.802379608154297,1.4197618961334229,-10.0,-9.874825477600098,12.156635284423828,2.0,2.0,20.138107299804688,0.2989746034145355,0.28977540135383606,0.30357420444488525,0.29590821266174316,0.0,0.30469265580177307,0.30469265580177307,0.30469265580177307,0.30469265580177307,0.0,-0.17967437207698822,-0.4124734401702881,-9.881787300109863,0.0,0.0,0.0,0.0,0.0,0.0,0.0,0.0,0.0,0.0,0.0,0.0,0.0,0.0,0.0,0.30469274520874023,0.30469274520874023,0.304692804813385,0.30469274520874023,0.283735066652298,0.04114978387951851,0.04114978387951851,0.4334406554698944,-0.31168103218078613,0.31096863746643066,0.6744182109832764,0.0,0.0,0.0,0.0,0.0,0.0,0.0
63757692911,0,-0.012842409312725067,-0.13601502776145935,-0.1145954579114914,-0.012842409312725067,-0.13601502776145935,-0.8145954608917236,0.010783933103084564,0.0037687341682612896,-0.006674616131931543,0.0,0.0,0.0,-0.003501271130517125,-0.003600913565605879,2.3688547611236572,0.0,0.0,2.3688547611236572,-0.007487156428396702,0.010126813314855099,-0.004663413856178522,0.027803920209407806,0.028514163568615913,0.00021240481873974204,0.0,0.0,0.0,-1.38359797000885,10.018280982971191,0.07382583618164062,9.802353858947754,1.419057846069336,-10.0,-9.87489128112793,11.996634483337402,2.0,2.0,20.317123413085938,0.2989746034145355,0.28977540135383606,0.30357420444488525,0.29590821266174316,0.0,0.30469265580177307,0.30469265580177307,0.30469265580177307,0.30469265580177307,0.0,-0.17967437207698822,-0.4124734401702881,-9.881787300109863,0.0,0.0,0.0,0.0,0.0,0.0,0.0,0.0,0.0,0.0,0.0,0.0,0.0,0.0,0.0,0.30469274520874023,0.30469274520874023,0.304692804813385,0.30469274520874023,0.28061413764953613,0.04114978387951851,0.04114978387951851,0.43667399883270264,-0.016880247741937637,0.010637948289513588,0.23681782186031342,0.0,0.0,0.0,0.0,0.0,0.0,0.0
63767413846,0,-0.01266065239906311,-0.13592571020126343,-0.11478158831596375,-0.01266065239906311,-0.13592571020126343,-0.8147815465927124,0.01618604175746441,0.0033837389200925827,-0.004930095747113228,0.0,0.0,0.0,-0.003255267394706607,-0.0036188075318932533,2.3684327602386475,0.0,0.0,2.3684325218200684,-0.007487156428396702,0.010126813314855099,-0.004663413856178522,0.027803920209407806,0.028514163568615913,0.00021240481873974204,0.0,0.0,0.0,-1.38359797000885,10.018280982971191,0.07382583618164062,9.802353858947754,1.419057846069336,-10.0,-9.87489128112793,11.996634483337402,2.0,2.0,20.317123413085938,0.2989746034145355,0.28977540135383606,0.30357420444488525,0.29590821266174316,0.0,0.30469265580177307,0.30469265580177307,0.30469265580177307,0.30469265580177307,0.0,-0.2543758451938629,-0.13053222000598907,-9.690671920776367,0.0,0.0,0.0,0.0,0.0,0.0,0.0,0.0,0.0,0.0,0.0,0.0,0.0,0.0,0.0,0.30469274520874023,0.30469274520874023,0.304692804813385,0.30469274520874023,0.28061413764953613,0.04114978387951851,0.04114978387951851,0.43667399883270264,-0.016880247741937637,0.010637948289513588,0.23681782186031342,0.0,0.0,0.0,0.0,0.0,0.0,0.0
63777671136,0,-0.012550986371934414,-0.13588407635688782,-0.11486823111772537,-0.012550986371934414,-0.13588407635688782,-0.8148682117462158,0.015538020990788937,0.003061931813135743,-0.005505428649485111,0.0,0.0,0.0,-0.002788761630654335,-0.003658739384263754,2.36812424659729,0.0,0.0,2.368124485015869,0.018826114013791084,0.002536046551540494,-0.01913340575993061,0.027803920209407806,0.028514163568615913,0.00021240481873974204,0.0,0.0,0.0,-1.4253431558609009,10.02936840057373,0.0924825668334961,9.802239418029785,1.419057846069336,-10.0,-9.87489128112793,11.460975646972656,2.0,2.0,20.891399383544922,0.2989746034145355,0.28977540135383606,0.30357420444488525,0.29590821266174316,0.0,0.30469265580177307,0.30469265580177307,0.30469265580177307,0.30469265580177307,0.0,-0.054731640964746475,0.055826153606176376,-9.81273078918457,0.0,0.0,0.0,0.0,0.0,0.0,0.0,0.0,0.0,0.0,0.0,0.0,0.0,0.0,0.0,0.30469274520874023,0.30469274520874023,0.304692804813385,0.30469274520874023,0.28061413764953613,0.04114978387951851,0.04114978387951851,0.43667399883270264,1.0489002466201782,-0.2818528413772583,-0.4803295433521271,0.0,0.0,0.0,0.0,0.0,0.0,0.0
63788430672,0,-0.012550986371934414,-0.13588407635688782,-0.11486823111772537,-0.012550986371934414,-0.13588407635688782,-0.8148682117462158,0.015538020990788937,0.003061931813135743,-0.005505428649485111,0.0,0.0,0.0,-0.002788761630654335,-0.003658739384263754,2.36812424659729,0.0,0.0,2.368124485015869,0.03611667826771736,-0.002783101052045822,-0.02749483287334442,0.016444826498627663,0.029834995046257973,0.0001546159473946318,0.0,0.0,0.0,-1.448392629623413,10.035968780517578,0.10040664672851562,9.802212715148926,1.4180538654327393,-10.0,-9.875813484191895,11.228167533874512,2.0,2.0,21.147119522094727,0.2989746034145355,0.28977540135383606,0.30357420444488525,0.29590821266174316,0.0,0.30469265580177307,0.30469265580177307,0.30469265580177307,0.30469265580177307,0.0,-0.054731640964746475,0.055826153606176376,-9.81273078918457,0.0,0.0,0.0,0.0,0.0,0.0,0.0,0.0,0.0,0.0,0.0,0.0,0.0,0.0,0.0,0.30469274520874023,0.30469274520874023,0.304692804813385,0.30469274520874023,0.26555222272872925,0.04114978387951851,0.04114978387951851,0.4515990614891052,1.2189923524856567,-0.3568410575389862,-0.58665931224823,0.0,0.0,0.0,0.0,0.0,0.0,0.0
63797397212,0,-0.012318814173340797,-0.13580551743507385,-0.11504960805177689,-0.012318814173340797,-0.13580551743507385,-0.8150495886802673,0.01599925011396408,0.006281099282205105,-0.005344262812286615,0.0,0.0,0.0,-0.0019371237140148878,-0.0037621078081429005,2.3674635887145996,0.0,0.0,2.3674635887145996,0.03528707101941109,-0.0015845774905756116,-0.03318968415260315,0.016444826498627663,0.029834995046257973,0.0001546159473946318,0.0,0.0,0.0,-1.448392629623413,10.035968780517578,0.10040664672851562,9.802212715148926,1.4180538654327393,-10.0,-9.875813484191895,11.100553512573242,2.0,2.0,21.26409912109375,0.2989746034145355,0.28977540135383606,0.30357420444488525,0.29590821266174316,0.0,0.30469265580177307,0.30469265580177307,0.30469265580177307,0.30469265580177307,0.0,0.0022644950076937675,-0.17765095829963684,-9.76369571685791,0.0,0.0,0.0,0.0,0.0,0.0,0.0,0.0,0.0,0.0,0.0,0.0,0.0,0.0,0.0,0.30469274520874023,0.30469274520874023,0.304692804813385,0.30469274520874023,0.26555222272872925,0.04114978387951851,0.04114978387951851,0.4515990614891052,0.6203252673149109,-0.13103018701076508,-0.6081482768058777,0.0,0.0,0.0,0.0,0.0,0.0,0.0
63809618235,0,-0.012318814173340797,-0.13580551743507385,-0.11504960805177689,-0.012318814173340797,-0.13580551743507385,-0.8150495886802673,0.01599925011396408,0.006281099282205105,-0.005344262812286615,0.0,0.0,0.0,-0.0019371237140148878,-0.0037621078081429005,2.3674635887145996,0.0,0.0,2.3674635887145996,0.018007637932896614,0.007557964883744717,-0.041200876235961914,0.01836869865655899,0.026075119152665138,0.0006471368833445013,0.0,0.0,0.0,-1.4138613939285278,10.01601791381836,0.11279296875,9.802299499511719,1.4179375171661377,-10.0,-9.877039909362793,10.926199913024902,2.0,2.0,21.381860733032227,0.2989746034145355,0.28977540135383606,0.30357420444488525,0.29590821266174316,0.0,0.30469265580177307,0.30469265580177307,0.30469265580177307,0.30469265580177307,0.0,-0.20733921229839325,0.04612534120678902,-9.772046089172363,0.0,0.0,0.0,0.0,0.0,0.0,0.0,0.0,0.0,0.0,0.0,0.0,0.0,0.0,0.0,0.30469274520874023,0.30469274520874023,0.304692804813385,0.30469274520874023,0.25960075855255127,0.04114978387951851,0.04114978387951851,0.4558011591434479,-0.4983065128326416,0.3649730682373047,-0.6904932856559753,0.0,0.0,0.0,0.0,0.0,0.0,0.0
63817240945,0,-0.011898315511643887,-0.13562914729118347,-0.1152980849146843,-0.011898315511643887,-0.13562914729118347,-0.8152980804443359,0.019200745970010757,0.0036194701679050922,-0.004924993496388197,0.0,0.0,0.0,-0.002572793047875166,-0.0030198756139725447,2.3657493591308594,0.0,0.0,2.3657493591308594,-0.0019044741056859493,0.016881518065929413,-0.05391799286007881,0.01836869865655899,0.026075119152665138,0.0006471368833445013,0.0,0.0,0.0,-1.4138613939285278,10.01601791381836,0.11279296875,9.802299499511719,1.4179375171661377,-10.0,-9.877039909362793,10.926199913024902,2.0,2.0,21.381860733032227,0.2989746034145355,0.28977540135383606,0.30357420444488525,0.29590821266174316,0.0,0.30469265580177307,0.30469265580177307,0.30469265580177307,0.30469265580177307,0.0,-0.323607861995697,0.22806096076965332,-9.9633207321167,0.0,0.0,0.0,0.0,0.0,0.0,0.0,0.0,0.0,0.0,0.0,0.0,0.0,0.0,0.0,0.30469274520874023,0.30469274520874023,0.304692804813385,0.30469274520874023,0.25960075855255127,0.04114978387951851,0.04114978387951851,0.4558011591434479,-1.1561923027038574,0.6013363003730774,-0.952681303024292,0.0,0.0,0.0,0.0,0.0,0.0,0.0
63827298175,0,-0.011898315511643887,-0.13562914729118347,-0.1152980849146843,-0.011898315511643887,-0.13562914729118347,-0.8152980804443359,0.019200745970010757,0.0036194701679050922,-0.004924993496388197,0.0,0.0,0.0,-0.002572793047875166,-0.0030198756139725447,2.3657493591308594,0.0,0.0,2.3657493591308594,-0.0075227622874081135,0.018493909388780594,-0.07141820341348648,0.020058630034327507,0.023407727479934692,0.0010808733059093356,0.0,0.0,0.0,-1.3812817335128784,10.001212120056152,0.14411640167236328,9.802499771118164,1.416945219039917,-10.0,-9.87918472290039,10.134048461914062,2.0,2.0,22.123046875,0.2989746034145355,0.28977540135383606,0.30357420444488525,0.29590821266174316,0.0,0.30469265580177307,0.30469265580177307,0.30469265580177307,0.30469265580177307,0.0,-0.323607861995697,0.22806096076965332,-9.9633207321167,0.0,0.0,0.0,0.0,0.0,0.0,0.0,0.0,0.0,0.0,0.0,0.0,0.0,0.0,0.0,0.30469274520874023,0.30469274520874023,0.304692804813385,0.30469274520874023,0.2438983917236328,0.04114978387951851,0.04114978387951851,0.4690128266811371,-0.8082141280174255,0.37021633982658386,-1.3056833744049072,0.0,0.0,0.0,0.0,0.0,0.0,0.0
63837495960,0,-0.011898315511643887,-0.13562914729118347,-0.1152980849146843,-0.011898315511643887,-0.13562914729118347,-0.8152980804443359,0.019200745970010757,0.0036194701679050922,-0.004924993496388197,0.0,0.0,0.0,-0.002572793047875166,-0.0030198756139725447,2.3657493591308594,0.0,0.0,2.3657493591308594,0.002656991593539715,0.015573112294077873,-0.08927395194768906,0.020058630034327507,0.023407727479934692,0.0010808733059093356,0.0,0.0,0.0,-1.402712106704712,10.006948471069336,0.16186904907226562,9.802595138549805,1.416482925415039,-10.0,-9.880529403686523,9.64527702331543,2.0,2.0,22.63159942626953,0.2989746034145355,0.28977540135383606,0.30357420444488525,0.29590821266174316,0.0,0.30469265580177307,0.30469265580177307,0.30469265580177307,0.30469265580177307,0.0,-0.323607861995697,0.22806096076965332,-9.9633207321167,0.0,0.0,0.0,0.0,0.0,0.0,0.0,0.0,0.0,0.0,0.0,0.0,0.0,0.0,0.0,0.30469274520874023,0.30469274520874023,0.304692804813385,0.30469274520874023,0.23414376378059387,0.04114978387951851,0.04114978387951851,0.47803014516830444,0.05127432197332382,0.06621972471475601,-1.5971829891204834,0.0,0.0,0.0,0.0,0.0,0.0,0.0
63847499748,0,-0.011403262615203857,-0.13565413653850555,-0.11571235954761505,-0.011403262615203857,-0.13565413653850555,-0.8157123327255249,0.020426366478204727,-0.006754021160304546,-0.019139854237437248,0.0,0.0,0.0,-0.0014923607232049108,-0.0028369161300361156,2.362569808959961,0.0,0.0,2.362569808959961,0.002656991593539715,0.015573112294077873,-0.08927395194768906,0.016940543428063393,0.023183712735772133,0.0013430570252239704,0.0,0.0,0.0,-1.402712106704712,10.006948471069336,0.16186904907226562,9.802595138549805,1.416482925415039,-10.0,-9.880529403686523,9.64527702331543,2.0,2.0,22.63159942626953,0.2989746034145355,0.28977540135383606,0.30357420444488525,0.29590821266174316,0.0,0.30469265580177307,0.30469265580177307,0.30469265580177307,0.30469265580177307,0.0,-0.23786012828350067,0.22598469257354736,-10.48015308380127,0.0,0.0,0.0,0.0,0.0,0.0,0.0,0.0,0.0,0.0,0.0,0.0,0.0,0.0,0.0,0.30469274520874023,0.30469274520874023,0.304692804813385,0.30469274520874023,0.23414376378059387,0.04114978387951851,0.04114978387951851,0.47803014516830444,0.05127432197332382,0.06621972471475601,-1.5971829891204834,0.0,0.0,0.0,0.0,0.0,0.0,0.0
63857295279,0,-0.011403262615203857,-0.13565413653850555,-0.11571235954761505,-0.011047964915633202,-0.13573677837848663,-0.8162516355514526,0.020426366478204727,-0.006754021160304546,-0.019139854237437248,0.0,0.0,0.0,-0.0014923607232049108,-0.0028369161300361156,2.362569808959961,0.0,0.0,2.3601512908935547,0.043202243745326996,0.022035669535398483,-0.12104848027229309,0.006932334508746862,0.020115241408348083,0.0014037357177585363,0.0,0.0,0.0,-1.4658786058425903,9.994104385375977,0.18809986114501953,9.802957534790039,1.4162588119506836,-10.0,-9.884678840637207,8.839461326599121,2.0,2.0,23.400672912597656,0.2989746034145355,0.28977540135383606,0.30357420444488525,0.29590821266174316,0.0,0.30469265580177307,0.30469265580177307,0.30469265580177307,0.30469265580177307,0.0,-0.23786012828350067,0.22598469257354736,-10.48015308380127,0.0,0.0,0.0,0.0,0.0,0.0,0.0,0.0,0.0,0.0,0.0,0.0,0.0,0.0,0.0,0.30469274520874023,0.30469274520874023,0.304692804813385,0.30469274520874023,0.21794913709163666,0.04114978387951851,0.04114978387951851,0.49159368872642517,1.3349837064743042,0.3974735140800476,-1.4539631605148315,0.0,0.0,0.0,0.0,0.0,0.0,0.0
63867132323,0,-0.010849131271243095,-0.13573062419891357,-0.11655756831169128,-0.010849131271243095,-0.13573062419891357,-0.8165575265884399,0.027792228385806084,-0.002189252059906721,-0.02783631719648838,0.0,0.0,0.0,-0.0006151101551949978,-0.0010760682635009289,2.3587186336517334,0.0,0.0,2.3587186336517334,0.04363400861620903,0.03865479305386543,-0.13153767585754395,0.006932334508746862,0.020115241408348083,0.0014037357177585363,0.0,0.0,0.0,-1.4630855321884155,9.966148376464844,0.19668292999267578,9.80317211151123,1.4162588119506836,-10.0,-9.884678840637207,8.574390411376953,2.0,2.0,23.57546043395996,0.2989746034145355,0.2882421910762787,0.30357420444488525,0.2943750023841858,0.0,0.30469265580177307,0.30469265580177307,0.30469265580177307,0.30469265580177307,0.0,-0.032157015055418015,-0.29656386375427246,-10.333304405212402,0.0,0.0,0.0,0.0,0.0,0.0,0.0,0.0,0.0,0.0,0.0,0.0,0.0,0.0,0.0,0.30469274520874023,0.30469274520874023,0.304692804813385,0.30469274520874023,0.21794913709163666,0.04114978387951851,0.04114978387951851,0.49159368872642517,0.7455394864082336,1.0361360311508179,-1.3307416439056396,0.0,0.0,0.0,0.0,0.0,0.0,0.0
63877604316,0,-0.010849131271243095,-0.13573062419891357,-0.11655756831169128,-0.010849131271243095,-0.13573062419891357,-0.8165575265884399,0.027792228385806084,-0.002189252059906721,-0.02783631719648838,0.0,0.0,0.0,-0.0006151101551949978,-0.0010760682635009289,2.3587186336517334,0.0,0.0,2.3587186336517334,0.02453288622200489,0.05887344852089882,-0.14692677557468414,0.006282815709710121,0.0055923666805028915,0.000952128495555371,0.0,0.0,0.0,-1.43079674243927,9.93526554107666,0.21156692504882812,9.803467750549316,1.416524887084961,-10.0,-9.889447212219238,8.186006546020508,2.0,2.0,23.861602783203125,0.2989746034145355,0.2882421910762787,0.30357420444488525,0.2943750023841858,0.0,0.30469265580177307,0.30469265580177307,0.30469265580177307,0.30469265580177307,0.0,-0.09547881782054901,-0.5061463713645935,-9.713666915893555,0.0,0.0,0.0,0.0,0.0,0.0,0.0,0.0,0.0,0.0,0.0,0.0,0.0,0.0,0.0,0.30469274520874023,0.30469274520874023,0.304692804813385,0.30469274520874023,0.20471149682998657,0.04114978387951851,0.04114978387951851,0.49968135356903076,-0.5368449687957764,1.4414244890213013,-1.410285472869873,0.0,0.0,0.0,0.0,0.0,0.0,0.0
63888114261,0,-0.010849131271243095,-0.13573062419891357,-0.11655756831169128,-0.010849131271243095,-0.13573062419891357,-0.8165575265884399,0.027792228385806084,-0.002189252059906721,-0.02783631719648838,0.0,0.0,0.0,-0.0006151101551949978,-0.0010760682635009289,2.3587186336517334,0.0,0.0,2.3587186336517334,0.0012461895821616054,0.06462893635034561,-0.16814705729484558,0.00979556143283844,0.0015607476234436035,0.001160760410130024,0.0,0.0,0.0,-1.395214319229126,9.928119659423828,0.23436546325683594,9.8037691116333,1.416330099105835,-10.0,-9.89204216003418,7.633877754211426,2.0,2.0,24.387340545654297,0.2989746034145355,0.2882421910762787,0.30357420444488525,0.2943750023841858,0.0,0.30469265580177307,0.30469265580177307,0.30469265580177307,0.30469265580177307,0.0,-0.09547881782054901,-0.5061463713645935,-9.713666915893555,0.0,0.0,0.0,0.0,0.0,0.0,0.0,0.0,0.0,0.0,0.0,0.0,0.0,0.0,0.0,0.30469274520874023,0.30469274520874023,0.304692804813385,0.30469274520874023,0.19345137476921082,0.04114978387951851,0.04114978387951851,0.5088688135147095,-1.4158189296722412,1.0655313730239868,-1.8456945419311523,0.0,0.0,0.0,0.0,0.0,0.0,0.0
63897082701,0,-0.010319474153220654,-0.13568617403507233,-0.11697777360677719,-0.009980223141610622,-0.13565877079963684,-0.8170709609985352,0.03943547233939171,-0.001250681933015585,-0.008925901725888252,0.0,0.0,0.0,-0.0013905373634770513,-8.527283353032544e-05,2.35485577583313,0.0,0.0,2.351763963699341,-0.012617253698408604,0.04989440366625786,-0.2158060520887375,0.00979556143283844,0.0015607476234436035,0.001160760410130024,0.0,0.0,0.0,-1.395214319229126,9.928119659423828,0.23436546325683594,9.8037691116333,1.416330099105835,-10.0,-9.89204216003418,7.633877754211426,2.0,2.0,24.387340545654297,0.2989746034145355,0.2882421910762787,0.30357420444488525,0.2943750023841858,0.0,0.30469265580177307,0.30469265580177307,0.30469265580177307,0.30469265580177307,0.0,-0.18934661149978638,-0.30560290813446045,-9.459596633911133,0.0,0.0,0.0,0.0,0.0,0.0,0.0,0.0,0.0,0.0,0.0,0.0,0.0,0.0,0.0,0.30469274520874023,0.30469274520874023,0.304692804813385,0.30469274520874023,0.19345137476921082,0.04114978387951851,0.04114978387951851,0.5088688135147095,-1.3246639966964722,-0.1811518669128418,-3.218740701675415,0.0,0.0,0.0,0.0,0.0,0.0,0.0
63907330732,0,-0.009980223141610622,-0.13565877079963684,-0.11707095056772232,-0.009980223141610622,-0.13565877079963684,-0.8170709609985352,0.042469389736652374,-0.0008421979728154838,-0.004573143552988768,0.0,0.0,0.0,-0.0013844885397702456,-0.0002529190678615123,2.351763963699341,0.0,0.0,2.351763963699341,-0.003273359965533018,0.017019491642713547,-0.2915163040161133,0.007378609851002693,0.005952779669314623,0.004723123274743557,0.0,0.0,0.0,-1.4026827812194824,10.005144119262695,0.3700542449951172,9.80472469329834,1.4153006076812744,-10.0,-9.900630950927734,4.19504451751709,2.0,2.0,28.0555362701416,0.29744139313697815,0.2882421910762787,0.30204102396965027,0.2928417921066284,0.0,0.30469265580177307,0.30469265580177307,0.30469265580177307,0.30469265580177307,0.0,-0.21864749491214752,-0.299622118473053,-9.851933479309082,0.0,0.0,0.0,0.0,0.0,0.0,0.0,0.0,0.0,0.0,0.0,0.0,0.0,0.0,0.0,0.30469274520874023,0.30469274520874023,0.304692804813385,0.30469274520874023,0.12169106304645538,0.04114978387951851,0.04114978387951851,0.5719043612480164,-0.196581169962883,-1.6210744380950928,-5.196835041046143,0.0,0.0,0.0,0.0,0.0,0.0,0.0
63917879230,0,-0.009980223141610622,-0.13565877079963684,-0.11707095056772232,-0.009980223141610622,-0.13565877079963684,-0.8170709609985352,0.042469389736652374,-0.0008421979728154838,-0.004573143552988768,0.0,0.0,0.0,-0.0013844885397702456,-0.0002529190678615123,2.351763963699341,0.0,0.0,2.351763963699341,0.02807818539440632,-0.011076594702899456,-0.37971732020378113,0.007378609851002693,0.005952779669314623,0.004723123274743557,0.0,0.0,0.0,-1.4568768739700317,10.040809631347656,0.45807743072509766,9.805435180664062,1.4151068925857544,-10.0,-9.907157897949219,2.0,2.0,2.0,30.501718521118164,0.29744139313697815,0.2882421910762787,0.30357420444488525,0.2928417921066284,0.0,0.30469265580177307,0.30469265580177307,0.30469265580177307,0.30469265580177307,0.0,-0.21864749491214752,-0.299622118473053,-9.851933479309082,0.0,0.0,0.0,0.0,0.0,0.0,0.0,0.0,0.0,0.0,0.0,0.0,0.0,0.0,0.0,0.30469274520874023,0.30469274520874023,0.304692804813385,0.30469274520874023,0.12169106304645538,0.04114978387951851,0.04114978387951851,0.5719043612480164,1.361119270324707,-2.0782041549682617,-6.74558162689209,0.0,0.0,0.0,0.0,0.0,0.0,0.0
63927438584,0,-0.008729151450097561,-0.13552188873291016,-0.11730694025754929,-0.008729151450097561,-0.13552188873291016,-0.8173069357872009,0.05758485198020935,-0.0012388554168865085,-0.005895777139812708,0.0,0.0,0.0,0.0008158475975506008,-0.001116101280786097,2.338230848312378,0.0,0.0,2.338230848312378,0.05184829235076904,-0.01784507930278778,-0.4535556435585022,-8.063962741289288e-05,0.00895109586417675,0.005480584688484669,0.0,0.0,0.0,-1.4568768739700317,10.040809631347656,0.45807743072509766,9.805435180664062,1.4151068925857544,-10.0,-9.907157897949219,2.0,2.0,2.0,31.656482696533203,0.2989746034145355,0.2882421910762787,0.30357420444488525,0.2943750023841858,0.0,0.30469265580177307,0.30469265580177307,0.30469265580177307,0.30469265580177307,0.0,-0.5809171199798584,-0.45413678884506226,-9.957831382751465,0.0,0.0,0.0,0.0,0.0,0.0,0.0,0.0,0.0,0.0,0.0,0.0,0.0,0.0,0.0,0.30469274520874023,0.30469274520874023,0.304692804813385,0.30469274520874023,0.07134156674146652,0.04114978387951851,0.04114978387951851,0.6129553318023682,1.874778151512146,-1.471611738204956,-7.354243755340576,0.0,0.0,0.0,0.0,0.0,0.0,0.0
63938008810,0,-0.00819073524326086,-0.1354747861623764,-0.11737902462482452,-0.00819073524326086,-0.1354747861623764,-0.8173789978027344,0.06457723677158356,-0.002040782244876027,-0.0023244787007570267,0.0,0.0,0.0,0.0012026609620079398,-0.0008405697299167514,2.3329033851623535,0.0,0.0,2.3329033851623535,0.060572534799575806,-0.007158961147069931,-0.5298429727554321,-8.063962741289288e-05,0.00895109586417675,0.005480584688484669,0.0,0.0,0.0,-1.4924018383026123,10.041440963745117,0.5,9.83233642578125,1.4151068925857544,-10.0,-9.907157897949219,2.0,2.0,2.0,31.627159118652344,0.2989746034145355,0.2882421910762787,0.30357420444488525,0.2943750023841858,0.0,0.30469265580177307,0.30469265580177307,0.30469265580177307,0.30469265580177307,0.0,-0.6294787526130676,-0.4540191888809204,-9.565180778503418,0.0,0.0,0.0,0.0,0.0,0.0,0.0,0.0,0.0,0.0,0.0,0.0,0.0,0.0,0.0,0.30469274520874023,0.30469274520874023,0.304692804813385,0.30469274520874023,0.07134156674146652,0.04114978387951851,0.04114978387951851,0.6129553318023682,1.328338861465454,-0.2306714504957199,-7.29619836807251,0.0,0.0,0.0,0.0,0.0,0.0,0.0
63947726177,0,-0.007017828058451414,-0.13553421199321747,-0.11745285987854004,-0.007017828058451414,-0.13553421199321747,-0.8174528479576111,0.07008226960897446,-0.012655065394937992,0.0006687783170491457,0.0,0.0,0.0,0.001398349180817604,-0.0002738462353590876,2.319920301437378,0.0,0.0,2.319920301437378,0.060572534799575806,-0.007158961147069931,-0.5298429727554321,-0.00955403782427311,0.006692720577120781,0.0063923681154847145,0.0,0.0,0.0,-1.4992629289627075,10.016158103942871,0.5,9.898763656616211,1.4158530235290527,-10.0,-9.923624992370605,2.0,2.0,2.0,31.627159118652344,0.2989746034145355,0.2882421910762787,0.30204102396965027,0.2943750023841858,0.0,0.30469265580177307,0.30469265580177307,0.30469265580177307,0.30469265580177307,0.0,-0.6294787526130676,-0.4540191888809204,-9.565180778503418,0.0,0.0,0.0,0.0,0.0,0.0,0.0,0.0,0.0,0.0,0.0,0.0,0.0,0.0,0.0,0.30469274520874023,0.30469274520874023,0.304692804813385,0.30469274520874023,0.04476253315806389,0.04114978387951851,0.04114978387951851,0.6315917372703552,1.328338861465454,-0.2306714504957199,-7.29619836807251,0.0,0.0,0.0,0.0,0.0,0.0,0.0
63961477898,0,-0.007017828058451414,-0.13553421199321747,-0.11745285987854004,-0.007017828058451414,-0.13553421199321747,-0.8174528479576111,0.07008226960897446,-0.012655065394937992,0.0006687783170491457,0.0,0.0,0.0,0.001398349180817604,-0.0002738462353590876,2.319920301437378,0.0,0.0,2.319920301437378,0.03329085186123848,0.013795816339552402,-0.6844340562820435,-0.011113844811916351,0.0021925545297563076,0.008353227749466896,0.0,0.0,0.0,-1.4537473917007446,9.982712745666504,0.5,10.043985366821289,1.4167307615280151,-10.0,-9.945276260375977,2.0,2.0,2.0,31.482837677001953,0.29744139313697815,0.2882421910762787,0.30204102396965027,0.2943750023841858,0.0,0.30469265580177307,0.30469265580177307,0.30469265580177307,0.30469265580177307,0.0,-0.5874252915382385,0.1280752420425415,-9.672774314880371,0.0,0.0,0.0,0.0,0.0,0.0,0.0,0.0,0.0,0.0,0.0,0.0,0.0,0.0,0.0,0.30469274520874023,0.30469274520874023,0.304692804813385,0.30469274520874023,0.04512685164809227,0.04114978387951851,0.04114978387951851,0.629210352897644,-0.7388013005256653,0.5683872699737549,-7.911886215209961,0.0,0.0,0.0,0.0,0.0,0.0,0.0
63967475750,0,-0.007017828058451414,-0.13553421199321747,-0.11745285987854004,-0.007017828058451414,-0.13553421199321747,-0.8174528479576111,0.07008226960897446,-0.012655065394937992,0.0006687783170491457,0.0,0.0,0.0,0.001398349180817604,-0.0002738462353590876,2.319920301437378,0.0,0.0,2.319920301437378,0.014073831029236317,0.0069638388231396675,-0.7756244540214539,-0.010208207182586193,0.003672331105917692,0.004823731258511543,0.0,0.0,0.0,-1.4285937547683716,9.996162414550781,0.5,10.130715370178223,1.4168570041656494,-10.0,-9.959373474121094,2.0,2.0,2.0,31.478591918945312,0.2989746034145355,0.28977540135383606,0.30357420444488525,0.2943750023841858,0.0,0.30469265580177307,0.30469265580177307,0.30469265580177307,0.30469265580177307,0.0,-0.7632746696472168,0.38965851068496704,-9.998003959655762,0.0,0.0,0.0,0.0,0.0,0.0,0.0,0.0,0.0,0.0,0.0,0.0,0.0,0.0,0.0,0.30469274520874023,0.30469274520874023,0.304692804813385,0.30469274520874023,0.04651281610131264,0.04114978387951851,0.04114978387951851,0.6291403770446777,-1.2512001991271973,-0.04749888926744461,-8.254218101501465,0.0,0.0,0.0,0.0,0.0,0.0,0.0
63977061813,0,-0.005738327279686928,-0.13579685986042023,-0.11752557754516602,-0.005738327279686928,-0.13579685986042023,-0.8175255656242371,0.0766124278306961,-0.02515305019915104,-0.002166786463931203,0.0,0.0,0.0,0.0012549530947580934,-0.0005794227472506464,2.3039987087249756,0.0,0.0,2.3039987087249756,0.009440813213586807,-0.015224769711494446,-0.8958228230476379,-0.010208207182586193,0.003672331105917692,0.004823731258511543,0.0,0.0,0.0,-1.4353253841400146,10.030595779418945,0.5,10.230992317199707,1.4168570041656494,-10.0,-9.959373474121094,2.0,2.0,2.0,31.546009063720703,0.2989746034145355,0.2882421910762787,0.30357420444488525,0.2943750023841858,0.0,0.30469265580177307,0.30469265580177307,0.30469265580177307,0.30469265580177307,0.0,-0.7632746696472168,0.38965851068496704,-9.998003959655762,0.0,0.0,0.0,0.0,0.0,0.0,0.0,0.0,0.0,0.0,0.0,0.0,0.0,0.0,0.0,0.30469274520874023,0.30469274520874023,0.304692804813385,0.30469274520874023,0.04651281610131264,0.04114978387951851,0.04114978387951851,0.6291403770446777,-0.35967111587524414,-0.7272143959999084,-6.598648548126221,0.0,0.0,0.0,0.0,0.0,0.0,0.0
63988074496,0,-0.005738327279686928,-0.13579685986042023,-0.11752557754516602,-0.005738327279686928,-0.13579685986042023,-0.8175255656242371,0.0766124278306961,-0.02515305019915104,-0.002166786463931203,0.0,0.0,0.0,0.0012549530947580934,-0.0005794227472506464,2.3039987087249756,0.0,0.0,2.3039987087249756,0.009440813213586807,-0.015224769711494446,-0.8958228230476379,-0.014416253194212914,0.007905724458396435,0.010269740596413612,0.0,0.0,0.0,-1.4353253841400146,10.030595779418945,0.5,10.230992317199707,1.416741132736206,-10.0,-9.9893217086792,2.0,2.0,2.0,31.546009063720703,0.2989746034145355,0.2882421910762787,0.30357420444488525,0.2943750023841858,0.0,0.30469265580177307,0.30469265580177307,0.30469265580177307,0.30469265580177307,0.0,-0.5341325402259827,0.7132250666618347,-9.878447532653809,0.0,0.0,0.0,0.0,0.0,0.0,0.0,0.0,0.0,0.0,0.0,0.0,0.0,0.0,0.0,0.30469274520874023,0.30469274520874023,0.304692804813385,0.30469274520874023,0.04753224179148674,0.04114978387951851,0.04114978387951851,0.6302530765533447,-0.35967111587524414,-0.7272143959999084,-6.598648548126221,0.0,0.0,0.0,0.0,0.0,0.0,0.0
63997353729,0,-0.004365470260381699,-0.1363155096769333,-0.11762511730194092,-0.003696079133078456,-0.13666634261608124,-0.8176794648170471,0.07573892921209335,-0.041023701429367065,-0.0022919143084436655,0.0,0.0,0.0,0.0018150629475712776,-0.0009913238463923335,2.2872390747070312,0.0,0.0,2.277939796447754,0.018783118575811386,-0.009899469092488289,-0.9554469585418701,-0.014416253194212914,0.007905724458396435,0.010269740596413612,0.0,0.0,0.0,-1.4353253841400146,10.030595779418945,0.5,10.230992317199707,1.416741132736206,-10.0,-9.9893217086792,2.0,2.0,2.0,31.556739807128906,0.2989746034145355,0.2882421910762787,0.30204102396965027,0.2943750023841858,0.0,0.30469265580177307,0.30469265580177307,0.30469265580177307,0.30469265580177307,0.0,-0.08289129287004471,0.652612566947937,-9.903071403503418,0.0,0.0,0.0,0.0,0.0,0.0,0.0,0.0,0.0,0.0,0.0,0.0,0.0,0.0,0.0,0.30469274520874023,0.30469274520874023,0.304692804813385,0.30469274520874023,0.04753224179148674,0.04114978387951851,0.04114978387951851,0.6302530765533447,0.24221788346767426,-0.10621649771928787,-6.170670509338379,0.0,0.0,0.0,0.0,0.0,0.0,0.0
64007626716,0,-0.003696079133078456,-0.13666634261608124,-0.11767946183681488,-0.003696079133078456,-0.13666634261608124,-0.8176794648170471,0.07144196331501007,-0.04692072421312332,-0.0034856931306421757,0.0,0.0,0.0,0.002127237617969513,-0.0007760680746287107,2.277939796447754,0.0,0.0,2.277939796447754,0.028761018067598343,0.0005331435822881758,-1.0205966234207153,-0.014416253194212914,0.007905724458396435,0.010269740596413612,0.0,0.0,0.0,-1.471948504447937,9.99962329864502,0.5,10.33629035949707,1.4170422554016113,-10.0,-10.0,2.0,2.0,2.0,31.555908203125,0.2989746034145355,0.2882421910762787,0.30204102396965027,0.2943750023841858,0.0,0.30469265580177307,0.30469265580177307,0.30469265580177307,0.30469265580177307,0.0,-0.08289129287004471,0.652612566947937,-9.903071403503418,0.0,0.0,0.0,0.0,0.0,0.0,0.0,0.0,0.0,0.0,0.0,0.0,0.0,0.0,0.0,0.30469274520874023,0.30469274520874023,0.304692804813385,0.30469274520874023,0.04513107240200043,0.04114978387951851,0.04114978387951851,0.6304163336753845,0.5743995308876038,0.4109712839126587,-6.190785884857178,0.0,0.0,0.0,0.0,0.0,0.0,0.0
64017634377,0,-0.003696079133078456,-0.13666634261608124,-0.11767946183681488,-0.003696079133078456,-0.13666634261608124,-0.8176794648170471,0.07144196331501007,-0.04692072421312332,-0.0034856931306421757,0.0,0.0,0.0,0.002127237617969513,-0.0007760680746287107,2.277939796447754,0.0,0.0,2.277939796447754,0.028761018067598343,0.0005331435822881758,-1.0205966234207153,-0.02120543085038662,0.004294962622225285,0.012108092196285725,0.0,0.0,0.0,-1.4697259664535522,9.996759414672852,0.5,10.37183952331543,1.4173306226730347,-10.0,-10.0,2.0,2.0,2.0,31.547321319580078,0.2989746034145355,0.28977540135383606,0.30357420444488525,0.2943750023841858,0.0,0.30469265580177307,0.30469265580177307,0.30469265580177307,0.30469265580177307,0.0,-0.08289129287004471,0.652612566947937,-9.903071403503418,0.0,0.0,0.0,0.0,0.0,0.0,0.0,0.0,0.0,0.0,0.0,0.0,0.0,0.0,0.0,0.30469274520874023,0.30469274520874023,0.304692804813385,0.30469274520874023,0.04509930685162544,0.04114978387951851,0.04114978387951851,0.6302746534347534,0.5743995308876038,0.4109712839126587,-6.190785884857178,0.0,0.0,0.0,0.0,0.0,0.0,0.0
64028048503,0,-0.0018044713651761413,-0.13785776495933533,-0.11799348145723343,-0.0011863752733916044,-0.13832363486289978,-0.8181496858596802,0.06589651107788086,-0.06065840646624565,-0.015689129009842873,0.0,0.0,0.0,0.0026683970354497433,-0.0005653176922351122,2.2477142810821533,0.0,0.0,2.23740291595459,0.02016535960137844,0.0013552221935242414,-1.1157169342041016,-0.02120543085038662,0.004294962622225285,0.012108092196285725,0.0,0.0,0.0,-1.4697259664535522,9.996759414672852,0.5,10.37183952331543,1.4173306226730347,-10.0,-10.0,2.0,2.0,2.0,31.53498077392578,0.2989746034145355,0.2882421910762787,0.30357420444488525,0.2943750023841858,0.0,0.30469265580177307,0.30469265580177307,0.30469265580177307,0.30469265580177307,0.0,-0.4201769232749939,0.4020794928073883,-10.299742698669434,0.0,0.0,0.0,0.0,0.0,0.0,0.0,0.0,0.0,0.0,0.0,0.0,0.0,0.0,0.0,0.30469274520874023,0.30469274520874023,0.304692804813385,0.30469274520874023,0.04509930685162544,0.04114978387951851,0.04114978387951851,0.6302746534347534,-0.23986592888832092,0.06453261524438858,-5.0689697265625,0.0,0.0,0.0,0.0,0.0,0.0,0.0
64037767163,0,-0.0011863752733916044,-0.13832363486289978,-0.11814969033002853,-0.0011863752733916044,-0.13832363486289978,-0.8181496858596802,0.06391806900501251,-0.06650503724813461,-0.013942104764282703,0.0,0.0,0.0,0.002585137030109763,-0.0006552137201651931,2.23740291595459,0.0,0.0,2.23740291595459,0.012768065556883812,-0.0026269941590726376,-1.14828360080719,-0.02054107002913952,0.005251328460872173,0.012372361496090889,0.0,0.0,0.0,-1.4467755556106567,10.009376525878906,0.5,10.411640167236328,1.4178252220153809,-10.0,-10.0,2.0,2.0,2.0,31.530776977539062,0.2989746034145355,0.2882421910762787,0.30357420444488525,0.2943750023841858,0.0,0.30469265580177307,0.30469265580177307,0.30469265580177307,0.30469265580177307,0.0,-0.4126206040382385,0.5679853558540344,-9.800442695617676,0.0,0.0,0.0,0.0,0.0,0.0,0.0,0.0,0.0,0.0,0.0,0.0,0.0,0.0,0.0,0.30469274520874023,0.30469274520874023,0.304692804813385,0.30469274520874023,0.046374645084142685,0.04114978387951851,0.04114978387951851,0.6300018429756165,-0.4358827471733093,-0.14982688426971436,-4.114821910858154,0.0,0.0,0.0,0.0,0.0,0.0,0.0
64047313678,0,-4.956717020832002e-06,-0.13938510417938232,-0.11839095503091812,-4.956717020832002e-06,-0.13938510417938232,-0.818390965461731,0.05257599800825119,-0.07972411066293716,-0.008171366527676582,0.0,0.0,0.0,0.0030713598243892193,-0.0007583989063277841,2.21530818939209,0.0,0.0,2.21530818939209,0.022532958537340164,-0.004684797488152981,-1.226397156715393,-0.02054107002913952,0.005251328460872173,0.012372361496090889,0.0,0.0,0.0,-1.4467755556106567,10.009376525878906,0.5,10.411640167236328,1.4178252220153809,-10.0,-10.0,2.0,2.0,2.0,31.569477081298828,0.2989746034145355,0.28977540135383606,0.30357420444488525,0.2943750023841858,0.0,0.30469265580177307,0.30469265580177307,0.30469265580177307,0.30469265580177307,0.0,-0.19798636436462402,0.8990394473075867,-9.446927070617676,0.0,0.0,0.0,0.0,0.0,0.0,0.0,0.0,0.0,0.0,0.0,0.0,0.0,0.0,0.0,0.30469274520874023,0.30469274520874023,0.304692804813385,0.30469274520874023,0.046374645084142685,0.04114978387951851,0.04114978387951851,0.6300018429756165,0.3688378930091858,-0.045935485512018204,-4.163202285766602,0.0,0.0,0.0,0.0,0.0,0.0,0.0
64057691776,0,-4.956717020832002e-06,-0.13938510417938232,-0.11839095503091812,-4.956717020832002e-06,-0.13938510417938232,-0.818390965461731,0.05257599800825119,-0.07972411066293716,-0.008171366527676582,0.0,0.0,0.0,0.0030713598243892193,-0.0007583989063277841,2.21530818939209,0.0,0.0,2.21530818939209,0.022532958537340164,-0.004684797488152981,-1.226397156715393,-0.026846876367926598,0.005391986109316349,0.006968400441110134,0.0,0.0,0.0,-1.4688663482666016,10.011228561401367,0.5,10.471639633178711,1.4182413816452026,-10.0,-10.0,2.0,2.0,2.0,31.569477081298828,0.2989746034145355,0.28977540135383606,0.30204102396965027,0.2943750023841858,0.0,0.30469265580177307,0.30469265580177307,0.30469265580177307,0.30469265580177307,0.0,-0.1374361366033554,0.6826258301734924,-10.120771408081055,0.0,0.0,0.0,0.0,0.0,0.0,0.0,0.0,0.0,0.0,0.0,0.0,0.0,0.0,0.0,0.30469274520874023,0.30469274520874023,0.304692804813385,0.30469274520874023,0.045653779059648514,0.04114978387951851,0.04114978387951851,0.6306402683258057,0.3688378930091858,-0.045935485512018204,-4.163202285766602,0.0,0.0,0.0,0.0,0.0,0.0,0.0
64067554716,0,0.0005327995168045163,-0.13995425403118134,-0.11848872900009155,0.0005327995168045163,-0.13995425403118134,-0.8184887170791626,0.04812414571642876,-0.08524370193481445,-0.010425207205116749,0.0,0.0,0.0,0.0036507926415652037,-0.0006107666995376348,2.2035913467407227,0.0,0.0,2.2035913467407227,0.03275708854198456,0.00043842874583788216,-1.272507667541504,-0.026846876367926598,0.005391986109316349,0.006968400441110134,0.0,0.0,0.0,-1.4688663482666016,10.011228561401367,0.5,10.471639633178711,1.4182413816452026,-10.0,-10.0,2.0,2.0,2.0,31.585071563720703,0.2989746034145355,0.28977540135383606,0.30357420444488525,0.2943750023841858,0.0,0.30469265580177307,0.30469265580177307,0.30469265580177307,0.30469265580177307,0.0,-0.1374361366033554,0.6826258301734924,-10.120771408081055,0.0,0.0,0.0,0.0,0.0,0.0,0.0,0.0,0.0,0.0,0.0,0.0,0.0,0.0,0.0,0.30469274520874023,0.30469274520874023,0.304692804813385,0.30469274520874023,0.045653779059648514,0.04114978387951851,0.04114978387951851,0.6306402683258057,0.6502344012260437,0.21124175190925598,-4.242918968200684,0.0,0.0,0.0,0.0,0.0,0.0,0.0
64078368232,0,0.0005327995168045163,-0.13995425403118134,-0.11848872900009155,0.0005327995168045163,-0.13995425403118134,-0.8184887170791626,0.04812414571642876,-0.08524370193481445,-0.010425207205116749,0.0,0.0,0.0,0.0036507926415652037,-0.0006107666995376348,2.2035913467407227,0.0,0.0,2.2035913467407227,0.03275708854198456,0.00043842874583788216,-1.272507667541504,-0.03155471757054329,0.003799800993874669,0.014193875715136528,0.0,0.0,0.0,-1.4879499673843384,10.001564979553223,0.5,10.50216007232666,1.418709397315979,-10.0,-10.0,2.0,2.0,2.0,31.585071563720703,0.2989746034145355,0.28977540135383606,0.30357420444488525,0.2943750023841858,0.0,0.30469265580177307,0.30469265580177307,0.30469265580177307,0.30469265580177307,0.0,-0.3547142446041107,0.869429886341095,-9.911872863769531,0.0,0.0,0.0,0.0,0.0,0.0,0.0,0.0,0.0,0.0,0.0,0.0,0.0,0.0,0.0,0.30469274520874023,0.30469274520874023,0.304692804813385,0.30469274520874023,0.04463524371385574,0.04114978387951851,0.04114978387951851,0.6308975219726562,0.6502344012260437,0.21124175190925598,-4.242918968200684,0.0,0.0,0.0,0.0,0.0,0.0,0.0
64087608330,0,0.001547995489090681,-0.14120453596115112,-0.11875711381435394,0.001547995489090681,-0.14120453596115112,-0.8187571167945862,0.040911637246608734,-0.09510530531406403,-0.014864705502986908,0.0,0.0,0.0,0.004311215598136187,-0.0004498019115999341,2.1801693439483643,0.0,0.0,2.1801693439483643,0.035512056201696396,-0.0009585384977981448,-1.30617356300354,-0.035044115036726,0.004444483667612076,0.013725325465202332,0.0,0.0,0.0,-1.4922902584075928,10.006007194519043,0.5,10.51218318939209,1.4199105501174927,-10.0,-10.0,2.0,2.0,2.0,31.599685668945312,0.3005078136920929,0.28977540135383606,0.30357420444488525,0.2943750023841858,0.0,0.30469265580177307,0.30469265580177307,0.30469265580177307,0.30469265580177307,0.0,-0.3547142446041107,0.869429886341095,-9.911872863769531,0.0,0.0,0.0,0.0,0.0,0.0,0.0,0.0,0.0,0.0,0.0,0.0,0.0,0.0,0.0,0.30469274520874023,0.30469274520874023,0.304692804813385,0.30469274520874023,0.04464946314692497,0.04114978387951851,0.04114978387951851,0.6311385631561279,0.18235623836517334,-0.06036967411637306,-2.2258880138397217,0.0,0.0,0.0,0.0,0.0,0.0,0.0
64097558920,0,0.001547995489090681,-0.14120453596115112,-0.11875711381435394,0.001547995489090681,-0.14120453596115112,-0.8187571167945862,0.040911637246608734,-0.09510530531406403,-0.014864705502986908,0.0,0.0,0.0,0.004311215598136187,-0.0004498019115999341,2.1801693439483643,0.0,0.0,2.1801693439483643,0.026942206546664238,-0.007548833265900612,-1.3168624639511108,-0.03562873601913452,0.005132063291966915,0.014231043867766857,0.0,0.0,0.0,-1.4799740314483643,10.016098976135254,0.5,10.515241622924805,1.4205390214920044,-10.0,-10.0,2.0,2.0,2.0,31.59649658203125,0.2989746034145355,0.28977540135383606,0.30357420444488525,0.2943750023841858,0.0,0.30469265580177307,0.30469265580177307,0.30469265580177307,0.30469265580177307,0.0,0.12891925871372223,1.144155740737915,-9.024100303649902,0.0,0.0,0.0,0.0,0.0,0.0,0.0,0.0,0.0,0.0,0.0,0.0,0.0,0.0,0.0,0.30469274520874023,0.30469274520874023,0.304692804813385,0.30469274520874023,0.04546162486076355,0.04114978387951851,0.04114978387951851,0.6310861706733704,-0.31359899044036865,-0.3417919874191284,-1.6921924352645874,0.0,0.0,0.0,0.0,0.0,0.0,0.0
64107386212,0,0.0024511737283319235,-0.14264391362667084,-0.11896620690822601,0.003102910006418824,-0.14421004056930542,-0.818957507610321,0.02794845961034298,-0.10443124175071716,-0.0039644744247198105,0.0,0.0,0.0,0.004483120050281286,-0.0006349083851091564,2.156869888305664,0.0,0.0,2.1315505504608154,0.01403499860316515,-0.013744284398853779,-1.3425393104553223,-0.03562873601913452,0.005132063291966915,0.014231043867766857,0.0,0.0,0.0,-1.4613680839538574,10.025320053100586,0.5,10.540338516235352,1.4209620952606201,-10.0,-10.0,2.0,2.0,2.0,31.579769134521484,0.2989746034145355,0.28977540135383606,0.30357420444488525,0.2943750023841858,0.0,0.30469265580177307,0.30469265580177307,0.30469265580177307,0.30469265580177307,0.0,0.12891925871372223,1.144155740737915,-9.024100303649902,0.0,0.0,0.0,0.0,0.0,0.0,0.0,0.0,0.0,0.0,0.0,0.0,0.0,0.0,0.0,0.30469274520874023,0.30469274520874023,0.304692804813385,0.30469274520874023,0.04546162486076355,0.04114978387951851,0.04114978387951851,0.6310861706733704,-0.7969173192977905,-0.4828254282474518,-2.2211978435516357,0.0,0.0,0.0,0.0,0.0,0.0,0.0
64117403927,0,0.003102910006418824,-0.14421004056930542,-0.11895749717950821,0.003102910006418824,-0.14421004056930542,-0.818957507610321,0.01680983230471611,-0.11115489900112152,0.0044873375445604324,0.0,0.0,0.0,0.004213058389723301,-0.0007536688935942948,2.1315505504608154,0.0,0.0,2.1315505504608154,0.00012829358456656337,-0.010518685914576054,-1.3808952569961548,-0.03347831591963768,0.006077723111957312,0.015415960922837257,0.0,0.0,0.0,-1.444425344467163,10.017277717590332,0.5,10.57625675201416,1.4212853908538818,-10.0,-10.0,2.0,2.0,2.0,31.538928985595703,0.2989746034145355,0.2882421910762787,0.30357420444488525,0.2943750023841858,0.0,0.30469265580177307,0.30469265580177307,0.30469265580177307,0.30469265580177307,0.0,-0.01992359384894371,0.5881894826889038,-9.453941345214844,0.0,0.0,0.0,0.0,0.0,0.0,0.0,0.0,0.0,0.0,0.0,0.0,0.0,0.0,0.0,0.30469274520874023,0.30469274520874023,0.304692804813385,0.30469274520874023,0.046722300350666046,0.04114978387951851,0.04114978387951851,0.630136251449585,-1.0466670989990234,-0.06814361363649368,-2.902334213256836,0.0,0.0,0.0,0.0,0.0,0.0,0.0
64127709228,0,0.003710911376401782,-0.14592520892620087,-0.1188802719116211,0.003710911376401782,-0.14592520892620087,-0.8188802599906921,0.01573180966079235,-0.12087518721818924,0.005654622800648212,0.0,0.0,0.0,0.0033158801961690187,-2.5816509150899947e-05,2.1065940856933594,0.0,0.0,2.1065940856933594,0.00012829358456656337,-0.010518685914576054,-1.3808952569961548,-0.03347831591963768,0.006077723111957312,0.015415960922837257,0.0,0.0,0.0,-1.444425344467163,10.017277717590332,0.5,10.57625675201416,1.4212853908538818,-10.0,-10.0,2.0,2.0,2.0,31.538928985595703,0.2989746034145355,0.28977540135383606,0.30357420444488525,0.2943750023841858,0.0,0.30469265580177307,0.30469265580177307,0.30469265580177307,0.30469265580177307,0.0,-0.01992359384894371,0.5881894826889038,-9.453941345214844,0.0,0.0,0.0,0.0,0.0,0.0,0.0,0.0,0.0,0.0,0.0,0.0,0.0,0.0,0.0,0.30469274520874023,0.30469274520874023,0.304692804813385,0.30469274520874023,0.046722300350666046,0.04114978387951851,0.04114978387951851,0.630136251449585,-1.0466670989990234,-0.06814361363649368,-2.902334213256836,0.0,0.0,0.0,0.0,0.0,0.0,0.0
64137699552,0,0.003710911376401782,-0.14592520892620087,-0.1188802719116211,0.003710911376401782,-0.14592520892620087,-0.8188802599906921,0.01573180966079235,-0.12087518721818924,0.005654622800648212,0.0,0.0,0.0,0.0033158801961690187,-2.5816509150899947e-05,2.1065940856933594,0.0,0.0,2.1065940856933594,-0.03685087338089943,0.016297752037644386,-1.4034318923950195,-0.026360688731074333,0.00026979573885910213,0.014693083241581917,0.0,0.0,0.0,-1.3938179016113281,9.974329948425293,0.5,10.577445030212402,1.421257734298706,-10.0,-10.0,2.0,2.0,2.0,31.38652801513672,0.2989746034145355,0.2882421910762787,0.30357420444488525,0.29590821266174316,0.0,0.30469265580177307,0.30469265580177307,0.30469265580177307,0.30469265580177307,0.0,-0.5623751282691956,0.2541038691997528,-9.73162841796875,0.0,0.0,0.0,0.0,0.0,0.0,0.0,0.0,0.0,0.0,0.0,0.0,0.0,0.0,0.0,0.30469274520874023,0.30469274520874023,0.304692804813385,0.30469274520874023,0.0469517782330513,0.04114978387951851,0.04114978387951851,0.6276199817657471,-1.694961428642273,0.9642189145088196,-1.385091781616211,0.0,0.0,0.0,0.0,0.0,0.0,0.0
64147435099,0,0.003710911376401782,-0.14592520892620087,-0.1188802719116211,0.003710911376401782,-0.14592520892620087,-0.8188802599906921,0.01573180966079235,-0.12087518721818924,0.005654622800648212,0.0,0.0,0.0,0.0033158801961690187,-2.5816509150899947e-05,2.1065940856933594,0.0,0.0,2.1065940856933594,-0.05534730106592178,0.019145598635077477,-1.4031485319137573,-0.017859555780887604,-0.0021012842189520597,0.007449852302670479,0.0,0.0,0.0,-1.3689119815826416,9.973003387451172,0.5,10.570813179016113,1.420809030532837,-10.0,-10.0,2.0,2.0,2.0,31.343360900878906,0.2989746034145355,0.2882421910762787,0.30204102396965027,0.2943750023841858,0.0,0.30469265580177307,0.30469265580177307,0.30469265580177307,0.30469265580177307,0.0,-0.5623751282691956,0.2541038691997528,-9.73162841796875,0.0,0.0,0.0,0.0,0.0,0.0,0.0,0.0,0.0,0.0,0.0,0.0,0.0,0.0,0.0,0.30469274520874023,0.30469274520874023,0.304692804813385,0.30469274520874023,0.04777238145470619,0.04114978387951851,0.04114978387951851,0.6269069314002991,-1.7046078443527222,0.5836350917816162,-0.746909499168396,0.0,0.0,0.0,0.0,0.0,0.0,0.0
64157540863,0,0.004289998207241297,-0.1478128582239151,-0.11873091757297516,0.004289998207241297,-0.1478128582239151,-0.818730890750885,0.008277155458927155,-0.12776044011116028,0.010132679715752602,0.0,0.0,0.0,0.0019590395968407393,0.00012753084592986852,2.0816593170166016,0.0,0.0,2.0816593170166016,-0.0636480376124382,-0.016954682767391205,-1.4620264768600464,-0.007539538200944662,0.006163520272821188,0.016500934958457947,0.0,0.0,0.0,-1.3585708141326904,10.033446311950684,0.5,10.628303527832031,1.420809030532837,-10.0,-10.0,2.0,2.0,2.0,31.423446655273438,0.2989746034145355,0.28977540135383606,0.30204102396965027,0.2943750023841858,0.0,0.30469265580177307,0.30469265580177307,0.30469265580177307,0.30469265580177307,0.0,-0.014825329184532166,0.5603532195091248,-9.645648956298828,0.0,0.0,0.0,0.0,0.0,0.0,0.0,0.0,0.0,0.0,0.0,0.0,0.0,0.0,0.0,0.30469274520874023,0.30469274520874023,0.304692804813385,0.30469274520874023,0.04777238145470619,0.04114978387951851,0.04114978387951851,0.6269069314002991,-0.6962176561355591,-1.1649389266967773,-2.551689624786377,0.0,0.0,0.0,0.0,0.0,0.0,0.0
64167248894,0,0.0047718919813632965,-0.14979538321495056,-0.11854676157236099,0.0047718919813632965,-0.14979538321495056,-0.8185467720031738,0.009177401661872864,-0.13222886621952057,0.009145945310592651,0.0,0.0,0.0,0.000950497284065932,-0.0007726734620518982,2.054455518722534,0.0,0.0,2.054455518722534,-0.05979134887456894,-0.02237316034734249,-1.4925473928451538,-0.007539538200944662,0.006163520272821188,0.016500934958457947,0.0,0.0,0.0,-1.3585708141326904,10.033446311950684,0.5,10.628303527832031,1.419525384902954,-10.0,-10.0,2.0,2.0,2.0,31.44801902770996,0.2989746034145355,0.28977540135383606,0.30357420444488525,0.2943750023841858,0.0,0.30469265580177307,0.30469265580177307,0.30469265580177307,0.30469265580177307,0.0,-0.27254045009613037,0.11828707158565521,-9.827451705932617,0.0,0.0,0.0,0.0,0.0,0.0,0.0,0.0,0.0,0.0,0.0,0.0,0.0,0.0,0.0,0.30469274520874023,0.30469274520874023,0.304692804813385,0.30469274520874023,0.05028995871543884,0.04114978387951851,0.04114978387951851,0.6282297968864441,-0.177012637257576,-0.8007950782775879,-2.671748638153076,0.0,0.0,0.0,0.0,0.0,0.0,0.0
64178287171,0,0.0047718919813632965,-0.14979538321495056,-0.11854676157236099,0.0050461431965231895,-0.1507917046546936,-0.818459153175354,0.009177401661872864,-0.13222886621952057,0.009145945310592651,0.0,0.0,0.0,0.000950497284065932,-0.0007726734620518982,2.054455518722534,0.0,0.0,2.0410501956939697,-0.05979134887456894,-0.02237316034734249,-1.4925473928451538,-0.003954961430281401,0.005970135796815157,0.016086220741271973,0.0,0.0,0.0,-1.361196756362915,10.036351203918457,0.5,10.65819263458252,1.4188032150268555,-10.0,-10.0,2.0,2.0,2.0,31.44801902770996,0.2989746034145355,0.28977540135383606,0.30357420444488525,0.2943750023841858,0.0,0.30469265580177307,0.30469265580177307,0.30469265580177307,0.30469265580177307,0.0,-0.22212718427181244,0.35077470541000366,-9.6764554977417,0.0,0.0,0.0,0.0,0.0,0.0,0.0,0.0,0.0,0.0,0.0,0.0,0.0,0.0,0.0,0.30469274520874023,0.30469274520874023,0.304692804813385,0.30469274520874023,0.05032127723097801,0.04114978387951851,0.04114978387951851,0.6286356449127197,-0.177012637257576,-0.8007950782775879,-2.671748638153076,0.0,0.0,0.0,0.0,0.0,0.0,0.0
64188184566,0,0.0050461431965231895,-0.1507917046546936,-0.11845914274454117,0.005303984973579645,-0.1518128365278244,-0.8183556199073792,0.008292021229863167,-0.13449357450008392,0.008597372099757195,0.0,0.0,0.0,0.0004994905320927501,-0.0007496232283301651,2.0410501956939697,0.0,0.0,2.027729034423828,-0.055935271084308624,-0.009203779511153698,-1.5050829648971558,-0.003954961430281401,0.005970135796815157,0.016086220741271973,0.0,0.0,0.0,-1.361196756362915,10.036351203918457,0.5,10.65819263458252,1.4188032150268555,-10.0,-10.0,2.0,2.0,2.0,31.44801902770996,0.3005078136920929,0.2882421910762787,0.30357420444488525,0.2943750023841858,0.0,0.30469265580177307,0.30469265580177307,0.30469265580177307,0.30469265580177307,0.0,-0.13460075855255127,0.20943328738212585,-9.275321960449219,0.0,0.0,0.0,0.0,0.0,0.0,0.0,0.0,0.0,0.0,0.0,0.0,0.0,0.0,0.0,0.30469274520874023,0.30469274520874023,0.304692804813385,0.30469274520874023,0.05032127723097801,0.04114978387951851,0.04114978387951851,0.6286356449127197,0.07461628317832947,0.2243279367685318,-1.93618643283844,0.0,0.0,0.0,0.0,0.0,0.0,0.0
64197829648,0,0.005303984973579645,-0.1518128365278244,-0.11835562437772751,0.005303984973579645,-0.1518128365278244,-0.8183556199073792,0.006393863819539547,-0.13688886165618896,0.013868870213627815,0.0,0.0,0.0,2.271256198582705e-05,-0.00045617655268870294,2.027729034423828,0.0,0.0,2.027729034423828,-0.05737229436635971,0.006549166049808264,-1.5183991193771362,-0.003954961430281401,0.005970135796815157,0.016086220741271973,0.0,0.0,0.0,-1.3551995754241943,9.985247611999512,0.5,10.668721199035645,1.4175264835357666,-10.0,-10.0,2.0,2.0,2.0,31.34133529663086,0.2989746034145355,0.2882421910762787,0.30357420444488525,0.2943750023841858,0.0,0.30469265580177307,0.30469265580177307,0.30469265580177307,0.30469265580177307,0.0,-0.13460075855255127,0.20943328738212585,-9.275321960449219,0.0,0.0,0.0,0.0,0.0,0.0,0.0,0.0,0.0,0.0,0.0,0.0,0.0,0.0,0.0,0.30469274520874023,0.30469274520874023,0.304692804813385,0.30469274520874023,0.04870850592851639,0.04114978387951851,0.04114978387951851,0.6268733739852905,-0.04089052975177765,0.8683452606201172,-1.7685219049453735,0.0,0.0,0.0,0.0,0.0,0.0,0.0
64207490617,0,0.006119568832218647,-0.1548096239566803,-0.11777224391698837,0.006119568832218647,-0.1548096239566803,-0.8177722096443176,0.0013446160592138767,-0.1318516880273819,0.023085154592990875,0.0,0.0,0.0,-0.0021866722963750362,-0.00044577213702723384,1.9851831197738647,0.0,0.0,1.9851830005645752,-0.05737229436635971,0.006549166049808264,-1.5183991193771362,0.004545681178569794,0.00048047417658381164,0.01631576381623745,0.0,0.0,0.0,-1.3551995754241943,9.985247611999512,0.5,10.668721199035645,1.4175264835357666,-10.0,-10.0,2.0,2.0,2.0,31.34133529663086,0.2989746034145355,0.28977540135383606,0.30204102396965027,0.2943750023841858,0.0,0.30469265580177307,0.30469265580177307,0.30469265580177307,0.30469265580177307,0.0,0.32996612787246704,0.16935649514198303,-9.586382865905762,0.0,0.0,0.0,0.0,0.0,0.0,0.0,0.0,0.0,0.0,0.0,0.0,0.0,0.0,0.0,0.30469274520874023,0.30469274520874023,0.304692804813385,0.30469274520874023,0.04870850592851639,0.04114978387951851,0.04114978387951851,0.6268733739852905,-0.04089052975177765,0.8683452606201172,-1.7685219049453735,0.0,0.0,0.0,0.0,0.0,0.0,0.0
64218170324,0,0.006119568832218647,-0.1548096239566803,-0.11777224391698837,0.006119568832218647,-0.1548096239566803,-0.8177722096443176,0.0013446160592138767,-0.1318516880273819,0.023085154592990875,0.0,0.0,0.0,-0.0021866722963750362,-0.00044577213702723384,1.9851831197738647,0.0,0.0,1.9851830005645752,-0.07554773986339569,-0.0016392540419474244,-1.5861177444458008,0.017394348978996277,0.003493051277473569,0.017543669790029526,0.0,0.0,0.0,-1.3161146640777588,10.007824897766113,0.5,10.730926513671875,1.4157583713531494,-10.0,-10.0,2.0,2.0,2.0,31.312320709228516,0.2989746034145355,0.28977540135383606,0.30357420444488525,0.2943750023841858,0.0,0.30469265580177307,0.30469265580177307,0.30469265580177307,0.30469265580177307,0.0,0.32996612787246704,0.16935649514198303,-9.586382865905762,0.0,0.0,0.0,0.0,0.0,0.0,0.0,0.0,0.0,0.0,0.0,0.0,0.0,0.0,0.0,0.30469274520874023,0.30469274520874023,0.304692804813385,0.30469274520874023,0.05085309222340584,0.04114978387951851,0.04114978387951851,0.626393735408783,-0.6701595783233643,-0.2692859470844269,-2.8180718421936035,0.0,0.0,0.0,0.0,0.0,0.0,0.0
64227365176,0,0.006119568832218647,-0.1548096239566803,-0.11777224391698837,0.006415167357772589,-0.1557607799768448,-0.8176069855690002,0.0013446160592138767,-0.1318516880273819,0.023085154592990875,0.0,0.0,0.0,-0.0021866722963750362,-0.00044577213702723384,1.9851831197738647,0.0,0.0,1.9709243774414062,-0.08088423311710358,-0.007873156107962132,-1.5956449508666992,0.023647038266062737,0.005957514513283968,0.017111480236053467,0.0,0.0,0.0,-1.3039226531982422,10.018075942993164,0.5,10.729682922363281,1.4147915840148926,-10.0,-10.0,2.0,2.0,2.0,31.308368682861328,0.2989746034145355,0.28977540135383606,0.30357420444488525,0.2943750023841858,0.0,0.30469265580177307,0.30469265580177307,0.30469265580177307,0.30469265580177307,0.0,0.32996612787246704,0.16935649514198303,-9.586382865905762,0.0,0.0,0.0,0.0,0.0,0.0,0.0,0.0,0.0,0.0,0.0,0.0,0.0,0.0,0.0,0.30469274520874023,0.30469274520874023,0.304692804813385,0.30469274520874023,0.051645487546920776,0.04114978387951851,0.04114978387951851,0.6263284683227539,-0.6337703466415405,-0.4244948625564575,-2.011509418487549,0.0,0.0,0.0,0.0,0.0,0.0,0.0
64239608964,0,0.007044441066682339,-0.15761590003967285,-0.11736021190881729,0.007044441066682339,-0.15761590003967285,-0.8173602223396301,0.006036810576915741,-0.1256656050682068,0.013362325727939606,0.0,0.0,0.0,-0.004561243113130331,-0.0003988745447713882,1.941025733947754,0.0,0.0,1.941025733947754,-0.08088423311710358,-0.007873156107962132,-1.5956449508666992,0.023647038266062737,0.005957514513283968,0.017111480236053467,0.0,0.0,0.0,-1.3039226531982422,10.018075942993164,0.5,10.729682922363281,1.4147915840148926,-10.0,-10.0,2.0,2.0,2.0,31.308368682861328,0.2989746034145355,0.2882421910762787,0.30357420444488525,0.29590821266174316,0.0,0.30469265580177307,0.30469265580177307,0.30469265580177307,0.30469265580177307,0.0,0.15548530220985413,0.13470330834388733,-9.625192642211914,0.0,0.0,0.0,0.0,0.0,0.0,0.0,0.0,0.0,0.0,0.0,0.0,0.0,0.0,0.0,0.30469274520874023,0.30469274520874023,0.304692804813385,0.30469274520874023,0.051645487546920776,0.04114978387951851,0.04114978387951851,0.6263284683227539,-0.6337703466415405,-0.4244948625564575,-2.011509418487549,0.0,0.0,0.0,0.0,0.0,0.0,0.0
64248174318,0,0.007044441066682339,-0.15761590003967285,-0.11736021190881729,0.007044441066682339,-0.15761590003967285,-0.8173602223396301,0.006036810576915741,-0.1256656050682068,0.013362325727939606,0.0,0.0,0.0,-0.004561243113130331,-0.0003988745447713882,1.941025733947754,0.0,0.0,1.941025733947754,-0.0778287723660469,0.008729700930416584,-1.5811824798583984,0.0399254634976387,0.001341679715551436,0.017119649797677994,0.0,0.0,0.0,-1.2965763807296753,9.988143920898438,0.5,10.693290710449219,1.4122964143753052,-10.0,-10.0,2.0,2.0,2.0,31.249401092529297,0.3005078136920929,0.2882421910762787,0.30357420444488525,0.2943750023841858,0.0,0.30469265580177307,0.30469265580177307,0.30469265580177307,0.30469265580177307,0.0,0.15548530220985413,0.13470330834388733,-9.625192642211914,0.0,0.0,0.0,0.0,0.0,0.0,0.0,0.0,0.0,0.0,0.0,0.0,0.0,0.0,0.0,0.30469274520874023,0.30469274520874023,0.304692804813385,0.30469274520874023,0.050852205604314804,0.04114978387951851,0.04114978387951851,0.6253536939620972,0.030293673276901245,0.5606206059455872,-0.10111889243125916,0.0,0.0,0.0,0.0,0.0,0.0,0.0
64257282568,0,0.007044441066682339,-0.15761590003967285,-0.11736021190881729,0.007044441066682339,-0.15761590003967285,-0.8173602223396301,0.006036810576915741,-0.1256656050682068,0.013362325727939606,0.0,0.0,0.0,-0.004561243113130331,-0.0003988745447713882,1.941025733947754,0.0,0.0,1.941025733947754,-0.06540150940418243,0.0157182514667511,-1.593125343322754,0.04098192974925041,0.0009278966463170946,0.008808971382677555,0.0,0.0,0.0,-1.3111588954925537,9.978888511657715,0.5,10.708086013793945,1.4112764596939087,-10.0,-10.0,2.0,2.0,2.0,31.25765609741211,0.3005078136920929,0.28977540135383606,0.30204102396965027,0.2943750023841858,0.0,0.30469265580177307,0.30469265580177307,0.30469265580177307,0.30469265580177307,0.0,0.15548530220985413,0.13470330834388733,-9.625192642211914,0.0,0.0,0.0,0.0,0.0,0.0,0.0,0.0,0.0,0.0,0.0,0.0,0.0,0.0,0.0,0.30469274520874023,0.30469274520874023,0.304692804813385,0.30469274520874023,0.04999339580535889,0.04114978387951851,0.04114978387951851,0.6254900693893433,0.6265925765037537,0.632088840007782,-0.6634901165962219,0.0,0.0,0.0,0.0,0.0,0.0,0.0
64267423828,0,0.007656913250684738,-0.15956123173236847,-0.11707384884357452,0.007656913250684738,-0.15956123173236847,-0.8170738220214844,0.0042803362011909485,-0.11997229605913162,0.013145079836249352,0.0,0.0,0.0,-0.005240005441009998,-0.00018652781727723777,1.9119983911514282,0.0,0.0,1.9119983911514282,-0.06540150940418243,0.0157182514667511,-1.593125343322754,0.04098192974925041,0.0009278966463170946,0.008808971382677555,0.0,0.0,0.0,-1.3111588954925537,9.978888511657715,0.5,10.708086013793945,1.4112764596939087,-10.0,-10.0,2.0,2.0,2.0,31.367769241333008,0.2989746034145355,0.29130858182907104,0.30357420444488525,0.2943750023841858,0.0,0.30469265580177307,0.30469265580177307,0.30469265580177307,0.30469265580177307,0.0,0.15548530220985413,0.13470330834388733,-9.625192642211914,0.0,0.0,0.0,0.0,0.0,0.0,0.0,0.0,0.0,0.0,0.0,0.0,0.0,0.0,0.0,0.30469274520874023,0.30469274520874023,0.304692804813385,0.30469274520874023,0.04999339580535889,0.04114978387951851,0.04114978387951851,0.6254900693893433,0.6265925765037537,0.632088840007782,-0.6634901165962219,0.0,0.0,0.0,0.0,0.0,0.0,0.0
64277925937,0,0.007656913250684738,-0.15956123173236847,-0.11707384884357452,0.007656913250684738,-0.15956123173236847,-0.8170738220214844,0.0042803362011909485,-0.11997229605913162,0.013145079836249352,0.0,0.0,0.0,-0.005240005441009998,-0.00018652781727723777,1.9119983911514282,0.0,0.0,1.9119983911514282,-0.06540150940418243,0.0157182514667511,-1.593125343322754,0.04367219656705856,0.0028597707860171795,0.0198629479855299,0.0,0.0,0.0,-1.353033185005188,9.994805335998535,0.5,10.746249198913574,1.4095364809036255,-10.0,-10.0,2.0,2.0,2.0,31.367769241333008,0.2989746034145355,0.28977540135383606,0.30357420444488525,0.2943750023841858,0.0,0.30469265580177307,0.30469265580177307,0.30469265580177307,0.30469265580177307,0.0,-0.08028926700353622,-0.26800981163978577,-10.288457870483398,0.0,0.0,0.0,0.0,0.0,0.0,0.0,0.0,0.0,0.0,0.0,0.0,0.0,0.0,0.0,0.30469274520874023,0.30469274520874023,0.304692804813385,0.30469274520874023,0.04912303015589714,0.04114978387951851,0.04114978387951851,0.6273101568222046,0.6265925765037537,0.632088840007782,-0.6634901165962219,0.0,0.0,0.0,0.0,0.0,0.0,0.0
64287772524,0,0.0083515839651227,-0.16128148138523102,-0.11692002415657043,0.0083515839651227,-0.16128148138523102,-0.8169200420379639,0.01277560368180275,-0.11609326303005219,0.003069033846259117,0.0,0.0,0.0,-0.005492136813700199,-0.00037790185888297856,1.8805549144744873,0.0,0.0,1.8805547952651978,-0.019349267706274986,0.00948274228721857,-1.6115121841430664,0.04367219656705856,0.0028597707860171795,0.0198629479855299,0.0,0.0,0.0,-1.3560575246810913,9.99252700805664,0.5,10.719365119934082,1.4095364809036255,-10.0,-10.0,2.0,2.0,2.0,31.353219985961914,0.2989746034145355,0.28977540135383606,0.30357420444488525,0.2943750023841858,0.0,0.30469265580177307,0.30469265580177307,0.30469265580177307,0.30469265580177307,0.0,-0.0679052397608757,-0.14600850641727448,-9.747371673583984,0.0,0.0,0.0,0.0,0.0,0.0,0.0,0.0,0.0,0.0,0.0,0.0,0.0,0.0,0.0,0.30469274520874023,0.30469274520874023,0.304692804813385,0.30469274520874023,0.04912303015589714,0.04114978387951851,0.04114978387951851,0.6273101568222046,1.1867486238479614,-0.00859038531780243,0.1516977995634079,0.0,0.0,0.0,0.0,0.0,0.0,0.0
64297699442,0,0.008734326809644699,-0.1621760129928589,-0.11689414083957672,0.008734326809644699,-0.1621760129928589,-0.8168941140174866,0.014827825129032135,-0.11623300611972809,0.002991550602018833,0.0,0.0,0.0,-0.005720706190913916,-0.0002576077822595835,1.866946816444397,0.0,0.0,1.866946816444397,-0.01848449371755123,0.010902664624154568,-1.595650315284729,0.04367219656705856,0.0028597707860171795,0.0198629479855299,0.0,0.0,0.0,-1.3520680665969849,9.990161895751953,0.5,10.693578720092773,1.4095364809036255,-10.0,-10.0,2.0,2.0,2.0,31.344009399414062,0.3005078136920929,0.2882421910762787,0.30357420444488525,0.2943750023841858,0.0,0.30469265580177307,0.30469265580177307,0.30469265580177307,0.30469265580177307,0.0,-0.0679052397608757,-0.14600850641727448,-9.747371673583984,0.0,0.0,0.0,0.0,0.0,0.0,0.0,0.0,0.0,0.0,0.0,0.0,0.0,0.0,0.0,0.30469274520874023,0.30469274520874023,0.304692804813385,0.30469274520874023,0.04912303015589714,0.04114978387951851,0.04114978387951851,0.6273101568222046,0.8564537167549133,0.06809200346469879,0.929966151714325,0.0,0.0,0.0,0.0,0.0,0.0,0.0
64308472778,0,0.008734326809644699,-0.1621760129928589,-0.11689414083957672,0.008734326809644699,-0.1621760129928589,-0.8168941140174866,0.014827825129032135,-0.11623300611972809,0.002991550602018833,0.0,0.0,0.0,-0.005720706190913916,-0.0002576077822595835,1.866946816444397,0.0,0.0,1.866946816444397,-0.02266804501414299,0.012801236473023891,-1.5773334503173828,0.05225205048918724,0.0009161451016552746,0.008523471653461456,0.0,0.0,0.0,-1.3359341621398926,9.98677921295166,0.5,10.685161590576172,1.4078017473220825,-10.0,-10.0,2.0,2.0,2.0,31.31130599975586,0.3005078136920929,0.28977540135383606,0.30357420444488525,0.2943750023841858,0.0,0.30469265580177307,0.30469265580177307,0.30469265580177307,0.30469265580177307,0.0,-0.0679052397608757,-0.14600850641727448,-9.747371673583984,0.0,0.0,0.0,0.0,0.0,0.0,0.0,0.0,0.0,0.0,0.0,0.0,0.0,0.0,0.0,0.30469274520874023,0.30469274520874023,0.304692804813385,0.30469274520874023,0.049415815621614456,0.04114978387951851,0.04114978387951851,0.6263771057128906,0.1816863864660263,0.0932360589504242,1.0625698566436768,0.0,0.0,0.0,0.0,0.0,0.0,0.0
64320045936,0,0.009946293197572231,-0.16488219797611237,-0.11669936776161194,0.010385887697339058,-0.1657496988773346,-0.8166368007659912,0.020769985392689705,-0.10705261677503586,0.007775899954140186,0.0,0.0,0.0,-0.006703939288854599,-0.00022859324235469103,1.8248099088668823,0.0,0.0,1.8109674453735352,-0.026414040476083755,0.007953144609928131,-1.579003930091858,0.05484793707728386,0.0029857002664357424,0.008384805172681808,0.0,0.0,0.0,-1.3359341621398926,9.98677921295166,0.5,10.685161590576172,1.4078017473220825,-10.0,-10.0,2.0,2.0,2.0,31.31130599975586,0.2989746034145355,0.29130858182907104,0.30357420444488525,0.2943750023841858,0.0,0.30469265580177307,0.30469265580177307,0.30469265580177307,0.30469265580177307,0.0,0.4463742971420288,-0.23663383722305298,-9.768486976623535,0.0,0.0,0.0,0.0,0.0,0.0,0.0,0.0,0.0,0.0,0.0,0.0,0.0,0.0,0.0,0.30469274520874023,0.30469274520874023,0.304692804813385,0.30469274520874023,0.049415815621614456,0.04114978387951851,0.04114978387951851,0.6263771057128906,-0.07895725965499878,-0.19532401859760284,0.5237541198730469,0.0,0.0,0.0,0.0,0.0,0.0,0.0
64327600453,0,0.010385887697339058,-0.1657496988773346,-0.11663680523633957,0.010385887697339058,-0.1657496988773346,-0.8166368007659912,0.02694127708673477,-0.10328780859708786,0.005484891589730978,0.0,0.0,0.0,-0.007015355862677097,-0.0004885887028649449,1.8109675645828247,0.0,0.0,1.8109674453735352,-0.028666216880083084,0.00033249438274651766,-1.570996880531311,0.05650445073843002,0.004110181238502264,0.008177323266863823,0.0,0.0,0.0,-1.3198524713516235,10.008167266845703,0.5,10.67754077911377,1.4063432216644287,-10.0,-10.0,2.0,2.0,2.0,31.31903076171875,0.2989746034145355,0.29130858182907104,0.30357420444488525,0.29590821266174316,0.0,0.30469265580177307,0.30469265580177307,0.30469265580177307,0.30469265580177307,0.0,0.30789583921432495,-0.5363993644714355,-10.082878112792969,0.0,0.0,0.0,0.0,0.0,0.0,0.0,0.0,0.0,0.0,0.0,0.0,0.0,0.0,0.0,0.30469274520874023,0.30469274520874023,0.304692804813385,0.30469274520874023,0.05073535814881325,0.04114978387951851,0.04114978387951851,0.6265048384666443,-0.13201084733009338,-0.43898624181747437,0.684025764465332,0.0,0.0,0.0,0.0,0.0,0.0,0.0
64337521575,0,0.011344322934746742,-0.16747164726257324,-0.116546630859375,0.011344322934746742,-0.16747164726257324,-0.816546618938446,0.03317764773964882,-0.10343263298273087,0.00801506545394659,0.0,0.0,0.0,-0.00736477505415678,-0.00038216946995817125,1.784727931022644,0.0,0.0,1.784727931022644,-0.02234943024814129,0.00719543918967247,-1.5139262676239014,0.05650445073843002,0.004110181238502264,0.008177323266863823,0.0,0.0,0.0,-1.3198524713516235,10.008167266845703,0.5,10.67754077911377,1.4063432216644287,-10.0,-10.0,2.0,2.0,2.0,31.304420471191406,0.2989746034145355,0.28977540135383606,0.30357420444488525,0.29590821266174316,0.0,0.30469265580177307,0.30469265580177307,0.30469265580177307,0.30469265580177307,0.0,-0.08637814968824387,-0.2231624722480774,-9.437516212463379,0.0,0.0,0.0,0.0,0.0,0.0,0.0,0.0,0.0,0.0,0.0,0.0,0.0,0.0,0.0,0.30469274520874023,0.30469274520874023,0.304692804813385,0.30469274520874023,0.05073535814881325,0.04114978387951851,0.04114978387951851,0.6265048384666443,0.23485691845417023,0.2314760684967041,2.3360750675201416,0.0,0.0,0.0,0.0,0.0,0.0,0.0
64347709045,0,0.011344322934746742,-0.16747164726257324,-0.116546630859375,0.011344322934746742,-0.16747164726257324,-0.816546618938446,0.03317764773964882,-0.10343263298273087,0.00801506545394659,0.0,0.0,0.0,-0.00736477505415678,-0.00038216946995817125,1.784727931022644,0.0,0.0,1.784727931022644,-0.02234943024814129,0.00719543918967247,-1.5139262676239014,0.05847184360027313,0.002060501603409648,0.007810454815626144,0.0,0.0,0.0,-1.326257348060608,9.992549896240234,0.5,10.617941856384277,1.4047300815582275,-10.0,-10.0,2.0,2.0,2.0,31.304420471191406,0.3005078136920929,0.28977540135383606,0.30357420444488525,0.29590821266174316,0.0,0.30469265580177307,0.30469265580177307,0.30469265580177307,0.30469265580177307,0.0,0.11432905495166779,0.048014793545007706,-8.981666564941406,0.0,0.0,0.0,0.0,0.0,0.0,0.0,0.0,0.0,0.0,0.0,0.0,0.0,0.0,0.0,0.30469274520874023,0.30469274520874023,0.304692804813385,0.30469274520874023,0.04996340349316597,0.04114978387951851,0.04114978387951851,0.6262631416320801,0.23485691845417023,0.2314760684967041,2.3360750675201416,0.0,0.0,0.0,0.0,0.0,0.0,0.0
64357836095,0,0.011835634708404541,-0.16836129128932953,-0.11643749475479126,0.011835634708404541,-0.16836129128932953,-0.8164374828338623,0.032017119228839874,-0.10346656292676926,0.015043910592794418,0.0,0.0,0.0,-0.0074953050352633,-0.00020652241073548794,1.7715239524841309,0.0,0.0,1.7715239524841309,-0.020302169024944305,0.01618381030857563,-1.4952458143234253,0.061569906771183014,-1.3909651897847652e-05,0.016078338027000427,0.0,0.0,0.0,-1.3253099918365479,9.979594230651855,0.5,10.607274055480957,1.4047300815582275,-10.0,-10.0,2.0,2.0,2.0,31.282257080078125,0.30204102396965027,0.28977540135383606,0.30357420444488525,0.29590821266174316,0.0,0.30469265580177307,0.30469265580177307,0.30469265580177307,0.30469265580177307,0.0,0.11432905495166779,0.048014793545007706,-8.981666564941406,0.0,0.0,0.0,0.0,0.0,0.0,0.0,0.0,0.0,0.0,0.0,0.0,0.0,0.0,0.0,0.30469274520874023,0.30469274520874023,0.304692804813385,0.30469274520874023,0.04996340349316597,0.04114978387951851,0.04114978387951851,0.6262631416320801,0.2028958648443222,0.5342439413070679,2.008314371109009,0.0,0.0,0.0,0.0,0.0,0.0,0.0
64367377858,0,0.011835634708404541,-0.16836129128932953,-0.11643749475479126,0.012828304432332516,-0.17011483013629913,-0.8160818815231323,0.032017119228839874,-0.10346656292676926,0.015043910592794418,0.0,0.0,0.0,-0.0074953050352633,-0.00020652241073548794,1.7715239524841309,0.0,0.0,1.744942307472229,-0.020302169024944305,0.01618381030857563,-1.4952458143234253,0.061569906771183014,-1.3909651897847652e-05,0.016078338027000427,0.0,0.0,0.0,-1.3253099918365479,9.979594230651855,0.5,10.607274055480957,1.40388023853302,-10.0,-10.0,2.0,2.0,2.0,31.282257080078125,0.3005078136920929,0.28977540135383606,0.30357420444488525,0.29590821266174316,0.0,0.30469265580177307,0.30469265580177307,0.30469265580177307,0.30469265580177307,0.0,0.05936603620648384,-0.42839282751083374,-9.872764587402344,0.0,0.0,0.0,0.0,0.0,0.0,0.0,0.0,0.0,0.0,0.0,0.0,0.0,0.0,0.0,0.30469274520874023,0.30469274520874023,0.304692804813385,0.30469274520874023,0.04952910915017128,0.04114978387951851,0.04114978387951851,0.6258968114852905,0.2028958648443222,0.5342439413070679,2.008314371109009,0.0,0.0,0.0,0.0,0.0,0.0,0.0
64377412873,0,0.012828304432332516,-0.17011483013629913,-0.11608187854290009,0.012828304432332516,-0.17011483013629913,-0.8160818815231323,0.036895785480737686,-0.10034232586622238,0.019727002829313278,0.0,0.0,0.0,-0.00842309184372425,-0.00010129275324288756,1.744942307472229,0.0,0.0,1.744942307472229,-0.04034252092242241,0.022997334599494934,-1.4708632230758667,0.07066024839878082,-0.0013188767479732633,0.014911601319909096,0.0,0.0,0.0,-1.2838469743728638,9.9715576171875,0.5,10.597579002380371,1.4019496440887451,-10.0,-10.0,2.0,2.0,2.0,31.21646499633789,0.3005078136920929,0.29130858182907104,0.30357420444488525,0.29590821266174316,0.0,0.30469265580177307,0.30469265580177307,0.30469265580177307,0.30469265580177307,0.0,-0.11045683920383453,-0.1218642070889473,-10.171650886535645,0.0,0.0,0.0,0.0,0.0,0.0,0.0,0.0,0.0,0.0,0.0,0.0,0.0,0.0,0.0,0.30469274520874023,0.30469274520874023,0.304692804813385,0.30469274520874023,0.05070381611585617,0.04114978387951851,0.04114978387951851,0.6248087286949158,-0.7099860310554504,0.412584125995636,1.675193428993225,0.0,0.0,0.0,0.0,0.0,0.0,0.0
64387542353,0,0.012828304432332516,-0.17011483013629913,-0.11608187854290009,0.012828304432332516,-0.17011483013629913,-0.8160818815231323,0.036895785480737686,-0.10034232586622238,0.019727002829313278,0.0,0.0,0.0,-0.00842309184372425,-0.00010129275324288756,1.744942307472229,0.0,0.0,1.744942307472229,-0.05362774059176445,0.0151123758405447,-1.4192917346954346,0.07661183923482895,0.001011706073768437,0.013777351006865501,0.0,0.0,0.0,-1.2605363130569458,9.987674713134766,0.5,10.541694641113281,1.400570273399353,-10.0,-10.0,2.0,2.0,2.0,31.203922271728516,0.30204102396965027,0.28977540135383606,0.30357420444488525,0.29590821266174316,0.0,0.30469265580177307,0.30469265580177307,0.30469265580177307,0.30469265580177307,0.0,-0.11045683920383453,-0.1218642070889473,-10.171650886535645,0.0,0.0,0.0,0.0,0.0,0.0,0.0,0.0,0.0,0.0,0.0,0.0,0.0,0.0,0.0,0.30469274520874023,0.30469274520874023,0.304692804813385,0.30469274520874023,0.05209866538643837,0.04114978387951851,0.04114978387951851,0.6246012449264526,-0.9794355630874634,-0.17749617993831635,3.310739755630493,0.0,0.0,0.0,0.0,0.0,0.0,0.0
64399337798,0,0.014381795190274715,-0.17291061580181122,-0.11558614671230316,0.014885925687849522,-0.1738998293876648,-0.8154228925704956,0.0436704121530056,-0.10443048179149628,0.016423875465989113,0.0,0.0,0.0,-0.009993593208491802,-0.0006280918605625629,1.709989070892334,0.0,0.0,1.6992180347442627,-0.05636422336101532,-0.004005730152130127,-1.3502907752990723,0.07661183923482895,0.001011706073768437,0.013777351006865501,0.0,0.0,0.0,-1.2605363130569458,9.987674713134766,0.5,10.541694641113281,1.400570273399353,-10.0,-10.0,2.0,2.0,2.0,31.24846839904785,0.30204102396965027,0.28977540135383606,0.30357420444488525,0.29590821266174316,0.0,0.30469265580177307,0.30469265580177307,0.30469265580177307,0.30469265580177307,0.0,-0.250475138425827,-0.023119820281863213,-9.823555946350098,0.0,0.0,0.0,0.0,0.0,0.0,0.0,0.0,0.0,0.0,0.0,0.0,0.0,0.0,0.0,0.30469274520874023,0.30469274520874023,0.304692804813385,0.30469274520874023,0.05209866538643837,0.04114978387951851,0.04114978387951851,0.6246012449264526,-0.5927261114120483,-0.9889494776725769,4.890084266662598,0.0,0.0,0.0,0.0,0.0,0.0,0.0
64407666759,0,0.014885925687849522,-0.1738998293876648,-0.11542290449142456,0.014885925687849522,-0.1738998293876648,-0.8154228925704956,0.044620413333177567,-0.10808519273996353,0.017574865370988846,0.0,0.0,0.0,-0.010112312622368336,-0.001161667751148343,1.6992180347442627,0.0,0.0,1.6992180347442627,-0.04615524038672447,-0.020858511328697205,-1.2954250574111938,0.07984088361263275,0.010965976864099503,0.00648456858471036,0.0,0.0,0.0,-1.2734239101409912,10.04541015625,0.5,10.42260456085205,1.397653341293335,-10.0,-10.0,2.0,2.0,2.0,31.3179874420166,0.30204102396965027,0.28977540135383606,0.30357420444488525,0.29590821266174316,0.0,0.30469265580177307,0.30469265580177307,0.30469265580177307,0.30469265580177307,0.0,-0.37207555770874023,0.005308093503117561,-9.702204704284668,0.0,0.0,0.0,0.0,0.0,0.0,0.0,0.0,0.0,0.0,0.0,0.0,0.0,0.0,0.0,0.30469274520874023,0.30469274520874023,0.304692804813385,0.30469274520874023,0.05370788276195526,0.04114978387951851,0.04114978387951851,0.6264875531196594,0.1766720414161682,-1.3585422039031982,5.382771968841553,0.0,0.0,0.0,0.0,0.0,0.0,0.0
64417916578,0,0.014885925687849522,-0.1738998293876648,-0.11542290449142456,0.014885925687849522,-0.1738998293876648,-0.8154228925704956,0.044620413333177567,-0.10808519273996353,0.017574865370988846,0.0,0.0,0.0,-0.010112312622368336,-0.001161667751148343,1.6992180347442627,0.0,0.0,1.6992180347442627,-0.04615524038672447,-0.020858511328697205,-1.2954250574111938,0.07984088361263275,0.010965976864099503,0.00648456858471036,0.0,0.0,0.0,-1.2734239101409912,10.04541015625,0.5,10.42260456085205,1.397653341293335,-10.0,-10.0,2.0,2.0,2.0,31.3179874420166,0.3005078136920929,0.28977540135383606,0.30357420444488525,0.29744139313697815,0.0,0.30469265580177307,0.30469265580177307,0.30469265580177307,0.30469265580177307,0.0,-0.37207555770874023,0.005308093503117561,-9.702204704284668,0.0,0.0,0.0,0.0,0.0,0.0,0.0,0.0,0.0,0.0,0.0,0.0,0.0,0.0,0.0,0.30469274520874023,0.30469274520874023,0.304692804813385,0.30469274520874023,0.05370788276195526,0.04114978387951851,0.04114978387951851,0.6264875531196594,0.1766720414161682,-1.3585422039031982,5.382771968841553,0.0,0.0,0.0,0.0,0.0,0.0,0.0
64427336748,0,0.015837430953979492,-0.1759994775056839,-0.11511911451816559,0.015837430953979492,-0.1759994775056839,-0.8151190876960754,0.042368724942207336,-0.11125748604536057,0.012078933417797089,0.0,0.0,0.0,-0.010034587234258652,-0.0017812871374189854,1.6784597635269165,0.0,0.0,1.6784597635269165,-0.013161173090338707,-0.02641896903514862,-1.1801000833511353,0.07984088361263275,0.010965976864099503,0.00648456858471036,0.0,0.0,0.0,-1.3141964673995972,10.042821884155273,0.5,10.332958221435547,1.3950437307357788,-10.0,-10.0,2.0,2.0,2.0,31.381120681762695,0.30204102396965027,0.28977540135383606,0.30357420444488525,0.29590821266174316,0.0,0.30469265580177307,0.30469265580177307,0.30469265580177307,0.30469265580177307,0.0,-0.21470262110233307,0.15711674094200134,-10.160454750061035,0.0,0.0,0.0,0.0,0.0,0.0,0.0,0.0,0.0,0.0,0.0,0.0,0.0,0.0,0.0,0.30469274520874023,0.30469274520874023,0.304692804813385,0.30469274520874023,0.05221106857061386,0.04114978387951851,0.04114978387951851,0.6275306940078735,1.1642903089523315,-0.2980034649372101,5.625844478607178,0.0,0.0,0.0,0.0,0.0,0.0,0.0
64439216066,0,0.015837430953979492,-0.1759994775056839,-0.11511911451816559,0.015837430953979492,-0.1759994775056839,-0.8151190876960754,0.042368724942207336,-0.11125748604536057,0.012078933417797089,0.0,0.0,0.0,-0.010034587234258652,-0.0017812871374189854,1.6784597635269165,0.0,0.0,1.6784597635269165,-0.011074586771428585,-0.014958130195736885,-1.1102111339569092,0.08163087069988251,0.012885469943284988,0.005096249282360077,0.0,0.0,0.0,-1.308698296546936,10.024188041687012,0.4896516799926758,10.281184196472168,1.3940902948379517,-10.0,-10.0,2.0,2.0,2.0,31.071605682373047,0.30204102396965027,0.28977540135383606,0.30357420444488525,0.29744139313697815,0.0,0.30469265580177307,0.30469265580177307,0.30469265580177307,0.30469265580177307,0.0,-0.4284336268901825,0.1702340841293335,-9.830902099609375,0.0,0.0,0.0,0.0,0.0,0.0,0.0,0.0,0.0,0.0,0.0,0.0,0.0,0.0,0.0,0.30469274520874023,0.30469274520874023,0.304692804813385,0.30469274520874023,0.057737164199352264,0.04114978387951851,0.04114978387951851,0.6224116086959839,0.7313430905342102,0.3655249774456024,6.564455032348633,0.0,0.0,0.0,0.0,0.0,0.0,0.0
64447468144,0,0.01683320663869381,-0.17821329832077026,-0.11489436030387878,0.017333965748548508,-0.1793746054172516,-0.8147861957550049,0.04618896543979645,-0.11681924760341644,0.007498109247535467,0.0,0.0,0.0,-0.01053066086024046,-0.0018254705937579274,1.6611328125,0.0,0.0,1.653336524963379,-0.011074586771428585,-0.014958130195736885,-1.1102111339569092,0.08163087069988251,0.012885469943284988,0.005096249282360077,0.0,0.0,0.0,-1.308698296546936,10.024188041687012,0.4896516799926758,10.281184196472168,1.3940902948379517,-10.0,-10.0,2.0,2.0,2.0,31.071605682373047,0.30204102396965027,0.28977540135383606,0.30357420444488525,0.29744139313697815,0.0,0.30469265580177307,0.30469265580177307,0.30469265580177307,0.30469265580177307,0.0,-0.4284336268901825,0.1702340841293335,-9.830902099609375,0.0,0.0,0.0,0.0,0.0,0.0,0.0,0.0,0.0,0.0,0.0,0.0,0.0,0.0,0.0,0.30469274520874023,0.30469274520874023,0.304692804813385,0.30469274520874023,0.057737164199352264,0.04114978387951851,0.04114978387951851,0.6224116086959839,0.7313430905342102,0.3655249774456024,6.564455032348633,0.0,0.0,0.0,0.0,0.0,0.0,0.0
64465329212,0,0.017333965748548508,-0.1793746054172516,-0.11478617787361145,0.017333965748548508,-0.1793746054172516,-0.8147861957550049,0.04670155793428421,-0.12121957540512085,0.01195024698972702,0.0,0.0,0.0,-0.011037789285182953,-0.0020459089428186417,1.653336524963379,0.0,0.0,1.653336524963379,-0.03270397707819939,-0.015018968842923641,-0.9452572464942932,0.08968358486890793,0.01959698460996151,0.008959433995187283,0.0,0.0,0.0,-1.26405930519104,10.034873962402344,0.3327217102050781,10.308741569519043,1.3913764953613281,-10.0,-10.0,5.441226005554199,2.0,2.0,26.926897048950195,0.30204102396965027,0.28977540135383606,0.30357420444488525,0.29744139313697815,0.0,0.30469265580177307,0.30469265580177307,0.30469265580177307,0.30469265580177307,0.0,-0.4689798951148987,0.21076150238513947,-9.54328441619873,0.0,0.0,0.0,0.0,0.0,0.0,0.0,0.0,0.0,0.0,0.0,0.0,0.0,0.0,0.0,0.30469274520874023,0.30469274520874023,0.304692804813385,0.30469274520874023,0.1480308473110199,0.04114978387951851,0.04114978387951851,0.5527034401893616,-0.49296244978904724,-0.025777796283364296,7.41994047164917,0.0,0.0,0.0,0.0,0.0,0.0,0.0
64467842947,0,0.017333965748548508,-0.1793746054172516,-0.11478617787361145,0.017333965748548508,-0.1793746054172516,-0.8147861957550049,0.04670155793428421,-0.12121957540512085,0.01195024698972702,0.0,0.0,0.0,-0.011037789285182953,-0.0020459089428186417,1.653336524963379,0.0,0.0,1.653336524963379,-0.034391388297080994,-0.02522207424044609,-0.881905198097229,0.0912511795759201,0.023914724588394165,0.00828514713793993,0.0,0.0,0.0,-1.260991096496582,10.054126739501953,0.2749214172363281,10.32016372680664,1.390016794204712,-10.0,-10.0,6.991918087005615,2.0,2.0,25.42824935913086,0.30204102396965027,0.28977540135383606,0.30357420444488525,0.29744139313697815,0.0,0.30469265580177307,0.30469265580177307,0.30469265580177307,0.30469265580177307,0.0,-0.3318290412425995,0.04485122859477997,-9.952856063842773,0.0,0.0,0.0,0.0,0.0,0.0,0.0,0.0,0.0,0.0,0.0,0.0,0.0,0.0,0.0,0.30469274520874023,0.30469274520874023,0.304692804813385,0.30469274520874023,0.18027149140834808,0.04114978387951851,0.04114978387951851,0.5269434452056885,-0.3383069634437561,-0.49900269508361816,7.255739212036133,0.0,0.0,0.0,0.0,0.0,0.0,0.0
64479021414,0,0.018256599083542824,-0.18178807199001312,-0.11452421545982361,0.01915550045669079,-0.18431299924850464,-0.814363956451416,0.04423334449529648,-0.12740151584148407,0.013324972242116928,0.0,0.0,0.0,-0.011474058032035828,-0.003023936413228512,1.638997197151184,0.0,0.0,1.627364993095398,-0.034391388297080994,-0.02522207424044609,-0.881905198097229,0.0912511795759201,0.023914724588394165,0.00828514713793993,0.0,0.0,0.0,-1.260991096496582,10.054126739501953,0.2749214172363281,10.32016372680664,1.390016794204712,-10.0,-10.0,6.991918087005615,2.0,2.0,25.42824935913086,0.30204102396965027,0.28977540135383606,0.30357420444488525,0.29590821266174316,0.0,0.30469265580177307,0.30469265580177307,0.30469265580177307,0.30469265580177307,0.0,-0.3318290412425995,0.04485122859477997,-9.952856063842773,0.0,0.0,0.0,0.0,0.0,0.0,0.0,0.0,0.0,0.0,0.0,0.0,0.0,0.0,0.0,0.30469274520874023,0.30469274520874023,0.304692804813385,0.30469274520874023,0.18027149140834808,0.04114978387951851,0.04114978387951851,0.5269434452056885,-0.3383069634437561,-0.49900269508361816,7.255739212036133,0.0,0.0,0.0,0.0,0.0,0.0,0.0
64489649814,0,0.01915550045669079,-0.18431299924850464,-0.11436395347118378,0.01915550045669079,-0.18431299924850464,-0.814363956451416,0.048504989594221115,-0.13205908238887787,0.002722981618717313,0.0,0.0,0.0,-0.011603696271777153,-0.002528904937207699,1.627364993095398,0.0,0.0,1.627364993095398,-0.0209945198148489,-0.001952648046426475,-0.7252282500267029,0.0912511795759201,0.023914724588394165,0.00828514713793993,0.0,0.0,0.0,-1.2775923013687134,10.012553215026855,0.12859725952148438,10.345670700073242,1.390016794204712,-10.0,-10.0,10.730905532836914,2.0,2.0,21.574905395507812,0.3005078136920929,0.28977540135383606,0.30357420444488525,0.29590821266174316,0.0,0.30469265580177307,0.30469265580177307,0.30469265580177307,0.30469265580177307,0.0,-0.1699272245168686,-0.2828904092311859,-10.425700187683105,0.0,0.0,0.0,0.0,0.0,0.0,0.0,0.0,0.0,0.0,0.0,0.0,0.0,0.0,0.0,0.30469274520874023,0.30469274520874023,0.304692804813385,0.30469274520874023,0.18027149140834808,0.04114978387951851,0.04114978387951851,0.5269434452056885,0.39740699529647827,0.9402706027030945,7.461101055145264,0.0,0.0,0.0,0.0,0.0,0.0,0.0
64497820657,0,0.01915550045669079,-0.18431299924850464,-0.11436395347118378,0.020083041861653328,-0.18707357347011566,-0.8144088983535767,0.048504989594221115,-0.13205908238887787,0.002722981618717313,0.0,0.0,0.0,-0.011603696271777153,-0.002528904937207699,1.627364993095398,0.0,0.0,1.618323802947998,-0.0209945198148489,-0.001952648046426475,-0.7252282500267029,0.09233782440423965,0.018911466002464294,0.002994378563016653,0.0,0.0,0.0,-1.2775923013687134,10.012553215026855,0.12859725952148438,10.345670700073242,1.3868836164474487,-10.0,-10.0,10.730905532836914,2.0,2.0,21.574905395507812,0.3005078136920929,0.28977540135383606,0.30357420444488525,0.29744139313697815,0.0,0.30469265580177307,0.30469265580177307,0.30469265580177307,0.30469265580177307,0.0,-0.1699272245168686,-0.2828904092311859,-10.425700187683105,0.0,0.0,0.0,0.0,0.0,0.0,0.0,0.0,0.0,0.0,0.0,0.0,0.0,0.0,0.0,0.30469274520874023,0.30469274520874023,0.304692804813385,0.30469274520874023,0.2557416260242462,0.04114978387951851,0.04114978387951851,0.45925021171569824,0.39740699529647827,0.9402706027030945,7.461101055145264,0.0,0.0,0.0,0.0,0.0,0.0,0.0
64507528605,0,0.020083041861653328,-0.18707357347011566,-0.11440888792276382,0.020083041861653328,-0.18707357347011566,-0.8144088983535767,0.04973406344652176,-0.13758312165737152,-0.005929146893322468,0.0,0.0,0.0,-0.011468443088233471,-0.002222293522208929,1.6183239221572876,0.0,0.0,1.618323802947998,-0.0016995063051581383,0.01831330917775631,-0.5699427127838135,0.08963769674301147,0.018134837970137596,0.0022223335690796375,0.0,0.0,0.0,-1.3018587827682495,9.991459846496582,-0.017282485961914062,10.36777400970459,1.3842271566390991,-10.0,-10.0,14.478315353393555,2.0,2.0,17.765939712524414,0.3005078136920929,0.28977540135383606,0.30357420444488525,0.29590821266174316,0.0,0.30469265580177307,0.30469265580177307,0.30469265580177307,0.30469265580177307,0.0,-0.25210294127464294,0.05702272430062294,-10.181145668029785,0.0,0.0,0.0,0.0,0.0,0.0,0.0,0.0,0.0,0.0,0.0,0.0,0.0,0.0,0.0,0.30469274520874023,0.30469274520874023,0.304692804813385,0.30469274520874023,0.328463613986969,0.04114978387951851,0.04114978387951851,0.39010676741600037,0.89688640832901,0.8361266255378723,7.863232612609863,0.0,0.0,0.0,0.0,0.0,0.0,0.0
64517813932,0,0.020083041861653328,-0.18707357347011566,-0.11440888792276382,0.020083041861653328,-0.18707357347011566,-0.8144088983535767,0.04973406344652176,-0.13758312165737152,-0.005929146893322468,0.0,0.0,0.0,-0.011468443088233471,-0.002222293522208929,1.6183239221572876,0.0,0.0,1.618323802947998,0.008897271007299423,0.01207331195473671,-0.497856080532074,0.08816314488649368,0.019549556076526642,0.0019691442139446735,0.0,0.0,0.0,-1.3139749765396118,10.005790710449219,-0.0816488265991211,10.377389907836914,1.3830140829086304,-10.0,-10.0,16.16701889038086,2.0,2.0,16.117504119873047,0.3005078136920929,0.28977540135383606,0.30357420444488525,0.29590821266174316,0.0,0.30469265580177307,0.30469265580177307,0.30469265580177307,0.30469265580177307,0.0,-0.25210294127464294,0.05702272430062294,-10.181145668029785,0.0,0.0,0.0,0.0,0.0,0.0,0.0,0.0,0.0,0.0,0.0,0.0,0.0,0.0,0.0,0.30469274520874023,0.30469274520874023,0.304692804813385,0.30469274520874023,0.3650174140930176,0.04114978387951851,0.04114978387951851,0.35478872060775757,1.0061651468276978,0.16852234303951263,7.912781238555908,0.0,0.0,0.0,0.0,0.0,0.0,0.0
64528302827,0,0.020982177928090096,-0.18986889719963074,-0.11454745382070541,0.020982177928090096,-0.18986889719963074,-0.8145474195480347,0.05500078946352005,-0.1396995484828949,-0.008565966039896011,0.0,0.0,0.0,-0.011009319685399532,-0.0024918171111494303,1.6116453409194946,0.0,0.0,1.6116453409194946,0.008897271007299423,0.01207331195473671,-0.497856080532074,0.08816314488649368,0.019549556076526642,0.0019691442139446735,0.0,0.0,0.0,-1.3139749765396118,10.005790710449219,-0.0816488265991211,10.377389907836914,1.3830140829086304,-10.0,-10.0,16.16701889038086,2.0,2.0,16.117504119873047,0.3005078136920929,0.28977540135383606,0.30357420444488525,0.29590821266174316,0.0,0.30469265580177307,0.30469265580177307,0.30469265580177307,0.30469265580177307,0.0,0.24359650909900665,0.03167865797877312,-10.224963188171387,0.0,0.0,0.0,0.0,0.0,0.0,0.0,0.0,0.0,0.0,0.0,0.0,0.0,0.0,0.0,0.30469274520874023,0.30469274520874023,0.304692804813385,0.30469274520874023,0.3650174140930176,0.04114978387951851,0.04114978387951851,0.35478872060775757,1.0061651468276978,0.16852234303951263,7.912781238555908,0.0,0.0,0.0,0.0,0.0,0.0,0.0
64542383345,0,0.021443383768200874,-0.19126547873020172,-0.11464792490005493,0.021443383768200874,-0.19126547873020172,-0.814647912979126,0.05640299245715141,-0.13791169226169586,-0.012222866527736187,0.0,0.0,0.0,-0.010758679360151291,-0.00220391689799726,1.6087639331817627,0.0,0.0,1.6087639331817627,0.022054152563214302,0.01660134084522724,-0.3658261299133301,0.08324167877435684,0.01359543390572071,0.0030540642328560352,0.0,0.0,0.0,-1.3256118297576904,9.994970321655273,-0.18802165985107422,10.398256301879883,1.3810131549835205,-10.0,-10.0,18.908676147460938,2.0,2.0,13.346258163452148,0.3005078136920929,0.28977540135383606,0.30357420444488525,0.29590821266174316,0.0,0.30469265580177307,0.30469265580177307,0.30469265580177307,0.30469265580177307,0.0,0.24359650909900665,0.03167865797877312,-10.224963188171387,0.0,0.0,0.0,0.0,0.0,0.0,0.0,0.0,0.0,0.0,0.0,0.0,0.0,0.0,0.0,0.30469274520874023,0.30469274520874023,0.304692804813385,0.30469274520874023,0.41109684109687805,0.04114978387951851,0.04114978387951851,0.30678310990333557,0.7138965129852295,0.3975163400173187,6.532180309295654,0.0,0.0,0.0,0.0,0.0,0.0,0.0
64548946835,0,0.02237578295171261,-0.19401803612709045,-0.11495230346918106,0.02237578295171261,-0.19401803612709045,-0.8149523138999939,0.06086035817861557,-0.13643282651901245,-0.014780348166823387,0.0,0.0,0.0,-0.01015758328139782,-0.0010526879923418164,1.603790283203125,0.0,0.0,1.603790283203125,0.028814667835831642,0.048096440732479095,-0.2982797622680664,0.08324167877435684,0.01359543390572071,0.0030540642328560352,0.0,0.0,0.0,-1.3330670595169067,9.943516731262207,-0.23090267181396484,10.415693283081055,1.3810131549835205,-10.0,-10.0,19.936063766479492,2.0,2.0,12.14825439453125,0.2989746034145355,0.28977540135383606,0.30357420444488525,0.29590821266174316,0.0,0.30469265580177307,0.30469265580177307,0.30469265580177307,0.30469265580177307,0.0,0.003752281190827489,-0.32885634899139404,-9.590595245361328,0.0,0.0,0.0,0.0,0.0,0.0,0.0,0.0,0.0,0.0,0.0,0.0,0.0,0.0,0.0,0.30469274520874023,0.30469274520874023,0.304692804813385,0.30469274520874023,0.42978525161743164,0.04114978387951851,0.04114978387951851,0.2835717797279358,0.40295401215553284,1.2275997400283813,4.124808311462402,0.0,0.0,0.0,0.0,0.0,0.0,0.0
64557470670,0,0.02237578295171261,-0.19401803612709045,-0.11495230346918106,0.02237578295171261,-0.19401803612709045,-0.8149523138999939,0.06086035817861557,-0.13643282651901245,-0.014780348166823387,0.0,0.0,0.0,-0.01015758328139782,-0.0010526879923418164,1.603790283203125,0.0,0.0,1.603790283203125,0.028814667835831642,0.048096440732479095,-0.2982797622680664,0.07902230322360992,0.003889587474986911,0.003104659728705883,0.0,0.0,0.0,-1.3330670595169067,9.943516731262207,-0.23090267181396484,10.415693283081055,1.3792451620101929,-10.0,-10.0,19.936063766479492,2.0,2.0,12.14825439453125,0.2989746034145355,0.28977540135383606,0.30357420444488525,0.29590821266174316,0.0,0.30469265580177307,0.30469265580177307,0.30469265580177307,0.30469265580177307,0.0,0.003752281190827489,-0.32885634899139404,-9.590595245361328,0.0,0.0,0.0,0.0,0.0,0.0,0.0,0.0,0.0,0.0,0.0,0.0,0.0,0.0,0.0,0.30469274520874023,0.30469274520874023,0.304692804813385,0.30469274520874023,0.42978525161743164,0.04114978387951851,0.04114978387951851,0.2835717797279358,0.40295401215553284,1.2275997400283813,4.124808311462402,0.0,0.0,0.0,0.0,0.0,0.0,0.0
64567430627,0,0.02237578295171261,-0.19401803612709045,-0.11495230346918106,0.02237578295171261,-0.19401803612709045,-0.8149523138999939,0.06086035817861557,-0.13643282651901245,-0.014780348166823387,0.0,0.0,0.0,-0.01015758328139782,-0.0010526879923418164,1.603790283203125,0.0,0.0,1.603790283203125,0.02485532872378826,0.046309493482112885,-0.28816306591033936,0.07816611230373383,0.0034876845311373472,0.0031096944585442543,0.0,0.0,0.0,-1.3251440525054932,9.952116012573242,-0.23150062561035156,10.42429256439209,1.3782873153686523,-10.0,-10.0,19.977954864501953,2.0,2.0,12.13338851928711,0.2989746034145355,0.28977540135383606,0.30357420444488525,0.29590821266174316,0.0,0.30469265580177307,0.30469265580177307,0.30469265580177307,0.30469265580177307,0.0,0.11667212843894958,-0.24494965374469757,-9.327253341674805,0.0,0.0,0.0,0.0,0.0,0.0,0.0,0.0,0.0,0.0,0.0,0.0,0.0,0.0,0.0,0.30469274520874023,0.30469274520874023,0.304692804813385,0.30469274520874023,0.4305436611175537,0.04114978387951851,0.04114978387951851,0.2832821011543274,0.016750289127230644,0.5062033534049988,2.56626033782959,0.0,0.0,0.0,0.0,0.0,0.0,0.0
64577508315,0,0.023892834782600403,-0.19823476672172546,-0.11526548862457275,0.02439654991030693,-0.1996505856513977,-0.8153173923492432,0.06646247208118439,-0.13672702014446259,-0.002635442651808262,0.0,0.0,0.0,-0.009636810049414635,-0.0004103868268430233,1.5957605838775635,0.0,0.0,1.592562198638916,0.02485532872378826,0.046309493482112885,-0.28816306591033936,0.07816611230373383,0.0034876845311373472,0.0031096944585442543,0.0,0.0,0.0,-1.3251440525054932,9.952116012573242,-0.23150062561035156,10.42429256439209,1.3782873153686523,-10.0,-10.0,19.977954864501953,2.0,2.0,12.13338851928711,0.2989746034145355,0.28977540135383606,0.30357420444488525,0.29590821266174316,0.0,0.30469265580177307,0.30469265580177307,0.30469265580177307,0.30469265580177307,0.0,-0.04498383775353432,-0.08842995762825012,-9.347159385681152,0.0,0.0,0.0,0.0,0.0,0.0,0.0,0.0,0.0,0.0,0.0,0.0,0.0,0.0,0.0,0.30469274520874023,0.30469274520874023,0.304692804813385,0.30469274520874023,0.4305436611175537,0.04114978387951851,0.04114978387951851,0.2832821011543274,0.016750289127230644,0.5062033534049988,2.56626033782959,0.0,0.0,0.0,0.0,0.0,0.0,0.0
64587392168,0,0.02439654991030693,-0.1996505856513977,-0.11531738936901093,0.02439654991030693,-0.1996505856513977,-0.8153173923492432,0.06751105934381485,-0.1364593505859375,0.0001428148098057136,0.0,0.0,0.0,-0.009488817304372787,-0.0004403029743116349,1.592562198638916,0.0,0.0,1.592562198638916,0.017967859283089638,0.021170714870095253,-0.3155488073825836,0.07510043680667877,0.0032233858946710825,0.002126319333910942,0.0,0.0,0.0,-1.3167200088500977,9.989721298217773,-0.1959390640258789,10.43884563446045,1.376335620880127,-10.0,-10.0,19.112564086914062,2.0,2.0,13.110121726989746,0.2989746034145355,0.28977540135383606,0.30357420444488525,0.29590821266174316,0.0,0.30469265580177307,0.30469265580177307,0.30469265580177307,0.30469265580177307,0.0,0.030316149815917015,-0.039727792143821716,-9.460283279418945,0.0,0.0,0.0,0.0,0.0,0.0,0.0,0.0,0.0,0.0,0.0,0.0,0.0,0.0,0.0,0.30469274520874023,0.30469274520874023,0.304692804813385,0.30469274520874023,0.4148190915584564,0.04114978387951851,0.04114978387951851,0.30223000049591064,-0.24830029904842377,-0.7668618559837341,-0.4650193154811859,0.0,0.0,0.0,0.0,0.0,0.0,0.0
64597360304,0,0.02439654991030693,-0.1996505856513977,-0.11531738936901093,0.02439654991030693,-0.1996505856513977,-0.8153173923492432,0.06751105934381485,-0.1364593505859375,0.0001428148098057136,0.0,0.0,0.0,-0.009488817304372787,-0.0004403029743116349,1.592562198638916,0.0,0.0,1.592562198638916,0.01400934997946024,0.011972400359809399,-0.35421985387802124,0.07406408339738846,0.002791375620290637,0.0023675367701798677,0.0,0.0,0.0,-1.312051773071289,9.998867988586426,-0.1581106185913086,10.445955276489258,1.3751918077468872,-10.0,-10.0,18.144987106323242,2.0,2.0,14.105852127075195,0.2989746034145355,0.28977540135383606,0.30357420444488525,0.29590821266174316,0.0,0.30469265580177307,0.30469265580177307,0.30469265580177307,0.30469265580177307,0.0,0.030316149815917015,-0.039727792143821716,-9.460283279418945,0.0,0.0,0.0,0.0,0.0,0.0,0.0,0.0,0.0,0.0,0.0,0.0,0.0,0.0,0.0,0.30469274520874023,0.30469274520874023,0.304692804813385,0.30469274520874023,0.3970932364463806,0.04114978387951851,0.04114978387951851,0.32135695219039917,-0.30852511525154114,-0.804903507232666,-2.0404131412506104,0.0,0.0,0.0,0.0,0.0,0.0,0.0
64607705713,0,0.02539992891252041,-0.202517569065094,-0.11533508449792862,0.02539992891252041,-0.202517569065094,-0.8153350949287415,0.07047361135482788,-0.13648760318756104,0.005832885857671499,0.0,0.0,0.0,-0.009273027069866657,-0.0002916517260018736,1.5849448442459106,0.0,0.0,1.584944725036621,0.010830162093043327,0.007985281758010387,-0.3984663188457489,0.07406408339738846,0.002791375620290637,0.0023675367701798677,0.0,0.0,0.0,-1.3036397695541382,10.00517463684082,-0.0937356948852539,10.457993507385254,1.3751918077468872,-10.0,-10.0,16.484262466430664,2.0,2.0,15.784690856933594,0.2989746034145355,0.28977540135383606,0.30357420444488525,0.29590821266174316,0.0,0.30469265580177307,0.30469265580177307,0.30469265580177307,0.30469265580177307,0.0,0.07073727250099182,-0.12456982582807541,-9.469523429870605,0.0,0.0,0.0,0.0,0.0,0.0,0.0,0.0,0.0,0.0,0.0,0.0,0.0,0.0,0.0,0.30469274520874023,0.30469274520874023,0.304692804813385,0.30469274520874023,0.3970932364463806,0.04114978387951851,0.04114978387951851,0.32135695219039917,-0.3042308986186981,-0.5952498316764832,-3.0919904708862305,0.0,0.0,0.0,0.0,0.0,0.0,0.0
64618164755,0,0.026391375809907913,-0.20535670220851898,-0.11526311933994293,0.026391375809907913,-0.20535670220851898,-0.8152630925178528,0.07218173891305923,-0.1358337551355362,0.0093711968511343,0.0,0.0,0.0,-0.009198416955769062,-0.0004364998603705317,1.5762901306152344,0.0,0.0,1.576290249824524,0.010830162093043327,0.007985281758010387,-0.3984663188457489,0.07317925244569778,0.0027985682245343924,0.0026370950508862734,0.0,0.0,0.0,-1.3036397695541382,10.00517463684082,-0.0937356948852539,10.457993507385254,1.372910737991333,-10.0,-10.0,16.484262466430664,2.0,2.0,15.784690856933594,0.2989746034145355,0.28977540135383606,0.30357420444488525,0.29590821266174316,0.0,0.30469265580177307,0.30469265580177307,0.30469265580177307,0.30469265580177307,0.0,0.13757887482643127,0.0005780418287031353,-9.747760772705078,0.0,0.0,0.0,0.0,0.0,0.0,0.0,0.0,0.0,0.0,0.0,0.0,0.0,0.0,0.0,0.30469274520874023,0.30469274520874023,0.304692804813385,0.30469274520874023,0.36630165576934814,0.04114978387951851,0.04114978387951851,0.3531877398490906,-0.3042308986186981,-0.5952498316764832,-3.0919904708862305,0.0,0.0,0.0,0.0,0.0,0.0,0.0
64627749023,0,0.026877613738179207,-0.20674896240234375,-0.11521773785352707,0.026877613738179207,-0.20674896240234375,-0.8152177333831787,0.07023012638092041,-0.13424091041088104,0.008050248958170414,0.0,0.0,0.0,-0.009153072722256184,-0.0006554983556270599,1.5716146230697632,0.0,0.0,1.5716145038604736,0.0033497235272079706,-0.0041174753569066525,-0.47588592767715454,0.07317925244569778,0.0027985682245343924,0.0026370950508862734,0.0,0.0,0.0,-1.3036397695541382,10.00517463684082,-0.0937356948852539,10.457993507385254,1.372910737991333,-10.0,-10.0,15.842084884643555,2.0,2.0,16.456361770629883,0.2989746034145355,0.28977540135383606,0.30357420444488525,0.29590821266174316,0.0,0.30469265580177307,0.30469265580177307,0.30469265580177307,0.30469265580177307,0.0,0.13757887482643127,0.0005780418287031353,-9.747760772705078,0.0,0.0,0.0,0.0,0.0,0.0,0.0,0.0,0.0,0.0,0.0,0.0,0.0,0.0,0.0,0.30469274520874023,0.30469274520874023,0.304692804813385,0.30469274520874023,0.36630165576934814,0.04114978387951851,0.04114978387951851,0.3531877398490906,-0.3583912253379822,-0.6417114734649658,-3.6639256477355957,0.0,0.0,0.0,0.0,0.0,0.0,0.0
64638469322,0,0.026877613738179207,-0.20674896240234375,-0.11521773785352707,0.026877613738179207,-0.20674896240234375,-0.8152177333831787,0.07023012638092041,-0.13424091041088104,0.008050248958170414,0.0,0.0,0.0,-0.009153072722256184,-0.0006554983556270599,1.5716146230697632,0.0,0.0,1.5716145038604736,0.0013227832969278097,-0.013038480654358864,-0.5106204152107239,0.07317925244569778,0.0027985682245343924,0.0026370950508862734,0.0,0.0,0.0,-1.29615318775177,10.027602195739746,-0.047461509704589844,10.469534873962402,1.370208740234375,-10.0,-10.0,15.321501731872559,2.0,2.0,17.017873764038086,0.2989746034145355,0.28977540135383606,0.30357420444488525,0.29590821266174316,0.0,0.30469265580177307,0.30469265580177307,0.30469265580177307,0.30469265580177307,0.0,0.18261538445949554,0.14592568576335907,-9.865107536315918,0.0,0.0,0.0,0.0,0.0,0.0,0.0,0.0,0.0,0.0,0.0,0.0,0.0,0.0,0.0,0.30469274520874023,0.30469274520874023,0.304692804813385,0.30469274520874023,0.3444569706916809,0.04114978387951851,0.04114978387951851,0.3762470781803131,-0.28293338418006897,-0.7373175024986267,-3.4743471145629883,0.0,0.0,0.0,0.0,0.0,0.0,0.0
64647275712,0,0.026877613738179207,-0.20674896240234375,-0.11521773785352707,0.026877613738179207,-0.20674896240234375,-0.8152177333831787,0.07023012638092041,-0.13424091041088104,0.008050248958170414,0.0,0.0,0.0,-0.009153072722256184,-0.0006554983556270599,1.5716146230697632,0.0,0.0,1.5716145038604736,0.0006355575751513243,-0.017659911885857582,-0.534918487071991,0.07199174910783768,0.008528916165232658,0.00604793056845665,0.0,0.0,0.0,-1.2957137823104858,10.03249740600586,-0.037093162536621094,10.474109649658203,1.3690037727355957,-10.0,-10.0,15.058820724487305,2.0,2.0,17.2960147857666,0.2989746034145355,0.28977540135383606,0.30357420444488525,0.29590821266174316,0.0,0.30469265580177307,0.30469265580177307,0.30469265580177307,0.30469265580177307,0.0,0.18261538445949554,0.14592568576335907,-9.865107536315918,0.0,0.0,0.0,0.0,0.0,0.0,0.0,0.0,0.0,0.0,0.0,0.0,0.0,0.0,0.0,0.30469274520874023,0.30469274520874023,0.304692804813385,0.30469274520874023,0.3394884765148163,0.04114978387951851,0.04114978387951851,0.3814113140106201,-0.19338275492191315,-0.6309011578559875,-3.1291775703430176,0.0,0.0,0.0,0.0,0.0,0.0,0.0
64659620506,0,0.027787476778030396,-0.20965003967285156,-0.11516163498163223,0.027787476778030396,-0.20965003967285156,-0.8151616454124451,0.0678258016705513,-0.1309736669063568,0.005385810974985361,0.0,0.0,0.0,-0.009054502472281456,-0.0010819343151524663,1.5617340803146362,0.0,0.0,1.5617341995239258,-0.001998351654037833,-0.01633869670331478,-0.5589924454689026,0.07199174910783768,0.008528916165232658,0.00604793056845665,0.0,0.0,0.0,-1.2957137823104858,10.03249740600586,-0.037093162536621094,10.474109649658203,1.3690037727355957,-10.0,-10.0,15.058820724487305,2.0,2.0,17.2960147857666,0.2989746034145355,0.28977540135383606,0.30357420444488525,0.29590821266174316,0.0,0.30469265580177307,0.30469265580177307,0.30469265580177307,0.30469265580177307,0.0,0.2767222821712494,0.12364495545625687,-9.911667823791504,0.0,0.0,0.0,0.0,0.0,0.0,0.0,0.0,0.0,0.0,0.0,0.0,0.0,0.0,0.0,0.30469274520874023,0.30469274520874023,0.304692804813385,0.30469274520874023,0.3394884765148163,0.04114978387951851,0.04114978387951851,0.3814113140106201,-0.23451249301433563,-0.24846811592578888,-2.7166287899017334,0.0,0.0,0.0,0.0,0.0,0.0,0.0
64667351730,0,0.028617024421691895,-0.2124853879213333,-0.1151290088891983,0.028617024421691895,-0.2124853879213333,-0.8151289820671082,0.06486392766237259,-0.12698937952518463,0.006013866513967514,0.0,0.0,0.0,-0.009215225465595722,-0.00115865096449852,1.5511635541915894,0.0,0.0,1.5511634349822998,-0.007391672115772963,-0.010558528825640678,-0.5807409882545471,0.0740562379360199,0.008594761602580547,0.003326884936541319,0.0,0.0,0.0,-1.2816567420959473,10.018214225769043,-0.0194549560546875,10.483970642089844,1.3660619258880615,-10.0,-10.0,14.596487045288086,2.0,2.0,17.710887908935547,0.2989746034145355,0.28977540135383606,0.30357420444488525,0.29590821266174316,0.0,0.30469265580177307,0.30469265580177307,0.30469265580177307,0.30469265580177307,0.0,0.27296534180641174,0.2050764560699463,-9.784650802612305,0.0,0.0,0.0,0.0,0.0,0.0,0.0,0.0,0.0,0.0,0.0,0.0,0.0,0.0,0.0,0.30469274520874023,0.30469274520874023,0.304692804813385,0.30469274520874023,0.33071303367614746,0.04114978387951851,0.04114978387951851,0.38909000158309937,-0.3742714524269104,0.1476862132549286,-2.4094767570495605,0.0,0.0,0.0,0.0,0.0,0.0,0.0
64678689698,0,0.02941708452999592,-0.21523985266685486,-0.11503500491380692,0.02941708452999592,-0.21523985266685486,-0.8150349855422974,0.06411463022232056,-0.12270276248455048,0.010261290706694126,0.0,0.0,0.0,-0.009673901833593845,-0.0013739499263465405,1.5393449068069458,0.0,0.0,1.5393449068069458,-0.02178756147623062,-0.008406274951994419,-0.6392475366592407,0.0740562379360199,0.008594761602580547,0.003326884936541319,0.0,0.0,0.0,-1.2816567420959473,10.018214225769043,-0.0194549560546875,10.483970642089844,1.3660619258880615,-10.0,-10.0,13.617149353027344,2.0,2.0,18.692930221557617,0.2989746034145355,0.28977540135383606,0.30357420444488525,0.29590821266174316,0.0,0.30469265580177307,0.30469265580177307,0.30469265580177307,0.30469265580177307,0.0,0.2843239903450012,0.07856854796409607,-9.531854629516602,0.0,0.0,0.0,0.0,0.0,0.0,0.0,0.0,0.0,0.0,0.0,0.0,0.0,0.0,0.0,0.30469274520874023,0.30469274520874023,0.304692804813385,0.30469274520874023,0.33071303367614746,0.04114978387951851,0.04114978387951851,0.38909000158309937,-0.6441497802734375,0.03524811938405037,-2.943899154663086,0.0,0.0,0.0,0.0,0.0,0.0,0.0
64687546208,0,0.02941708452999592,-0.21523985266685486,-0.11503500491380692,0.02941708452999592,-0.21523985266685486,-0.8150349855422974,0.06411463022232056,-0.12270276248455048,0.010261290706694126,0.0,0.0,0.0,-0.009673901833593845,-0.0013739499263465405,1.5393449068069458,0.0,0.0,1.5393449068069458,-0.026373974978923798,-0.01361032947897911,-0.6808500289916992,0.07792597264051437,0.01190950721502304,0.0038849790580570698,0.0,0.0,0.0,-1.2568020820617676,10.019963264465332,0.019577980041503906,10.492210388183594,1.3629571199417114,-10.0,-10.0,12.802518844604492,2.0,2.0,19.5379695892334,0.2989746034145355,0.28977540135383606,0.30357420444488525,0.2943750023841858,0.0,0.30469265580177307,0.30469265580177307,0.30469265580177307,0.30469265580177307,0.0,0.2843239903450012,0.07856854796409607,-9.531854629516602,0.0,0.0,0.0,0.0,0.0,0.0,0.0,0.0,0.0,0.0,0.0,0.0,0.0,0.0,0.0,0.30469274520874023,0.30469274520874023,0.304692804813385,0.30469274520874023,0.3119930624961853,0.04114978387951851,0.04114978387951851,0.40715041756629944,-0.5348790287971497,-0.22705861926078796,-3.4406561851501465,0.0,0.0,0.0,0.0,0.0,0.0,0.0
64697292059,0,0.02941708452999592,-0.21523985266685486,-0.11503500491380692,0.02941708452999592,-0.21523985266685486,-0.8150349855422974,0.06411463022232056,-0.12270276248455048,0.010261290706694126,0.0,0.0,0.0,-0.009673901833593845,-0.0013739499263465405,1.5393449068069458,0.0,0.0,1.5393449068069458,-0.026373974978923798,-0.01361032947897911,-0.6808500289916992,0.07944177836179733,0.013946489430963993,0.004022660665214062,0.0,0.0,0.0,-1.2499464750289917,10.029827117919922,0.05173492431640625,10.496326446533203,1.361111044883728,-10.0,-10.0,12.802518844604492,2.0,2.0,19.5379695892334,0.2989746034145355,0.28977540135383606,0.30357420444488525,0.29590821266174316,0.0,0.30469265580177307,0.30469265580177307,0.30469265580177307,0.30469265580177307,0.0,0.2843239903450012,0.07856854796409607,-9.531854629516602,0.0,0.0,0.0,0.0,0.0,0.0,0.0,0.0,0.0,0.0,0.0,0.0,0.0,0.0,0.0,0.30469274520874023,0.30469274520874023,0.304692804813385,0.30469274520874023,0.29628294706344604,0.04114978387951851,0.04114978387951851,0.42256397008895874,-0.5348790287971497,-0.22705861926078796,-3.4406561851501465,0.0,0.0,0.0,0.0,0.0,0.0,0.0
64708494633,0,0.03021240048110485,-0.2178516834974289,-0.11491411179304123,0.03021240048110485,-0.2178516834974289,-0.8149141073226929,0.0638507530093193,-0.11696980893611908,0.008033182471990585,0.0,0.0,0.0,-0.010093961842358112,-0.001889083068817854,1.5260818004608154,0.0,0.0,1.5260818004608154,-0.026373974978923798,-0.01361032947897911,-0.6808500289916992,0.07944177836179733,0.013946489430963993,0.004022660665214062,0.0,0.0,0.0,-1.2499464750289917,10.029827117919922,0.05173492431640625,10.496326446533203,1.361111044883728,-10.0,-10.0,12.802518844604492,2.0,2.0,19.5379695892334,0.2989746034145355,0.28977540135383606,0.30357420444488525,0.29590821266174316,0.0,0.30469265580177307,0.30469265580177307,0.30469265580177307,0.30469265580177307,0.0,0.36164307594299316,-0.1494845151901245,-9.862800598144531,0.0,0.0,0.0,0.0,0.0,0.0,0.0,0.0,0.0,0.0,0.0,0.0,0.0,0.0,0.0,0.30469274520874023,0.30469274520874023,0.304692804813385,0.30469274520874023,0.29628294706344604,0.04114978387951851,0.04114978387951851,0.42256397008895874,-0.5348790287971497,-0.22705861926078796,-3.4406561851501465,0.0,0.0,0.0,0.0,0.0,0.0,0.0
64718400959,0,0.03063022531569004,-0.21911779046058655,-0.11487320810556412,0.03063022531569004,-0.21911779046058655,-0.814873218536377,0.06674767285585403,-0.1141645759344101,0.007148460950702429,0.0,0.0,0.0,-0.01028869953006506,-0.0021561281755566597,1.519002914428711,0.0,0.0,1.519002914428711,-0.027813535183668137,-0.02043044939637184,-0.757652223110199,0.08331464976072311,0.018445566296577454,0.008810155093669891,0.0,0.0,0.0,-1.2456108331680298,10.041051864624023,0.10592079162597656,10.503458976745605,1.3575332164764404,-10.0,-10.0,11.409852027893066,2.0,2.0,20.965124130249023,0.2989746034145355,0.28977540135383606,0.30357420444488525,0.2943750023841858,0.0,0.30469265580177307,0.30469265580177307,0.30469265580177307,0.30469265580177307,0.0,0.36164307594299316,-0.1494845151901245,-9.862800598144531,0.0,0.0,0.0,0.0,0.0,0.0,0.0,0.0,0.0,0.0,0.0,0.0,0.0,0.0,0.0,0.30469274520874023,0.30469274520874023,0.304692804813385,0.30469274520874023,0.2691238820552826,0.04114978387951851,0.04114978387951851,0.44833576679229736,-0.18623830378055573,-0.2745988070964813,-3.7885169982910156,0.0,0.0,0.0,0.0,0.0,0.0,0.0
64727270069,0,0.03146012872457504,-0.2215779721736908,-0.11476431787014008,0.03146012872457504,-0.2215779721736908,-0.8147643208503723,0.06745702028274536,-0.10899142175912857,0.01165601797401905,0.0,0.0,0.0,-0.010617892257869244,-0.002416380913928151,1.5038342475891113,0.0,0.0,1.5038342475891113,-0.026565052568912506,-0.01649336889386177,-0.8090178370475769,0.08331464976072311,0.018445566296577454,0.008810155093669891,0.0,0.0,0.0,-1.2456108331680298,10.041051864624023,0.10592079162597656,10.503458976745605,1.3575332164764404,-10.0,-10.0,10.328917503356934,2.0,2.0,22.02543067932129,0.2989746034145355,0.28977540135383606,0.30357420444488525,0.29590821266174316,0.0,0.30469265580177307,0.30469265580177307,0.30469265580177307,0.30469265580177307,0.0,0.36164307594299316,-0.1494845151901245,-9.862800598144531,0.0,0.0,0.0,0.0,0.0,0.0,0.0,0.0,0.0,0.0,0.0,0.0,0.0,0.0,0.0,0.30469274520874023,0.30469274520874023,0.304692804813385,0.30469274520874023,0.2691238820552826,0.04114978387951851,0.04114978387951851,0.44833576679229736,-0.0259083341807127,0.06036049500107765,-4.071288108825684,0.0,0.0,0.0,0.0,0.0,0.0,0.0
64737683128,0,0.03146012872457504,-0.2215779721736908,-0.11476431787014008,0.03146012872457504,-0.2215779721736908,-0.8147643208503723,0.06745702028274536,-0.10899142175912857,0.01165601797401905,0.0,0.0,0.0,-0.010617892257869244,-0.002416380913928151,1.5038342475891113,0.0,0.0,1.5038342475891113,-0.02423887699842453,-0.011359076015651226,-0.8606837391853333,0.08444183319807053,0.019077928736805916,0.009422718547284603,0.0,0.0,0.0,-1.24402916431427,10.034967422485352,0.14696216583251953,10.507580757141113,1.355295181274414,-10.0,-10.0,10.328917503356934,2.0,2.0,22.02543067932129,0.2989746034145355,0.28977540135383606,0.30357420444488525,0.29590821266174316,0.0,0.30469265580177307,0.30469265580177307,0.30469265580177307,0.30469265580177307,0.0,0.31504732370376587,0.02545202150940895,-9.491620063781738,0.0,0.0,0.0,0.0,0.0,0.0,0.0,0.0,0.0,0.0,0.0,0.0,0.0,0.0,0.0,0.30469274520874023,0.30469274520874023,0.304692804813385,0.30469274520874023,0.24777327477931976,0.04114978387951851,0.04114978387951851,0.4672776162624359,0.08962444961071014,0.2679218053817749,-4.491469860076904,0.0,0.0,0.0,0.0,0.0,0.0,0.0
64747166718,0,0.03188120946288109,-0.222773015499115,-0.11467044055461884,0.03188120946288109,-0.222773015499115,-0.8146704435348511,0.0683119148015976,-0.10635372251272202,0.014622604474425316,0.0,0.0,0.0,-0.010744495317339897,-0.002535509178414941,1.4954699277877808,0.0,0.0,1.4954699277877808,-0.02423887699842453,-0.011359076015651226,-0.8606837391853333,0.0861474797129631,0.020318932831287384,0.005210454575717449,0.0,0.0,0.0,-1.24454927444458,10.028694152832031,0.1868762969970703,10.511091232299805,1.3533437252044678,-10.0,-10.0,9.273876190185547,2.0,2.0,23.059438705444336,0.2989746034145355,0.28977540135383606,0.30357420444488525,0.29590821266174316,0.0,0.30469265580177307,0.30469265580177307,0.30469265580177307,0.30469265580177307,0.0,0.3139398992061615,-0.05298660323023796,-9.466789245605469,0.0,0.0,0.0,0.0,0.0,0.0,0.0,0.0,0.0,0.0,0.0,0.0,0.0,0.0,0.0,0.30469274520874023,0.30469274520874023,0.304692804813385,0.30469274520874023,0.22669720649719238,0.04114978387951851,0.04114978387951851,0.4855864346027374,0.08962444961071014,0.2679218053817749,-4.491469860076904,0.0,0.0,0.0,0.0,0.0,0.0,0.0
64757270837,0,0.03188120946288109,-0.222773015499115,-0.11467044055461884,0.03188120946288109,-0.222773015499115,-0.8146704435348511,0.0683119148015976,-0.10635372251272202,0.014622604474425316,0.0,0.0,0.0,-0.010744495317339897,-0.002535509178414941,1.4954699277877808,0.0,0.0,1.4954699277877808,-0.024171149358153343,-0.008755436167120934,-0.948460578918457,0.08927597850561142,0.023540526628494263,0.005403394810855389,0.0,0.0,0.0,-1.2374215126037598,10.02979564666748,0.24947166442871094,10.516977310180664,1.3499867916107178,-10.0,-10.0,7.648527145385742,2.0,2.0,24.673152923583984,0.2989746034145355,0.28977540135383606,0.30357420444488525,0.29590821266174316,0.0,0.30469265580177307,0.30469265580177307,0.30469265580177307,0.30469265580177307,0.0,0.3139398992061615,-0.05298660323023796,-9.466789245605469,0.0,0.0,0.0,0.0,0.0,0.0,0.0,0.0,0.0,0.0,0.0,0.0,0.0,0.0,0.0,0.30469274520874023,0.30469274520874023,0.304692804813385,0.30469274520874023,0.1937512755393982,0.04114978387951851,0.04114978387951851,0.5138468742370605,0.004765596706420183,0.15094853937625885,-4.695291042327881,0.0,0.0,0.0,0.0,0.0,0.0,0.0
64767080410,0,0.0331706777215004,-0.22629381716251373,-0.11435960978269577,0.0331706777215004,-0.22629381716251373,-0.8143596053123474,0.07335959374904633,-0.10188983380794525,0.014458032324910164,0.0,0.0,0.0,-0.011309684254229069,-0.003097708337008953,1.4686473608016968,0.0,0.0,1.4686473608016968,-0.028606193140149117,-0.01715710386633873,-1.0109856128692627,0.08927597850561142,0.023540526628494263,0.005403394810855389,0.0,0.0,0.0,-1.222647786140442,10.04914379119873,0.27426719665527344,10.523277282714844,1.3499867916107178,-10.0,-10.0,7.05491828918457,2.0,2.0,25.340341567993164,0.2989746034145355,0.28977540135383606,0.30357420444488525,0.29590821266174316,0.0,0.30469265580177307,0.30469265580177307,0.30469265580177307,0.30469265580177307,0.0,0.2038908451795578,-0.1115480437874794,-9.883928298950195,0.0,0.0,0.0,0.0,0.0,0.0,0.0,0.0,0.0,0.0,0.0,0.0,0.0,0.0,0.0,0.30469274520874023,0.30469274520874023,0.304692804813385,0.30469274520874023,0.1937512755393982,0.04114978387951851,0.04114978387951851,0.5138468742370605,-0.18999116122722626,-0.30833300948143005,-3.506625175476074,0.0,0.0,0.0,0.0,0.0,0.0,0.0
64800991245,0,0.0331706777215004,-0.22629381716251373,-0.11435960978269577,0.0331706777215004,-0.22629381716251373,-0.8143596053123474,0.07335959374904633,-0.10188983380794525,0.014458032324910164,0.0,0.0,0.0,-0.011309684254229069,-0.003097708337008953,1.4686473608016968,0.0,0.0,1.4686473608016968,-0.028606193140149117,-0.01715710386633873,-1.0109856128692627,0.09305663406848907,0.028903527185320854,0.005652053747326136,0.0,0.0,0.0,-1.222647786140442,10.04914379119873,0.27426719665527344,10.523277282714844,1.3462104797363281,-10.0,-10.0,7.05491828918457,2.0,2.0,25.340341567993164,0.2989746034145355,0.28977540135383606,0.30357420444488525,0.29590821266174316,0.0,0.30469265580177307,0.30469265580177307,0.30469265580177307,0.30469265580177307,0.0,0.12656307220458984,-0.05765455588698387,-9.864326477050781,0.0,0.0,0.0,0.0,0.0,0.0,0.0,0.0,0.0,0.0,0.0,0.0,0.0,0.0,0.0,0.30469274520874023,0.30469274520874023,0.304692804813385,0.30469274520874023,0.18156903982162476,0.04114978387951851,0.04114978387951851,0.5254228711128235,-0.18999116122722626,-0.30833300948143005,-3.506625175476074,0.0,0.0,0.0,0.0,0.0,0.0,0.0
64801080772,0,0.0340120829641819,-0.22860732674598694,-0.11419297754764557,0.0340120829641819,-0.22860732674598694,-0.8141929507255554,0.07475855946540833,-0.10023090243339539,0.013352274894714355,0.0,0.0,0.0,-0.011859732680022717,-0.003829364664852619,1.4501482248306274,0.0,0.0,1.450148344039917,-0.03249746188521385,-0.023680666461586952,-1.030403733253479,0.09305663406848907,0.028903527185320854,0.005652053747326136,0.0,0.0,0.0,-1.222647786140442,10.04914379119873,0.27426719665527344,10.523277282714844,1.3462104797363281,-10.0,-10.0,7.05491828918457,2.0,2.0,25.340341567993164,0.2989746034145355,0.28977540135383606,0.30357420444488525,0.29590821266174316,0.0,0.30469265580177307,0.30469265580177307,0.30469265580177307,0.30469265580177307,0.0,0.0612051747739315,0.04889605566859245,-9.89531135559082,0.0,0.0,0.0,0.0,0.0,0.0,0.0,0.0,0.0,0.0,0.0,0.0,0.0,0.0,0.0,0.30469274520874023,0.30469274520874023,0.304692804813385,0.30469274520874023,0.18156903982162476,0.04114978387951851,0.04114978387951851,0.5254228711128235,-0.26882311701774597,-0.4547741711139679,-2.6917903423309326,0.0,0.0,0.0,0.0,0.0,0.0,0.0
64801095867,0,0.03443828225135803,-0.22975215315818787,-0.11411876231431961,0.03443828225135803,-0.22975215315818787,-0.8141187429428101,0.07443306595087051,-0.0995638519525528,0.012092916294932365,0.0,0.0,0.0,-0.012113616801798344,-0.004194715525954962,1.440735936164856,0.0,0.0,1.440735936164856,-0.03415411710739136,-0.026936791837215424,-1.0429843664169312,0.09694773703813553,0.03471340239048004,0.005723034031689167,0.0,0.0,0.0,-1.2087613344192505,10.065725326538086,0.2783088684082031,10.52951717376709,1.3421674966812134,-10.0,-10.0,6.997589588165283,2.0,2.0,25.449745178222656,0.2989746034145355,0.28977540135383606,0.30357420444488525,0.2943750023841858,0.0,0.30469265580177307,0.30469265580177307,0.30469265580177307,0.30469265580177307,0.0,0.0612051747739315,0.04889605566859245,-9.89531135559082,0.0,0.0,0.0,0.0,0.0,0.0,0.0,0.0,0.0,0.0,0.0,0.0,0.0,0.0,0.0,0.30469274520874023,0.30469274520874023,0.304692804813385,0.30469274520874023,0.18038833141326904,0.04114978387951851,0.04114978387951851,0.5273151397705078,-0.2304300218820572,-0.407524973154068,-2.129587411880493,0.0,0.0,0.0,0.0,0.0,0.0,0.0
64807541582,0,0.03443828225135803,-0.22975215315818787,-0.11411876231431961,0.03443828225135803,-0.22975215315818787,-0.8141187429428101,0.07443306595087051,-0.0995638519525528,0.012092916294932365,0.0,0.0,0.0,-0.012113616801798344,-0.004194715525954962,1.440735936164856,0.0,0.0,1.440735936164856,-0.035775721073150635,-0.024409636855125427,-1.0556700229644775,0.10012217611074448,0.03683170676231384,0.011532298289239407,0.0,0.0,0.0,-1.202776312828064,10.061285972595215,0.2800416946411133,10.532855033874512,1.3398972749710083,-10.0,-10.0,6.954505920410156,2.0,2.0,25.4780330657959,0.2989746034145355,0.28977540135383606,0.30357420444488525,0.29590821266174316,0.0,0.30469265580177307,0.30469265580177307,0.30469265580177307,0.30469265580177307,0.0,0.0612051747739315,0.04889605566859245,-9.89531135559082,0.0,0.0,0.0,0.0,0.0,0.0,0.0,0.0,0.0,0.0,0.0,0.0,0.0,0.0,0.0,0.30469274520874023,0.30469274520874023,0.304692804813385,0.30469274520874023,0.17950041592121124,0.04114978387951851,0.04114978387951851,0.5278043150901794,-0.18142394721508026,-0.08206017315387726,-1.684736728668213,0.0,0.0,0.0,0.0,0.0,0.0,0.0
64817603297,0,0.035270631313323975,-0.2320527732372284,-0.11396605521440506,0.03568670153617859,-0.23320382833480835,-0.8138779997825623,0.07645488530397415,-0.09856827557086945,0.012510989792644978,0.0,0.0,0.0,-0.012585228309035301,-0.004657024517655373,1.4215775728225708,0.0,0.0,1.4119566679000854,-0.035775721073150635,-0.024409636855125427,-1.0556700229644775,0.10012217611074448,0.03683170676231384,0.011532298289239407,0.0,0.0,0.0,-1.202776312828064,10.061285972595215,0.2800416946411133,10.532855033874512,1.3398972749710083,-10.0,-10.0,6.954505920410156,2.0,2.0,25.4780330657959,0.2989746034145355,0.28977540135383606,0.30357420444488525,0.29590821266174316,0.0,0.30469265580177307,0.30469265580177307,0.30469265580177307,0.30469265580177307,0.0,0.12998388707637787,-0.006723290309309959,-9.809626579284668,0.0,0.0,0.0,0.0,0.0,0.0,0.0,0.0,0.0,0.0,0.0,0.0,0.0,0.0,0.0,0.30469274520874023,0.30469274520874023,0.304692804813385,0.30469274520874023,0.17950041592121124,0.04114978387951851,0.04114978387951851,0.5278043150901794,-0.18142394721508026,-0.08206017315387726,-1.684736728668213,0.0,0.0,0.0,0.0,0.0,0.0,0.0
64827119056,0,0.03568670153617859,-0.23320382833480835,-0.11387801170349121,0.03568670153617859,-0.23320382833480835,-0.8138779997825623,0.07648659497499466,-0.09697984904050827,0.01353069394826889,0.0,0.0,0.0,-0.012881480157375336,-0.004844643175601959,1.4119566679000854,0.0,0.0,1.4119566679000854,-0.03786969557404518,-0.016376152634620667,-1.0706199407577515,0.10470522195100784,0.04025321453809738,0.011592840775847435,0.0,0.0,0.0,-1.191776990890503,10.05407428741455,0.2824068069458008,10.539012908935547,1.3355458974838257,-10.0,-10.0,6.898284435272217,2.0,2.0,25.51012420654297,0.2989746034145355,0.28977540135383606,0.30357420444488525,0.29590821266174316,0.0,0.30469265580177307,0.30469265580177307,0.30469265580177307,0.30469265580177307,0.0,0.17820733785629272,0.05759219825267792,-9.92742919921875,0.0,0.0,0.0,0.0,0.0,0.0,0.0,0.0,0.0,0.0,0.0,0.0,0.0,0.0,0.0,0.30469274520874023,0.30469274520874023,0.304692804813385,0.30469274520874023,0.17834104597568512,0.04114978387951851,0.04114978387951851,0.5283587574958801,-0.11939311772584915,0.25553253293037415,-0.9760374426841736,0.0,0.0,0.0,0.0,0.0,0.0,0.0
64849854472,0,0.03568670153617859,-0.23320382833480835,-0.11387801170349121,0.03568670153617859,-0.23320382833480835,-0.8138779997825623,0.07648659497499466,-0.09697984904050827,0.01353069394826889,0.0,0.0,0.0,-0.012881480157375336,-0.004844643175601959,1.4119566679000854,0.0,0.0,1.4119566679000854,-0.037263210862874985,-0.01558357011526823,-1.0741382837295532,0.10658474266529083,0.04260150343179703,0.01161259226500988,0.0,0.0,0.0,-1.1890380382537842,10.056580543518066,0.27871036529541016,10.542320251464844,1.3331420421600342,-10.0,-10.0,7.002480506896973,2.0,2.0,25.400304794311523,0.2989746034145355,0.28977540135383606,0.30357420444488525,0.2943750023841858,0.0,0.30469265580177307,0.30469265580177307,0.30469265580177307,0.30469265580177307,0.0,0.17820733785629272,0.05759219825267792,-9.92742919921875,0.0,0.0,0.0,0.0,0.0,0.0,0.0,0.0,0.0,0.0,0.0,0.0,0.0,0.0,0.0,0.30469274520874023,0.30469274520874023,0.304692804813385,0.30469274520874023,0.1804889589548111,0.04114978387951851,0.04114978387951851,0.5264602899551392,-0.025599906221032143,0.16041792929172516,-0.6717275977134705,0.0,0.0,0.0,0.0,0.0,0.0,0.0
64850069737,0,0.03699003905057907,-0.23659496009349823,-0.11383304744958878,0.03699003905057907,-0.23659496009349823,-0.8138330578804016,0.0803074762225151,-0.09282378107309341,0.009595994837582111,0.0,0.0,0.0,-0.013569856993854046,-0.005599695257842541,1.3827810287475586,0.0,0.0,1.3827810287475586,-0.037263210862874985,-0.01558357011526823,-1.0741382837295532,0.10658474266529083,0.04260150343179703,0.01161259226500988,0.0,0.0,0.0,-1.1890380382537842,10.056580543518066,0.27871036529541016,10.542320251464844,1.3331420421600342,-10.0,-10.0,7.002480506896973,2.0,2.0,25.400304794311523,0.2989746034145355,0.28977540135383606,0.30357420444488525,0.29590821266174316,0.0,0.30469265580177307,0.30469265580177307,0.30469265580177307,0.30469265580177307,0.0,0.1947459578514099,-0.08406615257263184,-9.993078231811523,0.0,0.0,0.0,0.0,0.0,0.0,0.0,0.0,0.0,0.0,0.0,0.0,0.0,0.0,0.0,0.30469274520874023,0.30469274520874023,0.304692804813385,0.30469274520874023,0.1804889589548111,0.04114978387951851,0.04114978387951851,0.5264602899551392,-0.025599906221032143,0.16041792929172516,-0.6717275977134705,0.0,0.0,0.0,0.0,0.0,0.0,0.0
64857281521,0,0.03699003905057907,-0.23659496009349823,-0.11383304744958878,0.03699003905057907,-0.23659496009349823,-0.8138330578804016,0.0803074762225151,-0.09282378107309341,0.009595994837582111,0.0,0.0,0.0,-0.013569856993854046,-0.005599695257842541,1.3827810287475586,0.0,0.0,1.3827810287475586,-0.034679364413022995,-0.01234528049826622,-1.0829094648361206,0.1108269914984703,0.04615607485175133,0.00585101917386055,0.0,0.0,0.0,-1.183799386024475,10.056544303894043,0.2729511260986328,10.54843521118164,1.3286468982696533,-10.0,-10.0,7.162113666534424,2.0,2.0,25.253801345825195,0.2989746034145355,0.28977540135383606,0.30357420444488525,0.29590821266174316,0.0,0.30469265580177307,0.30469265580177307,0.30469265580177307,0.30469265580177307,0.0,0.1947459578514099,-0.08406615257263184,-9.993078231811523,0.0,0.0,0.0,0.0,0.0,0.0,0.0,0.0,0.0,0.0,0.0,0.0,0.0,0.0,0.0,0.30469274520874023,0.30469274520874023,0.304692804813385,0.30469274520874023,0.1837749481201172,0.04114978387951851,0.04114978387951851,0.5239249467849731,0.06588748842477798,0.19574661552906036,-0.4816230237483978,0.0,0.0,0.0,0.0,0.0,0.0,0.0
64867873271,0,0.03787440061569214,-0.23878513276576996,-0.113962821662426,0.038359012454748154,-0.2399253398180008,-0.8140935897827148,0.08138015121221542,-0.09212024509906769,0.0030403300188481808,0.0,0.0,0.0,-0.014031807892024517,-0.005879473406821489,1.3634138107299805,0.0,0.0,1.3535442352294922,-0.032935794442892075,-0.006688510999083519,-1.0846201181411743,0.1108269914984703,0.04615607485175133,0.00585101917386055,0.0,0.0,0.0,-1.183799386024475,10.056544303894043,0.2729511260986328,10.54843521118164,1.3286468982696533,-10.0,-10.0,7.240427017211914,2.0,2.0,25.153404235839844,0.2989746034145355,0.28977540135383606,0.30357420444488525,0.29590821266174316,0.0,0.30469265580177307,0.30469265580177307,0.30469265580177307,0.30469265580177307,0.0,0.0957915335893631,-0.072942353785038,-10.089941024780273,0.0,0.0,0.0,0.0,0.0,0.0,0.0,0.0,0.0,0.0,0.0,0.0,0.0,0.0,0.0,0.30469274520874023,0.30469274520874023,0.304692804813385,0.30469274520874023,0.1837749481201172,0.04114978387951851,0.04114978387951851,0.5239249467849731,0.1243034154176712,0.3676217794418335,-0.33375510573387146,0.0,0.0,0.0,0.0,0.0,0.0,0.0
64877349914,0,0.038359012454748154,-0.2399253398180008,-0.11409357935190201,0.038359012454748154,-0.2399253398180008,-0.8140935897827148,0.08025495707988739,-0.09081301838159561,0.0012858565896749496,0.0,0.0,0.0,-0.014101441018283367,-0.005932093132287264,1.3535442352294922,0.0,0.0,1.3535442352294922,-0.029853470623493195,-0.0023841382935643196,-1.0917500257492065,0.11328534781932831,0.04771612584590912,0.006145944818854332,0.0,0.0,0.0,-1.1826045513153076,10.046371459960938,0.2736377716064453,10.554976463317871,1.3237595558166504,-10.0,-10.0,7.128862380981445,2.0,2.0,25.240781784057617,0.2989746034145355,0.28977540135383606,0.30357420444488525,0.29590821266174316,0.0,0.30469265580177307,0.30469265580177307,0.30469265580177307,0.30469265580177307,0.0,0.04014100506901741,0.006416149437427521,-9.934235572814941,0.0,0.0,0.0,0.0,0.0,0.0,0.0,0.0,0.0,0.0,0.0,0.0,0.0,0.0,0.0,0.30469274520874023,0.30469274520874023,0.304692804813385,0.30469274520874023,0.1830909550189972,0.04114978387951851,0.04114978387951851,0.5236994624137878,0.19838251173496246,0.37291860580444336,-0.5192258954048157,0.0,0.0,0.0,0.0,0.0,0.0,0.0
64888460900,0,0.038359012454748154,-0.2399253398180008,-0.11409357935190201,0.038359012454748154,-0.2399253398180008,-0.8140935897827148,0.08025495707988739,-0.09081301838159561,0.0012858565896749496,0.0,0.0,0.0,-0.014101441018283367,-0.005932093132287264,1.3535442352294922,0.0,0.0,1.3535442352294922,-0.029853470623493195,-0.0023841382935643196,-1.0917500257492065,0.11402658373117447,0.04971802607178688,0.00608956441283226,0.0,0.0,0.0,-1.1826564073562622,10.051539421081543,0.27945709228515625,10.557764053344727,1.321677565574646,-10.0,-10.0,6.985668182373047,2.0,2.0,25.413915634155273,0.2989746034145355,0.28977540135383606,0.30357420444488525,0.29590821266174316,0.0,0.30469265580177307,0.30469265580177307,0.30469265580177307,0.30469265580177307,0.0,0.008562774397432804,0.16043908894062042,-9.783061027526855,0.0,0.0,0.0,0.0,0.0,0.0,0.0,0.0,0.0,0.0,0.0,0.0,0.0,0.0,0.0,0.30469274520874023,0.30469274520874023,0.304692804813385,0.30469274520874023,0.18014264106750488,0.04114978387951851,0.04114978387951851,0.5266955494880676,0.19838251173496246,0.37291860580444336,-0.5192258954048157,0.0,0.0,0.0,0.0,0.0,0.0,0.0
64897690215,0,0.03931863605976105,-0.2421528548002243,-0.1143832579255104,0.0397932231426239,-0.24324873089790344,-0.8145362734794617,0.08193691074848175,-0.09027042984962463,0.0037903713528066874,0.0,0.0,0.0,-0.014435982331633568,-0.006380781531333923,1.3333157300949097,0.0,0.0,1.3232179880142212,-0.027337035164237022,-0.004949613939970732,-1.1093765497207642,0.11402658373117447,0.04971802607178688,0.00608956441283226,0.0,0.0,0.0,-1.1826564073562622,10.051539421081543,0.27945709228515625,10.557764053344727,1.321677565574646,-10.0,-10.0,6.985668182373047,2.0,2.0,25.413915634155273,0.2989746034145355,0.28977540135383606,0.30357420444488525,0.29590821266174316,0.0,0.30469265580177307,0.30469265580177307,0.30469265580177307,0.30469265580177307,0.0,0.008562774397432804,0.16043908894062042,-9.783061027526855,0.0,0.0,0.0,0.0,0.0,0.0,0.0,0.0,0.0,0.0,0.0,0.0,0.0,0.0,0.0,0.30469274520874023,0.30469274520874023,0.304692804813385,0.30469274520874023,0.18014264106750488,0.04114978387951851,0.04114978387951851,0.5266955494880676,0.1116751879453659,0.014990420080721378,-0.7820085883140564,0.0,0.0,0.0,0.0,0.0,0.0,0.0
64907870549,0,0.0397932231426239,-0.24324873089790344,-0.11453626304864883,0.0397932231426239,-0.24324873089790344,-0.8145362734794617,0.08123522996902466,-0.08974681794643402,0.001942295115441084,0.0,0.0,0.0,-0.01464065071195364,-0.006550066638737917,1.3232179880142212,0.0,0.0,1.3232179880142212,-0.02627088502049446,-0.0008551019709557295,-1.123376488685608,0.11402658373117447,0.04971802607178688,0.00608956441283226,0.0,0.0,0.0,-1.174365758895874,10.050055503845215,0.29840087890625,10.564226150512695,1.3167672157287598,-10.0,-10.0,6.500709056854248,2.0,2.0,25.892995834350586,0.2989746034145355,0.28977540135383606,0.30357420444488525,0.29590821266174316,0.0,0.30469265580177307,0.30469265580177307,0.30469265580177307,0.30469265580177307,0.0,0.04302409291267395,0.18173298239707947,-9.880720138549805,0.0,0.0,0.0,0.0,0.0,0.0,0.0,0.0,0.0,0.0,0.0,0.0,0.0,0.0,0.0,0.30469274520874023,0.30469274520874023,0.304692804813385,0.30469274520874023,0.1701212078332901,0.04114978387951851,0.04114978387951851,0.5349646806716919,0.11094746738672256,0.21252870559692383,-1.0665086507797241,0.0,0.0,0.0,0.0,0.0,0.0,0.0
64917614551,0,0.0397932231426239,-0.24324873089790344,-0.11453626304864883,0.0397932231426239,-0.24324873089790344,-0.8145362734794617,0.08123522996902466,-0.08974681794643402,0.001942295115441084,0.0,0.0,0.0,-0.01464065071195364,-0.006550066638737917,1.3232179880142212,0.0,0.0,1.3232179880142212,-0.02627088502049446,-0.0008551019709557295,-1.123376488685608,0.11724001169204712,0.05132538452744484,0.012572774663567543,0.0,0.0,0.0,-1.174365758895874,10.050055503845215,0.29840087890625,10.564226150512695,1.3167672157287598,-10.0,-10.0,6.500709056854248,2.0,2.0,25.892995834350586,0.2989746034145355,0.28977540135383606,0.30204102396965027,0.29590821266174316,0.0,0.30469265580177307,0.30469265580177307,0.30469265580177307,0.30469265580177307,0.0,0.2851736545562744,-0.2601182460784912,-9.729087829589844,0.0,0.0,0.0,0.0,0.0,0.0,0.0,0.0,0.0,0.0,0.0,0.0,0.0,0.0,0.0,0.30469274520874023,0.30469274520874023,0.304692804813385,0.30469274520874023,0.1701212078332901,0.04114978387951851,0.04114978387951851,0.5349646806716919,0.11094746738672256,0.21252870559692383,-1.0665086507797241,0.0,0.0,0.0,0.0,0.0,0.0,0.0
64928043774,0,0.04074995219707489,-0.2453501671552658,-0.11491047590970993,0.04074995219707489,-0.2453501671552658,-0.8149104714393616,0.08442489057779312,-0.08355226367712021,0.0027781135868281126,0.0,0.0,0.0,-0.014977902173995972,-0.006503266282379627,1.3021290302276611,0.0,0.0,1.3021290302276611,-0.026533590629696846,0.008454590104520321,-1.165088415145874,0.11973568797111511,0.051972661167383194,0.013077006675302982,0.0,0.0,0.0,-1.166225552558899,10.039587020874023,0.33202266693115234,10.570192337036133,1.3121004104614258,-10.0,-10.0,5.6171040534973145,2.0,2.0,26.741518020629883,0.2989746034145355,0.28977540135383606,0.30357420444488525,0.29590821266174316,0.0,0.30469265580177307,0.30469265580177307,0.30469265580177307,0.30469265580177307,0.0,0.2851736545562744,-0.2601182460784912,-9.729087829589844,0.0,0.0,0.0,0.0,0.0,0.0,0.0,0.0,0.0,0.0,0.0,0.0,0.0,0.0,0.0,0.30469274520874023,0.30469274520874023,0.304692804813385,0.30469274520874023,0.1517169028520584,0.04114978387951851,0.04114978387951851,0.5495334267616272,0.03943951055407524,0.3931131958961487,-1.859060287475586,0.0,0.0,0.0,0.0,0.0,0.0,0.0
64937475291,0,0.04074995219707489,-0.2453501671552658,-0.11491047590970993,0.04074995219707489,-0.2453501671552658,-0.8149104714393616,0.08442489057779312,-0.08355226367712021,0.0027781135868281126,0.0,0.0,0.0,-0.014977902173995972,-0.006503266282379627,1.3021290302276611,0.0,0.0,1.3021290302276611,-0.02690233290195465,0.01662861555814743,-1.1919599771499634,0.12178411334753036,0.05028855428099632,0.006747154518961906,0.0,0.0,0.0,-1.1613744497299194,10.028297424316406,0.35269641876220703,10.573420524597168,1.3095427751541138,-10.0,-10.0,5.065744400024414,2.0,2.0,27.255718231201172,0.2989746034145355,0.28977540135383606,0.30357420444488525,0.29590821266174316,0.0,0.30469265580177307,0.30469265580177307,0.30469265580177307,0.30469265580177307,0.0,0.2851736545562744,-0.2601182460784912,-9.729087829589844,0.0,0.0,0.0,0.0,0.0,0.0,0.0,0.0,0.0,0.0,0.0,0.0,0.0,0.0,0.0,0.30469274520874023,0.30469274520874023,0.304692804813385,0.30469274520874023,0.14013579487800598,0.04114978387951851,0.04114978387951851,0.558315098285675,0.0020749089308083057,0.5738376379013062,-2.2092134952545166,0.0,0.0,0.0,0.0,0.0,0.0,0.0
64947652346,0,0.042313702404499054,-0.2482992261648178,-0.11542973667383194,0.04286222904920578,-0.24924655258655548,-0.8156067132949829,0.08887051045894623,-0.07869142293930054,0.006081518717110157,0.0,0.0,0.0,-0.015372077003121376,-0.006271305959671736,1.2689123153686523,0.0,0.0,1.2573590278625488,-0.02677765302360058,0.023031573742628098,-1.2171331644058228,0.12178411334753036,0.05028855428099632,0.006747154518961906,0.0,0.0,0.0,-1.1613744497299194,10.028297424316406,0.35269641876220703,10.573420524597168,1.3095427751541138,-10.0,-10.0,5.065744400024414,2.0,2.0,27.255718231201172,0.2989746034145355,0.28977540135383606,0.30357420444488525,0.2943750023841858,0.0,0.30469265580177307,0.30469265580177307,0.30469265580177307,0.30469265580177307,0.0,0.1732080578804016,0.00709505844861269,-9.616796493530273,0.0,0.0,0.0,0.0,0.0,0.0,0.0,0.0,0.0,0.0,0.0,0.0,0.0,0.0,0.0,0.30469274520874023,0.30469274520874023,0.304692804813385,0.30469274520874023,0.14013579487800598,0.04114978387951851,0.04114978387951851,0.558315098285675,0.0056983656249940395,0.6280304193496704,-2.4658308029174805,0.0,0.0,0.0,0.0,0.0,0.0,0.0
64957496302,0,0.04286222904920578,-0.24924655258655548,-0.11560674756765366,0.04286222904920578,-0.24924655258655548,-0.8156067132949829,0.09391169995069504,-0.07890187203884125,0.007842949591577053,0.0,0.0,0.0,-0.015485057607293129,-0.0063070133328437805,1.2573590278625488,0.0,0.0,1.2573590278625488,-0.026997040957212448,0.02140663005411625,-1.248335361480713,0.12433483451604843,0.051216840744018555,0.007204069755971432,0.0,0.0,0.0,-1.1532042026519775,10.027584075927734,0.3892402648925781,10.579595565795898,1.3047078847885132,-10.0,-10.0,4.12232780456543,2.0,2.0,28.19710350036621,0.2989746034145355,0.28977540135383606,0.30357420444488525,0.2943750023841858,0.0,0.30469265580177307,0.30469265580177307,0.30469265580177307,0.30469265580177307,0.0,0.3137378990650177,-0.07875064760446548,-9.606825828552246,0.0,0.0,0.0,0.0,0.0,0.0,0.0,0.0,0.0,0.0,0.0,0.0,0.0,0.0,0.0,0.30469274520874023,0.30469274520874023,0.304692804813385,0.30469274520874023,0.12014181911945343,0.04114978387951851,0.04114978387951851,0.5743011236190796,-0.017176050692796707,0.2226555049419403,-2.718092203140259,0.0,0.0,0.0,0.0,0.0,0.0,0.0
64968566673,0,0.04286222904920578,-0.24924655258655548,-0.11560674756765366,0.04286222904920578,-0.24924655258655548,-0.8156067132949829,0.09391169995069504,-0.07890187203884125,0.007842949591577053,0.0,0.0,0.0,-0.015485057607293129,-0.0063070133328437805,1.2573590278625488,0.0,0.0,1.2573590278625488,-0.030758297070860863,0.01605183817446232,-1.279104471206665,0.12433483451604843,0.051216840744018555,0.007204069755971432,0.0,0.0,0.0,-1.1428439617156982,10.037096977233887,0.4098329544067383,10.583036422729492,1.3020237684249878,-10.0,-10.0,3.614236831665039,2.0,2.0,28.73269271850586,0.2989746034145355,0.28977540135383606,0.30357420444488525,0.29590821266174316,0.0,0.30469265580177307,0.30469265580177307,0.30469265580177307,0.30469265580177307,0.0,0.19966237246990204,0.10142331570386887,-9.612015724182129,0.0,0.0,0.0,0.0,0.0,0.0,0.0,0.0,0.0,0.0,0.0,0.0,0.0,0.0,0.0,0.30469274520874023,0.30469274520874023,0.304692804813385,0.30469274520874023,0.10927823930978775,0.04114978387951851,0.04114978387951851,0.5833446383476257,-0.1832483857870102,-0.13679052889347076,-2.8141655921936035,0.0,0.0,0.0,0.0,0.0,0.0,0.0
64977501432,0,0.04403907433152199,-0.2510867118835449,-0.11594647169113159,0.04403907433152199,-0.2510867118835449,-0.8159464597702026,0.09824707359075546,-0.07700791209936142,0.009458082728087902,0.0,0.0,0.0,-0.016054313629865646,-0.006630344782024622,1.233590841293335,0.0,0.0,1.233590841293335,-0.030758297070860863,0.01605183817446232,-1.279104471206665,0.12658897042274475,0.05178120732307434,0.007199154235422611,0.0,0.0,0.0,-1.1428439617156982,10.037096977233887,0.4098329544067383,10.583036422729492,1.3020237684249878,-10.0,-10.0,3.614236831665039,2.0,2.0,28.73269271850586,0.2989746034145355,0.28977540135383606,0.30357420444488525,0.29590821266174316,0.0,0.30469265580177307,0.30469265580177307,0.30469265580177307,0.30469265580177307,0.0,0.26220643520355225,-0.031030526384711266,-9.629987716674805,0.0,0.0,0.0,0.0,0.0,0.0,0.0,0.0,0.0,0.0,0.0,0.0,0.0,0.0,0.0,0.30469274520874023,0.30469274520874023,0.304692804813385,0.30469274520874023,0.10927823930978775,0.04114978387951851,0.04114978387951851,0.5833446383476257,-0.1832483857870102,-0.13679052889347076,-2.8141655921936035,0.0,0.0,0.0,0.0,0.0,0.0,0.0
64987551254,0,0.044653430581092834,-0.25195857882499695,-0.11611136794090271,0.044653430581092834,-0.25195857882499695,-0.8161113262176514,0.09951427578926086,-0.07518230378627777,0.010325592011213303,0.0,0.0,0.0,-0.01650061272084713,-0.006698599085211754,1.221293568611145,0.0,0.0,1.221293568611145,-0.04430483281612396,0.007516760379076004,-1.336896300315857,0.12658897042274475,0.05178120732307434,0.007199154235422611,0.0,0.0,0.0,-1.1428439617156982,10.037096977233887,0.4098329544067383,10.583036422729492,1.3020237684249878,-10.0,-10.0,2.6771128177642822,2.0,2.0,29.692354202270508,0.2989746034145355,0.28977540135383606,0.30357420444488525,0.2943750023841858,0.0,0.30469265580177307,0.30469265580177307,0.30469265580177307,0.30469265580177307,0.0,0.26220643520355225,-0.031030526384711266,-9.629987716674805,0.0,0.0,0.0,0.0,0.0,0.0,0.0,0.0,0.0,0.0,0.0,0.0,0.0,0.0,0.0,0.30469274520874023,0.30469274520874023,0.304692804813385,0.30469274520874023,0.10927823930978775,0.04114978387951851,0.04114978387951851,0.5833446383476257,-0.5419572591781616,-0.35697293281555176,-2.9507768154144287,0.0,0.0,0.0,0.0,0.0,0.0,0.0
64997551600,0,0.044653430581092834,-0.25195857882499695,-0.11611136794090271,0.044653430581092834,-0.25195857882499695,-0.8161113262176514,0.09951427578926086,-0.07518230378627777,0.010325592011213303,0.0,0.0,0.0,-0.01650061272084713,-0.006698599085211754,1.221293568611145,0.0,0.0,1.221293568611145,-0.04430483281612396,0.007516760379076004,-1.336896300315857,0.1339867115020752,0.05500714108347893,0.01508798636496067,0.0,0.0,0.0,-1.11435067653656,10.05001163482666,0.4481201171875,10.589679718017578,1.2967020273208618,-10.0,-10.0,2.6771128177642822,2.0,2.0,29.692354202270508,0.2989746034145355,0.28977540135383606,0.30357420444488525,0.29590821266174316,0.0,0.30469265580177307,0.30469265580177307,0.30469265580177307,0.30469265580177307,0.0,0.12464212626218796,0.05422085151076317,-9.596181869506836,0.0,0.0,0.0,0.0,0.0,0.0,0.0,0.0,0.0,0.0,0.0,0.0,0.0,0.0,0.0,0.30469274520874023,0.30469274520874023,0.304692804813385,0.30469274520874023,0.0890616700053215,0.04114978387951851,0.04114978387951851,0.5994566082954407,-0.5419572591781616,-0.35697293281555176,-2.9507768154144287,0.0,0.0,0.0,0.0,0.0,0.0,0.0
65008091585,0,0.045897241681814194,-0.25357815623283386,-0.11640611290931702,0.045897241681814194,-0.25357815623283386,-0.8164061307907104,0.1014382392168045,-0.07143434137105942,0.014111850410699844,0.0,0.0,0.0,-0.017093198373913765,-0.00719691114500165,1.1958937644958496,0.0,0.0,1.1958937644958496,-0.04369902238249779,0.0016524085076525807,-1.4032444953918457,0.1370215266942978,0.057911161333322525,0.015718720853328705,0.0,0.0,0.0,-1.1096707582473755,10.0587797164917,0.5,10.596803665161133,1.291016936302185,-10.0,-10.0,2.0,2.0,2.0,31.06955909729004,0.2989746034145355,0.28977540135383606,0.30357420444488525,0.29590821266174316,0.0,0.30469265580177307,0.30469265580177307,0.30469265580177307,0.30469265580177307,0.0,0.12464212626218796,0.05422085151076317,-9.596181869506836,0.0,0.0,0.0,0.0,0.0,0.0,0.0,0.0,0.0,0.0,0.0,0.0,0.0,0.0,0.0,0.30469274520874023,0.30469274520874023,0.304692804813385,0.30469274520874023,0.05984754487872124,0.04114978387951851,0.04114978387951851,0.6223776340484619,-0.0625644326210022,-0.25205808877944946,-3.2581288814544678,0.0,0.0,0.0,0.0,0.0,0.0,0.0
65017718964,0,0.045897241681814194,-0.25357815623283386,-0.11640611290931702,0.045897241681814194,-0.25357815623283386,-0.8164061307907104,0.1014382392168045,-0.07143434137105942,0.014111850410699844,0.0,0.0,0.0,-0.017093198373913765,-0.00719691114500165,1.1958937644958496,0.0,0.0,1.1958937644958496,-0.034831877797842026,0.00852113589644432,-1.4265578985214233,0.13696232438087463,0.05705907568335533,0.01553976908326149,0.0,0.0,0.0,-1.1201165914535522,10.046497344970703,0.5,10.608744621276855,1.287983775138855,-10.0,-10.0,2.0,2.0,2.0,31.067033767700195,0.2989746034145355,0.28977540135383606,0.30357420444488525,0.29590821266174316,0.0,0.30469265580177307,0.30469265580177307,0.30469265580177307,0.30469265580177307,0.0,0.018933992832899094,0.35729265213012695,-9.840559005737305,0.0,0.0,0.0,0.0,0.0,0.0,0.0,0.0,0.0,0.0,0.0,0.0,0.0,0.0,0.0,0.30469274520874023,0.30469274520874023,0.304692804813385,0.30469274520874023,0.059050485491752625,0.04114978387951851,0.04114978387951851,0.6223358511924744,0.39270657300949097,0.20401950180530548,-2.7171084880828857,0.0,0.0,0.0,0.0,0.0,0.0,0.0
65027383637,0,0.04771186038851738,-0.25590094923973083,-0.116911381483078,0.04771186038851738,-0.25590094923973083,-0.8169113397598267,0.09863696247339249,-0.0690138041973114,0.006232021376490593,0.0,0.0,0.0,-0.017128286883234978,-0.0071332501247525215,1.1571582555770874,0.0,0.0,1.1571582555770874,-0.022437183186411858,0.01864955574274063,-1.4334349632263184,0.13696232438087463,0.05705907568335533,0.01553976908326149,0.0,0.0,0.0,-1.1201165914535522,10.046497344970703,0.5,10.608744621276855,1.287983775138855,-10.0,-10.0,2.0,2.0,2.0,31.067033767700195,0.2989746034145355,0.28977540135383606,0.30357420444488525,0.29590821266174316,0.0,0.30469265580177307,0.30469265580177307,0.30469265580177307,0.30469265580177307,0.0,-0.012056109495460987,0.36243078112602234,-10.227806091308594,0.0,0.0,0.0,0.0,0.0,0.0,0.0,0.0,0.0,0.0,0.0,0.0,0.0,0.0,0.0,0.30469274520874023,0.30469274520874023,0.304692804813385,0.30469274520874023,0.059050485491752625,0.04114978387951851,0.04114978387951851,0.6223358511924744,0.7724769115447998,0.5712743401527405,-1.6876962184906006,0.0,0.0,0.0,0.0,0.0,0.0,0.0
65037378628,0,0.04832186549901962,-0.2566753625869751,-0.11718077212572098,0.04832186549901962,-0.2566753625869751,-0.8171807527542114,0.0977390930056572,-0.06807000935077667,-0.0022109204437583685,0.0,0.0,0.0,-0.01704699546098709,-0.007084894925355911,1.1445715427398682,0.0,0.0,1.1445715427398682,-0.014118635095655918,0.023883938789367676,-1.4280118942260742,0.1361435353755951,0.05655357241630554,0.007546468637883663,0.0,0.0,0.0,-1.140669822692871,10.027060508728027,0.47533702850341797,10.608166694641113,1.282701849937439,-10.0,-10.0,2.0,2.0,2.0,30.425050735473633,0.2989746034145355,0.28977540135383606,0.30357420444488525,0.29590821266174316,0.0,0.30469265580177307,0.30469265580177307,0.30469265580177307,0.30469265580177307,0.0,0.011780365370213985,0.028663095086812973,-10.375770568847656,0.0,0.0,0.0,0.0,0.0,0.0,0.0,0.0,0.0,0.0,0.0,0.0,0.0,0.0,0.0,0.30469274520874023,0.30469274520874023,0.304692804813385,0.30469274520874023,0.059050485491752625,0.04114978387951851,0.04114978387951851,0.6223358511924744,0.8230139017105103,0.5608832836151123,-0.6834715604782104,0.0,0.0,0.0,0.0,0.0,0.0,0.0
65047565765,0,0.049447912722826004,-0.25820526480674744,-0.11799941211938858,0.049447912722826004,-0.25820526480674744,-0.8179994225502014,0.09503494203090668,-0.07236411422491074,-0.0231148824095726,0.0,0.0,0.0,-0.01706845872104168,-0.006828733254224062,1.1201756000518799,0.0,0.0,1.1201756000518799,-0.014118635095655918,0.023883938789367676,-1.4280118942260742,0.1361435353755951,0.05655357241630554,0.007546468637883663,0.0,0.0,0.0,-1.140669822692871,10.027060508728027,0.47533702850341797,10.608166694641113,1.282701849937439,-10.0,-10.0,2.0,2.0,2.0,30.425050735473633,0.2989746034145355,0.28977540135383606,0.30357420444488525,0.29590821266174316,0.0,0.30469265580177307,0.30469265580177307,0.30469265580177307,0.30469265580177307,0.0,-0.2590399384498596,0.10296555608510971,-10.93211555480957,0.0,0.0,0.0,0.0,0.0,0.0,0.0,0.0,0.0,0.0,0.0,0.0,0.0,0.0,0.0,0.30469274520874023,0.30469274520874023,0.304692804813385,0.30469274520874023,0.07185028493404388,0.04114978387951851,0.04114978387951851,0.6116801500320435,0.8230139017105103,0.5608832836151123,-0.6834715604782104,0.0,0.0,0.0,0.0,0.0,0.0,0.0
65057301259,0,0.049447912722826004,-0.25820526480674744,-0.11799941211938858,0.049447912722826004,-0.25820526480674744,-0.8179994225502014,0.09503494203090668,-0.07236411422491074,-0.0231148824095726,0.0,0.0,0.0,-0.01706845872104168,-0.006828733254224062,1.1201756000518799,0.0,0.0,1.1201756000518799,-0.008366412483155727,0.03427290543913841,-1.3782416582107544,0.13591651618480682,0.0538884662091732,0.007120414171367884,0.0,0.0,0.0,-1.1368995904922485,10.014723777770996,0.4048032760620117,10.616692543029785,1.277288794517517,-10.0,-10.0,3.7191810607910156,2.0,2.0,28.555463790893555,0.2989746034145355,0.2882421910762787,0.30357420444488525,0.2943750023841858,0.0,0.30469265580177307,0.30469265580177307,0.30469265580177307,0.30469265580177307,0.0,-0.06141390651464462,-0.06715839356184006,-10.16139030456543,0.0,0.0,0.0,0.0,0.0,0.0,0.0,0.0,0.0,0.0,0.0,0.0,0.0,0.0,0.0,0.30469274520874023,0.30469274520874023,0.304692804813385,0.30469274520874023,0.1115276888012886,0.04114978387951851,0.04114978387951851,0.5803561210632324,0.3893749415874481,0.4891667068004608,1.7525441646575928,0.0,0.0,0.0,0.0,0.0,0.0,0.0
65067659977,0,0.05003027990460396,-0.2589406371116638,-0.11851803213357925,0.05003027990460396,-0.2589406371116638,-0.8185180425643921,0.09720458090305328,-0.07134611904621124,-0.026410605758428574,0.0,0.0,0.0,-0.01713455282151699,-0.006733478978276253,1.1084963083267212,0.0,0.0,1.1084963083267212,-0.009127337485551834,0.03384872153401375,-1.3460878133773804,0.13591651618480682,0.0538884662091732,0.007120414171367884,0.0,0.0,0.0,-1.1368995904922485,10.014723777770996,0.4048032760620117,10.616692543029785,1.277288794517517,-10.0,-10.0,3.7191810607910156,2.0,2.0,28.555463790893555,0.2989746034145355,0.28977540135383606,0.30357420444488525,0.2943750023841858,0.0,0.30469265580177307,0.30469265580177307,0.30469265580177307,0.30469265580177307,0.0,-0.06141390651464462,-0.06715839356184006,-10.16139030456543,0.0,0.0,0.0,0.0,0.0,0.0,0.0,0.0,0.0,0.0,0.0,0.0,0.0,0.0,0.0,0.30469274520874023,0.30469274520874023,0.304692804813385,0.30469274520874023,0.1115276888012886,0.04114978387951851,0.04114978387951851,0.5803561210632324,0.18082791566848755,0.24660493433475494,2.5325968265533447,0.0,0.0,0.0,0.0,0.0,0.0,0.0
65077248501,0,0.05003027990460396,-0.2589406371116638,-0.11851803213357925,0.05003027990460396,-0.2589406371116638,-0.8185180425643921,0.09720458090305328,-0.07134611904621124,-0.026410605758428574,0.0,0.0,0.0,-0.01713455282151699,-0.006733478978276253,1.1084963083267212,0.0,0.0,1.1084963083267212,-0.009127337485551834,0.03384872153401375,-1.3460878133773804,0.1361057460308075,0.05360916629433632,0.00700375996530056,0.0,0.0,0.0,-1.1315416097640991,10.017293930053711,0.3690757751464844,10.620416641235352,1.2749663591384888,-10.0,-10.0,4.666333198547363,2.0,2.0,27.616952896118164,0.2989746034145355,0.28977540135383606,0.30357420444488525,0.2943750023841858,0.0,0.30469265580177307,0.30469265580177307,0.30469265580177307,0.30469265580177307,0.0,0.0823557898402214,0.28014981746673584,-9.540329933166504,0.0,0.0,0.0,0.0,0.0,0.0,0.0,0.0,0.0,0.0,0.0,0.0,0.0,0.0,0.0,0.30469274520874023,0.30469274520874023,0.304692804813385,0.30469274520874023,0.13169871270656586,0.04114978387951851,0.04114978387951851,0.5644629597663879,0.18082791566848755,0.24660493433475494,2.5325968265533447,0.0,0.0,0.0,0.0,0.0,0.0,0.0
65087267600,0,0.051222268491983414,-0.26032373309135437,-0.11957354843616486,0.051222268491983414,-0.26032373309135437,-0.8195735216140747,0.09636387228965759,-0.06881483644247055,-0.02197202295064926,0.0,0.0,0.0,-0.017110083252191544,-0.006381021812558174,1.0848757028579712,0.0,0.0,1.0848757028579712,-0.00327317020855844,0.041036318987607956,-1.335666298866272,0.1361057460308075,0.05360916629433632,0.00700375996530056,0.0,0.0,0.0,-1.1360243558883667,10.005120277404785,0.37958335876464844,10.629179000854492,1.2694841623306274,-10.0,-10.0,4.364872455596924,2.0,2.0,27.879409790039062,0.2989746034145355,0.28977540135383606,0.30357420444488525,0.2943750023841858,0.0,0.30469265580177307,0.30469265580177307,0.30469265580177307,0.30469265580177307,0.0,0.1523674875497818,0.22632421553134918,-9.3566312789917,0.0,0.0,0.0,0.0,0.0,0.0,0.0,0.0,0.0,0.0,0.0,0.0,0.0,0.0,0.0,0.30469274520874023,0.30469274520874023,0.304692804813385,0.30469274520874023,0.12530380487442017,0.04114978387951851,0.04114978387951851,0.5689191818237305,0.3699913024902344,0.3157813847064972,0.46741336584091187,0.0,0.0,0.0,0.0,0.0,0.0,0.0
65098267079,0,0.051222268491983414,-0.26032373309135437,-0.11957354843616486,0.051222268491983414,-0.26032373309135437,-0.8195735216140747,0.09636387228965759,-0.06881483644247055,-0.02197202295064926,0.0,0.0,0.0,-0.017110083252191544,-0.006381021812558174,1.0848757028579712,0.0,0.0,1.0848757028579712,0.012884140945971012,0.04051997885107994,-1.3915377855300903,0.13388654589653015,0.04931468889117241,0.015581793151795864,0.0,0.0,0.0,-1.1600825786590576,10.006904602050781,0.4464597702026367,10.633609771728516,1.2669026851654053,-10.0,-10.0,2.57930064201355,2.0,2.0,29.654722213745117,0.2989746034145355,0.28977540135383606,0.30204102396965027,0.2943750023841858,0.0,0.30469265580177307,0.30469265580177307,0.30469265580177307,0.30469265580177307,0.0,0.5539097189903259,0.29084277153015137,-9.259801864624023,0.0,0.0,0.0,0.0,0.0,0.0,0.0,0.0,0.0,0.0,0.0,0.0,0.0,0.0,0.0,0.30469274520874023,0.30469274520874023,0.304692804813385,0.30469274520874023,0.08693774044513702,0.04114978387951851,0.04114978387951851,0.598827064037323,0.965151309967041,0.13455158472061157,-2.4021880626678467,0.0,0.0,0.0,0.0,0.0,0.0,0.0
65107252070,0,0.0524836927652359,-0.26133349537849426,-0.12051203101873398,0.0524836927652359,-0.26133349537849426,-0.8205119967460632,0.09875761717557907,-0.057553865015506744,-0.014335928484797478,0.0,0.0,0.0,-0.016254594549536705,-0.006179166026413441,1.0582212209701538,0.0,0.0,1.0582213401794434,0.050519511103630066,0.017876416444778442,-1.5323415994644165,0.12935571372509003,0.04876986891031265,0.016525331884622574,0.0,0.0,0.0,-1.1600825786590576,10.006904602050781,0.4464597702026367,10.633609771728516,1.2669026851654053,-10.0,-10.0,2.57930064201355,2.0,2.0,29.654722213745117,0.2989746034145355,0.28977540135383606,0.30357420444488525,0.2943750023841858,0.0,0.30469265580177307,0.30469265580177307,0.30469265580177307,0.30469265580177307,0.0,0.44192248582839966,0.3651029169559479,-9.585515022277832,0.0,0.0,0.0,0.0,0.0,0.0,0.0,0.0,0.0,0.0,0.0,0.0,0.0,0.0,0.0,0.30469274520874023,0.30469274520874023,0.304692804813385,0.30469274520874023,0.08693774044513702,0.04114978387951851,0.04114978387951851,0.598827064037323,1.5940830707550049,-0.9161416888237,-5.747274875640869,0.0,0.0,0.0,0.0,0.0,0.0,0.0
65118778966,0,0.0524836927652359,-0.26133349537849426,-0.12051203101873398,0.05449218302965164,-0.2622121572494507,-0.821955144405365,0.09875761717557907,-0.057553865015506744,-0.014335928484797478,0.0,0.0,0.0,-0.016254594549536705,-0.006179166026413441,1.0582212209701538,0.0,0.0,1.0147954225540161,0.050519511103630066,0.017876416444778442,-1.5323415994644165,0.11495083570480347,0.055227309465408325,0.008714716881513596,0.0,0.0,0.0,-1.2115411758422852,10.044281959533691,0.5,10.719901084899902,1.2629363536834717,-10.0,-10.0,2.0,2.0,2.0,31.198596954345703,0.2989746034145355,0.28977540135383606,0.30357420444488525,0.2943750023841858,0.0,0.30469265580177307,0.30469265580177307,0.30469265580177307,0.30469265580177307,0.0,0.44192248582839966,0.3651029169559479,-9.585515022277832,0.0,0.0,0.0,0.0,0.0,0.0,0.0,0.0,0.0,0.0,0.0,0.0,0.0,0.0,0.0,0.30469274520874023,0.30469274520874023,0.304692804813385,0.30469274520874023,0.055782947689294815,0.04114978387951851,0.04114978387951851,0.6245133280754089,1.5940830707550049,-0.9161416888237,-5.747274875640869,0.0,0.0,0.0,0.0,0.0,0.0,0.0
65127465686,0,0.05516578257083893,-0.26240411400794983,-0.1224808469414711,0.05516578257083893,-0.26240411400794983,-0.8224808573722839,0.10333956778049469,-0.04178392514586449,-0.020541096106171608,0.0,0.0,0.0,-0.013839633204042912,-0.007513035554438829,1.0000334978103638,0.0,0.0,1.0000334978103638,0.05812754109501839,0.0010226009180769324,-1.5825878381729126,0.11495083570480347,0.055227309465408325,0.008714716881513596,0.0,0.0,0.0,-1.2115411758422852,10.044281959533691,0.5,10.719901084899902,1.2629363536834717,-10.0,-10.0,2.0,2.0,2.0,31.198596954345703,0.2989746034145355,0.28977540135383606,0.30357420444488525,0.2943750023841858,0.0,0.30469265580177307,0.30469265580177307,0.30469265580177307,0.30469265580177307,0.0,0.11346499621868134,0.2033398300409317,-9.983145713806152,0.0,0.0,0.0,0.0,0.0,0.0,0.0,0.0,0.0,0.0,0.0,0.0,0.0,0.0,0.0,0.30469274520874023,0.30469274520874023,0.304692804813385,0.30469274520874023,0.055782947689294815,0.04114978387951851,0.04114978387951851,0.6245133280754089,1.2485175132751465,-1.3183400630950928,-5.6424455642700195,0.0,0.0,0.0,0.0,0.0,0.0,0.0
65137712185,0,0.05516578257083893,-0.26240411400794983,-0.1224808469414711,0.05516578257083893,-0.26240411400794983,-0.8224808573722839,0.10333956778049469,-0.04178392514586449,-0.020541096106171608,0.0,0.0,0.0,-0.013839633204042912,-0.007513035554438829,1.0000334978103638,0.0,0.0,1.0000334978103638,0.05204164236783981,-0.008931842632591724,-1.6270828247070312,0.11495083570480347,0.055227309465408325,0.008714716881513596,0.0,0.0,0.0,-1.2059115171432495,10.080997467041016,0.5,10.776681900024414,1.259630799293518,-10.0,-10.0,2.0,2.0,2.0,31.249229431152344,0.2989746034145355,0.28977540135383606,0.30357420444488525,0.29590821266174316,0.0,0.30469265580177307,0.30469265580177307,0.30469265580177307,0.30469265580177307,0.0,0.11346499621868134,0.2033398300409317,-9.983145713806152,0.0,0.0,0.0,0.0,0.0,0.0,0.0,0.0,0.0,0.0,0.0,0.0,0.0,0.0,0.0,0.30469274520874023,0.30469274520874023,0.304692804813385,0.30469274520874023,0.057304199784994125,0.04114978387951851,0.04114978387951851,0.6253507733345032,0.33736756443977356,-1.1221085786819458,-4.945504665374756,0.0,0.0,0.0,0.0,0.0,0.0,0.0
65147474403,0,0.05516578257083893,-0.26240411400794983,-0.1224808469414711,0.05516578257083893,-0.26240411400794983,-0.8224808573722839,0.10333956778049469,-0.04178392514586449,-0.020541096106171608,0.0,0.0,0.0,-0.013839633204042912,-0.007513035554438829,1.0000334978103638,0.0,0.0,1.0000334978103638,0.03369849547743797,-0.007670494727790356,-1.6729660034179688,0.10913454741239548,0.06084464117884636,0.009220067411661148,0.0,0.0,0.0,-1.1757478713989258,10.074411392211914,0.5,10.808834075927734,1.2576960325241089,-10.0,-10.0,2.0,2.0,2.0,31.188037872314453,0.3005078136920929,0.2882421910762787,0.30357420444488525,0.29590821266174316,0.0,0.30469265580177307,0.30469265580177307,0.30469265580177307,0.30469265580177307,0.0,0.2606097459793091,0.4129659831523895,-9.12716007232666,0.0,0.0,0.0,0.0,0.0,0.0,0.0,0.0,0.0,0.0,0.0,0.0,0.0,0.0,0.0,0.30469274520874023,0.30469274520874023,0.304692804813385,0.30469274520874023,0.05809370428323746,0.04114978387951851,0.04114978387951851,0.6243385076522827,-0.6748618483543396,-0.4932975769042969,-4.695168972015381,0.0,0.0,0.0,0.0,0.0,0.0,0.0
65157298331,0,0.05651646852493286,-0.2626250982284546,-0.12337499856948853,0.05651646852493286,-0.2626250982284546,-0.8233749866485596,0.10112635791301727,-0.03135472908616066,-0.008741986937820911,0.0,0.0,0.0,-0.013637450523674488,-0.007791837677359581,0.9687690138816833,0.0,0.0,0.9687690138816833,0.03369849547743797,-0.007670494727790356,-1.6729660034179688,0.10889797657728195,0.061807990074157715,0.009544400498270988,0.0,0.0,0.0,-1.1757478713989258,10.074411392211914,0.5,10.808834075927734,1.2576960325241089,-10.0,-10.0,2.0,2.0,2.0,31.188037872314453,0.3005078136920929,0.28977540135383606,0.30204102396965027,0.2943750023841858,0.0,0.30469265580177307,0.30469265580177307,0.30469265580177307,0.30469265580177307,0.0,0.25246140360832214,0.46454837918281555,-9.778497695922852,0.0,0.0,0.0,0.0,0.0,0.0,0.0,0.0,0.0,0.0,0.0,0.0,0.0,0.0,0.0,0.30469274520874023,0.30469274520874023,0.304692804813385,0.30469274520874023,0.05809370428323746,0.04114978387951851,0.04114978387951851,0.6243385076522827,-0.6748618483543396,-0.4932975769042969,-4.695168972015381,0.0,0.0,0.0,0.0,0.0,0.0,0.0
65167775116,0,0.0571952685713768,-0.26256996393203735,-0.1237606629729271,0.0571952685713768,-0.26256996393203735,-0.8237606287002563,0.10034111887216568,-0.025125332176685333,-0.007631571963429451,0.0,0.0,0.0,-0.013547473587095737,-0.007798116188496351,0.9519900679588318,0.0,0.0,0.9519900679588318,0.006827211938798428,0.009751081466674805,-1.7881321907043457,0.10716210305690765,0.06229758635163307,0.010077018290758133,0.0,0.0,0.0,-1.141767978668213,10.047310829162598,0.5,10.912288665771484,1.253462314605713,-10.0,-10.0,2.0,2.0,2.0,31.0885009765625,0.2989746034145355,0.28977540135383606,0.30357420444488525,0.29590821266174316,0.0,0.30469265580177307,0.30469265580177307,0.30469265580177307,0.30469265580177307,0.0,0.25246140360832214,0.46454837918281555,-9.778497695922852,0.0,0.0,0.0,0.0,0.0,0.0,0.0,0.0,0.0,0.0,0.0,0.0,0.0,0.0,0.0,0.30469274520874023,0.30469274520874023,0.304692804813385,0.30469274520874023,0.05809370428323746,0.04114978387951851,0.04114978387951851,0.6243385076522827,-1.0614147186279297,0.45716965198516846,-5.6041178703308105,0.0,0.0,0.0,0.0,0.0,0.0,0.0
65177660311,0,0.058531805872917175,-0.2622721493244171,-0.12457217276096344,0.058531805872917175,-0.2622721493244171,-0.8245721459388733,0.09348940849304199,-0.018334608525037766,-0.013350852765142918,0.0,0.0,0.0,-0.012731846421957016,-0.0082327239215374,0.9186835885047913,0.0,0.0,0.918683648109436,0.006827211938798428,0.009751081466674805,-1.7881321907043457,0.10716210305690765,0.06229758635163307,0.010077018290758133,0.0,0.0,0.0,-1.141767978668213,10.047310829162598,0.5,10.912288665771484,1.253462314605713,-10.0,-10.0,2.0,2.0,2.0,31.0885009765625,0.2989746034145355,0.28977540135383606,0.30357420444488525,0.29590821266174316,0.0,0.30469265580177307,0.30469265580177307,0.30469265580177307,0.30469265580177307,0.0,-0.2552393674850464,0.7818149328231812,-10.013505935668945,0.0,0.0,0.0,0.0,0.0,0.0,0.0,0.0,0.0,0.0,0.0,0.0,0.0,0.0,0.0,0.30469274520874023,0.30469274520874023,0.304692804813385,0.30469274520874023,0.05830829590559006,0.04114978387951851,0.04114978387951851,0.62269127368927,-1.0614147186279297,0.45716965198516846,-5.6041178703308105,0.0,0.0,0.0,0.0,0.0,0.0,0.0
65187398644,0,0.058531805872917175,-0.2622721493244171,-0.12457217276096344,0.058531805872917175,-0.2622721493244171,-0.8245721459388733,0.09348940849304199,-0.018334608525037766,-0.013350852765142918,0.0,0.0,0.0,-0.012731846421957016,-0.0082327239215374,0.9186835885047913,0.0,0.0,0.918683648109436,0.021020160987973213,0.0051360586658120155,-1.8480528593063354,0.09730513393878937,0.06805230677127838,0.019550349563360214,0.0,0.0,0.0,-1.1756353378295898,10.064571380615234,0.5,10.932219505310059,1.2487586736679077,-10.0,-10.0,2.0,2.0,2.0,31.187450408935547,0.3005078136920929,0.28977540135383606,0.30357420444488525,0.29590821266174316,0.0,0.30469265580177307,0.30469265580177307,0.30469265580177307,0.30469265580177307,0.0,-0.14098519086837769,0.8882559537887573,-9.677681922912598,0.0,0.0,0.0,0.0,0.0,0.0,0.0,0.0,0.0,0.0,0.0,0.0,0.0,0.0,0.0,0.30469274520874023,0.30469274520874023,0.304692804813385,0.30469274520874023,0.05777914822101593,0.04114978387951851,0.04114978387951851,0.6243289709091187,0.31616729497909546,-0.1655147671699524,-3.1516973972320557,0.0,0.0,0.0,0.0,0.0,0.0,0.0
65197393650,0,0.058531805872917175,-0.2622721493244171,-0.12457217276096344,0.058531805872917175,-0.2622721493244171,-0.8245721459388733,0.09348940849304199,-0.018334608525037766,-0.013350852765142918,0.0,0.0,0.0,-0.012731846421957016,-0.0082327239215374,0.9186835885047913,0.0,0.0,0.918683648109436,0.026323920115828514,-0.006316856946796179,-1.8523565530776978,0.09505638480186462,0.07088516652584076,0.009924777783453465,0.0,0.0,0.0,-1.1823513507843018,10.083659172058105,0.5,10.916818618774414,1.2469381093978882,-10.0,-10.0,2.0,2.0,2.0,31.214611053466797,0.30204102396965027,0.28977540135383606,0.30357420444488525,0.29590821266174316,0.0,0.30469265580177307,0.30469265580177307,0.30469265580177307,0.30469265580177307,0.0,-0.14098519086837769,0.8882559537887573,-9.677681922912598,0.0,0.0,0.0,0.0,0.0,0.0,0.0,0.0,0.0,0.0,0.0,0.0,0.0,0.0,0.0,0.30469274520874023,0.30469274520874023,0.304692804813385,0.30469274520874023,0.058226328343153,0.04114978387951851,0.04114978387951851,0.6247783303260803,0.41456931829452515,-0.6457557678222656,-2.010773181915283,0.0,0.0,0.0,0.0,0.0,0.0,0.0
65207442981,0,0.06019062176346779,-0.261178582906723,-0.12584498524665833,0.06019062176346779,-0.261178582906723,-0.8258450031280518,0.07812041789293289,0.001404407899826765,-0.014569759368896484,0.0,0.0,0.0,-0.011614876799285412,-0.009840649552643299,0.8687921762466431,0.0,0.0,0.8687921762466431,0.023596134036779404,-0.02089603617787361,-1.8684427738189697,0.09505638480186462,0.07088516652584076,0.009924777783453465,0.0,0.0,0.0,-1.1823513507843018,10.083659172058105,0.5,10.916818618774414,1.2469381093978882,-10.0,-10.0,2.0,2.0,2.0,31.214611053466797,0.30204102396965027,0.28977540135383606,0.30204102396965027,0.29590821266174316,0.0,0.30469265580177307,0.30469265580177307,0.30469265580177307,0.30469265580177307,0.0,0.2739577293395996,0.9475966095924377,-10.42943000793457,0.0,0.0,0.0,0.0,0.0,0.0,0.0,0.0,0.0,0.0,0.0,0.0,0.0,0.0,0.0,0.30469274520874023,0.30469274520874023,0.304692804813385,0.30469274520874023,0.058226328343153,0.04114978387951851,0.04114978387951851,0.6247783303260803,0.08618128299713135,-1.0032751560211182,-1.8116854429244995,0.0,0.0,0.0,0.0,0.0,0.0,0.0
65217691510,0,0.06066826730966568,-0.2606163024902344,-0.12631943821907043,0.06066826730966568,-0.2606163024902344,-0.8263194561004639,0.07488184422254562,0.010396931320428848,-0.020162435248494148,0.0,0.0,0.0,-0.011211997829377651,-0.010380838997662067,0.8516771793365479,0.0,0.0,0.8516771197319031,0.022554902359843254,-0.028600133955478668,-1.8842021226882935,0.09505638480186462,0.07088516652584076,0.009924777783453465,0.0,0.0,0.0,-1.1761958599090576,10.120074272155762,0.5,10.946261405944824,1.2430219650268555,-10.0,-10.0,2.0,2.0,2.0,31.277772903442383,0.3005078136920929,0.28977540135383606,0.30357420444488525,0.29590821266174316,0.0,0.30469265580177307,0.30469265580177307,0.30469265580177307,0.30469265580177307,0.0,0.2739577293395996,0.9475966095924377,-10.42943000793457,0.0,0.0,0.0,0.0,0.0,0.0,0.0,0.0,0.0,0.0,0.0,0.0,0.0,0.0,0.0,0.30469274520874023,0.30469274520874023,0.304692804813385,0.30469274520874023,0.059720251709222794,0.04114978387951851,0.04114978387951851,0.6258226037025452,0.003332999302074313,-0.9252525568008423,-1.7654072046279907,0.0,0.0,0.0,0.0,0.0,0.0,0.0
65228095925,0,0.06066826730966568,-0.2606163024902344,-0.12631943821907043,0.06066826730966568,-0.2606163024902344,-0.8263194561004639,0.07488184422254562,0.010396931320428848,-0.020162435248494148,0.0,0.0,0.0,-0.011211997829377651,-0.010380838997662067,0.8516771793365479,0.0,0.0,0.8516771197319031,0.022554902359843254,-0.028600133955478668,-1.8842021226882935,0.08941434323787689,0.08222205936908722,0.02060738205909729,0.0,0.0,0.0,-1.1761958599090576,10.120074272155762,0.5,10.946261405944824,1.2430219650268555,-10.0,-10.0,2.0,2.0,2.0,31.277772903442383,0.3005078136920929,0.28977540135383606,0.30357420444488525,0.29590821266174316,0.0,0.30469265580177307,0.30469265580177307,0.30469265580177307,0.30469265580177307,0.0,-0.25517430901527405,0.7972632646560669,-9.831012725830078,0.0,0.0,0.0,0.0,0.0,0.0,0.0,0.0,0.0,0.0,0.0,0.0,0.0,0.0,0.0,0.30469274520874023,0.30469274520874023,0.304692804813385,0.30469274520874023,0.059720251709222794,0.04114978387951851,0.04114978387951851,0.6258226037025452,0.003332999302074313,-0.9252525568008423,-1.7654072046279907,0.0,0.0,0.0,0.0,0.0,0.0,0.0
65237372454,0,0.06153285130858421,-0.2592351734638214,-0.12737974524497986,0.06153285130858421,-0.2592351734638214,-0.8273797035217285,0.06388738006353378,0.020579902455210686,-0.024535711854696274,0.0,0.0,0.0,-0.010454101487994194,-0.011031926609575748,0.8188812732696533,0.0,0.0,0.8188812732696533,0.020502310246229172,-0.019631879404187202,-1.856461524963379,0.08202030509710312,0.088234543800354,0.009610937908291817,0.0,0.0,0.0,-1.1764954328536987,10.105897903442383,0.5,10.891284942626953,1.2388521432876587,-10.0,-10.0,2.0,2.0,2.0,31.255504608154297,0.30204102396965027,0.28977540135383606,0.30357420444488525,0.29590821266174316,0.0,0.30469265580177307,0.30469265580177307,0.30469265580177307,0.30469265580177307,0.0,-0.25517430901527405,0.7972632646560669,-9.831012725830078,0.0,0.0,0.0,0.0,0.0,0.0,0.0,0.0,0.0,0.0,0.0,0.0,0.0,0.0,0.0,0.30469274520874023,0.30469274520874023,0.304692804813385,0.30469274520874023,0.059235088527202606,0.04114978387951851,0.04114978387951851,0.6254545450210571,-0.08386987447738647,0.19684670865535736,0.8269702196121216,0.0,0.0,0.0,0.0,0.0,0.0,0.0
65247711442,0,0.06153285130858421,-0.2592351734638214,-0.12737974524497986,0.06153285130858421,-0.2592351734638214,-0.8273797035217285,0.06388738006353378,0.020579902455210686,-0.024535711854696274,0.0,0.0,0.0,-0.010454101487994194,-0.011031926609575748,0.8188812732696533,0.0,0.0,0.8188812732696533,0.02300569787621498,-0.013225075788795948,-1.8253594636917114,0.07843826711177826,0.09044992178678513,0.009597600437700748,0.0,0.0,0.0,-1.1822680234909058,10.100032806396484,0.5,10.857850074768066,1.2367956638336182,-10.0,-10.0,2.0,2.0,2.0,31.25646209716797,0.30204102396965027,0.28977540135383606,0.30357420444488525,0.29590821266174316,0.0,0.30469265580177307,0.30469265580177307,0.30469265580177307,0.30469265580177307,0.0,-0.25517430901527405,0.7972632646560669,-9.831012725830078,0.0,0.0,0.0,0.0,0.0,0.0,0.0,0.0,0.0,0.0,0.0,0.0,0.0,0.0,0.0,0.30469274520874023,0.30469274520874023,0.304692804813385,0.30469274520874023,0.058847445994615555,0.04114978387951851,0.04114978387951851,0.6254702806472778,0.09048913419246674,0.3642672896385193,1.8368068933486938,0.0,0.0,0.0,0.0,0.0,0.0,0.0
65257644968,0,0.0622270405292511,-0.2575131356716156,-0.12836135923862457,0.06252814829349518,-0.2564825117588043,-0.8288464546203613,0.04960634559392929,0.03882495313882828,-0.01835249550640583,0.0,0.0,0.0,-0.009489012882113457,-0.011697644367814064,0.7869747281074524,0.0,0.0,0.770939826965332,0.033966485410928726,-0.01687474176287651,-1.8078020811080933,0.07843826711177826,0.09044992178678513,0.009597600437700748,0.0,0.0,0.0,-1.1822680234909058,10.100032806396484,0.5,10.857850074768066,1.2367956638336182,-10.0,-10.0,2.0,2.0,2.0,31.307613372802734,0.30204102396965027,0.28977540135383606,0.30204102396965027,0.29590821266174316,0.0,0.30469265580177307,0.30469265580177307,0.30469265580177307,0.30469265580177307,0.0,0.024318264797329903,1.4056148529052734,-9.472609519958496,0.0,0.0,0.0,0.0,0.0,0.0,0.0,0.0,0.0,0.0,0.0,0.0,0.0,0.0,0.0,0.30469274520874023,0.30469274520874023,0.304692804813385,0.30469274520874023,0.058847445994615555,0.04114978387951851,0.04114978387951851,0.6254702806472778,0.5977810025215149,0.012779252603650093,1.8594624996185303,0.0,0.0,0.0,0.0,0.0,0.0,0.0
65267447362,0,0.06252814829349518,-0.2564825117588043,-0.1288464516401291,0.06252814829349518,-0.2564825117588043,-0.8288464546203613,0.046125415712594986,0.04907122254371643,-0.023326925933361053,0.0,0.0,0.0,-0.008548328652977943,-0.012337494641542435,0.770939826965332,0.0,0.0,0.770939826965332,0.053266432136297226,-0.025940991938114166,-1.7970004081726074,0.07843826711177826,0.09044992178678513,0.009597600437700748,0.0,0.0,0.0,-1.2346357107162476,10.130555152893066,0.5,10.840441703796387,1.2335346937179565,-10.0,-10.0,2.0,2.0,2.0,31.390926361083984,0.3005078136920929,0.28977540135383606,0.30204102396965027,0.29590821266174316,0.0,0.30469265580177307,0.30469265580177307,0.30469265580177307,0.30469265580177307,0.0,0.28419435024261475,1.1938166618347168,-10.140279769897461,0.0,0.0,0.0,0.0,0.0,0.0,0.0,0.0,0.0,0.0,0.0,0.0,0.0,0.0,0.0,0.30469274520874023,0.30469274520874023,0.304692804813385,0.30469274520874023,0.05808193236589432,0.04114978387951851,0.04114978387951851,0.6276928782463074,1.1877129077911377,-0.3916285037994385,1.4567497968673706,0.0,0.0,0.0,0.0,0.0,0.0,0.0
65277479449,0,0.06252814829349518,-0.2564825117588043,-0.1288464516401291,0.06252814829349518,-0.2564825117588043,-0.8288464546203613,0.046125415712594986,0.04907122254371643,-0.023326925933361053,0.0,0.0,0.0,-0.008548328652977943,-0.012337494641542435,0.770939826965332,0.0,0.0,0.770939826965332,0.06314852088689804,-0.02596799097955227,-1.775702953338623,0.07843826711177826,0.09044992178678513,0.009597600437700748,0.0,0.0,0.0,-1.248531460762024,10.13131046295166,0.5,10.821020126342773,1.232176661491394,-10.0,-10.0,2.0,2.0,2.0,31.415119171142578,0.3005078136920929,0.28977540135383606,0.30357420444488525,0.29590821266174316,0.0,0.30469265580177307,0.30469265580177307,0.30469265580177307,0.30469265580177307,0.0,0.28419435024261475,1.1938166618347168,-10.140279769897461,0.0,0.0,0.0,0.0,0.0,0.0,0.0,0.0,0.0,0.0,0.0,0.0,0.0,0.0,0.0,0.30469274520874023,0.30469274520874023,0.304692804813385,0.30469274520874023,0.05808193236589432,0.04114978387951851,0.04114978387951851,0.6276928782463074,1.0320675373077393,-0.16819168627262115,1.7867563962936401,0.0,0.0,0.0,0.0,0.0,0.0,0.0
65287707297,0,0.06309579312801361,-0.2541901171207428,-0.12999235093593597,0.06309579312801361,-0.2541901171207428,-0.8299923539161682,0.042531225830316544,0.059252116829156876,-0.03484378010034561,0.0,0.0,0.0,-0.0068842703476548195,-0.013167129829525948,0.7396210432052612,0.0,0.0,0.7396210432052612,0.06314852088689804,-0.02596799097955227,-1.775702953338623,0.057114433497190475,0.10366030782461166,0.009481225162744522,0.0,0.0,0.0,-1.248531460762024,10.13131046295166,0.5,10.821020126342773,1.232176661491394,-10.0,-10.0,2.0,2.0,2.0,31.415119171142578,0.3005078136920929,0.28977540135383606,0.30357420444488525,0.29744139313697815,0.0,0.30469265580177307,0.30469265580177307,0.30469265580177307,0.30469265580177307,0.0,-0.21605341136455536,0.49615249037742615,-9.85720157623291,0.0,0.0,0.0,0.0,0.0,0.0,0.0,0.0,0.0,0.0,0.0,0.0,0.0,0.0,0.0,0.30469274520874023,0.30469274520874023,0.304692804813385,0.30469274520874023,0.057641636580228806,0.04114978387951851,0.04114978387951851,0.6280922889709473,1.0320675373077393,-0.16819168627262115,1.7867563962936401,0.0,0.0,0.0,0.0,0.0,0.0,0.0
65303087868,0,0.06336411088705063,-0.2529394328594208,-0.13058020174503326,0.06336411088705063,-0.2529394328594208,-0.8305801749229431,0.036268338561058044,0.06476906687021255,-0.02998603880405426,0.0,0.0,0.0,-0.006329578813165426,-0.013278904370963573,0.7249469757080078,0.0,0.0,0.724946916103363,0.04349454492330551,-0.01558369304984808,-1.6965540647506714,0.057114433497190475,0.10366030782461166,0.009481225162744522,0.0,0.0,0.0,-1.248531460762024,10.13131046295166,0.5,10.821020126342773,1.232176661491394,-10.0,-10.0,2.0,2.0,2.0,31.415119171142578,0.30357420444488525,0.28977540135383606,0.30357420444488525,0.29744139313697815,0.0,0.30469265580177307,0.30469265580177307,0.30469265580177307,0.30469265580177307,0.0,-0.22495880722999573,0.6165962815284729,-8.3404541015625,0.0,0.0,0.0,0.0,0.0,0.0,0.0,0.0,0.0,0.0,0.0,0.0,0.0,0.0,0.0,0.30469274520874023,0.30469274520874023,0.304692804813385,0.30469274520874023,0.057641636580228806,0.04114978387951851,0.04114978387951851,0.6280922889709473,-0.581746518611908,0.27797916531562805,3.3697526454925537,0.0,0.0,0.0,0.0,0.0,0.0,0.0
65307448915,0,0.06336411088705063,-0.2529394328594208,-0.13058020174503326,0.06386544555425644,-0.2502778470516205,-0.8314275741577148,0.036268338561058044,0.06476906687021255,-0.02998603880405426,0.0,0.0,0.0,-0.006329578813165426,-0.013278904370963573,0.7249469757080078,0.0,0.0,0.6952174305915833,0.04349454492330551,-0.01558369304984808,-1.6965540647506714,0.049170296639204025,0.10790397971868515,0.017575319856405258,0.0,0.0,0.0,-1.2178659439086914,10.119651794433594,0.4977455139160156,10.747519493103027,1.2297712564468384,-10.0,-10.0,2.0,2.0,2.0,31.287757873535156,0.30357420444488525,0.28977540135383606,0.30204102396965027,0.29744139313697815,0.0,0.30469265580177307,0.30469265580177307,0.30469265580177307,0.30469265580177307,0.0,0.31012988090515137,0.9668712019920349,-9.042017936706543,0.0,0.0,0.0,0.0,0.0,0.0,0.0,0.0,0.0,0.0,0.0,0.0,0.0,0.0,0.0,0.30469274520874023,0.30469274520874023,0.304692804813385,0.30469274520874023,0.05961473286151886,0.04114978387951851,0.04114978387951851,0.6259878873825073,-0.581746518611908,0.27797916531562805,3.3697526454925537,0.0,0.0,0.0,0.0,0.0,0.0,0.0
65317519503,0,0.06386544555425644,-0.2502778470516205,-0.1314275562763214,0.06386544555425644,-0.2502778470516205,-0.8314275741577148,0.03182860091328621,0.07834716141223907,0.0017439528601244092,0.0,0.0,0.0,-0.005929344799369574,-0.014076188206672668,0.6952173709869385,0.0,0.0,0.6952174305915833,0.01038489118218422,-0.028137387707829475,-1.700695276260376,0.04592875391244888,0.11984069645404816,0.009624609723687172,0.0,0.0,0.0,-1.1760538816452026,10.1503267288208,0.5,10.783809661865234,1.2266523838043213,-10.0,-10.0,2.0,2.0,2.0,31.326135635375977,0.30204102396965027,0.28977540135383606,0.30204102396965027,0.29590821266174316,0.0,0.30469265580177307,0.30469265580177307,0.30469265580177307,0.30469265580177307,0.0,0.31012988090515137,0.9668712019920349,-9.042017936706543,0.0,0.0,0.0,0.0,0.0,0.0,0.0,0.0,0.0,0.0,0.0,0.0,0.0,0.0,0.0,0.30469274520874023,0.30469274520874023,0.304692804813385,0.30469274520874023,0.06081143394112587,0.04114978387951851,0.04114978387951851,0.6266221404075623,-1.407383918762207,-0.4381324350833893,0.5949256420135498,0.0,0.0,0.0,0.0,0.0,0.0,0.0
65327480058,0,0.06386544555425644,-0.2502778470516205,-0.1314275562763214,0.06386544555425644,-0.2502778470516205,-0.8314275741577148,0.03182860091328621,0.07834716141223907,0.0017439528601244092,0.0,0.0,0.0,-0.005929344799369574,-0.014076188206672668,0.6952173709869385,0.0,0.0,0.6952174305915833,0.0005341352662071586,-0.02867850475013256,-1.714692234992981,0.04379953444004059,0.1218799278140068,0.009006034582853317,0.0,0.0,0.0,-1.169943928718567,10.1526517868042,0.5,10.795360565185547,1.224751353263855,-10.0,-10.0,2.0,2.0,2.0,31.33560562133789,0.3005078136920929,0.28977540135383606,0.30357420444488525,0.29744139313697815,0.0,0.30469265580177307,0.30469265580177307,0.30469265580177307,0.30469265580177307,0.0,0.2499035894870758,0.5126315355300903,-10.13945484161377,0.0,0.0,0.0,0.0,0.0,0.0,0.0,0.0,0.0,0.0,0.0,0.0,0.0,0.0,0.0,0.30469274520874023,0.30469274520874023,0.304692804813385,0.30469274520874023,0.06112843379378319,0.04114978387951851,0.04114978387951851,0.6267784833908081,-1.1542069911956787,-0.2093597650527954,-0.25868239998817444,0.0,0.0,0.0,0.0,0.0,0.0,0.0
65337443086,0,0.06467762589454651,-0.24566951394081116,-0.1322302371263504,0.06495250016450882,-0.24401503801345825,-0.832561194896698,0.029543545097112656,0.09928948432207108,-0.0052973683923482895,0.0,0.0,0.0,-0.005301347933709621,-0.01526646688580513,0.6491628289222717,0.0,0.0,0.6353930234909058,0.0005341352662071586,-0.02867850475013256,-1.714692234992981,0.04379953444004059,0.1218799278140068,0.009006034582853317,0.0,0.0,0.0,-1.169943928718567,10.1526517868042,0.5,10.795360565185547,1.224751353263855,-10.0,-10.0,2.0,2.0,2.0,31.33560562133789,0.3005078136920929,0.28977540135383606,0.3051074147224426,0.29744139313697815,0.0,0.30469265580177307,0.30469265580177307,0.30469265580177307,0.30469265580177307,0.0,-0.03096446767449379,0.48558875918388367,-10.480315208435059,0.0,0.0,0.0,0.0,0.0,0.0,0.0,0.0,0.0,0.0,0.0,0.0,0.0,0.0,0.0,0.30469274520874023,0.30469274520874023,0.304692804813385,0.30469274520874023,0.06112843379378319,0.04114978387951851,0.04114978387951851,0.6267784833908081,-1.1542069911956787,-0.2093597650527954,-0.25868239998817444,0.0,0.0,0.0,0.0,0.0,0.0,0.0
65348871073,0,0.06495250016450882,-0.24401503801345825,-0.13256122171878815,0.06495250016450882,-0.24401503801345825,-0.832561194896698,0.026263916864991188,0.10451699048280716,-0.0074740219861269,0.0,0.0,0.0,-0.005158029962331057,-0.015285159461200237,0.635392963886261,0.0,0.0,0.6353930234909058,-0.013830813579261303,-0.011030352674424648,-1.643478274345398,0.04379953444004059,0.1218799278140068,0.009006034582853317,0.0,0.0,0.0,-1.1544615030288696,10.129997253417969,0.43328094482421875,10.777640342712402,1.221102237701416,-10.0,-10.0,3.1379852294921875,2.0,2.0,29.529537200927734,0.30204102396965027,0.2882421910762787,0.30357420444488525,0.29744139313697815,0.0,0.30469265580177307,0.30469265580177307,0.30469265580177307,0.30469265580177307,0.0,-0.22737669944763184,0.6101090312004089,-10.145840644836426,0.0,0.0,0.0,0.0,0.0,0.0,0.0,0.0,0.0,0.0,0.0,0.0,0.0,0.0,0.0,0.30469274520874023,0.30469274520874023,0.304692804813385,0.30469274520874023,0.09903378039598465,0.04114978387951851,0.04114978387951851,0.5967313647270203,-1.0087851285934448,0.43847471475601196,2.7788476943969727,0.0,0.0,0.0,0.0,0.0,0.0,0.0
65359679997,0,0.06495250016450882,-0.24401503801345825,-0.13256122171878815,0.06542590260505676,-0.2404564768075943,-0.8331668376922607,0.026263916864991188,0.10451699048280716,-0.0074740219861269,0.0,0.0,0.0,-0.005158029962331057,-0.015285159461200237,0.635392963886261,0.0,0.0,0.6076630353927612,-0.013830813579261303,-0.011030352674424648,-1.643478274345398,0.04272210970520973,0.12335152179002762,0.008135234005749226,0.0,0.0,0.0,-1.1544615030288696,10.129997253417969,0.43328094482421875,10.777640342712402,1.221102237701416,-10.0,-10.0,3.1379852294921875,2.0,2.0,29.529537200927734,0.30204102396965027,0.2882421910762787,0.30204102396965027,0.29744139313697815,0.0,0.30469265580177307,0.30469265580177307,0.30469265580177307,0.30469265580177307,0.0,-0.22737669944763184,0.6101090312004089,-10.145840644836426,0.0,0.0,0.0,0.0,0.0,0.0,0.0,0.0,0.0,0.0,0.0,0.0,0.0,0.0,0.0,0.30469274520874023,0.30469274520874023,0.304692804813385,0.30469274520874023,0.09903378039598465,0.04114978387951851,0.04114978387951851,0.5967313647270203,-1.0087851285934448,0.43847471475601196,2.7788476943969727,0.0,0.0,0.0,0.0,0.0,0.0,0.0
65368974702,0,0.06542590260505676,-0.2404564768075943,-0.1331668645143509,0.06542590260505676,-0.2404564768075943,-0.8331668376922607,0.02006133645772934,0.1250447779893875,-0.0014944988070055842,0.0,0.0,0.0,-0.005638187285512686,-0.016713660210371017,0.607663094997406,0.0,0.0,0.6076630353927612,-0.03926960006356239,-0.049241140484809875,-1.6005667448043823,0.045763541013002396,0.1372264176607132,0.008889294229447842,0.0,0.0,0.0,-1.1205320358276367,10.199895858764648,0.39676761627197266,10.792145729064941,1.216556429862976,-10.0,-10.0,4.255380153656006,2.0,2.0,28.630462646484375,0.30204102396965027,0.28977540135383606,0.30204102396965027,0.29744139313697815,0.0,0.30469265580177307,0.30469265580177307,0.30469265580177307,0.30469265580177307,0.0,0.12449034303426743,1.1740376949310303,-9.447225570678711,0.0,0.0,0.0,0.0,0.0,0.0,0.0,0.0,0.0,0.0,0.0,0.0,0.0,0.0,0.0,0.30469274520874023,0.30469274520874023,0.304692804813385,0.30469274520874023,0.12297528237104416,0.04114978387951851,0.04114978387951851,0.5816212296485901,-1.0991239547729492,-1.3428326845169067,1.817923665046692,0.0,0.0,0.0,0.0,0.0,0.0,0.0
65378582055,0,0.06542590260505676,-0.2404564768075943,-0.1331668645143509,0.06542590260505676,-0.2404564768075943,-0.8331668376922607,0.02006133645772934,0.1250447779893875,-0.0014944988070055842,0.0,0.0,0.0,-0.005638187285512686,-0.016713660210371017,0.607663094997406,0.0,0.0,0.6076630353927612,-0.04324984550476074,-0.052607376128435135,-1.59688138961792,0.0468231737613678,0.1432107836008072,0.00867680087685585,0.0,0.0,0.0,-1.1163005828857422,10.204446792602539,0.3934650421142578,10.798309326171875,1.2144824266433716,-10.0,-10.0,4.354850769042969,2.0,2.0,28.5435848236084,0.30204102396965027,0.29130858182907104,0.30357420444488525,0.29744139313697815,0.0,0.30469265580177307,0.30469265580177307,0.30469265580177307,0.30469265580177307,0.0,-0.6068548560142517,0.6849269866943359,-10.259952545166016,0.0,0.0,0.0,0.0,0.0,0.0,0.0,0.0,0.0,0.0,0.0,0.0,0.0,0.0,0.0,0.30469274520874023,0.30469274520874023,0.304692804813385,0.30469274520874023,0.12509077787399292,0.04114978387951851,0.04114978387951851,0.5801554918289185,-0.8108844757080078,-0.8628793358802795,1.2393723726272583,0.0,0.0,0.0,0.0,0.0,0.0,0.0
65387413012,0,0.06577932089567184,-0.23646517097949982,-0.13377055525779724,0.06585633009672165,-0.2343875765800476,-0.8341284990310669,0.016424400731921196,0.13817653059959412,-0.00876764114946127,0.0,0.0,0.0,-0.005899728741496801,-0.018099095672369003,0.5790067911148071,0.0,0.0,0.565617561340332,-0.04324984550476074,-0.052607376128435135,-1.59688138961792,0.0468231737613678,0.1432107836008072,0.00867680087685585,0.0,0.0,0.0,-1.1163005828857422,10.204446792602539,0.3934650421142578,10.798309326171875,1.2144824266433716,-10.0,-10.0,4.354850769042969,2.0,2.0,28.5435848236084,0.30204102396965027,0.28977540135383606,0.3051074147224426,0.29744139313697815,0.0,0.30469265580177307,0.30469265580177307,0.30469265580177307,0.30469265580177307,0.0,-0.4642190933227539,0.6229507923126221,-9.51610279083252,0.0,0.0,0.0,0.0,0.0,0.0,0.0,0.0,0.0,0.0,0.0,0.0,0.0,0.0,0.0,0.30469274520874023,0.30469274520874023,0.304692804813385,0.30469274520874023,0.12509077787399292,0.04114978387951851,0.04114978387951851,0.5801554918289185,-0.8108844757080078,-0.8628793358802795,1.2393723726272583,0.0,0.0,0.0,0.0,0.0,0.0,0.0
65402632622,0,0.06585633009672165,-0.2343875765800476,-0.13412849605083466,0.06585633009672165,-0.2343875765800476,-0.8341284990310669,0.009623618796467781,0.1429998278617859,-0.012512078508734703,0.0,0.0,0.0,-0.006051530130207539,-0.017746716737747192,0.565617561340332,0.0,0.0,0.565617561340332,-0.050084177404642105,-8.583231829106808e-05,-1.5345640182495117,0.05045979097485542,0.13824748992919922,0.015526670962572098,0.0,0.0,0.0,-1.1042559146881104,10.121455192565918,0.32307910919189453,10.811493873596191,1.2098724842071533,-10.0,-10.0,6.086474895477295,2.0,2.0,26.550661087036133,0.30357420444488525,0.2882421910762787,0.30357420444488525,0.29590821266174316,0.0,0.30469265580177307,0.30469265580177307,0.30469265580177307,0.30469265580177307,0.0,-0.4642190933227539,0.6229507923126221,-9.51610279083252,0.0,0.0,0.0,0.0,0.0,0.0,0.0,0.0,0.0,0.0,0.0,0.0,0.0,0.0,0.0,0.30469274520874023,0.30469274520874023,0.304692804813385,0.30469274520874023,0.16151686012744904,0.04114978387951851,0.04114978387951851,0.5462650060653687,-0.5072553753852844,1.687795877456665,2.7995009422302246,0.0,0.0,0.0,0.0,0.0,0.0,0.0
65407319796,0,0.06592564284801483,-0.22981999814510345,-0.13476938009262085,0.06592564284801483,-0.22981999814510345,-0.8347693681716919,0.0036076135002076626,0.15561559796333313,-0.0021713036112487316,0.0,0.0,0.0,-0.006557716988027096,-0.017716186121106148,0.5394289493560791,0.0,0.0,0.5394289493560791,-0.04232154041528702,-0.017851674929261208,-1.5012412071228027,0.05045979097485542,0.13824748992919922,0.015526670962572098,0.0,0.0,0.0,-1.1042559146881104,10.121455192565918,0.32307910919189453,10.811493873596191,1.2098724842071533,-10.0,-10.0,6.086474895477295,2.0,2.0,26.550661087036133,0.30204102396965027,0.2882421910762787,0.30357420444488525,0.29744139313697815,0.0,0.30469265580177307,0.30469265580177307,0.30469265580177307,0.30469265580177307,0.0,-0.09889817982912064,1.1058192253112793,-9.783426284790039,0.0,0.0,0.0,0.0,0.0,0.0,0.0,0.0,0.0,0.0,0.0,0.0,0.0,0.0,0.0,0.30469274520874023,0.30469274520874023,0.304692804813385,0.30469274520874023,0.16151686012744904,0.04114978387951851,0.04114978387951851,0.5462650060653687,0.29202109575271606,-0.5241034626960754,1.6877925395965576,0.0,0.0,0.0,0.0,0.0,0.0,0.0
65417279759,0,0.06592564284801483,-0.22981999814510345,-0.13476938009262085,0.06586766242980957,-0.2249038964509964,-0.8353682160377502,0.0036076135002076626,0.15561559796333313,-0.0021713036112487316,0.0,0.0,0.0,-0.006557716988027096,-0.017716186121106148,0.5394289493560791,0.0,0.0,0.5125731825828552,-0.04232154041528702,-0.017851674929261208,-1.5012412071228027,0.050973597913980484,0.1516382396221161,0.008158892393112183,0.0,0.0,0.0,-1.1144821643829346,10.174731254577637,0.28993892669677734,10.825233459472656,1.2048571109771729,-10.0,-10.0,7.023660659790039,2.0,2.0,25.786508560180664,0.30204102396965027,0.28977540135383606,0.30357420444488525,0.29744139313697815,0.0,0.30469265580177307,0.30469265580177307,0.30469265580177307,0.30469265580177307,0.0,-0.09889817982912064,1.1058192253112793,-9.783426284790039,0.0,0.0,0.0,0.0,0.0,0.0,0.0,0.0,0.0,0.0,0.0,0.0,0.0,0.0,0.0,0.30469274520874023,0.30469274520874023,0.304692804813385,0.30469274520874023,0.18092525005340576,0.04114978387951851,0.04114978387951851,0.5331293344497681,0.29202109575271606,-0.5241034626960754,1.6877925395965576,0.0,0.0,0.0,0.0,0.0,0.0,0.0
65428154345,0,0.06586766242980957,-0.2249038964509964,-0.1353682279586792,0.06586766242980957,-0.2249038964509964,-0.8353682160377502,-0.0013915409799665213,0.1744069755077362,-0.016961313784122467,0.0,0.0,0.0,-0.006227040197700262,-0.019452007487416267,0.5125731825828552,0.0,0.0,0.5125731825828552,-0.04232154041528702,-0.017851674929261208,-1.5012412071228027,0.050973597913980484,0.1516382396221161,0.008158892393112183,0.0,0.0,0.0,-1.1144821643829346,10.174731254577637,0.28993892669677734,10.825233459472656,1.2048571109771729,-10.0,-10.0,7.023660659790039,2.0,2.0,25.786508560180664,0.30204102396965027,0.29130858182907104,0.30357420444488525,0.29590821266174316,0.0,0.30469265580177307,0.30469265580177307,0.30469265580177307,0.30469265580177307,0.0,0.008945463225245476,0.8166733980178833,-10.951276779174805,0.0,0.0,0.0,0.0,0.0,0.0,0.0,0.0,0.0,0.0,0.0,0.0,0.0,0.0,0.0,0.30469274520874023,0.30469274520874023,0.304692804813385,0.30469274520874023,0.18092525005340576,0.04114978387951851,0.04114978387951851,0.5331293344497681,0.29202109575271606,-0.5241034626960754,1.6877925395965576,0.0,0.0,0.0,0.0,0.0,0.0,0.0
65438067703,0,0.06586766242980957,-0.2249038964509964,-0.1353682279586792,0.06578018516302109,-0.219660684466362,-0.8363240361213684,-0.0013915409799665213,0.1744069755077362,-0.016961313784122467,0.0,0.0,0.0,-0.006227040197700262,-0.019452007487416267,0.5125731825828552,0.0,0.0,0.48821377754211426,-0.025406692177057266,-0.03504256159067154,-1.4805654287338257,0.048287492245435715,0.1568049192428589,0.00765516422688961,0.0,0.0,0.0,-1.1382497549057007,10.201904296875,0.2654132843017578,10.831902503967285,1.2025939226150513,-10.0,-10.0,7.671060085296631,2.0,2.0,25.226898193359375,0.30204102396965027,0.28977540135383606,0.30357420444488525,0.29590821266174316,0.0,0.30469265580177307,0.30469265580177307,0.30469265580177307,0.30469265580177307,0.0,0.008945463225245476,0.8166733980178833,-10.951276779174805,0.0,0.0,0.0,0.0,0.0,0.0,0.0,0.0,0.0,0.0,0.0,0.0,0.0,0.0,0.0,0.30469274520874023,0.30469274520874023,0.304692804813385,0.30469274520874023,0.19421198964118958,0.04114978387951851,0.04114978387951851,0.5234591364860535,0.9350064396858215,-1.0056980848312378,1.88494873046875,0.0,0.0,0.0,0.0,0.0,0.0,0.0
65447860834,0,0.06578018516302109,-0.219660684466362,-0.13632404804229736,0.06578018516302109,-0.219660684466362,-0.8363240361213684,-0.0044464850798249245,0.18422675132751465,-0.03203887119889259,0.0,0.0,0.0,-0.005730491131544113,-0.019666779786348343,0.48821377754211426,0.0,0.0,0.48821377754211426,-0.016218362376093864,-0.010448700748383999,-1.3974179029464722,0.04669841378927231,0.1552213430404663,0.007247620727866888,0.0,0.0,0.0,-1.1400865316390991,10.158425331115723,0.17375659942626953,10.84389877319336,1.1989572048187256,-10.0,-10.0,9.998306274414062,2.0,2.0,22.763212203979492,0.30204102396965027,0.28977540135383606,0.30357420444488525,0.29590821266174316,0.0,0.30469265580177307,0.30469265580177307,0.30469265580177307,0.30469265580177307,0.0,-0.3480130434036255,0.4666161835193634,-10.499495506286621,0.0,0.0,0.0,0.0,0.0,0.0,0.0,0.0,0.0,0.0,0.0,0.0,0.0,0.0,0.0,0.30469274520874023,0.30469274520874023,0.304692804813385,0.30469274520874023,0.2411942034959793,0.04114978387951851,0.04114978387951851,0.4803573489189148,0.4046088457107544,0.724453330039978,3.5843729972839355,0.0,0.0,0.0,0.0,0.0,0.0,0.0
65459316131,0,0.06578018516302109,-0.219660684466362,-0.13632404804229736,0.06578018516302109,-0.219660684466362,-0.8363240361213684,-0.0044464850798249245,0.18422675132751465,-0.03203887119889259,0.0,0.0,0.0,-0.005730491131544113,-0.019666779786348343,0.48821377754211426,0.0,0.0,0.48821377754211426,-0.02716759592294693,-0.0078100222162902355,-1.37141752243042,0.04809306934475899,0.15703442692756653,0.0074735721573233604,0.0,0.0,0.0,-1.1186726093292236,10.160455703735352,0.15425682067871094,10.850085258483887,1.196935772895813,-10.0,-10.0,10.546182632446289,2.0,2.0,22.221715927124023,0.30204102396965027,0.2882421910762787,0.30357420444488525,0.29744139313697815,0.0,0.30469265580177307,0.30469265580177307,0.30469265580177307,0.30469265580177307,0.0,-0.3480130434036255,0.4666161835193634,-10.499495506286621,0.0,0.0,0.0,0.0,0.0,0.0,0.0,0.0,0.0,0.0,0.0,0.0,0.0,0.0,0.0,0.30469274520874023,0.30469274520874023,0.304692804813385,0.30469274520874023,0.25208398699760437,0.04114978387951851,0.04114978387951851,0.4707655608654022,-0.3002469837665558,0.4388667345046997,2.982642650604248,0.0,0.0,0.0,0.0,0.0,0.0,0.0
65467484966,0,0.06561548262834549,-0.21433326601982117,-0.13718678057193756,0.06561548262834549,-0.21433326601982117,-0.8371867537498474,-0.005762199871242046,0.19519950449466705,-0.01337810792028904,0.0,0.0,0.0,-0.006091452669352293,-0.02008584514260292,0.46389201283454895,0.0,0.0,0.46389201283454895,-0.043505482375621796,-0.041125573217868805,-1.384234070777893,0.04809306934475899,0.15703442692756653,0.0074735721573233604,0.0,0.0,0.0,-1.1186726093292236,10.160455703735352,0.15425682067871094,10.850085258483887,1.196935772895813,-10.0,-10.0,9.994546890258789,2.0,2.0,22.95555877685547,0.30357420444488525,0.28977540135383606,0.30357420444488525,0.29590821266174316,0.0,0.30469265580177307,0.30469265580177307,0.30469265580177307,0.30469265580177307,0.0,0.026627425104379654,0.6091336607933044,-8.685178756713867,0.0,0.0,0.0,0.0,0.0,0.0,0.0,0.0,0.0,0.0,0.0,0.0,0.0,0.0,0.0,0.30469274520874023,0.30469274520874023,0.304692804813385,0.30469274520874023,0.25208398699760437,0.04114978387951851,0.04114978387951851,0.4707655608654022,-0.6538122296333313,-1.0572367906570435,0.234983429312706,0.0,0.0,0.0,0.0,0.0,0.0,0.0
65477443382,0,0.06538944691419601,-0.2087872326374054,-0.1377425193786621,0.06538944691419601,-0.2087872326374054,-0.8377425074577332,0.0003652491723187268,0.19780750572681427,-0.0032587205059826374,0.0,0.0,0.0,-0.006334466859698296,-0.02172572910785675,0.43828022480010986,0.0,0.0,0.43828022480010986,-0.043505482375621796,-0.041125573217868805,-1.384234070777893,0.05079976096749306,0.17258550226688385,0.01562628522515297,0.0,0.0,0.0,-1.0927464962005615,10.221843719482422,0.1806201934814453,10.861065864562988,1.1928625106811523,-10.0,-10.0,9.994546890258789,2.0,2.0,22.95555877685547,0.30204102396965027,0.29130858182907104,0.30357420444488525,0.29590821266174316,0.0,0.30469265580177307,0.30469265580177307,0.30469265580177307,0.30469265580177307,0.0,0.10994971543550491,-0.543768584728241,-9.551689147949219,0.0,0.0,0.0,0.0,0.0,0.0,0.0,0.0,0.0,0.0,0.0,0.0,0.0,0.0,0.0,0.30469274520874023,0.30469274520874023,0.304692804813385,0.30469274520874023,0.24111934006214142,0.04114978387951851,0.04114978387951851,0.4837541878223419,-0.6538122296333313,-1.0572367906570435,0.234983429312706,0.0,0.0,0.0,0.0,0.0,0.0,0.0
65487404090,0,0.06529494374990463,-0.20600947737693787,-0.13796904683113098,0.06529494374990463,-0.20600947737693787,-0.8379690647125244,0.005470058880746365,0.1963525116443634,-0.0006829720223322511,0.0,0.0,0.0,-0.006522361189126968,-0.022010844200849533,0.42567476630210876,0.0,0.0,0.42567479610443115,-0.06079569458961487,-0.018394986167550087,-1.383134365081787,0.05079976096749306,0.17258550226688385,0.01562628522515297,0.0,0.0,0.0,-1.0927464962005615,10.221843719482422,0.1806201934814453,10.861065864562988,1.1928625106811523,-10.0,-10.0,9.697031021118164,2.0,2.0,23.243974685668945,0.30204102396965027,0.29130858182907104,0.30357420444488525,0.29590821266174316,0.0,0.30469265580177307,0.30469265580177307,0.30469265580177307,0.30469265580177307,0.0,-0.1729835718870163,-0.2133258581161499,-9.597212791442871,0.0,0.0,0.0,0.0,0.0,0.0,0.0,0.0,0.0,0.0,0.0,0.0,0.0,0.0,0.0,0.30469274520874023,0.30469274520874023,0.304692804813385,0.30469274520874023,0.24111934006214142,0.04114978387951851,0.04114978387951851,0.4837541878223419,-0.8807909488677979,0.7494559288024902,0.36736175417900085,0.0,0.0,0.0,0.0,0.0,0.0,0.0
65498548570,0,0.06529494374990463,-0.20600947737693787,-0.13796904683113098,0.06529494374990463,-0.20600947737693787,-0.8379690647125244,0.005470058880746365,0.1963525116443634,-0.0006829720223322511,0.0,0.0,0.0,-0.006522361189126968,-0.022010844200849533,0.42567476630210876,0.0,0.0,0.42567479610443115,-0.06079569458961487,-0.018394986167550087,-1.383134365081787,0.05711805075407028,0.17259463667869568,0.007335301022976637,0.0,0.0,0.0,-1.0637017488479614,10.184093475341797,0.17336654663085938,10.871450424194336,1.1883978843688965,-10.0,-10.0,10.169597625732422,2.0,2.0,22.668306350708008,0.30204102396965027,0.28977540135383606,0.30357420444488525,0.29590821266174316,0.0,0.30469265580177307,0.30469265580177307,0.30469265580177307,0.30469265580177307,0.0,-0.1729835718870163,-0.2133258581161499,-9.597212791442871,0.0,0.0,0.0,0.0,0.0,0.0,0.0,0.0,0.0,0.0,0.0,0.0,0.0,0.0,0.0,0.30469274520874023,0.30469274520874023,0.304692804813385,0.30469274520874023,0.24460570514202118,0.04114978387951851,0.04114978387951851,0.47867950797080994,-0.8807909488677979,0.7494559288024902,0.36736175417900085,0.0,0.0,0.0,0.0,0.0,0.0,0.0
65508880435,0,0.06529494374990463,-0.20600947737693787,-0.13796904683113098,0.06529494374990463,-0.20600947737693787,-0.8379690647125244,0.005470058880746365,0.1963525116443634,-0.0006829720223322511,0.0,0.0,0.0,-0.006522361189126968,-0.022010844200849533,0.42567476630210876,0.0,0.0,0.42567479610443115,-0.07202804088592529,0.0025565680116415024,-1.3621474504470825,0.0603528767824173,0.17206695675849915,0.007371748797595501,0.0,0.0,0.0,-1.043853521347046,10.156349182128906,0.13884544372558594,10.876813888549805,1.185749888420105,-10.0,-10.0,11.064545631408691,2.0,2.0,21.67730140686035,0.30204102396965027,0.28977540135383606,0.30357420444488525,0.29590821266174316,0.0,0.30469265580177307,0.30469265580177307,0.30469265580177307,0.30469265580177307,0.0,-0.06703167408704758,-0.09451718628406525,-9.280088424682617,0.0,0.0,0.0,0.0,0.0,0.0,0.0,0.0,0.0,0.0,0.0,0.0,0.0,0.0,0.0,0.30469274520874023,0.30469274520874023,0.304692804813385,0.30469274520874023,0.2623295783996582,0.04114978387951851,0.04114978387951851,0.46107733249664307,-0.9515434503555298,1.3161499500274658,1.1480109691619873,0.0,0.0,0.0,0.0,0.0,0.0,0.0
65517411831,0,0.0651102289557457,-0.20043201744556427,-0.13833516836166382,0.0651102289557457,-0.20043201744556427,-0.8383351564407349,0.007632568012923002,0.19821582734584808,0.006591162644326687,0.0,0.0,0.0,-0.007405401207506657,-0.021639419719576836,0.40142765641212463,0.0,0.0,0.401427686214447,-0.08142677694559097,0.006285922601819038,-1.35185706615448,0.0603528767824173,0.17206695675849915,0.007371748797595501,0.0,0.0,0.0,-1.043853521347046,10.156349182128906,0.13884544372558594,10.876813888549805,1.185749888420105,-10.0,-10.0,11.064545631408691,2.0,2.0,21.67730140686035,0.30204102396965027,0.28977540135383606,0.30357420444488525,0.29590821266174316,0.0,0.30469265580177307,0.30469265580177307,0.30469265580177307,0.30469265580177307,0.0,0.06419932842254639,-0.01269893255084753,-8.941336631774902,0.0,0.0,0.0,0.0,0.0,0.0,0.0,0.0,0.0,0.0,0.0,0.0,0.0,0.0,0.0,0.30469274520874023,0.30469274520874023,0.304692804813385,0.30469274520874023,0.2623295783996582,0.04114978387951851,0.04114978387951851,0.46107733249664307,-0.9278395771980286,0.8055334687232971,1.0270695686340332,0.0,0.0,0.0,0.0,0.0,0.0,0.0
65527425273,0,0.06493599712848663,-0.19473744928836823,-0.1384543776512146,0.06493599712848663,-0.19473744928836823,-0.8384543657302856,0.013763773255050182,0.20133839547634125,0.020708179101347923,0.0,0.0,0.0,-0.008364111185073853,-0.0221780426800251,0.3766189515590668,0.0,0.0,0.3766189515590668,-0.09317958354949951,-0.001384201692417264,-1.3518627882003784,0.0698276087641716,0.17783182859420776,0.007598818279802799,0.0,0.0,0.0,-1.0064492225646973,10.178436279296875,0.1274423599243164,10.886337280273438,1.1803982257843018,-10.0,-10.0,11.452922821044922,2.0,2.0,21.354013442993164,0.30204102396965027,0.28977540135383606,0.30357420444488525,0.29590821266174316,0.0,0.30469265580177307,0.30469265580177307,0.30469265580177307,0.30469265580177307,0.0,0.13369129598140717,-0.17991796135902405,-9.097029685974121,0.0,0.0,0.0,0.0,0.0,0.0,0.0,0.0,0.0,0.0,0.0,0.0,0.0,0.0,0.0,0.30469274520874023,0.30469274520874023,0.304692804813385,0.30469274520874023,0.2699696123600006,0.04114978387951851,0.04114978387951851,0.4553028643131256,-1.094179630279541,0.07798340916633606,0.5816227793693542,0.0,0.0,0.0,0.0,0.0,0.0,0.0
65537613458,0,0.06493599712848663,-0.19473744928836823,-0.1384543776512146,0.06477855890989304,-0.18895547091960907,-0.8384596705436707,0.013763773255050182,0.20133839547634125,0.020708179101347923,0.0,0.0,0.0,-0.008364111185073853,-0.0221780426800251,0.3766189515590668,0.0,0.0,0.3519652783870697,-0.09317958354949951,-0.001384201692417264,-1.3518627882003784,0.07617278397083282,0.18219448626041412,0.007498627528548241,0.0,0.0,0.0,-1.0064492225646973,10.178436279296875,0.1274423599243164,10.886337280273438,1.1803982257843018,-10.0,-10.0,11.452922821044922,2.0,2.0,21.354013442993164,0.30357420444488525,0.29130858182907104,0.30357420444488525,0.29590821266174316,0.0,0.30469265580177307,0.30469265580177307,0.30469265580177307,0.30469265580177307,0.0,0.13369129598140717,-0.17991796135902405,-9.097029685974121,0.0,0.0,0.0,0.0,0.0,0.0,0.0,0.0,0.0,0.0,0.0,0.0,0.0,0.0,0.0,0.30469274520874023,0.30469274520874023,0.304692804813385,0.30469274520874023,0.2699696123600006,0.04114978387951851,0.04114978387951851,0.4553028643131256,-1.094179630279541,0.07798340916633606,0.5816227793693542,0.0,0.0,0.0,0.0,0.0,0.0,0.0
65547203638,0,0.06477855890989304,-0.18895547091960907,-0.1384596973657608,0.06477855890989304,-0.18895547091960907,-0.8384596705436707,0.02009817399084568,0.19964717328548431,0.017194518819451332,0.0,0.0,0.0,-0.009915847331285477,-0.02301027625799179,0.3519652783870697,0.0,0.0,0.3519652783870697,-0.11877035349607468,-0.005192913115024567,-1.3327072858810425,0.07617278397083282,0.18219448626041412,0.007498627528548241,0.0,0.0,0.0,-0.9613447785377502,10.186336517333984,0.09963703155517578,10.896001815795898,1.1737486124038696,-10.0,-10.0,12.26388931274414,2.0,2.0,20.56502342224121,0.30204102396965027,0.28977540135383606,0.30357420444488525,0.29590821266174316,0.0,0.30469265580177307,0.30469265580177307,0.30469265580177307,0.30469265580177307,0.0,-0.0732133761048317,-0.25147125124931335,-10.12114429473877,0.0,0.0,0.0,0.0,0.0,0.0,0.0,0.0,0.0,0.0,0.0,0.0,0.0,0.0,0.0,0.30469274520874023,0.30469274520874023,0.304692804813385,0.30469274520874023,0.2699696123600006,0.04114978387951851,0.04114978387951851,0.4553028643131256,-1.1314733028411865,0.1327218860387802,0.9478265047073364,0.0,0.0,0.0,0.0,0.0,0.0,0.0
65557497417,0,0.06477855890989304,-0.18895547091960907,-0.1384596973657608,0.06477855890989304,-0.18895547091960907,-0.8384596705436707,0.02009817399084568,0.19964717328548431,0.017194518819451332,0.0,0.0,0.0,-0.009915847331285477,-0.02301027625799179,0.3519652783870697,0.0,0.0,0.3519652783870697,-0.12473899871110916,0.010932904668152332,-1.322290062904358,0.08870327472686768,0.180568665266037,0.00749617163091898,0.0,0.0,0.0,-0.9480600953102112,10.161130905151367,0.0871419906616211,10.899932861328125,1.1706798076629639,-10.0,-10.0,12.571346282958984,2.0,2.0,20.175994873046875,0.30204102396965027,0.28977540135383606,0.30357420444488525,0.29590821266174316,0.0,0.30469265580177307,0.30469265580177307,0.30469265580177307,0.30469265580177307,0.0,-0.33153802156448364,-0.3123825788497925,-9.069267272949219,0.0,0.0,0.0,0.0,0.0,0.0,0.0,0.0,0.0,0.0,0.0,0.0,0.0,0.0,0.0,0.30469274520874023,0.30469274520874023,0.304692804813385,0.30469274520874023,0.2918011546134949,0.04114978387951851,0.04114978387951851,0.43412530422210693,-0.9177441000938416,0.8505155444145203,1.026432752609253,0.0,0.0,0.0,0.0,0.0,0.0,0.0
65567578590,0,0.06445173174142838,-0.18312714993953705,-0.13847865164279938,0.06445173174142838,-0.18312714993953705,-0.8384786248207092,0.019373249262571335,0.19560886919498444,0.02209172584116459,0.0,0.0,0.0,-0.01150965690612793,-0.022544175386428833,0.32767757773399353,0.0,0.0,0.32767757773399353,-0.12473899871110916,0.010932904668152332,-1.322290062904358,0.08870327472686768,0.180568665266037,0.00749617163091898,0.0,0.0,0.0,-0.9480600953102112,10.161130905151367,0.0871419906616211,10.899932861328125,1.1706798076629639,-10.0,-10.0,12.571346282958984,2.0,2.0,20.175994873046875,0.30204102396965027,0.28977540135383606,0.30357420444488525,0.29590821266174316,0.0,0.30469265580177307,0.30469265580177307,0.30469265580177307,0.30469265580177307,0.0,-0.30170515179634094,-0.026515208184719086,-9.923009872436523,0.0,0.0,0.0,0.0,0.0,0.0,0.0,0.0,0.0,0.0,0.0,0.0,0.0,0.0,0.0,0.30469274520874023,0.30469274520874023,0.304692804813385,0.30469274520874023,0.2918011546134949,0.04114978387951851,0.04114978387951851,0.43412530422210693,-0.9177441000938416,0.8505155444145203,1.026432752609253,0.0,0.0,0.0,0.0,0.0,0.0,0.0
65577338520,0,0.06427883356809616,-0.180221289396286,-0.13838982582092285,0.06427883356809616,-0.180221289396286,-0.8383898138999939,0.019242363050580025,0.19629694521427155,0.029099373146891594,0.0,0.0,0.0,-0.012382248416543007,-0.0225705336779356,0.31518059968948364,0.0,0.0,0.31518054008483887,-0.1320345550775528,0.01753704808652401,-1.3196585178375244,0.10511992871761322,0.18167243897914886,0.015101127326488495,0.0,0.0,0.0,-0.9216572642326355,10.161117553710938,0.08971405029296875,10.908027648925781,1.1706798076629639,-10.0,-10.0,12.551468849182129,2.0,2.0,20.199806213378906,0.30357420444488525,0.28977540135383606,0.30357420444488525,0.29590821266174316,0.0,0.30469265580177307,0.30469265580177307,0.30469265580177307,0.30469265580177307,0.0,-0.30170515179634094,-0.026515208184719086,-9.923009872436523,0.0,0.0,0.0,0.0,0.0,0.0,0.0,0.0,0.0,0.0,0.0,0.0,0.0,0.0,0.0,0.30469274520874023,0.30469274520874023,0.304692804813385,0.30469274520874023,0.2918011546134949,0.04114978387951851,0.04114978387951851,0.43412530422210693,-0.48445066809654236,0.30176106095314026,0.3327704668045044,0.0,0.0,0.0,0.0,0.0,0.0,0.0
65587628556,0,0.06427883356809616,-0.180221289396286,-0.13838982582092285,0.06427883356809616,-0.180221289396286,-0.8383898138999939,0.019242363050580025,0.19629694521427155,0.029099373146891594,0.0,0.0,0.0,-0.012382248416543007,-0.0225705336779356,0.31518059968948364,0.0,0.0,0.31518054008483887,-0.12834757566452026,0.008816010318696499,-1.3189923763275146,0.11276695877313614,0.185494527220726,0.007677823305130005,0.0,0.0,0.0,-0.9201411008834839,10.177596092224121,0.0862417221069336,10.912139892578125,1.159773588180542,-10.0,-10.0,12.665183067321777,2.0,2.0,20.132902145385742,0.30204102396965027,0.28977540135383606,0.30357420444488525,0.29590821266174316,0.0,0.30469265580177307,0.30469265580177307,0.30469265580177307,0.30469265580177307,0.0,-0.30170515179634094,-0.026515208184719086,-9.923009872436523,0.0,0.0,0.0,0.0,0.0,0.0,0.0,0.0,0.0,0.0,0.0,0.0,0.0,0.0,0.0,0.30469274520874023,0.30469274520874023,0.304692804813385,0.30469274520874023,0.29362165927886963,0.04114978387951851,0.04114978387951851,0.4333464801311493,-0.07168546319007874,-0.24557559192180634,0.21644513309001923,0.0,0.0,0.0,0.0,0.0,0.0,0.0
65597454401,0,0.06387150287628174,-0.17431963980197906,-0.13821662962436676,0.06387150287628174,-0.17431963980197906,-0.8382166028022766,0.02057291939854622,0.1939087063074112,0.015326853841543198,0.0,0.0,0.0,-0.013852652162313461,-0.023173948749899864,0.29034751653671265,0.0,0.0,0.29034754633903503,-0.12770409882068634,-0.003036794951185584,-1.2896875143051147,0.11276695877313614,0.185494527220726,0.007677823305130005,0.0,0.0,0.0,-0.9201411008834839,10.177596092224121,0.0862417221069336,10.912139892578125,1.159773588180542,-10.0,-10.0,13.922475814819336,2.0,2.0,18.939010620117188,0.30204102396965027,0.28977540135383606,0.30357420444488525,0.29590821266174316,0.0,0.30469265580177307,0.30469265580177307,0.30469265580177307,0.30469265580177307,0.0,-0.3479282855987549,-0.5535140633583069,-10.787771224975586,0.0,0.0,0.0,0.0,0.0,0.0,0.0,0.0,0.0,0.0,0.0,0.0,0.0,0.0,0.0,0.30469274520874023,0.30469274520874023,0.304692804813385,0.30469274520874023,0.29362165927886963,0.04114978387951851,0.04114978387951851,0.4333464801311493,-0.05022047832608223,-0.47324806451797485,1.213023066520691,0.0,0.0,0.0,0.0,0.0,0.0,0.0
65608571116,0,0.06387150287628174,-0.17431963980197906,-0.13821662962436676,0.06305093318223953,-0.16554170846939087,-0.8382710218429565,0.02057291939854622,0.1939087063074112,0.015326853841543198,0.0,0.0,0.0,-0.013852652162313461,-0.023173948749899864,0.29034751653671265,0.0,0.0,0.25420838594436646,-0.12770409882068634,-0.003036794951185584,-1.2896875143051147,0.12579196691513062,0.18948087096214294,0.0073403469286859035,0.0,0.0,0.0,-0.8978989124298096,10.197250366210938,0.04076099395751953,10.919879913330078,1.1518971920013428,-10.0,-10.0,13.922475814819336,2.0,2.0,18.939010620117188,0.30357420444488525,0.28977540135383606,0.3051074147224426,0.29744139313697815,0.0,0.30469265580177307,0.30469265580177307,0.30469265580177307,0.30469265580177307,0.0,-0.3479282855987549,-0.5535140633583069,-10.787771224975586,0.0,0.0,0.0,0.0,0.0,0.0,0.0,0.0,0.0,0.0,0.0,0.0,0.0,0.0,0.0,0.30469274520874023,0.30469274520874023,0.304692804813385,0.30469274520874023,0.3178486227989197,0.04114978387951851,0.04114978387951851,0.411651074886322,-0.05022047832608223,-0.47324806451797485,1.213023066520691,0.0,0.0,0.0,0.0,0.0,0.0,0.0
65617671641,0,0.06271819025278091,-0.1626148819923401,-0.13816380500793457,0.06271819025278091,-0.1626148819923401,-0.8381637930870056,0.01210535503923893,0.18209481239318848,0.025542844086885452,0.0,0.0,0.0,-0.0169747956097126,-0.024730343371629715,0.2421208769083023,0.0,0.0,0.2421208769083023,-0.12936000525951385,-0.012573027051985264,-1.2773021459579468,0.12579196691513062,0.18948087096214294,0.0073403469286859035,0.0,0.0,0.0,-0.8859339952468872,10.213797569274902,0.02795886993408203,10.922990798950195,1.1518971920013428,-10.0,-10.0,14.30937385559082,2.0,2.0,18.61075782775879,0.3051074147224426,0.28977540135383606,0.3051074147224426,0.29744139313697815,0.0,0.30469265580177307,0.30469265580177307,0.30469265580177307,0.30469265580177307,0.0,-0.5529531240463257,-0.3783583343029022,-8.977210998535156,0.0,0.0,0.0,0.0,0.0,0.0,0.0,0.0,0.0,0.0,0.0,0.0,0.0,0.0,0.0,0.30469274520874023,0.30469274520874023,0.304692804813385,0.30469274520874023,0.3178486227989197,0.04114978387951851,0.04114978387951851,0.411651074886322,-0.10857188701629639,-0.7351138591766357,1.2584437131881714,0.0,0.0,0.0,0.0,0.0,0.0,0.0
65627354433,0,0.06271819025278091,-0.1626148819923401,-0.13816380500793457,0.06271819025278091,-0.1626148819923401,-0.8381637930870056,0.01210535503923893,0.18209481239318848,0.025542844086885452,0.0,0.0,0.0,-0.0169747956097126,-0.024730343371629715,0.2421208769083023,0.0,0.0,0.2421208769083023,-0.12264955788850784,-0.03159511834383011,-1.302884817123413,0.1388862431049347,0.19840286672115326,0.007784110493957996,0.0,0.0,0.0,-0.8725425004959106,10.229660987854004,0.03823280334472656,10.926458358764648,1.1442750692367554,-10.0,-10.0,13.503244400024414,2.0,2.0,19.505708694458008,0.3051074147224426,0.28977540135383606,0.3051074147224426,0.29744139313697815,0.0,0.30469265580177307,0.30469265580177307,0.30469265580177307,0.30469265580177307,0.0,-0.5289039015769958,-0.14861707389354706,-8.65703296661377,0.0,0.0,0.0,0.0,0.0,0.0,0.0,0.0,0.0,0.0,0.0,0.0,0.0,0.0,0.0,0.30469274520874023,0.30469274520874023,0.304692804813385,0.30469274520874023,0.32087332010269165,0.04114978387951851,0.04114978387951851,0.4106316566467285,0.3403095006942749,-0.7943301200866699,-0.7366772890090942,0.0,0.0,0.0,0.0,0.0,0.0,0.0
65638425554,0,0.06271819025278091,-0.1626148819923401,-0.13816380500793457,0.06271819025278091,-0.1626148819923401,-0.8381637930870056,0.01210535503923893,0.18209481239318848,0.025542844086885452,0.0,0.0,0.0,-0.0169747956097126,-0.024730343371629715,0.2421208769083023,0.0,0.0,0.2421208769083023,-0.12264955788850784,-0.03159511834383011,-1.302884817123413,0.1388862431049347,0.19840286672115326,0.007784110493957996,0.0,0.0,0.0,-0.8784092664718628,10.243866920471191,0.06080341339111328,10.929765701293945,1.1400734186172485,-10.0,-10.0,13.503244400024414,2.0,2.0,19.505708694458008,0.3051074147224426,0.29130858182907104,0.3051074147224426,0.29744139313697815,0.0,0.30469265580177307,0.30469265580177307,0.30469265580177307,0.30469265580177307,0.0,-0.5289039015769958,-0.14861707389354706,-8.65703296661377,0.0,0.0,0.0,0.0,0.0,0.0,0.0,0.0,0.0,0.0,0.0,0.0,0.0,0.0,0.0,0.30469274520874023,0.30469274520874023,0.304692804813385,0.30469274520874023,0.3098040521144867,0.04114978387951851,0.04114978387951851,0.42197751998901367,0.3403095006942749,-0.7943301200866699,-0.7366772890090942,0.0,0.0,0.0,0.0,0.0,0.0,0.0
65647311690,0,0.06198720261454582,-0.15680326521396637,-0.13779592514038086,0.06198720261454582,-0.15680326521396637,-0.8377959132194519,0.015458242036402225,0.1732090264558792,0.02820936031639576,0.0,0.0,0.0,-0.01808653399348259,-0.02590080536901951,0.21658067405223846,0.0,0.0,0.21658065915107727,-0.11218362301588058,-0.026846004649996758,-1.2971694469451904,0.14241771399974823,0.20432882010936737,0.008052093908190727,0.0,0.0,0.0,-0.8784092664718628,10.243866920471191,0.06080341339111328,10.929765701293945,1.1400734186172485,-10.0,-10.0,13.853116035461426,2.0,2.0,19.14483642578125,0.30357420444488525,0.29130858182907104,0.3051074147224426,0.29744139313697815,0.0,0.30469265580177307,0.30469265580177307,0.30469265580177307,0.30469265580177307,0.0,-0.4568840563297272,-1.3628761768341064,-10.605331420898438,0.0,0.0,0.0,0.0,0.0,0.0,0.0,0.0,0.0,0.0,0.0,0.0,0.0,0.0,0.0,0.30469274520874023,0.30469274520874023,0.304692804813385,0.30469274520874023,0.3098040521144867,0.04114978387951851,0.04114978387951851,0.42197751998901367,0.7092554569244385,-0.1984652876853943,-0.06887135654687881,0.0,0.0,0.0,0.0,0.0,0.0,0.0
65657615874,0,0.06198720261454582,-0.15680326521396637,-0.13779592514038086,0.06198720261454582,-0.15680326521396637,-0.8377959132194519,0.015458242036402225,0.1732090264558792,0.02820936031639576,0.0,0.0,0.0,-0.01808653399348259,-0.02590080536901951,0.21658067405223846,0.0,0.0,0.21658065915107727,-0.10089944303035736,-0.00319084245711565,-1.238120675086975,0.15098081529140472,0.20509250462055206,0.013029022142291069,0.0,0.0,0.0,-0.8918030858039856,10.199993133544922,-0.030053138732910156,10.935517311096191,1.132550835609436,-10.0,-10.0,15.804643630981445,2.0,2.0,17.089426040649414,0.30204102396965027,0.29130858182907104,0.3051074147224426,0.29744139313697815,0.0,0.30469265580177307,0.30469265580177307,0.30469265580177307,0.30469265580177307,0.0,-1.0939172506332397,-1.938089370727539,-11.663578987121582,0.0,0.0,0.0,0.0,0.0,0.0,0.0,0.0,0.0,0.0,0.0,0.0,0.0,0.0,0.0,0.30469274520874023,0.30469274520874023,0.304692804813385,0.30469274520874023,0.3535629212856293,0.04114978387951851,0.04114978387951851,0.3775768578052521,0.8712571263313293,1.0173945426940918,2.8290352821350098,0.0,0.0,0.0,0.0,0.0,0.0,0.0
65667436744,0,0.061187952756881714,-0.15129195153713226,-0.13766634464263916,0.06073205545544624,-0.1487039178609848,-0.8377962112426758,0.00683473888784647,0.14984554052352905,-0.003474223893135786,0.0,0.0,0.0,-0.01894022896885872,-0.025838514789938927,0.19409248232841492,0.0,0.0,0.18493135273456573,-0.0896076112985611,0.01507624238729477,-1.1454522609710693,0.15098081529140472,0.20509250462055206,0.013029022142291069,0.0,0.0,0.0,-0.8918030858039856,10.199993133544922,-0.030053138732910156,10.935517311096191,1.132550835609436,-10.0,-10.0,18.414827346801758,2.0,2.0,14.40219783782959,0.3005078136920929,0.29130858182907104,0.3051074147224426,0.29590821266174316,0.0,0.30469265580177307,0.30469265580177307,0.30469265580177307,0.30469265580177307,0.0,-0.731977641582489,-2.125436305999756,-11.152143478393555,0.0,0.0,0.0,0.0,0.0,0.0,0.0,0.0,0.0,0.0,0.0,0.0,0.0,0.0,0.0,0.30469274520874023,0.30469274520874023,0.304692804813385,0.30469274520874023,0.3535629212856293,0.04114978387951851,0.04114978387951851,0.3775768578052521,1.050346851348877,1.4264088869094849,6.113374710083008,0.0,0.0,0.0,0.0,0.0,0.0,0.0
65679924439,0,0.06073205545544624,-0.1487039178609848,-0.13779620826244354,0.06073205545544624,-0.1487039178609848,-0.8377962112426758,0.002725384896621108,0.12807545065879822,-0.019219253212213516,0.0,0.0,0.0,-0.01926366239786148,-0.025644559413194656,0.18493133783340454,0.0,0.0,0.18493135273456573,-0.059600867331027985,-0.0004568014992401004,-0.8455570340156555,0.15536412596702576,0.20768728852272034,0.004547371529042721,0.0,0.0,0.0,-0.9081834554672241,10.181455612182617,-0.27750396728515625,10.940528869628906,1.1254096031188965,-10.0,-10.0,22.234643936157227,2.0,2.0,10.615959167480469,0.3005078136920929,0.29130858182907104,0.3051074147224426,0.29744139313697815,0.0,0.30469265580177307,0.30469265580177307,0.30469265580177307,0.30469265580177307,0.0,-0.731977641582489,-2.125436305999756,-11.152143478393555,0.0,0.0,0.0,0.0,0.0,0.0,0.0,0.0,0.0,0.0,0.0,0.0,0.0,0.0,0.0,0.30469274520874023,0.30469274520874023,0.304692804813385,0.30469274520874023,0.4709950089454651,0.04114978387951851,0.04114978387951851,0.2534666359424591,1.3210989236831665,-0.3941153287887573,12.310383796691895,0.0,0.0,0.0,0.0,0.0,0.0,0.0
65687361500,0,0.06073205545544624,-0.1487039178609848,-0.13779620826244354,0.06073205545544624,-0.1487039178609848,-0.8377962112426758,0.002725384896621108,0.12807545065879822,-0.019219253212213516,0.0,0.0,0.0,-0.01926366239786148,-0.025644559413194656,0.18493133783340454,0.0,0.0,0.18493135273456573,-0.059600867331027985,-0.0004568014992401004,-0.8455570340156555,0.15566974878311157,0.2120843529701233,0.003890375606715679,0.0,0.0,0.0,-0.9197338819503784,10.216482162475586,-0.4287681579589844,10.942749977111816,1.121793508529663,-10.0,-10.0,26.225418090820312,2.0,2.0,6.736416339874268,0.30204102396965027,0.29130858182907104,0.3051074147224426,0.29744139313697815,0.0,0.30469265580177307,0.30469265580177307,0.30469265580177307,0.30469265580177307,0.0,-0.5489417910575867,-2.4059455394744873,-9.72507095336914,0.0,0.0,0.0,0.0,0.0,0.0,0.0,0.0,0.0,0.0,0.0,0.0,0.0,0.0,0.0,0.30469274520874023,0.30469274520874023,0.304692804813385,0.30469274520874023,0.5406838655471802,0.04114978387951851,0.04114978387951851,0.17499886453151703,1.3210989236831665,-0.3941153287887573,12.310383796691895,0.0,0.0,0.0,0.0,0.0,0.0,0.0
65697579674,0,0.05883743613958359,-0.1398412436246872,-0.13888610899448395,0.05883743613958359,-0.1398412436246872,-0.8388860821723938,0.0006251546437852085,0.04943037033081055,-0.02704363502562046,0.0,0.0,0.0,-0.01918325014412403,-0.027089472860097885,0.15913918614387512,0.0,0.0,0.15913918614387512,-0.059600867331027985,-0.0004568014992401004,-0.8455570340156555,0.15566974878311157,0.2120843529701233,0.003890375606715679,0.0,0.0,0.0,-0.9197338819503784,10.216482162475586,-0.4287681579589844,10.942749977111816,1.121793508529663,-10.0,-10.0,26.225418090820312,2.0,2.0,6.736416339874268,0.30204102396965027,0.29130858182907104,0.30357420444488525,0.29744139313697815,0.0,0.30469265580177307,0.30469265580177307,0.30469265580177307,0.30469265580177307,0.0,-0.5810694694519043,-2.399798631668091,-9.27966594696045,0.0,0.0,0.0,0.0,0.0,0.0,0.0,0.0,0.0,0.0,0.0,0.0,0.0,0.0,0.0,0.30469274520874023,0.30469274520874023,0.304692804813385,0.30469274520874023,0.5406838655471802,0.04114978387951851,0.04114978387951851,0.17499886453151703,1.3210989236831665,-0.3941153287887573,12.310383796691895,0.0,0.0,0.0,0.0,0.0,0.0,0.0
65707771024,0,0.05883743613958359,-0.1398412436246872,-0.13888610899448395,0.05883743613958359,-0.1398412436246872,-0.8388860821723938,0.0006251546437852085,0.04943037033081055,-0.02704363502562046,0.0,0.0,0.0,-0.01918325014412403,-0.027089472860097885,0.15913918614387512,0.0,0.0,0.15913918614387512,-0.019507648423314095,-0.00876081082969904,-0.5962669253349304,0.15062743425369263,0.21439382433891296,0.003235278418287635,0.0,0.0,0.0,-0.9646173119544983,10.22490119934082,-0.5,10.826465606689453,1.1156607866287231,-10.0,-10.0,28.009567260742188,2.0,2.0,4.960606575012207,0.3051074147224426,0.29130858182907104,0.30357420444488525,0.29590821266174316,0.0,0.30469265580177307,0.30469265580177307,0.30469265580177307,0.30469265580177307,0.0,-0.5810694694519043,-2.399798631668091,-9.27966594696045,0.0,0.0,0.0,0.0,0.0,0.0,0.0,0.0,0.0,0.0,0.0,0.0,0.0,0.0,0.0,0.30469274520874023,0.30469274520874023,0.304692804813385,0.30469274520874023,0.5711255669593811,0.04114978387951851,0.04114978387951851,0.13791878521442413,1.9091625213623047,-0.17464783787727356,12.316134452819824,0.0,0.0,0.0,0.0,0.0,0.0,0.0
65717611078,0,0.05883743613958359,-0.1398412436246872,-0.13888610899448395,0.05883743613958359,-0.1398412436246872,-0.8388860821723938,0.0006251546437852085,0.04943037033081055,-0.02704363502562046,0.0,0.0,0.0,-0.01918325014412403,-0.027089472860097885,0.15913918614387512,0.0,0.0,0.15913918614387512,0.0001224130974151194,0.0006152283167466521,-0.49617335200309753,0.15062743425369263,0.21439382433891296,0.003235278418287635,0.0,0.0,0.0,-0.9840807318687439,10.209616661071777,-0.5,10.764954566955566,1.1127889156341553,-10.0,-10.0,27.954627990722656,2.0,2.0,4.970590591430664,0.3051074147224426,0.29130858182907104,0.30357420444488525,0.29744139313697815,0.0,0.30469265580177307,0.30469265580177307,0.30469265580177307,0.30469265580177307,0.0,-0.5810694694519043,-2.399798631668091,-9.27966594696045,0.0,0.0,0.0,0.0,0.0,0.0,0.0,0.0,0.0,0.0,0.0,0.0,0.0,0.0,0.0,0.30469274520874023,0.30469274520874023,0.304692804813385,0.30469274520874023,0.5701945424079895,0.04114978387951851,0.04114978387951851,0.13812938332557678,1.8627432584762573,0.32989373803138733,10.931475639343262,0.0,0.0,0.0,0.0,0.0,0.0,0.0
65727183682,0,0.0579211562871933,-0.1363782286643982,-0.13918091356754303,0.0579211562871933,-0.1363782286643982,-0.8391808867454529,0.009232028387486935,0.017243433743715286,-0.010298696346580982,0.0,0.0,0.0,-0.018411163240671158,-0.026851505041122437,0.15024130046367645,0.0,0.0,0.15024128556251526,0.007341480813920498,0.0038806945085525513,-0.41094017028808594,0.147458016872406,0.2135307341814041,0.002852699253708124,0.0,0.0,0.0,-0.9840807318687439,10.209616661071777,-0.5,10.764954566955566,1.1127889156341553,-10.0,-10.0,27.961942672729492,2.0,2.0,4.965622901916504,0.30357420444488525,0.29130858182907104,0.30357420444488525,0.29744139313697815,0.0,0.30469265580177307,0.30469265580177307,0.30469265580177307,0.30469265580177307,0.0,0.0885397344827652,-2.075700521469116,-8.925007820129395,0.0,0.0,0.0,0.0,0.0,0.0,0.0,0.0,0.0,0.0,0.0,0.0,0.0,0.0,0.0,0.30469274520874023,0.30469274520874023,0.304692804813385,0.30469274520874023,0.5701945424079895,0.04114978387951851,0.04114978387951851,0.13812938332557678,1.2783915996551514,0.3006584644317627,9.547332763671875,0.0,0.0,0.0,0.0,0.0,0.0,0.0
65737332187,0,0.0579211562871933,-0.1363782286643982,-0.13918091356754303,0.0579211562871933,-0.1363782286643982,-0.8391808867454529,0.009232028387486935,0.017243433743715286,-0.010298696346580982,0.0,0.0,0.0,-0.018411163240671158,-0.026851505041122437,0.15024130046367645,0.0,0.0,0.15024128556251526,0.006860169116407633,-0.00020153011428192258,-0.34436196088790894,0.14424680173397064,0.215008944272995,0.002130436012521386,0.0,0.0,0.0,-0.9773635864257812,10.215617179870605,-0.5,10.673714637756348,1.1077951192855835,-10.0,-10.0,27.987197875976562,2.0,2.0,4.968296051025391,0.3005078136920929,0.29130858182907104,0.30204102396965027,0.29744139313697815,0.0,0.30469265580177307,0.30469265580177307,0.30469265580177307,0.30469265580177307,0.0,0.0784325823187828,-2.0316522121429443,-10.239889144897461,0.0,0.0,0.0,0.0,0.0,0.0,0.0,0.0,0.0,0.0,0.0,0.0,0.0,0.0,0.0,0.30469274520874023,0.30469274520874023,0.304692804813385,0.30469274520874023,0.5707465410232544,0.04114978387951851,0.04114978387951851,0.13808095455169678,0.6955100297927856,-0.04069868102669716,8.61548900604248,0.0,0.0,0.0,0.0,0.0,0.0,0.0
65747600030,0,0.05710785090923309,-0.13354898989200592,-0.13922740519046783,0.05710785090923309,-0.13354898989200592,-0.8392273783683777,0.0167232658714056,-0.017405172809958458,-0.00540779996663332,0.0,0.0,0.0,-0.018112916499376297,-0.02718689851462841,0.14380034804344177,0.0,0.0,0.14380034804344177,0.011982888914644718,-0.015973033383488655,-0.23423902690410614,0.14424680173397064,0.215008944272995,0.002130436012521386,0.0,0.0,0.0,-0.9773635864257812,10.215617179870605,-0.5,10.673714637756348,1.1077951192855835,-10.0,-10.0,27.987197875976562,2.0,2.0,4.968296051025391,0.3005078136920929,0.28977540135383606,0.30204102396965027,0.29590821266174316,0.0,0.30469265580177307,0.30469265580177307,0.30469265580177307,0.30469265580177307,0.0,0.0784325823187828,-2.0316522121429443,-10.239889144897461,0.0,0.0,0.0,0.0,0.0,0.0,0.0,0.0,0.0,0.0,0.0,0.0,0.0,0.0,0.0,0.30469274520874023,0.30469274520874023,0.304692804813385,0.30469274520874023,0.5707465410232544,0.04114978387951851,0.04114978387951851,0.13808095455169678,0.5465006828308105,-0.6841931939125061,8.445405006408691,0.0,0.0,0.0,0.0,0.0,0.0,0.0
65757334676,0,0.05671895667910576,-0.1323157101869583,-0.13926872611045837,0.05671895667910576,-0.1323157101869583,-0.839268684387207,0.022821765393018723,-0.03329292684793472,-0.015191024169325829,0.0,0.0,0.0,-0.017742911353707314,-0.02761436067521572,0.14162185788154602,0.0,0.0,0.14162187278270721,0.011982888914644718,-0.015973033383488655,-0.23423902690410614,0.13948337733745575,0.22075121104717255,0.001002211240120232,0.0,0.0,0.0,-0.9823253154754639,10.243566513061523,-0.5,10.5919771194458,1.1040000915527344,-10.0,-10.0,28.04926109313965,2.0,2.0,5.019527435302734,0.3005078136920929,0.29130858182907104,0.30204102396965027,0.29590821266174316,0.0,0.30469265580177307,0.30469265580177307,0.30469265580177307,0.30469265580177307,0.0,0.16610391438007355,-1.7167524099349976,-11.059070587158203,0.0,0.0,0.0,0.0,0.0,0.0,0.0,0.0,0.0,0.0,0.0,0.0,0.0,0.0,0.0,0.30469274520874023,0.30469274520874023,0.304692804813385,0.30469274520874023,0.5718130469322205,0.04114978387951851,0.04114978387951851,0.13925231993198395,0.5465006828308105,-0.6841931939125061,8.445405006408691,0.0,0.0,0.0,0.0,0.0,0.0,0.0
65767361179,0,0.05671895667910576,-0.1323157101869583,-0.13926872611045837,0.05671895667910576,-0.1323157101869583,-0.839268684387207,0.022821765393018723,-0.03329292684793472,-0.015191024169325829,0.0,0.0,0.0,-0.017742911353707314,-0.02761436067521572,0.14162185788154602,0.0,0.0,0.14162187278270721,0.03078535571694374,-0.0012056445702910423,-0.07749628275632858,0.13018949329853058,0.21483904123306274,0.0004335359553806484,0.0,0.0,0.0,-1.0085703134536743,10.214181900024414,-0.5,10.467964172363281,1.1004631519317627,-10.0,-10.0,27.923757553100586,2.0,2.0,5.018512725830078,0.3005078136920929,0.28977540135383606,0.30204102396965027,0.29590821266174316,0.0,0.30469265580177307,0.30469265580177307,0.30469265580177307,0.30469265580177307,0.0,-0.44754961133003235,-1.4282691478729248,-10.311593055725098,0.0,0.0,0.0,0.0,0.0,0.0,0.0,0.0,0.0,0.0,0.0,0.0,0.0,0.0,0.0,0.30469274520874023,0.30469274520874023,0.304692804813385,0.30469274520874023,0.5696711540222168,0.04114978387951851,0.04114978387951851,0.13914014399051666,0.9542804956436157,0.5772156715393066,9.067916870117188,0.0,0.0,0.0,0.0,0.0,0.0,0.0
65777530657,0,0.05569365248084068,-0.12934653460979462,-0.13988690078258514,0.05569365248084068,-0.12934653460979462,-0.8398869037628174,0.027592916041612625,-0.06910789757966995,-0.038015544414520264,0.0,0.0,0.0,-0.01607685536146164,-0.026647331193089485,0.13997329771518707,0.0,0.0,0.13997329771518707,0.04027862101793289,0.027735542505979538,-0.004103827755898237,0.13018949329853058,0.21483904123306274,0.0004335359553806484,0.0,0.0,0.0,-1.0085703134536743,10.214181900024414,-0.5,10.467964172363281,1.1004631519317627,-10.0,-10.0,27.825481414794922,2.0,2.0,4.963010787963867,0.3005078136920929,0.28977540135383606,0.30204102396965027,0.2943750023841858,0.0,0.30469265580177307,0.30469265580177307,0.30469265580177307,0.30469265580177307,0.0,-0.44754961133003235,-1.4282691478729248,-10.311593055725098,0.0,0.0,0.0,0.0,0.0,0.0,0.0,0.0,0.0,0.0,0.0,0.0,0.0,0.0,0.0,0.30469274520874023,0.30469274520874023,0.304692804813385,0.30469274520874023,0.5696711540222168,0.04114978387951851,0.04114978387951851,0.13914014399051666,0.9084959626197815,1.60164213180542,7.992496967315674,0.0,0.0,0.0,0.0,0.0,0.0,0.0
65787568870,0,0.05569365248084068,-0.12934653460979462,-0.13988690078258514,0.05569365248084068,-0.12934653460979462,-0.8398869037628174,0.027592916041612625,-0.06910789757966995,-0.038015544414520264,0.0,0.0,0.0,-0.01607685536146164,-0.026647331193089485,0.13997329771518707,0.0,0.0,0.13997329771518707,0.04684603959321976,0.03756214305758476,0.03671703487634659,0.13018949329853058,0.21483904123306274,0.0004335359553806484,0.0,0.0,0.0,-1.029585599899292,10.158317565917969,-0.5,10.413538932800293,1.0960631370544434,-10.0,-10.0,27.799739837646484,2.0,2.0,4.959638595581055,0.3005078136920929,0.28977540135383606,0.30204102396965027,0.29590821266174316,0.0,0.30469265580177307,0.30469265580177307,0.30469265580177307,0.30469265580177307,0.0,-0.44754961133003235,-1.4282691478729248,-10.311593055725098,0.0,0.0,0.0,0.0,0.0,0.0,0.0,0.0,0.0,0.0,0.0,0.0,0.0,0.0,0.0,0.30469274520874023,0.30469274520874023,0.304692804813385,0.30469274520874023,0.5675674080848694,0.04114978387951851,0.04114978387951851,0.13789834082126617,0.77436363697052,1.2248214483261108,5.9296393394470215,0.0,0.0,0.0,0.0,0.0,0.0,0.0
65797655803,0,0.05569365248084068,-0.12934653460979462,-0.13988690078258514,0.05569365248084068,-0.12934653460979462,-0.8398869037628174,0.027592916041612625,-0.06910789757966995,-0.038015544414520264,0.0,0.0,0.0,-0.01607685536146164,-0.026647331193089485,0.13997329771518707,0.0,0.0,0.13997329771518707,0.04684603959321976,0.03756214305758476,0.03671703487634659,0.12106716632843018,0.2081274539232254,0.0004975227057002485,0.0,0.0,0.0,-1.029585599899292,10.158317565917969,-0.5,10.413538932800293,1.0960631370544434,-10.0,-10.0,27.799739837646484,2.0,2.0,4.959638595581055,0.3005078136920929,0.28977540135383606,0.30204102396965027,0.2943750023841858,0.0,0.30469265580177307,0.30469265580177307,0.30469265580177307,0.30469265580177307,0.0,-0.8050084114074707,-0.9411514401435852,-9.167481422424316,0.0,0.0,0.0,0.0,0.0,0.0,0.0,0.0,0.0,0.0,0.0,0.0,0.0,0.0,0.0,0.30469274520874023,0.30469274520874023,0.304692804813385,0.30469274520874023,0.5675674080848694,0.04114978387951851,0.04114978387951851,0.13789834082126617,0.77436363697052,1.2248214483261108,5.9296393394470215,0.0,0.0,0.0,0.0,0.0,0.0,0.0
65807674819,0,0.05454808101058006,-0.12725086510181427,-0.14039364457130432,0.05454808101058006,-0.12725086510181427,-0.8403936624526978,0.019807567819952965,-0.09222768247127533,-0.018483906984329224,0.0,0.0,0.0,-0.014583355747163296,-0.026018617674708366,0.13804906606674194,0.0,0.0,0.13804905116558075,0.04050486534833908,0.030627602711319923,0.007202926091849804,0.12106716632843018,0.2081274539232254,0.0004975227057002485,0.0,0.0,0.0,-1.017289638519287,10.174077033996582,-0.5,10.493717193603516,1.0922150611877441,-10.0,-10.0,27.844348907470703,2.0,2.0,4.964704513549805,0.3005078136920929,0.28977540135383606,0.30204102396965027,0.2943750023841858,0.0,0.30469265580177307,0.30469265580177307,0.30469265580177307,0.30469265580177307,0.0,-0.8050084114074707,-0.9411514401435852,-9.167481422424316,0.0,0.0,0.0,0.0,0.0,0.0,0.0,0.0,0.0,0.0,0.0,0.0,0.0,0.0,0.0,0.30469274520874023,0.30469274520874023,0.304692804813385,0.30469274520874023,0.5683242678642273,0.04114978387951851,0.04114978387951851,0.13800521194934845,-0.08156414330005646,0.11339625716209412,0.17929159104824066,0.0,0.0,0.0,0.0,0.0,0.0,0.0
65817530523,0,0.05454808101058006,-0.12725086510181427,-0.14039364457130432,0.05454808101058006,-0.12725086510181427,-0.8403936624526978,0.019807567819952965,-0.09222768247127533,-0.018483906984329224,0.0,0.0,0.0,-0.014583355747163296,-0.026018617674708366,0.13804906606674194,0.0,0.0,0.13804905116558075,0.03529665246605873,0.026012267917394638,-0.056816961616277695,0.11103928834199905,0.20399272441864014,0.0016520239878445864,0.0,0.0,0.0,-1.011526107788086,10.179619789123535,-0.5,10.572748184204102,1.0900461673736572,-10.0,-10.0,27.862157821655273,2.0,2.0,4.961653709411621,0.3005078136920929,0.28977540135383606,0.30357420444488525,0.2943750023841858,0.0,0.30469265580177307,0.30469265580177307,0.30469265580177307,0.30469265580177307,0.0,-0.312625527381897,-0.22573448717594147,-9.847043991088867,0.0,0.0,0.0,0.0,0.0,0.0,0.0,0.0,0.0,0.0,0.0,0.0,0.0,0.0,0.0,0.30469274520874023,0.30469274520874023,0.304692804813385,0.30469274520874023,0.5686266422271729,0.04114978387951851,0.04114978387951851,0.13794077932834625,-0.2777387797832489,-0.16388723254203796,-2.889613151550293,0.0,0.0,0.0,0.0,0.0,0.0,0.0
65827431485,0,0.05361257493495941,-0.12625829875469208,-0.14050278067588806,0.05308835953474045,-0.12580521404743195,-0.8405492305755615,0.017786625772714615,-0.09863246232271194,-0.01618204452097416,0.0,0.0,0.0,-0.013748194091022015,-0.02560104802250862,0.13372376561164856,0.0,0.0,0.13068754971027374,0.03529665246605873,0.026012267917394638,-0.056816961616277695,0.11103928834199905,0.20399272441864014,0.0016520239878445864,0.0,0.0,0.0,-1.011526107788086,10.179619789123535,-0.5,10.572748184204102,1.0900461673736572,-10.0,-10.0,27.862157821655273,2.0,2.0,4.961653709411621,0.3005078136920929,0.28977540135383606,0.30357420444488525,0.2943750023841858,0.0,0.30469265580177307,0.30469265580177307,0.30469265580177307,0.30469265580177307,0.0,-0.4036739468574524,0.04235372692346573,-10.119580268859863,0.0,0.0,0.0,0.0,0.0,0.0,0.0,0.0,0.0,0.0,0.0,0.0,0.0,0.0,0.0,0.30469274520874023,0.30469274520874023,0.304692804813385,0.30469274520874023,0.5686266422271729,0.04114978387951851,0.04114978387951851,0.13794077932834625,-0.2777387797832489,-0.16388723254203796,-2.889613151550293,0.0,0.0,0.0,0.0,0.0,0.0,0.0
65837422587,0,0.05308835953474045,-0.12580521404743195,-0.14054922759532928,0.05308835953474045,-0.12580521404743195,-0.8405492305755615,0.01579815149307251,-0.0975615382194519,-0.016229597851634026,0.0,0.0,0.0,-0.013244876638054848,-0.0256180576980114,0.13068754971027374,0.0,0.0,0.13068754971027374,0.038099151104688644,0.013669519685208797,-0.20973674952983856,0.10001734644174576,0.20277036726474762,0.004718027543276548,0.0,0.0,0.0,-1.0219818353652954,10.194127082824707,-0.5,10.723690032958984,1.086025357246399,-10.0,-10.0,27.869083404541016,2.0,2.0,5.002192497253418,0.3005078136920929,0.28977540135383606,0.30357420444488525,0.2943750023841858,0.0,0.30469265580177307,0.30469265580177307,0.30469265580177307,0.30469265580177307,0.0,-0.35026824474334717,0.032512687146663666,-10.39118480682373,0.0,0.0,0.0,0.0,0.0,0.0,0.0,0.0,0.0,0.0,0.0,0.0,0.0,0.0,0.0,0.30469274520874023,0.30469274520874023,0.304692804813385,0.30469274520874023,0.5687439441680908,0.04114978387951851,0.04114978387951851,0.13879604637622833,0.1215083971619606,-0.45471370220184326,-6.46331262588501,0.0,0.0,0.0,0.0,0.0,0.0,0.0
65847564824,0,0.05308835953474045,-0.12580521404743195,-0.14054922759532928,0.05308835953474045,-0.12580521404743195,-0.8405492305755615,0.01579815149307251,-0.0975615382194519,-0.016229597851634026,0.0,0.0,0.0,-0.013244876638054848,-0.0256180576980114,0.13068754971027374,0.0,0.0,0.13068754971027374,0.04646367207169533,0.0171340424567461,-0.28429457545280457,0.09369747340679169,0.2004159837961197,0.005360043607652187,0.0,0.0,0.0,-1.0418057441711426,10.184050559997559,-0.5,10.789678573608398,1.0842989683151245,-10.0,-10.0,27.821805953979492,2.0,2.0,5.018664360046387,0.3005078136920929,0.28977540135383606,0.30357420444488525,0.2943750023841858,0.0,0.30469265580177307,0.30469265580177307,0.30469265580177307,0.30469265580177307,0.0,-0.35026824474334717,0.032512687146663666,-10.39118480682373,0.0,0.0,0.0,0.0,0.0,0.0,0.0,0.0,0.0,0.0,0.0,0.0,0.0,0.0,0.0,0.30469274520874023,0.30469274520874023,0.304692804813385,0.30469274520874023,0.5687439441680908,0.04114978387951851,0.04114978387951851,0.13879604637622833,0.4740598499774933,-0.07688543200492859,-7.243795394897461,0.0,0.0,0.0,0.0,0.0,0.0,0.0
65860928824,0,0.05198318138718605,-0.12493578344583511,-0.14074914157390594,0.05198318138718605,-0.12493578344583511,-0.8407491445541382,0.01169664692133665,-0.09532046318054199,-0.027234377339482307,0.0,0.0,0.0,-0.011766177602112293,-0.025220278650522232,0.12259703129529953,0.0,0.0,0.12259703129529953,0.04646367207169533,0.0171340424567461,-0.28429457545280457,0.09369747340679169,0.2004159837961197,0.005360043607652187,0.0,0.0,0.0,-1.0418057441711426,10.184050559997559,-0.5,10.789678573608398,1.0842989683151245,-10.0,-10.0,27.821805953979492,2.0,2.0,5.018664360046387,0.3005078136920929,0.28977540135383606,0.30357420444488525,0.2943750023841858,0.0,0.30469265580177307,0.30469265580177307,0.30469265580177307,0.30469265580177307,0.0,-0.35926467180252075,0.1481461524963379,-10.316871643066406,0.0,0.0,0.0,0.0,0.0,0.0,0.0,0.0,0.0,0.0,0.0,0.0,0.0,0.0,0.0,0.30469274520874023,0.30469274520874023,0.304692804813385,0.30469274520874023,0.5679419636726379,0.04114978387951851,0.04114978387951851,0.1391434669494629,0.4740598499774933,-0.07688543200492859,-7.243795394897461,0.0,0.0,0.0,0.0,0.0,0.0,0.0
65867232081,0,0.05198318138718605,-0.12493578344583511,-0.14074914157390594,0.05198318138718605,-0.12493578344583511,-0.8407491445541382,0.01169664692133665,-0.09532046318054199,-0.027234377339482307,0.0,0.0,0.0,-0.011766177602112293,-0.025220278650522232,0.12259703129529953,0.0,0.0,0.12259703129529953,0.040225036442279816,0.03303103148937225,-0.4456052780151367,0.0839989185333252,0.19295357167720795,0.0036453406792134047,0.0,0.0,0.0,-1.0338857173919678,10.155351638793945,-0.48302650451660156,10.894434928894043,1.0805363655090332,-10.0,-10.0,27.343774795532227,2.0,2.0,5.4028472900390625,0.3005078136920929,0.28977540135383606,0.30357420444488525,0.29590821266174316,0.0,0.30469265580177307,0.30469265580177307,0.30469265580177307,0.30469265580177307,0.0,-0.8879428505897522,-0.09420301765203476,-9.670967102050781,0.0,0.0,0.0,0.0,0.0,0.0,0.0,0.0,0.0,0.0,0.0,0.0,0.0,0.0,0.0,0.30469274520874023,0.30469274520874023,0.304692804813385,0.30469274520874023,0.5598152279853821,0.04114978387951851,0.04114978387951851,0.14722535014152527,-0.2876746654510498,0.4570661187171936,-7.447048187255859,0.0,0.0,0.0,0.0,0.0,0.0,0.0
65877748826,0,0.050787441432476044,-0.12415536493062973,-0.1410820633172989,0.04931996762752533,-0.12363030761480331,-0.841399073600769,0.004635031335055828,-0.09396200627088547,-0.03308602795004845,0.0,0.0,0.0,-0.010692358948290348,-0.024415304884314537,0.11218371987342834,0.0,0.0,0.09988291561603546,0.027619430795311928,0.028731510043144226,-0.5133347511291504,0.0839989185333252,0.19295357167720795,0.0036453406792134047,0.0,0.0,0.0,-1.0338857173919678,10.155351638793945,-0.48302650451660156,10.894434928894043,1.0805363655090332,-10.0,-10.0,26.001113891601562,2.0,2.0,6.767203330993652,0.30204102396965027,0.28977540135383606,0.30357420444488525,0.29590821266174316,0.0,0.30469265580177307,0.30469265580177307,0.30469265580177307,0.30469265580177307,0.0,-0.8879428505897522,-0.09420301765203476,-9.670967102050781,0.0,0.0,0.0,0.0,0.0,0.0,0.0,0.0,0.0,0.0,0.0,0.0,0.0,0.0,0.0,0.30469274520874023,0.30469274520874023,0.304692804813385,0.30469274520874023,0.5598152279853821,0.04114978387951851,0.04114978387951851,0.14722535014152527,-0.7147752642631531,0.006899622734636068,-6.944799900054932,0.0,0.0,0.0,0.0,0.0,0.0,0.0
65887695995,0,0.04931996762752533,-0.12363030761480331,-0.1413990557193756,0.04931996762752533,-0.12363030761480331,-0.841399073600769,-0.01256712805479765,-0.09267675131559372,-0.02526920847594738,0.0,0.0,0.0,-0.010070111602544785,-0.024240607395768166,0.09988292306661606,0.0,0.0,0.09988291561603546,0.02593943290412426,0.013233845122158527,-0.5629265904426575,0.07760017365217209,0.1939401775598526,0.00405919598415494,0.0,0.0,0.0,-1.0204813480377197,10.188328742980957,-0.3933591842651367,10.88167953491211,1.0767061710357666,-10.0,-10.0,25.071012496948242,2.0,2.0,7.776295185089111,0.30357420444488525,0.28977540135383606,0.30357420444488525,0.29590821266174316,0.0,0.30469265580177307,0.30469265580177307,0.30469265580177307,0.30469265580177307,0.0,-1.1341934204101562,0.0884760394692421,-9.230880737304688,0.0,0.0,0.0,0.0,0.0,0.0,0.0,0.0,0.0,0.0,0.0,0.0,0.0,0.0,0.0,0.30469274520874023,0.30469274520874023,0.304692804813385,0.30469274520874023,0.5207573771476746,0.04114978387951851,0.04114978387951851,0.19636258482933044,-0.4564065635204315,-0.7622780799865723,-6.308089733123779,0.0,0.0,0.0,0.0,0.0,0.0,0.0
65897344742,0,0.04931996762752533,-0.12363030761480331,-0.1413990557193756,0.04931996762752533,-0.12363030761480331,-0.841399073600769,-0.01256712805479765,-0.09267675131559372,-0.02526920847594738,0.0,0.0,0.0,-0.010070111602544785,-0.024240607395768166,0.09988292306661606,0.0,0.0,0.09988291561603546,0.039385635405778885,-0.017512833699584007,-0.6075604557991028,0.07038050889968872,0.19884690642356873,0.004164204932749271,0.0,0.0,0.0,-1.047890067100525,10.234651565551758,-0.36309051513671875,10.87466049194336,1.0747389793395996,-10.0,-10.0,24.310302734375,2.0,2.0,8.686657905578613,0.30357420444488525,0.29130858182907104,0.30357420444488525,0.29590821266174316,0.0,0.30469265580177307,0.30469265580177307,0.30469265580177307,0.30469265580177307,0.0,-1.2396091222763062,0.1718342900276184,-9.585795402526855,0.0,0.0,0.0,0.0,0.0,0.0,0.0,0.0,0.0,0.0,0.0,0.0,0.0,0.0,0.0,0.30469274520874023,0.30469274520874023,0.304692804813385,0.30469274520874023,0.5075250267982483,0.04114978387951851,0.04114978387951851,0.21486197412014008,0.41460105776786804,-1.829182744026184,-5.277649402618408,0.0,0.0,0.0,0.0,0.0,0.0,0.0
65908573306,0,0.04749123379588127,-0.12321637570858002,-0.14146557450294495,0.0464349240064621,-0.1230831891298294,-0.841448187828064,-0.033004872500896454,-0.09264060854911804,-0.013074382208287716,0.0,0.0,0.0,-0.008302341215312481,-0.02541757933795452,0.08651987463235855,0.0,0.0,0.07997474819421768,0.05408832058310509,-0.05232730135321617,-0.6312278509140015,0.07038050889968872,0.19884690642356873,0.004164204932749271,0.0,0.0,0.0,-1.073245644569397,10.283352851867676,-0.35350513458251953,10.867574691772461,1.0747389793395996,-10.0,-10.0,24.09830093383789,2.0,2.0,9.06169319152832,0.30357420444488525,0.29130858182907104,0.30357420444488525,0.29744139313697815,0.0,0.30469265580177307,0.30469265580177307,0.30469265580177307,0.30469265580177307,0.0,-1.2396091222763062,0.1718342900276184,-9.585795402526855,0.0,0.0,0.0,0.0,0.0,0.0,0.0,0.0,0.0,0.0,0.0,0.0,0.0,0.0,0.0,0.30469274520874023,0.30469274520874023,0.304692804813385,0.30469274520874023,0.5075250267982483,0.04114978387951851,0.04114978387951851,0.21486197412014008,0.8732566237449646,-2.5259437561035156,-3.754322052001953,0.0,0.0,0.0,0.0,0.0,0.0,0.0
65917399817,0,0.0464349240064621,-0.1230831891298294,-0.1414482146501541,0.0464349240064621,-0.1230831891298294,-0.841448187828064,-0.04303937032818794,-0.09379573911428452,-0.011097411625087261,0.0,0.0,0.0,-0.007472753059118986,-0.02636595629155636,0.07997474819421768,0.0,0.0,0.07997474819421768,0.06352804601192474,-0.06152163818478584,-0.6275770664215088,0.05584109202027321,0.21119481325149536,0.003892071545124054,0.0,0.0,0.0,-1.0888224840164185,10.290947914123535,-0.3686819076538086,10.861456871032715,1.07180655002594,-10.0,-10.0,24.493974685668945,2.0,2.0,8.701972961425781,0.30204102396965027,0.28977540135383606,0.30357420444488525,0.29590821266174316,0.0,0.30469265580177307,0.30469265580177307,0.30469265580177307,0.30469265580177307,0.0,-1.2396091222763062,0.1718342900276184,-9.585795402526855,0.0,0.0,0.0,0.0,0.0,0.0,0.0,0.0,0.0,0.0,0.0,0.0,0.0,0.0,0.0,0.30469274520874023,0.30469274520874023,0.304692804813385,0.30469274520874023,0.5107275247573853,0.04114978387951851,0.04114978387951851,0.21517165005207062,0.9328997135162354,-1.8231761455535889,-1.9173283576965332,0.0,0.0,0.0,0.0,0.0,0.0,0.0
65927449146,0,0.0464349240064621,-0.1230831891298294,-0.1414482146501541,0.0464349240064621,-0.1230831891298294,-0.841448187828064,-0.04303937032818794,-0.09379573911428452,-0.011097411625087261,0.0,0.0,0.0,-0.007472753059118986,-0.02636595629155636,0.07997474819421768,0.0,0.0,0.07997474819421768,0.06352804601192474,-0.06152163818478584,-0.6275770664215088,0.05584109202027321,0.21119481325149536,0.003892071545124054,0.0,0.0,0.0,-1.0888224840164185,10.290947914123535,-0.3686819076538086,10.861456871032715,1.07180655002594,-10.0,-10.0,24.493974685668945,2.0,2.0,8.701972961425781,0.30357420444488525,0.28977540135383606,0.30357420444488525,0.29590821266174316,0.0,0.30469265580177307,0.30469265580177307,0.30469265580177307,0.30469265580177307,0.0,-0.920786440372467,0.1434396356344223,-9.646825790405273,0.0,0.0,0.0,0.0,0.0,0.0,0.0,0.0,0.0,0.0,0.0,0.0,0.0,0.0,0.0,0.30469274520874023,0.30469274520874023,0.304692804813385,0.30469274520874023,0.5107275247573853,0.04114978387951851,0.04114978387951851,0.21517165005207062,0.9328997135162354,-1.8231761455535889,-1.9173283576965332,0.0,0.0,0.0,0.0,0.0,0.0,0.0
65938586866,0,0.044105056673288345,-0.12298956513404846,-0.14136923849582672,0.044105056673288345,-0.12298956513404846,-0.8413692116737366,-0.056288331747055054,-0.09293941408395767,-0.00726827047765255,0.0,0.0,0.0,-0.006439399439841509,-0.026182089000940323,0.0681006982922554,0.0,0.0,0.0681006982922554,0.01712127774953842,-0.004053780343383551,-0.5576694011688232,0.05483054369688034,0.20187847316265106,0.006418260745704174,0.0,0.0,0.0,-1.0142635107040405,10.188255310058594,-0.44696807861328125,10.848027229309082,1.0689079761505127,-10.0,-10.0,26.508304595947266,2.0,2.0,6.367861270904541,0.3051074147224426,0.29130858182907104,0.30357420444488525,0.29744139313697815,0.0,0.30469265580177307,0.30469265580177307,0.30469265580177307,0.30469265580177307,0.0,-0.6433848738670349,-0.08473578095436096,-9.305563926696777,0.0,0.0,0.0,0.0,0.0,0.0,0.0,0.0,0.0,0.0,0.0,0.0,0.0,0.0,0.0,0.30469274520874023,0.30469274520874023,0.304692804813385,0.30469274520874023,0.5455390214920044,0.04114978387951851,0.04114978387951851,0.167366161942482,-1.6935253143310547,1.7677150964736938,2.20064640045166,0.0,0.0,0.0,0.0,0.0,0.0,0.0
65948276429,0,0.044105056673288345,-0.12298956513404846,-0.14136923849582672,0.044105056673288345,-0.12298956513404846,-0.8413692116737366,-0.056288331747055054,-0.09293941408395767,-0.00726827047765255,0.0,0.0,0.0,-0.006439399439841509,-0.026182089000940323,0.0681006982922554,0.0,0.0,0.0681006982922554,-0.0253947451710701,0.01907489076256752,-0.49877873063087463,0.06242210045456886,0.19966840744018555,0.00280040898360312,0.0,0.0,0.0,-0.9534804821014404,10.16040325164795,-0.5,10.83993148803711,1.0666593313217163,-10.0,-10.0,27.948192596435547,2.0,2.0,4.839093208312988,0.3051074147224426,0.28977540135383606,0.30357420444488525,0.29590821266174316,0.0,0.30469265580177307,0.30469265580177307,0.30469265580177307,0.30469265580177307,0.0,-0.24354000389575958,0.13424032926559448,-9.48790168762207,0.0,0.0,0.0,0.0,0.0,0.0,0.0,0.0,0.0,0.0,0.0,0.0,0.0,0.0,0.0,0.30469274520874023,0.30469274520874023,0.304692804813385,0.30469274520874023,0.5700854659080505,0.04114978387951851,0.04114978387951851,0.13535301387310028,-2.8261232376098633,1.8767385482788086,3.865020513534546,0.0,0.0,0.0,0.0,0.0,0.0,0.0
65958593571,0,0.041552457958459854,-0.12326698750257492,-0.1411082148551941,0.041552457958459854,-0.12326698750257492,-0.8411082029342651,-0.06250591576099396,-0.09238861501216888,0.0035950681194663048,0.0,0.0,0.0,-0.007463974878191948,-0.024944482371211052,0.05793467164039612,0.0,0.0,0.05793466791510582,-0.05875115841627121,0.0005840211524628103,-0.43213003873825073,0.06242210045456886,0.19966840744018555,0.00280040898360312,0.0,0.0,0.0,-0.9534804821014404,10.16040325164795,-0.5,10.83993148803711,1.0666593313217163,-10.0,-10.0,28.07646942138672,2.0,2.0,4.832998275756836,0.3051074147224426,0.28977540135383606,0.30357420444488525,0.29744139313697815,0.0,0.30469265580177307,0.30469265580177307,0.30469265580177307,0.30469265580177307,0.0,-0.43039774894714355,0.334483802318573,-9.442360877990723,0.0,0.0,0.0,0.0,0.0,0.0,0.0,0.0,0.0,0.0,0.0,0.0,0.0,0.0,0.0,0.30469274520874023,0.30469274520874023,0.304692804813385,0.30469274520874023,0.5700854659080505,0.04114978387951851,0.04114978387951851,0.13535301387310028,-2.9420130252838135,0.04780682176351547,5.072730541229248,0.0,0.0,0.0,0.0,0.0,0.0,0.0
65969211782,0,0.04022414982318878,-0.12349746376276016,-0.1409197747707367,0.04022414982318878,-0.12349746376276016,-0.8409197330474854,-0.0639517605304718,-0.0918511152267456,0.006146320607513189,0.0,0.0,0.0,-0.008205477148294449,-0.025464769452810287,0.0536130927503109,0.0,0.0,0.0536130927503109,-0.07034491002559662,-0.0295633003115654,-0.3618376851081848,0.07038643956184387,0.21142438054084778,0.0021991983521729708,0.0,0.0,0.0,-0.8999416828155518,10.254276275634766,-0.5,10.714446067810059,1.0607277154922485,-10.0,-10.0,28.18210220336914,2.0,2.0,4.898273468017578,0.30357420444488525,0.28977540135383606,0.3051074147224426,0.29744139313697815,0.0,0.30469265580177307,0.30469265580177307,0.30469265580177307,0.30469265580177307,0.0,-0.43039774894714355,0.334483802318573,-9.442360877990723,0.0,0.0,0.0,0.0,0.0,0.0,0.0,0.0,0.0,0.0,0.0,0.0,0.0,0.0,0.0,0.30469274520874023,0.30469274520874023,0.304692804813385,0.30469274520874023,0.5740472078323364,0.04114978387951851,0.04114978387951851,0.13660301268100739,-2.005471706390381,-1.328832983970642,5.858161449432373,0.0,0.0,0.0,0.0,0.0,0.0,0.0
65977949582,0,0.03592419996857643,-0.12436144798994064,-0.1400623917579651,0.03592419996857643,-0.12436144798994064,-0.8400623798370361,-0.07117872685194016,-0.0879049226641655,0.031948529183864594,0.0,0.0,0.0,-0.00966546032577753,-0.026473063975572586,0.04364554584026337,0.0,0.0,0.04364554584026337,-0.07034491002559662,-0.0295633003115654,-0.3618376851081848,0.07038643956184387,0.21142438054084778,0.0021991983521729708,0.0,0.0,0.0,-0.8999416828155518,10.254276275634766,-0.5,10.714446067810059,1.0607277154922485,-10.0,-10.0,28.18210220336914,2.0,2.0,4.898273468017578,0.30204102396965027,0.28977540135383606,0.30357420444488525,0.29590821266174316,0.0,0.30469265580177307,0.30469265580177307,0.30469265580177307,0.30469265580177307,0.0,-0.40833741426467896,0.34604236483573914,-9.003766059875488,0.0,0.0,0.0,0.0,0.0,0.0,0.0,0.0,0.0,0.0,0.0,0.0,0.0,0.0,0.0,0.30469274520874023,0.30469274520874023,0.304692804813385,0.30469274520874023,0.5740472078323364,0.04114978387951851,0.04114978387951851,0.13660301268100739,-2.005471706390381,-1.328832983970642,5.858161449432373,0.0,0.0,0.0,0.0,0.0,0.0,0.0
65988134927,0,0.03592419996857643,-0.12436144798994064,-0.1400623917579651,0.03592419996857643,-0.12436144798994064,-0.8400623798370361,-0.07117872685194016,-0.0879049226641655,0.031948529183864594,0.0,0.0,0.0,-0.00966546032577753,-0.026473063975572586,0.04364554584026337,0.0,0.0,0.04364554584026337,-0.08956480026245117,-0.00043811657815240324,-0.18729372322559357,0.08099918812513351,0.20847506821155548,0.001693999394774437,0.0,0.0,0.0,-0.8646050691604614,10.195228576660156,-0.5,10.58764362335205,1.0511645078659058,-10.0,-10.0,28.155229568481445,2.0,2.0,4.746498107910156,0.30357420444488525,0.28977540135383606,0.30204102396965027,0.29590821266174316,0.0,0.30469265580177307,0.30469265580177307,0.30469265580177307,0.30469265580177307,0.0,-0.08286162465810776,0.06817693263292313,-8.40876579284668,0.0,0.0,0.0,0.0,0.0,0.0,0.0,0.0,0.0,0.0,0.0,0.0,0.0,0.0,0.0,0.30469274520874023,0.30469274520874023,0.304692804813385,0.30469274520874023,0.5740711688995361,0.04114978387951851,0.04114978387951851,0.1347338855266571,-0.7670826315879822,0.9099809527397156,5.409120082855225,0.0,0.0,0.0,0.0,0.0,0.0,0.0
65997465813,0,0.03592419996857643,-0.12436144798994064,-0.1400623917579651,0.03592419996857643,-0.12436144798994064,-0.8400623798370361,-0.07117872685194016,-0.0879049226641655,0.031948529183864594,0.0,0.0,0.0,-0.00966546032577753,-0.026473063975572586,0.04364554584026337,0.0,0.0,0.04364554584026337,-0.08956480026245117,-0.00043811657815240324,-0.18729372322559357,0.08932383358478546,0.20389004051685333,0.0016864100471138954,0.0,0.0,0.0,-0.8646050691604614,10.195228576660156,-0.5,10.58764362335205,1.0511645078659058,-10.0,-10.0,28.155229568481445,2.0,2.0,4.746498107910156,0.3051074147224426,0.28977540135383606,0.30204102396965027,0.29744139313697815,0.0,0.30469265580177307,0.30469265580177307,0.30469265580177307,0.30469265580177307,0.0,-0.08286162465810776,0.06817693263292313,-8.40876579284668,0.0,0.0,0.0,0.0,0.0,0.0,0.0,0.0,0.0,0.0,0.0,0.0,0.0,0.0,0.0,0.30469274520874023,0.30469274520874023,0.304692804813385,0.30469274520874023,0.5735922455787659,0.04114978387951851,0.04114978387951851,0.1333952397108078,-0.7670826315879822,0.9099809527397156,5.409120082855225,0.0,0.0,0.0,0.0,0.0,0.0,0.0
66008856154,0,0.03294482082128525,-0.1250733882188797,-0.13891080021858215,0.03294482082128525,-0.1250733882188797,-0.8389108180999756,-0.07236314564943314,-0.08225886523723602,0.04217731952667236,0.0,0.0,0.0,-0.011339032091200352,-0.025681158527731895,0.03865695744752884,0.0,0.0,0.03865695744752884,-0.0805075466632843,-0.015315432101488113,-0.15484827756881714,0.08932383358478546,0.20389004051685333,0.0016864100471138954,0.0,0.0,0.0,-0.8646050691604614,10.195228576660156,-0.5,10.58764362335205,1.0511645078659058,-10.0,-10.0,28.17107582092285,2.0,2.0,4.816479682922363,0.30357420444488525,0.28977540135383606,0.30357420444488525,0.29744139313697815,0.0,0.30469265580177307,0.30469265580177307,0.30469265580177307,0.30469265580177307,0.0,0.9138244986534119,1.1470037698745728,-12.73768424987793,0.0,0.0,0.0,0.0,0.0,0.0,0.0,0.0,0.0,0.0,0.0,0.0,0.0,0.0,0.0,0.30469274520874023,0.30469274520874023,0.304692804813385,0.30469274520874023,0.5735922455787659,0.04114978387951851,0.04114978387951851,0.1333952397108078,-0.00849195010960102,-0.2446771264076233,4.620192050933838,0.0,0.0,0.0,0.0,0.0,0.0,0.0
66017278547,0,0.031470440328121185,-0.1254279911518097,-0.13844120502471924,0.031470440328121185,-0.1254279911518097,-0.8384411931037903,-0.06193593516945839,-0.06636631488800049,0.025843756273388863,0.0,0.0,0.0,-0.011709552258253098,-0.026510780677199364,0.03644860163331032,0.0,0.0,0.03644859790802002,-0.0393863208591938,-0.05508265271782875,-0.11753612756729126,0.0889769122004509,0.22108128666877747,0.0023215976543724537,0.0,0.0,0.0,-0.932280957698822,10.290250778198242,-0.5,10.547945976257324,1.045100212097168,-10.0,-10.0,28.176620483398438,2.0,2.0,5.010248184204102,0.30204102396965027,0.28977540135383606,0.30357420444488525,0.29590821266174316,0.0,0.30469265580177307,0.30469265580177307,0.30469265580177307,0.30469265580177307,0.0,0.9138244986534119,1.1470037698745728,-12.73768424987793,0.0,0.0,0.0,0.0,0.0,0.0,0.0,0.0,0.0,0.0,0.0,0.0,0.0,0.0,0.0,0.30469274520874023,0.30469274520874023,0.304692804813385,0.30469274520874023,0.5739543437957764,0.04114978387951851,0.04114978387951851,0.13896575570106506,2.0045464038848877,-1.9466617107391357,4.114054203033447,0.0,0.0,0.0,0.0,0.0,0.0,0.0
66049207723,0,0.031470440328121185,-0.1254279911518097,-0.13844120502471924,0.031470440328121185,-0.1254279911518097,-0.8384411931037903,-0.06193593516945839,-0.06636631488800049,0.025843756273388863,0.0,0.0,0.0,-0.011709552258253098,-0.026510780677199364,0.03644860163331032,0.0,0.0,0.03644859790802002,0.01466934010386467,-0.0660124346613884,-0.0793200135231018,0.0791349709033966,0.22339662909507751,0.001691940939053893,0.0,0.0,0.0,-1.0157527923583984,10.30506420135498,-0.5,10.518930435180664,1.043081283569336,-10.0,-10.0,28.082073211669922,2.0,2.0,5.170823097229004,0.30204102396965027,0.28977540135383606,0.30357420444488525,0.29590821266174316,0.0,0.30469265580177307,0.30469265580177307,0.30469265580177307,0.30469265580177307,0.0,0.9826703071594238,1.864341378211975,-13.759687423706055,0.0,0.0,0.0,0.0,0.0,0.0,0.0,0.0,0.0,0.0,0.0,0.0,0.0,0.0,0.0,0.30469274520874023,0.30469274520874023,0.304692804813385,0.30469274520874023,0.5723540186882019,0.04114978387951851,0.04114978387951851,0.14234881103038788,3.7137081623077393,-1.5654762983322144,4.182819843292236,0.0,0.0,0.0,0.0,0.0,0.0,0.0
66049238148,0,0.0287057776004076,-0.12602931261062622,-0.13828322291374207,0.0287057776004076,-0.12602931261062622,-0.8382831811904907,-0.04409918934106827,-0.04285026341676712,-0.04364261031150818,0.0,0.0,0.0,-0.009949134662747383,-0.028103560209274292,0.03339897468686104,0.0,0.0,0.03339897841215134,0.05354057252407074,0.01023006159812212,0.01429672446101904,0.0791349709033966,0.22339662909507751,0.001691940939053893,0.0,0.0,0.0,-1.0157527923583984,10.30506420135498,-0.5,10.518930435180664,1.043081283569336,-10.0,-10.0,27.831758499145508,2.0,2.0,4.988736152648926,0.30357420444488525,0.28977540135383606,0.30204102396965027,0.29590821266174316,0.0,0.30469265580177307,0.30469265580177307,0.30469265580177307,0.30469265580177307,0.0,1.3533185720443726,1.2608076333999634,-12.177072525024414,0.0,0.0,0.0,0.0,0.0,0.0,0.0,0.0,0.0,0.0,0.0,0.0,0.0,0.0,0.0,0.30469274520874023,0.30469274520874023,0.304692804813385,0.30469274520874023,0.5723540186882019,0.04114978387951851,0.04114978387951851,0.14234881103038788,1.6806559562683105,2.6568057537078857,4.2814788818359375,0.0,0.0,0.0,0.0,0.0,0.0,0.0
66049248263,0,0.0287057776004076,-0.12602931261062622,-0.13828322291374207,0.0287057776004076,-0.12602931261062622,-0.8382831811904907,-0.04409918934106827,-0.04285026341676712,-0.04364261031150818,0.0,0.0,0.0,-0.009949134662747383,-0.028103560209274292,0.03339897468686104,0.0,0.0,0.03339897841215134,0.05354057252407074,0.01023006159812212,0.01429672446101904,0.07438790798187256,0.2060677707195282,0.0008179667638614774,0.0,0.0,0.0,-1.0361684560775757,10.169269561767578,-0.5,10.447075843811035,1.040209174156189,-10.0,-10.0,27.831758499145508,2.0,2.0,4.988736152648926,0.3051074147224426,0.28977540135383606,0.30204102396965027,0.29590821266174316,0.0,0.30469265580177307,0.30469265580177307,0.30469265580177307,0.30469265580177307,0.0,1.3533185720443726,1.2608076333999634,-12.177072525024414,0.0,0.0,0.0,0.0,0.0,0.0,0.0,0.0,0.0,0.0,0.0,0.0,0.0,0.0,0.0,0.30469274520874023,0.30469274520874023,0.304692804813385,0.30469274520874023,0.5681105852127075,0.04114978387951851,0.04114978387951851,0.13851213455200195,1.6806559562683105,2.6568057537078857,4.2814788818359375,0.0,0.0,0.0,0.0,0.0,0.0,0.0
66058605512,0,0.02394905686378479,-0.12684795260429382,-0.13921047747135162,0.02394905686378479,-0.12684795260429382,-0.8392104506492615,-0.008057878352701664,-0.01826796866953373,-0.004980477038770914,0.0,0.0,0.0,-0.010705816559493542,-0.02502724528312683,0.029790183529257774,0.0,0.0,0.029790183529257774,-0.020134301856160164,0.05248809605836868,0.008844575844705105,0.07438790798187256,0.2060677707195282,0.0008179667638614774,0.0,0.0,0.0,-1.0361684560775757,10.169269561767578,-0.5,10.447075843811035,1.040209174156189,-10.0,-10.0,27.954715728759766,2.0,2.0,4.712602615356445,0.3051074147224426,0.28977540135383606,0.30204102396965027,0.29590821266174316,0.0,0.30469265580177307,0.30469265580177307,0.30469265580177307,0.30469265580177307,0.0,1.0430172681808472,0.40562403202056885,-6.586068630218506,0.0,0.0,0.0,0.0,0.0,0.0,0.0,0.0,0.0,0.0,0.0,0.0,0.0,0.0,0.0,0.30469274520874023,0.30469274520874023,0.304692804813385,0.30469274520874023,0.5681105852127075,0.04114978387951851,0.04114978387951851,0.13851213455200195,-2.1788127422332764,1.7894607782363892,0.5676352977752686,0.0,0.0,0.0,0.0,0.0,0.0,0.0
66069223241,0,0.02394905686378479,-0.12684795260429382,-0.13921047747135162,0.02394905686378479,-0.12684795260429382,-0.8392104506492615,-0.008057878352701664,-0.01826796866953373,-0.004980477038770914,0.0,0.0,0.0,-0.010705816559493542,-0.02502724528312683,0.029790183529257774,0.0,0.0,0.029790183529257774,-0.020134301856160164,0.05248809605836868,0.008844575844705105,0.08614761382341385,0.19965428113937378,0.001507083885371685,0.0,0.0,0.0,-0.9087143540382385,10.129271507263184,-0.5,10.48882007598877,1.0367844104766846,-10.0,-10.0,27.954715728759766,2.0,2.0,4.712602615356445,0.3051074147224426,0.28977540135383606,0.30357420444488525,0.29590821266174316,0.0,0.30469265580177307,0.30469265580177307,0.30469265580177307,0.30469265580177307,0.0,1.0430172681808472,0.40562403202056885,-6.586068630218506,0.0,0.0,0.0,0.0,0.0,0.0,0.0,0.0,0.0,0.0,0.0,0.0,0.0,0.0,0.0,0.30469274520874023,0.30469274520874023,0.304692804813385,0.30469274520874023,0.5701960921287537,0.04114978387951851,0.04114978387951851,0.13267815113067627,-2.1788127422332764,1.7894607782363892,0.5676352977752686,0.0,0.0,0.0,0.0,0.0,0.0,0.0
66078252315,0,0.02394905686378479,-0.12684795260429382,-0.13921047747135162,0.02394905686378479,-0.12684795260429382,-0.8392104506492615,-0.008057878352701664,-0.01826796866953373,-0.004980477038770914,0.0,0.0,0.0,-0.010705816559493542,-0.02502724528312683,0.029790183529257774,0.0,0.0,0.029790183529257774,-0.03672594577074051,0.020276391878724098,-0.04579130932688713,0.08820920437574387,0.20492993295192719,0.002143711782991886,0.0,0.0,0.0,-0.8911939859390259,10.190793991088867,-0.5,10.558622360229492,1.0342588424682617,-10.0,-10.0,28.09368133544922,2.0,2.0,4.781769752502441,0.30357420444488525,0.28977540135383606,0.30357420444488525,0.29590821266174316,0.0,0.30469265580177307,0.30469265580177307,0.30469265580177307,0.30469265580177307,0.0,0.9375938773155212,0.8279651999473572,-7.1446003913879395,0.0,0.0,0.0,0.0,0.0,0.0,0.0,0.0,0.0,0.0,0.0,0.0,0.0,0.0,0.0,0.30469274520874023,0.30469274520874023,0.304692804813385,0.30469274520874023,0.572550356388092,0.04114978387951851,0.04114978387951851,0.134141206741333,-1.812967300415039,-0.6140487194061279,-2.2671449184417725,0.0,0.0,0.0,0.0,0.0,0.0,0.0
66087339409,0,0.021946236491203308,-0.12713898718357086,-0.13858667016029358,0.021946236491203308,-0.12713898718357086,-0.838586688041687,0.008329189382493496,-0.00046944478526711464,0.03192238509654999,0.0,0.0,0.0,-0.010995982214808464,-0.026177354156970978,0.024287082254886627,0.0,0.0,0.024287084117531776,-0.03672594577074051,0.020276391878724098,-0.04579130932688713,0.08820920437574387,0.20492993295192719,0.002143711782991886,0.0,0.0,0.0,-0.8911939859390259,10.190793991088867,-0.5,10.558622360229492,1.0342588424682617,-10.0,-10.0,28.09368133544922,2.0,2.0,4.781769752502441,0.30357420444488525,0.28977540135383606,0.30357420444488525,0.29590821266174316,0.0,0.30469265580177307,0.30469265580177307,0.30469265580177307,0.30469265580177307,0.0,1.4284393787384033,1.2054474353790283,-8.294329643249512,0.0,0.0,0.0,0.0,0.0,0.0,0.0,0.0,0.0,0.0,0.0,0.0,0.0,0.0,0.0,0.30469274520874023,0.30469274520874023,0.304692804813385,0.30469274520874023,0.572550356388092,0.04114978387951851,0.04114978387951851,0.134141206741333,-1.812967300415039,-0.6140487194061279,-2.2671449184417725,0.0,0.0,0.0,0.0,0.0,0.0,0.0
66097524982,0,0.02106058970093727,-0.12722545862197876,-0.13807855546474457,0.02106058970093727,-0.12722545862197876,-0.8380785584449768,0.023865535855293274,0.01079575251787901,0.038350559771060944,0.0,0.0,0.0,-0.010620729066431522,-0.026909690350294113,0.021258072927594185,0.0,0.0,0.021258072927594185,-0.005923331715166569,-0.0559985376894474,-0.15801659226417542,0.08097916841506958,0.21886324882507324,0.0036980262957513332,0.0,0.0,0.0,-0.9478489756584167,10.300930976867676,-0.5,10.66582202911377,1.0342588424682617,-10.0,-10.0,28.194602966308594,2.0,2.0,5.051358222961426,0.30357420444488525,0.28977540135383606,0.30357420444488525,0.29590821266174316,0.0,0.30469265580177307,0.30469265580177307,0.30469265580177307,0.30469265580177307,0.0,1.495143175125122,1.7048982381820679,-9.339207649230957,0.0,0.0,0.0,0.0,0.0,0.0,0.0,0.0,0.0,0.0,0.0,0.0,0.0,0.0,0.0,0.30469274520874023,0.30469274520874023,0.304692804813385,0.30469274520874023,0.572550356388092,0.04114978387951851,0.04114978387951851,0.134141206741333,0.744861900806427,-2.8051419258117676,-4.580010890960693,0.0,0.0,0.0,0.0,0.0,0.0,0.0
66107357136,0,0.02106058970093727,-0.12722545862197876,-0.13807855546474457,0.02106058970093727,-0.12722545862197876,-0.8380785584449768,0.023865535855293274,0.01079575251787901,0.038350559771060944,0.0,0.0,0.0,-0.010620729066431522,-0.026909690350294113,0.021258072927594185,0.0,0.0,0.021258072927594185,-0.005923331715166569,-0.0559985376894474,-0.15801659226417542,0.07782173156738281,0.21656212210655212,0.0031285169534385204,0.0,0.0,0.0,-0.9478489756584167,10.300930976867676,-0.5,10.66582202911377,1.029728889465332,-10.0,-10.0,28.194602966308594,2.0,2.0,5.051358222961426,0.30357420444488525,0.28977540135383606,0.30357420444488525,0.29590821266174316,0.0,0.30469265580177307,0.30469265580177307,0.30469265580177307,0.30469265580177307,0.0,1.495143175125122,1.7048982381820679,-9.339207649230957,0.0,0.0,0.0,0.0,0.0,0.0,0.0,0.0,0.0,0.0,0.0,0.0,0.0,0.0,0.0,0.30469274520874023,0.30469274520874023,0.304692804813385,0.30469274520874023,0.5742586851119995,0.04114978387951851,0.04114978387951851,0.13983257114887238,0.744861900806427,-2.8051419258117676,-4.580010890960693,0.0,0.0,0.0,0.0,0.0,0.0,0.0
66131550979,0,0.018953312188386917,-0.1270279437303543,-0.13687030971050262,0.018953312188386917,-0.1270279437303543,-0.8368703126907349,0.05587465688586235,0.04292614758014679,-0.007038963492959738,0.0,0.0,0.0,-0.009912853129208088,-0.026528755202889442,0.013997936621308327,0.0,0.0,0.013997936621308327,0.024333180859684944,-0.033304642885923386,-0.17768171429634094,0.07886946946382523,0.21086911857128143,0.002370380563661456,0.0,0.0,0.0,-0.9822342991828918,10.239825248718262,-0.5,10.651031494140625,1.029728889465332,-10.0,-10.0,28.029727935791016,2.0,2.0,5.010717391967773,0.30357420444488525,0.28977540135383606,0.30357420444488525,0.29590821266174316,0.0,0.30469265580177307,0.30469265580177307,0.30469265580177307,0.30469265580177307,0.0,0.9620711803436279,1.1951038837432861,-12.693873405456543,0.0,0.0,0.0,0.0,0.0,0.0,0.0,0.0,0.0,0.0,0.0,0.0,0.0,0.0,0.0,0.30469274520874023,0.30469274520874023,0.304692804813385,0.30469274520874023,0.5742586851119995,0.04114978387951851,0.04114978387951851,0.13983257114887238,1.0450741052627563,0.43481603264808655,-1.5992218255996704,0.0,0.0,0.0,0.0,0.0,0.0,0.0
66131590110,0,0.018404696136713028,-0.1268710196018219,-0.13685140013694763,0.018404696136713028,-0.1268710196018219,-0.8368513584136963,0.0647682473063469,0.04910796135663986,-0.026654230430722237,0.0,0.0,0.0,-0.010387688875198364,-0.02572397142648697,0.012877773493528366,0.0,0.0,0.012877773493528366,0.008808967657387257,0.007704904302954674,-0.1354624629020691,0.08261264115571976,0.20448221266269684,0.001504389219917357,0.0,0.0,0.0,-0.9488681554794312,10.175847053527832,-0.5,10.590893745422363,1.0245246887207031,-10.0,-10.0,27.979156494140625,2.0,2.0,4.85285758972168,0.30357420444488525,0.28977540135383606,0.30357420444488525,0.29590821266174316,0.0,0.30469265580177307,0.30469265580177307,0.30469265580177307,0.30469265580177307,0.0,0.8719381093978882,0.9889792799949646,-12.336577415466309,0.0,0.0,0.0,0.0,0.0,0.0,0.0,0.0,0.0,0.0,0.0,0.0,0.0,0.0,0.0,0.30469274520874023,0.30469274520874023,0.304692804813385,0.30469274520874023,0.5706101655960083,0.04114978387951851,0.04114978387951851,0.13564379513263702,-0.18528613448143005,2.092991590499878,1.183178186416626,0.0,0.0,0.0,0.0,0.0,0.0,0.0
66165708315,0,0.018404696136713028,-0.1268710196018219,-0.13685140013694763,0.017408976331353188,-0.1264156550168991,-0.8371145725250244,0.0647682473063469,0.04910796135663986,-0.026654230430722237,0.0,0.0,0.0,-0.010387688875198364,-0.02572397142648697,0.012877773493528366,0.0,0.0,0.012597043998539448,0.008808967657387257,0.007704904302954674,-0.1354624629020691,0.08261264115571976,0.20448221266269684,0.001504389219917357,0.0,0.0,0.0,-0.9488681554794312,10.175847053527832,-0.5,10.590893745422363,1.0245246887207031,-10.0,-10.0,27.979156494140625,2.0,2.0,4.85285758972168,0.30357420444488525,0.28977540135383606,0.30357420444488525,0.29590821266174316,0.0,0.30469265580177307,0.30469265580177307,0.30469265580177307,0.30469265580177307,0.0,0.8719381093978882,0.9889792799949646,-12.336577415466309,0.0,0.0,0.0,0.0,0.0,0.0,0.0,0.0,0.0,0.0,0.0,0.0,0.0,0.0,0.0,0.30469274520874023,0.30469274520874023,0.304692804813385,0.30469274520874023,0.5706101655960083,0.04114978387951851,0.04114978387951851,0.13564379513263702,-0.18528613448143005,2.092991590499878,1.183178186416626,0.0,0.0,0.0,0.0,0.0,0.0,0.0
66165771896,0,0.017408976331353188,-0.1264156550168991,-0.13711456954479218,0.017408976331353188,-0.1264156550168991,-0.8371145725250244,0.07278095930814743,0.058675169944763184,-0.03314140811562538,0.0,0.0,0.0,-0.011469118297100067,-0.024978069588541985,0.012597043998539448,0.0,0.0,0.012597043998539448,-0.033265404403209686,0.037066999822854996,0.008949842303991318,0.08261264115571976,0.20448221266269684,0.001504389219917357,0.0,0.0,0.0,-0.878220796585083,10.147387504577637,-0.5,10.438746452331543,1.020090937614441,-10.0,-10.0,28.04422378540039,2.0,2.0,4.690631866455078,0.30204102396965027,0.28977540135383606,0.30357420444488525,0.29590821266174316,0.0,0.30469265580177307,0.30469265580177307,0.30469265580177307,0.30469265580177307,0.0,0.37080198526382446,0.7423895597457886,-9.693458557128906,0.0,0.0,0.0,0.0,0.0,0.0,0.0,0.0,0.0,0.0,0.0,0.0,0.0,0.0,0.0,0.30469274520874023,0.30469274520874023,0.304692804813385,0.30469274520874023,0.5717126727104187,0.04114978387951851,0.04114978387951851,0.13221320509910583,-1.5100932121276855,1.299177885055542,5.449826717376709,0.0,0.0,0.0,0.0,0.0,0.0,0.0
66165807333,0,0.017408976331353188,-0.1264156550168991,-0.13711456954479218,0.017408976331353188,-0.1264156550168991,-0.8371145725250244,0.07278095930814743,0.058675169944763184,-0.03314140811562538,0.0,0.0,0.0,-0.011469118297100067,-0.024978069588541985,0.012597043998539448,0.0,0.0,0.012597043998539448,-0.04624407738447189,0.03531738370656967,0.06819242984056473,0.09828023612499237,0.19444604218006134,-0.00023897868231870234,0.0,0.0,0.0,-0.8586260676383972,10.152523040771484,-0.5,10.389519691467285,1.017844796180725,-10.0,-10.0,28.083232879638672,2.0,2.0,4.666582107543945,0.3005078136920929,0.28977540135383606,0.30357420444488525,0.29590821266174316,0.0,0.30469265580177307,0.30469265580177307,0.30469265580177307,0.30469265580177307,0.0,0.37080198526382446,0.7423895597457886,-9.693458557128906,0.0,0.0,0.0,0.0,0.0,0.0,0.0,0.0,0.0,0.0,0.0,0.0,0.0,0.0,0.0,0.30469274520874023,0.30469274520874023,0.304692804813385,0.30469274520874023,0.5723735094070435,0.04114978387951851,0.04114978387951851,0.13170382380485535,-1.4694432020187378,0.6605348587036133,5.9156880378723145,0.0,0.0,0.0,0.0,0.0,0.0,0.0
66168331887,0,0.01642202027142048,-0.1258455067873001,-0.1370455026626587,0.01642202027142048,-0.1258455067873001,-0.8370454907417297,0.06671977788209915,0.06560800969600677,0.0024026951286941767,0.0,0.0,0.0,-0.012581983581185341,-0.02417042851448059,0.013791306875646114,0.0,0.0,0.01379130594432354,-0.05111076682806015,0.03680654615163803,0.12094786018133163,0.09828023612499237,0.19444604218006134,-0.00023897868231870234,0.0,0.0,0.0,-0.8586260676383972,10.152523040771484,-0.5,10.389519691467285,1.017844796180725,-10.0,-10.0,28.086830139160156,2.0,2.0,4.651029586791992,0.2989746034145355,0.28977540135383606,0.30357420444488525,0.29590821266174316,0.0,0.30469265580177307,0.30469265580177307,0.30469265580177307,0.30469265580177307,0.0,-0.40002956986427307,0.45685482025146484,-7.617673873901367,0.0,0.0,0.0,0.0,0.0,0.0,0.0,0.0,0.0,0.0,0.0,0.0,0.0,0.0,0.0,0.30469274520874023,0.30469274520874023,0.304692804813385,0.30469274520874023,0.5723735094070435,0.04114978387951851,0.04114978387951851,0.13170382380485535,-0.9631282687187195,0.4185050427913666,5.430117607116699,0.0,0.0,0.0,0.0,0.0,0.0,0.0
66177915139,0,0.01586730033159256,-0.12553368508815765,-0.13676631450653076,0.01586730033159256,-0.12553368508815765,-0.8367663025856018,0.058545175939798355,0.0685557946562767,0.01790543645620346,0.0,0.0,0.0,-0.013008730486035347,-0.02365773916244507,0.014463558793067932,0.0,0.0,0.014463558793067932,-0.04553331807255745,0.03652327135205269,0.14760538935661316,0.09828023612499237,0.19444604218006134,-0.00023897868231870234,0.0,0.0,0.0,-0.8603774309158325,10.147967338562012,-0.5,10.349470138549805,1.017844796180725,-10.0,-10.0,28.07315444946289,2.0,2.0,4.662145614624023,0.2989746034145355,0.28977540135383606,0.30357420444488525,0.29590821266174316,0.0,0.30469265580177307,0.30469265580177307,0.30469265580177307,0.30469265580177307,0.0,-0.40002956986427307,0.45685482025146484,-7.617673873901367,0.0,0.0,0.0,0.0,0.0,0.0,0.0,0.0,0.0,0.0,0.0,0.0,0.0,0.0,0.0,0.30469274520874023,0.30469274520874023,0.304692804813385,0.30469274520874023,0.5723735094070435,0.04114978387951851,0.04114978387951851,0.13170382380485535,-0.21863308548927307,0.18853896856307983,3.968351364135742,0.0,0.0,0.0,0.0,0.0,0.0,0.0
66191298114,0,0.014493054710328579,-0.12497556209564209,-0.13600383698940277,0.014493054710328579,-0.12497556209564209,-0.836003839969635,0.036228105425834656,0.06095018982887268,0.019247423857450485,0.0,0.0,0.0,-0.013485566712915897,-0.02331959456205368,0.015099162235856056,0.0,0.0,0.015099162235856056,-0.030949892476201057,0.011172761209309101,0.1198192909359932,0.10511269420385361,0.1853356808423996,-0.00044089482980780303,0.0,0.0,0.0,-0.8603774309158325,10.147967338562012,-0.5,10.349470138549805,1.0122368335723877,-10.0,-10.0,28.07315444946289,2.0,2.0,4.662145614624023,0.2989746034145355,0.28977540135383606,0.30357420444488525,0.29590821266174316,0.0,0.30469265580177307,0.30469265580177307,0.30469265580177307,0.30469265580177307,0.0,-1.337092399597168,-0.27604204416275024,-10.735005378723145,0.0,0.0,0.0,0.0,0.0,0.0,0.0,0.0,0.0,0.0,0.0,0.0,0.0,0.0,0.0,0.30469274520874023,0.30469274520874023,0.304692804813385,0.30469274520874023,0.5722026824951172,0.04114978387951851,0.04114978387951851,0.13161008059978485,0.41115233302116394,-0.9305147528648376,-0.15788239240646362,0.0,0.0,0.0,0.0,0.0,0.0,0.0
66197397611,0,0.014493054710328579,-0.12497556209564209,-0.13600383698940277,0.014493054710328579,-0.12497556209564209,-0.836003839969635,0.036228105425834656,0.06095018982887268,0.019247423857450485,0.0,0.0,0.0,-0.013485566712915897,-0.02331959456205368,0.015099162235856056,0.0,0.0,0.015099162235856056,-0.030949892476201057,0.011172761209309101,0.1198192909359932,0.110179603099823,0.18585191667079926,0.00056696985848248,0.0,0.0,0.0,-0.8702700138092041,10.183984756469727,-0.5,10.412139892578125,1.0072879791259766,-10.0,-10.0,28.090747833251953,2.0,2.0,4.738256454467773,0.2989746034145355,0.28977540135383606,0.30357420444488525,0.29590821266174316,0.0,0.30469265580177307,0.30469265580177307,0.30469265580177307,0.30469265580177307,0.0,-1.337092399597168,-0.27604204416275024,-10.735005378723145,0.0,0.0,0.0,0.0,0.0,0.0,0.0,0.0,0.0,0.0,0.0,0.0,0.0,0.0,0.0,0.30469274520874023,0.30469274520874023,0.304692804813385,0.30469274520874023,0.5725005865097046,0.04114978387951851,0.04114978387951851,0.1332210749387741,0.41115233302116394,-0.9305147528648376,-0.15788239240646362,0.0,0.0,0.0,0.0,0.0,0.0,0.0
66207500895,0,0.012653580866754055,-0.12474613636732101,-0.13557298481464386,0.012653580866754055,-0.12474613636732101,-0.8355729579925537,0.007955922745168209,0.04694230854511261,-0.01383925974369049,0.0,0.0,0.0,-0.014286278747022152,-0.023304181173443794,0.014042697846889496,0.0,0.0,0.01404269877821207,-0.030857650563120842,0.0008002238464541733,0.08071505278348923,0.11358578503131866,0.18524830043315887,0.0010948285926133394,0.0,0.0,0.0,-0.8628973960876465,10.194535255432129,-0.5,10.460100173950195,1.0050480365753174,-10.0,-10.0,28.106983184814453,2.0,2.0,4.744037628173828,0.3005078136920929,0.28977540135383606,0.30357420444488525,0.29590821266174316,0.0,0.30469265580177307,0.30469265580177307,0.30469265580177307,0.30469265580177307,0.0,-1.7091491222381592,-0.5471599698066711,-11.85352611541748,0.0,0.0,0.0,0.0,0.0,0.0,0.0,0.0,0.0,0.0,0.0,0.0,0.0,0.0,0.0,0.30469274520874023,0.30469274520874023,0.304692804813385,0.30469274520874023,0.5725005865097046,0.04114978387951851,0.04114978387951851,0.1332210749387741,0.22927755117416382,-1.008751392364502,-1.981579303741455,0.0,0.0,0.0,0.0,0.0,0.0,0.0
66220825090,0,0.012653580866754055,-0.12474613636732101,-0.13557298481464386,0.012653580866754055,-0.12474613636732101,-0.8355729579925537,0.007955922745168209,0.04694230854511261,-0.01383925974369049,0.0,0.0,0.0,-0.014286278747022152,-0.023304181173443794,0.014042697846889496,0.0,0.0,0.01404269877821207,-0.030857650563120842,0.0008002238464541733,0.08071505278348923,0.11358578503131866,0.18524830043315887,0.0010948285926133394,0.0,0.0,0.0,-0.8628973960876465,10.194535255432129,-0.5,10.460100173950195,1.0050480365753174,-10.0,-10.0,28.106983184814453,2.0,2.0,4.744037628173828,0.3005078136920929,0.28977540135383606,0.30357420444488525,0.29590821266174316,0.0,0.30469265580177307,0.30469265580177307,0.30469265580177307,0.30469265580177307,0.0,-1.7091491222381592,-0.5471599698066711,-11.85352611541748,0.0,0.0,0.0,0.0,0.0,0.0,0.0,0.0,0.0,0.0,0.0,0.0,0.0,0.0,0.0,0.30469274520874023,0.30469274520874023,0.304692804813385,0.30469274520874023,0.572775661945343,0.04114978387951851,0.04114978387951851,0.13334324955940247,0.22927755117416382,-1.008751392364502,-1.981579303741455,0.0,0.0,0.0,0.0,0.0,0.0,0.0
66227774926,0,0.010205269791185856,-0.12493311613798141,-0.1356991082429886,0.010205269791185856,-0.12493311613798141,-0.8356990814208984,-0.02180711179971695,0.030107971280813217,-0.03640979900956154,0.0,0.0,0.0,-0.014924445189535618,-0.02258337289094925,0.011297565884888172,0.0,0.0,0.011297566816210747,-0.029747992753982544,0.008329398930072784,-0.03495759889483452,0.1185135692358017,0.17879195511341095,0.001262417295947671,0.0,0.0,0.0,-0.853428065776825,10.170259475708008,-0.49821949005126953,10.571871757507324,0.9996861219406128,-10.0,-10.0,28.03624153137207,2.0,2.0,4.735934734344482,0.3005078136920929,0.28977540135383606,0.30357420444488525,0.29590821266174316,0.0,0.30469265580177307,0.30469265580177307,0.30469265580177307,0.30469265580177307,0.0,-1.7047524452209473,-0.5954203605651855,-10.773098945617676,0.0,0.0,0.0,0.0,0.0,0.0,0.0,0.0,0.0,0.0,0.0,0.0,0.0,0.0,0.0,0.30469274520874023,0.30469274520874023,0.304692804813385,0.30469274520874023,0.572775661945343,0.04114978387951851,0.04114978387951851,0.13334324955940247,0.21773916482925415,0.09098602831363678,-4.5886030197143555,0.0,0.0,0.0,0.0,0.0,0.0,0.0
66237335236,0,0.010205269791185856,-0.12493311613798141,-0.1356991082429886,0.010205269791185856,-0.12493311613798141,-0.8356990814208984,-0.02180711179971695,0.030107971280813217,-0.03640979900956154,0.0,0.0,0.0,-0.014924445189535618,-0.02258337289094925,0.011297565884888172,0.0,0.0,0.011297566816210747,-0.011562030762434006,0.00935217272490263,-0.0865420401096344,0.1185135692358017,0.17879195511341095,0.001262417295947671,0.0,0.0,0.0,-0.879401683807373,10.16899299621582,-0.446990966796875,10.559999465942383,0.9971315264701843,-10.0,-10.0,26.65337371826172,2.0,2.0,6.115675926208496,0.3005078136920929,0.28977540135383606,0.30357420444488525,0.29590821266174316,0.0,0.30469265580177307,0.30469265580177307,0.30469265580177307,0.30469265580177307,0.0,-1.7047524452209473,-0.5954203605651855,-10.773098945617676,0.0,0.0,0.0,0.0,0.0,0.0,0.0,0.0,0.0,0.0,0.0,0.0,0.0,0.0,0.0,0.30469274520874023,0.30469274520874023,0.304692804813385,0.30469274520874023,0.548024594783783,0.04114978387951851,0.04114978387951851,0.1621246486902237,0.9723973274230957,0.05775041878223419,-4.7132463455200195,0.0,0.0,0.0,0.0,0.0,0.0,0.0
66247818414,0,0.007322022225707769,-0.1254516988992691,-0.1358598917722702,0.007322022225707769,-0.1254516988992691,-0.8358598947525024,-0.0454525388777256,0.014001099392771721,-0.018792714923620224,0.0,0.0,0.0,-0.01439394149929285,-0.022562000900506973,0.007770392578095198,0.0,0.0,0.007770392578095198,0.01809830777347088,-0.013121550902724266,-0.131332129240036,0.11589179933071136,0.1789225935935974,0.0012922808527946472,0.0,0.0,0.0,-0.9026475548744202,10.181918144226074,-0.4200477600097656,10.549880027770996,0.9971315264701843,-10.0,-10.0,25.9442138671875,2.0,2.0,6.878093242645264,0.30204102396965027,0.28977540135383606,0.30357420444488525,0.29590821266174316,0.0,0.30469265580177307,0.30469265580177307,0.30469265580177307,0.30469265580177307,0.0,-1.1724352836608887,-0.562600314617157,-8.528203964233398,0.0,0.0,0.0,0.0,0.0,0.0,0.0,0.0,0.0,0.0,0.0,0.0,0.0,0.0,0.0,0.30469274520874023,0.30469274520874023,0.304692804813385,0.30469274520874023,0.548024594783783,0.04114978387951851,0.04114978387951851,0.1621246486902237,1.2306946516036987,-0.8589935302734375,-2.7222955226898193,0.0,0.0,0.0,0.0,0.0,0.0,0.0
66261482135,0,0.007322022225707769,-0.1254516988992691,-0.1358598917722702,0.007322022225707769,-0.1254516988992691,-0.8358598947525024,-0.0454525388777256,0.014001099392771721,-0.018792714923620224,0.0,0.0,0.0,-0.01439394149929285,-0.022562000900506973,0.007770392578095198,0.0,0.0,0.007770392578095198,0.01809830777347088,-0.013121550902724266,-0.131332129240036,0.1127137616276741,0.18255355954170227,0.0010471227578818798,0.0,0.0,0.0,-0.9108211398124695,10.204264640808105,-0.4116525650024414,10.53816032409668,0.9931296706199646,-10.0,-10.0,25.74760627746582,2.0,2.0,7.146926403045654,0.30357420444488525,0.28977540135383606,0.30357420444488525,0.29590821266174316,0.0,0.30469265580177307,0.30469265580177307,0.30469265580177307,0.30469265580177307,0.0,-0.40608200430870056,-0.4011355936527252,-8.725431442260742,0.0,0.0,0.0,0.0,0.0,0.0,0.0,0.0,0.0,0.0,0.0,0.0,0.0,0.0,0.0,0.30469274520874023,0.30469274520874023,0.304692804813385,0.30469274520874023,0.5324584245681763,0.04114978387951851,0.04114978387951851,0.18346258997917175,1.2306946516036987,-0.8589935302734375,-2.7222955226898193,0.0,0.0,0.0,0.0,0.0,0.0,0.0
66269996530,0,0.0025570369325578213,-0.1267000287771225,-0.13532939553260803,0.0025570369325578213,-0.1267000287771225,-0.8353294134140015,-0.06073670834302902,-0.0037799570709466934,0.011694945394992828,0.0,0.0,0.0,-0.014134176075458527,-0.023337511345744133,0.004091288428753614,0.0,0.0,0.004091288428753614,0.01809830777347088,-0.013121550902724266,-0.131332129240036,0.1127137616276741,0.18255355954170227,0.0010471227578818798,0.0,0.0,0.0,-0.9108211398124695,10.204264640808105,-0.4116525650024414,10.53816032409668,0.9931296706199646,-10.0,-10.0,25.74760627746582,2.0,2.0,7.146926403045654,0.30357420444488525,0.28977540135383606,0.30357420444488525,0.29590821266174316,0.0,0.30469265580177307,0.30469265580177307,0.30469265580177307,0.30469265580177307,0.0,-0.15854403376579285,-0.2888815402984619,-9.593503952026367,0.0,0.0,0.0,0.0,0.0,0.0,0.0,0.0,0.0,0.0,0.0,0.0,0.0,0.0,0.0,0.30469274520874023,0.30469274520874023,0.304692804813385,0.30469274520874023,0.5324584245681763,0.04114978387951851,0.04114978387951851,0.18346258997917175,1.2306946516036987,-0.8589935302734375,-2.7222955226898193,0.0,0.0,0.0,0.0,0.0,0.0,0.0
66277947567,0,0.0025570369325578213,-0.1267000287771225,-0.13532939553260803,0.0025570369325578213,-0.1267000287771225,-0.8353294134140015,-0.06073670834302902,-0.0037799570709466934,0.011694945394992828,0.0,0.0,0.0,-0.014134176075458527,-0.023337511345744133,0.004091288428753614,0.0,0.0,0.004091288428753614,0.02091047912836075,-0.03190265968441963,-0.0842529684305191,0.11160685867071152,0.18673495948314667,0.00046177912736311555,0.0,0.0,0.0,-0.9028957486152649,10.226560592651367,-0.4653282165527344,10.516600608825684,0.9894755482673645,-10.0,-10.0,27.20063018798828,2.0,2.0,5.766736030578613,0.30357420444488525,0.28977540135383606,0.30357420444488525,0.29590821266174316,0.0,0.30469265580177307,0.30469265580177307,0.30469265580177307,0.30469265580177307,0.0,-0.024224812164902687,-0.21924802660942078,-10.469221115112305,0.0,0.0,0.0,0.0,0.0,0.0,0.0,0.0,0.0,0.0,0.0,0.0,0.0,0.0,0.0,0.30469274520874023,0.30469274520874023,0.304692804813385,0.30469274520874023,0.5573758482933044,0.04114978387951851,0.04114978387951851,0.1548469364643097,0.43935906887054443,-0.8531524538993835,1.2208564281463623,0.0,0.0,0.0,0.0,0.0,0.0,0.0
66287447025,0,0.0025570369325578213,-0.1267000287771225,-0.13532939553260803,0.0025570369325578213,-0.1267000287771225,-0.8353294134140015,-0.06073670834302902,-0.0037799570709466934,0.011694945394992828,0.0,0.0,0.0,-0.014134176075458527,-0.023337511345744133,0.004091288428753614,0.0,0.0,0.004091288428753614,0.017557892948389053,-0.03313169255852699,-0.02907717414200306,0.11160685867071152,0.18673495948314667,0.00046177912736311555,0.0,0.0,0.0,-0.8939071893692017,10.225934028625488,-0.5,10.489730834960938,0.9874961972236633,-10.0,-10.0,28.133380889892578,2.0,2.0,4.843587875366211,0.30204102396965027,0.28977540135383606,0.30357420444488525,0.29590821266174316,0.0,0.30469265580177307,0.30469265580177307,0.30469265580177307,0.30469265580177307,0.0,-0.024224812164902687,-0.21924802660942078,-10.469221115112305,0.0,0.0,0.0,0.0,0.0,0.0,0.0,0.0,0.0,0.0,0.0,0.0,0.0,0.0,0.0,0.30469274520874023,0.30469274520874023,0.304692804813385,0.30469274520874023,0.5732225775718689,0.04114978387951851,0.04114978387951851,0.13544808328151703,0.06750296801328659,-0.4874316453933716,3.1948940753936768,0.0,0.0,0.0,0.0,0.0,0.0,0.0
66297609963,0,-0.0020502880215644836,-0.12832286953926086,-0.1347641497850418,-0.0020502880215644836,-0.12832286953926086,-0.8347641229629517,-0.05593618378043175,-0.01628871075809002,-0.010270588099956512,0.0,0.0,0.0,-0.014100100845098495,-0.023590881377458572,0.004855793435126543,0.0,0.0,0.004855793435126543,0.017557892948389053,-0.03313169255852699,-0.02907717414200306,0.11182191222906113,0.18792779743671417,-0.00017113682406488806,0.0,0.0,0.0,-0.8939071893692017,10.225934028625488,-0.5,10.489730834960938,0.9874961972236633,-10.0,-10.0,28.133380889892578,2.0,2.0,4.843587875366211,0.30204102396965027,0.28977540135383606,0.30357420444488525,0.29590821266174316,0.0,0.30469265580177307,0.30469265580177307,0.30469265580177307,0.30469265580177307,0.0,0.23916606605052948,-0.11757770925760269,-10.915533065795898,0.0,0.0,0.0,0.0,0.0,0.0,0.0,0.0,0.0,0.0,0.0,0.0,0.0,0.0,0.0,0.30469274520874023,0.30469274520874023,0.304692804813385,0.30469274520874023,0.5732225775718689,0.04114978387951851,0.04114978387951851,0.13544808328151703,0.06750296801328659,-0.4874316453933716,3.1948940753936768,0.0,0.0,0.0,0.0,0.0,0.0,0.0
66307936629,0,-0.0034808970522135496,-0.1289265751838684,-0.1347438395023346,-0.0034808970522135496,-0.1289265751838684,-0.834743857383728,-0.05200790986418724,-0.01781483180820942,-0.01916050910949707,0.0,0.0,0.0,-0.014077764935791492,-0.02351725660264492,0.0057039279490709305,0.0,0.0,0.005703927483409643,0.01175465527921915,-0.019299829378724098,0.07847068458795547,0.11186870187520981,0.1869780272245407,-0.0008190287626348436,0.0,0.0,0.0,-0.8819487690925598,10.202383041381836,-0.5,10.393229484558105,0.9874961972236633,-10.0,-10.0,28.126850128173828,2.0,2.0,4.785186767578125,0.30204102396965027,0.28977540135383606,0.30357420444488525,0.29590821266174316,0.0,0.30469265580177307,0.30469265580177307,0.30469265580177307,0.30469265580177307,0.0,0.3009471595287323,0.015387048944830894,-10.859901428222656,0.0,0.0,0.0,0.0,0.0,0.0,0.0,0.0,0.0,0.0,0.0,0.0,0.0,0.0,0.0,0.30469274520874023,0.30469274520874023,0.304692804813385,0.30469274520874023,0.5732225775718689,0.04114978387951851,0.04114978387951851,0.13544808328151703,-0.16002501547336578,0.3894728124141693,4.7303032875061035,0.0,0.0,0.0,0.0,0.0,0.0,0.0
66317565736,0,-0.0034808970522135496,-0.1289265751838684,-0.1347438395023346,-0.0034808970522135496,-0.1289265751838684,-0.834743857383728,-0.05200790986418724,-0.01781483180820942,-0.01916050910949707,0.0,0.0,0.0,-0.014077764935791492,-0.02351725660264492,0.0057039279490709305,0.0,0.0,0.005703927483409643,0.011316983960568905,-0.012390087358653545,0.11396244168281555,0.11122503131628036,0.18686595559120178,-0.00016759359277784824,0.0,0.0,0.0,-0.8800666332244873,10.194082260131836,-0.5,10.373740196228027,0.9815510511398315,-10.0,-10.0,28.116451263427734,2.0,2.0,4.768739700317383,0.30204102396965027,0.28977540135383606,0.30357420444488525,0.29590821266174316,0.0,0.30469265580177307,0.30469265580177307,0.30469265580177307,0.30469265580177307,0.0,0.3009471595287323,0.015387048944830894,-10.859901428222656,0.0,0.0,0.0,0.0,0.0,0.0,0.0,0.0,0.0,0.0,0.0,0.0,0.0,0.0,0.0,0.30469274520874023,0.30469274520874023,0.304692804813385,0.30469274520874023,0.5731119513511658,0.04114978387951851,0.04114978387951851,0.1342134028673172,-0.08931608498096466,0.5097330808639526,4.022754192352295,0.0,0.0,0.0,0.0,0.0,0.0,0.0
66327599718,0,-0.00615314394235611,-0.13014322519302368,-0.1348377764225006,-0.00615314394235611,-0.13014322519302368,-0.834837794303894,-0.04361799731850624,-0.01678500324487686,-0.020220840349793434,0.0,0.0,0.0,-0.013913063332438469,-0.023441540077328682,0.00708053121343255,0.0,0.0,0.00708053121343255,0.018917350098490715,-0.004687023349106312,0.11137520521879196,0.11122503131628036,0.18686595559120178,-0.00016759359277784824,0.0,0.0,0.0,-0.8800666332244873,10.194082260131836,-0.5,10.373740196228027,0.9815510511398315,-10.0,-10.0,28.116451263427734,2.0,2.0,4.768739700317383,0.30204102396965027,0.28977540135383606,0.30357420444488525,0.29590821266174316,0.0,0.30469265580177307,0.30469265580177307,0.30469265580177307,0.30469265580177307,0.0,0.3009471595287323,0.015387048944830894,-10.859901428222656,0.0,0.0,0.0,0.0,0.0,0.0,0.0,0.0,0.0,0.0,0.0,0.0,0.0,0.0,0.0,0.30469274520874023,0.30469274520874023,0.304692804813385,0.30469274520874023,0.5729359984397888,0.04114978387951851,0.04114978387951851,0.13386574387550354,0.2626025080680847,0.44180792570114136,0.9433908462524414,0.0,0.0,0.0,0.0,0.0,0.0,0.0
66337589396,0,-0.00615314394235611,-0.13014322519302368,-0.1348377764225006,-0.00615314394235611,-0.13014322519302368,-0.834837794303894,-0.04361799731850624,-0.01678500324487686,-0.020220840349793434,0.0,0.0,0.0,-0.013913063332438469,-0.023441540077328682,0.00708053121343255,0.0,0.0,0.00708053121343255,0.018917350098490715,-0.004687023349106312,0.11137520521879196,0.10852552950382233,0.18592026829719543,0.00022017009905539453,0.0,0.0,0.0,-0.8907489776611328,10.186189651489258,-0.5,10.40719985961914,0.9777311086654663,-10.0,-10.0,28.074420928955078,2.0,2.0,4.774486541748047,0.30357420444488525,0.28977540135383606,0.30357420444488525,0.29590821266174316,0.0,0.30469265580177307,0.30469265580177307,0.30469265580177307,0.30469265580177307,0.0,0.3009471595287323,0.015387048944830894,-10.859901428222656,0.0,0.0,0.0,0.0,0.0,0.0,0.0,0.0,0.0,0.0,0.0,0.0,0.0,0.0,0.0,0.30469274520874023,0.30469274520874023,0.304692804813385,0.30469274520874023,0.5722240209579468,0.04114978387951851,0.04114978387951851,0.13398724794387817,0.2626025080680847,0.44180792570114136,0.9433908462524414,0.0,0.0,0.0,0.0,0.0,0.0,0.0
66348434988,0,-0.008549310266971588,-0.1312474012374878,-0.13480524718761444,-0.009660462848842144,-0.13175669312477112,-0.8346879482269287,-0.034603338688611984,-0.011240627616643906,-0.004954030271619558,0.0,0.0,0.0,-0.013590134680271149,-0.023380251601338387,0.007144705392420292,0.0,0.0,0.006494909059256315,0.020830467343330383,-0.0013571177842095494,0.07734209299087524,0.10852552950382233,0.18592026829719543,0.00022017009905539453,0.0,0.0,0.0,-0.8909283876419067,10.182939529418945,-0.49166297912597656,10.44524097442627,0.9777311086654663,-10.0,-10.0,27.850629806518555,2.0,2.0,4.987479209899902,0.30204102396965027,0.28977540135383606,0.30357420444488525,0.29590821266174316,0.0,0.30469265580177307,0.30469265580177307,0.30469265580177307,0.30469265580177307,0.0,0.41611433029174805,0.5596948862075806,-9.119094848632812,0.0,0.0,0.0,0.0,0.0,0.0,0.0,0.0,0.0,0.0,0.0,0.0,0.0,0.0,0.0,0.30469274520874023,0.30469274520874023,0.304692804813385,0.30469274520874023,0.5722240209579468,0.04114978387951851,0.04114978387951851,0.13398724794387817,0.2131107747554779,0.38047417998313904,-1.1201705932617188,0.0,0.0,0.0,0.0,0.0,0.0,0.0
66357936524,0,-0.009660462848842144,-0.13175669312477112,-0.13468797504901886,-0.009660462848842144,-0.13175669312477112,-0.8346879482269287,-0.030093170702457428,-0.00824393518269062,0.002155254827812314,0.0,0.0,0.0,-0.013511773198843002,-0.023301074281334877,0.0064949095249176025,0.0,0.0,0.006494909059256315,0.018778536468744278,1.119665103033185e-05,0.027624227106571198,0.10852552950382233,0.18592026829719543,0.00022017009905539453,0.0,0.0,0.0,-0.8909283876419067,10.182939529418945,-0.49166297912597656,10.44524097442627,0.9777311086654663,-10.0,-10.0,27.850629806518555,2.0,2.0,4.987479209899902,0.30204102396965027,0.28977540135383606,0.30357420444488525,0.29590821266174316,0.0,0.30469265580177307,0.30469265580177307,0.30469265580177307,0.30469265580177307,0.0,0.41611433029174805,0.5596948862075806,-9.119094848632812,0.0,0.0,0.0,0.0,0.0,0.0,0.0,0.0,0.0,0.0,0.0,0.0,0.0,0.0,0.0,0.30469274520874023,0.30469274520874023,0.304692804813385,0.30469274520874023,0.5722240209579468,0.04114978387951851,0.04114978387951851,0.13398724794387817,0.008430741727352142,0.2474697232246399,-2.8856208324432373,0.0,0.0,0.0,0.0,0.0,0.0,0.0
66369337540,0,-0.009660462848842144,-0.13175669312477112,-0.13468797504901886,-0.011648083105683327,-0.1326478272676468,-0.8343602418899536,-0.030093170702457428,-0.00824393518269062,0.002155254827812314,0.0,0.0,0.0,-0.013511773198843002,-0.023301074281334877,0.0064949095249176025,0.0,0.0,0.004133476875722408,0.018778536468744278,1.119665103033185e-05,0.027624227106571198,0.10708333551883698,0.18540874123573303,0.0014127776958048344,0.0,0.0,0.0,-0.8852357864379883,10.182409286499023,-0.4249134063720703,10.433602333068848,0.9737514853477478,-10.0,-10.0,26.11102867126465,2.0,2.0,6.722008228302002,0.30357420444488525,0.28977540135383606,0.30357420444488525,0.29590821266174316,0.0,0.30469265580177307,0.30469265580177307,0.30469265580177307,0.30469265580177307,0.0,0.3556070327758789,0.5986557602882385,-10.239580154418945,0.0,0.0,0.0,0.0,0.0,0.0,0.0,0.0,0.0,0.0,0.0,0.0,0.0,0.0,0.0,0.30469274520874023,0.30469274520874023,0.304692804813385,0.30469274520874023,0.5722240209579468,0.04114978387951851,0.04114978387951851,0.13398724794387817,0.008430741727352142,0.2474697232246399,-2.8856208324432373,0.0,0.0,0.0,0.0,0.0,0.0,0.0
66377984081,0,-0.011648083105683327,-0.1326478272676468,-0.13436028361320496,-0.011648083105683327,-0.1326478272676468,-0.8343602418899536,-0.020426059141755104,-0.001537057338282466,0.0028585779946297407,0.0,0.0,0.0,-0.013542807660996914,-0.023335076868534088,0.004133476875722408,0.0,0.0,0.004133476875722408,0.0042866733856499195,-0.0014197967248037457,-0.06922057271003723,0.10898151248693466,0.18518321216106415,0.0019937255419790745,0.0,0.0,0.0,-0.8595184087753296,10.186285972595215,-0.3159303665161133,10.412164688110352,0.9698620438575745,-10.0,-10.0,23.31454849243164,2.0,2.0,9.533841133117676,0.30357420444488525,0.28977540135383606,0.30357420444488525,0.29590821266174316,0.0,0.30469265580177307,0.30469265580177307,0.30469265580177307,0.30469265580177307,0.0,0.3556070327758789,0.5986557602882385,-10.239580154418945,0.0,0.0,0.0,0.0,0.0,0.0,0.0,0.0,0.0,0.0,0.0,0.0,0.0,0.0,0.0,0.30469274520874023,0.30469274520874023,0.304692804813385,0.30469274520874023,0.4900791049003601,0.04114978387951851,0.04114978387951851,0.2319125384092331,-0.5648798942565918,0.03168848156929016,-4.282318115234375,0.0,0.0,0.0,0.0,0.0,0.0,0.0
66388181436,0,-0.013368484564125538,-0.13340893387794495,-0.1341838538646698,-0.013368484564125538,-0.13340893387794495,-0.8341838121414185,-0.011836202815175056,0.0050751930102705956,-0.0104109738022089,0.0,0.0,0.0,-0.013856441713869572,-0.02311336249113083,0.0011490845354273915,0.0,0.0,0.0011490846518427134,-0.0033701828215271235,0.0017097818199545145,-0.10063545405864716,0.11019626259803772,0.1837156116962433,0.0019709269981831312,0.0,0.0,0.0,-0.8474881649017334,10.180231094360352,-0.2863492965698242,10.402405738830566,0.9698620438575745,-10.0,-10.0,22.53876495361328,2.0,2.0,10.278203010559082,0.30357420444488525,0.28977540135383606,0.30357420444488525,0.29590821266174316,0.0,0.30469265580177307,0.30469265580177307,0.30469265580177307,0.30469265580177307,0.0,0.2724204361438751,0.5505101084709167,-10.62212085723877,0.0,0.0,0.0,0.0,0.0,0.0,0.0,0.0,0.0,0.0,0.0,0.0,0.0,0.0,0.0,0.30469274520874023,0.30469274520874023,0.304692804813385,0.30469274520874023,0.4900791049003601,0.04114978387951851,0.04114978387951851,0.2319125384092331,-0.6849373579025269,0.1774691492319107,-3.9101779460906982,0.0,0.0,0.0,0.0,0.0,0.0,0.0
66397372528,0,-0.014879908412694931,-0.13402163982391357,-0.13425064086914062,-0.014879908412694931,-0.13402163982391357,-0.8342506289482117,-0.007851329632103443,0.010437780059874058,-0.018173549324274063,0.0,0.0,0.0,-0.013959300704300404,-0.022684073075652122,-0.001228678273037076,0.0,0.0,-0.001228678273037076,-0.0033701828215271235,0.0017097818199545145,-0.10063545405864716,0.11019626259803772,0.1837156116962433,0.0019709269981831312,0.0,0.0,0.0,-0.8474881649017334,10.180231094360352,-0.2863492965698242,10.402405738830566,0.9679039716720581,-10.0,-10.0,22.53876495361328,2.0,2.0,10.278203010559082,0.30357420444488525,0.28977540135383606,0.30357420444488525,0.29590821266174316,0.0,0.30469265580177307,0.30469265580177307,0.30469265580177307,0.30469265580177307,0.0,0.00425368919968605,0.4709644615650177,-10.124797821044922,0.0,0.0,0.0,0.0,0.0,0.0,0.0,0.0,0.0,0.0,0.0,0.0,0.0,0.0,0.0,0.30469274520874023,0.30469274520874023,0.304692804813385,0.30469274520874023,0.4763869345188141,0.04114978387951851,0.04114978387951851,0.2467656284570694,-0.6849373579025269,0.1774691492319107,-3.9101779460906982,0.0,0.0,0.0,0.0,0.0,0.0,0.0
66412507584,0,-0.014879908412694931,-0.13402163982391357,-0.13425064086914062,-0.014879908412694931,-0.13402163982391357,-0.8342506289482117,-0.007851329632103443,0.010437780059874058,-0.018173549324274063,0.0,0.0,0.0,-0.013959300704300404,-0.022684073075652122,-0.001228678273037076,0.0,0.0,-0.001228678273037076,-0.00808946043252945,0.021377604454755783,-0.08760729432106018,0.11099714785814285,0.18031272292137146,0.0014273057458922267,0.0,0.0,0.0,-0.8402115702629089,10.159783363342285,-0.2796792984008789,10.381709098815918,0.9630875587463379,-10.0,-10.0,22.352628707885742,2.0,2.0,10.40699577331543,0.30357420444488525,0.28977540135383606,0.30357420444488525,0.29590821266174316,0.0,0.30469265580177307,0.30469265580177307,0.30469265580177307,0.30469265580177307,0.0,0.00425368919968605,0.4709644615650177,-10.124797821044922,0.0,0.0,0.0,0.0,0.0,0.0,0.0,0.0,0.0,0.0,0.0,0.0,0.0,0.0,0.0,0.30469274520874023,0.30469274520874023,0.304692804813385,0.30469274520874023,0.47409284114837646,0.04114978387951851,0.04114978387951851,0.24814647436141968,-0.1388527899980545,0.5221779346466064,0.6341983079910278,0.0,0.0,0.0,0.0,0.0,0.0,0.0
66420399844,0,-0.014879908412694931,-0.13402163982391357,-0.13425064086914062,-0.014879908412694931,-0.13402163982391357,-0.8342506289482117,-0.007851329632103443,0.010437780059874058,-0.018173549324274063,0.0,0.0,0.0,-0.013959300704300404,-0.022684073075652122,-0.001228678273037076,0.0,0.0,-0.001228678273037076,-0.00808946043252945,0.021377604454755783,-0.08760729432106018,0.1119232326745987,0.17744344472885132,0.0003737850929610431,0.0,0.0,0.0,-0.8392363786697388,10.150843620300293,-0.30957794189453125,10.369221687316895,0.960637629032135,-10.0,-10.0,23.122955322265625,2.0,2.0,9.609477043151855,0.30357420444488525,0.28977540135383606,0.30357420444488525,0.29590821266174316,0.0,0.30469265580177307,0.30469265580177307,0.30469265580177307,0.30469265580177307,0.0,0.00425368919968605,0.4709644615650177,-10.124797821044922,0.0,0.0,0.0,0.0,0.0,0.0,0.0,0.0,0.0,0.0,0.0,0.0,0.0,0.0,0.0,0.30469274520874023,0.30469274520874023,0.304692804813385,0.30469274520874023,0.48670580983161926,0.04114978387951851,0.04114978387951851,0.23342712223529816,-0.1388527899980545,0.5221779346466064,0.6341983079910278,0.0,0.0,0.0,0.0,0.0,0.0,0.0
66427488456,0,-0.016266409307718277,-0.1345384269952774,-0.13432686030864716,-0.016266409307718277,-0.1345384269952774,-0.8343268632888794,-0.011010829359292984,0.011839596554636955,-0.009210213087499142,0.0,0.0,0.0,-0.01415177620947361,-0.022275410592556,-0.00208068429492414,0.0,0.0,-0.0020806845277547836,-0.00808946043252945,0.021377604454755783,-0.08760729432106018,0.1119232326745987,0.17744344472885132,0.0003737850929610431,0.0,0.0,0.0,-0.8392363786697388,10.150843620300293,-0.30957794189453125,10.369221687316895,0.960637629032135,-10.0,-10.0,23.122955322265625,2.0,2.0,9.609477043151855,0.30357420444488525,0.28977540135383606,0.30357420444488525,0.29590821266174316,0.0,0.30469265580177307,0.30469265580177307,0.30469265580177307,0.30469265580177307,0.0,-0.4045093059539795,0.23280419409275055,-9.176202774047852,0.0,0.0,0.0,0.0,0.0,0.0,0.0,0.0,0.0,0.0,0.0,0.0,0.0,0.0,0.0,0.30469274520874023,0.30469274520874023,0.304692804813385,0.30469274520874023,0.48670580983161926,0.04114978387951851,0.04114978387951851,0.23342712223529816,-0.1388527899980545,0.5221779346466064,0.6341983079910278,0.0,0.0,0.0,0.0,0.0,0.0,0.0
66438288598,0,-0.016955818980932236,-0.13478396832942963,-0.13429109752178192,-0.016955818980932236,-0.13478396832942963,-0.8342911005020142,-0.014964677393436432,0.01100498903542757,-0.0026794502045959234,0.0,0.0,0.0,-0.014340986497700214,-0.02216183766722679,-0.0019252791535109282,0.0,0.0,-0.00192527926992625,-0.012135722674429417,0.01908579282462597,-0.0034365220926702023,0.1119232326745987,0.17744344472885132,0.0003737850929610431,0.0,0.0,0.0,-0.8266359567642212,10.156364440917969,-0.37987232208251953,10.349183082580566,0.9560510516166687,-10.0,-10.0,24.992931365966797,2.0,2.0,7.7601094245910645,0.30204102396965027,0.28977540135383606,0.30357420444488525,0.29590821266174316,0.0,0.30469265580177307,0.30469265580177307,0.30469265580177307,0.30469265580177307,0.0,-0.5864328742027283,0.10898298025131226,-9.042914390563965,0.0,0.0,0.0,0.0,0.0,0.0,0.0,0.0,0.0,0.0,0.0,0.0,0.0,0.0,0.0,0.30469274520874023,0.30469274520874023,0.304692804813385,0.30469274520874023,0.5194029211997986,0.04114978387951851,0.04114978387951851,0.19603180885314941,-0.21678762137889862,0.02787056937813759,3.322817087173462,0.0,0.0,0.0,0.0,0.0,0.0,0.0
66447984321,0,-0.016955818980932236,-0.13478396832942963,-0.13429109752178192,-0.016955818980932236,-0.13478396832942963,-0.8342911005020142,-0.014964677393436432,0.01100498903542757,-0.0026794502045959234,0.0,0.0,0.0,-0.014340986497700214,-0.02216183766722679,-0.0019252791535109282,0.0,0.0,-0.00192527926992625,-0.016171569004654884,0.013606865890324116,0.046050965785980225,0.11511150002479553,0.17572923004627228,-5.106683966005221e-05,0.0,0.0,0.0,-0.8172881603240967,10.164153099060059,-0.41300106048583984,10.338488578796387,0.9560510516166687,-10.0,-10.0,25.88791847229004,2.0,2.0,6.891244888305664,0.30204102396965027,0.28977540135383606,0.30357420444488525,0.29590821266174316,0.0,0.30469265580177307,0.30469265580177307,0.30469265580177307,0.30469265580177307,0.0,-0.7602274417877197,0.04334120824933052,-9.363170623779297,0.0,0.0,0.0,0.0,0.0,0.0,0.0,0.0,0.0,0.0,0.0,0.0,0.0,0.0,0.0,0.30469274520874023,0.30469274520874023,0.304692804813385,0.30469274520874023,0.5194029211997986,0.04114978387951851,0.04114978387951851,0.19603180885314941,-0.2983570098876953,-0.2405497282743454,3.9790706634521484,0.0,0.0,0.0,0.0,0.0,0.0,0.0
66458611829,0,-0.0183819942176342,-0.13524559140205383,-0.13409431278705597,-0.0183819942176342,-0.13524559140205383,-0.8340942859649658,-0.025638310238718987,0.008463084697723389,0.003274985821917653,0.0,0.0,0.0,-0.014852898195385933,-0.022047024220228195,-0.0007237939280457795,0.0,0.0,-0.0007237939280457795,-0.016171569004654884,0.013606865890324116,0.046050965785980225,0.11803848296403885,0.17528852820396423,-0.0006704287370666862,0.0,0.0,0.0,-0.8172881603240967,10.164153099060059,-0.41300106048583984,10.338488578796387,0.9534745812416077,-10.0,-10.0,25.88791847229004,2.0,2.0,6.891244888305664,0.30204102396965027,0.28977540135383606,0.30357420444488525,0.29590821266174316,0.0,0.30469265580177307,0.30469265580177307,0.30469265580177307,0.30469265580177307,0.0,-0.9075914621353149,-0.04712499678134918,-9.820717811584473,0.0,0.0,0.0,0.0,0.0,0.0,0.0,0.0,0.0,0.0,0.0,0.0,0.0,0.0,0.0,0.30469274520874023,0.30469274520874023,0.304692804813385,0.30469274520874023,0.5348771810531616,0.04114978387951851,0.04114978387951851,0.1781957596540451,-0.2983570098876953,-0.2405497282743454,3.9790706634521484,0.0,0.0,0.0,0.0,0.0,0.0,0.0
66467580838,0,-0.0183819942176342,-0.13524559140205383,-0.13409431278705597,-0.0183819942176342,-0.13524559140205383,-0.8340942859649658,-0.025638310238718987,0.008463084697723389,0.003274985821917653,0.0,0.0,0.0,-0.014852898195385933,-0.022047024220228195,-0.0007237939280457795,0.0,0.0,-0.0007237939280457795,-0.01971837319433689,0.0035594902001321316,0.10762201994657516,0.12131728231906891,0.17523916065692902,-0.0006385772139765322,0.0,0.0,0.0,-0.8056556582450867,10.175881385803223,-0.43194103240966797,10.31875991821289,0.9485540986061096,-10.0,-10.0,26.421159744262695,2.0,2.0,6.39583683013916,0.30204102396965027,0.28977540135383606,0.30357420444488525,0.29590821266174316,0.0,0.30469265580177307,0.30469265580177307,0.30469265580177307,0.30469265580177307,0.0,-0.9075914621353149,-0.04712499678134918,-9.820717811584473,0.0,0.0,0.0,0.0,0.0,0.0,0.0,0.0,0.0,0.0,0.0,0.0,0.0,0.0,0.0,0.30469274520874023,0.30469274520874023,0.304692804813385,0.30469274520874023,0.5440446734428406,0.04114978387951851,0.04114978387951851,0.16794663667678833,-0.18627998232841492,-0.42016562819480896,3.19854474067688,0.0,0.0,0.0,0.0,0.0,0.0,0.0
66478183179,0,-0.02171763777732849,-0.1363714337348938,-0.13396918773651123,-0.02171763777732849,-0.1363714337348938,-0.8339691758155823,-0.05298897996544838,-0.004014281556010246,-0.015888620167970657,0.0,0.0,0.0,-0.015280698426067829,-0.022045379504561424,0.001409591524861753,0.0,0.0,0.001409591524861753,-0.01971837319433689,0.0035594902001321316,0.10762201994657516,0.12131728231906891,0.17523916065692902,-0.0006385772139765322,0.0,0.0,0.0,-0.8056556582450867,10.175881385803223,-0.43194103240966797,10.31875991821289,0.9485540986061096,-10.0,-10.0,26.421159744262695,2.0,2.0,6.39583683013916,0.30204102396965027,0.28977540135383606,0.30357420444488525,0.29590821266174316,0.0,0.30469265580177307,0.30469265580177307,0.30469265580177307,0.30469265580177307,0.0,-1.0093927383422852,-0.16492004692554474,-10.490188598632812,0.0,0.0,0.0,0.0,0.0,0.0,0.0,0.0,0.0,0.0,0.0,0.0,0.0,0.0,0.0,0.30469274520874023,0.30469274520874023,0.304692804813385,0.30469274520874023,0.5440446734428406,0.04114978387951851,0.04114978387951851,0.16794663667678833,-0.18627998232841492,-0.42016562819480896,3.19854474067688,0.0,0.0,0.0,0.0,0.0,0.0,0.0
66487773270,0,-0.02171763777732849,-0.1363714337348938,-0.13396918773651123,-0.02171763777732849,-0.1363714337348938,-0.8339691758155823,-0.05298897996544838,-0.004014281556010246,-0.015888620167970657,0.0,0.0,0.0,-0.015280698426067829,-0.022045379504561424,0.001409591524861753,0.0,0.0,0.001409591524861753,-0.008485585451126099,-0.0010014497675001621,0.09891689568758011,0.12147539854049683,0.17561115324497223,0.0002562598092481494,0.0,0.0,0.0,-0.8171141147613525,10.178818702697754,-0.37905025482177734,10.297669410705566,0.943283200263977,-10.0,-9.995367050170898,25.01128387451172,2.0,2.0,7.8027448654174805,0.30204102396965027,0.28977540135383606,0.30357420444488525,0.29590821266174316,0.0,0.30469265580177307,0.30469265580177307,0.30469265580177307,0.30469265580177307,0.0,-0.9388847947120667,-0.21703939139842987,-10.287885665893555,0.0,0.0,0.0,0.0,0.0,0.0,0.0,0.0,0.0,0.0,0.0,0.0,0.0,0.0,0.0,0.30469274520874023,0.30469274520874023,0.304692804813385,0.30469274520874023,0.519721508026123,0.04114978387951851,0.04114978387951851,0.19690263271331787,0.377536416053772,-0.25548094511032104,0.25731217861175537,0.0,0.0,0.0,0.0,0.0,0.0,0.0
66497451217,0,-0.02171763777732849,-0.1363714337348938,-0.13396918773651123,-0.02171763777732849,-0.1363714337348938,-0.8339691758155823,-0.05298897996544838,-0.004014281556010246,-0.015888620167970657,0.0,0.0,0.0,-0.015280698426067829,-0.022045379504561424,0.001409591524861753,0.0,0.0,0.001409591524861753,-0.0029820643831044436,-0.0025804974138736725,0.07211775332689285,0.12138205766677856,0.17595693469047546,0.0005023189005441964,0.0,0.0,0.0,-0.821658730506897,10.180665969848633,-0.3414764404296875,10.288691520690918,0.9411241412162781,-10.0,-9.989405632019043,24.023345947265625,2.0,2.0,8.795351028442383,0.30204102396965027,0.28977540135383606,0.30357420444488525,0.29590821266174316,0.0,0.30469265580177307,0.30469265580177307,0.30469265580177307,0.30469265580177307,0.0,-0.9388847947120667,-0.21703939139842987,-10.287885665893555,0.0,0.0,0.0,0.0,0.0,0.0,0.0,0.0,0.0,0.0,0.0,0.0,0.0,0.0,0.0,0.30469274520874023,0.30469274520874023,0.304692804813385,0.30469274520874023,0.5025119185447693,0.04114978387951851,0.04114978387951851,0.21705855429172516,0.4718972444534302,-0.21732860803604126,-1.157272219657898,0.0,0.0,0.0,0.0,0.0,0.0,0.0
66508477663,0,-0.023565450683236122,-0.1370527446269989,-0.13407661020755768,-0.023565450683236122,-0.1370527446269989,-0.8340765833854675,-0.06305498629808426,-0.011549299582839012,-0.01279256772249937,0.0,0.0,0.0,-0.015222307294607162,-0.022174673154950142,0.000645867025014013,0.0,0.0,0.000645867025014013,0.0009618377662263811,-0.0031806763727217913,0.029983239248394966,0.12138205766677856,0.17595693469047546,0.0005023189005441964,0.0,0.0,0.0,-0.821658730506897,10.180665969848633,-0.3414764404296875,10.288691520690918,0.9411241412162781,-10.0,-9.989405632019043,24.023345947265625,2.0,2.0,8.795351028442383,0.30204102396965027,0.28977540135383606,0.30357420444488525,0.29590821266174316,0.0,0.30469265580177307,0.30469265580177307,0.30469265580177307,0.30469265580177307,0.0,-0.7433640360832214,-0.25664815306663513,-9.501967430114746,0.0,0.0,0.0,0.0,0.0,0.0,0.0,0.0,0.0,0.0,0.0,0.0,0.0,0.0,0.0,0.30469274520874023,0.30469274520874023,0.304692804813385,0.30469274520874023,0.5025119185447693,0.04114978387951851,0.04114978387951851,0.21705855429172516,0.41307318210601807,-0.13866038620471954,-2.554481267929077,0.0,0.0,0.0,0.0,0.0,0.0,0.0
66518098593,0,-0.023565450683236122,-0.1370527446269989,-0.13407661020755768,-0.023565450683236122,-0.1370527446269989,-0.8340765833854675,-0.06305498629808426,-0.011549299582839012,-0.01279256772249937,0.0,0.0,0.0,-0.015222307294607162,-0.022174673154950142,0.000645867025014013,0.0,0.0,0.000645867025014013,0.0022790974471718073,-0.0053705074824392796,-0.01726086251437664,0.12113300710916519,0.17747673392295837,0.0008925838628783822,0.0,0.0,0.0,-0.8200458884239197,10.184647560119629,-0.24106597900390625,10.267992973327637,0.9362320899963379,-10.0,-9.978416442871094,21.403274536132812,2.0,2.0,11.423720359802246,0.30204102396965027,0.28977540135383606,0.30357420444488525,0.29590821266174316,0.0,0.30469265580177307,0.30469265580177307,0.30469265580177307,0.30469265580177307,0.0,-0.7433640360832214,-0.25664815306663513,-9.501967430114746,0.0,0.0,0.0,0.0,0.0,0.0,0.0,0.0,0.0,0.0,0.0,0.0,0.0,0.0,0.0,0.30469274520874023,0.30469274520874023,0.304692804813385,0.30469274520874023,0.45618391036987305,0.04114978387951851,0.04114978387951851,0.26939624547958374,0.2667718231678009,-0.18006955087184906,-3.4895589351654053,0.0,0.0,0.0,0.0,0.0,0.0,0.0
66527624604,0,-0.025461390614509583,-0.13782908022403717,-0.13404430449008942,-0.026393629610538483,-0.1382429599761963,-0.8339707851409912,-0.06768732517957687,-0.017277607694268227,-0.0024969205260276794,0.0,0.0,0.0,-0.015214542858302593,-0.022456901147961617,-0.0014997734688222408,0.0,0.0,-0.002805020660161972,0.0022790974471718073,-0.0053705074824392796,-0.01726086251437664,0.12113300710916519,0.17747673392295837,0.0008925838628783822,0.0,0.0,0.0,-0.8200458884239197,10.184647560119629,-0.24106597900390625,10.267992973327637,0.9362320899963379,-10.0,-9.978416442871094,21.403274536132812,2.0,2.0,11.423720359802246,0.30357420444488525,0.28977540135383606,0.30357420444488525,0.29590821266174316,0.0,0.30469265580177307,0.30469265580177307,0.30469265580177307,0.30469265580177307,0.0,-0.17035290598869324,-0.12429017573595047,-9.574579238891602,0.0,0.0,0.0,0.0,0.0,0.0,0.0,0.0,0.0,0.0,0.0,0.0,0.0,0.0,0.0,0.30469274520874023,0.30469274520874023,0.304692804813385,0.30469274520874023,0.45618391036987305,0.04114978387951851,0.04114978387951851,0.26939624547958374,0.2667718231678009,-0.18006955087184906,-3.4895589351654053,0.0,0.0,0.0,0.0,0.0,0.0,0.0
66537920027,0,-0.026393629610538483,-0.1382429599761963,-0.13397081196308136,-0.026393629610538483,-0.1382429599761963,-0.8339707851409912,-0.06752859801054001,-0.019681794568896294,0.0004840180044993758,0.0,0.0,0.0,-0.01518974918872118,-0.022694146260619164,-0.002805020660161972,0.0,0.0,-0.002805020660161972,0.003479686565697193,-0.01609531044960022,-0.08809161186218262,0.12018097937107086,0.18270649015903473,0.0017273016273975372,0.0,0.0,0.0,-0.8160622715950012,10.20229721069336,-0.17594528198242188,10.249208450317383,0.9317080974578857,-10.0,-9.972051620483398,19.73287582397461,2.0,2.0,13.147717475891113,0.30357420444488525,0.28977540135383606,0.30357420444488525,0.29590821266174316,0.0,0.30469265580177307,0.30469265580177307,0.30469265580177307,0.30469265580177307,0.0,-0.015077774412930012,-0.07437785714864731,-9.945287704467773,0.0,0.0,0.0,0.0,0.0,0.0,0.0,0.0,0.0,0.0,0.0,0.0,0.0,0.0,0.0,0.30469274520874023,0.30469274520874023,0.304692804813385,0.30469274520874023,0.42610275745391846,0.04114978387951851,0.04114978387951851,0.3029557466506958,0.12609483301639557,-0.45298323035240173,-3.441113233566284,0.0,0.0,0.0,0.0,0.0,0.0,0.0
66548633006,0,-0.026393629610538483,-0.1382429599761963,-0.13397081196308136,-0.026393629610538483,-0.1382429599761963,-0.8339707851409912,-0.06752859801054001,-0.019681794568896294,0.0004840180044993758,0.0,0.0,0.0,-0.01518974918872118,-0.022694146260619164,-0.002805020660161972,0.0,0.0,-0.002805020660161972,0.005421996116638184,-0.018864545971155167,-0.10281996428966522,0.11916309595108032,0.18401791155338287,0.0015474980464205146,0.0,0.0,0.0,-0.8173157572746277,10.206287384033203,-0.16649913787841797,10.240674018859863,0.9296491146087646,-10.0,-9.970025062561035,19.490001678466797,2.0,2.0,13.403112411499023,0.3051074147224426,0.28977540135383606,0.30357420444488525,0.29590821266174316,0.0,0.30469265580177307,0.30469265580177307,0.30469265580177307,0.30469265580177307,0.0,0.12103008478879929,-0.03705018386244774,-10.234725952148438,0.0,0.0,0.0,0.0,0.0,0.0,0.0,0.0,0.0,0.0,0.0,0.0,0.0,0.0,0.0,0.30469274520874023,0.30469274520874023,0.304692804813385,0.30469274520874023,0.42169225215911865,0.04114978387951851,0.04114978387951851,0.3078776001930237,0.16522113978862762,-0.38370537757873535,-2.633326530456543,0.0,0.0,0.0,0.0,0.0,0.0,0.0
66559062129,0,-0.029680123552680016,-0.14001081883907318,-0.13381808996200562,-0.029680123552680016,-0.14001081883907318,-0.8338180780410767,-0.05311943590641022,-0.025334130972623825,-0.011785256676375866,0.0,0.0,0.0,-0.01471939217299223,-0.02338274195790291,-0.006535964086651802,0.0,0.0,-0.006535964552313089,0.008152744732797146,-0.0180736742913723,-0.10172003507614136,0.11916309595108032,0.18401791155338287,0.0015474980464205146,0.0,0.0,0.0,-0.8173157572746277,10.206287384033203,-0.16649913787841797,10.240674018859863,0.9296491146087646,-10.0,-9.970025062561035,19.654935836791992,2.0,2.0,13.233592987060547,0.3051074147224426,0.28977540135383606,0.30357420444488525,0.29590821266174316,0.0,0.30469265580177307,0.30469265580177307,0.30469265580177307,0.30469265580177307,0.0,0.12103008478879929,-0.03705018386244774,-10.234725952148438,0.0,0.0,0.0,0.0,0.0,0.0,0.0,0.0,0.0,0.0,0.0,0.0,0.0,0.0,0.0,0.30469274520874023,0.30469274520874023,0.304692804813385,0.30469274520874023,0.42169225215911865,0.04114978387951851,0.04114978387951851,0.3078776001930237,0.2151363343000412,-0.1562049835920334,-1.2663190364837646,0.0,0.0,0.0,0.0,0.0,0.0,0.0
66567729379,0,-0.029680123552680016,-0.14001081883907318,-0.13381808996200562,-0.029680123552680016,-0.14001081883907318,-0.8338180780410767,-0.05311943590641022,-0.025334130972623825,-0.011785256676375866,0.0,0.0,0.0,-0.01471939217299223,-0.02338274195790291,-0.006535964086651802,0.0,0.0,-0.006535964552313089,0.010686411522328854,-0.015327000990509987,-0.08546912670135498,0.11701912432909012,0.18587817251682281,0.0008022838737815619,0.0,0.0,0.0,-0.8213402032852173,10.2007417678833,-0.1925525665283203,10.222557067871094,0.9252498149871826,-10.0,-9.966137886047363,20.165897369384766,2.0,2.0,12.719185829162598,0.3051074147224426,0.28977540135383606,0.30357420444488525,0.29590821266174316,0.0,0.30469265580177307,0.30469265580177307,0.30469265580177307,0.30469265580177307,0.0,0.3061297833919525,0.07604672014713287,-10.330792427062988,0.0,0.0,0.0,0.0,0.0,0.0,0.0,0.0,0.0,0.0,0.0,0.0,0.0,0.0,0.0,0.30469274520874023,0.30469274520874023,0.304692804813385,0.30469274520874023,0.4339429438114166,0.04114978387951851,0.04114978387951851,0.29466840624809265,0.24230889976024628,0.046324025839567184,0.08369412273168564,0.0,0.0,0.0,0.0,0.0,0.0,0.0
66577853472,0,-0.029680123552680016,-0.14001081883907318,-0.13381808996200562,-0.029680123552680016,-0.14001081883907318,-0.8338180780410767,-0.05311943590641022,-0.025334130972623825,-0.011785256676375866,0.0,0.0,0.0,-0.01471939217299223,-0.02338274195790291,-0.006535964086651802,0.0,0.0,-0.006535964552313089,0.01272248849272728,-0.010369105264544487,-0.04674089699983597,0.11701912432909012,0.18587817251682281,0.0008022838737815619,0.0,0.0,0.0,-0.8213402032852173,10.2007417678833,-0.1925525665283203,10.222557067871094,0.9252498149871826,-10.0,-9.966137886047363,20.165897369384766,2.0,2.0,12.719185829162598,0.3051074147224426,0.28977540135383606,0.30357420444488525,0.29590821266174316,0.0,0.30469265580177307,0.30469265580177307,0.30469265580177307,0.30469265580177307,0.0,0.3061297833919525,0.07604672014713287,-10.330792427062988,0.0,0.0,0.0,0.0,0.0,0.0,0.0,0.0,0.0,0.0,0.0,0.0,0.0,0.0,0.0,0.30469274520874023,0.30469274520874023,0.304692804813385,0.30469274520874023,0.4339429438114166,0.04114978387951851,0.04114978387951851,0.29466840624809265,0.205083429813385,0.23859131336212158,1.7845348119735718,0.0,0.0,0.0,0.0,0.0,0.0,0.0
66590917143,0,-0.030950061976909637,-0.14090260863304138,-0.1339365839958191,-0.030950061976909637,-0.14090260863304138,-0.8339365720748901,-0.04215557500720024,-0.024668782949447632,-0.01326029747724533,0.0,0.0,0.0,-0.01450275257229805,-0.023502709344029427,-0.006434107199311256,0.0,0.0,-0.006434107199311256,0.01272248849272728,-0.010369105264544487,-0.04674089699983597,0.11569467186927795,0.1864728182554245,0.00014579684648197144,0.0,0.0,0.0,-0.8212779760360718,10.194491386413574,-0.23089313507080078,10.211668014526367,0.9226013422012329,-10.0,-9.963299751281738,21.160249710083008,2.0,2.0,11.706827163696289,0.30357420444488525,0.28977540135383606,0.30357420444488525,0.29590821266174316,0.0,0.30469265580177307,0.30469265580177307,0.30469265580177307,0.30469265580177307,0.0,0.3459739089012146,0.21516427397727966,-9.806875228881836,0.0,0.0,0.0,0.0,0.0,0.0,0.0,0.0,0.0,0.0,0.0,0.0,0.0,0.0,0.0,0.30469274520874023,0.30469274520874023,0.304692804813385,0.30469274520874023,0.4518345296382904,0.04114978387951851,0.04114978387951851,0.2749478816986084,0.205083429813385,0.23859131336212158,1.7845348119735718,0.0,0.0,0.0,0.0,0.0,0.0,0.0
66598011817,0,-0.030950061976909637,-0.14090260863304138,-0.1339365839958191,-0.030950061976909637,-0.14090260863304138,-0.8339365720748901,-0.04215557500720024,-0.024668782949447632,-0.01326029747724533,0.0,0.0,0.0,-0.01450275257229805,-0.023502709344029427,-0.006434107199311256,0.0,0.0,-0.006434107199311256,0.012667116709053516,-0.0026610016357153654,0.03384291008114815,0.11431291699409485,0.1869424283504486,-0.00022082653595134616,0.0,0.0,0.0,-0.8171733617782593,10.18612003326416,-0.2973461151123047,10.194290161132812,0.9183226823806763,-10.0,-9.956892967224121,22.90410804748535,2.0,2.0,9.948760986328125,0.30204102396965027,0.28977540135383606,0.30357420444488525,0.29590821266174316,0.0,0.30469265580177307,0.30469265580177307,0.30469265580177307,0.30469265580177307,0.0,0.3459739089012146,0.21516427397727966,-9.806875228881836,0.0,0.0,0.0,0.0,0.0,0.0,0.0,0.0,0.0,0.0,0.0,0.0,0.0,0.0,0.0,0.30469274520874023,0.30469274520874023,0.304692804813385,0.30469274520874023,0.48284605145454407,0.04114978387951851,0.04114978387951851,0.24020633101463318,0.04964589327573776,0.3483503758907318,3.4401090145111084,0.0,0.0,0.0,0.0,0.0,0.0,0.0
66607861945,0,-0.03194204345345497,-0.1417349874973297,-0.1339837908744812,-0.03194204345345497,-0.1417349874973297,-0.8339837789535522,-0.03134546056389809,-0.02056867629289627,-0.005614330526441336,0.0,0.0,0.0,-0.014361134730279446,-0.02349901758134365,-0.005303064826875925,0.0,0.0,-0.005303064361214638,0.012667116709053516,-0.0026610016357153654,0.03384291008114815,0.11431291699409485,0.1869424283504486,-0.00022082653595134616,0.0,0.0,0.0,-0.8171733617782593,10.18612003326416,-0.2973461151123047,10.194290161132812,0.9183226823806763,-10.0,-9.956892967224121,22.90410804748535,2.0,2.0,9.948760986328125,0.3005078136920929,0.28977540135383606,0.30357420444488525,0.29590821266174316,0.0,0.30469265580177307,0.30469265580177307,0.30469265580177307,0.30469265580177307,0.0,0.3399706184864044,0.3918513059616089,-9.326529502868652,0.0,0.0,0.0,0.0,0.0,0.0,0.0,0.0,0.0,0.0,0.0,0.0,0.0,0.0,0.0,0.30469274520874023,0.30469274520874023,0.304692804813385,0.30469274520874023,0.48284605145454407,0.04114978387951851,0.04114978387951851,0.24020633101463318,0.04964589327573776,0.3483503758907318,3.4401090145111084,0.0,0.0,0.0,0.0,0.0,0.0,0.0
66618735111,0,-0.03233839571475983,-0.14211319386959076,-0.13395239412784576,-0.03233839571475983,-0.14211319386959076,-0.8339523673057556,-0.026045050472021103,-0.017643142491579056,-0.0016910070553421974,0.0,0.0,0.0,-0.014389490708708763,-0.023431355133652687,-0.004614177159965038,0.0,0.0,-0.004614177625626326,0.008201539516448975,0.004165153484791517,0.08989783376455307,0.11417652666568756,0.18639884889125824,-0.00016323427553288639,0.0,0.0,0.0,-0.8064061999320984,10.178943634033203,-0.3250083923339844,10.177209854125977,0.914011538028717,-10.0,-9.948434829711914,23.634380340576172,2.0,2.0,9.196366310119629,0.3005078136920929,0.28977540135383606,0.30357420444488525,0.29590821266174316,0.0,0.30469265580177307,0.30469265580177307,0.30469265580177307,0.30469265580177307,0.0,0.3300352692604065,0.4490050673484802,-9.351137161254883,0.0,0.0,0.0,0.0,0.0,0.0,0.0,0.0,0.0,0.0,0.0,0.0,0.0,0.0,0.0,0.30469274520874023,0.30469274520874023,0.304692804813385,0.30469274520874023,0.4956982731819153,0.04114978387951851,0.04114978387951851,0.2251393049955368,-0.16303761303424835,0.32900482416152954,2.8687474727630615,0.0,0.0,0.0,0.0,0.0,0.0,0.0
66627472561,0,-0.03233839571475983,-0.14211319386959076,-0.13395239412784576,-0.03233839571475983,-0.14211319386959076,-0.8339523673057556,-0.026045050472021103,-0.017643142491579056,-0.0016910070553421974,0.0,0.0,0.0,-0.014389490708708763,-0.023431355133652687,-0.004614177159965038,0.0,0.0,-0.004614177625626326,0.005000233184546232,0.005569650325924158,0.09710842370986938,0.11428496241569519,0.18618294596672058,-0.00022599911608267576,0.0,0.0,0.0,-0.8000891208648682,10.178251266479492,-0.3152027130126953,10.168109893798828,0.9116109609603882,-10.0,-9.943499565124512,23.375812530517578,2.0,2.0,9.44196605682373,0.3005078136920929,0.28977540135383606,0.30357420444488525,0.29590821266174316,0.0,0.30469265580177307,0.30469265580177307,0.30469265580177307,0.30469265580177307,0.0,0.22355356812477112,0.4160889983177185,-9.995594024658203,0.0,0.0,0.0,0.0,0.0,0.0,0.0,0.0,0.0,0.0,0.0,0.0,0.0,0.0,0.0,0.30469274520874023,0.30469274520874023,0.304692804813385,0.30469274520874023,0.4911564886569977,0.04114978387951851,0.04114978387951851,0.23007094860076904,-0.22990673780441284,0.2314256727695465,1.7713814973831177,0.0,0.0,0.0,0.0,0.0,0.0,0.0
66637414822,0,-0.03295597434043884,-0.14277483522891998,-0.13382098078727722,-0.03295597434043884,-0.14277483522891998,-0.8338209390640259,-0.015443836338818073,-0.012114554643630981,-0.0006998949684202671,0.0,0.0,0.0,-0.014379412867128849,-0.023418599739670753,-0.003652969840914011,0.0,0.0,-0.0036529696080833673,-0.001835749833844602,0.0069802324287593365,0.06349863857030869,0.11428496241569519,0.18618294596672058,-0.00022599911608267576,0.0,0.0,0.0,-0.7869845032691956,10.177481651306152,-0.2547283172607422,10.15139389038086,0.9070377349853516,-10.0,-9.935169219970703,21.79178810119629,2.0,2.0,11.00137996673584,0.3005078136920929,0.28977540135383606,0.30357420444488525,0.29590821266174316,0.0,0.30469265580177307,0.30469265580177307,0.30469265580177307,0.30469265580177307,0.0,0.22355356812477112,0.4160889983177185,-9.995594024658203,0.0,0.0,0.0,0.0,0.0,0.0,0.0,0.0,0.0,0.0,0.0,0.0,0.0,0.0,0.0,0.30469274520874023,0.30469274520874023,0.304692804813385,0.30469274520874023,0.4911564886569977,0.04114978387951851,0.04114978387951851,0.23007094860076904,-0.3087342381477356,0.1232917308807373,-0.8760234713554382,0.0,0.0,0.0,0.0,0.0,0.0,0.0
66647871635,0,-0.03295597434043884,-0.14277483522891998,-0.13382098078727722,-0.03295597434043884,-0.14277483522891998,-0.8338209390640259,-0.015443836338818073,-0.012114554643630981,-0.0006998949684202671,0.0,0.0,0.0,-0.014379412867128849,-0.023418599739670753,-0.003652969840914011,0.0,0.0,-0.0036529696080833673,-0.001835749833844602,0.0069802324287593365,0.06349863857030869,0.11513014137744904,0.18569457530975342,0.0004802485927939415,0.0,0.0,0.0,-0.7869845032691956,10.177481651306152,-0.2547283172607422,10.15139389038086,0.9070377349853516,-10.0,-9.935169219970703,21.79178810119629,2.0,2.0,11.00137996673584,0.3005078136920929,0.28977540135383606,0.30357420444488525,0.29590821266174316,0.0,0.30469265580177307,0.30469265580177307,0.30469265580177307,0.30469265580177307,0.0,0.0018492124509066343,0.3890417516231537,-10.22004222869873,0.0,0.0,0.0,0.0,0.0,0.0,0.0,0.0,0.0,0.0,0.0,0.0,0.0,0.0,0.0,0.30469274520874023,0.30469274520874023,0.304692804813385,0.30469274520874023,0.46311843395233154,0.04114978387951851,0.04114978387951851,0.2610842287540436,-0.3087342381477356,0.1232917308807373,-0.8760234713554382,0.0,0.0,0.0,0.0,0.0,0.0,0.0
66657749476,0,-0.0333404578268528,-0.1433001458644867,-0.13374748826026917,-0.03357134014368057,-0.14373140037059784,-0.8337848782539368,-0.008962854743003845,-0.007987835444509983,-0.007204035762697458,0.0,0.0,0.0,-0.014482981525361538,-0.023358860984444618,-0.003814391791820526,0.0,0.0,-0.005176513455808163,-0.001835749833844602,0.0069802324287593365,0.06349863857030869,0.11513014137744904,0.18569457530975342,0.0004802485927939415,0.0,0.0,0.0,-0.7869845032691956,10.177481651306152,-0.2547283172607422,10.15139389038086,0.9070377349853516,-10.0,-9.935169219970703,21.79178810119629,2.0,2.0,11.00137996673584,0.30204102396965027,0.28977540135383606,0.30357420444488525,0.29590821266174316,0.0,0.30469265580177307,0.30469265580177307,0.30469265580177307,0.30469265580177307,0.0,0.0018492124509066343,0.3890417516231537,-10.22004222869873,0.0,0.0,0.0,0.0,0.0,0.0,0.0,0.0,0.0,0.0,0.0,0.0,0.0,0.0,0.0,0.30469274520874023,0.30469274520874023,0.304692804813385,0.30469274520874023,0.46311843395233154,0.04114978387951851,0.04114978387951851,0.2610842287540436,-0.3087342381477356,0.1232917308807373,-0.8760234713554382,0.0,0.0,0.0,0.0,0.0,0.0,0.0
66667509537,0,-0.03357134014368057,-0.14373140037059784,-0.13378487527370453,-0.03357134014368057,-0.14373140037059784,-0.8337848782539368,-0.006849126424640417,-0.0055982149206101894,-0.01115525420755148,0.0,0.0,0.0,-0.014587965793907642,-0.02309977263212204,-0.005176513455808163,0.0,0.0,-0.005176513455808163,-0.006539685185998678,0.01391866896301508,-0.010708293877542019,0.11619258671998978,0.18321852385997772,0.000742432486731559,0.0,0.0,0.0,-0.777118444442749,10.16698932647705,-0.1672229766845703,10.133788108825684,0.9019026160240173,-10.0,-9.928915977478027,19.500261306762695,2.0,2.0,13.255452156066895,0.30204102396965027,0.28977540135383606,0.30357420444488525,0.29590821266174316,0.0,0.30469265580177307,0.30469265580177307,0.30469265580177307,0.30469265580177307,0.0,-0.1353985071182251,0.3119983673095703,-10.07162857055664,0.0,0.0,0.0,0.0,0.0,0.0,0.0,0.0,0.0,0.0,0.0,0.0,0.0,0.0,0.0,0.30469274520874023,0.30469274520874023,0.304692804813385,0.30469274520874023,0.4218786656856537,0.04114978387951851,0.04114978387951851,0.30503347516059875,-0.22578950226306915,0.2713072597980499,-2.872742176055908,0.0,0.0,0.0,0.0,0.0,0.0,0.0
66677398406,0,-0.03357134014368057,-0.14373140037059784,-0.13378487527370453,-0.03357134014368057,-0.14373140037059784,-0.8337848782539368,-0.006849126424640417,-0.0055982149206101894,-0.01115525420755148,0.0,0.0,0.0,-0.014587965793907642,-0.02309977263212204,-0.005176513455808163,0.0,0.0,-0.005176513455808163,-0.008272076025605202,0.016110757365822792,-0.04215225204825401,0.11685030907392502,0.1826985776424408,0.0008570982608944178,0.0,0.0,0.0,-0.7726535797119141,10.163991928100586,-0.1351642608642578,10.126409530639648,0.8996584415435791,-10.0,-9.927289009094238,18.66342544555664,2.0,2.0,14.081218719482422,0.30204102396965027,0.28977540135383606,0.30357420444488525,0.29590821266174316,0.0,0.30469265580177307,0.30469265580177307,0.30469265580177307,0.30469265580177307,0.0,-0.1353985071182251,0.3119983673095703,-10.07162857055664,0.0,0.0,0.0,0.0,0.0,0.0,0.0,0.0,0.0,0.0,0.0,0.0,0.0,0.0,0.0,0.30469274520874023,0.30469274520874023,0.304692804813385,0.30469274520874023,0.4066101610660553,0.04114978387951851,0.04114978387951851,0.3208859860897064,-0.20865842700004578,0.25307267904281616,-3.1317524909973145,0.0,0.0,0.0,0.0,0.0,0.0,0.0
66687443488,0,-0.033777862787246704,-0.14411240816116333,-0.13381627202033997,-0.033777862787246704,-0.14411240816116333,-0.8338162899017334,-0.01009224820882082,-0.0051343925297260284,-0.006779536604881287,0.0,0.0,0.0,-0.014735999517142773,-0.022920727729797363,-0.007221011444926262,0.0,0.0,-0.007221011444926262,-0.009990892373025417,0.011856818571686745,-0.08660931885242462,0.11685030907392502,0.1826985776424408,0.0008570982608944178,0.0,0.0,0.0,-0.7726535797119141,10.163991928100586,-0.1351642608642578,10.126409530639648,0.8996584415435791,-10.0,-9.927289009094238,17.690052032470703,2.0,2.0,15.086034774780273,0.30204102396965027,0.28977540135383606,0.30357420444488525,0.29590821266174316,0.0,0.30469265580177307,0.30469265580177307,0.30469265580177307,0.30469265580177307,0.0,-0.44428935647010803,0.1397421509027481,-9.582503318786621,0.0,0.0,0.0,0.0,0.0,0.0,0.0,0.0,0.0,0.0,0.0,0.0,0.0,0.0,0.0,0.30469274520874023,0.30469274520874023,0.304692804813385,0.30469274520874023,0.4066101610660553,0.04114978387951851,0.04114978387951851,0.3208859860897064,-0.09566052258014679,-0.13445225358009338,-2.193523406982422,0.0,0.0,0.0,0.0,0.0,0.0,0.0
66699739090,0,-0.03404895216226578,-0.14443403482437134,-0.13373878598213196,-0.03404895216226578,-0.14443403482437134,-0.8337388038635254,-0.016974952071905136,-0.006250651553273201,-0.0007195314974524081,0.0,0.0,0.0,-0.014836050570011139,-0.023013858124613762,-0.009153269231319427,0.0,0.0,-0.009153269231319427,-0.009990892373025417,0.011856818571686745,-0.08660931885242462,0.1178368330001831,0.18264402449131012,0.0007598780211992562,0.0,0.0,0.0,-0.7655552625656128,10.172131538391113,-0.09675025939941406,10.109627723693848,0.8943395614624023,-10.0,-9.9254150390625,17.690052032470703,2.0,2.0,15.086034774780273,0.30357420444488525,0.28977540135383606,0.30357420444488525,0.29590821266174316,0.0,0.30469265580177307,0.30469265580177307,0.30469265580177307,0.30469265580177307,0.0,-0.6628804206848145,0.036975640803575516,-9.489221572875977,0.0,0.0,0.0,0.0,0.0,0.0,0.0,0.0,0.0,0.0,0.0,0.0,0.0,0.0,0.0,0.30469274520874023,0.30469274520874023,0.304692804813385,0.30469274520874023,0.3887050151824951,0.04114978387951851,0.04114978387951851,0.3400038480758667,-0.09566052258014679,-0.13445225358009338,-2.193523406982422,0.0,0.0,0.0,0.0,0.0,0.0,0.0
66707759406,0,-0.03422138839960098,-0.14460384845733643,-0.13367371261119843,-0.03422138839960098,-0.14460384845733643,-0.8336737155914307,-0.02130778320133686,-0.008090544492006302,-0.00031613250030204654,0.0,0.0,0.0,-0.014875957742333412,-0.023078544065356255,-0.009774608537554741,0.0,0.0,-0.009774608537554741,-0.00982001330703497,0.007199157495051622,-0.0863223522901535,0.1178368330001831,0.18264402449131012,0.0007598780211992562,0.0,0.0,0.0,-0.7655552625656128,10.172131538391113,-0.09675025939941406,10.109627723693848,0.8943395614624023,-10.0,-9.9254150390625,17.797611236572266,2.0,2.0,15.000670433044434,0.30357420444488525,0.28977540135383606,0.30357420444488525,0.29590821266174316,0.0,0.30469265580177307,0.30469265580177307,0.30469265580177307,0.30469265580177307,0.0,-0.7546401619911194,-0.08740785717964172,-9.838386535644531,0.0,0.0,0.0,0.0,0.0,0.0,0.0,0.0,0.0,0.0,0.0,0.0,0.0,0.0,0.0,0.30469274520874023,0.30469274520874023,0.304692804813385,0.30469274520874023,0.3887050151824951,0.04114978387951851,0.04114978387951851,0.3400038480758667,-0.04504692927002907,-0.30043452978134155,-1.2087795734405518,0.0,0.0,0.0,0.0,0.0,0.0,0.0
66717751852,0,-0.03422138839960098,-0.14460384845733643,-0.13367371261119843,-0.03422138839960098,-0.14460384845733643,-0.8336737155914307,-0.02130778320133686,-0.008090544492006302,-0.00031613250030204654,0.0,0.0,0.0,-0.014875957742333412,-0.023078544065356255,-0.009774608537554741,0.0,0.0,-0.009774608537554741,-0.008977971971035004,0.0031482952181249857,-0.0708215981721878,0.11866416782140732,0.18365176022052765,0.0006142023485153913,0.0,0.0,0.0,-0.7617159485816956,10.183695793151855,-0.11788082122802734,10.094630241394043,0.8893563151359558,-10.0,-9.924503326416016,18.26792335510254,2.0,2.0,14.545963287353516,0.30357420444488525,0.28977540135383606,0.30357420444488525,0.29590821266174316,0.0,0.30469265580177307,0.30469265580177307,0.30469265580177307,0.30469265580177307,0.0,-0.7546401619911194,-0.08740785717964172,-9.838386535644531,0.0,0.0,0.0,0.0,0.0,0.0,0.0,0.0,0.0,0.0,0.0,0.0,0.0,0.0,0.0,0.30469274520874023,0.30469274520874023,0.304692804813385,0.30469274520874023,0.3887050151824951,0.04114978387951851,0.04114978387951851,0.3400038480758667,0.018207699060440063,-0.3351277709007263,0.12172835320234299,0.0,0.0,0.0,0.0,0.0,0.0,0.0
66730454090,0,-0.03422138839960098,-0.14460384845733643,-0.13367371261119843,-0.03422138839960098,-0.14460384845733643,-0.8336737155914307,-0.02130778320133686,-0.008090544492006302,-0.00031613250030204654,0.0,0.0,0.0,-0.014875957742333412,-0.023078544065356255,-0.009774608537554741,0.0,0.0,-0.009774608537554741,-0.007987077347934246,0.0015841643325984478,-0.04724210500717163,0.11904213577508926,0.18377099931240082,0.00024122519243974239,0.0,0.0,0.0,-0.7607177495956421,10.184640884399414,-0.14059066772460938,10.087882041931152,0.8870798945426941,-10.0,-9.92378044128418,18.865612030029297,2.0,2.0,13.952224731445312,0.30357420444488525,0.28977540135383606,0.30357420444488525,0.29590821266174316,0.0,0.30469265580177307,0.30469265580177307,0.30469265580177307,0.30469265580177307,0.0,-0.7546401619911194,-0.08740785717964172,-9.838386535644531,0.0,0.0,0.0,0.0,0.0,0.0,0.0,0.0,0.0,0.0,0.0,0.0,0.0,0.0,0.0,0.30469274520874023,0.30469274520874023,0.304692804813385,0.30469274520874023,0.4103097915649414,0.04114978387951851,0.04114978387951851,0.3184182047843933,0.058242540806531906,-0.2627723515033722,1.2114927768707275,0.0,0.0,0.0,0.0,0.0,0.0,0.0
66737757871,0,-0.03465988114476204,-0.14500805735588074,-0.1335812658071518,-0.03465988114476204,-0.14500805735588074,-0.833581268787384,-0.03061831183731556,-0.013526770286262035,-0.005336869042366743,0.0,0.0,0.0,-0.014976047910749912,-0.02311629056930542,-0.010141994804143906,0.0,0.0,-0.010141993872821331,-0.006235575769096613,7.732113590463996e-05,-0.01218306366354227,0.11904213577508926,0.18377099931240082,0.00024122519243974239,0.0,0.0,0.0,-0.7607177495956421,10.184640884399414,-0.14059066772460938,10.087882041931152,0.8870798945426941,-10.0,-9.92378044128418,19.677806854248047,2.0,2.0,13.1545991897583,0.30204102396965027,0.28977540135383606,0.30357420444488525,0.29590821266174316,0.0,0.30469265580177307,0.30469265580177307,0.30469265580177307,0.30469265580177307,0.0,-0.7536277770996094,-0.16594955325126648,-10.200366973876953,0.0,0.0,0.0,0.0,0.0,0.0,0.0,0.0,0.0,0.0,0.0,0.0,0.0,0.0,0.0,0.30469274520874023,0.30469274520874023,0.304692804813385,0.30469274520874023,0.4103097915649414,0.04114978387951851,0.04114978387951851,0.3184182047843933,0.11064966768026352,-0.20843642950057983,2.247403621673584,0.0,0.0,0.0,0.0,0.0,0.0,0.0
66747592142,0,-0.034929677844047546,-0.1452484428882599,-0.13357728719711304,-0.034929677844047546,-0.1452484428882599,-0.8335772752761841,-0.034394558519124985,-0.01631966605782509,-0.008899019099771976,0.0,0.0,0.0,-0.015005550347268581,-0.023174075409770012,-0.009861084632575512,0.0,0.0,-0.009861085563898087,-0.004327371716499329,-0.00145670585334301,0.01958182081580162,0.11926481127738953,0.1847100853919983,-0.0003833887749351561,0.0,0.0,0.0,-0.7601259350776672,10.188069343566895,-0.1957254409790039,10.073559761047363,0.8821665048599243,-10.0,-9.920766830444336,20.324674606323242,2.0,2.0,12.514954566955566,0.30357420444488525,0.28977540135383606,0.30357420444488525,0.29590821266174316,0.0,0.30469265580177307,0.30469265580177307,0.30469265580177307,0.30469265580177307,0.0,-0.7536277770996094,-0.16594955325126648,-10.200366973876953,0.0,0.0,0.0,0.0,0.0,0.0,0.0,0.0,0.0,0.0,0.0,0.0,0.0,0.0,0.0,0.30469274520874023,0.30469274520874023,0.304692804813385,0.30469274520874023,0.4103097915649414,0.04114978387951851,0.04114978387951851,0.3184182047843933,0.15516053140163422,-0.1902337223291397,2.7958333492279053,0.0,0.0,0.0,0.0,0.0,0.0,0.0
66758529077,0,-0.034929677844047546,-0.1452484428882599,-0.13357728719711304,-0.034929677844047546,-0.1452484428882599,-0.8335772752761841,-0.034394558519124985,-0.01631966605782509,-0.008899019099771976,0.0,0.0,0.0,-0.015005550347268581,-0.023174075409770012,-0.009861084632575512,0.0,0.0,-0.009861085563898087,-4.4007836550008506e-05,-0.0034697935916483402,0.057006459683179855,0.11848390847444534,0.18556766211986542,-0.0001902140211313963,0.0,0.0,0.0,-0.7628498077392578,10.190556526184082,-0.21962833404541016,10.064919471740723,0.8792035579681396,-10.0,-9.917859077453613,20.950525283813477,2.0,2.0,11.89863109588623,0.30204102396965027,0.28977540135383606,0.30357420444488525,0.29590821266174316,0.0,0.30469265580177307,0.30469265580177307,0.30469265580177307,0.30469265580177307,0.0,-0.7536277770996094,-0.16594955325126648,-10.200366973876953,0.0,0.0,0.0,0.0,0.0,0.0,0.0,0.0,0.0,0.0,0.0,0.0,0.0,0.0,0.0,0.30469274520874023,0.30469274520874023,0.304692804813385,0.30469274520874023,0.436810165643692,0.04114978387951851,0.04114978387951851,0.29070642590522766,0.2623620331287384,-0.17657597362995148,2.940377950668335,0.0,0.0,0.0,0.0,0.0,0.0,0.0
66767836863,0,-0.035826824605464935,-0.14602473378181458,-0.13366134464740753,-0.035826824605464935,-0.14602473378181458,-0.8336613178253174,-0.04179348051548004,-0.02223937399685383,-0.009817099198698997,0.0,0.0,0.0,-0.014881839044392109,-0.02335554175078869,-0.008095663972198963,0.0,0.0,-0.008095663040876389,0.0031196828931570053,-0.003908418118953705,0.07603087276220322,0.11848390847444534,0.18556766211986542,-0.0001902140211313963,0.0,0.0,0.0,-0.7628498077392578,10.190556526184082,-0.21962833404541016,10.064919471740723,0.8792035579681396,-10.0,-9.917859077453613,20.950525283813477,2.0,2.0,11.89863109588623,0.30204102396965027,0.28977540135383606,0.30357420444488525,0.29590821266174316,0.0,0.30469265580177307,0.30469265580177307,0.30469265580177307,0.30469265580177307,0.0,-0.5256428122520447,-0.1092105507850647,-9.76331615447998,0.0,0.0,0.0,0.0,0.0,0.0,0.0,0.0,0.0,0.0,0.0,0.0,0.0,0.0,0.0,0.30469274520874023,0.30469274520874023,0.304692804813385,0.30469274520874023,0.4480735957622528,0.04114978387951851,0.04114978387951851,0.27869993448257446,0.2984592616558075,-0.12027105689048767,2.563947916030884,0.0,0.0,0.0,0.0,0.0,0.0,0.0
66779923604,0,-0.0361400805413723,-0.14629992842674255,-0.13366809487342834,-0.0361400805413723,-0.14629992842674255,-0.8336681127548218,-0.04247671365737915,-0.02367105334997177,-0.006578006781637669,0.0,0.0,0.0,-0.014816113747656345,-0.023434055969119072,-0.00756806880235672,0.0,0.0,-0.00756806880235672,0.005725008435547352,-0.0048407684080302715,0.08436030894517899,0.11759959906339645,0.18673348426818848,-3.660985385067761e-05,0.0,0.0,0.0,-0.7653215527534485,10.192688941955566,-0.2190876007080078,10.051124572753906,0.8792035579681396,-10.0,-9.917859077453613,20.9359130859375,2.0,2.0,11.920267105102539,0.30204102396965027,0.28977540135383606,0.30357420444488525,0.29590821266174316,0.0,0.30469265580177307,0.30469265580177307,0.30469265580177307,0.30469265580177307,0.0,-0.2910369336605072,-0.04285645857453346,-9.429899215698242,0.0,0.0,0.0,0.0,0.0,0.0,0.0,0.0,0.0,0.0,0.0,0.0,0.0,0.0,0.0,0.30469274520874023,0.30469274520874023,0.304692804813385,0.30469274520874023,0.4480735957622528,0.04114978387951851,0.04114978387951851,0.27869993448257446,0.26767316460609436,-0.11142892390489578,1.672202467918396,0.0,0.0,0.0,0.0,0.0,0.0,0.0
66788026618,0,-0.0361400805413723,-0.14629992842674255,-0.13366809487342834,-0.0361400805413723,-0.14629992842674255,-0.8336681127548218,-0.04247671365737915,-0.02367105334997177,-0.006578006781637669,0.0,0.0,0.0,-0.014816113747656345,-0.023434055969119072,-0.00756806880235672,0.0,0.0,-0.00756806880235672,0.005725008435547352,-0.0048407684080302715,0.08436030894517899,0.11759959906339645,0.18673348426818848,-3.660985385067761e-05,0.0,0.0,0.0,-0.7653215527534485,10.192688941955566,-0.2190876007080078,10.051124572753906,0.874519407749176,-10.0,-9.912056922912598,20.9359130859375,2.0,2.0,11.920267105102539,0.30357420444488525,0.28977540135383606,0.30357420444488525,0.29590821266174316,0.0,0.30469265580177307,0.30469265580177307,0.30469265580177307,0.30469265580177307,0.0,-0.2910369336605072,-0.04285645857453346,-9.429899215698242,0.0,0.0,0.0,0.0,0.0,0.0,0.0,0.0,0.0,0.0,0.0,0.0,0.0,0.0,0.0,0.30469274520874023,0.30469274520874023,0.304692804813385,0.30469274520874023,0.447811484336853,0.04114978387951851,0.04114978387951851,0.27912265062332153,0.26767316460609436,-0.11142892390489578,1.672202467918396,0.0,0.0,0.0,0.0,0.0,0.0,0.0
66800589054,0,-0.03673544153571129,-0.14687034487724304,-0.1335989534854889,-0.03673544153571129,-0.14687034487724304,-0.8335989713668823,-0.04045411944389343,-0.025584327057003975,-0.0011016790522262454,0.0,0.0,0.0,-0.014675363898277283,-0.023767804726958275,-0.007159685716032982,0.0,0.0,-0.007159684784710407,0.006997561082243919,-0.008761152625083923,0.07522224634885788,0.11664730310440063,0.18895255029201508,0.0001205651497002691,0.0,0.0,0.0,-0.7633297443389893,10.199291229248047,-0.1938924789428711,10.042725563049316,0.8717077374458313,-10.0,-9.908509254455566,20.280651092529297,2.0,2.0,12.586827278137207,0.30357420444488525,0.28977540135383606,0.30357420444488525,0.29590821266174316,0.0,0.30469265580177307,0.30469265580177307,0.30469265580177307,0.30469265580177307,0.0,-0.1615619957447052,0.025351008400321007,-9.468076705932617,0.0,0.0,0.0,0.0,0.0,0.0,0.0,0.0,0.0,0.0,0.0,0.0,0.0,0.0,0.0,0.30469274520874023,0.30469274520874023,0.304692804813385,0.30469274520874023,0.447811484336853,0.04114978387951851,0.04114978387951851,0.27912265062332153,0.17933765053749084,-0.22662656009197235,0.33347058296203613,0.0,0.0,0.0,0.0,0.0,0.0,0.0
66816049663,0,-0.03673544153571129,-0.14687034487724304,-0.1335989534854889,-0.03673544153571129,-0.14687034487724304,-0.8335989713668823,-0.04045411944389343,-0.025584327057003975,-0.0011016790522262454,0.0,0.0,0.0,-0.014675363898277283,-0.023767804726958275,-0.007159685716032982,0.0,0.0,-0.007159684784710407,0.006913656368851662,-0.012731373310089111,0.02423085831105709,0.11664730310440063,0.18895255029201508,0.0001205651497002691,0.0,0.0,0.0,-0.7633297443389893,10.199291229248047,-0.1938924789428711,10.042725563049316,0.8717077374458313,-10.0,-9.908509254455566,20.280651092529297,2.0,2.0,12.586827278137207,0.30357420444488525,0.28977540135383606,0.30357420444488525,0.29590821266174316,0.0,0.30469265580177307,0.30469265580177307,0.30469265580177307,0.30469265580177307,0.0,-0.1615619957447052,0.025351008400321007,-9.468076705932617,0.0,0.0,0.0,0.0,0.0,0.0,0.0,0.0,0.0,0.0,0.0,0.0,0.0,0.0,0.0,0.30469274520874023,0.30469274520874023,0.304692804813385,0.30469274520874023,0.4360155463218689,0.04114978387951851,0.04114978387951851,0.29210174083709717,0.039532892405986786,-0.1931575983762741,-1.8597736358642578,0.0,0.0,0.0,0.0,0.0,0.0,0.0
66819096284,0,-0.03718568757176399,-0.14742977917194366,-0.13350223004817963,-0.03718568757176399,-0.14742977917194366,-0.8335022330284119,-0.033904220908880234,-0.02586938999593258,-0.0026266600470989943,0.0,0.0,0.0,-0.014556987211108208,-0.024080323055386543,-0.007889917120337486,0.0,0.0,-0.007889917120337486,0.006913656368851662,-0.012731373310089111,0.02423085831105709,0.11572813242673874,0.19142340123653412,0.0008191987872123718,0.0,0.0,0.0,-0.7585028409957886,10.205349922180176,-0.12456703186035156,10.029340744018555,0.8671446442604065,-10.0,-9.9039945602417,18.482847213745117,2.0,2.0,14.400707244873047,0.30357420444488525,0.28977540135383606,0.30357420444488525,0.29590821266174316,0.0,0.30469265580177307,0.30469265580177307,0.30469265580177307,0.30469265580177307,0.0,0.24791210889816284,0.20423075556755066,-10.134145736694336,0.0,0.0,0.0,0.0,0.0,0.0,0.0,0.0,0.0,0.0,0.0,0.0,0.0,0.0,0.0,0.30469274520874023,0.30469274520874023,0.304692804813385,0.30469274520874023,0.4033004343509674,0.04114978387951851,0.04114978387951851,0.3269850015640259,0.039532892405986786,-0.1931575983762741,-1.8597736358642578,0.0,0.0,0.0,0.0,0.0,0.0,0.0
66828591326,0,-0.03743758425116539,-0.14796032011508942,-0.13348780572414398,-0.03743758425116539,-0.14796032011508942,-0.8334878087043762,-0.02379552274942398,-0.024213522672653198,-0.008062559179961681,0.0,0.0,0.0,-0.014392003417015076,-0.02427215687930584,-0.009475125931203365,0.0,0.0,-0.00947512686252594,0.006377229932695627,-0.011248361319303513,-0.030306493863463402,0.11443115770816803,0.192939892411232,0.001270561944693327,0.0,0.0,0.0,-0.7547458410263062,10.203474998474121,-0.060334205627441406,10.017354965209961,0.862923264503479,-10.0,-9.901983261108398,16.811403274536133,2.0,2.0,16.069927215576172,0.30357420444488525,0.28977540135383606,0.30357420444488525,0.29590821266174316,0.0,0.30469265580177307,0.30469265580177307,0.30469265580177307,0.30469265580177307,0.0,0.24791210889816284,0.20423075556755066,-10.134145736694336,0.0,0.0,0.0,0.0,0.0,0.0,0.0,0.0,0.0,0.0,0.0,0.0,0.0,0.0,0.0,0.30469274520874023,0.30469274520874023,0.304692804813385,0.30469274520874023,0.37240466475486755,0.04114978387951851,0.04114978387951851,0.3585452139377594,-0.005036564078181982,0.00617901561781764,-2.777306318283081,0.0,0.0,0.0,0.0,0.0,0.0,0.0
66837633378,0,-0.03743758425116539,-0.14796032011508942,-0.13348780572414398,-0.03743758425116539,-0.14796032011508942,-0.8334878087043762,-0.02379552274942398,-0.024213522672653198,-0.008062559179961681,0.0,0.0,0.0,-0.014392003417015076,-0.02427215687930584,-0.009475125931203365,0.0,0.0,-0.00947512686252594,0.006799513008445501,-0.002546916250139475,-0.07628440111875534,0.11443115770816803,0.192939892411232,0.001270561944693327,0.0,0.0,0.0,-0.7547458410263062,10.203474998474121,-0.060334205627441406,10.017354965209961,0.862923264503479,-10.0,-9.901983261108398,16.811403274536133,2.0,2.0,16.069927215576172,0.30357420444488525,0.28977540135383606,0.30357420444488525,0.29590821266174316,0.0,0.30469265580177307,0.30469265580177307,0.30469265580177307,0.30469265580177307,0.0,0.31724295020103455,0.2778468430042267,-9.80802059173584,0.0,0.0,0.0,0.0,0.0,0.0,0.0,0.0,0.0,0.0,0.0,0.0,0.0,0.0,0.0,0.30469274520874023,0.30469274520874023,0.304692804813385,0.30469274520874023,0.37240466475486755,0.04114978387951851,0.04114978387951851,0.3585452139377594,0.004307725466787815,0.3067070245742798,-2.015535354614258,0.0,0.0,0.0,0.0,0.0,0.0,0.0
66847922524,0,-0.03747687488794327,-0.14844663441181183,-0.13353413343429565,-0.03747687488794327,-0.14844663441181183,-0.8335341215133667,-0.012964560650289059,-0.021651549264788628,-0.008895060047507286,0.0,0.0,0.0,-0.014163908548653126,-0.024311542510986328,-0.011238094419240952,0.0,0.0,-0.011238094419240952,0.005450692027807236,0.0006442359299398959,-0.07736694812774658,0.11261605471372604,0.1932544708251953,0.0012033972889184952,0.0,0.0,0.0,-0.7518713474273682,10.192660331726074,-0.024097442626953125,10.003918647766113,0.8580141067504883,-10.0,-9.901928901672363,15.849313735961914,2.0,2.0,16.995018005371094,0.3051074147224426,0.28977540135383606,0.30357420444488525,0.29590821266174316,0.0,0.30469265580177307,0.30469265580177307,0.30469265580177307,0.30469265580177307,0.0,0.31724295020103455,0.2778468430042267,-9.80802059173584,0.0,0.0,0.0,0.0,0.0,0.0,0.0,0.0,0.0,0.0,0.0,0.0,0.0,0.0,0.0,0.30469274520874023,0.30469274520874023,0.304692804813385,0.30469274520874023,0.37240466475486755,0.04114978387951851,0.04114978387951851,0.3585452139377594,-0.06815355271100998,0.3268164396286011,-1.1760402917861938,0.0,0.0,0.0,0.0,0.0,0.0,0.0
66882777505,0,-0.037418149411678314,-0.14866790175437927,-0.1335487961769104,-0.037418149411678314,-0.14866790175437927,-0.8335487842559814,-0.007612816523760557,-0.020408669486641884,-0.006592686288058758,0.0,0.0,0.0,-0.014127373695373535,-0.02430247701704502,-0.011942475102841854,0.0,0.0,-0.01194247417151928,0.005450692027807236,0.0006442359299398959,-0.07736694812774658,0.11261605471372604,0.1932544708251953,0.0012033972889184952,0.0,0.0,0.0,-0.7518713474273682,10.192660331726074,-0.024097442626953125,10.003918647766113,0.8580141067504883,-10.0,-9.901928901672363,15.895079612731934,2.0,2.0,16.938262939453125,0.3051074147224426,0.28977540135383606,0.30357420444488525,0.29590821266174316,0.0,0.30469265580177307,0.30469265580177307,0.30469265580177307,0.30469265580177307,0.0,0.31724295020103455,0.2778468430042267,-9.80802059173584,0.0,0.0,0.0,0.0,0.0,0.0,0.0,0.0,0.0,0.0,0.0,0.0,0.0,0.0,0.0,0.30469274520874023,0.30469274520874023,0.304692804813385,0.30469274520874023,0.37240466475486755,0.04114978387951851,0.04114978387951851,0.3585452139377594,-0.06815355271100998,0.3268164396286011,-1.1760402917861938,0.0,0.0,0.0,0.0,0.0,0.0,0.0
66882962124,0,-0.037418149411678314,-0.14866790175437927,-0.1335487961769104,-0.037418149411678314,-0.14866790175437927,-0.8335487842559814,-0.007612816523760557,-0.020408669486641884,-0.006592686288058758,0.0,0.0,0.0,-0.014127373695373535,-0.02430247701704502,-0.011942475102841854,0.0,0.0,-0.01194247417151928,0.005450692027807236,0.0006442359299398959,-0.07736694812774658,0.11232078075408936,0.19318529963493347,0.0010511602740734816,0.0,0.0,0.0,-0.7480679750442505,10.189308166503906,-0.02582263946533203,9.998347282409668,0.8559085726737976,-10.0,-9.902257919311523,15.895079612731934,2.0,2.0,16.938262939453125,0.3051074147224426,0.28977540135383606,0.30357420444488525,0.29590821266174316,0.0,0.30469265580177307,0.30469265580177307,0.30469265580177307,0.30469265580177307,0.0,0.24927860498428345,0.25765225291252136,-9.503703117370605,0.0,0.0,0.0,0.0,0.0,0.0,0.0,0.0,0.0,0.0,0.0,0.0,0.0,0.0,0.0,0.30469274520874023,0.30469274520874023,0.304692804813385,0.30469274520874023,0.35526278614997864,0.04114978387951851,0.04114978387951851,0.3747664988040924,-0.06815355271100998,0.3268164396286011,-1.1760402917861938,0.0,0.0,0.0,0.0,0.0,0.0,0.0
66882995231,0,-0.037147801369428635,-0.1490640938282013,-0.13349108397960663,-0.037147801369428635,-0.1490640938282013,-0.8334910869598389,0.0021008579060435295,-0.017921458929777145,-0.0008685495122335851,0.0,0.0,0.0,-0.014167838729918003,-0.024307245388627052,-0.012514742091298103,0.0,0.0,-0.012514741159975529,-0.00039348253631033003,0.003972772043198347,-0.03932426497340202,0.11232078075408936,0.19318529963493347,0.0010511602740734816,0.0,0.0,0.0,-0.7356208562850952,10.187247276306152,-0.06545257568359375,9.985795021057129,0.8508923649787903,-10.0,-9.90252685546875,16.949378967285156,2.0,2.0,15.87851619720459,0.30357420444488525,0.28977540135383606,0.30357420444488525,0.29590821266174316,0.0,0.30469265580177307,0.30469265580177307,0.30469265580177307,0.30469265580177307,0.0,0.24927860498428345,0.25765225291252136,-9.503703117370605,0.0,0.0,0.0,0.0,0.0,0.0,0.0,0.0,0.0,0.0,0.0,0.0,0.0,0.0,0.0,0.30469274520874023,0.30469274520874023,0.304692804813385,0.30469274520874023,0.3749730885028839,0.04114978387951851,0.04114978387951851,0.35495176911354065,-0.22175055742263794,0.19138771295547485,1.180092453956604,0.0,0.0,0.0,0.0,0.0,0.0,0.0
66891383936,0,-0.03667038679122925,-0.14939548075199127,-0.13335826992988586,-0.03667038679122925,-0.14939548075199127,-0.8333582878112793,0.009488275274634361,-0.01518662553280592,-0.0004972959286533296,0.0,0.0,0.0,-0.014246060512959957,-0.02423744834959507,-0.012058582156896591,0.0,0.0,-0.012058581225574017,-0.00039348253631033003,0.003972772043198347,-0.03932426497340202,0.1126604899764061,0.1931336522102356,0.0001641169365029782,0.0,0.0,0.0,-0.7356208562850952,10.187247276306152,-0.06545257568359375,9.985795021057129,0.8508923649787903,-10.0,-9.90252685546875,16.949378967285156,2.0,2.0,15.87851619720459,0.30357420444488525,0.28977540135383606,0.30357420444488525,0.29590821266174316,0.0,0.30469265580177307,0.30469265580177307,0.30469265580177307,0.30469265580177307,0.0,0.24927860498428345,0.25765225291252136,-9.503703117370605,0.0,0.0,0.0,0.0,0.0,0.0,0.0,0.0,0.0,0.0,0.0,0.0,0.0,0.0,0.0,0.30469274520874023,0.30469274520874023,0.304692804813385,0.30469274520874023,0.3749730885028839,0.04114978387951851,0.04114978387951851,0.35495176911354065,-0.22175055742263794,0.19138771295547485,1.180092453956604,0.0,0.0,0.0,0.0,0.0,0.0,0.0
66898441328,0,-0.03667038679122925,-0.14939548075199127,-0.13335826992988586,-0.03667038679122925,-0.14939548075199127,-0.8333582878112793,0.009488275274634361,-0.01518662553280592,-0.0004972959286533296,0.0,0.0,0.0,-0.014246060512959957,-0.02423744834959507,-0.012058582156896591,0.0,0.0,-0.012058581225574017,-0.003388145938515663,0.005994719453155994,0.02055812068283558,0.11304903030395508,0.19259165227413177,-0.00010167266009375453,0.0,0.0,0.0,-0.7279925346374512,10.185260772705078,-0.11435508728027344,9.974609375,0.8461029529571533,-10.0,-9.901004791259766,18.247238159179688,2.0,2.0,14.583823204040527,0.30204102396965027,0.28977540135383606,0.30357420444488525,0.29590821266174316,0.0,0.30469265580177307,0.30469265580177307,0.30469265580177307,0.30469265580177307,0.0,0.08304574340581894,0.2552400827407837,-9.853211402893066,0.0,0.0,0.0,0.0,0.0,0.0,0.0,0.0,0.0,0.0,0.0,0.0,0.0,0.0,0.0,0.30469274520874023,0.30469274520874023,0.304692804813385,0.30469274520874023,0.398973673582077,0.04114978387951851,0.04114978387951851,0.33047202229499817,-0.16732272505760193,0.13361220061779022,2.5255463123321533,0.0,0.0,0.0,0.0,0.0,0.0,0.0
66907911510,0,-0.03667038679122925,-0.14939548075199127,-0.13335826992988586,-0.03667038679122925,-0.14939548075199127,-0.8333582878112793,0.009488275274634361,-0.01518662553280592,-0.0004972959286533296,0.0,0.0,0.0,-0.014246060512959957,-0.02423744834959507,-0.012058582156896591,0.0,0.0,-0.012058581225574017,-0.003509458154439926,0.006564801093190908,0.048777054995298386,0.11333127319812775,0.1923314779996872,-0.00011396546324249357,0.0,0.0,0.0,-0.725776195526123,10.184828758239746,-0.1318807601928711,9.968724250793457,0.8435196876525879,-10.0,-9.899375915527344,18.70930290222168,2.0,2.0,14.121343612670898,0.3005078136920929,0.28977540135383606,0.30357420444488525,0.29590821266174316,0.0,0.30469265580177307,0.30469265580177307,0.30469265580177307,0.30469265580177307,0.0,-0.184441938996315,0.16089141368865967,-10.080073356628418,0.0,0.0,0.0,0.0,0.0,0.0,0.0,0.0,0.0,0.0,0.0,0.0,0.0,0.0,0.0,0.30469274520874023,0.30469274520874023,0.304692804813385,0.30469274520874023,0.4074503183364868,0.04114978387951851,0.04114978387951851,0.3216530978679657,-0.09027449041604996,0.09380169212818146,2.5864620208740234,0.0,0.0,0.0,0.0,0.0,0.0,0.0
66917495772,0,-0.0357511006295681,-0.1497935652732849,-0.1332387775182724,-0.0357511006295681,-0.1497935652732849,-0.8332387804985046,0.01379246637225151,-0.012874163687229156,-0.006786639802157879,0.0,0.0,0.0,-0.014285718090832233,-0.0240935031324625,-0.01033877581357956,0.0,0.0,-0.010338774882256985,-0.003509458154439926,0.006564801093190908,0.048777054995298386,0.11333127319812775,0.1923314779996872,-0.00011396546324249357,0.0,0.0,0.0,-0.725776195526123,10.184828758239746,-0.1318807601928711,9.968724250793457,0.8435196876525879,-10.0,-9.899375915527344,18.70930290222168,2.0,2.0,14.121343612670898,0.3005078136920929,0.28977540135383606,0.30357420444488525,0.29590821266174316,0.0,0.30469265580177307,0.30469265580177307,0.30469265580177307,0.30469265580177307,0.0,-0.36413171887397766,0.1313266158103943,-9.89206600189209,0.0,0.0,0.0,0.0,0.0,0.0,0.0,0.0,0.0,0.0,0.0,0.0,0.0,0.0,0.0,0.30469274520874023,0.30469274520874023,0.304692804813385,0.30469274520874023,0.4074503183364868,0.04114978387951851,0.04114978387951851,0.3216530978679657,-0.09027449041604996,0.09380169212818146,2.5864620208740234,0.0,0.0,0.0,0.0,0.0,0.0,0.0
66927231408,0,-0.0357511006295681,-0.1497935652732849,-0.1332387775182724,-0.0357511006295681,-0.1497935652732849,-0.8332387804985046,0.01379246637225151,-0.012874163687229156,-0.006786639802157879,0.0,0.0,0.0,-0.014285718090832233,-0.0240935031324625,-0.01033877581357956,0.0,0.0,-0.010338774882256985,-0.0026423544622957706,0.008371368050575256,0.07331613451242447,0.11374201625585556,0.1911681890487671,-3.7354056985350326e-05,0.0,0.0,0.0,-0.7227318286895752,10.181734085083008,-0.13432693481445312,9.958767890930176,0.8390808701515198,-10.0,-9.89571475982666,18.76485824584961,2.0,2.0,14.048051834106445,0.3005078136920929,0.28977540135383606,0.30357420444488525,0.29590821266174316,0.0,0.30469265580177307,0.30469265580177307,0.30469265580177307,0.30469265580177307,0.0,-0.44670894742012024,0.10436083376407623,-9.714588165283203,0.0,0.0,0.0,0.0,0.0,0.0,0.0,0.0,0.0,0.0,0.0,0.0,0.0,0.0,0.0,0.30469274520874023,0.30469274520874023,0.304692804813385,0.30469274520874023,0.4084670841693878,0.04114978387951851,0.04114978387951851,0.3202517628669739,0.0035354834981262684,0.10623988509178162,1.6258643865585327,0.0,0.0,0.0,0.0,0.0,0.0,0.0
66937550024,0,-0.0357511006295681,-0.1497935652732849,-0.1332387775182724,-0.0357511006295681,-0.1497935652732849,-0.8332387804985046,0.01379246637225151,-0.012874163687229156,-0.006786639802157879,0.0,0.0,0.0,-0.014285718090832233,-0.0240935031324625,-0.01033877581357956,0.0,0.0,-0.010338774882256985,-0.0032276329584419727,0.009611634537577629,0.06719748675823212,0.11374201625585556,0.1911681890487671,-3.7354056985350326e-05,0.0,0.0,0.0,-0.7186061143875122,10.179876327514648,-0.1139211654663086,9.952188491821289,0.8390808701515198,-10.0,-9.89571475982666,18.22572135925293,2.0,2.0,14.572253227233887,0.3005078136920929,0.28977540135383606,0.30357420444488525,0.29590821266174316,0.0,0.30469265580177307,0.30469265580177307,0.30469265580177307,0.30469265580177307,0.0,-0.44670894742012024,0.10436083376407623,-9.714588165283203,0.0,0.0,0.0,0.0,0.0,0.0,0.0,0.0,0.0,0.0,0.0,0.0,0.0,0.0,0.0,0.30469274520874023,0.30469274520874023,0.304692804813385,0.30469274520874023,0.4084670841693878,0.04114978387951851,0.04114978387951851,0.3202517628669739,-0.02678016386926174,0.10385147482156754,0.455427885055542,0.0,0.0,0.0,0.0,0.0,0.0,0.0
66948688104,0,-0.03510849550366402,-0.15000325441360474,-0.13321802020072937,-0.03510849550366402,-0.15000325441360474,-0.833217978477478,0.011219656094908714,-0.013051174581050873,-0.006131590809673071,0.0,0.0,0.0,-0.014334294013679028,-0.023941118270158768,-0.009669357910752296,0.0,0.0,-0.009669357910752296,-0.0032276329584419727,0.009611634537577629,0.06719748675823212,0.11392920464277267,0.19033433496952057,-9.781072003534064e-05,0.0,0.0,0.0,-0.7186061143875122,10.179876327514648,-0.1139211654663086,9.952188491821289,0.8361234068870544,-10.0,-9.893193244934082,18.22572135925293,2.0,2.0,14.572253227233887,0.30204102396965027,0.28977540135383606,0.30357420444488525,0.29590821266174316,0.0,0.30469265580177307,0.30469265580177307,0.30469265580177307,0.30469265580177307,0.0,-0.5501471161842346,0.055327557027339935,-9.549975395202637,0.0,0.0,0.0,0.0,0.0,0.0,0.0,0.0,0.0,0.0,0.0,0.0,0.0,0.0,0.0,0.30469274520874023,0.30469274520874023,0.304692804813385,0.30469274520874023,0.3985782563686371,0.04114978387951851,0.04114978387951851,0.33025187253952026,-0.02678016386926174,0.10385147482156754,0.455427885055542,0.0,0.0,0.0,0.0,0.0,0.0,0.0
66959854723,0,-0.034803058952093124,-0.1500926911830902,-0.13318988680839539,-0.034803058952093124,-0.1500926911830902,-0.833189845085144,0.009139472618699074,-0.013124190270900726,-0.0041955215856432915,0.0,0.0,0.0,-0.014397609047591686,-0.023906899616122246,-0.009638288989663124,0.0,0.0,-0.009638288989663124,-0.00451279291883111,0.005210149567574263,0.027439983561635017,0.11472319811582565,0.19050711393356323,0.00047430425183847547,0.0,0.0,0.0,-0.7116091251373291,10.186705589294434,-0.05787849426269531,9.94172191619873,0.8312734961509705,-10.0,-9.890007019042969,16.772968292236328,2.0,2.0,16.03718376159668,0.30204102396965027,0.28977540135383606,0.30357420444488525,0.29590821266174316,0.0,0.30469265580177307,0.30469265580177307,0.30469265580177307,0.30469265580177307,0.0,-0.5501471161842346,0.055327557027339935,-9.549975395202637,0.0,0.0,0.0,0.0,0.0,0.0,0.0,0.0,0.0,0.0,0.0,0.0,0.0,0.0,0.0,0.30469274520874023,0.30469274520874023,0.304692804813385,0.30469274520874023,0.3985782563686371,0.04114978387951851,0.04114978387951851,0.33025187253952026,-0.05071189999580383,-0.1624927967786789,-1.407334804534912,0.0,0.0,0.0,0.0,0.0,0.0,0.0
66968178863,0,-0.034803058952093124,-0.1500926911830902,-0.13318988680839539,-0.0340266153216362,-0.15033771097660065,-0.8330097794532776,0.009139472618699074,-0.013124190270900726,-0.0041955215856432915,0.0,0.0,0.0,-0.014397609047591686,-0.023906899616122246,-0.009638288989663124,0.0,0.0,-0.010963990353047848,-0.00451279291883111,0.005210149567574263,0.027439983561635017,0.11472319811582565,0.19050711393356323,0.00047430425183847547,0.0,0.0,0.0,-0.7116091251373291,10.186705589294434,-0.05787849426269531,9.94172191619873,0.8312734961509705,-10.0,-9.890007019042969,16.772968292236328,2.0,2.0,16.03718376159668,0.30204102396965027,0.28977540135383606,0.30357420444488525,0.29590821266174316,0.0,0.30469265580177307,0.30469265580177307,0.30469265580177307,0.30469265580177307,0.0,-0.643779993057251,-0.011298193596303463,-9.618318557739258,0.0,0.0,0.0,0.0,0.0,0.0,0.0,0.0,0.0,0.0,0.0,0.0,0.0,0.0,0.0,0.30469274520874023,0.30469274520874023,0.304692804813385,0.30469274520874023,0.37168869376182556,0.04114978387951851,0.04114978387951851,0.357930988073349,-0.05071189999580383,-0.1624927967786789,-1.407334804534912,0.0,0.0,0.0,0.0,0.0,0.0,0.0
66978382540,0,-0.0340266153216362,-0.15033771097660065,-0.13300980627536774,-0.0340266153216362,-0.15033771097660065,-0.8330097794532776,-1.103885006159544e-05,-0.015522768720984459,-0.0005332216969691217,0.0,0.0,0.0,-0.014522334560751915,-0.024017179384827614,-0.010963990353047848,0.0,0.0,-0.010963990353047848,-0.0059775603003799915,-0.0011847229907289147,-0.05206790566444397,0.11528028547763824,0.19111181795597076,0.0006406395696103573,0.0,0.0,0.0,-0.7043465375900269,10.192708969116211,0.0026826858520507812,9.93163776397705,0.8263974189758301,-10.0,-9.888779640197754,15.209039688110352,2.0,2.0,17.6178035736084,0.30204102396965027,0.28977540135383606,0.30357420444488525,0.29590821266174316,0.0,0.30469265580177307,0.30469265580177307,0.30469265580177307,0.30469265580177307,0.0,-0.6573806405067444,-0.03300000727176666,-9.756067276000977,0.0,0.0,0.0,0.0,0.0,0.0,0.0,0.0,0.0,0.0,0.0,0.0,0.0,0.0,0.0,0.30469274520874023,0.30469274520874023,0.304692804813385,0.30469274520874023,0.34233126044273376,0.04114978387951851,0.04114978387951851,0.38736969232559204,-0.019712144508957863,-0.17545168101787567,-2.3394758701324463,0.0,0.0,0.0,0.0,0.0,0.0,0.0
66987512703,0,-0.0340266153216362,-0.15033771097660065,-0.13300980627536774,-0.033684320747852325,-0.15052807331085205,-0.8328981995582581,-1.103885006159544e-05,-0.015522768720984459,-0.0005332216969691217,0.0,0.0,0.0,-0.014522334560751915,-0.024017179384827614,-0.010963990353047848,0.0,0.0,-0.012512548826634884,-0.0059775603003799915,-0.0011847229907289147,-0.05206790566444397,0.1155451163649559,0.1915324479341507,0.0006958495359867811,0.0,0.0,0.0,-0.7020192742347717,10.19447135925293,0.0255126953125,9.926403045654297,0.8237390518188477,-10.0,-9.888948440551758,14.624468803405762,2.0,2.0,18.213031768798828,0.30204102396965027,0.28977540135383606,0.30357420444488525,0.29590821266174316,0.0,0.30469265580177307,0.30469265580177307,0.30469265580177307,0.30469265580177307,0.0,-0.6573806405067444,-0.03300000727176666,-9.756067276000977,0.0,0.0,0.0,0.0,0.0,0.0,0.0,0.0,0.0,0.0,0.0,0.0,0.0,0.0,0.0,0.30469274520874023,0.30469274520874023,0.304692804813385,0.30469274520874023,0.3312451243400574,0.04114978387951851,0.04114978387951851,0.3983447849750519,-0.019712144508957863,-0.17545168101787567,-2.3394758701324463,0.0,0.0,0.0,0.0,0.0,0.0,0.0
66997460353,0,-0.03354037180542946,-0.15065066516399384,-0.13287019729614258,-0.03354037180542946,-0.15065066516399384,-0.8328701853752136,-0.007648158352822065,-0.019089994952082634,-0.005559796467423439,0.0,0.0,0.0,-0.014442229643464088,-0.02426409162580967,-0.013191275298595428,0.0,0.0,-0.013191275298595428,-0.0059775603003799915,-0.0011847229907289147,-0.05206790566444397,0.1155451163649559,0.1915324479341507,0.0006958495359867811,0.0,0.0,0.0,-0.7020192742347717,10.19447135925293,0.0255126953125,9.926403045654297,0.8237390518188477,-10.0,-9.888948440551758,14.624468803405762,2.0,2.0,18.213031768798828,0.30357420444488525,0.28977540135383606,0.30357420444488525,0.29590821266174316,0.0,0.30469265580177307,0.30469265580177307,0.30469265580177307,0.30469265580177307,0.0,-0.49782073497772217,-0.026170765981078148,-10.020055770874023,0.0,0.0,0.0,0.0,0.0,0.0,0.0,0.0,0.0,0.0,0.0,0.0,0.0,0.0,0.0,0.30469274520874023,0.30469274520874023,0.304692804813385,0.30469274520874023,0.3312451243400574,0.04114978387951851,0.04114978387951851,0.3983447849750519,-0.019712144508957863,-0.17545168101787567,-2.3394758701324463,0.0,0.0,0.0,0.0,0.0,0.0,0.0
67007760747,0,-0.03354037180542946,-0.15065066516399384,-0.13287019729614258,-0.03354037180542946,-0.15065066516399384,-0.8328701853752136,-0.007648158352822065,-0.019089994952082634,-0.005559796467423439,0.0,0.0,0.0,-0.014442229643464088,-0.02426409162580967,-0.013191275298595428,0.0,0.0,-0.013191275298595428,-0.00040996630559675395,-0.005581977777183056,-0.06699585169553757,0.1155451163649559,0.1915324479341507,0.0006958495359867811,0.0,0.0,0.0,-0.706075131893158,10.200643539428711,0.034526824951171875,9.917067527770996,0.8189030885696411,-10.0,-9.890113830566406,14.392019271850586,2.0,2.0,18.465261459350586,0.30357420444488525,0.28977540135383606,0.30357420444488525,0.29590821266174316,0.0,0.30469265580177307,0.30469265580177307,0.30469265580177307,0.30469265580177307,0.0,-0.49782073497772217,-0.026170765981078148,-10.020055770874023,0.0,0.0,0.0,0.0,0.0,0.0,0.0,0.0,0.0,0.0,0.0,0.0,0.0,0.0,0.0,0.30469274520874023,0.30469274520874023,0.304692804813385,0.30469274520874023,0.3268195390701294,0.04114978387951851,0.04114978387951851,0.402977854013443,0.21608032286167145,-0.2023857831954956,-1.0813233852386475,0.0,0.0,0.0,0.0,0.0,0.0,0.0
67017636760,0,-0.03354037180542946,-0.15065066516399384,-0.13287019729614258,-0.03354037180542946,-0.15065066516399384,-0.8328701853752136,-0.007648158352822065,-0.019089994952082634,-0.005559796467423439,0.0,0.0,0.0,-0.014442229643464088,-0.02426409162580967,-0.013191275298595428,0.0,0.0,-0.013191275298595428,-0.00040996630559675395,-0.005581977777183056,-0.06699585169553757,0.11457880586385727,0.19303731620311737,0.000560910499189049,0.0,0.0,0.0,-0.706075131893158,10.200643539428711,0.034526824951171875,9.917067527770996,0.8189030885696411,-10.0,-9.890113830566406,14.392019271850586,2.0,2.0,18.465261459350586,0.30357420444488525,0.28977540135383606,0.30357420444488525,0.29590821266174316,0.0,0.30469265580177307,0.30469265580177307,0.30469265580177307,0.30469265580177307,0.0,-0.27418315410614014,-0.04505516588687897,-9.699069023132324,0.0,0.0,0.0,0.0,0.0,0.0,0.0,0.0,0.0,0.0,0.0,0.0,0.0,0.0,0.0,0.30469274520874023,0.30469274520874023,0.304692804813385,0.30469274520874023,0.3268195390701294,0.04114978387951851,0.04114978387951851,0.402977854013443,0.21608032286167145,-0.2023857831954956,-1.0813233852386475,0.0,0.0,0.0,0.0,0.0,0.0,0.0
67027684157,0,-0.03330162540078163,-0.15091219544410706,-0.13285408914089203,-0.03330162540078163,-0.15091219544410706,-0.8328540921211243,-0.010401060804724693,-0.022140521556138992,-0.006612837314605713,0.0,0.0,0.0,-0.014300888404250145,-0.024349913001060486,-0.013983994722366333,0.0,0.0,-0.013983994722366333,0.004222946707159281,-0.003002073150128126,-0.03576245158910751,0.11342053860425949,0.19356366991996765,0.0003150561242364347,0.0,0.0,0.0,-0.7065973281860352,10.195901870727539,0.001262664794921875,9.907549858093262,0.8189030885696411,-10.0,-9.890113830566406,15.2545166015625,2.0,2.0,17.589008331298828,0.30357420444488525,0.28977540135383606,0.30357420444488525,0.29590821266174316,0.0,0.30469265580177307,0.30469265580177307,0.30469265580177307,0.30469265580177307,0.0,-0.27418315410614014,-0.04505516588687897,-9.699069023132324,0.0,0.0,0.0,0.0,0.0,0.0,0.0,0.0,0.0,0.0,0.0,0.0,0.0,0.0,0.0,0.30469274520874023,0.30469274520874023,0.304692804813385,0.30469274520874023,0.3268195390701294,0.04114978387951851,0.04114978387951851,0.402977854013443,0.20705746114253998,0.051007431000471115,0.9302909970283508,0.0,0.0,0.0,0.0,0.0,0.0,0.0
67039510649,0,-0.03319713845849037,-0.15105445683002472,-0.13284432888031006,-0.03319713845849037,-0.15105445683002472,-0.8328443169593811,-0.010303870774805546,-0.023274758830666542,-0.005549726076424122,0.0,0.0,0.0,-0.014268731698393822,-0.02434832975268364,-0.014072848483920097,0.0,0.0,-0.014072847552597523,0.00445430027320981,-0.0032981133554130793,-0.013220665045082569,0.11301497370004654,0.19401665031909943,-1.012899519992061e-05,0.0,0.0,0.0,-0.7044503688812256,10.19686222076416,-0.01865386962890625,9.903615951538086,0.813855767250061,-10.0,-9.891096115112305,15.787890434265137,2.0,2.0,17.065881729125977,0.30357420444488525,0.28977540135383606,0.30357420444488525,0.29590821266174316,0.0,0.30469265580177307,0.30469265580177307,0.30469265580177307,0.30469265580177307,0.0,-0.15269067883491516,0.01238900888711214,-9.605646133422852,0.0,0.0,0.0,0.0,0.0,0.0,0.0,0.0,0.0,0.0,0.0,0.0,0.0,0.0,0.0,0.30469274520874023,0.30469274520874023,0.304692804813385,0.30469274520874023,0.3268195390701294,0.04114978387951851,0.04114978387951851,0.402977854013443,0.12993665039539337,0.01023042481392622,1.611557126045227,0.0,0.0,0.0,0.0,0.0,0.0,0.0
67047708326,0,-0.03297366574406624,-0.15135249495506287,-0.13278457522392273,-0.03297366574406624,-0.15135249495506287,-0.8327845335006714,-0.0074217841029167175,-0.02380496822297573,-0.002009002026170492,0.0,0.0,0.0,-0.014224881306290627,-0.024477992206811905,-0.013581558130681515,0.0,0.0,-0.013581558130681515,0.00445430027320981,-0.0032981133554130793,-0.013220665045082569,0.11301497370004654,0.19401665031909943,-1.012899519992061e-05,0.0,0.0,0.0,-0.7044503688812256,10.19686222076416,-0.01865386962890625,9.903615951538086,0.8117218613624573,-10.0,-9.891039848327637,15.787890434265137,2.0,2.0,17.065881729125977,0.30357420444488525,0.28977540135383606,0.30357420444488525,0.29590821266174316,0.0,0.30469265580177307,0.30469265580177307,0.30469265580177307,0.30469265580177307,0.0,-0.006378065794706345,0.11598575860261917,-9.680839538574219,0.0,0.0,0.0,0.0,0.0,0.0,0.0,0.0,0.0,0.0,0.0,0.0,0.0,0.0,0.0,0.30469274520874023,0.30469274520874023,0.304692804813385,0.30469274520874023,0.3532479405403137,0.04114978387951851,0.04114978387951851,0.37713924050331116,0.12993665039539337,0.01023042481392622,1.611557126045227,0.0,0.0,0.0,0.0,0.0,0.0,0.0
67057749395,0,-0.03297366574406624,-0.15135249495506287,-0.13278457522392273,-0.03297366574406624,-0.15135249495506287,-0.8327845335006714,-0.0074217841029167175,-0.02380496822297573,-0.002009002026170492,0.0,0.0,0.0,-0.014224881306290627,-0.024477992206811905,-0.013581558130681515,0.0,0.0,-0.013581558130681515,0.0033732526935636997,-0.007509422954171896,0.03964837267994881,0.11258348822593689,0.19594690203666687,-0.00012578905443660915,0.0,0.0,0.0,-0.6975442171096802,10.204937934875488,-0.057384490966796875,9.894723892211914,0.8067401051521301,-10.0,-9.889450073242188,16.82624626159668,2.0,2.0,16.05507469177246,0.30357420444488525,0.28977540135383606,0.30357420444488525,0.29590821266174316,0.0,0.30469265580177307,0.30469265580177307,0.30469265580177307,0.30469265580177307,0.0,-0.006378065794706345,0.11598575860261917,-9.680839538574219,0.0,0.0,0.0,0.0,0.0,0.0,0.0,0.0,0.0,0.0,0.0,0.0,0.0,0.0,0.0,0.30469274520874023,0.30469274520874023,0.304692804813385,0.30469274520874023,0.37268123030662537,0.04114978387951851,0.04114978387951851,0.3582666218280792,0.0014347437536343932,-0.14812852442264557,2.2279746532440186,0.0,0.0,0.0,0.0,0.0,0.0,0.0
67068816092,0,-0.03297366574406624,-0.15135249495506287,-0.13278457522392273,-0.03297366574406624,-0.15135249495506287,-0.8327845335006714,-0.0074217841029167175,-0.02380496822297573,-0.002009002026170492,0.0,0.0,0.0,-0.014224881306290627,-0.024477992206811905,-0.013581558130681515,0.0,0.0,-0.013581558130681515,0.003882883582264185,-0.007119031623005867,0.05515346676111221,0.11228414624929428,0.19605472683906555,-0.00011257034202571958,0.0,0.0,0.0,-0.6965020895004272,10.203801155090332,-0.064178466796875,9.891011238098145,0.8046051263809204,-10.0,-9.888235092163086,17.004016876220703,2.0,2.0,15.873936653137207,0.30357420444488525,0.28977540135383606,0.30357420444488525,0.29590821266174316,0.0,0.30469265580177307,0.30469265580177307,0.30469265580177307,0.30469265580177307,0.0,-0.006378065794706345,0.11598575860261917,-9.680839538574219,0.0,0.0,0.0,0.0,0.0,0.0,0.0,0.0,0.0,0.0,0.0,0.0,0.0,0.0,0.0,0.30469274520874023,0.30469274520874023,0.304692804813385,0.30469274520874023,0.3759894073009491,0.04114978387951851,0.04114978387951851,0.3548656105995178,0.029822710901498795,-0.06271655112504959,1.995298147201538,0.0,0.0,0.0,0.0,0.0,0.0,0.0
67077684888,0,-0.032524872571229935,-0.15178348124027252,-0.13264355063438416,-0.032524872571229935,-0.15178348124027252,-0.8326435089111328,0.0017918865196406841,-0.02264994941651821,-0.002269076183438301,0.0,0.0,0.0,-0.014064671471714973,-0.02468370459973812,-0.012075042352080345,0.0,0.0,-0.01207504328340292,0.004161831922829151,-0.005545420106500387,0.06347032636404037,0.11228414624929428,0.19605472683906555,-0.00011257034202571958,0.0,0.0,0.0,-0.6965020895004272,10.203801155090332,-0.064178466796875,9.891011238098145,0.8046051263809204,-10.0,-9.888235092163086,16.936044692993164,2.0,2.0,15.932905197143555,0.30357420444488525,0.28977540135383606,0.30357420444488525,0.29590821266174316,0.0,0.30469265580177307,0.30469265580177307,0.30469265580177307,0.30469265580177307,0.0,0.1458072066307068,0.18680992722511292,-9.931719779968262,0.0,0.0,0.0,0.0,0.0,0.0,0.0,0.0,0.0,0.0,0.0,0.0,0.0,0.0,0.0,0.30469274520874023,0.30469274520874023,0.304692804813385,0.30469274520874023,0.3759894073009491,0.04114978387951851,0.04114978387951851,0.3548656105995178,0.027515452355146408,0.040632687509059906,1.388637661933899,0.0,0.0,0.0,0.0,0.0,0.0,0.0
67088388184,0,-0.032524872571229935,-0.15178348124027252,-0.13264355063438416,-0.032524872571229935,-0.15178348124027252,-0.8326435089111328,0.0017918865196406841,-0.02264994941651821,-0.002269076183438301,0.0,0.0,0.0,-0.014064671471714973,-0.02468370459973812,-0.012075042352080345,0.0,0.0,-0.01207504328340292,0.004170077852904797,-0.0023868249263614416,0.05990036949515343,0.11152520775794983,0.19600877165794373,5.2232673624530435e-05,0.0,0.0,0.0,-0.6924353241920471,10.196714401245117,-0.04761314392089844,9.882425308227539,0.7996503710746765,-10.0,-9.884957313537598,16.565078735351562,2.0,2.0,16.288850784301758,0.30357420444488525,0.28977540135383606,0.30357420444488525,0.29590821266174316,0.0,0.30469265580177307,0.30469265580177307,0.30469265580177307,0.30469265580177307,0.0,0.21634891629219055,0.25913551449775696,-9.942358016967773,0.0,0.0,0.0,0.0,0.0,0.0,0.0,0.0,0.0,0.0,0.0,0.0,0.0,0.0,0.0,0.30469274520874023,0.30469274520874023,0.304692804813385,0.30469274520874023,0.3678111135959625,0.04114978387951851,0.04114978387951851,0.3626473546028137,0.014010977931320667,0.16811726987361908,0.5258646607398987,0.0,0.0,0.0,0.0,0.0,0.0,0.0
67097554501,0,-0.032047681510448456,-0.1520281732082367,-0.1325983852148056,-0.032047681510448456,-0.1520281732082367,-0.8325983881950378,0.009937562048435211,-0.020995737984776497,-0.004781470634043217,0.0,0.0,0.0,-0.014007598161697388,-0.024639809504151344,-0.011473950929939747,0.0,0.0,-0.011473949998617172,0.0018321570241823792,0.0015675483737140894,0.029436996206641197,0.11152520775794983,0.19600877165794373,5.2232673624530435e-05,0.0,0.0,0.0,-0.6924353241920471,10.196714401245117,-0.04761314392089844,9.882425308227539,0.7996503710746765,-10.0,-9.884957313537598,16.048934936523438,2.0,2.0,16.79258918762207,0.30357420444488525,0.28977540135383606,0.30357420444488525,0.29590821266174316,0.0,0.30469265580177307,0.30469265580177307,0.30469265580177307,0.30469265580177307,0.0,0.21637287735939026,0.25051745772361755,-9.778136253356934,0.0,0.0,0.0,0.0,0.0,0.0,0.0,0.0,0.0,0.0,0.0,0.0,0.0,0.0,0.0,0.30469274520874023,0.30469274520874023,0.304692804813385,0.30469274520874023,0.3678111135959625,0.04114978387951851,0.04114978387951851,0.3626473546028137,-0.08531078696250916,0.1901281625032425,-1.0566747188568115,0.0,0.0,0.0,0.0,0.0,0.0,0.0
67107302442,0,-0.03174534812569618,-0.15213194489479065,-0.13259223103523254,-0.03174534812569618,-0.15213194489479065,-0.832592248916626,0.014435636810958385,-0.019877878949046135,-0.005495902616530657,0.0,0.0,0.0,-0.014021837152540684,-0.024611618369817734,-0.01148050744086504,0.0,0.0,-0.011480506509542465,0.0018321570241823792,0.0015675483737140894,0.029436996206641197,0.11120491474866867,0.1957939863204956,0.0003235361073166132,0.0,0.0,0.0,-0.6851600408554077,10.192325592041016,-0.0037908554077148438,9.875260353088379,0.7953858971595764,-10.0,-9.88273811340332,15.42153263092041,2.0,2.0,17.415298461914062,0.30357420444488525,0.28977540135383606,0.30357420444488525,0.29590821266174316,0.0,0.30469265580177307,0.30469265580177307,0.30469265580177307,0.30469265580177307,0.0,0.21637287735939026,0.25051745772361755,-9.778136253356934,0.0,0.0,0.0,0.0,0.0,0.0,0.0,0.0,0.0,0.0,0.0,0.0,0.0,0.0,0.0,0.30469274520874023,0.30469274520874023,0.304692804813385,0.30469274520874023,0.3463459014892578,0.04114978387951851,0.04114978387951851,0.38362210988998413,-0.08531078696250916,0.1901281625032425,-1.0566747188568115,0.0,0.0,0.0,0.0,0.0,0.0,0.0
67117451165,0,-0.03174534812569618,-0.15213194489479065,-0.13259223103523254,-0.03174534812569618,-0.15213194489479065,-0.832592248916626,0.014435636810958385,-0.019877878949046135,-0.005495902616530657,0.0,0.0,0.0,-0.014021837152540684,-0.024611618369817734,-0.01148050744086504,0.0,0.0,-0.011480506509542465,2.7025118470191956e-05,0.0025314404629170895,0.00011853672913275659,0.11155576258897781,0.1955116242170334,0.000714685011189431,0.0,0.0,0.0,-0.6802288889884949,10.191764831542969,0.02956390380859375,9.87064266204834,0.7925134301185608,-10.0,-9.882004737854004,14.554658889770508,2.0,2.0,18.278148651123047,0.30357420444488525,0.28977540135383606,0.30357420444488525,0.29590821266174316,0.0,0.30469265580177307,0.30469265580177307,0.30469265580177307,0.30469265580177307,0.0,0.14405451714992523,0.28408876061439514,-9.64593505859375,0.0,0.0,0.0,0.0,0.0,0.0,0.0,0.0,0.0,0.0,0.0,0.0,0.0,0.0,0.0,0.30469274520874023,0.30469274520874023,0.304692804813385,0.30469274520874023,0.3299171030521393,0.04114978387951851,0.04114978387951851,0.3995419144630432,-0.1215948835015297,0.13147057592868805,-1.7957979440689087,0.0,0.0,0.0,0.0,0.0,0.0,0.0
67127373809,0,-0.031025996431708336,-0.15230253338813782,-0.13256198167800903,-0.030626880005002022,-0.152366042137146,-0.8325218558311462,0.022619405761361122,-0.016694435849785805,-0.0034275699872523546,0.0,0.0,0.0,-0.014032521285116673,-0.02459431253373623,-0.012114782817661762,0.0,0.0,-0.01267758198082447,-0.0011366653488948941,0.003483264008536935,-0.022330081090331078,0.11155576258897781,0.1955116242170334,0.000714685011189431,0.0,0.0,0.0,-0.6802288889884949,10.191764831542969,0.02956390380859375,9.87064266204834,0.7925134301185608,-10.0,-9.882004737854004,14.554658889770508,2.0,2.0,18.278148651123047,0.30357420444488525,0.28977540135383606,0.30357420444488525,0.29590821266174316,0.0,0.30469265580177307,0.30469265580177307,0.30469265580177307,0.30469265580177307,0.0,0.0929754227399826,0.2489808350801468,-9.682899475097656,0.0,0.0,0.0,0.0,0.0,0.0,0.0,0.0,0.0,0.0,0.0,0.0,0.0,0.0,0.0,0.30469274520874023,0.30469274520874023,0.304692804813385,0.30469274520874023,0.3299171030521393,0.04114978387951851,0.04114978387951851,0.3995419144630432,-0.1250283271074295,0.121791310608387,-2.0917203426361084,0.0,0.0,0.0,0.0,0.0,0.0,0.0
67137532398,0,-0.030626880005002022,-0.152366042137146,-0.132521852850914,-0.030626880005002022,-0.152366042137146,-0.8325218558311462,0.026191290467977524,-0.015050777234137058,-0.00197407603263855,0.0,0.0,0.0,-0.013995214365422726,-0.02456117793917656,-0.012677581049501896,0.0,0.0,-0.01267758198082447,-0.0017576382961124182,0.004914210177958012,-0.04389582946896553,0.1112767830491066,0.1947096884250641,0.0005783100496046245,0.0,0.0,0.0,-0.6740583777427673,10.188751220703125,0.07299041748046875,9.863445281982422,0.7877848148345947,-10.0,-9.88225269317627,13.421958923339844,2.0,2.0,19.398284912109375,0.30357420444488525,0.28977540135383606,0.30357420444488525,0.29590821266174316,0.0,0.30469265580177307,0.30469265580177307,0.30469265580177307,0.30469265580177307,0.0,0.0929754227399826,0.2489808350801468,-9.682899475097656,0.0,0.0,0.0,0.0,0.0,0.0,0.0,0.0,0.0,0.0,0.0,0.0,0.0,0.0,0.0,0.30469274520874023,0.30469274520874023,0.304692804813385,0.30469274520874023,0.3082403540611267,0.04114978387951851,0.04114978387951851,0.42002418637275696,-0.09345187246799469,0.12808015942573547,-2.0528502464294434,0.0,0.0,0.0,0.0,0.0,0.0,0.0
67148310873,0,-0.030626880005002022,-0.152366042137146,-0.132521852850914,-0.030626880005002022,-0.152366042137146,-0.8325218558311462,0.026191290467977524,-0.015050777234137058,-0.00197407603263855,0.0,0.0,0.0,-0.013995214365422726,-0.02456117793917656,-0.012677581049501896,0.0,0.0,-0.01267758198082447,-0.0017576382961124182,0.004914210177958012,-0.04389582946896553,0.1113552451133728,0.19429931044578552,0.0005758695187978446,0.0,0.0,0.0,-0.6740583777427673,10.188751220703125,0.07299041748046875,9.863445281982422,0.7877848148345947,-10.0,-9.88225269317627,13.421958923339844,2.0,2.0,19.398284912109375,0.30357420444488525,0.28977540135383606,0.30357420444488525,0.29590821266174316,0.0,0.30469265580177307,0.30469265580177307,0.30469265580177307,0.30469265580177307,0.0,0.03043888323009014,0.18652072548866272,-9.749774932861328,0.0,0.0,0.0,0.0,0.0,0.0,0.0,0.0,0.0,0.0,0.0,0.0,0.0,0.0,0.0,0.30469274520874023,0.30469274520874023,0.304692804813385,0.30469274520874023,0.3082403540611267,0.04114978387951851,0.04114978387951851,0.42002418637275696,-0.09345187246799469,0.12808015942573547,-2.0528502464294434,0.0,0.0,0.0,0.0,0.0,0.0,0.0
67157692554,0,-0.02929777093231678,-0.15247707068920135,-0.1323440819978714,-0.02929777093231678,-0.15247707068920135,-0.8323440551757812,0.03310691937804222,-0.01339759025722742,-0.0005805899854749441,0.0,0.0,0.0,-0.013965092599391937,-0.024423042312264442,-0.014471269212663174,0.0,0.0,-0.014471269212663174,-0.003014778019860387,0.006032460369169712,-0.05818107724189758,0.1113552451133728,0.19429931044578552,0.0005758695187978446,0.0,0.0,0.0,-0.6679141521453857,10.187337875366211,0.08077812194824219,9.856656074523926,0.7877848148345947,-10.0,-9.88225269317627,13.22533130645752,2.0,2.0,19.589452743530273,0.30357420444488525,0.28977540135383606,0.30357420444488525,0.29590821266174316,0.0,0.30469265580177307,0.30469265580177307,0.30469265580177307,0.30469265580177307,0.0,-0.05382044240832329,0.13098150491714478,-9.826162338256836,0.0,0.0,0.0,0.0,0.0,0.0,0.0,0.0,0.0,0.0,0.0,0.0,0.0,0.0,0.0,0.30469274520874023,0.30469274520874023,0.304692804813385,0.30469274520874023,0.3082403540611267,0.04114978387951851,0.04114978387951851,0.42002418637275696,-0.07823025435209274,0.07471232116222382,-0.9821969866752625,0.0,0.0,0.0,0.0,0.0,0.0,0.0
67167614049,0,-0.02929777093231678,-0.15247707068920135,-0.1323440819978714,-0.02929777093231678,-0.15247707068920135,-0.8323440551757812,0.03310691937804222,-0.01339759025722742,-0.0005805899854749441,0.0,0.0,0.0,-0.013965092599391937,-0.024423042312264442,-0.014471269212663174,0.0,0.0,-0.014471269212663174,-0.003979502711445093,0.006593333091586828,-0.04964546859264374,0.11147961020469666,0.19353805482387543,0.00031959215993992984,0.0,0.0,0.0,-0.6641188859939575,10.186280250549316,0.06964302062988281,9.853181838989258,0.7804649472236633,-10.0,-9.884407997131348,13.52126407623291,2.0,2.0,19.29042625427246,0.30357420444488525,0.28977540135383606,0.30357420444488525,0.29590821266174316,0.0,0.30469265580177307,0.30469265580177307,0.30469265580177307,0.30469265580177307,0.0,-0.05382044240832329,0.13098150491714478,-9.826162338256836,0.0,0.0,0.0,0.0,0.0,0.0,0.0,0.0,0.0,0.0,0.0,0.0,0.0,0.0,0.0,0.30469274520874023,0.30469274520874023,0.304692804813385,0.30469274520874023,0.3101503849029541,0.04114978387951851,0.04114978387951851,0.41806086897850037,-0.08869235962629318,0.06646858155727386,-0.09433099627494812,0.0,0.0,0.0,0.0,0.0,0.0,0.0
67177411493,0,-0.028363008052110672,-0.1525055468082428,-0.13223256170749664,-0.027897343039512634,-0.15251895785331726,-0.8321964740753174,0.03387822210788727,-0.013712693937122822,-0.0031342285219579935,0.0,0.0,0.0,-0.01404503919184208,-0.024303432554006577,-0.01503648329526186,0.0,0.0,-0.014974834397435188,-0.003979502711445093,0.006593333091586828,-0.04964546859264374,0.11147961020469666,0.19353805482387543,0.00031959215993992984,0.0,0.0,0.0,-0.6641188859939575,10.186280250549316,0.06964302062988281,9.853181838989258,0.7804649472236633,-10.0,-9.884407997131348,13.52126407623291,2.0,2.0,19.29042625427246,0.30357420444488525,0.28977540135383606,0.30357420444488525,0.29590821266174316,0.0,0.30469265580177307,0.30469265580177307,0.30469265580177307,0.30469265580177307,0.0,-0.3288050889968872,0.04040505737066269,-9.888275146484375,0.0,0.0,0.0,0.0,0.0,0.0,0.0,0.0,0.0,0.0,0.0,0.0,0.0,0.0,0.0,0.30469274520874023,0.30469274520874023,0.304692804813385,0.30469274520874023,0.3101503849029541,0.04114978387951851,0.04114978387951851,0.41806086897850037,-0.08869235962629318,0.06646858155727386,-0.09433099627494812,0.0,0.0,0.0,0.0,0.0,0.0,0.0
67188212456,0,-0.027897343039512634,-0.15251895785331726,-0.13219650089740753,-0.027897343039512634,-0.15251895785331726,-0.8321964740753174,0.0335293784737587,-0.014187117107212543,-0.004193152766674757,0.0,0.0,0.0,-0.014071878045797348,-0.024252958595752716,-0.014974833466112614,0.0,0.0,-0.014974834397435188,-0.0043404484167695045,0.007049642037600279,-0.01204566191881895,0.11177077144384384,0.19260217249393463,0.00012756783689837903,0.0,0.0,0.0,-0.6592121720314026,10.185150146484375,0.033115386962890625,9.847002983093262,0.7756772637367249,-10.0,-9.88503646850586,14.483964920043945,2.0,2.0,18.325700759887695,0.30357420444488525,0.28977540135383606,0.30357420444488525,0.29590821266174316,0.0,0.30469265580177307,0.30469265580177307,0.30469265580177307,0.30469265580177307,0.0,-0.4263533651828766,0.040117423981428146,-9.744087219238281,0.0,0.0,0.0,0.0,0.0,0.0,0.0,0.0,0.0,0.0,0.0,0.0,0.0,0.0,0.0,0.30469274520874023,0.30469274520874023,0.304692804813385,0.30469274520874023,0.3285711109638214,0.04114978387951851,0.04114978387951851,0.4004156291484833,-0.03538507968187332,0.040198273956775665,1.4047812223434448,0.0,0.0,0.0,0.0,0.0,0.0,0.0
67197831160,0,-0.02746255323290825,-0.15253247320652008,-0.1321624219417572,-0.02746255323290825,-0.15253247320652008,-0.8321623802185059,0.03237619623541832,-0.014508798718452454,-0.004224419593811035,0.0,0.0,0.0,-0.01408607792109251,-0.024175718426704407,-0.014780550263822079,0.0,0.0,-0.014780550263822079,-0.0035202750004827976,0.007367552258074284,0.009744549170136452,0.11182399839162827,0.1919674128293991,-4.893764707958326e-05,0.0,0.0,0.0,-0.658298134803772,10.18421459197998,0.014780998229980469,9.844261169433594,0.7756772637367249,-10.0,-9.88503646850586,14.964153289794922,2.0,2.0,17.843435287475586,0.30357420444488525,0.28977540135383606,0.30357420444488525,0.29590821266174316,0.0,0.30469265580177307,0.30469265580177307,0.30469265580177307,0.30469265580177307,0.0,-0.4263533651828766,0.040117423981428146,-9.744087219238281,0.0,0.0,0.0,0.0,0.0,0.0,0.0,0.0,0.0,0.0,0.0,0.0,0.0,0.0,0.0,0.30469274520874023,0.30469274520874023,0.304692804813385,0.30469274520874023,0.3285711109638214,0.04114978387951851,0.04114978387951851,0.4004156291484833,0.01750326342880726,0.038516849279403687,1.842455506324768,0.0,0.0,0.0,0.0,0.0,0.0,0.0
67208727372,0,-0.02746255323290825,-0.15253247320652008,-0.1321624219417572,-0.026665454730391502,-0.15257105231285095,-0.8320808410644531,0.03237619623541832,-0.014508798718452454,-0.004224419593811035,0.0,0.0,0.0,-0.01408607792109251,-0.024175718426704407,-0.014780550263822079,0.0,0.0,-0.013929292559623718,-0.0035202750004827976,0.007367552258074284,0.009744549170136452,0.11182399839162827,0.1919674128293991,-4.893764707958326e-05,0.0,0.0,0.0,-0.658298134803772,10.18421459197998,0.014780998229980469,9.844261169433594,0.7734673619270325,-10.0,-9.884811401367188,14.964153289794922,2.0,2.0,17.843435287475586,0.30357420444488525,0.28977540135383606,0.30357420444488525,0.29590821266174316,0.0,0.30469265580177307,0.30469265580177307,0.30469265580177307,0.30469265580177307,0.0,-0.5004664659500122,0.016765804961323738,-9.676514625549316,0.0,0.0,0.0,0.0,0.0,0.0,0.0,0.0,0.0,0.0,0.0,0.0,0.0,0.0,0.0,0.30469274520874023,0.30469274520874023,0.304692804813385,0.30469274520874023,0.3389632999897003,0.04114978387951851,0.04114978387951851,0.39031070470809937,0.01750326342880726,0.038516849279403687,1.842455506324768,0.0,0.0,0.0,0.0,0.0,0.0,0.0
67217819795,0,-0.026665454730391502,-0.15257105231285095,-0.1320808380842209,-0.026665454730391502,-0.15257105231285095,-0.8320808410644531,0.02823469042778015,-0.015607833862304688,-0.0023300573229789734,0.0,0.0,0.0,-0.014076247811317444,-0.024085113778710365,-0.013929292559623718,0.0,0.0,-0.013929292559623718,-0.0008349854033440351,0.005213077645748854,0.04896607995033264,0.1116797998547554,0.19112060964107513,-0.00041646440513432026,0.0,0.0,0.0,-0.6565253734588623,10.186748504638672,-0.009478569030761719,9.838064193725586,0.7734673619270325,-10.0,-9.884811401367188,15.606478691101074,2.0,2.0,17.210451126098633,0.30204102396965027,0.28977540135383606,0.30357420444488525,0.29590821266174316,0.0,0.30469265580177307,0.30469265580177307,0.30469265580177307,0.30469265580177307,0.0,-0.5004664659500122,0.016765804961323738,-9.676514625549316,0.0,0.0,0.0,0.0,0.0,0.0,0.0,0.0,0.0,0.0,0.0,0.0,0.0,0.0,0.0,0.30469274520874023,0.30469274520874023,0.304692804813385,0.30469274520874023,0.3389632999897003,0.04114978387951851,0.04114978387951851,0.39031070470809937,0.09525679796934128,-0.06242873892188072,1.7640560865402222,0.0,0.0,0.0,0.0,0.0,0.0,0.0
67227941157,0,-0.026665454730391502,-0.15257105231285095,-0.1320808380842209,-0.025979911908507347,-0.15263251960277557,-0.8319640159606934,0.02823469042778015,-0.015607833862304688,-0.0023300573229789734,0.0,0.0,0.0,-0.014076247811317444,-0.024085113778710365,-0.013929292559623718,0.0,0.0,-0.012990672141313553,-0.0008349854033440351,0.005213077645748854,0.04896607995033264,0.1116797998547554,0.19112060964107513,-0.00041646440513432026,0.0,0.0,0.0,-0.6565253734588623,10.186748504638672,-0.009478569030761719,9.838064193725586,0.7683637142181396,-10.0,-9.883047103881836,15.606478691101074,2.0,2.0,17.210451126098633,0.30357420444488525,0.28977540135383606,0.30357420444488525,0.29590821266174316,0.0,0.30469265580177307,0.30469265580177307,0.30469265580177307,0.30469265580177307,0.0,-0.5027400851249695,0.008456499315798283,-9.77937126159668,0.0,0.0,0.0,0.0,0.0,0.0,0.0,0.0,0.0,0.0,0.0,0.0,0.0,0.0,0.0,0.30469274520874023,0.30469274520874023,0.304692804813385,0.30469274520874023,0.34983310103416443,0.04114978387951851,0.04114978387951851,0.37982410192489624,0.09525679796934128,-0.06242873892188072,1.7640560865402222,0.0,0.0,0.0,0.0,0.0,0.0,0.0
67237239791,0,-0.025979911908507347,-0.15263251960277557,-0.1319640427827835,-0.025979911908507347,-0.15263251960277557,-0.8319640159606934,0.023087700828909874,-0.017399653792381287,-0.00027523442986421287,0.0,0.0,0.0,-0.014084589667618275,-0.02401222474873066,-0.012990672141313553,0.0,0.0,-0.012990672141313553,-0.0002497277164366096,0.0011021168902516365,0.053129035979509354,0.11187729984521866,0.19086460769176483,8.579407585784793e-05,0.0,0.0,0.0,-0.6515958905220032,10.191377639770508,0.00397491455078125,9.83199405670166,0.7633119225502014,-10.0,-9.880462646484375,15.269253730773926,2.0,2.0,17.561433792114258,0.30357420444488525,0.28977540135383606,0.30357420444488525,0.29590821266174316,0.0,0.30469265580177307,0.30469265580177307,0.30469265580177307,0.30469265580177307,0.0,-0.5027400851249695,0.008456499315798283,-9.77937126159668,0.0,0.0,0.0,0.0,0.0,0.0,0.0,0.0,0.0,0.0,0.0,0.0,0.0,0.0,0.0,0.30469274520874023,0.30469274520874023,0.304692804813385,0.30469274520874023,0.3434697687625885,0.04114978387951851,0.04114978387951851,0.38632717728614807,0.04110127314925194,-0.16150446236133575,0.4711562395095825,0.0,0.0,0.0,0.0,0.0,0.0,0.0
67247593377,0,-0.025442322716116905,-0.1527024507522583,-0.13184019923210144,-0.025442322716116905,-0.1527024507522583,-0.8318401575088501,0.01824241690337658,-0.018725158646702766,-0.0008432634640485048,0.0,0.0,0.0,-0.014060229994356632,-0.024027144536376,-0.012542321346700191,0.0,0.0,-0.012542321346700191,6.748153828084469e-05,-0.001221385900862515,0.041912954300642014,0.11157668381929398,0.19143161177635193,0.00019383130711503327,0.0,0.0,0.0,-0.6499999165534973,10.194687843322754,0.021535873413085938,9.829450607299805,0.7633119225502014,-10.0,-9.880462646484375,14.817083358764648,2.0,2.0,18.023160934448242,0.30357420444488525,0.28977540135383606,0.30357420444488525,0.29590821266174316,0.0,0.30469265580177307,0.30469265580177307,0.30469265580177307,0.30469265580177307,0.0,-0.4807763695716858,0.020304791629314423,-9.850336074829102,0.0,0.0,0.0,0.0,0.0,0.0,0.0,0.0,0.0,0.0,0.0,0.0,0.0,0.0,0.0,0.30469274520874023,0.30469274520874023,0.304692804813385,0.30469274520874023,0.3434697687625885,0.04114978387951851,0.04114978387951851,0.38632717728614807,0.03540729731321335,-0.20347514748573303,-0.27878978848457336,0.0,0.0,0.0,0.0,0.0,0.0,0.0
67257860522,0,-0.024990549311041832,-0.1527806669473648,-0.13174767792224884,-0.024990549311041832,-0.1527806669473648,-0.8317476511001587,0.015407468192279339,-0.019367286935448647,-0.003079062094911933,0.0,0.0,0.0,-0.013976694084703922,-0.02416337840259075,-0.01279077585786581,0.0,0.0,-0.01279077585786581,6.748153828084469e-05,-0.001221385900862515,0.041912954300642014,0.11157668381929398,0.19143161177635193,0.00019383130711503327,0.0,0.0,0.0,-0.6499999165534973,10.194687843322754,0.021535873413085938,9.829450607299805,0.7611550688743591,-10.0,-9.879487991333008,14.817083358764648,2.0,2.0,18.023160934448242,0.30357420444488525,0.28977540135383606,0.30357420444488525,0.29590821266174316,0.0,0.30469265580177307,0.30469265580177307,0.30469265580177307,0.30469265580177307,0.0,-0.4807763695716858,0.020304791629314423,-9.850336074829102,0.0,0.0,0.0,0.0,0.0,0.0,0.0,0.0,0.0,0.0,0.0,0.0,0.0,0.0,0.0,0.30469274520874023,0.30469274520874023,0.304692804813385,0.30469274520874023,0.3349049389362335,0.04114978387951851,0.04114978387951851,0.3948504626750946,0.03540729731321335,-0.20347514748573303,-0.27878978848457336,0.0,0.0,0.0,0.0,0.0,0.0,0.0
67267599573,0,-0.024990549311041832,-0.1527806669473648,-0.13174767792224884,-0.024990549311041832,-0.1527806669473648,-0.8317476511001587,0.015407468192279339,-0.019367286935448647,-0.003079062094911933,0.0,0.0,0.0,-0.013976694084703922,-0.02416337840259075,-0.01279077585786581,0.0,0.0,-0.01279077585786581,0.0020130632910877466,-0.005801748018711805,-0.0002649017551448196,0.11157668381929398,0.19143161177635193,0.00019383130711503327,0.0,0.0,0.0,-0.6481184363365173,10.200159072875977,0.07091236114501953,9.823742866516113,0.7561547756195068,-10.0,-9.878276824951172,13.53544807434082,2.0,2.0,19.319536209106445,0.30357420444488525,0.28977540135383606,0.30357420444488525,0.29590821266174316,0.0,0.30469265580177307,0.30469265580177307,0.30469265580177307,0.30469265580177307,0.0,-0.3641325533390045,0.04336930438876152,-9.936846733093262,0.0,0.0,0.0,0.0,0.0,0.0,0.0,0.0,0.0,0.0,0.0,0.0,0.0,0.0,0.0,0.30469274520874023,0.30469274520874023,0.304692804813385,0.30469274520874023,0.3104231655597687,0.04114978387951851,0.04114978387951851,0.4185909032821655,0.08040551841259003,-0.20026320219039917,-1.5866681337356567,0.0,0.0,0.0,0.0,0.0,0.0,0.0
67281297567,0,-0.024990549311041832,-0.1527806669473648,-0.13174767792224884,-0.024990549311041832,-0.1527806669473648,-0.8317476511001587,0.015407468192279339,-0.019367286935448647,-0.003079062094911933,0.0,0.0,0.0,-0.013976694084703922,-0.02416337840259075,-0.01279077585786581,0.0,0.0,-0.01279077585786581,0.00268810847774148,-0.005526402499526739,-0.02005687914788723,0.11046454310417175,0.1924688071012497,0.0004968150169588625,0.0,0.0,0.0,-0.6470365524291992,10.198962211608887,0.09077262878417969,9.821413040161133,0.7540326118469238,-10.0,-9.878310203552246,13.014992713928223,2.0,2.0,19.83496856689453,0.30357420444488525,0.28977540135383606,0.30357420444488525,0.29590821266174316,0.0,0.30469265580177307,0.30469265580177307,0.30469265580177307,0.30469265580177307,0.0,-0.18896836042404175,0.0822737067937851,-9.767351150512695,0.0,0.0,0.0,0.0,0.0,0.0,0.0,0.0,0.0,0.0,0.0,0.0,0.0,0.0,0.0,0.30469274520874023,0.30469274520874023,0.304692804813385,0.30469274520874023,0.30039262771606445,0.04114978387951851,0.04114978387951851,0.42795389890670776,0.07803928852081299,-0.09670897573232651,-1.845975399017334,0.0,0.0,0.0,0.0,0.0,0.0,0.0
67288180997,0,-0.024598220363259315,-0.15286464989185333,-0.13169008493423462,-0.024412889033555984,-0.1529068499803543,-0.8316618204116821,0.014950173906981945,-0.019419478252530098,-0.0034445321653038263,0.0,0.0,0.0,-0.013873996213078499,-0.024201776832342148,-0.013691496104001999,0.0,0.0,-0.014222504571080208,0.00268810847774148,-0.005526402499526739,-0.02005687914788723,0.11046454310417175,0.1924688071012497,0.0004968150169588625,0.0,0.0,0.0,-0.6470365524291992,10.198962211608887,0.09077262878417969,9.821413040161133,0.7540326118469238,-10.0,-9.878310203552246,13.014992713928223,2.0,2.0,19.83496856689453,0.30357420444488525,0.28977540135383606,0.30357420444488525,0.29590821266174316,0.0,0.30469265580177307,0.30469265580177307,0.30469265580177307,0.30469265580177307,0.0,-0.0983920767903328,0.1179649606347084,-9.67823600769043,0.0,0.0,0.0,0.0,0.0,0.0,0.0,0.0,0.0,0.0,0.0,0.0,0.0,0.0,0.0,0.30469274520874023,0.30469274520874023,0.304692804813385,0.30469274520874023,0.30039262771606445,0.04114978387951851,0.04114978387951851,0.42795389890670776,0.07803928852081299,-0.09670897573232651,-1.845975399017334,0.0,0.0,0.0,0.0,0.0,0.0,0.0
67298159981,0,-0.024412889033555984,-0.1529068499803543,-0.1316618174314499,-0.024412889033555984,-0.1529068499803543,-0.8316618204116821,0.015648135915398598,-0.019453248009085655,-0.002600385807454586,0.0,0.0,0.0,-0.013841615989804268,-0.024236738681793213,-0.014222504571080208,0.0,0.0,-0.014222504571080208,0.0021459502167999744,-0.004191899672150612,-0.04953807592391968,0.11046454310417175,0.1924688071012497,0.0004968150169588625,0.0,0.0,0.0,-0.6470365524291992,10.198962211608887,0.09077262878417969,9.821413040161133,0.7540326118469238,-10.0,-9.878310203552246,13.014992713928223,2.0,2.0,19.83496856689453,0.30357420444488525,0.28977540135383606,0.30357420444488525,0.29590821266174316,0.0,0.30469265580177307,0.30469265580177307,0.30469265580177307,0.30469265580177307,0.0,-0.0983920767903328,0.1179649606347084,-9.67823600769043,0.0,0.0,0.0,0.0,0.0,0.0,0.0,0.0,0.0,0.0,0.0,0.0,0.0,0.0,0.0,0.30469274520874023,0.30469274520874023,0.304692804813385,0.30469274520874023,0.30039262771606445,0.04114978387951851,0.04114978387951851,0.42795389890670776,0.0054112933576107025,0.008007257245481014,-1.3993487358093262,0.0,0.0,0.0,0.0,0.0,0.0,0.0
67309279647,0,-0.024412889033555984,-0.1529068499803543,-0.1316618174314499,-0.024029439315199852,-0.15298698842525482,-0.8315829038619995,0.015648135915398598,-0.019453248009085655,-0.002600385807454586,0.0,0.0,0.0,-0.013841615989804268,-0.024236738681793213,-0.014222504571080208,0.0,0.0,-0.015115950256586075,0.0021459502167999744,-0.004191899672150612,-0.04953807592391968,0.10976196825504303,0.19311721622943878,0.0007743187015876174,0.0,0.0,0.0,-0.6412500143051147,10.196759223937988,0.11473846435546875,9.816262245178223,0.7490890622138977,-10.0,-9.879463195800781,12.392755508422852,2.0,2.0,20.448347091674805,0.30357420444488525,0.28977540135383606,0.30357420444488525,0.29590821266174316,0.0,0.30469265580177307,0.30469265580177307,0.30469265580177307,0.30469265580177307,0.0,0.02335408702492714,0.12771925330162048,-9.728747367858887,0.0,0.0,0.0,0.0,0.0,0.0,0.0,0.0,0.0,0.0,0.0,0.0,0.0,0.0,0.0,0.30469274520874023,0.30469274520874023,0.304692804813385,0.30469274520874023,0.28833168745040894,0.04114978387951851,0.04114978387951851,0.4390409290790558,0.0054112933576107025,0.008007257245481014,-1.3993487358093262,0.0,0.0,0.0,0.0,0.0,0.0,0.0
67317616206,0,-0.024029439315199852,-0.15298698842525482,-0.13158291578292847,-0.024029439315199852,-0.15298698842525482,-0.8315829038619995,0.01829214207828045,-0.019230473786592484,-0.0004189994069747627,0.0,0.0,0.0,-0.01377782505005598,-0.02431063912808895,-0.015115948393940926,0.0,0.0,-0.015115950256586075,0.0010688276961445808,-0.004433682654052973,-0.04345759376883507,0.10924088954925537,0.19362518191337585,0.0002547506883274764,0.0,0.0,0.0,-0.6357777118682861,10.198023796081543,0.10275554656982422,9.811901092529297,0.7444771528244019,-10.0,-9.880959510803223,12.717263221740723,2.0,2.0,20.128129959106445,0.30357420444488525,0.28977540135383606,0.30357420444488525,0.29590821266174316,0.0,0.30469265580177307,0.30469265580177307,0.30469265580177307,0.30469265580177307,0.0,0.02335408702492714,0.12771925330162048,-9.728747367858887,0.0,0.0,0.0,0.0,0.0,0.0,0.0,0.0,0.0,0.0,0.0,0.0,0.0,0.0,0.0,0.30469274520874023,0.30469274520874023,0.304692804813385,0.30469274520874023,0.29463130235671997,0.04114978387951851,0.04114978387951851,0.4332602918148041,-0.03447216376662254,-0.008019499480724335,-0.07353194057941437,0.0,0.0,0.0,0.0,0.0,0.0,0.0
67327968605,0,-0.024029439315199852,-0.15298698842525482,-0.13158291578292847,-0.024029439315199852,-0.15298698842525482,-0.8315829038619995,0.01829214207828045,-0.019230473786592484,-0.0004189994069747627,0.0,0.0,0.0,-0.01377782505005598,-0.02431063912808895,-0.015115948393940926,0.0,0.0,-0.015115950256586075,0.0006331286276690662,-0.003617430105805397,-0.02820729836821556,0.10901784151792526,0.19365453720092773,0.0001611054758541286,0.0,0.0,0.0,-0.6332569718360901,10.196954727172852,0.0863189697265625,9.80969524383545,0.74200439453125,-10.0,-9.881503105163574,13.150045394897461,2.0,2.0,19.692607879638672,0.30357420444488525,0.28977540135383606,0.30357420444488525,0.29590821266174316,0.0,0.30469265580177307,0.30469265580177307,0.30469265580177307,0.30469265580177307,0.0,0.07860637456178665,0.16027812659740448,-9.803281784057617,0.0,0.0,0.0,0.0,0.0,0.0,0.0,0.0,0.0,0.0,0.0,0.0,0.0,0.0,0.0,0.30469274520874023,0.30469274520874023,0.304692804813385,0.30469274520874023,0.30300062894821167,0.04114978387951851,0.04114978387951851,0.4253721237182617,-0.03627206012606621,0.03175172582268715,0.6764898300170898,0.0,0.0,0.0,0.0,0.0,0.0,0.0
67337472325,0,-0.023044442757964134,-0.1530999094247818,-0.1313992738723755,-0.023044442757964134,-0.1530999094247818,-0.8313992619514465,0.029559725895524025,-0.016679592430591583,-0.001705793896690011,0.0,0.0,0.0,-0.013713894411921501,-0.024355430155992508,-0.015071332454681396,0.0,0.0,-0.015071333386003971,0.0006331286276690662,-0.003617430105805397,-0.02820729836821556,0.10901784151792526,0.19365453720092773,0.0001611054758541286,0.0,0.0,0.0,-0.6332569718360901,10.196954727172852,0.0863189697265625,9.80969524383545,0.74200439453125,-10.0,-9.881503105163574,13.150045394897461,2.0,2.0,19.692607879638672,0.30357420444488525,0.28977540135383606,0.30357420444488525,0.29590821266174316,0.0,0.30469265580177307,0.30469265580177307,0.30469265580177307,0.30469265580177307,0.0,0.11256524175405502,0.17134150862693787,-9.878708839416504,0.0,0.0,0.0,0.0,0.0,0.0,0.0,0.0,0.0,0.0,0.0,0.0,0.0,0.0,0.0,0.30469274520874023,0.30469274520874023,0.304692804813385,0.30469274520874023,0.30300062894821167,0.04114978387951851,0.04114978387951851,0.4253721237182617,-0.03627206012606621,0.03175172582268715,0.6764898300170898,0.0,0.0,0.0,0.0,0.0,0.0,0.0
67348211827,0,-0.023044442757964134,-0.1530999094247818,-0.1313992738723755,-0.023044442757964134,-0.1530999094247818,-0.8313992619514465,0.029559725895524025,-0.016679592430591583,-0.001705793896690011,0.0,0.0,0.0,-0.013713894411921501,-0.024355430155992508,-0.015071332454681396,0.0,0.0,-0.015071333386003971,-0.0005548496264964342,-0.002471701707690954,0.009042576886713505,0.10893693566322327,0.1936340183019638,6.167750598251587e-06,0.0,0.0,0.0,-0.6274555921554565,10.195554733276367,0.05146217346191406,9.806968688964844,0.737354576587677,-10.0,-9.881528854370117,14.069950103759766,2.0,2.0,18.7696475982666,0.30357420444488525,0.28977540135383606,0.30357420444488525,0.29590821266174316,0.0,0.30469265580177307,0.30469265580177307,0.30469265580177307,0.30469265580177307,0.0,0.1343102753162384,0.17623800039291382,-9.936075210571289,0.0,0.0,0.0,0.0,0.0,0.0,0.0,0.0,0.0,0.0,0.0,0.0,0.0,0.0,0.0,0.30469274520874023,0.30469274520874023,0.304692804813385,0.30469274520874023,0.32067054510116577,0.04114978387951851,0.04114978387951851,0.4085546135902405,-0.04071724787354469,0.05506270378828049,1.6320213079452515,0.0,0.0,0.0,0.0,0.0,0.0,0.0
67358732178,0,-0.023044442757964134,-0.1530999094247818,-0.1313992738723755,-0.023044442757964134,-0.1530999094247818,-0.8313992619514465,0.029559725895524025,-0.016679592430591583,-0.001705793896690011,0.0,0.0,0.0,-0.013713894411921501,-0.024355430155992508,-0.015071332454681396,0.0,0.0,-0.015071333386003971,-0.00011974829249083996,-0.00031699766987003386,0.02909640222787857,0.1088174432516098,0.1932629644870758,-6.704366387566552e-05,0.0,0.0,0.0,-0.6259453296661377,10.192276000976562,0.03663921356201172,9.804910659790039,0.7348722815513611,-10.0,-9.881001472473145,14.455324172973633,2.0,2.0,18.374420166015625,0.30357420444488525,0.28977540135383606,0.30357420444488525,0.29590821266174316,0.0,0.30469265580177307,0.30469265580177307,0.30469265580177307,0.30469265580177307,0.0,0.10815396904945374,0.19482927024364471,-9.797799110412598,0.0,0.0,0.0,0.0,0.0,0.0,0.0,0.0,0.0,0.0,0.0,0.0,0.0,0.0,0.0,0.30469274520874023,0.30469274520874023,0.304692804813385,0.30469274520874023,0.32802554965019226,0.04114978387951851,0.04114978387951851,0.40131044387817383,0.001021785894408822,0.13034947216510773,1.7579401731491089,0.0,0.0,0.0,0.0,0.0,0.0,0.0
67369165674,0,-0.02240844815969467,-0.1531456857919693,-0.13134384155273438,-0.02240844815969467,-0.1531456857919693,-0.8313438296318054,0.035491786897182465,-0.015180160291492939,-0.00247965264134109,0.0,0.0,0.0,-0.013663229532539845,-0.024273313581943512,-0.014244339428842068,0.0,0.0,-0.014244338497519493,-0.00011974829249083996,-0.00031699766987003386,0.02909640222787857,0.1088174432516098,0.1932629644870758,-6.704366387566552e-05,0.0,0.0,0.0,-0.6259453296661377,10.192276000976562,0.03663921356201172,9.804910659790039,0.7348722815513611,-10.0,-9.881001472473145,14.455324172973633,2.0,2.0,18.374420166015625,0.30357420444488525,0.28977540135383606,0.30357420444488525,0.29590821266174316,0.0,0.30469265580177307,0.30469265580177307,0.30469265580177307,0.30469265580177307,0.0,0.10815396904945374,0.19482927024364471,-9.797799110412598,0.0,0.0,0.0,0.0,0.0,0.0,0.0,0.0,0.0,0.0,0.0,0.0,0.0,0.0,0.0,0.30469274520874023,0.30469274520874023,0.304692804813385,0.30469274520874023,0.32802554965019226,0.04114978387951851,0.04114978387951851,0.40131044387817383,0.001021785894408822,0.13034947216510773,1.7579401731491089,0.0,0.0,0.0,0.0,0.0,0.0,0.0
67377970060,0,-0.02240844815969467,-0.1531456857919693,-0.13134384155273438,-0.02240844815969467,-0.1531456857919693,-0.8313438296318054,0.035491786897182465,-0.015180160291492939,-0.00247965264134109,0.0,0.0,0.0,-0.013663229532539845,-0.024273313581943512,-0.014244339428842068,0.0,0.0,-0.014244338497519493,0.00010011039557866752,0.002300774911418557,0.047705475240945816,0.10881481319665909,0.1924886256456375,-3.817539618466981e-05,0.0,0.0,0.0,-0.6220019459724426,10.188822746276855,0.030272483825683594,9.801506996154785,0.7306122779846191,-10.0,-9.879414558410645,14.622729301452637,2.0,2.0,18.19594383239746,0.30357420444488525,0.28977540135383606,0.30357420444488525,0.29590821266174316,0.0,0.30469265580177307,0.30469265580177307,0.30469265580177307,0.30469265580177307,0.0,-0.0004965111147612333,0.1515725553035736,-9.684638977050781,0.0,0.0,0.0,0.0,0.0,0.0,0.0,0.0,0.0,0.0,0.0,0.0,0.0,0.0,0.0,0.30469274520874023,0.30469274520874023,0.304692804813385,0.30469274520874023,0.33121222257614136,0.04114978387951851,0.04114978387951851,0.39803069829940796,0.010437908582389355,0.13646823167800903,1.182733416557312,0.0,0.0,0.0,0.0,0.0,0.0,0.0
67387879574,0,-0.021667946130037308,-0.15318894386291504,-0.13127602636814117,-0.021667946130037308,-0.15318894386291504,-0.831275999546051,0.04039314016699791,-0.014394553378224373,-0.0008333614096045494,0.0,0.0,0.0,-0.013658449985086918,-0.02419964224100113,-0.013435879722237587,0.0,0.0,-0.013435879722237587,0.00010011039557866752,0.002300774911418557,0.047705475240945816,0.10881481319665909,0.1924886256456375,-3.817539618466981e-05,0.0,0.0,0.0,-0.6220019459724426,10.188822746276855,0.030272483825683594,9.801506996154785,0.7306122779846191,-10.0,-9.879414558410645,14.622729301452637,2.0,2.0,18.19594383239746,0.30357420444488525,0.28977540135383606,0.30357420444488525,0.29590821266174316,0.0,0.30469265580177307,0.30469265580177307,0.30469265580177307,0.30469265580177307,0.0,-0.05275292694568634,0.14833255112171173,-9.712841033935547,0.0,0.0,0.0,0.0,0.0,0.0,0.0,0.0,0.0,0.0,0.0,0.0,0.0,0.0,0.0,0.30469274520874023,0.30469274520874023,0.304692804813385,0.30469274520874023,0.33121222257614136,0.04114978387951851,0.04114978387951851,0.39803069829940796,0.010437908582389355,0.13646823167800903,1.182733416557312,0.0,0.0,0.0,0.0,0.0,0.0,0.0
67397998206,0,-0.021281693130731583,-0.15320047736167908,-0.1312253773212433,-0.021281693130731583,-0.15320047736167908,-0.8312253952026367,0.04224836826324463,-0.013918555341660976,0.00026637440896593034,0.0,0.0,0.0,-0.013691449537873268,-0.024095870554447174,-0.013171982020139694,0.0,0.0,-0.01317198108881712,-0.0014217398129403591,0.004163566045463085,0.03642086312174797,0.10903412848711014,0.1913306713104248,9.80361583060585e-05,0.0,0.0,0.0,-0.6148876547813416,10.186588287353516,0.05452728271484375,9.797698020935059,0.7256371378898621,-10.0,-9.877436637878418,13.994956970214844,2.0,2.0,18.814634323120117,0.30357420444488525,0.28977540135383606,0.30357420444488525,0.29590821266174316,0.0,0.30469265580177307,0.30469265580177307,0.30469265580177307,0.30469265580177307,0.0,-0.05275292694568634,0.14833255112171173,-9.712841033935547,0.0,0.0,0.0,0.0,0.0,0.0,0.0,0.0,0.0,0.0,0.0,0.0,0.0,0.0,0.0,0.30469274520874023,0.30469274520874023,0.304692804813385,0.30469274520874023,0.3192361295223236,0.04114978387951851,0.04114978387951851,0.40937766432762146,-0.056768909096717834,0.08965645730495453,-0.20200702548027039,0.0,0.0,0.0,0.0,0.0,0.0,0.0
67407701373,0,-0.021281693130731583,-0.15320047736167908,-0.1312253773212433,-0.021281693130731583,-0.15320047736167908,-0.8312253952026367,0.04224836826324463,-0.013918555341660976,0.00026637440896593034,0.0,0.0,0.0,-0.013691449537873268,-0.024095870554447174,-0.013171982020139694,0.0,0.0,-0.01317198108881712,-0.002964136889204383,0.0039328839629888535,0.01986582763493061,0.10933105647563934,0.1910356730222702,0.00028890857356600463,0.0,0.0,0.0,-0.6097347736358643,10.186652183532715,0.07493209838867188,9.795866012573242,0.7231152653694153,-10.0,-9.876788139343262,13.46865177154541,2.0,2.0,19.339616775512695,0.30357420444488525,0.28977540135383606,0.30357420444488525,0.29590821266174316,0.0,0.30469265580177307,0.30469265580177307,0.30469265580177307,0.30469265580177307,0.0,-0.17214658856391907,0.12412509322166443,-9.8388671875,0.0,0.0,0.0,0.0,0.0,0.0,0.0,0.0,0.0,0.0,0.0,0.0,0.0,0.0,0.0,0.30469274520874023,0.30469274520874023,0.304692804813385,0.30469274520874023,0.3091387152671814,0.04114978387951851,0.04114978387951851,0.41895654797554016,-0.0978599488735199,0.029154980555176735,-0.8709574937820435,0.0,0.0,0.0,0.0,0.0,0.0,0.0
67417641369,0,-0.020496340468525887,-0.15320689976215363,-0.1310988962650299,-0.020496340468525887,-0.15320689976215363,-0.8310989141464233,0.04426281154155731,-0.012984197586774826,0.0013332959497347474,0.0,0.0,0.0,-0.013767758384346962,-0.02401028387248516,-0.013144771568477154,0.0,0.0,-0.013144772499799728,-0.003510256065055728,0.0033594060223549604,-0.00034084441722370684,0.10933105647563934,0.1910356730222702,0.00028890857356600463,0.0,0.0,0.0,-0.6068910956382751,10.187396049499512,0.096771240234375,9.79410171508789,0.7231152653694153,-10.0,-9.876788139343262,12.902247428894043,2.0,2.0,19.90699005126953,0.30357420444488525,0.28977540135383606,0.30357420444488525,0.29590821266174316,0.0,0.30469265580177307,0.30469265580177307,0.30469265580177307,0.30469265580177307,0.0,-0.17214658856391907,0.12412509322166443,-9.8388671875,0.0,0.0,0.0,0.0,0.0,0.0,0.0,0.0,0.0,0.0,0.0,0.0,0.0,0.0,0.0,0.30469274520874023,0.30469274520874023,0.304692804813385,0.30469274520874023,0.3091387152671814,0.04114978387951851,0.04114978387951851,0.41895654797554016,-0.0708765760064125,-0.01199233066290617,-1.3824173212051392,0.0,0.0,0.0,0.0,0.0,0.0,0.0
67431080466,0,-0.019725020974874496,-0.1531541794538498,-0.1309726983308792,-0.019725020974874496,-0.1531541794538498,-0.8309726715087891,0.044075362384319305,-0.0126357926055789,0.00021003029542043805,0.0,0.0,0.0,-0.013752110302448273,-0.02396569401025772,-0.013723534531891346,0.0,0.0,-0.013723534531891346,-0.003803070168942213,0.003116979729384184,-0.016934704035520554,0.10961546748876572,0.19027398526668549,0.0004098194476682693,0.0,0.0,0.0,-0.604468822479248,10.187331199645996,0.1127328872680664,9.792644500732422,0.7184324860572815,-10.0,-9.876592636108398,12.487836837768555,2.0,2.0,20.320125579833984,0.30357420444488525,0.28977540135383606,0.30357420444488525,0.29590821266174316,0.0,0.30469265580177307,0.30469265580177307,0.30469265580177307,0.30469265580177307,0.0,-0.24070753157138824,0.11169712990522385,-9.890466690063477,0.0,0.0,0.0,0.0,0.0,0.0,0.0,0.0,0.0,0.0,0.0,0.0,0.0,0.0,0.0,0.30469274520874023,0.30469274520874023,0.304692804813385,0.30469274520874023,0.2901797294616699,0.04114978387951851,0.04114978387951851,0.43672797083854675,-0.05451236292719841,-0.017426736652851105,-1.5776594877243042,0.0,0.0,0.0,0.0,0.0,0.0,0.0
67439558514,0,-0.019725020974874496,-0.1531541794538498,-0.1309726983308792,-0.019000282511115074,-0.15305669605731964,-0.8308696150779724,0.044075362384319305,-0.0126357926055789,0.00021003029542043805,0.0,0.0,0.0,-0.013752110302448273,-0.02396569401025772,-0.013723534531891346,0.0,0.0,-0.01456073671579361,-0.003803070168942213,0.003116979729384184,-0.016934704035520554,0.10961546748876572,0.19027398526668549,0.0004098194476682693,0.0,0.0,0.0,-0.604468822479248,10.187331199645996,0.1127328872680664,9.792644500732422,0.7184324860572815,-10.0,-9.876592636108398,12.487836837768555,2.0,2.0,20.320125579833984,0.30357420444488525,0.28977540135383606,0.30357420444488525,0.29590821266174316,0.0,0.30469265580177307,0.30469265580177307,0.30469265580177307,0.30469265580177307,0.0,-0.24070753157138824,0.11169712990522385,-9.890466690063477,0.0,0.0,0.0,0.0,0.0,0.0,0.0,0.0,0.0,0.0,0.0,0.0,0.0,0.0,0.0,0.30469274520874023,0.30469274520874023,0.304692804813385,0.30469274520874023,0.2901797294616699,0.04114978387951851,0.04114978387951851,0.43672797083854675,-0.05451236292719841,-0.017426736652851105,-1.5776594877243042,0.0,0.0,0.0,0.0,0.0,0.0,0.0
67452818850,0,-0.019000282511115074,-0.15305669605731964,-0.13086962699890137,-0.019000282511115074,-0.15305669605731964,-0.8308696150779724,0.0418514683842659,-0.013595684431493282,-0.000980691984295845,0.0,0.0,0.0,-0.013756194151937962,-0.023890797048807144,-0.01456073671579361,0.0,0.0,-0.01456073671579361,-0.0025670137256383896,0.003393546910956502,-0.042268816381692886,0.10961546748876572,0.19027398526668549,0.0004098194476682693,0.0,0.0,0.0,-0.6017175316810608,10.186234474182129,0.13234519958496094,9.789484024047852,0.7133830189704895,-10.0,-9.877674102783203,11.976655960083008,2.0,2.0,20.82648468017578,0.30357420444488525,0.28977540135383606,0.30357420444488525,0.29590821266174316,0.0,0.30469265580177307,0.30469265580177307,0.30469265580177307,0.30469265580177307,0.0,-0.336398720741272,0.041668884456157684,-9.868371963500977,0.0,0.0,0.0,0.0,0.0,0.0,0.0,0.0,0.0,0.0,0.0,0.0,0.0,0.0,0.0,0.30469274520874023,0.30469274520874023,0.304692804813385,0.30469274520874023,0.2802240550518036,0.04114978387951851,0.04114978387951851,0.44584617018699646,0.037228912115097046,0.010672016069293022,-1.213281273841858,0.0,0.0,0.0,0.0,0.0,0.0,0.0
67457901300,0,-0.019000282511115074,-0.15305669605731964,-0.13086962699890137,-0.019000282511115074,-0.15305669605731964,-0.8308696150779724,0.0418514683842659,-0.013595684431493282,-0.000980691984295845,0.0,0.0,0.0,-0.013756194151937962,-0.023890797048807144,-0.01456073671579361,0.0,0.0,-0.01456073671579361,-0.002259025350213051,0.0041781035251915455,-0.043693434447050095,0.10933192819356918,0.1892537772655487,0.00035836410825140774,0.0,0.0,0.0,-0.5999852418899536,10.184627532958984,0.1306018829345703,9.788230895996094,0.7112323045730591,-10.0,-9.87833023071289,12.022454261779785,2.0,2.0,20.775474548339844,0.30357420444488525,0.28977540135383606,0.30357420444488525,0.29590821266174316,0.0,0.30469265580177307,0.30469265580177307,0.30469265580177307,0.30469265580177307,0.0,-0.379838228225708,0.034540120512247086,-9.811371803283691,0.0,0.0,0.0,0.0,0.0,0.0,0.0,0.0,0.0,0.0,0.0,0.0,0.0,0.0,0.0,0.30469274520874023,0.30469274520874023,0.304692804813385,0.30469274520874023,0.2811179757118225,0.04114978387951851,0.04114978387951851,0.4449295699596405,0.03438961133360863,0.044838644564151764,-0.7463520169258118,0.0,0.0,0.0,0.0,0.0,0.0,0.0
67469958496,0,-0.018383534625172615,-0.15297384560108185,-0.1307806819677353,-0.018383534625172615,-0.15297384560108185,-0.8307806849479675,0.038133781403303146,-0.015016777440905571,-0.0009024525643326342,0.0,0.0,0.0,-0.013772735372185707,-0.02376202866435051,-0.015215890482068062,0.0,0.0,-0.015215890482068062,-0.002259025350213051,0.0041781035251915455,-0.043693434447050095,0.10933192819356918,0.1892537772655487,0.00035836410825140774,0.0,0.0,0.0,-0.5999852418899536,10.184627532958984,0.1306018829345703,9.788230895996094,0.7112323045730591,-10.0,-9.87833023071289,12.022454261779785,2.0,2.0,20.775474548339844,0.30357420444488525,0.28977540135383606,0.30357420444488525,0.29590821266174316,0.0,0.30469265580177307,0.30469265580177307,0.30469265580177307,0.30469265580177307,0.0,-0.414491206407547,0.021021662279963493,-9.752220153808594,0.0,0.0,0.0,0.0,0.0,0.0,0.0,0.0,0.0,0.0,0.0,0.0,0.0,0.0,0.0,0.30469274520874023,0.30469274520874023,0.304692804813385,0.30469274520874023,0.2811179757118225,0.04114978387951851,0.04114978387951851,0.4449295699596405,0.03438961133360863,0.044838644564151764,-0.7463520169258118,0.0,0.0,0.0,0.0,0.0,0.0,0.0
67477551447,0,-0.018126923590898514,-0.15294010937213898,-0.13073422014713287,-0.018126923590898514,-0.15294010937213898,-0.8307341933250427,0.036121249198913574,-0.01568024605512619,-0.00021417572861537337,0.0,0.0,0.0,-0.013746891170740128,-0.023725707083940506,-0.015341795049607754,0.0,0.0,-0.015341795049607754,-0.0008148590568453074,0.0027421205304563046,-0.023743033409118652,0.10905539244413376,0.18865206837654114,0.00016836586291901767,0.0,0.0,0.0,-0.5970216989517212,10.186511039733887,0.1060342788696289,9.785530090332031,0.7062414288520813,-10.0,-9.87956428527832,12.67366886138916,2.0,2.0,20.13142967224121,0.30357420444488525,0.28977540135383606,0.30357420444488525,0.29590821266174316,0.0,0.30469265580177307,0.30469265580177307,0.30469265580177307,0.30469265580177307,0.0,-0.414491206407547,0.021021662279963493,-9.752220153808594,0.0,0.0,0.0,0.0,0.0,0.0,0.0,0.0,0.0,0.0,0.0,0.0,0.0,0.0,0.0,0.30469274520874023,0.30469274520874023,0.304692804813385,0.30469274520874023,0.29378604888916016,0.04114978387951851,0.04114978387951851,0.4333200454711914,0.05974102020263672,-0.05328315496444702,0.5960378646850586,0.0,0.0,0.0,0.0,0.0,0.0,0.0
67487685581,0,-0.018126923590898514,-0.15294010937213898,-0.13073422014713287,-0.018126923590898514,-0.15294010937213898,-0.8307341933250427,0.036121249198913574,-0.01568024605512619,-0.00021417572861537337,0.0,0.0,0.0,-0.013746891170740128,-0.023725707083940506,-0.015341795049607754,0.0,0.0,-0.015341795049607754,-0.0008148590568453074,0.0027421205304563046,-0.023743033409118652,0.10905539244413376,0.18865206837654114,0.00016836586291901767,0.0,0.0,0.0,-0.5954843163490295,10.18747615814209,0.09123706817626953,9.784460067749023,0.7041176557540894,-10.0,-9.879759788513184,13.065238952636719,2.0,2.0,19.74365234375,0.30357420444488525,0.28977540135383606,0.30357420444488525,0.29590821266174316,0.0,0.30469265580177307,0.30469265580177307,0.30469265580177307,0.30469265580177307,0.0,-0.3735830783843994,0.0452762171626091,-9.797183990478516,0.0,0.0,0.0,0.0,0.0,0.0,0.0,0.0,0.0,0.0,0.0,0.0,0.0,0.0,0.0,0.30469274520874023,0.30469274520874023,0.304692804813385,0.30469274520874023,0.30136340856552124,0.04114978387951851,0.04114978387951851,0.42629826068878174,0.05974102020263672,-0.05328315496444702,0.5960378646850586,0.0,0.0,0.0,0.0,0.0,0.0,0.0
67497849153,0,-0.017668362706899643,-0.15289853513240814,-0.13062945008277893,-0.017668362706899643,-0.15289853513240814,-0.8306294679641724,0.03247774764895439,-0.016699671745300293,0.0006044039619155228,0.0,0.0,0.0,-0.013715701177716255,-0.02369937300682068,-0.01512786652892828,0.0,0.0,-0.015127867460250854,0.002118390053510666,-0.00168701377697289,0.027101805433630943,0.10905539244413376,0.18865206837654114,0.00016836586291901767,0.0,0.0,0.0,-0.5938672423362732,10.1915922164917,0.061715126037597656,9.782146453857422,0.6992216110229492,-10.0,-9.879199981689453,13.847708702087402,2.0,2.0,18.975910186767578,0.30357420444488525,0.28977540135383606,0.30357420444488525,0.29590821266174316,0.0,0.30469265580177307,0.30469265580177307,0.30469265580177307,0.30469265580177307,0.0,-0.3735830783843994,0.0452762171626091,-9.797183990478516,0.0,0.0,0.0,0.0,0.0,0.0,0.0,0.0,0.0,0.0,0.0,0.0,0.0,0.0,0.0,0.30469274520874023,0.30469274520874023,0.304692804813385,0.30469274520874023,0.30136340856552124,0.04114978387951851,0.04114978387951851,0.42629826068878174,0.08504204452037811,-0.14151281118392944,1.499472737312317,0.0,0.0,0.0,0.0,0.0,0.0,0.0
67509813064,0,-0.017668362706899643,-0.15289853513240814,-0.13062945008277893,-0.017668362706899643,-0.15289853513240814,-0.8306294679641724,0.03247774764895439,-0.016699671745300293,0.0006044039619155228,0.0,0.0,0.0,-0.013715701177716255,-0.02369937300682068,-0.01512786652892828,0.0,0.0,-0.015127867460250854,0.002118390053510666,-0.00168701377697289,0.027101805433630943,0.10832315683364868,0.18849016726016998,-2.2719930711900815e-05,0.0,0.0,0.0,-0.5938672423362732,10.1915922164917,0.061715126037597656,9.782146453857422,0.6992216110229492,-10.0,-9.879199981689453,13.847708702087402,2.0,2.0,18.975910186767578,0.30357420444488525,0.28977540135383606,0.30357420444488525,0.29590821266174316,0.0,0.30469265580177307,0.30469265580177307,0.30469265580177307,0.30469265580177307,0.0,-0.3735830783843994,0.0452762171626091,-9.797183990478516,0.0,0.0,0.0,0.0,0.0,0.0,0.0,0.0,0.0,0.0,0.0,0.0,0.0,0.0,0.0,0.30469274520874023,0.30469274520874023,0.304692804813385,0.30469274520874023,0.3164164423942566,0.04114978387951851,0.04114978387951851,0.41232484579086304,0.08504204452037811,-0.14151281118392944,1.499472737312317,0.0,0.0,0.0,0.0,0.0,0.0,0.0
67518321803,0,-0.01712190732359886,-0.1528715193271637,-0.1304815411567688,-0.01712190732359886,-0.1528715193271637,-0.8304815292358398,0.02820940874516964,-0.017466556280851364,-0.0001917167828651145,0.0,0.0,0.0,-0.013586794026196003,-0.0237333495169878,-0.013998624868690968,0.0,0.0,-0.013998624868690968,0.002737887669354677,-0.002732855034992099,0.0378030426800251,0.10832315683364868,0.18849016726016998,-2.2719930711900815e-05,0.0,0.0,0.0,-0.5938672423362732,10.1915922164917,0.061715126037597656,9.782146453857422,0.6992216110229492,-10.0,-9.879199981689453,13.847708702087402,2.0,2.0,18.975910186767578,0.30357420444488525,0.28977540135383606,0.30357420444488525,0.29590821266174316,0.0,0.30469265580177307,0.30469265580177307,0.30469265580177307,0.30469265580177307,0.0,-0.3036653697490692,0.08879203349351883,-9.863038063049316,0.0,0.0,0.0,0.0,0.0,0.0,0.0,0.0,0.0,0.0,0.0,0.0,0.0,0.0,0.0,0.30469274520874023,0.30469274520874023,0.304692804813385,0.30469274520874023,0.3164164423942566,0.04114978387951851,0.04114978387951851,0.41232484579086304,0.07532431185245514,-0.12837828695774078,1.354627251625061,0.0,0.0,0.0,0.0,0.0,0.0,0.0
67527451948,0,-0.01696351356804371,-0.15286482870578766,-0.13044358789920807,-0.01696351356804371,-0.15286482870578766,-0.8304435610771179,0.02784844860434532,-0.017460044473409653,-0.0006327647133730352,0.0,0.0,0.0,-0.013561096973717213,-0.02372969500720501,-0.013587758876383305,0.0,0.0,-0.01358775980770588,0.0029840264469385147,-0.0035337067674845457,0.04304293915629387,0.10757819563150406,0.18868456780910492,8.350806638190988e-06,0.0,0.0,0.0,-0.5905784368515015,10.193242073059082,0.05608940124511719,9.780138969421387,0.6947186589241028,-10.0,-9.87770938873291,14.002885818481445,2.0,2.0,18.826086044311523,0.30357420444488525,0.28977540135383606,0.30357420444488525,0.29590821266174316,0.0,0.30469265580177307,0.30469265580177307,0.30469265580177307,0.30469265580177307,0.0,-0.243441641330719,0.09214671701192856,-9.855545043945312,0.0,0.0,0.0,0.0,0.0,0.0,0.0,0.0,0.0,0.0,0.0,0.0,0.0,0.0,0.0,0.30469274520874023,0.30469274520874023,0.304692804813385,0.30469274520874023,0.31938785314559937,0.04114978387951851,0.04114978387951851,0.40958690643310547,0.04539806768298149,-0.10239074379205704,0.9204732179641724,0.0,0.0,0.0,0.0,0.0,0.0,0.0
67537618898,0,-0.01696351356804371,-0.15286482870578766,-0.13044358789920807,-0.01696351356804371,-0.15286482870578766,-0.8304435610771179,0.02784844860434532,-0.017460044473409653,-0.0006327647133730352,0.0,0.0,0.0,-0.013561096973717213,-0.02372969500720501,-0.013587758876383305,0.0,0.0,-0.01358775980770588,0.003455165307968855,-0.004370174370706081,0.040114451199769974,0.10757819563150406,0.18868456780910492,8.350806638190988e-06,0.0,0.0,0.0,-0.5889409184455872,10.194157600402832,0.06443405151367188,9.779105186462402,0.6923230290412903,-10.0,-9.876832962036133,13.788345336914062,2.0,2.0,19.042984008789062,0.30357420444488525,0.28977540135383606,0.30357420444488525,0.29590821266174316,0.0,0.30469265580177307,0.30469265580177307,0.30469265580177307,0.30469265580177307,0.0,-0.243441641330719,0.09214671701192856,-9.855545043945312,0.0,0.0,0.0,0.0,0.0,0.0,0.0,0.0,0.0,0.0,0.0,0.0,0.0,0.0,0.0,0.30469274520874023,0.30469274520874023,0.304692804813385,0.30469274520874023,0.31527838110923767,0.04114978387951851,0.04114978387951851,0.413549542427063,0.04355381056666374,-0.08880627155303955,0.3242032825946808,0.0,0.0,0.0,0.0,0.0,0.0,0.0
67547413974,0,-0.016670219600200653,-0.15284863114356995,-0.1303766965866089,-0.016670219600200653,-0.15284863114356995,-0.8303766846656799,0.02834024839103222,-0.016748478636145592,-0.0005257712909951806,0.0,0.0,0.0,-0.013487904332578182,-0.023767294362187386,-0.013082172721624374,0.0,0.0,-0.013082173652946949,0.0036331764422357082,-0.004239450208842754,0.03151354193687439,0.10727278888225555,0.1888994574546814,4.5250355469761416e-05,0.0,0.0,0.0,-0.5889409184455872,10.194157600402832,0.06443405151367188,9.779105186462402,0.6923230290412903,-10.0,-9.876832962036133,13.467246055603027,2.0,2.0,19.36214828491211,0.30357420444488525,0.28977540135383606,0.30357420444488525,0.29590821266174316,0.0,0.30469265580177307,0.30469265580177307,0.30469265580177307,0.30469265580177307,0.0,-0.11571615189313889,0.16044335067272186,-9.753338813781738,0.0,0.0,0.0,0.0,0.0,0.0,0.0,0.0,0.0,0.0,0.0,0.0,0.0,0.0,0.0,0.30469274520874023,0.30469274520874023,0.304692804813385,0.30469274520874023,0.31527838110923767,0.04114978387951851,0.04114978387951851,0.413549542427063,0.02600840851664543,-0.04332653060555458,-0.23577114939689636,0.0,0.0,0.0,0.0,0.0,0.0,0.0
67564951215,0,-0.016670219600200653,-0.15284863114356995,-0.1303766965866089,-0.016670219600200653,-0.15284863114356995,-0.8303766846656799,0.02834024839103222,-0.016748478636145592,-0.0005257712909951806,0.0,0.0,0.0,-0.013487904332578182,-0.023767294362187386,-0.013082172721624374,0.0,0.0,-0.013082173652946949,0.0035428758710622787,-0.0036985643673688173,0.018464813008904457,0.10662852227687836,0.1889863908290863,0.00035488491994328797,0.0,0.0,0.0,-0.585204005241394,10.192644119262695,0.0923624038696289,9.77743148803711,0.6882194876670837,-10.0,-9.875727653503418,13.060206413269043,2.0,2.0,19.764427185058594,0.30357420444488525,0.28977540135383606,0.30357420444488525,0.29590821266174316,0.0,0.30469265580177307,0.30469265580177307,0.30469265580177307,0.30469265580177307,0.0,-0.11571615189313889,0.16044335067272186,-9.753338813781738,0.0,0.0,0.0,0.0,0.0,0.0,0.0,0.0,0.0,0.0,0.0,0.0,0.0,0.0,0.0,0.30469274520874023,0.30469274520874023,0.304692804813385,0.30469274520874023,0.3012663424015045,0.04114978387951851,0.04114978387951851,0.426675021648407,0.007018310483545065,0.004087400622665882,-0.7649134993553162,0.0,0.0,0.0,0.0,0.0,0.0,0.0
67567898032,0,-0.0160902738571167,-0.15275853872299194,-0.1302095204591751,-0.0160902738571167,-0.15275853872299194,-0.830209493637085,0.033727459609508514,-0.012802716344594955,0.0014647647039964795,0.0,0.0,0.0,-0.013354250229895115,-0.023785270750522614,-0.013744675554335117,0.0,0.0,-0.013744676485657692,0.001338093657977879,-0.0023009038995951414,-0.01611553318798542,0.10662852227687836,0.1889863908290863,0.00035488491994328797,0.0,0.0,0.0,-0.585204005241394,10.192644119262695,0.0923624038696289,9.77743148803711,0.6882194876670837,-10.0,-9.875727653503418,13.060206413269043,2.0,2.0,19.764427185058594,0.30357420444488525,0.28977540135383606,0.30357420444488525,0.29590821266174316,0.0,0.30469265580177307,0.30469265580177307,0.30469265580177307,0.30469265580177307,0.0,0.030668480321764946,0.20642632246017456,-9.776013374328613,0.0,0.0,0.0,0.0,0.0,0.0,0.0,0.0,0.0,0.0,0.0,0.0,0.0,0.0,0.0,0.30469274520874023,0.30469274520874023,0.304692804813385,0.30469274520874023,0.3012663424015045,0.04114978387951851,0.04114978387951851,0.426675021648407,-0.07823251187801361,0.038303859531879425,-1.396469235420227,0.0,0.0,0.0,0.0,0.0,0.0,0.0
67577452374,0,-0.0160902738571167,-0.15275853872299194,-0.1302095204591751,-0.0160902738571167,-0.15275853872299194,-0.830209493637085,0.033727459609508514,-0.012802716344594955,0.0014647647039964795,0.0,0.0,0.0,-0.013354250229895115,-0.023785270750522614,-0.013744675554335117,0.0,0.0,-0.013744676485657692,0.001338093657977879,-0.0023009038995951414,-0.01611553318798542,0.10616158694028854,0.18908247351646423,0.0005869704182259738,0.0,0.0,0.0,-0.5778055191040039,10.190999984741211,0.12647151947021484,9.77564525604248,0.6834113597869873,-10.0,-9.875625610351562,12.175701141357422,2.0,2.0,20.641185760498047,0.30357420444488525,0.28977540135383606,0.30357420444488525,0.29590821266174316,0.0,0.30469265580177307,0.30469265580177307,0.30469265580177307,0.30469265580177307,0.0,0.030668480321764946,0.20642632246017456,-9.776013374328613,0.0,0.0,0.0,0.0,0.0,0.0,0.0,0.0,0.0,0.0,0.0,0.0,0.0,0.0,0.0,0.30469274520874023,0.30469274520874023,0.304692804813385,0.30469274520874023,0.28410670161247253,0.04114978387951851,0.04114978387951851,0.44251418113708496,-0.07823251187801361,0.038303859531879425,-1.396469235420227,0.0,0.0,0.0,0.0,0.0,0.0,0.0
67587773304,0,-0.0160902738571167,-0.15275853872299194,-0.1302095204591751,-0.0160902738571167,-0.15275853872299194,-0.830209493637085,0.033727459609508514,-0.012802716344594955,0.0014647647039964795,0.0,0.0,0.0,-0.013354250229895115,-0.023785270750522614,-0.013744675554335117,0.0,0.0,-0.013744676485657692,0.00025303231086581945,-0.002692136447876692,-0.030205300077795982,0.10611746460199356,0.18942083418369293,0.0003694927436299622,0.0,0.0,0.0,-0.5743389129638672,10.191987037658691,0.1379222869873047,9.7748441696167,0.6809778213500977,-10.0,-9.876058578491211,11.882782936096191,2.0,2.0,20.936376571655273,0.30357420444488525,0.28977540135383606,0.30357420444488525,0.29590821266174316,0.0,0.30469265580177307,0.30469265580177307,0.30469265580177307,0.30469265580177307,0.0,0.030668480321764946,0.20642632246017456,-9.776013374328613,0.0,0.0,0.0,0.0,0.0,0.0,0.0,0.0,0.0,0.0,0.0,0.0,0.0,0.0,0.0,0.30469274520874023,0.30469274520874023,0.304692804813385,0.30469274520874023,0.2783900201320648,0.04114978387951851,0.04114978387951851,0.44781970977783203,-0.09235421568155289,0.001538849319331348,-1.3553580045700073,0.0,0.0,0.0,0.0,0.0,0.0,0.0
67597254767,0,-0.015733374282717705,-0.15267306566238403,-0.13012397289276123,-0.015733374282717705,-0.15267306566238403,-0.8301239609718323,0.037914618849754333,-0.011378362774848938,0.0006445258622989058,0.0,0.0,0.0,-0.013341470621526241,-0.02381983771920204,-0.01448130700737238,0.0,0.0,-0.014481306076049805,-0.0010259653208777308,-0.002567930379882455,-0.03824341669678688,0.10611746460199356,0.18942083418369293,0.0003694927436299622,0.0,0.0,0.0,-0.5743389129638672,10.191987037658691,0.1379222869873047,9.7748441696167,0.6809778213500977,-10.0,-9.876058578491211,11.882782936096191,2.0,2.0,20.936376571655273,0.30357420444488525,0.28977540135383606,0.30357420444488525,0.29590821266174316,0.0,0.30469265580177307,0.30469265580177307,0.30469265580177307,0.30469265580177307,0.0,0.05811397358775139,0.17913737893104553,-9.857661247253418,0.0,0.0,0.0,0.0,0.0,0.0,0.0,0.0,0.0,0.0,0.0,0.0,0.0,0.0,0.0,0.30469274520874023,0.30469274520874023,0.304692804813385,0.30469274520874023,0.2783900201320648,0.04114978387951851,0.04114978387951851,0.44781970977783203,-0.10463087260723114,0.01058193389326334,-1.053311824798584,0.0,0.0,0.0,0.0,0.0,0.0,0.0
67607702515,0,-0.01552233099937439,-0.15262167155742645,-0.13008880615234375,-0.01552233099937439,-0.15262167155742645,-0.8300887942314148,0.04003944993019104,-0.010974512435495853,0.00027213842258788645,0.0,0.0,0.0,-0.01337326318025589,-0.02382012829184532,-0.014758460223674774,0.0,0.0,-0.0147584592923522,-0.0019722653087228537,-0.0021454563830047846,-0.03887515515089035,0.10618533939123154,0.1890963762998581,0.0003177099279128015,0.0,0.0,0.0,-0.5672447085380554,10.190963745117188,0.13937664031982422,9.773521423339844,0.6764469742774963,-10.0,-9.8773193359375,11.854171752929688,2.0,2.0,20.961050033569336,0.30357420444488525,0.28977540135383606,0.30357420444488525,0.29590821266174316,0.0,0.30469265580177307,0.30469265580177307,0.30469265580177307,0.30469265580177307,0.0,0.05811397358775139,0.17913737893104553,-9.857661247253418,0.0,0.0,0.0,0.0,0.0,0.0,0.0,0.0,0.0,0.0,0.0,0.0,0.0,0.0,0.0,0.30469274520874023,0.30469274520874023,0.304692804813385,0.30469274520874023,0.2778308689594269,0.04114978387951851,0.04114978387951851,0.44826266169548035,-0.10446768999099731,0.02782733365893364,-0.6184129118919373,0.0,0.0,0.0,0.0,0.0,0.0,0.0
67617274669,0,-0.01552233099937439,-0.15262167155742645,-0.13008880615234375,-0.01508084125816822,-0.15254993736743927,-0.8300198316574097,0.04003944993019104,-0.010974512435495853,0.00027213842258788645,0.0,0.0,0.0,-0.01337326318025589,-0.02382012829184532,-0.014758460223674774,0.0,0.0,-0.01490333117544651,-0.0019722653087228537,-0.0021454563830047846,-0.03887515515089035,0.10618533939123154,0.1890963762998581,0.0003177099279128015,0.0,0.0,0.0,-0.5672447085380554,10.190963745117188,0.13937664031982422,9.773521423339844,0.6764469742774963,-10.0,-9.8773193359375,11.854171752929688,2.0,2.0,20.961050033569336,0.30357420444488525,0.28977540135383606,0.30357420444488525,0.29590821266174316,0.0,0.30469265580177307,0.30469265580177307,0.30469265580177307,0.30469265580177307,0.0,0.039310019463300705,0.15383976697921753,-9.818918228149414,0.0,0.0,0.0,0.0,0.0,0.0,0.0,0.0,0.0,0.0,0.0,0.0,0.0,0.0,0.0,0.30469274520874023,0.30469274520874023,0.304692804813385,0.30469274520874023,0.2778308689594269,0.04114978387951851,0.04114978387951851,0.44826266169548035,-0.10446768999099731,0.02782733365893364,-0.6184129118919373,0.0,0.0,0.0,0.0,0.0,0.0,0.0
67629819328,0,-0.01508084125816822,-0.15254993736743927,-0.13001982867717743,-0.01508084125816822,-0.15254993736743927,-0.8300198316574097,0.043956201523542404,-0.009995452128350735,6.620398926315829e-05,0.0,0.0,0.0,-0.013374755159020424,-0.023706361651420593,-0.01490333117544651,0.0,0.0,-0.01490333117544651,-0.001976065104827285,0.00360295083373785,-0.006665048189461231,0.10618533939123154,0.1890963762998581,0.0003177099279128015,0.0,0.0,0.0,-0.5624308586120605,10.183878898620605,0.11530780792236328,9.772296905517578,0.6764469742774963,-10.0,-9.8773193359375,12.480795860290527,2.0,2.0,20.31257438659668,0.30357420444488525,0.28977540135383606,0.30357420444488525,0.29590821266174316,0.0,0.30469265580177307,0.30469265580177307,0.30469265580177307,0.30469265580177307,0.0,0.025177063420414925,0.1357496678829193,-9.803650856018066,0.0,0.0,0.0,0.0,0.0,0.0,0.0,0.0,0.0,0.0,0.0,0.0,0.0,0.0,0.0,0.30469274520874023,0.30469274520874023,0.304692804813385,0.30469274520874023,0.2778308689594269,0.04114978387951851,0.04114978387951851,0.44826266169548035,0.0046727959997951984,0.15862727165222168,0.9665077924728394,0.0,0.0,0.0,0.0,0.0,0.0,0.0
67639031883,0,-0.01508084125816822,-0.15254993736743927,-0.13001982867717743,-0.014620734378695488,-0.15250924229621887,-0.8299385905265808,0.043956201523542404,-0.009995452128350735,6.620398926315829e-05,0.0,0.0,0.0,-0.013374755159020424,-0.023706361651420593,-0.01490333117544651,0.0,0.0,-0.014597897417843342,-0.001976065104827285,0.00360295083373785,-0.006665048189461231,0.10627894848585129,0.1874104142189026,-7.835379074094817e-05,0.0,0.0,0.0,-0.5613027215003967,10.182496070861816,0.10219287872314453,9.771828651428223,0.6694132685661316,-10.0,-9.878631591796875,12.823880195617676,2.0,2.0,19.96567153930664,0.30357420444488525,0.28977540135383606,0.30357420444488525,0.29590821266174316,0.0,0.30469265580177307,0.30469265580177307,0.30469265580177307,0.30469265580177307,0.0,-0.06925138831138611,0.08677712082862854,-9.755736351013184,0.0,0.0,0.0,0.0,0.0,0.0,0.0,0.0,0.0,0.0,0.0,0.0,0.0,0.0,0.0,0.30469274520874023,0.30469274520874023,0.304692804813385,0.30469274520874023,0.29669636487960815,0.04114978387951851,0.04114978387951851,0.4303213059902191,0.0046727959997951984,0.15862727165222168,0.9665077924728394,0.0,0.0,0.0,0.0,0.0,0.0,0.0
67647843579,0,-0.014144303277134895,-0.15247075259685516,-0.12983618676662445,-0.014144303277134895,-0.15247075259685516,-0.8298361897468567,0.047050364315509796,-0.010436032898724079,0.001852949964813888,0.0,0.0,0.0,-0.013397983275353909,-0.02343706041574478,-0.013906051404774189,0.0,0.0,-0.013906050473451614,-0.0018678263295441866,0.005001238081604242,0.009692607447504997,0.10627894848585129,0.1874104142189026,-7.835379074094817e-05,0.0,0.0,0.0,-0.5613027215003967,10.182496070861816,0.10219287872314453,9.771828651428223,0.6694132685661316,-10.0,-9.878631591796875,12.823880195617676,2.0,2.0,19.96567153930664,0.30357420444488525,0.28977540135383606,0.30357420444488525,0.29590821266174316,0.0,0.30469265580177307,0.30469265580177307,0.30469265580177307,0.30469265580177307,0.0,-0.1135326623916626,0.0868455320596695,-9.765609741210938,0.0,0.0,0.0,0.0,0.0,0.0,0.0,0.0,0.0,0.0,0.0,0.0,0.0,0.0,0.0,0.30469274520874023,0.30469274520874023,0.304692804813385,0.30469274520874023,0.29669636487960815,0.04114978387951851,0.04114978387951851,0.4303213059902191,0.007985569536685944,0.1440788060426712,1.249979853630066,0.0,0.0,0.0,0.0,0.0,0.0,0.0
67657485012,0,-0.014144303277134895,-0.15247075259685516,-0.12983618676662445,-0.014144303277134895,-0.15247075259685516,-0.8298361897468567,0.047050364315509796,-0.010436032898724079,0.001852949964813888,0.0,0.0,0.0,-0.013397983275353909,-0.02343706041574478,-0.013906051404774189,0.0,0.0,-0.013906050473451614,-0.0023178281262516975,0.005209312774240971,0.02394072897732258,0.10627894848585129,0.1874104142189026,-7.835379074094817e-05,0.0,0.0,0.0,-0.5555263757705688,10.180285453796387,0.07621479034423828,9.77084732055664,0.6645081043243408,-10.0,-9.878170013427734,13.509869575500488,2.0,2.0,19.27353858947754,0.30357420444488525,0.28977540135383606,0.30357420444488525,0.29590821266174316,0.0,0.30469265580177307,0.30469265580177307,0.30469265580177307,0.30469265580177307,0.0,-0.1135326623916626,0.0868455320596695,-9.765609741210938,0.0,0.0,0.0,0.0,0.0,0.0,0.0,0.0,0.0,0.0,0.0,0.0,0.0,0.0,0.0,0.30469274520874023,0.30469274520874023,0.304692804813385,0.30469274520874023,0.30993157625198364,0.04114978387951851,0.04114978387951851,0.4177532196044922,-0.018069710582494736,0.08342151343822479,1.2955206632614136,0.0,0.0,0.0,0.0,0.0,0.0,0.0
67667951023,0,-0.014144303277134895,-0.15247075259685516,-0.12983618676662445,-0.013678470626473427,-0.1524209827184677,-0.8297256231307983,0.047050364315509796,-0.010436032898724079,0.001852949964813888,0.0,0.0,0.0,-0.013397983275353909,-0.02343706041574478,-0.013906051404774189,0.0,0.0,-0.013172746635973454,-0.0023178281262516975,0.005209312774240971,0.02394072897732258,0.10648317635059357,0.1863294243812561,-0.0002631175157148391,0.0,0.0,0.0,-0.5555263757705688,10.180285453796387,0.07621479034423828,9.77084732055664,0.6645081043243408,-10.0,-9.878170013427734,13.509869575500488,2.0,2.0,19.27353858947754,0.30357420444488525,0.28977540135383606,0.30357420444488525,0.29590821266174316,0.0,0.30469265580177307,0.30469265580177307,0.30469265580177307,0.30469265580177307,0.0,-0.1135326623916626,0.0868455320596695,-9.765609741210938,0.0,0.0,0.0,0.0,0.0,0.0,0.0,0.0,0.0,0.0,0.0,0.0,0.0,0.0,0.0,0.30469274520874023,0.30469274520874023,0.304692804813385,0.30469274520874023,0.30993157625198364,0.04114978387951851,0.04114978387951851,0.4177532196044922,-0.018069710582494736,0.08342151343822479,1.2955206632614136,0.0,0.0,0.0,0.0,0.0,0.0,0.0
67678152206,0,-0.013678470626473427,-0.1524209827184677,-0.1297256052494049,-0.013678470626473427,-0.1524209827184677,-0.8297256231307983,0.046106837689876556,-0.011418206617236137,0.0019842837937176228,0.0,0.0,0.0,-0.013449360616505146,-0.023290231823921204,-0.013172745704650879,0.0,0.0,-0.013172746635973454,-0.0019244112772867084,0.005244160536676645,0.037981919944286346,0.10695786774158478,0.18486841022968292,9.132911145570688e-06,0.0,0.0,0.0,-0.5513113737106323,10.179719924926758,0.0701303482055664,9.77001667022705,0.6599381566047668,-10.0,-9.876901626586914,13.674951553344727,2.0,2.0,19.10663414001465,0.30357420444488525,0.28977540135383606,0.30357420444488525,0.29590821266174316,0.0,0.30469265580177307,0.30469265580177307,0.30469265580177307,0.30469265580177307,0.0,-0.20388473570346832,0.08265997469425201,-9.79206657409668,0.0,0.0,0.0,0.0,0.0,0.0,0.0,0.0,0.0,0.0,0.0,0.0,0.0,0.0,0.0,0.30469274520874023,0.30469274520874023,0.304692804813385,0.30469274520874023,0.31310293078422546,0.04114978387951851,0.04114978387951851,0.4147109091281891,0.019056536257267,0.019719602540135384,0.8096874356269836,0.0,0.0,0.0,0.0,0.0,0.0,0.0
67697188865,0,-0.013678470626473427,-0.1524209827184677,-0.1297256052494049,-0.013678470626473427,-0.1524209827184677,-0.8297256231307983,0.046106837689876556,-0.011418206617236137,0.0019842837937176228,0.0,0.0,0.0,-0.013449360616505146,-0.023290231823921204,-0.013172745704650879,0.0,0.0,-0.013172746635973454,-0.0012332949554547668,0.005294144153594971,0.0356624498963356,0.10672181844711304,0.1843234896659851,0.00010475673479959369,0.0,0.0,0.0,-0.5499976873397827,10.178936004638672,0.07691478729248047,9.769587516784668,0.657505452632904,-10.0,-9.876148223876953,13.498037338256836,2.0,2.0,19.28055191040039,0.30357420444488525,0.28977540135383606,0.30357420444488525,0.29590821266174316,0.0,0.30469265580177307,0.30469265580177307,0.30469265580177307,0.30469265580177307,0.0,-0.20388473570346832,0.08265997469425201,-9.79206657409668,0.0,0.0,0.0,0.0,0.0,0.0,0.0,0.0,0.0,0.0,0.0,0.0,0.0,0.0,0.0,0.30469274520874023,0.30469274520874023,0.304692804813385,0.30469274520874023,0.30970409512519836,0.04114978387951851,0.04114978387951851,0.41788092255592346,0.044736094772815704,0.009338698349893093,0.2977182865142822,0.0,0.0,0.0,0.0,0.0,0.0,0.0
67697672244,0,-0.013062923215329647,-0.15227791666984558,-0.12957459688186646,-0.013062923215329647,-0.15227791666984558,-0.8295745849609375,0.04281499236822128,-0.011983893811702728,0.0007733897655270994,0.0,0.0,0.0,-0.01343881618231535,-0.02309865690767765,-0.012773826718330383,0.0,0.0,-0.012773827649652958,-0.0012332949554547668,0.005294144153594971,0.0356624498963356,0.10672181844711304,0.1843234896659851,0.00010475673479959369,0.0,0.0,0.0,-0.5499976873397827,10.178936004638672,0.07691478729248047,9.769587516784668,0.657505452632904,-10.0,-9.876148223876953,13.498037338256836,2.0,2.0,19.28055191040039,0.30357420444488525,0.28977540135383606,0.30357420444488525,0.29590821266174316,0.0,0.30469265580177307,0.30469265580177307,0.30469265580177307,0.30469265580177307,0.0,-0.3457290232181549,0.04562905803322792,-9.814783096313477,0.0,0.0,0.0,0.0,0.0,0.0,0.0,0.0,0.0,0.0,0.0,0.0,0.0,0.0,0.0,0.30469274520874023,0.30469274520874023,0.304692804813385,0.30469274520874023,0.30970409512519836,0.04114978387951851,0.04114978387951851,0.41788092255592346,0.044736094772815704,0.009338698349893093,0.2977182865142822,0.0,0.0,0.0,0.0,0.0,0.0,0.0
67708114772,0,-0.013062923215329647,-0.15227791666984558,-0.12957459688186646,-0.013062923215329647,-0.15227791666984558,-0.8295745849609375,0.04281499236822128,-0.011983893811702728,0.0007733897655270994,0.0,0.0,0.0,-0.01343881618231535,-0.02309865690767765,-0.012773826718330383,0.0,0.0,-0.012773827649652958,0.00016252540808636695,0.003956636413931847,0.014704152941703796,0.10643875598907471,0.18345756828784943,0.00025580983492545784,0.0,0.0,0.0,-0.5474111437797546,10.180065155029297,0.10274887084960938,9.768855094909668,0.6529887318611145,-10.0,-9.875150680541992,12.827202796936035,2.0,2.0,19.95339584350586,0.30357420444488525,0.28977540135383606,0.30357420444488525,0.29590821266174316,0.0,0.30469265580177307,0.30469265580177307,0.30469265580177307,0.30469265580177307,0.0,-0.3457290232181549,0.04562905803322792,-9.814783096313477,0.0,0.0,0.0,0.0,0.0,0.0,0.0,0.0,0.0,0.0,0.0,0.0,0.0,0.0,0.0,0.30469274520874023,0.30469274520874023,0.304692804813385,0.30469274520874023,0.29676076769828796,0.04114978387951851,0.04114978387951851,0.43009915947914124,0.06986483186483383,-0.05645732581615448,-0.7289302349090576,0.0,0.0,0.0,0.0,0.0,0.0,0.0
67717371303,0,-0.013062923215329647,-0.15227791666984558,-0.12957459688186646,-0.013062923215329647,-0.15227791666984558,-0.8295745849609375,0.04281499236822128,-0.011983893811702728,0.0007733897655270994,0.0,0.0,0.0,-0.01343881618231535,-0.02309865690767765,-0.012773826718330383,0.0,0.0,-0.012773827649652958,0.0005151222576387227,0.0018723367247730494,-0.0013906024396419525,0.10635076463222504,0.18358425796031952,0.0004778886213898659,0.0,0.0,0.0,-0.5451498627662659,10.182941436767578,0.11896705627441406,9.768505096435547,0.6505880951881409,-10.0,-9.87501049041748,12.410552024841309,2.0,2.0,20.37822723388672,0.30357420444488525,0.28977540135383606,0.30357420444488525,0.29590821266174316,0.0,0.30469265580177307,0.30469265580177307,0.30469265580177307,0.30469265580177307,0.0,-0.34599828720092773,0.05673348158597946,-9.80306625366211,0.0,0.0,0.0,0.0,0.0,0.0,0.0,0.0,0.0,0.0,0.0,0.0,0.0,0.0,0.0,0.30469274520874023,0.30469274520874023,0.304692804813385,0.30469274520874023,0.28867781162261963,0.04114978387951851,0.04114978387951851,0.4377762973308563,0.056798290461301804,-0.12663742899894714,-1.1165664196014404,0.0,0.0,0.0,0.0,0.0,0.0,0.0
67728249304,0,-0.012727067805826664,-0.15219751000404358,-0.12948457896709442,-0.012727067805826664,-0.15219751000404358,-0.8294845819473267,0.0395243838429451,-0.012706351466476917,0.0011141960276290774,0.0,0.0,0.0,-0.013378373347222805,-0.023093391209840775,-0.013150088489055634,0.0,0.0,-0.013150088489055634,0.0005151222576387227,0.0018723367247730494,-0.0013906024396419525,0.10635076463222504,0.18358425796031952,0.0004778886213898659,0.0,0.0,0.0,-0.5451498627662659,10.182941436767578,0.11896705627441406,9.768505096435547,0.6505880951881409,-10.0,-9.87501049041748,12.410552024841309,2.0,2.0,20.37822723388672,0.30357420444488525,0.28977540135383606,0.30357420444488525,0.29590821266174316,0.0,0.30469265580177307,0.30469265580177307,0.30469265580177307,0.30469265580177307,0.0,-0.34599828720092773,0.05673348158597946,-9.80306625366211,0.0,0.0,0.0,0.0,0.0,0.0,0.0,0.0,0.0,0.0,0.0,0.0,0.0,0.0,0.0,0.30469274520874023,0.30469274520874023,0.304692804813385,0.30469274520874023,0.28867781162261963,0.04114978387951851,0.04114978387951851,0.4377762973308563,0.056798290461301804,-0.12663742899894714,-1.1165664196014404,0.0,0.0,0.0,0.0,0.0,0.0,0.0
67737752087,0,-0.012616421096026897,-0.15215496718883514,-0.12944111227989197,-0.012616421096026897,-0.15215496718883514,-0.8294410705566406,0.037806592881679535,-0.013035164214670658,0.0010842035990208387,0.0,0.0,0.0,-0.013342074118554592,-0.023083310574293137,-0.01342865265905857,0.0,0.0,-0.013428651727735996,0.0012156135635450482,0.0012040759902447462,-0.026687929406762123,0.10635076463222504,0.18358425796031952,0.0004778886213898659,0.0,0.0,0.0,-0.5420324802398682,10.182174682617188,0.14000988006591797,9.767965316772461,0.6461254358291626,-10.0,-9.87553882598877,11.863005638122559,2.0,2.0,20.921907424926758,0.30357420444488525,0.28977540135383606,0.30357420444488525,0.29590821266174316,0.0,0.30469265580177307,0.30469265580177307,0.30469265580177307,0.30469265580177307,0.0,-0.34599828720092773,0.05673348158597946,-9.80306625366211,0.0,0.0,0.0,0.0,0.0,0.0,0.0,0.0,0.0,0.0,0.0,0.0,0.0,0.0,0.0,0.30469274520874023,0.30469274520874023,0.304692804813385,0.30469274520874023,0.2780034840106964,0.04114978387951851,0.04114978387951851,0.44755998253822327,0.0409366711974144,-0.044669948518276215,-1.2019844055175781,0.0,0.0,0.0,0.0,0.0,0.0,0.0
67747652463,0,-0.012616421096026897,-0.15215496718883514,-0.12944111227989197,-0.012616421096026897,-0.15215496718883514,-0.8294410705566406,0.037806592881679535,-0.013035164214670658,0.0010842035990208387,0.0,0.0,0.0,-0.013342074118554592,-0.023083310574293137,-0.01342865265905857,0.0,0.0,-0.013428651727735996,0.0012156135635450482,0.0012040759902447462,-0.026687929406762123,0.10554854571819305,0.1827404797077179,0.0005125442985445261,0.0,0.0,0.0,-0.5420324802398682,10.182174682617188,0.14000988006591797,9.767965316772461,0.6461254358291626,-10.0,-9.87553882598877,11.863005638122559,2.0,2.0,20.921907424926758,0.30357420444488525,0.28977540135383606,0.30357420444488525,0.29590821266174316,0.0,0.30469265580177307,0.30469265580177307,0.30469265580177307,0.30469265580177307,0.0,-0.34599828720092773,0.05673348158597946,-9.80306625366211,0.0,0.0,0.0,0.0,0.0,0.0,0.0,0.0,0.0,0.0,0.0,0.0,0.0,0.0,0.0,0.30469274520874023,0.30469274520874023,0.304692804813385,0.30469274520874023,0.2780034840106964,0.04114978387951851,0.04114978387951851,0.44755998253822327,0.0409366711974144,-0.044669948518276215,-1.2019844055175781,0.0,0.0,0.0,0.0,0.0,0.0,0.0
67759771126,0,-0.01234784722328186,-0.15206153690814972,-0.1293170005083084,-0.01234784722328186,-0.15206153690814972,-0.8293169736862183,0.03375278413295746,-0.013696236535906792,0.0013475187588483095,0.0,0.0,0.0,-0.013251843862235546,-0.02299601212143898,-0.014152214862406254,0.0,0.0,-0.01415221393108368,0.0012156135635450482,0.0012040759902447462,-0.026687929406762123,0.10516859591007233,0.18298429250717163,0.0002451476757414639,0.0,0.0,0.0,-0.5420324802398682,10.182174682617188,0.14000988006591797,9.767965316772461,0.6461254358291626,-10.0,-9.87553882598877,11.863005638122559,2.0,2.0,20.921907424926758,0.30357420444488525,0.28977540135383606,0.30357420444488525,0.29590821266174316,0.0,0.30469265580177307,0.30469265580177307,0.30469265580177307,0.30469265580177307,0.0,-0.2910730242729187,0.09195645153522491,-9.806649208068848,0.0,0.0,0.0,0.0,0.0,0.0,0.0,0.0,0.0,0.0,0.0,0.0,0.0,0.0,0.0,0.30469274520874023,0.30469274520874023,0.304692804813385,0.30469274520874023,0.2780034840106964,0.04114978387951851,0.04114978387951851,0.44755998253822327,0.0409366711974144,-0.044669948518276215,-1.2019844055175781,0.0,0.0,0.0,0.0,0.0,0.0,0.0
67767886007,0,-0.01234784722328186,-0.15206153690814972,-0.1293170005083084,-0.01234784722328186,-0.15206153690814972,-0.8293169736862183,0.03375278413295746,-0.013696236535906792,0.0013475187588483095,0.0,0.0,0.0,-0.013251843862235546,-0.02299601212143898,-0.014152214862406254,0.0,0.0,-0.01415221393108368,0.0012921616435050964,-0.0010193263879045844,-0.027188679203391075,0.10503888875246048,0.18297699093818665,0.00016647260054014623,0.0,0.0,0.0,-0.5353695750236511,10.18460750579834,0.12999439239501953,9.767434120178223,0.6393129825592041,-10.0,-9.877254486083984,12.139723777770996,2.0,2.0,20.653032302856445,0.30357420444488525,0.28977540135383606,0.30357420444488525,0.29590821266174316,0.0,0.30469265580177307,0.30469265580177307,0.30469265580177307,0.30469265580177307,0.0,-0.2910730242729187,0.09195645153522491,-9.806649208068848,0.0,0.0,0.0,0.0,0.0,0.0,0.0,0.0,0.0,0.0,0.0,0.0,0.0,0.0,0.0,0.30469274520874023,0.30469274520874023,0.304692804813385,0.30469274520874023,0.2834056317806244,0.04114978387951851,0.04114978387951851,0.4427272379398346,0.0059696584939956665,-0.0809376910328865,0.0396634005010128,0.0,0.0,0.0,0.0,0.0,0.0,0.0
67778154178,0,-0.01222541555762291,-0.15201406180858612,-0.129245787858963,-0.01222541555762291,-0.15201406180858612,-0.8292458057403564,0.03300267457962036,-0.013058357872068882,0.0006788079626858234,0.0,0.0,0.0,-0.013209897093474865,-0.02300390414893627,-0.014147602953016758,0.0,0.0,-0.014147602953016758,0.0022990787401795387,-0.0018667473923414946,-0.004544849041849375,0.10503888875246048,0.18297699093818665,0.00016647260054014623,0.0,0.0,0.0,-0.5343294739723206,10.184412956237793,0.11734676361083984,9.767346382141113,0.6393129825592041,-10.0,-9.877254486083984,12.47234058380127,2.0,2.0,20.32040023803711,0.30357420444488525,0.28977540135383606,0.30357420444488525,0.29590821266174316,0.0,0.30469265580177307,0.30469265580177307,0.30469265580177307,0.30469265580177307,0.0,-0.1521545946598053,0.12828446924686432,-9.827858924865723,0.0,0.0,0.0,0.0,0.0,0.0,0.0,0.0,0.0,0.0,0.0,0.0,0.0,0.0,0.0,0.30469274520874023,0.30469274520874023,0.304692804813385,0.30469274520874023,0.2834056317806244,0.04114978387951851,0.04114978387951851,0.4427272379398346,0.04152175411581993,-0.05878195911645889,0.8638173937797546,0.0,0.0,0.0,0.0,0.0,0.0,0.0
67787773907,0,-0.01217533741146326,-0.1519920974969864,-0.12921570241451263,-0.01217533741146326,-0.1519920974969864,-0.8292157053947449,0.03295715153217316,-0.012695306912064552,0.0006517669535242021,0.0,0.0,0.0,-0.013153121806681156,-0.022996800020337105,-0.013965753838419914,0.0,0.0,-0.013965753838419914,0.0022990787401795387,-0.0018667473923414946,-0.004544849041849375,0.1044420525431633,0.18286211788654327,4.677029937738553e-05,0.0,0.0,0.0,-0.5331931114196777,10.185317039489746,0.10532760620117188,9.76728343963623,0.6349208354949951,-10.0,-9.877805709838867,12.790412902832031,2.0,2.0,20.00580406188965,0.30357420444488525,0.28977540135383606,0.30357420444488525,0.29590821266174316,0.0,0.30469265580177307,0.30469265580177307,0.30469265580177307,0.30469265580177307,0.0,-0.1521545946598053,0.12828446924686432,-9.827858924865723,0.0,0.0,0.0,0.0,0.0,0.0,0.0,0.0,0.0,0.0,0.0,0.0,0.0,0.0,0.0,0.30469274520874023,0.30469274520874023,0.304692804813385,0.30469274520874023,0.2960483729839325,0.04114978387951851,0.04114978387951851,0.4310477375984192,0.04152175411581993,-0.05878195911645889,0.8638173937797546,0.0,0.0,0.0,0.0,0.0,0.0,0.0
67798112795,0,-0.01217533741146326,-0.1519920974969864,-0.12921570241451263,-0.01205362193286419,-0.15194930136203766,-0.829166054725647,0.03295715153217316,-0.012695306912064552,0.0006517669535242021,0.0,0.0,0.0,-0.013153121806681156,-0.022996800020337105,-0.013965753838419914,0.0,0.0,-0.013372273184359074,0.0022990787401795387,-0.0018667473923414946,-0.004544849041849375,0.1044420525431633,0.18286211788654327,4.677029937738553e-05,0.0,0.0,0.0,-0.5331931114196777,10.185317039489746,0.10532760620117188,9.76728343963623,0.6349208354949951,-10.0,-9.877805709838867,12.790412902832031,2.0,2.0,20.00580406188965,0.30357420444488525,0.28977540135383606,0.30357420444488525,0.29590821266174316,0.0,0.30469265580177307,0.30469265580177307,0.30469265580177307,0.30469265580177307,0.0,-0.1521545946598053,0.12828446924686432,-9.827858924865723,0.0,0.0,0.0,0.0,0.0,0.0,0.0,0.0,0.0,0.0,0.0,0.0,0.0,0.0,0.0,0.30469274520874023,0.30469274520874023,0.304692804813385,0.30469274520874023,0.2960483729839325,0.04114978387951851,0.04114978387951851,0.4310477375984192,0.04152175411581993,-0.05878195911645889,0.8638173937797546,0.0,0.0,0.0,0.0,0.0,0.0,0.0
67807852433,0,-0.01205362193286419,-0.15194930136203766,-0.12916606664657593,-0.01205362193286419,-0.15194930136203766,-0.829166054725647,0.033783502876758575,-0.011745818890631199,0.0008506267913617194,0.0,0.0,0.0,-0.013131354004144669,-0.02298271842300892,-0.013372274115681648,0.0,0.0,-0.013372273184359074,0.0014333256985992193,-0.002525618765503168,0.02257826365530491,0.1044420525431633,0.18286211788654327,4.677029937738553e-05,0.0,0.0,0.0,-0.5269030332565308,10.185619354248047,0.08183097839355469,9.767127990722656,0.6302077770233154,-10.0,-9.877367973327637,13.416250228881836,2.0,2.0,19.38172721862793,0.30357420444488525,0.28977540135383606,0.30357420444488525,0.29590821266174316,0.0,0.30469265580177307,0.30469265580177307,0.30469265580177307,0.30469265580177307,0.0,-0.10841033607721329,0.16164575517177582,-9.784734725952148,0.0,0.0,0.0,0.0,0.0,0.0,0.0,0.0,0.0,0.0,0.0,0.0,0.0,0.0,0.0,0.30469274520874023,0.30469274520874023,0.304692804813385,0.30469274520874023,0.3081306517124176,0.04114978387951851,0.04114978387951851,0.4197229743003845,-0.03402557969093323,-0.03845478221774101,1.1458446979522705,0.0,0.0,0.0,0.0,0.0,0.0,0.0
67817467216,0,-0.01194102130830288,-0.15188421308994293,-0.1291123926639557,-0.01194102130830288,-0.15188421308994293,-0.8291124105453491,0.035336997359991074,-0.010338707827031612,0.0014472443144768476,0.0,0.0,0.0,-0.01312864851206541,-0.022961700335144997,-0.012646092101931572,0.0,0.0,-0.012646092101931572,0.00043105887016281486,-0.0019344477914273739,0.03275896981358528,0.1044420525431633,0.18286211788654327,4.677029937738553e-05,0.0,0.0,0.0,-0.5269030332565308,10.185619354248047,0.08183097839355469,9.767127990722656,0.6302077770233154,-10.0,-9.877367973327637,13.561819076538086,2.0,2.0,19.231922149658203,0.30357420444488525,0.28977540135383606,0.30357420444488525,0.29590821266174316,0.0,0.30469265580177307,0.30469265580177307,0.30469265580177307,0.30469265580177307,0.0,-0.10841033607721329,0.16164575517177582,-9.784734725952148,0.0,0.0,0.0,0.0,0.0,0.0,0.0,0.0,0.0,0.0,0.0,0.0,0.0,0.0,0.0,0.30469274520874023,0.30469274520874023,0.304692804813385,0.30469274520874023,0.3081306517124176,0.04114978387951851,0.04114978387951851,0.4197229743003845,-0.053804945200681686,0.016149763017892838,0.8238434195518494,0.0,0.0,0.0,0.0,0.0,0.0,0.0
67827727060,0,-0.01194102130830288,-0.15188421308994293,-0.1291123926639557,-0.01194102130830288,-0.15188421308994293,-0.8291124105453491,0.035336997359991074,-0.010338707827031612,0.0014472443144768476,0.0,0.0,0.0,-0.01312864851206541,-0.022961700335144997,-0.012646092101931572,0.0,0.0,-0.012646092101931572,-0.00079906772589311,-0.001632349332794547,0.03247007727622986,0.10425969213247299,0.1824905127286911,2.409696207905654e-05,0.0,0.0,0.0,-0.5223713517189026,10.18432331085205,0.07646560668945312,9.767075538635254,0.6268222332000732,-10.0,-9.87653636932373,13.561819076538086,2.0,2.0,19.231922149658203,0.30357420444488525,0.28977540135383606,0.30357420444488525,0.29590821266174316,0.0,0.30469265580177307,0.30469265580177307,0.30469265580177307,0.30469265580177307,0.0,-0.04520920291543007,0.21689705550670624,-9.788830757141113,0.0,0.0,0.0,0.0,0.0,0.0,0.0,0.0,0.0,0.0,0.0,0.0,0.0,0.0,0.0,0.30469274520874023,0.30469274520874023,0.304692804813385,0.30469274520874023,0.3109301030635834,0.04114978387951851,0.04114978387951851,0.41699498891830444,-0.07761657238006592,0.018330194056034088,0.35415855050086975,0.0,0.0,0.0,0.0,0.0,0.0,0.0
67837749813,0,-0.011887885630130768,-0.15184170007705688,-0.12908384203910828,-0.011887885630130768,-0.15184170007705688,-0.8290838003158569,0.03643253818154335,-0.009624971076846123,0.0015583717031404376,0.0,0.0,0.0,-0.013171792961657047,-0.022951358929276466,-0.012343695387244225,0.0,0.0,-0.012343695387244225,-0.00079906772589311,-0.001632349332794547,0.03247007727622986,0.1044970378279686,0.18242549896240234,5.9457001043483615e-05,0.0,0.0,0.0,-0.5180147886276245,10.183874130249023,0.08082294464111328,9.767102241516113,0.6240870356559753,-10.0,-9.875774383544922,13.4537935256958,2.0,2.0,19.33791732788086,0.30357420444488525,0.28977540135383606,0.30357420444488525,0.29590821266174316,0.0,0.30469265580177307,0.30469265580177307,0.30469265580177307,0.30469265580177307,0.0,-0.026978978887200356,0.19973784685134888,-9.799186706542969,0.0,0.0,0.0,0.0,0.0,0.0,0.0,0.0,0.0,0.0,0.0,0.0,0.0,0.0,0.0,0.30469274520874023,0.30469274520874023,0.304692804813385,0.30469274520874023,0.3109301030635834,0.04114978387951851,0.04114978387951851,0.41699498891830444,-0.07761657238006592,0.018330194056034088,0.35415855050086975,0.0,0.0,0.0,0.0,0.0,0.0,0.0
67849488627,0,-0.011820914223790169,-0.1517947018146515,-0.12905670702457428,-0.011820914223790169,-0.1517947018146515,-0.8290566802024841,0.03776887431740761,-0.008575305342674255,0.0014667907962575555,0.0,0.0,0.0,-0.013172289356589317,-0.022943250834941864,-0.012153132818639278,0.0,0.0,-0.012153132818639278,-0.0008496181108057499,-0.0017722290940582752,0.02541309781372547,0.1044970378279686,0.18242549896240234,5.9457001043483615e-05,0.0,0.0,0.0,-0.5180147886276245,10.183874130249023,0.08082294464111328,9.767102241516113,0.6240870356559753,-10.0,-9.875774383544922,13.20240306854248,2.0,2.0,19.590192794799805,0.30357420444488525,0.28977540135383606,0.30357420444488525,0.29590821266174316,0.0,0.30469265580177307,0.30469265580177307,0.30469265580177307,0.30469265580177307,0.0,-0.026978978887200356,0.19973784685134888,-9.799186706542969,0.0,0.0,0.0,0.0,0.0,0.0,0.0,0.0,0.0,0.0,0.0,0.0,0.0,0.0,0.0,0.30469274520874023,0.30469274520874023,0.304692804813385,0.30469274520874023,0.3088528513908386,0.04114978387951851,0.04114978387951851,0.4189254641532898,-0.04442581906914711,0.006513973232358694,-0.1521238088607788,0.0,0.0,0.0,0.0,0.0,0.0,0.0
67858539557,0,-0.011524837464094162,-0.15162844955921173,-0.128977969288826,-0.011524837464094162,-0.15162844955921173,-0.8289779424667358,0.04144611954689026,-0.006830747704952955,0.001227627508342266,0.0,0.0,0.0,-0.013126036152243614,-0.022924168035387993,-0.012228688225150108,0.0,0.0,-0.012228688225150108,-0.0008496181108057499,-0.0017722290940582752,0.02541309781372547,0.10423680394887924,0.18265318870544434,0.0001054718013620004,0.0,0.0,0.0,-0.5161780714988708,10.18436050415039,0.0905599594116211,9.767175674438477,0.6217087507247925,-10.0,-9.875195503234863,13.20240306854248,2.0,2.0,19.590192794799805,0.30357420444488525,0.28977540135383606,0.30357420444488525,0.29590821266174316,0.0,0.30469265580177307,0.30469265580177307,0.30469265580177307,0.30469265580177307,0.0,-0.022913379594683647,0.18837912380695343,-9.815534591674805,0.0,0.0,0.0,0.0,0.0,0.0,0.0,0.0,0.0,0.0,0.0,0.0,0.0,0.0,0.0,0.30469274520874023,0.30469274520874023,0.304692804813385,0.30469274520874023,0.3040107190608978,0.04114978387951851,0.04114978387951851,0.4235127568244934,-0.04442581906914711,0.006513973232358694,-0.1521238088607788,0.0,0.0,0.0,0.0,0.0,0.0,0.0
67867375605,0,-0.011524837464094162,-0.15162844955921173,-0.128977969288826,-0.011524837464094162,-0.15162844955921173,-0.8289779424667358,0.04144611954689026,-0.006830747704952955,0.001227627508342266,0.0,0.0,0.0,-0.013126036152243614,-0.022924168035387993,-0.012228688225150108,0.0,0.0,-0.012228688225150108,-0.0010951708536595106,-0.0010294212261214852,0.0004291092336643487,0.10434067249298096,0.18224164843559265,0.00032520550303161144,0.0,0.0,0.0,-0.5111596584320068,10.1830415725708,0.11664676666259766,9.767305374145508,0.6217087507247925,-10.0,-9.875195503234863,12.524826049804688,2.0,2.0,20.26169776916504,0.30357420444488525,0.28977540135383606,0.30357420444488525,0.29590821266174316,0.0,0.30469265580177307,0.30469265580177307,0.30469265580177307,0.30469265580177307,0.0,-0.02578723058104515,0.14619557559490204,-9.814993858337402,0.0,0.0,0.0,0.0,0.0,0.0,0.0,0.0,0.0,0.0,0.0,0.0,0.0,0.0,0.0,0.30469274520874023,0.30469274520874023,0.304692804813385,0.30469274520874023,0.3040107190608978,0.04114978387951851,0.04114978387951851,0.4235127568244934,-0.030212081968784332,0.037315670400857925,-0.9429428577423096,0.0,0.0,0.0,0.0,0.0,0.0,0.0
67877494631,0,-0.011524837464094162,-0.15162844955921173,-0.128977969288826,-0.011524837464094162,-0.15162844955921173,-0.8289779424667358,0.04144611954689026,-0.006830747704952955,0.001227627508342266,0.0,0.0,0.0,-0.013126036152243614,-0.022924168035387993,-0.012228688225150108,0.0,0.0,-0.012228688225150108,-0.0010951708536595106,-0.0010294212261214852,0.0004291092336643487,0.10434067249298096,0.18224164843559265,0.00032520550303161144,0.0,0.0,0.0,-0.5111596584320068,10.1830415725708,0.11664676666259766,9.767305374145508,0.6169367432594299,-10.0,-9.874662399291992,12.524826049804688,2.0,2.0,20.26169776916504,0.30357420444488525,0.28977540135383606,0.30357420444488525,0.29590821266174316,0.0,0.30469265580177307,0.30469265580177307,0.30469265580177307,0.30469265580177307,0.0,-0.02578723058104515,0.14619557559490204,-9.814993858337402,0.0,0.0,0.0,0.0,0.0,0.0,0.0,0.0,0.0,0.0,0.0,0.0,0.0,0.0,0.0,0.30469274520874023,0.30469274520874023,0.304692804813385,0.30469274520874023,0.2908981442451477,0.04114978387951851,0.04114978387951851,0.43567323684692383,-0.030212081968784332,0.037315670400857925,-0.9429428577423096,0.0,0.0,0.0,0.0,0.0,0.0,0.0
67888714569,0,-0.011280931532382965,-0.1515081524848938,-0.12892557680606842,-0.011280931532382965,-0.1515081524848938,-0.8289255499839783,0.043113306164741516,-0.006770237814635038,0.0011598538840189576,0.0,0.0,0.0,-0.01313857827335596,-0.022809213027358055,-0.012698780745267868,0.0,0.0,-0.012698780745267868,-0.002370961243286729,0.0025455811992287636,-0.023441895842552185,0.10461802780628204,0.18087990581989288,0.0003207373374607414,0.0,0.0,0.0,-0.5044606924057007,10.176907539367676,0.13589763641357422,9.767439842224121,0.6121420860290527,-10.0,-9.875162124633789,12.02120304107666,2.0,2.0,20.74400520324707,0.30357420444488525,0.28977540135383606,0.30357420444488525,0.29590821266174316,0.0,0.30469265580177307,0.30469265580177307,0.30469265580177307,0.30469265580177307,0.0,-0.07589437067508698,0.12941941618919373,-9.804579734802246,0.0,0.0,0.0,0.0,0.0,0.0,0.0,0.0,0.0,0.0,0.0,0.0,0.0,0.0,0.0,0.30469274520874023,0.30469274520874023,0.304692804813385,0.30469274520874023,0.2810937762260437,0.04114978387951851,0.04114978387951851,0.4443637728691101,-0.069237619638443,0.14264914393424988,-1.0353686809539795,0.0,0.0,0.0,0.0,0.0,0.0,0.0
67897687247,0,-0.011280931532382965,-0.1515081524848938,-0.12892557680606842,-0.011280931532382965,-0.1515081524848938,-0.8289255499839783,0.043113306164741516,-0.006770237814635038,0.0011598538840189576,0.0,0.0,0.0,-0.01313857827335596,-0.022809213027358055,-0.012698780745267868,0.0,0.0,-0.012698780745267868,-0.0031653600744903088,0.0032402588985860348,-0.02899768017232418,0.10475733876228333,0.18071208894252777,0.0002786492113955319,0.0,0.0,0.0,-0.5010695457458496,10.176430702209473,0.13782405853271484,9.767560005187988,0.6097431182861328,-10.0,-9.875680923461914,11.975296020507812,2.0,2.0,20.788002014160156,0.30357420444488525,0.28977540135383606,0.30357420444488525,0.29590821266174316,0.0,0.30469265580177307,0.30469265580177307,0.30469265580177307,0.30469265580177307,0.0,-0.1037697046995163,0.10453388094902039,-9.768654823303223,0.0,0.0,0.0,0.0,0.0,0.0,0.0,0.0,0.0,0.0,0.0,0.0,0.0,0.0,0.0,0.30469274520874023,0.30469274520874023,0.304692804813385,0.30469274520874023,0.280197411775589,0.04114978387951851,0.04114978387951851,0.4451546370983124,-0.07509016990661621,0.1041221171617508,-0.7745731472969055,0.0,0.0,0.0,0.0,0.0,0.0,0.0
67907484489,0,-0.011030218563973904,-0.15138539671897888,-0.12886390089988708,-0.011030218563973904,-0.15138539671897888,-0.8288638591766357,0.04375914856791496,-0.007146006915718317,0.002017644699662924,0.0,0.0,0.0,-0.013193735852837563,-0.022723698988556862,-0.013108366169035435,0.0,0.0,-0.013108366169035435,-0.003316891612485051,0.0027312475722283125,-0.028857018798589706,0.10475733876228333,0.18071208894252777,0.0002786492113955319,0.0,0.0,0.0,-0.5010695457458496,10.176430702209473,0.13782405853271484,9.767560005187988,0.6097431182861328,-10.0,-9.875680923461914,11.975296020507812,2.0,2.0,20.788002014160156,0.30357420444488525,0.28977540135383606,0.30357420444488525,0.29590821266174316,0.0,0.30469265580177307,0.30469265580177307,0.30469265580177307,0.30469265580177307,0.0,-0.1037697046995163,0.10453388094902039,-9.768654823303223,0.0,0.0,0.0,0.0,0.0,0.0,0.0,0.0,0.0,0.0,0.0,0.0,0.0,0.0,0.0,0.30469274520874023,0.30469274520874023,0.304692804813385,0.30469274520874023,0.280197411775589,0.04114978387951851,0.04114978387951851,0.4451546370983124,-0.048546113073825836,0.030426504090428352,-0.38220661878585815,0.0,0.0,0.0,0.0,0.0,0.0,0.0
67918071253,0,-0.010903139598667622,-0.15132875740528107,-0.12882766127586365,-0.010903139598667622,-0.15132875740528107,-0.8288276195526123,0.043754708021879196,-0.007320341654121876,0.002294435165822506,0.0,0.0,0.0,-0.013210682198405266,-0.022699730470776558,-0.013234595768153667,0.0,0.0,-0.013234594836831093,-0.0032364351209253073,0.0021498333662748337,-0.024084581062197685,0.10493553429841995,0.18045303225517273,0.00018930051010102034,0.0,0.0,0.0,-0.49684038758277893,10.178400039672852,0.1268291473388672,9.767865180969238,0.6052446961402893,-10.0,-9.876688957214355,12.27310562133789,2.0,2.0,20.496793746948242,0.30357420444488525,0.28977540135383606,0.30357420444488525,0.29590821266174316,0.0,0.30469265580177307,0.30469265580177307,0.30469265580177307,0.30469265580177307,0.0,-0.17664308845996857,0.04197550565004349,-9.753867149353027,0.0,0.0,0.0,0.0,0.0,0.0,0.0,0.0,0.0,0.0,0.0,0.0,0.0,0.0,0.0,0.30469274520874023,0.30469274520874023,0.304692804813385,0.30469274520874023,0.28600382804870605,0.04114978387951851,0.04114978387951851,0.43991395831108093,-0.023234590888023376,-0.009730140678584576,0.020025083795189857,0.0,0.0,0.0,0.0,0.0,0.0,0.0
67932632325,0,-0.010903139598667622,-0.15132875740528107,-0.12882766127586365,-0.01055186428129673,-0.1511879712343216,-0.8287056684494019,0.043754708021879196,-0.007320341654121876,0.002294435165822506,0.0,0.0,0.0,-0.013210682198405266,-0.022699730470776558,-0.013234595768153667,0.0,0.0,-0.012945329770445824,-0.001990973250940442,0.0008122397121042013,-0.0024382055271416903,0.10493553429841995,0.18045303225517273,0.00018930051010102034,0.0,0.0,0.0,-0.49684038758277893,10.178400039672852,0.1268291473388672,9.767865180969238,0.6052446961402893,-10.0,-9.876688957214355,12.27310562133789,2.0,2.0,20.496793746948242,0.30357420444488525,0.28977540135383606,0.30357420444488525,0.29590821266174316,0.0,0.30469265580177307,0.30469265580177307,0.30469265580177307,0.30469265580177307,0.0,-0.17664308845996857,0.04197550565004349,-9.753867149353027,0.0,0.0,0.0,0.0,0.0,0.0,0.0,0.0,0.0,0.0,0.0,0.0,0.0,0.0,0.0,0.30469274520874023,0.30469274520874023,0.304692804813385,0.30469274520874023,0.28600382804870605,0.04114978387951851,0.04114978387951851,0.43991395831108093,0.0333724282681942,-0.0356924831867218,0.7900499105453491,0.0,0.0,0.0,0.0,0.0,0.0,0.0
67937447320,0,-0.01055186428129673,-0.1511879712343216,-0.12870566546916962,-0.01055186428129673,-0.1511879712343216,-0.8287056684494019,0.04231063276529312,-0.00880991481244564,0.002268906682729721,0.0,0.0,0.0,-0.013201413676142693,-0.0226505808532238,-0.012945329770445824,0.0,0.0,-0.012945329770445824,-0.001990973250940442,0.0008122397121042013,-0.0024382055271416903,0.10492867231369019,0.18007341027259827,-5.738139589084312e-05,0.0,0.0,0.0,-0.4938583970069885,10.179617881774902,0.10279655456542969,9.768290519714355,0.6004443168640137,-10.0,-9.877202033996582,12.90926456451416,2.0,2.0,19.865631103515625,0.30357420444488525,0.28977540135383606,0.30357420444488525,0.29590821266174316,0.0,0.30469265580177307,0.30469265580177307,0.30469265580177307,0.30469265580177307,0.0,-0.17664308845996857,0.04197550565004349,-9.753867149353027,0.0,0.0,0.0,0.0,0.0,0.0,0.0,0.0,0.0,0.0,0.0,0.0,0.0,0.0,0.0,0.30469274520874023,0.30469274520874023,0.304692804813385,0.30469274520874023,0.29834869503974915,0.04114978387951851,0.04114978387951851,0.4285094738006592,0.0333724282681942,-0.0356924831867218,0.7900499105453491,0.0,0.0,0.0,0.0,0.0,0.0,0.0
67948333886,0,-0.010446741245687008,-0.15115414559841156,-0.1286679059267044,-0.010446741245687008,-0.15115414559841156,-0.8286678791046143,0.04107464477419853,-0.009588992223143578,0.0020765664521604776,0.0,0.0,0.0,-0.013203425332903862,-0.022631889209151268,-0.012693989090621471,0.0,0.0,-0.012693989090621471,-0.0013849812094122171,0.00042519799899309874,0.008310981094837189,0.10494276881217957,0.17992594838142395,-0.00012229788990225643,0.0,0.0,0.0,-0.4923636019229889,10.179708480834961,0.09282112121582031,9.7684907913208,0.6004443168640137,-10.0,-9.877202033996582,13.173056602478027,2.0,2.0,19.602558135986328,0.30357420444488525,0.28977540135383606,0.30357420444488525,0.29590821266174316,0.0,0.30469265580177307,0.30469265580177307,0.30469265580177307,0.30469265580177307,0.0,-0.17664308845996857,0.04197550565004349,-9.753867149353027,0.0,0.0,0.0,0.0,0.0,0.0,0.0,0.0,0.0,0.0,0.0,0.0,0.0,0.0,0.0,0.30469274520874023,0.30469274520874023,0.304692804813385,0.30469274520874023,0.29834869503974915,0.04114978387951851,0.04114978387951851,0.4285094738006592,0.04674754664301872,-0.037918027490377426,0.9640506505966187,0.0,0.0,0.0,0.0,0.0,0.0,0.0
67958829122,0,-0.010446741245687008,-0.15115414559841156,-0.1286679059267044,-0.010446741245687008,-0.15115414559841156,-0.8286678791046143,0.04107464477419853,-0.009588992223143578,0.0020765664521604776,0.0,0.0,0.0,-0.013203425332903862,-0.022631889209151268,-0.012693989090621471,0.0,0.0,-0.012693989090621471,-0.0013849812094122171,0.00042519799899309874,0.008310981094837189,0.10494276881217957,0.17992594838142395,-0.00012229788990225643,0.0,0.0,0.0,-0.4923636019229889,10.179708480834961,0.09282112121582031,9.7684907913208,0.5983842015266418,-10.0,-9.877138137817383,13.173056602478027,2.0,2.0,19.602558135986328,0.30357420444488525,0.28977540135383606,0.30357420444488525,0.29590821266174316,0.0,0.30469265580177307,0.30469265580177307,0.30469265580177307,0.30469265580177307,0.0,-0.28037798404693604,0.034361548721790314,-9.819319725036621,0.0,0.0,0.0,0.0,0.0,0.0,0.0,0.0,0.0,0.0,0.0,0.0,0.0,0.0,0.0,0.30469274520874023,0.30469274520874023,0.304692804813385,0.30469274520874023,0.3034447133541107,0.04114978387951851,0.04114978387951851,0.42373737692832947,0.04674754664301872,-0.037918027490377426,0.9640506505966187,0.0,0.0,0.0,0.0,0.0,0.0,0.0
67967969167,0,-0.01028083823621273,-0.1510961800813675,-0.1286022663116455,-0.01028083823621273,-0.1510961800813675,-0.8286022543907166,0.038631144911050797,-0.010841382667422295,0.0017623595194891095,0.0,0.0,0.0,-0.013215787708759308,-0.022555045783519745,-0.012060632929205894,0.0,0.0,-0.012060632929205894,-0.00043844073661603034,0.0009712412138469517,0.02612818218767643,0.10499286651611328,0.17898598313331604,1.1595180694712326e-05,0.0,0.0,0.0,-0.4889833331108093,10.178110122680664,0.07895469665527344,9.768942832946777,0.5939751863479614,-10.0,-9.876446723937988,13.53901195526123,2.0,2.0,19.231952667236328,0.30357420444488525,0.28977540135383606,0.30357420444488525,0.29590821266174316,0.0,0.30469265580177307,0.30469265580177307,0.30469265580177307,0.30469265580177307,0.0,-0.29523447155952454,0.04123598709702492,-9.81375503540039,0.0,0.0,0.0,0.0,0.0,0.0,0.0,0.0,0.0,0.0,0.0,0.0,0.0,0.0,0.0,0.30469274520874023,0.30469274520874023,0.304692804813385,0.30469274520874023,0.3104915916919708,0.04114978387951851,0.04114978387951851,0.41699567437171936,0.048586711287498474,0.023512154817581177,0.8813268542289734,0.0,0.0,0.0,0.0,0.0,0.0,0.0
67977769170,0,-0.01028083823621273,-0.1510961800813675,-0.1286022663116455,-0.01028083823621273,-0.1510961800813675,-0.8286022543907166,0.038631144911050797,-0.010841382667422295,0.0017623595194891095,0.0,0.0,0.0,-0.013215787708759308,-0.022555045783519745,-0.012060632929205894,0.0,0.0,-0.012060632929205894,0.00044192979112267494,0.002535521984100342,0.02910139039158821,0.1046643927693367,0.17851954698562622,3.822168582701124e-05,0.0,0.0,0.0,-0.48806172609329224,10.175201416015625,0.07908916473388672,9.769192695617676,0.5915992856025696,-10.0,-9.875887870788574,13.532257080078125,2.0,2.0,19.229270935058594,0.30357420444488525,0.28977540135383606,0.30357420444488525,0.29590821266174316,0.0,0.30469265580177307,0.30469265580177307,0.30469265580177307,0.30469265580177307,0.0,-0.3059481680393219,0.05749273672699928,-9.778945922851562,0.0,0.0,0.0,0.0,0.0,0.0,0.0,0.0,0.0,0.0,0.0,0.0,0.0,0.0,0.0,0.30469274520874023,0.30469274520874023,0.304692804813385,0.30469274520874023,0.3103618621826172,0.04114978387951851,0.04114978387951851,0.4169468283653259,0.06849157810211182,0.07824594527482986,0.5808688998222351,0.0,0.0,0.0,0.0,0.0,0.0,0.0
67989464313,0,-0.010163054801523685,-0.1510566622018814,-0.12854142487049103,-0.010148826986551285,-0.1510431319475174,-0.828511655330658,0.03618844226002693,-0.01154068112373352,0.0020085591822862625,0.0,0.0,0.0,-0.013177076354622841,-0.022435706108808517,-0.01150416862219572,0.0,0.0,-0.011362370103597641,0.00044192979112267494,0.002535521984100342,0.02910139039158821,0.1046643927693367,0.17851954698562622,3.822168582701124e-05,0.0,0.0,0.0,-0.48806172609329224,10.175201416015625,0.07908916473388672,9.769192695617676,0.5915992856025696,-10.0,-9.875887870788574,13.532257080078125,2.0,2.0,19.229270935058594,0.30357420444488525,0.28977540135383606,0.30357420444488525,0.29590821266174316,0.0,0.30469265580177307,0.30469265580177307,0.30469265580177307,0.30469265580177307,0.0,-0.3059481680393219,0.05749273672699928,-9.778945922851562,0.0,0.0,0.0,0.0,0.0,0.0,0.0,0.0,0.0,0.0,0.0,0.0,0.0,0.0,0.0,0.30469274520874023,0.30469274520874023,0.304692804813385,0.30469274520874023,0.3103618621826172,0.04114978387951851,0.04114978387951851,0.4169468283653259,0.06849157810211182,0.07824594527482986,0.5808688998222351,0.0,0.0,0.0,0.0,0.0,0.0,0.0
67997738640,0,-0.010148826986551285,-0.1510431319475174,-0.12851165235042572,-0.010148826986551285,-0.1510431319475174,-0.828511655330658,0.035120245069265366,-0.011551410891115665,0.0019838684238493443,0.0,0.0,0.0,-0.013160720467567444,-0.022469455376267433,-0.011362370103597641,0.0,0.0,-0.011362370103597641,0.0016862958436831832,-0.0007805483764968812,0.018796944990754128,0.10449250787496567,0.17893849313259125,0.00015066287596710026,0.0,0.0,0.0,-0.4847638010978699,10.180876731872559,0.0940103530883789,9.769696235656738,0.5869157910346985,-10.0,-9.874886512756348,13.155710220336914,2.0,2.0,19.62299156188965,0.30357420444488525,0.28977540135383606,0.30357420444488525,0.29590821266174316,0.0,0.30469265580177307,0.30469265580177307,0.30469265580177307,0.30469265580177307,0.0,-0.24770615994930267,0.11478450894355774,-9.799437522888184,0.0,0.0,0.0,0.0,0.0,0.0,0.0,0.0,0.0,0.0,0.0,0.0,0.0,0.0,0.0,0.30469274520874023,0.30469274520874023,0.304692804813385,0.30469274520874023,0.30310991406440735,0.04114978387951851,0.04114978387951851,0.4241083562374115,0.06542248278856277,-0.1157386302947998,-0.2805142104625702,0.0,0.0,0.0,0.0,0.0,0.0,0.0
68007465573,0,-0.010148826986551285,-0.1510431319475174,-0.12851165235042572,-0.010144227184355259,-0.15102238953113556,-0.8284528851509094,0.035120245069265366,-0.011551410891115665,0.0019838684238493443,0.0,0.0,0.0,-0.013160720467567444,-0.022469455376267433,-0.011362370103597641,0.0,0.0,-0.011390921659767628,0.002438122872263193,-0.0013113177847117186,-0.0009613386355340481,0.10449250787496567,0.17893849313259125,0.00015066287596710026,0.0,0.0,0.0,-0.4847638010978699,10.180876731872559,0.0940103530883789,9.769696235656738,0.5869157910346985,-10.0,-9.874886512756348,13.155710220336914,2.0,2.0,19.62299156188965,0.30357420444488525,0.28977540135383606,0.30357420444488525,0.29590821266174316,0.0,0.30469265580177307,0.30469265580177307,0.30469265580177307,0.30469265580177307,0.0,-0.20527055859565735,0.11812932789325714,-9.819076538085938,0.0,0.0,0.0,0.0,0.0,0.0,0.0,0.0,0.0,0.0,0.0,0.0,0.0,0.0,0.0,0.30469274520874023,0.30469274520874023,0.304692804813385,0.30469274520874023,0.30310991406440735,0.04114978387951851,0.04114978387951851,0.4241083562374115,0.048320915549993515,-0.05838776379823685,-0.847805380821228,0.0,0.0,0.0,0.0,0.0,0.0,0.0
68017919392,0,-0.010144227184355259,-0.15102238953113556,-0.12845288217067719,-0.010144227184355259,-0.15102238953113556,-0.8284528851509094,0.033520959317684174,-0.011176944710314274,0.002077120589092374,0.0,0.0,0.0,-0.013081694021821022,-0.02245452255010605,-0.011390921659767628,0.0,0.0,-0.011390921659767628,0.002438122872263193,-0.0013113177847117186,-0.0009613386355340481,0.10401669144630432,0.17837677896022797,0.000234045393881388,0.0,0.0,0.0,-0.48183220624923706,10.180272102355957,0.1138162612915039,9.77014446258545,0.5829275846481323,-10.0,-9.87458610534668,12.640531539916992,2.0,2.0,20.134904861450195,0.30357420444488525,0.28977540135383606,0.30357420444488525,0.29590821266174316,0.0,0.30469265580177307,0.30469265580177307,0.30469265580177307,0.30469265580177307,0.0,-0.20527055859565735,0.11812932789325714,-9.819076538085938,0.0,0.0,0.0,0.0,0.0,0.0,0.0,0.0,0.0,0.0,0.0,0.0,0.0,0.0,0.0,0.30469274520874023,0.30469274520874023,0.304692804813385,0.30469274520874023,0.30310991406440735,0.04114978387951851,0.04114978387951851,0.4241083562374115,0.048320915549993515,-0.05838776379823685,-0.847805380821228,0.0,0.0,0.0,0.0,0.0,0.0,0.0
68027446178,0,-0.010144227184355259,-0.15102238953113556,-0.12845288217067719,-0.01016197632998228,-0.15100419521331787,-0.8284034729003906,0.033520959317684174,-0.011176944710314274,0.002077120589092374,0.0,0.0,0.0,-0.013081694021821022,-0.02245452255010605,-0.011390921659767628,0.0,0.0,-0.011709197424352169,0.0024791827891021967,-0.0024912909138947725,-0.013985620811581612,0.10401669144630432,0.17837677896022797,0.000234045393881388,0.0,0.0,0.0,-0.48183220624923706,10.180272102355957,0.1138162612915039,9.77014446258545,0.5829275846481323,-10.0,-9.87458610534668,12.640531539916992,2.0,2.0,20.134904861450195,0.30357420444488525,0.28977540135383606,0.30357420444488525,0.29590821266174316,0.0,0.30469265580177307,0.30469265580177307,0.30469265580177307,0.30469265580177307,0.0,-0.20527055859565735,0.11812932789325714,-9.819076538085938,0.0,0.0,0.0,0.0,0.0,0.0,0.0,0.0,0.0,0.0,0.0,0.0,0.0,0.0,0.0,0.30469274520874023,0.30469274520874023,0.304692804813385,0.30469274520874023,0.2931436002254486,0.04114978387951851,0.04114978387951851,0.43338266015052795,0.02576025389134884,-0.07821556180715561,-0.9665607810020447,0.0,0.0,0.0,0.0,0.0,0.0,0.0
68037493358,0,-0.01016197632998228,-0.15100419521331787,-0.1284034550189972,-0.01016197632998228,-0.15100419521331787,-0.8284034729003906,0.032606661319732666,-0.011196814477443695,0.0018120737513527274,0.0,0.0,0.0,-0.013003346510231495,-0.022512255236506462,-0.011709197424352169,0.0,0.0,-0.011709197424352169,0.0024791827891021967,-0.0024912909138947725,-0.013985620811581612,0.10336808115243912,0.17896586656570435,0.000393238035030663,0.0,0.0,0.0,-0.47964727878570557,10.182239532470703,0.12475109100341797,9.770466804504395,0.5802785754203796,-10.0,-9.874768257141113,12.36069393157959,2.0,2.0,20.420299530029297,0.30357420444488525,0.28977540135383606,0.30357420444488525,0.29590821266174316,0.0,0.30469265580177307,0.30469265580177307,0.30469265580177307,0.30469265580177307,0.0,-0.19227498769760132,0.11966537684202194,-9.820959091186523,0.0,0.0,0.0,0.0,0.0,0.0,0.0,0.0,0.0,0.0,0.0,0.0,0.0,0.0,0.0,0.30469274520874023,0.30469274520874023,0.304692804813385,0.30469274520874023,0.2877083420753479,0.04114978387951851,0.04114978387951851,0.4385351538658142,0.02576025389134884,-0.07821556180715561,-0.9665607810020447,0.0,0.0,0.0,0.0,0.0,0.0,0.0
68047777333,0,-0.010198669508099556,-0.15098169445991516,-0.12836714088916779,-0.010198669508099556,-0.15098169445991516,-0.8283671140670776,0.032768383622169495,-0.010483724996447563,0.0017609348287805915,0.0,0.0,0.0,-0.012974116951227188,-0.022496948018670082,-0.012167679145932198,0.0,0.0,-0.012167678214609623,0.0020248624496161938,-0.002824109047651291,-0.026251288130879402,0.10273201018571854,0.17878302931785583,0.00025694663054309785,0.0,0.0,0.0,-0.4748684763908386,10.181924819946289,0.131256103515625,9.771039962768555,0.5759725570678711,-10.0,-9.875550270080566,12.197291374206543,2.0,2.0,20.581953048706055,0.30357420444488525,0.28977540135383606,0.30357420444488525,0.29590821266174316,0.0,0.30469265580177307,0.30469265580177307,0.30469265580177307,0.30469265580177307,0.0,-0.19227498769760132,0.11966537684202194,-9.820959091186523,0.0,0.0,0.0,0.0,0.0,0.0,0.0,0.0,0.0,0.0,0.0,0.0,0.0,0.0,0.0,0.30469274520874023,0.30469274520874023,0.304692804813385,0.30469274520874023,0.2845274806022644,0.04114978387951851,0.04114978387951851,0.4414478838443756,0.0006931233801878989,-0.025614513084292412,-0.6759718656539917,0.0,0.0,0.0,0.0,0.0,0.0,0.0
68058541258,0,-0.010230446234345436,-0.15095140039920807,-0.12833023071289062,-0.010230446234345436,-0.15095140039920807,-0.8283302187919617,0.03401482105255127,-0.009211870841681957,0.0020479359664022923,0.0,0.0,0.0,-0.012921977788209915,-0.022409414872527122,-0.012323263101279736,0.0,0.0,-0.012323263101279736,0.0020248624496161938,-0.002824109047651291,-0.026251288130879402,0.10273201018571854,0.17878302931785583,0.00025694663054309785,0.0,0.0,0.0,-0.4748684763908386,10.181924819946289,0.131256103515625,9.771039962768555,0.5759725570678711,-10.0,-9.875550270080566,12.197291374206543,2.0,2.0,20.581953048706055,0.30357420444488525,0.28977540135383606,0.30357420444488525,0.29590821266174316,0.0,0.30469265580177307,0.30469265580177307,0.30469265580177307,0.30469265580177307,0.0,-0.07621976733207703,0.1520751714706421,-9.776912689208984,0.0,0.0,0.0,0.0,0.0,0.0,0.0,0.0,0.0,0.0,0.0,0.0,0.0,0.0,0.0,0.30469274520874023,0.30469274520874023,0.304692804813385,0.30469274520874023,0.2845274806022644,0.04114978387951851,0.04114978387951851,0.4414478838443756,0.0006931233801878989,-0.025614513084292412,-0.6759718656539917,0.0,0.0,0.0,0.0,0.0,0.0,0.0
68069352679,0,-0.010230446234345436,-0.15095140039920807,-0.12833023071289062,-0.010230446234345436,-0.15095140039920807,-0.8283302187919617,0.03401482105255127,-0.009211870841681957,0.0020479359664022923,0.0,0.0,0.0,-0.012921977788209915,-0.022409414872527122,-0.012323263101279736,0.0,0.0,-0.012323263101279736,0.0019784830510616302,-0.0006240816437639296,-0.022337328642606735,0.10247348994016647,0.17850513756275177,0.00017450471932534128,0.0,0.0,0.0,-0.4711834192276001,10.178436279296875,0.12055110931396484,9.771674156188965,0.5716618895530701,-10.0,-9.876459121704102,12.440946578979492,2.0,2.0,20.326284408569336,0.30357420444488525,0.28977540135383606,0.30357420444488525,0.29590821266174316,0.0,0.30469265580177307,0.30469265580177307,0.30469265580177307,0.30469265580177307,0.0,-0.07621976733207703,0.1520751714706421,-9.776912689208984,0.0,0.0,0.0,0.0,0.0,0.0,0.0,0.0,0.0,0.0,0.0,0.0,0.0,0.0,0.0,0.30469274520874023,0.30469274520874023,0.304692804813385,0.30469274520874023,0.289986252784729,0.04114978387951851,0.04114978387951851,0.4361923933029175,0.004180915653705597,0.06564124673604965,-0.023497050628066063,0.0,0.0,0.0,0.0,0.0,0.0,0.0
68078454806,0,-0.010222566314041615,-0.15093091130256653,-0.12830933928489685,-0.010222566314041615,-0.15093091130256653,-0.8283092975616455,0.03479551523923874,-0.00834836158901453,0.0023465852718800306,0.0,0.0,0.0,-0.0129258306697011,-0.022426925599575043,-0.012272628024220467,0.0,0.0,-0.012272628024220467,0.0012363361893221736,0.0006457861163653433,-0.01282575260847807,0.10253344476222992,0.17785455286502838,0.00012755795614793897,0.0,0.0,0.0,-0.46776795387268066,10.17630386352539,0.1102895736694336,9.772040367126465,0.5693541169166565,-10.0,-9.876787185668945,12.74859619140625,2.0,2.0,20.013153076171875,0.30357420444488525,0.28977540135383606,0.30357420444488525,0.29590821266174316,0.0,0.30469265580177307,0.30469265580177307,0.30469265580177307,0.30469265580177307,0.0,-0.06730605661869049,0.1626594513654709,-9.784538269042969,0.0,0.0,0.0,0.0,0.0,0.0,0.0,0.0,0.0,0.0,0.0,0.0,0.0,0.0,0.0,0.30469274520874023,0.30469274520874023,0.304692804813385,0.30469274520874023,0.2952384352684021,0.04114978387951851,0.04114978387951851,0.43118080496788025,-0.02890622988343239,0.09051331877708435,0.4171980619430542,0.0,0.0,0.0,0.0,0.0,0.0,0.0
68087767128,0,-0.010222566314041615,-0.15093091130256653,-0.12830933928489685,-0.010222566314041615,-0.15093091130256653,-0.8283092975616455,0.03479551523923874,-0.00834836158901453,0.0023465852718800306,0.0,0.0,0.0,-0.0129258306697011,-0.022426925599575043,-0.012272628024220467,0.0,0.0,-0.012272628024220467,-0.0005911716143600643,0.0016120502259582281,0.008133633062243462,0.10253344476222992,0.17785455286502838,0.00012755795614793897,0.0,0.0,0.0,-0.46776795387268066,10.17630386352539,0.1102895736694336,9.772040367126465,0.5693541169166565,-10.0,-9.876787185668945,12.74859619140625,2.0,2.0,20.013153076171875,0.30357420444488525,0.28977540135383606,0.30357420444488525,0.29590821266174316,0.0,0.30469265580177307,0.30469265580177307,0.30469265580177307,0.30469265580177307,0.0,-0.050233304500579834,0.16383662819862366,-9.808243751525879,0.0,0.0,0.0,0.0,0.0,0.0,0.0,0.0,0.0,0.0,0.0,0.0,0.0,0.0,0.0,0.30469274520874023,0.30469274520874023,0.304692804813385,0.30469274520874023,0.2952384352684021,0.04114978387951851,0.04114978387951851,0.43118080496788025,-0.06801125407218933,0.05309845507144928,0.8798231482505798,0.0,0.0,0.0,0.0,0.0,0.0,0.0
68098608223,0,-0.010162471793591976,-0.15089105069637299,-0.12824155390262604,-0.010162471793591976,-0.15089105069637299,-0.8282415270805359,0.03726812079548836,-0.007464278489351273,0.002632449846714735,0.0,0.0,0.0,-0.012915095314383507,-0.02230476215481758,-0.011647721752524376,0.0,0.0,-0.011647720821201801,-0.0005911716143600643,0.0016120502259582281,0.008133633062243462,0.10265067219734192,0.1773257702589035,-0.00015575895668007433,0.0,0.0,0.0,-0.460862934589386,10.175296783447266,0.08922100067138672,9.772737503051758,0.5650106072425842,-10.0,-9.876849174499512,13.309690475463867,2.0,2.0,19.449426651000977,0.30357420444488525,0.28977540135383606,0.30357420444488525,0.29590821266174316,0.0,0.30469265580177307,0.30469265580177307,0.30469265580177307,0.30469265580177307,0.0,-0.050233304500579834,0.16383662819862366,-9.808243751525879,0.0,0.0,0.0,0.0,0.0,0.0,0.0,0.0,0.0,0.0,0.0,0.0,0.0,0.0,0.0,0.30469274520874023,0.30469274520874023,0.304692804813385,0.30469274520874023,0.3060786724090576,0.04114978387951851,0.04114978387951851,0.42095431685447693,-0.06801125407218933,0.05309845507144928,0.8798231482505798,0.0,0.0,0.0,0.0,0.0,0.0,0.0
68107626112,0,-0.010129360482096672,-0.1508789211511612,-0.12821868062019348,-0.010129360482096672,-0.1508789211511612,-0.8282186985015869,0.038062021136283875,-0.00721574854105711,0.002444518730044365,0.0,0.0,0.0,-0.012921277433633804,-0.022231489419937134,-0.01135906483978033,0.0,0.0,-0.01135906483978033,-0.0009254197357222438,0.002290198812261224,0.016548926010727882,0.10265067219734192,0.1773257702589035,-0.00015575895668007433,0.0,0.0,0.0,-0.460862934589386,10.175296783447266,0.08922100067138672,9.772737503051758,0.5650106072425842,-10.0,-9.876849174499512,13.495527267456055,2.0,2.0,19.25954818725586,0.30357420444488525,0.28977540135383606,0.30357420444488525,0.29590821266174316,0.0,0.30469265580177307,0.30469265580177307,0.30469265580177307,0.30469265580177307,0.0,-0.06115084886550903,0.14026136696338654,-9.812618255615234,0.0,0.0,0.0,0.0,0.0,0.0,0.0,0.0,0.0,0.0,0.0,0.0,0.0,0.0,0.0,0.30469274520874023,0.30469274520874023,0.304692804813385,0.30469274520874023,0.3060786724090576,0.04114978387951851,0.04114978387951851,0.42095431685447693,-0.05078200250864029,0.0632573589682579,0.8986232876777649,0.0,0.0,0.0,0.0,0.0,0.0,0.0
68117825755,0,-0.010129360482096672,-0.1508789211511612,-0.12821868062019348,-0.010129360482096672,-0.1508789211511612,-0.8282186985015869,0.038062021136283875,-0.00721574854105711,0.002444518730044365,0.0,0.0,0.0,-0.012921277433633804,-0.022231489419937134,-0.01135906483978033,0.0,0.0,-0.01135906483978033,-0.0009254197357222438,0.002290198812261224,0.016548926010727882,0.1026993915438652,0.17674358189105988,-0.00017400858632754534,0.0,0.0,0.0,-0.4586310386657715,10.173975944519043,0.08217906951904297,9.773061752319336,0.5630095601081848,-10.0,-9.876630783081055,13.495527267456055,2.0,2.0,19.25954818725586,0.30357420444488525,0.28977540135383606,0.30357420444488525,0.29590821266174316,0.0,0.30469265580177307,0.30469265580177307,0.30469265580177307,0.30469265580177307,0.0,-0.06115084886550903,0.14026136696338654,-9.812618255615234,0.0,0.0,0.0,0.0,0.0,0.0,0.0,0.0,0.0,0.0,0.0,0.0,0.0,0.0,0.0,0.30469274520874023,0.30469274520874023,0.304692804813385,0.30469274520874023,0.30965566635131836,0.04114978387951851,0.04114978387951851,0.417498379945755,-0.05078200250864029,0.0632573589682579,0.8986232876777649,0.0,0.0,0.0,0.0,0.0,0.0,0.0
68127593349,0,-0.010050919838249683,-0.15084974467754364,-0.12817677855491638,-0.010050919838249683,-0.15084974467754364,-0.828176736831665,0.04029306396842003,-0.0071600922383368015,0.0023103130515664816,0.0,0.0,0.0,-0.012988308444619179,-0.022188834846019745,-0.010853873565793037,0.0,0.0,-0.010853873565793037,-0.0022602148819714785,0.001587581355124712,0.025587070733308792,0.10323457419872284,0.1764032244682312,-9.615242015570402e-05,0.0,0.0,0.0,-0.45212677121162415,10.175085067749023,0.07778263092041016,9.77380084991455,0.5582943558692932,-10.0,-9.875733375549316,13.622678756713867,2.0,2.0,19.13568687438965,0.30357420444488525,0.28977540135383606,0.30357420444488525,0.29590821266174316,0.0,0.30469265580177307,0.30469265580177307,0.30469265580177307,0.30469265580177307,0.0,-0.00892134103924036,0.08758096396923065,-9.796988487243652,0.0,0.0,0.0,0.0,0.0,0.0,0.0,0.0,0.0,0.0,0.0,0.0,0.0,0.0,0.0,0.30469274520874023,0.30469274520874023,0.304692804813385,0.30469274520874023,0.31209924817085266,0.04114978387951851,0.04114978387951851,0.41524097323417664,-0.06728038936853409,-0.02694382146000862,0.48877984285354614,0.0,0.0,0.0,0.0,0.0,0.0,0.0
68137815137,0,-0.009936459362506866,-0.1508088856935501,-0.12810879945755005,-0.009936459362506866,-0.1508088856935501,-0.8281087875366211,0.04206526651978493,-0.005290892906486988,0.004594144877046347,0.0,0.0,0.0,-0.012912249192595482,-0.022171080112457275,-0.010709659196436405,0.0,0.0,-0.01070965826511383,-0.0022602148819714785,0.001587581355124712,0.025587070733308792,0.10323457419872284,0.1764032244682312,-9.615242015570402e-05,0.0,0.0,0.0,-0.45212677121162415,10.175085067749023,0.07778263092041016,9.77380084991455,0.5582943558692932,-10.0,-9.875733375549316,13.622678756713867,2.0,2.0,19.13568687438965,0.30357420444488525,0.28977540135383606,0.30357420444488525,0.29590821266174316,0.0,0.30469265580177307,0.30469265580177307,0.30469265580177307,0.30469265580177307,0.0,-0.05138015374541283,0.1997421681880951,-9.67430305480957,0.0,0.0,0.0,0.0,0.0,0.0,0.0,0.0,0.0,0.0,0.0,0.0,0.0,0.0,0.0,0.30469274520874023,0.30469274520874023,0.304692804813385,0.30469274520874023,0.31209924817085266,0.04114978387951851,0.04114978387951851,0.41524097323417664,-0.06728038936853409,-0.02694382146000862,0.48877984285354614,0.0,0.0,0.0,0.0,0.0,0.0,0.0
68147696039,0,-0.009936459362506866,-0.1508088856935501,-0.12810879945755005,-0.009936459362506866,-0.1508088856935501,-0.8281087875366211,0.04206526651978493,-0.005290892906486988,0.004594144877046347,0.0,0.0,0.0,-0.012912249192595482,-0.022171080112457275,-0.010709659196436405,0.0,0.0,-0.01070965826511383,0.0014610980870202184,-0.000249198405072093,0.01428766455501318,0.10195506364107132,0.1760767698287964,0.000218478191527538,0.0,0.0,0.0,-0.4539618492126465,10.17715835571289,0.0931692123413086,9.774467468261719,0.5539688467979431,-10.0,-9.87496566772461,13.2200927734375,2.0,2.0,19.54424476623535,0.30357420444488525,0.28977540135383606,0.30357420444488525,0.29590821266174316,0.0,0.30469265580177307,0.30469265580177307,0.30469265580177307,0.30469265580177307,0.0,-0.027823882177472115,0.17808429896831512,-9.758451461791992,0.0,0.0,0.0,0.0,0.0,0.0,0.0,0.0,0.0,0.0,0.0,0.0,0.0,0.0,0.0,0.30469274520874023,0.30469274520874023,0.304692804813385,0.30469274520874023,0.30435171723365784,0.04114978387951851,0.04114978387951851,0.4226779341697693,0.11693564057350159,-0.06510789692401886,-0.3269554674625397,0.0,0.0,0.0,0.0,0.0,0.0,0.0
68157556197,0,-0.009869021363556385,-0.150777667760849,-0.12805946171283722,-0.009869021363556385,-0.150777667760849,-0.8280594348907471,0.04315321519970894,-0.0045251622796058655,0.005469201598316431,0.0,0.0,0.0,-0.012787088751792908,-0.02212171070277691,-0.010788342915475368,0.0,0.0,-0.010788342915475368,0.0039031333290040493,0.000443978700786829,0.00422884663566947,0.10195506364107132,0.1760767698287964,0.000218478191527538,0.0,0.0,0.0,-0.4539618492126465,10.17715835571289,0.0931692123413086,9.774467468261719,0.5539688467979431,-10.0,-9.87496566772461,13.2200927734375,2.0,2.0,19.54424476623535,0.30357420444488525,0.28977540135383606,0.30357420444488525,0.29590821266174316,0.0,0.30469265580177307,0.30469265580177307,0.30469265580177307,0.30469265580177307,0.0,-0.027823882177472115,0.17808429896831512,-9.758451461791992,0.0,0.0,0.0,0.0,0.0,0.0,0.0,0.0,0.0,0.0,0.0,0.0,0.0,0.0,0.0,0.30469274520874023,0.30469274520874023,0.304692804813385,0.30469274520874023,0.30435171723365784,0.04114978387951851,0.04114978387951851,0.4226779341697693,0.18114663660526276,-0.0005156697588972747,-0.6712904572486877,0.0,0.0,0.0,0.0,0.0,0.0,0.0
68168391576,0,-0.009869021363556385,-0.150777667760849,-0.12805946171283722,-0.009869021363556385,-0.150777667760849,-0.8280594348907471,0.04315321519970894,-0.0045251622796058655,0.005469201598316431,0.0,0.0,0.0,-0.012787088751792908,-0.02212171070277691,-0.010788342915475368,0.0,0.0,-0.010788342915475368,0.0039031333290040493,0.000443978700786829,0.00422884663566947,0.10150040686130524,0.17556215822696686,0.0002763881057035178,0.0,0.0,0.0,-0.45623546838760376,10.174880027770996,0.1055612564086914,9.774825096130371,0.5516783595085144,-10.0,-9.874807357788086,12.888257026672363,2.0,2.0,19.868253707885742,0.30357420444488525,0.28977540135383606,0.30357420444488525,0.29590821266174316,0.0,0.30469265580177307,0.30469265580177307,0.30469265580177307,0.30469265580177307,0.0,-0.027823882177472115,0.17808429896831512,-9.758451461791992,0.0,0.0,0.0,0.0,0.0,0.0,0.0,0.0,0.0,0.0,0.0,0.0,0.0,0.0,0.0,0.30469274520874023,0.30469274520874023,0.304692804813385,0.30469274520874023,0.2979423701763153,0.04114978387951851,0.04114978387951851,0.42855700850486755,0.18114663660526276,-0.0005156697588972747,-0.6712904572486877,0.0,0.0,0.0,0.0,0.0,0.0,0.0
68178693359,0,-0.009638316929340363,-0.1506284922361374,-0.12793558835983276,-0.009638316929340363,-0.1506284922361374,-0.8279355764389038,0.043233927339315414,-0.004389899782836437,0.0025251226034015417,0.0,0.0,0.0,-0.01273800153285265,-0.021909179165959358,-0.011497737839818,0.0,0.0,-0.011497737839818,0.003881603479385376,0.004544104915112257,-0.0223749577999115,0.10126304626464844,0.17416968941688538,0.000507446238771081,0.0,0.0,0.0,-0.44995588064193726,10.168561935424805,0.1270465850830078,9.775562286376953,0.547197699546814,-10.0,-9.875236511230469,12.325149536132812,2.0,2.0,20.40936279296875,0.30357420444488525,0.28977540135383606,0.30357420444488525,0.29590821266174316,0.0,0.30469265580177307,0.30469265580177307,0.30469265580177307,0.30469265580177307,0.0,-0.027823882177472115,0.17808429896831512,-9.758451461791992,0.0,0.0,0.0,0.0,0.0,0.0,0.0,0.0,0.0,0.0,0.0,0.0,0.0,0.0,0.0,0.30469274520874023,0.30469274520874023,0.304692804813385,0.30469274520874023,0.2870168387889862,0.04114978387951851,0.04114978387951851,0.43833786249160767,-0.004504306707531214,0.13778407871723175,-1.032798171043396,0.0,0.0,0.0,0.0,0.0,0.0,0.0
68187653577,0,-0.009573915973305702,-0.15056158602237701,-0.12791751325130463,-0.009573915973305702,-0.15056158602237701,-0.8279175162315369,0.04238882288336754,-0.005031268578022718,0.0010247068712487817,0.0,0.0,0.0,-0.01283623743802309,-0.02179000712931156,-0.011707885190844536,0.0,0.0,-0.011707885190844536,0.0002553816884756088,0.006319606211036444,-0.02873375080525875,0.10126304626464844,0.17416968941688538,0.000507446238771081,0.0,0.0,0.0,-0.44217029213905334,10.165671348571777,0.13037681579589844,9.775901794433594,0.547197699546814,-10.0,-9.875236511230469,12.245482444763184,2.0,2.0,20.478931427001953,0.30357420444488525,0.28977540135383606,0.30357420444488525,0.29590821266174316,0.0,0.30469265580177307,0.30469265580177307,0.30469265580177307,0.30469265580177307,0.0,-0.24204257130622864,0.09479678422212601,-9.965319633483887,0.0,0.0,0.0,0.0,0.0,0.0,0.0,0.0,0.0,0.0,0.0,0.0,0.0,0.0,0.0,0.30469274520874023,0.30469274520874023,0.304692804813385,0.30469274520874023,0.2870168387889862,0.04114978387951851,0.04114978387951851,0.43833786249160767,-0.18249765038490295,0.16590780019760132,-0.8840399384498596,0.0,0.0,0.0,0.0,0.0,0.0,0.0
68197563119,0,-0.009573915973305702,-0.15056158602237701,-0.12791751325130463,-0.009573915973305702,-0.15056158602237701,-0.8279175162315369,0.04238882288336754,-0.005031268578022718,0.0010247068712487817,0.0,0.0,0.0,-0.01283623743802309,-0.02179000712931156,-0.011707885190844536,0.0,0.0,-0.011707885190844536,0.0002553816884756088,0.006319606211036444,-0.02873375080525875,0.10204146057367325,0.17322377860546112,0.0004199713293928653,0.0,0.0,0.0,-0.44217029213905334,10.165671348571777,0.13037681579589844,9.775901794433594,0.5452328324317932,-10.0,-9.875677108764648,12.245482444763184,2.0,2.0,20.478931427001953,0.30357420444488525,0.28977540135383606,0.30357420444488525,0.29590821266174316,0.0,0.30469265580177307,0.30469265580177307,0.30469265580177307,0.30469265580177307,0.0,-0.24204257130622864,0.09479678422212601,-9.965319633483887,0.0,0.0,0.0,0.0,0.0,0.0,0.0,0.0,0.0,0.0,0.0,0.0,0.0,0.0,0.0,0.30469274520874023,0.30469274520874023,0.304692804813385,0.30469274520874023,0.2854662537574768,0.04114978387951851,0.04114978387951851,0.4395920932292938,-0.18249765038490295,0.16590780019760132,-0.8840399384498596,0.0,0.0,0.0,0.0,0.0,0.0,0.0
68208750358,0,-0.00948658213019371,-0.15046317875385284,-0.12791112065315247,-0.00948658213019371,-0.15046317875385284,-0.8279111385345459,0.03931983560323715,-0.007890465669333935,-0.00010984601976815611,0.0,0.0,0.0,-0.01311297994107008,-0.021654434502124786,-0.011840468272566795,0.0,0.0,-0.011840468272566795,-0.01064119953662157,0.00721172709017992,-0.025180431082844734,0.10423502326011658,0.17214976251125336,0.00020244019106030464,0.0,0.0,0.0,-0.4213678538799286,10.164411544799805,0.11920928955078125,9.77672004699707,0.5404590964317322,-10.0,-9.87681770324707,12.568623542785645,2.0,2.0,20.150693893432617,0.30357420444488525,0.28977540135383606,0.30357420444488525,0.29590821266174316,0.0,0.30469265580177307,0.30469265580177307,0.30469265580177307,0.30469265580177307,0.0,-0.32740721106529236,-0.07322588562965393,-9.83468246459961,0.0,0.0,0.0,0.0,0.0,0.0,0.0,0.0,0.0,0.0,0.0,0.0,0.0,0.0,0.0,0.30469274520874023,0.30469274520874023,0.304692804813385,0.30469274520874023,0.2854662537574768,0.04114978387951851,0.04114978387951851,0.4395920932292938,-0.42150187492370605,0.05265381187200546,-0.007494262419641018,0.0,0.0,0.0,0.0,0.0,0.0,0.0
68218127659,0,-0.009485902264714241,-0.1504231095314026,-0.1279033124446869,-0.009485902264714241,-0.1504231095314026,-0.8279032707214355,0.03398884832859039,-0.011663112789392471,0.001657608663663268,0.0,0.0,0.0,-0.013168738223612309,-0.021530145779252052,-0.011449908837676048,0.0,0.0,-0.011449908837676048,-0.010021544061601162,0.005412878468632698,-0.0010897060856223106,0.10423502326011658,0.17214976251125336,0.00020244019106030464,0.0,0.0,0.0,-0.4213678538799286,10.164411544799805,0.11920928955078125,9.77672004699707,0.5404590964317322,-10.0,-9.87681770324707,13.301701545715332,2.0,2.0,19.425148010253906,0.30357420444488525,0.28977540135383606,0.30357420444488525,0.29590821266174316,0.0,0.30469265580177307,0.30469265580177307,0.30469265580177307,0.30469265580177307,0.0,-0.32740721106529236,-0.07322588562965393,-9.83468246459961,0.0,0.0,0.0,0.0,0.0,0.0,0.0,0.0,0.0,0.0,0.0,0.0,0.0,0.0,0.0,0.30469274520874023,0.30469274520874023,0.304692804813385,0.30469274520874023,0.2917485237121582,0.04114978387951851,0.04114978387951851,0.4336681365966797,-0.0432390421628952,-0.054097145795822144,0.9146641492843628,0.0,0.0,0.0,0.0,0.0,0.0,0.0
68228929938,0,-0.009485902264714241,-0.1504231095314026,-0.1279033124446869,-0.009485902264714241,-0.1504231095314026,-0.8279032707214355,0.03398884832859039,-0.011663112789392471,0.001657608663663268,0.0,0.0,0.0,-0.013168738223612309,-0.021530145779252052,-0.011449908837676048,0.0,0.0,-0.011449908837676048,-0.010021544061601162,0.005412878468632698,-0.0010897060856223106,0.1044536754488945,0.17114220559597015,-3.4217435313621536e-05,0.0,0.0,0.0,-0.42071276903152466,10.166295051574707,0.09137821197509766,9.777507781982422,0.5358358025550842,-10.0,-9.877307891845703,13.301701545715332,2.0,2.0,19.425148010253906,0.30357420444488525,0.28977540135383606,0.30357420444488525,0.29590821266174316,0.0,0.30469265580177307,0.30469265580177307,0.30469265580177307,0.30469265580177307,0.0,-0.4372326135635376,-0.1255885511636734,-9.673686981201172,0.0,0.0,0.0,0.0,0.0,0.0,0.0,0.0,0.0,0.0,0.0,0.0,0.0,0.0,0.0,0.30469274520874023,0.30469274520874023,0.304692804813385,0.30469274520874023,0.30592474341392517,0.04114978387951851,0.04114978387951851,0.4205129146575928,-0.0432390421628952,-0.054097145795822144,0.9146641492843628,0.0,0.0,0.0,0.0,0.0,0.0,0.0
68241043458,0,-0.009485902264714241,-0.1504231095314026,-0.1279033124446869,-0.009485902264714241,-0.1504231095314026,-0.8279032707214355,0.03398884832859039,-0.011663112789392471,0.001657608663663268,0.0,0.0,0.0,-0.013168738223612309,-0.021530145779252052,-0.011449908837676048,0.0,0.0,-0.011449908837676048,-0.004239313304424286,0.003792747389525175,0.012462321668863297,0.10355418175458908,0.1709577590227127,-9.157654130831361e-05,0.0,0.0,0.0,-0.4281073808670044,10.168378829956055,0.07810115814208984,9.777871131896973,0.5337555408477783,-10.0,-9.877199172973633,13.6412353515625,2.0,2.0,19.093631744384766,0.30204102396965027,0.28977540135383606,0.30357420444488525,0.29590821266174316,0.0,0.30469265580177307,0.30469265580177307,0.30469265580177307,0.30469265580177307,0.0,-0.4551253318786621,-0.0504092276096344,-9.685870170593262,0.0,0.0,0.0,0.0,0.0,0.0,0.0,0.0,0.0,0.0,0.0,0.0,0.0,0.0,0.0,0.30469274520874023,0.30469274520874023,0.304692804813385,0.30469274520874023,0.31245559453964233,0.04114978387951851,0.04114978387951851,0.41447368264198303,0.2544780969619751,-0.10743333399295807,1.1694141626358032,0.0,0.0,0.0,0.0,0.0,0.0,0.0
68248142767,0,-0.009568915702402592,-0.15045596659183502,-0.12786303460597992,-0.009568915702402592,-0.15045596659183502,-0.8278630375862122,0.028177376836538315,-0.014483943581581116,0.0032532368786633015,0.0,0.0,0.0,-0.012913752347230911,-0.021534372121095657,-0.010677258484065533,0.0,0.0,-0.010677258484065533,-0.004239313304424286,0.003792747389525175,0.012462321668863297,0.10355418175458908,0.1709577590227127,-9.157654130831361e-05,0.0,0.0,0.0,-0.4281073808670044,10.168378829956055,0.07810115814208984,9.777871131896973,0.5337555408477783,-10.0,-9.877199172973633,13.6412353515625,2.0,2.0,19.093631744384766,0.30357420444488525,0.28977540135383606,0.30357420444488525,0.29590821266174316,0.0,0.30469265580177307,0.30469265580177307,0.30469265580177307,0.30469265580177307,0.0,-0.4551253318786621,-0.0504092276096344,-9.685870170593262,0.0,0.0,0.0,0.0,0.0,0.0,0.0,0.0,0.0,0.0,0.0,0.0,0.0,0.0,0.0,0.30469274520874023,0.30469274520874023,0.304692804813385,0.30469274520874023,0.31245559453964233,0.04114978387951851,0.04114978387951851,0.41447368264198303,0.2544780969619751,-0.10743333399295807,1.1694141626358032,0.0,0.0,0.0,0.0,0.0,0.0,0.0
68258013880,0,-0.00964402873069048,-0.1504897177219391,-0.1278402954339981,-0.00964402873069048,-0.1504897177219391,-0.827840268611908,0.02592046931385994,-0.01584240049123764,0.0028340329881757498,0.0,0.0,0.0,-0.012797651812434196,-0.02153800241649151,-0.01024600863456726,0.0,0.0,-0.01024600863456726,0.010114267468452454,-0.0023639919236302376,0.035741452127695084,0.10120934247970581,0.17159974575042725,-9.082043106900528e-05,0.0,0.0,0.0,-0.4434451162815094,10.176469802856445,0.060062408447265625,9.778691291809082,0.5292250514030457,-10.0,-9.876175880432129,14.102701187133789,2.0,2.0,18.660398483276367,0.30357420444488525,0.28977540135383606,0.30357420444488525,0.29590821266174316,0.0,0.30469265580177307,0.30469265580177307,0.30469265580177307,0.30469265580177307,0.0,-0.36946409940719604,-0.009639160707592964,-9.880727767944336,0.0,0.0,0.0,0.0,0.0,0.0,0.0,0.0,0.0,0.0,0.0,0.0,0.0,0.0,0.0,0.30469274520874023,0.30469274520874023,0.304692804813385,0.30469274520874023,0.321296751499176,0.04114978387951851,0.04114978387951851,0.40655484795570374,0.5315132141113281,-0.25063174962997437,1.0548042058944702,0.0,0.0,0.0,0.0,0.0,0.0,0.0
68271421153,0,-0.009827177040278912,-0.15060654282569885,-0.12781062722206116,-0.009827177040278912,-0.15060654282569885,-0.8278106451034546,0.024362262338399887,-0.019394222646951675,0.002748078666627407,0.0,0.0,0.0,-0.012723065912723541,-0.021652283146977425,-0.009584120474755764,0.0,0.0,-0.009584121406078339,0.010561713017523289,-0.004798560868948698,0.038422226905822754,0.10120934247970581,0.17159974575042725,-9.082043106900528e-05,0.0,0.0,0.0,-0.4434451162815094,10.176469802856445,0.060062408447265625,9.778691291809082,0.5292250514030457,-10.0,-9.876175880432129,14.087454795837402,2.0,2.0,18.68366813659668,0.30357420444488525,0.28977540135383606,0.30357420444488525,0.29590821266174316,0.0,0.30469265580177307,0.30469265580177307,0.30469265580177307,0.30469265580177307,0.0,-0.36946409940719604,-0.009639160707592964,-9.880727767944336,0.0,0.0,0.0,0.0,0.0,0.0,0.0,0.0,0.0,0.0,0.0,0.0,0.0,0.0,0.0,0.30469274520874023,0.30469274520874023,0.304692804813385,0.30469274520874023,0.321296751499176,0.04114978387951851,0.04114978387951851,0.40655484795570374,0.2777079641819,-0.23904216289520264,0.6501510739326477,0.0,0.0,0.0,0.0,0.0,0.0,0.0
68277710474,0,-0.009827177040278912,-0.15060654282569885,-0.12781062722206116,-0.009827177040278912,-0.15060654282569885,-0.8278106451034546,0.024362262338399887,-0.019394222646951675,0.002748078666627407,0.0,0.0,0.0,-0.012723065912723541,-0.021652283146977425,-0.009584120474755764,0.0,0.0,-0.009584121406078339,0.010561713017523289,-0.004798560868948698,0.038422226905822754,0.10112598538398743,0.1721383035182953,-0.00014010585437063128,0.0,0.0,0.0,-0.43968746066093445,10.179073333740234,0.06102943420410156,9.779069900512695,0.527070939540863,-10.0,-9.875433921813965,14.087454795837402,2.0,2.0,18.68366813659668,0.30357420444488525,0.28977540135383606,0.30357420444488525,0.29590821266174316,0.0,0.30469265580177307,0.30469265580177307,0.30469265580177307,0.30469265580177307,0.0,-0.16870664060115814,-0.09632942825555801,-9.73005485534668,0.0,0.0,0.0,0.0,0.0,0.0,0.0,0.0,0.0,0.0,0.0,0.0,0.0,0.0,0.0,0.30469274520874023,0.30469274520874023,0.304692804813385,0.30469274520874023,0.32100528478622437,0.04114978387951851,0.04114978387951851,0.4069809317588806,0.2777079641819,-0.23904216289520264,0.6501510739326477,0.0,0.0,0.0,0.0,0.0,0.0,0.0
68287383125,0,-0.010004136711359024,-0.15078100562095642,-0.12776273488998413,-0.010004136711359024,-0.15078100562095642,-0.8277627229690552,0.026359502226114273,-0.02045341767370701,0.004248506855219603,0.0,0.0,0.0,-0.012933848425745964,-0.021844644099473953,-0.009507233276963234,0.0,0.0,-0.00950723234564066,-0.0010621019173413515,-0.010039735585451126,0.0229716245085001,0.10281243920326233,0.1736609786748886,0.0002538054541219026,0.0,0.0,0.0,-0.41587162017822266,10.186328887939453,0.0821237564086914,9.779684066772461,0.523241400718689,-10.0,-9.874351501464844,13.583943367004395,2.0,2.0,19.20746421813965,0.30357420444488525,0.28977540135383606,0.30357420444488525,0.29590821266174316,0.0,0.30469265580177307,0.30469265580177307,0.30469265580177307,0.30469265580177307,0.0,0.009908070787787437,0.051796894520521164,-9.704562187194824,0.0,0.0,0.0,0.0,0.0,0.0,0.0,0.0,0.0,0.0,0.0,0.0,0.0,0.0,0.0,0.30469274520874023,0.30469274520874023,0.304692804813385,0.30469274520874023,0.3113550543785095,0.04114978387951851,0.04114978387951851,0.416549414396286,-0.35917165875434875,-0.2692616581916809,-0.4545426368713379,0.0,0.0,0.0,0.0,0.0,0.0,0.0
68299507580,0,-0.010143116116523743,-0.15096627175807953,-0.12770937383174896,-0.010143116116523743,-0.15096627175807953,-0.8277093768119812,0.027015728875994682,-0.019412461668252945,0.0030407251324504614,0.0,0.0,0.0,-0.012726985849440098,-0.02175240032374859,-0.010038449428975582,0.0,0.0,-0.010038449428975582,0.0004896522732451558,-0.004613018129020929,-0.013821443542838097,0.10281243920326233,0.1736609786748886,0.0002538054541219026,0.0,0.0,0.0,-0.41587162017822266,10.186328887939453,0.0821237564086914,9.779684066772461,0.523241400718689,-10.0,-9.874351501464844,13.583943367004395,2.0,2.0,19.20746421813965,0.30357420444488525,0.28977540135383606,0.30357420444488525,0.29590821266174316,0.0,0.30469265580177307,0.30469265580177307,0.30469265580177307,0.30469265580177307,0.0,0.009908070787787437,0.051796894520521164,-9.704562187194824,0.0,0.0,0.0,0.0,0.0,0.0,0.0,0.0,0.0,0.0,0.0,0.0,0.0,0.0,0.0,0.30469274520874023,0.30469274520874023,0.304692804813385,0.30469274520874023,0.3113550543785095,0.04114978387951851,0.04114978387951851,0.416549414396286,0.04524228349328041,0.17894180119037628,-1.4169507026672363,0.0,0.0,0.0,0.0,0.0,0.0,0.0
68308472824,0,-0.010143116116523743,-0.15096627175807953,-0.12770937383174896,-0.010143116116523743,-0.15096627175807953,-0.8277093768119812,0.027015728875994682,-0.019412461668252945,0.0030407251324504614,0.0,0.0,0.0,-0.012726985849440098,-0.02175240032374859,-0.010038449428975582,0.0,0.0,-0.010038449428975582,0.0004896522732451558,-0.004613018129020929,-0.013821443542838097,0.1011773869395256,0.1729223132133484,0.0005677615408785641,0.0,0.0,0.0,-0.41832706332206726,10.175745964050293,0.11876678466796875,9.780389785766602,0.518562376499176,-10.0,-9.874195098876953,12.60322093963623,2.0,2.0,20.15233612060547,0.30357420444488525,0.28977540135383606,0.30357420444488525,0.29590821266174316,0.0,0.30469265580177307,0.30469265580177307,0.30469265580177307,0.30469265580177307,0.0,-0.15878860652446747,0.18773253262043,-9.913077354431152,0.0,0.0,0.0,0.0,0.0,0.0,0.0,0.0,0.0,0.0,0.0,0.0,0.0,0.0,0.0,0.30469274520874023,0.30469274520874023,0.304692804813385,0.30469274520874023,0.2924198508262634,0.04114978387951851,0.04114978387951851,0.4336977005004883,0.04524228349328041,0.17894180119037628,-1.4169507026672363,0.0,0.0,0.0,0.0,0.0,0.0,0.0
68319038285,0,-0.010143116116523743,-0.15096627175807953,-0.12770937383174896,-0.010143116116523743,-0.15096627175807953,-0.8277093768119812,0.027015728875994682,-0.019412461668252945,0.0030407251324504614,0.0,0.0,0.0,-0.012726985849440098,-0.02175240032374859,-0.010038449428975582,0.0,0.0,-0.010038449428975582,0.01087899785488844,0.003431349527090788,-0.028460627421736717,0.09730938076972961,0.1707889288663864,0.00032539720996282995,0.0,0.0,0.0,-0.4337826669216156,10.163512229919434,0.12951183319091797,9.78075885772705,0.5163562893867493,-10.0,-9.874631881713867,12.277827262878418,2.0,2.0,20.43902015686035,0.30357420444488525,0.28977540135383606,0.30357420444488525,0.29590821266174316,0.0,0.30469265580177307,0.30469265580177307,0.30469265580177307,0.30469265580177307,0.0,-0.2028917670249939,0.2581310272216797,-10.02864933013916,0.0,0.0,0.0,0.0,0.0,0.0,0.0,0.0,0.0,0.0,0.0,0.0,0.0,0.0,0.0,0.30469274520874023,0.30469274520874023,0.304692804813385,0.30469274520874023,0.2860960364341736,0.04114978387951851,0.04114978387951851,0.4388725459575653,0.511369526386261,0.45937037467956543,-1.3909599781036377,0.0,0.0,0.0,0.0,0.0,0.0,0.0
68327436385,0,-0.010143116116523743,-0.15096627175807953,-0.12770937383174896,-0.010304179973900318,-0.15111230313777924,-0.8277164697647095,0.027015728875994682,-0.019412461668252945,0.0030407251324504614,0.0,0.0,0.0,-0.012726985849440098,-0.02175240032374859,-0.010038449428975582,0.0,0.0,-0.010610449127852917,0.01087899785488844,0.003431349527090788,-0.028460627421736717,0.09730938076972961,0.1707889288663864,0.00032539720996282995,0.0,0.0,0.0,-0.4337826669216156,10.163512229919434,0.12951183319091797,9.78075885772705,0.5163562893867493,-10.0,-9.874631881713867,12.277827262878418,2.0,2.0,20.43902015686035,0.30357420444488525,0.28977540135383606,0.30357420444488525,0.29590821266174316,0.0,0.30469265580177307,0.30469265580177307,0.30469265580177307,0.30469265580177307,0.0,-0.09588412195444107,0.6357636451721191,-10.019147872924805,0.0,0.0,0.0,0.0,0.0,0.0,0.0,0.0,0.0,0.0,0.0,0.0,0.0,0.0,0.0,0.30469274520874023,0.30469274520874023,0.304692804813385,0.30469274520874023,0.2860960364341736,0.04114978387951851,0.04114978387951851,0.4388725459575653,0.511369526386261,0.45937037467956543,-1.3909599781036377,0.0,0.0,0.0,0.0,0.0,0.0,0.0
68339970133,0,-0.010399175807833672,-0.15114618837833405,-0.12775646150112152,-0.010399175807833672,-0.15114618837833405,-0.8277564644813538,0.025379899889230728,-0.010655388236045837,-0.0047457520850002766,0.0,0.0,0.0,-0.011782434768974781,-0.02146264724433422,-0.010708779096603394,0.0,0.0,-0.010708779096603394,0.027895541861653328,0.005805337801575661,-0.03270203247666359,0.09235379844903946,0.17114266753196716,0.00017974725051317364,0.0,0.0,0.0,-0.4554280936717987,10.163991928100586,0.12348175048828125,9.781484603881836,0.5126708149909973,-10.0,-9.875850677490234,12.402589797973633,2.0,2.0,20.317855834960938,0.30357420444488525,0.28977540135383606,0.30357420444488525,0.29590821266174316,0.0,0.30469265580177307,0.30469265580177307,0.30469265580177307,0.30469265580177307,0.0,-0.09588412195444107,0.6357636451721191,-10.019147872924805,0.0,0.0,0.0,0.0,0.0,0.0,0.0,0.0,0.0,0.0,0.0,0.0,0.0,0.0,0.0,0.30469274520874023,0.30469274520874023,0.304692804813385,0.30469274520874023,0.28852295875549316,0.04114978387951851,0.04114978387951851,0.4366871118545532,0.7215541005134583,0.1345062404870987,-0.44545841217041016,0.0,0.0,0.0,0.0,0.0,0.0,0.0
68349877241,0,-0.01048385538160801,-0.1511395424604416,-0.12780871987342834,-0.01048385538160801,-0.1511395424604416,-0.8278087377548218,0.02579435706138611,-0.006598669104278088,-0.004398531746119261,0.0,0.0,0.0,-0.011511849239468575,-0.021571550518274307,-0.010658640414476395,0.0,0.0,-0.01065864134579897,0.029538247734308243,0.003438929095864296,-0.028766481205821037,0.09235379844903946,0.17114266753196716,0.00017974725051317364,0.0,0.0,0.0,-0.4562440812587738,10.168336868286133,0.11728191375732422,9.78166389465332,0.5126708149909973,-10.0,-9.875850677490234,12.570700645446777,2.0,2.0,20.16412353515625,0.30357420444488525,0.28977540135383606,0.30357420444488525,0.29590821266174316,0.0,0.30469265580177307,0.30469265580177307,0.30469265580177307,0.30469265580177307,0.0,-0.09588412195444107,0.6357636451721191,-10.019147872924805,0.0,0.0,0.0,0.0,0.0,0.0,0.0,0.0,0.0,0.0,0.0,0.0,0.0,0.0,0.0,0.30469274520874023,0.30469274520874023,0.304692804813385,0.30469274520874023,0.28852295875549316,0.04114978387951851,0.04114978387951851,0.4366871118545532,0.6320014595985413,-0.028330737724900246,-0.12024593353271484,0.0,0.0,0.0,0.0,0.0,0.0,0.0
68359062270,0,-0.01048385538160801,-0.1511395424604416,-0.12780871987342834,-0.01048385538160801,-0.1511395424604416,-0.8278087377548218,0.02579435706138611,-0.006598669104278088,-0.004398531746119261,0.0,0.0,0.0,-0.011511849239468575,-0.021571550518274307,-0.010658640414476395,0.0,0.0,-0.01065864134579897,0.00030426098965108395,-0.0012658577179536223,0.009059990756213665,0.09144724905490875,0.17200732231140137,-5.468946255859919e-05,0.0,0.0,0.0,-0.4562440812587738,10.168336868286133,0.11728191375732422,9.78166389465332,0.5118911862373352,-10.0,-9.87610149383545,12.570700645446777,2.0,2.0,20.16412353515625,0.30357420444488525,0.28977540135383606,0.30357420444488525,0.29590821266174316,0.0,0.30469265580177307,0.30469265580177307,0.30469265580177307,0.30469265580177307,0.0,-0.02306419610977173,0.5473475456237793,-9.383292198181152,0.0,0.0,0.0,0.0,0.0,0.0,0.0,0.0,0.0,0.0,0.0,0.0,0.0,0.0,0.0,0.30469274520874023,0.30469274520874023,0.304692804813385,0.30469274520874023,0.2917887270450592,0.04114978387951851,0.04114978387951851,0.4339107275009155,-0.9608684778213501,-0.05851470306515694,1.2716097831726074,0.0,0.0,0.0,0.0,0.0,0.0,0.0
68367681723,0,-0.010741115547716618,-0.150923490524292,-0.12784543633460999,-0.010741115547716618,-0.150923490524292,-0.8278454542160034,0.02750139683485031,0.006479226052761078,0.004010399803519249,0.0,0.0,0.0,-0.012079371139407158,-0.02147049456834793,-0.009747369214892387,0.0,0.0,-0.009747370146214962,0.00030426098965108395,-0.0012658577179536223,0.009059990756213665,0.0960039421916008,0.17069613933563232,-0.0003516513097565621,0.0,0.0,0.0,-0.40262487530708313,10.173103332519531,0.07459831237792969,9.782437324523926,0.5118911862373352,-10.0,-9.87610149383545,13.7805757522583,2.0,2.0,18.9676513671875,0.30357420444488525,0.28977540135383606,0.30357420444488525,0.29590821266174316,0.0,0.30469265580177307,0.30469265580177307,0.30469265580177307,0.30469265580177307,0.0,-0.02306419610977173,0.5473475456237793,-9.383292198181152,0.0,0.0,0.0,0.0,0.0,0.0,0.0,0.0,0.0,0.0,0.0,0.0,0.0,0.0,0.0,0.30469274520874023,0.30469274520874023,0.304692804813385,0.30469274520874023,0.2917887270450592,0.04114978387951851,0.04114978387951851,0.4339107275009155,-0.9608684778213501,-0.05851470306515694,1.2716097831726074,0.0,0.0,0.0,0.0,0.0,0.0,0.0
68378577217,0,-0.010862373746931553,-0.15057216584682465,-0.12775035202503204,-0.010862373746931553,-0.15057216584682465,-0.8277503252029419,0.028951093554496765,0.014357881620526314,0.0065962946973741055,0.0,0.0,0.0,-0.012318198569118977,-0.021456746384501457,-0.008852214552462101,0.0,0.0,-0.008852214552462101,0.00030426098965108395,-0.0012658577179536223,0.009059990756213665,0.0960039421916008,0.17069613933563232,-0.0003516513097565621,0.0,0.0,0.0,-0.40262487530708313,10.173103332519531,0.07459831237792969,9.782437324523926,0.5071014761924744,-10.0,-9.876618385314941,13.7805757522583,2.0,2.0,18.9676513671875,0.30357420444488525,0.28977540135383606,0.30357420444488525,0.29590821266174316,0.0,0.30469265580177307,0.30469265580177307,0.30469265580177307,0.30469265580177307,0.0,-0.02306419610977173,0.5473475456237793,-9.383292198181152,0.0,0.0,0.0,0.0,0.0,0.0,0.0,0.0,0.0,0.0,0.0,0.0,0.0,0.0,0.0,0.30469274520874023,0.30469274520874023,0.304692804813385,0.30469274520874023,0.3151295483112335,0.04114978387951851,0.04114978387951851,0.412174254655838,-0.9608684778213501,-0.05851470306515694,1.2716097831726074,0.0,0.0,0.0,0.0,0.0,0.0,0.0
68391314027,0,-0.010862373746931553,-0.15057216584682465,-0.12775035202503204,-0.010862373746931553,-0.15057216584682465,-0.8277503252029419,0.028951093554496765,0.014357881620526314,0.0065962946973741055,0.0,0.0,0.0,-0.012318198569118977,-0.021456746384501457,-0.008852214552462101,0.0,0.0,-0.008852214552462101,-0.017267029732465744,0.000965633662417531,0.03738449513912201,0.0979008823633194,0.17058785259723663,-0.00040039262967184186,0.0,0.0,0.0,-0.37986624240875244,10.169431686401367,0.05149078369140625,9.78323745727539,0.5023132562637329,-10.0,-9.875630378723145,14.415669441223145,2.0,2.0,18.320205688476562,0.30357420444488525,0.28977540135383606,0.30357420444488525,0.29590821266174316,0.0,0.30469265580177307,0.30469265580177307,0.30469265580177307,0.30469265580177307,0.0,-0.09107229858636856,0.491453617811203,-9.715232849121094,0.0,0.0,0.0,0.0,0.0,0.0,0.0,0.0,0.0,0.0,0.0,0.0,0.0,0.0,0.0,0.30469274520874023,0.30469274520874023,0.304692804813385,0.30469274520874023,0.3272700011730194,0.04114978387951851,0.04114978387951851,0.4003145396709442,-0.7279091477394104,0.019080188125371933,1.2563692331314087,0.0,0.0,0.0,0.0,0.0,0.0,0.0
68397944258,0,-0.01090755220502615,-0.15034794807434082,-0.12770020961761475,-0.01090755220502615,-0.15034794807434082,-0.8277001976966858,0.029603732749819756,0.017056627199053764,0.0047483560629189014,0.0,0.0,0.0,-0.012317906133830547,-0.021540101617574692,-0.008496381342411041,0.0,0.0,-0.008496379479765892,-0.01443670317530632,-0.002106613013893366,0.04149536043405533,0.0979008823633194,0.17058785259723663,-0.00040039262967184186,0.0,0.0,0.0,-0.3851305842399597,10.174775123596191,0.051087379455566406,9.783557891845703,0.500187337398529,-10.0,-9.874956130981445,14.426572799682617,2.0,2.0,18.326929092407227,0.30357420444488525,0.28977540135383606,0.30357420444488525,0.29590821266174316,0.0,0.30469265580177307,0.30469265580177307,0.30469265580177307,0.30469265580177307,0.0,-0.09107229858636856,0.491453617811203,-9.715232849121094,0.0,0.0,0.0,0.0,0.0,0.0,0.0,0.0,0.0,0.0,0.0,0.0,0.0,0.0,0.0,0.30469274520874023,0.30469274520874023,0.304692804813385,0.30469274520874023,0.32747793197631836,0.04114978387951851,0.04114978387951851,0.4004380702972412,-0.27178865671157837,-0.14201883971691132,0.898872435092926,0.0,0.0,0.0,0.0,0.0,0.0,0.0
68408622729,0,-0.01090755220502615,-0.15034794807434082,-0.12770020961761475,-0.01090755220502615,-0.15034794807434082,-0.8277001976966858,0.029603732749819756,0.017056627199053764,0.0047483560629189014,0.0,0.0,0.0,-0.012317906133830547,-0.021540101617574692,-0.008496381342411041,0.0,0.0,-0.008496379479765892,-0.01443670317530632,-0.002106613013893366,0.04149536043405533,0.09790216386318207,0.17124834656715393,-0.0002677740412764251,0.0,0.0,0.0,-0.3851305842399597,10.174775123596191,0.051087379455566406,9.783557891845703,0.500187337398529,-10.0,-9.874956130981445,14.426572799682617,2.0,2.0,18.326929092407227,0.30357420444488525,0.28977540135383606,0.30357420444488525,0.29590821266174316,0.0,0.30469265580177307,0.30469265580177307,0.30469265580177307,0.30469265580177307,0.0,-0.08347539603710175,0.39254605770111084,-9.952646255493164,0.0,0.0,0.0,0.0,0.0,0.0,0.0,0.0,0.0,0.0,0.0,0.0,0.0,0.0,0.0,0.30469274520874023,0.30469274520874023,0.304692804813385,0.30469274520874023,0.32747793197631836,0.04114978387951851,0.04114978387951851,0.4004380702972412,-0.27178865671157837,-0.14201883971691132,0.898872435092926,0.0,0.0,0.0,0.0,0.0,0.0,0.0
68417593107,0,-0.010976574383676052,-0.14985384047031403,-0.12768013775348663,-0.010976574383676052,-0.14985384047031403,-0.8276801109313965,0.030922703444957733,0.018245751038193703,-0.002276879735291004,0.0,0.0,0.0,-0.012483764439821243,-0.021526308730244637,-0.008082913234829903,0.0,0.0,-0.008082912303507328,-0.010405730456113815,-0.003771295305341482,0.030460665002465248,0.09998229891061783,0.17078164219856262,0.00012735270138364285,0.0,0.0,0.0,-0.3846365809440613,10.173974990844727,0.07092666625976562,9.784236907958984,0.4953826367855072,-10.0,-9.873516082763672,13.962257385253906,2.0,2.0,18.7919979095459,0.30357420444488525,0.28977540135383606,0.30357420444488525,0.29590821266174316,0.0,0.30469265580177307,0.30469265580177307,0.30469265580177307,0.30469265580177307,0.0,-0.06659666448831558,-0.050444625318050385,-10.151745796203613,0.0,0.0,0.0,0.0,0.0,0.0,0.0,0.0,0.0,0.0,0.0,0.0,0.0,0.0,0.0,0.30469274520874023,0.30469274520874023,0.304692804813385,0.30469274520874023,0.3175402879714966,0.04114978387951851,0.04114978387951851,0.409903883934021,0.022329187020659447,-0.03759504854679108,-0.22033409774303436,0.0,0.0,0.0,0.0,0.0,0.0,0.0
68427304003,0,-0.010997164063155651,-0.14961805939674377,-0.12770839035511017,-0.010997164063155651,-0.14961805939674377,-0.82770836353302,0.031437553465366364,0.015986323356628418,-0.004214938264340162,0.0,0.0,0.0,-0.012736709788441658,-0.021401798352599144,-0.008059524931013584,0.0,0.0,-0.008059525862336159,-0.01583179458975792,0.0012536763679236174,0.01662016101181507,0.10242816060781479,0.1698113977909088,0.00021030505013186485,0.0,0.0,0.0,-0.3725152015686035,10.166427612304688,0.08390140533447266,9.784509658813477,0.49327895045280457,-10.0,-9.873147010803223,13.573392868041992,2.0,2.0,19.15045738220215,0.30357420444488525,0.28977540135383606,0.30357420444488525,0.29590821266174316,0.0,0.30469265580177307,0.30469265580177307,0.30469265580177307,0.30469265580177307,0.0,-0.06659666448831558,-0.050444625318050385,-10.151745796203613,0.0,0.0,0.0,0.0,0.0,0.0,0.0,0.0,0.0,0.0,0.0,0.0,0.0,0.0,0.0,0.30469274520874023,0.30469274520874023,0.304692804813385,0.30469274520874023,0.31115248799324036,0.04114978387951851,0.04114978387951851,0.4155102074146271,-0.2503809332847595,0.21296826004981995,-0.7571387887001038,0.0,0.0,0.0,0.0,0.0,0.0,0.0
68438058962,0,-0.010997164063155651,-0.14961805939674377,-0.12770839035511017,-0.011014009825885296,-0.1493985503911972,-0.8277442455291748,0.031437553465366364,0.015986323356628418,-0.004214938264340162,0.0,0.0,0.0,-0.012736709788441658,-0.021401798352599144,-0.008059524931013584,0.0,0.0,-0.008151669055223465,-0.03023800253868103,0.005091396160423756,-0.011742131784558296,0.10242816060781479,0.1698113977909088,0.00021030505013186485,0.0,0.0,0.0,-0.3725152015686035,10.166427612304688,0.08390140533447266,9.784509658813477,0.49327895045280457,-10.0,-9.873147010803223,13.573392868041992,2.0,2.0,19.15045738220215,0.30357420444488525,0.28977540135383606,0.30357420444488525,0.29590821266174316,0.0,0.30469265580177307,0.30469265580177307,0.30469265580177307,0.30469265580177307,0.0,-0.06659666448831558,-0.050444625318050385,-10.151745796203613,0.0,0.0,0.0,0.0,0.0,0.0,0.0,0.0,0.0,0.0,0.0,0.0,0.0,0.0,0.0,0.30469274520874023,0.30469274520874023,0.304692804813385,0.30469274520874023,0.31115248799324036,0.04114978387951851,0.04114978387951851,0.4155102074146271,-0.4931483566761017,0.12146678566932678,-1.1723674535751343,0.0,0.0,0.0,0.0,0.0,0.0,0.0
68451702706,0,-0.011038826778531075,-0.1490350216627121,-0.12777332961559296,-0.011038826778531075,-0.1490350216627121,-0.8277733325958252,0.03095744177699089,0.0074883028864860535,0.00027424615109339356,0.0,0.0,0.0,-0.013593468815088272,-0.021292664110660553,-0.008528140373528004,0.0,0.0,-0.008528141304850578,-0.03023800253868103,0.005091396160423756,-0.011742131784558296,0.10242816060781479,0.1698113977909088,0.00021030505013186485,0.0,0.0,0.0,-0.3725152015686035,10.166427612304688,0.08390140533447266,9.784509658813477,0.49327895045280457,-10.0,-9.873147010803223,12.960103988647461,2.0,2.0,19.748310089111328,0.30357420444488525,0.28977540135383606,0.30357420444488525,0.29590821266174316,0.0,0.30469265580177307,0.30469265580177307,0.30469265580177307,0.30469265580177307,0.0,-0.06659666448831558,-0.050444625318050385,-10.151745796203613,0.0,0.0,0.0,0.0,0.0,0.0,0.0,0.0,0.0,0.0,0.0,0.0,0.0,0.0,0.0,0.30469274520874023,0.30469274520874023,0.304692804813385,0.30469274520874023,0.31115248799324036,0.04114978387951851,0.04114978387951851,0.4155102074146271,-0.4931483566761017,0.12146678566932678,-1.1723674535751343,0.0,0.0,0.0,0.0,0.0,0.0,0.0
68457806148,0,-0.011138716712594032,-0.14876121282577515,-0.12772881984710693,-0.011138716712594032,-0.14876121282577515,-0.827728807926178,0.028362497687339783,0.0004948267014697194,0.0039641233161091805,0.0,0.0,0.0,-0.013387425802648067,-0.02130536548793316,-0.00885414145886898,0.0,0.0,-0.00885414145886898,-0.03023800253868103,0.005091396160423756,-0.011742131784558296,0.10806141793727875,0.1692696213722229,0.0004413361893966794,0.0,0.0,0.0,-0.3451950252056122,10.162727355957031,0.10872364044189453,9.785130500793457,0.48803988099098206,-10.0,-9.873104095458984,12.960103988647461,2.0,2.0,19.748310089111328,0.30357420444488525,0.28977540135383606,0.30357420444488525,0.29590821266174316,0.0,0.30469265580177307,0.30469265580177307,0.30469265580177307,0.30469265580177307,0.0,-0.1995871514081955,-0.23461246490478516,-9.550046920776367,0.0,0.0,0.0,0.0,0.0,0.0,0.0,0.0,0.0,0.0,0.0,0.0,0.0,0.0,0.0,0.30469274520874023,0.30469274520874023,0.304692804813385,0.30469274520874023,0.2993319034576416,0.04114978387951851,0.04114978387951851,0.4263826608657837,-0.4931483566761017,0.12146678566932678,-1.1723674535751343,0.0,0.0,0.0,0.0,0.0,0.0,0.0
68467645026,0,-0.011138716712594032,-0.14876121282577515,-0.12772881984710693,-0.011138716712594032,-0.14876121282577515,-0.827728807926178,0.028362497687339783,0.0004948267014697194,0.0039641233161091805,0.0,0.0,0.0,-0.013387425802648067,-0.02130536548793316,-0.00885414145886898,0.0,0.0,-0.00885414145886898,-0.01571512408554554,0.0009607569081708789,-0.025093309581279755,0.10642068833112717,0.1693725436925888,0.00033396377693861723,0.0,0.0,0.0,-0.3653815984725952,10.169321060180664,0.11529731750488281,9.785669326782227,0.48349305987358093,-10.0,-9.873798370361328,12.76684284210205,2.0,2.0,19.964025497436523,0.30357420444488525,0.28977540135383606,0.30357420444488525,0.29590821266174316,0.0,0.30469265580177307,0.30469265580177307,0.30469265580177307,0.30469265580177307,0.0,-0.2669217586517334,-0.261665403842926,-9.56643295288086,0.0,0.0,0.0,0.0,0.0,0.0,0.0,0.0,0.0,0.0,0.0,0.0,0.0,0.0,0.0,0.30469274520874023,0.30469274520874023,0.304692804813385,0.30469274520874023,0.2955918610095978,0.04114978387951851,0.04114978387951851,0.4302915334701538,0.47624316811561584,-0.10946694761514664,-0.8157932162284851,0.0,0.0,0.0,0.0,0.0,0.0,0.0
68478546332,0,-0.011199966073036194,-0.14866922795772552,-0.1277003437280655,-0.011199966073036194,-0.14866922795772552,-0.8277003169059753,0.027048947289586067,-0.00327163003385067,0.0034559904597699642,0.0,0.0,0.0,-0.013240273110568523,-0.021283775568008423,-0.008903669193387032,0.0,0.0,-0.008903668262064457,-0.0004036905011162162,-0.0005994641687721014,-0.024141835048794746,0.10642068833112717,0.1693725436925888,0.00033396377693861723,0.0,0.0,0.0,-0.3839840292930603,10.170941352844238,0.1098012924194336,9.786048889160156,0.4807392656803131,-10.0,-9.874371528625488,12.884225845336914,2.0,2.0,19.853635787963867,0.30357420444488525,0.28977540135383606,0.30357420444488525,0.29590821266174316,0.0,0.30469265580177307,0.30469265580177307,0.30469265580177307,0.30469265580177307,0.0,-0.28894850611686707,-0.3198908865451813,-9.816988945007324,0.0,0.0,0.0,0.0,0.0,0.0,0.0,0.0,0.0,0.0,0.0,0.0,0.0,0.0,0.0,0.30469274520874023,0.30469274520874023,0.304692804813385,0.30469274520874023,0.2955918610095978,0.04114978387951851,0.04114978387951851,0.4302915334701538,0.889654278755188,-0.11390361189842224,-0.3200937807559967,0.0,0.0,0.0,0.0,0.0,0.0,0.0
68488041729,0,-0.011199966073036194,-0.14866922795772552,-0.1277003437280655,-0.011401581577956676,-0.14858785271644592,-0.827669084072113,0.027048947289586067,-0.00327163003385067,0.0034559904597699642,0.0,0.0,0.0,-0.013240273110568523,-0.021283775568008423,-0.008903669193387032,0.0,0.0,-0.008693617768585682,-0.0004036905011162162,-0.0005994641687721014,-0.024141835048794746,0.1052480936050415,0.1692027598619461,0.00022850645473226905,0.0,0.0,0.0,-0.3839840292930603,10.170941352844238,0.1098012924194336,9.786048889160156,0.4807392656803131,-10.0,-9.874371528625488,12.884225845336914,2.0,2.0,19.853635787963867,0.30357420444488525,0.28977540135383606,0.30357420444488525,0.29590821266174316,0.0,0.30469265580177307,0.30469265580177307,0.30469265580177307,0.30469265580177307,0.0,-0.28894850611686707,-0.3198908865451813,-9.816988945007324,0.0,0.0,0.0,0.0,0.0,0.0,0.0,0.0,0.0,0.0,0.0,0.0,0.0,0.0,0.0,0.30469274520874023,0.30469274520874023,0.304692804813385,0.30469274520874023,0.2978644073009491,0.04114978387951851,0.04114978387951851,0.4282922148704529,0.889654278755188,-0.11390361189842224,-0.3200937807559967,0.0,0.0,0.0,0.0,0.0,0.0,0.0
68497794080,0,-0.011401581577956676,-0.14858785271644592,-0.1276690810918808,-0.011401581577956676,-0.14858785271644592,-0.827669084072113,0.023692835122346878,-0.010423698462545872,0.0004636189551092684,0.0,0.0,0.0,-0.01312430202960968,-0.02115679532289505,-0.008693616837263107,0.0,0.0,-0.008693617768585682,0.008487316779792309,0.0013581776292994618,-0.006747930310666561,0.1045825183391571,0.16818919777870178,-9.840406164585147e-06,0.0,0.0,0.0,-0.38566112518310547,10.16650104522705,0.08745574951171875,9.786677360534668,0.4766399562358856,-10.0,-9.874980926513672,13.459779739379883,2.0,2.0,19.26515769958496,0.30357420444488525,0.28977540135383606,0.30357420444488525,0.29590821266174316,0.0,0.30469265580177307,0.30469265580177307,0.30469265580177307,0.30469265580177307,0.0,-0.3354654908180237,-0.2974020838737488,-10.005550384521484,0.0,0.0,0.0,0.0,0.0,0.0,0.0,0.0,0.0,0.0,0.0,0.0,0.0,0.0,0.0,0.30469274520874023,0.30469274520874023,0.304692804813385,0.30469274520874023,0.30896812677383423,0.04114978387951851,0.04114978387951851,0.4176005721092224,0.4853166341781616,0.033811841160058975,0.5888909101486206,0.0,0.0,0.0,0.0,0.0,0.0,0.0
68507678300,0,-0.011401581577956676,-0.14858785271644592,-0.1276690810918808,-0.011401581577956676,-0.14858785271644592,-0.827669084072113,0.023692835122346878,-0.010423698462545872,0.0004636189551092684,0.0,0.0,0.0,-0.01312430202960968,-0.02115679532289505,-0.008693616837263107,0.0,0.0,-0.008693617768585682,0.004677966237068176,-0.006544439122080803,0.016733823344111443,0.10448853671550751,0.16879048943519592,4.665263531933306e-06,0.0,0.0,0.0,-0.3769431710243225,10.169984817504883,0.07378578186035156,9.787015914916992,0.47444647550582886,-10.0,-9.874977111816406,13.837141036987305,2.0,2.0,18.899057388305664,0.30357420444488525,0.28977540135383606,0.30357420444488525,0.29590821266174316,0.0,0.30469265580177307,0.30469265580177307,0.30469265580177307,0.30469265580177307,0.0,0.027376867830753326,0.007160537410527468,-9.835142135620117,0.0,0.0,0.0,0.0,0.0,0.0,0.0,0.0,0.0,0.0,0.0,0.0,0.0,0.0,0.0,0.30469274520874023,0.30469274520874023,0.304692804813385,0.30469274520874023,0.31621384620666504,0.04114978387951851,0.04114978387951851,0.4109208881855011,0.028876546770334244,-0.34433621168136597,0.9992902278900146,0.0,0.0,0.0,0.0,0.0,0.0,0.0
68518620193,0,-0.011627044528722763,-0.14860795438289642,-0.12770508229732513,-0.011627044528722763,-0.14860795438289642,-0.8277050852775574,0.0244978629052639,-0.013287416659295559,-0.0013480914058163762,0.0,0.0,0.0,-0.013147796504199505,-0.021353431046009064,-0.00809316523373127,0.0,0.0,-0.00809316523373127,0.004677966237068176,-0.006544439122080803,0.016733823344111443,0.10448853671550751,0.16879048943519592,4.665263531933306e-06,0.0,0.0,0.0,-0.3769431710243225,10.169984817504883,0.07378578186035156,9.787015914916992,0.47444647550582886,-10.0,-9.874977111816406,14.092249870300293,2.0,2.0,18.67793846130371,0.30357420444488525,0.28977540135383606,0.30357420444488525,0.29590821266174316,0.0,0.30469265580177307,0.30469265580177307,0.30469265580177307,0.30469265580177307,0.0,0.027376867830753326,0.007160537410527468,-9.835142135620117,0.0,0.0,0.0,0.0,0.0,0.0,0.0,0.0,0.0,0.0,0.0,0.0,0.0,0.0,0.0,0.30469274520874023,0.30469274520874023,0.304692804813385,0.30469274520874023,0.31621384620666504,0.04114978387951851,0.04114978387951851,0.4109208881855011,0.028876546770334244,-0.34433621168136597,0.9992902278900146,0.0,0.0,0.0,0.0,0.0,0.0,0.0
68527823767,0,-0.01171973254531622,-0.14863598346710205,-0.12773631513118744,-0.01171973254531622,-0.14863598346710205,-0.8277363181114197,0.025864286348223686,-0.013916287571191788,-0.0009384495206177235,0.0,0.0,0.0,-0.013004026375710964,-0.021537233144044876,-0.007785968016833067,0.0,0.0,-0.007785967085510492,0.007406482473015785,-0.01188947819173336,0.02275881916284561,0.10448853671550751,0.16879048943519592,4.665263531933306e-06,0.0,0.0,0.0,-0.3764076828956604,10.187223434448242,0.061981201171875,9.78761100769043,0.47444647550582886,-10.0,-9.874977111816406,14.174928665161133,2.0,2.0,18.617321014404297,0.30357420444488525,0.28977540135383606,0.30357420444488525,0.29590821266174316,0.0,0.30469265580177307,0.30469265580177307,0.30469265580177307,0.30469265580177307,0.0,0.027376867830753326,0.007160537410527468,-9.835142135620117,0.0,0.0,0.0,0.0,0.0,0.0,0.0,0.0,0.0,0.0,0.0,0.0,0.0,0.0,0.0,0.30469274520874023,0.30469274520874023,0.304692804813385,0.30469274520874023,0.31621384620666504,0.04114978387951851,0.04114978387951851,0.4109208881855011,0.14845964312553406,-0.4064636826515198,0.7769874930381775,0.0,0.0,0.0,0.0,0.0,0.0,0.0
68538329261,0,-0.01171973254531622,-0.14863598346710205,-0.12773631513118744,-0.01171973254531622,-0.14863598346710205,-0.8277363181114197,0.025864286348223686,-0.013916287571191788,-0.0009384495206177235,0.0,0.0,0.0,-0.013004026375710964,-0.021537233144044876,-0.007785968016833067,0.0,0.0,-0.007785967085510492,0.016118520870804787,-0.0025086263194680214,0.01583949103951454,0.1028231605887413,0.17126977443695068,6.359766121022403e-05,0.0,0.0,0.0,-0.3764076828956604,10.187223434448242,0.061981201171875,9.78761100769043,0.4703397750854492,-10.0,-9.874383926391602,14.174928665161133,2.0,2.0,18.617321014404297,0.30357420444488525,0.28977540135383606,0.30357420444488525,0.29590821266174316,0.0,0.30469265580177307,0.30469265580177307,0.30469265580177307,0.30469265580177307,0.0,0.20747391879558563,0.1701061874628067,-9.63621997833252,0.0,0.0,0.0,0.0,0.0,0.0,0.0,0.0,0.0,0.0,0.0,0.0,0.0,0.0,0.0,0.30469274520874023,0.30469274520874023,0.304692804813385,0.30469274520874023,0.32267695665359497,0.04114978387951851,0.04114978387951851,0.405765563249588,0.34029534459114075,0.2699616849422455,-0.10958944261074066,0.0,0.0,0.0,0.0,0.0,0.0,0.0
68547503204,0,-0.011930497363209724,-0.1487383395433426,-0.12778042256832123,-0.011930497363209724,-0.1487383395433426,-0.8277804255485535,0.03380291908979416,-0.012888763099908829,0.003437809646129608,0.0,0.0,0.0,-0.012422941625118256,-0.02127537503838539,-0.007541981525719166,0.0,0.0,-0.007541981525719166,0.016118520870804787,-0.0025086263194680214,0.01583949103951454,0.0987512543797493,0.1691359430551529,0.000218101660721004,0.0,0.0,0.0,-0.38643187284469604,10.16927719116211,0.07483386993408203,9.788139343261719,0.4664250314235687,-10.0,-9.873627662658691,13.793659210205078,2.0,2.0,18.940959930419922,0.30357420444488525,0.28977540135383606,0.30357420444488525,0.29590821266174316,0.0,0.30469265580177307,0.30469265580177307,0.30469265580177307,0.30469265580177307,0.0,0.20747391879558563,0.1701061874628067,-9.63621997833252,0.0,0.0,0.0,0.0,0.0,0.0,0.0,0.0,0.0,0.0,0.0,0.0,0.0,0.0,0.0,0.30469274520874023,0.30469274520874023,0.304692804813385,0.30469274520874023,0.31538036465644836,0.04114978387951851,0.04114978387951851,0.41168662905693054,0.34029534459114075,0.2699616849422455,-0.10958944261074066,0.0,0.0,0.0,0.0,0.0,0.0,0.0
68557761851,0,-0.011939523741602898,-0.1487504094839096,-0.1277751922607422,-0.011939523741602898,-0.1487504094839096,-0.8277751803398132,0.03716285154223442,-0.011683608405292034,0.004362568259239197,0.0,0.0,0.0,-0.012359325774013996,-0.021271007135510445,-0.0076601505279541016,0.0,0.0,-0.007660150062292814,0.01672004908323288,0.0015192030696198344,0.0056449337862432,0.09824788570404053,0.1690998375415802,0.00029952230397611856,0.0,0.0,0.0,-0.38518399000167847,10.16405200958252,0.0865774154663086,9.788372039794922,0.4646972119808197,-10.0,-9.873461723327637,13.479595184326172,2.0,2.0,19.23747444152832,0.30357420444488525,0.28977540135383606,0.30357420444488525,0.29590821266174316,0.0,0.30469265580177307,0.30469265580177307,0.30469265580177307,0.30469265580177307,0.0,0.24006719887256622,0.22171811759471893,-9.6421537399292,0.0,0.0,0.0,0.0,0.0,0.0,0.0,0.0,0.0,0.0,0.0,0.0,0.0,0.0,0.0,0.30469274520874023,0.30469274520874023,0.304692804813385,0.30469274520874023,0.31538036465644836,0.04114978387951851,0.04114978387951851,0.41168662905693054,0.21117854118347168,0.3383849859237671,-0.5546082854270935,0.0,0.0,0.0,0.0,0.0,0.0,0.0
68568556979,0,-0.011858761310577393,-0.14871850609779358,-0.127752885222435,-0.011858761310577393,-0.14871850609779358,-0.8277528882026672,0.044595956802368164,-0.00733852107077837,0.003938316833227873,0.0,0.0,0.0,-0.012246309779584408,-0.021481523290276527,-0.008201333694159985,0.0,0.0,-0.008201333694159985,0.01672004908323288,0.0015192030696198344,0.0056449337862432,0.09824788570404053,0.1690998375415802,0.00029952230397611856,0.0,0.0,0.0,-0.38518399000167847,10.16405200958252,0.0865774154663086,9.788372039794922,0.4646972119808197,-10.0,-9.873461723327637,13.479595184326172,2.0,2.0,19.23747444152832,0.30357420444488525,0.28977540135383606,0.30357420444488525,0.29590821266174316,0.0,0.30469265580177307,0.30469265580177307,0.30469265580177307,0.30469265580177307,0.0,0.24006719887256622,0.22171811759471893,-9.6421537399292,0.0,0.0,0.0,0.0,0.0,0.0,0.0,0.0,0.0,0.0,0.0,0.0,0.0,0.0,0.0,0.30469274520874023,0.30469274520874023,0.304692804813385,0.30469274520874023,0.30934932827949524,0.04114978387951851,0.04114978387951851,0.4170963168144226,0.21117854118347168,0.3383849859237671,-0.5546082854270935,0.0,0.0,0.0,0.0,0.0,0.0,0.0
68578498066,0,-0.011858761310577393,-0.14871850609779358,-0.127752885222435,-0.011858761310577393,-0.14871850609779358,-0.8277528882026672,0.044595956802368164,-0.00733852107077837,0.003938316833227873,0.0,0.0,0.0,-0.012246309779584408,-0.021481523290276527,-0.008201333694159985,0.0,0.0,-0.008201333694159985,0.010155783034861088,-0.003992507234215736,-0.021790215745568275,0.09735574573278427,0.17076973617076874,0.0005243581836111844,0.0,0.0,0.0,-0.37145233154296875,10.176321029663086,0.11281490325927734,9.788905143737793,0.4605754315853119,-10.0,-9.87380313873291,12.83360481262207,2.0,2.0,19.92039680480957,0.30357420444488525,0.28977540135383606,0.30357420444488525,0.29590821266174316,0.0,0.30469265580177307,0.30469265580177307,0.30469265580177307,0.30469265580177307,0.0,0.27479788661003113,0.3464895486831665,-9.866497039794922,0.0,0.0,0.0,0.0,0.0,0.0,0.0,0.0,0.0,0.0,0.0,0.0,0.0,0.0,0.0,0.30469274520874023,0.30469274520874023,0.304692804813385,0.30469274520874023,0.2968847453594208,0.04114978387951851,0.04114978387951851,0.42950159311294556,-0.19231274724006653,-0.1558302938938141,-1.1180956363677979,0.0,0.0,0.0,0.0,0.0,0.0,0.0
68587545339,0,-0.011858761310577393,-0.14871850609779358,-0.127752885222435,-0.011858761310577393,-0.14871850609779358,-0.8277528882026672,0.044595956802368164,-0.00733852107077837,0.003938316833227873,0.0,0.0,0.0,-0.012246309779584408,-0.021481523290276527,-0.008201333694159985,0.0,0.0,-0.008201333694159985,0.006418605335056782,-0.00676443288102746,-0.035352565348148346,0.09689896553754807,0.17102806270122528,0.00042989238863810897,0.0,0.0,0.0,-0.36522090435028076,10.179871559143066,0.12416362762451172,9.78918743133545,0.4584583044052124,-10.0,-9.874377250671387,12.551820755004883,2.0,2.0,20.21248435974121,0.30357420444488525,0.28977540135383606,0.30357420444488525,0.29590821266174316,0.0,0.30469265580177307,0.30469265580177307,0.30469265580177307,0.30469265580177307,0.0,0.27479788661003113,0.3464895486831665,-9.866497039794922,0.0,0.0,0.0,0.0,0.0,0.0,0.0,0.0,0.0,0.0,0.0,0.0,0.0,0.0,0.0,0.30469274520874023,0.30469274520874023,0.304692804813385,0.30469274520874023,0.29142218828201294,0.04114978387951851,0.04114978387951851,0.4347846508026123,-0.2735682427883148,-0.19076570868492126,-1.1975315809249878,0.0,0.0,0.0,0.0,0.0,0.0,0.0
68601207527,0,-0.011626518331468105,-0.1486113965511322,-0.12775863707065582,-0.011626518331468105,-0.1486113965511322,-0.8277586102485657,0.05267772823572159,-0.004820340313017368,0.0016027070814743638,0.0,0.0,0.0,-0.012120370753109455,-0.021470384672284126,-0.009043455123901367,0.0,0.0,-0.009043455123901367,0.006418605335056782,-0.00676443288102746,-0.035352565348148346,0.09689896553754807,0.17102806270122528,0.00042989238863810897,0.0,0.0,0.0,-0.36522090435028076,10.179871559143066,0.12416362762451172,9.78918743133545,0.4584583044052124,-10.0,-9.874377250671387,12.551820755004883,2.0,2.0,20.21248435974121,0.30357420444488525,0.28977540135383606,0.30357420444488525,0.29590821266174316,0.0,0.30469265580177307,0.30469265580177307,0.30469265580177307,0.30469265580177307,0.0,0.1768607646226883,0.22067458927631378,-9.920330047607422,0.0,0.0,0.0,0.0,0.0,0.0,0.0,0.0,0.0,0.0,0.0,0.0,0.0,0.0,0.0,0.30469274520874023,0.30469274520874023,0.304692804813385,0.30469274520874023,0.29142218828201294,0.04114978387951851,0.04114978387951851,0.4347846508026123,-0.2735682427883148,-0.19076570868492126,-1.1975315809249878,0.0,0.0,0.0,0.0,0.0,0.0,0.0
68608739361,0,-0.011469541117548943,-0.14855602383613586,-0.12776848673820496,-0.011469541117548943,-0.14855602383613586,-0.8277684450149536,0.05285460874438286,-0.004172563087195158,0.000644775980617851,0.0,0.0,0.0,-0.012054742313921452,-0.02113926224410534,-0.009428990073502064,0.0,0.0,-0.009428990073502064,0.004008372779935598,0.009971179068088531,-0.04884224757552147,0.09689896553754807,0.17102806270122528,0.00042989238863810897,0.0,0.0,0.0,-0.361074835062027,10.148824691772461,0.13067626953125,9.789755821228027,0.4584583044052124,-10.0,-9.874377250671387,12.337782859802246,2.0,2.0,20.325977325439453,0.30357420444488525,0.28977540135383606,0.30357420444488525,0.29590821266174316,0.0,0.30469265580177307,0.30469265580177307,0.30469265580177307,0.30469265580177307,0.0,-0.10332038253545761,0.11659026145935059,-9.907526016235352,0.0,0.0,0.0,0.0,0.0,0.0,0.0,0.0,0.0,0.0,0.0,0.0,0.0,0.0,0.0,0.30469274520874023,0.30469274520874023,0.304692804813385,0.30469274520874023,0.29142218828201294,0.04114978387951851,0.04114978387951851,0.4347846508026123,-0.16049279272556305,0.6851925253868103,-0.7556400895118713,0.0,0.0,0.0,0.0,0.0,0.0,0.0
68617752220,0,-0.011469541117548943,-0.14855602383613586,-0.12776848673820496,-0.011469541117548943,-0.14855602383613586,-0.8277684450149536,0.05285460874438286,-0.004172563087195158,0.000644775980617851,0.0,0.0,0.0,-0.012054742313921452,-0.02113926224410534,-0.009428990073502064,0.0,0.0,-0.009428990073502064,0.0035176221281290054,0.0353989340364933,-0.027006983757019043,0.09575389325618744,0.16564737260341644,0.00032779359025880694,0.0,0.0,0.0,-0.361074835062027,10.148824691772461,0.13067626953125,9.789755821228027,0.45442527532577515,-10.0,-9.875998497009277,12.337782859802246,2.0,2.0,20.325977325439453,0.30357420444488525,0.28977540135383606,0.30357420444488525,0.29590821266174316,0.0,0.30469265580177307,0.30469265580177307,0.30469265580177307,0.30469265580177307,0.0,-0.10332038253545761,0.11659026145935059,-9.907526016235352,0.0,0.0,0.0,0.0,0.0,0.0,0.0,0.0,0.0,0.0,0.0,0.0,0.0,0.0,0.0,0.30469274520874023,0.30469274520874023,0.304692804813385,0.30469274520874023,0.2872627377510071,0.04114978387951851,0.04114978387951851,0.4368337094783783,-0.03691686689853668,0.9029921293258667,0.727456271648407,0.0,0.0,0.0,0.0,0.0,0.0,0.0
68628068763,0,-0.011055324226617813,-0.14848339557647705,-0.12776316702365875,-0.011055324226617813,-0.14848339557647705,-0.8277631402015686,0.04581240937113762,-0.0071126725524663925,0.005063906777650118,0.0,0.0,0.0,-0.011917670257389545,-0.020022911950945854,-0.009558754973113537,0.0,0.0,-0.009558754973113537,0.0035176221281290054,0.0353989340364933,-0.027006983757019043,0.09472828358411789,0.1591840386390686,-9.432273509446532e-05,0.0,0.0,0.0,-0.3583102822303772,10.114785194396973,0.10015392303466797,9.790452003479004,0.45006999373435974,-10.0,-9.87760066986084,13.086874008178711,2.0,2.0,19.468854904174805,0.30357420444488525,0.28977540135383606,0.30357420444488525,0.29590821266174316,0.0,0.30469265580177307,0.30469265580177307,0.30469265580177307,0.30469265580177307,0.0,-0.440433531999588,-0.05835052579641342,-9.553924560546875,0.0,0.0,0.0,0.0,0.0,0.0,0.0,0.0,0.0,0.0,0.0,0.0,0.0,0.0,0.0,0.30469274520874023,0.30469274520874023,0.304692804813385,0.30469274520874023,0.3017812669277191,0.04114978387951851,0.04114978387951851,0.4213077425956726,-0.03691686689853668,0.9029921293258667,0.727456271648407,0.0,0.0,0.0,0.0,0.0,0.0,0.0
68637660427,0,-0.010987195186316967,-0.14847618341445923,-0.12771333754062653,-0.010987195186316967,-0.14847618341445923,-0.8277133107185364,0.03947987034916878,-0.007113978266716003,0.007237943820655346,0.0,0.0,0.0,-0.01174643263220787,-0.020115969702601433,-0.00907114241272211,0.0,0.0,-0.00907114241272211,0.006328292656689882,0.028689945116639137,-0.0048573254607617855,0.09335772693157196,0.15992912650108337,-0.00044332497054710984,0.0,0.0,0.0,-0.361677885055542,10.128841400146484,0.07578468322753906,9.79075813293457,0.45006999373435974,-10.0,-9.87760066986084,13.74254322052002,2.0,2.0,18.860000610351562,0.30204102396965027,0.28977540135383606,0.30357420444488525,0.29590821266174316,0.0,0.30469265580177307,0.30469265580177307,0.30469265580177307,0.30469265580177307,0.0,-0.6857278943061829,0.09509559720754623,-9.476934432983398,0.0,0.0,0.0,0.0,0.0,0.0,0.0,0.0,0.0,0.0,0.0,0.0,0.0,0.0,0.0,0.30469274520874023,0.30469274520874023,0.304692804813385,0.30469274520874023,0.3017812669277191,0.04114978387951851,0.04114978387951851,0.4213077425956726,0.11974848061800003,0.17231498658657074,1.4858735799789429,0.0,0.0,0.0,0.0,0.0,0.0,0.0
68647507330,0,-0.011048977263271809,-0.14846736192703247,-0.12759174406528473,-0.011048977263271809,-0.14846736192703247,-0.8275917172431946,0.023610981181263924,-0.00649677449837327,0.006355744320899248,0.0,0.0,0.0,-0.011143606156110764,-0.019830184057354927,-0.0075737782754004,0.0,0.0,-0.0075737787410616875,0.006328292656689882,0.028689945116639137,-0.0048573254607617855,0.09335772693157196,0.15992912650108337,-0.00044332497054710984,0.0,0.0,0.0,-0.361677885055542,10.128841400146484,0.07578468322753906,9.79075813293457,0.4482172429561615,-10.0,-9.877852439880371,13.74254322052002,2.0,2.0,18.860000610351562,0.30357420444488525,0.28977540135383606,0.30357420444488525,0.29590821266174316,0.0,0.30469265580177307,0.30469265580177307,0.30469265580177307,0.30469265580177307,0.0,-0.6857278943061829,0.09509559720754623,-9.476934432983398,0.0,0.0,0.0,0.0,0.0,0.0,0.0,0.0,0.0,0.0,0.0,0.0,0.0,0.0,0.0,0.30469274520874023,0.30469274520874023,0.304692804813385,0.30469274520874023,0.3144000172615051,0.04114978387951851,0.04114978387951851,0.4102071225643158,0.11974848061800003,0.17231498658657074,1.4858735799789429,0.0,0.0,0.0,0.0,0.0,0.0,0.0
68658710617,0,-0.011048977263271809,-0.14846736192703247,-0.12759174406528473,-0.011048977263271809,-0.14846736192703247,-0.8275917172431946,0.023610981181263924,-0.00649677449837327,0.006355744320899248,0.0,0.0,0.0,-0.011143606156110764,-0.019830184057354927,-0.0075737782754004,0.0,0.0,-0.0075737787410616875,0.0215564277023077,0.013232296332716942,0.050965964794158936,0.08855605870485306,0.15766248106956482,-0.0008444784907624125,0.0,0.0,0.0,-0.3834601044654846,10.14855670928955,0.02229785919189453,9.79135513305664,0.4445076286792755,-10.0,-9.876953125,15.141139030456543,2.0,2.0,17.529478073120117,0.30357420444488525,0.28977540135383606,0.30357420444488525,0.29590821266174316,0.0,0.30469265580177307,0.30469265580177307,0.30469265580177307,0.30469265580177307,0.0,-1.0208897590637207,0.12221676111221313,-9.926822662353516,0.0,0.0,0.0,0.0,0.0,0.0,0.0,0.0,0.0,0.0,0.0,0.0,0.0,0.0,0.0,0.30469274520874023,0.30469274520874023,0.304692804813385,0.30469274520874023,0.3144000172615051,0.04114978387951851,0.04114978387951851,0.4102071225643158,0.5952100157737732,-0.41269510984420776,2.44427227973938,0.0,0.0,0.0,0.0,0.0,0.0,0.0
68667564110,0,-0.011048977263271809,-0.14846736192703247,-0.12759174406528473,-0.011364585720002651,-0.14843903481960297,-0.8275516629219055,0.023610981181263924,-0.00649677449837327,0.006355744320899248,0.0,0.0,0.0,-0.011143606156110764,-0.019830184057354927,-0.0075737782754004,0.0,0.0,-0.006060961168259382,0.0215564277023077,0.013232296332716942,0.050965964794158936,0.08855605870485306,0.15766248106956482,-0.0008444784907624125,0.0,0.0,0.0,-0.3834601044654846,10.14855670928955,0.02229785919189453,9.79135513305664,0.4445076286792755,-10.0,-9.876953125,15.141139030456543,2.0,2.0,17.529478073120117,0.30357420444488525,0.28977540135383606,0.30357420444488525,0.29590821266174316,0.0,0.30469265580177307,0.30469265580177307,0.30469265580177307,0.30469265580177307,0.0,-1.0208897590637207,0.12221676111221313,-9.926822662353516,0.0,0.0,0.0,0.0,0.0,0.0,0.0,0.0,0.0,0.0,0.0,0.0,0.0,0.0,0.0,0.30469274520874023,0.30469274520874023,0.304692804813385,0.30469274520874023,0.3410468101501465,0.04114978387951851,0.04114978387951851,0.38573604822158813,0.5952100157737732,-0.41269510984420776,2.44427227973938,0.0,0.0,0.0,0.0,0.0,0.0,0.0
68677468106,0,-0.011364585720002651,-0.14843903481960297,-0.12755167484283447,-0.011364585720002651,-0.14843903481960297,-0.8275516629219055,0.009473536163568497,-0.0051684011705219746,-0.0016275092493742704,0.0,0.0,0.0,-0.010769346728920937,-0.0197449941188097,-0.006060961168259382,0.0,0.0,-0.006060961168259382,0.02515619620680809,0.00560767250135541,0.08505833894014359,0.08560184389352798,0.15740689635276794,-0.0002563668822403997,0.0,0.0,0.0,-0.3823835849761963,10.155622482299805,0.00136566162109375,9.791708946228027,0.44090795516967773,-10.0,-9.874114036560059,15.695549964904785,2.0,2.0,16.9924373626709,0.30204102396965027,0.28977540135383606,0.30357420444488525,0.29590821266174316,0.0,0.30469265580177307,0.30469265580177307,0.30469265580177307,0.30469265580177307,0.0,-0.9196388721466064,0.19172145426273346,-10.271940231323242,0.0,0.0,0.0,0.0,0.0,0.0,0.0,0.0,0.0,0.0,0.0,0.0,0.0,0.0,0.0,0.30469274520874023,0.30469274520874023,0.304692804813385,0.30469274520874023,0.35151052474975586,0.04114978387951851,0.04114978387951851,0.3757741451263428,0.19035649299621582,-0.4246712028980255,1.6691193580627441,0.0,0.0,0.0,0.0,0.0,0.0,0.0
68687924532,0,-0.011364585720002651,-0.14843903481960297,-0.12755167484283447,-0.011364585720002651,-0.14843903481960297,-0.8275516629219055,0.009473536163568497,-0.0051684011705219746,-0.0016275092493742704,0.0,0.0,0.0,-0.010769346728920937,-0.0197449941188097,-0.006060961168259382,0.0,0.0,-0.006060961168259382,0.005118674132972956,-0.010643253102898598,0.06667384505271912,0.08642300963401794,0.1589551717042923,-9.056954877451062e-05,0.0,0.0,0.0,-0.36563146114349365,10.169901847839355,0.01270294189453125,9.79178237915039,0.4390726089477539,-10.0,-9.872469902038574,15.454787254333496,2.0,2.0,17.283592224121094,0.30357420444488525,0.28977540135383606,0.30357420444488525,0.29590821266174316,0.0,0.30469265580177307,0.30469265580177307,0.30469265580177307,0.30469265580177307,0.0,-0.7642737627029419,0.28148454427719116,-9.959966659545898,0.0,0.0,0.0,0.0,0.0,0.0,0.0,0.0,0.0,0.0,0.0,0.0,0.0,0.0,0.0,0.30469274520874023,0.30469274520874023,0.304692804813385,0.30469274520874023,0.3469732105731964,0.04114978387951851,0.04114978387951851,0.38118094205856323,-0.7187732458114624,-0.6817728281021118,-0.3517459034919739,0.0,0.0,0.0,0.0,0.0,0.0,0.0
68698383891,0,-0.012257888913154602,-0.14831136167049408,-0.12770263850688934,-0.012257888913154602,-0.14831136167049408,-0.8277026414871216,-0.007674441672861576,-0.0003959413734264672,-0.007778448518365622,0.0,0.0,0.0,-0.011104284785687923,-0.020108159631490707,-0.005248582921922207,0.0,0.0,-0.005248582921922207,0.005118674132972956,-0.010643253102898598,0.06667384505271912,0.08642300963401794,0.1589551717042923,-9.056954877451062e-05,0.0,0.0,0.0,-0.36563146114349365,10.169901847839355,0.01270294189453125,9.79178237915039,0.4390726089477539,-10.0,-9.872469902038574,15.454787254333496,2.0,2.0,17.283592224121094,0.30357420444488525,0.28977540135383606,0.30357420444488525,0.29590821266174316,0.0,0.30469265580177307,0.30469265580177307,0.30469265580177307,0.30469265580177307,0.0,-0.7642737627029419,0.28148454427719116,-9.959966659545898,0.0,0.0,0.0,0.0,0.0,0.0,0.0,0.0,0.0,0.0,0.0,0.0,0.0,0.0,0.0,0.30469274520874023,0.30469274520874023,0.304692804813385,0.30469274520874023,0.3469732105731964,0.04114978387951851,0.04114978387951851,0.38118094205856323,-0.7187732458114624,-0.6817728281021118,-0.3517459034919739,0.0,0.0,0.0,0.0,0.0,0.0,0.0
68708269486,0,-0.012257888913154602,-0.14831136167049408,-0.12770263850688934,-0.012257888913154602,-0.14831136167049408,-0.8277026414871216,-0.007674441672861576,-0.0003959413734264672,-0.007778448518365622,0.0,0.0,0.0,-0.011104284785687923,-0.020108159631490707,-0.005248582921922207,0.0,0.0,-0.005248582921922207,-0.004950490314513445,-0.012622534297406673,0.038963429629802704,0.08850187808275223,0.16019438207149506,0.00024532314273528755,0.0,0.0,0.0,-0.33360087871551514,10.177141189575195,0.0640869140625,9.791820526123047,0.43524378538131714,-10.0,-9.870223999023438,14.170719146728516,2.0,2.0,18.58557891845703,0.30357420444488525,0.28977540135383606,0.30357420444488525,0.29590821266174316,0.0,0.30469265580177307,0.30469265580177307,0.30469265580177307,0.30469265580177307,0.0,-0.5981621742248535,0.36696088314056396,-9.701627731323242,0.0,0.0,0.0,0.0,0.0,0.0,0.0,0.0,0.0,0.0,0.0,0.0,0.0,0.0,0.0,0.30469274520874023,0.30469274520874023,0.304692804813385,0.30469274520874023,0.32259654998779297,0.04114978387951851,0.04114978387951851,0.40518397092819214,-0.8190537691116333,-0.4323974549770355,-1.4721808433532715,0.0,0.0,0.0,0.0,0.0,0.0,0.0
68717797149,0,-0.01303824596107006,-0.14812679588794708,-0.12777172029018402,-0.01303824596107006,-0.14812679588794708,-0.8277717232704163,-0.012014098465442657,0.003847913583740592,-0.0012563570635393262,0.0,0.0,0.0,-0.011186221614480019,-0.02022993005812168,-0.006052137818187475,0.0,0.0,-0.006052137352526188,-0.009122983552515507,-0.011950737796723843,0.0053107175044715405,0.08893749117851257,0.16081631183624268,0.0007846471853554249,0.0,0.0,0.0,-0.32912737131118774,10.17447280883789,0.09745407104492188,9.791873931884766,0.43524378538131714,-10.0,-9.870223999023438,13.293547630310059,2.0,2.0,19.446596145629883,0.30357420444488525,0.28977540135383606,0.30357420444488525,0.29590821266174316,0.0,0.30469265580177307,0.30469265580177307,0.30469265580177307,0.30469265580177307,0.0,-0.5981621742248535,0.36696088314056396,-9.701627731323242,0.0,0.0,0.0,0.0,0.0,0.0,0.0,0.0,0.0,0.0,0.0,0.0,0.0,0.0,0.0,0.30469274520874023,0.30469274520874023,0.304692804813385,0.30469274520874023,0.32259654998779297,0.04114978387951851,0.04114978387951851,0.40518397092819214,-0.5978627800941467,-0.19456975162029266,-2.315737724304199,0.0,0.0,0.0,0.0,0.0,0.0,0.0
68732226422,0,-0.01303824596107006,-0.14812679588794708,-0.12777172029018402,-0.013853012584149837,-0.1479022055864334,-0.8277063369750977,-0.012014098465442657,0.003847913583740592,-0.0012563570635393262,0.0,0.0,0.0,-0.011186221614480019,-0.02022993005812168,-0.006052137818187475,0.0,0.0,-0.007443734910339117,-0.009122983552515507,-0.011950737796723843,0.0053107175044715405,0.08893749117851257,0.16081631183624268,0.0007846471853554249,0.0,0.0,0.0,-0.32912737131118774,10.17447280883789,0.09745407104492188,9.791873931884766,0.4330122470855713,-10.0,-9.869827270507812,13.293547630310059,2.0,2.0,19.446596145629883,0.30357420444488525,0.28977540135383606,0.30357420444488525,0.29590821266174316,0.0,0.30469265580177307,0.30469265580177307,0.30469265580177307,0.30469265580177307,0.0,-0.2705284059047699,0.19088104367256165,-9.324023246765137,0.0,0.0,0.0,0.0,0.0,0.0,0.0,0.0,0.0,0.0,0.0,0.0,0.0,0.0,0.0,0.30469274520874023,0.30469274520874023,0.304692804813385,0.30469274520874023,0.305767685174942,0.04114978387951851,0.04114978387951851,0.4209029972553253,-0.5978627800941467,-0.19456975162029266,-2.315737724304199,0.0,0.0,0.0,0.0,0.0,0.0,0.0
68738185177,0,-0.013853012584149837,-0.1479022055864334,-0.1277063637971878,-0.013853012584149837,-0.1479022055864334,-0.8277063369750977,-0.010695935226976871,0.0044836318120360374,0.0047537279315292835,0.0,0.0,0.0,-0.011320754885673523,-0.02057778090238571,-0.007443735376000404,0.0,0.0,-0.007443734910339117,-0.009960442781448364,-0.013479224406182766,-0.04887494817376137,0.09001284837722778,0.16357821226119995,0.0010084726382046938,0.0,0.0,0.0,-0.32737967371940613,10.177423477172852,0.14292621612548828,9.792054176330566,0.4330122470855713,-10.0,-9.869827270507812,12.11578369140625,2.0,2.0,20.636606216430664,0.30357420444488525,0.28977540135383606,0.30357420444488525,0.29590821266174316,0.0,0.30469265580177307,0.30469265580177307,0.30469265580177307,0.30469265580177307,0.0,-0.08338624238967896,0.13388949632644653,-9.4219970703125,0.0,0.0,0.0,0.0,0.0,0.0,0.0,0.0,0.0,0.0,0.0,0.0,0.0,0.0,0.0,0.30469274520874023,0.30469274520874023,0.304692804813385,0.30469274520874023,0.305767685174942,0.04114978387951851,0.04114978387951851,0.4209029972553253,-0.23817665874958038,-0.15843021869659424,-2.7197265625,0.0,0.0,0.0,0.0,0.0,0.0,0.0
68748033371,0,-0.013853012584149837,-0.1479022055864334,-0.1277063637971878,-0.013853012584149837,-0.1479022055864334,-0.8277063369750977,-0.010695935226976871,0.0044836318120360374,0.0047537279315292835,0.0,0.0,0.0,-0.011320754885673523,-0.02057778090238571,-0.007443735376000404,0.0,0.0,-0.007443734910339117,-0.009960442781448364,-0.013479224406182766,-0.04887494817376137,0.09001284837722778,0.16357821226119995,0.0010084726382046938,0.0,0.0,0.0,-0.32737967371940613,10.177423477172852,0.14292621612548828,9.792054176330566,0.4288245439529419,-10.0,-9.870823860168457,12.11578369140625,2.0,2.0,20.636606216430664,0.30357420444488525,0.28977540135383606,0.30357420444488525,0.29590821266174316,0.0,0.30469265580177307,0.30469265580177307,0.30469265580177307,0.30469265580177307,0.0,-0.08338624238967896,0.13388949632644653,-9.4219970703125,0.0,0.0,0.0,0.0,0.0,0.0,0.0,0.0,0.0,0.0,0.0,0.0,0.0,0.0,0.0,0.30469274520874023,0.30469274520874023,0.304692804813385,0.30469274520874023,0.2817457616329193,0.04114978387951851,0.04114978387951851,0.44365400075912476,-0.23817665874958038,-0.15843021869659424,-2.7197265625,0.0,0.0,0.0,0.0,0.0,0.0,0.0
68757911717,0,-0.014562883414328098,-0.14766213297843933,-0.12761370837688446,-0.014562883414328098,-0.14766213297843933,-0.8276137113571167,-0.0025730107445269823,0.005827673710882664,0.0011019738158211112,0.0,0.0,0.0,-0.011550625786185265,-0.021122466772794724,-0.008659455925226212,0.0,0.0,-0.008659455925226212,-0.013466284610331059,-0.024561958387494087,-0.07305654138326645,0.09183409810066223,0.16791124641895294,0.0007998569053597748,0.0,0.0,0.0,-0.31761634349823,10.196682929992676,0.1502237319946289,9.79233455657959,0.4245404303073883,-10.0,-9.873278617858887,11.970932960510254,2.0,2.0,20.842226028442383,0.30357420444488525,0.28977540135383606,0.30357420444488525,0.29590821266174316,0.0,0.30469265580177307,0.30469265580177307,0.30469265580177307,0.30469265580177307,0.0,0.32737788558006287,0.19785982370376587,-10.107267379760742,0.0,0.0,0.0,0.0,0.0,0.0,0.0,0.0,0.0,0.0,0.0,0.0,0.0,0.0,0.0,0.30469274520874023,0.30469274520874023,0.304692804813385,0.30469274520874023,0.2801123261451721,0.04114978387951851,0.04114978387951851,0.4461289644241333,-0.16236922144889832,-0.4210187792778015,-1.3887715339660645,0.0,0.0,0.0,0.0,0.0,0.0,0.0
68767629230,0,-0.014869329519569874,-0.14755532145500183,-0.12760791182518005,-0.014869329519569874,-0.14755532145500183,-0.8276078701019287,0.0019304105080664158,0.006282821763306856,-0.00263719423674047,0.0,0.0,0.0,-0.011636653915047646,-0.02123885042965412,-0.009023794904351234,0.0,0.0,-0.009023795835673809,-0.012851916253566742,-0.023687230423092842,-0.06583497673273087,0.09257569164037704,0.16873972117900848,0.00029613287188112736,0.0,0.0,0.0,-0.3163944184780121,10.19414234161377,0.13554000854492188,9.792535781860352,0.4222332835197449,-10.0,-9.874654769897461,12.353395462036133,2.0,2.0,20.452299118041992,0.3051074147224426,0.28977540135383606,0.30357420444488525,0.29590821266174316,0.0,0.30469265580177307,0.30469265580177307,0.30469265580177307,0.30469265580177307,0.0,0.32737788558006287,0.19785982370376587,-10.107267379760742,0.0,0.0,0.0,0.0,0.0,0.0,0.0,0.0,0.0,0.0,0.0,0.0,0.0,0.0,0.0,0.30469274520874023,0.30469274520874023,0.304692804813385,0.30469274520874023,0.2801123261451721,0.04114978387951851,0.04114978387951851,0.4461289644241333,-0.04751544073224068,-0.16153956949710846,-0.3605548143386841,0.0,0.0,0.0,0.0,0.0,0.0,0.0
68777752504,0,-0.014869329519569874,-0.14755532145500183,-0.12760791182518005,-0.014869329519569874,-0.14755532145500183,-0.8276078701019287,0.0019304105080664158,0.006282821763306856,-0.00263719423674047,0.0,0.0,0.0,-0.011636653915047646,-0.02123885042965412,-0.009023794904351234,0.0,0.0,-0.009023795835673809,-0.006396100390702486,-0.005672152619808912,-0.02685997262597084,0.09257569164037704,0.16873972117900848,0.00029613287188112736,0.0,0.0,0.0,-0.32155507802963257,10.166594505310059,0.08970832824707031,9.79295825958252,0.4222332835197449,-10.0,-9.874654769897461,13.501514434814453,2.0,2.0,19.21849822998047,0.3051074147224426,0.28977540135383606,0.30357420444488525,0.29590821266174316,0.0,0.30469265580177307,0.30469265580177307,0.30469265580177307,0.30469265580177307,0.0,0.3465423583984375,0.3106861710548401,-9.793289184570312,0.0,0.0,0.0,0.0,0.0,0.0,0.0,0.0,0.0,0.0,0.0,0.0,0.0,0.0,0.0,0.30469274520874023,0.30469274520874023,0.304692804813385,0.30469274520874023,0.2875663936138153,0.04114978387951851,0.04114978387951851,0.4391120374202728,0.24393001198768616,0.6033987998962402,1.3880895376205444,0.0,0.0,0.0,0.0,0.0,0.0,0.0
68787693225,0,-0.015377294272184372,-0.14735504984855652,-0.12766830623149872,-0.015377294272184372,-0.14735504984855652,-0.827668309211731,0.010799860581755638,0.009501478634774685,-0.005828431807458401,0.0,0.0,0.0,-0.011666163802146912,-0.021005531772971153,-0.009136464446783066,0.0,0.0,-0.009136464446783066,-0.006396100390702486,-0.005672152619808912,-0.02685997262597084,0.09249410778284073,0.16695591807365417,3.822897269856185e-06,0.0,0.0,0.0,-0.32155507802963257,10.166594505310059,0.08970832824707031,9.79295825958252,0.4180060029029846,-10.0,-9.876399993896484,13.501514434814453,2.0,2.0,19.21849822998047,0.3051074147224426,0.28977540135383606,0.30357420444488525,0.29590821266174316,0.0,0.30469265580177307,0.30469265580177307,0.30469265580177307,0.30469265580177307,0.0,0.3465423583984375,0.3106861710548401,-9.793289184570312,0.0,0.0,0.0,0.0,0.0,0.0,0.0,0.0,0.0,0.0,0.0,0.0,0.0,0.0,0.0,0.30469274520874023,0.30469274520874023,0.304692804813385,0.30469274520874023,0.30977073311805725,0.04114978387951851,0.04114978387951851,0.416750431060791,0.24393001198768616,0.6033987998962402,1.3880895376205444,0.0,0.0,0.0,0.0,0.0,0.0,0.0
68797678894,0,-0.015377294272184372,-0.14735504984855652,-0.12766830623149872,-0.015377294272184372,-0.14735504984855652,-0.827668309211731,0.010799860581755638,0.009501478634774685,-0.005828431807458401,0.0,0.0,0.0,-0.011666163802146912,-0.021005531772971153,-0.009136464446783066,0.0,0.0,-0.009136464446783066,-0.0018295609625056386,-0.0007731637451797724,-4.008080577477813e-05,0.09228143841028214,0.16710276901721954,-5.912246706429869e-05,0.0,0.0,0.0,-0.3250802159309387,10.162636756896973,0.06396102905273438,9.793190956115723,0.41583555936813354,-10.0,-9.876643180847168,14.16405200958252,2.0,2.0,18.544921875,0.30357420444488525,0.28977540135383606,0.30357420444488525,0.29590821266174316,0.0,0.30469265580177307,0.30469265580177307,0.30469265580177307,0.30469265580177307,0.0,0.3357490301132202,0.32183465361595154,-9.550048828125,0.0,0.0,0.0,0.0,0.0,0.0,0.0,0.0,0.0,0.0,0.0,0.0,0.0,0.0,0.0,0.30469274520874023,0.30469274520874023,0.304692804813385,0.30469274520874023,0.322469025850296,0.04114978387951851,0.04114978387951851,0.40443870425224304,0.33556485176086426,0.5238780975341797,1.9476447105407715,0.0,0.0,0.0,0.0,0.0,0.0,0.0
68807777393,0,-0.015377294272184372,-0.14735504984855652,-0.12766830623149872,-0.015377294272184372,-0.14735504984855652,-0.827668309211731,0.010799860581755638,0.009501478634774685,-0.005828431807458401,0.0,0.0,0.0,-0.011666163802146912,-0.021005531772971153,-0.009136464446783066,0.0,0.0,-0.009136464446783066,-0.0009236886398866773,0.00023307150695472956,0.024404451251029968,0.09228143841028214,0.16710276901721954,-5.912246706429869e-05,0.0,0.0,0.0,-0.3250802159309387,10.162636756896973,0.06396102905273438,9.793190956115723,0.41583555936813354,-10.0,-9.876643180847168,14.16405200958252,2.0,2.0,18.544921875,0.30204102396965027,0.28977540135383606,0.30357420444488525,0.29590821266174316,0.0,0.30469265580177307,0.30469265580177307,0.30469265580177307,0.30469265580177307,0.0,0.3357490301132202,0.32183465361595154,-9.550048828125,0.0,0.0,0.0,0.0,0.0,0.0,0.0,0.0,0.0,0.0,0.0,0.0,0.0,0.0,0.0,0.30469274520874023,0.30469274520874023,0.304692804813385,0.30469274520874023,0.322469025850296,0.04114978387951851,0.04114978387951851,0.40443870425224304,0.2035934031009674,0.3096301257610321,2.1161153316497803,0.0,0.0,0.0,0.0,0.0,0.0,0.0
68817716520,0,-0.015855591744184494,-0.1467801332473755,-0.12761171162128448,-0.015855591744184494,-0.1467801332473755,-0.8276116847991943,0.027671372517943382,0.01260257139801979,0.007822158746421337,0.0,0.0,0.0,-0.011920035816729069,-0.020992165431380272,-0.007595320697873831,0.0,0.0,-0.007595320697873831,-0.004567072726786137,0.00043126297532580793,0.03964927792549133,0.0947374776005745,0.16689389944076538,-0.0003845544415526092,0.0,0.0,0.0,-0.3250802159309387,10.162636756896973,0.06396102905273438,9.793190956115723,0.41583555936813354,-10.0,-9.876643180847168,14.998764991760254,2.0,2.0,17.723716735839844,0.30204102396965027,0.28977540135383606,0.30357420444488525,0.29590821266174316,0.0,0.30469265580177307,0.30469265580177307,0.30469265580177307,0.30469265580177307,0.0,0.32419106364250183,0.11082842200994492,-9.334770202636719,0.0,0.0,0.0,0.0,0.0,0.0,0.0,0.0,0.0,0.0,0.0,0.0,0.0,0.0,0.0,0.30469274520874023,0.30469274520874023,0.304692804813385,0.30469274520874023,0.322469025850296,0.04114978387951851,0.04114978387951851,0.40443870425224304,-0.06319279223680496,0.18679144978523254,1.9191421270370483,0.0,0.0,0.0,0.0,0.0,0.0,0.0
68827751697,0,-0.015855591744184494,-0.1467801332473755,-0.12761171162128448,-0.015844030305743217,-0.1465444713830948,-0.8273906111717224,0.027671372517943382,0.01260257139801979,0.007822158746421337,0.0,0.0,0.0,-0.011920035816729069,-0.020992165431380272,-0.007595320697873831,0.0,0.0,-0.007082689553499222,-0.004567072726786137,0.00043126297532580793,0.03964927792549133,0.0947374776005745,0.16689389944076538,-0.0003845544415526092,0.0,0.0,0.0,-0.31260424852371216,10.16471004486084,0.03322410583496094,9.793560028076172,0.41184186935424805,-10.0,-9.875819206237793,14.998764991760254,2.0,2.0,17.723716735839844,0.3005078136920929,0.28977540135383606,0.30357420444488525,0.29590821266174316,0.0,0.30469265580177307,0.30469265580177307,0.30469265580177307,0.30469265580177307,0.0,0.32419106364250183,0.11082842200994492,-9.334770202636719,0.0,0.0,0.0,0.0,0.0,0.0,0.0,0.0,0.0,0.0,0.0,0.0,0.0,0.0,0.0,0.30469274520874023,0.30469274520874023,0.304692804813385,0.30469274520874023,0.3383506238460541,0.04114978387951851,0.04114978387951851,0.389326810836792,-0.06319279223680496,0.18679144978523254,1.9191421270370483,0.0,0.0,0.0,0.0,0.0,0.0,0.0
68838705876,0,-0.015844030305743217,-0.1465444713830948,-0.12739062309265137,-0.015844030305743217,-0.1465444713830948,-0.8273906111717224,0.03601932153105736,0.007185969967395067,0.011811934411525726,0.0,0.0,0.0,-0.012549418956041336,-0.020849211141467094,-0.007082689553499222,0.0,0.0,-0.007082689553499222,-0.021419763565063477,0.0029736224096268415,0.044476497918367386,0.09975038468837738,0.1657520979642868,-2.5102697691181675e-05,0.0,0.0,0.0,-0.28002065420150757,10.161223411560059,0.041214942932128906,9.79371166229248,0.40755605697631836,-10.0,-9.874165534973145,14.828302383422852,2.0,2.0,17.87378692626953,0.3005078136920929,0.28977540135383606,0.30357420444488525,0.29590821266174316,0.0,0.30469265580177307,0.30469265580177307,0.30469265580177307,0.30469265580177307,0.0,0.31890633702278137,-0.21545518934726715,-9.660748481750488,0.0,0.0,0.0,0.0,0.0,0.0,0.0,0.0,0.0,0.0,0.0,0.0,0.0,0.0,0.0,0.30469274520874023,0.30469274520874023,0.304692804813385,0.30469274520874023,0.33511775732040405,0.04114978387951851,0.04114978387951851,0.39209696650505066,-0.6365247368812561,0.15547943115234375,0.5862829685211182,0.0,0.0,0.0,0.0,0.0,0.0,0.0
68848730857,0,-0.015844030305743217,-0.1465444713830948,-0.12739062309265137,-0.015844030305743217,-0.1465444713830948,-0.8273906111717224,0.03601932153105736,0.007185969967395067,0.011811934411525726,0.0,0.0,0.0,-0.012549418956041336,-0.020849211141467094,-0.007082689553499222,0.0,0.0,-0.007082689553499222,-0.017988072708249092,0.012871197424829006,0.009235027246177197,0.10110163688659668,0.16453926265239716,0.0001813644339563325,0.0,0.0,0.0,-0.2744613289833069,10.155618667602539,0.06091880798339844,9.79369831085205,0.40505942702293396,-10.0,-9.873434066772461,14.30555534362793,2.0,2.0,18.371166229248047,0.3005078136920929,0.28977540135383606,0.30357420444488525,0.29590821266174316,0.0,0.30469265580177307,0.30469265580177307,0.30469265580177307,0.30469265580177307,0.0,0.1960253119468689,-0.20033277571201324,-9.986519813537598,0.0,0.0,0.0,0.0,0.0,0.0,0.0,0.0,0.0,0.0,0.0,0.0,0.0,0.0,0.0,0.30469274520874023,0.30469274520874023,0.304692804813385,0.30469274520874023,0.32517051696777344,0.04114978387951851,0.04114978387951851,0.4012506902217865,0.09920226782560349,0.4307049810886383,-1.1631232500076294,0.0,0.0,0.0,0.0,0.0,0.0,0.0
68858165015,0,-0.01569388061761856,-0.14643968641757965,-0.12718746066093445,-0.01569388061761856,-0.14643968641757965,-0.8271874189376831,0.03969947621226311,0.0010071012657135725,0.004637822974473238,0.0,0.0,0.0,-0.01269405335187912,-0.020471926778554916,-0.0073263817466795444,0.0,0.0,-0.0073263817466795444,-0.00010614468192216009,0.019853658974170685,-0.014994746074080467,0.10110163688659668,0.16453926265239716,0.0001813644339563325,0.0,0.0,0.0,-0.2744613289833069,10.155618667602539,0.06091880798339844,9.79369831085205,0.40505942702293396,-10.0,-9.873434066772461,13.651545524597168,2.0,2.0,18.987071990966797,0.30204102396965027,0.28977540135383606,0.30357420444488525,0.29590821266174316,0.0,0.30469265580177307,0.30469265580177307,0.30469265580177307,0.30469265580177307,0.0,0.1960253119468689,-0.20033277571201324,-9.986519813537598,0.0,0.0,0.0,0.0,0.0,0.0,0.0,0.0,0.0,0.0,0.0,0.0,0.0,0.0,0.0,0.30469274520874023,0.30469274520874023,0.304692804813385,0.30469274520874023,0.32517051696777344,0.04114978387951851,0.04114978387951851,0.4012506902217865,0.846092700958252,0.5034129619598389,-1.6029525995254517,0.0,0.0,0.0,0.0,0.0,0.0,0.0
68867753465,0,-0.01561706606298685,-0.14643366634845734,-0.1271505206823349,-0.01561706606298685,-0.14643366634845734,-0.8271505236625671,0.03879610076546669,-0.0023197252303361893,-0.0013808021321892738,0.0,0.0,0.0,-0.01243266835808754,-0.020206335932016373,-0.007673545740544796,0.0,0.0,-0.007673545740544796,-0.00010614468192216009,0.019853658974170685,-0.014994746074080467,0.0975070521235466,0.15979623794555664,0.0003741764812730253,0.0,0.0,0.0,-0.3108218014240265,10.134908676147461,0.10707569122314453,9.793638229370117,0.3999740779399872,-10.0,-9.873157501220703,13.000972747802734,2.0,2.0,19.604736328125,0.30204102396965027,0.28977540135383606,0.30357420444488525,0.29590821266174316,0.0,0.30469265580177307,0.30469265580177307,0.30469265580177307,0.30469265580177307,0.0,-0.33383578062057495,-0.3087683618068695,-10.475088119506836,0.0,0.0,0.0,0.0,0.0,0.0,0.0,0.0,0.0,0.0,0.0,0.0,0.0,0.0,0.0,0.30469274520874023,0.30469274520874023,0.304692804813385,0.30469274520874023,0.32517051696777344,0.04114978387951851,0.04114978387951851,0.4012506902217865,0.846092700958252,0.5034129619598389,-1.6029525995254517,0.0,0.0,0.0,0.0,0.0,0.0,0.0
68878323355,0,-0.01561706606298685,-0.14643366634845734,-0.1271505206823349,-0.01561706606298685,-0.14643366634845734,-0.8271505236625671,0.03879610076546669,-0.0023197252303361893,-0.0013808021321892738,0.0,0.0,0.0,-0.01243266835808754,-0.020206335932016373,-0.007673545740544796,0.0,0.0,-0.007673545740544796,-0.00010614468192216009,0.019853658974170685,-0.014994746074080467,0.0975070521235466,0.15979623794555664,0.0003741764812730253,0.0,0.0,0.0,-0.3108218014240265,10.134908676147461,0.10707569122314453,9.793638229370117,0.3999740779399872,-10.0,-9.873157501220703,13.000972747802734,2.0,2.0,19.604736328125,0.30204102396965027,0.28977540135383606,0.30357420444488525,0.29590821266174316,0.0,0.30469265580177307,0.30469265580177307,0.30469265580177307,0.30469265580177307,0.0,-0.33383578062057495,-0.3087683618068695,-10.475088119506836,0.0,0.0,0.0,0.0,0.0,0.0,0.0,0.0,0.0,0.0,0.0,0.0,0.0,0.0,0.0,0.30469274520874023,0.30469274520874023,0.304692804813385,0.30469274520874023,0.30012184381484985,0.04114978387951851,0.04114978387951851,0.42377689480781555,0.846092700958252,0.5034129619598389,-1.6029525995254517,0.0,0.0,0.0,0.0,0.0,0.0,0.0
68887661239,0,-0.015500862151384354,-0.14648573100566864,-0.12722249329090118,-0.015500862151384354,-0.14648573100566864,-0.827222466468811,0.030257852748036385,-0.01125672273337841,-0.009971624240279198,0.0,0.0,0.0,-0.011944267898797989,-0.019805006682872772,-0.008395851589739323,0.0,0.0,-0.008395850658416748,0.01609628088772297,0.02211579866707325,-0.03708411380648613,0.0975070521235466,0.15979623794555664,0.0003741764812730253,0.0,0.0,0.0,-0.325268030166626,10.132684707641602,0.12118339538574219,9.79373550415039,0.3965551555156708,-10.0,-9.874107360839844,12.611106872558594,2.0,2.0,19.993314743041992,0.30204102396965027,0.28977540135383606,0.30357420444488525,0.29590821266174316,0.0,0.30469265580177307,0.30469265580177307,0.30469265580177307,0.30469265580177307,0.0,-0.7655106782913208,-0.4035893678665161,-10.043259620666504,0.0,0.0,0.0,0.0,0.0,0.0,0.0,0.0,0.0,0.0,0.0,0.0,0.0,0.0,0.0,0.30469274520874023,0.30469274520874023,0.304692804813385,0.30469274520874023,0.29257288575172424,0.04114978387951851,0.04114978387951851,0.4308217763900757,0.7773247361183167,0.205677792429924,-1.2757595777511597,0.0,0.0,0.0,0.0,0.0,0.0,0.0
68897615855,0,-0.015500862151384354,-0.14648573100566864,-0.12722249329090118,-0.015500862151384354,-0.14648573100566864,-0.827222466468811,0.030257852748036385,-0.01125672273337841,-0.009971624240279198,0.0,0.0,0.0,-0.011944267898797989,-0.019805006682872772,-0.008395851589739323,0.0,0.0,-0.008395850658416748,0.010299953632056713,0.01819555275142193,-0.040075935423374176,0.09515666216611862,0.15685749053955078,0.0003208498819731176,0.0,0.0,0.0,-0.3101789951324463,10.138715744018555,0.11914825439453125,9.793835639953613,0.39461055397987366,-10.0,-9.874876022338867,12.69775676727295,2.0,2.0,19.924936294555664,0.30204102396965027,0.28977540135383606,0.30357420444488525,0.29590821266174316,0.0,0.30469265580177307,0.30469265580177307,0.30469265580177307,0.30469265580177307,0.0,-0.7655106782913208,-0.4035893678665161,-10.043259620666504,0.0,0.0,0.0,0.0,0.0,0.0,0.0,0.0,0.0,0.0,0.0,0.0,0.0,0.0,0.0,0.30469274520874023,0.30469274520874023,0.304692804813385,0.30469274520874023,0.2942532002925873,0.04114978387951851,0.04114978387951851,0.42958375811576843,0.11156682670116425,-0.07675804942846298,-0.7815165519714355,0.0,0.0,0.0,0.0,0.0,0.0,0.0
68908557170,0,-0.015491889789700508,-0.14657582342624664,-0.1272924691438675,-0.015491889789700508,-0.14657582342624664,-0.8272924423217773,0.024135377258062363,-0.01559378020465374,-0.009641076438128948,0.0,0.0,0.0,-0.011974208056926727,-0.019708752632141113,-0.008684299886226654,0.0,0.0,-0.008684300817549229,-0.004843708127737045,0.0074282195419073105,-0.026107465848326683,0.09584716707468033,0.15614338219165802,0.00031456563738174736,0.0,0.0,0.0,-0.28358957171440125,10.15255355834961,0.09821796417236328,9.794041633605957,0.3906573951244354,-10.0,-9.87613582611084,13.309720993041992,2.0,2.0,19.356250762939453,0.30357420444488525,0.28977540135383606,0.30357420444488525,0.29590821266174316,0.0,0.30469265580177307,0.30469265580177307,0.30469265580177307,0.30469265580177307,0.0,-1.0585346221923828,0.3102596402168274,-9.36923599243164,0.0,0.0,0.0,0.0,0.0,0.0,0.0,0.0,0.0,0.0,0.0,0.0,0.0,0.0,0.0,0.30469274520874023,0.30469274520874023,0.304692804813385,0.30469274520874023,0.30607932806015015,0.04114978387951851,0.04114978387951851,0.41925933957099915,-0.4386829137802124,-0.4378555119037628,0.35505443811416626,0.0,0.0,0.0,0.0,0.0,0.0,0.0
68917608374,0,-0.01567096635699272,-0.14683431386947632,-0.12738041579723358,-0.01567096635699272,-0.14683431386947632,-0.8273804187774658,0.008576172403991222,-0.018425315618515015,-0.003100461093708873,0.0,0.0,0.0,-0.012325535528361797,-0.01957820914685726,-0.0090526407584548,0.0,0.0,-0.0090526407584548,-0.004843708127737045,0.0074282195419073105,-0.026107465848326683,0.09783728420734406,0.15560346841812134,0.00012452325609046966,0.0,0.0,0.0,-0.28358957171440125,10.15255355834961,0.09821796417236328,9.794041633605957,0.3906573951244354,-10.0,-9.87613582611084,13.309720993041992,2.0,2.0,19.356250762939453,0.30357420444488525,0.28977540135383606,0.30357420444488525,0.29590821266174316,0.0,0.30469265580177307,0.30469265580177307,0.30469265580177307,0.30469265580177307,0.0,-0.9931600689888,0.5111681222915649,-9.512676239013672,0.0,0.0,0.0,0.0,0.0,0.0,0.0,0.0,0.0,0.0,0.0,0.0,0.0,0.0,0.0,0.30469274520874023,0.30469274520874023,0.304692804813385,0.30469274520874023,0.30607932806015015,0.04114978387951851,0.04114978387951851,0.41925933957099915,-0.4386829137802124,-0.4378555119037628,0.35505443811416626,0.0,0.0,0.0,0.0,0.0,0.0,0.0
68928517905,0,-0.015860935673117638,-0.14696259796619415,-0.127375990152359,-0.015860935673117638,-0.14696259796619415,-0.8273760080337524,0.0004054901946801692,-0.015820439904928207,0.0003083422780036926,0.0,0.0,0.0,-0.01232088916003704,-0.019624780863523483,-0.009020603261888027,0.0,0.0,-0.009020602330565453,-0.001177809084765613,-0.0004613902128767222,-0.014711709693074226,0.09700898081064224,0.15659508109092712,0.00010500256030354649,0.0,0.0,0.0,-0.29001060128211975,10.16333293914795,0.08594512939453125,9.794154167175293,0.3887794017791748,-10.0,-9.876468658447266,13.63831901550293,2.0,2.0,19.063365936279297,0.30204102396965027,0.28977540135383606,0.30357420444488525,0.29590821266174316,0.0,0.30469265580177307,0.30469265580177307,0.30469265580177307,0.30469265580177307,0.0,-0.9931600689888,0.5111681222915649,-9.512676239013672,0.0,0.0,0.0,0.0,0.0,0.0,0.0,0.0,0.0,0.0,0.0,0.0,0.0,0.0,0.0,0.30469274520874023,0.30469274520874023,0.304692804813385,0.30469274520874023,0.30607932806015015,0.04114978387951851,0.04114978387951851,0.41925933957099915,-0.05820107087492943,-0.6276932954788208,0.7481921315193176,0.0,0.0,0.0,0.0,0.0,0.0,0.0
68937649490,0,-0.015860935673117638,-0.14696259796619415,-0.127375990152359,-0.015860935673117638,-0.14696259796619415,-0.8273760080337524,0.0004054901946801692,-0.015820439904928207,0.0003083422780036926,0.0,0.0,0.0,-0.01232088916003704,-0.019624780863523483,-0.009020603261888027,0.0,0.0,-0.009020602330565453,0.021933281794190407,-0.018075579777359962,0.0067639765329658985,0.09700898081064224,0.15659508109092712,0.00010500256030354649,0.0,0.0,0.0,-0.29001060128211975,10.16333293914795,0.08594512939453125,9.794154167175293,0.3887794017791748,-10.0,-9.876468658447266,13.938971519470215,2.0,2.0,18.806686401367188,0.30357420444488525,0.28977540135383606,0.30357420444488525,0.29590821266174316,0.0,0.30469265580177307,0.30469265580177307,0.30469265580177307,0.30469265580177307,0.0,-0.9931600689888,0.5111681222915649,-9.512676239013672,0.0,0.0,0.0,0.0,0.0,0.0,0.0,0.0,0.0,0.0,0.0,0.0,0.0,0.0,0.0,0.30469274520874023,0.30469274520874023,0.304692804813385,0.30469274520874023,0.31239959597587585,0.04114978387951851,0.04114978387951851,0.41392165422439575,0.768008828163147,-0.7428765296936035,0.8866026401519775,0.0,0.0,0.0,0.0,0.0,0.0,0.0
68949099682,0,-0.016803376376628876,-0.14714965224266052,-0.1272706389427185,-0.016803376376628876,-0.14714965224266052,-0.8272706270217896,-0.017948737367987633,-0.0019370251102373004,0.0019001925829797983,0.0,0.0,0.0,-0.011393981985747814,-0.020198816433548927,-0.008633913472294807,0.0,0.0,-0.008633914403617382,0.021933281794190407,-0.018075579777359962,0.0067639765329658985,0.09056726843118668,0.1605810821056366,-2.5524750526528805e-05,0.0,0.0,0.0,-0.3224831521511078,10.185307502746582,0.06823253631591797,9.794402122497559,0.3887794017791748,-10.0,-9.876468658447266,14.0927095413208,2.0,2.0,18.68874168395996,0.30357420444488525,0.28977540135383606,0.30357420444488525,0.29590821266174316,0.0,0.30469265580177307,0.30469265580177307,0.30469265580177307,0.30469265580177307,0.0,-0.9931600689888,0.5111681222915649,-9.512676239013672,0.0,0.0,0.0,0.0,0.0,0.0,0.0,0.0,0.0,0.0,0.0,0.0,0.0,0.0,0.0,0.30469274520874023,0.30469274520874023,0.304692804813385,0.30469274520874023,0.31239959597587585,0.04114978387951851,0.04114978387951851,0.41392165422439575,0.768008828163147,-0.7428765296936035,0.8866026401519775,0.0,0.0,0.0,0.0,0.0,0.0,0.0
68957882332,0,-0.017582066357135773,-0.14699529111385345,-0.12725645303726196,-0.017582066357135773,-0.14699529111385345,-0.827256441116333,-0.017243187874555588,0.010717968456447124,-0.002708584303036332,0.0,0.0,0.0,-0.011476520448923111,-0.020646920427680016,-0.008693085052073002,0.0,0.0,-0.008693085052073002,0.021933281794190407,-0.018075579777359962,0.0067639765329658985,0.09056726843118668,0.1605810821056366,-2.5524750526528805e-05,0.0,0.0,0.0,-0.3224831521511078,10.185307502746582,0.06823253631591797,9.794402122497559,0.38482701778411865,-10.0,-9.876551628112793,14.0927095413208,2.0,2.0,18.68874168395996,0.30357420444488525,0.28977540135383606,0.30357420444488525,0.29590821266174316,0.0,0.30469265580177307,0.30469265580177307,0.30469265580177307,0.30469265580177307,0.0,-0.008593788370490074,0.8144131302833557,-10.065292358398438,0.0,0.0,0.0,0.0,0.0,0.0,0.0,0.0,0.0,0.0,0.0,0.0,0.0,0.0,0.0,0.30469274520874023,0.30469274520874023,0.304692804813385,0.30469274520874023,0.3211057186126709,0.04114978387951851,0.04114978387951851,0.4070737659931183,0.768008828163147,-0.7428765296936035,0.8866026401519775,0.0,0.0,0.0,0.0,0.0,0.0,0.0
68968707227,0,-0.017582066357135773,-0.14699529111385345,-0.12725645303726196,-0.017582066357135773,-0.14699529111385345,-0.827256441116333,-0.017243187874555588,0.010717968456447124,-0.002708584303036332,0.0,0.0,0.0,-0.011476520448923111,-0.020646920427680016,-0.008693085052073002,0.0,0.0,-0.008693085052073002,0.01014692336320877,-0.02603243850171566,0.0026964093558490276,0.09256182610988617,0.16515053808689117,0.0002298971521668136,0.0,0.0,0.0,-0.29668375849723816,10.195155143737793,0.07973575592041016,9.794583320617676,0.38141578435897827,-10.0,-9.87629508972168,13.8477144241333,2.0,2.0,18.962726593017578,0.30357420444488525,0.28977540135383606,0.30357420444488525,0.29590821266174316,0.0,0.30469265580177307,0.30469265580177307,0.30469265580177307,0.30469265580177307,0.0,-0.008593788370490074,0.8144131302833557,-10.065292358398438,0.0,0.0,0.0,0.0,0.0,0.0,0.0,0.0,0.0,0.0,0.0,0.0,0.0,0.0,0.0,0.30469274520874023,0.30469274520874023,0.304692804813385,0.30469274520874023,0.3164164423942566,0.04114978387951851,0.04114978387951851,0.4120842516422272,-0.364797443151474,-0.4984167814254761,0.016227668151259422,0.0,0.0,0.0,0.0,0.0,0.0,0.0
68977965002,0,-0.017940154299139977,-0.14683197438716888,-0.12728218734264374,-0.017940154299139977,-0.14683197438716888,-0.827282190322876,-0.014591804705560207,0.015520598739385605,-0.0047575864009559155,0.0,0.0,0.0,-0.01181844249367714,-0.02090715989470482,-0.008896850049495697,0.0,0.0,-0.008896850049495697,-0.008970513939857483,-0.026507262140512466,-0.009917930699884892,0.09557221829891205,0.16649913787841797,0.0003631823055911809,0.0,0.0,0.0,-0.2640124559402466,10.19556999206543,0.09522056579589844,9.794670104980469,0.379319965839386,-10.0,-9.876363754272461,13.494030952453613,2.0,2.0,19.31429672241211,0.30357420444488525,0.28977540135383606,0.30357420444488525,0.29590821266174316,0.0,0.30469265580177307,0.30469265580177307,0.30469265580177307,0.30469265580177307,0.0,0.12393809854984283,0.6255346536636353,-9.967166900634766,0.0,0.0,0.0,0.0,0.0,0.0,0.0,0.0,0.0,0.0,0.0,0.0,0.0,0.0,0.0,0.30469274520874023,0.30469274520874023,0.304692804813385,0.30469274520874023,0.3096269965171814,0.04114978387951851,0.04114978387951851,0.41849562525749207,-1.0764789581298828,-0.25639137625694275,-0.5815751552581787,0.0,0.0,0.0,0.0,0.0,0.0,0.0
68987871182,0,-0.017940154299139977,-0.14683197438716888,-0.12728218734264374,-0.017940154299139977,-0.14683197438716888,-0.827282190322876,-0.014591804705560207,0.015520598739385605,-0.0047575864009559155,0.0,0.0,0.0,-0.01181844249367714,-0.02090715989470482,-0.008896850049495697,0.0,0.0,-0.008896850049495697,-0.029548851773142815,-0.016552653163671494,-0.023266203701496124,0.09557221829891205,0.16649913787841797,0.0003631823055911809,0.0,0.0,0.0,-0.23281028866767883,10.178888320922852,0.10871315002441406,9.794783592224121,0.3769107162952423,-10.0,-9.876693725585938,13.16272258758545,2.0,2.0,19.588729858398438,0.30357420444488525,0.28977540135383606,0.30357420444488525,0.29590821266174316,0.0,0.30469265580177307,0.30469265580177307,0.30469265580177307,0.30469265580177307,0.0,0.12393809854984283,0.6255346536636353,-9.967166900634766,0.0,0.0,0.0,0.0,0.0,0.0,0.0,0.0,0.0,0.0,0.0,0.0,0.0,0.0,0.0,0.30469274520874023,0.30469274520874023,0.304692804813385,0.30469274520874023,0.3032452166080475,0.04114978387951851,0.04114978387951851,0.4234863221645355,-1.4950767755508423,0.35447993874549866,-0.9085521101951599,0.0,0.0,0.0,0.0,0.0,0.0,0.0
68997662315,0,-0.018567735329270363,-0.14641785621643066,-0.12734337151050568,-0.018567735329270363,-0.14641785621643066,-0.8273433446884155,-0.009508139453828335,0.021018723025918007,-0.0027967372443526983,0.0,0.0,0.0,-0.012773782014846802,-0.02072223834693432,-0.00957552995532751,0.0,0.0,-0.00957552995532751,-0.029548851773142815,-0.016552653163671494,-0.023266203701496124,0.09960081428289413,0.1658802181482315,0.00035714145633392036,0.0,0.0,0.0,-0.2155400961637497,10.145761489868164,0.11118316650390625,9.795022010803223,0.3769107162952423,-10.0,-9.876693725585938,13.071825981140137,2.0,2.0,19.57156753540039,0.30357420444488525,0.28977540135383606,0.30357420444488525,0.29590821266174316,0.0,0.30469265580177307,0.30469265580177307,0.30469265580177307,0.30469265580177307,0.0,0.10861170291900635,0.4531266987323761,-9.737887382507324,0.0,0.0,0.0,0.0,0.0,0.0,0.0,0.0,0.0,0.0,0.0,0.0,0.0,0.0,0.0,0.30469274520874023,0.30469274520874023,0.304692804813385,0.30469274520874023,0.3032452166080475,0.04114978387951851,0.04114978387951851,0.4234863221645355,-1.4950767755508423,0.35447993874549866,-0.9085521101951599,0.0,0.0,0.0,0.0,0.0,0.0,0.0
69008037378,0,-0.01883937232196331,-0.14619770646095276,-0.1273443102836609,-0.01883937232196331,-0.14619770646095276,-0.8273442983627319,-0.006742086261510849,0.0217689611017704,-3.150378688587807e-06,0.0,0.0,0.0,-0.013154642656445503,-0.020455487072467804,-0.009809846989810467,0.0,0.0,-0.009809846989810467,-0.029548851773142815,-0.016552653163671494,-0.023266203701496124,0.10529819875955582,0.16214360296726227,0.00027816611691378057,0.0,0.0,0.0,-0.2155400961637497,10.145761489868164,0.11118316650390625,9.795022010803223,0.3718488812446594,-10.0,-9.877760887145996,13.071825981140137,2.0,2.0,19.57156753540039,0.30357420444488525,0.28977540135383606,0.30357420444488525,0.29590821266174316,0.0,0.30469265580177307,0.30469265580177307,0.30469265580177307,0.30469265580177307,0.0,0.13780969381332397,0.0372687391936779,-9.48895263671875,0.0,0.0,0.0,0.0,0.0,0.0,0.0,0.0,0.0,0.0,0.0,0.0,0.0,0.0,0.0,0.30469274520874023,0.30469274520874023,0.304692804813385,0.30469274520874023,0.3014906942844391,0.04114978387951851,0.04114978387951851,0.4231744408607483,-1.4950767755508423,0.35447993874549866,-0.9085521101951599,0.0,0.0,0.0,0.0,0.0,0.0,0.0
69017693772,0,-0.01883937232196331,-0.14619770646095276,-0.1273443102836609,-0.01883937232196331,-0.14619770646095276,-0.8273442983627319,-0.006742086261510849,0.0217689611017704,-3.150378688587807e-06,0.0,0.0,0.0,-0.013154642656445503,-0.020455487072467804,-0.009809846989810467,0.0,0.0,-0.009809846989810467,-0.03700824826955795,0.005649304483085871,-0.02326781302690506,0.10529819875955582,0.16214360296726227,0.00027816611691378057,0.0,0.0,0.0,-0.2155400961637497,10.145761489868164,0.11118316650390625,9.795022010803223,0.3718488812446594,-10.0,-9.877760887145996,13.071825981140137,2.0,2.0,19.57156753540039,0.30357420444488525,0.28977540135383606,0.30357420444488525,0.29590821266174316,0.0,0.30469265580177307,0.30469265580177307,0.30469265580177307,0.30469265580177307,0.0,0.11088752746582031,-0.3528805375099182,-9.853303909301758,0.0,0.0,0.0,0.0,0.0,0.0,0.0,0.0,0.0,0.0,0.0,0.0,0.0,0.0,0.0,0.30469274520874023,0.30469274520874023,0.304692804813385,0.30469274520874023,0.3014906942844391,0.04114978387951851,0.04114978387951851,0.4231744408607483,-0.1445114016532898,0.3902076184749603,0.15123963356018066,0.0,0.0,0.0,0.0,0.0,0.0,0.0
69030604915,0,-0.019288063049316406,-0.14579246938228607,-0.12726828455924988,-0.019288063049316406,-0.14579246938228607,-0.8272682428359985,-0.0019821091555058956,0.01771230436861515,0.0043331170454621315,0.0,0.0,0.0,-0.013432052917778492,-0.02062944695353508,-0.009786462411284447,0.0,0.0,-0.009786462411284447,-0.02720492333173752,-0.004422045312821865,-0.006161219906061888,0.10714620351791382,0.1649767905473709,3.9276143070310354e-05,0.0,0.0,0.0,-0.23617048561573029,10.172093391418457,0.07905292510986328,9.795300483703613,0.3718488812446594,-10.0,-9.877760887145996,13.923450469970703,2.0,2.0,18.80803680419922,0.30357420444488525,0.28977540135383606,0.30357420444488525,0.29590821266174316,0.0,0.30469265580177307,0.30469265580177307,0.30469265580177307,0.30469265580177307,0.0,0.11088752746582031,-0.3528805375099182,-9.853303909301758,0.0,0.0,0.0,0.0,0.0,0.0,0.0,0.0,0.0,0.0,0.0,0.0,0.0,0.0,0.0,0.30469274520874023,0.30469274520874023,0.304692804813385,0.30469274520874023,0.3014906942844391,0.04114978387951851,0.04114978387951851,0.4231744408607483,0.37158262729644775,-0.2694667875766754,0.8776836395263672,0.0,0.0,0.0,0.0,0.0,0.0,0.0
69037580785,0,-0.019288063049316406,-0.14579246938228607,-0.12726828455924988,-0.01972166821360588,-0.14545054733753204,-0.8271692991256714,-0.0019821091555058956,0.01771230436861515,0.0043331170454621315,0.0,0.0,0.0,-0.013432052917778492,-0.02062944695353508,-0.009786462411284447,0.0,0.0,-0.008671077899634838,-0.02720492333173752,-0.004422045312821865,-0.006161219906061888,0.10714620351791382,0.1649767905473709,3.9276143070310354e-05,0.0,0.0,0.0,-0.23617048561573029,10.172093391418457,0.07905292510986328,9.795300483703613,0.3668057918548584,-10.0,-9.878479957580566,13.923450469970703,2.0,2.0,18.80803680419922,0.30357420444488525,0.28977540135383606,0.30357420444488525,0.29590821266174316,0.0,0.30469265580177307,0.30469265580177307,0.30469265580177307,0.30469265580177307,0.0,0.11088752746582031,-0.3528805375099182,-9.853303909301758,0.0,0.0,0.0,0.0,0.0,0.0,0.0,0.0,0.0,0.0,0.0,0.0,0.0,0.0,0.0,0.30469274520874023,0.30469274520874023,0.304692804813385,0.30469274520874023,0.3178672790527344,0.04114978387951851,0.04114978387951851,0.40925681591033936,0.37158262729644775,-0.2694667875766754,0.8776836395263672,0.0,0.0,0.0,0.0,0.0,0.0,0.0
69049394693,0,-0.01972166821360588,-0.14545054733753204,-0.12716934084892273,-0.01972166821360588,-0.14545054733753204,-0.8271692991256714,0.008882521651685238,0.004225608892738819,-0.0013538905186578631,0.0,0.0,0.0,-0.01386849582195282,-0.021166590973734856,-0.008671076968312263,0.0,0.0,-0.008671077899634838,-0.017507953569293022,-0.01562824845314026,0.027427583932876587,0.11022591590881348,0.16828157007694244,-0.00033273157896474004,0.0,0.0,0.0,-0.23912671208381653,10.187607765197754,0.04762458801269531,9.795567512512207,0.3620988726615906,-10.0,-9.87800407409668,14.767019271850586,2.0,2.0,18.016328811645508,0.30357420444488525,0.28977540135383606,0.30357420444488525,0.29590821266174316,0.0,0.30469265580177307,0.30469265580177307,0.30469265580177307,0.30469265580177307,0.0,0.30323144793510437,-0.32904526591300964,-10.126230239868164,0.0,0.0,0.0,0.0,0.0,0.0,0.0,0.0,0.0,0.0,0.0,0.0,0.0,0.0,0.0,0.30469274520874023,0.30469274520874023,0.304692804813385,0.30469274520874023,0.333954393863678,0.04114978387951851,0.04114978387951851,0.3947244882583618,0.43651553988456726,-0.39327165484428406,1.4169714450836182,0.0,0.0,0.0,0.0,0.0,0.0,0.0
69058422243,0,-0.019776983186602592,-0.14541207253932953,-0.12717966735363007,-0.019776983186602592,-0.14541207253932953,-0.8271796703338623,0.01344646979123354,-0.00023121300910133868,-0.002372551476582885,0.0,0.0,0.0,-0.013981744647026062,-0.02109609730541706,-0.008372890762984753,0.0,0.0,-0.008372890762984753,-0.013143411837518215,-0.010578230023384094,0.03422439470887184,0.1110636368393898,0.1673571616411209,4.904856177745387e-05,0.0,0.0,0.0,-0.23965713381767273,10.177873611450195,0.045706748962402344,9.795675277709961,0.3620988726615906,-10.0,-9.87800407409668,14.800764083862305,2.0,2.0,17.9514217376709,0.30357420444488525,0.28977540135383606,0.30357420444488525,0.29590821266174316,0.0,0.30469265580177307,0.30469265580177307,0.30469265580177307,0.30469265580177307,0.0,0.3297281563282013,-0.3392760157585144,-9.986576080322266,0.0,0.0,0.0,0.0,0.0,0.0,0.0,0.0,0.0,0.0,0.0,0.0,0.0,0.0,0.0,0.30469274520874023,0.30469274520874023,0.304692804813385,0.30469274520874023,0.333954393863678,0.04114978387951851,0.04114978387951851,0.3947244882583618,0.4311208128929138,0.04232950508594513,1.0180094242095947,0.0,0.0,0.0,0.0,0.0,0.0,0.0
69067613004,0,-0.01978091336786747,-0.14548389613628387,-0.127186119556427,-0.01978091336786747,-0.14548389613628387,-0.827186107635498,0.020512880757451057,-0.008657003752887249,0.002001305343583226,0.0,0.0,0.0,-0.013898267410695553,-0.02075638249516487,-0.008201626129448414,0.0,0.0,-0.008201627060770988,0.0009130713297054172,0.010319107212126255,0.015731368213891983,0.1110636368393898,0.1673571616411209,4.904856177745387e-05,0.0,0.0,0.0,-0.23965713381767273,10.177873611450195,0.045706748962402344,9.795675277709961,0.3596198260784149,-10.0,-9.877366065979004,13.990450859069824,2.0,2.0,18.65926170349121,0.30357420444488525,0.28977540135383606,0.30357420444488525,0.29590821266174316,0.0,0.30469265580177307,0.30469265580177307,0.30469265580177307,0.30469265580177307,0.0,0.3297281563282013,-0.3392760157585144,-9.986576080322266,0.0,0.0,0.0,0.0,0.0,0.0,0.0,0.0,0.0,0.0,0.0,0.0,0.0,0.0,0.0,0.30469274520874023,0.30469274520874023,0.304692804813385,0.30469274520874023,0.33459505438804626,0.04114978387951851,0.04114978387951851,0.39352846145629883,0.632702648639679,0.7412359118461609,-0.5163205862045288,0.0,0.0,0.0,0.0,0.0,0.0,0.0
69077511807,0,-0.01978091336786747,-0.14548389613628387,-0.127186119556427,-0.01978091336786747,-0.14548389613628387,-0.827186107635498,0.020512880757451057,-0.008657003752887249,0.002001305343583226,0.0,0.0,0.0,-0.013898267410695553,-0.02075638249516487,-0.008201626129448414,0.0,0.0,-0.008201627060770988,0.0009130713297054172,0.010319107212126255,0.015731368213891983,0.11001522839069366,0.1639169603586197,0.0002834243350662291,0.0,0.0,0.0,-0.25214657187461853,10.146185874938965,0.07394695281982422,9.795894622802734,0.35492169857025146,-10.0,-9.876264572143555,13.990450859069824,2.0,2.0,18.65926170349121,0.30357420444488525,0.28977540135383606,0.30357420444488525,0.29590821266174316,0.0,0.30469265580177307,0.30469265580177307,0.30469265580177307,0.30469265580177307,0.0,0.10631440579891205,-0.2876838743686676,-9.460976600646973,0.0,0.0,0.0,0.0,0.0,0.0,0.0,0.0,0.0,0.0,0.0,0.0,0.0,0.0,0.0,0.30469274520874023,0.30469274520874023,0.304692804813385,0.30469274520874023,0.3191499412059784,0.04114978387951851,0.04114978387951851,0.40653395652770996,0.632702648639679,0.7412359118461609,-0.5163205862045288,0.0,0.0,0.0,0.0,0.0,0.0,0.0
69087506609,0,-0.01978091336786747,-0.14548389613628387,-0.127186119556427,-0.01978091336786747,-0.14548389613628387,-0.827186107635498,0.020512880757451057,-0.008657003752887249,0.002001305343583226,0.0,0.0,0.0,-0.013898267410695553,-0.02075638249516487,-0.008201626129448414,0.0,0.0,-0.008201627060770988,0.008950033225119114,0.01691281981766224,-0.0009747286094352603,0.10822483897209167,0.16233842074871063,0.00033295946195721626,0.0,0.0,0.0,-0.261239230632782,10.138160705566406,0.09215450286865234,9.795960426330566,0.3530310094356537,-10.0,-9.876145362854004,13.486336708068848,2.0,2.0,19.13728904724121,0.30357420444488525,0.28977540135383606,0.30357420444488525,0.29590821266174316,0.0,0.30469265580177307,0.30469265580177307,0.30469265580177307,0.30469265580177307,0.0,-0.022700689733028412,-0.09396765381097794,-9.540648460388184,0.0,0.0,0.0,0.0,0.0,0.0,0.0,0.0,0.0,0.0,0.0,0.0,0.0,0.0,0.0,0.30469274520874023,0.30469274520874023,0.304692804813385,0.30469274520874023,0.3191499412059784,0.04114978387951851,0.04114978387951851,0.40653395652770996,0.7483018636703491,0.7265241146087646,-1.0988966226577759,0.0,0.0,0.0,0.0,0.0,0.0,0.0
69097565866,0,-0.01978091336786747,-0.14548389613628387,-0.127186119556427,-0.01978091336786747,-0.14548389613628387,-0.827186107635498,0.020512880757451057,-0.008657003752887249,0.002001305343583226,0.0,0.0,0.0,-0.013898267410695553,-0.02075638249516487,-0.008201626129448414,0.0,0.0,-0.008201627060770988,0.017962690442800522,0.01912156492471695,-0.019697437062859535,0.10822483897209167,0.16233842074871063,0.00033295946195721626,0.0,0.0,0.0,-0.2707395553588867,10.137438774108887,0.1095428466796875,9.79603385925293,0.3509747087955475,-10.0,-9.876359939575195,13.014790534973145,2.0,2.0,19.6063175201416,0.30357420444488525,0.28977540135383606,0.30357420444488525,0.29590821266174316,0.0,0.30469265580177307,0.30469265580177307,0.30469265580177307,0.30469265580177307,0.0,-0.4081588685512543,-0.00960701983422041,-10.3208589553833,0.0,0.0,0.0,0.0,0.0,0.0,0.0,0.0,0.0,0.0,0.0,0.0,0.0,0.0,0.0,0.30469274520874023,0.30469274520874023,0.304692804813385,0.30469274520874023,0.3003888726234436,0.04114978387951851,0.04114978387951851,0.4238055646419525,0.7997127175331116,0.46081265807151794,-1.419454574584961,0.0,0.0,0.0,0.0,0.0,0.0,0.0
69107362692,0,-0.01963280700147152,-0.14582349359989166,-0.12709635496139526,-0.01963280700147152,-0.14582349359989166,-0.8270963430404663,0.02025698684155941,-0.01377107948064804,0.0022235920187085867,0.0,0.0,0.0,-0.013214697130024433,-0.020259754732251167,-0.009091838262975216,0.0,0.0,-0.009091838262975216,0.022495565935969353,0.016263790428638458,-0.031162047758698463,0.10435426980257034,0.160658597946167,0.0003541182668413967,0.0,0.0,0.0,-0.2740977704524994,10.143258094787598,0.1177825927734375,9.796097755432129,0.3492916524410248,-10.0,-9.876794815063477,12.803047180175781,2.0,2.0,19.836593627929688,0.30357420444488525,0.28977540135383606,0.30357420444488525,0.29590821266174316,0.0,0.30469265580177307,0.30469265580177307,0.30469265580177307,0.30469265580177307,0.0,-0.4081588685512543,-0.00960701983422041,-10.3208589553833,0.0,0.0,0.0,0.0,0.0,0.0,0.0,0.0,0.0,0.0,0.0,0.0,0.0,0.0,0.0,0.30469274520874023,0.30469274520874023,0.304692804813385,0.30469274520874023,0.3003888726234436,0.04114978387951851,0.04114978387951851,0.4238055646419525,0.6664814949035645,0.11367008835077286,-1.3448529243469238,0.0,0.0,0.0,0.0,0.0,0.0,0.0
69117443565,0,-0.01963280700147152,-0.14582349359989166,-0.12709635496139526,-0.01963280700147152,-0.14582349359989166,-0.8270963430404663,0.02025698684155941,-0.01377107948064804,0.0022235920187085867,0.0,0.0,0.0,-0.013214697130024433,-0.020259754732251167,-0.009091838262975216,0.0,0.0,-0.009091838262975216,0.014791306108236313,0.005834592040628195,-0.03244879096746445,0.10435426980257034,0.160658597946167,0.0003541182668413967,0.0,0.0,0.0,-0.2740977704524994,10.143258094787598,0.1177825927734375,9.796097755432129,0.3492916524410248,-10.0,-9.876794815063477,12.803047180175781,2.0,2.0,19.836593627929688,0.30357420444488525,0.28977540135383606,0.30357420444488525,0.29590821266174316,0.0,0.30469265580177307,0.30469265580177307,0.30469265580177307,0.30469265580177307,0.0,-0.5353034138679504,-0.046853382140398026,-10.216255187988281,0.0,0.0,0.0,0.0,0.0,0.0,0.0,0.0,0.0,0.0,0.0,0.0,0.0,0.0,0.0,0.30469274520874023,0.30469274520874023,0.304692804813385,0.30469274520874023,0.296293169260025,0.04114978387951851,0.04114978387951851,0.42798343300819397,-0.18628236651420593,-0.3021192252635956,-0.2855055332183838,0.0,0.0,0.0,0.0,0.0,0.0,0.0
69127683560,0,-0.019546665251255035,-0.14627933502197266,-0.12724649906158447,-0.019546665251255035,-0.14627933502197266,-0.8272464871406555,0.012048550881445408,-0.01680738478899002,-0.006181633565574884,0.0,0.0,0.0,-0.012961113825440407,-0.020214803516864777,-0.009754348546266556,0.0,0.0,-0.009754348546266556,0.014791306108236313,0.005834592040628195,-0.03244879096746445,0.10303286463022232,0.1607031524181366,0.0003134500002488494,0.0,0.0,0.0,-0.2557833194732666,10.158097267150879,0.10918521881103516,9.796335220336914,0.34538665413856506,-10.0,-9.878125190734863,13.08086109161377,2.0,2.0,19.605520248413086,0.30357420444488525,0.28977540135383606,0.30357420444488525,0.29590821266174316,0.0,0.30469265580177307,0.30469265580177307,0.30469265580177307,0.30469265580177307,0.0,-0.5353034138679504,-0.046853382140398026,-10.216255187988281,0.0,0.0,0.0,0.0,0.0,0.0,0.0,0.0,0.0,0.0,0.0,0.0,0.0,0.0,0.0,0.30469274520874023,0.30469274520874023,0.304692804813385,0.30469274520874023,0.3016650974750519,0.04114978387951851,0.04114978387951851,0.4237911105155945,-0.18628236651420593,-0.3021192252635956,-0.2855055332183838,0.0,0.0,0.0,0.0,0.0,0.0,0.0
69140894225,0,-0.019545217975974083,-0.14643682539463043,-0.12730737030506134,-0.019545217975974083,-0.14643682539463043,-0.8273073434829712,0.010686241090297699,-0.01536294911056757,-0.003350570099428296,0.0,0.0,0.0,-0.013066867366433144,-0.020175514742732048,-0.009770349599421024,0.0,0.0,-0.009770349599421024,0.0065049072727561,0.003291865810751915,-0.0243417639285326,0.10386985540390015,0.16039316356182098,0.000177373003680259,0.0,0.0,0.0,-0.24179281294345856,10.160290718078613,0.0982208251953125,9.796443939208984,0.34358760714530945,-10.0,-9.878589630126953,13.393548011779785,2.0,2.0,19.29937744140625,0.30357420444488525,0.28977540135383606,0.30357420444488525,0.29590821266174316,0.0,0.30469265580177307,0.30469265580177307,0.30469265580177307,0.30469265580177307,0.0,-0.3680097460746765,0.2430306226015091,-9.532732963562012,0.0,0.0,0.0,0.0,0.0,0.0,0.0,0.0,0.0,0.0,0.0,0.0,0.0,0.0,0.0,0.30469274520874023,0.30469274520874023,0.304692804813385,0.30469274520874023,0.3016650974750519,0.04114978387951851,0.04114978387951851,0.4237911105155945,-0.4981878995895386,-0.297757089138031,0.23108865320682526,0.0,0.0,0.0,0.0,0.0,0.0,0.0
69149660777,0,-0.019545217975974083,-0.14643682539463043,-0.12730737030506134,-0.01958220638334751,-0.1466868817806244,-0.8273255825042725,0.010686241090297699,-0.01536294911056757,-0.003350570099428296,0.0,0.0,0.0,-0.013066867366433144,-0.020175514742732048,-0.009770349599421024,0.0,0.0,-0.009714695625007153,0.0065049072727561,0.003291865810751915,-0.0243417639285326,0.10386985540390015,0.16039316356182098,0.000177373003680259,0.0,0.0,0.0,-0.24179281294345856,10.160290718078613,0.0982208251953125,9.796443939208984,0.34358760714530945,-10.0,-9.878589630126953,13.393548011779785,2.0,2.0,19.29937744140625,0.30357420444488525,0.28977540135383606,0.30357420444488525,0.29590821266174316,0.0,0.30469265580177307,0.30469265580177307,0.30469265580177307,0.30469265580177307,0.0,-0.3680097460746765,0.2430306226015091,-9.532732963562012,0.0,0.0,0.0,0.0,0.0,0.0,0.0,0.0,0.0,0.0,0.0,0.0,0.0,0.0,0.0,0.30469274520874023,0.30469274520874023,0.304692804813385,0.30469274520874023,0.3076934516429901,0.04114978387951851,0.04114978387951851,0.41822370886802673,-0.4981878995895386,-0.297757089138031,0.23108865320682526,0.0,0.0,0.0,0.0,0.0,0.0,0.0
69157941621,0,-0.01958220638334751,-0.1466868817806244,-0.1273256242275238,-0.01958220638334751,-0.1466868817806244,-0.8273255825042725,0.009465532377362251,-0.007347393780946732,0.004745461046695709,0.0,0.0,0.0,-0.012903768569231033,-0.02040308341383934,-0.009714696556329727,0.0,0.0,-0.009714695625007153,0.003376816399395466,-0.006233168765902519,-0.006406618282198906,0.1019551083445549,0.16267570853233337,0.00013985933037474751,0.0,0.0,0.0,-0.23851868510246277,10.172738075256348,0.08045291900634766,9.796706199645996,0.3391798138618469,-10.0,-9.879107475280762,13.88413143157959,2.0,2.0,18.84954071044922,0.30357420444488525,0.28977540135383606,0.30357420444488525,0.29590821266174316,0.0,0.30469265580177307,0.30469265580177307,0.30469265580177307,0.30469265580177307,0.0,-0.2696302533149719,0.5670400261878967,-9.43635368347168,0.0,0.0,0.0,0.0,0.0,0.0,0.0,0.0,0.0,0.0,0.0,0.0,0.0,0.0,0.0,0.30469274520874023,0.30469274520874023,0.304692804813385,0.30469274520874023,0.3174140751361847,0.04114978387951851,0.04114978387951851,0.4097881615161896,-0.17792102694511414,-0.4301777780056,0.684019923210144,0.0,0.0,0.0,0.0,0.0,0.0,0.0
69167550658,0,-0.01958220638334751,-0.1466868817806244,-0.1273256242275238,-0.01958220638334751,-0.1466868817806244,-0.8273255825042725,0.009465532377362251,-0.007347393780946732,0.004745461046695709,0.0,0.0,0.0,-0.012903768569231033,-0.02040308341383934,-0.009714696556329727,0.0,0.0,-0.009714695625007153,0.003376816399395466,-0.006233168765902519,-0.006406618282198906,0.10095210373401642,0.1627681851387024,0.00014724023640155792,0.0,0.0,0.0,-0.23851868510246277,10.172738075256348,0.08045291900634766,9.796706199645996,0.3391798138618469,-10.0,-9.879107475280762,13.88413143157959,2.0,2.0,18.84954071044922,0.30357420444488525,0.28977540135383606,0.30357420444488525,0.29590821266174316,0.0,0.30469265580177307,0.30469265580177307,0.30469265580177307,0.30469265580177307,0.0,-0.3511928915977478,0.5477864742279053,-9.773322105407715,0.0,0.0,0.0,0.0,0.0,0.0,0.0,0.0,0.0,0.0,0.0,0.0,0.0,0.0,0.0,0.30469274520874023,0.30469274520874023,0.304692804813385,0.30469274520874023,0.3174140751361847,0.04114978387951851,0.04114978387951851,0.4097881615161896,-0.17792102694511414,-0.4301777780056,0.684019923210144,0.0,0.0,0.0,0.0,0.0,0.0,0.0
69177802397,0,-0.019628258422017097,-0.1467839926481247,-0.12727031111717224,-0.019628258422017097,-0.1467839926481247,-0.8272702693939209,0.006103147752583027,0.00016400370805058628,0.003859899938106537,0.0,0.0,0.0,-0.012597394175827503,-0.020415525883436203,-0.009692440740764141,0.0,0.0,-0.009692439809441566,0.010508166626095772,-0.0016327723860740662,4.060767241753638e-05,0.09992554038763046,0.16148272156715393,0.00014503853162750602,0.0,0.0,0.0,-0.24758443236351013,10.16156005859375,0.07861137390136719,9.796988487243652,0.3391798138618469,-10.0,-9.879107475280762,13.900161743164062,2.0,2.0,18.798381805419922,0.30357420444488525,0.28977540135383606,0.30357420444488525,0.29590821266174316,0.0,0.30469265580177307,0.30469265580177307,0.30469265580177307,0.30469265580177307,0.0,-0.3511928915977478,0.5477864742279053,-9.773322105407715,0.0,0.0,0.0,0.0,0.0,0.0,0.0,0.0,0.0,0.0,0.0,0.0,0.0,0.0,0.0,0.30469274520874023,0.30469274520874023,0.304692804813385,0.30469274520874023,0.3174140751361847,0.04114978387951851,0.04114978387951851,0.4097881615161896,0.17997679114341736,0.15551525354385376,0.3629397451877594,0.0,0.0,0.0,0.0,0.0,0.0,0.0
69187453966,0,-0.019628258422017097,-0.1467839926481247,-0.12727031111717224,-0.019671868532896042,-0.14678020775318146,-0.8272750377655029,0.006103147752583027,0.00016400370805058628,0.003859899938106537,0.0,0.0,0.0,-0.012597394175827503,-0.020415525883436203,-0.009692440740764141,0.0,0.0,-0.009706339798867702,0.0060654692351818085,0.008167901076376438,0.0008697842713445425,0.09992554038763046,0.16148272156715393,0.00014503853162750602,0.0,0.0,0.0,-0.23756840825080872,10.146137237548828,0.07914543151855469,9.79712200164795,0.3330919146537781,-10.0,-9.879132270812988,13.877076148986816,2.0,2.0,18.771034240722656,0.30357420444488525,0.28977540135383606,0.30357420444488525,0.29590821266174316,0.0,0.30469265580177307,0.30469265580177307,0.30469265580177307,0.30469265580177307,0.0,-0.4452648460865021,0.5030937194824219,-10.109254837036133,0.0,0.0,0.0,0.0,0.0,0.0,0.0,0.0,0.0,0.0,0.0,0.0,0.0,0.0,0.0,0.30469274520874023,0.30469274520874023,0.304692804813385,0.30469274520874023,0.31697914004325867,0.04114978387951851,0.04114978387951851,0.40857994556427,-0.12915505468845367,0.5226839780807495,0.22962921857833862,0.0,0.0,0.0,0.0,0.0,0.0,0.0
69199078919,0,-0.019834548234939575,-0.14673398435115814,-0.12739711999893188,-0.019834548234939575,-0.14673398435115814,-0.8273971080780029,-0.003821877297013998,0.0049535916186869144,-0.006008815951645374,0.0,0.0,0.0,-0.012954103760421276,-0.019925881177186966,-0.009534304961562157,0.0,0.0,-0.009534305892884731,0.0060654692351818085,0.008167901076376438,0.0008697842713445425,0.10029742121696472,0.15953199565410614,0.00011176484258612618,0.0,0.0,0.0,-0.23756840825080872,10.146137237548828,0.07914543151855469,9.79712200164795,0.3330919146537781,-10.0,-9.879132270812988,13.877076148986816,2.0,2.0,18.771034240722656,0.30357420444488525,0.28977540135383606,0.30357420444488525,0.29590821266174316,0.0,0.30469265580177307,0.30469265580177307,0.30469265580177307,0.30469265580177307,0.0,-0.5995097756385803,0.22625775635242462,-9.786765098571777,0.0,0.0,0.0,0.0,0.0,0.0,0.0,0.0,0.0,0.0,0.0,0.0,0.0,0.0,0.0,0.30469274520874023,0.30469274520874023,0.304692804813385,0.30469274520874023,0.31697914004325867,0.04114978387951851,0.04114978387951851,0.40857994556427,-0.12915505468845367,0.5226839780807495,0.22962921857833862,0.0,0.0,0.0,0.0,0.0,0.0,0.0
69207714194,0,-0.019834548234939575,-0.14673398435115814,-0.12739711999893188,-0.019834548234939575,-0.14673398435115814,-0.8273971080780029,-0.003821877297013998,0.0049535916186869144,-0.006008815951645374,0.0,0.0,0.0,-0.012954103760421276,-0.019925881177186966,-0.009534304961562157,0.0,0.0,-0.009534305892884731,-0.01801143027842045,0.0013019760372117162,0.013600275851786137,0.10498853027820587,0.1589249074459076,-3.3451848139520735e-05,0.0,0.0,0.0,-0.20306502282619476,10.150165557861328,0.07171249389648438,9.797389030456543,0.32846352458000183,-10.0,-9.878936767578125,14.132397651672363,2.0,2.0,18.526330947875977,0.30357420444488525,0.28977540135383606,0.30357420444488525,0.29590821266174316,0.0,0.30469265580177307,0.30469265580177307,0.30469265580177307,0.30469265580177307,0.0,-0.5995097756385803,0.22625775635242462,-9.786765098571777,0.0,0.0,0.0,0.0,0.0,0.0,0.0,0.0,0.0,0.0,0.0,0.0,0.0,0.0,0.0,0.30469274520874023,0.30469274520874023,0.304692804813385,0.30469274520874023,0.3218643367290497,0.04114978387951851,0.04114978387951851,0.40409791469573975,-0.5832743048667908,-0.3208227753639221,0.44382986426353455,0.0,0.0,0.0,0.0,0.0,0.0,0.0
69220159400,0,-0.020118217915296555,-0.14665405452251434,-0.1275571882724762,-0.020118217915296555,-0.14665405452251434,-0.8275572061538696,-0.009925298392772675,0.008160324767231941,-0.003377974033355713,0.0,0.0,0.0,-0.013346083462238312,-0.0201175007969141,-0.00914339441806078,0.0,0.0,-0.00914339441806078,-0.01801143027842045,0.0013019760372117162,0.013600275851786137,0.10608149319887161,0.15993723273277283,-0.0001160979300038889,0.0,0.0,0.0,-0.1967952847480774,10.16141414642334,0.06663894653320312,9.797486305236816,0.32631784677505493,-10.0,-9.878734588623047,14.293231010437012,2.0,2.0,18.401456832885742,0.30357420444488525,0.28977540135383606,0.30357420444488525,0.29590821266174316,0.0,0.30469265580177307,0.30469265580177307,0.30469265580177307,0.30469265580177307,0.0,-0.5995097756385803,0.22625775635242462,-9.786765098571777,0.0,0.0,0.0,0.0,0.0,0.0,0.0,0.0,0.0,0.0,0.0,0.0,0.0,0.0,0.0,0.30469274520874023,0.30469274520874023,0.304692804813385,0.30469274520874023,0.3249354958534241,0.04114978387951851,0.04114978387951851,0.40180671215057373,-0.5832743048667908,-0.3208227753639221,0.44382986426353455,0.0,0.0,0.0,0.0,0.0,0.0,0.0
69227688761,0,-0.02045947127044201,-0.1465206742286682,-0.12764346599578857,-0.02045947127044201,-0.1465206742286682,-0.8276434540748596,-0.014114267192780972,0.010565410368144512,0.00033433319185860455,0.0,0.0,0.0,-0.01330957468599081,-0.020375415682792664,-0.008728649467229843,0.0,0.0,-0.008728648535907269,-0.01801143027842045,0.0013019760372117162,0.013600275851786137,0.10608149319887161,0.15993723273277283,-0.0001160979300038889,0.0,0.0,0.0,-0.1967952847480774,10.16141414642334,0.06663894653320312,9.797486305236816,0.32631784677505493,-10.0,-9.878734588623047,14.293231010437012,2.0,2.0,18.401456832885742,0.30357420444488525,0.28977540135383606,0.30357420444488525,0.29590821266174316,0.0,0.30469265580177307,0.30469265580177307,0.30469265580177307,0.30469265580177307,0.0,-0.48658713698387146,0.3066028654575348,-9.568304061889648,0.0,0.0,0.0,0.0,0.0,0.0,0.0,0.0,0.0,0.0,0.0,0.0,0.0,0.0,0.0,0.30469274520874023,0.30469274520874023,0.304692804813385,0.30469274520874023,0.3249354958534241,0.04114978387951851,0.04114978387951851,0.40180671215057373,-0.5832743048667908,-0.3208227753639221,0.44382986426353455,0.0,0.0,0.0,0.0,0.0,0.0,0.0
69237928274,0,-0.02045947127044201,-0.1465206742286682,-0.12764346599578857,-0.02045947127044201,-0.1465206742286682,-0.8276434540748596,-0.014114267192780972,0.010565410368144512,0.00033433319185860455,0.0,0.0,0.0,-0.01330957468599081,-0.020375415682792664,-0.008728649467229843,0.0,0.0,-0.008728648535907269,-0.009183123707771301,-0.00966950599104166,0.019981255754828453,0.10590261965990067,0.16190598905086517,9.22528633964248e-05,0.0,0.0,0.0,-0.20854219794273376,10.17586612701416,0.06194114685058594,9.797699928283691,0.32631784677505493,-10.0,-9.878734588623047,14.42110538482666,2.0,2.0,18.321258544921875,0.30357420444488525,0.28977540135383606,0.30357420444488525,0.29590821266174316,0.0,0.30469265580177307,0.30469265580177307,0.30469265580177307,0.30469265580177307,0.0,-0.3990125060081482,0.23163601756095886,-9.633195877075195,0.0,0.0,0.0,0.0,0.0,0.0,0.0,0.0,0.0,0.0,0.0,0.0,0.0,0.0,0.0,0.30469274520874023,0.30469274520874023,0.304692804813385,0.30469274520874023,0.3249354958534241,0.04114978387951851,0.04114978387951851,0.40180671215057373,0.18192166090011597,-0.42096906900405884,0.33849430084228516,0.0,0.0,0.0,0.0,0.0,0.0,0.0
69249485469,0,-0.020832639187574387,-0.14638152718544006,-0.1277160495519638,-0.020832639187574387,-0.14638152718544006,-0.827716052532196,-0.016075605526566505,0.008469891734421253,-0.0005062952404841781,0.0,0.0,0.0,-0.013384209014475346,-0.020347390323877335,-0.008484698832035065,0.0,0.0,-0.008484698832035065,-0.009183123707771301,-0.00966950599104166,0.019981255754828453,0.10590261965990067,0.16190598905086517,9.22528633964248e-05,0.0,0.0,0.0,-0.20854219794273376,10.17586612701416,0.06194114685058594,9.797699928283691,0.3216976225376129,-10.0,-9.878079414367676,14.42110538482666,2.0,2.0,18.321258544921875,0.30357420444488525,0.28977540135383606,0.30357420444488525,0.29590821266174316,0.0,0.30469265580177307,0.30469265580177307,0.30469265580177307,0.30469265580177307,0.0,-0.3990125060081482,0.23163601756095886,-9.633195877075195,0.0,0.0,0.0,0.0,0.0,0.0,0.0,0.0,0.0,0.0,0.0,0.0,0.0,0.0,0.0,0.30469274520874023,0.30469274520874023,0.304692804813385,0.30469274520874023,0.32737377285957336,0.04114978387951851,0.04114978387951851,0.40033411979675293,0.18192166090011597,-0.42096906900405884,0.33849430084228516,0.0,0.0,0.0,0.0,0.0,0.0,0.0
69257635278,0,-0.020832639187574387,-0.14638152718544006,-0.1277160495519638,-0.020832639187574387,-0.14638152718544006,-0.827716052532196,-0.016075605526566505,0.008469891734421253,-0.0005062952404841781,0.0,0.0,0.0,-0.013384209014475346,-0.020347390323877335,-0.008484698832035065,0.0,0.0,-0.008484698832035065,-0.006552483420819044,-0.005529752932488918,0.015529138036072254,0.10728883743286133,0.1618659943342209,0.0001177219528472051,0.0,0.0,0.0,-0.20354396104812622,10.167075157165527,0.06906700134277344,9.797849655151367,0.31696566939353943,-10.0,-9.877335548400879,14.228147506713867,2.0,2.0,18.485151290893555,0.30357420444488525,0.28977540135383606,0.30357420444488525,0.29590821266174316,0.0,0.30469265580177307,0.30469265580177307,0.30469265580177307,0.30469265580177307,0.0,-0.180204838514328,-0.02559499815106392,-9.912833213806152,0.0,0.0,0.0,0.0,0.0,0.0,0.0,0.0,0.0,0.0,0.0,0.0,0.0,0.0,0.0,0.30469274520874023,0.30469274520874023,0.304692804813385,0.30469274520874023,0.32369327545166016,0.04114978387951851,0.04114978387951851,0.403342604637146,0.04195981100201607,0.032069381326436996,-0.11396031826734543,0.0,0.0,0.0,0.0,0.0,0.0,0.0
69267706849,0,-0.021010946482419968,-0.14632607996463776,-0.12776343524456024,-0.021010946482419968,-0.14632607996463776,-0.8277634382247925,-0.014905509538948536,0.0069008381105959415,-0.001064779469743371,0.0,0.0,0.0,-0.0136075709015131,-0.020414793863892555,-0.00845300406217575,0.0,0.0,-0.008453003130853176,-0.014088889583945274,-0.007653241045773029,0.008421318605542183,0.10728883743286133,0.1618659943342209,0.0001177219528472051,0.0,0.0,0.0,-0.18770447373390198,10.171329498291016,0.0769186019897461,9.79792594909668,0.3145171105861664,-10.0,-9.87709903717041,14.054177284240723,2.0,2.0,18.671113967895508,0.30357420444488525,0.28977540135383606,0.30357420444488525,0.29590821266174316,0.0,0.30469265580177307,0.30469265580177307,0.30469265580177307,0.30469265580177307,0.0,-0.180204838514328,-0.02559499815106392,-9.912833213806152,0.0,0.0,0.0,0.0,0.0,0.0,0.0,0.0,0.0,0.0,0.0,0.0,0.0,0.0,0.0,0.30469274520874023,0.30469274520874023,0.304692804813385,0.30469274520874023,0.32369327545166016,0.04114978387951851,0.04114978387951851,0.403342604637146,-0.3335823118686676,-0.09529472142457962,-0.3912024199962616,0.0,0.0,0.0,0.0,0.0,0.0,0.0
69277937643,0,-0.021010946482419968,-0.14632607996463776,-0.12776343524456024,-0.02129923738539219,-0.14621701836585999,-0.8278666138648987,-0.014905509538948536,0.0069008381105959415,-0.001064779469743371,0.0,0.0,0.0,-0.0136075709015131,-0.020414793863892555,-0.00845300406217575,0.0,0.0,-0.008671436458826065,-0.01605924963951111,-0.010319970548152924,-0.008369803428649902,0.10938792675733566,0.1627236157655716,0.00019869094830937684,0.0,0.0,0.0,-0.18770447373390198,10.171329498291016,0.0769186019897461,9.79792594909668,0.3145171105861664,-10.0,-9.87709903717041,14.054177284240723,2.0,2.0,18.671113967895508,0.30357420444488525,0.28977540135383606,0.30357420444488525,0.29590821266174316,0.0,0.30469265580177307,0.30469265580177307,0.30469265580177307,0.30469265580177307,0.0,0.015081476420164108,0.2783767580986023,-9.816730499267578,0.0,0.0,0.0,0.0,0.0,0.0,0.0,0.0,0.0,0.0,0.0,0.0,0.0,0.0,0.0,0.30469274520874023,0.30469274520874023,0.304692804813385,0.30469274520874023,0.32036906480789185,0.04114978387951851,0.04114978387951851,0.40675079822540283,-0.08684758096933365,-0.07305014878511429,-0.7633417248725891,0.0,0.0,0.0,0.0,0.0,0.0,0.0
69287443135,0,-0.02129923738539219,-0.14621701836585999,-0.12786661088466644,-0.02129923738539219,-0.14621701836585999,-0.8278666138648987,-0.01132013089954853,0.00680073956027627,-0.0017777991015464067,0.0,0.0,0.0,-0.014075157232582569,-0.020751213654875755,-0.00867143552750349,0.0,0.0,-0.008671436458826065,-0.01605924963951111,-0.010319970548152924,-0.008369803428649902,0.11166994273662567,0.16513074934482574,0.00033145962515845895,0.0,0.0,0.0,-0.1815209835767746,10.176180839538574,0.09317684173583984,9.798081398010254,0.3101186454296112,-10.0,-9.87709903717041,13.6458101272583,2.0,2.0,19.09370231628418,0.30357420444488525,0.28977540135383606,0.30357420444488525,0.29590821266174316,0.0,0.30469265580177307,0.30469265580177307,0.30469265580177307,0.30469265580177307,0.0,-0.08987843990325928,0.32350820302963257,-9.755373001098633,0.0,0.0,0.0,0.0,0.0,0.0,0.0,0.0,0.0,0.0,0.0,0.0,0.0,0.0,0.0,0.30469274520874023,0.30469274520874023,0.304692804813385,0.30469274520874023,0.3125433325767517,0.04114978387951851,0.04114978387951851,0.4144750237464905,-0.08684758096933365,-0.07305014878511429,-0.7633417248725891,0.0,0.0,0.0,0.0,0.0,0.0,0.0
69298708478,0,-0.02142440341413021,-0.1461668461561203,-0.12791478633880615,-0.02142440341413021,-0.1461668461561203,-0.8279147744178772,-0.009414457716047764,0.00832140352576971,-0.0018885813187807798,0.0,0.0,0.0,-0.013992208056151867,-0.020741265267133713,-0.00888613797724247,0.0,0.0,-0.00888613797724247,-0.00418015755712986,-0.004465409554541111,-0.017346804961562157,0.11019720882177353,0.1644381731748581,0.00032999555696733296,0.0,0.0,0.0,-0.19836768507957458,10.166489601135254,0.100494384765625,9.798148155212402,0.3076329529285431,-10.0,-9.877358436584473,13.41210651397705,2.0,2.0,19.297176361083984,0.30357420444488525,0.28977540135383606,0.30357420444488525,0.29590821266174316,0.0,0.30469265580177307,0.30469265580177307,0.30469265580177307,0.30469265580177307,0.0,-0.08987843990325928,0.32350820302963257,-9.755373001098633,0.0,0.0,0.0,0.0,0.0,0.0,0.0,0.0,0.0,0.0,0.0,0.0,0.0,0.0,0.0,0.30469274520874023,0.30469274520874023,0.304692804813385,0.30469274520874023,0.30805066227912903,0.04114978387951851,0.04114978387951851,0.41818368434906006,0.5112103223800659,0.24136771261692047,-0.8026814460754395,0.0,0.0,0.0,0.0,0.0,0.0,0.0
69307461982,0,-0.02142440341413021,-0.1461668461561203,-0.12791478633880615,-0.02142440341413021,-0.1461668461561203,-0.8279147744178772,-0.009414457716047764,0.00832140352576971,-0.0018885813187807798,0.0,0.0,0.0,-0.013992208056151867,-0.020741265267133713,-0.00888613797724247,0.0,0.0,-0.00888613797724247,0.009407437406480312,0.00468341913074255,-0.023493515327572823,0.11019720882177353,0.1644381731748581,0.00032999555696733296,0.0,0.0,0.0,-0.19836768507957458,10.166489601135254,0.100494384765625,9.798148155212402,0.3076329529285431,-10.0,-9.877358436584473,13.41210651397705,2.0,2.0,19.297176361083984,0.30357420444488525,0.28977540135383606,0.30357420444488525,0.29590821266174316,0.0,0.30469265580177307,0.30469265580177307,0.30469265580177307,0.30469265580177307,0.0,-0.08987843990325928,0.32350820302963257,-9.755373001098633,0.0,0.0,0.0,0.0,0.0,0.0,0.0,0.0,0.0,0.0,0.0,0.0,0.0,0.0,0.0,0.30469274520874023,0.30469274520874023,0.304692804813385,0.30469274520874023,0.30805066227912903,0.04114978387951851,0.04114978387951851,0.41818368434906006,0.8682702779769897,0.5418439507484436,-0.6857106685638428,0.0,0.0,0.0,0.0,0.0,0.0,0.0
69319389474,0,-0.021713200956583023,-0.14596368372440338,-0.1280403733253479,-0.021713200956583023,-0.14596368372440338,-0.828040361404419,-0.007769731339067221,0.01171148382127285,-0.002896025311201811,0.0,0.0,0.0,-0.013506084680557251,-0.020480602979660034,-0.009554103016853333,0.0,0.0,-0.009554103016853333,0.01014806143939495,0.004717716481536627,-0.02432866208255291,0.10736537724733353,0.16281557083129883,0.00035264636971987784,0.0,0.0,0.0,-0.21191143989562988,10.154563903808594,0.10253238677978516,9.798277854919434,0.3076329529285431,-10.0,-9.877358436584473,13.318284034729004,2.0,2.0,19.353607177734375,0.30357420444488525,0.28977540135383606,0.30357420444488525,0.29590821266174316,0.0,0.30469265580177307,0.30469265580177307,0.30469265580177307,0.30469265580177307,0.0,-0.13578660786151886,0.20610718429088593,-9.977433204650879,0.0,0.0,0.0,0.0,0.0,0.0,0.0,0.0,0.0,0.0,0.0,0.0,0.0,0.0,0.0,0.30469274520874023,0.30469274520874023,0.304692804813385,0.30469274520874023,0.30805066227912903,0.04114978387951851,0.04114978387951851,0.41818368434906006,0.5015503764152527,0.287060022354126,-0.42034557461738586,0.0,0.0,0.0,0.0,0.0,0.0,0.0
69329635816,0,-0.021713200956583023,-0.14596368372440338,-0.1280403733253479,-0.021855667233467102,-0.1458137333393097,-0.8281702995300293,-0.007769731339067221,0.01171148382127285,-0.002896025311201811,0.0,0.0,0.0,-0.013506084680557251,-0.020480602979660034,-0.009554103016853333,0.0,0.0,-0.009617586620151997,0.01014806143939495,0.004717716481536627,-0.02432866208255291,0.10736537724733353,0.16281557083129883,0.00035264636971987784,0.0,0.0,0.0,-0.21191143989562988,10.154563903808594,0.10253238677978516,9.798277854919434,0.30349746346473694,-10.0,-9.878169059753418,13.318284034729004,2.0,2.0,19.353607177734375,0.30357420444488525,0.28977540135383606,0.30357420444488525,0.29590821266174316,0.0,0.30469265580177307,0.30469265580177307,0.30469265580177307,0.30469265580177307,0.0,-0.13578660786151886,0.20610718429088593,-9.977433204650879,0.0,0.0,0.0,0.0,0.0,0.0,0.0,0.0,0.0,0.0,0.0,0.0,0.0,0.0,0.0,0.30469274520874023,0.30469274520874023,0.304692804813385,0.30469274520874023,0.3062441647052765,0.04114978387951851,0.04114978387951851,0.41921114921569824,0.5015503764152527,0.287060022354126,-0.42034557461738586,0.0,0.0,0.0,0.0,0.0,0.0,0.0
69338042824,0,-0.021855667233467102,-0.1458137333393097,-0.12817031145095825,-0.021855667233467102,-0.1458137333393097,-0.8281702995300293,-0.0042784311808645725,0.011529507115483284,-0.00649217190220952,0.0,0.0,0.0,-0.01425397489219904,-0.021107040345668793,-0.009617586620151997,0.0,0.0,-0.009617586620151997,-0.022037414833903313,-0.016892733052372932,-0.011977684684097767,0.11576948314905167,0.16891750693321228,0.00011633132089627907,0.0,0.0,0.0,-0.1497611105442047,10.192870140075684,0.08578205108642578,9.798492431640625,0.29872065782546997,-10.0,-9.87890911102295,13.916196823120117,2.0,2.0,18.8748722076416,0.30357420444488525,0.28977540135383606,0.30357420444488525,0.29590821266174316,0.0,0.30469265580177307,0.30469265580177307,0.30469265580177307,0.30469265580177307,0.0,0.08355899155139923,0.25894126296043396,-9.966344833374023,0.0,0.0,0.0,0.0,0.0,0.0,0.0,0.0,0.0,0.0,0.0,0.0,0.0,0.0,0.0,0.30469274520874023,0.30469274520874023,0.304692804813385,0.30469274520874023,0.3177284300327301,0.04114978387951851,0.04114978387951851,0.410478800535202,-1.1152654886245728,-0.7059602737426758,0.3704698979854584,0.0,0.0,0.0,0.0,0.0,0.0,0.0
69348384903,0,-0.021893680095672607,-0.1457265168428421,-0.12825118005275726,-0.021893680095672607,-0.1457265168428421,-0.8282511830329895,-0.0007711983053013682,0.012831013649702072,-0.0063810087740421295,0.0,0.0,0.0,-0.014840144664049149,-0.021362999454140663,-0.009561820887029171,0.0,0.0,-0.009561820887029171,-0.038273364305496216,-0.02305021323263645,-0.004244269337505102,0.11576948314905167,0.16891750693321228,0.00011633132089627907,0.0,0.0,0.0,-0.12533964216709137,10.199875831604004,0.07833385467529297,9.798592567443848,0.29589998722076416,-10.0,-9.87905502319336,14.160889625549316,2.0,2.0,18.65117835998535,0.30357420444488525,0.28977540135383606,0.30357420444488525,0.29590821266174316,0.0,0.30469265580177307,0.30469265580177307,0.30469265580177307,0.30469265580177307,0.0,0.08355899155139923,0.25894126296043396,-9.966344833374023,0.0,0.0,0.0,0.0,0.0,0.0,0.0,0.0,0.0,0.0,0.0,0.0,0.0,0.0,0.0,0.30469274520874023,0.30469274520874023,0.304692804813385,0.30469274520874023,0.3224088251590729,0.04114978387951851,0.04114978387951851,0.40638577938079834,-1.2920745611190796,-0.6255918145179749,0.5413132309913635,0.0,0.0,0.0,0.0,0.0,0.0,0.0
69358041520,0,-0.021858418360352516,-0.1455048769712448,-0.12837286293506622,-0.021858418360352516,-0.1455048769712448,-0.8283728361129761,0.007779522333294153,0.016852568835020065,-0.0021141020115464926,0.0,0.0,0.0,-0.015243674628436565,-0.02146296016871929,-0.00956775527447462,0.0,0.0,-0.009567756205797195,-0.038273364305496216,-0.02305021323263645,-0.004244269337505102,0.11936623603105545,0.17056973278522491,0.00013467262033373117,0.0,0.0,0.0,-0.12533964216709137,10.199875831604004,0.07833385467529297,9.798592567443848,0.29589998722076416,-10.0,-9.87905502319336,14.160889625549316,2.0,2.0,18.65117835998535,0.30357420444488525,0.28977540135383606,0.30357420444488525,0.29590821266174316,0.0,0.30469265580177307,0.30469265580177307,0.30469265580177307,0.30469265580177307,0.0,0.2410692274570465,0.3422534167766571,-9.755101203918457,0.0,0.0,0.0,0.0,0.0,0.0,0.0,0.0,0.0,0.0,0.0,0.0,0.0,0.0,0.0,0.30469274520874023,0.30469274520874023,0.304692804813385,0.30469274520874023,0.3224088251590729,0.04114978387951851,0.04114978387951851,0.40638577938079834,-1.2920745611190796,-0.6255918145179749,0.5413132309913635,0.0,0.0,0.0,0.0,0.0,0.0,0.0
69368386571,0,-0.021858418360352516,-0.1455048769712448,-0.12837286293506622,-0.021858418360352516,-0.1455048769712448,-0.8283728361129761,0.007779522333294153,0.016852568835020065,-0.0021141020115464926,0.0,0.0,0.0,-0.015243674628436565,-0.02146296016871929,-0.00956775527447462,0.0,0.0,-0.009567756205797195,-0.030721839517354965,-0.012508812360465527,-0.0024463676381856203,0.12094763666391373,0.17031052708625793,0.0002517644898034632,0.0,0.0,0.0,-0.13890497386455536,10.180168151855469,0.0804452896118164,9.798742294311523,0.2904393970966339,-10.0,-9.87912654876709,14.052589416503906,2.0,2.0,18.697053909301758,0.30357420444488525,0.28977540135383606,0.30357420444488525,0.29590821266174316,0.0,0.30469265580177307,0.30469265580177307,0.30469265580177307,0.30469265580177307,0.0,0.07061907649040222,0.13136455416679382,-9.511773109436035,0.0,0.0,0.0,0.0,0.0,0.0,0.0,0.0,0.0,0.0,0.0,0.0,0.0,0.0,0.0,0.30469274520874023,0.30469274520874023,0.304692804813385,0.30469274520874023,0.320338636636734,0.04114978387951851,0.04114978387951851,0.40722593665122986,0.013505435548722744,0.2651381492614746,0.19623339176177979,0.0,0.0,0.0,0.0,0.0,0.0,0.0
69377666660,0,-0.021858418360352516,-0.1455048769712448,-0.12837286293506622,-0.02178618311882019,-0.14537209272384644,-0.8283940553665161,0.007779522333294153,0.016852568835020065,-0.0021141020115464926,0.0,0.0,0.0,-0.015243674628436565,-0.02146296016871929,-0.00956775527447462,0.0,0.0,-0.009634505026042461,-0.015699759125709534,-0.0014099847758188844,-0.00591542012989521,0.12094763666391373,0.17031052708625793,0.0002517644898034632,0.0,0.0,0.0,-0.13890497386455536,10.180168151855469,0.0804452896118164,9.798742294311523,0.2904393970966339,-10.0,-9.87912654876709,14.052589416503906,2.0,2.0,18.697053909301758,0.30357420444488525,0.28977540135383606,0.30357420444488525,0.29590821266174316,0.0,0.30469265580177307,0.30469265580177307,0.30469265580177307,0.30469265580177307,0.0,0.07061907649040222,0.13136455416679382,-9.511773109436035,0.0,0.0,0.0,0.0,0.0,0.0,0.0,0.0,0.0,0.0,0.0,0.0,0.0,0.0,0.0,0.30469274520874023,0.30469274520874023,0.304692804813385,0.30469274520874023,0.320338636636734,0.04114978387951851,0.04114978387951851,0.40722593665122986,0.7296680212020874,0.6883559823036194,-0.05972880497574806,0.0,0.0,0.0,0.0,0.0,0.0,0.0
69388974312,0,-0.02178618311882019,-0.14537209272384644,-0.12839405238628387,-0.02178618311882019,-0.14537209272384644,-0.8283940553665161,0.011087668128311634,0.0187845379114151,-0.00013133988250046968,0.0,0.0,0.0,-0.015145892277359962,-0.02135523594915867,-0.009634505026042461,0.0,0.0,-0.009634505026042461,-0.015699759125709534,-0.0014099847758188844,-0.00591542012989521,0.1197039783000946,0.16914121806621552,0.0003050460363738239,0.0,0.0,0.0,-0.1599646359682083,10.163667678833008,0.08562660217285156,9.798828125,0.2876940369606018,-10.0,-9.879210472106934,13.857276916503906,2.0,2.0,18.840688705444336,0.30357420444488525,0.28977540135383606,0.30357420444488525,0.29590821266174316,0.0,0.30469265580177307,0.30469265580177307,0.30469265580177307,0.30469265580177307,0.0,-0.3435799181461334,-0.21644404530525208,-9.473916053771973,0.0,0.0,0.0,0.0,0.0,0.0,0.0,0.0,0.0,0.0,0.0,0.0,0.0,0.0,0.0,0.30469274520874023,0.30469274520874023,0.304692804813385,0.30469274520874023,0.31596726179122925,0.04114978387951851,0.04114978387951851,0.4103035628795624,0.7296680212020874,0.6883559823036194,-0.05972880497574806,0.0,0.0,0.0,0.0,0.0,0.0,0.0
69397798567,0,-0.02149965614080429,-0.14505034685134888,-0.12830674648284912,-0.02149965614080429,-0.14505034685134888,-0.8283067345619202,0.008005326613783836,0.009639086201786995,0.009276420809328556,0.0,0.0,0.0,-0.015165903605520725,-0.020517650991678238,-0.010040109977126122,0.0,0.0,-0.010040110908448696,-0.00483651552349329,0.024184826761484146,-0.011413242667913437,0.12055667489767075,0.1631115972995758,0.000286417780444026,0.0,0.0,0.0,-0.16209402680397034,10.129938125610352,0.09082412719726562,9.799020767211914,0.2830216884613037,-10.0,-9.879566192626953,13.66352653503418,2.0,2.0,18.92583656311035,0.30357420444488525,0.28977540135383606,0.30357420444488525,0.29590821266174316,0.0,0.30469265580177307,0.30469265580177307,0.30469265580177307,0.30469265580177307,0.0,-0.3435799181461334,-0.21644404530525208,-9.473916053771973,0.0,0.0,0.0,0.0,0.0,0.0,0.0,0.0,0.0,0.0,0.0,0.0,0.0,0.0,0.0,0.30469274520874023,0.30469274520874023,0.304692804813385,0.30469274520874023,0.3128836452960968,0.04114978387951851,0.04114978387951851,0.41141027212142944,0.34862253069877625,1.0339243412017822,-0.1521764099597931,0.0,0.0,0.0,0.0,0.0,0.0,0.0
69407773557,0,-0.02149965614080429,-0.14505034685134888,-0.12830674648284912,-0.021357009187340736,-0.14497612416744232,-0.828132152557373,0.008005326613783836,0.009639086201786995,0.009276420809328556,0.0,0.0,0.0,-0.015165903605520725,-0.020517650991678238,-0.010040109977126122,0.0,0.0,-0.010007274337112904,-0.00483651552349329,0.024184826761484146,-0.011413242667913437,0.12055667489767075,0.1631115972995758,0.000286417780444026,0.0,0.0,0.0,-0.16209402680397034,10.129938125610352,0.09082412719726562,9.799020767211914,0.2830216884613037,-10.0,-9.879566192626953,13.66352653503418,2.0,2.0,18.92583656311035,0.30357420444488525,0.28977540135383606,0.30357420444488525,0.29590821266174316,0.0,0.30469265580177307,0.30469265580177307,0.30469265580177307,0.30469265580177307,0.0,-0.5065976977348328,-0.34723225235939026,-9.416362762451172,0.0,0.0,0.0,0.0,0.0,0.0,0.0,0.0,0.0,0.0,0.0,0.0,0.0,0.0,0.0,0.30469274520874023,0.30469274520874023,0.304692804813385,0.30469274520874023,0.3128836452960968,0.04114978387951851,0.04114978387951851,0.41141027212142944,0.34862253069877625,1.0339243412017822,-0.1521764099597931,0.0,0.0,0.0,0.0,0.0,0.0,0.0
69418032419,0,-0.021357009187340736,-0.14497612416744232,-0.128132164478302,-0.021357009187340736,-0.14497612416744232,-0.828132152557373,0.006349602248519659,0.003733285702764988,0.009330038912594318,0.0,0.0,0.0,-0.015836335718631744,-0.020817473530769348,-0.010007275268435478,0.0,0.0,-0.010007274337112904,-0.0201188325881958,0.00477787759155035,-0.004700635094195604,0.12576165795326233,0.16744853556156158,0.00017252692487090826,0.0,0.0,0.0,-0.1282958984375,10.16679859161377,0.08206462860107422,9.799227714538574,0.2780291438102722,-10.0,-9.879853248596191,14.00531005859375,2.0,2.0,18.70039939880371,0.30357420444488525,0.28977540135383606,0.30357420444488525,0.29590821266174316,0.0,0.30469265580177307,0.30469265580177307,0.30469265580177307,0.30469265580177307,0.0,-0.20301981270313263,-0.19097770750522614,-10.4508638381958,0.0,0.0,0.0,0.0,0.0,0.0,0.0,0.0,0.0,0.0,0.0,0.0,0.0,0.0,0.0,0.30469274520874023,0.30469274520874023,0.304692804813385,0.30469274520874023,0.3194342851638794,0.04114978387951851,0.04114978387951851,0.40728724002838135,-0.37330231070518494,-0.6078041195869446,0.21992088854312897,0.0,0.0,0.0,0.0,0.0,0.0,0.0
69427780829,0,-0.021357009187340736,-0.14497612416744232,-0.128132164478302,-0.021357009187340736,-0.14497612416744232,-0.828132152557373,0.006349602248519659,0.003733285702764988,0.009330038912594318,0.0,0.0,0.0,-0.015836335718631744,-0.020817473530769348,-0.010007275268435478,0.0,0.0,-0.010007274337112904,-0.012347033247351646,-0.013719098642468452,-0.0023561003617942333,0.12408997863531113,0.16966693103313446,0.00023185001919046044,0.0,0.0,0.0,-0.14078019559383392,10.194753646850586,0.08039379119873047,9.799327850341797,0.27529922127723694,-10.0,-9.879904747009277,14.074461936950684,2.0,2.0,18.722246170043945,0.30204102396965027,0.28977540135383606,0.30357420444488525,0.29590821266174316,0.0,0.30469265580177307,0.30469265580177307,0.30469265580177307,0.30469265580177307,0.0,-0.20301981270313263,-0.19097770750522614,-10.4508638381958,0.0,0.0,0.0,0.0,0.0,0.0,0.0,0.0,0.0,0.0,0.0,0.0,0.0,0.0,0.0,0.30469274520874023,0.30469274520874023,0.304692804813385,0.30469274520874023,0.3207569420337677,0.04114978387951851,0.04114978387951851,0.40768712759017944,0.19179850816726685,-1.136735200881958,0.212362602353096,0.0,0.0,0.0,0.0,0.0,0.0,0.0
69437836411,0,-0.021114544942975044,-0.14508776366710663,-0.12813332676887512,-0.021114544942975044,-0.14508776366710663,-0.8281333446502686,0.008273293264210224,-0.010404098778963089,-0.010066348128020763,0.0,0.0,0.0,-0.015495317056775093,-0.02127549983561039,-0.010149702429771423,0.0,0.0,-0.010149702429771423,-0.002488035010173917,-0.017502278089523315,-0.0029308663215488195,0.12408997863531113,0.16966693103313446,0.00023185001919046044,0.0,0.0,0.0,-0.14078019559383392,10.194753646850586,0.08039379119873047,9.799327850341797,0.27529922127723694,-10.0,-9.879904747009277,14.010602951049805,2.0,2.0,18.78647232055664,0.30357420444488525,0.28977540135383606,0.30357420444488525,0.29590821266174316,0.0,0.30469265580177307,0.30469265580177307,0.30469265580177307,0.30469265580177307,0.0,-0.17710378766059875,-0.4464651644229889,-10.648287773132324,0.0,0.0,0.0,0.0,0.0,0.0,0.0,0.0,0.0,0.0,0.0,0.0,0.0,0.0,0.0,0.30469274520874023,0.30469274520874023,0.304692804813385,0.30469274520874023,0.3207569420337677,0.04114978387951851,0.04114978387951851,0.40768712759017944,0.5446710586547852,-0.7217350006103516,0.07766160368919373,0.0,0.0,0.0,0.0,0.0,0.0,0.0
69449966835,0,-0.021114544942975044,-0.14508776366710663,-0.12813332676887512,-0.021114544942975044,-0.14508776366710663,-0.8281333446502686,0.008273293264210224,-0.010404098778963089,-0.010066348128020763,0.0,0.0,0.0,-0.015495317056775093,-0.02127549983561039,-0.010149702429771423,0.0,0.0,-0.010149702429771423,0.002551428275182843,-0.005763700697571039,-0.0054399105720222,0.12408997863531113,0.16966693103313446,0.00023185001919046044,0.0,0.0,0.0,-0.15465661883354187,10.171708106994629,0.08553218841552734,9.799551963806152,0.27017125487327576,-10.0,-9.880017280578613,13.881014823913574,2.0,2.0,18.84239387512207,0.30357420444488525,0.28977540135383606,0.30357420444488525,0.29590821266174316,0.0,0.30469265580177307,0.30469265580177307,0.30469265580177307,0.30469265580177307,0.0,-0.17710378766059875,-0.4464651644229889,-10.648287773132324,0.0,0.0,0.0,0.0,0.0,0.0,0.0,0.0,0.0,0.0,0.0,0.0,0.0,0.0,0.0,0.30469274520874023,0.30469274520874023,0.304692804813385,0.30469274520874023,0.3207569420337677,0.04114978387951851,0.04114978387951851,0.40768712759017944,0.501211941242218,0.18655773997306824,-0.07763361930847168,0.0,0.0,0.0,0.0,0.0,0.0,0.0
69458139406,0,-0.021114544942975044,-0.14508776366710663,-0.12813332676887512,-0.021114544942975044,-0.14508776366710663,-0.8281333446502686,0.008273293264210224,-0.010404098778963089,-0.010066348128020763,0.0,0.0,0.0,-0.015495317056775093,-0.02127549983561039,-0.010149702429771423,0.0,0.0,-0.010149702429771423,0.0011311459820717573,0.0060348957777023315,-0.007289104163646698,0.12307817488908768,0.16780978441238403,0.00028028388624079525,0.0,0.0,0.0,-0.1475619077682495,10.152912139892578,0.08742809295654297,9.799637794494629,0.2680264711380005,-10.0,-9.880119323730469,13.812247276306152,2.0,2.0,18.850038528442383,0.30357420444488525,0.28977540135383606,0.30357420444488525,0.29590821266174316,0.0,0.30469265580177307,0.30469265580177307,0.30469265580177307,0.30469265580177307,0.0,-0.0922715812921524,-0.5696853399276733,-10.538223266601562,0.0,0.0,0.0,0.0,0.0,0.0,0.0,0.0,0.0,0.0,0.0,0.0,0.0,0.0,0.0,0.30469274520874023,0.30469274520874023,0.304692804813385,0.30469274520874023,0.31573668122291565,0.04114978387951851,0.04114978387951851,0.4100249707698822,0.21102619171142578,0.6596312522888184,-0.12865883111953735,0.0,0.0,0.0,0.0,0.0,0.0,0.0
69470093166,0,-0.021010225638747215,-0.1452317237854004,-0.12824608385562897,-0.021010225638747215,-0.1452317237854004,-0.8282460570335388,0.009259402751922607,-0.016276884824037552,-0.014140985906124115,0.0,0.0,0.0,-0.01548111904412508,-0.02094940096139908,-0.010264471173286438,0.0,0.0,-0.010264471173286438,-0.0009481366723775864,0.01142041478306055,-0.007020970340818167,0.12370596826076508,0.16554337739944458,0.00025744695449247956,0.0,0.0,0.0,-0.1475619077682495,10.152912139892578,0.08742809295654297,9.799637794494629,0.2680264711380005,-10.0,-9.880119323730469,13.812247276306152,2.0,2.0,18.850038528442383,0.30357420444488525,0.28977540135383606,0.30357420444488525,0.29590821266174316,0.0,0.30469265580177307,0.30469265580177307,0.30469265580177307,0.30469265580177307,0.0,-0.3399233818054199,-0.1274353712797165,-9.218206405639648,0.0,0.0,0.0,0.0,0.0,0.0,0.0,0.0,0.0,0.0,0.0,0.0,0.0,0.0,0.0,0.30469274520874023,0.30469274520874023,0.304692804813385,0.30469274520874023,0.31573668122291565,0.04114978387951851,0.04114978387951851,0.4100249707698822,0.03025875799357891,0.6148010492324829,-0.055684953927993774,0.0,0.0,0.0,0.0,0.0,0.0,0.0
69477332546,0,-0.020825251936912537,-0.1456330567598343,-0.12846964597702026,-0.020825251936912537,-0.1456330567598343,-0.8284696340560913,0.0069614737294614315,-0.02291269227862358,-0.007005107123404741,0.0,0.0,0.0,-0.015626410022377968,-0.020727934315800667,-0.010362048633396626,0.0,0.0,-0.0103620495647192,0.00628174003213644,0.00815020501613617,-0.005100480280816555,0.12348249554634094,0.16514401137828827,0.00020651271915994585,0.0,0.0,0.0,-0.14997324347496033,10.155519485473633,0.08388519287109375,9.799847602844238,0.2680264711380005,-10.0,-9.880119323730469,13.905461311340332,2.0,2.0,18.765596389770508,0.30357420444488525,0.28977540135383606,0.30357420444488525,0.29590821266174316,0.0,0.30469265580177307,0.30469265580177307,0.30469265580177307,0.30469265580177307,0.0,-0.2540815770626068,0.40298816561698914,-8.868210792541504,0.0,0.0,0.0,0.0,0.0,0.0,0.0,0.0,0.0,0.0,0.0,0.0,0.0,0.0,0.0,0.30469274520874023,0.30469274520874023,0.304692804813385,0.30469274520874023,0.31573668122291565,0.04114978387951851,0.04114978387951851,0.4100249707698822,0.38558468222618103,0.1474580466747284,0.0586874894797802,0.0,0.0,0.0,0.0,0.0,0.0,0.0
69487492225,0,-0.020627079531550407,-0.14612850546836853,-0.128335103392601,-0.020627079531550407,-0.14612850546836853,-0.8283351063728333,7.191333861555904e-05,-0.014028486795723438,0.02116750180721283,0.0,0.0,0.0,-0.013916992582380772,-0.020958853885531425,-0.010454519651830196,0.0,0.0,-0.010454519651830196,0.00628174003213644,0.00815020501613617,-0.005100480280816555,0.12348249554634094,0.16514401137828827,0.00020651271915994585,0.0,0.0,0.0,-0.14997324347496033,10.155519485473633,0.08388519287109375,9.799847602844238,0.26331815123558044,-10.0,-9.880339622497559,13.905461311340332,2.0,2.0,18.765596389770508,0.30357420444488525,0.28977540135383606,0.30357420444488525,0.29590821266174316,0.0,0.30469265580177307,0.30469265580177307,0.30469265580177307,0.30469265580177307,0.0,-0.2540815770626068,0.40298816561698914,-8.868210792541504,0.0,0.0,0.0,0.0,0.0,0.0,0.0,0.0,0.0,0.0,0.0,0.0,0.0,0.0,0.0,0.30469274520874023,0.30469274520874023,0.304692804813385,0.30469274520874023,0.31752273440361023,0.04114978387951851,0.04114978387951851,0.4084804058074951,0.38558468222618103,0.1474580466747284,0.0586874894797802,0.0,0.0,0.0,0.0,0.0,0.0,0.0
69497686683,0,-0.020627079531550407,-0.14612850546836853,-0.128335103392601,-0.020627079531550407,-0.14612850546836853,-0.8283351063728333,7.191333861555904e-05,-0.014028486795723438,0.02116750180721283,0.0,0.0,0.0,-0.013916992582380772,-0.020958853885531425,-0.010454519651830196,0.0,0.0,-0.010454519651830196,0.04980691894888878,0.001976419473066926,-0.004094881936907768,0.11062755435705185,0.16661977767944336,0.00023257068824023008,0.0,0.0,0.0,-0.2133609503507614,10.165584564208984,0.0832509994506836,9.80002212524414,0.2593315839767456,-10.0,-9.88048267364502,13.838804244995117,2.0,2.0,18.869705200195312,0.30357420444488525,0.28977540135383606,0.30357420444488525,0.29590821266174316,0.0,0.30469265580177307,0.30469265580177307,0.30469265580177307,0.30469265580177307,0.0,-0.6597560048103333,0.35321640968322754,-8.671175003051758,0.0,0.0,0.0,0.0,0.0,0.0,0.0,0.0,0.0,0.0,0.0,0.0,0.0,0.0,0.0,0.30469274520874023,0.30469274520874023,0.304692804813385,0.30469274520874023,0.31624582409858704,0.04114978387951851,0.04114978387951851,0.4103843867778778,1.7910720109939575,-0.03859831765294075,0.049048516899347305,0.0,0.0,0.0,0.0,0.0,0.0,0.0
69507412752,0,-0.02062588930130005,-0.1462041437625885,-0.12815921008586884,-0.02062588930130005,-0.1462041437625885,-0.8281592130661011,-0.005078901536762714,-0.005235962104052305,0.022545097395777702,0.0,0.0,0.0,-0.013011892326176167,-0.02029496803879738,-0.010478180833160877,0.0,0.0,-0.010478181764483452,0.06849101185798645,0.02040209248661995,-0.0025261137634515762,0.10191082954406738,0.15857666730880737,0.00015592004638165236,0.0,0.0,0.0,-0.23998130857944489,10.132447242736816,0.08140945434570312,9.800129890441895,0.2577153742313385,-10.0,-9.880538940429688,13.791961669921875,2.0,2.0,18.81218719482422,0.30357420444488525,0.28977540135383606,0.30357420444488525,0.29590821266174316,0.0,0.30469265580177307,0.30469265580177307,0.30469265580177307,0.30469265580177307,0.0,-0.8958575129508972,0.8007307648658752,-9.200095176696777,0.0,0.0,0.0,0.0,0.0,0.0,0.0,0.0,0.0,0.0,0.0,0.0,0.0,0.0,0.0,0.30469274520874023,0.30469274520874023,0.304692804813385,0.30469274520874023,0.31534770131111145,0.04114978387951851,0.04114978387951851,0.4093327522277832,1.7207919359207153,0.8493388891220093,0.10345888137817383,0.0,0.0,0.0,0.0,0.0,0.0,0.0
69517643115,0,-0.02080148085951805,-0.14620105922222137,-0.12788167595863342,-0.02080148085951805,-0.14620105922222137,-0.8278816938400269,-0.017328975722193718,0.00655400799587369,0.007293109316378832,0.0,0.0,0.0,-0.012481643818318844,-0.019522257149219513,-0.010293465107679367,0.0,0.0,-0.010293466039001942,0.06849101185798645,0.02040209248661995,-0.0025261137634515762,0.10191082954406738,0.15857666730880737,0.00015592004638165236,0.0,0.0,0.0,-0.23998130857944489,10.132447242736816,0.08140945434570312,9.800129890441895,0.2577153742313385,-10.0,-9.880538940429688,13.791961669921875,2.0,2.0,18.81218719482422,0.30357420444488525,0.28977540135383606,0.3051074147224426,0.2989746034145355,0.0,0.30469265580177307,0.30469265580177307,0.30469265580177307,0.30469265580177307,0.0,-0.8958575129508972,0.8007307648658752,-9.200095176696777,0.0,0.0,0.0,0.0,0.0,0.0,0.0,0.0,0.0,0.0,0.0,0.0,0.0,0.0,0.0,0.30469274520874023,0.30469274520874023,0.304692804813385,0.30469274520874023,0.31534770131111145,0.04114978387951851,0.04114978387951851,0.4093327522277832,1.7207919359207153,0.8493388891220093,0.10345888137817383,0.0,0.0,0.0,0.0,0.0,0.0,0.0
69527468480,0,-0.02080148085951805,-0.14620105922222137,-0.12788167595863342,-0.02080148085951805,-0.14620105922222137,-0.8278816938400269,-0.017328975722193718,0.00655400799587369,0.007293109316378832,0.0,0.0,0.0,-0.012481643818318844,-0.019522257149219513,-0.010293465107679367,0.0,0.0,-0.010293466039001942,0.053896576166152954,0.03298330307006836,0.009840150363743305,0.10191082954406738,0.15857666730880737,0.00015592004638165236,0.0,0.0,0.0,-0.20935039222240448,10.118599891662598,0.06741142272949219,9.800344467163086,0.25461670756340027,-10.0,-9.880426406860352,14.184417724609375,2.0,2.0,18.37352180480957,0.30204102396965027,0.28977540135383606,0.3051074147224426,0.2989746034145355,0.0,0.30469265580177307,0.30469265580177307,0.30469265580177307,0.30469265580177307,0.0,-0.959823727607727,0.6948122978210449,-10.72630786895752,0.0,0.0,0.0,0.0,0.0,0.0,0.0,0.0,0.0,0.0,0.0,0.0,0.0,0.0,0.0,0.30469274520874023,0.30469274520874023,0.304692804813385,0.30469274520874023,0.3228582441806793,0.04114978387951851,0.04114978387951851,0.4012937843799591,-0.08851083368062973,0.39310091733932495,0.5328890085220337,0.0,0.0,0.0,0.0,0.0,0.0,0.0
69537930086,0,-0.02080148085951805,-0.14620105922222137,-0.12788167595863342,-0.02080148085951805,-0.14620105922222137,-0.8278816938400269,-0.017328975722193718,0.00655400799587369,0.007293109316378832,0.0,0.0,0.0,-0.012481643818318844,-0.019522257149219513,-0.010293465107679367,0.0,0.0,-0.010293466039001942,0.064394012093544,0.05026323348283768,0.02934996411204338,0.09827778488397598,0.15551410615444183,5.098217661725357e-05,0.0,0.0,0.0,-0.20935039222240448,10.118599891662598,0.06741142272949219,9.800344467163086,0.25461670756340027,-10.0,-9.880426406860352,14.67492389678955,2.0,2.0,17.789152145385742,0.30204102396965027,0.28977540135383606,0.30357420444488525,0.3005078136920929,0.0,0.30469265580177307,0.30469265580177307,0.30469265580177307,0.30469265580177307,0.0,-0.959823727607727,0.6948122978210449,-10.72630786895752,0.0,0.0,0.0,0.0,0.0,0.0,0.0,0.0,0.0,0.0,0.0,0.0,0.0,0.0,0.0,0.30469274520874023,0.30469274520874023,0.304692804813385,0.30469274520874023,0.3228582441806793,0.04114978387951851,0.04114978387951851,0.4012937843799591,0.4118903577327728,1.074061632156372,1.191715955734253,0.0,0.0,0.0,0.0,0.0,0.0,0.0
69547887820,0,-0.02080148085951805,-0.14620105922222137,-0.12788167595863342,-0.02080148085951805,-0.14620105922222137,-0.8278816938400269,-0.017328975722193718,0.00655400799587369,0.007293109316378832,0.0,0.0,0.0,-0.012481643818318844,-0.019522257149219513,-0.010293465107679367,0.0,0.0,-0.010293466039001942,0.064394012093544,0.05026323348283768,0.02934996411204338,0.09827778488397598,0.15551410615444183,5.098217661725357e-05,0.0,0.0,0.0,-0.20935039222240448,10.118599891662598,0.06741142272949219,9.800344467163086,0.25461670756340027,-10.0,-9.880426406860352,14.67492389678955,2.0,2.0,17.789152145385742,0.30357420444488525,0.28977540135383606,0.30357420444488525,0.2989746034145355,0.0,0.30469265580177307,0.30469265580177307,0.30469265580177307,0.30469265580177307,0.0,-0.959823727607727,0.6948122978210449,-10.72630786895752,0.0,0.0,0.0,0.0,0.0,0.0,0.0,0.0,0.0,0.0,0.0,0.0,0.0,0.0,0.0,0.30469274520874023,0.30469274520874023,0.304692804813385,0.30469274520874023,0.3228582441806793,0.04114978387951851,0.04114978387951851,0.4012937843799591,0.4118903577327728,1.074061632156372,1.191715955734253,0.0,0.0,0.0,0.0,0.0,0.0,0.0
69558062944,0,-0.02080148085951805,-0.14620105922222137,-0.12788167595863342,-0.02080148085951805,-0.14620105922222137,-0.8278816938400269,-0.017328975722193718,0.00655400799587369,0.007293109316378832,0.0,0.0,0.0,-0.012481643818318844,-0.019522257149219513,-0.010293465107679367,0.0,0.0,-0.010293466039001942,0.064394012093544,0.05026323348283768,0.02934996411204338,0.09827778488397598,0.15551410615444183,5.098217661725357e-05,0.0,0.0,0.0,-0.23287656903266907,10.088459968566895,0.0454254150390625,9.800445556640625,0.25309303402900696,-10.0,-9.880027770996094,14.67492389678955,2.0,2.0,17.789152145385742,0.30357420444488525,0.28977540135383606,0.30357420444488525,0.2989746034145355,0.0,0.30469265580177307,0.30469265580177307,0.30469265580177307,0.30469265580177307,0.0,-0.959823727607727,0.6948122978210449,-10.72630786895752,0.0,0.0,0.0,0.0,0.0,0.0,0.0,0.0,0.0,0.0,0.0,0.0,0.0,0.0,0.0,0.30469274520874023,0.30469274520874023,0.304692804813385,0.30469274520874023,0.33220455050468445,0.04114978387951851,0.04114978387951851,0.39053526520729065,0.4118903577327728,1.074061632156372,1.191715955734253,0.0,0.0,0.0,0.0,0.0,0.0,0.0
69567588916,0,-0.02080148085951805,-0.14620105922222137,-0.12788167595863342,-0.02080148085951805,-0.14620105922222137,-0.8278816938400269,-0.017328975722193718,0.00655400799587369,0.007293109316378832,0.0,0.0,0.0,-0.012481643818318844,-0.019522257149219513,-0.010293465107679367,0.0,0.0,-0.010293466039001942,0.064394012093544,0.05026323348283768,0.02934996411204338,0.09827778488397598,0.15551410615444183,5.098217661725357e-05,0.0,0.0,0.0,-0.23287656903266907,10.088459968566895,0.0454254150390625,9.800445556640625,0.25309303402900696,-10.0,-9.880027770996094,14.67492389678955,2.0,2.0,17.789152145385742,0.30204102396965027,0.28977540135383606,0.30357420444488525,0.29590821266174316,0.0,0.30469265580177307,0.30469265580177307,0.30469265580177307,0.30469265580177307,0.0,-0.959823727607727,0.6948122978210449,-10.72630786895752,0.0,0.0,0.0,0.0,0.0,0.0,0.0,0.0,0.0,0.0,0.0,0.0,0.0,0.0,0.0,0.30469274520874023,0.30469274520874023,0.304692804813385,0.30469274520874023,0.33220455050468445,0.04114978387951851,0.04114978387951851,0.39053526520729065,0.4118903577327728,1.074061632156372,1.191715955734253,0.0,0.0,0.0,0.0,0.0,0.0,0.0
69577485567,0,-0.02080148085951805,-0.14620105922222137,-0.12788167595863342,-0.02080148085951805,-0.14620105922222137,-0.8278816938400269,-0.017328975722193718,0.00655400799587369,0.007293109316378832,0.0,0.0,0.0,-0.012481643818318844,-0.019522257149219513,-0.010293465107679367,0.0,0.0,-0.010293466039001942,0.064394012093544,0.05026323348283768,0.02934996411204338,0.09827778488397598,0.15551410615444183,5.098217661725357e-05,0.0,0.0,0.0,-0.23287656903266907,10.088459968566895,0.0454254150390625,9.800445556640625,0.25309303402900696,-10.0,-9.880027770996094,14.67492389678955,2.0,2.0,17.789152145385742,0.30204102396965027,0.28977540135383606,0.30357420444488525,0.29590821266174316,0.0,0.30469265580177307,0.30469265580177307,0.30469265580177307,0.30469265580177307,0.0,-0.959823727607727,0.6948122978210449,-10.72630786895752,0.0,0.0,0.0,0.0,0.0,0.0,0.0,0.0,0.0,0.0,0.0,0.0,0.0,0.0,0.0,0.30469274520874023,0.30469274520874023,0.304692804813385,0.30469274520874023,0.33220455050468445,0.04114978387951851,0.04114978387951851,0.39053526520729065,0.4118903577327728,1.074061632156372,1.191715955734253,0.0,0.0,0.0,0.0,0.0,0.0,0.0
69589174237,0,-0.02080148085951805,-0.14620105922222137,-0.12788167595863342,-0.02080148085951805,-0.14620105922222137,-0.8278816938400269,-0.017328975722193718,0.00655400799587369,0.007293109316378832,0.0,0.0,0.0,-0.012481643818318844,-0.019522257149219513,-0.010293465107679367,0.0,0.0,-0.010293466039001942,0.064394012093544,0.05026323348283768,0.02934996411204338,0.09827778488397598,0.15551410615444183,5.098217661725357e-05,0.0,0.0,0.0,-0.23287656903266907,10.088459968566895,0.0454254150390625,9.800445556640625,0.25309303402900696,-10.0,-9.880027770996094,14.67492389678955,2.0,2.0,17.789152145385742,0.30204102396965027,0.28977540135383606,0.30204102396965027,0.29590821266174316,0.0,0.30469265580177307,0.30469265580177307,0.30469265580177307,0.30469265580177307,0.0,-0.959823727607727,0.6948122978210449,-10.72630786895752,0.0,0.0,0.0,0.0,0.0,0.0,0.0,0.0,0.0,0.0,0.0,0.0,0.0,0.0,0.0,0.30469274520874023,0.30469274520874023,0.304692804813385,0.30469274520874023,0.33220455050468445,0.04114978387951851,0.04114978387951851,0.39053526520729065,0.4118903577327728,1.074061632156372,1.191715955734253,0.0,0.0,0.0,0.0,0.0,0.0,0.0
69600170774,0,-0.02080148085951805,-0.14620105922222137,-0.12788167595863342,-0.02080148085951805,-0.14620105922222137,-0.8278816938400269,-0.017328975722193718,0.00655400799587369,0.007293109316378832,0.0,0.0,0.0,-0.012481643818318844,-0.019522257149219513,-0.010293465107679367,0.0,0.0,-0.010293466039001942,0.064394012093544,0.05026323348283768,0.02934996411204338,0.09827778488397598,0.15551410615444183,5.098217661725357e-05,0.0,0.0,0.0,-0.23287656903266907,10.088459968566895,0.0454254150390625,9.800445556640625,0.25309303402900696,-10.0,-9.880027770996094,14.67492389678955,2.0,2.0,17.789152145385742,0.30357420444488525,0.28977540135383606,0.30204102396965027,0.2943750023841858,0.0,0.30469265580177307,0.30469265580177307,0.30469265580177307,0.30469265580177307,0.0,-0.959823727607727,0.6948122978210449,-10.72630786895752,0.0,0.0,0.0,0.0,0.0,0.0,0.0,0.0,0.0,0.0,0.0,0.0,0.0,0.0,0.0,0.30469274520874023,0.30469274520874023,0.304692804813385,0.30469274520874023,0.33220455050468445,0.04114978387951851,0.04114978387951851,0.39053526520729065,0.4118903577327728,1.074061632156372,1.191715955734253,0.0,0.0,0.0,0.0,0.0,0.0,0.0
69608822427,0,-0.02080148085951805,-0.14620105922222137,-0.12788167595863342,-0.02080148085951805,-0.14620105922222137,-0.8278816938400269,-0.017328975722193718,0.00655400799587369,0.007293109316378832,0.0,0.0,0.0,-0.012481643818318844,-0.019522257149219513,-0.010293465107679367,0.0,0.0,-0.010293466039001942,0.064394012093544,0.05026323348283768,0.02934996411204338,0.09827778488397598,0.15551410615444183,5.098217661725357e-05,0.0,0.0,0.0,-0.23287656903266907,10.088459968566895,0.0454254150390625,9.800445556640625,0.25309303402900696,-10.0,-9.880027770996094,14.67492389678955,2.0,2.0,17.789152145385742,0.30357420444488525,0.28977540135383606,0.30204102396965027,0.2928417921066284,0.0,0.30469265580177307,0.30469265580177307,0.30469265580177307,0.30469265580177307,0.0,-0.959823727607727,0.6948122978210449,-10.72630786895752,0.0,0.0,0.0,0.0,0.0,0.0,0.0,0.0,0.0,0.0,0.0,0.0,0.0,0.0,0.0,0.30469274520874023,0.30469274520874023,0.304692804813385,0.30469274520874023,0.33220455050468445,0.04114978387951851,0.04114978387951851,0.39053526520729065,0.4118903577327728,1.074061632156372,1.191715955734253,0.0,0.0,0.0,0.0,0.0,0.0,0.0
69617867091,0,-0.02080148085951805,-0.14620105922222137,-0.12788167595863342,-0.02080148085951805,-0.14620105922222137,-0.8278816938400269,-0.017328975722193718,0.00655400799587369,0.007293109316378832,0.0,0.0,0.0,-0.012481643818318844,-0.019522257149219513,-0.010293465107679367,0.0,0.0,-0.010293466039001942,0.064394012093544,0.05026323348283768,0.02934996411204338,0.09827778488397598,0.15551410615444183,5.098217661725357e-05,0.0,0.0,0.0,-0.23287656903266907,10.088459968566895,0.0454254150390625,9.800445556640625,0.25309303402900696,-10.0,-9.880027770996094,14.67492389678955,2.0,2.0,17.789152145385742,0.30357420444488525,0.28977540135383606,0.30204102396965027,0.2928417921066284,0.0,0.30469265580177307,0.30469265580177307,0.30469265580177307,0.30469265580177307,0.0,-0.959823727607727,0.6948122978210449,-10.72630786895752,0.0,0.0,0.0,0.0,0.0,0.0,0.0,0.0,0.0,0.0,0.0,0.0,0.0,0.0,0.0,0.30469274520874023,0.30469274520874023,0.304692804813385,0.30469274520874023,0.33220455050468445,0.04114978387951851,0.04114978387951851,0.39053526520729065,0.4118903577327728,1.074061632156372,1.191715955734253,0.0,0.0,0.0,0.0,0.0,0.0,0.0
69627431676,0,-0.02080148085951805,-0.14620105922222137,-0.12788167595863342,-0.02080148085951805,-0.14620105922222137,-0.8278816938400269,-0.017328975722193718,0.00655400799587369,0.007293109316378832,0.0,0.0,0.0,-0.012481643818318844,-0.019522257149219513,-0.010293465107679367,0.0,0.0,-0.010293466039001942,0.064394012093544,0.05026323348283768,0.02934996411204338,0.09827778488397598,0.15551410615444183,5.098217661725357e-05,0.0,0.0,0.0,-0.23287656903266907,10.088459968566895,0.0454254150390625,9.800445556640625,0.25309303402900696,-10.0,-9.880027770996094,14.67492389678955,2.0,2.0,17.789152145385742,0.30357420444488525,0.28977540135383606,0.30204102396965027,0.2928417921066284,0.0,0.30469265580177307,0.30469265580177307,0.30469265580177307,0.30469265580177307,0.0,-0.959823727607727,0.6948122978210449,-10.72630786895752,0.0,0.0,0.0,0.0,0.0,0.0,0.0,0.0,0.0,0.0,0.0,0.0,0.0,0.0,0.0,0.30469274520874023,0.30469274520874023,0.304692804813385,0.30469274520874023,0.33220455050468445,0.04114978387951851,0.04114978387951851,0.39053526520729065,0.4118903577327728,1.074061632156372,1.191715955734253,0.0,0.0,0.0,0.0,0.0,0.0,0.0
69637868183,0,-0.02080148085951805,-0.14620105922222137,-0.12788167595863342,-0.02080148085951805,-0.14620105922222137,-0.8278816938400269,-0.017328975722193718,0.00655400799587369,0.007293109316378832,0.0,0.0,0.0,-0.012481643818318844,-0.019522257149219513,-0.010293465107679367,0.0,0.0,-0.010293466039001942,0.064394012093544,0.05026323348283768,0.02934996411204338,0.09827778488397598,0.15551410615444183,5.098217661725357e-05,0.0,0.0,0.0,-0.23287656903266907,10.088459968566895,0.0454254150390625,9.800445556640625,0.25309303402900696,-10.0,-9.880027770996094,14.67492389678955,2.0,2.0,17.789152145385742,0.30357420444488525,0.28977540135383606,0.30204102396965027,0.2928417921066284,0.0,0.30469265580177307,0.30469265580177307,0.30469265580177307,0.30469265580177307,0.0,-0.959823727607727,0.6948122978210449,-10.72630786895752,0.0,0.0,0.0,0.0,0.0,0.0,0.0,0.0,0.0,0.0,0.0,0.0,0.0,0.0,0.0,0.30469274520874023,0.30469274520874023,0.304692804813385,0.30469274520874023,0.33220455050468445,0.04114978387951851,0.04114978387951851,0.39053526520729065,0.4118903577327728,1.074061632156372,1.191715955734253,0.0,0.0,0.0,0.0,0.0,0.0,0.0
69647705531,0,-0.02080148085951805,-0.14620105922222137,-0.12788167595863342,-0.02080148085951805,-0.14620105922222137,-0.8278816938400269,-0.017328975722193718,0.00655400799587369,0.007293109316378832,0.0,0.0,0.0,-0.012481643818318844,-0.019522257149219513,-0.010293465107679367,0.0,0.0,-0.010293466039001942,0.064394012093544,0.05026323348283768,0.02934996411204338,0.09827778488397598,0.15551410615444183,5.098217661725357e-05,0.0,0.0,0.0,-0.23287656903266907,10.088459968566895,0.0454254150390625,9.800445556640625,0.25309303402900696,-10.0,-9.880027770996094,14.67492389678955,2.0,2.0,17.789152145385742,0.3051074147224426,0.28977540135383606,0.30204102396965027,0.2928417921066284,0.0,0.30469265580177307,0.30469265580177307,0.30469265580177307,0.30469265580177307,0.0,-0.959823727607727,0.6948122978210449,-10.72630786895752,0.0,0.0,0.0,0.0,0.0,0.0,0.0,0.0,0.0,0.0,0.0,0.0,0.0,0.0,0.0,0.30469274520874023,0.30469274520874023,0.304692804813385,0.30469274520874023,0.33220455050468445,0.04114978387951851,0.04114978387951851,0.39053526520729065,0.4118903577327728,1.074061632156372,1.191715955734253,0.0,0.0,0.0,0.0,0.0,0.0,0.0
69657758865,0,-0.02080148085951805,-0.14620105922222137,-0.12788167595863342,-0.02080148085951805,-0.14620105922222137,-0.8278816938400269,-0.017328975722193718,0.00655400799587369,0.007293109316378832,0.0,0.0,0.0,-0.012481643818318844,-0.019522257149219513,-0.010293465107679367,0.0,0.0,-0.010293466039001942,0.064394012093544,0.05026323348283768,0.02934996411204338,0.09827778488397598,0.15551410615444183,5.098217661725357e-05,0.0,0.0,0.0,-0.23287656903266907,10.088459968566895,0.0454254150390625,9.800445556640625,0.25309303402900696,-10.0,-9.880027770996094,14.67492389678955,2.0,2.0,17.789152145385742,0.3051074147224426,0.28977540135383606,0.30204102396965027,0.2943750023841858,0.0,0.30469265580177307,0.30469265580177307,0.30469265580177307,0.30469265580177307,0.0,-0.959823727607727,0.6948122978210449,-10.72630786895752,0.0,0.0,0.0,0.0,0.0,0.0,0.0,0.0,0.0,0.0,0.0,0.0,0.0,0.0,0.0,0.30469274520874023,0.30469274520874023,0.304692804813385,0.30469274520874023,0.33220455050468445,0.04114978387951851,0.04114978387951851,0.39053526520729065,0.4118903577327728,1.074061632156372,1.191715955734253,0.0,0.0,0.0,0.0,0.0,0.0,0.0
69675445798,0,-0.02080148085951805,-0.14620105922222137,-0.12788167595863342,-0.02080148085951805,-0.14620105922222137,-0.8278816938400269,-0.017328975722193718,0.00655400799587369,0.007293109316378832,0.0,0.0,0.0,-0.012481643818318844,-0.019522257149219513,-0.010293465107679367,0.0,0.0,-0.010293466039001942,0.064394012093544,0.05026323348283768,0.02934996411204338,0.09827778488397598,0.15551410615444183,5.098217661725357e-05,0.0,0.0,0.0,-0.23287656903266907,10.088459968566895,0.0454254150390625,9.800445556640625,0.25309303402900696,-10.0,-9.880027770996094,14.67492389678955,2.0,2.0,17.789152145385742,0.306640625,0.28977540135383606,0.30357420444488525,0.2943750023841858,0.0,0.30469265580177307,0.30469265580177307,0.30469265580177307,0.30469265580177307,0.0,-0.959823727607727,0.6948122978210449,-10.72630786895752,0.0,0.0,0.0,0.0,0.0,0.0,0.0,0.0,0.0,0.0,0.0,0.0,0.0,0.0,0.0,0.30469274520874023,0.30469274520874023,0.304692804813385,0.30469274520874023,0.33220455050468445,0.04114978387951851,0.04114978387951851,0.39053526520729065,0.4118903577327728,1.074061632156372,1.191715955734253,0.0,0.0,0.0,0.0,0.0,0.0,0.0
69679553436,0,-0.02080148085951805,-0.14620105922222137,-0.12788167595863342,-0.02080148085951805,-0.14620105922222137,-0.8278816938400269,-0.017328975722193718,0.00655400799587369,0.007293109316378832,0.0,0.0,0.0,-0.012481643818318844,-0.019522257149219513,-0.010293465107679367,0.0,0.0,-0.010293466039001942,0.064394012093544,0.05026323348283768,0.02934996411204338,0.09827778488397598,0.15551410615444183,5.098217661725357e-05,0.0,0.0,0.0,-0.23287656903266907,10.088459968566895,0.0454254150390625,9.800445556640625,0.25309303402900696,-10.0,-9.880027770996094,14.67492389678955,2.0,2.0,17.789152145385742,0.306640625,0.29130858182907104,0.30357420444488525,0.2943750023841858,0.0,0.30469265580177307,0.30469265580177307,0.30469265580177307,0.30469265580177307,0.0,-0.959823727607727,0.6948122978210449,-10.72630786895752,0.0,0.0,0.0,0.0,0.0,0.0,0.0,0.0,0.0,0.0,0.0,0.0,0.0,0.0,0.0,0.30469274520874023,0.30469274520874023,0.304692804813385,0.30469274520874023,0.33220455050468445,0.04114978387951851,0.04114978387951851,0.39053526520729065,0.4118903577327728,1.074061632156372,1.191715955734253,0.0,0.0,0.0,0.0,0.0,0.0,0.0
69687754224,0,-0.02080148085951805,-0.14620105922222137,-0.12788167595863342,-0.02080148085951805,-0.14620105922222137,-0.8278816938400269,-0.017328975722193718,0.00655400799587369,0.007293109316378832,0.0,0.0,0.0,-0.012481643818318844,-0.019522257149219513,-0.010293465107679367,0.0,0.0,-0.010293466039001942,0.064394012093544,0.05026323348283768,0.02934996411204338,0.09827778488397598,0.15551410615444183,5.098217661725357e-05,0.0,0.0,0.0,-0.23287656903266907,10.088459968566895,0.0454254150390625,9.800445556640625,0.25309303402900696,-10.0,-9.880027770996094,14.67492389678955,2.0,2.0,17.789152145385742,0.3051074147224426,0.29130858182907104,0.30357420444488525,0.29590821266174316,0.0,0.30469265580177307,0.30469265580177307,0.30469265580177307,0.30469265580177307,0.0,-0.959823727607727,0.6948122978210449,-10.72630786895752,0.0,0.0,0.0,0.0,0.0,0.0,0.0,0.0,0.0,0.0,0.0,0.0,0.0,0.0,0.0,0.30469274520874023,0.30469274520874023,0.304692804813385,0.30469274520874023,0.33220455050468445,0.04114978387951851,0.04114978387951851,0.39053526520729065,0.4118903577327728,1.074061632156372,1.191715955734253,0.0,0.0,0.0,0.0,0.0,0.0,0.0
69697666948,0,-0.02080148085951805,-0.14620105922222137,-0.12788167595863342,-0.02080148085951805,-0.14620105922222137,-0.8278816938400269,-0.017328975722193718,0.00655400799587369,0.007293109316378832,0.0,0.0,0.0,-0.012481643818318844,-0.019522257149219513,-0.010293465107679367,0.0,0.0,-0.010293466039001942,0.064394012093544,0.05026323348283768,0.02934996411204338,0.09827778488397598,0.15551410615444183,5.098217661725357e-05,0.0,0.0,0.0,-0.23287656903266907,10.088459968566895,0.0454254150390625,9.800445556640625,0.25309303402900696,-10.0,-9.880027770996094,14.67492389678955,2.0,2.0,17.789152145385742,0.30357420444488525,0.28977540135383606,0.30357420444488525,0.29744139313697815,0.0,0.30469265580177307,0.30469265580177307,0.30469265580177307,0.30469265580177307,0.0,-0.959823727607727,0.6948122978210449,-10.72630786895752,0.0,0.0,0.0,0.0,0.0,0.0,0.0,0.0,0.0,0.0,0.0,0.0,0.0,0.0,0.0,0.30469274520874023,0.30469274520874023,0.304692804813385,0.30469274520874023,0.33220455050468445,0.04114978387951851,0.04114978387951851,0.39053526520729065,0.4118903577327728,1.074061632156372,1.191715955734253,0.0,0.0,0.0,0.0,0.0,0.0,0.0
69707608506,0,-0.02080148085951805,-0.14620105922222137,-0.12788167595863342,-0.02080148085951805,-0.14620105922222137,-0.8278816938400269,-0.017328975722193718,0.00655400799587369,0.007293109316378832,0.0,0.0,0.0,-0.012481643818318844,-0.019522257149219513,-0.010293465107679367,0.0,0.0,-0.010293466039001942,0.064394012093544,0.05026323348283768,0.02934996411204338,0.09827778488397598,0.15551410615444183,5.098217661725357e-05,0.0,0.0,0.0,-0.23287656903266907,10.088459968566895,0.0454254150390625,9.800445556640625,0.25309303402900696,-10.0,-9.880027770996094,14.67492389678955,2.0,2.0,17.789152145385742,0.30204102396965027,0.28977540135383606,0.30357420444488525,0.29744139313697815,0.0,0.30469265580177307,0.30469265580177307,0.30469265580177307,0.30469265580177307,0.0,-0.959823727607727,0.6948122978210449,-10.72630786895752,0.0,0.0,0.0,0.0,0.0,0.0,0.0,0.0,0.0,0.0,0.0,0.0,0.0,0.0,0.0,0.30469274520874023,0.30469274520874023,0.304692804813385,0.30469274520874023,0.33220455050468445,0.04114978387951851,0.04114978387951851,0.39053526520729065,0.4118903577327728,1.074061632156372,1.191715955734253,0.0,0.0,0.0,0.0,0.0,0.0,0.0
69717827258,0,-0.02080148085951805,-0.14620105922222137,-0.12788167595863342,-0.02080148085951805,-0.14620105922222137,-0.8278816938400269,-0.017328975722193718,0.00655400799587369,0.007293109316378832,0.0,0.0,0.0,-0.012481643818318844,-0.019522257149219513,-0.010293465107679367,0.0,0.0,-0.010293466039001942,0.064394012093544,0.05026323348283768,0.02934996411204338,0.09827778488397598,0.15551410615444183,5.098217661725357e-05,0.0,0.0,0.0,-0.23287656903266907,10.088459968566895,0.0454254150390625,9.800445556640625,0.25309303402900696,-10.0,-9.880027770996094,14.67492389678955,2.0,2.0,17.789152145385742,0.3005078136920929,0.28977540135383606,0.30357420444488525,0.29744139313697815,0.0,0.30469265580177307,0.30469265580177307,0.30469265580177307,0.30469265580177307,0.0,-0.959823727607727,0.6948122978210449,-10.72630786895752,0.0,0.0,0.0,0.0,0.0,0.0,0.0,0.0,0.0,0.0,0.0,0.0,0.0,0.0,0.0,0.30469274520874023,0.30469274520874023,0.304692804813385,0.30469274520874023,0.33220455050468445,0.04114978387951851,0.04114978387951851,0.39053526520729065,0.4118903577327728,1.074061632156372,1.191715955734253,0.0,0.0,0.0,0.0,0.0,0.0,0.0
69727749957,0,-0.02080148085951805,-0.14620105922222137,-0.12788167595863342,-0.02080148085951805,-0.14620105922222137,-0.8278816938400269,-0.017328975722193718,0.00655400799587369,0.007293109316378832,0.0,0.0,0.0,-0.012481643818318844,-0.019522257149219513,-0.010293465107679367,0.0,0.0,-0.010293466039001942,0.064394012093544,0.05026323348283768,0.02934996411204338,0.09827778488397598,0.15551410615444183,5.098217661725357e-05,0.0,0.0,0.0,-0.23287656903266907,10.088459968566895,0.0454254150390625,9.800445556640625,0.25309303402900696,-10.0,-9.880027770996094,14.67492389678955,2.0,2.0,17.789152145385742,0.3005078136920929,0.28977540135383606,0.30204102396965027,0.29744139313697815,0.0,0.30469265580177307,0.30469265580177307,0.30469265580177307,0.30469265580177307,0.0,-0.959823727607727,0.6948122978210449,-10.72630786895752,0.0,0.0,0.0,0.0,0.0,0.0,0.0,0.0,0.0,0.0,0.0,0.0,0.0,0.0,0.0,0.30469274520874023,0.30469274520874023,0.304692804813385,0.30469274520874023,0.33220455050468445,0.04114978387951851,0.04114978387951851,0.39053526520729065,0.4118903577327728,1.074061632156372,1.191715955734253,0.0,0.0,0.0,0.0,0.0,0.0,0.0
69737628050,0,-0.02080148085951805,-0.14620105922222137,-0.12788167595863342,-0.02080148085951805,-0.14620105922222137,-0.8278816938400269,-0.017328975722193718,0.00655400799587369,0.007293109316378832,0.0,0.0,0.0,-0.012481643818318844,-0.019522257149219513,-0.010293465107679367,0.0,0.0,-0.010293466039001942,0.064394012093544,0.05026323348283768,0.02934996411204338,0.09827778488397598,0.15551410615444183,5.098217661725357e-05,0.0,0.0,0.0,-0.23287656903266907,10.088459968566895,0.0454254150390625,9.800445556640625,0.25309303402900696,-10.0,-9.880027770996094,14.67492389678955,2.0,2.0,17.789152145385742,0.3005078136920929,0.28977540135383606,0.30357420444488525,0.29744139313697815,0.0,0.30469265580177307,0.30469265580177307,0.30469265580177307,0.30469265580177307,0.0,-0.959823727607727,0.6948122978210449,-10.72630786895752,0.0,0.0,0.0,0.0,0.0,0.0,0.0,0.0,0.0,0.0,0.0,0.0,0.0,0.0,0.0,0.30469274520874023,0.30469274520874023,0.304692804813385,0.30469274520874023,0.33220455050468445,0.04114978387951851,0.04114978387951851,0.39053526520729065,0.4118903577327728,1.074061632156372,1.191715955734253,0.0,0.0,0.0,0.0,0.0,0.0,0.0
69748119662,0,-0.02080148085951805,-0.14620105922222137,-0.12788167595863342,-0.02080148085951805,-0.14620105922222137,-0.8278816938400269,-0.017328975722193718,0.00655400799587369,0.007293109316378832,0.0,0.0,0.0,-0.012481643818318844,-0.019522257149219513,-0.010293465107679367,0.0,0.0,-0.010293466039001942,0.064394012093544,0.05026323348283768,0.02934996411204338,0.09827778488397598,0.15551410615444183,5.098217661725357e-05,0.0,0.0,0.0,-0.23287656903266907,10.088459968566895,0.0454254150390625,9.800445556640625,0.25309303402900696,-10.0,-9.880027770996094,14.67492389678955,2.0,2.0,17.789152145385742,0.3005078136920929,0.28977540135383606,0.30357420444488525,0.29744139313697815,0.0,0.30469265580177307,0.30469265580177307,0.30469265580177307,0.30469265580177307,0.0,-0.959823727607727,0.6948122978210449,-10.72630786895752,0.0,0.0,0.0,0.0,0.0,0.0,0.0,0.0,0.0,0.0,0.0,0.0,0.0,0.0,0.0,0.30469274520874023,0.30469274520874023,0.304692804813385,0.30469274520874023,0.33220455050468445,0.04114978387951851,0.04114978387951851,0.39053526520729065,0.4118903577327728,1.074061632156372,1.191715955734253,0.0,0.0,0.0,0.0,0.0,0.0,0.0
69757884721,0,-0.02080148085951805,-0.14620105922222137,-0.12788167595863342,-0.02080148085951805,-0.14620105922222137,-0.8278816938400269,-0.017328975722193718,0.00655400799587369,0.007293109316378832,0.0,0.0,0.0,-0.012481643818318844,-0.019522257149219513,-0.010293465107679367,0.0,0.0,-0.010293466039001942,0.064394012093544,0.05026323348283768,0.02934996411204338,0.09827778488397598,0.15551410615444183,5.098217661725357e-05,0.0,0.0,0.0,-0.23287656903266907,10.088459968566895,0.0454254150390625,9.800445556640625,0.25309303402900696,-10.0,-9.880027770996094,14.67492389678955,2.0,2.0,17.789152145385742,0.3005078136920929,0.28977540135383606,0.30357420444488525,0.29744139313697815,0.0,0.30469265580177307,0.30469265580177307,0.30469265580177307,0.30469265580177307,0.0,-0.959823727607727,0.6948122978210449,-10.72630786895752,0.0,0.0,0.0,0.0,0.0,0.0,0.0,0.0,0.0,0.0,0.0,0.0,0.0,0.0,0.0,0.30469274520874023,0.30469274520874023,0.304692804813385,0.30469274520874023,0.33220455050468445,0.04114978387951851,0.04114978387951851,0.39053526520729065,0.4118903577327728,1.074061632156372,1.191715955734253,0.0,0.0,0.0,0.0,0.0,0.0,0.0
69768443860,0,-0.02080148085951805,-0.14620105922222137,-0.12788167595863342,-0.02080148085951805,-0.14620105922222137,-0.8278816938400269,-0.017328975722193718,0.00655400799587369,0.007293109316378832,0.0,0.0,0.0,-0.012481643818318844,-0.019522257149219513,-0.010293465107679367,0.0,0.0,-0.010293466039001942,0.064394012093544,0.05026323348283768,0.02934996411204338,0.09827778488397598,0.15551410615444183,5.098217661725357e-05,0.0,0.0,0.0,-0.23287656903266907,10.088459968566895,0.0454254150390625,9.800445556640625,0.25309303402900696,-10.0,-9.880027770996094,14.67492389678955,2.0,2.0,17.789152145385742,0.3005078136920929,0.2882421910762787,0.30357420444488525,0.29744139313697815,0.0,0.30469265580177307,0.30469265580177307,0.30469265580177307,0.30469265580177307,0.0,-0.959823727607727,0.6948122978210449,-10.72630786895752,0.0,0.0,0.0,0.0,0.0,0.0,0.0,0.0,0.0,0.0,0.0,0.0,0.0,0.0,0.0,0.30469274520874023,0.30469274520874023,0.304692804813385,0.30469274520874023,0.33220455050468445,0.04114978387951851,0.04114978387951851,0.39053526520729065,0.4118903577327728,1.074061632156372,1.191715955734253,0.0,0.0,0.0,0.0,0.0,0.0,0.0
69777510467,0,-0.02080148085951805,-0.14620105922222137,-0.12788167595863342,-0.02080148085951805,-0.14620105922222137,-0.8278816938400269,-0.017328975722193718,0.00655400799587369,0.007293109316378832,0.0,0.0,0.0,-0.012481643818318844,-0.019522257149219513,-0.010293465107679367,0.0,0.0,-0.010293466039001942,0.064394012093544,0.05026323348283768,0.02934996411204338,0.09827778488397598,0.15551410615444183,5.098217661725357e-05,0.0,0.0,0.0,-0.23287656903266907,10.088459968566895,0.0454254150390625,9.800445556640625,0.25309303402900696,-10.0,-9.880027770996094,14.67492389678955,2.0,2.0,17.789152145385742,0.3005078136920929,0.2882421910762787,0.30357420444488525,0.29744139313697815,0.0,0.30469265580177307,0.30469265580177307,0.30469265580177307,0.30469265580177307,0.0,-0.959823727607727,0.6948122978210449,-10.72630786895752,0.0,0.0,0.0,0.0,0.0,0.0,0.0,0.0,0.0,0.0,0.0,0.0,0.0,0.0,0.0,0.30469274520874023,0.30469274520874023,0.304692804813385,0.30469274520874023,0.33220455050468445,0.04114978387951851,0.04114978387951851,0.39053526520729065,0.4118903577327728,1.074061632156372,1.191715955734253,0.0,0.0,0.0,0.0,0.0,0.0,0.0
69787208436,0,-0.02080148085951805,-0.14620105922222137,-0.12788167595863342,-0.02080148085951805,-0.14620105922222137,-0.8278816938400269,-0.017328975722193718,0.00655400799587369,0.007293109316378832,0.0,0.0,0.0,-0.012481643818318844,-0.019522257149219513,-0.010293465107679367,0.0,0.0,-0.010293466039001942,0.064394012093544,0.05026323348283768,0.02934996411204338,0.09827778488397598,0.15551410615444183,5.098217661725357e-05,0.0,0.0,0.0,-0.23287656903266907,10.088459968566895,0.0454254150390625,9.800445556640625,0.25309303402900696,-10.0,-9.880027770996094,14.67492389678955,2.0,2.0,17.789152145385742,0.3005078136920929,0.28977540135383606,0.30357420444488525,0.29744139313697815,0.0,0.30469265580177307,0.30469265580177307,0.30469265580177307,0.30469265580177307,0.0,-0.959823727607727,0.6948122978210449,-10.72630786895752,0.0,0.0,0.0,0.0,0.0,0.0,0.0,0.0,0.0,0.0,0.0,0.0,0.0,0.0,0.0,0.30469274520874023,0.30469274520874023,0.304692804813385,0.30469274520874023,0.33220455050468445,0.04114978387951851,0.04114978387951851,0.39053526520729065,0.4118903577327728,1.074061632156372,1.191715955734253,0.0,0.0,0.0,0.0,0.0,0.0,0.0
69808469033,0,-0.02080148085951805,-0.14620105922222137,-0.12788167595863342,-0.02080148085951805,-0.14620105922222137,-0.8278816938400269,-0.017328975722193718,0.00655400799587369,0.007293109316378832,0.0,0.0,0.0,-0.012481643818318844,-0.019522257149219513,-0.010293465107679367,0.0,0.0,-0.010293466039001942,0.064394012093544,0.05026323348283768,0.02934996411204338,0.09827778488397598,0.15551410615444183,5.098217661725357e-05,0.0,0.0,0.0,-0.23287656903266907,10.088459968566895,0.0454254150390625,9.800445556640625,0.25309303402900696,-10.0,-9.880027770996094,14.67492389678955,2.0,2.0,17.789152145385742,0.3005078136920929,0.28977540135383606,0.30204102396965027,0.29744139313697815,0.0,0.30469265580177307,0.30469265580177307,0.30469265580177307,0.30469265580177307,0.0,-0.959823727607727,0.6948122978210449,-10.72630786895752,0.0,0.0,0.0,0.0,0.0,0.0,0.0,0.0,0.0,0.0,0.0,0.0,0.0,0.0,0.0,0.30469274520874023,0.30469274520874023,0.304692804813385,0.30469274520874023,0.33220455050468445,0.04114978387951851,0.04114978387951851,0.39053526520729065,0.4118903577327728,1.074061632156372,1.191715955734253,0.0,0.0,0.0,0.0,0.0,0.0,0.0
69808511738,0,-0.02080148085951805,-0.14620105922222137,-0.12788167595863342,-0.02080148085951805,-0.14620105922222137,-0.8278816938400269,-0.017328975722193718,0.00655400799587369,0.007293109316378832,0.0,0.0,0.0,-0.012481643818318844,-0.019522257149219513,-0.010293465107679367,0.0,0.0,-0.010293466039001942,0.064394012093544,0.05026323348283768,0.02934996411204338,0.09827778488397598,0.15551410615444183,5.098217661725357e-05,0.0,0.0,0.0,-0.23287656903266907,10.088459968566895,0.0454254150390625,9.800445556640625,0.25309303402900696,-10.0,-9.880027770996094,14.67492389678955,2.0,2.0,17.789152145385742,0.3005078136920929,0.28977540135383606,0.30357420444488525,0.29744139313697815,0.0,0.30469265580177307,0.30469265580177307,0.30469265580177307,0.30469265580177307,0.0,-0.959823727607727,0.6948122978210449,-10.72630786895752,0.0,0.0,0.0,0.0,0.0,0.0,0.0,0.0,0.0,0.0,0.0,0.0,0.0,0.0,0.0,0.30469274520874023,0.30469274520874023,0.304692804813385,0.30469274520874023,0.33220455050468445,0.04114978387951851,0.04114978387951851,0.39053526520729065,0.4118903577327728,1.074061632156372,1.191715955734253,0.0,0.0,0.0,0.0,0.0,0.0,0.0
69818592936,0,-0.02080148085951805,-0.14620105922222137,-0.12788167595863342,-0.02080148085951805,-0.14620105922222137,-0.8278816938400269,-0.017328975722193718,0.00655400799587369,0.007293109316378832,0.0,0.0,0.0,-0.012481643818318844,-0.019522257149219513,-0.010293465107679367,0.0,0.0,-0.010293466039001942,0.064394012093544,0.05026323348283768,0.02934996411204338,0.09827778488397598,0.15551410615444183,5.098217661725357e-05,0.0,0.0,0.0,-0.23287656903266907,10.088459968566895,0.0454254150390625,9.800445556640625,0.25309303402900696,-10.0,-9.880027770996094,14.67492389678955,2.0,2.0,17.789152145385742,0.30204102396965027,0.28977540135383606,0.30357420444488525,0.29744139313697815,0.0,0.30469265580177307,0.30469265580177307,0.30469265580177307,0.30469265580177307,0.0,-0.959823727607727,0.6948122978210449,-10.72630786895752,0.0,0.0,0.0,0.0,0.0,0.0,0.0,0.0,0.0,0.0,0.0,0.0,0.0,0.0,0.0,0.30469274520874023,0.30469274520874023,0.304692804813385,0.30469274520874023,0.33220455050468445,0.04114978387951851,0.04114978387951851,0.39053526520729065,0.4118903577327728,1.074061632156372,1.191715955734253,0.0,0.0,0.0,0.0,0.0,0.0,0.0
69827760442,0,-0.02080148085951805,-0.14620105922222137,-0.12788167595863342,-0.02080148085951805,-0.14620105922222137,-0.8278816938400269,-0.017328975722193718,0.00655400799587369,0.007293109316378832,0.0,0.0,0.0,-0.012481643818318844,-0.019522257149219513,-0.010293465107679367,0.0,0.0,-0.010293466039001942,0.064394012093544,0.05026323348283768,0.02934996411204338,0.09827778488397598,0.15551410615444183,5.098217661725357e-05,0.0,0.0,0.0,-0.23287656903266907,10.088459968566895,0.0454254150390625,9.800445556640625,0.25309303402900696,-10.0,-9.880027770996094,14.67492389678955,2.0,2.0,17.789152145385742,0.30204102396965027,0.28977540135383606,0.30357420444488525,0.29744139313697815,0.0,0.30469265580177307,0.30469265580177307,0.30469265580177307,0.30469265580177307,0.0,-0.959823727607727,0.6948122978210449,-10.72630786895752,0.0,0.0,0.0,0.0,0.0,0.0,0.0,0.0,0.0,0.0,0.0,0.0,0.0,0.0,0.0,0.30469274520874023,0.30469274520874023,0.304692804813385,0.30469274520874023,0.33220455050468445,0.04114978387951851,0.04114978387951851,0.39053526520729065,0.4118903577327728,1.074061632156372,1.191715955734253,0.0,0.0,0.0,0.0,0.0,0.0,0.0
69838513662,0,-0.02080148085951805,-0.14620105922222137,-0.12788167595863342,-0.02080148085951805,-0.14620105922222137,-0.8278816938400269,-0.017328975722193718,0.00655400799587369,0.007293109316378832,0.0,0.0,0.0,-0.012481643818318844,-0.019522257149219513,-0.010293465107679367,0.0,0.0,-0.010293466039001942,0.064394012093544,0.05026323348283768,0.02934996411204338,0.09827778488397598,0.15551410615444183,5.098217661725357e-05,0.0,0.0,0.0,-0.23287656903266907,10.088459968566895,0.0454254150390625,9.800445556640625,0.25309303402900696,-10.0,-9.880027770996094,14.67492389678955,2.0,2.0,17.789152145385742,0.30204102396965027,0.28977540135383606,0.30357420444488525,0.29744139313697815,0.0,0.30469265580177307,0.30469265580177307,0.30469265580177307,0.30469265580177307,0.0,-0.959823727607727,0.6948122978210449,-10.72630786895752,0.0,0.0,0.0,0.0,0.0,0.0,0.0,0.0,0.0,0.0,0.0,0.0,0.0,0.0,0.0,0.30469274520874023,0.30469274520874023,0.304692804813385,0.30469274520874023,0.33220455050468445,0.04114978387951851,0.04114978387951851,0.39053526520729065,0.4118903577327728,1.074061632156372,1.191715955734253,0.0,0.0,0.0,0.0,0.0,0.0,0.0
69847514644,0,-0.02080148085951805,-0.14620105922222137,-0.12788167595863342,-0.02080148085951805,-0.14620105922222137,-0.8278816938400269,-0.017328975722193718,0.00655400799587369,0.007293109316378832,0.0,0.0,0.0,-0.012481643818318844,-0.019522257149219513,-0.010293465107679367,0.0,0.0,-0.010293466039001942,0.064394012093544,0.05026323348283768,0.02934996411204338,0.09827778488397598,0.15551410615444183,5.098217661725357e-05,0.0,0.0,0.0,-0.23287656903266907,10.088459968566895,0.0454254150390625,9.800445556640625,0.25309303402900696,-10.0,-9.880027770996094,14.67492389678955,2.0,2.0,17.789152145385742,0.30357420444488525,0.28977540135383606,0.30357420444488525,0.29744139313697815,0.0,0.30469265580177307,0.30469265580177307,0.30469265580177307,0.30469265580177307,0.0,-0.959823727607727,0.6948122978210449,-10.72630786895752,0.0,0.0,0.0,0.0,0.0,0.0,0.0,0.0,0.0,0.0,0.0,0.0,0.0,0.0,0.0,0.30469274520874023,0.30469274520874023,0.304692804813385,0.30469274520874023,0.33220455050468445,0.04114978387951851,0.04114978387951851,0.39053526520729065,0.4118903577327728,1.074061632156372,1.191715955734253,0.0,0.0,0.0,0.0,0.0,0.0,0.0
69857824830,0,-0.02080148085951805,-0.14620105922222137,-0.12788167595863342,-0.02080148085951805,-0.14620105922222137,-0.8278816938400269,-0.017328975722193718,0.00655400799587369,0.007293109316378832,0.0,0.0,0.0,-0.012481643818318844,-0.019522257149219513,-0.010293465107679367,0.0,0.0,-0.010293466039001942,0.064394012093544,0.05026323348283768,0.02934996411204338,0.09827778488397598,0.15551410615444183,5.098217661725357e-05,0.0,0.0,0.0,-0.23287656903266907,10.088459968566895,0.0454254150390625,9.800445556640625,0.25309303402900696,-10.0,-9.880027770996094,14.67492389678955,2.0,2.0,17.789152145385742,0.3051074147224426,0.28977540135383606,0.30357420444488525,0.29744139313697815,0.0,0.30469265580177307,0.30469265580177307,0.30469265580177307,0.30469265580177307,0.0,-0.959823727607727,0.6948122978210449,-10.72630786895752,0.0,0.0,0.0,0.0,0.0,0.0,0.0,0.0,0.0,0.0,0.0,0.0,0.0,0.0,0.0,0.30469274520874023,0.30469274520874023,0.304692804813385,0.30469274520874023,0.33220455050468445,0.04114978387951851,0.04114978387951851,0.39053526520729065,0.4118903577327728,1.074061632156372,1.191715955734253,0.0,0.0,0.0,0.0,0.0,0.0,0.0
69867239193,0,-0.02080148085951805,-0.14620105922222137,-0.12788167595863342,-0.02080148085951805,-0.14620105922222137,-0.8278816938400269,-0.017328975722193718,0.00655400799587369,0.007293109316378832,0.0,0.0,0.0,-0.012481643818318844,-0.019522257149219513,-0.010293465107679367,0.0,0.0,-0.010293466039001942,0.064394012093544,0.05026323348283768,0.02934996411204338,0.09827778488397598,0.15551410615444183,5.098217661725357e-05,0.0,0.0,0.0,-0.23287656903266907,10.088459968566895,0.0454254150390625,9.800445556640625,0.25309303402900696,-10.0,-9.880027770996094,14.67492389678955,2.0,2.0,17.789152145385742,0.3051074147224426,0.28977540135383606,0.30204102396965027,0.29744139313697815,0.0,0.30469265580177307,0.30469265580177307,0.30469265580177307,0.30469265580177307,0.0,-0.959823727607727,0.6948122978210449,-10.72630786895752,0.0,0.0,0.0,0.0,0.0,0.0,0.0,0.0,0.0,0.0,0.0,0.0,0.0,0.0,0.0,0.30469274520874023,0.30469274520874023,0.304692804813385,0.30469274520874023,0.33220455050468445,0.04114978387951851,0.04114978387951851,0.39053526520729065,0.4118903577327728,1.074061632156372,1.191715955734253,0.0,0.0,0.0,0.0,0.0,0.0,0.0
69877583599,0,-0.02080148085951805,-0.14620105922222137,-0.12788167595863342,-0.02080148085951805,-0.14620105922222137,-0.8278816938400269,-0.017328975722193718,0.00655400799587369,0.007293109316378832,0.0,0.0,0.0,-0.012481643818318844,-0.019522257149219513,-0.010293465107679367,0.0,0.0,-0.010293466039001942,0.064394012093544,0.05026323348283768,0.02934996411204338,0.09827778488397598,0.15551410615444183,5.098217661725357e-05,0.0,0.0,0.0,-0.23287656903266907,10.088459968566895,0.0454254150390625,9.800445556640625,0.25309303402900696,-10.0,-9.880027770996094,14.67492389678955,2.0,2.0,17.789152145385742,0.30357420444488525,0.28977540135383606,0.30357420444488525,0.29590821266174316,0.0,0.30469265580177307,0.30469265580177307,0.30469265580177307,0.30469265580177307,0.0,-0.959823727607727,0.6948122978210449,-10.72630786895752,0.0,0.0,0.0,0.0,0.0,0.0,0.0,0.0,0.0,0.0,0.0,0.0,0.0,0.0,0.0,0.30469274520874023,0.30469274520874023,0.304692804813385,0.30469274520874023,0.33220455050468445,0.04114978387951851,0.04114978387951851,0.39053526520729065,0.4118903577327728,1.074061632156372,1.191715955734253,0.0,0.0,0.0,0.0,0.0,0.0,0.0
69887677214,0,-0.02080148085951805,-0.14620105922222137,-0.12788167595863342,-0.02080148085951805,-0.14620105922222137,-0.8278816938400269,-0.017328975722193718,0.00655400799587369,0.007293109316378832,0.0,0.0,0.0,-0.012481643818318844,-0.019522257149219513,-0.010293465107679367,0.0,0.0,-0.010293466039001942,0.064394012093544,0.05026323348283768,0.02934996411204338,0.09827778488397598,0.15551410615444183,5.098217661725357e-05,0.0,0.0,0.0,-0.23287656903266907,10.088459968566895,0.0454254150390625,9.800445556640625,0.25309303402900696,-10.0,-9.880027770996094,14.67492389678955,2.0,2.0,17.789152145385742,0.30357420444488525,0.28977540135383606,0.30357420444488525,0.29590821266174316,0.0,0.30469265580177307,0.30469265580177307,0.30469265580177307,0.30469265580177307,0.0,-0.959823727607727,0.6948122978210449,-10.72630786895752,0.0,0.0,0.0,0.0,0.0,0.0,0.0,0.0,0.0,0.0,0.0,0.0,0.0,0.0,0.0,0.30469274520874023,0.30469274520874023,0.304692804813385,0.30469274520874023,0.33220455050468445,0.04114978387951851,0.04114978387951851,0.39053526520729065,0.4118903577327728,1.074061632156372,1.191715955734253,0.0,0.0,0.0,0.0,0.0,0.0,0.0
69898590724,0,-0.02080148085951805,-0.14620105922222137,-0.12788167595863342,-0.02080148085951805,-0.14620105922222137,-0.8278816938400269,-0.017328975722193718,0.00655400799587369,0.007293109316378832,0.0,0.0,0.0,-0.012481643818318844,-0.019522257149219513,-0.010293465107679367,0.0,0.0,-0.010293466039001942,0.064394012093544,0.05026323348283768,0.02934996411204338,0.09827778488397598,0.15551410615444183,5.098217661725357e-05,0.0,0.0,0.0,-0.23287656903266907,10.088459968566895,0.0454254150390625,9.800445556640625,0.25309303402900696,-10.0,-9.880027770996094,14.67492389678955,2.0,2.0,17.789152145385742,0.30204102396965027,0.28977540135383606,0.30204102396965027,0.29590821266174316,0.0,0.30469265580177307,0.30469265580177307,0.30469265580177307,0.30469265580177307,0.0,-0.959823727607727,0.6948122978210449,-10.72630786895752,0.0,0.0,0.0,0.0,0.0,0.0,0.0,0.0,0.0,0.0,0.0,0.0,0.0,0.0,0.0,0.30469274520874023,0.30469274520874023,0.304692804813385,0.30469274520874023,0.33220455050468445,0.04114978387951851,0.04114978387951851,0.39053526520729065,0.4118903577327728,1.074061632156372,1.191715955734253,0.0,0.0,0.0,0.0,0.0,0.0,0.0
69908074812,0,-0.02080148085951805,-0.14620105922222137,-0.12788167595863342,-0.02080148085951805,-0.14620105922222137,-0.8278816938400269,-0.017328975722193718,0.00655400799587369,0.007293109316378832,0.0,0.0,0.0,-0.012481643818318844,-0.019522257149219513,-0.010293465107679367,0.0,0.0,-0.010293466039001942,0.064394012093544,0.05026323348283768,0.02934996411204338,0.09827778488397598,0.15551410615444183,5.098217661725357e-05,0.0,0.0,0.0,-0.23287656903266907,10.088459968566895,0.0454254150390625,9.800445556640625,0.25309303402900696,-10.0,-9.880027770996094,14.67492389678955,2.0,2.0,17.789152145385742,0.30204102396965027,0.28977540135383606,0.30204102396965027,0.29590821266174316,0.0,0.30469265580177307,0.30469265580177307,0.30469265580177307,0.30469265580177307,0.0,-0.959823727607727,0.6948122978210449,-10.72630786895752,0.0,0.0,0.0,0.0,0.0,0.0,0.0,0.0,0.0,0.0,0.0,0.0,0.0,0.0,0.0,0.30469274520874023,0.30469274520874023,0.304692804813385,0.30469274520874023,0.33220455050468445,0.04114978387951851,0.04114978387951851,0.39053526520729065,0.4118903577327728,1.074061632156372,1.191715955734253,0.0,0.0,0.0,0.0,0.0,0.0,0.0
69932798703,0,-0.02080148085951805,-0.14620105922222137,-0.12788167595863342,-0.02080148085951805,-0.14620105922222137,-0.8278816938400269,-0.017328975722193718,0.00655400799587369,0.007293109316378832,0.0,0.0,0.0,-0.012481643818318844,-0.019522257149219513,-0.010293465107679367,0.0,0.0,-0.010293466039001942,0.064394012093544,0.05026323348283768,0.02934996411204338,0.09827778488397598,0.15551410615444183,5.098217661725357e-05,0.0,0.0,0.0,-0.23287656903266907,10.088459968566895,0.0454254150390625,9.800445556640625,0.25309303402900696,-10.0,-9.880027770996094,14.67492389678955,2.0,2.0,17.789152145385742,0.30204102396965027,0.28977540135383606,0.30357420444488525,0.29590821266174316,0.0,0.30469265580177307,0.30469265580177307,0.30469265580177307,0.30469265580177307,0.0,-0.959823727607727,0.6948122978210449,-10.72630786895752,0.0,0.0,0.0,0.0,0.0,0.0,0.0,0.0,0.0,0.0,0.0,0.0,0.0,0.0,0.0,0.30469274520874023,0.30469274520874023,0.304692804813385,0.30469274520874023,0.33220455050468445,0.04114978387951851,0.04114978387951851,0.39053526520729065,0.4118903577327728,1.074061632156372,1.191715955734253,0.0,0.0,0.0,0.0,0.0,0.0,0.0
69932837506,0,-0.02080148085951805,-0.14620105922222137,-0.12788167595863342,-0.02080148085951805,-0.14620105922222137,-0.8278816938400269,-0.017328975722193718,0.00655400799587369,0.007293109316378832,0.0,0.0,0.0,-0.012481643818318844,-0.019522257149219513,-0.010293465107679367,0.0,0.0,-0.010293466039001942,0.064394012093544,0.05026323348283768,0.02934996411204338,0.09827778488397598,0.15551410615444183,5.098217661725357e-05,0.0,0.0,0.0,-0.23287656903266907,10.088459968566895,0.0454254150390625,9.800445556640625,0.25309303402900696,-10.0,-9.880027770996094,14.67492389678955,2.0,2.0,17.789152145385742,0.30204102396965027,0.28977540135383606,0.30204102396965027,0.29590821266174316,0.0,0.30469265580177307,0.30469265580177307,0.30469265580177307,0.30469265580177307,0.0,-0.959823727607727,0.6948122978210449,-10.72630786895752,0.0,0.0,0.0,0.0,0.0,0.0,0.0,0.0,0.0,0.0,0.0,0.0,0.0,0.0,0.0,0.30469274520874023,0.30469274520874023,0.304692804813385,0.30469274520874023,0.33220455050468445,0.04114978387951851,0.04114978387951851,0.39053526520729065,0.4118903577327728,1.074061632156372,1.191715955734253,0.0,0.0,0.0,0.0,0.0,0.0,0.0
69937757919,0,-0.02080148085951805,-0.14620105922222137,-0.12788167595863342,-0.02080148085951805,-0.14620105922222137,-0.8278816938400269,-0.017328975722193718,0.00655400799587369,0.007293109316378832,0.0,0.0,0.0,-0.012481643818318844,-0.019522257149219513,-0.010293465107679367,0.0,0.0,-0.010293466039001942,0.064394012093544,0.05026323348283768,0.02934996411204338,0.09827778488397598,0.15551410615444183,5.098217661725357e-05,0.0,0.0,0.0,-0.23287656903266907,10.088459968566895,0.0454254150390625,9.800445556640625,0.25309303402900696,-10.0,-9.880027770996094,14.67492389678955,2.0,2.0,17.789152145385742,0.30357420444488525,0.28977540135383606,0.30204102396965027,0.29590821266174316,0.0,0.30469265580177307,0.30469265580177307,0.30469265580177307,0.30469265580177307,0.0,-0.959823727607727,0.6948122978210449,-10.72630786895752,0.0,0.0,0.0,0.0,0.0,0.0,0.0,0.0,0.0,0.0,0.0,0.0,0.0,0.0,0.0,0.30469274520874023,0.30469274520874023,0.304692804813385,0.30469274520874023,0.33220455050468445,0.04114978387951851,0.04114978387951851,0.39053526520729065,0.4118903577327728,1.074061632156372,1.191715955734253,0.0,0.0,0.0,0.0,0.0,0.0,0.0
69947993112,0,-0.02080148085951805,-0.14620105922222137,-0.12788167595863342,-0.02080148085951805,-0.14620105922222137,-0.8278816938400269,-0.017328975722193718,0.00655400799587369,0.007293109316378832,0.0,0.0,0.0,-0.012481643818318844,-0.019522257149219513,-0.010293465107679367,0.0,0.0,-0.010293466039001942,0.064394012093544,0.05026323348283768,0.02934996411204338,0.09827778488397598,0.15551410615444183,5.098217661725357e-05,0.0,0.0,0.0,-0.23287656903266907,10.088459968566895,0.0454254150390625,9.800445556640625,0.25309303402900696,-10.0,-9.880027770996094,14.67492389678955,2.0,2.0,17.789152145385742,0.30357420444488525,0.28977540135383606,0.30357420444488525,0.29590821266174316,0.0,0.30469265580177307,0.30469265580177307,0.30469265580177307,0.30469265580177307,0.0,-0.959823727607727,0.6948122978210449,-10.72630786895752,0.0,0.0,0.0,0.0,0.0,0.0,0.0,0.0,0.0,0.0,0.0,0.0,0.0,0.0,0.0,0.30469274520874023,0.30469274520874023,0.304692804813385,0.30469274520874023,0.33220455050468445,0.04114978387951851,0.04114978387951851,0.39053526520729065,0.4118903577327728,1.074061632156372,1.191715955734253,0.0,0.0,0.0,0.0,0.0,0.0,0.0
69957822795,0,-0.02080148085951805,-0.14620105922222137,-0.12788167595863342,-0.02080148085951805,-0.14620105922222137,-0.8278816938400269,-0.017328975722193718,0.00655400799587369,0.007293109316378832,0.0,0.0,0.0,-0.012481643818318844,-0.019522257149219513,-0.010293465107679367,0.0,0.0,-0.010293466039001942,0.064394012093544,0.05026323348283768,0.02934996411204338,0.09827778488397598,0.15551410615444183,5.098217661725357e-05,0.0,0.0,0.0,-0.23287656903266907,10.088459968566895,0.0454254150390625,9.800445556640625,0.25309303402900696,-10.0,-9.880027770996094,14.67492389678955,2.0,2.0,17.789152145385742,0.30357420444488525,0.28977540135383606,0.30357420444488525,0.29590821266174316,0.0,0.30469265580177307,0.30469265580177307,0.30469265580177307,0.30469265580177307,0.0,-0.959823727607727,0.6948122978210449,-10.72630786895752,0.0,0.0,0.0,0.0,0.0,0.0,0.0,0.0,0.0,0.0,0.0,0.0,0.0,0.0,0.0,0.30469274520874023,0.30469274520874023,0.304692804813385,0.30469274520874023,0.33220455050468445,0.04114978387951851,0.04114978387951851,0.39053526520729065,0.4118903577327728,1.074061632156372,1.191715955734253,0.0,0.0,0.0,0.0,0.0,0.0,0.0
69967829889,0,-0.02080148085951805,-0.14620105922222137,-0.12788167595863342,-0.02080148085951805,-0.14620105922222137,-0.8278816938400269,-0.017328975722193718,0.00655400799587369,0.007293109316378832,0.0,0.0,0.0,-0.012481643818318844,-0.019522257149219513,-0.010293465107679367,0.0,0.0,-0.010293466039001942,0.064394012093544,0.05026323348283768,0.02934996411204338,0.09827778488397598,0.15551410615444183,5.098217661725357e-05,0.0,0.0,0.0,-0.23287656903266907,10.088459968566895,0.0454254150390625,9.800445556640625,0.25309303402900696,-10.0,-9.880027770996094,14.67492389678955,2.0,2.0,17.789152145385742,0.30357420444488525,0.28977540135383606,0.30357420444488525,0.29590821266174316,0.0,0.30469265580177307,0.30469265580177307,0.30469265580177307,0.30469265580177307,0.0,-0.959823727607727,0.6948122978210449,-10.72630786895752,0.0,0.0,0.0,0.0,0.0,0.0,0.0,0.0,0.0,0.0,0.0,0.0,0.0,0.0,0.0,0.30469274520874023,0.30469274520874023,0.304692804813385,0.30469274520874023,0.33220455050468445,0.04114978387951851,0.04114978387951851,0.39053526520729065,0.4118903577327728,1.074061632156372,1.191715955734253,0.0,0.0,0.0,0.0,0.0,0.0,0.0
69977814245,0,-0.02080148085951805,-0.14620105922222137,-0.12788167595863342,-0.02080148085951805,-0.14620105922222137,-0.8278816938400269,-0.017328975722193718,0.00655400799587369,0.007293109316378832,0.0,0.0,0.0,-0.012481643818318844,-0.019522257149219513,-0.010293465107679367,0.0,0.0,-0.010293466039001942,0.064394012093544,0.05026323348283768,0.02934996411204338,0.09827778488397598,0.15551410615444183,5.098217661725357e-05,0.0,0.0,0.0,-0.23287656903266907,10.088459968566895,0.0454254150390625,9.800445556640625,0.25309303402900696,-10.0,-9.880027770996094,14.67492389678955,2.0,2.0,17.789152145385742,0.30357420444488525,0.28977540135383606,0.30357420444488525,0.29590821266174316,0.0,0.30469265580177307,0.30469265580177307,0.30469265580177307,0.30469265580177307,0.0,-0.959823727607727,0.6948122978210449,-10.72630786895752,0.0,0.0,0.0,0.0,0.0,0.0,0.0,0.0,0.0,0.0,0.0,0.0,0.0,0.0,0.0,0.30469274520874023,0.30469274520874023,0.304692804813385,0.30469274520874023,0.33220455050468445,0.04114978387951851,0.04114978387951851,0.39053526520729065,0.4118903577327728,1.074061632156372,1.191715955734253,0.0,0.0,0.0,0.0,0.0,0.0,0.0
69987536496,0,-0.02080148085951805,-0.14620105922222137,-0.12788167595863342,-0.02080148085951805,-0.14620105922222137,-0.8278816938400269,-0.017328975722193718,0.00655400799587369,0.007293109316378832,0.0,0.0,0.0,-0.012481643818318844,-0.019522257149219513,-0.010293465107679367,0.0,0.0,-0.010293466039001942,0.064394012093544,0.05026323348283768,0.02934996411204338,0.09827778488397598,0.15551410615444183,5.098217661725357e-05,0.0,0.0,0.0,-0.23287656903266907,10.088459968566895,0.0454254150390625,9.800445556640625,0.25309303402900696,-10.0,-9.880027770996094,14.67492389678955,2.0,2.0,17.789152145385742,0.30357420444488525,0.28977540135383606,0.30357420444488525,0.29590821266174316,0.0,0.30469265580177307,0.30469265580177307,0.30469265580177307,0.30469265580177307,0.0,-0.959823727607727,0.6948122978210449,-10.72630786895752,0.0,0.0,0.0,0.0,0.0,0.0,0.0,0.0,0.0,0.0,0.0,0.0,0.0,0.0,0.0,0.30469274520874023,0.30469274520874023,0.304692804813385,0.30469274520874023,0.33220455050468445,0.04114978387951851,0.04114978387951851,0.39053526520729065,0.4118903577327728,1.074061632156372,1.191715955734253,0.0,0.0,0.0,0.0,0.0,0.0,0.0
69998132934,0,-0.02080148085951805,-0.14620105922222137,-0.12788167595863342,-0.02080148085951805,-0.14620105922222137,-0.8278816938400269,-0.017328975722193718,0.00655400799587369,0.007293109316378832,0.0,0.0,0.0,-0.012481643818318844,-0.019522257149219513,-0.010293465107679367,0.0,0.0,-0.010293466039001942,0.064394012093544,0.05026323348283768,0.02934996411204338,0.09827778488397598,0.15551410615444183,5.098217661725357e-05,0.0,0.0,0.0,-0.23287656903266907,10.088459968566895,0.0454254150390625,9.800445556640625,0.25309303402900696,-10.0,-9.880027770996094,14.67492389678955,2.0,2.0,17.789152145385742,0.30357420444488525,0.28977540135383606,0.30357420444488525,0.29590821266174316,0.0,0.30469265580177307,0.30469265580177307,0.30469265580177307,0.30469265580177307,0.0,-0.959823727607727,0.6948122978210449,-10.72630786895752,0.0,0.0,0.0,0.0,0.0,0.0,0.0,0.0,0.0,0.0,0.0,0.0,0.0,0.0,0.0,0.30469274520874023,0.30469274520874023,0.304692804813385,0.30469274520874023,0.33220455050468445,0.04114978387951851,0.04114978387951851,0.39053526520729065,0.4118903577327728,1.074061632156372,1.191715955734253,0.0,0.0,0.0,0.0,0.0,0.0,0.0
70008617817,0,-0.02080148085951805,-0.14620105922222137,-0.12788167595863342,-0.02080148085951805,-0.14620105922222137,-0.8278816938400269,-0.017328975722193718,0.00655400799587369,0.007293109316378832,0.0,0.0,0.0,-0.012481643818318844,-0.019522257149219513,-0.010293465107679367,0.0,0.0,-0.010293466039001942,0.064394012093544,0.05026323348283768,0.02934996411204338,0.09827778488397598,0.15551410615444183,5.098217661725357e-05,0.0,0.0,0.0,-0.23287656903266907,10.088459968566895,0.0454254150390625,9.800445556640625,0.25309303402900696,-10.0,-9.880027770996094,14.67492389678955,2.0,2.0,17.789152145385742,0.30357420444488525,0.28977540135383606,0.30357420444488525,0.29744139313697815,0.0,0.30469265580177307,0.30469265580177307,0.30469265580177307,0.30469265580177307,0.0,-0.959823727607727,0.6948122978210449,-10.72630786895752,0.0,0.0,0.0,0.0,0.0,0.0,0.0,0.0,0.0,0.0,0.0,0.0,0.0,0.0,0.0,0.30469274520874023,0.30469274520874023,0.304692804813385,0.30469274520874023,0.33220455050468445,0.04114978387951851,0.04114978387951851,0.39053526520729065,0.4118903577327728,1.074061632156372,1.191715955734253,0.0,0.0,0.0,0.0,0.0,0.0,0.0
70030675099,0,-0.02080148085951805,-0.14620105922222137,-0.12788167595863342,-0.02080148085951805,-0.14620105922222137,-0.8278816938400269,-0.017328975722193718,0.00655400799587369,0.007293109316378832,0.0,0.0,0.0,-0.012481643818318844,-0.019522257149219513,-0.010293465107679367,0.0,0.0,-0.010293466039001942,0.064394012093544,0.05026323348283768,0.02934996411204338,0.09827778488397598,0.15551410615444183,5.098217661725357e-05,0.0,0.0,0.0,-0.23287656903266907,10.088459968566895,0.0454254150390625,9.800445556640625,0.25309303402900696,-10.0,-9.880027770996094,14.67492389678955,2.0,2.0,17.789152145385742,0.30357420444488525,0.28977540135383606,0.30357420444488525,0.29744139313697815,0.0,0.30469265580177307,0.30469265580177307,0.30469265580177307,0.30469265580177307,0.0,-0.959823727607727,0.6948122978210449,-10.72630786895752,0.0,0.0,0.0,0.0,0.0,0.0,0.0,0.0,0.0,0.0,0.0,0.0,0.0,0.0,0.0,0.30469274520874023,0.30469274520874023,0.304692804813385,0.30469274520874023,0.33220455050468445,0.04114978387951851,0.04114978387951851,0.39053526520729065,0.4118903577327728,1.074061632156372,1.191715955734253,0.0,0.0,0.0,0.0,0.0,0.0,0.0
70030714044,0,-0.02080148085951805,-0.14620105922222137,-0.12788167595863342,-0.02080148085951805,-0.14620105922222137,-0.8278816938400269,-0.017328975722193718,0.00655400799587369,0.007293109316378832,0.0,0.0,0.0,-0.012481643818318844,-0.019522257149219513,-0.010293465107679367,0.0,0.0,-0.010293466039001942,0.064394012093544,0.05026323348283768,0.02934996411204338,0.09827778488397598,0.15551410615444183,5.098217661725357e-05,0.0,0.0,0.0,-0.23287656903266907,10.088459968566895,0.0454254150390625,9.800445556640625,0.25309303402900696,-10.0,-9.880027770996094,14.67492389678955,2.0,2.0,17.789152145385742,0.30204102396965027,0.28977540135383606,0.30357420444488525,0.29744139313697815,0.0,0.30469265580177307,0.30469265580177307,0.30469265580177307,0.30469265580177307,0.0,-0.959823727607727,0.6948122978210449,-10.72630786895752,0.0,0.0,0.0,0.0,0.0,0.0,0.0,0.0,0.0,0.0,0.0,0.0,0.0,0.0,0.0,0.30469274520874023,0.30469274520874023,0.304692804813385,0.30469274520874023,0.33220455050468445,0.04114978387951851,0.04114978387951851,0.39053526520729065,0.4118903577327728,1.074061632156372,1.191715955734253,0.0,0.0,0.0,0.0,0.0,0.0,0.0
70040026159,0,-0.02080148085951805,-0.14620105922222137,-0.12788167595863342,-0.02080148085951805,-0.14620105922222137,-0.8278816938400269,-0.017328975722193718,0.00655400799587369,0.007293109316378832,0.0,0.0,0.0,-0.012481643818318844,-0.019522257149219513,-0.010293465107679367,0.0,0.0,-0.010293466039001942,0.064394012093544,0.05026323348283768,0.02934996411204338,0.09827778488397598,0.15551410615444183,5.098217661725357e-05,0.0,0.0,0.0,-0.23287656903266907,10.088459968566895,0.0454254150390625,9.800445556640625,0.25309303402900696,-10.0,-9.880027770996094,14.67492389678955,2.0,2.0,17.789152145385742,0.30204102396965027,0.28977540135383606,0.30357420444488525,0.29744139313697815,0.0,0.30469265580177307,0.30469265580177307,0.30469265580177307,0.30469265580177307,0.0,-0.959823727607727,0.6948122978210449,-10.72630786895752,0.0,0.0,0.0,0.0,0.0,0.0,0.0,0.0,0.0,0.0,0.0,0.0,0.0,0.0,0.0,0.30469274520874023,0.30469274520874023,0.304692804813385,0.30469274520874023,0.33220455050468445,0.04114978387951851,0.04114978387951851,0.39053526520729065,0.4118903577327728,1.074061632156372,1.191715955734253,0.0,0.0,0.0,0.0,0.0,0.0,0.0
70047603880,0,-0.02080148085951805,-0.14620105922222137,-0.12788167595863342,-0.02080148085951805,-0.14620105922222137,-0.8278816938400269,-0.017328975722193718,0.00655400799587369,0.007293109316378832,0.0,0.0,0.0,-0.012481643818318844,-0.019522257149219513,-0.010293465107679367,0.0,0.0,-0.010293466039001942,0.064394012093544,0.05026323348283768,0.02934996411204338,0.09827778488397598,0.15551410615444183,5.098217661725357e-05,0.0,0.0,0.0,-0.23287656903266907,10.088459968566895,0.0454254150390625,9.800445556640625,0.25309303402900696,-10.0,-9.880027770996094,14.67492389678955,2.0,2.0,17.789152145385742,0.30204102396965027,0.28977540135383606,0.30357420444488525,0.29744139313697815,0.0,0.30469265580177307,0.30469265580177307,0.30469265580177307,0.30469265580177307,0.0,-0.959823727607727,0.6948122978210449,-10.72630786895752,0.0,0.0,0.0,0.0,0.0,0.0,0.0,0.0,0.0,0.0,0.0,0.0,0.0,0.0,0.0,0.30469274520874023,0.30469274520874023,0.304692804813385,0.30469274520874023,0.33220455050468445,0.04114978387951851,0.04114978387951851,0.39053526520729065,0.4118903577327728,1.074061632156372,1.191715955734253,0.0,0.0,0.0,0.0,0.0,0.0,0.0
70059485310,0,-0.02080148085951805,-0.14620105922222137,-0.12788167595863342,-0.02080148085951805,-0.14620105922222137,-0.8278816938400269,-0.017328975722193718,0.00655400799587369,0.007293109316378832,0.0,0.0,0.0,-0.012481643818318844,-0.019522257149219513,-0.010293465107679367,0.0,0.0,-0.010293466039001942,0.064394012093544,0.05026323348283768,0.02934996411204338,0.09827778488397598,0.15551410615444183,5.098217661725357e-05,0.0,0.0,0.0,-0.23287656903266907,10.088459968566895,0.0454254150390625,9.800445556640625,0.25309303402900696,-10.0,-9.880027770996094,14.67492389678955,2.0,2.0,17.789152145385742,0.30204102396965027,0.28977540135383606,0.30357420444488525,0.29744139313697815,0.0,0.30469265580177307,0.30469265580177307,0.30469265580177307,0.30469265580177307,0.0,-0.959823727607727,0.6948122978210449,-10.72630786895752,0.0,0.0,0.0,0.0,0.0,0.0,0.0,0.0,0.0,0.0,0.0,0.0,0.0,0.0,0.0,0.30469274520874023,0.30469274520874023,0.304692804813385,0.30469274520874023,0.33220455050468445,0.04114978387951851,0.04114978387951851,0.39053526520729065,0.4118903577327728,1.074061632156372,1.191715955734253,0.0,0.0,0.0,0.0,0.0,0.0,0.0
70067728105,0,-0.02080148085951805,-0.14620105922222137,-0.12788167595863342,-0.02080148085951805,-0.14620105922222137,-0.8278816938400269,-0.017328975722193718,0.00655400799587369,0.007293109316378832,0.0,0.0,0.0,-0.012481643818318844,-0.019522257149219513,-0.010293465107679367,0.0,0.0,-0.010293466039001942,0.064394012093544,0.05026323348283768,0.02934996411204338,0.09827778488397598,0.15551410615444183,5.098217661725357e-05,0.0,0.0,0.0,-0.23287656903266907,10.088459968566895,0.0454254150390625,9.800445556640625,0.25309303402900696,-10.0,-9.880027770996094,14.67492389678955,2.0,2.0,17.789152145385742,0.30204102396965027,0.28977540135383606,0.30357420444488525,0.29744139313697815,0.0,0.30469265580177307,0.30469265580177307,0.30469265580177307,0.30469265580177307,0.0,-0.959823727607727,0.6948122978210449,-10.72630786895752,0.0,0.0,0.0,0.0,0.0,0.0,0.0,0.0,0.0,0.0,0.0,0.0,0.0,0.0,0.0,0.30469274520874023,0.30469274520874023,0.304692804813385,0.30469274520874023,0.33220455050468445,0.04114978387951851,0.04114978387951851,0.39053526520729065,0.4118903577327728,1.074061632156372,1.191715955734253,0.0,0.0,0.0,0.0,0.0,0.0,0.0
70077840127,0,-0.02080148085951805,-0.14620105922222137,-0.12788167595863342,-0.02080148085951805,-0.14620105922222137,-0.8278816938400269,-0.017328975722193718,0.00655400799587369,0.007293109316378832,0.0,0.0,0.0,-0.012481643818318844,-0.019522257149219513,-0.010293465107679367,0.0,0.0,-0.010293466039001942,0.064394012093544,0.05026323348283768,0.02934996411204338,0.09827778488397598,0.15551410615444183,5.098217661725357e-05,0.0,0.0,0.0,-0.23287656903266907,10.088459968566895,0.0454254150390625,9.800445556640625,0.25309303402900696,-10.0,-9.880027770996094,14.67492389678955,2.0,2.0,17.789152145385742,0.30204102396965027,0.28977540135383606,0.30357420444488525,0.29744139313697815,0.0,0.30469265580177307,0.30469265580177307,0.30469265580177307,0.30469265580177307,0.0,-0.959823727607727,0.6948122978210449,-10.72630786895752,0.0,0.0,0.0,0.0,0.0,0.0,0.0,0.0,0.0,0.0,0.0,0.0,0.0,0.0,0.0,0.30469274520874023,0.30469274520874023,0.304692804813385,0.30469274520874023,0.33220455050468445,0.04114978387951851,0.04114978387951851,0.39053526520729065,0.4118903577327728,1.074061632156372,1.191715955734253,0.0,0.0,0.0,0.0,0.0,0.0,0.0
70088468767,0,-0.02080148085951805,-0.14620105922222137,-0.12788167595863342,-0.02080148085951805,-0.14620105922222137,-0.8278816938400269,-0.017328975722193718,0.00655400799587369,0.007293109316378832,0.0,0.0,0.0,-0.012481643818318844,-0.019522257149219513,-0.010293465107679367,0.0,0.0,-0.010293466039001942,0.064394012093544,0.05026323348283768,0.02934996411204338,0.09827778488397598,0.15551410615444183,5.098217661725357e-05,0.0,0.0,0.0,-0.23287656903266907,10.088459968566895,0.0454254150390625,9.800445556640625,0.25309303402900696,-10.0,-9.880027770996094,14.67492389678955,2.0,2.0,17.789152145385742,0.30357420444488525,0.28977540135383606,0.30357420444488525,0.29744139313697815,0.0,0.30469265580177307,0.30469265580177307,0.30469265580177307,0.30469265580177307,0.0,-0.959823727607727,0.6948122978210449,-10.72630786895752,0.0,0.0,0.0,0.0,0.0,0.0,0.0,0.0,0.0,0.0,0.0,0.0,0.0,0.0,0.0,0.30469274520874023,0.30469274520874023,0.304692804813385,0.30469274520874023,0.33220455050468445,0.04114978387951851,0.04114978387951851,0.39053526520729065,0.4118903577327728,1.074061632156372,1.191715955734253,0.0,0.0,0.0,0.0,0.0,0.0,0.0
70099030430,0,-0.02080148085951805,-0.14620105922222137,-0.12788167595863342,-0.02080148085951805,-0.14620105922222137,-0.8278816938400269,-0.017328975722193718,0.00655400799587369,0.007293109316378832,0.0,0.0,0.0,-0.012481643818318844,-0.019522257149219513,-0.010293465107679367,0.0,0.0,-0.010293466039001942,0.064394012093544,0.05026323348283768,0.02934996411204338,0.09827778488397598,0.15551410615444183,5.098217661725357e-05,0.0,0.0,0.0,-0.23287656903266907,10.088459968566895,0.0454254150390625,9.800445556640625,0.25309303402900696,-10.0,-9.880027770996094,14.67492389678955,2.0,2.0,17.789152145385742,0.30357420444488525,0.28977540135383606,0.30357420444488525,0.29744139313697815,0.0,0.30469265580177307,0.30469265580177307,0.30469265580177307,0.30469265580177307,0.0,-0.959823727607727,0.6948122978210449,-10.72630786895752,0.0,0.0,0.0,0.0,0.0,0.0,0.0,0.0,0.0,0.0,0.0,0.0,0.0,0.0,0.0,0.30469274520874023,0.30469274520874023,0.304692804813385,0.30469274520874023,0.33220455050468445,0.04114978387951851,0.04114978387951851,0.39053526520729065,0.4118903577327728,1.074061632156372,1.191715955734253,0.0,0.0,0.0,0.0,0.0,0.0,0.0
70107963188,0,-0.02080148085951805,-0.14620105922222137,-0.12788167595863342,-0.02080148085951805,-0.14620105922222137,-0.8278816938400269,-0.017328975722193718,0.00655400799587369,0.007293109316378832,0.0,0.0,0.0,-0.012481643818318844,-0.019522257149219513,-0.010293465107679367,0.0,0.0,-0.010293466039001942,0.064394012093544,0.05026323348283768,0.02934996411204338,0.09827778488397598,0.15551410615444183,5.098217661725357e-05,0.0,0.0,0.0,-0.23287656903266907,10.088459968566895,0.0454254150390625,9.800445556640625,0.25309303402900696,-10.0,-9.880027770996094,14.67492389678955,2.0,2.0,17.789152145385742,0.30357420444488525,0.28977540135383606,0.30357420444488525,0.29744139313697815,0.0,0.30469265580177307,0.30469265580177307,0.30469265580177307,0.30469265580177307,0.0,-0.959823727607727,0.6948122978210449,-10.72630786895752,0.0,0.0,0.0,0.0,0.0,0.0,0.0,0.0,0.0,0.0,0.0,0.0,0.0,0.0,0.0,0.30469274520874023,0.30469274520874023,0.304692804813385,0.30469274520874023,0.33220455050468445,0.04114978387951851,0.04114978387951851,0.39053526520729065,0.4118903577327728,1.074061632156372,1.191715955734253,0.0,0.0,0.0,0.0,0.0,0.0,0.0
70117953900,0,-0.02080148085951805,-0.14620105922222137,-0.12788167595863342,-0.02080148085951805,-0.14620105922222137,-0.8278816938400269,-0.017328975722193718,0.00655400799587369,0.007293109316378832,0.0,0.0,0.0,-0.012481643818318844,-0.019522257149219513,-0.010293465107679367,0.0,0.0,-0.010293466039001942,0.064394012093544,0.05026323348283768,0.02934996411204338,0.09827778488397598,0.15551410615444183,5.098217661725357e-05,0.0,0.0,0.0,-0.23287656903266907,10.088459968566895,0.0454254150390625,9.800445556640625,0.25309303402900696,-10.0,-9.880027770996094,14.67492389678955,2.0,2.0,17.789152145385742,0.30357420444488525,0.28977540135383606,0.30357420444488525,0.29744139313697815,0.0,0.30469265580177307,0.30469265580177307,0.30469265580177307,0.30469265580177307,0.0,-0.959823727607727,0.6948122978210449,-10.72630786895752,0.0,0.0,0.0,0.0,0.0,0.0,0.0,0.0,0.0,0.0,0.0,0.0,0.0,0.0,0.0,0.30469274520874023,0.30469274520874023,0.304692804813385,0.30469274520874023,0.33220455050468445,0.04114978387951851,0.04114978387951851,0.39053526520729065,0.4118903577327728,1.074061632156372,1.191715955734253,0.0,0.0,0.0,0.0,0.0,0.0,0.0
70127675041,0,-0.02080148085951805,-0.14620105922222137,-0.12788167595863342,-0.02080148085951805,-0.14620105922222137,-0.8278816938400269,-0.017328975722193718,0.00655400799587369,0.007293109316378832,0.0,0.0,0.0,-0.012481643818318844,-0.019522257149219513,-0.010293465107679367,0.0,0.0,-0.010293466039001942,0.064394012093544,0.05026323348283768,0.02934996411204338,0.09827778488397598,0.15551410615444183,5.098217661725357e-05,0.0,0.0,0.0,-0.23287656903266907,10.088459968566895,0.0454254150390625,9.800445556640625,0.25309303402900696,-10.0,-9.880027770996094,14.67492389678955,2.0,2.0,17.789152145385742,0.30357420444488525,0.28977540135383606,0.30357420444488525,0.29744139313697815,0.0,0.30469265580177307,0.30469265580177307,0.30469265580177307,0.30469265580177307,0.0,-0.959823727607727,0.6948122978210449,-10.72630786895752,0.0,0.0,0.0,0.0,0.0,0.0,0.0,0.0,0.0,0.0,0.0,0.0,0.0,0.0,0.0,0.30469274520874023,0.30469274520874023,0.304692804813385,0.30469274520874023,0.33220455050468445,0.04114978387951851,0.04114978387951851,0.39053526520729065,0.4118903577327728,1.074061632156372,1.191715955734253,0.0,0.0,0.0,0.0,0.0,0.0,0.0
70139309908,0,-0.02080148085951805,-0.14620105922222137,-0.12788167595863342,-0.02080148085951805,-0.14620105922222137,-0.8278816938400269,-0.017328975722193718,0.00655400799587369,0.007293109316378832,0.0,0.0,0.0,-0.012481643818318844,-0.019522257149219513,-0.010293465107679367,0.0,0.0,-0.010293466039001942,0.064394012093544,0.05026323348283768,0.02934996411204338,0.09827778488397598,0.15551410615444183,5.098217661725357e-05,0.0,0.0,0.0,-0.23287656903266907,10.088459968566895,0.0454254150390625,9.800445556640625,0.25309303402900696,-10.0,-9.880027770996094,14.67492389678955,2.0,2.0,17.789152145385742,0.3051074147224426,0.28977540135383606,0.30357420444488525,0.29744139313697815,0.0,0.30469265580177307,0.30469265580177307,0.30469265580177307,0.30469265580177307,0.0,-0.959823727607727,0.6948122978210449,-10.72630786895752,0.0,0.0,0.0,0.0,0.0,0.0,0.0,0.0,0.0,0.0,0.0,0.0,0.0,0.0,0.0,0.30469274520874023,0.30469274520874023,0.304692804813385,0.30469274520874023,0.33220455050468445,0.04114978387951851,0.04114978387951851,0.39053526520729065,0.4118903577327728,1.074061632156372,1.191715955734253,0.0,0.0,0.0,0.0,0.0,0.0,0.0
70148743331,0,-0.02080148085951805,-0.14620105922222137,-0.12788167595863342,-0.02080148085951805,-0.14620105922222137,-0.8278816938400269,-0.017328975722193718,0.00655400799587369,0.007293109316378832,0.0,0.0,0.0,-0.012481643818318844,-0.019522257149219513,-0.010293465107679367,0.0,0.0,-0.010293466039001942,0.064394012093544,0.05026323348283768,0.02934996411204338,0.09827778488397598,0.15551410615444183,5.098217661725357e-05,0.0,0.0,0.0,-0.23287656903266907,10.088459968566895,0.0454254150390625,9.800445556640625,0.25309303402900696,-10.0,-9.880027770996094,14.67492389678955,2.0,2.0,17.789152145385742,0.3051074147224426,0.28977540135383606,0.30357420444488525,0.29744139313697815,0.0,0.30469265580177307,0.30469265580177307,0.30469265580177307,0.30469265580177307,0.0,-0.959823727607727,0.6948122978210449,-10.72630786895752,0.0,0.0,0.0,0.0,0.0,0.0,0.0,0.0,0.0,0.0,0.0,0.0,0.0,0.0,0.0,0.30469274520874023,0.30469274520874023,0.304692804813385,0.30469274520874023,0.33220455050468445,0.04114978387951851,0.04114978387951851,0.39053526520729065,0.4118903577327728,1.074061632156372,1.191715955734253,0.0,0.0,0.0,0.0,0.0,0.0,0.0
70158682752,0,-0.02080148085951805,-0.14620105922222137,-0.12788167595863342,-0.02080148085951805,-0.14620105922222137,-0.8278816938400269,-0.017328975722193718,0.00655400799587369,0.007293109316378832,0.0,0.0,0.0,-0.012481643818318844,-0.019522257149219513,-0.010293465107679367,0.0,0.0,-0.010293466039001942,0.064394012093544,0.05026323348283768,0.02934996411204338,0.09827778488397598,0.15551410615444183,5.098217661725357e-05,0.0,0.0,0.0,-0.23287656903266907,10.088459968566895,0.0454254150390625,9.800445556640625,0.25309303402900696,-10.0,-9.880027770996094,14.67492389678955,2.0,2.0,17.789152145385742,0.3051074147224426,0.28977540135383606,0.30204102396965027,0.29590821266174316,0.0,0.30469265580177307,0.30469265580177307,0.30469265580177307,0.30469265580177307,0.0,-0.959823727607727,0.6948122978210449,-10.72630786895752,0.0,0.0,0.0,0.0,0.0,0.0,0.0,0.0,0.0,0.0,0.0,0.0,0.0,0.0,0.0,0.30469274520874023,0.30469274520874023,0.304692804813385,0.30469274520874023,0.33220455050468445,0.04114978387951851,0.04114978387951851,0.39053526520729065,0.4118903577327728,1.074061632156372,1.191715955734253,0.0,0.0,0.0,0.0,0.0,0.0,0.0
70171669084,0,-0.02080148085951805,-0.14620105922222137,-0.12788167595863342,-0.02080148085951805,-0.14620105922222137,-0.8278816938400269,-0.017328975722193718,0.00655400799587369,0.007293109316378832,0.0,0.0,0.0,-0.012481643818318844,-0.019522257149219513,-0.010293465107679367,0.0,0.0,-0.010293466039001942,0.064394012093544,0.05026323348283768,0.02934996411204338,0.09827778488397598,0.15551410615444183,5.098217661725357e-05,0.0,0.0,0.0,-0.23287656903266907,10.088459968566895,0.0454254150390625,9.800445556640625,0.25309303402900696,-10.0,-9.880027770996094,14.67492389678955,2.0,2.0,17.789152145385742,0.3051074147224426,0.28977540135383606,0.30357420444488525,0.29590821266174316,0.0,0.30469265580177307,0.30469265580177307,0.30469265580177307,0.30469265580177307,0.0,-0.959823727607727,0.6948122978210449,-10.72630786895752,0.0,0.0,0.0,0.0,0.0,0.0,0.0,0.0,0.0,0.0,0.0,0.0,0.0,0.0,0.0,0.30469274520874023,0.30469274520874023,0.304692804813385,0.30469274520874023,0.33220455050468445,0.04114978387951851,0.04114978387951851,0.39053526520729065,0.4118903577327728,1.074061632156372,1.191715955734253,0.0,0.0,0.0,0.0,0.0,0.0,0.0
70181150554,0,-0.02080148085951805,-0.14620105922222137,-0.12788167595863342,-0.02080148085951805,-0.14620105922222137,-0.8278816938400269,-0.017328975722193718,0.00655400799587369,0.007293109316378832,0.0,0.0,0.0,-0.012481643818318844,-0.019522257149219513,-0.010293465107679367,0.0,0.0,-0.010293466039001942,0.064394012093544,0.05026323348283768,0.02934996411204338,0.09827778488397598,0.15551410615444183,5.098217661725357e-05,0.0,0.0,0.0,-0.23287656903266907,10.088459968566895,0.0454254150390625,9.800445556640625,0.25309303402900696,-10.0,-9.880027770996094,14.67492389678955,2.0,2.0,17.789152145385742,0.30357420444488525,0.28977540135383606,0.30357420444488525,0.29590821266174316,0.0,0.30469265580177307,0.30469265580177307,0.30469265580177307,0.30469265580177307,0.0,-0.959823727607727,0.6948122978210449,-10.72630786895752,0.0,0.0,0.0,0.0,0.0,0.0,0.0,0.0,0.0,0.0,0.0,0.0,0.0,0.0,0.0,0.30469274520874023,0.30469274520874023,0.304692804813385,0.30469274520874023,0.33220455050468445,0.04114978387951851,0.04114978387951851,0.39053526520729065,0.4118903577327728,1.074061632156372,1.191715955734253,0.0,0.0,0.0,0.0,0.0,0.0,0.0
70190291472,0,-0.02080148085951805,-0.14620105922222137,-0.12788167595863342,-0.02080148085951805,-0.14620105922222137,-0.8278816938400269,-0.017328975722193718,0.00655400799587369,0.007293109316378832,0.0,0.0,0.0,-0.012481643818318844,-0.019522257149219513,-0.010293465107679367,0.0,0.0,-0.010293466039001942,0.064394012093544,0.05026323348283768,0.02934996411204338,0.09827778488397598,0.15551410615444183,5.098217661725357e-05,0.0,0.0,0.0,-0.23287656903266907,10.088459968566895,0.0454254150390625,9.800445556640625,0.25309303402900696,-10.0,-9.880027770996094,14.67492389678955,2.0,2.0,17.789152145385742,0.30204102396965027,0.28977540135383606,0.30357420444488525,0.29590821266174316,0.0,0.30469265580177307,0.30469265580177307,0.30469265580177307,0.30469265580177307,0.0,-0.959823727607727,0.6948122978210449,-10.72630786895752,0.0,0.0,0.0,0.0,0.0,0.0,0.0,0.0,0.0,0.0,0.0,0.0,0.0,0.0,0.0,0.30469274520874023,0.30469274520874023,0.304692804813385,0.30469274520874023,0.33220455050468445,0.04114978387951851,0.04114978387951851,0.39053526520729065,0.4118903577327728,1.074061632156372,1.191715955734253,0.0,0.0,0.0,0.0,0.0,0.0,0.0
70197721482,0,-0.02080148085951805,-0.14620105922222137,-0.12788167595863342,-0.02080148085951805,-0.14620105922222137,-0.8278816938400269,-0.017328975722193718,0.00655400799587369,0.007293109316378832,0.0,0.0,0.0,-0.012481643818318844,-0.019522257149219513,-0.010293465107679367,0.0,0.0,-0.010293466039001942,0.064394012093544,0.05026323348283768,0.02934996411204338,0.09827778488397598,0.15551410615444183,5.098217661725357e-05,0.0,0.0,0.0,-0.23287656903266907,10.088459968566895,0.0454254150390625,9.800445556640625,0.25309303402900696,-10.0,-9.880027770996094,14.67492389678955,2.0,2.0,17.789152145385742,0.3005078136920929,0.28977540135383606,0.30357420444488525,0.29590821266174316,0.0,0.30469265580177307,0.30469265580177307,0.30469265580177307,0.30469265580177307,0.0,-0.959823727607727,0.6948122978210449,-10.72630786895752,0.0,0.0,0.0,0.0,0.0,0.0,0.0,0.0,0.0,0.0,0.0,0.0,0.0,0.0,0.0,0.30469274520874023,0.30469274520874023,0.304692804813385,0.30469274520874023,0.33220455050468445,0.04114978387951851,0.04114978387951851,0.39053526520729065,0.4118903577327728,1.074061632156372,1.191715955734253,0.0,0.0,0.0,0.0,0.0,0.0,0.0
70207751346,0,-0.02080148085951805,-0.14620105922222137,-0.12788167595863342,-0.02080148085951805,-0.14620105922222137,-0.8278816938400269,-0.017328975722193718,0.00655400799587369,0.007293109316378832,0.0,0.0,0.0,-0.012481643818318844,-0.019522257149219513,-0.010293465107679367,0.0,0.0,-0.010293466039001942,0.064394012093544,0.05026323348283768,0.02934996411204338,0.09827778488397598,0.15551410615444183,5.098217661725357e-05,0.0,0.0,0.0,-0.23287656903266907,10.088459968566895,0.0454254150390625,9.800445556640625,0.25309303402900696,-10.0,-9.880027770996094,14.67492389678955,2.0,2.0,17.789152145385742,0.3005078136920929,0.28977540135383606,0.30357420444488525,0.29590821266174316,0.0,0.30469265580177307,0.30469265580177307,0.30469265580177307,0.30469265580177307,0.0,-0.959823727607727,0.6948122978210449,-10.72630786895752,0.0,0.0,0.0,0.0,0.0,0.0,0.0,0.0,0.0,0.0,0.0,0.0,0.0,0.0,0.0,0.30469274520874023,0.30469274520874023,0.304692804813385,0.30469274520874023,0.33220455050468445,0.04114978387951851,0.04114978387951851,0.39053526520729065,0.4118903577327728,1.074061632156372,1.191715955734253,0.0,0.0,0.0,0.0,0.0,0.0,0.0
70219553412,0,-0.02080148085951805,-0.14620105922222137,-0.12788167595863342,-0.02080148085951805,-0.14620105922222137,-0.8278816938400269,-0.017328975722193718,0.00655400799587369,0.007293109316378832,0.0,0.0,0.0,-0.012481643818318844,-0.019522257149219513,-0.010293465107679367,0.0,0.0,-0.010293466039001942,0.064394012093544,0.05026323348283768,0.02934996411204338,0.09827778488397598,0.15551410615444183,5.098217661725357e-05,0.0,0.0,0.0,-0.23287656903266907,10.088459968566895,0.0454254150390625,9.800445556640625,0.25309303402900696,-10.0,-9.880027770996094,14.67492389678955,2.0,2.0,17.789152145385742,0.3005078136920929,0.28977540135383606,0.30357420444488525,0.29744139313697815,0.0,0.30469265580177307,0.30469265580177307,0.30469265580177307,0.30469265580177307,0.0,-0.959823727607727,0.6948122978210449,-10.72630786895752,0.0,0.0,0.0,0.0,0.0,0.0,0.0,0.0,0.0,0.0,0.0,0.0,0.0,0.0,0.0,0.30469274520874023,0.30469274520874023,0.304692804813385,0.30469274520874023,0.33220455050468445,0.04114978387951851,0.04114978387951851,0.39053526520729065,0.4118903577327728,1.074061632156372,1.191715955734253,0.0,0.0,0.0,0.0,0.0,0.0,0.0
70227830770,0,-0.02080148085951805,-0.14620105922222137,-0.12788167595863342,-0.02080148085951805,-0.14620105922222137,-0.8278816938400269,-0.017328975722193718,0.00655400799587369,0.007293109316378832,0.0,0.0,0.0,-0.012481643818318844,-0.019522257149219513,-0.010293465107679367,0.0,0.0,-0.010293466039001942,0.064394012093544,0.05026323348283768,0.02934996411204338,0.09827778488397598,0.15551410615444183,5.098217661725357e-05,0.0,0.0,0.0,-0.23287656903266907,10.088459968566895,0.0454254150390625,9.800445556640625,0.25309303402900696,-10.0,-9.880027770996094,14.67492389678955,2.0,2.0,17.789152145385742,0.3005078136920929,0.28977540135383606,0.30357420444488525,0.29590821266174316,0.0,0.30469265580177307,0.30469265580177307,0.30469265580177307,0.30469265580177307,0.0,-0.959823727607727,0.6948122978210449,-10.72630786895752,0.0,0.0,0.0,0.0,0.0,0.0,0.0,0.0,0.0,0.0,0.0,0.0,0.0,0.0,0.0,0.30469274520874023,0.30469274520874023,0.304692804813385,0.30469274520874023,0.33220455050468445,0.04114978387951851,0.04114978387951851,0.39053526520729065,0.4118903577327728,1.074061632156372,1.191715955734253,0.0,0.0,0.0,0.0,0.0,0.0,0.0
70237591037,0,-0.02080148085951805,-0.14620105922222137,-0.12788167595863342,-0.02080148085951805,-0.14620105922222137,-0.8278816938400269,-0.017328975722193718,0.00655400799587369,0.007293109316378832,0.0,0.0,0.0,-0.012481643818318844,-0.019522257149219513,-0.010293465107679367,0.0,0.0,-0.010293466039001942,0.064394012093544,0.05026323348283768,0.02934996411204338,0.09827778488397598,0.15551410615444183,5.098217661725357e-05,0.0,0.0,0.0,-0.23287656903266907,10.088459968566895,0.0454254150390625,9.800445556640625,0.25309303402900696,-10.0,-9.880027770996094,14.67492389678955,2.0,2.0,17.789152145385742,0.3005078136920929,0.28977540135383606,0.30357420444488525,0.29590821266174316,0.0,0.30469265580177307,0.30469265580177307,0.30469265580177307,0.30469265580177307,0.0,-0.959823727607727,0.6948122978210449,-10.72630786895752,0.0,0.0,0.0,0.0,0.0,0.0,0.0,0.0,0.0,0.0,0.0,0.0,0.0,0.0,0.0,0.30469274520874023,0.30469274520874023,0.304692804813385,0.30469274520874023,0.33220455050468445,0.04114978387951851,0.04114978387951851,0.39053526520729065,0.4118903577327728,1.074061632156372,1.191715955734253,0.0,0.0,0.0,0.0,0.0,0.0,0.0
70247513509,0,-0.02080148085951805,-0.14620105922222137,-0.12788167595863342,-0.02080148085951805,-0.14620105922222137,-0.8278816938400269,-0.017328975722193718,0.00655400799587369,0.007293109316378832,0.0,0.0,0.0,-0.012481643818318844,-0.019522257149219513,-0.010293465107679367,0.0,0.0,-0.010293466039001942,0.064394012093544,0.05026323348283768,0.02934996411204338,0.09827778488397598,0.15551410615444183,5.098217661725357e-05,0.0,0.0,0.0,-0.23287656903266907,10.088459968566895,0.0454254150390625,9.800445556640625,0.25309303402900696,-10.0,-9.880027770996094,14.67492389678955,2.0,2.0,17.789152145385742,0.30204102396965027,0.28977540135383606,0.30357420444488525,0.29590821266174316,0.0,0.30469265580177307,0.30469265580177307,0.30469265580177307,0.30469265580177307,0.0,-0.959823727607727,0.6948122978210449,-10.72630786895752,0.0,0.0,0.0,0.0,0.0,0.0,0.0,0.0,0.0,0.0,0.0,0.0,0.0,0.0,0.0,0.30469274520874023,0.30469274520874023,0.304692804813385,0.30469274520874023,0.33220455050468445,0.04114978387951851,0.04114978387951851,0.39053526520729065,0.4118903577327728,1.074061632156372,1.191715955734253,0.0,0.0,0.0,0.0,0.0,0.0,0.0
70261559466,0,-0.02080148085951805,-0.14620105922222137,-0.12788167595863342,-0.02080148085951805,-0.14620105922222137,-0.8278816938400269,-0.017328975722193718,0.00655400799587369,0.007293109316378832,0.0,0.0,0.0,-0.012481643818318844,-0.019522257149219513,-0.010293465107679367,0.0,0.0,-0.010293466039001942,0.064394012093544,0.05026323348283768,0.02934996411204338,0.09827778488397598,0.15551410615444183,5.098217661725357e-05,0.0,0.0,0.0,-0.23287656903266907,10.088459968566895,0.0454254150390625,9.800445556640625,0.25309303402900696,-10.0,-9.880027770996094,14.67492389678955,2.0,2.0,17.789152145385742,0.30204102396965027,0.28977540135383606,0.30357420444488525,0.29744139313697815,0.0,0.30469265580177307,0.30469265580177307,0.30469265580177307,0.30469265580177307,0.0,-0.959823727607727,0.6948122978210449,-10.72630786895752,0.0,0.0,0.0,0.0,0.0,0.0,0.0,0.0,0.0,0.0,0.0,0.0,0.0,0.0,0.0,0.30469274520874023,0.30469274520874023,0.304692804813385,0.30469274520874023,0.33220455050468445,0.04114978387951851,0.04114978387951851,0.39053526520729065,0.4118903577327728,1.074061632156372,1.191715955734253,0.0,0.0,0.0,0.0,0.0,0.0,0.0
70279602851,0,-0.02080148085951805,-0.14620105922222137,-0.12788167595863342,-0.02080148085951805,-0.14620105922222137,-0.8278816938400269,-0.017328975722193718,0.00655400799587369,0.007293109316378832,0.0,0.0,0.0,-0.012481643818318844,-0.019522257149219513,-0.010293465107679367,0.0,0.0,-0.010293466039001942,0.064394012093544,0.05026323348283768,0.02934996411204338,0.09827778488397598,0.15551410615444183,5.098217661725357e-05,0.0,0.0,0.0,-0.23287656903266907,10.088459968566895,0.0454254150390625,9.800445556640625,0.25309303402900696,-10.0,-9.880027770996094,14.67492389678955,2.0,2.0,17.789152145385742,0.30204102396965027,0.28977540135383606,0.30357420444488525,0.29744139313697815,0.0,0.30469265580177307,0.30469265580177307,0.30469265580177307,0.30469265580177307,0.0,-0.959823727607727,0.6948122978210449,-10.72630786895752,0.0,0.0,0.0,0.0,0.0,0.0,0.0,0.0,0.0,0.0,0.0,0.0,0.0,0.0,0.0,0.30469274520874023,0.30469274520874023,0.304692804813385,0.30469274520874023,0.33220455050468445,0.04114978387951851,0.04114978387951851,0.39053526520729065,0.4118903577327728,1.074061632156372,1.191715955734253,0.0,0.0,0.0,0.0,0.0,0.0,0.0
70279643013,0,-0.02080148085951805,-0.14620105922222137,-0.12788167595863342,-0.02080148085951805,-0.14620105922222137,-0.8278816938400269,-0.017328975722193718,0.00655400799587369,0.007293109316378832,0.0,0.0,0.0,-0.012481643818318844,-0.019522257149219513,-0.010293465107679367,0.0,0.0,-0.010293466039001942,0.064394012093544,0.05026323348283768,0.02934996411204338,0.09827778488397598,0.15551410615444183,5.098217661725357e-05,0.0,0.0,0.0,-0.23287656903266907,10.088459968566895,0.0454254150390625,9.800445556640625,0.25309303402900696,-10.0,-9.880027770996094,14.67492389678955,2.0,2.0,17.789152145385742,0.30204102396965027,0.28977540135383606,0.30357420444488525,0.29744139313697815,0.0,0.30469265580177307,0.30469265580177307,0.30469265580177307,0.30469265580177307,0.0,-0.959823727607727,0.6948122978210449,-10.72630786895752,0.0,0.0,0.0,0.0,0.0,0.0,0.0,0.0,0.0,0.0,0.0,0.0,0.0,0.0,0.0,0.30469274520874023,0.30469274520874023,0.304692804813385,0.30469274520874023,0.33220455050468445,0.04114978387951851,0.04114978387951851,0.39053526520729065,0.4118903577327728,1.074061632156372,1.191715955734253,0.0,0.0,0.0,0.0,0.0,0.0,0.0
70287522003,0,-0.02080148085951805,-0.14620105922222137,-0.12788167595863342,-0.02080148085951805,-0.14620105922222137,-0.8278816938400269,-0.017328975722193718,0.00655400799587369,0.007293109316378832,0.0,0.0,0.0,-0.012481643818318844,-0.019522257149219513,-0.010293465107679367,0.0,0.0,-0.010293466039001942,0.064394012093544,0.05026323348283768,0.02934996411204338,0.09827778488397598,0.15551410615444183,5.098217661725357e-05,0.0,0.0,0.0,-0.23287656903266907,10.088459968566895,0.0454254150390625,9.800445556640625,0.25309303402900696,-10.0,-9.880027770996094,14.67492389678955,2.0,2.0,17.789152145385742,0.30204102396965027,0.28977540135383606,0.30357420444488525,0.29744139313697815,0.0,0.30469265580177307,0.30469265580177307,0.30469265580177307,0.30469265580177307,0.0,-0.959823727607727,0.6948122978210449,-10.72630786895752,0.0,0.0,0.0,0.0,0.0,0.0,0.0,0.0,0.0,0.0,0.0,0.0,0.0,0.0,0.0,0.30469274520874023,0.30469274520874023,0.304692804813385,0.30469274520874023,0.33220455050468445,0.04114978387951851,0.04114978387951851,0.39053526520729065,0.4118903577327728,1.074061632156372,1.191715955734253,0.0,0.0,0.0,0.0,0.0,0.0,0.0
70297840331,0,-0.02080148085951805,-0.14620105922222137,-0.12788167595863342,-0.02080148085951805,-0.14620105922222137,-0.8278816938400269,-0.017328975722193718,0.00655400799587369,0.007293109316378832,0.0,0.0,0.0,-0.012481643818318844,-0.019522257149219513,-0.010293465107679367,0.0,0.0,-0.010293466039001942,0.064394012093544,0.05026323348283768,0.02934996411204338,0.09827778488397598,0.15551410615444183,5.098217661725357e-05,0.0,0.0,0.0,-0.23287656903266907,10.088459968566895,0.0454254150390625,9.800445556640625,0.25309303402900696,-10.0,-9.880027770996094,14.67492389678955,2.0,2.0,17.789152145385742,0.30357420444488525,0.28977540135383606,0.30357420444488525,0.29744139313697815,0.0,0.30469265580177307,0.30469265580177307,0.30469265580177307,0.30469265580177307,0.0,-0.959823727607727,0.6948122978210449,-10.72630786895752,0.0,0.0,0.0,0.0,0.0,0.0,0.0,0.0,0.0,0.0,0.0,0.0,0.0,0.0,0.0,0.30469274520874023,0.30469274520874023,0.304692804813385,0.30469274520874023,0.33220455050468445,0.04114978387951851,0.04114978387951851,0.39053526520729065,0.4118903577327728,1.074061632156372,1.191715955734253,0.0,0.0,0.0,0.0,0.0,0.0,0.0
70323435378,0,-0.02080148085951805,-0.14620105922222137,-0.12788167595863342,-0.02080148085951805,-0.14620105922222137,-0.8278816938400269,-0.017328975722193718,0.00655400799587369,0.007293109316378832,0.0,0.0,0.0,-0.012481643818318844,-0.019522257149219513,-0.010293465107679367,0.0,0.0,-0.010293466039001942,0.064394012093544,0.05026323348283768,0.02934996411204338,0.09827778488397598,0.15551410615444183,5.098217661725357e-05,0.0,0.0,0.0,-0.23287656903266907,10.088459968566895,0.0454254150390625,9.800445556640625,0.25309303402900696,-10.0,-9.880027770996094,14.67492389678955,2.0,2.0,17.789152145385742,0.30357420444488525,0.28977540135383606,0.30357420444488525,0.29744139313697815,0.0,0.30469265580177307,0.30469265580177307,0.30469265580177307,0.30469265580177307,0.0,-0.959823727607727,0.6948122978210449,-10.72630786895752,0.0,0.0,0.0,0.0,0.0,0.0,0.0,0.0,0.0,0.0,0.0,0.0,0.0,0.0,0.0,0.30469274520874023,0.30469274520874023,0.304692804813385,0.30469274520874023,0.33220455050468445,0.04114978387951851,0.04114978387951851,0.39053526520729065,0.4118903577327728,1.074061632156372,1.191715955734253,0.0,0.0,0.0,0.0,0.0,0.0,0.0
70324580954,0,-0.02080148085951805,-0.14620105922222137,-0.12788167595863342,-0.02080148085951805,-0.14620105922222137,-0.8278816938400269,-0.017328975722193718,0.00655400799587369,0.007293109316378832,0.0,0.0,0.0,-0.012481643818318844,-0.019522257149219513,-0.010293465107679367,0.0,0.0,-0.010293466039001942,0.064394012093544,0.05026323348283768,0.02934996411204338,0.09827778488397598,0.15551410615444183,5.098217661725357e-05,0.0,0.0,0.0,-0.23287656903266907,10.088459968566895,0.0454254150390625,9.800445556640625,0.25309303402900696,-10.0,-9.880027770996094,14.67492389678955,2.0,2.0,17.789152145385742,0.30357420444488525,0.28977540135383606,0.30357420444488525,0.29744139313697815,0.0,0.30469265580177307,0.30469265580177307,0.30469265580177307,0.30469265580177307,0.0,-0.959823727607727,0.6948122978210449,-10.72630786895752,0.0,0.0,0.0,0.0,0.0,0.0,0.0,0.0,0.0,0.0,0.0,0.0,0.0,0.0,0.0,0.30469274520874023,0.30469274520874023,0.304692804813385,0.30469274520874023,0.33220455050468445,0.04114978387951851,0.04114978387951851,0.39053526520729065,0.4118903577327728,1.074061632156372,1.191715955734253,0.0,0.0,0.0,0.0,0.0,0.0,0.0
70330704119,0,-0.02080148085951805,-0.14620105922222137,-0.12788167595863342,-0.02080148085951805,-0.14620105922222137,-0.8278816938400269,-0.017328975722193718,0.00655400799587369,0.007293109316378832,0.0,0.0,0.0,-0.012481643818318844,-0.019522257149219513,-0.010293465107679367,0.0,0.0,-0.010293466039001942,0.064394012093544,0.05026323348283768,0.02934996411204338,0.09827778488397598,0.15551410615444183,5.098217661725357e-05,0.0,0.0,0.0,-0.23287656903266907,10.088459968566895,0.0454254150390625,9.800445556640625,0.25309303402900696,-10.0,-9.880027770996094,14.67492389678955,2.0,2.0,17.789152145385742,0.30204102396965027,0.28977540135383606,0.30357420444488525,0.29590821266174316,0.0,0.30469265580177307,0.30469265580177307,0.30469265580177307,0.30469265580177307,0.0,-0.959823727607727,0.6948122978210449,-10.72630786895752,0.0,0.0,0.0,0.0,0.0,0.0,0.0,0.0,0.0,0.0,0.0,0.0,0.0,0.0,0.0,0.30469274520874023,0.30469274520874023,0.304692804813385,0.30469274520874023,0.33220455050468445,0.04114978387951851,0.04114978387951851,0.39053526520729065,0.4118903577327728,1.074061632156372,1.191715955734253,0.0,0.0,0.0,0.0,0.0,0.0,0.0
70338079771,0,-0.02080148085951805,-0.14620105922222137,-0.12788167595863342,-0.02080148085951805,-0.14620105922222137,-0.8278816938400269,-0.017328975722193718,0.00655400799587369,0.007293109316378832,0.0,0.0,0.0,-0.012481643818318844,-0.019522257149219513,-0.010293465107679367,0.0,0.0,-0.010293466039001942,0.064394012093544,0.05026323348283768,0.02934996411204338,0.09827778488397598,0.15551410615444183,5.098217661725357e-05,0.0,0.0,0.0,-0.23287656903266907,10.088459968566895,0.0454254150390625,9.800445556640625,0.25309303402900696,-10.0,-9.880027770996094,14.67492389678955,2.0,2.0,17.789152145385742,0.30204102396965027,0.28977540135383606,0.30357420444488525,0.29744139313697815,0.0,0.30469265580177307,0.30469265580177307,0.30469265580177307,0.30469265580177307,0.0,-0.959823727607727,0.6948122978210449,-10.72630786895752,0.0,0.0,0.0,0.0,0.0,0.0,0.0,0.0,0.0,0.0,0.0,0.0,0.0,0.0,0.0,0.30469274520874023,0.30469274520874023,0.304692804813385,0.30469274520874023,0.33220455050468445,0.04114978387951851,0.04114978387951851,0.39053526520729065,0.4118903577327728,1.074061632156372,1.191715955734253,0.0,0.0,0.0,0.0,0.0,0.0,0.0
70347540260,0,-0.02080148085951805,-0.14620105922222137,-0.12788167595863342,-0.02080148085951805,-0.14620105922222137,-0.8278816938400269,-0.017328975722193718,0.00655400799587369,0.007293109316378832,0.0,0.0,0.0,-0.012481643818318844,-0.019522257149219513,-0.010293465107679367,0.0,0.0,-0.010293466039001942,0.064394012093544,0.05026323348283768,0.02934996411204338,0.09827778488397598,0.15551410615444183,5.098217661725357e-05,0.0,0.0,0.0,-0.23287656903266907,10.088459968566895,0.0454254150390625,9.800445556640625,0.25309303402900696,-10.0,-9.880027770996094,14.67492389678955,2.0,2.0,17.789152145385742,0.30357420444488525,0.28977540135383606,0.30357420444488525,0.29744139313697815,0.0,0.30469265580177307,0.30469265580177307,0.30469265580177307,0.30469265580177307,0.0,-0.959823727607727,0.6948122978210449,-10.72630786895752,0.0,0.0,0.0,0.0,0.0,0.0,0.0,0.0,0.0,0.0,0.0,0.0,0.0,0.0,0.0,0.30469274520874023,0.30469274520874023,0.304692804813385,0.30469274520874023,0.33220455050468445,0.04114978387951851,0.04114978387951851,0.39053526520729065,0.4118903577327728,1.074061632156372,1.191715955734253,0.0,0.0,0.0,0.0,0.0,0.0,0.0
70358046474,0,-0.02080148085951805,-0.14620105922222137,-0.12788167595863342,-0.02080148085951805,-0.14620105922222137,-0.8278816938400269,-0.017328975722193718,0.00655400799587369,0.007293109316378832,0.0,0.0,0.0,-0.012481643818318844,-0.019522257149219513,-0.010293465107679367,0.0,0.0,-0.010293466039001942,0.064394012093544,0.05026323348283768,0.02934996411204338,0.09827778488397598,0.15551410615444183,5.098217661725357e-05,0.0,0.0,0.0,-0.23287656903266907,10.088459968566895,0.0454254150390625,9.800445556640625,0.25309303402900696,-10.0,-9.880027770996094,14.67492389678955,2.0,2.0,17.789152145385742,0.30357420444488525,0.28977540135383606,0.30357420444488525,0.29744139313697815,0.0,0.30469265580177307,0.30469265580177307,0.30469265580177307,0.30469265580177307,0.0,-0.959823727607727,0.6948122978210449,-10.72630786895752,0.0,0.0,0.0,0.0,0.0,0.0,0.0,0.0,0.0,0.0,0.0,0.0,0.0,0.0,0.0,0.30469274520874023,0.30469274520874023,0.304692804813385,0.30469274520874023,0.33220455050468445,0.04114978387951851,0.04114978387951851,0.39053526520729065,0.4118903577327728,1.074061632156372,1.191715955734253,0.0,0.0,0.0,0.0,0.0,0.0,0.0
70367518999,0,-0.02080148085951805,-0.14620105922222137,-0.12788167595863342,-0.02080148085951805,-0.14620105922222137,-0.8278816938400269,-0.017328975722193718,0.00655400799587369,0.007293109316378832,0.0,0.0,0.0,-0.012481643818318844,-0.019522257149219513,-0.010293465107679367,0.0,0.0,-0.010293466039001942,0.064394012093544,0.05026323348283768,0.02934996411204338,0.09827778488397598,0.15551410615444183,5.098217661725357e-05,0.0,0.0,0.0,-0.23287656903266907,10.088459968566895,0.0454254150390625,9.800445556640625,0.25309303402900696,-10.0,-9.880027770996094,14.67492389678955,2.0,2.0,17.789152145385742,0.30357420444488525,0.28977540135383606,0.30357420444488525,0.29590821266174316,0.0,0.30469265580177307,0.30469265580177307,0.30469265580177307,0.30469265580177307,0.0,-0.959823727607727,0.6948122978210449,-10.72630786895752,0.0,0.0,0.0,0.0,0.0,0.0,0.0,0.0,0.0,0.0,0.0,0.0,0.0,0.0,0.0,0.30469274520874023,0.30469274520874023,0.304692804813385,0.30469274520874023,0.33220455050468445,0.04114978387951851,0.04114978387951851,0.39053526520729065,0.4118903577327728,1.074061632156372,1.191715955734253,0.0,0.0,0.0,0.0,0.0,0.0,0.0
70378298157,0,-0.02080148085951805,-0.14620105922222137,-0.12788167595863342,-0.02080148085951805,-0.14620105922222137,-0.8278816938400269,-0.017328975722193718,0.00655400799587369,0.007293109316378832,0.0,0.0,0.0,-0.012481643818318844,-0.019522257149219513,-0.010293465107679367,0.0,0.0,-0.010293466039001942,0.064394012093544,0.05026323348283768,0.02934996411204338,0.09827778488397598,0.15551410615444183,5.098217661725357e-05,0.0,0.0,0.0,-0.23287656903266907,10.088459968566895,0.0454254150390625,9.800445556640625,0.25309303402900696,-10.0,-9.880027770996094,14.67492389678955,2.0,2.0,17.789152145385742,0.30357420444488525,0.28977540135383606,0.30357420444488525,0.29590821266174316,0.0,0.30469265580177307,0.30469265580177307,0.30469265580177307,0.30469265580177307,0.0,-0.959823727607727,0.6948122978210449,-10.72630786895752,0.0,0.0,0.0,0.0,0.0,0.0,0.0,0.0,0.0,0.0,0.0,0.0,0.0,0.0,0.0,0.30469274520874023,0.30469274520874023,0.304692804813385,0.30469274520874023,0.33220455050468445,0.04114978387951851,0.04114978387951851,0.39053526520729065,0.4118903577327728,1.074061632156372,1.191715955734253,0.0,0.0,0.0,0.0,0.0,0.0,0.0
70387912359,0,-0.02080148085951805,-0.14620105922222137,-0.12788167595863342,-0.02080148085951805,-0.14620105922222137,-0.8278816938400269,-0.017328975722193718,0.00655400799587369,0.007293109316378832,0.0,0.0,0.0,-0.012481643818318844,-0.019522257149219513,-0.010293465107679367,0.0,0.0,-0.010293466039001942,0.064394012093544,0.05026323348283768,0.02934996411204338,0.09827778488397598,0.15551410615444183,5.098217661725357e-05,0.0,0.0,0.0,-0.23287656903266907,10.088459968566895,0.0454254150390625,9.800445556640625,0.25309303402900696,-10.0,-9.880027770996094,14.67492389678955,2.0,2.0,17.789152145385742,0.30357420444488525,0.28977540135383606,0.30357420444488525,0.29590821266174316,0.0,0.30469265580177307,0.30469265580177307,0.30469265580177307,0.30469265580177307,0.0,-0.959823727607727,0.6948122978210449,-10.72630786895752,0.0,0.0,0.0,0.0,0.0,0.0,0.0,0.0,0.0,0.0,0.0,0.0,0.0,0.0,0.0,0.30469274520874023,0.30469274520874023,0.304692804813385,0.30469274520874023,0.33220455050468445,0.04114978387951851,0.04114978387951851,0.39053526520729065,0.4118903577327728,1.074061632156372,1.191715955734253,0.0,0.0,0.0,0.0,0.0,0.0,0.0
70397962281,0,-0.02080148085951805,-0.14620105922222137,-0.12788167595863342,-0.02080148085951805,-0.14620105922222137,-0.8278816938400269,-0.017328975722193718,0.00655400799587369,0.007293109316378832,0.0,0.0,0.0,-0.012481643818318844,-0.019522257149219513,-0.010293465107679367,0.0,0.0,-0.010293466039001942,0.064394012093544,0.05026323348283768,0.02934996411204338,0.09827778488397598,0.15551410615444183,5.098217661725357e-05,0.0,0.0,0.0,-0.23287656903266907,10.088459968566895,0.0454254150390625,9.800445556640625,0.25309303402900696,-10.0,-9.880027770996094,14.67492389678955,2.0,2.0,17.789152145385742,0.30357420444488525,0.28977540135383606,0.30357420444488525,0.29744139313697815,0.0,0.30469265580177307,0.30469265580177307,0.30469265580177307,0.30469265580177307,0.0,-0.959823727607727,0.6948122978210449,-10.72630786895752,0.0,0.0,0.0,0.0,0.0,0.0,0.0,0.0,0.0,0.0,0.0,0.0,0.0,0.0,0.0,0.30469274520874023,0.30469274520874023,0.304692804813385,0.30469274520874023,0.33220455050468445,0.04114978387951851,0.04114978387951851,0.39053526520729065,0.4118903577327728,1.074061632156372,1.191715955734253,0.0,0.0,0.0,0.0,0.0,0.0,0.0
70408939503,0,-0.02080148085951805,-0.14620105922222137,-0.12788167595863342,-0.02080148085951805,-0.14620105922222137,-0.8278816938400269,-0.017328975722193718,0.00655400799587369,0.007293109316378832,0.0,0.0,0.0,-0.012481643818318844,-0.019522257149219513,-0.010293465107679367,0.0,0.0,-0.010293466039001942,0.064394012093544,0.05026323348283768,0.02934996411204338,0.09827778488397598,0.15551410615444183,5.098217661725357e-05,0.0,0.0,0.0,-0.23287656903266907,10.088459968566895,0.0454254150390625,9.800445556640625,0.25309303402900696,-10.0,-9.880027770996094,14.67492389678955,2.0,2.0,17.789152145385742,0.30357420444488525,0.28977540135383606,0.30357420444488525,0.29744139313697815,0.0,0.30469265580177307,0.30469265580177307,0.30469265580177307,0.30469265580177307,0.0,-0.959823727607727,0.6948122978210449,-10.72630786895752,0.0,0.0,0.0,0.0,0.0,0.0,0.0,0.0,0.0,0.0,0.0,0.0,0.0,0.0,0.0,0.30469274520874023,0.30469274520874023,0.304692804813385,0.30469274520874023,0.33220455050468445,0.04114978387951851,0.04114978387951851,0.39053526520729065,0.4118903577327728,1.074061632156372,1.191715955734253,0.0,0.0,0.0,0.0,0.0,0.0,0.0
70419854864,0,-0.02080148085951805,-0.14620105922222137,-0.12788167595863342,-0.02080148085951805,-0.14620105922222137,-0.8278816938400269,-0.017328975722193718,0.00655400799587369,0.007293109316378832,0.0,0.0,0.0,-0.012481643818318844,-0.019522257149219513,-0.010293465107679367,0.0,0.0,-0.010293466039001942,0.064394012093544,0.05026323348283768,0.02934996411204338,0.09827778488397598,0.15551410615444183,5.098217661725357e-05,0.0,0.0,0.0,-0.23287656903266907,10.088459968566895,0.0454254150390625,9.800445556640625,0.25309303402900696,-10.0,-9.880027770996094,14.67492389678955,2.0,2.0,17.789152145385742,0.30357420444488525,0.28977540135383606,0.30357420444488525,0.29590821266174316,0.0,0.30469265580177307,0.30469265580177307,0.30469265580177307,0.30469265580177307,0.0,-0.959823727607727,0.6948122978210449,-10.72630786895752,0.0,0.0,0.0,0.0,0.0,0.0,0.0,0.0,0.0,0.0,0.0,0.0,0.0,0.0,0.0,0.30469274520874023,0.30469274520874023,0.304692804813385,0.30469274520874023,0.33220455050468445,0.04114978387951851,0.04114978387951851,0.39053526520729065,0.4118903577327728,1.074061632156372,1.191715955734253,0.0,0.0,0.0,0.0,0.0,0.0,0.0
70430340086,0,-0.02080148085951805,-0.14620105922222137,-0.12788167595863342,-0.02080148085951805,-0.14620105922222137,-0.8278816938400269,-0.017328975722193718,0.00655400799587369,0.007293109316378832,0.0,0.0,0.0,-0.012481643818318844,-0.019522257149219513,-0.010293465107679367,0.0,0.0,-0.010293466039001942,0.064394012093544,0.05026323348283768,0.02934996411204338,0.09827778488397598,0.15551410615444183,5.098217661725357e-05,0.0,0.0,0.0,-0.23287656903266907,10.088459968566895,0.0454254150390625,9.800445556640625,0.25309303402900696,-10.0,-9.880027770996094,14.67492389678955,2.0,2.0,17.789152145385742,0.30357420444488525,0.28977540135383606,0.30357420444488525,0.29590821266174316,0.0,0.30469265580177307,0.30469265580177307,0.30469265580177307,0.30469265580177307,0.0,-0.959823727607727,0.6948122978210449,-10.72630786895752,0.0,0.0,0.0,0.0,0.0,0.0,0.0,0.0,0.0,0.0,0.0,0.0,0.0,0.0,0.0,0.30469274520874023,0.30469274520874023,0.304692804813385,0.30469274520874023,0.33220455050468445,0.04114978387951851,0.04114978387951851,0.39053526520729065,0.4118903577327728,1.074061632156372,1.191715955734253,0.0,0.0,0.0,0.0,0.0,0.0,0.0
70438439956,0,-0.02080148085951805,-0.14620105922222137,-0.12788167595863342,-0.02080148085951805,-0.14620105922222137,-0.8278816938400269,-0.017328975722193718,0.00655400799587369,0.007293109316378832,0.0,0.0,0.0,-0.012481643818318844,-0.019522257149219513,-0.010293465107679367,0.0,0.0,-0.010293466039001942,0.064394012093544,0.05026323348283768,0.02934996411204338,0.09827778488397598,0.15551410615444183,5.098217661725357e-05,0.0,0.0,0.0,-0.23287656903266907,10.088459968566895,0.0454254150390625,9.800445556640625,0.25309303402900696,-10.0,-9.880027770996094,14.67492389678955,2.0,2.0,17.789152145385742,0.30357420444488525,0.28977540135383606,0.30357420444488525,0.29744139313697815,0.0,0.30469265580177307,0.30469265580177307,0.30469265580177307,0.30469265580177307,0.0,-0.959823727607727,0.6948122978210449,-10.72630786895752,0.0,0.0,0.0,0.0,0.0,0.0,0.0,0.0,0.0,0.0,0.0,0.0,0.0,0.0,0.0,0.30469274520874023,0.30469274520874023,0.304692804813385,0.30469274520874023,0.33220455050468445,0.04114978387951851,0.04114978387951851,0.39053526520729065,0.4118903577327728,1.074061632156372,1.191715955734253,0.0,0.0,0.0,0.0,0.0,0.0,0.0
70447938121,0,-0.02080148085951805,-0.14620105922222137,-0.12788167595863342,-0.02080148085951805,-0.14620105922222137,-0.8278816938400269,-0.017328975722193718,0.00655400799587369,0.007293109316378832,0.0,0.0,0.0,-0.012481643818318844,-0.019522257149219513,-0.010293465107679367,0.0,0.0,-0.010293466039001942,0.064394012093544,0.05026323348283768,0.02934996411204338,0.09827778488397598,0.15551410615444183,5.098217661725357e-05,0.0,0.0,0.0,-0.23287656903266907,10.088459968566895,0.0454254150390625,9.800445556640625,0.25309303402900696,-10.0,-9.880027770996094,14.67492389678955,2.0,2.0,17.789152145385742,0.30357420444488525,0.28977540135383606,0.30357420444488525,0.29744139313697815,0.0,0.30469265580177307,0.30469265580177307,0.30469265580177307,0.30469265580177307,0.0,-0.959823727607727,0.6948122978210449,-10.72630786895752,0.0,0.0,0.0,0.0,0.0,0.0,0.0,0.0,0.0,0.0,0.0,0.0,0.0,0.0,0.0,0.30469274520874023,0.30469274520874023,0.304692804813385,0.30469274520874023,0.33220455050468445,0.04114978387951851,0.04114978387951851,0.39053526520729065,0.4118903577327728,1.074061632156372,1.191715955734253,0.0,0.0,0.0,0.0,0.0,0.0,0.0
70467326994,0,-0.02080148085951805,-0.14620105922222137,-0.12788167595863342,-0.02080148085951805,-0.14620105922222137,-0.8278816938400269,-0.017328975722193718,0.00655400799587369,0.007293109316378832,0.0,0.0,0.0,-0.012481643818318844,-0.019522257149219513,-0.010293465107679367,0.0,0.0,-0.010293466039001942,0.064394012093544,0.05026323348283768,0.02934996411204338,0.09827778488397598,0.15551410615444183,5.098217661725357e-05,0.0,0.0,0.0,-0.23287656903266907,10.088459968566895,0.0454254150390625,9.800445556640625,0.25309303402900696,-10.0,-9.880027770996094,14.67492389678955,2.0,2.0,17.789152145385742,0.30357420444488525,0.28977540135383606,0.30357420444488525,0.29744139313697815,0.0,0.30469265580177307,0.30469265580177307,0.30469265580177307,0.30469265580177307,0.0,-0.959823727607727,0.6948122978210449,-10.72630786895752,0.0,0.0,0.0,0.0,0.0,0.0,0.0,0.0,0.0,0.0,0.0,0.0,0.0,0.0,0.0,0.30469274520874023,0.30469274520874023,0.304692804813385,0.30469274520874023,0.33220455050468445,0.04114978387951851,0.04114978387951851,0.39053526520729065,0.4118903577327728,1.074061632156372,1.191715955734253,0.0,0.0,0.0,0.0,0.0,0.0,0.0
70471110129,0,-0.02080148085951805,-0.14620105922222137,-0.12788167595863342,-0.02080148085951805,-0.14620105922222137,-0.8278816938400269,-0.017328975722193718,0.00655400799587369,0.007293109316378832,0.0,0.0,0.0,-0.012481643818318844,-0.019522257149219513,-0.010293465107679367,0.0,0.0,-0.010293466039001942,0.064394012093544,0.05026323348283768,0.02934996411204338,0.09827778488397598,0.15551410615444183,5.098217661725357e-05,0.0,0.0,0.0,-0.23287656903266907,10.088459968566895,0.0454254150390625,9.800445556640625,0.25309303402900696,-10.0,-9.880027770996094,14.67492389678955,2.0,2.0,17.789152145385742,0.30357420444488525,0.28977540135383606,0.30357420444488525,0.29590821266174316,0.0,0.30469265580177307,0.30469265580177307,0.30469265580177307,0.30469265580177307,0.0,-0.959823727607727,0.6948122978210449,-10.72630786895752,0.0,0.0,0.0,0.0,0.0,0.0,0.0,0.0,0.0,0.0,0.0,0.0,0.0,0.0,0.0,0.30469274520874023,0.30469274520874023,0.304692804813385,0.30469274520874023,0.33220455050468445,0.04114978387951851,0.04114978387951851,0.39053526520729065,0.4118903577327728,1.074061632156372,1.191715955734253,0.0,0.0,0.0,0.0,0.0,0.0,0.0
70478173231,0,-0.02080148085951805,-0.14620105922222137,-0.12788167595863342,-0.02080148085951805,-0.14620105922222137,-0.8278816938400269,-0.017328975722193718,0.00655400799587369,0.007293109316378832,0.0,0.0,0.0,-0.012481643818318844,-0.019522257149219513,-0.010293465107679367,0.0,0.0,-0.010293466039001942,0.064394012093544,0.05026323348283768,0.02934996411204338,0.09827778488397598,0.15551410615444183,5.098217661725357e-05,0.0,0.0,0.0,-0.23287656903266907,10.088459968566895,0.0454254150390625,9.800445556640625,0.25309303402900696,-10.0,-9.880027770996094,14.67492389678955,2.0,2.0,17.789152145385742,0.30357420444488525,0.28977540135383606,0.30357420444488525,0.29590821266174316,0.0,0.30469265580177307,0.30469265580177307,0.30469265580177307,0.30469265580177307,0.0,-0.959823727607727,0.6948122978210449,-10.72630786895752,0.0,0.0,0.0,0.0,0.0,0.0,0.0,0.0,0.0,0.0,0.0,0.0,0.0,0.0,0.0,0.30469274520874023,0.30469274520874023,0.304692804813385,0.30469274520874023,0.33220455050468445,0.04114978387951851,0.04114978387951851,0.39053526520729065,0.4118903577327728,1.074061632156372,1.191715955734253,0.0,0.0,0.0,0.0,0.0,0.0,0.0
70488920556,0,-0.02080148085951805,-0.14620105922222137,-0.12788167595863342,-0.02080148085951805,-0.14620105922222137,-0.8278816938400269,-0.017328975722193718,0.00655400799587369,0.007293109316378832,0.0,0.0,0.0,-0.012481643818318844,-0.019522257149219513,-0.010293465107679367,0.0,0.0,-0.010293466039001942,0.064394012093544,0.05026323348283768,0.02934996411204338,0.09827778488397598,0.15551410615444183,5.098217661725357e-05,0.0,0.0,0.0,-0.23287656903266907,10.088459968566895,0.0454254150390625,9.800445556640625,0.25309303402900696,-10.0,-9.880027770996094,14.67492389678955,2.0,2.0,17.789152145385742,0.30357420444488525,0.28977540135383606,0.30357420444488525,0.29744139313697815,0.0,0.30469265580177307,0.30469265580177307,0.30469265580177307,0.30469265580177307,0.0,-0.959823727607727,0.6948122978210449,-10.72630786895752,0.0,0.0,0.0,0.0,0.0,0.0,0.0,0.0,0.0,0.0,0.0,0.0,0.0,0.0,0.0,0.30469274520874023,0.30469274520874023,0.304692804813385,0.30469274520874023,0.33220455050468445,0.04114978387951851,0.04114978387951851,0.39053526520729065,0.4118903577327728,1.074061632156372,1.191715955734253,0.0,0.0,0.0,0.0,0.0,0.0,0.0
70497842488,0,-0.02080148085951805,-0.14620105922222137,-0.12788167595863342,-0.02080148085951805,-0.14620105922222137,-0.8278816938400269,-0.017328975722193718,0.00655400799587369,0.007293109316378832,0.0,0.0,0.0,-0.012481643818318844,-0.019522257149219513,-0.010293465107679367,0.0,0.0,-0.010293466039001942,0.064394012093544,0.05026323348283768,0.02934996411204338,0.09827778488397598,0.15551410615444183,5.098217661725357e-05,0.0,0.0,0.0,-0.23287656903266907,10.088459968566895,0.0454254150390625,9.800445556640625,0.25309303402900696,-10.0,-9.880027770996094,14.67492389678955,2.0,2.0,17.789152145385742,0.30357420444488525,0.28977540135383606,0.30357420444488525,0.29590821266174316,0.0,0.30469265580177307,0.30469265580177307,0.30469265580177307,0.30469265580177307,0.0,-0.959823727607727,0.6948122978210449,-10.72630786895752,0.0,0.0,0.0,0.0,0.0,0.0,0.0,0.0,0.0,0.0,0.0,0.0,0.0,0.0,0.0,0.30469274520874023,0.30469274520874023,0.304692804813385,0.30469274520874023,0.33220455050468445,0.04114978387951851,0.04114978387951851,0.39053526520729065,0.4118903577327728,1.074061632156372,1.191715955734253,0.0,0.0,0.0,0.0,0.0,0.0,0.0
70516975583,0,-0.02080148085951805,-0.14620105922222137,-0.12788167595863342,-0.02080148085951805,-0.14620105922222137,-0.8278816938400269,-0.017328975722193718,0.00655400799587369,0.007293109316378832,0.0,0.0,0.0,-0.012481643818318844,-0.019522257149219513,-0.010293465107679367,0.0,0.0,-0.010293466039001942,0.064394012093544,0.05026323348283768,0.02934996411204338,0.09827778488397598,0.15551410615444183,5.098217661725357e-05,0.0,0.0,0.0,-0.23287656903266907,10.088459968566895,0.0454254150390625,9.800445556640625,0.25309303402900696,-10.0,-9.880027770996094,14.67492389678955,2.0,2.0,17.789152145385742,0.30357420444488525,0.28977540135383606,0.30357420444488525,0.29744139313697815,0.0,0.30469265580177307,0.30469265580177307,0.30469265580177307,0.30469265580177307,0.0,-0.959823727607727,0.6948122978210449,-10.72630786895752,0.0,0.0,0.0,0.0,0.0,0.0,0.0,0.0,0.0,0.0,0.0,0.0,0.0,0.0,0.0,0.30469274520874023,0.30469274520874023,0.304692804813385,0.30469274520874023,0.33220455050468445,0.04114978387951851,0.04114978387951851,0.39053526520729065,0.4118903577327728,1.074061632156372,1.191715955734253,0.0,0.0,0.0,0.0,0.0,0.0,0.0
70518037948,0,-0.02080148085951805,-0.14620105922222137,-0.12788167595863342,-0.02080148085951805,-0.14620105922222137,-0.8278816938400269,-0.017328975722193718,0.00655400799587369,0.007293109316378832,0.0,0.0,0.0,-0.012481643818318844,-0.019522257149219513,-0.010293465107679367,0.0,0.0,-0.010293466039001942,0.064394012093544,0.05026323348283768,0.02934996411204338,0.09827778488397598,0.15551410615444183,5.098217661725357e-05,0.0,0.0,0.0,-0.23287656903266907,10.088459968566895,0.0454254150390625,9.800445556640625,0.25309303402900696,-10.0,-9.880027770996094,14.67492389678955,2.0,2.0,17.789152145385742,0.30204102396965027,0.28977540135383606,0.30357420444488525,0.29744139313697815,0.0,0.30469265580177307,0.30469265580177307,0.30469265580177307,0.30469265580177307,0.0,-0.959823727607727,0.6948122978210449,-10.72630786895752,0.0,0.0,0.0,0.0,0.0,0.0,0.0,0.0,0.0,0.0,0.0,0.0,0.0,0.0,0.0,0.30469274520874023,0.30469274520874023,0.304692804813385,0.30469274520874023,0.33220455050468445,0.04114978387951851,0.04114978387951851,0.39053526520729065,0.4118903577327728,1.074061632156372,1.191715955734253,0.0,0.0,0.0,0.0,0.0,0.0,0.0
70527650462,0,-0.02080148085951805,-0.14620105922222137,-0.12788167595863342,-0.02080148085951805,-0.14620105922222137,-0.8278816938400269,-0.017328975722193718,0.00655400799587369,0.007293109316378832,0.0,0.0,0.0,-0.012481643818318844,-0.019522257149219513,-0.010293465107679367,0.0,0.0,-0.010293466039001942,0.064394012093544,0.05026323348283768,0.02934996411204338,0.09827778488397598,0.15551410615444183,5.098217661725357e-05,0.0,0.0,0.0,-0.23287656903266907,10.088459968566895,0.0454254150390625,9.800445556640625,0.25309303402900696,-10.0,-9.880027770996094,14.67492389678955,2.0,2.0,17.789152145385742,0.30357420444488525,0.28977540135383606,0.30357420444488525,0.29744139313697815,0.0,0.30469265580177307,0.30469265580177307,0.30469265580177307,0.30469265580177307,0.0,-0.959823727607727,0.6948122978210449,-10.72630786895752,0.0,0.0,0.0,0.0,0.0,0.0,0.0,0.0,0.0,0.0,0.0,0.0,0.0,0.0,0.0,0.30469274520874023,0.30469274520874023,0.304692804813385,0.30469274520874023,0.33220455050468445,0.04114978387951851,0.04114978387951851,0.39053526520729065,0.4118903577327728,1.074061632156372,1.191715955734253,0.0,0.0,0.0,0.0,0.0,0.0,0.0
70537766000,0,-0.02080148085951805,-0.14620105922222137,-0.12788167595863342,-0.02080148085951805,-0.14620105922222137,-0.8278816938400269,-0.017328975722193718,0.00655400799587369,0.007293109316378832,0.0,0.0,0.0,-0.012481643818318844,-0.019522257149219513,-0.010293465107679367,0.0,0.0,-0.010293466039001942,0.064394012093544,0.05026323348283768,0.02934996411204338,0.09827778488397598,0.15551410615444183,5.098217661725357e-05,0.0,0.0,0.0,-0.23287656903266907,10.088459968566895,0.0454254150390625,9.800445556640625,0.25309303402900696,-10.0,-9.880027770996094,14.67492389678955,2.0,2.0,17.789152145385742,0.30204102396965027,0.28977540135383606,0.30357420444488525,0.29590821266174316,0.0,0.30469265580177307,0.30469265580177307,0.30469265580177307,0.30469265580177307,0.0,-0.959823727607727,0.6948122978210449,-10.72630786895752,0.0,0.0,0.0,0.0,0.0,0.0,0.0,0.0,0.0,0.0,0.0,0.0,0.0,0.0,0.0,0.30469274520874023,0.30469274520874023,0.304692804813385,0.30469274520874023,0.33220455050468445,0.04114978387951851,0.04114978387951851,0.39053526520729065,0.4118903577327728,1.074061632156372,1.191715955734253,0.0,0.0,0.0,0.0,0.0,0.0,0.0
70548001566,0,-0.02080148085951805,-0.14620105922222137,-0.12788167595863342,-0.02080148085951805,-0.14620105922222137,-0.8278816938400269,-0.017328975722193718,0.00655400799587369,0.007293109316378832,0.0,0.0,0.0,-0.012481643818318844,-0.019522257149219513,-0.010293465107679367,0.0,0.0,-0.010293466039001942,0.064394012093544,0.05026323348283768,0.02934996411204338,0.09827778488397598,0.15551410615444183,5.098217661725357e-05,0.0,0.0,0.0,-0.23287656903266907,10.088459968566895,0.0454254150390625,9.800445556640625,0.25309303402900696,-10.0,-9.880027770996094,14.67492389678955,2.0,2.0,17.789152145385742,0.30357420444488525,0.28977540135383606,0.30357420444488525,0.29744139313697815,0.0,0.30469265580177307,0.30469265580177307,0.30469265580177307,0.30469265580177307,0.0,-0.959823727607727,0.6948122978210449,-10.72630786895752,0.0,0.0,0.0,0.0,0.0,0.0,0.0,0.0,0.0,0.0,0.0,0.0,0.0,0.0,0.0,0.30469274520874023,0.30469274520874023,0.304692804813385,0.30469274520874023,0.33220455050468445,0.04114978387951851,0.04114978387951851,0.39053526520729065,0.4118903577327728,1.074061632156372,1.191715955734253,0.0,0.0,0.0,0.0,0.0,0.0,0.0
70557561324,0,-0.02080148085951805,-0.14620105922222137,-0.12788167595863342,-0.02080148085951805,-0.14620105922222137,-0.8278816938400269,-0.017328975722193718,0.00655400799587369,0.007293109316378832,0.0,0.0,0.0,-0.012481643818318844,-0.019522257149219513,-0.010293465107679367,0.0,0.0,-0.010293466039001942,0.064394012093544,0.05026323348283768,0.02934996411204338,0.09827778488397598,0.15551410615444183,5.098217661725357e-05,0.0,0.0,0.0,-0.23287656903266907,10.088459968566895,0.0454254150390625,9.800445556640625,0.25309303402900696,-10.0,-9.880027770996094,14.67492389678955,2.0,2.0,17.789152145385742,0.30357420444488525,0.28977540135383606,0.30357420444488525,0.29744139313697815,0.0,0.30469265580177307,0.30469265580177307,0.30469265580177307,0.30469265580177307,0.0,-0.959823727607727,0.6948122978210449,-10.72630786895752,0.0,0.0,0.0,0.0,0.0,0.0,0.0,0.0,0.0,0.0,0.0,0.0,0.0,0.0,0.0,0.30469274520874023,0.30469274520874023,0.304692804813385,0.30469274520874023,0.33220455050468445,0.04114978387951851,0.04114978387951851,0.39053526520729065,0.4118903577327728,1.074061632156372,1.191715955734253,0.0,0.0,0.0,0.0,0.0,0.0,0.0
70567810104,0,-0.02080148085951805,-0.14620105922222137,-0.12788167595863342,-0.02080148085951805,-0.14620105922222137,-0.8278816938400269,-0.017328975722193718,0.00655400799587369,0.007293109316378832,0.0,0.0,0.0,-0.012481643818318844,-0.019522257149219513,-0.010293465107679367,0.0,0.0,-0.010293466039001942,0.064394012093544,0.05026323348283768,0.02934996411204338,0.09827778488397598,0.15551410615444183,5.098217661725357e-05,0.0,0.0,0.0,-0.23287656903266907,10.088459968566895,0.0454254150390625,9.800445556640625,0.25309303402900696,-10.0,-9.880027770996094,14.67492389678955,2.0,2.0,17.789152145385742,0.30357420444488525,0.28977540135383606,0.30357420444488525,0.29744139313697815,0.0,0.30469265580177307,0.30469265580177307,0.30469265580177307,0.30469265580177307,0.0,-0.959823727607727,0.6948122978210449,-10.72630786895752,0.0,0.0,0.0,0.0,0.0,0.0,0.0,0.0,0.0,0.0,0.0,0.0,0.0,0.0,0.0,0.30469274520874023,0.30469274520874023,0.304692804813385,0.30469274520874023,0.33220455050468445,0.04114978387951851,0.04114978387951851,0.39053526520729065,0.4118903577327728,1.074061632156372,1.191715955734253,0.0,0.0,0.0,0.0,0.0,0.0,0.0
70577996835,0,-0.02080148085951805,-0.14620105922222137,-0.12788167595863342,-0.02080148085951805,-0.14620105922222137,-0.8278816938400269,-0.017328975722193718,0.00655400799587369,0.007293109316378832,0.0,0.0,0.0,-0.012481643818318844,-0.019522257149219513,-0.010293465107679367,0.0,0.0,-0.010293466039001942,0.064394012093544,0.05026323348283768,0.02934996411204338,0.09827778488397598,0.15551410615444183,5.098217661725357e-05,0.0,0.0,0.0,-0.23287656903266907,10.088459968566895,0.0454254150390625,9.800445556640625,0.25309303402900696,-10.0,-9.880027770996094,14.67492389678955,2.0,2.0,17.789152145385742,0.30357420444488525,0.28977540135383606,0.30357420444488525,0.29590821266174316,0.0,0.30469265580177307,0.30469265580177307,0.30469265580177307,0.30469265580177307,0.0,-0.959823727607727,0.6948122978210449,-10.72630786895752,0.0,0.0,0.0,0.0,0.0,0.0,0.0,0.0,0.0,0.0,0.0,0.0,0.0,0.0,0.0,0.30469274520874023,0.30469274520874023,0.304692804813385,0.30469274520874023,0.33220455050468445,0.04114978387951851,0.04114978387951851,0.39053526520729065,0.4118903577327728,1.074061632156372,1.191715955734253,0.0,0.0,0.0,0.0,0.0,0.0,0.0
70587506066,0,-0.02080148085951805,-0.14620105922222137,-0.12788167595863342,-0.02080148085951805,-0.14620105922222137,-0.8278816938400269,-0.017328975722193718,0.00655400799587369,0.007293109316378832,0.0,0.0,0.0,-0.012481643818318844,-0.019522257149219513,-0.010293465107679367,0.0,0.0,-0.010293466039001942,0.064394012093544,0.05026323348283768,0.02934996411204338,0.09827778488397598,0.15551410615444183,5.098217661725357e-05,0.0,0.0,0.0,-0.23287656903266907,10.088459968566895,0.0454254150390625,9.800445556640625,0.25309303402900696,-10.0,-9.880027770996094,14.67492389678955,2.0,2.0,17.789152145385742,0.30357420444488525,0.28977540135383606,0.30357420444488525,0.29744139313697815,0.0,0.30469265580177307,0.30469265580177307,0.30469265580177307,0.30469265580177307,0.0,-0.959823727607727,0.6948122978210449,-10.72630786895752,0.0,0.0,0.0,0.0,0.0,0.0,0.0,0.0,0.0,0.0,0.0,0.0,0.0,0.0,0.0,0.30469274520874023,0.30469274520874023,0.304692804813385,0.30469274520874023,0.33220455050468445,0.04114978387951851,0.04114978387951851,0.39053526520729065,0.4118903577327728,1.074061632156372,1.191715955734253,0.0,0.0,0.0,0.0,0.0,0.0,0.0
70597676416,0,-0.02080148085951805,-0.14620105922222137,-0.12788167595863342,-0.02080148085951805,-0.14620105922222137,-0.8278816938400269,-0.017328975722193718,0.00655400799587369,0.007293109316378832,0.0,0.0,0.0,-0.012481643818318844,-0.019522257149219513,-0.010293465107679367,0.0,0.0,-0.010293466039001942,0.064394012093544,0.05026323348283768,0.02934996411204338,0.09827778488397598,0.15551410615444183,5.098217661725357e-05,0.0,0.0,0.0,-0.23287656903266907,10.088459968566895,0.0454254150390625,9.800445556640625,0.25309303402900696,-10.0,-9.880027770996094,14.67492389678955,2.0,2.0,17.789152145385742,0.30357420444488525,0.28977540135383606,0.30357420444488525,0.29744139313697815,0.0,0.30469265580177307,0.30469265580177307,0.30469265580177307,0.30469265580177307,0.0,-0.959823727607727,0.6948122978210449,-10.72630786895752,0.0,0.0,0.0,0.0,0.0,0.0,0.0,0.0,0.0,0.0,0.0,0.0,0.0,0.0,0.0,0.30469274520874023,0.30469274520874023,0.304692804813385,0.30469274520874023,0.33220455050468445,0.04114978387951851,0.04114978387951851,0.39053526520729065,0.4118903577327728,1.074061632156372,1.191715955734253,0.0,0.0,0.0,0.0,0.0,0.0,0.0
70609292801,0,-0.02080148085951805,-0.14620105922222137,-0.12788167595863342,-0.02080148085951805,-0.14620105922222137,-0.8278816938400269,-0.017328975722193718,0.00655400799587369,0.007293109316378832,0.0,0.0,0.0,-0.012481643818318844,-0.019522257149219513,-0.010293465107679367,0.0,0.0,-0.010293466039001942,0.064394012093544,0.05026323348283768,0.02934996411204338,0.09827778488397598,0.15551410615444183,5.098217661725357e-05,0.0,0.0,0.0,-0.23287656903266907,10.088459968566895,0.0454254150390625,9.800445556640625,0.25309303402900696,-10.0,-9.880027770996094,14.67492389678955,2.0,2.0,17.789152145385742,0.30357420444488525,0.28977540135383606,0.30357420444488525,0.29744139313697815,0.0,0.30469265580177307,0.30469265580177307,0.30469265580177307,0.30469265580177307,0.0,-0.959823727607727,0.6948122978210449,-10.72630786895752,0.0,0.0,0.0,0.0,0.0,0.0,0.0,0.0,0.0,0.0,0.0,0.0,0.0,0.0,0.0,0.30469274520874023,0.30469274520874023,0.304692804813385,0.30469274520874023,0.33220455050468445,0.04114978387951851,0.04114978387951851,0.39053526520729065,0.4118903577327728,1.074061632156372,1.191715955734253,0.0,0.0,0.0,0.0,0.0,0.0,0.0
70617837039,0,-0.02080148085951805,-0.14620105922222137,-0.12788167595863342,-0.02080148085951805,-0.14620105922222137,-0.8278816938400269,-0.017328975722193718,0.00655400799587369,0.007293109316378832,0.0,0.0,0.0,-0.012481643818318844,-0.019522257149219513,-0.010293465107679367,0.0,0.0,-0.010293466039001942,0.064394012093544,0.05026323348283768,0.02934996411204338,0.09827778488397598,0.15551410615444183,5.098217661725357e-05,0.0,0.0,0.0,-0.23287656903266907,10.088459968566895,0.0454254150390625,9.800445556640625,0.25309303402900696,-10.0,-9.880027770996094,14.67492389678955,2.0,2.0,17.789152145385742,0.30357420444488525,0.28977540135383606,0.30357420444488525,0.29744139313697815,0.0,0.30469265580177307,0.30469265580177307,0.30469265580177307,0.30469265580177307,0.0,-0.959823727607727,0.6948122978210449,-10.72630786895752,0.0,0.0,0.0,0.0,0.0,0.0,0.0,0.0,0.0,0.0,0.0,0.0,0.0,0.0,0.0,0.30469274520874023,0.30469274520874023,0.304692804813385,0.30469274520874023,0.33220455050468445,0.04114978387951851,0.04114978387951851,0.39053526520729065,0.4118903577327728,1.074061632156372,1.191715955734253,0.0,0.0,0.0,0.0,0.0,0.0,0.0
70631633043,0,-0.02080148085951805,-0.14620105922222137,-0.12788167595863342,-0.02080148085951805,-0.14620105922222137,-0.8278816938400269,-0.017328975722193718,0.00655400799587369,0.007293109316378832,0.0,0.0,0.0,-0.012481643818318844,-0.019522257149219513,-0.010293465107679367,0.0,0.0,-0.010293466039001942,0.064394012093544,0.05026323348283768,0.02934996411204338,0.09827778488397598,0.15551410615444183,5.098217661725357e-05,0.0,0.0,0.0,-0.23287656903266907,10.088459968566895,0.0454254150390625,9.800445556640625,0.25309303402900696,-10.0,-9.880027770996094,14.67492389678955,2.0,2.0,17.789152145385742,0.30357420444488525,0.28977540135383606,0.30357420444488525,0.29744139313697815,0.0,0.30469265580177307,0.30469265580177307,0.30469265580177307,0.30469265580177307,0.0,-0.959823727607727,0.6948122978210449,-10.72630786895752,0.0,0.0,0.0,0.0,0.0,0.0,0.0,0.0,0.0,0.0,0.0,0.0,0.0,0.0,0.0,0.30469274520874023,0.30469274520874023,0.304692804813385,0.30469274520874023,0.33220455050468445,0.04114978387951851,0.04114978387951851,0.39053526520729065,0.4118903577327728,1.074061632156372,1.191715955734253,0.0,0.0,0.0,0.0,0.0,0.0,0.0
70637739591,0,-0.02080148085951805,-0.14620105922222137,-0.12788167595863342,-0.02080148085951805,-0.14620105922222137,-0.8278816938400269,-0.017328975722193718,0.00655400799587369,0.007293109316378832,0.0,0.0,0.0,-0.012481643818318844,-0.019522257149219513,-0.010293465107679367,0.0,0.0,-0.010293466039001942,0.064394012093544,0.05026323348283768,0.02934996411204338,0.09827778488397598,0.15551410615444183,5.098217661725357e-05,0.0,0.0,0.0,-0.23287656903266907,10.088459968566895,0.0454254150390625,9.800445556640625,0.25309303402900696,-10.0,-9.880027770996094,14.67492389678955,2.0,2.0,17.789152145385742,0.30357420444488525,0.28977540135383606,0.30357420444488525,0.29590821266174316,0.0,0.30469265580177307,0.30469265580177307,0.30469265580177307,0.30469265580177307,0.0,-0.959823727607727,0.6948122978210449,-10.72630786895752,0.0,0.0,0.0,0.0,0.0,0.0,0.0,0.0,0.0,0.0,0.0,0.0,0.0,0.0,0.0,0.30469274520874023,0.30469274520874023,0.304692804813385,0.30469274520874023,0.33220455050468445,0.04114978387951851,0.04114978387951851,0.39053526520729065,0.4118903577327728,1.074061632156372,1.191715955734253,0.0,0.0,0.0,0.0,0.0,0.0,0.0
70647653906,0,-0.02080148085951805,-0.14620105922222137,-0.12788167595863342,-0.02080148085951805,-0.14620105922222137,-0.8278816938400269,-0.017328975722193718,0.00655400799587369,0.007293109316378832,0.0,0.0,0.0,-0.012481643818318844,-0.019522257149219513,-0.010293465107679367,0.0,0.0,-0.010293466039001942,0.064394012093544,0.05026323348283768,0.02934996411204338,0.09827778488397598,0.15551410615444183,5.098217661725357e-05,0.0,0.0,0.0,-0.23287656903266907,10.088459968566895,0.0454254150390625,9.800445556640625,0.25309303402900696,-10.0,-9.880027770996094,14.67492389678955,2.0,2.0,17.789152145385742,0.30357420444488525,0.28977540135383606,0.30204102396965027,0.29744139313697815,0.0,0.30469265580177307,0.30469265580177307,0.30469265580177307,0.30469265580177307,0.0,-0.959823727607727,0.6948122978210449,-10.72630786895752,0.0,0.0,0.0,0.0,0.0,0.0,0.0,0.0,0.0,0.0,0.0,0.0,0.0,0.0,0.0,0.30469274520874023,0.30469274520874023,0.304692804813385,0.30469274520874023,0.33220455050468445,0.04114978387951851,0.04114978387951851,0.39053526520729065,0.4118903577327728,1.074061632156372,1.191715955734253,0.0,0.0,0.0,0.0,0.0,0.0,0.0
70658323947,0,-0.02080148085951805,-0.14620105922222137,-0.12788167595863342,-0.02080148085951805,-0.14620105922222137,-0.8278816938400269,-0.017328975722193718,0.00655400799587369,0.007293109316378832,0.0,0.0,0.0,-0.012481643818318844,-0.019522257149219513,-0.010293465107679367,0.0,0.0,-0.010293466039001942,0.064394012093544,0.05026323348283768,0.02934996411204338,0.09827778488397598,0.15551410615444183,5.098217661725357e-05,0.0,0.0,0.0,-0.23287656903266907,10.088459968566895,0.0454254150390625,9.800445556640625,0.25309303402900696,-10.0,-9.880027770996094,14.67492389678955,2.0,2.0,17.789152145385742,0.30357420444488525,0.28977540135383606,0.30357420444488525,0.29590821266174316,0.0,0.30469265580177307,0.30469265580177307,0.30469265580177307,0.30469265580177307,0.0,-0.959823727607727,0.6948122978210449,-10.72630786895752,0.0,0.0,0.0,0.0,0.0,0.0,0.0,0.0,0.0,0.0,0.0,0.0,0.0,0.0,0.0,0.30469274520874023,0.30469274520874023,0.304692804813385,0.30469274520874023,0.33220455050468445,0.04114978387951851,0.04114978387951851,0.39053526520729065,0.4118903577327728,1.074061632156372,1.191715955734253,0.0,0.0,0.0,0.0,0.0,0.0,0.0
70669926862,0,-0.02080148085951805,-0.14620105922222137,-0.12788167595863342,-0.02080148085951805,-0.14620105922222137,-0.8278816938400269,-0.017328975722193718,0.00655400799587369,0.007293109316378832,0.0,0.0,0.0,-0.012481643818318844,-0.019522257149219513,-0.010293465107679367,0.0,0.0,-0.010293466039001942,0.064394012093544,0.05026323348283768,0.02934996411204338,0.09827778488397598,0.15551410615444183,5.098217661725357e-05,0.0,0.0,0.0,-0.23287656903266907,10.088459968566895,0.0454254150390625,9.800445556640625,0.25309303402900696,-10.0,-9.880027770996094,14.67492389678955,2.0,2.0,17.789152145385742,0.30357420444488525,0.28977540135383606,0.30357420444488525,0.29744139313697815,0.0,0.30469265580177307,0.30469265580177307,0.30469265580177307,0.30469265580177307,0.0,-0.959823727607727,0.6948122978210449,-10.72630786895752,0.0,0.0,0.0,0.0,0.0,0.0,0.0,0.0,0.0,0.0,0.0,0.0,0.0,0.0,0.0,0.30469274520874023,0.30469274520874023,0.304692804813385,0.30469274520874023,0.33220455050468445,0.04114978387951851,0.04114978387951851,0.39053526520729065,0.4118903577327728,1.074061632156372,1.191715955734253,0.0,0.0,0.0,0.0,0.0,0.0,0.0
70678241473,0,-0.02080148085951805,-0.14620105922222137,-0.12788167595863342,-0.02080148085951805,-0.14620105922222137,-0.8278816938400269,-0.017328975722193718,0.00655400799587369,0.007293109316378832,0.0,0.0,0.0,-0.012481643818318844,-0.019522257149219513,-0.010293465107679367,0.0,0.0,-0.010293466039001942,0.064394012093544,0.05026323348283768,0.02934996411204338,0.09827778488397598,0.15551410615444183,5.098217661725357e-05,0.0,0.0,0.0,-0.23287656903266907,10.088459968566895,0.0454254150390625,9.800445556640625,0.25309303402900696,-10.0,-9.880027770996094,14.67492389678955,2.0,2.0,17.789152145385742,0.30357420444488525,0.28977540135383606,0.30357420444488525,0.29744139313697815,0.0,0.30469265580177307,0.30469265580177307,0.30469265580177307,0.30469265580177307,0.0,-0.959823727607727,0.6948122978210449,-10.72630786895752,0.0,0.0,0.0,0.0,0.0,0.0,0.0,0.0,0.0,0.0,0.0,0.0,0.0,0.0,0.0,0.30469274520874023,0.30469274520874023,0.304692804813385,0.30469274520874023,0.33220455050468445,0.04114978387951851,0.04114978387951851,0.39053526520729065,0.4118903577327728,1.074061632156372,1.191715955734253,0.0,0.0,0.0,0.0,0.0,0.0,0.0
70688004049,0,-0.02080148085951805,-0.14620105922222137,-0.12788167595863342,-0.02080148085951805,-0.14620105922222137,-0.8278816938400269,-0.017328975722193718,0.00655400799587369,0.007293109316378832,0.0,0.0,0.0,-0.012481643818318844,-0.019522257149219513,-0.010293465107679367,0.0,0.0,-0.010293466039001942,0.064394012093544,0.05026323348283768,0.02934996411204338,0.09827778488397598,0.15551410615444183,5.098217661725357e-05,0.0,0.0,0.0,-0.23287656903266907,10.088459968566895,0.0454254150390625,9.800445556640625,0.25309303402900696,-10.0,-9.880027770996094,14.67492389678955,2.0,2.0,17.789152145385742,0.30357420444488525,0.28977540135383606,0.30357420444488525,0.29590821266174316,0.0,0.30469265580177307,0.30469265580177307,0.30469265580177307,0.30469265580177307,0.0,-0.959823727607727,0.6948122978210449,-10.72630786895752,0.0,0.0,0.0,0.0,0.0,0.0,0.0,0.0,0.0,0.0,0.0,0.0,0.0,0.0,0.0,0.30469274520874023,0.30469274520874023,0.304692804813385,0.30469274520874023,0.33220455050468445,0.04114978387951851,0.04114978387951851,0.39053526520729065,0.4118903577327728,1.074061632156372,1.191715955734253,0.0,0.0,0.0,0.0,0.0,0.0,0.0
70698421430,0,-0.02080148085951805,-0.14620105922222137,-0.12788167595863342,-0.02080148085951805,-0.14620105922222137,-0.8278816938400269,-0.017328975722193718,0.00655400799587369,0.007293109316378832,0.0,0.0,0.0,-0.012481643818318844,-0.019522257149219513,-0.010293465107679367,0.0,0.0,-0.010293466039001942,0.064394012093544,0.05026323348283768,0.02934996411204338,0.09827778488397598,0.15551410615444183,5.098217661725357e-05,0.0,0.0,0.0,-0.23287656903266907,10.088459968566895,0.0454254150390625,9.800445556640625,0.25309303402900696,-10.0,-9.880027770996094,14.67492389678955,2.0,2.0,17.789152145385742,0.30357420444488525,0.28977540135383606,0.30357420444488525,0.29744139313697815,0.0,0.30469265580177307,0.30469265580177307,0.30469265580177307,0.30469265580177307,0.0,-0.959823727607727,0.6948122978210449,-10.72630786895752,0.0,0.0,0.0,0.0,0.0,0.0,0.0,0.0,0.0,0.0,0.0,0.0,0.0,0.0,0.0,0.30469274520874023,0.30469274520874023,0.304692804813385,0.30469274520874023,0.33220455050468445,0.04114978387951851,0.04114978387951851,0.39053526520729065,0.4118903577327728,1.074061632156372,1.191715955734253,0.0,0.0,0.0,0.0,0.0,0.0,0.0
70710139603,0,-0.02080148085951805,-0.14620105922222137,-0.12788167595863342,-0.02080148085951805,-0.14620105922222137,-0.8278816938400269,-0.017328975722193718,0.00655400799587369,0.007293109316378832,0.0,0.0,0.0,-0.012481643818318844,-0.019522257149219513,-0.010293465107679367,0.0,0.0,-0.010293466039001942,0.064394012093544,0.05026323348283768,0.02934996411204338,0.09827778488397598,0.15551410615444183,5.098217661725357e-05,0.0,0.0,0.0,-0.23287656903266907,10.088459968566895,0.0454254150390625,9.800445556640625,0.25309303402900696,-10.0,-9.880027770996094,14.67492389678955,2.0,2.0,17.789152145385742,0.30357420444488525,0.28977540135383606,0.30357420444488525,0.29744139313697815,0.0,0.30469265580177307,0.30469265580177307,0.30469265580177307,0.30469265580177307,0.0,-0.959823727607727,0.6948122978210449,-10.72630786895752,0.0,0.0,0.0,0.0,0.0,0.0,0.0,0.0,0.0,0.0,0.0,0.0,0.0,0.0,0.0,0.30469274520874023,0.30469274520874023,0.304692804813385,0.30469274520874023,0.33220455050468445,0.04114978387951851,0.04114978387951851,0.39053526520729065,0.4118903577327728,1.074061632156372,1.191715955734253,0.0,0.0,0.0,0.0,0.0,0.0,0.0
70718499692,0,-0.02080148085951805,-0.14620105922222137,-0.12788167595863342,-0.02080148085951805,-0.14620105922222137,-0.8278816938400269,-0.017328975722193718,0.00655400799587369,0.007293109316378832,0.0,0.0,0.0,-0.012481643818318844,-0.019522257149219513,-0.010293465107679367,0.0,0.0,-0.010293466039001942,0.064394012093544,0.05026323348283768,0.02934996411204338,0.09827778488397598,0.15551410615444183,5.098217661725357e-05,0.0,0.0,0.0,-0.23287656903266907,10.088459968566895,0.0454254150390625,9.800445556640625,0.25309303402900696,-10.0,-9.880027770996094,14.67492389678955,2.0,2.0,17.789152145385742,0.30357420444488525,0.28977540135383606,0.30357420444488525,0.29590821266174316,0.0,0.30469265580177307,0.30469265580177307,0.30469265580177307,0.30469265580177307,0.0,-0.959823727607727,0.6948122978210449,-10.72630786895752,0.0,0.0,0.0,0.0,0.0,0.0,0.0,0.0,0.0,0.0,0.0,0.0,0.0,0.0,0.0,0.30469274520874023,0.30469274520874023,0.304692804813385,0.30469274520874023,0.33220455050468445,0.04114978387951851,0.04114978387951851,0.39053526520729065,0.4118903577327728,1.074061632156372,1.191715955734253,0.0,0.0,0.0,0.0,0.0,0.0,0.0
70727862301,0,-0.02080148085951805,-0.14620105922222137,-0.12788167595863342,-0.02080148085951805,-0.14620105922222137,-0.8278816938400269,-0.017328975722193718,0.00655400799587369,0.007293109316378832,0.0,0.0,0.0,-0.012481643818318844,-0.019522257149219513,-0.010293465107679367,0.0,0.0,-0.010293466039001942,0.064394012093544,0.05026323348283768,0.02934996411204338,0.09827778488397598,0.15551410615444183,5.098217661725357e-05,0.0,0.0,0.0,-0.23287656903266907,10.088459968566895,0.0454254150390625,9.800445556640625,0.25309303402900696,-10.0,-9.880027770996094,14.67492389678955,2.0,2.0,17.789152145385742,0.30357420444488525,0.28977540135383606,0.30357420444488525,0.29744139313697815,0.0,0.30469265580177307,0.30469265580177307,0.30469265580177307,0.30469265580177307,0.0,-0.959823727607727,0.6948122978210449,-10.72630786895752,0.0,0.0,0.0,0.0,0.0,0.0,0.0,0.0,0.0,0.0,0.0,0.0,0.0,0.0,0.0,0.30469274520874023,0.30469274520874023,0.304692804813385,0.30469274520874023,0.33220455050468445,0.04114978387951851,0.04114978387951851,0.39053526520729065,0.4118903577327728,1.074061632156372,1.191715955734253,0.0,0.0,0.0,0.0,0.0,0.0,0.0
70737724384,0,-0.02080148085951805,-0.14620105922222137,-0.12788167595863342,-0.02080148085951805,-0.14620105922222137,-0.8278816938400269,-0.017328975722193718,0.00655400799587369,0.007293109316378832,0.0,0.0,0.0,-0.012481643818318844,-0.019522257149219513,-0.010293465107679367,0.0,0.0,-0.010293466039001942,0.064394012093544,0.05026323348283768,0.02934996411204338,0.09827778488397598,0.15551410615444183,5.098217661725357e-05,0.0,0.0,0.0,-0.23287656903266907,10.088459968566895,0.0454254150390625,9.800445556640625,0.25309303402900696,-10.0,-9.880027770996094,14.67492389678955,2.0,2.0,17.789152145385742,0.30357420444488525,0.28977540135383606,0.30357420444488525,0.29744139313697815,0.0,0.30469265580177307,0.30469265580177307,0.30469265580177307,0.30469265580177307,0.0,-0.959823727607727,0.6948122978210449,-10.72630786895752,0.0,0.0,0.0,0.0,0.0,0.0,0.0,0.0,0.0,0.0,0.0,0.0,0.0,0.0,0.0,0.30469274520874023,0.30469274520874023,0.304692804813385,0.30469274520874023,0.33220455050468445,0.04114978387951851,0.04114978387951851,0.39053526520729065,0.4118903577327728,1.074061632156372,1.191715955734253,0.0,0.0,0.0,0.0,0.0,0.0,0.0
70757514275,0,-0.02080148085951805,-0.14620105922222137,-0.12788167595863342,-0.02080148085951805,-0.14620105922222137,-0.8278816938400269,-0.017328975722193718,0.00655400799587369,0.007293109316378832,0.0,0.0,0.0,-0.012481643818318844,-0.019522257149219513,-0.010293465107679367,0.0,0.0,-0.010293466039001942,0.064394012093544,0.05026323348283768,0.02934996411204338,0.09827778488397598,0.15551410615444183,5.098217661725357e-05,0.0,0.0,0.0,-0.23287656903266907,10.088459968566895,0.0454254150390625,9.800445556640625,0.25309303402900696,-10.0,-9.880027770996094,14.67492389678955,2.0,2.0,17.789152145385742,0.30357420444488525,0.28977540135383606,0.30357420444488525,0.29744139313697815,0.0,0.30469265580177307,0.30469265580177307,0.30469265580177307,0.30469265580177307,0.0,-0.959823727607727,0.6948122978210449,-10.72630786895752,0.0,0.0,0.0,0.0,0.0,0.0,0.0,0.0,0.0,0.0,0.0,0.0,0.0,0.0,0.0,0.30469274520874023,0.30469274520874023,0.304692804813385,0.30469274520874023,0.33220455050468445,0.04114978387951851,0.04114978387951851,0.39053526520729065,0.4118903577327728,1.074061632156372,1.191715955734253,0.0,0.0,0.0,0.0,0.0,0.0,0.0
70760039240,0,-0.02080148085951805,-0.14620105922222137,-0.12788167595863342,-0.02080148085951805,-0.14620105922222137,-0.8278816938400269,-0.017328975722193718,0.00655400799587369,0.007293109316378832,0.0,0.0,0.0,-0.012481643818318844,-0.019522257149219513,-0.010293465107679367,0.0,0.0,-0.010293466039001942,0.064394012093544,0.05026323348283768,0.02934996411204338,0.09827778488397598,0.15551410615444183,5.098217661725357e-05,0.0,0.0,0.0,-0.23287656903266907,10.088459968566895,0.0454254150390625,9.800445556640625,0.25309303402900696,-10.0,-9.880027770996094,14.67492389678955,2.0,2.0,17.789152145385742,0.30357420444488525,0.28977540135383606,0.30357420444488525,0.29744139313697815,0.0,0.30469265580177307,0.30469265580177307,0.30469265580177307,0.30469265580177307,0.0,-0.959823727607727,0.6948122978210449,-10.72630786895752,0.0,0.0,0.0,0.0,0.0,0.0,0.0,0.0,0.0,0.0,0.0,0.0,0.0,0.0,0.0,0.30469274520874023,0.30469274520874023,0.304692804813385,0.30469274520874023,0.33220455050468445,0.04114978387951851,0.04114978387951851,0.39053526520729065,0.4118903577327728,1.074061632156372,1.191715955734253,0.0,0.0,0.0,0.0,0.0,0.0,0.0
70767734856,0,-0.02080148085951805,-0.14620105922222137,-0.12788167595863342,-0.02080148085951805,-0.14620105922222137,-0.8278816938400269,-0.017328975722193718,0.00655400799587369,0.007293109316378832,0.0,0.0,0.0,-0.012481643818318844,-0.019522257149219513,-0.010293465107679367,0.0,0.0,-0.010293466039001942,0.064394012093544,0.05026323348283768,0.02934996411204338,0.09827778488397598,0.15551410615444183,5.098217661725357e-05,0.0,0.0,0.0,-0.23287656903266907,10.088459968566895,0.0454254150390625,9.800445556640625,0.25309303402900696,-10.0,-9.880027770996094,14.67492389678955,2.0,2.0,17.789152145385742,0.30357420444488525,0.28977540135383606,0.30357420444488525,0.29744139313697815,0.0,0.30469265580177307,0.30469265580177307,0.30469265580177307,0.30469265580177307,0.0,-0.959823727607727,0.6948122978210449,-10.72630786895752,0.0,0.0,0.0,0.0,0.0,0.0,0.0,0.0,0.0,0.0,0.0,0.0,0.0,0.0,0.0,0.30469274520874023,0.30469274520874023,0.304692804813385,0.30469274520874023,0.33220455050468445,0.04114978387951851,0.04114978387951851,0.39053526520729065,0.4118903577327728,1.074061632156372,1.191715955734253,0.0,0.0,0.0,0.0,0.0,0.0,0.0
70777580487,0,-0.02080148085951805,-0.14620105922222137,-0.12788167595863342,-0.02080148085951805,-0.14620105922222137,-0.8278816938400269,-0.017328975722193718,0.00655400799587369,0.007293109316378832,0.0,0.0,0.0,-0.012481643818318844,-0.019522257149219513,-0.010293465107679367,0.0,0.0,-0.010293466039001942,0.064394012093544,0.05026323348283768,0.02934996411204338,0.09827778488397598,0.15551410615444183,5.098217661725357e-05,0.0,0.0,0.0,-0.23287656903266907,10.088459968566895,0.0454254150390625,9.800445556640625,0.25309303402900696,-10.0,-9.880027770996094,14.67492389678955,2.0,2.0,17.789152145385742,0.30357420444488525,0.28977540135383606,0.30357420444488525,0.29744139313697815,0.0,0.30469265580177307,0.30469265580177307,0.30469265580177307,0.30469265580177307,0.0,-0.959823727607727,0.6948122978210449,-10.72630786895752,0.0,0.0,0.0,0.0,0.0,0.0,0.0,0.0,0.0,0.0,0.0,0.0,0.0,0.0,0.0,0.30469274520874023,0.30469274520874023,0.304692804813385,0.30469274520874023,0.33220455050468445,0.04114978387951851,0.04114978387951851,0.39053526520729065,0.4118903577327728,1.074061632156372,1.191715955734253,0.0,0.0,0.0,0.0,0.0,0.0,0.0
70789681782,0,-0.02080148085951805,-0.14620105922222137,-0.12788167595863342,-0.02080148085951805,-0.14620105922222137,-0.8278816938400269,-0.017328975722193718,0.00655400799587369,0.007293109316378832,0.0,0.0,0.0,-0.012481643818318844,-0.019522257149219513,-0.010293465107679367,0.0,0.0,-0.010293466039001942,0.064394012093544,0.05026323348283768,0.02934996411204338,0.09827778488397598,0.15551410615444183,5.098217661725357e-05,0.0,0.0,0.0,-0.23287656903266907,10.088459968566895,0.0454254150390625,9.800445556640625,0.25309303402900696,-10.0,-9.880027770996094,14.67492389678955,2.0,2.0,17.789152145385742,0.30357420444488525,0.28977540135383606,0.30357420444488525,0.29744139313697815,0.0,0.30469265580177307,0.30469265580177307,0.30469265580177307,0.30469265580177307,0.0,-0.959823727607727,0.6948122978210449,-10.72630786895752,0.0,0.0,0.0,0.0,0.0,0.0,0.0,0.0,0.0,0.0,0.0,0.0,0.0,0.0,0.0,0.30469274520874023,0.30469274520874023,0.304692804813385,0.30469274520874023,0.33220455050468445,0.04114978387951851,0.04114978387951851,0.39053526520729065,0.4118903577327728,1.074061632156372,1.191715955734253,0.0,0.0,0.0,0.0,0.0,0.0,0.0
70797908561,0,-0.02080148085951805,-0.14620105922222137,-0.12788167595863342,-0.02080148085951805,-0.14620105922222137,-0.8278816938400269,-0.017328975722193718,0.00655400799587369,0.007293109316378832,0.0,0.0,0.0,-0.012481643818318844,-0.019522257149219513,-0.010293465107679367,0.0,0.0,-0.010293466039001942,0.064394012093544,0.05026323348283768,0.02934996411204338,0.09827778488397598,0.15551410615444183,5.098217661725357e-05,0.0,0.0,0.0,-0.23287656903266907,10.088459968566895,0.0454254150390625,9.800445556640625,0.25309303402900696,-10.0,-9.880027770996094,14.67492389678955,2.0,2.0,17.789152145385742,0.30357420444488525,0.28977540135383606,0.30357420444488525,0.29744139313697815,0.0,0.30469265580177307,0.30469265580177307,0.30469265580177307,0.30469265580177307,0.0,-0.959823727607727,0.6948122978210449,-10.72630786895752,0.0,0.0,0.0,0.0,0.0,0.0,0.0,0.0,0.0,0.0,0.0,0.0,0.0,0.0,0.0,0.30469274520874023,0.30469274520874023,0.304692804813385,0.30469274520874023,0.33220455050468445,0.04114978387951851,0.04114978387951851,0.39053526520729065,0.4118903577327728,1.074061632156372,1.191715955734253,0.0,0.0,0.0,0.0,0.0,0.0,0.0
70807604274,0,-0.02080148085951805,-0.14620105922222137,-0.12788167595863342,-0.02080148085951805,-0.14620105922222137,-0.8278816938400269,-0.017328975722193718,0.00655400799587369,0.007293109316378832,0.0,0.0,0.0,-0.012481643818318844,-0.019522257149219513,-0.010293465107679367,0.0,0.0,-0.010293466039001942,0.064394012093544,0.05026323348283768,0.02934996411204338,0.09827778488397598,0.15551410615444183,5.098217661725357e-05,0.0,0.0,0.0,-0.23287656903266907,10.088459968566895,0.0454254150390625,9.800445556640625,0.25309303402900696,-10.0,-9.880027770996094,14.67492389678955,2.0,2.0,17.789152145385742,0.30357420444488525,0.28977540135383606,0.30357420444488525,0.29744139313697815,0.0,0.30469265580177307,0.30469265580177307,0.30469265580177307,0.30469265580177307,0.0,-0.959823727607727,0.6948122978210449,-10.72630786895752,0.0,0.0,0.0,0.0,0.0,0.0,0.0,0.0,0.0,0.0,0.0,0.0,0.0,0.0,0.0,0.30469274520874023,0.30469274520874023,0.304692804813385,0.30469274520874023,0.33220455050468445,0.04114978387951851,0.04114978387951851,0.39053526520729065,0.4118903577327728,1.074061632156372,1.191715955734253,0.0,0.0,0.0,0.0,0.0,0.0,0.0
70817952555,0,-0.02080148085951805,-0.14620105922222137,-0.12788167595863342,-0.02080148085951805,-0.14620105922222137,-0.8278816938400269,-0.017328975722193718,0.00655400799587369,0.007293109316378832,0.0,0.0,0.0,-0.012481643818318844,-0.019522257149219513,-0.010293465107679367,0.0,0.0,-0.010293466039001942,0.064394012093544,0.05026323348283768,0.02934996411204338,0.09827778488397598,0.15551410615444183,5.098217661725357e-05,0.0,0.0,0.0,-0.23287656903266907,10.088459968566895,0.0454254150390625,9.800445556640625,0.25309303402900696,-10.0,-9.880027770996094,14.67492389678955,2.0,2.0,17.789152145385742,0.30357420444488525,0.28977540135383606,0.30357420444488525,0.29744139313697815,0.0,0.30469265580177307,0.30469265580177307,0.30469265580177307,0.30469265580177307,0.0,-0.959823727607727,0.6948122978210449,-10.72630786895752,0.0,0.0,0.0,0.0,0.0,0.0,0.0,0.0,0.0,0.0,0.0,0.0,0.0,0.0,0.0,0.30469274520874023,0.30469274520874023,0.304692804813385,0.30469274520874023,0.33220455050468445,0.04114978387951851,0.04114978387951851,0.39053526520729065,0.4118903577327728,1.074061632156372,1.191715955734253,0.0,0.0,0.0,0.0,0.0,0.0,0.0
70828059848,0,-0.02080148085951805,-0.14620105922222137,-0.12788167595863342,-0.02080148085951805,-0.14620105922222137,-0.8278816938400269,-0.017328975722193718,0.00655400799587369,0.007293109316378832,0.0,0.0,0.0,-0.012481643818318844,-0.019522257149219513,-0.010293465107679367,0.0,0.0,-0.010293466039001942,0.064394012093544,0.05026323348283768,0.02934996411204338,0.09827778488397598,0.15551410615444183,5.098217661725357e-05,0.0,0.0,0.0,-0.23287656903266907,10.088459968566895,0.0454254150390625,9.800445556640625,0.25309303402900696,-10.0,-9.880027770996094,14.67492389678955,2.0,2.0,17.789152145385742,0.30357420444488525,0.28977540135383606,0.30357420444488525,0.29590821266174316,0.0,0.30469265580177307,0.30469265580177307,0.30469265580177307,0.30469265580177307,0.0,-0.959823727607727,0.6948122978210449,-10.72630786895752,0.0,0.0,0.0,0.0,0.0,0.0,0.0,0.0,0.0,0.0,0.0,0.0,0.0,0.0,0.0,0.30469274520874023,0.30469274520874023,0.304692804813385,0.30469274520874023,0.33220455050468445,0.04114978387951851,0.04114978387951851,0.39053526520729065,0.4118903577327728,1.074061632156372,1.191715955734253,0.0,0.0,0.0,0.0,0.0,0.0,0.0
70838761837,0,-0.02080148085951805,-0.14620105922222137,-0.12788167595863342,-0.02080148085951805,-0.14620105922222137,-0.8278816938400269,-0.017328975722193718,0.00655400799587369,0.007293109316378832,0.0,0.0,0.0,-0.012481643818318844,-0.019522257149219513,-0.010293465107679367,0.0,0.0,-0.010293466039001942,0.064394012093544,0.05026323348283768,0.02934996411204338,0.09827778488397598,0.15551410615444183,5.098217661725357e-05,0.0,0.0,0.0,-0.23287656903266907,10.088459968566895,0.0454254150390625,9.800445556640625,0.25309303402900696,-10.0,-9.880027770996094,14.67492389678955,2.0,2.0,17.789152145385742,0.30357420444488525,0.28977540135383606,0.30357420444488525,0.29590821266174316,0.0,0.30469265580177307,0.30469265580177307,0.30469265580177307,0.30469265580177307,0.0,-0.959823727607727,0.6948122978210449,-10.72630786895752,0.0,0.0,0.0,0.0,0.0,0.0,0.0,0.0,0.0,0.0,0.0,0.0,0.0,0.0,0.0,0.30469274520874023,0.30469274520874023,0.304692804813385,0.30469274520874023,0.33220455050468445,0.04114978387951851,0.04114978387951851,0.39053526520729065,0.4118903577327728,1.074061632156372,1.191715955734253,0.0,0.0,0.0,0.0,0.0,0.0,0.0
70849344543,0,-0.02080148085951805,-0.14620105922222137,-0.12788167595863342,-0.02080148085951805,-0.14620105922222137,-0.8278816938400269,-0.017328975722193718,0.00655400799587369,0.007293109316378832,0.0,0.0,0.0,-0.012481643818318844,-0.019522257149219513,-0.010293465107679367,0.0,0.0,-0.010293466039001942,0.064394012093544,0.05026323348283768,0.02934996411204338,0.09827778488397598,0.15551410615444183,5.098217661725357e-05,0.0,0.0,0.0,-0.23287656903266907,10.088459968566895,0.0454254150390625,9.800445556640625,0.25309303402900696,-10.0,-9.880027770996094,14.67492389678955,2.0,2.0,17.789152145385742,0.30357420444488525,0.28977540135383606,0.30357420444488525,0.29590821266174316,0.0,0.30469265580177307,0.30469265580177307,0.30469265580177307,0.30469265580177307,0.0,-0.959823727607727,0.6948122978210449,-10.72630786895752,0.0,0.0,0.0,0.0,0.0,0.0,0.0,0.0,0.0,0.0,0.0,0.0,0.0,0.0,0.0,0.30469274520874023,0.30469274520874023,0.304692804813385,0.30469274520874023,0.33220455050468445,0.04114978387951851,0.04114978387951851,0.39053526520729065,0.4118903577327728,1.074061632156372,1.191715955734253,0.0,0.0,0.0,0.0,0.0,0.0,0.0
70866712848,0,-0.02080148085951805,-0.14620105922222137,-0.12788167595863342,-0.02080148085951805,-0.14620105922222137,-0.8278816938400269,-0.017328975722193718,0.00655400799587369,0.007293109316378832,0.0,0.0,0.0,-0.012481643818318844,-0.019522257149219513,-0.010293465107679367,0.0,0.0,-0.010293466039001942,0.064394012093544,0.05026323348283768,0.02934996411204338,0.09827778488397598,0.15551410615444183,5.098217661725357e-05,0.0,0.0,0.0,-0.23287656903266907,10.088459968566895,0.0454254150390625,9.800445556640625,0.25309303402900696,-10.0,-9.880027770996094,14.67492389678955,2.0,2.0,17.789152145385742,0.30357420444488525,0.28977540135383606,0.30357420444488525,0.29744139313697815,0.0,0.30469265580177307,0.30469265580177307,0.30469265580177307,0.30469265580177307,0.0,-0.959823727607727,0.6948122978210449,-10.72630786895752,0.0,0.0,0.0,0.0,0.0,0.0,0.0,0.0,0.0,0.0,0.0,0.0,0.0,0.0,0.0,0.30469274520874023,0.30469274520874023,0.304692804813385,0.30469274520874023,0.33220455050468445,0.04114978387951851,0.04114978387951851,0.39053526520729065,0.4118903577327728,1.074061632156372,1.191715955734253,0.0,0.0,0.0,0.0,0.0,0.0,0.0
70867926263,0,-0.02080148085951805,-0.14620105922222137,-0.12788167595863342,-0.02080148085951805,-0.14620105922222137,-0.8278816938400269,-0.017328975722193718,0.00655400799587369,0.007293109316378832,0.0,0.0,0.0,-0.012481643818318844,-0.019522257149219513,-0.010293465107679367,0.0,0.0,-0.010293466039001942,0.064394012093544,0.05026323348283768,0.02934996411204338,0.09827778488397598,0.15551410615444183,5.098217661725357e-05,0.0,0.0,0.0,-0.23287656903266907,10.088459968566895,0.0454254150390625,9.800445556640625,0.25309303402900696,-10.0,-9.880027770996094,14.67492389678955,2.0,2.0,17.789152145385742,0.30357420444488525,0.28977540135383606,0.30357420444488525,0.29590821266174316,0.0,0.30469265580177307,0.30469265580177307,0.30469265580177307,0.30469265580177307,0.0,-0.959823727607727,0.6948122978210449,-10.72630786895752,0.0,0.0,0.0,0.0,0.0,0.0,0.0,0.0,0.0,0.0,0.0,0.0,0.0,0.0,0.0,0.30469274520874023,0.30469274520874023,0.304692804813385,0.30469274520874023,0.33220455050468445,0.04114978387951851,0.04114978387951851,0.39053526520729065,0.4118903577327728,1.074061632156372,1.191715955734253,0.0,0.0,0.0,0.0,0.0,0.0,0.0
70877545453,0,-0.02080148085951805,-0.14620105922222137,-0.12788167595863342,-0.02080148085951805,-0.14620105922222137,-0.8278816938400269,-0.017328975722193718,0.00655400799587369,0.007293109316378832,0.0,0.0,0.0,-0.012481643818318844,-0.019522257149219513,-0.010293465107679367,0.0,0.0,-0.010293466039001942,0.064394012093544,0.05026323348283768,0.02934996411204338,0.09827778488397598,0.15551410615444183,5.098217661725357e-05,0.0,0.0,0.0,-0.23287656903266907,10.088459968566895,0.0454254150390625,9.800445556640625,0.25309303402900696,-10.0,-9.880027770996094,14.67492389678955,2.0,2.0,17.789152145385742,0.30357420444488525,0.28977540135383606,0.30357420444488525,0.29744139313697815,0.0,0.30469265580177307,0.30469265580177307,0.30469265580177307,0.30469265580177307,0.0,-0.959823727607727,0.6948122978210449,-10.72630786895752,0.0,0.0,0.0,0.0,0.0,0.0,0.0,0.0,0.0,0.0,0.0,0.0,0.0,0.0,0.0,0.30469274520874023,0.30469274520874023,0.304692804813385,0.30469274520874023,0.33220455050468445,0.04114978387951851,0.04114978387951851,0.39053526520729065,0.4118903577327728,1.074061632156372,1.191715955734253,0.0,0.0,0.0,0.0,0.0,0.0,0.0
70888496883,0,-0.02080148085951805,-0.14620105922222137,-0.12788167595863342,-0.02080148085951805,-0.14620105922222137,-0.8278816938400269,-0.017328975722193718,0.00655400799587369,0.007293109316378832,0.0,0.0,0.0,-0.012481643818318844,-0.019522257149219513,-0.010293465107679367,0.0,0.0,-0.010293466039001942,0.064394012093544,0.05026323348283768,0.02934996411204338,0.09827778488397598,0.15551410615444183,5.098217661725357e-05,0.0,0.0,0.0,-0.23287656903266907,10.088459968566895,0.0454254150390625,9.800445556640625,0.25309303402900696,-10.0,-9.880027770996094,14.67492389678955,2.0,2.0,17.789152145385742,0.30357420444488525,0.28977540135383606,0.30357420444488525,0.29590821266174316,0.0,0.30469265580177307,0.30469265580177307,0.30469265580177307,0.30469265580177307,0.0,-0.959823727607727,0.6948122978210449,-10.72630786895752,0.0,0.0,0.0,0.0,0.0,0.0,0.0,0.0,0.0,0.0,0.0,0.0,0.0,0.0,0.0,0.30469274520874023,0.30469274520874023,0.304692804813385,0.30469274520874023,0.33220455050468445,0.04114978387951851,0.04114978387951851,0.39053526520729065,0.4118903577327728,1.074061632156372,1.191715955734253,0.0,0.0,0.0,0.0,0.0,0.0,0.0
70900721919,0,-0.02080148085951805,-0.14620105922222137,-0.12788167595863342,-0.02080148085951805,-0.14620105922222137,-0.8278816938400269,-0.017328975722193718,0.00655400799587369,0.007293109316378832,0.0,0.0,0.0,-0.012481643818318844,-0.019522257149219513,-0.010293465107679367,0.0,0.0,-0.010293466039001942,0.064394012093544,0.05026323348283768,0.02934996411204338,0.09827778488397598,0.15551410615444183,5.098217661725357e-05,0.0,0.0,0.0,-0.23287656903266907,10.088459968566895,0.0454254150390625,9.800445556640625,0.25309303402900696,-10.0,-9.880027770996094,14.67492389678955,2.0,2.0,17.789152145385742,0.30357420444488525,0.28977540135383606,0.30357420444488525,0.29744139313697815,0.0,0.30469265580177307,0.30469265580177307,0.30469265580177307,0.30469265580177307,0.0,-0.959823727607727,0.6948122978210449,-10.72630786895752,0.0,0.0,0.0,0.0,0.0,0.0,0.0,0.0,0.0,0.0,0.0,0.0,0.0,0.0,0.0,0.30469274520874023,0.30469274520874023,0.304692804813385,0.30469274520874023,0.33220455050468445,0.04114978387951851,0.04114978387951851,0.39053526520729065,0.4118903577327728,1.074061632156372,1.191715955734253,0.0,0.0,0.0,0.0,0.0,0.0,0.0
70908409032,0,-0.02080148085951805,-0.14620105922222137,-0.12788167595863342,-0.02080148085951805,-0.14620105922222137,-0.8278816938400269,-0.017328975722193718,0.00655400799587369,0.007293109316378832,0.0,0.0,0.0,-0.012481643818318844,-0.019522257149219513,-0.010293465107679367,0.0,0.0,-0.010293466039001942,0.064394012093544,0.05026323348283768,0.02934996411204338,0.09827778488397598,0.15551410615444183,5.098217661725357e-05,0.0,0.0,0.0,-0.23287656903266907,10.088459968566895,0.0454254150390625,9.800445556640625,0.25309303402900696,-10.0,-9.880027770996094,14.67492389678955,2.0,2.0,17.789152145385742,0.30357420444488525,0.28977540135383606,0.30357420444488525,0.29744139313697815,0.0,0.30469265580177307,0.30469265580177307,0.30469265580177307,0.30469265580177307,0.0,-0.959823727607727,0.6948122978210449,-10.72630786895752,0.0,0.0,0.0,0.0,0.0,0.0,0.0,0.0,0.0,0.0,0.0,0.0,0.0,0.0,0.0,0.30469274520874023,0.30469274520874023,0.304692804813385,0.30469274520874023,0.33220455050468445,0.04114978387951851,0.04114978387951851,0.39053526520729065,0.4118903577327728,1.074061632156372,1.191715955734253,0.0,0.0,0.0,0.0,0.0,0.0,0.0
70918504094,0,-0.02080148085951805,-0.14620105922222137,-0.12788167595863342,-0.02080148085951805,-0.14620105922222137,-0.8278816938400269,-0.017328975722193718,0.00655400799587369,0.007293109316378832,0.0,0.0,0.0,-0.012481643818318844,-0.019522257149219513,-0.010293465107679367,0.0,0.0,-0.010293466039001942,0.064394012093544,0.05026323348283768,0.02934996411204338,0.09827778488397598,0.15551410615444183,5.098217661725357e-05,0.0,0.0,0.0,-0.23287656903266907,10.088459968566895,0.0454254150390625,9.800445556640625,0.25309303402900696,-10.0,-9.880027770996094,14.67492389678955,2.0,2.0,17.789152145385742,0.30357420444488525,0.28977540135383606,0.30357420444488525,0.29744139313697815,0.0,0.30469265580177307,0.30469265580177307,0.30469265580177307,0.30469265580177307,0.0,-0.959823727607727,0.6948122978210449,-10.72630786895752,0.0,0.0,0.0,0.0,0.0,0.0,0.0,0.0,0.0,0.0,0.0,0.0,0.0,0.0,0.0,0.30469274520874023,0.30469274520874023,0.304692804813385,0.30469274520874023,0.33220455050468445,0.04114978387951851,0.04114978387951851,0.39053526520729065,0.4118903577327728,1.074061632156372,1.191715955734253,0.0,0.0,0.0,0.0,0.0,0.0,0.0
70927570756,0,-0.02080148085951805,-0.14620105922222137,-0.12788167595863342,-0.02080148085951805,-0.14620105922222137,-0.8278816938400269,-0.017328975722193718,0.00655400799587369,0.007293109316378832,0.0,0.0,0.0,-0.012481643818318844,-0.019522257149219513,-0.010293465107679367,0.0,0.0,-0.010293466039001942,0.064394012093544,0.05026323348283768,0.02934996411204338,0.09827778488397598,0.15551410615444183,5.098217661725357e-05,0.0,0.0,0.0,-0.23287656903266907,10.088459968566895,0.0454254150390625,9.800445556640625,0.25309303402900696,-10.0,-9.880027770996094,14.67492389678955,2.0,2.0,17.789152145385742,0.30357420444488525,0.28977540135383606,0.30357420444488525,0.29590821266174316,0.0,0.30469265580177307,0.30469265580177307,0.30469265580177307,0.30469265580177307,0.0,-0.959823727607727,0.6948122978210449,-10.72630786895752,0.0,0.0,0.0,0.0,0.0,0.0,0.0,0.0,0.0,0.0,0.0,0.0,0.0,0.0,0.0,0.30469274520874023,0.30469274520874023,0.304692804813385,0.30469274520874023,0.33220455050468445,0.04114978387951851,0.04114978387951851,0.39053526520729065,0.4118903577327728,1.074061632156372,1.191715955734253,0.0,0.0,0.0,0.0,0.0,0.0,0.0
70937737729,0,-0.02080148085951805,-0.14620105922222137,-0.12788167595863342,-0.02080148085951805,-0.14620105922222137,-0.8278816938400269,-0.017328975722193718,0.00655400799587369,0.007293109316378832,0.0,0.0,0.0,-0.012481643818318844,-0.019522257149219513,-0.010293465107679367,0.0,0.0,-0.010293466039001942,0.064394012093544,0.05026323348283768,0.02934996411204338,0.09827778488397598,0.15551410615444183,5.098217661725357e-05,0.0,0.0,0.0,-0.23287656903266907,10.088459968566895,0.0454254150390625,9.800445556640625,0.25309303402900696,-10.0,-9.880027770996094,14.67492389678955,2.0,2.0,17.789152145385742,0.30357420444488525,0.28977540135383606,0.30357420444488525,0.29744139313697815,0.0,0.30469265580177307,0.30469265580177307,0.30469265580177307,0.30469265580177307,0.0,-0.959823727607727,0.6948122978210449,-10.72630786895752,0.0,0.0,0.0,0.0,0.0,0.0,0.0,0.0,0.0,0.0,0.0,0.0,0.0,0.0,0.0,0.30469274520874023,0.30469274520874023,0.304692804813385,0.30469274520874023,0.33220455050468445,0.04114978387951851,0.04114978387951851,0.39053526520729065,0.4118903577327728,1.074061632156372,1.191715955734253,0.0,0.0,0.0,0.0,0.0,0.0,0.0
70947874471,0,-0.02080148085951805,-0.14620105922222137,-0.12788167595863342,-0.02080148085951805,-0.14620105922222137,-0.8278816938400269,-0.017328975722193718,0.00655400799587369,0.007293109316378832,0.0,0.0,0.0,-0.012481643818318844,-0.019522257149219513,-0.010293465107679367,0.0,0.0,-0.010293466039001942,0.064394012093544,0.05026323348283768,0.02934996411204338,0.09827778488397598,0.15551410615444183,5.098217661725357e-05,0.0,0.0,0.0,-0.23287656903266907,10.088459968566895,0.0454254150390625,9.800445556640625,0.25309303402900696,-10.0,-9.880027770996094,14.67492389678955,2.0,2.0,17.789152145385742,0.30357420444488525,0.28977540135383606,0.30357420444488525,0.29590821266174316,0.0,0.30469265580177307,0.30469265580177307,0.30469265580177307,0.30469265580177307,0.0,-0.959823727607727,0.6948122978210449,-10.72630786895752,0.0,0.0,0.0,0.0,0.0,0.0,0.0,0.0,0.0,0.0,0.0,0.0,0.0,0.0,0.0,0.30469274520874023,0.30469274520874023,0.304692804813385,0.30469274520874023,0.33220455050468445,0.04114978387951851,0.04114978387951851,0.39053526520729065,0.4118903577327728,1.074061632156372,1.191715955734253,0.0,0.0,0.0,0.0,0.0,0.0,0.0
70957751363,0,-0.02080148085951805,-0.14620105922222137,-0.12788167595863342,-0.02080148085951805,-0.14620105922222137,-0.8278816938400269,-0.017328975722193718,0.00655400799587369,0.007293109316378832,0.0,0.0,0.0,-0.012481643818318844,-0.019522257149219513,-0.010293465107679367,0.0,0.0,-0.010293466039001942,0.064394012093544,0.05026323348283768,0.02934996411204338,0.09827778488397598,0.15551410615444183,5.098217661725357e-05,0.0,0.0,0.0,-0.23287656903266907,10.088459968566895,0.0454254150390625,9.800445556640625,0.25309303402900696,-10.0,-9.880027770996094,14.67492389678955,2.0,2.0,17.789152145385742,0.30357420444488525,0.28977540135383606,0.30357420444488525,0.29590821266174316,0.0,0.30469265580177307,0.30469265580177307,0.30469265580177307,0.30469265580177307,0.0,-0.959823727607727,0.6948122978210449,-10.72630786895752,0.0,0.0,0.0,0.0,0.0,0.0,0.0,0.0,0.0,0.0,0.0,0.0,0.0,0.0,0.0,0.30469274520874023,0.30469274520874023,0.304692804813385,0.30469274520874023,0.33220455050468445,0.04114978387951851,0.04114978387951851,0.39053526520729065,0.4118903577327728,1.074061632156372,1.191715955734253,0.0,0.0,0.0,0.0,0.0,0.0,0.0
70967761246,0,-0.02080148085951805,-0.14620105922222137,-0.12788167595863342,-0.02080148085951805,-0.14620105922222137,-0.8278816938400269,-0.017328975722193718,0.00655400799587369,0.007293109316378832,0.0,0.0,0.0,-0.012481643818318844,-0.019522257149219513,-0.010293465107679367,0.0,0.0,-0.010293466039001942,0.064394012093544,0.05026323348283768,0.02934996411204338,0.09827778488397598,0.15551410615444183,5.098217661725357e-05,0.0,0.0,0.0,-0.23287656903266907,10.088459968566895,0.0454254150390625,9.800445556640625,0.25309303402900696,-10.0,-9.880027770996094,14.67492389678955,2.0,2.0,17.789152145385742,0.30357420444488525,0.28977540135383606,0.30357420444488525,0.29590821266174316,0.0,0.30469265580177307,0.30469265580177307,0.30469265580177307,0.30469265580177307,0.0,-0.959823727607727,0.6948122978210449,-10.72630786895752,0.0,0.0,0.0,0.0,0.0,0.0,0.0,0.0,0.0,0.0,0.0,0.0,0.0,0.0,0.0,0.30469274520874023,0.30469274520874023,0.304692804813385,0.30469274520874023,0.33220455050468445,0.04114978387951851,0.04114978387951851,0.39053526520729065,0.4118903577327728,1.074061632156372,1.191715955734253,0.0,0.0,0.0,0.0,0.0,0.0,0.0
70978009581,0,-0.02080148085951805,-0.14620105922222137,-0.12788167595863342,-0.02080148085951805,-0.14620105922222137,-0.8278816938400269,-0.017328975722193718,0.00655400799587369,0.007293109316378832,0.0,0.0,0.0,-0.012481643818318844,-0.019522257149219513,-0.010293465107679367,0.0,0.0,-0.010293466039001942,0.064394012093544,0.05026323348283768,0.02934996411204338,0.09827778488397598,0.15551410615444183,5.098217661725357e-05,0.0,0.0,0.0,-0.23287656903266907,10.088459968566895,0.0454254150390625,9.800445556640625,0.25309303402900696,-10.0,-9.880027770996094,14.67492389678955,2.0,2.0,17.789152145385742,0.30357420444488525,0.28977540135383606,0.30357420444488525,0.29744139313697815,0.0,0.30469265580177307,0.30469265580177307,0.30469265580177307,0.30469265580177307,0.0,-0.959823727607727,0.6948122978210449,-10.72630786895752,0.0,0.0,0.0,0.0,0.0,0.0,0.0,0.0,0.0,0.0,0.0,0.0,0.0,0.0,0.0,0.30469274520874023,0.30469274520874023,0.304692804813385,0.30469274520874023,0.33220455050468445,0.04114978387951851,0.04114978387951851,0.39053526520729065,0.4118903577327728,1.074061632156372,1.191715955734253,0.0,0.0,0.0,0.0,0.0,0.0,0.0
70987960419,0,-0.02080148085951805,-0.14620105922222137,-0.12788167595863342,-0.02080148085951805,-0.14620105922222137,-0.8278816938400269,-0.017328975722193718,0.00655400799587369,0.007293109316378832,0.0,0.0,0.0,-0.012481643818318844,-0.019522257149219513,-0.010293465107679367,0.0,0.0,-0.010293466039001942,0.064394012093544,0.05026323348283768,0.02934996411204338,0.09827778488397598,0.15551410615444183,5.098217661725357e-05,0.0,0.0,0.0,-0.23287656903266907,10.088459968566895,0.0454254150390625,9.800445556640625,0.25309303402900696,-10.0,-9.880027770996094,14.67492389678955,2.0,2.0,17.789152145385742,0.30357420444488525,0.28977540135383606,0.30357420444488525,0.29590821266174316,0.0,0.30469265580177307,0.30469265580177307,0.30469265580177307,0.30469265580177307,0.0,-0.959823727607727,0.6948122978210449,-10.72630786895752,0.0,0.0,0.0,0.0,0.0,0.0,0.0,0.0,0.0,0.0,0.0,0.0,0.0,0.0,0.0,0.30469274520874023,0.30469274520874023,0.304692804813385,0.30469274520874023,0.33220455050468445,0.04114978387951851,0.04114978387951851,0.39053526520729065,0.4118903577327728,1.074061632156372,1.191715955734253,0.0,0.0,0.0,0.0,0.0,0.0,0.0
70997701113,0,-0.02080148085951805,-0.14620105922222137,-0.12788167595863342,-0.02080148085951805,-0.14620105922222137,-0.8278816938400269,-0.017328975722193718,0.00655400799587369,0.007293109316378832,0.0,0.0,0.0,-0.012481643818318844,-0.019522257149219513,-0.010293465107679367,0.0,0.0,-0.010293466039001942,0.064394012093544,0.05026323348283768,0.02934996411204338,0.09827778488397598,0.15551410615444183,5.098217661725357e-05,0.0,0.0,0.0,-0.23287656903266907,10.088459968566895,0.0454254150390625,9.800445556640625,0.25309303402900696,-10.0,-9.880027770996094,14.67492389678955,2.0,2.0,17.789152145385742,0.30357420444488525,0.28977540135383606,0.30357420444488525,0.29744139313697815,0.0,0.30469265580177307,0.30469265580177307,0.30469265580177307,0.30469265580177307,0.0,-0.959823727607727,0.6948122978210449,-10.72630786895752,0.0,0.0,0.0,0.0,0.0,0.0,0.0,0.0,0.0,0.0,0.0,0.0,0.0,0.0,0.0,0.30469274520874023,0.30469274520874023,0.304692804813385,0.30469274520874023,0.33220455050468445,0.04114978387951851,0.04114978387951851,0.39053526520729065,0.4118903577327728,1.074061632156372,1.191715955734253,0.0,0.0,0.0,0.0,0.0,0.0,0.0
71007475799,0,-0.02080148085951805,-0.14620105922222137,-0.12788167595863342,-0.02080148085951805,-0.14620105922222137,-0.8278816938400269,-0.017328975722193718,0.00655400799587369,0.007293109316378832,0.0,0.0,0.0,-0.012481643818318844,-0.019522257149219513,-0.010293465107679367,0.0,0.0,-0.010293466039001942,0.064394012093544,0.05026323348283768,0.02934996411204338,0.09827778488397598,0.15551410615444183,5.098217661725357e-05,0.0,0.0,0.0,-0.23287656903266907,10.088459968566895,0.0454254150390625,9.800445556640625,0.25309303402900696,-10.0,-9.880027770996094,14.67492389678955,2.0,2.0,17.789152145385742,0.30357420444488525,0.28977540135383606,0.30357420444488525,0.29744139313697815,0.0,0.30469265580177307,0.30469265580177307,0.30469265580177307,0.30469265580177307,0.0,-0.959823727607727,0.6948122978210449,-10.72630786895752,0.0,0.0,0.0,0.0,0.0,0.0,0.0,0.0,0.0,0.0,0.0,0.0,0.0,0.0,0.0,0.30469274520874023,0.30469274520874023,0.304692804813385,0.30469274520874023,0.33220455050468445,0.04114978387951851,0.04114978387951851,0.39053526520729065,0.4118903577327728,1.074061632156372,1.191715955734253,0.0,0.0,0.0,0.0,0.0,0.0,0.0
71018350244,0,-0.02080148085951805,-0.14620105922222137,-0.12788167595863342,-0.02080148085951805,-0.14620105922222137,-0.8278816938400269,-0.017328975722193718,0.00655400799587369,0.007293109316378832,0.0,0.0,0.0,-0.012481643818318844,-0.019522257149219513,-0.010293465107679367,0.0,0.0,-0.010293466039001942,0.064394012093544,0.05026323348283768,0.02934996411204338,0.09827778488397598,0.15551410615444183,5.098217661725357e-05,0.0,0.0,0.0,-0.23287656903266907,10.088459968566895,0.0454254150390625,9.800445556640625,0.25309303402900696,-10.0,-9.880027770996094,14.67492389678955,2.0,2.0,17.789152145385742,0.30357420444488525,0.28977540135383606,0.30357420444488525,0.29744139313697815,0.0,0.30469265580177307,0.30469265580177307,0.30469265580177307,0.30469265580177307,0.0,-0.959823727607727,0.6948122978210449,-10.72630786895752,0.0,0.0,0.0,0.0,0.0,0.0,0.0,0.0,0.0,0.0,0.0,0.0,0.0,0.0,0.0,0.30469274520874023,0.30469274520874023,0.304692804813385,0.30469274520874023,0.33220455050468445,0.04114978387951851,0.04114978387951851,0.39053526520729065,0.4118903577327728,1.074061632156372,1.191715955734253,0.0,0.0,0.0,0.0,0.0,0.0,0.0
71027811089,0,-0.02080148085951805,-0.14620105922222137,-0.12788167595863342,-0.02080148085951805,-0.14620105922222137,-0.8278816938400269,-0.017328975722193718,0.00655400799587369,0.007293109316378832,0.0,0.0,0.0,-0.012481643818318844,-0.019522257149219513,-0.010293465107679367,0.0,0.0,-0.010293466039001942,0.064394012093544,0.05026323348283768,0.02934996411204338,0.09827778488397598,0.15551410615444183,5.098217661725357e-05,0.0,0.0,0.0,-0.23287656903266907,10.088459968566895,0.0454254150390625,9.800445556640625,0.25309303402900696,-10.0,-9.880027770996094,14.67492389678955,2.0,2.0,17.789152145385742,0.30357420444488525,0.28977540135383606,0.30357420444488525,0.29744139313697815,0.0,0.30469265580177307,0.30469265580177307,0.30469265580177307,0.30469265580177307,0.0,-0.959823727607727,0.6948122978210449,-10.72630786895752,0.0,0.0,0.0,0.0,0.0,0.0,0.0,0.0,0.0,0.0,0.0,0.0,0.0,0.0,0.0,0.30469274520874023,0.30469274520874023,0.304692804813385,0.30469274520874023,0.33220455050468445,0.04114978387951851,0.04114978387951851,0.39053526520729065,0.4118903577327728,1.074061632156372,1.191715955734253,0.0,0.0,0.0,0.0,0.0,0.0,0.0
71038128192,0,-0.02080148085951805,-0.14620105922222137,-0.12788167595863342,-0.02080148085951805,-0.14620105922222137,-0.8278816938400269,-0.017328975722193718,0.00655400799587369,0.007293109316378832,0.0,0.0,0.0,-0.012481643818318844,-0.019522257149219513,-0.010293465107679367,0.0,0.0,-0.010293466039001942,0.064394012093544,0.05026323348283768,0.02934996411204338,0.09827778488397598,0.15551410615444183,5.098217661725357e-05,0.0,0.0,0.0,-0.23287656903266907,10.088459968566895,0.0454254150390625,9.800445556640625,0.25309303402900696,-10.0,-9.880027770996094,14.67492389678955,2.0,2.0,17.789152145385742,0.30357420444488525,0.28977540135383606,0.30357420444488525,0.29744139313697815,0.0,0.30469265580177307,0.30469265580177307,0.30469265580177307,0.30469265580177307,0.0,-0.959823727607727,0.6948122978210449,-10.72630786895752,0.0,0.0,0.0,0.0,0.0,0.0,0.0,0.0,0.0,0.0,0.0,0.0,0.0,0.0,0.0,0.30469274520874023,0.30469274520874023,0.304692804813385,0.30469274520874023,0.33220455050468445,0.04114978387951851,0.04114978387951851,0.39053526520729065,0.4118903577327728,1.074061632156372,1.191715955734253,0.0,0.0,0.0,0.0,0.0,0.0,0.0
71047682850,0,-0.02080148085951805,-0.14620105922222137,-0.12788167595863342,-0.02080148085951805,-0.14620105922222137,-0.8278816938400269,-0.017328975722193718,0.00655400799587369,0.007293109316378832,0.0,0.0,0.0,-0.012481643818318844,-0.019522257149219513,-0.010293465107679367,0.0,0.0,-0.010293466039001942,0.064394012093544,0.05026323348283768,0.02934996411204338,0.09827778488397598,0.15551410615444183,5.098217661725357e-05,0.0,0.0,0.0,-0.23287656903266907,10.088459968566895,0.0454254150390625,9.800445556640625,0.25309303402900696,-10.0,-9.880027770996094,14.67492389678955,2.0,2.0,17.789152145385742,0.30357420444488525,0.28977540135383606,0.30357420444488525,0.29744139313697815,0.0,0.30469265580177307,0.30469265580177307,0.30469265580177307,0.30469265580177307,0.0,-0.959823727607727,0.6948122978210449,-10.72630786895752,0.0,0.0,0.0,0.0,0.0,0.0,0.0,0.0,0.0,0.0,0.0,0.0,0.0,0.0,0.0,0.30469274520874023,0.30469274520874023,0.304692804813385,0.30469274520874023,0.33220455050468445,0.04114978387951851,0.04114978387951851,0.39053526520729065,0.4118903577327728,1.074061632156372,1.191715955734253,0.0,0.0,0.0,0.0,0.0,0.0,0.0
71057611206,0,-0.02080148085951805,-0.14620105922222137,-0.12788167595863342,-0.02080148085951805,-0.14620105922222137,-0.8278816938400269,-0.017328975722193718,0.00655400799587369,0.007293109316378832,0.0,0.0,0.0,-0.012481643818318844,-0.019522257149219513,-0.010293465107679367,0.0,0.0,-0.010293466039001942,0.064394012093544,0.05026323348283768,0.02934996411204338,0.09827778488397598,0.15551410615444183,5.098217661725357e-05,0.0,0.0,0.0,-0.23287656903266907,10.088459968566895,0.0454254150390625,9.800445556640625,0.25309303402900696,-10.0,-9.880027770996094,14.67492389678955,2.0,2.0,17.789152145385742,0.30357420444488525,0.28977540135383606,0.30357420444488525,0.29744139313697815,0.0,0.30469265580177307,0.30469265580177307,0.30469265580177307,0.30469265580177307,0.0,-0.959823727607727,0.6948122978210449,-10.72630786895752,0.0,0.0,0.0,0.0,0.0,0.0,0.0,0.0,0.0,0.0,0.0,0.0,0.0,0.0,0.0,0.30469274520874023,0.30469274520874023,0.304692804813385,0.30469274520874023,0.33220455050468445,0.04114978387951851,0.04114978387951851,0.39053526520729065,0.4118903577327728,1.074061632156372,1.191715955734253,0.0,0.0,0.0,0.0,0.0,0.0,0.0
71067560648,0,-0.02080148085951805,-0.14620105922222137,-0.12788167595863342,-0.02080148085951805,-0.14620105922222137,-0.8278816938400269,-0.017328975722193718,0.00655400799587369,0.007293109316378832,0.0,0.0,0.0,-0.012481643818318844,-0.019522257149219513,-0.010293465107679367,0.0,0.0,-0.010293466039001942,0.064394012093544,0.05026323348283768,0.02934996411204338,0.09827778488397598,0.15551410615444183,5.098217661725357e-05,0.0,0.0,0.0,-0.23287656903266907,10.088459968566895,0.0454254150390625,9.800445556640625,0.25309303402900696,-10.0,-9.880027770996094,14.67492389678955,2.0,2.0,17.789152145385742,0.30357420444488525,0.28977540135383606,0.30357420444488525,0.29744139313697815,0.0,0.30469265580177307,0.30469265580177307,0.30469265580177307,0.30469265580177307,0.0,-0.959823727607727,0.6948122978210449,-10.72630786895752,0.0,0.0,0.0,0.0,0.0,0.0,0.0,0.0,0.0,0.0,0.0,0.0,0.0,0.0,0.0,0.30469274520874023,0.30469274520874023,0.304692804813385,0.30469274520874023,0.33220455050468445,0.04114978387951851,0.04114978387951851,0.39053526520729065,0.4118903577327728,1.074061632156372,1.191715955734253,0.0,0.0,0.0,0.0,0.0,0.0,0.0
71078527401,0,-0.02080148085951805,-0.14620105922222137,-0.12788167595863342,-0.02080148085951805,-0.14620105922222137,-0.8278816938400269,-0.017328975722193718,0.00655400799587369,0.007293109316378832,0.0,0.0,0.0,-0.012481643818318844,-0.019522257149219513,-0.010293465107679367,0.0,0.0,-0.010293466039001942,0.064394012093544,0.05026323348283768,0.02934996411204338,0.09827778488397598,0.15551410615444183,5.098217661725357e-05,0.0,0.0,0.0,-0.23287656903266907,10.088459968566895,0.0454254150390625,9.800445556640625,0.25309303402900696,-10.0,-9.880027770996094,14.67492389678955,2.0,2.0,17.789152145385742,0.30357420444488525,0.28977540135383606,0.30357420444488525,0.29590821266174316,0.0,0.30469265580177307,0.30469265580177307,0.30469265580177307,0.30469265580177307,0.0,-0.959823727607727,0.6948122978210449,-10.72630786895752,0.0,0.0,0.0,0.0,0.0,0.0,0.0,0.0,0.0,0.0,0.0,0.0,0.0,0.0,0.0,0.30469274520874023,0.30469274520874023,0.304692804813385,0.30469274520874023,0.33220455050468445,0.04114978387951851,0.04114978387951851,0.39053526520729065,0.4118903577327728,1.074061632156372,1.191715955734253,0.0,0.0,0.0,0.0,0.0,0.0,0.0
71088153342,0,-0.02080148085951805,-0.14620105922222137,-0.12788167595863342,-0.02080148085951805,-0.14620105922222137,-0.8278816938400269,-0.017328975722193718,0.00655400799587369,0.007293109316378832,0.0,0.0,0.0,-0.012481643818318844,-0.019522257149219513,-0.010293465107679367,0.0,0.0,-0.010293466039001942,0.064394012093544,0.05026323348283768,0.02934996411204338,0.09827778488397598,0.15551410615444183,5.098217661725357e-05,0.0,0.0,0.0,-0.23287656903266907,10.088459968566895,0.0454254150390625,9.800445556640625,0.25309303402900696,-10.0,-9.880027770996094,14.67492389678955,2.0,2.0,17.789152145385742,0.30357420444488525,0.28977540135383606,0.30357420444488525,0.29744139313697815,0.0,0.30469265580177307,0.30469265580177307,0.30469265580177307,0.30469265580177307,0.0,-0.959823727607727,0.6948122978210449,-10.72630786895752,0.0,0.0,0.0,0.0,0.0,0.0,0.0,0.0,0.0,0.0,0.0,0.0,0.0,0.0,0.0,0.30469274520874023,0.30469274520874023,0.304692804813385,0.30469274520874023,0.33220455050468445,0.04114978387951851,0.04114978387951851,0.39053526520729065,0.4118903577327728,1.074061632156372,1.191715955734253,0.0,0.0,0.0,0.0,0.0,0.0,0.0
71099290585,0,-0.02080148085951805,-0.14620105922222137,-0.12788167595863342,-0.02080148085951805,-0.14620105922222137,-0.8278816938400269,-0.017328975722193718,0.00655400799587369,0.007293109316378832,0.0,0.0,0.0,-0.012481643818318844,-0.019522257149219513,-0.010293465107679367,0.0,0.0,-0.010293466039001942,0.064394012093544,0.05026323348283768,0.02934996411204338,0.09827778488397598,0.15551410615444183,5.098217661725357e-05,0.0,0.0,0.0,-0.23287656903266907,10.088459968566895,0.0454254150390625,9.800445556640625,0.25309303402900696,-10.0,-9.880027770996094,14.67492389678955,2.0,2.0,17.789152145385742,0.30357420444488525,0.28977540135383606,0.30357420444488525,0.29744139313697815,0.0,0.30469265580177307,0.30469265580177307,0.30469265580177307,0.30469265580177307,0.0,-0.959823727607727,0.6948122978210449,-10.72630786895752,0.0,0.0,0.0,0.0,0.0,0.0,0.0,0.0,0.0,0.0,0.0,0.0,0.0,0.0,0.0,0.30469274520874023,0.30469274520874023,0.304692804813385,0.30469274520874023,0.33220455050468445,0.04114978387951851,0.04114978387951851,0.39053526520729065,0.4118903577327728,1.074061632156372,1.191715955734253,0.0,0.0,0.0,0.0,0.0,0.0,0.0
71109864645,0,-0.02080148085951805,-0.14620105922222137,-0.12788167595863342,-0.02080148085951805,-0.14620105922222137,-0.8278816938400269,-0.017328975722193718,0.00655400799587369,0.007293109316378832,0.0,0.0,0.0,-0.012481643818318844,-0.019522257149219513,-0.010293465107679367,0.0,0.0,-0.010293466039001942,0.064394012093544,0.05026323348283768,0.02934996411204338,0.09827778488397598,0.15551410615444183,5.098217661725357e-05,0.0,0.0,0.0,-0.23287656903266907,10.088459968566895,0.0454254150390625,9.800445556640625,0.25309303402900696,-10.0,-9.880027770996094,14.67492389678955,2.0,2.0,17.789152145385742,0.30357420444488525,0.28977540135383606,0.30357420444488525,0.29590821266174316,0.0,0.30469265580177307,0.30469265580177307,0.30469265580177307,0.30469265580177307,0.0,-0.959823727607727,0.6948122978210449,-10.72630786895752,0.0,0.0,0.0,0.0,0.0,0.0,0.0,0.0,0.0,0.0,0.0,0.0,0.0,0.0,0.0,0.30469274520874023,0.30469274520874023,0.304692804813385,0.30469274520874023,0.33220455050468445,0.04114978387951851,0.04114978387951851,0.39053526520729065,0.4118903577327728,1.074061632156372,1.191715955734253,0.0,0.0,0.0,0.0,0.0,0.0,0.0
71118402796,0,-0.02080148085951805,-0.14620105922222137,-0.12788167595863342,-0.02080148085951805,-0.14620105922222137,-0.8278816938400269,-0.017328975722193718,0.00655400799587369,0.007293109316378832,0.0,0.0,0.0,-0.012481643818318844,-0.019522257149219513,-0.010293465107679367,0.0,0.0,-0.010293466039001942,0.064394012093544,0.05026323348283768,0.02934996411204338,0.09827778488397598,0.15551410615444183,5.098217661725357e-05,0.0,0.0,0.0,-0.23287656903266907,10.088459968566895,0.0454254150390625,9.800445556640625,0.25309303402900696,-10.0,-9.880027770996094,14.67492389678955,2.0,2.0,17.789152145385742,0.30357420444488525,0.28977540135383606,0.30357420444488525,0.29590821266174316,0.0,0.30469265580177307,0.30469265580177307,0.30469265580177307,0.30469265580177307,0.0,-0.959823727607727,0.6948122978210449,-10.72630786895752,0.0,0.0,0.0,0.0,0.0,0.0,0.0,0.0,0.0,0.0,0.0,0.0,0.0,0.0,0.0,0.30469274520874023,0.30469274520874023,0.304692804813385,0.30469274520874023,0.33220455050468445,0.04114978387951851,0.04114978387951851,0.39053526520729065,0.4118903577327728,1.074061632156372,1.191715955734253,0.0,0.0,0.0,0.0,0.0,0.0,0.0
71128148582,0,-0.02080148085951805,-0.14620105922222137,-0.12788167595863342,-0.02080148085951805,-0.14620105922222137,-0.8278816938400269,-0.017328975722193718,0.00655400799587369,0.007293109316378832,0.0,0.0,0.0,-0.012481643818318844,-0.019522257149219513,-0.010293465107679367,0.0,0.0,-0.010293466039001942,0.064394012093544,0.05026323348283768,0.02934996411204338,0.09827778488397598,0.15551410615444183,5.098217661725357e-05,0.0,0.0,0.0,-0.23287656903266907,10.088459968566895,0.0454254150390625,9.800445556640625,0.25309303402900696,-10.0,-9.880027770996094,14.67492389678955,2.0,2.0,17.789152145385742,0.30357420444488525,0.28977540135383606,0.30357420444488525,0.29590821266174316,0.0,0.30469265580177307,0.30469265580177307,0.30469265580177307,0.30469265580177307,0.0,-0.959823727607727,0.6948122978210449,-10.72630786895752,0.0,0.0,0.0,0.0,0.0,0.0,0.0,0.0,0.0,0.0,0.0,0.0,0.0,0.0,0.0,0.30469274520874023,0.30469274520874023,0.304692804813385,0.30469274520874023,0.33220455050468445,0.04114978387951851,0.04114978387951851,0.39053526520729065,0.4118903577327728,1.074061632156372,1.191715955734253,0.0,0.0,0.0,0.0,0.0,0.0,0.0
71137410515,0,-0.02080148085951805,-0.14620105922222137,-0.12788167595863342,-0.02080148085951805,-0.14620105922222137,-0.8278816938400269,-0.017328975722193718,0.00655400799587369,0.007293109316378832,0.0,0.0,0.0,-0.012481643818318844,-0.019522257149219513,-0.010293465107679367,0.0,0.0,-0.010293466039001942,0.064394012093544,0.05026323348283768,0.02934996411204338,0.09827778488397598,0.15551410615444183,5.098217661725357e-05,0.0,0.0,0.0,-0.23287656903266907,10.088459968566895,0.0454254150390625,9.800445556640625,0.25309303402900696,-10.0,-9.880027770996094,14.67492389678955,2.0,2.0,17.789152145385742,0.30357420444488525,0.28977540135383606,0.30357420444488525,0.29744139313697815,0.0,0.30469265580177307,0.30469265580177307,0.30469265580177307,0.30469265580177307,0.0,-0.959823727607727,0.6948122978210449,-10.72630786895752,0.0,0.0,0.0,0.0,0.0,0.0,0.0,0.0,0.0,0.0,0.0,0.0,0.0,0.0,0.0,0.30469274520874023,0.30469274520874023,0.304692804813385,0.30469274520874023,0.33220455050468445,0.04114978387951851,0.04114978387951851,0.39053526520729065,0.4118903577327728,1.074061632156372,1.191715955734253,0.0,0.0,0.0,0.0,0.0,0.0,0.0
71148081308,0,-0.02080148085951805,-0.14620105922222137,-0.12788167595863342,-0.02080148085951805,-0.14620105922222137,-0.8278816938400269,-0.017328975722193718,0.00655400799587369,0.007293109316378832,0.0,0.0,0.0,-0.012481643818318844,-0.019522257149219513,-0.010293465107679367,0.0,0.0,-0.010293466039001942,0.064394012093544,0.05026323348283768,0.02934996411204338,0.09827778488397598,0.15551410615444183,5.098217661725357e-05,0.0,0.0,0.0,-0.23287656903266907,10.088459968566895,0.0454254150390625,9.800445556640625,0.25309303402900696,-10.0,-9.880027770996094,14.67492389678955,2.0,2.0,17.789152145385742,0.30357420444488525,0.28977540135383606,0.30357420444488525,0.29744139313697815,0.0,0.30469265580177307,0.30469265580177307,0.30469265580177307,0.30469265580177307,0.0,-0.959823727607727,0.6948122978210449,-10.72630786895752,0.0,0.0,0.0,0.0,0.0,0.0,0.0,0.0,0.0,0.0,0.0,0.0,0.0,0.0,0.0,0.30469274520874023,0.30469274520874023,0.304692804813385,0.30469274520874023,0.33220455050468445,0.04114978387951851,0.04114978387951851,0.39053526520729065,0.4118903577327728,1.074061632156372,1.191715955734253,0.0,0.0,0.0,0.0,0.0,0.0,0.0
71157857961,0,-0.02080148085951805,-0.14620105922222137,-0.12788167595863342,-0.02080148085951805,-0.14620105922222137,-0.8278816938400269,-0.017328975722193718,0.00655400799587369,0.007293109316378832,0.0,0.0,0.0,-0.012481643818318844,-0.019522257149219513,-0.010293465107679367,0.0,0.0,-0.010293466039001942,0.064394012093544,0.05026323348283768,0.02934996411204338,0.09827778488397598,0.15551410615444183,5.098217661725357e-05,0.0,0.0,0.0,-0.23287656903266907,10.088459968566895,0.0454254150390625,9.800445556640625,0.25309303402900696,-10.0,-9.880027770996094,14.67492389678955,2.0,2.0,17.789152145385742,0.30357420444488525,0.28977540135383606,0.30357420444488525,0.29744139313697815,0.0,0.30469265580177307,0.30469265580177307,0.30469265580177307,0.30469265580177307,0.0,-0.959823727607727,0.6948122978210449,-10.72630786895752,0.0,0.0,0.0,0.0,0.0,0.0,0.0,0.0,0.0,0.0,0.0,0.0,0.0,0.0,0.0,0.30469274520874023,0.30469274520874023,0.304692804813385,0.30469274520874023,0.33220455050468445,0.04114978387951851,0.04114978387951851,0.39053526520729065,0.4118903577327728,1.074061632156372,1.191715955734253,0.0,0.0,0.0,0.0,0.0,0.0,0.0
71168036569,0,-0.02080148085951805,-0.14620105922222137,-0.12788167595863342,-0.02080148085951805,-0.14620105922222137,-0.8278816938400269,-0.017328975722193718,0.00655400799587369,0.007293109316378832,0.0,0.0,0.0,-0.012481643818318844,-0.019522257149219513,-0.010293465107679367,0.0,0.0,-0.010293466039001942,0.064394012093544,0.05026323348283768,0.02934996411204338,0.09827778488397598,0.15551410615444183,5.098217661725357e-05,0.0,0.0,0.0,-0.23287656903266907,10.088459968566895,0.0454254150390625,9.800445556640625,0.25309303402900696,-10.0,-9.880027770996094,14.67492389678955,2.0,2.0,17.789152145385742,0.30357420444488525,0.28977540135383606,0.30357420444488525,0.29744139313697815,0.0,0.30469265580177307,0.30469265580177307,0.30469265580177307,0.30469265580177307,0.0,-0.959823727607727,0.6948122978210449,-10.72630786895752,0.0,0.0,0.0,0.0,0.0,0.0,0.0,0.0,0.0,0.0,0.0,0.0,0.0,0.0,0.0,0.30469274520874023,0.30469274520874023,0.304692804813385,0.30469274520874023,0.33220455050468445,0.04114978387951851,0.04114978387951851,0.39053526520729065,0.4118903577327728,1.074061632156372,1.191715955734253,0.0,0.0,0.0,0.0,0.0,0.0,0.0
71177506904,0,-0.02080148085951805,-0.14620105922222137,-0.12788167595863342,-0.02080148085951805,-0.14620105922222137,-0.8278816938400269,-0.017328975722193718,0.00655400799587369,0.007293109316378832,0.0,0.0,0.0,-0.012481643818318844,-0.019522257149219513,-0.010293465107679367,0.0,0.0,-0.010293466039001942,0.064394012093544,0.05026323348283768,0.02934996411204338,0.09827778488397598,0.15551410615444183,5.098217661725357e-05,0.0,0.0,0.0,-0.23287656903266907,10.088459968566895,0.0454254150390625,9.800445556640625,0.25309303402900696,-10.0,-9.880027770996094,14.67492389678955,2.0,2.0,17.789152145385742,0.30357420444488525,0.28977540135383606,0.30357420444488525,0.29744139313697815,0.0,0.30469265580177307,0.30469265580177307,0.30469265580177307,0.30469265580177307,0.0,-0.959823727607727,0.6948122978210449,-10.72630786895752,0.0,0.0,0.0,0.0,0.0,0.0,0.0,0.0,0.0,0.0,0.0,0.0,0.0,0.0,0.0,0.30469274520874023,0.30469274520874023,0.304692804813385,0.30469274520874023,0.33220455050468445,0.04114978387951851,0.04114978387951851,0.39053526520729065,0.4118903577327728,1.074061632156372,1.191715955734253,0.0,0.0,0.0,0.0,0.0,0.0,0.0
71188190990,0,-0.02080148085951805,-0.14620105922222137,-0.12788167595863342,-0.02080148085951805,-0.14620105922222137,-0.8278816938400269,-0.017328975722193718,0.00655400799587369,0.007293109316378832,0.0,0.0,0.0,-0.012481643818318844,-0.019522257149219513,-0.010293465107679367,0.0,0.0,-0.010293466039001942,0.064394012093544,0.05026323348283768,0.02934996411204338,0.09827778488397598,0.15551410615444183,5.098217661725357e-05,0.0,0.0,0.0,-0.23287656903266907,10.088459968566895,0.0454254150390625,9.800445556640625,0.25309303402900696,-10.0,-9.880027770996094,14.67492389678955,2.0,2.0,17.789152145385742,0.30357420444488525,0.28977540135383606,0.30357420444488525,0.29590821266174316,0.0,0.30469265580177307,0.30469265580177307,0.30469265580177307,0.30469265580177307,0.0,-0.959823727607727,0.6948122978210449,-10.72630786895752,0.0,0.0,0.0,0.0,0.0,0.0,0.0,0.0,0.0,0.0,0.0,0.0,0.0,0.0,0.0,0.30469274520874023,0.30469274520874023,0.304692804813385,0.30469274520874023,0.33220455050468445,0.04114978387951851,0.04114978387951851,0.39053526520729065,0.4118903577327728,1.074061632156372,1.191715955734253,0.0,0.0,0.0,0.0,0.0,0.0,0.0
71197828261,0,-0.02080148085951805,-0.14620105922222137,-0.12788167595863342,-0.02080148085951805,-0.14620105922222137,-0.8278816938400269,-0.017328975722193718,0.00655400799587369,0.007293109316378832,0.0,0.0,0.0,-0.012481643818318844,-0.019522257149219513,-0.010293465107679367,0.0,0.0,-0.010293466039001942,0.064394012093544,0.05026323348283768,0.02934996411204338,0.09827778488397598,0.15551410615444183,5.098217661725357e-05,0.0,0.0,0.0,-0.23287656903266907,10.088459968566895,0.0454254150390625,9.800445556640625,0.25309303402900696,-10.0,-9.880027770996094,14.67492389678955,2.0,2.0,17.789152145385742,0.30357420444488525,0.28977540135383606,0.30357420444488525,0.29744139313697815,0.0,0.30469265580177307,0.30469265580177307,0.30469265580177307,0.30469265580177307,0.0,-0.959823727607727,0.6948122978210449,-10.72630786895752,0.0,0.0,0.0,0.0,0.0,0.0,0.0,0.0,0.0,0.0,0.0,0.0,0.0,0.0,0.0,0.30469274520874023,0.30469274520874023,0.304692804813385,0.30469274520874023,0.33220455050468445,0.04114978387951851,0.04114978387951851,0.39053526520729065,0.4118903577327728,1.074061632156372,1.191715955734253,0.0,0.0,0.0,0.0,0.0,0.0,0.0
71207524837,0,-0.02080148085951805,-0.14620105922222137,-0.12788167595863342,-0.02080148085951805,-0.14620105922222137,-0.8278816938400269,-0.017328975722193718,0.00655400799587369,0.007293109316378832,0.0,0.0,0.0,-0.012481643818318844,-0.019522257149219513,-0.010293465107679367,0.0,0.0,-0.010293466039001942,0.064394012093544,0.05026323348283768,0.02934996411204338,0.09827778488397598,0.15551410615444183,5.098217661725357e-05,0.0,0.0,0.0,-0.23287656903266907,10.088459968566895,0.0454254150390625,9.800445556640625,0.25309303402900696,-10.0,-9.880027770996094,14.67492389678955,2.0,2.0,17.789152145385742,0.30357420444488525,0.28977540135383606,0.30357420444488525,0.29744139313697815,0.0,0.30469265580177307,0.30469265580177307,0.30469265580177307,0.30469265580177307,0.0,-0.959823727607727,0.6948122978210449,-10.72630786895752,0.0,0.0,0.0,0.0,0.0,0.0,0.0,0.0,0.0,0.0,0.0,0.0,0.0,0.0,0.0,0.30469274520874023,0.30469274520874023,0.304692804813385,0.30469274520874023,0.33220455050468445,0.04114978387951851,0.04114978387951851,0.39053526520729065,0.4118903577327728,1.074061632156372,1.191715955734253,0.0,0.0,0.0,0.0,0.0,0.0,0.0
71218247941,0,-0.02080148085951805,-0.14620105922222137,-0.12788167595863342,-0.02080148085951805,-0.14620105922222137,-0.8278816938400269,-0.017328975722193718,0.00655400799587369,0.007293109316378832,0.0,0.0,0.0,-0.012481643818318844,-0.019522257149219513,-0.010293465107679367,0.0,0.0,-0.010293466039001942,0.064394012093544,0.05026323348283768,0.02934996411204338,0.09827778488397598,0.15551410615444183,5.098217661725357e-05,0.0,0.0,0.0,-0.23287656903266907,10.088459968566895,0.0454254150390625,9.800445556640625,0.25309303402900696,-10.0,-9.880027770996094,14.67492389678955,2.0,2.0,17.789152145385742,0.30357420444488525,0.28977540135383606,0.30357420444488525,0.29744139313697815,0.0,0.30469265580177307,0.30469265580177307,0.30469265580177307,0.30469265580177307,0.0,-0.959823727607727,0.6948122978210449,-10.72630786895752,0.0,0.0,0.0,0.0,0.0,0.0,0.0,0.0,0.0,0.0,0.0,0.0,0.0,0.0,0.0,0.30469274520874023,0.30469274520874023,0.304692804813385,0.30469274520874023,0.33220455050468445,0.04114978387951851,0.04114978387951851,0.39053526520729065,0.4118903577327728,1.074061632156372,1.191715955734253,0.0,0.0,0.0,0.0,0.0,0.0,0.0
71227678570,0,-0.02080148085951805,-0.14620105922222137,-0.12788167595863342,-0.02080148085951805,-0.14620105922222137,-0.8278816938400269,-0.017328975722193718,0.00655400799587369,0.007293109316378832,0.0,0.0,0.0,-0.012481643818318844,-0.019522257149219513,-0.010293465107679367,0.0,0.0,-0.010293466039001942,0.064394012093544,0.05026323348283768,0.02934996411204338,0.09827778488397598,0.15551410615444183,5.098217661725357e-05,0.0,0.0,0.0,-0.23287656903266907,10.088459968566895,0.0454254150390625,9.800445556640625,0.25309303402900696,-10.0,-9.880027770996094,14.67492389678955,2.0,2.0,17.789152145385742,0.30357420444488525,0.28977540135383606,0.30357420444488525,0.29744139313697815,0.0,0.30469265580177307,0.30469265580177307,0.30469265580177307,0.30469265580177307,0.0,-0.959823727607727,0.6948122978210449,-10.72630786895752,0.0,0.0,0.0,0.0,0.0,0.0,0.0,0.0,0.0,0.0,0.0,0.0,0.0,0.0,0.0,0.30469274520874023,0.30469274520874023,0.304692804813385,0.30469274520874023,0.33220455050468445,0.04114978387951851,0.04114978387951851,0.39053526520729065,0.4118903577327728,1.074061632156372,1.191715955734253,0.0,0.0,0.0,0.0,0.0,0.0,0.0
71237544036,0,-0.02080148085951805,-0.14620105922222137,-0.12788167595863342,-0.02080148085951805,-0.14620105922222137,-0.8278816938400269,-0.017328975722193718,0.00655400799587369,0.007293109316378832,0.0,0.0,0.0,-0.012481643818318844,-0.019522257149219513,-0.010293465107679367,0.0,0.0,-0.010293466039001942,0.064394012093544,0.05026323348283768,0.02934996411204338,0.09827778488397598,0.15551410615444183,5.098217661725357e-05,0.0,0.0,0.0,-0.23287656903266907,10.088459968566895,0.0454254150390625,9.800445556640625,0.25309303402900696,-10.0,-9.880027770996094,14.67492389678955,2.0,2.0,17.789152145385742,0.30357420444488525,0.28977540135383606,0.30357420444488525,0.29590821266174316,0.0,0.30469265580177307,0.30469265580177307,0.30469265580177307,0.30469265580177307,0.0,-0.959823727607727,0.6948122978210449,-10.72630786895752,0.0,0.0,0.0,0.0,0.0,0.0,0.0,0.0,0.0,0.0,0.0,0.0,0.0,0.0,0.0,0.30469274520874023,0.30469274520874023,0.304692804813385,0.30469274520874023,0.33220455050468445,0.04114978387951851,0.04114978387951851,0.39053526520729065,0.4118903577327728,1.074061632156372,1.191715955734253,0.0,0.0,0.0,0.0,0.0,0.0,0.0
71247624765,0,-0.02080148085951805,-0.14620105922222137,-0.12788167595863342,-0.02080148085951805,-0.14620105922222137,-0.8278816938400269,-0.017328975722193718,0.00655400799587369,0.007293109316378832,0.0,0.0,0.0,-0.012481643818318844,-0.019522257149219513,-0.010293465107679367,0.0,0.0,-0.010293466039001942,0.064394012093544,0.05026323348283768,0.02934996411204338,0.09827778488397598,0.15551410615444183,5.098217661725357e-05,0.0,0.0,0.0,-0.23287656903266907,10.088459968566895,0.0454254150390625,9.800445556640625,0.25309303402900696,-10.0,-9.880027770996094,14.67492389678955,2.0,2.0,17.789152145385742,0.30357420444488525,0.28977540135383606,0.30357420444488525,0.29744139313697815,0.0,0.30469265580177307,0.30469265580177307,0.30469265580177307,0.30469265580177307,0.0,-0.959823727607727,0.6948122978210449,-10.72630786895752,0.0,0.0,0.0,0.0,0.0,0.0,0.0,0.0,0.0,0.0,0.0,0.0,0.0,0.0,0.0,0.30469274520874023,0.30469274520874023,0.304692804813385,0.30469274520874023,0.33220455050468445,0.04114978387951851,0.04114978387951851,0.39053526520729065,0.4118903577327728,1.074061632156372,1.191715955734253,0.0,0.0,0.0,0.0,0.0,0.0,0.0
71258927396,0,-0.02080148085951805,-0.14620105922222137,-0.12788167595863342,-0.02080148085951805,-0.14620105922222137,-0.8278816938400269,-0.017328975722193718,0.00655400799587369,0.007293109316378832,0.0,0.0,0.0,-0.012481643818318844,-0.019522257149219513,-0.010293465107679367,0.0,0.0,-0.010293466039001942,0.064394012093544,0.05026323348283768,0.02934996411204338,0.09827778488397598,0.15551410615444183,5.098217661725357e-05,0.0,0.0,0.0,-0.23287656903266907,10.088459968566895,0.0454254150390625,9.800445556640625,0.25309303402900696,-10.0,-9.880027770996094,14.67492389678955,2.0,2.0,17.789152145385742,0.30357420444488525,0.28977540135383606,0.30357420444488525,0.29744139313697815,0.0,0.30469265580177307,0.30469265580177307,0.30469265580177307,0.30469265580177307,0.0,-0.959823727607727,0.6948122978210449,-10.72630786895752,0.0,0.0,0.0,0.0,0.0,0.0,0.0,0.0,0.0,0.0,0.0,0.0,0.0,0.0,0.0,0.30469274520874023,0.30469274520874023,0.304692804813385,0.30469274520874023,0.33220455050468445,0.04114978387951851,0.04114978387951851,0.39053526520729065,0.4118903577327728,1.074061632156372,1.191715955734253,0.0,0.0,0.0,0.0,0.0,0.0,0.0
71268805882,0,-0.02080148085951805,-0.14620105922222137,-0.12788167595863342,-0.02080148085951805,-0.14620105922222137,-0.8278816938400269,-0.017328975722193718,0.00655400799587369,0.007293109316378832,0.0,0.0,0.0,-0.012481643818318844,-0.019522257149219513,-0.010293465107679367,0.0,0.0,-0.010293466039001942,0.064394012093544,0.05026323348283768,0.02934996411204338,0.09827778488397598,0.15551410615444183,5.098217661725357e-05,0.0,0.0,0.0,-0.23287656903266907,10.088459968566895,0.0454254150390625,9.800445556640625,0.25309303402900696,-10.0,-9.880027770996094,14.67492389678955,2.0,2.0,17.789152145385742,0.30357420444488525,0.28977540135383606,0.30357420444488525,0.29590821266174316,0.0,0.30469265580177307,0.30469265580177307,0.30469265580177307,0.30469265580177307,0.0,-0.959823727607727,0.6948122978210449,-10.72630786895752,0.0,0.0,0.0,0.0,0.0,0.0,0.0,0.0,0.0,0.0,0.0,0.0,0.0,0.0,0.0,0.30469274520874023,0.30469274520874023,0.304692804813385,0.30469274520874023,0.33220455050468445,0.04114978387951851,0.04114978387951851,0.39053526520729065,0.4118903577327728,1.074061632156372,1.191715955734253,0.0,0.0,0.0,0.0,0.0,0.0,0.0
71277989053,0,-0.02080148085951805,-0.14620105922222137,-0.12788167595863342,-0.02080148085951805,-0.14620105922222137,-0.8278816938400269,-0.017328975722193718,0.00655400799587369,0.007293109316378832,0.0,0.0,0.0,-0.012481643818318844,-0.019522257149219513,-0.010293465107679367,0.0,0.0,-0.010293466039001942,0.064394012093544,0.05026323348283768,0.02934996411204338,0.09827778488397598,0.15551410615444183,5.098217661725357e-05,0.0,0.0,0.0,-0.23287656903266907,10.088459968566895,0.0454254150390625,9.800445556640625,0.25309303402900696,-10.0,-9.880027770996094,14.67492389678955,2.0,2.0,17.789152145385742,0.30357420444488525,0.28977540135383606,0.30357420444488525,0.29744139313697815,0.0,0.30469265580177307,0.30469265580177307,0.30469265580177307,0.30469265580177307,0.0,-0.959823727607727,0.6948122978210449,-10.72630786895752,0.0,0.0,0.0,0.0,0.0,0.0,0.0,0.0,0.0,0.0,0.0,0.0,0.0,0.0,0.0,0.30469274520874023,0.30469274520874023,0.304692804813385,0.30469274520874023,0.33220455050468445,0.04114978387951851,0.04114978387951851,0.39053526520729065,0.4118903577327728,1.074061632156372,1.191715955734253,0.0,0.0,0.0,0.0,0.0,0.0,0.0
71287596614,0,-0.02080148085951805,-0.14620105922222137,-0.12788167595863342,-0.02080148085951805,-0.14620105922222137,-0.8278816938400269,-0.017328975722193718,0.00655400799587369,0.007293109316378832,0.0,0.0,0.0,-0.012481643818318844,-0.019522257149219513,-0.010293465107679367,0.0,0.0,-0.010293466039001942,0.064394012093544,0.05026323348283768,0.02934996411204338,0.09827778488397598,0.15551410615444183,5.098217661725357e-05,0.0,0.0,0.0,-0.23287656903266907,10.088459968566895,0.0454254150390625,9.800445556640625,0.25309303402900696,-10.0,-9.880027770996094,14.67492389678955,2.0,2.0,17.789152145385742,0.30357420444488525,0.28977540135383606,0.30357420444488525,0.29590821266174316,0.0,0.30469265580177307,0.30469265580177307,0.30469265580177307,0.30469265580177307,0.0,-0.959823727607727,0.6948122978210449,-10.72630786895752,0.0,0.0,0.0,0.0,0.0,0.0,0.0,0.0,0.0,0.0,0.0,0.0,0.0,0.0,0.0,0.30469274520874023,0.30469274520874023,0.304692804813385,0.30469274520874023,0.33220455050468445,0.04114978387951851,0.04114978387951851,0.39053526520729065,0.4118903577327728,1.074061632156372,1.191715955734253,0.0,0.0,0.0,0.0,0.0,0.0,0.0
71297853443,0,-0.02080148085951805,-0.14620105922222137,-0.12788167595863342,-0.02080148085951805,-0.14620105922222137,-0.8278816938400269,-0.017328975722193718,0.00655400799587369,0.007293109316378832,0.0,0.0,0.0,-0.012481643818318844,-0.019522257149219513,-0.010293465107679367,0.0,0.0,-0.010293466039001942,0.064394012093544,0.05026323348283768,0.02934996411204338,0.09827778488397598,0.15551410615444183,5.098217661725357e-05,0.0,0.0,0.0,-0.23287656903266907,10.088459968566895,0.0454254150390625,9.800445556640625,0.25309303402900696,-10.0,-9.880027770996094,14.67492389678955,2.0,2.0,17.789152145385742,0.30357420444488525,0.28977540135383606,0.30204102396965027,0.29744139313697815,0.0,0.30469265580177307,0.30469265580177307,0.30469265580177307,0.30469265580177307,0.0,-0.959823727607727,0.6948122978210449,-10.72630786895752,0.0,0.0,0.0,0.0,0.0,0.0,0.0,0.0,0.0,0.0,0.0,0.0,0.0,0.0,0.0,0.30469274520874023,0.30469274520874023,0.304692804813385,0.30469274520874023,0.33220455050468445,0.04114978387951851,0.04114978387951851,0.39053526520729065,0.4118903577327728,1.074061632156372,1.191715955734253,0.0,0.0,0.0,0.0,0.0,0.0,0.0
71307890728,0,-0.02080148085951805,-0.14620105922222137,-0.12788167595863342,-0.02080148085951805,-0.14620105922222137,-0.8278816938400269,-0.017328975722193718,0.00655400799587369,0.007293109316378832,0.0,0.0,0.0,-0.012481643818318844,-0.019522257149219513,-0.010293465107679367,0.0,0.0,-0.010293466039001942,0.064394012093544,0.05026323348283768,0.02934996411204338,0.09827778488397598,0.15551410615444183,5.098217661725357e-05,0.0,0.0,0.0,-0.23287656903266907,10.088459968566895,0.0454254150390625,9.800445556640625,0.25309303402900696,-10.0,-9.880027770996094,14.67492389678955,2.0,2.0,17.789152145385742,0.30357420444488525,0.28977540135383606,0.30357420444488525,0.29744139313697815,0.0,0.30469265580177307,0.30469265580177307,0.30469265580177307,0.30469265580177307,0.0,-0.959823727607727,0.6948122978210449,-10.72630786895752,0.0,0.0,0.0,0.0,0.0,0.0,0.0,0.0,0.0,0.0,0.0,0.0,0.0,0.0,0.0,0.30469274520874023,0.30469274520874023,0.304692804813385,0.30469274520874023,0.33220455050468445,0.04114978387951851,0.04114978387951851,0.39053526520729065,0.4118903577327728,1.074061632156372,1.191715955734253,0.0,0.0,0.0,0.0,0.0,0.0,0.0
71318036198,0,-0.02080148085951805,-0.14620105922222137,-0.12788167595863342,-0.02080148085951805,-0.14620105922222137,-0.8278816938400269,-0.017328975722193718,0.00655400799587369,0.007293109316378832,0.0,0.0,0.0,-0.012481643818318844,-0.019522257149219513,-0.010293465107679367,0.0,0.0,-0.010293466039001942,0.064394012093544,0.05026323348283768,0.02934996411204338,0.09827778488397598,0.15551410615444183,5.098217661725357e-05,0.0,0.0,0.0,-0.23287656903266907,10.088459968566895,0.0454254150390625,9.800445556640625,0.25309303402900696,-10.0,-9.880027770996094,14.67492389678955,2.0,2.0,17.789152145385742,0.30357420444488525,0.28977540135383606,0.30357420444488525,0.29744139313697815,0.0,0.30469265580177307,0.30469265580177307,0.30469265580177307,0.30469265580177307,0.0,-0.959823727607727,0.6948122978210449,-10.72630786895752,0.0,0.0,0.0,0.0,0.0,0.0,0.0,0.0,0.0,0.0,0.0,0.0,0.0,0.0,0.0,0.30469274520874023,0.30469274520874023,0.304692804813385,0.30469274520874023,0.33220455050468445,0.04114978387951851,0.04114978387951851,0.39053526520729065,0.4118903577327728,1.074061632156372,1.191715955734253,0.0,0.0,0.0,0.0,0.0,0.0,0.0
71327509978,0,-0.02080148085951805,-0.14620105922222137,-0.12788167595863342,-0.02080148085951805,-0.14620105922222137,-0.8278816938400269,-0.017328975722193718,0.00655400799587369,0.007293109316378832,0.0,0.0,0.0,-0.012481643818318844,-0.019522257149219513,-0.010293465107679367,0.0,0.0,-0.010293466039001942,0.064394012093544,0.05026323348283768,0.02934996411204338,0.09827778488397598,0.15551410615444183,5.098217661725357e-05,0.0,0.0,0.0,-0.23287656903266907,10.088459968566895,0.0454254150390625,9.800445556640625,0.25309303402900696,-10.0,-9.880027770996094,14.67492389678955,2.0,2.0,17.789152145385742,0.30357420444488525,0.28977540135383606,0.30357420444488525,0.29744139313697815,0.0,0.30469265580177307,0.30469265580177307,0.30469265580177307,0.30469265580177307,0.0,-0.959823727607727,0.6948122978210449,-10.72630786895752,0.0,0.0,0.0,0.0,0.0,0.0,0.0,0.0,0.0,0.0,0.0,0.0,0.0,0.0,0.0,0.30469274520874023,0.30469274520874023,0.304692804813385,0.30469274520874023,0.33220455050468445,0.04114978387951851,0.04114978387951851,0.39053526520729065,0.4118903577327728,1.074061632156372,1.191715955734253,0.0,0.0,0.0,0.0,0.0,0.0,0.0
71337501723,0,-0.02080148085951805,-0.14620105922222137,-0.12788167595863342,-0.02080148085951805,-0.14620105922222137,-0.8278816938400269,-0.017328975722193718,0.00655400799587369,0.007293109316378832,0.0,0.0,0.0,-0.012481643818318844,-0.019522257149219513,-0.010293465107679367,0.0,0.0,-0.010293466039001942,0.064394012093544,0.05026323348283768,0.02934996411204338,0.09827778488397598,0.15551410615444183,5.098217661725357e-05,0.0,0.0,0.0,-0.23287656903266907,10.088459968566895,0.0454254150390625,9.800445556640625,0.25309303402900696,-10.0,-9.880027770996094,14.67492389678955,2.0,2.0,17.789152145385742,0.30357420444488525,0.28977540135383606,0.30357420444488525,0.29744139313697815,0.0,0.30469265580177307,0.30469265580177307,0.30469265580177307,0.30469265580177307,0.0,-0.959823727607727,0.6948122978210449,-10.72630786895752,0.0,0.0,0.0,0.0,0.0,0.0,0.0,0.0,0.0,0.0,0.0,0.0,0.0,0.0,0.0,0.30469274520874023,0.30469274520874023,0.304692804813385,0.30469274520874023,0.33220455050468445,0.04114978387951851,0.04114978387951851,0.39053526520729065,0.4118903577327728,1.074061632156372,1.191715955734253,0.0,0.0,0.0,0.0,0.0,0.0,0.0
71347759444,0,-0.02080148085951805,-0.14620105922222137,-0.12788167595863342,-0.02080148085951805,-0.14620105922222137,-0.8278816938400269,-0.017328975722193718,0.00655400799587369,0.007293109316378832,0.0,0.0,0.0,-0.012481643818318844,-0.019522257149219513,-0.010293465107679367,0.0,0.0,-0.010293466039001942,0.064394012093544,0.05026323348283768,0.02934996411204338,0.09827778488397598,0.15551410615444183,5.098217661725357e-05,0.0,0.0,0.0,-0.23287656903266907,10.088459968566895,0.0454254150390625,9.800445556640625,0.25309303402900696,-10.0,-9.880027770996094,14.67492389678955,2.0,2.0,17.789152145385742,0.30357420444488525,0.28977540135383606,0.30357420444488525,0.29744139313697815,0.0,0.30469265580177307,0.30469265580177307,0.30469265580177307,0.30469265580177307,0.0,-0.959823727607727,0.6948122978210449,-10.72630786895752,0.0,0.0,0.0,0.0,0.0,0.0,0.0,0.0,0.0,0.0,0.0,0.0,0.0,0.0,0.0,0.30469274520874023,0.30469274520874023,0.304692804813385,0.30469274520874023,0.33220455050468445,0.04114978387951851,0.04114978387951851,0.39053526520729065,0.4118903577327728,1.074061632156372,1.191715955734253,0.0,0.0,0.0,0.0,0.0,0.0,0.0
71358024606,0,-0.02080148085951805,-0.14620105922222137,-0.12788167595863342,-0.02080148085951805,-0.14620105922222137,-0.8278816938400269,-0.017328975722193718,0.00655400799587369,0.007293109316378832,0.0,0.0,0.0,-0.012481643818318844,-0.019522257149219513,-0.010293465107679367,0.0,0.0,-0.010293466039001942,0.064394012093544,0.05026323348283768,0.02934996411204338,0.09827778488397598,0.15551410615444183,5.098217661725357e-05,0.0,0.0,0.0,-0.23287656903266907,10.088459968566895,0.0454254150390625,9.800445556640625,0.25309303402900696,-10.0,-9.880027770996094,14.67492389678955,2.0,2.0,17.789152145385742,0.30357420444488525,0.28977540135383606,0.30357420444488525,0.29744139313697815,0.0,0.30469265580177307,0.30469265580177307,0.30469265580177307,0.30469265580177307,0.0,-0.959823727607727,0.6948122978210449,-10.72630786895752,0.0,0.0,0.0,0.0,0.0,0.0,0.0,0.0,0.0,0.0,0.0,0.0,0.0,0.0,0.0,0.30469274520874023,0.30469274520874023,0.304692804813385,0.30469274520874023,0.33220455050468445,0.04114978387951851,0.04114978387951851,0.39053526520729065,0.4118903577327728,1.074061632156372,1.191715955734253,0.0,0.0,0.0,0.0,0.0,0.0,0.0
71367801592,0,-0.02080148085951805,-0.14620105922222137,-0.12788167595863342,-0.02080148085951805,-0.14620105922222137,-0.8278816938400269,-0.017328975722193718,0.00655400799587369,0.007293109316378832,0.0,0.0,0.0,-0.012481643818318844,-0.019522257149219513,-0.010293465107679367,0.0,0.0,-0.010293466039001942,0.064394012093544,0.05026323348283768,0.02934996411204338,0.09827778488397598,0.15551410615444183,5.098217661725357e-05,0.0,0.0,0.0,-0.23287656903266907,10.088459968566895,0.0454254150390625,9.800445556640625,0.25309303402900696,-10.0,-9.880027770996094,14.67492389678955,2.0,2.0,17.789152145385742,0.30357420444488525,0.28977540135383606,0.30357420444488525,0.29590821266174316,0.0,0.30469265580177307,0.30469265580177307,0.30469265580177307,0.30469265580177307,0.0,-0.959823727607727,0.6948122978210449,-10.72630786895752,0.0,0.0,0.0,0.0,0.0,0.0,0.0,0.0,0.0,0.0,0.0,0.0,0.0,0.0,0.0,0.30469274520874023,0.30469274520874023,0.304692804813385,0.30469274520874023,0.33220455050468445,0.04114978387951851,0.04114978387951851,0.39053526520729065,0.4118903577327728,1.074061632156372,1.191715955734253,0.0,0.0,0.0,0.0,0.0,0.0,0.0
71377631104,0,-0.02080148085951805,-0.14620105922222137,-0.12788167595863342,-0.02080148085951805,-0.14620105922222137,-0.8278816938400269,-0.017328975722193718,0.00655400799587369,0.007293109316378832,0.0,0.0,0.0,-0.012481643818318844,-0.019522257149219513,-0.010293465107679367,0.0,0.0,-0.010293466039001942,0.064394012093544,0.05026323348283768,0.02934996411204338,0.09827778488397598,0.15551410615444183,5.098217661725357e-05,0.0,0.0,0.0,-0.23287656903266907,10.088459968566895,0.0454254150390625,9.800445556640625,0.25309303402900696,-10.0,-9.880027770996094,14.67492389678955,2.0,2.0,17.789152145385742,0.30357420444488525,0.28977540135383606,0.30357420444488525,0.29590821266174316,0.0,0.30469265580177307,0.30469265580177307,0.30469265580177307,0.30469265580177307,0.0,-0.959823727607727,0.6948122978210449,-10.72630786895752,0.0,0.0,0.0,0.0,0.0,0.0,0.0,0.0,0.0,0.0,0.0,0.0,0.0,0.0,0.0,0.30469274520874023,0.30469274520874023,0.304692804813385,0.30469274520874023,0.33220455050468445,0.04114978387951851,0.04114978387951851,0.39053526520729065,0.4118903577327728,1.074061632156372,1.191715955734253,0.0,0.0,0.0,0.0,0.0,0.0,0.0
71387660843,0,-0.02080148085951805,-0.14620105922222137,-0.12788167595863342,-0.02080148085951805,-0.14620105922222137,-0.8278816938400269,-0.017328975722193718,0.00655400799587369,0.007293109316378832,0.0,0.0,0.0,-0.012481643818318844,-0.019522257149219513,-0.010293465107679367,0.0,0.0,-0.010293466039001942,0.064394012093544,0.05026323348283768,0.02934996411204338,0.09827778488397598,0.15551410615444183,5.098217661725357e-05,0.0,0.0,0.0,-0.23287656903266907,10.088459968566895,0.0454254150390625,9.800445556640625,0.25309303402900696,-10.0,-9.880027770996094,14.67492389678955,2.0,2.0,17.789152145385742,0.30357420444488525,0.28977540135383606,0.30357420444488525,0.29744139313697815,0.0,0.30469265580177307,0.30469265580177307,0.30469265580177307,0.30469265580177307,0.0,-0.959823727607727,0.6948122978210449,-10.72630786895752,0.0,0.0,0.0,0.0,0.0,0.0,0.0,0.0,0.0,0.0,0.0,0.0,0.0,0.0,0.0,0.30469274520874023,0.30469274520874023,0.304692804813385,0.30469274520874023,0.33220455050468445,0.04114978387951851,0.04114978387951851,0.39053526520729065,0.4118903577327728,1.074061632156372,1.191715955734253,0.0,0.0,0.0,0.0,0.0,0.0,0.0
71397889019,0,-0.02080148085951805,-0.14620105922222137,-0.12788167595863342,-0.02080148085951805,-0.14620105922222137,-0.8278816938400269,-0.017328975722193718,0.00655400799587369,0.007293109316378832,0.0,0.0,0.0,-0.012481643818318844,-0.019522257149219513,-0.010293465107679367,0.0,0.0,-0.010293466039001942,0.064394012093544,0.05026323348283768,0.02934996411204338,0.09827778488397598,0.15551410615444183,5.098217661725357e-05,0.0,0.0,0.0,-0.23287656903266907,10.088459968566895,0.0454254150390625,9.800445556640625,0.25309303402900696,-10.0,-9.880027770996094,14.67492389678955,2.0,2.0,17.789152145385742,0.30357420444488525,0.28977540135383606,0.30357420444488525,0.29744139313697815,0.0,0.30469265580177307,0.30469265580177307,0.30469265580177307,0.30469265580177307,0.0,-0.959823727607727,0.6948122978210449,-10.72630786895752,0.0,0.0,0.0,0.0,0.0,0.0,0.0,0.0,0.0,0.0,0.0,0.0,0.0,0.0,0.0,0.30469274520874023,0.30469274520874023,0.304692804813385,0.30469274520874023,0.33220455050468445,0.04114978387951851,0.04114978387951851,0.39053526520729065,0.4118903577327728,1.074061632156372,1.191715955734253,0.0,0.0,0.0,0.0,0.0,0.0,0.0
71409630690,0,-0.02080148085951805,-0.14620105922222137,-0.12788167595863342,-0.02080148085951805,-0.14620105922222137,-0.8278816938400269,-0.017328975722193718,0.00655400799587369,0.007293109316378832,0.0,0.0,0.0,-0.012481643818318844,-0.019522257149219513,-0.010293465107679367,0.0,0.0,-0.010293466039001942,0.064394012093544,0.05026323348283768,0.02934996411204338,0.09827778488397598,0.15551410615444183,5.098217661725357e-05,0.0,0.0,0.0,-0.23287656903266907,10.088459968566895,0.0454254150390625,9.800445556640625,0.25309303402900696,-10.0,-9.880027770996094,14.67492389678955,2.0,2.0,17.789152145385742,0.30357420444488525,0.28977540135383606,0.30357420444488525,0.29744139313697815,0.0,0.30469265580177307,0.30469265580177307,0.30469265580177307,0.30469265580177307,0.0,-0.959823727607727,0.6948122978210449,-10.72630786895752,0.0,0.0,0.0,0.0,0.0,0.0,0.0,0.0,0.0,0.0,0.0,0.0,0.0,0.0,0.0,0.30469274520874023,0.30469274520874023,0.304692804813385,0.30469274520874023,0.33220455050468445,0.04114978387951851,0.04114978387951851,0.39053526520729065,0.4118903577327728,1.074061632156372,1.191715955734253,0.0,0.0,0.0,0.0,0.0,0.0,0.0
71418573857,0,-0.02080148085951805,-0.14620105922222137,-0.12788167595863342,-0.02080148085951805,-0.14620105922222137,-0.8278816938400269,-0.017328975722193718,0.00655400799587369,0.007293109316378832,0.0,0.0,0.0,-0.012481643818318844,-0.019522257149219513,-0.010293465107679367,0.0,0.0,-0.010293466039001942,0.064394012093544,0.05026323348283768,0.02934996411204338,0.09827778488397598,0.15551410615444183,5.098217661725357e-05,0.0,0.0,0.0,-0.23287656903266907,10.088459968566895,0.0454254150390625,9.800445556640625,0.25309303402900696,-10.0,-9.880027770996094,14.67492389678955,2.0,2.0,17.789152145385742,0.30357420444488525,0.28977540135383606,0.30204102396965027,0.29590821266174316,0.0,0.30469265580177307,0.30469265580177307,0.30469265580177307,0.30469265580177307,0.0,-0.959823727607727,0.6948122978210449,-10.72630786895752,0.0,0.0,0.0,0.0,0.0,0.0,0.0,0.0,0.0,0.0,0.0,0.0,0.0,0.0,0.0,0.30469274520874023,0.30469274520874023,0.304692804813385,0.30469274520874023,0.33220455050468445,0.04114978387951851,0.04114978387951851,0.39053526520729065,0.4118903577327728,1.074061632156372,1.191715955734253,0.0,0.0,0.0,0.0,0.0,0.0,0.0
71427904382,0,-0.02080148085951805,-0.14620105922222137,-0.12788167595863342,-0.02080148085951805,-0.14620105922222137,-0.8278816938400269,-0.017328975722193718,0.00655400799587369,0.007293109316378832,0.0,0.0,0.0,-0.012481643818318844,-0.019522257149219513,-0.010293465107679367,0.0,0.0,-0.010293466039001942,0.064394012093544,0.05026323348283768,0.02934996411204338,0.09827778488397598,0.15551410615444183,5.098217661725357e-05,0.0,0.0,0.0,-0.23287656903266907,10.088459968566895,0.0454254150390625,9.800445556640625,0.25309303402900696,-10.0,-9.880027770996094,14.67492389678955,2.0,2.0,17.789152145385742,0.30357420444488525,0.28977540135383606,0.30357420444488525,0.29590821266174316,0.0,0.30469265580177307,0.30469265580177307,0.30469265580177307,0.30469265580177307,0.0,-0.959823727607727,0.6948122978210449,-10.72630786895752,0.0,0.0,0.0,0.0,0.0,0.0,0.0,0.0,0.0,0.0,0.0,0.0,0.0,0.0,0.0,0.30469274520874023,0.30469274520874023,0.304692804813385,0.30469274520874023,0.33220455050468445,0.04114978387951851,0.04114978387951851,0.39053526520729065,0.4118903577327728,1.074061632156372,1.191715955734253,0.0,0.0,0.0,0.0,0.0,0.0,0.0
71437782445,0,-0.02080148085951805,-0.14620105922222137,-0.12788167595863342,-0.02080148085951805,-0.14620105922222137,-0.8278816938400269,-0.017328975722193718,0.00655400799587369,0.007293109316378832,0.0,0.0,0.0,-0.012481643818318844,-0.019522257149219513,-0.010293465107679367,0.0,0.0,-0.010293466039001942,0.064394012093544,0.05026323348283768,0.02934996411204338,0.09827778488397598,0.15551410615444183,5.098217661725357e-05,0.0,0.0,0.0,-0.23287656903266907,10.088459968566895,0.0454254150390625,9.800445556640625,0.25309303402900696,-10.0,-9.880027770996094,14.67492389678955,2.0,2.0,17.789152145385742,0.30357420444488525,0.28977540135383606,0.30357420444488525,0.29744139313697815,0.0,0.30469265580177307,0.30469265580177307,0.30469265580177307,0.30469265580177307,0.0,-0.959823727607727,0.6948122978210449,-10.72630786895752,0.0,0.0,0.0,0.0,0.0,0.0,0.0,0.0,0.0,0.0,0.0,0.0,0.0,0.0,0.0,0.30469274520874023,0.30469274520874023,0.304692804813385,0.30469274520874023,0.33220455050468445,0.04114978387951851,0.04114978387951851,0.39053526520729065,0.4118903577327728,1.074061632156372,1.191715955734253,0.0,0.0,0.0,0.0,0.0,0.0,0.0
71447362339,0,-0.02080148085951805,-0.14620105922222137,-0.12788167595863342,-0.02080148085951805,-0.14620105922222137,-0.8278816938400269,-0.017328975722193718,0.00655400799587369,0.007293109316378832,0.0,0.0,0.0,-0.012481643818318844,-0.019522257149219513,-0.010293465107679367,0.0,0.0,-0.010293466039001942,0.064394012093544,0.05026323348283768,0.02934996411204338,0.09827778488397598,0.15551410615444183,5.098217661725357e-05,0.0,0.0,0.0,-0.23287656903266907,10.088459968566895,0.0454254150390625,9.800445556640625,0.25309303402900696,-10.0,-9.880027770996094,14.67492389678955,2.0,2.0,17.789152145385742,0.30357420444488525,0.28977540135383606,0.30357420444488525,0.29590821266174316,0.0,0.30469265580177307,0.30469265580177307,0.30469265580177307,0.30469265580177307,0.0,-0.959823727607727,0.6948122978210449,-10.72630786895752,0.0,0.0,0.0,0.0,0.0,0.0,0.0,0.0,0.0,0.0,0.0,0.0,0.0,0.0,0.0,0.30469274520874023,0.30469274520874023,0.304692804813385,0.30469274520874023,0.33220455050468445,0.04114978387951851,0.04114978387951851,0.39053526520729065,0.4118903577327728,1.074061632156372,1.191715955734253,0.0,0.0,0.0,0.0,0.0,0.0,0.0
71458232782,0,-0.02080148085951805,-0.14620105922222137,-0.12788167595863342,-0.02080148085951805,-0.14620105922222137,-0.8278816938400269,-0.017328975722193718,0.00655400799587369,0.007293109316378832,0.0,0.0,0.0,-0.012481643818318844,-0.019522257149219513,-0.010293465107679367,0.0,0.0,-0.010293466039001942,0.064394012093544,0.05026323348283768,0.02934996411204338,0.09827778488397598,0.15551410615444183,5.098217661725357e-05,0.0,0.0,0.0,-0.23287656903266907,10.088459968566895,0.0454254150390625,9.800445556640625,0.25309303402900696,-10.0,-9.880027770996094,14.67492389678955,2.0,2.0,17.789152145385742,0.30357420444488525,0.28977540135383606,0.30357420444488525,0.29744139313697815,0.0,0.30469265580177307,0.30469265580177307,0.30469265580177307,0.30469265580177307,0.0,-0.959823727607727,0.6948122978210449,-10.72630786895752,0.0,0.0,0.0,0.0,0.0,0.0,0.0,0.0,0.0,0.0,0.0,0.0,0.0,0.0,0.0,0.30469274520874023,0.30469274520874023,0.304692804813385,0.30469274520874023,0.33220455050468445,0.04114978387951851,0.04114978387951851,0.39053526520729065,0.4118903577327728,1.074061632156372,1.191715955734253,0.0,0.0,0.0,0.0,0.0,0.0,0.0
71467965667,0,-0.02080148085951805,-0.14620105922222137,-0.12788167595863342,-0.02080148085951805,-0.14620105922222137,-0.8278816938400269,-0.017328975722193718,0.00655400799587369,0.007293109316378832,0.0,0.0,0.0,-0.012481643818318844,-0.019522257149219513,-0.010293465107679367,0.0,0.0,-0.010293466039001942,0.064394012093544,0.05026323348283768,0.02934996411204338,0.09827778488397598,0.15551410615444183,5.098217661725357e-05,0.0,0.0,0.0,-0.23287656903266907,10.088459968566895,0.0454254150390625,9.800445556640625,0.25309303402900696,-10.0,-9.880027770996094,14.67492389678955,2.0,2.0,17.789152145385742,0.30357420444488525,0.28977540135383606,0.30357420444488525,0.29744139313697815,0.0,0.30469265580177307,0.30469265580177307,0.30469265580177307,0.30469265580177307,0.0,-0.959823727607727,0.6948122978210449,-10.72630786895752,0.0,0.0,0.0,0.0,0.0,0.0,0.0,0.0,0.0,0.0,0.0,0.0,0.0,0.0,0.0,0.30469274520874023,0.30469274520874023,0.304692804813385,0.30469274520874023,0.33220455050468445,0.04114978387951851,0.04114978387951851,0.39053526520729065,0.4118903577327728,1.074061632156372,1.191715955734253,0.0,0.0,0.0,0.0,0.0,0.0,0.0
71477894306,0,-0.02080148085951805,-0.14620105922222137,-0.12788167595863342,-0.02080148085951805,-0.14620105922222137,-0.8278816938400269,-0.017328975722193718,0.00655400799587369,0.007293109316378832,0.0,0.0,0.0,-0.012481643818318844,-0.019522257149219513,-0.010293465107679367,0.0,0.0,-0.010293466039001942,0.064394012093544,0.05026323348283768,0.02934996411204338,0.09827778488397598,0.15551410615444183,5.098217661725357e-05,0.0,0.0,0.0,-0.23287656903266907,10.088459968566895,0.0454254150390625,9.800445556640625,0.25309303402900696,-10.0,-9.880027770996094,14.67492389678955,2.0,2.0,17.789152145385742,0.30357420444488525,0.28977540135383606,0.30357420444488525,0.29744139313697815,0.0,0.30469265580177307,0.30469265580177307,0.30469265580177307,0.30469265580177307,0.0,-0.959823727607727,0.6948122978210449,-10.72630786895752,0.0,0.0,0.0,0.0,0.0,0.0,0.0,0.0,0.0,0.0,0.0,0.0,0.0,0.0,0.0,0.30469274520874023,0.30469274520874023,0.304692804813385,0.30469274520874023,0.33220455050468445,0.04114978387951851,0.04114978387951851,0.39053526520729065,0.4118903577327728,1.074061632156372,1.191715955734253,0.0,0.0,0.0,0.0,0.0,0.0,0.0
71489603676,0,-0.02080148085951805,-0.14620105922222137,-0.12788167595863342,-0.02080148085951805,-0.14620105922222137,-0.8278816938400269,-0.017328975722193718,0.00655400799587369,0.007293109316378832,0.0,0.0,0.0,-0.012481643818318844,-0.019522257149219513,-0.010293465107679367,0.0,0.0,-0.010293466039001942,0.064394012093544,0.05026323348283768,0.02934996411204338,0.09827778488397598,0.15551410615444183,5.098217661725357e-05,0.0,0.0,0.0,-0.23287656903266907,10.088459968566895,0.0454254150390625,9.800445556640625,0.25309303402900696,-10.0,-9.880027770996094,14.67492389678955,2.0,2.0,17.789152145385742,0.30357420444488525,0.28977540135383606,0.30357420444488525,0.29744139313697815,0.0,0.30469265580177307,0.30469265580177307,0.30469265580177307,0.30469265580177307,0.0,-0.959823727607727,0.6948122978210449,-10.72630786895752,0.0,0.0,0.0,0.0,0.0,0.0,0.0,0.0,0.0,0.0,0.0,0.0,0.0,0.0,0.0,0.30469274520874023,0.30469274520874023,0.304692804813385,0.30469274520874023,0.33220455050468445,0.04114978387951851,0.04114978387951851,0.39053526520729065,0.4118903577327728,1.074061632156372,1.191715955734253,0.0,0.0,0.0,0.0,0.0,0.0,0.0
71497911162,0,-0.02080148085951805,-0.14620105922222137,-0.12788167595863342,-0.02080148085951805,-0.14620105922222137,-0.8278816938400269,-0.017328975722193718,0.00655400799587369,0.007293109316378832,0.0,0.0,0.0,-0.012481643818318844,-0.019522257149219513,-0.010293465107679367,0.0,0.0,-0.010293466039001942,0.064394012093544,0.05026323348283768,0.02934996411204338,0.09827778488397598,0.15551410615444183,5.098217661725357e-05,0.0,0.0,0.0,-0.23287656903266907,10.088459968566895,0.0454254150390625,9.800445556640625,0.25309303402900696,-10.0,-9.880027770996094,14.67492389678955,2.0,2.0,17.789152145385742,0.30357420444488525,0.28977540135383606,0.30357420444488525,0.29590821266174316,0.0,0.30469265580177307,0.30469265580177307,0.30469265580177307,0.30469265580177307,0.0,-0.959823727607727,0.6948122978210449,-10.72630786895752,0.0,0.0,0.0,0.0,0.0,0.0,0.0,0.0,0.0,0.0,0.0,0.0,0.0,0.0,0.0,0.30469274520874023,0.30469274520874023,0.304692804813385,0.30469274520874023,0.33220455050468445,0.04114978387951851,0.04114978387951851,0.39053526520729065,0.4118903577327728,1.074061632156372,1.191715955734253,0.0,0.0,0.0,0.0,0.0,0.0,0.0
71507875183,0,-0.02080148085951805,-0.14620105922222137,-0.12788167595863342,-0.02080148085951805,-0.14620105922222137,-0.8278816938400269,-0.017328975722193718,0.00655400799587369,0.007293109316378832,0.0,0.0,0.0,-0.012481643818318844,-0.019522257149219513,-0.010293465107679367,0.0,0.0,-0.010293466039001942,0.064394012093544,0.05026323348283768,0.02934996411204338,0.09827778488397598,0.15551410615444183,5.098217661725357e-05,0.0,0.0,0.0,-0.23287656903266907,10.088459968566895,0.0454254150390625,9.800445556640625,0.25309303402900696,-10.0,-9.880027770996094,14.67492389678955,2.0,2.0,17.789152145385742,0.30357420444488525,0.28977540135383606,0.30357420444488525,0.29744139313697815,0.0,0.30469265580177307,0.30469265580177307,0.30469265580177307,0.30469265580177307,0.0,-0.959823727607727,0.6948122978210449,-10.72630786895752,0.0,0.0,0.0,0.0,0.0,0.0,0.0,0.0,0.0,0.0,0.0,0.0,0.0,0.0,0.0,0.30469274520874023,0.30469274520874023,0.304692804813385,0.30469274520874023,0.33220455050468445,0.04114978387951851,0.04114978387951851,0.39053526520729065,0.4118903577327728,1.074061632156372,1.191715955734253,0.0,0.0,0.0,0.0,0.0,0.0,0.0
71518169012,0,-0.02080148085951805,-0.14620105922222137,-0.12788167595863342,-0.02080148085951805,-0.14620105922222137,-0.8278816938400269,-0.017328975722193718,0.00655400799587369,0.007293109316378832,0.0,0.0,0.0,-0.012481643818318844,-0.019522257149219513,-0.010293465107679367,0.0,0.0,-0.010293466039001942,0.064394012093544,0.05026323348283768,0.02934996411204338,0.09827778488397598,0.15551410615444183,5.098217661725357e-05,0.0,0.0,0.0,-0.23287656903266907,10.088459968566895,0.0454254150390625,9.800445556640625,0.25309303402900696,-10.0,-9.880027770996094,14.67492389678955,2.0,2.0,17.789152145385742,0.30357420444488525,0.28977540135383606,0.30357420444488525,0.29744139313697815,0.0,0.30469265580177307,0.30469265580177307,0.30469265580177307,0.30469265580177307,0.0,-0.959823727607727,0.6948122978210449,-10.72630786895752,0.0,0.0,0.0,0.0,0.0,0.0,0.0,0.0,0.0,0.0,0.0,0.0,0.0,0.0,0.0,0.30469274520874023,0.30469274520874023,0.304692804813385,0.30469274520874023,0.33220455050468445,0.04114978387951851,0.04114978387951851,0.39053526520729065,0.4118903577327728,1.074061632156372,1.191715955734253,0.0,0.0,0.0,0.0,0.0,0.0,0.0
71527273610,0,-0.02080148085951805,-0.14620105922222137,-0.12788167595863342,-0.02080148085951805,-0.14620105922222137,-0.8278816938400269,-0.017328975722193718,0.00655400799587369,0.007293109316378832,0.0,0.0,0.0,-0.012481643818318844,-0.019522257149219513,-0.010293465107679367,0.0,0.0,-0.010293466039001942,0.064394012093544,0.05026323348283768,0.02934996411204338,0.09827778488397598,0.15551410615444183,5.098217661725357e-05,0.0,0.0,0.0,-0.23287656903266907,10.088459968566895,0.0454254150390625,9.800445556640625,0.25309303402900696,-10.0,-9.880027770996094,14.67492389678955,2.0,2.0,17.789152145385742,0.30357420444488525,0.28977540135383606,0.30357420444488525,0.29590821266174316,0.0,0.30469265580177307,0.30469265580177307,0.30469265580177307,0.30469265580177307,0.0,-0.959823727607727,0.6948122978210449,-10.72630786895752,0.0,0.0,0.0,0.0,0.0,0.0,0.0,0.0,0.0,0.0,0.0,0.0,0.0,0.0,0.0,0.30469274520874023,0.30469274520874023,0.304692804813385,0.30469274520874023,0.33220455050468445,0.04114978387951851,0.04114978387951851,0.39053526520729065,0.4118903577327728,1.074061632156372,1.191715955734253,0.0,0.0,0.0,0.0,0.0,0.0,0.0
71537752802,0,-0.02080148085951805,-0.14620105922222137,-0.12788167595863342,-0.02080148085951805,-0.14620105922222137,-0.8278816938400269,-0.017328975722193718,0.00655400799587369,0.007293109316378832,0.0,0.0,0.0,-0.012481643818318844,-0.019522257149219513,-0.010293465107679367,0.0,0.0,-0.010293466039001942,0.064394012093544,0.05026323348283768,0.02934996411204338,0.09827778488397598,0.15551410615444183,5.098217661725357e-05,0.0,0.0,0.0,-0.23287656903266907,10.088459968566895,0.0454254150390625,9.800445556640625,0.25309303402900696,-10.0,-9.880027770996094,14.67492389678955,2.0,2.0,17.789152145385742,0.30357420444488525,0.28977540135383606,0.30357420444488525,0.29744139313697815,0.0,0.30469265580177307,0.30469265580177307,0.30469265580177307,0.30469265580177307,0.0,-0.959823727607727,0.6948122978210449,-10.72630786895752,0.0,0.0,0.0,0.0,0.0,0.0,0.0,0.0,0.0,0.0,0.0,0.0,0.0,0.0,0.0,0.30469274520874023,0.30469274520874023,0.304692804813385,0.30469274520874023,0.33220455050468445,0.04114978387951851,0.04114978387951851,0.39053526520729065,0.4118903577327728,1.074061632156372,1.191715955734253,0.0,0.0,0.0,0.0,0.0,0.0,0.0
71547635947,0,-0.02080148085951805,-0.14620105922222137,-0.12788167595863342,-0.02080148085951805,-0.14620105922222137,-0.8278816938400269,-0.017328975722193718,0.00655400799587369,0.007293109316378832,0.0,0.0,0.0,-0.012481643818318844,-0.019522257149219513,-0.010293465107679367,0.0,0.0,-0.010293466039001942,0.064394012093544,0.05026323348283768,0.02934996411204338,0.09827778488397598,0.15551410615444183,5.098217661725357e-05,0.0,0.0,0.0,-0.23287656903266907,10.088459968566895,0.0454254150390625,9.800445556640625,0.25309303402900696,-10.0,-9.880027770996094,14.67492389678955,2.0,2.0,17.789152145385742,0.30357420444488525,0.28977540135383606,0.30357420444488525,0.29744139313697815,0.0,0.30469265580177307,0.30469265580177307,0.30469265580177307,0.30469265580177307,0.0,-0.959823727607727,0.6948122978210449,-10.72630786895752,0.0,0.0,0.0,0.0,0.0,0.0,0.0,0.0,0.0,0.0,0.0,0.0,0.0,0.0,0.0,0.30469274520874023,0.30469274520874023,0.304692804813385,0.30469274520874023,0.33220455050468445,0.04114978387951851,0.04114978387951851,0.39053526520729065,0.4118903577327728,1.074061632156372,1.191715955734253,0.0,0.0,0.0,0.0,0.0,0.0,0.0
71558312418,0,-0.02080148085951805,-0.14620105922222137,-0.12788167595863342,-0.02080148085951805,-0.14620105922222137,-0.8278816938400269,-0.017328975722193718,0.00655400799587369,0.007293109316378832,0.0,0.0,0.0,-0.012481643818318844,-0.019522257149219513,-0.010293465107679367,0.0,0.0,-0.010293466039001942,0.064394012093544,0.05026323348283768,0.02934996411204338,0.09827778488397598,0.15551410615444183,5.098217661725357e-05,0.0,0.0,0.0,-0.23287656903266907,10.088459968566895,0.0454254150390625,9.800445556640625,0.25309303402900696,-10.0,-9.880027770996094,14.67492389678955,2.0,2.0,17.789152145385742,0.30357420444488525,0.28977540135383606,0.30357420444488525,0.29744139313697815,0.0,0.30469265580177307,0.30469265580177307,0.30469265580177307,0.30469265580177307,0.0,-0.959823727607727,0.6948122978210449,-10.72630786895752,0.0,0.0,0.0,0.0,0.0,0.0,0.0,0.0,0.0,0.0,0.0,0.0,0.0,0.0,0.0,0.30469274520874023,0.30469274520874023,0.304692804813385,0.30469274520874023,0.33220455050468445,0.04114978387951851,0.04114978387951851,0.39053526520729065,0.4118903577327728,1.074061632156372,1.191715955734253,0.0,0.0,0.0,0.0,0.0,0.0,0.0
71567629186,0,-0.02080148085951805,-0.14620105922222137,-0.12788167595863342,-0.02080148085951805,-0.14620105922222137,-0.8278816938400269,-0.017328975722193718,0.00655400799587369,0.007293109316378832,0.0,0.0,0.0,-0.012481643818318844,-0.019522257149219513,-0.010293465107679367,0.0,0.0,-0.010293466039001942,0.064394012093544,0.05026323348283768,0.02934996411204338,0.09827778488397598,0.15551410615444183,5.098217661725357e-05,0.0,0.0,0.0,-0.23287656903266907,10.088459968566895,0.0454254150390625,9.800445556640625,0.25309303402900696,-10.0,-9.880027770996094,14.67492389678955,2.0,2.0,17.789152145385742,0.30357420444488525,0.28977540135383606,0.30357420444488525,0.29744139313697815,0.0,0.30469265580177307,0.30469265580177307,0.30469265580177307,0.30469265580177307,0.0,-0.959823727607727,0.6948122978210449,-10.72630786895752,0.0,0.0,0.0,0.0,0.0,0.0,0.0,0.0,0.0,0.0,0.0,0.0,0.0,0.0,0.0,0.30469274520874023,0.30469274520874023,0.304692804813385,0.30469274520874023,0.33220455050468445,0.04114978387951851,0.04114978387951851,0.39053526520729065,0.4118903577327728,1.074061632156372,1.191715955734253,0.0,0.0,0.0,0.0,0.0,0.0,0.0
71580296157,0,-0.02080148085951805,-0.14620105922222137,-0.12788167595863342,-0.02080148085951805,-0.14620105922222137,-0.8278816938400269,-0.017328975722193718,0.00655400799587369,0.007293109316378832,0.0,0.0,0.0,-0.012481643818318844,-0.019522257149219513,-0.010293465107679367,0.0,0.0,-0.010293466039001942,0.064394012093544,0.05026323348283768,0.02934996411204338,0.09827778488397598,0.15551410615444183,5.098217661725357e-05,0.0,0.0,0.0,-0.23287656903266907,10.088459968566895,0.0454254150390625,9.800445556640625,0.25309303402900696,-10.0,-9.880027770996094,14.67492389678955,2.0,2.0,17.789152145385742,0.30357420444488525,0.28977540135383606,0.30357420444488525,0.29744139313697815,0.0,0.30469265580177307,0.30469265580177307,0.30469265580177307,0.30469265580177307,0.0,-0.959823727607727,0.6948122978210449,-10.72630786895752,0.0,0.0,0.0,0.0,0.0,0.0,0.0,0.0,0.0,0.0,0.0,0.0,0.0,0.0,0.0,0.30469274520874023,0.30469274520874023,0.304692804813385,0.30469274520874023,0.33220455050468445,0.04114978387951851,0.04114978387951851,0.39053526520729065,0.4118903577327728,1.074061632156372,1.191715955734253,0.0,0.0,0.0,0.0,0.0,0.0,0.0
71587542757,0,-0.02080148085951805,-0.14620105922222137,-0.12788167595863342,-0.02080148085951805,-0.14620105922222137,-0.8278816938400269,-0.017328975722193718,0.00655400799587369,0.007293109316378832,0.0,0.0,0.0,-0.012481643818318844,-0.019522257149219513,-0.010293465107679367,0.0,0.0,-0.010293466039001942,0.064394012093544,0.05026323348283768,0.02934996411204338,0.09827778488397598,0.15551410615444183,5.098217661725357e-05,0.0,0.0,0.0,-0.23287656903266907,10.088459968566895,0.0454254150390625,9.800445556640625,0.25309303402900696,-10.0,-9.880027770996094,14.67492389678955,2.0,2.0,17.789152145385742,0.30357420444488525,0.28977540135383606,0.30357420444488525,0.29590821266174316,0.0,0.30469265580177307,0.30469265580177307,0.30469265580177307,0.30469265580177307,0.0,-0.959823727607727,0.6948122978210449,-10.72630786895752,0.0,0.0,0.0,0.0,0.0,0.0,0.0,0.0,0.0,0.0,0.0,0.0,0.0,0.0,0.0,0.30469274520874023,0.30469274520874023,0.304692804813385,0.30469274520874023,0.33220455050468445,0.04114978387951851,0.04114978387951851,0.39053526520729065,0.4118903577327728,1.074061632156372,1.191715955734253,0.0,0.0,0.0,0.0,0.0,0.0,0.0
71598078963,0,-0.02080148085951805,-0.14620105922222137,-0.12788167595863342,-0.02080148085951805,-0.14620105922222137,-0.8278816938400269,-0.017328975722193718,0.00655400799587369,0.007293109316378832,0.0,0.0,0.0,-0.012481643818318844,-0.019522257149219513,-0.010293465107679367,0.0,0.0,-0.010293466039001942,0.064394012093544,0.05026323348283768,0.02934996411204338,0.09827778488397598,0.15551410615444183,5.098217661725357e-05,0.0,0.0,0.0,-0.23287656903266907,10.088459968566895,0.0454254150390625,9.800445556640625,0.25309303402900696,-10.0,-9.880027770996094,14.67492389678955,2.0,2.0,17.789152145385742,0.30357420444488525,0.28977540135383606,0.30357420444488525,0.29590821266174316,0.0,0.30469265580177307,0.30469265580177307,0.30469265580177307,0.30469265580177307,0.0,-0.959823727607727,0.6948122978210449,-10.72630786895752,0.0,0.0,0.0,0.0,0.0,0.0,0.0,0.0,0.0,0.0,0.0,0.0,0.0,0.0,0.0,0.30469274520874023,0.30469274520874023,0.304692804813385,0.30469274520874023,0.33220455050468445,0.04114978387951851,0.04114978387951851,0.39053526520729065,0.4118903577327728,1.074061632156372,1.191715955734253,0.0,0.0,0.0,0.0,0.0,0.0,0.0
71607398600,0,-0.02080148085951805,-0.14620105922222137,-0.12788167595863342,-0.02080148085951805,-0.14620105922222137,-0.8278816938400269,-0.017328975722193718,0.00655400799587369,0.007293109316378832,0.0,0.0,0.0,-0.012481643818318844,-0.019522257149219513,-0.010293465107679367,0.0,0.0,-0.010293466039001942,0.064394012093544,0.05026323348283768,0.02934996411204338,0.09827778488397598,0.15551410615444183,5.098217661725357e-05,0.0,0.0,0.0,-0.23287656903266907,10.088459968566895,0.0454254150390625,9.800445556640625,0.25309303402900696,-10.0,-9.880027770996094,14.67492389678955,2.0,2.0,17.789152145385742,0.30357420444488525,0.28977540135383606,0.30357420444488525,0.29744139313697815,0.0,0.30469265580177307,0.30469265580177307,0.30469265580177307,0.30469265580177307,0.0,-0.959823727607727,0.6948122978210449,-10.72630786895752,0.0,0.0,0.0,0.0,0.0,0.0,0.0,0.0,0.0,0.0,0.0,0.0,0.0,0.0,0.0,0.30469274520874023,0.30469274520874023,0.304692804813385,0.30469274520874023,0.33220455050468445,0.04114978387951851,0.04114978387951851,0.39053526520729065,0.4118903577327728,1.074061632156372,1.191715955734253,0.0,0.0,0.0,0.0,0.0,0.0,0.0
71617694240,0,-0.02080148085951805,-0.14620105922222137,-0.12788167595863342,-0.02080148085951805,-0.14620105922222137,-0.8278816938400269,-0.017328975722193718,0.00655400799587369,0.007293109316378832,0.0,0.0,0.0,-0.012481643818318844,-0.019522257149219513,-0.010293465107679367,0.0,0.0,-0.010293466039001942,0.064394012093544,0.05026323348283768,0.02934996411204338,0.09827778488397598,0.15551410615444183,5.098217661725357e-05,0.0,0.0,0.0,-0.23287656903266907,10.088459968566895,0.0454254150390625,9.800445556640625,0.25309303402900696,-10.0,-9.880027770996094,14.67492389678955,2.0,2.0,17.789152145385742,0.30357420444488525,0.28977540135383606,0.30357420444488525,0.29744139313697815,0.0,0.30469265580177307,0.30469265580177307,0.30469265580177307,0.30469265580177307,0.0,-0.959823727607727,0.6948122978210449,-10.72630786895752,0.0,0.0,0.0,0.0,0.0,0.0,0.0,0.0,0.0,0.0,0.0,0.0,0.0,0.0,0.0,0.30469274520874023,0.30469274520874023,0.304692804813385,0.30469274520874023,0.33220455050468445,0.04114978387951851,0.04114978387951851,0.39053526520729065,0.4118903577327728,1.074061632156372,1.191715955734253,0.0,0.0,0.0,0.0,0.0,0.0,0.0
71627863769,0,-0.02080148085951805,-0.14620105922222137,-0.12788167595863342,-0.02080148085951805,-0.14620105922222137,-0.8278816938400269,-0.017328975722193718,0.00655400799587369,0.007293109316378832,0.0,0.0,0.0,-0.012481643818318844,-0.019522257149219513,-0.010293465107679367,0.0,0.0,-0.010293466039001942,0.064394012093544,0.05026323348283768,0.02934996411204338,0.09827778488397598,0.15551410615444183,5.098217661725357e-05,0.0,0.0,0.0,-0.23287656903266907,10.088459968566895,0.0454254150390625,9.800445556640625,0.25309303402900696,-10.0,-9.880027770996094,14.67492389678955,2.0,2.0,17.789152145385742,0.30357420444488525,0.28977540135383606,0.30357420444488525,0.29744139313697815,0.0,0.30469265580177307,0.30469265580177307,0.30469265580177307,0.30469265580177307,0.0,-0.959823727607727,0.6948122978210449,-10.72630786895752,0.0,0.0,0.0,0.0,0.0,0.0,0.0,0.0,0.0,0.0,0.0,0.0,0.0,0.0,0.0,0.30469274520874023,0.30469274520874023,0.304692804813385,0.30469274520874023,0.33220455050468445,0.04114978387951851,0.04114978387951851,0.39053526520729065,0.4118903577327728,1.074061632156372,1.191715955734253,0.0,0.0,0.0,0.0,0.0,0.0,0.0
71637602468,0,-0.02080148085951805,-0.14620105922222137,-0.12788167595863342,-0.02080148085951805,-0.14620105922222137,-0.8278816938400269,-0.017328975722193718,0.00655400799587369,0.007293109316378832,0.0,0.0,0.0,-0.012481643818318844,-0.019522257149219513,-0.010293465107679367,0.0,0.0,-0.010293466039001942,0.064394012093544,0.05026323348283768,0.02934996411204338,0.09827778488397598,0.15551410615444183,5.098217661725357e-05,0.0,0.0,0.0,-0.23287656903266907,10.088459968566895,0.0454254150390625,9.800445556640625,0.25309303402900696,-10.0,-9.880027770996094,14.67492389678955,2.0,2.0,17.789152145385742,0.30357420444488525,0.28977540135383606,0.30357420444488525,0.29590821266174316,0.0,0.30469265580177307,0.30469265580177307,0.30469265580177307,0.30469265580177307,0.0,-0.959823727607727,0.6948122978210449,-10.72630786895752,0.0,0.0,0.0,0.0,0.0,0.0,0.0,0.0,0.0,0.0,0.0,0.0,0.0,0.0,0.0,0.30469274520874023,0.30469274520874023,0.304692804813385,0.30469274520874023,0.33220455050468445,0.04114978387951851,0.04114978387951851,0.39053526520729065,0.4118903577327728,1.074061632156372,1.191715955734253,0.0,0.0,0.0,0.0,0.0,0.0,0.0
71647638646,0,-0.02080148085951805,-0.14620105922222137,-0.12788167595863342,-0.02080148085951805,-0.14620105922222137,-0.8278816938400269,-0.017328975722193718,0.00655400799587369,0.007293109316378832,0.0,0.0,0.0,-0.012481643818318844,-0.019522257149219513,-0.010293465107679367,0.0,0.0,-0.010293466039001942,0.064394012093544,0.05026323348283768,0.02934996411204338,0.09827778488397598,0.15551410615444183,5.098217661725357e-05,0.0,0.0,0.0,-0.23287656903266907,10.088459968566895,0.0454254150390625,9.800445556640625,0.25309303402900696,-10.0,-9.880027770996094,14.67492389678955,2.0,2.0,17.789152145385742,0.30357420444488525,0.28977540135383606,0.30357420444488525,0.29744139313697815,0.0,0.30469265580177307,0.30469265580177307,0.30469265580177307,0.30469265580177307,0.0,-0.959823727607727,0.6948122978210449,-10.72630786895752,0.0,0.0,0.0,0.0,0.0,0.0,0.0,0.0,0.0,0.0,0.0,0.0,0.0,0.0,0.0,0.30469274520874023,0.30469274520874023,0.304692804813385,0.30469274520874023,0.33220455050468445,0.04114978387951851,0.04114978387951851,0.39053526520729065,0.4118903577327728,1.074061632156372,1.191715955734253,0.0,0.0,0.0,0.0,0.0,0.0,0.0
71658592251,0,-0.02080148085951805,-0.14620105922222137,-0.12788167595863342,-0.02080148085951805,-0.14620105922222137,-0.8278816938400269,-0.017328975722193718,0.00655400799587369,0.007293109316378832,0.0,0.0,0.0,-0.012481643818318844,-0.019522257149219513,-0.010293465107679367,0.0,0.0,-0.010293466039001942,0.064394012093544,0.05026323348283768,0.02934996411204338,0.09827778488397598,0.15551410615444183,5.098217661725357e-05,0.0,0.0,0.0,-0.23287656903266907,10.088459968566895,0.0454254150390625,9.800445556640625,0.25309303402900696,-10.0,-9.880027770996094,14.67492389678955,2.0,2.0,17.789152145385742,0.30357420444488525,0.28977540135383606,0.30357420444488525,0.29744139313697815,0.0,0.30469265580177307,0.30469265580177307,0.30469265580177307,0.30469265580177307,0.0,-0.959823727607727,0.6948122978210449,-10.72630786895752,0.0,0.0,0.0,0.0,0.0,0.0,0.0,0.0,0.0,0.0,0.0,0.0,0.0,0.0,0.0,0.30469274520874023,0.30469274520874023,0.304692804813385,0.30469274520874023,0.33220455050468445,0.04114978387951851,0.04114978387951851,0.39053526520729065,0.4118903577327728,1.074061632156372,1.191715955734253,0.0,0.0,0.0,0.0,0.0,0.0,0.0
71669145135,0,-0.02080148085951805,-0.14620105922222137,-0.12788167595863342,-0.02080148085951805,-0.14620105922222137,-0.8278816938400269,-0.017328975722193718,0.00655400799587369,0.007293109316378832,0.0,0.0,0.0,-0.012481643818318844,-0.019522257149219513,-0.010293465107679367,0.0,0.0,-0.010293466039001942,0.064394012093544,0.05026323348283768,0.02934996411204338,0.09827778488397598,0.15551410615444183,5.098217661725357e-05,0.0,0.0,0.0,-0.23287656903266907,10.088459968566895,0.0454254150390625,9.800445556640625,0.25309303402900696,-10.0,-9.880027770996094,14.67492389678955,2.0,2.0,17.789152145385742,0.30357420444488525,0.28977540135383606,0.30357420444488525,0.29590821266174316,0.0,0.30469265580177307,0.30469265580177307,0.30469265580177307,0.30469265580177307,0.0,-0.959823727607727,0.6948122978210449,-10.72630786895752,0.0,0.0,0.0,0.0,0.0,0.0,0.0,0.0,0.0,0.0,0.0,0.0,0.0,0.0,0.0,0.30469274520874023,0.30469274520874023,0.304692804813385,0.30469274520874023,0.33220455050468445,0.04114978387951851,0.04114978387951851,0.39053526520729065,0.4118903577327728,1.074061632156372,1.191715955734253,0.0,0.0,0.0,0.0,0.0,0.0,0.0
71677688421,0,-0.02080148085951805,-0.14620105922222137,-0.12788167595863342,-0.02080148085951805,-0.14620105922222137,-0.8278816938400269,-0.017328975722193718,0.00655400799587369,0.007293109316378832,0.0,0.0,0.0,-0.012481643818318844,-0.019522257149219513,-0.010293465107679367,0.0,0.0,-0.010293466039001942,0.064394012093544,0.05026323348283768,0.02934996411204338,0.09827778488397598,0.15551410615444183,5.098217661725357e-05,0.0,0.0,0.0,-0.23287656903266907,10.088459968566895,0.0454254150390625,9.800445556640625,0.25309303402900696,-10.0,-9.880027770996094,14.67492389678955,2.0,2.0,17.789152145385742,0.30357420444488525,0.28977540135383606,0.30357420444488525,0.29590821266174316,0.0,0.30469265580177307,0.30469265580177307,0.30469265580177307,0.30469265580177307,0.0,-0.959823727607727,0.6948122978210449,-10.72630786895752,0.0,0.0,0.0,0.0,0.0,0.0,0.0,0.0,0.0,0.0,0.0,0.0,0.0,0.0,0.0,0.30469274520874023,0.30469274520874023,0.304692804813385,0.30469274520874023,0.33220455050468445,0.04114978387951851,0.04114978387951851,0.39053526520729065,0.4118903577327728,1.074061632156372,1.191715955734253,0.0,0.0,0.0,0.0,0.0,0.0,0.0
71688046976,0,-0.02080148085951805,-0.14620105922222137,-0.12788167595863342,-0.02080148085951805,-0.14620105922222137,-0.8278816938400269,-0.017328975722193718,0.00655400799587369,0.007293109316378832,0.0,0.0,0.0,-0.012481643818318844,-0.019522257149219513,-0.010293465107679367,0.0,0.0,-0.010293466039001942,0.064394012093544,0.05026323348283768,0.02934996411204338,0.09827778488397598,0.15551410615444183,5.098217661725357e-05,0.0,0.0,0.0,-0.23287656903266907,10.088459968566895,0.0454254150390625,9.800445556640625,0.25309303402900696,-10.0,-9.880027770996094,14.67492389678955,2.0,2.0,17.789152145385742,0.30357420444488525,0.28977540135383606,0.30357420444488525,0.29590821266174316,0.0,0.30469265580177307,0.30469265580177307,0.30469265580177307,0.30469265580177307,0.0,-0.959823727607727,0.6948122978210449,-10.72630786895752,0.0,0.0,0.0,0.0,0.0,0.0,0.0,0.0,0.0,0.0,0.0,0.0,0.0,0.0,0.0,0.30469274520874023,0.30469274520874023,0.304692804813385,0.30469274520874023,0.33220455050468445,0.04114978387951851,0.04114978387951851,0.39053526520729065,0.4118903577327728,1.074061632156372,1.191715955734253,0.0,0.0,0.0,0.0,0.0,0.0,0.0
71697885255,0,-0.02080148085951805,-0.14620105922222137,-0.12788167595863342,-0.02080148085951805,-0.14620105922222137,-0.8278816938400269,-0.017328975722193718,0.00655400799587369,0.007293109316378832,0.0,0.0,0.0,-0.012481643818318844,-0.019522257149219513,-0.010293465107679367,0.0,0.0,-0.010293466039001942,0.064394012093544,0.05026323348283768,0.02934996411204338,0.09827778488397598,0.15551410615444183,5.098217661725357e-05,0.0,0.0,0.0,-0.23287656903266907,10.088459968566895,0.0454254150390625,9.800445556640625,0.25309303402900696,-10.0,-9.880027770996094,14.67492389678955,2.0,2.0,17.789152145385742,0.30357420444488525,0.28977540135383606,0.30357420444488525,0.29590821266174316,0.0,0.30469265580177307,0.30469265580177307,0.30469265580177307,0.30469265580177307,0.0,-0.959823727607727,0.6948122978210449,-10.72630786895752,0.0,0.0,0.0,0.0,0.0,0.0,0.0,0.0,0.0,0.0,0.0,0.0,0.0,0.0,0.0,0.30469274520874023,0.30469274520874023,0.304692804813385,0.30469274520874023,0.33220455050468445,0.04114978387951851,0.04114978387951851,0.39053526520729065,0.4118903577327728,1.074061632156372,1.191715955734253,0.0,0.0,0.0,0.0,0.0,0.0,0.0
71707808720,0,-0.02080148085951805,-0.14620105922222137,-0.12788167595863342,-0.02080148085951805,-0.14620105922222137,-0.8278816938400269,-0.017328975722193718,0.00655400799587369,0.007293109316378832,0.0,0.0,0.0,-0.012481643818318844,-0.019522257149219513,-0.010293465107679367,0.0,0.0,-0.010293466039001942,0.064394012093544,0.05026323348283768,0.02934996411204338,0.09827778488397598,0.15551410615444183,5.098217661725357e-05,0.0,0.0,0.0,-0.23287656903266907,10.088459968566895,0.0454254150390625,9.800445556640625,0.25309303402900696,-10.0,-9.880027770996094,14.67492389678955,2.0,2.0,17.789152145385742,0.30357420444488525,0.28977540135383606,0.30357420444488525,0.29590821266174316,0.0,0.30469265580177307,0.30469265580177307,0.30469265580177307,0.30469265580177307,0.0,-0.959823727607727,0.6948122978210449,-10.72630786895752,0.0,0.0,0.0,0.0,0.0,0.0,0.0,0.0,0.0,0.0,0.0,0.0,0.0,0.0,0.0,0.30469274520874023,0.30469274520874023,0.304692804813385,0.30469274520874023,0.33220455050468445,0.04114978387951851,0.04114978387951851,0.39053526520729065,0.4118903577327728,1.074061632156372,1.191715955734253,0.0,0.0,0.0,0.0,0.0,0.0,0.0
71717399276,0,-0.02080148085951805,-0.14620105922222137,-0.12788167595863342,-0.02080148085951805,-0.14620105922222137,-0.8278816938400269,-0.017328975722193718,0.00655400799587369,0.007293109316378832,0.0,0.0,0.0,-0.012481643818318844,-0.019522257149219513,-0.010293465107679367,0.0,0.0,-0.010293466039001942,0.064394012093544,0.05026323348283768,0.02934996411204338,0.09827778488397598,0.15551410615444183,5.098217661725357e-05,0.0,0.0,0.0,-0.23287656903266907,10.088459968566895,0.0454254150390625,9.800445556640625,0.25309303402900696,-10.0,-9.880027770996094,14.67492389678955,2.0,2.0,17.789152145385742,0.30357420444488525,0.28977540135383606,0.30357420444488525,0.29744139313697815,0.0,0.30469265580177307,0.30469265580177307,0.30469265580177307,0.30469265580177307,0.0,-0.959823727607727,0.6948122978210449,-10.72630786895752,0.0,0.0,0.0,0.0,0.0,0.0,0.0,0.0,0.0,0.0,0.0,0.0,0.0,0.0,0.0,0.30469274520874023,0.30469274520874023,0.304692804813385,0.30469274520874023,0.33220455050468445,0.04114978387951851,0.04114978387951851,0.39053526520729065,0.4118903577327728,1.074061632156372,1.191715955734253,0.0,0.0,0.0,0.0,0.0,0.0,0.0
71727406293,0,-0.02080148085951805,-0.14620105922222137,-0.12788167595863342,-0.02080148085951805,-0.14620105922222137,-0.8278816938400269,-0.017328975722193718,0.00655400799587369,0.007293109316378832,0.0,0.0,0.0,-0.012481643818318844,-0.019522257149219513,-0.010293465107679367,0.0,0.0,-0.010293466039001942,0.064394012093544,0.05026323348283768,0.02934996411204338,0.09827778488397598,0.15551410615444183,5.098217661725357e-05,0.0,0.0,0.0,-0.23287656903266907,10.088459968566895,0.0454254150390625,9.800445556640625,0.25309303402900696,-10.0,-9.880027770996094,14.67492389678955,2.0,2.0,17.789152145385742,0.30357420444488525,0.28977540135383606,0.30357420444488525,0.29744139313697815,0.0,0.30469265580177307,0.30469265580177307,0.30469265580177307,0.30469265580177307,0.0,-0.959823727607727,0.6948122978210449,-10.72630786895752,0.0,0.0,0.0,0.0,0.0,0.0,0.0,0.0,0.0,0.0,0.0,0.0,0.0,0.0,0.0,0.30469274520874023,0.30469274520874023,0.304692804813385,0.30469274520874023,0.33220455050468445,0.04114978387951851,0.04114978387951851,0.39053526520729065,0.4118903577327728,1.074061632156372,1.191715955734253,0.0,0.0,0.0,0.0,0.0,0.0,0.0
71737329881,0,-0.02080148085951805,-0.14620105922222137,-0.12788167595863342,-0.02080148085951805,-0.14620105922222137,-0.8278816938400269,-0.017328975722193718,0.00655400799587369,0.007293109316378832,0.0,0.0,0.0,-0.012481643818318844,-0.019522257149219513,-0.010293465107679367,0.0,0.0,-0.010293466039001942,0.064394012093544,0.05026323348283768,0.02934996411204338,0.09827778488397598,0.15551410615444183,5.098217661725357e-05,0.0,0.0,0.0,-0.23287656903266907,10.088459968566895,0.0454254150390625,9.800445556640625,0.25309303402900696,-10.0,-9.880027770996094,14.67492389678955,2.0,2.0,17.789152145385742,0.30357420444488525,0.28977540135383606,0.30357420444488525,0.29590821266174316,0.0,0.30469265580177307,0.30469265580177307,0.30469265580177307,0.30469265580177307,0.0,-0.959823727607727,0.6948122978210449,-10.72630786895752,0.0,0.0,0.0,0.0,0.0,0.0,0.0,0.0,0.0,0.0,0.0,0.0,0.0,0.0,0.0,0.30469274520874023,0.30469274520874023,0.304692804813385,0.30469274520874023,0.33220455050468445,0.04114978387951851,0.04114978387951851,0.39053526520729065,0.4118903577327728,1.074061632156372,1.191715955734253,0.0,0.0,0.0,0.0,0.0,0.0,0.0
71765705206,0,-0.02080148085951805,-0.14620105922222137,-0.12788167595863342,-0.02080148085951805,-0.14620105922222137,-0.8278816938400269,-0.017328975722193718,0.00655400799587369,0.007293109316378832,0.0,0.0,0.0,-0.012481643818318844,-0.019522257149219513,-0.010293465107679367,0.0,0.0,-0.010293466039001942,0.064394012093544,0.05026323348283768,0.02934996411204338,0.09827778488397598,0.15551410615444183,5.098217661725357e-05,0.0,0.0,0.0,-0.23287656903266907,10.088459968566895,0.0454254150390625,9.800445556640625,0.25309303402900696,-10.0,-9.880027770996094,14.67492389678955,2.0,2.0,17.789152145385742,0.30357420444488525,0.28977540135383606,0.30357420444488525,0.29744139313697815,0.0,0.30469265580177307,0.30469265580177307,0.30469265580177307,0.30469265580177307,0.0,-0.959823727607727,0.6948122978210449,-10.72630786895752,0.0,0.0,0.0,0.0,0.0,0.0,0.0,0.0,0.0,0.0,0.0,0.0,0.0,0.0,0.0,0.30469274520874023,0.30469274520874023,0.304692804813385,0.30469274520874023,0.33220455050468445,0.04114978387951851,0.04114978387951851,0.39053526520729065,0.4118903577327728,1.074061632156372,1.191715955734253,0.0,0.0,0.0,0.0,0.0,0.0,0.0
71765767404,0,-0.02080148085951805,-0.14620105922222137,-0.12788167595863342,-0.02080148085951805,-0.14620105922222137,-0.8278816938400269,-0.017328975722193718,0.00655400799587369,0.007293109316378832,0.0,0.0,0.0,-0.012481643818318844,-0.019522257149219513,-0.010293465107679367,0.0,0.0,-0.010293466039001942,0.064394012093544,0.05026323348283768,0.02934996411204338,0.09827778488397598,0.15551410615444183,5.098217661725357e-05,0.0,0.0,0.0,-0.23287656903266907,10.088459968566895,0.0454254150390625,9.800445556640625,0.25309303402900696,-10.0,-9.880027770996094,14.67492389678955,2.0,2.0,17.789152145385742,0.30357420444488525,0.28977540135383606,0.30357420444488525,0.29744139313697815,0.0,0.30469265580177307,0.30469265580177307,0.30469265580177307,0.30469265580177307,0.0,-0.959823727607727,0.6948122978210449,-10.72630786895752,0.0,0.0,0.0,0.0,0.0,0.0,0.0,0.0,0.0,0.0,0.0,0.0,0.0,0.0,0.0,0.30469274520874023,0.30469274520874023,0.304692804813385,0.30469274520874023,0.33220455050468445,0.04114978387951851,0.04114978387951851,0.39053526520729065,0.4118903577327728,1.074061632156372,1.191715955734253,0.0,0.0,0.0,0.0,0.0,0.0,0.0
71777701109,0,-0.02080148085951805,-0.14620105922222137,-0.12788167595863342,-0.02080148085951805,-0.14620105922222137,-0.8278816938400269,-0.017328975722193718,0.00655400799587369,0.007293109316378832,0.0,0.0,0.0,-0.012481643818318844,-0.019522257149219513,-0.010293465107679367,0.0,0.0,-0.010293466039001942,0.064394012093544,0.05026323348283768,0.02934996411204338,0.09827778488397598,0.15551410615444183,5.098217661725357e-05,0.0,0.0,0.0,-0.23287656903266907,10.088459968566895,0.0454254150390625,9.800445556640625,0.25309303402900696,-10.0,-9.880027770996094,14.67492389678955,2.0,2.0,17.789152145385742,0.30357420444488525,0.28977540135383606,0.30357420444488525,0.29744139313697815,0.0,0.30469265580177307,0.30469265580177307,0.30469265580177307,0.30469265580177307,0.0,-0.959823727607727,0.6948122978210449,-10.72630786895752,0.0,0.0,0.0,0.0,0.0,0.0,0.0,0.0,0.0,0.0,0.0,0.0,0.0,0.0,0.0,0.30469274520874023,0.30469274520874023,0.304692804813385,0.30469274520874023,0.33220455050468445,0.04114978387951851,0.04114978387951851,0.39053526520729065,0.4118903577327728,1.074061632156372,1.191715955734253,0.0,0.0,0.0,0.0,0.0,0.0,0.0
71777733772,0,-0.02080148085951805,-0.14620105922222137,-0.12788167595863342,-0.02080148085951805,-0.14620105922222137,-0.8278816938400269,-0.017328975722193718,0.00655400799587369,0.007293109316378832,0.0,0.0,0.0,-0.012481643818318844,-0.019522257149219513,-0.010293465107679367,0.0,0.0,-0.010293466039001942,0.064394012093544,0.05026323348283768,0.02934996411204338,0.09827778488397598,0.15551410615444183,5.098217661725357e-05,0.0,0.0,0.0,-0.23287656903266907,10.088459968566895,0.0454254150390625,9.800445556640625,0.25309303402900696,-10.0,-9.880027770996094,14.67492389678955,2.0,2.0,17.789152145385742,0.30357420444488525,0.28977540135383606,0.30357420444488525,0.29590821266174316,0.0,0.30469265580177307,0.30469265580177307,0.30469265580177307,0.30469265580177307,0.0,-0.959823727607727,0.6948122978210449,-10.72630786895752,0.0,0.0,0.0,0.0,0.0,0.0,0.0,0.0,0.0,0.0,0.0,0.0,0.0,0.0,0.0,0.30469274520874023,0.30469274520874023,0.304692804813385,0.30469274520874023,0.33220455050468445,0.04114978387951851,0.04114978387951851,0.39053526520729065,0.4118903577327728,1.074061632156372,1.191715955734253,0.0,0.0,0.0,0.0,0.0,0.0,0.0
71788860637,0,-0.02080148085951805,-0.14620105922222137,-0.12788167595863342,-0.02080148085951805,-0.14620105922222137,-0.8278816938400269,-0.017328975722193718,0.00655400799587369,0.007293109316378832,0.0,0.0,0.0,-0.012481643818318844,-0.019522257149219513,-0.010293465107679367,0.0,0.0,-0.010293466039001942,0.064394012093544,0.05026323348283768,0.02934996411204338,0.09827778488397598,0.15551410615444183,5.098217661725357e-05,0.0,0.0,0.0,-0.23287656903266907,10.088459968566895,0.0454254150390625,9.800445556640625,0.25309303402900696,-10.0,-9.880027770996094,14.67492389678955,2.0,2.0,17.789152145385742,0.30357420444488525,0.28977540135383606,0.30357420444488525,0.29744139313697815,0.0,0.30469265580177307,0.30469265580177307,0.30469265580177307,0.30469265580177307,0.0,-0.959823727607727,0.6948122978210449,-10.72630786895752,0.0,0.0,0.0,0.0,0.0,0.0,0.0,0.0,0.0,0.0,0.0,0.0,0.0,0.0,0.0,0.30469274520874023,0.30469274520874023,0.304692804813385,0.30469274520874023,0.33220455050468445,0.04114978387951851,0.04114978387951851,0.39053526520729065,0.4118903577327728,1.074061632156372,1.191715955734253,0.0,0.0,0.0,0.0,0.0,0.0,0.0
71797593222,0,-0.02080148085951805,-0.14620105922222137,-0.12788167595863342,-0.02080148085951805,-0.14620105922222137,-0.8278816938400269,-0.017328975722193718,0.00655400799587369,0.007293109316378832,0.0,0.0,0.0,-0.012481643818318844,-0.019522257149219513,-0.010293465107679367,0.0,0.0,-0.010293466039001942,0.064394012093544,0.05026323348283768,0.02934996411204338,0.09827778488397598,0.15551410615444183,5.098217661725357e-05,0.0,0.0,0.0,-0.23287656903266907,10.088459968566895,0.0454254150390625,9.800445556640625,0.25309303402900696,-10.0,-9.880027770996094,14.67492389678955,2.0,2.0,17.789152145385742,0.30357420444488525,0.28977540135383606,0.30357420444488525,0.29744139313697815,0.0,0.30469265580177307,0.30469265580177307,0.30469265580177307,0.30469265580177307,0.0,-0.959823727607727,0.6948122978210449,-10.72630786895752,0.0,0.0,0.0,0.0,0.0,0.0,0.0,0.0,0.0,0.0,0.0,0.0,0.0,0.0,0.0,0.30469274520874023,0.30469274520874023,0.304692804813385,0.30469274520874023,0.33220455050468445,0.04114978387951851,0.04114978387951851,0.39053526520729065,0.4118903577327728,1.074061632156372,1.191715955734253,0.0,0.0,0.0,0.0,0.0,0.0,0.0
71807745307,0,-0.02080148085951805,-0.14620105922222137,-0.12788167595863342,-0.02080148085951805,-0.14620105922222137,-0.8278816938400269,-0.017328975722193718,0.00655400799587369,0.007293109316378832,0.0,0.0,0.0,-0.012481643818318844,-0.019522257149219513,-0.010293465107679367,0.0,0.0,-0.010293466039001942,0.064394012093544,0.05026323348283768,0.02934996411204338,0.09827778488397598,0.15551410615444183,5.098217661725357e-05,0.0,0.0,0.0,-0.23287656903266907,10.088459968566895,0.0454254150390625,9.800445556640625,0.25309303402900696,-10.0,-9.880027770996094,14.67492389678955,2.0,2.0,17.789152145385742,0.30357420444488525,0.28977540135383606,0.30357420444488525,0.29744139313697815,0.0,0.30469265580177307,0.30469265580177307,0.30469265580177307,0.30469265580177307,0.0,-0.959823727607727,0.6948122978210449,-10.72630786895752,0.0,0.0,0.0,0.0,0.0,0.0,0.0,0.0,0.0,0.0,0.0,0.0,0.0,0.0,0.0,0.30469274520874023,0.30469274520874023,0.304692804813385,0.30469274520874023,0.33220455050468445,0.04114978387951851,0.04114978387951851,0.39053526520729065,0.4118903577327728,1.074061632156372,1.191715955734253,0.0,0.0,0.0,0.0,0.0,0.0,0.0
71817612005,0,-0.02080148085951805,-0.14620105922222137,-0.12788167595863342,-0.02080148085951805,-0.14620105922222137,-0.8278816938400269,-0.017328975722193718,0.00655400799587369,0.007293109316378832,0.0,0.0,0.0,-0.012481643818318844,-0.019522257149219513,-0.010293465107679367,0.0,0.0,-0.010293466039001942,0.064394012093544,0.05026323348283768,0.02934996411204338,0.09827778488397598,0.15551410615444183,5.098217661725357e-05,0.0,0.0,0.0,-0.23287656903266907,10.088459968566895,0.0454254150390625,9.800445556640625,0.25309303402900696,-10.0,-9.880027770996094,14.67492389678955,2.0,2.0,17.789152145385742,0.30357420444488525,0.28977540135383606,0.30357420444488525,0.29590821266174316,0.0,0.30469265580177307,0.30469265580177307,0.30469265580177307,0.30469265580177307,0.0,-0.959823727607727,0.6948122978210449,-10.72630786895752,0.0,0.0,0.0,0.0,0.0,0.0,0.0,0.0,0.0,0.0,0.0,0.0,0.0,0.0,0.0,0.30469274520874023,0.30469274520874023,0.304692804813385,0.30469274520874023,0.33220455050468445,0.04114978387951851,0.04114978387951851,0.39053526520729065,0.4118903577327728,1.074061632156372,1.191715955734253,0.0,0.0,0.0,0.0,0.0,0.0,0.0
71828762375,0,-0.02080148085951805,-0.14620105922222137,-0.12788167595863342,-0.02080148085951805,-0.14620105922222137,-0.8278816938400269,-0.017328975722193718,0.00655400799587369,0.007293109316378832,0.0,0.0,0.0,-0.012481643818318844,-0.019522257149219513,-0.010293465107679367,0.0,0.0,-0.010293466039001942,0.064394012093544,0.05026323348283768,0.02934996411204338,0.09827778488397598,0.15551410615444183,5.098217661725357e-05,0.0,0.0,0.0,-0.23287656903266907,10.088459968566895,0.0454254150390625,9.800445556640625,0.25309303402900696,-10.0,-9.880027770996094,14.67492389678955,2.0,2.0,17.789152145385742,0.30357420444488525,0.28977540135383606,0.30357420444488525,0.29744139313697815,0.0,0.30469265580177307,0.30469265580177307,0.30469265580177307,0.30469265580177307,0.0,-0.959823727607727,0.6948122978210449,-10.72630786895752,0.0,0.0,0.0,0.0,0.0,0.0,0.0,0.0,0.0,0.0,0.0,0.0,0.0,0.0,0.0,0.30469274520874023,0.30469274520874023,0.304692804813385,0.30469274520874023,0.33220455050468445,0.04114978387951851,0.04114978387951851,0.39053526520729065,0.4118903577327728,1.074061632156372,1.191715955734253,0.0,0.0,0.0,0.0,0.0,0.0,0.0
71837573048,0,-0.02080148085951805,-0.14620105922222137,-0.12788167595863342,-0.02080148085951805,-0.14620105922222137,-0.8278816938400269,-0.017328975722193718,0.00655400799587369,0.007293109316378832,0.0,0.0,0.0,-0.012481643818318844,-0.019522257149219513,-0.010293465107679367,0.0,0.0,-0.010293466039001942,0.064394012093544,0.05026323348283768,0.02934996411204338,0.09827778488397598,0.15551410615444183,5.098217661725357e-05,0.0,0.0,0.0,-0.23287656903266907,10.088459968566895,0.0454254150390625,9.800445556640625,0.25309303402900696,-10.0,-9.880027770996094,14.67492389678955,2.0,2.0,17.789152145385742,0.30357420444488525,0.28977540135383606,0.30357420444488525,0.29744139313697815,0.0,0.30469265580177307,0.30469265580177307,0.30469265580177307,0.30469265580177307,0.0,-0.959823727607727,0.6948122978210449,-10.72630786895752,0.0,0.0,0.0,0.0,0.0,0.0,0.0,0.0,0.0,0.0,0.0,0.0,0.0,0.0,0.0,0.30469274520874023,0.30469274520874023,0.304692804813385,0.30469274520874023,0.33220455050468445,0.04114978387951851,0.04114978387951851,0.39053526520729065,0.4118903577327728,1.074061632156372,1.191715955734253,0.0,0.0,0.0,0.0,0.0,0.0,0.0
71847706964,0,-0.02080148085951805,-0.14620105922222137,-0.12788167595863342,-0.02080148085951805,-0.14620105922222137,-0.8278816938400269,-0.017328975722193718,0.00655400799587369,0.007293109316378832,0.0,0.0,0.0,-0.012481643818318844,-0.019522257149219513,-0.010293465107679367,0.0,0.0,-0.010293466039001942,0.064394012093544,0.05026323348283768,0.02934996411204338,0.09827778488397598,0.15551410615444183,5.098217661725357e-05,0.0,0.0,0.0,-0.23287656903266907,10.088459968566895,0.0454254150390625,9.800445556640625,0.25309303402900696,-10.0,-9.880027770996094,14.67492389678955,2.0,2.0,17.789152145385742,0.30357420444488525,0.28977540135383606,0.30357420444488525,0.29744139313697815,0.0,0.30469265580177307,0.30469265580177307,0.30469265580177307,0.30469265580177307,0.0,-0.959823727607727,0.6948122978210449,-10.72630786895752,0.0,0.0,0.0,0.0,0.0,0.0,0.0,0.0,0.0,0.0,0.0,0.0,0.0,0.0,0.0,0.30469274520874023,0.30469274520874023,0.304692804813385,0.30469274520874023,0.33220455050468445,0.04114978387951851,0.04114978387951851,0.39053526520729065,0.4118903577327728,1.074061632156372,1.191715955734253,0.0,0.0,0.0,0.0,0.0,0.0,0.0
71859503859,0,-0.02080148085951805,-0.14620105922222137,-0.12788167595863342,-0.02080148085951805,-0.14620105922222137,-0.8278816938400269,-0.017328975722193718,0.00655400799587369,0.007293109316378832,0.0,0.0,0.0,-0.012481643818318844,-0.019522257149219513,-0.010293465107679367,0.0,0.0,-0.010293466039001942,0.064394012093544,0.05026323348283768,0.02934996411204338,0.09827778488397598,0.15551410615444183,5.098217661725357e-05,0.0,0.0,0.0,-0.23287656903266907,10.088459968566895,0.0454254150390625,9.800445556640625,0.25309303402900696,-10.0,-9.880027770996094,14.67492389678955,2.0,2.0,17.789152145385742,0.30357420444488525,0.28977540135383606,0.30357420444488525,0.29744139313697815,0.0,0.30469265580177307,0.30469265580177307,0.30469265580177307,0.30469265580177307,0.0,-0.959823727607727,0.6948122978210449,-10.72630786895752,0.0,0.0,0.0,0.0,0.0,0.0,0.0,0.0,0.0,0.0,0.0,0.0,0.0,0.0,0.0,0.30469274520874023,0.30469274520874023,0.304692804813385,0.30469274520874023,0.33220455050468445,0.04114978387951851,0.04114978387951851,0.39053526520729065,0.4118903577327728,1.074061632156372,1.191715955734253,0.0,0.0,0.0,0.0,0.0,0.0,0.0
71867915414,0,-0.02080148085951805,-0.14620105922222137,-0.12788167595863342,-0.02080148085951805,-0.14620105922222137,-0.8278816938400269,-0.017328975722193718,0.00655400799587369,0.007293109316378832,0.0,0.0,0.0,-0.012481643818318844,-0.019522257149219513,-0.010293465107679367,0.0,0.0,-0.010293466039001942,0.064394012093544,0.05026323348283768,0.02934996411204338,0.09827778488397598,0.15551410615444183,5.098217661725357e-05,0.0,0.0,0.0,-0.23287656903266907,10.088459968566895,0.0454254150390625,9.800445556640625,0.25309303402900696,-10.0,-9.880027770996094,14.67492389678955,2.0,2.0,17.789152145385742,0.30357420444488525,0.28977540135383606,0.30357420444488525,0.29744139313697815,0.0,0.30469265580177307,0.30469265580177307,0.30469265580177307,0.30469265580177307,0.0,-0.959823727607727,0.6948122978210449,-10.72630786895752,0.0,0.0,0.0,0.0,0.0,0.0,0.0,0.0,0.0,0.0,0.0,0.0,0.0,0.0,0.0,0.30469274520874023,0.30469274520874023,0.304692804813385,0.30469274520874023,0.33220455050468445,0.04114978387951851,0.04114978387951851,0.39053526520729065,0.4118903577327728,1.074061632156372,1.191715955734253,0.0,0.0,0.0,0.0,0.0,0.0,0.0
71878122383,0,-0.02080148085951805,-0.14620105922222137,-0.12788167595863342,-0.02080148085951805,-0.14620105922222137,-0.8278816938400269,-0.017328975722193718,0.00655400799587369,0.007293109316378832,0.0,0.0,0.0,-0.012481643818318844,-0.019522257149219513,-0.010293465107679367,0.0,0.0,-0.010293466039001942,0.064394012093544,0.05026323348283768,0.02934996411204338,0.09827778488397598,0.15551410615444183,5.098217661725357e-05,0.0,0.0,0.0,-0.23287656903266907,10.088459968566895,0.0454254150390625,9.800445556640625,0.25309303402900696,-10.0,-9.880027770996094,14.67492389678955,2.0,2.0,17.789152145385742,0.30357420444488525,0.28977540135383606,0.30357420444488525,0.29744139313697815,0.0,0.30469265580177307,0.30469265580177307,0.30469265580177307,0.30469265580177307,0.0,-0.959823727607727,0.6948122978210449,-10.72630786895752,0.0,0.0,0.0,0.0,0.0,0.0,0.0,0.0,0.0,0.0,0.0,0.0,0.0,0.0,0.0,0.30469274520874023,0.30469274520874023,0.304692804813385,0.30469274520874023,0.33220455050468445,0.04114978387951851,0.04114978387951851,0.39053526520729065,0.4118903577327728,1.074061632156372,1.191715955734253,0.0,0.0,0.0,0.0,0.0,0.0,0.0
71889044350,0,-0.02080148085951805,-0.14620105922222137,-0.12788167595863342,-0.02080148085951805,-0.14620105922222137,-0.8278816938400269,-0.017328975722193718,0.00655400799587369,0.007293109316378832,0.0,0.0,0.0,-0.012481643818318844,-0.019522257149219513,-0.010293465107679367,0.0,0.0,-0.010293466039001942,0.064394012093544,0.05026323348283768,0.02934996411204338,0.09827778488397598,0.15551410615444183,5.098217661725357e-05,0.0,0.0,0.0,-0.23287656903266907,10.088459968566895,0.0454254150390625,9.800445556640625,0.25309303402900696,-10.0,-9.880027770996094,14.67492389678955,2.0,2.0,17.789152145385742,0.30357420444488525,0.28977540135383606,0.30357420444488525,0.29744139313697815,0.0,0.30469265580177307,0.30469265580177307,0.30469265580177307,0.30469265580177307,0.0,-0.959823727607727,0.6948122978210449,-10.72630786895752,0.0,0.0,0.0,0.0,0.0,0.0,0.0,0.0,0.0,0.0,0.0,0.0,0.0,0.0,0.0,0.30469274520874023,0.30469274520874023,0.304692804813385,0.30469274520874023,0.33220455050468445,0.04114978387951851,0.04114978387951851,0.39053526520729065,0.4118903577327728,1.074061632156372,1.191715955734253,0.0,0.0,0.0,0.0,0.0,0.0,0.0
71897999347,0,-0.02080148085951805,-0.14620105922222137,-0.12788167595863342,-0.02080148085951805,-0.14620105922222137,-0.8278816938400269,-0.017328975722193718,0.00655400799587369,0.007293109316378832,0.0,0.0,0.0,-0.012481643818318844,-0.019522257149219513,-0.010293465107679367,0.0,0.0,-0.010293466039001942,0.064394012093544,0.05026323348283768,0.02934996411204338,0.09827778488397598,0.15551410615444183,5.098217661725357e-05,0.0,0.0,0.0,-0.23287656903266907,10.088459968566895,0.0454254150390625,9.800445556640625,0.25309303402900696,-10.0,-9.880027770996094,14.67492389678955,2.0,2.0,17.789152145385742,0.30357420444488525,0.28977540135383606,0.30357420444488525,0.29744139313697815,0.0,0.30469265580177307,0.30469265580177307,0.30469265580177307,0.30469265580177307,0.0,-0.959823727607727,0.6948122978210449,-10.72630786895752,0.0,0.0,0.0,0.0,0.0,0.0,0.0,0.0,0.0,0.0,0.0,0.0,0.0,0.0,0.0,0.30469274520874023,0.30469274520874023,0.304692804813385,0.30469274520874023,0.33220455050468445,0.04114978387951851,0.04114978387951851,0.39053526520729065,0.4118903577327728,1.074061632156372,1.191715955734253,0.0,0.0,0.0,0.0,0.0,0.0,0.0
71907756745,0,-0.02080148085951805,-0.14620105922222137,-0.12788167595863342,-0.02080148085951805,-0.14620105922222137,-0.8278816938400269,-0.017328975722193718,0.00655400799587369,0.007293109316378832,0.0,0.0,0.0,-0.012481643818318844,-0.019522257149219513,-0.010293465107679367,0.0,0.0,-0.010293466039001942,0.064394012093544,0.05026323348283768,0.02934996411204338,0.09827778488397598,0.15551410615444183,5.098217661725357e-05,0.0,0.0,0.0,-0.23287656903266907,10.088459968566895,0.0454254150390625,9.800445556640625,0.25309303402900696,-10.0,-9.880027770996094,14.67492389678955,2.0,2.0,17.789152145385742,0.30357420444488525,0.28977540135383606,0.30357420444488525,0.29590821266174316,0.0,0.30469265580177307,0.30469265580177307,0.30469265580177307,0.30469265580177307,0.0,-0.959823727607727,0.6948122978210449,-10.72630786895752,0.0,0.0,0.0,0.0,0.0,0.0,0.0,0.0,0.0,0.0,0.0,0.0,0.0,0.0,0.0,0.30469274520874023,0.30469274520874023,0.304692804813385,0.30469274520874023,0.33220455050468445,0.04114978387951851,0.04114978387951851,0.39053526520729065,0.4118903577327728,1.074061632156372,1.191715955734253,0.0,0.0,0.0,0.0,0.0,0.0,0.0
71918801526,0,-0.02080148085951805,-0.14620105922222137,-0.12788167595863342,-0.02080148085951805,-0.14620105922222137,-0.8278816938400269,-0.017328975722193718,0.00655400799587369,0.007293109316378832,0.0,0.0,0.0,-0.012481643818318844,-0.019522257149219513,-0.010293465107679367,0.0,0.0,-0.010293466039001942,0.064394012093544,0.05026323348283768,0.02934996411204338,0.09827778488397598,0.15551410615444183,5.098217661725357e-05,0.0,0.0,0.0,-0.23287656903266907,10.088459968566895,0.0454254150390625,9.800445556640625,0.25309303402900696,-10.0,-9.880027770996094,14.67492389678955,2.0,2.0,17.789152145385742,0.30357420444488525,0.28977540135383606,0.30357420444488525,0.29744139313697815,0.0,0.30469265580177307,0.30469265580177307,0.30469265580177307,0.30469265580177307,0.0,-0.959823727607727,0.6948122978210449,-10.72630786895752,0.0,0.0,0.0,0.0,0.0,0.0,0.0,0.0,0.0,0.0,0.0,0.0,0.0,0.0,0.0,0.30469274520874023,0.30469274520874023,0.304692804813385,0.30469274520874023,0.33220455050468445,0.04114978387951851,0.04114978387951851,0.39053526520729065,0.4118903577327728,1.074061632156372,1.191715955734253,0.0,0.0,0.0,0.0,0.0,0.0,0.0
71928392305,0,-0.02080148085951805,-0.14620105922222137,-0.12788167595863342,-0.02080148085951805,-0.14620105922222137,-0.8278816938400269,-0.017328975722193718,0.00655400799587369,0.007293109316378832,0.0,0.0,0.0,-0.012481643818318844,-0.019522257149219513,-0.010293465107679367,0.0,0.0,-0.010293466039001942,0.064394012093544,0.05026323348283768,0.02934996411204338,0.09827778488397598,0.15551410615444183,5.098217661725357e-05,0.0,0.0,0.0,-0.23287656903266907,10.088459968566895,0.0454254150390625,9.800445556640625,0.25309303402900696,-10.0,-9.880027770996094,14.67492389678955,2.0,2.0,17.789152145385742,0.30357420444488525,0.28977540135383606,0.30357420444488525,0.29744139313697815,0.0,0.30469265580177307,0.30469265580177307,0.30469265580177307,0.30469265580177307,0.0,-0.959823727607727,0.6948122978210449,-10.72630786895752,0.0,0.0,0.0,0.0,0.0,0.0,0.0,0.0,0.0,0.0,0.0,0.0,0.0,0.0,0.0,0.30469274520874023,0.30469274520874023,0.304692804813385,0.30469274520874023,0.33220455050468445,0.04114978387951851,0.04114978387951851,0.39053526520729065,0.4118903577327728,1.074061632156372,1.191715955734253,0.0,0.0,0.0,0.0,0.0,0.0,0.0
71937849622,0,-0.02080148085951805,-0.14620105922222137,-0.12788167595863342,-0.02080148085951805,-0.14620105922222137,-0.8278816938400269,-0.017328975722193718,0.00655400799587369,0.007293109316378832,0.0,0.0,0.0,-0.012481643818318844,-0.019522257149219513,-0.010293465107679367,0.0,0.0,-0.010293466039001942,0.064394012093544,0.05026323348283768,0.02934996411204338,0.09827778488397598,0.15551410615444183,5.098217661725357e-05,0.0,0.0,0.0,-0.23287656903266907,10.088459968566895,0.0454254150390625,9.800445556640625,0.25309303402900696,-10.0,-9.880027770996094,14.67492389678955,2.0,2.0,17.789152145385742,0.30357420444488525,0.28977540135383606,0.30357420444488525,0.29744139313697815,0.0,0.30469265580177307,0.30469265580177307,0.30469265580177307,0.30469265580177307,0.0,-0.959823727607727,0.6948122978210449,-10.72630786895752,0.0,0.0,0.0,0.0,0.0,0.0,0.0,0.0,0.0,0.0,0.0,0.0,0.0,0.0,0.0,0.30469274520874023,0.30469274520874023,0.304692804813385,0.30469274520874023,0.33220455050468445,0.04114978387951851,0.04114978387951851,0.39053526520729065,0.4118903577327728,1.074061632156372,1.191715955734253,0.0,0.0,0.0,0.0,0.0,0.0,0.0
71949294373,0,-0.02080148085951805,-0.14620105922222137,-0.12788167595863342,-0.02080148085951805,-0.14620105922222137,-0.8278816938400269,-0.017328975722193718,0.00655400799587369,0.007293109316378832,0.0,0.0,0.0,-0.012481643818318844,-0.019522257149219513,-0.010293465107679367,0.0,0.0,-0.010293466039001942,0.064394012093544,0.05026323348283768,0.02934996411204338,0.09827778488397598,0.15551410615444183,5.098217661725357e-05,0.0,0.0,0.0,-0.23287656903266907,10.088459968566895,0.0454254150390625,9.800445556640625,0.25309303402900696,-10.0,-9.880027770996094,14.67492389678955,2.0,2.0,17.789152145385742,0.30357420444488525,0.28977540135383606,0.30357420444488525,0.29744139313697815,0.0,0.30469265580177307,0.30469265580177307,0.30469265580177307,0.30469265580177307,0.0,-0.959823727607727,0.6948122978210449,-10.72630786895752,0.0,0.0,0.0,0.0,0.0,0.0,0.0,0.0,0.0,0.0,0.0,0.0,0.0,0.0,0.0,0.30469274520874023,0.30469274520874023,0.304692804813385,0.30469274520874023,0.33220455050468445,0.04114978387951851,0.04114978387951851,0.39053526520729065,0.4118903577327728,1.074061632156372,1.191715955734253,0.0,0.0,0.0,0.0,0.0,0.0,0.0
71959559404,0,-0.02080148085951805,-0.14620105922222137,-0.12788167595863342,-0.02080148085951805,-0.14620105922222137,-0.8278816938400269,-0.017328975722193718,0.00655400799587369,0.007293109316378832,0.0,0.0,0.0,-0.012481643818318844,-0.019522257149219513,-0.010293465107679367,0.0,0.0,-0.010293466039001942,0.064394012093544,0.05026323348283768,0.02934996411204338,0.09827778488397598,0.15551410615444183,5.098217661725357e-05,0.0,0.0,0.0,-0.23287656903266907,10.088459968566895,0.0454254150390625,9.800445556640625,0.25309303402900696,-10.0,-9.880027770996094,14.67492389678955,2.0,2.0,17.789152145385742,0.30357420444488525,0.28977540135383606,0.30357420444488525,0.29744139313697815,0.0,0.30469265580177307,0.30469265580177307,0.30469265580177307,0.30469265580177307,0.0,-0.959823727607727,0.6948122978210449,-10.72630786895752,0.0,0.0,0.0,0.0,0.0,0.0,0.0,0.0,0.0,0.0,0.0,0.0,0.0,0.0,0.0,0.30469274520874023,0.30469274520874023,0.304692804813385,0.30469274520874023,0.33220455050468445,0.04114978387951851,0.04114978387951851,0.39053526520729065,0.4118903577327728,1.074061632156372,1.191715955734253,0.0,0.0,0.0,0.0,0.0,0.0,0.0
71968064007,0,-0.02080148085951805,-0.14620105922222137,-0.12788167595863342,-0.02080148085951805,-0.14620105922222137,-0.8278816938400269,-0.017328975722193718,0.00655400799587369,0.007293109316378832,0.0,0.0,0.0,-0.012481643818318844,-0.019522257149219513,-0.010293465107679367,0.0,0.0,-0.010293466039001942,0.064394012093544,0.05026323348283768,0.02934996411204338,0.09827778488397598,0.15551410615444183,5.098217661725357e-05,0.0,0.0,0.0,-0.23287656903266907,10.088459968566895,0.0454254150390625,9.800445556640625,0.25309303402900696,-10.0,-9.880027770996094,14.67492389678955,2.0,2.0,17.789152145385742,0.30357420444488525,0.28977540135383606,0.30357420444488525,0.29590821266174316,0.0,0.30469265580177307,0.30469265580177307,0.30469265580177307,0.30469265580177307,0.0,-0.959823727607727,0.6948122978210449,-10.72630786895752,0.0,0.0,0.0,0.0,0.0,0.0,0.0,0.0,0.0,0.0,0.0,0.0,0.0,0.0,0.0,0.30469274520874023,0.30469274520874023,0.304692804813385,0.30469274520874023,0.33220455050468445,0.04114978387951851,0.04114978387951851,0.39053526520729065,0.4118903577327728,1.074061632156372,1.191715955734253,0.0,0.0,0.0,0.0,0.0,0.0,0.0
71992438636,0,-0.02080148085951805,-0.14620105922222137,-0.12788167595863342,-0.02080148085951805,-0.14620105922222137,-0.8278816938400269,-0.017328975722193718,0.00655400799587369,0.007293109316378832,0.0,0.0,0.0,-0.012481643818318844,-0.019522257149219513,-0.010293465107679367,0.0,0.0,-0.010293466039001942,0.064394012093544,0.05026323348283768,0.02934996411204338,0.09827778488397598,0.15551410615444183,5.098217661725357e-05,0.0,0.0,0.0,-0.23287656903266907,10.088459968566895,0.0454254150390625,9.800445556640625,0.25309303402900696,-10.0,-9.880027770996094,14.67492389678955,2.0,2.0,17.789152145385742,0.30357420444488525,0.28977540135383606,0.30357420444488525,0.29590821266174316,0.0,0.30469265580177307,0.30469265580177307,0.30469265580177307,0.30469265580177307,0.0,-0.959823727607727,0.6948122978210449,-10.72630786895752,0.0,0.0,0.0,0.0,0.0,0.0,0.0,0.0,0.0,0.0,0.0,0.0,0.0,0.0,0.0,0.30469274520874023,0.30469274520874023,0.304692804813385,0.30469274520874023,0.33220455050468445,0.04114978387951851,0.04114978387951851,0.39053526520729065,0.4118903577327728,1.074061632156372,1.191715955734253,0.0,0.0,0.0,0.0,0.0,0.0,0.0
71992488405,0,-0.02080148085951805,-0.14620105922222137,-0.12788167595863342,-0.02080148085951805,-0.14620105922222137,-0.8278816938400269,-0.017328975722193718,0.00655400799587369,0.007293109316378832,0.0,0.0,0.0,-0.012481643818318844,-0.019522257149219513,-0.010293465107679367,0.0,0.0,-0.010293466039001942,0.064394012093544,0.05026323348283768,0.02934996411204338,0.09827778488397598,0.15551410615444183,5.098217661725357e-05,0.0,0.0,0.0,-0.23287656903266907,10.088459968566895,0.0454254150390625,9.800445556640625,0.25309303402900696,-10.0,-9.880027770996094,14.67492389678955,2.0,2.0,17.789152145385742,0.30357420444488525,0.28977540135383606,0.30357420444488525,0.29744139313697815,0.0,0.30469265580177307,0.30469265580177307,0.30469265580177307,0.30469265580177307,0.0,-0.959823727607727,0.6948122978210449,-10.72630786895752,0.0,0.0,0.0,0.0,0.0,0.0,0.0,0.0,0.0,0.0,0.0,0.0,0.0,0.0,0.0,0.30469274520874023,0.30469274520874023,0.304692804813385,0.30469274520874023,0.33220455050468445,0.04114978387951851,0.04114978387951851,0.39053526520729065,0.4118903577327728,1.074061632156372,1.191715955734253,0.0,0.0,0.0,0.0,0.0,0.0,0.0
71998382696,0,-0.02080148085951805,-0.14620105922222137,-0.12788167595863342,-0.02080148085951805,-0.14620105922222137,-0.8278816938400269,-0.017328975722193718,0.00655400799587369,0.007293109316378832,0.0,0.0,0.0,-0.012481643818318844,-0.019522257149219513,-0.010293465107679367,0.0,0.0,-0.010293466039001942,0.064394012093544,0.05026323348283768,0.02934996411204338,0.09827778488397598,0.15551410615444183,5.098217661725357e-05,0.0,0.0,0.0,-0.23287656903266907,10.088459968566895,0.0454254150390625,9.800445556640625,0.25309303402900696,-10.0,-9.880027770996094,14.67492389678955,2.0,2.0,17.789152145385742,0.30357420444488525,0.28977540135383606,0.30357420444488525,0.29744139313697815,0.0,0.30469265580177307,0.30469265580177307,0.30469265580177307,0.30469265580177307,0.0,-0.959823727607727,0.6948122978210449,-10.72630786895752,0.0,0.0,0.0,0.0,0.0,0.0,0.0,0.0,0.0,0.0,0.0,0.0,0.0,0.0,0.0,0.30469274520874023,0.30469274520874023,0.304692804813385,0.30469274520874023,0.33220455050468445,0.04114978387951851,0.04114978387951851,0.39053526520729065,0.4118903577327728,1.074061632156372,1.191715955734253,0.0,0.0,0.0,0.0,0.0,0.0,0.0
72007803666,0,-0.02080148085951805,-0.14620105922222137,-0.12788167595863342,-0.02080148085951805,-0.14620105922222137,-0.8278816938400269,-0.017328975722193718,0.00655400799587369,0.007293109316378832,0.0,0.0,0.0,-0.012481643818318844,-0.019522257149219513,-0.010293465107679367,0.0,0.0,-0.010293466039001942,0.064394012093544,0.05026323348283768,0.02934996411204338,0.09827778488397598,0.15551410615444183,5.098217661725357e-05,0.0,0.0,0.0,-0.23287656903266907,10.088459968566895,0.0454254150390625,9.800445556640625,0.25309303402900696,-10.0,-9.880027770996094,14.67492389678955,2.0,2.0,17.789152145385742,0.30357420444488525,0.28977540135383606,0.30357420444488525,0.29590821266174316,0.0,0.30469265580177307,0.30469265580177307,0.30469265580177307,0.30469265580177307,0.0,-0.959823727607727,0.6948122978210449,-10.72630786895752,0.0,0.0,0.0,0.0,0.0,0.0,0.0,0.0,0.0,0.0,0.0,0.0,0.0,0.0,0.0,0.30469274520874023,0.30469274520874023,0.304692804813385,0.30469274520874023,0.33220455050468445,0.04114978387951851,0.04114978387951851,0.39053526520729065,0.4118903577327728,1.074061632156372,1.191715955734253,0.0,0.0,0.0,0.0,0.0,0.0,0.0
72022677650,0,-0.02080148085951805,-0.14620105922222137,-0.12788167595863342,-0.02080148085951805,-0.14620105922222137,-0.8278816938400269,-0.017328975722193718,0.00655400799587369,0.007293109316378832,0.0,0.0,0.0,-0.012481643818318844,-0.019522257149219513,-0.010293465107679367,0.0,0.0,-0.010293466039001942,0.064394012093544,0.05026323348283768,0.02934996411204338,0.09827778488397598,0.15551410615444183,5.098217661725357e-05,0.0,0.0,0.0,-0.23287656903266907,10.088459968566895,0.0454254150390625,9.800445556640625,0.25309303402900696,-10.0,-9.880027770996094,14.67492389678955,2.0,2.0,17.789152145385742,0.30357420444488525,0.28977540135383606,0.30357420444488525,0.29744139313697815,0.0,0.30469265580177307,0.30469265580177307,0.30469265580177307,0.30469265580177307,0.0,-0.959823727607727,0.6948122978210449,-10.72630786895752,0.0,0.0,0.0,0.0,0.0,0.0,0.0,0.0,0.0,0.0,0.0,0.0,0.0,0.0,0.0,0.30469274520874023,0.30469274520874023,0.304692804813385,0.30469274520874023,0.33220455050468445,0.04114978387951851,0.04114978387951851,0.39053526520729065,0.4118903577327728,1.074061632156372,1.191715955734253,0.0,0.0,0.0,0.0,0.0,0.0,0.0
72028810593,0,-0.02080148085951805,-0.14620105922222137,-0.12788167595863342,-0.02080148085951805,-0.14620105922222137,-0.8278816938400269,-0.017328975722193718,0.00655400799587369,0.007293109316378832,0.0,0.0,0.0,-0.012481643818318844,-0.019522257149219513,-0.010293465107679367,0.0,0.0,-0.010293466039001942,0.064394012093544,0.05026323348283768,0.02934996411204338,0.09827778488397598,0.15551410615444183,5.098217661725357e-05,0.0,0.0,0.0,-0.23287656903266907,10.088459968566895,0.0454254150390625,9.800445556640625,0.25309303402900696,-10.0,-9.880027770996094,14.67492389678955,2.0,2.0,17.789152145385742,0.30357420444488525,0.28977540135383606,0.30357420444488525,0.29590821266174316,0.0,0.30469265580177307,0.30469265580177307,0.30469265580177307,0.30469265580177307,0.0,-0.959823727607727,0.6948122978210449,-10.72630786895752,0.0,0.0,0.0,0.0,0.0,0.0,0.0,0.0,0.0,0.0,0.0,0.0,0.0,0.0,0.0,0.30469274520874023,0.30469274520874023,0.304692804813385,0.30469274520874023,0.33220455050468445,0.04114978387951851,0.04114978387951851,0.39053526520729065,0.4118903577327728,1.074061632156372,1.191715955734253,0.0,0.0,0.0,0.0,0.0,0.0,0.0
72038398514,0,-0.02080148085951805,-0.14620105922222137,-0.12788167595863342,-0.02080148085951805,-0.14620105922222137,-0.8278816938400269,-0.017328975722193718,0.00655400799587369,0.007293109316378832,0.0,0.0,0.0,-0.012481643818318844,-0.019522257149219513,-0.010293465107679367,0.0,0.0,-0.010293466039001942,0.064394012093544,0.05026323348283768,0.02934996411204338,0.09827778488397598,0.15551410615444183,5.098217661725357e-05,0.0,0.0,0.0,-0.23287656903266907,10.088459968566895,0.0454254150390625,9.800445556640625,0.25309303402900696,-10.0,-9.880027770996094,14.67492389678955,2.0,2.0,17.789152145385742,0.30357420444488525,0.28977540135383606,0.30357420444488525,0.29744139313697815,0.0,0.30469265580177307,0.30469265580177307,0.30469265580177307,0.30469265580177307,0.0,-0.959823727607727,0.6948122978210449,-10.72630786895752,0.0,0.0,0.0,0.0,0.0,0.0,0.0,0.0,0.0,0.0,0.0,0.0,0.0,0.0,0.0,0.30469274520874023,0.30469274520874023,0.304692804813385,0.30469274520874023,0.33220455050468445,0.04114978387951851,0.04114978387951851,0.39053526520729065,0.4118903577327728,1.074061632156372,1.191715955734253,0.0,0.0,0.0,0.0,0.0,0.0,0.0
72048063238,0,-0.02080148085951805,-0.14620105922222137,-0.12788167595863342,-0.02080148085951805,-0.14620105922222137,-0.8278816938400269,-0.017328975722193718,0.00655400799587369,0.007293109316378832,0.0,0.0,0.0,-0.012481643818318844,-0.019522257149219513,-0.010293465107679367,0.0,0.0,-0.010293466039001942,0.064394012093544,0.05026323348283768,0.02934996411204338,0.09827778488397598,0.15551410615444183,5.098217661725357e-05,0.0,0.0,0.0,-0.23287656903266907,10.088459968566895,0.0454254150390625,9.800445556640625,0.25309303402900696,-10.0,-9.880027770996094,14.67492389678955,2.0,2.0,17.789152145385742,0.30357420444488525,0.28977540135383606,0.30357420444488525,0.29590821266174316,0.0,0.30469265580177307,0.30469265580177307,0.30469265580177307,0.30469265580177307,0.0,-0.959823727607727,0.6948122978210449,-10.72630786895752,0.0,0.0,0.0,0.0,0.0,0.0,0.0,0.0,0.0,0.0,0.0,0.0,0.0,0.0,0.0,0.30469274520874023,0.30469274520874023,0.304692804813385,0.30469274520874023,0.33220455050468445,0.04114978387951851,0.04114978387951851,0.39053526520729065,0.4118903577327728,1.074061632156372,1.191715955734253,0.0,0.0,0.0,0.0,0.0,0.0,0.0
72057621220,0,-0.02080148085951805,-0.14620105922222137,-0.12788167595863342,-0.02080148085951805,-0.14620105922222137,-0.8278816938400269,-0.017328975722193718,0.00655400799587369,0.007293109316378832,0.0,0.0,0.0,-0.012481643818318844,-0.019522257149219513,-0.010293465107679367,0.0,0.0,-0.010293466039001942,0.064394012093544,0.05026323348283768,0.02934996411204338,0.09827778488397598,0.15551410615444183,5.098217661725357e-05,0.0,0.0,0.0,-0.23287656903266907,10.088459968566895,0.0454254150390625,9.800445556640625,0.25309303402900696,-10.0,-9.880027770996094,14.67492389678955,2.0,2.0,17.789152145385742,0.30357420444488525,0.28977540135383606,0.30357420444488525,0.29590821266174316,0.0,0.30469265580177307,0.30469265580177307,0.30469265580177307,0.30469265580177307,0.0,-0.959823727607727,0.6948122978210449,-10.72630786895752,0.0,0.0,0.0,0.0,0.0,0.0,0.0,0.0,0.0,0.0,0.0,0.0,0.0,0.0,0.0,0.30469274520874023,0.30469274520874023,0.304692804813385,0.30469274520874023,0.33220455050468445,0.04114978387951851,0.04114978387951851,0.39053526520729065,0.4118903577327728,1.074061632156372,1.191715955734253,0.0,0.0,0.0,0.0,0.0,0.0,0.0
72094639551,0,-0.02080148085951805,-0.14620105922222137,-0.12788167595863342,-0.02080148085951805,-0.14620105922222137,-0.8278816938400269,-0.017328975722193718,0.00655400799587369,0.007293109316378832,0.0,0.0,0.0,-0.012481643818318844,-0.019522257149219513,-0.010293465107679367,0.0,0.0,-0.010293466039001942,0.064394012093544,0.05026323348283768,0.02934996411204338,0.09827778488397598,0.15551410615444183,5.098217661725357e-05,0.0,0.0,0.0,-0.23287656903266907,10.088459968566895,0.0454254150390625,9.800445556640625,0.25309303402900696,-10.0,-9.880027770996094,14.67492389678955,2.0,2.0,17.789152145385742,0.30357420444488525,0.28977540135383606,0.30357420444488525,0.29744139313697815,0.0,0.30469265580177307,0.30469265580177307,0.30469265580177307,0.30469265580177307,0.0,-0.959823727607727,0.6948122978210449,-10.72630786895752,0.0,0.0,0.0,0.0,0.0,0.0,0.0,0.0,0.0,0.0,0.0,0.0,0.0,0.0,0.0,0.30469274520874023,0.30469274520874023,0.304692804813385,0.30469274520874023,0.33220455050468445,0.04114978387951851,0.04114978387951851,0.39053526520729065,0.4118903577327728,1.074061632156372,1.191715955734253,0.0,0.0,0.0,0.0,0.0,0.0,0.0
72094661712,0,-0.02080148085951805,-0.14620105922222137,-0.12788167595863342,-0.02080148085951805,-0.14620105922222137,-0.8278816938400269,-0.017328975722193718,0.00655400799587369,0.007293109316378832,0.0,0.0,0.0,-0.012481643818318844,-0.019522257149219513,-0.010293465107679367,0.0,0.0,-0.010293466039001942,0.064394012093544,0.05026323348283768,0.02934996411204338,0.09827778488397598,0.15551410615444183,5.098217661725357e-05,0.0,0.0,0.0,-0.23287656903266907,10.088459968566895,0.0454254150390625,9.800445556640625,0.25309303402900696,-10.0,-9.880027770996094,14.67492389678955,2.0,2.0,17.789152145385742,0.30357420444488525,0.28977540135383606,0.30357420444488525,0.29744139313697815,0.0,0.30469265580177307,0.30469265580177307,0.30469265580177307,0.30469265580177307,0.0,-0.959823727607727,0.6948122978210449,-10.72630786895752,0.0,0.0,0.0,0.0,0.0,0.0,0.0,0.0,0.0,0.0,0.0,0.0,0.0,0.0,0.0,0.30469274520874023,0.30469274520874023,0.304692804813385,0.30469274520874023,0.33220455050468445,0.04114978387951851,0.04114978387951851,0.39053526520729065,0.4118903577327728,1.074061632156372,1.191715955734253,0.0,0.0,0.0,0.0,0.0,0.0,0.0
72094670935,0,-0.02080148085951805,-0.14620105922222137,-0.12788167595863342,-0.02080148085951805,-0.14620105922222137,-0.8278816938400269,-0.017328975722193718,0.00655400799587369,0.007293109316378832,0.0,0.0,0.0,-0.012481643818318844,-0.019522257149219513,-0.010293465107679367,0.0,0.0,-0.010293466039001942,0.064394012093544,0.05026323348283768,0.02934996411204338,0.09827778488397598,0.15551410615444183,5.098217661725357e-05,0.0,0.0,0.0,-0.23287656903266907,10.088459968566895,0.0454254150390625,9.800445556640625,0.25309303402900696,-10.0,-9.880027770996094,14.67492389678955,2.0,2.0,17.789152145385742,0.30357420444488525,0.28977540135383606,0.30357420444488525,0.29744139313697815,0.0,0.30469265580177307,0.30469265580177307,0.30469265580177307,0.30469265580177307,0.0,-0.959823727607727,0.6948122978210449,-10.72630786895752,0.0,0.0,0.0,0.0,0.0,0.0,0.0,0.0,0.0,0.0,0.0,0.0,0.0,0.0,0.0,0.30469274520874023,0.30469274520874023,0.304692804813385,0.30469274520874023,0.33220455050468445,0.04114978387951851,0.04114978387951851,0.39053526520729065,0.4118903577327728,1.074061632156372,1.191715955734253,0.0,0.0,0.0,0.0,0.0,0.0,0.0
72097268295,0,-0.02080148085951805,-0.14620105922222137,-0.12788167595863342,-0.02080148085951805,-0.14620105922222137,-0.8278816938400269,-0.017328975722193718,0.00655400799587369,0.007293109316378832,0.0,0.0,0.0,-0.012481643818318844,-0.019522257149219513,-0.010293465107679367,0.0,0.0,-0.010293466039001942,0.064394012093544,0.05026323348283768,0.02934996411204338,0.09827778488397598,0.15551410615444183,5.098217661725357e-05,0.0,0.0,0.0,-0.23287656903266907,10.088459968566895,0.0454254150390625,9.800445556640625,0.25309303402900696,-10.0,-9.880027770996094,14.67492389678955,2.0,2.0,17.789152145385742,0.30357420444488525,0.28977540135383606,0.30357420444488525,0.29744139313697815,0.0,0.30469265580177307,0.30469265580177307,0.30469265580177307,0.30469265580177307,0.0,-0.959823727607727,0.6948122978210449,-10.72630786895752,0.0,0.0,0.0,0.0,0.0,0.0,0.0,0.0,0.0,0.0,0.0,0.0,0.0,0.0,0.0,0.30469274520874023,0.30469274520874023,0.304692804813385,0.30469274520874023,0.33220455050468445,0.04114978387951851,0.04114978387951851,0.39053526520729065,0.4118903577327728,1.074061632156372,1.191715955734253,0.0,0.0,0.0,0.0,0.0,0.0,0.0
72112753562,0,-0.02080148085951805,-0.14620105922222137,-0.12788167595863342,-0.02080148085951805,-0.14620105922222137,-0.8278816938400269,-0.017328975722193718,0.00655400799587369,0.007293109316378832,0.0,0.0,0.0,-0.012481643818318844,-0.019522257149219513,-0.010293465107679367,0.0,0.0,-0.010293466039001942,0.064394012093544,0.05026323348283768,0.02934996411204338,0.09827778488397598,0.15551410615444183,5.098217661725357e-05,0.0,0.0,0.0,-0.23287656903266907,10.088459968566895,0.0454254150390625,9.800445556640625,0.25309303402900696,-10.0,-9.880027770996094,14.67492389678955,2.0,2.0,17.789152145385742,0.30357420444488525,0.28977540135383606,0.30357420444488525,0.29744139313697815,0.0,0.30469265580177307,0.30469265580177307,0.30469265580177307,0.30469265580177307,0.0,-0.959823727607727,0.6948122978210449,-10.72630786895752,0.0,0.0,0.0,0.0,0.0,0.0,0.0,0.0,0.0,0.0,0.0,0.0,0.0,0.0,0.0,0.30469274520874023,0.30469274520874023,0.304692804813385,0.30469274520874023,0.33220455050468445,0.04114978387951851,0.04114978387951851,0.39053526520729065,0.4118903577327728,1.074061632156372,1.191715955734253,0.0,0.0,0.0,0.0,0.0,0.0,0.0
72118091001,0,-0.02080148085951805,-0.14620105922222137,-0.12788167595863342,-0.02080148085951805,-0.14620105922222137,-0.8278816938400269,-0.017328975722193718,0.00655400799587369,0.007293109316378832,0.0,0.0,0.0,-0.012481643818318844,-0.019522257149219513,-0.010293465107679367,0.0,0.0,-0.010293466039001942,0.064394012093544,0.05026323348283768,0.02934996411204338,0.09827778488397598,0.15551410615444183,5.098217661725357e-05,0.0,0.0,0.0,-0.23287656903266907,10.088459968566895,0.0454254150390625,9.800445556640625,0.25309303402900696,-10.0,-9.880027770996094,14.67492389678955,2.0,2.0,17.789152145385742,0.30357420444488525,0.28977540135383606,0.30357420444488525,0.29744139313697815,0.0,0.30469265580177307,0.30469265580177307,0.30469265580177307,0.30469265580177307,0.0,-0.959823727607727,0.6948122978210449,-10.72630786895752,0.0,0.0,0.0,0.0,0.0,0.0,0.0,0.0,0.0,0.0,0.0,0.0,0.0,0.0,0.0,0.30469274520874023,0.30469274520874023,0.304692804813385,0.30469274520874023,0.33220455050468445,0.04114978387951851,0.04114978387951851,0.39053526520729065,0.4118903577327728,1.074061632156372,1.191715955734253,0.0,0.0,0.0,0.0,0.0,0.0,0.0
72127649695,0,-0.02080148085951805,-0.14620105922222137,-0.12788167595863342,-0.02080148085951805,-0.14620105922222137,-0.8278816938400269,-0.017328975722193718,0.00655400799587369,0.007293109316378832,0.0,0.0,0.0,-0.012481643818318844,-0.019522257149219513,-0.010293465107679367,0.0,0.0,-0.010293466039001942,0.064394012093544,0.05026323348283768,0.02934996411204338,0.09827778488397598,0.15551410615444183,5.098217661725357e-05,0.0,0.0,0.0,-0.23287656903266907,10.088459968566895,0.0454254150390625,9.800445556640625,0.25309303402900696,-10.0,-9.880027770996094,14.67492389678955,2.0,2.0,17.789152145385742,0.30357420444488525,0.28977540135383606,0.30357420444488525,0.29744139313697815,0.0,0.30469265580177307,0.30469265580177307,0.30469265580177307,0.30469265580177307,0.0,-0.959823727607727,0.6948122978210449,-10.72630786895752,0.0,0.0,0.0,0.0,0.0,0.0,0.0,0.0,0.0,0.0,0.0,0.0,0.0,0.0,0.0,0.30469274520874023,0.30469274520874023,0.304692804813385,0.30469274520874023,0.33220455050468445,0.04114978387951851,0.04114978387951851,0.39053526520729065,0.4118903577327728,1.074061632156372,1.191715955734253,0.0,0.0,0.0,0.0,0.0,0.0,0.0
72137463613,0,-0.02080148085951805,-0.14620105922222137,-0.12788167595863342,-0.02080148085951805,-0.14620105922222137,-0.8278816938400269,-0.017328975722193718,0.00655400799587369,0.007293109316378832,0.0,0.0,0.0,-0.012481643818318844,-0.019522257149219513,-0.010293465107679367,0.0,0.0,-0.010293466039001942,0.064394012093544,0.05026323348283768,0.02934996411204338,0.09827778488397598,0.15551410615444183,5.098217661725357e-05,0.0,0.0,0.0,-0.23287656903266907,10.088459968566895,0.0454254150390625,9.800445556640625,0.25309303402900696,-10.0,-9.880027770996094,14.67492389678955,2.0,2.0,17.789152145385742,0.30357420444488525,0.28977540135383606,0.30357420444488525,0.29744139313697815,0.0,0.30469265580177307,0.30469265580177307,0.30469265580177307,0.30469265580177307,0.0,-0.959823727607727,0.6948122978210449,-10.72630786895752,0.0,0.0,0.0,0.0,0.0,0.0,0.0,0.0,0.0,0.0,0.0,0.0,0.0,0.0,0.0,0.30469274520874023,0.30469274520874023,0.304692804813385,0.30469274520874023,0.33220455050468445,0.04114978387951851,0.04114978387951851,0.39053526520729065,0.4118903577327728,1.074061632156372,1.191715955734253,0.0,0.0,0.0,0.0,0.0,0.0,0.0
72147634550,0,-0.02080148085951805,-0.14620105922222137,-0.12788167595863342,-0.02080148085951805,-0.14620105922222137,-0.8278816938400269,-0.017328975722193718,0.00655400799587369,0.007293109316378832,0.0,0.0,0.0,-0.012481643818318844,-0.019522257149219513,-0.010293465107679367,0.0,0.0,-0.010293466039001942,0.064394012093544,0.05026323348283768,0.02934996411204338,0.09827778488397598,0.15551410615444183,5.098217661725357e-05,0.0,0.0,0.0,-0.23287656903266907,10.088459968566895,0.0454254150390625,9.800445556640625,0.25309303402900696,-10.0,-9.880027770996094,14.67492389678955,2.0,2.0,17.789152145385742,0.30357420444488525,0.28977540135383606,0.30357420444488525,0.29590821266174316,0.0,0.30469265580177307,0.30469265580177307,0.30469265580177307,0.30469265580177307,0.0,-0.959823727607727,0.6948122978210449,-10.72630786895752,0.0,0.0,0.0,0.0,0.0,0.0,0.0,0.0,0.0,0.0,0.0,0.0,0.0,0.0,0.0,0.30469274520874023,0.30469274520874023,0.304692804813385,0.30469274520874023,0.33220455050468445,0.04114978387951851,0.04114978387951851,0.39053526520729065,0.4118903577327728,1.074061632156372,1.191715955734253,0.0,0.0,0.0,0.0,0.0,0.0,0.0
72159221205,0,-0.02080148085951805,-0.14620105922222137,-0.12788167595863342,-0.02080148085951805,-0.14620105922222137,-0.8278816938400269,-0.017328975722193718,0.00655400799587369,0.007293109316378832,0.0,0.0,0.0,-0.012481643818318844,-0.019522257149219513,-0.010293465107679367,0.0,0.0,-0.010293466039001942,0.064394012093544,0.05026323348283768,0.02934996411204338,0.09827778488397598,0.15551410615444183,5.098217661725357e-05,0.0,0.0,0.0,-0.23287656903266907,10.088459968566895,0.0454254150390625,9.800445556640625,0.25309303402900696,-10.0,-9.880027770996094,14.67492389678955,2.0,2.0,17.789152145385742,0.30357420444488525,0.28977540135383606,0.30357420444488525,0.29744139313697815,0.0,0.30469265580177307,0.30469265580177307,0.30469265580177307,0.30469265580177307,0.0,-0.959823727607727,0.6948122978210449,-10.72630786895752,0.0,0.0,0.0,0.0,0.0,0.0,0.0,0.0,0.0,0.0,0.0,0.0,0.0,0.0,0.0,0.30469274520874023,0.30469274520874023,0.304692804813385,0.30469274520874023,0.33220455050468445,0.04114978387951851,0.04114978387951851,0.39053526520729065,0.4118903577327728,1.074061632156372,1.191715955734253,0.0,0.0,0.0,0.0,0.0,0.0,0.0
72173559217,0,-0.02080148085951805,-0.14620105922222137,-0.12788167595863342,-0.02080148085951805,-0.14620105922222137,-0.8278816938400269,-0.017328975722193718,0.00655400799587369,0.007293109316378832,0.0,0.0,0.0,-0.012481643818318844,-0.019522257149219513,-0.010293465107679367,0.0,0.0,-0.010293466039001942,0.064394012093544,0.05026323348283768,0.02934996411204338,0.09827778488397598,0.15551410615444183,5.098217661725357e-05,0.0,0.0,0.0,-0.23287656903266907,10.088459968566895,0.0454254150390625,9.800445556640625,0.25309303402900696,-10.0,-9.880027770996094,14.67492389678955,2.0,2.0,17.789152145385742,0.30357420444488525,0.28977540135383606,0.30357420444488525,0.29744139313697815,0.0,0.30469265580177307,0.30469265580177307,0.30469265580177307,0.30469265580177307,0.0,-0.959823727607727,0.6948122978210449,-10.72630786895752,0.0,0.0,0.0,0.0,0.0,0.0,0.0,0.0,0.0,0.0,0.0,0.0,0.0,0.0,0.0,0.30469274520874023,0.30469274520874023,0.304692804813385,0.30469274520874023,0.33220455050468445,0.04114978387951851,0.04114978387951851,0.39053526520729065,0.4118903577327728,1.074061632156372,1.191715955734253,0.0,0.0,0.0,0.0,0.0,0.0,0.0
72177359691,0,-0.02080148085951805,-0.14620105922222137,-0.12788167595863342,-0.02080148085951805,-0.14620105922222137,-0.8278816938400269,-0.017328975722193718,0.00655400799587369,0.007293109316378832,0.0,0.0,0.0,-0.012481643818318844,-0.019522257149219513,-0.010293465107679367,0.0,0.0,-0.010293466039001942,0.064394012093544,0.05026323348283768,0.02934996411204338,0.09827778488397598,0.15551410615444183,5.098217661725357e-05,0.0,0.0,0.0,-0.23287656903266907,10.088459968566895,0.0454254150390625,9.800445556640625,0.25309303402900696,-10.0,-9.880027770996094,14.67492389678955,2.0,2.0,17.789152145385742,0.30357420444488525,0.28977540135383606,0.30357420444488525,0.29590821266174316,0.0,0.30469265580177307,0.30469265580177307,0.30469265580177307,0.30469265580177307,0.0,-0.959823727607727,0.6948122978210449,-10.72630786895752,0.0,0.0,0.0,0.0,0.0,0.0,0.0,0.0,0.0,0.0,0.0,0.0,0.0,0.0,0.0,0.30469274520874023,0.30469274520874023,0.304692804813385,0.30469274520874023,0.33220455050468445,0.04114978387951851,0.04114978387951851,0.39053526520729065,0.4118903577327728,1.074061632156372,1.191715955734253,0.0,0.0,0.0,0.0,0.0,0.0,0.0
72187332039,0,-0.02080148085951805,-0.14620105922222137,-0.12788167595863342,-0.02080148085951805,-0.14620105922222137,-0.8278816938400269,-0.017328975722193718,0.00655400799587369,0.007293109316378832,0.0,0.0,0.0,-0.012481643818318844,-0.019522257149219513,-0.010293465107679367,0.0,0.0,-0.010293466039001942,0.064394012093544,0.05026323348283768,0.02934996411204338,0.09827778488397598,0.15551410615444183,5.098217661725357e-05,0.0,0.0,0.0,-0.23287656903266907,10.088459968566895,0.0454254150390625,9.800445556640625,0.25309303402900696,-10.0,-9.880027770996094,14.67492389678955,2.0,2.0,17.789152145385742,0.30357420444488525,0.28977540135383606,0.30357420444488525,0.29744139313697815,0.0,0.30469265580177307,0.30469265580177307,0.30469265580177307,0.30469265580177307,0.0,-0.959823727607727,0.6948122978210449,-10.72630786895752,0.0,0.0,0.0,0.0,0.0,0.0,0.0,0.0,0.0,0.0,0.0,0.0,0.0,0.0,0.0,0.30469274520874023,0.30469274520874023,0.304692804813385,0.30469274520874023,0.33220455050468445,0.04114978387951851,0.04114978387951851,0.39053526520729065,0.4118903577327728,1.074061632156372,1.191715955734253,0.0,0.0,0.0,0.0,0.0,0.0,0.0
72197686111,0,-0.02080148085951805,-0.14620105922222137,-0.12788167595863342,-0.02080148085951805,-0.14620105922222137,-0.8278816938400269,-0.017328975722193718,0.00655400799587369,0.007293109316378832,0.0,0.0,0.0,-0.012481643818318844,-0.019522257149219513,-0.010293465107679367,0.0,0.0,-0.010293466039001942,0.064394012093544,0.05026323348283768,0.02934996411204338,0.09827778488397598,0.15551410615444183,5.098217661725357e-05,0.0,0.0,0.0,-0.23287656903266907,10.088459968566895,0.0454254150390625,9.800445556640625,0.25309303402900696,-10.0,-9.880027770996094,14.67492389678955,2.0,2.0,17.789152145385742,0.30357420444488525,0.28977540135383606,0.30357420444488525,0.29590821266174316,0.0,0.30469265580177307,0.30469265580177307,0.30469265580177307,0.30469265580177307,0.0,-0.959823727607727,0.6948122978210449,-10.72630786895752,0.0,0.0,0.0,0.0,0.0,0.0,0.0,0.0,0.0,0.0,0.0,0.0,0.0,0.0,0.0,0.30469274520874023,0.30469274520874023,0.304692804813385,0.30469274520874023,0.33220455050468445,0.04114978387951851,0.04114978387951851,0.39053526520729065,0.4118903577327728,1.074061632156372,1.191715955734253,0.0,0.0,0.0,0.0,0.0,0.0,0.0
72208335000,0,-0.02080148085951805,-0.14620105922222137,-0.12788167595863342,-0.02080148085951805,-0.14620105922222137,-0.8278816938400269,-0.017328975722193718,0.00655400799587369,0.007293109316378832,0.0,0.0,0.0,-0.012481643818318844,-0.019522257149219513,-0.010293465107679367,0.0,0.0,-0.010293466039001942,0.064394012093544,0.05026323348283768,0.02934996411204338,0.09827778488397598,0.15551410615444183,5.098217661725357e-05,0.0,0.0,0.0,-0.23287656903266907,10.088459968566895,0.0454254150390625,9.800445556640625,0.25309303402900696,-10.0,-9.880027770996094,14.67492389678955,2.0,2.0,17.789152145385742,0.30357420444488525,0.28977540135383606,0.30357420444488525,0.29590821266174316,0.0,0.30469265580177307,0.30469265580177307,0.30469265580177307,0.30469265580177307,0.0,-0.959823727607727,0.6948122978210449,-10.72630786895752,0.0,0.0,0.0,0.0,0.0,0.0,0.0,0.0,0.0,0.0,0.0,0.0,0.0,0.0,0.0,0.30469274520874023,0.30469274520874023,0.304692804813385,0.30469274520874023,0.33220455050468445,0.04114978387951851,0.04114978387951851,0.39053526520729065,0.4118903577327728,1.074061632156372,1.191715955734253,0.0,0.0,0.0,0.0,0.0,0.0,0.0
72217446413,0,-0.02080148085951805,-0.14620105922222137,-0.12788167595863342,-0.02080148085951805,-0.14620105922222137,-0.8278816938400269,-0.017328975722193718,0.00655400799587369,0.007293109316378832,0.0,0.0,0.0,-0.012481643818318844,-0.019522257149219513,-0.010293465107679367,0.0,0.0,-0.010293466039001942,0.064394012093544,0.05026323348283768,0.02934996411204338,0.09827778488397598,0.15551410615444183,5.098217661725357e-05,0.0,0.0,0.0,-0.23287656903266907,10.088459968566895,0.0454254150390625,9.800445556640625,0.25309303402900696,-10.0,-9.880027770996094,14.67492389678955,2.0,2.0,17.789152145385742,0.30357420444488525,0.28977540135383606,0.30357420444488525,0.29744139313697815,0.0,0.30469265580177307,0.30469265580177307,0.30469265580177307,0.30469265580177307,0.0,-0.959823727607727,0.6948122978210449,-10.72630786895752,0.0,0.0,0.0,0.0,0.0,0.0,0.0,0.0,0.0,0.0,0.0,0.0,0.0,0.0,0.0,0.30469274520874023,0.30469274520874023,0.304692804813385,0.30469274520874023,0.33220455050468445,0.04114978387951851,0.04114978387951851,0.39053526520729065,0.4118903577327728,1.074061632156372,1.191715955734253,0.0,0.0,0.0,0.0,0.0,0.0,0.0
72227347004,0,-0.02080148085951805,-0.14620105922222137,-0.12788167595863342,-0.02080148085951805,-0.14620105922222137,-0.8278816938400269,-0.017328975722193718,0.00655400799587369,0.007293109316378832,0.0,0.0,0.0,-0.012481643818318844,-0.019522257149219513,-0.010293465107679367,0.0,0.0,-0.010293466039001942,0.064394012093544,0.05026323348283768,0.02934996411204338,0.09827778488397598,0.15551410615444183,5.098217661725357e-05,0.0,0.0,0.0,-0.23287656903266907,10.088459968566895,0.0454254150390625,9.800445556640625,0.25309303402900696,-10.0,-9.880027770996094,14.67492389678955,2.0,2.0,17.789152145385742,0.30357420444488525,0.28977540135383606,0.30357420444488525,0.29744139313697815,0.0,0.30469265580177307,0.30469265580177307,0.30469265580177307,0.30469265580177307,0.0,-0.959823727607727,0.6948122978210449,-10.72630786895752,0.0,0.0,0.0,0.0,0.0,0.0,0.0,0.0,0.0,0.0,0.0,0.0,0.0,0.0,0.0,0.30469274520874023,0.30469274520874023,0.304692804813385,0.30469274520874023,0.33220455050468445,0.04114978387951851,0.04114978387951851,0.39053526520729065,0.4118903577327728,1.074061632156372,1.191715955734253,0.0,0.0,0.0,0.0,0.0,0.0,0.0
72239225414,0,-0.02080148085951805,-0.14620105922222137,-0.12788167595863342,-0.02080148085951805,-0.14620105922222137,-0.8278816938400269,-0.017328975722193718,0.00655400799587369,0.007293109316378832,0.0,0.0,0.0,-0.012481643818318844,-0.019522257149219513,-0.010293465107679367,0.0,0.0,-0.010293466039001942,0.064394012093544,0.05026323348283768,0.02934996411204338,0.09827778488397598,0.15551410615444183,5.098217661725357e-05,0.0,0.0,0.0,-0.23287656903266907,10.088459968566895,0.0454254150390625,9.800445556640625,0.25309303402900696,-10.0,-9.880027770996094,14.67492389678955,2.0,2.0,17.789152145385742,0.30357420444488525,0.28977540135383606,0.30357420444488525,0.29744139313697815,0.0,0.30469265580177307,0.30469265580177307,0.30469265580177307,0.30469265580177307,0.0,-0.959823727607727,0.6948122978210449,-10.72630786895752,0.0,0.0,0.0,0.0,0.0,0.0,0.0,0.0,0.0,0.0,0.0,0.0,0.0,0.0,0.0,0.30469274520874023,0.30469274520874023,0.304692804813385,0.30469274520874023,0.33220455050468445,0.04114978387951851,0.04114978387951851,0.39053526520729065,0.4118903577327728,1.074061632156372,1.191715955734253,0.0,0.0,0.0,0.0,0.0,0.0,0.0
72247312345,0,-0.02080148085951805,-0.14620105922222137,-0.12788167595863342,-0.02080148085951805,-0.14620105922222137,-0.8278816938400269,-0.017328975722193718,0.00655400799587369,0.007293109316378832,0.0,0.0,0.0,-0.012481643818318844,-0.019522257149219513,-0.010293465107679367,0.0,0.0,-0.010293466039001942,0.064394012093544,0.05026323348283768,0.02934996411204338,0.09827778488397598,0.15551410615444183,5.098217661725357e-05,0.0,0.0,0.0,-0.23287656903266907,10.088459968566895,0.0454254150390625,9.800445556640625,0.25309303402900696,-10.0,-9.880027770996094,14.67492389678955,2.0,2.0,17.789152145385742,0.30357420444488525,0.28977540135383606,0.30357420444488525,0.29744139313697815,0.0,0.30469265580177307,0.30469265580177307,0.30469265580177307,0.30469265580177307,0.0,-0.959823727607727,0.6948122978210449,-10.72630786895752,0.0,0.0,0.0,0.0,0.0,0.0,0.0,0.0,0.0,0.0,0.0,0.0,0.0,0.0,0.0,0.30469274520874023,0.30469274520874023,0.304692804813385,0.30469274520874023,0.33220455050468445,0.04114978387951851,0.04114978387951851,0.39053526520729065,0.4118903577327728,1.074061632156372,1.191715955734253,0.0,0.0,0.0,0.0,0.0,0.0,0.0
72260823115,0,-0.02080148085951805,-0.14620105922222137,-0.12788167595863342,-0.02080148085951805,-0.14620105922222137,-0.8278816938400269,-0.017328975722193718,0.00655400799587369,0.007293109316378832,0.0,0.0,0.0,-0.012481643818318844,-0.019522257149219513,-0.010293465107679367,0.0,0.0,-0.010293466039001942,0.064394012093544,0.05026323348283768,0.02934996411204338,0.09827778488397598,0.15551410615444183,5.098217661725357e-05,0.0,0.0,0.0,-0.23287656903266907,10.088459968566895,0.0454254150390625,9.800445556640625,0.25309303402900696,-10.0,-9.880027770996094,14.67492389678955,2.0,2.0,17.789152145385742,0.30357420444488525,0.28977540135383606,0.30357420444488525,0.29744139313697815,0.0,0.30469265580177307,0.30469265580177307,0.30469265580177307,0.30469265580177307,0.0,-0.959823727607727,0.6948122978210449,-10.72630786895752,0.0,0.0,0.0,0.0,0.0,0.0,0.0,0.0,0.0,0.0,0.0,0.0,0.0,0.0,0.0,0.30469274520874023,0.30469274520874023,0.304692804813385,0.30469274520874023,0.33220455050468445,0.04114978387951851,0.04114978387951851,0.39053526520729065,0.4118903577327728,1.074061632156372,1.191715955734253,0.0,0.0,0.0,0.0,0.0,0.0,0.0
72267876433,0,-0.02080148085951805,-0.14620105922222137,-0.12788167595863342,-0.02080148085951805,-0.14620105922222137,-0.8278816938400269,-0.017328975722193718,0.00655400799587369,0.007293109316378832,0.0,0.0,0.0,-0.012481643818318844,-0.019522257149219513,-0.010293465107679367,0.0,0.0,-0.010293466039001942,0.064394012093544,0.05026323348283768,0.02934996411204338,0.09827778488397598,0.15551410615444183,5.098217661725357e-05,0.0,0.0,0.0,-0.23287656903266907,10.088459968566895,0.0454254150390625,9.800445556640625,0.25309303402900696,-10.0,-9.880027770996094,14.67492389678955,2.0,2.0,17.789152145385742,0.30357420444488525,0.28977540135383606,0.30357420444488525,0.29744139313697815,0.0,0.30469265580177307,0.30469265580177307,0.30469265580177307,0.30469265580177307,0.0,-0.959823727607727,0.6948122978210449,-10.72630786895752,0.0,0.0,0.0,0.0,0.0,0.0,0.0,0.0,0.0,0.0,0.0,0.0,0.0,0.0,0.0,0.30469274520874023,0.30469274520874023,0.304692804813385,0.30469274520874023,0.33220455050468445,0.04114978387951851,0.04114978387951851,0.39053526520729065,0.4118903577327728,1.074061632156372,1.191715955734253,0.0,0.0,0.0,0.0,0.0,0.0,0.0
72278240036,0,-0.02080148085951805,-0.14620105922222137,-0.12788167595863342,-0.02080148085951805,-0.14620105922222137,-0.8278816938400269,-0.017328975722193718,0.00655400799587369,0.007293109316378832,0.0,0.0,0.0,-0.012481643818318844,-0.019522257149219513,-0.010293465107679367,0.0,0.0,-0.010293466039001942,0.064394012093544,0.05026323348283768,0.02934996411204338,0.09827778488397598,0.15551410615444183,5.098217661725357e-05,0.0,0.0,0.0,-0.23287656903266907,10.088459968566895,0.0454254150390625,9.800445556640625,0.25309303402900696,-10.0,-9.880027770996094,14.67492389678955,2.0,2.0,17.789152145385742,0.30357420444488525,0.28977540135383606,0.30357420444488525,0.29744139313697815,0.0,0.30469265580177307,0.30469265580177307,0.30469265580177307,0.30469265580177307,0.0,-0.959823727607727,0.6948122978210449,-10.72630786895752,0.0,0.0,0.0,0.0,0.0,0.0,0.0,0.0,0.0,0.0,0.0,0.0,0.0,0.0,0.0,0.30469274520874023,0.30469274520874023,0.304692804813385,0.30469274520874023,0.33220455050468445,0.04114978387951851,0.04114978387951851,0.39053526520729065,0.4118903577327728,1.074061632156372,1.191715955734253,0.0,0.0,0.0,0.0,0.0,0.0,0.0
72287935070,0,-0.02080148085951805,-0.14620105922222137,-0.12788167595863342,-0.02080148085951805,-0.14620105922222137,-0.8278816938400269,-0.017328975722193718,0.00655400799587369,0.007293109316378832,0.0,0.0,0.0,-0.012481643818318844,-0.019522257149219513,-0.010293465107679367,0.0,0.0,-0.010293466039001942,0.064394012093544,0.05026323348283768,0.02934996411204338,0.09827778488397598,0.15551410615444183,5.098217661725357e-05,0.0,0.0,0.0,-0.23287656903266907,10.088459968566895,0.0454254150390625,9.800445556640625,0.25309303402900696,-10.0,-9.880027770996094,14.67492389678955,2.0,2.0,17.789152145385742,0.30357420444488525,0.28977540135383606,0.30357420444488525,0.29590821266174316,0.0,0.30469265580177307,0.30469265580177307,0.30469265580177307,0.30469265580177307,0.0,-0.959823727607727,0.6948122978210449,-10.72630786895752,0.0,0.0,0.0,0.0,0.0,0.0,0.0,0.0,0.0,0.0,0.0,0.0,0.0,0.0,0.0,0.30469274520874023,0.30469274520874023,0.304692804813385,0.30469274520874023,0.33220455050468445,0.04114978387951851,0.04114978387951851,0.39053526520729065,0.4118903577327728,1.074061632156372,1.191715955734253,0.0,0.0,0.0,0.0,0.0,0.0,0.0
72298403282,0,-0.02080148085951805,-0.14620105922222137,-0.12788167595863342,-0.02080148085951805,-0.14620105922222137,-0.8278816938400269,-0.017328975722193718,0.00655400799587369,0.007293109316378832,0.0,0.0,0.0,-0.012481643818318844,-0.019522257149219513,-0.010293465107679367,0.0,0.0,-0.010293466039001942,0.064394012093544,0.05026323348283768,0.02934996411204338,0.09827778488397598,0.15551410615444183,5.098217661725357e-05,0.0,0.0,0.0,-0.23287656903266907,10.088459968566895,0.0454254150390625,9.800445556640625,0.25309303402900696,-10.0,-9.880027770996094,14.67492389678955,2.0,2.0,17.789152145385742,0.30357420444488525,0.28977540135383606,0.30357420444488525,0.29744139313697815,0.0,0.30469265580177307,0.30469265580177307,0.30469265580177307,0.30469265580177307,0.0,-0.959823727607727,0.6948122978210449,-10.72630786895752,0.0,0.0,0.0,0.0,0.0,0.0,0.0,0.0,0.0,0.0,0.0,0.0,0.0,0.0,0.0,0.30469274520874023,0.30469274520874023,0.304692804813385,0.30469274520874023,0.33220455050468445,0.04114978387951851,0.04114978387951851,0.39053526520729065,0.4118903577327728,1.074061632156372,1.191715955734253,0.0,0.0,0.0,0.0,0.0,0.0,0.0
72308754359,0,-0.02080148085951805,-0.14620105922222137,-0.12788167595863342,-0.02080148085951805,-0.14620105922222137,-0.8278816938400269,-0.017328975722193718,0.00655400799587369,0.007293109316378832,0.0,0.0,0.0,-0.012481643818318844,-0.019522257149219513,-0.010293465107679367,0.0,0.0,-0.010293466039001942,0.064394012093544,0.05026323348283768,0.02934996411204338,0.09827778488397598,0.15551410615444183,5.098217661725357e-05,0.0,0.0,0.0,-0.23287656903266907,10.088459968566895,0.0454254150390625,9.800445556640625,0.25309303402900696,-10.0,-9.880027770996094,14.67492389678955,2.0,2.0,17.789152145385742,0.30357420444488525,0.28977540135383606,0.30357420444488525,0.29744139313697815,0.0,0.30469265580177307,0.30469265580177307,0.30469265580177307,0.30469265580177307,0.0,-0.959823727607727,0.6948122978210449,-10.72630786895752,0.0,0.0,0.0,0.0,0.0,0.0,0.0,0.0,0.0,0.0,0.0,0.0,0.0,0.0,0.0,0.30469274520874023,0.30469274520874023,0.304692804813385,0.30469274520874023,0.33220455050468445,0.04114978387951851,0.04114978387951851,0.39053526520729065,0.4118903577327728,1.074061632156372,1.191715955734253,0.0,0.0,0.0,0.0,0.0,0.0,0.0
72318871762,0,-0.02080148085951805,-0.14620105922222137,-0.12788167595863342,-0.02080148085951805,-0.14620105922222137,-0.8278816938400269,-0.017328975722193718,0.00655400799587369,0.007293109316378832,0.0,0.0,0.0,-0.012481643818318844,-0.019522257149219513,-0.010293465107679367,0.0,0.0,-0.010293466039001942,0.064394012093544,0.05026323348283768,0.02934996411204338,0.09827778488397598,0.15551410615444183,5.098217661725357e-05,0.0,0.0,0.0,-0.23287656903266907,10.088459968566895,0.0454254150390625,9.800445556640625,0.25309303402900696,-10.0,-9.880027770996094,14.67492389678955,2.0,2.0,17.789152145385742,0.30357420444488525,0.28977540135383606,0.30357420444488525,0.29590821266174316,0.0,0.30469265580177307,0.30469265580177307,0.30469265580177307,0.30469265580177307,0.0,-0.959823727607727,0.6948122978210449,-10.72630786895752,0.0,0.0,0.0,0.0,0.0,0.0,0.0,0.0,0.0,0.0,0.0,0.0,0.0,0.0,0.0,0.30469274520874023,0.30469274520874023,0.304692804813385,0.30469274520874023,0.33220455050468445,0.04114978387951851,0.04114978387951851,0.39053526520729065,0.4118903577327728,1.074061632156372,1.191715955734253,0.0,0.0,0.0,0.0,0.0,0.0,0.0
72327458701,0,-0.02080148085951805,-0.14620105922222137,-0.12788167595863342,-0.02080148085951805,-0.14620105922222137,-0.8278816938400269,-0.017328975722193718,0.00655400799587369,0.007293109316378832,0.0,0.0,0.0,-0.012481643818318844,-0.019522257149219513,-0.010293465107679367,0.0,0.0,-0.010293466039001942,0.064394012093544,0.05026323348283768,0.02934996411204338,0.09827778488397598,0.15551410615444183,5.098217661725357e-05,0.0,0.0,0.0,-0.23287656903266907,10.088459968566895,0.0454254150390625,9.800445556640625,0.25309303402900696,-10.0,-9.880027770996094,14.67492389678955,2.0,2.0,17.789152145385742,0.30357420444488525,0.28977540135383606,0.30357420444488525,0.29590821266174316,0.0,0.30469265580177307,0.30469265580177307,0.30469265580177307,0.30469265580177307,0.0,-0.959823727607727,0.6948122978210449,-10.72630786895752,0.0,0.0,0.0,0.0,0.0,0.0,0.0,0.0,0.0,0.0,0.0,0.0,0.0,0.0,0.0,0.30469274520874023,0.30469274520874023,0.304692804813385,0.30469274520874023,0.33220455050468445,0.04114978387951851,0.04114978387951851,0.39053526520729065,0.4118903577327728,1.074061632156372,1.191715955734253,0.0,0.0,0.0,0.0,0.0,0.0,0.0
72337848848,0,-0.02080148085951805,-0.14620105922222137,-0.12788167595863342,-0.02080148085951805,-0.14620105922222137,-0.8278816938400269,-0.017328975722193718,0.00655400799587369,0.007293109316378832,0.0,0.0,0.0,-0.012481643818318844,-0.019522257149219513,-0.010293465107679367,0.0,0.0,-0.010293466039001942,0.064394012093544,0.05026323348283768,0.02934996411204338,0.09827778488397598,0.15551410615444183,5.098217661725357e-05,0.0,0.0,0.0,-0.23287656903266907,10.088459968566895,0.0454254150390625,9.800445556640625,0.25309303402900696,-10.0,-9.880027770996094,14.67492389678955,2.0,2.0,17.789152145385742,0.30357420444488525,0.28977540135383606,0.30357420444488525,0.29744139313697815,0.0,0.30469265580177307,0.30469265580177307,0.30469265580177307,0.30469265580177307,0.0,-0.959823727607727,0.6948122978210449,-10.72630786895752,0.0,0.0,0.0,0.0,0.0,0.0,0.0,0.0,0.0,0.0,0.0,0.0,0.0,0.0,0.0,0.30469274520874023,0.30469274520874023,0.304692804813385,0.30469274520874023,0.33220455050468445,0.04114978387951851,0.04114978387951851,0.39053526520729065,0.4118903577327728,1.074061632156372,1.191715955734253,0.0,0.0,0.0,0.0,0.0,0.0,0.0
72347433463,0,-0.02080148085951805,-0.14620105922222137,-0.12788167595863342,-0.02080148085951805,-0.14620105922222137,-0.8278816938400269,-0.017328975722193718,0.00655400799587369,0.007293109316378832,0.0,0.0,0.0,-0.012481643818318844,-0.019522257149219513,-0.010293465107679367,0.0,0.0,-0.010293466039001942,0.064394012093544,0.05026323348283768,0.02934996411204338,0.09827778488397598,0.15551410615444183,5.098217661725357e-05,0.0,0.0,0.0,-0.23287656903266907,10.088459968566895,0.0454254150390625,9.800445556640625,0.25309303402900696,-10.0,-9.880027770996094,14.67492389678955,2.0,2.0,17.789152145385742,0.30357420444488525,0.28977540135383606,0.30357420444488525,0.29744139313697815,0.0,0.30469265580177307,0.30469265580177307,0.30469265580177307,0.30469265580177307,0.0,-0.959823727607727,0.6948122978210449,-10.72630786895752,0.0,0.0,0.0,0.0,0.0,0.0,0.0,0.0,0.0,0.0,0.0,0.0,0.0,0.0,0.0,0.30469274520874023,0.30469274520874023,0.304692804813385,0.30469274520874023,0.33220455050468445,0.04114978387951851,0.04114978387951851,0.39053526520729065,0.4118903577327728,1.074061632156372,1.191715955734253,0.0,0.0,0.0,0.0,0.0,0.0,0.0
72357717472,0,-0.02080148085951805,-0.14620105922222137,-0.12788167595863342,-0.02080148085951805,-0.14620105922222137,-0.8278816938400269,-0.017328975722193718,0.00655400799587369,0.007293109316378832,0.0,0.0,0.0,-0.012481643818318844,-0.019522257149219513,-0.010293465107679367,0.0,0.0,-0.010293466039001942,0.064394012093544,0.05026323348283768,0.02934996411204338,0.09827778488397598,0.15551410615444183,5.098217661725357e-05,0.0,0.0,0.0,-0.23287656903266907,10.088459968566895,0.0454254150390625,9.800445556640625,0.25309303402900696,-10.0,-9.880027770996094,14.67492389678955,2.0,2.0,17.789152145385742,0.30357420444488525,0.28977540135383606,0.30357420444488525,0.29590821266174316,0.0,0.30469265580177307,0.30469265580177307,0.30469265580177307,0.30469265580177307,0.0,-0.959823727607727,0.6948122978210449,-10.72630786895752,0.0,0.0,0.0,0.0,0.0,0.0,0.0,0.0,0.0,0.0,0.0,0.0,0.0,0.0,0.0,0.30469274520874023,0.30469274520874023,0.304692804813385,0.30469274520874023,0.33220455050468445,0.04114978387951851,0.04114978387951851,0.39053526520729065,0.4118903577327728,1.074061632156372,1.191715955734253,0.0,0.0,0.0,0.0,0.0,0.0,0.0
72367664606,0,-0.02080148085951805,-0.14620105922222137,-0.12788167595863342,-0.02080148085951805,-0.14620105922222137,-0.8278816938400269,-0.017328975722193718,0.00655400799587369,0.007293109316378832,0.0,0.0,0.0,-0.012481643818318844,-0.019522257149219513,-0.010293465107679367,0.0,0.0,-0.010293466039001942,0.064394012093544,0.05026323348283768,0.02934996411204338,0.09827778488397598,0.15551410615444183,5.098217661725357e-05,0.0,0.0,0.0,-0.23287656903266907,10.088459968566895,0.0454254150390625,9.800445556640625,0.25309303402900696,-10.0,-9.880027770996094,14.67492389678955,2.0,2.0,17.789152145385742,0.30357420444488525,0.28977540135383606,0.30357420444488525,0.29744139313697815,0.0,0.30469265580177307,0.30469265580177307,0.30469265580177307,0.30469265580177307,0.0,-0.959823727607727,0.6948122978210449,-10.72630786895752,0.0,0.0,0.0,0.0,0.0,0.0,0.0,0.0,0.0,0.0,0.0,0.0,0.0,0.0,0.0,0.30469274520874023,0.30469274520874023,0.304692804813385,0.30469274520874023,0.33220455050468445,0.04114978387951851,0.04114978387951851,0.39053526520729065,0.4118903577327728,1.074061632156372,1.191715955734253,0.0,0.0,0.0,0.0,0.0,0.0,0.0
72380893915,0,-0.02080148085951805,-0.14620105922222137,-0.12788167595863342,-0.02080148085951805,-0.14620105922222137,-0.8278816938400269,-0.017328975722193718,0.00655400799587369,0.007293109316378832,0.0,0.0,0.0,-0.012481643818318844,-0.019522257149219513,-0.010293465107679367,0.0,0.0,-0.010293466039001942,0.064394012093544,0.05026323348283768,0.02934996411204338,0.09827778488397598,0.15551410615444183,5.098217661725357e-05,0.0,0.0,0.0,-0.23287656903266907,10.088459968566895,0.0454254150390625,9.800445556640625,0.25309303402900696,-10.0,-9.880027770996094,14.67492389678955,2.0,2.0,17.789152145385742,0.30357420444488525,0.28977540135383606,0.30357420444488525,0.29590821266174316,0.0,0.30469265580177307,0.30469265580177307,0.30469265580177307,0.30469265580177307,0.0,-0.959823727607727,0.6948122978210449,-10.72630786895752,0.0,0.0,0.0,0.0,0.0,0.0,0.0,0.0,0.0,0.0,0.0,0.0,0.0,0.0,0.0,0.30469274520874023,0.30469274520874023,0.304692804813385,0.30469274520874023,0.33220455050468445,0.04114978387951851,0.04114978387951851,0.39053526520729065,0.4118903577327728,1.074061632156372,1.191715955734253,0.0,0.0,0.0,0.0,0.0,0.0,0.0
72396533618,0,-0.02080148085951805,-0.14620105922222137,-0.12788167595863342,-0.02080148085951805,-0.14620105922222137,-0.8278816938400269,-0.017328975722193718,0.00655400799587369,0.007293109316378832,0.0,0.0,0.0,-0.012481643818318844,-0.019522257149219513,-0.010293465107679367,0.0,0.0,-0.010293466039001942,0.064394012093544,0.05026323348283768,0.02934996411204338,0.09827778488397598,0.15551410615444183,5.098217661725357e-05,0.0,0.0,0.0,-0.23287656903266907,10.088459968566895,0.0454254150390625,9.800445556640625,0.25309303402900696,-10.0,-9.880027770996094,14.67492389678955,2.0,2.0,17.789152145385742,0.30357420444488525,0.28977540135383606,0.30357420444488525,0.29744139313697815,0.0,0.30469265580177307,0.30469265580177307,0.30469265580177307,0.30469265580177307,0.0,-0.959823727607727,0.6948122978210449,-10.72630786895752,0.0,0.0,0.0,0.0,0.0,0.0,0.0,0.0,0.0,0.0,0.0,0.0,0.0,0.0,0.0,0.30469274520874023,0.30469274520874023,0.304692804813385,0.30469274520874023,0.33220455050468445,0.04114978387951851,0.04114978387951851,0.39053526520729065,0.4118903577327728,1.074061632156372,1.191715955734253,0.0,0.0,0.0,0.0,0.0,0.0,0.0
72397634422,0,-0.02080148085951805,-0.14620105922222137,-0.12788167595863342,-0.02080148085951805,-0.14620105922222137,-0.8278816938400269,-0.017328975722193718,0.00655400799587369,0.007293109316378832,0.0,0.0,0.0,-0.012481643818318844,-0.019522257149219513,-0.010293465107679367,0.0,0.0,-0.010293466039001942,0.064394012093544,0.05026323348283768,0.02934996411204338,0.09827778488397598,0.15551410615444183,5.098217661725357e-05,0.0,0.0,0.0,-0.23287656903266907,10.088459968566895,0.0454254150390625,9.800445556640625,0.25309303402900696,-10.0,-9.880027770996094,14.67492389678955,2.0,2.0,17.789152145385742,0.30357420444488525,0.28977540135383606,0.30357420444488525,0.29590821266174316,0.0,0.30469265580177307,0.30469265580177307,0.30469265580177307,0.30469265580177307,0.0,-0.959823727607727,0.6948122978210449,-10.72630786895752,0.0,0.0,0.0,0.0,0.0,0.0,0.0,0.0,0.0,0.0,0.0,0.0,0.0,0.0,0.0,0.30469274520874023,0.30469274520874023,0.304692804813385,0.30469274520874023,0.33220455050468445,0.04114978387951851,0.04114978387951851,0.39053526520729065,0.4118903577327728,1.074061632156372,1.191715955734253,0.0,0.0,0.0,0.0,0.0,0.0,0.0
72408389447,0,-0.02080148085951805,-0.14620105922222137,-0.12788167595863342,-0.02080148085951805,-0.14620105922222137,-0.8278816938400269,-0.017328975722193718,0.00655400799587369,0.007293109316378832,0.0,0.0,0.0,-0.012481643818318844,-0.019522257149219513,-0.010293465107679367,0.0,0.0,-0.010293466039001942,0.064394012093544,0.05026323348283768,0.02934996411204338,0.09827778488397598,0.15551410615444183,5.098217661725357e-05,0.0,0.0,0.0,-0.23287656903266907,10.088459968566895,0.0454254150390625,9.800445556640625,0.25309303402900696,-10.0,-9.880027770996094,14.67492389678955,2.0,2.0,17.789152145385742,0.30357420444488525,0.28977540135383606,0.30357420444488525,0.29744139313697815,0.0,0.30469265580177307,0.30469265580177307,0.30469265580177307,0.30469265580177307,0.0,-0.959823727607727,0.6948122978210449,-10.72630786895752,0.0,0.0,0.0,0.0,0.0,0.0,0.0,0.0,0.0,0.0,0.0,0.0,0.0,0.0,0.0,0.30469274520874023,0.30469274520874023,0.304692804813385,0.30469274520874023,0.33220455050468445,0.04114978387951851,0.04114978387951851,0.39053526520729065,0.4118903577327728,1.074061632156372,1.191715955734253,0.0,0.0,0.0,0.0,0.0,0.0,0.0
72423189426,0,-0.02080148085951805,-0.14620105922222137,-0.12788167595863342,-0.02080148085951805,-0.14620105922222137,-0.8278816938400269,-0.017328975722193718,0.00655400799587369,0.007293109316378832,0.0,0.0,0.0,-0.012481643818318844,-0.019522257149219513,-0.010293465107679367,0.0,0.0,-0.010293466039001942,0.064394012093544,0.05026323348283768,0.02934996411204338,0.09827778488397598,0.15551410615444183,5.098217661725357e-05,0.0,0.0,0.0,-0.23287656903266907,10.088459968566895,0.0454254150390625,9.800445556640625,0.25309303402900696,-10.0,-9.880027770996094,14.67492389678955,2.0,2.0,17.789152145385742,0.30357420444488525,0.28977540135383606,0.30357420444488525,0.29744139313697815,0.0,0.30469265580177307,0.30469265580177307,0.30469265580177307,0.30469265580177307,0.0,-0.959823727607727,0.6948122978210449,-10.72630786895752,0.0,0.0,0.0,0.0,0.0,0.0,0.0,0.0,0.0,0.0,0.0,0.0,0.0,0.0,0.0,0.30469274520874023,0.30469274520874023,0.304692804813385,0.30469274520874023,0.33220455050468445,0.04114978387951851,0.04114978387951851,0.39053526520729065,0.4118903577327728,1.074061632156372,1.191715955734253,0.0,0.0,0.0,0.0,0.0,0.0,0.0
72430093455,0,-0.02080148085951805,-0.14620105922222137,-0.12788167595863342,-0.02080148085951805,-0.14620105922222137,-0.8278816938400269,-0.017328975722193718,0.00655400799587369,0.007293109316378832,0.0,0.0,0.0,-0.012481643818318844,-0.019522257149219513,-0.010293465107679367,0.0,0.0,-0.010293466039001942,0.064394012093544,0.05026323348283768,0.02934996411204338,0.09827778488397598,0.15551410615444183,5.098217661725357e-05,0.0,0.0,0.0,-0.23287656903266907,10.088459968566895,0.0454254150390625,9.800445556640625,0.25309303402900696,-10.0,-9.880027770996094,14.67492389678955,2.0,2.0,17.789152145385742,0.30357420444488525,0.28977540135383606,0.30357420444488525,0.29744139313697815,0.0,0.30469265580177307,0.30469265580177307,0.30469265580177307,0.30469265580177307,0.0,-0.959823727607727,0.6948122978210449,-10.72630786895752,0.0,0.0,0.0,0.0,0.0,0.0,0.0,0.0,0.0,0.0,0.0,0.0,0.0,0.0,0.0,0.30469274520874023,0.30469274520874023,0.304692804813385,0.30469274520874023,0.33220455050468445,0.04114978387951851,0.04114978387951851,0.39053526520729065,0.4118903577327728,1.074061632156372,1.191715955734253,0.0,0.0,0.0,0.0,0.0,0.0,0.0
72438829451,0,-0.02080148085951805,-0.14620105922222137,-0.12788167595863342,-0.02080148085951805,-0.14620105922222137,-0.8278816938400269,-0.017328975722193718,0.00655400799587369,0.007293109316378832,0.0,0.0,0.0,-0.012481643818318844,-0.019522257149219513,-0.010293465107679367,0.0,0.0,-0.010293466039001942,0.064394012093544,0.05026323348283768,0.02934996411204338,0.09827778488397598,0.15551410615444183,5.098217661725357e-05,0.0,0.0,0.0,-0.23287656903266907,10.088459968566895,0.0454254150390625,9.800445556640625,0.25309303402900696,-10.0,-9.880027770996094,14.67492389678955,2.0,2.0,17.789152145385742,0.30357420444488525,0.28977540135383606,0.30357420444488525,0.29744139313697815,0.0,0.30469265580177307,0.30469265580177307,0.30469265580177307,0.30469265580177307,0.0,-0.959823727607727,0.6948122978210449,-10.72630786895752,0.0,0.0,0.0,0.0,0.0,0.0,0.0,0.0,0.0,0.0,0.0,0.0,0.0,0.0,0.0,0.30469274520874023,0.30469274520874023,0.304692804813385,0.30469274520874023,0.33220455050468445,0.04114978387951851,0.04114978387951851,0.39053526520729065,0.4118903577327728,1.074061632156372,1.191715955734253,0.0,0.0,0.0,0.0,0.0,0.0,0.0
72448563854,0,-0.02080148085951805,-0.14620105922222137,-0.12788167595863342,-0.02080148085951805,-0.14620105922222137,-0.8278816938400269,-0.017328975722193718,0.00655400799587369,0.007293109316378832,0.0,0.0,0.0,-0.012481643818318844,-0.019522257149219513,-0.010293465107679367,0.0,0.0,-0.010293466039001942,0.064394012093544,0.05026323348283768,0.02934996411204338,0.09827778488397598,0.15551410615444183,5.098217661725357e-05,0.0,0.0,0.0,-0.23287656903266907,10.088459968566895,0.0454254150390625,9.800445556640625,0.25309303402900696,-10.0,-9.880027770996094,14.67492389678955,2.0,2.0,17.789152145385742,0.30357420444488525,0.28977540135383606,0.30357420444488525,0.29744139313697815,0.0,0.30469265580177307,0.30469265580177307,0.30469265580177307,0.30469265580177307,0.0,-0.959823727607727,0.6948122978210449,-10.72630786895752,0.0,0.0,0.0,0.0,0.0,0.0,0.0,0.0,0.0,0.0,0.0,0.0,0.0,0.0,0.0,0.30469274520874023,0.30469274520874023,0.304692804813385,0.30469274520874023,0.33220455050468445,0.04114978387951851,0.04114978387951851,0.39053526520729065,0.4118903577327728,1.074061632156372,1.191715955734253,0.0,0.0,0.0,0.0,0.0,0.0,0.0
72457797667,0,-0.02080148085951805,-0.14620105922222137,-0.12788167595863342,-0.02080148085951805,-0.14620105922222137,-0.8278816938400269,-0.017328975722193718,0.00655400799587369,0.007293109316378832,0.0,0.0,0.0,-0.012481643818318844,-0.019522257149219513,-0.010293465107679367,0.0,0.0,-0.010293466039001942,0.064394012093544,0.05026323348283768,0.02934996411204338,0.09827778488397598,0.15551410615444183,5.098217661725357e-05,0.0,0.0,0.0,-0.23287656903266907,10.088459968566895,0.0454254150390625,9.800445556640625,0.25309303402900696,-10.0,-9.880027770996094,14.67492389678955,2.0,2.0,17.789152145385742,0.30357420444488525,0.28977540135383606,0.30357420444488525,0.29590821266174316,0.0,0.30469265580177307,0.30469265580177307,0.30469265580177307,0.30469265580177307,0.0,-0.959823727607727,0.6948122978210449,-10.72630786895752,0.0,0.0,0.0,0.0,0.0,0.0,0.0,0.0,0.0,0.0,0.0,0.0,0.0,0.0,0.0,0.30469274520874023,0.30469274520874023,0.304692804813385,0.30469274520874023,0.33220455050468445,0.04114978387951851,0.04114978387951851,0.39053526520729065,0.4118903577327728,1.074061632156372,1.191715955734253,0.0,0.0,0.0,0.0,0.0,0.0,0.0
72468268044,0,-0.02080148085951805,-0.14620105922222137,-0.12788167595863342,-0.02080148085951805,-0.14620105922222137,-0.8278816938400269,-0.017328975722193718,0.00655400799587369,0.007293109316378832,0.0,0.0,0.0,-0.012481643818318844,-0.019522257149219513,-0.010293465107679367,0.0,0.0,-0.010293466039001942,0.064394012093544,0.05026323348283768,0.02934996411204338,0.09827778488397598,0.15551410615444183,5.098217661725357e-05,0.0,0.0,0.0,-0.23287656903266907,10.088459968566895,0.0454254150390625,9.800445556640625,0.25309303402900696,-10.0,-9.880027770996094,14.67492389678955,2.0,2.0,17.789152145385742,0.30357420444488525,0.28977540135383606,0.30357420444488525,0.29744139313697815,0.0,0.30469265580177307,0.30469265580177307,0.30469265580177307,0.30469265580177307,0.0,-0.959823727607727,0.6948122978210449,-10.72630786895752,0.0,0.0,0.0,0.0,0.0,0.0,0.0,0.0,0.0,0.0,0.0,0.0,0.0,0.0,0.0,0.30469274520874023,0.30469274520874023,0.304692804813385,0.30469274520874023,0.33220455050468445,0.04114978387951851,0.04114978387951851,0.39053526520729065,0.4118903577327728,1.074061632156372,1.191715955734253,0.0,0.0,0.0,0.0,0.0,0.0,0.0
72478451673,0,-0.02080148085951805,-0.14620105922222137,-0.12788167595863342,-0.02080148085951805,-0.14620105922222137,-0.8278816938400269,-0.017328975722193718,0.00655400799587369,0.007293109316378832,0.0,0.0,0.0,-0.012481643818318844,-0.019522257149219513,-0.010293465107679367,0.0,0.0,-0.010293466039001942,0.064394012093544,0.05026323348283768,0.02934996411204338,0.09827778488397598,0.15551410615444183,5.098217661725357e-05,0.0,0.0,0.0,-0.23287656903266907,10.088459968566895,0.0454254150390625,9.800445556640625,0.25309303402900696,-10.0,-9.880027770996094,14.67492389678955,2.0,2.0,17.789152145385742,0.30357420444488525,0.28977540135383606,0.30357420444488525,0.29744139313697815,0.0,0.30469265580177307,0.30469265580177307,0.30469265580177307,0.30469265580177307,0.0,-0.959823727607727,0.6948122978210449,-10.72630786895752,0.0,0.0,0.0,0.0,0.0,0.0,0.0,0.0,0.0,0.0,0.0,0.0,0.0,0.0,0.0,0.30469274520874023,0.30469274520874023,0.304692804813385,0.30469274520874023,0.33220455050468445,0.04114978387951851,0.04114978387951851,0.39053526520729065,0.4118903577327728,1.074061632156372,1.191715955734253,0.0,0.0,0.0,0.0,0.0,0.0,0.0
72488950083,0,-0.02080148085951805,-0.14620105922222137,-0.12788167595863342,-0.02080148085951805,-0.14620105922222137,-0.8278816938400269,-0.017328975722193718,0.00655400799587369,0.007293109316378832,0.0,0.0,0.0,-0.012481643818318844,-0.019522257149219513,-0.010293465107679367,0.0,0.0,-0.010293466039001942,0.064394012093544,0.05026323348283768,0.02934996411204338,0.09827778488397598,0.15551410615444183,5.098217661725357e-05,0.0,0.0,0.0,-0.23287656903266907,10.088459968566895,0.0454254150390625,9.800445556640625,0.25309303402900696,-10.0,-9.880027770996094,14.67492389678955,2.0,2.0,17.789152145385742,0.30357420444488525,0.28977540135383606,0.30357420444488525,0.29744139313697815,0.0,0.30469265580177307,0.30469265580177307,0.30469265580177307,0.30469265580177307,0.0,-0.959823727607727,0.6948122978210449,-10.72630786895752,0.0,0.0,0.0,0.0,0.0,0.0,0.0,0.0,0.0,0.0,0.0,0.0,0.0,0.0,0.0,0.30469274520874023,0.30469274520874023,0.304692804813385,0.30469274520874023,0.33220455050468445,0.04114978387951851,0.04114978387951851,0.39053526520729065,0.4118903577327728,1.074061632156372,1.191715955734253,0.0,0.0,0.0,0.0,0.0,0.0,0.0
72497613469,0,-0.02080148085951805,-0.14620105922222137,-0.12788167595863342,-0.02080148085951805,-0.14620105922222137,-0.8278816938400269,-0.017328975722193718,0.00655400799587369,0.007293109316378832,0.0,0.0,0.0,-0.012481643818318844,-0.019522257149219513,-0.010293465107679367,0.0,0.0,-0.010293466039001942,0.064394012093544,0.05026323348283768,0.02934996411204338,0.09827778488397598,0.15551410615444183,5.098217661725357e-05,0.0,0.0,0.0,-0.23287656903266907,10.088459968566895,0.0454254150390625,9.800445556640625,0.25309303402900696,-10.0,-9.880027770996094,14.67492389678955,2.0,2.0,17.789152145385742,0.30357420444488525,0.28977540135383606,0.30357420444488525,0.29590821266174316,0.0,0.30469265580177307,0.30469265580177307,0.30469265580177307,0.30469265580177307,0.0,-0.959823727607727,0.6948122978210449,-10.72630786895752,0.0,0.0,0.0,0.0,0.0,0.0,0.0,0.0,0.0,0.0,0.0,0.0,0.0,0.0,0.0,0.30469274520874023,0.30469274520874023,0.304692804813385,0.30469274520874023,0.33220455050468445,0.04114978387951851,0.04114978387951851,0.39053526520729065,0.4118903577327728,1.074061632156372,1.191715955734253,0.0,0.0,0.0,0.0,0.0,0.0,0.0
72509034979,0,-0.02080148085951805,-0.14620105922222137,-0.12788167595863342,-0.02080148085951805,-0.14620105922222137,-0.8278816938400269,-0.017328975722193718,0.00655400799587369,0.007293109316378832,0.0,0.0,0.0,-0.012481643818318844,-0.019522257149219513,-0.010293465107679367,0.0,0.0,-0.010293466039001942,0.064394012093544,0.05026323348283768,0.02934996411204338,0.09827778488397598,0.15551410615444183,5.098217661725357e-05,0.0,0.0,0.0,-0.23287656903266907,10.088459968566895,0.0454254150390625,9.800445556640625,0.25309303402900696,-10.0,-9.880027770996094,14.67492389678955,2.0,2.0,17.789152145385742,0.30357420444488525,0.28977540135383606,0.30357420444488525,0.29590821266174316,0.0,0.30469265580177307,0.30469265580177307,0.30469265580177307,0.30469265580177307,0.0,-0.959823727607727,0.6948122978210449,-10.72630786895752,0.0,0.0,0.0,0.0,0.0,0.0,0.0,0.0,0.0,0.0,0.0,0.0,0.0,0.0,0.0,0.30469274520874023,0.30469274520874023,0.304692804813385,0.30469274520874023,0.33220455050468445,0.04114978387951851,0.04114978387951851,0.39053526520729065,0.4118903577327728,1.074061632156372,1.191715955734253,0.0,0.0,0.0,0.0,0.0,0.0,0.0
72518243102,0,-0.02080148085951805,-0.14620105922222137,-0.12788167595863342,-0.02080148085951805,-0.14620105922222137,-0.8278816938400269,-0.017328975722193718,0.00655400799587369,0.007293109316378832,0.0,0.0,0.0,-0.012481643818318844,-0.019522257149219513,-0.010293465107679367,0.0,0.0,-0.010293466039001942,0.064394012093544,0.05026323348283768,0.02934996411204338,0.09827778488397598,0.15551410615444183,5.098217661725357e-05,0.0,0.0,0.0,-0.23287656903266907,10.088459968566895,0.0454254150390625,9.800445556640625,0.25309303402900696,-10.0,-9.880027770996094,14.67492389678955,2.0,2.0,17.789152145385742,0.30357420444488525,0.28977540135383606,0.30357420444488525,0.29590821266174316,0.0,0.30469265580177307,0.30469265580177307,0.30469265580177307,0.30469265580177307,0.0,-0.959823727607727,0.6948122978210449,-10.72630786895752,0.0,0.0,0.0,0.0,0.0,0.0,0.0,0.0,0.0,0.0,0.0,0.0,0.0,0.0,0.0,0.30469274520874023,0.30469274520874023,0.304692804813385,0.30469274520874023,0.33220455050468445,0.04114978387951851,0.04114978387951851,0.39053526520729065,0.4118903577327728,1.074061632156372,1.191715955734253,0.0,0.0,0.0,0.0,0.0,0.0,0.0
72527827750,0,-0.02080148085951805,-0.14620105922222137,-0.12788167595863342,-0.02080148085951805,-0.14620105922222137,-0.8278816938400269,-0.017328975722193718,0.00655400799587369,0.007293109316378832,0.0,0.0,0.0,-0.012481643818318844,-0.019522257149219513,-0.010293465107679367,0.0,0.0,-0.010293466039001942,0.064394012093544,0.05026323348283768,0.02934996411204338,0.09827778488397598,0.15551410615444183,5.098217661725357e-05,0.0,0.0,0.0,-0.23287656903266907,10.088459968566895,0.0454254150390625,9.800445556640625,0.25309303402900696,-10.0,-9.880027770996094,14.67492389678955,2.0,2.0,17.789152145385742,0.30357420444488525,0.28977540135383606,0.30357420444488525,0.29744139313697815,0.0,0.30469265580177307,0.30469265580177307,0.30469265580177307,0.30469265580177307,0.0,-0.959823727607727,0.6948122978210449,-10.72630786895752,0.0,0.0,0.0,0.0,0.0,0.0,0.0,0.0,0.0,0.0,0.0,0.0,0.0,0.0,0.0,0.30469274520874023,0.30469274520874023,0.304692804813385,0.30469274520874023,0.33220455050468445,0.04114978387951851,0.04114978387951851,0.39053526520729065,0.4118903577327728,1.074061632156372,1.191715955734253,0.0,0.0,0.0,0.0,0.0,0.0,0.0
72539100366,0,-0.02080148085951805,-0.14620105922222137,-0.12788167595863342,-0.02080148085951805,-0.14620105922222137,-0.8278816938400269,-0.017328975722193718,0.00655400799587369,0.007293109316378832,0.0,0.0,0.0,-0.012481643818318844,-0.019522257149219513,-0.010293465107679367,0.0,0.0,-0.010293466039001942,0.064394012093544,0.05026323348283768,0.02934996411204338,0.09827778488397598,0.15551410615444183,5.098217661725357e-05,0.0,0.0,0.0,-0.23287656903266907,10.088459968566895,0.0454254150390625,9.800445556640625,0.25309303402900696,-10.0,-9.880027770996094,14.67492389678955,2.0,2.0,17.789152145385742,0.30357420444488525,0.28977540135383606,0.30357420444488525,0.29744139313697815,0.0,0.30469265580177307,0.30469265580177307,0.30469265580177307,0.30469265580177307,0.0,-0.959823727607727,0.6948122978210449,-10.72630786895752,0.0,0.0,0.0,0.0,0.0,0.0,0.0,0.0,0.0,0.0,0.0,0.0,0.0,0.0,0.0,0.30469274520874023,0.30469274520874023,0.304692804813385,0.30469274520874023,0.33220455050468445,0.04114978387951851,0.04114978387951851,0.39053526520729065,0.4118903577327728,1.074061632156372,1.191715955734253,0.0,0.0,0.0,0.0,0.0,0.0,0.0
72549464069,0,-0.02080148085951805,-0.14620105922222137,-0.12788167595863342,-0.02080148085951805,-0.14620105922222137,-0.8278816938400269,-0.017328975722193718,0.00655400799587369,0.007293109316378832,0.0,0.0,0.0,-0.012481643818318844,-0.019522257149219513,-0.010293465107679367,0.0,0.0,-0.010293466039001942,0.064394012093544,0.05026323348283768,0.02934996411204338,0.09827778488397598,0.15551410615444183,5.098217661725357e-05,0.0,0.0,0.0,-0.23287656903266907,10.088459968566895,0.0454254150390625,9.800445556640625,0.25309303402900696,-10.0,-9.880027770996094,14.67492389678955,2.0,2.0,17.789152145385742,0.30357420444488525,0.28977540135383606,0.30357420444488525,0.29744139313697815,0.0,0.30469265580177307,0.30469265580177307,0.30469265580177307,0.30469265580177307,0.0,-0.959823727607727,0.6948122978210449,-10.72630786895752,0.0,0.0,0.0,0.0,0.0,0.0,0.0,0.0,0.0,0.0,0.0,0.0,0.0,0.0,0.0,0.30469274520874023,0.30469274520874023,0.304692804813385,0.30469274520874023,0.33220455050468445,0.04114978387951851,0.04114978387951851,0.39053526520729065,0.4118903577327728,1.074061632156372,1.191715955734253,0.0,0.0,0.0,0.0,0.0,0.0,0.0
72559449299,0,-0.02080148085951805,-0.14620105922222137,-0.12788167595863342,-0.02080148085951805,-0.14620105922222137,-0.8278816938400269,-0.017328975722193718,0.00655400799587369,0.007293109316378832,0.0,0.0,0.0,-0.012481643818318844,-0.019522257149219513,-0.010293465107679367,0.0,0.0,-0.010293466039001942,0.064394012093544,0.05026323348283768,0.02934996411204338,0.09827778488397598,0.15551410615444183,5.098217661725357e-05,0.0,0.0,0.0,-0.23287656903266907,10.088459968566895,0.0454254150390625,9.800445556640625,0.25309303402900696,-10.0,-9.880027770996094,14.67492389678955,2.0,2.0,17.789152145385742,0.30357420444488525,0.28977540135383606,0.30357420444488525,0.29590821266174316,0.0,0.30469265580177307,0.30469265580177307,0.30469265580177307,0.30469265580177307,0.0,-0.959823727607727,0.6948122978210449,-10.72630786895752,0.0,0.0,0.0,0.0,0.0,0.0,0.0,0.0,0.0,0.0,0.0,0.0,0.0,0.0,0.0,0.30469274520874023,0.30469274520874023,0.304692804813385,0.30469274520874023,0.33220455050468445,0.04114978387951851,0.04114978387951851,0.39053526520729065,0.4118903577327728,1.074061632156372,1.191715955734253,0.0,0.0,0.0,0.0,0.0,0.0,0.0
72569556535,0,-0.02080148085951805,-0.14620105922222137,-0.12788167595863342,-0.02080148085951805,-0.14620105922222137,-0.8278816938400269,-0.017328975722193718,0.00655400799587369,0.007293109316378832,0.0,0.0,0.0,-0.012481643818318844,-0.019522257149219513,-0.010293465107679367,0.0,0.0,-0.010293466039001942,0.064394012093544,0.05026323348283768,0.02934996411204338,0.09827778488397598,0.15551410615444183,5.098217661725357e-05,0.0,0.0,0.0,-0.23287656903266907,10.088459968566895,0.0454254150390625,9.800445556640625,0.25309303402900696,-10.0,-9.880027770996094,14.67492389678955,2.0,2.0,17.789152145385742,0.30357420444488525,0.28977540135383606,0.30357420444488525,0.29744139313697815,0.0,0.30469265580177307,0.30469265580177307,0.30469265580177307,0.30469265580177307,0.0,-0.959823727607727,0.6948122978210449,-10.72630786895752,0.0,0.0,0.0,0.0,0.0,0.0,0.0,0.0,0.0,0.0,0.0,0.0,0.0,0.0,0.0,0.30469274520874023,0.30469274520874023,0.304692804813385,0.30469274520874023,0.33220455050468445,0.04114978387951851,0.04114978387951851,0.39053526520729065,0.4118903577327728,1.074061632156372,1.191715955734253,0.0,0.0,0.0,0.0,0.0,0.0,0.0
72577569026,0,-0.02080148085951805,-0.14620105922222137,-0.12788167595863342,-0.02080148085951805,-0.14620105922222137,-0.8278816938400269,-0.017328975722193718,0.00655400799587369,0.007293109316378832,0.0,0.0,0.0,-0.012481643818318844,-0.019522257149219513,-0.010293465107679367,0.0,0.0,-0.010293466039001942,0.064394012093544,0.05026323348283768,0.02934996411204338,0.09827778488397598,0.15551410615444183,5.098217661725357e-05,0.0,0.0,0.0,-0.23287656903266907,10.088459968566895,0.0454254150390625,9.800445556640625,0.25309303402900696,-10.0,-9.880027770996094,14.67492389678955,2.0,2.0,17.789152145385742,0.30357420444488525,0.28977540135383606,0.30357420444488525,0.29744139313697815,0.0,0.30469265580177307,0.30469265580177307,0.30469265580177307,0.30469265580177307,0.0,-0.959823727607727,0.6948122978210449,-10.72630786895752,0.0,0.0,0.0,0.0,0.0,0.0,0.0,0.0,0.0,0.0,0.0,0.0,0.0,0.0,0.0,0.30469274520874023,0.30469274520874023,0.304692804813385,0.30469274520874023,0.33220455050468445,0.04114978387951851,0.04114978387951851,0.39053526520729065,0.4118903577327728,1.074061632156372,1.191715955734253,0.0,0.0,0.0,0.0,0.0,0.0,0.0
72588084015,0,-0.02080148085951805,-0.14620105922222137,-0.12788167595863342,-0.02080148085951805,-0.14620105922222137,-0.8278816938400269,-0.017328975722193718,0.00655400799587369,0.007293109316378832,0.0,0.0,0.0,-0.012481643818318844,-0.019522257149219513,-0.010293465107679367,0.0,0.0,-0.010293466039001942,0.064394012093544,0.05026323348283768,0.02934996411204338,0.09827778488397598,0.15551410615444183,5.098217661725357e-05,0.0,0.0,0.0,-0.23287656903266907,10.088459968566895,0.0454254150390625,9.800445556640625,0.25309303402900696,-10.0,-9.880027770996094,14.67492389678955,2.0,2.0,17.789152145385742,0.30357420444488525,0.28977540135383606,0.30357420444488525,0.29590821266174316,0.0,0.30469265580177307,0.30469265580177307,0.30469265580177307,0.30469265580177307,0.0,-0.959823727607727,0.6948122978210449,-10.72630786895752,0.0,0.0,0.0,0.0,0.0,0.0,0.0,0.0,0.0,0.0,0.0,0.0,0.0,0.0,0.0,0.30469274520874023,0.30469274520874023,0.304692804813385,0.30469274520874023,0.33220455050468445,0.04114978387951851,0.04114978387951851,0.39053526520729065,0.4118903577327728,1.074061632156372,1.191715955734253,0.0,0.0,0.0,0.0,0.0,0.0,0.0
72602438792,0,-0.02080148085951805,-0.14620105922222137,-0.12788167595863342,-0.02080148085951805,-0.14620105922222137,-0.8278816938400269,-0.017328975722193718,0.00655400799587369,0.007293109316378832,0.0,0.0,0.0,-0.012481643818318844,-0.019522257149219513,-0.010293465107679367,0.0,0.0,-0.010293466039001942,0.064394012093544,0.05026323348283768,0.02934996411204338,0.09827778488397598,0.15551410615444183,5.098217661725357e-05,0.0,0.0,0.0,-0.23287656903266907,10.088459968566895,0.0454254150390625,9.800445556640625,0.25309303402900696,-10.0,-9.880027770996094,14.67492389678955,2.0,2.0,17.789152145385742,0.30357420444488525,0.28977540135383606,0.30357420444488525,0.29744139313697815,0.0,0.30469265580177307,0.30469265580177307,0.30469265580177307,0.30469265580177307,0.0,-0.959823727607727,0.6948122978210449,-10.72630786895752,0.0,0.0,0.0,0.0,0.0,0.0,0.0,0.0,0.0,0.0,0.0,0.0,0.0,0.0,0.0,0.30469274520874023,0.30469274520874023,0.304692804813385,0.30469274520874023,0.33220455050468445,0.04114978387951851,0.04114978387951851,0.39053526520729065,0.4118903577327728,1.074061632156372,1.191715955734253,0.0,0.0,0.0,0.0,0.0,0.0,0.0
72609169869,0,-0.02080148085951805,-0.14620105922222137,-0.12788167595863342,-0.02080148085951805,-0.14620105922222137,-0.8278816938400269,-0.017328975722193718,0.00655400799587369,0.007293109316378832,0.0,0.0,0.0,-0.012481643818318844,-0.019522257149219513,-0.010293465107679367,0.0,0.0,-0.010293466039001942,0.064394012093544,0.05026323348283768,0.02934996411204338,0.09827778488397598,0.15551410615444183,5.098217661725357e-05,0.0,0.0,0.0,-0.23287656903266907,10.088459968566895,0.0454254150390625,9.800445556640625,0.25309303402900696,-10.0,-9.880027770996094,14.67492389678955,2.0,2.0,17.789152145385742,0.30357420444488525,0.28977540135383606,0.30357420444488525,0.29744139313697815,0.0,0.30469265580177307,0.30469265580177307,0.30469265580177307,0.30469265580177307,0.0,-0.959823727607727,0.6948122978210449,-10.72630786895752,0.0,0.0,0.0,0.0,0.0,0.0,0.0,0.0,0.0,0.0,0.0,0.0,0.0,0.0,0.0,0.30469274520874023,0.30469274520874023,0.304692804813385,0.30469274520874023,0.33220455050468445,0.04114978387951851,0.04114978387951851,0.39053526520729065,0.4118903577327728,1.074061632156372,1.191715955734253,0.0,0.0,0.0,0.0,0.0,0.0,0.0
72617978020,0,-0.02080148085951805,-0.14620105922222137,-0.12788167595863342,-0.02080148085951805,-0.14620105922222137,-0.8278816938400269,-0.017328975722193718,0.00655400799587369,0.007293109316378832,0.0,0.0,0.0,-0.012481643818318844,-0.019522257149219513,-0.010293465107679367,0.0,0.0,-0.010293466039001942,0.064394012093544,0.05026323348283768,0.02934996411204338,0.09827778488397598,0.15551410615444183,5.098217661725357e-05,0.0,0.0,0.0,-0.23287656903266907,10.088459968566895,0.0454254150390625,9.800445556640625,0.25309303402900696,-10.0,-9.880027770996094,14.67492389678955,2.0,2.0,17.789152145385742,0.30357420444488525,0.28977540135383606,0.30357420444488525,0.29744139313697815,0.0,0.30469265580177307,0.30469265580177307,0.30469265580177307,0.30469265580177307,0.0,-0.959823727607727,0.6948122978210449,-10.72630786895752,0.0,0.0,0.0,0.0,0.0,0.0,0.0,0.0,0.0,0.0,0.0,0.0,0.0,0.0,0.0,0.30469274520874023,0.30469274520874023,0.304692804813385,0.30469274520874023,0.33220455050468445,0.04114978387951851,0.04114978387951851,0.39053526520729065,0.4118903577327728,1.074061632156372,1.191715955734253,0.0,0.0,0.0,0.0,0.0,0.0,0.0
72633212779,0,-0.02080148085951805,-0.14620105922222137,-0.12788167595863342,-0.02080148085951805,-0.14620105922222137,-0.8278816938400269,-0.017328975722193718,0.00655400799587369,0.007293109316378832,0.0,0.0,0.0,-0.012481643818318844,-0.019522257149219513,-0.010293465107679367,0.0,0.0,-0.010293466039001942,0.064394012093544,0.05026323348283768,0.02934996411204338,0.09827778488397598,0.15551410615444183,5.098217661725357e-05,0.0,0.0,0.0,-0.23287656903266907,10.088459968566895,0.0454254150390625,9.800445556640625,0.25309303402900696,-10.0,-9.880027770996094,14.67492389678955,2.0,2.0,17.789152145385742,0.30357420444488525,0.28977540135383606,0.30357420444488525,0.29744139313697815,0.0,0.30469265580177307,0.30469265580177307,0.30469265580177307,0.30469265580177307,0.0,-0.959823727607727,0.6948122978210449,-10.72630786895752,0.0,0.0,0.0,0.0,0.0,0.0,0.0,0.0,0.0,0.0,0.0,0.0,0.0,0.0,0.0,0.30469274520874023,0.30469274520874023,0.304692804813385,0.30469274520874023,0.33220455050468445,0.04114978387951851,0.04114978387951851,0.39053526520729065,0.4118903577327728,1.074061632156372,1.191715955734253,0.0,0.0,0.0,0.0,0.0,0.0,0.0
72639197686,0,-0.02080148085951805,-0.14620105922222137,-0.12788167595863342,-0.02080148085951805,-0.14620105922222137,-0.8278816938400269,-0.017328975722193718,0.00655400799587369,0.007293109316378832,0.0,0.0,0.0,-0.012481643818318844,-0.019522257149219513,-0.010293465107679367,0.0,0.0,-0.010293466039001942,0.064394012093544,0.05026323348283768,0.02934996411204338,0.09827778488397598,0.15551410615444183,5.098217661725357e-05,0.0,0.0,0.0,-0.23287656903266907,10.088459968566895,0.0454254150390625,9.800445556640625,0.25309303402900696,-10.0,-9.880027770996094,14.67492389678955,2.0,2.0,17.789152145385742,0.30357420444488525,0.28977540135383606,0.30357420444488525,0.29590821266174316,0.0,0.30469265580177307,0.30469265580177307,0.30469265580177307,0.30469265580177307,0.0,-0.959823727607727,0.6948122978210449,-10.72630786895752,0.0,0.0,0.0,0.0,0.0,0.0,0.0,0.0,0.0,0.0,0.0,0.0,0.0,0.0,0.0,0.30469274520874023,0.30469274520874023,0.304692804813385,0.30469274520874023,0.33220455050468445,0.04114978387951851,0.04114978387951851,0.39053526520729065,0.4118903577327728,1.074061632156372,1.191715955734253,0.0,0.0,0.0,0.0,0.0,0.0,0.0
72647907068,0,-0.02080148085951805,-0.14620105922222137,-0.12788167595863342,-0.02080148085951805,-0.14620105922222137,-0.8278816938400269,-0.017328975722193718,0.00655400799587369,0.007293109316378832,0.0,0.0,0.0,-0.012481643818318844,-0.019522257149219513,-0.010293465107679367,0.0,0.0,-0.010293466039001942,0.064394012093544,0.05026323348283768,0.02934996411204338,0.09827778488397598,0.15551410615444183,5.098217661725357e-05,0.0,0.0,0.0,-0.23287656903266907,10.088459968566895,0.0454254150390625,9.800445556640625,0.25309303402900696,-10.0,-9.880027770996094,14.67492389678955,2.0,2.0,17.789152145385742,0.30357420444488525,0.28977540135383606,0.30357420444488525,0.29744139313697815,0.0,0.30469265580177307,0.30469265580177307,0.30469265580177307,0.30469265580177307,0.0,-0.959823727607727,0.6948122978210449,-10.72630786895752,0.0,0.0,0.0,0.0,0.0,0.0,0.0,0.0,0.0,0.0,0.0,0.0,0.0,0.0,0.0,0.30469274520874023,0.30469274520874023,0.304692804813385,0.30469274520874023,0.33220455050468445,0.04114978387951851,0.04114978387951851,0.39053526520729065,0.4118903577327728,1.074061632156372,1.191715955734253,0.0,0.0,0.0,0.0,0.0,0.0,0.0
72657849013,0,-0.02080148085951805,-0.14620105922222137,-0.12788167595863342,-0.02080148085951805,-0.14620105922222137,-0.8278816938400269,-0.017328975722193718,0.00655400799587369,0.007293109316378832,0.0,0.0,0.0,-0.012481643818318844,-0.019522257149219513,-0.010293465107679367,0.0,0.0,-0.010293466039001942,0.064394012093544,0.05026323348283768,0.02934996411204338,0.09827778488397598,0.15551410615444183,5.098217661725357e-05,0.0,0.0,0.0,-0.23287656903266907,10.088459968566895,0.0454254150390625,9.800445556640625,0.25309303402900696,-10.0,-9.880027770996094,14.67492389678955,2.0,2.0,17.789152145385742,0.30357420444488525,0.28977540135383606,0.30357420444488525,0.29744139313697815,0.0,0.30469265580177307,0.30469265580177307,0.30469265580177307,0.30469265580177307,0.0,-0.959823727607727,0.6948122978210449,-10.72630786895752,0.0,0.0,0.0,0.0,0.0,0.0,0.0,0.0,0.0,0.0,0.0,0.0,0.0,0.0,0.0,0.30469274520874023,0.30469274520874023,0.304692804813385,0.30469274520874023,0.33220455050468445,0.04114978387951851,0.04114978387951851,0.39053526520729065,0.4118903577327728,1.074061632156372,1.191715955734253,0.0,0.0,0.0,0.0,0.0,0.0,0.0
72667665220,0,-0.02080148085951805,-0.14620105922222137,-0.12788167595863342,-0.02080148085951805,-0.14620105922222137,-0.8278816938400269,-0.017328975722193718,0.00655400799587369,0.007293109316378832,0.0,0.0,0.0,-0.012481643818318844,-0.019522257149219513,-0.010293465107679367,0.0,0.0,-0.010293466039001942,0.064394012093544,0.05026323348283768,0.02934996411204338,0.09827778488397598,0.15551410615444183,5.098217661725357e-05,0.0,0.0,0.0,-0.23287656903266907,10.088459968566895,0.0454254150390625,9.800445556640625,0.25309303402900696,-10.0,-9.880027770996094,14.67492389678955,2.0,2.0,17.789152145385742,0.30357420444488525,0.28977540135383606,0.30357420444488525,0.29590821266174316,0.0,0.30469265580177307,0.30469265580177307,0.30469265580177307,0.30469265580177307,0.0,-0.959823727607727,0.6948122978210449,-10.72630786895752,0.0,0.0,0.0,0.0,0.0,0.0,0.0,0.0,0.0,0.0,0.0,0.0,0.0,0.0,0.0,0.30469274520874023,0.30469274520874023,0.304692804813385,0.30469274520874023,0.33220455050468445,0.04114978387951851,0.04114978387951851,0.39053526520729065,0.4118903577327728,1.074061632156372,1.191715955734253,0.0,0.0,0.0,0.0,0.0,0.0,0.0
72678152064,0,-0.02080148085951805,-0.14620105922222137,-0.12788167595863342,-0.02080148085951805,-0.14620105922222137,-0.8278816938400269,-0.017328975722193718,0.00655400799587369,0.007293109316378832,0.0,0.0,0.0,-0.012481643818318844,-0.019522257149219513,-0.010293465107679367,0.0,0.0,-0.010293466039001942,0.064394012093544,0.05026323348283768,0.02934996411204338,0.09827778488397598,0.15551410615444183,5.098217661725357e-05,0.0,0.0,0.0,-0.23287656903266907,10.088459968566895,0.0454254150390625,9.800445556640625,0.25309303402900696,-10.0,-9.880027770996094,14.67492389678955,2.0,2.0,17.789152145385742,0.30357420444488525,0.28977540135383606,0.30357420444488525,0.29590821266174316,0.0,0.30469265580177307,0.30469265580177307,0.30469265580177307,0.30469265580177307,0.0,-0.959823727607727,0.6948122978210449,-10.72630786895752,0.0,0.0,0.0,0.0,0.0,0.0,0.0,0.0,0.0,0.0,0.0,0.0,0.0,0.0,0.0,0.30469274520874023,0.30469274520874023,0.304692804813385,0.30469274520874023,0.33220455050468445,0.04114978387951851,0.04114978387951851,0.39053526520729065,0.4118903577327728,1.074061632156372,1.191715955734253,0.0,0.0,0.0,0.0,0.0,0.0,0.0
72702240631,0,-0.02080148085951805,-0.14620105922222137,-0.12788167595863342,-0.02080148085951805,-0.14620105922222137,-0.8278816938400269,-0.017328975722193718,0.00655400799587369,0.007293109316378832,0.0,0.0,0.0,-0.012481643818318844,-0.019522257149219513,-0.010293465107679367,0.0,0.0,-0.010293466039001942,0.064394012093544,0.05026323348283768,0.02934996411204338,0.09827778488397598,0.15551410615444183,5.098217661725357e-05,0.0,0.0,0.0,-0.23287656903266907,10.088459968566895,0.0454254150390625,9.800445556640625,0.25309303402900696,-10.0,-9.880027770996094,14.67492389678955,2.0,2.0,17.789152145385742,0.30357420444488525,0.28977540135383606,0.30357420444488525,0.29744139313697815,0.0,0.30469265580177307,0.30469265580177307,0.30469265580177307,0.30469265580177307,0.0,-0.959823727607727,0.6948122978210449,-10.72630786895752,0.0,0.0,0.0,0.0,0.0,0.0,0.0,0.0,0.0,0.0,0.0,0.0,0.0,0.0,0.0,0.30469274520874023,0.30469274520874023,0.304692804813385,0.30469274520874023,0.33220455050468445,0.04114978387951851,0.04114978387951851,0.39053526520729065,0.4118903577327728,1.074061632156372,1.191715955734253,0.0,0.0,0.0,0.0,0.0,0.0,0.0
72702274664,0,-0.02080148085951805,-0.14620105922222137,-0.12788167595863342,-0.02080148085951805,-0.14620105922222137,-0.8278816938400269,-0.017328975722193718,0.00655400799587369,0.007293109316378832,0.0,0.0,0.0,-0.012481643818318844,-0.019522257149219513,-0.010293465107679367,0.0,0.0,-0.010293466039001942,0.064394012093544,0.05026323348283768,0.02934996411204338,0.09827778488397598,0.15551410615444183,5.098217661725357e-05,0.0,0.0,0.0,-0.23287656903266907,10.088459968566895,0.0454254150390625,9.800445556640625,0.25309303402900696,-10.0,-9.880027770996094,14.67492389678955,2.0,2.0,17.789152145385742,0.30357420444488525,0.28977540135383606,0.30357420444488525,0.29744139313697815,0.0,0.30469265580177307,0.30469265580177307,0.30469265580177307,0.30469265580177307,0.0,-0.959823727607727,0.6948122978210449,-10.72630786895752,0.0,0.0,0.0,0.0,0.0,0.0,0.0,0.0,0.0,0.0,0.0,0.0,0.0,0.0,0.0,0.30469274520874023,0.30469274520874023,0.304692804813385,0.30469274520874023,0.33220455050468445,0.04114978387951851,0.04114978387951851,0.39053526520729065,0.4118903577327728,1.074061632156372,1.191715955734253,0.0,0.0,0.0,0.0,0.0,0.0,0.0
72708061478,0,-0.02080148085951805,-0.14620105922222137,-0.12788167595863342,-0.02080148085951805,-0.14620105922222137,-0.8278816938400269,-0.017328975722193718,0.00655400799587369,0.007293109316378832,0.0,0.0,0.0,-0.012481643818318844,-0.019522257149219513,-0.010293465107679367,0.0,0.0,-0.010293466039001942,0.064394012093544,0.05026323348283768,0.02934996411204338,0.09827778488397598,0.15551410615444183,5.098217661725357e-05,0.0,0.0,0.0,-0.23287656903266907,10.088459968566895,0.0454254150390625,9.800445556640625,0.25309303402900696,-10.0,-9.880027770996094,14.67492389678955,2.0,2.0,17.789152145385742,0.30357420444488525,0.28977540135383606,0.30357420444488525,0.29590821266174316,0.0,0.30469265580177307,0.30469265580177307,0.30469265580177307,0.30469265580177307,0.0,-0.959823727607727,0.6948122978210449,-10.72630786895752,0.0,0.0,0.0,0.0,0.0,0.0,0.0,0.0,0.0,0.0,0.0,0.0,0.0,0.0,0.0,0.30469274520874023,0.30469274520874023,0.304692804813385,0.30469274520874023,0.33220455050468445,0.04114978387951851,0.04114978387951851,0.39053526520729065,0.4118903577327728,1.074061632156372,1.191715955734253,0.0,0.0,0.0,0.0,0.0,0.0,0.0
72717661387,0,-0.02080148085951805,-0.14620105922222137,-0.12788167595863342,-0.02080148085951805,-0.14620105922222137,-0.8278816938400269,-0.017328975722193718,0.00655400799587369,0.007293109316378832,0.0,0.0,0.0,-0.012481643818318844,-0.019522257149219513,-0.010293465107679367,0.0,0.0,-0.010293466039001942,0.064394012093544,0.05026323348283768,0.02934996411204338,0.09827778488397598,0.15551410615444183,5.098217661725357e-05,0.0,0.0,0.0,-0.23287656903266907,10.088459968566895,0.0454254150390625,9.800445556640625,0.25309303402900696,-10.0,-9.880027770996094,14.67492389678955,2.0,2.0,17.789152145385742,0.30357420444488525,0.28977540135383606,0.30357420444488525,0.29590821266174316,0.0,0.30469265580177307,0.30469265580177307,0.30469265580177307,0.30469265580177307,0.0,-0.959823727607727,0.6948122978210449,-10.72630786895752,0.0,0.0,0.0,0.0,0.0,0.0,0.0,0.0,0.0,0.0,0.0,0.0,0.0,0.0,0.0,0.30469274520874023,0.30469274520874023,0.304692804813385,0.30469274520874023,0.33220455050468445,0.04114978387951851,0.04114978387951851,0.39053526520729065,0.4118903577327728,1.074061632156372,1.191715955734253,0.0,0.0,0.0,0.0,0.0,0.0,0.0
72728405767,0,-0.02080148085951805,-0.14620105922222137,-0.12788167595863342,-0.02080148085951805,-0.14620105922222137,-0.8278816938400269,-0.017328975722193718,0.00655400799587369,0.007293109316378832,0.0,0.0,0.0,-0.012481643818318844,-0.019522257149219513,-0.010293465107679367,0.0,0.0,-0.010293466039001942,0.064394012093544,0.05026323348283768,0.02934996411204338,0.09827778488397598,0.15551410615444183,5.098217661725357e-05,0.0,0.0,0.0,-0.23287656903266907,10.088459968566895,0.0454254150390625,9.800445556640625,0.25309303402900696,-10.0,-9.880027770996094,14.67492389678955,2.0,2.0,17.789152145385742,0.30357420444488525,0.28977540135383606,0.30357420444488525,0.29744139313697815,0.0,0.30469265580177307,0.30469265580177307,0.30469265580177307,0.30469265580177307,0.0,-0.959823727607727,0.6948122978210449,-10.72630786895752,0.0,0.0,0.0,0.0,0.0,0.0,0.0,0.0,0.0,0.0,0.0,0.0,0.0,0.0,0.0,0.30469274520874023,0.30469274520874023,0.304692804813385,0.30469274520874023,0.33220455050468445,0.04114978387951851,0.04114978387951851,0.39053526520729065,0.4118903577327728,1.074061632156372,1.191715955734253,0.0,0.0,0.0,0.0,0.0,0.0,0.0
72737567705,0,-0.02080148085951805,-0.14620105922222137,-0.12788167595863342,-0.02080148085951805,-0.14620105922222137,-0.8278816938400269,-0.017328975722193718,0.00655400799587369,0.007293109316378832,0.0,0.0,0.0,-0.012481643818318844,-0.019522257149219513,-0.010293465107679367,0.0,0.0,-0.010293466039001942,0.064394012093544,0.05026323348283768,0.02934996411204338,0.09827778488397598,0.15551410615444183,5.098217661725357e-05,0.0,0.0,0.0,-0.23287656903266907,10.088459968566895,0.0454254150390625,9.800445556640625,0.25309303402900696,-10.0,-9.880027770996094,14.67492389678955,2.0,2.0,17.789152145385742,0.30357420444488525,0.28977540135383606,0.30357420444488525,0.29744139313697815,0.0,0.30469265580177307,0.30469265580177307,0.30469265580177307,0.30469265580177307,0.0,-0.959823727607727,0.6948122978210449,-10.72630786895752,0.0,0.0,0.0,0.0,0.0,0.0,0.0,0.0,0.0,0.0,0.0,0.0,0.0,0.0,0.0,0.30469274520874023,0.30469274520874023,0.304692804813385,0.30469274520874023,0.33220455050468445,0.04114978387951851,0.04114978387951851,0.39053526520729065,0.4118903577327728,1.074061632156372,1.191715955734253,0.0,0.0,0.0,0.0,0.0,0.0,0.0
72747840565,0,-0.02080148085951805,-0.14620105922222137,-0.12788167595863342,-0.02080148085951805,-0.14620105922222137,-0.8278816938400269,-0.017328975722193718,0.00655400799587369,0.007293109316378832,0.0,0.0,0.0,-0.012481643818318844,-0.019522257149219513,-0.010293465107679367,0.0,0.0,-0.010293466039001942,0.064394012093544,0.05026323348283768,0.02934996411204338,0.09827778488397598,0.15551410615444183,5.098217661725357e-05,0.0,0.0,0.0,-0.23287656903266907,10.088459968566895,0.0454254150390625,9.800445556640625,0.25309303402900696,-10.0,-9.880027770996094,14.67492389678955,2.0,2.0,17.789152145385742,0.30357420444488525,0.28977540135383606,0.30357420444488525,0.29744139313697815,0.0,0.30469265580177307,0.30469265580177307,0.30469265580177307,0.30469265580177307,0.0,-0.959823727607727,0.6948122978210449,-10.72630786895752,0.0,0.0,0.0,0.0,0.0,0.0,0.0,0.0,0.0,0.0,0.0,0.0,0.0,0.0,0.0,0.30469274520874023,0.30469274520874023,0.304692804813385,0.30469274520874023,0.33220455050468445,0.04114978387951851,0.04114978387951851,0.39053526520729065,0.4118903577327728,1.074061632156372,1.191715955734253,0.0,0.0,0.0,0.0,0.0,0.0,0.0
72758719568,0,-0.02080148085951805,-0.14620105922222137,-0.12788167595863342,-0.02080148085951805,-0.14620105922222137,-0.8278816938400269,-0.017328975722193718,0.00655400799587369,0.007293109316378832,0.0,0.0,0.0,-0.012481643818318844,-0.019522257149219513,-0.010293465107679367,0.0,0.0,-0.010293466039001942,0.064394012093544,0.05026323348283768,0.02934996411204338,0.09827778488397598,0.15551410615444183,5.098217661725357e-05,0.0,0.0,0.0,-0.23287656903266907,10.088459968566895,0.0454254150390625,9.800445556640625,0.25309303402900696,-10.0,-9.880027770996094,14.67492389678955,2.0,2.0,17.789152145385742,0.30357420444488525,0.28977540135383606,0.30357420444488525,0.29590821266174316,0.0,0.30469265580177307,0.30469265580177307,0.30469265580177307,0.30469265580177307,0.0,-0.959823727607727,0.6948122978210449,-10.72630786895752,0.0,0.0,0.0,0.0,0.0,0.0,0.0,0.0,0.0,0.0,0.0,0.0,0.0,0.0,0.0,0.30469274520874023,0.30469274520874023,0.304692804813385,0.30469274520874023,0.33220455050468445,0.04114978387951851,0.04114978387951851,0.39053526520729065,0.4118903577327728,1.074061632156372,1.191715955734253,0.0,0.0,0.0,0.0,0.0,0.0,0.0
72767614345,0,-0.02080148085951805,-0.14620105922222137,-0.12788167595863342,-0.02080148085951805,-0.14620105922222137,-0.8278816938400269,-0.017328975722193718,0.00655400799587369,0.007293109316378832,0.0,0.0,0.0,-0.012481643818318844,-0.019522257149219513,-0.010293465107679367,0.0,0.0,-0.010293466039001942,0.064394012093544,0.05026323348283768,0.02934996411204338,0.09827778488397598,0.15551410615444183,5.098217661725357e-05,0.0,0.0,0.0,-0.23287656903266907,10.088459968566895,0.0454254150390625,9.800445556640625,0.25309303402900696,-10.0,-9.880027770996094,14.67492389678955,2.0,2.0,17.789152145385742,0.30357420444488525,0.28977540135383606,0.30357420444488525,0.29590821266174316,0.0,0.30469265580177307,0.30469265580177307,0.30469265580177307,0.30469265580177307,0.0,-0.959823727607727,0.6948122978210449,-10.72630786895752,0.0,0.0,0.0,0.0,0.0,0.0,0.0,0.0,0.0,0.0,0.0,0.0,0.0,0.0,0.0,0.30469274520874023,0.30469274520874023,0.304692804813385,0.30469274520874023,0.33220455050468445,0.04114978387951851,0.04114978387951851,0.39053526520729065,0.4118903577327728,1.074061632156372,1.191715955734253,0.0,0.0,0.0,0.0,0.0,0.0,0.0
72777470241,0,-0.02080148085951805,-0.14620105922222137,-0.12788167595863342,-0.02080148085951805,-0.14620105922222137,-0.8278816938400269,-0.017328975722193718,0.00655400799587369,0.007293109316378832,0.0,0.0,0.0,-0.012481643818318844,-0.019522257149219513,-0.010293465107679367,0.0,0.0,-0.010293466039001942,0.064394012093544,0.05026323348283768,0.02934996411204338,0.09827778488397598,0.15551410615444183,5.098217661725357e-05,0.0,0.0,0.0,-0.23287656903266907,10.088459968566895,0.0454254150390625,9.800445556640625,0.25309303402900696,-10.0,-9.880027770996094,14.67492389678955,2.0,2.0,17.789152145385742,0.30357420444488525,0.28977540135383606,0.30357420444488525,0.29590821266174316,0.0,0.30469265580177307,0.30469265580177307,0.30469265580177307,0.30469265580177307,0.0,-0.959823727607727,0.6948122978210449,-10.72630786895752,0.0,0.0,0.0,0.0,0.0,0.0,0.0,0.0,0.0,0.0,0.0,0.0,0.0,0.0,0.0,0.30469274520874023,0.30469274520874023,0.304692804813385,0.30469274520874023,0.33220455050468445,0.04114978387951851,0.04114978387951851,0.39053526520729065,0.4118903577327728,1.074061632156372,1.191715955734253,0.0,0.0,0.0,0.0,0.0,0.0,0.0
72787597684,0,-0.02080148085951805,-0.14620105922222137,-0.12788167595863342,-0.02080148085951805,-0.14620105922222137,-0.8278816938400269,-0.017328975722193718,0.00655400799587369,0.007293109316378832,0.0,0.0,0.0,-0.012481643818318844,-0.019522257149219513,-0.010293465107679367,0.0,0.0,-0.010293466039001942,0.064394012093544,0.05026323348283768,0.02934996411204338,0.09827778488397598,0.15551410615444183,5.098217661725357e-05,0.0,0.0,0.0,-0.23287656903266907,10.088459968566895,0.0454254150390625,9.800445556640625,0.25309303402900696,-10.0,-9.880027770996094,14.67492389678955,2.0,2.0,17.789152145385742,0.30357420444488525,0.28977540135383606,0.30357420444488525,0.29744139313697815,0.0,0.30469265580177307,0.30469265580177307,0.30469265580177307,0.30469265580177307,0.0,-0.959823727607727,0.6948122978210449,-10.72630786895752,0.0,0.0,0.0,0.0,0.0,0.0,0.0,0.0,0.0,0.0,0.0,0.0,0.0,0.0,0.0,0.30469274520874023,0.30469274520874023,0.304692804813385,0.30469274520874023,0.33220455050468445,0.04114978387951851,0.04114978387951851,0.39053526520729065,0.4118903577327728,1.074061632156372,1.191715955734253,0.0,0.0,0.0,0.0,0.0,0.0,0.0
72797847649,0,-0.02080148085951805,-0.14620105922222137,-0.12788167595863342,-0.02080148085951805,-0.14620105922222137,-0.8278816938400269,-0.017328975722193718,0.00655400799587369,0.007293109316378832,0.0,0.0,0.0,-0.012481643818318844,-0.019522257149219513,-0.010293465107679367,0.0,0.0,-0.010293466039001942,0.064394012093544,0.05026323348283768,0.02934996411204338,0.09827778488397598,0.15551410615444183,5.098217661725357e-05,0.0,0.0,0.0,-0.23287656903266907,10.088459968566895,0.0454254150390625,9.800445556640625,0.25309303402900696,-10.0,-9.880027770996094,14.67492389678955,2.0,2.0,17.789152145385742,0.30357420444488525,0.28977540135383606,0.30357420444488525,0.29744139313697815,0.0,0.30469265580177307,0.30469265580177307,0.30469265580177307,0.30469265580177307,0.0,-0.959823727607727,0.6948122978210449,-10.72630786895752,0.0,0.0,0.0,0.0,0.0,0.0,0.0,0.0,0.0,0.0,0.0,0.0,0.0,0.0,0.0,0.30469274520874023,0.30469274520874023,0.304692804813385,0.30469274520874023,0.33220455050468445,0.04114978387951851,0.04114978387951851,0.39053526520729065,0.4118903577327728,1.074061632156372,1.191715955734253,0.0,0.0,0.0,0.0,0.0,0.0,0.0
72813270182,0,-0.02080148085951805,-0.14620105922222137,-0.12788167595863342,-0.02080148085951805,-0.14620105922222137,-0.8278816938400269,-0.017328975722193718,0.00655400799587369,0.007293109316378832,0.0,0.0,0.0,-0.012481643818318844,-0.019522257149219513,-0.010293465107679367,0.0,0.0,-0.010293466039001942,0.064394012093544,0.05026323348283768,0.02934996411204338,0.09827778488397598,0.15551410615444183,5.098217661725357e-05,0.0,0.0,0.0,-0.23287656903266907,10.088459968566895,0.0454254150390625,9.800445556640625,0.25309303402900696,-10.0,-9.880027770996094,14.67492389678955,2.0,2.0,17.789152145385742,0.30357420444488525,0.28977540135383606,0.30357420444488525,0.29744139313697815,0.0,0.30469265580177307,0.30469265580177307,0.30469265580177307,0.30469265580177307,0.0,-0.959823727607727,0.6948122978210449,-10.72630786895752,0.0,0.0,0.0,0.0,0.0,0.0,0.0,0.0,0.0,0.0,0.0,0.0,0.0,0.0,0.0,0.30469274520874023,0.30469274520874023,0.304692804813385,0.30469274520874023,0.33220455050468445,0.04114978387951851,0.04114978387951851,0.39053526520729065,0.4118903577327728,1.074061632156372,1.191715955734253,0.0,0.0,0.0,0.0,0.0,0.0,0.0
72819064661,0,-0.02080148085951805,-0.14620105922222137,-0.12788167595863342,-0.02080148085951805,-0.14620105922222137,-0.8278816938400269,-0.017328975722193718,0.00655400799587369,0.007293109316378832,0.0,0.0,0.0,-0.012481643818318844,-0.019522257149219513,-0.010293465107679367,0.0,0.0,-0.010293466039001942,0.064394012093544,0.05026323348283768,0.02934996411204338,0.09827778488397598,0.15551410615444183,5.098217661725357e-05,0.0,0.0,0.0,-0.23287656903266907,10.088459968566895,0.0454254150390625,9.800445556640625,0.25309303402900696,-10.0,-9.880027770996094,14.67492389678955,2.0,2.0,17.789152145385742,0.30357420444488525,0.28977540135383606,0.30357420444488525,0.29744139313697815,0.0,0.30469265580177307,0.30469265580177307,0.30469265580177307,0.30469265580177307,0.0,-0.959823727607727,0.6948122978210449,-10.72630786895752,0.0,0.0,0.0,0.0,0.0,0.0,0.0,0.0,0.0,0.0,0.0,0.0,0.0,0.0,0.0,0.30469274520874023,0.30469274520874023,0.304692804813385,0.30469274520874023,0.33220455050468445,0.04114978387951851,0.04114978387951851,0.39053526520729065,0.4118903577327728,1.074061632156372,1.191715955734253,0.0,0.0,0.0,0.0,0.0,0.0,0.0
72828449750,0,-0.02080148085951805,-0.14620105922222137,-0.12788167595863342,-0.02080148085951805,-0.14620105922222137,-0.8278816938400269,-0.017328975722193718,0.00655400799587369,0.007293109316378832,0.0,0.0,0.0,-0.012481643818318844,-0.019522257149219513,-0.010293465107679367,0.0,0.0,-0.010293466039001942,0.064394012093544,0.05026323348283768,0.02934996411204338,0.09827778488397598,0.15551410615444183,5.098217661725357e-05,0.0,0.0,0.0,-0.23287656903266907,10.088459968566895,0.0454254150390625,9.800445556640625,0.25309303402900696,-10.0,-9.880027770996094,14.67492389678955,2.0,2.0,17.789152145385742,0.30357420444488525,0.28977540135383606,0.30357420444488525,0.29744139313697815,0.0,0.30469265580177307,0.30469265580177307,0.30469265580177307,0.30469265580177307,0.0,-0.959823727607727,0.6948122978210449,-10.72630786895752,0.0,0.0,0.0,0.0,0.0,0.0,0.0,0.0,0.0,0.0,0.0,0.0,0.0,0.0,0.0,0.30469274520874023,0.30469274520874023,0.304692804813385,0.30469274520874023,0.33220455050468445,0.04114978387951851,0.04114978387951851,0.39053526520729065,0.4118903577327728,1.074061632156372,1.191715955734253,0.0,0.0,0.0,0.0,0.0,0.0,0.0
72838153843,0,-0.02080148085951805,-0.14620105922222137,-0.12788167595863342,-0.02080148085951805,-0.14620105922222137,-0.8278816938400269,-0.017328975722193718,0.00655400799587369,0.007293109316378832,0.0,0.0,0.0,-0.012481643818318844,-0.019522257149219513,-0.010293465107679367,0.0,0.0,-0.010293466039001942,0.064394012093544,0.05026323348283768,0.02934996411204338,0.09827778488397598,0.15551410615444183,5.098217661725357e-05,0.0,0.0,0.0,-0.23287656903266907,10.088459968566895,0.0454254150390625,9.800445556640625,0.25309303402900696,-10.0,-9.880027770996094,14.67492389678955,2.0,2.0,17.789152145385742,0.30357420444488525,0.28977540135383606,0.30357420444488525,0.29744139313697815,0.0,0.30469265580177307,0.30469265580177307,0.30469265580177307,0.30469265580177307,0.0,-0.959823727607727,0.6948122978210449,-10.72630786895752,0.0,0.0,0.0,0.0,0.0,0.0,0.0,0.0,0.0,0.0,0.0,0.0,0.0,0.0,0.0,0.30469274520874023,0.30469274520874023,0.304692804813385,0.30469274520874023,0.33220455050468445,0.04114978387951851,0.04114978387951851,0.39053526520729065,0.4118903577327728,1.074061632156372,1.191715955734253,0.0,0.0,0.0,0.0,0.0,0.0,0.0
72847624618,0,-0.02080148085951805,-0.14620105922222137,-0.12788167595863342,-0.02080148085951805,-0.14620105922222137,-0.8278816938400269,-0.017328975722193718,0.00655400799587369,0.007293109316378832,0.0,0.0,0.0,-0.012481643818318844,-0.019522257149219513,-0.010293465107679367,0.0,0.0,-0.010293466039001942,0.064394012093544,0.05026323348283768,0.02934996411204338,0.09827778488397598,0.15551410615444183,5.098217661725357e-05,0.0,0.0,0.0,-0.23287656903266907,10.088459968566895,0.0454254150390625,9.800445556640625,0.25309303402900696,-10.0,-9.880027770996094,14.67492389678955,2.0,2.0,17.789152145385742,0.30357420444488525,0.28977540135383606,0.30357420444488525,0.29590821266174316,0.0,0.30469265580177307,0.30469265580177307,0.30469265580177307,0.30469265580177307,0.0,-0.959823727607727,0.6948122978210449,-10.72630786895752,0.0,0.0,0.0,0.0,0.0,0.0,0.0,0.0,0.0,0.0,0.0,0.0,0.0,0.0,0.0,0.30469274520874023,0.30469274520874023,0.304692804813385,0.30469274520874023,0.33220455050468445,0.04114978387951851,0.04114978387951851,0.39053526520729065,0.4118903577327728,1.074061632156372,1.191715955734253,0.0,0.0,0.0,0.0,0.0,0.0,0.0
72857997300,0,-0.02080148085951805,-0.14620105922222137,-0.12788167595863342,-0.02080148085951805,-0.14620105922222137,-0.8278816938400269,-0.017328975722193718,0.00655400799587369,0.007293109316378832,0.0,0.0,0.0,-0.012481643818318844,-0.019522257149219513,-0.010293465107679367,0.0,0.0,-0.010293466039001942,0.064394012093544,0.05026323348283768,0.02934996411204338,0.09827778488397598,0.15551410615444183,5.098217661725357e-05,0.0,0.0,0.0,-0.23287656903266907,10.088459968566895,0.0454254150390625,9.800445556640625,0.25309303402900696,-10.0,-9.880027770996094,14.67492389678955,2.0,2.0,17.789152145385742,0.30357420444488525,0.28977540135383606,0.30357420444488525,0.29590821266174316,0.0,0.30469265580177307,0.30469265580177307,0.30469265580177307,0.30469265580177307,0.0,-0.959823727607727,0.6948122978210449,-10.72630786895752,0.0,0.0,0.0,0.0,0.0,0.0,0.0,0.0,0.0,0.0,0.0,0.0,0.0,0.0,0.0,0.30469274520874023,0.30469274520874023,0.304692804813385,0.30469274520874023,0.33220455050468445,0.04114978387951851,0.04114978387951851,0.39053526520729065,0.4118903577327728,1.074061632156372,1.191715955734253,0.0,0.0,0.0,0.0,0.0,0.0,0.0
72867994754,0,-0.02080148085951805,-0.14620105922222137,-0.12788167595863342,-0.02080148085951805,-0.14620105922222137,-0.8278816938400269,-0.017328975722193718,0.00655400799587369,0.007293109316378832,0.0,0.0,0.0,-0.012481643818318844,-0.019522257149219513,-0.010293465107679367,0.0,0.0,-0.010293466039001942,0.064394012093544,0.05026323348283768,0.02934996411204338,0.09827778488397598,0.15551410615444183,5.098217661725357e-05,0.0,0.0,0.0,-0.23287656903266907,10.088459968566895,0.0454254150390625,9.800445556640625,0.25309303402900696,-10.0,-9.880027770996094,14.67492389678955,2.0,2.0,17.789152145385742,0.30357420444488525,0.28977540135383606,0.30357420444488525,0.29744139313697815,0.0,0.30469265580177307,0.30469265580177307,0.30469265580177307,0.30469265580177307,0.0,-0.959823727607727,0.6948122978210449,-10.72630786895752,0.0,0.0,0.0,0.0,0.0,0.0,0.0,0.0,0.0,0.0,0.0,0.0,0.0,0.0,0.0,0.30469274520874023,0.30469274520874023,0.304692804813385,0.30469274520874023,0.33220455050468445,0.04114978387951851,0.04114978387951851,0.39053526520729065,0.4118903577327728,1.074061632156372,1.191715955734253,0.0,0.0,0.0,0.0,0.0,0.0,0.0
72877600575,0,-0.02080148085951805,-0.14620105922222137,-0.12788167595863342,-0.02080148085951805,-0.14620105922222137,-0.8278816938400269,-0.017328975722193718,0.00655400799587369,0.007293109316378832,0.0,0.0,0.0,-0.012481643818318844,-0.019522257149219513,-0.010293465107679367,0.0,0.0,-0.010293466039001942,0.064394012093544,0.05026323348283768,0.02934996411204338,0.09827778488397598,0.15551410615444183,5.098217661725357e-05,0.0,0.0,0.0,-0.23287656903266907,10.088459968566895,0.0454254150390625,9.800445556640625,0.25309303402900696,-10.0,-9.880027770996094,14.67492389678955,2.0,2.0,17.789152145385742,0.30357420444488525,0.28977540135383606,0.30357420444488525,0.29744139313697815,0.0,0.30469265580177307,0.30469265580177307,0.30469265580177307,0.30469265580177307,0.0,-0.959823727607727,0.6948122978210449,-10.72630786895752,0.0,0.0,0.0,0.0,0.0,0.0,0.0,0.0,0.0,0.0,0.0,0.0,0.0,0.0,0.0,0.30469274520874023,0.30469274520874023,0.304692804813385,0.30469274520874023,0.33220455050468445,0.04114978387951851,0.04114978387951851,0.39053526520729065,0.4118903577327728,1.074061632156372,1.191715955734253,0.0,0.0,0.0,0.0,0.0,0.0,0.0
72888662629,0,-0.02080148085951805,-0.14620105922222137,-0.12788167595863342,-0.02080148085951805,-0.14620105922222137,-0.8278816938400269,-0.017328975722193718,0.00655400799587369,0.007293109316378832,0.0,0.0,0.0,-0.012481643818318844,-0.019522257149219513,-0.010293465107679367,0.0,0.0,-0.010293466039001942,0.064394012093544,0.05026323348283768,0.02934996411204338,0.09827778488397598,0.15551410615444183,5.098217661725357e-05,0.0,0.0,0.0,-0.23287656903266907,10.088459968566895,0.0454254150390625,9.800445556640625,0.25309303402900696,-10.0,-9.880027770996094,14.67492389678955,2.0,2.0,17.789152145385742,0.30357420444488525,0.28977540135383606,0.30357420444488525,0.29590821266174316,0.0,0.30469265580177307,0.30469265580177307,0.30469265580177307,0.30469265580177307,0.0,-0.959823727607727,0.6948122978210449,-10.72630786895752,0.0,0.0,0.0,0.0,0.0,0.0,0.0,0.0,0.0,0.0,0.0,0.0,0.0,0.0,0.0,0.30469274520874023,0.30469274520874023,0.304692804813385,0.30469274520874023,0.33220455050468445,0.04114978387951851,0.04114978387951851,0.39053526520729065,0.4118903577327728,1.074061632156372,1.191715955734253,0.0,0.0,0.0,0.0,0.0,0.0,0.0
72898122851,0,-0.02080148085951805,-0.14620105922222137,-0.12788167595863342,-0.02080148085951805,-0.14620105922222137,-0.8278816938400269,-0.017328975722193718,0.00655400799587369,0.007293109316378832,0.0,0.0,0.0,-0.012481643818318844,-0.019522257149219513,-0.010293465107679367,0.0,0.0,-0.010293466039001942,0.064394012093544,0.05026323348283768,0.02934996411204338,0.09827778488397598,0.15551410615444183,5.098217661725357e-05,0.0,0.0,0.0,-0.23287656903266907,10.088459968566895,0.0454254150390625,9.800445556640625,0.25309303402900696,-10.0,-9.880027770996094,14.67492389678955,2.0,2.0,17.789152145385742,0.30357420444488525,0.28977540135383606,0.30357420444488525,0.29744139313697815,0.0,0.30469265580177307,0.30469265580177307,0.30469265580177307,0.30469265580177307,0.0,-0.959823727607727,0.6948122978210449,-10.72630786895752,0.0,0.0,0.0,0.0,0.0,0.0,0.0,0.0,0.0,0.0,0.0,0.0,0.0,0.0,0.0,0.30469274520874023,0.30469274520874023,0.304692804813385,0.30469274520874023,0.33220455050468445,0.04114978387951851,0.04114978387951851,0.39053526520729065,0.4118903577327728,1.074061632156372,1.191715955734253,0.0,0.0,0.0,0.0,0.0,0.0,0.0
72910328618,0,-0.02080148085951805,-0.14620105922222137,-0.12788167595863342,-0.02080148085951805,-0.14620105922222137,-0.8278816938400269,-0.017328975722193718,0.00655400799587369,0.007293109316378832,0.0,0.0,0.0,-0.012481643818318844,-0.019522257149219513,-0.010293465107679367,0.0,0.0,-0.010293466039001942,0.064394012093544,0.05026323348283768,0.02934996411204338,0.09827778488397598,0.15551410615444183,5.098217661725357e-05,0.0,0.0,0.0,-0.23287656903266907,10.088459968566895,0.0454254150390625,9.800445556640625,0.25309303402900696,-10.0,-9.880027770996094,14.67492389678955,2.0,2.0,17.789152145385742,0.30357420444488525,0.28977540135383606,0.30357420444488525,0.29744139313697815,0.0,0.30469265580177307,0.30469265580177307,0.30469265580177307,0.30469265580177307,0.0,-0.959823727607727,0.6948122978210449,-10.72630786895752,0.0,0.0,0.0,0.0,0.0,0.0,0.0,0.0,0.0,0.0,0.0,0.0,0.0,0.0,0.0,0.30469274520874023,0.30469274520874023,0.304692804813385,0.30469274520874023,0.33220455050468445,0.04114978387951851,0.04114978387951851,0.39053526520729065,0.4118903577327728,1.074061632156372,1.191715955734253,0.0,0.0,0.0,0.0,0.0,0.0,0.0
72918327479,0,-0.02080148085951805,-0.14620105922222137,-0.12788167595863342,-0.02080148085951805,-0.14620105922222137,-0.8278816938400269,-0.017328975722193718,0.00655400799587369,0.007293109316378832,0.0,0.0,0.0,-0.012481643818318844,-0.019522257149219513,-0.010293465107679367,0.0,0.0,-0.010293466039001942,0.064394012093544,0.05026323348283768,0.02934996411204338,0.09827778488397598,0.15551410615444183,5.098217661725357e-05,0.0,0.0,0.0,-0.23287656903266907,10.088459968566895,0.0454254150390625,9.800445556640625,0.25309303402900696,-10.0,-9.880027770996094,14.67492389678955,2.0,2.0,17.789152145385742,0.30357420444488525,0.28977540135383606,0.30357420444488525,0.29744139313697815,0.0,0.30469265580177307,0.30469265580177307,0.30469265580177307,0.30469265580177307,0.0,-0.959823727607727,0.6948122978210449,-10.72630786895752,0.0,0.0,0.0,0.0,0.0,0.0,0.0,0.0,0.0,0.0,0.0,0.0,0.0,0.0,0.0,0.30469274520874023,0.30469274520874023,0.304692804813385,0.30469274520874023,0.33220455050468445,0.04114978387951851,0.04114978387951851,0.39053526520729065,0.4118903577327728,1.074061632156372,1.191715955734253,0.0,0.0,0.0,0.0,0.0,0.0,0.0
72929410341,0,-0.02080148085951805,-0.14620105922222137,-0.12788167595863342,-0.02080148085951805,-0.14620105922222137,-0.8278816938400269,-0.017328975722193718,0.00655400799587369,0.007293109316378832,0.0,0.0,0.0,-0.012481643818318844,-0.019522257149219513,-0.010293465107679367,0.0,0.0,-0.010293466039001942,0.064394012093544,0.05026323348283768,0.02934996411204338,0.09827778488397598,0.15551410615444183,5.098217661725357e-05,0.0,0.0,0.0,-0.23287656903266907,10.088459968566895,0.0454254150390625,9.800445556640625,0.25309303402900696,-10.0,-9.880027770996094,14.67492389678955,2.0,2.0,17.789152145385742,0.30357420444488525,0.28977540135383606,0.30357420444488525,0.29744139313697815,0.0,0.30469265580177307,0.30469265580177307,0.30469265580177307,0.30469265580177307,0.0,-0.959823727607727,0.6948122978210449,-10.72630786895752,0.0,0.0,0.0,0.0,0.0,0.0,0.0,0.0,0.0,0.0,0.0,0.0,0.0,0.0,0.0,0.30469274520874023,0.30469274520874023,0.304692804813385,0.30469274520874023,0.33220455050468445,0.04114978387951851,0.04114978387951851,0.39053526520729065,0.4118903577327728,1.074061632156372,1.191715955734253,0.0,0.0,0.0,0.0,0.0,0.0,0.0
72944215211,0,-0.02080148085951805,-0.14620105922222137,-0.12788167595863342,-0.02080148085951805,-0.14620105922222137,-0.8278816938400269,-0.017328975722193718,0.00655400799587369,0.007293109316378832,0.0,0.0,0.0,-0.012481643818318844,-0.019522257149219513,-0.010293465107679367,0.0,0.0,-0.010293466039001942,0.064394012093544,0.05026323348283768,0.02934996411204338,0.09827778488397598,0.15551410615444183,5.098217661725357e-05,0.0,0.0,0.0,-0.23287656903266907,10.088459968566895,0.0454254150390625,9.800445556640625,0.25309303402900696,-10.0,-9.880027770996094,14.67492389678955,2.0,2.0,17.789152145385742,0.30357420444488525,0.28977540135383606,0.30357420444488525,0.29590821266174316,0.0,0.30469265580177307,0.30469265580177307,0.30469265580177307,0.30469265580177307,0.0,-0.959823727607727,0.6948122978210449,-10.72630786895752,0.0,0.0,0.0,0.0,0.0,0.0,0.0,0.0,0.0,0.0,0.0,0.0,0.0,0.0,0.0,0.30469274520874023,0.30469274520874023,0.304692804813385,0.30469274520874023,0.33220455050468445,0.04114978387951851,0.04114978387951851,0.39053526520729065,0.4118903577327728,1.074061632156372,1.191715955734253,0.0,0.0,0.0,0.0,0.0,0.0,0.0
72947636789,0,-0.02080148085951805,-0.14620105922222137,-0.12788167595863342,-0.02080148085951805,-0.14620105922222137,-0.8278816938400269,-0.017328975722193718,0.00655400799587369,0.007293109316378832,0.0,0.0,0.0,-0.012481643818318844,-0.019522257149219513,-0.010293465107679367,0.0,0.0,-0.010293466039001942,0.064394012093544,0.05026323348283768,0.02934996411204338,0.09827778488397598,0.15551410615444183,5.098217661725357e-05,0.0,0.0,0.0,-0.23287656903266907,10.088459968566895,0.0454254150390625,9.800445556640625,0.25309303402900696,-10.0,-9.880027770996094,14.67492389678955,2.0,2.0,17.789152145385742,0.30357420444488525,0.28977540135383606,0.30357420444488525,0.29744139313697815,0.0,0.30469265580177307,0.30469265580177307,0.30469265580177307,0.30469265580177307,0.0,-0.959823727607727,0.6948122978210449,-10.72630786895752,0.0,0.0,0.0,0.0,0.0,0.0,0.0,0.0,0.0,0.0,0.0,0.0,0.0,0.0,0.0,0.30469274520874023,0.30469274520874023,0.304692804813385,0.30469274520874023,0.33220455050468445,0.04114978387951851,0.04114978387951851,0.39053526520729065,0.4118903577327728,1.074061632156372,1.191715955734253,0.0,0.0,0.0,0.0,0.0,0.0,0.0
72958488667,0,-0.02080148085951805,-0.14620105922222137,-0.12788167595863342,-0.02080148085951805,-0.14620105922222137,-0.8278816938400269,-0.017328975722193718,0.00655400799587369,0.007293109316378832,0.0,0.0,0.0,-0.012481643818318844,-0.019522257149219513,-0.010293465107679367,0.0,0.0,-0.010293466039001942,0.064394012093544,0.05026323348283768,0.02934996411204338,0.09827778488397598,0.15551410615444183,5.098217661725357e-05,0.0,0.0,0.0,-0.23287656903266907,10.088459968566895,0.0454254150390625,9.800445556640625,0.25309303402900696,-10.0,-9.880027770996094,14.67492389678955,2.0,2.0,17.789152145385742,0.30357420444488525,0.28977540135383606,0.30357420444488525,0.29744139313697815,0.0,0.30469265580177307,0.30469265580177307,0.30469265580177307,0.30469265580177307,0.0,-0.959823727607727,0.6948122978210449,-10.72630786895752,0.0,0.0,0.0,0.0,0.0,0.0,0.0,0.0,0.0,0.0,0.0,0.0,0.0,0.0,0.0,0.30469274520874023,0.30469274520874023,0.304692804813385,0.30469274520874023,0.33220455050468445,0.04114978387951851,0.04114978387951851,0.39053526520729065,0.4118903577327728,1.074061632156372,1.191715955734253,0.0,0.0,0.0,0.0,0.0,0.0,0.0
72967597779,0,-0.02080148085951805,-0.14620105922222137,-0.12788167595863342,-0.02080148085951805,-0.14620105922222137,-0.8278816938400269,-0.017328975722193718,0.00655400799587369,0.007293109316378832,0.0,0.0,0.0,-0.012481643818318844,-0.019522257149219513,-0.010293465107679367,0.0,0.0,-0.010293466039001942,0.064394012093544,0.05026323348283768,0.02934996411204338,0.09827778488397598,0.15551410615444183,5.098217661725357e-05,0.0,0.0,0.0,-0.23287656903266907,10.088459968566895,0.0454254150390625,9.800445556640625,0.25309303402900696,-10.0,-9.880027770996094,14.67492389678955,2.0,2.0,17.789152145385742,0.30357420444488525,0.28977540135383606,0.30357420444488525,0.29744139313697815,0.0,0.30469265580177307,0.30469265580177307,0.30469265580177307,0.30469265580177307,0.0,-0.959823727607727,0.6948122978210449,-10.72630786895752,0.0,0.0,0.0,0.0,0.0,0.0,0.0,0.0,0.0,0.0,0.0,0.0,0.0,0.0,0.0,0.30469274520874023,0.30469274520874023,0.304692804813385,0.30469274520874023,0.33220455050468445,0.04114978387951851,0.04114978387951851,0.39053526520729065,0.4118903577327728,1.074061632156372,1.191715955734253,0.0,0.0,0.0,0.0,0.0,0.0,0.0
72982448752,0,-0.02080148085951805,-0.14620105922222137,-0.12788167595863342,-0.02080148085951805,-0.14620105922222137,-0.8278816938400269,-0.017328975722193718,0.00655400799587369,0.007293109316378832,0.0,0.0,0.0,-0.012481643818318844,-0.019522257149219513,-0.010293465107679367,0.0,0.0,-0.010293466039001942,0.064394012093544,0.05026323348283768,0.02934996411204338,0.09827778488397598,0.15551410615444183,5.098217661725357e-05,0.0,0.0,0.0,-0.23287656903266907,10.088459968566895,0.0454254150390625,9.800445556640625,0.25309303402900696,-10.0,-9.880027770996094,14.67492389678955,2.0,2.0,17.789152145385742,0.30357420444488525,0.28977540135383606,0.30357420444488525,0.29744139313697815,0.0,0.30469265580177307,0.30469265580177307,0.30469265580177307,0.30469265580177307,0.0,-0.959823727607727,0.6948122978210449,-10.72630786895752,0.0,0.0,0.0,0.0,0.0,0.0,0.0,0.0,0.0,0.0,0.0,0.0,0.0,0.0,0.0,0.30469274520874023,0.30469274520874023,0.304692804813385,0.30469274520874023,0.33220455050468445,0.04114978387951851,0.04114978387951851,0.39053526520729065,0.4118903577327728,1.074061632156372,1.191715955734253,0.0,0.0,0.0,0.0,0.0,0.0,0.0
72987629537,0,-0.02080148085951805,-0.14620105922222137,-0.12788167595863342,-0.02080148085951805,-0.14620105922222137,-0.8278816938400269,-0.017328975722193718,0.00655400799587369,0.007293109316378832,0.0,0.0,0.0,-0.012481643818318844,-0.019522257149219513,-0.010293465107679367,0.0,0.0,-0.010293466039001942,0.064394012093544,0.05026323348283768,0.02934996411204338,0.09827778488397598,0.15551410615444183,5.098217661725357e-05,0.0,0.0,0.0,-0.23287656903266907,10.088459968566895,0.0454254150390625,9.800445556640625,0.25309303402900696,-10.0,-9.880027770996094,14.67492389678955,2.0,2.0,17.789152145385742,0.30357420444488525,0.28977540135383606,0.30357420444488525,0.29590821266174316,0.0,0.30469265580177307,0.30469265580177307,0.30469265580177307,0.30469265580177307,0.0,-0.959823727607727,0.6948122978210449,-10.72630786895752,0.0,0.0,0.0,0.0,0.0,0.0,0.0,0.0,0.0,0.0,0.0,0.0,0.0,0.0,0.0,0.30469274520874023,0.30469274520874023,0.304692804813385,0.30469274520874023,0.33220455050468445,0.04114978387951851,0.04114978387951851,0.39053526520729065,0.4118903577327728,1.074061632156372,1.191715955734253,0.0,0.0,0.0,0.0,0.0,0.0,0.0
72997755669,0,-0.02080148085951805,-0.14620105922222137,-0.12788167595863342,-0.02080148085951805,-0.14620105922222137,-0.8278816938400269,-0.017328975722193718,0.00655400799587369,0.007293109316378832,0.0,0.0,0.0,-0.012481643818318844,-0.019522257149219513,-0.010293465107679367,0.0,0.0,-0.010293466039001942,0.064394012093544,0.05026323348283768,0.02934996411204338,0.09827778488397598,0.15551410615444183,5.098217661725357e-05,0.0,0.0,0.0,-0.23287656903266907,10.088459968566895,0.0454254150390625,9.800445556640625,0.25309303402900696,-10.0,-9.880027770996094,14.67492389678955,2.0,2.0,17.789152145385742,0.30357420444488525,0.28977540135383606,0.30357420444488525,0.29590821266174316,0.0,0.30469265580177307,0.30469265580177307,0.30469265580177307,0.30469265580177307,0.0,-0.959823727607727,0.6948122978210449,-10.72630786895752,0.0,0.0,0.0,0.0,0.0,0.0,0.0,0.0,0.0,0.0,0.0,0.0,0.0,0.0,0.0,0.30469274520874023,0.30469274520874023,0.304692804813385,0.30469274520874023,0.33220455050468445,0.04114978387951851,0.04114978387951851,0.39053526520729065,0.4118903577327728,1.074061632156372,1.191715955734253,0.0,0.0,0.0,0.0,0.0,0.0,0.0
73007906737,0,-0.02080148085951805,-0.14620105922222137,-0.12788167595863342,-0.02080148085951805,-0.14620105922222137,-0.8278816938400269,-0.017328975722193718,0.00655400799587369,0.007293109316378832,0.0,0.0,0.0,-0.012481643818318844,-0.019522257149219513,-0.010293465107679367,0.0,0.0,-0.010293466039001942,0.064394012093544,0.05026323348283768,0.02934996411204338,0.09827778488397598,0.15551410615444183,5.098217661725357e-05,0.0,0.0,0.0,-0.23287656903266907,10.088459968566895,0.0454254150390625,9.800445556640625,0.25309303402900696,-10.0,-9.880027770996094,14.67492389678955,2.0,2.0,17.789152145385742,0.30357420444488525,0.28977540135383606,0.30357420444488525,0.29744139313697815,0.0,0.30469265580177307,0.30469265580177307,0.30469265580177307,0.30469265580177307,0.0,-0.959823727607727,0.6948122978210449,-10.72630786895752,0.0,0.0,0.0,0.0,0.0,0.0,0.0,0.0,0.0,0.0,0.0,0.0,0.0,0.0,0.0,0.30469274520874023,0.30469274520874023,0.304692804813385,0.30469274520874023,0.33220455050468445,0.04114978387951851,0.04114978387951851,0.39053526520729065,0.4118903577327728,1.074061632156372,1.191715955734253,0.0,0.0,0.0,0.0,0.0,0.0,0.0
73018921278,0,-0.02080148085951805,-0.14620105922222137,-0.12788167595863342,-0.02080148085951805,-0.14620105922222137,-0.8278816938400269,-0.017328975722193718,0.00655400799587369,0.007293109316378832,0.0,0.0,0.0,-0.012481643818318844,-0.019522257149219513,-0.010293465107679367,0.0,0.0,-0.010293466039001942,0.064394012093544,0.05026323348283768,0.02934996411204338,0.09827778488397598,0.15551410615444183,5.098217661725357e-05,0.0,0.0,0.0,-0.23287656903266907,10.088459968566895,0.0454254150390625,9.800445556640625,0.25309303402900696,-10.0,-9.880027770996094,14.67492389678955,2.0,2.0,17.789152145385742,0.30357420444488525,0.28977540135383606,0.30357420444488525,0.29744139313697815,0.0,0.30469265580177307,0.30469265580177307,0.30469265580177307,0.30469265580177307,0.0,-0.959823727607727,0.6948122978210449,-10.72630786895752,0.0,0.0,0.0,0.0,0.0,0.0,0.0,0.0,0.0,0.0,0.0,0.0,0.0,0.0,0.0,0.30469274520874023,0.30469274520874023,0.304692804813385,0.30469274520874023,0.33220455050468445,0.04114978387951851,0.04114978387951851,0.39053526520729065,0.4118903577327728,1.074061632156372,1.191715955734253,0.0,0.0,0.0,0.0,0.0,0.0,0.0
73028737585,0,-0.02080148085951805,-0.14620105922222137,-0.12788167595863342,-0.02080148085951805,-0.14620105922222137,-0.8278816938400269,-0.017328975722193718,0.00655400799587369,0.007293109316378832,0.0,0.0,0.0,-0.012481643818318844,-0.019522257149219513,-0.010293465107679367,0.0,0.0,-0.010293466039001942,0.064394012093544,0.05026323348283768,0.02934996411204338,0.09827778488397598,0.15551410615444183,5.098217661725357e-05,0.0,0.0,0.0,-0.23287656903266907,10.088459968566895,0.0454254150390625,9.800445556640625,0.25309303402900696,-10.0,-9.880027770996094,14.67492389678955,2.0,2.0,17.789152145385742,0.30357420444488525,0.28977540135383606,0.30357420444488525,0.29590821266174316,0.0,0.30469265580177307,0.30469265580177307,0.30469265580177307,0.30469265580177307,0.0,-0.959823727607727,0.6948122978210449,-10.72630786895752,0.0,0.0,0.0,0.0,0.0,0.0,0.0,0.0,0.0,0.0,0.0,0.0,0.0,0.0,0.0,0.30469274520874023,0.30469274520874023,0.304692804813385,0.30469274520874023,0.33220455050468445,0.04114978387951851,0.04114978387951851,0.39053526520729065,0.4118903577327728,1.074061632156372,1.191715955734253,0.0,0.0,0.0,0.0,0.0,0.0,0.0
73039688033,0,-0.02080148085951805,-0.14620105922222137,-0.12788167595863342,-0.02080148085951805,-0.14620105922222137,-0.8278816938400269,-0.017328975722193718,0.00655400799587369,0.007293109316378832,0.0,0.0,0.0,-0.012481643818318844,-0.019522257149219513,-0.010293465107679367,0.0,0.0,-0.010293466039001942,0.064394012093544,0.05026323348283768,0.02934996411204338,0.09827778488397598,0.15551410615444183,5.098217661725357e-05,0.0,0.0,0.0,-0.23287656903266907,10.088459968566895,0.0454254150390625,9.800445556640625,0.25309303402900696,-10.0,-9.880027770996094,14.67492389678955,2.0,2.0,17.789152145385742,0.30357420444488525,0.28977540135383606,0.30357420444488525,0.29744139313697815,0.0,0.30469265580177307,0.30469265580177307,0.30469265580177307,0.30469265580177307,0.0,-0.959823727607727,0.6948122978210449,-10.72630786895752,0.0,0.0,0.0,0.0,0.0,0.0,0.0,0.0,0.0,0.0,0.0,0.0,0.0,0.0,0.0,0.30469274520874023,0.30469274520874023,0.304692804813385,0.30469274520874023,0.33220455050468445,0.04114978387951851,0.04114978387951851,0.39053526520729065,0.4118903577327728,1.074061632156372,1.191715955734253,0.0,0.0,0.0,0.0,0.0,0.0,0.0
73051271205,0,-0.02080148085951805,-0.14620105922222137,-0.12788167595863342,-0.02080148085951805,-0.14620105922222137,-0.8278816938400269,-0.017328975722193718,0.00655400799587369,0.007293109316378832,0.0,0.0,0.0,-0.012481643818318844,-0.019522257149219513,-0.010293465107679367,0.0,0.0,-0.010293466039001942,0.064394012093544,0.05026323348283768,0.02934996411204338,0.09827778488397598,0.15551410615444183,5.098217661725357e-05,0.0,0.0,0.0,-0.23287656903266907,10.088459968566895,0.0454254150390625,9.800445556640625,0.25309303402900696,-10.0,-9.880027770996094,14.67492389678955,2.0,2.0,17.789152145385742,0.30357420444488525,0.28977540135383606,0.30357420444488525,0.29744139313697815,0.0,0.30469265580177307,0.30469265580177307,0.30469265580177307,0.30469265580177307,0.0,-0.959823727607727,0.6948122978210449,-10.72630786895752,0.0,0.0,0.0,0.0,0.0,0.0,0.0,0.0,0.0,0.0,0.0,0.0,0.0,0.0,0.0,0.30469274520874023,0.30469274520874023,0.304692804813385,0.30469274520874023,0.33220455050468445,0.04114978387951851,0.04114978387951851,0.39053526520729065,0.4118903577327728,1.074061632156372,1.191715955734253,0.0,0.0,0.0,0.0,0.0,0.0,0.0
73058761996,0,-0.02080148085951805,-0.14620105922222137,-0.12788167595863342,-0.02080148085951805,-0.14620105922222137,-0.8278816938400269,-0.017328975722193718,0.00655400799587369,0.007293109316378832,0.0,0.0,0.0,-0.012481643818318844,-0.019522257149219513,-0.010293465107679367,0.0,0.0,-0.010293466039001942,0.064394012093544,0.05026323348283768,0.02934996411204338,0.09827778488397598,0.15551410615444183,5.098217661725357e-05,0.0,0.0,0.0,-0.23287656903266907,10.088459968566895,0.0454254150390625,9.800445556640625,0.25309303402900696,-10.0,-9.880027770996094,14.67492389678955,2.0,2.0,17.789152145385742,0.30357420444488525,0.28977540135383606,0.30357420444488525,0.29590821266174316,0.0,0.30469265580177307,0.30469265580177307,0.30469265580177307,0.30469265580177307,0.0,-0.959823727607727,0.6948122978210449,-10.72630786895752,0.0,0.0,0.0,0.0,0.0,0.0,0.0,0.0,0.0,0.0,0.0,0.0,0.0,0.0,0.0,0.30469274520874023,0.30469274520874023,0.304692804813385,0.30469274520874023,0.33220455050468445,0.04114978387951851,0.04114978387951851,0.39053526520729065,0.4118903577327728,1.074061632156372,1.191715955734253,0.0,0.0,0.0,0.0,0.0,0.0,0.0
73068364415,0,-0.02080148085951805,-0.14620105922222137,-0.12788167595863342,-0.02080148085951805,-0.14620105922222137,-0.8278816938400269,-0.017328975722193718,0.00655400799587369,0.007293109316378832,0.0,0.0,0.0,-0.012481643818318844,-0.019522257149219513,-0.010293465107679367,0.0,0.0,-0.010293466039001942,0.064394012093544,0.05026323348283768,0.02934996411204338,0.09827778488397598,0.15551410615444183,5.098217661725357e-05,0.0,0.0,0.0,-0.23287656903266907,10.088459968566895,0.0454254150390625,9.800445556640625,0.25309303402900696,-10.0,-9.880027770996094,14.67492389678955,2.0,2.0,17.789152145385742,0.30357420444488525,0.28977540135383606,0.30357420444488525,0.29744139313697815,0.0,0.30469265580177307,0.30469265580177307,0.30469265580177307,0.30469265580177307,0.0,-0.959823727607727,0.6948122978210449,-10.72630786895752,0.0,0.0,0.0,0.0,0.0,0.0,0.0,0.0,0.0,0.0,0.0,0.0,0.0,0.0,0.0,0.30469274520874023,0.30469274520874023,0.304692804813385,0.30469274520874023,0.33220455050468445,0.04114978387951851,0.04114978387951851,0.39053526520729065,0.4118903577327728,1.074061632156372,1.191715955734253,0.0,0.0,0.0,0.0,0.0,0.0,0.0
73078464630,0,-0.02080148085951805,-0.14620105922222137,-0.12788167595863342,-0.02080148085951805,-0.14620105922222137,-0.8278816938400269,-0.017328975722193718,0.00655400799587369,0.007293109316378832,0.0,0.0,0.0,-0.012481643818318844,-0.019522257149219513,-0.010293465107679367,0.0,0.0,-0.010293466039001942,0.064394012093544,0.05026323348283768,0.02934996411204338,0.09827778488397598,0.15551410615444183,5.098217661725357e-05,0.0,0.0,0.0,-0.23287656903266907,10.088459968566895,0.0454254150390625,9.800445556640625,0.25309303402900696,-10.0,-9.880027770996094,14.67492389678955,2.0,2.0,17.789152145385742,0.30357420444488525,0.28977540135383606,0.30357420444488525,0.29744139313697815,0.0,0.30469265580177307,0.30469265580177307,0.30469265580177307,0.30469265580177307,0.0,-0.959823727607727,0.6948122978210449,-10.72630786895752,0.0,0.0,0.0,0.0,0.0,0.0,0.0,0.0,0.0,0.0,0.0,0.0,0.0,0.0,0.0,0.30469274520874023,0.30469274520874023,0.304692804813385,0.30469274520874023,0.33220455050468445,0.04114978387951851,0.04114978387951851,0.39053526520729065,0.4118903577327728,1.074061632156372,1.191715955734253,0.0,0.0,0.0,0.0,0.0,0.0,0.0
73087779627,0,-0.02080148085951805,-0.14620105922222137,-0.12788167595863342,-0.02080148085951805,-0.14620105922222137,-0.8278816938400269,-0.017328975722193718,0.00655400799587369,0.007293109316378832,0.0,0.0,0.0,-0.012481643818318844,-0.019522257149219513,-0.010293465107679367,0.0,0.0,-0.010293466039001942,0.064394012093544,0.05026323348283768,0.02934996411204338,0.09827778488397598,0.15551410615444183,5.098217661725357e-05,0.0,0.0,0.0,-0.23287656903266907,10.088459968566895,0.0454254150390625,9.800445556640625,0.25309303402900696,-10.0,-9.880027770996094,14.67492389678955,2.0,2.0,17.789152145385742,0.30357420444488525,0.28977540135383606,0.30357420444488525,0.29590821266174316,0.0,0.30469265580177307,0.30469265580177307,0.30469265580177307,0.30469265580177307,0.0,-0.959823727607727,0.6948122978210449,-10.72630786895752,0.0,0.0,0.0,0.0,0.0,0.0,0.0,0.0,0.0,0.0,0.0,0.0,0.0,0.0,0.0,0.30469274520874023,0.30469274520874023,0.304692804813385,0.30469274520874023,0.33220455050468445,0.04114978387951851,0.04114978387951851,0.39053526520729065,0.4118903577327728,1.074061632156372,1.191715955734253,0.0,0.0,0.0,0.0,0.0,0.0,0.0
73098466171,0,-0.02080148085951805,-0.14620105922222137,-0.12788167595863342,-0.02080148085951805,-0.14620105922222137,-0.8278816938400269,-0.017328975722193718,0.00655400799587369,0.007293109316378832,0.0,0.0,0.0,-0.012481643818318844,-0.019522257149219513,-0.010293465107679367,0.0,0.0,-0.010293466039001942,0.064394012093544,0.05026323348283768,0.02934996411204338,0.09827778488397598,0.15551410615444183,5.098217661725357e-05,0.0,0.0,0.0,-0.23287656903266907,10.088459968566895,0.0454254150390625,9.800445556640625,0.25309303402900696,-10.0,-9.880027770996094,14.67492389678955,2.0,2.0,17.789152145385742,0.30357420444488525,0.28977540135383606,0.30357420444488525,0.29744139313697815,0.0,0.30469265580177307,0.30469265580177307,0.30469265580177307,0.30469265580177307,0.0,-0.959823727607727,0.6948122978210449,-10.72630786895752,0.0,0.0,0.0,0.0,0.0,0.0,0.0,0.0,0.0,0.0,0.0,0.0,0.0,0.0,0.0,0.30469274520874023,0.30469274520874023,0.304692804813385,0.30469274520874023,0.33220455050468445,0.04114978387951851,0.04114978387951851,0.39053526520729065,0.4118903577327728,1.074061632156372,1.191715955734253,0.0,0.0,0.0,0.0,0.0,0.0,0.0
73127619340,0,-0.02080148085951805,-0.14620105922222137,-0.12788167595863342,-0.02080148085951805,-0.14620105922222137,-0.8278816938400269,-0.017328975722193718,0.00655400799587369,0.007293109316378832,0.0,0.0,0.0,-0.012481643818318844,-0.019522257149219513,-0.010293465107679367,0.0,0.0,-0.010293466039001942,0.064394012093544,0.05026323348283768,0.02934996411204338,0.09827778488397598,0.15551410615444183,5.098217661725357e-05,0.0,0.0,0.0,-0.23287656903266907,10.088459968566895,0.0454254150390625,9.800445556640625,0.25309303402900696,-10.0,-9.880027770996094,14.67492389678955,2.0,2.0,17.789152145385742,0.30357420444488525,0.28977540135383606,0.30357420444488525,0.29744139313697815,0.0,0.30469265580177307,0.30469265580177307,0.30469265580177307,0.30469265580177307,0.0,-0.959823727607727,0.6948122978210449,-10.72630786895752,0.0,0.0,0.0,0.0,0.0,0.0,0.0,0.0,0.0,0.0,0.0,0.0,0.0,0.0,0.0,0.30469274520874023,0.30469274520874023,0.304692804813385,0.30469274520874023,0.33220455050468445,0.04114978387951851,0.04114978387951851,0.39053526520729065,0.4118903577327728,1.074061632156372,1.191715955734253,0.0,0.0,0.0,0.0,0.0,0.0,0.0
73127647014,0,-0.02080148085951805,-0.14620105922222137,-0.12788167595863342,-0.02080148085951805,-0.14620105922222137,-0.8278816938400269,-0.017328975722193718,0.00655400799587369,0.007293109316378832,0.0,0.0,0.0,-0.012481643818318844,-0.019522257149219513,-0.010293465107679367,0.0,0.0,-0.010293466039001942,0.064394012093544,0.05026323348283768,0.02934996411204338,0.09827778488397598,0.15551410615444183,5.098217661725357e-05,0.0,0.0,0.0,-0.23287656903266907,10.088459968566895,0.0454254150390625,9.800445556640625,0.25309303402900696,-10.0,-9.880027770996094,14.67492389678955,2.0,2.0,17.789152145385742,0.30357420444488525,0.28977540135383606,0.30357420444488525,0.29744139313697815,0.0,0.30469265580177307,0.30469265580177307,0.30469265580177307,0.30469265580177307,0.0,-0.959823727607727,0.6948122978210449,-10.72630786895752,0.0,0.0,0.0,0.0,0.0,0.0,0.0,0.0,0.0,0.0,0.0,0.0,0.0,0.0,0.0,0.30469274520874023,0.30469274520874023,0.304692804813385,0.30469274520874023,0.33220455050468445,0.04114978387951851,0.04114978387951851,0.39053526520729065,0.4118903577327728,1.074061632156372,1.191715955734253,0.0,0.0,0.0,0.0,0.0,0.0,0.0
73130008493,0,-0.02080148085951805,-0.14620105922222137,-0.12788167595863342,-0.02080148085951805,-0.14620105922222137,-0.8278816938400269,-0.017328975722193718,0.00655400799587369,0.007293109316378832,0.0,0.0,0.0,-0.012481643818318844,-0.019522257149219513,-0.010293465107679367,0.0,0.0,-0.010293466039001942,0.064394012093544,0.05026323348283768,0.02934996411204338,0.09827778488397598,0.15551410615444183,5.098217661725357e-05,0.0,0.0,0.0,-0.23287656903266907,10.088459968566895,0.0454254150390625,9.800445556640625,0.25309303402900696,-10.0,-9.880027770996094,14.67492389678955,2.0,2.0,17.789152145385742,0.30357420444488525,0.28977540135383606,0.30357420444488525,0.29590821266174316,0.0,0.30469265580177307,0.30469265580177307,0.30469265580177307,0.30469265580177307,0.0,-0.959823727607727,0.6948122978210449,-10.72630786895752,0.0,0.0,0.0,0.0,0.0,0.0,0.0,0.0,0.0,0.0,0.0,0.0,0.0,0.0,0.0,0.30469274520874023,0.30469274520874023,0.304692804813385,0.30469274520874023,0.33220455050468445,0.04114978387951851,0.04114978387951851,0.39053526520729065,0.4118903577327728,1.074061632156372,1.191715955734253,0.0,0.0,0.0,0.0,0.0,0.0,0.0
73138048909,0,-0.02080148085951805,-0.14620105922222137,-0.12788167595863342,-0.02080148085951805,-0.14620105922222137,-0.8278816938400269,-0.017328975722193718,0.00655400799587369,0.007293109316378832,0.0,0.0,0.0,-0.012481643818318844,-0.019522257149219513,-0.010293465107679367,0.0,0.0,-0.010293466039001942,0.064394012093544,0.05026323348283768,0.02934996411204338,0.09827778488397598,0.15551410615444183,5.098217661725357e-05,0.0,0.0,0.0,-0.23287656903266907,10.088459968566895,0.0454254150390625,9.800445556640625,0.25309303402900696,-10.0,-9.880027770996094,14.67492389678955,2.0,2.0,17.789152145385742,0.30357420444488525,0.28977540135383606,0.30357420444488525,0.29744139313697815,0.0,0.30469265580177307,0.30469265580177307,0.30469265580177307,0.30469265580177307,0.0,-0.959823727607727,0.6948122978210449,-10.72630786895752,0.0,0.0,0.0,0.0,0.0,0.0,0.0,0.0,0.0,0.0,0.0,0.0,0.0,0.0,0.0,0.30469274520874023,0.30469274520874023,0.304692804813385,0.30469274520874023,0.33220455050468445,0.04114978387951851,0.04114978387951851,0.39053526520729065,0.4118903577327728,1.074061632156372,1.191715955734253,0.0,0.0,0.0,0.0,0.0,0.0,0.0
73147570796,0,-0.02080148085951805,-0.14620105922222137,-0.12788167595863342,-0.02080148085951805,-0.14620105922222137,-0.8278816938400269,-0.017328975722193718,0.00655400799587369,0.007293109316378832,0.0,0.0,0.0,-0.012481643818318844,-0.019522257149219513,-0.010293465107679367,0.0,0.0,-0.010293466039001942,0.064394012093544,0.05026323348283768,0.02934996411204338,0.09827778488397598,0.15551410615444183,5.098217661725357e-05,0.0,0.0,0.0,-0.23287656903266907,10.088459968566895,0.0454254150390625,9.800445556640625,0.25309303402900696,-10.0,-9.880027770996094,14.67492389678955,2.0,2.0,17.789152145385742,0.30357420444488525,0.28977540135383606,0.30357420444488525,0.29744139313697815,0.0,0.30469265580177307,0.30469265580177307,0.30469265580177307,0.30469265580177307,0.0,-0.959823727607727,0.6948122978210449,-10.72630786895752,0.0,0.0,0.0,0.0,0.0,0.0,0.0,0.0,0.0,0.0,0.0,0.0,0.0,0.0,0.0,0.30469274520874023,0.30469274520874023,0.304692804813385,0.30469274520874023,0.33220455050468445,0.04114978387951851,0.04114978387951851,0.39053526520729065,0.4118903577327728,1.074061632156372,1.191715955734253,0.0,0.0,0.0,0.0,0.0,0.0,0.0
73159080088,0,-0.02080148085951805,-0.14620105922222137,-0.12788167595863342,-0.02080148085951805,-0.14620105922222137,-0.8278816938400269,-0.017328975722193718,0.00655400799587369,0.007293109316378832,0.0,0.0,0.0,-0.012481643818318844,-0.019522257149219513,-0.010293465107679367,0.0,0.0,-0.010293466039001942,0.064394012093544,0.05026323348283768,0.02934996411204338,0.09827778488397598,0.15551410615444183,5.098217661725357e-05,0.0,0.0,0.0,-0.23287656903266907,10.088459968566895,0.0454254150390625,9.800445556640625,0.25309303402900696,-10.0,-9.880027770996094,14.67492389678955,2.0,2.0,17.789152145385742,0.30357420444488525,0.28977540135383606,0.30357420444488525,0.29744139313697815,0.0,0.30469265580177307,0.30469265580177307,0.30469265580177307,0.30469265580177307,0.0,-0.959823727607727,0.6948122978210449,-10.72630786895752,0.0,0.0,0.0,0.0,0.0,0.0,0.0,0.0,0.0,0.0,0.0,0.0,0.0,0.0,0.0,0.30469274520874023,0.30469274520874023,0.304692804813385,0.30469274520874023,0.33220455050468445,0.04114978387951851,0.04114978387951851,0.39053526520729065,0.4118903577327728,1.074061632156372,1.191715955734253,0.0,0.0,0.0,0.0,0.0,0.0,0.0
73167697359,0,-0.02080148085951805,-0.14620105922222137,-0.12788167595863342,-0.02080148085951805,-0.14620105922222137,-0.8278816938400269,-0.017328975722193718,0.00655400799587369,0.007293109316378832,0.0,0.0,0.0,-0.012481643818318844,-0.019522257149219513,-0.010293465107679367,0.0,0.0,-0.010293466039001942,0.064394012093544,0.05026323348283768,0.02934996411204338,0.09827778488397598,0.15551410615444183,5.098217661725357e-05,0.0,0.0,0.0,-0.23287656903266907,10.088459968566895,0.0454254150390625,9.800445556640625,0.25309303402900696,-10.0,-9.880027770996094,14.67492389678955,2.0,2.0,17.789152145385742,0.30357420444488525,0.28977540135383606,0.30357420444488525,0.29590821266174316,0.0,0.30469265580177307,0.30469265580177307,0.30469265580177307,0.30469265580177307,0.0,-0.959823727607727,0.6948122978210449,-10.72630786895752,0.0,0.0,0.0,0.0,0.0,0.0,0.0,0.0,0.0,0.0,0.0,0.0,0.0,0.0,0.0,0.30469274520874023,0.30469274520874023,0.304692804813385,0.30469274520874023,0.33220455050468445,0.04114978387951851,0.04114978387951851,0.39053526520729065,0.4118903577327728,1.074061632156372,1.191715955734253,0.0,0.0,0.0,0.0,0.0,0.0,0.0
73182705661,0,-0.02080148085951805,-0.14620105922222137,-0.12788167595863342,-0.02080148085951805,-0.14620105922222137,-0.8278816938400269,-0.017328975722193718,0.00655400799587369,0.007293109316378832,0.0,0.0,0.0,-0.012481643818318844,-0.019522257149219513,-0.010293465107679367,0.0,0.0,-0.010293466039001942,0.064394012093544,0.05026323348283768,0.02934996411204338,0.09827778488397598,0.15551410615444183,5.098217661725357e-05,0.0,0.0,0.0,-0.23287656903266907,10.088459968566895,0.0454254150390625,9.800445556640625,0.25309303402900696,-10.0,-9.880027770996094,14.67492389678955,2.0,2.0,17.789152145385742,0.30357420444488525,0.28977540135383606,0.30357420444488525,0.29590821266174316,0.0,0.30469265580177307,0.30469265580177307,0.30469265580177307,0.30469265580177307,0.0,-0.959823727607727,0.6948122978210449,-10.72630786895752,0.0,0.0,0.0,0.0,0.0,0.0,0.0,0.0,0.0,0.0,0.0,0.0,0.0,0.0,0.0,0.30469274520874023,0.30469274520874023,0.304692804813385,0.30469274520874023,0.33220455050468445,0.04114978387951851,0.04114978387951851,0.39053526520729065,0.4118903577327728,1.074061632156372,1.191715955734253,0.0,0.0,0.0,0.0,0.0,0.0,0.0
73187577565,0,-0.02080148085951805,-0.14620105922222137,-0.12788167595863342,-0.02080148085951805,-0.14620105922222137,-0.8278816938400269,-0.017328975722193718,0.00655400799587369,0.007293109316378832,0.0,0.0,0.0,-0.012481643818318844,-0.019522257149219513,-0.010293465107679367,0.0,0.0,-0.010293466039001942,0.064394012093544,0.05026323348283768,0.02934996411204338,0.09827778488397598,0.15551410615444183,5.098217661725357e-05,0.0,0.0,0.0,-0.23287656903266907,10.088459968566895,0.0454254150390625,9.800445556640625,0.25309303402900696,-10.0,-9.880027770996094,14.67492389678955,2.0,2.0,17.789152145385742,0.30357420444488525,0.28977540135383606,0.30357420444488525,0.29590821266174316,0.0,0.30469265580177307,0.30469265580177307,0.30469265580177307,0.30469265580177307,0.0,-0.959823727607727,0.6948122978210449,-10.72630786895752,0.0,0.0,0.0,0.0,0.0,0.0,0.0,0.0,0.0,0.0,0.0,0.0,0.0,0.0,0.0,0.30469274520874023,0.30469274520874023,0.304692804813385,0.30469274520874023,0.33220455050468445,0.04114978387951851,0.04114978387951851,0.39053526520729065,0.4118903577327728,1.074061632156372,1.191715955734253,0.0,0.0,0.0,0.0,0.0,0.0,0.0
73197482287,0,-0.02080148085951805,-0.14620105922222137,-0.12788167595863342,-0.02080148085951805,-0.14620105922222137,-0.8278816938400269,-0.017328975722193718,0.00655400799587369,0.007293109316378832,0.0,0.0,0.0,-0.012481643818318844,-0.019522257149219513,-0.010293465107679367,0.0,0.0,-0.010293466039001942,0.064394012093544,0.05026323348283768,0.02934996411204338,0.09827778488397598,0.15551410615444183,5.098217661725357e-05,0.0,0.0,0.0,-0.23287656903266907,10.088459968566895,0.0454254150390625,9.800445556640625,0.25309303402900696,-10.0,-9.880027770996094,14.67492389678955,2.0,2.0,17.789152145385742,0.30357420444488525,0.28977540135383606,0.30357420444488525,0.29744139313697815,0.0,0.30469265580177307,0.30469265580177307,0.30469265580177307,0.30469265580177307,0.0,-0.959823727607727,0.6948122978210449,-10.72630786895752,0.0,0.0,0.0,0.0,0.0,0.0,0.0,0.0,0.0,0.0,0.0,0.0,0.0,0.0,0.0,0.30469274520874023,0.30469274520874023,0.304692804813385,0.30469274520874023,0.33220455050468445,0.04114978387951851,0.04114978387951851,0.39053526520729065,0.4118903577327728,1.074061632156372,1.191715955734253,0.0,0.0,0.0,0.0,0.0,0.0,0.0
73210028143,0,-0.02080148085951805,-0.14620105922222137,-0.12788167595863342,-0.02080148085951805,-0.14620105922222137,-0.8278816938400269,-0.017328975722193718,0.00655400799587369,0.007293109316378832,0.0,0.0,0.0,-0.012481643818318844,-0.019522257149219513,-0.010293465107679367,0.0,0.0,-0.010293466039001942,0.064394012093544,0.05026323348283768,0.02934996411204338,0.09827778488397598,0.15551410615444183,5.098217661725357e-05,0.0,0.0,0.0,-0.23287656903266907,10.088459968566895,0.0454254150390625,9.800445556640625,0.25309303402900696,-10.0,-9.880027770996094,14.67492389678955,2.0,2.0,17.789152145385742,0.30357420444488525,0.28977540135383606,0.30357420444488525,0.29744139313697815,0.0,0.30469265580177307,0.30469265580177307,0.30469265580177307,0.30469265580177307,0.0,-0.959823727607727,0.6948122978210449,-10.72630786895752,0.0,0.0,0.0,0.0,0.0,0.0,0.0,0.0,0.0,0.0,0.0,0.0,0.0,0.0,0.0,0.30469274520874023,0.30469274520874023,0.304692804813385,0.30469274520874023,0.33220455050468445,0.04114978387951851,0.04114978387951851,0.39053526520729065,0.4118903577327728,1.074061632156372,1.191715955734253,0.0,0.0,0.0,0.0,0.0,0.0,0.0
73222500034,0,-0.02080148085951805,-0.14620105922222137,-0.12788167595863342,-0.02080148085951805,-0.14620105922222137,-0.8278816938400269,-0.017328975722193718,0.00655400799587369,0.007293109316378832,0.0,0.0,0.0,-0.012481643818318844,-0.019522257149219513,-0.010293465107679367,0.0,0.0,-0.010293466039001942,0.064394012093544,0.05026323348283768,0.02934996411204338,0.09827778488397598,0.15551410615444183,5.098217661725357e-05,0.0,0.0,0.0,-0.23287656903266907,10.088459968566895,0.0454254150390625,9.800445556640625,0.25309303402900696,-10.0,-9.880027770996094,14.67492389678955,2.0,2.0,17.789152145385742,0.30357420444488525,0.28977540135383606,0.30357420444488525,0.29590821266174316,0.0,0.30469265580177307,0.30469265580177307,0.30469265580177307,0.30469265580177307,0.0,-0.959823727607727,0.6948122978210449,-10.72630786895752,0.0,0.0,0.0,0.0,0.0,0.0,0.0,0.0,0.0,0.0,0.0,0.0,0.0,0.0,0.0,0.30469274520874023,0.30469274520874023,0.304692804813385,0.30469274520874023,0.33220455050468445,0.04114978387951851,0.04114978387951851,0.39053526520729065,0.4118903577327728,1.074061632156372,1.191715955734253,0.0,0.0,0.0,0.0,0.0,0.0,0.0
73230894513,0,-0.02080148085951805,-0.14620105922222137,-0.12788167595863342,-0.02080148085951805,-0.14620105922222137,-0.8278816938400269,-0.017328975722193718,0.00655400799587369,0.007293109316378832,0.0,0.0,0.0,-0.012481643818318844,-0.019522257149219513,-0.010293465107679367,0.0,0.0,-0.010293466039001942,0.064394012093544,0.05026323348283768,0.02934996411204338,0.09827778488397598,0.15551410615444183,5.098217661725357e-05,0.0,0.0,0.0,-0.23287656903266907,10.088459968566895,0.0454254150390625,9.800445556640625,0.25309303402900696,-10.0,-9.880027770996094,14.67492389678955,2.0,2.0,17.789152145385742,0.30357420444488525,0.28977540135383606,0.30357420444488525,0.29744139313697815,0.0,0.30469265580177307,0.30469265580177307,0.30469265580177307,0.30469265580177307,0.0,-0.959823727607727,0.6948122978210449,-10.72630786895752,0.0,0.0,0.0,0.0,0.0,0.0,0.0,0.0,0.0,0.0,0.0,0.0,0.0,0.0,0.0,0.30469274520874023,0.30469274520874023,0.304692804813385,0.30469274520874023,0.33220455050468445,0.04114978387951851,0.04114978387951851,0.39053526520729065,0.4118903577327728,1.074061632156372,1.191715955734253,0.0,0.0,0.0,0.0,0.0,0.0,0.0
73237758550,0,-0.02080148085951805,-0.14620105922222137,-0.12788167595863342,-0.02080148085951805,-0.14620105922222137,-0.8278816938400269,-0.017328975722193718,0.00655400799587369,0.007293109316378832,0.0,0.0,0.0,-0.012481643818318844,-0.019522257149219513,-0.010293465107679367,0.0,0.0,-0.010293466039001942,0.064394012093544,0.05026323348283768,0.02934996411204338,0.09827778488397598,0.15551410615444183,5.098217661725357e-05,0.0,0.0,0.0,-0.23287656903266907,10.088459968566895,0.0454254150390625,9.800445556640625,0.25309303402900696,-10.0,-9.880027770996094,14.67492389678955,2.0,2.0,17.789152145385742,0.30357420444488525,0.28977540135383606,0.30357420444488525,0.29744139313697815,0.0,0.30469265580177307,0.30469265580177307,0.30469265580177307,0.30469265580177307,0.0,-0.959823727607727,0.6948122978210449,-10.72630786895752,0.0,0.0,0.0,0.0,0.0,0.0,0.0,0.0,0.0,0.0,0.0,0.0,0.0,0.0,0.0,0.30469274520874023,0.30469274520874023,0.304692804813385,0.30469274520874023,0.33220455050468445,0.04114978387951851,0.04114978387951851,0.39053526520729065,0.4118903577327728,1.074061632156372,1.191715955734253,0.0,0.0,0.0,0.0,0.0,0.0,0.0
73247506993,0,-0.02080148085951805,-0.14620105922222137,-0.12788167595863342,-0.02080148085951805,-0.14620105922222137,-0.8278816938400269,-0.017328975722193718,0.00655400799587369,0.007293109316378832,0.0,0.0,0.0,-0.012481643818318844,-0.019522257149219513,-0.010293465107679367,0.0,0.0,-0.010293466039001942,0.064394012093544,0.05026323348283768,0.02934996411204338,0.09827778488397598,0.15551410615444183,5.098217661725357e-05,0.0,0.0,0.0,-0.23287656903266907,10.088459968566895,0.0454254150390625,9.800445556640625,0.25309303402900696,-10.0,-9.880027770996094,14.67492389678955,2.0,2.0,17.789152145385742,0.30357420444488525,0.28977540135383606,0.30357420444488525,0.29744139313697815,0.0,0.30469265580177307,0.30469265580177307,0.30469265580177307,0.30469265580177307,0.0,-0.959823727607727,0.6948122978210449,-10.72630786895752,0.0,0.0,0.0,0.0,0.0,0.0,0.0,0.0,0.0,0.0,0.0,0.0,0.0,0.0,0.0,0.30469274520874023,0.30469274520874023,0.304692804813385,0.30469274520874023,0.33220455050468445,0.04114978387951851,0.04114978387951851,0.39053526520729065,0.4118903577327728,1.074061632156372,1.191715955734253,0.0,0.0,0.0,0.0,0.0,0.0,0.0
73258420254,0,-0.02080148085951805,-0.14620105922222137,-0.12788167595863342,-0.02080148085951805,-0.14620105922222137,-0.8278816938400269,-0.017328975722193718,0.00655400799587369,0.007293109316378832,0.0,0.0,0.0,-0.012481643818318844,-0.019522257149219513,-0.010293465107679367,0.0,0.0,-0.010293466039001942,0.064394012093544,0.05026323348283768,0.02934996411204338,0.09827778488397598,0.15551410615444183,5.098217661725357e-05,0.0,0.0,0.0,-0.23287656903266907,10.088459968566895,0.0454254150390625,9.800445556640625,0.25309303402900696,-10.0,-9.880027770996094,14.67492389678955,2.0,2.0,17.789152145385742,0.30357420444488525,0.28977540135383606,0.30357420444488525,0.29744139313697815,0.0,0.30469265580177307,0.30469265580177307,0.30469265580177307,0.30469265580177307,0.0,-0.959823727607727,0.6948122978210449,-10.72630786895752,0.0,0.0,0.0,0.0,0.0,0.0,0.0,0.0,0.0,0.0,0.0,0.0,0.0,0.0,0.0,0.30469274520874023,0.30469274520874023,0.304692804813385,0.30469274520874023,0.33220455050468445,0.04114978387951851,0.04114978387951851,0.39053526520729065,0.4118903577327728,1.074061632156372,1.191715955734253,0.0,0.0,0.0,0.0,0.0,0.0,0.0
73267796491,0,-0.02080148085951805,-0.14620105922222137,-0.12788167595863342,-0.02080148085951805,-0.14620105922222137,-0.8278816938400269,-0.017328975722193718,0.00655400799587369,0.007293109316378832,0.0,0.0,0.0,-0.012481643818318844,-0.019522257149219513,-0.010293465107679367,0.0,0.0,-0.010293466039001942,0.064394012093544,0.05026323348283768,0.02934996411204338,0.09827778488397598,0.15551410615444183,5.098217661725357e-05,0.0,0.0,0.0,-0.23287656903266907,10.088459968566895,0.0454254150390625,9.800445556640625,0.25309303402900696,-10.0,-9.880027770996094,14.67492389678955,2.0,2.0,17.789152145385742,0.30357420444488525,0.28977540135383606,0.30357420444488525,0.29744139313697815,0.0,0.30469265580177307,0.30469265580177307,0.30469265580177307,0.30469265580177307,0.0,-0.959823727607727,0.6948122978210449,-10.72630786895752,0.0,0.0,0.0,0.0,0.0,0.0,0.0,0.0,0.0,0.0,0.0,0.0,0.0,0.0,0.0,0.30469274520874023,0.30469274520874023,0.304692804813385,0.30469274520874023,0.33220455050468445,0.04114978387951851,0.04114978387951851,0.39053526520729065,0.4118903577327728,1.074061632156372,1.191715955734253,0.0,0.0,0.0,0.0,0.0,0.0,0.0
73277930176,0,-0.02080148085951805,-0.14620105922222137,-0.12788167595863342,-0.02080148085951805,-0.14620105922222137,-0.8278816938400269,-0.017328975722193718,0.00655400799587369,0.007293109316378832,0.0,0.0,0.0,-0.012481643818318844,-0.019522257149219513,-0.010293465107679367,0.0,0.0,-0.010293466039001942,0.064394012093544,0.05026323348283768,0.02934996411204338,0.09827778488397598,0.15551410615444183,5.098217661725357e-05,0.0,0.0,0.0,-0.23287656903266907,10.088459968566895,0.0454254150390625,9.800445556640625,0.25309303402900696,-10.0,-9.880027770996094,14.67492389678955,2.0,2.0,17.789152145385742,0.30357420444488525,0.28977540135383606,0.30357420444488525,0.29744139313697815,0.0,0.30469265580177307,0.30469265580177307,0.30469265580177307,0.30469265580177307,0.0,-0.959823727607727,0.6948122978210449,-10.72630786895752,0.0,0.0,0.0,0.0,0.0,0.0,0.0,0.0,0.0,0.0,0.0,0.0,0.0,0.0,0.0,0.30469274520874023,0.30469274520874023,0.304692804813385,0.30469274520874023,0.33220455050468445,0.04114978387951851,0.04114978387951851,0.39053526520729065,0.4118903577327728,1.074061632156372,1.191715955734253,0.0,0.0,0.0,0.0,0.0,0.0,0.0
73287958319,0,-0.02080148085951805,-0.14620105922222137,-0.12788167595863342,-0.02080148085951805,-0.14620105922222137,-0.8278816938400269,-0.017328975722193718,0.00655400799587369,0.007293109316378832,0.0,0.0,0.0,-0.012481643818318844,-0.019522257149219513,-0.010293465107679367,0.0,0.0,-0.010293466039001942,0.064394012093544,0.05026323348283768,0.02934996411204338,0.09827778488397598,0.15551410615444183,5.098217661725357e-05,0.0,0.0,0.0,-0.23287656903266907,10.088459968566895,0.0454254150390625,9.800445556640625,0.25309303402900696,-10.0,-9.880027770996094,14.67492389678955,2.0,2.0,17.789152145385742,0.30357420444488525,0.28977540135383606,0.30357420444488525,0.29744139313697815,0.0,0.30469265580177307,0.30469265580177307,0.30469265580177307,0.30469265580177307,0.0,-0.959823727607727,0.6948122978210449,-10.72630786895752,0.0,0.0,0.0,0.0,0.0,0.0,0.0,0.0,0.0,0.0,0.0,0.0,0.0,0.0,0.0,0.30469274520874023,0.30469274520874023,0.304692804813385,0.30469274520874023,0.33220455050468445,0.04114978387951851,0.04114978387951851,0.39053526520729065,0.4118903577327728,1.074061632156372,1.191715955734253,0.0,0.0,0.0,0.0,0.0,0.0,0.0
73298835255,0,-0.02080148085951805,-0.14620105922222137,-0.12788167595863342,-0.02080148085951805,-0.14620105922222137,-0.8278816938400269,-0.017328975722193718,0.00655400799587369,0.007293109316378832,0.0,0.0,0.0,-0.012481643818318844,-0.019522257149219513,-0.010293465107679367,0.0,0.0,-0.010293466039001942,0.064394012093544,0.05026323348283768,0.02934996411204338,0.09827778488397598,0.15551410615444183,5.098217661725357e-05,0.0,0.0,0.0,-0.23287656903266907,10.088459968566895,0.0454254150390625,9.800445556640625,0.25309303402900696,-10.0,-9.880027770996094,14.67492389678955,2.0,2.0,17.789152145385742,0.30357420444488525,0.28977540135383606,0.30357420444488525,0.29744139313697815,0.0,0.30469265580177307,0.30469265580177307,0.30469265580177307,0.30469265580177307,0.0,-0.959823727607727,0.6948122978210449,-10.72630786895752,0.0,0.0,0.0,0.0,0.0,0.0,0.0,0.0,0.0,0.0,0.0,0.0,0.0,0.0,0.0,0.30469274520874023,0.30469274520874023,0.304692804813385,0.30469274520874023,0.33220455050468445,0.04114978387951851,0.04114978387951851,0.39053526520729065,0.4118903577327728,1.074061632156372,1.191715955734253,0.0,0.0,0.0,0.0,0.0,0.0,0.0
73307475700,0,-0.02080148085951805,-0.14620105922222137,-0.12788167595863342,-0.02080148085951805,-0.14620105922222137,-0.8278816938400269,-0.017328975722193718,0.00655400799587369,0.007293109316378832,0.0,0.0,0.0,-0.012481643818318844,-0.019522257149219513,-0.010293465107679367,0.0,0.0,-0.010293466039001942,0.064394012093544,0.05026323348283768,0.02934996411204338,0.09827778488397598,0.15551410615444183,5.098217661725357e-05,0.0,0.0,0.0,-0.23287656903266907,10.088459968566895,0.0454254150390625,9.800445556640625,0.25309303402900696,-10.0,-9.880027770996094,14.67492389678955,2.0,2.0,17.789152145385742,0.30357420444488525,0.28977540135383606,0.30357420444488525,0.29590821266174316,0.0,0.30469265580177307,0.30469265580177307,0.30469265580177307,0.30469265580177307,0.0,-0.959823727607727,0.6948122978210449,-10.72630786895752,0.0,0.0,0.0,0.0,0.0,0.0,0.0,0.0,0.0,0.0,0.0,0.0,0.0,0.0,0.0,0.30469274520874023,0.30469274520874023,0.304692804813385,0.30469274520874023,0.33220455050468445,0.04114978387951851,0.04114978387951851,0.39053526520729065,0.4118903577327728,1.074061632156372,1.191715955734253,0.0,0.0,0.0,0.0,0.0,0.0,0.0
73318300412,0,-0.02080148085951805,-0.14620105922222137,-0.12788167595863342,-0.02080148085951805,-0.14620105922222137,-0.8278816938400269,-0.017328975722193718,0.00655400799587369,0.007293109316378832,0.0,0.0,0.0,-0.012481643818318844,-0.019522257149219513,-0.010293465107679367,0.0,0.0,-0.010293466039001942,0.064394012093544,0.05026323348283768,0.02934996411204338,0.09827778488397598,0.15551410615444183,5.098217661725357e-05,0.0,0.0,0.0,-0.23287656903266907,10.088459968566895,0.0454254150390625,9.800445556640625,0.25309303402900696,-10.0,-9.880027770996094,14.67492389678955,2.0,2.0,17.789152145385742,0.30357420444488525,0.28977540135383606,0.30357420444488525,0.29744139313697815,0.0,0.30469265580177307,0.30469265580177307,0.30469265580177307,0.30469265580177307,0.0,-0.959823727607727,0.6948122978210449,-10.72630786895752,0.0,0.0,0.0,0.0,0.0,0.0,0.0,0.0,0.0,0.0,0.0,0.0,0.0,0.0,0.0,0.30469274520874023,0.30469274520874023,0.304692804813385,0.30469274520874023,0.33220455050468445,0.04114978387951851,0.04114978387951851,0.39053526520729065,0.4118903577327728,1.074061632156372,1.191715955734253,0.0,0.0,0.0,0.0,0.0,0.0,0.0
73332537728,0,-0.02080148085951805,-0.14620105922222137,-0.12788167595863342,-0.02080148085951805,-0.14620105922222137,-0.8278816938400269,-0.017328975722193718,0.00655400799587369,0.007293109316378832,0.0,0.0,0.0,-0.012481643818318844,-0.019522257149219513,-0.010293465107679367,0.0,0.0,-0.010293466039001942,0.064394012093544,0.05026323348283768,0.02934996411204338,0.09827778488397598,0.15551410615444183,5.098217661725357e-05,0.0,0.0,0.0,-0.23287656903266907,10.088459968566895,0.0454254150390625,9.800445556640625,0.25309303402900696,-10.0,-9.880027770996094,14.67492389678955,2.0,2.0,17.789152145385742,0.30357420444488525,0.28977540135383606,0.30357420444488525,0.29744139313697815,0.0,0.30469265580177307,0.30469265580177307,0.30469265580177307,0.30469265580177307,0.0,-0.959823727607727,0.6948122978210449,-10.72630786895752,0.0,0.0,0.0,0.0,0.0,0.0,0.0,0.0,0.0,0.0,0.0,0.0,0.0,0.0,0.0,0.30469274520874023,0.30469274520874023,0.304692804813385,0.30469274520874023,0.33220455050468445,0.04114978387951851,0.04114978387951851,0.39053526520729065,0.4118903577327728,1.074061632156372,1.191715955734253,0.0,0.0,0.0,0.0,0.0,0.0,0.0
73338083059,0,-0.02080148085951805,-0.14620105922222137,-0.12788167595863342,-0.02080148085951805,-0.14620105922222137,-0.8278816938400269,-0.017328975722193718,0.00655400799587369,0.007293109316378832,0.0,0.0,0.0,-0.012481643818318844,-0.019522257149219513,-0.010293465107679367,0.0,0.0,-0.010293466039001942,0.064394012093544,0.05026323348283768,0.02934996411204338,0.09827778488397598,0.15551410615444183,5.098217661725357e-05,0.0,0.0,0.0,-0.23287656903266907,10.088459968566895,0.0454254150390625,9.800445556640625,0.25309303402900696,-10.0,-9.880027770996094,14.67492389678955,2.0,2.0,17.789152145385742,0.30357420444488525,0.28977540135383606,0.30357420444488525,0.29744139313697815,0.0,0.30469265580177307,0.30469265580177307,0.30469265580177307,0.30469265580177307,0.0,-0.959823727607727,0.6948122978210449,-10.72630786895752,0.0,0.0,0.0,0.0,0.0,0.0,0.0,0.0,0.0,0.0,0.0,0.0,0.0,0.0,0.0,0.30469274520874023,0.30469274520874023,0.304692804813385,0.30469274520874023,0.33220455050468445,0.04114978387951851,0.04114978387951851,0.39053526520729065,0.4118903577327728,1.074061632156372,1.191715955734253,0.0,0.0,0.0,0.0,0.0,0.0,0.0
73354687146,0,-0.02080148085951805,-0.14620105922222137,-0.12788167595863342,-0.02080148085951805,-0.14620105922222137,-0.8278816938400269,-0.017328975722193718,0.00655400799587369,0.007293109316378832,0.0,0.0,0.0,-0.012481643818318844,-0.019522257149219513,-0.010293465107679367,0.0,0.0,-0.010293466039001942,0.064394012093544,0.05026323348283768,0.02934996411204338,0.09827778488397598,0.15551410615444183,5.098217661725357e-05,0.0,0.0,0.0,-0.23287656903266907,10.088459968566895,0.0454254150390625,9.800445556640625,0.25309303402900696,-10.0,-9.880027770996094,14.67492389678955,2.0,2.0,17.789152145385742,0.30357420444488525,0.28977540135383606,0.30357420444488525,0.29744139313697815,0.0,0.30469265580177307,0.30469265580177307,0.30469265580177307,0.30469265580177307,0.0,-0.959823727607727,0.6948122978210449,-10.72630786895752,0.0,0.0,0.0,0.0,0.0,0.0,0.0,0.0,0.0,0.0,0.0,0.0,0.0,0.0,0.0,0.30469274520874023,0.30469274520874023,0.304692804813385,0.30469274520874023,0.33220455050468445,0.04114978387951851,0.04114978387951851,0.39053526520729065,0.4118903577327728,1.074061632156372,1.191715955734253,0.0,0.0,0.0,0.0,0.0,0.0,0.0
73359129703,0,-0.02080148085951805,-0.14620105922222137,-0.12788167595863342,-0.02080148085951805,-0.14620105922222137,-0.8278816938400269,-0.017328975722193718,0.00655400799587369,0.007293109316378832,0.0,0.0,0.0,-0.012481643818318844,-0.019522257149219513,-0.010293465107679367,0.0,0.0,-0.010293466039001942,0.064394012093544,0.05026323348283768,0.02934996411204338,0.09827778488397598,0.15551410615444183,5.098217661725357e-05,0.0,0.0,0.0,-0.23287656903266907,10.088459968566895,0.0454254150390625,9.800445556640625,0.25309303402900696,-10.0,-9.880027770996094,14.67492389678955,2.0,2.0,17.789152145385742,0.30357420444488525,0.28977540135383606,0.30357420444488525,0.29744139313697815,0.0,0.30469265580177307,0.30469265580177307,0.30469265580177307,0.30469265580177307,0.0,-0.959823727607727,0.6948122978210449,-10.72630786895752,0.0,0.0,0.0,0.0,0.0,0.0,0.0,0.0,0.0,0.0,0.0,0.0,0.0,0.0,0.0,0.30469274520874023,0.30469274520874023,0.304692804813385,0.30469274520874023,0.33220455050468445,0.04114978387951851,0.04114978387951851,0.39053526520729065,0.4118903577327728,1.074061632156372,1.191715955734253,0.0,0.0,0.0,0.0,0.0,0.0,0.0
73368545651,0,-0.02080148085951805,-0.14620105922222137,-0.12788167595863342,-0.02080148085951805,-0.14620105922222137,-0.8278816938400269,-0.017328975722193718,0.00655400799587369,0.007293109316378832,0.0,0.0,0.0,-0.012481643818318844,-0.019522257149219513,-0.010293465107679367,0.0,0.0,-0.010293466039001942,0.064394012093544,0.05026323348283768,0.02934996411204338,0.09827778488397598,0.15551410615444183,5.098217661725357e-05,0.0,0.0,0.0,-0.23287656903266907,10.088459968566895,0.0454254150390625,9.800445556640625,0.25309303402900696,-10.0,-9.880027770996094,14.67492389678955,2.0,2.0,17.789152145385742,0.30357420444488525,0.28977540135383606,0.30357420444488525,0.29744139313697815,0.0,0.30469265580177307,0.30469265580177307,0.30469265580177307,0.30469265580177307,0.0,-0.959823727607727,0.6948122978210449,-10.72630786895752,0.0,0.0,0.0,0.0,0.0,0.0,0.0,0.0,0.0,0.0,0.0,0.0,0.0,0.0,0.0,0.30469274520874023,0.30469274520874023,0.304692804813385,0.30469274520874023,0.33220455050468445,0.04114978387951851,0.04114978387951851,0.39053526520729065,0.4118903577327728,1.074061632156372,1.191715955734253,0.0,0.0,0.0,0.0,0.0,0.0,0.0
73378117389,0,-0.02080148085951805,-0.14620105922222137,-0.12788167595863342,-0.02080148085951805,-0.14620105922222137,-0.8278816938400269,-0.017328975722193718,0.00655400799587369,0.007293109316378832,0.0,0.0,0.0,-0.012481643818318844,-0.019522257149219513,-0.010293465107679367,0.0,0.0,-0.010293466039001942,0.064394012093544,0.05026323348283768,0.02934996411204338,0.09827778488397598,0.15551410615444183,5.098217661725357e-05,0.0,0.0,0.0,-0.23287656903266907,10.088459968566895,0.0454254150390625,9.800445556640625,0.25309303402900696,-10.0,-9.880027770996094,14.67492389678955,2.0,2.0,17.789152145385742,0.30357420444488525,0.28977540135383606,0.30357420444488525,0.29744139313697815,0.0,0.30469265580177307,0.30469265580177307,0.30469265580177307,0.30469265580177307,0.0,-0.959823727607727,0.6948122978210449,-10.72630786895752,0.0,0.0,0.0,0.0,0.0,0.0,0.0,0.0,0.0,0.0,0.0,0.0,0.0,0.0,0.0,0.30469274520874023,0.30469274520874023,0.304692804813385,0.30469274520874023,0.33220455050468445,0.04114978387951851,0.04114978387951851,0.39053526520729065,0.4118903577327728,1.074061632156372,1.191715955734253,0.0,0.0,0.0,0.0,0.0,0.0,0.0
73387820882,0,-0.02080148085951805,-0.14620105922222137,-0.12788167595863342,-0.02080148085951805,-0.14620105922222137,-0.8278816938400269,-0.017328975722193718,0.00655400799587369,0.007293109316378832,0.0,0.0,0.0,-0.012481643818318844,-0.019522257149219513,-0.010293465107679367,0.0,0.0,-0.010293466039001942,0.064394012093544,0.05026323348283768,0.02934996411204338,0.09827778488397598,0.15551410615444183,5.098217661725357e-05,0.0,0.0,0.0,-0.23287656903266907,10.088459968566895,0.0454254150390625,9.800445556640625,0.25309303402900696,-10.0,-9.880027770996094,14.67492389678955,2.0,2.0,17.789152145385742,0.30357420444488525,0.28977540135383606,0.30357420444488525,0.29744139313697815,0.0,0.30469265580177307,0.30469265580177307,0.30469265580177307,0.30469265580177307,0.0,-0.959823727607727,0.6948122978210449,-10.72630786895752,0.0,0.0,0.0,0.0,0.0,0.0,0.0,0.0,0.0,0.0,0.0,0.0,0.0,0.0,0.0,0.30469274520874023,0.30469274520874023,0.304692804813385,0.30469274520874023,0.33220455050468445,0.04114978387951851,0.04114978387951851,0.39053526520729065,0.4118903577327728,1.074061632156372,1.191715955734253,0.0,0.0,0.0,0.0,0.0,0.0,0.0
73397883953,0,-0.02080148085951805,-0.14620105922222137,-0.12788167595863342,-0.02080148085951805,-0.14620105922222137,-0.8278816938400269,-0.017328975722193718,0.00655400799587369,0.007293109316378832,0.0,0.0,0.0,-0.012481643818318844,-0.019522257149219513,-0.010293465107679367,0.0,0.0,-0.010293466039001942,0.064394012093544,0.05026323348283768,0.02934996411204338,0.09827778488397598,0.15551410615444183,5.098217661725357e-05,0.0,0.0,0.0,-0.23287656903266907,10.088459968566895,0.0454254150390625,9.800445556640625,0.25309303402900696,-10.0,-9.880027770996094,14.67492389678955,2.0,2.0,17.789152145385742,0.30357420444488525,0.28977540135383606,0.30357420444488525,0.29744139313697815,0.0,0.30469265580177307,0.30469265580177307,0.30469265580177307,0.30469265580177307,0.0,-0.959823727607727,0.6948122978210449,-10.72630786895752,0.0,0.0,0.0,0.0,0.0,0.0,0.0,0.0,0.0,0.0,0.0,0.0,0.0,0.0,0.0,0.30469274520874023,0.30469274520874023,0.304692804813385,0.30469274520874023,0.33220455050468445,0.04114978387951851,0.04114978387951851,0.39053526520729065,0.4118903577327728,1.074061632156372,1.191715955734253,0.0,0.0,0.0,0.0,0.0,0.0,0.0
73410715486,0,-0.02080148085951805,-0.14620105922222137,-0.12788167595863342,-0.02080148085951805,-0.14620105922222137,-0.8278816938400269,-0.017328975722193718,0.00655400799587369,0.007293109316378832,0.0,0.0,0.0,-0.012481643818318844,-0.019522257149219513,-0.010293465107679367,0.0,0.0,-0.010293466039001942,0.064394012093544,0.05026323348283768,0.02934996411204338,0.09827778488397598,0.15551410615444183,5.098217661725357e-05,0.0,0.0,0.0,-0.23287656903266907,10.088459968566895,0.0454254150390625,9.800445556640625,0.25309303402900696,-10.0,-9.880027770996094,14.67492389678955,2.0,2.0,17.789152145385742,0.30357420444488525,0.28977540135383606,0.30204102396965027,0.29744139313697815,0.0,0.30469265580177307,0.30469265580177307,0.30469265580177307,0.30469265580177307,0.0,-0.959823727607727,0.6948122978210449,-10.72630786895752,0.0,0.0,0.0,0.0,0.0,0.0,0.0,0.0,0.0,0.0,0.0,0.0,0.0,0.0,0.0,0.30469274520874023,0.30469274520874023,0.304692804813385,0.30469274520874023,0.33220455050468445,0.04114978387951851,0.04114978387951851,0.39053526520729065,0.4118903577327728,1.074061632156372,1.191715955734253,0.0,0.0,0.0,0.0,0.0,0.0,0.0
73417627644,0,-0.02080148085951805,-0.14620105922222137,-0.12788167595863342,-0.02080148085951805,-0.14620105922222137,-0.8278816938400269,-0.017328975722193718,0.00655400799587369,0.007293109316378832,0.0,0.0,0.0,-0.012481643818318844,-0.019522257149219513,-0.010293465107679367,0.0,0.0,-0.010293466039001942,0.064394012093544,0.05026323348283768,0.02934996411204338,0.09827778488397598,0.15551410615444183,5.098217661725357e-05,0.0,0.0,0.0,-0.23287656903266907,10.088459968566895,0.0454254150390625,9.800445556640625,0.25309303402900696,-10.0,-9.880027770996094,14.67492389678955,2.0,2.0,17.789152145385742,0.30357420444488525,0.28977540135383606,0.30357420444488525,0.29744139313697815,0.0,0.30469265580177307,0.30469265580177307,0.30469265580177307,0.30469265580177307,0.0,-0.959823727607727,0.6948122978210449,-10.72630786895752,0.0,0.0,0.0,0.0,0.0,0.0,0.0,0.0,0.0,0.0,0.0,0.0,0.0,0.0,0.0,0.30469274520874023,0.30469274520874023,0.304692804813385,0.30469274520874023,0.33220455050468445,0.04114978387951851,0.04114978387951851,0.39053526520729065,0.4118903577327728,1.074061632156372,1.191715955734253,0.0,0.0,0.0,0.0,0.0,0.0,0.0
73428170636,0,-0.02080148085951805,-0.14620105922222137,-0.12788167595863342,-0.02080148085951805,-0.14620105922222137,-0.8278816938400269,-0.017328975722193718,0.00655400799587369,0.007293109316378832,0.0,0.0,0.0,-0.012481643818318844,-0.019522257149219513,-0.010293465107679367,0.0,0.0,-0.010293466039001942,0.064394012093544,0.05026323348283768,0.02934996411204338,0.09827778488397598,0.15551410615444183,5.098217661725357e-05,0.0,0.0,0.0,-0.23287656903266907,10.088459968566895,0.0454254150390625,9.800445556640625,0.25309303402900696,-10.0,-9.880027770996094,14.67492389678955,2.0,2.0,17.789152145385742,0.30357420444488525,0.28977540135383606,0.30357420444488525,0.29744139313697815,0.0,0.30469265580177307,0.30469265580177307,0.30469265580177307,0.30469265580177307,0.0,-0.959823727607727,0.6948122978210449,-10.72630786895752,0.0,0.0,0.0,0.0,0.0,0.0,0.0,0.0,0.0,0.0,0.0,0.0,0.0,0.0,0.0,0.30469274520874023,0.30469274520874023,0.304692804813385,0.30469274520874023,0.33220455050468445,0.04114978387951851,0.04114978387951851,0.39053526520729065,0.4118903577327728,1.074061632156372,1.191715955734253,0.0,0.0,0.0,0.0,0.0,0.0,0.0
73437822688,0,-0.02080148085951805,-0.14620105922222137,-0.12788167595863342,-0.02080148085951805,-0.14620105922222137,-0.8278816938400269,-0.017328975722193718,0.00655400799587369,0.007293109316378832,0.0,0.0,0.0,-0.012481643818318844,-0.019522257149219513,-0.010293465107679367,0.0,0.0,-0.010293466039001942,0.064394012093544,0.05026323348283768,0.02934996411204338,0.09827778488397598,0.15551410615444183,5.098217661725357e-05,0.0,0.0,0.0,-0.23287656903266907,10.088459968566895,0.0454254150390625,9.800445556640625,0.25309303402900696,-10.0,-9.880027770996094,14.67492389678955,2.0,2.0,17.789152145385742,0.30357420444488525,0.28977540135383606,0.30357420444488525,0.29744139313697815,0.0,0.30469265580177307,0.30469265580177307,0.30469265580177307,0.30469265580177307,0.0,-0.959823727607727,0.6948122978210449,-10.72630786895752,0.0,0.0,0.0,0.0,0.0,0.0,0.0,0.0,0.0,0.0,0.0,0.0,0.0,0.0,0.0,0.30469274520874023,0.30469274520874023,0.304692804813385,0.30469274520874023,0.33220455050468445,0.04114978387951851,0.04114978387951851,0.39053526520729065,0.4118903577327728,1.074061632156372,1.191715955734253,0.0,0.0,0.0,0.0,0.0,0.0,0.0
73448636351,0,-0.02080148085951805,-0.14620105922222137,-0.12788167595863342,-0.02080148085951805,-0.14620105922222137,-0.8278816938400269,-0.017328975722193718,0.00655400799587369,0.007293109316378832,0.0,0.0,0.0,-0.012481643818318844,-0.019522257149219513,-0.010293465107679367,0.0,0.0,-0.010293466039001942,0.064394012093544,0.05026323348283768,0.02934996411204338,0.09827778488397598,0.15551410615444183,5.098217661725357e-05,0.0,0.0,0.0,-0.23287656903266907,10.088459968566895,0.0454254150390625,9.800445556640625,0.25309303402900696,-10.0,-9.880027770996094,14.67492389678955,2.0,2.0,17.789152145385742,0.30357420444488525,0.28977540135383606,0.30357420444488525,0.29744139313697815,0.0,0.30469265580177307,0.30469265580177307,0.30469265580177307,0.30469265580177307,0.0,-0.959823727607727,0.6948122978210449,-10.72630786895752,0.0,0.0,0.0,0.0,0.0,0.0,0.0,0.0,0.0,0.0,0.0,0.0,0.0,0.0,0.0,0.30469274520874023,0.30469274520874023,0.304692804813385,0.30469274520874023,0.33220455050468445,0.04114978387951851,0.04114978387951851,0.39053526520729065,0.4118903577327728,1.074061632156372,1.191715955734253,0.0,0.0,0.0,0.0,0.0,0.0,0.0
73458180276,0,-0.02080148085951805,-0.14620105922222137,-0.12788167595863342,-0.02080148085951805,-0.14620105922222137,-0.8278816938400269,-0.017328975722193718,0.00655400799587369,0.007293109316378832,0.0,0.0,0.0,-0.012481643818318844,-0.019522257149219513,-0.010293465107679367,0.0,0.0,-0.010293466039001942,0.064394012093544,0.05026323348283768,0.02934996411204338,0.09827778488397598,0.15551410615444183,5.098217661725357e-05,0.0,0.0,0.0,-0.23287656903266907,10.088459968566895,0.0454254150390625,9.800445556640625,0.25309303402900696,-10.0,-9.880027770996094,14.67492389678955,2.0,2.0,17.789152145385742,0.30357420444488525,0.28977540135383606,0.30357420444488525,0.29744139313697815,0.0,0.30469265580177307,0.30469265580177307,0.30469265580177307,0.30469265580177307,0.0,-0.959823727607727,0.6948122978210449,-10.72630786895752,0.0,0.0,0.0,0.0,0.0,0.0,0.0,0.0,0.0,0.0,0.0,0.0,0.0,0.0,0.0,0.30469274520874023,0.30469274520874023,0.304692804813385,0.30469274520874023,0.33220455050468445,0.04114978387951851,0.04114978387951851,0.39053526520729065,0.4118903577327728,1.074061632156372,1.191715955734253,0.0,0.0,0.0,0.0,0.0,0.0,0.0
73468830254,0,-0.02080148085951805,-0.14620105922222137,-0.12788167595863342,-0.02080148085951805,-0.14620105922222137,-0.8278816938400269,-0.017328975722193718,0.00655400799587369,0.007293109316378832,0.0,0.0,0.0,-0.012481643818318844,-0.019522257149219513,-0.010293465107679367,0.0,0.0,-0.010293466039001942,0.064394012093544,0.05026323348283768,0.02934996411204338,0.09827778488397598,0.15551410615444183,5.098217661725357e-05,0.0,0.0,0.0,-0.23287656903266907,10.088459968566895,0.0454254150390625,9.800445556640625,0.25309303402900696,-10.0,-9.880027770996094,14.67492389678955,2.0,2.0,17.789152145385742,0.30357420444488525,0.28977540135383606,0.30357420444488525,0.29744139313697815,0.0,0.30469265580177307,0.30469265580177307,0.30469265580177307,0.30469265580177307,0.0,-0.959823727607727,0.6948122978210449,-10.72630786895752,0.0,0.0,0.0,0.0,0.0,0.0,0.0,0.0,0.0,0.0,0.0,0.0,0.0,0.0,0.0,0.30469274520874023,0.30469274520874023,0.304692804813385,0.30469274520874023,0.33220455050468445,0.04114978387951851,0.04114978387951851,0.39053526520729065,0.4118903577327728,1.074061632156372,1.191715955734253,0.0,0.0,0.0,0.0,0.0,0.0,0.0
73478897154,0,-0.02080148085951805,-0.14620105922222137,-0.12788167595863342,-0.02080148085951805,-0.14620105922222137,-0.8278816938400269,-0.017328975722193718,0.00655400799587369,0.007293109316378832,0.0,0.0,0.0,-0.012481643818318844,-0.019522257149219513,-0.010293465107679367,0.0,0.0,-0.010293466039001942,0.064394012093544,0.05026323348283768,0.02934996411204338,0.09827778488397598,0.15551410615444183,5.098217661725357e-05,0.0,0.0,0.0,-0.23287656903266907,10.088459968566895,0.0454254150390625,9.800445556640625,0.25309303402900696,-10.0,-9.880027770996094,14.67492389678955,2.0,2.0,17.789152145385742,0.30357420444488525,0.28977540135383606,0.30357420444488525,0.29744139313697815,0.0,0.30469265580177307,0.30469265580177307,0.30469265580177307,0.30469265580177307,0.0,-0.959823727607727,0.6948122978210449,-10.72630786895752,0.0,0.0,0.0,0.0,0.0,0.0,0.0,0.0,0.0,0.0,0.0,0.0,0.0,0.0,0.0,0.30469274520874023,0.30469274520874023,0.304692804813385,0.30469274520874023,0.33220455050468445,0.04114978387951851,0.04114978387951851,0.39053526520729065,0.4118903577327728,1.074061632156372,1.191715955734253,0.0,0.0,0.0,0.0,0.0,0.0,0.0
73487840821,0,-0.02080148085951805,-0.14620105922222137,-0.12788167595863342,-0.02080148085951805,-0.14620105922222137,-0.8278816938400269,-0.017328975722193718,0.00655400799587369,0.007293109316378832,0.0,0.0,0.0,-0.012481643818318844,-0.019522257149219513,-0.010293465107679367,0.0,0.0,-0.010293466039001942,0.064394012093544,0.05026323348283768,0.02934996411204338,0.09827778488397598,0.15551410615444183,5.098217661725357e-05,0.0,0.0,0.0,-0.23287656903266907,10.088459968566895,0.0454254150390625,9.800445556640625,0.25309303402900696,-10.0,-9.880027770996094,14.67492389678955,2.0,2.0,17.789152145385742,0.30357420444488525,0.28977540135383606,0.30357420444488525,0.29744139313697815,0.0,0.30469265580177307,0.30469265580177307,0.30469265580177307,0.30469265580177307,0.0,-0.959823727607727,0.6948122978210449,-10.72630786895752,0.0,0.0,0.0,0.0,0.0,0.0,0.0,0.0,0.0,0.0,0.0,0.0,0.0,0.0,0.0,0.30469274520874023,0.30469274520874023,0.304692804813385,0.30469274520874023,0.33220455050468445,0.04114978387951851,0.04114978387951851,0.39053526520729065,0.4118903577327728,1.074061632156372,1.191715955734253,0.0,0.0,0.0,0.0,0.0,0.0,0.0
73498115986,0,-0.02080148085951805,-0.14620105922222137,-0.12788167595863342,-0.02080148085951805,-0.14620105922222137,-0.8278816938400269,-0.017328975722193718,0.00655400799587369,0.007293109316378832,0.0,0.0,0.0,-0.012481643818318844,-0.019522257149219513,-0.010293465107679367,0.0,0.0,-0.010293466039001942,0.064394012093544,0.05026323348283768,0.02934996411204338,0.09827778488397598,0.15551410615444183,5.098217661725357e-05,0.0,0.0,0.0,-0.23287656903266907,10.088459968566895,0.0454254150390625,9.800445556640625,0.25309303402900696,-10.0,-9.880027770996094,14.67492389678955,2.0,2.0,17.789152145385742,0.30357420444488525,0.28977540135383606,0.30357420444488525,0.29744139313697815,0.0,0.30469265580177307,0.30469265580177307,0.30469265580177307,0.30469265580177307,0.0,-0.959823727607727,0.6948122978210449,-10.72630786895752,0.0,0.0,0.0,0.0,0.0,0.0,0.0,0.0,0.0,0.0,0.0,0.0,0.0,0.0,0.0,0.30469274520874023,0.30469274520874023,0.304692804813385,0.30469274520874023,0.33220455050468445,0.04114978387951851,0.04114978387951851,0.39053526520729065,0.4118903577327728,1.074061632156372,1.191715955734253,0.0,0.0,0.0,0.0,0.0,0.0,0.0
73507533677,0,-0.02080148085951805,-0.14620105922222137,-0.12788167595863342,-0.02080148085951805,-0.14620105922222137,-0.8278816938400269,-0.017328975722193718,0.00655400799587369,0.007293109316378832,0.0,0.0,0.0,-0.012481643818318844,-0.019522257149219513,-0.010293465107679367,0.0,0.0,-0.010293466039001942,0.064394012093544,0.05026323348283768,0.02934996411204338,0.09827778488397598,0.15551410615444183,5.098217661725357e-05,0.0,0.0,0.0,-0.23287656903266907,10.088459968566895,0.0454254150390625,9.800445556640625,0.25309303402900696,-10.0,-9.880027770996094,14.67492389678955,2.0,2.0,17.789152145385742,0.30357420444488525,0.28977540135383606,0.30357420444488525,0.29744139313697815,0.0,0.30469265580177307,0.30469265580177307,0.30469265580177307,0.30469265580177307,0.0,-0.959823727607727,0.6948122978210449,-10.72630786895752,0.0,0.0,0.0,0.0,0.0,0.0,0.0,0.0,0.0,0.0,0.0,0.0,0.0,0.0,0.0,0.30469274520874023,0.30469274520874023,0.304692804813385,0.30469274520874023,0.33220455050468445,0.04114978387951851,0.04114978387951851,0.39053526520729065,0.4118903577327728,1.074061632156372,1.191715955734253,0.0,0.0,0.0,0.0,0.0,0.0,0.0
73517684706,0,-0.02080148085951805,-0.14620105922222137,-0.12788167595863342,-0.02080148085951805,-0.14620105922222137,-0.8278816938400269,-0.017328975722193718,0.00655400799587369,0.007293109316378832,0.0,0.0,0.0,-0.012481643818318844,-0.019522257149219513,-0.010293465107679367,0.0,0.0,-0.010293466039001942,0.064394012093544,0.05026323348283768,0.02934996411204338,0.09827778488397598,0.15551410615444183,5.098217661725357e-05,0.0,0.0,0.0,-0.23287656903266907,10.088459968566895,0.0454254150390625,9.800445556640625,0.25309303402900696,-10.0,-9.880027770996094,14.67492389678955,2.0,2.0,17.789152145385742,0.30357420444488525,0.28977540135383606,0.30357420444488525,0.29590821266174316,0.0,0.30469265580177307,0.30469265580177307,0.30469265580177307,0.30469265580177307,0.0,-0.959823727607727,0.6948122978210449,-10.72630786895752,0.0,0.0,0.0,0.0,0.0,0.0,0.0,0.0,0.0,0.0,0.0,0.0,0.0,0.0,0.0,0.30469274520874023,0.30469274520874023,0.304692804813385,0.30469274520874023,0.33220455050468445,0.04114978387951851,0.04114978387951851,0.39053526520729065,0.4118903577327728,1.074061632156372,1.191715955734253,0.0,0.0,0.0,0.0,0.0,0.0,0.0
73527645603,0,-0.02080148085951805,-0.14620105922222137,-0.12788167595863342,-0.02080148085951805,-0.14620105922222137,-0.8278816938400269,-0.017328975722193718,0.00655400799587369,0.007293109316378832,0.0,0.0,0.0,-0.012481643818318844,-0.019522257149219513,-0.010293465107679367,0.0,0.0,-0.010293466039001942,0.064394012093544,0.05026323348283768,0.02934996411204338,0.09827778488397598,0.15551410615444183,5.098217661725357e-05,0.0,0.0,0.0,-0.23287656903266907,10.088459968566895,0.0454254150390625,9.800445556640625,0.25309303402900696,-10.0,-9.880027770996094,14.67492389678955,2.0,2.0,17.789152145385742,0.30357420444488525,0.28977540135383606,0.30357420444488525,0.29744139313697815,0.0,0.30469265580177307,0.30469265580177307,0.30469265580177307,0.30469265580177307,0.0,-0.959823727607727,0.6948122978210449,-10.72630786895752,0.0,0.0,0.0,0.0,0.0,0.0,0.0,0.0,0.0,0.0,0.0,0.0,0.0,0.0,0.0,0.30469274520874023,0.30469274520874023,0.304692804813385,0.30469274520874023,0.33220455050468445,0.04114978387951851,0.04114978387951851,0.39053526520729065,0.4118903577327728,1.074061632156372,1.191715955734253,0.0,0.0,0.0,0.0,0.0,0.0,0.0
73537736493,0,-0.02080148085951805,-0.14620105922222137,-0.12788167595863342,-0.02080148085951805,-0.14620105922222137,-0.8278816938400269,-0.017328975722193718,0.00655400799587369,0.007293109316378832,0.0,0.0,0.0,-0.012481643818318844,-0.019522257149219513,-0.010293465107679367,0.0,0.0,-0.010293466039001942,0.064394012093544,0.05026323348283768,0.02934996411204338,0.09827778488397598,0.15551410615444183,5.098217661725357e-05,0.0,0.0,0.0,-0.23287656903266907,10.088459968566895,0.0454254150390625,9.800445556640625,0.25309303402900696,-10.0,-9.880027770996094,14.67492389678955,2.0,2.0,17.789152145385742,0.30357420444488525,0.28977540135383606,0.30357420444488525,0.29744139313697815,0.0,0.30469265580177307,0.30469265580177307,0.30469265580177307,0.30469265580177307,0.0,-0.959823727607727,0.6948122978210449,-10.72630786895752,0.0,0.0,0.0,0.0,0.0,0.0,0.0,0.0,0.0,0.0,0.0,0.0,0.0,0.0,0.0,0.30469274520874023,0.30469274520874023,0.304692804813385,0.30469274520874023,0.33220455050468445,0.04114978387951851,0.04114978387951851,0.39053526520729065,0.4118903577327728,1.074061632156372,1.191715955734253,0.0,0.0,0.0,0.0,0.0,0.0,0.0
73547899743,0,-0.02080148085951805,-0.14620105922222137,-0.12788167595863342,-0.02080148085951805,-0.14620105922222137,-0.8278816938400269,-0.017328975722193718,0.00655400799587369,0.007293109316378832,0.0,0.0,0.0,-0.012481643818318844,-0.019522257149219513,-0.010293465107679367,0.0,0.0,-0.010293466039001942,0.064394012093544,0.05026323348283768,0.02934996411204338,0.09827778488397598,0.15551410615444183,5.098217661725357e-05,0.0,0.0,0.0,-0.23287656903266907,10.088459968566895,0.0454254150390625,9.800445556640625,0.25309303402900696,-10.0,-9.880027770996094,14.67492389678955,2.0,2.0,17.789152145385742,0.30357420444488525,0.28977540135383606,0.30357420444488525,0.29744139313697815,0.0,0.30469265580177307,0.30469265580177307,0.30469265580177307,0.30469265580177307,0.0,-0.959823727607727,0.6948122978210449,-10.72630786895752,0.0,0.0,0.0,0.0,0.0,0.0,0.0,0.0,0.0,0.0,0.0,0.0,0.0,0.0,0.0,0.30469274520874023,0.30469274520874023,0.304692804813385,0.30469274520874023,0.33220455050468445,0.04114978387951851,0.04114978387951851,0.39053526520729065,0.4118903577327728,1.074061632156372,1.191715955734253,0.0,0.0,0.0,0.0,0.0,0.0,0.0
73557534873,0,-0.02080148085951805,-0.14620105922222137,-0.12788167595863342,-0.02080148085951805,-0.14620105922222137,-0.8278816938400269,-0.017328975722193718,0.00655400799587369,0.007293109316378832,0.0,0.0,0.0,-0.012481643818318844,-0.019522257149219513,-0.010293465107679367,0.0,0.0,-0.010293466039001942,0.064394012093544,0.05026323348283768,0.02934996411204338,0.09827778488397598,0.15551410615444183,5.098217661725357e-05,0.0,0.0,0.0,-0.23287656903266907,10.088459968566895,0.0454254150390625,9.800445556640625,0.25309303402900696,-10.0,-9.880027770996094,14.67492389678955,2.0,2.0,17.789152145385742,0.30357420444488525,0.28977540135383606,0.30357420444488525,0.29744139313697815,0.0,0.30469265580177307,0.30469265580177307,0.30469265580177307,0.30469265580177307,0.0,-0.959823727607727,0.6948122978210449,-10.72630786895752,0.0,0.0,0.0,0.0,0.0,0.0,0.0,0.0,0.0,0.0,0.0,0.0,0.0,0.0,0.0,0.30469274520874023,0.30469274520874023,0.304692804813385,0.30469274520874023,0.33220455050468445,0.04114978387951851,0.04114978387951851,0.39053526520729065,0.4118903577327728,1.074061632156372,1.191715955734253,0.0,0.0,0.0,0.0,0.0,0.0,0.0
73567835744,0,-0.02080148085951805,-0.14620105922222137,-0.12788167595863342,-0.02080148085951805,-0.14620105922222137,-0.8278816938400269,-0.017328975722193718,0.00655400799587369,0.007293109316378832,0.0,0.0,0.0,-0.012481643818318844,-0.019522257149219513,-0.010293465107679367,0.0,0.0,-0.010293466039001942,0.064394012093544,0.05026323348283768,0.02934996411204338,0.09827778488397598,0.15551410615444183,5.098217661725357e-05,0.0,0.0,0.0,-0.23287656903266907,10.088459968566895,0.0454254150390625,9.800445556640625,0.25309303402900696,-10.0,-9.880027770996094,14.67492389678955,2.0,2.0,17.789152145385742,0.30357420444488525,0.28977540135383606,0.30357420444488525,0.29744139313697815,0.0,0.30469265580177307,0.30469265580177307,0.30469265580177307,0.30469265580177307,0.0,-0.959823727607727,0.6948122978210449,-10.72630786895752,0.0,0.0,0.0,0.0,0.0,0.0,0.0,0.0,0.0,0.0,0.0,0.0,0.0,0.0,0.0,0.30469274520874023,0.30469274520874023,0.304692804813385,0.30469274520874023,0.33220455050468445,0.04114978387951851,0.04114978387951851,0.39053526520729065,0.4118903577327728,1.074061632156372,1.191715955734253,0.0,0.0,0.0,0.0,0.0,0.0,0.0
73577495940,0,-0.02080148085951805,-0.14620105922222137,-0.12788167595863342,-0.02080148085951805,-0.14620105922222137,-0.8278816938400269,-0.017328975722193718,0.00655400799587369,0.007293109316378832,0.0,0.0,0.0,-0.012481643818318844,-0.019522257149219513,-0.010293465107679367,0.0,0.0,-0.010293466039001942,0.064394012093544,0.05026323348283768,0.02934996411204338,0.09827778488397598,0.15551410615444183,5.098217661725357e-05,0.0,0.0,0.0,-0.23287656903266907,10.088459968566895,0.0454254150390625,9.800445556640625,0.25309303402900696,-10.0,-9.880027770996094,14.67492389678955,2.0,2.0,17.789152145385742,0.30357420444488525,0.28977540135383606,0.30357420444488525,0.29590821266174316,0.0,0.30469265580177307,0.30469265580177307,0.30469265580177307,0.30469265580177307,0.0,-0.959823727607727,0.6948122978210449,-10.72630786895752,0.0,0.0,0.0,0.0,0.0,0.0,0.0,0.0,0.0,0.0,0.0,0.0,0.0,0.0,0.0,0.30469274520874023,0.30469274520874023,0.304692804813385,0.30469274520874023,0.33220455050468445,0.04114978387951851,0.04114978387951851,0.39053526520729065,0.4118903577327728,1.074061632156372,1.191715955734253,0.0,0.0,0.0,0.0,0.0,0.0,0.0
73587817944,0,-0.02080148085951805,-0.14620105922222137,-0.12788167595863342,-0.02080148085951805,-0.14620105922222137,-0.8278816938400269,-0.017328975722193718,0.00655400799587369,0.007293109316378832,0.0,0.0,0.0,-0.012481643818318844,-0.019522257149219513,-0.010293465107679367,0.0,0.0,-0.010293466039001942,0.064394012093544,0.05026323348283768,0.02934996411204338,0.09827778488397598,0.15551410615444183,5.098217661725357e-05,0.0,0.0,0.0,-0.23287656903266907,10.088459968566895,0.0454254150390625,9.800445556640625,0.25309303402900696,-10.0,-9.880027770996094,14.67492389678955,2.0,2.0,17.789152145385742,0.30357420444488525,0.28977540135383606,0.30357420444488525,0.29590821266174316,0.0,0.30469265580177307,0.30469265580177307,0.30469265580177307,0.30469265580177307,0.0,-0.959823727607727,0.6948122978210449,-10.72630786895752,0.0,0.0,0.0,0.0,0.0,0.0,0.0,0.0,0.0,0.0,0.0,0.0,0.0,0.0,0.0,0.30469274520874023,0.30469274520874023,0.304692804813385,0.30469274520874023,0.33220455050468445,0.04114978387951851,0.04114978387951851,0.39053526520729065,0.4118903577327728,1.074061632156372,1.191715955734253,0.0,0.0,0.0,0.0,0.0,0.0,0.0
73598241772,0,-0.02080148085951805,-0.14620105922222137,-0.12788167595863342,-0.02080148085951805,-0.14620105922222137,-0.8278816938400269,-0.017328975722193718,0.00655400799587369,0.007293109316378832,0.0,0.0,0.0,-0.012481643818318844,-0.019522257149219513,-0.010293465107679367,0.0,0.0,-0.010293466039001942,0.064394012093544,0.05026323348283768,0.02934996411204338,0.09827778488397598,0.15551410615444183,5.098217661725357e-05,0.0,0.0,0.0,-0.23287656903266907,10.088459968566895,0.0454254150390625,9.800445556640625,0.25309303402900696,-10.0,-9.880027770996094,14.67492389678955,2.0,2.0,17.789152145385742,0.30357420444488525,0.28977540135383606,0.30357420444488525,0.29744139313697815,0.0,0.30469265580177307,0.30469265580177307,0.30469265580177307,0.30469265580177307,0.0,-0.959823727607727,0.6948122978210449,-10.72630786895752,0.0,0.0,0.0,0.0,0.0,0.0,0.0,0.0,0.0,0.0,0.0,0.0,0.0,0.0,0.0,0.30469274520874023,0.30469274520874023,0.304692804813385,0.30469274520874023,0.33220455050468445,0.04114978387951851,0.04114978387951851,0.39053526520729065,0.4118903577327728,1.074061632156372,1.191715955734253,0.0,0.0,0.0,0.0,0.0,0.0,0.0
73607803525,0,-0.02080148085951805,-0.14620105922222137,-0.12788167595863342,-0.02080148085951805,-0.14620105922222137,-0.8278816938400269,-0.017328975722193718,0.00655400799587369,0.007293109316378832,0.0,0.0,0.0,-0.012481643818318844,-0.019522257149219513,-0.010293465107679367,0.0,0.0,-0.010293466039001942,0.064394012093544,0.05026323348283768,0.02934996411204338,0.09827778488397598,0.15551410615444183,5.098217661725357e-05,0.0,0.0,0.0,-0.23287656903266907,10.088459968566895,0.0454254150390625,9.800445556640625,0.25309303402900696,-10.0,-9.880027770996094,14.67492389678955,2.0,2.0,17.789152145385742,0.30357420444488525,0.28977540135383606,0.30357420444488525,0.29744139313697815,0.0,0.30469265580177307,0.30469265580177307,0.30469265580177307,0.30469265580177307,0.0,-0.959823727607727,0.6948122978210449,-10.72630786895752,0.0,0.0,0.0,0.0,0.0,0.0,0.0,0.0,0.0,0.0,0.0,0.0,0.0,0.0,0.0,0.30469274520874023,0.30469274520874023,0.304692804813385,0.30469274520874023,0.33220455050468445,0.04114978387951851,0.04114978387951851,0.39053526520729065,0.4118903577327728,1.074061632156372,1.191715955734253,0.0,0.0,0.0,0.0,0.0,0.0,0.0
73619543132,0,-0.02080148085951805,-0.14620105922222137,-0.12788167595863342,-0.02080148085951805,-0.14620105922222137,-0.8278816938400269,-0.017328975722193718,0.00655400799587369,0.007293109316378832,0.0,0.0,0.0,-0.012481643818318844,-0.019522257149219513,-0.010293465107679367,0.0,0.0,-0.010293466039001942,0.064394012093544,0.05026323348283768,0.02934996411204338,0.09827778488397598,0.15551410615444183,5.098217661725357e-05,0.0,0.0,0.0,-0.23287656903266907,10.088459968566895,0.0454254150390625,9.800445556640625,0.25309303402900696,-10.0,-9.880027770996094,14.67492389678955,2.0,2.0,17.789152145385742,0.30357420444488525,0.28977540135383606,0.30357420444488525,0.29744139313697815,0.0,0.30469265580177307,0.30469265580177307,0.30469265580177307,0.30469265580177307,0.0,-0.959823727607727,0.6948122978210449,-10.72630786895752,0.0,0.0,0.0,0.0,0.0,0.0,0.0,0.0,0.0,0.0,0.0,0.0,0.0,0.0,0.0,0.30469274520874023,0.30469274520874023,0.304692804813385,0.30469274520874023,0.33220455050468445,0.04114978387951851,0.04114978387951851,0.39053526520729065,0.4118903577327728,1.074061632156372,1.191715955734253,0.0,0.0,0.0,0.0,0.0,0.0,0.0
73627635099,0,-0.02080148085951805,-0.14620105922222137,-0.12788167595863342,-0.02080148085951805,-0.14620105922222137,-0.8278816938400269,-0.017328975722193718,0.00655400799587369,0.007293109316378832,0.0,0.0,0.0,-0.012481643818318844,-0.019522257149219513,-0.010293465107679367,0.0,0.0,-0.010293466039001942,0.064394012093544,0.05026323348283768,0.02934996411204338,0.09827778488397598,0.15551410615444183,5.098217661725357e-05,0.0,0.0,0.0,-0.23287656903266907,10.088459968566895,0.0454254150390625,9.800445556640625,0.25309303402900696,-10.0,-9.880027770996094,14.67492389678955,2.0,2.0,17.789152145385742,0.30357420444488525,0.28977540135383606,0.30357420444488525,0.29590821266174316,0.0,0.30469265580177307,0.30469265580177307,0.30469265580177307,0.30469265580177307,0.0,-0.959823727607727,0.6948122978210449,-10.72630786895752,0.0,0.0,0.0,0.0,0.0,0.0,0.0,0.0,0.0,0.0,0.0,0.0,0.0,0.0,0.0,0.30469274520874023,0.30469274520874023,0.304692804813385,0.30469274520874023,0.33220455050468445,0.04114978387951851,0.04114978387951851,0.39053526520729065,0.4118903577327728,1.074061632156372,1.191715955734253,0.0,0.0,0.0,0.0,0.0,0.0,0.0
73643912337,0,-0.02080148085951805,-0.14620105922222137,-0.12788167595863342,-0.02080148085951805,-0.14620105922222137,-0.8278816938400269,-0.017328975722193718,0.00655400799587369,0.007293109316378832,0.0,0.0,0.0,-0.012481643818318844,-0.019522257149219513,-0.010293465107679367,0.0,0.0,-0.010293466039001942,0.064394012093544,0.05026323348283768,0.02934996411204338,0.09827778488397598,0.15551410615444183,5.098217661725357e-05,0.0,0.0,0.0,-0.23287656903266907,10.088459968566895,0.0454254150390625,9.800445556640625,0.25309303402900696,-10.0,-9.880027770996094,14.67492389678955,2.0,2.0,17.789152145385742,0.30357420444488525,0.28977540135383606,0.30357420444488525,0.29590821266174316,0.0,0.30469265580177307,0.30469265580177307,0.30469265580177307,0.30469265580177307,0.0,-0.959823727607727,0.6948122978210449,-10.72630786895752,0.0,0.0,0.0,0.0,0.0,0.0,0.0,0.0,0.0,0.0,0.0,0.0,0.0,0.0,0.0,0.30469274520874023,0.30469274520874023,0.304692804813385,0.30469274520874023,0.33220455050468445,0.04114978387951851,0.04114978387951851,0.39053526520729065,0.4118903577327728,1.074061632156372,1.191715955734253,0.0,0.0,0.0,0.0,0.0,0.0,0.0
73648866437,0,-0.02080148085951805,-0.14620105922222137,-0.12788167595863342,-0.02080148085951805,-0.14620105922222137,-0.8278816938400269,-0.017328975722193718,0.00655400799587369,0.007293109316378832,0.0,0.0,0.0,-0.012481643818318844,-0.019522257149219513,-0.010293465107679367,0.0,0.0,-0.010293466039001942,0.064394012093544,0.05026323348283768,0.02934996411204338,0.09827778488397598,0.15551410615444183,5.098217661725357e-05,0.0,0.0,0.0,-0.23287656903266907,10.088459968566895,0.0454254150390625,9.800445556640625,0.25309303402900696,-10.0,-9.880027770996094,14.67492389678955,2.0,2.0,17.789152145385742,0.30357420444488525,0.28977540135383606,0.30357420444488525,0.29744139313697815,0.0,0.30469265580177307,0.30469265580177307,0.30469265580177307,0.30469265580177307,0.0,-0.959823727607727,0.6948122978210449,-10.72630786895752,0.0,0.0,0.0,0.0,0.0,0.0,0.0,0.0,0.0,0.0,0.0,0.0,0.0,0.0,0.0,0.30469274520874023,0.30469274520874023,0.304692804813385,0.30469274520874023,0.33220455050468445,0.04114978387951851,0.04114978387951851,0.39053526520729065,0.4118903577327728,1.074061632156372,1.191715955734253,0.0,0.0,0.0,0.0,0.0,0.0,0.0
73657749523,0,-0.02080148085951805,-0.14620105922222137,-0.12788167595863342,-0.02080148085951805,-0.14620105922222137,-0.8278816938400269,-0.017328975722193718,0.00655400799587369,0.007293109316378832,0.0,0.0,0.0,-0.012481643818318844,-0.019522257149219513,-0.010293465107679367,0.0,0.0,-0.010293466039001942,0.064394012093544,0.05026323348283768,0.02934996411204338,0.09827778488397598,0.15551410615444183,5.098217661725357e-05,0.0,0.0,0.0,-0.23287656903266907,10.088459968566895,0.0454254150390625,9.800445556640625,0.25309303402900696,-10.0,-9.880027770996094,14.67492389678955,2.0,2.0,17.789152145385742,0.30357420444488525,0.28977540135383606,0.30357420444488525,0.29744139313697815,0.0,0.30469265580177307,0.30469265580177307,0.30469265580177307,0.30469265580177307,0.0,-0.959823727607727,0.6948122978210449,-10.72630786895752,0.0,0.0,0.0,0.0,0.0,0.0,0.0,0.0,0.0,0.0,0.0,0.0,0.0,0.0,0.0,0.30469274520874023,0.30469274520874023,0.304692804813385,0.30469274520874023,0.33220455050468445,0.04114978387951851,0.04114978387951851,0.39053526520729065,0.4118903577327728,1.074061632156372,1.191715955734253,0.0,0.0,0.0,0.0,0.0,0.0,0.0
73670727849,0,-0.02080148085951805,-0.14620105922222137,-0.12788167595863342,-0.02080148085951805,-0.14620105922222137,-0.8278816938400269,-0.017328975722193718,0.00655400799587369,0.007293109316378832,0.0,0.0,0.0,-0.012481643818318844,-0.019522257149219513,-0.010293465107679367,0.0,0.0,-0.010293466039001942,0.064394012093544,0.05026323348283768,0.02934996411204338,0.09827778488397598,0.15551410615444183,5.098217661725357e-05,0.0,0.0,0.0,-0.23287656903266907,10.088459968566895,0.0454254150390625,9.800445556640625,0.25309303402900696,-10.0,-9.880027770996094,14.67492389678955,2.0,2.0,17.789152145385742,0.30357420444488525,0.28977540135383606,0.30357420444488525,0.29744139313697815,0.0,0.30469265580177307,0.30469265580177307,0.30469265580177307,0.30469265580177307,0.0,-0.959823727607727,0.6948122978210449,-10.72630786895752,0.0,0.0,0.0,0.0,0.0,0.0,0.0,0.0,0.0,0.0,0.0,0.0,0.0,0.0,0.0,0.30469274520874023,0.30469274520874023,0.304692804813385,0.30469274520874023,0.33220455050468445,0.04114978387951851,0.04114978387951851,0.39053526520729065,0.4118903577327728,1.074061632156372,1.191715955734253,0.0,0.0,0.0,0.0,0.0,0.0,0.0
73679071146,0,-0.02080148085951805,-0.14620105922222137,-0.12788167595863342,-0.02080148085951805,-0.14620105922222137,-0.8278816938400269,-0.017328975722193718,0.00655400799587369,0.007293109316378832,0.0,0.0,0.0,-0.012481643818318844,-0.019522257149219513,-0.010293465107679367,0.0,0.0,-0.010293466039001942,0.064394012093544,0.05026323348283768,0.02934996411204338,0.09827778488397598,0.15551410615444183,5.098217661725357e-05,0.0,0.0,0.0,-0.23287656903266907,10.088459968566895,0.0454254150390625,9.800445556640625,0.25309303402900696,-10.0,-9.880027770996094,14.67492389678955,2.0,2.0,17.789152145385742,0.30357420444488525,0.28977540135383606,0.30357420444488525,0.29744139313697815,0.0,0.30469265580177307,0.30469265580177307,0.30469265580177307,0.30469265580177307,0.0,-0.959823727607727,0.6948122978210449,-10.72630786895752,0.0,0.0,0.0,0.0,0.0,0.0,0.0,0.0,0.0,0.0,0.0,0.0,0.0,0.0,0.0,0.30469274520874023,0.30469274520874023,0.304692804813385,0.30469274520874023,0.33220455050468445,0.04114978387951851,0.04114978387951851,0.39053526520729065,0.4118903577327728,1.074061632156372,1.191715955734253,0.0,0.0,0.0,0.0,0.0,0.0,0.0
73688657382,0,-0.02080148085951805,-0.14620105922222137,-0.12788167595863342,-0.02080148085951805,-0.14620105922222137,-0.8278816938400269,-0.017328975722193718,0.00655400799587369,0.007293109316378832,0.0,0.0,0.0,-0.012481643818318844,-0.019522257149219513,-0.010293465107679367,0.0,0.0,-0.010293466039001942,0.064394012093544,0.05026323348283768,0.02934996411204338,0.09827778488397598,0.15551410615444183,5.098217661725357e-05,0.0,0.0,0.0,-0.23287656903266907,10.088459968566895,0.0454254150390625,9.800445556640625,0.25309303402900696,-10.0,-9.880027770996094,14.67492389678955,2.0,2.0,17.789152145385742,0.30357420444488525,0.28977540135383606,0.30357420444488525,0.29590821266174316,0.0,0.30469265580177307,0.30469265580177307,0.30469265580177307,0.30469265580177307,0.0,-0.959823727607727,0.6948122978210449,-10.72630786895752,0.0,0.0,0.0,0.0,0.0,0.0,0.0,0.0,0.0,0.0,0.0,0.0,0.0,0.0,0.0,0.30469274520874023,0.30469274520874023,0.304692804813385,0.30469274520874023,0.33220455050468445,0.04114978387951851,0.04114978387951851,0.39053526520729065,0.4118903577327728,1.074061632156372,1.191715955734253,0.0,0.0,0.0,0.0,0.0,0.0,0.0
73698061452,0,-0.02080148085951805,-0.14620105922222137,-0.12788167595863342,-0.02080148085951805,-0.14620105922222137,-0.8278816938400269,-0.017328975722193718,0.00655400799587369,0.007293109316378832,0.0,0.0,0.0,-0.012481643818318844,-0.019522257149219513,-0.010293465107679367,0.0,0.0,-0.010293466039001942,0.064394012093544,0.05026323348283768,0.02934996411204338,0.09827778488397598,0.15551410615444183,5.098217661725357e-05,0.0,0.0,0.0,-0.23287656903266907,10.088459968566895,0.0454254150390625,9.800445556640625,0.25309303402900696,-10.0,-9.880027770996094,14.67492389678955,2.0,2.0,17.789152145385742,0.30357420444488525,0.28977540135383606,0.30357420444488525,0.29744139313697815,0.0,0.30469265580177307,0.30469265580177307,0.30469265580177307,0.30469265580177307,0.0,-0.959823727607727,0.6948122978210449,-10.72630786895752,0.0,0.0,0.0,0.0,0.0,0.0,0.0,0.0,0.0,0.0,0.0,0.0,0.0,0.0,0.0,0.30469274520874023,0.30469274520874023,0.304692804813385,0.30469274520874023,0.33220455050468445,0.04114978387951851,0.04114978387951851,0.39053526520729065,0.4118903577327728,1.074061632156372,1.191715955734253,0.0,0.0,0.0,0.0,0.0,0.0,0.0
73712337355,0,-0.02080148085951805,-0.14620105922222137,-0.12788167595863342,-0.02080148085951805,-0.14620105922222137,-0.8278816938400269,-0.017328975722193718,0.00655400799587369,0.007293109316378832,0.0,0.0,0.0,-0.012481643818318844,-0.019522257149219513,-0.010293465107679367,0.0,0.0,-0.010293466039001942,0.064394012093544,0.05026323348283768,0.02934996411204338,0.09827778488397598,0.15551410615444183,5.098217661725357e-05,0.0,0.0,0.0,-0.23287656903266907,10.088459968566895,0.0454254150390625,9.800445556640625,0.25309303402900696,-10.0,-9.880027770996094,14.67492389678955,2.0,2.0,17.789152145385742,0.30357420444488525,0.28977540135383606,0.30357420444488525,0.29744139313697815,0.0,0.30469265580177307,0.30469265580177307,0.30469265580177307,0.30469265580177307,0.0,-0.959823727607727,0.6948122978210449,-10.72630786895752,0.0,0.0,0.0,0.0,0.0,0.0,0.0,0.0,0.0,0.0,0.0,0.0,0.0,0.0,0.0,0.30469274520874023,0.30469274520874023,0.304692804813385,0.30469274520874023,0.33220455050468445,0.04114978387951851,0.04114978387951851,0.39053526520729065,0.4118903577327728,1.074061632156372,1.191715955734253,0.0,0.0,0.0,0.0,0.0,0.0,0.0
73720976126,0,-0.02080148085951805,-0.14620105922222137,-0.12788167595863342,-0.02080148085951805,-0.14620105922222137,-0.8278816938400269,-0.017328975722193718,0.00655400799587369,0.007293109316378832,0.0,0.0,0.0,-0.012481643818318844,-0.019522257149219513,-0.010293465107679367,0.0,0.0,-0.010293466039001942,0.064394012093544,0.05026323348283768,0.02934996411204338,0.09827778488397598,0.15551410615444183,5.098217661725357e-05,0.0,0.0,0.0,-0.23287656903266907,10.088459968566895,0.0454254150390625,9.800445556640625,0.25309303402900696,-10.0,-9.880027770996094,14.67492389678955,2.0,2.0,17.789152145385742,0.30357420444488525,0.28977540135383606,0.30357420444488525,0.29744139313697815,0.0,0.30469265580177307,0.30469265580177307,0.30469265580177307,0.30469265580177307,0.0,-0.959823727607727,0.6948122978210449,-10.72630786895752,0.0,0.0,0.0,0.0,0.0,0.0,0.0,0.0,0.0,0.0,0.0,0.0,0.0,0.0,0.0,0.30469274520874023,0.30469274520874023,0.304692804813385,0.30469274520874023,0.33220455050468445,0.04114978387951851,0.04114978387951851,0.39053526520729065,0.4118903577327728,1.074061632156372,1.191715955734253,0.0,0.0,0.0,0.0,0.0,0.0,0.0
73733942692,0,-0.02080148085951805,-0.14620105922222137,-0.12788167595863342,-0.02080148085951805,-0.14620105922222137,-0.8278816938400269,-0.017328975722193718,0.00655400799587369,0.007293109316378832,0.0,0.0,0.0,-0.012481643818318844,-0.019522257149219513,-0.010293465107679367,0.0,0.0,-0.010293466039001942,0.064394012093544,0.05026323348283768,0.02934996411204338,0.09827778488397598,0.15551410615444183,5.098217661725357e-05,0.0,0.0,0.0,-0.23287656903266907,10.088459968566895,0.0454254150390625,9.800445556640625,0.25309303402900696,-10.0,-9.880027770996094,14.67492389678955,2.0,2.0,17.789152145385742,0.30357420444488525,0.28977540135383606,0.30357420444488525,0.29744139313697815,0.0,0.30469265580177307,0.30469265580177307,0.30469265580177307,0.30469265580177307,0.0,-0.959823727607727,0.6948122978210449,-10.72630786895752,0.0,0.0,0.0,0.0,0.0,0.0,0.0,0.0,0.0,0.0,0.0,0.0,0.0,0.0,0.0,0.30469274520874023,0.30469274520874023,0.304692804813385,0.30469274520874023,0.33220455050468445,0.04114978387951851,0.04114978387951851,0.39053526520729065,0.4118903577327728,1.074061632156372,1.191715955734253,0.0,0.0,0.0,0.0,0.0,0.0,0.0
73737641690,0,-0.02080148085951805,-0.14620105922222137,-0.12788167595863342,-0.02080148085951805,-0.14620105922222137,-0.8278816938400269,-0.017328975722193718,0.00655400799587369,0.007293109316378832,0.0,0.0,0.0,-0.012481643818318844,-0.019522257149219513,-0.010293465107679367,0.0,0.0,-0.010293466039001942,0.064394012093544,0.05026323348283768,0.02934996411204338,0.09827778488397598,0.15551410615444183,5.098217661725357e-05,0.0,0.0,0.0,-0.23287656903266907,10.088459968566895,0.0454254150390625,9.800445556640625,0.25309303402900696,-10.0,-9.880027770996094,14.67492389678955,2.0,2.0,17.789152145385742,0.30357420444488525,0.28977540135383606,0.30357420444488525,0.29744139313697815,0.0,0.30469265580177307,0.30469265580177307,0.30469265580177307,0.30469265580177307,0.0,-0.959823727607727,0.6948122978210449,-10.72630786895752,0.0,0.0,0.0,0.0,0.0,0.0,0.0,0.0,0.0,0.0,0.0,0.0,0.0,0.0,0.0,0.30469274520874023,0.30469274520874023,0.304692804813385,0.30469274520874023,0.33220455050468445,0.04114978387951851,0.04114978387951851,0.39053526520729065,0.4118903577327728,1.074061632156372,1.191715955734253,0.0,0.0,0.0,0.0,0.0,0.0,0.0
73748711353,0,-0.02080148085951805,-0.14620105922222137,-0.12788167595863342,-0.02080148085951805,-0.14620105922222137,-0.8278816938400269,-0.017328975722193718,0.00655400799587369,0.007293109316378832,0.0,0.0,0.0,-0.012481643818318844,-0.019522257149219513,-0.010293465107679367,0.0,0.0,-0.010293466039001942,0.064394012093544,0.05026323348283768,0.02934996411204338,0.09827778488397598,0.15551410615444183,5.098217661725357e-05,0.0,0.0,0.0,-0.23287656903266907,10.088459968566895,0.0454254150390625,9.800445556640625,0.25309303402900696,-10.0,-9.880027770996094,14.67492389678955,2.0,2.0,17.789152145385742,0.30357420444488525,0.28977540135383606,0.30357420444488525,0.29744139313697815,0.0,0.30469265580177307,0.30469265580177307,0.30469265580177307,0.30469265580177307,0.0,-0.959823727607727,0.6948122978210449,-10.72630786895752,0.0,0.0,0.0,0.0,0.0,0.0,0.0,0.0,0.0,0.0,0.0,0.0,0.0,0.0,0.0,0.30469274520874023,0.30469274520874023,0.304692804813385,0.30469274520874023,0.33220455050468445,0.04114978387951851,0.04114978387951851,0.39053526520729065,0.4118903577327728,1.074061632156372,1.191715955734253,0.0,0.0,0.0,0.0,0.0,0.0,0.0
73757552273,0,-0.02080148085951805,-0.14620105922222137,-0.12788167595863342,-0.02080148085951805,-0.14620105922222137,-0.8278816938400269,-0.017328975722193718,0.00655400799587369,0.007293109316378832,0.0,0.0,0.0,-0.012481643818318844,-0.019522257149219513,-0.010293465107679367,0.0,0.0,-0.010293466039001942,0.064394012093544,0.05026323348283768,0.02934996411204338,0.09827778488397598,0.15551410615444183,5.098217661725357e-05,0.0,0.0,0.0,-0.23287656903266907,10.088459968566895,0.0454254150390625,9.800445556640625,0.25309303402900696,-10.0,-9.880027770996094,14.67492389678955,2.0,2.0,17.789152145385742,0.30357420444488525,0.28977540135383606,0.30357420444488525,0.29590821266174316,0.0,0.30469265580177307,0.30469265580177307,0.30469265580177307,0.30469265580177307,0.0,-0.959823727607727,0.6948122978210449,-10.72630786895752,0.0,0.0,0.0,0.0,0.0,0.0,0.0,0.0,0.0,0.0,0.0,0.0,0.0,0.0,0.0,0.30469274520874023,0.30469274520874023,0.304692804813385,0.30469274520874023,0.33220455050468445,0.04114978387951851,0.04114978387951851,0.39053526520729065,0.4118903577327728,1.074061632156372,1.191715955734253,0.0,0.0,0.0,0.0,0.0,0.0,0.0
73770406931,0,-0.02080148085951805,-0.14620105922222137,-0.12788167595863342,-0.02080148085951805,-0.14620105922222137,-0.8278816938400269,-0.017328975722193718,0.00655400799587369,0.007293109316378832,0.0,0.0,0.0,-0.012481643818318844,-0.019522257149219513,-0.010293465107679367,0.0,0.0,-0.010293466039001942,0.064394012093544,0.05026323348283768,0.02934996411204338,0.09827778488397598,0.15551410615444183,5.098217661725357e-05,0.0,0.0,0.0,-0.23287656903266907,10.088459968566895,0.0454254150390625,9.800445556640625,0.25309303402900696,-10.0,-9.880027770996094,14.67492389678955,2.0,2.0,17.789152145385742,0.30357420444488525,0.28977540135383606,0.30357420444488525,0.29590821266174316,0.0,0.30469265580177307,0.30469265580177307,0.30469265580177307,0.30469265580177307,0.0,-0.959823727607727,0.6948122978210449,-10.72630786895752,0.0,0.0,0.0,0.0,0.0,0.0,0.0,0.0,0.0,0.0,0.0,0.0,0.0,0.0,0.0,0.30469274520874023,0.30469274520874023,0.304692804813385,0.30469274520874023,0.33220455050468445,0.04114978387951851,0.04114978387951851,0.39053526520729065,0.4118903577327728,1.074061632156372,1.191715955734253,0.0,0.0,0.0,0.0,0.0,0.0,0.0
73777775726,0,-0.02080148085951805,-0.14620105922222137,-0.12788167595863342,-0.02080148085951805,-0.14620105922222137,-0.8278816938400269,-0.017328975722193718,0.00655400799587369,0.007293109316378832,0.0,0.0,0.0,-0.012481643818318844,-0.019522257149219513,-0.010293465107679367,0.0,0.0,-0.010293466039001942,0.064394012093544,0.05026323348283768,0.02934996411204338,0.09827778488397598,0.15551410615444183,5.098217661725357e-05,0.0,0.0,0.0,-0.23287656903266907,10.088459968566895,0.0454254150390625,9.800445556640625,0.25309303402900696,-10.0,-9.880027770996094,14.67492389678955,2.0,2.0,17.789152145385742,0.30357420444488525,0.28977540135383606,0.30357420444488525,0.29590821266174316,0.0,0.30469265580177307,0.30469265580177307,0.30469265580177307,0.30469265580177307,0.0,-0.959823727607727,0.6948122978210449,-10.72630786895752,0.0,0.0,0.0,0.0,0.0,0.0,0.0,0.0,0.0,0.0,0.0,0.0,0.0,0.0,0.0,0.30469274520874023,0.30469274520874023,0.304692804813385,0.30469274520874023,0.33220455050468445,0.04114978387951851,0.04114978387951851,0.39053526520729065,0.4118903577327728,1.074061632156372,1.191715955734253,0.0,0.0,0.0,0.0,0.0,0.0,0.0
73787698733,0,-0.02080148085951805,-0.14620105922222137,-0.12788167595863342,-0.02080148085951805,-0.14620105922222137,-0.8278816938400269,-0.017328975722193718,0.00655400799587369,0.007293109316378832,0.0,0.0,0.0,-0.012481643818318844,-0.019522257149219513,-0.010293465107679367,0.0,0.0,-0.010293466039001942,0.064394012093544,0.05026323348283768,0.02934996411204338,0.09827778488397598,0.15551410615444183,5.098217661725357e-05,0.0,0.0,0.0,-0.23287656903266907,10.088459968566895,0.0454254150390625,9.800445556640625,0.25309303402900696,-10.0,-9.880027770996094,14.67492389678955,2.0,2.0,17.789152145385742,0.30357420444488525,0.28977540135383606,0.30357420444488525,0.29590821266174316,0.0,0.30469265580177307,0.30469265580177307,0.30469265580177307,0.30469265580177307,0.0,-0.959823727607727,0.6948122978210449,-10.72630786895752,0.0,0.0,0.0,0.0,0.0,0.0,0.0,0.0,0.0,0.0,0.0,0.0,0.0,0.0,0.0,0.30469274520874023,0.30469274520874023,0.304692804813385,0.30469274520874023,0.33220455050468445,0.04114978387951851,0.04114978387951851,0.39053526520729065,0.4118903577327728,1.074061632156372,1.191715955734253,0.0,0.0,0.0,0.0,0.0,0.0,0.0
73798344411,0,-0.02080148085951805,-0.14620105922222137,-0.12788167595863342,-0.02080148085951805,-0.14620105922222137,-0.8278816938400269,-0.017328975722193718,0.00655400799587369,0.007293109316378832,0.0,0.0,0.0,-0.012481643818318844,-0.019522257149219513,-0.010293465107679367,0.0,0.0,-0.010293466039001942,0.064394012093544,0.05026323348283768,0.02934996411204338,0.09827778488397598,0.15551410615444183,5.098217661725357e-05,0.0,0.0,0.0,-0.23287656903266907,10.088459968566895,0.0454254150390625,9.800445556640625,0.25309303402900696,-10.0,-9.880027770996094,14.67492389678955,2.0,2.0,17.789152145385742,0.30357420444488525,0.28977540135383606,0.30357420444488525,0.29744139313697815,0.0,0.30469265580177307,0.30469265580177307,0.30469265580177307,0.30469265580177307,0.0,-0.959823727607727,0.6948122978210449,-10.72630786895752,0.0,0.0,0.0,0.0,0.0,0.0,0.0,0.0,0.0,0.0,0.0,0.0,0.0,0.0,0.0,0.30469274520874023,0.30469274520874023,0.304692804813385,0.30469274520874023,0.33220455050468445,0.04114978387951851,0.04114978387951851,0.39053526520729065,0.4118903577327728,1.074061632156372,1.191715955734253,0.0,0.0,0.0,0.0,0.0,0.0,0.0
73811086340,0,-0.02080148085951805,-0.14620105922222137,-0.12788167595863342,-0.02080148085951805,-0.14620105922222137,-0.8278816938400269,-0.017328975722193718,0.00655400799587369,0.007293109316378832,0.0,0.0,0.0,-0.012481643818318844,-0.019522257149219513,-0.010293465107679367,0.0,0.0,-0.010293466039001942,0.064394012093544,0.05026323348283768,0.02934996411204338,0.09827778488397598,0.15551410615444183,5.098217661725357e-05,0.0,0.0,0.0,-0.23287656903266907,10.088459968566895,0.0454254150390625,9.800445556640625,0.25309303402900696,-10.0,-9.880027770996094,14.67492389678955,2.0,2.0,17.789152145385742,0.30357420444488525,0.28977540135383606,0.30357420444488525,0.29744139313697815,0.0,0.30469265580177307,0.30469265580177307,0.30469265580177307,0.30469265580177307,0.0,-0.959823727607727,0.6948122978210449,-10.72630786895752,0.0,0.0,0.0,0.0,0.0,0.0,0.0,0.0,0.0,0.0,0.0,0.0,0.0,0.0,0.0,0.30469274520874023,0.30469274520874023,0.304692804813385,0.30469274520874023,0.33220455050468445,0.04114978387951851,0.04114978387951851,0.39053526520729065,0.4118903577327728,1.074061632156372,1.191715955734253,0.0,0.0,0.0,0.0,0.0,0.0,0.0
73821933226,0,-0.02080148085951805,-0.14620105922222137,-0.12788167595863342,-0.02080148085951805,-0.14620105922222137,-0.8278816938400269,-0.017328975722193718,0.00655400799587369,0.007293109316378832,0.0,0.0,0.0,-0.012481643818318844,-0.019522257149219513,-0.010293465107679367,0.0,0.0,-0.010293466039001942,0.064394012093544,0.05026323348283768,0.02934996411204338,0.09827778488397598,0.15551410615444183,5.098217661725357e-05,0.0,0.0,0.0,-0.23287656903266907,10.088459968566895,0.0454254150390625,9.800445556640625,0.25309303402900696,-10.0,-9.880027770996094,14.67492389678955,2.0,2.0,17.789152145385742,0.30357420444488525,0.28977540135383606,0.30357420444488525,0.29744139313697815,0.0,0.30469265580177307,0.30469265580177307,0.30469265580177307,0.30469265580177307,0.0,-0.959823727607727,0.6948122978210449,-10.72630786895752,0.0,0.0,0.0,0.0,0.0,0.0,0.0,0.0,0.0,0.0,0.0,0.0,0.0,0.0,0.0,0.30469274520874023,0.30469274520874023,0.304692804813385,0.30469274520874023,0.33220455050468445,0.04114978387951851,0.04114978387951851,0.39053526520729065,0.4118903577327728,1.074061632156372,1.191715955734253,0.0,0.0,0.0,0.0,0.0,0.0,0.0
73833248421,0,-0.02080148085951805,-0.14620105922222137,-0.12788167595863342,-0.02080148085951805,-0.14620105922222137,-0.8278816938400269,-0.017328975722193718,0.00655400799587369,0.007293109316378832,0.0,0.0,0.0,-0.012481643818318844,-0.019522257149219513,-0.010293465107679367,0.0,0.0,-0.010293466039001942,0.064394012093544,0.05026323348283768,0.02934996411204338,0.09827778488397598,0.15551410615444183,5.098217661725357e-05,0.0,0.0,0.0,-0.23287656903266907,10.088459968566895,0.0454254150390625,9.800445556640625,0.25309303402900696,-10.0,-9.880027770996094,14.67492389678955,2.0,2.0,17.789152145385742,0.30357420444488525,0.28977540135383606,0.30357420444488525,0.29744139313697815,0.0,0.30469265580177307,0.30469265580177307,0.30469265580177307,0.30469265580177307,0.0,-0.959823727607727,0.6948122978210449,-10.72630786895752,0.0,0.0,0.0,0.0,0.0,0.0,0.0,0.0,0.0,0.0,0.0,0.0,0.0,0.0,0.0,0.30469274520874023,0.30469274520874023,0.304692804813385,0.30469274520874023,0.33220455050468445,0.04114978387951851,0.04114978387951851,0.39053526520729065,0.4118903577327728,1.074061632156372,1.191715955734253,0.0,0.0,0.0,0.0,0.0,0.0,0.0
73838294888,0,-0.02080148085951805,-0.14620105922222137,-0.12788167595863342,-0.02080148085951805,-0.14620105922222137,-0.8278816938400269,-0.017328975722193718,0.00655400799587369,0.007293109316378832,0.0,0.0,0.0,-0.012481643818318844,-0.019522257149219513,-0.010293465107679367,0.0,0.0,-0.010293466039001942,0.064394012093544,0.05026323348283768,0.02934996411204338,0.09827778488397598,0.15551410615444183,5.098217661725357e-05,0.0,0.0,0.0,-0.23287656903266907,10.088459968566895,0.0454254150390625,9.800445556640625,0.25309303402900696,-10.0,-9.880027770996094,14.67492389678955,2.0,2.0,17.789152145385742,0.30357420444488525,0.28977540135383606,0.30357420444488525,0.29744139313697815,0.0,0.30469265580177307,0.30469265580177307,0.30469265580177307,0.30469265580177307,0.0,-0.959823727607727,0.6948122978210449,-10.72630786895752,0.0,0.0,0.0,0.0,0.0,0.0,0.0,0.0,0.0,0.0,0.0,0.0,0.0,0.0,0.0,0.30469274520874023,0.30469274520874023,0.304692804813385,0.30469274520874023,0.33220455050468445,0.04114978387951851,0.04114978387951851,0.39053526520729065,0.4118903577327728,1.074061632156372,1.191715955734253,0.0,0.0,0.0,0.0,0.0,0.0,0.0
73847766241,0,-0.02080148085951805,-0.14620105922222137,-0.12788167595863342,-0.02080148085951805,-0.14620105922222137,-0.8278816938400269,-0.017328975722193718,0.00655400799587369,0.007293109316378832,0.0,0.0,0.0,-0.012481643818318844,-0.019522257149219513,-0.010293465107679367,0.0,0.0,-0.010293466039001942,0.064394012093544,0.05026323348283768,0.02934996411204338,0.09827778488397598,0.15551410615444183,5.098217661725357e-05,0.0,0.0,0.0,-0.23287656903266907,10.088459968566895,0.0454254150390625,9.800445556640625,0.25309303402900696,-10.0,-9.880027770996094,14.67492389678955,2.0,2.0,17.789152145385742,0.30357420444488525,0.28977540135383606,0.30204102396965027,0.29744139313697815,0.0,0.30469265580177307,0.30469265580177307,0.30469265580177307,0.30469265580177307,0.0,-0.959823727607727,0.6948122978210449,-10.72630786895752,0.0,0.0,0.0,0.0,0.0,0.0,0.0,0.0,0.0,0.0,0.0,0.0,0.0,0.0,0.0,0.30469274520874023,0.30469274520874023,0.304692804813385,0.30469274520874023,0.33220455050468445,0.04114978387951851,0.04114978387951851,0.39053526520729065,0.4118903577327728,1.074061632156372,1.191715955734253,0.0,0.0,0.0,0.0,0.0,0.0,0.0
73858370580,0,-0.02080148085951805,-0.14620105922222137,-0.12788167595863342,-0.02080148085951805,-0.14620105922222137,-0.8278816938400269,-0.017328975722193718,0.00655400799587369,0.007293109316378832,0.0,0.0,0.0,-0.012481643818318844,-0.019522257149219513,-0.010293465107679367,0.0,0.0,-0.010293466039001942,0.064394012093544,0.05026323348283768,0.02934996411204338,0.09827778488397598,0.15551410615444183,5.098217661725357e-05,0.0,0.0,0.0,-0.23287656903266907,10.088459968566895,0.0454254150390625,9.800445556640625,0.25309303402900696,-10.0,-9.880027770996094,14.67492389678955,2.0,2.0,17.789152145385742,0.30357420444488525,0.28977540135383606,0.30357420444488525,0.29744139313697815,0.0,0.30469265580177307,0.30469265580177307,0.30469265580177307,0.30469265580177307,0.0,-0.959823727607727,0.6948122978210449,-10.72630786895752,0.0,0.0,0.0,0.0,0.0,0.0,0.0,0.0,0.0,0.0,0.0,0.0,0.0,0.0,0.0,0.30469274520874023,0.30469274520874023,0.304692804813385,0.30469274520874023,0.33220455050468445,0.04114978387951851,0.04114978387951851,0.39053526520729065,0.4118903577327728,1.074061632156372,1.191715955734253,0.0,0.0,0.0,0.0,0.0,0.0,0.0
73867980360,0,-0.02080148085951805,-0.14620105922222137,-0.12788167595863342,-0.02080148085951805,-0.14620105922222137,-0.8278816938400269,-0.017328975722193718,0.00655400799587369,0.007293109316378832,0.0,0.0,0.0,-0.012481643818318844,-0.019522257149219513,-0.010293465107679367,0.0,0.0,-0.010293466039001942,0.064394012093544,0.05026323348283768,0.02934996411204338,0.09827778488397598,0.15551410615444183,5.098217661725357e-05,0.0,0.0,0.0,-0.23287656903266907,10.088459968566895,0.0454254150390625,9.800445556640625,0.25309303402900696,-10.0,-9.880027770996094,14.67492389678955,2.0,2.0,17.789152145385742,0.30357420444488525,0.28977540135383606,0.30357420444488525,0.29744139313697815,0.0,0.30469265580177307,0.30469265580177307,0.30469265580177307,0.30469265580177307,0.0,-0.959823727607727,0.6948122978210449,-10.72630786895752,0.0,0.0,0.0,0.0,0.0,0.0,0.0,0.0,0.0,0.0,0.0,0.0,0.0,0.0,0.0,0.30469274520874023,0.30469274520874023,0.304692804813385,0.30469274520874023,0.33220455050468445,0.04114978387951851,0.04114978387951851,0.39053526520729065,0.4118903577327728,1.074061632156372,1.191715955734253,0.0,0.0,0.0,0.0,0.0,0.0,0.0
73878496212,0,-0.02080148085951805,-0.14620105922222137,-0.12788167595863342,-0.02080148085951805,-0.14620105922222137,-0.8278816938400269,-0.017328975722193718,0.00655400799587369,0.007293109316378832,0.0,0.0,0.0,-0.012481643818318844,-0.019522257149219513,-0.010293465107679367,0.0,0.0,-0.010293466039001942,0.064394012093544,0.05026323348283768,0.02934996411204338,0.09827778488397598,0.15551410615444183,5.098217661725357e-05,0.0,0.0,0.0,-0.23287656903266907,10.088459968566895,0.0454254150390625,9.800445556640625,0.25309303402900696,-10.0,-9.880027770996094,14.67492389678955,2.0,2.0,17.789152145385742,0.30357420444488525,0.28977540135383606,0.30357420444488525,0.29744139313697815,0.0,0.30469265580177307,0.30469265580177307,0.30469265580177307,0.30469265580177307,0.0,-0.959823727607727,0.6948122978210449,-10.72630786895752,0.0,0.0,0.0,0.0,0.0,0.0,0.0,0.0,0.0,0.0,0.0,0.0,0.0,0.0,0.0,0.30469274520874023,0.30469274520874023,0.304692804813385,0.30469274520874023,0.33220455050468445,0.04114978387951851,0.04114978387951851,0.39053526520729065,0.4118903577327728,1.074061632156372,1.191715955734253,0.0,0.0,0.0,0.0,0.0,0.0,0.0
73887682642,0,-0.02080148085951805,-0.14620105922222137,-0.12788167595863342,-0.02080148085951805,-0.14620105922222137,-0.8278816938400269,-0.017328975722193718,0.00655400799587369,0.007293109316378832,0.0,0.0,0.0,-0.012481643818318844,-0.019522257149219513,-0.010293465107679367,0.0,0.0,-0.010293466039001942,0.064394012093544,0.05026323348283768,0.02934996411204338,0.09827778488397598,0.15551410615444183,5.098217661725357e-05,0.0,0.0,0.0,-0.23287656903266907,10.088459968566895,0.0454254150390625,9.800445556640625,0.25309303402900696,-10.0,-9.880027770996094,14.67492389678955,2.0,2.0,17.789152145385742,0.30357420444488525,0.28977540135383606,0.30357420444488525,0.29744139313697815,0.0,0.30469265580177307,0.30469265580177307,0.30469265580177307,0.30469265580177307,0.0,-0.959823727607727,0.6948122978210449,-10.72630786895752,0.0,0.0,0.0,0.0,0.0,0.0,0.0,0.0,0.0,0.0,0.0,0.0,0.0,0.0,0.0,0.30469274520874023,0.30469274520874023,0.304692804813385,0.30469274520874023,0.33220455050468445,0.04114978387951851,0.04114978387951851,0.39053526520729065,0.4118903577327728,1.074061632156372,1.191715955734253,0.0,0.0,0.0,0.0,0.0,0.0,0.0
73903871186,0,-0.02080148085951805,-0.14620105922222137,-0.12788167595863342,-0.02080148085951805,-0.14620105922222137,-0.8278816938400269,-0.017328975722193718,0.00655400799587369,0.007293109316378832,0.0,0.0,0.0,-0.012481643818318844,-0.019522257149219513,-0.010293465107679367,0.0,0.0,-0.010293466039001942,0.064394012093544,0.05026323348283768,0.02934996411204338,0.09827778488397598,0.15551410615444183,5.098217661725357e-05,0.0,0.0,0.0,-0.23287656903266907,10.088459968566895,0.0454254150390625,9.800445556640625,0.25309303402900696,-10.0,-9.880027770996094,14.67492389678955,2.0,2.0,17.789152145385742,0.30357420444488525,0.28977540135383606,0.30357420444488525,0.29744139313697815,0.0,0.30469265580177307,0.30469265580177307,0.30469265580177307,0.30469265580177307,0.0,-0.959823727607727,0.6948122978210449,-10.72630786895752,0.0,0.0,0.0,0.0,0.0,0.0,0.0,0.0,0.0,0.0,0.0,0.0,0.0,0.0,0.0,0.30469274520874023,0.30469274520874023,0.304692804813385,0.30469274520874023,0.33220455050468445,0.04114978387951851,0.04114978387951851,0.39053526520729065,0.4118903577327728,1.074061632156372,1.191715955734253,0.0,0.0,0.0,0.0,0.0,0.0,0.0
73907781934,0,-0.02080148085951805,-0.14620105922222137,-0.12788167595863342,-0.02080148085951805,-0.14620105922222137,-0.8278816938400269,-0.017328975722193718,0.00655400799587369,0.007293109316378832,0.0,0.0,0.0,-0.012481643818318844,-0.019522257149219513,-0.010293465107679367,0.0,0.0,-0.010293466039001942,0.064394012093544,0.05026323348283768,0.02934996411204338,0.09827778488397598,0.15551410615444183,5.098217661725357e-05,0.0,0.0,0.0,-0.23287656903266907,10.088459968566895,0.0454254150390625,9.800445556640625,0.25309303402900696,-10.0,-9.880027770996094,14.67492389678955,2.0,2.0,17.789152145385742,0.30357420444488525,0.28977540135383606,0.30357420444488525,0.29744139313697815,0.0,0.30469265580177307,0.30469265580177307,0.30469265580177307,0.30469265580177307,0.0,-0.959823727607727,0.6948122978210449,-10.72630786895752,0.0,0.0,0.0,0.0,0.0,0.0,0.0,0.0,0.0,0.0,0.0,0.0,0.0,0.0,0.0,0.30469274520874023,0.30469274520874023,0.304692804813385,0.30469274520874023,0.33220455050468445,0.04114978387951851,0.04114978387951851,0.39053526520729065,0.4118903577327728,1.074061632156372,1.191715955734253,0.0,0.0,0.0,0.0,0.0,0.0,0.0
73917862802,0,-0.02080148085951805,-0.14620105922222137,-0.12788167595863342,-0.02080148085951805,-0.14620105922222137,-0.8278816938400269,-0.017328975722193718,0.00655400799587369,0.007293109316378832,0.0,0.0,0.0,-0.012481643818318844,-0.019522257149219513,-0.010293465107679367,0.0,0.0,-0.010293466039001942,0.064394012093544,0.05026323348283768,0.02934996411204338,0.09827778488397598,0.15551410615444183,5.098217661725357e-05,0.0,0.0,0.0,-0.23287656903266907,10.088459968566895,0.0454254150390625,9.800445556640625,0.25309303402900696,-10.0,-9.880027770996094,14.67492389678955,2.0,2.0,17.789152145385742,0.30357420444488525,0.28977540135383606,0.30357420444488525,0.29744139313697815,0.0,0.30469265580177307,0.30469265580177307,0.30469265580177307,0.30469265580177307,0.0,-0.959823727607727,0.6948122978210449,-10.72630786895752,0.0,0.0,0.0,0.0,0.0,0.0,0.0,0.0,0.0,0.0,0.0,0.0,0.0,0.0,0.0,0.30469274520874023,0.30469274520874023,0.304692804813385,0.30469274520874023,0.33220455050468445,0.04114978387951851,0.04114978387951851,0.39053526520729065,0.4118903577327728,1.074061632156372,1.191715955734253,0.0,0.0,0.0,0.0,0.0,0.0,0.0
73928035907,0,-0.02080148085951805,-0.14620105922222137,-0.12788167595863342,-0.02080148085951805,-0.14620105922222137,-0.8278816938400269,-0.017328975722193718,0.00655400799587369,0.007293109316378832,0.0,0.0,0.0,-0.012481643818318844,-0.019522257149219513,-0.010293465107679367,0.0,0.0,-0.010293466039001942,0.064394012093544,0.05026323348283768,0.02934996411204338,0.09827778488397598,0.15551410615444183,5.098217661725357e-05,0.0,0.0,0.0,-0.23287656903266907,10.088459968566895,0.0454254150390625,9.800445556640625,0.25309303402900696,-10.0,-9.880027770996094,14.67492389678955,2.0,2.0,17.789152145385742,0.30357420444488525,0.28977540135383606,0.30357420444488525,0.29744139313697815,0.0,0.30469265580177307,0.30469265580177307,0.30469265580177307,0.30469265580177307,0.0,-0.959823727607727,0.6948122978210449,-10.72630786895752,0.0,0.0,0.0,0.0,0.0,0.0,0.0,0.0,0.0,0.0,0.0,0.0,0.0,0.0,0.0,0.30469274520874023,0.30469274520874023,0.304692804813385,0.30469274520874023,0.33220455050468445,0.04114978387951851,0.04114978387951851,0.39053526520729065,0.4118903577327728,1.074061632156372,1.191715955734253,0.0,0.0,0.0,0.0,0.0,0.0,0.0
73937746162,0,-0.02080148085951805,-0.14620105922222137,-0.12788167595863342,-0.02080148085951805,-0.14620105922222137,-0.8278816938400269,-0.017328975722193718,0.00655400799587369,0.007293109316378832,0.0,0.0,0.0,-0.012481643818318844,-0.019522257149219513,-0.010293465107679367,0.0,0.0,-0.010293466039001942,0.064394012093544,0.05026323348283768,0.02934996411204338,0.09827778488397598,0.15551410615444183,5.098217661725357e-05,0.0,0.0,0.0,-0.23287656903266907,10.088459968566895,0.0454254150390625,9.800445556640625,0.25309303402900696,-10.0,-9.880027770996094,14.67492389678955,2.0,2.0,17.789152145385742,0.30357420444488525,0.28977540135383606,0.30357420444488525,0.29590821266174316,0.0,0.30469265580177307,0.30469265580177307,0.30469265580177307,0.30469265580177307,0.0,-0.959823727607727,0.6948122978210449,-10.72630786895752,0.0,0.0,0.0,0.0,0.0,0.0,0.0,0.0,0.0,0.0,0.0,0.0,0.0,0.0,0.0,0.30469274520874023,0.30469274520874023,0.304692804813385,0.30469274520874023,0.33220455050468445,0.04114978387951851,0.04114978387951851,0.39053526520729065,0.4118903577327728,1.074061632156372,1.191715955734253,0.0,0.0,0.0,0.0,0.0,0.0,0.0
73947713768,0,-0.02080148085951805,-0.14620105922222137,-0.12788167595863342,-0.02080148085951805,-0.14620105922222137,-0.8278816938400269,-0.017328975722193718,0.00655400799587369,0.007293109316378832,0.0,0.0,0.0,-0.012481643818318844,-0.019522257149219513,-0.010293465107679367,0.0,0.0,-0.010293466039001942,0.064394012093544,0.05026323348283768,0.02934996411204338,0.09827778488397598,0.15551410615444183,5.098217661725357e-05,0.0,0.0,0.0,-0.23287656903266907,10.088459968566895,0.0454254150390625,9.800445556640625,0.25309303402900696,-10.0,-9.880027770996094,14.67492389678955,2.0,2.0,17.789152145385742,0.30357420444488525,0.28977540135383606,0.30357420444488525,0.29744139313697815,0.0,0.30469265580177307,0.30469265580177307,0.30469265580177307,0.30469265580177307,0.0,-0.959823727607727,0.6948122978210449,-10.72630786895752,0.0,0.0,0.0,0.0,0.0,0.0,0.0,0.0,0.0,0.0,0.0,0.0,0.0,0.0,0.0,0.30469274520874023,0.30469274520874023,0.304692804813385,0.30469274520874023,0.33220455050468445,0.04114978387951851,0.04114978387951851,0.39053526520729065,0.4118903577327728,1.074061632156372,1.191715955734253,0.0,0.0,0.0,0.0,0.0,0.0,0.0
73957766813,0,-0.02080148085951805,-0.14620105922222137,-0.12788167595863342,-0.02080148085951805,-0.14620105922222137,-0.8278816938400269,-0.017328975722193718,0.00655400799587369,0.007293109316378832,0.0,0.0,0.0,-0.012481643818318844,-0.019522257149219513,-0.010293465107679367,0.0,0.0,-0.010293466039001942,0.064394012093544,0.05026323348283768,0.02934996411204338,0.09827778488397598,0.15551410615444183,5.098217661725357e-05,0.0,0.0,0.0,-0.23287656903266907,10.088459968566895,0.0454254150390625,9.800445556640625,0.25309303402900696,-10.0,-9.880027770996094,14.67492389678955,2.0,2.0,17.789152145385742,0.30357420444488525,0.28977540135383606,0.30357420444488525,0.29744139313697815,0.0,0.30469265580177307,0.30469265580177307,0.30469265580177307,0.30469265580177307,0.0,-0.959823727607727,0.6948122978210449,-10.72630786895752,0.0,0.0,0.0,0.0,0.0,0.0,0.0,0.0,0.0,0.0,0.0,0.0,0.0,0.0,0.0,0.30469274520874023,0.30469274520874023,0.304692804813385,0.30469274520874023,0.33220455050468445,0.04114978387951851,0.04114978387951851,0.39053526520729065,0.4118903577327728,1.074061632156372,1.191715955734253,0.0,0.0,0.0,0.0,0.0,0.0,0.0
73967655952,0,-0.02080148085951805,-0.14620105922222137,-0.12788167595863342,-0.02080148085951805,-0.14620105922222137,-0.8278816938400269,-0.017328975722193718,0.00655400799587369,0.007293109316378832,0.0,0.0,0.0,-0.012481643818318844,-0.019522257149219513,-0.010293465107679367,0.0,0.0,-0.010293466039001942,0.064394012093544,0.05026323348283768,0.02934996411204338,0.09827778488397598,0.15551410615444183,5.098217661725357e-05,0.0,0.0,0.0,-0.23287656903266907,10.088459968566895,0.0454254150390625,9.800445556640625,0.25309303402900696,-10.0,-9.880027770996094,14.67492389678955,2.0,2.0,17.789152145385742,0.30357420444488525,0.28977540135383606,0.30357420444488525,0.29744139313697815,0.0,0.30469265580177307,0.30469265580177307,0.30469265580177307,0.30469265580177307,0.0,-0.959823727607727,0.6948122978210449,-10.72630786895752,0.0,0.0,0.0,0.0,0.0,0.0,0.0,0.0,0.0,0.0,0.0,0.0,0.0,0.0,0.0,0.30469274520874023,0.30469274520874023,0.304692804813385,0.30469274520874023,0.33220455050468445,0.04114978387951851,0.04114978387951851,0.39053526520729065,0.4118903577327728,1.074061632156372,1.191715955734253,0.0,0.0,0.0,0.0,0.0,0.0,0.0
73977654000,0,-0.02080148085951805,-0.14620105922222137,-0.12788167595863342,-0.02080148085951805,-0.14620105922222137,-0.8278816938400269,-0.017328975722193718,0.00655400799587369,0.007293109316378832,0.0,0.0,0.0,-0.012481643818318844,-0.019522257149219513,-0.010293465107679367,0.0,0.0,-0.010293466039001942,0.064394012093544,0.05026323348283768,0.02934996411204338,0.09827778488397598,0.15551410615444183,5.098217661725357e-05,0.0,0.0,0.0,-0.23287656903266907,10.088459968566895,0.0454254150390625,9.800445556640625,0.25309303402900696,-10.0,-9.880027770996094,14.67492389678955,2.0,2.0,17.789152145385742,0.30357420444488525,0.28977540135383606,0.30357420444488525,0.29744139313697815,0.0,0.30469265580177307,0.30469265580177307,0.30469265580177307,0.30469265580177307,0.0,-0.959823727607727,0.6948122978210449,-10.72630786895752,0.0,0.0,0.0,0.0,0.0,0.0,0.0,0.0,0.0,0.0,0.0,0.0,0.0,0.0,0.0,0.30469274520874023,0.30469274520874023,0.304692804813385,0.30469274520874023,0.33220455050468445,0.04114978387951851,0.04114978387951851,0.39053526520729065,0.4118903577327728,1.074061632156372,1.191715955734253,0.0,0.0,0.0,0.0,0.0,0.0,0.0
73987741398,0,-0.02080148085951805,-0.14620105922222137,-0.12788167595863342,-0.02080148085951805,-0.14620105922222137,-0.8278816938400269,-0.017328975722193718,0.00655400799587369,0.007293109316378832,0.0,0.0,0.0,-0.012481643818318844,-0.019522257149219513,-0.010293465107679367,0.0,0.0,-0.010293466039001942,0.064394012093544,0.05026323348283768,0.02934996411204338,0.09827778488397598,0.15551410615444183,5.098217661725357e-05,0.0,0.0,0.0,-0.23287656903266907,10.088459968566895,0.0454254150390625,9.800445556640625,0.25309303402900696,-10.0,-9.880027770996094,14.67492389678955,2.0,2.0,17.789152145385742,0.30357420444488525,0.28977540135383606,0.30357420444488525,0.29590821266174316,0.0,0.30469265580177307,0.30469265580177307,0.30469265580177307,0.30469265580177307,0.0,-0.959823727607727,0.6948122978210449,-10.72630786895752,0.0,0.0,0.0,0.0,0.0,0.0,0.0,0.0,0.0,0.0,0.0,0.0,0.0,0.0,0.0,0.30469274520874023,0.30469274520874023,0.304692804813385,0.30469274520874023,0.33220455050468445,0.04114978387951851,0.04114978387951851,0.39053526520729065,0.4118903577327728,1.074061632156372,1.191715955734253,0.0,0.0,0.0,0.0,0.0,0.0,0.0
73997681502,0,-0.02080148085951805,-0.14620105922222137,-0.12788167595863342,-0.02080148085951805,-0.14620105922222137,-0.8278816938400269,-0.017328975722193718,0.00655400799587369,0.007293109316378832,0.0,0.0,0.0,-0.012481643818318844,-0.019522257149219513,-0.010293465107679367,0.0,0.0,-0.010293466039001942,0.064394012093544,0.05026323348283768,0.02934996411204338,0.09827778488397598,0.15551410615444183,5.098217661725357e-05,0.0,0.0,0.0,-0.23287656903266907,10.088459968566895,0.0454254150390625,9.800445556640625,0.25309303402900696,-10.0,-9.880027770996094,14.67492389678955,2.0,2.0,17.789152145385742,0.30357420444488525,0.28977540135383606,0.30357420444488525,0.29590821266174316,0.0,0.30469265580177307,0.30469265580177307,0.30469265580177307,0.30469265580177307,0.0,-0.959823727607727,0.6948122978210449,-10.72630786895752,0.0,0.0,0.0,0.0,0.0,0.0,0.0,0.0,0.0,0.0,0.0,0.0,0.0,0.0,0.0,0.30469274520874023,0.30469274520874023,0.304692804813385,0.30469274520874023,0.33220455050468445,0.04114978387951851,0.04114978387951851,0.39053526520729065,0.4118903577327728,1.074061632156372,1.191715955734253,0.0,0.0,0.0,0.0,0.0,0.0,0.0
74007772923,0,-0.02080148085951805,-0.14620105922222137,-0.12788167595863342,-0.02080148085951805,-0.14620105922222137,-0.8278816938400269,-0.017328975722193718,0.00655400799587369,0.007293109316378832,0.0,0.0,0.0,-0.012481643818318844,-0.019522257149219513,-0.010293465107679367,0.0,0.0,-0.010293466039001942,0.064394012093544,0.05026323348283768,0.02934996411204338,0.09827778488397598,0.15551410615444183,5.098217661725357e-05,0.0,0.0,0.0,-0.23287656903266907,10.088459968566895,0.0454254150390625,9.800445556640625,0.25309303402900696,-10.0,-9.880027770996094,14.67492389678955,2.0,2.0,17.789152145385742,0.30357420444488525,0.28977540135383606,0.30357420444488525,0.29744139313697815,0.0,0.30469265580177307,0.30469265580177307,0.30469265580177307,0.30469265580177307,0.0,-0.959823727607727,0.6948122978210449,-10.72630786895752,0.0,0.0,0.0,0.0,0.0,0.0,0.0,0.0,0.0,0.0,0.0,0.0,0.0,0.0,0.0,0.30469274520874023,0.30469274520874023,0.304692804813385,0.30469274520874023,0.33220455050468445,0.04114978387951851,0.04114978387951851,0.39053526520729065,0.4118903577327728,1.074061632156372,1.191715955734253,0.0,0.0,0.0,0.0,0.0,0.0,0.0
74017929732,0,-0.02080148085951805,-0.14620105922222137,-0.12788167595863342,-0.02080148085951805,-0.14620105922222137,-0.8278816938400269,-0.017328975722193718,0.00655400799587369,0.007293109316378832,0.0,0.0,0.0,-0.012481643818318844,-0.019522257149219513,-0.010293465107679367,0.0,0.0,-0.010293466039001942,0.064394012093544,0.05026323348283768,0.02934996411204338,0.09827778488397598,0.15551410615444183,5.098217661725357e-05,0.0,0.0,0.0,-0.23287656903266907,10.088459968566895,0.0454254150390625,9.800445556640625,0.25309303402900696,-10.0,-9.880027770996094,14.67492389678955,2.0,2.0,17.789152145385742,0.30357420444488525,0.28977540135383606,0.30357420444488525,0.29590821266174316,0.0,0.30469265580177307,0.30469265580177307,0.30469265580177307,0.30469265580177307,0.0,-0.959823727607727,0.6948122978210449,-10.72630786895752,0.0,0.0,0.0,0.0,0.0,0.0,0.0,0.0,0.0,0.0,0.0,0.0,0.0,0.0,0.0,0.30469274520874023,0.30469274520874023,0.304692804813385,0.30469274520874023,0.33220455050468445,0.04114978387951851,0.04114978387951851,0.39053526520729065,0.4118903577327728,1.074061632156372,1.191715955734253,0.0,0.0,0.0,0.0,0.0,0.0,0.0
74028521689,0,-0.02080148085951805,-0.14620105922222137,-0.12788167595863342,-0.02080148085951805,-0.14620105922222137,-0.8278816938400269,-0.017328975722193718,0.00655400799587369,0.007293109316378832,0.0,0.0,0.0,-0.012481643818318844,-0.019522257149219513,-0.010293465107679367,0.0,0.0,-0.010293466039001942,0.064394012093544,0.05026323348283768,0.02934996411204338,0.09827778488397598,0.15551410615444183,5.098217661725357e-05,0.0,0.0,0.0,-0.23287656903266907,10.088459968566895,0.0454254150390625,9.800445556640625,0.25309303402900696,-10.0,-9.880027770996094,14.67492389678955,2.0,2.0,17.789152145385742,0.30357420444488525,0.28977540135383606,0.30357420444488525,0.29744139313697815,0.0,0.30469265580177307,0.30469265580177307,0.30469265580177307,0.30469265580177307,0.0,-0.959823727607727,0.6948122978210449,-10.72630786895752,0.0,0.0,0.0,0.0,0.0,0.0,0.0,0.0,0.0,0.0,0.0,0.0,0.0,0.0,0.0,0.30469274520874023,0.30469274520874023,0.304692804813385,0.30469274520874023,0.33220455050468445,0.04114978387951851,0.04114978387951851,0.39053526520729065,0.4118903577327728,1.074061632156372,1.191715955734253,0.0,0.0,0.0,0.0,0.0,0.0,0.0
74039632876,0,-0.02080148085951805,-0.14620105922222137,-0.12788167595863342,-0.02080148085951805,-0.14620105922222137,-0.8278816938400269,-0.017328975722193718,0.00655400799587369,0.007293109316378832,0.0,0.0,0.0,-0.012481643818318844,-0.019522257149219513,-0.010293465107679367,0.0,0.0,-0.010293466039001942,0.064394012093544,0.05026323348283768,0.02934996411204338,0.09827778488397598,0.15551410615444183,5.098217661725357e-05,0.0,0.0,0.0,-0.23287656903266907,10.088459968566895,0.0454254150390625,9.800445556640625,0.25309303402900696,-10.0,-9.880027770996094,14.67492389678955,2.0,2.0,17.789152145385742,0.30357420444488525,0.28977540135383606,0.30357420444488525,0.29590821266174316,0.0,0.30469265580177307,0.30469265580177307,0.30469265580177307,0.30469265580177307,0.0,-0.959823727607727,0.6948122978210449,-10.72630786895752,0.0,0.0,0.0,0.0,0.0,0.0,0.0,0.0,0.0,0.0,0.0,0.0,0.0,0.0,0.0,0.30469274520874023,0.30469274520874023,0.304692804813385,0.30469274520874023,0.33220455050468445,0.04114978387951851,0.04114978387951851,0.39053526520729065,0.4118903577327728,1.074061632156372,1.191715955734253,0.0,0.0,0.0,0.0,0.0,0.0,0.0
74049001085,0,-0.02080148085951805,-0.14620105922222137,-0.12788167595863342,-0.02080148085951805,-0.14620105922222137,-0.8278816938400269,-0.017328975722193718,0.00655400799587369,0.007293109316378832,0.0,0.0,0.0,-0.012481643818318844,-0.019522257149219513,-0.010293465107679367,0.0,0.0,-0.010293466039001942,0.064394012093544,0.05026323348283768,0.02934996411204338,0.09827778488397598,0.15551410615444183,5.098217661725357e-05,0.0,0.0,0.0,-0.23287656903266907,10.088459968566895,0.0454254150390625,9.800445556640625,0.25309303402900696,-10.0,-9.880027770996094,14.67492389678955,2.0,2.0,17.789152145385742,0.30357420444488525,0.28977540135383606,0.30357420444488525,0.29744139313697815,0.0,0.30469265580177307,0.30469265580177307,0.30469265580177307,0.30469265580177307,0.0,-0.959823727607727,0.6948122978210449,-10.72630786895752,0.0,0.0,0.0,0.0,0.0,0.0,0.0,0.0,0.0,0.0,0.0,0.0,0.0,0.0,0.0,0.30469274520874023,0.30469274520874023,0.304692804813385,0.30469274520874023,0.33220455050468445,0.04114978387951851,0.04114978387951851,0.39053526520729065,0.4118903577327728,1.074061632156372,1.191715955734253,0.0,0.0,0.0,0.0,0.0,0.0,0.0
74058885047,0,-0.02080148085951805,-0.14620105922222137,-0.12788167595863342,-0.02080148085951805,-0.14620105922222137,-0.8278816938400269,-0.017328975722193718,0.00655400799587369,0.007293109316378832,0.0,0.0,0.0,-0.012481643818318844,-0.019522257149219513,-0.010293465107679367,0.0,0.0,-0.010293466039001942,0.064394012093544,0.05026323348283768,0.02934996411204338,0.09827778488397598,0.15551410615444183,5.098217661725357e-05,0.0,0.0,0.0,-0.23287656903266907,10.088459968566895,0.0454254150390625,9.800445556640625,0.25309303402900696,-10.0,-9.880027770996094,14.67492389678955,2.0,2.0,17.789152145385742,0.30357420444488525,0.28977540135383606,0.30357420444488525,0.29744139313697815,0.0,0.30469265580177307,0.30469265580177307,0.30469265580177307,0.30469265580177307,0.0,-0.959823727607727,0.6948122978210449,-10.72630786895752,0.0,0.0,0.0,0.0,0.0,0.0,0.0,0.0,0.0,0.0,0.0,0.0,0.0,0.0,0.0,0.30469274520874023,0.30469274520874023,0.304692804813385,0.30469274520874023,0.33220455050468445,0.04114978387951851,0.04114978387951851,0.39053526520729065,0.4118903577327728,1.074061632156372,1.191715955734253,0.0,0.0,0.0,0.0,0.0,0.0,0.0
74067833824,0,-0.02080148085951805,-0.14620105922222137,-0.12788167595863342,-0.02080148085951805,-0.14620105922222137,-0.8278816938400269,-0.017328975722193718,0.00655400799587369,0.007293109316378832,0.0,0.0,0.0,-0.012481643818318844,-0.019522257149219513,-0.010293465107679367,0.0,0.0,-0.010293466039001942,0.064394012093544,0.05026323348283768,0.02934996411204338,0.09827778488397598,0.15551410615444183,5.098217661725357e-05,0.0,0.0,0.0,-0.23287656903266907,10.088459968566895,0.0454254150390625,9.800445556640625,0.25309303402900696,-10.0,-9.880027770996094,14.67492389678955,2.0,2.0,17.789152145385742,0.30357420444488525,0.28977540135383606,0.30357420444488525,0.29744139313697815,0.0,0.30469265580177307,0.30469265580177307,0.30469265580177307,0.30469265580177307,0.0,-0.959823727607727,0.6948122978210449,-10.72630786895752,0.0,0.0,0.0,0.0,0.0,0.0,0.0,0.0,0.0,0.0,0.0,0.0,0.0,0.0,0.0,0.30469274520874023,0.30469274520874023,0.304692804813385,0.30469274520874023,0.33220455050468445,0.04114978387951851,0.04114978387951851,0.39053526520729065,0.4118903577327728,1.074061632156372,1.191715955734253,0.0,0.0,0.0,0.0,0.0,0.0,0.0
74078274859,0,-0.02080148085951805,-0.14620105922222137,-0.12788167595863342,-0.02080148085951805,-0.14620105922222137,-0.8278816938400269,-0.017328975722193718,0.00655400799587369,0.007293109316378832,0.0,0.0,0.0,-0.012481643818318844,-0.019522257149219513,-0.010293465107679367,0.0,0.0,-0.010293466039001942,0.064394012093544,0.05026323348283768,0.02934996411204338,0.09827778488397598,0.15551410615444183,5.098217661725357e-05,0.0,0.0,0.0,-0.23287656903266907,10.088459968566895,0.0454254150390625,9.800445556640625,0.25309303402900696,-10.0,-9.880027770996094,14.67492389678955,2.0,2.0,17.789152145385742,0.30357420444488525,0.28977540135383606,0.30357420444488525,0.29744139313697815,0.0,0.30469265580177307,0.30469265580177307,0.30469265580177307,0.30469265580177307,0.0,-0.959823727607727,0.6948122978210449,-10.72630786895752,0.0,0.0,0.0,0.0,0.0,0.0,0.0,0.0,0.0,0.0,0.0,0.0,0.0,0.0,0.0,0.30469274520874023,0.30469274520874023,0.304692804813385,0.30469274520874023,0.33220455050468445,0.04114978387951851,0.04114978387951851,0.39053526520729065,0.4118903577327728,1.074061632156372,1.191715955734253,0.0,0.0,0.0,0.0,0.0,0.0,0.0
74108288775,0,-0.02080148085951805,-0.14620105922222137,-0.12788167595863342,-0.02080148085951805,-0.14620105922222137,-0.8278816938400269,-0.017328975722193718,0.00655400799587369,0.007293109316378832,0.0,0.0,0.0,-0.012481643818318844,-0.019522257149219513,-0.010293465107679367,0.0,0.0,-0.010293466039001942,0.064394012093544,0.05026323348283768,0.02934996411204338,0.09827778488397598,0.15551410615444183,5.098217661725357e-05,0.0,0.0,0.0,-0.23287656903266907,10.088459968566895,0.0454254150390625,9.800445556640625,0.25309303402900696,-10.0,-9.880027770996094,14.67492389678955,2.0,2.0,17.789152145385742,0.30357420444488525,0.28977540135383606,0.30357420444488525,0.29744139313697815,0.0,0.30469265580177307,0.30469265580177307,0.30469265580177307,0.30469265580177307,0.0,-0.959823727607727,0.6948122978210449,-10.72630786895752,0.0,0.0,0.0,0.0,0.0,0.0,0.0,0.0,0.0,0.0,0.0,0.0,0.0,0.0,0.0,0.30469274520874023,0.30469274520874023,0.304692804813385,0.30469274520874023,0.33220455050468445,0.04114978387951851,0.04114978387951851,0.39053526520729065,0.4118903577327728,1.074061632156372,1.191715955734253,0.0,0.0,0.0,0.0,0.0,0.0,0.0
74108341457,0,-0.02080148085951805,-0.14620105922222137,-0.12788167595863342,-0.02080148085951805,-0.14620105922222137,-0.8278816938400269,-0.017328975722193718,0.00655400799587369,0.007293109316378832,0.0,0.0,0.0,-0.012481643818318844,-0.019522257149219513,-0.010293465107679367,0.0,0.0,-0.010293466039001942,0.064394012093544,0.05026323348283768,0.02934996411204338,0.09827778488397598,0.15551410615444183,5.098217661725357e-05,0.0,0.0,0.0,-0.23287656903266907,10.088459968566895,0.0454254150390625,9.800445556640625,0.25309303402900696,-10.0,-9.880027770996094,14.67492389678955,2.0,2.0,17.789152145385742,0.30357420444488525,0.28977540135383606,0.30357420444488525,0.29590821266174316,0.0,0.30469265580177307,0.30469265580177307,0.30469265580177307,0.30469265580177307,0.0,-0.959823727607727,0.6948122978210449,-10.72630786895752,0.0,0.0,0.0,0.0,0.0,0.0,0.0,0.0,0.0,0.0,0.0,0.0,0.0,0.0,0.0,0.30469274520874023,0.30469274520874023,0.304692804813385,0.30469274520874023,0.33220455050468445,0.04114978387951851,0.04114978387951851,0.39053526520729065,0.4118903577327728,1.074061632156372,1.191715955734253,0.0,0.0,0.0,0.0,0.0,0.0,0.0
74108365820,0,-0.02080148085951805,-0.14620105922222137,-0.12788167595863342,-0.02080148085951805,-0.14620105922222137,-0.8278816938400269,-0.017328975722193718,0.00655400799587369,0.007293109316378832,0.0,0.0,0.0,-0.012481643818318844,-0.019522257149219513,-0.010293465107679367,0.0,0.0,-0.010293466039001942,0.064394012093544,0.05026323348283768,0.02934996411204338,0.09827778488397598,0.15551410615444183,5.098217661725357e-05,0.0,0.0,0.0,-0.23287656903266907,10.088459968566895,0.0454254150390625,9.800445556640625,0.25309303402900696,-10.0,-9.880027770996094,14.67492389678955,2.0,2.0,17.789152145385742,0.30357420444488525,0.28977540135383606,0.30357420444488525,0.29744139313697815,0.0,0.30469265580177307,0.30469265580177307,0.30469265580177307,0.30469265580177307,0.0,-0.959823727607727,0.6948122978210449,-10.72630786895752,0.0,0.0,0.0,0.0,0.0,0.0,0.0,0.0,0.0,0.0,0.0,0.0,0.0,0.0,0.0,0.30469274520874023,0.30469274520874023,0.304692804813385,0.30469274520874023,0.33220455050468445,0.04114978387951851,0.04114978387951851,0.39053526520729065,0.4118903577327728,1.074061632156372,1.191715955734253,0.0,0.0,0.0,0.0,0.0,0.0,0.0
74118017635,0,-0.02080148085951805,-0.14620105922222137,-0.12788167595863342,-0.02080148085951805,-0.14620105922222137,-0.8278816938400269,-0.017328975722193718,0.00655400799587369,0.007293109316378832,0.0,0.0,0.0,-0.012481643818318844,-0.019522257149219513,-0.010293465107679367,0.0,0.0,-0.010293466039001942,0.064394012093544,0.05026323348283768,0.02934996411204338,0.09827778488397598,0.15551410615444183,5.098217661725357e-05,0.0,0.0,0.0,-0.23287656903266907,10.088459968566895,0.0454254150390625,9.800445556640625,0.25309303402900696,-10.0,-9.880027770996094,14.67492389678955,2.0,2.0,17.789152145385742,0.30357420444488525,0.28977540135383606,0.30357420444488525,0.29590821266174316,0.0,0.30469265580177307,0.30469265580177307,0.30469265580177307,0.30469265580177307,0.0,-0.959823727607727,0.6948122978210449,-10.72630786895752,0.0,0.0,0.0,0.0,0.0,0.0,0.0,0.0,0.0,0.0,0.0,0.0,0.0,0.0,0.0,0.30469274520874023,0.30469274520874023,0.304692804813385,0.30469274520874023,0.33220455050468445,0.04114978387951851,0.04114978387951851,0.39053526520729065,0.4118903577327728,1.074061632156372,1.191715955734253,0.0,0.0,0.0,0.0,0.0,0.0,0.0
74127680954,0,-0.02080148085951805,-0.14620105922222137,-0.12788167595863342,-0.02080148085951805,-0.14620105922222137,-0.8278816938400269,-0.017328975722193718,0.00655400799587369,0.007293109316378832,0.0,0.0,0.0,-0.012481643818318844,-0.019522257149219513,-0.010293465107679367,0.0,0.0,-0.010293466039001942,0.064394012093544,0.05026323348283768,0.02934996411204338,0.09827778488397598,0.15551410615444183,5.098217661725357e-05,0.0,0.0,0.0,-0.23287656903266907,10.088459968566895,0.0454254150390625,9.800445556640625,0.25309303402900696,-10.0,-9.880027770996094,14.67492389678955,2.0,2.0,17.789152145385742,0.30357420444488525,0.28977540135383606,0.30357420444488525,0.29744139313697815,0.0,0.30469265580177307,0.30469265580177307,0.30469265580177307,0.30469265580177307,0.0,-0.959823727607727,0.6948122978210449,-10.72630786895752,0.0,0.0,0.0,0.0,0.0,0.0,0.0,0.0,0.0,0.0,0.0,0.0,0.0,0.0,0.0,0.30469274520874023,0.30469274520874023,0.304692804813385,0.30469274520874023,0.33220455050468445,0.04114978387951851,0.04114978387951851,0.39053526520729065,0.4118903577327728,1.074061632156372,1.191715955734253,0.0,0.0,0.0,0.0,0.0,0.0,0.0
74137587188,0,-0.02080148085951805,-0.14620105922222137,-0.12788167595863342,-0.02080148085951805,-0.14620105922222137,-0.8278816938400269,-0.017328975722193718,0.00655400799587369,0.007293109316378832,0.0,0.0,0.0,-0.012481643818318844,-0.019522257149219513,-0.010293465107679367,0.0,0.0,-0.010293466039001942,0.064394012093544,0.05026323348283768,0.02934996411204338,0.09827778488397598,0.15551410615444183,5.098217661725357e-05,0.0,0.0,0.0,-0.23287656903266907,10.088459968566895,0.0454254150390625,9.800445556640625,0.25309303402900696,-10.0,-9.880027770996094,14.67492389678955,2.0,2.0,17.789152145385742,0.30357420444488525,0.28977540135383606,0.30357420444488525,0.29590821266174316,0.0,0.30469265580177307,0.30469265580177307,0.30469265580177307,0.30469265580177307,0.0,-0.959823727607727,0.6948122978210449,-10.72630786895752,0.0,0.0,0.0,0.0,0.0,0.0,0.0,0.0,0.0,0.0,0.0,0.0,0.0,0.0,0.0,0.30469274520874023,0.30469274520874023,0.304692804813385,0.30469274520874023,0.33220455050468445,0.04114978387951851,0.04114978387951851,0.39053526520729065,0.4118903577327728,1.074061632156372,1.191715955734253,0.0,0.0,0.0,0.0,0.0,0.0,0.0
74148599585,0,-0.02080148085951805,-0.14620105922222137,-0.12788167595863342,-0.02080148085951805,-0.14620105922222137,-0.8278816938400269,-0.017328975722193718,0.00655400799587369,0.007293109316378832,0.0,0.0,0.0,-0.012481643818318844,-0.019522257149219513,-0.010293465107679367,0.0,0.0,-0.010293466039001942,0.064394012093544,0.05026323348283768,0.02934996411204338,0.09827778488397598,0.15551410615444183,5.098217661725357e-05,0.0,0.0,0.0,-0.23287656903266907,10.088459968566895,0.0454254150390625,9.800445556640625,0.25309303402900696,-10.0,-9.880027770996094,14.67492389678955,2.0,2.0,17.789152145385742,0.30357420444488525,0.28977540135383606,0.30357420444488525,0.29590821266174316,0.0,0.30469265580177307,0.30469265580177307,0.30469265580177307,0.30469265580177307,0.0,-0.959823727607727,0.6948122978210449,-10.72630786895752,0.0,0.0,0.0,0.0,0.0,0.0,0.0,0.0,0.0,0.0,0.0,0.0,0.0,0.0,0.0,0.30469274520874023,0.30469274520874023,0.304692804813385,0.30469274520874023,0.33220455050468445,0.04114978387951851,0.04114978387951851,0.39053526520729065,0.4118903577327728,1.074061632156372,1.191715955734253,0.0,0.0,0.0,0.0,0.0,0.0,0.0
74157727927,0,-0.02080148085951805,-0.14620105922222137,-0.12788167595863342,-0.02080148085951805,-0.14620105922222137,-0.8278816938400269,-0.017328975722193718,0.00655400799587369,0.007293109316378832,0.0,0.0,0.0,-0.012481643818318844,-0.019522257149219513,-0.010293465107679367,0.0,0.0,-0.010293466039001942,0.064394012093544,0.05026323348283768,0.02934996411204338,0.09827778488397598,0.15551410615444183,5.098217661725357e-05,0.0,0.0,0.0,-0.23287656903266907,10.088459968566895,0.0454254150390625,9.800445556640625,0.25309303402900696,-10.0,-9.880027770996094,14.67492389678955,2.0,2.0,17.789152145385742,0.30357420444488525,0.28977540135383606,0.30357420444488525,0.29744139313697815,0.0,0.30469265580177307,0.30469265580177307,0.30469265580177307,0.30469265580177307,0.0,-0.959823727607727,0.6948122978210449,-10.72630786895752,0.0,0.0,0.0,0.0,0.0,0.0,0.0,0.0,0.0,0.0,0.0,0.0,0.0,0.0,0.0,0.30469274520874023,0.30469274520874023,0.304692804813385,0.30469274520874023,0.33220455050468445,0.04114978387951851,0.04114978387951851,0.39053526520729065,0.4118903577327728,1.074061632156372,1.191715955734253,0.0,0.0,0.0,0.0,0.0,0.0,0.0
74167716167,0,-0.02080148085951805,-0.14620105922222137,-0.12788167595863342,-0.02080148085951805,-0.14620105922222137,-0.8278816938400269,-0.017328975722193718,0.00655400799587369,0.007293109316378832,0.0,0.0,0.0,-0.012481643818318844,-0.019522257149219513,-0.010293465107679367,0.0,0.0,-0.010293466039001942,0.064394012093544,0.05026323348283768,0.02934996411204338,0.09827778488397598,0.15551410615444183,5.098217661725357e-05,0.0,0.0,0.0,-0.23287656903266907,10.088459968566895,0.0454254150390625,9.800445556640625,0.25309303402900696,-10.0,-9.880027770996094,14.67492389678955,2.0,2.0,17.789152145385742,0.30357420444488525,0.28977540135383606,0.30357420444488525,0.29744139313697815,0.0,0.30469265580177307,0.30469265580177307,0.30469265580177307,0.30469265580177307,0.0,-0.959823727607727,0.6948122978210449,-10.72630786895752,0.0,0.0,0.0,0.0,0.0,0.0,0.0,0.0,0.0,0.0,0.0,0.0,0.0,0.0,0.0,0.30469274520874023,0.30469274520874023,0.304692804813385,0.30469274520874023,0.33220455050468445,0.04114978387951851,0.04114978387951851,0.39053526520729065,0.4118903577327728,1.074061632156372,1.191715955734253,0.0,0.0,0.0,0.0,0.0,0.0,0.0
74177876926,0,-0.02080148085951805,-0.14620105922222137,-0.12788167595863342,-0.02080148085951805,-0.14620105922222137,-0.8278816938400269,-0.017328975722193718,0.00655400799587369,0.007293109316378832,0.0,0.0,0.0,-0.012481643818318844,-0.019522257149219513,-0.010293465107679367,0.0,0.0,-0.010293466039001942,0.064394012093544,0.05026323348283768,0.02934996411204338,0.09827778488397598,0.15551410615444183,5.098217661725357e-05,0.0,0.0,0.0,-0.23287656903266907,10.088459968566895,0.0454254150390625,9.800445556640625,0.25309303402900696,-10.0,-9.880027770996094,14.67492389678955,2.0,2.0,17.789152145385742,0.30357420444488525,0.28977540135383606,0.30357420444488525,0.29744139313697815,0.0,0.30469265580177307,0.30469265580177307,0.30469265580177307,0.30469265580177307,0.0,-0.959823727607727,0.6948122978210449,-10.72630786895752,0.0,0.0,0.0,0.0,0.0,0.0,0.0,0.0,0.0,0.0,0.0,0.0,0.0,0.0,0.0,0.30469274520874023,0.30469274520874023,0.304692804813385,0.30469274520874023,0.33220455050468445,0.04114978387951851,0.04114978387951851,0.39053526520729065,0.4118903577327728,1.074061632156372,1.191715955734253,0.0,0.0,0.0,0.0,0.0,0.0,0.0
74187861888,0,-0.02080148085951805,-0.14620105922222137,-0.12788167595863342,-0.02080148085951805,-0.14620105922222137,-0.8278816938400269,-0.017328975722193718,0.00655400799587369,0.007293109316378832,0.0,0.0,0.0,-0.012481643818318844,-0.019522257149219513,-0.010293465107679367,0.0,0.0,-0.010293466039001942,0.064394012093544,0.05026323348283768,0.02934996411204338,0.09827778488397598,0.15551410615444183,5.098217661725357e-05,0.0,0.0,0.0,-0.23287656903266907,10.088459968566895,0.0454254150390625,9.800445556640625,0.25309303402900696,-10.0,-9.880027770996094,14.67492389678955,2.0,2.0,17.789152145385742,0.30357420444488525,0.28977540135383606,0.30357420444488525,0.29590821266174316,0.0,0.30469265580177307,0.30469265580177307,0.30469265580177307,0.30469265580177307,0.0,-0.959823727607727,0.6948122978210449,-10.72630786895752,0.0,0.0,0.0,0.0,0.0,0.0,0.0,0.0,0.0,0.0,0.0,0.0,0.0,0.0,0.0,0.30469274520874023,0.30469274520874023,0.304692804813385,0.30469274520874023,0.33220455050468445,0.04114978387951851,0.04114978387951851,0.39053526520729065,0.4118903577327728,1.074061632156372,1.191715955734253,0.0,0.0,0.0,0.0,0.0,0.0,0.0
74197886947,0,-0.02080148085951805,-0.14620105922222137,-0.12788167595863342,-0.02080148085951805,-0.14620105922222137,-0.8278816938400269,-0.017328975722193718,0.00655400799587369,0.007293109316378832,0.0,0.0,0.0,-0.012481643818318844,-0.019522257149219513,-0.010293465107679367,0.0,0.0,-0.010293466039001942,0.064394012093544,0.05026323348283768,0.02934996411204338,0.09827778488397598,0.15551410615444183,5.098217661725357e-05,0.0,0.0,0.0,-0.23287656903266907,10.088459968566895,0.0454254150390625,9.800445556640625,0.25309303402900696,-10.0,-9.880027770996094,14.67492389678955,2.0,2.0,17.789152145385742,0.30357420444488525,0.28977540135383606,0.30357420444488525,0.29744139313697815,0.0,0.30469265580177307,0.30469265580177307,0.30469265580177307,0.30469265580177307,0.0,-0.959823727607727,0.6948122978210449,-10.72630786895752,0.0,0.0,0.0,0.0,0.0,0.0,0.0,0.0,0.0,0.0,0.0,0.0,0.0,0.0,0.0,0.30469274520874023,0.30469274520874023,0.304692804813385,0.30469274520874023,0.33220455050468445,0.04114978387951851,0.04114978387951851,0.39053526520729065,0.4118903577327728,1.074061632156372,1.191715955734253,0.0,0.0,0.0,0.0,0.0,0.0,0.0
74207781610,0,-0.02080148085951805,-0.14620105922222137,-0.12788167595863342,-0.02080148085951805,-0.14620105922222137,-0.8278816938400269,-0.017328975722193718,0.00655400799587369,0.007293109316378832,0.0,0.0,0.0,-0.012481643818318844,-0.019522257149219513,-0.010293465107679367,0.0,0.0,-0.010293466039001942,0.064394012093544,0.05026323348283768,0.02934996411204338,0.09827778488397598,0.15551410615444183,5.098217661725357e-05,0.0,0.0,0.0,-0.23287656903266907,10.088459968566895,0.0454254150390625,9.800445556640625,0.25309303402900696,-10.0,-9.880027770996094,14.67492389678955,2.0,2.0,17.789152145385742,0.30357420444488525,0.28977540135383606,0.30357420444488525,0.29744139313697815,0.0,0.30469265580177307,0.30469265580177307,0.30469265580177307,0.30469265580177307,0.0,-0.959823727607727,0.6948122978210449,-10.72630786895752,0.0,0.0,0.0,0.0,0.0,0.0,0.0,0.0,0.0,0.0,0.0,0.0,0.0,0.0,0.0,0.30469274520874023,0.30469274520874023,0.304692804813385,0.30469274520874023,0.33220455050468445,0.04114978387951851,0.04114978387951851,0.39053526520729065,0.4118903577327728,1.074061632156372,1.191715955734253,0.0,0.0,0.0,0.0,0.0,0.0,0.0
74217635432,0,-0.02080148085951805,-0.14620105922222137,-0.12788167595863342,-0.02080148085951805,-0.14620105922222137,-0.8278816938400269,-0.017328975722193718,0.00655400799587369,0.007293109316378832,0.0,0.0,0.0,-0.012481643818318844,-0.019522257149219513,-0.010293465107679367,0.0,0.0,-0.010293466039001942,0.064394012093544,0.05026323348283768,0.02934996411204338,0.09827778488397598,0.15551410615444183,5.098217661725357e-05,0.0,0.0,0.0,-0.23287656903266907,10.088459968566895,0.0454254150390625,9.800445556640625,0.25309303402900696,-10.0,-9.880027770996094,14.67492389678955,2.0,2.0,17.789152145385742,0.30357420444488525,0.28977540135383606,0.30357420444488525,0.29744139313697815,0.0,0.30469265580177307,0.30469265580177307,0.30469265580177307,0.30469265580177307,0.0,-0.959823727607727,0.6948122978210449,-10.72630786895752,0.0,0.0,0.0,0.0,0.0,0.0,0.0,0.0,0.0,0.0,0.0,0.0,0.0,0.0,0.0,0.30469274520874023,0.30469274520874023,0.304692804813385,0.30469274520874023,0.33220455050468445,0.04114978387951851,0.04114978387951851,0.39053526520729065,0.4118903577327728,1.074061632156372,1.191715955734253,0.0,0.0,0.0,0.0,0.0,0.0,0.0
74228419094,0,-0.02080148085951805,-0.14620105922222137,-0.12788167595863342,-0.02080148085951805,-0.14620105922222137,-0.8278816938400269,-0.017328975722193718,0.00655400799587369,0.007293109316378832,0.0,0.0,0.0,-0.012481643818318844,-0.019522257149219513,-0.010293465107679367,0.0,0.0,-0.010293466039001942,0.064394012093544,0.05026323348283768,0.02934996411204338,0.09827778488397598,0.15551410615444183,5.098217661725357e-05,0.0,0.0,0.0,-0.23287656903266907,10.088459968566895,0.0454254150390625,9.800445556640625,0.25309303402900696,-10.0,-9.880027770996094,14.67492389678955,2.0,2.0,17.789152145385742,0.30357420444488525,0.28977540135383606,0.30357420444488525,0.29744139313697815,0.0,0.30469265580177307,0.30469265580177307,0.30469265580177307,0.30469265580177307,0.0,-0.959823727607727,0.6948122978210449,-10.72630786895752,0.0,0.0,0.0,0.0,0.0,0.0,0.0,0.0,0.0,0.0,0.0,0.0,0.0,0.0,0.0,0.30469274520874023,0.30469274520874023,0.304692804813385,0.30469274520874023,0.33220455050468445,0.04114978387951851,0.04114978387951851,0.39053526520729065,0.4118903577327728,1.074061632156372,1.191715955734253,0.0,0.0,0.0,0.0,0.0,0.0,0.0
74240446415,0,-0.02080148085951805,-0.14620105922222137,-0.12788167595863342,-0.02080148085951805,-0.14620105922222137,-0.8278816938400269,-0.017328975722193718,0.00655400799587369,0.007293109316378832,0.0,0.0,0.0,-0.012481643818318844,-0.019522257149219513,-0.010293465107679367,0.0,0.0,-0.010293466039001942,0.064394012093544,0.05026323348283768,0.02934996411204338,0.09827778488397598,0.15551410615444183,5.098217661725357e-05,0.0,0.0,0.0,-0.23287656903266907,10.088459968566895,0.0454254150390625,9.800445556640625,0.25309303402900696,-10.0,-9.880027770996094,14.67492389678955,2.0,2.0,17.789152145385742,0.30357420444488525,0.28977540135383606,0.30357420444488525,0.29590821266174316,0.0,0.30469265580177307,0.30469265580177307,0.30469265580177307,0.30469265580177307,0.0,-0.959823727607727,0.6948122978210449,-10.72630786895752,0.0,0.0,0.0,0.0,0.0,0.0,0.0,0.0,0.0,0.0,0.0,0.0,0.0,0.0,0.0,0.30469274520874023,0.30469274520874023,0.304692804813385,0.30469274520874023,0.33220455050468445,0.04114978387951851,0.04114978387951851,0.39053526520729065,0.4118903577327728,1.074061632156372,1.191715955734253,0.0,0.0,0.0,0.0,0.0,0.0,0.0
74252897458,0,-0.02080148085951805,-0.14620105922222137,-0.12788167595863342,-0.02080148085951805,-0.14620105922222137,-0.8278816938400269,-0.017328975722193718,0.00655400799587369,0.007293109316378832,0.0,0.0,0.0,-0.012481643818318844,-0.019522257149219513,-0.010293465107679367,0.0,0.0,-0.010293466039001942,0.064394012093544,0.05026323348283768,0.02934996411204338,0.09827778488397598,0.15551410615444183,5.098217661725357e-05,0.0,0.0,0.0,-0.23287656903266907,10.088459968566895,0.0454254150390625,9.800445556640625,0.25309303402900696,-10.0,-9.880027770996094,14.67492389678955,2.0,2.0,17.789152145385742,0.30357420444488525,0.28977540135383606,0.30357420444488525,0.29590821266174316,0.0,0.30469265580177307,0.30469265580177307,0.30469265580177307,0.30469265580177307,0.0,-0.959823727607727,0.6948122978210449,-10.72630786895752,0.0,0.0,0.0,0.0,0.0,0.0,0.0,0.0,0.0,0.0,0.0,0.0,0.0,0.0,0.0,0.30469274520874023,0.30469274520874023,0.304692804813385,0.30469274520874023,0.33220455050468445,0.04114978387951851,0.04114978387951851,0.39053526520729065,0.4118903577327728,1.074061632156372,1.191715955734253,0.0,0.0,0.0,0.0,0.0,0.0,0.0
74261090422,0,-0.02080148085951805,-0.14620105922222137,-0.12788167595863342,-0.02080148085951805,-0.14620105922222137,-0.8278816938400269,-0.017328975722193718,0.00655400799587369,0.007293109316378832,0.0,0.0,0.0,-0.012481643818318844,-0.019522257149219513,-0.010293465107679367,0.0,0.0,-0.010293466039001942,0.064394012093544,0.05026323348283768,0.02934996411204338,0.09827778488397598,0.15551410615444183,5.098217661725357e-05,0.0,0.0,0.0,-0.23287656903266907,10.088459968566895,0.0454254150390625,9.800445556640625,0.25309303402900696,-10.0,-9.880027770996094,14.67492389678955,2.0,2.0,17.789152145385742,0.30357420444488525,0.28977540135383606,0.30357420444488525,0.29744139313697815,0.0,0.30469265580177307,0.30469265580177307,0.30469265580177307,0.30469265580177307,0.0,-0.959823727607727,0.6948122978210449,-10.72630786895752,0.0,0.0,0.0,0.0,0.0,0.0,0.0,0.0,0.0,0.0,0.0,0.0,0.0,0.0,0.0,0.30469274520874023,0.30469274520874023,0.304692804813385,0.30469274520874023,0.33220455050468445,0.04114978387951851,0.04114978387951851,0.39053526520729065,0.4118903577327728,1.074061632156372,1.191715955734253,0.0,0.0,0.0,0.0,0.0,0.0,0.0
74267838363,0,-0.02080148085951805,-0.14620105922222137,-0.12788167595863342,-0.02080148085951805,-0.14620105922222137,-0.8278816938400269,-0.017328975722193718,0.00655400799587369,0.007293109316378832,0.0,0.0,0.0,-0.012481643818318844,-0.019522257149219513,-0.010293465107679367,0.0,0.0,-0.010293466039001942,0.064394012093544,0.05026323348283768,0.02934996411204338,0.09827778488397598,0.15551410615444183,5.098217661725357e-05,0.0,0.0,0.0,-0.23287656903266907,10.088459968566895,0.0454254150390625,9.800445556640625,0.25309303402900696,-10.0,-9.880027770996094,14.67492389678955,2.0,2.0,17.789152145385742,0.30357420444488525,0.28977540135383606,0.30357420444488525,0.29590821266174316,0.0,0.30469265580177307,0.30469265580177307,0.30469265580177307,0.30469265580177307,0.0,-0.959823727607727,0.6948122978210449,-10.72630786895752,0.0,0.0,0.0,0.0,0.0,0.0,0.0,0.0,0.0,0.0,0.0,0.0,0.0,0.0,0.0,0.30469274520874023,0.30469274520874023,0.304692804813385,0.30469274520874023,0.33220455050468445,0.04114978387951851,0.04114978387951851,0.39053526520729065,0.4118903577327728,1.074061632156372,1.191715955734253,0.0,0.0,0.0,0.0,0.0,0.0,0.0
74277670294,0,-0.02080148085951805,-0.14620105922222137,-0.12788167595863342,-0.02080148085951805,-0.14620105922222137,-0.8278816938400269,-0.017328975722193718,0.00655400799587369,0.007293109316378832,0.0,0.0,0.0,-0.012481643818318844,-0.019522257149219513,-0.010293465107679367,0.0,0.0,-0.010293466039001942,0.064394012093544,0.05026323348283768,0.02934996411204338,0.09827778488397598,0.15551410615444183,5.098217661725357e-05,0.0,0.0,0.0,-0.23287656903266907,10.088459968566895,0.0454254150390625,9.800445556640625,0.25309303402900696,-10.0,-9.880027770996094,14.67492389678955,2.0,2.0,17.789152145385742,0.30357420444488525,0.28977540135383606,0.30357420444488525,0.29590821266174316,0.0,0.30469265580177307,0.30469265580177307,0.30469265580177307,0.30469265580177307,0.0,-0.959823727607727,0.6948122978210449,-10.72630786895752,0.0,0.0,0.0,0.0,0.0,0.0,0.0,0.0,0.0,0.0,0.0,0.0,0.0,0.0,0.0,0.30469274520874023,0.30469274520874023,0.304692804813385,0.30469274520874023,0.33220455050468445,0.04114978387951851,0.04114978387951851,0.39053526520729065,0.4118903577327728,1.074061632156372,1.191715955734253,0.0,0.0,0.0,0.0,0.0,0.0,0.0
74287849058,0,-0.02080148085951805,-0.14620105922222137,-0.12788167595863342,-0.02080148085951805,-0.14620105922222137,-0.8278816938400269,-0.017328975722193718,0.00655400799587369,0.007293109316378832,0.0,0.0,0.0,-0.012481643818318844,-0.019522257149219513,-0.010293465107679367,0.0,0.0,-0.010293466039001942,0.064394012093544,0.05026323348283768,0.02934996411204338,0.09827778488397598,0.15551410615444183,5.098217661725357e-05,0.0,0.0,0.0,-0.23287656903266907,10.088459968566895,0.0454254150390625,9.800445556640625,0.25309303402900696,-10.0,-9.880027770996094,14.67492389678955,2.0,2.0,17.789152145385742,0.30357420444488525,0.28977540135383606,0.30357420444488525,0.29744139313697815,0.0,0.30469265580177307,0.30469265580177307,0.30469265580177307,0.30469265580177307,0.0,-0.959823727607727,0.6948122978210449,-10.72630786895752,0.0,0.0,0.0,0.0,0.0,0.0,0.0,0.0,0.0,0.0,0.0,0.0,0.0,0.0,0.0,0.30469274520874023,0.30469274520874023,0.304692804813385,0.30469274520874023,0.33220455050468445,0.04114978387951851,0.04114978387951851,0.39053526520729065,0.4118903577327728,1.074061632156372,1.191715955734253,0.0,0.0,0.0,0.0,0.0,0.0,0.0
74297664946,0,-0.02080148085951805,-0.14620105922222137,-0.12788167595863342,-0.02080148085951805,-0.14620105922222137,-0.8278816938400269,-0.017328975722193718,0.00655400799587369,0.007293109316378832,0.0,0.0,0.0,-0.012481643818318844,-0.019522257149219513,-0.010293465107679367,0.0,0.0,-0.010293466039001942,0.064394012093544,0.05026323348283768,0.02934996411204338,0.09827778488397598,0.15551410615444183,5.098217661725357e-05,0.0,0.0,0.0,-0.23287656903266907,10.088459968566895,0.0454254150390625,9.800445556640625,0.25309303402900696,-10.0,-9.880027770996094,14.67492389678955,2.0,2.0,17.789152145385742,0.30357420444488525,0.28977540135383606,0.30357420444488525,0.29590821266174316,0.0,0.30469265580177307,0.30469265580177307,0.30469265580177307,0.30469265580177307,0.0,-0.959823727607727,0.6948122978210449,-10.72630786895752,0.0,0.0,0.0,0.0,0.0,0.0,0.0,0.0,0.0,0.0,0.0,0.0,0.0,0.0,0.0,0.30469274520874023,0.30469274520874023,0.304692804813385,0.30469274520874023,0.33220455050468445,0.04114978387951851,0.04114978387951851,0.39053526520729065,0.4118903577327728,1.074061632156372,1.191715955734253,0.0,0.0,0.0,0.0,0.0,0.0,0.0
74308062415,0,-0.02080148085951805,-0.14620105922222137,-0.12788167595863342,-0.02080148085951805,-0.14620105922222137,-0.8278816938400269,-0.017328975722193718,0.00655400799587369,0.007293109316378832,0.0,0.0,0.0,-0.012481643818318844,-0.019522257149219513,-0.010293465107679367,0.0,0.0,-0.010293466039001942,0.064394012093544,0.05026323348283768,0.02934996411204338,0.09827778488397598,0.15551410615444183,5.098217661725357e-05,0.0,0.0,0.0,-0.23287656903266907,10.088459968566895,0.0454254150390625,9.800445556640625,0.25309303402900696,-10.0,-9.880027770996094,14.67492389678955,2.0,2.0,17.789152145385742,0.30357420444488525,0.28977540135383606,0.30357420444488525,0.29744139313697815,0.0,0.30469265580177307,0.30469265580177307,0.30469265580177307,0.30469265580177307,0.0,-0.959823727607727,0.6948122978210449,-10.72630786895752,0.0,0.0,0.0,0.0,0.0,0.0,0.0,0.0,0.0,0.0,0.0,0.0,0.0,0.0,0.0,0.30469274520874023,0.30469274520874023,0.304692804813385,0.30469274520874023,0.33220455050468445,0.04114978387951851,0.04114978387951851,0.39053526520729065,0.4118903577327728,1.074061632156372,1.191715955734253,0.0,0.0,0.0,0.0,0.0,0.0,0.0
74317673740,0,-0.02080148085951805,-0.14620105922222137,-0.12788167595863342,-0.02080148085951805,-0.14620105922222137,-0.8278816938400269,-0.017328975722193718,0.00655400799587369,0.007293109316378832,0.0,0.0,0.0,-0.012481643818318844,-0.019522257149219513,-0.010293465107679367,0.0,0.0,-0.010293466039001942,0.064394012093544,0.05026323348283768,0.02934996411204338,0.09827778488397598,0.15551410615444183,5.098217661725357e-05,0.0,0.0,0.0,-0.23287656903266907,10.088459968566895,0.0454254150390625,9.800445556640625,0.25309303402900696,-10.0,-9.880027770996094,14.67492389678955,2.0,2.0,17.789152145385742,0.30357420444488525,0.28977540135383606,0.30357420444488525,0.29744139313697815,0.0,0.30469265580177307,0.30469265580177307,0.30469265580177307,0.30469265580177307,0.0,-0.959823727607727,0.6948122978210449,-10.72630786895752,0.0,0.0,0.0,0.0,0.0,0.0,0.0,0.0,0.0,0.0,0.0,0.0,0.0,0.0,0.0,0.30469274520874023,0.30469274520874023,0.304692804813385,0.30469274520874023,0.33220455050468445,0.04114978387951851,0.04114978387951851,0.39053526520729065,0.4118903577327728,1.074061632156372,1.191715955734253,0.0,0.0,0.0,0.0,0.0,0.0,0.0
74327852697,0,-0.02080148085951805,-0.14620105922222137,-0.12788167595863342,-0.02080148085951805,-0.14620105922222137,-0.8278816938400269,-0.017328975722193718,0.00655400799587369,0.007293109316378832,0.0,0.0,0.0,-0.012481643818318844,-0.019522257149219513,-0.010293465107679367,0.0,0.0,-0.010293466039001942,0.064394012093544,0.05026323348283768,0.02934996411204338,0.09827778488397598,0.15551410615444183,5.098217661725357e-05,0.0,0.0,0.0,-0.23287656903266907,10.088459968566895,0.0454254150390625,9.800445556640625,0.25309303402900696,-10.0,-9.880027770996094,14.67492389678955,2.0,2.0,17.789152145385742,0.30357420444488525,0.28977540135383606,0.30357420444488525,0.29744139313697815,0.0,0.30469265580177307,0.30469265580177307,0.30469265580177307,0.30469265580177307,0.0,-0.959823727607727,0.6948122978210449,-10.72630786895752,0.0,0.0,0.0,0.0,0.0,0.0,0.0,0.0,0.0,0.0,0.0,0.0,0.0,0.0,0.0,0.30469274520874023,0.30469274520874023,0.304692804813385,0.30469274520874023,0.33220455050468445,0.04114978387951851,0.04114978387951851,0.39053526520729065,0.4118903577327728,1.074061632156372,1.191715955734253,0.0,0.0,0.0,0.0,0.0,0.0,0.0
74337820002,0,-0.02080148085951805,-0.14620105922222137,-0.12788167595863342,-0.02080148085951805,-0.14620105922222137,-0.8278816938400269,-0.017328975722193718,0.00655400799587369,0.007293109316378832,0.0,0.0,0.0,-0.012481643818318844,-0.019522257149219513,-0.010293465107679367,0.0,0.0,-0.010293466039001942,0.064394012093544,0.05026323348283768,0.02934996411204338,0.09827778488397598,0.15551410615444183,5.098217661725357e-05,0.0,0.0,0.0,-0.23287656903266907,10.088459968566895,0.0454254150390625,9.800445556640625,0.25309303402900696,-10.0,-9.880027770996094,14.67492389678955,2.0,2.0,17.789152145385742,0.30357420444488525,0.28977540135383606,0.30357420444488525,0.29744139313697815,0.0,0.30469265580177307,0.30469265580177307,0.30469265580177307,0.30469265580177307,0.0,-0.959823727607727,0.6948122978210449,-10.72630786895752,0.0,0.0,0.0,0.0,0.0,0.0,0.0,0.0,0.0,0.0,0.0,0.0,0.0,0.0,0.0,0.30469274520874023,0.30469274520874023,0.304692804813385,0.30469274520874023,0.33220455050468445,0.04114978387951851,0.04114978387951851,0.39053526520729065,0.4118903577327728,1.074061632156372,1.191715955734253,0.0,0.0,0.0,0.0,0.0,0.0,0.0
74348810634,0,-0.02080148085951805,-0.14620105922222137,-0.12788167595863342,-0.02080148085951805,-0.14620105922222137,-0.8278816938400269,-0.017328975722193718,0.00655400799587369,0.007293109316378832,0.0,0.0,0.0,-0.012481643818318844,-0.019522257149219513,-0.010293465107679367,0.0,0.0,-0.010293466039001942,0.064394012093544,0.05026323348283768,0.02934996411204338,0.09827778488397598,0.15551410615444183,5.098217661725357e-05,0.0,0.0,0.0,-0.23287656903266907,10.088459968566895,0.0454254150390625,9.800445556640625,0.25309303402900696,-10.0,-9.880027770996094,14.67492389678955,2.0,2.0,17.789152145385742,0.30357420444488525,0.28977540135383606,0.30357420444488525,0.29590821266174316,0.0,0.30469265580177307,0.30469265580177307,0.30469265580177307,0.30469265580177307,0.0,-0.959823727607727,0.6948122978210449,-10.72630786895752,0.0,0.0,0.0,0.0,0.0,0.0,0.0,0.0,0.0,0.0,0.0,0.0,0.0,0.0,0.0,0.30469274520874023,0.30469274520874023,0.304692804813385,0.30469274520874023,0.33220455050468445,0.04114978387951851,0.04114978387951851,0.39053526520729065,0.4118903577327728,1.074061632156372,1.191715955734253,0.0,0.0,0.0,0.0,0.0,0.0,0.0
74366375185,0,-0.02080148085951805,-0.14620105922222137,-0.12788167595863342,-0.02080148085951805,-0.14620105922222137,-0.8278816938400269,-0.017328975722193718,0.00655400799587369,0.007293109316378832,0.0,0.0,0.0,-0.012481643818318844,-0.019522257149219513,-0.010293465107679367,0.0,0.0,-0.010293466039001942,0.064394012093544,0.05026323348283768,0.02934996411204338,0.09827778488397598,0.15551410615444183,5.098217661725357e-05,0.0,0.0,0.0,-0.23287656903266907,10.088459968566895,0.0454254150390625,9.800445556640625,0.25309303402900696,-10.0,-9.880027770996094,14.67492389678955,2.0,2.0,17.789152145385742,0.30357420444488525,0.28977540135383606,0.30357420444488525,0.29744139313697815,0.0,0.30469265580177307,0.30469265580177307,0.30469265580177307,0.30469265580177307,0.0,-0.959823727607727,0.6948122978210449,-10.72630786895752,0.0,0.0,0.0,0.0,0.0,0.0,0.0,0.0,0.0,0.0,0.0,0.0,0.0,0.0,0.0,0.30469274520874023,0.30469274520874023,0.304692804813385,0.30469274520874023,0.33220455050468445,0.04114978387951851,0.04114978387951851,0.39053526520729065,0.4118903577327728,1.074061632156372,1.191715955734253,0.0,0.0,0.0,0.0,0.0,0.0,0.0
74369385509,0,-0.02080148085951805,-0.14620105922222137,-0.12788167595863342,-0.02080148085951805,-0.14620105922222137,-0.8278816938400269,-0.017328975722193718,0.00655400799587369,0.007293109316378832,0.0,0.0,0.0,-0.012481643818318844,-0.019522257149219513,-0.010293465107679367,0.0,0.0,-0.010293466039001942,0.064394012093544,0.05026323348283768,0.02934996411204338,0.09827778488397598,0.15551410615444183,5.098217661725357e-05,0.0,0.0,0.0,-0.23287656903266907,10.088459968566895,0.0454254150390625,9.800445556640625,0.25309303402900696,-10.0,-9.880027770996094,14.67492389678955,2.0,2.0,17.789152145385742,0.30357420444488525,0.28977540135383606,0.30357420444488525,0.29744139313697815,0.0,0.30469265580177307,0.30469265580177307,0.30469265580177307,0.30469265580177307,0.0,-0.959823727607727,0.6948122978210449,-10.72630786895752,0.0,0.0,0.0,0.0,0.0,0.0,0.0,0.0,0.0,0.0,0.0,0.0,0.0,0.0,0.0,0.30469274520874023,0.30469274520874023,0.304692804813385,0.30469274520874023,0.33220455050468445,0.04114978387951851,0.04114978387951851,0.39053526520729065,0.4118903577327728,1.074061632156372,1.191715955734253,0.0,0.0,0.0,0.0,0.0,0.0,0.0
74381234054,0,-0.02080148085951805,-0.14620105922222137,-0.12788167595863342,-0.02080148085951805,-0.14620105922222137,-0.8278816938400269,-0.017328975722193718,0.00655400799587369,0.007293109316378832,0.0,0.0,0.0,-0.012481643818318844,-0.019522257149219513,-0.010293465107679367,0.0,0.0,-0.010293466039001942,0.064394012093544,0.05026323348283768,0.02934996411204338,0.09827778488397598,0.15551410615444183,5.098217661725357e-05,0.0,0.0,0.0,-0.23287656903266907,10.088459968566895,0.0454254150390625,9.800445556640625,0.25309303402900696,-10.0,-9.880027770996094,14.67492389678955,2.0,2.0,17.789152145385742,0.30357420444488525,0.28977540135383606,0.30357420444488525,0.29744139313697815,0.0,0.30469265580177307,0.30469265580177307,0.30469265580177307,0.30469265580177307,0.0,-0.959823727607727,0.6948122978210449,-10.72630786895752,0.0,0.0,0.0,0.0,0.0,0.0,0.0,0.0,0.0,0.0,0.0,0.0,0.0,0.0,0.0,0.30469274520874023,0.30469274520874023,0.304692804813385,0.30469274520874023,0.33220455050468445,0.04114978387951851,0.04114978387951851,0.39053526520729065,0.4118903577327728,1.074061632156372,1.191715955734253,0.0,0.0,0.0,0.0,0.0,0.0,0.0
74387916283,0,-0.02080148085951805,-0.14620105922222137,-0.12788167595863342,-0.02080148085951805,-0.14620105922222137,-0.8278816938400269,-0.017328975722193718,0.00655400799587369,0.007293109316378832,0.0,0.0,0.0,-0.012481643818318844,-0.019522257149219513,-0.010293465107679367,0.0,0.0,-0.010293466039001942,0.064394012093544,0.05026323348283768,0.02934996411204338,0.09827778488397598,0.15551410615444183,5.098217661725357e-05,0.0,0.0,0.0,-0.23287656903266907,10.088459968566895,0.0454254150390625,9.800445556640625,0.25309303402900696,-10.0,-9.880027770996094,14.67492389678955,2.0,2.0,17.789152145385742,0.30357420444488525,0.28977540135383606,0.30357420444488525,0.29590821266174316,0.0,0.30469265580177307,0.30469265580177307,0.30469265580177307,0.30469265580177307,0.0,-0.959823727607727,0.6948122978210449,-10.72630786895752,0.0,0.0,0.0,0.0,0.0,0.0,0.0,0.0,0.0,0.0,0.0,0.0,0.0,0.0,0.0,0.30469274520874023,0.30469274520874023,0.304692804813385,0.30469274520874023,0.33220455050468445,0.04114978387951851,0.04114978387951851,0.39053526520729065,0.4118903577327728,1.074061632156372,1.191715955734253,0.0,0.0,0.0,0.0,0.0,0.0,0.0
74408705004,0,-0.02080148085951805,-0.14620105922222137,-0.12788167595863342,-0.02080148085951805,-0.14620105922222137,-0.8278816938400269,-0.017328975722193718,0.00655400799587369,0.007293109316378832,0.0,0.0,0.0,-0.012481643818318844,-0.019522257149219513,-0.010293465107679367,0.0,0.0,-0.010293466039001942,0.064394012093544,0.05026323348283768,0.02934996411204338,0.09827778488397598,0.15551410615444183,5.098217661725357e-05,0.0,0.0,0.0,-0.23287656903266907,10.088459968566895,0.0454254150390625,9.800445556640625,0.25309303402900696,-10.0,-9.880027770996094,14.67492389678955,2.0,2.0,17.789152145385742,0.30357420444488525,0.28977540135383606,0.30357420444488525,0.29590821266174316,0.0,0.30469265580177307,0.30469265580177307,0.30469265580177307,0.30469265580177307,0.0,-0.959823727607727,0.6948122978210449,-10.72630786895752,0.0,0.0,0.0,0.0,0.0,0.0,0.0,0.0,0.0,0.0,0.0,0.0,0.0,0.0,0.0,0.30469274520874023,0.30469274520874023,0.304692804813385,0.30469274520874023,0.33220455050468445,0.04114978387951851,0.04114978387951851,0.39053526520729065,0.4118903577327728,1.074061632156372,1.191715955734253,0.0,0.0,0.0,0.0,0.0,0.0,0.0
74408751893,0,-0.02080148085951805,-0.14620105922222137,-0.12788167595863342,-0.02080148085951805,-0.14620105922222137,-0.8278816938400269,-0.017328975722193718,0.00655400799587369,0.007293109316378832,0.0,0.0,0.0,-0.012481643818318844,-0.019522257149219513,-0.010293465107679367,0.0,0.0,-0.010293466039001942,0.064394012093544,0.05026323348283768,0.02934996411204338,0.09827778488397598,0.15551410615444183,5.098217661725357e-05,0.0,0.0,0.0,-0.23287656903266907,10.088459968566895,0.0454254150390625,9.800445556640625,0.25309303402900696,-10.0,-9.880027770996094,14.67492389678955,2.0,2.0,17.789152145385742,0.30357420444488525,0.28977540135383606,0.30357420444488525,0.29744139313697815,0.0,0.30469265580177307,0.30469265580177307,0.30469265580177307,0.30469265580177307,0.0,-0.959823727607727,0.6948122978210449,-10.72630786895752,0.0,0.0,0.0,0.0,0.0,0.0,0.0,0.0,0.0,0.0,0.0,0.0,0.0,0.0,0.0,0.30469274520874023,0.30469274520874023,0.304692804813385,0.30469274520874023,0.33220455050468445,0.04114978387951851,0.04114978387951851,0.39053526520729065,0.4118903577327728,1.074061632156372,1.191715955734253,0.0,0.0,0.0,0.0,0.0,0.0,0.0
74417872170,0,-0.02080148085951805,-0.14620105922222137,-0.12788167595863342,-0.02080148085951805,-0.14620105922222137,-0.8278816938400269,-0.017328975722193718,0.00655400799587369,0.007293109316378832,0.0,0.0,0.0,-0.012481643818318844,-0.019522257149219513,-0.010293465107679367,0.0,0.0,-0.010293466039001942,0.064394012093544,0.05026323348283768,0.02934996411204338,0.09827778488397598,0.15551410615444183,5.098217661725357e-05,0.0,0.0,0.0,-0.23287656903266907,10.088459968566895,0.0454254150390625,9.800445556640625,0.25309303402900696,-10.0,-9.880027770996094,14.67492389678955,2.0,2.0,17.789152145385742,0.30357420444488525,0.28977540135383606,0.30357420444488525,0.29744139313697815,0.0,0.30469265580177307,0.30469265580177307,0.30469265580177307,0.30469265580177307,0.0,-0.959823727607727,0.6948122978210449,-10.72630786895752,0.0,0.0,0.0,0.0,0.0,0.0,0.0,0.0,0.0,0.0,0.0,0.0,0.0,0.0,0.0,0.30469274520874023,0.30469274520874023,0.304692804813385,0.30469274520874023,0.33220455050468445,0.04114978387951851,0.04114978387951851,0.39053526520729065,0.4118903577327728,1.074061632156372,1.191715955734253,0.0,0.0,0.0,0.0,0.0,0.0,0.0
74427997917,0,-0.02080148085951805,-0.14620105922222137,-0.12788167595863342,-0.02080148085951805,-0.14620105922222137,-0.8278816938400269,-0.017328975722193718,0.00655400799587369,0.007293109316378832,0.0,0.0,0.0,-0.012481643818318844,-0.019522257149219513,-0.010293465107679367,0.0,0.0,-0.010293466039001942,0.064394012093544,0.05026323348283768,0.02934996411204338,0.09827778488397598,0.15551410615444183,5.098217661725357e-05,0.0,0.0,0.0,-0.23287656903266907,10.088459968566895,0.0454254150390625,9.800445556640625,0.25309303402900696,-10.0,-9.880027770996094,14.67492389678955,2.0,2.0,17.789152145385742,0.30357420444488525,0.28977540135383606,0.30357420444488525,0.29744139313697815,0.0,0.30469265580177307,0.30469265580177307,0.30469265580177307,0.30469265580177307,0.0,-0.959823727607727,0.6948122978210449,-10.72630786895752,0.0,0.0,0.0,0.0,0.0,0.0,0.0,0.0,0.0,0.0,0.0,0.0,0.0,0.0,0.0,0.30469274520874023,0.30469274520874023,0.304692804813385,0.30469274520874023,0.33220455050468445,0.04114978387951851,0.04114978387951851,0.39053526520729065,0.4118903577327728,1.074061632156372,1.191715955734253,0.0,0.0,0.0,0.0,0.0,0.0,0.0
74445706160,0,-0.02080148085951805,-0.14620105922222137,-0.12788167595863342,-0.02080148085951805,-0.14620105922222137,-0.8278816938400269,-0.017328975722193718,0.00655400799587369,0.007293109316378832,0.0,0.0,0.0,-0.012481643818318844,-0.019522257149219513,-0.010293465107679367,0.0,0.0,-0.010293466039001942,0.064394012093544,0.05026323348283768,0.02934996411204338,0.09827778488397598,0.15551410615444183,5.098217661725357e-05,0.0,0.0,0.0,-0.23287656903266907,10.088459968566895,0.0454254150390625,9.800445556640625,0.25309303402900696,-10.0,-9.880027770996094,14.67492389678955,2.0,2.0,17.789152145385742,0.30357420444488525,0.28977540135383606,0.30357420444488525,0.29590821266174316,0.0,0.30469265580177307,0.30469265580177307,0.30469265580177307,0.30469265580177307,0.0,-0.959823727607727,0.6948122978210449,-10.72630786895752,0.0,0.0,0.0,0.0,0.0,0.0,0.0,0.0,0.0,0.0,0.0,0.0,0.0,0.0,0.0,0.30469274520874023,0.30469274520874023,0.304692804813385,0.30469274520874023,0.33220455050468445,0.04114978387951851,0.04114978387951851,0.39053526520729065,0.4118903577327728,1.074061632156372,1.191715955734253,0.0,0.0,0.0,0.0,0.0,0.0,0.0
74449013440,0,-0.02080148085951805,-0.14620105922222137,-0.12788167595863342,-0.02080148085951805,-0.14620105922222137,-0.8278816938400269,-0.017328975722193718,0.00655400799587369,0.007293109316378832,0.0,0.0,0.0,-0.012481643818318844,-0.019522257149219513,-0.010293465107679367,0.0,0.0,-0.010293466039001942,0.064394012093544,0.05026323348283768,0.02934996411204338,0.09827778488397598,0.15551410615444183,5.098217661725357e-05,0.0,0.0,0.0,-0.23287656903266907,10.088459968566895,0.0454254150390625,9.800445556640625,0.25309303402900696,-10.0,-9.880027770996094,14.67492389678955,2.0,2.0,17.789152145385742,0.30357420444488525,0.28977540135383606,0.30357420444488525,0.29744139313697815,0.0,0.30469265580177307,0.30469265580177307,0.30469265580177307,0.30469265580177307,0.0,-0.959823727607727,0.6948122978210449,-10.72630786895752,0.0,0.0,0.0,0.0,0.0,0.0,0.0,0.0,0.0,0.0,0.0,0.0,0.0,0.0,0.0,0.30469274520874023,0.30469274520874023,0.304692804813385,0.30469274520874023,0.33220455050468445,0.04114978387951851,0.04114978387951851,0.39053526520729065,0.4118903577327728,1.074061632156372,1.191715955734253,0.0,0.0,0.0,0.0,0.0,0.0,0.0
74458096590,0,-0.02080148085951805,-0.14620105922222137,-0.12788167595863342,-0.02080148085951805,-0.14620105922222137,-0.8278816938400269,-0.017328975722193718,0.00655400799587369,0.007293109316378832,0.0,0.0,0.0,-0.012481643818318844,-0.019522257149219513,-0.010293465107679367,0.0,0.0,-0.010293466039001942,0.064394012093544,0.05026323348283768,0.02934996411204338,0.09827778488397598,0.15551410615444183,5.098217661725357e-05,0.0,0.0,0.0,-0.23287656903266907,10.088459968566895,0.0454254150390625,9.800445556640625,0.25309303402900696,-10.0,-9.880027770996094,14.67492389678955,2.0,2.0,17.789152145385742,0.30357420444488525,0.28977540135383606,0.30357420444488525,0.29744139313697815,0.0,0.30469265580177307,0.30469265580177307,0.30469265580177307,0.30469265580177307,0.0,-0.959823727607727,0.6948122978210449,-10.72630786895752,0.0,0.0,0.0,0.0,0.0,0.0,0.0,0.0,0.0,0.0,0.0,0.0,0.0,0.0,0.0,0.30469274520874023,0.30469274520874023,0.304692804813385,0.30469274520874023,0.33220455050468445,0.04114978387951851,0.04114978387951851,0.39053526520729065,0.4118903577327728,1.074061632156372,1.191715955734253,0.0,0.0,0.0,0.0,0.0,0.0,0.0
74467910844,0,-0.02080148085951805,-0.14620105922222137,-0.12788167595863342,-0.02080148085951805,-0.14620105922222137,-0.8278816938400269,-0.017328975722193718,0.00655400799587369,0.007293109316378832,0.0,0.0,0.0,-0.012481643818318844,-0.019522257149219513,-0.010293465107679367,0.0,0.0,-0.010293466039001942,0.064394012093544,0.05026323348283768,0.02934996411204338,0.09827778488397598,0.15551410615444183,5.098217661725357e-05,0.0,0.0,0.0,-0.23287656903266907,10.088459968566895,0.0454254150390625,9.800445556640625,0.25309303402900696,-10.0,-9.880027770996094,14.67492389678955,2.0,2.0,17.789152145385742,0.30357420444488525,0.28977540135383606,0.30357420444488525,0.29590821266174316,0.0,0.30469265580177307,0.30469265580177307,0.30469265580177307,0.30469265580177307,0.0,-0.959823727607727,0.6948122978210449,-10.72630786895752,0.0,0.0,0.0,0.0,0.0,0.0,0.0,0.0,0.0,0.0,0.0,0.0,0.0,0.0,0.0,0.30469274520874023,0.30469274520874023,0.304692804813385,0.30469274520874023,0.33220455050468445,0.04114978387951851,0.04114978387951851,0.39053526520729065,0.4118903577327728,1.074061632156372,1.191715955734253,0.0,0.0,0.0,0.0,0.0,0.0,0.0
74478276739,0,-0.02080148085951805,-0.14620105922222137,-0.12788167595863342,-0.02080148085951805,-0.14620105922222137,-0.8278816938400269,-0.017328975722193718,0.00655400799587369,0.007293109316378832,0.0,0.0,0.0,-0.012481643818318844,-0.019522257149219513,-0.010293465107679367,0.0,0.0,-0.010293466039001942,0.064394012093544,0.05026323348283768,0.02934996411204338,0.09827778488397598,0.15551410615444183,5.098217661725357e-05,0.0,0.0,0.0,-0.23287656903266907,10.088459968566895,0.0454254150390625,9.800445556640625,0.25309303402900696,-10.0,-9.880027770996094,14.67492389678955,2.0,2.0,17.789152145385742,0.30357420444488525,0.28977540135383606,0.30357420444488525,0.29590821266174316,0.0,0.30469265580177307,0.30469265580177307,0.30469265580177307,0.30469265580177307,0.0,-0.959823727607727,0.6948122978210449,-10.72630786895752,0.0,0.0,0.0,0.0,0.0,0.0,0.0,0.0,0.0,0.0,0.0,0.0,0.0,0.0,0.0,0.30469274520874023,0.30469274520874023,0.304692804813385,0.30469274520874023,0.33220455050468445,0.04114978387951851,0.04114978387951851,0.39053526520729065,0.4118903577327728,1.074061632156372,1.191715955734253,0.0,0.0,0.0,0.0,0.0,0.0,0.0
74488330882,0,-0.02080148085951805,-0.14620105922222137,-0.12788167595863342,-0.02080148085951805,-0.14620105922222137,-0.8278816938400269,-0.017328975722193718,0.00655400799587369,0.007293109316378832,0.0,0.0,0.0,-0.012481643818318844,-0.019522257149219513,-0.010293465107679367,0.0,0.0,-0.010293466039001942,0.064394012093544,0.05026323348283768,0.02934996411204338,0.09827778488397598,0.15551410615444183,5.098217661725357e-05,0.0,0.0,0.0,-0.23287656903266907,10.088459968566895,0.0454254150390625,9.800445556640625,0.25309303402900696,-10.0,-9.880027770996094,14.67492389678955,2.0,2.0,17.789152145385742,0.30357420444488525,0.28977540135383606,0.30357420444488525,0.29590821266174316,0.0,0.30469265580177307,0.30469265580177307,0.30469265580177307,0.30469265580177307,0.0,-0.959823727607727,0.6948122978210449,-10.72630786895752,0.0,0.0,0.0,0.0,0.0,0.0,0.0,0.0,0.0,0.0,0.0,0.0,0.0,0.0,0.0,0.30469274520874023,0.30469274520874023,0.304692804813385,0.30469274520874023,0.33220455050468445,0.04114978387951851,0.04114978387951851,0.39053526520729065,0.4118903577327728,1.074061632156372,1.191715955734253,0.0,0.0,0.0,0.0,0.0,0.0,0.0
74498101726,0,-0.02080148085951805,-0.14620105922222137,-0.12788167595863342,-0.02080148085951805,-0.14620105922222137,-0.8278816938400269,-0.017328975722193718,0.00655400799587369,0.007293109316378832,0.0,0.0,0.0,-0.012481643818318844,-0.019522257149219513,-0.010293465107679367,0.0,0.0,-0.010293466039001942,0.064394012093544,0.05026323348283768,0.02934996411204338,0.09827778488397598,0.15551410615444183,5.098217661725357e-05,0.0,0.0,0.0,-0.23287656903266907,10.088459968566895,0.0454254150390625,9.800445556640625,0.25309303402900696,-10.0,-9.880027770996094,14.67492389678955,2.0,2.0,17.789152145385742,0.30357420444488525,0.28977540135383606,0.30357420444488525,0.29744139313697815,0.0,0.30469265580177307,0.30469265580177307,0.30469265580177307,0.30469265580177307,0.0,-0.959823727607727,0.6948122978210449,-10.72630786895752,0.0,0.0,0.0,0.0,0.0,0.0,0.0,0.0,0.0,0.0,0.0,0.0,0.0,0.0,0.0,0.30469274520874023,0.30469274520874023,0.304692804813385,0.30469274520874023,0.33220455050468445,0.04114978387951851,0.04114978387951851,0.39053526520729065,0.4118903577327728,1.074061632156372,1.191715955734253,0.0,0.0,0.0,0.0,0.0,0.0,0.0
74507748234,0,-0.02080148085951805,-0.14620105922222137,-0.12788167595863342,-0.02080148085951805,-0.14620105922222137,-0.8278816938400269,-0.017328975722193718,0.00655400799587369,0.007293109316378832,0.0,0.0,0.0,-0.012481643818318844,-0.019522257149219513,-0.010293465107679367,0.0,0.0,-0.010293466039001942,0.064394012093544,0.05026323348283768,0.02934996411204338,0.09827778488397598,0.15551410615444183,5.098217661725357e-05,0.0,0.0,0.0,-0.23287656903266907,10.088459968566895,0.0454254150390625,9.800445556640625,0.25309303402900696,-10.0,-9.880027770996094,14.67492389678955,2.0,2.0,17.789152145385742,0.30357420444488525,0.28977540135383606,0.30357420444488525,0.29590821266174316,0.0,0.30469265580177307,0.30469265580177307,0.30469265580177307,0.30469265580177307,0.0,-0.959823727607727,0.6948122978210449,-10.72630786895752,0.0,0.0,0.0,0.0,0.0,0.0,0.0,0.0,0.0,0.0,0.0,0.0,0.0,0.0,0.0,0.30469274520874023,0.30469274520874023,0.304692804813385,0.30469274520874023,0.33220455050468445,0.04114978387951851,0.04114978387951851,0.39053526520729065,0.4118903577327728,1.074061632156372,1.191715955734253,0.0,0.0,0.0,0.0,0.0,0.0,0.0
74518640146,0,-0.02080148085951805,-0.14620105922222137,-0.12788167595863342,-0.02080148085951805,-0.14620105922222137,-0.8278816938400269,-0.017328975722193718,0.00655400799587369,0.007293109316378832,0.0,0.0,0.0,-0.012481643818318844,-0.019522257149219513,-0.010293465107679367,0.0,0.0,-0.010293466039001942,0.064394012093544,0.05026323348283768,0.02934996411204338,0.09827778488397598,0.15551410615444183,5.098217661725357e-05,0.0,0.0,0.0,-0.23287656903266907,10.088459968566895,0.0454254150390625,9.800445556640625,0.25309303402900696,-10.0,-9.880027770996094,14.67492389678955,2.0,2.0,17.789152145385742,0.30357420444488525,0.28977540135383606,0.30357420444488525,0.29744139313697815,0.0,0.30469265580177307,0.30469265580177307,0.30469265580177307,0.30469265580177307,0.0,-0.959823727607727,0.6948122978210449,-10.72630786895752,0.0,0.0,0.0,0.0,0.0,0.0,0.0,0.0,0.0,0.0,0.0,0.0,0.0,0.0,0.0,0.30469274520874023,0.30469274520874023,0.304692804813385,0.30469274520874023,0.33220455050468445,0.04114978387951851,0.04114978387951851,0.39053526520729065,0.4118903577327728,1.074061632156372,1.191715955734253,0.0,0.0,0.0,0.0,0.0,0.0,0.0
74527896999,0,-0.02080148085951805,-0.14620105922222137,-0.12788167595863342,-0.02080148085951805,-0.14620105922222137,-0.8278816938400269,-0.017328975722193718,0.00655400799587369,0.007293109316378832,0.0,0.0,0.0,-0.012481643818318844,-0.019522257149219513,-0.010293465107679367,0.0,0.0,-0.010293466039001942,0.064394012093544,0.05026323348283768,0.02934996411204338,0.09827778488397598,0.15551410615444183,5.098217661725357e-05,0.0,0.0,0.0,-0.23287656903266907,10.088459968566895,0.0454254150390625,9.800445556640625,0.25309303402900696,-10.0,-9.880027770996094,14.67492389678955,2.0,2.0,17.789152145385742,0.30357420444488525,0.28977540135383606,0.30357420444488525,0.29744139313697815,0.0,0.30469265580177307,0.30469265580177307,0.30469265580177307,0.30469265580177307,0.0,-0.959823727607727,0.6948122978210449,-10.72630786895752,0.0,0.0,0.0,0.0,0.0,0.0,0.0,0.0,0.0,0.0,0.0,0.0,0.0,0.0,0.0,0.30469274520874023,0.30469274520874023,0.304692804813385,0.30469274520874023,0.33220455050468445,0.04114978387951851,0.04114978387951851,0.39053526520729065,0.4118903577327728,1.074061632156372,1.191715955734253,0.0,0.0,0.0,0.0,0.0,0.0,0.0
74537949830,0,-0.02080148085951805,-0.14620105922222137,-0.12788167595863342,-0.02080148085951805,-0.14620105922222137,-0.8278816938400269,-0.017328975722193718,0.00655400799587369,0.007293109316378832,0.0,0.0,0.0,-0.012481643818318844,-0.019522257149219513,-0.010293465107679367,0.0,0.0,-0.010293466039001942,0.064394012093544,0.05026323348283768,0.02934996411204338,0.09827778488397598,0.15551410615444183,5.098217661725357e-05,0.0,0.0,0.0,-0.23287656903266907,10.088459968566895,0.0454254150390625,9.800445556640625,0.25309303402900696,-10.0,-9.880027770996094,14.67492389678955,2.0,2.0,17.789152145385742,0.30357420444488525,0.28977540135383606,0.30357420444488525,0.29590821266174316,0.0,0.30469265580177307,0.30469265580177307,0.30469265580177307,0.30469265580177307,0.0,-0.959823727607727,0.6948122978210449,-10.72630786895752,0.0,0.0,0.0,0.0,0.0,0.0,0.0,0.0,0.0,0.0,0.0,0.0,0.0,0.0,0.0,0.30469274520874023,0.30469274520874023,0.304692804813385,0.30469274520874023,0.33220455050468445,0.04114978387951851,0.04114978387951851,0.39053526520729065,0.4118903577327728,1.074061632156372,1.191715955734253,0.0,0.0,0.0,0.0,0.0,0.0,0.0
74548299124,0,-0.02080148085951805,-0.14620105922222137,-0.12788167595863342,-0.02080148085951805,-0.14620105922222137,-0.8278816938400269,-0.017328975722193718,0.00655400799587369,0.007293109316378832,0.0,0.0,0.0,-0.012481643818318844,-0.019522257149219513,-0.010293465107679367,0.0,0.0,-0.010293466039001942,0.064394012093544,0.05026323348283768,0.02934996411204338,0.09827778488397598,0.15551410615444183,5.098217661725357e-05,0.0,0.0,0.0,-0.23287656903266907,10.088459968566895,0.0454254150390625,9.800445556640625,0.25309303402900696,-10.0,-9.880027770996094,14.67492389678955,2.0,2.0,17.789152145385742,0.30357420444488525,0.28977540135383606,0.30357420444488525,0.29744139313697815,0.0,0.30469265580177307,0.30469265580177307,0.30469265580177307,0.30469265580177307,0.0,-0.959823727607727,0.6948122978210449,-10.72630786895752,0.0,0.0,0.0,0.0,0.0,0.0,0.0,0.0,0.0,0.0,0.0,0.0,0.0,0.0,0.0,0.30469274520874023,0.30469274520874023,0.304692804813385,0.30469274520874023,0.33220455050468445,0.04114978387951851,0.04114978387951851,0.39053526520729065,0.4118903577327728,1.074061632156372,1.191715955734253,0.0,0.0,0.0,0.0,0.0,0.0,0.0
74558263390,0,-0.02080148085951805,-0.14620105922222137,-0.12788167595863342,-0.02080148085951805,-0.14620105922222137,-0.8278816938400269,-0.017328975722193718,0.00655400799587369,0.007293109316378832,0.0,0.0,0.0,-0.012481643818318844,-0.019522257149219513,-0.010293465107679367,0.0,0.0,-0.010293466039001942,0.064394012093544,0.05026323348283768,0.02934996411204338,0.09827778488397598,0.15551410615444183,5.098217661725357e-05,0.0,0.0,0.0,-0.23287656903266907,10.088459968566895,0.0454254150390625,9.800445556640625,0.25309303402900696,-10.0,-9.880027770996094,14.67492389678955,2.0,2.0,17.789152145385742,0.30357420444488525,0.28977540135383606,0.30357420444488525,0.29744139313697815,0.0,0.30469265580177307,0.30469265580177307,0.30469265580177307,0.30469265580177307,0.0,-0.959823727607727,0.6948122978210449,-10.72630786895752,0.0,0.0,0.0,0.0,0.0,0.0,0.0,0.0,0.0,0.0,0.0,0.0,0.0,0.0,0.0,0.30469274520874023,0.30469274520874023,0.304692804813385,0.30469274520874023,0.33220455050468445,0.04114978387951851,0.04114978387951851,0.39053526520729065,0.4118903577327728,1.074061632156372,1.191715955734253,0.0,0.0,0.0,0.0,0.0,0.0,0.0
74569530918,0,-0.02080148085951805,-0.14620105922222137,-0.12788167595863342,-0.02080148085951805,-0.14620105922222137,-0.8278816938400269,-0.017328975722193718,0.00655400799587369,0.007293109316378832,0.0,0.0,0.0,-0.012481643818318844,-0.019522257149219513,-0.010293465107679367,0.0,0.0,-0.010293466039001942,0.064394012093544,0.05026323348283768,0.02934996411204338,0.09827778488397598,0.15551410615444183,5.098217661725357e-05,0.0,0.0,0.0,-0.23287656903266907,10.088459968566895,0.0454254150390625,9.800445556640625,0.25309303402900696,-10.0,-9.880027770996094,14.67492389678955,2.0,2.0,17.789152145385742,0.30357420444488525,0.28977540135383606,0.30357420444488525,0.29590821266174316,0.0,0.30469265580177307,0.30469265580177307,0.30469265580177307,0.30469265580177307,0.0,-0.959823727607727,0.6948122978210449,-10.72630786895752,0.0,0.0,0.0,0.0,0.0,0.0,0.0,0.0,0.0,0.0,0.0,0.0,0.0,0.0,0.0,0.30469274520874023,0.30469274520874023,0.304692804813385,0.30469274520874023,0.33220455050468445,0.04114978387951851,0.04114978387951851,0.39053526520729065,0.4118903577327728,1.074061632156372,1.191715955734253,0.0,0.0,0.0,0.0,0.0,0.0,0.0
74577631789,0,-0.02080148085951805,-0.14620105922222137,-0.12788167595863342,-0.02080148085951805,-0.14620105922222137,-0.8278816938400269,-0.017328975722193718,0.00655400799587369,0.007293109316378832,0.0,0.0,0.0,-0.012481643818318844,-0.019522257149219513,-0.010293465107679367,0.0,0.0,-0.010293466039001942,0.064394012093544,0.05026323348283768,0.02934996411204338,0.09827778488397598,0.15551410615444183,5.098217661725357e-05,0.0,0.0,0.0,-0.23287656903266907,10.088459968566895,0.0454254150390625,9.800445556640625,0.25309303402900696,-10.0,-9.880027770996094,14.67492389678955,2.0,2.0,17.789152145385742,0.30357420444488525,0.28977540135383606,0.30357420444488525,0.29744139313697815,0.0,0.30469265580177307,0.30469265580177307,0.30469265580177307,0.30469265580177307,0.0,-0.959823727607727,0.6948122978210449,-10.72630786895752,0.0,0.0,0.0,0.0,0.0,0.0,0.0,0.0,0.0,0.0,0.0,0.0,0.0,0.0,0.0,0.30469274520874023,0.30469274520874023,0.304692804813385,0.30469274520874023,0.33220455050468445,0.04114978387951851,0.04114978387951851,0.39053526520729065,0.4118903577327728,1.074061632156372,1.191715955734253,0.0,0.0,0.0,0.0,0.0,0.0,0.0
74587589866,0,-0.02080148085951805,-0.14620105922222137,-0.12788167595863342,-0.02080148085951805,-0.14620105922222137,-0.8278816938400269,-0.017328975722193718,0.00655400799587369,0.007293109316378832,0.0,0.0,0.0,-0.012481643818318844,-0.019522257149219513,-0.010293465107679367,0.0,0.0,-0.010293466039001942,0.064394012093544,0.05026323348283768,0.02934996411204338,0.09827778488397598,0.15551410615444183,5.098217661725357e-05,0.0,0.0,0.0,-0.23287656903266907,10.088459968566895,0.0454254150390625,9.800445556640625,0.25309303402900696,-10.0,-9.880027770996094,14.67492389678955,2.0,2.0,17.789152145385742,0.30357420444488525,0.28977540135383606,0.30357420444488525,0.29744139313697815,0.0,0.30469265580177307,0.30469265580177307,0.30469265580177307,0.30469265580177307,0.0,-0.959823727607727,0.6948122978210449,-10.72630786895752,0.0,0.0,0.0,0.0,0.0,0.0,0.0,0.0,0.0,0.0,0.0,0.0,0.0,0.0,0.0,0.30469274520874023,0.30469274520874023,0.304692804813385,0.30469274520874023,0.33220455050468445,0.04114978387951851,0.04114978387951851,0.39053526520729065,0.4118903577327728,1.074061632156372,1.191715955734253,0.0,0.0,0.0,0.0,0.0,0.0,0.0
74597650896,0,-0.02080148085951805,-0.14620105922222137,-0.12788167595863342,-0.02080148085951805,-0.14620105922222137,-0.8278816938400269,-0.017328975722193718,0.00655400799587369,0.007293109316378832,0.0,0.0,0.0,-0.012481643818318844,-0.019522257149219513,-0.010293465107679367,0.0,0.0,-0.010293466039001942,0.064394012093544,0.05026323348283768,0.02934996411204338,0.09827778488397598,0.15551410615444183,5.098217661725357e-05,0.0,0.0,0.0,-0.23287656903266907,10.088459968566895,0.0454254150390625,9.800445556640625,0.25309303402900696,-10.0,-9.880027770996094,14.67492389678955,2.0,2.0,17.789152145385742,0.30357420444488525,0.28977540135383606,0.30357420444488525,0.29744139313697815,0.0,0.30469265580177307,0.30469265580177307,0.30469265580177307,0.30469265580177307,0.0,-0.959823727607727,0.6948122978210449,-10.72630786895752,0.0,0.0,0.0,0.0,0.0,0.0,0.0,0.0,0.0,0.0,0.0,0.0,0.0,0.0,0.0,0.30469274520874023,0.30469274520874023,0.304692804813385,0.30469274520874023,0.33220455050468445,0.04114978387951851,0.04114978387951851,0.39053526520729065,0.4118903577327728,1.074061632156372,1.191715955734253,0.0,0.0,0.0,0.0,0.0,0.0,0.0
74607694321,0,-0.02080148085951805,-0.14620105922222137,-0.12788167595863342,-0.02080148085951805,-0.14620105922222137,-0.8278816938400269,-0.017328975722193718,0.00655400799587369,0.007293109316378832,0.0,0.0,0.0,-0.012481643818318844,-0.019522257149219513,-0.010293465107679367,0.0,0.0,-0.010293466039001942,0.064394012093544,0.05026323348283768,0.02934996411204338,0.09827778488397598,0.15551410615444183,5.098217661725357e-05,0.0,0.0,0.0,-0.23287656903266907,10.088459968566895,0.0454254150390625,9.800445556640625,0.25309303402900696,-10.0,-9.880027770996094,14.67492389678955,2.0,2.0,17.789152145385742,0.30357420444488525,0.28977540135383606,0.30357420444488525,0.29744139313697815,0.0,0.30469265580177307,0.30469265580177307,0.30469265580177307,0.30469265580177307,0.0,-0.959823727607727,0.6948122978210449,-10.72630786895752,0.0,0.0,0.0,0.0,0.0,0.0,0.0,0.0,0.0,0.0,0.0,0.0,0.0,0.0,0.0,0.30469274520874023,0.30469274520874023,0.304692804813385,0.30469274520874023,0.33220455050468445,0.04114978387951851,0.04114978387951851,0.39053526520729065,0.4118903577327728,1.074061632156372,1.191715955734253,0.0,0.0,0.0,0.0,0.0,0.0,0.0
74617571989,0,-0.02080148085951805,-0.14620105922222137,-0.12788167595863342,-0.02080148085951805,-0.14620105922222137,-0.8278816938400269,-0.017328975722193718,0.00655400799587369,0.007293109316378832,0.0,0.0,0.0,-0.012481643818318844,-0.019522257149219513,-0.010293465107679367,0.0,0.0,-0.010293466039001942,0.064394012093544,0.05026323348283768,0.02934996411204338,0.09827778488397598,0.15551410615444183,5.098217661725357e-05,0.0,0.0,0.0,-0.23287656903266907,10.088459968566895,0.0454254150390625,9.800445556640625,0.25309303402900696,-10.0,-9.880027770996094,14.67492389678955,2.0,2.0,17.789152145385742,0.30357420444488525,0.28977540135383606,0.30357420444488525,0.29744139313697815,0.0,0.30469265580177307,0.30469265580177307,0.30469265580177307,0.30469265580177307,0.0,-0.959823727607727,0.6948122978210449,-10.72630786895752,0.0,0.0,0.0,0.0,0.0,0.0,0.0,0.0,0.0,0.0,0.0,0.0,0.0,0.0,0.0,0.30469274520874023,0.30469274520874023,0.304692804813385,0.30469274520874023,0.33220455050468445,0.04114978387951851,0.04114978387951851,0.39053526520729065,0.4118903577327728,1.074061632156372,1.191715955734253,0.0,0.0,0.0,0.0,0.0,0.0,0.0
74629117724,0,-0.02080148085951805,-0.14620105922222137,-0.12788167595863342,-0.02080148085951805,-0.14620105922222137,-0.8278816938400269,-0.017328975722193718,0.00655400799587369,0.007293109316378832,0.0,0.0,0.0,-0.012481643818318844,-0.019522257149219513,-0.010293465107679367,0.0,0.0,-0.010293466039001942,0.064394012093544,0.05026323348283768,0.02934996411204338,0.09827778488397598,0.15551410615444183,5.098217661725357e-05,0.0,0.0,0.0,-0.23287656903266907,10.088459968566895,0.0454254150390625,9.800445556640625,0.25309303402900696,-10.0,-9.880027770996094,14.67492389678955,2.0,2.0,17.789152145385742,0.30357420444488525,0.28977540135383606,0.30357420444488525,0.29590821266174316,0.0,0.30469265580177307,0.30469265580177307,0.30469265580177307,0.30469265580177307,0.0,-0.959823727607727,0.6948122978210449,-10.72630786895752,0.0,0.0,0.0,0.0,0.0,0.0,0.0,0.0,0.0,0.0,0.0,0.0,0.0,0.0,0.0,0.30469274520874023,0.30469274520874023,0.304692804813385,0.30469274520874023,0.33220455050468445,0.04114978387951851,0.04114978387951851,0.39053526520729065,0.4118903577327728,1.074061632156372,1.191715955734253,0.0,0.0,0.0,0.0,0.0,0.0,0.0
74638442203,0,-0.02080148085951805,-0.14620105922222137,-0.12788167595863342,-0.02080148085951805,-0.14620105922222137,-0.8278816938400269,-0.017328975722193718,0.00655400799587369,0.007293109316378832,0.0,0.0,0.0,-0.012481643818318844,-0.019522257149219513,-0.010293465107679367,0.0,0.0,-0.010293466039001942,0.064394012093544,0.05026323348283768,0.02934996411204338,0.09827778488397598,0.15551410615444183,5.098217661725357e-05,0.0,0.0,0.0,-0.23287656903266907,10.088459968566895,0.0454254150390625,9.800445556640625,0.25309303402900696,-10.0,-9.880027770996094,14.67492389678955,2.0,2.0,17.789152145385742,0.30357420444488525,0.28977540135383606,0.30357420444488525,0.29744139313697815,0.0,0.30469265580177307,0.30469265580177307,0.30469265580177307,0.30469265580177307,0.0,-0.959823727607727,0.6948122978210449,-10.72630786895752,0.0,0.0,0.0,0.0,0.0,0.0,0.0,0.0,0.0,0.0,0.0,0.0,0.0,0.0,0.0,0.30469274520874023,0.30469274520874023,0.304692804813385,0.30469274520874023,0.33220455050468445,0.04114978387951851,0.04114978387951851,0.39053526520729065,0.4118903577327728,1.074061632156372,1.191715955734253,0.0,0.0,0.0,0.0,0.0,0.0,0.0
74647830846,0,-0.02080148085951805,-0.14620105922222137,-0.12788167595863342,-0.02080148085951805,-0.14620105922222137,-0.8278816938400269,-0.017328975722193718,0.00655400799587369,0.007293109316378832,0.0,0.0,0.0,-0.012481643818318844,-0.019522257149219513,-0.010293465107679367,0.0,0.0,-0.010293466039001942,0.064394012093544,0.05026323348283768,0.02934996411204338,0.09827778488397598,0.15551410615444183,5.098217661725357e-05,0.0,0.0,0.0,-0.23287656903266907,10.088459968566895,0.0454254150390625,9.800445556640625,0.25309303402900696,-10.0,-9.880027770996094,14.67492389678955,2.0,2.0,17.789152145385742,0.30357420444488525,0.28977540135383606,0.30357420444488525,0.29590821266174316,0.0,0.30469265580177307,0.30469265580177307,0.30469265580177307,0.30469265580177307,0.0,-0.959823727607727,0.6948122978210449,-10.72630786895752,0.0,0.0,0.0,0.0,0.0,0.0,0.0,0.0,0.0,0.0,0.0,0.0,0.0,0.0,0.0,0.30469274520874023,0.30469274520874023,0.304692804813385,0.30469274520874023,0.33220455050468445,0.04114978387951851,0.04114978387951851,0.39053526520729065,0.4118903577327728,1.074061632156372,1.191715955734253,0.0,0.0,0.0,0.0,0.0,0.0,0.0
74657646593,0,-0.02080148085951805,-0.14620105922222137,-0.12788167595863342,-0.02080148085951805,-0.14620105922222137,-0.8278816938400269,-0.017328975722193718,0.00655400799587369,0.007293109316378832,0.0,0.0,0.0,-0.012481643818318844,-0.019522257149219513,-0.010293465107679367,0.0,0.0,-0.010293466039001942,0.064394012093544,0.05026323348283768,0.02934996411204338,0.09827778488397598,0.15551410615444183,5.098217661725357e-05,0.0,0.0,0.0,-0.23287656903266907,10.088459968566895,0.0454254150390625,9.800445556640625,0.25309303402900696,-10.0,-9.880027770996094,14.67492389678955,2.0,2.0,17.789152145385742,0.30357420444488525,0.28977540135383606,0.30357420444488525,0.29744139313697815,0.0,0.30469265580177307,0.30469265580177307,0.30469265580177307,0.30469265580177307,0.0,-0.959823727607727,0.6948122978210449,-10.72630786895752,0.0,0.0,0.0,0.0,0.0,0.0,0.0,0.0,0.0,0.0,0.0,0.0,0.0,0.0,0.0,0.30469274520874023,0.30469274520874023,0.304692804813385,0.30469274520874023,0.33220455050468445,0.04114978387951851,0.04114978387951851,0.39053526520729065,0.4118903577327728,1.074061632156372,1.191715955734253,0.0,0.0,0.0,0.0,0.0,0.0,0.0
74667691554,0,-0.02080148085951805,-0.14620105922222137,-0.12788167595863342,-0.02080148085951805,-0.14620105922222137,-0.8278816938400269,-0.017328975722193718,0.00655400799587369,0.007293109316378832,0.0,0.0,0.0,-0.012481643818318844,-0.019522257149219513,-0.010293465107679367,0.0,0.0,-0.010293466039001942,0.064394012093544,0.05026323348283768,0.02934996411204338,0.09827778488397598,0.15551410615444183,5.098217661725357e-05,0.0,0.0,0.0,-0.23287656903266907,10.088459968566895,0.0454254150390625,9.800445556640625,0.25309303402900696,-10.0,-9.880027770996094,14.67492389678955,2.0,2.0,17.789152145385742,0.30357420444488525,0.28977540135383606,0.30357420444488525,0.29744139313697815,0.0,0.30469265580177307,0.30469265580177307,0.30469265580177307,0.30469265580177307,0.0,-0.959823727607727,0.6948122978210449,-10.72630786895752,0.0,0.0,0.0,0.0,0.0,0.0,0.0,0.0,0.0,0.0,0.0,0.0,0.0,0.0,0.0,0.30469274520874023,0.30469274520874023,0.304692804813385,0.30469274520874023,0.33220455050468445,0.04114978387951851,0.04114978387951851,0.39053526520729065,0.4118903577327728,1.074061632156372,1.191715955734253,0.0,0.0,0.0,0.0,0.0,0.0,0.0
74679593671,0,-0.02080148085951805,-0.14620105922222137,-0.12788167595863342,-0.02080148085951805,-0.14620105922222137,-0.8278816938400269,-0.017328975722193718,0.00655400799587369,0.007293109316378832,0.0,0.0,0.0,-0.012481643818318844,-0.019522257149219513,-0.010293465107679367,0.0,0.0,-0.010293466039001942,0.064394012093544,0.05026323348283768,0.02934996411204338,0.09827778488397598,0.15551410615444183,5.098217661725357e-05,0.0,0.0,0.0,-0.23287656903266907,10.088459968566895,0.0454254150390625,9.800445556640625,0.25309303402900696,-10.0,-9.880027770996094,14.67492389678955,2.0,2.0,17.789152145385742,0.30357420444488525,0.28977540135383606,0.30357420444488525,0.29744139313697815,0.0,0.30469265580177307,0.30469265580177307,0.30469265580177307,0.30469265580177307,0.0,-0.959823727607727,0.6948122978210449,-10.72630786895752,0.0,0.0,0.0,0.0,0.0,0.0,0.0,0.0,0.0,0.0,0.0,0.0,0.0,0.0,0.0,0.30469274520874023,0.30469274520874023,0.304692804813385,0.30469274520874023,0.33220455050468445,0.04114978387951851,0.04114978387951851,0.39053526520729065,0.4118903577327728,1.074061632156372,1.191715955734253,0.0,0.0,0.0,0.0,0.0,0.0,0.0
74687984702,0,-0.02080148085951805,-0.14620105922222137,-0.12788167595863342,-0.02080148085951805,-0.14620105922222137,-0.8278816938400269,-0.017328975722193718,0.00655400799587369,0.007293109316378832,0.0,0.0,0.0,-0.012481643818318844,-0.019522257149219513,-0.010293465107679367,0.0,0.0,-0.010293466039001942,0.064394012093544,0.05026323348283768,0.02934996411204338,0.09827778488397598,0.15551410615444183,5.098217661725357e-05,0.0,0.0,0.0,-0.23287656903266907,10.088459968566895,0.0454254150390625,9.800445556640625,0.25309303402900696,-10.0,-9.880027770996094,14.67492389678955,2.0,2.0,17.789152145385742,0.30357420444488525,0.28977540135383606,0.30204102396965027,0.29744139313697815,0.0,0.30469265580177307,0.30469265580177307,0.30469265580177307,0.30469265580177307,0.0,-0.959823727607727,0.6948122978210449,-10.72630786895752,0.0,0.0,0.0,0.0,0.0,0.0,0.0,0.0,0.0,0.0,0.0,0.0,0.0,0.0,0.0,0.30469274520874023,0.30469274520874023,0.304692804813385,0.30469274520874023,0.33220455050468445,0.04114978387951851,0.04114978387951851,0.39053526520729065,0.4118903577327728,1.074061632156372,1.191715955734253,0.0,0.0,0.0,0.0,0.0,0.0,0.0
74697969965,0,-0.02080148085951805,-0.14620105922222137,-0.12788167595863342,-0.02080148085951805,-0.14620105922222137,-0.8278816938400269,-0.017328975722193718,0.00655400799587369,0.007293109316378832,0.0,0.0,0.0,-0.012481643818318844,-0.019522257149219513,-0.010293465107679367,0.0,0.0,-0.010293466039001942,0.064394012093544,0.05026323348283768,0.02934996411204338,0.09827778488397598,0.15551410615444183,5.098217661725357e-05,0.0,0.0,0.0,-0.23287656903266907,10.088459968566895,0.0454254150390625,9.800445556640625,0.25309303402900696,-10.0,-9.880027770996094,14.67492389678955,2.0,2.0,17.789152145385742,0.30357420444488525,0.28977540135383606,0.30357420444488525,0.29590821266174316,0.0,0.30469265580177307,0.30469265580177307,0.30469265580177307,0.30469265580177307,0.0,-0.959823727607727,0.6948122978210449,-10.72630786895752,0.0,0.0,0.0,0.0,0.0,0.0,0.0,0.0,0.0,0.0,0.0,0.0,0.0,0.0,0.0,0.30469274520874023,0.30469274520874023,0.304692804813385,0.30469274520874023,0.33220455050468445,0.04114978387951851,0.04114978387951851,0.39053526520729065,0.4118903577327728,1.074061632156372,1.191715955734253,0.0,0.0,0.0,0.0,0.0,0.0,0.0
74708057155,0,-0.02080148085951805,-0.14620105922222137,-0.12788167595863342,-0.02080148085951805,-0.14620105922222137,-0.8278816938400269,-0.017328975722193718,0.00655400799587369,0.007293109316378832,0.0,0.0,0.0,-0.012481643818318844,-0.019522257149219513,-0.010293465107679367,0.0,0.0,-0.010293466039001942,0.064394012093544,0.05026323348283768,0.02934996411204338,0.09827778488397598,0.15551410615444183,5.098217661725357e-05,0.0,0.0,0.0,-0.23287656903266907,10.088459968566895,0.0454254150390625,9.800445556640625,0.25309303402900696,-10.0,-9.880027770996094,14.67492389678955,2.0,2.0,17.789152145385742,0.30357420444488525,0.28977540135383606,0.30357420444488525,0.29744139313697815,0.0,0.30469265580177307,0.30469265580177307,0.30469265580177307,0.30469265580177307,0.0,-0.959823727607727,0.6948122978210449,-10.72630786895752,0.0,0.0,0.0,0.0,0.0,0.0,0.0,0.0,0.0,0.0,0.0,0.0,0.0,0.0,0.0,0.30469274520874023,0.30469274520874023,0.304692804813385,0.30469274520874023,0.33220455050468445,0.04114978387951851,0.04114978387951851,0.39053526520729065,0.4118903577327728,1.074061632156372,1.191715955734253,0.0,0.0,0.0,0.0,0.0,0.0,0.0
74719004371,0,-0.02080148085951805,-0.14620105922222137,-0.12788167595863342,-0.02080148085951805,-0.14620105922222137,-0.8278816938400269,-0.017328975722193718,0.00655400799587369,0.007293109316378832,0.0,0.0,0.0,-0.012481643818318844,-0.019522257149219513,-0.010293465107679367,0.0,0.0,-0.010293466039001942,0.064394012093544,0.05026323348283768,0.02934996411204338,0.09827778488397598,0.15551410615444183,5.098217661725357e-05,0.0,0.0,0.0,-0.23287656903266907,10.088459968566895,0.0454254150390625,9.800445556640625,0.25309303402900696,-10.0,-9.880027770996094,14.67492389678955,2.0,2.0,17.789152145385742,0.30357420444488525,0.28977540135383606,0.30357420444488525,0.29590821266174316,0.0,0.30469265580177307,0.30469265580177307,0.30469265580177307,0.30469265580177307,0.0,-0.959823727607727,0.6948122978210449,-10.72630786895752,0.0,0.0,0.0,0.0,0.0,0.0,0.0,0.0,0.0,0.0,0.0,0.0,0.0,0.0,0.0,0.30469274520874023,0.30469274520874023,0.304692804813385,0.30469274520874023,0.33220455050468445,0.04114978387951851,0.04114978387951851,0.39053526520729065,0.4118903577327728,1.074061632156372,1.191715955734253,0.0,0.0,0.0,0.0,0.0,0.0,0.0
74727826150,0,-0.02080148085951805,-0.14620105922222137,-0.12788167595863342,-0.02080148085951805,-0.14620105922222137,-0.8278816938400269,-0.017328975722193718,0.00655400799587369,0.007293109316378832,0.0,0.0,0.0,-0.012481643818318844,-0.019522257149219513,-0.010293465107679367,0.0,0.0,-0.010293466039001942,0.064394012093544,0.05026323348283768,0.02934996411204338,0.09827778488397598,0.15551410615444183,5.098217661725357e-05,0.0,0.0,0.0,-0.23287656903266907,10.088459968566895,0.0454254150390625,9.800445556640625,0.25309303402900696,-10.0,-9.880027770996094,14.67492389678955,2.0,2.0,17.789152145385742,0.30357420444488525,0.28977540135383606,0.30357420444488525,0.29744139313697815,0.0,0.30469265580177307,0.30469265580177307,0.30469265580177307,0.30469265580177307,0.0,-0.959823727607727,0.6948122978210449,-10.72630786895752,0.0,0.0,0.0,0.0,0.0,0.0,0.0,0.0,0.0,0.0,0.0,0.0,0.0,0.0,0.0,0.30469274520874023,0.30469274520874023,0.304692804813385,0.30469274520874023,0.33220455050468445,0.04114978387951851,0.04114978387951851,0.39053526520729065,0.4118903577327728,1.074061632156372,1.191715955734253,0.0,0.0,0.0,0.0,0.0,0.0,0.0
74737778960,0,-0.02080148085951805,-0.14620105922222137,-0.12788167595863342,-0.02080148085951805,-0.14620105922222137,-0.8278816938400269,-0.017328975722193718,0.00655400799587369,0.007293109316378832,0.0,0.0,0.0,-0.012481643818318844,-0.019522257149219513,-0.010293465107679367,0.0,0.0,-0.010293466039001942,0.064394012093544,0.05026323348283768,0.02934996411204338,0.09827778488397598,0.15551410615444183,5.098217661725357e-05,0.0,0.0,0.0,-0.23287656903266907,10.088459968566895,0.0454254150390625,9.800445556640625,0.25309303402900696,-10.0,-9.880027770996094,14.67492389678955,2.0,2.0,17.789152145385742,0.30357420444488525,0.28977540135383606,0.30357420444488525,0.29590821266174316,0.0,0.30469265580177307,0.30469265580177307,0.30469265580177307,0.30469265580177307,0.0,-0.959823727607727,0.6948122978210449,-10.72630786895752,0.0,0.0,0.0,0.0,0.0,0.0,0.0,0.0,0.0,0.0,0.0,0.0,0.0,0.0,0.0,0.30469274520874023,0.30469274520874023,0.304692804813385,0.30469274520874023,0.33220455050468445,0.04114978387951851,0.04114978387951851,0.39053526520729065,0.4118903577327728,1.074061632156372,1.191715955734253,0.0,0.0,0.0,0.0,0.0,0.0,0.0
74747597557,0,-0.02080148085951805,-0.14620105922222137,-0.12788167595863342,-0.02080148085951805,-0.14620105922222137,-0.8278816938400269,-0.017328975722193718,0.00655400799587369,0.007293109316378832,0.0,0.0,0.0,-0.012481643818318844,-0.019522257149219513,-0.010293465107679367,0.0,0.0,-0.010293466039001942,0.064394012093544,0.05026323348283768,0.02934996411204338,0.09827778488397598,0.15551410615444183,5.098217661725357e-05,0.0,0.0,0.0,-0.23287656903266907,10.088459968566895,0.0454254150390625,9.800445556640625,0.25309303402900696,-10.0,-9.880027770996094,14.67492389678955,2.0,2.0,17.789152145385742,0.30357420444488525,0.28977540135383606,0.30357420444488525,0.29744139313697815,0.0,0.30469265580177307,0.30469265580177307,0.30469265580177307,0.30469265580177307,0.0,-0.959823727607727,0.6948122978210449,-10.72630786895752,0.0,0.0,0.0,0.0,0.0,0.0,0.0,0.0,0.0,0.0,0.0,0.0,0.0,0.0,0.0,0.30469274520874023,0.30469274520874023,0.304692804813385,0.30469274520874023,0.33220455050468445,0.04114978387951851,0.04114978387951851,0.39053526520729065,0.4118903577327728,1.074061632156372,1.191715955734253,0.0,0.0,0.0,0.0,0.0,0.0,0.0
74757581400,0,-0.02080148085951805,-0.14620105922222137,-0.12788167595863342,-0.02080148085951805,-0.14620105922222137,-0.8278816938400269,-0.017328975722193718,0.00655400799587369,0.007293109316378832,0.0,0.0,0.0,-0.012481643818318844,-0.019522257149219513,-0.010293465107679367,0.0,0.0,-0.010293466039001942,0.064394012093544,0.05026323348283768,0.02934996411204338,0.09827778488397598,0.15551410615444183,5.098217661725357e-05,0.0,0.0,0.0,-0.23287656903266907,10.088459968566895,0.0454254150390625,9.800445556640625,0.25309303402900696,-10.0,-9.880027770996094,14.67492389678955,2.0,2.0,17.789152145385742,0.30357420444488525,0.28977540135383606,0.30357420444488525,0.29744139313697815,0.0,0.30469265580177307,0.30469265580177307,0.30469265580177307,0.30469265580177307,0.0,-0.959823727607727,0.6948122978210449,-10.72630786895752,0.0,0.0,0.0,0.0,0.0,0.0,0.0,0.0,0.0,0.0,0.0,0.0,0.0,0.0,0.0,0.30469274520874023,0.30469274520874023,0.304692804813385,0.30469274520874023,0.33220455050468445,0.04114978387951851,0.04114978387951851,0.39053526520729065,0.4118903577327728,1.074061632156372,1.191715955734253,0.0,0.0,0.0,0.0,0.0,0.0,0.0
74767577512,0,-0.02080148085951805,-0.14620105922222137,-0.12788167595863342,-0.02080148085951805,-0.14620105922222137,-0.8278816938400269,-0.017328975722193718,0.00655400799587369,0.007293109316378832,0.0,0.0,0.0,-0.012481643818318844,-0.019522257149219513,-0.010293465107679367,0.0,0.0,-0.010293466039001942,0.064394012093544,0.05026323348283768,0.02934996411204338,0.09827778488397598,0.15551410615444183,5.098217661725357e-05,0.0,0.0,0.0,-0.23287656903266907,10.088459968566895,0.0454254150390625,9.800445556640625,0.25309303402900696,-10.0,-9.880027770996094,14.67492389678955,2.0,2.0,17.789152145385742,0.30357420444488525,0.28977540135383606,0.30357420444488525,0.29590821266174316,0.0,0.30469265580177307,0.30469265580177307,0.30469265580177307,0.30469265580177307,0.0,-0.959823727607727,0.6948122978210449,-10.72630786895752,0.0,0.0,0.0,0.0,0.0,0.0,0.0,0.0,0.0,0.0,0.0,0.0,0.0,0.0,0.0,0.30469274520874023,0.30469274520874023,0.304692804813385,0.30469274520874023,0.33220455050468445,0.04114978387951851,0.04114978387951851,0.39053526520729065,0.4118903577327728,1.074061632156372,1.191715955734253,0.0,0.0,0.0,0.0,0.0,0.0,0.0
74777573421,0,-0.02080148085951805,-0.14620105922222137,-0.12788167595863342,-0.02080148085951805,-0.14620105922222137,-0.8278816938400269,-0.017328975722193718,0.00655400799587369,0.007293109316378832,0.0,0.0,0.0,-0.012481643818318844,-0.019522257149219513,-0.010293465107679367,0.0,0.0,-0.010293466039001942,0.064394012093544,0.05026323348283768,0.02934996411204338,0.09827778488397598,0.15551410615444183,5.098217661725357e-05,0.0,0.0,0.0,-0.23287656903266907,10.088459968566895,0.0454254150390625,9.800445556640625,0.25309303402900696,-10.0,-9.880027770996094,14.67492389678955,2.0,2.0,17.789152145385742,0.30357420444488525,0.28977540135383606,0.30357420444488525,0.29590821266174316,0.0,0.30469265580177307,0.30469265580177307,0.30469265580177307,0.30469265580177307,0.0,-0.959823727607727,0.6948122978210449,-10.72630786895752,0.0,0.0,0.0,0.0,0.0,0.0,0.0,0.0,0.0,0.0,0.0,0.0,0.0,0.0,0.0,0.30469274520874023,0.30469274520874023,0.304692804813385,0.30469274520874023,0.33220455050468445,0.04114978387951851,0.04114978387951851,0.39053526520729065,0.4118903577327728,1.074061632156372,1.191715955734253,0.0,0.0,0.0,0.0,0.0,0.0,0.0
74789451714,0,-0.02080148085951805,-0.14620105922222137,-0.12788167595863342,-0.02080148085951805,-0.14620105922222137,-0.8278816938400269,-0.017328975722193718,0.00655400799587369,0.007293109316378832,0.0,0.0,0.0,-0.012481643818318844,-0.019522257149219513,-0.010293465107679367,0.0,0.0,-0.010293466039001942,0.064394012093544,0.05026323348283768,0.02934996411204338,0.09827778488397598,0.15551410615444183,5.098217661725357e-05,0.0,0.0,0.0,-0.23287656903266907,10.088459968566895,0.0454254150390625,9.800445556640625,0.25309303402900696,-10.0,-9.880027770996094,14.67492389678955,2.0,2.0,17.789152145385742,0.30357420444488525,0.28977540135383606,0.30357420444488525,0.29590821266174316,0.0,0.30469265580177307,0.30469265580177307,0.30469265580177307,0.30469265580177307,0.0,-0.959823727607727,0.6948122978210449,-10.72630786895752,0.0,0.0,0.0,0.0,0.0,0.0,0.0,0.0,0.0,0.0,0.0,0.0,0.0,0.0,0.0,0.30469274520874023,0.30469274520874023,0.304692804813385,0.30469274520874023,0.33220455050468445,0.04114978387951851,0.04114978387951851,0.39053526520729065,0.4118903577327728,1.074061632156372,1.191715955734253,0.0,0.0,0.0,0.0,0.0,0.0,0.0
74811981708,0,-0.02080148085951805,-0.14620105922222137,-0.12788167595863342,-0.02080148085951805,-0.14620105922222137,-0.8278816938400269,-0.017328975722193718,0.00655400799587369,0.007293109316378832,0.0,0.0,0.0,-0.012481643818318844,-0.019522257149219513,-0.010293465107679367,0.0,0.0,-0.010293466039001942,0.064394012093544,0.05026323348283768,0.02934996411204338,0.09827778488397598,0.15551410615444183,5.098217661725357e-05,0.0,0.0,0.0,-0.23287656903266907,10.088459968566895,0.0454254150390625,9.800445556640625,0.25309303402900696,-10.0,-9.880027770996094,14.67492389678955,2.0,2.0,17.789152145385742,0.30357420444488525,0.28977540135383606,0.30357420444488525,0.29590821266174316,0.0,0.30469265580177307,0.30469265580177307,0.30469265580177307,0.30469265580177307,0.0,-0.959823727607727,0.6948122978210449,-10.72630786895752,0.0,0.0,0.0,0.0,0.0,0.0,0.0,0.0,0.0,0.0,0.0,0.0,0.0,0.0,0.0,0.30469274520874023,0.30469274520874023,0.304692804813385,0.30469274520874023,0.33220455050468445,0.04114978387951851,0.04114978387951851,0.39053526520729065,0.4118903577327728,1.074061632156372,1.191715955734253,0.0,0.0,0.0,0.0,0.0,0.0,0.0
74812030184,0,-0.02080148085951805,-0.14620105922222137,-0.12788167595863342,-0.02080148085951805,-0.14620105922222137,-0.8278816938400269,-0.017328975722193718,0.00655400799587369,0.007293109316378832,0.0,0.0,0.0,-0.012481643818318844,-0.019522257149219513,-0.010293465107679367,0.0,0.0,-0.010293466039001942,0.064394012093544,0.05026323348283768,0.02934996411204338,0.09827778488397598,0.15551410615444183,5.098217661725357e-05,0.0,0.0,0.0,-0.23287656903266907,10.088459968566895,0.0454254150390625,9.800445556640625,0.25309303402900696,-10.0,-9.880027770996094,14.67492389678955,2.0,2.0,17.789152145385742,0.30357420444488525,0.28977540135383606,0.30357420444488525,0.29744139313697815,0.0,0.30469265580177307,0.30469265580177307,0.30469265580177307,0.30469265580177307,0.0,-0.959823727607727,0.6948122978210449,-10.72630786895752,0.0,0.0,0.0,0.0,0.0,0.0,0.0,0.0,0.0,0.0,0.0,0.0,0.0,0.0,0.0,0.30469274520874023,0.30469274520874023,0.304692804813385,0.30469274520874023,0.33220455050468445,0.04114978387951851,0.04114978387951851,0.39053526520729065,0.4118903577327728,1.074061632156372,1.191715955734253,0.0,0.0,0.0,0.0,0.0,0.0,0.0
74818115186,0,-0.02080148085951805,-0.14620105922222137,-0.12788167595863342,-0.02080148085951805,-0.14620105922222137,-0.8278816938400269,-0.017328975722193718,0.00655400799587369,0.007293109316378832,0.0,0.0,0.0,-0.012481643818318844,-0.019522257149219513,-0.010293465107679367,0.0,0.0,-0.010293466039001942,0.064394012093544,0.05026323348283768,0.02934996411204338,0.09827778488397598,0.15551410615444183,5.098217661725357e-05,0.0,0.0,0.0,-0.23287656903266907,10.088459968566895,0.0454254150390625,9.800445556640625,0.25309303402900696,-10.0,-9.880027770996094,14.67492389678955,2.0,2.0,17.789152145385742,0.30357420444488525,0.28977540135383606,0.30357420444488525,0.29590821266174316,0.0,0.30469265580177307,0.30469265580177307,0.30469265580177307,0.30469265580177307,0.0,-0.959823727607727,0.6948122978210449,-10.72630786895752,0.0,0.0,0.0,0.0,0.0,0.0,0.0,0.0,0.0,0.0,0.0,0.0,0.0,0.0,0.0,0.30469274520874023,0.30469274520874023,0.304692804813385,0.30469274520874023,0.33220455050468445,0.04114978387951851,0.04114978387951851,0.39053526520729065,0.4118903577327728,1.074061632156372,1.191715955734253,0.0,0.0,0.0,0.0,0.0,0.0,0.0
74828864008,0,-0.02080148085951805,-0.14620105922222137,-0.12788167595863342,-0.02080148085951805,-0.14620105922222137,-0.8278816938400269,-0.017328975722193718,0.00655400799587369,0.007293109316378832,0.0,0.0,0.0,-0.012481643818318844,-0.019522257149219513,-0.010293465107679367,0.0,0.0,-0.010293466039001942,0.064394012093544,0.05026323348283768,0.02934996411204338,0.09827778488397598,0.15551410615444183,5.098217661725357e-05,0.0,0.0,0.0,-0.23287656903266907,10.088459968566895,0.0454254150390625,9.800445556640625,0.25309303402900696,-10.0,-9.880027770996094,14.67492389678955,2.0,2.0,17.789152145385742,0.30357420444488525,0.28977540135383606,0.30357420444488525,0.29744139313697815,0.0,0.30469265580177307,0.30469265580177307,0.30469265580177307,0.30469265580177307,0.0,-0.959823727607727,0.6948122978210449,-10.72630786895752,0.0,0.0,0.0,0.0,0.0,0.0,0.0,0.0,0.0,0.0,0.0,0.0,0.0,0.0,0.0,0.30469274520874023,0.30469274520874023,0.304692804813385,0.30469274520874023,0.33220455050468445,0.04114978387951851,0.04114978387951851,0.39053526520729065,0.4118903577327728,1.074061632156372,1.191715955734253,0.0,0.0,0.0,0.0,0.0,0.0,0.0
74838259619,0,-0.02080148085951805,-0.14620105922222137,-0.12788167595863342,-0.02080148085951805,-0.14620105922222137,-0.8278816938400269,-0.017328975722193718,0.00655400799587369,0.007293109316378832,0.0,0.0,0.0,-0.012481643818318844,-0.019522257149219513,-0.010293465107679367,0.0,0.0,-0.010293466039001942,0.064394012093544,0.05026323348283768,0.02934996411204338,0.09827778488397598,0.15551410615444183,5.098217661725357e-05,0.0,0.0,0.0,-0.23287656903266907,10.088459968566895,0.0454254150390625,9.800445556640625,0.25309303402900696,-10.0,-9.880027770996094,14.67492389678955,2.0,2.0,17.789152145385742,0.30357420444488525,0.28977540135383606,0.30357420444488525,0.29744139313697815,0.0,0.30469265580177307,0.30469265580177307,0.30469265580177307,0.30469265580177307,0.0,-0.959823727607727,0.6948122978210449,-10.72630786895752,0.0,0.0,0.0,0.0,0.0,0.0,0.0,0.0,0.0,0.0,0.0,0.0,0.0,0.0,0.0,0.30469274520874023,0.30469274520874023,0.304692804813385,0.30469274520874023,0.33220455050468445,0.04114978387951851,0.04114978387951851,0.39053526520729065,0.4118903577327728,1.074061632156372,1.191715955734253,0.0,0.0,0.0,0.0,0.0,0.0,0.0
74848131009,0,-0.02080148085951805,-0.14620105922222137,-0.12788167595863342,-0.02080148085951805,-0.14620105922222137,-0.8278816938400269,-0.017328975722193718,0.00655400799587369,0.007293109316378832,0.0,0.0,0.0,-0.012481643818318844,-0.019522257149219513,-0.010293465107679367,0.0,0.0,-0.010293466039001942,0.064394012093544,0.05026323348283768,0.02934996411204338,0.09827778488397598,0.15551410615444183,5.098217661725357e-05,0.0,0.0,0.0,-0.23287656903266907,10.088459968566895,0.0454254150390625,9.800445556640625,0.25309303402900696,-10.0,-9.880027770996094,14.67492389678955,2.0,2.0,17.789152145385742,0.30357420444488525,0.28977540135383606,0.30357420444488525,0.29744139313697815,0.0,0.30469265580177307,0.30469265580177307,0.30469265580177307,0.30469265580177307,0.0,-0.959823727607727,0.6948122978210449,-10.72630786895752,0.0,0.0,0.0,0.0,0.0,0.0,0.0,0.0,0.0,0.0,0.0,0.0,0.0,0.0,0.0,0.30469274520874023,0.30469274520874023,0.304692804813385,0.30469274520874023,0.33220455050468445,0.04114978387951851,0.04114978387951851,0.39053526520729065,0.4118903577327728,1.074061632156372,1.191715955734253,0.0,0.0,0.0,0.0,0.0,0.0,0.0
74862088169,0,-0.02080148085951805,-0.14620105922222137,-0.12788167595863342,-0.02080148085951805,-0.14620105922222137,-0.8278816938400269,-0.017328975722193718,0.00655400799587369,0.007293109316378832,0.0,0.0,0.0,-0.012481643818318844,-0.019522257149219513,-0.010293465107679367,0.0,0.0,-0.010293466039001942,0.064394012093544,0.05026323348283768,0.02934996411204338,0.09827778488397598,0.15551410615444183,5.098217661725357e-05,0.0,0.0,0.0,-0.23287656903266907,10.088459968566895,0.0454254150390625,9.800445556640625,0.25309303402900696,-10.0,-9.880027770996094,14.67492389678955,2.0,2.0,17.789152145385742,0.30357420444488525,0.28977540135383606,0.30357420444488525,0.29744139313697815,0.0,0.30469265580177307,0.30469265580177307,0.30469265580177307,0.30469265580177307,0.0,-0.959823727607727,0.6948122978210449,-10.72630786895752,0.0,0.0,0.0,0.0,0.0,0.0,0.0,0.0,0.0,0.0,0.0,0.0,0.0,0.0,0.0,0.30469274520874023,0.30469274520874023,0.304692804813385,0.30469274520874023,0.33220455050468445,0.04114978387951851,0.04114978387951851,0.39053526520729065,0.4118903577327728,1.074061632156372,1.191715955734253,0.0,0.0,0.0,0.0,0.0,0.0,0.0
74868022096,0,-0.02080148085951805,-0.14620105922222137,-0.12788167595863342,-0.02080148085951805,-0.14620105922222137,-0.8278816938400269,-0.017328975722193718,0.00655400799587369,0.007293109316378832,0.0,0.0,0.0,-0.012481643818318844,-0.019522257149219513,-0.010293465107679367,0.0,0.0,-0.010293466039001942,0.064394012093544,0.05026323348283768,0.02934996411204338,0.09827778488397598,0.15551410615444183,5.098217661725357e-05,0.0,0.0,0.0,-0.23287656903266907,10.088459968566895,0.0454254150390625,9.800445556640625,0.25309303402900696,-10.0,-9.880027770996094,14.67492389678955,2.0,2.0,17.789152145385742,0.30357420444488525,0.28977540135383606,0.30357420444488525,0.29744139313697815,0.0,0.30469265580177307,0.30469265580177307,0.30469265580177307,0.30469265580177307,0.0,-0.959823727607727,0.6948122978210449,-10.72630786895752,0.0,0.0,0.0,0.0,0.0,0.0,0.0,0.0,0.0,0.0,0.0,0.0,0.0,0.0,0.0,0.30469274520874023,0.30469274520874023,0.304692804813385,0.30469274520874023,0.33220455050468445,0.04114978387951851,0.04114978387951851,0.39053526520729065,0.4118903577327728,1.074061632156372,1.191715955734253,0.0,0.0,0.0,0.0,0.0,0.0,0.0
74877509230,0,-0.02080148085951805,-0.14620105922222137,-0.12788167595863342,-0.02080148085951805,-0.14620105922222137,-0.8278816938400269,-0.017328975722193718,0.00655400799587369,0.007293109316378832,0.0,0.0,0.0,-0.012481643818318844,-0.019522257149219513,-0.010293465107679367,0.0,0.0,-0.010293466039001942,0.064394012093544,0.05026323348283768,0.02934996411204338,0.09827778488397598,0.15551410615444183,5.098217661725357e-05,0.0,0.0,0.0,-0.23287656903266907,10.088459968566895,0.0454254150390625,9.800445556640625,0.25309303402900696,-10.0,-9.880027770996094,14.67492389678955,2.0,2.0,17.789152145385742,0.30357420444488525,0.28977540135383606,0.30357420444488525,0.29744139313697815,0.0,0.30469265580177307,0.30469265580177307,0.30469265580177307,0.30469265580177307,0.0,-0.959823727607727,0.6948122978210449,-10.72630786895752,0.0,0.0,0.0,0.0,0.0,0.0,0.0,0.0,0.0,0.0,0.0,0.0,0.0,0.0,0.0,0.30469274520874023,0.30469274520874023,0.304692804813385,0.30469274520874023,0.33220455050468445,0.04114978387951851,0.04114978387951851,0.39053526520729065,0.4118903577327728,1.074061632156372,1.191715955734253,0.0,0.0,0.0,0.0,0.0,0.0,0.0
74887682697,0,-0.02080148085951805,-0.14620105922222137,-0.12788167595863342,-0.02080148085951805,-0.14620105922222137,-0.8278816938400269,-0.017328975722193718,0.00655400799587369,0.007293109316378832,0.0,0.0,0.0,-0.012481643818318844,-0.019522257149219513,-0.010293465107679367,0.0,0.0,-0.010293466039001942,0.064394012093544,0.05026323348283768,0.02934996411204338,0.09827778488397598,0.15551410615444183,5.098217661725357e-05,0.0,0.0,0.0,-0.23287656903266907,10.088459968566895,0.0454254150390625,9.800445556640625,0.25309303402900696,-10.0,-9.880027770996094,14.67492389678955,2.0,2.0,17.789152145385742,0.30357420444488525,0.28977540135383606,0.30357420444488525,0.29744139313697815,0.0,0.30469265580177307,0.30469265580177307,0.30469265580177307,0.30469265580177307,0.0,-0.959823727607727,0.6948122978210449,-10.72630786895752,0.0,0.0,0.0,0.0,0.0,0.0,0.0,0.0,0.0,0.0,0.0,0.0,0.0,0.0,0.0,0.30469274520874023,0.30469274520874023,0.304692804813385,0.30469274520874023,0.33220455050468445,0.04114978387951851,0.04114978387951851,0.39053526520729065,0.4118903577327728,1.074061632156372,1.191715955734253,0.0,0.0,0.0,0.0,0.0,0.0,0.0
74899084973,0,-0.02080148085951805,-0.14620105922222137,-0.12788167595863342,-0.02080148085951805,-0.14620105922222137,-0.8278816938400269,-0.017328975722193718,0.00655400799587369,0.007293109316378832,0.0,0.0,0.0,-0.012481643818318844,-0.019522257149219513,-0.010293465107679367,0.0,0.0,-0.010293466039001942,0.064394012093544,0.05026323348283768,0.02934996411204338,0.09827778488397598,0.15551410615444183,5.098217661725357e-05,0.0,0.0,0.0,-0.23287656903266907,10.088459968566895,0.0454254150390625,9.800445556640625,0.25309303402900696,-10.0,-9.880027770996094,14.67492389678955,2.0,2.0,17.789152145385742,0.30357420444488525,0.28977540135383606,0.30357420444488525,0.29744139313697815,0.0,0.30469265580177307,0.30469265580177307,0.30469265580177307,0.30469265580177307,0.0,-0.959823727607727,0.6948122978210449,-10.72630786895752,0.0,0.0,0.0,0.0,0.0,0.0,0.0,0.0,0.0,0.0,0.0,0.0,0.0,0.0,0.0,0.30469274520874023,0.30469274520874023,0.304692804813385,0.30469274520874023,0.33220455050468445,0.04114978387951851,0.04114978387951851,0.39053526520729065,0.4118903577327728,1.074061632156372,1.191715955734253,0.0,0.0,0.0,0.0,0.0,0.0,0.0
74909655375,0,-0.02080148085951805,-0.14620105922222137,-0.12788167595863342,-0.02080148085951805,-0.14620105922222137,-0.8278816938400269,-0.017328975722193718,0.00655400799587369,0.007293109316378832,0.0,0.0,0.0,-0.012481643818318844,-0.019522257149219513,-0.010293465107679367,0.0,0.0,-0.010293466039001942,0.064394012093544,0.05026323348283768,0.02934996411204338,0.09827778488397598,0.15551410615444183,5.098217661725357e-05,0.0,0.0,0.0,-0.23287656903266907,10.088459968566895,0.0454254150390625,9.800445556640625,0.25309303402900696,-10.0,-9.880027770996094,14.67492389678955,2.0,2.0,17.789152145385742,0.30357420444488525,0.28977540135383606,0.30357420444488525,0.29590821266174316,0.0,0.30469265580177307,0.30469265580177307,0.30469265580177307,0.30469265580177307,0.0,-0.959823727607727,0.6948122978210449,-10.72630786895752,0.0,0.0,0.0,0.0,0.0,0.0,0.0,0.0,0.0,0.0,0.0,0.0,0.0,0.0,0.0,0.30469274520874023,0.30469274520874023,0.304692804813385,0.30469274520874023,0.33220455050468445,0.04114978387951851,0.04114978387951851,0.39053526520729065,0.4118903577327728,1.074061632156372,1.191715955734253,0.0,0.0,0.0,0.0,0.0,0.0,0.0
74917712679,0,-0.02080148085951805,-0.14620105922222137,-0.12788167595863342,-0.02080148085951805,-0.14620105922222137,-0.8278816938400269,-0.017328975722193718,0.00655400799587369,0.007293109316378832,0.0,0.0,0.0,-0.012481643818318844,-0.019522257149219513,-0.010293465107679367,0.0,0.0,-0.010293466039001942,0.064394012093544,0.05026323348283768,0.02934996411204338,0.09827778488397598,0.15551410615444183,5.098217661725357e-05,0.0,0.0,0.0,-0.23287656903266907,10.088459968566895,0.0454254150390625,9.800445556640625,0.25309303402900696,-10.0,-9.880027770996094,14.67492389678955,2.0,2.0,17.789152145385742,0.30357420444488525,0.28977540135383606,0.30357420444488525,0.29744139313697815,0.0,0.30469265580177307,0.30469265580177307,0.30469265580177307,0.30469265580177307,0.0,-0.959823727607727,0.6948122978210449,-10.72630786895752,0.0,0.0,0.0,0.0,0.0,0.0,0.0,0.0,0.0,0.0,0.0,0.0,0.0,0.0,0.0,0.30469274520874023,0.30469274520874023,0.304692804813385,0.30469274520874023,0.33220455050468445,0.04114978387951851,0.04114978387951851,0.39053526520729065,0.4118903577327728,1.074061632156372,1.191715955734253,0.0,0.0,0.0,0.0,0.0,0.0,0.0
74927903960,0,-0.02080148085951805,-0.14620105922222137,-0.12788167595863342,-0.02080148085951805,-0.14620105922222137,-0.8278816938400269,-0.017328975722193718,0.00655400799587369,0.007293109316378832,0.0,0.0,0.0,-0.012481643818318844,-0.019522257149219513,-0.010293465107679367,0.0,0.0,-0.010293466039001942,0.064394012093544,0.05026323348283768,0.02934996411204338,0.09827778488397598,0.15551410615444183,5.098217661725357e-05,0.0,0.0,0.0,-0.23287656903266907,10.088459968566895,0.0454254150390625,9.800445556640625,0.25309303402900696,-10.0,-9.880027770996094,14.67492389678955,2.0,2.0,17.789152145385742,0.30357420444488525,0.28977540135383606,0.30357420444488525,0.29590821266174316,0.0,0.30469265580177307,0.30469265580177307,0.30469265580177307,0.30469265580177307,0.0,-0.959823727607727,0.6948122978210449,-10.72630786895752,0.0,0.0,0.0,0.0,0.0,0.0,0.0,0.0,0.0,0.0,0.0,0.0,0.0,0.0,0.0,0.30469274520874023,0.30469274520874023,0.304692804813385,0.30469274520874023,0.33220455050468445,0.04114978387951851,0.04114978387951851,0.39053526520729065,0.4118903577327728,1.074061632156372,1.191715955734253,0.0,0.0,0.0,0.0,0.0,0.0,0.0
74937878082,0,-0.02080148085951805,-0.14620105922222137,-0.12788167595863342,-0.02080148085951805,-0.14620105922222137,-0.8278816938400269,-0.017328975722193718,0.00655400799587369,0.007293109316378832,0.0,0.0,0.0,-0.012481643818318844,-0.019522257149219513,-0.010293465107679367,0.0,0.0,-0.010293466039001942,0.064394012093544,0.05026323348283768,0.02934996411204338,0.09827778488397598,0.15551410615444183,5.098217661725357e-05,0.0,0.0,0.0,-0.23287656903266907,10.088459968566895,0.0454254150390625,9.800445556640625,0.25309303402900696,-10.0,-9.880027770996094,14.67492389678955,2.0,2.0,17.789152145385742,0.30357420444488525,0.28977540135383606,0.30357420444488525,0.29590821266174316,0.0,0.30469265580177307,0.30469265580177307,0.30469265580177307,0.30469265580177307,0.0,-0.959823727607727,0.6948122978210449,-10.72630786895752,0.0,0.0,0.0,0.0,0.0,0.0,0.0,0.0,0.0,0.0,0.0,0.0,0.0,0.0,0.0,0.30469274520874023,0.30469274520874023,0.304692804813385,0.30469274520874023,0.33220455050468445,0.04114978387951851,0.04114978387951851,0.39053526520729065,0.4118903577327728,1.074061632156372,1.191715955734253,0.0,0.0,0.0,0.0,0.0,0.0,0.0
74950047245,0,-0.02080148085951805,-0.14620105922222137,-0.12788167595863342,-0.02080148085951805,-0.14620105922222137,-0.8278816938400269,-0.017328975722193718,0.00655400799587369,0.007293109316378832,0.0,0.0,0.0,-0.012481643818318844,-0.019522257149219513,-0.010293465107679367,0.0,0.0,-0.010293466039001942,0.064394012093544,0.05026323348283768,0.02934996411204338,0.09827778488397598,0.15551410615444183,5.098217661725357e-05,0.0,0.0,0.0,-0.23287656903266907,10.088459968566895,0.0454254150390625,9.800445556640625,0.25309303402900696,-10.0,-9.880027770996094,14.67492389678955,2.0,2.0,17.789152145385742,0.30357420444488525,0.28977540135383606,0.30357420444488525,0.29590821266174316,0.0,0.30469265580177307,0.30469265580177307,0.30469265580177307,0.30469265580177307,0.0,-0.959823727607727,0.6948122978210449,-10.72630786895752,0.0,0.0,0.0,0.0,0.0,0.0,0.0,0.0,0.0,0.0,0.0,0.0,0.0,0.0,0.0,0.30469274520874023,0.30469274520874023,0.304692804813385,0.30469274520874023,0.33220455050468445,0.04114978387951851,0.04114978387951851,0.39053526520729065,0.4118903577327728,1.074061632156372,1.191715955734253,0.0,0.0,0.0,0.0,0.0,0.0,0.0
74957534088,0,-0.02080148085951805,-0.14620105922222137,-0.12788167595863342,-0.02080148085951805,-0.14620105922222137,-0.8278816938400269,-0.017328975722193718,0.00655400799587369,0.007293109316378832,0.0,0.0,0.0,-0.012481643818318844,-0.019522257149219513,-0.010293465107679367,0.0,0.0,-0.010293466039001942,0.064394012093544,0.05026323348283768,0.02934996411204338,0.09827778488397598,0.15551410615444183,5.098217661725357e-05,0.0,0.0,0.0,-0.23287656903266907,10.088459968566895,0.0454254150390625,9.800445556640625,0.25309303402900696,-10.0,-9.880027770996094,14.67492389678955,2.0,2.0,17.789152145385742,0.30357420444488525,0.28977540135383606,0.30357420444488525,0.29744139313697815,0.0,0.30469265580177307,0.30469265580177307,0.30469265580177307,0.30469265580177307,0.0,-0.959823727607727,0.6948122978210449,-10.72630786895752,0.0,0.0,0.0,0.0,0.0,0.0,0.0,0.0,0.0,0.0,0.0,0.0,0.0,0.0,0.0,0.30469274520874023,0.30469274520874023,0.304692804813385,0.30469274520874023,0.33220455050468445,0.04114978387951851,0.04114978387951851,0.39053526520729065,0.4118903577327728,1.074061632156372,1.191715955734253,0.0,0.0,0.0,0.0,0.0,0.0,0.0
74972002422,0,-0.02080148085951805,-0.14620105922222137,-0.12788167595863342,-0.02080148085951805,-0.14620105922222137,-0.8278816938400269,-0.017328975722193718,0.00655400799587369,0.007293109316378832,0.0,0.0,0.0,-0.012481643818318844,-0.019522257149219513,-0.010293465107679367,0.0,0.0,-0.010293466039001942,0.064394012093544,0.05026323348283768,0.02934996411204338,0.09827778488397598,0.15551410615444183,5.098217661725357e-05,0.0,0.0,0.0,-0.23287656903266907,10.088459968566895,0.0454254150390625,9.800445556640625,0.25309303402900696,-10.0,-9.880027770996094,14.67492389678955,2.0,2.0,17.789152145385742,0.30357420444488525,0.28977540135383606,0.30357420444488525,0.29744139313697815,0.0,0.30469265580177307,0.30469265580177307,0.30469265580177307,0.30469265580177307,0.0,-0.959823727607727,0.6948122978210449,-10.72630786895752,0.0,0.0,0.0,0.0,0.0,0.0,0.0,0.0,0.0,0.0,0.0,0.0,0.0,0.0,0.0,0.30469274520874023,0.30469274520874023,0.304692804813385,0.30469274520874023,0.33220455050468445,0.04114978387951851,0.04114978387951851,0.39053526520729065,0.4118903577327728,1.074061632156372,1.191715955734253,0.0,0.0,0.0,0.0,0.0,0.0,0.0
74978101713,0,-0.02080148085951805,-0.14620105922222137,-0.12788167595863342,-0.02080148085951805,-0.14620105922222137,-0.8278816938400269,-0.017328975722193718,0.00655400799587369,0.007293109316378832,0.0,0.0,0.0,-0.012481643818318844,-0.019522257149219513,-0.010293465107679367,0.0,0.0,-0.010293466039001942,0.064394012093544,0.05026323348283768,0.02934996411204338,0.09827778488397598,0.15551410615444183,5.098217661725357e-05,0.0,0.0,0.0,-0.23287656903266907,10.088459968566895,0.0454254150390625,9.800445556640625,0.25309303402900696,-10.0,-9.880027770996094,14.67492389678955,2.0,2.0,17.789152145385742,0.30357420444488525,0.28977540135383606,0.30357420444488525,0.29744139313697815,0.0,0.30469265580177307,0.30469265580177307,0.30469265580177307,0.30469265580177307,0.0,-0.959823727607727,0.6948122978210449,-10.72630786895752,0.0,0.0,0.0,0.0,0.0,0.0,0.0,0.0,0.0,0.0,0.0,0.0,0.0,0.0,0.0,0.30469274520874023,0.30469274520874023,0.304692804813385,0.30469274520874023,0.33220455050468445,0.04114978387951851,0.04114978387951851,0.39053526520729065,0.4118903577327728,1.074061632156372,1.191715955734253,0.0,0.0,0.0,0.0,0.0,0.0,0.0
74988210053,0,-0.02080148085951805,-0.14620105922222137,-0.12788167595863342,-0.02080148085951805,-0.14620105922222137,-0.8278816938400269,-0.017328975722193718,0.00655400799587369,0.007293109316378832,0.0,0.0,0.0,-0.012481643818318844,-0.019522257149219513,-0.010293465107679367,0.0,0.0,-0.010293466039001942,0.064394012093544,0.05026323348283768,0.02934996411204338,0.09827778488397598,0.15551410615444183,5.098217661725357e-05,0.0,0.0,0.0,-0.23287656903266907,10.088459968566895,0.0454254150390625,9.800445556640625,0.25309303402900696,-10.0,-9.880027770996094,14.67492389678955,2.0,2.0,17.789152145385742,0.30357420444488525,0.28977540135383606,0.30357420444488525,0.29744139313697815,0.0,0.30469265580177307,0.30469265580177307,0.30469265580177307,0.30469265580177307,0.0,-0.959823727607727,0.6948122978210449,-10.72630786895752,0.0,0.0,0.0,0.0,0.0,0.0,0.0,0.0,0.0,0.0,0.0,0.0,0.0,0.0,0.0,0.30469274520874023,0.30469274520874023,0.304692804813385,0.30469274520874023,0.33220455050468445,0.04114978387951851,0.04114978387951851,0.39053526520729065,0.4118903577327728,1.074061632156372,1.191715955734253,0.0,0.0,0.0,0.0,0.0,0.0,0.0
74998130972,0,-0.02080148085951805,-0.14620105922222137,-0.12788167595863342,-0.02080148085951805,-0.14620105922222137,-0.8278816938400269,-0.017328975722193718,0.00655400799587369,0.007293109316378832,0.0,0.0,0.0,-0.012481643818318844,-0.019522257149219513,-0.010293465107679367,0.0,0.0,-0.010293466039001942,0.064394012093544,0.05026323348283768,0.02934996411204338,0.09827778488397598,0.15551410615444183,5.098217661725357e-05,0.0,0.0,0.0,-0.23287656903266907,10.088459968566895,0.0454254150390625,9.800445556640625,0.25309303402900696,-10.0,-9.880027770996094,14.67492389678955,2.0,2.0,17.789152145385742,0.30357420444488525,0.28977540135383606,0.30357420444488525,0.29590821266174316,0.0,0.30469265580177307,0.30469265580177307,0.30469265580177307,0.30469265580177307,0.0,-0.959823727607727,0.6948122978210449,-10.72630786895752,0.0,0.0,0.0,0.0,0.0,0.0,0.0,0.0,0.0,0.0,0.0,0.0,0.0,0.0,0.0,0.30469274520874023,0.30469274520874023,0.304692804813385,0.30469274520874023,0.33220455050468445,0.04114978387951851,0.04114978387951851,0.39053526520729065,0.4118903577327728,1.074061632156372,1.191715955734253,0.0,0.0,0.0,0.0,0.0,0.0,0.0
75007825182,0,-0.02080148085951805,-0.14620105922222137,-0.12788167595863342,-0.02080148085951805,-0.14620105922222137,-0.8278816938400269,-0.017328975722193718,0.00655400799587369,0.007293109316378832,0.0,0.0,0.0,-0.012481643818318844,-0.019522257149219513,-0.010293465107679367,0.0,0.0,-0.010293466039001942,0.064394012093544,0.05026323348283768,0.02934996411204338,0.09827778488397598,0.15551410615444183,5.098217661725357e-05,0.0,0.0,0.0,-0.23287656903266907,10.088459968566895,0.0454254150390625,9.800445556640625,0.25309303402900696,-10.0,-9.880027770996094,14.67492389678955,2.0,2.0,17.789152145385742,0.30357420444488525,0.28977540135383606,0.30357420444488525,0.29590821266174316,0.0,0.30469265580177307,0.30469265580177307,0.30469265580177307,0.30469265580177307,0.0,-0.959823727607727,0.6948122978210449,-10.72630786895752,0.0,0.0,0.0,0.0,0.0,0.0,0.0,0.0,0.0,0.0,0.0,0.0,0.0,0.0,0.0,0.30469274520874023,0.30469274520874023,0.304692804813385,0.30469274520874023,0.33220455050468445,0.04114978387951851,0.04114978387951851,0.39053526520729065,0.4118903577327728,1.074061632156372,1.191715955734253,0.0,0.0,0.0,0.0,0.0,0.0,0.0
75022149768,0,-0.02080148085951805,-0.14620105922222137,-0.12788167595863342,-0.02080148085951805,-0.14620105922222137,-0.8278816938400269,-0.017328975722193718,0.00655400799587369,0.007293109316378832,0.0,0.0,0.0,-0.012481643818318844,-0.019522257149219513,-0.010293465107679367,0.0,0.0,-0.010293466039001942,0.064394012093544,0.05026323348283768,0.02934996411204338,0.09827778488397598,0.15551410615444183,5.098217661725357e-05,0.0,0.0,0.0,-0.23287656903266907,10.088459968566895,0.0454254150390625,9.800445556640625,0.25309303402900696,-10.0,-9.880027770996094,14.67492389678955,2.0,2.0,17.789152145385742,0.30357420444488525,0.28977540135383606,0.30357420444488525,0.29744139313697815,0.0,0.30469265580177307,0.30469265580177307,0.30469265580177307,0.30469265580177307,0.0,-0.959823727607727,0.6948122978210449,-10.72630786895752,0.0,0.0,0.0,0.0,0.0,0.0,0.0,0.0,0.0,0.0,0.0,0.0,0.0,0.0,0.0,0.30469274520874023,0.30469274520874023,0.304692804813385,0.30469274520874023,0.33220455050468445,0.04114978387951851,0.04114978387951851,0.39053526520729065,0.4118903577327728,1.074061632156372,1.191715955734253,0.0,0.0,0.0,0.0,0.0,0.0,0.0
75027944662,0,-0.02080148085951805,-0.14620105922222137,-0.12788167595863342,-0.02080148085951805,-0.14620105922222137,-0.8278816938400269,-0.017328975722193718,0.00655400799587369,0.007293109316378832,0.0,0.0,0.0,-0.012481643818318844,-0.019522257149219513,-0.010293465107679367,0.0,0.0,-0.010293466039001942,0.064394012093544,0.05026323348283768,0.02934996411204338,0.09827778488397598,0.15551410615444183,5.098217661725357e-05,0.0,0.0,0.0,-0.23287656903266907,10.088459968566895,0.0454254150390625,9.800445556640625,0.25309303402900696,-10.0,-9.880027770996094,14.67492389678955,2.0,2.0,17.789152145385742,0.30357420444488525,0.28977540135383606,0.30357420444488525,0.29744139313697815,0.0,0.30469265580177307,0.30469265580177307,0.30469265580177307,0.30469265580177307,0.0,-0.959823727607727,0.6948122978210449,-10.72630786895752,0.0,0.0,0.0,0.0,0.0,0.0,0.0,0.0,0.0,0.0,0.0,0.0,0.0,0.0,0.0,0.30469274520874023,0.30469274520874023,0.304692804813385,0.30469274520874023,0.33220455050468445,0.04114978387951851,0.04114978387951851,0.39053526520729065,0.4118903577327728,1.074061632156372,1.191715955734253,0.0,0.0,0.0,0.0,0.0,0.0,0.0
75038442783,0,-0.02080148085951805,-0.14620105922222137,-0.12788167595863342,-0.02080148085951805,-0.14620105922222137,-0.8278816938400269,-0.017328975722193718,0.00655400799587369,0.007293109316378832,0.0,0.0,0.0,-0.012481643818318844,-0.019522257149219513,-0.010293465107679367,0.0,0.0,-0.010293466039001942,0.064394012093544,0.05026323348283768,0.02934996411204338,0.09827778488397598,0.15551410615444183,5.098217661725357e-05,0.0,0.0,0.0,-0.23287656903266907,10.088459968566895,0.0454254150390625,9.800445556640625,0.25309303402900696,-10.0,-9.880027770996094,14.67492389678955,2.0,2.0,17.789152145385742,0.30357420444488525,0.28977540135383606,0.30357420444488525,0.29744139313697815,0.0,0.30469265580177307,0.30469265580177307,0.30469265580177307,0.30469265580177307,0.0,-0.959823727607727,0.6948122978210449,-10.72630786895752,0.0,0.0,0.0,0.0,0.0,0.0,0.0,0.0,0.0,0.0,0.0,0.0,0.0,0.0,0.0,0.30469274520874023,0.30469274520874023,0.304692804813385,0.30469274520874023,0.33220455050468445,0.04114978387951851,0.04114978387951851,0.39053526520729065,0.4118903577327728,1.074061632156372,1.191715955734253,0.0,0.0,0.0,0.0,0.0,0.0,0.0
75047487797,0,-0.02080148085951805,-0.14620105922222137,-0.12788167595863342,-0.02080148085951805,-0.14620105922222137,-0.8278816938400269,-0.017328975722193718,0.00655400799587369,0.007293109316378832,0.0,0.0,0.0,-0.012481643818318844,-0.019522257149219513,-0.010293465107679367,0.0,0.0,-0.010293466039001942,0.064394012093544,0.05026323348283768,0.02934996411204338,0.09827778488397598,0.15551410615444183,5.098217661725357e-05,0.0,0.0,0.0,-0.23287656903266907,10.088459968566895,0.0454254150390625,9.800445556640625,0.25309303402900696,-10.0,-9.880027770996094,14.67492389678955,2.0,2.0,17.789152145385742,0.30357420444488525,0.28977540135383606,0.30357420444488525,0.29744139313697815,0.0,0.30469265580177307,0.30469265580177307,0.30469265580177307,0.30469265580177307,0.0,-0.959823727607727,0.6948122978210449,-10.72630786895752,0.0,0.0,0.0,0.0,0.0,0.0,0.0,0.0,0.0,0.0,0.0,0.0,0.0,0.0,0.0,0.30469274520874023,0.30469274520874023,0.304692804813385,0.30469274520874023,0.33220455050468445,0.04114978387951851,0.04114978387951851,0.39053526520729065,0.4118903577327728,1.074061632156372,1.191715955734253,0.0,0.0,0.0,0.0,0.0,0.0,0.0
75058486303,0,-0.02080148085951805,-0.14620105922222137,-0.12788167595863342,-0.02080148085951805,-0.14620105922222137,-0.8278816938400269,-0.017328975722193718,0.00655400799587369,0.007293109316378832,0.0,0.0,0.0,-0.012481643818318844,-0.019522257149219513,-0.010293465107679367,0.0,0.0,-0.010293466039001942,0.064394012093544,0.05026323348283768,0.02934996411204338,0.09827778488397598,0.15551410615444183,5.098217661725357e-05,0.0,0.0,0.0,-0.23287656903266907,10.088459968566895,0.0454254150390625,9.800445556640625,0.25309303402900696,-10.0,-9.880027770996094,14.67492389678955,2.0,2.0,17.789152145385742,0.30357420444488525,0.28977540135383606,0.30357420444488525,0.29744139313697815,0.0,0.30469265580177307,0.30469265580177307,0.30469265580177307,0.30469265580177307,0.0,-0.959823727607727,0.6948122978210449,-10.72630786895752,0.0,0.0,0.0,0.0,0.0,0.0,0.0,0.0,0.0,0.0,0.0,0.0,0.0,0.0,0.0,0.30469274520874023,0.30469274520874023,0.304692804813385,0.30469274520874023,0.33220455050468445,0.04114978387951851,0.04114978387951851,0.39053526520729065,0.4118903577327728,1.074061632156372,1.191715955734253,0.0,0.0,0.0,0.0,0.0,0.0,0.0
75067513958,0,-0.02080148085951805,-0.14620105922222137,-0.12788167595863342,-0.02080148085951805,-0.14620105922222137,-0.8278816938400269,-0.017328975722193718,0.00655400799587369,0.007293109316378832,0.0,0.0,0.0,-0.012481643818318844,-0.019522257149219513,-0.010293465107679367,0.0,0.0,-0.010293466039001942,0.064394012093544,0.05026323348283768,0.02934996411204338,0.09827778488397598,0.15551410615444183,5.098217661725357e-05,0.0,0.0,0.0,-0.23287656903266907,10.088459968566895,0.0454254150390625,9.800445556640625,0.25309303402900696,-10.0,-9.880027770996094,14.67492389678955,2.0,2.0,17.789152145385742,0.30357420444488525,0.28977540135383606,0.30357420444488525,0.29590821266174316,0.0,0.30469265580177307,0.30469265580177307,0.30469265580177307,0.30469265580177307,0.0,-0.959823727607727,0.6948122978210449,-10.72630786895752,0.0,0.0,0.0,0.0,0.0,0.0,0.0,0.0,0.0,0.0,0.0,0.0,0.0,0.0,0.0,0.30469274520874023,0.30469274520874023,0.304692804813385,0.30469274520874023,0.33220455050468445,0.04114978387951851,0.04114978387951851,0.39053526520729065,0.4118903577327728,1.074061632156372,1.191715955734253,0.0,0.0,0.0,0.0,0.0,0.0,0.0
75078994368,0,-0.02080148085951805,-0.14620105922222137,-0.12788167595863342,-0.02080148085951805,-0.14620105922222137,-0.8278816938400269,-0.017328975722193718,0.00655400799587369,0.007293109316378832,0.0,0.0,0.0,-0.012481643818318844,-0.019522257149219513,-0.010293465107679367,0.0,0.0,-0.010293466039001942,0.064394012093544,0.05026323348283768,0.02934996411204338,0.09827778488397598,0.15551410615444183,5.098217661725357e-05,0.0,0.0,0.0,-0.23287656903266907,10.088459968566895,0.0454254150390625,9.800445556640625,0.25309303402900696,-10.0,-9.880027770996094,14.67492389678955,2.0,2.0,17.789152145385742,0.30357420444488525,0.28977540135383606,0.30357420444488525,0.29590821266174316,0.0,0.30469265580177307,0.30469265580177307,0.30469265580177307,0.30469265580177307,0.0,-0.959823727607727,0.6948122978210449,-10.72630786895752,0.0,0.0,0.0,0.0,0.0,0.0,0.0,0.0,0.0,0.0,0.0,0.0,0.0,0.0,0.0,0.30469274520874023,0.30469274520874023,0.304692804813385,0.30469274520874023,0.33220455050468445,0.04114978387951851,0.04114978387951851,0.39053526520729065,0.4118903577327728,1.074061632156372,1.191715955734253,0.0,0.0,0.0,0.0,0.0,0.0,0.0
75088767546,0,-0.02080148085951805,-0.14620105922222137,-0.12788167595863342,-0.02080148085951805,-0.14620105922222137,-0.8278816938400269,-0.017328975722193718,0.00655400799587369,0.007293109316378832,0.0,0.0,0.0,-0.012481643818318844,-0.019522257149219513,-0.010293465107679367,0.0,0.0,-0.010293466039001942,0.064394012093544,0.05026323348283768,0.02934996411204338,0.09827778488397598,0.15551410615444183,5.098217661725357e-05,0.0,0.0,0.0,-0.23287656903266907,10.088459968566895,0.0454254150390625,9.800445556640625,0.25309303402900696,-10.0,-9.880027770996094,14.67492389678955,2.0,2.0,17.789152145385742,0.30357420444488525,0.28977540135383606,0.30357420444488525,0.29744139313697815,0.0,0.30469265580177307,0.30469265580177307,0.30469265580177307,0.30469265580177307,0.0,-0.959823727607727,0.6948122978210449,-10.72630786895752,0.0,0.0,0.0,0.0,0.0,0.0,0.0,0.0,0.0,0.0,0.0,0.0,0.0,0.0,0.0,0.30469274520874023,0.30469274520874023,0.304692804813385,0.30469274520874023,0.33220455050468445,0.04114978387951851,0.04114978387951851,0.39053526520729065,0.4118903577327728,1.074061632156372,1.191715955734253,0.0,0.0,0.0,0.0,0.0,0.0,0.0
75097867079,0,-0.02080148085951805,-0.14620105922222137,-0.12788167595863342,-0.02080148085951805,-0.14620105922222137,-0.8278816938400269,-0.017328975722193718,0.00655400799587369,0.007293109316378832,0.0,0.0,0.0,-0.012481643818318844,-0.019522257149219513,-0.010293465107679367,0.0,0.0,-0.010293466039001942,0.064394012093544,0.05026323348283768,0.02934996411204338,0.09827778488397598,0.15551410615444183,5.098217661725357e-05,0.0,0.0,0.0,-0.23287656903266907,10.088459968566895,0.0454254150390625,9.800445556640625,0.25309303402900696,-10.0,-9.880027770996094,14.67492389678955,2.0,2.0,17.789152145385742,0.30357420444488525,0.28977540135383606,0.30357420444488525,0.29590821266174316,0.0,0.30469265580177307,0.30469265580177307,0.30469265580177307,0.30469265580177307,0.0,-0.959823727607727,0.6948122978210449,-10.72630786895752,0.0,0.0,0.0,0.0,0.0,0.0,0.0,0.0,0.0,0.0,0.0,0.0,0.0,0.0,0.0,0.30469274520874023,0.30469274520874023,0.304692804813385,0.30469274520874023,0.33220455050468445,0.04114978387951851,0.04114978387951851,0.39053526520729065,0.4118903577327728,1.074061632156372,1.191715955734253,0.0,0.0,0.0,0.0,0.0,0.0,0.0
75107741550,0,-0.02080148085951805,-0.14620105922222137,-0.12788167595863342,-0.02080148085951805,-0.14620105922222137,-0.8278816938400269,-0.017328975722193718,0.00655400799587369,0.007293109316378832,0.0,0.0,0.0,-0.012481643818318844,-0.019522257149219513,-0.010293465107679367,0.0,0.0,-0.010293466039001942,0.064394012093544,0.05026323348283768,0.02934996411204338,0.09827778488397598,0.15551410615444183,5.098217661725357e-05,0.0,0.0,0.0,-0.23287656903266907,10.088459968566895,0.0454254150390625,9.800445556640625,0.25309303402900696,-10.0,-9.880027770996094,14.67492389678955,2.0,2.0,17.789152145385742,0.30357420444488525,0.28977540135383606,0.30357420444488525,0.29590821266174316,0.0,0.30469265580177307,0.30469265580177307,0.30469265580177307,0.30469265580177307,0.0,-0.959823727607727,0.6948122978210449,-10.72630786895752,0.0,0.0,0.0,0.0,0.0,0.0,0.0,0.0,0.0,0.0,0.0,0.0,0.0,0.0,0.0,0.30469274520874023,0.30469274520874023,0.304692804813385,0.30469274520874023,0.33220455050468445,0.04114978387951851,0.04114978387951851,0.39053526520729065,0.4118903577327728,1.074061632156372,1.191715955734253,0.0,0.0,0.0,0.0,0.0,0.0,0.0
75118143720,0,-0.02080148085951805,-0.14620105922222137,-0.12788167595863342,-0.02080148085951805,-0.14620105922222137,-0.8278816938400269,-0.017328975722193718,0.00655400799587369,0.007293109316378832,0.0,0.0,0.0,-0.012481643818318844,-0.019522257149219513,-0.010293465107679367,0.0,0.0,-0.010293466039001942,0.064394012093544,0.05026323348283768,0.02934996411204338,0.09827778488397598,0.15551410615444183,5.098217661725357e-05,0.0,0.0,0.0,-0.23287656903266907,10.088459968566895,0.0454254150390625,9.800445556640625,0.25309303402900696,-10.0,-9.880027770996094,14.67492389678955,2.0,2.0,17.789152145385742,0.30357420444488525,0.28977540135383606,0.30357420444488525,0.29744139313697815,0.0,0.30469265580177307,0.30469265580177307,0.30469265580177307,0.30469265580177307,0.0,-0.959823727607727,0.6948122978210449,-10.72630786895752,0.0,0.0,0.0,0.0,0.0,0.0,0.0,0.0,0.0,0.0,0.0,0.0,0.0,0.0,0.0,0.30469274520874023,0.30469274520874023,0.304692804813385,0.30469274520874023,0.33220455050468445,0.04114978387951851,0.04114978387951851,0.39053526520729065,0.4118903577327728,1.074061632156372,1.191715955734253,0.0,0.0,0.0,0.0,0.0,0.0,0.0
75135075562,0,-0.02080148085951805,-0.14620105922222137,-0.12788167595863342,-0.02080148085951805,-0.14620105922222137,-0.8278816938400269,-0.017328975722193718,0.00655400799587369,0.007293109316378832,0.0,0.0,0.0,-0.012481643818318844,-0.019522257149219513,-0.010293465107679367,0.0,0.0,-0.010293466039001942,0.064394012093544,0.05026323348283768,0.02934996411204338,0.09827778488397598,0.15551410615444183,5.098217661725357e-05,0.0,0.0,0.0,-0.23287656903266907,10.088459968566895,0.0454254150390625,9.800445556640625,0.25309303402900696,-10.0,-9.880027770996094,14.67492389678955,2.0,2.0,17.789152145385742,0.30357420444488525,0.28977540135383606,0.30357420444488525,0.29590821266174316,0.0,0.30469265580177307,0.30469265580177307,0.30469265580177307,0.30469265580177307,0.0,-0.959823727607727,0.6948122978210449,-10.72630786895752,0.0,0.0,0.0,0.0,0.0,0.0,0.0,0.0,0.0,0.0,0.0,0.0,0.0,0.0,0.0,0.30469274520874023,0.30469274520874023,0.304692804813385,0.30469274520874023,0.33220455050468445,0.04114978387951851,0.04114978387951851,0.39053526520729065,0.4118903577327728,1.074061632156372,1.191715955734253,0.0,0.0,0.0,0.0,0.0,0.0,0.0
75137441948,0,-0.02080148085951805,-0.14620105922222137,-0.12788167595863342,-0.02080148085951805,-0.14620105922222137,-0.8278816938400269,-0.017328975722193718,0.00655400799587369,0.007293109316378832,0.0,0.0,0.0,-0.012481643818318844,-0.019522257149219513,-0.010293465107679367,0.0,0.0,-0.010293466039001942,0.064394012093544,0.05026323348283768,0.02934996411204338,0.09827778488397598,0.15551410615444183,5.098217661725357e-05,0.0,0.0,0.0,-0.23287656903266907,10.088459968566895,0.0454254150390625,9.800445556640625,0.25309303402900696,-10.0,-9.880027770996094,14.67492389678955,2.0,2.0,17.789152145385742,0.30357420444488525,0.28977540135383606,0.30357420444488525,0.29744139313697815,0.0,0.30469265580177307,0.30469265580177307,0.30469265580177307,0.30469265580177307,0.0,-0.959823727607727,0.6948122978210449,-10.72630786895752,0.0,0.0,0.0,0.0,0.0,0.0,0.0,0.0,0.0,0.0,0.0,0.0,0.0,0.0,0.0,0.30469274520874023,0.30469274520874023,0.304692804813385,0.30469274520874023,0.33220455050468445,0.04114978387951851,0.04114978387951851,0.39053526520729065,0.4118903577327728,1.074061632156372,1.191715955734253,0.0,0.0,0.0,0.0,0.0,0.0,0.0
75149996647,0,-0.02080148085951805,-0.14620105922222137,-0.12788167595863342,-0.02080148085951805,-0.14620105922222137,-0.8278816938400269,-0.017328975722193718,0.00655400799587369,0.007293109316378832,0.0,0.0,0.0,-0.012481643818318844,-0.019522257149219513,-0.010293465107679367,0.0,0.0,-0.010293466039001942,0.064394012093544,0.05026323348283768,0.02934996411204338,0.09827778488397598,0.15551410615444183,5.098217661725357e-05,0.0,0.0,0.0,-0.23287656903266907,10.088459968566895,0.0454254150390625,9.800445556640625,0.25309303402900696,-10.0,-9.880027770996094,14.67492389678955,2.0,2.0,17.789152145385742,0.30357420444488525,0.28977540135383606,0.30357420444488525,0.29590821266174316,0.0,0.30469265580177307,0.30469265580177307,0.30469265580177307,0.30469265580177307,0.0,-0.959823727607727,0.6948122978210449,-10.72630786895752,0.0,0.0,0.0,0.0,0.0,0.0,0.0,0.0,0.0,0.0,0.0,0.0,0.0,0.0,0.0,0.30469274520874023,0.30469274520874023,0.304692804813385,0.30469274520874023,0.33220455050468445,0.04114978387951851,0.04114978387951851,0.39053526520729065,0.4118903577327728,1.074061632156372,1.191715955734253,0.0,0.0,0.0,0.0,0.0,0.0,0.0
75157601248,0,-0.02080148085951805,-0.14620105922222137,-0.12788167595863342,-0.02080148085951805,-0.14620105922222137,-0.8278816938400269,-0.017328975722193718,0.00655400799587369,0.007293109316378832,0.0,0.0,0.0,-0.012481643818318844,-0.019522257149219513,-0.010293465107679367,0.0,0.0,-0.010293466039001942,0.064394012093544,0.05026323348283768,0.02934996411204338,0.09827778488397598,0.15551410615444183,5.098217661725357e-05,0.0,0.0,0.0,-0.23287656903266907,10.088459968566895,0.0454254150390625,9.800445556640625,0.25309303402900696,-10.0,-9.880027770996094,14.67492389678955,2.0,2.0,17.789152145385742,0.30357420444488525,0.28977540135383606,0.30357420444488525,0.29744139313697815,0.0,0.30469265580177307,0.30469265580177307,0.30469265580177307,0.30469265580177307,0.0,-0.959823727607727,0.6948122978210449,-10.72630786895752,0.0,0.0,0.0,0.0,0.0,0.0,0.0,0.0,0.0,0.0,0.0,0.0,0.0,0.0,0.0,0.30469274520874023,0.30469274520874023,0.304692804813385,0.30469274520874023,0.33220455050468445,0.04114978387951851,0.04114978387951851,0.39053526520729065,0.4118903577327728,1.074061632156372,1.191715955734253,0.0,0.0,0.0,0.0,0.0,0.0,0.0
75167686984,0,-0.02080148085951805,-0.14620105922222137,-0.12788167595863342,-0.02080148085951805,-0.14620105922222137,-0.8278816938400269,-0.017328975722193718,0.00655400799587369,0.007293109316378832,0.0,0.0,0.0,-0.012481643818318844,-0.019522257149219513,-0.010293465107679367,0.0,0.0,-0.010293466039001942,0.064394012093544,0.05026323348283768,0.02934996411204338,0.09827778488397598,0.15551410615444183,5.098217661725357e-05,0.0,0.0,0.0,-0.23287656903266907,10.088459968566895,0.0454254150390625,9.800445556640625,0.25309303402900696,-10.0,-9.880027770996094,14.67492389678955,2.0,2.0,17.789152145385742,0.30357420444488525,0.28977540135383606,0.30357420444488525,0.29590821266174316,0.0,0.30469265580177307,0.30469265580177307,0.30469265580177307,0.30469265580177307,0.0,-0.959823727607727,0.6948122978210449,-10.72630786895752,0.0,0.0,0.0,0.0,0.0,0.0,0.0,0.0,0.0,0.0,0.0,0.0,0.0,0.0,0.0,0.30469274520874023,0.30469274520874023,0.304692804813385,0.30469274520874023,0.33220455050468445,0.04114978387951851,0.04114978387951851,0.39053526520729065,0.4118903577327728,1.074061632156372,1.191715955734253,0.0,0.0,0.0,0.0,0.0,0.0,0.0
75178053959,0,-0.02080148085951805,-0.14620105922222137,-0.12788167595863342,-0.02080148085951805,-0.14620105922222137,-0.8278816938400269,-0.017328975722193718,0.00655400799587369,0.007293109316378832,0.0,0.0,0.0,-0.012481643818318844,-0.019522257149219513,-0.010293465107679367,0.0,0.0,-0.010293466039001942,0.064394012093544,0.05026323348283768,0.02934996411204338,0.09827778488397598,0.15551410615444183,5.098217661725357e-05,0.0,0.0,0.0,-0.23287656903266907,10.088459968566895,0.0454254150390625,9.800445556640625,0.25309303402900696,-10.0,-9.880027770996094,14.67492389678955,2.0,2.0,17.789152145385742,0.30357420444488525,0.28977540135383606,0.30357420444488525,0.29744139313697815,0.0,0.30469265580177307,0.30469265580177307,0.30469265580177307,0.30469265580177307,0.0,-0.959823727607727,0.6948122978210449,-10.72630786895752,0.0,0.0,0.0,0.0,0.0,0.0,0.0,0.0,0.0,0.0,0.0,0.0,0.0,0.0,0.0,0.30469274520874023,0.30469274520874023,0.304692804813385,0.30469274520874023,0.33220455050468445,0.04114978387951851,0.04114978387951851,0.39053526520729065,0.4118903577327728,1.074061632156372,1.191715955734253,0.0,0.0,0.0,0.0,0.0,0.0,0.0
75188171004,0,-0.02080148085951805,-0.14620105922222137,-0.12788167595863342,-0.02080148085951805,-0.14620105922222137,-0.8278816938400269,-0.017328975722193718,0.00655400799587369,0.007293109316378832,0.0,0.0,0.0,-0.012481643818318844,-0.019522257149219513,-0.010293465107679367,0.0,0.0,-0.010293466039001942,0.064394012093544,0.05026323348283768,0.02934996411204338,0.09827778488397598,0.15551410615444183,5.098217661725357e-05,0.0,0.0,0.0,-0.23287656903266907,10.088459968566895,0.0454254150390625,9.800445556640625,0.25309303402900696,-10.0,-9.880027770996094,14.67492389678955,2.0,2.0,17.789152145385742,0.30357420444488525,0.28977540135383606,0.30357420444488525,0.29590821266174316,0.0,0.30469265580177307,0.30469265580177307,0.30469265580177307,0.30469265580177307,0.0,-0.959823727607727,0.6948122978210449,-10.72630786895752,0.0,0.0,0.0,0.0,0.0,0.0,0.0,0.0,0.0,0.0,0.0,0.0,0.0,0.0,0.0,0.30469274520874023,0.30469274520874023,0.304692804813385,0.30469274520874023,0.33220455050468445,0.04114978387951851,0.04114978387951851,0.39053526520729065,0.4118903577327728,1.074061632156372,1.191715955734253,0.0,0.0,0.0,0.0,0.0,0.0,0.0
75197727652,0,-0.02080148085951805,-0.14620105922222137,-0.12788167595863342,-0.02080148085951805,-0.14620105922222137,-0.8278816938400269,-0.017328975722193718,0.00655400799587369,0.007293109316378832,0.0,0.0,0.0,-0.012481643818318844,-0.019522257149219513,-0.010293465107679367,0.0,0.0,-0.010293466039001942,0.064394012093544,0.05026323348283768,0.02934996411204338,0.09827778488397598,0.15551410615444183,5.098217661725357e-05,0.0,0.0,0.0,-0.23287656903266907,10.088459968566895,0.0454254150390625,9.800445556640625,0.25309303402900696,-10.0,-9.880027770996094,14.67492389678955,2.0,2.0,17.789152145385742,0.30357420444488525,0.28977540135383606,0.30357420444488525,0.29744139313697815,0.0,0.30469265580177307,0.30469265580177307,0.30469265580177307,0.30469265580177307,0.0,-0.959823727607727,0.6948122978210449,-10.72630786895752,0.0,0.0,0.0,0.0,0.0,0.0,0.0,0.0,0.0,0.0,0.0,0.0,0.0,0.0,0.0,0.30469274520874023,0.30469274520874023,0.304692804813385,0.30469274520874023,0.33220455050468445,0.04114978387951851,0.04114978387951851,0.39053526520729065,0.4118903577327728,1.074061632156372,1.191715955734253,0.0,0.0,0.0,0.0,0.0,0.0,0.0
75209081980,0,-0.02080148085951805,-0.14620105922222137,-0.12788167595863342,-0.02080148085951805,-0.14620105922222137,-0.8278816938400269,-0.017328975722193718,0.00655400799587369,0.007293109316378832,0.0,0.0,0.0,-0.012481643818318844,-0.019522257149219513,-0.010293465107679367,0.0,0.0,-0.010293466039001942,0.064394012093544,0.05026323348283768,0.02934996411204338,0.09827778488397598,0.15551410615444183,5.098217661725357e-05,0.0,0.0,0.0,-0.23287656903266907,10.088459968566895,0.0454254150390625,9.800445556640625,0.25309303402900696,-10.0,-9.880027770996094,14.67492389678955,2.0,2.0,17.789152145385742,0.30357420444488525,0.28977540135383606,0.30357420444488525,0.29744139313697815,0.0,0.30469265580177307,0.30469265580177307,0.30469265580177307,0.30469265580177307,0.0,-0.959823727607727,0.6948122978210449,-10.72630786895752,0.0,0.0,0.0,0.0,0.0,0.0,0.0,0.0,0.0,0.0,0.0,0.0,0.0,0.0,0.0,0.30469274520874023,0.30469274520874023,0.304692804813385,0.30469274520874023,0.33220455050468445,0.04114978387951851,0.04114978387951851,0.39053526520729065,0.4118903577327728,1.074061632156372,1.191715955734253,0.0,0.0,0.0,0.0,0.0,0.0,0.0
75217934761,0,-0.02080148085951805,-0.14620105922222137,-0.12788167595863342,-0.02080148085951805,-0.14620105922222137,-0.8278816938400269,-0.017328975722193718,0.00655400799587369,0.007293109316378832,0.0,0.0,0.0,-0.012481643818318844,-0.019522257149219513,-0.010293465107679367,0.0,0.0,-0.010293466039001942,0.064394012093544,0.05026323348283768,0.02934996411204338,0.09827778488397598,0.15551410615444183,5.098217661725357e-05,0.0,0.0,0.0,-0.23287656903266907,10.088459968566895,0.0454254150390625,9.800445556640625,0.25309303402900696,-10.0,-9.880027770996094,14.67492389678955,2.0,2.0,17.789152145385742,0.30357420444488525,0.28977540135383606,0.30357420444488525,0.29744139313697815,0.0,0.30469265580177307,0.30469265580177307,0.30469265580177307,0.30469265580177307,0.0,-0.959823727607727,0.6948122978210449,-10.72630786895752,0.0,0.0,0.0,0.0,0.0,0.0,0.0,0.0,0.0,0.0,0.0,0.0,0.0,0.0,0.0,0.30469274520874023,0.30469274520874023,0.304692804813385,0.30469274520874023,0.33220455050468445,0.04114978387951851,0.04114978387951851,0.39053526520729065,0.4118903577327728,1.074061632156372,1.191715955734253,0.0,0.0,0.0,0.0,0.0,0.0,0.0
75229009023,0,-0.02080148085951805,-0.14620105922222137,-0.12788167595863342,-0.02080148085951805,-0.14620105922222137,-0.8278816938400269,-0.017328975722193718,0.00655400799587369,0.007293109316378832,0.0,0.0,0.0,-0.012481643818318844,-0.019522257149219513,-0.010293465107679367,0.0,0.0,-0.010293466039001942,0.064394012093544,0.05026323348283768,0.02934996411204338,0.09827778488397598,0.15551410615444183,5.098217661725357e-05,0.0,0.0,0.0,-0.23287656903266907,10.088459968566895,0.0454254150390625,9.800445556640625,0.25309303402900696,-10.0,-9.880027770996094,14.67492389678955,2.0,2.0,17.789152145385742,0.30357420444488525,0.28977540135383606,0.30357420444488525,0.29744139313697815,0.0,0.30469265580177307,0.30469265580177307,0.30469265580177307,0.30469265580177307,0.0,-0.959823727607727,0.6948122978210449,-10.72630786895752,0.0,0.0,0.0,0.0,0.0,0.0,0.0,0.0,0.0,0.0,0.0,0.0,0.0,0.0,0.0,0.30469274520874023,0.30469274520874023,0.304692804813385,0.30469274520874023,0.33220455050468445,0.04114978387951851,0.04114978387951851,0.39053526520729065,0.4118903577327728,1.074061632156372,1.191715955734253,0.0,0.0,0.0,0.0,0.0,0.0,0.0
75237929656,0,-0.02080148085951805,-0.14620105922222137,-0.12788167595863342,-0.02080148085951805,-0.14620105922222137,-0.8278816938400269,-0.017328975722193718,0.00655400799587369,0.007293109316378832,0.0,0.0,0.0,-0.012481643818318844,-0.019522257149219513,-0.010293465107679367,0.0,0.0,-0.010293466039001942,0.064394012093544,0.05026323348283768,0.02934996411204338,0.09827778488397598,0.15551410615444183,5.098217661725357e-05,0.0,0.0,0.0,-0.23287656903266907,10.088459968566895,0.0454254150390625,9.800445556640625,0.25309303402900696,-10.0,-9.880027770996094,14.67492389678955,2.0,2.0,17.789152145385742,0.30357420444488525,0.28977540135383606,0.30357420444488525,0.29744139313697815,0.0,0.30469265580177307,0.30469265580177307,0.30469265580177307,0.30469265580177307,0.0,-0.959823727607727,0.6948122978210449,-10.72630786895752,0.0,0.0,0.0,0.0,0.0,0.0,0.0,0.0,0.0,0.0,0.0,0.0,0.0,0.0,0.0,0.30469274520874023,0.30469274520874023,0.304692804813385,0.30469274520874023,0.33220455050468445,0.04114978387951851,0.04114978387951851,0.39053526520729065,0.4118903577327728,1.074061632156372,1.191715955734253,0.0,0.0,0.0,0.0,0.0,0.0,0.0
75247726812,0,-0.02080148085951805,-0.14620105922222137,-0.12788167595863342,-0.02080148085951805,-0.14620105922222137,-0.8278816938400269,-0.017328975722193718,0.00655400799587369,0.007293109316378832,0.0,0.0,0.0,-0.012481643818318844,-0.019522257149219513,-0.010293465107679367,0.0,0.0,-0.010293466039001942,0.064394012093544,0.05026323348283768,0.02934996411204338,0.09827778488397598,0.15551410615444183,5.098217661725357e-05,0.0,0.0,0.0,-0.23287656903266907,10.088459968566895,0.0454254150390625,9.800445556640625,0.25309303402900696,-10.0,-9.880027770996094,14.67492389678955,2.0,2.0,17.789152145385742,0.30357420444488525,0.28977540135383606,0.30357420444488525,0.29744139313697815,0.0,0.30469265580177307,0.30469265580177307,0.30469265580177307,0.30469265580177307,0.0,-0.959823727607727,0.6948122978210449,-10.72630786895752,0.0,0.0,0.0,0.0,0.0,0.0,0.0,0.0,0.0,0.0,0.0,0.0,0.0,0.0,0.0,0.30469274520874023,0.30469274520874023,0.304692804813385,0.30469274520874023,0.33220455050468445,0.04114978387951851,0.04114978387951851,0.39053526520729065,0.4118903577327728,1.074061632156372,1.191715955734253,0.0,0.0,0.0,0.0,0.0,0.0,0.0
75258408869,0,-0.02080148085951805,-0.14620105922222137,-0.12788167595863342,-0.02080148085951805,-0.14620105922222137,-0.8278816938400269,-0.017328975722193718,0.00655400799587369,0.007293109316378832,0.0,0.0,0.0,-0.012481643818318844,-0.019522257149219513,-0.010293465107679367,0.0,0.0,-0.010293466039001942,0.064394012093544,0.05026323348283768,0.02934996411204338,0.09827778488397598,0.15551410615444183,5.098217661725357e-05,0.0,0.0,0.0,-0.23287656903266907,10.088459968566895,0.0454254150390625,9.800445556640625,0.25309303402900696,-10.0,-9.880027770996094,14.67492389678955,2.0,2.0,17.789152145385742,0.30357420444488525,0.28977540135383606,0.30357420444488525,0.29744139313697815,0.0,0.30469265580177307,0.30469265580177307,0.30469265580177307,0.30469265580177307,0.0,-0.959823727607727,0.6948122978210449,-10.72630786895752,0.0,0.0,0.0,0.0,0.0,0.0,0.0,0.0,0.0,0.0,0.0,0.0,0.0,0.0,0.0,0.30469274520874023,0.30469274520874023,0.304692804813385,0.30469274520874023,0.33220455050468445,0.04114978387951851,0.04114978387951851,0.39053526520729065,0.4118903577327728,1.074061632156372,1.191715955734253,0.0,0.0,0.0,0.0,0.0,0.0,0.0
75268058679,0,-0.02080148085951805,-0.14620105922222137,-0.12788167595863342,-0.02080148085951805,-0.14620105922222137,-0.8278816938400269,-0.017328975722193718,0.00655400799587369,0.007293109316378832,0.0,0.0,0.0,-0.012481643818318844,-0.019522257149219513,-0.010293465107679367,0.0,0.0,-0.010293466039001942,0.064394012093544,0.05026323348283768,0.02934996411204338,0.09827778488397598,0.15551410615444183,5.098217661725357e-05,0.0,0.0,0.0,-0.23287656903266907,10.088459968566895,0.0454254150390625,9.800445556640625,0.25309303402900696,-10.0,-9.880027770996094,14.67492389678955,2.0,2.0,17.789152145385742,0.30357420444488525,0.28977540135383606,0.30357420444488525,0.29744139313697815,0.0,0.30469265580177307,0.30469265580177307,0.30469265580177307,0.30469265580177307,0.0,-0.959823727607727,0.6948122978210449,-10.72630786895752,0.0,0.0,0.0,0.0,0.0,0.0,0.0,0.0,0.0,0.0,0.0,0.0,0.0,0.0,0.0,0.30469274520874023,0.30469274520874023,0.304692804813385,0.30469274520874023,0.33220455050468445,0.04114978387951851,0.04114978387951851,0.39053526520729065,0.4118903577327728,1.074061632156372,1.191715955734253,0.0,0.0,0.0,0.0,0.0,0.0,0.0
75278206088,0,-0.02080148085951805,-0.14620105922222137,-0.12788167595863342,-0.02080148085951805,-0.14620105922222137,-0.8278816938400269,-0.017328975722193718,0.00655400799587369,0.007293109316378832,0.0,0.0,0.0,-0.012481643818318844,-0.019522257149219513,-0.010293465107679367,0.0,0.0,-0.010293466039001942,0.064394012093544,0.05026323348283768,0.02934996411204338,0.09827778488397598,0.15551410615444183,5.098217661725357e-05,0.0,0.0,0.0,-0.23287656903266907,10.088459968566895,0.0454254150390625,9.800445556640625,0.25309303402900696,-10.0,-9.880027770996094,14.67492389678955,2.0,2.0,17.789152145385742,0.30357420444488525,0.28977540135383606,0.30357420444488525,0.29744139313697815,0.0,0.30469265580177307,0.30469265580177307,0.30469265580177307,0.30469265580177307,0.0,-0.959823727607727,0.6948122978210449,-10.72630786895752,0.0,0.0,0.0,0.0,0.0,0.0,0.0,0.0,0.0,0.0,0.0,0.0,0.0,0.0,0.0,0.30469274520874023,0.30469274520874023,0.304692804813385,0.30469274520874023,0.33220455050468445,0.04114978387951851,0.04114978387951851,0.39053526520729065,0.4118903577327728,1.074061632156372,1.191715955734253,0.0,0.0,0.0,0.0,0.0,0.0,0.0
75288239285,0,-0.02080148085951805,-0.14620105922222137,-0.12788167595863342,-0.02080148085951805,-0.14620105922222137,-0.8278816938400269,-0.017328975722193718,0.00655400799587369,0.007293109316378832,0.0,0.0,0.0,-0.012481643818318844,-0.019522257149219513,-0.010293465107679367,0.0,0.0,-0.010293466039001942,0.064394012093544,0.05026323348283768,0.02934996411204338,0.09827778488397598,0.15551410615444183,5.098217661725357e-05,0.0,0.0,0.0,-0.23287656903266907,10.088459968566895,0.0454254150390625,9.800445556640625,0.25309303402900696,-10.0,-9.880027770996094,14.67492389678955,2.0,2.0,17.789152145385742,0.30357420444488525,0.28977540135383606,0.30357420444488525,0.29744139313697815,0.0,0.30469265580177307,0.30469265580177307,0.30469265580177307,0.30469265580177307,0.0,-0.959823727607727,0.6948122978210449,-10.72630786895752,0.0,0.0,0.0,0.0,0.0,0.0,0.0,0.0,0.0,0.0,0.0,0.0,0.0,0.0,0.0,0.30469274520874023,0.30469274520874023,0.304692804813385,0.30469274520874023,0.33220455050468445,0.04114978387951851,0.04114978387951851,0.39053526520729065,0.4118903577327728,1.074061632156372,1.191715955734253,0.0,0.0,0.0,0.0,0.0,0.0,0.0
75299577757,0,-0.02080148085951805,-0.14620105922222137,-0.12788167595863342,-0.02080148085951805,-0.14620105922222137,-0.8278816938400269,-0.017328975722193718,0.00655400799587369,0.007293109316378832,0.0,0.0,0.0,-0.012481643818318844,-0.019522257149219513,-0.010293465107679367,0.0,0.0,-0.010293466039001942,0.064394012093544,0.05026323348283768,0.02934996411204338,0.09827778488397598,0.15551410615444183,5.098217661725357e-05,0.0,0.0,0.0,-0.23287656903266907,10.088459968566895,0.0454254150390625,9.800445556640625,0.25309303402900696,-10.0,-9.880027770996094,14.67492389678955,2.0,2.0,17.789152145385742,0.30357420444488525,0.28977540135383606,0.30357420444488525,0.29590821266174316,0.0,0.30469265580177307,0.30469265580177307,0.30469265580177307,0.30469265580177307,0.0,-0.959823727607727,0.6948122978210449,-10.72630786895752,0.0,0.0,0.0,0.0,0.0,0.0,0.0,0.0,0.0,0.0,0.0,0.0,0.0,0.0,0.0,0.30469274520874023,0.30469274520874023,0.304692804813385,0.30469274520874023,0.33220455050468445,0.04114978387951851,0.04114978387951851,0.39053526520729065,0.4118903577327728,1.074061632156372,1.191715955734253,0.0,0.0,0.0,0.0,0.0,0.0,0.0
75308915073,0,-0.02080148085951805,-0.14620105922222137,-0.12788167595863342,-0.02080148085951805,-0.14620105922222137,-0.8278816938400269,-0.017328975722193718,0.00655400799587369,0.007293109316378832,0.0,0.0,0.0,-0.012481643818318844,-0.019522257149219513,-0.010293465107679367,0.0,0.0,-0.010293466039001942,0.064394012093544,0.05026323348283768,0.02934996411204338,0.09827778488397598,0.15551410615444183,5.098217661725357e-05,0.0,0.0,0.0,-0.23287656903266907,10.088459968566895,0.0454254150390625,9.800445556640625,0.25309303402900696,-10.0,-9.880027770996094,14.67492389678955,2.0,2.0,17.789152145385742,0.30357420444488525,0.28977540135383606,0.30357420444488525,0.29744139313697815,0.0,0.30469265580177307,0.30469265580177307,0.30469265580177307,0.30469265580177307,0.0,-0.959823727607727,0.6948122978210449,-10.72630786895752,0.0,0.0,0.0,0.0,0.0,0.0,0.0,0.0,0.0,0.0,0.0,0.0,0.0,0.0,0.0,0.30469274520874023,0.30469274520874023,0.304692804813385,0.30469274520874023,0.33220455050468445,0.04114978387951851,0.04114978387951851,0.39053526520729065,0.4118903577327728,1.074061632156372,1.191715955734253,0.0,0.0,0.0,0.0,0.0,0.0,0.0
75318470549,0,-0.02080148085951805,-0.14620105922222137,-0.12788167595863342,-0.02080148085951805,-0.14620105922222137,-0.8278816938400269,-0.017328975722193718,0.00655400799587369,0.007293109316378832,0.0,0.0,0.0,-0.012481643818318844,-0.019522257149219513,-0.010293465107679367,0.0,0.0,-0.010293466039001942,0.064394012093544,0.05026323348283768,0.02934996411204338,0.09827778488397598,0.15551410615444183,5.098217661725357e-05,0.0,0.0,0.0,-0.23287656903266907,10.088459968566895,0.0454254150390625,9.800445556640625,0.25309303402900696,-10.0,-9.880027770996094,14.67492389678955,2.0,2.0,17.789152145385742,0.30357420444488525,0.28977540135383606,0.30357420444488525,0.29744139313697815,0.0,0.30469265580177307,0.30469265580177307,0.30469265580177307,0.30469265580177307,0.0,-0.959823727607727,0.6948122978210449,-10.72630786895752,0.0,0.0,0.0,0.0,0.0,0.0,0.0,0.0,0.0,0.0,0.0,0.0,0.0,0.0,0.0,0.30469274520874023,0.30469274520874023,0.304692804813385,0.30469274520874023,0.33220455050468445,0.04114978387951851,0.04114978387951851,0.39053526520729065,0.4118903577327728,1.074061632156372,1.191715955734253,0.0,0.0,0.0,0.0,0.0,0.0,0.0
75327860313,0,-0.02080148085951805,-0.14620105922222137,-0.12788167595863342,-0.02080148085951805,-0.14620105922222137,-0.8278816938400269,-0.017328975722193718,0.00655400799587369,0.007293109316378832,0.0,0.0,0.0,-0.012481643818318844,-0.019522257149219513,-0.010293465107679367,0.0,0.0,-0.010293466039001942,0.064394012093544,0.05026323348283768,0.02934996411204338,0.09827778488397598,0.15551410615444183,5.098217661725357e-05,0.0,0.0,0.0,-0.23287656903266907,10.088459968566895,0.0454254150390625,9.800445556640625,0.25309303402900696,-10.0,-9.880027770996094,14.67492389678955,2.0,2.0,17.789152145385742,0.30357420444488525,0.28977540135383606,0.30357420444488525,0.29744139313697815,0.0,0.30469265580177307,0.30469265580177307,0.30469265580177307,0.30469265580177307,0.0,-0.959823727607727,0.6948122978210449,-10.72630786895752,0.0,0.0,0.0,0.0,0.0,0.0,0.0,0.0,0.0,0.0,0.0,0.0,0.0,0.0,0.0,0.30469274520874023,0.30469274520874023,0.304692804813385,0.30469274520874023,0.33220455050468445,0.04114978387951851,0.04114978387951851,0.39053526520729065,0.4118903577327728,1.074061632156372,1.191715955734253,0.0,0.0,0.0,0.0,0.0,0.0,0.0
75337795496,0,-0.02080148085951805,-0.14620105922222137,-0.12788167595863342,-0.02080148085951805,-0.14620105922222137,-0.8278816938400269,-0.017328975722193718,0.00655400799587369,0.007293109316378832,0.0,0.0,0.0,-0.012481643818318844,-0.019522257149219513,-0.010293465107679367,0.0,0.0,-0.010293466039001942,0.064394012093544,0.05026323348283768,0.02934996411204338,0.09827778488397598,0.15551410615444183,5.098217661725357e-05,0.0,0.0,0.0,-0.23287656903266907,10.088459968566895,0.0454254150390625,9.800445556640625,0.25309303402900696,-10.0,-9.880027770996094,14.67492389678955,2.0,2.0,17.789152145385742,0.30357420444488525,0.28977540135383606,0.30357420444488525,0.29744139313697815,0.0,0.30469265580177307,0.30469265580177307,0.30469265580177307,0.30469265580177307,0.0,-0.959823727607727,0.6948122978210449,-10.72630786895752,0.0,0.0,0.0,0.0,0.0,0.0,0.0,0.0,0.0,0.0,0.0,0.0,0.0,0.0,0.0,0.30469274520874023,0.30469274520874023,0.304692804813385,0.30469274520874023,0.33220455050468445,0.04114978387951851,0.04114978387951851,0.39053526520729065,0.4118903577327728,1.074061632156372,1.191715955734253,0.0,0.0,0.0,0.0,0.0,0.0,0.0
75347930776,0,-0.02080148085951805,-0.14620105922222137,-0.12788167595863342,-0.02080148085951805,-0.14620105922222137,-0.8278816938400269,-0.017328975722193718,0.00655400799587369,0.007293109316378832,0.0,0.0,0.0,-0.012481643818318844,-0.019522257149219513,-0.010293465107679367,0.0,0.0,-0.010293466039001942,0.064394012093544,0.05026323348283768,0.02934996411204338,0.09827778488397598,0.15551410615444183,5.098217661725357e-05,0.0,0.0,0.0,-0.23287656903266907,10.088459968566895,0.0454254150390625,9.800445556640625,0.25309303402900696,-10.0,-9.880027770996094,14.67492389678955,2.0,2.0,17.789152145385742,0.30357420444488525,0.28977540135383606,0.30357420444488525,0.29744139313697815,0.0,0.30469265580177307,0.30469265580177307,0.30469265580177307,0.30469265580177307,0.0,-0.959823727607727,0.6948122978210449,-10.72630786895752,0.0,0.0,0.0,0.0,0.0,0.0,0.0,0.0,0.0,0.0,0.0,0.0,0.0,0.0,0.0,0.30469274520874023,0.30469274520874023,0.304692804813385,0.30469274520874023,0.33220455050468445,0.04114978387951851,0.04114978387951851,0.39053526520729065,0.4118903577327728,1.074061632156372,1.191715955734253,0.0,0.0,0.0,0.0,0.0,0.0,0.0
75358114396,0,-0.02080148085951805,-0.14620105922222137,-0.12788167595863342,-0.02080148085951805,-0.14620105922222137,-0.8278816938400269,-0.017328975722193718,0.00655400799587369,0.007293109316378832,0.0,0.0,0.0,-0.012481643818318844,-0.019522257149219513,-0.010293465107679367,0.0,0.0,-0.010293466039001942,0.064394012093544,0.05026323348283768,0.02934996411204338,0.09827778488397598,0.15551410615444183,5.098217661725357e-05,0.0,0.0,0.0,-0.23287656903266907,10.088459968566895,0.0454254150390625,9.800445556640625,0.25309303402900696,-10.0,-9.880027770996094,14.67492389678955,2.0,2.0,17.789152145385742,0.30357420444488525,0.28977540135383606,0.30357420444488525,0.29744139313697815,0.0,0.30469265580177307,0.30469265580177307,0.30469265580177307,0.30469265580177307,0.0,-0.959823727607727,0.6948122978210449,-10.72630786895752,0.0,0.0,0.0,0.0,0.0,0.0,0.0,0.0,0.0,0.0,0.0,0.0,0.0,0.0,0.0,0.30469274520874023,0.30469274520874023,0.304692804813385,0.30469274520874023,0.33220455050468445,0.04114978387951851,0.04114978387951851,0.39053526520729065,0.4118903577327728,1.074061632156372,1.191715955734253,0.0,0.0,0.0,0.0,0.0,0.0,0.0
75371533901,0,-0.02080148085951805,-0.14620105922222137,-0.12788167595863342,-0.02080148085951805,-0.14620105922222137,-0.8278816938400269,-0.017328975722193718,0.00655400799587369,0.007293109316378832,0.0,0.0,0.0,-0.012481643818318844,-0.019522257149219513,-0.010293465107679367,0.0,0.0,-0.010293466039001942,0.064394012093544,0.05026323348283768,0.02934996411204338,0.09827778488397598,0.15551410615444183,5.098217661725357e-05,0.0,0.0,0.0,-0.23287656903266907,10.088459968566895,0.0454254150390625,9.800445556640625,0.25309303402900696,-10.0,-9.880027770996094,14.67492389678955,2.0,2.0,17.789152145385742,0.30357420444488525,0.28977540135383606,0.30357420444488525,0.29744139313697815,0.0,0.30469265580177307,0.30469265580177307,0.30469265580177307,0.30469265580177307,0.0,-0.959823727607727,0.6948122978210449,-10.72630786895752,0.0,0.0,0.0,0.0,0.0,0.0,0.0,0.0,0.0,0.0,0.0,0.0,0.0,0.0,0.0,0.30469274520874023,0.30469274520874023,0.304692804813385,0.30469274520874023,0.33220455050468445,0.04114978387951851,0.04114978387951851,0.39053526520729065,0.4118903577327728,1.074061632156372,1.191715955734253,0.0,0.0,0.0,0.0,0.0,0.0,0.0
75381082376,0,-0.02080148085951805,-0.14620105922222137,-0.12788167595863342,-0.02080148085951805,-0.14620105922222137,-0.8278816938400269,-0.017328975722193718,0.00655400799587369,0.007293109316378832,0.0,0.0,0.0,-0.012481643818318844,-0.019522257149219513,-0.010293465107679367,0.0,0.0,-0.010293466039001942,0.064394012093544,0.05026323348283768,0.02934996411204338,0.09827778488397598,0.15551410615444183,5.098217661725357e-05,0.0,0.0,0.0,-0.23287656903266907,10.088459968566895,0.0454254150390625,9.800445556640625,0.25309303402900696,-10.0,-9.880027770996094,14.67492389678955,2.0,2.0,17.789152145385742,0.30357420444488525,0.28977540135383606,0.30357420444488525,0.29744139313697815,0.0,0.30469265580177307,0.30469265580177307,0.30469265580177307,0.30469265580177307,0.0,-0.959823727607727,0.6948122978210449,-10.72630786895752,0.0,0.0,0.0,0.0,0.0,0.0,0.0,0.0,0.0,0.0,0.0,0.0,0.0,0.0,0.0,0.30469274520874023,0.30469274520874023,0.304692804813385,0.30469274520874023,0.33220455050468445,0.04114978387951851,0.04114978387951851,0.39053526520729065,0.4118903577327728,1.074061632156372,1.191715955734253,0.0,0.0,0.0,0.0,0.0,0.0,0.0
75389386208,0,-0.02080148085951805,-0.14620105922222137,-0.12788167595863342,-0.02080148085951805,-0.14620105922222137,-0.8278816938400269,-0.017328975722193718,0.00655400799587369,0.007293109316378832,0.0,0.0,0.0,-0.012481643818318844,-0.019522257149219513,-0.010293465107679367,0.0,0.0,-0.010293466039001942,0.064394012093544,0.05026323348283768,0.02934996411204338,0.09827778488397598,0.15551410615444183,5.098217661725357e-05,0.0,0.0,0.0,-0.23287656903266907,10.088459968566895,0.0454254150390625,9.800445556640625,0.25309303402900696,-10.0,-9.880027770996094,14.67492389678955,2.0,2.0,17.789152145385742,0.30357420444488525,0.28977540135383606,0.30357420444488525,0.29744139313697815,0.0,0.30469265580177307,0.30469265580177307,0.30469265580177307,0.30469265580177307,0.0,-0.959823727607727,0.6948122978210449,-10.72630786895752,0.0,0.0,0.0,0.0,0.0,0.0,0.0,0.0,0.0,0.0,0.0,0.0,0.0,0.0,0.0,0.30469274520874023,0.30469274520874023,0.304692804813385,0.30469274520874023,0.33220455050468445,0.04114978387951851,0.04114978387951851,0.39053526520729065,0.4118903577327728,1.074061632156372,1.191715955734253,0.0,0.0,0.0,0.0,0.0,0.0,0.0
75398840666,0,-0.02080148085951805,-0.14620105922222137,-0.12788167595863342,-0.02080148085951805,-0.14620105922222137,-0.8278816938400269,-0.017328975722193718,0.00655400799587369,0.007293109316378832,0.0,0.0,0.0,-0.012481643818318844,-0.019522257149219513,-0.010293465107679367,0.0,0.0,-0.010293466039001942,0.064394012093544,0.05026323348283768,0.02934996411204338,0.09827778488397598,0.15551410615444183,5.098217661725357e-05,0.0,0.0,0.0,-0.23287656903266907,10.088459968566895,0.0454254150390625,9.800445556640625,0.25309303402900696,-10.0,-9.880027770996094,14.67492389678955,2.0,2.0,17.789152145385742,0.30357420444488525,0.28977540135383606,0.30357420444488525,0.29744139313697815,0.0,0.30469265580177307,0.30469265580177307,0.30469265580177307,0.30469265580177307,0.0,-0.959823727607727,0.6948122978210449,-10.72630786895752,0.0,0.0,0.0,0.0,0.0,0.0,0.0,0.0,0.0,0.0,0.0,0.0,0.0,0.0,0.0,0.30469274520874023,0.30469274520874023,0.304692804813385,0.30469274520874023,0.33220455050468445,0.04114978387951851,0.04114978387951851,0.39053526520729065,0.4118903577327728,1.074061632156372,1.191715955734253,0.0,0.0,0.0,0.0,0.0,0.0,0.0
75408878023,0,-0.02080148085951805,-0.14620105922222137,-0.12788167595863342,-0.02080148085951805,-0.14620105922222137,-0.8278816938400269,-0.017328975722193718,0.00655400799587369,0.007293109316378832,0.0,0.0,0.0,-0.012481643818318844,-0.019522257149219513,-0.010293465107679367,0.0,0.0,-0.010293466039001942,0.064394012093544,0.05026323348283768,0.02934996411204338,0.09827778488397598,0.15551410615444183,5.098217661725357e-05,0.0,0.0,0.0,-0.23287656903266907,10.088459968566895,0.0454254150390625,9.800445556640625,0.25309303402900696,-10.0,-9.880027770996094,14.67492389678955,2.0,2.0,17.789152145385742,0.30357420444488525,0.28977540135383606,0.30357420444488525,0.29744139313697815,0.0,0.30469265580177307,0.30469265580177307,0.30469265580177307,0.30469265580177307,0.0,-0.959823727607727,0.6948122978210449,-10.72630786895752,0.0,0.0,0.0,0.0,0.0,0.0,0.0,0.0,0.0,0.0,0.0,0.0,0.0,0.0,0.0,0.30469274520874023,0.30469274520874023,0.304692804813385,0.30469274520874023,0.33220455050468445,0.04114978387951851,0.04114978387951851,0.39053526520729065,0.4118903577327728,1.074061632156372,1.191715955734253,0.0,0.0,0.0,0.0,0.0,0.0,0.0
75417698047,0,-0.02080148085951805,-0.14620105922222137,-0.12788167595863342,-0.02080148085951805,-0.14620105922222137,-0.8278816938400269,-0.017328975722193718,0.00655400799587369,0.007293109316378832,0.0,0.0,0.0,-0.012481643818318844,-0.019522257149219513,-0.010293465107679367,0.0,0.0,-0.010293466039001942,0.064394012093544,0.05026323348283768,0.02934996411204338,0.09827778488397598,0.15551410615444183,5.098217661725357e-05,0.0,0.0,0.0,-0.23287656903266907,10.088459968566895,0.0454254150390625,9.800445556640625,0.25309303402900696,-10.0,-9.880027770996094,14.67492389678955,2.0,2.0,17.789152145385742,0.30357420444488525,0.28977540135383606,0.30357420444488525,0.29590821266174316,0.0,0.30469265580177307,0.30469265580177307,0.30469265580177307,0.30469265580177307,0.0,-0.959823727607727,0.6948122978210449,-10.72630786895752,0.0,0.0,0.0,0.0,0.0,0.0,0.0,0.0,0.0,0.0,0.0,0.0,0.0,0.0,0.0,0.30469274520874023,0.30469274520874023,0.304692804813385,0.30469274520874023,0.33220455050468445,0.04114978387951851,0.04114978387951851,0.39053526520729065,0.4118903577327728,1.074061632156372,1.191715955734253,0.0,0.0,0.0,0.0,0.0,0.0,0.0
75427564008,0,-0.02080148085951805,-0.14620105922222137,-0.12788167595863342,-0.02080148085951805,-0.14620105922222137,-0.8278816938400269,-0.017328975722193718,0.00655400799587369,0.007293109316378832,0.0,0.0,0.0,-0.012481643818318844,-0.019522257149219513,-0.010293465107679367,0.0,0.0,-0.010293466039001942,0.064394012093544,0.05026323348283768,0.02934996411204338,0.09827778488397598,0.15551410615444183,5.098217661725357e-05,0.0,0.0,0.0,-0.23287656903266907,10.088459968566895,0.0454254150390625,9.800445556640625,0.25309303402900696,-10.0,-9.880027770996094,14.67492389678955,2.0,2.0,17.789152145385742,0.30357420444488525,0.28977540135383606,0.30357420444488525,0.29744139313697815,0.0,0.30469265580177307,0.30469265580177307,0.30469265580177307,0.30469265580177307,0.0,-0.959823727607727,0.6948122978210449,-10.72630786895752,0.0,0.0,0.0,0.0,0.0,0.0,0.0,0.0,0.0,0.0,0.0,0.0,0.0,0.0,0.0,0.30469274520874023,0.30469274520874023,0.304692804813385,0.30469274520874023,0.33220455050468445,0.04114978387951851,0.04114978387951851,0.39053526520729065,0.4118903577327728,1.074061632156372,1.191715955734253,0.0,0.0,0.0,0.0,0.0,0.0,0.0
75438668635,0,-0.02080148085951805,-0.14620105922222137,-0.12788167595863342,-0.02080148085951805,-0.14620105922222137,-0.8278816938400269,-0.017328975722193718,0.00655400799587369,0.007293109316378832,0.0,0.0,0.0,-0.012481643818318844,-0.019522257149219513,-0.010293465107679367,0.0,0.0,-0.010293466039001942,0.064394012093544,0.05026323348283768,0.02934996411204338,0.09827778488397598,0.15551410615444183,5.098217661725357e-05,0.0,0.0,0.0,-0.23287656903266907,10.088459968566895,0.0454254150390625,9.800445556640625,0.25309303402900696,-10.0,-9.880027770996094,14.67492389678955,2.0,2.0,17.789152145385742,0.30357420444488525,0.28977540135383606,0.30357420444488525,0.29590821266174316,0.0,0.30469265580177307,0.30469265580177307,0.30469265580177307,0.30469265580177307,0.0,-0.959823727607727,0.6948122978210449,-10.72630786895752,0.0,0.0,0.0,0.0,0.0,0.0,0.0,0.0,0.0,0.0,0.0,0.0,0.0,0.0,0.0,0.30469274520874023,0.30469274520874023,0.304692804813385,0.30469274520874023,0.33220455050468445,0.04114978387951851,0.04114978387951851,0.39053526520729065,0.4118903577327728,1.074061632156372,1.191715955734253,0.0,0.0,0.0,0.0,0.0,0.0,0.0
75449718595,0,-0.02080148085951805,-0.14620105922222137,-0.12788167595863342,-0.02080148085951805,-0.14620105922222137,-0.8278816938400269,-0.017328975722193718,0.00655400799587369,0.007293109316378832,0.0,0.0,0.0,-0.012481643818318844,-0.019522257149219513,-0.010293465107679367,0.0,0.0,-0.010293466039001942,0.064394012093544,0.05026323348283768,0.02934996411204338,0.09827778488397598,0.15551410615444183,5.098217661725357e-05,0.0,0.0,0.0,-0.23287656903266907,10.088459968566895,0.0454254150390625,9.800445556640625,0.25309303402900696,-10.0,-9.880027770996094,14.67492389678955,2.0,2.0,17.789152145385742,0.30357420444488525,0.28977540135383606,0.30357420444488525,0.29744139313697815,0.0,0.30469265580177307,0.30469265580177307,0.30469265580177307,0.30469265580177307,0.0,-0.959823727607727,0.6948122978210449,-10.72630786895752,0.0,0.0,0.0,0.0,0.0,0.0,0.0,0.0,0.0,0.0,0.0,0.0,0.0,0.0,0.0,0.30469274520874023,0.30469274520874023,0.304692804813385,0.30469274520874023,0.33220455050468445,0.04114978387951851,0.04114978387951851,0.39053526520729065,0.4118903577327728,1.074061632156372,1.191715955734253,0.0,0.0,0.0,0.0,0.0,0.0,0.0
75480637745,0,-0.02080148085951805,-0.14620105922222137,-0.12788167595863342,-0.02080148085951805,-0.14620105922222137,-0.8278816938400269,-0.017328975722193718,0.00655400799587369,0.007293109316378832,0.0,0.0,0.0,-0.012481643818318844,-0.019522257149219513,-0.010293465107679367,0.0,0.0,-0.010293466039001942,0.064394012093544,0.05026323348283768,0.02934996411204338,0.09827778488397598,0.15551410615444183,5.098217661725357e-05,0.0,0.0,0.0,-0.23287656903266907,10.088459968566895,0.0454254150390625,9.800445556640625,0.25309303402900696,-10.0,-9.880027770996094,14.67492389678955,2.0,2.0,17.789152145385742,0.30357420444488525,0.28977540135383606,0.30357420444488525,0.29590821266174316,0.0,0.30469265580177307,0.30469265580177307,0.30469265580177307,0.30469265580177307,0.0,-0.959823727607727,0.6948122978210449,-10.72630786895752,0.0,0.0,0.0,0.0,0.0,0.0,0.0,0.0,0.0,0.0,0.0,0.0,0.0,0.0,0.0,0.30469274520874023,0.30469274520874023,0.304692804813385,0.30469274520874023,0.33220455050468445,0.04114978387951851,0.04114978387951851,0.39053526520729065,0.4118903577327728,1.074061632156372,1.191715955734253,0.0,0.0,0.0,0.0,0.0,0.0,0.0
75480696771,0,-0.02080148085951805,-0.14620105922222137,-0.12788167595863342,-0.02080148085951805,-0.14620105922222137,-0.8278816938400269,-0.017328975722193718,0.00655400799587369,0.007293109316378832,0.0,0.0,0.0,-0.012481643818318844,-0.019522257149219513,-0.010293465107679367,0.0,0.0,-0.010293466039001942,0.064394012093544,0.05026323348283768,0.02934996411204338,0.09827778488397598,0.15551410615444183,5.098217661725357e-05,0.0,0.0,0.0,-0.23287656903266907,10.088459968566895,0.0454254150390625,9.800445556640625,0.25309303402900696,-10.0,-9.880027770996094,14.67492389678955,2.0,2.0,17.789152145385742,0.30357420444488525,0.28977540135383606,0.30357420444488525,0.29590821266174316,0.0,0.30469265580177307,0.30469265580177307,0.30469265580177307,0.30469265580177307,0.0,-0.959823727607727,0.6948122978210449,-10.72630786895752,0.0,0.0,0.0,0.0,0.0,0.0,0.0,0.0,0.0,0.0,0.0,0.0,0.0,0.0,0.0,0.30469274520874023,0.30469274520874023,0.304692804813385,0.30469274520874023,0.33220455050468445,0.04114978387951851,0.04114978387951851,0.39053526520729065,0.4118903577327728,1.074061632156372,1.191715955734253,0.0,0.0,0.0,0.0,0.0,0.0,0.0
75480705873,0,-0.02080148085951805,-0.14620105922222137,-0.12788167595863342,-0.02080148085951805,-0.14620105922222137,-0.8278816938400269,-0.017328975722193718,0.00655400799587369,0.007293109316378832,0.0,0.0,0.0,-0.012481643818318844,-0.019522257149219513,-0.010293465107679367,0.0,0.0,-0.010293466039001942,0.064394012093544,0.05026323348283768,0.02934996411204338,0.09827778488397598,0.15551410615444183,5.098217661725357e-05,0.0,0.0,0.0,-0.23287656903266907,10.088459968566895,0.0454254150390625,9.800445556640625,0.25309303402900696,-10.0,-9.880027770996094,14.67492389678955,2.0,2.0,17.789152145385742,0.30357420444488525,0.28977540135383606,0.30357420444488525,0.29744139313697815,0.0,0.30469265580177307,0.30469265580177307,0.30469265580177307,0.30469265580177307,0.0,-0.959823727607727,0.6948122978210449,-10.72630786895752,0.0,0.0,0.0,0.0,0.0,0.0,0.0,0.0,0.0,0.0,0.0,0.0,0.0,0.0,0.0,0.30469274520874023,0.30469274520874023,0.304692804813385,0.30469274520874023,0.33220455050468445,0.04114978387951851,0.04114978387951851,0.39053526520729065,0.4118903577327728,1.074061632156372,1.191715955734253,0.0,0.0,0.0,0.0,0.0,0.0,0.0
75488001615,0,-0.02080148085951805,-0.14620105922222137,-0.12788167595863342,-0.02080148085951805,-0.14620105922222137,-0.8278816938400269,-0.017328975722193718,0.00655400799587369,0.007293109316378832,0.0,0.0,0.0,-0.012481643818318844,-0.019522257149219513,-0.010293465107679367,0.0,0.0,-0.010293466039001942,0.064394012093544,0.05026323348283768,0.02934996411204338,0.09827778488397598,0.15551410615444183,5.098217661725357e-05,0.0,0.0,0.0,-0.23287656903266907,10.088459968566895,0.0454254150390625,9.800445556640625,0.25309303402900696,-10.0,-9.880027770996094,14.67492389678955,2.0,2.0,17.789152145385742,0.30357420444488525,0.28977540135383606,0.30357420444488525,0.29590821266174316,0.0,0.30469265580177307,0.30469265580177307,0.30469265580177307,0.30469265580177307,0.0,-0.959823727607727,0.6948122978210449,-10.72630786895752,0.0,0.0,0.0,0.0,0.0,0.0,0.0,0.0,0.0,0.0,0.0,0.0,0.0,0.0,0.0,0.30469274520874023,0.30469274520874023,0.304692804813385,0.30469274520874023,0.33220455050468445,0.04114978387951851,0.04114978387951851,0.39053526520729065,0.4118903577327728,1.074061632156372,1.191715955734253,0.0,0.0,0.0,0.0,0.0,0.0,0.0
75498043977,0,-0.02080148085951805,-0.14620105922222137,-0.12788167595863342,-0.02080148085951805,-0.14620105922222137,-0.8278816938400269,-0.017328975722193718,0.00655400799587369,0.007293109316378832,0.0,0.0,0.0,-0.012481643818318844,-0.019522257149219513,-0.010293465107679367,0.0,0.0,-0.010293466039001942,0.064394012093544,0.05026323348283768,0.02934996411204338,0.09827778488397598,0.15551410615444183,5.098217661725357e-05,0.0,0.0,0.0,-0.23287656903266907,10.088459968566895,0.0454254150390625,9.800445556640625,0.25309303402900696,-10.0,-9.880027770996094,14.67492389678955,2.0,2.0,17.789152145385742,0.30357420444488525,0.28977540135383606,0.30357420444488525,0.29744139313697815,0.0,0.30469265580177307,0.30469265580177307,0.30469265580177307,0.30469265580177307,0.0,-0.959823727607727,0.6948122978210449,-10.72630786895752,0.0,0.0,0.0,0.0,0.0,0.0,0.0,0.0,0.0,0.0,0.0,0.0,0.0,0.0,0.0,0.30469274520874023,0.30469274520874023,0.304692804813385,0.30469274520874023,0.33220455050468445,0.04114978387951851,0.04114978387951851,0.39053526520729065,0.4118903577327728,1.074061632156372,1.191715955734253,0.0,0.0,0.0,0.0,0.0,0.0,0.0
75508661222,0,-0.02080148085951805,-0.14620105922222137,-0.12788167595863342,-0.02080148085951805,-0.14620105922222137,-0.8278816938400269,-0.017328975722193718,0.00655400799587369,0.007293109316378832,0.0,0.0,0.0,-0.012481643818318844,-0.019522257149219513,-0.010293465107679367,0.0,0.0,-0.010293466039001942,0.064394012093544,0.05026323348283768,0.02934996411204338,0.09827778488397598,0.15551410615444183,5.098217661725357e-05,0.0,0.0,0.0,-0.23287656903266907,10.088459968566895,0.0454254150390625,9.800445556640625,0.25309303402900696,-10.0,-9.880027770996094,14.67492389678955,2.0,2.0,17.789152145385742,0.30357420444488525,0.28977540135383606,0.30357420444488525,0.29744139313697815,0.0,0.30469265580177307,0.30469265580177307,0.30469265580177307,0.30469265580177307,0.0,-0.959823727607727,0.6948122978210449,-10.72630786895752,0.0,0.0,0.0,0.0,0.0,0.0,0.0,0.0,0.0,0.0,0.0,0.0,0.0,0.0,0.0,0.30469274520874023,0.30469274520874023,0.304692804813385,0.30469274520874023,0.33220455050468445,0.04114978387951851,0.04114978387951851,0.39053526520729065,0.4118903577327728,1.074061632156372,1.191715955734253,0.0,0.0,0.0,0.0,0.0,0.0,0.0
75517874983,0,-0.02080148085951805,-0.14620105922222137,-0.12788167595863342,-0.02080148085951805,-0.14620105922222137,-0.8278816938400269,-0.017328975722193718,0.00655400799587369,0.007293109316378832,0.0,0.0,0.0,-0.012481643818318844,-0.019522257149219513,-0.010293465107679367,0.0,0.0,-0.010293466039001942,0.064394012093544,0.05026323348283768,0.02934996411204338,0.09827778488397598,0.15551410615444183,5.098217661725357e-05,0.0,0.0,0.0,-0.23287656903266907,10.088459968566895,0.0454254150390625,9.800445556640625,0.25309303402900696,-10.0,-9.880027770996094,14.67492389678955,2.0,2.0,17.789152145385742,0.30357420444488525,0.28977540135383606,0.30357420444488525,0.29590821266174316,0.0,0.30469265580177307,0.30469265580177307,0.30469265580177307,0.30469265580177307,0.0,-0.959823727607727,0.6948122978210449,-10.72630786895752,0.0,0.0,0.0,0.0,0.0,0.0,0.0,0.0,0.0,0.0,0.0,0.0,0.0,0.0,0.0,0.30469274520874023,0.30469274520874023,0.304692804813385,0.30469274520874023,0.33220455050468445,0.04114978387951851,0.04114978387951851,0.39053526520729065,0.4118903577327728,1.074061632156372,1.191715955734253,0.0,0.0,0.0,0.0,0.0,0.0,0.0
75528135602,0,-0.02080148085951805,-0.14620105922222137,-0.12788167595863342,-0.02080148085951805,-0.14620105922222137,-0.8278816938400269,-0.017328975722193718,0.00655400799587369,0.007293109316378832,0.0,0.0,0.0,-0.012481643818318844,-0.019522257149219513,-0.010293465107679367,0.0,0.0,-0.010293466039001942,0.064394012093544,0.05026323348283768,0.02934996411204338,0.09827778488397598,0.15551410615444183,5.098217661725357e-05,0.0,0.0,0.0,-0.23287656903266907,10.088459968566895,0.0454254150390625,9.800445556640625,0.25309303402900696,-10.0,-9.880027770996094,14.67492389678955,2.0,2.0,17.789152145385742,0.30357420444488525,0.28977540135383606,0.30357420444488525,0.29590821266174316,0.0,0.30469265580177307,0.30469265580177307,0.30469265580177307,0.30469265580177307,0.0,-0.959823727607727,0.6948122978210449,-10.72630786895752,0.0,0.0,0.0,0.0,0.0,0.0,0.0,0.0,0.0,0.0,0.0,0.0,0.0,0.0,0.0,0.30469274520874023,0.30469274520874023,0.304692804813385,0.30469274520874023,0.33220455050468445,0.04114978387951851,0.04114978387951851,0.39053526520729065,0.4118903577327728,1.074061632156372,1.191715955734253,0.0,0.0,0.0,0.0,0.0,0.0,0.0
75538094007,0,-0.02080148085951805,-0.14620105922222137,-0.12788167595863342,-0.02080148085951805,-0.14620105922222137,-0.8278816938400269,-0.017328975722193718,0.00655400799587369,0.007293109316378832,0.0,0.0,0.0,-0.012481643818318844,-0.019522257149219513,-0.010293465107679367,0.0,0.0,-0.010293466039001942,0.064394012093544,0.05026323348283768,0.02934996411204338,0.09827778488397598,0.15551410615444183,5.098217661725357e-05,0.0,0.0,0.0,-0.23287656903266907,10.088459968566895,0.0454254150390625,9.800445556640625,0.25309303402900696,-10.0,-9.880027770996094,14.67492389678955,2.0,2.0,17.789152145385742,0.30357420444488525,0.28977540135383606,0.30357420444488525,0.29590821266174316,0.0,0.30469265580177307,0.30469265580177307,0.30469265580177307,0.30469265580177307,0.0,-0.959823727607727,0.6948122978210449,-10.72630786895752,0.0,0.0,0.0,0.0,0.0,0.0,0.0,0.0,0.0,0.0,0.0,0.0,0.0,0.0,0.0,0.30469274520874023,0.30469274520874023,0.304692804813385,0.30469274520874023,0.33220455050468445,0.04114978387951851,0.04114978387951851,0.39053526520729065,0.4118903577327728,1.074061632156372,1.191715955734253,0.0,0.0,0.0,0.0,0.0,0.0,0.0
75555065091,0,-0.02080148085951805,-0.14620105922222137,-0.12788167595863342,-0.02080148085951805,-0.14620105922222137,-0.8278816938400269,-0.017328975722193718,0.00655400799587369,0.007293109316378832,0.0,0.0,0.0,-0.012481643818318844,-0.019522257149219513,-0.010293465107679367,0.0,0.0,-0.010293466039001942,0.064394012093544,0.05026323348283768,0.02934996411204338,0.09827778488397598,0.15551410615444183,5.098217661725357e-05,0.0,0.0,0.0,-0.23287656903266907,10.088459968566895,0.0454254150390625,9.800445556640625,0.25309303402900696,-10.0,-9.880027770996094,14.67492389678955,2.0,2.0,17.789152145385742,0.30357420444488525,0.28977540135383606,0.30357420444488525,0.29590821266174316,0.0,0.30469265580177307,0.30469265580177307,0.30469265580177307,0.30469265580177307,0.0,-0.959823727607727,0.6948122978210449,-10.72630786895752,0.0,0.0,0.0,0.0,0.0,0.0,0.0,0.0,0.0,0.0,0.0,0.0,0.0,0.0,0.0,0.30469274520874023,0.30469274520874023,0.304692804813385,0.30469274520874023,0.33220455050468445,0.04114978387951851,0.04114978387951851,0.39053526520729065,0.4118903577327728,1.074061632156372,1.191715955734253,0.0,0.0,0.0,0.0,0.0,0.0,0.0
75557972746,0,-0.02080148085951805,-0.14620105922222137,-0.12788167595863342,-0.02080148085951805,-0.14620105922222137,-0.8278816938400269,-0.017328975722193718,0.00655400799587369,0.007293109316378832,0.0,0.0,0.0,-0.012481643818318844,-0.019522257149219513,-0.010293465107679367,0.0,0.0,-0.010293466039001942,0.064394012093544,0.05026323348283768,0.02934996411204338,0.09827778488397598,0.15551410615444183,5.098217661725357e-05,0.0,0.0,0.0,-0.23287656903266907,10.088459968566895,0.0454254150390625,9.800445556640625,0.25309303402900696,-10.0,-9.880027770996094,14.67492389678955,2.0,2.0,17.789152145385742,0.30357420444488525,0.28977540135383606,0.30357420444488525,0.29590821266174316,0.0,0.30469265580177307,0.30469265580177307,0.30469265580177307,0.30469265580177307,0.0,-0.959823727607727,0.6948122978210449,-10.72630786895752,0.0,0.0,0.0,0.0,0.0,0.0,0.0,0.0,0.0,0.0,0.0,0.0,0.0,0.0,0.0,0.30469274520874023,0.30469274520874023,0.304692804813385,0.30469274520874023,0.33220455050468445,0.04114978387951851,0.04114978387951851,0.39053526520729065,0.4118903577327728,1.074061632156372,1.191715955734253,0.0,0.0,0.0,0.0,0.0,0.0,0.0
75568128000,0,-0.02080148085951805,-0.14620105922222137,-0.12788167595863342,-0.02080148085951805,-0.14620105922222137,-0.8278816938400269,-0.017328975722193718,0.00655400799587369,0.007293109316378832,0.0,0.0,0.0,-0.012481643818318844,-0.019522257149219513,-0.010293465107679367,0.0,0.0,-0.010293466039001942,0.064394012093544,0.05026323348283768,0.02934996411204338,0.09827778488397598,0.15551410615444183,5.098217661725357e-05,0.0,0.0,0.0,-0.23287656903266907,10.088459968566895,0.0454254150390625,9.800445556640625,0.25309303402900696,-10.0,-9.880027770996094,14.67492389678955,2.0,2.0,17.789152145385742,0.30357420444488525,0.28977540135383606,0.30357420444488525,0.29744139313697815,0.0,0.30469265580177307,0.30469265580177307,0.30469265580177307,0.30469265580177307,0.0,-0.959823727607727,0.6948122978210449,-10.72630786895752,0.0,0.0,0.0,0.0,0.0,0.0,0.0,0.0,0.0,0.0,0.0,0.0,0.0,0.0,0.0,0.30469274520874023,0.30469274520874023,0.304692804813385,0.30469274520874023,0.33220455050468445,0.04114978387951851,0.04114978387951851,0.39053526520729065,0.4118903577327728,1.074061632156372,1.191715955734253,0.0,0.0,0.0,0.0,0.0,0.0,0.0
75579485458,0,-0.02080148085951805,-0.14620105922222137,-0.12788167595863342,-0.02080148085951805,-0.14620105922222137,-0.8278816938400269,-0.017328975722193718,0.00655400799587369,0.007293109316378832,0.0,0.0,0.0,-0.012481643818318844,-0.019522257149219513,-0.010293465107679367,0.0,0.0,-0.010293466039001942,0.064394012093544,0.05026323348283768,0.02934996411204338,0.09827778488397598,0.15551410615444183,5.098217661725357e-05,0.0,0.0,0.0,-0.23287656903266907,10.088459968566895,0.0454254150390625,9.800445556640625,0.25309303402900696,-10.0,-9.880027770996094,14.67492389678955,2.0,2.0,17.789152145385742,0.30357420444488525,0.28977540135383606,0.30357420444488525,0.29744139313697815,0.0,0.30469265580177307,0.30469265580177307,0.30469265580177307,0.30469265580177307,0.0,-0.959823727607727,0.6948122978210449,-10.72630786895752,0.0,0.0,0.0,0.0,0.0,0.0,0.0,0.0,0.0,0.0,0.0,0.0,0.0,0.0,0.0,0.30469274520874023,0.30469274520874023,0.304692804813385,0.30469274520874023,0.33220455050468445,0.04114978387951851,0.04114978387951851,0.39053526520729065,0.4118903577327728,1.074061632156372,1.191715955734253,0.0,0.0,0.0,0.0,0.0,0.0,0.0
75587941534,0,-0.02080148085951805,-0.14620105922222137,-0.12788167595863342,-0.02080148085951805,-0.14620105922222137,-0.8278816938400269,-0.017328975722193718,0.00655400799587369,0.007293109316378832,0.0,0.0,0.0,-0.012481643818318844,-0.019522257149219513,-0.010293465107679367,0.0,0.0,-0.010293466039001942,0.064394012093544,0.05026323348283768,0.02934996411204338,0.09827778488397598,0.15551410615444183,5.098217661725357e-05,0.0,0.0,0.0,-0.23287656903266907,10.088459968566895,0.0454254150390625,9.800445556640625,0.25309303402900696,-10.0,-9.880027770996094,14.67492389678955,2.0,2.0,17.789152145385742,0.30357420444488525,0.28977540135383606,0.30357420444488525,0.29744139313697815,0.0,0.30469265580177307,0.30469265580177307,0.30469265580177307,0.30469265580177307,0.0,-0.959823727607727,0.6948122978210449,-10.72630786895752,0.0,0.0,0.0,0.0,0.0,0.0,0.0,0.0,0.0,0.0,0.0,0.0,0.0,0.0,0.0,0.30469274520874023,0.30469274520874023,0.304692804813385,0.30469274520874023,0.33220455050468445,0.04114978387951851,0.04114978387951851,0.39053526520729065,0.4118903577327728,1.074061632156372,1.191715955734253,0.0,0.0,0.0,0.0,0.0,0.0,0.0
75599628198,0,-0.02080148085951805,-0.14620105922222137,-0.12788167595863342,-0.02080148085951805,-0.14620105922222137,-0.8278816938400269,-0.017328975722193718,0.00655400799587369,0.007293109316378832,0.0,0.0,0.0,-0.012481643818318844,-0.019522257149219513,-0.010293465107679367,0.0,0.0,-0.010293466039001942,0.064394012093544,0.05026323348283768,0.02934996411204338,0.09827778488397598,0.15551410615444183,5.098217661725357e-05,0.0,0.0,0.0,-0.23287656903266907,10.088459968566895,0.0454254150390625,9.800445556640625,0.25309303402900696,-10.0,-9.880027770996094,14.67492389678955,2.0,2.0,17.789152145385742,0.30357420444488525,0.28977540135383606,0.30357420444488525,0.29590821266174316,0.0,0.30469265580177307,0.30469265580177307,0.30469265580177307,0.30469265580177307,0.0,-0.959823727607727,0.6948122978210449,-10.72630786895752,0.0,0.0,0.0,0.0,0.0,0.0,0.0,0.0,0.0,0.0,0.0,0.0,0.0,0.0,0.0,0.30469274520874023,0.30469274520874023,0.304692804813385,0.30469274520874023,0.33220455050468445,0.04114978387951851,0.04114978387951851,0.39053526520729065,0.4118903577327728,1.074061632156372,1.191715955734253,0.0,0.0,0.0,0.0,0.0,0.0,0.0
75608164622,0,-0.02080148085951805,-0.14620105922222137,-0.12788167595863342,-0.02080148085951805,-0.14620105922222137,-0.8278816938400269,-0.017328975722193718,0.00655400799587369,0.007293109316378832,0.0,0.0,0.0,-0.012481643818318844,-0.019522257149219513,-0.010293465107679367,0.0,0.0,-0.010293466039001942,0.064394012093544,0.05026323348283768,0.02934996411204338,0.09827778488397598,0.15551410615444183,5.098217661725357e-05,0.0,0.0,0.0,-0.23287656903266907,10.088459968566895,0.0454254150390625,9.800445556640625,0.25309303402900696,-10.0,-9.880027770996094,14.67492389678955,2.0,2.0,17.789152145385742,0.30357420444488525,0.28977540135383606,0.30357420444488525,0.29590821266174316,0.0,0.30469265580177307,0.30469265580177307,0.30469265580177307,0.30469265580177307,0.0,-0.959823727607727,0.6948122978210449,-10.72630786895752,0.0,0.0,0.0,0.0,0.0,0.0,0.0,0.0,0.0,0.0,0.0,0.0,0.0,0.0,0.0,0.30469274520874023,0.30469274520874023,0.304692804813385,0.30469274520874023,0.33220455050468445,0.04114978387951851,0.04114978387951851,0.39053526520729065,0.4118903577327728,1.074061632156372,1.191715955734253,0.0,0.0,0.0,0.0,0.0,0.0,0.0
75618872350,0,-0.02080148085951805,-0.14620105922222137,-0.12788167595863342,-0.02080148085951805,-0.14620105922222137,-0.8278816938400269,-0.017328975722193718,0.00655400799587369,0.007293109316378832,0.0,0.0,0.0,-0.012481643818318844,-0.019522257149219513,-0.010293465107679367,0.0,0.0,-0.010293466039001942,0.064394012093544,0.05026323348283768,0.02934996411204338,0.09827778488397598,0.15551410615444183,5.098217661725357e-05,0.0,0.0,0.0,-0.23287656903266907,10.088459968566895,0.0454254150390625,9.800445556640625,0.25309303402900696,-10.0,-9.880027770996094,14.67492389678955,2.0,2.0,17.789152145385742,0.30357420444488525,0.28977540135383606,0.30357420444488525,0.29744139313697815,0.0,0.30469265580177307,0.30469265580177307,0.30469265580177307,0.30469265580177307,0.0,-0.959823727607727,0.6948122978210449,-10.72630786895752,0.0,0.0,0.0,0.0,0.0,0.0,0.0,0.0,0.0,0.0,0.0,0.0,0.0,0.0,0.0,0.30469274520874023,0.30469274520874023,0.304692804813385,0.30469274520874023,0.33220455050468445,0.04114978387951851,0.04114978387951851,0.39053526520729065,0.4118903577327728,1.074061632156372,1.191715955734253,0.0,0.0,0.0,0.0,0.0,0.0,0.0
75628039534,0,-0.02080148085951805,-0.14620105922222137,-0.12788167595863342,-0.02080148085951805,-0.14620105922222137,-0.8278816938400269,-0.017328975722193718,0.00655400799587369,0.007293109316378832,0.0,0.0,0.0,-0.012481643818318844,-0.019522257149219513,-0.010293465107679367,0.0,0.0,-0.010293466039001942,0.064394012093544,0.05026323348283768,0.02934996411204338,0.09827778488397598,0.15551410615444183,5.098217661725357e-05,0.0,0.0,0.0,-0.23287656903266907,10.088459968566895,0.0454254150390625,9.800445556640625,0.25309303402900696,-10.0,-9.880027770996094,14.67492389678955,2.0,2.0,17.789152145385742,0.30357420444488525,0.28977540135383606,0.30357420444488525,0.29744139313697815,0.0,0.30469265580177307,0.30469265580177307,0.30469265580177307,0.30469265580177307,0.0,-0.959823727607727,0.6948122978210449,-10.72630786895752,0.0,0.0,0.0,0.0,0.0,0.0,0.0,0.0,0.0,0.0,0.0,0.0,0.0,0.0,0.0,0.30469274520874023,0.30469274520874023,0.304692804813385,0.30469274520874023,0.33220455050468445,0.04114978387951851,0.04114978387951851,0.39053526520729065,0.4118903577327728,1.074061632156372,1.191715955734253,0.0,0.0,0.0,0.0,0.0,0.0,0.0
75637895064,0,-0.02080148085951805,-0.14620105922222137,-0.12788167595863342,-0.02080148085951805,-0.14620105922222137,-0.8278816938400269,-0.017328975722193718,0.00655400799587369,0.007293109316378832,0.0,0.0,0.0,-0.012481643818318844,-0.019522257149219513,-0.010293465107679367,0.0,0.0,-0.010293466039001942,0.064394012093544,0.05026323348283768,0.02934996411204338,0.09827778488397598,0.15551410615444183,5.098217661725357e-05,0.0,0.0,0.0,-0.23287656903266907,10.088459968566895,0.0454254150390625,9.800445556640625,0.25309303402900696,-10.0,-9.880027770996094,14.67492389678955,2.0,2.0,17.789152145385742,0.30357420444488525,0.28977540135383606,0.30357420444488525,0.29744139313697815,0.0,0.30469265580177307,0.30469265580177307,0.30469265580177307,0.30469265580177307,0.0,-0.959823727607727,0.6948122978210449,-10.72630786895752,0.0,0.0,0.0,0.0,0.0,0.0,0.0,0.0,0.0,0.0,0.0,0.0,0.0,0.0,0.0,0.30469274520874023,0.30469274520874023,0.304692804813385,0.30469274520874023,0.33220455050468445,0.04114978387951851,0.04114978387951851,0.39053526520729065,0.4118903577327728,1.074061632156372,1.191715955734253,0.0,0.0,0.0,0.0,0.0,0.0,0.0
75647762217,0,-0.02080148085951805,-0.14620105922222137,-0.12788167595863342,-0.02080148085951805,-0.14620105922222137,-0.8278816938400269,-0.017328975722193718,0.00655400799587369,0.007293109316378832,0.0,0.0,0.0,-0.012481643818318844,-0.019522257149219513,-0.010293465107679367,0.0,0.0,-0.010293466039001942,0.064394012093544,0.05026323348283768,0.02934996411204338,0.09827778488397598,0.15551410615444183,5.098217661725357e-05,0.0,0.0,0.0,-0.23287656903266907,10.088459968566895,0.0454254150390625,9.800445556640625,0.25309303402900696,-10.0,-9.880027770996094,14.67492389678955,2.0,2.0,17.789152145385742,0.30357420444488525,0.28977540135383606,0.30357420444488525,0.29744139313697815,0.0,0.30469265580177307,0.30469265580177307,0.30469265580177307,0.30469265580177307,0.0,-0.959823727607727,0.6948122978210449,-10.72630786895752,0.0,0.0,0.0,0.0,0.0,0.0,0.0,0.0,0.0,0.0,0.0,0.0,0.0,0.0,0.0,0.30469274520874023,0.30469274520874023,0.304692804813385,0.30469274520874023,0.33220455050468445,0.04114978387951851,0.04114978387951851,0.39053526520729065,0.4118903577327728,1.074061632156372,1.191715955734253,0.0,0.0,0.0,0.0,0.0,0.0,0.0
75657659340,0,-0.02080148085951805,-0.14620105922222137,-0.12788167595863342,-0.02080148085951805,-0.14620105922222137,-0.8278816938400269,-0.017328975722193718,0.00655400799587369,0.007293109316378832,0.0,0.0,0.0,-0.012481643818318844,-0.019522257149219513,-0.010293465107679367,0.0,0.0,-0.010293466039001942,0.064394012093544,0.05026323348283768,0.02934996411204338,0.09827778488397598,0.15551410615444183,5.098217661725357e-05,0.0,0.0,0.0,-0.23287656903266907,10.088459968566895,0.0454254150390625,9.800445556640625,0.25309303402900696,-10.0,-9.880027770996094,14.67492389678955,2.0,2.0,17.789152145385742,0.30357420444488525,0.28977540135383606,0.30204102396965027,0.29744139313697815,0.0,0.30469265580177307,0.30469265580177307,0.30469265580177307,0.30469265580177307,0.0,-0.959823727607727,0.6948122978210449,-10.72630786895752,0.0,0.0,0.0,0.0,0.0,0.0,0.0,0.0,0.0,0.0,0.0,0.0,0.0,0.0,0.0,0.30469274520874023,0.30469274520874023,0.304692804813385,0.30469274520874023,0.33220455050468445,0.04114978387951851,0.04114978387951851,0.39053526520729065,0.4118903577327728,1.074061632156372,1.191715955734253,0.0,0.0,0.0,0.0,0.0,0.0,0.0
75667996060,0,-0.02080148085951805,-0.14620105922222137,-0.12788167595863342,-0.02080148085951805,-0.14620105922222137,-0.8278816938400269,-0.017328975722193718,0.00655400799587369,0.007293109316378832,0.0,0.0,0.0,-0.012481643818318844,-0.019522257149219513,-0.010293465107679367,0.0,0.0,-0.010293466039001942,0.064394012093544,0.05026323348283768,0.02934996411204338,0.09827778488397598,0.15551410615444183,5.098217661725357e-05,0.0,0.0,0.0,-0.23287656903266907,10.088459968566895,0.0454254150390625,9.800445556640625,0.25309303402900696,-10.0,-9.880027770996094,14.67492389678955,2.0,2.0,17.789152145385742,0.30357420444488525,0.28977540135383606,0.30357420444488525,0.29744139313697815,0.0,0.30469265580177307,0.30469265580177307,0.30469265580177307,0.30469265580177307,0.0,-0.959823727607727,0.6948122978210449,-10.72630786895752,0.0,0.0,0.0,0.0,0.0,0.0,0.0,0.0,0.0,0.0,0.0,0.0,0.0,0.0,0.0,0.30469274520874023,0.30469274520874023,0.304692804813385,0.30469274520874023,0.33220455050468445,0.04114978387951851,0.04114978387951851,0.39053526520729065,0.4118903577327728,1.074061632156372,1.191715955734253,0.0,0.0,0.0,0.0,0.0,0.0,0.0
75677999561,0,-0.02080148085951805,-0.14620105922222137,-0.12788167595863342,-0.02080148085951805,-0.14620105922222137,-0.8278816938400269,-0.017328975722193718,0.00655400799587369,0.007293109316378832,0.0,0.0,0.0,-0.012481643818318844,-0.019522257149219513,-0.010293465107679367,0.0,0.0,-0.010293466039001942,0.064394012093544,0.05026323348283768,0.02934996411204338,0.09827778488397598,0.15551410615444183,5.098217661725357e-05,0.0,0.0,0.0,-0.23287656903266907,10.088459968566895,0.0454254150390625,9.800445556640625,0.25309303402900696,-10.0,-9.880027770996094,14.67492389678955,2.0,2.0,17.789152145385742,0.30357420444488525,0.28977540135383606,0.30357420444488525,0.29744139313697815,0.0,0.30469265580177307,0.30469265580177307,0.30469265580177307,0.30469265580177307,0.0,-0.959823727607727,0.6948122978210449,-10.72630786895752,0.0,0.0,0.0,0.0,0.0,0.0,0.0,0.0,0.0,0.0,0.0,0.0,0.0,0.0,0.0,0.30469274520874023,0.30469274520874023,0.304692804813385,0.30469274520874023,0.33220455050468445,0.04114978387951851,0.04114978387951851,0.39053526520729065,0.4118903577327728,1.074061632156372,1.191715955734253,0.0,0.0,0.0,0.0,0.0,0.0,0.0
75687840050,0,-0.02080148085951805,-0.14620105922222137,-0.12788167595863342,-0.02080148085951805,-0.14620105922222137,-0.8278816938400269,-0.017328975722193718,0.00655400799587369,0.007293109316378832,0.0,0.0,0.0,-0.012481643818318844,-0.019522257149219513,-0.010293465107679367,0.0,0.0,-0.010293466039001942,0.064394012093544,0.05026323348283768,0.02934996411204338,0.09827778488397598,0.15551410615444183,5.098217661725357e-05,0.0,0.0,0.0,-0.23287656903266907,10.088459968566895,0.0454254150390625,9.800445556640625,0.25309303402900696,-10.0,-9.880027770996094,14.67492389678955,2.0,2.0,17.789152145385742,0.30357420444488525,0.28977540135383606,0.30357420444488525,0.29744139313697815,0.0,0.30469265580177307,0.30469265580177307,0.30469265580177307,0.30469265580177307,0.0,-0.959823727607727,0.6948122978210449,-10.72630786895752,0.0,0.0,0.0,0.0,0.0,0.0,0.0,0.0,0.0,0.0,0.0,0.0,0.0,0.0,0.0,0.30469274520874023,0.30469274520874023,0.304692804813385,0.30469274520874023,0.33220455050468445,0.04114978387951851,0.04114978387951851,0.39053526520729065,0.4118903577327728,1.074061632156372,1.191715955734253,0.0,0.0,0.0,0.0,0.0,0.0,0.0
75698337257,0,-0.02080148085951805,-0.14620105922222137,-0.12788167595863342,-0.02080148085951805,-0.14620105922222137,-0.8278816938400269,-0.017328975722193718,0.00655400799587369,0.007293109316378832,0.0,0.0,0.0,-0.012481643818318844,-0.019522257149219513,-0.010293465107679367,0.0,0.0,-0.010293466039001942,0.064394012093544,0.05026323348283768,0.02934996411204338,0.09827778488397598,0.15551410615444183,5.098217661725357e-05,0.0,0.0,0.0,-0.23287656903266907,10.088459968566895,0.0454254150390625,9.800445556640625,0.25309303402900696,-10.0,-9.880027770996094,14.67492389678955,2.0,2.0,17.789152145385742,0.30357420444488525,0.28977540135383606,0.30204102396965027,0.29744139313697815,0.0,0.30469265580177307,0.30469265580177307,0.30469265580177307,0.30469265580177307,0.0,-0.959823727607727,0.6948122978210449,-10.72630786895752,0.0,0.0,0.0,0.0,0.0,0.0,0.0,0.0,0.0,0.0,0.0,0.0,0.0,0.0,0.0,0.30469274520874023,0.30469274520874023,0.304692804813385,0.30469274520874023,0.33220455050468445,0.04114978387951851,0.04114978387951851,0.39053526520729065,0.4118903577327728,1.074061632156372,1.191715955734253,0.0,0.0,0.0,0.0,0.0,0.0,0.0
75707689446,0,-0.02080148085951805,-0.14620105922222137,-0.12788167595863342,-0.02080148085951805,-0.14620105922222137,-0.8278816938400269,-0.017328975722193718,0.00655400799587369,0.007293109316378832,0.0,0.0,0.0,-0.012481643818318844,-0.019522257149219513,-0.010293465107679367,0.0,0.0,-0.010293466039001942,0.064394012093544,0.05026323348283768,0.02934996411204338,0.09827778488397598,0.15551410615444183,5.098217661725357e-05,0.0,0.0,0.0,-0.23287656903266907,10.088459968566895,0.0454254150390625,9.800445556640625,0.25309303402900696,-10.0,-9.880027770996094,14.67492389678955,2.0,2.0,17.789152145385742,0.30357420444488525,0.28977540135383606,0.30357420444488525,0.29744139313697815,0.0,0.30469265580177307,0.30469265580177307,0.30469265580177307,0.30469265580177307,0.0,-0.959823727607727,0.6948122978210449,-10.72630786895752,0.0,0.0,0.0,0.0,0.0,0.0,0.0,0.0,0.0,0.0,0.0,0.0,0.0,0.0,0.0,0.30469274520874023,0.30469274520874023,0.304692804813385,0.30469274520874023,0.33220455050468445,0.04114978387951851,0.04114978387951851,0.39053526520729065,0.4118903577327728,1.074061632156372,1.191715955734253,0.0,0.0,0.0,0.0,0.0,0.0,0.0
75719571619,0,-0.02080148085951805,-0.14620105922222137,-0.12788167595863342,-0.02080148085951805,-0.14620105922222137,-0.8278816938400269,-0.017328975722193718,0.00655400799587369,0.007293109316378832,0.0,0.0,0.0,-0.012481643818318844,-0.019522257149219513,-0.010293465107679367,0.0,0.0,-0.010293466039001942,0.064394012093544,0.05026323348283768,0.02934996411204338,0.09827778488397598,0.15551410615444183,5.098217661725357e-05,0.0,0.0,0.0,-0.23287656903266907,10.088459968566895,0.0454254150390625,9.800445556640625,0.25309303402900696,-10.0,-9.880027770996094,14.67492389678955,2.0,2.0,17.789152145385742,0.30357420444488525,0.28977540135383606,0.30357420444488525,0.29744139313697815,0.0,0.30469265580177307,0.30469265580177307,0.30469265580177307,0.30469265580177307,0.0,-0.959823727607727,0.6948122978210449,-10.72630786895752,0.0,0.0,0.0,0.0,0.0,0.0,0.0,0.0,0.0,0.0,0.0,0.0,0.0,0.0,0.0,0.30469274520874023,0.30469274520874023,0.304692804813385,0.30469274520874023,0.33220455050468445,0.04114978387951851,0.04114978387951851,0.39053526520729065,0.4118903577327728,1.074061632156372,1.191715955734253,0.0,0.0,0.0,0.0,0.0,0.0,0.0
75728201049,0,-0.02080148085951805,-0.14620105922222137,-0.12788167595863342,-0.02080148085951805,-0.14620105922222137,-0.8278816938400269,-0.017328975722193718,0.00655400799587369,0.007293109316378832,0.0,0.0,0.0,-0.012481643818318844,-0.019522257149219513,-0.010293465107679367,0.0,0.0,-0.010293466039001942,0.064394012093544,0.05026323348283768,0.02934996411204338,0.09827778488397598,0.15551410615444183,5.098217661725357e-05,0.0,0.0,0.0,-0.23287656903266907,10.088459968566895,0.0454254150390625,9.800445556640625,0.25309303402900696,-10.0,-9.880027770996094,14.67492389678955,2.0,2.0,17.789152145385742,0.30357420444488525,0.28977540135383606,0.30357420444488525,0.29744139313697815,0.0,0.30469265580177307,0.30469265580177307,0.30469265580177307,0.30469265580177307,0.0,-0.959823727607727,0.6948122978210449,-10.72630786895752,0.0,0.0,0.0,0.0,0.0,0.0,0.0,0.0,0.0,0.0,0.0,0.0,0.0,0.0,0.0,0.30469274520874023,0.30469274520874023,0.304692804813385,0.30469274520874023,0.33220455050468445,0.04114978387951851,0.04114978387951851,0.39053526520729065,0.4118903577327728,1.074061632156372,1.191715955734253,0.0,0.0,0.0,0.0,0.0,0.0,0.0
75742732653,0,-0.02080148085951805,-0.14620105922222137,-0.12788167595863342,-0.02080148085951805,-0.14620105922222137,-0.8278816938400269,-0.017328975722193718,0.00655400799587369,0.007293109316378832,0.0,0.0,0.0,-0.012481643818318844,-0.019522257149219513,-0.010293465107679367,0.0,0.0,-0.010293466039001942,0.064394012093544,0.05026323348283768,0.02934996411204338,0.09827778488397598,0.15551410615444183,5.098217661725357e-05,0.0,0.0,0.0,-0.23287656903266907,10.088459968566895,0.0454254150390625,9.800445556640625,0.25309303402900696,-10.0,-9.880027770996094,14.67492389678955,2.0,2.0,17.789152145385742,0.30357420444488525,0.28977540135383606,0.30357420444488525,0.29744139313697815,0.0,0.30469265580177307,0.30469265580177307,0.30469265580177307,0.30469265580177307,0.0,-0.959823727607727,0.6948122978210449,-10.72630786895752,0.0,0.0,0.0,0.0,0.0,0.0,0.0,0.0,0.0,0.0,0.0,0.0,0.0,0.0,0.0,0.30469274520874023,0.30469274520874023,0.304692804813385,0.30469274520874023,0.33220455050468445,0.04114978387951851,0.04114978387951851,0.39053526520729065,0.4118903577327728,1.074061632156372,1.191715955734253,0.0,0.0,0.0,0.0,0.0,0.0,0.0
75748004932,0,-0.02080148085951805,-0.14620105922222137,-0.12788167595863342,-0.02080148085951805,-0.14620105922222137,-0.8278816938400269,-0.017328975722193718,0.00655400799587369,0.007293109316378832,0.0,0.0,0.0,-0.012481643818318844,-0.019522257149219513,-0.010293465107679367,0.0,0.0,-0.010293466039001942,0.064394012093544,0.05026323348283768,0.02934996411204338,0.09827778488397598,0.15551410615444183,5.098217661725357e-05,0.0,0.0,0.0,-0.23287656903266907,10.088459968566895,0.0454254150390625,9.800445556640625,0.25309303402900696,-10.0,-9.880027770996094,14.67492389678955,2.0,2.0,17.789152145385742,0.30357420444488525,0.28977540135383606,0.30357420444488525,0.29744139313697815,0.0,0.30469265580177307,0.30469265580177307,0.30469265580177307,0.30469265580177307,0.0,-0.959823727607727,0.6948122978210449,-10.72630786895752,0.0,0.0,0.0,0.0,0.0,0.0,0.0,0.0,0.0,0.0,0.0,0.0,0.0,0.0,0.0,0.30469274520874023,0.30469274520874023,0.304692804813385,0.30469274520874023,0.33220455050468445,0.04114978387951851,0.04114978387951851,0.39053526520729065,0.4118903577327728,1.074061632156372,1.191715955734253,0.0,0.0,0.0,0.0,0.0,0.0,0.0
75757530427,0,-0.02080148085951805,-0.14620105922222137,-0.12788167595863342,-0.02080148085951805,-0.14620105922222137,-0.8278816938400269,-0.017328975722193718,0.00655400799587369,0.007293109316378832,0.0,0.0,0.0,-0.012481643818318844,-0.019522257149219513,-0.010293465107679367,0.0,0.0,-0.010293466039001942,0.064394012093544,0.05026323348283768,0.02934996411204338,0.09827778488397598,0.15551410615444183,5.098217661725357e-05,0.0,0.0,0.0,-0.23287656903266907,10.088459968566895,0.0454254150390625,9.800445556640625,0.25309303402900696,-10.0,-9.880027770996094,14.67492389678955,2.0,2.0,17.789152145385742,0.30357420444488525,0.28977540135383606,0.30357420444488525,0.29744139313697815,0.0,0.30469265580177307,0.30469265580177307,0.30469265580177307,0.30469265580177307,0.0,-0.959823727607727,0.6948122978210449,-10.72630786895752,0.0,0.0,0.0,0.0,0.0,0.0,0.0,0.0,0.0,0.0,0.0,0.0,0.0,0.0,0.0,0.30469274520874023,0.30469274520874023,0.304692804813385,0.30469274520874023,0.33220455050468445,0.04114978387951851,0.04114978387951851,0.39053526520729065,0.4118903577327728,1.074061632156372,1.191715955734253,0.0,0.0,0.0,0.0,0.0,0.0,0.0
75767682726,0,-0.02080148085951805,-0.14620105922222137,-0.12788167595863342,-0.02080148085951805,-0.14620105922222137,-0.8278816938400269,-0.017328975722193718,0.00655400799587369,0.007293109316378832,0.0,0.0,0.0,-0.012481643818318844,-0.019522257149219513,-0.010293465107679367,0.0,0.0,-0.010293466039001942,0.064394012093544,0.05026323348283768,0.02934996411204338,0.09827778488397598,0.15551410615444183,5.098217661725357e-05,0.0,0.0,0.0,-0.23287656903266907,10.088459968566895,0.0454254150390625,9.800445556640625,0.25309303402900696,-10.0,-9.880027770996094,14.67492389678955,2.0,2.0,17.789152145385742,0.30357420444488525,0.28977540135383606,0.30357420444488525,0.29744139313697815,0.0,0.30469265580177307,0.30469265580177307,0.30469265580177307,0.30469265580177307,0.0,-0.959823727607727,0.6948122978210449,-10.72630786895752,0.0,0.0,0.0,0.0,0.0,0.0,0.0,0.0,0.0,0.0,0.0,0.0,0.0,0.0,0.0,0.30469274520874023,0.30469274520874023,0.304692804813385,0.30469274520874023,0.33220455050468445,0.04114978387951851,0.04114978387951851,0.39053526520729065,0.4118903577327728,1.074061632156372,1.191715955734253,0.0,0.0,0.0,0.0,0.0,0.0,0.0
75777856498,0,-0.02080148085951805,-0.14620105922222137,-0.12788167595863342,-0.02080148085951805,-0.14620105922222137,-0.8278816938400269,-0.017328975722193718,0.00655400799587369,0.007293109316378832,0.0,0.0,0.0,-0.012481643818318844,-0.019522257149219513,-0.010293465107679367,0.0,0.0,-0.010293466039001942,0.064394012093544,0.05026323348283768,0.02934996411204338,0.09827778488397598,0.15551410615444183,5.098217661725357e-05,0.0,0.0,0.0,-0.23287656903266907,10.088459968566895,0.0454254150390625,9.800445556640625,0.25309303402900696,-10.0,-9.880027770996094,14.67492389678955,2.0,2.0,17.789152145385742,0.30357420444488525,0.28977540135383606,0.30357420444488525,0.29590821266174316,0.0,0.30469265580177307,0.30469265580177307,0.30469265580177307,0.30469265580177307,0.0,-0.959823727607727,0.6948122978210449,-10.72630786895752,0.0,0.0,0.0,0.0,0.0,0.0,0.0,0.0,0.0,0.0,0.0,0.0,0.0,0.0,0.0,0.30469274520874023,0.30469274520874023,0.304692804813385,0.30469274520874023,0.33220455050468445,0.04114978387951851,0.04114978387951851,0.39053526520729065,0.4118903577327728,1.074061632156372,1.191715955734253,0.0,0.0,0.0,0.0,0.0,0.0,0.0
75788742021,0,-0.02080148085951805,-0.14620105922222137,-0.12788167595863342,-0.02080148085951805,-0.14620105922222137,-0.8278816938400269,-0.017328975722193718,0.00655400799587369,0.007293109316378832,0.0,0.0,0.0,-0.012481643818318844,-0.019522257149219513,-0.010293465107679367,0.0,0.0,-0.010293466039001942,0.064394012093544,0.05026323348283768,0.02934996411204338,0.09827778488397598,0.15551410615444183,5.098217661725357e-05,0.0,0.0,0.0,-0.23287656903266907,10.088459968566895,0.0454254150390625,9.800445556640625,0.25309303402900696,-10.0,-9.880027770996094,14.67492389678955,2.0,2.0,17.789152145385742,0.30357420444488525,0.28977540135383606,0.30204102396965027,0.29744139313697815,0.0,0.30469265580177307,0.30469265580177307,0.30469265580177307,0.30469265580177307,0.0,-0.959823727607727,0.6948122978210449,-10.72630786895752,0.0,0.0,0.0,0.0,0.0,0.0,0.0,0.0,0.0,0.0,0.0,0.0,0.0,0.0,0.0,0.30469274520874023,0.30469274520874023,0.304692804813385,0.30469274520874023,0.33220455050468445,0.04114978387951851,0.04114978387951851,0.39053526520729065,0.4118903577327728,1.074061632156372,1.191715955734253,0.0,0.0,0.0,0.0,0.0,0.0,0.0
75798031140,0,-0.02080148085951805,-0.14620105922222137,-0.12788167595863342,-0.02080148085951805,-0.14620105922222137,-0.8278816938400269,-0.017328975722193718,0.00655400799587369,0.007293109316378832,0.0,0.0,0.0,-0.012481643818318844,-0.019522257149219513,-0.010293465107679367,0.0,0.0,-0.010293466039001942,0.064394012093544,0.05026323348283768,0.02934996411204338,0.09827778488397598,0.15551410615444183,5.098217661725357e-05,0.0,0.0,0.0,-0.23287656903266907,10.088459968566895,0.0454254150390625,9.800445556640625,0.25309303402900696,-10.0,-9.880027770996094,14.67492389678955,2.0,2.0,17.789152145385742,0.30357420444488525,0.28977540135383606,0.30357420444488525,0.29744139313697815,0.0,0.30469265580177307,0.30469265580177307,0.30469265580177307,0.30469265580177307,0.0,-0.959823727607727,0.6948122978210449,-10.72630786895752,0.0,0.0,0.0,0.0,0.0,0.0,0.0,0.0,0.0,0.0,0.0,0.0,0.0,0.0,0.0,0.30469274520874023,0.30469274520874023,0.304692804813385,0.30469274520874023,0.33220455050468445,0.04114978387951851,0.04114978387951851,0.39053526520729065,0.4118903577327728,1.074061632156372,1.191715955734253,0.0,0.0,0.0,0.0,0.0,0.0,0.0
75807685674,0,-0.02080148085951805,-0.14620105922222137,-0.12788167595863342,-0.02080148085951805,-0.14620105922222137,-0.8278816938400269,-0.017328975722193718,0.00655400799587369,0.007293109316378832,0.0,0.0,0.0,-0.012481643818318844,-0.019522257149219513,-0.010293465107679367,0.0,0.0,-0.010293466039001942,0.064394012093544,0.05026323348283768,0.02934996411204338,0.09827778488397598,0.15551410615444183,5.098217661725357e-05,0.0,0.0,0.0,-0.23287656903266907,10.088459968566895,0.0454254150390625,9.800445556640625,0.25309303402900696,-10.0,-9.880027770996094,14.67492389678955,2.0,2.0,17.789152145385742,0.30357420444488525,0.28977540135383606,0.30357420444488525,0.29590821266174316,0.0,0.30469265580177307,0.30469265580177307,0.30469265580177307,0.30469265580177307,0.0,-0.959823727607727,0.6948122978210449,-10.72630786895752,0.0,0.0,0.0,0.0,0.0,0.0,0.0,0.0,0.0,0.0,0.0,0.0,0.0,0.0,0.0,0.30469274520874023,0.30469274520874023,0.304692804813385,0.30469274520874023,0.33220455050468445,0.04114978387951851,0.04114978387951851,0.39053526520729065,0.4118903577327728,1.074061632156372,1.191715955734253,0.0,0.0,0.0,0.0,0.0,0.0,0.0
75817763476,0,-0.02080148085951805,-0.14620105922222137,-0.12788167595863342,-0.02080148085951805,-0.14620105922222137,-0.8278816938400269,-0.017328975722193718,0.00655400799587369,0.007293109316378832,0.0,0.0,0.0,-0.012481643818318844,-0.019522257149219513,-0.010293465107679367,0.0,0.0,-0.010293466039001942,0.064394012093544,0.05026323348283768,0.02934996411204338,0.09827778488397598,0.15551410615444183,5.098217661725357e-05,0.0,0.0,0.0,-0.23287656903266907,10.088459968566895,0.0454254150390625,9.800445556640625,0.25309303402900696,-10.0,-9.880027770996094,14.67492389678955,2.0,2.0,17.789152145385742,0.30357420444488525,0.28977540135383606,0.30357420444488525,0.29744139313697815,0.0,0.30469265580177307,0.30469265580177307,0.30469265580177307,0.30469265580177307,0.0,-0.959823727607727,0.6948122978210449,-10.72630786895752,0.0,0.0,0.0,0.0,0.0,0.0,0.0,0.0,0.0,0.0,0.0,0.0,0.0,0.0,0.0,0.30469274520874023,0.30469274520874023,0.304692804813385,0.30469274520874023,0.33220455050468445,0.04114978387951851,0.04114978387951851,0.39053526520729065,0.4118903577327728,1.074061632156372,1.191715955734253,0.0,0.0,0.0,0.0,0.0,0.0,0.0
75827990543,0,-0.02080148085951805,-0.14620105922222137,-0.12788167595863342,-0.02080148085951805,-0.14620105922222137,-0.8278816938400269,-0.017328975722193718,0.00655400799587369,0.007293109316378832,0.0,0.0,0.0,-0.012481643818318844,-0.019522257149219513,-0.010293465107679367,0.0,0.0,-0.010293466039001942,0.064394012093544,0.05026323348283768,0.02934996411204338,0.09827778488397598,0.15551410615444183,5.098217661725357e-05,0.0,0.0,0.0,-0.23287656903266907,10.088459968566895,0.0454254150390625,9.800445556640625,0.25309303402900696,-10.0,-9.880027770996094,14.67492389678955,2.0,2.0,17.789152145385742,0.30357420444488525,0.28977540135383606,0.30357420444488525,0.29590821266174316,0.0,0.30469265580177307,0.30469265580177307,0.30469265580177307,0.30469265580177307,0.0,-0.959823727607727,0.6948122978210449,-10.72630786895752,0.0,0.0,0.0,0.0,0.0,0.0,0.0,0.0,0.0,0.0,0.0,0.0,0.0,0.0,0.0,0.30469274520874023,0.30469274520874023,0.304692804813385,0.30469274520874023,0.33220455050468445,0.04114978387951851,0.04114978387951851,0.39053526520729065,0.4118903577327728,1.074061632156372,1.191715955734253,0.0,0.0,0.0,0.0,0.0,0.0,0.0
75837903953,0,-0.02080148085951805,-0.14620105922222137,-0.12788167595863342,-0.02080148085951805,-0.14620105922222137,-0.8278816938400269,-0.017328975722193718,0.00655400799587369,0.007293109316378832,0.0,0.0,0.0,-0.012481643818318844,-0.019522257149219513,-0.010293465107679367,0.0,0.0,-0.010293466039001942,0.064394012093544,0.05026323348283768,0.02934996411204338,0.09827778488397598,0.15551410615444183,5.098217661725357e-05,0.0,0.0,0.0,-0.23287656903266907,10.088459968566895,0.0454254150390625,9.800445556640625,0.25309303402900696,-10.0,-9.880027770996094,14.67492389678955,2.0,2.0,17.789152145385742,0.30357420444488525,0.28977540135383606,0.30204102396965027,0.29744139313697815,0.0,0.30469265580177307,0.30469265580177307,0.30469265580177307,0.30469265580177307,0.0,-0.959823727607727,0.6948122978210449,-10.72630786895752,0.0,0.0,0.0,0.0,0.0,0.0,0.0,0.0,0.0,0.0,0.0,0.0,0.0,0.0,0.0,0.30469274520874023,0.30469274520874023,0.304692804813385,0.30469274520874023,0.33220455050468445,0.04114978387951851,0.04114978387951851,0.39053526520729065,0.4118903577327728,1.074061632156372,1.191715955734253,0.0,0.0,0.0,0.0,0.0,0.0,0.0
75847855560,0,-0.02080148085951805,-0.14620105922222137,-0.12788167595863342,-0.02080148085951805,-0.14620105922222137,-0.8278816938400269,-0.017328975722193718,0.00655400799587369,0.007293109316378832,0.0,0.0,0.0,-0.012481643818318844,-0.019522257149219513,-0.010293465107679367,0.0,0.0,-0.010293466039001942,0.064394012093544,0.05026323348283768,0.02934996411204338,0.09827778488397598,0.15551410615444183,5.098217661725357e-05,0.0,0.0,0.0,-0.23287656903266907,10.088459968566895,0.0454254150390625,9.800445556640625,0.25309303402900696,-10.0,-9.880027770996094,14.67492389678955,2.0,2.0,17.789152145385742,0.30357420444488525,0.28977540135383606,0.30357420444488525,0.29744139313697815,0.0,0.30469265580177307,0.30469265580177307,0.30469265580177307,0.30469265580177307,0.0,-0.959823727607727,0.6948122978210449,-10.72630786895752,0.0,0.0,0.0,0.0,0.0,0.0,0.0,0.0,0.0,0.0,0.0,0.0,0.0,0.0,0.0,0.30469274520874023,0.30469274520874023,0.304692804813385,0.30469274520874023,0.33220455050468445,0.04114978387951851,0.04114978387951851,0.39053526520729065,0.4118903577327728,1.074061632156372,1.191715955734253,0.0,0.0,0.0,0.0,0.0,0.0,0.0
75857818344,0,-0.02080148085951805,-0.14620105922222137,-0.12788167595863342,-0.02080148085951805,-0.14620105922222137,-0.8278816938400269,-0.017328975722193718,0.00655400799587369,0.007293109316378832,0.0,0.0,0.0,-0.012481643818318844,-0.019522257149219513,-0.010293465107679367,0.0,0.0,-0.010293466039001942,0.064394012093544,0.05026323348283768,0.02934996411204338,0.09827778488397598,0.15551410615444183,5.098217661725357e-05,0.0,0.0,0.0,-0.23287656903266907,10.088459968566895,0.0454254150390625,9.800445556640625,0.25309303402900696,-10.0,-9.880027770996094,14.67492389678955,2.0,2.0,17.789152145385742,0.30357420444488525,0.28977540135383606,0.30357420444488525,0.29590821266174316,0.0,0.30469265580177307,0.30469265580177307,0.30469265580177307,0.30469265580177307,0.0,-0.959823727607727,0.6948122978210449,-10.72630786895752,0.0,0.0,0.0,0.0,0.0,0.0,0.0,0.0,0.0,0.0,0.0,0.0,0.0,0.0,0.0,0.30469274520874023,0.30469274520874023,0.304692804813385,0.30469274520874023,0.33220455050468445,0.04114978387951851,0.04114978387951851,0.39053526520729065,0.4118903577327728,1.074061632156372,1.191715955734253,0.0,0.0,0.0,0.0,0.0,0.0,0.0
75868259059,0,-0.02080148085951805,-0.14620105922222137,-0.12788167595863342,-0.02080148085951805,-0.14620105922222137,-0.8278816938400269,-0.017328975722193718,0.00655400799587369,0.007293109316378832,0.0,0.0,0.0,-0.012481643818318844,-0.019522257149219513,-0.010293465107679367,0.0,0.0,-0.010293466039001942,0.064394012093544,0.05026323348283768,0.02934996411204338,0.09827778488397598,0.15551410615444183,5.098217661725357e-05,0.0,0.0,0.0,-0.23287656903266907,10.088459968566895,0.0454254150390625,9.800445556640625,0.25309303402900696,-10.0,-9.880027770996094,14.67492389678955,2.0,2.0,17.789152145385742,0.30357420444488525,0.28977540135383606,0.30357420444488525,0.29744139313697815,0.0,0.30469265580177307,0.30469265580177307,0.30469265580177307,0.30469265580177307,0.0,-0.959823727607727,0.6948122978210449,-10.72630786895752,0.0,0.0,0.0,0.0,0.0,0.0,0.0,0.0,0.0,0.0,0.0,0.0,0.0,0.0,0.0,0.30469274520874023,0.30469274520874023,0.304692804813385,0.30469274520874023,0.33220455050468445,0.04114978387951851,0.04114978387951851,0.39053526520729065,0.4118903577327728,1.074061632156372,1.191715955734253,0.0,0.0,0.0,0.0,0.0,0.0,0.0
75878250291,0,-0.02080148085951805,-0.14620105922222137,-0.12788167595863342,-0.02080148085951805,-0.14620105922222137,-0.8278816938400269,-0.017328975722193718,0.00655400799587369,0.007293109316378832,0.0,0.0,0.0,-0.012481643818318844,-0.019522257149219513,-0.010293465107679367,0.0,0.0,-0.010293466039001942,0.064394012093544,0.05026323348283768,0.02934996411204338,0.09827778488397598,0.15551410615444183,5.098217661725357e-05,0.0,0.0,0.0,-0.23287656903266907,10.088459968566895,0.0454254150390625,9.800445556640625,0.25309303402900696,-10.0,-9.880027770996094,14.67492389678955,2.0,2.0,17.789152145385742,0.30357420444488525,0.28977540135383606,0.30357420444488525,0.29744139313697815,0.0,0.30469265580177307,0.30469265580177307,0.30469265580177307,0.30469265580177307,0.0,-0.959823727607727,0.6948122978210449,-10.72630786895752,0.0,0.0,0.0,0.0,0.0,0.0,0.0,0.0,0.0,0.0,0.0,0.0,0.0,0.0,0.0,0.30469274520874023,0.30469274520874023,0.304692804813385,0.30469274520874023,0.33220455050468445,0.04114978387951851,0.04114978387951851,0.39053526520729065,0.4118903577327728,1.074061632156372,1.191715955734253,0.0,0.0,0.0,0.0,0.0,0.0,0.0
75891840109,0,-0.02080148085951805,-0.14620105922222137,-0.12788167595863342,-0.02080148085951805,-0.14620105922222137,-0.8278816938400269,-0.017328975722193718,0.00655400799587369,0.007293109316378832,0.0,0.0,0.0,-0.012481643818318844,-0.019522257149219513,-0.010293465107679367,0.0,0.0,-0.010293466039001942,0.064394012093544,0.05026323348283768,0.02934996411204338,0.09827778488397598,0.15551410615444183,5.098217661725357e-05,0.0,0.0,0.0,-0.23287656903266907,10.088459968566895,0.0454254150390625,9.800445556640625,0.25309303402900696,-10.0,-9.880027770996094,14.67492389678955,2.0,2.0,17.789152145385742,0.30357420444488525,0.28977540135383606,0.30357420444488525,0.29744139313697815,0.0,0.30469265580177307,0.30469265580177307,0.30469265580177307,0.30469265580177307,0.0,-0.959823727607727,0.6948122978210449,-10.72630786895752,0.0,0.0,0.0,0.0,0.0,0.0,0.0,0.0,0.0,0.0,0.0,0.0,0.0,0.0,0.0,0.30469274520874023,0.30469274520874023,0.304692804813385,0.30469274520874023,0.33220455050468445,0.04114978387951851,0.04114978387951851,0.39053526520729065,0.4118903577327728,1.074061632156372,1.191715955734253,0.0,0.0,0.0,0.0,0.0,0.0,0.0
75898489755,0,-0.02080148085951805,-0.14620105922222137,-0.12788167595863342,-0.02080148085951805,-0.14620105922222137,-0.8278816938400269,-0.017328975722193718,0.00655400799587369,0.007293109316378832,0.0,0.0,0.0,-0.012481643818318844,-0.019522257149219513,-0.010293465107679367,0.0,0.0,-0.010293466039001942,0.064394012093544,0.05026323348283768,0.02934996411204338,0.09827778488397598,0.15551410615444183,5.098217661725357e-05,0.0,0.0,0.0,-0.23287656903266907,10.088459968566895,0.0454254150390625,9.800445556640625,0.25309303402900696,-10.0,-9.880027770996094,14.67492389678955,2.0,2.0,17.789152145385742,0.30357420444488525,0.28977540135383606,0.30357420444488525,0.29744139313697815,0.0,0.30469265580177307,0.30469265580177307,0.30469265580177307,0.30469265580177307,0.0,-0.959823727607727,0.6948122978210449,-10.72630786895752,0.0,0.0,0.0,0.0,0.0,0.0,0.0,0.0,0.0,0.0,0.0,0.0,0.0,0.0,0.0,0.30469274520874023,0.30469274520874023,0.304692804813385,0.30469274520874023,0.33220455050468445,0.04114978387951851,0.04114978387951851,0.39053526520729065,0.4118903577327728,1.074061632156372,1.191715955734253,0.0,0.0,0.0,0.0,0.0,0.0,0.0
75908002901,0,-0.02080148085951805,-0.14620105922222137,-0.12788167595863342,-0.02080148085951805,-0.14620105922222137,-0.8278816938400269,-0.017328975722193718,0.00655400799587369,0.007293109316378832,0.0,0.0,0.0,-0.012481643818318844,-0.019522257149219513,-0.010293465107679367,0.0,0.0,-0.010293466039001942,0.064394012093544,0.05026323348283768,0.02934996411204338,0.09827778488397598,0.15551410615444183,5.098217661725357e-05,0.0,0.0,0.0,-0.23287656903266907,10.088459968566895,0.0454254150390625,9.800445556640625,0.25309303402900696,-10.0,-9.880027770996094,14.67492389678955,2.0,2.0,17.789152145385742,0.30357420444488525,0.28977540135383606,0.30357420444488525,0.29744139313697815,0.0,0.30469265580177307,0.30469265580177307,0.30469265580177307,0.30469265580177307,0.0,-0.959823727607727,0.6948122978210449,-10.72630786895752,0.0,0.0,0.0,0.0,0.0,0.0,0.0,0.0,0.0,0.0,0.0,0.0,0.0,0.0,0.0,0.30469274520874023,0.30469274520874023,0.304692804813385,0.30469274520874023,0.33220455050468445,0.04114978387951851,0.04114978387951851,0.39053526520729065,0.4118903577327728,1.074061632156372,1.191715955734253,0.0,0.0,0.0,0.0,0.0,0.0,0.0
75917967215,0,-0.02080148085951805,-0.14620105922222137,-0.12788167595863342,-0.02080148085951805,-0.14620105922222137,-0.8278816938400269,-0.017328975722193718,0.00655400799587369,0.007293109316378832,0.0,0.0,0.0,-0.012481643818318844,-0.019522257149219513,-0.010293465107679367,0.0,0.0,-0.010293466039001942,0.064394012093544,0.05026323348283768,0.02934996411204338,0.09827778488397598,0.15551410615444183,5.098217661725357e-05,0.0,0.0,0.0,-0.23287656903266907,10.088459968566895,0.0454254150390625,9.800445556640625,0.25309303402900696,-10.0,-9.880027770996094,14.67492389678955,2.0,2.0,17.789152145385742,0.30357420444488525,0.28977540135383606,0.30357420444488525,0.29590821266174316,0.0,0.30469265580177307,0.30469265580177307,0.30469265580177307,0.30469265580177307,0.0,-0.959823727607727,0.6948122978210449,-10.72630786895752,0.0,0.0,0.0,0.0,0.0,0.0,0.0,0.0,0.0,0.0,0.0,0.0,0.0,0.0,0.0,0.30469274520874023,0.30469274520874023,0.304692804813385,0.30469274520874023,0.33220455050468445,0.04114978387951851,0.04114978387951851,0.39053526520729065,0.4118903577327728,1.074061632156372,1.191715955734253,0.0,0.0,0.0,0.0,0.0,0.0,0.0
75927836393,0,-0.02080148085951805,-0.14620105922222137,-0.12788167595863342,-0.02080148085951805,-0.14620105922222137,-0.8278816938400269,-0.017328975722193718,0.00655400799587369,0.007293109316378832,0.0,0.0,0.0,-0.012481643818318844,-0.019522257149219513,-0.010293465107679367,0.0,0.0,-0.010293466039001942,0.064394012093544,0.05026323348283768,0.02934996411204338,0.09827778488397598,0.15551410615444183,5.098217661725357e-05,0.0,0.0,0.0,-0.23287656903266907,10.088459968566895,0.0454254150390625,9.800445556640625,0.25309303402900696,-10.0,-9.880027770996094,14.67492389678955,2.0,2.0,17.789152145385742,0.30357420444488525,0.28977540135383606,0.30357420444488525,0.29744139313697815,0.0,0.30469265580177307,0.30469265580177307,0.30469265580177307,0.30469265580177307,0.0,-0.959823727607727,0.6948122978210449,-10.72630786895752,0.0,0.0,0.0,0.0,0.0,0.0,0.0,0.0,0.0,0.0,0.0,0.0,0.0,0.0,0.0,0.30469274520874023,0.30469274520874023,0.304692804813385,0.30469274520874023,0.33220455050468445,0.04114978387951851,0.04114978387951851,0.39053526520729065,0.4118903577327728,1.074061632156372,1.191715955734253,0.0,0.0,0.0,0.0,0.0,0.0,0.0
75937610969,0,-0.02080148085951805,-0.14620105922222137,-0.12788167595863342,-0.02080148085951805,-0.14620105922222137,-0.8278816938400269,-0.017328975722193718,0.00655400799587369,0.007293109316378832,0.0,0.0,0.0,-0.012481643818318844,-0.019522257149219513,-0.010293465107679367,0.0,0.0,-0.010293466039001942,0.064394012093544,0.05026323348283768,0.02934996411204338,0.09827778488397598,0.15551410615444183,5.098217661725357e-05,0.0,0.0,0.0,-0.23287656903266907,10.088459968566895,0.0454254150390625,9.800445556640625,0.25309303402900696,-10.0,-9.880027770996094,14.67492389678955,2.0,2.0,17.789152145385742,0.30357420444488525,0.28977540135383606,0.30357420444488525,0.29590821266174316,0.0,0.30469265580177307,0.30469265580177307,0.30469265580177307,0.30469265580177307,0.0,-0.959823727607727,0.6948122978210449,-10.72630786895752,0.0,0.0,0.0,0.0,0.0,0.0,0.0,0.0,0.0,0.0,0.0,0.0,0.0,0.0,0.0,0.30469274520874023,0.30469274520874023,0.304692804813385,0.30469274520874023,0.33220455050468445,0.04114978387951851,0.04114978387951851,0.39053526520729065,0.4118903577327728,1.074061632156372,1.191715955734253,0.0,0.0,0.0,0.0,0.0,0.0,0.0
75947708209,0,-0.02080148085951805,-0.14620105922222137,-0.12788167595863342,-0.02080148085951805,-0.14620105922222137,-0.8278816938400269,-0.017328975722193718,0.00655400799587369,0.007293109316378832,0.0,0.0,0.0,-0.012481643818318844,-0.019522257149219513,-0.010293465107679367,0.0,0.0,-0.010293466039001942,0.064394012093544,0.05026323348283768,0.02934996411204338,0.09827778488397598,0.15551410615444183,5.098217661725357e-05,0.0,0.0,0.0,-0.23287656903266907,10.088459968566895,0.0454254150390625,9.800445556640625,0.25309303402900696,-10.0,-9.880027770996094,14.67492389678955,2.0,2.0,17.789152145385742,0.30357420444488525,0.28977540135383606,0.30357420444488525,0.29590821266174316,0.0,0.30469265580177307,0.30469265580177307,0.30469265580177307,0.30469265580177307,0.0,-0.959823727607727,0.6948122978210449,-10.72630786895752,0.0,0.0,0.0,0.0,0.0,0.0,0.0,0.0,0.0,0.0,0.0,0.0,0.0,0.0,0.0,0.30469274520874023,0.30469274520874023,0.304692804813385,0.30469274520874023,0.33220455050468445,0.04114978387951851,0.04114978387951851,0.39053526520729065,0.4118903577327728,1.074061632156372,1.191715955734253,0.0,0.0,0.0,0.0,0.0,0.0,0.0
75957973585,0,-0.02080148085951805,-0.14620105922222137,-0.12788167595863342,-0.02080148085951805,-0.14620105922222137,-0.8278816938400269,-0.017328975722193718,0.00655400799587369,0.007293109316378832,0.0,0.0,0.0,-0.012481643818318844,-0.019522257149219513,-0.010293465107679367,0.0,0.0,-0.010293466039001942,0.064394012093544,0.05026323348283768,0.02934996411204338,0.09827778488397598,0.15551410615444183,5.098217661725357e-05,0.0,0.0,0.0,-0.23287656903266907,10.088459968566895,0.0454254150390625,9.800445556640625,0.25309303402900696,-10.0,-9.880027770996094,14.67492389678955,2.0,2.0,17.789152145385742,0.30357420444488525,0.28977540135383606,0.30357420444488525,0.29744139313697815,0.0,0.30469265580177307,0.30469265580177307,0.30469265580177307,0.30469265580177307,0.0,-0.959823727607727,0.6948122978210449,-10.72630786895752,0.0,0.0,0.0,0.0,0.0,0.0,0.0,0.0,0.0,0.0,0.0,0.0,0.0,0.0,0.0,0.30469274520874023,0.30469274520874023,0.304692804813385,0.30469274520874023,0.33220455050468445,0.04114978387951851,0.04114978387951851,0.39053526520729065,0.4118903577327728,1.074061632156372,1.191715955734253,0.0,0.0,0.0,0.0,0.0,0.0,0.0
75970851114,0,-0.02080148085951805,-0.14620105922222137,-0.12788167595863342,-0.02080148085951805,-0.14620105922222137,-0.8278816938400269,-0.017328975722193718,0.00655400799587369,0.007293109316378832,0.0,0.0,0.0,-0.012481643818318844,-0.019522257149219513,-0.010293465107679367,0.0,0.0,-0.010293466039001942,0.064394012093544,0.05026323348283768,0.02934996411204338,0.09827778488397598,0.15551410615444183,5.098217661725357e-05,0.0,0.0,0.0,-0.23287656903266907,10.088459968566895,0.0454254150390625,9.800445556640625,0.25309303402900696,-10.0,-9.880027770996094,14.67492389678955,2.0,2.0,17.789152145385742,0.30357420444488525,0.28977540135383606,0.30357420444488525,0.29744139313697815,0.0,0.30469265580177307,0.30469265580177307,0.30469265580177307,0.30469265580177307,0.0,-0.959823727607727,0.6948122978210449,-10.72630786895752,0.0,0.0,0.0,0.0,0.0,0.0,0.0,0.0,0.0,0.0,0.0,0.0,0.0,0.0,0.0,0.30469274520874023,0.30469274520874023,0.304692804813385,0.30469274520874023,0.33220455050468445,0.04114978387951851,0.04114978387951851,0.39053526520729065,0.4118903577327728,1.074061632156372,1.191715955734253,0.0,0.0,0.0,0.0,0.0,0.0,0.0
75978013068,0,-0.02080148085951805,-0.14620105922222137,-0.12788167595863342,-0.02080148085951805,-0.14620105922222137,-0.8278816938400269,-0.017328975722193718,0.00655400799587369,0.007293109316378832,0.0,0.0,0.0,-0.012481643818318844,-0.019522257149219513,-0.010293465107679367,0.0,0.0,-0.010293466039001942,0.064394012093544,0.05026323348283768,0.02934996411204338,0.09827778488397598,0.15551410615444183,5.098217661725357e-05,0.0,0.0,0.0,-0.23287656903266907,10.088459968566895,0.0454254150390625,9.800445556640625,0.25309303402900696,-10.0,-9.880027770996094,14.67492389678955,2.0,2.0,17.789152145385742,0.30357420444488525,0.28977540135383606,0.30357420444488525,0.29590821266174316,0.0,0.30469265580177307,0.30469265580177307,0.30469265580177307,0.30469265580177307,0.0,-0.959823727607727,0.6948122978210449,-10.72630786895752,0.0,0.0,0.0,0.0,0.0,0.0,0.0,0.0,0.0,0.0,0.0,0.0,0.0,0.0,0.0,0.30469274520874023,0.30469274520874023,0.304692804813385,0.30469274520874023,0.33220455050468445,0.04114978387951851,0.04114978387951851,0.39053526520729065,0.4118903577327728,1.074061632156372,1.191715955734253,0.0,0.0,0.0,0.0,0.0,0.0,0.0
75988122883,0,-0.02080148085951805,-0.14620105922222137,-0.12788167595863342,-0.02080148085951805,-0.14620105922222137,-0.8278816938400269,-0.017328975722193718,0.00655400799587369,0.007293109316378832,0.0,0.0,0.0,-0.012481643818318844,-0.019522257149219513,-0.010293465107679367,0.0,0.0,-0.010293466039001942,0.064394012093544,0.05026323348283768,0.02934996411204338,0.09827778488397598,0.15551410615444183,5.098217661725357e-05,0.0,0.0,0.0,-0.23287656903266907,10.088459968566895,0.0454254150390625,9.800445556640625,0.25309303402900696,-10.0,-9.880027770996094,14.67492389678955,2.0,2.0,17.789152145385742,0.30357420444488525,0.28977540135383606,0.30357420444488525,0.29744139313697815,0.0,0.30469265580177307,0.30469265580177307,0.30469265580177307,0.30469265580177307,0.0,-0.959823727607727,0.6948122978210449,-10.72630786895752,0.0,0.0,0.0,0.0,0.0,0.0,0.0,0.0,0.0,0.0,0.0,0.0,0.0,0.0,0.0,0.30469274520874023,0.30469274520874023,0.304692804813385,0.30469274520874023,0.33220455050468445,0.04114978387951851,0.04114978387951851,0.39053526520729065,0.4118903577327728,1.074061632156372,1.191715955734253,0.0,0.0,0.0,0.0,0.0,0.0,0.0
76000515293,0,-0.02080148085951805,-0.14620105922222137,-0.12788167595863342,-0.02080148085951805,-0.14620105922222137,-0.8278816938400269,-0.017328975722193718,0.00655400799587369,0.007293109316378832,0.0,0.0,0.0,-0.012481643818318844,-0.019522257149219513,-0.010293465107679367,0.0,0.0,-0.010293466039001942,0.064394012093544,0.05026323348283768,0.02934996411204338,0.09827778488397598,0.15551410615444183,5.098217661725357e-05,0.0,0.0,0.0,-0.23287656903266907,10.088459968566895,0.0454254150390625,9.800445556640625,0.25309303402900696,-10.0,-9.880027770996094,14.67492389678955,2.0,2.0,17.789152145385742,0.30357420444488525,0.28977540135383606,0.30357420444488525,0.29744139313697815,0.0,0.30469265580177307,0.30469265580177307,0.30469265580177307,0.30469265580177307,0.0,-0.959823727607727,0.6948122978210449,-10.72630786895752,0.0,0.0,0.0,0.0,0.0,0.0,0.0,0.0,0.0,0.0,0.0,0.0,0.0,0.0,0.0,0.30469274520874023,0.30469274520874023,0.304692804813385,0.30469274520874023,0.33220455050468445,0.04114978387951851,0.04114978387951851,0.39053526520729065,0.4118903577327728,1.074061632156372,1.191715955734253,0.0,0.0,0.0,0.0,0.0,0.0,0.0
76007953374,0,-0.02080148085951805,-0.14620105922222137,-0.12788167595863342,-0.02080148085951805,-0.14620105922222137,-0.8278816938400269,-0.017328975722193718,0.00655400799587369,0.007293109316378832,0.0,0.0,0.0,-0.012481643818318844,-0.019522257149219513,-0.010293465107679367,0.0,0.0,-0.010293466039001942,0.064394012093544,0.05026323348283768,0.02934996411204338,0.09827778488397598,0.15551410615444183,5.098217661725357e-05,0.0,0.0,0.0,-0.23287656903266907,10.088459968566895,0.0454254150390625,9.800445556640625,0.25309303402900696,-10.0,-9.880027770996094,14.67492389678955,2.0,2.0,17.789152145385742,0.30357420444488525,0.28977540135383606,0.30357420444488525,0.29744139313697815,0.0,0.30469265580177307,0.30469265580177307,0.30469265580177307,0.30469265580177307,0.0,-0.959823727607727,0.6948122978210449,-10.72630786895752,0.0,0.0,0.0,0.0,0.0,0.0,0.0,0.0,0.0,0.0,0.0,0.0,0.0,0.0,0.0,0.30469274520874023,0.30469274520874023,0.304692804813385,0.30469274520874023,0.33220455050468445,0.04114978387951851,0.04114978387951851,0.39053526520729065,0.4118903577327728,1.074061632156372,1.191715955734253,0.0,0.0,0.0,0.0,0.0,0.0,0.0
76017769930,0,-0.02080148085951805,-0.14620105922222137,-0.12788167595863342,-0.02080148085951805,-0.14620105922222137,-0.8278816938400269,-0.017328975722193718,0.00655400799587369,0.007293109316378832,0.0,0.0,0.0,-0.012481643818318844,-0.019522257149219513,-0.010293465107679367,0.0,0.0,-0.010293466039001942,0.064394012093544,0.05026323348283768,0.02934996411204338,0.09827778488397598,0.15551410615444183,5.098217661725357e-05,0.0,0.0,0.0,-0.23287656903266907,10.088459968566895,0.0454254150390625,9.800445556640625,0.25309303402900696,-10.0,-9.880027770996094,14.67492389678955,2.0,2.0,17.789152145385742,0.30357420444488525,0.28977540135383606,0.30357420444488525,0.29744139313697815,0.0,0.30469265580177307,0.30469265580177307,0.30469265580177307,0.30469265580177307,0.0,-0.959823727607727,0.6948122978210449,-10.72630786895752,0.0,0.0,0.0,0.0,0.0,0.0,0.0,0.0,0.0,0.0,0.0,0.0,0.0,0.0,0.0,0.30469274520874023,0.30469274520874023,0.304692804813385,0.30469274520874023,0.33220455050468445,0.04114978387951851,0.04114978387951851,0.39053526520729065,0.4118903577327728,1.074061632156372,1.191715955734253,0.0,0.0,0.0,0.0,0.0,0.0,0.0
76029264203,0,-0.02080148085951805,-0.14620105922222137,-0.12788167595863342,-0.02080148085951805,-0.14620105922222137,-0.8278816938400269,-0.017328975722193718,0.00655400799587369,0.007293109316378832,0.0,0.0,0.0,-0.012481643818318844,-0.019522257149219513,-0.010293465107679367,0.0,0.0,-0.010293466039001942,0.064394012093544,0.05026323348283768,0.02934996411204338,0.09827778488397598,0.15551410615444183,5.098217661725357e-05,0.0,0.0,0.0,-0.23287656903266907,10.088459968566895,0.0454254150390625,9.800445556640625,0.25309303402900696,-10.0,-9.880027770996094,14.67492389678955,2.0,2.0,17.789152145385742,0.30357420444488525,0.28977540135383606,0.30357420444488525,0.29744139313697815,0.0,0.30469265580177307,0.30469265580177307,0.30469265580177307,0.30469265580177307,0.0,-0.959823727607727,0.6948122978210449,-10.72630786895752,0.0,0.0,0.0,0.0,0.0,0.0,0.0,0.0,0.0,0.0,0.0,0.0,0.0,0.0,0.0,0.30469274520874023,0.30469274520874023,0.304692804813385,0.30469274520874023,0.33220455050468445,0.04114978387951851,0.04114978387951851,0.39053526520729065,0.4118903577327728,1.074061632156372,1.191715955734253,0.0,0.0,0.0,0.0,0.0,0.0,0.0
76037877331,0,-0.02080148085951805,-0.14620105922222137,-0.12788167595863342,-0.02080148085951805,-0.14620105922222137,-0.8278816938400269,-0.017328975722193718,0.00655400799587369,0.007293109316378832,0.0,0.0,0.0,-0.012481643818318844,-0.019522257149219513,-0.010293465107679367,0.0,0.0,-0.010293466039001942,0.064394012093544,0.05026323348283768,0.02934996411204338,0.09827778488397598,0.15551410615444183,5.098217661725357e-05,0.0,0.0,0.0,-0.23287656903266907,10.088459968566895,0.0454254150390625,9.800445556640625,0.25309303402900696,-10.0,-9.880027770996094,14.67492389678955,2.0,2.0,17.789152145385742,0.30357420444488525,0.28977540135383606,0.30357420444488525,0.29744139313697815,0.0,0.30469265580177307,0.30469265580177307,0.30469265580177307,0.30469265580177307,0.0,-0.959823727607727,0.6948122978210449,-10.72630786895752,0.0,0.0,0.0,0.0,0.0,0.0,0.0,0.0,0.0,0.0,0.0,0.0,0.0,0.0,0.0,0.30469274520874023,0.30469274520874023,0.304692804813385,0.30469274520874023,0.33220455050468445,0.04114978387951851,0.04114978387951851,0.39053526520729065,0.4118903577327728,1.074061632156372,1.191715955734253,0.0,0.0,0.0,0.0,0.0,0.0,0.0
76048415899,0,-0.02080148085951805,-0.14620105922222137,-0.12788167595863342,-0.02080148085951805,-0.14620105922222137,-0.8278816938400269,-0.017328975722193718,0.00655400799587369,0.007293109316378832,0.0,0.0,0.0,-0.012481643818318844,-0.019522257149219513,-0.010293465107679367,0.0,0.0,-0.010293466039001942,0.064394012093544,0.05026323348283768,0.02934996411204338,0.09827778488397598,0.15551410615444183,5.098217661725357e-05,0.0,0.0,0.0,-0.23287656903266907,10.088459968566895,0.0454254150390625,9.800445556640625,0.25309303402900696,-10.0,-9.880027770996094,14.67492389678955,2.0,2.0,17.789152145385742,0.30357420444488525,0.28977540135383606,0.30357420444488525,0.29590821266174316,0.0,0.30469265580177307,0.30469265580177307,0.30469265580177307,0.30469265580177307,0.0,-0.959823727607727,0.6948122978210449,-10.72630786895752,0.0,0.0,0.0,0.0,0.0,0.0,0.0,0.0,0.0,0.0,0.0,0.0,0.0,0.0,0.0,0.30469274520874023,0.30469274520874023,0.304692804813385,0.30469274520874023,0.33220455050468445,0.04114978387951851,0.04114978387951851,0.39053526520729065,0.4118903577327728,1.074061632156372,1.191715955734253,0.0,0.0,0.0,0.0,0.0,0.0,0.0
76057635826,0,-0.02080148085951805,-0.14620105922222137,-0.12788167595863342,-0.02080148085951805,-0.14620105922222137,-0.8278816938400269,-0.017328975722193718,0.00655400799587369,0.007293109316378832,0.0,0.0,0.0,-0.012481643818318844,-0.019522257149219513,-0.010293465107679367,0.0,0.0,-0.010293466039001942,0.064394012093544,0.05026323348283768,0.02934996411204338,0.09827778488397598,0.15551410615444183,5.098217661725357e-05,0.0,0.0,0.0,-0.23287656903266907,10.088459968566895,0.0454254150390625,9.800445556640625,0.25309303402900696,-10.0,-9.880027770996094,14.67492389678955,2.0,2.0,17.789152145385742,0.30357420444488525,0.28977540135383606,0.30357420444488525,0.29744139313697815,0.0,0.30469265580177307,0.30469265580177307,0.30469265580177307,0.30469265580177307,0.0,-0.959823727607727,0.6948122978210449,-10.72630786895752,0.0,0.0,0.0,0.0,0.0,0.0,0.0,0.0,0.0,0.0,0.0,0.0,0.0,0.0,0.0,0.30469274520874023,0.30469274520874023,0.304692804813385,0.30469274520874023,0.33220455050468445,0.04114978387951851,0.04114978387951851,0.39053526520729065,0.4118903577327728,1.074061632156372,1.191715955734253,0.0,0.0,0.0,0.0,0.0,0.0,0.0
76068142425,0,-0.02080148085951805,-0.14620105922222137,-0.12788167595863342,-0.02080148085951805,-0.14620105922222137,-0.8278816938400269,-0.017328975722193718,0.00655400799587369,0.007293109316378832,0.0,0.0,0.0,-0.012481643818318844,-0.019522257149219513,-0.010293465107679367,0.0,0.0,-0.010293466039001942,0.064394012093544,0.05026323348283768,0.02934996411204338,0.09827778488397598,0.15551410615444183,5.098217661725357e-05,0.0,0.0,0.0,-0.23287656903266907,10.088459968566895,0.0454254150390625,9.800445556640625,0.25309303402900696,-10.0,-9.880027770996094,14.67492389678955,2.0,2.0,17.789152145385742,0.30357420444488525,0.28977540135383606,0.30357420444488525,0.29744139313697815,0.0,0.30469265580177307,0.30469265580177307,0.30469265580177307,0.30469265580177307,0.0,-0.959823727607727,0.6948122978210449,-10.72630786895752,0.0,0.0,0.0,0.0,0.0,0.0,0.0,0.0,0.0,0.0,0.0,0.0,0.0,0.0,0.0,0.30469274520874023,0.30469274520874023,0.304692804813385,0.30469274520874023,0.33220455050468445,0.04114978387951851,0.04114978387951851,0.39053526520729065,0.4118903577327728,1.074061632156372,1.191715955734253,0.0,0.0,0.0,0.0,0.0,0.0,0.0
76077761918,0,-0.02080148085951805,-0.14620105922222137,-0.12788167595863342,-0.02080148085951805,-0.14620105922222137,-0.8278816938400269,-0.017328975722193718,0.00655400799587369,0.007293109316378832,0.0,0.0,0.0,-0.012481643818318844,-0.019522257149219513,-0.010293465107679367,0.0,0.0,-0.010293466039001942,0.064394012093544,0.05026323348283768,0.02934996411204338,0.09827778488397598,0.15551410615444183,5.098217661725357e-05,0.0,0.0,0.0,-0.23287656903266907,10.088459968566895,0.0454254150390625,9.800445556640625,0.25309303402900696,-10.0,-9.880027770996094,14.67492389678955,2.0,2.0,17.789152145385742,0.30357420444488525,0.28977540135383606,0.30357420444488525,0.29590821266174316,0.0,0.30469265580177307,0.30469265580177307,0.30469265580177307,0.30469265580177307,0.0,-0.959823727607727,0.6948122978210449,-10.72630786895752,0.0,0.0,0.0,0.0,0.0,0.0,0.0,0.0,0.0,0.0,0.0,0.0,0.0,0.0,0.0,0.30469274520874023,0.30469274520874023,0.304692804813385,0.30469274520874023,0.33220455050468445,0.04114978387951851,0.04114978387951851,0.39053526520729065,0.4118903577327728,1.074061632156372,1.191715955734253,0.0,0.0,0.0,0.0,0.0,0.0,0.0
76088109871,0,-0.02080148085951805,-0.14620105922222137,-0.12788167595863342,-0.02080148085951805,-0.14620105922222137,-0.8278816938400269,-0.017328975722193718,0.00655400799587369,0.007293109316378832,0.0,0.0,0.0,-0.012481643818318844,-0.019522257149219513,-0.010293465107679367,0.0,0.0,-0.010293466039001942,0.064394012093544,0.05026323348283768,0.02934996411204338,0.09827778488397598,0.15551410615444183,5.098217661725357e-05,0.0,0.0,0.0,-0.23287656903266907,10.088459968566895,0.0454254150390625,9.800445556640625,0.25309303402900696,-10.0,-9.880027770996094,14.67492389678955,2.0,2.0,17.789152145385742,0.30357420444488525,0.28977540135383606,0.30357420444488525,0.29744139313697815,0.0,0.30469265580177307,0.30469265580177307,0.30469265580177307,0.30469265580177307,0.0,-0.959823727607727,0.6948122978210449,-10.72630786895752,0.0,0.0,0.0,0.0,0.0,0.0,0.0,0.0,0.0,0.0,0.0,0.0,0.0,0.0,0.0,0.30469274520874023,0.30469274520874023,0.304692804813385,0.30469274520874023,0.33220455050468445,0.04114978387951851,0.04114978387951851,0.39053526520729065,0.4118903577327728,1.074061632156372,1.191715955734253,0.0,0.0,0.0,0.0,0.0,0.0,0.0
76101844824,0,-0.02080148085951805,-0.14620105922222137,-0.12788167595863342,-0.02080148085951805,-0.14620105922222137,-0.8278816938400269,-0.017328975722193718,0.00655400799587369,0.007293109316378832,0.0,0.0,0.0,-0.012481643818318844,-0.019522257149219513,-0.010293465107679367,0.0,0.0,-0.010293466039001942,0.064394012093544,0.05026323348283768,0.02934996411204338,0.09827778488397598,0.15551410615444183,5.098217661725357e-05,0.0,0.0,0.0,-0.23287656903266907,10.088459968566895,0.0454254150390625,9.800445556640625,0.25309303402900696,-10.0,-9.880027770996094,14.67492389678955,2.0,2.0,17.789152145385742,0.30357420444488525,0.28977540135383606,0.30357420444488525,0.29744139313697815,0.0,0.30469265580177307,0.30469265580177307,0.30469265580177307,0.30469265580177307,0.0,-0.959823727607727,0.6948122978210449,-10.72630786895752,0.0,0.0,0.0,0.0,0.0,0.0,0.0,0.0,0.0,0.0,0.0,0.0,0.0,0.0,0.0,0.30469274520874023,0.30469274520874023,0.304692804813385,0.30469274520874023,0.33220455050468445,0.04114978387951851,0.04114978387951851,0.39053526520729065,0.4118903577327728,1.074061632156372,1.191715955734253,0.0,0.0,0.0,0.0,0.0,0.0,0.0
76113744832,0,-0.02080148085951805,-0.14620105922222137,-0.12788167595863342,-0.02080148085951805,-0.14620105922222137,-0.8278816938400269,-0.017328975722193718,0.00655400799587369,0.007293109316378832,0.0,0.0,0.0,-0.012481643818318844,-0.019522257149219513,-0.010293465107679367,0.0,0.0,-0.010293466039001942,0.064394012093544,0.05026323348283768,0.02934996411204338,0.09827778488397598,0.15551410615444183,5.098217661725357e-05,0.0,0.0,0.0,-0.23287656903266907,10.088459968566895,0.0454254150390625,9.800445556640625,0.25309303402900696,-10.0,-9.880027770996094,14.67492389678955,2.0,2.0,17.789152145385742,0.30357420444488525,0.28977540135383606,0.30357420444488525,0.29744139313697815,0.0,0.30469265580177307,0.30469265580177307,0.30469265580177307,0.30469265580177307,0.0,-0.959823727607727,0.6948122978210449,-10.72630786895752,0.0,0.0,0.0,0.0,0.0,0.0,0.0,0.0,0.0,0.0,0.0,0.0,0.0,0.0,0.0,0.30469274520874023,0.30469274520874023,0.304692804813385,0.30469274520874023,0.33220455050468445,0.04114978387951851,0.04114978387951851,0.39053526520729065,0.4118903577327728,1.074061632156372,1.191715955734253,0.0,0.0,0.0,0.0,0.0,0.0,0.0
76122606918,0,-0.02080148085951805,-0.14620105922222137,-0.12788167595863342,-0.02080148085951805,-0.14620105922222137,-0.8278816938400269,-0.017328975722193718,0.00655400799587369,0.007293109316378832,0.0,0.0,0.0,-0.012481643818318844,-0.019522257149219513,-0.010293465107679367,0.0,0.0,-0.010293466039001942,0.064394012093544,0.05026323348283768,0.02934996411204338,0.09827778488397598,0.15551410615444183,5.098217661725357e-05,0.0,0.0,0.0,-0.23287656903266907,10.088459968566895,0.0454254150390625,9.800445556640625,0.25309303402900696,-10.0,-9.880027770996094,14.67492389678955,2.0,2.0,17.789152145385742,0.30357420444488525,0.28977540135383606,0.30357420444488525,0.29744139313697815,0.0,0.30469265580177307,0.30469265580177307,0.30469265580177307,0.30469265580177307,0.0,-0.959823727607727,0.6948122978210449,-10.72630786895752,0.0,0.0,0.0,0.0,0.0,0.0,0.0,0.0,0.0,0.0,0.0,0.0,0.0,0.0,0.0,0.30469274520874023,0.30469274520874023,0.304692804813385,0.30469274520874023,0.33220455050468445,0.04114978387951851,0.04114978387951851,0.39053526520729065,0.4118903577327728,1.074061632156372,1.191715955734253,0.0,0.0,0.0,0.0,0.0,0.0,0.0
76128137353,0,-0.02080148085951805,-0.14620105922222137,-0.12788167595863342,-0.02080148085951805,-0.14620105922222137,-0.8278816938400269,-0.017328975722193718,0.00655400799587369,0.007293109316378832,0.0,0.0,0.0,-0.012481643818318844,-0.019522257149219513,-0.010293465107679367,0.0,0.0,-0.010293466039001942,0.064394012093544,0.05026323348283768,0.02934996411204338,0.09827778488397598,0.15551410615444183,5.098217661725357e-05,0.0,0.0,0.0,-0.23287656903266907,10.088459968566895,0.0454254150390625,9.800445556640625,0.25309303402900696,-10.0,-9.880027770996094,14.67492389678955,2.0,2.0,17.789152145385742,0.30357420444488525,0.28977540135383606,0.30357420444488525,0.29744139313697815,0.0,0.30469265580177307,0.30469265580177307,0.30469265580177307,0.30469265580177307,0.0,-0.959823727607727,0.6948122978210449,-10.72630786895752,0.0,0.0,0.0,0.0,0.0,0.0,0.0,0.0,0.0,0.0,0.0,0.0,0.0,0.0,0.0,0.30469274520874023,0.30469274520874023,0.304692804813385,0.30469274520874023,0.33220455050468445,0.04114978387951851,0.04114978387951851,0.39053526520729065,0.4118903577327728,1.074061632156372,1.191715955734253,0.0,0.0,0.0,0.0,0.0,0.0,0.0
76140838022,0,-0.02080148085951805,-0.14620105922222137,-0.12788167595863342,-0.02080148085951805,-0.14620105922222137,-0.8278816938400269,-0.017328975722193718,0.00655400799587369,0.007293109316378832,0.0,0.0,0.0,-0.012481643818318844,-0.019522257149219513,-0.010293465107679367,0.0,0.0,-0.010293466039001942,0.064394012093544,0.05026323348283768,0.02934996411204338,0.09827778488397598,0.15551410615444183,5.098217661725357e-05,0.0,0.0,0.0,-0.23287656903266907,10.088459968566895,0.0454254150390625,9.800445556640625,0.25309303402900696,-10.0,-9.880027770996094,14.67492389678955,2.0,2.0,17.789152145385742,0.30357420444488525,0.28977540135383606,0.30357420444488525,0.29744139313697815,0.0,0.30469265580177307,0.30469265580177307,0.30469265580177307,0.30469265580177307,0.0,-0.959823727607727,0.6948122978210449,-10.72630786895752,0.0,0.0,0.0,0.0,0.0,0.0,0.0,0.0,0.0,0.0,0.0,0.0,0.0,0.0,0.0,0.30469274520874023,0.30469274520874023,0.304692804813385,0.30469274520874023,0.33220455050468445,0.04114978387951851,0.04114978387951851,0.39053526520729065,0.4118903577327728,1.074061632156372,1.191715955734253,0.0,0.0,0.0,0.0,0.0,0.0,0.0
76150384353,0,-0.02080148085951805,-0.14620105922222137,-0.12788167595863342,-0.02080148085951805,-0.14620105922222137,-0.8278816938400269,-0.017328975722193718,0.00655400799587369,0.007293109316378832,0.0,0.0,0.0,-0.012481643818318844,-0.019522257149219513,-0.010293465107679367,0.0,0.0,-0.010293466039001942,0.064394012093544,0.05026323348283768,0.02934996411204338,0.09827778488397598,0.15551410615444183,5.098217661725357e-05,0.0,0.0,0.0,-0.23287656903266907,10.088459968566895,0.0454254150390625,9.800445556640625,0.25309303402900696,-10.0,-9.880027770996094,14.67492389678955,2.0,2.0,17.789152145385742,0.30357420444488525,0.28977540135383606,0.30357420444488525,0.29744139313697815,0.0,0.30469265580177307,0.30469265580177307,0.30469265580177307,0.30469265580177307,0.0,-0.959823727607727,0.6948122978210449,-10.72630786895752,0.0,0.0,0.0,0.0,0.0,0.0,0.0,0.0,0.0,0.0,0.0,0.0,0.0,0.0,0.0,0.30469274520874023,0.30469274520874023,0.304692804813385,0.30469274520874023,0.33220455050468445,0.04114978387951851,0.04114978387951851,0.39053526520729065,0.4118903577327728,1.074061632156372,1.191715955734253,0.0,0.0,0.0,0.0,0.0,0.0,0.0
76159965102,0,-0.02080148085951805,-0.14620105922222137,-0.12788167595863342,-0.02080148085951805,-0.14620105922222137,-0.8278816938400269,-0.017328975722193718,0.00655400799587369,0.007293109316378832,0.0,0.0,0.0,-0.012481643818318844,-0.019522257149219513,-0.010293465107679367,0.0,0.0,-0.010293466039001942,0.064394012093544,0.05026323348283768,0.02934996411204338,0.09827778488397598,0.15551410615444183,5.098217661725357e-05,0.0,0.0,0.0,-0.23287656903266907,10.088459968566895,0.0454254150390625,9.800445556640625,0.25309303402900696,-10.0,-9.880027770996094,14.67492389678955,2.0,2.0,17.789152145385742,0.30357420444488525,0.28977540135383606,0.30357420444488525,0.29590821266174316,0.0,0.30469265580177307,0.30469265580177307,0.30469265580177307,0.30469265580177307,0.0,-0.959823727607727,0.6948122978210449,-10.72630786895752,0.0,0.0,0.0,0.0,0.0,0.0,0.0,0.0,0.0,0.0,0.0,0.0,0.0,0.0,0.0,0.30469274520874023,0.30469274520874023,0.304692804813385,0.30469274520874023,0.33220455050468445,0.04114978387951851,0.04114978387951851,0.39053526520729065,0.4118903577327728,1.074061632156372,1.191715955734253,0.0,0.0,0.0,0.0,0.0,0.0,0.0
76167942582,0,-0.02080148085951805,-0.14620105922222137,-0.12788167595863342,-0.02080148085951805,-0.14620105922222137,-0.8278816938400269,-0.017328975722193718,0.00655400799587369,0.007293109316378832,0.0,0.0,0.0,-0.012481643818318844,-0.019522257149219513,-0.010293465107679367,0.0,0.0,-0.010293466039001942,0.064394012093544,0.05026323348283768,0.02934996411204338,0.09827778488397598,0.15551410615444183,5.098217661725357e-05,0.0,0.0,0.0,-0.23287656903266907,10.088459968566895,0.0454254150390625,9.800445556640625,0.25309303402900696,-10.0,-9.880027770996094,14.67492389678955,2.0,2.0,17.789152145385742,0.30357420444488525,0.28977540135383606,0.30357420444488525,0.29590821266174316,0.0,0.30469265580177307,0.30469265580177307,0.30469265580177307,0.30469265580177307,0.0,-0.959823727607727,0.6948122978210449,-10.72630786895752,0.0,0.0,0.0,0.0,0.0,0.0,0.0,0.0,0.0,0.0,0.0,0.0,0.0,0.0,0.0,0.30469274520874023,0.30469274520874023,0.304692804813385,0.30469274520874023,0.33220455050468445,0.04114978387951851,0.04114978387951851,0.39053526520729065,0.4118903577327728,1.074061632156372,1.191715955734253,0.0,0.0,0.0,0.0,0.0,0.0,0.0
76180001278,0,-0.02080148085951805,-0.14620105922222137,-0.12788167595863342,-0.02080148085951805,-0.14620105922222137,-0.8278816938400269,-0.017328975722193718,0.00655400799587369,0.007293109316378832,0.0,0.0,0.0,-0.012481643818318844,-0.019522257149219513,-0.010293465107679367,0.0,0.0,-0.010293466039001942,0.064394012093544,0.05026323348283768,0.02934996411204338,0.09827778488397598,0.15551410615444183,5.098217661725357e-05,0.0,0.0,0.0,-0.23287656903266907,10.088459968566895,0.0454254150390625,9.800445556640625,0.25309303402900696,-10.0,-9.880027770996094,14.67492389678955,2.0,2.0,17.789152145385742,0.30357420444488525,0.28977540135383606,0.30204102396965027,0.29744139313697815,0.0,0.30469265580177307,0.30469265580177307,0.30469265580177307,0.30469265580177307,0.0,-0.959823727607727,0.6948122978210449,-10.72630786895752,0.0,0.0,0.0,0.0,0.0,0.0,0.0,0.0,0.0,0.0,0.0,0.0,0.0,0.0,0.0,0.30469274520874023,0.30469274520874023,0.304692804813385,0.30469274520874023,0.33220455050468445,0.04114978387951851,0.04114978387951851,0.39053526520729065,0.4118903577327728,1.074061632156372,1.191715955734253,0.0,0.0,0.0,0.0,0.0,0.0,0.0
76187995634,0,-0.02080148085951805,-0.14620105922222137,-0.12788167595863342,-0.02080148085951805,-0.14620105922222137,-0.8278816938400269,-0.017328975722193718,0.00655400799587369,0.007293109316378832,0.0,0.0,0.0,-0.012481643818318844,-0.019522257149219513,-0.010293465107679367,0.0,0.0,-0.010293466039001942,0.064394012093544,0.05026323348283768,0.02934996411204338,0.09827778488397598,0.15551410615444183,5.098217661725357e-05,0.0,0.0,0.0,-0.23287656903266907,10.088459968566895,0.0454254150390625,9.800445556640625,0.25309303402900696,-10.0,-9.880027770996094,14.67492389678955,2.0,2.0,17.789152145385742,0.30357420444488525,0.28977540135383606,0.30357420444488525,0.29590821266174316,0.0,0.30469265580177307,0.30469265580177307,0.30469265580177307,0.30469265580177307,0.0,-0.959823727607727,0.6948122978210449,-10.72630786895752,0.0,0.0,0.0,0.0,0.0,0.0,0.0,0.0,0.0,0.0,0.0,0.0,0.0,0.0,0.0,0.30469274520874023,0.30469274520874023,0.304692804813385,0.30469274520874023,0.33220455050468445,0.04114978387951851,0.04114978387951851,0.39053526520729065,0.4118903577327728,1.074061632156372,1.191715955734253,0.0,0.0,0.0,0.0,0.0,0.0,0.0
76200514549,0,-0.02080148085951805,-0.14620105922222137,-0.12788167595863342,-0.02080148085951805,-0.14620105922222137,-0.8278816938400269,-0.017328975722193718,0.00655400799587369,0.007293109316378832,0.0,0.0,0.0,-0.012481643818318844,-0.019522257149219513,-0.010293465107679367,0.0,0.0,-0.010293466039001942,0.064394012093544,0.05026323348283768,0.02934996411204338,0.09827778488397598,0.15551410615444183,5.098217661725357e-05,0.0,0.0,0.0,-0.23287656903266907,10.088459968566895,0.0454254150390625,9.800445556640625,0.25309303402900696,-10.0,-9.880027770996094,14.67492389678955,2.0,2.0,17.789152145385742,0.30357420444488525,0.28977540135383606,0.30357420444488525,0.29590821266174316,0.0,0.30469265580177307,0.30469265580177307,0.30469265580177307,0.30469265580177307,0.0,-0.959823727607727,0.6948122978210449,-10.72630786895752,0.0,0.0,0.0,0.0,0.0,0.0,0.0,0.0,0.0,0.0,0.0,0.0,0.0,0.0,0.0,0.30469274520874023,0.30469274520874023,0.304692804813385,0.30469274520874023,0.33220455050468445,0.04114978387951851,0.04114978387951851,0.39053526520729065,0.4118903577327728,1.074061632156372,1.191715955734253,0.0,0.0,0.0,0.0,0.0,0.0,0.0
76220212528,0,-0.02080148085951805,-0.14620105922222137,-0.12788167595863342,-0.02080148085951805,-0.14620105922222137,-0.8278816938400269,-0.017328975722193718,0.00655400799587369,0.007293109316378832,0.0,0.0,0.0,-0.012481643818318844,-0.019522257149219513,-0.010293465107679367,0.0,0.0,-0.010293466039001942,0.064394012093544,0.05026323348283768,0.02934996411204338,0.09827778488397598,0.15551410615444183,5.098217661725357e-05,0.0,0.0,0.0,-0.23287656903266907,10.088459968566895,0.0454254150390625,9.800445556640625,0.25309303402900696,-10.0,-9.880027770996094,14.67492389678955,2.0,2.0,17.789152145385742,0.30357420444488525,0.28977540135383606,0.30357420444488525,0.29744139313697815,0.0,0.30469265580177307,0.30469265580177307,0.30469265580177307,0.30469265580177307,0.0,-0.959823727607727,0.6948122978210449,-10.72630786895752,0.0,0.0,0.0,0.0,0.0,0.0,0.0,0.0,0.0,0.0,0.0,0.0,0.0,0.0,0.0,0.30469274520874023,0.30469274520874023,0.304692804813385,0.30469274520874023,0.33220455050468445,0.04114978387951851,0.04114978387951851,0.39053526520729065,0.4118903577327728,1.074061632156372,1.191715955734253,0.0,0.0,0.0,0.0,0.0,0.0,0.0
76220252419,0,-0.02080148085951805,-0.14620105922222137,-0.12788167595863342,-0.02080148085951805,-0.14620105922222137,-0.8278816938400269,-0.017328975722193718,0.00655400799587369,0.007293109316378832,0.0,0.0,0.0,-0.012481643818318844,-0.019522257149219513,-0.010293465107679367,0.0,0.0,-0.010293466039001942,0.064394012093544,0.05026323348283768,0.02934996411204338,0.09827778488397598,0.15551410615444183,5.098217661725357e-05,0.0,0.0,0.0,-0.23287656903266907,10.088459968566895,0.0454254150390625,9.800445556640625,0.25309303402900696,-10.0,-9.880027770996094,14.67492389678955,2.0,2.0,17.789152145385742,0.30357420444488525,0.28977540135383606,0.30357420444488525,0.29744139313697815,0.0,0.30469265580177307,0.30469265580177307,0.30469265580177307,0.30469265580177307,0.0,-0.959823727607727,0.6948122978210449,-10.72630786895752,0.0,0.0,0.0,0.0,0.0,0.0,0.0,0.0,0.0,0.0,0.0,0.0,0.0,0.0,0.0,0.30469274520874023,0.30469274520874023,0.304692804813385,0.30469274520874023,0.33220455050468445,0.04114978387951851,0.04114978387951851,0.39053526520729065,0.4118903577327728,1.074061632156372,1.191715955734253,0.0,0.0,0.0,0.0,0.0,0.0,0.0
76227955897,0,-0.02080148085951805,-0.14620105922222137,-0.12788167595863342,-0.02080148085951805,-0.14620105922222137,-0.8278816938400269,-0.017328975722193718,0.00655400799587369,0.007293109316378832,0.0,0.0,0.0,-0.012481643818318844,-0.019522257149219513,-0.010293465107679367,0.0,0.0,-0.010293466039001942,0.064394012093544,0.05026323348283768,0.02934996411204338,0.09827778488397598,0.15551410615444183,5.098217661725357e-05,0.0,0.0,0.0,-0.23287656903266907,10.088459968566895,0.0454254150390625,9.800445556640625,0.25309303402900696,-10.0,-9.880027770996094,14.67492389678955,2.0,2.0,17.789152145385742,0.30357420444488525,0.28977540135383606,0.30357420444488525,0.29744139313697815,0.0,0.30469265580177307,0.30469265580177307,0.30469265580177307,0.30469265580177307,0.0,-0.959823727607727,0.6948122978210449,-10.72630786895752,0.0,0.0,0.0,0.0,0.0,0.0,0.0,0.0,0.0,0.0,0.0,0.0,0.0,0.0,0.0,0.30469274520874023,0.30469274520874023,0.304692804813385,0.30469274520874023,0.33220455050468445,0.04114978387951851,0.04114978387951851,0.39053526520729065,0.4118903577327728,1.074061632156372,1.191715955734253,0.0,0.0,0.0,0.0,0.0,0.0,0.0
76257541640,0,-0.02080148085951805,-0.14620105922222137,-0.12788167595863342,-0.02080148085951805,-0.14620105922222137,-0.8278816938400269,-0.017328975722193718,0.00655400799587369,0.007293109316378832,0.0,0.0,0.0,-0.012481643818318844,-0.019522257149219513,-0.010293465107679367,0.0,0.0,-0.010293466039001942,0.064394012093544,0.05026323348283768,0.02934996411204338,0.09827778488397598,0.15551410615444183,5.098217661725357e-05,0.0,0.0,0.0,-0.23287656903266907,10.088459968566895,0.0454254150390625,9.800445556640625,0.25309303402900696,-10.0,-9.880027770996094,14.67492389678955,2.0,2.0,17.789152145385742,0.30357420444488525,0.28977540135383606,0.30357420444488525,0.29590821266174316,0.0,0.30469265580177307,0.30469265580177307,0.30469265580177307,0.30469265580177307,0.0,-0.959823727607727,0.6948122978210449,-10.72630786895752,0.0,0.0,0.0,0.0,0.0,0.0,0.0,0.0,0.0,0.0,0.0,0.0,0.0,0.0,0.0,0.30469274520874023,0.30469274520874023,0.304692804813385,0.30469274520874023,0.33220455050468445,0.04114978387951851,0.04114978387951851,0.39053526520729065,0.4118903577327728,1.074061632156372,1.191715955734253,0.0,0.0,0.0,0.0,0.0,0.0,0.0
76257619595,0,-0.02080148085951805,-0.14620105922222137,-0.12788167595863342,-0.02080148085951805,-0.14620105922222137,-0.8278816938400269,-0.017328975722193718,0.00655400799587369,0.007293109316378832,0.0,0.0,0.0,-0.012481643818318844,-0.019522257149219513,-0.010293465107679367,0.0,0.0,-0.010293466039001942,0.064394012093544,0.05026323348283768,0.02934996411204338,0.09827778488397598,0.15551410615444183,5.098217661725357e-05,0.0,0.0,0.0,-0.23287656903266907,10.088459968566895,0.0454254150390625,9.800445556640625,0.25309303402900696,-10.0,-9.880027770996094,14.67492389678955,2.0,2.0,17.789152145385742,0.30357420444488525,0.28977540135383606,0.30357420444488525,0.29744139313697815,0.0,0.30469265580177307,0.30469265580177307,0.30469265580177307,0.30469265580177307,0.0,-0.959823727607727,0.6948122978210449,-10.72630786895752,0.0,0.0,0.0,0.0,0.0,0.0,0.0,0.0,0.0,0.0,0.0,0.0,0.0,0.0,0.0,0.30469274520874023,0.30469274520874023,0.304692804813385,0.30469274520874023,0.33220455050468445,0.04114978387951851,0.04114978387951851,0.39053526520729065,0.4118903577327728,1.074061632156372,1.191715955734253,0.0,0.0,0.0,0.0,0.0,0.0,0.0
76257703861,0,-0.02080148085951805,-0.14620105922222137,-0.12788167595863342,-0.02080148085951805,-0.14620105922222137,-0.8278816938400269,-0.017328975722193718,0.00655400799587369,0.007293109316378832,0.0,0.0,0.0,-0.012481643818318844,-0.019522257149219513,-0.010293465107679367,0.0,0.0,-0.010293466039001942,0.064394012093544,0.05026323348283768,0.02934996411204338,0.09827778488397598,0.15551410615444183,5.098217661725357e-05,0.0,0.0,0.0,-0.23287656903266907,10.088459968566895,0.0454254150390625,9.800445556640625,0.25309303402900696,-10.0,-9.880027770996094,14.67492389678955,2.0,2.0,17.789152145385742,0.30357420444488525,0.28977540135383606,0.30357420444488525,0.29744139313697815,0.0,0.30469265580177307,0.30469265580177307,0.30469265580177307,0.30469265580177307,0.0,-0.959823727607727,0.6948122978210449,-10.72630786895752,0.0,0.0,0.0,0.0,0.0,0.0,0.0,0.0,0.0,0.0,0.0,0.0,0.0,0.0,0.0,0.30469274520874023,0.30469274520874023,0.304692804813385,0.30469274520874023,0.33220455050468445,0.04114978387951851,0.04114978387951851,0.39053526520729065,0.4118903577327728,1.074061632156372,1.191715955734253,0.0,0.0,0.0,0.0,0.0,0.0,0.0
76268194107,0,-0.02080148085951805,-0.14620105922222137,-0.12788167595863342,-0.02080148085951805,-0.14620105922222137,-0.8278816938400269,-0.017328975722193718,0.00655400799587369,0.007293109316378832,0.0,0.0,0.0,-0.012481643818318844,-0.019522257149219513,-0.010293465107679367,0.0,0.0,-0.010293466039001942,0.064394012093544,0.05026323348283768,0.02934996411204338,0.09827778488397598,0.15551410615444183,5.098217661725357e-05,0.0,0.0,0.0,-0.23287656903266907,10.088459968566895,0.0454254150390625,9.800445556640625,0.25309303402900696,-10.0,-9.880027770996094,14.67492389678955,2.0,2.0,17.789152145385742,0.30357420444488525,0.28977540135383606,0.30357420444488525,0.29744139313697815,0.0,0.30469265580177307,0.30469265580177307,0.30469265580177307,0.30469265580177307,0.0,-0.959823727607727,0.6948122978210449,-10.72630786895752,0.0,0.0,0.0,0.0,0.0,0.0,0.0,0.0,0.0,0.0,0.0,0.0,0.0,0.0,0.0,0.30469274520874023,0.30469274520874023,0.304692804813385,0.30469274520874023,0.33220455050468445,0.04114978387951851,0.04114978387951851,0.39053526520729065,0.4118903577327728,1.074061632156372,1.191715955734253,0.0,0.0,0.0,0.0,0.0,0.0,0.0
76279150025,0,-0.02080148085951805,-0.14620105922222137,-0.12788167595863342,-0.02080148085951805,-0.14620105922222137,-0.8278816938400269,-0.017328975722193718,0.00655400799587369,0.007293109316378832,0.0,0.0,0.0,-0.012481643818318844,-0.019522257149219513,-0.010293465107679367,0.0,0.0,-0.010293466039001942,0.064394012093544,0.05026323348283768,0.02934996411204338,0.09827778488397598,0.15551410615444183,5.098217661725357e-05,0.0,0.0,0.0,-0.23287656903266907,10.088459968566895,0.0454254150390625,9.800445556640625,0.25309303402900696,-10.0,-9.880027770996094,14.67492389678955,2.0,2.0,17.789152145385742,0.30357420444488525,0.28977540135383606,0.30204102396965027,0.29590821266174316,0.0,0.30469265580177307,0.30469265580177307,0.30469265580177307,0.30469265580177307,0.0,-0.959823727607727,0.6948122978210449,-10.72630786895752,0.0,0.0,0.0,0.0,0.0,0.0,0.0,0.0,0.0,0.0,0.0,0.0,0.0,0.0,0.0,0.30469274520874023,0.30469274520874023,0.304692804813385,0.30469274520874023,0.33220455050468445,0.04114978387951851,0.04114978387951851,0.39053526520729065,0.4118903577327728,1.074061632156372,1.191715955734253,0.0,0.0,0.0,0.0,0.0,0.0,0.0
76288097288,0,-0.02080148085951805,-0.14620105922222137,-0.12788167595863342,-0.02080148085951805,-0.14620105922222137,-0.8278816938400269,-0.017328975722193718,0.00655400799587369,0.007293109316378832,0.0,0.0,0.0,-0.012481643818318844,-0.019522257149219513,-0.010293465107679367,0.0,0.0,-0.010293466039001942,0.064394012093544,0.05026323348283768,0.02934996411204338,0.09827778488397598,0.15551410615444183,5.098217661725357e-05,0.0,0.0,0.0,-0.23287656903266907,10.088459968566895,0.0454254150390625,9.800445556640625,0.25309303402900696,-10.0,-9.880027770996094,14.67492389678955,2.0,2.0,17.789152145385742,0.30357420444488525,0.28977540135383606,0.30357420444488525,0.29590821266174316,0.0,0.30469265580177307,0.30469265580177307,0.30469265580177307,0.30469265580177307,0.0,-0.959823727607727,0.6948122978210449,-10.72630786895752,0.0,0.0,0.0,0.0,0.0,0.0,0.0,0.0,0.0,0.0,0.0,0.0,0.0,0.0,0.0,0.30469274520874023,0.30469274520874023,0.304692804813385,0.30469274520874023,0.33220455050468445,0.04114978387951851,0.04114978387951851,0.39053526520729065,0.4118903577327728,1.074061632156372,1.191715955734253,0.0,0.0,0.0,0.0,0.0,0.0,0.0
76302802129,0,-0.02080148085951805,-0.14620105922222137,-0.12788167595863342,-0.02080148085951805,-0.14620105922222137,-0.8278816938400269,-0.017328975722193718,0.00655400799587369,0.007293109316378832,0.0,0.0,0.0,-0.012481643818318844,-0.019522257149219513,-0.010293465107679367,0.0,0.0,-0.010293466039001942,0.064394012093544,0.05026323348283768,0.02934996411204338,0.09827778488397598,0.15551410615444183,5.098217661725357e-05,0.0,0.0,0.0,-0.23287656903266907,10.088459968566895,0.0454254150390625,9.800445556640625,0.25309303402900696,-10.0,-9.880027770996094,14.67492389678955,2.0,2.0,17.789152145385742,0.30357420444488525,0.28977540135383606,0.30357420444488525,0.29590821266174316,0.0,0.30469265580177307,0.30469265580177307,0.30469265580177307,0.30469265580177307,0.0,-0.959823727607727,0.6948122978210449,-10.72630786895752,0.0,0.0,0.0,0.0,0.0,0.0,0.0,0.0,0.0,0.0,0.0,0.0,0.0,0.0,0.0,0.30469274520874023,0.30469274520874023,0.304692804813385,0.30469274520874023,0.33220455050468445,0.04114978387951851,0.04114978387951851,0.39053526520729065,0.4118903577327728,1.074061632156372,1.191715955734253,0.0,0.0,0.0,0.0,0.0,0.0,0.0
76307705743,0,-0.02080148085951805,-0.14620105922222137,-0.12788167595863342,-0.02080148085951805,-0.14620105922222137,-0.8278816938400269,-0.017328975722193718,0.00655400799587369,0.007293109316378832,0.0,0.0,0.0,-0.012481643818318844,-0.019522257149219513,-0.010293465107679367,0.0,0.0,-0.010293466039001942,0.064394012093544,0.05026323348283768,0.02934996411204338,0.09827778488397598,0.15551410615444183,5.098217661725357e-05,0.0,0.0,0.0,-0.23287656903266907,10.088459968566895,0.0454254150390625,9.800445556640625,0.25309303402900696,-10.0,-9.880027770996094,14.67492389678955,2.0,2.0,17.789152145385742,0.30357420444488525,0.28977540135383606,0.30357420444488525,0.29590821266174316,0.0,0.30469265580177307,0.30469265580177307,0.30469265580177307,0.30469265580177307,0.0,-0.959823727607727,0.6948122978210449,-10.72630786895752,0.0,0.0,0.0,0.0,0.0,0.0,0.0,0.0,0.0,0.0,0.0,0.0,0.0,0.0,0.0,0.30469274520874023,0.30469274520874023,0.304692804813385,0.30469274520874023,0.33220455050468445,0.04114978387951851,0.04114978387951851,0.39053526520729065,0.4118903577327728,1.074061632156372,1.191715955734253,0.0,0.0,0.0,0.0,0.0,0.0,0.0
76317713159,0,-0.02080148085951805,-0.14620105922222137,-0.12788167595863342,-0.02080148085951805,-0.14620105922222137,-0.8278816938400269,-0.017328975722193718,0.00655400799587369,0.007293109316378832,0.0,0.0,0.0,-0.012481643818318844,-0.019522257149219513,-0.010293465107679367,0.0,0.0,-0.010293466039001942,0.064394012093544,0.05026323348283768,0.02934996411204338,0.09827778488397598,0.15551410615444183,5.098217661725357e-05,0.0,0.0,0.0,-0.23287656903266907,10.088459968566895,0.0454254150390625,9.800445556640625,0.25309303402900696,-10.0,-9.880027770996094,14.67492389678955,2.0,2.0,17.789152145385742,0.30357420444488525,0.28977540135383606,0.30357420444488525,0.29744139313697815,0.0,0.30469265580177307,0.30469265580177307,0.30469265580177307,0.30469265580177307,0.0,-0.959823727607727,0.6948122978210449,-10.72630786895752,0.0,0.0,0.0,0.0,0.0,0.0,0.0,0.0,0.0,0.0,0.0,0.0,0.0,0.0,0.0,0.30469274520874023,0.30469274520874023,0.304692804813385,0.30469274520874023,0.33220455050468445,0.04114978387951851,0.04114978387951851,0.39053526520729065,0.4118903577327728,1.074061632156372,1.191715955734253,0.0,0.0,0.0,0.0,0.0,0.0,0.0
76333575346,0,-0.02080148085951805,-0.14620105922222137,-0.12788167595863342,-0.02080148085951805,-0.14620105922222137,-0.8278816938400269,-0.017328975722193718,0.00655400799587369,0.007293109316378832,0.0,0.0,0.0,-0.012481643818318844,-0.019522257149219513,-0.010293465107679367,0.0,0.0,-0.010293466039001942,0.064394012093544,0.05026323348283768,0.02934996411204338,0.09827778488397598,0.15551410615444183,5.098217661725357e-05,0.0,0.0,0.0,-0.23287656903266907,10.088459968566895,0.0454254150390625,9.800445556640625,0.25309303402900696,-10.0,-9.880027770996094,14.67492389678955,2.0,2.0,17.789152145385742,0.30357420444488525,0.28977540135383606,0.30357420444488525,0.29744139313697815,0.0,0.30469265580177307,0.30469265580177307,0.30469265580177307,0.30469265580177307,0.0,-0.959823727607727,0.6948122978210449,-10.72630786895752,0.0,0.0,0.0,0.0,0.0,0.0,0.0,0.0,0.0,0.0,0.0,0.0,0.0,0.0,0.0,0.30469274520874023,0.30469274520874023,0.304692804813385,0.30469274520874023,0.33220455050468445,0.04114978387951851,0.04114978387951851,0.39053526520729065,0.4118903577327728,1.074061632156372,1.191715955734253,0.0,0.0,0.0,0.0,0.0,0.0,0.0
76339244598,0,-0.02080148085951805,-0.14620105922222137,-0.12788167595863342,-0.02080148085951805,-0.14620105922222137,-0.8278816938400269,-0.017328975722193718,0.00655400799587369,0.007293109316378832,0.0,0.0,0.0,-0.012481643818318844,-0.019522257149219513,-0.010293465107679367,0.0,0.0,-0.010293466039001942,0.064394012093544,0.05026323348283768,0.02934996411204338,0.09827778488397598,0.15551410615444183,5.098217661725357e-05,0.0,0.0,0.0,-0.23287656903266907,10.088459968566895,0.0454254150390625,9.800445556640625,0.25309303402900696,-10.0,-9.880027770996094,14.67492389678955,2.0,2.0,17.789152145385742,0.30357420444488525,0.28977540135383606,0.30357420444488525,0.29590821266174316,0.0,0.30469265580177307,0.30469265580177307,0.30469265580177307,0.30469265580177307,0.0,-0.959823727607727,0.6948122978210449,-10.72630786895752,0.0,0.0,0.0,0.0,0.0,0.0,0.0,0.0,0.0,0.0,0.0,0.0,0.0,0.0,0.0,0.30469274520874023,0.30469274520874023,0.304692804813385,0.30469274520874023,0.33220455050468445,0.04114978387951851,0.04114978387951851,0.39053526520729065,0.4118903577327728,1.074061632156372,1.191715955734253,0.0,0.0,0.0,0.0,0.0,0.0,0.0
76347934552,0,-0.02080148085951805,-0.14620105922222137,-0.12788167595863342,-0.02080148085951805,-0.14620105922222137,-0.8278816938400269,-0.017328975722193718,0.00655400799587369,0.007293109316378832,0.0,0.0,0.0,-0.012481643818318844,-0.019522257149219513,-0.010293465107679367,0.0,0.0,-0.010293466039001942,0.064394012093544,0.05026323348283768,0.02934996411204338,0.09827778488397598,0.15551410615444183,5.098217661725357e-05,0.0,0.0,0.0,-0.23287656903266907,10.088459968566895,0.0454254150390625,9.800445556640625,0.25309303402900696,-10.0,-9.880027770996094,14.67492389678955,2.0,2.0,17.789152145385742,0.30357420444488525,0.28977540135383606,0.30357420444488525,0.29590821266174316,0.0,0.30469265580177307,0.30469265580177307,0.30469265580177307,0.30469265580177307,0.0,-0.959823727607727,0.6948122978210449,-10.72630786895752,0.0,0.0,0.0,0.0,0.0,0.0,0.0,0.0,0.0,0.0,0.0,0.0,0.0,0.0,0.0,0.30469274520874023,0.30469274520874023,0.304692804813385,0.30469274520874023,0.33220455050468445,0.04114978387951851,0.04114978387951851,0.39053526520729065,0.4118903577327728,1.074061632156372,1.191715955734253,0.0,0.0,0.0,0.0,0.0,0.0,0.0
76357855838,0,-0.02080148085951805,-0.14620105922222137,-0.12788167595863342,-0.02080148085951805,-0.14620105922222137,-0.8278816938400269,-0.017328975722193718,0.00655400799587369,0.007293109316378832,0.0,0.0,0.0,-0.012481643818318844,-0.019522257149219513,-0.010293465107679367,0.0,0.0,-0.010293466039001942,0.064394012093544,0.05026323348283768,0.02934996411204338,0.09827778488397598,0.15551410615444183,5.098217661725357e-05,0.0,0.0,0.0,-0.23287656903266907,10.088459968566895,0.0454254150390625,9.800445556640625,0.25309303402900696,-10.0,-9.880027770996094,14.67492389678955,2.0,2.0,17.789152145385742,0.30357420444488525,0.28977540135383606,0.30357420444488525,0.29744139313697815,0.0,0.30469265580177307,0.30469265580177307,0.30469265580177307,0.30469265580177307,0.0,-0.959823727607727,0.6948122978210449,-10.72630786895752,0.0,0.0,0.0,0.0,0.0,0.0,0.0,0.0,0.0,0.0,0.0,0.0,0.0,0.0,0.0,0.30469274520874023,0.30469274520874023,0.304692804813385,0.30469274520874023,0.33220455050468445,0.04114978387951851,0.04114978387951851,0.39053526520729065,0.4118903577327728,1.074061632156372,1.191715955734253,0.0,0.0,0.0,0.0,0.0,0.0,0.0
76367850056,0,-0.02080148085951805,-0.14620105922222137,-0.12788167595863342,-0.02080148085951805,-0.14620105922222137,-0.8278816938400269,-0.017328975722193718,0.00655400799587369,0.007293109316378832,0.0,0.0,0.0,-0.012481643818318844,-0.019522257149219513,-0.010293465107679367,0.0,0.0,-0.010293466039001942,0.064394012093544,0.05026323348283768,0.02934996411204338,0.09827778488397598,0.15551410615444183,5.098217661725357e-05,0.0,0.0,0.0,-0.23287656903266907,10.088459968566895,0.0454254150390625,9.800445556640625,0.25309303402900696,-10.0,-9.880027770996094,14.67492389678955,2.0,2.0,17.789152145385742,0.30357420444488525,0.28977540135383606,0.30357420444488525,0.29744139313697815,0.0,0.30469265580177307,0.30469265580177307,0.30469265580177307,0.30469265580177307,0.0,-0.959823727607727,0.6948122978210449,-10.72630786895752,0.0,0.0,0.0,0.0,0.0,0.0,0.0,0.0,0.0,0.0,0.0,0.0,0.0,0.0,0.0,0.30469274520874023,0.30469274520874023,0.304692804813385,0.30469274520874023,0.33220455050468445,0.04114978387951851,0.04114978387951851,0.39053526520729065,0.4118903577327728,1.074061632156372,1.191715955734253,0.0,0.0,0.0,0.0,0.0,0.0,0.0
76380043235,0,-0.02080148085951805,-0.14620105922222137,-0.12788167595863342,-0.02080148085951805,-0.14620105922222137,-0.8278816938400269,-0.017328975722193718,0.00655400799587369,0.007293109316378832,0.0,0.0,0.0,-0.012481643818318844,-0.019522257149219513,-0.010293465107679367,0.0,0.0,-0.010293466039001942,0.064394012093544,0.05026323348283768,0.02934996411204338,0.09827778488397598,0.15551410615444183,5.098217661725357e-05,0.0,0.0,0.0,-0.23287656903266907,10.088459968566895,0.0454254150390625,9.800445556640625,0.25309303402900696,-10.0,-9.880027770996094,14.67492389678955,2.0,2.0,17.789152145385742,0.30357420444488525,0.28977540135383606,0.30357420444488525,0.29744139313697815,0.0,0.30469265580177307,0.30469265580177307,0.30469265580177307,0.30469265580177307,0.0,-0.959823727607727,0.6948122978210449,-10.72630786895752,0.0,0.0,0.0,0.0,0.0,0.0,0.0,0.0,0.0,0.0,0.0,0.0,0.0,0.0,0.0,0.30469274520874023,0.30469274520874023,0.304692804813385,0.30469274520874023,0.33220455050468445,0.04114978387951851,0.04114978387951851,0.39053526520729065,0.4118903577327728,1.074061632156372,1.191715955734253,0.0,0.0,0.0,0.0,0.0,0.0,0.0
76388456853,0,-0.02080148085951805,-0.14620105922222137,-0.12788167595863342,-0.02080148085951805,-0.14620105922222137,-0.8278816938400269,-0.017328975722193718,0.00655400799587369,0.007293109316378832,0.0,0.0,0.0,-0.012481643818318844,-0.019522257149219513,-0.010293465107679367,0.0,0.0,-0.010293466039001942,0.064394012093544,0.05026323348283768,0.02934996411204338,0.09827778488397598,0.15551410615444183,5.098217661725357e-05,0.0,0.0,0.0,-0.23287656903266907,10.088459968566895,0.0454254150390625,9.800445556640625,0.25309303402900696,-10.0,-9.880027770996094,14.67492389678955,2.0,2.0,17.789152145385742,0.30357420444488525,0.28977540135383606,0.30357420444488525,0.29744139313697815,0.0,0.30469265580177307,0.30469265580177307,0.30469265580177307,0.30469265580177307,0.0,-0.959823727607727,0.6948122978210449,-10.72630786895752,0.0,0.0,0.0,0.0,0.0,0.0,0.0,0.0,0.0,0.0,0.0,0.0,0.0,0.0,0.0,0.30469274520874023,0.30469274520874023,0.304692804813385,0.30469274520874023,0.33220455050468445,0.04114978387951851,0.04114978387951851,0.39053526520729065,0.4118903577327728,1.074061632156372,1.191715955734253,0.0,0.0,0.0,0.0,0.0,0.0,0.0
76399864342,0,-0.02080148085951805,-0.14620105922222137,-0.12788167595863342,-0.02080148085951805,-0.14620105922222137,-0.8278816938400269,-0.017328975722193718,0.00655400799587369,0.007293109316378832,0.0,0.0,0.0,-0.012481643818318844,-0.019522257149219513,-0.010293465107679367,0.0,0.0,-0.010293466039001942,0.064394012093544,0.05026323348283768,0.02934996411204338,0.09827778488397598,0.15551410615444183,5.098217661725357e-05,0.0,0.0,0.0,-0.23287656903266907,10.088459968566895,0.0454254150390625,9.800445556640625,0.25309303402900696,-10.0,-9.880027770996094,14.67492389678955,2.0,2.0,17.789152145385742,0.30357420444488525,0.28977540135383606,0.30357420444488525,0.29744139313697815,0.0,0.30469265580177307,0.30469265580177307,0.30469265580177307,0.30469265580177307,0.0,-0.959823727607727,0.6948122978210449,-10.72630786895752,0.0,0.0,0.0,0.0,0.0,0.0,0.0,0.0,0.0,0.0,0.0,0.0,0.0,0.0,0.0,0.30469274520874023,0.30469274520874023,0.304692804813385,0.30469274520874023,0.33220455050468445,0.04114978387951851,0.04114978387951851,0.39053526520729065,0.4118903577327728,1.074061632156372,1.191715955734253,0.0,0.0,0.0,0.0,0.0,0.0,0.0
76407645401,0,-0.02080148085951805,-0.14620105922222137,-0.12788167595863342,-0.02080148085951805,-0.14620105922222137,-0.8278816938400269,-0.017328975722193718,0.00655400799587369,0.007293109316378832,0.0,0.0,0.0,-0.012481643818318844,-0.019522257149219513,-0.010293465107679367,0.0,0.0,-0.010293466039001942,0.064394012093544,0.05026323348283768,0.02934996411204338,0.09827778488397598,0.15551410615444183,5.098217661725357e-05,0.0,0.0,0.0,-0.23287656903266907,10.088459968566895,0.0454254150390625,9.800445556640625,0.25309303402900696,-10.0,-9.880027770996094,14.67492389678955,2.0,2.0,17.789152145385742,0.30357420444488525,0.28977540135383606,0.30357420444488525,0.29590821266174316,0.0,0.30469265580177307,0.30469265580177307,0.30469265580177307,0.30469265580177307,0.0,-0.959823727607727,0.6948122978210449,-10.72630786895752,0.0,0.0,0.0,0.0,0.0,0.0,0.0,0.0,0.0,0.0,0.0,0.0,0.0,0.0,0.0,0.30469274520874023,0.30469274520874023,0.304692804813385,0.30469274520874023,0.33220455050468445,0.04114978387951851,0.04114978387951851,0.39053526520729065,0.4118903577327728,1.074061632156372,1.191715955734253,0.0,0.0,0.0,0.0,0.0,0.0,0.0
76418546086,0,-0.02080148085951805,-0.14620105922222137,-0.12788167595863342,-0.02080148085951805,-0.14620105922222137,-0.8278816938400269,-0.017328975722193718,0.00655400799587369,0.007293109316378832,0.0,0.0,0.0,-0.012481643818318844,-0.019522257149219513,-0.010293465107679367,0.0,0.0,-0.010293466039001942,0.064394012093544,0.05026323348283768,0.02934996411204338,0.09827778488397598,0.15551410615444183,5.098217661725357e-05,0.0,0.0,0.0,-0.23287656903266907,10.088459968566895,0.0454254150390625,9.800445556640625,0.25309303402900696,-10.0,-9.880027770996094,14.67492389678955,2.0,2.0,17.789152145385742,0.30357420444488525,0.28977540135383606,0.30357420444488525,0.29590821266174316,0.0,0.30469265580177307,0.30469265580177307,0.30469265580177307,0.30469265580177307,0.0,-0.959823727607727,0.6948122978210449,-10.72630786895752,0.0,0.0,0.0,0.0,0.0,0.0,0.0,0.0,0.0,0.0,0.0,0.0,0.0,0.0,0.0,0.30469274520874023,0.30469274520874023,0.304692804813385,0.30469274520874023,0.33220455050468445,0.04114978387951851,0.04114978387951851,0.39053526520729065,0.4118903577327728,1.074061632156372,1.191715955734253,0.0,0.0,0.0,0.0,0.0,0.0,0.0
76429587064,0,-0.02080148085951805,-0.14620105922222137,-0.12788167595863342,-0.02080148085951805,-0.14620105922222137,-0.8278816938400269,-0.017328975722193718,0.00655400799587369,0.007293109316378832,0.0,0.0,0.0,-0.012481643818318844,-0.019522257149219513,-0.010293465107679367,0.0,0.0,-0.010293466039001942,0.064394012093544,0.05026323348283768,0.02934996411204338,0.09827778488397598,0.15551410615444183,5.098217661725357e-05,0.0,0.0,0.0,-0.23287656903266907,10.088459968566895,0.0454254150390625,9.800445556640625,0.25309303402900696,-10.0,-9.880027770996094,14.67492389678955,2.0,2.0,17.789152145385742,0.30357420444488525,0.28977540135383606,0.30357420444488525,0.29590821266174316,0.0,0.30469265580177307,0.30469265580177307,0.30469265580177307,0.30469265580177307,0.0,-0.959823727607727,0.6948122978210449,-10.72630786895752,0.0,0.0,0.0,0.0,0.0,0.0,0.0,0.0,0.0,0.0,0.0,0.0,0.0,0.0,0.0,0.30469274520874023,0.30469274520874023,0.304692804813385,0.30469274520874023,0.33220455050468445,0.04114978387951851,0.04114978387951851,0.39053526520729065,0.4118903577327728,1.074061632156372,1.191715955734253,0.0,0.0,0.0,0.0,0.0,0.0,0.0
76437949640,0,-0.02080148085951805,-0.14620105922222137,-0.12788167595863342,-0.02080148085951805,-0.14620105922222137,-0.8278816938400269,-0.017328975722193718,0.00655400799587369,0.007293109316378832,0.0,0.0,0.0,-0.012481643818318844,-0.019522257149219513,-0.010293465107679367,0.0,0.0,-0.010293466039001942,0.064394012093544,0.05026323348283768,0.02934996411204338,0.09827778488397598,0.15551410615444183,5.098217661725357e-05,0.0,0.0,0.0,-0.23287656903266907,10.088459968566895,0.0454254150390625,9.800445556640625,0.25309303402900696,-10.0,-9.880027770996094,14.67492389678955,2.0,2.0,17.789152145385742,0.30357420444488525,0.28977540135383606,0.30357420444488525,0.29590821266174316,0.0,0.30469265580177307,0.30469265580177307,0.30469265580177307,0.30469265580177307,0.0,-0.959823727607727,0.6948122978210449,-10.72630786895752,0.0,0.0,0.0,0.0,0.0,0.0,0.0,0.0,0.0,0.0,0.0,0.0,0.0,0.0,0.0,0.30469274520874023,0.30469274520874023,0.304692804813385,0.30469274520874023,0.33220455050468445,0.04114978387951851,0.04114978387951851,0.39053526520729065,0.4118903577327728,1.074061632156372,1.191715955734253,0.0,0.0,0.0,0.0,0.0,0.0,0.0
76447583311,0,-0.02080148085951805,-0.14620105922222137,-0.12788167595863342,-0.02080148085951805,-0.14620105922222137,-0.8278816938400269,-0.017328975722193718,0.00655400799587369,0.007293109316378832,0.0,0.0,0.0,-0.012481643818318844,-0.019522257149219513,-0.010293465107679367,0.0,0.0,-0.010293466039001942,0.064394012093544,0.05026323348283768,0.02934996411204338,0.09827778488397598,0.15551410615444183,5.098217661725357e-05,0.0,0.0,0.0,-0.23287656903266907,10.088459968566895,0.0454254150390625,9.800445556640625,0.25309303402900696,-10.0,-9.880027770996094,14.67492389678955,2.0,2.0,17.789152145385742,0.30357420444488525,0.28977540135383606,0.30357420444488525,0.29744139313697815,0.0,0.30469265580177307,0.30469265580177307,0.30469265580177307,0.30469265580177307,0.0,-0.959823727607727,0.6948122978210449,-10.72630786895752,0.0,0.0,0.0,0.0,0.0,0.0,0.0,0.0,0.0,0.0,0.0,0.0,0.0,0.0,0.0,0.30469274520874023,0.30469274520874023,0.304692804813385,0.30469274520874023,0.33220455050468445,0.04114978387951851,0.04114978387951851,0.39053526520729065,0.4118903577327728,1.074061632156372,1.191715955734253,0.0,0.0,0.0,0.0,0.0,0.0,0.0
76458110610,0,-0.02080148085951805,-0.14620105922222137,-0.12788167595863342,-0.02080148085951805,-0.14620105922222137,-0.8278816938400269,-0.017328975722193718,0.00655400799587369,0.007293109316378832,0.0,0.0,0.0,-0.012481643818318844,-0.019522257149219513,-0.010293465107679367,0.0,0.0,-0.010293466039001942,0.064394012093544,0.05026323348283768,0.02934996411204338,0.09827778488397598,0.15551410615444183,5.098217661725357e-05,0.0,0.0,0.0,-0.23287656903266907,10.088459968566895,0.0454254150390625,9.800445556640625,0.25309303402900696,-10.0,-9.880027770996094,14.67492389678955,2.0,2.0,17.789152145385742,0.30357420444488525,0.28977540135383606,0.30357420444488525,0.29744139313697815,0.0,0.30469265580177307,0.30469265580177307,0.30469265580177307,0.30469265580177307,0.0,-0.959823727607727,0.6948122978210449,-10.72630786895752,0.0,0.0,0.0,0.0,0.0,0.0,0.0,0.0,0.0,0.0,0.0,0.0,0.0,0.0,0.0,0.30469274520874023,0.30469274520874023,0.304692804813385,0.30469274520874023,0.33220455050468445,0.04114978387951851,0.04114978387951851,0.39053526520729065,0.4118903577327728,1.074061632156372,1.191715955734253,0.0,0.0,0.0,0.0,0.0,0.0,0.0
76467637495,0,-0.02080148085951805,-0.14620105922222137,-0.12788167595863342,-0.02080148085951805,-0.14620105922222137,-0.8278816938400269,-0.017328975722193718,0.00655400799587369,0.007293109316378832,0.0,0.0,0.0,-0.012481643818318844,-0.019522257149219513,-0.010293465107679367,0.0,0.0,-0.010293466039001942,0.064394012093544,0.05026323348283768,0.02934996411204338,0.09827778488397598,0.15551410615444183,5.098217661725357e-05,0.0,0.0,0.0,-0.23287656903266907,10.088459968566895,0.0454254150390625,9.800445556640625,0.25309303402900696,-10.0,-9.880027770996094,14.67492389678955,2.0,2.0,17.789152145385742,0.30357420444488525,0.28977540135383606,0.30357420444488525,0.29744139313697815,0.0,0.30469265580177307,0.30469265580177307,0.30469265580177307,0.30469265580177307,0.0,-0.959823727607727,0.6948122978210449,-10.72630786895752,0.0,0.0,0.0,0.0,0.0,0.0,0.0,0.0,0.0,0.0,0.0,0.0,0.0,0.0,0.0,0.30469274520874023,0.30469274520874023,0.304692804813385,0.30469274520874023,0.33220455050468445,0.04114978387951851,0.04114978387951851,0.39053526520729065,0.4118903577327728,1.074061632156372,1.191715955734253,0.0,0.0,0.0,0.0,0.0,0.0,0.0
76477651427,0,-0.02080148085951805,-0.14620105922222137,-0.12788167595863342,-0.02080148085951805,-0.14620105922222137,-0.8278816938400269,-0.017328975722193718,0.00655400799587369,0.007293109316378832,0.0,0.0,0.0,-0.012481643818318844,-0.019522257149219513,-0.010293465107679367,0.0,0.0,-0.010293466039001942,0.064394012093544,0.05026323348283768,0.02934996411204338,0.09827778488397598,0.15551410615444183,5.098217661725357e-05,0.0,0.0,0.0,-0.23287656903266907,10.088459968566895,0.0454254150390625,9.800445556640625,0.25309303402900696,-10.0,-9.880027770996094,14.67492389678955,2.0,2.0,17.789152145385742,0.30357420444488525,0.28977540135383606,0.30357420444488525,0.29744139313697815,0.0,0.30469265580177307,0.30469265580177307,0.30469265580177307,0.30469265580177307,0.0,-0.959823727607727,0.6948122978210449,-10.72630786895752,0.0,0.0,0.0,0.0,0.0,0.0,0.0,0.0,0.0,0.0,0.0,0.0,0.0,0.0,0.0,0.30469274520874023,0.30469274520874023,0.304692804813385,0.30469274520874023,0.33220455050468445,0.04114978387951851,0.04114978387951851,0.39053526520729065,0.4118903577327728,1.074061632156372,1.191715955734253,0.0,0.0,0.0,0.0,0.0,0.0,0.0
76487667173,0,-0.02080148085951805,-0.14620105922222137,-0.12788167595863342,-0.02080148085951805,-0.14620105922222137,-0.8278816938400269,-0.017328975722193718,0.00655400799587369,0.007293109316378832,0.0,0.0,0.0,-0.012481643818318844,-0.019522257149219513,-0.010293465107679367,0.0,0.0,-0.010293466039001942,0.064394012093544,0.05026323348283768,0.02934996411204338,0.09827778488397598,0.15551410615444183,5.098217661725357e-05,0.0,0.0,0.0,-0.23287656903266907,10.088459968566895,0.0454254150390625,9.800445556640625,0.25309303402900696,-10.0,-9.880027770996094,14.67492389678955,2.0,2.0,17.789152145385742,0.30357420444488525,0.28977540135383606,0.30357420444488525,0.29744139313697815,0.0,0.30469265580177307,0.30469265580177307,0.30469265580177307,0.30469265580177307,0.0,-0.959823727607727,0.6948122978210449,-10.72630786895752,0.0,0.0,0.0,0.0,0.0,0.0,0.0,0.0,0.0,0.0,0.0,0.0,0.0,0.0,0.0,0.30469274520874023,0.30469274520874023,0.304692804813385,0.30469274520874023,0.33220455050468445,0.04114978387951851,0.04114978387951851,0.39053526520729065,0.4118903577327728,1.074061632156372,1.191715955734253,0.0,0.0,0.0,0.0,0.0,0.0,0.0
76497817938,0,-0.02080148085951805,-0.14620105922222137,-0.12788167595863342,-0.02080148085951805,-0.14620105922222137,-0.8278816938400269,-0.017328975722193718,0.00655400799587369,0.007293109316378832,0.0,0.0,0.0,-0.012481643818318844,-0.019522257149219513,-0.010293465107679367,0.0,0.0,-0.010293466039001942,0.064394012093544,0.05026323348283768,0.02934996411204338,0.09827778488397598,0.15551410615444183,5.098217661725357e-05,0.0,0.0,0.0,-0.23287656903266907,10.088459968566895,0.0454254150390625,9.800445556640625,0.25309303402900696,-10.0,-9.880027770996094,14.67492389678955,2.0,2.0,17.789152145385742,0.30357420444488525,0.28977540135383606,0.30357420444488525,0.29744139313697815,0.0,0.30469265580177307,0.30469265580177307,0.30469265580177307,0.30469265580177307,0.0,-0.959823727607727,0.6948122978210449,-10.72630786895752,0.0,0.0,0.0,0.0,0.0,0.0,0.0,0.0,0.0,0.0,0.0,0.0,0.0,0.0,0.0,0.30469274520874023,0.30469274520874023,0.304692804813385,0.30469274520874023,0.33220455050468445,0.04114978387951851,0.04114978387951851,0.39053526520729065,0.4118903577327728,1.074061632156372,1.191715955734253,0.0,0.0,0.0,0.0,0.0,0.0,0.0
76507696603,0,-0.02080148085951805,-0.14620105922222137,-0.12788167595863342,-0.02080148085951805,-0.14620105922222137,-0.8278816938400269,-0.017328975722193718,0.00655400799587369,0.007293109316378832,0.0,0.0,0.0,-0.012481643818318844,-0.019522257149219513,-0.010293465107679367,0.0,0.0,-0.010293466039001942,0.064394012093544,0.05026323348283768,0.02934996411204338,0.09827778488397598,0.15551410615444183,5.098217661725357e-05,0.0,0.0,0.0,-0.23287656903266907,10.088459968566895,0.0454254150390625,9.800445556640625,0.25309303402900696,-10.0,-9.880027770996094,14.67492389678955,2.0,2.0,17.789152145385742,0.30357420444488525,0.28977540135383606,0.30357420444488525,0.29590821266174316,0.0,0.30469265580177307,0.30469265580177307,0.30469265580177307,0.30469265580177307,0.0,-0.959823727607727,0.6948122978210449,-10.72630786895752,0.0,0.0,0.0,0.0,0.0,0.0,0.0,0.0,0.0,0.0,0.0,0.0,0.0,0.0,0.0,0.30469274520874023,0.30469274520874023,0.304692804813385,0.30469274520874023,0.33220455050468445,0.04114978387951851,0.04114978387951851,0.39053526520729065,0.4118903577327728,1.074061632156372,1.191715955734253,0.0,0.0,0.0,0.0,0.0,0.0,0.0
76517687977,0,-0.02080148085951805,-0.14620105922222137,-0.12788167595863342,-0.02080148085951805,-0.14620105922222137,-0.8278816938400269,-0.017328975722193718,0.00655400799587369,0.007293109316378832,0.0,0.0,0.0,-0.012481643818318844,-0.019522257149219513,-0.010293465107679367,0.0,0.0,-0.010293466039001942,0.064394012093544,0.05026323348283768,0.02934996411204338,0.09827778488397598,0.15551410615444183,5.098217661725357e-05,0.0,0.0,0.0,-0.23287656903266907,10.088459968566895,0.0454254150390625,9.800445556640625,0.25309303402900696,-10.0,-9.880027770996094,14.67492389678955,2.0,2.0,17.789152145385742,0.30357420444488525,0.28977540135383606,0.30357420444488525,0.29744139313697815,0.0,0.30469265580177307,0.30469265580177307,0.30469265580177307,0.30469265580177307,0.0,-0.959823727607727,0.6948122978210449,-10.72630786895752,0.0,0.0,0.0,0.0,0.0,0.0,0.0,0.0,0.0,0.0,0.0,0.0,0.0,0.0,0.0,0.30469274520874023,0.30469274520874023,0.304692804813385,0.30469274520874023,0.33220455050468445,0.04114978387951851,0.04114978387951851,0.39053526520729065,0.4118903577327728,1.074061632156372,1.191715955734253,0.0,0.0,0.0,0.0,0.0,0.0,0.0
76528699264,0,-0.02080148085951805,-0.14620105922222137,-0.12788167595863342,-0.02080148085951805,-0.14620105922222137,-0.8278816938400269,-0.017328975722193718,0.00655400799587369,0.007293109316378832,0.0,0.0,0.0,-0.012481643818318844,-0.019522257149219513,-0.010293465107679367,0.0,0.0,-0.010293466039001942,0.064394012093544,0.05026323348283768,0.02934996411204338,0.09827778488397598,0.15551410615444183,5.098217661725357e-05,0.0,0.0,0.0,-0.23287656903266907,10.088459968566895,0.0454254150390625,9.800445556640625,0.25309303402900696,-10.0,-9.880027770996094,14.67492389678955,2.0,2.0,17.789152145385742,0.30357420444488525,0.28977540135383606,0.30357420444488525,0.29744139313697815,0.0,0.30469265580177307,0.30469265580177307,0.30469265580177307,0.30469265580177307,0.0,-0.959823727607727,0.6948122978210449,-10.72630786895752,0.0,0.0,0.0,0.0,0.0,0.0,0.0,0.0,0.0,0.0,0.0,0.0,0.0,0.0,0.0,0.30469274520874023,0.30469274520874023,0.304692804813385,0.30469274520874023,0.33220455050468445,0.04114978387951851,0.04114978387951851,0.39053526520729065,0.4118903577327728,1.074061632156372,1.191715955734253,0.0,0.0,0.0,0.0,0.0,0.0,0.0
76537537263,0,-0.02080148085951805,-0.14620105922222137,-0.12788167595863342,-0.02080148085951805,-0.14620105922222137,-0.8278816938400269,-0.017328975722193718,0.00655400799587369,0.007293109316378832,0.0,0.0,0.0,-0.012481643818318844,-0.019522257149219513,-0.010293465107679367,0.0,0.0,-0.010293466039001942,0.064394012093544,0.05026323348283768,0.02934996411204338,0.09827778488397598,0.15551410615444183,5.098217661725357e-05,0.0,0.0,0.0,-0.23287656903266907,10.088459968566895,0.0454254150390625,9.800445556640625,0.25309303402900696,-10.0,-9.880027770996094,14.67492389678955,2.0,2.0,17.789152145385742,0.30357420444488525,0.28977540135383606,0.30204102396965027,0.29590821266174316,0.0,0.30469265580177307,0.30469265580177307,0.30469265580177307,0.30469265580177307,0.0,-0.959823727607727,0.6948122978210449,-10.72630786895752,0.0,0.0,0.0,0.0,0.0,0.0,0.0,0.0,0.0,0.0,0.0,0.0,0.0,0.0,0.0,0.30469274520874023,0.30469274520874023,0.304692804813385,0.30469274520874023,0.33220455050468445,0.04114978387951851,0.04114978387951851,0.39053526520729065,0.4118903577327728,1.074061632156372,1.191715955734253,0.0,0.0,0.0,0.0,0.0,0.0,0.0
76548022441,0,-0.02080148085951805,-0.14620105922222137,-0.12788167595863342,-0.02080148085951805,-0.14620105922222137,-0.8278816938400269,-0.017328975722193718,0.00655400799587369,0.007293109316378832,0.0,0.0,0.0,-0.012481643818318844,-0.019522257149219513,-0.010293465107679367,0.0,0.0,-0.010293466039001942,0.064394012093544,0.05026323348283768,0.02934996411204338,0.09827778488397598,0.15551410615444183,5.098217661725357e-05,0.0,0.0,0.0,-0.23287656903266907,10.088459968566895,0.0454254150390625,9.800445556640625,0.25309303402900696,-10.0,-9.880027770996094,14.67492389678955,2.0,2.0,17.789152145385742,0.30357420444488525,0.28977540135383606,0.30357420444488525,0.29744139313697815,0.0,0.30469265580177307,0.30469265580177307,0.30469265580177307,0.30469265580177307,0.0,-0.959823727607727,0.6948122978210449,-10.72630786895752,0.0,0.0,0.0,0.0,0.0,0.0,0.0,0.0,0.0,0.0,0.0,0.0,0.0,0.0,0.0,0.30469274520874023,0.30469274520874023,0.304692804813385,0.30469274520874023,0.33220455050468445,0.04114978387951851,0.04114978387951851,0.39053526520729065,0.4118903577327728,1.074061632156372,1.191715955734253,0.0,0.0,0.0,0.0,0.0,0.0,0.0
76561558223,0,-0.02080148085951805,-0.14620105922222137,-0.12788167595863342,-0.02080148085951805,-0.14620105922222137,-0.8278816938400269,-0.017328975722193718,0.00655400799587369,0.007293109316378832,0.0,0.0,0.0,-0.012481643818318844,-0.019522257149219513,-0.010293465107679367,0.0,0.0,-0.010293466039001942,0.064394012093544,0.05026323348283768,0.02934996411204338,0.09827778488397598,0.15551410615444183,5.098217661725357e-05,0.0,0.0,0.0,-0.23287656903266907,10.088459968566895,0.0454254150390625,9.800445556640625,0.25309303402900696,-10.0,-9.880027770996094,14.67492389678955,2.0,2.0,17.789152145385742,0.30357420444488525,0.28977540135383606,0.30357420444488525,0.29744139313697815,0.0,0.30469265580177307,0.30469265580177307,0.30469265580177307,0.30469265580177307,0.0,-0.959823727607727,0.6948122978210449,-10.72630786895752,0.0,0.0,0.0,0.0,0.0,0.0,0.0,0.0,0.0,0.0,0.0,0.0,0.0,0.0,0.0,0.30469274520874023,0.30469274520874023,0.304692804813385,0.30469274520874023,0.33220455050468445,0.04114978387951851,0.04114978387951851,0.39053526520729065,0.4118903577327728,1.074061632156372,1.191715955734253,0.0,0.0,0.0,0.0,0.0,0.0,0.0
76567728559,0,-0.02080148085951805,-0.14620105922222137,-0.12788167595863342,-0.02080148085951805,-0.14620105922222137,-0.8278816938400269,-0.017328975722193718,0.00655400799587369,0.007293109316378832,0.0,0.0,0.0,-0.012481643818318844,-0.019522257149219513,-0.010293465107679367,0.0,0.0,-0.010293466039001942,0.064394012093544,0.05026323348283768,0.02934996411204338,0.09827778488397598,0.15551410615444183,5.098217661725357e-05,0.0,0.0,0.0,-0.23287656903266907,10.088459968566895,0.0454254150390625,9.800445556640625,0.25309303402900696,-10.0,-9.880027770996094,14.67492389678955,2.0,2.0,17.789152145385742,0.30357420444488525,0.28977540135383606,0.30357420444488525,0.29590821266174316,0.0,0.30469265580177307,0.30469265580177307,0.30469265580177307,0.30469265580177307,0.0,-0.959823727607727,0.6948122978210449,-10.72630786895752,0.0,0.0,0.0,0.0,0.0,0.0,0.0,0.0,0.0,0.0,0.0,0.0,0.0,0.0,0.0,0.30469274520874023,0.30469274520874023,0.304692804813385,0.30469274520874023,0.33220455050468445,0.04114978387951851,0.04114978387951851,0.39053526520729065,0.4118903577327728,1.074061632156372,1.191715955734253,0.0,0.0,0.0,0.0,0.0,0.0,0.0
76579476582,0,-0.02080148085951805,-0.14620105922222137,-0.12788167595863342,-0.02080148085951805,-0.14620105922222137,-0.8278816938400269,-0.017328975722193718,0.00655400799587369,0.007293109316378832,0.0,0.0,0.0,-0.012481643818318844,-0.019522257149219513,-0.010293465107679367,0.0,0.0,-0.010293466039001942,0.064394012093544,0.05026323348283768,0.02934996411204338,0.09827778488397598,0.15551410615444183,5.098217661725357e-05,0.0,0.0,0.0,-0.23287656903266907,10.088459968566895,0.0454254150390625,9.800445556640625,0.25309303402900696,-10.0,-9.880027770996094,14.67492389678955,2.0,2.0,17.789152145385742,0.30357420444488525,0.28977540135383606,0.30357420444488525,0.29744139313697815,0.0,0.30469265580177307,0.30469265580177307,0.30469265580177307,0.30469265580177307,0.0,-0.959823727607727,0.6948122978210449,-10.72630786895752,0.0,0.0,0.0,0.0,0.0,0.0,0.0,0.0,0.0,0.0,0.0,0.0,0.0,0.0,0.0,0.30469274520874023,0.30469274520874023,0.304692804813385,0.30469274520874023,0.33220455050468445,0.04114978387951851,0.04114978387951851,0.39053526520729065,0.4118903577327728,1.074061632156372,1.191715955734253,0.0,0.0,0.0,0.0,0.0,0.0,0.0
76588632818,0,-0.02080148085951805,-0.14620105922222137,-0.12788167595863342,-0.02080148085951805,-0.14620105922222137,-0.8278816938400269,-0.017328975722193718,0.00655400799587369,0.007293109316378832,0.0,0.0,0.0,-0.012481643818318844,-0.019522257149219513,-0.010293465107679367,0.0,0.0,-0.010293466039001942,0.064394012093544,0.05026323348283768,0.02934996411204338,0.09827778488397598,0.15551410615444183,5.098217661725357e-05,0.0,0.0,0.0,-0.23287656903266907,10.088459968566895,0.0454254150390625,9.800445556640625,0.25309303402900696,-10.0,-9.880027770996094,14.67492389678955,2.0,2.0,17.789152145385742,0.30357420444488525,0.28977540135383606,0.30357420444488525,0.29744139313697815,0.0,0.30469265580177307,0.30469265580177307,0.30469265580177307,0.30469265580177307,0.0,-0.959823727607727,0.6948122978210449,-10.72630786895752,0.0,0.0,0.0,0.0,0.0,0.0,0.0,0.0,0.0,0.0,0.0,0.0,0.0,0.0,0.0,0.30469274520874023,0.30469274520874023,0.304692804813385,0.30469274520874023,0.33220455050468445,0.04114978387951851,0.04114978387951851,0.39053526520729065,0.4118903577327728,1.074061632156372,1.191715955734253,0.0,0.0,0.0,0.0,0.0,0.0,0.0
76597621107,0,-0.02080148085951805,-0.14620105922222137,-0.12788167595863342,-0.02080148085951805,-0.14620105922222137,-0.8278816938400269,-0.017328975722193718,0.00655400799587369,0.007293109316378832,0.0,0.0,0.0,-0.012481643818318844,-0.019522257149219513,-0.010293465107679367,0.0,0.0,-0.010293466039001942,0.064394012093544,0.05026323348283768,0.02934996411204338,0.09827778488397598,0.15551410615444183,5.098217661725357e-05,0.0,0.0,0.0,-0.23287656903266907,10.088459968566895,0.0454254150390625,9.800445556640625,0.25309303402900696,-10.0,-9.880027770996094,14.67492389678955,2.0,2.0,17.789152145385742,0.30357420444488525,0.28977540135383606,0.30357420444488525,0.29590821266174316,0.0,0.30469265580177307,0.30469265580177307,0.30469265580177307,0.30469265580177307,0.0,-0.959823727607727,0.6948122978210449,-10.72630786895752,0.0,0.0,0.0,0.0,0.0,0.0,0.0,0.0,0.0,0.0,0.0,0.0,0.0,0.0,0.0,0.30469274520874023,0.30469274520874023,0.304692804813385,0.30469274520874023,0.33220455050468445,0.04114978387951851,0.04114978387951851,0.39053526520729065,0.4118903577327728,1.074061632156372,1.191715955734253,0.0,0.0,0.0,0.0,0.0,0.0,0.0
76608710624,0,-0.02080148085951805,-0.14620105922222137,-0.12788167595863342,-0.02080148085951805,-0.14620105922222137,-0.8278816938400269,-0.017328975722193718,0.00655400799587369,0.007293109316378832,0.0,0.0,0.0,-0.012481643818318844,-0.019522257149219513,-0.010293465107679367,0.0,0.0,-0.010293466039001942,0.064394012093544,0.05026323348283768,0.02934996411204338,0.09827778488397598,0.15551410615444183,5.098217661725357e-05,0.0,0.0,0.0,-0.23287656903266907,10.088459968566895,0.0454254150390625,9.800445556640625,0.25309303402900696,-10.0,-9.880027770996094,14.67492389678955,2.0,2.0,17.789152145385742,0.30357420444488525,0.28977540135383606,0.30357420444488525,0.29744139313697815,0.0,0.30469265580177307,0.30469265580177307,0.30469265580177307,0.30469265580177307,0.0,-0.959823727607727,0.6948122978210449,-10.72630786895752,0.0,0.0,0.0,0.0,0.0,0.0,0.0,0.0,0.0,0.0,0.0,0.0,0.0,0.0,0.0,0.30469274520874023,0.30469274520874023,0.304692804813385,0.30469274520874023,0.33220455050468445,0.04114978387951851,0.04114978387951851,0.39053526520729065,0.4118903577327728,1.074061632156372,1.191715955734253,0.0,0.0,0.0,0.0,0.0,0.0,0.0
76617792419,0,-0.02080148085951805,-0.14620105922222137,-0.12788167595863342,-0.02080148085951805,-0.14620105922222137,-0.8278816938400269,-0.017328975722193718,0.00655400799587369,0.007293109316378832,0.0,0.0,0.0,-0.012481643818318844,-0.019522257149219513,-0.010293465107679367,0.0,0.0,-0.010293466039001942,0.064394012093544,0.05026323348283768,0.02934996411204338,0.09827778488397598,0.15551410615444183,5.098217661725357e-05,0.0,0.0,0.0,-0.23287656903266907,10.088459968566895,0.0454254150390625,9.800445556640625,0.25309303402900696,-10.0,-9.880027770996094,14.67492389678955,2.0,2.0,17.789152145385742,0.30357420444488525,0.28977540135383606,0.30357420444488525,0.29744139313697815,0.0,0.30469265580177307,0.30469265580177307,0.30469265580177307,0.30469265580177307,0.0,-0.959823727607727,0.6948122978210449,-10.72630786895752,0.0,0.0,0.0,0.0,0.0,0.0,0.0,0.0,0.0,0.0,0.0,0.0,0.0,0.0,0.0,0.30469274520874023,0.30469274520874023,0.304692804813385,0.30469274520874023,0.33220455050468445,0.04114978387951851,0.04114978387951851,0.39053526520729065,0.4118903577327728,1.074061632156372,1.191715955734253,0.0,0.0,0.0,0.0,0.0,0.0,0.0
76628046127,0,-0.02080148085951805,-0.14620105922222137,-0.12788167595863342,-0.02080148085951805,-0.14620105922222137,-0.8278816938400269,-0.017328975722193718,0.00655400799587369,0.007293109316378832,0.0,0.0,0.0,-0.012481643818318844,-0.019522257149219513,-0.010293465107679367,0.0,0.0,-0.010293466039001942,0.064394012093544,0.05026323348283768,0.02934996411204338,0.09827778488397598,0.15551410615444183,5.098217661725357e-05,0.0,0.0,0.0,-0.23287656903266907,10.088459968566895,0.0454254150390625,9.800445556640625,0.25309303402900696,-10.0,-9.880027770996094,14.67492389678955,2.0,2.0,17.789152145385742,0.30357420444488525,0.28977540135383606,0.30357420444488525,0.29744139313697815,0.0,0.30469265580177307,0.30469265580177307,0.30469265580177307,0.30469265580177307,0.0,-0.959823727607727,0.6948122978210449,-10.72630786895752,0.0,0.0,0.0,0.0,0.0,0.0,0.0,0.0,0.0,0.0,0.0,0.0,0.0,0.0,0.0,0.30469274520874023,0.30469274520874023,0.304692804813385,0.30469274520874023,0.33220455050468445,0.04114978387951851,0.04114978387951851,0.39053526520729065,0.4118903577327728,1.074061632156372,1.191715955734253,0.0,0.0,0.0,0.0,0.0,0.0,0.0
76637703202,0,-0.02080148085951805,-0.14620105922222137,-0.12788167595863342,-0.02080148085951805,-0.14620105922222137,-0.8278816938400269,-0.017328975722193718,0.00655400799587369,0.007293109316378832,0.0,0.0,0.0,-0.012481643818318844,-0.019522257149219513,-0.010293465107679367,0.0,0.0,-0.010293466039001942,0.064394012093544,0.05026323348283768,0.02934996411204338,0.09827778488397598,0.15551410615444183,5.098217661725357e-05,0.0,0.0,0.0,-0.23287656903266907,10.088459968566895,0.0454254150390625,9.800445556640625,0.25309303402900696,-10.0,-9.880027770996094,14.67492389678955,2.0,2.0,17.789152145385742,0.30357420444488525,0.28977540135383606,0.30357420444488525,0.29744139313697815,0.0,0.30469265580177307,0.30469265580177307,0.30469265580177307,0.30469265580177307,0.0,-0.959823727607727,0.6948122978210449,-10.72630786895752,0.0,0.0,0.0,0.0,0.0,0.0,0.0,0.0,0.0,0.0,0.0,0.0,0.0,0.0,0.0,0.30469274520874023,0.30469274520874023,0.304692804813385,0.30469274520874023,0.33220455050468445,0.04114978387951851,0.04114978387951851,0.39053526520729065,0.4118903577327728,1.074061632156372,1.191715955734253,0.0,0.0,0.0,0.0,0.0,0.0,0.0
76647600138,0,-0.02080148085951805,-0.14620105922222137,-0.12788167595863342,-0.02080148085951805,-0.14620105922222137,-0.8278816938400269,-0.017328975722193718,0.00655400799587369,0.007293109316378832,0.0,0.0,0.0,-0.012481643818318844,-0.019522257149219513,-0.010293465107679367,0.0,0.0,-0.010293466039001942,0.064394012093544,0.05026323348283768,0.02934996411204338,0.09827778488397598,0.15551410615444183,5.098217661725357e-05,0.0,0.0,0.0,-0.23287656903266907,10.088459968566895,0.0454254150390625,9.800445556640625,0.25309303402900696,-10.0,-9.880027770996094,14.67492389678955,2.0,2.0,17.789152145385742,0.30357420444488525,0.28977540135383606,0.30357420444488525,0.29590821266174316,0.0,0.30469265580177307,0.30469265580177307,0.30469265580177307,0.30469265580177307,0.0,-0.959823727607727,0.6948122978210449,-10.72630786895752,0.0,0.0,0.0,0.0,0.0,0.0,0.0,0.0,0.0,0.0,0.0,0.0,0.0,0.0,0.0,0.30469274520874023,0.30469274520874023,0.304692804813385,0.30469274520874023,0.33220455050468445,0.04114978387951851,0.04114978387951851,0.39053526520729065,0.4118903577327728,1.074061632156372,1.191715955734253,0.0,0.0,0.0,0.0,0.0,0.0,0.0
76658194338,0,-0.02080148085951805,-0.14620105922222137,-0.12788167595863342,-0.02080148085951805,-0.14620105922222137,-0.8278816938400269,-0.017328975722193718,0.00655400799587369,0.007293109316378832,0.0,0.0,0.0,-0.012481643818318844,-0.019522257149219513,-0.010293465107679367,0.0,0.0,-0.010293466039001942,0.064394012093544,0.05026323348283768,0.02934996411204338,0.09827778488397598,0.15551410615444183,5.098217661725357e-05,0.0,0.0,0.0,-0.23287656903266907,10.088459968566895,0.0454254150390625,9.800445556640625,0.25309303402900696,-10.0,-9.880027770996094,14.67492389678955,2.0,2.0,17.789152145385742,0.30357420444488525,0.28977540135383606,0.30357420444488525,0.29744139313697815,0.0,0.30469265580177307,0.30469265580177307,0.30469265580177307,0.30469265580177307,0.0,-0.959823727607727,0.6948122978210449,-10.72630786895752,0.0,0.0,0.0,0.0,0.0,0.0,0.0,0.0,0.0,0.0,0.0,0.0,0.0,0.0,0.0,0.30469274520874023,0.30469274520874023,0.304692804813385,0.30469274520874023,0.33220455050468445,0.04114978387951851,0.04114978387951851,0.39053526520729065,0.4118903577327728,1.074061632156372,1.191715955734253,0.0,0.0,0.0,0.0,0.0,0.0,0.0
76667547070,0,-0.02080148085951805,-0.14620105922222137,-0.12788167595863342,-0.02080148085951805,-0.14620105922222137,-0.8278816938400269,-0.017328975722193718,0.00655400799587369,0.007293109316378832,0.0,0.0,0.0,-0.012481643818318844,-0.019522257149219513,-0.010293465107679367,0.0,0.0,-0.010293466039001942,0.064394012093544,0.05026323348283768,0.02934996411204338,0.09827778488397598,0.15551410615444183,5.098217661725357e-05,0.0,0.0,0.0,-0.23287656903266907,10.088459968566895,0.0454254150390625,9.800445556640625,0.25309303402900696,-10.0,-9.880027770996094,14.67492389678955,2.0,2.0,17.789152145385742,0.30357420444488525,0.28977540135383606,0.30357420444488525,0.29590821266174316,0.0,0.30469265580177307,0.30469265580177307,0.30469265580177307,0.30469265580177307,0.0,-0.959823727607727,0.6948122978210449,-10.72630786895752,0.0,0.0,0.0,0.0,0.0,0.0,0.0,0.0,0.0,0.0,0.0,0.0,0.0,0.0,0.0,0.30469274520874023,0.30469274520874023,0.304692804813385,0.30469274520874023,0.33220455050468445,0.04114978387951851,0.04114978387951851,0.39053526520729065,0.4118903577327728,1.074061632156372,1.191715955734253,0.0,0.0,0.0,0.0,0.0,0.0,0.0
76677550297,0,-0.02080148085951805,-0.14620105922222137,-0.12788167595863342,-0.02080148085951805,-0.14620105922222137,-0.8278816938400269,-0.017328975722193718,0.00655400799587369,0.007293109316378832,0.0,0.0,0.0,-0.012481643818318844,-0.019522257149219513,-0.010293465107679367,0.0,0.0,-0.010293466039001942,0.064394012093544,0.05026323348283768,0.02934996411204338,0.09827778488397598,0.15551410615444183,5.098217661725357e-05,0.0,0.0,0.0,-0.23287656903266907,10.088459968566895,0.0454254150390625,9.800445556640625,0.25309303402900696,-10.0,-9.880027770996094,14.67492389678955,2.0,2.0,17.789152145385742,0.30357420444488525,0.28977540135383606,0.30357420444488525,0.29744139313697815,0.0,0.30469265580177307,0.30469265580177307,0.30469265580177307,0.30469265580177307,0.0,-0.959823727607727,0.6948122978210449,-10.72630786895752,0.0,0.0,0.0,0.0,0.0,0.0,0.0,0.0,0.0,0.0,0.0,0.0,0.0,0.0,0.0,0.30469274520874023,0.30469274520874023,0.304692804813385,0.30469274520874023,0.33220455050468445,0.04114978387951851,0.04114978387951851,0.39053526520729065,0.4118903577327728,1.074061632156372,1.191715955734253,0.0,0.0,0.0,0.0,0.0,0.0,0.0
76687814315,0,-0.02080148085951805,-0.14620105922222137,-0.12788167595863342,-0.02080148085951805,-0.14620105922222137,-0.8278816938400269,-0.017328975722193718,0.00655400799587369,0.007293109316378832,0.0,0.0,0.0,-0.012481643818318844,-0.019522257149219513,-0.010293465107679367,0.0,0.0,-0.010293466039001942,0.064394012093544,0.05026323348283768,0.02934996411204338,0.09827778488397598,0.15551410615444183,5.098217661725357e-05,0.0,0.0,0.0,-0.23287656903266907,10.088459968566895,0.0454254150390625,9.800445556640625,0.25309303402900696,-10.0,-9.880027770996094,14.67492389678955,2.0,2.0,17.789152145385742,0.30357420444488525,0.28977540135383606,0.30357420444488525,0.29590821266174316,0.0,0.30469265580177307,0.30469265580177307,0.30469265580177307,0.30469265580177307,0.0,-0.959823727607727,0.6948122978210449,-10.72630786895752,0.0,0.0,0.0,0.0,0.0,0.0,0.0,0.0,0.0,0.0,0.0,0.0,0.0,0.0,0.0,0.30469274520874023,0.30469274520874023,0.304692804813385,0.30469274520874023,0.33220455050468445,0.04114978387951851,0.04114978387951851,0.39053526520729065,0.4118903577327728,1.074061632156372,1.191715955734253,0.0,0.0,0.0,0.0,0.0,0.0,0.0
76699880507,0,-0.02080148085951805,-0.14620105922222137,-0.12788167595863342,-0.02080148085951805,-0.14620105922222137,-0.8278816938400269,-0.017328975722193718,0.00655400799587369,0.007293109316378832,0.0,0.0,0.0,-0.012481643818318844,-0.019522257149219513,-0.010293465107679367,0.0,0.0,-0.010293466039001942,0.064394012093544,0.05026323348283768,0.02934996411204338,0.09827778488397598,0.15551410615444183,5.098217661725357e-05,0.0,0.0,0.0,-0.23287656903266907,10.088459968566895,0.0454254150390625,9.800445556640625,0.25309303402900696,-10.0,-9.880027770996094,14.67492389678955,2.0,2.0,17.789152145385742,0.30357420444488525,0.28977540135383606,0.30357420444488525,0.29744139313697815,0.0,0.30469265580177307,0.30469265580177307,0.30469265580177307,0.30469265580177307,0.0,-0.959823727607727,0.6948122978210449,-10.72630786895752,0.0,0.0,0.0,0.0,0.0,0.0,0.0,0.0,0.0,0.0,0.0,0.0,0.0,0.0,0.0,0.30469274520874023,0.30469274520874023,0.304692804813385,0.30469274520874023,0.33220455050468445,0.04114978387951851,0.04114978387951851,0.39053526520729065,0.4118903577327728,1.074061632156372,1.191715955734253,0.0,0.0,0.0,0.0,0.0,0.0,0.0
76708273526,0,-0.02080148085951805,-0.14620105922222137,-0.12788167595863342,-0.02080148085951805,-0.14620105922222137,-0.8278816938400269,-0.017328975722193718,0.00655400799587369,0.007293109316378832,0.0,0.0,0.0,-0.012481643818318844,-0.019522257149219513,-0.010293465107679367,0.0,0.0,-0.010293466039001942,0.064394012093544,0.05026323348283768,0.02934996411204338,0.09827778488397598,0.15551410615444183,5.098217661725357e-05,0.0,0.0,0.0,-0.23287656903266907,10.088459968566895,0.0454254150390625,9.800445556640625,0.25309303402900696,-10.0,-9.880027770996094,14.67492389678955,2.0,2.0,17.789152145385742,0.30357420444488525,0.28977540135383606,0.30204102396965027,0.29744139313697815,0.0,0.30469265580177307,0.30469265580177307,0.30469265580177307,0.30469265580177307,0.0,-0.959823727607727,0.6948122978210449,-10.72630786895752,0.0,0.0,0.0,0.0,0.0,0.0,0.0,0.0,0.0,0.0,0.0,0.0,0.0,0.0,0.0,0.30469274520874023,0.30469274520874023,0.304692804813385,0.30469274520874023,0.33220455050468445,0.04114978387951851,0.04114978387951851,0.39053526520729065,0.4118903577327728,1.074061632156372,1.191715955734253,0.0,0.0,0.0,0.0,0.0,0.0,0.0
76717858880,0,-0.02080148085951805,-0.14620105922222137,-0.12788167595863342,-0.02080148085951805,-0.14620105922222137,-0.8278816938400269,-0.017328975722193718,0.00655400799587369,0.007293109316378832,0.0,0.0,0.0,-0.012481643818318844,-0.019522257149219513,-0.010293465107679367,0.0,0.0,-0.010293466039001942,0.064394012093544,0.05026323348283768,0.02934996411204338,0.09827778488397598,0.15551410615444183,5.098217661725357e-05,0.0,0.0,0.0,-0.23287656903266907,10.088459968566895,0.0454254150390625,9.800445556640625,0.25309303402900696,-10.0,-9.880027770996094,14.67492389678955,2.0,2.0,17.789152145385742,0.30357420444488525,0.28977540135383606,0.30357420444488525,0.29744139313697815,0.0,0.30469265580177307,0.30469265580177307,0.30469265580177307,0.30469265580177307,0.0,-0.959823727607727,0.6948122978210449,-10.72630786895752,0.0,0.0,0.0,0.0,0.0,0.0,0.0,0.0,0.0,0.0,0.0,0.0,0.0,0.0,0.0,0.30469274520874023,0.30469274520874023,0.304692804813385,0.30469274520874023,0.33220455050468445,0.04114978387951851,0.04114978387951851,0.39053526520729065,0.4118903577327728,1.074061632156372,1.191715955734253,0.0,0.0,0.0,0.0,0.0,0.0,0.0
76728395804,0,-0.02080148085951805,-0.14620105922222137,-0.12788167595863342,-0.02080148085951805,-0.14620105922222137,-0.8278816938400269,-0.017328975722193718,0.00655400799587369,0.007293109316378832,0.0,0.0,0.0,-0.012481643818318844,-0.019522257149219513,-0.010293465107679367,0.0,0.0,-0.010293466039001942,0.064394012093544,0.05026323348283768,0.02934996411204338,0.09827778488397598,0.15551410615444183,5.098217661725357e-05,0.0,0.0,0.0,-0.23287656903266907,10.088459968566895,0.0454254150390625,9.800445556640625,0.25309303402900696,-10.0,-9.880027770996094,14.67492389678955,2.0,2.0,17.789152145385742,0.30357420444488525,0.28977540135383606,0.30357420444488525,0.29590821266174316,0.0,0.30469265580177307,0.30469265580177307,0.30469265580177307,0.30469265580177307,0.0,-0.959823727607727,0.6948122978210449,-10.72630786895752,0.0,0.0,0.0,0.0,0.0,0.0,0.0,0.0,0.0,0.0,0.0,0.0,0.0,0.0,0.0,0.30469274520874023,0.30469274520874023,0.304692804813385,0.30469274520874023,0.33220455050468445,0.04114978387951851,0.04114978387951851,0.39053526520729065,0.4118903577327728,1.074061632156372,1.191715955734253,0.0,0.0,0.0,0.0,0.0,0.0,0.0
76738135938,0,-0.02080148085951805,-0.14620105922222137,-0.12788167595863342,-0.02080148085951805,-0.14620105922222137,-0.8278816938400269,-0.017328975722193718,0.00655400799587369,0.007293109316378832,0.0,0.0,0.0,-0.012481643818318844,-0.019522257149219513,-0.010293465107679367,0.0,0.0,-0.010293466039001942,0.064394012093544,0.05026323348283768,0.02934996411204338,0.09827778488397598,0.15551410615444183,5.098217661725357e-05,0.0,0.0,0.0,-0.23287656903266907,10.088459968566895,0.0454254150390625,9.800445556640625,0.25309303402900696,-10.0,-9.880027770996094,14.67492389678955,2.0,2.0,17.789152145385742,0.30357420444488525,0.28977540135383606,0.30357420444488525,0.29744139313697815,0.0,0.30469265580177307,0.30469265580177307,0.30469265580177307,0.30469265580177307,0.0,-0.959823727607727,0.6948122978210449,-10.72630786895752,0.0,0.0,0.0,0.0,0.0,0.0,0.0,0.0,0.0,0.0,0.0,0.0,0.0,0.0,0.0,0.30469274520874023,0.30469274520874023,0.304692804813385,0.30469274520874023,0.33220455050468445,0.04114978387951851,0.04114978387951851,0.39053526520729065,0.4118903577327728,1.074061632156372,1.191715955734253,0.0,0.0,0.0,0.0,0.0,0.0,0.0
76747960875,0,-0.02080148085951805,-0.14620105922222137,-0.12788167595863342,-0.02080148085951805,-0.14620105922222137,-0.8278816938400269,-0.017328975722193718,0.00655400799587369,0.007293109316378832,0.0,0.0,0.0,-0.012481643818318844,-0.019522257149219513,-0.010293465107679367,0.0,0.0,-0.010293466039001942,0.064394012093544,0.05026323348283768,0.02934996411204338,0.09827778488397598,0.15551410615444183,5.098217661725357e-05,0.0,0.0,0.0,-0.23287656903266907,10.088459968566895,0.0454254150390625,9.800445556640625,0.25309303402900696,-10.0,-9.880027770996094,14.67492389678955,2.0,2.0,17.789152145385742,0.30357420444488525,0.28977540135383606,0.30357420444488525,0.29590821266174316,0.0,0.30469265580177307,0.30469265580177307,0.30469265580177307,0.30469265580177307,0.0,-0.959823727607727,0.6948122978210449,-10.72630786895752,0.0,0.0,0.0,0.0,0.0,0.0,0.0,0.0,0.0,0.0,0.0,0.0,0.0,0.0,0.0,0.30469274520874023,0.30469274520874023,0.304692804813385,0.30469274520874023,0.33220455050468445,0.04114978387951851,0.04114978387951851,0.39053526520729065,0.4118903577327728,1.074061632156372,1.191715955734253,0.0,0.0,0.0,0.0,0.0,0.0,0.0
76758085453,0,-0.02080148085951805,-0.14620105922222137,-0.12788167595863342,-0.02080148085951805,-0.14620105922222137,-0.8278816938400269,-0.017328975722193718,0.00655400799587369,0.007293109316378832,0.0,0.0,0.0,-0.012481643818318844,-0.019522257149219513,-0.010293465107679367,0.0,0.0,-0.010293466039001942,0.064394012093544,0.05026323348283768,0.02934996411204338,0.09827778488397598,0.15551410615444183,5.098217661725357e-05,0.0,0.0,0.0,-0.23287656903266907,10.088459968566895,0.0454254150390625,9.800445556640625,0.25309303402900696,-10.0,-9.880027770996094,14.67492389678955,2.0,2.0,17.789152145385742,0.30357420444488525,0.28977540135383606,0.30357420444488525,0.29590821266174316,0.0,0.30469265580177307,0.30469265580177307,0.30469265580177307,0.30469265580177307,0.0,-0.959823727607727,0.6948122978210449,-10.72630786895752,0.0,0.0,0.0,0.0,0.0,0.0,0.0,0.0,0.0,0.0,0.0,0.0,0.0,0.0,0.0,0.30469274520874023,0.30469274520874023,0.304692804813385,0.30469274520874023,0.33220455050468445,0.04114978387951851,0.04114978387951851,0.39053526520729065,0.4118903577327728,1.074061632156372,1.191715955734253,0.0,0.0,0.0,0.0,0.0,0.0,0.0
76767772816,0,-0.02080148085951805,-0.14620105922222137,-0.12788167595863342,-0.02080148085951805,-0.14620105922222137,-0.8278816938400269,-0.017328975722193718,0.00655400799587369,0.007293109316378832,0.0,0.0,0.0,-0.012481643818318844,-0.019522257149219513,-0.010293465107679367,0.0,0.0,-0.010293466039001942,0.064394012093544,0.05026323348283768,0.02934996411204338,0.09827778488397598,0.15551410615444183,5.098217661725357e-05,0.0,0.0,0.0,-0.23287656903266907,10.088459968566895,0.0454254150390625,9.800445556640625,0.25309303402900696,-10.0,-9.880027770996094,14.67492389678955,2.0,2.0,17.789152145385742,0.30357420444488525,0.28977540135383606,0.30357420444488525,0.29590821266174316,0.0,0.30469265580177307,0.30469265580177307,0.30469265580177307,0.30469265580177307,0.0,-0.959823727607727,0.6948122978210449,-10.72630786895752,0.0,0.0,0.0,0.0,0.0,0.0,0.0,0.0,0.0,0.0,0.0,0.0,0.0,0.0,0.0,0.30469274520874023,0.30469274520874023,0.304692804813385,0.30469274520874023,0.33220455050468445,0.04114978387951851,0.04114978387951851,0.39053526520729065,0.4118903577327728,1.074061632156372,1.191715955734253,0.0,0.0,0.0,0.0,0.0,0.0,0.0
76777883508,0,-0.02080148085951805,-0.14620105922222137,-0.12788167595863342,-0.02080148085951805,-0.14620105922222137,-0.8278816938400269,-0.017328975722193718,0.00655400799587369,0.007293109316378832,0.0,0.0,0.0,-0.012481643818318844,-0.019522257149219513,-0.010293465107679367,0.0,0.0,-0.010293466039001942,0.064394012093544,0.05026323348283768,0.02934996411204338,0.09827778488397598,0.15551410615444183,5.098217661725357e-05,0.0,0.0,0.0,-0.23287656903266907,10.088459968566895,0.0454254150390625,9.800445556640625,0.25309303402900696,-10.0,-9.880027770996094,14.67492389678955,2.0,2.0,17.789152145385742,0.30357420444488525,0.28977540135383606,0.30357420444488525,0.29744139313697815,0.0,0.30469265580177307,0.30469265580177307,0.30469265580177307,0.30469265580177307,0.0,-0.959823727607727,0.6948122978210449,-10.72630786895752,0.0,0.0,0.0,0.0,0.0,0.0,0.0,0.0,0.0,0.0,0.0,0.0,0.0,0.0,0.0,0.30469274520874023,0.30469274520874023,0.304692804813385,0.30469274520874023,0.33220455050468445,0.04114978387951851,0.04114978387951851,0.39053526520729065,0.4118903577327728,1.074061632156372,1.191715955734253,0.0,0.0,0.0,0.0,0.0,0.0,0.0
76788041094,0,-0.02080148085951805,-0.14620105922222137,-0.12788167595863342,-0.02080148085951805,-0.14620105922222137,-0.8278816938400269,-0.017328975722193718,0.00655400799587369,0.007293109316378832,0.0,0.0,0.0,-0.012481643818318844,-0.019522257149219513,-0.010293465107679367,0.0,0.0,-0.010293466039001942,0.064394012093544,0.05026323348283768,0.02934996411204338,0.09827778488397598,0.15551410615444183,5.098217661725357e-05,0.0,0.0,0.0,-0.23287656903266907,10.088459968566895,0.0454254150390625,9.800445556640625,0.25309303402900696,-10.0,-9.880027770996094,14.67492389678955,2.0,2.0,17.789152145385742,0.30357420444488525,0.28977540135383606,0.30357420444488525,0.29744139313697815,0.0,0.30469265580177307,0.30469265580177307,0.30469265580177307,0.30469265580177307,0.0,-0.959823727607727,0.6948122978210449,-10.72630786895752,0.0,0.0,0.0,0.0,0.0,0.0,0.0,0.0,0.0,0.0,0.0,0.0,0.0,0.0,0.0,0.30469274520874023,0.30469274520874023,0.304692804813385,0.30469274520874023,0.33220455050468445,0.04114978387951851,0.04114978387951851,0.39053526520729065,0.4118903577327728,1.074061632156372,1.191715955734253,0.0,0.0,0.0,0.0,0.0,0.0,0.0
76798651709,0,-0.02080148085951805,-0.14620105922222137,-0.12788167595863342,-0.02080148085951805,-0.14620105922222137,-0.8278816938400269,-0.017328975722193718,0.00655400799587369,0.007293109316378832,0.0,0.0,0.0,-0.012481643818318844,-0.019522257149219513,-0.010293465107679367,0.0,0.0,-0.010293466039001942,0.064394012093544,0.05026323348283768,0.02934996411204338,0.09827778488397598,0.15551410615444183,5.098217661725357e-05,0.0,0.0,0.0,-0.23287656903266907,10.088459968566895,0.0454254150390625,9.800445556640625,0.25309303402900696,-10.0,-9.880027770996094,14.67492389678955,2.0,2.0,17.789152145385742,0.30357420444488525,0.28977540135383606,0.30357420444488525,0.29590821266174316,0.0,0.30469265580177307,0.30469265580177307,0.30469265580177307,0.30469265580177307,0.0,-0.959823727607727,0.6948122978210449,-10.72630786895752,0.0,0.0,0.0,0.0,0.0,0.0,0.0,0.0,0.0,0.0,0.0,0.0,0.0,0.0,0.0,0.30469274520874023,0.30469274520874023,0.304692804813385,0.30469274520874023,0.33220455050468445,0.04114978387951851,0.04114978387951851,0.39053526520729065,0.4118903577327728,1.074061632156372,1.191715955734253,0.0,0.0,0.0,0.0,0.0,0.0,0.0
76809173075,0,-0.02080148085951805,-0.14620105922222137,-0.12788167595863342,-0.02080148085951805,-0.14620105922222137,-0.8278816938400269,-0.017328975722193718,0.00655400799587369,0.007293109316378832,0.0,0.0,0.0,-0.012481643818318844,-0.019522257149219513,-0.010293465107679367,0.0,0.0,-0.010293466039001942,0.064394012093544,0.05026323348283768,0.02934996411204338,0.09827778488397598,0.15551410615444183,5.098217661725357e-05,0.0,0.0,0.0,-0.23287656903266907,10.088459968566895,0.0454254150390625,9.800445556640625,0.25309303402900696,-10.0,-9.880027770996094,14.67492389678955,2.0,2.0,17.789152145385742,0.30357420444488525,0.28977540135383606,0.30357420444488525,0.29590821266174316,0.0,0.30469265580177307,0.30469265580177307,0.30469265580177307,0.30469265580177307,0.0,-0.959823727607727,0.6948122978210449,-10.72630786895752,0.0,0.0,0.0,0.0,0.0,0.0,0.0,0.0,0.0,0.0,0.0,0.0,0.0,0.0,0.0,0.30469274520874023,0.30469274520874023,0.304692804813385,0.30469274520874023,0.33220455050468445,0.04114978387951851,0.04114978387951851,0.39053526520729065,0.4118903577327728,1.074061632156372,1.191715955734253,0.0,0.0,0.0,0.0,0.0,0.0,0.0
76818014140,0,-0.02080148085951805,-0.14620105922222137,-0.12788167595863342,-0.02080148085951805,-0.14620105922222137,-0.8278816938400269,-0.017328975722193718,0.00655400799587369,0.007293109316378832,0.0,0.0,0.0,-0.012481643818318844,-0.019522257149219513,-0.010293465107679367,0.0,0.0,-0.010293466039001942,0.064394012093544,0.05026323348283768,0.02934996411204338,0.09827778488397598,0.15551410615444183,5.098217661725357e-05,0.0,0.0,0.0,-0.23287656903266907,10.088459968566895,0.0454254150390625,9.800445556640625,0.25309303402900696,-10.0,-9.880027770996094,14.67492389678955,2.0,2.0,17.789152145385742,0.30357420444488525,0.28977540135383606,0.30357420444488525,0.29590821266174316,0.0,0.30469265580177307,0.30469265580177307,0.30469265580177307,0.30469265580177307,0.0,-0.959823727607727,0.6948122978210449,-10.72630786895752,0.0,0.0,0.0,0.0,0.0,0.0,0.0,0.0,0.0,0.0,0.0,0.0,0.0,0.0,0.0,0.30469274520874023,0.30469274520874023,0.304692804813385,0.30469274520874023,0.33220455050468445,0.04114978387951851,0.04114978387951851,0.39053526520729065,0.4118903577327728,1.074061632156372,1.191715955734253,0.0,0.0,0.0,0.0,0.0,0.0,0.0
76827568970,0,-0.02080148085951805,-0.14620105922222137,-0.12788167595863342,-0.02080148085951805,-0.14620105922222137,-0.8278816938400269,-0.017328975722193718,0.00655400799587369,0.007293109316378832,0.0,0.0,0.0,-0.012481643818318844,-0.019522257149219513,-0.010293465107679367,0.0,0.0,-0.010293466039001942,0.064394012093544,0.05026323348283768,0.02934996411204338,0.09827778488397598,0.15551410615444183,5.098217661725357e-05,0.0,0.0,0.0,-0.23287656903266907,10.088459968566895,0.0454254150390625,9.800445556640625,0.25309303402900696,-10.0,-9.880027770996094,14.67492389678955,2.0,2.0,17.789152145385742,0.30357420444488525,0.28977540135383606,0.30357420444488525,0.29744139313697815,0.0,0.30469265580177307,0.30469265580177307,0.30469265580177307,0.30469265580177307,0.0,-0.959823727607727,0.6948122978210449,-10.72630786895752,0.0,0.0,0.0,0.0,0.0,0.0,0.0,0.0,0.0,0.0,0.0,0.0,0.0,0.0,0.0,0.30469274520874023,0.30469274520874023,0.304692804813385,0.30469274520874023,0.33220455050468445,0.04114978387951851,0.04114978387951851,0.39053526520729065,0.4118903577327728,1.074061632156372,1.191715955734253,0.0,0.0,0.0,0.0,0.0,0.0,0.0
76837312070,0,-0.02080148085951805,-0.14620105922222137,-0.12788167595863342,-0.02080148085951805,-0.14620105922222137,-0.8278816938400269,-0.017328975722193718,0.00655400799587369,0.007293109316378832,0.0,0.0,0.0,-0.012481643818318844,-0.019522257149219513,-0.010293465107679367,0.0,0.0,-0.010293466039001942,0.064394012093544,0.05026323348283768,0.02934996411204338,0.09827778488397598,0.15551410615444183,5.098217661725357e-05,0.0,0.0,0.0,-0.23287656903266907,10.088459968566895,0.0454254150390625,9.800445556640625,0.25309303402900696,-10.0,-9.880027770996094,14.67492389678955,2.0,2.0,17.789152145385742,0.30357420444488525,0.28977540135383606,0.30357420444488525,0.29744139313697815,0.0,0.30469265580177307,0.30469265580177307,0.30469265580177307,0.30469265580177307,0.0,-0.959823727607727,0.6948122978210449,-10.72630786895752,0.0,0.0,0.0,0.0,0.0,0.0,0.0,0.0,0.0,0.0,0.0,0.0,0.0,0.0,0.0,0.30469274520874023,0.30469274520874023,0.304692804813385,0.30469274520874023,0.33220455050468445,0.04114978387951851,0.04114978387951851,0.39053526520729065,0.4118903577327728,1.074061632156372,1.191715955734253,0.0,0.0,0.0,0.0,0.0,0.0,0.0
76847410601,0,-0.02080148085951805,-0.14620105922222137,-0.12788167595863342,-0.02080148085951805,-0.14620105922222137,-0.8278816938400269,-0.017328975722193718,0.00655400799587369,0.007293109316378832,0.0,0.0,0.0,-0.012481643818318844,-0.019522257149219513,-0.010293465107679367,0.0,0.0,-0.010293466039001942,0.064394012093544,0.05026323348283768,0.02934996411204338,0.09827778488397598,0.15551410615444183,5.098217661725357e-05,0.0,0.0,0.0,-0.23287656903266907,10.088459968566895,0.0454254150390625,9.800445556640625,0.25309303402900696,-10.0,-9.880027770996094,14.67492389678955,2.0,2.0,17.789152145385742,0.30357420444488525,0.28977540135383606,0.30357420444488525,0.29744139313697815,0.0,0.30469265580177307,0.30469265580177307,0.30469265580177307,0.30469265580177307,0.0,-0.959823727607727,0.6948122978210449,-10.72630786895752,0.0,0.0,0.0,0.0,0.0,0.0,0.0,0.0,0.0,0.0,0.0,0.0,0.0,0.0,0.0,0.30469274520874023,0.30469274520874023,0.304692804813385,0.30469274520874023,0.33220455050468445,0.04114978387951851,0.04114978387951851,0.39053526520729065,0.4118903577327728,1.074061632156372,1.191715955734253,0.0,0.0,0.0,0.0,0.0,0.0,0.0
76857380901,0,-0.02080148085951805,-0.14620105922222137,-0.12788167595863342,-0.02080148085951805,-0.14620105922222137,-0.8278816938400269,-0.017328975722193718,0.00655400799587369,0.007293109316378832,0.0,0.0,0.0,-0.012481643818318844,-0.019522257149219513,-0.010293465107679367,0.0,0.0,-0.010293466039001942,0.064394012093544,0.05026323348283768,0.02934996411204338,0.09827778488397598,0.15551410615444183,5.098217661725357e-05,0.0,0.0,0.0,-0.23287656903266907,10.088459968566895,0.0454254150390625,9.800445556640625,0.25309303402900696,-10.0,-9.880027770996094,14.67492389678955,2.0,2.0,17.789152145385742,0.30357420444488525,0.28977540135383606,0.30357420444488525,0.29744139313697815,0.0,0.30469265580177307,0.30469265580177307,0.30469265580177307,0.30469265580177307,0.0,-0.959823727607727,0.6948122978210449,-10.72630786895752,0.0,0.0,0.0,0.0,0.0,0.0,0.0,0.0,0.0,0.0,0.0,0.0,0.0,0.0,0.0,0.30469274520874023,0.30469274520874023,0.304692804813385,0.30469274520874023,0.33220455050468445,0.04114978387951851,0.04114978387951851,0.39053526520729065,0.4118903577327728,1.074061632156372,1.191715955734253,0.0,0.0,0.0,0.0,0.0,0.0,0.0
76867381471,0,-0.02080148085951805,-0.14620105922222137,-0.12788167595863342,-0.02080148085951805,-0.14620105922222137,-0.8278816938400269,-0.017328975722193718,0.00655400799587369,0.007293109316378832,0.0,0.0,0.0,-0.012481643818318844,-0.019522257149219513,-0.010293465107679367,0.0,0.0,-0.010293466039001942,0.064394012093544,0.05026323348283768,0.02934996411204338,0.09827778488397598,0.15551410615444183,5.098217661725357e-05,0.0,0.0,0.0,-0.23287656903266907,10.088459968566895,0.0454254150390625,9.800445556640625,0.25309303402900696,-10.0,-9.880027770996094,14.67492389678955,2.0,2.0,17.789152145385742,0.30357420444488525,0.28977540135383606,0.30357420444488525,0.29744139313697815,0.0,0.30469265580177307,0.30469265580177307,0.30469265580177307,0.30469265580177307,0.0,-0.959823727607727,0.6948122978210449,-10.72630786895752,0.0,0.0,0.0,0.0,0.0,0.0,0.0,0.0,0.0,0.0,0.0,0.0,0.0,0.0,0.0,0.30469274520874023,0.30469274520874023,0.304692804813385,0.30469274520874023,0.33220455050468445,0.04114978387951851,0.04114978387951851,0.39053526520729065,0.4118903577327728,1.074061632156372,1.191715955734253,0.0,0.0,0.0,0.0,0.0,0.0,0.0
76877463747,0,-0.02080148085951805,-0.14620105922222137,-0.12788167595863342,-0.02080148085951805,-0.14620105922222137,-0.8278816938400269,-0.017328975722193718,0.00655400799587369,0.007293109316378832,0.0,0.0,0.0,-0.012481643818318844,-0.019522257149219513,-0.010293465107679367,0.0,0.0,-0.010293466039001942,0.064394012093544,0.05026323348283768,0.02934996411204338,0.09827778488397598,0.15551410615444183,5.098217661725357e-05,0.0,0.0,0.0,-0.23287656903266907,10.088459968566895,0.0454254150390625,9.800445556640625,0.25309303402900696,-10.0,-9.880027770996094,14.67492389678955,2.0,2.0,17.789152145385742,0.30357420444488525,0.28977540135383606,0.30357420444488525,0.29744139313697815,0.0,0.30469265580177307,0.30469265580177307,0.30469265580177307,0.30469265580177307,0.0,-0.959823727607727,0.6948122978210449,-10.72630786895752,0.0,0.0,0.0,0.0,0.0,0.0,0.0,0.0,0.0,0.0,0.0,0.0,0.0,0.0,0.0,0.30469274520874023,0.30469274520874023,0.304692804813385,0.30469274520874023,0.33220455050468445,0.04114978387951851,0.04114978387951851,0.39053526520729065,0.4118903577327728,1.074061632156372,1.191715955734253,0.0,0.0,0.0,0.0,0.0,0.0,0.0
76888234063,0,-0.02080148085951805,-0.14620105922222137,-0.12788167595863342,-0.02080148085951805,-0.14620105922222137,-0.8278816938400269,-0.017328975722193718,0.00655400799587369,0.007293109316378832,0.0,0.0,0.0,-0.012481643818318844,-0.019522257149219513,-0.010293465107679367,0.0,0.0,-0.010293466039001942,0.064394012093544,0.05026323348283768,0.02934996411204338,0.09827778488397598,0.15551410615444183,5.098217661725357e-05,0.0,0.0,0.0,-0.23287656903266907,10.088459968566895,0.0454254150390625,9.800445556640625,0.25309303402900696,-10.0,-9.880027770996094,14.67492389678955,2.0,2.0,17.789152145385742,0.30357420444488525,0.28977540135383606,0.30204102396965027,0.29590821266174316,0.0,0.30469265580177307,0.30469265580177307,0.30469265580177307,0.30469265580177307,0.0,-0.959823727607727,0.6948122978210449,-10.72630786895752,0.0,0.0,0.0,0.0,0.0,0.0,0.0,0.0,0.0,0.0,0.0,0.0,0.0,0.0,0.0,0.30469274520874023,0.30469274520874023,0.304692804813385,0.30469274520874023,0.33220455050468445,0.04114978387951851,0.04114978387951851,0.39053526520729065,0.4118903577327728,1.074061632156372,1.191715955734253,0.0,0.0,0.0,0.0,0.0,0.0,0.0
76897372840,0,-0.02080148085951805,-0.14620105922222137,-0.12788167595863342,-0.02080148085951805,-0.14620105922222137,-0.8278816938400269,-0.017328975722193718,0.00655400799587369,0.007293109316378832,0.0,0.0,0.0,-0.012481643818318844,-0.019522257149219513,-0.010293465107679367,0.0,0.0,-0.010293466039001942,0.064394012093544,0.05026323348283768,0.02934996411204338,0.09827778488397598,0.15551410615444183,5.098217661725357e-05,0.0,0.0,0.0,-0.23287656903266907,10.088459968566895,0.0454254150390625,9.800445556640625,0.25309303402900696,-10.0,-9.880027770996094,14.67492389678955,2.0,2.0,17.789152145385742,0.30357420444488525,0.28977540135383606,0.30357420444488525,0.29744139313697815,0.0,0.30469265580177307,0.30469265580177307,0.30469265580177307,0.30469265580177307,0.0,-0.959823727607727,0.6948122978210449,-10.72630786895752,0.0,0.0,0.0,0.0,0.0,0.0,0.0,0.0,0.0,0.0,0.0,0.0,0.0,0.0,0.0,0.30469274520874023,0.30469274520874023,0.304692804813385,0.30469274520874023,0.33220455050468445,0.04114978387951851,0.04114978387951851,0.39053526520729065,0.4118903577327728,1.074061632156372,1.191715955734253,0.0,0.0,0.0,0.0,0.0,0.0,0.0
76908105983,0,-0.02080148085951805,-0.14620105922222137,-0.12788167595863342,-0.02080148085951805,-0.14620105922222137,-0.8278816938400269,-0.017328975722193718,0.00655400799587369,0.007293109316378832,0.0,0.0,0.0,-0.012481643818318844,-0.019522257149219513,-0.010293465107679367,0.0,0.0,-0.010293466039001942,0.064394012093544,0.05026323348283768,0.02934996411204338,0.09827778488397598,0.15551410615444183,5.098217661725357e-05,0.0,0.0,0.0,-0.23287656903266907,10.088459968566895,0.0454254150390625,9.800445556640625,0.25309303402900696,-10.0,-9.880027770996094,14.67492389678955,2.0,2.0,17.789152145385742,0.30357420444488525,0.28977540135383606,0.30357420444488525,0.29744139313697815,0.0,0.30469265580177307,0.30469265580177307,0.30469265580177307,0.30469265580177307,0.0,-0.959823727607727,0.6948122978210449,-10.72630786895752,0.0,0.0,0.0,0.0,0.0,0.0,0.0,0.0,0.0,0.0,0.0,0.0,0.0,0.0,0.0,0.30469274520874023,0.30469274520874023,0.304692804813385,0.30469274520874023,0.33220455050468445,0.04114978387951851,0.04114978387951851,0.39053526520729065,0.4118903577327728,1.074061632156372,1.191715955734253,0.0,0.0,0.0,0.0,0.0,0.0,0.0
76917596574,0,-0.02080148085951805,-0.14620105922222137,-0.12788167595863342,-0.02080148085951805,-0.14620105922222137,-0.8278816938400269,-0.017328975722193718,0.00655400799587369,0.007293109316378832,0.0,0.0,0.0,-0.012481643818318844,-0.019522257149219513,-0.010293465107679367,0.0,0.0,-0.010293466039001942,0.064394012093544,0.05026323348283768,0.02934996411204338,0.09827778488397598,0.15551410615444183,5.098217661725357e-05,0.0,0.0,0.0,-0.23287656903266907,10.088459968566895,0.0454254150390625,9.800445556640625,0.25309303402900696,-10.0,-9.880027770996094,14.67492389678955,2.0,2.0,17.789152145385742,0.30357420444488525,0.28977540135383606,0.30357420444488525,0.29744139313697815,0.0,0.30469265580177307,0.30469265580177307,0.30469265580177307,0.30469265580177307,0.0,-0.959823727607727,0.6948122978210449,-10.72630786895752,0.0,0.0,0.0,0.0,0.0,0.0,0.0,0.0,0.0,0.0,0.0,0.0,0.0,0.0,0.0,0.30469274520874023,0.30469274520874023,0.304692804813385,0.30469274520874023,0.33220455050468445,0.04114978387951851,0.04114978387951851,0.39053526520729065,0.4118903577327728,1.074061632156372,1.191715955734253,0.0,0.0,0.0,0.0,0.0,0.0,0.0
76928159572,0,-0.02080148085951805,-0.14620105922222137,-0.12788167595863342,-0.02080148085951805,-0.14620105922222137,-0.8278816938400269,-0.017328975722193718,0.00655400799587369,0.007293109316378832,0.0,0.0,0.0,-0.012481643818318844,-0.019522257149219513,-0.010293465107679367,0.0,0.0,-0.010293466039001942,0.064394012093544,0.05026323348283768,0.02934996411204338,0.09827778488397598,0.15551410615444183,5.098217661725357e-05,0.0,0.0,0.0,-0.23287656903266907,10.088459968566895,0.0454254150390625,9.800445556640625,0.25309303402900696,-10.0,-9.880027770996094,14.67492389678955,2.0,2.0,17.789152145385742,0.30357420444488525,0.28977540135383606,0.30357420444488525,0.29744139313697815,0.0,0.30469265580177307,0.30469265580177307,0.30469265580177307,0.30469265580177307,0.0,-0.959823727607727,0.6948122978210449,-10.72630786895752,0.0,0.0,0.0,0.0,0.0,0.0,0.0,0.0,0.0,0.0,0.0,0.0,0.0,0.0,0.0,0.30469274520874023,0.30469274520874023,0.304692804813385,0.30469274520874023,0.33220455050468445,0.04114978387951851,0.04114978387951851,0.39053526520729065,0.4118903577327728,1.074061632156372,1.191715955734253,0.0,0.0,0.0,0.0,0.0,0.0,0.0
76937622960,0,-0.02080148085951805,-0.14620105922222137,-0.12788167595863342,-0.02080148085951805,-0.14620105922222137,-0.8278816938400269,-0.017328975722193718,0.00655400799587369,0.007293109316378832,0.0,0.0,0.0,-0.012481643818318844,-0.019522257149219513,-0.010293465107679367,0.0,0.0,-0.010293466039001942,0.064394012093544,0.05026323348283768,0.02934996411204338,0.09827778488397598,0.15551410615444183,5.098217661725357e-05,0.0,0.0,0.0,-0.23287656903266907,10.088459968566895,0.0454254150390625,9.800445556640625,0.25309303402900696,-10.0,-9.880027770996094,14.67492389678955,2.0,2.0,17.789152145385742,0.30357420444488525,0.28977540135383606,0.30357420444488525,0.29744139313697815,0.0,0.30469265580177307,0.30469265580177307,0.30469265580177307,0.30469265580177307,0.0,-0.959823727607727,0.6948122978210449,-10.72630786895752,0.0,0.0,0.0,0.0,0.0,0.0,0.0,0.0,0.0,0.0,0.0,0.0,0.0,0.0,0.0,0.30469274520874023,0.30469274520874023,0.304692804813385,0.30469274520874023,0.33220455050468445,0.04114978387951851,0.04114978387951851,0.39053526520729065,0.4118903577327728,1.074061632156372,1.191715955734253,0.0,0.0,0.0,0.0,0.0,0.0,0.0
76947938525,0,-0.02080148085951805,-0.14620105922222137,-0.12788167595863342,-0.02080148085951805,-0.14620105922222137,-0.8278816938400269,-0.017328975722193718,0.00655400799587369,0.007293109316378832,0.0,0.0,0.0,-0.012481643818318844,-0.019522257149219513,-0.010293465107679367,0.0,0.0,-0.010293466039001942,0.064394012093544,0.05026323348283768,0.02934996411204338,0.09827778488397598,0.15551410615444183,5.098217661725357e-05,0.0,0.0,0.0,-0.23287656903266907,10.088459968566895,0.0454254150390625,9.800445556640625,0.25309303402900696,-10.0,-9.880027770996094,14.67492389678955,2.0,2.0,17.789152145385742,0.30357420444488525,0.28977540135383606,0.30357420444488525,0.29744139313697815,0.0,0.30469265580177307,0.30469265580177307,0.30469265580177307,0.30469265580177307,0.0,-0.959823727607727,0.6948122978210449,-10.72630786895752,0.0,0.0,0.0,0.0,0.0,0.0,0.0,0.0,0.0,0.0,0.0,0.0,0.0,0.0,0.0,0.30469274520874023,0.30469274520874023,0.304692804813385,0.30469274520874023,0.33220455050468445,0.04114978387951851,0.04114978387951851,0.39053526520729065,0.4118903577327728,1.074061632156372,1.191715955734253,0.0,0.0,0.0,0.0,0.0,0.0,0.0
76957773948,0,-0.02080148085951805,-0.14620105922222137,-0.12788167595863342,-0.02080148085951805,-0.14620105922222137,-0.8278816938400269,-0.017328975722193718,0.00655400799587369,0.007293109316378832,0.0,0.0,0.0,-0.012481643818318844,-0.019522257149219513,-0.010293465107679367,0.0,0.0,-0.010293466039001942,0.064394012093544,0.05026323348283768,0.02934996411204338,0.09827778488397598,0.15551410615444183,5.098217661725357e-05,0.0,0.0,0.0,-0.23287656903266907,10.088459968566895,0.0454254150390625,9.800445556640625,0.25309303402900696,-10.0,-9.880027770996094,14.67492389678955,2.0,2.0,17.789152145385742,0.30357420444488525,0.28977540135383606,0.30357420444488525,0.29590821266174316,0.0,0.30469265580177307,0.30469265580177307,0.30469265580177307,0.30469265580177307,0.0,-0.959823727607727,0.6948122978210449,-10.72630786895752,0.0,0.0,0.0,0.0,0.0,0.0,0.0,0.0,0.0,0.0,0.0,0.0,0.0,0.0,0.0,0.30469274520874023,0.30469274520874023,0.304692804813385,0.30469274520874023,0.33220455050468445,0.04114978387951851,0.04114978387951851,0.39053526520729065,0.4118903577327728,1.074061632156372,1.191715955734253,0.0,0.0,0.0,0.0,0.0,0.0,0.0
76967734820,0,-0.02080148085951805,-0.14620105922222137,-0.12788167595863342,-0.02080148085951805,-0.14620105922222137,-0.8278816938400269,-0.017328975722193718,0.00655400799587369,0.007293109316378832,0.0,0.0,0.0,-0.012481643818318844,-0.019522257149219513,-0.010293465107679367,0.0,0.0,-0.010293466039001942,0.064394012093544,0.05026323348283768,0.02934996411204338,0.09827778488397598,0.15551410615444183,5.098217661725357e-05,0.0,0.0,0.0,-0.23287656903266907,10.088459968566895,0.0454254150390625,9.800445556640625,0.25309303402900696,-10.0,-9.880027770996094,14.67492389678955,2.0,2.0,17.789152145385742,0.30357420444488525,0.28977540135383606,0.30357420444488525,0.29744139313697815,0.0,0.30469265580177307,0.30469265580177307,0.30469265580177307,0.30469265580177307,0.0,-0.959823727607727,0.6948122978210449,-10.72630786895752,0.0,0.0,0.0,0.0,0.0,0.0,0.0,0.0,0.0,0.0,0.0,0.0,0.0,0.0,0.0,0.30469274520874023,0.30469274520874023,0.304692804813385,0.30469274520874023,0.33220455050468445,0.04114978387951851,0.04114978387951851,0.39053526520729065,0.4118903577327728,1.074061632156372,1.191715955734253,0.0,0.0,0.0,0.0,0.0,0.0,0.0
76977657854,0,-0.02080148085951805,-0.14620105922222137,-0.12788167595863342,-0.02080148085951805,-0.14620105922222137,-0.8278816938400269,-0.017328975722193718,0.00655400799587369,0.007293109316378832,0.0,0.0,0.0,-0.012481643818318844,-0.019522257149219513,-0.010293465107679367,0.0,0.0,-0.010293466039001942,0.064394012093544,0.05026323348283768,0.02934996411204338,0.09827778488397598,0.15551410615444183,5.098217661725357e-05,0.0,0.0,0.0,-0.23287656903266907,10.088459968566895,0.0454254150390625,9.800445556640625,0.25309303402900696,-10.0,-9.880027770996094,14.67492389678955,2.0,2.0,17.789152145385742,0.30357420444488525,0.28977540135383606,0.30357420444488525,0.29744139313697815,0.0,0.30469265580177307,0.30469265580177307,0.30469265580177307,0.30469265580177307,0.0,-0.959823727607727,0.6948122978210449,-10.72630786895752,0.0,0.0,0.0,0.0,0.0,0.0,0.0,0.0,0.0,0.0,0.0,0.0,0.0,0.0,0.0,0.30469274520874023,0.30469274520874023,0.304692804813385,0.30469274520874023,0.33220455050468445,0.04114978387951851,0.04114978387951851,0.39053526520729065,0.4118903577327728,1.074061632156372,1.191715955734253,0.0,0.0,0.0,0.0,0.0,0.0,0.0
76987724371,0,-0.02080148085951805,-0.14620105922222137,-0.12788167595863342,-0.02080148085951805,-0.14620105922222137,-0.8278816938400269,-0.017328975722193718,0.00655400799587369,0.007293109316378832,0.0,0.0,0.0,-0.012481643818318844,-0.019522257149219513,-0.010293465107679367,0.0,0.0,-0.010293466039001942,0.064394012093544,0.05026323348283768,0.02934996411204338,0.09827778488397598,0.15551410615444183,5.098217661725357e-05,0.0,0.0,0.0,-0.23287656903266907,10.088459968566895,0.0454254150390625,9.800445556640625,0.25309303402900696,-10.0,-9.880027770996094,14.67492389678955,2.0,2.0,17.789152145385742,0.30357420444488525,0.28977540135383606,0.30357420444488525,0.29590821266174316,0.0,0.30469265580177307,0.30469265580177307,0.30469265580177307,0.30469265580177307,0.0,-0.959823727607727,0.6948122978210449,-10.72630786895752,0.0,0.0,0.0,0.0,0.0,0.0,0.0,0.0,0.0,0.0,0.0,0.0,0.0,0.0,0.0,0.30469274520874023,0.30469274520874023,0.304692804813385,0.30469274520874023,0.33220455050468445,0.04114978387951851,0.04114978387951851,0.39053526520729065,0.4118903577327728,1.074061632156372,1.191715955734253,0.0,0.0,0.0,0.0,0.0,0.0,0.0
76998311405,0,-0.02080148085951805,-0.14620105922222137,-0.12788167595863342,-0.02080148085951805,-0.14620105922222137,-0.8278816938400269,-0.017328975722193718,0.00655400799587369,0.007293109316378832,0.0,0.0,0.0,-0.012481643818318844,-0.019522257149219513,-0.010293465107679367,0.0,0.0,-0.010293466039001942,0.064394012093544,0.05026323348283768,0.02934996411204338,0.09827778488397598,0.15551410615444183,5.098217661725357e-05,0.0,0.0,0.0,-0.23287656903266907,10.088459968566895,0.0454254150390625,9.800445556640625,0.25309303402900696,-10.0,-9.880027770996094,14.67492389678955,2.0,2.0,17.789152145385742,0.30357420444488525,0.28977540135383606,0.30357420444488525,0.29590821266174316,0.0,0.30469265580177307,0.30469265580177307,0.30469265580177307,0.30469265580177307,0.0,-0.959823727607727,0.6948122978210449,-10.72630786895752,0.0,0.0,0.0,0.0,0.0,0.0,0.0,0.0,0.0,0.0,0.0,0.0,0.0,0.0,0.0,0.30469274520874023,0.30469274520874023,0.304692804813385,0.30469274520874023,0.33220455050468445,0.04114978387951851,0.04114978387951851,0.39053526520729065,0.4118903577327728,1.074061632156372,1.191715955734253,0.0,0.0,0.0,0.0,0.0,0.0,0.0
77007640697,0,-0.02080148085951805,-0.14620105922222137,-0.12788167595863342,-0.02080148085951805,-0.14620105922222137,-0.8278816938400269,-0.017328975722193718,0.00655400799587369,0.007293109316378832,0.0,0.0,0.0,-0.012481643818318844,-0.019522257149219513,-0.010293465107679367,0.0,0.0,-0.010293466039001942,0.064394012093544,0.05026323348283768,0.02934996411204338,0.09827778488397598,0.15551410615444183,5.098217661725357e-05,0.0,0.0,0.0,-0.23287656903266907,10.088459968566895,0.0454254150390625,9.800445556640625,0.25309303402900696,-10.0,-9.880027770996094,14.67492389678955,2.0,2.0,17.789152145385742,0.30357420444488525,0.28977540135383606,0.30357420444488525,0.29590821266174316,0.0,0.30469265580177307,0.30469265580177307,0.30469265580177307,0.30469265580177307,0.0,-0.959823727607727,0.6948122978210449,-10.72630786895752,0.0,0.0,0.0,0.0,0.0,0.0,0.0,0.0,0.0,0.0,0.0,0.0,0.0,0.0,0.0,0.30469274520874023,0.30469274520874023,0.304692804813385,0.30469274520874023,0.33220455050468445,0.04114978387951851,0.04114978387951851,0.39053526520729065,0.4118903577327728,1.074061632156372,1.191715955734253,0.0,0.0,0.0,0.0,0.0,0.0,0.0
77018008231,0,-0.02080148085951805,-0.14620105922222137,-0.12788167595863342,-0.02080148085951805,-0.14620105922222137,-0.8278816938400269,-0.017328975722193718,0.00655400799587369,0.007293109316378832,0.0,0.0,0.0,-0.012481643818318844,-0.019522257149219513,-0.010293465107679367,0.0,0.0,-0.010293466039001942,0.064394012093544,0.05026323348283768,0.02934996411204338,0.09827778488397598,0.15551410615444183,5.098217661725357e-05,0.0,0.0,0.0,-0.23287656903266907,10.088459968566895,0.0454254150390625,9.800445556640625,0.25309303402900696,-10.0,-9.880027770996094,14.67492389678955,2.0,2.0,17.789152145385742,0.30357420444488525,0.28977540135383606,0.30357420444488525,0.29744139313697815,0.0,0.30469265580177307,0.30469265580177307,0.30469265580177307,0.30469265580177307,0.0,-0.959823727607727,0.6948122978210449,-10.72630786895752,0.0,0.0,0.0,0.0,0.0,0.0,0.0,0.0,0.0,0.0,0.0,0.0,0.0,0.0,0.0,0.30469274520874023,0.30469274520874023,0.304692804813385,0.30469274520874023,0.33220455050468445,0.04114978387951851,0.04114978387951851,0.39053526520729065,0.4118903577327728,1.074061632156372,1.191715955734253,0.0,0.0,0.0,0.0,0.0,0.0,0.0
77028129873,0,-0.02080148085951805,-0.14620105922222137,-0.12788167595863342,-0.02080148085951805,-0.14620105922222137,-0.8278816938400269,-0.017328975722193718,0.00655400799587369,0.007293109316378832,0.0,0.0,0.0,-0.012481643818318844,-0.019522257149219513,-0.010293465107679367,0.0,0.0,-0.010293466039001942,0.064394012093544,0.05026323348283768,0.02934996411204338,0.09827778488397598,0.15551410615444183,5.098217661725357e-05,0.0,0.0,0.0,-0.23287656903266907,10.088459968566895,0.0454254150390625,9.800445556640625,0.25309303402900696,-10.0,-9.880027770996094,14.67492389678955,2.0,2.0,17.789152145385742,0.30357420444488525,0.28977540135383606,0.30357420444488525,0.29744139313697815,0.0,0.30469265580177307,0.30469265580177307,0.30469265580177307,0.30469265580177307,0.0,-0.959823727607727,0.6948122978210449,-10.72630786895752,0.0,0.0,0.0,0.0,0.0,0.0,0.0,0.0,0.0,0.0,0.0,0.0,0.0,0.0,0.0,0.30469274520874023,0.30469274520874023,0.304692804813385,0.30469274520874023,0.33220455050468445,0.04114978387951851,0.04114978387951851,0.39053526520729065,0.4118903577327728,1.074061632156372,1.191715955734253,0.0,0.0,0.0,0.0,0.0,0.0,0.0
77038196069,0,-0.02080148085951805,-0.14620105922222137,-0.12788167595863342,-0.02080148085951805,-0.14620105922222137,-0.8278816938400269,-0.017328975722193718,0.00655400799587369,0.007293109316378832,0.0,0.0,0.0,-0.012481643818318844,-0.019522257149219513,-0.010293465107679367,0.0,0.0,-0.010293466039001942,0.064394012093544,0.05026323348283768,0.02934996411204338,0.09827778488397598,0.15551410615444183,5.098217661725357e-05,0.0,0.0,0.0,-0.23287656903266907,10.088459968566895,0.0454254150390625,9.800445556640625,0.25309303402900696,-10.0,-9.880027770996094,14.67492389678955,2.0,2.0,17.789152145385742,0.30357420444488525,0.28977540135383606,0.30357420444488525,0.29744139313697815,0.0,0.30469265580177307,0.30469265580177307,0.30469265580177307,0.30469265580177307,0.0,-0.959823727607727,0.6948122978210449,-10.72630786895752,0.0,0.0,0.0,0.0,0.0,0.0,0.0,0.0,0.0,0.0,0.0,0.0,0.0,0.0,0.0,0.30469274520874023,0.30469274520874023,0.304692804813385,0.30469274520874023,0.33220455050468445,0.04114978387951851,0.04114978387951851,0.39053526520729065,0.4118903577327728,1.074061632156372,1.191715955734253,0.0,0.0,0.0,0.0,0.0,0.0,0.0
77048048552,0,-0.02080148085951805,-0.14620105922222137,-0.12788167595863342,-0.02080148085951805,-0.14620105922222137,-0.8278816938400269,-0.017328975722193718,0.00655400799587369,0.007293109316378832,0.0,0.0,0.0,-0.012481643818318844,-0.019522257149219513,-0.010293465107679367,0.0,0.0,-0.010293466039001942,0.064394012093544,0.05026323348283768,0.02934996411204338,0.09827778488397598,0.15551410615444183,5.098217661725357e-05,0.0,0.0,0.0,-0.23287656903266907,10.088459968566895,0.0454254150390625,9.800445556640625,0.25309303402900696,-10.0,-9.880027770996094,14.67492389678955,2.0,2.0,17.789152145385742,0.30357420444488525,0.28977540135383606,0.30357420444488525,0.29744139313697815,0.0,0.30469265580177307,0.30469265580177307,0.30469265580177307,0.30469265580177307,0.0,-0.959823727607727,0.6948122978210449,-10.72630786895752,0.0,0.0,0.0,0.0,0.0,0.0,0.0,0.0,0.0,0.0,0.0,0.0,0.0,0.0,0.0,0.30469274520874023,0.30469274520874023,0.304692804813385,0.30469274520874023,0.33220455050468445,0.04114978387951851,0.04114978387951851,0.39053526520729065,0.4118903577327728,1.074061632156372,1.191715955734253,0.0,0.0,0.0,0.0,0.0,0.0,0.0
77057782828,0,-0.02080148085951805,-0.14620105922222137,-0.12788167595863342,-0.02080148085951805,-0.14620105922222137,-0.8278816938400269,-0.017328975722193718,0.00655400799587369,0.007293109316378832,0.0,0.0,0.0,-0.012481643818318844,-0.019522257149219513,-0.010293465107679367,0.0,0.0,-0.010293466039001942,0.064394012093544,0.05026323348283768,0.02934996411204338,0.09827778488397598,0.15551410615444183,5.098217661725357e-05,0.0,0.0,0.0,-0.23287656903266907,10.088459968566895,0.0454254150390625,9.800445556640625,0.25309303402900696,-10.0,-9.880027770996094,14.67492389678955,2.0,2.0,17.789152145385742,0.30357420444488525,0.28977540135383606,0.30357420444488525,0.29590821266174316,0.0,0.30469265580177307,0.30469265580177307,0.30469265580177307,0.30469265580177307,0.0,-0.959823727607727,0.6948122978210449,-10.72630786895752,0.0,0.0,0.0,0.0,0.0,0.0,0.0,0.0,0.0,0.0,0.0,0.0,0.0,0.0,0.0,0.30469274520874023,0.30469274520874023,0.304692804813385,0.30469274520874023,0.33220455050468445,0.04114978387951851,0.04114978387951851,0.39053526520729065,0.4118903577327728,1.074061632156372,1.191715955734253,0.0,0.0,0.0,0.0,0.0,0.0,0.0
77067937782,0,-0.02080148085951805,-0.14620105922222137,-0.12788167595863342,-0.02080148085951805,-0.14620105922222137,-0.8278816938400269,-0.017328975722193718,0.00655400799587369,0.007293109316378832,0.0,0.0,0.0,-0.012481643818318844,-0.019522257149219513,-0.010293465107679367,0.0,0.0,-0.010293466039001942,0.064394012093544,0.05026323348283768,0.02934996411204338,0.09827778488397598,0.15551410615444183,5.098217661725357e-05,0.0,0.0,0.0,-0.23287656903266907,10.088459968566895,0.0454254150390625,9.800445556640625,0.25309303402900696,-10.0,-9.880027770996094,14.67492389678955,2.0,2.0,17.789152145385742,0.30357420444488525,0.28977540135383606,0.30357420444488525,0.29590821266174316,0.0,0.30469265580177307,0.30469265580177307,0.30469265580177307,0.30469265580177307,0.0,-0.959823727607727,0.6948122978210449,-10.72630786895752,0.0,0.0,0.0,0.0,0.0,0.0,0.0,0.0,0.0,0.0,0.0,0.0,0.0,0.0,0.0,0.30469274520874023,0.30469274520874023,0.304692804813385,0.30469274520874023,0.33220455050468445,0.04114978387951851,0.04114978387951851,0.39053526520729065,0.4118903577327728,1.074061632156372,1.191715955734253,0.0,0.0,0.0,0.0,0.0,0.0,0.0
77077838809,0,-0.02080148085951805,-0.14620105922222137,-0.12788167595863342,-0.02080148085951805,-0.14620105922222137,-0.8278816938400269,-0.017328975722193718,0.00655400799587369,0.007293109316378832,0.0,0.0,0.0,-0.012481643818318844,-0.019522257149219513,-0.010293465107679367,0.0,0.0,-0.010293466039001942,0.064394012093544,0.05026323348283768,0.02934996411204338,0.09827778488397598,0.15551410615444183,5.098217661725357e-05,0.0,0.0,0.0,-0.23287656903266907,10.088459968566895,0.0454254150390625,9.800445556640625,0.25309303402900696,-10.0,-9.880027770996094,14.67492389678955,2.0,2.0,17.789152145385742,0.30357420444488525,0.28977540135383606,0.30357420444488525,0.29590821266174316,0.0,0.30469265580177307,0.30469265580177307,0.30469265580177307,0.30469265580177307,0.0,-0.959823727607727,0.6948122978210449,-10.72630786895752,0.0,0.0,0.0,0.0,0.0,0.0,0.0,0.0,0.0,0.0,0.0,0.0,0.0,0.0,0.0,0.30469274520874023,0.30469274520874023,0.304692804813385,0.30469274520874023,0.33220455050468445,0.04114978387951851,0.04114978387951851,0.39053526520729065,0.4118903577327728,1.074061632156372,1.191715955734253,0.0,0.0,0.0,0.0,0.0,0.0,0.0
77089415529,0,-0.02080148085951805,-0.14620105922222137,-0.12788167595863342,-0.02080148085951805,-0.14620105922222137,-0.8278816938400269,-0.017328975722193718,0.00655400799587369,0.007293109316378832,0.0,0.0,0.0,-0.012481643818318844,-0.019522257149219513,-0.010293465107679367,0.0,0.0,-0.010293466039001942,0.064394012093544,0.05026323348283768,0.02934996411204338,0.09827778488397598,0.15551410615444183,5.098217661725357e-05,0.0,0.0,0.0,-0.23287656903266907,10.088459968566895,0.0454254150390625,9.800445556640625,0.25309303402900696,-10.0,-9.880027770996094,14.67492389678955,2.0,2.0,17.789152145385742,0.30357420444488525,0.28977540135383606,0.30357420444488525,0.29590821266174316,0.0,0.30469265580177307,0.30469265580177307,0.30469265580177307,0.30469265580177307,0.0,-0.959823727607727,0.6948122978210449,-10.72630786895752,0.0,0.0,0.0,0.0,0.0,0.0,0.0,0.0,0.0,0.0,0.0,0.0,0.0,0.0,0.0,0.30469274520874023,0.30469274520874023,0.304692804813385,0.30469274520874023,0.33220455050468445,0.04114978387951851,0.04114978387951851,0.39053526520729065,0.4118903577327728,1.074061632156372,1.191715955734253,0.0,0.0,0.0,0.0,0.0,0.0,0.0
77104357673,0,-0.02080148085951805,-0.14620105922222137,-0.12788167595863342,-0.02080148085951805,-0.14620105922222137,-0.8278816938400269,-0.017328975722193718,0.00655400799587369,0.007293109316378832,0.0,0.0,0.0,-0.012481643818318844,-0.019522257149219513,-0.010293465107679367,0.0,0.0,-0.010293466039001942,0.064394012093544,0.05026323348283768,0.02934996411204338,0.09827778488397598,0.15551410615444183,5.098217661725357e-05,0.0,0.0,0.0,-0.23287656903266907,10.088459968566895,0.0454254150390625,9.800445556640625,0.25309303402900696,-10.0,-9.880027770996094,14.67492389678955,2.0,2.0,17.789152145385742,0.30357420444488525,0.28977540135383606,0.30357420444488525,0.29744139313697815,0.0,0.30469265580177307,0.30469265580177307,0.30469265580177307,0.30469265580177307,0.0,-0.959823727607727,0.6948122978210449,-10.72630786895752,0.0,0.0,0.0,0.0,0.0,0.0,0.0,0.0,0.0,0.0,0.0,0.0,0.0,0.0,0.0,0.30469274520874023,0.30469274520874023,0.304692804813385,0.30469274520874023,0.33220455050468445,0.04114978387951851,0.04114978387951851,0.39053526520729065,0.4118903577327728,1.074061632156372,1.191715955734253,0.0,0.0,0.0,0.0,0.0,0.0,0.0
77109433800,0,-0.02080148085951805,-0.14620105922222137,-0.12788167595863342,-0.02080148085951805,-0.14620105922222137,-0.8278816938400269,-0.017328975722193718,0.00655400799587369,0.007293109316378832,0.0,0.0,0.0,-0.012481643818318844,-0.019522257149219513,-0.010293465107679367,0.0,0.0,-0.010293466039001942,0.064394012093544,0.05026323348283768,0.02934996411204338,0.09827778488397598,0.15551410615444183,5.098217661725357e-05,0.0,0.0,0.0,-0.23287656903266907,10.088459968566895,0.0454254150390625,9.800445556640625,0.25309303402900696,-10.0,-9.880027770996094,14.67492389678955,2.0,2.0,17.789152145385742,0.30357420444488525,0.28977540135383606,0.30357420444488525,0.29744139313697815,0.0,0.30469265580177307,0.30469265580177307,0.30469265580177307,0.30469265580177307,0.0,-0.959823727607727,0.6948122978210449,-10.72630786895752,0.0,0.0,0.0,0.0,0.0,0.0,0.0,0.0,0.0,0.0,0.0,0.0,0.0,0.0,0.0,0.30469274520874023,0.30469274520874023,0.304692804813385,0.30469274520874023,0.33220455050468445,0.04114978387951851,0.04114978387951851,0.39053526520729065,0.4118903577327728,1.074061632156372,1.191715955734253,0.0,0.0,0.0,0.0,0.0,0.0,0.0
77118210895,0,-0.02080148085951805,-0.14620105922222137,-0.12788167595863342,-0.02080148085951805,-0.14620105922222137,-0.8278816938400269,-0.017328975722193718,0.00655400799587369,0.007293109316378832,0.0,0.0,0.0,-0.012481643818318844,-0.019522257149219513,-0.010293465107679367,0.0,0.0,-0.010293466039001942,0.064394012093544,0.05026323348283768,0.02934996411204338,0.09827778488397598,0.15551410615444183,5.098217661725357e-05,0.0,0.0,0.0,-0.23287656903266907,10.088459968566895,0.0454254150390625,9.800445556640625,0.25309303402900696,-10.0,-9.880027770996094,14.67492389678955,2.0,2.0,17.789152145385742,0.30357420444488525,0.28977540135383606,0.30357420444488525,0.29744139313697815,0.0,0.30469265580177307,0.30469265580177307,0.30469265580177307,0.30469265580177307,0.0,-0.959823727607727,0.6948122978210449,-10.72630786895752,0.0,0.0,0.0,0.0,0.0,0.0,0.0,0.0,0.0,0.0,0.0,0.0,0.0,0.0,0.0,0.30469274520874023,0.30469274520874023,0.304692804813385,0.30469274520874023,0.33220455050468445,0.04114978387951851,0.04114978387951851,0.39053526520729065,0.4118903577327728,1.074061632156372,1.191715955734253,0.0,0.0,0.0,0.0,0.0,0.0,0.0
77127678695,0,-0.02080148085951805,-0.14620105922222137,-0.12788167595863342,-0.02080148085951805,-0.14620105922222137,-0.8278816938400269,-0.017328975722193718,0.00655400799587369,0.007293109316378832,0.0,0.0,0.0,-0.012481643818318844,-0.019522257149219513,-0.010293465107679367,0.0,0.0,-0.010293466039001942,0.064394012093544,0.05026323348283768,0.02934996411204338,0.09827778488397598,0.15551410615444183,5.098217661725357e-05,0.0,0.0,0.0,-0.23287656903266907,10.088459968566895,0.0454254150390625,9.800445556640625,0.25309303402900696,-10.0,-9.880027770996094,14.67492389678955,2.0,2.0,17.789152145385742,0.30357420444488525,0.28977540135383606,0.30357420444488525,0.29744139313697815,0.0,0.30469265580177307,0.30469265580177307,0.30469265580177307,0.30469265580177307,0.0,-0.959823727607727,0.6948122978210449,-10.72630786895752,0.0,0.0,0.0,0.0,0.0,0.0,0.0,0.0,0.0,0.0,0.0,0.0,0.0,0.0,0.0,0.30469274520874023,0.30469274520874023,0.304692804813385,0.30469274520874023,0.33220455050468445,0.04114978387951851,0.04114978387951851,0.39053526520729065,0.4118903577327728,1.074061632156372,1.191715955734253,0.0,0.0,0.0,0.0,0.0,0.0,0.0
77137936348,0,-0.02080148085951805,-0.14620105922222137,-0.12788167595863342,-0.02080148085951805,-0.14620105922222137,-0.8278816938400269,-0.017328975722193718,0.00655400799587369,0.007293109316378832,0.0,0.0,0.0,-0.012481643818318844,-0.019522257149219513,-0.010293465107679367,0.0,0.0,-0.010293466039001942,0.064394012093544,0.05026323348283768,0.02934996411204338,0.09827778488397598,0.15551410615444183,5.098217661725357e-05,0.0,0.0,0.0,-0.23287656903266907,10.088459968566895,0.0454254150390625,9.800445556640625,0.25309303402900696,-10.0,-9.880027770996094,14.67492389678955,2.0,2.0,17.789152145385742,0.30357420444488525,0.28977540135383606,0.30357420444488525,0.29590821266174316,0.0,0.30469265580177307,0.30469265580177307,0.30469265580177307,0.30469265580177307,0.0,-0.959823727607727,0.6948122978210449,-10.72630786895752,0.0,0.0,0.0,0.0,0.0,0.0,0.0,0.0,0.0,0.0,0.0,0.0,0.0,0.0,0.0,0.30469274520874023,0.30469274520874023,0.304692804813385,0.30469274520874023,0.33220455050468445,0.04114978387951851,0.04114978387951851,0.39053526520729065,0.4118903577327728,1.074061632156372,1.191715955734253,0.0,0.0,0.0,0.0,0.0,0.0,0.0
77147689156,0,-0.02080148085951805,-0.14620105922222137,-0.12788167595863342,-0.02080148085951805,-0.14620105922222137,-0.8278816938400269,-0.017328975722193718,0.00655400799587369,0.007293109316378832,0.0,0.0,0.0,-0.012481643818318844,-0.019522257149219513,-0.010293465107679367,0.0,0.0,-0.010293466039001942,0.064394012093544,0.05026323348283768,0.02934996411204338,0.09827778488397598,0.15551410615444183,5.098217661725357e-05,0.0,0.0,0.0,-0.23287656903266907,10.088459968566895,0.0454254150390625,9.800445556640625,0.25309303402900696,-10.0,-9.880027770996094,14.67492389678955,2.0,2.0,17.789152145385742,0.30357420444488525,0.28977540135383606,0.30357420444488525,0.29744139313697815,0.0,0.30469265580177307,0.30469265580177307,0.30469265580177307,0.30469265580177307,0.0,-0.959823727607727,0.6948122978210449,-10.72630786895752,0.0,0.0,0.0,0.0,0.0,0.0,0.0,0.0,0.0,0.0,0.0,0.0,0.0,0.0,0.0,0.30469274520874023,0.30469274520874023,0.304692804813385,0.30469274520874023,0.33220455050468445,0.04114978387951851,0.04114978387951851,0.39053526520729065,0.4118903577327728,1.074061632156372,1.191715955734253,0.0,0.0,0.0,0.0,0.0,0.0,0.0
77157947848,0,-0.02080148085951805,-0.14620105922222137,-0.12788167595863342,-0.02080148085951805,-0.14620105922222137,-0.8278816938400269,-0.017328975722193718,0.00655400799587369,0.007293109316378832,0.0,0.0,0.0,-0.012481643818318844,-0.019522257149219513,-0.010293465107679367,0.0,0.0,-0.010293466039001942,0.064394012093544,0.05026323348283768,0.02934996411204338,0.09827778488397598,0.15551410615444183,5.098217661725357e-05,0.0,0.0,0.0,-0.23287656903266907,10.088459968566895,0.0454254150390625,9.800445556640625,0.25309303402900696,-10.0,-9.880027770996094,14.67492389678955,2.0,2.0,17.789152145385742,0.30357420444488525,0.28977540135383606,0.30357420444488525,0.29590821266174316,0.0,0.30469265580177307,0.30469265580177307,0.30469265580177307,0.30469265580177307,0.0,-0.959823727607727,0.6948122978210449,-10.72630786895752,0.0,0.0,0.0,0.0,0.0,0.0,0.0,0.0,0.0,0.0,0.0,0.0,0.0,0.0,0.0,0.30469274520874023,0.30469274520874023,0.304692804813385,0.30469274520874023,0.33220455050468445,0.04114978387951851,0.04114978387951851,0.39053526520729065,0.4118903577327728,1.074061632156372,1.191715955734253,0.0,0.0,0.0,0.0,0.0,0.0,0.0
77168530599,0,-0.02080148085951805,-0.14620105922222137,-0.12788167595863342,-0.02080148085951805,-0.14620105922222137,-0.8278816938400269,-0.017328975722193718,0.00655400799587369,0.007293109316378832,0.0,0.0,0.0,-0.012481643818318844,-0.019522257149219513,-0.010293465107679367,0.0,0.0,-0.010293466039001942,0.064394012093544,0.05026323348283768,0.02934996411204338,0.09827778488397598,0.15551410615444183,5.098217661725357e-05,0.0,0.0,0.0,-0.23287656903266907,10.088459968566895,0.0454254150390625,9.800445556640625,0.25309303402900696,-10.0,-9.880027770996094,14.67492389678955,2.0,2.0,17.789152145385742,0.30357420444488525,0.28977540135383606,0.30357420444488525,0.29744139313697815,0.0,0.30469265580177307,0.30469265580177307,0.30469265580177307,0.30469265580177307,0.0,-0.959823727607727,0.6948122978210449,-10.72630786895752,0.0,0.0,0.0,0.0,0.0,0.0,0.0,0.0,0.0,0.0,0.0,0.0,0.0,0.0,0.0,0.30469274520874023,0.30469274520874023,0.304692804813385,0.30469274520874023,0.33220455050468445,0.04114978387951851,0.04114978387951851,0.39053526520729065,0.4118903577327728,1.074061632156372,1.191715955734253,0.0,0.0,0.0,0.0,0.0,0.0,0.0
77179102243,0,-0.02080148085951805,-0.14620105922222137,-0.12788167595863342,-0.02080148085951805,-0.14620105922222137,-0.8278816938400269,-0.017328975722193718,0.00655400799587369,0.007293109316378832,0.0,0.0,0.0,-0.012481643818318844,-0.019522257149219513,-0.010293465107679367,0.0,0.0,-0.010293466039001942,0.064394012093544,0.05026323348283768,0.02934996411204338,0.09827778488397598,0.15551410615444183,5.098217661725357e-05,0.0,0.0,0.0,-0.23287656903266907,10.088459968566895,0.0454254150390625,9.800445556640625,0.25309303402900696,-10.0,-9.880027770996094,14.67492389678955,2.0,2.0,17.789152145385742,0.30357420444488525,0.28977540135383606,0.30357420444488525,0.29590821266174316,0.0,0.30469265580177307,0.30469265580177307,0.30469265580177307,0.30469265580177307,0.0,-0.959823727607727,0.6948122978210449,-10.72630786895752,0.0,0.0,0.0,0.0,0.0,0.0,0.0,0.0,0.0,0.0,0.0,0.0,0.0,0.0,0.0,0.30469274520874023,0.30469274520874023,0.304692804813385,0.30469274520874023,0.33220455050468445,0.04114978387951851,0.04114978387951851,0.39053526520729065,0.4118903577327728,1.074061632156372,1.191715955734253,0.0,0.0,0.0,0.0,0.0,0.0,0.0
77188009423,0,-0.02080148085951805,-0.14620105922222137,-0.12788167595863342,-0.02080148085951805,-0.14620105922222137,-0.8278816938400269,-0.017328975722193718,0.00655400799587369,0.007293109316378832,0.0,0.0,0.0,-0.012481643818318844,-0.019522257149219513,-0.010293465107679367,0.0,0.0,-0.010293466039001942,0.064394012093544,0.05026323348283768,0.02934996411204338,0.09827778488397598,0.15551410615444183,5.098217661725357e-05,0.0,0.0,0.0,-0.23287656903266907,10.088459968566895,0.0454254150390625,9.800445556640625,0.25309303402900696,-10.0,-9.880027770996094,14.67492389678955,2.0,2.0,17.789152145385742,0.30357420444488525,0.28977540135383606,0.30357420444488525,0.29590821266174316,0.0,0.30469265580177307,0.30469265580177307,0.30469265580177307,0.30469265580177307,0.0,-0.959823727607727,0.6948122978210449,-10.72630786895752,0.0,0.0,0.0,0.0,0.0,0.0,0.0,0.0,0.0,0.0,0.0,0.0,0.0,0.0,0.0,0.30469274520874023,0.30469274520874023,0.304692804813385,0.30469274520874023,0.33220455050468445,0.04114978387951851,0.04114978387951851,0.39053526520729065,0.4118903577327728,1.074061632156372,1.191715955734253,0.0,0.0,0.0,0.0,0.0,0.0,0.0
77197940272,0,-0.02080148085951805,-0.14620105922222137,-0.12788167595863342,-0.02080148085951805,-0.14620105922222137,-0.8278816938400269,-0.017328975722193718,0.00655400799587369,0.007293109316378832,0.0,0.0,0.0,-0.012481643818318844,-0.019522257149219513,-0.010293465107679367,0.0,0.0,-0.010293466039001942,0.064394012093544,0.05026323348283768,0.02934996411204338,0.09827778488397598,0.15551410615444183,5.098217661725357e-05,0.0,0.0,0.0,-0.23287656903266907,10.088459968566895,0.0454254150390625,9.800445556640625,0.25309303402900696,-10.0,-9.880027770996094,14.67492389678955,2.0,2.0,17.789152145385742,0.30357420444488525,0.28977540135383606,0.30357420444488525,0.29590821266174316,0.0,0.30469265580177307,0.30469265580177307,0.30469265580177307,0.30469265580177307,0.0,-0.959823727607727,0.6948122978210449,-10.72630786895752,0.0,0.0,0.0,0.0,0.0,0.0,0.0,0.0,0.0,0.0,0.0,0.0,0.0,0.0,0.0,0.30469274520874023,0.30469274520874023,0.304692804813385,0.30469274520874023,0.33220455050468445,0.04114978387951851,0.04114978387951851,0.39053526520729065,0.4118903577327728,1.074061632156372,1.191715955734253,0.0,0.0,0.0,0.0,0.0,0.0,0.0
77207649721,0,-0.02080148085951805,-0.14620105922222137,-0.12788167595863342,-0.02080148085951805,-0.14620105922222137,-0.8278816938400269,-0.017328975722193718,0.00655400799587369,0.007293109316378832,0.0,0.0,0.0,-0.012481643818318844,-0.019522257149219513,-0.010293465107679367,0.0,0.0,-0.010293466039001942,0.064394012093544,0.05026323348283768,0.02934996411204338,0.09827778488397598,0.15551410615444183,5.098217661725357e-05,0.0,0.0,0.0,-0.23287656903266907,10.088459968566895,0.0454254150390625,9.800445556640625,0.25309303402900696,-10.0,-9.880027770996094,14.67492389678955,2.0,2.0,17.789152145385742,0.30357420444488525,0.28977540135383606,0.30357420444488525,0.29744139313697815,0.0,0.30469265580177307,0.30469265580177307,0.30469265580177307,0.30469265580177307,0.0,-0.959823727607727,0.6948122978210449,-10.72630786895752,0.0,0.0,0.0,0.0,0.0,0.0,0.0,0.0,0.0,0.0,0.0,0.0,0.0,0.0,0.0,0.30469274520874023,0.30469274520874023,0.304692804813385,0.30469274520874023,0.33220455050468445,0.04114978387951851,0.04114978387951851,0.39053526520729065,0.4118903577327728,1.074061632156372,1.191715955734253,0.0,0.0,0.0,0.0,0.0,0.0,0.0
77219229363,0,-0.02080148085951805,-0.14620105922222137,-0.12788167595863342,-0.02080148085951805,-0.14620105922222137,-0.8278816938400269,-0.017328975722193718,0.00655400799587369,0.007293109316378832,0.0,0.0,0.0,-0.012481643818318844,-0.019522257149219513,-0.010293465107679367,0.0,0.0,-0.010293466039001942,0.064394012093544,0.05026323348283768,0.02934996411204338,0.09827778488397598,0.15551410615444183,5.098217661725357e-05,0.0,0.0,0.0,-0.23287656903266907,10.088459968566895,0.0454254150390625,9.800445556640625,0.25309303402900696,-10.0,-9.880027770996094,14.67492389678955,2.0,2.0,17.789152145385742,0.30357420444488525,0.28977540135383606,0.30357420444488525,0.29590821266174316,0.0,0.30469265580177307,0.30469265580177307,0.30469265580177307,0.30469265580177307,0.0,-0.959823727607727,0.6948122978210449,-10.72630786895752,0.0,0.0,0.0,0.0,0.0,0.0,0.0,0.0,0.0,0.0,0.0,0.0,0.0,0.0,0.0,0.30469274520874023,0.30469274520874023,0.304692804813385,0.30469274520874023,0.33220455050468445,0.04114978387951851,0.04114978387951851,0.39053526520729065,0.4118903577327728,1.074061632156372,1.191715955734253,0.0,0.0,0.0,0.0,0.0,0.0,0.0
77227854466,0,-0.02080148085951805,-0.14620105922222137,-0.12788167595863342,-0.02080148085951805,-0.14620105922222137,-0.8278816938400269,-0.017328975722193718,0.00655400799587369,0.007293109316378832,0.0,0.0,0.0,-0.012481643818318844,-0.019522257149219513,-0.010293465107679367,0.0,0.0,-0.010293466039001942,0.064394012093544,0.05026323348283768,0.02934996411204338,0.09827778488397598,0.15551410615444183,5.098217661725357e-05,0.0,0.0,0.0,-0.23287656903266907,10.088459968566895,0.0454254150390625,9.800445556640625,0.25309303402900696,-10.0,-9.880027770996094,14.67492389678955,2.0,2.0,17.789152145385742,0.30357420444488525,0.28977540135383606,0.30357420444488525,0.29744139313697815,0.0,0.30469265580177307,0.30469265580177307,0.30469265580177307,0.30469265580177307,0.0,-0.959823727607727,0.6948122978210449,-10.72630786895752,0.0,0.0,0.0,0.0,0.0,0.0,0.0,0.0,0.0,0.0,0.0,0.0,0.0,0.0,0.0,0.30469274520874023,0.30469274520874023,0.304692804813385,0.30469274520874023,0.33220455050468445,0.04114978387951851,0.04114978387951851,0.39053526520729065,0.4118903577327728,1.074061632156372,1.191715955734253,0.0,0.0,0.0,0.0,0.0,0.0,0.0
77237941487,0,-0.02080148085951805,-0.14620105922222137,-0.12788167595863342,-0.02080148085951805,-0.14620105922222137,-0.8278816938400269,-0.017328975722193718,0.00655400799587369,0.007293109316378832,0.0,0.0,0.0,-0.012481643818318844,-0.019522257149219513,-0.010293465107679367,0.0,0.0,-0.010293466039001942,0.064394012093544,0.05026323348283768,0.02934996411204338,0.09827778488397598,0.15551410615444183,5.098217661725357e-05,0.0,0.0,0.0,-0.23287656903266907,10.088459968566895,0.0454254150390625,9.800445556640625,0.25309303402900696,-10.0,-9.880027770996094,14.67492389678955,2.0,2.0,17.789152145385742,0.30357420444488525,0.28977540135383606,0.30357420444488525,0.29590821266174316,0.0,0.30469265580177307,0.30469265580177307,0.30469265580177307,0.30469265580177307,0.0,-0.959823727607727,0.6948122978210449,-10.72630786895752,0.0,0.0,0.0,0.0,0.0,0.0,0.0,0.0,0.0,0.0,0.0,0.0,0.0,0.0,0.0,0.30469274520874023,0.30469274520874023,0.304692804813385,0.30469274520874023,0.33220455050468445,0.04114978387951851,0.04114978387951851,0.39053526520729065,0.4118903577327728,1.074061632156372,1.191715955734253,0.0,0.0,0.0,0.0,0.0,0.0,0.0
77247661415,0,-0.02080148085951805,-0.14620105922222137,-0.12788167595863342,-0.02080148085951805,-0.14620105922222137,-0.8278816938400269,-0.017328975722193718,0.00655400799587369,0.007293109316378832,0.0,0.0,0.0,-0.012481643818318844,-0.019522257149219513,-0.010293465107679367,0.0,0.0,-0.010293466039001942,0.064394012093544,0.05026323348283768,0.02934996411204338,0.09827778488397598,0.15551410615444183,5.098217661725357e-05,0.0,0.0,0.0,-0.23287656903266907,10.088459968566895,0.0454254150390625,9.800445556640625,0.25309303402900696,-10.0,-9.880027770996094,14.67492389678955,2.0,2.0,17.789152145385742,0.30357420444488525,0.28977540135383606,0.30357420444488525,0.29590821266174316,0.0,0.30469265580177307,0.30469265580177307,0.30469265580177307,0.30469265580177307,0.0,-0.959823727607727,0.6948122978210449,-10.72630786895752,0.0,0.0,0.0,0.0,0.0,0.0,0.0,0.0,0.0,0.0,0.0,0.0,0.0,0.0,0.0,0.30469274520874023,0.30469274520874023,0.304692804813385,0.30469274520874023,0.33220455050468445,0.04114978387951851,0.04114978387951851,0.39053526520729065,0.4118903577327728,1.074061632156372,1.191715955734253,0.0,0.0,0.0,0.0,0.0,0.0,0.0
77257446844,0,-0.02080148085951805,-0.14620105922222137,-0.12788167595863342,-0.02080148085951805,-0.14620105922222137,-0.8278816938400269,-0.017328975722193718,0.00655400799587369,0.007293109316378832,0.0,0.0,0.0,-0.012481643818318844,-0.019522257149219513,-0.010293465107679367,0.0,0.0,-0.010293466039001942,0.064394012093544,0.05026323348283768,0.02934996411204338,0.09827778488397598,0.15551410615444183,5.098217661725357e-05,0.0,0.0,0.0,-0.23287656903266907,10.088459968566895,0.0454254150390625,9.800445556640625,0.25309303402900696,-10.0,-9.880027770996094,14.67492389678955,2.0,2.0,17.789152145385742,0.30357420444488525,0.28977540135383606,0.30357420444488525,0.29744139313697815,0.0,0.30469265580177307,0.30469265580177307,0.30469265580177307,0.30469265580177307,0.0,-0.959823727607727,0.6948122978210449,-10.72630786895752,0.0,0.0,0.0,0.0,0.0,0.0,0.0,0.0,0.0,0.0,0.0,0.0,0.0,0.0,0.0,0.30469274520874023,0.30469274520874023,0.304692804813385,0.30469274520874023,0.33220455050468445,0.04114978387951851,0.04114978387951851,0.39053526520729065,0.4118903577327728,1.074061632156372,1.191715955734253,0.0,0.0,0.0,0.0,0.0,0.0,0.0
77267649831,0,-0.02080148085951805,-0.14620105922222137,-0.12788167595863342,-0.02080148085951805,-0.14620105922222137,-0.8278816938400269,-0.017328975722193718,0.00655400799587369,0.007293109316378832,0.0,0.0,0.0,-0.012481643818318844,-0.019522257149219513,-0.010293465107679367,0.0,0.0,-0.010293466039001942,0.064394012093544,0.05026323348283768,0.02934996411204338,0.09827778488397598,0.15551410615444183,5.098217661725357e-05,0.0,0.0,0.0,-0.23287656903266907,10.088459968566895,0.0454254150390625,9.800445556640625,0.25309303402900696,-10.0,-9.880027770996094,14.67492389678955,2.0,2.0,17.789152145385742,0.30357420444488525,0.28977540135383606,0.30357420444488525,0.29744139313697815,0.0,0.30469265580177307,0.30469265580177307,0.30469265580177307,0.30469265580177307,0.0,-0.959823727607727,0.6948122978210449,-10.72630786895752,0.0,0.0,0.0,0.0,0.0,0.0,0.0,0.0,0.0,0.0,0.0,0.0,0.0,0.0,0.0,0.30469274520874023,0.30469274520874023,0.304692804813385,0.30469274520874023,0.33220455050468445,0.04114978387951851,0.04114978387951851,0.39053526520729065,0.4118903577327728,1.074061632156372,1.191715955734253,0.0,0.0,0.0,0.0,0.0,0.0,0.0
77279542811,0,-0.02080148085951805,-0.14620105922222137,-0.12788167595863342,-0.02080148085951805,-0.14620105922222137,-0.8278816938400269,-0.017328975722193718,0.00655400799587369,0.007293109316378832,0.0,0.0,0.0,-0.012481643818318844,-0.019522257149219513,-0.010293465107679367,0.0,0.0,-0.010293466039001942,0.064394012093544,0.05026323348283768,0.02934996411204338,0.09827778488397598,0.15551410615444183,5.098217661725357e-05,0.0,0.0,0.0,-0.23287656903266907,10.088459968566895,0.0454254150390625,9.800445556640625,0.25309303402900696,-10.0,-9.880027770996094,14.67492389678955,2.0,2.0,17.789152145385742,0.30357420444488525,0.28977540135383606,0.30357420444488525,0.29744139313697815,0.0,0.30469265580177307,0.30469265580177307,0.30469265580177307,0.30469265580177307,0.0,-0.959823727607727,0.6948122978210449,-10.72630786895752,0.0,0.0,0.0,0.0,0.0,0.0,0.0,0.0,0.0,0.0,0.0,0.0,0.0,0.0,0.0,0.30469274520874023,0.30469274520874023,0.304692804813385,0.30469274520874023,0.33220455050468445,0.04114978387951851,0.04114978387951851,0.39053526520729065,0.4118903577327728,1.074061632156372,1.191715955734253,0.0,0.0,0.0,0.0,0.0,0.0,0.0
77287543507,0,-0.02080148085951805,-0.14620105922222137,-0.12788167595863342,-0.02080148085951805,-0.14620105922222137,-0.8278816938400269,-0.017328975722193718,0.00655400799587369,0.007293109316378832,0.0,0.0,0.0,-0.012481643818318844,-0.019522257149219513,-0.010293465107679367,0.0,0.0,-0.010293466039001942,0.064394012093544,0.05026323348283768,0.02934996411204338,0.09827778488397598,0.15551410615444183,5.098217661725357e-05,0.0,0.0,0.0,-0.23287656903266907,10.088459968566895,0.0454254150390625,9.800445556640625,0.25309303402900696,-10.0,-9.880027770996094,14.67492389678955,2.0,2.0,17.789152145385742,0.30357420444488525,0.28977540135383606,0.30357420444488525,0.29744139313697815,0.0,0.30469265580177307,0.30469265580177307,0.30469265580177307,0.30469265580177307,0.0,-0.959823727607727,0.6948122978210449,-10.72630786895752,0.0,0.0,0.0,0.0,0.0,0.0,0.0,0.0,0.0,0.0,0.0,0.0,0.0,0.0,0.0,0.30469274520874023,0.30469274520874023,0.304692804813385,0.30469274520874023,0.33220455050468445,0.04114978387951851,0.04114978387951851,0.39053526520729065,0.4118903577327728,1.074061632156372,1.191715955734253,0.0,0.0,0.0,0.0,0.0,0.0,0.0
77297630535,0,-0.02080148085951805,-0.14620105922222137,-0.12788167595863342,-0.02080148085951805,-0.14620105922222137,-0.8278816938400269,-0.017328975722193718,0.00655400799587369,0.007293109316378832,0.0,0.0,0.0,-0.012481643818318844,-0.019522257149219513,-0.010293465107679367,0.0,0.0,-0.010293466039001942,0.064394012093544,0.05026323348283768,0.02934996411204338,0.09827778488397598,0.15551410615444183,5.098217661725357e-05,0.0,0.0,0.0,-0.23287656903266907,10.088459968566895,0.0454254150390625,9.800445556640625,0.25309303402900696,-10.0,-9.880027770996094,14.67492389678955,2.0,2.0,17.789152145385742,0.30357420444488525,0.28977540135383606,0.30357420444488525,0.29744139313697815,0.0,0.30469265580177307,0.30469265580177307,0.30469265580177307,0.30469265580177307,0.0,-0.959823727607727,0.6948122978210449,-10.72630786895752,0.0,0.0,0.0,0.0,0.0,0.0,0.0,0.0,0.0,0.0,0.0,0.0,0.0,0.0,0.0,0.30469274520874023,0.30469274520874023,0.304692804813385,0.30469274520874023,0.33220455050468445,0.04114978387951851,0.04114978387951851,0.39053526520729065,0.4118903577327728,1.074061632156372,1.191715955734253,0.0,0.0,0.0,0.0,0.0,0.0,0.0
77310386380,0,-0.02080148085951805,-0.14620105922222137,-0.12788167595863342,-0.02080148085951805,-0.14620105922222137,-0.8278816938400269,-0.017328975722193718,0.00655400799587369,0.007293109316378832,0.0,0.0,0.0,-0.012481643818318844,-0.019522257149219513,-0.010293465107679367,0.0,0.0,-0.010293466039001942,0.064394012093544,0.05026323348283768,0.02934996411204338,0.09827778488397598,0.15551410615444183,5.098217661725357e-05,0.0,0.0,0.0,-0.23287656903266907,10.088459968566895,0.0454254150390625,9.800445556640625,0.25309303402900696,-10.0,-9.880027770996094,14.67492389678955,2.0,2.0,17.789152145385742,0.30357420444488525,0.28977540135383606,0.30357420444488525,0.29590821266174316,0.0,0.30469265580177307,0.30469265580177307,0.30469265580177307,0.30469265580177307,0.0,-0.959823727607727,0.6948122978210449,-10.72630786895752,0.0,0.0,0.0,0.0,0.0,0.0,0.0,0.0,0.0,0.0,0.0,0.0,0.0,0.0,0.0,0.30469274520874023,0.30469274520874023,0.304692804813385,0.30469274520874023,0.33220455050468445,0.04114978387951851,0.04114978387951851,0.39053526520729065,0.4118903577327728,1.074061632156372,1.191715955734253,0.0,0.0,0.0,0.0,0.0,0.0,0.0
77317691776,0,-0.02080148085951805,-0.14620105922222137,-0.12788167595863342,-0.02080148085951805,-0.14620105922222137,-0.8278816938400269,-0.017328975722193718,0.00655400799587369,0.007293109316378832,0.0,0.0,0.0,-0.012481643818318844,-0.019522257149219513,-0.010293465107679367,0.0,0.0,-0.010293466039001942,0.064394012093544,0.05026323348283768,0.02934996411204338,0.09827778488397598,0.15551410615444183,5.098217661725357e-05,0.0,0.0,0.0,-0.23287656903266907,10.088459968566895,0.0454254150390625,9.800445556640625,0.25309303402900696,-10.0,-9.880027770996094,14.67492389678955,2.0,2.0,17.789152145385742,0.30357420444488525,0.28977540135383606,0.30357420444488525,0.29590821266174316,0.0,0.30469265580177307,0.30469265580177307,0.30469265580177307,0.30469265580177307,0.0,-0.959823727607727,0.6948122978210449,-10.72630786895752,0.0,0.0,0.0,0.0,0.0,0.0,0.0,0.0,0.0,0.0,0.0,0.0,0.0,0.0,0.0,0.30469274520874023,0.30469274520874023,0.304692804813385,0.30469274520874023,0.33220455050468445,0.04114978387951851,0.04114978387951851,0.39053526520729065,0.4118903577327728,1.074061632156372,1.191715955734253,0.0,0.0,0.0,0.0,0.0,0.0,0.0
77327679273,0,-0.02080148085951805,-0.14620105922222137,-0.12788167595863342,-0.02080148085951805,-0.14620105922222137,-0.8278816938400269,-0.017328975722193718,0.00655400799587369,0.007293109316378832,0.0,0.0,0.0,-0.012481643818318844,-0.019522257149219513,-0.010293465107679367,0.0,0.0,-0.010293466039001942,0.064394012093544,0.05026323348283768,0.02934996411204338,0.09827778488397598,0.15551410615444183,5.098217661725357e-05,0.0,0.0,0.0,-0.23287656903266907,10.088459968566895,0.0454254150390625,9.800445556640625,0.25309303402900696,-10.0,-9.880027770996094,14.67492389678955,2.0,2.0,17.789152145385742,0.30357420444488525,0.28977540135383606,0.30357420444488525,0.29590821266174316,0.0,0.30469265580177307,0.30469265580177307,0.30469265580177307,0.30469265580177307,0.0,-0.959823727607727,0.6948122978210449,-10.72630786895752,0.0,0.0,0.0,0.0,0.0,0.0,0.0,0.0,0.0,0.0,0.0,0.0,0.0,0.0,0.0,0.30469274520874023,0.30469274520874023,0.304692804813385,0.30469274520874023,0.33220455050468445,0.04114978387951851,0.04114978387951851,0.39053526520729065,0.4118903577327728,1.074061632156372,1.191715955734253,0.0,0.0,0.0,0.0,0.0,0.0,0.0
77337623782,0,-0.02080148085951805,-0.14620105922222137,-0.12788167595863342,-0.02080148085951805,-0.14620105922222137,-0.8278816938400269,-0.017328975722193718,0.00655400799587369,0.007293109316378832,0.0,0.0,0.0,-0.012481643818318844,-0.019522257149219513,-0.010293465107679367,0.0,0.0,-0.010293466039001942,0.064394012093544,0.05026323348283768,0.02934996411204338,0.09827778488397598,0.15551410615444183,5.098217661725357e-05,0.0,0.0,0.0,-0.23287656903266907,10.088459968566895,0.0454254150390625,9.800445556640625,0.25309303402900696,-10.0,-9.880027770996094,14.67492389678955,2.0,2.0,17.789152145385742,0.30357420444488525,0.28977540135383606,0.30357420444488525,0.29744139313697815,0.0,0.30469265580177307,0.30469265580177307,0.30469265580177307,0.30469265580177307,0.0,-0.959823727607727,0.6948122978210449,-10.72630786895752,0.0,0.0,0.0,0.0,0.0,0.0,0.0,0.0,0.0,0.0,0.0,0.0,0.0,0.0,0.0,0.30469274520874023,0.30469274520874023,0.304692804813385,0.30469274520874023,0.33220455050468445,0.04114978387951851,0.04114978387951851,0.39053526520729065,0.4118903577327728,1.074061632156372,1.191715955734253,0.0,0.0,0.0,0.0,0.0,0.0,0.0
77347538965,0,-0.02080148085951805,-0.14620105922222137,-0.12788167595863342,-0.02080148085951805,-0.14620105922222137,-0.8278816938400269,-0.017328975722193718,0.00655400799587369,0.007293109316378832,0.0,0.0,0.0,-0.012481643818318844,-0.019522257149219513,-0.010293465107679367,0.0,0.0,-0.010293466039001942,0.064394012093544,0.05026323348283768,0.02934996411204338,0.09827778488397598,0.15551410615444183,5.098217661725357e-05,0.0,0.0,0.0,-0.23287656903266907,10.088459968566895,0.0454254150390625,9.800445556640625,0.25309303402900696,-10.0,-9.880027770996094,14.67492389678955,2.0,2.0,17.789152145385742,0.30357420444488525,0.28977540135383606,0.30357420444488525,0.29744139313697815,0.0,0.30469265580177307,0.30469265580177307,0.30469265580177307,0.30469265580177307,0.0,-0.959823727607727,0.6948122978210449,-10.72630786895752,0.0,0.0,0.0,0.0,0.0,0.0,0.0,0.0,0.0,0.0,0.0,0.0,0.0,0.0,0.0,0.30469274520874023,0.30469274520874023,0.304692804813385,0.30469274520874023,0.33220455050468445,0.04114978387951851,0.04114978387951851,0.39053526520729065,0.4118903577327728,1.074061632156372,1.191715955734253,0.0,0.0,0.0,0.0,0.0,0.0,0.0
77357671975,0,-0.02080148085951805,-0.14620105922222137,-0.12788167595863342,-0.02080148085951805,-0.14620105922222137,-0.8278816938400269,-0.017328975722193718,0.00655400799587369,0.007293109316378832,0.0,0.0,0.0,-0.012481643818318844,-0.019522257149219513,-0.010293465107679367,0.0,0.0,-0.010293466039001942,0.064394012093544,0.05026323348283768,0.02934996411204338,0.09827778488397598,0.15551410615444183,5.098217661725357e-05,0.0,0.0,0.0,-0.23287656903266907,10.088459968566895,0.0454254150390625,9.800445556640625,0.25309303402900696,-10.0,-9.880027770996094,14.67492389678955,2.0,2.0,17.789152145385742,0.30357420444488525,0.28977540135383606,0.30357420444488525,0.29590821266174316,0.0,0.30469265580177307,0.30469265580177307,0.30469265580177307,0.30469265580177307,0.0,-0.959823727607727,0.6948122978210449,-10.72630786895752,0.0,0.0,0.0,0.0,0.0,0.0,0.0,0.0,0.0,0.0,0.0,0.0,0.0,0.0,0.0,0.30469274520874023,0.30469274520874023,0.304692804813385,0.30469274520874023,0.33220455050468445,0.04114978387951851,0.04114978387951851,0.39053526520729065,0.4118903577327728,1.074061632156372,1.191715955734253,0.0,0.0,0.0,0.0,0.0,0.0,0.0
77367809816,0,-0.02080148085951805,-0.14620105922222137,-0.12788167595863342,-0.02080148085951805,-0.14620105922222137,-0.8278816938400269,-0.017328975722193718,0.00655400799587369,0.007293109316378832,0.0,0.0,0.0,-0.012481643818318844,-0.019522257149219513,-0.010293465107679367,0.0,0.0,-0.010293466039001942,0.064394012093544,0.05026323348283768,0.02934996411204338,0.09827778488397598,0.15551410615444183,5.098217661725357e-05,0.0,0.0,0.0,-0.23287656903266907,10.088459968566895,0.0454254150390625,9.800445556640625,0.25309303402900696,-10.0,-9.880027770996094,14.67492389678955,2.0,2.0,17.789152145385742,0.30357420444488525,0.28977540135383606,0.30357420444488525,0.29744139313697815,0.0,0.30469265580177307,0.30469265580177307,0.30469265580177307,0.30469265580177307,0.0,-0.959823727607727,0.6948122978210449,-10.72630786895752,0.0,0.0,0.0,0.0,0.0,0.0,0.0,0.0,0.0,0.0,0.0,0.0,0.0,0.0,0.0,0.30469274520874023,0.30469274520874023,0.304692804813385,0.30469274520874023,0.33220455050468445,0.04114978387951851,0.04114978387951851,0.39053526520729065,0.4118903577327728,1.074061632156372,1.191715955734253,0.0,0.0,0.0,0.0,0.0,0.0,0.0
77377705718,0,-0.02080148085951805,-0.14620105922222137,-0.12788167595863342,-0.02080148085951805,-0.14620105922222137,-0.8278816938400269,-0.017328975722193718,0.00655400799587369,0.007293109316378832,0.0,0.0,0.0,-0.012481643818318844,-0.019522257149219513,-0.010293465107679367,0.0,0.0,-0.010293466039001942,0.064394012093544,0.05026323348283768,0.02934996411204338,0.09827778488397598,0.15551410615444183,5.098217661725357e-05,0.0,0.0,0.0,-0.23287656903266907,10.088459968566895,0.0454254150390625,9.800445556640625,0.25309303402900696,-10.0,-9.880027770996094,14.67492389678955,2.0,2.0,17.789152145385742,0.30357420444488525,0.28977540135383606,0.30357420444488525,0.29744139313697815,0.0,0.30469265580177307,0.30469265580177307,0.30469265580177307,0.30469265580177307,0.0,-0.959823727607727,0.6948122978210449,-10.72630786895752,0.0,0.0,0.0,0.0,0.0,0.0,0.0,0.0,0.0,0.0,0.0,0.0,0.0,0.0,0.0,0.30469274520874023,0.30469274520874023,0.304692804813385,0.30469274520874023,0.33220455050468445,0.04114978387951851,0.04114978387951851,0.39053526520729065,0.4118903577327728,1.074061632156372,1.191715955734253,0.0,0.0,0.0,0.0,0.0,0.0,0.0
77389813507,0,-0.02080148085951805,-0.14620105922222137,-0.12788167595863342,-0.02080148085951805,-0.14620105922222137,-0.8278816938400269,-0.017328975722193718,0.00655400799587369,0.007293109316378832,0.0,0.0,0.0,-0.012481643818318844,-0.019522257149219513,-0.010293465107679367,0.0,0.0,-0.010293466039001942,0.064394012093544,0.05026323348283768,0.02934996411204338,0.09827778488397598,0.15551410615444183,5.098217661725357e-05,0.0,0.0,0.0,-0.23287656903266907,10.088459968566895,0.0454254150390625,9.800445556640625,0.25309303402900696,-10.0,-9.880027770996094,14.67492389678955,2.0,2.0,17.789152145385742,0.30357420444488525,0.28977540135383606,0.30357420444488525,0.29744139313697815,0.0,0.30469265580177307,0.30469265580177307,0.30469265580177307,0.30469265580177307,0.0,-0.959823727607727,0.6948122978210449,-10.72630786895752,0.0,0.0,0.0,0.0,0.0,0.0,0.0,0.0,0.0,0.0,0.0,0.0,0.0,0.0,0.0,0.30469274520874023,0.30469274520874023,0.304692804813385,0.30469274520874023,0.33220455050468445,0.04114978387951851,0.04114978387951851,0.39053526520729065,0.4118903577327728,1.074061632156372,1.191715955734253,0.0,0.0,0.0,0.0,0.0,0.0,0.0
77397543494,0,-0.02080148085951805,-0.14620105922222137,-0.12788167595863342,-0.02080148085951805,-0.14620105922222137,-0.8278816938400269,-0.017328975722193718,0.00655400799587369,0.007293109316378832,0.0,0.0,0.0,-0.012481643818318844,-0.019522257149219513,-0.010293465107679367,0.0,0.0,-0.010293466039001942,0.064394012093544,0.05026323348283768,0.02934996411204338,0.09827778488397598,0.15551410615444183,5.098217661725357e-05,0.0,0.0,0.0,-0.23287656903266907,10.088459968566895,0.0454254150390625,9.800445556640625,0.25309303402900696,-10.0,-9.880027770996094,14.67492389678955,2.0,2.0,17.789152145385742,0.30357420444488525,0.28977540135383606,0.30357420444488525,0.29744139313697815,0.0,0.30469265580177307,0.30469265580177307,0.30469265580177307,0.30469265580177307,0.0,-0.959823727607727,0.6948122978210449,-10.72630786895752,0.0,0.0,0.0,0.0,0.0,0.0,0.0,0.0,0.0,0.0,0.0,0.0,0.0,0.0,0.0,0.30469274520874023,0.30469274520874023,0.304692804813385,0.30469274520874023,0.33220455050468445,0.04114978387951851,0.04114978387951851,0.39053526520729065,0.4118903577327728,1.074061632156372,1.191715955734253,0.0,0.0,0.0,0.0,0.0,0.0,0.0
77407736432,0,-0.02080148085951805,-0.14620105922222137,-0.12788167595863342,-0.02080148085951805,-0.14620105922222137,-0.8278816938400269,-0.017328975722193718,0.00655400799587369,0.007293109316378832,0.0,0.0,0.0,-0.012481643818318844,-0.019522257149219513,-0.010293465107679367,0.0,0.0,-0.010293466039001942,0.064394012093544,0.05026323348283768,0.02934996411204338,0.09827778488397598,0.15551410615444183,5.098217661725357e-05,0.0,0.0,0.0,-0.23287656903266907,10.088459968566895,0.0454254150390625,9.800445556640625,0.25309303402900696,-10.0,-9.880027770996094,14.67492389678955,2.0,2.0,17.789152145385742,0.30357420444488525,0.28977540135383606,0.30357420444488525,0.29590821266174316,0.0,0.30469265580177307,0.30469265580177307,0.30469265580177307,0.30469265580177307,0.0,-0.959823727607727,0.6948122978210449,-10.72630786895752,0.0,0.0,0.0,0.0,0.0,0.0,0.0,0.0,0.0,0.0,0.0,0.0,0.0,0.0,0.0,0.30469274520874023,0.30469274520874023,0.304692804813385,0.30469274520874023,0.33220455050468445,0.04114978387951851,0.04114978387951851,0.39053526520729065,0.4118903577327728,1.074061632156372,1.191715955734253,0.0,0.0,0.0,0.0,0.0,0.0,0.0
77417719551,0,-0.02080148085951805,-0.14620105922222137,-0.12788167595863342,-0.02080148085951805,-0.14620105922222137,-0.8278816938400269,-0.017328975722193718,0.00655400799587369,0.007293109316378832,0.0,0.0,0.0,-0.012481643818318844,-0.019522257149219513,-0.010293465107679367,0.0,0.0,-0.010293466039001942,0.064394012093544,0.05026323348283768,0.02934996411204338,0.09827778488397598,0.15551410615444183,5.098217661725357e-05,0.0,0.0,0.0,-0.23287656903266907,10.088459968566895,0.0454254150390625,9.800445556640625,0.25309303402900696,-10.0,-9.880027770996094,14.67492389678955,2.0,2.0,17.789152145385742,0.30357420444488525,0.28977540135383606,0.30357420444488525,0.29744139313697815,0.0,0.30469265580177307,0.30469265580177307,0.30469265580177307,0.30469265580177307,0.0,-0.959823727607727,0.6948122978210449,-10.72630786895752,0.0,0.0,0.0,0.0,0.0,0.0,0.0,0.0,0.0,0.0,0.0,0.0,0.0,0.0,0.0,0.30469274520874023,0.30469274520874023,0.304692804813385,0.30469274520874023,0.33220455050468445,0.04114978387951851,0.04114978387951851,0.39053526520729065,0.4118903577327728,1.074061632156372,1.191715955734253,0.0,0.0,0.0,0.0,0.0,0.0,0.0
77427773905,0,-0.02080148085951805,-0.14620105922222137,-0.12788167595863342,-0.02080148085951805,-0.14620105922222137,-0.8278816938400269,-0.017328975722193718,0.00655400799587369,0.007293109316378832,0.0,0.0,0.0,-0.012481643818318844,-0.019522257149219513,-0.010293465107679367,0.0,0.0,-0.010293466039001942,0.064394012093544,0.05026323348283768,0.02934996411204338,0.09827778488397598,0.15551410615444183,5.098217661725357e-05,0.0,0.0,0.0,-0.23287656903266907,10.088459968566895,0.0454254150390625,9.800445556640625,0.25309303402900696,-10.0,-9.880027770996094,14.67492389678955,2.0,2.0,17.789152145385742,0.30357420444488525,0.28977540135383606,0.30357420444488525,0.29744139313697815,0.0,0.30469265580177307,0.30469265580177307,0.30469265580177307,0.30469265580177307,0.0,-0.959823727607727,0.6948122978210449,-10.72630786895752,0.0,0.0,0.0,0.0,0.0,0.0,0.0,0.0,0.0,0.0,0.0,0.0,0.0,0.0,0.0,0.30469274520874023,0.30469274520874023,0.304692804813385,0.30469274520874023,0.33220455050468445,0.04114978387951851,0.04114978387951851,0.39053526520729065,0.4118903577327728,1.074061632156372,1.191715955734253,0.0,0.0,0.0,0.0,0.0,0.0,0.0
77438593481,0,-0.02080148085951805,-0.14620105922222137,-0.12788167595863342,-0.02080148085951805,-0.14620105922222137,-0.8278816938400269,-0.017328975722193718,0.00655400799587369,0.007293109316378832,0.0,0.0,0.0,-0.012481643818318844,-0.019522257149219513,-0.010293465107679367,0.0,0.0,-0.010293466039001942,0.064394012093544,0.05026323348283768,0.02934996411204338,0.09827778488397598,0.15551410615444183,5.098217661725357e-05,0.0,0.0,0.0,-0.23287656903266907,10.088459968566895,0.0454254150390625,9.800445556640625,0.25309303402900696,-10.0,-9.880027770996094,14.67492389678955,2.0,2.0,17.789152145385742,0.30357420444488525,0.28977540135383606,0.30357420444488525,0.29744139313697815,0.0,0.30469265580177307,0.30469265580177307,0.30469265580177307,0.30469265580177307,0.0,-0.959823727607727,0.6948122978210449,-10.72630786895752,0.0,0.0,0.0,0.0,0.0,0.0,0.0,0.0,0.0,0.0,0.0,0.0,0.0,0.0,0.0,0.30469274520874023,0.30469274520874023,0.304692804813385,0.30469274520874023,0.33220455050468445,0.04114978387951851,0.04114978387951851,0.39053526520729065,0.4118903577327728,1.074061632156372,1.191715955734253,0.0,0.0,0.0,0.0,0.0,0.0,0.0
77450161528,0,-0.02080148085951805,-0.14620105922222137,-0.12788167595863342,-0.02080148085951805,-0.14620105922222137,-0.8278816938400269,-0.017328975722193718,0.00655400799587369,0.007293109316378832,0.0,0.0,0.0,-0.012481643818318844,-0.019522257149219513,-0.010293465107679367,0.0,0.0,-0.010293466039001942,0.064394012093544,0.05026323348283768,0.02934996411204338,0.09827778488397598,0.15551410615444183,5.098217661725357e-05,0.0,0.0,0.0,-0.23287656903266907,10.088459968566895,0.0454254150390625,9.800445556640625,0.25309303402900696,-10.0,-9.880027770996094,14.67492389678955,2.0,2.0,17.789152145385742,0.30357420444488525,0.28977540135383606,0.30204102396965027,0.29744139313697815,0.0,0.30469265580177307,0.30469265580177307,0.30469265580177307,0.30469265580177307,0.0,-0.959823727607727,0.6948122978210449,-10.72630786895752,0.0,0.0,0.0,0.0,0.0,0.0,0.0,0.0,0.0,0.0,0.0,0.0,0.0,0.0,0.0,0.30469274520874023,0.30469274520874023,0.304692804813385,0.30469274520874023,0.33220455050468445,0.04114978387951851,0.04114978387951851,0.39053526520729065,0.4118903577327728,1.074061632156372,1.191715955734253,0.0,0.0,0.0,0.0,0.0,0.0,0.0
77458289750,0,-0.02080148085951805,-0.14620105922222137,-0.12788167595863342,-0.02080148085951805,-0.14620105922222137,-0.8278816938400269,-0.017328975722193718,0.00655400799587369,0.007293109316378832,0.0,0.0,0.0,-0.012481643818318844,-0.019522257149219513,-0.010293465107679367,0.0,0.0,-0.010293466039001942,0.064394012093544,0.05026323348283768,0.02934996411204338,0.09827778488397598,0.15551410615444183,5.098217661725357e-05,0.0,0.0,0.0,-0.23287656903266907,10.088459968566895,0.0454254150390625,9.800445556640625,0.25309303402900696,-10.0,-9.880027770996094,14.67492389678955,2.0,2.0,17.789152145385742,0.30357420444488525,0.28977540135383606,0.30357420444488525,0.29744139313697815,0.0,0.30469265580177307,0.30469265580177307,0.30469265580177307,0.30469265580177307,0.0,-0.959823727607727,0.6948122978210449,-10.72630786895752,0.0,0.0,0.0,0.0,0.0,0.0,0.0,0.0,0.0,0.0,0.0,0.0,0.0,0.0,0.0,0.30469274520874023,0.30469274520874023,0.304692804813385,0.30469274520874023,0.33220455050468445,0.04114978387951851,0.04114978387951851,0.39053526520729065,0.4118903577327728,1.074061632156372,1.191715955734253,0.0,0.0,0.0,0.0,0.0,0.0,0.0
77467475716,0,-0.02080148085951805,-0.14620105922222137,-0.12788167595863342,-0.02080148085951805,-0.14620105922222137,-0.8278816938400269,-0.017328975722193718,0.00655400799587369,0.007293109316378832,0.0,0.0,0.0,-0.012481643818318844,-0.019522257149219513,-0.010293465107679367,0.0,0.0,-0.010293466039001942,0.064394012093544,0.05026323348283768,0.02934996411204338,0.09827778488397598,0.15551410615444183,5.098217661725357e-05,0.0,0.0,0.0,-0.23287656903266907,10.088459968566895,0.0454254150390625,9.800445556640625,0.25309303402900696,-10.0,-9.880027770996094,14.67492389678955,2.0,2.0,17.789152145385742,0.30357420444488525,0.28977540135383606,0.30357420444488525,0.29590821266174316,0.0,0.30469265580177307,0.30469265580177307,0.30469265580177307,0.30469265580177307,0.0,-0.959823727607727,0.6948122978210449,-10.72630786895752,0.0,0.0,0.0,0.0,0.0,0.0,0.0,0.0,0.0,0.0,0.0,0.0,0.0,0.0,0.0,0.30469274520874023,0.30469274520874023,0.304692804813385,0.30469274520874023,0.33220455050468445,0.04114978387951851,0.04114978387951851,0.39053526520729065,0.4118903577327728,1.074061632156372,1.191715955734253,0.0,0.0,0.0,0.0,0.0,0.0,0.0
77477554298,0,-0.02080148085951805,-0.14620105922222137,-0.12788167595863342,-0.02080148085951805,-0.14620105922222137,-0.8278816938400269,-0.017328975722193718,0.00655400799587369,0.007293109316378832,0.0,0.0,0.0,-0.012481643818318844,-0.019522257149219513,-0.010293465107679367,0.0,0.0,-0.010293466039001942,0.064394012093544,0.05026323348283768,0.02934996411204338,0.09827778488397598,0.15551410615444183,5.098217661725357e-05,0.0,0.0,0.0,-0.23287656903266907,10.088459968566895,0.0454254150390625,9.800445556640625,0.25309303402900696,-10.0,-9.880027770996094,14.67492389678955,2.0,2.0,17.789152145385742,0.30357420444488525,0.28977540135383606,0.30357420444488525,0.29590821266174316,0.0,0.30469265580177307,0.30469265580177307,0.30469265580177307,0.30469265580177307,0.0,-0.959823727607727,0.6948122978210449,-10.72630786895752,0.0,0.0,0.0,0.0,0.0,0.0,0.0,0.0,0.0,0.0,0.0,0.0,0.0,0.0,0.0,0.30469274520874023,0.30469274520874023,0.304692804813385,0.30469274520874023,0.33220455050468445,0.04114978387951851,0.04114978387951851,0.39053526520729065,0.4118903577327728,1.074061632156372,1.191715955734253,0.0,0.0,0.0,0.0,0.0,0.0,0.0
77488081531,0,-0.02080148085951805,-0.14620105922222137,-0.12788167595863342,-0.02080148085951805,-0.14620105922222137,-0.8278816938400269,-0.017328975722193718,0.00655400799587369,0.007293109316378832,0.0,0.0,0.0,-0.012481643818318844,-0.019522257149219513,-0.010293465107679367,0.0,0.0,-0.010293466039001942,0.064394012093544,0.05026323348283768,0.02934996411204338,0.09827778488397598,0.15551410615444183,5.098217661725357e-05,0.0,0.0,0.0,-0.23287656903266907,10.088459968566895,0.0454254150390625,9.800445556640625,0.25309303402900696,-10.0,-9.880027770996094,14.67492389678955,2.0,2.0,17.789152145385742,0.30357420444488525,0.28977540135383606,0.30357420444488525,0.29590821266174316,0.0,0.30469265580177307,0.30469265580177307,0.30469265580177307,0.30469265580177307,0.0,-0.959823727607727,0.6948122978210449,-10.72630786895752,0.0,0.0,0.0,0.0,0.0,0.0,0.0,0.0,0.0,0.0,0.0,0.0,0.0,0.0,0.0,0.30469274520874023,0.30469274520874023,0.304692804813385,0.30469274520874023,0.33220455050468445,0.04114978387951851,0.04114978387951851,0.39053526520729065,0.4118903577327728,1.074061632156372,1.191715955734253,0.0,0.0,0.0,0.0,0.0,0.0,0.0
77497552206,0,-0.02080148085951805,-0.14620105922222137,-0.12788167595863342,-0.02080148085951805,-0.14620105922222137,-0.8278816938400269,-0.017328975722193718,0.00655400799587369,0.007293109316378832,0.0,0.0,0.0,-0.012481643818318844,-0.019522257149219513,-0.010293465107679367,0.0,0.0,-0.010293466039001942,0.064394012093544,0.05026323348283768,0.02934996411204338,0.09827778488397598,0.15551410615444183,5.098217661725357e-05,0.0,0.0,0.0,-0.23287656903266907,10.088459968566895,0.0454254150390625,9.800445556640625,0.25309303402900696,-10.0,-9.880027770996094,14.67492389678955,2.0,2.0,17.789152145385742,0.30357420444488525,0.28977540135383606,0.30357420444488525,0.29590821266174316,0.0,0.30469265580177307,0.30469265580177307,0.30469265580177307,0.30469265580177307,0.0,-0.959823727607727,0.6948122978210449,-10.72630786895752,0.0,0.0,0.0,0.0,0.0,0.0,0.0,0.0,0.0,0.0,0.0,0.0,0.0,0.0,0.0,0.30469274520874023,0.30469274520874023,0.304692804813385,0.30469274520874023,0.33220455050468445,0.04114978387951851,0.04114978387951851,0.39053526520729065,0.4118903577327728,1.074061632156372,1.191715955734253,0.0,0.0,0.0,0.0,0.0,0.0,0.0
77507595476,0,-0.02080148085951805,-0.14620105922222137,-0.12788167595863342,-0.02080148085951805,-0.14620105922222137,-0.8278816938400269,-0.017328975722193718,0.00655400799587369,0.007293109316378832,0.0,0.0,0.0,-0.012481643818318844,-0.019522257149219513,-0.010293465107679367,0.0,0.0,-0.010293466039001942,0.064394012093544,0.05026323348283768,0.02934996411204338,0.09827778488397598,0.15551410615444183,5.098217661725357e-05,0.0,0.0,0.0,-0.23287656903266907,10.088459968566895,0.0454254150390625,9.800445556640625,0.25309303402900696,-10.0,-9.880027770996094,14.67492389678955,2.0,2.0,17.789152145385742,0.30357420444488525,0.28977540135383606,0.30357420444488525,0.29744139313697815,0.0,0.30469265580177307,0.30469265580177307,0.30469265580177307,0.30469265580177307,0.0,-0.959823727607727,0.6948122978210449,-10.72630786895752,0.0,0.0,0.0,0.0,0.0,0.0,0.0,0.0,0.0,0.0,0.0,0.0,0.0,0.0,0.0,0.30469274520874023,0.30469274520874023,0.304692804813385,0.30469274520874023,0.33220455050468445,0.04114978387951851,0.04114978387951851,0.39053526520729065,0.4118903577327728,1.074061632156372,1.191715955734253,0.0,0.0,0.0,0.0,0.0,0.0,0.0
77517513494,0,-0.02080148085951805,-0.14620105922222137,-0.12788167595863342,-0.02080148085951805,-0.14620105922222137,-0.8278816938400269,-0.017328975722193718,0.00655400799587369,0.007293109316378832,0.0,0.0,0.0,-0.012481643818318844,-0.019522257149219513,-0.010293465107679367,0.0,0.0,-0.010293466039001942,0.064394012093544,0.05026323348283768,0.02934996411204338,0.09827778488397598,0.15551410615444183,5.098217661725357e-05,0.0,0.0,0.0,-0.23287656903266907,10.088459968566895,0.0454254150390625,9.800445556640625,0.25309303402900696,-10.0,-9.880027770996094,14.67492389678955,2.0,2.0,17.789152145385742,0.30357420444488525,0.28977540135383606,0.30357420444488525,0.29744139313697815,0.0,0.30469265580177307,0.30469265580177307,0.30469265580177307,0.30469265580177307,0.0,-0.959823727607727,0.6948122978210449,-10.72630786895752,0.0,0.0,0.0,0.0,0.0,0.0,0.0,0.0,0.0,0.0,0.0,0.0,0.0,0.0,0.0,0.30469274520874023,0.30469274520874023,0.304692804813385,0.30469274520874023,0.33220455050468445,0.04114978387951851,0.04114978387951851,0.39053526520729065,0.4118903577327728,1.074061632156372,1.191715955734253,0.0,0.0,0.0,0.0,0.0,0.0,0.0
77529735776,0,-0.02080148085951805,-0.14620105922222137,-0.12788167595863342,-0.02080148085951805,-0.14620105922222137,-0.8278816938400269,-0.017328975722193718,0.00655400799587369,0.007293109316378832,0.0,0.0,0.0,-0.012481643818318844,-0.019522257149219513,-0.010293465107679367,0.0,0.0,-0.010293466039001942,0.064394012093544,0.05026323348283768,0.02934996411204338,0.09827778488397598,0.15551410615444183,5.098217661725357e-05,0.0,0.0,0.0,-0.23287656903266907,10.088459968566895,0.0454254150390625,9.800445556640625,0.25309303402900696,-10.0,-9.880027770996094,14.67492389678955,2.0,2.0,17.789152145385742,0.30357420444488525,0.28977540135383606,0.30357420444488525,0.29744139313697815,0.0,0.30469265580177307,0.30469265580177307,0.30469265580177307,0.30469265580177307,0.0,-0.959823727607727,0.6948122978210449,-10.72630786895752,0.0,0.0,0.0,0.0,0.0,0.0,0.0,0.0,0.0,0.0,0.0,0.0,0.0,0.0,0.0,0.30469274520874023,0.30469274520874023,0.304692804813385,0.30469274520874023,0.33220455050468445,0.04114978387951851,0.04114978387951851,0.39053526520729065,0.4118903577327728,1.074061632156372,1.191715955734253,0.0,0.0,0.0,0.0,0.0,0.0,0.0
77537476779,0,-0.02080148085951805,-0.14620105922222137,-0.12788167595863342,-0.02080148085951805,-0.14620105922222137,-0.8278816938400269,-0.017328975722193718,0.00655400799587369,0.007293109316378832,0.0,0.0,0.0,-0.012481643818318844,-0.019522257149219513,-0.010293465107679367,0.0,0.0,-0.010293466039001942,0.064394012093544,0.05026323348283768,0.02934996411204338,0.09827778488397598,0.15551410615444183,5.098217661725357e-05,0.0,0.0,0.0,-0.23287656903266907,10.088459968566895,0.0454254150390625,9.800445556640625,0.25309303402900696,-10.0,-9.880027770996094,14.67492389678955,2.0,2.0,17.789152145385742,0.30357420444488525,0.28977540135383606,0.30357420444488525,0.29744139313697815,0.0,0.30469265580177307,0.30469265580177307,0.30469265580177307,0.30469265580177307,0.0,-0.959823727607727,0.6948122978210449,-10.72630786895752,0.0,0.0,0.0,0.0,0.0,0.0,0.0,0.0,0.0,0.0,0.0,0.0,0.0,0.0,0.0,0.30469274520874023,0.30469274520874023,0.304692804813385,0.30469274520874023,0.33220455050468445,0.04114978387951851,0.04114978387951851,0.39053526520729065,0.4118903577327728,1.074061632156372,1.191715955734253,0.0,0.0,0.0,0.0,0.0,0.0,0.0
77547547045,0,-0.02080148085951805,-0.14620105922222137,-0.12788167595863342,-0.02080148085951805,-0.14620105922222137,-0.8278816938400269,-0.017328975722193718,0.00655400799587369,0.007293109316378832,0.0,0.0,0.0,-0.012481643818318844,-0.019522257149219513,-0.010293465107679367,0.0,0.0,-0.010293466039001942,0.064394012093544,0.05026323348283768,0.02934996411204338,0.09827778488397598,0.15551410615444183,5.098217661725357e-05,0.0,0.0,0.0,-0.23287656903266907,10.088459968566895,0.0454254150390625,9.800445556640625,0.25309303402900696,-10.0,-9.880027770996094,14.67492389678955,2.0,2.0,17.789152145385742,0.30357420444488525,0.28977540135383606,0.30357420444488525,0.29744139313697815,0.0,0.30469265580177307,0.30469265580177307,0.30469265580177307,0.30469265580177307,0.0,-0.959823727607727,0.6948122978210449,-10.72630786895752,0.0,0.0,0.0,0.0,0.0,0.0,0.0,0.0,0.0,0.0,0.0,0.0,0.0,0.0,0.0,0.30469274520874023,0.30469274520874023,0.304692804813385,0.30469274520874023,0.33220455050468445,0.04114978387951851,0.04114978387951851,0.39053526520729065,0.4118903577327728,1.074061632156372,1.191715955734253,0.0,0.0,0.0,0.0,0.0,0.0,0.0
77557836416,0,-0.02080148085951805,-0.14620105922222137,-0.12788167595863342,-0.02080148085951805,-0.14620105922222137,-0.8278816938400269,-0.017328975722193718,0.00655400799587369,0.007293109316378832,0.0,0.0,0.0,-0.012481643818318844,-0.019522257149219513,-0.010293465107679367,0.0,0.0,-0.010293466039001942,0.064394012093544,0.05026323348283768,0.02934996411204338,0.09827778488397598,0.15551410615444183,5.098217661725357e-05,0.0,0.0,0.0,-0.23287656903266907,10.088459968566895,0.0454254150390625,9.800445556640625,0.25309303402900696,-10.0,-9.880027770996094,14.67492389678955,2.0,2.0,17.789152145385742,0.30357420444488525,0.28977540135383606,0.30357420444488525,0.29744139313697815,0.0,0.30469265580177307,0.30469265580177307,0.30469265580177307,0.30469265580177307,0.0,-0.959823727607727,0.6948122978210449,-10.72630786895752,0.0,0.0,0.0,0.0,0.0,0.0,0.0,0.0,0.0,0.0,0.0,0.0,0.0,0.0,0.0,0.30469274520874023,0.30469274520874023,0.304692804813385,0.30469274520874023,0.33220455050468445,0.04114978387951851,0.04114978387951851,0.39053526520729065,0.4118903577327728,1.074061632156372,1.191715955734253,0.0,0.0,0.0,0.0,0.0,0.0,0.0
77567639136,0,-0.02080148085951805,-0.14620105922222137,-0.12788167595863342,-0.02080148085951805,-0.14620105922222137,-0.8278816938400269,-0.017328975722193718,0.00655400799587369,0.007293109316378832,0.0,0.0,0.0,-0.012481643818318844,-0.019522257149219513,-0.010293465107679367,0.0,0.0,-0.010293466039001942,0.064394012093544,0.05026323348283768,0.02934996411204338,0.09827778488397598,0.15551410615444183,5.098217661725357e-05,0.0,0.0,0.0,-0.23287656903266907,10.088459968566895,0.0454254150390625,9.800445556640625,0.25309303402900696,-10.0,-9.880027770996094,14.67492389678955,2.0,2.0,17.789152145385742,0.30357420444488525,0.28977540135383606,0.30357420444488525,0.29744139313697815,0.0,0.30469265580177307,0.30469265580177307,0.30469265580177307,0.30469265580177307,0.0,-0.959823727607727,0.6948122978210449,-10.72630786895752,0.0,0.0,0.0,0.0,0.0,0.0,0.0,0.0,0.0,0.0,0.0,0.0,0.0,0.0,0.0,0.30469274520874023,0.30469274520874023,0.304692804813385,0.30469274520874023,0.33220455050468445,0.04114978387951851,0.04114978387951851,0.39053526520729065,0.4118903577327728,1.074061632156372,1.191715955734253,0.0,0.0,0.0,0.0,0.0,0.0,0.0
77577547524,0,-0.02080148085951805,-0.14620105922222137,-0.12788167595863342,-0.02080148085951805,-0.14620105922222137,-0.8278816938400269,-0.017328975722193718,0.00655400799587369,0.007293109316378832,0.0,0.0,0.0,-0.012481643818318844,-0.019522257149219513,-0.010293465107679367,0.0,0.0,-0.010293466039001942,0.064394012093544,0.05026323348283768,0.02934996411204338,0.09827778488397598,0.15551410615444183,5.098217661725357e-05,0.0,0.0,0.0,-0.23287656903266907,10.088459968566895,0.0454254150390625,9.800445556640625,0.25309303402900696,-10.0,-9.880027770996094,14.67492389678955,2.0,2.0,17.789152145385742,0.30357420444488525,0.28977540135383606,0.30357420444488525,0.29590821266174316,0.0,0.30469265580177307,0.30469265580177307,0.30469265580177307,0.30469265580177307,0.0,-0.959823727607727,0.6948122978210449,-10.72630786895752,0.0,0.0,0.0,0.0,0.0,0.0,0.0,0.0,0.0,0.0,0.0,0.0,0.0,0.0,0.0,0.30469274520874023,0.30469274520874023,0.304692804813385,0.30469274520874023,0.33220455050468445,0.04114978387951851,0.04114978387951851,0.39053526520729065,0.4118903577327728,1.074061632156372,1.191715955734253,0.0,0.0,0.0,0.0,0.0,0.0,0.0
77587731976,0,-0.02080148085951805,-0.14620105922222137,-0.12788167595863342,-0.02080148085951805,-0.14620105922222137,-0.8278816938400269,-0.017328975722193718,0.00655400799587369,0.007293109316378832,0.0,0.0,0.0,-0.012481643818318844,-0.019522257149219513,-0.010293465107679367,0.0,0.0,-0.010293466039001942,0.064394012093544,0.05026323348283768,0.02934996411204338,0.09827778488397598,0.15551410615444183,5.098217661725357e-05,0.0,0.0,0.0,-0.23287656903266907,10.088459968566895,0.0454254150390625,9.800445556640625,0.25309303402900696,-10.0,-9.880027770996094,14.67492389678955,2.0,2.0,17.789152145385742,0.30357420444488525,0.28977540135383606,0.30357420444488525,0.29744139313697815,0.0,0.30469265580177307,0.30469265580177307,0.30469265580177307,0.30469265580177307,0.0,-0.959823727607727,0.6948122978210449,-10.72630786895752,0.0,0.0,0.0,0.0,0.0,0.0,0.0,0.0,0.0,0.0,0.0,0.0,0.0,0.0,0.0,0.30469274520874023,0.30469274520874023,0.304692804813385,0.30469274520874023,0.33220455050468445,0.04114978387951851,0.04114978387951851,0.39053526520729065,0.4118903577327728,1.074061632156372,1.191715955734253,0.0,0.0,0.0,0.0,0.0,0.0,0.0
77598352653,0,-0.02080148085951805,-0.14620105922222137,-0.12788167595863342,-0.02080148085951805,-0.14620105922222137,-0.8278816938400269,-0.017328975722193718,0.00655400799587369,0.007293109316378832,0.0,0.0,0.0,-0.012481643818318844,-0.019522257149219513,-0.010293465107679367,0.0,0.0,-0.010293466039001942,0.064394012093544,0.05026323348283768,0.02934996411204338,0.09827778488397598,0.15551410615444183,5.098217661725357e-05,0.0,0.0,0.0,-0.23287656903266907,10.088459968566895,0.0454254150390625,9.800445556640625,0.25309303402900696,-10.0,-9.880027770996094,14.67492389678955,2.0,2.0,17.789152145385742,0.30357420444488525,0.28977540135383606,0.30357420444488525,0.29590821266174316,0.0,0.30469265580177307,0.30469265580177307,0.30469265580177307,0.30469265580177307,0.0,-0.959823727607727,0.6948122978210449,-10.72630786895752,0.0,0.0,0.0,0.0,0.0,0.0,0.0,0.0,0.0,0.0,0.0,0.0,0.0,0.0,0.0,0.30469274520874023,0.30469274520874023,0.304692804813385,0.30469274520874023,0.33220455050468445,0.04114978387951851,0.04114978387951851,0.39053526520729065,0.4118903577327728,1.074061632156372,1.191715955734253,0.0,0.0,0.0,0.0,0.0,0.0,0.0
77607628295,0,-0.02080148085951805,-0.14620105922222137,-0.12788167595863342,-0.02080148085951805,-0.14620105922222137,-0.8278816938400269,-0.017328975722193718,0.00655400799587369,0.007293109316378832,0.0,0.0,0.0,-0.012481643818318844,-0.019522257149219513,-0.010293465107679367,0.0,0.0,-0.010293466039001942,0.064394012093544,0.05026323348283768,0.02934996411204338,0.09827778488397598,0.15551410615444183,5.098217661725357e-05,0.0,0.0,0.0,-0.23287656903266907,10.088459968566895,0.0454254150390625,9.800445556640625,0.25309303402900696,-10.0,-9.880027770996094,14.67492389678955,2.0,2.0,17.789152145385742,0.30357420444488525,0.28977540135383606,0.30357420444488525,0.29744139313697815,0.0,0.30469265580177307,0.30469265580177307,0.30469265580177307,0.30469265580177307,0.0,-0.959823727607727,0.6948122978210449,-10.72630786895752,0.0,0.0,0.0,0.0,0.0,0.0,0.0,0.0,0.0,0.0,0.0,0.0,0.0,0.0,0.0,0.30469274520874023,0.30469274520874023,0.304692804813385,0.30469274520874023,0.33220455050468445,0.04114978387951851,0.04114978387951851,0.39053526520729065,0.4118903577327728,1.074061632156372,1.191715955734253,0.0,0.0,0.0,0.0,0.0,0.0,0.0
77617802487,0,-0.02080148085951805,-0.14620105922222137,-0.12788167595863342,-0.02080148085951805,-0.14620105922222137,-0.8278816938400269,-0.017328975722193718,0.00655400799587369,0.007293109316378832,0.0,0.0,0.0,-0.012481643818318844,-0.019522257149219513,-0.010293465107679367,0.0,0.0,-0.010293466039001942,0.064394012093544,0.05026323348283768,0.02934996411204338,0.09827778488397598,0.15551410615444183,5.098217661725357e-05,0.0,0.0,0.0,-0.23287656903266907,10.088459968566895,0.0454254150390625,9.800445556640625,0.25309303402900696,-10.0,-9.880027770996094,14.67492389678955,2.0,2.0,17.789152145385742,0.30357420444488525,0.28977540135383606,0.30357420444488525,0.29744139313697815,0.0,0.30469265580177307,0.30469265580177307,0.30469265580177307,0.30469265580177307,0.0,-0.959823727607727,0.6948122978210449,-10.72630786895752,0.0,0.0,0.0,0.0,0.0,0.0,0.0,0.0,0.0,0.0,0.0,0.0,0.0,0.0,0.0,0.30469274520874023,0.30469274520874023,0.304692804813385,0.30469274520874023,0.33220455050468445,0.04114978387951851,0.04114978387951851,0.39053526520729065,0.4118903577327728,1.074061632156372,1.191715955734253,0.0,0.0,0.0,0.0,0.0,0.0,0.0
77627515335,0,-0.02080148085951805,-0.14620105922222137,-0.12788167595863342,-0.02080148085951805,-0.14620105922222137,-0.8278816938400269,-0.017328975722193718,0.00655400799587369,0.007293109316378832,0.0,0.0,0.0,-0.012481643818318844,-0.019522257149219513,-0.010293465107679367,0.0,0.0,-0.010293466039001942,0.064394012093544,0.05026323348283768,0.02934996411204338,0.09827778488397598,0.15551410615444183,5.098217661725357e-05,0.0,0.0,0.0,-0.23287656903266907,10.088459968566895,0.0454254150390625,9.800445556640625,0.25309303402900696,-10.0,-9.880027770996094,14.67492389678955,2.0,2.0,17.789152145385742,0.30357420444488525,0.28977540135383606,0.30357420444488525,0.29590821266174316,0.0,0.30469265580177307,0.30469265580177307,0.30469265580177307,0.30469265580177307,0.0,-0.959823727607727,0.6948122978210449,-10.72630786895752,0.0,0.0,0.0,0.0,0.0,0.0,0.0,0.0,0.0,0.0,0.0,0.0,0.0,0.0,0.0,0.30469274520874023,0.30469274520874023,0.304692804813385,0.30469274520874023,0.33220455050468445,0.04114978387951851,0.04114978387951851,0.39053526520729065,0.4118903577327728,1.074061632156372,1.191715955734253,0.0,0.0,0.0,0.0,0.0,0.0,0.0
77638599949,0,-0.02080148085951805,-0.14620105922222137,-0.12788167595863342,-0.02080148085951805,-0.14620105922222137,-0.8278816938400269,-0.017328975722193718,0.00655400799587369,0.007293109316378832,0.0,0.0,0.0,-0.012481643818318844,-0.019522257149219513,-0.010293465107679367,0.0,0.0,-0.010293466039001942,0.064394012093544,0.05026323348283768,0.02934996411204338,0.09827778488397598,0.15551410615444183,5.098217661725357e-05,0.0,0.0,0.0,-0.23287656903266907,10.088459968566895,0.0454254150390625,9.800445556640625,0.25309303402900696,-10.0,-9.880027770996094,14.67492389678955,2.0,2.0,17.789152145385742,0.30357420444488525,0.28977540135383606,0.30357420444488525,0.29744139313697815,0.0,0.30469265580177307,0.30469265580177307,0.30469265580177307,0.30469265580177307,0.0,-0.959823727607727,0.6948122978210449,-10.72630786895752,0.0,0.0,0.0,0.0,0.0,0.0,0.0,0.0,0.0,0.0,0.0,0.0,0.0,0.0,0.0,0.30469274520874023,0.30469274520874023,0.304692804813385,0.30469274520874023,0.33220455050468445,0.04114978387951851,0.04114978387951851,0.39053526520729065,0.4118903577327728,1.074061632156372,1.191715955734253,0.0,0.0,0.0,0.0,0.0,0.0,0.0
77647564310,0,-0.02080148085951805,-0.14620105922222137,-0.12788167595863342,-0.02080148085951805,-0.14620105922222137,-0.8278816938400269,-0.017328975722193718,0.00655400799587369,0.007293109316378832,0.0,0.0,0.0,-0.012481643818318844,-0.019522257149219513,-0.010293465107679367,0.0,0.0,-0.010293466039001942,0.064394012093544,0.05026323348283768,0.02934996411204338,0.09827778488397598,0.15551410615444183,5.098217661725357e-05,0.0,0.0,0.0,-0.23287656903266907,10.088459968566895,0.0454254150390625,9.800445556640625,0.25309303402900696,-10.0,-9.880027770996094,14.67492389678955,2.0,2.0,17.789152145385742,0.30357420444488525,0.28977540135383606,0.30357420444488525,0.29744139313697815,0.0,0.30469265580177307,0.30469265580177307,0.30469265580177307,0.30469265580177307,0.0,-0.959823727607727,0.6948122978210449,-10.72630786895752,0.0,0.0,0.0,0.0,0.0,0.0,0.0,0.0,0.0,0.0,0.0,0.0,0.0,0.0,0.0,0.30469274520874023,0.30469274520874023,0.304692804813385,0.30469274520874023,0.33220455050468445,0.04114978387951851,0.04114978387951851,0.39053526520729065,0.4118903577327728,1.074061632156372,1.191715955734253,0.0,0.0,0.0,0.0,0.0,0.0,0.0
77658737767,0,-0.02080148085951805,-0.14620105922222137,-0.12788167595863342,-0.02080148085951805,-0.14620105922222137,-0.8278816938400269,-0.017328975722193718,0.00655400799587369,0.007293109316378832,0.0,0.0,0.0,-0.012481643818318844,-0.019522257149219513,-0.010293465107679367,0.0,0.0,-0.010293466039001942,0.064394012093544,0.05026323348283768,0.02934996411204338,0.09827778488397598,0.15551410615444183,5.098217661725357e-05,0.0,0.0,0.0,-0.23287656903266907,10.088459968566895,0.0454254150390625,9.800445556640625,0.25309303402900696,-10.0,-9.880027770996094,14.67492389678955,2.0,2.0,17.789152145385742,0.30357420444488525,0.28977540135383606,0.30357420444488525,0.29744139313697815,0.0,0.30469265580177307,0.30469265580177307,0.30469265580177307,0.30469265580177307,0.0,-0.959823727607727,0.6948122978210449,-10.72630786895752,0.0,0.0,0.0,0.0,0.0,0.0,0.0,0.0,0.0,0.0,0.0,0.0,0.0,0.0,0.0,0.30469274520874023,0.30469274520874023,0.304692804813385,0.30469274520874023,0.33220455050468445,0.04114978387951851,0.04114978387951851,0.39053526520729065,0.4118903577327728,1.074061632156372,1.191715955734253,0.0,0.0,0.0,0.0,0.0,0.0,0.0
77667507168,0,-0.02080148085951805,-0.14620105922222137,-0.12788167595863342,-0.02080148085951805,-0.14620105922222137,-0.8278816938400269,-0.017328975722193718,0.00655400799587369,0.007293109316378832,0.0,0.0,0.0,-0.012481643818318844,-0.019522257149219513,-0.010293465107679367,0.0,0.0,-0.010293466039001942,0.064394012093544,0.05026323348283768,0.02934996411204338,0.09827778488397598,0.15551410615444183,5.098217661725357e-05,0.0,0.0,0.0,-0.23287656903266907,10.088459968566895,0.0454254150390625,9.800445556640625,0.25309303402900696,-10.0,-9.880027770996094,14.67492389678955,2.0,2.0,17.789152145385742,0.30357420444488525,0.28977540135383606,0.30357420444488525,0.29744139313697815,0.0,0.30469265580177307,0.30469265580177307,0.30469265580177307,0.30469265580177307,0.0,-0.959823727607727,0.6948122978210449,-10.72630786895752,0.0,0.0,0.0,0.0,0.0,0.0,0.0,0.0,0.0,0.0,0.0,0.0,0.0,0.0,0.0,0.30469274520874023,0.30469274520874023,0.304692804813385,0.30469274520874023,0.33220455050468445,0.04114978387951851,0.04114978387951851,0.39053526520729065,0.4118903577327728,1.074061632156372,1.191715955734253,0.0,0.0,0.0,0.0,0.0,0.0,0.0
77677674183,0,-0.02080148085951805,-0.14620105922222137,-0.12788167595863342,-0.02080148085951805,-0.14620105922222137,-0.8278816938400269,-0.017328975722193718,0.00655400799587369,0.007293109316378832,0.0,0.0,0.0,-0.012481643818318844,-0.019522257149219513,-0.010293465107679367,0.0,0.0,-0.010293466039001942,0.064394012093544,0.05026323348283768,0.02934996411204338,0.09827778488397598,0.15551410615444183,5.098217661725357e-05,0.0,0.0,0.0,-0.23287656903266907,10.088459968566895,0.0454254150390625,9.800445556640625,0.25309303402900696,-10.0,-9.880027770996094,14.67492389678955,2.0,2.0,17.789152145385742,0.30357420444488525,0.28977540135383606,0.30357420444488525,0.29590821266174316,0.0,0.30469265580177307,0.30469265580177307,0.30469265580177307,0.30469265580177307,0.0,-0.959823727607727,0.6948122978210449,-10.72630786895752,0.0,0.0,0.0,0.0,0.0,0.0,0.0,0.0,0.0,0.0,0.0,0.0,0.0,0.0,0.0,0.30469274520874023,0.30469274520874023,0.304692804813385,0.30469274520874023,0.33220455050468445,0.04114978387951851,0.04114978387951851,0.39053526520729065,0.4118903577327728,1.074061632156372,1.191715955734253,0.0,0.0,0.0,0.0,0.0,0.0,0.0
77692210263,0,-0.02080148085951805,-0.14620105922222137,-0.12788167595863342,-0.02080148085951805,-0.14620105922222137,-0.8278816938400269,-0.017328975722193718,0.00655400799587369,0.007293109316378832,0.0,0.0,0.0,-0.012481643818318844,-0.019522257149219513,-0.010293465107679367,0.0,0.0,-0.010293466039001942,0.064394012093544,0.05026323348283768,0.02934996411204338,0.09827778488397598,0.15551410615444183,5.098217661725357e-05,0.0,0.0,0.0,-0.23287656903266907,10.088459968566895,0.0454254150390625,9.800445556640625,0.25309303402900696,-10.0,-9.880027770996094,14.67492389678955,2.0,2.0,17.789152145385742,0.30357420444488525,0.28977540135383606,0.30357420444488525,0.29744139313697815,0.0,0.30469265580177307,0.30469265580177307,0.30469265580177307,0.30469265580177307,0.0,-0.959823727607727,0.6948122978210449,-10.72630786895752,0.0,0.0,0.0,0.0,0.0,0.0,0.0,0.0,0.0,0.0,0.0,0.0,0.0,0.0,0.0,0.30469274520874023,0.30469274520874023,0.304692804813385,0.30469274520874023,0.33220455050468445,0.04114978387951851,0.04114978387951851,0.39053526520729065,0.4118903577327728,1.074061632156372,1.191715955734253,0.0,0.0,0.0,0.0,0.0,0.0,0.0
77698663123,0,-0.02080148085951805,-0.14620105922222137,-0.12788167595863342,-0.02080148085951805,-0.14620105922222137,-0.8278816938400269,-0.017328975722193718,0.00655400799587369,0.007293109316378832,0.0,0.0,0.0,-0.012481643818318844,-0.019522257149219513,-0.010293465107679367,0.0,0.0,-0.010293466039001942,0.064394012093544,0.05026323348283768,0.02934996411204338,0.09827778488397598,0.15551410615444183,5.098217661725357e-05,0.0,0.0,0.0,-0.23287656903266907,10.088459968566895,0.0454254150390625,9.800445556640625,0.25309303402900696,-10.0,-9.880027770996094,14.67492389678955,2.0,2.0,17.789152145385742,0.30357420444488525,0.28977540135383606,0.30357420444488525,0.29744139313697815,0.0,0.30469265580177307,0.30469265580177307,0.30469265580177307,0.30469265580177307,0.0,-0.959823727607727,0.6948122978210449,-10.72630786895752,0.0,0.0,0.0,0.0,0.0,0.0,0.0,0.0,0.0,0.0,0.0,0.0,0.0,0.0,0.0,0.30469274520874023,0.30469274520874023,0.304692804813385,0.30469274520874023,0.33220455050468445,0.04114978387951851,0.04114978387951851,0.39053526520729065,0.4118903577327728,1.074061632156372,1.191715955734253,0.0,0.0,0.0,0.0,0.0,0.0,0.0
77707832959,0,-0.02080148085951805,-0.14620105922222137,-0.12788167595863342,-0.02080148085951805,-0.14620105922222137,-0.8278816938400269,-0.017328975722193718,0.00655400799587369,0.007293109316378832,0.0,0.0,0.0,-0.012481643818318844,-0.019522257149219513,-0.010293465107679367,0.0,0.0,-0.010293466039001942,0.064394012093544,0.05026323348283768,0.02934996411204338,0.09827778488397598,0.15551410615444183,5.098217661725357e-05,0.0,0.0,0.0,-0.23287656903266907,10.088459968566895,0.0454254150390625,9.800445556640625,0.25309303402900696,-10.0,-9.880027770996094,14.67492389678955,2.0,2.0,17.789152145385742,0.30357420444488525,0.28977540135383606,0.30357420444488525,0.29590821266174316,0.0,0.30469265580177307,0.30469265580177307,0.30469265580177307,0.30469265580177307,0.0,-0.959823727607727,0.6948122978210449,-10.72630786895752,0.0,0.0,0.0,0.0,0.0,0.0,0.0,0.0,0.0,0.0,0.0,0.0,0.0,0.0,0.0,0.30469274520874023,0.30469274520874023,0.304692804813385,0.30469274520874023,0.33220455050468445,0.04114978387951851,0.04114978387951851,0.39053526520729065,0.4118903577327728,1.074061632156372,1.191715955734253,0.0,0.0,0.0,0.0,0.0,0.0,0.0
77718463517,0,-0.02080148085951805,-0.14620105922222137,-0.12788167595863342,-0.02080148085951805,-0.14620105922222137,-0.8278816938400269,-0.017328975722193718,0.00655400799587369,0.007293109316378832,0.0,0.0,0.0,-0.012481643818318844,-0.019522257149219513,-0.010293465107679367,0.0,0.0,-0.010293466039001942,0.064394012093544,0.05026323348283768,0.02934996411204338,0.09827778488397598,0.15551410615444183,5.098217661725357e-05,0.0,0.0,0.0,-0.23287656903266907,10.088459968566895,0.0454254150390625,9.800445556640625,0.25309303402900696,-10.0,-9.880027770996094,14.67492389678955,2.0,2.0,17.789152145385742,0.30357420444488525,0.28977540135383606,0.30357420444488525,0.29590821266174316,0.0,0.30469265580177307,0.30469265580177307,0.30469265580177307,0.30469265580177307,0.0,-0.959823727607727,0.6948122978210449,-10.72630786895752,0.0,0.0,0.0,0.0,0.0,0.0,0.0,0.0,0.0,0.0,0.0,0.0,0.0,0.0,0.0,0.30469274520874023,0.30469274520874023,0.304692804813385,0.30469274520874023,0.33220455050468445,0.04114978387951851,0.04114978387951851,0.39053526520729065,0.4118903577327728,1.074061632156372,1.191715955734253,0.0,0.0,0.0,0.0,0.0,0.0,0.0
77728273330,0,-0.02080148085951805,-0.14620105922222137,-0.12788167595863342,-0.02080148085951805,-0.14620105922222137,-0.8278816938400269,-0.017328975722193718,0.00655400799587369,0.007293109316378832,0.0,0.0,0.0,-0.012481643818318844,-0.019522257149219513,-0.010293465107679367,0.0,0.0,-0.010293466039001942,0.064394012093544,0.05026323348283768,0.02934996411204338,0.09827778488397598,0.15551410615444183,5.098217661725357e-05,0.0,0.0,0.0,-0.23287656903266907,10.088459968566895,0.0454254150390625,9.800445556640625,0.25309303402900696,-10.0,-9.880027770996094,14.67492389678955,2.0,2.0,17.789152145385742,0.30357420444488525,0.28977540135383606,0.30357420444488525,0.29744139313697815,0.0,0.30469265580177307,0.30469265580177307,0.30469265580177307,0.30469265580177307,0.0,-0.959823727607727,0.6948122978210449,-10.72630786895752,0.0,0.0,0.0,0.0,0.0,0.0,0.0,0.0,0.0,0.0,0.0,0.0,0.0,0.0,0.0,0.30469274520874023,0.30469274520874023,0.304692804813385,0.30469274520874023,0.33220455050468445,0.04114978387951851,0.04114978387951851,0.39053526520729065,0.4118903577327728,1.074061632156372,1.191715955734253,0.0,0.0,0.0,0.0,0.0,0.0,0.0
77737768692,0,-0.02080148085951805,-0.14620105922222137,-0.12788167595863342,-0.02080148085951805,-0.14620105922222137,-0.8278816938400269,-0.017328975722193718,0.00655400799587369,0.007293109316378832,0.0,0.0,0.0,-0.012481643818318844,-0.019522257149219513,-0.010293465107679367,0.0,0.0,-0.010293466039001942,0.064394012093544,0.05026323348283768,0.02934996411204338,0.09827778488397598,0.15551410615444183,5.098217661725357e-05,0.0,0.0,0.0,-0.23287656903266907,10.088459968566895,0.0454254150390625,9.800445556640625,0.25309303402900696,-10.0,-9.880027770996094,14.67492389678955,2.0,2.0,17.789152145385742,0.30357420444488525,0.28977540135383606,0.30357420444488525,0.29744139313697815,0.0,0.30469265580177307,0.30469265580177307,0.30469265580177307,0.30469265580177307,0.0,-0.959823727607727,0.6948122978210449,-10.72630786895752,0.0,0.0,0.0,0.0,0.0,0.0,0.0,0.0,0.0,0.0,0.0,0.0,0.0,0.0,0.0,0.30469274520874023,0.30469274520874023,0.304692804813385,0.30469274520874023,0.33220455050468445,0.04114978387951851,0.04114978387951851,0.39053526520729065,0.4118903577327728,1.074061632156372,1.191715955734253,0.0,0.0,0.0,0.0,0.0,0.0,0.0
77747871186,0,-0.02080148085951805,-0.14620105922222137,-0.12788167595863342,-0.02080148085951805,-0.14620105922222137,-0.8278816938400269,-0.017328975722193718,0.00655400799587369,0.007293109316378832,0.0,0.0,0.0,-0.012481643818318844,-0.019522257149219513,-0.010293465107679367,0.0,0.0,-0.010293466039001942,0.064394012093544,0.05026323348283768,0.02934996411204338,0.09827778488397598,0.15551410615444183,5.098217661725357e-05,0.0,0.0,0.0,-0.23287656903266907,10.088459968566895,0.0454254150390625,9.800445556640625,0.25309303402900696,-10.0,-9.880027770996094,14.67492389678955,2.0,2.0,17.789152145385742,0.30357420444488525,0.28977540135383606,0.30357420444488525,0.29744139313697815,0.0,0.30469265580177307,0.30469265580177307,0.30469265580177307,0.30469265580177307,0.0,-0.959823727607727,0.6948122978210449,-10.72630786895752,0.0,0.0,0.0,0.0,0.0,0.0,0.0,0.0,0.0,0.0,0.0,0.0,0.0,0.0,0.0,0.30469274520874023,0.30469274520874023,0.304692804813385,0.30469274520874023,0.33220455050468445,0.04114978387951851,0.04114978387951851,0.39053526520729065,0.4118903577327728,1.074061632156372,1.191715955734253,0.0,0.0,0.0,0.0,0.0,0.0,0.0
77757659989,0,-0.02080148085951805,-0.14620105922222137,-0.12788167595863342,-0.02080148085951805,-0.14620105922222137,-0.8278816938400269,-0.017328975722193718,0.00655400799587369,0.007293109316378832,0.0,0.0,0.0,-0.012481643818318844,-0.019522257149219513,-0.010293465107679367,0.0,0.0,-0.010293466039001942,0.064394012093544,0.05026323348283768,0.02934996411204338,0.09827778488397598,0.15551410615444183,5.098217661725357e-05,0.0,0.0,0.0,-0.23287656903266907,10.088459968566895,0.0454254150390625,9.800445556640625,0.25309303402900696,-10.0,-9.880027770996094,14.67492389678955,2.0,2.0,17.789152145385742,0.30357420444488525,0.28977540135383606,0.30357420444488525,0.29744139313697815,0.0,0.30469265580177307,0.30469265580177307,0.30469265580177307,0.30469265580177307,0.0,-0.959823727607727,0.6948122978210449,-10.72630786895752,0.0,0.0,0.0,0.0,0.0,0.0,0.0,0.0,0.0,0.0,0.0,0.0,0.0,0.0,0.0,0.30469274520874023,0.30469274520874023,0.304692804813385,0.30469274520874023,0.33220455050468445,0.04114978387951851,0.04114978387951851,0.39053526520729065,0.4118903577327728,1.074061632156372,1.191715955734253,0.0,0.0,0.0,0.0,0.0,0.0,0.0
77767759942,0,-0.02080148085951805,-0.14620105922222137,-0.12788167595863342,-0.02080148085951805,-0.14620105922222137,-0.8278816938400269,-0.017328975722193718,0.00655400799587369,0.007293109316378832,0.0,0.0,0.0,-0.012481643818318844,-0.019522257149219513,-0.010293465107679367,0.0,0.0,-0.010293466039001942,0.064394012093544,0.05026323348283768,0.02934996411204338,0.09827778488397598,0.15551410615444183,5.098217661725357e-05,0.0,0.0,0.0,-0.23287656903266907,10.088459968566895,0.0454254150390625,9.800445556640625,0.25309303402900696,-10.0,-9.880027770996094,14.67492389678955,2.0,2.0,17.789152145385742,0.30357420444488525,0.28977540135383606,0.30357420444488525,0.29744139313697815,0.0,0.30469265580177307,0.30469265580177307,0.30469265580177307,0.30469265580177307,0.0,-0.959823727607727,0.6948122978210449,-10.72630786895752,0.0,0.0,0.0,0.0,0.0,0.0,0.0,0.0,0.0,0.0,0.0,0.0,0.0,0.0,0.0,0.30469274520874023,0.30469274520874023,0.304692804813385,0.30469274520874023,0.33220455050468445,0.04114978387951851,0.04114978387951851,0.39053526520729065,0.4118903577327728,1.074061632156372,1.191715955734253,0.0,0.0,0.0,0.0,0.0,0.0,0.0
77777648642,0,-0.02080148085951805,-0.14620105922222137,-0.12788167595863342,-0.02080148085951805,-0.14620105922222137,-0.8278816938400269,-0.017328975722193718,0.00655400799587369,0.007293109316378832,0.0,0.0,0.0,-0.012481643818318844,-0.019522257149219513,-0.010293465107679367,0.0,0.0,-0.010293466039001942,0.064394012093544,0.05026323348283768,0.02934996411204338,0.09827778488397598,0.15551410615444183,5.098217661725357e-05,0.0,0.0,0.0,-0.23287656903266907,10.088459968566895,0.0454254150390625,9.800445556640625,0.25309303402900696,-10.0,-9.880027770996094,14.67492389678955,2.0,2.0,17.789152145385742,0.30357420444488525,0.28977540135383606,0.30357420444488525,0.29744139313697815,0.0,0.30469265580177307,0.30469265580177307,0.30469265580177307,0.30469265580177307,0.0,-0.959823727607727,0.6948122978210449,-10.72630786895752,0.0,0.0,0.0,0.0,0.0,0.0,0.0,0.0,0.0,0.0,0.0,0.0,0.0,0.0,0.0,0.30469274520874023,0.30469274520874023,0.304692804813385,0.30469274520874023,0.33220455050468445,0.04114978387951851,0.04114978387951851,0.39053526520729065,0.4118903577327728,1.074061632156372,1.191715955734253,0.0,0.0,0.0,0.0,0.0,0.0,0.0
77787679417,0,-0.02080148085951805,-0.14620105922222137,-0.12788167595863342,-0.02080148085951805,-0.14620105922222137,-0.8278816938400269,-0.017328975722193718,0.00655400799587369,0.007293109316378832,0.0,0.0,0.0,-0.012481643818318844,-0.019522257149219513,-0.010293465107679367,0.0,0.0,-0.010293466039001942,0.064394012093544,0.05026323348283768,0.02934996411204338,0.09827778488397598,0.15551410615444183,5.098217661725357e-05,0.0,0.0,0.0,-0.23287656903266907,10.088459968566895,0.0454254150390625,9.800445556640625,0.25309303402900696,-10.0,-9.880027770996094,14.67492389678955,2.0,2.0,17.789152145385742,0.30357420444488525,0.28977540135383606,0.30357420444488525,0.29744139313697815,0.0,0.30469265580177307,0.30469265580177307,0.30469265580177307,0.30469265580177307,0.0,-0.959823727607727,0.6948122978210449,-10.72630786895752,0.0,0.0,0.0,0.0,0.0,0.0,0.0,0.0,0.0,0.0,0.0,0.0,0.0,0.0,0.0,0.30469274520874023,0.30469274520874023,0.304692804813385,0.30469274520874023,0.33220455050468445,0.04114978387951851,0.04114978387951851,0.39053526520729065,0.4118903577327728,1.074061632156372,1.191715955734253,0.0,0.0,0.0,0.0,0.0,0.0,0.0
77797837726,0,-0.02080148085951805,-0.14620105922222137,-0.12788167595863342,-0.02080148085951805,-0.14620105922222137,-0.8278816938400269,-0.017328975722193718,0.00655400799587369,0.007293109316378832,0.0,0.0,0.0,-0.012481643818318844,-0.019522257149219513,-0.010293465107679367,0.0,0.0,-0.010293466039001942,0.064394012093544,0.05026323348283768,0.02934996411204338,0.09827778488397598,0.15551410615444183,5.098217661725357e-05,0.0,0.0,0.0,-0.23287656903266907,10.088459968566895,0.0454254150390625,9.800445556640625,0.25309303402900696,-10.0,-9.880027770996094,14.67492389678955,2.0,2.0,17.789152145385742,0.30357420444488525,0.28977540135383606,0.30357420444488525,0.29590821266174316,0.0,0.30469265580177307,0.30469265580177307,0.30469265580177307,0.30469265580177307,0.0,-0.959823727607727,0.6948122978210449,-10.72630786895752,0.0,0.0,0.0,0.0,0.0,0.0,0.0,0.0,0.0,0.0,0.0,0.0,0.0,0.0,0.0,0.30469274520874023,0.30469274520874023,0.304692804813385,0.30469274520874023,0.33220455050468445,0.04114978387951851,0.04114978387951851,0.39053526520729065,0.4118903577327728,1.074061632156372,1.191715955734253,0.0,0.0,0.0,0.0,0.0,0.0,0.0
77807944080,0,-0.02080148085951805,-0.14620105922222137,-0.12788167595863342,-0.02080148085951805,-0.14620105922222137,-0.8278816938400269,-0.017328975722193718,0.00655400799587369,0.007293109316378832,0.0,0.0,0.0,-0.012481643818318844,-0.019522257149219513,-0.010293465107679367,0.0,0.0,-0.010293466039001942,0.064394012093544,0.05026323348283768,0.02934996411204338,0.09827778488397598,0.15551410615444183,5.098217661725357e-05,0.0,0.0,0.0,-0.23287656903266907,10.088459968566895,0.0454254150390625,9.800445556640625,0.25309303402900696,-10.0,-9.880027770996094,14.67492389678955,2.0,2.0,17.789152145385742,0.30357420444488525,0.28977540135383606,0.30357420444488525,0.29744139313697815,0.0,0.30469265580177307,0.30469265580177307,0.30469265580177307,0.30469265580177307,0.0,-0.959823727607727,0.6948122978210449,-10.72630786895752,0.0,0.0,0.0,0.0,0.0,0.0,0.0,0.0,0.0,0.0,0.0,0.0,0.0,0.0,0.0,0.30469274520874023,0.30469274520874023,0.304692804813385,0.30469274520874023,0.33220455050468445,0.04114978387951851,0.04114978387951851,0.39053526520729065,0.4118903577327728,1.074061632156372,1.191715955734253,0.0,0.0,0.0,0.0,0.0,0.0,0.0
77817959039,0,-0.02080148085951805,-0.14620105922222137,-0.12788167595863342,-0.02080148085951805,-0.14620105922222137,-0.8278816938400269,-0.017328975722193718,0.00655400799587369,0.007293109316378832,0.0,0.0,0.0,-0.012481643818318844,-0.019522257149219513,-0.010293465107679367,0.0,0.0,-0.010293466039001942,0.064394012093544,0.05026323348283768,0.02934996411204338,0.09827778488397598,0.15551410615444183,5.098217661725357e-05,0.0,0.0,0.0,-0.23287656903266907,10.088459968566895,0.0454254150390625,9.800445556640625,0.25309303402900696,-10.0,-9.880027770996094,14.67492389678955,2.0,2.0,17.789152145385742,0.30357420444488525,0.28977540135383606,0.30357420444488525,0.29744139313697815,0.0,0.30469265580177307,0.30469265580177307,0.30469265580177307,0.30469265580177307,0.0,-0.959823727607727,0.6948122978210449,-10.72630786895752,0.0,0.0,0.0,0.0,0.0,0.0,0.0,0.0,0.0,0.0,0.0,0.0,0.0,0.0,0.0,0.30469274520874023,0.30469274520874023,0.304692804813385,0.30469274520874023,0.33220455050468445,0.04114978387951851,0.04114978387951851,0.39053526520729065,0.4118903577327728,1.074061632156372,1.191715955734253,0.0,0.0,0.0,0.0,0.0,0.0,0.0
77828118038,0,-0.02080148085951805,-0.14620105922222137,-0.12788167595863342,-0.02080148085951805,-0.14620105922222137,-0.8278816938400269,-0.017328975722193718,0.00655400799587369,0.007293109316378832,0.0,0.0,0.0,-0.012481643818318844,-0.019522257149219513,-0.010293465107679367,0.0,0.0,-0.010293466039001942,0.064394012093544,0.05026323348283768,0.02934996411204338,0.09827778488397598,0.15551410615444183,5.098217661725357e-05,0.0,0.0,0.0,-0.23287656903266907,10.088459968566895,0.0454254150390625,9.800445556640625,0.25309303402900696,-10.0,-9.880027770996094,14.67492389678955,2.0,2.0,17.789152145385742,0.30357420444488525,0.28977540135383606,0.30357420444488525,0.29590821266174316,0.0,0.30469265580177307,0.30469265580177307,0.30469265580177307,0.30469265580177307,0.0,-0.959823727607727,0.6948122978210449,-10.72630786895752,0.0,0.0,0.0,0.0,0.0,0.0,0.0,0.0,0.0,0.0,0.0,0.0,0.0,0.0,0.0,0.30469274520874023,0.30469274520874023,0.304692804813385,0.30469274520874023,0.33220455050468445,0.04114978387951851,0.04114978387951851,0.39053526520729065,0.4118903577327728,1.074061632156372,1.191715955734253,0.0,0.0,0.0,0.0,0.0,0.0,0.0
77837705017,0,-0.02080148085951805,-0.14620105922222137,-0.12788167595863342,-0.02080148085951805,-0.14620105922222137,-0.8278816938400269,-0.017328975722193718,0.00655400799587369,0.007293109316378832,0.0,0.0,0.0,-0.012481643818318844,-0.019522257149219513,-0.010293465107679367,0.0,0.0,-0.010293466039001942,0.064394012093544,0.05026323348283768,0.02934996411204338,0.09827778488397598,0.15551410615444183,5.098217661725357e-05,0.0,0.0,0.0,-0.23287656903266907,10.088459968566895,0.0454254150390625,9.800445556640625,0.25309303402900696,-10.0,-9.880027770996094,14.67492389678955,2.0,2.0,17.789152145385742,0.30357420444488525,0.28977540135383606,0.30357420444488525,0.29744139313697815,0.0,0.30469265580177307,0.30469265580177307,0.30469265580177307,0.30469265580177307,0.0,-0.959823727607727,0.6948122978210449,-10.72630786895752,0.0,0.0,0.0,0.0,0.0,0.0,0.0,0.0,0.0,0.0,0.0,0.0,0.0,0.0,0.0,0.30469274520874023,0.30469274520874023,0.304692804813385,0.30469274520874023,0.33220455050468445,0.04114978387951851,0.04114978387951851,0.39053526520729065,0.4118903577327728,1.074061632156372,1.191715955734253,0.0,0.0,0.0,0.0,0.0,0.0,0.0
77847671926,0,-0.02080148085951805,-0.14620105922222137,-0.12788167595863342,-0.02080148085951805,-0.14620105922222137,-0.8278816938400269,-0.017328975722193718,0.00655400799587369,0.007293109316378832,0.0,0.0,0.0,-0.012481643818318844,-0.019522257149219513,-0.010293465107679367,0.0,0.0,-0.010293466039001942,0.064394012093544,0.05026323348283768,0.02934996411204338,0.09827778488397598,0.15551410615444183,5.098217661725357e-05,0.0,0.0,0.0,-0.23287656903266907,10.088459968566895,0.0454254150390625,9.800445556640625,0.25309303402900696,-10.0,-9.880027770996094,14.67492389678955,2.0,2.0,17.789152145385742,0.30357420444488525,0.28977540135383606,0.30357420444488525,0.29590821266174316,0.0,0.30469265580177307,0.30469265580177307,0.30469265580177307,0.30469265580177307,0.0,-0.959823727607727,0.6948122978210449,-10.72630786895752,0.0,0.0,0.0,0.0,0.0,0.0,0.0,0.0,0.0,0.0,0.0,0.0,0.0,0.0,0.0,0.30469274520874023,0.30469274520874023,0.304692804813385,0.30469274520874023,0.33220455050468445,0.04114978387951851,0.04114978387951851,0.39053526520729065,0.4118903577327728,1.074061632156372,1.191715955734253,0.0,0.0,0.0,0.0,0.0,0.0,0.0
77860834993,0,-0.02080148085951805,-0.14620105922222137,-0.12788167595863342,-0.02080148085951805,-0.14620105922222137,-0.8278816938400269,-0.017328975722193718,0.00655400799587369,0.007293109316378832,0.0,0.0,0.0,-0.012481643818318844,-0.019522257149219513,-0.010293465107679367,0.0,0.0,-0.010293466039001942,0.064394012093544,0.05026323348283768,0.02934996411204338,0.09827778488397598,0.15551410615444183,5.098217661725357e-05,0.0,0.0,0.0,-0.23287656903266907,10.088459968566895,0.0454254150390625,9.800445556640625,0.25309303402900696,-10.0,-9.880027770996094,14.67492389678955,2.0,2.0,17.789152145385742,0.30357420444488525,0.28977540135383606,0.30357420444488525,0.29590821266174316,0.0,0.30469265580177307,0.30469265580177307,0.30469265580177307,0.30469265580177307,0.0,-0.959823727607727,0.6948122978210449,-10.72630786895752,0.0,0.0,0.0,0.0,0.0,0.0,0.0,0.0,0.0,0.0,0.0,0.0,0.0,0.0,0.0,0.30469274520874023,0.30469274520874023,0.304692804813385,0.30469274520874023,0.33220455050468445,0.04114978387951851,0.04114978387951851,0.39053526520729065,0.4118903577327728,1.074061632156372,1.191715955734253,0.0,0.0,0.0,0.0,0.0,0.0,0.0
77868754116,0,-0.02080148085951805,-0.14620105922222137,-0.12788167595863342,-0.02080148085951805,-0.14620105922222137,-0.8278816938400269,-0.017328975722193718,0.00655400799587369,0.007293109316378832,0.0,0.0,0.0,-0.012481643818318844,-0.019522257149219513,-0.010293465107679367,0.0,0.0,-0.010293466039001942,0.064394012093544,0.05026323348283768,0.02934996411204338,0.09827778488397598,0.15551410615444183,5.098217661725357e-05,0.0,0.0,0.0,-0.23287656903266907,10.088459968566895,0.0454254150390625,9.800445556640625,0.25309303402900696,-10.0,-9.880027770996094,14.67492389678955,2.0,2.0,17.789152145385742,0.30357420444488525,0.28977540135383606,0.30357420444488525,0.29744139313697815,0.0,0.30469265580177307,0.30469265580177307,0.30469265580177307,0.30469265580177307,0.0,-0.959823727607727,0.6948122978210449,-10.72630786895752,0.0,0.0,0.0,0.0,0.0,0.0,0.0,0.0,0.0,0.0,0.0,0.0,0.0,0.0,0.0,0.30469274520874023,0.30469274520874023,0.304692804813385,0.30469274520874023,0.33220455050468445,0.04114978387951851,0.04114978387951851,0.39053526520729065,0.4118903577327728,1.074061632156372,1.191715955734253,0.0,0.0,0.0,0.0,0.0,0.0,0.0
77882825712,0,-0.02080148085951805,-0.14620105922222137,-0.12788167595863342,-0.02080148085951805,-0.14620105922222137,-0.8278816938400269,-0.017328975722193718,0.00655400799587369,0.007293109316378832,0.0,0.0,0.0,-0.012481643818318844,-0.019522257149219513,-0.010293465107679367,0.0,0.0,-0.010293466039001942,0.064394012093544,0.05026323348283768,0.02934996411204338,0.09827778488397598,0.15551410615444183,5.098217661725357e-05,0.0,0.0,0.0,-0.23287656903266907,10.088459968566895,0.0454254150390625,9.800445556640625,0.25309303402900696,-10.0,-9.880027770996094,14.67492389678955,2.0,2.0,17.789152145385742,0.30357420444488525,0.28977540135383606,0.30357420444488525,0.29744139313697815,0.0,0.30469265580177307,0.30469265580177307,0.30469265580177307,0.30469265580177307,0.0,-0.959823727607727,0.6948122978210449,-10.72630786895752,0.0,0.0,0.0,0.0,0.0,0.0,0.0,0.0,0.0,0.0,0.0,0.0,0.0,0.0,0.0,0.30469274520874023,0.30469274520874023,0.304692804813385,0.30469274520874023,0.33220455050468445,0.04114978387951851,0.04114978387951851,0.39053526520729065,0.4118903577327728,1.074061632156372,1.191715955734253,0.0,0.0,0.0,0.0,0.0,0.0,0.0
77888964541,0,-0.02080148085951805,-0.14620105922222137,-0.12788167595863342,-0.02080148085951805,-0.14620105922222137,-0.8278816938400269,-0.017328975722193718,0.00655400799587369,0.007293109316378832,0.0,0.0,0.0,-0.012481643818318844,-0.019522257149219513,-0.010293465107679367,0.0,0.0,-0.010293466039001942,0.064394012093544,0.05026323348283768,0.02934996411204338,0.09827778488397598,0.15551410615444183,5.098217661725357e-05,0.0,0.0,0.0,-0.23287656903266907,10.088459968566895,0.0454254150390625,9.800445556640625,0.25309303402900696,-10.0,-9.880027770996094,14.67492389678955,2.0,2.0,17.789152145385742,0.30357420444488525,0.28977540135383606,0.30357420444488525,0.29744139313697815,0.0,0.30469265580177307,0.30469265580177307,0.30469265580177307,0.30469265580177307,0.0,-0.959823727607727,0.6948122978210449,-10.72630786895752,0.0,0.0,0.0,0.0,0.0,0.0,0.0,0.0,0.0,0.0,0.0,0.0,0.0,0.0,0.0,0.30469274520874023,0.30469274520874023,0.304692804813385,0.30469274520874023,0.33220455050468445,0.04114978387951851,0.04114978387951851,0.39053526520729065,0.4118903577327728,1.074061632156372,1.191715955734253,0.0,0.0,0.0,0.0,0.0,0.0,0.0
77897797215,0,-0.02080148085951805,-0.14620105922222137,-0.12788167595863342,-0.02080148085951805,-0.14620105922222137,-0.8278816938400269,-0.017328975722193718,0.00655400799587369,0.007293109316378832,0.0,0.0,0.0,-0.012481643818318844,-0.019522257149219513,-0.010293465107679367,0.0,0.0,-0.010293466039001942,0.064394012093544,0.05026323348283768,0.02934996411204338,0.09827778488397598,0.15551410615444183,5.098217661725357e-05,0.0,0.0,0.0,-0.23287656903266907,10.088459968566895,0.0454254150390625,9.800445556640625,0.25309303402900696,-10.0,-9.880027770996094,14.67492389678955,2.0,2.0,17.789152145385742,0.30357420444488525,0.28977540135383606,0.30357420444488525,0.29744139313697815,0.0,0.30469265580177307,0.30469265580177307,0.30469265580177307,0.30469265580177307,0.0,-0.959823727607727,0.6948122978210449,-10.72630786895752,0.0,0.0,0.0,0.0,0.0,0.0,0.0,0.0,0.0,0.0,0.0,0.0,0.0,0.0,0.0,0.30469274520874023,0.30469274520874023,0.304692804813385,0.30469274520874023,0.33220455050468445,0.04114978387951851,0.04114978387951851,0.39053526520729065,0.4118903577327728,1.074061632156372,1.191715955734253,0.0,0.0,0.0,0.0,0.0,0.0,0.0
77907784245,0,-0.02080148085951805,-0.14620105922222137,-0.12788167595863342,-0.02080148085951805,-0.14620105922222137,-0.8278816938400269,-0.017328975722193718,0.00655400799587369,0.007293109316378832,0.0,0.0,0.0,-0.012481643818318844,-0.019522257149219513,-0.010293465107679367,0.0,0.0,-0.010293466039001942,0.064394012093544,0.05026323348283768,0.02934996411204338,0.09827778488397598,0.15551410615444183,5.098217661725357e-05,0.0,0.0,0.0,-0.23287656903266907,10.088459968566895,0.0454254150390625,9.800445556640625,0.25309303402900696,-10.0,-9.880027770996094,14.67492389678955,2.0,2.0,17.789152145385742,0.30357420444488525,0.28977540135383606,0.30357420444488525,0.29590821266174316,0.0,0.30469265580177307,0.30469265580177307,0.30469265580177307,0.30469265580177307,0.0,-0.959823727607727,0.6948122978210449,-10.72630786895752,0.0,0.0,0.0,0.0,0.0,0.0,0.0,0.0,0.0,0.0,0.0,0.0,0.0,0.0,0.0,0.30469274520874023,0.30469274520874023,0.304692804813385,0.30469274520874023,0.33220455050468445,0.04114978387951851,0.04114978387951851,0.39053526520729065,0.4118903577327728,1.074061632156372,1.191715955734253,0.0,0.0,0.0,0.0,0.0,0.0,0.0
77917948089,0,-0.02080148085951805,-0.14620105922222137,-0.12788167595863342,-0.02080148085951805,-0.14620105922222137,-0.8278816938400269,-0.017328975722193718,0.00655400799587369,0.007293109316378832,0.0,0.0,0.0,-0.012481643818318844,-0.019522257149219513,-0.010293465107679367,0.0,0.0,-0.010293466039001942,0.064394012093544,0.05026323348283768,0.02934996411204338,0.09827778488397598,0.15551410615444183,5.098217661725357e-05,0.0,0.0,0.0,-0.23287656903266907,10.088459968566895,0.0454254150390625,9.800445556640625,0.25309303402900696,-10.0,-9.880027770996094,14.67492389678955,2.0,2.0,17.789152145385742,0.30357420444488525,0.28977540135383606,0.30357420444488525,0.29744139313697815,0.0,0.30469265580177307,0.30469265580177307,0.30469265580177307,0.30469265580177307,0.0,-0.959823727607727,0.6948122978210449,-10.72630786895752,0.0,0.0,0.0,0.0,0.0,0.0,0.0,0.0,0.0,0.0,0.0,0.0,0.0,0.0,0.0,0.30469274520874023,0.30469274520874023,0.304692804813385,0.30469274520874023,0.33220455050468445,0.04114978387951851,0.04114978387951851,0.39053526520729065,0.4118903577327728,1.074061632156372,1.191715955734253,0.0,0.0,0.0,0.0,0.0,0.0,0.0
77927706970,0,-0.02080148085951805,-0.14620105922222137,-0.12788167595863342,-0.02080148085951805,-0.14620105922222137,-0.8278816938400269,-0.017328975722193718,0.00655400799587369,0.007293109316378832,0.0,0.0,0.0,-0.012481643818318844,-0.019522257149219513,-0.010293465107679367,0.0,0.0,-0.010293466039001942,0.064394012093544,0.05026323348283768,0.02934996411204338,0.09827778488397598,0.15551410615444183,5.098217661725357e-05,0.0,0.0,0.0,-0.23287656903266907,10.088459968566895,0.0454254150390625,9.800445556640625,0.25309303402900696,-10.0,-9.880027770996094,14.67492389678955,2.0,2.0,17.789152145385742,0.30357420444488525,0.28977540135383606,0.30357420444488525,0.29590821266174316,0.0,0.30469265580177307,0.30469265580177307,0.30469265580177307,0.30469265580177307,0.0,-0.959823727607727,0.6948122978210449,-10.72630786895752,0.0,0.0,0.0,0.0,0.0,0.0,0.0,0.0,0.0,0.0,0.0,0.0,0.0,0.0,0.0,0.30469274520874023,0.30469274520874023,0.304692804813385,0.30469274520874023,0.33220455050468445,0.04114978387951851,0.04114978387951851,0.39053526520729065,0.4118903577327728,1.074061632156372,1.191715955734253,0.0,0.0,0.0,0.0,0.0,0.0,0.0
77938163881,0,-0.02080148085951805,-0.14620105922222137,-0.12788167595863342,-0.02080148085951805,-0.14620105922222137,-0.8278816938400269,-0.017328975722193718,0.00655400799587369,0.007293109316378832,0.0,0.0,0.0,-0.012481643818318844,-0.019522257149219513,-0.010293465107679367,0.0,0.0,-0.010293466039001942,0.064394012093544,0.05026323348283768,0.02934996411204338,0.09827778488397598,0.15551410615444183,5.098217661725357e-05,0.0,0.0,0.0,-0.23287656903266907,10.088459968566895,0.0454254150390625,9.800445556640625,0.25309303402900696,-10.0,-9.880027770996094,14.67492389678955,2.0,2.0,17.789152145385742,0.30357420444488525,0.28977540135383606,0.30357420444488525,0.29744139313697815,0.0,0.30469265580177307,0.30469265580177307,0.30469265580177307,0.30469265580177307,0.0,-0.959823727607727,0.6948122978210449,-10.72630786895752,0.0,0.0,0.0,0.0,0.0,0.0,0.0,0.0,0.0,0.0,0.0,0.0,0.0,0.0,0.0,0.30469274520874023,0.30469274520874023,0.304692804813385,0.30469274520874023,0.33220455050468445,0.04114978387951851,0.04114978387951851,0.39053526520729065,0.4118903577327728,1.074061632156372,1.191715955734253,0.0,0.0,0.0,0.0,0.0,0.0,0.0
77947717569,0,-0.02080148085951805,-0.14620105922222137,-0.12788167595863342,-0.02080148085951805,-0.14620105922222137,-0.8278816938400269,-0.017328975722193718,0.00655400799587369,0.007293109316378832,0.0,0.0,0.0,-0.012481643818318844,-0.019522257149219513,-0.010293465107679367,0.0,0.0,-0.010293466039001942,0.064394012093544,0.05026323348283768,0.02934996411204338,0.09827778488397598,0.15551410615444183,5.098217661725357e-05,0.0,0.0,0.0,-0.23287656903266907,10.088459968566895,0.0454254150390625,9.800445556640625,0.25309303402900696,-10.0,-9.880027770996094,14.67492389678955,2.0,2.0,17.789152145385742,0.30357420444488525,0.28977540135383606,0.30357420444488525,0.29590821266174316,0.0,0.30469265580177307,0.30469265580177307,0.30469265580177307,0.30469265580177307,0.0,-0.959823727607727,0.6948122978210449,-10.72630786895752,0.0,0.0,0.0,0.0,0.0,0.0,0.0,0.0,0.0,0.0,0.0,0.0,0.0,0.0,0.0,0.30469274520874023,0.30469274520874023,0.304692804813385,0.30469274520874023,0.33220455050468445,0.04114978387951851,0.04114978387951851,0.39053526520729065,0.4118903577327728,1.074061632156372,1.191715955734253,0.0,0.0,0.0,0.0,0.0,0.0,0.0
77959525139,0,-0.02080148085951805,-0.14620105922222137,-0.12788167595863342,-0.02080148085951805,-0.14620105922222137,-0.8278816938400269,-0.017328975722193718,0.00655400799587369,0.007293109316378832,0.0,0.0,0.0,-0.012481643818318844,-0.019522257149219513,-0.010293465107679367,0.0,0.0,-0.010293466039001942,0.064394012093544,0.05026323348283768,0.02934996411204338,0.09827778488397598,0.15551410615444183,5.098217661725357e-05,0.0,0.0,0.0,-0.23287656903266907,10.088459968566895,0.0454254150390625,9.800445556640625,0.25309303402900696,-10.0,-9.880027770996094,14.67492389678955,2.0,2.0,17.789152145385742,0.30357420444488525,0.28977540135383606,0.30357420444488525,0.29744139313697815,0.0,0.30469265580177307,0.30469265580177307,0.30469265580177307,0.30469265580177307,0.0,-0.959823727607727,0.6948122978210449,-10.72630786895752,0.0,0.0,0.0,0.0,0.0,0.0,0.0,0.0,0.0,0.0,0.0,0.0,0.0,0.0,0.0,0.30469274520874023,0.30469274520874023,0.304692804813385,0.30469274520874023,0.33220455050468445,0.04114978387951851,0.04114978387951851,0.39053526520729065,0.4118903577327728,1.074061632156372,1.191715955734253,0.0,0.0,0.0,0.0,0.0,0.0,0.0
77967645169,0,-0.02080148085951805,-0.14620105922222137,-0.12788167595863342,-0.02080148085951805,-0.14620105922222137,-0.8278816938400269,-0.017328975722193718,0.00655400799587369,0.007293109316378832,0.0,0.0,0.0,-0.012481643818318844,-0.019522257149219513,-0.010293465107679367,0.0,0.0,-0.010293466039001942,0.064394012093544,0.05026323348283768,0.02934996411204338,0.09827778488397598,0.15551410615444183,5.098217661725357e-05,0.0,0.0,0.0,-0.23287656903266907,10.088459968566895,0.0454254150390625,9.800445556640625,0.25309303402900696,-10.0,-9.880027770996094,14.67492389678955,2.0,2.0,17.789152145385742,0.30357420444488525,0.28977540135383606,0.30357420444488525,0.29744139313697815,0.0,0.30469265580177307,0.30469265580177307,0.30469265580177307,0.30469265580177307,0.0,-0.959823727607727,0.6948122978210449,-10.72630786895752,0.0,0.0,0.0,0.0,0.0,0.0,0.0,0.0,0.0,0.0,0.0,0.0,0.0,0.0,0.0,0.30469274520874023,0.30469274520874023,0.304692804813385,0.30469274520874023,0.33220455050468445,0.04114978387951851,0.04114978387951851,0.39053526520729065,0.4118903577327728,1.074061632156372,1.191715955734253,0.0,0.0,0.0,0.0,0.0,0.0,0.0
77978430322,0,-0.02080148085951805,-0.14620105922222137,-0.12788167595863342,-0.02080148085951805,-0.14620105922222137,-0.8278816938400269,-0.017328975722193718,0.00655400799587369,0.007293109316378832,0.0,0.0,0.0,-0.012481643818318844,-0.019522257149219513,-0.010293465107679367,0.0,0.0,-0.010293466039001942,0.064394012093544,0.05026323348283768,0.02934996411204338,0.09827778488397598,0.15551410615444183,5.098217661725357e-05,0.0,0.0,0.0,-0.23287656903266907,10.088459968566895,0.0454254150390625,9.800445556640625,0.25309303402900696,-10.0,-9.880027770996094,14.67492389678955,2.0,2.0,17.789152145385742,0.30357420444488525,0.28977540135383606,0.30357420444488525,0.29744139313697815,0.0,0.30469265580177307,0.30469265580177307,0.30469265580177307,0.30469265580177307,0.0,-0.959823727607727,0.6948122978210449,-10.72630786895752,0.0,0.0,0.0,0.0,0.0,0.0,0.0,0.0,0.0,0.0,0.0,0.0,0.0,0.0,0.0,0.30469274520874023,0.30469274520874023,0.304692804813385,0.30469274520874023,0.33220455050468445,0.04114978387951851,0.04114978387951851,0.39053526520729065,0.4118903577327728,1.074061632156372,1.191715955734253,0.0,0.0,0.0,0.0,0.0,0.0,0.0
77987798589,0,-0.02080148085951805,-0.14620105922222137,-0.12788167595863342,-0.02080148085951805,-0.14620105922222137,-0.8278816938400269,-0.017328975722193718,0.00655400799587369,0.007293109316378832,0.0,0.0,0.0,-0.012481643818318844,-0.019522257149219513,-0.010293465107679367,0.0,0.0,-0.010293466039001942,0.064394012093544,0.05026323348283768,0.02934996411204338,0.09827778488397598,0.15551410615444183,5.098217661725357e-05,0.0,0.0,0.0,-0.23287656903266907,10.088459968566895,0.0454254150390625,9.800445556640625,0.25309303402900696,-10.0,-9.880027770996094,14.67492389678955,2.0,2.0,17.789152145385742,0.30357420444488525,0.28977540135383606,0.30357420444488525,0.29590821266174316,0.0,0.30469265580177307,0.30469265580177307,0.30469265580177307,0.30469265580177307,0.0,-0.959823727607727,0.6948122978210449,-10.72630786895752,0.0,0.0,0.0,0.0,0.0,0.0,0.0,0.0,0.0,0.0,0.0,0.0,0.0,0.0,0.0,0.30469274520874023,0.30469274520874023,0.304692804813385,0.30469274520874023,0.33220455050468445,0.04114978387951851,0.04114978387951851,0.39053526520729065,0.4118903577327728,1.074061632156372,1.191715955734253,0.0,0.0,0.0,0.0,0.0,0.0,0.0
77997597183,0,-0.02080148085951805,-0.14620105922222137,-0.12788167595863342,-0.02080148085951805,-0.14620105922222137,-0.8278816938400269,-0.017328975722193718,0.00655400799587369,0.007293109316378832,0.0,0.0,0.0,-0.012481643818318844,-0.019522257149219513,-0.010293465107679367,0.0,0.0,-0.010293466039001942,0.064394012093544,0.05026323348283768,0.02934996411204338,0.09827778488397598,0.15551410615444183,5.098217661725357e-05,0.0,0.0,0.0,-0.23287656903266907,10.088459968566895,0.0454254150390625,9.800445556640625,0.25309303402900696,-10.0,-9.880027770996094,14.67492389678955,2.0,2.0,17.789152145385742,0.30357420444488525,0.28977540135383606,0.30357420444488525,0.29590821266174316,0.0,0.30469265580177307,0.30469265580177307,0.30469265580177307,0.30469265580177307,0.0,-0.959823727607727,0.6948122978210449,-10.72630786895752,0.0,0.0,0.0,0.0,0.0,0.0,0.0,0.0,0.0,0.0,0.0,0.0,0.0,0.0,0.0,0.30469274520874023,0.30469274520874023,0.304692804813385,0.30469274520874023,0.33220455050468445,0.04114978387951851,0.04114978387951851,0.39053526520729065,0.4118903577327728,1.074061632156372,1.191715955734253,0.0,0.0,0.0,0.0,0.0,0.0,0.0
78007806837,0,-0.02080148085951805,-0.14620105922222137,-0.12788167595863342,-0.02080148085951805,-0.14620105922222137,-0.8278816938400269,-0.017328975722193718,0.00655400799587369,0.007293109316378832,0.0,0.0,0.0,-0.012481643818318844,-0.019522257149219513,-0.010293465107679367,0.0,0.0,-0.010293466039001942,0.064394012093544,0.05026323348283768,0.02934996411204338,0.09827778488397598,0.15551410615444183,5.098217661725357e-05,0.0,0.0,0.0,-0.23287656903266907,10.088459968566895,0.0454254150390625,9.800445556640625,0.25309303402900696,-10.0,-9.880027770996094,14.67492389678955,2.0,2.0,17.789152145385742,0.30357420444488525,0.28977540135383606,0.30357420444488525,0.29590821266174316,0.0,0.30469265580177307,0.30469265580177307,0.30469265580177307,0.30469265580177307,0.0,-0.959823727607727,0.6948122978210449,-10.72630786895752,0.0,0.0,0.0,0.0,0.0,0.0,0.0,0.0,0.0,0.0,0.0,0.0,0.0,0.0,0.0,0.30469274520874023,0.30469274520874023,0.304692804813385,0.30469274520874023,0.33220455050468445,0.04114978387951851,0.04114978387951851,0.39053526520729065,0.4118903577327728,1.074061632156372,1.191715955734253,0.0,0.0,0.0,0.0,0.0,0.0,0.0
78018238301,0,-0.02080148085951805,-0.14620105922222137,-0.12788167595863342,-0.02080148085951805,-0.14620105922222137,-0.8278816938400269,-0.017328975722193718,0.00655400799587369,0.007293109316378832,0.0,0.0,0.0,-0.012481643818318844,-0.019522257149219513,-0.010293465107679367,0.0,0.0,-0.010293466039001942,0.064394012093544,0.05026323348283768,0.02934996411204338,0.09827778488397598,0.15551410615444183,5.098217661725357e-05,0.0,0.0,0.0,-0.23287656903266907,10.088459968566895,0.0454254150390625,9.800445556640625,0.25309303402900696,-10.0,-9.880027770996094,14.67492389678955,2.0,2.0,17.789152145385742,0.30357420444488525,0.28977540135383606,0.30357420444488525,0.29744139313697815,0.0,0.30469265580177307,0.30469265580177307,0.30469265580177307,0.30469265580177307,0.0,-0.959823727607727,0.6948122978210449,-10.72630786895752,0.0,0.0,0.0,0.0,0.0,0.0,0.0,0.0,0.0,0.0,0.0,0.0,0.0,0.0,0.0,0.30469274520874023,0.30469274520874023,0.304692804813385,0.30469274520874023,0.33220455050468445,0.04114978387951851,0.04114978387951851,0.39053526520729065,0.4118903577327728,1.074061632156372,1.191715955734253,0.0,0.0,0.0,0.0,0.0,0.0,0.0
78030194779,0,-0.02080148085951805,-0.14620105922222137,-0.12788167595863342,-0.02080148085951805,-0.14620105922222137,-0.8278816938400269,-0.017328975722193718,0.00655400799587369,0.007293109316378832,0.0,0.0,0.0,-0.012481643818318844,-0.019522257149219513,-0.010293465107679367,0.0,0.0,-0.010293466039001942,0.064394012093544,0.05026323348283768,0.02934996411204338,0.09827778488397598,0.15551410615444183,5.098217661725357e-05,0.0,0.0,0.0,-0.23287656903266907,10.088459968566895,0.0454254150390625,9.800445556640625,0.25309303402900696,-10.0,-9.880027770996094,14.67492389678955,2.0,2.0,17.789152145385742,0.30357420444488525,0.28977540135383606,0.30357420444488525,0.29744139313697815,0.0,0.30469265580177307,0.30469265580177307,0.30469265580177307,0.30469265580177307,0.0,-0.959823727607727,0.6948122978210449,-10.72630786895752,0.0,0.0,0.0,0.0,0.0,0.0,0.0,0.0,0.0,0.0,0.0,0.0,0.0,0.0,0.0,0.30469274520874023,0.30469274520874023,0.304692804813385,0.30469274520874023,0.33220455050468445,0.04114978387951851,0.04114978387951851,0.39053526520729065,0.4118903577327728,1.074061632156372,1.191715955734253,0.0,0.0,0.0,0.0,0.0,0.0,0.0
78043842888,0,-0.02080148085951805,-0.14620105922222137,-0.12788167595863342,-0.02080148085951805,-0.14620105922222137,-0.8278816938400269,-0.017328975722193718,0.00655400799587369,0.007293109316378832,0.0,0.0,0.0,-0.012481643818318844,-0.019522257149219513,-0.010293465107679367,0.0,0.0,-0.010293466039001942,0.064394012093544,0.05026323348283768,0.02934996411204338,0.09827778488397598,0.15551410615444183,5.098217661725357e-05,0.0,0.0,0.0,-0.23287656903266907,10.088459968566895,0.0454254150390625,9.800445556640625,0.25309303402900696,-10.0,-9.880027770996094,14.67492389678955,2.0,2.0,17.789152145385742,0.30357420444488525,0.28977540135383606,0.30357420444488525,0.29744139313697815,0.0,0.30469265580177307,0.30469265580177307,0.30469265580177307,0.30469265580177307,0.0,-0.959823727607727,0.6948122978210449,-10.72630786895752,0.0,0.0,0.0,0.0,0.0,0.0,0.0,0.0,0.0,0.0,0.0,0.0,0.0,0.0,0.0,0.30469274520874023,0.30469274520874023,0.304692804813385,0.30469274520874023,0.33220455050468445,0.04114978387951851,0.04114978387951851,0.39053526520729065,0.4118903577327728,1.074061632156372,1.191715955734253,0.0,0.0,0.0,0.0,0.0,0.0,0.0
78047711955,0,-0.02080148085951805,-0.14620105922222137,-0.12788167595863342,-0.02080148085951805,-0.14620105922222137,-0.8278816938400269,-0.017328975722193718,0.00655400799587369,0.007293109316378832,0.0,0.0,0.0,-0.012481643818318844,-0.019522257149219513,-0.010293465107679367,0.0,0.0,-0.010293466039001942,0.064394012093544,0.05026323348283768,0.02934996411204338,0.09827778488397598,0.15551410615444183,5.098217661725357e-05,0.0,0.0,0.0,-0.23287656903266907,10.088459968566895,0.0454254150390625,9.800445556640625,0.25309303402900696,-10.0,-9.880027770996094,14.67492389678955,2.0,2.0,17.789152145385742,0.30357420444488525,0.28977540135383606,0.30204102396965027,0.29744139313697815,0.0,0.30469265580177307,0.30469265580177307,0.30469265580177307,0.30469265580177307,0.0,-0.959823727607727,0.6948122978210449,-10.72630786895752,0.0,0.0,0.0,0.0,0.0,0.0,0.0,0.0,0.0,0.0,0.0,0.0,0.0,0.0,0.0,0.30469274520874023,0.30469274520874023,0.304692804813385,0.30469274520874023,0.33220455050468445,0.04114978387951851,0.04114978387951851,0.39053526520729065,0.4118903577327728,1.074061632156372,1.191715955734253,0.0,0.0,0.0,0.0,0.0,0.0,0.0
78057936892,0,-0.02080148085951805,-0.14620105922222137,-0.12788167595863342,-0.02080148085951805,-0.14620105922222137,-0.8278816938400269,-0.017328975722193718,0.00655400799587369,0.007293109316378832,0.0,0.0,0.0,-0.012481643818318844,-0.019522257149219513,-0.010293465107679367,0.0,0.0,-0.010293466039001942,0.064394012093544,0.05026323348283768,0.02934996411204338,0.09827778488397598,0.15551410615444183,5.098217661725357e-05,0.0,0.0,0.0,-0.23287656903266907,10.088459968566895,0.0454254150390625,9.800445556640625,0.25309303402900696,-10.0,-9.880027770996094,14.67492389678955,2.0,2.0,17.789152145385742,0.30357420444488525,0.28977540135383606,0.30357420444488525,0.29744139313697815,0.0,0.30469265580177307,0.30469265580177307,0.30469265580177307,0.30469265580177307,0.0,-0.959823727607727,0.6948122978210449,-10.72630786895752,0.0,0.0,0.0,0.0,0.0,0.0,0.0,0.0,0.0,0.0,0.0,0.0,0.0,0.0,0.0,0.30469274520874023,0.30469274520874023,0.304692804813385,0.30469274520874023,0.33220455050468445,0.04114978387951851,0.04114978387951851,0.39053526520729065,0.4118903577327728,1.074061632156372,1.191715955734253,0.0,0.0,0.0,0.0,0.0,0.0,0.0
78067822487,0,-0.02080148085951805,-0.14620105922222137,-0.12788167595863342,-0.02080148085951805,-0.14620105922222137,-0.8278816938400269,-0.017328975722193718,0.00655400799587369,0.007293109316378832,0.0,0.0,0.0,-0.012481643818318844,-0.019522257149219513,-0.010293465107679367,0.0,0.0,-0.010293466039001942,0.064394012093544,0.05026323348283768,0.02934996411204338,0.09827778488397598,0.15551410615444183,5.098217661725357e-05,0.0,0.0,0.0,-0.23287656903266907,10.088459968566895,0.0454254150390625,9.800445556640625,0.25309303402900696,-10.0,-9.880027770996094,14.67492389678955,2.0,2.0,17.789152145385742,0.30357420444488525,0.28977540135383606,0.30357420444488525,0.29590821266174316,0.0,0.30469265580177307,0.30469265580177307,0.30469265580177307,0.30469265580177307,0.0,-0.959823727607727,0.6948122978210449,-10.72630786895752,0.0,0.0,0.0,0.0,0.0,0.0,0.0,0.0,0.0,0.0,0.0,0.0,0.0,0.0,0.0,0.30469274520874023,0.30469274520874023,0.304692804813385,0.30469274520874023,0.33220455050468445,0.04114978387951851,0.04114978387951851,0.39053526520729065,0.4118903577327728,1.074061632156372,1.191715955734253,0.0,0.0,0.0,0.0,0.0,0.0,0.0
78080487489,0,-0.02080148085951805,-0.14620105922222137,-0.12788167595863342,-0.02080148085951805,-0.14620105922222137,-0.8278816938400269,-0.017328975722193718,0.00655400799587369,0.007293109316378832,0.0,0.0,0.0,-0.012481643818318844,-0.019522257149219513,-0.010293465107679367,0.0,0.0,-0.010293466039001942,0.064394012093544,0.05026323348283768,0.02934996411204338,0.09827778488397598,0.15551410615444183,5.098217661725357e-05,0.0,0.0,0.0,-0.23287656903266907,10.088459968566895,0.0454254150390625,9.800445556640625,0.25309303402900696,-10.0,-9.880027770996094,14.67492389678955,2.0,2.0,17.789152145385742,0.30357420444488525,0.28977540135383606,0.30357420444488525,0.29590821266174316,0.0,0.30469265580177307,0.30469265580177307,0.30469265580177307,0.30469265580177307,0.0,-0.959823727607727,0.6948122978210449,-10.72630786895752,0.0,0.0,0.0,0.0,0.0,0.0,0.0,0.0,0.0,0.0,0.0,0.0,0.0,0.0,0.0,0.30469274520874023,0.30469274520874023,0.304692804813385,0.30469274520874023,0.33220455050468445,0.04114978387951851,0.04114978387951851,0.39053526520729065,0.4118903577327728,1.074061632156372,1.191715955734253,0.0,0.0,0.0,0.0,0.0,0.0,0.0
78091324193,0,-0.02080148085951805,-0.14620105922222137,-0.12788167595863342,-0.02080148085951805,-0.14620105922222137,-0.8278816938400269,-0.017328975722193718,0.00655400799587369,0.007293109316378832,0.0,0.0,0.0,-0.012481643818318844,-0.019522257149219513,-0.010293465107679367,0.0,0.0,-0.010293466039001942,0.064394012093544,0.05026323348283768,0.02934996411204338,0.09827778488397598,0.15551410615444183,5.098217661725357e-05,0.0,0.0,0.0,-0.23287656903266907,10.088459968566895,0.0454254150390625,9.800445556640625,0.25309303402900696,-10.0,-9.880027770996094,14.67492389678955,2.0,2.0,17.789152145385742,0.30357420444488525,0.28977540135383606,0.30357420444488525,0.29590821266174316,0.0,0.30469265580177307,0.30469265580177307,0.30469265580177307,0.30469265580177307,0.0,-0.959823727607727,0.6948122978210449,-10.72630786895752,0.0,0.0,0.0,0.0,0.0,0.0,0.0,0.0,0.0,0.0,0.0,0.0,0.0,0.0,0.0,0.30469274520874023,0.30469274520874023,0.304692804813385,0.30469274520874023,0.33220455050468445,0.04114978387951851,0.04114978387951851,0.39053526520729065,0.4118903577327728,1.074061632156372,1.191715955734253,0.0,0.0,0.0,0.0,0.0,0.0,0.0
78098298708,0,-0.02080148085951805,-0.14620105922222137,-0.12788167595863342,-0.02080148085951805,-0.14620105922222137,-0.8278816938400269,-0.017328975722193718,0.00655400799587369,0.007293109316378832,0.0,0.0,0.0,-0.012481643818318844,-0.019522257149219513,-0.010293465107679367,0.0,0.0,-0.010293466039001942,0.064394012093544,0.05026323348283768,0.02934996411204338,0.09827778488397598,0.15551410615444183,5.098217661725357e-05,0.0,0.0,0.0,-0.23287656903266907,10.088459968566895,0.0454254150390625,9.800445556640625,0.25309303402900696,-10.0,-9.880027770996094,14.67492389678955,2.0,2.0,17.789152145385742,0.30357420444488525,0.28977540135383606,0.30357420444488525,0.29744139313697815,0.0,0.30469265580177307,0.30469265580177307,0.30469265580177307,0.30469265580177307,0.0,-0.959823727607727,0.6948122978210449,-10.72630786895752,0.0,0.0,0.0,0.0,0.0,0.0,0.0,0.0,0.0,0.0,0.0,0.0,0.0,0.0,0.0,0.30469274520874023,0.30469274520874023,0.304692804813385,0.30469274520874023,0.33220455050468445,0.04114978387951851,0.04114978387951851,0.39053526520729065,0.4118903577327728,1.074061632156372,1.191715955734253,0.0,0.0,0.0,0.0,0.0,0.0,0.0
78107781734,0,-0.02080148085951805,-0.14620105922222137,-0.12788167595863342,-0.02080148085951805,-0.14620105922222137,-0.8278816938400269,-0.017328975722193718,0.00655400799587369,0.007293109316378832,0.0,0.0,0.0,-0.012481643818318844,-0.019522257149219513,-0.010293465107679367,0.0,0.0,-0.010293466039001942,0.064394012093544,0.05026323348283768,0.02934996411204338,0.09827778488397598,0.15551410615444183,5.098217661725357e-05,0.0,0.0,0.0,-0.23287656903266907,10.088459968566895,0.0454254150390625,9.800445556640625,0.25309303402900696,-10.0,-9.880027770996094,14.67492389678955,2.0,2.0,17.789152145385742,0.30357420444488525,0.28977540135383606,0.30357420444488525,0.29590821266174316,0.0,0.30469265580177307,0.30469265580177307,0.30469265580177307,0.30469265580177307,0.0,-0.959823727607727,0.6948122978210449,-10.72630786895752,0.0,0.0,0.0,0.0,0.0,0.0,0.0,0.0,0.0,0.0,0.0,0.0,0.0,0.0,0.0,0.30469274520874023,0.30469274520874023,0.304692804813385,0.30469274520874023,0.33220455050468445,0.04114978387951851,0.04114978387951851,0.39053526520729065,0.4118903577327728,1.074061632156372,1.191715955734253,0.0,0.0,0.0,0.0,0.0,0.0,0.0
78119204110,0,-0.02080148085951805,-0.14620105922222137,-0.12788167595863342,-0.02080148085951805,-0.14620105922222137,-0.8278816938400269,-0.017328975722193718,0.00655400799587369,0.007293109316378832,0.0,0.0,0.0,-0.012481643818318844,-0.019522257149219513,-0.010293465107679367,0.0,0.0,-0.010293466039001942,0.064394012093544,0.05026323348283768,0.02934996411204338,0.09827778488397598,0.15551410615444183,5.098217661725357e-05,0.0,0.0,0.0,-0.23287656903266907,10.088459968566895,0.0454254150390625,9.800445556640625,0.25309303402900696,-10.0,-9.880027770996094,14.67492389678955,2.0,2.0,17.789152145385742,0.30357420444488525,0.28977540135383606,0.30357420444488525,0.29744139313697815,0.0,0.30469265580177307,0.30469265580177307,0.30469265580177307,0.30469265580177307,0.0,-0.959823727607727,0.6948122978210449,-10.72630786895752,0.0,0.0,0.0,0.0,0.0,0.0,0.0,0.0,0.0,0.0,0.0,0.0,0.0,0.0,0.0,0.30469274520874023,0.30469274520874023,0.304692804813385,0.30469274520874023,0.33220455050468445,0.04114978387951851,0.04114978387951851,0.39053526520729065,0.4118903577327728,1.074061632156372,1.191715955734253,0.0,0.0,0.0,0.0,0.0,0.0,0.0
78127688131,0,-0.02080148085951805,-0.14620105922222137,-0.12788167595863342,-0.02080148085951805,-0.14620105922222137,-0.8278816938400269,-0.017328975722193718,0.00655400799587369,0.007293109316378832,0.0,0.0,0.0,-0.012481643818318844,-0.019522257149219513,-0.010293465107679367,0.0,0.0,-0.010293466039001942,0.064394012093544,0.05026323348283768,0.02934996411204338,0.09827778488397598,0.15551410615444183,5.098217661725357e-05,0.0,0.0,0.0,-0.23287656903266907,10.088459968566895,0.0454254150390625,9.800445556640625,0.25309303402900696,-10.0,-9.880027770996094,14.67492389678955,2.0,2.0,17.789152145385742,0.30357420444488525,0.28977540135383606,0.30357420444488525,0.29744139313697815,0.0,0.30469265580177307,0.30469265580177307,0.30469265580177307,0.30469265580177307,0.0,-0.959823727607727,0.6948122978210449,-10.72630786895752,0.0,0.0,0.0,0.0,0.0,0.0,0.0,0.0,0.0,0.0,0.0,0.0,0.0,0.0,0.0,0.30469274520874023,0.30469274520874023,0.304692804813385,0.30469274520874023,0.33220455050468445,0.04114978387951851,0.04114978387951851,0.39053526520729065,0.4118903577327728,1.074061632156372,1.191715955734253,0.0,0.0,0.0,0.0,0.0,0.0,0.0
78137642604,0,-0.02080148085951805,-0.14620105922222137,-0.12788167595863342,-0.02080148085951805,-0.14620105922222137,-0.8278816938400269,-0.017328975722193718,0.00655400799587369,0.007293109316378832,0.0,0.0,0.0,-0.012481643818318844,-0.019522257149219513,-0.010293465107679367,0.0,0.0,-0.010293466039001942,0.064394012093544,0.05026323348283768,0.02934996411204338,0.09827778488397598,0.15551410615444183,5.098217661725357e-05,0.0,0.0,0.0,-0.23287656903266907,10.088459968566895,0.0454254150390625,9.800445556640625,0.25309303402900696,-10.0,-9.880027770996094,14.67492389678955,2.0,2.0,17.789152145385742,0.30357420444488525,0.28977540135383606,0.30357420444488525,0.29744139313697815,0.0,0.30469265580177307,0.30469265580177307,0.30469265580177307,0.30469265580177307,0.0,-0.959823727607727,0.6948122978210449,-10.72630786895752,0.0,0.0,0.0,0.0,0.0,0.0,0.0,0.0,0.0,0.0,0.0,0.0,0.0,0.0,0.0,0.30469274520874023,0.30469274520874023,0.304692804813385,0.30469274520874023,0.33220455050468445,0.04114978387951851,0.04114978387951851,0.39053526520729065,0.4118903577327728,1.074061632156372,1.191715955734253,0.0,0.0,0.0,0.0,0.0,0.0,0.0
78148097192,0,-0.02080148085951805,-0.14620105922222137,-0.12788167595863342,-0.02080148085951805,-0.14620105922222137,-0.8278816938400269,-0.017328975722193718,0.00655400799587369,0.007293109316378832,0.0,0.0,0.0,-0.012481643818318844,-0.019522257149219513,-0.010293465107679367,0.0,0.0,-0.010293466039001942,0.064394012093544,0.05026323348283768,0.02934996411204338,0.09827778488397598,0.15551410615444183,5.098217661725357e-05,0.0,0.0,0.0,-0.23287656903266907,10.088459968566895,0.0454254150390625,9.800445556640625,0.25309303402900696,-10.0,-9.880027770996094,14.67492389678955,2.0,2.0,17.789152145385742,0.30357420444488525,0.28977540135383606,0.30357420444488525,0.29590821266174316,0.0,0.30469265580177307,0.30469265580177307,0.30469265580177307,0.30469265580177307,0.0,-0.959823727607727,0.6948122978210449,-10.72630786895752,0.0,0.0,0.0,0.0,0.0,0.0,0.0,0.0,0.0,0.0,0.0,0.0,0.0,0.0,0.0,0.30469274520874023,0.30469274520874023,0.304692804813385,0.30469274520874023,0.33220455050468445,0.04114978387951851,0.04114978387951851,0.39053526520729065,0.4118903577327728,1.074061632156372,1.191715955734253,0.0,0.0,0.0,0.0,0.0,0.0,0.0
78157759525,0,-0.02080148085951805,-0.14620105922222137,-0.12788167595863342,-0.02080148085951805,-0.14620105922222137,-0.8278816938400269,-0.017328975722193718,0.00655400799587369,0.007293109316378832,0.0,0.0,0.0,-0.012481643818318844,-0.019522257149219513,-0.010293465107679367,0.0,0.0,-0.010293466039001942,0.064394012093544,0.05026323348283768,0.02934996411204338,0.09827778488397598,0.15551410615444183,5.098217661725357e-05,0.0,0.0,0.0,-0.23287656903266907,10.088459968566895,0.0454254150390625,9.800445556640625,0.25309303402900696,-10.0,-9.880027770996094,14.67492389678955,2.0,2.0,17.789152145385742,0.30357420444488525,0.28977540135383606,0.30357420444488525,0.29744139313697815,0.0,0.30469265580177307,0.30469265580177307,0.30469265580177307,0.30469265580177307,0.0,-0.959823727607727,0.6948122978210449,-10.72630786895752,0.0,0.0,0.0,0.0,0.0,0.0,0.0,0.0,0.0,0.0,0.0,0.0,0.0,0.0,0.0,0.30469274520874023,0.30469274520874023,0.304692804813385,0.30469274520874023,0.33220455050468445,0.04114978387951851,0.04114978387951851,0.39053526520729065,0.4118903577327728,1.074061632156372,1.191715955734253,0.0,0.0,0.0,0.0,0.0,0.0,0.0
78167660058,0,-0.02080148085951805,-0.14620105922222137,-0.12788167595863342,-0.02080148085951805,-0.14620105922222137,-0.8278816938400269,-0.017328975722193718,0.00655400799587369,0.007293109316378832,0.0,0.0,0.0,-0.012481643818318844,-0.019522257149219513,-0.010293465107679367,0.0,0.0,-0.010293466039001942,0.064394012093544,0.05026323348283768,0.02934996411204338,0.09827778488397598,0.15551410615444183,5.098217661725357e-05,0.0,0.0,0.0,-0.23287656903266907,10.088459968566895,0.0454254150390625,9.800445556640625,0.25309303402900696,-10.0,-9.880027770996094,14.67492389678955,2.0,2.0,17.789152145385742,0.30357420444488525,0.28977540135383606,0.30357420444488525,0.29590821266174316,0.0,0.30469265580177307,0.30469265580177307,0.30469265580177307,0.30469265580177307,0.0,-0.959823727607727,0.6948122978210449,-10.72630786895752,0.0,0.0,0.0,0.0,0.0,0.0,0.0,0.0,0.0,0.0,0.0,0.0,0.0,0.0,0.0,0.30469274520874023,0.30469274520874023,0.304692804813385,0.30469274520874023,0.33220455050468445,0.04114978387951851,0.04114978387951851,0.39053526520729065,0.4118903577327728,1.074061632156372,1.191715955734253,0.0,0.0,0.0,0.0,0.0,0.0,0.0
78177906844,0,-0.02080148085951805,-0.14620105922222137,-0.12788167595863342,-0.02080148085951805,-0.14620105922222137,-0.8278816938400269,-0.017328975722193718,0.00655400799587369,0.007293109316378832,0.0,0.0,0.0,-0.012481643818318844,-0.019522257149219513,-0.010293465107679367,0.0,0.0,-0.010293466039001942,0.064394012093544,0.05026323348283768,0.02934996411204338,0.09827778488397598,0.15551410615444183,5.098217661725357e-05,0.0,0.0,0.0,-0.23287656903266907,10.088459968566895,0.0454254150390625,9.800445556640625,0.25309303402900696,-10.0,-9.880027770996094,14.67492389678955,2.0,2.0,17.789152145385742,0.30357420444488525,0.28977540135383606,0.30357420444488525,0.29744139313697815,0.0,0.30469265580177307,0.30469265580177307,0.30469265580177307,0.30469265580177307,0.0,-0.959823727607727,0.6948122978210449,-10.72630786895752,0.0,0.0,0.0,0.0,0.0,0.0,0.0,0.0,0.0,0.0,0.0,0.0,0.0,0.0,0.0,0.30469274520874023,0.30469274520874023,0.304692804813385,0.30469274520874023,0.33220455050468445,0.04114978387951851,0.04114978387951851,0.39053526520729065,0.4118903577327728,1.074061632156372,1.191715955734253,0.0,0.0,0.0,0.0,0.0,0.0,0.0
78188397006,0,-0.02080148085951805,-0.14620105922222137,-0.12788167595863342,-0.02080148085951805,-0.14620105922222137,-0.8278816938400269,-0.017328975722193718,0.00655400799587369,0.007293109316378832,0.0,0.0,0.0,-0.012481643818318844,-0.019522257149219513,-0.010293465107679367,0.0,0.0,-0.010293466039001942,0.064394012093544,0.05026323348283768,0.02934996411204338,0.09827778488397598,0.15551410615444183,5.098217661725357e-05,0.0,0.0,0.0,-0.23287656903266907,10.088459968566895,0.0454254150390625,9.800445556640625,0.25309303402900696,-10.0,-9.880027770996094,14.67492389678955,2.0,2.0,17.789152145385742,0.30357420444488525,0.28977540135383606,0.30357420444488525,0.29590821266174316,0.0,0.30469265580177307,0.30469265580177307,0.30469265580177307,0.30469265580177307,0.0,-0.959823727607727,0.6948122978210449,-10.72630786895752,0.0,0.0,0.0,0.0,0.0,0.0,0.0,0.0,0.0,0.0,0.0,0.0,0.0,0.0,0.0,0.30469274520874023,0.30469274520874023,0.304692804813385,0.30469274520874023,0.33220455050468445,0.04114978387951851,0.04114978387951851,0.39053526520729065,0.4118903577327728,1.074061632156372,1.191715955734253,0.0,0.0,0.0,0.0,0.0,0.0,0.0
78197754157,0,-0.02080148085951805,-0.14620105922222137,-0.12788167595863342,-0.02080148085951805,-0.14620105922222137,-0.8278816938400269,-0.017328975722193718,0.00655400799587369,0.007293109316378832,0.0,0.0,0.0,-0.012481643818318844,-0.019522257149219513,-0.010293465107679367,0.0,0.0,-0.010293466039001942,0.064394012093544,0.05026323348283768,0.02934996411204338,0.09827778488397598,0.15551410615444183,5.098217661725357e-05,0.0,0.0,0.0,-0.23287656903266907,10.088459968566895,0.0454254150390625,9.800445556640625,0.25309303402900696,-10.0,-9.880027770996094,14.67492389678955,2.0,2.0,17.789152145385742,0.30357420444488525,0.28977540135383606,0.30357420444488525,0.29744139313697815,0.0,0.30469265580177307,0.30469265580177307,0.30469265580177307,0.30469265580177307,0.0,-0.959823727607727,0.6948122978210449,-10.72630786895752,0.0,0.0,0.0,0.0,0.0,0.0,0.0,0.0,0.0,0.0,0.0,0.0,0.0,0.0,0.0,0.30469274520874023,0.30469274520874023,0.304692804813385,0.30469274520874023,0.33220455050468445,0.04114978387951851,0.04114978387951851,0.39053526520729065,0.4118903577327728,1.074061632156372,1.191715955734253,0.0,0.0,0.0,0.0,0.0,0.0,0.0
78208476609,0,-0.02080148085951805,-0.14620105922222137,-0.12788167595863342,-0.02080148085951805,-0.14620105922222137,-0.8278816938400269,-0.017328975722193718,0.00655400799587369,0.007293109316378832,0.0,0.0,0.0,-0.012481643818318844,-0.019522257149219513,-0.010293465107679367,0.0,0.0,-0.010293466039001942,0.064394012093544,0.05026323348283768,0.02934996411204338,0.09827778488397598,0.15551410615444183,5.098217661725357e-05,0.0,0.0,0.0,-0.23287656903266907,10.088459968566895,0.0454254150390625,9.800445556640625,0.25309303402900696,-10.0,-9.880027770996094,14.67492389678955,2.0,2.0,17.789152145385742,0.30357420444488525,0.28977540135383606,0.30357420444488525,0.29744139313697815,0.0,0.30469265580177307,0.30469265580177307,0.30469265580177307,0.30469265580177307,0.0,-0.959823727607727,0.6948122978210449,-10.72630786895752,0.0,0.0,0.0,0.0,0.0,0.0,0.0,0.0,0.0,0.0,0.0,0.0,0.0,0.0,0.0,0.30469274520874023,0.30469274520874023,0.304692804813385,0.30469274520874023,0.33220455050468445,0.04114978387951851,0.04114978387951851,0.39053526520729065,0.4118903577327728,1.074061632156372,1.191715955734253,0.0,0.0,0.0,0.0,0.0,0.0,0.0
78221573758,0,-0.02080148085951805,-0.14620105922222137,-0.12788167595863342,-0.02080148085951805,-0.14620105922222137,-0.8278816938400269,-0.017328975722193718,0.00655400799587369,0.007293109316378832,0.0,0.0,0.0,-0.012481643818318844,-0.019522257149219513,-0.010293465107679367,0.0,0.0,-0.010293466039001942,0.064394012093544,0.05026323348283768,0.02934996411204338,0.09827778488397598,0.15551410615444183,5.098217661725357e-05,0.0,0.0,0.0,-0.23287656903266907,10.088459968566895,0.0454254150390625,9.800445556640625,0.25309303402900696,-10.0,-9.880027770996094,14.67492389678955,2.0,2.0,17.789152145385742,0.30357420444488525,0.28977540135383606,0.30357420444488525,0.29744139313697815,0.0,0.30469265580177307,0.30469265580177307,0.30469265580177307,0.30469265580177307,0.0,-0.959823727607727,0.6948122978210449,-10.72630786895752,0.0,0.0,0.0,0.0,0.0,0.0,0.0,0.0,0.0,0.0,0.0,0.0,0.0,0.0,0.0,0.30469274520874023,0.30469274520874023,0.304692804813385,0.30469274520874023,0.33220455050468445,0.04114978387951851,0.04114978387951851,0.39053526520729065,0.4118903577327728,1.074061632156372,1.191715955734253,0.0,0.0,0.0,0.0,0.0,0.0,0.0
78228443590,0,-0.02080148085951805,-0.14620105922222137,-0.12788167595863342,-0.02080148085951805,-0.14620105922222137,-0.8278816938400269,-0.017328975722193718,0.00655400799587369,0.007293109316378832,0.0,0.0,0.0,-0.012481643818318844,-0.019522257149219513,-0.010293465107679367,0.0,0.0,-0.010293466039001942,0.064394012093544,0.05026323348283768,0.02934996411204338,0.09827778488397598,0.15551410615444183,5.098217661725357e-05,0.0,0.0,0.0,-0.23287656903266907,10.088459968566895,0.0454254150390625,9.800445556640625,0.25309303402900696,-10.0,-9.880027770996094,14.67492389678955,2.0,2.0,17.789152145385742,0.30357420444488525,0.28977540135383606,0.30357420444488525,0.29590821266174316,0.0,0.30469265580177307,0.30469265580177307,0.30469265580177307,0.30469265580177307,0.0,-0.959823727607727,0.6948122978210449,-10.72630786895752,0.0,0.0,0.0,0.0,0.0,0.0,0.0,0.0,0.0,0.0,0.0,0.0,0.0,0.0,0.0,0.30469274520874023,0.30469274520874023,0.304692804813385,0.30469274520874023,0.33220455050468445,0.04114978387951851,0.04114978387951851,0.39053526520729065,0.4118903577327728,1.074061632156372,1.191715955734253,0.0,0.0,0.0,0.0,0.0,0.0,0.0
78238182172,0,-0.02080148085951805,-0.14620105922222137,-0.12788167595863342,-0.02080148085951805,-0.14620105922222137,-0.8278816938400269,-0.017328975722193718,0.00655400799587369,0.007293109316378832,0.0,0.0,0.0,-0.012481643818318844,-0.019522257149219513,-0.010293465107679367,0.0,0.0,-0.010293466039001942,0.064394012093544,0.05026323348283768,0.02934996411204338,0.09827778488397598,0.15551410615444183,5.098217661725357e-05,0.0,0.0,0.0,-0.23287656903266907,10.088459968566895,0.0454254150390625,9.800445556640625,0.25309303402900696,-10.0,-9.880027770996094,14.67492389678955,2.0,2.0,17.789152145385742,0.30357420444488525,0.28977540135383606,0.30357420444488525,0.29590821266174316,0.0,0.30469265580177307,0.30469265580177307,0.30469265580177307,0.30469265580177307,0.0,-0.959823727607727,0.6948122978210449,-10.72630786895752,0.0,0.0,0.0,0.0,0.0,0.0,0.0,0.0,0.0,0.0,0.0,0.0,0.0,0.0,0.0,0.30469274520874023,0.30469274520874023,0.304692804813385,0.30469274520874023,0.33220455050468445,0.04114978387951851,0.04114978387951851,0.39053526520729065,0.4118903577327728,1.074061632156372,1.191715955734253,0.0,0.0,0.0,0.0,0.0,0.0,0.0
78248011118,0,-0.02080148085951805,-0.14620105922222137,-0.12788167595863342,-0.02080148085951805,-0.14620105922222137,-0.8278816938400269,-0.017328975722193718,0.00655400799587369,0.007293109316378832,0.0,0.0,0.0,-0.012481643818318844,-0.019522257149219513,-0.010293465107679367,0.0,0.0,-0.010293466039001942,0.064394012093544,0.05026323348283768,0.02934996411204338,0.09827778488397598,0.15551410615444183,5.098217661725357e-05,0.0,0.0,0.0,-0.23287656903266907,10.088459968566895,0.0454254150390625,9.800445556640625,0.25309303402900696,-10.0,-9.880027770996094,14.67492389678955,2.0,2.0,17.789152145385742,0.30357420444488525,0.28977540135383606,0.30357420444488525,0.29744139313697815,0.0,0.30469265580177307,0.30469265580177307,0.30469265580177307,0.30469265580177307,0.0,-0.959823727607727,0.6948122978210449,-10.72630786895752,0.0,0.0,0.0,0.0,0.0,0.0,0.0,0.0,0.0,0.0,0.0,0.0,0.0,0.0,0.0,0.30469274520874023,0.30469274520874023,0.304692804813385,0.30469274520874023,0.33220455050468445,0.04114978387951851,0.04114978387951851,0.39053526520729065,0.4118903577327728,1.074061632156372,1.191715955734253,0.0,0.0,0.0,0.0,0.0,0.0,0.0
78257812409,0,-0.02080148085951805,-0.14620105922222137,-0.12788167595863342,-0.02080148085951805,-0.14620105922222137,-0.8278816938400269,-0.017328975722193718,0.00655400799587369,0.007293109316378832,0.0,0.0,0.0,-0.012481643818318844,-0.019522257149219513,-0.010293465107679367,0.0,0.0,-0.010293466039001942,0.064394012093544,0.05026323348283768,0.02934996411204338,0.09827778488397598,0.15551410615444183,5.098217661725357e-05,0.0,0.0,0.0,-0.23287656903266907,10.088459968566895,0.0454254150390625,9.800445556640625,0.25309303402900696,-10.0,-9.880027770996094,14.67492389678955,2.0,2.0,17.789152145385742,0.30357420444488525,0.28977540135383606,0.30357420444488525,0.29744139313697815,0.0,0.30469265580177307,0.30469265580177307,0.30469265580177307,0.30469265580177307,0.0,-0.959823727607727,0.6948122978210449,-10.72630786895752,0.0,0.0,0.0,0.0,0.0,0.0,0.0,0.0,0.0,0.0,0.0,0.0,0.0,0.0,0.0,0.30469274520874023,0.30469274520874023,0.304692804813385,0.30469274520874023,0.33220455050468445,0.04114978387951851,0.04114978387951851,0.39053526520729065,0.4118903577327728,1.074061632156372,1.191715955734253,0.0,0.0,0.0,0.0,0.0,0.0,0.0
78267577883,0,-0.02080148085951805,-0.14620105922222137,-0.12788167595863342,-0.02080148085951805,-0.14620105922222137,-0.8278816938400269,-0.017328975722193718,0.00655400799587369,0.007293109316378832,0.0,0.0,0.0,-0.012481643818318844,-0.019522257149219513,-0.010293465107679367,0.0,0.0,-0.010293466039001942,0.064394012093544,0.05026323348283768,0.02934996411204338,0.09827778488397598,0.15551410615444183,5.098217661725357e-05,0.0,0.0,0.0,-0.23287656903266907,10.088459968566895,0.0454254150390625,9.800445556640625,0.25309303402900696,-10.0,-9.880027770996094,14.67492389678955,2.0,2.0,17.789152145385742,0.30357420444488525,0.28977540135383606,0.30357420444488525,0.29590821266174316,0.0,0.30469265580177307,0.30469265580177307,0.30469265580177307,0.30469265580177307,0.0,-0.959823727607727,0.6948122978210449,-10.72630786895752,0.0,0.0,0.0,0.0,0.0,0.0,0.0,0.0,0.0,0.0,0.0,0.0,0.0,0.0,0.0,0.30469274520874023,0.30469274520874023,0.304692804813385,0.30469274520874023,0.33220455050468445,0.04114978387951851,0.04114978387951851,0.39053526520729065,0.4118903577327728,1.074061632156372,1.191715955734253,0.0,0.0,0.0,0.0,0.0,0.0,0.0
78278524587,0,-0.02080148085951805,-0.14620105922222137,-0.12788167595863342,-0.02080148085951805,-0.14620105922222137,-0.8278816938400269,-0.017328975722193718,0.00655400799587369,0.007293109316378832,0.0,0.0,0.0,-0.012481643818318844,-0.019522257149219513,-0.010293465107679367,0.0,0.0,-0.010293466039001942,0.064394012093544,0.05026323348283768,0.02934996411204338,0.09827778488397598,0.15551410615444183,5.098217661725357e-05,0.0,0.0,0.0,-0.23287656903266907,10.088459968566895,0.0454254150390625,9.800445556640625,0.25309303402900696,-10.0,-9.880027770996094,14.67492389678955,2.0,2.0,17.789152145385742,0.30357420444488525,0.28977540135383606,0.30357420444488525,0.29744139313697815,0.0,0.30469265580177307,0.30469265580177307,0.30469265580177307,0.30469265580177307,0.0,-0.959823727607727,0.6948122978210449,-10.72630786895752,0.0,0.0,0.0,0.0,0.0,0.0,0.0,0.0,0.0,0.0,0.0,0.0,0.0,0.0,0.0,0.30469274520874023,0.30469274520874023,0.304692804813385,0.30469274520874023,0.33220455050468445,0.04114978387951851,0.04114978387951851,0.39053526520729065,0.4118903577327728,1.074061632156372,1.191715955734253,0.0,0.0,0.0,0.0,0.0,0.0,0.0
78288234055,0,-0.02080148085951805,-0.14620105922222137,-0.12788167595863342,-0.02080148085951805,-0.14620105922222137,-0.8278816938400269,-0.017328975722193718,0.00655400799587369,0.007293109316378832,0.0,0.0,0.0,-0.012481643818318844,-0.019522257149219513,-0.010293465107679367,0.0,0.0,-0.010293466039001942,0.064394012093544,0.05026323348283768,0.02934996411204338,0.09827778488397598,0.15551410615444183,5.098217661725357e-05,0.0,0.0,0.0,-0.23287656903266907,10.088459968566895,0.0454254150390625,9.800445556640625,0.25309303402900696,-10.0,-9.880027770996094,14.67492389678955,2.0,2.0,17.789152145385742,0.30357420444488525,0.28977540135383606,0.30204102396965027,0.29744139313697815,0.0,0.30469265580177307,0.30469265580177307,0.30469265580177307,0.30469265580177307,0.0,-0.959823727607727,0.6948122978210449,-10.72630786895752,0.0,0.0,0.0,0.0,0.0,0.0,0.0,0.0,0.0,0.0,0.0,0.0,0.0,0.0,0.0,0.30469274520874023,0.30469274520874023,0.304692804813385,0.30469274520874023,0.33220455050468445,0.04114978387951851,0.04114978387951851,0.39053526520729065,0.4118903577327728,1.074061632156372,1.191715955734253,0.0,0.0,0.0,0.0,0.0,0.0,0.0
78297657972,0,-0.02080148085951805,-0.14620105922222137,-0.12788167595863342,-0.02080148085951805,-0.14620105922222137,-0.8278816938400269,-0.017328975722193718,0.00655400799587369,0.007293109316378832,0.0,0.0,0.0,-0.012481643818318844,-0.019522257149219513,-0.010293465107679367,0.0,0.0,-0.010293466039001942,0.064394012093544,0.05026323348283768,0.02934996411204338,0.09827778488397598,0.15551410615444183,5.098217661725357e-05,0.0,0.0,0.0,-0.23287656903266907,10.088459968566895,0.0454254150390625,9.800445556640625,0.25309303402900696,-10.0,-9.880027770996094,14.67492389678955,2.0,2.0,17.789152145385742,0.30357420444488525,0.28977540135383606,0.30357420444488525,0.29744139313697815,0.0,0.30469265580177307,0.30469265580177307,0.30469265580177307,0.30469265580177307,0.0,-0.959823727607727,0.6948122978210449,-10.72630786895752,0.0,0.0,0.0,0.0,0.0,0.0,0.0,0.0,0.0,0.0,0.0,0.0,0.0,0.0,0.0,0.30469274520874023,0.30469274520874023,0.304692804813385,0.30469274520874023,0.33220455050468445,0.04114978387951851,0.04114978387951851,0.39053526520729065,0.4118903577327728,1.074061632156372,1.191715955734253,0.0,0.0,0.0,0.0,0.0,0.0,0.0
78307736151,0,-0.02080148085951805,-0.14620105922222137,-0.12788167595863342,-0.02080148085951805,-0.14620105922222137,-0.8278816938400269,-0.017328975722193718,0.00655400799587369,0.007293109316378832,0.0,0.0,0.0,-0.012481643818318844,-0.019522257149219513,-0.010293465107679367,0.0,0.0,-0.010293466039001942,0.064394012093544,0.05026323348283768,0.02934996411204338,0.09827778488397598,0.15551410615444183,5.098217661725357e-05,0.0,0.0,0.0,-0.23287656903266907,10.088459968566895,0.0454254150390625,9.800445556640625,0.25309303402900696,-10.0,-9.880027770996094,14.67492389678955,2.0,2.0,17.789152145385742,0.30357420444488525,0.28977540135383606,0.30357420444488525,0.29744139313697815,0.0,0.30469265580177307,0.30469265580177307,0.30469265580177307,0.30469265580177307,0.0,-0.959823727607727,0.6948122978210449,-10.72630786895752,0.0,0.0,0.0,0.0,0.0,0.0,0.0,0.0,0.0,0.0,0.0,0.0,0.0,0.0,0.0,0.30469274520874023,0.30469274520874023,0.304692804813385,0.30469274520874023,0.33220455050468445,0.04114978387951851,0.04114978387951851,0.39053526520729065,0.4118903577327728,1.074061632156372,1.191715955734253,0.0,0.0,0.0,0.0,0.0,0.0,0.0
78317697259,0,-0.02080148085951805,-0.14620105922222137,-0.12788167595863342,-0.02080148085951805,-0.14620105922222137,-0.8278816938400269,-0.017328975722193718,0.00655400799587369,0.007293109316378832,0.0,0.0,0.0,-0.012481643818318844,-0.019522257149219513,-0.010293465107679367,0.0,0.0,-0.010293466039001942,0.064394012093544,0.05026323348283768,0.02934996411204338,0.09827778488397598,0.15551410615444183,5.098217661725357e-05,0.0,0.0,0.0,-0.23287656903266907,10.088459968566895,0.0454254150390625,9.800445556640625,0.25309303402900696,-10.0,-9.880027770996094,14.67492389678955,2.0,2.0,17.789152145385742,0.30357420444488525,0.28977540135383606,0.30357420444488525,0.29744139313697815,0.0,0.30469265580177307,0.30469265580177307,0.30469265580177307,0.30469265580177307,0.0,-0.959823727607727,0.6948122978210449,-10.72630786895752,0.0,0.0,0.0,0.0,0.0,0.0,0.0,0.0,0.0,0.0,0.0,0.0,0.0,0.0,0.0,0.30469274520874023,0.30469274520874023,0.304692804813385,0.30469274520874023,0.33220455050468445,0.04114978387951851,0.04114978387951851,0.39053526520729065,0.4118903577327728,1.074061632156372,1.191715955734253,0.0,0.0,0.0,0.0,0.0,0.0,0.0
78328054038,0,-0.02080148085951805,-0.14620105922222137,-0.12788167595863342,-0.02080148085951805,-0.14620105922222137,-0.8278816938400269,-0.017328975722193718,0.00655400799587369,0.007293109316378832,0.0,0.0,0.0,-0.012481643818318844,-0.019522257149219513,-0.010293465107679367,0.0,0.0,-0.010293466039001942,0.064394012093544,0.05026323348283768,0.02934996411204338,0.09827778488397598,0.15551410615444183,5.098217661725357e-05,0.0,0.0,0.0,-0.23287656903266907,10.088459968566895,0.0454254150390625,9.800445556640625,0.25309303402900696,-10.0,-9.880027770996094,14.67492389678955,2.0,2.0,17.789152145385742,0.30357420444488525,0.28977540135383606,0.30357420444488525,0.29590821266174316,0.0,0.30469265580177307,0.30469265580177307,0.30469265580177307,0.30469265580177307,0.0,-0.959823727607727,0.6948122978210449,-10.72630786895752,0.0,0.0,0.0,0.0,0.0,0.0,0.0,0.0,0.0,0.0,0.0,0.0,0.0,0.0,0.0,0.30469274520874023,0.30469274520874023,0.304692804813385,0.30469274520874023,0.33220455050468445,0.04114978387951851,0.04114978387951851,0.39053526520729065,0.4118903577327728,1.074061632156372,1.191715955734253,0.0,0.0,0.0,0.0,0.0,0.0,0.0
78337676432,0,-0.02080148085951805,-0.14620105922222137,-0.12788167595863342,-0.02080148085951805,-0.14620105922222137,-0.8278816938400269,-0.017328975722193718,0.00655400799587369,0.007293109316378832,0.0,0.0,0.0,-0.012481643818318844,-0.019522257149219513,-0.010293465107679367,0.0,0.0,-0.010293466039001942,0.064394012093544,0.05026323348283768,0.02934996411204338,0.09827778488397598,0.15551410615444183,5.098217661725357e-05,0.0,0.0,0.0,-0.23287656903266907,10.088459968566895,0.0454254150390625,9.800445556640625,0.25309303402900696,-10.0,-9.880027770996094,14.67492389678955,2.0,2.0,17.789152145385742,0.30357420444488525,0.28977540135383606,0.30357420444488525,0.29744139313697815,0.0,0.30469265580177307,0.30469265580177307,0.30469265580177307,0.30469265580177307,0.0,-0.959823727607727,0.6948122978210449,-10.72630786895752,0.0,0.0,0.0,0.0,0.0,0.0,0.0,0.0,0.0,0.0,0.0,0.0,0.0,0.0,0.0,0.30469274520874023,0.30469274520874023,0.304692804813385,0.30469274520874023,0.33220455050468445,0.04114978387951851,0.04114978387951851,0.39053526520729065,0.4118903577327728,1.074061632156372,1.191715955734253,0.0,0.0,0.0,0.0,0.0,0.0,0.0
78347617533,0,-0.02080148085951805,-0.14620105922222137,-0.12788167595863342,-0.02080148085951805,-0.14620105922222137,-0.8278816938400269,-0.017328975722193718,0.00655400799587369,0.007293109316378832,0.0,0.0,0.0,-0.012481643818318844,-0.019522257149219513,-0.010293465107679367,0.0,0.0,-0.010293466039001942,0.064394012093544,0.05026323348283768,0.02934996411204338,0.09827778488397598,0.15551410615444183,5.098217661725357e-05,0.0,0.0,0.0,-0.23287656903266907,10.088459968566895,0.0454254150390625,9.800445556640625,0.25309303402900696,-10.0,-9.880027770996094,14.67492389678955,2.0,2.0,17.789152145385742,0.30357420444488525,0.28977540135383606,0.30357420444488525,0.29590821266174316,0.0,0.30469265580177307,0.30469265580177307,0.30469265580177307,0.30469265580177307,0.0,-0.959823727607727,0.6948122978210449,-10.72630786895752,0.0,0.0,0.0,0.0,0.0,0.0,0.0,0.0,0.0,0.0,0.0,0.0,0.0,0.0,0.0,0.30469274520874023,0.30469274520874023,0.304692804813385,0.30469274520874023,0.33220455050468445,0.04114978387951851,0.04114978387951851,0.39053526520729065,0.4118903577327728,1.074061632156372,1.191715955734253,0.0,0.0,0.0,0.0,0.0,0.0,0.0
78357691835,0,-0.02080148085951805,-0.14620105922222137,-0.12788167595863342,-0.02080148085951805,-0.14620105922222137,-0.8278816938400269,-0.017328975722193718,0.00655400799587369,0.007293109316378832,0.0,0.0,0.0,-0.012481643818318844,-0.019522257149219513,-0.010293465107679367,0.0,0.0,-0.010293466039001942,0.064394012093544,0.05026323348283768,0.02934996411204338,0.09827778488397598,0.15551410615444183,5.098217661725357e-05,0.0,0.0,0.0,-0.23287656903266907,10.088459968566895,0.0454254150390625,9.800445556640625,0.25309303402900696,-10.0,-9.880027770996094,14.67492389678955,2.0,2.0,17.789152145385742,0.30357420444488525,0.28977540135383606,0.30357420444488525,0.29590821266174316,0.0,0.30469265580177307,0.30469265580177307,0.30469265580177307,0.30469265580177307,0.0,-0.959823727607727,0.6948122978210449,-10.72630786895752,0.0,0.0,0.0,0.0,0.0,0.0,0.0,0.0,0.0,0.0,0.0,0.0,0.0,0.0,0.0,0.30469274520874023,0.30469274520874023,0.304692804813385,0.30469274520874023,0.33220455050468445,0.04114978387951851,0.04114978387951851,0.39053526520729065,0.4118903577327728,1.074061632156372,1.191715955734253,0.0,0.0,0.0,0.0,0.0,0.0,0.0
78368978101,0,-0.02080148085951805,-0.14620105922222137,-0.12788167595863342,-0.02080148085951805,-0.14620105922222137,-0.8278816938400269,-0.017328975722193718,0.00655400799587369,0.007293109316378832,0.0,0.0,0.0,-0.012481643818318844,-0.019522257149219513,-0.010293465107679367,0.0,0.0,-0.010293466039001942,0.064394012093544,0.05026323348283768,0.02934996411204338,0.09827778488397598,0.15551410615444183,5.098217661725357e-05,0.0,0.0,0.0,-0.23287656903266907,10.088459968566895,0.0454254150390625,9.800445556640625,0.25309303402900696,-10.0,-9.880027770996094,14.67492389678955,2.0,2.0,17.789152145385742,0.30357420444488525,0.28977540135383606,0.30357420444488525,0.29590821266174316,0.0,0.30469265580177307,0.30469265580177307,0.30469265580177307,0.30469265580177307,0.0,-0.959823727607727,0.6948122978210449,-10.72630786895752,0.0,0.0,0.0,0.0,0.0,0.0,0.0,0.0,0.0,0.0,0.0,0.0,0.0,0.0,0.0,0.30469274520874023,0.30469274520874023,0.304692804813385,0.30469274520874023,0.33220455050468445,0.04114978387951851,0.04114978387951851,0.39053526520729065,0.4118903577327728,1.074061632156372,1.191715955734253,0.0,0.0,0.0,0.0,0.0,0.0,0.0
78377773565,0,-0.02080148085951805,-0.14620105922222137,-0.12788167595863342,-0.02080148085951805,-0.14620105922222137,-0.8278816938400269,-0.017328975722193718,0.00655400799587369,0.007293109316378832,0.0,0.0,0.0,-0.012481643818318844,-0.019522257149219513,-0.010293465107679367,0.0,0.0,-0.010293466039001942,0.064394012093544,0.05026323348283768,0.02934996411204338,0.09827778488397598,0.15551410615444183,5.098217661725357e-05,0.0,0.0,0.0,-0.23287656903266907,10.088459968566895,0.0454254150390625,9.800445556640625,0.25309303402900696,-10.0,-9.880027770996094,14.67492389678955,2.0,2.0,17.789152145385742,0.30357420444488525,0.28977540135383606,0.30357420444488525,0.29744139313697815,0.0,0.30469265580177307,0.30469265580177307,0.30469265580177307,0.30469265580177307,0.0,-0.959823727607727,0.6948122978210449,-10.72630786895752,0.0,0.0,0.0,0.0,0.0,0.0,0.0,0.0,0.0,0.0,0.0,0.0,0.0,0.0,0.0,0.30469274520874023,0.30469274520874023,0.304692804813385,0.30469274520874023,0.33220455050468445,0.04114978387951851,0.04114978387951851,0.39053526520729065,0.4118903577327728,1.074061632156372,1.191715955734253,0.0,0.0,0.0,0.0,0.0,0.0,0.0
78387724284,0,-0.02080148085951805,-0.14620105922222137,-0.12788167595863342,-0.02080148085951805,-0.14620105922222137,-0.8278816938400269,-0.017328975722193718,0.00655400799587369,0.007293109316378832,0.0,0.0,0.0,-0.012481643818318844,-0.019522257149219513,-0.010293465107679367,0.0,0.0,-0.010293466039001942,0.064394012093544,0.05026323348283768,0.02934996411204338,0.09827778488397598,0.15551410615444183,5.098217661725357e-05,0.0,0.0,0.0,-0.23287656903266907,10.088459968566895,0.0454254150390625,9.800445556640625,0.25309303402900696,-10.0,-9.880027770996094,14.67492389678955,2.0,2.0,17.789152145385742,0.30357420444488525,0.28977540135383606,0.30357420444488525,0.29590821266174316,0.0,0.30469265580177307,0.30469265580177307,0.30469265580177307,0.30469265580177307,0.0,-0.959823727607727,0.6948122978210449,-10.72630786895752,0.0,0.0,0.0,0.0,0.0,0.0,0.0,0.0,0.0,0.0,0.0,0.0,0.0,0.0,0.0,0.30469274520874023,0.30469274520874023,0.304692804813385,0.30469274520874023,0.33220455050468445,0.04114978387951851,0.04114978387951851,0.39053526520729065,0.4118903577327728,1.074061632156372,1.191715955734253,0.0,0.0,0.0,0.0,0.0,0.0,0.0
78397843829,0,-0.02080148085951805,-0.14620105922222137,-0.12788167595863342,-0.02080148085951805,-0.14620105922222137,-0.8278816938400269,-0.017328975722193718,0.00655400799587369,0.007293109316378832,0.0,0.0,0.0,-0.012481643818318844,-0.019522257149219513,-0.010293465107679367,0.0,0.0,-0.010293466039001942,0.064394012093544,0.05026323348283768,0.02934996411204338,0.09827778488397598,0.15551410615444183,5.098217661725357e-05,0.0,0.0,0.0,-0.23287656903266907,10.088459968566895,0.0454254150390625,9.800445556640625,0.25309303402900696,-10.0,-9.880027770996094,14.67492389678955,2.0,2.0,17.789152145385742,0.30357420444488525,0.28977540135383606,0.30357420444488525,0.29744139313697815,0.0,0.30469265580177307,0.30469265580177307,0.30469265580177307,0.30469265580177307,0.0,-0.959823727607727,0.6948122978210449,-10.72630786895752,0.0,0.0,0.0,0.0,0.0,0.0,0.0,0.0,0.0,0.0,0.0,0.0,0.0,0.0,0.0,0.30469274520874023,0.30469274520874023,0.304692804813385,0.30469274520874023,0.33220455050468445,0.04114978387951851,0.04114978387951851,0.39053526520729065,0.4118903577327728,1.074061632156372,1.191715955734253,0.0,0.0,0.0,0.0,0.0,0.0,0.0
78409474425,0,-0.02080148085951805,-0.14620105922222137,-0.12788167595863342,-0.02080148085951805,-0.14620105922222137,-0.8278816938400269,-0.017328975722193718,0.00655400799587369,0.007293109316378832,0.0,0.0,0.0,-0.012481643818318844,-0.019522257149219513,-0.010293465107679367,0.0,0.0,-0.010293466039001942,0.064394012093544,0.05026323348283768,0.02934996411204338,0.09827778488397598,0.15551410615444183,5.098217661725357e-05,0.0,0.0,0.0,-0.23287656903266907,10.088459968566895,0.0454254150390625,9.800445556640625,0.25309303402900696,-10.0,-9.880027770996094,14.67492389678955,2.0,2.0,17.789152145385742,0.30357420444488525,0.28977540135383606,0.30357420444488525,0.29744139313697815,0.0,0.30469265580177307,0.30469265580177307,0.30469265580177307,0.30469265580177307,0.0,-0.959823727607727,0.6948122978210449,-10.72630786895752,0.0,0.0,0.0,0.0,0.0,0.0,0.0,0.0,0.0,0.0,0.0,0.0,0.0,0.0,0.0,0.30469274520874023,0.30469274520874023,0.304692804813385,0.30469274520874023,0.33220455050468445,0.04114978387951851,0.04114978387951851,0.39053526520729065,0.4118903577327728,1.074061632156372,1.191715955734253,0.0,0.0,0.0,0.0,0.0,0.0,0.0
78417623077,0,-0.02080148085951805,-0.14620105922222137,-0.12788167595863342,-0.02080148085951805,-0.14620105922222137,-0.8278816938400269,-0.017328975722193718,0.00655400799587369,0.007293109316378832,0.0,0.0,0.0,-0.012481643818318844,-0.019522257149219513,-0.010293465107679367,0.0,0.0,-0.010293466039001942,0.064394012093544,0.05026323348283768,0.02934996411204338,0.09827778488397598,0.15551410615444183,5.098217661725357e-05,0.0,0.0,0.0,-0.23287656903266907,10.088459968566895,0.0454254150390625,9.800445556640625,0.25309303402900696,-10.0,-9.880027770996094,14.67492389678955,2.0,2.0,17.789152145385742,0.30357420444488525,0.28977540135383606,0.30357420444488525,0.29590821266174316,0.0,0.30469265580177307,0.30469265580177307,0.30469265580177307,0.30469265580177307,0.0,-0.959823727607727,0.6948122978210449,-10.72630786895752,0.0,0.0,0.0,0.0,0.0,0.0,0.0,0.0,0.0,0.0,0.0,0.0,0.0,0.0,0.0,0.30469274520874023,0.30469274520874023,0.304692804813385,0.30469274520874023,0.33220455050468445,0.04114978387951851,0.04114978387951851,0.39053526520729065,0.4118903577327728,1.074061632156372,1.191715955734253,0.0,0.0,0.0,0.0,0.0,0.0,0.0
78427594891,0,-0.02080148085951805,-0.14620105922222137,-0.12788167595863342,-0.02080148085951805,-0.14620105922222137,-0.8278816938400269,-0.017328975722193718,0.00655400799587369,0.007293109316378832,0.0,0.0,0.0,-0.012481643818318844,-0.019522257149219513,-0.010293465107679367,0.0,0.0,-0.010293466039001942,0.064394012093544,0.05026323348283768,0.02934996411204338,0.09827778488397598,0.15551410615444183,5.098217661725357e-05,0.0,0.0,0.0,-0.23287656903266907,10.088459968566895,0.0454254150390625,9.800445556640625,0.25309303402900696,-10.0,-9.880027770996094,14.67492389678955,2.0,2.0,17.789152145385742,0.30357420444488525,0.28977540135383606,0.30357420444488525,0.29744139313697815,0.0,0.30469265580177307,0.30469265580177307,0.30469265580177307,0.30469265580177307,0.0,-0.959823727607727,0.6948122978210449,-10.72630786895752,0.0,0.0,0.0,0.0,0.0,0.0,0.0,0.0,0.0,0.0,0.0,0.0,0.0,0.0,0.0,0.30469274520874023,0.30469274520874023,0.304692804813385,0.30469274520874023,0.33220455050468445,0.04114978387951851,0.04114978387951851,0.39053526520729065,0.4118903577327728,1.074061632156372,1.191715955734253,0.0,0.0,0.0,0.0,0.0,0.0,0.0
78437835102,0,-0.02080148085951805,-0.14620105922222137,-0.12788167595863342,-0.02080148085951805,-0.14620105922222137,-0.8278816938400269,-0.017328975722193718,0.00655400799587369,0.007293109316378832,0.0,0.0,0.0,-0.012481643818318844,-0.019522257149219513,-0.010293465107679367,0.0,0.0,-0.010293466039001942,0.064394012093544,0.05026323348283768,0.02934996411204338,0.09827778488397598,0.15551410615444183,5.098217661725357e-05,0.0,0.0,0.0,-0.23287656903266907,10.088459968566895,0.0454254150390625,9.800445556640625,0.25309303402900696,-10.0,-9.880027770996094,14.67492389678955,2.0,2.0,17.789152145385742,0.30357420444488525,0.28977540135383606,0.30357420444488525,0.29590821266174316,0.0,0.30469265580177307,0.30469265580177307,0.30469265580177307,0.30469265580177307,0.0,-0.959823727607727,0.6948122978210449,-10.72630786895752,0.0,0.0,0.0,0.0,0.0,0.0,0.0,0.0,0.0,0.0,0.0,0.0,0.0,0.0,0.0,0.30469274520874023,0.30469274520874023,0.304692804813385,0.30469274520874023,0.33220455050468445,0.04114978387951851,0.04114978387951851,0.39053526520729065,0.4118903577327728,1.074061632156372,1.191715955734253,0.0,0.0,0.0,0.0,0.0,0.0,0.0
78447969695,0,-0.02080148085951805,-0.14620105922222137,-0.12788167595863342,-0.02080148085951805,-0.14620105922222137,-0.8278816938400269,-0.017328975722193718,0.00655400799587369,0.007293109316378832,0.0,0.0,0.0,-0.012481643818318844,-0.019522257149219513,-0.010293465107679367,0.0,0.0,-0.010293466039001942,0.064394012093544,0.05026323348283768,0.02934996411204338,0.09827778488397598,0.15551410615444183,5.098217661725357e-05,0.0,0.0,0.0,-0.23287656903266907,10.088459968566895,0.0454254150390625,9.800445556640625,0.25309303402900696,-10.0,-9.880027770996094,14.67492389678955,2.0,2.0,17.789152145385742,0.30357420444488525,0.28977540135383606,0.30357420444488525,0.29744139313697815,0.0,0.30469265580177307,0.30469265580177307,0.30469265580177307,0.30469265580177307,0.0,-0.959823727607727,0.6948122978210449,-10.72630786895752,0.0,0.0,0.0,0.0,0.0,0.0,0.0,0.0,0.0,0.0,0.0,0.0,0.0,0.0,0.0,0.30469274520874023,0.30469274520874023,0.304692804813385,0.30469274520874023,0.33220455050468445,0.04114978387951851,0.04114978387951851,0.39053526520729065,0.4118903577327728,1.074061632156372,1.191715955734253,0.0,0.0,0.0,0.0,0.0,0.0,0.0
78457652345,0,-0.02080148085951805,-0.14620105922222137,-0.12788167595863342,-0.02080148085951805,-0.14620105922222137,-0.8278816938400269,-0.017328975722193718,0.00655400799587369,0.007293109316378832,0.0,0.0,0.0,-0.012481643818318844,-0.019522257149219513,-0.010293465107679367,0.0,0.0,-0.010293466039001942,0.064394012093544,0.05026323348283768,0.02934996411204338,0.09827778488397598,0.15551410615444183,5.098217661725357e-05,0.0,0.0,0.0,-0.23287656903266907,10.088459968566895,0.0454254150390625,9.800445556640625,0.25309303402900696,-10.0,-9.880027770996094,14.67492389678955,2.0,2.0,17.789152145385742,0.30357420444488525,0.28977540135383606,0.30357420444488525,0.29744139313697815,0.0,0.30469265580177307,0.30469265580177307,0.30469265580177307,0.30469265580177307,0.0,-0.959823727607727,0.6948122978210449,-10.72630786895752,0.0,0.0,0.0,0.0,0.0,0.0,0.0,0.0,0.0,0.0,0.0,0.0,0.0,0.0,0.0,0.30469274520874023,0.30469274520874023,0.304692804813385,0.30469274520874023,0.33220455050468445,0.04114978387951851,0.04114978387951851,0.39053526520729065,0.4118903577327728,1.074061632156372,1.191715955734253,0.0,0.0,0.0,0.0,0.0,0.0,0.0
78467942409,0,-0.02080148085951805,-0.14620105922222137,-0.12788167595863342,-0.02080148085951805,-0.14620105922222137,-0.8278816938400269,-0.017328975722193718,0.00655400799587369,0.007293109316378832,0.0,0.0,0.0,-0.012481643818318844,-0.019522257149219513,-0.010293465107679367,0.0,0.0,-0.010293466039001942,0.064394012093544,0.05026323348283768,0.02934996411204338,0.09827778488397598,0.15551410615444183,5.098217661725357e-05,0.0,0.0,0.0,-0.23287656903266907,10.088459968566895,0.0454254150390625,9.800445556640625,0.25309303402900696,-10.0,-9.880027770996094,14.67492389678955,2.0,2.0,17.789152145385742,0.30357420444488525,0.28977540135383606,0.30204102396965027,0.29744139313697815,0.0,0.30469265580177307,0.30469265580177307,0.30469265580177307,0.30469265580177307,0.0,-0.959823727607727,0.6948122978210449,-10.72630786895752,0.0,0.0,0.0,0.0,0.0,0.0,0.0,0.0,0.0,0.0,0.0,0.0,0.0,0.0,0.0,0.30469274520874023,0.30469274520874023,0.304692804813385,0.30469274520874023,0.33220455050468445,0.04114978387951851,0.04114978387951851,0.39053526520729065,0.4118903577327728,1.074061632156372,1.191715955734253,0.0,0.0,0.0,0.0,0.0,0.0,0.0
78477573243,0,-0.02080148085951805,-0.14620105922222137,-0.12788167595863342,-0.02080148085951805,-0.14620105922222137,-0.8278816938400269,-0.017328975722193718,0.00655400799587369,0.007293109316378832,0.0,0.0,0.0,-0.012481643818318844,-0.019522257149219513,-0.010293465107679367,0.0,0.0,-0.010293466039001942,0.064394012093544,0.05026323348283768,0.02934996411204338,0.09827778488397598,0.15551410615444183,5.098217661725357e-05,0.0,0.0,0.0,-0.23287656903266907,10.088459968566895,0.0454254150390625,9.800445556640625,0.25309303402900696,-10.0,-9.880027770996094,14.67492389678955,2.0,2.0,17.789152145385742,0.30357420444488525,0.28977540135383606,0.30357420444488525,0.29744139313697815,0.0,0.30469265580177307,0.30469265580177307,0.30469265580177307,0.30469265580177307,0.0,-0.959823727607727,0.6948122978210449,-10.72630786895752,0.0,0.0,0.0,0.0,0.0,0.0,0.0,0.0,0.0,0.0,0.0,0.0,0.0,0.0,0.0,0.30469274520874023,0.30469274520874023,0.304692804813385,0.30469274520874023,0.33220455050468445,0.04114978387951851,0.04114978387951851,0.39053526520729065,0.4118903577327728,1.074061632156372,1.191715955734253,0.0,0.0,0.0,0.0,0.0,0.0,0.0
78487524543,0,-0.02080148085951805,-0.14620105922222137,-0.12788167595863342,-0.02080148085951805,-0.14620105922222137,-0.8278816938400269,-0.017328975722193718,0.00655400799587369,0.007293109316378832,0.0,0.0,0.0,-0.012481643818318844,-0.019522257149219513,-0.010293465107679367,0.0,0.0,-0.010293466039001942,0.064394012093544,0.05026323348283768,0.02934996411204338,0.09827778488397598,0.15551410615444183,5.098217661725357e-05,0.0,0.0,0.0,-0.23287656903266907,10.088459968566895,0.0454254150390625,9.800445556640625,0.25309303402900696,-10.0,-9.880027770996094,14.67492389678955,2.0,2.0,17.789152145385742,0.30357420444488525,0.28977540135383606,0.30357420444488525,0.29744139313697815,0.0,0.30469265580177307,0.30469265580177307,0.30469265580177307,0.30469265580177307,0.0,-0.959823727607727,0.6948122978210449,-10.72630786895752,0.0,0.0,0.0,0.0,0.0,0.0,0.0,0.0,0.0,0.0,0.0,0.0,0.0,0.0,0.0,0.30469274520874023,0.30469274520874023,0.304692804813385,0.30469274520874023,0.33220455050468445,0.04114978387951851,0.04114978387951851,0.39053526520729065,0.4118903577327728,1.074061632156372,1.191715955734253,0.0,0.0,0.0,0.0,0.0,0.0,0.0
78497700516,0,-0.02080148085951805,-0.14620105922222137,-0.12788167595863342,-0.02080148085951805,-0.14620105922222137,-0.8278816938400269,-0.017328975722193718,0.00655400799587369,0.007293109316378832,0.0,0.0,0.0,-0.012481643818318844,-0.019522257149219513,-0.010293465107679367,0.0,0.0,-0.010293466039001942,0.064394012093544,0.05026323348283768,0.02934996411204338,0.09827778488397598,0.15551410615444183,5.098217661725357e-05,0.0,0.0,0.0,-0.23287656903266907,10.088459968566895,0.0454254150390625,9.800445556640625,0.25309303402900696,-10.0,-9.880027770996094,14.67492389678955,2.0,2.0,17.789152145385742,0.30357420444488525,0.28977540135383606,0.30357420444488525,0.29744139313697815,0.0,0.30469265580177307,0.30469265580177307,0.30469265580177307,0.30469265580177307,0.0,-0.959823727607727,0.6948122978210449,-10.72630786895752,0.0,0.0,0.0,0.0,0.0,0.0,0.0,0.0,0.0,0.0,0.0,0.0,0.0,0.0,0.0,0.30469274520874023,0.30469274520874023,0.304692804813385,0.30469274520874023,0.33220455050468445,0.04114978387951851,0.04114978387951851,0.39053526520729065,0.4118903577327728,1.074061632156372,1.191715955734253,0.0,0.0,0.0,0.0,0.0,0.0,0.0
78507580333,0,-0.02080148085951805,-0.14620105922222137,-0.12788167595863342,-0.02080148085951805,-0.14620105922222137,-0.8278816938400269,-0.017328975722193718,0.00655400799587369,0.007293109316378832,0.0,0.0,0.0,-0.012481643818318844,-0.019522257149219513,-0.010293465107679367,0.0,0.0,-0.010293466039001942,0.064394012093544,0.05026323348283768,0.02934996411204338,0.09827778488397598,0.15551410615444183,5.098217661725357e-05,0.0,0.0,0.0,-0.23287656903266907,10.088459968566895,0.0454254150390625,9.800445556640625,0.25309303402900696,-10.0,-9.880027770996094,14.67492389678955,2.0,2.0,17.789152145385742,0.30357420444488525,0.28977540135383606,0.30357420444488525,0.29590821266174316,0.0,0.30469265580177307,0.30469265580177307,0.30469265580177307,0.30469265580177307,0.0,-0.959823727607727,0.6948122978210449,-10.72630786895752,0.0,0.0,0.0,0.0,0.0,0.0,0.0,0.0,0.0,0.0,0.0,0.0,0.0,0.0,0.0,0.30469274520874023,0.30469274520874023,0.304692804813385,0.30469274520874023,0.33220455050468445,0.04114978387951851,0.04114978387951851,0.39053526520729065,0.4118903577327728,1.074061632156372,1.191715955734253,0.0,0.0,0.0,0.0,0.0,0.0,0.0
78517748808,0,-0.02080148085951805,-0.14620105922222137,-0.12788167595863342,-0.02080148085951805,-0.14620105922222137,-0.8278816938400269,-0.017328975722193718,0.00655400799587369,0.007293109316378832,0.0,0.0,0.0,-0.012481643818318844,-0.019522257149219513,-0.010293465107679367,0.0,0.0,-0.010293466039001942,0.064394012093544,0.05026323348283768,0.02934996411204338,0.09827778488397598,0.15551410615444183,5.098217661725357e-05,0.0,0.0,0.0,-0.23287656903266907,10.088459968566895,0.0454254150390625,9.800445556640625,0.25309303402900696,-10.0,-9.880027770996094,14.67492389678955,2.0,2.0,17.789152145385742,0.30357420444488525,0.28977540135383606,0.30357420444488525,0.29744139313697815,0.0,0.30469265580177307,0.30469265580177307,0.30469265580177307,0.30469265580177307,0.0,-0.959823727607727,0.6948122978210449,-10.72630786895752,0.0,0.0,0.0,0.0,0.0,0.0,0.0,0.0,0.0,0.0,0.0,0.0,0.0,0.0,0.0,0.30469274520874023,0.30469274520874023,0.304692804813385,0.30469274520874023,0.33220455050468445,0.04114978387951851,0.04114978387951851,0.39053526520729065,0.4118903577327728,1.074061632156372,1.191715955734253,0.0,0.0,0.0,0.0,0.0,0.0,0.0
78529048761,0,-0.02080148085951805,-0.14620105922222137,-0.12788167595863342,-0.02080148085951805,-0.14620105922222137,-0.8278816938400269,-0.017328975722193718,0.00655400799587369,0.007293109316378832,0.0,0.0,0.0,-0.012481643818318844,-0.019522257149219513,-0.010293465107679367,0.0,0.0,-0.010293466039001942,0.064394012093544,0.05026323348283768,0.02934996411204338,0.09827778488397598,0.15551410615444183,5.098217661725357e-05,0.0,0.0,0.0,-0.23287656903266907,10.088459968566895,0.0454254150390625,9.800445556640625,0.25309303402900696,-10.0,-9.880027770996094,14.67492389678955,2.0,2.0,17.789152145385742,0.30357420444488525,0.28977540135383606,0.30357420444488525,0.29590821266174316,0.0,0.30469265580177307,0.30469265580177307,0.30469265580177307,0.30469265580177307,0.0,-0.959823727607727,0.6948122978210449,-10.72630786895752,0.0,0.0,0.0,0.0,0.0,0.0,0.0,0.0,0.0,0.0,0.0,0.0,0.0,0.0,0.0,0.30469274520874023,0.30469274520874023,0.304692804813385,0.30469274520874023,0.33220455050468445,0.04114978387951851,0.04114978387951851,0.39053526520729065,0.4118903577327728,1.074061632156372,1.191715955734253,0.0,0.0,0.0,0.0,0.0,0.0,0.0
78537537551,0,-0.02080148085951805,-0.14620105922222137,-0.12788167595863342,-0.02080148085951805,-0.14620105922222137,-0.8278816938400269,-0.017328975722193718,0.00655400799587369,0.007293109316378832,0.0,0.0,0.0,-0.012481643818318844,-0.019522257149219513,-0.010293465107679367,0.0,0.0,-0.010293466039001942,0.064394012093544,0.05026323348283768,0.02934996411204338,0.09827778488397598,0.15551410615444183,5.098217661725357e-05,0.0,0.0,0.0,-0.23287656903266907,10.088459968566895,0.0454254150390625,9.800445556640625,0.25309303402900696,-10.0,-9.880027770996094,14.67492389678955,2.0,2.0,17.789152145385742,0.30357420444488525,0.28977540135383606,0.30357420444488525,0.29744139313697815,0.0,0.30469265580177307,0.30469265580177307,0.30469265580177307,0.30469265580177307,0.0,-0.959823727607727,0.6948122978210449,-10.72630786895752,0.0,0.0,0.0,0.0,0.0,0.0,0.0,0.0,0.0,0.0,0.0,0.0,0.0,0.0,0.0,0.30469274520874023,0.30469274520874023,0.304692804813385,0.30469274520874023,0.33220455050468445,0.04114978387951851,0.04114978387951851,0.39053526520729065,0.4118903577327728,1.074061632156372,1.191715955734253,0.0,0.0,0.0,0.0,0.0,0.0,0.0
78548148699,0,-0.02080148085951805,-0.14620105922222137,-0.12788167595863342,-0.02080148085951805,-0.14620105922222137,-0.8278816938400269,-0.017328975722193718,0.00655400799587369,0.007293109316378832,0.0,0.0,0.0,-0.012481643818318844,-0.019522257149219513,-0.010293465107679367,0.0,0.0,-0.010293466039001942,0.064394012093544,0.05026323348283768,0.02934996411204338,0.09827778488397598,0.15551410615444183,5.098217661725357e-05,0.0,0.0,0.0,-0.23287656903266907,10.088459968566895,0.0454254150390625,9.800445556640625,0.25309303402900696,-10.0,-9.880027770996094,14.67492389678955,2.0,2.0,17.789152145385742,0.30357420444488525,0.28977540135383606,0.30357420444488525,0.29590821266174316,0.0,0.30469265580177307,0.30469265580177307,0.30469265580177307,0.30469265580177307,0.0,-0.959823727607727,0.6948122978210449,-10.72630786895752,0.0,0.0,0.0,0.0,0.0,0.0,0.0,0.0,0.0,0.0,0.0,0.0,0.0,0.0,0.0,0.30469274520874023,0.30469274520874023,0.304692804813385,0.30469274520874023,0.33220455050468445,0.04114978387951851,0.04114978387951851,0.39053526520729065,0.4118903577327728,1.074061632156372,1.191715955734253,0.0,0.0,0.0,0.0,0.0,0.0,0.0
78557922593,0,-0.02080148085951805,-0.14620105922222137,-0.12788167595863342,-0.02080148085951805,-0.14620105922222137,-0.8278816938400269,-0.017328975722193718,0.00655400799587369,0.007293109316378832,0.0,0.0,0.0,-0.012481643818318844,-0.019522257149219513,-0.010293465107679367,0.0,0.0,-0.010293466039001942,0.064394012093544,0.05026323348283768,0.02934996411204338,0.09827778488397598,0.15551410615444183,5.098217661725357e-05,0.0,0.0,0.0,-0.23287656903266907,10.088459968566895,0.0454254150390625,9.800445556640625,0.25309303402900696,-10.0,-9.880027770996094,14.67492389678955,2.0,2.0,17.789152145385742,0.30357420444488525,0.28977540135383606,0.30357420444488525,0.29744139313697815,0.0,0.30469265580177307,0.30469265580177307,0.30469265580177307,0.30469265580177307,0.0,-0.959823727607727,0.6948122978210449,-10.72630786895752,0.0,0.0,0.0,0.0,0.0,0.0,0.0,0.0,0.0,0.0,0.0,0.0,0.0,0.0,0.0,0.30469274520874023,0.30469274520874023,0.304692804813385,0.30469274520874023,0.33220455050468445,0.04114978387951851,0.04114978387951851,0.39053526520729065,0.4118903577327728,1.074061632156372,1.191715955734253,0.0,0.0,0.0,0.0,0.0,0.0,0.0
78567577506,0,-0.02080148085951805,-0.14620105922222137,-0.12788167595863342,-0.02080148085951805,-0.14620105922222137,-0.8278816938400269,-0.017328975722193718,0.00655400799587369,0.007293109316378832,0.0,0.0,0.0,-0.012481643818318844,-0.019522257149219513,-0.010293465107679367,0.0,0.0,-0.010293466039001942,0.064394012093544,0.05026323348283768,0.02934996411204338,0.09827778488397598,0.15551410615444183,5.098217661725357e-05,0.0,0.0,0.0,-0.23287656903266907,10.088459968566895,0.0454254150390625,9.800445556640625,0.25309303402900696,-10.0,-9.880027770996094,14.67492389678955,2.0,2.0,17.789152145385742,0.30357420444488525,0.28977540135383606,0.30357420444488525,0.29744139313697815,0.0,0.30469265580177307,0.30469265580177307,0.30469265580177307,0.30469265580177307,0.0,-0.959823727607727,0.6948122978210449,-10.72630786895752,0.0,0.0,0.0,0.0,0.0,0.0,0.0,0.0,0.0,0.0,0.0,0.0,0.0,0.0,0.0,0.30469274520874023,0.30469274520874023,0.304692804813385,0.30469274520874023,0.33220455050468445,0.04114978387951851,0.04114978387951851,0.39053526520729065,0.4118903577327728,1.074061632156372,1.191715955734253,0.0,0.0,0.0,0.0,0.0,0.0,0.0
78577807041,0,-0.02080148085951805,-0.14620105922222137,-0.12788167595863342,-0.02080148085951805,-0.14620105922222137,-0.8278816938400269,-0.017328975722193718,0.00655400799587369,0.007293109316378832,0.0,0.0,0.0,-0.012481643818318844,-0.019522257149219513,-0.010293465107679367,0.0,0.0,-0.010293466039001942,0.064394012093544,0.05026323348283768,0.02934996411204338,0.09827778488397598,0.15551410615444183,5.098217661725357e-05,0.0,0.0,0.0,-0.23287656903266907,10.088459968566895,0.0454254150390625,9.800445556640625,0.25309303402900696,-10.0,-9.880027770996094,14.67492389678955,2.0,2.0,17.789152145385742,0.30357420444488525,0.28977540135383606,0.30357420444488525,0.29590821266174316,0.0,0.30469265580177307,0.30469265580177307,0.30469265580177307,0.30469265580177307,0.0,-0.959823727607727,0.6948122978210449,-10.72630786895752,0.0,0.0,0.0,0.0,0.0,0.0,0.0,0.0,0.0,0.0,0.0,0.0,0.0,0.0,0.0,0.30469274520874023,0.30469274520874023,0.304692804813385,0.30469274520874023,0.33220455050468445,0.04114978387951851,0.04114978387951851,0.39053526520729065,0.4118903577327728,1.074061632156372,1.191715955734253,0.0,0.0,0.0,0.0,0.0,0.0,0.0
78588189564,0,-0.02080148085951805,-0.14620105922222137,-0.12788167595863342,-0.02080148085951805,-0.14620105922222137,-0.8278816938400269,-0.017328975722193718,0.00655400799587369,0.007293109316378832,0.0,0.0,0.0,-0.012481643818318844,-0.019522257149219513,-0.010293465107679367,0.0,0.0,-0.010293466039001942,0.064394012093544,0.05026323348283768,0.02934996411204338,0.09827778488397598,0.15551410615444183,5.098217661725357e-05,0.0,0.0,0.0,-0.23287656903266907,10.088459968566895,0.0454254150390625,9.800445556640625,0.25309303402900696,-10.0,-9.880027770996094,14.67492389678955,2.0,2.0,17.789152145385742,0.30357420444488525,0.28977540135383606,0.30357420444488525,0.29744139313697815,0.0,0.30469265580177307,0.30469265580177307,0.30469265580177307,0.30469265580177307,0.0,-0.959823727607727,0.6948122978210449,-10.72630786895752,0.0,0.0,0.0,0.0,0.0,0.0,0.0,0.0,0.0,0.0,0.0,0.0,0.0,0.0,0.0,0.30469274520874023,0.30469274520874023,0.304692804813385,0.30469274520874023,0.33220455050468445,0.04114978387951851,0.04114978387951851,0.39053526520729065,0.4118903577327728,1.074061632156372,1.191715955734253,0.0,0.0,0.0,0.0,0.0,0.0,0.0
78598353589,0,-0.02080148085951805,-0.14620105922222137,-0.12788167595863342,-0.02080148085951805,-0.14620105922222137,-0.8278816938400269,-0.017328975722193718,0.00655400799587369,0.007293109316378832,0.0,0.0,0.0,-0.012481643818318844,-0.019522257149219513,-0.010293465107679367,0.0,0.0,-0.010293466039001942,0.064394012093544,0.05026323348283768,0.02934996411204338,0.09827778488397598,0.15551410615444183,5.098217661725357e-05,0.0,0.0,0.0,-0.23287656903266907,10.088459968566895,0.0454254150390625,9.800445556640625,0.25309303402900696,-10.0,-9.880027770996094,14.67492389678955,2.0,2.0,17.789152145385742,0.30357420444488525,0.28977540135383606,0.30357420444488525,0.29744139313697815,0.0,0.30469265580177307,0.30469265580177307,0.30469265580177307,0.30469265580177307,0.0,-0.959823727607727,0.6948122978210449,-10.72630786895752,0.0,0.0,0.0,0.0,0.0,0.0,0.0,0.0,0.0,0.0,0.0,0.0,0.0,0.0,0.0,0.30469274520874023,0.30469274520874023,0.304692804813385,0.30469274520874023,0.33220455050468445,0.04114978387951851,0.04114978387951851,0.39053526520729065,0.4118903577327728,1.074061632156372,1.191715955734253,0.0,0.0,0.0,0.0,0.0,0.0,0.0
78607673022,0,-0.02080148085951805,-0.14620105922222137,-0.12788167595863342,-0.02080148085951805,-0.14620105922222137,-0.8278816938400269,-0.017328975722193718,0.00655400799587369,0.007293109316378832,0.0,0.0,0.0,-0.012481643818318844,-0.019522257149219513,-0.010293465107679367,0.0,0.0,-0.010293466039001942,0.064394012093544,0.05026323348283768,0.02934996411204338,0.09827778488397598,0.15551410615444183,5.098217661725357e-05,0.0,0.0,0.0,-0.23287656903266907,10.088459968566895,0.0454254150390625,9.800445556640625,0.25309303402900696,-10.0,-9.880027770996094,14.67492389678955,2.0,2.0,17.789152145385742,0.30357420444488525,0.28977540135383606,0.30357420444488525,0.29744139313697815,0.0,0.30469265580177307,0.30469265580177307,0.30469265580177307,0.30469265580177307,0.0,-0.959823727607727,0.6948122978210449,-10.72630786895752,0.0,0.0,0.0,0.0,0.0,0.0,0.0,0.0,0.0,0.0,0.0,0.0,0.0,0.0,0.0,0.30469274520874023,0.30469274520874023,0.304692804813385,0.30469274520874023,0.33220455050468445,0.04114978387951851,0.04114978387951851,0.39053526520729065,0.4118903577327728,1.074061632156372,1.191715955734253,0.0,0.0,0.0,0.0,0.0,0.0,0.0
78617595342,0,-0.02080148085951805,-0.14620105922222137,-0.12788167595863342,-0.02080148085951805,-0.14620105922222137,-0.8278816938400269,-0.017328975722193718,0.00655400799587369,0.007293109316378832,0.0,0.0,0.0,-0.012481643818318844,-0.019522257149219513,-0.010293465107679367,0.0,0.0,-0.010293466039001942,0.064394012093544,0.05026323348283768,0.02934996411204338,0.09827778488397598,0.15551410615444183,5.098217661725357e-05,0.0,0.0,0.0,-0.23287656903266907,10.088459968566895,0.0454254150390625,9.800445556640625,0.25309303402900696,-10.0,-9.880027770996094,14.67492389678955,2.0,2.0,17.789152145385742,0.30357420444488525,0.28977540135383606,0.30357420444488525,0.29744139313697815,0.0,0.30469265580177307,0.30469265580177307,0.30469265580177307,0.30469265580177307,0.0,-0.959823727607727,0.6948122978210449,-10.72630786895752,0.0,0.0,0.0,0.0,0.0,0.0,0.0,0.0,0.0,0.0,0.0,0.0,0.0,0.0,0.0,0.30469274520874023,0.30469274520874023,0.304692804813385,0.30469274520874023,0.33220455050468445,0.04114978387951851,0.04114978387951851,0.39053526520729065,0.4118903577327728,1.074061632156372,1.191715955734253,0.0,0.0,0.0,0.0,0.0,0.0,0.0
78628025774,0,-0.02080148085951805,-0.14620105922222137,-0.12788167595863342,-0.02080148085951805,-0.14620105922222137,-0.8278816938400269,-0.017328975722193718,0.00655400799587369,0.007293109316378832,0.0,0.0,0.0,-0.012481643818318844,-0.019522257149219513,-0.010293465107679367,0.0,0.0,-0.010293466039001942,0.064394012093544,0.05026323348283768,0.02934996411204338,0.09827778488397598,0.15551410615444183,5.098217661725357e-05,0.0,0.0,0.0,-0.23287656903266907,10.088459968566895,0.0454254150390625,9.800445556640625,0.25309303402900696,-10.0,-9.880027770996094,14.67492389678955,2.0,2.0,17.789152145385742,0.30357420444488525,0.28977540135383606,0.30357420444488525,0.29744139313697815,0.0,0.30469265580177307,0.30469265580177307,0.30469265580177307,0.30469265580177307,0.0,-0.959823727607727,0.6948122978210449,-10.72630786895752,0.0,0.0,0.0,0.0,0.0,0.0,0.0,0.0,0.0,0.0,0.0,0.0,0.0,0.0,0.0,0.30469274520874023,0.30469274520874023,0.304692804813385,0.30469274520874023,0.33220455050468445,0.04114978387951851,0.04114978387951851,0.39053526520729065,0.4118903577327728,1.074061632156372,1.191715955734253,0.0,0.0,0.0,0.0,0.0,0.0,0.0
78637748516,0,-0.02080148085951805,-0.14620105922222137,-0.12788167595863342,-0.02080148085951805,-0.14620105922222137,-0.8278816938400269,-0.017328975722193718,0.00655400799587369,0.007293109316378832,0.0,0.0,0.0,-0.012481643818318844,-0.019522257149219513,-0.010293465107679367,0.0,0.0,-0.010293466039001942,0.064394012093544,0.05026323348283768,0.02934996411204338,0.09827778488397598,0.15551410615444183,5.098217661725357e-05,0.0,0.0,0.0,-0.23287656903266907,10.088459968566895,0.0454254150390625,9.800445556640625,0.25309303402900696,-10.0,-9.880027770996094,14.67492389678955,2.0,2.0,17.789152145385742,0.30357420444488525,0.28977540135383606,0.30357420444488525,0.29744139313697815,0.0,0.30469265580177307,0.30469265580177307,0.30469265580177307,0.30469265580177307,0.0,-0.959823727607727,0.6948122978210449,-10.72630786895752,0.0,0.0,0.0,0.0,0.0,0.0,0.0,0.0,0.0,0.0,0.0,0.0,0.0,0.0,0.0,0.30469274520874023,0.30469274520874023,0.304692804813385,0.30469274520874023,0.33220455050468445,0.04114978387951851,0.04114978387951851,0.39053526520729065,0.4118903577327728,1.074061632156372,1.191715955734253,0.0,0.0,0.0,0.0,0.0,0.0,0.0
78647833750,0,-0.02080148085951805,-0.14620105922222137,-0.12788167595863342,-0.02080148085951805,-0.14620105922222137,-0.8278816938400269,-0.017328975722193718,0.00655400799587369,0.007293109316378832,0.0,0.0,0.0,-0.012481643818318844,-0.019522257149219513,-0.010293465107679367,0.0,0.0,-0.010293466039001942,0.064394012093544,0.05026323348283768,0.02934996411204338,0.09827778488397598,0.15551410615444183,5.098217661725357e-05,0.0,0.0,0.0,-0.23287656903266907,10.088459968566895,0.0454254150390625,9.800445556640625,0.25309303402900696,-10.0,-9.880027770996094,14.67492389678955,2.0,2.0,17.789152145385742,0.30357420444488525,0.28977540135383606,0.30357420444488525,0.29590821266174316,0.0,0.30469265580177307,0.30469265580177307,0.30469265580177307,0.30469265580177307,0.0,-0.959823727607727,0.6948122978210449,-10.72630786895752,0.0,0.0,0.0,0.0,0.0,0.0,0.0,0.0,0.0,0.0,0.0,0.0,0.0,0.0,0.0,0.30469274520874023,0.30469274520874023,0.304692804813385,0.30469274520874023,0.33220455050468445,0.04114978387951851,0.04114978387951851,0.39053526520729065,0.4118903577327728,1.074061632156372,1.191715955734253,0.0,0.0,0.0,0.0,0.0,0.0,0.0
78657830960,0,-0.02080148085951805,-0.14620105922222137,-0.12788167595863342,-0.02080148085951805,-0.14620105922222137,-0.8278816938400269,-0.017328975722193718,0.00655400799587369,0.007293109316378832,0.0,0.0,0.0,-0.012481643818318844,-0.019522257149219513,-0.010293465107679367,0.0,0.0,-0.010293466039001942,0.064394012093544,0.05026323348283768,0.02934996411204338,0.09827778488397598,0.15551410615444183,5.098217661725357e-05,0.0,0.0,0.0,-0.23287656903266907,10.088459968566895,0.0454254150390625,9.800445556640625,0.25309303402900696,-10.0,-9.880027770996094,14.67492389678955,2.0,2.0,17.789152145385742,0.30357420444488525,0.28977540135383606,0.30357420444488525,0.29744139313697815,0.0,0.30469265580177307,0.30469265580177307,0.30469265580177307,0.30469265580177307,0.0,-0.959823727607727,0.6948122978210449,-10.72630786895752,0.0,0.0,0.0,0.0,0.0,0.0,0.0,0.0,0.0,0.0,0.0,0.0,0.0,0.0,0.0,0.30469274520874023,0.30469274520874023,0.304692804813385,0.30469274520874023,0.33220455050468445,0.04114978387951851,0.04114978387951851,0.39053526520729065,0.4118903577327728,1.074061632156372,1.191715955734253,0.0,0.0,0.0,0.0,0.0,0.0,0.0
78668015511,0,-0.02080148085951805,-0.14620105922222137,-0.12788167595863342,-0.02080148085951805,-0.14620105922222137,-0.8278816938400269,-0.017328975722193718,0.00655400799587369,0.007293109316378832,0.0,0.0,0.0,-0.012481643818318844,-0.019522257149219513,-0.010293465107679367,0.0,0.0,-0.010293466039001942,0.064394012093544,0.05026323348283768,0.02934996411204338,0.09827778488397598,0.15551410615444183,5.098217661725357e-05,0.0,0.0,0.0,-0.23287656903266907,10.088459968566895,0.0454254150390625,9.800445556640625,0.25309303402900696,-10.0,-9.880027770996094,14.67492389678955,2.0,2.0,17.789152145385742,0.30357420444488525,0.28977540135383606,0.30357420444488525,0.29590821266174316,0.0,0.30469265580177307,0.30469265580177307,0.30469265580177307,0.30469265580177307,0.0,-0.959823727607727,0.6948122978210449,-10.72630786895752,0.0,0.0,0.0,0.0,0.0,0.0,0.0,0.0,0.0,0.0,0.0,0.0,0.0,0.0,0.0,0.30469274520874023,0.30469274520874023,0.304692804813385,0.30469274520874023,0.33220455050468445,0.04114978387951851,0.04114978387951851,0.39053526520729065,0.4118903577327728,1.074061632156372,1.191715955734253,0.0,0.0,0.0,0.0,0.0,0.0,0.0
78677666292,0,-0.02080148085951805,-0.14620105922222137,-0.12788167595863342,-0.02080148085951805,-0.14620105922222137,-0.8278816938400269,-0.017328975722193718,0.00655400799587369,0.007293109316378832,0.0,0.0,0.0,-0.012481643818318844,-0.019522257149219513,-0.010293465107679367,0.0,0.0,-0.010293466039001942,0.064394012093544,0.05026323348283768,0.02934996411204338,0.09827778488397598,0.15551410615444183,5.098217661725357e-05,0.0,0.0,0.0,-0.23287656903266907,10.088459968566895,0.0454254150390625,9.800445556640625,0.25309303402900696,-10.0,-9.880027770996094,14.67492389678955,2.0,2.0,17.789152145385742,0.30357420444488525,0.28977540135383606,0.30357420444488525,0.29590821266174316,0.0,0.30469265580177307,0.30469265580177307,0.30469265580177307,0.30469265580177307,0.0,-0.959823727607727,0.6948122978210449,-10.72630786895752,0.0,0.0,0.0,0.0,0.0,0.0,0.0,0.0,0.0,0.0,0.0,0.0,0.0,0.0,0.0,0.30469274520874023,0.30469274520874023,0.304692804813385,0.30469274520874023,0.33220455050468445,0.04114978387951851,0.04114978387951851,0.39053526520729065,0.4118903577327728,1.074061632156372,1.191715955734253,0.0,0.0,0.0,0.0,0.0,0.0,0.0
78687992958,0,-0.02080148085951805,-0.14620105922222137,-0.12788167595863342,-0.02080148085951805,-0.14620105922222137,-0.8278816938400269,-0.017328975722193718,0.00655400799587369,0.007293109316378832,0.0,0.0,0.0,-0.012481643818318844,-0.019522257149219513,-0.010293465107679367,0.0,0.0,-0.010293466039001942,0.064394012093544,0.05026323348283768,0.02934996411204338,0.09827778488397598,0.15551410615444183,5.098217661725357e-05,0.0,0.0,0.0,-0.23287656903266907,10.088459968566895,0.0454254150390625,9.800445556640625,0.25309303402900696,-10.0,-9.880027770996094,14.67492389678955,2.0,2.0,17.789152145385742,0.30357420444488525,0.28977540135383606,0.30357420444488525,0.29590821266174316,0.0,0.30469265580177307,0.30469265580177307,0.30469265580177307,0.30469265580177307,0.0,-0.959823727607727,0.6948122978210449,-10.72630786895752,0.0,0.0,0.0,0.0,0.0,0.0,0.0,0.0,0.0,0.0,0.0,0.0,0.0,0.0,0.0,0.30469274520874023,0.30469274520874023,0.304692804813385,0.30469274520874023,0.33220455050468445,0.04114978387951851,0.04114978387951851,0.39053526520729065,0.4118903577327728,1.074061632156372,1.191715955734253,0.0,0.0,0.0,0.0,0.0,0.0,0.0
78697664191,0,-0.02080148085951805,-0.14620105922222137,-0.12788167595863342,-0.02080148085951805,-0.14620105922222137,-0.8278816938400269,-0.017328975722193718,0.00655400799587369,0.007293109316378832,0.0,0.0,0.0,-0.012481643818318844,-0.019522257149219513,-0.010293465107679367,0.0,0.0,-0.010293466039001942,0.064394012093544,0.05026323348283768,0.02934996411204338,0.09827778488397598,0.15551410615444183,5.098217661725357e-05,0.0,0.0,0.0,-0.23287656903266907,10.088459968566895,0.0454254150390625,9.800445556640625,0.25309303402900696,-10.0,-9.880027770996094,14.67492389678955,2.0,2.0,17.789152145385742,0.30357420444488525,0.28977540135383606,0.30357420444488525,0.29744139313697815,0.0,0.30469265580177307,0.30469265580177307,0.30469265580177307,0.30469265580177307,0.0,-0.959823727607727,0.6948122978210449,-10.72630786895752,0.0,0.0,0.0,0.0,0.0,0.0,0.0,0.0,0.0,0.0,0.0,0.0,0.0,0.0,0.0,0.30469274520874023,0.30469274520874023,0.304692804813385,0.30469274520874023,0.33220455050468445,0.04114978387951851,0.04114978387951851,0.39053526520729065,0.4118903577327728,1.074061632156372,1.191715955734253,0.0,0.0,0.0,0.0,0.0,0.0,0.0
78708717064,0,-0.02080148085951805,-0.14620105922222137,-0.12788167595863342,-0.02080148085951805,-0.14620105922222137,-0.8278816938400269,-0.017328975722193718,0.00655400799587369,0.007293109316378832,0.0,0.0,0.0,-0.012481643818318844,-0.019522257149219513,-0.010293465107679367,0.0,0.0,-0.010293466039001942,0.064394012093544,0.05026323348283768,0.02934996411204338,0.09827778488397598,0.15551410615444183,5.098217661725357e-05,0.0,0.0,0.0,-0.23287656903266907,10.088459968566895,0.0454254150390625,9.800445556640625,0.25309303402900696,-10.0,-9.880027770996094,14.67492389678955,2.0,2.0,17.789152145385742,0.30357420444488525,0.28977540135383606,0.30204102396965027,0.29744139313697815,0.0,0.30469265580177307,0.30469265580177307,0.30469265580177307,0.30469265580177307,0.0,-0.959823727607727,0.6948122978210449,-10.72630786895752,0.0,0.0,0.0,0.0,0.0,0.0,0.0,0.0,0.0,0.0,0.0,0.0,0.0,0.0,0.0,0.30469274520874023,0.30469274520874023,0.304692804813385,0.30469274520874023,0.33220455050468445,0.04114978387951851,0.04114978387951851,0.39053526520729065,0.4118903577327728,1.074061632156372,1.191715955734253,0.0,0.0,0.0,0.0,0.0,0.0,0.0
78718074684,0,-0.02080148085951805,-0.14620105922222137,-0.12788167595863342,-0.02080148085951805,-0.14620105922222137,-0.8278816938400269,-0.017328975722193718,0.00655400799587369,0.007293109316378832,0.0,0.0,0.0,-0.012481643818318844,-0.019522257149219513,-0.010293465107679367,0.0,0.0,-0.010293466039001942,0.064394012093544,0.05026323348283768,0.02934996411204338,0.09827778488397598,0.15551410615444183,5.098217661725357e-05,0.0,0.0,0.0,-0.23287656903266907,10.088459968566895,0.0454254150390625,9.800445556640625,0.25309303402900696,-10.0,-9.880027770996094,14.67492389678955,2.0,2.0,17.789152145385742,0.30357420444488525,0.28977540135383606,0.30357420444488525,0.29744139313697815,0.0,0.30469265580177307,0.30469265580177307,0.30469265580177307,0.30469265580177307,0.0,-0.959823727607727,0.6948122978210449,-10.72630786895752,0.0,0.0,0.0,0.0,0.0,0.0,0.0,0.0,0.0,0.0,0.0,0.0,0.0,0.0,0.0,0.30469274520874023,0.30469274520874023,0.304692804813385,0.30469274520874023,0.33220455050468445,0.04114978387951851,0.04114978387951851,0.39053526520729065,0.4118903577327728,1.074061632156372,1.191715955734253,0.0,0.0,0.0,0.0,0.0,0.0,0.0
78727662855,0,-0.02080148085951805,-0.14620105922222137,-0.12788167595863342,-0.02080148085951805,-0.14620105922222137,-0.8278816938400269,-0.017328975722193718,0.00655400799587369,0.007293109316378832,0.0,0.0,0.0,-0.012481643818318844,-0.019522257149219513,-0.010293465107679367,0.0,0.0,-0.010293466039001942,0.064394012093544,0.05026323348283768,0.02934996411204338,0.09827778488397598,0.15551410615444183,5.098217661725357e-05,0.0,0.0,0.0,-0.23287656903266907,10.088459968566895,0.0454254150390625,9.800445556640625,0.25309303402900696,-10.0,-9.880027770996094,14.67492389678955,2.0,2.0,17.789152145385742,0.30357420444488525,0.28977540135383606,0.30357420444488525,0.29590821266174316,0.0,0.30469265580177307,0.30469265580177307,0.30469265580177307,0.30469265580177307,0.0,-0.959823727607727,0.6948122978210449,-10.72630786895752,0.0,0.0,0.0,0.0,0.0,0.0,0.0,0.0,0.0,0.0,0.0,0.0,0.0,0.0,0.0,0.30469274520874023,0.30469274520874023,0.304692804813385,0.30469274520874023,0.33220455050468445,0.04114978387951851,0.04114978387951851,0.39053526520729065,0.4118903577327728,1.074061632156372,1.191715955734253,0.0,0.0,0.0,0.0,0.0,0.0,0.0
78737857658,0,-0.02080148085951805,-0.14620105922222137,-0.12788167595863342,-0.02080148085951805,-0.14620105922222137,-0.8278816938400269,-0.017328975722193718,0.00655400799587369,0.007293109316378832,0.0,0.0,0.0,-0.012481643818318844,-0.019522257149219513,-0.010293465107679367,0.0,0.0,-0.010293466039001942,0.064394012093544,0.05026323348283768,0.02934996411204338,0.09827778488397598,0.15551410615444183,5.098217661725357e-05,0.0,0.0,0.0,-0.23287656903266907,10.088459968566895,0.0454254150390625,9.800445556640625,0.25309303402900696,-10.0,-9.880027770996094,14.67492389678955,2.0,2.0,17.789152145385742,0.30357420444488525,0.28977540135383606,0.30357420444488525,0.29590821266174316,0.0,0.30469265580177307,0.30469265580177307,0.30469265580177307,0.30469265580177307,0.0,-0.959823727607727,0.6948122978210449,-10.72630786895752,0.0,0.0,0.0,0.0,0.0,0.0,0.0,0.0,0.0,0.0,0.0,0.0,0.0,0.0,0.0,0.30469274520874023,0.30469274520874023,0.304692804813385,0.30469274520874023,0.33220455050468445,0.04114978387951851,0.04114978387951851,0.39053526520729065,0.4118903577327728,1.074061632156372,1.191715955734253,0.0,0.0,0.0,0.0,0.0,0.0,0.0
78747725674,0,-0.02080148085951805,-0.14620105922222137,-0.12788167595863342,-0.02080148085951805,-0.14620105922222137,-0.8278816938400269,-0.017328975722193718,0.00655400799587369,0.007293109316378832,0.0,0.0,0.0,-0.012481643818318844,-0.019522257149219513,-0.010293465107679367,0.0,0.0,-0.010293466039001942,0.064394012093544,0.05026323348283768,0.02934996411204338,0.09827778488397598,0.15551410615444183,5.098217661725357e-05,0.0,0.0,0.0,-0.23287656903266907,10.088459968566895,0.0454254150390625,9.800445556640625,0.25309303402900696,-10.0,-9.880027770996094,14.67492389678955,2.0,2.0,17.789152145385742,0.30357420444488525,0.28977540135383606,0.30357420444488525,0.29744139313697815,0.0,0.30469265580177307,0.30469265580177307,0.30469265580177307,0.30469265580177307,0.0,-0.959823727607727,0.6948122978210449,-10.72630786895752,0.0,0.0,0.0,0.0,0.0,0.0,0.0,0.0,0.0,0.0,0.0,0.0,0.0,0.0,0.0,0.30469274520874023,0.30469274520874023,0.304692804813385,0.30469274520874023,0.33220455050468445,0.04114978387951851,0.04114978387951851,0.39053526520729065,0.4118903577327728,1.074061632156372,1.191715955734253,0.0,0.0,0.0,0.0,0.0,0.0,0.0
78758503476,0,-0.02080148085951805,-0.14620105922222137,-0.12788167595863342,-0.02080148085951805,-0.14620105922222137,-0.8278816938400269,-0.017328975722193718,0.00655400799587369,0.007293109316378832,0.0,0.0,0.0,-0.012481643818318844,-0.019522257149219513,-0.010293465107679367,0.0,0.0,-0.010293466039001942,0.064394012093544,0.05026323348283768,0.02934996411204338,0.09827778488397598,0.15551410615444183,5.098217661725357e-05,0.0,0.0,0.0,-0.23287656903266907,10.088459968566895,0.0454254150390625,9.800445556640625,0.25309303402900696,-10.0,-9.880027770996094,14.67492389678955,2.0,2.0,17.789152145385742,0.30357420444488525,0.28977540135383606,0.30357420444488525,0.29744139313697815,0.0,0.30469265580177307,0.30469265580177307,0.30469265580177307,0.30469265580177307,0.0,-0.959823727607727,0.6948122978210449,-10.72630786895752,0.0,0.0,0.0,0.0,0.0,0.0,0.0,0.0,0.0,0.0,0.0,0.0,0.0,0.0,0.0,0.30469274520874023,0.30469274520874023,0.304692804813385,0.30469274520874023,0.33220455050468445,0.04114978387951851,0.04114978387951851,0.39053526520729065,0.4118903577327728,1.074061632156372,1.191715955734253,0.0,0.0,0.0,0.0,0.0,0.0,0.0
78768902424,0,-0.02080148085951805,-0.14620105922222137,-0.12788167595863342,-0.02080148085951805,-0.14620105922222137,-0.8278816938400269,-0.017328975722193718,0.00655400799587369,0.007293109316378832,0.0,0.0,0.0,-0.012481643818318844,-0.019522257149219513,-0.010293465107679367,0.0,0.0,-0.010293466039001942,0.064394012093544,0.05026323348283768,0.02934996411204338,0.09827778488397598,0.15551410615444183,5.098217661725357e-05,0.0,0.0,0.0,-0.23287656903266907,10.088459968566895,0.0454254150390625,9.800445556640625,0.25309303402900696,-10.0,-9.880027770996094,14.67492389678955,2.0,2.0,17.789152145385742,0.30357420444488525,0.28977540135383606,0.30357420444488525,0.29744139313697815,0.0,0.30469265580177307,0.30469265580177307,0.30469265580177307,0.30469265580177307,0.0,-0.959823727607727,0.6948122978210449,-10.72630786895752,0.0,0.0,0.0,0.0,0.0,0.0,0.0,0.0,0.0,0.0,0.0,0.0,0.0,0.0,0.0,0.30469274520874023,0.30469274520874023,0.304692804813385,0.30469274520874023,0.33220455050468445,0.04114978387951851,0.04114978387951851,0.39053526520729065,0.4118903577327728,1.074061632156372,1.191715955734253,0.0,0.0,0.0,0.0,0.0,0.0,0.0
78778327925,0,-0.02080148085951805,-0.14620105922222137,-0.12788167595863342,-0.02080148085951805,-0.14620105922222137,-0.8278816938400269,-0.017328975722193718,0.00655400799587369,0.007293109316378832,0.0,0.0,0.0,-0.012481643818318844,-0.019522257149219513,-0.010293465107679367,0.0,0.0,-0.010293466039001942,0.064394012093544,0.05026323348283768,0.02934996411204338,0.09827778488397598,0.15551410615444183,5.098217661725357e-05,0.0,0.0,0.0,-0.23287656903266907,10.088459968566895,0.0454254150390625,9.800445556640625,0.25309303402900696,-10.0,-9.880027770996094,14.67492389678955,2.0,2.0,17.789152145385742,0.30357420444488525,0.28977540135383606,0.30357420444488525,0.29590821266174316,0.0,0.30469265580177307,0.30469265580177307,0.30469265580177307,0.30469265580177307,0.0,-0.959823727607727,0.6948122978210449,-10.72630786895752,0.0,0.0,0.0,0.0,0.0,0.0,0.0,0.0,0.0,0.0,0.0,0.0,0.0,0.0,0.0,0.30469274520874023,0.30469274520874023,0.304692804813385,0.30469274520874023,0.33220455050468445,0.04114978387951851,0.04114978387951851,0.39053526520729065,0.4118903577327728,1.074061632156372,1.191715955734253,0.0,0.0,0.0,0.0,0.0,0.0,0.0
78788044439,0,-0.02080148085951805,-0.14620105922222137,-0.12788167595863342,-0.02080148085951805,-0.14620105922222137,-0.8278816938400269,-0.017328975722193718,0.00655400799587369,0.007293109316378832,0.0,0.0,0.0,-0.012481643818318844,-0.019522257149219513,-0.010293465107679367,0.0,0.0,-0.010293466039001942,0.064394012093544,0.05026323348283768,0.02934996411204338,0.09827778488397598,0.15551410615444183,5.098217661725357e-05,0.0,0.0,0.0,-0.23287656903266907,10.088459968566895,0.0454254150390625,9.800445556640625,0.25309303402900696,-10.0,-9.880027770996094,14.67492389678955,2.0,2.0,17.789152145385742,0.30357420444488525,0.28977540135383606,0.30357420444488525,0.29744139313697815,0.0,0.30469265580177307,0.30469265580177307,0.30469265580177307,0.30469265580177307,0.0,-0.959823727607727,0.6948122978210449,-10.72630786895752,0.0,0.0,0.0,0.0,0.0,0.0,0.0,0.0,0.0,0.0,0.0,0.0,0.0,0.0,0.0,0.30469274520874023,0.30469274520874023,0.304692804813385,0.30469274520874023,0.33220455050468445,0.04114978387951851,0.04114978387951851,0.39053526520729065,0.4118903577327728,1.074061632156372,1.191715955734253,0.0,0.0,0.0,0.0,0.0,0.0,0.0
78798322131,0,-0.02080148085951805,-0.14620105922222137,-0.12788167595863342,-0.02080148085951805,-0.14620105922222137,-0.8278816938400269,-0.017328975722193718,0.00655400799587369,0.007293109316378832,0.0,0.0,0.0,-0.012481643818318844,-0.019522257149219513,-0.010293465107679367,0.0,0.0,-0.010293466039001942,0.064394012093544,0.05026323348283768,0.02934996411204338,0.09827778488397598,0.15551410615444183,5.098217661725357e-05,0.0,0.0,0.0,-0.23287656903266907,10.088459968566895,0.0454254150390625,9.800445556640625,0.25309303402900696,-10.0,-9.880027770996094,14.67492389678955,2.0,2.0,17.789152145385742,0.30357420444488525,0.28977540135383606,0.30357420444488525,0.29744139313697815,0.0,0.30469265580177307,0.30469265580177307,0.30469265580177307,0.30469265580177307,0.0,-0.959823727607727,0.6948122978210449,-10.72630786895752,0.0,0.0,0.0,0.0,0.0,0.0,0.0,0.0,0.0,0.0,0.0,0.0,0.0,0.0,0.0,0.30469274520874023,0.30469274520874023,0.304692804813385,0.30469274520874023,0.33220455050468445,0.04114978387951851,0.04114978387951851,0.39053526520729065,0.4118903577327728,1.074061632156372,1.191715955734253,0.0,0.0,0.0,0.0,0.0,0.0,0.0
78807931471,0,-0.02080148085951805,-0.14620105922222137,-0.12788167595863342,-0.02080148085951805,-0.14620105922222137,-0.8278816938400269,-0.017328975722193718,0.00655400799587369,0.007293109316378832,0.0,0.0,0.0,-0.012481643818318844,-0.019522257149219513,-0.010293465107679367,0.0,0.0,-0.010293466039001942,0.064394012093544,0.05026323348283768,0.02934996411204338,0.09827778488397598,0.15551410615444183,5.098217661725357e-05,0.0,0.0,0.0,-0.23287656903266907,10.088459968566895,0.0454254150390625,9.800445556640625,0.25309303402900696,-10.0,-9.880027770996094,14.67492389678955,2.0,2.0,17.789152145385742,0.30357420444488525,0.28977540135383606,0.30357420444488525,0.29744139313697815,0.0,0.30469265580177307,0.30469265580177307,0.30469265580177307,0.30469265580177307,0.0,-0.959823727607727,0.6948122978210449,-10.72630786895752,0.0,0.0,0.0,0.0,0.0,0.0,0.0,0.0,0.0,0.0,0.0,0.0,0.0,0.0,0.0,0.30469274520874023,0.30469274520874023,0.304692804813385,0.30469274520874023,0.33220455050468445,0.04114978387951851,0.04114978387951851,0.39053526520729065,0.4118903577327728,1.074061632156372,1.191715955734253,0.0,0.0,0.0,0.0,0.0,0.0,0.0
78817561577,0,-0.02080148085951805,-0.14620105922222137,-0.12788167595863342,-0.02080148085951805,-0.14620105922222137,-0.8278816938400269,-0.017328975722193718,0.00655400799587369,0.007293109316378832,0.0,0.0,0.0,-0.012481643818318844,-0.019522257149219513,-0.010293465107679367,0.0,0.0,-0.010293466039001942,0.064394012093544,0.05026323348283768,0.02934996411204338,0.09827778488397598,0.15551410615444183,5.098217661725357e-05,0.0,0.0,0.0,-0.23287656903266907,10.088459968566895,0.0454254150390625,9.800445556640625,0.25309303402900696,-10.0,-9.880027770996094,14.67492389678955,2.0,2.0,17.789152145385742,0.30357420444488525,0.28977540135383606,0.30357420444488525,0.29744139313697815,0.0,0.30469265580177307,0.30469265580177307,0.30469265580177307,0.30469265580177307,0.0,-0.959823727607727,0.6948122978210449,-10.72630786895752,0.0,0.0,0.0,0.0,0.0,0.0,0.0,0.0,0.0,0.0,0.0,0.0,0.0,0.0,0.0,0.30469274520874023,0.30469274520874023,0.304692804813385,0.30469274520874023,0.33220455050468445,0.04114978387951851,0.04114978387951851,0.39053526520729065,0.4118903577327728,1.074061632156372,1.191715955734253,0.0,0.0,0.0,0.0,0.0,0.0,0.0
78828537922,0,-0.02080148085951805,-0.14620105922222137,-0.12788167595863342,-0.02080148085951805,-0.14620105922222137,-0.8278816938400269,-0.017328975722193718,0.00655400799587369,0.007293109316378832,0.0,0.0,0.0,-0.012481643818318844,-0.019522257149219513,-0.010293465107679367,0.0,0.0,-0.010293466039001942,0.064394012093544,0.05026323348283768,0.02934996411204338,0.09827778488397598,0.15551410615444183,5.098217661725357e-05,0.0,0.0,0.0,-0.23287656903266907,10.088459968566895,0.0454254150390625,9.800445556640625,0.25309303402900696,-10.0,-9.880027770996094,14.67492389678955,2.0,2.0,17.789152145385742,0.30357420444488525,0.28977540135383606,0.30357420444488525,0.29744139313697815,0.0,0.30469265580177307,0.30469265580177307,0.30469265580177307,0.30469265580177307,0.0,-0.959823727607727,0.6948122978210449,-10.72630786895752,0.0,0.0,0.0,0.0,0.0,0.0,0.0,0.0,0.0,0.0,0.0,0.0,0.0,0.0,0.0,0.30469274520874023,0.30469274520874023,0.304692804813385,0.30469274520874023,0.33220455050468445,0.04114978387951851,0.04114978387951851,0.39053526520729065,0.4118903577327728,1.074061632156372,1.191715955734253,0.0,0.0,0.0,0.0,0.0,0.0,0.0
78837859215,0,-0.02080148085951805,-0.14620105922222137,-0.12788167595863342,-0.02080148085951805,-0.14620105922222137,-0.8278816938400269,-0.017328975722193718,0.00655400799587369,0.007293109316378832,0.0,0.0,0.0,-0.012481643818318844,-0.019522257149219513,-0.010293465107679367,0.0,0.0,-0.010293466039001942,0.064394012093544,0.05026323348283768,0.02934996411204338,0.09827778488397598,0.15551410615444183,5.098217661725357e-05,0.0,0.0,0.0,-0.23287656903266907,10.088459968566895,0.0454254150390625,9.800445556640625,0.25309303402900696,-10.0,-9.880027770996094,14.67492389678955,2.0,2.0,17.789152145385742,0.30357420444488525,0.28977540135383606,0.30357420444488525,0.29744139313697815,0.0,0.30469265580177307,0.30469265580177307,0.30469265580177307,0.30469265580177307,0.0,-0.959823727607727,0.6948122978210449,-10.72630786895752,0.0,0.0,0.0,0.0,0.0,0.0,0.0,0.0,0.0,0.0,0.0,0.0,0.0,0.0,0.0,0.30469274520874023,0.30469274520874023,0.304692804813385,0.30469274520874023,0.33220455050468445,0.04114978387951851,0.04114978387951851,0.39053526520729065,0.4118903577327728,1.074061632156372,1.191715955734253,0.0,0.0,0.0,0.0,0.0,0.0,0.0
78847831974,0,-0.02080148085951805,-0.14620105922222137,-0.12788167595863342,-0.02080148085951805,-0.14620105922222137,-0.8278816938400269,-0.017328975722193718,0.00655400799587369,0.007293109316378832,0.0,0.0,0.0,-0.012481643818318844,-0.019522257149219513,-0.010293465107679367,0.0,0.0,-0.010293466039001942,0.064394012093544,0.05026323348283768,0.02934996411204338,0.09827778488397598,0.15551410615444183,5.098217661725357e-05,0.0,0.0,0.0,-0.23287656903266907,10.088459968566895,0.0454254150390625,9.800445556640625,0.25309303402900696,-10.0,-9.880027770996094,14.67492389678955,2.0,2.0,17.789152145385742,0.30357420444488525,0.28977540135383606,0.30357420444488525,0.29744139313697815,0.0,0.30469265580177307,0.30469265580177307,0.30469265580177307,0.30469265580177307,0.0,-0.959823727607727,0.6948122978210449,-10.72630786895752,0.0,0.0,0.0,0.0,0.0,0.0,0.0,0.0,0.0,0.0,0.0,0.0,0.0,0.0,0.0,0.30469274520874023,0.30469274520874023,0.304692804813385,0.30469274520874023,0.33220455050468445,0.04114978387951851,0.04114978387951851,0.39053526520729065,0.4118903577327728,1.074061632156372,1.191715955734253,0.0,0.0,0.0,0.0,0.0,0.0,0.0
78858709012,0,-0.02080148085951805,-0.14620105922222137,-0.12788167595863342,-0.02080148085951805,-0.14620105922222137,-0.8278816938400269,-0.017328975722193718,0.00655400799587369,0.007293109316378832,0.0,0.0,0.0,-0.012481643818318844,-0.019522257149219513,-0.010293465107679367,0.0,0.0,-0.010293466039001942,0.064394012093544,0.05026323348283768,0.02934996411204338,0.09827778488397598,0.15551410615444183,5.098217661725357e-05,0.0,0.0,0.0,-0.23287656903266907,10.088459968566895,0.0454254150390625,9.800445556640625,0.25309303402900696,-10.0,-9.880027770996094,14.67492389678955,2.0,2.0,17.789152145385742,0.30357420444488525,0.28977540135383606,0.30357420444488525,0.29590821266174316,0.0,0.30469265580177307,0.30469265580177307,0.30469265580177307,0.30469265580177307,0.0,-0.959823727607727,0.6948122978210449,-10.72630786895752,0.0,0.0,0.0,0.0,0.0,0.0,0.0,0.0,0.0,0.0,0.0,0.0,0.0,0.0,0.0,0.30469274520874023,0.30469274520874023,0.304692804813385,0.30469274520874023,0.33220455050468445,0.04114978387951851,0.04114978387951851,0.39053526520729065,0.4118903577327728,1.074061632156372,1.191715955734253,0.0,0.0,0.0,0.0,0.0,0.0,0.0
78869146960,0,-0.02080148085951805,-0.14620105922222137,-0.12788167595863342,-0.02080148085951805,-0.14620105922222137,-0.8278816938400269,-0.017328975722193718,0.00655400799587369,0.007293109316378832,0.0,0.0,0.0,-0.012481643818318844,-0.019522257149219513,-0.010293465107679367,0.0,0.0,-0.010293466039001942,0.064394012093544,0.05026323348283768,0.02934996411204338,0.09827778488397598,0.15551410615444183,5.098217661725357e-05,0.0,0.0,0.0,-0.23287656903266907,10.088459968566895,0.0454254150390625,9.800445556640625,0.25309303402900696,-10.0,-9.880027770996094,14.67492389678955,2.0,2.0,17.789152145385742,0.30357420444488525,0.28977540135383606,0.30357420444488525,0.29744139313697815,0.0,0.30469265580177307,0.30469265580177307,0.30469265580177307,0.30469265580177307,0.0,-0.959823727607727,0.6948122978210449,-10.72630786895752,0.0,0.0,0.0,0.0,0.0,0.0,0.0,0.0,0.0,0.0,0.0,0.0,0.0,0.0,0.0,0.30469274520874023,0.30469274520874023,0.304692804813385,0.30469274520874023,0.33220455050468445,0.04114978387951851,0.04114978387951851,0.39053526520729065,0.4118903577327728,1.074061632156372,1.191715955734253,0.0,0.0,0.0,0.0,0.0,0.0,0.0
78877956793,0,-0.02080148085951805,-0.14620105922222137,-0.12788167595863342,-0.02080148085951805,-0.14620105922222137,-0.8278816938400269,-0.017328975722193718,0.00655400799587369,0.007293109316378832,0.0,0.0,0.0,-0.012481643818318844,-0.019522257149219513,-0.010293465107679367,0.0,0.0,-0.010293466039001942,0.064394012093544,0.05026323348283768,0.02934996411204338,0.09827778488397598,0.15551410615444183,5.098217661725357e-05,0.0,0.0,0.0,-0.23287656903266907,10.088459968566895,0.0454254150390625,9.800445556640625,0.25309303402900696,-10.0,-9.880027770996094,14.67492389678955,2.0,2.0,17.789152145385742,0.30357420444488525,0.28977540135383606,0.30357420444488525,0.29744139313697815,0.0,0.30469265580177307,0.30469265580177307,0.30469265580177307,0.30469265580177307,0.0,-0.959823727607727,0.6948122978210449,-10.72630786895752,0.0,0.0,0.0,0.0,0.0,0.0,0.0,0.0,0.0,0.0,0.0,0.0,0.0,0.0,0.0,0.30469274520874023,0.30469274520874023,0.304692804813385,0.30469274520874023,0.33220455050468445,0.04114978387951851,0.04114978387951851,0.39053526520729065,0.4118903577327728,1.074061632156372,1.191715955734253,0.0,0.0,0.0,0.0,0.0,0.0,0.0
78888019102,0,-0.02080148085951805,-0.14620105922222137,-0.12788167595863342,-0.02080148085951805,-0.14620105922222137,-0.8278816938400269,-0.017328975722193718,0.00655400799587369,0.007293109316378832,0.0,0.0,0.0,-0.012481643818318844,-0.019522257149219513,-0.010293465107679367,0.0,0.0,-0.010293466039001942,0.064394012093544,0.05026323348283768,0.02934996411204338,0.09827778488397598,0.15551410615444183,5.098217661725357e-05,0.0,0.0,0.0,-0.23287656903266907,10.088459968566895,0.0454254150390625,9.800445556640625,0.25309303402900696,-10.0,-9.880027770996094,14.67492389678955,2.0,2.0,17.789152145385742,0.30357420444488525,0.28977540135383606,0.30357420444488525,0.29744139313697815,0.0,0.30469265580177307,0.30469265580177307,0.30469265580177307,0.30469265580177307,0.0,-0.959823727607727,0.6948122978210449,-10.72630786895752,0.0,0.0,0.0,0.0,0.0,0.0,0.0,0.0,0.0,0.0,0.0,0.0,0.0,0.0,0.0,0.30469274520874023,0.30469274520874023,0.304692804813385,0.30469274520874023,0.33220455050468445,0.04114978387951851,0.04114978387951851,0.39053526520729065,0.4118903577327728,1.074061632156372,1.191715955734253,0.0,0.0,0.0,0.0,0.0,0.0,0.0
78898050597,0,-0.02080148085951805,-0.14620105922222137,-0.12788167595863342,-0.02080148085951805,-0.14620105922222137,-0.8278816938400269,-0.017328975722193718,0.00655400799587369,0.007293109316378832,0.0,0.0,0.0,-0.012481643818318844,-0.019522257149219513,-0.010293465107679367,0.0,0.0,-0.010293466039001942,0.064394012093544,0.05026323348283768,0.02934996411204338,0.09827778488397598,0.15551410615444183,5.098217661725357e-05,0.0,0.0,0.0,-0.23287656903266907,10.088459968566895,0.0454254150390625,9.800445556640625,0.25309303402900696,-10.0,-9.880027770996094,14.67492389678955,2.0,2.0,17.789152145385742,0.30357420444488525,0.28977540135383606,0.30357420444488525,0.29744139313697815,0.0,0.30469265580177307,0.30469265580177307,0.30469265580177307,0.30469265580177307,0.0,-0.959823727607727,0.6948122978210449,-10.72630786895752,0.0,0.0,0.0,0.0,0.0,0.0,0.0,0.0,0.0,0.0,0.0,0.0,0.0,0.0,0.0,0.30469274520874023,0.30469274520874023,0.304692804813385,0.30469274520874023,0.33220455050468445,0.04114978387951851,0.04114978387951851,0.39053526520729065,0.4118903577327728,1.074061632156372,1.191715955734253,0.0,0.0,0.0,0.0,0.0,0.0,0.0
78907853918,0,-0.02080148085951805,-0.14620105922222137,-0.12788167595863342,-0.02080148085951805,-0.14620105922222137,-0.8278816938400269,-0.017328975722193718,0.00655400799587369,0.007293109316378832,0.0,0.0,0.0,-0.012481643818318844,-0.019522257149219513,-0.010293465107679367,0.0,0.0,-0.010293466039001942,0.064394012093544,0.05026323348283768,0.02934996411204338,0.09827778488397598,0.15551410615444183,5.098217661725357e-05,0.0,0.0,0.0,-0.23287656903266907,10.088459968566895,0.0454254150390625,9.800445556640625,0.25309303402900696,-10.0,-9.880027770996094,14.67492389678955,2.0,2.0,17.789152145385742,0.30357420444488525,0.28977540135383606,0.30357420444488525,0.29744139313697815,0.0,0.30469265580177307,0.30469265580177307,0.30469265580177307,0.30469265580177307,0.0,-0.959823727607727,0.6948122978210449,-10.72630786895752,0.0,0.0,0.0,0.0,0.0,0.0,0.0,0.0,0.0,0.0,0.0,0.0,0.0,0.0,0.0,0.30469274520874023,0.30469274520874023,0.304692804813385,0.30469274520874023,0.33220455050468445,0.04114978387951851,0.04114978387951851,0.39053526520729065,0.4118903577327728,1.074061632156372,1.191715955734253,0.0,0.0,0.0,0.0,0.0,0.0,0.0
78918118608,0,-0.02080148085951805,-0.14620105922222137,-0.12788167595863342,-0.02080148085951805,-0.14620105922222137,-0.8278816938400269,-0.017328975722193718,0.00655400799587369,0.007293109316378832,0.0,0.0,0.0,-0.012481643818318844,-0.019522257149219513,-0.010293465107679367,0.0,0.0,-0.010293466039001942,0.064394012093544,0.05026323348283768,0.02934996411204338,0.09827778488397598,0.15551410615444183,5.098217661725357e-05,0.0,0.0,0.0,-0.23287656903266907,10.088459968566895,0.0454254150390625,9.800445556640625,0.25309303402900696,-10.0,-9.880027770996094,14.67492389678955,2.0,2.0,17.789152145385742,0.30357420444488525,0.28977540135383606,0.30357420444488525,0.29590821266174316,0.0,0.30469265580177307,0.30469265580177307,0.30469265580177307,0.30469265580177307,0.0,-0.959823727607727,0.6948122978210449,-10.72630786895752,0.0,0.0,0.0,0.0,0.0,0.0,0.0,0.0,0.0,0.0,0.0,0.0,0.0,0.0,0.0,0.30469274520874023,0.30469274520874023,0.304692804813385,0.30469274520874023,0.33220455050468445,0.04114978387951851,0.04114978387951851,0.39053526520729065,0.4118903577327728,1.074061632156372,1.191715955734253,0.0,0.0,0.0,0.0,0.0,0.0,0.0
78928354337,0,-0.02080148085951805,-0.14620105922222137,-0.12788167595863342,-0.02080148085951805,-0.14620105922222137,-0.8278816938400269,-0.017328975722193718,0.00655400799587369,0.007293109316378832,0.0,0.0,0.0,-0.012481643818318844,-0.019522257149219513,-0.010293465107679367,0.0,0.0,-0.010293466039001942,0.064394012093544,0.05026323348283768,0.02934996411204338,0.09827778488397598,0.15551410615444183,5.098217661725357e-05,0.0,0.0,0.0,-0.23287656903266907,10.088459968566895,0.0454254150390625,9.800445556640625,0.25309303402900696,-10.0,-9.880027770996094,14.67492389678955,2.0,2.0,17.789152145385742,0.30357420444488525,0.28977540135383606,0.30357420444488525,0.29590821266174316,0.0,0.30469265580177307,0.30469265580177307,0.30469265580177307,0.30469265580177307,0.0,-0.959823727607727,0.6948122978210449,-10.72630786895752,0.0,0.0,0.0,0.0,0.0,0.0,0.0,0.0,0.0,0.0,0.0,0.0,0.0,0.0,0.0,0.30469274520874023,0.30469274520874023,0.304692804813385,0.30469274520874023,0.33220455050468445,0.04114978387951851,0.04114978387951851,0.39053526520729065,0.4118903577327728,1.074061632156372,1.191715955734253,0.0,0.0,0.0,0.0,0.0,0.0,0.0
78941769260,0,-0.02080148085951805,-0.14620105922222137,-0.12788167595863342,-0.02080148085951805,-0.14620105922222137,-0.8278816938400269,-0.017328975722193718,0.00655400799587369,0.007293109316378832,0.0,0.0,0.0,-0.012481643818318844,-0.019522257149219513,-0.010293465107679367,0.0,0.0,-0.010293466039001942,0.064394012093544,0.05026323348283768,0.02934996411204338,0.09827778488397598,0.15551410615444183,5.098217661725357e-05,0.0,0.0,0.0,-0.23287656903266907,10.088459968566895,0.0454254150390625,9.800445556640625,0.25309303402900696,-10.0,-9.880027770996094,14.67492389678955,2.0,2.0,17.789152145385742,0.30357420444488525,0.28977540135383606,0.30357420444488525,0.29744139313697815,0.0,0.30469265580177307,0.30469265580177307,0.30469265580177307,0.30469265580177307,0.0,-0.959823727607727,0.6948122978210449,-10.72630786895752,0.0,0.0,0.0,0.0,0.0,0.0,0.0,0.0,0.0,0.0,0.0,0.0,0.0,0.0,0.0,0.30469274520874023,0.30469274520874023,0.304692804813385,0.30469274520874023,0.33220455050468445,0.04114978387951851,0.04114978387951851,0.39053526520729065,0.4118903577327728,1.074061632156372,1.191715955734253,0.0,0.0,0.0,0.0,0.0,0.0,0.0
78948669928,0,-0.02080148085951805,-0.14620105922222137,-0.12788167595863342,-0.02080148085951805,-0.14620105922222137,-0.8278816938400269,-0.017328975722193718,0.00655400799587369,0.007293109316378832,0.0,0.0,0.0,-0.012481643818318844,-0.019522257149219513,-0.010293465107679367,0.0,0.0,-0.010293466039001942,0.064394012093544,0.05026323348283768,0.02934996411204338,0.09827778488397598,0.15551410615444183,5.098217661725357e-05,0.0,0.0,0.0,-0.23287656903266907,10.088459968566895,0.0454254150390625,9.800445556640625,0.25309303402900696,-10.0,-9.880027770996094,14.67492389678955,2.0,2.0,17.789152145385742,0.30357420444488525,0.28977540135383606,0.30357420444488525,0.29744139313697815,0.0,0.30469265580177307,0.30469265580177307,0.30469265580177307,0.30469265580177307,0.0,-0.959823727607727,0.6948122978210449,-10.72630786895752,0.0,0.0,0.0,0.0,0.0,0.0,0.0,0.0,0.0,0.0,0.0,0.0,0.0,0.0,0.0,0.30469274520874023,0.30469274520874023,0.304692804813385,0.30469274520874023,0.33220455050468445,0.04114978387951851,0.04114978387951851,0.39053526520729065,0.4118903577327728,1.074061632156372,1.191715955734253,0.0,0.0,0.0,0.0,0.0,0.0,0.0
78959041009,0,-0.02080148085951805,-0.14620105922222137,-0.12788167595863342,-0.02080148085951805,-0.14620105922222137,-0.8278816938400269,-0.017328975722193718,0.00655400799587369,0.007293109316378832,0.0,0.0,0.0,-0.012481643818318844,-0.019522257149219513,-0.010293465107679367,0.0,0.0,-0.010293466039001942,0.064394012093544,0.05026323348283768,0.02934996411204338,0.09827778488397598,0.15551410615444183,5.098217661725357e-05,0.0,0.0,0.0,-0.23287656903266907,10.088459968566895,0.0454254150390625,9.800445556640625,0.25309303402900696,-10.0,-9.880027770996094,14.67492389678955,2.0,2.0,17.789152145385742,0.30357420444488525,0.28977540135383606,0.30357420444488525,0.29590821266174316,0.0,0.30469265580177307,0.30469265580177307,0.30469265580177307,0.30469265580177307,0.0,-0.959823727607727,0.6948122978210449,-10.72630786895752,0.0,0.0,0.0,0.0,0.0,0.0,0.0,0.0,0.0,0.0,0.0,0.0,0.0,0.0,0.0,0.30469274520874023,0.30469274520874023,0.304692804813385,0.30469274520874023,0.33220455050468445,0.04114978387951851,0.04114978387951851,0.39053526520729065,0.4118903577327728,1.074061632156372,1.191715955734253,0.0,0.0,0.0,0.0,0.0,0.0,0.0
78969201432,0,-0.02080148085951805,-0.14620105922222137,-0.12788167595863342,-0.02080148085951805,-0.14620105922222137,-0.8278816938400269,-0.017328975722193718,0.00655400799587369,0.007293109316378832,0.0,0.0,0.0,-0.012481643818318844,-0.019522257149219513,-0.010293465107679367,0.0,0.0,-0.010293466039001942,0.064394012093544,0.05026323348283768,0.02934996411204338,0.09827778488397598,0.15551410615444183,5.098217661725357e-05,0.0,0.0,0.0,-0.23287656903266907,10.088459968566895,0.0454254150390625,9.800445556640625,0.25309303402900696,-10.0,-9.880027770996094,14.67492389678955,2.0,2.0,17.789152145385742,0.30357420444488525,0.28977540135383606,0.30357420444488525,0.29590821266174316,0.0,0.30469265580177307,0.30469265580177307,0.30469265580177307,0.30469265580177307,0.0,-0.959823727607727,0.6948122978210449,-10.72630786895752,0.0,0.0,0.0,0.0,0.0,0.0,0.0,0.0,0.0,0.0,0.0,0.0,0.0,0.0,0.0,0.30469274520874023,0.30469274520874023,0.304692804813385,0.30469274520874023,0.33220455050468445,0.04114978387951851,0.04114978387951851,0.39053526520729065,0.4118903577327728,1.074061632156372,1.191715955734253,0.0,0.0,0.0,0.0,0.0,0.0,0.0
78977841157,0,-0.02080148085951805,-0.14620105922222137,-0.12788167595863342,-0.02080148085951805,-0.14620105922222137,-0.8278816938400269,-0.017328975722193718,0.00655400799587369,0.007293109316378832,0.0,0.0,0.0,-0.012481643818318844,-0.019522257149219513,-0.010293465107679367,0.0,0.0,-0.010293466039001942,0.064394012093544,0.05026323348283768,0.02934996411204338,0.09827778488397598,0.15551410615444183,5.098217661725357e-05,0.0,0.0,0.0,-0.23287656903266907,10.088459968566895,0.0454254150390625,9.800445556640625,0.25309303402900696,-10.0,-9.880027770996094,14.67492389678955,2.0,2.0,17.789152145385742,0.30357420444488525,0.28977540135383606,0.30357420444488525,0.29590821266174316,0.0,0.30469265580177307,0.30469265580177307,0.30469265580177307,0.30469265580177307,0.0,-0.959823727607727,0.6948122978210449,-10.72630786895752,0.0,0.0,0.0,0.0,0.0,0.0,0.0,0.0,0.0,0.0,0.0,0.0,0.0,0.0,0.0,0.30469274520874023,0.30469274520874023,0.304692804813385,0.30469274520874023,0.33220455050468445,0.04114978387951851,0.04114978387951851,0.39053526520729065,0.4118903577327728,1.074061632156372,1.191715955734253,0.0,0.0,0.0,0.0,0.0,0.0,0.0
78988759323,0,-0.02080148085951805,-0.14620105922222137,-0.12788167595863342,-0.02080148085951805,-0.14620105922222137,-0.8278816938400269,-0.017328975722193718,0.00655400799587369,0.007293109316378832,0.0,0.0,0.0,-0.012481643818318844,-0.019522257149219513,-0.010293465107679367,0.0,0.0,-0.010293466039001942,0.064394012093544,0.05026323348283768,0.02934996411204338,0.09827778488397598,0.15551410615444183,5.098217661725357e-05,0.0,0.0,0.0,-0.23287656903266907,10.088459968566895,0.0454254150390625,9.800445556640625,0.25309303402900696,-10.0,-9.880027770996094,14.67492389678955,2.0,2.0,17.789152145385742,0.30357420444488525,0.28977540135383606,0.30357420444488525,0.29590821266174316,0.0,0.30469265580177307,0.30469265580177307,0.30469265580177307,0.30469265580177307,0.0,-0.959823727607727,0.6948122978210449,-10.72630786895752,0.0,0.0,0.0,0.0,0.0,0.0,0.0,0.0,0.0,0.0,0.0,0.0,0.0,0.0,0.0,0.30469274520874023,0.30469274520874023,0.304692804813385,0.30469274520874023,0.33220455050468445,0.04114978387951851,0.04114978387951851,0.39053526520729065,0.4118903577327728,1.074061632156372,1.191715955734253,0.0,0.0,0.0,0.0,0.0,0.0,0.0
78998034649,0,-0.02080148085951805,-0.14620105922222137,-0.12788167595863342,-0.02080148085951805,-0.14620105922222137,-0.8278816938400269,-0.017328975722193718,0.00655400799587369,0.007293109316378832,0.0,0.0,0.0,-0.012481643818318844,-0.019522257149219513,-0.010293465107679367,0.0,0.0,-0.010293466039001942,0.064394012093544,0.05026323348283768,0.02934996411204338,0.09827778488397598,0.15551410615444183,5.098217661725357e-05,0.0,0.0,0.0,-0.23287656903266907,10.088459968566895,0.0454254150390625,9.800445556640625,0.25309303402900696,-10.0,-9.880027770996094,14.67492389678955,2.0,2.0,17.789152145385742,0.30357420444488525,0.28977540135383606,0.30357420444488525,0.29744139313697815,0.0,0.30469265580177307,0.30469265580177307,0.30469265580177307,0.30469265580177307,0.0,-0.959823727607727,0.6948122978210449,-10.72630786895752,0.0,0.0,0.0,0.0,0.0,0.0,0.0,0.0,0.0,0.0,0.0,0.0,0.0,0.0,0.0,0.30469274520874023,0.30469274520874023,0.304692804813385,0.30469274520874023,0.33220455050468445,0.04114978387951851,0.04114978387951851,0.39053526520729065,0.4118903577327728,1.074061632156372,1.191715955734253,0.0,0.0,0.0,0.0,0.0,0.0,0.0
79007846904,0,-0.02080148085951805,-0.14620105922222137,-0.12788167595863342,-0.02080148085951805,-0.14620105922222137,-0.8278816938400269,-0.017328975722193718,0.00655400799587369,0.007293109316378832,0.0,0.0,0.0,-0.012481643818318844,-0.019522257149219513,-0.010293465107679367,0.0,0.0,-0.010293466039001942,0.064394012093544,0.05026323348283768,0.02934996411204338,0.09827778488397598,0.15551410615444183,5.098217661725357e-05,0.0,0.0,0.0,-0.23287656903266907,10.088459968566895,0.0454254150390625,9.800445556640625,0.25309303402900696,-10.0,-9.880027770996094,14.67492389678955,2.0,2.0,17.789152145385742,0.30357420444488525,0.28977540135383606,0.30357420444488525,0.29744139313697815,0.0,0.30469265580177307,0.30469265580177307,0.30469265580177307,0.30469265580177307,0.0,-0.959823727607727,0.6948122978210449,-10.72630786895752,0.0,0.0,0.0,0.0,0.0,0.0,0.0,0.0,0.0,0.0,0.0,0.0,0.0,0.0,0.0,0.30469274520874023,0.30469274520874023,0.304692804813385,0.30469274520874023,0.33220455050468445,0.04114978387951851,0.04114978387951851,0.39053526520729065,0.4118903577327728,1.074061632156372,1.191715955734253,0.0,0.0,0.0,0.0,0.0,0.0,0.0
79017834980,0,-0.02080148085951805,-0.14620105922222137,-0.12788167595863342,-0.02080148085951805,-0.14620105922222137,-0.8278816938400269,-0.017328975722193718,0.00655400799587369,0.007293109316378832,0.0,0.0,0.0,-0.012481643818318844,-0.019522257149219513,-0.010293465107679367,0.0,0.0,-0.010293466039001942,0.064394012093544,0.05026323348283768,0.02934996411204338,0.09827778488397598,0.15551410615444183,5.098217661725357e-05,0.0,0.0,0.0,-0.23287656903266907,10.088459968566895,0.0454254150390625,9.800445556640625,0.25309303402900696,-10.0,-9.880027770996094,14.67492389678955,2.0,2.0,17.789152145385742,0.30357420444488525,0.28977540135383606,0.30357420444488525,0.29744139313697815,0.0,0.30469265580177307,0.30469265580177307,0.30469265580177307,0.30469265580177307,0.0,-0.959823727607727,0.6948122978210449,-10.72630786895752,0.0,0.0,0.0,0.0,0.0,0.0,0.0,0.0,0.0,0.0,0.0,0.0,0.0,0.0,0.0,0.30469274520874023,0.30469274520874023,0.304692804813385,0.30469274520874023,0.33220455050468445,0.04114978387951851,0.04114978387951851,0.39053526520729065,0.4118903577327728,1.074061632156372,1.191715955734253,0.0,0.0,0.0,0.0,0.0,0.0,0.0
79029510529,0,-0.02080148085951805,-0.14620105922222137,-0.12788167595863342,-0.02080148085951805,-0.14620105922222137,-0.8278816938400269,-0.017328975722193718,0.00655400799587369,0.007293109316378832,0.0,0.0,0.0,-0.012481643818318844,-0.019522257149219513,-0.010293465107679367,0.0,0.0,-0.010293466039001942,0.064394012093544,0.05026323348283768,0.02934996411204338,0.09827778488397598,0.15551410615444183,5.098217661725357e-05,0.0,0.0,0.0,-0.23287656903266907,10.088459968566895,0.0454254150390625,9.800445556640625,0.25309303402900696,-10.0,-9.880027770996094,14.67492389678955,2.0,2.0,17.789152145385742,0.30357420444488525,0.28977540135383606,0.30357420444488525,0.29590821266174316,0.0,0.30469265580177307,0.30469265580177307,0.30469265580177307,0.30469265580177307,0.0,-0.959823727607727,0.6948122978210449,-10.72630786895752,0.0,0.0,0.0,0.0,0.0,0.0,0.0,0.0,0.0,0.0,0.0,0.0,0.0,0.0,0.0,0.30469274520874023,0.30469274520874023,0.304692804813385,0.30469274520874023,0.33220455050468445,0.04114978387951851,0.04114978387951851,0.39053526520729065,0.4118903577327728,1.074061632156372,1.191715955734253,0.0,0.0,0.0,0.0,0.0,0.0,0.0
79037909019,0,-0.02080148085951805,-0.14620105922222137,-0.12788167595863342,-0.02080148085951805,-0.14620105922222137,-0.8278816938400269,-0.017328975722193718,0.00655400799587369,0.007293109316378832,0.0,0.0,0.0,-0.012481643818318844,-0.019522257149219513,-0.010293465107679367,0.0,0.0,-0.010293466039001942,0.064394012093544,0.05026323348283768,0.02934996411204338,0.09827778488397598,0.15551410615444183,5.098217661725357e-05,0.0,0.0,0.0,-0.23287656903266907,10.088459968566895,0.0454254150390625,9.800445556640625,0.25309303402900696,-10.0,-9.880027770996094,14.67492389678955,2.0,2.0,17.789152145385742,0.30357420444488525,0.28977540135383606,0.30357420444488525,0.29590821266174316,0.0,0.30469265580177307,0.30469265580177307,0.30469265580177307,0.30469265580177307,0.0,-0.959823727607727,0.6948122978210449,-10.72630786895752,0.0,0.0,0.0,0.0,0.0,0.0,0.0,0.0,0.0,0.0,0.0,0.0,0.0,0.0,0.0,0.30469274520874023,0.30469274520874023,0.304692804813385,0.30469274520874023,0.33220455050468445,0.04114978387951851,0.04114978387951851,0.39053526520729065,0.4118903577327728,1.074061632156372,1.191715955734253,0.0,0.0,0.0,0.0,0.0,0.0,0.0
79048148941,0,-0.02080148085951805,-0.14620105922222137,-0.12788167595863342,-0.02080148085951805,-0.14620105922222137,-0.8278816938400269,-0.017328975722193718,0.00655400799587369,0.007293109316378832,0.0,0.0,0.0,-0.012481643818318844,-0.019522257149219513,-0.010293465107679367,0.0,0.0,-0.010293466039001942,0.064394012093544,0.05026323348283768,0.02934996411204338,0.09827778488397598,0.15551410615444183,5.098217661725357e-05,0.0,0.0,0.0,-0.23287656903266907,10.088459968566895,0.0454254150390625,9.800445556640625,0.25309303402900696,-10.0,-9.880027770996094,14.67492389678955,2.0,2.0,17.789152145385742,0.30357420444488525,0.28977540135383606,0.30357420444488525,0.29590821266174316,0.0,0.30469265580177307,0.30469265580177307,0.30469265580177307,0.30469265580177307,0.0,-0.959823727607727,0.6948122978210449,-10.72630786895752,0.0,0.0,0.0,0.0,0.0,0.0,0.0,0.0,0.0,0.0,0.0,0.0,0.0,0.0,0.0,0.30469274520874023,0.30469274520874023,0.304692804813385,0.30469274520874023,0.33220455050468445,0.04114978387951851,0.04114978387951851,0.39053526520729065,0.4118903577327728,1.074061632156372,1.191715955734253,0.0,0.0,0.0,0.0,0.0,0.0,0.0
79058143848,0,-0.02080148085951805,-0.14620105922222137,-0.12788167595863342,-0.02080148085951805,-0.14620105922222137,-0.8278816938400269,-0.017328975722193718,0.00655400799587369,0.007293109316378832,0.0,0.0,0.0,-0.012481643818318844,-0.019522257149219513,-0.010293465107679367,0.0,0.0,-0.010293466039001942,0.064394012093544,0.05026323348283768,0.02934996411204338,0.09827778488397598,0.15551410615444183,5.098217661725357e-05,0.0,0.0,0.0,-0.23287656903266907,10.088459968566895,0.0454254150390625,9.800445556640625,0.25309303402900696,-10.0,-9.880027770996094,14.67492389678955,2.0,2.0,17.789152145385742,0.30357420444488525,0.28977540135383606,0.30357420444488525,0.29744139313697815,0.0,0.30469265580177307,0.30469265580177307,0.30469265580177307,0.30469265580177307,0.0,-0.959823727607727,0.6948122978210449,-10.72630786895752,0.0,0.0,0.0,0.0,0.0,0.0,0.0,0.0,0.0,0.0,0.0,0.0,0.0,0.0,0.0,0.30469274520874023,0.30469274520874023,0.304692804813385,0.30469274520874023,0.33220455050468445,0.04114978387951851,0.04114978387951851,0.39053526520729065,0.4118903577327728,1.074061632156372,1.191715955734253,0.0,0.0,0.0,0.0,0.0,0.0,0.0
79067731260,0,-0.02080148085951805,-0.14620105922222137,-0.12788167595863342,-0.02080148085951805,-0.14620105922222137,-0.8278816938400269,-0.017328975722193718,0.00655400799587369,0.007293109316378832,0.0,0.0,0.0,-0.012481643818318844,-0.019522257149219513,-0.010293465107679367,0.0,0.0,-0.010293466039001942,0.064394012093544,0.05026323348283768,0.02934996411204338,0.09827778488397598,0.15551410615444183,5.098217661725357e-05,0.0,0.0,0.0,-0.23287656903266907,10.088459968566895,0.0454254150390625,9.800445556640625,0.25309303402900696,-10.0,-9.880027770996094,14.67492389678955,2.0,2.0,17.789152145385742,0.30357420444488525,0.28977540135383606,0.30357420444488525,0.29744139313697815,0.0,0.30469265580177307,0.30469265580177307,0.30469265580177307,0.30469265580177307,0.0,-0.959823727607727,0.6948122978210449,-10.72630786895752,0.0,0.0,0.0,0.0,0.0,0.0,0.0,0.0,0.0,0.0,0.0,0.0,0.0,0.0,0.0,0.30469274520874023,0.30469274520874023,0.304692804813385,0.30469274520874023,0.33220455050468445,0.04114978387951851,0.04114978387951851,0.39053526520729065,0.4118903577327728,1.074061632156372,1.191715955734253,0.0,0.0,0.0,0.0,0.0,0.0,0.0
79078031105,0,-0.02080148085951805,-0.14620105922222137,-0.12788167595863342,-0.02080148085951805,-0.14620105922222137,-0.8278816938400269,-0.017328975722193718,0.00655400799587369,0.007293109316378832,0.0,0.0,0.0,-0.012481643818318844,-0.019522257149219513,-0.010293465107679367,0.0,0.0,-0.010293466039001942,0.064394012093544,0.05026323348283768,0.02934996411204338,0.09827778488397598,0.15551410615444183,5.098217661725357e-05,0.0,0.0,0.0,-0.23287656903266907,10.088459968566895,0.0454254150390625,9.800445556640625,0.25309303402900696,-10.0,-9.880027770996094,14.67492389678955,2.0,2.0,17.789152145385742,0.30357420444488525,0.28977540135383606,0.30357420444488525,0.29744139313697815,0.0,0.30469265580177307,0.30469265580177307,0.30469265580177307,0.30469265580177307,0.0,-0.959823727607727,0.6948122978210449,-10.72630786895752,0.0,0.0,0.0,0.0,0.0,0.0,0.0,0.0,0.0,0.0,0.0,0.0,0.0,0.0,0.0,0.30469274520874023,0.30469274520874023,0.304692804813385,0.30469274520874023,0.33220455050468445,0.04114978387951851,0.04114978387951851,0.39053526520729065,0.4118903577327728,1.074061632156372,1.191715955734253,0.0,0.0,0.0,0.0,0.0,0.0,0.0
79088211325,0,-0.02080148085951805,-0.14620105922222137,-0.12788167595863342,-0.02080148085951805,-0.14620105922222137,-0.8278816938400269,-0.017328975722193718,0.00655400799587369,0.007293109316378832,0.0,0.0,0.0,-0.012481643818318844,-0.019522257149219513,-0.010293465107679367,0.0,0.0,-0.010293466039001942,0.064394012093544,0.05026323348283768,0.02934996411204338,0.09827778488397598,0.15551410615444183,5.098217661725357e-05,0.0,0.0,0.0,-0.23287656903266907,10.088459968566895,0.0454254150390625,9.800445556640625,0.25309303402900696,-10.0,-9.880027770996094,14.67492389678955,2.0,2.0,17.789152145385742,0.30357420444488525,0.28977540135383606,0.30357420444488525,0.29744139313697815,0.0,0.30469265580177307,0.30469265580177307,0.30469265580177307,0.30469265580177307,0.0,-0.959823727607727,0.6948122978210449,-10.72630786895752,0.0,0.0,0.0,0.0,0.0,0.0,0.0,0.0,0.0,0.0,0.0,0.0,0.0,0.0,0.0,0.30469274520874023,0.30469274520874023,0.304692804813385,0.30469274520874023,0.33220455050468445,0.04114978387951851,0.04114978387951851,0.39053526520729065,0.4118903577327728,1.074061632156372,1.191715955734253,0.0,0.0,0.0,0.0,0.0,0.0,0.0
79098219634,0,-0.02080148085951805,-0.14620105922222137,-0.12788167595863342,-0.02080148085951805,-0.14620105922222137,-0.8278816938400269,-0.017328975722193718,0.00655400799587369,0.007293109316378832,0.0,0.0,0.0,-0.012481643818318844,-0.019522257149219513,-0.010293465107679367,0.0,0.0,-0.010293466039001942,0.064394012093544,0.05026323348283768,0.02934996411204338,0.09827778488397598,0.15551410615444183,5.098217661725357e-05,0.0,0.0,0.0,-0.23287656903266907,10.088459968566895,0.0454254150390625,9.800445556640625,0.25309303402900696,-10.0,-9.880027770996094,14.67492389678955,2.0,2.0,17.789152145385742,0.30357420444488525,0.28977540135383606,0.30357420444488525,0.29744139313697815,0.0,0.30469265580177307,0.30469265580177307,0.30469265580177307,0.30469265580177307,0.0,-0.959823727607727,0.6948122978210449,-10.72630786895752,0.0,0.0,0.0,0.0,0.0,0.0,0.0,0.0,0.0,0.0,0.0,0.0,0.0,0.0,0.0,0.30469274520874023,0.30469274520874023,0.304692804813385,0.30469274520874023,0.33220455050468445,0.04114978387951851,0.04114978387951851,0.39053526520729065,0.4118903577327728,1.074061632156372,1.191715955734253,0.0,0.0,0.0,0.0,0.0,0.0,0.0
79107750782,0,-0.02080148085951805,-0.14620105922222137,-0.12788167595863342,-0.02080148085951805,-0.14620105922222137,-0.8278816938400269,-0.017328975722193718,0.00655400799587369,0.007293109316378832,0.0,0.0,0.0,-0.012481643818318844,-0.019522257149219513,-0.010293465107679367,0.0,0.0,-0.010293466039001942,0.064394012093544,0.05026323348283768,0.02934996411204338,0.09827778488397598,0.15551410615444183,5.098217661725357e-05,0.0,0.0,0.0,-0.23287656903266907,10.088459968566895,0.0454254150390625,9.800445556640625,0.25309303402900696,-10.0,-9.880027770996094,14.67492389678955,2.0,2.0,17.789152145385742,0.30357420444488525,0.28977540135383606,0.30357420444488525,0.29744139313697815,0.0,0.30469265580177307,0.30469265580177307,0.30469265580177307,0.30469265580177307,0.0,-0.959823727607727,0.6948122978210449,-10.72630786895752,0.0,0.0,0.0,0.0,0.0,0.0,0.0,0.0,0.0,0.0,0.0,0.0,0.0,0.0,0.0,0.30469274520874023,0.30469274520874023,0.304692804813385,0.30469274520874023,0.33220455050468445,0.04114978387951851,0.04114978387951851,0.39053526520729065,0.4118903577327728,1.074061632156372,1.191715955734253,0.0,0.0,0.0,0.0,0.0,0.0,0.0
79117697933,0,-0.02080148085951805,-0.14620105922222137,-0.12788167595863342,-0.02080148085951805,-0.14620105922222137,-0.8278816938400269,-0.017328975722193718,0.00655400799587369,0.007293109316378832,0.0,0.0,0.0,-0.012481643818318844,-0.019522257149219513,-0.010293465107679367,0.0,0.0,-0.010293466039001942,0.064394012093544,0.05026323348283768,0.02934996411204338,0.09827778488397598,0.15551410615444183,5.098217661725357e-05,0.0,0.0,0.0,-0.23287656903266907,10.088459968566895,0.0454254150390625,9.800445556640625,0.25309303402900696,-10.0,-9.880027770996094,14.67492389678955,2.0,2.0,17.789152145385742,0.30357420444488525,0.28977540135383606,0.30357420444488525,0.29744139313697815,0.0,0.30469265580177307,0.30469265580177307,0.30469265580177307,0.30469265580177307,0.0,-0.959823727607727,0.6948122978210449,-10.72630786895752,0.0,0.0,0.0,0.0,0.0,0.0,0.0,0.0,0.0,0.0,0.0,0.0,0.0,0.0,0.0,0.30469274520874023,0.30469274520874023,0.304692804813385,0.30469274520874023,0.33220455050468445,0.04114978387951851,0.04114978387951851,0.39053526520729065,0.4118903577327728,1.074061632156372,1.191715955734253,0.0,0.0,0.0,0.0,0.0,0.0,0.0
79128033330,0,-0.02080148085951805,-0.14620105922222137,-0.12788167595863342,-0.02080148085951805,-0.14620105922222137,-0.8278816938400269,-0.017328975722193718,0.00655400799587369,0.007293109316378832,0.0,0.0,0.0,-0.012481643818318844,-0.019522257149219513,-0.010293465107679367,0.0,0.0,-0.010293466039001942,0.064394012093544,0.05026323348283768,0.02934996411204338,0.09827778488397598,0.15551410615444183,5.098217661725357e-05,0.0,0.0,0.0,-0.23287656903266907,10.088459968566895,0.0454254150390625,9.800445556640625,0.25309303402900696,-10.0,-9.880027770996094,14.67492389678955,2.0,2.0,17.789152145385742,0.30357420444488525,0.28977540135383606,0.30357420444488525,0.29744139313697815,0.0,0.30469265580177307,0.30469265580177307,0.30469265580177307,0.30469265580177307,0.0,-0.959823727607727,0.6948122978210449,-10.72630786895752,0.0,0.0,0.0,0.0,0.0,0.0,0.0,0.0,0.0,0.0,0.0,0.0,0.0,0.0,0.0,0.30469274520874023,0.30469274520874023,0.304692804813385,0.30469274520874023,0.33220455050468445,0.04114978387951851,0.04114978387951851,0.39053526520729065,0.4118903577327728,1.074061632156372,1.191715955734253,0.0,0.0,0.0,0.0,0.0,0.0,0.0
79138647266,0,-0.02080148085951805,-0.14620105922222137,-0.12788167595863342,-0.02080148085951805,-0.14620105922222137,-0.8278816938400269,-0.017328975722193718,0.00655400799587369,0.007293109316378832,0.0,0.0,0.0,-0.012481643818318844,-0.019522257149219513,-0.010293465107679367,0.0,0.0,-0.010293466039001942,0.064394012093544,0.05026323348283768,0.02934996411204338,0.09827778488397598,0.15551410615444183,5.098217661725357e-05,0.0,0.0,0.0,-0.23287656903266907,10.088459968566895,0.0454254150390625,9.800445556640625,0.25309303402900696,-10.0,-9.880027770996094,14.67492389678955,2.0,2.0,17.789152145385742,0.30357420444488525,0.28977540135383606,0.30357420444488525,0.29744139313697815,0.0,0.30469265580177307,0.30469265580177307,0.30469265580177307,0.30469265580177307,0.0,-0.959823727607727,0.6948122978210449,-10.72630786895752,0.0,0.0,0.0,0.0,0.0,0.0,0.0,0.0,0.0,0.0,0.0,0.0,0.0,0.0,0.0,0.30469274520874023,0.30469274520874023,0.304692804813385,0.30469274520874023,0.33220455050468445,0.04114978387951851,0.04114978387951851,0.39053526520729065,0.4118903577327728,1.074061632156372,1.191715955734253,0.0,0.0,0.0,0.0,0.0,0.0,0.0
79149383114,0,-0.02080148085951805,-0.14620105922222137,-0.12788167595863342,-0.02080148085951805,-0.14620105922222137,-0.8278816938400269,-0.017328975722193718,0.00655400799587369,0.007293109316378832,0.0,0.0,0.0,-0.012481643818318844,-0.019522257149219513,-0.010293465107679367,0.0,0.0,-0.010293466039001942,0.064394012093544,0.05026323348283768,0.02934996411204338,0.09827778488397598,0.15551410615444183,5.098217661725357e-05,0.0,0.0,0.0,-0.23287656903266907,10.088459968566895,0.0454254150390625,9.800445556640625,0.25309303402900696,-10.0,-9.880027770996094,14.67492389678955,2.0,2.0,17.789152145385742,0.30357420444488525,0.28977540135383606,0.30357420444488525,0.29744139313697815,0.0,0.30469265580177307,0.30469265580177307,0.30469265580177307,0.30469265580177307,0.0,-0.959823727607727,0.6948122978210449,-10.72630786895752,0.0,0.0,0.0,0.0,0.0,0.0,0.0,0.0,0.0,0.0,0.0,0.0,0.0,0.0,0.0,0.30469274520874023,0.30469274520874023,0.304692804813385,0.30469274520874023,0.33220455050468445,0.04114978387951851,0.04114978387951851,0.39053526520729065,0.4118903577327728,1.074061632156372,1.191715955734253,0.0,0.0,0.0,0.0,0.0,0.0,0.0
79158027201,0,-0.02080148085951805,-0.14620105922222137,-0.12788167595863342,-0.02080148085951805,-0.14620105922222137,-0.8278816938400269,-0.017328975722193718,0.00655400799587369,0.007293109316378832,0.0,0.0,0.0,-0.012481643818318844,-0.019522257149219513,-0.010293465107679367,0.0,0.0,-0.010293466039001942,0.064394012093544,0.05026323348283768,0.02934996411204338,0.09827778488397598,0.15551410615444183,5.098217661725357e-05,0.0,0.0,0.0,-0.23287656903266907,10.088459968566895,0.0454254150390625,9.800445556640625,0.25309303402900696,-10.0,-9.880027770996094,14.67492389678955,2.0,2.0,17.789152145385742,0.30357420444488525,0.28977540135383606,0.30357420444488525,0.29590821266174316,0.0,0.30469265580177307,0.30469265580177307,0.30469265580177307,0.30469265580177307,0.0,-0.959823727607727,0.6948122978210449,-10.72630786895752,0.0,0.0,0.0,0.0,0.0,0.0,0.0,0.0,0.0,0.0,0.0,0.0,0.0,0.0,0.0,0.30469274520874023,0.30469274520874023,0.304692804813385,0.30469274520874023,0.33220455050468445,0.04114978387951851,0.04114978387951851,0.39053526520729065,0.4118903577327728,1.074061632156372,1.191715955734253,0.0,0.0,0.0,0.0,0.0,0.0,0.0
79170578094,0,-0.02080148085951805,-0.14620105922222137,-0.12788167595863342,-0.02080148085951805,-0.14620105922222137,-0.8278816938400269,-0.017328975722193718,0.00655400799587369,0.007293109316378832,0.0,0.0,0.0,-0.012481643818318844,-0.019522257149219513,-0.010293465107679367,0.0,0.0,-0.010293466039001942,0.064394012093544,0.05026323348283768,0.02934996411204338,0.09827778488397598,0.15551410615444183,5.098217661725357e-05,0.0,0.0,0.0,-0.23287656903266907,10.088459968566895,0.0454254150390625,9.800445556640625,0.25309303402900696,-10.0,-9.880027770996094,14.67492389678955,2.0,2.0,17.789152145385742,0.30357420444488525,0.28977540135383606,0.30357420444488525,0.29590821266174316,0.0,0.30469265580177307,0.30469265580177307,0.30469265580177307,0.30469265580177307,0.0,-0.959823727607727,0.6948122978210449,-10.72630786895752,0.0,0.0,0.0,0.0,0.0,0.0,0.0,0.0,0.0,0.0,0.0,0.0,0.0,0.0,0.0,0.30469274520874023,0.30469274520874023,0.304692804813385,0.30469274520874023,0.33220455050468445,0.04114978387951851,0.04114978387951851,0.39053526520729065,0.4118903577327728,1.074061632156372,1.191715955734253,0.0,0.0,0.0,0.0,0.0,0.0,0.0
79177928922,0,-0.02080148085951805,-0.14620105922222137,-0.12788167595863342,-0.02080148085951805,-0.14620105922222137,-0.8278816938400269,-0.017328975722193718,0.00655400799587369,0.007293109316378832,0.0,0.0,0.0,-0.012481643818318844,-0.019522257149219513,-0.010293465107679367,0.0,0.0,-0.010293466039001942,0.064394012093544,0.05026323348283768,0.02934996411204338,0.09827778488397598,0.15551410615444183,5.098217661725357e-05,0.0,0.0,0.0,-0.23287656903266907,10.088459968566895,0.0454254150390625,9.800445556640625,0.25309303402900696,-10.0,-9.880027770996094,14.67492389678955,2.0,2.0,17.789152145385742,0.30357420444488525,0.28977540135383606,0.30357420444488525,0.29744139313697815,0.0,0.30469265580177307,0.30469265580177307,0.30469265580177307,0.30469265580177307,0.0,-0.959823727607727,0.6948122978210449,-10.72630786895752,0.0,0.0,0.0,0.0,0.0,0.0,0.0,0.0,0.0,0.0,0.0,0.0,0.0,0.0,0.0,0.30469274520874023,0.30469274520874023,0.304692804813385,0.30469274520874023,0.33220455050468445,0.04114978387951851,0.04114978387951851,0.39053526520729065,0.4118903577327728,1.074061632156372,1.191715955734253,0.0,0.0,0.0,0.0,0.0,0.0,0.0
79188252648,0,-0.02080148085951805,-0.14620105922222137,-0.12788167595863342,-0.02080148085951805,-0.14620105922222137,-0.8278816938400269,-0.017328975722193718,0.00655400799587369,0.007293109316378832,0.0,0.0,0.0,-0.012481643818318844,-0.019522257149219513,-0.010293465107679367,0.0,0.0,-0.010293466039001942,0.064394012093544,0.05026323348283768,0.02934996411204338,0.09827778488397598,0.15551410615444183,5.098217661725357e-05,0.0,0.0,0.0,-0.23287656903266907,10.088459968566895,0.0454254150390625,9.800445556640625,0.25309303402900696,-10.0,-9.880027770996094,14.67492389678955,2.0,2.0,17.789152145385742,0.30357420444488525,0.28977540135383606,0.30357420444488525,0.29744139313697815,0.0,0.30469265580177307,0.30469265580177307,0.30469265580177307,0.30469265580177307,0.0,-0.959823727607727,0.6948122978210449,-10.72630786895752,0.0,0.0,0.0,0.0,0.0,0.0,0.0,0.0,0.0,0.0,0.0,0.0,0.0,0.0,0.0,0.30469274520874023,0.30469274520874023,0.304692804813385,0.30469274520874023,0.33220455050468445,0.04114978387951851,0.04114978387951851,0.39053526520729065,0.4118903577327728,1.074061632156372,1.191715955734253,0.0,0.0,0.0,0.0,0.0,0.0,0.0
79197958233,0,-0.02080148085951805,-0.14620105922222137,-0.12788167595863342,-0.02080148085951805,-0.14620105922222137,-0.8278816938400269,-0.017328975722193718,0.00655400799587369,0.007293109316378832,0.0,0.0,0.0,-0.012481643818318844,-0.019522257149219513,-0.010293465107679367,0.0,0.0,-0.010293466039001942,0.064394012093544,0.05026323348283768,0.02934996411204338,0.09827778488397598,0.15551410615444183,5.098217661725357e-05,0.0,0.0,0.0,-0.23287656903266907,10.088459968566895,0.0454254150390625,9.800445556640625,0.25309303402900696,-10.0,-9.880027770996094,14.67492389678955,2.0,2.0,17.789152145385742,0.30357420444488525,0.28977540135383606,0.30357420444488525,0.29590821266174316,0.0,0.30469265580177307,0.30469265580177307,0.30469265580177307,0.30469265580177307,0.0,-0.959823727607727,0.6948122978210449,-10.72630786895752,0.0,0.0,0.0,0.0,0.0,0.0,0.0,0.0,0.0,0.0,0.0,0.0,0.0,0.0,0.0,0.30469274520874023,0.30469274520874023,0.304692804813385,0.30469274520874023,0.33220455050468445,0.04114978387951851,0.04114978387951851,0.39053526520729065,0.4118903577327728,1.074061632156372,1.191715955734253,0.0,0.0,0.0,0.0,0.0,0.0,0.0
79207955670,0,-0.02080148085951805,-0.14620105922222137,-0.12788167595863342,-0.02080148085951805,-0.14620105922222137,-0.8278816938400269,-0.017328975722193718,0.00655400799587369,0.007293109316378832,0.0,0.0,0.0,-0.012481643818318844,-0.019522257149219513,-0.010293465107679367,0.0,0.0,-0.010293466039001942,0.064394012093544,0.05026323348283768,0.02934996411204338,0.09827778488397598,0.15551410615444183,5.098217661725357e-05,0.0,0.0,0.0,-0.23287656903266907,10.088459968566895,0.0454254150390625,9.800445556640625,0.25309303402900696,-10.0,-9.880027770996094,14.67492389678955,2.0,2.0,17.789152145385742,0.30357420444488525,0.28977540135383606,0.30357420444488525,0.29590821266174316,0.0,0.30469265580177307,0.30469265580177307,0.30469265580177307,0.30469265580177307,0.0,-0.959823727607727,0.6948122978210449,-10.72630786895752,0.0,0.0,0.0,0.0,0.0,0.0,0.0,0.0,0.0,0.0,0.0,0.0,0.0,0.0,0.0,0.30469274520874023,0.30469274520874023,0.304692804813385,0.30469274520874023,0.33220455050468445,0.04114978387951851,0.04114978387951851,0.39053526520729065,0.4118903577327728,1.074061632156372,1.191715955734253,0.0,0.0,0.0,0.0,0.0,0.0,0.0
79217625739,0,-0.02080148085951805,-0.14620105922222137,-0.12788167595863342,-0.02080148085951805,-0.14620105922222137,-0.8278816938400269,-0.017328975722193718,0.00655400799587369,0.007293109316378832,0.0,0.0,0.0,-0.012481643818318844,-0.019522257149219513,-0.010293465107679367,0.0,0.0,-0.010293466039001942,0.064394012093544,0.05026323348283768,0.02934996411204338,0.09827778488397598,0.15551410615444183,5.098217661725357e-05,0.0,0.0,0.0,-0.23287656903266907,10.088459968566895,0.0454254150390625,9.800445556640625,0.25309303402900696,-10.0,-9.880027770996094,14.67492389678955,2.0,2.0,17.789152145385742,0.30357420444488525,0.28977540135383606,0.30357420444488525,0.29744139313697815,0.0,0.30469265580177307,0.30469265580177307,0.30469265580177307,0.30469265580177307,0.0,-0.959823727607727,0.6948122978210449,-10.72630786895752,0.0,0.0,0.0,0.0,0.0,0.0,0.0,0.0,0.0,0.0,0.0,0.0,0.0,0.0,0.0,0.30469274520874023,0.30469274520874023,0.304692804813385,0.30469274520874023,0.33220455050468445,0.04114978387951851,0.04114978387951851,0.39053526520729065,0.4118903577327728,1.074061632156372,1.191715955734253,0.0,0.0,0.0,0.0,0.0,0.0,0.0
79229618991,0,-0.02080148085951805,-0.14620105922222137,-0.12788167595863342,-0.02080148085951805,-0.14620105922222137,-0.8278816938400269,-0.017328975722193718,0.00655400799587369,0.007293109316378832,0.0,0.0,0.0,-0.012481643818318844,-0.019522257149219513,-0.010293465107679367,0.0,0.0,-0.010293466039001942,0.064394012093544,0.05026323348283768,0.02934996411204338,0.09827778488397598,0.15551410615444183,5.098217661725357e-05,0.0,0.0,0.0,-0.23287656903266907,10.088459968566895,0.0454254150390625,9.800445556640625,0.25309303402900696,-10.0,-9.880027770996094,14.67492389678955,2.0,2.0,17.789152145385742,0.30357420444488525,0.28977540135383606,0.30357420444488525,0.29590821266174316,0.0,0.30469265580177307,0.30469265580177307,0.30469265580177307,0.30469265580177307,0.0,-0.959823727607727,0.6948122978210449,-10.72630786895752,0.0,0.0,0.0,0.0,0.0,0.0,0.0,0.0,0.0,0.0,0.0,0.0,0.0,0.0,0.0,0.30469274520874023,0.30469274520874023,0.304692804813385,0.30469274520874023,0.33220455050468445,0.04114978387951851,0.04114978387951851,0.39053526520729065,0.4118903577327728,1.074061632156372,1.191715955734253,0.0,0.0,0.0,0.0,0.0,0.0,0.0
79238172862,0,-0.02080148085951805,-0.14620105922222137,-0.12788167595863342,-0.02080148085951805,-0.14620105922222137,-0.8278816938400269,-0.017328975722193718,0.00655400799587369,0.007293109316378832,0.0,0.0,0.0,-0.012481643818318844,-0.019522257149219513,-0.010293465107679367,0.0,0.0,-0.010293466039001942,0.064394012093544,0.05026323348283768,0.02934996411204338,0.09827778488397598,0.15551410615444183,5.098217661725357e-05,0.0,0.0,0.0,-0.23287656903266907,10.088459968566895,0.0454254150390625,9.800445556640625,0.25309303402900696,-10.0,-9.880027770996094,14.67492389678955,2.0,2.0,17.789152145385742,0.30357420444488525,0.28977540135383606,0.30357420444488525,0.29744139313697815,0.0,0.30469265580177307,0.30469265580177307,0.30469265580177307,0.30469265580177307,0.0,-0.959823727607727,0.6948122978210449,-10.72630786895752,0.0,0.0,0.0,0.0,0.0,0.0,0.0,0.0,0.0,0.0,0.0,0.0,0.0,0.0,0.0,0.30469274520874023,0.30469274520874023,0.304692804813385,0.30469274520874023,0.33220455050468445,0.04114978387951851,0.04114978387951851,0.39053526520729065,0.4118903577327728,1.074061632156372,1.191715955734253,0.0,0.0,0.0,0.0,0.0,0.0,0.0
79247667840,0,-0.02080148085951805,-0.14620105922222137,-0.12788167595863342,-0.02080148085951805,-0.14620105922222137,-0.8278816938400269,-0.017328975722193718,0.00655400799587369,0.007293109316378832,0.0,0.0,0.0,-0.012481643818318844,-0.019522257149219513,-0.010293465107679367,0.0,0.0,-0.010293466039001942,0.064394012093544,0.05026323348283768,0.02934996411204338,0.09827778488397598,0.15551410615444183,5.098217661725357e-05,0.0,0.0,0.0,-0.23287656903266907,10.088459968566895,0.0454254150390625,9.800445556640625,0.25309303402900696,-10.0,-9.880027770996094,14.67492389678955,2.0,2.0,17.789152145385742,0.30357420444488525,0.28977540135383606,0.30357420444488525,0.29744139313697815,0.0,0.30469265580177307,0.30469265580177307,0.30469265580177307,0.30469265580177307,0.0,-0.959823727607727,0.6948122978210449,-10.72630786895752,0.0,0.0,0.0,0.0,0.0,0.0,0.0,0.0,0.0,0.0,0.0,0.0,0.0,0.0,0.0,0.30469274520874023,0.30469274520874023,0.304692804813385,0.30469274520874023,0.33220455050468445,0.04114978387951851,0.04114978387951851,0.39053526520729065,0.4118903577327728,1.074061632156372,1.191715955734253,0.0,0.0,0.0,0.0,0.0,0.0,0.0
79260397556,0,-0.02080148085951805,-0.14620105922222137,-0.12788167595863342,-0.02080148085951805,-0.14620105922222137,-0.8278816938400269,-0.017328975722193718,0.00655400799587369,0.007293109316378832,0.0,0.0,0.0,-0.012481643818318844,-0.019522257149219513,-0.010293465107679367,0.0,0.0,-0.010293466039001942,0.064394012093544,0.05026323348283768,0.02934996411204338,0.09827778488397598,0.15551410615444183,5.098217661725357e-05,0.0,0.0,0.0,-0.23287656903266907,10.088459968566895,0.0454254150390625,9.800445556640625,0.25309303402900696,-10.0,-9.880027770996094,14.67492389678955,2.0,2.0,17.789152145385742,0.30357420444488525,0.28977540135383606,0.30357420444488525,0.29744139313697815,0.0,0.30469265580177307,0.30469265580177307,0.30469265580177307,0.30469265580177307,0.0,-0.959823727607727,0.6948122978210449,-10.72630786895752,0.0,0.0,0.0,0.0,0.0,0.0,0.0,0.0,0.0,0.0,0.0,0.0,0.0,0.0,0.0,0.30469274520874023,0.30469274520874023,0.304692804813385,0.30469274520874023,0.33220455050468445,0.04114978387951851,0.04114978387951851,0.39053526520729065,0.4118903577327728,1.074061632156372,1.191715955734253,0.0,0.0,0.0,0.0,0.0,0.0,0.0
79272674612,0,-0.02080148085951805,-0.14620105922222137,-0.12788167595863342,-0.02080148085951805,-0.14620105922222137,-0.8278816938400269,-0.017328975722193718,0.00655400799587369,0.007293109316378832,0.0,0.0,0.0,-0.012481643818318844,-0.019522257149219513,-0.010293465107679367,0.0,0.0,-0.010293466039001942,0.064394012093544,0.05026323348283768,0.02934996411204338,0.09827778488397598,0.15551410615444183,5.098217661725357e-05,0.0,0.0,0.0,-0.23287656903266907,10.088459968566895,0.0454254150390625,9.800445556640625,0.25309303402900696,-10.0,-9.880027770996094,14.67492389678955,2.0,2.0,17.789152145385742,0.30357420444488525,0.28977540135383606,0.30357420444488525,0.29744139313697815,0.0,0.30469265580177307,0.30469265580177307,0.30469265580177307,0.30469265580177307,0.0,-0.959823727607727,0.6948122978210449,-10.72630786895752,0.0,0.0,0.0,0.0,0.0,0.0,0.0,0.0,0.0,0.0,0.0,0.0,0.0,0.0,0.0,0.30469274520874023,0.30469274520874023,0.304692804813385,0.30469274520874023,0.33220455050468445,0.04114978387951851,0.04114978387951851,0.39053526520729065,0.4118903577327728,1.074061632156372,1.191715955734253,0.0,0.0,0.0,0.0,0.0,0.0,0.0
79278149190,0,-0.02080148085951805,-0.14620105922222137,-0.12788167595863342,-0.02080148085951805,-0.14620105922222137,-0.8278816938400269,-0.017328975722193718,0.00655400799587369,0.007293109316378832,0.0,0.0,0.0,-0.012481643818318844,-0.019522257149219513,-0.010293465107679367,0.0,0.0,-0.010293466039001942,0.064394012093544,0.05026323348283768,0.02934996411204338,0.09827778488397598,0.15551410615444183,5.098217661725357e-05,0.0,0.0,0.0,-0.23287656903266907,10.088459968566895,0.0454254150390625,9.800445556640625,0.25309303402900696,-10.0,-9.880027770996094,14.67492389678955,2.0,2.0,17.789152145385742,0.30357420444488525,0.28977540135383606,0.30357420444488525,0.29590821266174316,0.0,0.30469265580177307,0.30469265580177307,0.30469265580177307,0.30469265580177307,0.0,-0.959823727607727,0.6948122978210449,-10.72630786895752,0.0,0.0,0.0,0.0,0.0,0.0,0.0,0.0,0.0,0.0,0.0,0.0,0.0,0.0,0.0,0.30469274520874023,0.30469274520874023,0.304692804813385,0.30469274520874023,0.33220455050468445,0.04114978387951851,0.04114978387951851,0.39053526520729065,0.4118903577327728,1.074061632156372,1.191715955734253,0.0,0.0,0.0,0.0,0.0,0.0,0.0
79288531777,0,-0.02080148085951805,-0.14620105922222137,-0.12788167595863342,-0.02080148085951805,-0.14620105922222137,-0.8278816938400269,-0.017328975722193718,0.00655400799587369,0.007293109316378832,0.0,0.0,0.0,-0.012481643818318844,-0.019522257149219513,-0.010293465107679367,0.0,0.0,-0.010293466039001942,0.064394012093544,0.05026323348283768,0.02934996411204338,0.09827778488397598,0.15551410615444183,5.098217661725357e-05,0.0,0.0,0.0,-0.23287656903266907,10.088459968566895,0.0454254150390625,9.800445556640625,0.25309303402900696,-10.0,-9.880027770996094,14.67492389678955,2.0,2.0,17.789152145385742,0.30357420444488525,0.28977540135383606,0.30357420444488525,0.29744139313697815,0.0,0.30469265580177307,0.30469265580177307,0.30469265580177307,0.30469265580177307,0.0,-0.959823727607727,0.6948122978210449,-10.72630786895752,0.0,0.0,0.0,0.0,0.0,0.0,0.0,0.0,0.0,0.0,0.0,0.0,0.0,0.0,0.0,0.30469274520874023,0.30469274520874023,0.304692804813385,0.30469274520874023,0.33220455050468445,0.04114978387951851,0.04114978387951851,0.39053526520729065,0.4118903577327728,1.074061632156372,1.191715955734253,0.0,0.0,0.0,0.0,0.0,0.0,0.0
79298334790,0,-0.02080148085951805,-0.14620105922222137,-0.12788167595863342,-0.02080148085951805,-0.14620105922222137,-0.8278816938400269,-0.017328975722193718,0.00655400799587369,0.007293109316378832,0.0,0.0,0.0,-0.012481643818318844,-0.019522257149219513,-0.010293465107679367,0.0,0.0,-0.010293466039001942,0.064394012093544,0.05026323348283768,0.02934996411204338,0.09827778488397598,0.15551410615444183,5.098217661725357e-05,0.0,0.0,0.0,-0.23287656903266907,10.088459968566895,0.0454254150390625,9.800445556640625,0.25309303402900696,-10.0,-9.880027770996094,14.67492389678955,2.0,2.0,17.789152145385742,0.30357420444488525,0.28977540135383606,0.30357420444488525,0.29744139313697815,0.0,0.30469265580177307,0.30469265580177307,0.30469265580177307,0.30469265580177307,0.0,-0.959823727607727,0.6948122978210449,-10.72630786895752,0.0,0.0,0.0,0.0,0.0,0.0,0.0,0.0,0.0,0.0,0.0,0.0,0.0,0.0,0.0,0.30469274520874023,0.30469274520874023,0.304692804813385,0.30469274520874023,0.33220455050468445,0.04114978387951851,0.04114978387951851,0.39053526520729065,0.4118903577327728,1.074061632156372,1.191715955734253,0.0,0.0,0.0,0.0,0.0,0.0,0.0
79310852231,0,-0.02080148085951805,-0.14620105922222137,-0.12788167595863342,-0.02080148085951805,-0.14620105922222137,-0.8278816938400269,-0.017328975722193718,0.00655400799587369,0.007293109316378832,0.0,0.0,0.0,-0.012481643818318844,-0.019522257149219513,-0.010293465107679367,0.0,0.0,-0.010293466039001942,0.064394012093544,0.05026323348283768,0.02934996411204338,0.09827778488397598,0.15551410615444183,5.098217661725357e-05,0.0,0.0,0.0,-0.23287656903266907,10.088459968566895,0.0454254150390625,9.800445556640625,0.25309303402900696,-10.0,-9.880027770996094,14.67492389678955,2.0,2.0,17.789152145385742,0.30357420444488525,0.28977540135383606,0.30357420444488525,0.29590821266174316,0.0,0.30469265580177307,0.30469265580177307,0.30469265580177307,0.30469265580177307,0.0,-0.959823727607727,0.6948122978210449,-10.72630786895752,0.0,0.0,0.0,0.0,0.0,0.0,0.0,0.0,0.0,0.0,0.0,0.0,0.0,0.0,0.0,0.30469274520874023,0.30469274520874023,0.304692804813385,0.30469274520874023,0.33220455050468445,0.04114978387951851,0.04114978387951851,0.39053526520729065,0.4118903577327728,1.074061632156372,1.191715955734253,0.0,0.0,0.0,0.0,0.0,0.0,0.0
79318331629,0,-0.02080148085951805,-0.14620105922222137,-0.12788167595863342,-0.02080148085951805,-0.14620105922222137,-0.8278816938400269,-0.017328975722193718,0.00655400799587369,0.007293109316378832,0.0,0.0,0.0,-0.012481643818318844,-0.019522257149219513,-0.010293465107679367,0.0,0.0,-0.010293466039001942,0.064394012093544,0.05026323348283768,0.02934996411204338,0.09827778488397598,0.15551410615444183,5.098217661725357e-05,0.0,0.0,0.0,-0.23287656903266907,10.088459968566895,0.0454254150390625,9.800445556640625,0.25309303402900696,-10.0,-9.880027770996094,14.67492389678955,2.0,2.0,17.789152145385742,0.30357420444488525,0.28977540135383606,0.30357420444488525,0.29744139313697815,0.0,0.30469265580177307,0.30469265580177307,0.30469265580177307,0.30469265580177307,0.0,-0.959823727607727,0.6948122978210449,-10.72630786895752,0.0,0.0,0.0,0.0,0.0,0.0,0.0,0.0,0.0,0.0,0.0,0.0,0.0,0.0,0.0,0.30469274520874023,0.30469274520874023,0.304692804813385,0.30469274520874023,0.33220455050468445,0.04114978387951851,0.04114978387951851,0.39053526520729065,0.4118903577327728,1.074061632156372,1.191715955734253,0.0,0.0,0.0,0.0,0.0,0.0,0.0
79340221565,0,-0.02080148085951805,-0.14620105922222137,-0.12788167595863342,-0.02080148085951805,-0.14620105922222137,-0.8278816938400269,-0.017328975722193718,0.00655400799587369,0.007293109316378832,0.0,0.0,0.0,-0.012481643818318844,-0.019522257149219513,-0.010293465107679367,0.0,0.0,-0.010293466039001942,0.064394012093544,0.05026323348283768,0.02934996411204338,0.09827778488397598,0.15551410615444183,5.098217661725357e-05,0.0,0.0,0.0,-0.23287656903266907,10.088459968566895,0.0454254150390625,9.800445556640625,0.25309303402900696,-10.0,-9.880027770996094,14.67492389678955,2.0,2.0,17.789152145385742,0.30357420444488525,0.28977540135383606,0.30357420444488525,0.29590821266174316,0.0,0.30469265580177307,0.30469265580177307,0.30469265580177307,0.30469265580177307,0.0,-0.959823727607727,0.6948122978210449,-10.72630786895752,0.0,0.0,0.0,0.0,0.0,0.0,0.0,0.0,0.0,0.0,0.0,0.0,0.0,0.0,0.0,0.30469274520874023,0.30469274520874023,0.304692804813385,0.30469274520874023,0.33220455050468445,0.04114978387951851,0.04114978387951851,0.39053526520729065,0.4118903577327728,1.074061632156372,1.191715955734253,0.0,0.0,0.0,0.0,0.0,0.0,0.0
79340267752,0,-0.02080148085951805,-0.14620105922222137,-0.12788167595863342,-0.02080148085951805,-0.14620105922222137,-0.8278816938400269,-0.017328975722193718,0.00655400799587369,0.007293109316378832,0.0,0.0,0.0,-0.012481643818318844,-0.019522257149219513,-0.010293465107679367,0.0,0.0,-0.010293466039001942,0.064394012093544,0.05026323348283768,0.02934996411204338,0.09827778488397598,0.15551410615444183,5.098217661725357e-05,0.0,0.0,0.0,-0.23287656903266907,10.088459968566895,0.0454254150390625,9.800445556640625,0.25309303402900696,-10.0,-9.880027770996094,14.67492389678955,2.0,2.0,17.789152145385742,0.30357420444488525,0.28977540135383606,0.30357420444488525,0.29590821266174316,0.0,0.30469265580177307,0.30469265580177307,0.30469265580177307,0.30469265580177307,0.0,-0.959823727607727,0.6948122978210449,-10.72630786895752,0.0,0.0,0.0,0.0,0.0,0.0,0.0,0.0,0.0,0.0,0.0,0.0,0.0,0.0,0.0,0.30469274520874023,0.30469274520874023,0.304692804813385,0.30469274520874023,0.33220455050468445,0.04114978387951851,0.04114978387951851,0.39053526520729065,0.4118903577327728,1.074061632156372,1.191715955734253,0.0,0.0,0.0,0.0,0.0,0.0,0.0
79347987335,0,-0.02080148085951805,-0.14620105922222137,-0.12788167595863342,-0.02080148085951805,-0.14620105922222137,-0.8278816938400269,-0.017328975722193718,0.00655400799587369,0.007293109316378832,0.0,0.0,0.0,-0.012481643818318844,-0.019522257149219513,-0.010293465107679367,0.0,0.0,-0.010293466039001942,0.064394012093544,0.05026323348283768,0.02934996411204338,0.09827778488397598,0.15551410615444183,5.098217661725357e-05,0.0,0.0,0.0,-0.23287656903266907,10.088459968566895,0.0454254150390625,9.800445556640625,0.25309303402900696,-10.0,-9.880027770996094,14.67492389678955,2.0,2.0,17.789152145385742,0.30357420444488525,0.28977540135383606,0.30357420444488525,0.29744139313697815,0.0,0.30469265580177307,0.30469265580177307,0.30469265580177307,0.30469265580177307,0.0,-0.959823727607727,0.6948122978210449,-10.72630786895752,0.0,0.0,0.0,0.0,0.0,0.0,0.0,0.0,0.0,0.0,0.0,0.0,0.0,0.0,0.0,0.30469274520874023,0.30469274520874023,0.304692804813385,0.30469274520874023,0.33220455050468445,0.04114978387951851,0.04114978387951851,0.39053526520729065,0.4118903577327728,1.074061632156372,1.191715955734253,0.0,0.0,0.0,0.0,0.0,0.0,0.0
79357966034,0,-0.02080148085951805,-0.14620105922222137,-0.12788167595863342,-0.02080148085951805,-0.14620105922222137,-0.8278816938400269,-0.017328975722193718,0.00655400799587369,0.007293109316378832,0.0,0.0,0.0,-0.012481643818318844,-0.019522257149219513,-0.010293465107679367,0.0,0.0,-0.010293466039001942,0.064394012093544,0.05026323348283768,0.02934996411204338,0.09827778488397598,0.15551410615444183,5.098217661725357e-05,0.0,0.0,0.0,-0.23287656903266907,10.088459968566895,0.0454254150390625,9.800445556640625,0.25309303402900696,-10.0,-9.880027770996094,14.67492389678955,2.0,2.0,17.789152145385742,0.30357420444488525,0.28977540135383606,0.30357420444488525,0.29744139313697815,0.0,0.30469265580177307,0.30469265580177307,0.30469265580177307,0.30469265580177307,0.0,-0.959823727607727,0.6948122978210449,-10.72630786895752,0.0,0.0,0.0,0.0,0.0,0.0,0.0,0.0,0.0,0.0,0.0,0.0,0.0,0.0,0.0,0.30469274520874023,0.30469274520874023,0.304692804813385,0.30469274520874023,0.33220455050468445,0.04114978387951851,0.04114978387951851,0.39053526520729065,0.4118903577327728,1.074061632156372,1.191715955734253,0.0,0.0,0.0,0.0,0.0,0.0,0.0
79367669823,0,-0.02080148085951805,-0.14620105922222137,-0.12788167595863342,-0.02080148085951805,-0.14620105922222137,-0.8278816938400269,-0.017328975722193718,0.00655400799587369,0.007293109316378832,0.0,0.0,0.0,-0.012481643818318844,-0.019522257149219513,-0.010293465107679367,0.0,0.0,-0.010293466039001942,0.064394012093544,0.05026323348283768,0.02934996411204338,0.09827778488397598,0.15551410615444183,5.098217661725357e-05,0.0,0.0,0.0,-0.23287656903266907,10.088459968566895,0.0454254150390625,9.800445556640625,0.25309303402900696,-10.0,-9.880027770996094,14.67492389678955,2.0,2.0,17.789152145385742,0.30357420444488525,0.28977540135383606,0.30357420444488525,0.29744139313697815,0.0,0.30469265580177307,0.30469265580177307,0.30469265580177307,0.30469265580177307,0.0,-0.959823727607727,0.6948122978210449,-10.72630786895752,0.0,0.0,0.0,0.0,0.0,0.0,0.0,0.0,0.0,0.0,0.0,0.0,0.0,0.0,0.0,0.30469274520874023,0.30469274520874023,0.304692804813385,0.30469274520874023,0.33220455050468445,0.04114978387951851,0.04114978387951851,0.39053526520729065,0.4118903577327728,1.074061632156372,1.191715955734253,0.0,0.0,0.0,0.0,0.0,0.0,0.0
79377989433,0,-0.02080148085951805,-0.14620105922222137,-0.12788167595863342,-0.02080148085951805,-0.14620105922222137,-0.8278816938400269,-0.017328975722193718,0.00655400799587369,0.007293109316378832,0.0,0.0,0.0,-0.012481643818318844,-0.019522257149219513,-0.010293465107679367,0.0,0.0,-0.010293466039001942,0.064394012093544,0.05026323348283768,0.02934996411204338,0.09827778488397598,0.15551410615444183,5.098217661725357e-05,0.0,0.0,0.0,-0.23287656903266907,10.088459968566895,0.0454254150390625,9.800445556640625,0.25309303402900696,-10.0,-9.880027770996094,14.67492389678955,2.0,2.0,17.789152145385742,0.30357420444488525,0.28977540135383606,0.30357420444488525,0.29744139313697815,0.0,0.30469265580177307,0.30469265580177307,0.30469265580177307,0.30469265580177307,0.0,-0.959823727607727,0.6948122978210449,-10.72630786895752,0.0,0.0,0.0,0.0,0.0,0.0,0.0,0.0,0.0,0.0,0.0,0.0,0.0,0.0,0.0,0.30469274520874023,0.30469274520874023,0.304692804813385,0.30469274520874023,0.33220455050468445,0.04114978387951851,0.04114978387951851,0.39053526520729065,0.4118903577327728,1.074061632156372,1.191715955734253,0.0,0.0,0.0,0.0,0.0,0.0,0.0
79387899248,0,-0.02080148085951805,-0.14620105922222137,-0.12788167595863342,-0.02080148085951805,-0.14620105922222137,-0.8278816938400269,-0.017328975722193718,0.00655400799587369,0.007293109316378832,0.0,0.0,0.0,-0.012481643818318844,-0.019522257149219513,-0.010293465107679367,0.0,0.0,-0.010293466039001942,0.064394012093544,0.05026323348283768,0.02934996411204338,0.09827778488397598,0.15551410615444183,5.098217661725357e-05,0.0,0.0,0.0,-0.23287656903266907,10.088459968566895,0.0454254150390625,9.800445556640625,0.25309303402900696,-10.0,-9.880027770996094,14.67492389678955,2.0,2.0,17.789152145385742,0.30357420444488525,0.28977540135383606,0.30357420444488525,0.29744139313697815,0.0,0.30469265580177307,0.30469265580177307,0.30469265580177307,0.30469265580177307,0.0,-0.959823727607727,0.6948122978210449,-10.72630786895752,0.0,0.0,0.0,0.0,0.0,0.0,0.0,0.0,0.0,0.0,0.0,0.0,0.0,0.0,0.0,0.30469274520874023,0.30469274520874023,0.304692804813385,0.30469274520874023,0.33220455050468445,0.04114978387951851,0.04114978387951851,0.39053526520729065,0.4118903577327728,1.074061632156372,1.191715955734253,0.0,0.0,0.0,0.0,0.0,0.0,0.0
79397646155,0,-0.02080148085951805,-0.14620105922222137,-0.12788167595863342,-0.02080148085951805,-0.14620105922222137,-0.8278816938400269,-0.017328975722193718,0.00655400799587369,0.007293109316378832,0.0,0.0,0.0,-0.012481643818318844,-0.019522257149219513,-0.010293465107679367,0.0,0.0,-0.010293466039001942,0.064394012093544,0.05026323348283768,0.02934996411204338,0.09827778488397598,0.15551410615444183,5.098217661725357e-05,0.0,0.0,0.0,-0.23287656903266907,10.088459968566895,0.0454254150390625,9.800445556640625,0.25309303402900696,-10.0,-9.880027770996094,14.67492389678955,2.0,2.0,17.789152145385742,0.30357420444488525,0.28977540135383606,0.30357420444488525,0.29744139313697815,0.0,0.30469265580177307,0.30469265580177307,0.30469265580177307,0.30469265580177307,0.0,-0.959823727607727,0.6948122978210449,-10.72630786895752,0.0,0.0,0.0,0.0,0.0,0.0,0.0,0.0,0.0,0.0,0.0,0.0,0.0,0.0,0.0,0.30469274520874023,0.30469274520874023,0.304692804813385,0.30469274520874023,0.33220455050468445,0.04114978387951851,0.04114978387951851,0.39053526520729065,0.4118903577327728,1.074061632156372,1.191715955734253,0.0,0.0,0.0,0.0,0.0,0.0,0.0
79408014957,0,-0.02080148085951805,-0.14620105922222137,-0.12788167595863342,-0.02080148085951805,-0.14620105922222137,-0.8278816938400269,-0.017328975722193718,0.00655400799587369,0.007293109316378832,0.0,0.0,0.0,-0.012481643818318844,-0.019522257149219513,-0.010293465107679367,0.0,0.0,-0.010293466039001942,0.064394012093544,0.05026323348283768,0.02934996411204338,0.09827778488397598,0.15551410615444183,5.098217661725357e-05,0.0,0.0,0.0,-0.23287656903266907,10.088459968566895,0.0454254150390625,9.800445556640625,0.25309303402900696,-10.0,-9.880027770996094,14.67492389678955,2.0,2.0,17.789152145385742,0.30357420444488525,0.28977540135383606,0.30357420444488525,0.29590821266174316,0.0,0.30469265580177307,0.30469265580177307,0.30469265580177307,0.30469265580177307,0.0,-0.959823727607727,0.6948122978210449,-10.72630786895752,0.0,0.0,0.0,0.0,0.0,0.0,0.0,0.0,0.0,0.0,0.0,0.0,0.0,0.0,0.0,0.30469274520874023,0.30469274520874023,0.304692804813385,0.30469274520874023,0.33220455050468445,0.04114978387951851,0.04114978387951851,0.39053526520729065,0.4118903577327728,1.074061632156372,1.191715955734253,0.0,0.0,0.0,0.0,0.0,0.0,0.0
79418303023,0,-0.02080148085951805,-0.14620105922222137,-0.12788167595863342,-0.02080148085951805,-0.14620105922222137,-0.8278816938400269,-0.017328975722193718,0.00655400799587369,0.007293109316378832,0.0,0.0,0.0,-0.012481643818318844,-0.019522257149219513,-0.010293465107679367,0.0,0.0,-0.010293466039001942,0.064394012093544,0.05026323348283768,0.02934996411204338,0.09827778488397598,0.15551410615444183,5.098217661725357e-05,0.0,0.0,0.0,-0.23287656903266907,10.088459968566895,0.0454254150390625,9.800445556640625,0.25309303402900696,-10.0,-9.880027770996094,14.67492389678955,2.0,2.0,17.789152145385742,0.30357420444488525,0.28977540135383606,0.30357420444488525,0.29744139313697815,0.0,0.30469265580177307,0.30469265580177307,0.30469265580177307,0.30469265580177307,0.0,-0.959823727607727,0.6948122978210449,-10.72630786895752,0.0,0.0,0.0,0.0,0.0,0.0,0.0,0.0,0.0,0.0,0.0,0.0,0.0,0.0,0.0,0.30469274520874023,0.30469274520874023,0.304692804813385,0.30469274520874023,0.33220455050468445,0.04114978387951851,0.04114978387951851,0.39053526520729065,0.4118903577327728,1.074061632156372,1.191715955734253,0.0,0.0,0.0,0.0,0.0,0.0,0.0
79429243406,0,-0.02080148085951805,-0.14620105922222137,-0.12788167595863342,-0.02080148085951805,-0.14620105922222137,-0.8278816938400269,-0.017328975722193718,0.00655400799587369,0.007293109316378832,0.0,0.0,0.0,-0.012481643818318844,-0.019522257149219513,-0.010293465107679367,0.0,0.0,-0.010293466039001942,0.064394012093544,0.05026323348283768,0.02934996411204338,0.09827778488397598,0.15551410615444183,5.098217661725357e-05,0.0,0.0,0.0,-0.23287656903266907,10.088459968566895,0.0454254150390625,9.800445556640625,0.25309303402900696,-10.0,-9.880027770996094,14.67492389678955,2.0,2.0,17.789152145385742,0.30357420444488525,0.28977540135383606,0.30357420444488525,0.29590821266174316,0.0,0.30469265580177307,0.30469265580177307,0.30469265580177307,0.30469265580177307,0.0,-0.959823727607727,0.6948122978210449,-10.72630786895752,0.0,0.0,0.0,0.0,0.0,0.0,0.0,0.0,0.0,0.0,0.0,0.0,0.0,0.0,0.0,0.30469274520874023,0.30469274520874023,0.304692804813385,0.30469274520874023,0.33220455050468445,0.04114978387951851,0.04114978387951851,0.39053526520729065,0.4118903577327728,1.074061632156372,1.191715955734253,0.0,0.0,0.0,0.0,0.0,0.0,0.0
79437959489,0,-0.02080148085951805,-0.14620105922222137,-0.12788167595863342,-0.02080148085951805,-0.14620105922222137,-0.8278816938400269,-0.017328975722193718,0.00655400799587369,0.007293109316378832,0.0,0.0,0.0,-0.012481643818318844,-0.019522257149219513,-0.010293465107679367,0.0,0.0,-0.010293466039001942,0.064394012093544,0.05026323348283768,0.02934996411204338,0.09827778488397598,0.15551410615444183,5.098217661725357e-05,0.0,0.0,0.0,-0.23287656903266907,10.088459968566895,0.0454254150390625,9.800445556640625,0.25309303402900696,-10.0,-9.880027770996094,14.67492389678955,2.0,2.0,17.789152145385742,0.30357420444488525,0.28977540135383606,0.30357420444488525,0.29590821266174316,0.0,0.30469265580177307,0.30469265580177307,0.30469265580177307,0.30469265580177307,0.0,-0.959823727607727,0.6948122978210449,-10.72630786895752,0.0,0.0,0.0,0.0,0.0,0.0,0.0,0.0,0.0,0.0,0.0,0.0,0.0,0.0,0.0,0.30469274520874023,0.30469274520874023,0.304692804813385,0.30469274520874023,0.33220455050468445,0.04114978387951851,0.04114978387951851,0.39053526520729065,0.4118903577327728,1.074061632156372,1.191715955734253,0.0,0.0,0.0,0.0,0.0,0.0,0.0
79447762847,0,-0.02080148085951805,-0.14620105922222137,-0.12788167595863342,-0.02080148085951805,-0.14620105922222137,-0.8278816938400269,-0.017328975722193718,0.00655400799587369,0.007293109316378832,0.0,0.0,0.0,-0.012481643818318844,-0.019522257149219513,-0.010293465107679367,0.0,0.0,-0.010293466039001942,0.064394012093544,0.05026323348283768,0.02934996411204338,0.09827778488397598,0.15551410615444183,5.098217661725357e-05,0.0,0.0,0.0,-0.23287656903266907,10.088459968566895,0.0454254150390625,9.800445556640625,0.25309303402900696,-10.0,-9.880027770996094,14.67492389678955,2.0,2.0,17.789152145385742,0.30357420444488525,0.28977540135383606,0.30357420444488525,0.29744139313697815,0.0,0.30469265580177307,0.30469265580177307,0.30469265580177307,0.30469265580177307,0.0,-0.959823727607727,0.6948122978210449,-10.72630786895752,0.0,0.0,0.0,0.0,0.0,0.0,0.0,0.0,0.0,0.0,0.0,0.0,0.0,0.0,0.0,0.30469274520874023,0.30469274520874023,0.304692804813385,0.30469274520874023,0.33220455050468445,0.04114978387951851,0.04114978387951851,0.39053526520729065,0.4118903577327728,1.074061632156372,1.191715955734253,0.0,0.0,0.0,0.0,0.0,0.0,0.0
79457815525,0,-0.02080148085951805,-0.14620105922222137,-0.12788167595863342,-0.02080148085951805,-0.14620105922222137,-0.8278816938400269,-0.017328975722193718,0.00655400799587369,0.007293109316378832,0.0,0.0,0.0,-0.012481643818318844,-0.019522257149219513,-0.010293465107679367,0.0,0.0,-0.010293466039001942,0.064394012093544,0.05026323348283768,0.02934996411204338,0.09827778488397598,0.15551410615444183,5.098217661725357e-05,0.0,0.0,0.0,-0.23287656903266907,10.088459968566895,0.0454254150390625,9.800445556640625,0.25309303402900696,-10.0,-9.880027770996094,14.67492389678955,2.0,2.0,17.789152145385742,0.30357420444488525,0.28977540135383606,0.30204102396965027,0.29744139313697815,0.0,0.30469265580177307,0.30469265580177307,0.30469265580177307,0.30469265580177307,0.0,-0.959823727607727,0.6948122978210449,-10.72630786895752,0.0,0.0,0.0,0.0,0.0,0.0,0.0,0.0,0.0,0.0,0.0,0.0,0.0,0.0,0.0,0.30469274520874023,0.30469274520874023,0.304692804813385,0.30469274520874023,0.33220455050468445,0.04114978387951851,0.04114978387951851,0.39053526520729065,0.4118903577327728,1.074061632156372,1.191715955734253,0.0,0.0,0.0,0.0,0.0,0.0,0.0
79468077104,0,-0.02080148085951805,-0.14620105922222137,-0.12788167595863342,-0.02080148085951805,-0.14620105922222137,-0.8278816938400269,-0.017328975722193718,0.00655400799587369,0.007293109316378832,0.0,0.0,0.0,-0.012481643818318844,-0.019522257149219513,-0.010293465107679367,0.0,0.0,-0.010293466039001942,0.064394012093544,0.05026323348283768,0.02934996411204338,0.09827778488397598,0.15551410615444183,5.098217661725357e-05,0.0,0.0,0.0,-0.23287656903266907,10.088459968566895,0.0454254150390625,9.800445556640625,0.25309303402900696,-10.0,-9.880027770996094,14.67492389678955,2.0,2.0,17.789152145385742,0.30357420444488525,0.28977540135383606,0.30357420444488525,0.29590821266174316,0.0,0.30469265580177307,0.30469265580177307,0.30469265580177307,0.30469265580177307,0.0,-0.959823727607727,0.6948122978210449,-10.72630786895752,0.0,0.0,0.0,0.0,0.0,0.0,0.0,0.0,0.0,0.0,0.0,0.0,0.0,0.0,0.0,0.30469274520874023,0.30469274520874023,0.304692804813385,0.30469274520874023,0.33220455050468445,0.04114978387951851,0.04114978387951851,0.39053526520729065,0.4118903577327728,1.074061632156372,1.191715955734253,0.0,0.0,0.0,0.0,0.0,0.0,0.0
79478601038,0,-0.02080148085951805,-0.14620105922222137,-0.12788167595863342,-0.02080148085951805,-0.14620105922222137,-0.8278816938400269,-0.017328975722193718,0.00655400799587369,0.007293109316378832,0.0,0.0,0.0,-0.012481643818318844,-0.019522257149219513,-0.010293465107679367,0.0,0.0,-0.010293466039001942,0.064394012093544,0.05026323348283768,0.02934996411204338,0.09827778488397598,0.15551410615444183,5.098217661725357e-05,0.0,0.0,0.0,-0.23287656903266907,10.088459968566895,0.0454254150390625,9.800445556640625,0.25309303402900696,-10.0,-9.880027770996094,14.67492389678955,2.0,2.0,17.789152145385742,0.30357420444488525,0.28977540135383606,0.30357420444488525,0.29744139313697815,0.0,0.30469265580177307,0.30469265580177307,0.30469265580177307,0.30469265580177307,0.0,-0.959823727607727,0.6948122978210449,-10.72630786895752,0.0,0.0,0.0,0.0,0.0,0.0,0.0,0.0,0.0,0.0,0.0,0.0,0.0,0.0,0.0,0.30469274520874023,0.30469274520874023,0.304692804813385,0.30469274520874023,0.33220455050468445,0.04114978387951851,0.04114978387951851,0.39053526520729065,0.4118903577327728,1.074061632156372,1.191715955734253,0.0,0.0,0.0,0.0,0.0,0.0,0.0
79487858078,0,-0.02080148085951805,-0.14620105922222137,-0.12788167595863342,-0.02080148085951805,-0.14620105922222137,-0.8278816938400269,-0.017328975722193718,0.00655400799587369,0.007293109316378832,0.0,0.0,0.0,-0.012481643818318844,-0.019522257149219513,-0.010293465107679367,0.0,0.0,-0.010293466039001942,0.064394012093544,0.05026323348283768,0.02934996411204338,0.09827778488397598,0.15551410615444183,5.098217661725357e-05,0.0,0.0,0.0,-0.23287656903266907,10.088459968566895,0.0454254150390625,9.800445556640625,0.25309303402900696,-10.0,-9.880027770996094,14.67492389678955,2.0,2.0,17.789152145385742,0.30357420444488525,0.28977540135383606,0.30357420444488525,0.29590821266174316,0.0,0.30469265580177307,0.30469265580177307,0.30469265580177307,0.30469265580177307,0.0,-0.959823727607727,0.6948122978210449,-10.72630786895752,0.0,0.0,0.0,0.0,0.0,0.0,0.0,0.0,0.0,0.0,0.0,0.0,0.0,0.0,0.0,0.30469274520874023,0.30469274520874023,0.304692804813385,0.30469274520874023,0.33220455050468445,0.04114978387951851,0.04114978387951851,0.39053526520729065,0.4118903577327728,1.074061632156372,1.191715955734253,0.0,0.0,0.0,0.0,0.0,0.0,0.0
79497709646,0,-0.02080148085951805,-0.14620105922222137,-0.12788167595863342,-0.02080148085951805,-0.14620105922222137,-0.8278816938400269,-0.017328975722193718,0.00655400799587369,0.007293109316378832,0.0,0.0,0.0,-0.012481643818318844,-0.019522257149219513,-0.010293465107679367,0.0,0.0,-0.010293466039001942,0.064394012093544,0.05026323348283768,0.02934996411204338,0.09827778488397598,0.15551410615444183,5.098217661725357e-05,0.0,0.0,0.0,-0.23287656903266907,10.088459968566895,0.0454254150390625,9.800445556640625,0.25309303402900696,-10.0,-9.880027770996094,14.67492389678955,2.0,2.0,17.789152145385742,0.30357420444488525,0.28977540135383606,0.30357420444488525,0.29744139313697815,0.0,0.30469265580177307,0.30469265580177307,0.30469265580177307,0.30469265580177307,0.0,-0.959823727607727,0.6948122978210449,-10.72630786895752,0.0,0.0,0.0,0.0,0.0,0.0,0.0,0.0,0.0,0.0,0.0,0.0,0.0,0.0,0.0,0.30469274520874023,0.30469274520874023,0.304692804813385,0.30469274520874023,0.33220455050468445,0.04114978387951851,0.04114978387951851,0.39053526520729065,0.4118903577327728,1.074061632156372,1.191715955734253,0.0,0.0,0.0,0.0,0.0,0.0,0.0
79508038713,0,-0.02080148085951805,-0.14620105922222137,-0.12788167595863342,-0.02080148085951805,-0.14620105922222137,-0.8278816938400269,-0.017328975722193718,0.00655400799587369,0.007293109316378832,0.0,0.0,0.0,-0.012481643818318844,-0.019522257149219513,-0.010293465107679367,0.0,0.0,-0.010293466039001942,0.064394012093544,0.05026323348283768,0.02934996411204338,0.09827778488397598,0.15551410615444183,5.098217661725357e-05,0.0,0.0,0.0,-0.23287656903266907,10.088459968566895,0.0454254150390625,9.800445556640625,0.25309303402900696,-10.0,-9.880027770996094,14.67492389678955,2.0,2.0,17.789152145385742,0.30357420444488525,0.28977540135383606,0.30357420444488525,0.29590821266174316,0.0,0.30469265580177307,0.30469265580177307,0.30469265580177307,0.30469265580177307,0.0,-0.959823727607727,0.6948122978210449,-10.72630786895752,0.0,0.0,0.0,0.0,0.0,0.0,0.0,0.0,0.0,0.0,0.0,0.0,0.0,0.0,0.0,0.30469274520874023,0.30469274520874023,0.304692804813385,0.30469274520874023,0.33220455050468445,0.04114978387951851,0.04114978387951851,0.39053526520729065,0.4118903577327728,1.074061632156372,1.191715955734253,0.0,0.0,0.0,0.0,0.0,0.0,0.0
79517655448,0,-0.02080148085951805,-0.14620105922222137,-0.12788167595863342,-0.02080148085951805,-0.14620105922222137,-0.8278816938400269,-0.017328975722193718,0.00655400799587369,0.007293109316378832,0.0,0.0,0.0,-0.012481643818318844,-0.019522257149219513,-0.010293465107679367,0.0,0.0,-0.010293466039001942,0.064394012093544,0.05026323348283768,0.02934996411204338,0.09827778488397598,0.15551410615444183,5.098217661725357e-05,0.0,0.0,0.0,-0.23287656903266907,10.088459968566895,0.0454254150390625,9.800445556640625,0.25309303402900696,-10.0,-9.880027770996094,14.67492389678955,2.0,2.0,17.789152145385742,0.30357420444488525,0.28977540135383606,0.30357420444488525,0.29744139313697815,0.0,0.30469265580177307,0.30469265580177307,0.30469265580177307,0.30469265580177307,0.0,-0.959823727607727,0.6948122978210449,-10.72630786895752,0.0,0.0,0.0,0.0,0.0,0.0,0.0,0.0,0.0,0.0,0.0,0.0,0.0,0.0,0.0,0.30469274520874023,0.30469274520874023,0.304692804813385,0.30469274520874023,0.33220455050468445,0.04114978387951851,0.04114978387951851,0.39053526520729065,0.4118903577327728,1.074061632156372,1.191715955734253,0.0,0.0,0.0,0.0,0.0,0.0,0.0
79527756610,0,-0.02080148085951805,-0.14620105922222137,-0.12788167595863342,-0.02080148085951805,-0.14620105922222137,-0.8278816938400269,-0.017328975722193718,0.00655400799587369,0.007293109316378832,0.0,0.0,0.0,-0.012481643818318844,-0.019522257149219513,-0.010293465107679367,0.0,0.0,-0.010293466039001942,0.064394012093544,0.05026323348283768,0.02934996411204338,0.09827778488397598,0.15551410615444183,5.098217661725357e-05,0.0,0.0,0.0,-0.23287656903266907,10.088459968566895,0.0454254150390625,9.800445556640625,0.25309303402900696,-10.0,-9.880027770996094,14.67492389678955,2.0,2.0,17.789152145385742,0.30357420444488525,0.28977540135383606,0.30357420444488525,0.29744139313697815,0.0,0.30469265580177307,0.30469265580177307,0.30469265580177307,0.30469265580177307,0.0,-0.959823727607727,0.6948122978210449,-10.72630786895752,0.0,0.0,0.0,0.0,0.0,0.0,0.0,0.0,0.0,0.0,0.0,0.0,0.0,0.0,0.0,0.30469274520874023,0.30469274520874023,0.304692804813385,0.30469274520874023,0.33220455050468445,0.04114978387951851,0.04114978387951851,0.39053526520729065,0.4118903577327728,1.074061632156372,1.191715955734253,0.0,0.0,0.0,0.0,0.0,0.0,0.0
79537943577,0,-0.02080148085951805,-0.14620105922222137,-0.12788167595863342,-0.02080148085951805,-0.14620105922222137,-0.8278816938400269,-0.017328975722193718,0.00655400799587369,0.007293109316378832,0.0,0.0,0.0,-0.012481643818318844,-0.019522257149219513,-0.010293465107679367,0.0,0.0,-0.010293466039001942,0.064394012093544,0.05026323348283768,0.02934996411204338,0.09827778488397598,0.15551410615444183,5.098217661725357e-05,0.0,0.0,0.0,-0.23287656903266907,10.088459968566895,0.0454254150390625,9.800445556640625,0.25309303402900696,-10.0,-9.880027770996094,14.67492389678955,2.0,2.0,17.789152145385742,0.30357420444488525,0.28977540135383606,0.30357420444488525,0.29744139313697815,0.0,0.30469265580177307,0.30469265580177307,0.30469265580177307,0.30469265580177307,0.0,-0.959823727607727,0.6948122978210449,-10.72630786895752,0.0,0.0,0.0,0.0,0.0,0.0,0.0,0.0,0.0,0.0,0.0,0.0,0.0,0.0,0.0,0.30469274520874023,0.30469274520874023,0.304692804813385,0.30469274520874023,0.33220455050468445,0.04114978387951851,0.04114978387951851,0.39053526520729065,0.4118903577327728,1.074061632156372,1.191715955734253,0.0,0.0,0.0,0.0,0.0,0.0,0.0
79547732279,0,-0.02080148085951805,-0.14620105922222137,-0.12788167595863342,-0.02080148085951805,-0.14620105922222137,-0.8278816938400269,-0.017328975722193718,0.00655400799587369,0.007293109316378832,0.0,0.0,0.0,-0.012481643818318844,-0.019522257149219513,-0.010293465107679367,0.0,0.0,-0.010293466039001942,0.064394012093544,0.05026323348283768,0.02934996411204338,0.09827778488397598,0.15551410615444183,5.098217661725357e-05,0.0,0.0,0.0,-0.23287656903266907,10.088459968566895,0.0454254150390625,9.800445556640625,0.25309303402900696,-10.0,-9.880027770996094,14.67492389678955,2.0,2.0,17.789152145385742,0.30357420444488525,0.28977540135383606,0.30357420444488525,0.29744139313697815,0.0,0.30469265580177307,0.30469265580177307,0.30469265580177307,0.30469265580177307,0.0,-0.959823727607727,0.6948122978210449,-10.72630786895752,0.0,0.0,0.0,0.0,0.0,0.0,0.0,0.0,0.0,0.0,0.0,0.0,0.0,0.0,0.0,0.30469274520874023,0.30469274520874023,0.304692804813385,0.30469274520874023,0.33220455050468445,0.04114978387951851,0.04114978387951851,0.39053526520729065,0.4118903577327728,1.074061632156372,1.191715955734253,0.0,0.0,0.0,0.0,0.0,0.0,0.0
79558135991,0,-0.02080148085951805,-0.14620105922222137,-0.12788167595863342,-0.02080148085951805,-0.14620105922222137,-0.8278816938400269,-0.017328975722193718,0.00655400799587369,0.007293109316378832,0.0,0.0,0.0,-0.012481643818318844,-0.019522257149219513,-0.010293465107679367,0.0,0.0,-0.010293466039001942,0.064394012093544,0.05026323348283768,0.02934996411204338,0.09827778488397598,0.15551410615444183,5.098217661725357e-05,0.0,0.0,0.0,-0.23287656903266907,10.088459968566895,0.0454254150390625,9.800445556640625,0.25309303402900696,-10.0,-9.880027770996094,14.67492389678955,2.0,2.0,17.789152145385742,0.30357420444488525,0.28977540135383606,0.30357420444488525,0.29744139313697815,0.0,0.30469265580177307,0.30469265580177307,0.30469265580177307,0.30469265580177307,0.0,-0.959823727607727,0.6948122978210449,-10.72630786895752,0.0,0.0,0.0,0.0,0.0,0.0,0.0,0.0,0.0,0.0,0.0,0.0,0.0,0.0,0.0,0.30469274520874023,0.30469274520874023,0.304692804813385,0.30469274520874023,0.33220455050468445,0.04114978387951851,0.04114978387951851,0.39053526520729065,0.4118903577327728,1.074061632156372,1.191715955734253,0.0,0.0,0.0,0.0,0.0,0.0,0.0
79567849593,0,-0.02080148085951805,-0.14620105922222137,-0.12788167595863342,-0.02080148085951805,-0.14620105922222137,-0.8278816938400269,-0.017328975722193718,0.00655400799587369,0.007293109316378832,0.0,0.0,0.0,-0.012481643818318844,-0.019522257149219513,-0.010293465107679367,0.0,0.0,-0.010293466039001942,0.064394012093544,0.05026323348283768,0.02934996411204338,0.09827778488397598,0.15551410615444183,5.098217661725357e-05,0.0,0.0,0.0,-0.23287656903266907,10.088459968566895,0.0454254150390625,9.800445556640625,0.25309303402900696,-10.0,-9.880027770996094,14.67492389678955,2.0,2.0,17.789152145385742,0.30357420444488525,0.28977540135383606,0.30357420444488525,0.29590821266174316,0.0,0.30469265580177307,0.30469265580177307,0.30469265580177307,0.30469265580177307,0.0,-0.959823727607727,0.6948122978210449,-10.72630786895752,0.0,0.0,0.0,0.0,0.0,0.0,0.0,0.0,0.0,0.0,0.0,0.0,0.0,0.0,0.0,0.30469274520874023,0.30469274520874023,0.304692804813385,0.30469274520874023,0.33220455050468445,0.04114978387951851,0.04114978387951851,0.39053526520729065,0.4118903577327728,1.074061632156372,1.191715955734253,0.0,0.0,0.0,0.0,0.0,0.0,0.0
79577961148,0,-0.02080148085951805,-0.14620105922222137,-0.12788167595863342,-0.02080148085951805,-0.14620105922222137,-0.8278816938400269,-0.017328975722193718,0.00655400799587369,0.007293109316378832,0.0,0.0,0.0,-0.012481643818318844,-0.019522257149219513,-0.010293465107679367,0.0,0.0,-0.010293466039001942,0.064394012093544,0.05026323348283768,0.02934996411204338,0.09827778488397598,0.15551410615444183,5.098217661725357e-05,0.0,0.0,0.0,-0.23287656903266907,10.088459968566895,0.0454254150390625,9.800445556640625,0.25309303402900696,-10.0,-9.880027770996094,14.67492389678955,2.0,2.0,17.789152145385742,0.30357420444488525,0.28977540135383606,0.30357420444488525,0.29744139313697815,0.0,0.30469265580177307,0.30469265580177307,0.30469265580177307,0.30469265580177307,0.0,-0.959823727607727,0.6948122978210449,-10.72630786895752,0.0,0.0,0.0,0.0,0.0,0.0,0.0,0.0,0.0,0.0,0.0,0.0,0.0,0.0,0.0,0.30469274520874023,0.30469274520874023,0.304692804813385,0.30469274520874023,0.33220455050468445,0.04114978387951851,0.04114978387951851,0.39053526520729065,0.4118903577327728,1.074061632156372,1.191715955734253,0.0,0.0,0.0,0.0,0.0,0.0,0.0
79587712574,0,-0.02080148085951805,-0.14620105922222137,-0.12788167595863342,-0.02080148085951805,-0.14620105922222137,-0.8278816938400269,-0.017328975722193718,0.00655400799587369,0.007293109316378832,0.0,0.0,0.0,-0.012481643818318844,-0.019522257149219513,-0.010293465107679367,0.0,0.0,-0.010293466039001942,0.064394012093544,0.05026323348283768,0.02934996411204338,0.09827778488397598,0.15551410615444183,5.098217661725357e-05,0.0,0.0,0.0,-0.23287656903266907,10.088459968566895,0.0454254150390625,9.800445556640625,0.25309303402900696,-10.0,-9.880027770996094,14.67492389678955,2.0,2.0,17.789152145385742,0.30357420444488525,0.28977540135383606,0.30357420444488525,0.29744139313697815,0.0,0.30469265580177307,0.30469265580177307,0.30469265580177307,0.30469265580177307,0.0,-0.959823727607727,0.6948122978210449,-10.72630786895752,0.0,0.0,0.0,0.0,0.0,0.0,0.0,0.0,0.0,0.0,0.0,0.0,0.0,0.0,0.0,0.30469274520874023,0.30469274520874023,0.304692804813385,0.30469274520874023,0.33220455050468445,0.04114978387951851,0.04114978387951851,0.39053526520729065,0.4118903577327728,1.074061632156372,1.191715955734253,0.0,0.0,0.0,0.0,0.0,0.0,0.0
79597732717,0,-0.02080148085951805,-0.14620105922222137,-0.12788167595863342,-0.02080148085951805,-0.14620105922222137,-0.8278816938400269,-0.017328975722193718,0.00655400799587369,0.007293109316378832,0.0,0.0,0.0,-0.012481643818318844,-0.019522257149219513,-0.010293465107679367,0.0,0.0,-0.010293466039001942,0.064394012093544,0.05026323348283768,0.02934996411204338,0.09827778488397598,0.15551410615444183,5.098217661725357e-05,0.0,0.0,0.0,-0.23287656903266907,10.088459968566895,0.0454254150390625,9.800445556640625,0.25309303402900696,-10.0,-9.880027770996094,14.67492389678955,2.0,2.0,17.789152145385742,0.30357420444488525,0.28977540135383606,0.30357420444488525,0.29744139313697815,0.0,0.30469265580177307,0.30469265580177307,0.30469265580177307,0.30469265580177307,0.0,-0.959823727607727,0.6948122978210449,-10.72630786895752,0.0,0.0,0.0,0.0,0.0,0.0,0.0,0.0,0.0,0.0,0.0,0.0,0.0,0.0,0.0,0.30469274520874023,0.30469274520874023,0.304692804813385,0.30469274520874023,0.33220455050468445,0.04114978387951851,0.04114978387951851,0.39053526520729065,0.4118903577327728,1.074061632156372,1.191715955734253,0.0,0.0,0.0,0.0,0.0,0.0,0.0
79607878474,0,-0.02080148085951805,-0.14620105922222137,-0.12788167595863342,-0.02080148085951805,-0.14620105922222137,-0.8278816938400269,-0.017328975722193718,0.00655400799587369,0.007293109316378832,0.0,0.0,0.0,-0.012481643818318844,-0.019522257149219513,-0.010293465107679367,0.0,0.0,-0.010293466039001942,0.064394012093544,0.05026323348283768,0.02934996411204338,0.09827778488397598,0.15551410615444183,5.098217661725357e-05,0.0,0.0,0.0,-0.23287656903266907,10.088459968566895,0.0454254150390625,9.800445556640625,0.25309303402900696,-10.0,-9.880027770996094,14.67492389678955,2.0,2.0,17.789152145385742,0.30357420444488525,0.28977540135383606,0.30357420444488525,0.29590821266174316,0.0,0.30469265580177307,0.30469265580177307,0.30469265580177307,0.30469265580177307,0.0,-0.959823727607727,0.6948122978210449,-10.72630786895752,0.0,0.0,0.0,0.0,0.0,0.0,0.0,0.0,0.0,0.0,0.0,0.0,0.0,0.0,0.0,0.30469274520874023,0.30469274520874023,0.304692804813385,0.30469274520874023,0.33220455050468445,0.04114978387951851,0.04114978387951851,0.39053526520729065,0.4118903577327728,1.074061632156372,1.191715955734253,0.0,0.0,0.0,0.0,0.0,0.0,0.0
79617837600,0,-0.02080148085951805,-0.14620105922222137,-0.12788167595863342,-0.02080148085951805,-0.14620105922222137,-0.8278816938400269,-0.017328975722193718,0.00655400799587369,0.007293109316378832,0.0,0.0,0.0,-0.012481643818318844,-0.019522257149219513,-0.010293465107679367,0.0,0.0,-0.010293466039001942,0.064394012093544,0.05026323348283768,0.02934996411204338,0.09827778488397598,0.15551410615444183,5.098217661725357e-05,0.0,0.0,0.0,-0.23287656903266907,10.088459968566895,0.0454254150390625,9.800445556640625,0.25309303402900696,-10.0,-9.880027770996094,14.67492389678955,2.0,2.0,17.789152145385742,0.30357420444488525,0.28977540135383606,0.30357420444488525,0.29744139313697815,0.0,0.30469265580177307,0.30469265580177307,0.30469265580177307,0.30469265580177307,0.0,-0.959823727607727,0.6948122978210449,-10.72630786895752,0.0,0.0,0.0,0.0,0.0,0.0,0.0,0.0,0.0,0.0,0.0,0.0,0.0,0.0,0.0,0.30469274520874023,0.30469274520874023,0.304692804813385,0.30469274520874023,0.33220455050468445,0.04114978387951851,0.04114978387951851,0.39053526520729065,0.4118903577327728,1.074061632156372,1.191715955734253,0.0,0.0,0.0,0.0,0.0,0.0,0.0
79627705308,0,-0.02080148085951805,-0.14620105922222137,-0.12788167595863342,-0.02080148085951805,-0.14620105922222137,-0.8278816938400269,-0.017328975722193718,0.00655400799587369,0.007293109316378832,0.0,0.0,0.0,-0.012481643818318844,-0.019522257149219513,-0.010293465107679367,0.0,0.0,-0.010293466039001942,0.064394012093544,0.05026323348283768,0.02934996411204338,0.09827778488397598,0.15551410615444183,5.098217661725357e-05,0.0,0.0,0.0,-0.23287656903266907,10.088459968566895,0.0454254150390625,9.800445556640625,0.25309303402900696,-10.0,-9.880027770996094,14.67492389678955,2.0,2.0,17.789152145385742,0.30357420444488525,0.28977540135383606,0.30357420444488525,0.29744139313697815,0.0,0.30469265580177307,0.30469265580177307,0.30469265580177307,0.30469265580177307,0.0,-0.959823727607727,0.6948122978210449,-10.72630786895752,0.0,0.0,0.0,0.0,0.0,0.0,0.0,0.0,0.0,0.0,0.0,0.0,0.0,0.0,0.0,0.30469274520874023,0.30469274520874023,0.304692804813385,0.30469274520874023,0.33220455050468445,0.04114978387951851,0.04114978387951851,0.39053526520729065,0.4118903577327728,1.074061632156372,1.191715955734253,0.0,0.0,0.0,0.0,0.0,0.0,0.0
79637966297,0,-0.02080148085951805,-0.14620105922222137,-0.12788167595863342,-0.02080148085951805,-0.14620105922222137,-0.8278816938400269,-0.017328975722193718,0.00655400799587369,0.007293109316378832,0.0,0.0,0.0,-0.012481643818318844,-0.019522257149219513,-0.010293465107679367,0.0,0.0,-0.010293466039001942,0.064394012093544,0.05026323348283768,0.02934996411204338,0.09827778488397598,0.15551410615444183,5.098217661725357e-05,0.0,0.0,0.0,-0.23287656903266907,10.088459968566895,0.0454254150390625,9.800445556640625,0.25309303402900696,-10.0,-9.880027770996094,14.67492389678955,2.0,2.0,17.789152145385742,0.30357420444488525,0.28977540135383606,0.30357420444488525,0.29744139313697815,0.0,0.30469265580177307,0.30469265580177307,0.30469265580177307,0.30469265580177307,0.0,-0.959823727607727,0.6948122978210449,-10.72630786895752,0.0,0.0,0.0,0.0,0.0,0.0,0.0,0.0,0.0,0.0,0.0,0.0,0.0,0.0,0.0,0.30469274520874023,0.30469274520874023,0.304692804813385,0.30469274520874023,0.33220455050468445,0.04114978387951851,0.04114978387951851,0.39053526520729065,0.4118903577327728,1.074061632156372,1.191715955734253,0.0,0.0,0.0,0.0,0.0,0.0,0.0
79647758502,0,-0.02080148085951805,-0.14620105922222137,-0.12788167595863342,-0.02080148085951805,-0.14620105922222137,-0.8278816938400269,-0.017328975722193718,0.00655400799587369,0.007293109316378832,0.0,0.0,0.0,-0.012481643818318844,-0.019522257149219513,-0.010293465107679367,0.0,0.0,-0.010293466039001942,0.064394012093544,0.05026323348283768,0.02934996411204338,0.09827778488397598,0.15551410615444183,5.098217661725357e-05,0.0,0.0,0.0,-0.23287656903266907,10.088459968566895,0.0454254150390625,9.800445556640625,0.25309303402900696,-10.0,-9.880027770996094,14.67492389678955,2.0,2.0,17.789152145385742,0.30357420444488525,0.28977540135383606,0.30357420444488525,0.29744139313697815,0.0,0.30469265580177307,0.30469265580177307,0.30469265580177307,0.30469265580177307,0.0,-0.959823727607727,0.6948122978210449,-10.72630786895752,0.0,0.0,0.0,0.0,0.0,0.0,0.0,0.0,0.0,0.0,0.0,0.0,0.0,0.0,0.0,0.30469274520874023,0.30469274520874023,0.304692804813385,0.30469274520874023,0.33220455050468445,0.04114978387951851,0.04114978387951851,0.39053526520729065,0.4118903577327728,1.074061632156372,1.191715955734253,0.0,0.0,0.0,0.0,0.0,0.0,0.0
79657970673,0,-0.02080148085951805,-0.14620105922222137,-0.12788167595863342,-0.02080148085951805,-0.14620105922222137,-0.8278816938400269,-0.017328975722193718,0.00655400799587369,0.007293109316378832,0.0,0.0,0.0,-0.012481643818318844,-0.019522257149219513,-0.010293465107679367,0.0,0.0,-0.010293466039001942,0.064394012093544,0.05026323348283768,0.02934996411204338,0.09827778488397598,0.15551410615444183,5.098217661725357e-05,0.0,0.0,0.0,-0.23287656903266907,10.088459968566895,0.0454254150390625,9.800445556640625,0.25309303402900696,-10.0,-9.880027770996094,14.67492389678955,2.0,2.0,17.789152145385742,0.30357420444488525,0.28977540135383606,0.30357420444488525,0.29590821266174316,0.0,0.30469265580177307,0.30469265580177307,0.30469265580177307,0.30469265580177307,0.0,-0.959823727607727,0.6948122978210449,-10.72630786895752,0.0,0.0,0.0,0.0,0.0,0.0,0.0,0.0,0.0,0.0,0.0,0.0,0.0,0.0,0.0,0.30469274520874023,0.30469274520874023,0.304692804813385,0.30469274520874023,0.33220455050468445,0.04114978387951851,0.04114978387951851,0.39053526520729065,0.4118903577327728,1.074061632156372,1.191715955734253,0.0,0.0,0.0,0.0,0.0,0.0,0.0
79667700942,0,-0.02080148085951805,-0.14620105922222137,-0.12788167595863342,-0.02080148085951805,-0.14620105922222137,-0.8278816938400269,-0.017328975722193718,0.00655400799587369,0.007293109316378832,0.0,0.0,0.0,-0.012481643818318844,-0.019522257149219513,-0.010293465107679367,0.0,0.0,-0.010293466039001942,0.064394012093544,0.05026323348283768,0.02934996411204338,0.09827778488397598,0.15551410615444183,5.098217661725357e-05,0.0,0.0,0.0,-0.23287656903266907,10.088459968566895,0.0454254150390625,9.800445556640625,0.25309303402900696,-10.0,-9.880027770996094,14.67492389678955,2.0,2.0,17.789152145385742,0.30357420444488525,0.28977540135383606,0.30357420444488525,0.29744139313697815,0.0,0.30469265580177307,0.30469265580177307,0.30469265580177307,0.30469265580177307,0.0,-0.959823727607727,0.6948122978210449,-10.72630786895752,0.0,0.0,0.0,0.0,0.0,0.0,0.0,0.0,0.0,0.0,0.0,0.0,0.0,0.0,0.0,0.30469274520874023,0.30469274520874023,0.304692804813385,0.30469274520874023,0.33220455050468445,0.04114978387951851,0.04114978387951851,0.39053526520729065,0.4118903577327728,1.074061632156372,1.191715955734253,0.0,0.0,0.0,0.0,0.0,0.0,0.0
79677826515,0,-0.02080148085951805,-0.14620105922222137,-0.12788167595863342,-0.02080148085951805,-0.14620105922222137,-0.8278816938400269,-0.017328975722193718,0.00655400799587369,0.007293109316378832,0.0,0.0,0.0,-0.012481643818318844,-0.019522257149219513,-0.010293465107679367,0.0,0.0,-0.010293466039001942,0.064394012093544,0.05026323348283768,0.02934996411204338,0.09827778488397598,0.15551410615444183,5.098217661725357e-05,0.0,0.0,0.0,-0.23287656903266907,10.088459968566895,0.0454254150390625,9.800445556640625,0.25309303402900696,-10.0,-9.880027770996094,14.67492389678955,2.0,2.0,17.789152145385742,0.30357420444488525,0.28977540135383606,0.30357420444488525,0.29744139313697815,0.0,0.30469265580177307,0.30469265580177307,0.30469265580177307,0.30469265580177307,0.0,-0.959823727607727,0.6948122978210449,-10.72630786895752,0.0,0.0,0.0,0.0,0.0,0.0,0.0,0.0,0.0,0.0,0.0,0.0,0.0,0.0,0.0,0.30469274520874023,0.30469274520874023,0.304692804813385,0.30469274520874023,0.33220455050468445,0.04114978387951851,0.04114978387951851,0.39053526520729065,0.4118903577327728,1.074061632156372,1.191715955734253,0.0,0.0,0.0,0.0,0.0,0.0,0.0
79688030411,0,-0.02080148085951805,-0.14620105922222137,-0.12788167595863342,-0.02080148085951805,-0.14620105922222137,-0.8278816938400269,-0.017328975722193718,0.00655400799587369,0.007293109316378832,0.0,0.0,0.0,-0.012481643818318844,-0.019522257149219513,-0.010293465107679367,0.0,0.0,-0.010293466039001942,0.064394012093544,0.05026323348283768,0.02934996411204338,0.09827778488397598,0.15551410615444183,5.098217661725357e-05,0.0,0.0,0.0,-0.23287656903266907,10.088459968566895,0.0454254150390625,9.800445556640625,0.25309303402900696,-10.0,-9.880027770996094,14.67492389678955,2.0,2.0,17.789152145385742,0.30357420444488525,0.28977540135383606,0.30357420444488525,0.29590821266174316,0.0,0.30469265580177307,0.30469265580177307,0.30469265580177307,0.30469265580177307,0.0,-0.959823727607727,0.6948122978210449,-10.72630786895752,0.0,0.0,0.0,0.0,0.0,0.0,0.0,0.0,0.0,0.0,0.0,0.0,0.0,0.0,0.0,0.30469274520874023,0.30469274520874023,0.304692804813385,0.30469274520874023,0.33220455050468445,0.04114978387951851,0.04114978387951851,0.39053526520729065,0.4118903577327728,1.074061632156372,1.191715955734253,0.0,0.0,0.0,0.0,0.0,0.0,0.0
79698003977,0,-0.02080148085951805,-0.14620105922222137,-0.12788167595863342,-0.02080148085951805,-0.14620105922222137,-0.8278816938400269,-0.017328975722193718,0.00655400799587369,0.007293109316378832,0.0,0.0,0.0,-0.012481643818318844,-0.019522257149219513,-0.010293465107679367,0.0,0.0,-0.010293466039001942,0.064394012093544,0.05026323348283768,0.02934996411204338,0.09827778488397598,0.15551410615444183,5.098217661725357e-05,0.0,0.0,0.0,-0.23287656903266907,10.088459968566895,0.0454254150390625,9.800445556640625,0.25309303402900696,-10.0,-9.880027770996094,14.67492389678955,2.0,2.0,17.789152145385742,0.30357420444488525,0.28977540135383606,0.30357420444488525,0.29590821266174316,0.0,0.30469265580177307,0.30469265580177307,0.30469265580177307,0.30469265580177307,0.0,-0.959823727607727,0.6948122978210449,-10.72630786895752,0.0,0.0,0.0,0.0,0.0,0.0,0.0,0.0,0.0,0.0,0.0,0.0,0.0,0.0,0.0,0.30469274520874023,0.30469274520874023,0.304692804813385,0.30469274520874023,0.33220455050468445,0.04114978387951851,0.04114978387951851,0.39053526520729065,0.4118903577327728,1.074061632156372,1.191715955734253,0.0,0.0,0.0,0.0,0.0,0.0,0.0
79708274981,0,-0.02080148085951805,-0.14620105922222137,-0.12788167595863342,-0.02080148085951805,-0.14620105922222137,-0.8278816938400269,-0.017328975722193718,0.00655400799587369,0.007293109316378832,0.0,0.0,0.0,-0.012481643818318844,-0.019522257149219513,-0.010293465107679367,0.0,0.0,-0.010293466039001942,0.064394012093544,0.05026323348283768,0.02934996411204338,0.09827778488397598,0.15551410615444183,5.098217661725357e-05,0.0,0.0,0.0,-0.23287656903266907,10.088459968566895,0.0454254150390625,9.800445556640625,0.25309303402900696,-10.0,-9.880027770996094,14.67492389678955,2.0,2.0,17.789152145385742,0.30357420444488525,0.28977540135383606,0.30357420444488525,0.29590821266174316,0.0,0.30469265580177307,0.30469265580177307,0.30469265580177307,0.30469265580177307,0.0,-0.959823727607727,0.6948122978210449,-10.72630786895752,0.0,0.0,0.0,0.0,0.0,0.0,0.0,0.0,0.0,0.0,0.0,0.0,0.0,0.0,0.0,0.30469274520874023,0.30469274520874023,0.304692804813385,0.30469274520874023,0.33220455050468445,0.04114978387951851,0.04114978387951851,0.39053526520729065,0.4118903577327728,1.074061632156372,1.191715955734253,0.0,0.0,0.0,0.0,0.0,0.0,0.0
79717975670,0,-0.02080148085951805,-0.14620105922222137,-0.12788167595863342,-0.02080148085951805,-0.14620105922222137,-0.8278816938400269,-0.017328975722193718,0.00655400799587369,0.007293109316378832,0.0,0.0,0.0,-0.012481643818318844,-0.019522257149219513,-0.010293465107679367,0.0,0.0,-0.010293466039001942,0.064394012093544,0.05026323348283768,0.02934996411204338,0.09827778488397598,0.15551410615444183,5.098217661725357e-05,0.0,0.0,0.0,-0.23287656903266907,10.088459968566895,0.0454254150390625,9.800445556640625,0.25309303402900696,-10.0,-9.880027770996094,14.67492389678955,2.0,2.0,17.789152145385742,0.30357420444488525,0.28977540135383606,0.30357420444488525,0.29744139313697815,0.0,0.30469265580177307,0.30469265580177307,0.30469265580177307,0.30469265580177307,0.0,-0.959823727607727,0.6948122978210449,-10.72630786895752,0.0,0.0,0.0,0.0,0.0,0.0,0.0,0.0,0.0,0.0,0.0,0.0,0.0,0.0,0.0,0.30469274520874023,0.30469274520874023,0.304692804813385,0.30469274520874023,0.33220455050468445,0.04114978387951851,0.04114978387951851,0.39053526520729065,0.4118903577327728,1.074061632156372,1.191715955734253,0.0,0.0,0.0,0.0,0.0,0.0,0.0
79727736742,0,-0.02080148085951805,-0.14620105922222137,-0.12788167595863342,-0.02080148085951805,-0.14620105922222137,-0.8278816938400269,-0.017328975722193718,0.00655400799587369,0.007293109316378832,0.0,0.0,0.0,-0.012481643818318844,-0.019522257149219513,-0.010293465107679367,0.0,0.0,-0.010293466039001942,0.064394012093544,0.05026323348283768,0.02934996411204338,0.09827778488397598,0.15551410615444183,5.098217661725357e-05,0.0,0.0,0.0,-0.23287656903266907,10.088459968566895,0.0454254150390625,9.800445556640625,0.25309303402900696,-10.0,-9.880027770996094,14.67492389678955,2.0,2.0,17.789152145385742,0.30357420444488525,0.28977540135383606,0.30357420444488525,0.29744139313697815,0.0,0.30469265580177307,0.30469265580177307,0.30469265580177307,0.30469265580177307,0.0,-0.959823727607727,0.6948122978210449,-10.72630786895752,0.0,0.0,0.0,0.0,0.0,0.0,0.0,0.0,0.0,0.0,0.0,0.0,0.0,0.0,0.0,0.30469274520874023,0.30469274520874023,0.304692804813385,0.30469274520874023,0.33220455050468445,0.04114978387951851,0.04114978387951851,0.39053526520729065,0.4118903577327728,1.074061632156372,1.191715955734253,0.0,0.0,0.0,0.0,0.0,0.0,0.0
79737725775,0,-0.02080148085951805,-0.14620105922222137,-0.12788167595863342,-0.02080148085951805,-0.14620105922222137,-0.8278816938400269,-0.017328975722193718,0.00655400799587369,0.007293109316378832,0.0,0.0,0.0,-0.012481643818318844,-0.019522257149219513,-0.010293465107679367,0.0,0.0,-0.010293466039001942,0.064394012093544,0.05026323348283768,0.02934996411204338,0.09827778488397598,0.15551410615444183,5.098217661725357e-05,0.0,0.0,0.0,-0.23287656903266907,10.088459968566895,0.0454254150390625,9.800445556640625,0.25309303402900696,-10.0,-9.880027770996094,14.67492389678955,2.0,2.0,17.789152145385742,0.30357420444488525,0.28977540135383606,0.30357420444488525,0.29590821266174316,0.0,0.30469265580177307,0.30469265580177307,0.30469265580177307,0.30469265580177307,0.0,-0.959823727607727,0.6948122978210449,-10.72630786895752,0.0,0.0,0.0,0.0,0.0,0.0,0.0,0.0,0.0,0.0,0.0,0.0,0.0,0.0,0.0,0.30469274520874023,0.30469274520874023,0.304692804813385,0.30469274520874023,0.33220455050468445,0.04114978387951851,0.04114978387951851,0.39053526520729065,0.4118903577327728,1.074061632156372,1.191715955734253,0.0,0.0,0.0,0.0,0.0,0.0,0.0
79747661601,0,-0.02080148085951805,-0.14620105922222137,-0.12788167595863342,-0.02080148085951805,-0.14620105922222137,-0.8278816938400269,-0.017328975722193718,0.00655400799587369,0.007293109316378832,0.0,0.0,0.0,-0.012481643818318844,-0.019522257149219513,-0.010293465107679367,0.0,0.0,-0.010293466039001942,0.064394012093544,0.05026323348283768,0.02934996411204338,0.09827778488397598,0.15551410615444183,5.098217661725357e-05,0.0,0.0,0.0,-0.23287656903266907,10.088459968566895,0.0454254150390625,9.800445556640625,0.25309303402900696,-10.0,-9.880027770996094,14.67492389678955,2.0,2.0,17.789152145385742,0.30357420444488525,0.28977540135383606,0.30357420444488525,0.29590821266174316,0.0,0.30469265580177307,0.30469265580177307,0.30469265580177307,0.30469265580177307,0.0,-0.959823727607727,0.6948122978210449,-10.72630786895752,0.0,0.0,0.0,0.0,0.0,0.0,0.0,0.0,0.0,0.0,0.0,0.0,0.0,0.0,0.0,0.30469274520874023,0.30469274520874023,0.304692804813385,0.30469274520874023,0.33220455050468445,0.04114978387951851,0.04114978387951851,0.39053526520729065,0.4118903577327728,1.074061632156372,1.191715955734253,0.0,0.0,0.0,0.0,0.0,0.0,0.0
79757845562,0,-0.02080148085951805,-0.14620105922222137,-0.12788167595863342,-0.02080148085951805,-0.14620105922222137,-0.8278816938400269,-0.017328975722193718,0.00655400799587369,0.007293109316378832,0.0,0.0,0.0,-0.012481643818318844,-0.019522257149219513,-0.010293465107679367,0.0,0.0,-0.010293466039001942,0.064394012093544,0.05026323348283768,0.02934996411204338,0.09827778488397598,0.15551410615444183,5.098217661725357e-05,0.0,0.0,0.0,-0.23287656903266907,10.088459968566895,0.0454254150390625,9.800445556640625,0.25309303402900696,-10.0,-9.880027770996094,14.67492389678955,2.0,2.0,17.789152145385742,0.30357420444488525,0.28977540135383606,0.30357420444488525,0.29590821266174316,0.0,0.30469265580177307,0.30469265580177307,0.30469265580177307,0.30469265580177307,0.0,-0.959823727607727,0.6948122978210449,-10.72630786895752,0.0,0.0,0.0,0.0,0.0,0.0,0.0,0.0,0.0,0.0,0.0,0.0,0.0,0.0,0.0,0.30469274520874023,0.30469274520874023,0.304692804813385,0.30469274520874023,0.33220455050468445,0.04114978387951851,0.04114978387951851,0.39053526520729065,0.4118903577327728,1.074061632156372,1.191715955734253,0.0,0.0,0.0,0.0,0.0,0.0,0.0
79768342705,0,-0.02080148085951805,-0.14620105922222137,-0.12788167595863342,-0.02080148085951805,-0.14620105922222137,-0.8278816938400269,-0.017328975722193718,0.00655400799587369,0.007293109316378832,0.0,0.0,0.0,-0.012481643818318844,-0.019522257149219513,-0.010293465107679367,0.0,0.0,-0.010293466039001942,0.064394012093544,0.05026323348283768,0.02934996411204338,0.09827778488397598,0.15551410615444183,5.098217661725357e-05,0.0,0.0,0.0,-0.23287656903266907,10.088459968566895,0.0454254150390625,9.800445556640625,0.25309303402900696,-10.0,-9.880027770996094,14.67492389678955,2.0,2.0,17.789152145385742,0.30357420444488525,0.28977540135383606,0.30357420444488525,0.29744139313697815,0.0,0.30469265580177307,0.30469265580177307,0.30469265580177307,0.30469265580177307,0.0,-0.959823727607727,0.6948122978210449,-10.72630786895752,0.0,0.0,0.0,0.0,0.0,0.0,0.0,0.0,0.0,0.0,0.0,0.0,0.0,0.0,0.0,0.30469274520874023,0.30469274520874023,0.304692804813385,0.30469274520874023,0.33220455050468445,0.04114978387951851,0.04114978387951851,0.39053526520729065,0.4118903577327728,1.074061632156372,1.191715955734253,0.0,0.0,0.0,0.0,0.0,0.0,0.0
79778659810,0,-0.02080148085951805,-0.14620105922222137,-0.12788167595863342,-0.02080148085951805,-0.14620105922222137,-0.8278816938400269,-0.017328975722193718,0.00655400799587369,0.007293109316378832,0.0,0.0,0.0,-0.012481643818318844,-0.019522257149219513,-0.010293465107679367,0.0,0.0,-0.010293466039001942,0.064394012093544,0.05026323348283768,0.02934996411204338,0.09827778488397598,0.15551410615444183,5.098217661725357e-05,0.0,0.0,0.0,-0.23287656903266907,10.088459968566895,0.0454254150390625,9.800445556640625,0.25309303402900696,-10.0,-9.880027770996094,14.67492389678955,2.0,2.0,17.789152145385742,0.30357420444488525,0.28977540135383606,0.30357420444488525,0.29744139313697815,0.0,0.30469265580177307,0.30469265580177307,0.30469265580177307,0.30469265580177307,0.0,-0.959823727607727,0.6948122978210449,-10.72630786895752,0.0,0.0,0.0,0.0,0.0,0.0,0.0,0.0,0.0,0.0,0.0,0.0,0.0,0.0,0.0,0.30469274520874023,0.30469274520874023,0.304692804813385,0.30469274520874023,0.33220455050468445,0.04114978387951851,0.04114978387951851,0.39053526520729065,0.4118903577327728,1.074061632156372,1.191715955734253,0.0,0.0,0.0,0.0,0.0,0.0,0.0
79790675206,0,-0.02080148085951805,-0.14620105922222137,-0.12788167595863342,-0.02080148085951805,-0.14620105922222137,-0.8278816938400269,-0.017328975722193718,0.00655400799587369,0.007293109316378832,0.0,0.0,0.0,-0.012481643818318844,-0.019522257149219513,-0.010293465107679367,0.0,0.0,-0.010293466039001942,0.064394012093544,0.05026323348283768,0.02934996411204338,0.09827778488397598,0.15551410615444183,5.098217661725357e-05,0.0,0.0,0.0,-0.23287656903266907,10.088459968566895,0.0454254150390625,9.800445556640625,0.25309303402900696,-10.0,-9.880027770996094,14.67492389678955,2.0,2.0,17.789152145385742,0.30357420444488525,0.28977540135383606,0.30357420444488525,0.29744139313697815,0.0,0.30469265580177307,0.30469265580177307,0.30469265580177307,0.30469265580177307,0.0,-0.959823727607727,0.6948122978210449,-10.72630786895752,0.0,0.0,0.0,0.0,0.0,0.0,0.0,0.0,0.0,0.0,0.0,0.0,0.0,0.0,0.0,0.30469274520874023,0.30469274520874023,0.304692804813385,0.30469274520874023,0.33220455050468445,0.04114978387951851,0.04114978387951851,0.39053526520729065,0.4118903577327728,1.074061632156372,1.191715955734253,0.0,0.0,0.0,0.0,0.0,0.0,0.0
79797706322,0,-0.02080148085951805,-0.14620105922222137,-0.12788167595863342,-0.02080148085951805,-0.14620105922222137,-0.8278816938400269,-0.017328975722193718,0.00655400799587369,0.007293109316378832,0.0,0.0,0.0,-0.012481643818318844,-0.019522257149219513,-0.010293465107679367,0.0,0.0,-0.010293466039001942,0.064394012093544,0.05026323348283768,0.02934996411204338,0.09827778488397598,0.15551410615444183,5.098217661725357e-05,0.0,0.0,0.0,-0.23287656903266907,10.088459968566895,0.0454254150390625,9.800445556640625,0.25309303402900696,-10.0,-9.880027770996094,14.67492389678955,2.0,2.0,17.789152145385742,0.30357420444488525,0.28977540135383606,0.30357420444488525,0.29590821266174316,0.0,0.30469265580177307,0.30469265580177307,0.30469265580177307,0.30469265580177307,0.0,-0.959823727607727,0.6948122978210449,-10.72630786895752,0.0,0.0,0.0,0.0,0.0,0.0,0.0,0.0,0.0,0.0,0.0,0.0,0.0,0.0,0.0,0.30469274520874023,0.30469274520874023,0.304692804813385,0.30469274520874023,0.33220455050468445,0.04114978387951851,0.04114978387951851,0.39053526520729065,0.4118903577327728,1.074061632156372,1.191715955734253,0.0,0.0,0.0,0.0,0.0,0.0,0.0
79807693734,0,-0.02080148085951805,-0.14620105922222137,-0.12788167595863342,-0.02080148085951805,-0.14620105922222137,-0.8278816938400269,-0.017328975722193718,0.00655400799587369,0.007293109316378832,0.0,0.0,0.0,-0.012481643818318844,-0.019522257149219513,-0.010293465107679367,0.0,0.0,-0.010293466039001942,0.064394012093544,0.05026323348283768,0.02934996411204338,0.09827778488397598,0.15551410615444183,5.098217661725357e-05,0.0,0.0,0.0,-0.23287656903266907,10.088459968566895,0.0454254150390625,9.800445556640625,0.25309303402900696,-10.0,-9.880027770996094,14.67492389678955,2.0,2.0,17.789152145385742,0.30357420444488525,0.28977540135383606,0.30357420444488525,0.29590821266174316,0.0,0.30469265580177307,0.30469265580177307,0.30469265580177307,0.30469265580177307,0.0,-0.959823727607727,0.6948122978210449,-10.72630786895752,0.0,0.0,0.0,0.0,0.0,0.0,0.0,0.0,0.0,0.0,0.0,0.0,0.0,0.0,0.0,0.30469274520874023,0.30469274520874023,0.304692804813385,0.30469274520874023,0.33220455050468445,0.04114978387951851,0.04114978387951851,0.39053526520729065,0.4118903577327728,1.074061632156372,1.191715955734253,0.0,0.0,0.0,0.0,0.0,0.0,0.0
79818059542,0,-0.02080148085951805,-0.14620105922222137,-0.12788167595863342,-0.02080148085951805,-0.14620105922222137,-0.8278816938400269,-0.017328975722193718,0.00655400799587369,0.007293109316378832,0.0,0.0,0.0,-0.012481643818318844,-0.019522257149219513,-0.010293465107679367,0.0,0.0,-0.010293466039001942,0.064394012093544,0.05026323348283768,0.02934996411204338,0.09827778488397598,0.15551410615444183,5.098217661725357e-05,0.0,0.0,0.0,-0.23287656903266907,10.088459968566895,0.0454254150390625,9.800445556640625,0.25309303402900696,-10.0,-9.880027770996094,14.67492389678955,2.0,2.0,17.789152145385742,0.30357420444488525,0.28977540135383606,0.30357420444488525,0.29744139313697815,0.0,0.30469265580177307,0.30469265580177307,0.30469265580177307,0.30469265580177307,0.0,-0.959823727607727,0.6948122978210449,-10.72630786895752,0.0,0.0,0.0,0.0,0.0,0.0,0.0,0.0,0.0,0.0,0.0,0.0,0.0,0.0,0.0,0.30469274520874023,0.30469274520874023,0.304692804813385,0.30469274520874023,0.33220455050468445,0.04114978387951851,0.04114978387951851,0.39053526520729065,0.4118903577327728,1.074061632156372,1.191715955734253,0.0,0.0,0.0,0.0,0.0,0.0,0.0
79827698322,0,-0.02080148085951805,-0.14620105922222137,-0.12788167595863342,-0.02080148085951805,-0.14620105922222137,-0.8278816938400269,-0.017328975722193718,0.00655400799587369,0.007293109316378832,0.0,0.0,0.0,-0.012481643818318844,-0.019522257149219513,-0.010293465107679367,0.0,0.0,-0.010293466039001942,0.064394012093544,0.05026323348283768,0.02934996411204338,0.09827778488397598,0.15551410615444183,5.098217661725357e-05,0.0,0.0,0.0,-0.23287656903266907,10.088459968566895,0.0454254150390625,9.800445556640625,0.25309303402900696,-10.0,-9.880027770996094,14.67492389678955,2.0,2.0,17.789152145385742,0.30357420444488525,0.28977540135383606,0.30357420444488525,0.29744139313697815,0.0,0.30469265580177307,0.30469265580177307,0.30469265580177307,0.30469265580177307,0.0,-0.959823727607727,0.6948122978210449,-10.72630786895752,0.0,0.0,0.0,0.0,0.0,0.0,0.0,0.0,0.0,0.0,0.0,0.0,0.0,0.0,0.0,0.30469274520874023,0.30469274520874023,0.304692804813385,0.30469274520874023,0.33220455050468445,0.04114978387951851,0.04114978387951851,0.39053526520729065,0.4118903577327728,1.074061632156372,1.191715955734253,0.0,0.0,0.0,0.0,0.0,0.0,0.0
79840640846,0,-0.02080148085951805,-0.14620105922222137,-0.12788167595863342,-0.02080148085951805,-0.14620105922222137,-0.8278816938400269,-0.017328975722193718,0.00655400799587369,0.007293109316378832,0.0,0.0,0.0,-0.012481643818318844,-0.019522257149219513,-0.010293465107679367,0.0,0.0,-0.010293466039001942,0.064394012093544,0.05026323348283768,0.02934996411204338,0.09827778488397598,0.15551410615444183,5.098217661725357e-05,0.0,0.0,0.0,-0.23287656903266907,10.088459968566895,0.0454254150390625,9.800445556640625,0.25309303402900696,-10.0,-9.880027770996094,14.67492389678955,2.0,2.0,17.789152145385742,0.30357420444488525,0.28977540135383606,0.30357420444488525,0.29744139313697815,0.0,0.30469265580177307,0.30469265580177307,0.30469265580177307,0.30469265580177307,0.0,-0.959823727607727,0.6948122978210449,-10.72630786895752,0.0,0.0,0.0,0.0,0.0,0.0,0.0,0.0,0.0,0.0,0.0,0.0,0.0,0.0,0.0,0.30469274520874023,0.30469274520874023,0.304692804813385,0.30469274520874023,0.33220455050468445,0.04114978387951851,0.04114978387951851,0.39053526520729065,0.4118903577327728,1.074061632156372,1.191715955734253,0.0,0.0,0.0,0.0,0.0,0.0,0.0
79847769296,0,-0.02080148085951805,-0.14620105922222137,-0.12788167595863342,-0.02080148085951805,-0.14620105922222137,-0.8278816938400269,-0.017328975722193718,0.00655400799587369,0.007293109316378832,0.0,0.0,0.0,-0.012481643818318844,-0.019522257149219513,-0.010293465107679367,0.0,0.0,-0.010293466039001942,0.064394012093544,0.05026323348283768,0.02934996411204338,0.09827778488397598,0.15551410615444183,5.098217661725357e-05,0.0,0.0,0.0,-0.23287656903266907,10.088459968566895,0.0454254150390625,9.800445556640625,0.25309303402900696,-10.0,-9.880027770996094,14.67492389678955,2.0,2.0,17.789152145385742,0.30357420444488525,0.28977540135383606,0.30357420444488525,0.29590821266174316,0.0,0.30469265580177307,0.30469265580177307,0.30469265580177307,0.30469265580177307,0.0,-0.959823727607727,0.6948122978210449,-10.72630786895752,0.0,0.0,0.0,0.0,0.0,0.0,0.0,0.0,0.0,0.0,0.0,0.0,0.0,0.0,0.0,0.30469274520874023,0.30469274520874023,0.304692804813385,0.30469274520874023,0.33220455050468445,0.04114978387951851,0.04114978387951851,0.39053526520729065,0.4118903577327728,1.074061632156372,1.191715955734253,0.0,0.0,0.0,0.0,0.0,0.0,0.0
79858066775,0,-0.02080148085951805,-0.14620105922222137,-0.12788167595863342,-0.02080148085951805,-0.14620105922222137,-0.8278816938400269,-0.017328975722193718,0.00655400799587369,0.007293109316378832,0.0,0.0,0.0,-0.012481643818318844,-0.019522257149219513,-0.010293465107679367,0.0,0.0,-0.010293466039001942,0.064394012093544,0.05026323348283768,0.02934996411204338,0.09827778488397598,0.15551410615444183,5.098217661725357e-05,0.0,0.0,0.0,-0.23287656903266907,10.088459968566895,0.0454254150390625,9.800445556640625,0.25309303402900696,-10.0,-9.880027770996094,14.67492389678955,2.0,2.0,17.789152145385742,0.30357420444488525,0.28977540135383606,0.30357420444488525,0.29744139313697815,0.0,0.30469265580177307,0.30469265580177307,0.30469265580177307,0.30469265580177307,0.0,-0.959823727607727,0.6948122978210449,-10.72630786895752,0.0,0.0,0.0,0.0,0.0,0.0,0.0,0.0,0.0,0.0,0.0,0.0,0.0,0.0,0.0,0.30469274520874023,0.30469274520874023,0.304692804813385,0.30469274520874023,0.33220455050468445,0.04114978387951851,0.04114978387951851,0.39053526520729065,0.4118903577327728,1.074061632156372,1.191715955734253,0.0,0.0,0.0,0.0,0.0,0.0,0.0
79867875430,0,-0.02080148085951805,-0.14620105922222137,-0.12788167595863342,-0.02080148085951805,-0.14620105922222137,-0.8278816938400269,-0.017328975722193718,0.00655400799587369,0.007293109316378832,0.0,0.0,0.0,-0.012481643818318844,-0.019522257149219513,-0.010293465107679367,0.0,0.0,-0.010293466039001942,0.064394012093544,0.05026323348283768,0.02934996411204338,0.09827778488397598,0.15551410615444183,5.098217661725357e-05,0.0,0.0,0.0,-0.23287656903266907,10.088459968566895,0.0454254150390625,9.800445556640625,0.25309303402900696,-10.0,-9.880027770996094,14.67492389678955,2.0,2.0,17.789152145385742,0.30357420444488525,0.28977540135383606,0.30357420444488525,0.29744139313697815,0.0,0.30469265580177307,0.30469265580177307,0.30469265580177307,0.30469265580177307,0.0,-0.959823727607727,0.6948122978210449,-10.72630786895752,0.0,0.0,0.0,0.0,0.0,0.0,0.0,0.0,0.0,0.0,0.0,0.0,0.0,0.0,0.0,0.30469274520874023,0.30469274520874023,0.304692804813385,0.30469274520874023,0.33220455050468445,0.04114978387951851,0.04114978387951851,0.39053526520729065,0.4118903577327728,1.074061632156372,1.191715955734253,0.0,0.0,0.0,0.0,0.0,0.0,0.0
79877831818,0,-0.02080148085951805,-0.14620105922222137,-0.12788167595863342,-0.02080148085951805,-0.14620105922222137,-0.8278816938400269,-0.017328975722193718,0.00655400799587369,0.007293109316378832,0.0,0.0,0.0,-0.012481643818318844,-0.019522257149219513,-0.010293465107679367,0.0,0.0,-0.010293466039001942,0.064394012093544,0.05026323348283768,0.02934996411204338,0.09827778488397598,0.15551410615444183,5.098217661725357e-05,0.0,0.0,0.0,-0.23287656903266907,10.088459968566895,0.0454254150390625,9.800445556640625,0.25309303402900696,-10.0,-9.880027770996094,14.67492389678955,2.0,2.0,17.789152145385742,0.30357420444488525,0.28977540135383606,0.30357420444488525,0.29744139313697815,0.0,0.30469265580177307,0.30469265580177307,0.30469265580177307,0.30469265580177307,0.0,-0.959823727607727,0.6948122978210449,-10.72630786895752,0.0,0.0,0.0,0.0,0.0,0.0,0.0,0.0,0.0,0.0,0.0,0.0,0.0,0.0,0.0,0.30469274520874023,0.30469274520874023,0.304692804813385,0.30469274520874023,0.33220455050468445,0.04114978387951851,0.04114978387951851,0.39053526520729065,0.4118903577327728,1.074061632156372,1.191715955734253,0.0,0.0,0.0,0.0,0.0,0.0,0.0
79889601487,0,-0.02080148085951805,-0.14620105922222137,-0.12788167595863342,-0.02080148085951805,-0.14620105922222137,-0.8278816938400269,-0.017328975722193718,0.00655400799587369,0.007293109316378832,0.0,0.0,0.0,-0.012481643818318844,-0.019522257149219513,-0.010293465107679367,0.0,0.0,-0.010293466039001942,0.064394012093544,0.05026323348283768,0.02934996411204338,0.09827778488397598,0.15551410615444183,5.098217661725357e-05,0.0,0.0,0.0,-0.23287656903266907,10.088459968566895,0.0454254150390625,9.800445556640625,0.25309303402900696,-10.0,-9.880027770996094,14.67492389678955,2.0,2.0,17.789152145385742,0.30357420444488525,0.28977540135383606,0.30357420444488525,0.29590821266174316,0.0,0.30469265580177307,0.30469265580177307,0.30469265580177307,0.30469265580177307,0.0,-0.959823727607727,0.6948122978210449,-10.72630786895752,0.0,0.0,0.0,0.0,0.0,0.0,0.0,0.0,0.0,0.0,0.0,0.0,0.0,0.0,0.0,0.30469274520874023,0.30469274520874023,0.304692804813385,0.30469274520874023,0.33220455050468445,0.04114978387951851,0.04114978387951851,0.39053526520729065,0.4118903577327728,1.074061632156372,1.191715955734253,0.0,0.0,0.0,0.0,0.0,0.0,0.0
79897948235,0,-0.02080148085951805,-0.14620105922222137,-0.12788167595863342,-0.02080148085951805,-0.14620105922222137,-0.8278816938400269,-0.017328975722193718,0.00655400799587369,0.007293109316378832,0.0,0.0,0.0,-0.012481643818318844,-0.019522257149219513,-0.010293465107679367,0.0,0.0,-0.010293466039001942,0.064394012093544,0.05026323348283768,0.02934996411204338,0.09827778488397598,0.15551410615444183,5.098217661725357e-05,0.0,0.0,0.0,-0.23287656903266907,10.088459968566895,0.0454254150390625,9.800445556640625,0.25309303402900696,-10.0,-9.880027770996094,14.67492389678955,2.0,2.0,17.789152145385742,0.30357420444488525,0.28977540135383606,0.30357420444488525,0.29744139313697815,0.0,0.30469265580177307,0.30469265580177307,0.30469265580177307,0.30469265580177307,0.0,-0.959823727607727,0.6948122978210449,-10.72630786895752,0.0,0.0,0.0,0.0,0.0,0.0,0.0,0.0,0.0,0.0,0.0,0.0,0.0,0.0,0.0,0.30469274520874023,0.30469274520874023,0.304692804813385,0.30469274520874023,0.33220455050468445,0.04114978387951851,0.04114978387951851,0.39053526520729065,0.4118903577327728,1.074061632156372,1.191715955734253,0.0,0.0,0.0,0.0,0.0,0.0,0.0
79907878299,0,-0.02080148085951805,-0.14620105922222137,-0.12788167595863342,-0.02080148085951805,-0.14620105922222137,-0.8278816938400269,-0.017328975722193718,0.00655400799587369,0.007293109316378832,0.0,0.0,0.0,-0.012481643818318844,-0.019522257149219513,-0.010293465107679367,0.0,0.0,-0.010293466039001942,0.064394012093544,0.05026323348283768,0.02934996411204338,0.09827778488397598,0.15551410615444183,5.098217661725357e-05,0.0,0.0,0.0,-0.23287656903266907,10.088459968566895,0.0454254150390625,9.800445556640625,0.25309303402900696,-10.0,-9.880027770996094,14.67492389678955,2.0,2.0,17.789152145385742,0.30357420444488525,0.28977540135383606,0.30357420444488525,0.29590821266174316,0.0,0.30469265580177307,0.30469265580177307,0.30469265580177307,0.30469265580177307,0.0,-0.959823727607727,0.6948122978210449,-10.72630786895752,0.0,0.0,0.0,0.0,0.0,0.0,0.0,0.0,0.0,0.0,0.0,0.0,0.0,0.0,0.0,0.30469274520874023,0.30469274520874023,0.304692804813385,0.30469274520874023,0.33220455050468445,0.04114978387951851,0.04114978387951851,0.39053526520729065,0.4118903577327728,1.074061632156372,1.191715955734253,0.0,0.0,0.0,0.0,0.0,0.0,0.0
79917822139,0,-0.02080148085951805,-0.14620105922222137,-0.12788167595863342,-0.02080148085951805,-0.14620105922222137,-0.8278816938400269,-0.017328975722193718,0.00655400799587369,0.007293109316378832,0.0,0.0,0.0,-0.012481643818318844,-0.019522257149219513,-0.010293465107679367,0.0,0.0,-0.010293466039001942,0.064394012093544,0.05026323348283768,0.02934996411204338,0.09827778488397598,0.15551410615444183,5.098217661725357e-05,0.0,0.0,0.0,-0.23287656903266907,10.088459968566895,0.0454254150390625,9.800445556640625,0.25309303402900696,-10.0,-9.880027770996094,14.67492389678955,2.0,2.0,17.789152145385742,0.30357420444488525,0.28977540135383606,0.30357420444488525,0.29590821266174316,0.0,0.30469265580177307,0.30469265580177307,0.30469265580177307,0.30469265580177307,0.0,-0.959823727607727,0.6948122978210449,-10.72630786895752,0.0,0.0,0.0,0.0,0.0,0.0,0.0,0.0,0.0,0.0,0.0,0.0,0.0,0.0,0.0,0.30469274520874023,0.30469274520874023,0.304692804813385,0.30469274520874023,0.33220455050468445,0.04114978387951851,0.04114978387951851,0.39053526520729065,0.4118903577327728,1.074061632156372,1.191715955734253,0.0,0.0,0.0,0.0,0.0,0.0,0.0
79927664837,0,-0.02080148085951805,-0.14620105922222137,-0.12788167595863342,-0.02080148085951805,-0.14620105922222137,-0.8278816938400269,-0.017328975722193718,0.00655400799587369,0.007293109316378832,0.0,0.0,0.0,-0.012481643818318844,-0.019522257149219513,-0.010293465107679367,0.0,0.0,-0.010293466039001942,0.064394012093544,0.05026323348283768,0.02934996411204338,0.09827778488397598,0.15551410615444183,5.098217661725357e-05,0.0,0.0,0.0,-0.23287656903266907,10.088459968566895,0.0454254150390625,9.800445556640625,0.25309303402900696,-10.0,-9.880027770996094,14.67492389678955,2.0,2.0,17.789152145385742,0.30357420444488525,0.28977540135383606,0.30357420444488525,0.29744139313697815,0.0,0.30469265580177307,0.30469265580177307,0.30469265580177307,0.30469265580177307,0.0,-0.959823727607727,0.6948122978210449,-10.72630786895752,0.0,0.0,0.0,0.0,0.0,0.0,0.0,0.0,0.0,0.0,0.0,0.0,0.0,0.0,0.0,0.30469274520874023,0.30469274520874023,0.304692804813385,0.30469274520874023,0.33220455050468445,0.04114978387951851,0.04114978387951851,0.39053526520729065,0.4118903577327728,1.074061632156372,1.191715955734253,0.0,0.0,0.0,0.0,0.0,0.0,0.0
79937831360,0,-0.02080148085951805,-0.14620105922222137,-0.12788167595863342,-0.02080148085951805,-0.14620105922222137,-0.8278816938400269,-0.017328975722193718,0.00655400799587369,0.007293109316378832,0.0,0.0,0.0,-0.012481643818318844,-0.019522257149219513,-0.010293465107679367,0.0,0.0,-0.010293466039001942,0.064394012093544,0.05026323348283768,0.02934996411204338,0.09827778488397598,0.15551410615444183,5.098217661725357e-05,0.0,0.0,0.0,-0.23287656903266907,10.088459968566895,0.0454254150390625,9.800445556640625,0.25309303402900696,-10.0,-9.880027770996094,14.67492389678955,2.0,2.0,17.789152145385742,0.30357420444488525,0.28977540135383606,0.30357420444488525,0.29744139313697815,0.0,0.30469265580177307,0.30469265580177307,0.30469265580177307,0.30469265580177307,0.0,-0.959823727607727,0.6948122978210449,-10.72630786895752,0.0,0.0,0.0,0.0,0.0,0.0,0.0,0.0,0.0,0.0,0.0,0.0,0.0,0.0,0.0,0.30469274520874023,0.30469274520874023,0.304692804813385,0.30469274520874023,0.33220455050468445,0.04114978387951851,0.04114978387951851,0.39053526520729065,0.4118903577327728,1.074061632156372,1.191715955734253,0.0,0.0,0.0,0.0,0.0,0.0,0.0
79948189018,0,-0.02080148085951805,-0.14620105922222137,-0.12788167595863342,-0.02080148085951805,-0.14620105922222137,-0.8278816938400269,-0.017328975722193718,0.00655400799587369,0.007293109316378832,0.0,0.0,0.0,-0.012481643818318844,-0.019522257149219513,-0.010293465107679367,0.0,0.0,-0.010293466039001942,0.064394012093544,0.05026323348283768,0.02934996411204338,0.09827778488397598,0.15551410615444183,5.098217661725357e-05,0.0,0.0,0.0,-0.23287656903266907,10.088459968566895,0.0454254150390625,9.800445556640625,0.25309303402900696,-10.0,-9.880027770996094,14.67492389678955,2.0,2.0,17.789152145385742,0.30357420444488525,0.28977540135383606,0.30357420444488525,0.29744139313697815,0.0,0.30469265580177307,0.30469265580177307,0.30469265580177307,0.30469265580177307,0.0,-0.959823727607727,0.6948122978210449,-10.72630786895752,0.0,0.0,0.0,0.0,0.0,0.0,0.0,0.0,0.0,0.0,0.0,0.0,0.0,0.0,0.0,0.30469274520874023,0.30469274520874023,0.304692804813385,0.30469274520874023,0.33220455050468445,0.04114978387951851,0.04114978387951851,0.39053526520729065,0.4118903577327728,1.074061632156372,1.191715955734253,0.0,0.0,0.0,0.0,0.0,0.0,0.0
79967763613,0,-0.02080148085951805,-0.14620105922222137,-0.12788167595863342,-0.02080148085951805,-0.14620105922222137,-0.8278816938400269,-0.017328975722193718,0.00655400799587369,0.007293109316378832,0.0,0.0,0.0,-0.012481643818318844,-0.019522257149219513,-0.010293465107679367,0.0,0.0,-0.010293466039001942,0.064394012093544,0.05026323348283768,0.02934996411204338,0.09827778488397598,0.15551410615444183,5.098217661725357e-05,0.0,0.0,0.0,-0.23287656903266907,10.088459968566895,0.0454254150390625,9.800445556640625,0.25309303402900696,-10.0,-9.880027770996094,14.67492389678955,2.0,2.0,17.789152145385742,0.30357420444488525,0.28977540135383606,0.30357420444488525,0.29744139313697815,0.0,0.30469265580177307,0.30469265580177307,0.30469265580177307,0.30469265580177307,0.0,-0.959823727607727,0.6948122978210449,-10.72630786895752,0.0,0.0,0.0,0.0,0.0,0.0,0.0,0.0,0.0,0.0,0.0,0.0,0.0,0.0,0.0,0.30469274520874023,0.30469274520874023,0.304692804813385,0.30469274520874023,0.33220455050468445,0.04114978387951851,0.04114978387951851,0.39053526520729065,0.4118903577327728,1.074061632156372,1.191715955734253,0.0,0.0,0.0,0.0,0.0,0.0,0.0
79967823633,0,-0.02080148085951805,-0.14620105922222137,-0.12788167595863342,-0.02080148085951805,-0.14620105922222137,-0.8278816938400269,-0.017328975722193718,0.00655400799587369,0.007293109316378832,0.0,0.0,0.0,-0.012481643818318844,-0.019522257149219513,-0.010293465107679367,0.0,0.0,-0.010293466039001942,0.064394012093544,0.05026323348283768,0.02934996411204338,0.09827778488397598,0.15551410615444183,5.098217661725357e-05,0.0,0.0,0.0,-0.23287656903266907,10.088459968566895,0.0454254150390625,9.800445556640625,0.25309303402900696,-10.0,-9.880027770996094,14.67492389678955,2.0,2.0,17.789152145385742,0.30357420444488525,0.28977540135383606,0.30357420444488525,0.29744139313697815,0.0,0.30469265580177307,0.30469265580177307,0.30469265580177307,0.30469265580177307,0.0,-0.959823727607727,0.6948122978210449,-10.72630786895752,0.0,0.0,0.0,0.0,0.0,0.0,0.0,0.0,0.0,0.0,0.0,0.0,0.0,0.0,0.0,0.30469274520874023,0.30469274520874023,0.304692804813385,0.30469274520874023,0.33220455050468445,0.04114978387951851,0.04114978387951851,0.39053526520729065,0.4118903577327728,1.074061632156372,1.191715955734253,0.0,0.0,0.0,0.0,0.0,0.0,0.0
79977616303,0,-0.02080148085951805,-0.14620105922222137,-0.12788167595863342,-0.02080148085951805,-0.14620105922222137,-0.8278816938400269,-0.017328975722193718,0.00655400799587369,0.007293109316378832,0.0,0.0,0.0,-0.012481643818318844,-0.019522257149219513,-0.010293465107679367,0.0,0.0,-0.010293466039001942,0.064394012093544,0.05026323348283768,0.02934996411204338,0.09827778488397598,0.15551410615444183,5.098217661725357e-05,0.0,0.0,0.0,-0.23287656903266907,10.088459968566895,0.0454254150390625,9.800445556640625,0.25309303402900696,-10.0,-9.880027770996094,14.67492389678955,2.0,2.0,17.789152145385742,0.30357420444488525,0.28977540135383606,0.30357420444488525,0.29744139313697815,0.0,0.30469265580177307,0.30469265580177307,0.30469265580177307,0.30469265580177307,0.0,-0.959823727607727,0.6948122978210449,-10.72630786895752,0.0,0.0,0.0,0.0,0.0,0.0,0.0,0.0,0.0,0.0,0.0,0.0,0.0,0.0,0.0,0.30469274520874023,0.30469274520874023,0.304692804813385,0.30469274520874023,0.33220455050468445,0.04114978387951851,0.04114978387951851,0.39053526520729065,0.4118903577327728,1.074061632156372,1.191715955734253,0.0,0.0,0.0,0.0,0.0,0.0,0.0
79988389374,0,-0.02080148085951805,-0.14620105922222137,-0.12788167595863342,-0.02080148085951805,-0.14620105922222137,-0.8278816938400269,-0.017328975722193718,0.00655400799587369,0.007293109316378832,0.0,0.0,0.0,-0.012481643818318844,-0.019522257149219513,-0.010293465107679367,0.0,0.0,-0.010293466039001942,0.064394012093544,0.05026323348283768,0.02934996411204338,0.09827778488397598,0.15551410615444183,5.098217661725357e-05,0.0,0.0,0.0,-0.23287656903266907,10.088459968566895,0.0454254150390625,9.800445556640625,0.25309303402900696,-10.0,-9.880027770996094,14.67492389678955,2.0,2.0,17.789152145385742,0.30357420444488525,0.28977540135383606,0.30357420444488525,0.29590821266174316,0.0,0.30469265580177307,0.30469265580177307,0.30469265580177307,0.30469265580177307,0.0,-0.959823727607727,0.6948122978210449,-10.72630786895752,0.0,0.0,0.0,0.0,0.0,0.0,0.0,0.0,0.0,0.0,0.0,0.0,0.0,0.0,0.0,0.30469274520874023,0.30469274520874023,0.304692804813385,0.30469274520874023,0.33220455050468445,0.04114978387951851,0.04114978387951851,0.39053526520729065,0.4118903577327728,1.074061632156372,1.191715955734253,0.0,0.0,0.0,0.0,0.0,0.0,0.0
79997887948,0,-0.02080148085951805,-0.14620105922222137,-0.12788167595863342,-0.02080148085951805,-0.14620105922222137,-0.8278816938400269,-0.017328975722193718,0.00655400799587369,0.007293109316378832,0.0,0.0,0.0,-0.012481643818318844,-0.019522257149219513,-0.010293465107679367,0.0,0.0,-0.010293466039001942,0.064394012093544,0.05026323348283768,0.02934996411204338,0.09827778488397598,0.15551410615444183,5.098217661725357e-05,0.0,0.0,0.0,-0.23287656903266907,10.088459968566895,0.0454254150390625,9.800445556640625,0.25309303402900696,-10.0,-9.880027770996094,14.67492389678955,2.0,2.0,17.789152145385742,0.30357420444488525,0.28977540135383606,0.30357420444488525,0.29590821266174316,0.0,0.30469265580177307,0.30469265580177307,0.30469265580177307,0.30469265580177307,0.0,-0.959823727607727,0.6948122978210449,-10.72630786895752,0.0,0.0,0.0,0.0,0.0,0.0,0.0,0.0,0.0,0.0,0.0,0.0,0.0,0.0,0.0,0.30469274520874023,0.30469274520874023,0.304692804813385,0.30469274520874023,0.33220455050468445,0.04114978387951851,0.04114978387951851,0.39053526520729065,0.4118903577327728,1.074061632156372,1.191715955734253,0.0,0.0,0.0,0.0,0.0,0.0,0.0
80009707461,0,-0.02080148085951805,-0.14620105922222137,-0.12788167595863342,-0.02080148085951805,-0.14620105922222137,-0.8278816938400269,-0.017328975722193718,0.00655400799587369,0.007293109316378832,0.0,0.0,0.0,-0.012481643818318844,-0.019522257149219513,-0.010293465107679367,0.0,0.0,-0.010293466039001942,0.064394012093544,0.05026323348283768,0.02934996411204338,0.09827778488397598,0.15551410615444183,5.098217661725357e-05,0.0,0.0,0.0,-0.23287656903266907,10.088459968566895,0.0454254150390625,9.800445556640625,0.25309303402900696,-10.0,-9.880027770996094,14.67492389678955,2.0,2.0,17.789152145385742,0.30357420444488525,0.28977540135383606,0.30357420444488525,0.29744139313697815,0.0,0.30469265580177307,0.30469265580177307,0.30469265580177307,0.30469265580177307,0.0,-0.959823727607727,0.6948122978210449,-10.72630786895752,0.0,0.0,0.0,0.0,0.0,0.0,0.0,0.0,0.0,0.0,0.0,0.0,0.0,0.0,0.0,0.30469274520874023,0.30469274520874023,0.304692804813385,0.30469274520874023,0.33220455050468445,0.04114978387951851,0.04114978387951851,0.39053526520729065,0.4118903577327728,1.074061632156372,1.191715955734253,0.0,0.0,0.0,0.0,0.0,0.0,0.0
80018421355,0,-0.02080148085951805,-0.14620105922222137,-0.12788167595863342,-0.02080148085951805,-0.14620105922222137,-0.8278816938400269,-0.017328975722193718,0.00655400799587369,0.007293109316378832,0.0,0.0,0.0,-0.012481643818318844,-0.019522257149219513,-0.010293465107679367,0.0,0.0,-0.010293466039001942,0.064394012093544,0.05026323348283768,0.02934996411204338,0.09827778488397598,0.15551410615444183,5.098217661725357e-05,0.0,0.0,0.0,-0.23287656903266907,10.088459968566895,0.0454254150390625,9.800445556640625,0.25309303402900696,-10.0,-9.880027770996094,14.67492389678955,2.0,2.0,17.789152145385742,0.30357420444488525,0.28977540135383606,0.30357420444488525,0.29744139313697815,0.0,0.30469265580177307,0.30469265580177307,0.30469265580177307,0.30469265580177307,0.0,-0.959823727607727,0.6948122978210449,-10.72630786895752,0.0,0.0,0.0,0.0,0.0,0.0,0.0,0.0,0.0,0.0,0.0,0.0,0.0,0.0,0.0,0.30469274520874023,0.30469274520874023,0.304692804813385,0.30469274520874023,0.33220455050468445,0.04114978387951851,0.04114978387951851,0.39053526520729065,0.4118903577327728,1.074061632156372,1.191715955734253,0.0,0.0,0.0,0.0,0.0,0.0,0.0
80031157780,0,-0.02080148085951805,-0.14620105922222137,-0.12788167595863342,-0.02080148085951805,-0.14620105922222137,-0.8278816938400269,-0.017328975722193718,0.00655400799587369,0.007293109316378832,0.0,0.0,0.0,-0.012481643818318844,-0.019522257149219513,-0.010293465107679367,0.0,0.0,-0.010293466039001942,0.064394012093544,0.05026323348283768,0.02934996411204338,0.09827778488397598,0.15551410615444183,5.098217661725357e-05,0.0,0.0,0.0,-0.23287656903266907,10.088459968566895,0.0454254150390625,9.800445556640625,0.25309303402900696,-10.0,-9.880027770996094,14.67492389678955,2.0,2.0,17.789152145385742,0.30357420444488525,0.28977540135383606,0.30357420444488525,0.29744139313697815,0.0,0.30469265580177307,0.30469265580177307,0.30469265580177307,0.30469265580177307,0.0,-0.959823727607727,0.6948122978210449,-10.72630786895752,0.0,0.0,0.0,0.0,0.0,0.0,0.0,0.0,0.0,0.0,0.0,0.0,0.0,0.0,0.0,0.30469274520874023,0.30469274520874023,0.304692804813385,0.30469274520874023,0.33220455050468445,0.04114978387951851,0.04114978387951851,0.39053526520729065,0.4118903577327728,1.074061632156372,1.191715955734253,0.0,0.0,0.0,0.0,0.0,0.0,0.0
80038499614,0,-0.02080148085951805,-0.14620105922222137,-0.12788167595863342,-0.02080148085951805,-0.14620105922222137,-0.8278816938400269,-0.017328975722193718,0.00655400799587369,0.007293109316378832,0.0,0.0,0.0,-0.012481643818318844,-0.019522257149219513,-0.010293465107679367,0.0,0.0,-0.010293466039001942,0.064394012093544,0.05026323348283768,0.02934996411204338,0.09827778488397598,0.15551410615444183,5.098217661725357e-05,0.0,0.0,0.0,-0.23287656903266907,10.088459968566895,0.0454254150390625,9.800445556640625,0.25309303402900696,-10.0,-9.880027770996094,14.67492389678955,2.0,2.0,17.789152145385742,0.30357420444488525,0.28977540135383606,0.30357420444488525,0.29744139313697815,0.0,0.30469265580177307,0.30469265580177307,0.30469265580177307,0.30469265580177307,0.0,-0.959823727607727,0.6948122978210449,-10.72630786895752,0.0,0.0,0.0,0.0,0.0,0.0,0.0,0.0,0.0,0.0,0.0,0.0,0.0,0.0,0.0,0.30469274520874023,0.30469274520874023,0.304692804813385,0.30469274520874023,0.33220455050468445,0.04114978387951851,0.04114978387951851,0.39053526520729065,0.4118903577327728,1.074061632156372,1.191715955734253,0.0,0.0,0.0,0.0,0.0,0.0,0.0
80048092887,0,-0.02080148085951805,-0.14620105922222137,-0.12788167595863342,-0.02080148085951805,-0.14620105922222137,-0.8278816938400269,-0.017328975722193718,0.00655400799587369,0.007293109316378832,0.0,0.0,0.0,-0.012481643818318844,-0.019522257149219513,-0.010293465107679367,0.0,0.0,-0.010293466039001942,0.064394012093544,0.05026323348283768,0.02934996411204338,0.09827778488397598,0.15551410615444183,5.098217661725357e-05,0.0,0.0,0.0,-0.23287656903266907,10.088459968566895,0.0454254150390625,9.800445556640625,0.25309303402900696,-10.0,-9.880027770996094,14.67492389678955,2.0,2.0,17.789152145385742,0.30357420444488525,0.28977540135383606,0.30357420444488525,0.29744139313697815,0.0,0.30469265580177307,0.30469265580177307,0.30469265580177307,0.30469265580177307,0.0,-0.959823727607727,0.6948122978210449,-10.72630786895752,0.0,0.0,0.0,0.0,0.0,0.0,0.0,0.0,0.0,0.0,0.0,0.0,0.0,0.0,0.0,0.30469274520874023,0.30469274520874023,0.304692804813385,0.30469274520874023,0.33220455050468445,0.04114978387951851,0.04114978387951851,0.39053526520729065,0.4118903577327728,1.074061632156372,1.191715955734253,0.0,0.0,0.0,0.0,0.0,0.0,0.0
80057951260,0,-0.02080148085951805,-0.14620105922222137,-0.12788167595863342,-0.02080148085951805,-0.14620105922222137,-0.8278816938400269,-0.017328975722193718,0.00655400799587369,0.007293109316378832,0.0,0.0,0.0,-0.012481643818318844,-0.019522257149219513,-0.010293465107679367,0.0,0.0,-0.010293466039001942,0.064394012093544,0.05026323348283768,0.02934996411204338,0.09827778488397598,0.15551410615444183,5.098217661725357e-05,0.0,0.0,0.0,-0.23287656903266907,10.088459968566895,0.0454254150390625,9.800445556640625,0.25309303402900696,-10.0,-9.880027770996094,14.67492389678955,2.0,2.0,17.789152145385742,0.30357420444488525,0.28977540135383606,0.30357420444488525,0.29744139313697815,0.0,0.30469265580177307,0.30469265580177307,0.30469265580177307,0.30469265580177307,0.0,-0.959823727607727,0.6948122978210449,-10.72630786895752,0.0,0.0,0.0,0.0,0.0,0.0,0.0,0.0,0.0,0.0,0.0,0.0,0.0,0.0,0.0,0.30469274520874023,0.30469274520874023,0.304692804813385,0.30469274520874023,0.33220455050468445,0.04114978387951851,0.04114978387951851,0.39053526520729065,0.4118903577327728,1.074061632156372,1.191715955734253,0.0,0.0,0.0,0.0,0.0,0.0,0.0
80067719200,0,-0.02080148085951805,-0.14620105922222137,-0.12788167595863342,-0.02080148085951805,-0.14620105922222137,-0.8278816938400269,-0.017328975722193718,0.00655400799587369,0.007293109316378832,0.0,0.0,0.0,-0.012481643818318844,-0.019522257149219513,-0.010293465107679367,0.0,0.0,-0.010293466039001942,0.064394012093544,0.05026323348283768,0.02934996411204338,0.09827778488397598,0.15551410615444183,5.098217661725357e-05,0.0,0.0,0.0,-0.23287656903266907,10.088459968566895,0.0454254150390625,9.800445556640625,0.25309303402900696,-10.0,-9.880027770996094,14.67492389678955,2.0,2.0,17.789152145385742,0.30357420444488525,0.28977540135383606,0.30357420444488525,0.29590821266174316,0.0,0.30469265580177307,0.30469265580177307,0.30469265580177307,0.30469265580177307,0.0,-0.959823727607727,0.6948122978210449,-10.72630786895752,0.0,0.0,0.0,0.0,0.0,0.0,0.0,0.0,0.0,0.0,0.0,0.0,0.0,0.0,0.0,0.30469274520874023,0.30469274520874023,0.304692804813385,0.30469274520874023,0.33220455050468445,0.04114978387951851,0.04114978387951851,0.39053526520729065,0.4118903577327728,1.074061632156372,1.191715955734253,0.0,0.0,0.0,0.0,0.0,0.0,0.0
80077651067,0,-0.02080148085951805,-0.14620105922222137,-0.12788167595863342,-0.02080148085951805,-0.14620105922222137,-0.8278816938400269,-0.017328975722193718,0.00655400799587369,0.007293109316378832,0.0,0.0,0.0,-0.012481643818318844,-0.019522257149219513,-0.010293465107679367,0.0,0.0,-0.010293466039001942,0.064394012093544,0.05026323348283768,0.02934996411204338,0.09827778488397598,0.15551410615444183,5.098217661725357e-05,0.0,0.0,0.0,-0.23287656903266907,10.088459968566895,0.0454254150390625,9.800445556640625,0.25309303402900696,-10.0,-9.880027770996094,14.67492389678955,2.0,2.0,17.789152145385742,0.30357420444488525,0.28977540135383606,0.30357420444488525,0.29744139313697815,0.0,0.30469265580177307,0.30469265580177307,0.30469265580177307,0.30469265580177307,0.0,-0.959823727607727,0.6948122978210449,-10.72630786895752,0.0,0.0,0.0,0.0,0.0,0.0,0.0,0.0,0.0,0.0,0.0,0.0,0.0,0.0,0.0,0.30469274520874023,0.30469274520874023,0.304692804813385,0.30469274520874023,0.33220455050468445,0.04114978387951851,0.04114978387951851,0.39053526520729065,0.4118903577327728,1.074061632156372,1.191715955734253,0.0,0.0,0.0,0.0,0.0,0.0,0.0
80087794654,0,-0.02080148085951805,-0.14620105922222137,-0.12788167595863342,-0.02080148085951805,-0.14620105922222137,-0.8278816938400269,-0.017328975722193718,0.00655400799587369,0.007293109316378832,0.0,0.0,0.0,-0.012481643818318844,-0.019522257149219513,-0.010293465107679367,0.0,0.0,-0.010293466039001942,0.064394012093544,0.05026323348283768,0.02934996411204338,0.09827778488397598,0.15551410615444183,5.098217661725357e-05,0.0,0.0,0.0,-0.23287656903266907,10.088459968566895,0.0454254150390625,9.800445556640625,0.25309303402900696,-10.0,-9.880027770996094,14.67492389678955,2.0,2.0,17.789152145385742,0.30357420444488525,0.28977540135383606,0.30357420444488525,0.29590821266174316,0.0,0.30469265580177307,0.30469265580177307,0.30469265580177307,0.30469265580177307,0.0,-0.959823727607727,0.6948122978210449,-10.72630786895752,0.0,0.0,0.0,0.0,0.0,0.0,0.0,0.0,0.0,0.0,0.0,0.0,0.0,0.0,0.0,0.30469274520874023,0.30469274520874023,0.304692804813385,0.30469274520874023,0.33220455050468445,0.04114978387951851,0.04114978387951851,0.39053526520729065,0.4118903577327728,1.074061632156372,1.191715955734253,0.0,0.0,0.0,0.0,0.0,0.0,0.0
80097836990,0,-0.02080148085951805,-0.14620105922222137,-0.12788167595863342,-0.02080148085951805,-0.14620105922222137,-0.8278816938400269,-0.017328975722193718,0.00655400799587369,0.007293109316378832,0.0,0.0,0.0,-0.012481643818318844,-0.019522257149219513,-0.010293465107679367,0.0,0.0,-0.010293466039001942,0.064394012093544,0.05026323348283768,0.02934996411204338,0.09827778488397598,0.15551410615444183,5.098217661725357e-05,0.0,0.0,0.0,-0.23287656903266907,10.088459968566895,0.0454254150390625,9.800445556640625,0.25309303402900696,-10.0,-9.880027770996094,14.67492389678955,2.0,2.0,17.789152145385742,0.30357420444488525,0.28977540135383606,0.30357420444488525,0.29590821266174316,0.0,0.30469265580177307,0.30469265580177307,0.30469265580177307,0.30469265580177307,0.0,-0.959823727607727,0.6948122978210449,-10.72630786895752,0.0,0.0,0.0,0.0,0.0,0.0,0.0,0.0,0.0,0.0,0.0,0.0,0.0,0.0,0.0,0.30469274520874023,0.30469274520874023,0.304692804813385,0.30469274520874023,0.33220455050468445,0.04114978387951851,0.04114978387951851,0.39053526520729065,0.4118903577327728,1.074061632156372,1.191715955734253,0.0,0.0,0.0,0.0,0.0,0.0,0.0
80107645220,0,-0.02080148085951805,-0.14620105922222137,-0.12788167595863342,-0.02080148085951805,-0.14620105922222137,-0.8278816938400269,-0.017328975722193718,0.00655400799587369,0.007293109316378832,0.0,0.0,0.0,-0.012481643818318844,-0.019522257149219513,-0.010293465107679367,0.0,0.0,-0.010293466039001942,0.064394012093544,0.05026323348283768,0.02934996411204338,0.09827778488397598,0.15551410615444183,5.098217661725357e-05,0.0,0.0,0.0,-0.23287656903266907,10.088459968566895,0.0454254150390625,9.800445556640625,0.25309303402900696,-10.0,-9.880027770996094,14.67492389678955,2.0,2.0,17.789152145385742,0.30357420444488525,0.28977540135383606,0.30357420444488525,0.29744139313697815,0.0,0.30469265580177307,0.30469265580177307,0.30469265580177307,0.30469265580177307,0.0,-0.959823727607727,0.6948122978210449,-10.72630786895752,0.0,0.0,0.0,0.0,0.0,0.0,0.0,0.0,0.0,0.0,0.0,0.0,0.0,0.0,0.0,0.30469274520874023,0.30469274520874023,0.304692804813385,0.30469274520874023,0.33220455050468445,0.04114978387951851,0.04114978387951851,0.39053526520729065,0.4118903577327728,1.074061632156372,1.191715955734253,0.0,0.0,0.0,0.0,0.0,0.0,0.0
80117669996,0,-0.02080148085951805,-0.14620105922222137,-0.12788167595863342,-0.02080148085951805,-0.14620105922222137,-0.8278816938400269,-0.017328975722193718,0.00655400799587369,0.007293109316378832,0.0,0.0,0.0,-0.012481643818318844,-0.019522257149219513,-0.010293465107679367,0.0,0.0,-0.010293466039001942,0.064394012093544,0.05026323348283768,0.02934996411204338,0.09827778488397598,0.15551410615444183,5.098217661725357e-05,0.0,0.0,0.0,-0.23287656903266907,10.088459968566895,0.0454254150390625,9.800445556640625,0.25309303402900696,-10.0,-9.880027770996094,14.67492389678955,2.0,2.0,17.789152145385742,0.30357420444488525,0.28977540135383606,0.30357420444488525,0.29744139313697815,0.0,0.30469265580177307,0.30469265580177307,0.30469265580177307,0.30469265580177307,0.0,-0.959823727607727,0.6948122978210449,-10.72630786895752,0.0,0.0,0.0,0.0,0.0,0.0,0.0,0.0,0.0,0.0,0.0,0.0,0.0,0.0,0.0,0.30469274520874023,0.30469274520874023,0.304692804813385,0.30469274520874023,0.33220455050468445,0.04114978387951851,0.04114978387951851,0.39053526520729065,0.4118903577327728,1.074061632156372,1.191715955734253,0.0,0.0,0.0,0.0,0.0,0.0,0.0
80128041084,0,-0.02080148085951805,-0.14620105922222137,-0.12788167595863342,-0.02080148085951805,-0.14620105922222137,-0.8278816938400269,-0.017328975722193718,0.00655400799587369,0.007293109316378832,0.0,0.0,0.0,-0.012481643818318844,-0.019522257149219513,-0.010293465107679367,0.0,0.0,-0.010293466039001942,0.064394012093544,0.05026323348283768,0.02934996411204338,0.09827778488397598,0.15551410615444183,5.098217661725357e-05,0.0,0.0,0.0,-0.23287656903266907,10.088459968566895,0.0454254150390625,9.800445556640625,0.25309303402900696,-10.0,-9.880027770996094,14.67492389678955,2.0,2.0,17.789152145385742,0.30357420444488525,0.28977540135383606,0.30357420444488525,0.29744139313697815,0.0,0.30469265580177307,0.30469265580177307,0.30469265580177307,0.30469265580177307,0.0,-0.959823727607727,0.6948122978210449,-10.72630786895752,0.0,0.0,0.0,0.0,0.0,0.0,0.0,0.0,0.0,0.0,0.0,0.0,0.0,0.0,0.0,0.30469274520874023,0.30469274520874023,0.304692804813385,0.30469274520874023,0.33220455050468445,0.04114978387951851,0.04114978387951851,0.39053526520729065,0.4118903577327728,1.074061632156372,1.191715955734253,0.0,0.0,0.0,0.0,0.0,0.0,0.0
80138846469,0,-0.02080148085951805,-0.14620105922222137,-0.12788167595863342,-0.02080148085951805,-0.14620105922222137,-0.8278816938400269,-0.017328975722193718,0.00655400799587369,0.007293109316378832,0.0,0.0,0.0,-0.012481643818318844,-0.019522257149219513,-0.010293465107679367,0.0,0.0,-0.010293466039001942,0.064394012093544,0.05026323348283768,0.02934996411204338,0.09827778488397598,0.15551410615444183,5.098217661725357e-05,0.0,0.0,0.0,-0.23287656903266907,10.088459968566895,0.0454254150390625,9.800445556640625,0.25309303402900696,-10.0,-9.880027770996094,14.67492389678955,2.0,2.0,17.789152145385742,0.30357420444488525,0.28977540135383606,0.30357420444488525,0.29744139313697815,0.0,0.30469265580177307,0.30469265580177307,0.30469265580177307,0.30469265580177307,0.0,-0.959823727607727,0.6948122978210449,-10.72630786895752,0.0,0.0,0.0,0.0,0.0,0.0,0.0,0.0,0.0,0.0,0.0,0.0,0.0,0.0,0.0,0.30469274520874023,0.30469274520874023,0.304692804813385,0.30469274520874023,0.33220455050468445,0.04114978387951851,0.04114978387951851,0.39053526520729065,0.4118903577327728,1.074061632156372,1.191715955734253,0.0,0.0,0.0,0.0,0.0,0.0,0.0
80149339666,0,-0.02080148085951805,-0.14620105922222137,-0.12788167595863342,-0.02080148085951805,-0.14620105922222137,-0.8278816938400269,-0.017328975722193718,0.00655400799587369,0.007293109316378832,0.0,0.0,0.0,-0.012481643818318844,-0.019522257149219513,-0.010293465107679367,0.0,0.0,-0.010293466039001942,0.064394012093544,0.05026323348283768,0.02934996411204338,0.09827778488397598,0.15551410615444183,5.098217661725357e-05,0.0,0.0,0.0,-0.23287656903266907,10.088459968566895,0.0454254150390625,9.800445556640625,0.25309303402900696,-10.0,-9.880027770996094,14.67492389678955,2.0,2.0,17.789152145385742,0.30357420444488525,0.28977540135383606,0.30357420444488525,0.29744139313697815,0.0,0.30469265580177307,0.30469265580177307,0.30469265580177307,0.30469265580177307,0.0,-0.959823727607727,0.6948122978210449,-10.72630786895752,0.0,0.0,0.0,0.0,0.0,0.0,0.0,0.0,0.0,0.0,0.0,0.0,0.0,0.0,0.0,0.30469274520874023,0.30469274520874023,0.304692804813385,0.30469274520874023,0.33220455050468445,0.04114978387951851,0.04114978387951851,0.39053526520729065,0.4118903577327728,1.074061632156372,1.191715955734253,0.0,0.0,0.0,0.0,0.0,0.0,0.0
80158011469,0,-0.02080148085951805,-0.14620105922222137,-0.12788167595863342,-0.02080148085951805,-0.14620105922222137,-0.8278816938400269,-0.017328975722193718,0.00655400799587369,0.007293109316378832,0.0,0.0,0.0,-0.012481643818318844,-0.019522257149219513,-0.010293465107679367,0.0,0.0,-0.010293466039001942,0.064394012093544,0.05026323348283768,0.02934996411204338,0.09827778488397598,0.15551410615444183,5.098217661725357e-05,0.0,0.0,0.0,-0.23287656903266907,10.088459968566895,0.0454254150390625,9.800445556640625,0.25309303402900696,-10.0,-9.880027770996094,14.67492389678955,2.0,2.0,17.789152145385742,0.30357420444488525,0.28977540135383606,0.30357420444488525,0.29744139313697815,0.0,0.30469265580177307,0.30469265580177307,0.30469265580177307,0.30469265580177307,0.0,-0.959823727607727,0.6948122978210449,-10.72630786895752,0.0,0.0,0.0,0.0,0.0,0.0,0.0,0.0,0.0,0.0,0.0,0.0,0.0,0.0,0.0,0.30469274520874023,0.30469274520874023,0.304692804813385,0.30469274520874023,0.33220455050468445,0.04114978387951851,0.04114978387951851,0.39053526520729065,0.4118903577327728,1.074061632156372,1.191715955734253,0.0,0.0,0.0,0.0,0.0,0.0,0.0
80168043669,0,-0.02080148085951805,-0.14620105922222137,-0.12788167595863342,-0.02080148085951805,-0.14620105922222137,-0.8278816938400269,-0.017328975722193718,0.00655400799587369,0.007293109316378832,0.0,0.0,0.0,-0.012481643818318844,-0.019522257149219513,-0.010293465107679367,0.0,0.0,-0.010293466039001942,0.064394012093544,0.05026323348283768,0.02934996411204338,0.09827778488397598,0.15551410615444183,5.098217661725357e-05,0.0,0.0,0.0,-0.23287656903266907,10.088459968566895,0.0454254150390625,9.800445556640625,0.25309303402900696,-10.0,-9.880027770996094,14.67492389678955,2.0,2.0,17.789152145385742,0.30357420444488525,0.28977540135383606,0.30357420444488525,0.29744139313697815,0.0,0.30469265580177307,0.30469265580177307,0.30469265580177307,0.30469265580177307,0.0,-0.959823727607727,0.6948122978210449,-10.72630786895752,0.0,0.0,0.0,0.0,0.0,0.0,0.0,0.0,0.0,0.0,0.0,0.0,0.0,0.0,0.0,0.30469274520874023,0.30469274520874023,0.304692804813385,0.30469274520874023,0.33220455050468445,0.04114978387951851,0.04114978387951851,0.39053526520729065,0.4118903577327728,1.074061632156372,1.191715955734253,0.0,0.0,0.0,0.0,0.0,0.0,0.0
80181387955,0,-0.02080148085951805,-0.14620105922222137,-0.12788167595863342,-0.02080148085951805,-0.14620105922222137,-0.8278816938400269,-0.017328975722193718,0.00655400799587369,0.007293109316378832,0.0,0.0,0.0,-0.012481643818318844,-0.019522257149219513,-0.010293465107679367,0.0,0.0,-0.010293466039001942,0.064394012093544,0.05026323348283768,0.02934996411204338,0.09827778488397598,0.15551410615444183,5.098217661725357e-05,0.0,0.0,0.0,-0.23287656903266907,10.088459968566895,0.0454254150390625,9.800445556640625,0.25309303402900696,-10.0,-9.880027770996094,14.67492389678955,2.0,2.0,17.789152145385742,0.30357420444488525,0.28977540135383606,0.30204102396965027,0.29744139313697815,0.0,0.30469265580177307,0.30469265580177307,0.30469265580177307,0.30469265580177307,0.0,-0.959823727607727,0.6948122978210449,-10.72630786895752,0.0,0.0,0.0,0.0,0.0,0.0,0.0,0.0,0.0,0.0,0.0,0.0,0.0,0.0,0.0,0.30469274520874023,0.30469274520874023,0.304692804813385,0.30469274520874023,0.33220455050468445,0.04114978387951851,0.04114978387951851,0.39053526520729065,0.4118903577327728,1.074061632156372,1.191715955734253,0.0,0.0,0.0,0.0,0.0,0.0,0.0
80188053783,0,-0.02080148085951805,-0.14620105922222137,-0.12788167595863342,-0.02080148085951805,-0.14620105922222137,-0.8278816938400269,-0.017328975722193718,0.00655400799587369,0.007293109316378832,0.0,0.0,0.0,-0.012481643818318844,-0.019522257149219513,-0.010293465107679367,0.0,0.0,-0.010293466039001942,0.064394012093544,0.05026323348283768,0.02934996411204338,0.09827778488397598,0.15551410615444183,5.098217661725357e-05,0.0,0.0,0.0,-0.23287656903266907,10.088459968566895,0.0454254150390625,9.800445556640625,0.25309303402900696,-10.0,-9.880027770996094,14.67492389678955,2.0,2.0,17.789152145385742,0.30357420444488525,0.28977540135383606,0.30357420444488525,0.29744139313697815,0.0,0.30469265580177307,0.30469265580177307,0.30469265580177307,0.30469265580177307,0.0,-0.959823727607727,0.6948122978210449,-10.72630786895752,0.0,0.0,0.0,0.0,0.0,0.0,0.0,0.0,0.0,0.0,0.0,0.0,0.0,0.0,0.0,0.30469274520874023,0.30469274520874023,0.304692804813385,0.30469274520874023,0.33220455050468445,0.04114978387951851,0.04114978387951851,0.39053526520729065,0.4118903577327728,1.074061632156372,1.191715955734253,0.0,0.0,0.0,0.0,0.0,0.0,0.0
80198703584,0,-0.02080148085951805,-0.14620105922222137,-0.12788167595863342,-0.02080148085951805,-0.14620105922222137,-0.8278816938400269,-0.017328975722193718,0.00655400799587369,0.007293109316378832,0.0,0.0,0.0,-0.012481643818318844,-0.019522257149219513,-0.010293465107679367,0.0,0.0,-0.010293466039001942,0.064394012093544,0.05026323348283768,0.02934996411204338,0.09827778488397598,0.15551410615444183,5.098217661725357e-05,0.0,0.0,0.0,-0.23287656903266907,10.088459968566895,0.0454254150390625,9.800445556640625,0.25309303402900696,-10.0,-9.880027770996094,14.67492389678955,2.0,2.0,17.789152145385742,0.30357420444488525,0.28977540135383606,0.30357420444488525,0.29744139313697815,0.0,0.30469265580177307,0.30469265580177307,0.30469265580177307,0.30469265580177307,0.0,-0.959823727607727,0.6948122978210449,-10.72630786895752,0.0,0.0,0.0,0.0,0.0,0.0,0.0,0.0,0.0,0.0,0.0,0.0,0.0,0.0,0.0,0.30469274520874023,0.30469274520874023,0.304692804813385,0.30469274520874023,0.33220455050468445,0.04114978387951851,0.04114978387951851,0.39053526520729065,0.4118903577327728,1.074061632156372,1.191715955734253,0.0,0.0,0.0,0.0,0.0,0.0,0.0
80208525768,0,-0.02080148085951805,-0.14620105922222137,-0.12788167595863342,-0.02080148085951805,-0.14620105922222137,-0.8278816938400269,-0.017328975722193718,0.00655400799587369,0.007293109316378832,0.0,0.0,0.0,-0.012481643818318844,-0.019522257149219513,-0.010293465107679367,0.0,0.0,-0.010293466039001942,0.064394012093544,0.05026323348283768,0.02934996411204338,0.09827778488397598,0.15551410615444183,5.098217661725357e-05,0.0,0.0,0.0,-0.23287656903266907,10.088459968566895,0.0454254150390625,9.800445556640625,0.25309303402900696,-10.0,-9.880027770996094,14.67492389678955,2.0,2.0,17.789152145385742,0.30357420444488525,0.28977540135383606,0.30357420444488525,0.29590821266174316,0.0,0.30469265580177307,0.30469265580177307,0.30469265580177307,0.30469265580177307,0.0,-0.959823727607727,0.6948122978210449,-10.72630786895752,0.0,0.0,0.0,0.0,0.0,0.0,0.0,0.0,0.0,0.0,0.0,0.0,0.0,0.0,0.0,0.30469274520874023,0.30469274520874023,0.304692804813385,0.30469274520874023,0.33220455050468445,0.04114978387951851,0.04114978387951851,0.39053526520729065,0.4118903577327728,1.074061632156372,1.191715955734253,0.0,0.0,0.0,0.0,0.0,0.0,0.0
80218031937,0,-0.02080148085951805,-0.14620105922222137,-0.12788167595863342,-0.02080148085951805,-0.14620105922222137,-0.8278816938400269,-0.017328975722193718,0.00655400799587369,0.007293109316378832,0.0,0.0,0.0,-0.012481643818318844,-0.019522257149219513,-0.010293465107679367,0.0,0.0,-0.010293466039001942,0.064394012093544,0.05026323348283768,0.02934996411204338,0.09827778488397598,0.15551410615444183,5.098217661725357e-05,0.0,0.0,0.0,-0.23287656903266907,10.088459968566895,0.0454254150390625,9.800445556640625,0.25309303402900696,-10.0,-9.880027770996094,14.67492389678955,2.0,2.0,17.789152145385742,0.30357420444488525,0.28977540135383606,0.30357420444488525,0.29744139313697815,0.0,0.30469265580177307,0.30469265580177307,0.30469265580177307,0.30469265580177307,0.0,-0.959823727607727,0.6948122978210449,-10.72630786895752,0.0,0.0,0.0,0.0,0.0,0.0,0.0,0.0,0.0,0.0,0.0,0.0,0.0,0.0,0.0,0.30469274520874023,0.30469274520874023,0.304692804813385,0.30469274520874023,0.33220455050468445,0.04114978387951851,0.04114978387951851,0.39053526520729065,0.4118903577327728,1.074061632156372,1.191715955734253,0.0,0.0,0.0,0.0,0.0,0.0,0.0
80227656149,0,-0.02080148085951805,-0.14620105922222137,-0.12788167595863342,-0.02080148085951805,-0.14620105922222137,-0.8278816938400269,-0.017328975722193718,0.00655400799587369,0.007293109316378832,0.0,0.0,0.0,-0.012481643818318844,-0.019522257149219513,-0.010293465107679367,0.0,0.0,-0.010293466039001942,0.064394012093544,0.05026323348283768,0.02934996411204338,0.09827778488397598,0.15551410615444183,5.098217661725357e-05,0.0,0.0,0.0,-0.23287656903266907,10.088459968566895,0.0454254150390625,9.800445556640625,0.25309303402900696,-10.0,-9.880027770996094,14.67492389678955,2.0,2.0,17.789152145385742,0.30357420444488525,0.28977540135383606,0.30357420444488525,0.29744139313697815,0.0,0.30469265580177307,0.30469265580177307,0.30469265580177307,0.30469265580177307,0.0,-0.959823727607727,0.6948122978210449,-10.72630786895752,0.0,0.0,0.0,0.0,0.0,0.0,0.0,0.0,0.0,0.0,0.0,0.0,0.0,0.0,0.0,0.30469274520874023,0.30469274520874023,0.304692804813385,0.30469274520874023,0.33220455050468445,0.04114978387951851,0.04114978387951851,0.39053526520729065,0.4118903577327728,1.074061632156372,1.191715955734253,0.0,0.0,0.0,0.0,0.0,0.0,0.0
80238006339,0,-0.02080148085951805,-0.14620105922222137,-0.12788167595863342,-0.02080148085951805,-0.14620105922222137,-0.8278816938400269,-0.017328975722193718,0.00655400799587369,0.007293109316378832,0.0,0.0,0.0,-0.012481643818318844,-0.019522257149219513,-0.010293465107679367,0.0,0.0,-0.010293466039001942,0.064394012093544,0.05026323348283768,0.02934996411204338,0.09827778488397598,0.15551410615444183,5.098217661725357e-05,0.0,0.0,0.0,-0.23287656903266907,10.088459968566895,0.0454254150390625,9.800445556640625,0.25309303402900696,-10.0,-9.880027770996094,14.67492389678955,2.0,2.0,17.789152145385742,0.30357420444488525,0.28977540135383606,0.30357420444488525,0.29590821266174316,0.0,0.30469265580177307,0.30469265580177307,0.30469265580177307,0.30469265580177307,0.0,-0.959823727607727,0.6948122978210449,-10.72630786895752,0.0,0.0,0.0,0.0,0.0,0.0,0.0,0.0,0.0,0.0,0.0,0.0,0.0,0.0,0.0,0.30469274520874023,0.30469274520874023,0.304692804813385,0.30469274520874023,0.33220455050468445,0.04114978387951851,0.04114978387951851,0.39053526520729065,0.4118903577327728,1.074061632156372,1.191715955734253,0.0,0.0,0.0,0.0,0.0,0.0,0.0
80251824672,0,-0.02080148085951805,-0.14620105922222137,-0.12788167595863342,-0.02080148085951805,-0.14620105922222137,-0.8278816938400269,-0.017328975722193718,0.00655400799587369,0.007293109316378832,0.0,0.0,0.0,-0.012481643818318844,-0.019522257149219513,-0.010293465107679367,0.0,0.0,-0.010293466039001942,0.064394012093544,0.05026323348283768,0.02934996411204338,0.09827778488397598,0.15551410615444183,5.098217661725357e-05,0.0,0.0,0.0,-0.23287656903266907,10.088459968566895,0.0454254150390625,9.800445556640625,0.25309303402900696,-10.0,-9.880027770996094,14.67492389678955,2.0,2.0,17.789152145385742,0.30357420444488525,0.28977540135383606,0.30357420444488525,0.29590821266174316,0.0,0.30469265580177307,0.30469265580177307,0.30469265580177307,0.30469265580177307,0.0,-0.959823727607727,0.6948122978210449,-10.72630786895752,0.0,0.0,0.0,0.0,0.0,0.0,0.0,0.0,0.0,0.0,0.0,0.0,0.0,0.0,0.0,0.30469274520874023,0.30469274520874023,0.304692804813385,0.30469274520874023,0.33220455050468445,0.04114978387951851,0.04114978387951851,0.39053526520729065,0.4118903577327728,1.074061632156372,1.191715955734253,0.0,0.0,0.0,0.0,0.0,0.0,0.0
80258781563,0,-0.02080148085951805,-0.14620105922222137,-0.12788167595863342,-0.02080148085951805,-0.14620105922222137,-0.8278816938400269,-0.017328975722193718,0.00655400799587369,0.007293109316378832,0.0,0.0,0.0,-0.012481643818318844,-0.019522257149219513,-0.010293465107679367,0.0,0.0,-0.010293466039001942,0.064394012093544,0.05026323348283768,0.02934996411204338,0.09827778488397598,0.15551410615444183,5.098217661725357e-05,0.0,0.0,0.0,-0.23287656903266907,10.088459968566895,0.0454254150390625,9.800445556640625,0.25309303402900696,-10.0,-9.880027770996094,14.67492389678955,2.0,2.0,17.789152145385742,0.30357420444488525,0.28977540135383606,0.30357420444488525,0.29744139313697815,0.0,0.30469265580177307,0.30469265580177307,0.30469265580177307,0.30469265580177307,0.0,-0.959823727607727,0.6948122978210449,-10.72630786895752,0.0,0.0,0.0,0.0,0.0,0.0,0.0,0.0,0.0,0.0,0.0,0.0,0.0,0.0,0.0,0.30469274520874023,0.30469274520874023,0.304692804813385,0.30469274520874023,0.33220455050468445,0.04114978387951851,0.04114978387951851,0.39053526520729065,0.4118903577327728,1.074061632156372,1.191715955734253,0.0,0.0,0.0,0.0,0.0,0.0,0.0
80268320055,0,-0.02080148085951805,-0.14620105922222137,-0.12788167595863342,-0.02080148085951805,-0.14620105922222137,-0.8278816938400269,-0.017328975722193718,0.00655400799587369,0.007293109316378832,0.0,0.0,0.0,-0.012481643818318844,-0.019522257149219513,-0.010293465107679367,0.0,0.0,-0.010293466039001942,0.064394012093544,0.05026323348283768,0.02934996411204338,0.09827778488397598,0.15551410615444183,5.098217661725357e-05,0.0,0.0,0.0,-0.23287656903266907,10.088459968566895,0.0454254150390625,9.800445556640625,0.25309303402900696,-10.0,-9.880027770996094,14.67492389678955,2.0,2.0,17.789152145385742,0.30357420444488525,0.28977540135383606,0.30357420444488525,0.29590821266174316,0.0,0.30469265580177307,0.30469265580177307,0.30469265580177307,0.30469265580177307,0.0,-0.959823727607727,0.6948122978210449,-10.72630786895752,0.0,0.0,0.0,0.0,0.0,0.0,0.0,0.0,0.0,0.0,0.0,0.0,0.0,0.0,0.0,0.30469274520874023,0.30469274520874023,0.304692804813385,0.30469274520874023,0.33220455050468445,0.04114978387951851,0.04114978387951851,0.39053526520729065,0.4118903577327728,1.074061632156372,1.191715955734253,0.0,0.0,0.0,0.0,0.0,0.0,0.0
80309826606,0,-0.02080148085951805,-0.14620105922222137,-0.12788167595863342,-0.02080148085951805,-0.14620105922222137,-0.8278816938400269,-0.017328975722193718,0.00655400799587369,0.007293109316378832,0.0,0.0,0.0,-0.012481643818318844,-0.019522257149219513,-0.010293465107679367,0.0,0.0,-0.010293466039001942,0.064394012093544,0.05026323348283768,0.02934996411204338,0.09827778488397598,0.15551410615444183,5.098217661725357e-05,0.0,0.0,0.0,-0.23287656903266907,10.088459968566895,0.0454254150390625,9.800445556640625,0.25309303402900696,-10.0,-9.880027770996094,14.67492389678955,2.0,2.0,17.789152145385742,0.30357420444488525,0.28977540135383606,0.30357420444488525,0.29590821266174316,0.0,0.30469265580177307,0.30469265580177307,0.30469265580177307,0.30469265580177307,0.0,-0.959823727607727,0.6948122978210449,-10.72630786895752,0.0,0.0,0.0,0.0,0.0,0.0,0.0,0.0,0.0,0.0,0.0,0.0,0.0,0.0,0.0,0.30469274520874023,0.30469274520874023,0.304692804813385,0.30469274520874023,0.33220455050468445,0.04114978387951851,0.04114978387951851,0.39053526520729065,0.4118903577327728,1.074061632156372,1.191715955734253,0.0,0.0,0.0,0.0,0.0,0.0,0.0
80309907708,0,-0.02080148085951805,-0.14620105922222137,-0.12788167595863342,-0.02080148085951805,-0.14620105922222137,-0.8278816938400269,-0.017328975722193718,0.00655400799587369,0.007293109316378832,0.0,0.0,0.0,-0.012481643818318844,-0.019522257149219513,-0.010293465107679367,0.0,0.0,-0.010293466039001942,0.064394012093544,0.05026323348283768,0.02934996411204338,0.09827778488397598,0.15551410615444183,5.098217661725357e-05,0.0,0.0,0.0,-0.23287656903266907,10.088459968566895,0.0454254150390625,9.800445556640625,0.25309303402900696,-10.0,-9.880027770996094,14.67492389678955,2.0,2.0,17.789152145385742,0.30357420444488525,0.28977540135383606,0.30357420444488525,0.29744139313697815,0.0,0.30469265580177307,0.30469265580177307,0.30469265580177307,0.30469265580177307,0.0,-0.959823727607727,0.6948122978210449,-10.72630786895752,0.0,0.0,0.0,0.0,0.0,0.0,0.0,0.0,0.0,0.0,0.0,0.0,0.0,0.0,0.0,0.30469274520874023,0.30469274520874023,0.304692804813385,0.30469274520874023,0.33220455050468445,0.04114978387951851,0.04114978387951851,0.39053526520729065,0.4118903577327728,1.074061632156372,1.191715955734253,0.0,0.0,0.0,0.0,0.0,0.0,0.0
80309928010,0,-0.02080148085951805,-0.14620105922222137,-0.12788167595863342,-0.02080148085951805,-0.14620105922222137,-0.8278816938400269,-0.017328975722193718,0.00655400799587369,0.007293109316378832,0.0,0.0,0.0,-0.012481643818318844,-0.019522257149219513,-0.010293465107679367,0.0,0.0,-0.010293466039001942,0.064394012093544,0.05026323348283768,0.02934996411204338,0.09827778488397598,0.15551410615444183,5.098217661725357e-05,0.0,0.0,0.0,-0.23287656903266907,10.088459968566895,0.0454254150390625,9.800445556640625,0.25309303402900696,-10.0,-9.880027770996094,14.67492389678955,2.0,2.0,17.789152145385742,0.30357420444488525,0.28977540135383606,0.30357420444488525,0.29590821266174316,0.0,0.30469265580177307,0.30469265580177307,0.30469265580177307,0.30469265580177307,0.0,-0.959823727607727,0.6948122978210449,-10.72630786895752,0.0,0.0,0.0,0.0,0.0,0.0,0.0,0.0,0.0,0.0,0.0,0.0,0.0,0.0,0.0,0.30469274520874023,0.30469274520874023,0.304692804813385,0.30469274520874023,0.33220455050468445,0.04114978387951851,0.04114978387951851,0.39053526520729065,0.4118903577327728,1.074061632156372,1.191715955734253,0.0,0.0,0.0,0.0,0.0,0.0,0.0
80309947995,0,-0.02080148085951805,-0.14620105922222137,-0.12788167595863342,-0.02080148085951805,-0.14620105922222137,-0.8278816938400269,-0.017328975722193718,0.00655400799587369,0.007293109316378832,0.0,0.0,0.0,-0.012481643818318844,-0.019522257149219513,-0.010293465107679367,0.0,0.0,-0.010293466039001942,0.064394012093544,0.05026323348283768,0.02934996411204338,0.09827778488397598,0.15551410615444183,5.098217661725357e-05,0.0,0.0,0.0,-0.23287656903266907,10.088459968566895,0.0454254150390625,9.800445556640625,0.25309303402900696,-10.0,-9.880027770996094,14.67492389678955,2.0,2.0,17.789152145385742,0.30357420444488525,0.28977540135383606,0.30357420444488525,0.29744139313697815,0.0,0.30469265580177307,0.30469265580177307,0.30469265580177307,0.30469265580177307,0.0,-0.959823727607727,0.6948122978210449,-10.72630786895752,0.0,0.0,0.0,0.0,0.0,0.0,0.0,0.0,0.0,0.0,0.0,0.0,0.0,0.0,0.0,0.30469274520874023,0.30469274520874023,0.304692804813385,0.30469274520874023,0.33220455050468445,0.04114978387951851,0.04114978387951851,0.39053526520729065,0.4118903577327728,1.074061632156372,1.191715955734253,0.0,0.0,0.0,0.0,0.0,0.0,0.0
80317902511,0,-0.02080148085951805,-0.14620105922222137,-0.12788167595863342,-0.02080148085951805,-0.14620105922222137,-0.8278816938400269,-0.017328975722193718,0.00655400799587369,0.007293109316378832,0.0,0.0,0.0,-0.012481643818318844,-0.019522257149219513,-0.010293465107679367,0.0,0.0,-0.010293466039001942,0.064394012093544,0.05026323348283768,0.02934996411204338,0.09827778488397598,0.15551410615444183,5.098217661725357e-05,0.0,0.0,0.0,-0.23287656903266907,10.088459968566895,0.0454254150390625,9.800445556640625,0.25309303402900696,-10.0,-9.880027770996094,14.67492389678955,2.0,2.0,17.789152145385742,0.30357420444488525,0.28977540135383606,0.30357420444488525,0.29590821266174316,0.0,0.30469265580177307,0.30469265580177307,0.30469265580177307,0.30469265580177307,0.0,-0.959823727607727,0.6948122978210449,-10.72630786895752,0.0,0.0,0.0,0.0,0.0,0.0,0.0,0.0,0.0,0.0,0.0,0.0,0.0,0.0,0.0,0.30469274520874023,0.30469274520874023,0.304692804813385,0.30469274520874023,0.33220455050468445,0.04114978387951851,0.04114978387951851,0.39053526520729065,0.4118903577327728,1.074061632156372,1.191715955734253,0.0,0.0,0.0,0.0,0.0,0.0,0.0
80329167044,0,-0.02080148085951805,-0.14620105922222137,-0.12788167595863342,-0.02080148085951805,-0.14620105922222137,-0.8278816938400269,-0.017328975722193718,0.00655400799587369,0.007293109316378832,0.0,0.0,0.0,-0.012481643818318844,-0.019522257149219513,-0.010293465107679367,0.0,0.0,-0.010293466039001942,0.064394012093544,0.05026323348283768,0.02934996411204338,0.09827778488397598,0.15551410615444183,5.098217661725357e-05,0.0,0.0,0.0,-0.23287656903266907,10.088459968566895,0.0454254150390625,9.800445556640625,0.25309303402900696,-10.0,-9.880027770996094,14.67492389678955,2.0,2.0,17.789152145385742,0.30357420444488525,0.28977540135383606,0.30357420444488525,0.29744139313697815,0.0,0.30469265580177307,0.30469265580177307,0.30469265580177307,0.30469265580177307,0.0,-0.959823727607727,0.6948122978210449,-10.72630786895752,0.0,0.0,0.0,0.0,0.0,0.0,0.0,0.0,0.0,0.0,0.0,0.0,0.0,0.0,0.0,0.30469274520874023,0.30469274520874023,0.304692804813385,0.30469274520874023,0.33220455050468445,0.04114978387951851,0.04114978387951851,0.39053526520729065,0.4118903577327728,1.074061632156372,1.191715955734253,0.0,0.0,0.0,0.0,0.0,0.0,0.0
80338011137,0,-0.02080148085951805,-0.14620105922222137,-0.12788167595863342,-0.02080148085951805,-0.14620105922222137,-0.8278816938400269,-0.017328975722193718,0.00655400799587369,0.007293109316378832,0.0,0.0,0.0,-0.012481643818318844,-0.019522257149219513,-0.010293465107679367,0.0,0.0,-0.010293466039001942,0.064394012093544,0.05026323348283768,0.02934996411204338,0.09827778488397598,0.15551410615444183,5.098217661725357e-05,0.0,0.0,0.0,-0.23287656903266907,10.088459968566895,0.0454254150390625,9.800445556640625,0.25309303402900696,-10.0,-9.880027770996094,14.67492389678955,2.0,2.0,17.789152145385742,0.30357420444488525,0.28977540135383606,0.30357420444488525,0.29744139313697815,0.0,0.30469265580177307,0.30469265580177307,0.30469265580177307,0.30469265580177307,0.0,-0.959823727607727,0.6948122978210449,-10.72630786895752,0.0,0.0,0.0,0.0,0.0,0.0,0.0,0.0,0.0,0.0,0.0,0.0,0.0,0.0,0.0,0.30469274520874023,0.30469274520874023,0.304692804813385,0.30469274520874023,0.33220455050468445,0.04114978387951851,0.04114978387951851,0.39053526520729065,0.4118903577327728,1.074061632156372,1.191715955734253,0.0,0.0,0.0,0.0,0.0,0.0,0.0
80347993601,0,-0.02080148085951805,-0.14620105922222137,-0.12788167595863342,-0.02080148085951805,-0.14620105922222137,-0.8278816938400269,-0.017328975722193718,0.00655400799587369,0.007293109316378832,0.0,0.0,0.0,-0.012481643818318844,-0.019522257149219513,-0.010293465107679367,0.0,0.0,-0.010293466039001942,0.064394012093544,0.05026323348283768,0.02934996411204338,0.09827778488397598,0.15551410615444183,5.098217661725357e-05,0.0,0.0,0.0,-0.23287656903266907,10.088459968566895,0.0454254150390625,9.800445556640625,0.25309303402900696,-10.0,-9.880027770996094,14.67492389678955,2.0,2.0,17.789152145385742,0.30357420444488525,0.28977540135383606,0.30357420444488525,0.29744139313697815,0.0,0.30469265580177307,0.30469265580177307,0.30469265580177307,0.30469265580177307,0.0,-0.959823727607727,0.6948122978210449,-10.72630786895752,0.0,0.0,0.0,0.0,0.0,0.0,0.0,0.0,0.0,0.0,0.0,0.0,0.0,0.0,0.0,0.30469274520874023,0.30469274520874023,0.304692804813385,0.30469274520874023,0.33220455050468445,0.04114978387951851,0.04114978387951851,0.39053526520729065,0.4118903577327728,1.074061632156372,1.191715955734253,0.0,0.0,0.0,0.0,0.0,0.0,0.0
80357856088,0,-0.02080148085951805,-0.14620105922222137,-0.12788167595863342,-0.02080148085951805,-0.14620105922222137,-0.8278816938400269,-0.017328975722193718,0.00655400799587369,0.007293109316378832,0.0,0.0,0.0,-0.012481643818318844,-0.019522257149219513,-0.010293465107679367,0.0,0.0,-0.010293466039001942,0.064394012093544,0.05026323348283768,0.02934996411204338,0.09827778488397598,0.15551410615444183,5.098217661725357e-05,0.0,0.0,0.0,-0.23287656903266907,10.088459968566895,0.0454254150390625,9.800445556640625,0.25309303402900696,-10.0,-9.880027770996094,14.67492389678955,2.0,2.0,17.789152145385742,0.30357420444488525,0.28977540135383606,0.30357420444488525,0.29590821266174316,0.0,0.30469265580177307,0.30469265580177307,0.30469265580177307,0.30469265580177307,0.0,-0.959823727607727,0.6948122978210449,-10.72630786895752,0.0,0.0,0.0,0.0,0.0,0.0,0.0,0.0,0.0,0.0,0.0,0.0,0.0,0.0,0.0,0.30469274520874023,0.30469274520874023,0.304692804813385,0.30469274520874023,0.33220455050468445,0.04114978387951851,0.04114978387951851,0.39053526520729065,0.4118903577327728,1.074061632156372,1.191715955734253,0.0,0.0,0.0,0.0,0.0,0.0,0.0
80367726598,0,-0.02080148085951805,-0.14620105922222137,-0.12788167595863342,-0.02080148085951805,-0.14620105922222137,-0.8278816938400269,-0.017328975722193718,0.00655400799587369,0.007293109316378832,0.0,0.0,0.0,-0.012481643818318844,-0.019522257149219513,-0.010293465107679367,0.0,0.0,-0.010293466039001942,0.064394012093544,0.05026323348283768,0.02934996411204338,0.09827778488397598,0.15551410615444183,5.098217661725357e-05,0.0,0.0,0.0,-0.23287656903266907,10.088459968566895,0.0454254150390625,9.800445556640625,0.25309303402900696,-10.0,-9.880027770996094,14.67492389678955,2.0,2.0,17.789152145385742,0.30357420444488525,0.28977540135383606,0.30357420444488525,0.29744139313697815,0.0,0.30469265580177307,0.30469265580177307,0.30469265580177307,0.30469265580177307,0.0,-0.959823727607727,0.6948122978210449,-10.72630786895752,0.0,0.0,0.0,0.0,0.0,0.0,0.0,0.0,0.0,0.0,0.0,0.0,0.0,0.0,0.0,0.30469274520874023,0.30469274520874023,0.304692804813385,0.30469274520874023,0.33220455050468445,0.04114978387951851,0.04114978387951851,0.39053526520729065,0.4118903577327728,1.074061632156372,1.191715955734253,0.0,0.0,0.0,0.0,0.0,0.0,0.0
80377714315,0,-0.02080148085951805,-0.14620105922222137,-0.12788167595863342,-0.02080148085951805,-0.14620105922222137,-0.8278816938400269,-0.017328975722193718,0.00655400799587369,0.007293109316378832,0.0,0.0,0.0,-0.012481643818318844,-0.019522257149219513,-0.010293465107679367,0.0,0.0,-0.010293466039001942,0.064394012093544,0.05026323348283768,0.02934996411204338,0.09827778488397598,0.15551410615444183,5.098217661725357e-05,0.0,0.0,0.0,-0.23287656903266907,10.088459968566895,0.0454254150390625,9.800445556640625,0.25309303402900696,-10.0,-9.880027770996094,14.67492389678955,2.0,2.0,17.789152145385742,0.30357420444488525,0.28977540135383606,0.30357420444488525,0.29744139313697815,0.0,0.30469265580177307,0.30469265580177307,0.30469265580177307,0.30469265580177307,0.0,-0.959823727607727,0.6948122978210449,-10.72630786895752,0.0,0.0,0.0,0.0,0.0,0.0,0.0,0.0,0.0,0.0,0.0,0.0,0.0,0.0,0.0,0.30469274520874023,0.30469274520874023,0.304692804813385,0.30469274520874023,0.33220455050468445,0.04114978387951851,0.04114978387951851,0.39053526520729065,0.4118903577327728,1.074061632156372,1.191715955734253,0.0,0.0,0.0,0.0,0.0,0.0,0.0
80387655544,0,-0.02080148085951805,-0.14620105922222137,-0.12788167595863342,-0.02080148085951805,-0.14620105922222137,-0.8278816938400269,-0.017328975722193718,0.00655400799587369,0.007293109316378832,0.0,0.0,0.0,-0.012481643818318844,-0.019522257149219513,-0.010293465107679367,0.0,0.0,-0.010293466039001942,0.064394012093544,0.05026323348283768,0.02934996411204338,0.09827778488397598,0.15551410615444183,5.098217661725357e-05,0.0,0.0,0.0,-0.23287656903266907,10.088459968566895,0.0454254150390625,9.800445556640625,0.25309303402900696,-10.0,-9.880027770996094,14.67492389678955,2.0,2.0,17.789152145385742,0.30357420444488525,0.28977540135383606,0.30357420444488525,0.29744139313697815,0.0,0.30469265580177307,0.30469265580177307,0.30469265580177307,0.30469265580177307,0.0,-0.959823727607727,0.6948122978210449,-10.72630786895752,0.0,0.0,0.0,0.0,0.0,0.0,0.0,0.0,0.0,0.0,0.0,0.0,0.0,0.0,0.0,0.30469274520874023,0.30469274520874023,0.304692804813385,0.30469274520874023,0.33220455050468445,0.04114978387951851,0.04114978387951851,0.39053526520729065,0.4118903577327728,1.074061632156372,1.191715955734253,0.0,0.0,0.0,0.0,0.0,0.0,0.0
80398518989,0,-0.02080148085951805,-0.14620105922222137,-0.12788167595863342,-0.02080148085951805,-0.14620105922222137,-0.8278816938400269,-0.017328975722193718,0.00655400799587369,0.007293109316378832,0.0,0.0,0.0,-0.012481643818318844,-0.019522257149219513,-0.010293465107679367,0.0,0.0,-0.010293466039001942,0.064394012093544,0.05026323348283768,0.02934996411204338,0.09827778488397598,0.15551410615444183,5.098217661725357e-05,0.0,0.0,0.0,-0.23287656903266907,10.088459968566895,0.0454254150390625,9.800445556640625,0.25309303402900696,-10.0,-9.880027770996094,14.67492389678955,2.0,2.0,17.789152145385742,0.30357420444488525,0.28977540135383606,0.30357420444488525,0.29744139313697815,0.0,0.30469265580177307,0.30469265580177307,0.30469265580177307,0.30469265580177307,0.0,-0.959823727607727,0.6948122978210449,-10.72630786895752,0.0,0.0,0.0,0.0,0.0,0.0,0.0,0.0,0.0,0.0,0.0,0.0,0.0,0.0,0.0,0.30469274520874023,0.30469274520874023,0.304692804813385,0.30469274520874023,0.33220455050468445,0.04114978387951851,0.04114978387951851,0.39053526520729065,0.4118903577327728,1.074061632156372,1.191715955734253,0.0,0.0,0.0,0.0,0.0,0.0,0.0
80408151696,0,-0.02080148085951805,-0.14620105922222137,-0.12788167595863342,-0.02080148085951805,-0.14620105922222137,-0.8278816938400269,-0.017328975722193718,0.00655400799587369,0.007293109316378832,0.0,0.0,0.0,-0.012481643818318844,-0.019522257149219513,-0.010293465107679367,0.0,0.0,-0.010293466039001942,0.064394012093544,0.05026323348283768,0.02934996411204338,0.09827778488397598,0.15551410615444183,5.098217661725357e-05,0.0,0.0,0.0,-0.23287656903266907,10.088459968566895,0.0454254150390625,9.800445556640625,0.25309303402900696,-10.0,-9.880027770996094,14.67492389678955,2.0,2.0,17.789152145385742,0.30357420444488525,0.28977540135383606,0.30357420444488525,0.29744139313697815,0.0,0.30469265580177307,0.30469265580177307,0.30469265580177307,0.30469265580177307,0.0,-0.959823727607727,0.6948122978210449,-10.72630786895752,0.0,0.0,0.0,0.0,0.0,0.0,0.0,0.0,0.0,0.0,0.0,0.0,0.0,0.0,0.0,0.30469274520874023,0.30469274520874023,0.304692804813385,0.30469274520874023,0.33220455050468445,0.04114978387951851,0.04114978387951851,0.39053526520729065,0.4118903577327728,1.074061632156372,1.191715955734253,0.0,0.0,0.0,0.0,0.0,0.0,0.0
80419335028,0,-0.02080148085951805,-0.14620105922222137,-0.12788167595863342,-0.02080148085951805,-0.14620105922222137,-0.8278816938400269,-0.017328975722193718,0.00655400799587369,0.007293109316378832,0.0,0.0,0.0,-0.012481643818318844,-0.019522257149219513,-0.010293465107679367,0.0,0.0,-0.010293466039001942,0.064394012093544,0.05026323348283768,0.02934996411204338,0.09827778488397598,0.15551410615444183,5.098217661725357e-05,0.0,0.0,0.0,-0.23287656903266907,10.088459968566895,0.0454254150390625,9.800445556640625,0.25309303402900696,-10.0,-9.880027770996094,14.67492389678955,2.0,2.0,17.789152145385742,0.30357420444488525,0.28977540135383606,0.30357420444488525,0.29744139313697815,0.0,0.30469265580177307,0.30469265580177307,0.30469265580177307,0.30469265580177307,0.0,-0.959823727607727,0.6948122978210449,-10.72630786895752,0.0,0.0,0.0,0.0,0.0,0.0,0.0,0.0,0.0,0.0,0.0,0.0,0.0,0.0,0.0,0.30469274520874023,0.30469274520874023,0.304692804813385,0.30469274520874023,0.33220455050468445,0.04114978387951851,0.04114978387951851,0.39053526520729065,0.4118903577327728,1.074061632156372,1.191715955734253,0.0,0.0,0.0,0.0,0.0,0.0,0.0
80427636304,0,-0.02080148085951805,-0.14620105922222137,-0.12788167595863342,-0.02080148085951805,-0.14620105922222137,-0.8278816938400269,-0.017328975722193718,0.00655400799587369,0.007293109316378832,0.0,0.0,0.0,-0.012481643818318844,-0.019522257149219513,-0.010293465107679367,0.0,0.0,-0.010293466039001942,0.064394012093544,0.05026323348283768,0.02934996411204338,0.09827778488397598,0.15551410615444183,5.098217661725357e-05,0.0,0.0,0.0,-0.23287656903266907,10.088459968566895,0.0454254150390625,9.800445556640625,0.25309303402900696,-10.0,-9.880027770996094,14.67492389678955,2.0,2.0,17.789152145385742,0.30357420444488525,0.28977540135383606,0.30357420444488525,0.29590821266174316,0.0,0.30469265580177307,0.30469265580177307,0.30469265580177307,0.30469265580177307,0.0,-0.959823727607727,0.6948122978210449,-10.72630786895752,0.0,0.0,0.0,0.0,0.0,0.0,0.0,0.0,0.0,0.0,0.0,0.0,0.0,0.0,0.0,0.30469274520874023,0.30469274520874023,0.304692804813385,0.30469274520874023,0.33220455050468445,0.04114978387951851,0.04114978387951851,0.39053526520729065,0.4118903577327728,1.074061632156372,1.191715955734253,0.0,0.0,0.0,0.0,0.0,0.0,0.0
80440611656,0,-0.02080148085951805,-0.14620105922222137,-0.12788167595863342,-0.02080148085951805,-0.14620105922222137,-0.8278816938400269,-0.017328975722193718,0.00655400799587369,0.007293109316378832,0.0,0.0,0.0,-0.012481643818318844,-0.019522257149219513,-0.010293465107679367,0.0,0.0,-0.010293466039001942,0.064394012093544,0.05026323348283768,0.02934996411204338,0.09827778488397598,0.15551410615444183,5.098217661725357e-05,0.0,0.0,0.0,-0.23287656903266907,10.088459968566895,0.0454254150390625,9.800445556640625,0.25309303402900696,-10.0,-9.880027770996094,14.67492389678955,2.0,2.0,17.789152145385742,0.30357420444488525,0.28977540135383606,0.30357420444488525,0.29744139313697815,0.0,0.30469265580177307,0.30469265580177307,0.30469265580177307,0.30469265580177307,0.0,-0.959823727607727,0.6948122978210449,-10.72630786895752,0.0,0.0,0.0,0.0,0.0,0.0,0.0,0.0,0.0,0.0,0.0,0.0,0.0,0.0,0.0,0.30469274520874023,0.30469274520874023,0.304692804813385,0.30469274520874023,0.33220455050468445,0.04114978387951851,0.04114978387951851,0.39053526520729065,0.4118903577327728,1.074061632156372,1.191715955734253,0.0,0.0,0.0,0.0,0.0,0.0,0.0
80448161999,0,-0.02080148085951805,-0.14620105922222137,-0.12788167595863342,-0.02080148085951805,-0.14620105922222137,-0.8278816938400269,-0.017328975722193718,0.00655400799587369,0.007293109316378832,0.0,0.0,0.0,-0.012481643818318844,-0.019522257149219513,-0.010293465107679367,0.0,0.0,-0.010293466039001942,0.064394012093544,0.05026323348283768,0.02934996411204338,0.09827778488397598,0.15551410615444183,5.098217661725357e-05,0.0,0.0,0.0,-0.23287656903266907,10.088459968566895,0.0454254150390625,9.800445556640625,0.25309303402900696,-10.0,-9.880027770996094,14.67492389678955,2.0,2.0,17.789152145385742,0.30357420444488525,0.28977540135383606,0.30357420444488525,0.29590821266174316,0.0,0.30469265580177307,0.30469265580177307,0.30469265580177307,0.30469265580177307,0.0,-0.959823727607727,0.6948122978210449,-10.72630786895752,0.0,0.0,0.0,0.0,0.0,0.0,0.0,0.0,0.0,0.0,0.0,0.0,0.0,0.0,0.0,0.30469274520874023,0.30469274520874023,0.304692804813385,0.30469274520874023,0.33220455050468445,0.04114978387951851,0.04114978387951851,0.39053526520729065,0.4118903577327728,1.074061632156372,1.191715955734253,0.0,0.0,0.0,0.0,0.0,0.0,0.0
80458932182,0,-0.02080148085951805,-0.14620105922222137,-0.12788167595863342,-0.02080148085951805,-0.14620105922222137,-0.8278816938400269,-0.017328975722193718,0.00655400799587369,0.007293109316378832,0.0,0.0,0.0,-0.012481643818318844,-0.019522257149219513,-0.010293465107679367,0.0,0.0,-0.010293466039001942,0.064394012093544,0.05026323348283768,0.02934996411204338,0.09827778488397598,0.15551410615444183,5.098217661725357e-05,0.0,0.0,0.0,-0.23287656903266907,10.088459968566895,0.0454254150390625,9.800445556640625,0.25309303402900696,-10.0,-9.880027770996094,14.67492389678955,2.0,2.0,17.789152145385742,0.30357420444488525,0.28977540135383606,0.30357420444488525,0.29744139313697815,0.0,0.30469265580177307,0.30469265580177307,0.30469265580177307,0.30469265580177307,0.0,-0.959823727607727,0.6948122978210449,-10.72630786895752,0.0,0.0,0.0,0.0,0.0,0.0,0.0,0.0,0.0,0.0,0.0,0.0,0.0,0.0,0.0,0.30469274520874023,0.30469274520874023,0.304692804813385,0.30469274520874023,0.33220455050468445,0.04114978387951851,0.04114978387951851,0.39053526520729065,0.4118903577327728,1.074061632156372,1.191715955734253,0.0,0.0,0.0,0.0,0.0,0.0,0.0
80477700079,0,-0.02080148085951805,-0.14620105922222137,-0.12788167595863342,-0.02080148085951805,-0.14620105922222137,-0.8278816938400269,-0.017328975722193718,0.00655400799587369,0.007293109316378832,0.0,0.0,0.0,-0.012481643818318844,-0.019522257149219513,-0.010293465107679367,0.0,0.0,-0.010293466039001942,0.064394012093544,0.05026323348283768,0.02934996411204338,0.09827778488397598,0.15551410615444183,5.098217661725357e-05,0.0,0.0,0.0,-0.23287656903266907,10.088459968566895,0.0454254150390625,9.800445556640625,0.25309303402900696,-10.0,-9.880027770996094,14.67492389678955,2.0,2.0,17.789152145385742,0.30357420444488525,0.28977540135383606,0.30357420444488525,0.29744139313697815,0.0,0.30469265580177307,0.30469265580177307,0.30469265580177307,0.30469265580177307,0.0,-0.959823727607727,0.6948122978210449,-10.72630786895752,0.0,0.0,0.0,0.0,0.0,0.0,0.0,0.0,0.0,0.0,0.0,0.0,0.0,0.0,0.0,0.30469274520874023,0.30469274520874023,0.304692804813385,0.30469274520874023,0.33220455050468445,0.04114978387951851,0.04114978387951851,0.39053526520729065,0.4118903577327728,1.074061632156372,1.191715955734253,0.0,0.0,0.0,0.0,0.0,0.0,0.0
80478128375,0,-0.02080148085951805,-0.14620105922222137,-0.12788167595863342,-0.02080148085951805,-0.14620105922222137,-0.8278816938400269,-0.017328975722193718,0.00655400799587369,0.007293109316378832,0.0,0.0,0.0,-0.012481643818318844,-0.019522257149219513,-0.010293465107679367,0.0,0.0,-0.010293466039001942,0.064394012093544,0.05026323348283768,0.02934996411204338,0.09827778488397598,0.15551410615444183,5.098217661725357e-05,0.0,0.0,0.0,-0.23287656903266907,10.088459968566895,0.0454254150390625,9.800445556640625,0.25309303402900696,-10.0,-9.880027770996094,14.67492389678955,2.0,2.0,17.789152145385742,0.30357420444488525,0.28977540135383606,0.30357420444488525,0.29744139313697815,0.0,0.30469265580177307,0.30469265580177307,0.30469265580177307,0.30469265580177307,0.0,-0.959823727607727,0.6948122978210449,-10.72630786895752,0.0,0.0,0.0,0.0,0.0,0.0,0.0,0.0,0.0,0.0,0.0,0.0,0.0,0.0,0.0,0.30469274520874023,0.30469274520874023,0.304692804813385,0.30469274520874023,0.33220455050468445,0.04114978387951851,0.04114978387951851,0.39053526520729065,0.4118903577327728,1.074061632156372,1.191715955734253,0.0,0.0,0.0,0.0,0.0,0.0,0.0
80489578088,0,-0.02080148085951805,-0.14620105922222137,-0.12788167595863342,-0.02080148085951805,-0.14620105922222137,-0.8278816938400269,-0.017328975722193718,0.00655400799587369,0.007293109316378832,0.0,0.0,0.0,-0.012481643818318844,-0.019522257149219513,-0.010293465107679367,0.0,0.0,-0.010293466039001942,0.064394012093544,0.05026323348283768,0.02934996411204338,0.09827778488397598,0.15551410615444183,5.098217661725357e-05,0.0,0.0,0.0,-0.23287656903266907,10.088459968566895,0.0454254150390625,9.800445556640625,0.25309303402900696,-10.0,-9.880027770996094,14.67492389678955,2.0,2.0,17.789152145385742,0.30357420444488525,0.28977540135383606,0.30357420444488525,0.29590821266174316,0.0,0.30469265580177307,0.30469265580177307,0.30469265580177307,0.30469265580177307,0.0,-0.959823727607727,0.6948122978210449,-10.72630786895752,0.0,0.0,0.0,0.0,0.0,0.0,0.0,0.0,0.0,0.0,0.0,0.0,0.0,0.0,0.0,0.30469274520874023,0.30469274520874023,0.304692804813385,0.30469274520874023,0.33220455050468445,0.04114978387951851,0.04114978387951851,0.39053526520729065,0.4118903577327728,1.074061632156372,1.191715955734253,0.0,0.0,0.0,0.0,0.0,0.0,0.0
80497938439,0,-0.02080148085951805,-0.14620105922222137,-0.12788167595863342,-0.02080148085951805,-0.14620105922222137,-0.8278816938400269,-0.017328975722193718,0.00655400799587369,0.007293109316378832,0.0,0.0,0.0,-0.012481643818318844,-0.019522257149219513,-0.010293465107679367,0.0,0.0,-0.010293466039001942,0.064394012093544,0.05026323348283768,0.02934996411204338,0.09827778488397598,0.15551410615444183,5.098217661725357e-05,0.0,0.0,0.0,-0.23287656903266907,10.088459968566895,0.0454254150390625,9.800445556640625,0.25309303402900696,-10.0,-9.880027770996094,14.67492389678955,2.0,2.0,17.789152145385742,0.30357420444488525,0.28977540135383606,0.30357420444488525,0.29590821266174316,0.0,0.30469265580177307,0.30469265580177307,0.30469265580177307,0.30469265580177307,0.0,-0.959823727607727,0.6948122978210449,-10.72630786895752,0.0,0.0,0.0,0.0,0.0,0.0,0.0,0.0,0.0,0.0,0.0,0.0,0.0,0.0,0.0,0.30469274520874023,0.30469274520874023,0.304692804813385,0.30469274520874023,0.33220455050468445,0.04114978387951851,0.04114978387951851,0.39053526520729065,0.4118903577327728,1.074061632156372,1.191715955734253,0.0,0.0,0.0,0.0,0.0,0.0,0.0
80507827536,0,-0.02080148085951805,-0.14620105922222137,-0.12788167595863342,-0.02080148085951805,-0.14620105922222137,-0.8278816938400269,-0.017328975722193718,0.00655400799587369,0.007293109316378832,0.0,0.0,0.0,-0.012481643818318844,-0.019522257149219513,-0.010293465107679367,0.0,0.0,-0.010293466039001942,0.064394012093544,0.05026323348283768,0.02934996411204338,0.09827778488397598,0.15551410615444183,5.098217661725357e-05,0.0,0.0,0.0,-0.23287656903266907,10.088459968566895,0.0454254150390625,9.800445556640625,0.25309303402900696,-10.0,-9.880027770996094,14.67492389678955,2.0,2.0,17.789152145385742,0.30357420444488525,0.28977540135383606,0.30357420444488525,0.29744139313697815,0.0,0.30469265580177307,0.30469265580177307,0.30469265580177307,0.30469265580177307,0.0,-0.959823727607727,0.6948122978210449,-10.72630786895752,0.0,0.0,0.0,0.0,0.0,0.0,0.0,0.0,0.0,0.0,0.0,0.0,0.0,0.0,0.0,0.30469274520874023,0.30469274520874023,0.304692804813385,0.30469274520874023,0.33220455050468445,0.04114978387951851,0.04114978387951851,0.39053526520729065,0.4118903577327728,1.074061632156372,1.191715955734253,0.0,0.0,0.0,0.0,0.0,0.0,0.0
80517696977,0,-0.02080148085951805,-0.14620105922222137,-0.12788167595863342,-0.02080148085951805,-0.14620105922222137,-0.8278816938400269,-0.017328975722193718,0.00655400799587369,0.007293109316378832,0.0,0.0,0.0,-0.012481643818318844,-0.019522257149219513,-0.010293465107679367,0.0,0.0,-0.010293466039001942,0.064394012093544,0.05026323348283768,0.02934996411204338,0.09827778488397598,0.15551410615444183,5.098217661725357e-05,0.0,0.0,0.0,-0.23287656903266907,10.088459968566895,0.0454254150390625,9.800445556640625,0.25309303402900696,-10.0,-9.880027770996094,14.67492389678955,2.0,2.0,17.789152145385742,0.30357420444488525,0.28977540135383606,0.30357420444488525,0.29744139313697815,0.0,0.30469265580177307,0.30469265580177307,0.30469265580177307,0.30469265580177307,0.0,-0.959823727607727,0.6948122978210449,-10.72630786895752,0.0,0.0,0.0,0.0,0.0,0.0,0.0,0.0,0.0,0.0,0.0,0.0,0.0,0.0,0.0,0.30469274520874023,0.30469274520874023,0.304692804813385,0.30469274520874023,0.33220455050468445,0.04114978387951851,0.04114978387951851,0.39053526520729065,0.4118903577327728,1.074061632156372,1.191715955734253,0.0,0.0,0.0,0.0,0.0,0.0,0.0
80527852895,0,-0.02080148085951805,-0.14620105922222137,-0.12788167595863342,-0.02080148085951805,-0.14620105922222137,-0.8278816938400269,-0.017328975722193718,0.00655400799587369,0.007293109316378832,0.0,0.0,0.0,-0.012481643818318844,-0.019522257149219513,-0.010293465107679367,0.0,0.0,-0.010293466039001942,0.064394012093544,0.05026323348283768,0.02934996411204338,0.09827778488397598,0.15551410615444183,5.098217661725357e-05,0.0,0.0,0.0,-0.23287656903266907,10.088459968566895,0.0454254150390625,9.800445556640625,0.25309303402900696,-10.0,-9.880027770996094,14.67492389678955,2.0,2.0,17.789152145385742,0.30357420444488525,0.28977540135383606,0.30357420444488525,0.29744139313697815,0.0,0.30469265580177307,0.30469265580177307,0.30469265580177307,0.30469265580177307,0.0,-0.959823727607727,0.6948122978210449,-10.72630786895752,0.0,0.0,0.0,0.0,0.0,0.0,0.0,0.0,0.0,0.0,0.0,0.0,0.0,0.0,0.0,0.30469274520874023,0.30469274520874023,0.304692804813385,0.30469274520874023,0.33220455050468445,0.04114978387951851,0.04114978387951851,0.39053526520729065,0.4118903577327728,1.074061632156372,1.191715955734253,0.0,0.0,0.0,0.0,0.0,0.0,0.0
80537631963,0,-0.02080148085951805,-0.14620105922222137,-0.12788167595863342,-0.02080148085951805,-0.14620105922222137,-0.8278816938400269,-0.017328975722193718,0.00655400799587369,0.007293109316378832,0.0,0.0,0.0,-0.012481643818318844,-0.019522257149219513,-0.010293465107679367,0.0,0.0,-0.010293466039001942,0.064394012093544,0.05026323348283768,0.02934996411204338,0.09827778488397598,0.15551410615444183,5.098217661725357e-05,0.0,0.0,0.0,-0.23287656903266907,10.088459968566895,0.0454254150390625,9.800445556640625,0.25309303402900696,-10.0,-9.880027770996094,14.67492389678955,2.0,2.0,17.789152145385742,0.30357420444488525,0.28977540135383606,0.30357420444488525,0.29744139313697815,0.0,0.30469265580177307,0.30469265580177307,0.30469265580177307,0.30469265580177307,0.0,-0.959823727607727,0.6948122978210449,-10.72630786895752,0.0,0.0,0.0,0.0,0.0,0.0,0.0,0.0,0.0,0.0,0.0,0.0,0.0,0.0,0.0,0.30469274520874023,0.30469274520874023,0.304692804813385,0.30469274520874023,0.33220455050468445,0.04114978387951851,0.04114978387951851,0.39053526520729065,0.4118903577327728,1.074061632156372,1.191715955734253,0.0,0.0,0.0,0.0,0.0,0.0,0.0
80547664118,0,-0.02080148085951805,-0.14620105922222137,-0.12788167595863342,-0.02080148085951805,-0.14620105922222137,-0.8278816938400269,-0.017328975722193718,0.00655400799587369,0.007293109316378832,0.0,0.0,0.0,-0.012481643818318844,-0.019522257149219513,-0.010293465107679367,0.0,0.0,-0.010293466039001942,0.064394012093544,0.05026323348283768,0.02934996411204338,0.09827778488397598,0.15551410615444183,5.098217661725357e-05,0.0,0.0,0.0,-0.23287656903266907,10.088459968566895,0.0454254150390625,9.800445556640625,0.25309303402900696,-10.0,-9.880027770996094,14.67492389678955,2.0,2.0,17.789152145385742,0.30357420444488525,0.28977540135383606,0.30357420444488525,0.29744139313697815,0.0,0.30469265580177307,0.30469265580177307,0.30469265580177307,0.30469265580177307,0.0,-0.959823727607727,0.6948122978210449,-10.72630786895752,0.0,0.0,0.0,0.0,0.0,0.0,0.0,0.0,0.0,0.0,0.0,0.0,0.0,0.0,0.0,0.30469274520874023,0.30469274520874023,0.304692804813385,0.30469274520874023,0.33220455050468445,0.04114978387951851,0.04114978387951851,0.39053526520729065,0.4118903577327728,1.074061632156372,1.191715955734253,0.0,0.0,0.0,0.0,0.0,0.0,0.0
80557753136,0,-0.02080148085951805,-0.14620105922222137,-0.12788167595863342,-0.02080148085951805,-0.14620105922222137,-0.8278816938400269,-0.017328975722193718,0.00655400799587369,0.007293109316378832,0.0,0.0,0.0,-0.012481643818318844,-0.019522257149219513,-0.010293465107679367,0.0,0.0,-0.010293466039001942,0.064394012093544,0.05026323348283768,0.02934996411204338,0.09827778488397598,0.15551410615444183,5.098217661725357e-05,0.0,0.0,0.0,-0.23287656903266907,10.088459968566895,0.0454254150390625,9.800445556640625,0.25309303402900696,-10.0,-9.880027770996094,14.67492389678955,2.0,2.0,17.789152145385742,0.30357420444488525,0.28977540135383606,0.30357420444488525,0.29590821266174316,0.0,0.30469265580177307,0.30469265580177307,0.30469265580177307,0.30469265580177307,0.0,-0.959823727607727,0.6948122978210449,-10.72630786895752,0.0,0.0,0.0,0.0,0.0,0.0,0.0,0.0,0.0,0.0,0.0,0.0,0.0,0.0,0.0,0.30469274520874023,0.30469274520874023,0.304692804813385,0.30469274520874023,0.33220455050468445,0.04114978387951851,0.04114978387951851,0.39053526520729065,0.4118903577327728,1.074061632156372,1.191715955734253,0.0,0.0,0.0,0.0,0.0,0.0,0.0
80567843759,0,-0.02080148085951805,-0.14620105922222137,-0.12788167595863342,-0.02080148085951805,-0.14620105922222137,-0.8278816938400269,-0.017328975722193718,0.00655400799587369,0.007293109316378832,0.0,0.0,0.0,-0.012481643818318844,-0.019522257149219513,-0.010293465107679367,0.0,0.0,-0.010293466039001942,0.064394012093544,0.05026323348283768,0.02934996411204338,0.09827778488397598,0.15551410615444183,5.098217661725357e-05,0.0,0.0,0.0,-0.23287656903266907,10.088459968566895,0.0454254150390625,9.800445556640625,0.25309303402900696,-10.0,-9.880027770996094,14.67492389678955,2.0,2.0,17.789152145385742,0.30357420444488525,0.28977540135383606,0.30357420444488525,0.29744139313697815,0.0,0.30469265580177307,0.30469265580177307,0.30469265580177307,0.30469265580177307,0.0,-0.959823727607727,0.6948122978210449,-10.72630786895752,0.0,0.0,0.0,0.0,0.0,0.0,0.0,0.0,0.0,0.0,0.0,0.0,0.0,0.0,0.0,0.30469274520874023,0.30469274520874023,0.304692804813385,0.30469274520874023,0.33220455050468445,0.04114978387951851,0.04114978387951851,0.39053526520729065,0.4118903577327728,1.074061632156372,1.191715955734253,0.0,0.0,0.0,0.0,0.0,0.0,0.0
80577679407,0,-0.02080148085951805,-0.14620105922222137,-0.12788167595863342,-0.02080148085951805,-0.14620105922222137,-0.8278816938400269,-0.017328975722193718,0.00655400799587369,0.007293109316378832,0.0,0.0,0.0,-0.012481643818318844,-0.019522257149219513,-0.010293465107679367,0.0,0.0,-0.010293466039001942,0.064394012093544,0.05026323348283768,0.02934996411204338,0.09827778488397598,0.15551410615444183,5.098217661725357e-05,0.0,0.0,0.0,-0.23287656903266907,10.088459968566895,0.0454254150390625,9.800445556640625,0.25309303402900696,-10.0,-9.880027770996094,14.67492389678955,2.0,2.0,17.789152145385742,0.30357420444488525,0.28977540135383606,0.30357420444488525,0.29744139313697815,0.0,0.30469265580177307,0.30469265580177307,0.30469265580177307,0.30469265580177307,0.0,-0.959823727607727,0.6948122978210449,-10.72630786895752,0.0,0.0,0.0,0.0,0.0,0.0,0.0,0.0,0.0,0.0,0.0,0.0,0.0,0.0,0.0,0.30469274520874023,0.30469274520874023,0.304692804813385,0.30469274520874023,0.33220455050468445,0.04114978387951851,0.04114978387951851,0.39053526520729065,0.4118903577327728,1.074061632156372,1.191715955734253,0.0,0.0,0.0,0.0,0.0,0.0,0.0
80587734477,0,-0.02080148085951805,-0.14620105922222137,-0.12788167595863342,-0.02080148085951805,-0.14620105922222137,-0.8278816938400269,-0.017328975722193718,0.00655400799587369,0.007293109316378832,0.0,0.0,0.0,-0.012481643818318844,-0.019522257149219513,-0.010293465107679367,0.0,0.0,-0.010293466039001942,0.064394012093544,0.05026323348283768,0.02934996411204338,0.09827778488397598,0.15551410615444183,5.098217661725357e-05,0.0,0.0,0.0,-0.23287656903266907,10.088459968566895,0.0454254150390625,9.800445556640625,0.25309303402900696,-10.0,-9.880027770996094,14.67492389678955,2.0,2.0,17.789152145385742,0.30357420444488525,0.28977540135383606,0.30357420444488525,0.29744139313697815,0.0,0.30469265580177307,0.30469265580177307,0.30469265580177307,0.30469265580177307,0.0,-0.959823727607727,0.6948122978210449,-10.72630786895752,0.0,0.0,0.0,0.0,0.0,0.0,0.0,0.0,0.0,0.0,0.0,0.0,0.0,0.0,0.0,0.30469274520874023,0.30469274520874023,0.304692804813385,0.30469274520874023,0.33220455050468445,0.04114978387951851,0.04114978387951851,0.39053526520729065,0.4118903577327728,1.074061632156372,1.191715955734253,0.0,0.0,0.0,0.0,0.0,0.0,0.0
80601769639,0,-0.02080148085951805,-0.14620105922222137,-0.12788167595863342,-0.02080148085951805,-0.14620105922222137,-0.8278816938400269,-0.017328975722193718,0.00655400799587369,0.007293109316378832,0.0,0.0,0.0,-0.012481643818318844,-0.019522257149219513,-0.010293465107679367,0.0,0.0,-0.010293466039001942,0.064394012093544,0.05026323348283768,0.02934996411204338,0.09827778488397598,0.15551410615444183,5.098217661725357e-05,0.0,0.0,0.0,-0.23287656903266907,10.088459968566895,0.0454254150390625,9.800445556640625,0.25309303402900696,-10.0,-9.880027770996094,14.67492389678955,2.0,2.0,17.789152145385742,0.30357420444488525,0.28977540135383606,0.30357420444488525,0.29590821266174316,0.0,0.30469265580177307,0.30469265580177307,0.30469265580177307,0.30469265580177307,0.0,-0.959823727607727,0.6948122978210449,-10.72630786895752,0.0,0.0,0.0,0.0,0.0,0.0,0.0,0.0,0.0,0.0,0.0,0.0,0.0,0.0,0.0,0.30469274520874023,0.30469274520874023,0.304692804813385,0.30469274520874023,0.33220455050468445,0.04114978387951851,0.04114978387951851,0.39053526520729065,0.4118903577327728,1.074061632156372,1.191715955734253,0.0,0.0,0.0,0.0,0.0,0.0,0.0
80608006470,0,-0.02080148085951805,-0.14620105922222137,-0.12788167595863342,-0.02080148085951805,-0.14620105922222137,-0.8278816938400269,-0.017328975722193718,0.00655400799587369,0.007293109316378832,0.0,0.0,0.0,-0.012481643818318844,-0.019522257149219513,-0.010293465107679367,0.0,0.0,-0.010293466039001942,0.064394012093544,0.05026323348283768,0.02934996411204338,0.09827778488397598,0.15551410615444183,5.098217661725357e-05,0.0,0.0,0.0,-0.23287656903266907,10.088459968566895,0.0454254150390625,9.800445556640625,0.25309303402900696,-10.0,-9.880027770996094,14.67492389678955,2.0,2.0,17.789152145385742,0.30357420444488525,0.28977540135383606,0.30357420444488525,0.29744139313697815,0.0,0.30469265580177307,0.30469265580177307,0.30469265580177307,0.30469265580177307,0.0,-0.959823727607727,0.6948122978210449,-10.72630786895752,0.0,0.0,0.0,0.0,0.0,0.0,0.0,0.0,0.0,0.0,0.0,0.0,0.0,0.0,0.0,0.30469274520874023,0.30469274520874023,0.304692804813385,0.30469274520874023,0.33220455050468445,0.04114978387951851,0.04114978387951851,0.39053526520729065,0.4118903577327728,1.074061632156372,1.191715955734253,0.0,0.0,0.0,0.0,0.0,0.0,0.0
80617864770,0,-0.02080148085951805,-0.14620105922222137,-0.12788167595863342,-0.02080148085951805,-0.14620105922222137,-0.8278816938400269,-0.017328975722193718,0.00655400799587369,0.007293109316378832,0.0,0.0,0.0,-0.012481643818318844,-0.019522257149219513,-0.010293465107679367,0.0,0.0,-0.010293466039001942,0.064394012093544,0.05026323348283768,0.02934996411204338,0.09827778488397598,0.15551410615444183,5.098217661725357e-05,0.0,0.0,0.0,-0.23287656903266907,10.088459968566895,0.0454254150390625,9.800445556640625,0.25309303402900696,-10.0,-9.880027770996094,14.67492389678955,2.0,2.0,17.789152145385742,0.30357420444488525,0.28977540135383606,0.30357420444488525,0.29590821266174316,0.0,0.30469265580177307,0.30469265580177307,0.30469265580177307,0.30469265580177307,0.0,-0.959823727607727,0.6948122978210449,-10.72630786895752,0.0,0.0,0.0,0.0,0.0,0.0,0.0,0.0,0.0,0.0,0.0,0.0,0.0,0.0,0.0,0.30469274520874023,0.30469274520874023,0.304692804813385,0.30469274520874023,0.33220455050468445,0.04114978387951851,0.04114978387951851,0.39053526520729065,0.4118903577327728,1.074061632156372,1.191715955734253,0.0,0.0,0.0,0.0,0.0,0.0,0.0
80627746502,0,-0.02080148085951805,-0.14620105922222137,-0.12788167595863342,-0.02080148085951805,-0.14620105922222137,-0.8278816938400269,-0.017328975722193718,0.00655400799587369,0.007293109316378832,0.0,0.0,0.0,-0.012481643818318844,-0.019522257149219513,-0.010293465107679367,0.0,0.0,-0.010293466039001942,0.064394012093544,0.05026323348283768,0.02934996411204338,0.09827778488397598,0.15551410615444183,5.098217661725357e-05,0.0,0.0,0.0,-0.23287656903266907,10.088459968566895,0.0454254150390625,9.800445556640625,0.25309303402900696,-10.0,-9.880027770996094,14.67492389678955,2.0,2.0,17.789152145385742,0.30357420444488525,0.28977540135383606,0.30357420444488525,0.29744139313697815,0.0,0.30469265580177307,0.30469265580177307,0.30469265580177307,0.30469265580177307,0.0,-0.959823727607727,0.6948122978210449,-10.72630786895752,0.0,0.0,0.0,0.0,0.0,0.0,0.0,0.0,0.0,0.0,0.0,0.0,0.0,0.0,0.0,0.30469274520874023,0.30469274520874023,0.304692804813385,0.30469274520874023,0.33220455050468445,0.04114978387951851,0.04114978387951851,0.39053526520729065,0.4118903577327728,1.074061632156372,1.191715955734253,0.0,0.0,0.0,0.0,0.0,0.0,0.0
80638243262,0,-0.02080148085951805,-0.14620105922222137,-0.12788167595863342,-0.02080148085951805,-0.14620105922222137,-0.8278816938400269,-0.017328975722193718,0.00655400799587369,0.007293109316378832,0.0,0.0,0.0,-0.012481643818318844,-0.019522257149219513,-0.010293465107679367,0.0,0.0,-0.010293466039001942,0.064394012093544,0.05026323348283768,0.02934996411204338,0.09827778488397598,0.15551410615444183,5.098217661725357e-05,0.0,0.0,0.0,-0.23287656903266907,10.088459968566895,0.0454254150390625,9.800445556640625,0.25309303402900696,-10.0,-9.880027770996094,14.67492389678955,2.0,2.0,17.789152145385742,0.30357420444488525,0.28977540135383606,0.30357420444488525,0.29590821266174316,0.0,0.30469265580177307,0.30469265580177307,0.30469265580177307,0.30469265580177307,0.0,-0.959823727607727,0.6948122978210449,-10.72630786895752,0.0,0.0,0.0,0.0,0.0,0.0,0.0,0.0,0.0,0.0,0.0,0.0,0.0,0.0,0.0,0.30469274520874023,0.30469274520874023,0.304692804813385,0.30469274520874023,0.33220455050468445,0.04114978387951851,0.04114978387951851,0.39053526520729065,0.4118903577327728,1.074061632156372,1.191715955734253,0.0,0.0,0.0,0.0,0.0,0.0,0.0
80647687074,0,-0.02080148085951805,-0.14620105922222137,-0.12788167595863342,-0.02080148085951805,-0.14620105922222137,-0.8278816938400269,-0.017328975722193718,0.00655400799587369,0.007293109316378832,0.0,0.0,0.0,-0.012481643818318844,-0.019522257149219513,-0.010293465107679367,0.0,0.0,-0.010293466039001942,0.064394012093544,0.05026323348283768,0.02934996411204338,0.09827778488397598,0.15551410615444183,5.098217661725357e-05,0.0,0.0,0.0,-0.23287656903266907,10.088459968566895,0.0454254150390625,9.800445556640625,0.25309303402900696,-10.0,-9.880027770996094,14.67492389678955,2.0,2.0,17.789152145385742,0.30357420444488525,0.28977540135383606,0.30357420444488525,0.29590821266174316,0.0,0.30469265580177307,0.30469265580177307,0.30469265580177307,0.30469265580177307,0.0,-0.959823727607727,0.6948122978210449,-10.72630786895752,0.0,0.0,0.0,0.0,0.0,0.0,0.0,0.0,0.0,0.0,0.0,0.0,0.0,0.0,0.0,0.30469274520874023,0.30469274520874023,0.304692804813385,0.30469274520874023,0.33220455050468445,0.04114978387951851,0.04114978387951851,0.39053526520729065,0.4118903577327728,1.074061632156372,1.191715955734253,0.0,0.0,0.0,0.0,0.0,0.0,0.0
80657874360,0,-0.02080148085951805,-0.14620105922222137,-0.12788167595863342,-0.02080148085951805,-0.14620105922222137,-0.8278816938400269,-0.017328975722193718,0.00655400799587369,0.007293109316378832,0.0,0.0,0.0,-0.012481643818318844,-0.019522257149219513,-0.010293465107679367,0.0,0.0,-0.010293466039001942,0.064394012093544,0.05026323348283768,0.02934996411204338,0.09827778488397598,0.15551410615444183,5.098217661725357e-05,0.0,0.0,0.0,-0.23287656903266907,10.088459968566895,0.0454254150390625,9.800445556640625,0.25309303402900696,-10.0,-9.880027770996094,14.67492389678955,2.0,2.0,17.789152145385742,0.30357420444488525,0.28977540135383606,0.30357420444488525,0.29590821266174316,0.0,0.30469265580177307,0.30469265580177307,0.30469265580177307,0.30469265580177307,0.0,-0.959823727607727,0.6948122978210449,-10.72630786895752,0.0,0.0,0.0,0.0,0.0,0.0,0.0,0.0,0.0,0.0,0.0,0.0,0.0,0.0,0.0,0.30469274520874023,0.30469274520874023,0.304692804813385,0.30469274520874023,0.33220455050468445,0.04114978387951851,0.04114978387951851,0.39053526520729065,0.4118903577327728,1.074061632156372,1.191715955734253,0.0,0.0,0.0,0.0,0.0,0.0,0.0
80667929662,0,-0.02080148085951805,-0.14620105922222137,-0.12788167595863342,-0.02080148085951805,-0.14620105922222137,-0.8278816938400269,-0.017328975722193718,0.00655400799587369,0.007293109316378832,0.0,0.0,0.0,-0.012481643818318844,-0.019522257149219513,-0.010293465107679367,0.0,0.0,-0.010293466039001942,0.064394012093544,0.05026323348283768,0.02934996411204338,0.09827778488397598,0.15551410615444183,5.098217661725357e-05,0.0,0.0,0.0,-0.23287656903266907,10.088459968566895,0.0454254150390625,9.800445556640625,0.25309303402900696,-10.0,-9.880027770996094,14.67492389678955,2.0,2.0,17.789152145385742,0.30357420444488525,0.28977540135383606,0.30357420444488525,0.29590821266174316,0.0,0.30469265580177307,0.30469265580177307,0.30469265580177307,0.30469265580177307,0.0,-0.959823727607727,0.6948122978210449,-10.72630786895752,0.0,0.0,0.0,0.0,0.0,0.0,0.0,0.0,0.0,0.0,0.0,0.0,0.0,0.0,0.0,0.30469274520874023,0.30469274520874023,0.304692804813385,0.30469274520874023,0.33220455050468445,0.04114978387951851,0.04114978387951851,0.39053526520729065,0.4118903577327728,1.074061632156372,1.191715955734253,0.0,0.0,0.0,0.0,0.0,0.0,0.0
80677884303,0,-0.02080148085951805,-0.14620105922222137,-0.12788167595863342,-0.02080148085951805,-0.14620105922222137,-0.8278816938400269,-0.017328975722193718,0.00655400799587369,0.007293109316378832,0.0,0.0,0.0,-0.012481643818318844,-0.019522257149219513,-0.010293465107679367,0.0,0.0,-0.010293466039001942,0.064394012093544,0.05026323348283768,0.02934996411204338,0.09827778488397598,0.15551410615444183,5.098217661725357e-05,0.0,0.0,0.0,-0.23287656903266907,10.088459968566895,0.0454254150390625,9.800445556640625,0.25309303402900696,-10.0,-9.880027770996094,14.67492389678955,2.0,2.0,17.789152145385742,0.30357420444488525,0.28977540135383606,0.30357420444488525,0.29744139313697815,0.0,0.30469265580177307,0.30469265580177307,0.30469265580177307,0.30469265580177307,0.0,-0.959823727607727,0.6948122978210449,-10.72630786895752,0.0,0.0,0.0,0.0,0.0,0.0,0.0,0.0,0.0,0.0,0.0,0.0,0.0,0.0,0.0,0.30469274520874023,0.30469274520874023,0.304692804813385,0.30469274520874023,0.33220455050468445,0.04114978387951851,0.04114978387951851,0.39053526520729065,0.4118903577327728,1.074061632156372,1.191715955734253,0.0,0.0,0.0,0.0,0.0,0.0,0.0
80687903243,0,-0.02080148085951805,-0.14620105922222137,-0.12788167595863342,-0.02080148085951805,-0.14620105922222137,-0.8278816938400269,-0.017328975722193718,0.00655400799587369,0.007293109316378832,0.0,0.0,0.0,-0.012481643818318844,-0.019522257149219513,-0.010293465107679367,0.0,0.0,-0.010293466039001942,0.064394012093544,0.05026323348283768,0.02934996411204338,0.09827778488397598,0.15551410615444183,5.098217661725357e-05,0.0,0.0,0.0,-0.23287656903266907,10.088459968566895,0.0454254150390625,9.800445556640625,0.25309303402900696,-10.0,-9.880027770996094,14.67492389678955,2.0,2.0,17.789152145385742,0.30357420444488525,0.28977540135383606,0.30357420444488525,0.29744139313697815,0.0,0.30469265580177307,0.30469265580177307,0.30469265580177307,0.30469265580177307,0.0,-0.959823727607727,0.6948122978210449,-10.72630786895752,0.0,0.0,0.0,0.0,0.0,0.0,0.0,0.0,0.0,0.0,0.0,0.0,0.0,0.0,0.0,0.30469274520874023,0.30469274520874023,0.304692804813385,0.30469274520874023,0.33220455050468445,0.04114978387951851,0.04114978387951851,0.39053526520729065,0.4118903577327728,1.074061632156372,1.191715955734253,0.0,0.0,0.0,0.0,0.0,0.0,0.0
80697887809,0,-0.02080148085951805,-0.14620105922222137,-0.12788167595863342,-0.02080148085951805,-0.14620105922222137,-0.8278816938400269,-0.017328975722193718,0.00655400799587369,0.007293109316378832,0.0,0.0,0.0,-0.012481643818318844,-0.019522257149219513,-0.010293465107679367,0.0,0.0,-0.010293466039001942,0.064394012093544,0.05026323348283768,0.02934996411204338,0.09827778488397598,0.15551410615444183,5.098217661725357e-05,0.0,0.0,0.0,-0.23287656903266907,10.088459968566895,0.0454254150390625,9.800445556640625,0.25309303402900696,-10.0,-9.880027770996094,14.67492389678955,2.0,2.0,17.789152145385742,0.30357420444488525,0.28977540135383606,0.30204102396965027,0.29744139313697815,0.0,0.30469265580177307,0.30469265580177307,0.30469265580177307,0.30469265580177307,0.0,-0.959823727607727,0.6948122978210449,-10.72630786895752,0.0,0.0,0.0,0.0,0.0,0.0,0.0,0.0,0.0,0.0,0.0,0.0,0.0,0.0,0.0,0.30469274520874023,0.30469274520874023,0.304692804813385,0.30469274520874023,0.33220455050468445,0.04114978387951851,0.04114978387951851,0.39053526520729065,0.4118903577327728,1.074061632156372,1.191715955734253,0.0,0.0,0.0,0.0,0.0,0.0,0.0
80708154591,0,-0.02080148085951805,-0.14620105922222137,-0.12788167595863342,-0.02080148085951805,-0.14620105922222137,-0.8278816938400269,-0.017328975722193718,0.00655400799587369,0.007293109316378832,0.0,0.0,0.0,-0.012481643818318844,-0.019522257149219513,-0.010293465107679367,0.0,0.0,-0.010293466039001942,0.064394012093544,0.05026323348283768,0.02934996411204338,0.09827778488397598,0.15551410615444183,5.098217661725357e-05,0.0,0.0,0.0,-0.23287656903266907,10.088459968566895,0.0454254150390625,9.800445556640625,0.25309303402900696,-10.0,-9.880027770996094,14.67492389678955,2.0,2.0,17.789152145385742,0.30357420444488525,0.28977540135383606,0.30357420444488525,0.29590821266174316,0.0,0.30469265580177307,0.30469265580177307,0.30469265580177307,0.30469265580177307,0.0,-0.959823727607727,0.6948122978210449,-10.72630786895752,0.0,0.0,0.0,0.0,0.0,0.0,0.0,0.0,0.0,0.0,0.0,0.0,0.0,0.0,0.0,0.30469274520874023,0.30469274520874023,0.304692804813385,0.30469274520874023,0.33220455050468445,0.04114978387951851,0.04114978387951851,0.39053526520729065,0.4118903577327728,1.074061632156372,1.191715955734253,0.0,0.0,0.0,0.0,0.0,0.0,0.0
80719101859,0,-0.02080148085951805,-0.14620105922222137,-0.12788167595863342,-0.02080148085951805,-0.14620105922222137,-0.8278816938400269,-0.017328975722193718,0.00655400799587369,0.007293109316378832,0.0,0.0,0.0,-0.012481643818318844,-0.019522257149219513,-0.010293465107679367,0.0,0.0,-0.010293466039001942,0.064394012093544,0.05026323348283768,0.02934996411204338,0.09827778488397598,0.15551410615444183,5.098217661725357e-05,0.0,0.0,0.0,-0.23287656903266907,10.088459968566895,0.0454254150390625,9.800445556640625,0.25309303402900696,-10.0,-9.880027770996094,14.67492389678955,2.0,2.0,17.789152145385742,0.30357420444488525,0.28977540135383606,0.30357420444488525,0.29590821266174316,0.0,0.30469265580177307,0.30469265580177307,0.30469265580177307,0.30469265580177307,0.0,-0.959823727607727,0.6948122978210449,-10.72630786895752,0.0,0.0,0.0,0.0,0.0,0.0,0.0,0.0,0.0,0.0,0.0,0.0,0.0,0.0,0.0,0.30469274520874023,0.30469274520874023,0.304692804813385,0.30469274520874023,0.33220455050468445,0.04114978387951851,0.04114978387951851,0.39053526520729065,0.4118903577327728,1.074061632156372,1.191715955734253,0.0,0.0,0.0,0.0,0.0,0.0,0.0
80728319861,0,-0.02080148085951805,-0.14620105922222137,-0.12788167595863342,-0.02080148085951805,-0.14620105922222137,-0.8278816938400269,-0.017328975722193718,0.00655400799587369,0.007293109316378832,0.0,0.0,0.0,-0.012481643818318844,-0.019522257149219513,-0.010293465107679367,0.0,0.0,-0.010293466039001942,0.064394012093544,0.05026323348283768,0.02934996411204338,0.09827778488397598,0.15551410615444183,5.098217661725357e-05,0.0,0.0,0.0,-0.23287656903266907,10.088459968566895,0.0454254150390625,9.800445556640625,0.25309303402900696,-10.0,-9.880027770996094,14.67492389678955,2.0,2.0,17.789152145385742,0.30357420444488525,0.28977540135383606,0.30204102396965027,0.29590821266174316,0.0,0.30469265580177307,0.30469265580177307,0.30469265580177307,0.30469265580177307,0.0,-0.959823727607727,0.6948122978210449,-10.72630786895752,0.0,0.0,0.0,0.0,0.0,0.0,0.0,0.0,0.0,0.0,0.0,0.0,0.0,0.0,0.0,0.30469274520874023,0.30469274520874023,0.304692804813385,0.30469274520874023,0.33220455050468445,0.04114978387951851,0.04114978387951851,0.39053526520729065,0.4118903577327728,1.074061632156372,1.191715955734253,0.0,0.0,0.0,0.0,0.0,0.0,0.0
80737883938,0,-0.02080148085951805,-0.14620105922222137,-0.12788167595863342,-0.02080148085951805,-0.14620105922222137,-0.8278816938400269,-0.017328975722193718,0.00655400799587369,0.007293109316378832,0.0,0.0,0.0,-0.012481643818318844,-0.019522257149219513,-0.010293465107679367,0.0,0.0,-0.010293466039001942,0.064394012093544,0.05026323348283768,0.02934996411204338,0.09827778488397598,0.15551410615444183,5.098217661725357e-05,0.0,0.0,0.0,-0.23287656903266907,10.088459968566895,0.0454254150390625,9.800445556640625,0.25309303402900696,-10.0,-9.880027770996094,14.67492389678955,2.0,2.0,17.789152145385742,0.30357420444488525,0.28977540135383606,0.30357420444488525,0.29744139313697815,0.0,0.30469265580177307,0.30469265580177307,0.30469265580177307,0.30469265580177307,0.0,-0.959823727607727,0.6948122978210449,-10.72630786895752,0.0,0.0,0.0,0.0,0.0,0.0,0.0,0.0,0.0,0.0,0.0,0.0,0.0,0.0,0.0,0.30469274520874023,0.30469274520874023,0.304692804813385,0.30469274520874023,0.33220455050468445,0.04114978387951851,0.04114978387951851,0.39053526520729065,0.4118903577327728,1.074061632156372,1.191715955734253,0.0,0.0,0.0,0.0,0.0,0.0,0.0
80747977603,0,-0.02080148085951805,-0.14620105922222137,-0.12788167595863342,-0.02080148085951805,-0.14620105922222137,-0.8278816938400269,-0.017328975722193718,0.00655400799587369,0.007293109316378832,0.0,0.0,0.0,-0.012481643818318844,-0.019522257149219513,-0.010293465107679367,0.0,0.0,-0.010293466039001942,0.064394012093544,0.05026323348283768,0.02934996411204338,0.09827778488397598,0.15551410615444183,5.098217661725357e-05,0.0,0.0,0.0,-0.23287656903266907,10.088459968566895,0.0454254150390625,9.800445556640625,0.25309303402900696,-10.0,-9.880027770996094,14.67492389678955,2.0,2.0,17.789152145385742,0.30357420444488525,0.28977540135383606,0.30357420444488525,0.29590821266174316,0.0,0.30469265580177307,0.30469265580177307,0.30469265580177307,0.30469265580177307,0.0,-0.959823727607727,0.6948122978210449,-10.72630786895752,0.0,0.0,0.0,0.0,0.0,0.0,0.0,0.0,0.0,0.0,0.0,0.0,0.0,0.0,0.0,0.30469274520874023,0.30469274520874023,0.304692804813385,0.30469274520874023,0.33220455050468445,0.04114978387951851,0.04114978387951851,0.39053526520729065,0.4118903577327728,1.074061632156372,1.191715955734253,0.0,0.0,0.0,0.0,0.0,0.0,0.0
80758086383,0,-0.02080148085951805,-0.14620105922222137,-0.12788167595863342,-0.02080148085951805,-0.14620105922222137,-0.8278816938400269,-0.017328975722193718,0.00655400799587369,0.007293109316378832,0.0,0.0,0.0,-0.012481643818318844,-0.019522257149219513,-0.010293465107679367,0.0,0.0,-0.010293466039001942,0.064394012093544,0.05026323348283768,0.02934996411204338,0.09827778488397598,0.15551410615444183,5.098217661725357e-05,0.0,0.0,0.0,-0.23287656903266907,10.088459968566895,0.0454254150390625,9.800445556640625,0.25309303402900696,-10.0,-9.880027770996094,14.67492389678955,2.0,2.0,17.789152145385742,0.30357420444488525,0.28977540135383606,0.30357420444488525,0.29744139313697815,0.0,0.30469265580177307,0.30469265580177307,0.30469265580177307,0.30469265580177307,0.0,-0.959823727607727,0.6948122978210449,-10.72630786895752,0.0,0.0,0.0,0.0,0.0,0.0,0.0,0.0,0.0,0.0,0.0,0.0,0.0,0.0,0.0,0.30469274520874023,0.30469274520874023,0.304692804813385,0.30469274520874023,0.33220455050468445,0.04114978387951851,0.04114978387951851,0.39053526520729065,0.4118903577327728,1.074061632156372,1.191715955734253,0.0,0.0,0.0,0.0,0.0,0.0,0.0
80767751365,0,-0.02080148085951805,-0.14620105922222137,-0.12788167595863342,-0.02080148085951805,-0.14620105922222137,-0.8278816938400269,-0.017328975722193718,0.00655400799587369,0.007293109316378832,0.0,0.0,0.0,-0.012481643818318844,-0.019522257149219513,-0.010293465107679367,0.0,0.0,-0.010293466039001942,0.064394012093544,0.05026323348283768,0.02934996411204338,0.09827778488397598,0.15551410615444183,5.098217661725357e-05,0.0,0.0,0.0,-0.23287656903266907,10.088459968566895,0.0454254150390625,9.800445556640625,0.25309303402900696,-10.0,-9.880027770996094,14.67492389678955,2.0,2.0,17.789152145385742,0.30357420444488525,0.28977540135383606,0.30357420444488525,0.29744139313697815,0.0,0.30469265580177307,0.30469265580177307,0.30469265580177307,0.30469265580177307,0.0,-0.959823727607727,0.6948122978210449,-10.72630786895752,0.0,0.0,0.0,0.0,0.0,0.0,0.0,0.0,0.0,0.0,0.0,0.0,0.0,0.0,0.0,0.30469274520874023,0.30469274520874023,0.304692804813385,0.30469274520874023,0.33220455050468445,0.04114978387951851,0.04114978387951851,0.39053526520729065,0.4118903577327728,1.074061632156372,1.191715955734253,0.0,0.0,0.0,0.0,0.0,0.0,0.0
80777629856,0,-0.02080148085951805,-0.14620105922222137,-0.12788167595863342,-0.02080148085951805,-0.14620105922222137,-0.8278816938400269,-0.017328975722193718,0.00655400799587369,0.007293109316378832,0.0,0.0,0.0,-0.012481643818318844,-0.019522257149219513,-0.010293465107679367,0.0,0.0,-0.010293466039001942,0.064394012093544,0.05026323348283768,0.02934996411204338,0.09827778488397598,0.15551410615444183,5.098217661725357e-05,0.0,0.0,0.0,-0.23287656903266907,10.088459968566895,0.0454254150390625,9.800445556640625,0.25309303402900696,-10.0,-9.880027770996094,14.67492389678955,2.0,2.0,17.789152145385742,0.30357420444488525,0.28977540135383606,0.30357420444488525,0.29744139313697815,0.0,0.30469265580177307,0.30469265580177307,0.30469265580177307,0.30469265580177307,0.0,-0.959823727607727,0.6948122978210449,-10.72630786895752,0.0,0.0,0.0,0.0,0.0,0.0,0.0,0.0,0.0,0.0,0.0,0.0,0.0,0.0,0.0,0.30469274520874023,0.30469274520874023,0.304692804813385,0.30469274520874023,0.33220455050468445,0.04114978387951851,0.04114978387951851,0.39053526520729065,0.4118903577327728,1.074061632156372,1.191715955734253,0.0,0.0,0.0,0.0,0.0,0.0,0.0
80787846671,0,-0.02080148085951805,-0.14620105922222137,-0.12788167595863342,-0.02080148085951805,-0.14620105922222137,-0.8278816938400269,-0.017328975722193718,0.00655400799587369,0.007293109316378832,0.0,0.0,0.0,-0.012481643818318844,-0.019522257149219513,-0.010293465107679367,0.0,0.0,-0.010293466039001942,0.064394012093544,0.05026323348283768,0.02934996411204338,0.09827778488397598,0.15551410615444183,5.098217661725357e-05,0.0,0.0,0.0,-0.23287656903266907,10.088459968566895,0.0454254150390625,9.800445556640625,0.25309303402900696,-10.0,-9.880027770996094,14.67492389678955,2.0,2.0,17.789152145385742,0.30357420444488525,0.28977540135383606,0.30357420444488525,0.29744139313697815,0.0,0.30469265580177307,0.30469265580177307,0.30469265580177307,0.30469265580177307,0.0,-0.959823727607727,0.6948122978210449,-10.72630786895752,0.0,0.0,0.0,0.0,0.0,0.0,0.0,0.0,0.0,0.0,0.0,0.0,0.0,0.0,0.0,0.30469274520874023,0.30469274520874023,0.304692804813385,0.30469274520874023,0.33220455050468445,0.04114978387951851,0.04114978387951851,0.39053526520729065,0.4118903577327728,1.074061632156372,1.191715955734253,0.0,0.0,0.0,0.0,0.0,0.0,0.0
80797732252,0,-0.02080148085951805,-0.14620105922222137,-0.12788167595863342,-0.02080148085951805,-0.14620105922222137,-0.8278816938400269,-0.017328975722193718,0.00655400799587369,0.007293109316378832,0.0,0.0,0.0,-0.012481643818318844,-0.019522257149219513,-0.010293465107679367,0.0,0.0,-0.010293466039001942,0.064394012093544,0.05026323348283768,0.02934996411204338,0.09827778488397598,0.15551410615444183,5.098217661725357e-05,0.0,0.0,0.0,-0.23287656903266907,10.088459968566895,0.0454254150390625,9.800445556640625,0.25309303402900696,-10.0,-9.880027770996094,14.67492389678955,2.0,2.0,17.789152145385742,0.30357420444488525,0.28977540135383606,0.30204102396965027,0.29744139313697815,0.0,0.30469265580177307,0.30469265580177307,0.30469265580177307,0.30469265580177307,0.0,-0.959823727607727,0.6948122978210449,-10.72630786895752,0.0,0.0,0.0,0.0,0.0,0.0,0.0,0.0,0.0,0.0,0.0,0.0,0.0,0.0,0.0,0.30469274520874023,0.30469274520874023,0.304692804813385,0.30469274520874023,0.33220455050468445,0.04114978387951851,0.04114978387951851,0.39053526520729065,0.4118903577327728,1.074061632156372,1.191715955734253,0.0,0.0,0.0,0.0,0.0,0.0,0.0
80808042902,0,-0.02080148085951805,-0.14620105922222137,-0.12788167595863342,-0.02080148085951805,-0.14620105922222137,-0.8278816938400269,-0.017328975722193718,0.00655400799587369,0.007293109316378832,0.0,0.0,0.0,-0.012481643818318844,-0.019522257149219513,-0.010293465107679367,0.0,0.0,-0.010293466039001942,0.064394012093544,0.05026323348283768,0.02934996411204338,0.09827778488397598,0.15551410615444183,5.098217661725357e-05,0.0,0.0,0.0,-0.23287656903266907,10.088459968566895,0.0454254150390625,9.800445556640625,0.25309303402900696,-10.0,-9.880027770996094,14.67492389678955,2.0,2.0,17.789152145385742,0.30357420444488525,0.28977540135383606,0.30357420444488525,0.29590821266174316,0.0,0.30469265580177307,0.30469265580177307,0.30469265580177307,0.30469265580177307,0.0,-0.959823727607727,0.6948122978210449,-10.72630786895752,0.0,0.0,0.0,0.0,0.0,0.0,0.0,0.0,0.0,0.0,0.0,0.0,0.0,0.0,0.0,0.30469274520874023,0.30469274520874023,0.304692804813385,0.30469274520874023,0.33220455050468445,0.04114978387951851,0.04114978387951851,0.39053526520729065,0.4118903577327728,1.074061632156372,1.191715955734253,0.0,0.0,0.0,0.0,0.0,0.0,0.0
80817821332,0,-0.02080148085951805,-0.14620105922222137,-0.12788167595863342,-0.02080148085951805,-0.14620105922222137,-0.8278816938400269,-0.017328975722193718,0.00655400799587369,0.007293109316378832,0.0,0.0,0.0,-0.012481643818318844,-0.019522257149219513,-0.010293465107679367,0.0,0.0,-0.010293466039001942,0.064394012093544,0.05026323348283768,0.02934996411204338,0.09827778488397598,0.15551410615444183,5.098217661725357e-05,0.0,0.0,0.0,-0.23287656903266907,10.088459968566895,0.0454254150390625,9.800445556640625,0.25309303402900696,-10.0,-9.880027770996094,14.67492389678955,2.0,2.0,17.789152145385742,0.30357420444488525,0.28977540135383606,0.30204102396965027,0.29590821266174316,0.0,0.30469265580177307,0.30469265580177307,0.30469265580177307,0.30469265580177307,0.0,-0.959823727607727,0.6948122978210449,-10.72630786895752,0.0,0.0,0.0,0.0,0.0,0.0,0.0,0.0,0.0,0.0,0.0,0.0,0.0,0.0,0.0,0.30469274520874023,0.30469274520874023,0.304692804813385,0.30469274520874023,0.33220455050468445,0.04114978387951851,0.04114978387951851,0.39053526520729065,0.4118903577327728,1.074061632156372,1.191715955734253,0.0,0.0,0.0,0.0,0.0,0.0,0.0
80827831972,0,-0.02080148085951805,-0.14620105922222137,-0.12788167595863342,-0.02080148085951805,-0.14620105922222137,-0.8278816938400269,-0.017328975722193718,0.00655400799587369,0.007293109316378832,0.0,0.0,0.0,-0.012481643818318844,-0.019522257149219513,-0.010293465107679367,0.0,0.0,-0.010293466039001942,0.064394012093544,0.05026323348283768,0.02934996411204338,0.09827778488397598,0.15551410615444183,5.098217661725357e-05,0.0,0.0,0.0,-0.23287656903266907,10.088459968566895,0.0454254150390625,9.800445556640625,0.25309303402900696,-10.0,-9.880027770996094,14.67492389678955,2.0,2.0,17.789152145385742,0.30357420444488525,0.28977540135383606,0.30357420444488525,0.29744139313697815,0.0,0.30469265580177307,0.30469265580177307,0.30469265580177307,0.30469265580177307,0.0,-0.959823727607727,0.6948122978210449,-10.72630786895752,0.0,0.0,0.0,0.0,0.0,0.0,0.0,0.0,0.0,0.0,0.0,0.0,0.0,0.0,0.0,0.30469274520874023,0.30469274520874023,0.304692804813385,0.30469274520874023,0.33220455050468445,0.04114978387951851,0.04114978387951851,0.39053526520729065,0.4118903577327728,1.074061632156372,1.191715955734253,0.0,0.0,0.0,0.0,0.0,0.0,0.0
80840228511,0,-0.02080148085951805,-0.14620105922222137,-0.12788167595863342,-0.02080148085951805,-0.14620105922222137,-0.8278816938400269,-0.017328975722193718,0.00655400799587369,0.007293109316378832,0.0,0.0,0.0,-0.012481643818318844,-0.019522257149219513,-0.010293465107679367,0.0,0.0,-0.010293466039001942,0.064394012093544,0.05026323348283768,0.02934996411204338,0.09827778488397598,0.15551410615444183,5.098217661725357e-05,0.0,0.0,0.0,-0.23287656903266907,10.088459968566895,0.0454254150390625,9.800445556640625,0.25309303402900696,-10.0,-9.880027770996094,14.67492389678955,2.0,2.0,17.789152145385742,0.30357420444488525,0.28977540135383606,0.30357420444488525,0.29744139313697815,0.0,0.30469265580177307,0.30469265580177307,0.30469265580177307,0.30469265580177307,0.0,-0.959823727607727,0.6948122978210449,-10.72630786895752,0.0,0.0,0.0,0.0,0.0,0.0,0.0,0.0,0.0,0.0,0.0,0.0,0.0,0.0,0.0,0.30469274520874023,0.30469274520874023,0.304692804813385,0.30469274520874023,0.33220455050468445,0.04114978387951851,0.04114978387951851,0.39053526520729065,0.4118903577327728,1.074061632156372,1.191715955734253,0.0,0.0,0.0,0.0,0.0,0.0,0.0
80849611682,0,-0.02080148085951805,-0.14620105922222137,-0.12788167595863342,-0.02080148085951805,-0.14620105922222137,-0.8278816938400269,-0.017328975722193718,0.00655400799587369,0.007293109316378832,0.0,0.0,0.0,-0.012481643818318844,-0.019522257149219513,-0.010293465107679367,0.0,0.0,-0.010293466039001942,0.064394012093544,0.05026323348283768,0.02934996411204338,0.09827778488397598,0.15551410615444183,5.098217661725357e-05,0.0,0.0,0.0,-0.23287656903266907,10.088459968566895,0.0454254150390625,9.800445556640625,0.25309303402900696,-10.0,-9.880027770996094,14.67492389678955,2.0,2.0,17.789152145385742,0.30357420444488525,0.28977540135383606,0.30357420444488525,0.29590821266174316,0.0,0.30469265580177307,0.30469265580177307,0.30469265580177307,0.30469265580177307,0.0,-0.959823727607727,0.6948122978210449,-10.72630786895752,0.0,0.0,0.0,0.0,0.0,0.0,0.0,0.0,0.0,0.0,0.0,0.0,0.0,0.0,0.0,0.30469274520874023,0.30469274520874023,0.304692804813385,0.30469274520874023,0.33220455050468445,0.04114978387951851,0.04114978387951851,0.39053526520729065,0.4118903577327728,1.074061632156372,1.191715955734253,0.0,0.0,0.0,0.0,0.0,0.0,0.0
80858535516,0,-0.02080148085951805,-0.14620105922222137,-0.12788167595863342,-0.02080148085951805,-0.14620105922222137,-0.8278816938400269,-0.017328975722193718,0.00655400799587369,0.007293109316378832,0.0,0.0,0.0,-0.012481643818318844,-0.019522257149219513,-0.010293465107679367,0.0,0.0,-0.010293466039001942,0.064394012093544,0.05026323348283768,0.02934996411204338,0.09827778488397598,0.15551410615444183,5.098217661725357e-05,0.0,0.0,0.0,-0.23287656903266907,10.088459968566895,0.0454254150390625,9.800445556640625,0.25309303402900696,-10.0,-9.880027770996094,14.67492389678955,2.0,2.0,17.789152145385742,0.30357420444488525,0.28977540135383606,0.30357420444488525,0.29744139313697815,0.0,0.30469265580177307,0.30469265580177307,0.30469265580177307,0.30469265580177307,0.0,-0.959823727607727,0.6948122978210449,-10.72630786895752,0.0,0.0,0.0,0.0,0.0,0.0,0.0,0.0,0.0,0.0,0.0,0.0,0.0,0.0,0.0,0.30469274520874023,0.30469274520874023,0.304692804813385,0.30469274520874023,0.33220455050468445,0.04114978387951851,0.04114978387951851,0.39053526520729065,0.4118903577327728,1.074061632156372,1.191715955734253,0.0,0.0,0.0,0.0,0.0,0.0,0.0
80870260806,0,-0.02080148085951805,-0.14620105922222137,-0.12788167595863342,-0.02080148085951805,-0.14620105922222137,-0.8278816938400269,-0.017328975722193718,0.00655400799587369,0.007293109316378832,0.0,0.0,0.0,-0.012481643818318844,-0.019522257149219513,-0.010293465107679367,0.0,0.0,-0.010293466039001942,0.064394012093544,0.05026323348283768,0.02934996411204338,0.09827778488397598,0.15551410615444183,5.098217661725357e-05,0.0,0.0,0.0,-0.23287656903266907,10.088459968566895,0.0454254150390625,9.800445556640625,0.25309303402900696,-10.0,-9.880027770996094,14.67492389678955,2.0,2.0,17.789152145385742,0.30357420444488525,0.28977540135383606,0.30357420444488525,0.29744139313697815,0.0,0.30469265580177307,0.30469265580177307,0.30469265580177307,0.30469265580177307,0.0,-0.959823727607727,0.6948122978210449,-10.72630786895752,0.0,0.0,0.0,0.0,0.0,0.0,0.0,0.0,0.0,0.0,0.0,0.0,0.0,0.0,0.0,0.30469274520874023,0.30469274520874023,0.304692804813385,0.30469274520874023,0.33220455050468445,0.04114978387951851,0.04114978387951851,0.39053526520729065,0.4118903577327728,1.074061632156372,1.191715955734253,0.0,0.0,0.0,0.0,0.0,0.0,0.0
80878028931,0,-0.02080148085951805,-0.14620105922222137,-0.12788167595863342,-0.02080148085951805,-0.14620105922222137,-0.8278816938400269,-0.017328975722193718,0.00655400799587369,0.007293109316378832,0.0,0.0,0.0,-0.012481643818318844,-0.019522257149219513,-0.010293465107679367,0.0,0.0,-0.010293466039001942,0.064394012093544,0.05026323348283768,0.02934996411204338,0.09827778488397598,0.15551410615444183,5.098217661725357e-05,0.0,0.0,0.0,-0.23287656903266907,10.088459968566895,0.0454254150390625,9.800445556640625,0.25309303402900696,-10.0,-9.880027770996094,14.67492389678955,2.0,2.0,17.789152145385742,0.30357420444488525,0.28977540135383606,0.30357420444488525,0.29744139313697815,0.0,0.30469265580177307,0.30469265580177307,0.30469265580177307,0.30469265580177307,0.0,-0.959823727607727,0.6948122978210449,-10.72630786895752,0.0,0.0,0.0,0.0,0.0,0.0,0.0,0.0,0.0,0.0,0.0,0.0,0.0,0.0,0.0,0.30469274520874023,0.30469274520874023,0.304692804813385,0.30469274520874023,0.33220455050468445,0.04114978387951851,0.04114978387951851,0.39053526520729065,0.4118903577327728,1.074061632156372,1.191715955734253,0.0,0.0,0.0,0.0,0.0,0.0,0.0
80888292227,0,-0.02080148085951805,-0.14620105922222137,-0.12788167595863342,-0.02080148085951805,-0.14620105922222137,-0.8278816938400269,-0.017328975722193718,0.00655400799587369,0.007293109316378832,0.0,0.0,0.0,-0.012481643818318844,-0.019522257149219513,-0.010293465107679367,0.0,0.0,-0.010293466039001942,0.064394012093544,0.05026323348283768,0.02934996411204338,0.09827778488397598,0.15551410615444183,5.098217661725357e-05,0.0,0.0,0.0,-0.23287656903266907,10.088459968566895,0.0454254150390625,9.800445556640625,0.25309303402900696,-10.0,-9.880027770996094,14.67492389678955,2.0,2.0,17.789152145385742,0.30357420444488525,0.28977540135383606,0.30357420444488525,0.29590821266174316,0.0,0.30469265580177307,0.30469265580177307,0.30469265580177307,0.30469265580177307,0.0,-0.959823727607727,0.6948122978210449,-10.72630786895752,0.0,0.0,0.0,0.0,0.0,0.0,0.0,0.0,0.0,0.0,0.0,0.0,0.0,0.0,0.0,0.30469274520874023,0.30469274520874023,0.304692804813385,0.30469274520874023,0.33220455050468445,0.04114978387951851,0.04114978387951851,0.39053526520729065,0.4118903577327728,1.074061632156372,1.191715955734253,0.0,0.0,0.0,0.0,0.0,0.0,0.0
80897846245,0,-0.02080148085951805,-0.14620105922222137,-0.12788167595863342,-0.02080148085951805,-0.14620105922222137,-0.8278816938400269,-0.017328975722193718,0.00655400799587369,0.007293109316378832,0.0,0.0,0.0,-0.012481643818318844,-0.019522257149219513,-0.010293465107679367,0.0,0.0,-0.010293466039001942,0.064394012093544,0.05026323348283768,0.02934996411204338,0.09827778488397598,0.15551410615444183,5.098217661725357e-05,0.0,0.0,0.0,-0.23287656903266907,10.088459968566895,0.0454254150390625,9.800445556640625,0.25309303402900696,-10.0,-9.880027770996094,14.67492389678955,2.0,2.0,17.789152145385742,0.30357420444488525,0.28977540135383606,0.30357420444488525,0.29744139313697815,0.0,0.30469265580177307,0.30469265580177307,0.30469265580177307,0.30469265580177307,0.0,-0.959823727607727,0.6948122978210449,-10.72630786895752,0.0,0.0,0.0,0.0,0.0,0.0,0.0,0.0,0.0,0.0,0.0,0.0,0.0,0.0,0.0,0.30469274520874023,0.30469274520874023,0.304692804813385,0.30469274520874023,0.33220455050468445,0.04114978387951851,0.04114978387951851,0.39053526520729065,0.4118903577327728,1.074061632156372,1.191715955734253,0.0,0.0,0.0,0.0,0.0,0.0,0.0
80908593969,0,-0.02080148085951805,-0.14620105922222137,-0.12788167595863342,-0.02080148085951805,-0.14620105922222137,-0.8278816938400269,-0.017328975722193718,0.00655400799587369,0.007293109316378832,0.0,0.0,0.0,-0.012481643818318844,-0.019522257149219513,-0.010293465107679367,0.0,0.0,-0.010293466039001942,0.064394012093544,0.05026323348283768,0.02934996411204338,0.09827778488397598,0.15551410615444183,5.098217661725357e-05,0.0,0.0,0.0,-0.23287656903266907,10.088459968566895,0.0454254150390625,9.800445556640625,0.25309303402900696,-10.0,-9.880027770996094,14.67492389678955,2.0,2.0,17.789152145385742,0.30357420444488525,0.28977540135383606,0.30357420444488525,0.29590821266174316,0.0,0.30469265580177307,0.30469265580177307,0.30469265580177307,0.30469265580177307,0.0,-0.959823727607727,0.6948122978210449,-10.72630786895752,0.0,0.0,0.0,0.0,0.0,0.0,0.0,0.0,0.0,0.0,0.0,0.0,0.0,0.0,0.0,0.30469274520874023,0.30469274520874023,0.304692804813385,0.30469274520874023,0.33220455050468445,0.04114978387951851,0.04114978387951851,0.39053526520729065,0.4118903577327728,1.074061632156372,1.191715955734253,0.0,0.0,0.0,0.0,0.0,0.0,0.0
80917519187,0,-0.02080148085951805,-0.14620105922222137,-0.12788167595863342,-0.02080148085951805,-0.14620105922222137,-0.8278816938400269,-0.017328975722193718,0.00655400799587369,0.007293109316378832,0.0,0.0,0.0,-0.012481643818318844,-0.019522257149219513,-0.010293465107679367,0.0,0.0,-0.010293466039001942,0.064394012093544,0.05026323348283768,0.02934996411204338,0.09827778488397598,0.15551410615444183,5.098217661725357e-05,0.0,0.0,0.0,-0.23287656903266907,10.088459968566895,0.0454254150390625,9.800445556640625,0.25309303402900696,-10.0,-9.880027770996094,14.67492389678955,2.0,2.0,17.789152145385742,0.30357420444488525,0.28977540135383606,0.30357420444488525,0.29744139313697815,0.0,0.30469265580177307,0.30469265580177307,0.30469265580177307,0.30469265580177307,0.0,-0.959823727607727,0.6948122978210449,-10.72630786895752,0.0,0.0,0.0,0.0,0.0,0.0,0.0,0.0,0.0,0.0,0.0,0.0,0.0,0.0,0.0,0.30469274520874023,0.30469274520874023,0.304692804813385,0.30469274520874023,0.33220455050468445,0.04114978387951851,0.04114978387951851,0.39053526520729065,0.4118903577327728,1.074061632156372,1.191715955734253,0.0,0.0,0.0,0.0,0.0,0.0,0.0
80927488586,0,-0.02080148085951805,-0.14620105922222137,-0.12788167595863342,-0.02080148085951805,-0.14620105922222137,-0.8278816938400269,-0.017328975722193718,0.00655400799587369,0.007293109316378832,0.0,0.0,0.0,-0.012481643818318844,-0.019522257149219513,-0.010293465107679367,0.0,0.0,-0.010293466039001942,0.064394012093544,0.05026323348283768,0.02934996411204338,0.09827778488397598,0.15551410615444183,5.098217661725357e-05,0.0,0.0,0.0,-0.23287656903266907,10.088459968566895,0.0454254150390625,9.800445556640625,0.25309303402900696,-10.0,-9.880027770996094,14.67492389678955,2.0,2.0,17.789152145385742,0.30357420444488525,0.28977540135383606,0.30357420444488525,0.29744139313697815,0.0,0.30469265580177307,0.30469265580177307,0.30469265580177307,0.30469265580177307,0.0,-0.959823727607727,0.6948122978210449,-10.72630786895752,0.0,0.0,0.0,0.0,0.0,0.0,0.0,0.0,0.0,0.0,0.0,0.0,0.0,0.0,0.0,0.30469274520874023,0.30469274520874023,0.304692804813385,0.30469274520874023,0.33220455050468445,0.04114978387951851,0.04114978387951851,0.39053526520729065,0.4118903577327728,1.074061632156372,1.191715955734253,0.0,0.0,0.0,0.0,0.0,0.0,0.0
80937763088,0,-0.02080148085951805,-0.14620105922222137,-0.12788167595863342,-0.02080148085951805,-0.14620105922222137,-0.8278816938400269,-0.017328975722193718,0.00655400799587369,0.007293109316378832,0.0,0.0,0.0,-0.012481643818318844,-0.019522257149219513,-0.010293465107679367,0.0,0.0,-0.010293466039001942,0.064394012093544,0.05026323348283768,0.02934996411204338,0.09827778488397598,0.15551410615444183,5.098217661725357e-05,0.0,0.0,0.0,-0.23287656903266907,10.088459968566895,0.0454254150390625,9.800445556640625,0.25309303402900696,-10.0,-9.880027770996094,14.67492389678955,2.0,2.0,17.789152145385742,0.30357420444488525,0.28977540135383606,0.30357420444488525,0.29590821266174316,0.0,0.30469265580177307,0.30469265580177307,0.30469265580177307,0.30469265580177307,0.0,-0.959823727607727,0.6948122978210449,-10.72630786895752,0.0,0.0,0.0,0.0,0.0,0.0,0.0,0.0,0.0,0.0,0.0,0.0,0.0,0.0,0.0,0.30469274520874023,0.30469274520874023,0.304692804813385,0.30469274520874023,0.33220455050468445,0.04114978387951851,0.04114978387951851,0.39053526520729065,0.4118903577327728,1.074061632156372,1.191715955734253,0.0,0.0,0.0,0.0,0.0,0.0,0.0
80947580840,0,-0.02080148085951805,-0.14620105922222137,-0.12788167595863342,-0.02080148085951805,-0.14620105922222137,-0.8278816938400269,-0.017328975722193718,0.00655400799587369,0.007293109316378832,0.0,0.0,0.0,-0.012481643818318844,-0.019522257149219513,-0.010293465107679367,0.0,0.0,-0.010293466039001942,0.064394012093544,0.05026323348283768,0.02934996411204338,0.09827778488397598,0.15551410615444183,5.098217661725357e-05,0.0,0.0,0.0,-0.23287656903266907,10.088459968566895,0.0454254150390625,9.800445556640625,0.25309303402900696,-10.0,-9.880027770996094,14.67492389678955,2.0,2.0,17.789152145385742,0.30357420444488525,0.28977540135383606,0.30357420444488525,0.29744139313697815,0.0,0.30469265580177307,0.30469265580177307,0.30469265580177307,0.30469265580177307,0.0,-0.959823727607727,0.6948122978210449,-10.72630786895752,0.0,0.0,0.0,0.0,0.0,0.0,0.0,0.0,0.0,0.0,0.0,0.0,0.0,0.0,0.0,0.30469274520874023,0.30469274520874023,0.304692804813385,0.30469274520874023,0.33220455050468445,0.04114978387951851,0.04114978387951851,0.39053526520729065,0.4118903577327728,1.074061632156372,1.191715955734253,0.0,0.0,0.0,0.0,0.0,0.0,0.0
80957601643,0,-0.02080148085951805,-0.14620105922222137,-0.12788167595863342,-0.02080148085951805,-0.14620105922222137,-0.8278816938400269,-0.017328975722193718,0.00655400799587369,0.007293109316378832,0.0,0.0,0.0,-0.012481643818318844,-0.019522257149219513,-0.010293465107679367,0.0,0.0,-0.010293466039001942,0.064394012093544,0.05026323348283768,0.02934996411204338,0.09827778488397598,0.15551410615444183,5.098217661725357e-05,0.0,0.0,0.0,-0.23287656903266907,10.088459968566895,0.0454254150390625,9.800445556640625,0.25309303402900696,-10.0,-9.880027770996094,14.67492389678955,2.0,2.0,17.789152145385742,0.30357420444488525,0.28977540135383606,0.30357420444488525,0.29744139313697815,0.0,0.30469265580177307,0.30469265580177307,0.30469265580177307,0.30469265580177307,0.0,-0.959823727607727,0.6948122978210449,-10.72630786895752,0.0,0.0,0.0,0.0,0.0,0.0,0.0,0.0,0.0,0.0,0.0,0.0,0.0,0.0,0.0,0.30469274520874023,0.30469274520874023,0.304692804813385,0.30469274520874023,0.33220455050468445,0.04114978387951851,0.04114978387951851,0.39053526520729065,0.4118903577327728,1.074061632156372,1.191715955734253,0.0,0.0,0.0,0.0,0.0,0.0,0.0
80968091248,0,-0.02080148085951805,-0.14620105922222137,-0.12788167595863342,-0.02080148085951805,-0.14620105922222137,-0.8278816938400269,-0.017328975722193718,0.00655400799587369,0.007293109316378832,0.0,0.0,0.0,-0.012481643818318844,-0.019522257149219513,-0.010293465107679367,0.0,0.0,-0.010293466039001942,0.064394012093544,0.05026323348283768,0.02934996411204338,0.09827778488397598,0.15551410615444183,5.098217661725357e-05,0.0,0.0,0.0,-0.23287656903266907,10.088459968566895,0.0454254150390625,9.800445556640625,0.25309303402900696,-10.0,-9.880027770996094,14.67492389678955,2.0,2.0,17.789152145385742,0.30357420444488525,0.28977540135383606,0.30357420444488525,0.29744139313697815,0.0,0.30469265580177307,0.30469265580177307,0.30469265580177307,0.30469265580177307,0.0,-0.959823727607727,0.6948122978210449,-10.72630786895752,0.0,0.0,0.0,0.0,0.0,0.0,0.0,0.0,0.0,0.0,0.0,0.0,0.0,0.0,0.0,0.30469274520874023,0.30469274520874023,0.304692804813385,0.30469274520874023,0.33220455050468445,0.04114978387951851,0.04114978387951851,0.39053526520729065,0.4118903577327728,1.074061632156372,1.191715955734253,0.0,0.0,0.0,0.0,0.0,0.0,0.0
80978476653,0,-0.02080148085951805,-0.14620105922222137,-0.12788167595863342,-0.02080148085951805,-0.14620105922222137,-0.8278816938400269,-0.017328975722193718,0.00655400799587369,0.007293109316378832,0.0,0.0,0.0,-0.012481643818318844,-0.019522257149219513,-0.010293465107679367,0.0,0.0,-0.010293466039001942,0.064394012093544,0.05026323348283768,0.02934996411204338,0.09827778488397598,0.15551410615444183,5.098217661725357e-05,0.0,0.0,0.0,-0.23287656903266907,10.088459968566895,0.0454254150390625,9.800445556640625,0.25309303402900696,-10.0,-9.880027770996094,14.67492389678955,2.0,2.0,17.789152145385742,0.30357420444488525,0.28977540135383606,0.30357420444488525,0.29590821266174316,0.0,0.30469265580177307,0.30469265580177307,0.30469265580177307,0.30469265580177307,0.0,-0.959823727607727,0.6948122978210449,-10.72630786895752,0.0,0.0,0.0,0.0,0.0,0.0,0.0,0.0,0.0,0.0,0.0,0.0,0.0,0.0,0.0,0.30469274520874023,0.30469274520874023,0.304692804813385,0.30469274520874023,0.33220455050468445,0.04114978387951851,0.04114978387951851,0.39053526520729065,0.4118903577327728,1.074061632156372,1.191715955734253,0.0,0.0,0.0,0.0,0.0,0.0,0.0
80988066657,0,-0.02080148085951805,-0.14620105922222137,-0.12788167595863342,-0.02080148085951805,-0.14620105922222137,-0.8278816938400269,-0.017328975722193718,0.00655400799587369,0.007293109316378832,0.0,0.0,0.0,-0.012481643818318844,-0.019522257149219513,-0.010293465107679367,0.0,0.0,-0.010293466039001942,0.064394012093544,0.05026323348283768,0.02934996411204338,0.09827778488397598,0.15551410615444183,5.098217661725357e-05,0.0,0.0,0.0,-0.23287656903266907,10.088459968566895,0.0454254150390625,9.800445556640625,0.25309303402900696,-10.0,-9.880027770996094,14.67492389678955,2.0,2.0,17.789152145385742,0.30357420444488525,0.28977540135383606,0.30357420444488525,0.29590821266174316,0.0,0.30469265580177307,0.30469265580177307,0.30469265580177307,0.30469265580177307,0.0,-0.959823727607727,0.6948122978210449,-10.72630786895752,0.0,0.0,0.0,0.0,0.0,0.0,0.0,0.0,0.0,0.0,0.0,0.0,0.0,0.0,0.0,0.30469274520874023,0.30469274520874023,0.304692804813385,0.30469274520874023,0.33220455050468445,0.04114978387951851,0.04114978387951851,0.39053526520729065,0.4118903577327728,1.074061632156372,1.191715955734253,0.0,0.0,0.0,0.0,0.0,0.0,0.0
80997523628,0,-0.02080148085951805,-0.14620105922222137,-0.12788167595863342,-0.02080148085951805,-0.14620105922222137,-0.8278816938400269,-0.017328975722193718,0.00655400799587369,0.007293109316378832,0.0,0.0,0.0,-0.012481643818318844,-0.019522257149219513,-0.010293465107679367,0.0,0.0,-0.010293466039001942,0.064394012093544,0.05026323348283768,0.02934996411204338,0.09827778488397598,0.15551410615444183,5.098217661725357e-05,0.0,0.0,0.0,-0.23287656903266907,10.088459968566895,0.0454254150390625,9.800445556640625,0.25309303402900696,-10.0,-9.880027770996094,14.67492389678955,2.0,2.0,17.789152145385742,0.30357420444488525,0.28977540135383606,0.30357420444488525,0.29744139313697815,0.0,0.30469265580177307,0.30469265580177307,0.30469265580177307,0.30469265580177307,0.0,-0.959823727607727,0.6948122978210449,-10.72630786895752,0.0,0.0,0.0,0.0,0.0,0.0,0.0,0.0,0.0,0.0,0.0,0.0,0.0,0.0,0.0,0.30469274520874023,0.30469274520874023,0.304692804813385,0.30469274520874023,0.33220455050468445,0.04114978387951851,0.04114978387951851,0.39053526520729065,0.4118903577327728,1.074061632156372,1.191715955734253,0.0,0.0,0.0,0.0,0.0,0.0,0.0
81007921736,0,-0.02080148085951805,-0.14620105922222137,-0.12788167595863342,-0.02080148085951805,-0.14620105922222137,-0.8278816938400269,-0.017328975722193718,0.00655400799587369,0.007293109316378832,0.0,0.0,0.0,-0.012481643818318844,-0.019522257149219513,-0.010293465107679367,0.0,0.0,-0.010293466039001942,0.064394012093544,0.05026323348283768,0.02934996411204338,0.09827778488397598,0.15551410615444183,5.098217661725357e-05,0.0,0.0,0.0,-0.23287656903266907,10.088459968566895,0.0454254150390625,9.800445556640625,0.25309303402900696,-10.0,-9.880027770996094,14.67492389678955,2.0,2.0,17.789152145385742,0.30357420444488525,0.28977540135383606,0.30357420444488525,0.29744139313697815,0.0,0.30469265580177307,0.30469265580177307,0.30469265580177307,0.30469265580177307,0.0,-0.959823727607727,0.6948122978210449,-10.72630786895752,0.0,0.0,0.0,0.0,0.0,0.0,0.0,0.0,0.0,0.0,0.0,0.0,0.0,0.0,0.0,0.30469274520874023,0.30469274520874023,0.304692804813385,0.30469274520874023,0.33220455050468445,0.04114978387951851,0.04114978387951851,0.39053526520729065,0.4118903577327728,1.074061632156372,1.191715955734253,0.0,0.0,0.0,0.0,0.0,0.0,0.0
81017706360,0,-0.02080148085951805,-0.14620105922222137,-0.12788167595863342,-0.02080148085951805,-0.14620105922222137,-0.8278816938400269,-0.017328975722193718,0.00655400799587369,0.007293109316378832,0.0,0.0,0.0,-0.012481643818318844,-0.019522257149219513,-0.010293465107679367,0.0,0.0,-0.010293466039001942,0.064394012093544,0.05026323348283768,0.02934996411204338,0.09827778488397598,0.15551410615444183,5.098217661725357e-05,0.0,0.0,0.0,-0.23287656903266907,10.088459968566895,0.0454254150390625,9.800445556640625,0.25309303402900696,-10.0,-9.880027770996094,14.67492389678955,2.0,2.0,17.789152145385742,0.30357420444488525,0.28977540135383606,0.30357420444488525,0.29590821266174316,0.0,0.30469265580177307,0.30469265580177307,0.30469265580177307,0.30469265580177307,0.0,-0.959823727607727,0.6948122978210449,-10.72630786895752,0.0,0.0,0.0,0.0,0.0,0.0,0.0,0.0,0.0,0.0,0.0,0.0,0.0,0.0,0.0,0.30469274520874023,0.30469274520874023,0.304692804813385,0.30469274520874023,0.33220455050468445,0.04114978387951851,0.04114978387951851,0.39053526520729065,0.4118903577327728,1.074061632156372,1.191715955734253,0.0,0.0,0.0,0.0,0.0,0.0,0.0
81027884798,0,-0.02080148085951805,-0.14620105922222137,-0.12788167595863342,-0.02080148085951805,-0.14620105922222137,-0.8278816938400269,-0.017328975722193718,0.00655400799587369,0.007293109316378832,0.0,0.0,0.0,-0.012481643818318844,-0.019522257149219513,-0.010293465107679367,0.0,0.0,-0.010293466039001942,0.064394012093544,0.05026323348283768,0.02934996411204338,0.09827778488397598,0.15551410615444183,5.098217661725357e-05,0.0,0.0,0.0,-0.23287656903266907,10.088459968566895,0.0454254150390625,9.800445556640625,0.25309303402900696,-10.0,-9.880027770996094,14.67492389678955,2.0,2.0,17.789152145385742,0.30357420444488525,0.28977540135383606,0.30357420444488525,0.29590821266174316,0.0,0.30469265580177307,0.30469265580177307,0.30469265580177307,0.30469265580177307,0.0,-0.959823727607727,0.6948122978210449,-10.72630786895752,0.0,0.0,0.0,0.0,0.0,0.0,0.0,0.0,0.0,0.0,0.0,0.0,0.0,0.0,0.0,0.30469274520874023,0.30469274520874023,0.304692804813385,0.30469274520874023,0.33220455050468445,0.04114978387951851,0.04114978387951851,0.39053526520729065,0.4118903577327728,1.074061632156372,1.191715955734253,0.0,0.0,0.0,0.0,0.0,0.0,0.0
81037608269,0,-0.02080148085951805,-0.14620105922222137,-0.12788167595863342,-0.02080148085951805,-0.14620105922222137,-0.8278816938400269,-0.017328975722193718,0.00655400799587369,0.007293109316378832,0.0,0.0,0.0,-0.012481643818318844,-0.019522257149219513,-0.010293465107679367,0.0,0.0,-0.010293466039001942,0.064394012093544,0.05026323348283768,0.02934996411204338,0.09827778488397598,0.15551410615444183,5.098217661725357e-05,0.0,0.0,0.0,-0.23287656903266907,10.088459968566895,0.0454254150390625,9.800445556640625,0.25309303402900696,-10.0,-9.880027770996094,14.67492389678955,2.0,2.0,17.789152145385742,0.30357420444488525,0.28977540135383606,0.30357420444488525,0.29590821266174316,0.0,0.30469265580177307,0.30469265580177307,0.30469265580177307,0.30469265580177307,0.0,-0.959823727607727,0.6948122978210449,-10.72630786895752,0.0,0.0,0.0,0.0,0.0,0.0,0.0,0.0,0.0,0.0,0.0,0.0,0.0,0.0,0.0,0.30469274520874023,0.30469274520874023,0.304692804813385,0.30469274520874023,0.33220455050468445,0.04114978387951851,0.04114978387951851,0.39053526520729065,0.4118903577327728,1.074061632156372,1.191715955734253,0.0,0.0,0.0,0.0,0.0,0.0,0.0
81047604452,0,-0.02080148085951805,-0.14620105922222137,-0.12788167595863342,-0.02080148085951805,-0.14620105922222137,-0.8278816938400269,-0.017328975722193718,0.00655400799587369,0.007293109316378832,0.0,0.0,0.0,-0.012481643818318844,-0.019522257149219513,-0.010293465107679367,0.0,0.0,-0.010293466039001942,0.064394012093544,0.05026323348283768,0.02934996411204338,0.09827778488397598,0.15551410615444183,5.098217661725357e-05,0.0,0.0,0.0,-0.23287656903266907,10.088459968566895,0.0454254150390625,9.800445556640625,0.25309303402900696,-10.0,-9.880027770996094,14.67492389678955,2.0,2.0,17.789152145385742,0.30357420444488525,0.28977540135383606,0.30357420444488525,0.29590821266174316,0.0,0.30469265580177307,0.30469265580177307,0.30469265580177307,0.30469265580177307,0.0,-0.959823727607727,0.6948122978210449,-10.72630786895752,0.0,0.0,0.0,0.0,0.0,0.0,0.0,0.0,0.0,0.0,0.0,0.0,0.0,0.0,0.0,0.30469274520874023,0.30469274520874023,0.304692804813385,0.30469274520874023,0.33220455050468445,0.04114978387951851,0.04114978387951851,0.39053526520729065,0.4118903577327728,1.074061632156372,1.191715955734253,0.0,0.0,0.0,0.0,0.0,0.0,0.0
81058092862,0,-0.02080148085951805,-0.14620105922222137,-0.12788167595863342,-0.02080148085951805,-0.14620105922222137,-0.8278816938400269,-0.017328975722193718,0.00655400799587369,0.007293109316378832,0.0,0.0,0.0,-0.012481643818318844,-0.019522257149219513,-0.010293465107679367,0.0,0.0,-0.010293466039001942,0.064394012093544,0.05026323348283768,0.02934996411204338,0.09827778488397598,0.15551410615444183,5.098217661725357e-05,0.0,0.0,0.0,-0.23287656903266907,10.088459968566895,0.0454254150390625,9.800445556640625,0.25309303402900696,-10.0,-9.880027770996094,14.67492389678955,2.0,2.0,17.789152145385742,0.30357420444488525,0.28977540135383606,0.30357420444488525,0.29590821266174316,0.0,0.30469265580177307,0.30469265580177307,0.30469265580177307,0.30469265580177307,0.0,-0.959823727607727,0.6948122978210449,-10.72630786895752,0.0,0.0,0.0,0.0,0.0,0.0,0.0,0.0,0.0,0.0,0.0,0.0,0.0,0.0,0.0,0.30469274520874023,0.30469274520874023,0.304692804813385,0.30469274520874023,0.33220455050468445,0.04114978387951851,0.04114978387951851,0.39053526520729065,0.4118903577327728,1.074061632156372,1.191715955734253,0.0,0.0,0.0,0.0,0.0,0.0,0.0
81068002554,0,-0.02080148085951805,-0.14620105922222137,-0.12788167595863342,-0.02080148085951805,-0.14620105922222137,-0.8278816938400269,-0.017328975722193718,0.00655400799587369,0.007293109316378832,0.0,0.0,0.0,-0.012481643818318844,-0.019522257149219513,-0.010293465107679367,0.0,0.0,-0.010293466039001942,0.064394012093544,0.05026323348283768,0.02934996411204338,0.09827778488397598,0.15551410615444183,5.098217661725357e-05,0.0,0.0,0.0,-0.23287656903266907,10.088459968566895,0.0454254150390625,9.800445556640625,0.25309303402900696,-10.0,-9.880027770996094,14.67492389678955,2.0,2.0,17.789152145385742,0.30357420444488525,0.28977540135383606,0.30357420444488525,0.29590821266174316,0.0,0.30469265580177307,0.30469265580177307,0.30469265580177307,0.30469265580177307,0.0,-0.959823727607727,0.6948122978210449,-10.72630786895752,0.0,0.0,0.0,0.0,0.0,0.0,0.0,0.0,0.0,0.0,0.0,0.0,0.0,0.0,0.0,0.30469274520874023,0.30469274520874023,0.304692804813385,0.30469274520874023,0.33220455050468445,0.04114978387951851,0.04114978387951851,0.39053526520729065,0.4118903577327728,1.074061632156372,1.191715955734253,0.0,0.0,0.0,0.0,0.0,0.0,0.0
81077961428,0,-0.02080148085951805,-0.14620105922222137,-0.12788167595863342,-0.02080148085951805,-0.14620105922222137,-0.8278816938400269,-0.017328975722193718,0.00655400799587369,0.007293109316378832,0.0,0.0,0.0,-0.012481643818318844,-0.019522257149219513,-0.010293465107679367,0.0,0.0,-0.010293466039001942,0.064394012093544,0.05026323348283768,0.02934996411204338,0.09827778488397598,0.15551410615444183,5.098217661725357e-05,0.0,0.0,0.0,-0.23287656903266907,10.088459968566895,0.0454254150390625,9.800445556640625,0.25309303402900696,-10.0,-9.880027770996094,14.67492389678955,2.0,2.0,17.789152145385742,0.30357420444488525,0.28977540135383606,0.30357420444488525,0.29744139313697815,0.0,0.30469265580177307,0.30469265580177307,0.30469265580177307,0.30469265580177307,0.0,-0.959823727607727,0.6948122978210449,-10.72630786895752,0.0,0.0,0.0,0.0,0.0,0.0,0.0,0.0,0.0,0.0,0.0,0.0,0.0,0.0,0.0,0.30469274520874023,0.30469274520874023,0.304692804813385,0.30469274520874023,0.33220455050468445,0.04114978387951851,0.04114978387951851,0.39053526520729065,0.4118903577327728,1.074061632156372,1.191715955734253,0.0,0.0,0.0,0.0,0.0,0.0,0.0
81087938913,0,-0.02080148085951805,-0.14620105922222137,-0.12788167595863342,-0.02080148085951805,-0.14620105922222137,-0.8278816938400269,-0.017328975722193718,0.00655400799587369,0.007293109316378832,0.0,0.0,0.0,-0.012481643818318844,-0.019522257149219513,-0.010293465107679367,0.0,0.0,-0.010293466039001942,0.064394012093544,0.05026323348283768,0.02934996411204338,0.09827778488397598,0.15551410615444183,5.098217661725357e-05,0.0,0.0,0.0,-0.23287656903266907,10.088459968566895,0.0454254150390625,9.800445556640625,0.25309303402900696,-10.0,-9.880027770996094,14.67492389678955,2.0,2.0,17.789152145385742,0.30357420444488525,0.28977540135383606,0.30357420444488525,0.29744139313697815,0.0,0.30469265580177307,0.30469265580177307,0.30469265580177307,0.30469265580177307,0.0,-0.959823727607727,0.6948122978210449,-10.72630786895752,0.0,0.0,0.0,0.0,0.0,0.0,0.0,0.0,0.0,0.0,0.0,0.0,0.0,0.0,0.0,0.30469274520874023,0.30469274520874023,0.304692804813385,0.30469274520874023,0.33220455050468445,0.04114978387951851,0.04114978387951851,0.39053526520729065,0.4118903577327728,1.074061632156372,1.191715955734253,0.0,0.0,0.0,0.0,0.0,0.0,0.0
81098088068,0,-0.02080148085951805,-0.14620105922222137,-0.12788167595863342,-0.02080148085951805,-0.14620105922222137,-0.8278816938400269,-0.017328975722193718,0.00655400799587369,0.007293109316378832,0.0,0.0,0.0,-0.012481643818318844,-0.019522257149219513,-0.010293465107679367,0.0,0.0,-0.010293466039001942,0.064394012093544,0.05026323348283768,0.02934996411204338,0.09827778488397598,0.15551410615444183,5.098217661725357e-05,0.0,0.0,0.0,-0.23287656903266907,10.088459968566895,0.0454254150390625,9.800445556640625,0.25309303402900696,-10.0,-9.880027770996094,14.67492389678955,2.0,2.0,17.789152145385742,0.30357420444488525,0.28977540135383606,0.30357420444488525,0.29590821266174316,0.0,0.30469265580177307,0.30469265580177307,0.30469265580177307,0.30469265580177307,0.0,-0.959823727607727,0.6948122978210449,-10.72630786895752,0.0,0.0,0.0,0.0,0.0,0.0,0.0,0.0,0.0,0.0,0.0,0.0,0.0,0.0,0.0,0.30469274520874023,0.30469274520874023,0.304692804813385,0.30469274520874023,0.33220455050468445,0.04114978387951851,0.04114978387951851,0.39053526520729065,0.4118903577327728,1.074061632156372,1.191715955734253,0.0,0.0,0.0,0.0,0.0,0.0,0.0
81107743107,0,-0.02080148085951805,-0.14620105922222137,-0.12788167595863342,-0.02080148085951805,-0.14620105922222137,-0.8278816938400269,-0.017328975722193718,0.00655400799587369,0.007293109316378832,0.0,0.0,0.0,-0.012481643818318844,-0.019522257149219513,-0.010293465107679367,0.0,0.0,-0.010293466039001942,0.064394012093544,0.05026323348283768,0.02934996411204338,0.09827778488397598,0.15551410615444183,5.098217661725357e-05,0.0,0.0,0.0,-0.23287656903266907,10.088459968566895,0.0454254150390625,9.800445556640625,0.25309303402900696,-10.0,-9.880027770996094,14.67492389678955,2.0,2.0,17.789152145385742,0.30357420444488525,0.28977540135383606,0.30357420444488525,0.29590821266174316,0.0,0.30469265580177307,0.30469265580177307,0.30469265580177307,0.30469265580177307,0.0,-0.959823727607727,0.6948122978210449,-10.72630786895752,0.0,0.0,0.0,0.0,0.0,0.0,0.0,0.0,0.0,0.0,0.0,0.0,0.0,0.0,0.0,0.30469274520874023,0.30469274520874023,0.304692804813385,0.30469274520874023,0.33220455050468445,0.04114978387951851,0.04114978387951851,0.39053526520729065,0.4118903577327728,1.074061632156372,1.191715955734253,0.0,0.0,0.0,0.0,0.0,0.0,0.0
81117776919,0,-0.02080148085951805,-0.14620105922222137,-0.12788167595863342,-0.02080148085951805,-0.14620105922222137,-0.8278816938400269,-0.017328975722193718,0.00655400799587369,0.007293109316378832,0.0,0.0,0.0,-0.012481643818318844,-0.019522257149219513,-0.010293465107679367,0.0,0.0,-0.010293466039001942,0.064394012093544,0.05026323348283768,0.02934996411204338,0.09827778488397598,0.15551410615444183,5.098217661725357e-05,0.0,0.0,0.0,-0.23287656903266907,10.088459968566895,0.0454254150390625,9.800445556640625,0.25309303402900696,-10.0,-9.880027770996094,14.67492389678955,2.0,2.0,17.789152145385742,0.30357420444488525,0.28977540135383606,0.30357420444488525,0.29744139313697815,0.0,0.30469265580177307,0.30469265580177307,0.30469265580177307,0.30469265580177307,0.0,-0.959823727607727,0.6948122978210449,-10.72630786895752,0.0,0.0,0.0,0.0,0.0,0.0,0.0,0.0,0.0,0.0,0.0,0.0,0.0,0.0,0.0,0.30469274520874023,0.30469274520874023,0.304692804813385,0.30469274520874023,0.33220455050468445,0.04114978387951851,0.04114978387951851,0.39053526520729065,0.4118903577327728,1.074061632156372,1.191715955734253,0.0,0.0,0.0,0.0,0.0,0.0,0.0
81128416242,0,-0.02080148085951805,-0.14620105922222137,-0.12788167595863342,-0.02080148085951805,-0.14620105922222137,-0.8278816938400269,-0.017328975722193718,0.00655400799587369,0.007293109316378832,0.0,0.0,0.0,-0.012481643818318844,-0.019522257149219513,-0.010293465107679367,0.0,0.0,-0.010293466039001942,0.064394012093544,0.05026323348283768,0.02934996411204338,0.09827778488397598,0.15551410615444183,5.098217661725357e-05,0.0,0.0,0.0,-0.23287656903266907,10.088459968566895,0.0454254150390625,9.800445556640625,0.25309303402900696,-10.0,-9.880027770996094,14.67492389678955,2.0,2.0,17.789152145385742,0.30357420444488525,0.28977540135383606,0.30357420444488525,0.29744139313697815,0.0,0.30469265580177307,0.30469265580177307,0.30469265580177307,0.30469265580177307,0.0,-0.959823727607727,0.6948122978210449,-10.72630786895752,0.0,0.0,0.0,0.0,0.0,0.0,0.0,0.0,0.0,0.0,0.0,0.0,0.0,0.0,0.0,0.30469274520874023,0.30469274520874023,0.304692804813385,0.30469274520874023,0.33220455050468445,0.04114978387951851,0.04114978387951851,0.39053526520729065,0.4118903577327728,1.074061632156372,1.191715955734253,0.0,0.0,0.0,0.0,0.0,0.0,0.0
81138355565,0,-0.02080148085951805,-0.14620105922222137,-0.12788167595863342,-0.02080148085951805,-0.14620105922222137,-0.8278816938400269,-0.017328975722193718,0.00655400799587369,0.007293109316378832,0.0,0.0,0.0,-0.012481643818318844,-0.019522257149219513,-0.010293465107679367,0.0,0.0,-0.010293466039001942,0.064394012093544,0.05026323348283768,0.02934996411204338,0.09827778488397598,0.15551410615444183,5.098217661725357e-05,0.0,0.0,0.0,-0.23287656903266907,10.088459968566895,0.0454254150390625,9.800445556640625,0.25309303402900696,-10.0,-9.880027770996094,14.67492389678955,2.0,2.0,17.789152145385742,0.30357420444488525,0.28977540135383606,0.30357420444488525,0.29744139313697815,0.0,0.30469265580177307,0.30469265580177307,0.30469265580177307,0.30469265580177307,0.0,-0.959823727607727,0.6948122978210449,-10.72630786895752,0.0,0.0,0.0,0.0,0.0,0.0,0.0,0.0,0.0,0.0,0.0,0.0,0.0,0.0,0.0,0.30469274520874023,0.30469274520874023,0.304692804813385,0.30469274520874023,0.33220455050468445,0.04114978387951851,0.04114978387951851,0.39053526520729065,0.4118903577327728,1.074061632156372,1.191715955734253,0.0,0.0,0.0,0.0,0.0,0.0,0.0
81225549746,0,-0.02080148085951805,-0.14620105922222137,-0.12788167595863342,-0.02080148085951805,-0.14620105922222137,-0.8278816938400269,-0.017328975722193718,0.00655400799587369,0.007293109316378832,0.0,0.0,0.0,-0.012481643818318844,-0.019522257149219513,-0.010293465107679367,0.0,0.0,-0.010293466039001942,0.064394012093544,0.05026323348283768,0.02934996411204338,0.09827778488397598,0.15551410615444183,5.098217661725357e-05,0.0,0.0,0.0,-0.23287656903266907,10.088459968566895,0.0454254150390625,9.800445556640625,0.25309303402900696,-10.0,-9.880027770996094,14.67492389678955,2.0,2.0,17.789152145385742,0.30357420444488525,0.28977540135383606,0.30357420444488525,0.29590821266174316,0.0,0.30469265580177307,0.30469265580177307,0.30469265580177307,0.30469265580177307,0.0,-0.959823727607727,0.6948122978210449,-10.72630786895752,0.0,0.0,0.0,0.0,0.0,0.0,0.0,0.0,0.0,0.0,0.0,0.0,0.0,0.0,0.0,0.30469274520874023,0.30469274520874023,0.304692804813385,0.30469274520874023,0.33220455050468445,0.04114978387951851,0.04114978387951851,0.39053526520729065,0.4118903577327728,1.074061632156372,1.191715955734253,0.0,0.0,0.0,0.0,0.0,0.0,0.0
81225631337,0,-0.02080148085951805,-0.14620105922222137,-0.12788167595863342,-0.02080148085951805,-0.14620105922222137,-0.8278816938400269,-0.017328975722193718,0.00655400799587369,0.007293109316378832,0.0,0.0,0.0,-0.012481643818318844,-0.019522257149219513,-0.010293465107679367,0.0,0.0,-0.010293466039001942,0.064394012093544,0.05026323348283768,0.02934996411204338,0.09827778488397598,0.15551410615444183,5.098217661725357e-05,0.0,0.0,0.0,-0.23287656903266907,10.088459968566895,0.0454254150390625,9.800445556640625,0.25309303402900696,-10.0,-9.880027770996094,14.67492389678955,2.0,2.0,17.789152145385742,0.30357420444488525,0.28977540135383606,0.30204102396965027,0.29590821266174316,0.0,0.30469265580177307,0.30469265580177307,0.30469265580177307,0.30469265580177307,0.0,-0.959823727607727,0.6948122978210449,-10.72630786895752,0.0,0.0,0.0,0.0,0.0,0.0,0.0,0.0,0.0,0.0,0.0,0.0,0.0,0.0,0.0,0.30469274520874023,0.30469274520874023,0.304692804813385,0.30469274520874023,0.33220455050468445,0.04114978387951851,0.04114978387951851,0.39053526520729065,0.4118903577327728,1.074061632156372,1.191715955734253,0.0,0.0,0.0,0.0,0.0,0.0,0.0
81225641772,0,-0.02080148085951805,-0.14620105922222137,-0.12788167595863342,-0.02080148085951805,-0.14620105922222137,-0.8278816938400269,-0.017328975722193718,0.00655400799587369,0.007293109316378832,0.0,0.0,0.0,-0.012481643818318844,-0.019522257149219513,-0.010293465107679367,0.0,0.0,-0.010293466039001942,0.064394012093544,0.05026323348283768,0.02934996411204338,0.09827778488397598,0.15551410615444183,5.098217661725357e-05,0.0,0.0,0.0,-0.23287656903266907,10.088459968566895,0.0454254150390625,9.800445556640625,0.25309303402900696,-10.0,-9.880027770996094,14.67492389678955,2.0,2.0,17.789152145385742,0.30357420444488525,0.28977540135383606,0.30357420444488525,0.29744139313697815,0.0,0.30469265580177307,0.30469265580177307,0.30469265580177307,0.30469265580177307,0.0,-0.959823727607727,0.6948122978210449,-10.72630786895752,0.0,0.0,0.0,0.0,0.0,0.0,0.0,0.0,0.0,0.0,0.0,0.0,0.0,0.0,0.0,0.30469274520874023,0.30469274520874023,0.304692804813385,0.30469274520874023,0.33220455050468445,0.04114978387951851,0.04114978387951851,0.39053526520729065,0.4118903577327728,1.074061632156372,1.191715955734253,0.0,0.0,0.0,0.0,0.0,0.0,0.0
81225653190,0,-0.02080148085951805,-0.14620105922222137,-0.12788167595863342,-0.02080148085951805,-0.14620105922222137,-0.8278816938400269,-0.017328975722193718,0.00655400799587369,0.007293109316378832,0.0,0.0,0.0,-0.012481643818318844,-0.019522257149219513,-0.010293465107679367,0.0,0.0,-0.010293466039001942,0.064394012093544,0.05026323348283768,0.02934996411204338,0.09827778488397598,0.15551410615444183,5.098217661725357e-05,0.0,0.0,0.0,-0.23287656903266907,10.088459968566895,0.0454254150390625,9.800445556640625,0.25309303402900696,-10.0,-9.880027770996094,14.67492389678955,2.0,2.0,17.789152145385742,0.30357420444488525,0.28977540135383606,0.30357420444488525,0.29590821266174316,0.0,0.30469265580177307,0.30469265580177307,0.30469265580177307,0.30469265580177307,0.0,-0.959823727607727,0.6948122978210449,-10.72630786895752,0.0,0.0,0.0,0.0,0.0,0.0,0.0,0.0,0.0,0.0,0.0,0.0,0.0,0.0,0.0,0.30469274520874023,0.30469274520874023,0.304692804813385,0.30469274520874023,0.33220455050468445,0.04114978387951851,0.04114978387951851,0.39053526520729065,0.4118903577327728,1.074061632156372,1.191715955734253,0.0,0.0,0.0,0.0,0.0,0.0,0.0
81225662019,0,-0.02080148085951805,-0.14620105922222137,-0.12788167595863342,-0.02080148085951805,-0.14620105922222137,-0.8278816938400269,-0.017328975722193718,0.00655400799587369,0.007293109316378832,0.0,0.0,0.0,-0.012481643818318844,-0.019522257149219513,-0.010293465107679367,0.0,0.0,-0.010293466039001942,0.064394012093544,0.05026323348283768,0.02934996411204338,0.09827778488397598,0.15551410615444183,5.098217661725357e-05,0.0,0.0,0.0,-0.23287656903266907,10.088459968566895,0.0454254150390625,9.800445556640625,0.25309303402900696,-10.0,-9.880027770996094,14.67492389678955,2.0,2.0,17.789152145385742,0.30357420444488525,0.28977540135383606,0.30357420444488525,0.29590821266174316,0.0,0.30469265580177307,0.30469265580177307,0.30469265580177307,0.30469265580177307,0.0,-0.959823727607727,0.6948122978210449,-10.72630786895752,0.0,0.0,0.0,0.0,0.0,0.0,0.0,0.0,0.0,0.0,0.0,0.0,0.0,0.0,0.0,0.30469274520874023,0.30469274520874023,0.304692804813385,0.30469274520874023,0.33220455050468445,0.04114978387951851,0.04114978387951851,0.39053526520729065,0.4118903577327728,1.074061632156372,1.191715955734253,0.0,0.0,0.0,0.0,0.0,0.0,0.0
81225671735,0,-0.02080148085951805,-0.14620105922222137,-0.12788167595863342,-0.02080148085951805,-0.14620105922222137,-0.8278816938400269,-0.017328975722193718,0.00655400799587369,0.007293109316378832,0.0,0.0,0.0,-0.012481643818318844,-0.019522257149219513,-0.010293465107679367,0.0,0.0,-0.010293466039001942,0.064394012093544,0.05026323348283768,0.02934996411204338,0.09827778488397598,0.15551410615444183,5.098217661725357e-05,0.0,0.0,0.0,-0.23287656903266907,10.088459968566895,0.0454254150390625,9.800445556640625,0.25309303402900696,-10.0,-9.880027770996094,14.67492389678955,2.0,2.0,17.789152145385742,0.30357420444488525,0.28977540135383606,0.30357420444488525,0.29744139313697815,0.0,0.30469265580177307,0.30469265580177307,0.30469265580177307,0.30469265580177307,0.0,-0.959823727607727,0.6948122978210449,-10.72630786895752,0.0,0.0,0.0,0.0,0.0,0.0,0.0,0.0,0.0,0.0,0.0,0.0,0.0,0.0,0.0,0.30469274520874023,0.30469274520874023,0.304692804813385,0.30469274520874023,0.33220455050468445,0.04114978387951851,0.04114978387951851,0.39053526520729065,0.4118903577327728,1.074061632156372,1.191715955734253,0.0,0.0,0.0,0.0,0.0,0.0,0.0
81225680273,0,-0.02080148085951805,-0.14620105922222137,-0.12788167595863342,-0.02080148085951805,-0.14620105922222137,-0.8278816938400269,-0.017328975722193718,0.00655400799587369,0.007293109316378832,0.0,0.0,0.0,-0.012481643818318844,-0.019522257149219513,-0.010293465107679367,0.0,0.0,-0.010293466039001942,0.064394012093544,0.05026323348283768,0.02934996411204338,0.09827778488397598,0.15551410615444183,5.098217661725357e-05,0.0,0.0,0.0,-0.23287656903266907,10.088459968566895,0.0454254150390625,9.800445556640625,0.25309303402900696,-10.0,-9.880027770996094,14.67492389678955,2.0,2.0,17.789152145385742,0.30357420444488525,0.28977540135383606,0.30357420444488525,0.29744139313697815,0.0,0.30469265580177307,0.30469265580177307,0.30469265580177307,0.30469265580177307,0.0,-0.959823727607727,0.6948122978210449,-10.72630786895752,0.0,0.0,0.0,0.0,0.0,0.0,0.0,0.0,0.0,0.0,0.0,0.0,0.0,0.0,0.0,0.30469274520874023,0.30469274520874023,0.304692804813385,0.30469274520874023,0.33220455050468445,0.04114978387951851,0.04114978387951851,0.39053526520729065,0.4118903577327728,1.074061632156372,1.191715955734253,0.0,0.0,0.0,0.0,0.0,0.0,0.0
81225690629,0,-0.02080148085951805,-0.14620105922222137,-0.12788167595863342,-0.02080148085951805,-0.14620105922222137,-0.8278816938400269,-0.017328975722193718,0.00655400799587369,0.007293109316378832,0.0,0.0,0.0,-0.012481643818318844,-0.019522257149219513,-0.010293465107679367,0.0,0.0,-0.010293466039001942,0.064394012093544,0.05026323348283768,0.02934996411204338,0.09827778488397598,0.15551410615444183,5.098217661725357e-05,0.0,0.0,0.0,-0.23287656903266907,10.088459968566895,0.0454254150390625,9.800445556640625,0.25309303402900696,-10.0,-9.880027770996094,14.67492389678955,2.0,2.0,17.789152145385742,0.30357420444488525,0.28977540135383606,0.30357420444488525,0.29590821266174316,0.0,0.30469265580177307,0.30469265580177307,0.30469265580177307,0.30469265580177307,0.0,-0.959823727607727,0.6948122978210449,-10.72630786895752,0.0,0.0,0.0,0.0,0.0,0.0,0.0,0.0,0.0,0.0,0.0,0.0,0.0,0.0,0.0,0.30469274520874023,0.30469274520874023,0.304692804813385,0.30469274520874023,0.33220455050468445,0.04114978387951851,0.04114978387951851,0.39053526520729065,0.4118903577327728,1.074061632156372,1.191715955734253,0.0,0.0,0.0,0.0,0.0,0.0,0.0
81230317909,0,-0.02080148085951805,-0.14620105922222137,-0.12788167595863342,-0.02080148085951805,-0.14620105922222137,-0.8278816938400269,-0.017328975722193718,0.00655400799587369,0.007293109316378832,0.0,0.0,0.0,-0.012481643818318844,-0.019522257149219513,-0.010293465107679367,0.0,0.0,-0.010293466039001942,0.064394012093544,0.05026323348283768,0.02934996411204338,0.09827778488397598,0.15551410615444183,5.098217661725357e-05,0.0,0.0,0.0,-0.23287656903266907,10.088459968566895,0.0454254150390625,9.800445556640625,0.25309303402900696,-10.0,-9.880027770996094,14.67492389678955,2.0,2.0,17.789152145385742,0.30357420444488525,0.28977540135383606,0.30357420444488525,0.29590821266174316,0.0,0.30469265580177307,0.30469265580177307,0.30469265580177307,0.30469265580177307,0.0,-0.959823727607727,0.6948122978210449,-10.72630786895752,0.0,0.0,0.0,0.0,0.0,0.0,0.0,0.0,0.0,0.0,0.0,0.0,0.0,0.0,0.0,0.30469274520874023,0.30469274520874023,0.304692804813385,0.30469274520874023,0.33220455050468445,0.04114978387951851,0.04114978387951851,0.39053526520729065,0.4118903577327728,1.074061632156372,1.191715955734253,0.0,0.0,0.0,0.0,0.0,0.0,0.0
81238121550,0,-0.02080148085951805,-0.14620105922222137,-0.12788167595863342,-0.02080148085951805,-0.14620105922222137,-0.8278816938400269,-0.017328975722193718,0.00655400799587369,0.007293109316378832,0.0,0.0,0.0,-0.012481643818318844,-0.019522257149219513,-0.010293465107679367,0.0,0.0,-0.010293466039001942,0.064394012093544,0.05026323348283768,0.02934996411204338,0.09827778488397598,0.15551410615444183,5.098217661725357e-05,0.0,0.0,0.0,-0.23287656903266907,10.088459968566895,0.0454254150390625,9.800445556640625,0.25309303402900696,-10.0,-9.880027770996094,14.67492389678955,2.0,2.0,17.789152145385742,0.30357420444488525,0.28977540135383606,0.30357420444488525,0.29590821266174316,0.0,0.30469265580177307,0.30469265580177307,0.30469265580177307,0.30469265580177307,0.0,-0.959823727607727,0.6948122978210449,-10.72630786895752,0.0,0.0,0.0,0.0,0.0,0.0,0.0,0.0,0.0,0.0,0.0,0.0,0.0,0.0,0.0,0.30469274520874023,0.30469274520874023,0.304692804813385,0.30469274520874023,0.33220455050468445,0.04114978387951851,0.04114978387951851,0.39053526520729065,0.4118903577327728,1.074061632156372,1.191715955734253,0.0,0.0,0.0,0.0,0.0,0.0,0.0
81249832801,0,-0.02080148085951805,-0.14620105922222137,-0.12788167595863342,-0.02080148085951805,-0.14620105922222137,-0.8278816938400269,-0.017328975722193718,0.00655400799587369,0.007293109316378832,0.0,0.0,0.0,-0.012481643818318844,-0.019522257149219513,-0.010293465107679367,0.0,0.0,-0.010293466039001942,0.064394012093544,0.05026323348283768,0.02934996411204338,0.09827778488397598,0.15551410615444183,5.098217661725357e-05,0.0,0.0,0.0,-0.23287656903266907,10.088459968566895,0.0454254150390625,9.800445556640625,0.25309303402900696,-10.0,-9.880027770996094,14.67492389678955,2.0,2.0,17.789152145385742,0.30357420444488525,0.28977540135383606,0.30357420444488525,0.29590821266174316,0.0,0.30469265580177307,0.30469265580177307,0.30469265580177307,0.30469265580177307,0.0,-0.959823727607727,0.6948122978210449,-10.72630786895752,0.0,0.0,0.0,0.0,0.0,0.0,0.0,0.0,0.0,0.0,0.0,0.0,0.0,0.0,0.0,0.30469274520874023,0.30469274520874023,0.304692804813385,0.30469274520874023,0.33220455050468445,0.04114978387951851,0.04114978387951851,0.39053526520729065,0.4118903577327728,1.074061632156372,1.191715955734253,0.0,0.0,0.0,0.0,0.0,0.0,0.0
81259207605,0,-0.02080148085951805,-0.14620105922222137,-0.12788167595863342,-0.02080148085951805,-0.14620105922222137,-0.8278816938400269,-0.017328975722193718,0.00655400799587369,0.007293109316378832,0.0,0.0,0.0,-0.012481643818318844,-0.019522257149219513,-0.010293465107679367,0.0,0.0,-0.010293466039001942,0.064394012093544,0.05026323348283768,0.02934996411204338,0.09827778488397598,0.15551410615444183,5.098217661725357e-05,0.0,0.0,0.0,-0.23287656903266907,10.088459968566895,0.0454254150390625,9.800445556640625,0.25309303402900696,-10.0,-9.880027770996094,14.67492389678955,2.0,2.0,17.789152145385742,0.30357420444488525,0.28977540135383606,0.30204102396965027,0.29744139313697815,0.0,0.30469265580177307,0.30469265580177307,0.30469265580177307,0.30469265580177307,0.0,-0.959823727607727,0.6948122978210449,-10.72630786895752,0.0,0.0,0.0,0.0,0.0,0.0,0.0,0.0,0.0,0.0,0.0,0.0,0.0,0.0,0.0,0.30469274520874023,0.30469274520874023,0.304692804813385,0.30469274520874023,0.33220455050468445,0.04114978387951851,0.04114978387951851,0.39053526520729065,0.4118903577327728,1.074061632156372,1.191715955734253,0.0,0.0,0.0,0.0,0.0,0.0,0.0
81269070336,0,-0.02080148085951805,-0.14620105922222137,-0.12788167595863342,-0.02080148085951805,-0.14620105922222137,-0.8278816938400269,-0.017328975722193718,0.00655400799587369,0.007293109316378832,0.0,0.0,0.0,-0.012481643818318844,-0.019522257149219513,-0.010293465107679367,0.0,0.0,-0.010293466039001942,0.064394012093544,0.05026323348283768,0.02934996411204338,0.09827778488397598,0.15551410615444183,5.098217661725357e-05,0.0,0.0,0.0,-0.23287656903266907,10.088459968566895,0.0454254150390625,9.800445556640625,0.25309303402900696,-10.0,-9.880027770996094,14.67492389678955,2.0,2.0,17.789152145385742,0.30357420444488525,0.28977540135383606,0.30357420444488525,0.29744139313697815,0.0,0.30469265580177307,0.30469265580177307,0.30469265580177307,0.30469265580177307,0.0,-0.959823727607727,0.6948122978210449,-10.72630786895752,0.0,0.0,0.0,0.0,0.0,0.0,0.0,0.0,0.0,0.0,0.0,0.0,0.0,0.0,0.0,0.30469274520874023,0.30469274520874023,0.304692804813385,0.30469274520874023,0.33220455050468445,0.04114978387951851,0.04114978387951851,0.39053526520729065,0.4118903577327728,1.074061632156372,1.191715955734253,0.0,0.0,0.0,0.0,0.0,0.0,0.0
81278117482,0,-0.02080148085951805,-0.14620105922222137,-0.12788167595863342,-0.02080148085951805,-0.14620105922222137,-0.8278816938400269,-0.017328975722193718,0.00655400799587369,0.007293109316378832,0.0,0.0,0.0,-0.012481643818318844,-0.019522257149219513,-0.010293465107679367,0.0,0.0,-0.010293466039001942,0.064394012093544,0.05026323348283768,0.02934996411204338,0.09827778488397598,0.15551410615444183,5.098217661725357e-05,0.0,0.0,0.0,-0.23287656903266907,10.088459968566895,0.0454254150390625,9.800445556640625,0.25309303402900696,-10.0,-9.880027770996094,14.67492389678955,2.0,2.0,17.789152145385742,0.30357420444488525,0.28977540135383606,0.30357420444488525,0.29744139313697815,0.0,0.30469265580177307,0.30469265580177307,0.30469265580177307,0.30469265580177307,0.0,-0.959823727607727,0.6948122978210449,-10.72630786895752,0.0,0.0,0.0,0.0,0.0,0.0,0.0,0.0,0.0,0.0,0.0,0.0,0.0,0.0,0.0,0.30469274520874023,0.30469274520874023,0.304692804813385,0.30469274520874023,0.33220455050468445,0.04114978387951851,0.04114978387951851,0.39053526520729065,0.4118903577327728,1.074061632156372,1.191715955734253,0.0,0.0,0.0,0.0,0.0,0.0,0.0
81288777876,0,-0.02080148085951805,-0.14620105922222137,-0.12788167595863342,-0.02080148085951805,-0.14620105922222137,-0.8278816938400269,-0.017328975722193718,0.00655400799587369,0.007293109316378832,0.0,0.0,0.0,-0.012481643818318844,-0.019522257149219513,-0.010293465107679367,0.0,0.0,-0.010293466039001942,0.064394012093544,0.05026323348283768,0.02934996411204338,0.09827778488397598,0.15551410615444183,5.098217661725357e-05,0.0,0.0,0.0,-0.23287656903266907,10.088459968566895,0.0454254150390625,9.800445556640625,0.25309303402900696,-10.0,-9.880027770996094,14.67492389678955,2.0,2.0,17.789152145385742,0.30357420444488525,0.28977540135383606,0.30357420444488525,0.29744139313697815,0.0,0.30469265580177307,0.30469265580177307,0.30469265580177307,0.30469265580177307,0.0,-0.959823727607727,0.6948122978210449,-10.72630786895752,0.0,0.0,0.0,0.0,0.0,0.0,0.0,0.0,0.0,0.0,0.0,0.0,0.0,0.0,0.0,0.30469274520874023,0.30469274520874023,0.304692804813385,0.30469274520874023,0.33220455050468445,0.04114978387951851,0.04114978387951851,0.39053526520729065,0.4118903577327728,1.074061632156372,1.191715955734253,0.0,0.0,0.0,0.0,0.0,0.0,0.0
81299013906,0,-0.02080148085951805,-0.14620105922222137,-0.12788167595863342,-0.02080148085951805,-0.14620105922222137,-0.8278816938400269,-0.017328975722193718,0.00655400799587369,0.007293109316378832,0.0,0.0,0.0,-0.012481643818318844,-0.019522257149219513,-0.010293465107679367,0.0,0.0,-0.010293466039001942,0.064394012093544,0.05026323348283768,0.02934996411204338,0.09827778488397598,0.15551410615444183,5.098217661725357e-05,0.0,0.0,0.0,-0.23287656903266907,10.088459968566895,0.0454254150390625,9.800445556640625,0.25309303402900696,-10.0,-9.880027770996094,14.67492389678955,2.0,2.0,17.789152145385742,0.30357420444488525,0.28977540135383606,0.30357420444488525,0.29744139313697815,0.0,0.30469265580177307,0.30469265580177307,0.30469265580177307,0.30469265580177307,0.0,-0.959823727607727,0.6948122978210449,-10.72630786895752,0.0,0.0,0.0,0.0,0.0,0.0,0.0,0.0,0.0,0.0,0.0,0.0,0.0,0.0,0.0,0.30469274520874023,0.30469274520874023,0.304692804813385,0.30469274520874023,0.33220455050468445,0.04114978387951851,0.04114978387951851,0.39053526520729065,0.4118903577327728,1.074061632156372,1.191715955734253,0.0,0.0,0.0,0.0,0.0,0.0,0.0
81308745551,0,-0.02080148085951805,-0.14620105922222137,-0.12788167595863342,-0.02080148085951805,-0.14620105922222137,-0.8278816938400269,-0.017328975722193718,0.00655400799587369,0.007293109316378832,0.0,0.0,0.0,-0.012481643818318844,-0.019522257149219513,-0.010293465107679367,0.0,0.0,-0.010293466039001942,0.064394012093544,0.05026323348283768,0.02934996411204338,0.09827778488397598,0.15551410615444183,5.098217661725357e-05,0.0,0.0,0.0,-0.23287656903266907,10.088459968566895,0.0454254150390625,9.800445556640625,0.25309303402900696,-10.0,-9.880027770996094,14.67492389678955,2.0,2.0,17.789152145385742,0.30357420444488525,0.28977540135383606,0.30204102396965027,0.29744139313697815,0.0,0.30469265580177307,0.30469265580177307,0.30469265580177307,0.30469265580177307,0.0,-0.959823727607727,0.6948122978210449,-10.72630786895752,0.0,0.0,0.0,0.0,0.0,0.0,0.0,0.0,0.0,0.0,0.0,0.0,0.0,0.0,0.0,0.30469274520874023,0.30469274520874023,0.304692804813385,0.30469274520874023,0.33220455050468445,0.04114978387951851,0.04114978387951851,0.39053526520729065,0.4118903577327728,1.074061632156372,1.191715955734253,0.0,0.0,0.0,0.0,0.0,0.0,0.0
81318971956,0,-0.02080148085951805,-0.14620105922222137,-0.12788167595863342,-0.02080148085951805,-0.14620105922222137,-0.8278816938400269,-0.017328975722193718,0.00655400799587369,0.007293109316378832,0.0,0.0,0.0,-0.012481643818318844,-0.019522257149219513,-0.010293465107679367,0.0,0.0,-0.010293466039001942,0.064394012093544,0.05026323348283768,0.02934996411204338,0.09827778488397598,0.15551410615444183,5.098217661725357e-05,0.0,0.0,0.0,-0.23287656903266907,10.088459968566895,0.0454254150390625,9.800445556640625,0.25309303402900696,-10.0,-9.880027770996094,14.67492389678955,2.0,2.0,17.789152145385742,0.30357420444488525,0.28977540135383606,0.30357420444488525,0.29744139313697815,0.0,0.30469265580177307,0.30469265580177307,0.30469265580177307,0.30469265580177307,0.0,-0.959823727607727,0.6948122978210449,-10.72630786895752,0.0,0.0,0.0,0.0,0.0,0.0,0.0,0.0,0.0,0.0,0.0,0.0,0.0,0.0,0.0,0.30469274520874023,0.30469274520874023,0.304692804813385,0.30469274520874023,0.33220455050468445,0.04114978387951851,0.04114978387951851,0.39053526520729065,0.4118903577327728,1.074061632156372,1.191715955734253,0.0,0.0,0.0,0.0,0.0,0.0,0.0
81329669803,0,-0.02080148085951805,-0.14620105922222137,-0.12788167595863342,-0.02080148085951805,-0.14620105922222137,-0.8278816938400269,-0.017328975722193718,0.00655400799587369,0.007293109316378832,0.0,0.0,0.0,-0.012481643818318844,-0.019522257149219513,-0.010293465107679367,0.0,0.0,-0.010293466039001942,0.064394012093544,0.05026323348283768,0.02934996411204338,0.09827778488397598,0.15551410615444183,5.098217661725357e-05,0.0,0.0,0.0,-0.23287656903266907,10.088459968566895,0.0454254150390625,9.800445556640625,0.25309303402900696,-10.0,-9.880027770996094,14.67492389678955,2.0,2.0,17.789152145385742,0.30357420444488525,0.28977540135383606,0.30357420444488525,0.29744139313697815,0.0,0.30469265580177307,0.30469265580177307,0.30469265580177307,0.30469265580177307,0.0,-0.959823727607727,0.6948122978210449,-10.72630786895752,0.0,0.0,0.0,0.0,0.0,0.0,0.0,0.0,0.0,0.0,0.0,0.0,0.0,0.0,0.0,0.30469274520874023,0.30469274520874023,0.304692804813385,0.30469274520874023,0.33220455050468445,0.04114978387951851,0.04114978387951851,0.39053526520729065,0.4118903577327728,1.074061632156372,1.191715955734253,0.0,0.0,0.0,0.0,0.0,0.0,0.0
81338225946,0,-0.02080148085951805,-0.14620105922222137,-0.12788167595863342,-0.02080148085951805,-0.14620105922222137,-0.8278816938400269,-0.017328975722193718,0.00655400799587369,0.007293109316378832,0.0,0.0,0.0,-0.012481643818318844,-0.019522257149219513,-0.010293465107679367,0.0,0.0,-0.010293466039001942,0.064394012093544,0.05026323348283768,0.02934996411204338,0.09827778488397598,0.15551410615444183,5.098217661725357e-05,0.0,0.0,0.0,-0.23287656903266907,10.088459968566895,0.0454254150390625,9.800445556640625,0.25309303402900696,-10.0,-9.880027770996094,14.67492389678955,2.0,2.0,17.789152145385742,0.30357420444488525,0.28977540135383606,0.30357420444488525,0.29744139313697815,0.0,0.30469265580177307,0.30469265580177307,0.30469265580177307,0.30469265580177307,0.0,-0.959823727607727,0.6948122978210449,-10.72630786895752,0.0,0.0,0.0,0.0,0.0,0.0,0.0,0.0,0.0,0.0,0.0,0.0,0.0,0.0,0.0,0.30469274520874023,0.30469274520874023,0.304692804813385,0.30469274520874023,0.33220455050468445,0.04114978387951851,0.04114978387951851,0.39053526520729065,0.4118903577327728,1.074061632156372,1.191715955734253,0.0,0.0,0.0,0.0,0.0,0.0,0.0
81347997539,0,-0.02080148085951805,-0.14620105922222137,-0.12788167595863342,-0.02080148085951805,-0.14620105922222137,-0.8278816938400269,-0.017328975722193718,0.00655400799587369,0.007293109316378832,0.0,0.0,0.0,-0.012481643818318844,-0.019522257149219513,-0.010293465107679367,0.0,0.0,-0.010293466039001942,0.064394012093544,0.05026323348283768,0.02934996411204338,0.09827778488397598,0.15551410615444183,5.098217661725357e-05,0.0,0.0,0.0,-0.23287656903266907,10.088459968566895,0.0454254150390625,9.800445556640625,0.25309303402900696,-10.0,-9.880027770996094,14.67492389678955,2.0,2.0,17.789152145385742,0.30357420444488525,0.28977540135383606,0.30357420444488525,0.29744139313697815,0.0,0.30469265580177307,0.30469265580177307,0.30469265580177307,0.30469265580177307,0.0,-0.959823727607727,0.6948122978210449,-10.72630786895752,0.0,0.0,0.0,0.0,0.0,0.0,0.0,0.0,0.0,0.0,0.0,0.0,0.0,0.0,0.0,0.30469274520874023,0.30469274520874023,0.304692804813385,0.30469274520874023,0.33220455050468445,0.04114978387951851,0.04114978387951851,0.39053526520729065,0.4118903577327728,1.074061632156372,1.191715955734253,0.0,0.0,0.0,0.0,0.0,0.0,0.0
81358165615,0,-0.02080148085951805,-0.14620105922222137,-0.12788167595863342,-0.02080148085951805,-0.14620105922222137,-0.8278816938400269,-0.017328975722193718,0.00655400799587369,0.007293109316378832,0.0,0.0,0.0,-0.012481643818318844,-0.019522257149219513,-0.010293465107679367,0.0,0.0,-0.010293466039001942,0.064394012093544,0.05026323348283768,0.02934996411204338,0.09827778488397598,0.15551410615444183,5.098217661725357e-05,0.0,0.0,0.0,-0.23287656903266907,10.088459968566895,0.0454254150390625,9.800445556640625,0.25309303402900696,-10.0,-9.880027770996094,14.67492389678955,2.0,2.0,17.789152145385742,0.30357420444488525,0.28977540135383606,0.30357420444488525,0.29744139313697815,0.0,0.30469265580177307,0.30469265580177307,0.30469265580177307,0.30469265580177307,0.0,-0.959823727607727,0.6948122978210449,-10.72630786895752,0.0,0.0,0.0,0.0,0.0,0.0,0.0,0.0,0.0,0.0,0.0,0.0,0.0,0.0,0.0,0.30469274520874023,0.30469274520874023,0.304692804813385,0.30469274520874023,0.33220455050468445,0.04114978387951851,0.04114978387951851,0.39053526520729065,0.4118903577327728,1.074061632156372,1.191715955734253,0.0,0.0,0.0,0.0,0.0,0.0,0.0
81369191037,0,-0.02080148085951805,-0.14620105922222137,-0.12788167595863342,-0.02080148085951805,-0.14620105922222137,-0.8278816938400269,-0.017328975722193718,0.00655400799587369,0.007293109316378832,0.0,0.0,0.0,-0.012481643818318844,-0.019522257149219513,-0.010293465107679367,0.0,0.0,-0.010293466039001942,0.064394012093544,0.05026323348283768,0.02934996411204338,0.09827778488397598,0.15551410615444183,5.098217661725357e-05,0.0,0.0,0.0,-0.23287656903266907,10.088459968566895,0.0454254150390625,9.800445556640625,0.25309303402900696,-10.0,-9.880027770996094,14.67492389678955,2.0,2.0,17.789152145385742,0.30357420444488525,0.28977540135383606,0.30357420444488525,0.29744139313697815,0.0,0.30469265580177307,0.30469265580177307,0.30469265580177307,0.30469265580177307,0.0,-0.959823727607727,0.6948122978210449,-10.72630786895752,0.0,0.0,0.0,0.0,0.0,0.0,0.0,0.0,0.0,0.0,0.0,0.0,0.0,0.0,0.0,0.30469274520874023,0.30469274520874023,0.304692804813385,0.30469274520874023,0.33220455050468445,0.04114978387951851,0.04114978387951851,0.39053526520729065,0.4118903577327728,1.074061632156372,1.191715955734253,0.0,0.0,0.0,0.0,0.0,0.0,0.0
81378260214,0,-0.02080148085951805,-0.14620105922222137,-0.12788167595863342,-0.02080148085951805,-0.14620105922222137,-0.8278816938400269,-0.017328975722193718,0.00655400799587369,0.007293109316378832,0.0,0.0,0.0,-0.012481643818318844,-0.019522257149219513,-0.010293465107679367,0.0,0.0,-0.010293466039001942,0.064394012093544,0.05026323348283768,0.02934996411204338,0.09827778488397598,0.15551410615444183,5.098217661725357e-05,0.0,0.0,0.0,-0.23287656903266907,10.088459968566895,0.0454254150390625,9.800445556640625,0.25309303402900696,-10.0,-9.880027770996094,14.67492389678955,2.0,2.0,17.789152145385742,0.30357420444488525,0.28977540135383606,0.30357420444488525,0.29744139313697815,0.0,0.30469265580177307,0.30469265580177307,0.30469265580177307,0.30469265580177307,0.0,-0.959823727607727,0.6948122978210449,-10.72630786895752,0.0,0.0,0.0,0.0,0.0,0.0,0.0,0.0,0.0,0.0,0.0,0.0,0.0,0.0,0.0,0.30469274520874023,0.30469274520874023,0.304692804813385,0.30469274520874023,0.33220455050468445,0.04114978387951851,0.04114978387951851,0.39053526520729065,0.4118903577327728,1.074061632156372,1.191715955734253,0.0,0.0,0.0,0.0,0.0,0.0,0.0
81388019862,0,-0.02080148085951805,-0.14620105922222137,-0.12788167595863342,-0.02080148085951805,-0.14620105922222137,-0.8278816938400269,-0.017328975722193718,0.00655400799587369,0.007293109316378832,0.0,0.0,0.0,-0.012481643818318844,-0.019522257149219513,-0.010293465107679367,0.0,0.0,-0.010293466039001942,0.064394012093544,0.05026323348283768,0.02934996411204338,0.09827778488397598,0.15551410615444183,5.098217661725357e-05,0.0,0.0,0.0,-0.23287656903266907,10.088459968566895,0.0454254150390625,9.800445556640625,0.25309303402900696,-10.0,-9.880027770996094,14.67492389678955,2.0,2.0,17.789152145385742,0.30357420444488525,0.28977540135383606,0.30357420444488525,0.29590821266174316,0.0,0.30469265580177307,0.30469265580177307,0.30469265580177307,0.30469265580177307,0.0,-0.959823727607727,0.6948122978210449,-10.72630786895752,0.0,0.0,0.0,0.0,0.0,0.0,0.0,0.0,0.0,0.0,0.0,0.0,0.0,0.0,0.0,0.30469274520874023,0.30469274520874023,0.304692804813385,0.30469274520874023,0.33220455050468445,0.04114978387951851,0.04114978387951851,0.39053526520729065,0.4118903577327728,1.074061632156372,1.191715955734253,0.0,0.0,0.0,0.0,0.0,0.0,0.0
81398399572,0,-0.02080148085951805,-0.14620105922222137,-0.12788167595863342,-0.02080148085951805,-0.14620105922222137,-0.8278816938400269,-0.017328975722193718,0.00655400799587369,0.007293109316378832,0.0,0.0,0.0,-0.012481643818318844,-0.019522257149219513,-0.010293465107679367,0.0,0.0,-0.010293466039001942,0.064394012093544,0.05026323348283768,0.02934996411204338,0.09827778488397598,0.15551410615444183,5.098217661725357e-05,0.0,0.0,0.0,-0.23287656903266907,10.088459968566895,0.0454254150390625,9.800445556640625,0.25309303402900696,-10.0,-9.880027770996094,14.67492389678955,2.0,2.0,17.789152145385742,0.30357420444488525,0.28977540135383606,0.30357420444488525,0.29590821266174316,0.0,0.30469265580177307,0.30469265580177307,0.30469265580177307,0.30469265580177307,0.0,-0.959823727607727,0.6948122978210449,-10.72630786895752,0.0,0.0,0.0,0.0,0.0,0.0,0.0,0.0,0.0,0.0,0.0,0.0,0.0,0.0,0.0,0.30469274520874023,0.30469274520874023,0.304692804813385,0.30469274520874023,0.33220455050468445,0.04114978387951851,0.04114978387951851,0.39053526520729065,0.4118903577327728,1.074061632156372,1.191715955734253,0.0,0.0,0.0,0.0,0.0,0.0,0.0
81408214347,0,-0.02080148085951805,-0.14620105922222137,-0.12788167595863342,-0.02080148085951805,-0.14620105922222137,-0.8278816938400269,-0.017328975722193718,0.00655400799587369,0.007293109316378832,0.0,0.0,0.0,-0.012481643818318844,-0.019522257149219513,-0.010293465107679367,0.0,0.0,-0.010293466039001942,0.064394012093544,0.05026323348283768,0.02934996411204338,0.09827778488397598,0.15551410615444183,5.098217661725357e-05,0.0,0.0,0.0,-0.23287656903266907,10.088459968566895,0.0454254150390625,9.800445556640625,0.25309303402900696,-10.0,-9.880027770996094,14.67492389678955,2.0,2.0,17.789152145385742,0.30357420444488525,0.28977540135383606,0.30357420444488525,0.29744139313697815,0.0,0.30469265580177307,0.30469265580177307,0.30469265580177307,0.30469265580177307,0.0,-0.959823727607727,0.6948122978210449,-10.72630786895752,0.0,0.0,0.0,0.0,0.0,0.0,0.0,0.0,0.0,0.0,0.0,0.0,0.0,0.0,0.0,0.30469274520874023,0.30469274520874023,0.304692804813385,0.30469274520874023,0.33220455050468445,0.04114978387951851,0.04114978387951851,0.39053526520729065,0.4118903577327728,1.074061632156372,1.191715955734253,0.0,0.0,0.0,0.0,0.0,0.0,0.0
81418383760,0,-0.02080148085951805,-0.14620105922222137,-0.12788167595863342,-0.02080148085951805,-0.14620105922222137,-0.8278816938400269,-0.017328975722193718,0.00655400799587369,0.007293109316378832,0.0,0.0,0.0,-0.012481643818318844,-0.019522257149219513,-0.010293465107679367,0.0,0.0,-0.010293466039001942,0.064394012093544,0.05026323348283768,0.02934996411204338,0.09827778488397598,0.15551410615444183,5.098217661725357e-05,0.0,0.0,0.0,-0.23287656903266907,10.088459968566895,0.0454254150390625,9.800445556640625,0.25309303402900696,-10.0,-9.880027770996094,14.67492389678955,2.0,2.0,17.789152145385742,0.30357420444488525,0.28977540135383606,0.30357420444488525,0.29744139313697815,0.0,0.30469265580177307,0.30469265580177307,0.30469265580177307,0.30469265580177307,0.0,-0.959823727607727,0.6948122978210449,-10.72630786895752,0.0,0.0,0.0,0.0,0.0,0.0,0.0,0.0,0.0,0.0,0.0,0.0,0.0,0.0,0.0,0.30469274520874023,0.30469274520874023,0.304692804813385,0.30469274520874023,0.33220455050468445,0.04114978387951851,0.04114978387951851,0.39053526520729065,0.4118903577327728,1.074061632156372,1.191715955734253,0.0,0.0,0.0,0.0,0.0,0.0,0.0
81428186195,0,-0.02080148085951805,-0.14620105922222137,-0.12788167595863342,-0.02080148085951805,-0.14620105922222137,-0.8278816938400269,-0.017328975722193718,0.00655400799587369,0.007293109316378832,0.0,0.0,0.0,-0.012481643818318844,-0.019522257149219513,-0.010293465107679367,0.0,0.0,-0.010293466039001942,0.064394012093544,0.05026323348283768,0.02934996411204338,0.09827778488397598,0.15551410615444183,5.098217661725357e-05,0.0,0.0,0.0,-0.23287656903266907,10.088459968566895,0.0454254150390625,9.800445556640625,0.25309303402900696,-10.0,-9.880027770996094,14.67492389678955,2.0,2.0,17.789152145385742,0.30357420444488525,0.28977540135383606,0.30357420444488525,0.29590821266174316,0.0,0.30469265580177307,0.30469265580177307,0.30469265580177307,0.30469265580177307,0.0,-0.959823727607727,0.6948122978210449,-10.72630786895752,0.0,0.0,0.0,0.0,0.0,0.0,0.0,0.0,0.0,0.0,0.0,0.0,0.0,0.0,0.0,0.30469274520874023,0.30469274520874023,0.304692804813385,0.30469274520874023,0.33220455050468445,0.04114978387951851,0.04114978387951851,0.39053526520729065,0.4118903577327728,1.074061632156372,1.191715955734253,0.0,0.0,0.0,0.0,0.0,0.0,0.0
81439708366,0,-0.02080148085951805,-0.14620105922222137,-0.12788167595863342,-0.02080148085951805,-0.14620105922222137,-0.8278816938400269,-0.017328975722193718,0.00655400799587369,0.007293109316378832,0.0,0.0,0.0,-0.012481643818318844,-0.019522257149219513,-0.010293465107679367,0.0,0.0,-0.010293466039001942,0.064394012093544,0.05026323348283768,0.02934996411204338,0.09827778488397598,0.15551410615444183,5.098217661725357e-05,0.0,0.0,0.0,-0.23287656903266907,10.088459968566895,0.0454254150390625,9.800445556640625,0.25309303402900696,-10.0,-9.880027770996094,14.67492389678955,2.0,2.0,17.789152145385742,0.30357420444488525,0.28977540135383606,0.30357420444488525,0.29590821266174316,0.0,0.30469265580177307,0.30469265580177307,0.30469265580177307,0.30469265580177307,0.0,-0.959823727607727,0.6948122978210449,-10.72630786895752,0.0,0.0,0.0,0.0,0.0,0.0,0.0,0.0,0.0,0.0,0.0,0.0,0.0,0.0,0.0,0.30469274520874023,0.30469274520874023,0.304692804813385,0.30469274520874023,0.33220455050468445,0.04114978387951851,0.04114978387951851,0.39053526520729065,0.4118903577327728,1.074061632156372,1.191715955734253,0.0,0.0,0.0,0.0,0.0,0.0,0.0
81448874576,0,-0.02080148085951805,-0.14620105922222137,-0.12788167595863342,-0.02080148085951805,-0.14620105922222137,-0.8278816938400269,-0.017328975722193718,0.00655400799587369,0.007293109316378832,0.0,0.0,0.0,-0.012481643818318844,-0.019522257149219513,-0.010293465107679367,0.0,0.0,-0.010293466039001942,0.064394012093544,0.05026323348283768,0.02934996411204338,0.09827778488397598,0.15551410615444183,5.098217661725357e-05,0.0,0.0,0.0,-0.23287656903266907,10.088459968566895,0.0454254150390625,9.800445556640625,0.25309303402900696,-10.0,-9.880027770996094,14.67492389678955,2.0,2.0,17.789152145385742,0.30357420444488525,0.28977540135383606,0.30357420444488525,0.29590821266174316,0.0,0.30469265580177307,0.30469265580177307,0.30469265580177307,0.30469265580177307,0.0,-0.959823727607727,0.6948122978210449,-10.72630786895752,0.0,0.0,0.0,0.0,0.0,0.0,0.0,0.0,0.0,0.0,0.0,0.0,0.0,0.0,0.0,0.30469274520874023,0.30469274520874023,0.304692804813385,0.30469274520874023,0.33220455050468445,0.04114978387951851,0.04114978387951851,0.39053526520729065,0.4118903577327728,1.074061632156372,1.191715955734253,0.0,0.0,0.0,0.0,0.0,0.0,0.0
81460277745,0,-0.02080148085951805,-0.14620105922222137,-0.12788167595863342,-0.02080148085951805,-0.14620105922222137,-0.8278816938400269,-0.017328975722193718,0.00655400799587369,0.007293109316378832,0.0,0.0,0.0,-0.012481643818318844,-0.019522257149219513,-0.010293465107679367,0.0,0.0,-0.010293466039001942,0.064394012093544,0.05026323348283768,0.02934996411204338,0.09827778488397598,0.15551410615444183,5.098217661725357e-05,0.0,0.0,0.0,-0.23287656903266907,10.088459968566895,0.0454254150390625,9.800445556640625,0.25309303402900696,-10.0,-9.880027770996094,14.67492389678955,2.0,2.0,17.789152145385742,0.30357420444488525,0.28977540135383606,0.30357420444488525,0.29590821266174316,0.0,0.30469265580177307,0.30469265580177307,0.30469265580177307,0.30469265580177307,0.0,-0.959823727607727,0.6948122978210449,-10.72630786895752,0.0,0.0,0.0,0.0,0.0,0.0,0.0,0.0,0.0,0.0,0.0,0.0,0.0,0.0,0.0,0.30469274520874023,0.30469274520874023,0.304692804813385,0.30469274520874023,0.33220455050468445,0.04114978387951851,0.04114978387951851,0.39053526520729065,0.4118903577327728,1.074061632156372,1.191715955734253,0.0,0.0,0.0,0.0,0.0,0.0,0.0
81468214101,0,-0.02080148085951805,-0.14620105922222137,-0.12788167595863342,-0.02080148085951805,-0.14620105922222137,-0.8278816938400269,-0.017328975722193718,0.00655400799587369,0.007293109316378832,0.0,0.0,0.0,-0.012481643818318844,-0.019522257149219513,-0.010293465107679367,0.0,0.0,-0.010293466039001942,0.064394012093544,0.05026323348283768,0.02934996411204338,0.09827778488397598,0.15551410615444183,5.098217661725357e-05,0.0,0.0,0.0,-0.23287656903266907,10.088459968566895,0.0454254150390625,9.800445556640625,0.25309303402900696,-10.0,-9.880027770996094,14.67492389678955,2.0,2.0,17.789152145385742,0.30357420444488525,0.28977540135383606,0.30357420444488525,0.29590821266174316,0.0,0.30469265580177307,0.30469265580177307,0.30469265580177307,0.30469265580177307,0.0,-0.959823727607727,0.6948122978210449,-10.72630786895752,0.0,0.0,0.0,0.0,0.0,0.0,0.0,0.0,0.0,0.0,0.0,0.0,0.0,0.0,0.0,0.30469274520874023,0.30469274520874023,0.304692804813385,0.30469274520874023,0.33220455050468445,0.04114978387951851,0.04114978387951851,0.39053526520729065,0.4118903577327728,1.074061632156372,1.191715955734253,0.0,0.0,0.0,0.0,0.0,0.0,0.0
81479724745,0,-0.02080148085951805,-0.14620105922222137,-0.12788167595863342,-0.02080148085951805,-0.14620105922222137,-0.8278816938400269,-0.017328975722193718,0.00655400799587369,0.007293109316378832,0.0,0.0,0.0,-0.012481643818318844,-0.019522257149219513,-0.010293465107679367,0.0,0.0,-0.010293466039001942,0.064394012093544,0.05026323348283768,0.02934996411204338,0.09827778488397598,0.15551410615444183,5.098217661725357e-05,0.0,0.0,0.0,-0.23287656903266907,10.088459968566895,0.0454254150390625,9.800445556640625,0.25309303402900696,-10.0,-9.880027770996094,14.67492389678955,2.0,2.0,17.789152145385742,0.30357420444488525,0.28977540135383606,0.30357420444488525,0.29744139313697815,0.0,0.30469265580177307,0.30469265580177307,0.30469265580177307,0.30469265580177307,0.0,-0.959823727607727,0.6948122978210449,-10.72630786895752,0.0,0.0,0.0,0.0,0.0,0.0,0.0,0.0,0.0,0.0,0.0,0.0,0.0,0.0,0.0,0.30469274520874023,0.30469274520874023,0.304692804813385,0.30469274520874023,0.33220455050468445,0.04114978387951851,0.04114978387951851,0.39053526520729065,0.4118903577327728,1.074061632156372,1.191715955734253,0.0,0.0,0.0,0.0,0.0,0.0,0.0
81488054835,0,-0.02080148085951805,-0.14620105922222137,-0.12788167595863342,-0.02080148085951805,-0.14620105922222137,-0.8278816938400269,-0.017328975722193718,0.00655400799587369,0.007293109316378832,0.0,0.0,0.0,-0.012481643818318844,-0.019522257149219513,-0.010293465107679367,0.0,0.0,-0.010293466039001942,0.064394012093544,0.05026323348283768,0.02934996411204338,0.09827778488397598,0.15551410615444183,5.098217661725357e-05,0.0,0.0,0.0,-0.23287656903266907,10.088459968566895,0.0454254150390625,9.800445556640625,0.25309303402900696,-10.0,-9.880027770996094,14.67492389678955,2.0,2.0,17.789152145385742,0.30357420444488525,0.28977540135383606,0.30357420444488525,0.29744139313697815,0.0,0.30469265580177307,0.30469265580177307,0.30469265580177307,0.30469265580177307,0.0,-0.959823727607727,0.6948122978210449,-10.72630786895752,0.0,0.0,0.0,0.0,0.0,0.0,0.0,0.0,0.0,0.0,0.0,0.0,0.0,0.0,0.0,0.30469274520874023,0.30469274520874023,0.304692804813385,0.30469274520874023,0.33220455050468445,0.04114978387951851,0.04114978387951851,0.39053526520729065,0.4118903577327728,1.074061632156372,1.191715955734253,0.0,0.0,0.0,0.0,0.0,0.0,0.0
81501476881,0,-0.02080148085951805,-0.14620105922222137,-0.12788167595863342,-0.02080148085951805,-0.14620105922222137,-0.8278816938400269,-0.017328975722193718,0.00655400799587369,0.007293109316378832,0.0,0.0,0.0,-0.012481643818318844,-0.019522257149219513,-0.010293465107679367,0.0,0.0,-0.010293466039001942,0.064394012093544,0.05026323348283768,0.02934996411204338,0.09827778488397598,0.15551410615444183,5.098217661725357e-05,0.0,0.0,0.0,-0.23287656903266907,10.088459968566895,0.0454254150390625,9.800445556640625,0.25309303402900696,-10.0,-9.880027770996094,14.67492389678955,2.0,2.0,17.789152145385742,0.30357420444488525,0.28977540135383606,0.30357420444488525,0.29744139313697815,0.0,0.30469265580177307,0.30469265580177307,0.30469265580177307,0.30469265580177307,0.0,-0.959823727607727,0.6948122978210449,-10.72630786895752,0.0,0.0,0.0,0.0,0.0,0.0,0.0,0.0,0.0,0.0,0.0,0.0,0.0,0.0,0.0,0.30469274520874023,0.30469274520874023,0.304692804813385,0.30469274520874023,0.33220455050468445,0.04114978387951851,0.04114978387951851,0.39053526520729065,0.4118903577327728,1.074061632156372,1.191715955734253,0.0,0.0,0.0,0.0,0.0,0.0,0.0
81508222208,0,-0.02080148085951805,-0.14620105922222137,-0.12788167595863342,-0.02080148085951805,-0.14620105922222137,-0.8278816938400269,-0.017328975722193718,0.00655400799587369,0.007293109316378832,0.0,0.0,0.0,-0.012481643818318844,-0.019522257149219513,-0.010293465107679367,0.0,0.0,-0.010293466039001942,0.064394012093544,0.05026323348283768,0.02934996411204338,0.09827778488397598,0.15551410615444183,5.098217661725357e-05,0.0,0.0,0.0,-0.23287656903266907,10.088459968566895,0.0454254150390625,9.800445556640625,0.25309303402900696,-10.0,-9.880027770996094,14.67492389678955,2.0,2.0,17.789152145385742,0.30357420444488525,0.28977540135383606,0.30357420444488525,0.29590821266174316,0.0,0.30469265580177307,0.30469265580177307,0.30469265580177307,0.30469265580177307,0.0,-0.959823727607727,0.6948122978210449,-10.72630786895752,0.0,0.0,0.0,0.0,0.0,0.0,0.0,0.0,0.0,0.0,0.0,0.0,0.0,0.0,0.0,0.30469274520874023,0.30469274520874023,0.304692804813385,0.30469274520874023,0.33220455050468445,0.04114978387951851,0.04114978387951851,0.39053526520729065,0.4118903577327728,1.074061632156372,1.191715955734253,0.0,0.0,0.0,0.0,0.0,0.0,0.0
81519649990,0,-0.02080148085951805,-0.14620105922222137,-0.12788167595863342,-0.02080148085951805,-0.14620105922222137,-0.8278816938400269,-0.017328975722193718,0.00655400799587369,0.007293109316378832,0.0,0.0,0.0,-0.012481643818318844,-0.019522257149219513,-0.010293465107679367,0.0,0.0,-0.010293466039001942,0.064394012093544,0.05026323348283768,0.02934996411204338,0.09827778488397598,0.15551410615444183,5.098217661725357e-05,0.0,0.0,0.0,-0.23287656903266907,10.088459968566895,0.0454254150390625,9.800445556640625,0.25309303402900696,-10.0,-9.880027770996094,14.67492389678955,2.0,2.0,17.789152145385742,0.30357420444488525,0.28977540135383606,0.30357420444488525,0.29744139313697815,0.0,0.30469265580177307,0.30469265580177307,0.30469265580177307,0.30469265580177307,0.0,-0.959823727607727,0.6948122978210449,-10.72630786895752,0.0,0.0,0.0,0.0,0.0,0.0,0.0,0.0,0.0,0.0,0.0,0.0,0.0,0.0,0.0,0.30469274520874023,0.30469274520874023,0.304692804813385,0.30469274520874023,0.33220455050468445,0.04114978387951851,0.04114978387951851,0.39053526520729065,0.4118903577327728,1.074061632156372,1.191715955734253,0.0,0.0,0.0,0.0,0.0,0.0,0.0
81531635642,0,-0.02080148085951805,-0.14620105922222137,-0.12788167595863342,-0.02080148085951805,-0.14620105922222137,-0.8278816938400269,-0.017328975722193718,0.00655400799587369,0.007293109316378832,0.0,0.0,0.0,-0.012481643818318844,-0.019522257149219513,-0.010293465107679367,0.0,0.0,-0.010293466039001942,0.064394012093544,0.05026323348283768,0.02934996411204338,0.09827778488397598,0.15551410615444183,5.098217661725357e-05,0.0,0.0,0.0,-0.23287656903266907,10.088459968566895,0.0454254150390625,9.800445556640625,0.25309303402900696,-10.0,-9.880027770996094,14.67492389678955,2.0,2.0,17.789152145385742,0.30357420444488525,0.28977540135383606,0.30357420444488525,0.29744139313697815,0.0,0.30469265580177307,0.30469265580177307,0.30469265580177307,0.30469265580177307,0.0,-0.959823727607727,0.6948122978210449,-10.72630786895752,0.0,0.0,0.0,0.0,0.0,0.0,0.0,0.0,0.0,0.0,0.0,0.0,0.0,0.0,0.0,0.30469274520874023,0.30469274520874023,0.304692804813385,0.30469274520874023,0.33220455050468445,0.04114978387951851,0.04114978387951851,0.39053526520729065,0.4118903577327728,1.074061632156372,1.191715955734253,0.0,0.0,0.0,0.0,0.0,0.0,0.0
81538519551,0,-0.02080148085951805,-0.14620105922222137,-0.12788167595863342,-0.02080148085951805,-0.14620105922222137,-0.8278816938400269,-0.017328975722193718,0.00655400799587369,0.007293109316378832,0.0,0.0,0.0,-0.012481643818318844,-0.019522257149219513,-0.010293465107679367,0.0,0.0,-0.010293466039001942,0.064394012093544,0.05026323348283768,0.02934996411204338,0.09827778488397598,0.15551410615444183,5.098217661725357e-05,0.0,0.0,0.0,-0.23287656903266907,10.088459968566895,0.0454254150390625,9.800445556640625,0.25309303402900696,-10.0,-9.880027770996094,14.67492389678955,2.0,2.0,17.789152145385742,0.30357420444488525,0.28977540135383606,0.30357420444488525,0.29590821266174316,0.0,0.30469265580177307,0.30469265580177307,0.30469265580177307,0.30469265580177307,0.0,-0.959823727607727,0.6948122978210449,-10.72630786895752,0.0,0.0,0.0,0.0,0.0,0.0,0.0,0.0,0.0,0.0,0.0,0.0,0.0,0.0,0.0,0.30469274520874023,0.30469274520874023,0.304692804813385,0.30469274520874023,0.33220455050468445,0.04114978387951851,0.04114978387951851,0.39053526520729065,0.4118903577327728,1.074061632156372,1.191715955734253,0.0,0.0,0.0,0.0,0.0,0.0,0.0
81548031359,0,-0.02080148085951805,-0.14620105922222137,-0.12788167595863342,-0.02080148085951805,-0.14620105922222137,-0.8278816938400269,-0.017328975722193718,0.00655400799587369,0.007293109316378832,0.0,0.0,0.0,-0.012481643818318844,-0.019522257149219513,-0.010293465107679367,0.0,0.0,-0.010293466039001942,0.064394012093544,0.05026323348283768,0.02934996411204338,0.09827778488397598,0.15551410615444183,5.098217661725357e-05,0.0,0.0,0.0,-0.23287656903266907,10.088459968566895,0.0454254150390625,9.800445556640625,0.25309303402900696,-10.0,-9.880027770996094,14.67492389678955,2.0,2.0,17.789152145385742,0.30357420444488525,0.28977540135383606,0.30357420444488525,0.29744139313697815,0.0,0.30469265580177307,0.30469265580177307,0.30469265580177307,0.30469265580177307,0.0,-0.959823727607727,0.6948122978210449,-10.72630786895752,0.0,0.0,0.0,0.0,0.0,0.0,0.0,0.0,0.0,0.0,0.0,0.0,0.0,0.0,0.0,0.30469274520874023,0.30469274520874023,0.304692804813385,0.30469274520874023,0.33220455050468445,0.04114978387951851,0.04114978387951851,0.39053526520729065,0.4118903577327728,1.074061632156372,1.191715955734253,0.0,0.0,0.0,0.0,0.0,0.0,0.0
81559130298,0,-0.02080148085951805,-0.14620105922222137,-0.12788167595863342,-0.02080148085951805,-0.14620105922222137,-0.8278816938400269,-0.017328975722193718,0.00655400799587369,0.007293109316378832,0.0,0.0,0.0,-0.012481643818318844,-0.019522257149219513,-0.010293465107679367,0.0,0.0,-0.010293466039001942,0.064394012093544,0.05026323348283768,0.02934996411204338,0.09827778488397598,0.15551410615444183,5.098217661725357e-05,0.0,0.0,0.0,-0.23287656903266907,10.088459968566895,0.0454254150390625,9.800445556640625,0.25309303402900696,-10.0,-9.880027770996094,14.67492389678955,2.0,2.0,17.789152145385742,0.30357420444488525,0.28977540135383606,0.30357420444488525,0.29744139313697815,0.0,0.30469265580177307,0.30469265580177307,0.30469265580177307,0.30469265580177307,0.0,-0.959823727607727,0.6948122978210449,-10.72630786895752,0.0,0.0,0.0,0.0,0.0,0.0,0.0,0.0,0.0,0.0,0.0,0.0,0.0,0.0,0.0,0.30469274520874023,0.30469274520874023,0.304692804813385,0.30469274520874023,0.33220455050468445,0.04114978387951851,0.04114978387951851,0.39053526520729065,0.4118903577327728,1.074061632156372,1.191715955734253,0.0,0.0,0.0,0.0,0.0,0.0,0.0
81567986371,0,-0.02080148085951805,-0.14620105922222137,-0.12788167595863342,-0.02080148085951805,-0.14620105922222137,-0.8278816938400269,-0.017328975722193718,0.00655400799587369,0.007293109316378832,0.0,0.0,0.0,-0.012481643818318844,-0.019522257149219513,-0.010293465107679367,0.0,0.0,-0.010293466039001942,0.064394012093544,0.05026323348283768,0.02934996411204338,0.09827778488397598,0.15551410615444183,5.098217661725357e-05,0.0,0.0,0.0,-0.23287656903266907,10.088459968566895,0.0454254150390625,9.800445556640625,0.25309303402900696,-10.0,-9.880027770996094,14.67492389678955,2.0,2.0,17.789152145385742,0.30357420444488525,0.28977540135383606,0.30357420444488525,0.29744139313697815,0.0,0.30469265580177307,0.30469265580177307,0.30469265580177307,0.30469265580177307,0.0,-0.959823727607727,0.6948122978210449,-10.72630786895752,0.0,0.0,0.0,0.0,0.0,0.0,0.0,0.0,0.0,0.0,0.0,0.0,0.0,0.0,0.0,0.30469274520874023,0.30469274520874023,0.304692804813385,0.30469274520874023,0.33220455050468445,0.04114978387951851,0.04114978387951851,0.39053526520729065,0.4118903577327728,1.074061632156372,1.191715955734253,0.0,0.0,0.0,0.0,0.0,0.0,0.0
81580621266,0,-0.02080148085951805,-0.14620105922222137,-0.12788167595863342,-0.02080148085951805,-0.14620105922222137,-0.8278816938400269,-0.017328975722193718,0.00655400799587369,0.007293109316378832,0.0,0.0,0.0,-0.012481643818318844,-0.019522257149219513,-0.010293465107679367,0.0,0.0,-0.010293466039001942,0.064394012093544,0.05026323348283768,0.02934996411204338,0.09827778488397598,0.15551410615444183,5.098217661725357e-05,0.0,0.0,0.0,-0.23287656903266907,10.088459968566895,0.0454254150390625,9.800445556640625,0.25309303402900696,-10.0,-9.880027770996094,14.67492389678955,2.0,2.0,17.789152145385742,0.30357420444488525,0.28977540135383606,0.30357420444488525,0.29744139313697815,0.0,0.30469265580177307,0.30469265580177307,0.30469265580177307,0.30469265580177307,0.0,-0.959823727607727,0.6948122978210449,-10.72630786895752,0.0,0.0,0.0,0.0,0.0,0.0,0.0,0.0,0.0,0.0,0.0,0.0,0.0,0.0,0.0,0.30469274520874023,0.30469274520874023,0.304692804813385,0.30469274520874023,0.33220455050468445,0.04114978387951851,0.04114978387951851,0.39053526520729065,0.4118903577327728,1.074061632156372,1.191715955734253,0.0,0.0,0.0,0.0,0.0,0.0,0.0
81588873669,0,-0.02080148085951805,-0.14620105922222137,-0.12788167595863342,-0.02080148085951805,-0.14620105922222137,-0.8278816938400269,-0.017328975722193718,0.00655400799587369,0.007293109316378832,0.0,0.0,0.0,-0.012481643818318844,-0.019522257149219513,-0.010293465107679367,0.0,0.0,-0.010293466039001942,0.064394012093544,0.05026323348283768,0.02934996411204338,0.09827778488397598,0.15551410615444183,5.098217661725357e-05,0.0,0.0,0.0,-0.23287656903266907,10.088459968566895,0.0454254150390625,9.800445556640625,0.25309303402900696,-10.0,-9.880027770996094,14.67492389678955,2.0,2.0,17.789152145385742,0.30357420444488525,0.28977540135383606,0.30357420444488525,0.29744139313697815,0.0,0.30469265580177307,0.30469265580177307,0.30469265580177307,0.30469265580177307,0.0,-0.959823727607727,0.6948122978210449,-10.72630786895752,0.0,0.0,0.0,0.0,0.0,0.0,0.0,0.0,0.0,0.0,0.0,0.0,0.0,0.0,0.0,0.30469274520874023,0.30469274520874023,0.304692804813385,0.30469274520874023,0.33220455050468445,0.04114978387951851,0.04114978387951851,0.39053526520729065,0.4118903577327728,1.074061632156372,1.191715955734253,0.0,0.0,0.0,0.0,0.0,0.0,0.0
81598279570,0,-0.02080148085951805,-0.14620105922222137,-0.12788167595863342,-0.02080148085951805,-0.14620105922222137,-0.8278816938400269,-0.017328975722193718,0.00655400799587369,0.007293109316378832,0.0,0.0,0.0,-0.012481643818318844,-0.019522257149219513,-0.010293465107679367,0.0,0.0,-0.010293466039001942,0.064394012093544,0.05026323348283768,0.02934996411204338,0.09827778488397598,0.15551410615444183,5.098217661725357e-05,0.0,0.0,0.0,-0.23287656903266907,10.088459968566895,0.0454254150390625,9.800445556640625,0.25309303402900696,-10.0,-9.880027770996094,14.67492389678955,2.0,2.0,17.789152145385742,0.30357420444488525,0.28977540135383606,0.30357420444488525,0.29744139313697815,0.0,0.30469265580177307,0.30469265580177307,0.30469265580177307,0.30469265580177307,0.0,-0.959823727607727,0.6948122978210449,-10.72630786895752,0.0,0.0,0.0,0.0,0.0,0.0,0.0,0.0,0.0,0.0,0.0,0.0,0.0,0.0,0.0,0.30469274520874023,0.30469274520874023,0.304692804813385,0.30469274520874023,0.33220455050468445,0.04114978387951851,0.04114978387951851,0.39053526520729065,0.4118903577327728,1.074061632156372,1.191715955734253,0.0,0.0,0.0,0.0,0.0,0.0,0.0
81609540527,0,-0.02080148085951805,-0.14620105922222137,-0.12788167595863342,-0.02080148085951805,-0.14620105922222137,-0.8278816938400269,-0.017328975722193718,0.00655400799587369,0.007293109316378832,0.0,0.0,0.0,-0.012481643818318844,-0.019522257149219513,-0.010293465107679367,0.0,0.0,-0.010293466039001942,0.064394012093544,0.05026323348283768,0.02934996411204338,0.09827778488397598,0.15551410615444183,5.098217661725357e-05,0.0,0.0,0.0,-0.23287656903266907,10.088459968566895,0.0454254150390625,9.800445556640625,0.25309303402900696,-10.0,-9.880027770996094,14.67492389678955,2.0,2.0,17.789152145385742,0.30357420444488525,0.28977540135383606,0.30357420444488525,0.29744139313697815,0.0,0.30469265580177307,0.30469265580177307,0.30469265580177307,0.30469265580177307,0.0,-0.959823727607727,0.6948122978210449,-10.72630786895752,0.0,0.0,0.0,0.0,0.0,0.0,0.0,0.0,0.0,0.0,0.0,0.0,0.0,0.0,0.0,0.30469274520874023,0.30469274520874023,0.304692804813385,0.30469274520874023,0.33220455050468445,0.04114978387951851,0.04114978387951851,0.39053526520729065,0.4118903577327728,1.074061632156372,1.191715955734253,0.0,0.0,0.0,0.0,0.0,0.0,0.0
81620316145,0,-0.02080148085951805,-0.14620105922222137,-0.12788167595863342,-0.02080148085951805,-0.14620105922222137,-0.8278816938400269,-0.017328975722193718,0.00655400799587369,0.007293109316378832,0.0,0.0,0.0,-0.012481643818318844,-0.019522257149219513,-0.010293465107679367,0.0,0.0,-0.010293466039001942,0.064394012093544,0.05026323348283768,0.02934996411204338,0.09827778488397598,0.15551410615444183,5.098217661725357e-05,0.0,0.0,0.0,-0.23287656903266907,10.088459968566895,0.0454254150390625,9.800445556640625,0.25309303402900696,-10.0,-9.880027770996094,14.67492389678955,2.0,2.0,17.789152145385742,0.30357420444488525,0.28977540135383606,0.30357420444488525,0.29744139313697815,0.0,0.30469265580177307,0.30469265580177307,0.30469265580177307,0.30469265580177307,0.0,-0.959823727607727,0.6948122978210449,-10.72630786895752,0.0,0.0,0.0,0.0,0.0,0.0,0.0,0.0,0.0,0.0,0.0,0.0,0.0,0.0,0.0,0.30469274520874023,0.30469274520874023,0.304692804813385,0.30469274520874023,0.33220455050468445,0.04114978387951851,0.04114978387951851,0.39053526520729065,0.4118903577327728,1.074061632156372,1.191715955734253,0.0,0.0,0.0,0.0,0.0,0.0,0.0
81628051729,0,-0.02080148085951805,-0.14620105922222137,-0.12788167595863342,-0.02080148085951805,-0.14620105922222137,-0.8278816938400269,-0.017328975722193718,0.00655400799587369,0.007293109316378832,0.0,0.0,0.0,-0.012481643818318844,-0.019522257149219513,-0.010293465107679367,0.0,0.0,-0.010293466039001942,0.064394012093544,0.05026323348283768,0.02934996411204338,0.09827778488397598,0.15551410615444183,5.098217661725357e-05,0.0,0.0,0.0,-0.23287656903266907,10.088459968566895,0.0454254150390625,9.800445556640625,0.25309303402900696,-10.0,-9.880027770996094,14.67492389678955,2.0,2.0,17.789152145385742,0.30357420444488525,0.28977540135383606,0.30357420444488525,0.29744139313697815,0.0,0.30469265580177307,0.30469265580177307,0.30469265580177307,0.30469265580177307,0.0,-0.959823727607727,0.6948122978210449,-10.72630786895752,0.0,0.0,0.0,0.0,0.0,0.0,0.0,0.0,0.0,0.0,0.0,0.0,0.0,0.0,0.0,0.30469274520874023,0.30469274520874023,0.304692804813385,0.30469274520874023,0.33220455050468445,0.04114978387951851,0.04114978387951851,0.39053526520729065,0.4118903577327728,1.074061632156372,1.191715955734253,0.0,0.0,0.0,0.0,0.0,0.0,0.0
81639223782,0,-0.02080148085951805,-0.14620105922222137,-0.12788167595863342,-0.02080148085951805,-0.14620105922222137,-0.8278816938400269,-0.017328975722193718,0.00655400799587369,0.007293109316378832,0.0,0.0,0.0,-0.012481643818318844,-0.019522257149219513,-0.010293465107679367,0.0,0.0,-0.010293466039001942,0.064394012093544,0.05026323348283768,0.02934996411204338,0.09827778488397598,0.15551410615444183,5.098217661725357e-05,0.0,0.0,0.0,-0.23287656903266907,10.088459968566895,0.0454254150390625,9.800445556640625,0.25309303402900696,-10.0,-9.880027770996094,14.67492389678955,2.0,2.0,17.789152145385742,0.30357420444488525,0.28977540135383606,0.30357420444488525,0.29744139313697815,0.0,0.30469265580177307,0.30469265580177307,0.30469265580177307,0.30469265580177307,0.0,-0.959823727607727,0.6948122978210449,-10.72630786895752,0.0,0.0,0.0,0.0,0.0,0.0,0.0,0.0,0.0,0.0,0.0,0.0,0.0,0.0,0.0,0.30469274520874023,0.30469274520874023,0.304692804813385,0.30469274520874023,0.33220455050468445,0.04114978387951851,0.04114978387951851,0.39053526520729065,0.4118903577327728,1.074061632156372,1.191715955734253,0.0,0.0,0.0,0.0,0.0,0.0,0.0
81648183563,0,-0.02080148085951805,-0.14620105922222137,-0.12788167595863342,-0.02080148085951805,-0.14620105922222137,-0.8278816938400269,-0.017328975722193718,0.00655400799587369,0.007293109316378832,0.0,0.0,0.0,-0.012481643818318844,-0.019522257149219513,-0.010293465107679367,0.0,0.0,-0.010293466039001942,0.064394012093544,0.05026323348283768,0.02934996411204338,0.09827778488397598,0.15551410615444183,5.098217661725357e-05,0.0,0.0,0.0,-0.23287656903266907,10.088459968566895,0.0454254150390625,9.800445556640625,0.25309303402900696,-10.0,-9.880027770996094,14.67492389678955,2.0,2.0,17.789152145385742,0.30357420444488525,0.28977540135383606,0.30357420444488525,0.29590821266174316,0.0,0.30469265580177307,0.30469265580177307,0.30469265580177307,0.30469265580177307,0.0,-0.959823727607727,0.6948122978210449,-10.72630786895752,0.0,0.0,0.0,0.0,0.0,0.0,0.0,0.0,0.0,0.0,0.0,0.0,0.0,0.0,0.0,0.30469274520874023,0.30469274520874023,0.304692804813385,0.30469274520874023,0.33220455050468445,0.04114978387951851,0.04114978387951851,0.39053526520729065,0.4118903577327728,1.074061632156372,1.191715955734253,0.0,0.0,0.0,0.0,0.0,0.0,0.0
81660356631,0,-0.02080148085951805,-0.14620105922222137,-0.12788167595863342,-0.02080148085951805,-0.14620105922222137,-0.8278816938400269,-0.017328975722193718,0.00655400799587369,0.007293109316378832,0.0,0.0,0.0,-0.012481643818318844,-0.019522257149219513,-0.010293465107679367,0.0,0.0,-0.010293466039001942,0.064394012093544,0.05026323348283768,0.02934996411204338,0.09827778488397598,0.15551410615444183,5.098217661725357e-05,0.0,0.0,0.0,-0.23287656903266907,10.088459968566895,0.0454254150390625,9.800445556640625,0.25309303402900696,-10.0,-9.880027770996094,14.67492389678955,2.0,2.0,17.789152145385742,0.30357420444488525,0.28977540135383606,0.30357420444488525,0.29744139313697815,0.0,0.30469265580177307,0.30469265580177307,0.30469265580177307,0.30469265580177307,0.0,-0.959823727607727,0.6948122978210449,-10.72630786895752,0.0,0.0,0.0,0.0,0.0,0.0,0.0,0.0,0.0,0.0,0.0,0.0,0.0,0.0,0.0,0.30469274520874023,0.30469274520874023,0.304692804813385,0.30469274520874023,0.33220455050468445,0.04114978387951851,0.04114978387951851,0.39053526520729065,0.4118903577327728,1.074061632156372,1.191715955734253,0.0,0.0,0.0,0.0,0.0,0.0,0.0
81669307033,0,-0.02080148085951805,-0.14620105922222137,-0.12788167595863342,-0.02080148085951805,-0.14620105922222137,-0.8278816938400269,-0.017328975722193718,0.00655400799587369,0.007293109316378832,0.0,0.0,0.0,-0.012481643818318844,-0.019522257149219513,-0.010293465107679367,0.0,0.0,-0.010293466039001942,0.064394012093544,0.05026323348283768,0.02934996411204338,0.09827778488397598,0.15551410615444183,5.098217661725357e-05,0.0,0.0,0.0,-0.23287656903266907,10.088459968566895,0.0454254150390625,9.800445556640625,0.25309303402900696,-10.0,-9.880027770996094,14.67492389678955,2.0,2.0,17.789152145385742,0.30357420444488525,0.28977540135383606,0.30357420444488525,0.29590821266174316,0.0,0.30469265580177307,0.30469265580177307,0.30469265580177307,0.30469265580177307,0.0,-0.959823727607727,0.6948122978210449,-10.72630786895752,0.0,0.0,0.0,0.0,0.0,0.0,0.0,0.0,0.0,0.0,0.0,0.0,0.0,0.0,0.0,0.30469274520874023,0.30469274520874023,0.304692804813385,0.30469274520874023,0.33220455050468445,0.04114978387951851,0.04114978387951851,0.39053526520729065,0.4118903577327728,1.074061632156372,1.191715955734253,0.0,0.0,0.0,0.0,0.0,0.0,0.0
81680198020,0,-0.02080148085951805,-0.14620105922222137,-0.12788167595863342,-0.02080148085951805,-0.14620105922222137,-0.8278816938400269,-0.017328975722193718,0.00655400799587369,0.007293109316378832,0.0,0.0,0.0,-0.012481643818318844,-0.019522257149219513,-0.010293465107679367,0.0,0.0,-0.010293466039001942,0.064394012093544,0.05026323348283768,0.02934996411204338,0.09827778488397598,0.15551410615444183,5.098217661725357e-05,0.0,0.0,0.0,-0.23287656903266907,10.088459968566895,0.0454254150390625,9.800445556640625,0.25309303402900696,-10.0,-9.880027770996094,14.67492389678955,2.0,2.0,17.789152145385742,0.30357420444488525,0.28977540135383606,0.30357420444488525,0.29590821266174316,0.0,0.30469265580177307,0.30469265580177307,0.30469265580177307,0.30469265580177307,0.0,-0.959823727607727,0.6948122978210449,-10.72630786895752,0.0,0.0,0.0,0.0,0.0,0.0,0.0,0.0,0.0,0.0,0.0,0.0,0.0,0.0,0.0,0.30469274520874023,0.30469274520874023,0.304692804813385,0.30469274520874023,0.33220455050468445,0.04114978387951851,0.04114978387951851,0.39053526520729065,0.4118903577327728,1.074061632156372,1.191715955734253,0.0,0.0,0.0,0.0,0.0,0.0,0.0
81688237855,0,-0.02080148085951805,-0.14620105922222137,-0.12788167595863342,-0.02080148085951805,-0.14620105922222137,-0.8278816938400269,-0.017328975722193718,0.00655400799587369,0.007293109316378832,0.0,0.0,0.0,-0.012481643818318844,-0.019522257149219513,-0.010293465107679367,0.0,0.0,-0.010293466039001942,0.064394012093544,0.05026323348283768,0.02934996411204338,0.09827778488397598,0.15551410615444183,5.098217661725357e-05,0.0,0.0,0.0,-0.23287656903266907,10.088459968566895,0.0454254150390625,9.800445556640625,0.25309303402900696,-10.0,-9.880027770996094,14.67492389678955,2.0,2.0,17.789152145385742,0.30357420444488525,0.28977540135383606,0.30357420444488525,0.29744139313697815,0.0,0.30469265580177307,0.30469265580177307,0.30469265580177307,0.30469265580177307,0.0,-0.959823727607727,0.6948122978210449,-10.72630786895752,0.0,0.0,0.0,0.0,0.0,0.0,0.0,0.0,0.0,0.0,0.0,0.0,0.0,0.0,0.0,0.30469274520874023,0.30469274520874023,0.304692804813385,0.30469274520874023,0.33220455050468445,0.04114978387951851,0.04114978387951851,0.39053526520729065,0.4118903577327728,1.074061632156372,1.191715955734253,0.0,0.0,0.0,0.0,0.0,0.0,0.0
81698286610,0,-0.02080148085951805,-0.14620105922222137,-0.12788167595863342,-0.02080148085951805,-0.14620105922222137,-0.8278816938400269,-0.017328975722193718,0.00655400799587369,0.007293109316378832,0.0,0.0,0.0,-0.012481643818318844,-0.019522257149219513,-0.010293465107679367,0.0,0.0,-0.010293466039001942,0.064394012093544,0.05026323348283768,0.02934996411204338,0.09827778488397598,0.15551410615444183,5.098217661725357e-05,0.0,0.0,0.0,-0.23287656903266907,10.088459968566895,0.0454254150390625,9.800445556640625,0.25309303402900696,-10.0,-9.880027770996094,14.67492389678955,2.0,2.0,17.789152145385742,0.30357420444488525,0.28977540135383606,0.30357420444488525,0.29744139313697815,0.0,0.30469265580177307,0.30469265580177307,0.30469265580177307,0.30469265580177307,0.0,-0.959823727607727,0.6948122978210449,-10.72630786895752,0.0,0.0,0.0,0.0,0.0,0.0,0.0,0.0,0.0,0.0,0.0,0.0,0.0,0.0,0.0,0.30469274520874023,0.30469274520874023,0.304692804813385,0.30469274520874023,0.33220455050468445,0.04114978387951851,0.04114978387951851,0.39053526520729065,0.4118903577327728,1.074061632156372,1.191715955734253,0.0,0.0,0.0,0.0,0.0,0.0,0.0
81709697829,0,-0.02080148085951805,-0.14620105922222137,-0.12788167595863342,-0.02080148085951805,-0.14620105922222137,-0.8278816938400269,-0.017328975722193718,0.00655400799587369,0.007293109316378832,0.0,0.0,0.0,-0.012481643818318844,-0.019522257149219513,-0.010293465107679367,0.0,0.0,-0.010293466039001942,0.064394012093544,0.05026323348283768,0.02934996411204338,0.09827778488397598,0.15551410615444183,5.098217661725357e-05,0.0,0.0,0.0,-0.23287656903266907,10.088459968566895,0.0454254150390625,9.800445556640625,0.25309303402900696,-10.0,-9.880027770996094,14.67492389678955,2.0,2.0,17.789152145385742,0.30357420444488525,0.28977540135383606,0.30357420444488525,0.29744139313697815,0.0,0.30469265580177307,0.30469265580177307,0.30469265580177307,0.30469265580177307,0.0,-0.959823727607727,0.6948122978210449,-10.72630786895752,0.0,0.0,0.0,0.0,0.0,0.0,0.0,0.0,0.0,0.0,0.0,0.0,0.0,0.0,0.0,0.30469274520874023,0.30469274520874023,0.304692804813385,0.30469274520874023,0.33220455050468445,0.04114978387951851,0.04114978387951851,0.39053526520729065,0.4118903577327728,1.074061632156372,1.191715955734253,0.0,0.0,0.0,0.0,0.0,0.0,0.0
81718112477,0,-0.02080148085951805,-0.14620105922222137,-0.12788167595863342,-0.02080148085951805,-0.14620105922222137,-0.8278816938400269,-0.017328975722193718,0.00655400799587369,0.007293109316378832,0.0,0.0,0.0,-0.012481643818318844,-0.019522257149219513,-0.010293465107679367,0.0,0.0,-0.010293466039001942,0.064394012093544,0.05026323348283768,0.02934996411204338,0.09827778488397598,0.15551410615444183,5.098217661725357e-05,0.0,0.0,0.0,-0.23287656903266907,10.088459968566895,0.0454254150390625,9.800445556640625,0.25309303402900696,-10.0,-9.880027770996094,14.67492389678955,2.0,2.0,17.789152145385742,0.30357420444488525,0.28977540135383606,0.30357420444488525,0.29744139313697815,0.0,0.30469265580177307,0.30469265580177307,0.30469265580177307,0.30469265580177307,0.0,-0.959823727607727,0.6948122978210449,-10.72630786895752,0.0,0.0,0.0,0.0,0.0,0.0,0.0,0.0,0.0,0.0,0.0,0.0,0.0,0.0,0.0,0.30469274520874023,0.30469274520874023,0.304692804813385,0.30469274520874023,0.33220455050468445,0.04114978387951851,0.04114978387951851,0.39053526520729065,0.4118903577327728,1.074061632156372,1.191715955734253,0.0,0.0,0.0,0.0,0.0,0.0,0.0
81728570293,0,-0.02080148085951805,-0.14620105922222137,-0.12788167595863342,-0.02080148085951805,-0.14620105922222137,-0.8278816938400269,-0.017328975722193718,0.00655400799587369,0.007293109316378832,0.0,0.0,0.0,-0.012481643818318844,-0.019522257149219513,-0.010293465107679367,0.0,0.0,-0.010293466039001942,0.064394012093544,0.05026323348283768,0.02934996411204338,0.09827778488397598,0.15551410615444183,5.098217661725357e-05,0.0,0.0,0.0,-0.23287656903266907,10.088459968566895,0.0454254150390625,9.800445556640625,0.25309303402900696,-10.0,-9.880027770996094,14.67492389678955,2.0,2.0,17.789152145385742,0.30357420444488525,0.28977540135383606,0.30357420444488525,0.29744139313697815,0.0,0.30469265580177307,0.30469265580177307,0.30469265580177307,0.30469265580177307,0.0,-0.959823727607727,0.6948122978210449,-10.72630786895752,0.0,0.0,0.0,0.0,0.0,0.0,0.0,0.0,0.0,0.0,0.0,0.0,0.0,0.0,0.0,0.30469274520874023,0.30469274520874023,0.304692804813385,0.30469274520874023,0.33220455050468445,0.04114978387951851,0.04114978387951851,0.39053526520729065,0.4118903577327728,1.074061632156372,1.191715955734253,0.0,0.0,0.0,0.0,0.0,0.0,0.0
81737871118,0,-0.02080148085951805,-0.14620105922222137,-0.12788167595863342,-0.02080148085951805,-0.14620105922222137,-0.8278816938400269,-0.017328975722193718,0.00655400799587369,0.007293109316378832,0.0,0.0,0.0,-0.012481643818318844,-0.019522257149219513,-0.010293465107679367,0.0,0.0,-0.010293466039001942,0.064394012093544,0.05026323348283768,0.02934996411204338,0.09827778488397598,0.15551410615444183,5.098217661725357e-05,0.0,0.0,0.0,-0.23287656903266907,10.088459968566895,0.0454254150390625,9.800445556640625,0.25309303402900696,-10.0,-9.880027770996094,14.67492389678955,2.0,2.0,17.789152145385742,0.30357420444488525,0.28977540135383606,0.30357420444488525,0.29744139313697815,0.0,0.30469265580177307,0.30469265580177307,0.30469265580177307,0.30469265580177307,0.0,-0.959823727607727,0.6948122978210449,-10.72630786895752,0.0,0.0,0.0,0.0,0.0,0.0,0.0,0.0,0.0,0.0,0.0,0.0,0.0,0.0,0.0,0.30469274520874023,0.30469274520874023,0.304692804813385,0.30469274520874023,0.33220455050468445,0.04114978387951851,0.04114978387951851,0.39053526520729065,0.4118903577327728,1.074061632156372,1.191715955734253,0.0,0.0,0.0,0.0,0.0,0.0,0.0
81750224664,0,-0.02080148085951805,-0.14620105922222137,-0.12788167595863342,-0.02080148085951805,-0.14620105922222137,-0.8278816938400269,-0.017328975722193718,0.00655400799587369,0.007293109316378832,0.0,0.0,0.0,-0.012481643818318844,-0.019522257149219513,-0.010293465107679367,0.0,0.0,-0.010293466039001942,0.064394012093544,0.05026323348283768,0.02934996411204338,0.09827778488397598,0.15551410615444183,5.098217661725357e-05,0.0,0.0,0.0,-0.23287656903266907,10.088459968566895,0.0454254150390625,9.800445556640625,0.25309303402900696,-10.0,-9.880027770996094,14.67492389678955,2.0,2.0,17.789152145385742,0.30357420444488525,0.28977540135383606,0.30357420444488525,0.29590821266174316,0.0,0.30469265580177307,0.30469265580177307,0.30469265580177307,0.30469265580177307,0.0,-0.959823727607727,0.6948122978210449,-10.72630786895752,0.0,0.0,0.0,0.0,0.0,0.0,0.0,0.0,0.0,0.0,0.0,0.0,0.0,0.0,0.0,0.30469274520874023,0.30469274520874023,0.304692804813385,0.30469274520874023,0.33220455050468445,0.04114978387951851,0.04114978387951851,0.39053526520729065,0.4118903577327728,1.074061632156372,1.191715955734253,0.0,0.0,0.0,0.0,0.0,0.0,0.0
81758700949,0,-0.02080148085951805,-0.14620105922222137,-0.12788167595863342,-0.02080148085951805,-0.14620105922222137,-0.8278816938400269,-0.017328975722193718,0.00655400799587369,0.007293109316378832,0.0,0.0,0.0,-0.012481643818318844,-0.019522257149219513,-0.010293465107679367,0.0,0.0,-0.010293466039001942,0.064394012093544,0.05026323348283768,0.02934996411204338,0.09827778488397598,0.15551410615444183,5.098217661725357e-05,0.0,0.0,0.0,-0.23287656903266907,10.088459968566895,0.0454254150390625,9.800445556640625,0.25309303402900696,-10.0,-9.880027770996094,14.67492389678955,2.0,2.0,17.789152145385742,0.30357420444488525,0.28977540135383606,0.30357420444488525,0.29590821266174316,0.0,0.30469265580177307,0.30469265580177307,0.30469265580177307,0.30469265580177307,0.0,-0.959823727607727,0.6948122978210449,-10.72630786895752,0.0,0.0,0.0,0.0,0.0,0.0,0.0,0.0,0.0,0.0,0.0,0.0,0.0,0.0,0.0,0.30469274520874023,0.30469274520874023,0.304692804813385,0.30469274520874023,0.33220455050468445,0.04114978387951851,0.04114978387951851,0.39053526520729065,0.4118903577327728,1.074061632156372,1.191715955734253,0.0,0.0,0.0,0.0,0.0,0.0,0.0
81769225870,0,-0.02080148085951805,-0.14620105922222137,-0.12788167595863342,-0.02080148085951805,-0.14620105922222137,-0.8278816938400269,-0.017328975722193718,0.00655400799587369,0.007293109316378832,0.0,0.0,0.0,-0.012481643818318844,-0.019522257149219513,-0.010293465107679367,0.0,0.0,-0.010293466039001942,0.064394012093544,0.05026323348283768,0.02934996411204338,0.09827778488397598,0.15551410615444183,5.098217661725357e-05,0.0,0.0,0.0,-0.23287656903266907,10.088459968566895,0.0454254150390625,9.800445556640625,0.25309303402900696,-10.0,-9.880027770996094,14.67492389678955,2.0,2.0,17.789152145385742,0.30357420444488525,0.28977540135383606,0.30357420444488525,0.29744139313697815,0.0,0.30469265580177307,0.30469265580177307,0.30469265580177307,0.30469265580177307,0.0,-0.959823727607727,0.6948122978210449,-10.72630786895752,0.0,0.0,0.0,0.0,0.0,0.0,0.0,0.0,0.0,0.0,0.0,0.0,0.0,0.0,0.0,0.30469274520874023,0.30469274520874023,0.304692804813385,0.30469274520874023,0.33220455050468445,0.04114978387951851,0.04114978387951851,0.39053526520729065,0.4118903577327728,1.074061632156372,1.191715955734253,0.0,0.0,0.0,0.0,0.0,0.0,0.0
81779017426,0,-0.02080148085951805,-0.14620105922222137,-0.12788167595863342,-0.02080148085951805,-0.14620105922222137,-0.8278816938400269,-0.017328975722193718,0.00655400799587369,0.007293109316378832,0.0,0.0,0.0,-0.012481643818318844,-0.019522257149219513,-0.010293465107679367,0.0,0.0,-0.010293466039001942,0.064394012093544,0.05026323348283768,0.02934996411204338,0.09827778488397598,0.15551410615444183,5.098217661725357e-05,0.0,0.0,0.0,-0.23287656903266907,10.088459968566895,0.0454254150390625,9.800445556640625,0.25309303402900696,-10.0,-9.880027770996094,14.67492389678955,2.0,2.0,17.789152145385742,0.30357420444488525,0.28977540135383606,0.30357420444488525,0.29744139313697815,0.0,0.30469265580177307,0.30469265580177307,0.30469265580177307,0.30469265580177307,0.0,-0.959823727607727,0.6948122978210449,-10.72630786895752,0.0,0.0,0.0,0.0,0.0,0.0,0.0,0.0,0.0,0.0,0.0,0.0,0.0,0.0,0.0,0.30469274520874023,0.30469274520874023,0.304692804813385,0.30469274520874023,0.33220455050468445,0.04114978387951851,0.04114978387951851,0.39053526520729065,0.4118903577327728,1.074061632156372,1.191715955734253,0.0,0.0,0.0,0.0,0.0,0.0,0.0
81788750900,0,-0.02080148085951805,-0.14620105922222137,-0.12788167595863342,-0.02080148085951805,-0.14620105922222137,-0.8278816938400269,-0.017328975722193718,0.00655400799587369,0.007293109316378832,0.0,0.0,0.0,-0.012481643818318844,-0.019522257149219513,-0.010293465107679367,0.0,0.0,-0.010293466039001942,0.064394012093544,0.05026323348283768,0.02934996411204338,0.09827778488397598,0.15551410615444183,5.098217661725357e-05,0.0,0.0,0.0,-0.23287656903266907,10.088459968566895,0.0454254150390625,9.800445556640625,0.25309303402900696,-10.0,-9.880027770996094,14.67492389678955,2.0,2.0,17.789152145385742,0.30357420444488525,0.28977540135383606,0.30357420444488525,0.29744139313697815,0.0,0.30469265580177307,0.30469265580177307,0.30469265580177307,0.30469265580177307,0.0,-0.959823727607727,0.6948122978210449,-10.72630786895752,0.0,0.0,0.0,0.0,0.0,0.0,0.0,0.0,0.0,0.0,0.0,0.0,0.0,0.0,0.0,0.30469274520874023,0.30469274520874023,0.304692804813385,0.30469274520874023,0.33220455050468445,0.04114978387951851,0.04114978387951851,0.39053526520729065,0.4118903577327728,1.074061632156372,1.191715955734253,0.0,0.0,0.0,0.0,0.0,0.0,0.0
81799504629,0,-0.02080148085951805,-0.14620105922222137,-0.12788167595863342,-0.02080148085951805,-0.14620105922222137,-0.8278816938400269,-0.017328975722193718,0.00655400799587369,0.007293109316378832,0.0,0.0,0.0,-0.012481643818318844,-0.019522257149219513,-0.010293465107679367,0.0,0.0,-0.010293466039001942,0.064394012093544,0.05026323348283768,0.02934996411204338,0.09827778488397598,0.15551410615444183,5.098217661725357e-05,0.0,0.0,0.0,-0.23287656903266907,10.088459968566895,0.0454254150390625,9.800445556640625,0.25309303402900696,-10.0,-9.880027770996094,14.67492389678955,2.0,2.0,17.789152145385742,0.30357420444488525,0.28977540135383606,0.30357420444488525,0.29744139313697815,0.0,0.30469265580177307,0.30469265580177307,0.30469265580177307,0.30469265580177307,0.0,-0.959823727607727,0.6948122978210449,-10.72630786895752,0.0,0.0,0.0,0.0,0.0,0.0,0.0,0.0,0.0,0.0,0.0,0.0,0.0,0.0,0.0,0.30469274520874023,0.30469274520874023,0.304692804813385,0.30469274520874023,0.33220455050468445,0.04114978387951851,0.04114978387951851,0.39053526520729065,0.4118903577327728,1.074061632156372,1.191715955734253,0.0,0.0,0.0,0.0,0.0,0.0,0.0
81834242203,0,-0.02080148085951805,-0.14620105922222137,-0.12788167595863342,-0.02080148085951805,-0.14620105922222137,-0.8278816938400269,-0.017328975722193718,0.00655400799587369,0.007293109316378832,0.0,0.0,0.0,-0.012481643818318844,-0.019522257149219513,-0.010293465107679367,0.0,0.0,-0.010293466039001942,0.064394012093544,0.05026323348283768,0.02934996411204338,0.09827778488397598,0.15551410615444183,5.098217661725357e-05,0.0,0.0,0.0,-0.23287656903266907,10.088459968566895,0.0454254150390625,9.800445556640625,0.25309303402900696,-10.0,-9.880027770996094,14.67492389678955,2.0,2.0,17.789152145385742,0.30357420444488525,0.28977540135383606,0.30357420444488525,0.29744139313697815,0.0,0.30469265580177307,0.30469265580177307,0.30469265580177307,0.30469265580177307,0.0,-0.959823727607727,0.6948122978210449,-10.72630786895752,0.0,0.0,0.0,0.0,0.0,0.0,0.0,0.0,0.0,0.0,0.0,0.0,0.0,0.0,0.0,0.30469274520874023,0.30469274520874023,0.304692804813385,0.30469274520874023,0.33220455050468445,0.04114978387951851,0.04114978387951851,0.39053526520729065,0.4118903577327728,1.074061632156372,1.191715955734253,0.0,0.0,0.0,0.0,0.0,0.0,0.0
81834347408,0,-0.02080148085951805,-0.14620105922222137,-0.12788167595863342,-0.02080148085951805,-0.14620105922222137,-0.8278816938400269,-0.017328975722193718,0.00655400799587369,0.007293109316378832,0.0,0.0,0.0,-0.012481643818318844,-0.019522257149219513,-0.010293465107679367,0.0,0.0,-0.010293466039001942,0.064394012093544,0.05026323348283768,0.02934996411204338,0.09827778488397598,0.15551410615444183,5.098217661725357e-05,0.0,0.0,0.0,-0.23287656903266907,10.088459968566895,0.0454254150390625,9.800445556640625,0.25309303402900696,-10.0,-9.880027770996094,14.67492389678955,2.0,2.0,17.789152145385742,0.30357420444488525,0.28977540135383606,0.30204102396965027,0.29744139313697815,0.0,0.30469265580177307,0.30469265580177307,0.30469265580177307,0.30469265580177307,0.0,-0.959823727607727,0.6948122978210449,-10.72630786895752,0.0,0.0,0.0,0.0,0.0,0.0,0.0,0.0,0.0,0.0,0.0,0.0,0.0,0.0,0.0,0.30469274520874023,0.30469274520874023,0.304692804813385,0.30469274520874023,0.33220455050468445,0.04114978387951851,0.04114978387951851,0.39053526520729065,0.4118903577327728,1.074061632156372,1.191715955734253,0.0,0.0,0.0,0.0,0.0,0.0,0.0
81834368497,0,-0.02080148085951805,-0.14620105922222137,-0.12788167595863342,-0.02080148085951805,-0.14620105922222137,-0.8278816938400269,-0.017328975722193718,0.00655400799587369,0.007293109316378832,0.0,0.0,0.0,-0.012481643818318844,-0.019522257149219513,-0.010293465107679367,0.0,0.0,-0.010293466039001942,0.064394012093544,0.05026323348283768,0.02934996411204338,0.09827778488397598,0.15551410615444183,5.098217661725357e-05,0.0,0.0,0.0,-0.23287656903266907,10.088459968566895,0.0454254150390625,9.800445556640625,0.25309303402900696,-10.0,-9.880027770996094,14.67492389678955,2.0,2.0,17.789152145385742,0.30357420444488525,0.28977540135383606,0.30357420444488525,0.29744139313697815,0.0,0.30469265580177307,0.30469265580177307,0.30469265580177307,0.30469265580177307,0.0,-0.959823727607727,0.6948122978210449,-10.72630786895752,0.0,0.0,0.0,0.0,0.0,0.0,0.0,0.0,0.0,0.0,0.0,0.0,0.0,0.0,0.0,0.30469274520874023,0.30469274520874023,0.304692804813385,0.30469274520874023,0.33220455050468445,0.04114978387951851,0.04114978387951851,0.39053526520729065,0.4118903577327728,1.074061632156372,1.191715955734253,0.0,0.0,0.0,0.0,0.0,0.0,0.0
81837916574,0,-0.02080148085951805,-0.14620105922222137,-0.12788167595863342,-0.02080148085951805,-0.14620105922222137,-0.8278816938400269,-0.017328975722193718,0.00655400799587369,0.007293109316378832,0.0,0.0,0.0,-0.012481643818318844,-0.019522257149219513,-0.010293465107679367,0.0,0.0,-0.010293466039001942,0.064394012093544,0.05026323348283768,0.02934996411204338,0.09827778488397598,0.15551410615444183,5.098217661725357e-05,0.0,0.0,0.0,-0.23287656903266907,10.088459968566895,0.0454254150390625,9.800445556640625,0.25309303402900696,-10.0,-9.880027770996094,14.67492389678955,2.0,2.0,17.789152145385742,0.30357420444488525,0.28977540135383606,0.30357420444488525,0.29744139313697815,0.0,0.30469265580177307,0.30469265580177307,0.30469265580177307,0.30469265580177307,0.0,-0.959823727607727,0.6948122978210449,-10.72630786895752,0.0,0.0,0.0,0.0,0.0,0.0,0.0,0.0,0.0,0.0,0.0,0.0,0.0,0.0,0.0,0.30469274520874023,0.30469274520874023,0.304692804813385,0.30469274520874023,0.33220455050468445,0.04114978387951851,0.04114978387951851,0.39053526520729065,0.4118903577327728,1.074061632156372,1.191715955734253,0.0,0.0,0.0,0.0,0.0,0.0,0.0
81847783285,0,-0.02080148085951805,-0.14620105922222137,-0.12788167595863342,-0.02080148085951805,-0.14620105922222137,-0.8278816938400269,-0.017328975722193718,0.00655400799587369,0.007293109316378832,0.0,0.0,0.0,-0.012481643818318844,-0.019522257149219513,-0.010293465107679367,0.0,0.0,-0.010293466039001942,0.064394012093544,0.05026323348283768,0.02934996411204338,0.09827778488397598,0.15551410615444183,5.098217661725357e-05,0.0,0.0,0.0,-0.23287656903266907,10.088459968566895,0.0454254150390625,9.800445556640625,0.25309303402900696,-10.0,-9.880027770996094,14.67492389678955,2.0,2.0,17.789152145385742,0.30357420444488525,0.28977540135383606,0.30357420444488525,0.29744139313697815,0.0,0.30469265580177307,0.30469265580177307,0.30469265580177307,0.30469265580177307,0.0,-0.959823727607727,0.6948122978210449,-10.72630786895752,0.0,0.0,0.0,0.0,0.0,0.0,0.0,0.0,0.0,0.0,0.0,0.0,0.0,0.0,0.0,0.30469274520874023,0.30469274520874023,0.304692804813385,0.30469274520874023,0.33220455050468445,0.04114978387951851,0.04114978387951851,0.39053526520729065,0.4118903577327728,1.074061632156372,1.191715955734253,0.0,0.0,0.0,0.0,0.0,0.0,0.0
81858205825,0,-0.02080148085951805,-0.14620105922222137,-0.12788167595863342,-0.02080148085951805,-0.14620105922222137,-0.8278816938400269,-0.017328975722193718,0.00655400799587369,0.007293109316378832,0.0,0.0,0.0,-0.012481643818318844,-0.019522257149219513,-0.010293465107679367,0.0,0.0,-0.010293466039001942,0.064394012093544,0.05026323348283768,0.02934996411204338,0.09827778488397598,0.15551410615444183,5.098217661725357e-05,0.0,0.0,0.0,-0.23287656903266907,10.088459968566895,0.0454254150390625,9.800445556640625,0.25309303402900696,-10.0,-9.880027770996094,14.67492389678955,2.0,2.0,17.789152145385742,0.30357420444488525,0.28977540135383606,0.30204102396965027,0.29744139313697815,0.0,0.30469265580177307,0.30469265580177307,0.30469265580177307,0.30469265580177307,0.0,-0.959823727607727,0.6948122978210449,-10.72630786895752,0.0,0.0,0.0,0.0,0.0,0.0,0.0,0.0,0.0,0.0,0.0,0.0,0.0,0.0,0.0,0.30469274520874023,0.30469274520874023,0.304692804813385,0.30469274520874023,0.33220455050468445,0.04114978387951851,0.04114978387951851,0.39053526520729065,0.4118903577327728,1.074061632156372,1.191715955734253,0.0,0.0,0.0,0.0,0.0,0.0,0.0
81868100900,0,-0.02080148085951805,-0.14620105922222137,-0.12788167595863342,-0.02080148085951805,-0.14620105922222137,-0.8278816938400269,-0.017328975722193718,0.00655400799587369,0.007293109316378832,0.0,0.0,0.0,-0.012481643818318844,-0.019522257149219513,-0.010293465107679367,0.0,0.0,-0.010293466039001942,0.064394012093544,0.05026323348283768,0.02934996411204338,0.09827778488397598,0.15551410615444183,5.098217661725357e-05,0.0,0.0,0.0,-0.23287656903266907,10.088459968566895,0.0454254150390625,9.800445556640625,0.25309303402900696,-10.0,-9.880027770996094,14.67492389678955,2.0,2.0,17.789152145385742,0.30357420444488525,0.28977540135383606,0.30357420444488525,0.29590821266174316,0.0,0.30469265580177307,0.30469265580177307,0.30469265580177307,0.30469265580177307,0.0,-0.959823727607727,0.6948122978210449,-10.72630786895752,0.0,0.0,0.0,0.0,0.0,0.0,0.0,0.0,0.0,0.0,0.0,0.0,0.0,0.0,0.0,0.30469274520874023,0.30469274520874023,0.304692804813385,0.30469274520874023,0.33220455050468445,0.04114978387951851,0.04114978387951851,0.39053526520729065,0.4118903577327728,1.074061632156372,1.191715955734253,0.0,0.0,0.0,0.0,0.0,0.0,0.0
81878498330,0,-0.02080148085951805,-0.14620105922222137,-0.12788167595863342,-0.02080148085951805,-0.14620105922222137,-0.8278816938400269,-0.017328975722193718,0.00655400799587369,0.007293109316378832,0.0,0.0,0.0,-0.012481643818318844,-0.019522257149219513,-0.010293465107679367,0.0,0.0,-0.010293466039001942,0.064394012093544,0.05026323348283768,0.02934996411204338,0.09827778488397598,0.15551410615444183,5.098217661725357e-05,0.0,0.0,0.0,-0.23287656903266907,10.088459968566895,0.0454254150390625,9.800445556640625,0.25309303402900696,-10.0,-9.880027770996094,14.67492389678955,2.0,2.0,17.789152145385742,0.30357420444488525,0.28977540135383606,0.30357420444488525,0.29590821266174316,0.0,0.30469265580177307,0.30469265580177307,0.30469265580177307,0.30469265580177307,0.0,-0.959823727607727,0.6948122978210449,-10.72630786895752,0.0,0.0,0.0,0.0,0.0,0.0,0.0,0.0,0.0,0.0,0.0,0.0,0.0,0.0,0.0,0.30469274520874023,0.30469274520874023,0.304692804813385,0.30469274520874023,0.33220455050468445,0.04114978387951851,0.04114978387951851,0.39053526520729065,0.4118903577327728,1.074061632156372,1.191715955734253,0.0,0.0,0.0,0.0,0.0,0.0,0.0
81892436377,0,-0.02080148085951805,-0.14620105922222137,-0.12788167595863342,-0.02080148085951805,-0.14620105922222137,-0.8278816938400269,-0.017328975722193718,0.00655400799587369,0.007293109316378832,0.0,0.0,0.0,-0.012481643818318844,-0.019522257149219513,-0.010293465107679367,0.0,0.0,-0.010293466039001942,0.064394012093544,0.05026323348283768,0.02934996411204338,0.09827778488397598,0.15551410615444183,5.098217661725357e-05,0.0,0.0,0.0,-0.23287656903266907,10.088459968566895,0.0454254150390625,9.800445556640625,0.25309303402900696,-10.0,-9.880027770996094,14.67492389678955,2.0,2.0,17.789152145385742,0.30357420444488525,0.28977540135383606,0.30357420444488525,0.29744139313697815,0.0,0.30469265580177307,0.30469265580177307,0.30469265580177307,0.30469265580177307,0.0,-0.959823727607727,0.6948122978210449,-10.72630786895752,0.0,0.0,0.0,0.0,0.0,0.0,0.0,0.0,0.0,0.0,0.0,0.0,0.0,0.0,0.0,0.30469274520874023,0.30469274520874023,0.304692804813385,0.30469274520874023,0.33220455050468445,0.04114978387951851,0.04114978387951851,0.39053526520729065,0.4118903577327728,1.074061632156372,1.191715955734253,0.0,0.0,0.0,0.0,0.0,0.0,0.0
81898430544,0,-0.02080148085951805,-0.14620105922222137,-0.12788167595863342,-0.02080148085951805,-0.14620105922222137,-0.8278816938400269,-0.017328975722193718,0.00655400799587369,0.007293109316378832,0.0,0.0,0.0,-0.012481643818318844,-0.019522257149219513,-0.010293465107679367,0.0,0.0,-0.010293466039001942,0.064394012093544,0.05026323348283768,0.02934996411204338,0.09827778488397598,0.15551410615444183,5.098217661725357e-05,0.0,0.0,0.0,-0.23287656903266907,10.088459968566895,0.0454254150390625,9.800445556640625,0.25309303402900696,-10.0,-9.880027770996094,14.67492389678955,2.0,2.0,17.789152145385742,0.30357420444488525,0.28977540135383606,0.30357420444488525,0.29744139313697815,0.0,0.30469265580177307,0.30469265580177307,0.30469265580177307,0.30469265580177307,0.0,-0.959823727607727,0.6948122978210449,-10.72630786895752,0.0,0.0,0.0,0.0,0.0,0.0,0.0,0.0,0.0,0.0,0.0,0.0,0.0,0.0,0.0,0.30469274520874023,0.30469274520874023,0.304692804813385,0.30469274520874023,0.33220455050468445,0.04114978387951851,0.04114978387951851,0.39053526520729065,0.4118903577327728,1.074061632156372,1.191715955734253,0.0,0.0,0.0,0.0,0.0,0.0,0.0
81908280920,0,-0.02080148085951805,-0.14620105922222137,-0.12788167595863342,-0.02080148085951805,-0.14620105922222137,-0.8278816938400269,-0.017328975722193718,0.00655400799587369,0.007293109316378832,0.0,0.0,0.0,-0.012481643818318844,-0.019522257149219513,-0.010293465107679367,0.0,0.0,-0.010293466039001942,0.064394012093544,0.05026323348283768,0.02934996411204338,0.09827778488397598,0.15551410615444183,5.098217661725357e-05,0.0,0.0,0.0,-0.23287656903266907,10.088459968566895,0.0454254150390625,9.800445556640625,0.25309303402900696,-10.0,-9.880027770996094,14.67492389678955,2.0,2.0,17.789152145385742,0.30357420444488525,0.28977540135383606,0.30357420444488525,0.29744139313697815,0.0,0.30469265580177307,0.30469265580177307,0.30469265580177307,0.30469265580177307,0.0,-0.959823727607727,0.6948122978210449,-10.72630786895752,0.0,0.0,0.0,0.0,0.0,0.0,0.0,0.0,0.0,0.0,0.0,0.0,0.0,0.0,0.0,0.30469274520874023,0.30469274520874023,0.304692804813385,0.30469274520874023,0.33220455050468445,0.04114978387951851,0.04114978387951851,0.39053526520729065,0.4118903577327728,1.074061632156372,1.191715955734253,0.0,0.0,0.0,0.0,0.0,0.0,0.0
81919321413,0,-0.02080148085951805,-0.14620105922222137,-0.12788167595863342,-0.02080148085951805,-0.14620105922222137,-0.8278816938400269,-0.017328975722193718,0.00655400799587369,0.007293109316378832,0.0,0.0,0.0,-0.012481643818318844,-0.019522257149219513,-0.010293465107679367,0.0,0.0,-0.010293466039001942,0.064394012093544,0.05026323348283768,0.02934996411204338,0.09827778488397598,0.15551410615444183,5.098217661725357e-05,0.0,0.0,0.0,-0.23287656903266907,10.088459968566895,0.0454254150390625,9.800445556640625,0.25309303402900696,-10.0,-9.880027770996094,14.67492389678955,2.0,2.0,17.789152145385742,0.30357420444488525,0.28977540135383606,0.30357420444488525,0.29744139313697815,0.0,0.30469265580177307,0.30469265580177307,0.30469265580177307,0.30469265580177307,0.0,-0.959823727607727,0.6948122978210449,-10.72630786895752,0.0,0.0,0.0,0.0,0.0,0.0,0.0,0.0,0.0,0.0,0.0,0.0,0.0,0.0,0.0,0.30469274520874023,0.30469274520874023,0.304692804813385,0.30469274520874023,0.33220455050468445,0.04114978387951851,0.04114978387951851,0.39053526520729065,0.4118903577327728,1.074061632156372,1.191715955734253,0.0,0.0,0.0,0.0,0.0,0.0,0.0
81928285498,0,-0.02080148085951805,-0.14620105922222137,-0.12788167595863342,-0.02080148085951805,-0.14620105922222137,-0.8278816938400269,-0.017328975722193718,0.00655400799587369,0.007293109316378832,0.0,0.0,0.0,-0.012481643818318844,-0.019522257149219513,-0.010293465107679367,0.0,0.0,-0.010293466039001942,0.064394012093544,0.05026323348283768,0.02934996411204338,0.09827778488397598,0.15551410615444183,5.098217661725357e-05,0.0,0.0,0.0,-0.23287656903266907,10.088459968566895,0.0454254150390625,9.800445556640625,0.25309303402900696,-10.0,-9.880027770996094,14.67492389678955,2.0,2.0,17.789152145385742,0.30357420444488525,0.28977540135383606,0.30357420444488525,0.29744139313697815,0.0,0.30469265580177307,0.30469265580177307,0.30469265580177307,0.30469265580177307,0.0,-0.959823727607727,0.6948122978210449,-10.72630786895752,0.0,0.0,0.0,0.0,0.0,0.0,0.0,0.0,0.0,0.0,0.0,0.0,0.0,0.0,0.0,0.30469274520874023,0.30469274520874023,0.304692804813385,0.30469274520874023,0.33220455050468445,0.04114978387951851,0.04114978387951851,0.39053526520729065,0.4118903577327728,1.074061632156372,1.191715955734253,0.0,0.0,0.0,0.0,0.0,0.0,0.0
81938160614,0,-0.02080148085951805,-0.14620105922222137,-0.12788167595863342,-0.02080148085951805,-0.14620105922222137,-0.8278816938400269,-0.017328975722193718,0.00655400799587369,0.007293109316378832,0.0,0.0,0.0,-0.012481643818318844,-0.019522257149219513,-0.010293465107679367,0.0,0.0,-0.010293466039001942,0.064394012093544,0.05026323348283768,0.02934996411204338,0.09827778488397598,0.15551410615444183,5.098217661725357e-05,0.0,0.0,0.0,-0.23287656903266907,10.088459968566895,0.0454254150390625,9.800445556640625,0.25309303402900696,-10.0,-9.880027770996094,14.67492389678955,2.0,2.0,17.789152145385742,0.30357420444488525,0.28977540135383606,0.30357420444488525,0.29744139313697815,0.0,0.30469265580177307,0.30469265580177307,0.30469265580177307,0.30469265580177307,0.0,-0.959823727607727,0.6948122978210449,-10.72630786895752,0.0,0.0,0.0,0.0,0.0,0.0,0.0,0.0,0.0,0.0,0.0,0.0,0.0,0.0,0.0,0.30469274520874023,0.30469274520874023,0.304692804813385,0.30469274520874023,0.33220455050468445,0.04114978387951851,0.04114978387951851,0.39053526520729065,0.4118903577327728,1.074061632156372,1.191715955734253,0.0,0.0,0.0,0.0,0.0,0.0,0.0
81948178638,0,-0.02080148085951805,-0.14620105922222137,-0.12788167595863342,-0.02080148085951805,-0.14620105922222137,-0.8278816938400269,-0.017328975722193718,0.00655400799587369,0.007293109316378832,0.0,0.0,0.0,-0.012481643818318844,-0.019522257149219513,-0.010293465107679367,0.0,0.0,-0.010293466039001942,0.064394012093544,0.05026323348283768,0.02934996411204338,0.09827778488397598,0.15551410615444183,5.098217661725357e-05,0.0,0.0,0.0,-0.23287656903266907,10.088459968566895,0.0454254150390625,9.800445556640625,0.25309303402900696,-10.0,-9.880027770996094,14.67492389678955,2.0,2.0,17.789152145385742,0.30357420444488525,0.28977540135383606,0.30357420444488525,0.29744139313697815,0.0,0.30469265580177307,0.30469265580177307,0.30469265580177307,0.30469265580177307,0.0,-0.959823727607727,0.6948122978210449,-10.72630786895752,0.0,0.0,0.0,0.0,0.0,0.0,0.0,0.0,0.0,0.0,0.0,0.0,0.0,0.0,0.0,0.30469274520874023,0.30469274520874023,0.304692804813385,0.30469274520874023,0.33220455050468445,0.04114978387951851,0.04114978387951851,0.39053526520729065,0.4118903577327728,1.074061632156372,1.191715955734253,0.0,0.0,0.0,0.0,0.0,0.0,0.0
81958755687,0,-0.02080148085951805,-0.14620105922222137,-0.12788167595863342,-0.02080148085951805,-0.14620105922222137,-0.8278816938400269,-0.017328975722193718,0.00655400799587369,0.007293109316378832,0.0,0.0,0.0,-0.012481643818318844,-0.019522257149219513,-0.010293465107679367,0.0,0.0,-0.010293466039001942,0.064394012093544,0.05026323348283768,0.02934996411204338,0.09827778488397598,0.15551410615444183,5.098217661725357e-05,0.0,0.0,0.0,-0.23287656903266907,10.088459968566895,0.0454254150390625,9.800445556640625,0.25309303402900696,-10.0,-9.880027770996094,14.67492389678955,2.0,2.0,17.789152145385742,0.30357420444488525,0.28977540135383606,0.30357420444488525,0.29590821266174316,0.0,0.30469265580177307,0.30469265580177307,0.30469265580177307,0.30469265580177307,0.0,-0.959823727607727,0.6948122978210449,-10.72630786895752,0.0,0.0,0.0,0.0,0.0,0.0,0.0,0.0,0.0,0.0,0.0,0.0,0.0,0.0,0.0,0.30469274520874023,0.30469274520874023,0.304692804813385,0.30469274520874023,0.33220455050468445,0.04114978387951851,0.04114978387951851,0.39053526520729065,0.4118903577327728,1.074061632156372,1.191715955734253,0.0,0.0,0.0,0.0,0.0,0.0,0.0
81968575367,0,-0.02080148085951805,-0.14620105922222137,-0.12788167595863342,-0.02080148085951805,-0.14620105922222137,-0.8278816938400269,-0.017328975722193718,0.00655400799587369,0.007293109316378832,0.0,0.0,0.0,-0.012481643818318844,-0.019522257149219513,-0.010293465107679367,0.0,0.0,-0.010293466039001942,0.064394012093544,0.05026323348283768,0.02934996411204338,0.09827778488397598,0.15551410615444183,5.098217661725357e-05,0.0,0.0,0.0,-0.23287656903266907,10.088459968566895,0.0454254150390625,9.800445556640625,0.25309303402900696,-10.0,-9.880027770996094,14.67492389678955,2.0,2.0,17.789152145385742,0.30357420444488525,0.28977540135383606,0.30357420444488525,0.29744139313697815,0.0,0.30469265580177307,0.30469265580177307,0.30469265580177307,0.30469265580177307,0.0,-0.959823727607727,0.6948122978210449,-10.72630786895752,0.0,0.0,0.0,0.0,0.0,0.0,0.0,0.0,0.0,0.0,0.0,0.0,0.0,0.0,0.0,0.30469274520874023,0.30469274520874023,0.304692804813385,0.30469274520874023,0.33220455050468445,0.04114978387951851,0.04114978387951851,0.39053526520729065,0.4118903577327728,1.074061632156372,1.191715955734253,0.0,0.0,0.0,0.0,0.0,0.0,0.0
81978126586,0,-0.02080148085951805,-0.14620105922222137,-0.12788167595863342,-0.02080148085951805,-0.14620105922222137,-0.8278816938400269,-0.017328975722193718,0.00655400799587369,0.007293109316378832,0.0,0.0,0.0,-0.012481643818318844,-0.019522257149219513,-0.010293465107679367,0.0,0.0,-0.010293466039001942,0.064394012093544,0.05026323348283768,0.02934996411204338,0.09827778488397598,0.15551410615444183,5.098217661725357e-05,0.0,0.0,0.0,-0.23287656903266907,10.088459968566895,0.0454254150390625,9.800445556640625,0.25309303402900696,-10.0,-9.880027770996094,14.67492389678955,2.0,2.0,17.789152145385742,0.30357420444488525,0.28977540135383606,0.30357420444488525,0.29590821266174316,0.0,0.30469265580177307,0.30469265580177307,0.30469265580177307,0.30469265580177307,0.0,-0.959823727607727,0.6948122978210449,-10.72630786895752,0.0,0.0,0.0,0.0,0.0,0.0,0.0,0.0,0.0,0.0,0.0,0.0,0.0,0.0,0.0,0.30469274520874023,0.30469274520874023,0.304692804813385,0.30469274520874023,0.33220455050468445,0.04114978387951851,0.04114978387951851,0.39053526520729065,0.4118903577327728,1.074061632156372,1.191715955734253,0.0,0.0,0.0,0.0,0.0,0.0,0.0
82025410421,0,-0.02080148085951805,-0.14620105922222137,-0.12788167595863342,-0.02080148085951805,-0.14620105922222137,-0.8278816938400269,-0.017328975722193718,0.00655400799587369,0.007293109316378832,0.0,0.0,0.0,-0.012481643818318844,-0.019522257149219513,-0.010293465107679367,0.0,0.0,-0.010293466039001942,0.064394012093544,0.05026323348283768,0.02934996411204338,0.09827778488397598,0.15551410615444183,5.098217661725357e-05,0.0,0.0,0.0,-0.23287656903266907,10.088459968566895,0.0454254150390625,9.800445556640625,0.25309303402900696,-10.0,-9.880027770996094,14.67492389678955,2.0,2.0,17.789152145385742,0.30357420444488525,0.28977540135383606,0.30357420444488525,0.29744139313697815,0.0,0.30469265580177307,0.30469265580177307,0.30469265580177307,0.30469265580177307,0.0,-0.959823727607727,0.6948122978210449,-10.72630786895752,0.0,0.0,0.0,0.0,0.0,0.0,0.0,0.0,0.0,0.0,0.0,0.0,0.0,0.0,0.0,0.30469274520874023,0.30469274520874023,0.304692804813385,0.30469274520874023,0.33220455050468445,0.04114978387951851,0.04114978387951851,0.39053526520729065,0.4118903577327728,1.074061632156372,1.191715955734253,0.0,0.0,0.0,0.0,0.0,0.0,0.0
82025439244,0,-0.02080148085951805,-0.14620105922222137,-0.12788167595863342,-0.02080148085951805,-0.14620105922222137,-0.8278816938400269,-0.017328975722193718,0.00655400799587369,0.007293109316378832,0.0,0.0,0.0,-0.012481643818318844,-0.019522257149219513,-0.010293465107679367,0.0,0.0,-0.010293466039001942,0.064394012093544,0.05026323348283768,0.02934996411204338,0.09827778488397598,0.15551410615444183,5.098217661725357e-05,0.0,0.0,0.0,-0.23287656903266907,10.088459968566895,0.0454254150390625,9.800445556640625,0.25309303402900696,-10.0,-9.880027770996094,14.67492389678955,2.0,2.0,17.789152145385742,0.30357420444488525,0.28977540135383606,0.30357420444488525,0.29590821266174316,0.0,0.30469265580177307,0.30469265580177307,0.30469265580177307,0.30469265580177307,0.0,-0.959823727607727,0.6948122978210449,-10.72630786895752,0.0,0.0,0.0,0.0,0.0,0.0,0.0,0.0,0.0,0.0,0.0,0.0,0.0,0.0,0.0,0.30469274520874023,0.30469274520874023,0.304692804813385,0.30469274520874023,0.33220455050468445,0.04114978387951851,0.04114978387951851,0.39053526520729065,0.4118903577327728,1.074061632156372,1.191715955734253,0.0,0.0,0.0,0.0,0.0,0.0,0.0
82025445523,0,-0.02080148085951805,-0.14620105922222137,-0.12788167595863342,-0.02080148085951805,-0.14620105922222137,-0.8278816938400269,-0.017328975722193718,0.00655400799587369,0.007293109316378832,0.0,0.0,0.0,-0.012481643818318844,-0.019522257149219513,-0.010293465107679367,0.0,0.0,-0.010293466039001942,0.064394012093544,0.05026323348283768,0.02934996411204338,0.09827778488397598,0.15551410615444183,5.098217661725357e-05,0.0,0.0,0.0,-0.23287656903266907,10.088459968566895,0.0454254150390625,9.800445556640625,0.25309303402900696,-10.0,-9.880027770996094,14.67492389678955,2.0,2.0,17.789152145385742,0.30357420444488525,0.28977540135383606,0.30204102396965027,0.29744139313697815,0.0,0.30469265580177307,0.30469265580177307,0.30469265580177307,0.30469265580177307,0.0,-0.959823727607727,0.6948122978210449,-10.72630786895752,0.0,0.0,0.0,0.0,0.0,0.0,0.0,0.0,0.0,0.0,0.0,0.0,0.0,0.0,0.0,0.30469274520874023,0.30469274520874023,0.304692804813385,0.30469274520874023,0.33220455050468445,0.04114978387951851,0.04114978387951851,0.39053526520729065,0.4118903577327728,1.074061632156372,1.191715955734253,0.0,0.0,0.0,0.0,0.0,0.0,0.0
82025451157,0,-0.02080148085951805,-0.14620105922222137,-0.12788167595863342,-0.02080148085951805,-0.14620105922222137,-0.8278816938400269,-0.017328975722193718,0.00655400799587369,0.007293109316378832,0.0,0.0,0.0,-0.012481643818318844,-0.019522257149219513,-0.010293465107679367,0.0,0.0,-0.010293466039001942,0.064394012093544,0.05026323348283768,0.02934996411204338,0.09827778488397598,0.15551410615444183,5.098217661725357e-05,0.0,0.0,0.0,-0.23287656903266907,10.088459968566895,0.0454254150390625,9.800445556640625,0.25309303402900696,-10.0,-9.880027770996094,14.67492389678955,2.0,2.0,17.789152145385742,0.30357420444488525,0.28977540135383606,0.30357420444488525,0.29590821266174316,0.0,0.30469265580177307,0.30469265580177307,0.30469265580177307,0.30469265580177307,0.0,-0.959823727607727,0.6948122978210449,-10.72630786895752,0.0,0.0,0.0,0.0,0.0,0.0,0.0,0.0,0.0,0.0,0.0,0.0,0.0,0.0,0.0,0.30469274520874023,0.30469274520874023,0.304692804813385,0.30469274520874023,0.33220455050468445,0.04114978387951851,0.04114978387951851,0.39053526520729065,0.4118903577327728,1.074061632156372,1.191715955734253,0.0,0.0,0.0,0.0,0.0,0.0,0.0
82028833853,0,-0.02080148085951805,-0.14620105922222137,-0.12788167595863342,-0.02080148085951805,-0.14620105922222137,-0.8278816938400269,-0.017328975722193718,0.00655400799587369,0.007293109316378832,0.0,0.0,0.0,-0.012481643818318844,-0.019522257149219513,-0.010293465107679367,0.0,0.0,-0.010293466039001942,0.064394012093544,0.05026323348283768,0.02934996411204338,0.09827778488397598,0.15551410615444183,5.098217661725357e-05,0.0,0.0,0.0,-0.23287656903266907,10.088459968566895,0.0454254150390625,9.800445556640625,0.25309303402900696,-10.0,-9.880027770996094,14.67492389678955,2.0,2.0,17.789152145385742,0.30357420444488525,0.28977540135383606,0.30357420444488525,0.29744139313697815,0.0,0.30469265580177307,0.30469265580177307,0.30469265580177307,0.30469265580177307,0.0,-0.959823727607727,0.6948122978210449,-10.72630786895752,0.0,0.0,0.0,0.0,0.0,0.0,0.0,0.0,0.0,0.0,0.0,0.0,0.0,0.0,0.0,0.30469274520874023,0.30469274520874023,0.304692804813385,0.30469274520874023,0.33220455050468445,0.04114978387951851,0.04114978387951851,0.39053526520729065,0.4118903577327728,1.074061632156372,1.191715955734253,0.0,0.0,0.0,0.0,0.0,0.0,0.0
82038098306,0,-0.02080148085951805,-0.14620105922222137,-0.12788167595863342,-0.02080148085951805,-0.14620105922222137,-0.8278816938400269,-0.017328975722193718,0.00655400799587369,0.007293109316378832,0.0,0.0,0.0,-0.012481643818318844,-0.019522257149219513,-0.010293465107679367,0.0,0.0,-0.010293466039001942,0.064394012093544,0.05026323348283768,0.02934996411204338,0.09827778488397598,0.15551410615444183,5.098217661725357e-05,0.0,0.0,0.0,-0.23287656903266907,10.088459968566895,0.0454254150390625,9.800445556640625,0.25309303402900696,-10.0,-9.880027770996094,14.67492389678955,2.0,2.0,17.789152145385742,0.30357420444488525,0.28977540135383606,0.30357420444488525,0.29590821266174316,0.0,0.30469265580177307,0.30469265580177307,0.30469265580177307,0.30469265580177307,0.0,-0.959823727607727,0.6948122978210449,-10.72630786895752,0.0,0.0,0.0,0.0,0.0,0.0,0.0,0.0,0.0,0.0,0.0,0.0,0.0,0.0,0.0,0.30469274520874023,0.30469274520874023,0.304692804813385,0.30469274520874023,0.33220455050468445,0.04114978387951851,0.04114978387951851,0.39053526520729065,0.4118903577327728,1.074061632156372,1.191715955734253,0.0,0.0,0.0,0.0,0.0,0.0,0.0
82048019635,0,-0.02080148085951805,-0.14620105922222137,-0.12788167595863342,-0.02080148085951805,-0.14620105922222137,-0.8278816938400269,-0.017328975722193718,0.00655400799587369,0.007293109316378832,0.0,0.0,0.0,-0.012481643818318844,-0.019522257149219513,-0.010293465107679367,0.0,0.0,-0.010293466039001942,0.064394012093544,0.05026323348283768,0.02934996411204338,0.09827778488397598,0.15551410615444183,5.098217661725357e-05,0.0,0.0,0.0,-0.23287656903266907,10.088459968566895,0.0454254150390625,9.800445556640625,0.25309303402900696,-10.0,-9.880027770996094,14.67492389678955,2.0,2.0,17.789152145385742,0.30357420444488525,0.28977540135383606,0.30357420444488525,0.29590821266174316,0.0,0.30469265580177307,0.30469265580177307,0.30469265580177307,0.30469265580177307,0.0,-0.959823727607727,0.6948122978210449,-10.72630786895752,0.0,0.0,0.0,0.0,0.0,0.0,0.0,0.0,0.0,0.0,0.0,0.0,0.0,0.0,0.0,0.30469274520874023,0.30469274520874023,0.304692804813385,0.30469274520874023,0.33220455050468445,0.04114978387951851,0.04114978387951851,0.39053526520729065,0.4118903577327728,1.074061632156372,1.191715955734253,0.0,0.0,0.0,0.0,0.0,0.0,0.0
82059396193,0,-0.02080148085951805,-0.14620105922222137,-0.12788167595863342,-0.02080148085951805,-0.14620105922222137,-0.8278816938400269,-0.017328975722193718,0.00655400799587369,0.007293109316378832,0.0,0.0,0.0,-0.012481643818318844,-0.019522257149219513,-0.010293465107679367,0.0,0.0,-0.010293466039001942,0.064394012093544,0.05026323348283768,0.02934996411204338,0.09827778488397598,0.15551410615444183,5.098217661725357e-05,0.0,0.0,0.0,-0.23287656903266907,10.088459968566895,0.0454254150390625,9.800445556640625,0.25309303402900696,-10.0,-9.880027770996094,14.67492389678955,2.0,2.0,17.789152145385742,0.30357420444488525,0.28977540135383606,0.30357420444488525,0.29590821266174316,0.0,0.30469265580177307,0.30469265580177307,0.30469265580177307,0.30469265580177307,0.0,-0.959823727607727,0.6948122978210449,-10.72630786895752,0.0,0.0,0.0,0.0,0.0,0.0,0.0,0.0,0.0,0.0,0.0,0.0,0.0,0.0,0.0,0.30469274520874023,0.30469274520874023,0.304692804813385,0.30469274520874023,0.33220455050468445,0.04114978387951851,0.04114978387951851,0.39053526520729065,0.4118903577327728,1.074061632156372,1.191715955734253,0.0,0.0,0.0,0.0,0.0,0.0,0.0
82068277301,0,-0.02080148085951805,-0.14620105922222137,-0.12788167595863342,-0.02080148085951805,-0.14620105922222137,-0.8278816938400269,-0.017328975722193718,0.00655400799587369,0.007293109316378832,0.0,0.0,0.0,-0.012481643818318844,-0.019522257149219513,-0.010293465107679367,0.0,0.0,-0.010293466039001942,0.064394012093544,0.05026323348283768,0.02934996411204338,0.09827778488397598,0.15551410615444183,5.098217661725357e-05,0.0,0.0,0.0,-0.23287656903266907,10.088459968566895,0.0454254150390625,9.800445556640625,0.25309303402900696,-10.0,-9.880027770996094,14.67492389678955,2.0,2.0,17.789152145385742,0.30357420444488525,0.28977540135383606,0.30357420444488525,0.29744139313697815,0.0,0.30469265580177307,0.30469265580177307,0.30469265580177307,0.30469265580177307,0.0,-0.959823727607727,0.6948122978210449,-10.72630786895752,0.0,0.0,0.0,0.0,0.0,0.0,0.0,0.0,0.0,0.0,0.0,0.0,0.0,0.0,0.0,0.30469274520874023,0.30469274520874023,0.304692804813385,0.30469274520874023,0.33220455050468445,0.04114978387951851,0.04114978387951851,0.39053526520729065,0.4118903577327728,1.074061632156372,1.191715955734253,0.0,0.0,0.0,0.0,0.0,0.0,0.0
82078644306,0,-0.02080148085951805,-0.14620105922222137,-0.12788167595863342,-0.02080148085951805,-0.14620105922222137,-0.8278816938400269,-0.017328975722193718,0.00655400799587369,0.007293109316378832,0.0,0.0,0.0,-0.012481643818318844,-0.019522257149219513,-0.010293465107679367,0.0,0.0,-0.010293466039001942,0.064394012093544,0.05026323348283768,0.02934996411204338,0.09827778488397598,0.15551410615444183,5.098217661725357e-05,0.0,0.0,0.0,-0.23287656903266907,10.088459968566895,0.0454254150390625,9.800445556640625,0.25309303402900696,-10.0,-9.880027770996094,14.67492389678955,2.0,2.0,17.789152145385742,0.30357420444488525,0.28977540135383606,0.30357420444488525,0.29590821266174316,0.0,0.30469265580177307,0.30469265580177307,0.30469265580177307,0.30469265580177307,0.0,-0.959823727607727,0.6948122978210449,-10.72630786895752,0.0,0.0,0.0,0.0,0.0,0.0,0.0,0.0,0.0,0.0,0.0,0.0,0.0,0.0,0.0,0.30469274520874023,0.30469274520874023,0.304692804813385,0.30469274520874023,0.33220455050468445,0.04114978387951851,0.04114978387951851,0.39053526520729065,0.4118903577327728,1.074061632156372,1.191715955734253,0.0,0.0,0.0,0.0,0.0,0.0,0.0
82088081087,0,-0.02080148085951805,-0.14620105922222137,-0.12788167595863342,-0.02080148085951805,-0.14620105922222137,-0.8278816938400269,-0.017328975722193718,0.00655400799587369,0.007293109316378832,0.0,0.0,0.0,-0.012481643818318844,-0.019522257149219513,-0.010293465107679367,0.0,0.0,-0.010293466039001942,0.064394012093544,0.05026323348283768,0.02934996411204338,0.09827778488397598,0.15551410615444183,5.098217661725357e-05,0.0,0.0,0.0,-0.23287656903266907,10.088459968566895,0.0454254150390625,9.800445556640625,0.25309303402900696,-10.0,-9.880027770996094,14.67492389678955,2.0,2.0,17.789152145385742,0.30357420444488525,0.28977540135383606,0.30357420444488525,0.29744139313697815,0.0,0.30469265580177307,0.30469265580177307,0.30469265580177307,0.30469265580177307,0.0,-0.959823727607727,0.6948122978210449,-10.72630786895752,0.0,0.0,0.0,0.0,0.0,0.0,0.0,0.0,0.0,0.0,0.0,0.0,0.0,0.0,0.0,0.30469274520874023,0.30469274520874023,0.304692804813385,0.30469274520874023,0.33220455050468445,0.04114978387951851,0.04114978387951851,0.39053526520729065,0.4118903577327728,1.074061632156372,1.191715955734253,0.0,0.0,0.0,0.0,0.0,0.0,0.0
82098230541,0,-0.02080148085951805,-0.14620105922222137,-0.12788167595863342,-0.02080148085951805,-0.14620105922222137,-0.8278816938400269,-0.017328975722193718,0.00655400799587369,0.007293109316378832,0.0,0.0,0.0,-0.012481643818318844,-0.019522257149219513,-0.010293465107679367,0.0,0.0,-0.010293466039001942,0.064394012093544,0.05026323348283768,0.02934996411204338,0.09827778488397598,0.15551410615444183,5.098217661725357e-05,0.0,0.0,0.0,-0.23287656903266907,10.088459968566895,0.0454254150390625,9.800445556640625,0.25309303402900696,-10.0,-9.880027770996094,14.67492389678955,2.0,2.0,17.789152145385742,0.30357420444488525,0.28977540135383606,0.30357420444488525,0.29590821266174316,0.0,0.30469265580177307,0.30469265580177307,0.30469265580177307,0.30469265580177307,0.0,-0.959823727607727,0.6948122978210449,-10.72630786895752,0.0,0.0,0.0,0.0,0.0,0.0,0.0,0.0,0.0,0.0,0.0,0.0,0.0,0.0,0.0,0.30469274520874023,0.30469274520874023,0.304692804813385,0.30469274520874023,0.33220455050468445,0.04114978387951851,0.04114978387951851,0.39053526520729065,0.4118903577327728,1.074061632156372,1.191715955734253,0.0,0.0,0.0,0.0,0.0,0.0,0.0
82109370793,0,-0.02080148085951805,-0.14620105922222137,-0.12788167595863342,-0.02080148085951805,-0.14620105922222137,-0.8278816938400269,-0.017328975722193718,0.00655400799587369,0.007293109316378832,0.0,0.0,0.0,-0.012481643818318844,-0.019522257149219513,-0.010293465107679367,0.0,0.0,-0.010293466039001942,0.064394012093544,0.05026323348283768,0.02934996411204338,0.09827778488397598,0.15551410615444183,5.098217661725357e-05,0.0,0.0,0.0,-0.23287656903266907,10.088459968566895,0.0454254150390625,9.800445556640625,0.25309303402900696,-10.0,-9.880027770996094,14.67492389678955,2.0,2.0,17.789152145385742,0.30357420444488525,0.28977540135383606,0.30357420444488525,0.29590821266174316,0.0,0.30469265580177307,0.30469265580177307,0.30469265580177307,0.30469265580177307,0.0,-0.959823727607727,0.6948122978210449,-10.72630786895752,0.0,0.0,0.0,0.0,0.0,0.0,0.0,0.0,0.0,0.0,0.0,0.0,0.0,0.0,0.0,0.30469274520874023,0.30469274520874023,0.304692804813385,0.30469274520874023,0.33220455050468445,0.04114978387951851,0.04114978387951851,0.39053526520729065,0.4118903577327728,1.074061632156372,1.191715955734253,0.0,0.0,0.0,0.0,0.0,0.0,0.0
82118350321,0,-0.02080148085951805,-0.14620105922222137,-0.12788167595863342,-0.02080148085951805,-0.14620105922222137,-0.8278816938400269,-0.017328975722193718,0.00655400799587369,0.007293109316378832,0.0,0.0,0.0,-0.012481643818318844,-0.019522257149219513,-0.010293465107679367,0.0,0.0,-0.010293466039001942,0.064394012093544,0.05026323348283768,0.02934996411204338,0.09827778488397598,0.15551410615444183,5.098217661725357e-05,0.0,0.0,0.0,-0.23287656903266907,10.088459968566895,0.0454254150390625,9.800445556640625,0.25309303402900696,-10.0,-9.880027770996094,14.67492389678955,2.0,2.0,17.789152145385742,0.30357420444488525,0.28977540135383606,0.30357420444488525,0.29744139313697815,0.0,0.30469265580177307,0.30469265580177307,0.30469265580177307,0.30469265580177307,0.0,-0.959823727607727,0.6948122978210449,-10.72630786895752,0.0,0.0,0.0,0.0,0.0,0.0,0.0,0.0,0.0,0.0,0.0,0.0,0.0,0.0,0.0,0.30469274520874023,0.30469274520874023,0.304692804813385,0.30469274520874023,0.33220455050468445,0.04114978387951851,0.04114978387951851,0.39053526520729065,0.4118903577327728,1.074061632156372,1.191715955734253,0.0,0.0,0.0,0.0,0.0,0.0,0.0
82128642157,0,-0.02080148085951805,-0.14620105922222137,-0.12788167595863342,-0.02080148085951805,-0.14620105922222137,-0.8278816938400269,-0.017328975722193718,0.00655400799587369,0.007293109316378832,0.0,0.0,0.0,-0.012481643818318844,-0.019522257149219513,-0.010293465107679367,0.0,0.0,-0.010293466039001942,0.064394012093544,0.05026323348283768,0.02934996411204338,0.09827778488397598,0.15551410615444183,5.098217661725357e-05,0.0,0.0,0.0,-0.23287656903266907,10.088459968566895,0.0454254150390625,9.800445556640625,0.25309303402900696,-10.0,-9.880027770996094,14.67492389678955,2.0,2.0,17.789152145385742,0.30357420444488525,0.28977540135383606,0.30357420444488525,0.29744139313697815,0.0,0.30469265580177307,0.30469265580177307,0.30469265580177307,0.30469265580177307,0.0,-0.959823727607727,0.6948122978210449,-10.72630786895752,0.0,0.0,0.0,0.0,0.0,0.0,0.0,0.0,0.0,0.0,0.0,0.0,0.0,0.0,0.0,0.30469274520874023,0.30469274520874023,0.304692804813385,0.30469274520874023,0.33220455050468445,0.04114978387951851,0.04114978387951851,0.39053526520729065,0.4118903577327728,1.074061632156372,1.191715955734253,0.0,0.0,0.0,0.0,0.0,0.0,0.0
82139028162,0,-0.02080148085951805,-0.14620105922222137,-0.12788167595863342,-0.02080148085951805,-0.14620105922222137,-0.8278816938400269,-0.017328975722193718,0.00655400799587369,0.007293109316378832,0.0,0.0,0.0,-0.012481643818318844,-0.019522257149219513,-0.010293465107679367,0.0,0.0,-0.010293466039001942,0.064394012093544,0.05026323348283768,0.02934996411204338,0.09827778488397598,0.15551410615444183,5.098217661725357e-05,0.0,0.0,0.0,-0.23287656903266907,10.088459968566895,0.0454254150390625,9.800445556640625,0.25309303402900696,-10.0,-9.880027770996094,14.67492389678955,2.0,2.0,17.789152145385742,0.30357420444488525,0.28977540135383606,0.30357420444488525,0.29744139313697815,0.0,0.30469265580177307,0.30469265580177307,0.30469265580177307,0.30469265580177307,0.0,-0.959823727607727,0.6948122978210449,-10.72630786895752,0.0,0.0,0.0,0.0,0.0,0.0,0.0,0.0,0.0,0.0,0.0,0.0,0.0,0.0,0.0,0.30469274520874023,0.30469274520874023,0.304692804813385,0.30469274520874023,0.33220455050468445,0.04114978387951851,0.04114978387951851,0.39053526520729065,0.4118903577327728,1.074061632156372,1.191715955734253,0.0,0.0,0.0,0.0,0.0,0.0,0.0
82149773025,0,-0.02080148085951805,-0.14620105922222137,-0.12788167595863342,-0.02080148085951805,-0.14620105922222137,-0.8278816938400269,-0.017328975722193718,0.00655400799587369,0.007293109316378832,0.0,0.0,0.0,-0.012481643818318844,-0.019522257149219513,-0.010293465107679367,0.0,0.0,-0.010293466039001942,0.064394012093544,0.05026323348283768,0.02934996411204338,0.09827778488397598,0.15551410615444183,5.098217661725357e-05,0.0,0.0,0.0,-0.23287656903266907,10.088459968566895,0.0454254150390625,9.800445556640625,0.25309303402900696,-10.0,-9.880027770996094,14.67492389678955,2.0,2.0,17.789152145385742,0.30357420444488525,0.28977540135383606,0.30357420444488525,0.29590821266174316,0.0,0.30469265580177307,0.30469265580177307,0.30469265580177307,0.30469265580177307,0.0,-0.959823727607727,0.6948122978210449,-10.72630786895752,0.0,0.0,0.0,0.0,0.0,0.0,0.0,0.0,0.0,0.0,0.0,0.0,0.0,0.0,0.0,0.30469274520874023,0.30469274520874023,0.304692804813385,0.30469274520874023,0.33220455050468445,0.04114978387951851,0.04114978387951851,0.39053526520729065,0.4118903577327728,1.074061632156372,1.191715955734253,0.0,0.0,0.0,0.0,0.0,0.0,0.0
82158362884,0,-0.02080148085951805,-0.14620105922222137,-0.12788167595863342,-0.02080148085951805,-0.14620105922222137,-0.8278816938400269,-0.017328975722193718,0.00655400799587369,0.007293109316378832,0.0,0.0,0.0,-0.012481643818318844,-0.019522257149219513,-0.010293465107679367,0.0,0.0,-0.010293466039001942,0.064394012093544,0.05026323348283768,0.02934996411204338,0.09827778488397598,0.15551410615444183,5.098217661725357e-05,0.0,0.0,0.0,-0.23287656903266907,10.088459968566895,0.0454254150390625,9.800445556640625,0.25309303402900696,-10.0,-9.880027770996094,14.67492389678955,2.0,2.0,17.789152145385742,0.30357420444488525,0.28977540135383606,0.30357420444488525,0.29744139313697815,0.0,0.30469265580177307,0.30469265580177307,0.30469265580177307,0.30469265580177307,0.0,-0.959823727607727,0.6948122978210449,-10.72630786895752,0.0,0.0,0.0,0.0,0.0,0.0,0.0,0.0,0.0,0.0,0.0,0.0,0.0,0.0,0.0,0.30469274520874023,0.30469274520874023,0.304692804813385,0.30469274520874023,0.33220455050468445,0.04114978387951851,0.04114978387951851,0.39053526520729065,0.4118903577327728,1.074061632156372,1.191715955734253,0.0,0.0,0.0,0.0,0.0,0.0,0.0
82169559110,0,-0.02080148085951805,-0.14620105922222137,-0.12788167595863342,-0.02080148085951805,-0.14620105922222137,-0.8278816938400269,-0.017328975722193718,0.00655400799587369,0.007293109316378832,0.0,0.0,0.0,-0.012481643818318844,-0.019522257149219513,-0.010293465107679367,0.0,0.0,-0.010293466039001942,0.064394012093544,0.05026323348283768,0.02934996411204338,0.09827778488397598,0.15551410615444183,5.098217661725357e-05,0.0,0.0,0.0,-0.23287656903266907,10.088459968566895,0.0454254150390625,9.800445556640625,0.25309303402900696,-10.0,-9.880027770996094,14.67492389678955,2.0,2.0,17.789152145385742,0.30357420444488525,0.28977540135383606,0.30357420444488525,0.29744139313697815,0.0,0.30469265580177307,0.30469265580177307,0.30469265580177307,0.30469265580177307,0.0,-0.959823727607727,0.6948122978210449,-10.72630786895752,0.0,0.0,0.0,0.0,0.0,0.0,0.0,0.0,0.0,0.0,0.0,0.0,0.0,0.0,0.0,0.30469274520874023,0.30469274520874023,0.304692804813385,0.30469274520874023,0.33220455050468445,0.04114978387951851,0.04114978387951851,0.39053526520729065,0.4118903577327728,1.074061632156372,1.191715955734253,0.0,0.0,0.0,0.0,0.0,0.0,0.0
82178906635,0,-0.02080148085951805,-0.14620105922222137,-0.12788167595863342,-0.02080148085951805,-0.14620105922222137,-0.8278816938400269,-0.017328975722193718,0.00655400799587369,0.007293109316378832,0.0,0.0,0.0,-0.012481643818318844,-0.019522257149219513,-0.010293465107679367,0.0,0.0,-0.010293466039001942,0.064394012093544,0.05026323348283768,0.02934996411204338,0.09827778488397598,0.15551410615444183,5.098217661725357e-05,0.0,0.0,0.0,-0.23287656903266907,10.088459968566895,0.0454254150390625,9.800445556640625,0.25309303402900696,-10.0,-9.880027770996094,14.67492389678955,2.0,2.0,17.789152145385742,0.30357420444488525,0.28977540135383606,0.30357420444488525,0.29744139313697815,0.0,0.30469265580177307,0.30469265580177307,0.30469265580177307,0.30469265580177307,0.0,-0.959823727607727,0.6948122978210449,-10.72630786895752,0.0,0.0,0.0,0.0,0.0,0.0,0.0,0.0,0.0,0.0,0.0,0.0,0.0,0.0,0.0,0.30469274520874023,0.30469274520874023,0.304692804813385,0.30469274520874023,0.33220455050468445,0.04114978387951851,0.04114978387951851,0.39053526520729065,0.4118903577327728,1.074061632156372,1.191715955734253,0.0,0.0,0.0,0.0,0.0,0.0,0.0
82187964156,0,-0.02080148085951805,-0.14620105922222137,-0.12788167595863342,-0.02080148085951805,-0.14620105922222137,-0.8278816938400269,-0.017328975722193718,0.00655400799587369,0.007293109316378832,0.0,0.0,0.0,-0.012481643818318844,-0.019522257149219513,-0.010293465107679367,0.0,0.0,-0.010293466039001942,0.064394012093544,0.05026323348283768,0.02934996411204338,0.09827778488397598,0.15551410615444183,5.098217661725357e-05,0.0,0.0,0.0,-0.23287656903266907,10.088459968566895,0.0454254150390625,9.800445556640625,0.25309303402900696,-10.0,-9.880027770996094,14.67492389678955,2.0,2.0,17.789152145385742,0.30357420444488525,0.28977540135383606,0.30357420444488525,0.29590821266174316,0.0,0.30469265580177307,0.30469265580177307,0.30469265580177307,0.30469265580177307,0.0,-0.959823727607727,0.6948122978210449,-10.72630786895752,0.0,0.0,0.0,0.0,0.0,0.0,0.0,0.0,0.0,0.0,0.0,0.0,0.0,0.0,0.0,0.30469274520874023,0.30469274520874023,0.304692804813385,0.30469274520874023,0.33220455050468445,0.04114978387951851,0.04114978387951851,0.39053526520729065,0.4118903577327728,1.074061632156372,1.191715955734253,0.0,0.0,0.0,0.0,0.0,0.0,0.0
82204683208,0,-0.02080148085951805,-0.14620105922222137,-0.12788167595863342,-0.02080148085951805,-0.14620105922222137,-0.8278816938400269,-0.017328975722193718,0.00655400799587369,0.007293109316378832,0.0,0.0,0.0,-0.012481643818318844,-0.019522257149219513,-0.010293465107679367,0.0,0.0,-0.010293466039001942,0.064394012093544,0.05026323348283768,0.02934996411204338,0.09827778488397598,0.15551410615444183,5.098217661725357e-05,0.0,0.0,0.0,-0.23287656903266907,10.088459968566895,0.0454254150390625,9.800445556640625,0.25309303402900696,-10.0,-9.880027770996094,14.67492389678955,2.0,2.0,17.789152145385742,0.30357420444488525,0.28977540135383606,0.30357420444488525,0.29744139313697815,0.0,0.30469265580177307,0.30469265580177307,0.30469265580177307,0.30469265580177307,0.0,-0.959823727607727,0.6948122978210449,-10.72630786895752,0.0,0.0,0.0,0.0,0.0,0.0,0.0,0.0,0.0,0.0,0.0,0.0,0.0,0.0,0.0,0.30469274520874023,0.30469274520874023,0.304692804813385,0.30469274520874023,0.33220455050468445,0.04114978387951851,0.04114978387951851,0.39053526520729065,0.4118903577327728,1.074061632156372,1.191715955734253,0.0,0.0,0.0,0.0,0.0,0.0,0.0
82209940859,0,-0.02080148085951805,-0.14620105922222137,-0.12788167595863342,-0.02080148085951805,-0.14620105922222137,-0.8278816938400269,-0.017328975722193718,0.00655400799587369,0.007293109316378832,0.0,0.0,0.0,-0.012481643818318844,-0.019522257149219513,-0.010293465107679367,0.0,0.0,-0.010293466039001942,0.064394012093544,0.05026323348283768,0.02934996411204338,0.09827778488397598,0.15551410615444183,5.098217661725357e-05,0.0,0.0,0.0,-0.23287656903266907,10.088459968566895,0.0454254150390625,9.800445556640625,0.25309303402900696,-10.0,-9.880027770996094,14.67492389678955,2.0,2.0,17.789152145385742,0.30357420444488525,0.28977540135383606,0.30357420444488525,0.29744139313697815,0.0,0.30469265580177307,0.30469265580177307,0.30469265580177307,0.30469265580177307,0.0,-0.959823727607727,0.6948122978210449,-10.72630786895752,0.0,0.0,0.0,0.0,0.0,0.0,0.0,0.0,0.0,0.0,0.0,0.0,0.0,0.0,0.0,0.30469274520874023,0.30469274520874023,0.304692804813385,0.30469274520874023,0.33220455050468445,0.04114978387951851,0.04114978387951851,0.39053526520729065,0.4118903577327728,1.074061632156372,1.191715955734253,0.0,0.0,0.0,0.0,0.0,0.0,0.0
82219171118,0,-0.02080148085951805,-0.14620105922222137,-0.12788167595863342,-0.02080148085951805,-0.14620105922222137,-0.8278816938400269,-0.017328975722193718,0.00655400799587369,0.007293109316378832,0.0,0.0,0.0,-0.012481643818318844,-0.019522257149219513,-0.010293465107679367,0.0,0.0,-0.010293466039001942,0.064394012093544,0.05026323348283768,0.02934996411204338,0.09827778488397598,0.15551410615444183,5.098217661725357e-05,0.0,0.0,0.0,-0.23287656903266907,10.088459968566895,0.0454254150390625,9.800445556640625,0.25309303402900696,-10.0,-9.880027770996094,14.67492389678955,2.0,2.0,17.789152145385742,0.30357420444488525,0.28977540135383606,0.30357420444488525,0.29590821266174316,0.0,0.30469265580177307,0.30469265580177307,0.30469265580177307,0.30469265580177307,0.0,-0.959823727607727,0.6948122978210449,-10.72630786895752,0.0,0.0,0.0,0.0,0.0,0.0,0.0,0.0,0.0,0.0,0.0,0.0,0.0,0.0,0.0,0.30469274520874023,0.30469274520874023,0.304692804813385,0.30469274520874023,0.33220455050468445,0.04114978387951851,0.04114978387951851,0.39053526520729065,0.4118903577327728,1.074061632156372,1.191715955734253,0.0,0.0,0.0,0.0,0.0,0.0,0.0
82227971604,0,-0.02080148085951805,-0.14620105922222137,-0.12788167595863342,-0.02080148085951805,-0.14620105922222137,-0.8278816938400269,-0.017328975722193718,0.00655400799587369,0.007293109316378832,0.0,0.0,0.0,-0.012481643818318844,-0.019522257149219513,-0.010293465107679367,0.0,0.0,-0.010293466039001942,0.064394012093544,0.05026323348283768,0.02934996411204338,0.09827778488397598,0.15551410615444183,5.098217661725357e-05,0.0,0.0,0.0,-0.23287656903266907,10.088459968566895,0.0454254150390625,9.800445556640625,0.25309303402900696,-10.0,-9.880027770996094,14.67492389678955,2.0,2.0,17.789152145385742,0.30357420444488525,0.28977540135383606,0.30357420444488525,0.29590821266174316,0.0,0.30469265580177307,0.30469265580177307,0.30469265580177307,0.30469265580177307,0.0,-0.959823727607727,0.6948122978210449,-10.72630786895752,0.0,0.0,0.0,0.0,0.0,0.0,0.0,0.0,0.0,0.0,0.0,0.0,0.0,0.0,0.0,0.30469274520874023,0.30469274520874023,0.304692804813385,0.30469274520874023,0.33220455050468445,0.04114978387951851,0.04114978387951851,0.39053526520729065,0.4118903577327728,1.074061632156372,1.191715955734253,0.0,0.0,0.0,0.0,0.0,0.0,0.0
82238430666,0,-0.02080148085951805,-0.14620105922222137,-0.12788167595863342,-0.02080148085951805,-0.14620105922222137,-0.8278816938400269,-0.017328975722193718,0.00655400799587369,0.007293109316378832,0.0,0.0,0.0,-0.012481643818318844,-0.019522257149219513,-0.010293465107679367,0.0,0.0,-0.010293466039001942,0.064394012093544,0.05026323348283768,0.02934996411204338,0.09827778488397598,0.15551410615444183,5.098217661725357e-05,0.0,0.0,0.0,-0.23287656903266907,10.088459968566895,0.0454254150390625,9.800445556640625,0.25309303402900696,-10.0,-9.880027770996094,14.67492389678955,2.0,2.0,17.789152145385742,0.30357420444488525,0.28977540135383606,0.30357420444488525,0.29744139313697815,0.0,0.30469265580177307,0.30469265580177307,0.30469265580177307,0.30469265580177307,0.0,-0.959823727607727,0.6948122978210449,-10.72630786895752,0.0,0.0,0.0,0.0,0.0,0.0,0.0,0.0,0.0,0.0,0.0,0.0,0.0,0.0,0.0,0.30469274520874023,0.30469274520874023,0.304692804813385,0.30469274520874023,0.33220455050468445,0.04114978387951851,0.04114978387951851,0.39053526520729065,0.4118903577327728,1.074061632156372,1.191715955734253,0.0,0.0,0.0,0.0,0.0,0.0,0.0
82248167059,0,-0.02080148085951805,-0.14620105922222137,-0.12788167595863342,-0.02080148085951805,-0.14620105922222137,-0.8278816938400269,-0.017328975722193718,0.00655400799587369,0.007293109316378832,0.0,0.0,0.0,-0.012481643818318844,-0.019522257149219513,-0.010293465107679367,0.0,0.0,-0.010293466039001942,0.064394012093544,0.05026323348283768,0.02934996411204338,0.09827778488397598,0.15551410615444183,5.098217661725357e-05,0.0,0.0,0.0,-0.23287656903266907,10.088459968566895,0.0454254150390625,9.800445556640625,0.25309303402900696,-10.0,-9.880027770996094,14.67492389678955,2.0,2.0,17.789152145385742,0.30357420444488525,0.28977540135383606,0.30204102396965027,0.29744139313697815,0.0,0.30469265580177307,0.30469265580177307,0.30469265580177307,0.30469265580177307,0.0,-0.959823727607727,0.6948122978210449,-10.72630786895752,0.0,0.0,0.0,0.0,0.0,0.0,0.0,0.0,0.0,0.0,0.0,0.0,0.0,0.0,0.0,0.30469274520874023,0.30469274520874023,0.304692804813385,0.30469274520874023,0.33220455050468445,0.04114978387951851,0.04114978387951851,0.39053526520729065,0.4118903577327728,1.074061632156372,1.191715955734253,0.0,0.0,0.0,0.0,0.0,0.0,0.0
82259168249,0,-0.02080148085951805,-0.14620105922222137,-0.12788167595863342,-0.02080148085951805,-0.14620105922222137,-0.8278816938400269,-0.017328975722193718,0.00655400799587369,0.007293109316378832,0.0,0.0,0.0,-0.012481643818318844,-0.019522257149219513,-0.010293465107679367,0.0,0.0,-0.010293466039001942,0.064394012093544,0.05026323348283768,0.02934996411204338,0.09827778488397598,0.15551410615444183,5.098217661725357e-05,0.0,0.0,0.0,-0.23287656903266907,10.088459968566895,0.0454254150390625,9.800445556640625,0.25309303402900696,-10.0,-9.880027770996094,14.67492389678955,2.0,2.0,17.789152145385742,0.30357420444488525,0.28977540135383606,0.30357420444488525,0.29744139313697815,0.0,0.30469265580177307,0.30469265580177307,0.30469265580177307,0.30469265580177307,0.0,-0.959823727607727,0.6948122978210449,-10.72630786895752,0.0,0.0,0.0,0.0,0.0,0.0,0.0,0.0,0.0,0.0,0.0,0.0,0.0,0.0,0.0,0.30469274520874023,0.30469274520874023,0.304692804813385,0.30469274520874023,0.33220455050468445,0.04114978387951851,0.04114978387951851,0.39053526520729065,0.4118903577327728,1.074061632156372,1.191715955734253,0.0,0.0,0.0,0.0,0.0,0.0,0.0
82267953114,0,-0.02080148085951805,-0.14620105922222137,-0.12788167595863342,-0.02080148085951805,-0.14620105922222137,-0.8278816938400269,-0.017328975722193718,0.00655400799587369,0.007293109316378832,0.0,0.0,0.0,-0.012481643818318844,-0.019522257149219513,-0.010293465107679367,0.0,0.0,-0.010293466039001942,0.064394012093544,0.05026323348283768,0.02934996411204338,0.09827778488397598,0.15551410615444183,5.098217661725357e-05,0.0,0.0,0.0,-0.23287656903266907,10.088459968566895,0.0454254150390625,9.800445556640625,0.25309303402900696,-10.0,-9.880027770996094,14.67492389678955,2.0,2.0,17.789152145385742,0.30357420444488525,0.28977540135383606,0.30357420444488525,0.29744139313697815,0.0,0.30469265580177307,0.30469265580177307,0.30469265580177307,0.30469265580177307,0.0,-0.959823727607727,0.6948122978210449,-10.72630786895752,0.0,0.0,0.0,0.0,0.0,0.0,0.0,0.0,0.0,0.0,0.0,0.0,0.0,0.0,0.0,0.30469274520874023,0.30469274520874023,0.304692804813385,0.30469274520874023,0.33220455050468445,0.04114978387951851,0.04114978387951851,0.39053526520729065,0.4118903577327728,1.074061632156372,1.191715955734253,0.0,0.0,0.0,0.0,0.0,0.0,0.0
82277989191,0,-0.02080148085951805,-0.14620105922222137,-0.12788167595863342,-0.02080148085951805,-0.14620105922222137,-0.8278816938400269,-0.017328975722193718,0.00655400799587369,0.007293109316378832,0.0,0.0,0.0,-0.012481643818318844,-0.019522257149219513,-0.010293465107679367,0.0,0.0,-0.010293466039001942,0.064394012093544,0.05026323348283768,0.02934996411204338,0.09827778488397598,0.15551410615444183,5.098217661725357e-05,0.0,0.0,0.0,-0.23287656903266907,10.088459968566895,0.0454254150390625,9.800445556640625,0.25309303402900696,-10.0,-9.880027770996094,14.67492389678955,2.0,2.0,17.789152145385742,0.30357420444488525,0.28977540135383606,0.30357420444488525,0.29744139313697815,0.0,0.30469265580177307,0.30469265580177307,0.30469265580177307,0.30469265580177307,0.0,-0.959823727607727,0.6948122978210449,-10.72630786895752,0.0,0.0,0.0,0.0,0.0,0.0,0.0,0.0,0.0,0.0,0.0,0.0,0.0,0.0,0.0,0.30469274520874023,0.30469274520874023,0.304692804813385,0.30469274520874023,0.33220455050468445,0.04114978387951851,0.04114978387951851,0.39053526520729065,0.4118903577327728,1.074061632156372,1.191715955734253,0.0,0.0,0.0,0.0,0.0,0.0,0.0
82288014155,0,-0.02080148085951805,-0.14620105922222137,-0.12788167595863342,-0.02080148085951805,-0.14620105922222137,-0.8278816938400269,-0.017328975722193718,0.00655400799587369,0.007293109316378832,0.0,0.0,0.0,-0.012481643818318844,-0.019522257149219513,-0.010293465107679367,0.0,0.0,-0.010293466039001942,0.064394012093544,0.05026323348283768,0.02934996411204338,0.09827778488397598,0.15551410615444183,5.098217661725357e-05,0.0,0.0,0.0,-0.23287656903266907,10.088459968566895,0.0454254150390625,9.800445556640625,0.25309303402900696,-10.0,-9.880027770996094,14.67492389678955,2.0,2.0,17.789152145385742,0.30357420444488525,0.28977540135383606,0.30357420444488525,0.29744139313697815,0.0,0.30469265580177307,0.30469265580177307,0.30469265580177307,0.30469265580177307,0.0,-0.959823727607727,0.6948122978210449,-10.72630786895752,0.0,0.0,0.0,0.0,0.0,0.0,0.0,0.0,0.0,0.0,0.0,0.0,0.0,0.0,0.0,0.30469274520874023,0.30469274520874023,0.304692804813385,0.30469274520874023,0.33220455050468445,0.04114978387951851,0.04114978387951851,0.39053526520729065,0.4118903577327728,1.074061632156372,1.191715955734253,0.0,0.0,0.0,0.0,0.0,0.0,0.0
82298970023,0,-0.02080148085951805,-0.14620105922222137,-0.12788167595863342,-0.02080148085951805,-0.14620105922222137,-0.8278816938400269,-0.017328975722193718,0.00655400799587369,0.007293109316378832,0.0,0.0,0.0,-0.012481643818318844,-0.019522257149219513,-0.010293465107679367,0.0,0.0,-0.010293466039001942,0.064394012093544,0.05026323348283768,0.02934996411204338,0.09827778488397598,0.15551410615444183,5.098217661725357e-05,0.0,0.0,0.0,-0.23287656903266907,10.088459968566895,0.0454254150390625,9.800445556640625,0.25309303402900696,-10.0,-9.880027770996094,14.67492389678955,2.0,2.0,17.789152145385742,0.30357420444488525,0.28977540135383606,0.30357420444488525,0.29744139313697815,0.0,0.30469265580177307,0.30469265580177307,0.30469265580177307,0.30469265580177307,0.0,-0.959823727607727,0.6948122978210449,-10.72630786895752,0.0,0.0,0.0,0.0,0.0,0.0,0.0,0.0,0.0,0.0,0.0,0.0,0.0,0.0,0.0,0.30469274520874023,0.30469274520874023,0.304692804813385,0.30469274520874023,0.33220455050468445,0.04114978387951851,0.04114978387951851,0.39053526520729065,0.4118903577327728,1.074061632156372,1.191715955734253,0.0,0.0,0.0,0.0,0.0,0.0,0.0
82308100516,0,-0.02080148085951805,-0.14620105922222137,-0.12788167595863342,-0.02080148085951805,-0.14620105922222137,-0.8278816938400269,-0.017328975722193718,0.00655400799587369,0.007293109316378832,0.0,0.0,0.0,-0.012481643818318844,-0.019522257149219513,-0.010293465107679367,0.0,0.0,-0.010293466039001942,0.064394012093544,0.05026323348283768,0.02934996411204338,0.09827778488397598,0.15551410615444183,5.098217661725357e-05,0.0,0.0,0.0,-0.23287656903266907,10.088459968566895,0.0454254150390625,9.800445556640625,0.25309303402900696,-10.0,-9.880027770996094,14.67492389678955,2.0,2.0,17.789152145385742,0.30357420444488525,0.28977540135383606,0.30357420444488525,0.29744139313697815,0.0,0.30469265580177307,0.30469265580177307,0.30469265580177307,0.30469265580177307,0.0,-0.959823727607727,0.6948122978210449,-10.72630786895752,0.0,0.0,0.0,0.0,0.0,0.0,0.0,0.0,0.0,0.0,0.0,0.0,0.0,0.0,0.0,0.30469274520874023,0.30469274520874023,0.304692804813385,0.30469274520874023,0.33220455050468445,0.04114978387951851,0.04114978387951851,0.39053526520729065,0.4118903577327728,1.074061632156372,1.191715955734253,0.0,0.0,0.0,0.0,0.0,0.0,0.0
82318424029,0,-0.02080148085951805,-0.14620105922222137,-0.12788167595863342,-0.02080148085951805,-0.14620105922222137,-0.8278816938400269,-0.017328975722193718,0.00655400799587369,0.007293109316378832,0.0,0.0,0.0,-0.012481643818318844,-0.019522257149219513,-0.010293465107679367,0.0,0.0,-0.010293466039001942,0.064394012093544,0.05026323348283768,0.02934996411204338,0.09827778488397598,0.15551410615444183,5.098217661725357e-05,0.0,0.0,0.0,-0.23287656903266907,10.088459968566895,0.0454254150390625,9.800445556640625,0.25309303402900696,-10.0,-9.880027770996094,14.67492389678955,2.0,2.0,17.789152145385742,0.30357420444488525,0.28977540135383606,0.30357420444488525,0.29744139313697815,0.0,0.30469265580177307,0.30469265580177307,0.30469265580177307,0.30469265580177307,0.0,-0.959823727607727,0.6948122978210449,-10.72630786895752,0.0,0.0,0.0,0.0,0.0,0.0,0.0,0.0,0.0,0.0,0.0,0.0,0.0,0.0,0.0,0.30469274520874023,0.30469274520874023,0.304692804813385,0.30469274520874023,0.33220455050468445,0.04114978387951851,0.04114978387951851,0.39053526520729065,0.4118903577327728,1.074061632156372,1.191715955734253,0.0,0.0,0.0,0.0,0.0,0.0,0.0
82328011955,0,-0.02080148085951805,-0.14620105922222137,-0.12788167595863342,-0.02080148085951805,-0.14620105922222137,-0.8278816938400269,-0.017328975722193718,0.00655400799587369,0.007293109316378832,0.0,0.0,0.0,-0.012481643818318844,-0.019522257149219513,-0.010293465107679367,0.0,0.0,-0.010293466039001942,0.064394012093544,0.05026323348283768,0.02934996411204338,0.09827778488397598,0.15551410615444183,5.098217661725357e-05,0.0,0.0,0.0,-0.23287656903266907,10.088459968566895,0.0454254150390625,9.800445556640625,0.25309303402900696,-10.0,-9.880027770996094,14.67492389678955,2.0,2.0,17.789152145385742,0.30357420444488525,0.28977540135383606,0.30357420444488525,0.29744139313697815,0.0,0.30469265580177307,0.30469265580177307,0.30469265580177307,0.30469265580177307,0.0,-0.959823727607727,0.6948122978210449,-10.72630786895752,0.0,0.0,0.0,0.0,0.0,0.0,0.0,0.0,0.0,0.0,0.0,0.0,0.0,0.0,0.0,0.30469274520874023,0.30469274520874023,0.304692804813385,0.30469274520874023,0.33220455050468445,0.04114978387951851,0.04114978387951851,0.39053526520729065,0.4118903577327728,1.074061632156372,1.191715955734253,0.0,0.0,0.0,0.0,0.0,0.0,0.0
82337857653,0,-0.02080148085951805,-0.14620105922222137,-0.12788167595863342,-0.02080148085951805,-0.14620105922222137,-0.8278816938400269,-0.017328975722193718,0.00655400799587369,0.007293109316378832,0.0,0.0,0.0,-0.012481643818318844,-0.019522257149219513,-0.010293465107679367,0.0,0.0,-0.010293466039001942,0.064394012093544,0.05026323348283768,0.02934996411204338,0.09827778488397598,0.15551410615444183,5.098217661725357e-05,0.0,0.0,0.0,-0.23287656903266907,10.088459968566895,0.0454254150390625,9.800445556640625,0.25309303402900696,-10.0,-9.880027770996094,14.67492389678955,2.0,2.0,17.789152145385742,0.30357420444488525,0.28977540135383606,0.30357420444488525,0.29744139313697815,0.0,0.30469265580177307,0.30469265580177307,0.30469265580177307,0.30469265580177307,0.0,-0.959823727607727,0.6948122978210449,-10.72630786895752,0.0,0.0,0.0,0.0,0.0,0.0,0.0,0.0,0.0,0.0,0.0,0.0,0.0,0.0,0.0,0.30469274520874023,0.30469274520874023,0.304692804813385,0.30469274520874023,0.33220455050468445,0.04114978387951851,0.04114978387951851,0.39053526520729065,0.4118903577327728,1.074061632156372,1.191715955734253,0.0,0.0,0.0,0.0,0.0,0.0,0.0
82347951781,0,-0.02080148085951805,-0.14620105922222137,-0.12788167595863342,-0.02080148085951805,-0.14620105922222137,-0.8278816938400269,-0.017328975722193718,0.00655400799587369,0.007293109316378832,0.0,0.0,0.0,-0.012481643818318844,-0.019522257149219513,-0.010293465107679367,0.0,0.0,-0.010293466039001942,0.064394012093544,0.05026323348283768,0.02934996411204338,0.09827778488397598,0.15551410615444183,5.098217661725357e-05,0.0,0.0,0.0,-0.23287656903266907,10.088459968566895,0.0454254150390625,9.800445556640625,0.25309303402900696,-10.0,-9.880027770996094,14.67492389678955,2.0,2.0,17.789152145385742,0.30357420444488525,0.28977540135383606,0.30357420444488525,0.29590821266174316,0.0,0.30469265580177307,0.30469265580177307,0.30469265580177307,0.30469265580177307,0.0,-0.959823727607727,0.6948122978210449,-10.72630786895752,0.0,0.0,0.0,0.0,0.0,0.0,0.0,0.0,0.0,0.0,0.0,0.0,0.0,0.0,0.0,0.30469274520874023,0.30469274520874023,0.304692804813385,0.30469274520874023,0.33220455050468445,0.04114978387951851,0.04114978387951851,0.39053526520729065,0.4118903577327728,1.074061632156372,1.191715955734253,0.0,0.0,0.0,0.0,0.0,0.0,0.0
82358175982,0,-0.02080148085951805,-0.14620105922222137,-0.12788167595863342,-0.02080148085951805,-0.14620105922222137,-0.8278816938400269,-0.017328975722193718,0.00655400799587369,0.007293109316378832,0.0,0.0,0.0,-0.012481643818318844,-0.019522257149219513,-0.010293465107679367,0.0,0.0,-0.010293466039001942,0.064394012093544,0.05026323348283768,0.02934996411204338,0.09827778488397598,0.15551410615444183,5.098217661725357e-05,0.0,0.0,0.0,-0.23287656903266907,10.088459968566895,0.0454254150390625,9.800445556640625,0.25309303402900696,-10.0,-9.880027770996094,14.67492389678955,2.0,2.0,17.789152145385742,0.30357420444488525,0.28977540135383606,0.30357420444488525,0.29744139313697815,0.0,0.30469265580177307,0.30469265580177307,0.30469265580177307,0.30469265580177307,0.0,-0.959823727607727,0.6948122978210449,-10.72630786895752,0.0,0.0,0.0,0.0,0.0,0.0,0.0,0.0,0.0,0.0,0.0,0.0,0.0,0.0,0.0,0.30469274520874023,0.30469274520874023,0.304692804813385,0.30469274520874023,0.33220455050468445,0.04114978387951851,0.04114978387951851,0.39053526520729065,0.4118903577327728,1.074061632156372,1.191715955734253,0.0,0.0,0.0,0.0,0.0,0.0,0.0
82368894201,0,-0.02080148085951805,-0.14620105922222137,-0.12788167595863342,-0.02080148085951805,-0.14620105922222137,-0.8278816938400269,-0.017328975722193718,0.00655400799587369,0.007293109316378832,0.0,0.0,0.0,-0.012481643818318844,-0.019522257149219513,-0.010293465107679367,0.0,0.0,-0.010293466039001942,0.064394012093544,0.05026323348283768,0.02934996411204338,0.09827778488397598,0.15551410615444183,5.098217661725357e-05,0.0,0.0,0.0,-0.23287656903266907,10.088459968566895,0.0454254150390625,9.800445556640625,0.25309303402900696,-10.0,-9.880027770996094,14.67492389678955,2.0,2.0,17.789152145385742,0.30357420444488525,0.28977540135383606,0.30357420444488525,0.29744139313697815,0.0,0.30469265580177307,0.30469265580177307,0.30469265580177307,0.30469265580177307,0.0,-0.959823727607727,0.6948122978210449,-10.72630786895752,0.0,0.0,0.0,0.0,0.0,0.0,0.0,0.0,0.0,0.0,0.0,0.0,0.0,0.0,0.0,0.30469274520874023,0.30469274520874023,0.304692804813385,0.30469274520874023,0.33220455050468445,0.04114978387951851,0.04114978387951851,0.39053526520729065,0.4118903577327728,1.074061632156372,1.191715955734253,0.0,0.0,0.0,0.0,0.0,0.0,0.0
82379281807,0,-0.02080148085951805,-0.14620105922222137,-0.12788167595863342,-0.02080148085951805,-0.14620105922222137,-0.8278816938400269,-0.017328975722193718,0.00655400799587369,0.007293109316378832,0.0,0.0,0.0,-0.012481643818318844,-0.019522257149219513,-0.010293465107679367,0.0,0.0,-0.010293466039001942,0.064394012093544,0.05026323348283768,0.02934996411204338,0.09827778488397598,0.15551410615444183,5.098217661725357e-05,0.0,0.0,0.0,-0.23287656903266907,10.088459968566895,0.0454254150390625,9.800445556640625,0.25309303402900696,-10.0,-9.880027770996094,14.67492389678955,2.0,2.0,17.789152145385742,0.30357420444488525,0.28977540135383606,0.30357420444488525,0.29590821266174316,0.0,0.30469265580177307,0.30469265580177307,0.30469265580177307,0.30469265580177307,0.0,-0.959823727607727,0.6948122978210449,-10.72630786895752,0.0,0.0,0.0,0.0,0.0,0.0,0.0,0.0,0.0,0.0,0.0,0.0,0.0,0.0,0.0,0.30469274520874023,0.30469274520874023,0.304692804813385,0.30469274520874023,0.33220455050468445,0.04114978387951851,0.04114978387951851,0.39053526520729065,0.4118903577327728,1.074061632156372,1.191715955734253,0.0,0.0,0.0,0.0,0.0,0.0,0.0
82388417130,0,-0.02080148085951805,-0.14620105922222137,-0.12788167595863342,-0.02080148085951805,-0.14620105922222137,-0.8278816938400269,-0.017328975722193718,0.00655400799587369,0.007293109316378832,0.0,0.0,0.0,-0.012481643818318844,-0.019522257149219513,-0.010293465107679367,0.0,0.0,-0.010293466039001942,0.064394012093544,0.05026323348283768,0.02934996411204338,0.09827778488397598,0.15551410615444183,5.098217661725357e-05,0.0,0.0,0.0,-0.23287656903266907,10.088459968566895,0.0454254150390625,9.800445556640625,0.25309303402900696,-10.0,-9.880027770996094,14.67492389678955,2.0,2.0,17.789152145385742,0.30357420444488525,0.28977540135383606,0.30357420444488525,0.29744139313697815,0.0,0.30469265580177307,0.30469265580177307,0.30469265580177307,0.30469265580177307,0.0,-0.959823727607727,0.6948122978210449,-10.72630786895752,0.0,0.0,0.0,0.0,0.0,0.0,0.0,0.0,0.0,0.0,0.0,0.0,0.0,0.0,0.0,0.30469274520874023,0.30469274520874023,0.304692804813385,0.30469274520874023,0.33220455050468445,0.04114978387951851,0.04114978387951851,0.39053526520729065,0.4118903577327728,1.074061632156372,1.191715955734253,0.0,0.0,0.0,0.0,0.0,0.0,0.0
82398891312,0,-0.02080148085951805,-0.14620105922222137,-0.12788167595863342,-0.02080148085951805,-0.14620105922222137,-0.8278816938400269,-0.017328975722193718,0.00655400799587369,0.007293109316378832,0.0,0.0,0.0,-0.012481643818318844,-0.019522257149219513,-0.010293465107679367,0.0,0.0,-0.010293466039001942,0.064394012093544,0.05026323348283768,0.02934996411204338,0.09827778488397598,0.15551410615444183,5.098217661725357e-05,0.0,0.0,0.0,-0.23287656903266907,10.088459968566895,0.0454254150390625,9.800445556640625,0.25309303402900696,-10.0,-9.880027770996094,14.67492389678955,2.0,2.0,17.789152145385742,0.30357420444488525,0.28977540135383606,0.30357420444488525,0.29744139313697815,0.0,0.30469265580177307,0.30469265580177307,0.30469265580177307,0.30469265580177307,0.0,-0.959823727607727,0.6948122978210449,-10.72630786895752,0.0,0.0,0.0,0.0,0.0,0.0,0.0,0.0,0.0,0.0,0.0,0.0,0.0,0.0,0.0,0.30469274520874023,0.30469274520874023,0.304692804813385,0.30469274520874023,0.33220455050468445,0.04114978387951851,0.04114978387951851,0.39053526520729065,0.4118903577327728,1.074061632156372,1.191715955734253,0.0,0.0,0.0,0.0,0.0,0.0,0.0
82416094177,0,-0.02080148085951805,-0.14620105922222137,-0.12788167595863342,-0.02080148085951805,-0.14620105922222137,-0.8278816938400269,-0.017328975722193718,0.00655400799587369,0.007293109316378832,0.0,0.0,0.0,-0.012481643818318844,-0.019522257149219513,-0.010293465107679367,0.0,0.0,-0.010293466039001942,0.064394012093544,0.05026323348283768,0.02934996411204338,0.09827778488397598,0.15551410615444183,5.098217661725357e-05,0.0,0.0,0.0,-0.23287656903266907,10.088459968566895,0.0454254150390625,9.800445556640625,0.25309303402900696,-10.0,-9.880027770996094,14.67492389678955,2.0,2.0,17.789152145385742,0.30357420444488525,0.28977540135383606,0.30357420444488525,0.29590821266174316,0.0,0.30469265580177307,0.30469265580177307,0.30469265580177307,0.30469265580177307,0.0,-0.959823727607727,0.6948122978210449,-10.72630786895752,0.0,0.0,0.0,0.0,0.0,0.0,0.0,0.0,0.0,0.0,0.0,0.0,0.0,0.0,0.0,0.30469274520874023,0.30469274520874023,0.304692804813385,0.30469274520874023,0.33220455050468445,0.04114978387951851,0.04114978387951851,0.39053526520729065,0.4118903577327728,1.074061632156372,1.191715955734253,0.0,0.0,0.0,0.0,0.0,0.0,0.0
82419489365,0,-0.02080148085951805,-0.14620105922222137,-0.12788167595863342,-0.02080148085951805,-0.14620105922222137,-0.8278816938400269,-0.017328975722193718,0.00655400799587369,0.007293109316378832,0.0,0.0,0.0,-0.012481643818318844,-0.019522257149219513,-0.010293465107679367,0.0,0.0,-0.010293466039001942,0.064394012093544,0.05026323348283768,0.02934996411204338,0.09827778488397598,0.15551410615444183,5.098217661725357e-05,0.0,0.0,0.0,-0.23287656903266907,10.088459968566895,0.0454254150390625,9.800445556640625,0.25309303402900696,-10.0,-9.880027770996094,14.67492389678955,2.0,2.0,17.789152145385742,0.30357420444488525,0.28977540135383606,0.30357420444488525,0.29744139313697815,0.0,0.30469265580177307,0.30469265580177307,0.30469265580177307,0.30469265580177307,0.0,-0.959823727607727,0.6948122978210449,-10.72630786895752,0.0,0.0,0.0,0.0,0.0,0.0,0.0,0.0,0.0,0.0,0.0,0.0,0.0,0.0,0.0,0.30469274520874023,0.30469274520874023,0.304692804813385,0.30469274520874023,0.33220455050468445,0.04114978387951851,0.04114978387951851,0.39053526520729065,0.4118903577327728,1.074061632156372,1.191715955734253,0.0,0.0,0.0,0.0,0.0,0.0,0.0
82430975141,0,-0.02080148085951805,-0.14620105922222137,-0.12788167595863342,-0.02080148085951805,-0.14620105922222137,-0.8278816938400269,-0.017328975722193718,0.00655400799587369,0.007293109316378832,0.0,0.0,0.0,-0.012481643818318844,-0.019522257149219513,-0.010293465107679367,0.0,0.0,-0.010293466039001942,0.064394012093544,0.05026323348283768,0.02934996411204338,0.09827778488397598,0.15551410615444183,5.098217661725357e-05,0.0,0.0,0.0,-0.23287656903266907,10.088459968566895,0.0454254150390625,9.800445556640625,0.25309303402900696,-10.0,-9.880027770996094,14.67492389678955,2.0,2.0,17.789152145385742,0.30357420444488525,0.28977540135383606,0.30357420444488525,0.29744139313697815,0.0,0.30469265580177307,0.30469265580177307,0.30469265580177307,0.30469265580177307,0.0,-0.959823727607727,0.6948122978210449,-10.72630786895752,0.0,0.0,0.0,0.0,0.0,0.0,0.0,0.0,0.0,0.0,0.0,0.0,0.0,0.0,0.0,0.30469274520874023,0.30469274520874023,0.304692804813385,0.30469274520874023,0.33220455050468445,0.04114978387951851,0.04114978387951851,0.39053526520729065,0.4118903577327728,1.074061632156372,1.191715955734253,0.0,0.0,0.0,0.0,0.0,0.0,0.0
82445375747,0,-0.02080148085951805,-0.14620105922222137,-0.12788167595863342,-0.02080148085951805,-0.14620105922222137,-0.8278816938400269,-0.017328975722193718,0.00655400799587369,0.007293109316378832,0.0,0.0,0.0,-0.012481643818318844,-0.019522257149219513,-0.010293465107679367,0.0,0.0,-0.010293466039001942,0.064394012093544,0.05026323348283768,0.02934996411204338,0.09827778488397598,0.15551410615444183,5.098217661725357e-05,0.0,0.0,0.0,-0.23287656903266907,10.088459968566895,0.0454254150390625,9.800445556640625,0.25309303402900696,-10.0,-9.880027770996094,14.67492389678955,2.0,2.0,17.789152145385742,0.30357420444488525,0.28977540135383606,0.30357420444488525,0.29744139313697815,0.0,0.30469265580177307,0.30469265580177307,0.30469265580177307,0.30469265580177307,0.0,-0.959823727607727,0.6948122978210449,-10.72630786895752,0.0,0.0,0.0,0.0,0.0,0.0,0.0,0.0,0.0,0.0,0.0,0.0,0.0,0.0,0.0,0.30469274520874023,0.30469274520874023,0.304692804813385,0.30469274520874023,0.33220455050468445,0.04114978387951851,0.04114978387951851,0.39053526520729065,0.4118903577327728,1.074061632156372,1.191715955734253,0.0,0.0,0.0,0.0,0.0,0.0,0.0
82448207492,0,-0.02080148085951805,-0.14620105922222137,-0.12788167595863342,-0.02080148085951805,-0.14620105922222137,-0.8278816938400269,-0.017328975722193718,0.00655400799587369,0.007293109316378832,0.0,0.0,0.0,-0.012481643818318844,-0.019522257149219513,-0.010293465107679367,0.0,0.0,-0.010293466039001942,0.064394012093544,0.05026323348283768,0.02934996411204338,0.09827778488397598,0.15551410615444183,5.098217661725357e-05,0.0,0.0,0.0,-0.23287656903266907,10.088459968566895,0.0454254150390625,9.800445556640625,0.25309303402900696,-10.0,-9.880027770996094,14.67492389678955,2.0,2.0,17.789152145385742,0.30357420444488525,0.28977540135383606,0.30357420444488525,0.29744139313697815,0.0,0.30469265580177307,0.30469265580177307,0.30469265580177307,0.30469265580177307,0.0,-0.959823727607727,0.6948122978210449,-10.72630786895752,0.0,0.0,0.0,0.0,0.0,0.0,0.0,0.0,0.0,0.0,0.0,0.0,0.0,0.0,0.0,0.30469274520874023,0.30469274520874023,0.304692804813385,0.30469274520874023,0.33220455050468445,0.04114978387951851,0.04114978387951851,0.39053526520729065,0.4118903577327728,1.074061632156372,1.191715955734253,0.0,0.0,0.0,0.0,0.0,0.0,0.0
82458437315,0,-0.02080148085951805,-0.14620105922222137,-0.12788167595863342,-0.02080148085951805,-0.14620105922222137,-0.8278816938400269,-0.017328975722193718,0.00655400799587369,0.007293109316378832,0.0,0.0,0.0,-0.012481643818318844,-0.019522257149219513,-0.010293465107679367,0.0,0.0,-0.010293466039001942,0.064394012093544,0.05026323348283768,0.02934996411204338,0.09827778488397598,0.15551410615444183,5.098217661725357e-05,0.0,0.0,0.0,-0.23287656903266907,10.088459968566895,0.0454254150390625,9.800445556640625,0.25309303402900696,-10.0,-9.880027770996094,14.67492389678955,2.0,2.0,17.789152145385742,0.30357420444488525,0.28977540135383606,0.30357420444488525,0.29744139313697815,0.0,0.30469265580177307,0.30469265580177307,0.30469265580177307,0.30469265580177307,0.0,-0.959823727607727,0.6948122978210449,-10.72630786895752,0.0,0.0,0.0,0.0,0.0,0.0,0.0,0.0,0.0,0.0,0.0,0.0,0.0,0.0,0.0,0.30469274520874023,0.30469274520874023,0.304692804813385,0.30469274520874023,0.33220455050468445,0.04114978387951851,0.04114978387951851,0.39053526520729065,0.4118903577327728,1.074061632156372,1.191715955734253,0.0,0.0,0.0,0.0,0.0,0.0,0.0
82467753138,0,-0.02080148085951805,-0.14620105922222137,-0.12788167595863342,-0.02080148085951805,-0.14620105922222137,-0.8278816938400269,-0.017328975722193718,0.00655400799587369,0.007293109316378832,0.0,0.0,0.0,-0.012481643818318844,-0.019522257149219513,-0.010293465107679367,0.0,0.0,-0.010293466039001942,0.064394012093544,0.05026323348283768,0.02934996411204338,0.09827778488397598,0.15551410615444183,5.098217661725357e-05,0.0,0.0,0.0,-0.23287656903266907,10.088459968566895,0.0454254150390625,9.800445556640625,0.25309303402900696,-10.0,-9.880027770996094,14.67492389678955,2.0,2.0,17.789152145385742,0.30357420444488525,0.28977540135383606,0.30357420444488525,0.29744139313697815,0.0,0.30469265580177307,0.30469265580177307,0.30469265580177307,0.30469265580177307,0.0,-0.959823727607727,0.6948122978210449,-10.72630786895752,0.0,0.0,0.0,0.0,0.0,0.0,0.0,0.0,0.0,0.0,0.0,0.0,0.0,0.0,0.0,0.30469274520874023,0.30469274520874023,0.304692804813385,0.30469274520874023,0.33220455050468445,0.04114978387951851,0.04114978387951851,0.39053526520729065,0.4118903577327728,1.074061632156372,1.191715955734253,0.0,0.0,0.0,0.0,0.0,0.0,0.0
82478852426,0,-0.02080148085951805,-0.14620105922222137,-0.12788167595863342,-0.02080148085951805,-0.14620105922222137,-0.8278816938400269,-0.017328975722193718,0.00655400799587369,0.007293109316378832,0.0,0.0,0.0,-0.012481643818318844,-0.019522257149219513,-0.010293465107679367,0.0,0.0,-0.010293466039001942,0.064394012093544,0.05026323348283768,0.02934996411204338,0.09827778488397598,0.15551410615444183,5.098217661725357e-05,0.0,0.0,0.0,-0.23287656903266907,10.088459968566895,0.0454254150390625,9.800445556640625,0.25309303402900696,-10.0,-9.880027770996094,14.67492389678955,2.0,2.0,17.789152145385742,0.30357420444488525,0.28977540135383606,0.30357420444488525,0.29590821266174316,0.0,0.30469265580177307,0.30469265580177307,0.30469265580177307,0.30469265580177307,0.0,-0.959823727607727,0.6948122978210449,-10.72630786895752,0.0,0.0,0.0,0.0,0.0,0.0,0.0,0.0,0.0,0.0,0.0,0.0,0.0,0.0,0.0,0.30469274520874023,0.30469274520874023,0.304692804813385,0.30469274520874023,0.33220455050468445,0.04114978387951851,0.04114978387951851,0.39053526520729065,0.4118903577327728,1.074061632156372,1.191715955734253,0.0,0.0,0.0,0.0,0.0,0.0,0.0
82488026182,0,-0.02080148085951805,-0.14620105922222137,-0.12788167595863342,-0.02080148085951805,-0.14620105922222137,-0.8278816938400269,-0.017328975722193718,0.00655400799587369,0.007293109316378832,0.0,0.0,0.0,-0.012481643818318844,-0.019522257149219513,-0.010293465107679367,0.0,0.0,-0.010293466039001942,0.064394012093544,0.05026323348283768,0.02934996411204338,0.09827778488397598,0.15551410615444183,5.098217661725357e-05,0.0,0.0,0.0,-0.23287656903266907,10.088459968566895,0.0454254150390625,9.800445556640625,0.25309303402900696,-10.0,-9.880027770996094,14.67492389678955,2.0,2.0,17.789152145385742,0.30357420444488525,0.28977540135383606,0.30357420444488525,0.29744139313697815,0.0,0.30469265580177307,0.30469265580177307,0.30469265580177307,0.30469265580177307,0.0,-0.959823727607727,0.6948122978210449,-10.72630786895752,0.0,0.0,0.0,0.0,0.0,0.0,0.0,0.0,0.0,0.0,0.0,0.0,0.0,0.0,0.0,0.30469274520874023,0.30469274520874023,0.304692804813385,0.30469274520874023,0.33220455050468445,0.04114978387951851,0.04114978387951851,0.39053526520729065,0.4118903577327728,1.074061632156372,1.191715955734253,0.0,0.0,0.0,0.0,0.0,0.0,0.0
82507875646,0,-0.02080148085951805,-0.14620105922222137,-0.12788167595863342,-0.02080148085951805,-0.14620105922222137,-0.8278816938400269,-0.017328975722193718,0.00655400799587369,0.007293109316378832,0.0,0.0,0.0,-0.012481643818318844,-0.019522257149219513,-0.010293465107679367,0.0,0.0,-0.010293466039001942,0.064394012093544,0.05026323348283768,0.02934996411204338,0.09827778488397598,0.15551410615444183,5.098217661725357e-05,0.0,0.0,0.0,-0.23287656903266907,10.088459968566895,0.0454254150390625,9.800445556640625,0.25309303402900696,-10.0,-9.880027770996094,14.67492389678955,2.0,2.0,17.789152145385742,0.30357420444488525,0.28977540135383606,0.30357420444488525,0.29744139313697815,0.0,0.30469265580177307,0.30469265580177307,0.30469265580177307,0.30469265580177307,0.0,-0.959823727607727,0.6948122978210449,-10.72630786895752,0.0,0.0,0.0,0.0,0.0,0.0,0.0,0.0,0.0,0.0,0.0,0.0,0.0,0.0,0.0,0.30469274520874023,0.30469274520874023,0.304692804813385,0.30469274520874023,0.33220455050468445,0.04114978387951851,0.04114978387951851,0.39053526520729065,0.4118903577327728,1.074061632156372,1.191715955734253,0.0,0.0,0.0,0.0,0.0,0.0,0.0
82509700598,0,-0.02080148085951805,-0.14620105922222137,-0.12788167595863342,-0.02080148085951805,-0.14620105922222137,-0.8278816938400269,-0.017328975722193718,0.00655400799587369,0.007293109316378832,0.0,0.0,0.0,-0.012481643818318844,-0.019522257149219513,-0.010293465107679367,0.0,0.0,-0.010293466039001942,0.064394012093544,0.05026323348283768,0.02934996411204338,0.09827778488397598,0.15551410615444183,5.098217661725357e-05,0.0,0.0,0.0,-0.23287656903266907,10.088459968566895,0.0454254150390625,9.800445556640625,0.25309303402900696,-10.0,-9.880027770996094,14.67492389678955,2.0,2.0,17.789152145385742,0.30357420444488525,0.28977540135383606,0.30357420444488525,0.29744139313697815,0.0,0.30469265580177307,0.30469265580177307,0.30469265580177307,0.30469265580177307,0.0,-0.959823727607727,0.6948122978210449,-10.72630786895752,0.0,0.0,0.0,0.0,0.0,0.0,0.0,0.0,0.0,0.0,0.0,0.0,0.0,0.0,0.0,0.30469274520874023,0.30469274520874023,0.304692804813385,0.30469274520874023,0.33220455050468445,0.04114978387951851,0.04114978387951851,0.39053526520729065,0.4118903577327728,1.074061632156372,1.191715955734253,0.0,0.0,0.0,0.0,0.0,0.0,0.0
82518035809,0,-0.02080148085951805,-0.14620105922222137,-0.12788167595863342,-0.02080148085951805,-0.14620105922222137,-0.8278816938400269,-0.017328975722193718,0.00655400799587369,0.007293109316378832,0.0,0.0,0.0,-0.012481643818318844,-0.019522257149219513,-0.010293465107679367,0.0,0.0,-0.010293466039001942,0.064394012093544,0.05026323348283768,0.02934996411204338,0.09827778488397598,0.15551410615444183,5.098217661725357e-05,0.0,0.0,0.0,-0.23287656903266907,10.088459968566895,0.0454254150390625,9.800445556640625,0.25309303402900696,-10.0,-9.880027770996094,14.67492389678955,2.0,2.0,17.789152145385742,0.30357420444488525,0.28977540135383606,0.30357420444488525,0.29744139313697815,0.0,0.30469265580177307,0.30469265580177307,0.30469265580177307,0.30469265580177307,0.0,-0.959823727607727,0.6948122978210449,-10.72630786895752,0.0,0.0,0.0,0.0,0.0,0.0,0.0,0.0,0.0,0.0,0.0,0.0,0.0,0.0,0.0,0.30469274520874023,0.30469274520874023,0.304692804813385,0.30469274520874023,0.33220455050468445,0.04114978387951851,0.04114978387951851,0.39053526520729065,0.4118903577327728,1.074061632156372,1.191715955734253,0.0,0.0,0.0,0.0,0.0,0.0,0.0
82528060280,0,-0.02080148085951805,-0.14620105922222137,-0.12788167595863342,-0.02080148085951805,-0.14620105922222137,-0.8278816938400269,-0.017328975722193718,0.00655400799587369,0.007293109316378832,0.0,0.0,0.0,-0.012481643818318844,-0.019522257149219513,-0.010293465107679367,0.0,0.0,-0.010293466039001942,0.064394012093544,0.05026323348283768,0.02934996411204338,0.09827778488397598,0.15551410615444183,5.098217661725357e-05,0.0,0.0,0.0,-0.23287656903266907,10.088459968566895,0.0454254150390625,9.800445556640625,0.25309303402900696,-10.0,-9.880027770996094,14.67492389678955,2.0,2.0,17.789152145385742,0.30357420444488525,0.28977540135383606,0.30357420444488525,0.29590821266174316,0.0,0.30469265580177307,0.30469265580177307,0.30469265580177307,0.30469265580177307,0.0,-0.959823727607727,0.6948122978210449,-10.72630786895752,0.0,0.0,0.0,0.0,0.0,0.0,0.0,0.0,0.0,0.0,0.0,0.0,0.0,0.0,0.0,0.30469274520874023,0.30469274520874023,0.304692804813385,0.30469274520874023,0.33220455050468445,0.04114978387951851,0.04114978387951851,0.39053526520729065,0.4118903577327728,1.074061632156372,1.191715955734253,0.0,0.0,0.0,0.0,0.0,0.0,0.0
82541416556,0,-0.02080148085951805,-0.14620105922222137,-0.12788167595863342,-0.02080148085951805,-0.14620105922222137,-0.8278816938400269,-0.017328975722193718,0.00655400799587369,0.007293109316378832,0.0,0.0,0.0,-0.012481643818318844,-0.019522257149219513,-0.010293465107679367,0.0,0.0,-0.010293466039001942,0.064394012093544,0.05026323348283768,0.02934996411204338,0.09827778488397598,0.15551410615444183,5.098217661725357e-05,0.0,0.0,0.0,-0.23287656903266907,10.088459968566895,0.0454254150390625,9.800445556640625,0.25309303402900696,-10.0,-9.880027770996094,14.67492389678955,2.0,2.0,17.789152145385742,0.30357420444488525,0.28977540135383606,0.30357420444488525,0.29590821266174316,0.0,0.30469265580177307,0.30469265580177307,0.30469265580177307,0.30469265580177307,0.0,-0.959823727607727,0.6948122978210449,-10.72630786895752,0.0,0.0,0.0,0.0,0.0,0.0,0.0,0.0,0.0,0.0,0.0,0.0,0.0,0.0,0.0,0.30469274520874023,0.30469274520874023,0.304692804813385,0.30469274520874023,0.33220455050468445,0.04114978387951851,0.04114978387951851,0.39053526520729065,0.4118903577327728,1.074061632156372,1.191715955734253,0.0,0.0,0.0,0.0,0.0,0.0,0.0
82550472051,0,-0.02080148085951805,-0.14620105922222137,-0.12788167595863342,-0.02080148085951805,-0.14620105922222137,-0.8278816938400269,-0.017328975722193718,0.00655400799587369,0.007293109316378832,0.0,0.0,0.0,-0.012481643818318844,-0.019522257149219513,-0.010293465107679367,0.0,0.0,-0.010293466039001942,0.064394012093544,0.05026323348283768,0.02934996411204338,0.09827778488397598,0.15551410615444183,5.098217661725357e-05,0.0,0.0,0.0,-0.23287656903266907,10.088459968566895,0.0454254150390625,9.800445556640625,0.25309303402900696,-10.0,-9.880027770996094,14.67492389678955,2.0,2.0,17.789152145385742,0.30357420444488525,0.28977540135383606,0.30357420444488525,0.29590821266174316,0.0,0.30469265580177307,0.30469265580177307,0.30469265580177307,0.30469265580177307,0.0,-0.959823727607727,0.6948122978210449,-10.72630786895752,0.0,0.0,0.0,0.0,0.0,0.0,0.0,0.0,0.0,0.0,0.0,0.0,0.0,0.0,0.0,0.30469274520874023,0.30469274520874023,0.304692804813385,0.30469274520874023,0.33220455050468445,0.04114978387951851,0.04114978387951851,0.39053526520729065,0.4118903577327728,1.074061632156372,1.191715955734253,0.0,0.0,0.0,0.0,0.0,0.0,0.0
82562796846,0,-0.02080148085951805,-0.14620105922222137,-0.12788167595863342,-0.02080148085951805,-0.14620105922222137,-0.8278816938400269,-0.017328975722193718,0.00655400799587369,0.007293109316378832,0.0,0.0,0.0,-0.012481643818318844,-0.019522257149219513,-0.010293465107679367,0.0,0.0,-0.010293466039001942,0.064394012093544,0.05026323348283768,0.02934996411204338,0.09827778488397598,0.15551410615444183,5.098217661725357e-05,0.0,0.0,0.0,-0.23287656903266907,10.088459968566895,0.0454254150390625,9.800445556640625,0.25309303402900696,-10.0,-9.880027770996094,14.67492389678955,2.0,2.0,17.789152145385742,0.30357420444488525,0.28977540135383606,0.30357420444488525,0.29744139313697815,0.0,0.30469265580177307,0.30469265580177307,0.30469265580177307,0.30469265580177307,0.0,-0.959823727607727,0.6948122978210449,-10.72630786895752,0.0,0.0,0.0,0.0,0.0,0.0,0.0,0.0,0.0,0.0,0.0,0.0,0.0,0.0,0.0,0.30469274520874023,0.30469274520874023,0.304692804813385,0.30469274520874023,0.33220455050468445,0.04114978387951851,0.04114978387951851,0.39053526520729065,0.4118903577327728,1.074061632156372,1.191715955734253,0.0,0.0,0.0,0.0,0.0,0.0,0.0
82567942492,0,-0.02080148085951805,-0.14620105922222137,-0.12788167595863342,-0.02080148085951805,-0.14620105922222137,-0.8278816938400269,-0.017328975722193718,0.00655400799587369,0.007293109316378832,0.0,0.0,0.0,-0.012481643818318844,-0.019522257149219513,-0.010293465107679367,0.0,0.0,-0.010293466039001942,0.064394012093544,0.05026323348283768,0.02934996411204338,0.09827778488397598,0.15551410615444183,5.098217661725357e-05,0.0,0.0,0.0,-0.23287656903266907,10.088459968566895,0.0454254150390625,9.800445556640625,0.25309303402900696,-10.0,-9.880027770996094,14.67492389678955,2.0,2.0,17.789152145385742,0.30357420444488525,0.28977540135383606,0.30357420444488525,0.29744139313697815,0.0,0.30469265580177307,0.30469265580177307,0.30469265580177307,0.30469265580177307,0.0,-0.959823727607727,0.6948122978210449,-10.72630786895752,0.0,0.0,0.0,0.0,0.0,0.0,0.0,0.0,0.0,0.0,0.0,0.0,0.0,0.0,0.0,0.30469274520874023,0.30469274520874023,0.304692804813385,0.30469274520874023,0.33220455050468445,0.04114978387951851,0.04114978387951851,0.39053526520729065,0.4118903577327728,1.074061632156372,1.191715955734253,0.0,0.0,0.0,0.0,0.0,0.0,0.0
82577733835,0,-0.02080148085951805,-0.14620105922222137,-0.12788167595863342,-0.02080148085951805,-0.14620105922222137,-0.8278816938400269,-0.017328975722193718,0.00655400799587369,0.007293109316378832,0.0,0.0,0.0,-0.012481643818318844,-0.019522257149219513,-0.010293465107679367,0.0,0.0,-0.010293466039001942,0.064394012093544,0.05026323348283768,0.02934996411204338,0.09827778488397598,0.15551410615444183,5.098217661725357e-05,0.0,0.0,0.0,-0.23287656903266907,10.088459968566895,0.0454254150390625,9.800445556640625,0.25309303402900696,-10.0,-9.880027770996094,14.67492389678955,2.0,2.0,17.789152145385742,0.30357420444488525,0.28977540135383606,0.30357420444488525,0.29590821266174316,0.0,0.30469265580177307,0.30469265580177307,0.30469265580177307,0.30469265580177307,0.0,-0.959823727607727,0.6948122978210449,-10.72630786895752,0.0,0.0,0.0,0.0,0.0,0.0,0.0,0.0,0.0,0.0,0.0,0.0,0.0,0.0,0.0,0.30469274520874023,0.30469274520874023,0.304692804813385,0.30469274520874023,0.33220455050468445,0.04114978387951851,0.04114978387951851,0.39053526520729065,0.4118903577327728,1.074061632156372,1.191715955734253,0.0,0.0,0.0,0.0,0.0,0.0,0.0
82587848938,0,-0.02080148085951805,-0.14620105922222137,-0.12788167595863342,-0.02080148085951805,-0.14620105922222137,-0.8278816938400269,-0.017328975722193718,0.00655400799587369,0.007293109316378832,0.0,0.0,0.0,-0.012481643818318844,-0.019522257149219513,-0.010293465107679367,0.0,0.0,-0.010293466039001942,0.064394012093544,0.05026323348283768,0.02934996411204338,0.09827778488397598,0.15551410615444183,5.098217661725357e-05,0.0,0.0,0.0,-0.23287656903266907,10.088459968566895,0.0454254150390625,9.800445556640625,0.25309303402900696,-10.0,-9.880027770996094,14.67492389678955,2.0,2.0,17.789152145385742,0.30357420444488525,0.28977540135383606,0.30357420444488525,0.29744139313697815,0.0,0.30469265580177307,0.30469265580177307,0.30469265580177307,0.30469265580177307,0.0,-0.959823727607727,0.6948122978210449,-10.72630786895752,0.0,0.0,0.0,0.0,0.0,0.0,0.0,0.0,0.0,0.0,0.0,0.0,0.0,0.0,0.0,0.30469274520874023,0.30469274520874023,0.304692804813385,0.30469274520874023,0.33220455050468445,0.04114978387951851,0.04114978387951851,0.39053526520729065,0.4118903577327728,1.074061632156372,1.191715955734253,0.0,0.0,0.0,0.0,0.0,0.0,0.0
82597914904,0,-0.02080148085951805,-0.14620105922222137,-0.12788167595863342,-0.02080148085951805,-0.14620105922222137,-0.8278816938400269,-0.017328975722193718,0.00655400799587369,0.007293109316378832,0.0,0.0,0.0,-0.012481643818318844,-0.019522257149219513,-0.010293465107679367,0.0,0.0,-0.010293466039001942,0.064394012093544,0.05026323348283768,0.02934996411204338,0.09827778488397598,0.15551410615444183,5.098217661725357e-05,0.0,0.0,0.0,-0.23287656903266907,10.088459968566895,0.0454254150390625,9.800445556640625,0.25309303402900696,-10.0,-9.880027770996094,14.67492389678955,2.0,2.0,17.789152145385742,0.30357420444488525,0.28977540135383606,0.30357420444488525,0.29744139313697815,0.0,0.30469265580177307,0.30469265580177307,0.30469265580177307,0.30469265580177307,0.0,-0.959823727607727,0.6948122978210449,-10.72630786895752,0.0,0.0,0.0,0.0,0.0,0.0,0.0,0.0,0.0,0.0,0.0,0.0,0.0,0.0,0.0,0.30469274520874023,0.30469274520874023,0.304692804813385,0.30469274520874023,0.33220455050468445,0.04114978387951851,0.04114978387951851,0.39053526520729065,0.4118903577327728,1.074061632156372,1.191715955734253,0.0,0.0,0.0,0.0,0.0,0.0,0.0
82607855019,0,-0.02080148085951805,-0.14620105922222137,-0.12788167595863342,-0.02080148085951805,-0.14620105922222137,-0.8278816938400269,-0.017328975722193718,0.00655400799587369,0.007293109316378832,0.0,0.0,0.0,-0.012481643818318844,-0.019522257149219513,-0.010293465107679367,0.0,0.0,-0.010293466039001942,0.064394012093544,0.05026323348283768,0.02934996411204338,0.09827778488397598,0.15551410615444183,5.098217661725357e-05,0.0,0.0,0.0,-0.23287656903266907,10.088459968566895,0.0454254150390625,9.800445556640625,0.25309303402900696,-10.0,-9.880027770996094,14.67492389678955,2.0,2.0,17.789152145385742,0.30357420444488525,0.28977540135383606,0.30357420444488525,0.29744139313697815,0.0,0.30469265580177307,0.30469265580177307,0.30469265580177307,0.30469265580177307,0.0,-0.959823727607727,0.6948122978210449,-10.72630786895752,0.0,0.0,0.0,0.0,0.0,0.0,0.0,0.0,0.0,0.0,0.0,0.0,0.0,0.0,0.0,0.30469274520874023,0.30469274520874023,0.304692804813385,0.30469274520874023,0.33220455050468445,0.04114978387951851,0.04114978387951851,0.39053526520729065,0.4118903577327728,1.074061632156372,1.191715955734253,0.0,0.0,0.0,0.0,0.0,0.0,0.0
82618739441,0,-0.02080148085951805,-0.14620105922222137,-0.12788167595863342,-0.02080148085951805,-0.14620105922222137,-0.8278816938400269,-0.017328975722193718,0.00655400799587369,0.007293109316378832,0.0,0.0,0.0,-0.012481643818318844,-0.019522257149219513,-0.010293465107679367,0.0,0.0,-0.010293466039001942,0.064394012093544,0.05026323348283768,0.02934996411204338,0.09827778488397598,0.15551410615444183,5.098217661725357e-05,0.0,0.0,0.0,-0.23287656903266907,10.088459968566895,0.0454254150390625,9.800445556640625,0.25309303402900696,-10.0,-9.880027770996094,14.67492389678955,2.0,2.0,17.789152145385742,0.30357420444488525,0.28977540135383606,0.30357420444488525,0.29744139313697815,0.0,0.30469265580177307,0.30469265580177307,0.30469265580177307,0.30469265580177307,0.0,-0.959823727607727,0.6948122978210449,-10.72630786895752,0.0,0.0,0.0,0.0,0.0,0.0,0.0,0.0,0.0,0.0,0.0,0.0,0.0,0.0,0.0,0.30469274520874023,0.30469274520874023,0.304692804813385,0.30469274520874023,0.33220455050468445,0.04114978387951851,0.04114978387951851,0.39053526520729065,0.4118903577327728,1.074061632156372,1.191715955734253,0.0,0.0,0.0,0.0,0.0,0.0,0.0
82627969556,0,-0.02080148085951805,-0.14620105922222137,-0.12788167595863342,-0.02080148085951805,-0.14620105922222137,-0.8278816938400269,-0.017328975722193718,0.00655400799587369,0.007293109316378832,0.0,0.0,0.0,-0.012481643818318844,-0.019522257149219513,-0.010293465107679367,0.0,0.0,-0.010293466039001942,0.064394012093544,0.05026323348283768,0.02934996411204338,0.09827778488397598,0.15551410615444183,5.098217661725357e-05,0.0,0.0,0.0,-0.23287656903266907,10.088459968566895,0.0454254150390625,9.800445556640625,0.25309303402900696,-10.0,-9.880027770996094,14.67492389678955,2.0,2.0,17.789152145385742,0.30357420444488525,0.28977540135383606,0.30357420444488525,0.29590821266174316,0.0,0.30469265580177307,0.30469265580177307,0.30469265580177307,0.30469265580177307,0.0,-0.959823727607727,0.6948122978210449,-10.72630786895752,0.0,0.0,0.0,0.0,0.0,0.0,0.0,0.0,0.0,0.0,0.0,0.0,0.0,0.0,0.0,0.30469274520874023,0.30469274520874023,0.304692804813385,0.30469274520874023,0.33220455050468445,0.04114978387951851,0.04114978387951851,0.39053526520729065,0.4118903577327728,1.074061632156372,1.191715955734253,0.0,0.0,0.0,0.0,0.0,0.0,0.0
82639380061,0,-0.02080148085951805,-0.14620105922222137,-0.12788167595863342,-0.02080148085951805,-0.14620105922222137,-0.8278816938400269,-0.017328975722193718,0.00655400799587369,0.007293109316378832,0.0,0.0,0.0,-0.012481643818318844,-0.019522257149219513,-0.010293465107679367,0.0,0.0,-0.010293466039001942,0.064394012093544,0.05026323348283768,0.02934996411204338,0.09827778488397598,0.15551410615444183,5.098217661725357e-05,0.0,0.0,0.0,-0.23287656903266907,10.088459968566895,0.0454254150390625,9.800445556640625,0.25309303402900696,-10.0,-9.880027770996094,14.67492389678955,2.0,2.0,17.789152145385742,0.30357420444488525,0.28977540135383606,0.30357420444488525,0.29590821266174316,0.0,0.30469265580177307,0.30469265580177307,0.30469265580177307,0.30469265580177307,0.0,-0.959823727607727,0.6948122978210449,-10.72630786895752,0.0,0.0,0.0,0.0,0.0,0.0,0.0,0.0,0.0,0.0,0.0,0.0,0.0,0.0,0.0,0.30469274520874023,0.30469274520874023,0.304692804813385,0.30469274520874023,0.33220455050468445,0.04114978387951851,0.04114978387951851,0.39053526520729065,0.4118903577327728,1.074061632156372,1.191715955734253,0.0,0.0,0.0,0.0,0.0,0.0,0.0
82649467020,0,-0.02080148085951805,-0.14620105922222137,-0.12788167595863342,-0.02080148085951805,-0.14620105922222137,-0.8278816938400269,-0.017328975722193718,0.00655400799587369,0.007293109316378832,0.0,0.0,0.0,-0.012481643818318844,-0.019522257149219513,-0.010293465107679367,0.0,0.0,-0.010293466039001942,0.064394012093544,0.05026323348283768,0.02934996411204338,0.09827778488397598,0.15551410615444183,5.098217661725357e-05,0.0,0.0,0.0,-0.23287656903266907,10.088459968566895,0.0454254150390625,9.800445556640625,0.25309303402900696,-10.0,-9.880027770996094,14.67492389678955,2.0,2.0,17.789152145385742,0.30357420444488525,0.28977540135383606,0.30357420444488525,0.29744139313697815,0.0,0.30469265580177307,0.30469265580177307,0.30469265580177307,0.30469265580177307,0.0,-0.959823727607727,0.6948122978210449,-10.72630786895752,0.0,0.0,0.0,0.0,0.0,0.0,0.0,0.0,0.0,0.0,0.0,0.0,0.0,0.0,0.0,0.30469274520874023,0.30469274520874023,0.304692804813385,0.30469274520874023,0.33220455050468445,0.04114978387951851,0.04114978387951851,0.39053526520729065,0.4118903577327728,1.074061632156372,1.191715955734253,0.0,0.0,0.0,0.0,0.0,0.0,0.0
82659041607,0,-0.02080148085951805,-0.14620105922222137,-0.12788167595863342,-0.02080148085951805,-0.14620105922222137,-0.8278816938400269,-0.017328975722193718,0.00655400799587369,0.007293109316378832,0.0,0.0,0.0,-0.012481643818318844,-0.019522257149219513,-0.010293465107679367,0.0,0.0,-0.010293466039001942,0.064394012093544,0.05026323348283768,0.02934996411204338,0.09827778488397598,0.15551410615444183,5.098217661725357e-05,0.0,0.0,0.0,-0.23287656903266907,10.088459968566895,0.0454254150390625,9.800445556640625,0.25309303402900696,-10.0,-9.880027770996094,14.67492389678955,2.0,2.0,17.789152145385742,0.30357420444488525,0.28977540135383606,0.30357420444488525,0.29590821266174316,0.0,0.30469265580177307,0.30469265580177307,0.30469265580177307,0.30469265580177307,0.0,-0.959823727607727,0.6948122978210449,-10.72630786895752,0.0,0.0,0.0,0.0,0.0,0.0,0.0,0.0,0.0,0.0,0.0,0.0,0.0,0.0,0.0,0.30469274520874023,0.30469274520874023,0.304692804813385,0.30469274520874023,0.33220455050468445,0.04114978387951851,0.04114978387951851,0.39053526520729065,0.4118903577327728,1.074061632156372,1.191715955734253,0.0,0.0,0.0,0.0,0.0,0.0,0.0
82667980993,0,-0.02080148085951805,-0.14620105922222137,-0.12788167595863342,-0.02080148085951805,-0.14620105922222137,-0.8278816938400269,-0.017328975722193718,0.00655400799587369,0.007293109316378832,0.0,0.0,0.0,-0.012481643818318844,-0.019522257149219513,-0.010293465107679367,0.0,0.0,-0.010293466039001942,0.064394012093544,0.05026323348283768,0.02934996411204338,0.09827778488397598,0.15551410615444183,5.098217661725357e-05,0.0,0.0,0.0,-0.23287656903266907,10.088459968566895,0.0454254150390625,9.800445556640625,0.25309303402900696,-10.0,-9.880027770996094,14.67492389678955,2.0,2.0,17.789152145385742,0.30357420444488525,0.28977540135383606,0.30357420444488525,0.29744139313697815,0.0,0.30469265580177307,0.30469265580177307,0.30469265580177307,0.30469265580177307,0.0,-0.959823727607727,0.6948122978210449,-10.72630786895752,0.0,0.0,0.0,0.0,0.0,0.0,0.0,0.0,0.0,0.0,0.0,0.0,0.0,0.0,0.0,0.30469274520874023,0.30469274520874023,0.304692804813385,0.30469274520874023,0.33220455050468445,0.04114978387951851,0.04114978387951851,0.39053526520729065,0.4118903577327728,1.074061632156372,1.191715955734253,0.0,0.0,0.0,0.0,0.0,0.0,0.0
82684919062,0,-0.02080148085951805,-0.14620105922222137,-0.12788167595863342,-0.02080148085951805,-0.14620105922222137,-0.8278816938400269,-0.017328975722193718,0.00655400799587369,0.007293109316378832,0.0,0.0,0.0,-0.012481643818318844,-0.019522257149219513,-0.010293465107679367,0.0,0.0,-0.010293466039001942,0.064394012093544,0.05026323348283768,0.02934996411204338,0.09827778488397598,0.15551410615444183,5.098217661725357e-05,0.0,0.0,0.0,-0.23287656903266907,10.088459968566895,0.0454254150390625,9.800445556640625,0.25309303402900696,-10.0,-9.880027770996094,14.67492389678955,2.0,2.0,17.789152145385742,0.30357420444488525,0.28977540135383606,0.30357420444488525,0.29744139313697815,0.0,0.30469265580177307,0.30469265580177307,0.30469265580177307,0.30469265580177307,0.0,-0.959823727607727,0.6948122978210449,-10.72630786895752,0.0,0.0,0.0,0.0,0.0,0.0,0.0,0.0,0.0,0.0,0.0,0.0,0.0,0.0,0.0,0.30469274520874023,0.30469274520874023,0.304692804813385,0.30469274520874023,0.33220455050468445,0.04114978387951851,0.04114978387951851,0.39053526520729065,0.4118903577327728,1.074061632156372,1.191715955734253,0.0,0.0,0.0,0.0,0.0,0.0,0.0
82688219747,0,-0.02080148085951805,-0.14620105922222137,-0.12788167595863342,-0.02080148085951805,-0.14620105922222137,-0.8278816938400269,-0.017328975722193718,0.00655400799587369,0.007293109316378832,0.0,0.0,0.0,-0.012481643818318844,-0.019522257149219513,-0.010293465107679367,0.0,0.0,-0.010293466039001942,0.064394012093544,0.05026323348283768,0.02934996411204338,0.09827778488397598,0.15551410615444183,5.098217661725357e-05,0.0,0.0,0.0,-0.23287656903266907,10.088459968566895,0.0454254150390625,9.800445556640625,0.25309303402900696,-10.0,-9.880027770996094,14.67492389678955,2.0,2.0,17.789152145385742,0.30357420444488525,0.28977540135383606,0.30357420444488525,0.29744139313697815,0.0,0.30469265580177307,0.30469265580177307,0.30469265580177307,0.30469265580177307,0.0,-0.959823727607727,0.6948122978210449,-10.72630786895752,0.0,0.0,0.0,0.0,0.0,0.0,0.0,0.0,0.0,0.0,0.0,0.0,0.0,0.0,0.0,0.30469274520874023,0.30469274520874023,0.304692804813385,0.30469274520874023,0.33220455050468445,0.04114978387951851,0.04114978387951851,0.39053526520729065,0.4118903577327728,1.074061632156372,1.191715955734253,0.0,0.0,0.0,0.0,0.0,0.0,0.0
82698053312,0,-0.02080148085951805,-0.14620105922222137,-0.12788167595863342,-0.02080148085951805,-0.14620105922222137,-0.8278816938400269,-0.017328975722193718,0.00655400799587369,0.007293109316378832,0.0,0.0,0.0,-0.012481643818318844,-0.019522257149219513,-0.010293465107679367,0.0,0.0,-0.010293466039001942,0.064394012093544,0.05026323348283768,0.02934996411204338,0.09827778488397598,0.15551410615444183,5.098217661725357e-05,0.0,0.0,0.0,-0.23287656903266907,10.088459968566895,0.0454254150390625,9.800445556640625,0.25309303402900696,-10.0,-9.880027770996094,14.67492389678955,2.0,2.0,17.789152145385742,0.30357420444488525,0.28977540135383606,0.30357420444488525,0.29744139313697815,0.0,0.30469265580177307,0.30469265580177307,0.30469265580177307,0.30469265580177307,0.0,-0.959823727607727,0.6948122978210449,-10.72630786895752,0.0,0.0,0.0,0.0,0.0,0.0,0.0,0.0,0.0,0.0,0.0,0.0,0.0,0.0,0.0,0.30469274520874023,0.30469274520874023,0.304692804813385,0.30469274520874023,0.33220455050468445,0.04114978387951851,0.04114978387951851,0.39053526520729065,0.4118903577327728,1.074061632156372,1.191715955734253,0.0,0.0,0.0,0.0,0.0,0.0,0.0
82707958043,0,-0.02080148085951805,-0.14620105922222137,-0.12788167595863342,-0.02080148085951805,-0.14620105922222137,-0.8278816938400269,-0.017328975722193718,0.00655400799587369,0.007293109316378832,0.0,0.0,0.0,-0.012481643818318844,-0.019522257149219513,-0.010293465107679367,0.0,0.0,-0.010293466039001942,0.064394012093544,0.05026323348283768,0.02934996411204338,0.09827778488397598,0.15551410615444183,5.098217661725357e-05,0.0,0.0,0.0,-0.23287656903266907,10.088459968566895,0.0454254150390625,9.800445556640625,0.25309303402900696,-10.0,-9.880027770996094,14.67492389678955,2.0,2.0,17.789152145385742,0.30357420444488525,0.28977540135383606,0.30357420444488525,0.29590821266174316,0.0,0.30469265580177307,0.30469265580177307,0.30469265580177307,0.30469265580177307,0.0,-0.959823727607727,0.6948122978210449,-10.72630786895752,0.0,0.0,0.0,0.0,0.0,0.0,0.0,0.0,0.0,0.0,0.0,0.0,0.0,0.0,0.0,0.30469274520874023,0.30469274520874023,0.304692804813385,0.30469274520874023,0.33220455050468445,0.04114978387951851,0.04114978387951851,0.39053526520729065,0.4118903577327728,1.074061632156372,1.191715955734253,0.0,0.0,0.0,0.0,0.0,0.0,0.0
82718148923,0,-0.02080148085951805,-0.14620105922222137,-0.12788167595863342,-0.02080148085951805,-0.14620105922222137,-0.8278816938400269,-0.017328975722193718,0.00655400799587369,0.007293109316378832,0.0,0.0,0.0,-0.012481643818318844,-0.019522257149219513,-0.010293465107679367,0.0,0.0,-0.010293466039001942,0.064394012093544,0.05026323348283768,0.02934996411204338,0.09827778488397598,0.15551410615444183,5.098217661725357e-05,0.0,0.0,0.0,-0.23287656903266907,10.088459968566895,0.0454254150390625,9.800445556640625,0.25309303402900696,-10.0,-9.880027770996094,14.67492389678955,2.0,2.0,17.789152145385742,0.30357420444488525,0.28977540135383606,0.30357420444488525,0.29744139313697815,0.0,0.30469265580177307,0.30469265580177307,0.30469265580177307,0.30469265580177307,0.0,-0.959823727607727,0.6948122978210449,-10.72630786895752,0.0,0.0,0.0,0.0,0.0,0.0,0.0,0.0,0.0,0.0,0.0,0.0,0.0,0.0,0.0,0.30469274520874023,0.30469274520874023,0.304692804813385,0.30469274520874023,0.33220455050468445,0.04114978387951851,0.04114978387951851,0.39053526520729065,0.4118903577327728,1.074061632156372,1.191715955734253,0.0,0.0,0.0,0.0,0.0,0.0,0.0
82728626504,0,-0.02080148085951805,-0.14620105922222137,-0.12788167595863342,-0.02080148085951805,-0.14620105922222137,-0.8278816938400269,-0.017328975722193718,0.00655400799587369,0.007293109316378832,0.0,0.0,0.0,-0.012481643818318844,-0.019522257149219513,-0.010293465107679367,0.0,0.0,-0.010293466039001942,0.064394012093544,0.05026323348283768,0.02934996411204338,0.09827778488397598,0.15551410615444183,5.098217661725357e-05,0.0,0.0,0.0,-0.23287656903266907,10.088459968566895,0.0454254150390625,9.800445556640625,0.25309303402900696,-10.0,-9.880027770996094,14.67492389678955,2.0,2.0,17.789152145385742,0.30357420444488525,0.28977540135383606,0.30357420444488525,0.29590821266174316,0.0,0.30469265580177307,0.30469265580177307,0.30469265580177307,0.30469265580177307,0.0,-0.959823727607727,0.6948122978210449,-10.72630786895752,0.0,0.0,0.0,0.0,0.0,0.0,0.0,0.0,0.0,0.0,0.0,0.0,0.0,0.0,0.0,0.30469274520874023,0.30469274520874023,0.304692804813385,0.30469274520874023,0.33220455050468445,0.04114978387951851,0.04114978387951851,0.39053526520729065,0.4118903577327728,1.074061632156372,1.191715955734253,0.0,0.0,0.0,0.0,0.0,0.0,0.0
82738747736,0,-0.02080148085951805,-0.14620105922222137,-0.12788167595863342,-0.02080148085951805,-0.14620105922222137,-0.8278816938400269,-0.017328975722193718,0.00655400799587369,0.007293109316378832,0.0,0.0,0.0,-0.012481643818318844,-0.019522257149219513,-0.010293465107679367,0.0,0.0,-0.010293466039001942,0.064394012093544,0.05026323348283768,0.02934996411204338,0.09827778488397598,0.15551410615444183,5.098217661725357e-05,0.0,0.0,0.0,-0.23287656903266907,10.088459968566895,0.0454254150390625,9.800445556640625,0.25309303402900696,-10.0,-9.880027770996094,14.67492389678955,2.0,2.0,17.789152145385742,0.30357420444488525,0.28977540135383606,0.30357420444488525,0.29744139313697815,0.0,0.30469265580177307,0.30469265580177307,0.30469265580177307,0.30469265580177307,0.0,-0.959823727607727,0.6948122978210449,-10.72630786895752,0.0,0.0,0.0,0.0,0.0,0.0,0.0,0.0,0.0,0.0,0.0,0.0,0.0,0.0,0.0,0.30469274520874023,0.30469274520874023,0.304692804813385,0.30469274520874023,0.33220455050468445,0.04114978387951851,0.04114978387951851,0.39053526520729065,0.4118903577327728,1.074061632156372,1.191715955734253,0.0,0.0,0.0,0.0,0.0,0.0,0.0
82748140386,0,-0.02080148085951805,-0.14620105922222137,-0.12788167595863342,-0.02080148085951805,-0.14620105922222137,-0.8278816938400269,-0.017328975722193718,0.00655400799587369,0.007293109316378832,0.0,0.0,0.0,-0.012481643818318844,-0.019522257149219513,-0.010293465107679367,0.0,0.0,-0.010293466039001942,0.064394012093544,0.05026323348283768,0.02934996411204338,0.09827778488397598,0.15551410615444183,5.098217661725357e-05,0.0,0.0,0.0,-0.23287656903266907,10.088459968566895,0.0454254150390625,9.800445556640625,0.25309303402900696,-10.0,-9.880027770996094,14.67492389678955,2.0,2.0,17.789152145385742,0.30357420444488525,0.28977540135383606,0.30357420444488525,0.29744139313697815,0.0,0.30469265580177307,0.30469265580177307,0.30469265580177307,0.30469265580177307,0.0,-0.959823727607727,0.6948122978210449,-10.72630786895752,0.0,0.0,0.0,0.0,0.0,0.0,0.0,0.0,0.0,0.0,0.0,0.0,0.0,0.0,0.0,0.30469274520874023,0.30469274520874023,0.304692804813385,0.30469274520874023,0.33220455050468445,0.04114978387951851,0.04114978387951851,0.39053526520729065,0.4118903577327728,1.074061632156372,1.191715955734253,0.0,0.0,0.0,0.0,0.0,0.0,0.0
82759466648,0,-0.02080148085951805,-0.14620105922222137,-0.12788167595863342,-0.02080148085951805,-0.14620105922222137,-0.8278816938400269,-0.017328975722193718,0.00655400799587369,0.007293109316378832,0.0,0.0,0.0,-0.012481643818318844,-0.019522257149219513,-0.010293465107679367,0.0,0.0,-0.010293466039001942,0.064394012093544,0.05026323348283768,0.02934996411204338,0.09827778488397598,0.15551410615444183,5.098217661725357e-05,0.0,0.0,0.0,-0.23287656903266907,10.088459968566895,0.0454254150390625,9.800445556640625,0.25309303402900696,-10.0,-9.880027770996094,14.67492389678955,2.0,2.0,17.789152145385742,0.30357420444488525,0.28977540135383606,0.30357420444488525,0.29744139313697815,0.0,0.30469265580177307,0.30469265580177307,0.30469265580177307,0.30469265580177307,0.0,-0.959823727607727,0.6948122978210449,-10.72630786895752,0.0,0.0,0.0,0.0,0.0,0.0,0.0,0.0,0.0,0.0,0.0,0.0,0.0,0.0,0.0,0.30469274520874023,0.30469274520874023,0.304692804813385,0.30469274520874023,0.33220455050468445,0.04114978387951851,0.04114978387951851,0.39053526520729065,0.4118903577327728,1.074061632156372,1.191715955734253,0.0,0.0,0.0,0.0,0.0,0.0,0.0
82770453676,0,-0.02080148085951805,-0.14620105922222137,-0.12788167595863342,-0.02080148085951805,-0.14620105922222137,-0.8278816938400269,-0.017328975722193718,0.00655400799587369,0.007293109316378832,0.0,0.0,0.0,-0.012481643818318844,-0.019522257149219513,-0.010293465107679367,0.0,0.0,-0.010293466039001942,0.064394012093544,0.05026323348283768,0.02934996411204338,0.09827778488397598,0.15551410615444183,5.098217661725357e-05,0.0,0.0,0.0,-0.23287656903266907,10.088459968566895,0.0454254150390625,9.800445556640625,0.25309303402900696,-10.0,-9.880027770996094,14.67492389678955,2.0,2.0,17.789152145385742,0.30357420444488525,0.28977540135383606,0.30357420444488525,0.29590821266174316,0.0,0.30469265580177307,0.30469265580177307,0.30469265580177307,0.30469265580177307,0.0,-0.959823727607727,0.6948122978210449,-10.72630786895752,0.0,0.0,0.0,0.0,0.0,0.0,0.0,0.0,0.0,0.0,0.0,0.0,0.0,0.0,0.0,0.30469274520874023,0.30469274520874023,0.304692804813385,0.30469274520874023,0.33220455050468445,0.04114978387951851,0.04114978387951851,0.39053526520729065,0.4118903577327728,1.074061632156372,1.191715955734253,0.0,0.0,0.0,0.0,0.0,0.0,0.0
82779650971,0,-0.02080148085951805,-0.14620105922222137,-0.12788167595863342,-0.02080148085951805,-0.14620105922222137,-0.8278816938400269,-0.017328975722193718,0.00655400799587369,0.007293109316378832,0.0,0.0,0.0,-0.012481643818318844,-0.019522257149219513,-0.010293465107679367,0.0,0.0,-0.010293466039001942,0.064394012093544,0.05026323348283768,0.02934996411204338,0.09827778488397598,0.15551410615444183,5.098217661725357e-05,0.0,0.0,0.0,-0.23287656903266907,10.088459968566895,0.0454254150390625,9.800445556640625,0.25309303402900696,-10.0,-9.880027770996094,14.67492389678955,2.0,2.0,17.789152145385742,0.30357420444488525,0.28977540135383606,0.30357420444488525,0.29590821266174316,0.0,0.30469265580177307,0.30469265580177307,0.30469265580177307,0.30469265580177307,0.0,-0.959823727607727,0.6948122978210449,-10.72630786895752,0.0,0.0,0.0,0.0,0.0,0.0,0.0,0.0,0.0,0.0,0.0,0.0,0.0,0.0,0.0,0.30469274520874023,0.30469274520874023,0.304692804813385,0.30469274520874023,0.33220455050468445,0.04114978387951851,0.04114978387951851,0.39053526520729065,0.4118903577327728,1.074061632156372,1.191715955734253,0.0,0.0,0.0,0.0,0.0,0.0,0.0
82788973484,0,-0.02080148085951805,-0.14620105922222137,-0.12788167595863342,-0.02080148085951805,-0.14620105922222137,-0.8278816938400269,-0.017328975722193718,0.00655400799587369,0.007293109316378832,0.0,0.0,0.0,-0.012481643818318844,-0.019522257149219513,-0.010293465107679367,0.0,0.0,-0.010293466039001942,0.064394012093544,0.05026323348283768,0.02934996411204338,0.09827778488397598,0.15551410615444183,5.098217661725357e-05,0.0,0.0,0.0,-0.23287656903266907,10.088459968566895,0.0454254150390625,9.800445556640625,0.25309303402900696,-10.0,-9.880027770996094,14.67492389678955,2.0,2.0,17.789152145385742,0.30357420444488525,0.28977540135383606,0.30357420444488525,0.29590821266174316,0.0,0.30469265580177307,0.30469265580177307,0.30469265580177307,0.30469265580177307,0.0,-0.959823727607727,0.6948122978210449,-10.72630786895752,0.0,0.0,0.0,0.0,0.0,0.0,0.0,0.0,0.0,0.0,0.0,0.0,0.0,0.0,0.0,0.30469274520874023,0.30469274520874023,0.304692804813385,0.30469274520874023,0.33220455050468445,0.04114978387951851,0.04114978387951851,0.39053526520729065,0.4118903577327728,1.074061632156372,1.191715955734253,0.0,0.0,0.0,0.0,0.0,0.0,0.0
82798493062,0,-0.02080148085951805,-0.14620105922222137,-0.12788167595863342,-0.02080148085951805,-0.14620105922222137,-0.8278816938400269,-0.017328975722193718,0.00655400799587369,0.007293109316378832,0.0,0.0,0.0,-0.012481643818318844,-0.019522257149219513,-0.010293465107679367,0.0,0.0,-0.010293466039001942,0.064394012093544,0.05026323348283768,0.02934996411204338,0.09827778488397598,0.15551410615444183,5.098217661725357e-05,0.0,0.0,0.0,-0.23287656903266907,10.088459968566895,0.0454254150390625,9.800445556640625,0.25309303402900696,-10.0,-9.880027770996094,14.67492389678955,2.0,2.0,17.789152145385742,0.30357420444488525,0.28977540135383606,0.30357420444488525,0.29590821266174316,0.0,0.30469265580177307,0.30469265580177307,0.30469265580177307,0.30469265580177307,0.0,-0.959823727607727,0.6948122978210449,-10.72630786895752,0.0,0.0,0.0,0.0,0.0,0.0,0.0,0.0,0.0,0.0,0.0,0.0,0.0,0.0,0.0,0.30469274520874023,0.30469274520874023,0.304692804813385,0.30469274520874023,0.33220455050468445,0.04114978387951851,0.04114978387951851,0.39053526520729065,0.4118903577327728,1.074061632156372,1.191715955734253,0.0,0.0,0.0,0.0,0.0,0.0,0.0
82809617062,0,-0.02080148085951805,-0.14620105922222137,-0.12788167595863342,-0.02080148085951805,-0.14620105922222137,-0.8278816938400269,-0.017328975722193718,0.00655400799587369,0.007293109316378832,0.0,0.0,0.0,-0.012481643818318844,-0.019522257149219513,-0.010293465107679367,0.0,0.0,-0.010293466039001942,0.064394012093544,0.05026323348283768,0.02934996411204338,0.09827778488397598,0.15551410615444183,5.098217661725357e-05,0.0,0.0,0.0,-0.23287656903266907,10.088459968566895,0.0454254150390625,9.800445556640625,0.25309303402900696,-10.0,-9.880027770996094,14.67492389678955,2.0,2.0,17.789152145385742,0.30357420444488525,0.28977540135383606,0.30357420444488525,0.29744139313697815,0.0,0.30469265580177307,0.30469265580177307,0.30469265580177307,0.30469265580177307,0.0,-0.959823727607727,0.6948122978210449,-10.72630786895752,0.0,0.0,0.0,0.0,0.0,0.0,0.0,0.0,0.0,0.0,0.0,0.0,0.0,0.0,0.0,0.30469274520874023,0.30469274520874023,0.304692804813385,0.30469274520874023,0.33220455050468445,0.04114978387951851,0.04114978387951851,0.39053526520729065,0.4118903577327728,1.074061632156372,1.191715955734253,0.0,0.0,0.0,0.0,0.0,0.0,0.0
82817995996,0,-0.02080148085951805,-0.14620105922222137,-0.12788167595863342,-0.02080148085951805,-0.14620105922222137,-0.8278816938400269,-0.017328975722193718,0.00655400799587369,0.007293109316378832,0.0,0.0,0.0,-0.012481643818318844,-0.019522257149219513,-0.010293465107679367,0.0,0.0,-0.010293466039001942,0.064394012093544,0.05026323348283768,0.02934996411204338,0.09827778488397598,0.15551410615444183,5.098217661725357e-05,0.0,0.0,0.0,-0.23287656903266907,10.088459968566895,0.0454254150390625,9.800445556640625,0.25309303402900696,-10.0,-9.880027770996094,14.67492389678955,2.0,2.0,17.789152145385742,0.30357420444488525,0.28977540135383606,0.30357420444488525,0.29744139313697815,0.0,0.30469265580177307,0.30469265580177307,0.30469265580177307,0.30469265580177307,0.0,-0.959823727607727,0.6948122978210449,-10.72630786895752,0.0,0.0,0.0,0.0,0.0,0.0,0.0,0.0,0.0,0.0,0.0,0.0,0.0,0.0,0.0,0.30469274520874023,0.30469274520874023,0.304692804813385,0.30469274520874023,0.33220455050468445,0.04114978387951851,0.04114978387951851,0.39053526520729065,0.4118903577327728,1.074061632156372,1.191715955734253,0.0,0.0,0.0,0.0,0.0,0.0,0.0
82830141736,0,-0.02080148085951805,-0.14620105922222137,-0.12788167595863342,-0.02080148085951805,-0.14620105922222137,-0.8278816938400269,-0.017328975722193718,0.00655400799587369,0.007293109316378832,0.0,0.0,0.0,-0.012481643818318844,-0.019522257149219513,-0.010293465107679367,0.0,0.0,-0.010293466039001942,0.064394012093544,0.05026323348283768,0.02934996411204338,0.09827778488397598,0.15551410615444183,5.098217661725357e-05,0.0,0.0,0.0,-0.23287656903266907,10.088459968566895,0.0454254150390625,9.800445556640625,0.25309303402900696,-10.0,-9.880027770996094,14.67492389678955,2.0,2.0,17.789152145385742,0.30357420444488525,0.28977540135383606,0.30357420444488525,0.29744139313697815,0.0,0.30469265580177307,0.30469265580177307,0.30469265580177307,0.30469265580177307,0.0,-0.959823727607727,0.6948122978210449,-10.72630786895752,0.0,0.0,0.0,0.0,0.0,0.0,0.0,0.0,0.0,0.0,0.0,0.0,0.0,0.0,0.0,0.30469274520874023,0.30469274520874023,0.304692804813385,0.30469274520874023,0.33220455050468445,0.04114978387951851,0.04114978387951851,0.39053526520729065,0.4118903577327728,1.074061632156372,1.191715955734253,0.0,0.0,0.0,0.0,0.0,0.0,0.0
82837813931,0,-0.02080148085951805,-0.14620105922222137,-0.12788167595863342,-0.02080148085951805,-0.14620105922222137,-0.8278816938400269,-0.017328975722193718,0.00655400799587369,0.007293109316378832,0.0,0.0,0.0,-0.012481643818318844,-0.019522257149219513,-0.010293465107679367,0.0,0.0,-0.010293466039001942,0.064394012093544,0.05026323348283768,0.02934996411204338,0.09827778488397598,0.15551410615444183,5.098217661725357e-05,0.0,0.0,0.0,-0.23287656903266907,10.088459968566895,0.0454254150390625,9.800445556640625,0.25309303402900696,-10.0,-9.880027770996094,14.67492389678955,2.0,2.0,17.789152145385742,0.30357420444488525,0.28977540135383606,0.30357420444488525,0.29744139313697815,0.0,0.30469265580177307,0.30469265580177307,0.30469265580177307,0.30469265580177307,0.0,-0.959823727607727,0.6948122978210449,-10.72630786895752,0.0,0.0,0.0,0.0,0.0,0.0,0.0,0.0,0.0,0.0,0.0,0.0,0.0,0.0,0.0,0.30469274520874023,0.30469274520874023,0.304692804813385,0.30469274520874023,0.33220455050468445,0.04114978387951851,0.04114978387951851,0.39053526520729065,0.4118903577327728,1.074061632156372,1.191715955734253,0.0,0.0,0.0,0.0,0.0,0.0,0.0
82848143473,0,-0.02080148085951805,-0.14620105922222137,-0.12788167595863342,-0.02080148085951805,-0.14620105922222137,-0.8278816938400269,-0.017328975722193718,0.00655400799587369,0.007293109316378832,0.0,0.0,0.0,-0.012481643818318844,-0.019522257149219513,-0.010293465107679367,0.0,0.0,-0.010293466039001942,0.064394012093544,0.05026323348283768,0.02934996411204338,0.09827778488397598,0.15551410615444183,5.098217661725357e-05,0.0,0.0,0.0,-0.23287656903266907,10.088459968566895,0.0454254150390625,9.800445556640625,0.25309303402900696,-10.0,-9.880027770996094,14.67492389678955,2.0,2.0,17.789152145385742,0.30357420444488525,0.28977540135383606,0.30357420444488525,0.29590821266174316,0.0,0.30469265580177307,0.30469265580177307,0.30469265580177307,0.30469265580177307,0.0,-0.959823727607727,0.6948122978210449,-10.72630786895752,0.0,0.0,0.0,0.0,0.0,0.0,0.0,0.0,0.0,0.0,0.0,0.0,0.0,0.0,0.0,0.30469274520874023,0.30469274520874023,0.304692804813385,0.30469274520874023,0.33220455050468445,0.04114978387951851,0.04114978387951851,0.39053526520729065,0.4118903577327728,1.074061632156372,1.191715955734253,0.0,0.0,0.0,0.0,0.0,0.0,0.0
82858150367,0,-0.02080148085951805,-0.14620105922222137,-0.12788167595863342,-0.02080148085951805,-0.14620105922222137,-0.8278816938400269,-0.017328975722193718,0.00655400799587369,0.007293109316378832,0.0,0.0,0.0,-0.012481643818318844,-0.019522257149219513,-0.010293465107679367,0.0,0.0,-0.010293466039001942,0.064394012093544,0.05026323348283768,0.02934996411204338,0.09827778488397598,0.15551410615444183,5.098217661725357e-05,0.0,0.0,0.0,-0.23287656903266907,10.088459968566895,0.0454254150390625,9.800445556640625,0.25309303402900696,-10.0,-9.880027770996094,14.67492389678955,2.0,2.0,17.789152145385742,0.30357420444488525,0.28977540135383606,0.30357420444488525,0.29744139313697815,0.0,0.30469265580177307,0.30469265580177307,0.30469265580177307,0.30469265580177307,0.0,-0.959823727607727,0.6948122978210449,-10.72630786895752,0.0,0.0,0.0,0.0,0.0,0.0,0.0,0.0,0.0,0.0,0.0,0.0,0.0,0.0,0.0,0.30469274520874023,0.30469274520874023,0.304692804813385,0.30469274520874023,0.33220455050468445,0.04114978387951851,0.04114978387951851,0.39053526520729065,0.4118903577327728,1.074061632156372,1.191715955734253,0.0,0.0,0.0,0.0,0.0,0.0,0.0
82868442458,0,-0.02080148085951805,-0.14620105922222137,-0.12788167595863342,-0.02080148085951805,-0.14620105922222137,-0.8278816938400269,-0.017328975722193718,0.00655400799587369,0.007293109316378832,0.0,0.0,0.0,-0.012481643818318844,-0.019522257149219513,-0.010293465107679367,0.0,0.0,-0.010293466039001942,0.064394012093544,0.05026323348283768,0.02934996411204338,0.09827778488397598,0.15551410615444183,5.098217661725357e-05,0.0,0.0,0.0,-0.23287656903266907,10.088459968566895,0.0454254150390625,9.800445556640625,0.25309303402900696,-10.0,-9.880027770996094,14.67492389678955,2.0,2.0,17.789152145385742,0.30357420444488525,0.28977540135383606,0.30357420444488525,0.29590821266174316,0.0,0.30469265580177307,0.30469265580177307,0.30469265580177307,0.30469265580177307,0.0,-0.959823727607727,0.6948122978210449,-10.72630786895752,0.0,0.0,0.0,0.0,0.0,0.0,0.0,0.0,0.0,0.0,0.0,0.0,0.0,0.0,0.0,0.30469274520874023,0.30469274520874023,0.304692804813385,0.30469274520874023,0.33220455050468445,0.04114978387951851,0.04114978387951851,0.39053526520729065,0.4118903577327728,1.074061632156372,1.191715955734253,0.0,0.0,0.0,0.0,0.0,0.0,0.0
82878183749,0,-0.02080148085951805,-0.14620105922222137,-0.12788167595863342,-0.02080148085951805,-0.14620105922222137,-0.8278816938400269,-0.017328975722193718,0.00655400799587369,0.007293109316378832,0.0,0.0,0.0,-0.012481643818318844,-0.019522257149219513,-0.010293465107679367,0.0,0.0,-0.010293466039001942,0.064394012093544,0.05026323348283768,0.02934996411204338,0.09827778488397598,0.15551410615444183,5.098217661725357e-05,0.0,0.0,0.0,-0.23287656903266907,10.088459968566895,0.0454254150390625,9.800445556640625,0.25309303402900696,-10.0,-9.880027770996094,14.67492389678955,2.0,2.0,17.789152145385742,0.30357420444488525,0.28977540135383606,0.30357420444488525,0.29590821266174316,0.0,0.30469265580177307,0.30469265580177307,0.30469265580177307,0.30469265580177307,0.0,-0.959823727607727,0.6948122978210449,-10.72630786895752,0.0,0.0,0.0,0.0,0.0,0.0,0.0,0.0,0.0,0.0,0.0,0.0,0.0,0.0,0.0,0.30469274520874023,0.30469274520874023,0.304692804813385,0.30469274520874023,0.33220455050468445,0.04114978387951851,0.04114978387951851,0.39053526520729065,0.4118903577327728,1.074061632156372,1.191715955734253,0.0,0.0,0.0,0.0,0.0,0.0,0.0
82888986021,0,-0.02080148085951805,-0.14620105922222137,-0.12788167595863342,-0.02080148085951805,-0.14620105922222137,-0.8278816938400269,-0.017328975722193718,0.00655400799587369,0.007293109316378832,0.0,0.0,0.0,-0.012481643818318844,-0.019522257149219513,-0.010293465107679367,0.0,0.0,-0.010293466039001942,0.064394012093544,0.05026323348283768,0.02934996411204338,0.09827778488397598,0.15551410615444183,5.098217661725357e-05,0.0,0.0,0.0,-0.23287656903266907,10.088459968566895,0.0454254150390625,9.800445556640625,0.25309303402900696,-10.0,-9.880027770996094,14.67492389678955,2.0,2.0,17.789152145385742,0.30357420444488525,0.28977540135383606,0.30357420444488525,0.29744139313697815,0.0,0.30469265580177307,0.30469265580177307,0.30469265580177307,0.30469265580177307,0.0,-0.959823727607727,0.6948122978210449,-10.72630786895752,0.0,0.0,0.0,0.0,0.0,0.0,0.0,0.0,0.0,0.0,0.0,0.0,0.0,0.0,0.0,0.30469274520874023,0.30469274520874023,0.304692804813385,0.30469274520874023,0.33220455050468445,0.04114978387951851,0.04114978387951851,0.39053526520729065,0.4118903577327728,1.074061632156372,1.191715955734253,0.0,0.0,0.0,0.0,0.0,0.0,0.0
82898283254,0,-0.02080148085951805,-0.14620105922222137,-0.12788167595863342,-0.02080148085951805,-0.14620105922222137,-0.8278816938400269,-0.017328975722193718,0.00655400799587369,0.007293109316378832,0.0,0.0,0.0,-0.012481643818318844,-0.019522257149219513,-0.010293465107679367,0.0,0.0,-0.010293466039001942,0.064394012093544,0.05026323348283768,0.02934996411204338,0.09827778488397598,0.15551410615444183,5.098217661725357e-05,0.0,0.0,0.0,-0.23287656903266907,10.088459968566895,0.0454254150390625,9.800445556640625,0.25309303402900696,-10.0,-9.880027770996094,14.67492389678955,2.0,2.0,17.789152145385742,0.30357420444488525,0.28977540135383606,0.30357420444488525,0.29744139313697815,0.0,0.30469265580177307,0.30469265580177307,0.30469265580177307,0.30469265580177307,0.0,-0.959823727607727,0.6948122978210449,-10.72630786895752,0.0,0.0,0.0,0.0,0.0,0.0,0.0,0.0,0.0,0.0,0.0,0.0,0.0,0.0,0.0,0.30469274520874023,0.30469274520874023,0.304692804813385,0.30469274520874023,0.33220455050468445,0.04114978387951851,0.04114978387951851,0.39053526520729065,0.4118903577327728,1.074061632156372,1.191715955734253,0.0,0.0,0.0,0.0,0.0,0.0,0.0
82907739293,0,-0.02080148085951805,-0.14620105922222137,-0.12788167595863342,-0.02080148085951805,-0.14620105922222137,-0.8278816938400269,-0.017328975722193718,0.00655400799587369,0.007293109316378832,0.0,0.0,0.0,-0.012481643818318844,-0.019522257149219513,-0.010293465107679367,0.0,0.0,-0.010293466039001942,0.064394012093544,0.05026323348283768,0.02934996411204338,0.09827778488397598,0.15551410615444183,5.098217661725357e-05,0.0,0.0,0.0,-0.23287656903266907,10.088459968566895,0.0454254150390625,9.800445556640625,0.25309303402900696,-10.0,-9.880027770996094,14.67492389678955,2.0,2.0,17.789152145385742,0.30357420444488525,0.28977540135383606,0.30357420444488525,0.29744139313697815,0.0,0.30469265580177307,0.30469265580177307,0.30469265580177307,0.30469265580177307,0.0,-0.959823727607727,0.6948122978210449,-10.72630786895752,0.0,0.0,0.0,0.0,0.0,0.0,0.0,0.0,0.0,0.0,0.0,0.0,0.0,0.0,0.0,0.30469274520874023,0.30469274520874023,0.304692804813385,0.30469274520874023,0.33220455050468445,0.04114978387951851,0.04114978387951851,0.39053526520729065,0.4118903577327728,1.074061632156372,1.191715955734253,0.0,0.0,0.0,0.0,0.0,0.0,0.0
82918088520,0,-0.02080148085951805,-0.14620105922222137,-0.12788167595863342,-0.02080148085951805,-0.14620105922222137,-0.8278816938400269,-0.017328975722193718,0.00655400799587369,0.007293109316378832,0.0,0.0,0.0,-0.012481643818318844,-0.019522257149219513,-0.010293465107679367,0.0,0.0,-0.010293466039001942,0.064394012093544,0.05026323348283768,0.02934996411204338,0.09827778488397598,0.15551410615444183,5.098217661725357e-05,0.0,0.0,0.0,-0.23287656903266907,10.088459968566895,0.0454254150390625,9.800445556640625,0.25309303402900696,-10.0,-9.880027770996094,14.67492389678955,2.0,2.0,17.789152145385742,0.30357420444488525,0.28977540135383606,0.30357420444488525,0.29744139313697815,0.0,0.30469265580177307,0.30469265580177307,0.30469265580177307,0.30469265580177307,0.0,-0.959823727607727,0.6948122978210449,-10.72630786895752,0.0,0.0,0.0,0.0,0.0,0.0,0.0,0.0,0.0,0.0,0.0,0.0,0.0,0.0,0.0,0.30469274520874023,0.30469274520874023,0.304692804813385,0.30469274520874023,0.33220455050468445,0.04114978387951851,0.04114978387951851,0.39053526520729065,0.4118903577327728,1.074061632156372,1.191715955734253,0.0,0.0,0.0,0.0,0.0,0.0,0.0
82928669830,0,-0.02080148085951805,-0.14620105922222137,-0.12788167595863342,-0.02080148085951805,-0.14620105922222137,-0.8278816938400269,-0.017328975722193718,0.00655400799587369,0.007293109316378832,0.0,0.0,0.0,-0.012481643818318844,-0.019522257149219513,-0.010293465107679367,0.0,0.0,-0.010293466039001942,0.064394012093544,0.05026323348283768,0.02934996411204338,0.09827778488397598,0.15551410615444183,5.098217661725357e-05,0.0,0.0,0.0,-0.23287656903266907,10.088459968566895,0.0454254150390625,9.800445556640625,0.25309303402900696,-10.0,-9.880027770996094,14.67492389678955,2.0,2.0,17.789152145385742,0.30357420444488525,0.28977540135383606,0.30357420444488525,0.29744139313697815,0.0,0.30469265580177307,0.30469265580177307,0.30469265580177307,0.30469265580177307,0.0,-0.959823727607727,0.6948122978210449,-10.72630786895752,0.0,0.0,0.0,0.0,0.0,0.0,0.0,0.0,0.0,0.0,0.0,0.0,0.0,0.0,0.0,0.30469274520874023,0.30469274520874023,0.304692804813385,0.30469274520874023,0.33220455050468445,0.04114978387951851,0.04114978387951851,0.39053526520729065,0.4118903577327728,1.074061632156372,1.191715955734253,0.0,0.0,0.0,0.0,0.0,0.0,0.0
82938066782,0,-0.02080148085951805,-0.14620105922222137,-0.12788167595863342,-0.02080148085951805,-0.14620105922222137,-0.8278816938400269,-0.017328975722193718,0.00655400799587369,0.007293109316378832,0.0,0.0,0.0,-0.012481643818318844,-0.019522257149219513,-0.010293465107679367,0.0,0.0,-0.010293466039001942,0.064394012093544,0.05026323348283768,0.02934996411204338,0.09827778488397598,0.15551410615444183,5.098217661725357e-05,0.0,0.0,0.0,-0.23287656903266907,10.088459968566895,0.0454254150390625,9.800445556640625,0.25309303402900696,-10.0,-9.880027770996094,14.67492389678955,2.0,2.0,17.789152145385742,0.30357420444488525,0.28977540135383606,0.30357420444488525,0.29744139313697815,0.0,0.30469265580177307,0.30469265580177307,0.30469265580177307,0.30469265580177307,0.0,-0.959823727607727,0.6948122978210449,-10.72630786895752,0.0,0.0,0.0,0.0,0.0,0.0,0.0,0.0,0.0,0.0,0.0,0.0,0.0,0.0,0.0,0.30469274520874023,0.30469274520874023,0.304692804813385,0.30469274520874023,0.33220455050468445,0.04114978387951851,0.04114978387951851,0.39053526520729065,0.4118903577327728,1.074061632156372,1.191715955734253,0.0,0.0,0.0,0.0,0.0,0.0,0.0
82948208800,0,-0.02080148085951805,-0.14620105922222137,-0.12788167595863342,-0.02080148085951805,-0.14620105922222137,-0.8278816938400269,-0.017328975722193718,0.00655400799587369,0.007293109316378832,0.0,0.0,0.0,-0.012481643818318844,-0.019522257149219513,-0.010293465107679367,0.0,0.0,-0.010293466039001942,0.064394012093544,0.05026323348283768,0.02934996411204338,0.09827778488397598,0.15551410615444183,5.098217661725357e-05,0.0,0.0,0.0,-0.23287656903266907,10.088459968566895,0.0454254150390625,9.800445556640625,0.25309303402900696,-10.0,-9.880027770996094,14.67492389678955,2.0,2.0,17.789152145385742,0.30357420444488525,0.28977540135383606,0.30357420444488525,0.29590821266174316,0.0,0.30469265580177307,0.30469265580177307,0.30469265580177307,0.30469265580177307,0.0,-0.959823727607727,0.6948122978210449,-10.72630786895752,0.0,0.0,0.0,0.0,0.0,0.0,0.0,0.0,0.0,0.0,0.0,0.0,0.0,0.0,0.0,0.30469274520874023,0.30469274520874023,0.304692804813385,0.30469274520874023,0.33220455050468445,0.04114978387951851,0.04114978387951851,0.39053526520729065,0.4118903577327728,1.074061632156372,1.191715955734253,0.0,0.0,0.0,0.0,0.0,0.0,0.0
82959092283,0,-0.02080148085951805,-0.14620105922222137,-0.12788167595863342,-0.02080148085951805,-0.14620105922222137,-0.8278816938400269,-0.017328975722193718,0.00655400799587369,0.007293109316378832,0.0,0.0,0.0,-0.012481643818318844,-0.019522257149219513,-0.010293465107679367,0.0,0.0,-0.010293466039001942,0.064394012093544,0.05026323348283768,0.02934996411204338,0.09827778488397598,0.15551410615444183,5.098217661725357e-05,0.0,0.0,0.0,-0.23287656903266907,10.088459968566895,0.0454254150390625,9.800445556640625,0.25309303402900696,-10.0,-9.880027770996094,14.67492389678955,2.0,2.0,17.789152145385742,0.30357420444488525,0.28977540135383606,0.30357420444488525,0.29590821266174316,0.0,0.30469265580177307,0.30469265580177307,0.30469265580177307,0.30469265580177307,0.0,-0.959823727607727,0.6948122978210449,-10.72630786895752,0.0,0.0,0.0,0.0,0.0,0.0,0.0,0.0,0.0,0.0,0.0,0.0,0.0,0.0,0.0,0.30469274520874023,0.30469274520874023,0.304692804813385,0.30469274520874023,0.33220455050468445,0.04114978387951851,0.04114978387951851,0.39053526520729065,0.4118903577327728,1.074061632156372,1.191715955734253,0.0,0.0,0.0,0.0,0.0,0.0,0.0
82968330312,0,-0.02080148085951805,-0.14620105922222137,-0.12788167595863342,-0.02080148085951805,-0.14620105922222137,-0.8278816938400269,-0.017328975722193718,0.00655400799587369,0.007293109316378832,0.0,0.0,0.0,-0.012481643818318844,-0.019522257149219513,-0.010293465107679367,0.0,0.0,-0.010293466039001942,0.064394012093544,0.05026323348283768,0.02934996411204338,0.09827778488397598,0.15551410615444183,5.098217661725357e-05,0.0,0.0,0.0,-0.23287656903266907,10.088459968566895,0.0454254150390625,9.800445556640625,0.25309303402900696,-10.0,-9.880027770996094,14.67492389678955,2.0,2.0,17.789152145385742,0.30357420444488525,0.28977540135383606,0.30357420444488525,0.29590821266174316,0.0,0.30469265580177307,0.30469265580177307,0.30469265580177307,0.30469265580177307,0.0,-0.959823727607727,0.6948122978210449,-10.72630786895752,0.0,0.0,0.0,0.0,0.0,0.0,0.0,0.0,0.0,0.0,0.0,0.0,0.0,0.0,0.0,0.30469274520874023,0.30469274520874023,0.304692804813385,0.30469274520874023,0.33220455050468445,0.04114978387951851,0.04114978387951851,0.39053526520729065,0.4118903577327728,1.074061632156372,1.191715955734253,0.0,0.0,0.0,0.0,0.0,0.0,0.0
82978239158,0,-0.02080148085951805,-0.14620105922222137,-0.12788167595863342,-0.02080148085951805,-0.14620105922222137,-0.8278816938400269,-0.017328975722193718,0.00655400799587369,0.007293109316378832,0.0,0.0,0.0,-0.012481643818318844,-0.019522257149219513,-0.010293465107679367,0.0,0.0,-0.010293466039001942,0.064394012093544,0.05026323348283768,0.02934996411204338,0.09827778488397598,0.15551410615444183,5.098217661725357e-05,0.0,0.0,0.0,-0.23287656903266907,10.088459968566895,0.0454254150390625,9.800445556640625,0.25309303402900696,-10.0,-9.880027770996094,14.67492389678955,2.0,2.0,17.789152145385742,0.30357420444488525,0.28977540135383606,0.30357420444488525,0.29590821266174316,0.0,0.30469265580177307,0.30469265580177307,0.30469265580177307,0.30469265580177307,0.0,-0.959823727607727,0.6948122978210449,-10.72630786895752,0.0,0.0,0.0,0.0,0.0,0.0,0.0,0.0,0.0,0.0,0.0,0.0,0.0,0.0,0.0,0.30469274520874023,0.30469274520874023,0.304692804813385,0.30469274520874023,0.33220455050468445,0.04114978387951851,0.04114978387951851,0.39053526520729065,0.4118903577327728,1.074061632156372,1.191715955734253,0.0,0.0,0.0,0.0,0.0,0.0,0.0
82988607961,0,-0.02080148085951805,-0.14620105922222137,-0.12788167595863342,-0.02080148085951805,-0.14620105922222137,-0.8278816938400269,-0.017328975722193718,0.00655400799587369,0.007293109316378832,0.0,0.0,0.0,-0.012481643818318844,-0.019522257149219513,-0.010293465107679367,0.0,0.0,-0.010293466039001942,0.064394012093544,0.05026323348283768,0.02934996411204338,0.09827778488397598,0.15551410615444183,5.098217661725357e-05,0.0,0.0,0.0,-0.23287656903266907,10.088459968566895,0.0454254150390625,9.800445556640625,0.25309303402900696,-10.0,-9.880027770996094,14.67492389678955,2.0,2.0,17.789152145385742,0.30357420444488525,0.28977540135383606,0.30357420444488525,0.29590821266174316,0.0,0.30469265580177307,0.30469265580177307,0.30469265580177307,0.30469265580177307,0.0,-0.959823727607727,0.6948122978210449,-10.72630786895752,0.0,0.0,0.0,0.0,0.0,0.0,0.0,0.0,0.0,0.0,0.0,0.0,0.0,0.0,0.0,0.30469274520874023,0.30469274520874023,0.304692804813385,0.30469274520874023,0.33220455050468445,0.04114978387951851,0.04114978387951851,0.39053526520729065,0.4118903577327728,1.074061632156372,1.191715955734253,0.0,0.0,0.0,0.0,0.0,0.0,0.0
82998033617,0,-0.02080148085951805,-0.14620105922222137,-0.12788167595863342,-0.02080148085951805,-0.14620105922222137,-0.8278816938400269,-0.017328975722193718,0.00655400799587369,0.007293109316378832,0.0,0.0,0.0,-0.012481643818318844,-0.019522257149219513,-0.010293465107679367,0.0,0.0,-0.010293466039001942,0.064394012093544,0.05026323348283768,0.02934996411204338,0.09827778488397598,0.15551410615444183,5.098217661725357e-05,0.0,0.0,0.0,-0.23287656903266907,10.088459968566895,0.0454254150390625,9.800445556640625,0.25309303402900696,-10.0,-9.880027770996094,14.67492389678955,2.0,2.0,17.789152145385742,0.30357420444488525,0.28977540135383606,0.30357420444488525,0.29744139313697815,0.0,0.30469265580177307,0.30469265580177307,0.30469265580177307,0.30469265580177307,0.0,-0.959823727607727,0.6948122978210449,-10.72630786895752,0.0,0.0,0.0,0.0,0.0,0.0,0.0,0.0,0.0,0.0,0.0,0.0,0.0,0.0,0.0,0.30469274520874023,0.30469274520874023,0.304692804813385,0.30469274520874023,0.33220455050468445,0.04114978387951851,0.04114978387951851,0.39053526520729065,0.4118903577327728,1.074061632156372,1.191715955734253,0.0,0.0,0.0,0.0,0.0,0.0,0.0
83008583058,0,-0.02080148085951805,-0.14620105922222137,-0.12788167595863342,-0.02080148085951805,-0.14620105922222137,-0.8278816938400269,-0.017328975722193718,0.00655400799587369,0.007293109316378832,0.0,0.0,0.0,-0.012481643818318844,-0.019522257149219513,-0.010293465107679367,0.0,0.0,-0.010293466039001942,0.064394012093544,0.05026323348283768,0.02934996411204338,0.09827778488397598,0.15551410615444183,5.098217661725357e-05,0.0,0.0,0.0,-0.23287656903266907,10.088459968566895,0.0454254150390625,9.800445556640625,0.25309303402900696,-10.0,-9.880027770996094,14.67492389678955,2.0,2.0,17.789152145385742,0.30357420444488525,0.28977540135383606,0.30357420444488525,0.29744139313697815,0.0,0.30469265580177307,0.30469265580177307,0.30469265580177307,0.30469265580177307,0.0,-0.959823727607727,0.6948122978210449,-10.72630786895752,0.0,0.0,0.0,0.0,0.0,0.0,0.0,0.0,0.0,0.0,0.0,0.0,0.0,0.0,0.0,0.30469274520874023,0.30469274520874023,0.304692804813385,0.30469274520874023,0.33220455050468445,0.04114978387951851,0.04114978387951851,0.39053526520729065,0.4118903577327728,1.074061632156372,1.191715955734253,0.0,0.0,0.0,0.0,0.0,0.0,0.0
83018120875,0,-0.02080148085951805,-0.14620105922222137,-0.12788167595863342,-0.02080148085951805,-0.14620105922222137,-0.8278816938400269,-0.017328975722193718,0.00655400799587369,0.007293109316378832,0.0,0.0,0.0,-0.012481643818318844,-0.019522257149219513,-0.010293465107679367,0.0,0.0,-0.010293466039001942,0.064394012093544,0.05026323348283768,0.02934996411204338,0.09827778488397598,0.15551410615444183,5.098217661725357e-05,0.0,0.0,0.0,-0.23287656903266907,10.088459968566895,0.0454254150390625,9.800445556640625,0.25309303402900696,-10.0,-9.880027770996094,14.67492389678955,2.0,2.0,17.789152145385742,0.30357420444488525,0.28977540135383606,0.30357420444488525,0.29590821266174316,0.0,0.30469265580177307,0.30469265580177307,0.30469265580177307,0.30469265580177307,0.0,-0.959823727607727,0.6948122978210449,-10.72630786895752,0.0,0.0,0.0,0.0,0.0,0.0,0.0,0.0,0.0,0.0,0.0,0.0,0.0,0.0,0.0,0.30469274520874023,0.30469274520874023,0.304692804813385,0.30469274520874023,0.33220455050468445,0.04114978387951851,0.04114978387951851,0.39053526520729065,0.4118903577327728,1.074061632156372,1.191715955734253,0.0,0.0,0.0,0.0,0.0,0.0,0.0
83028090818,0,-0.02080148085951805,-0.14620105922222137,-0.12788167595863342,-0.02080148085951805,-0.14620105922222137,-0.8278816938400269,-0.017328975722193718,0.00655400799587369,0.007293109316378832,0.0,0.0,0.0,-0.012481643818318844,-0.019522257149219513,-0.010293465107679367,0.0,0.0,-0.010293466039001942,0.064394012093544,0.05026323348283768,0.02934996411204338,0.09827778488397598,0.15551410615444183,5.098217661725357e-05,0.0,0.0,0.0,-0.23287656903266907,10.088459968566895,0.0454254150390625,9.800445556640625,0.25309303402900696,-10.0,-9.880027770996094,14.67492389678955,2.0,2.0,17.789152145385742,0.30357420444488525,0.28977540135383606,0.30357420444488525,0.29744139313697815,0.0,0.30469265580177307,0.30469265580177307,0.30469265580177307,0.30469265580177307,0.0,-0.959823727607727,0.6948122978210449,-10.72630786895752,0.0,0.0,0.0,0.0,0.0,0.0,0.0,0.0,0.0,0.0,0.0,0.0,0.0,0.0,0.0,0.30469274520874023,0.30469274520874023,0.304692804813385,0.30469274520874023,0.33220455050468445,0.04114978387951851,0.04114978387951851,0.39053526520729065,0.4118903577327728,1.074061632156372,1.191715955734253,0.0,0.0,0.0,0.0,0.0,0.0,0.0
83037905535,0,-0.02080148085951805,-0.14620105922222137,-0.12788167595863342,-0.02080148085951805,-0.14620105922222137,-0.8278816938400269,-0.017328975722193718,0.00655400799587369,0.007293109316378832,0.0,0.0,0.0,-0.012481643818318844,-0.019522257149219513,-0.010293465107679367,0.0,0.0,-0.010293466039001942,0.064394012093544,0.05026323348283768,0.02934996411204338,0.09827778488397598,0.15551410615444183,5.098217661725357e-05,0.0,0.0,0.0,-0.23287656903266907,10.088459968566895,0.0454254150390625,9.800445556640625,0.25309303402900696,-10.0,-9.880027770996094,14.67492389678955,2.0,2.0,17.789152145385742,0.30357420444488525,0.28977540135383606,0.30204102396965027,0.29744139313697815,0.0,0.30469265580177307,0.30469265580177307,0.30469265580177307,0.30469265580177307,0.0,-0.959823727607727,0.6948122978210449,-10.72630786895752,0.0,0.0,0.0,0.0,0.0,0.0,0.0,0.0,0.0,0.0,0.0,0.0,0.0,0.0,0.0,0.30469274520874023,0.30469274520874023,0.304692804813385,0.30469274520874023,0.33220455050468445,0.04114978387951851,0.04114978387951851,0.39053526520729065,0.4118903577327728,1.074061632156372,1.191715955734253,0.0,0.0,0.0,0.0,0.0,0.0,0.0
83048296316,0,-0.02080148085951805,-0.14620105922222137,-0.12788167595863342,-0.02080148085951805,-0.14620105922222137,-0.8278816938400269,-0.017328975722193718,0.00655400799587369,0.007293109316378832,0.0,0.0,0.0,-0.012481643818318844,-0.019522257149219513,-0.010293465107679367,0.0,0.0,-0.010293466039001942,0.064394012093544,0.05026323348283768,0.02934996411204338,0.09827778488397598,0.15551410615444183,5.098217661725357e-05,0.0,0.0,0.0,-0.23287656903266907,10.088459968566895,0.0454254150390625,9.800445556640625,0.25309303402900696,-10.0,-9.880027770996094,14.67492389678955,2.0,2.0,17.789152145385742,0.30357420444488525,0.28977540135383606,0.30357420444488525,0.29744139313697815,0.0,0.30469265580177307,0.30469265580177307,0.30469265580177307,0.30469265580177307,0.0,-0.959823727607727,0.6948122978210449,-10.72630786895752,0.0,0.0,0.0,0.0,0.0,0.0,0.0,0.0,0.0,0.0,0.0,0.0,0.0,0.0,0.0,0.30469274520874023,0.30469274520874023,0.304692804813385,0.30469274520874023,0.33220455050468445,0.04114978387951851,0.04114978387951851,0.39053526520729065,0.4118903577327728,1.074061632156372,1.191715955734253,0.0,0.0,0.0,0.0,0.0,0.0,0.0
83060077443,0,-0.02080148085951805,-0.14620105922222137,-0.12788167595863342,-0.02080148085951805,-0.14620105922222137,-0.8278816938400269,-0.017328975722193718,0.00655400799587369,0.007293109316378832,0.0,0.0,0.0,-0.012481643818318844,-0.019522257149219513,-0.010293465107679367,0.0,0.0,-0.010293466039001942,0.064394012093544,0.05026323348283768,0.02934996411204338,0.09827778488397598,0.15551410615444183,5.098217661725357e-05,0.0,0.0,0.0,-0.23287656903266907,10.088459968566895,0.0454254150390625,9.800445556640625,0.25309303402900696,-10.0,-9.880027770996094,14.67492389678955,2.0,2.0,17.789152145385742,0.30357420444488525,0.28977540135383606,0.30357420444488525,0.29590821266174316,0.0,0.30469265580177307,0.30469265580177307,0.30469265580177307,0.30469265580177307,0.0,-0.959823727607727,0.6948122978210449,-10.72630786895752,0.0,0.0,0.0,0.0,0.0,0.0,0.0,0.0,0.0,0.0,0.0,0.0,0.0,0.0,0.0,0.30469274520874023,0.30469274520874023,0.304692804813385,0.30469274520874023,0.33220455050468445,0.04114978387951851,0.04114978387951851,0.39053526520729065,0.4118903577327728,1.074061632156372,1.191715955734253,0.0,0.0,0.0,0.0,0.0,0.0,0.0
83068318748,0,-0.02080148085951805,-0.14620105922222137,-0.12788167595863342,-0.02080148085951805,-0.14620105922222137,-0.8278816938400269,-0.017328975722193718,0.00655400799587369,0.007293109316378832,0.0,0.0,0.0,-0.012481643818318844,-0.019522257149219513,-0.010293465107679367,0.0,0.0,-0.010293466039001942,0.064394012093544,0.05026323348283768,0.02934996411204338,0.09827778488397598,0.15551410615444183,5.098217661725357e-05,0.0,0.0,0.0,-0.23287656903266907,10.088459968566895,0.0454254150390625,9.800445556640625,0.25309303402900696,-10.0,-9.880027770996094,14.67492389678955,2.0,2.0,17.789152145385742,0.30357420444488525,0.28977540135383606,0.30357420444488525,0.29590821266174316,0.0,0.30469265580177307,0.30469265580177307,0.30469265580177307,0.30469265580177307,0.0,-0.959823727607727,0.6948122978210449,-10.72630786895752,0.0,0.0,0.0,0.0,0.0,0.0,0.0,0.0,0.0,0.0,0.0,0.0,0.0,0.0,0.0,0.30469274520874023,0.30469274520874023,0.304692804813385,0.30469274520874023,0.33220455050468445,0.04114978387951851,0.04114978387951851,0.39053526520729065,0.4118903577327728,1.074061632156372,1.191715955734253,0.0,0.0,0.0,0.0,0.0,0.0,0.0
83077861192,0,-0.02080148085951805,-0.14620105922222137,-0.12788167595863342,-0.02080148085951805,-0.14620105922222137,-0.8278816938400269,-0.017328975722193718,0.00655400799587369,0.007293109316378832,0.0,0.0,0.0,-0.012481643818318844,-0.019522257149219513,-0.010293465107679367,0.0,0.0,-0.010293466039001942,0.064394012093544,0.05026323348283768,0.02934996411204338,0.09827778488397598,0.15551410615444183,5.098217661725357e-05,0.0,0.0,0.0,-0.23287656903266907,10.088459968566895,0.0454254150390625,9.800445556640625,0.25309303402900696,-10.0,-9.880027770996094,14.67492389678955,2.0,2.0,17.789152145385742,0.30357420444488525,0.28977540135383606,0.30357420444488525,0.29590821266174316,0.0,0.30469265580177307,0.30469265580177307,0.30469265580177307,0.30469265580177307,0.0,-0.959823727607727,0.6948122978210449,-10.72630786895752,0.0,0.0,0.0,0.0,0.0,0.0,0.0,0.0,0.0,0.0,0.0,0.0,0.0,0.0,0.0,0.30469274520874023,0.30469274520874023,0.304692804813385,0.30469274520874023,0.33220455050468445,0.04114978387951851,0.04114978387951851,0.39053526520729065,0.4118903577327728,1.074061632156372,1.191715955734253,0.0,0.0,0.0,0.0,0.0,0.0,0.0
83088605490,0,-0.02080148085951805,-0.14620105922222137,-0.12788167595863342,-0.02080148085951805,-0.14620105922222137,-0.8278816938400269,-0.017328975722193718,0.00655400799587369,0.007293109316378832,0.0,0.0,0.0,-0.012481643818318844,-0.019522257149219513,-0.010293465107679367,0.0,0.0,-0.010293466039001942,0.064394012093544,0.05026323348283768,0.02934996411204338,0.09827778488397598,0.15551410615444183,5.098217661725357e-05,0.0,0.0,0.0,-0.23287656903266907,10.088459968566895,0.0454254150390625,9.800445556640625,0.25309303402900696,-10.0,-9.880027770996094,14.67492389678955,2.0,2.0,17.789152145385742,0.30357420444488525,0.28977540135383606,0.30357420444488525,0.29590821266174316,0.0,0.30469265580177307,0.30469265580177307,0.30469265580177307,0.30469265580177307,0.0,-0.959823727607727,0.6948122978210449,-10.72630786895752,0.0,0.0,0.0,0.0,0.0,0.0,0.0,0.0,0.0,0.0,0.0,0.0,0.0,0.0,0.0,0.30469274520874023,0.30469274520874023,0.304692804813385,0.30469274520874023,0.33220455050468445,0.04114978387951851,0.04114978387951851,0.39053526520729065,0.4118903577327728,1.074061632156372,1.191715955734253,0.0,0.0,0.0,0.0,0.0,0.0,0.0
83098340163,0,-0.02080148085951805,-0.14620105922222137,-0.12788167595863342,-0.02080148085951805,-0.14620105922222137,-0.8278816938400269,-0.017328975722193718,0.00655400799587369,0.007293109316378832,0.0,0.0,0.0,-0.012481643818318844,-0.019522257149219513,-0.010293465107679367,0.0,0.0,-0.010293466039001942,0.064394012093544,0.05026323348283768,0.02934996411204338,0.09827778488397598,0.15551410615444183,5.098217661725357e-05,0.0,0.0,0.0,-0.23287656903266907,10.088459968566895,0.0454254150390625,9.800445556640625,0.25309303402900696,-10.0,-9.880027770996094,14.67492389678955,2.0,2.0,17.789152145385742,0.30357420444488525,0.28977540135383606,0.30357420444488525,0.29590821266174316,0.0,0.30469265580177307,0.30469265580177307,0.30469265580177307,0.30469265580177307,0.0,-0.959823727607727,0.6948122978210449,-10.72630786895752,0.0,0.0,0.0,0.0,0.0,0.0,0.0,0.0,0.0,0.0,0.0,0.0,0.0,0.0,0.0,0.30469274520874023,0.30469274520874023,0.304692804813385,0.30469274520874023,0.33220455050468445,0.04114978387951851,0.04114978387951851,0.39053526520729065,0.4118903577327728,1.074061632156372,1.191715955734253,0.0,0.0,0.0,0.0,0.0,0.0,0.0
83108212330,0,-0.02080148085951805,-0.14620105922222137,-0.12788167595863342,-0.02080148085951805,-0.14620105922222137,-0.8278816938400269,-0.017328975722193718,0.00655400799587369,0.007293109316378832,0.0,0.0,0.0,-0.012481643818318844,-0.019522257149219513,-0.010293465107679367,0.0,0.0,-0.010293466039001942,0.064394012093544,0.05026323348283768,0.02934996411204338,0.09827778488397598,0.15551410615444183,5.098217661725357e-05,0.0,0.0,0.0,-0.23287656903266907,10.088459968566895,0.0454254150390625,9.800445556640625,0.25309303402900696,-10.0,-9.880027770996094,14.67492389678955,2.0,2.0,17.789152145385742,0.30357420444488525,0.28977540135383606,0.30357420444488525,0.29744139313697815,0.0,0.30469265580177307,0.30469265580177307,0.30469265580177307,0.30469265580177307,0.0,-0.959823727607727,0.6948122978210449,-10.72630786895752,0.0,0.0,0.0,0.0,0.0,0.0,0.0,0.0,0.0,0.0,0.0,0.0,0.0,0.0,0.0,0.30469274520874023,0.30469274520874023,0.304692804813385,0.30469274520874023,0.33220455050468445,0.04114978387951851,0.04114978387951851,0.39053526520729065,0.4118903577327728,1.074061632156372,1.191715955734253,0.0,0.0,0.0,0.0,0.0,0.0,0.0
83118696329,0,-0.02080148085951805,-0.14620105922222137,-0.12788167595863342,-0.02080148085951805,-0.14620105922222137,-0.8278816938400269,-0.017328975722193718,0.00655400799587369,0.007293109316378832,0.0,0.0,0.0,-0.012481643818318844,-0.019522257149219513,-0.010293465107679367,0.0,0.0,-0.010293466039001942,0.064394012093544,0.05026323348283768,0.02934996411204338,0.09827778488397598,0.15551410615444183,5.098217661725357e-05,0.0,0.0,0.0,-0.23287656903266907,10.088459968566895,0.0454254150390625,9.800445556640625,0.25309303402900696,-10.0,-9.880027770996094,14.67492389678955,2.0,2.0,17.789152145385742,0.30357420444488525,0.28977540135383606,0.30357420444488525,0.29590821266174316,0.0,0.30469265580177307,0.30469265580177307,0.30469265580177307,0.30469265580177307,0.0,-0.959823727607727,0.6948122978210449,-10.72630786895752,0.0,0.0,0.0,0.0,0.0,0.0,0.0,0.0,0.0,0.0,0.0,0.0,0.0,0.0,0.0,0.30469274520874023,0.30469274520874023,0.304692804813385,0.30469274520874023,0.33220455050468445,0.04114978387951851,0.04114978387951851,0.39053526520729065,0.4118903577327728,1.074061632156372,1.191715955734253,0.0,0.0,0.0,0.0,0.0,0.0,0.0
83128579961,0,-0.02080148085951805,-0.14620105922222137,-0.12788167595863342,-0.02080148085951805,-0.14620105922222137,-0.8278816938400269,-0.017328975722193718,0.00655400799587369,0.007293109316378832,0.0,0.0,0.0,-0.012481643818318844,-0.019522257149219513,-0.010293465107679367,0.0,0.0,-0.010293466039001942,0.064394012093544,0.05026323348283768,0.02934996411204338,0.09827778488397598,0.15551410615444183,5.098217661725357e-05,0.0,0.0,0.0,-0.23287656903266907,10.088459968566895,0.0454254150390625,9.800445556640625,0.25309303402900696,-10.0,-9.880027770996094,14.67492389678955,2.0,2.0,17.789152145385742,0.30357420444488525,0.28977540135383606,0.30357420444488525,0.29744139313697815,0.0,0.30469265580177307,0.30469265580177307,0.30469265580177307,0.30469265580177307,0.0,-0.959823727607727,0.6948122978210449,-10.72630786895752,0.0,0.0,0.0,0.0,0.0,0.0,0.0,0.0,0.0,0.0,0.0,0.0,0.0,0.0,0.0,0.30469274520874023,0.30469274520874023,0.304692804813385,0.30469274520874023,0.33220455050468445,0.04114978387951851,0.04114978387951851,0.39053526520729065,0.4118903577327728,1.074061632156372,1.191715955734253,0.0,0.0,0.0,0.0,0.0,0.0,0.0
83138478921,0,-0.02080148085951805,-0.14620105922222137,-0.12788167595863342,-0.02080148085951805,-0.14620105922222137,-0.8278816938400269,-0.017328975722193718,0.00655400799587369,0.007293109316378832,0.0,0.0,0.0,-0.012481643818318844,-0.019522257149219513,-0.010293465107679367,0.0,0.0,-0.010293466039001942,0.064394012093544,0.05026323348283768,0.02934996411204338,0.09827778488397598,0.15551410615444183,5.098217661725357e-05,0.0,0.0,0.0,-0.23287656903266907,10.088459968566895,0.0454254150390625,9.800445556640625,0.25309303402900696,-10.0,-9.880027770996094,14.67492389678955,2.0,2.0,17.789152145385742,0.30357420444488525,0.28977540135383606,0.30357420444488525,0.29744139313697815,0.0,0.30469265580177307,0.30469265580177307,0.30469265580177307,0.30469265580177307,0.0,-0.959823727607727,0.6948122978210449,-10.72630786895752,0.0,0.0,0.0,0.0,0.0,0.0,0.0,0.0,0.0,0.0,0.0,0.0,0.0,0.0,0.0,0.30469274520874023,0.30469274520874023,0.304692804813385,0.30469274520874023,0.33220455050468445,0.04114978387951851,0.04114978387951851,0.39053526520729065,0.4118903577327728,1.074061632156372,1.191715955734253,0.0,0.0,0.0,0.0,0.0,0.0,0.0
83148274544,0,-0.02080148085951805,-0.14620105922222137,-0.12788167595863342,-0.02080148085951805,-0.14620105922222137,-0.8278816938400269,-0.017328975722193718,0.00655400799587369,0.007293109316378832,0.0,0.0,0.0,-0.012481643818318844,-0.019522257149219513,-0.010293465107679367,0.0,0.0,-0.010293466039001942,0.064394012093544,0.05026323348283768,0.02934996411204338,0.09827778488397598,0.15551410615444183,5.098217661725357e-05,0.0,0.0,0.0,-0.23287656903266907,10.088459968566895,0.0454254150390625,9.800445556640625,0.25309303402900696,-10.0,-9.880027770996094,14.67492389678955,2.0,2.0,17.789152145385742,0.30357420444488525,0.28977540135383606,0.30357420444488525,0.29744139313697815,0.0,0.30469265580177307,0.30469265580177307,0.30469265580177307,0.30469265580177307,0.0,-0.959823727607727,0.6948122978210449,-10.72630786895752,0.0,0.0,0.0,0.0,0.0,0.0,0.0,0.0,0.0,0.0,0.0,0.0,0.0,0.0,0.0,0.30469274520874023,0.30469274520874023,0.304692804813385,0.30469274520874023,0.33220455050468445,0.04114978387951851,0.04114978387951851,0.39053526520729065,0.4118903577327728,1.074061632156372,1.191715955734253,0.0,0.0,0.0,0.0,0.0,0.0,0.0
83158116606,0,-0.02080148085951805,-0.14620105922222137,-0.12788167595863342,-0.02080148085951805,-0.14620105922222137,-0.8278816938400269,-0.017328975722193718,0.00655400799587369,0.007293109316378832,0.0,0.0,0.0,-0.012481643818318844,-0.019522257149219513,-0.010293465107679367,0.0,0.0,-0.010293466039001942,0.064394012093544,0.05026323348283768,0.02934996411204338,0.09827778488397598,0.15551410615444183,5.098217661725357e-05,0.0,0.0,0.0,-0.23287656903266907,10.088459968566895,0.0454254150390625,9.800445556640625,0.25309303402900696,-10.0,-9.880027770996094,14.67492389678955,2.0,2.0,17.789152145385742,0.30357420444488525,0.28977540135383606,0.30357420444488525,0.29590821266174316,0.0,0.30469265580177307,0.30469265580177307,0.30469265580177307,0.30469265580177307,0.0,-0.959823727607727,0.6948122978210449,-10.72630786895752,0.0,0.0,0.0,0.0,0.0,0.0,0.0,0.0,0.0,0.0,0.0,0.0,0.0,0.0,0.0,0.30469274520874023,0.30469274520874023,0.304692804813385,0.30469274520874023,0.33220455050468445,0.04114978387951851,0.04114978387951851,0.39053526520729065,0.4118903577327728,1.074061632156372,1.191715955734253,0.0,0.0,0.0,0.0,0.0,0.0,0.0
83168399343,0,-0.02080148085951805,-0.14620105922222137,-0.12788167595863342,-0.02080148085951805,-0.14620105922222137,-0.8278816938400269,-0.017328975722193718,0.00655400799587369,0.007293109316378832,0.0,0.0,0.0,-0.012481643818318844,-0.019522257149219513,-0.010293465107679367,0.0,0.0,-0.010293466039001942,0.064394012093544,0.05026323348283768,0.02934996411204338,0.09827778488397598,0.15551410615444183,5.098217661725357e-05,0.0,0.0,0.0,-0.23287656903266907,10.088459968566895,0.0454254150390625,9.800445556640625,0.25309303402900696,-10.0,-9.880027770996094,14.67492389678955,2.0,2.0,17.789152145385742,0.30357420444488525,0.28977540135383606,0.30357420444488525,0.29744139313697815,0.0,0.30469265580177307,0.30469265580177307,0.30469265580177307,0.30469265580177307,0.0,-0.959823727607727,0.6948122978210449,-10.72630786895752,0.0,0.0,0.0,0.0,0.0,0.0,0.0,0.0,0.0,0.0,0.0,0.0,0.0,0.0,0.0,0.30469274520874023,0.30469274520874023,0.304692804813385,0.30469274520874023,0.33220455050468445,0.04114978387951851,0.04114978387951851,0.39053526520729065,0.4118903577327728,1.074061632156372,1.191715955734253,0.0,0.0,0.0,0.0,0.0,0.0,0.0
83178831618,0,-0.02080148085951805,-0.14620105922222137,-0.12788167595863342,-0.02080148085951805,-0.14620105922222137,-0.8278816938400269,-0.017328975722193718,0.00655400799587369,0.007293109316378832,0.0,0.0,0.0,-0.012481643818318844,-0.019522257149219513,-0.010293465107679367,0.0,0.0,-0.010293466039001942,0.064394012093544,0.05026323348283768,0.02934996411204338,0.09827778488397598,0.15551410615444183,5.098217661725357e-05,0.0,0.0,0.0,-0.23287656903266907,10.088459968566895,0.0454254150390625,9.800445556640625,0.25309303402900696,-10.0,-9.880027770996094,14.67492389678955,2.0,2.0,17.789152145385742,0.30357420444488525,0.28977540135383606,0.30357420444488525,0.29744139313697815,0.0,0.30469265580177307,0.30469265580177307,0.30469265580177307,0.30469265580177307,0.0,-0.959823727607727,0.6948122978210449,-10.72630786895752,0.0,0.0,0.0,0.0,0.0,0.0,0.0,0.0,0.0,0.0,0.0,0.0,0.0,0.0,0.0,0.30469274520874023,0.30469274520874023,0.304692804813385,0.30469274520874023,0.33220455050468445,0.04114978387951851,0.04114978387951851,0.39053526520729065,0.4118903577327728,1.074061632156372,1.191715955734253,0.0,0.0,0.0,0.0,0.0,0.0,0.0
83188562842,0,-0.02080148085951805,-0.14620105922222137,-0.12788167595863342,-0.02080148085951805,-0.14620105922222137,-0.8278816938400269,-0.017328975722193718,0.00655400799587369,0.007293109316378832,0.0,0.0,0.0,-0.012481643818318844,-0.019522257149219513,-0.010293465107679367,0.0,0.0,-0.010293466039001942,0.064394012093544,0.05026323348283768,0.02934996411204338,0.09827778488397598,0.15551410615444183,5.098217661725357e-05,0.0,0.0,0.0,-0.23287656903266907,10.088459968566895,0.0454254150390625,9.800445556640625,0.25309303402900696,-10.0,-9.880027770996094,14.67492389678955,2.0,2.0,17.789152145385742,0.30357420444488525,0.28977540135383606,0.30357420444488525,0.29590821266174316,0.0,0.30469265580177307,0.30469265580177307,0.30469265580177307,0.30469265580177307,0.0,-0.959823727607727,0.6948122978210449,-10.72630786895752,0.0,0.0,0.0,0.0,0.0,0.0,0.0,0.0,0.0,0.0,0.0,0.0,0.0,0.0,0.0,0.30469274520874023,0.30469274520874023,0.304692804813385,0.30469274520874023,0.33220455050468445,0.04114978387951851,0.04114978387951851,0.39053526520729065,0.4118903577327728,1.074061632156372,1.191715955734253,0.0,0.0,0.0,0.0,0.0,0.0,0.0
83198345532,0,-0.02080148085951805,-0.14620105922222137,-0.12788167595863342,-0.02080148085951805,-0.14620105922222137,-0.8278816938400269,-0.017328975722193718,0.00655400799587369,0.007293109316378832,0.0,0.0,0.0,-0.012481643818318844,-0.019522257149219513,-0.010293465107679367,0.0,0.0,-0.010293466039001942,0.064394012093544,0.05026323348283768,0.02934996411204338,0.09827778488397598,0.15551410615444183,5.098217661725357e-05,0.0,0.0,0.0,-0.23287656903266907,10.088459968566895,0.0454254150390625,9.800445556640625,0.25309303402900696,-10.0,-9.880027770996094,14.67492389678955,2.0,2.0,17.789152145385742,0.30357420444488525,0.28977540135383606,0.30357420444488525,0.29590821266174316,0.0,0.30469265580177307,0.30469265580177307,0.30469265580177307,0.30469265580177307,0.0,-0.959823727607727,0.6948122978210449,-10.72630786895752,0.0,0.0,0.0,0.0,0.0,0.0,0.0,0.0,0.0,0.0,0.0,0.0,0.0,0.0,0.0,0.30469274520874023,0.30469274520874023,0.304692804813385,0.30469274520874023,0.33220455050468445,0.04114978387951851,0.04114978387951851,0.39053526520729065,0.4118903577327728,1.074061632156372,1.191715955734253,0.0,0.0,0.0,0.0,0.0,0.0,0.0
83208574174,0,-0.02080148085951805,-0.14620105922222137,-0.12788167595863342,-0.02080148085951805,-0.14620105922222137,-0.8278816938400269,-0.017328975722193718,0.00655400799587369,0.007293109316378832,0.0,0.0,0.0,-0.012481643818318844,-0.019522257149219513,-0.010293465107679367,0.0,0.0,-0.010293466039001942,0.064394012093544,0.05026323348283768,0.02934996411204338,0.09827778488397598,0.15551410615444183,5.098217661725357e-05,0.0,0.0,0.0,-0.23287656903266907,10.088459968566895,0.0454254150390625,9.800445556640625,0.25309303402900696,-10.0,-9.880027770996094,14.67492389678955,2.0,2.0,17.789152145385742,0.30357420444488525,0.28977540135383606,0.30357420444488525,0.29590821266174316,0.0,0.30469265580177307,0.30469265580177307,0.30469265580177307,0.30469265580177307,0.0,-0.959823727607727,0.6948122978210449,-10.72630786895752,0.0,0.0,0.0,0.0,0.0,0.0,0.0,0.0,0.0,0.0,0.0,0.0,0.0,0.0,0.0,0.30469274520874023,0.30469274520874023,0.304692804813385,0.30469274520874023,0.33220455050468445,0.04114978387951851,0.04114978387951851,0.39053526520729065,0.4118903577327728,1.074061632156372,1.191715955734253,0.0,0.0,0.0,0.0,0.0,0.0,0.0
83218487232,0,-0.02080148085951805,-0.14620105922222137,-0.12788167595863342,-0.02080148085951805,-0.14620105922222137,-0.8278816938400269,-0.017328975722193718,0.00655400799587369,0.007293109316378832,0.0,0.0,0.0,-0.012481643818318844,-0.019522257149219513,-0.010293465107679367,0.0,0.0,-0.010293466039001942,0.064394012093544,0.05026323348283768,0.02934996411204338,0.09827778488397598,0.15551410615444183,5.098217661725357e-05,0.0,0.0,0.0,-0.23287656903266907,10.088459968566895,0.0454254150390625,9.800445556640625,0.25309303402900696,-10.0,-9.880027770996094,14.67492389678955,2.0,2.0,17.789152145385742,0.30357420444488525,0.28977540135383606,0.30357420444488525,0.29744139313697815,0.0,0.30469265580177307,0.30469265580177307,0.30469265580177307,0.30469265580177307,0.0,-0.959823727607727,0.6948122978210449,-10.72630786895752,0.0,0.0,0.0,0.0,0.0,0.0,0.0,0.0,0.0,0.0,0.0,0.0,0.0,0.0,0.0,0.30469274520874023,0.30469274520874023,0.304692804813385,0.30469274520874023,0.33220455050468445,0.04114978387951851,0.04114978387951851,0.39053526520729065,0.4118903577327728,1.074061632156372,1.191715955734253,0.0,0.0,0.0,0.0,0.0,0.0,0.0
83230072513,0,-0.02080148085951805,-0.14620105922222137,-0.12788167595863342,-0.02080148085951805,-0.14620105922222137,-0.8278816938400269,-0.017328975722193718,0.00655400799587369,0.007293109316378832,0.0,0.0,0.0,-0.012481643818318844,-0.019522257149219513,-0.010293465107679367,0.0,0.0,-0.010293466039001942,0.064394012093544,0.05026323348283768,0.02934996411204338,0.09827778488397598,0.15551410615444183,5.098217661725357e-05,0.0,0.0,0.0,-0.23287656903266907,10.088459968566895,0.0454254150390625,9.800445556640625,0.25309303402900696,-10.0,-9.880027770996094,14.67492389678955,2.0,2.0,17.789152145385742,0.30357420444488525,0.28977540135383606,0.30357420444488525,0.29744139313697815,0.0,0.30469265580177307,0.30469265580177307,0.30469265580177307,0.30469265580177307,0.0,-0.959823727607727,0.6948122978210449,-10.72630786895752,0.0,0.0,0.0,0.0,0.0,0.0,0.0,0.0,0.0,0.0,0.0,0.0,0.0,0.0,0.0,0.30469274520874023,0.30469274520874023,0.304692804813385,0.30469274520874023,0.33220455050468445,0.04114978387951851,0.04114978387951851,0.39053526520729065,0.4118903577327728,1.074061632156372,1.191715955734253,0.0,0.0,0.0,0.0,0.0,0.0,0.0
83240026404,0,-0.02080148085951805,-0.14620105922222137,-0.12788167595863342,-0.02080148085951805,-0.14620105922222137,-0.8278816938400269,-0.017328975722193718,0.00655400799587369,0.007293109316378832,0.0,0.0,0.0,-0.012481643818318844,-0.019522257149219513,-0.010293465107679367,0.0,0.0,-0.010293466039001942,0.064394012093544,0.05026323348283768,0.02934996411204338,0.09827778488397598,0.15551410615444183,5.098217661725357e-05,0.0,0.0,0.0,-0.23287656903266907,10.088459968566895,0.0454254150390625,9.800445556640625,0.25309303402900696,-10.0,-9.880027770996094,14.67492389678955,2.0,2.0,17.789152145385742,0.30357420444488525,0.28977540135383606,0.30357420444488525,0.29590821266174316,0.0,0.30469265580177307,0.30469265580177307,0.30469265580177307,0.30469265580177307,0.0,-0.959823727607727,0.6948122978210449,-10.72630786895752,0.0,0.0,0.0,0.0,0.0,0.0,0.0,0.0,0.0,0.0,0.0,0.0,0.0,0.0,0.0,0.30469274520874023,0.30469274520874023,0.304692804813385,0.30469274520874023,0.33220455050468445,0.04114978387951851,0.04114978387951851,0.39053526520729065,0.4118903577327728,1.074061632156372,1.191715955734253,0.0,0.0,0.0,0.0,0.0,0.0,0.0
83247377232,0,-0.02080148085951805,-0.14620105922222137,-0.12788167595863342,-0.02080148085951805,-0.14620105922222137,-0.8278816938400269,-0.017328975722193718,0.00655400799587369,0.007293109316378832,0.0,0.0,0.0,-0.012481643818318844,-0.019522257149219513,-0.010293465107679367,0.0,0.0,-0.010293466039001942,0.064394012093544,0.05026323348283768,0.02934996411204338,0.09827778488397598,0.15551410615444183,5.098217661725357e-05,0.0,0.0,0.0,-0.23287656903266907,10.088459968566895,0.0454254150390625,9.800445556640625,0.25309303402900696,-10.0,-9.880027770996094,14.67492389678955,2.0,2.0,17.789152145385742,0.30357420444488525,0.28977540135383606,0.30357420444488525,0.29744139313697815,0.0,0.30469265580177307,0.30469265580177307,0.30469265580177307,0.30469265580177307,0.0,-0.959823727607727,0.6948122978210449,-10.72630786895752,0.0,0.0,0.0,0.0,0.0,0.0,0.0,0.0,0.0,0.0,0.0,0.0,0.0,0.0,0.0,0.30469274520874023,0.30469274520874023,0.304692804813385,0.30469274520874023,0.33220455050468445,0.04114978387951851,0.04114978387951851,0.39053526520729065,0.4118903577327728,1.074061632156372,1.191715955734253,0.0,0.0,0.0,0.0,0.0,0.0,0.0
83258039702,0,-0.02080148085951805,-0.14620105922222137,-0.12788167595863342,-0.02080148085951805,-0.14620105922222137,-0.8278816938400269,-0.017328975722193718,0.00655400799587369,0.007293109316378832,0.0,0.0,0.0,-0.012481643818318844,-0.019522257149219513,-0.010293465107679367,0.0,0.0,-0.010293466039001942,0.064394012093544,0.05026323348283768,0.02934996411204338,0.09827778488397598,0.15551410615444183,5.098217661725357e-05,0.0,0.0,0.0,-0.23287656903266907,10.088459968566895,0.0454254150390625,9.800445556640625,0.25309303402900696,-10.0,-9.880027770996094,14.67492389678955,2.0,2.0,17.789152145385742,0.30357420444488525,0.28977540135383606,0.30357420444488525,0.29744139313697815,0.0,0.30469265580177307,0.30469265580177307,0.30469265580177307,0.30469265580177307,0.0,-0.959823727607727,0.6948122978210449,-10.72630786895752,0.0,0.0,0.0,0.0,0.0,0.0,0.0,0.0,0.0,0.0,0.0,0.0,0.0,0.0,0.0,0.30469274520874023,0.30469274520874023,0.304692804813385,0.30469274520874023,0.33220455050468445,0.04114978387951851,0.04114978387951851,0.39053526520729065,0.4118903577327728,1.074061632156372,1.191715955734253,0.0,0.0,0.0,0.0,0.0,0.0,0.0
83267449576,0,-0.02080148085951805,-0.14620105922222137,-0.12788167595863342,-0.02080148085951805,-0.14620105922222137,-0.8278816938400269,-0.017328975722193718,0.00655400799587369,0.007293109316378832,0.0,0.0,0.0,-0.012481643818318844,-0.019522257149219513,-0.010293465107679367,0.0,0.0,-0.010293466039001942,0.064394012093544,0.05026323348283768,0.02934996411204338,0.09827778488397598,0.15551410615444183,5.098217661725357e-05,0.0,0.0,0.0,-0.23287656903266907,10.088459968566895,0.0454254150390625,9.800445556640625,0.25309303402900696,-10.0,-9.880027770996094,14.67492389678955,2.0,2.0,17.789152145385742,0.30357420444488525,0.28977540135383606,0.30357420444488525,0.29744139313697815,0.0,0.30469265580177307,0.30469265580177307,0.30469265580177307,0.30469265580177307,0.0,-0.959823727607727,0.6948122978210449,-10.72630786895752,0.0,0.0,0.0,0.0,0.0,0.0,0.0,0.0,0.0,0.0,0.0,0.0,0.0,0.0,0.0,0.30469274520874023,0.30469274520874023,0.304692804813385,0.30469274520874023,0.33220455050468445,0.04114978387951851,0.04114978387951851,0.39053526520729065,0.4118903577327728,1.074061632156372,1.191715955734253,0.0,0.0,0.0,0.0,0.0,0.0,0.0
83277819079,0,-0.02080148085951805,-0.14620105922222137,-0.12788167595863342,-0.02080148085951805,-0.14620105922222137,-0.8278816938400269,-0.017328975722193718,0.00655400799587369,0.007293109316378832,0.0,0.0,0.0,-0.012481643818318844,-0.019522257149219513,-0.010293465107679367,0.0,0.0,-0.010293466039001942,0.064394012093544,0.05026323348283768,0.02934996411204338,0.09827778488397598,0.15551410615444183,5.098217661725357e-05,0.0,0.0,0.0,-0.23287656903266907,10.088459968566895,0.0454254150390625,9.800445556640625,0.25309303402900696,-10.0,-9.880027770996094,14.67492389678955,2.0,2.0,17.789152145385742,0.30357420444488525,0.28977540135383606,0.30357420444488525,0.29744139313697815,0.0,0.30469265580177307,0.30469265580177307,0.30469265580177307,0.30469265580177307,0.0,-0.959823727607727,0.6948122978210449,-10.72630786895752,0.0,0.0,0.0,0.0,0.0,0.0,0.0,0.0,0.0,0.0,0.0,0.0,0.0,0.0,0.0,0.30469274520874023,0.30469274520874023,0.304692804813385,0.30469274520874023,0.33220455050468445,0.04114978387951851,0.04114978387951851,0.39053526520729065,0.4118903577327728,1.074061632156372,1.191715955734253,0.0,0.0,0.0,0.0,0.0,0.0,0.0
83287458882,0,-0.02080148085951805,-0.14620105922222137,-0.12788167595863342,-0.02080148085951805,-0.14620105922222137,-0.8278816938400269,-0.017328975722193718,0.00655400799587369,0.007293109316378832,0.0,0.0,0.0,-0.012481643818318844,-0.019522257149219513,-0.010293465107679367,0.0,0.0,-0.010293466039001942,0.064394012093544,0.05026323348283768,0.02934996411204338,0.09827778488397598,0.15551410615444183,5.098217661725357e-05,0.0,0.0,0.0,-0.23287656903266907,10.088459968566895,0.0454254150390625,9.800445556640625,0.25309303402900696,-10.0,-9.880027770996094,14.67492389678955,2.0,2.0,17.789152145385742,0.30357420444488525,0.28977540135383606,0.30357420444488525,0.29744139313697815,0.0,0.30469265580177307,0.30469265580177307,0.30469265580177307,0.30469265580177307,0.0,-0.959823727607727,0.6948122978210449,-10.72630786895752,0.0,0.0,0.0,0.0,0.0,0.0,0.0,0.0,0.0,0.0,0.0,0.0,0.0,0.0,0.0,0.30469274520874023,0.30469274520874023,0.304692804813385,0.30469274520874023,0.33220455050468445,0.04114978387951851,0.04114978387951851,0.39053526520729065,0.4118903577327728,1.074061632156372,1.191715955734253,0.0,0.0,0.0,0.0,0.0,0.0,0.0
83297448961,0,-0.02080148085951805,-0.14620105922222137,-0.12788167595863342,-0.02080148085951805,-0.14620105922222137,-0.8278816938400269,-0.017328975722193718,0.00655400799587369,0.007293109316378832,0.0,0.0,0.0,-0.012481643818318844,-0.019522257149219513,-0.010293465107679367,0.0,0.0,-0.010293466039001942,0.064394012093544,0.05026323348283768,0.02934996411204338,0.09827778488397598,0.15551410615444183,5.098217661725357e-05,0.0,0.0,0.0,-0.23287656903266907,10.088459968566895,0.0454254150390625,9.800445556640625,0.25309303402900696,-10.0,-9.880027770996094,14.67492389678955,2.0,2.0,17.789152145385742,0.30357420444488525,0.28977540135383606,0.30357420444488525,0.29590821266174316,0.0,0.30469265580177307,0.30469265580177307,0.30469265580177307,0.30469265580177307,0.0,-0.959823727607727,0.6948122978210449,-10.72630786895752,0.0,0.0,0.0,0.0,0.0,0.0,0.0,0.0,0.0,0.0,0.0,0.0,0.0,0.0,0.0,0.30469274520874023,0.30469274520874023,0.304692804813385,0.30469274520874023,0.33220455050468445,0.04114978387951851,0.04114978387951851,0.39053526520729065,0.4118903577327728,1.074061632156372,1.191715955734253,0.0,0.0,0.0,0.0,0.0,0.0,0.0
83308596769,0,-0.02080148085951805,-0.14620105922222137,-0.12788167595863342,-0.02080148085951805,-0.14620105922222137,-0.8278816938400269,-0.017328975722193718,0.00655400799587369,0.007293109316378832,0.0,0.0,0.0,-0.012481643818318844,-0.019522257149219513,-0.010293465107679367,0.0,0.0,-0.010293466039001942,0.064394012093544,0.05026323348283768,0.02934996411204338,0.09827778488397598,0.15551410615444183,5.098217661725357e-05,0.0,0.0,0.0,-0.23287656903266907,10.088459968566895,0.0454254150390625,9.800445556640625,0.25309303402900696,-10.0,-9.880027770996094,14.67492389678955,2.0,2.0,17.789152145385742,0.30357420444488525,0.28977540135383606,0.30204102396965027,0.29744139313697815,0.0,0.30469265580177307,0.30469265580177307,0.30469265580177307,0.30469265580177307,0.0,-0.959823727607727,0.6948122978210449,-10.72630786895752,0.0,0.0,0.0,0.0,0.0,0.0,0.0,0.0,0.0,0.0,0.0,0.0,0.0,0.0,0.0,0.30469274520874023,0.30469274520874023,0.304692804813385,0.30469274520874023,0.33220455050468445,0.04114978387951851,0.04114978387951851,0.39053526520729065,0.4118903577327728,1.074061632156372,1.191715955734253,0.0,0.0,0.0,0.0,0.0,0.0,0.0
83317421229,0,-0.02080148085951805,-0.14620105922222137,-0.12788167595863342,-0.02080148085951805,-0.14620105922222137,-0.8278816938400269,-0.017328975722193718,0.00655400799587369,0.007293109316378832,0.0,0.0,0.0,-0.012481643818318844,-0.019522257149219513,-0.010293465107679367,0.0,0.0,-0.010293466039001942,0.064394012093544,0.05026323348283768,0.02934996411204338,0.09827778488397598,0.15551410615444183,5.098217661725357e-05,0.0,0.0,0.0,-0.23287656903266907,10.088459968566895,0.0454254150390625,9.800445556640625,0.25309303402900696,-10.0,-9.880027770996094,14.67492389678955,2.0,2.0,17.789152145385742,0.30357420444488525,0.28977540135383606,0.30204102396965027,0.29590821266174316,0.0,0.30469265580177307,0.30469265580177307,0.30469265580177307,0.30469265580177307,0.0,-0.959823727607727,0.6948122978210449,-10.72630786895752,0.0,0.0,0.0,0.0,0.0,0.0,0.0,0.0,0.0,0.0,0.0,0.0,0.0,0.0,0.0,0.30469274520874023,0.30469274520874023,0.304692804813385,0.30469274520874023,0.33220455050468445,0.04114978387951851,0.04114978387951851,0.39053526520729065,0.4118903577327728,1.074061632156372,1.191715955734253,0.0,0.0,0.0,0.0,0.0,0.0,0.0
83327709409,0,-0.02080148085951805,-0.14620105922222137,-0.12788167595863342,-0.02080148085951805,-0.14620105922222137,-0.8278816938400269,-0.017328975722193718,0.00655400799587369,0.007293109316378832,0.0,0.0,0.0,-0.012481643818318844,-0.019522257149219513,-0.010293465107679367,0.0,0.0,-0.010293466039001942,0.064394012093544,0.05026323348283768,0.02934996411204338,0.09827778488397598,0.15551410615444183,5.098217661725357e-05,0.0,0.0,0.0,-0.23287656903266907,10.088459968566895,0.0454254150390625,9.800445556640625,0.25309303402900696,-10.0,-9.880027770996094,14.67492389678955,2.0,2.0,17.789152145385742,0.30357420444488525,0.28977540135383606,0.30357420444488525,0.29744139313697815,0.0,0.30469265580177307,0.30469265580177307,0.30469265580177307,0.30469265580177307,0.0,-0.959823727607727,0.6948122978210449,-10.72630786895752,0.0,0.0,0.0,0.0,0.0,0.0,0.0,0.0,0.0,0.0,0.0,0.0,0.0,0.0,0.0,0.30469274520874023,0.30469274520874023,0.304692804813385,0.30469274520874023,0.33220455050468445,0.04114978387951851,0.04114978387951851,0.39053526520729065,0.4118903577327728,1.074061632156372,1.191715955734253,0.0,0.0,0.0,0.0,0.0,0.0,0.0
83339823926,0,-0.02080148085951805,-0.14620105922222137,-0.12788167595863342,-0.02080148085951805,-0.14620105922222137,-0.8278816938400269,-0.017328975722193718,0.00655400799587369,0.007293109316378832,0.0,0.0,0.0,-0.012481643818318844,-0.019522257149219513,-0.010293465107679367,0.0,0.0,-0.010293466039001942,0.064394012093544,0.05026323348283768,0.02934996411204338,0.09827778488397598,0.15551410615444183,5.098217661725357e-05,0.0,0.0,0.0,-0.23287656903266907,10.088459968566895,0.0454254150390625,9.800445556640625,0.25309303402900696,-10.0,-9.880027770996094,14.67492389678955,2.0,2.0,17.789152145385742,0.30357420444488525,0.28977540135383606,0.30357420444488525,0.29590821266174316,0.0,0.30469265580177307,0.30469265580177307,0.30469265580177307,0.30469265580177307,0.0,-0.959823727607727,0.6948122978210449,-10.72630786895752,0.0,0.0,0.0,0.0,0.0,0.0,0.0,0.0,0.0,0.0,0.0,0.0,0.0,0.0,0.0,0.30469274520874023,0.30469274520874023,0.304692804813385,0.30469274520874023,0.33220455050468445,0.04114978387951851,0.04114978387951851,0.39053526520729065,0.4118903577327728,1.074061632156372,1.191715955734253,0.0,0.0,0.0,0.0,0.0,0.0,0.0
83347489782,0,-0.02080148085951805,-0.14620105922222137,-0.12788167595863342,-0.02080148085951805,-0.14620105922222137,-0.8278816938400269,-0.017328975722193718,0.00655400799587369,0.007293109316378832,0.0,0.0,0.0,-0.012481643818318844,-0.019522257149219513,-0.010293465107679367,0.0,0.0,-0.010293466039001942,0.064394012093544,0.05026323348283768,0.02934996411204338,0.09827778488397598,0.15551410615444183,5.098217661725357e-05,0.0,0.0,0.0,-0.23287656903266907,10.088459968566895,0.0454254150390625,9.800445556640625,0.25309303402900696,-10.0,-9.880027770996094,14.67492389678955,2.0,2.0,17.789152145385742,0.30357420444488525,0.28977540135383606,0.30357420444488525,0.29744139313697815,0.0,0.30469265580177307,0.30469265580177307,0.30469265580177307,0.30469265580177307,0.0,-0.959823727607727,0.6948122978210449,-10.72630786895752,0.0,0.0,0.0,0.0,0.0,0.0,0.0,0.0,0.0,0.0,0.0,0.0,0.0,0.0,0.0,0.30469274520874023,0.30469274520874023,0.304692804813385,0.30469274520874023,0.33220455050468445,0.04114978387951851,0.04114978387951851,0.39053526520729065,0.4118903577327728,1.074061632156372,1.191715955734253,0.0,0.0,0.0,0.0,0.0,0.0,0.0
83357968793,0,-0.02080148085951805,-0.14620105922222137,-0.12788167595863342,-0.02080148085951805,-0.14620105922222137,-0.8278816938400269,-0.017328975722193718,0.00655400799587369,0.007293109316378832,0.0,0.0,0.0,-0.012481643818318844,-0.019522257149219513,-0.010293465107679367,0.0,0.0,-0.010293466039001942,0.064394012093544,0.05026323348283768,0.02934996411204338,0.09827778488397598,0.15551410615444183,5.098217661725357e-05,0.0,0.0,0.0,-0.23287656903266907,10.088459968566895,0.0454254150390625,9.800445556640625,0.25309303402900696,-10.0,-9.880027770996094,14.67492389678955,2.0,2.0,17.789152145385742,0.30357420444488525,0.28977540135383606,0.30357420444488525,0.29744139313697815,0.0,0.30469265580177307,0.30469265580177307,0.30469265580177307,0.30469265580177307,0.0,-0.959823727607727,0.6948122978210449,-10.72630786895752,0.0,0.0,0.0,0.0,0.0,0.0,0.0,0.0,0.0,0.0,0.0,0.0,0.0,0.0,0.0,0.30469274520874023,0.30469274520874023,0.304692804813385,0.30469274520874023,0.33220455050468445,0.04114978387951851,0.04114978387951851,0.39053526520729065,0.4118903577327728,1.074061632156372,1.191715955734253,0.0,0.0,0.0,0.0,0.0,0.0,0.0
83367522390,0,-0.02080148085951805,-0.14620105922222137,-0.12788167595863342,-0.02080148085951805,-0.14620105922222137,-0.8278816938400269,-0.017328975722193718,0.00655400799587369,0.007293109316378832,0.0,0.0,0.0,-0.012481643818318844,-0.019522257149219513,-0.010293465107679367,0.0,0.0,-0.010293466039001942,0.064394012093544,0.05026323348283768,0.02934996411204338,0.09827778488397598,0.15551410615444183,5.098217661725357e-05,0.0,0.0,0.0,-0.23287656903266907,10.088459968566895,0.0454254150390625,9.800445556640625,0.25309303402900696,-10.0,-9.880027770996094,14.67492389678955,2.0,2.0,17.789152145385742,0.30357420444488525,0.28977540135383606,0.30357420444488525,0.29744139313697815,0.0,0.30469265580177307,0.30469265580177307,0.30469265580177307,0.30469265580177307,0.0,-0.959823727607727,0.6948122978210449,-10.72630786895752,0.0,0.0,0.0,0.0,0.0,0.0,0.0,0.0,0.0,0.0,0.0,0.0,0.0,0.0,0.0,0.30469274520874023,0.30469274520874023,0.304692804813385,0.30469274520874023,0.33220455050468445,0.04114978387951851,0.04114978387951851,0.39053526520729065,0.4118903577327728,1.074061632156372,1.191715955734253,0.0,0.0,0.0,0.0,0.0,0.0,0.0
83378877289,0,-0.02080148085951805,-0.14620105922222137,-0.12788167595863342,-0.02080148085951805,-0.14620105922222137,-0.8278816938400269,-0.017328975722193718,0.00655400799587369,0.007293109316378832,0.0,0.0,0.0,-0.012481643818318844,-0.019522257149219513,-0.010293465107679367,0.0,0.0,-0.010293466039001942,0.064394012093544,0.05026323348283768,0.02934996411204338,0.09827778488397598,0.15551410615444183,5.098217661725357e-05,0.0,0.0,0.0,-0.23287656903266907,10.088459968566895,0.0454254150390625,9.800445556640625,0.25309303402900696,-10.0,-9.880027770996094,14.67492389678955,2.0,2.0,17.789152145385742,0.30357420444488525,0.28977540135383606,0.30357420444488525,0.29590821266174316,0.0,0.30469265580177307,0.30469265580177307,0.30469265580177307,0.30469265580177307,0.0,-0.959823727607727,0.6948122978210449,-10.72630786895752,0.0,0.0,0.0,0.0,0.0,0.0,0.0,0.0,0.0,0.0,0.0,0.0,0.0,0.0,0.0,0.30469274520874023,0.30469274520874023,0.304692804813385,0.30469274520874023,0.33220455050468445,0.04114978387951851,0.04114978387951851,0.39053526520729065,0.4118903577327728,1.074061632156372,1.191715955734253,0.0,0.0,0.0,0.0,0.0,0.0,0.0
83387307777,0,-0.02080148085951805,-0.14620105922222137,-0.12788167595863342,-0.02080148085951805,-0.14620105922222137,-0.8278816938400269,-0.017328975722193718,0.00655400799587369,0.007293109316378832,0.0,0.0,0.0,-0.012481643818318844,-0.019522257149219513,-0.010293465107679367,0.0,0.0,-0.010293466039001942,0.064394012093544,0.05026323348283768,0.02934996411204338,0.09827778488397598,0.15551410615444183,5.098217661725357e-05,0.0,0.0,0.0,-0.23287656903266907,10.088459968566895,0.0454254150390625,9.800445556640625,0.25309303402900696,-10.0,-9.880027770996094,14.67492389678955,2.0,2.0,17.789152145385742,0.30357420444488525,0.28977540135383606,0.30357420444488525,0.29590821266174316,0.0,0.30469265580177307,0.30469265580177307,0.30469265580177307,0.30469265580177307,0.0,-0.959823727607727,0.6948122978210449,-10.72630786895752,0.0,0.0,0.0,0.0,0.0,0.0,0.0,0.0,0.0,0.0,0.0,0.0,0.0,0.0,0.0,0.30469274520874023,0.30469274520874023,0.304692804813385,0.30469274520874023,0.33220455050468445,0.04114978387951851,0.04114978387951851,0.39053526520729065,0.4118903577327728,1.074061632156372,1.191715955734253,0.0,0.0,0.0,0.0,0.0,0.0,0.0
83397318041,0,-0.02080148085951805,-0.14620105922222137,-0.12788167595863342,-0.02080148085951805,-0.14620105922222137,-0.8278816938400269,-0.017328975722193718,0.00655400799587369,0.007293109316378832,0.0,0.0,0.0,-0.012481643818318844,-0.019522257149219513,-0.010293465107679367,0.0,0.0,-0.010293466039001942,0.064394012093544,0.05026323348283768,0.02934996411204338,0.09827778488397598,0.15551410615444183,5.098217661725357e-05,0.0,0.0,0.0,-0.23287656903266907,10.088459968566895,0.0454254150390625,9.800445556640625,0.25309303402900696,-10.0,-9.880027770996094,14.67492389678955,2.0,2.0,17.789152145385742,0.30357420444488525,0.28977540135383606,0.30357420444488525,0.29590821266174316,0.0,0.30469265580177307,0.30469265580177307,0.30469265580177307,0.30469265580177307,0.0,-0.959823727607727,0.6948122978210449,-10.72630786895752,0.0,0.0,0.0,0.0,0.0,0.0,0.0,0.0,0.0,0.0,0.0,0.0,0.0,0.0,0.0,0.30469274520874023,0.30469274520874023,0.304692804813385,0.30469274520874023,0.33220455050468445,0.04114978387951851,0.04114978387951851,0.39053526520729065,0.4118903577327728,1.074061632156372,1.191715955734253,0.0,0.0,0.0,0.0,0.0,0.0,0.0
83407483188,0,-0.02080148085951805,-0.14620105922222137,-0.12788167595863342,-0.02080148085951805,-0.14620105922222137,-0.8278816938400269,-0.017328975722193718,0.00655400799587369,0.007293109316378832,0.0,0.0,0.0,-0.012481643818318844,-0.019522257149219513,-0.010293465107679367,0.0,0.0,-0.010293466039001942,0.064394012093544,0.05026323348283768,0.02934996411204338,0.09827778488397598,0.15551410615444183,5.098217661725357e-05,0.0,0.0,0.0,-0.23287656903266907,10.088459968566895,0.0454254150390625,9.800445556640625,0.25309303402900696,-10.0,-9.880027770996094,14.67492389678955,2.0,2.0,17.789152145385742,0.30357420444488525,0.28977540135383606,0.30357420444488525,0.29744139313697815,0.0,0.30469265580177307,0.30469265580177307,0.30469265580177307,0.30469265580177307,0.0,-0.959823727607727,0.6948122978210449,-10.72630786895752,0.0,0.0,0.0,0.0,0.0,0.0,0.0,0.0,0.0,0.0,0.0,0.0,0.0,0.0,0.0,0.30469274520874023,0.30469274520874023,0.304692804813385,0.30469274520874023,0.33220455050468445,0.04114978387951851,0.04114978387951851,0.39053526520729065,0.4118903577327728,1.074061632156372,1.191715955734253,0.0,0.0,0.0,0.0,0.0,0.0,0.0
83417321826,0,-0.02080148085951805,-0.14620105922222137,-0.12788167595863342,-0.02080148085951805,-0.14620105922222137,-0.8278816938400269,-0.017328975722193718,0.00655400799587369,0.007293109316378832,0.0,0.0,0.0,-0.012481643818318844,-0.019522257149219513,-0.010293465107679367,0.0,0.0,-0.010293466039001942,0.064394012093544,0.05026323348283768,0.02934996411204338,0.09827778488397598,0.15551410615444183,5.098217661725357e-05,0.0,0.0,0.0,-0.23287656903266907,10.088459968566895,0.0454254150390625,9.800445556640625,0.25309303402900696,-10.0,-9.880027770996094,14.67492389678955,2.0,2.0,17.789152145385742,0.30357420444488525,0.28977540135383606,0.30357420444488525,0.29744139313697815,0.0,0.30469265580177307,0.30469265580177307,0.30469265580177307,0.30469265580177307,0.0,-0.959823727607727,0.6948122978210449,-10.72630786895752,0.0,0.0,0.0,0.0,0.0,0.0,0.0,0.0,0.0,0.0,0.0,0.0,0.0,0.0,0.0,0.30469274520874023,0.30469274520874023,0.304692804813385,0.30469274520874023,0.33220455050468445,0.04114978387951851,0.04114978387951851,0.39053526520729065,0.4118903577327728,1.074061632156372,1.191715955734253,0.0,0.0,0.0,0.0,0.0,0.0,0.0
83427440922,0,-0.02080148085951805,-0.14620105922222137,-0.12788167595863342,-0.02080148085951805,-0.14620105922222137,-0.8278816938400269,-0.017328975722193718,0.00655400799587369,0.007293109316378832,0.0,0.0,0.0,-0.012481643818318844,-0.019522257149219513,-0.010293465107679367,0.0,0.0,-0.010293466039001942,0.064394012093544,0.05026323348283768,0.02934996411204338,0.09827778488397598,0.15551410615444183,5.098217661725357e-05,0.0,0.0,0.0,-0.23287656903266907,10.088459968566895,0.0454254150390625,9.800445556640625,0.25309303402900696,-10.0,-9.880027770996094,14.67492389678955,2.0,2.0,17.789152145385742,0.30357420444488525,0.28977540135383606,0.30357420444488525,0.29744139313697815,0.0,0.30469265580177307,0.30469265580177307,0.30469265580177307,0.30469265580177307,0.0,-0.959823727607727,0.6948122978210449,-10.72630786895752,0.0,0.0,0.0,0.0,0.0,0.0,0.0,0.0,0.0,0.0,0.0,0.0,0.0,0.0,0.0,0.30469274520874023,0.30469274520874023,0.304692804813385,0.30469274520874023,0.33220455050468445,0.04114978387951851,0.04114978387951851,0.39053526520729065,0.4118903577327728,1.074061632156372,1.191715955734253,0.0,0.0,0.0,0.0,0.0,0.0,0.0
83438339817,0,-0.02080148085951805,-0.14620105922222137,-0.12788167595863342,-0.02080148085951805,-0.14620105922222137,-0.8278816938400269,-0.017328975722193718,0.00655400799587369,0.007293109316378832,0.0,0.0,0.0,-0.012481643818318844,-0.019522257149219513,-0.010293465107679367,0.0,0.0,-0.010293466039001942,0.064394012093544,0.05026323348283768,0.02934996411204338,0.09827778488397598,0.15551410615444183,5.098217661725357e-05,0.0,0.0,0.0,-0.23287656903266907,10.088459968566895,0.0454254150390625,9.800445556640625,0.25309303402900696,-10.0,-9.880027770996094,14.67492389678955,2.0,2.0,17.789152145385742,0.30357420444488525,0.28977540135383606,0.30357420444488525,0.29744139313697815,0.0,0.30469265580177307,0.30469265580177307,0.30469265580177307,0.30469265580177307,0.0,-0.959823727607727,0.6948122978210449,-10.72630786895752,0.0,0.0,0.0,0.0,0.0,0.0,0.0,0.0,0.0,0.0,0.0,0.0,0.0,0.0,0.0,0.30469274520874023,0.30469274520874023,0.304692804813385,0.30469274520874023,0.33220455050468445,0.04114978387951851,0.04114978387951851,0.39053526520729065,0.4118903577327728,1.074061632156372,1.191715955734253,0.0,0.0,0.0,0.0,0.0,0.0,0.0
83447614107,0,-0.02080148085951805,-0.14620105922222137,-0.12788167595863342,-0.02080148085951805,-0.14620105922222137,-0.8278816938400269,-0.017328975722193718,0.00655400799587369,0.007293109316378832,0.0,0.0,0.0,-0.012481643818318844,-0.019522257149219513,-0.010293465107679367,0.0,0.0,-0.010293466039001942,0.064394012093544,0.05026323348283768,0.02934996411204338,0.09827778488397598,0.15551410615444183,5.098217661725357e-05,0.0,0.0,0.0,-0.23287656903266907,10.088459968566895,0.0454254150390625,9.800445556640625,0.25309303402900696,-10.0,-9.880027770996094,14.67492389678955,2.0,2.0,17.789152145385742,0.30357420444488525,0.28977540135383606,0.30357420444488525,0.29744139313697815,0.0,0.30469265580177307,0.30469265580177307,0.30469265580177307,0.30469265580177307,0.0,-0.959823727607727,0.6948122978210449,-10.72630786895752,0.0,0.0,0.0,0.0,0.0,0.0,0.0,0.0,0.0,0.0,0.0,0.0,0.0,0.0,0.0,0.30469274520874023,0.30469274520874023,0.304692804813385,0.30469274520874023,0.33220455050468445,0.04114978387951851,0.04114978387951851,0.39053526520729065,0.4118903577327728,1.074061632156372,1.191715955734253,0.0,0.0,0.0,0.0,0.0,0.0,0.0
83457411312,0,-0.02080148085951805,-0.14620105922222137,-0.12788167595863342,-0.02080148085951805,-0.14620105922222137,-0.8278816938400269,-0.017328975722193718,0.00655400799587369,0.007293109316378832,0.0,0.0,0.0,-0.012481643818318844,-0.019522257149219513,-0.010293465107679367,0.0,0.0,-0.010293466039001942,0.064394012093544,0.05026323348283768,0.02934996411204338,0.09827778488397598,0.15551410615444183,5.098217661725357e-05,0.0,0.0,0.0,-0.23287656903266907,10.088459968566895,0.0454254150390625,9.800445556640625,0.25309303402900696,-10.0,-9.880027770996094,14.67492389678955,2.0,2.0,17.789152145385742,0.30357420444488525,0.28977540135383606,0.30357420444488525,0.29744139313697815,0.0,0.30469265580177307,0.30469265580177307,0.30469265580177307,0.30469265580177307,0.0,-0.959823727607727,0.6948122978210449,-10.72630786895752,0.0,0.0,0.0,0.0,0.0,0.0,0.0,0.0,0.0,0.0,0.0,0.0,0.0,0.0,0.0,0.30469274520874023,0.30469274520874023,0.304692804813385,0.30469274520874023,0.33220455050468445,0.04114978387951851,0.04114978387951851,0.39053526520729065,0.4118903577327728,1.074061632156372,1.191715955734253,0.0,0.0,0.0,0.0,0.0,0.0,0.0
83467398521,0,-0.02080148085951805,-0.14620105922222137,-0.12788167595863342,-0.02080148085951805,-0.14620105922222137,-0.8278816938400269,-0.017328975722193718,0.00655400799587369,0.007293109316378832,0.0,0.0,0.0,-0.012481643818318844,-0.019522257149219513,-0.010293465107679367,0.0,0.0,-0.010293466039001942,0.064394012093544,0.05026323348283768,0.02934996411204338,0.09827778488397598,0.15551410615444183,5.098217661725357e-05,0.0,0.0,0.0,-0.23287656903266907,10.088459968566895,0.0454254150390625,9.800445556640625,0.25309303402900696,-10.0,-9.880027770996094,14.67492389678955,2.0,2.0,17.789152145385742,0.30357420444488525,0.28977540135383606,0.30357420444488525,0.29590821266174316,0.0,0.30469265580177307,0.30469265580177307,0.30469265580177307,0.30469265580177307,0.0,-0.959823727607727,0.6948122978210449,-10.72630786895752,0.0,0.0,0.0,0.0,0.0,0.0,0.0,0.0,0.0,0.0,0.0,0.0,0.0,0.0,0.0,0.30469274520874023,0.30469274520874023,0.304692804813385,0.30469274520874023,0.33220455050468445,0.04114978387951851,0.04114978387951851,0.39053526520729065,0.4118903577327728,1.074061632156372,1.191715955734253,0.0,0.0,0.0,0.0,0.0,0.0,0.0
83477523051,0,-0.02080148085951805,-0.14620105922222137,-0.12788167595863342,-0.02080148085951805,-0.14620105922222137,-0.8278816938400269,-0.017328975722193718,0.00655400799587369,0.007293109316378832,0.0,0.0,0.0,-0.012481643818318844,-0.019522257149219513,-0.010293465107679367,0.0,0.0,-0.010293466039001942,0.064394012093544,0.05026323348283768,0.02934996411204338,0.09827778488397598,0.15551410615444183,5.098217661725357e-05,0.0,0.0,0.0,-0.23287656903266907,10.088459968566895,0.0454254150390625,9.800445556640625,0.25309303402900696,-10.0,-9.880027770996094,14.67492389678955,2.0,2.0,17.789152145385742,0.30357420444488525,0.28977540135383606,0.30357420444488525,0.29744139313697815,0.0,0.30469265580177307,0.30469265580177307,0.30469265580177307,0.30469265580177307,0.0,-0.959823727607727,0.6948122978210449,-10.72630786895752,0.0,0.0,0.0,0.0,0.0,0.0,0.0,0.0,0.0,0.0,0.0,0.0,0.0,0.0,0.0,0.30469274520874023,0.30469274520874023,0.304692804813385,0.30469274520874023,0.33220455050468445,0.04114978387951851,0.04114978387951851,0.39053526520729065,0.4118903577327728,1.074061632156372,1.191715955734253,0.0,0.0,0.0,0.0,0.0,0.0,0.0
83488393193,0,-0.02080148085951805,-0.14620105922222137,-0.12788167595863342,-0.02080148085951805,-0.14620105922222137,-0.8278816938400269,-0.017328975722193718,0.00655400799587369,0.007293109316378832,0.0,0.0,0.0,-0.012481643818318844,-0.019522257149219513,-0.010293465107679367,0.0,0.0,-0.010293466039001942,0.064394012093544,0.05026323348283768,0.02934996411204338,0.09827778488397598,0.15551410615444183,5.098217661725357e-05,0.0,0.0,0.0,-0.23287656903266907,10.088459968566895,0.0454254150390625,9.800445556640625,0.25309303402900696,-10.0,-9.880027770996094,14.67492389678955,2.0,2.0,17.789152145385742,0.30357420444488525,0.28977540135383606,0.30357420444488525,0.29590821266174316,0.0,0.30469265580177307,0.30469265580177307,0.30469265580177307,0.30469265580177307,0.0,-0.959823727607727,0.6948122978210449,-10.72630786895752,0.0,0.0,0.0,0.0,0.0,0.0,0.0,0.0,0.0,0.0,0.0,0.0,0.0,0.0,0.0,0.30469274520874023,0.30469274520874023,0.304692804813385,0.30469274520874023,0.33220455050468445,0.04114978387951851,0.04114978387951851,0.39053526520729065,0.4118903577327728,1.074061632156372,1.191715955734253,0.0,0.0,0.0,0.0,0.0,0.0,0.0
83497516744,0,-0.02080148085951805,-0.14620105922222137,-0.12788167595863342,-0.02080148085951805,-0.14620105922222137,-0.8278816938400269,-0.017328975722193718,0.00655400799587369,0.007293109316378832,0.0,0.0,0.0,-0.012481643818318844,-0.019522257149219513,-0.010293465107679367,0.0,0.0,-0.010293466039001942,0.064394012093544,0.05026323348283768,0.02934996411204338,0.09827778488397598,0.15551410615444183,5.098217661725357e-05,0.0,0.0,0.0,-0.23287656903266907,10.088459968566895,0.0454254150390625,9.800445556640625,0.25309303402900696,-10.0,-9.880027770996094,14.67492389678955,2.0,2.0,17.789152145385742,0.30357420444488525,0.28977540135383606,0.30357420444488525,0.29744139313697815,0.0,0.30469265580177307,0.30469265580177307,0.30469265580177307,0.30469265580177307,0.0,-0.959823727607727,0.6948122978210449,-10.72630786895752,0.0,0.0,0.0,0.0,0.0,0.0,0.0,0.0,0.0,0.0,0.0,0.0,0.0,0.0,0.0,0.30469274520874023,0.30469274520874023,0.304692804813385,0.30469274520874023,0.33220455050468445,0.04114978387951851,0.04114978387951851,0.39053526520729065,0.4118903577327728,1.074061632156372,1.191715955734253,0.0,0.0,0.0,0.0,0.0,0.0,0.0
83507470880,0,-0.02080148085951805,-0.14620105922222137,-0.12788167595863342,-0.02080148085951805,-0.14620105922222137,-0.8278816938400269,-0.017328975722193718,0.00655400799587369,0.007293109316378832,0.0,0.0,0.0,-0.012481643818318844,-0.019522257149219513,-0.010293465107679367,0.0,0.0,-0.010293466039001942,0.064394012093544,0.05026323348283768,0.02934996411204338,0.09827778488397598,0.15551410615444183,5.098217661725357e-05,0.0,0.0,0.0,-0.23287656903266907,10.088459968566895,0.0454254150390625,9.800445556640625,0.25309303402900696,-10.0,-9.880027770996094,14.67492389678955,2.0,2.0,17.789152145385742,0.30357420444488525,0.28977540135383606,0.30357420444488525,0.29744139313697815,0.0,0.30469265580177307,0.30469265580177307,0.30469265580177307,0.30469265580177307,0.0,-0.959823727607727,0.6948122978210449,-10.72630786895752,0.0,0.0,0.0,0.0,0.0,0.0,0.0,0.0,0.0,0.0,0.0,0.0,0.0,0.0,0.0,0.30469274520874023,0.30469274520874023,0.304692804813385,0.30469274520874023,0.33220455050468445,0.04114978387951851,0.04114978387951851,0.39053526520729065,0.4118903577327728,1.074061632156372,1.191715955734253,0.0,0.0,0.0,0.0,0.0,0.0,0.0
83517473936,0,-0.02080148085951805,-0.14620105922222137,-0.12788167595863342,-0.02080148085951805,-0.14620105922222137,-0.8278816938400269,-0.017328975722193718,0.00655400799587369,0.007293109316378832,0.0,0.0,0.0,-0.012481643818318844,-0.019522257149219513,-0.010293465107679367,0.0,0.0,-0.010293466039001942,0.064394012093544,0.05026323348283768,0.02934996411204338,0.09827778488397598,0.15551410615444183,5.098217661725357e-05,0.0,0.0,0.0,-0.23287656903266907,10.088459968566895,0.0454254150390625,9.800445556640625,0.25309303402900696,-10.0,-9.880027770996094,14.67492389678955,2.0,2.0,17.789152145385742,0.30357420444488525,0.28977540135383606,0.30357420444488525,0.29744139313697815,0.0,0.30469265580177307,0.30469265580177307,0.30469265580177307,0.30469265580177307,0.0,-0.959823727607727,0.6948122978210449,-10.72630786895752,0.0,0.0,0.0,0.0,0.0,0.0,0.0,0.0,0.0,0.0,0.0,0.0,0.0,0.0,0.0,0.30469274520874023,0.30469274520874023,0.304692804813385,0.30469274520874023,0.33220455050468445,0.04114978387951851,0.04114978387951851,0.39053526520729065,0.4118903577327728,1.074061632156372,1.191715955734253,0.0,0.0,0.0,0.0,0.0,0.0,0.0
83529351032,0,-0.02080148085951805,-0.14620105922222137,-0.12788167595863342,-0.02080148085951805,-0.14620105922222137,-0.8278816938400269,-0.017328975722193718,0.00655400799587369,0.007293109316378832,0.0,0.0,0.0,-0.012481643818318844,-0.019522257149219513,-0.010293465107679367,0.0,0.0,-0.010293466039001942,0.064394012093544,0.05026323348283768,0.02934996411204338,0.09827778488397598,0.15551410615444183,5.098217661725357e-05,0.0,0.0,0.0,-0.23287656903266907,10.088459968566895,0.0454254150390625,9.800445556640625,0.25309303402900696,-10.0,-9.880027770996094,14.67492389678955,2.0,2.0,17.789152145385742,0.30357420444488525,0.28977540135383606,0.30357420444488525,0.29744139313697815,0.0,0.30469265580177307,0.30469265580177307,0.30469265580177307,0.30469265580177307,0.0,-0.959823727607727,0.6948122978210449,-10.72630786895752,0.0,0.0,0.0,0.0,0.0,0.0,0.0,0.0,0.0,0.0,0.0,0.0,0.0,0.0,0.0,0.30469274520874023,0.30469274520874023,0.304692804813385,0.30469274520874023,0.33220455050468445,0.04114978387951851,0.04114978387951851,0.39053526520729065,0.4118903577327728,1.074061632156372,1.191715955734253,0.0,0.0,0.0,0.0,0.0,0.0,0.0
83537452993,0,-0.02080148085951805,-0.14620105922222137,-0.12788167595863342,-0.02080148085951805,-0.14620105922222137,-0.8278816938400269,-0.017328975722193718,0.00655400799587369,0.007293109316378832,0.0,0.0,0.0,-0.012481643818318844,-0.019522257149219513,-0.010293465107679367,0.0,0.0,-0.010293466039001942,0.064394012093544,0.05026323348283768,0.02934996411204338,0.09827778488397598,0.15551410615444183,5.098217661725357e-05,0.0,0.0,0.0,-0.23287656903266907,10.088459968566895,0.0454254150390625,9.800445556640625,0.25309303402900696,-10.0,-9.880027770996094,14.67492389678955,2.0,2.0,17.789152145385742,0.30357420444488525,0.28977540135383606,0.30357420444488525,0.29744139313697815,0.0,0.30469265580177307,0.30469265580177307,0.30469265580177307,0.30469265580177307,0.0,-0.959823727607727,0.6948122978210449,-10.72630786895752,0.0,0.0,0.0,0.0,0.0,0.0,0.0,0.0,0.0,0.0,0.0,0.0,0.0,0.0,0.0,0.30469274520874023,0.30469274520874023,0.304692804813385,0.30469274520874023,0.33220455050468445,0.04114978387951851,0.04114978387951851,0.39053526520729065,0.4118903577327728,1.074061632156372,1.191715955734253,0.0,0.0,0.0,0.0,0.0,0.0,0.0
83547472652,0,-0.02080148085951805,-0.14620105922222137,-0.12788167595863342,-0.02080148085951805,-0.14620105922222137,-0.8278816938400269,-0.017328975722193718,0.00655400799587369,0.007293109316378832,0.0,0.0,0.0,-0.012481643818318844,-0.019522257149219513,-0.010293465107679367,0.0,0.0,-0.010293466039001942,0.064394012093544,0.05026323348283768,0.02934996411204338,0.09827778488397598,0.15551410615444183,5.098217661725357e-05,0.0,0.0,0.0,-0.23287656903266907,10.088459968566895,0.0454254150390625,9.800445556640625,0.25309303402900696,-10.0,-9.880027770996094,14.67492389678955,2.0,2.0,17.789152145385742,0.30357420444488525,0.28977540135383606,0.30357420444488525,0.29744139313697815,0.0,0.30469265580177307,0.30469265580177307,0.30469265580177307,0.30469265580177307,0.0,-0.959823727607727,0.6948122978210449,-10.72630786895752,0.0,0.0,0.0,0.0,0.0,0.0,0.0,0.0,0.0,0.0,0.0,0.0,0.0,0.0,0.0,0.30469274520874023,0.30469274520874023,0.304692804813385,0.30469274520874023,0.33220455050468445,0.04114978387951851,0.04114978387951851,0.39053526520729065,0.4118903577327728,1.074061632156372,1.191715955734253,0.0,0.0,0.0,0.0,0.0,0.0,0.0
83563006294,0,-0.02080148085951805,-0.14620105922222137,-0.12788167595863342,-0.02080148085951805,-0.14620105922222137,-0.8278816938400269,-0.017328975722193718,0.00655400799587369,0.007293109316378832,0.0,0.0,0.0,-0.012481643818318844,-0.019522257149219513,-0.010293465107679367,0.0,0.0,-0.010293466039001942,0.064394012093544,0.05026323348283768,0.02934996411204338,0.09827778488397598,0.15551410615444183,5.098217661725357e-05,0.0,0.0,0.0,-0.23287656903266907,10.088459968566895,0.0454254150390625,9.800445556640625,0.25309303402900696,-10.0,-9.880027770996094,14.67492389678955,2.0,2.0,17.789152145385742,0.30357420444488525,0.28977540135383606,0.30357420444488525,0.29744139313697815,0.0,0.30469265580177307,0.30469265580177307,0.30469265580177307,0.30469265580177307,0.0,-0.959823727607727,0.6948122978210449,-10.72630786895752,0.0,0.0,0.0,0.0,0.0,0.0,0.0,0.0,0.0,0.0,0.0,0.0,0.0,0.0,0.0,0.30469274520874023,0.30469274520874023,0.304692804813385,0.30469274520874023,0.33220455050468445,0.04114978387951851,0.04114978387951851,0.39053526520729065,0.4118903577327728,1.074061632156372,1.191715955734253,0.0,0.0,0.0,0.0,0.0,0.0,0.0
83567519134,0,-0.02080148085951805,-0.14620105922222137,-0.12788167595863342,-0.02080148085951805,-0.14620105922222137,-0.8278816938400269,-0.017328975722193718,0.00655400799587369,0.007293109316378832,0.0,0.0,0.0,-0.012481643818318844,-0.019522257149219513,-0.010293465107679367,0.0,0.0,-0.010293466039001942,0.064394012093544,0.05026323348283768,0.02934996411204338,0.09827778488397598,0.15551410615444183,5.098217661725357e-05,0.0,0.0,0.0,-0.23287656903266907,10.088459968566895,0.0454254150390625,9.800445556640625,0.25309303402900696,-10.0,-9.880027770996094,14.67492389678955,2.0,2.0,17.789152145385742,0.30357420444488525,0.28977540135383606,0.30357420444488525,0.29590821266174316,0.0,0.30469265580177307,0.30469265580177307,0.30469265580177307,0.30469265580177307,0.0,-0.959823727607727,0.6948122978210449,-10.72630786895752,0.0,0.0,0.0,0.0,0.0,0.0,0.0,0.0,0.0,0.0,0.0,0.0,0.0,0.0,0.0,0.30469274520874023,0.30469274520874023,0.304692804813385,0.30469274520874023,0.33220455050468445,0.04114978387951851,0.04114978387951851,0.39053526520729065,0.4118903577327728,1.074061632156372,1.191715955734253,0.0,0.0,0.0,0.0,0.0,0.0,0.0
83577723340,0,-0.02080148085951805,-0.14620105922222137,-0.12788167595863342,-0.02080148085951805,-0.14620105922222137,-0.8278816938400269,-0.017328975722193718,0.00655400799587369,0.007293109316378832,0.0,0.0,0.0,-0.012481643818318844,-0.019522257149219513,-0.010293465107679367,0.0,0.0,-0.010293466039001942,0.064394012093544,0.05026323348283768,0.02934996411204338,0.09827778488397598,0.15551410615444183,5.098217661725357e-05,0.0,0.0,0.0,-0.23287656903266907,10.088459968566895,0.0454254150390625,9.800445556640625,0.25309303402900696,-10.0,-9.880027770996094,14.67492389678955,2.0,2.0,17.789152145385742,0.30357420444488525,0.28977540135383606,0.30357420444488525,0.29744139313697815,0.0,0.30469265580177307,0.30469265580177307,0.30469265580177307,0.30469265580177307,0.0,-0.959823727607727,0.6948122978210449,-10.72630786895752,0.0,0.0,0.0,0.0,0.0,0.0,0.0,0.0,0.0,0.0,0.0,0.0,0.0,0.0,0.0,0.30469274520874023,0.30469274520874023,0.304692804813385,0.30469274520874023,0.33220455050468445,0.04114978387951851,0.04114978387951851,0.39053526520729065,0.4118903577327728,1.074061632156372,1.191715955734253,0.0,0.0,0.0,0.0,0.0,0.0,0.0
83587518312,0,-0.02080148085951805,-0.14620105922222137,-0.12788167595863342,-0.02080148085951805,-0.14620105922222137,-0.8278816938400269,-0.017328975722193718,0.00655400799587369,0.007293109316378832,0.0,0.0,0.0,-0.012481643818318844,-0.019522257149219513,-0.010293465107679367,0.0,0.0,-0.010293466039001942,0.064394012093544,0.05026323348283768,0.02934996411204338,0.09827778488397598,0.15551410615444183,5.098217661725357e-05,0.0,0.0,0.0,-0.23287656903266907,10.088459968566895,0.0454254150390625,9.800445556640625,0.25309303402900696,-10.0,-9.880027770996094,14.67492389678955,2.0,2.0,17.789152145385742,0.30357420444488525,0.28977540135383606,0.30357420444488525,0.29590821266174316,0.0,0.30469265580177307,0.30469265580177307,0.30469265580177307,0.30469265580177307,0.0,-0.959823727607727,0.6948122978210449,-10.72630786895752,0.0,0.0,0.0,0.0,0.0,0.0,0.0,0.0,0.0,0.0,0.0,0.0,0.0,0.0,0.0,0.30469274520874023,0.30469274520874023,0.304692804813385,0.30469274520874023,0.33220455050468445,0.04114978387951851,0.04114978387951851,0.39053526520729065,0.4118903577327728,1.074061632156372,1.191715955734253,0.0,0.0,0.0,0.0,0.0,0.0,0.0
83597767263,0,-0.02080148085951805,-0.14620105922222137,-0.12788167595863342,-0.02080148085951805,-0.14620105922222137,-0.8278816938400269,-0.017328975722193718,0.00655400799587369,0.007293109316378832,0.0,0.0,0.0,-0.012481643818318844,-0.019522257149219513,-0.010293465107679367,0.0,0.0,-0.010293466039001942,0.064394012093544,0.05026323348283768,0.02934996411204338,0.09827778488397598,0.15551410615444183,5.098217661725357e-05,0.0,0.0,0.0,-0.23287656903266907,10.088459968566895,0.0454254150390625,9.800445556640625,0.25309303402900696,-10.0,-9.880027770996094,14.67492389678955,2.0,2.0,17.789152145385742,0.30357420444488525,0.28977540135383606,0.30357420444488525,0.29744139313697815,0.0,0.30469265580177307,0.30469265580177307,0.30469265580177307,0.30469265580177307,0.0,-0.959823727607727,0.6948122978210449,-10.72630786895752,0.0,0.0,0.0,0.0,0.0,0.0,0.0,0.0,0.0,0.0,0.0,0.0,0.0,0.0,0.0,0.30469274520874023,0.30469274520874023,0.304692804813385,0.30469274520874023,0.33220455050468445,0.04114978387951851,0.04114978387951851,0.39053526520729065,0.4118903577327728,1.074061632156372,1.191715955734253,0.0,0.0,0.0,0.0,0.0,0.0,0.0
83607935250,0,-0.02080148085951805,-0.14620105922222137,-0.12788167595863342,-0.02080148085951805,-0.14620105922222137,-0.8278816938400269,-0.017328975722193718,0.00655400799587369,0.007293109316378832,0.0,0.0,0.0,-0.012481643818318844,-0.019522257149219513,-0.010293465107679367,0.0,0.0,-0.010293466039001942,0.064394012093544,0.05026323348283768,0.02934996411204338,0.09827778488397598,0.15551410615444183,5.098217661725357e-05,0.0,0.0,0.0,-0.23287656903266907,10.088459968566895,0.0454254150390625,9.800445556640625,0.25309303402900696,-10.0,-9.880027770996094,14.67492389678955,2.0,2.0,17.789152145385742,0.30357420444488525,0.28977540135383606,0.30357420444488525,0.29590821266174316,0.0,0.30469265580177307,0.30469265580177307,0.30469265580177307,0.30469265580177307,0.0,-0.959823727607727,0.6948122978210449,-10.72630786895752,0.0,0.0,0.0,0.0,0.0,0.0,0.0,0.0,0.0,0.0,0.0,0.0,0.0,0.0,0.0,0.30469274520874023,0.30469274520874023,0.304692804813385,0.30469274520874023,0.33220455050468445,0.04114978387951851,0.04114978387951851,0.39053526520729065,0.4118903577327728,1.074061632156372,1.191715955734253,0.0,0.0,0.0,0.0,0.0,0.0,0.0
83617555239,0,-0.02080148085951805,-0.14620105922222137,-0.12788167595863342,-0.02080148085951805,-0.14620105922222137,-0.8278816938400269,-0.017328975722193718,0.00655400799587369,0.007293109316378832,0.0,0.0,0.0,-0.012481643818318844,-0.019522257149219513,-0.010293465107679367,0.0,0.0,-0.010293466039001942,0.064394012093544,0.05026323348283768,0.02934996411204338,0.09827778488397598,0.15551410615444183,5.098217661725357e-05,0.0,0.0,0.0,-0.23287656903266907,10.088459968566895,0.0454254150390625,9.800445556640625,0.25309303402900696,-10.0,-9.880027770996094,14.67492389678955,2.0,2.0,17.789152145385742,0.30357420444488525,0.28977540135383606,0.30357420444488525,0.29744139313697815,0.0,0.30469265580177307,0.30469265580177307,0.30469265580177307,0.30469265580177307,0.0,-0.959823727607727,0.6948122978210449,-10.72630786895752,0.0,0.0,0.0,0.0,0.0,0.0,0.0,0.0,0.0,0.0,0.0,0.0,0.0,0.0,0.0,0.30469274520874023,0.30469274520874023,0.304692804813385,0.30469274520874023,0.33220455050468445,0.04114978387951851,0.04114978387951851,0.39053526520729065,0.4118903577327728,1.074061632156372,1.191715955734253,0.0,0.0,0.0,0.0,0.0,0.0,0.0
83628108275,0,-0.02080148085951805,-0.14620105922222137,-0.12788167595863342,-0.02080148085951805,-0.14620105922222137,-0.8278816938400269,-0.017328975722193718,0.00655400799587369,0.007293109316378832,0.0,0.0,0.0,-0.012481643818318844,-0.019522257149219513,-0.010293465107679367,0.0,0.0,-0.010293466039001942,0.064394012093544,0.05026323348283768,0.02934996411204338,0.09827778488397598,0.15551410615444183,5.098217661725357e-05,0.0,0.0,0.0,-0.23287656903266907,10.088459968566895,0.0454254150390625,9.800445556640625,0.25309303402900696,-10.0,-9.880027770996094,14.67492389678955,2.0,2.0,17.789152145385742,0.30357420444488525,0.28977540135383606,0.30357420444488525,0.29744139313697815,0.0,0.30469265580177307,0.30469265580177307,0.30469265580177307,0.30469265580177307,0.0,-0.959823727607727,0.6948122978210449,-10.72630786895752,0.0,0.0,0.0,0.0,0.0,0.0,0.0,0.0,0.0,0.0,0.0,0.0,0.0,0.0,0.0,0.30469274520874023,0.30469274520874023,0.304692804813385,0.30469274520874023,0.33220455050468445,0.04114978387951851,0.04114978387951851,0.39053526520729065,0.4118903577327728,1.074061632156372,1.191715955734253,0.0,0.0,0.0,0.0,0.0,0.0,0.0
83637798857,0,-0.02080148085951805,-0.14620105922222137,-0.12788167595863342,-0.02080148085951805,-0.14620105922222137,-0.8278816938400269,-0.017328975722193718,0.00655400799587369,0.007293109316378832,0.0,0.0,0.0,-0.012481643818318844,-0.019522257149219513,-0.010293465107679367,0.0,0.0,-0.010293466039001942,0.064394012093544,0.05026323348283768,0.02934996411204338,0.09827778488397598,0.15551410615444183,5.098217661725357e-05,0.0,0.0,0.0,-0.23287656903266907,10.088459968566895,0.0454254150390625,9.800445556640625,0.25309303402900696,-10.0,-9.880027770996094,14.67492389678955,2.0,2.0,17.789152145385742,0.30357420444488525,0.28977540135383606,0.30357420444488525,0.29744139313697815,0.0,0.30469265580177307,0.30469265580177307,0.30469265580177307,0.30469265580177307,0.0,-0.959823727607727,0.6948122978210449,-10.72630786895752,0.0,0.0,0.0,0.0,0.0,0.0,0.0,0.0,0.0,0.0,0.0,0.0,0.0,0.0,0.0,0.30469274520874023,0.30469274520874023,0.304692804813385,0.30469274520874023,0.33220455050468445,0.04114978387951851,0.04114978387951851,0.39053526520729065,0.4118903577327728,1.074061632156372,1.191715955734253,0.0,0.0,0.0,0.0,0.0,0.0,0.0
83649124858,0,-0.02080148085951805,-0.14620105922222137,-0.12788167595863342,-0.02080148085951805,-0.14620105922222137,-0.8278816938400269,-0.017328975722193718,0.00655400799587369,0.007293109316378832,0.0,0.0,0.0,-0.012481643818318844,-0.019522257149219513,-0.010293465107679367,0.0,0.0,-0.010293466039001942,0.064394012093544,0.05026323348283768,0.02934996411204338,0.09827778488397598,0.15551410615444183,5.098217661725357e-05,0.0,0.0,0.0,-0.23287656903266907,10.088459968566895,0.0454254150390625,9.800445556640625,0.25309303402900696,-10.0,-9.880027770996094,14.67492389678955,2.0,2.0,17.789152145385742,0.30357420444488525,0.28977540135383606,0.30357420444488525,0.29590821266174316,0.0,0.30469265580177307,0.30469265580177307,0.30469265580177307,0.30469265580177307,0.0,-0.959823727607727,0.6948122978210449,-10.72630786895752,0.0,0.0,0.0,0.0,0.0,0.0,0.0,0.0,0.0,0.0,0.0,0.0,0.0,0.0,0.0,0.30469274520874023,0.30469274520874023,0.304692804813385,0.30469274520874023,0.33220455050468445,0.04114978387951851,0.04114978387951851,0.39053526520729065,0.4118903577327728,1.074061632156372,1.191715955734253,0.0,0.0,0.0,0.0,0.0,0.0,0.0
83659216853,0,-0.02080148085951805,-0.14620105922222137,-0.12788167595863342,-0.02080148085951805,-0.14620105922222137,-0.8278816938400269,-0.017328975722193718,0.00655400799587369,0.007293109316378832,0.0,0.0,0.0,-0.012481643818318844,-0.019522257149219513,-0.010293465107679367,0.0,0.0,-0.010293466039001942,0.064394012093544,0.05026323348283768,0.02934996411204338,0.09827778488397598,0.15551410615444183,5.098217661725357e-05,0.0,0.0,0.0,-0.23287656903266907,10.088459968566895,0.0454254150390625,9.800445556640625,0.25309303402900696,-10.0,-9.880027770996094,14.67492389678955,2.0,2.0,17.789152145385742,0.30357420444488525,0.28977540135383606,0.30357420444488525,0.29590821266174316,0.0,0.30469265580177307,0.30469265580177307,0.30469265580177307,0.30469265580177307,0.0,-0.959823727607727,0.6948122978210449,-10.72630786895752,0.0,0.0,0.0,0.0,0.0,0.0,0.0,0.0,0.0,0.0,0.0,0.0,0.0,0.0,0.0,0.30469274520874023,0.30469274520874023,0.304692804813385,0.30469274520874023,0.33220455050468445,0.04114978387951851,0.04114978387951851,0.39053526520729065,0.4118903577327728,1.074061632156372,1.191715955734253,0.0,0.0,0.0,0.0,0.0,0.0,0.0
83668446796,0,-0.02080148085951805,-0.14620105922222137,-0.12788167595863342,-0.02080148085951805,-0.14620105922222137,-0.8278816938400269,-0.017328975722193718,0.00655400799587369,0.007293109316378832,0.0,0.0,0.0,-0.012481643818318844,-0.019522257149219513,-0.010293465107679367,0.0,0.0,-0.010293466039001942,0.064394012093544,0.05026323348283768,0.02934996411204338,0.09827778488397598,0.15551410615444183,5.098217661725357e-05,0.0,0.0,0.0,-0.23287656903266907,10.088459968566895,0.0454254150390625,9.800445556640625,0.25309303402900696,-10.0,-9.880027770996094,14.67492389678955,2.0,2.0,17.789152145385742,0.30357420444488525,0.28977540135383606,0.30357420444488525,0.29590821266174316,0.0,0.30469265580177307,0.30469265580177307,0.30469265580177307,0.30469265580177307,0.0,-0.959823727607727,0.6948122978210449,-10.72630786895752,0.0,0.0,0.0,0.0,0.0,0.0,0.0,0.0,0.0,0.0,0.0,0.0,0.0,0.0,0.0,0.30469274520874023,0.30469274520874023,0.304692804813385,0.30469274520874023,0.33220455050468445,0.04114978387951851,0.04114978387951851,0.39053526520729065,0.4118903577327728,1.074061632156372,1.191715955734253,0.0,0.0,0.0,0.0,0.0,0.0,0.0
83678700970,0,-0.02080148085951805,-0.14620105922222137,-0.12788167595863342,-0.02080148085951805,-0.14620105922222137,-0.8278816938400269,-0.017328975722193718,0.00655400799587369,0.007293109316378832,0.0,0.0,0.0,-0.012481643818318844,-0.019522257149219513,-0.010293465107679367,0.0,0.0,-0.010293466039001942,0.064394012093544,0.05026323348283768,0.02934996411204338,0.09827778488397598,0.15551410615444183,5.098217661725357e-05,0.0,0.0,0.0,-0.23287656903266907,10.088459968566895,0.0454254150390625,9.800445556640625,0.25309303402900696,-10.0,-9.880027770996094,14.67492389678955,2.0,2.0,17.789152145385742,0.30357420444488525,0.28977540135383606,0.30357420444488525,0.29744139313697815,0.0,0.30469265580177307,0.30469265580177307,0.30469265580177307,0.30469265580177307,0.0,-0.959823727607727,0.6948122978210449,-10.72630786895752,0.0,0.0,0.0,0.0,0.0,0.0,0.0,0.0,0.0,0.0,0.0,0.0,0.0,0.0,0.0,0.30469274520874023,0.30469274520874023,0.304692804813385,0.30469274520874023,0.33220455050468445,0.04114978387951851,0.04114978387951851,0.39053526520729065,0.4118903577327728,1.074061632156372,1.191715955734253,0.0,0.0,0.0,0.0,0.0,0.0,0.0
83687873671,0,-0.02080148085951805,-0.14620105922222137,-0.12788167595863342,-0.02080148085951805,-0.14620105922222137,-0.8278816938400269,-0.017328975722193718,0.00655400799587369,0.007293109316378832,0.0,0.0,0.0,-0.012481643818318844,-0.019522257149219513,-0.010293465107679367,0.0,0.0,-0.010293466039001942,0.064394012093544,0.05026323348283768,0.02934996411204338,0.09827778488397598,0.15551410615444183,5.098217661725357e-05,0.0,0.0,0.0,-0.23287656903266907,10.088459968566895,0.0454254150390625,9.800445556640625,0.25309303402900696,-10.0,-9.880027770996094,14.67492389678955,2.0,2.0,17.789152145385742,0.30357420444488525,0.28977540135383606,0.30357420444488525,0.29744139313697815,0.0,0.30469265580177307,0.30469265580177307,0.30469265580177307,0.30469265580177307,0.0,-0.959823727607727,0.6948122978210449,-10.72630786895752,0.0,0.0,0.0,0.0,0.0,0.0,0.0,0.0,0.0,0.0,0.0,0.0,0.0,0.0,0.0,0.30469274520874023,0.30469274520874023,0.304692804813385,0.30469274520874023,0.33220455050468445,0.04114978387951851,0.04114978387951851,0.39053526520729065,0.4118903577327728,1.074061632156372,1.191715955734253,0.0,0.0,0.0,0.0,0.0,0.0,0.0
83698927552,0,-0.02080148085951805,-0.14620105922222137,-0.12788167595863342,-0.02080148085951805,-0.14620105922222137,-0.8278816938400269,-0.017328975722193718,0.00655400799587369,0.007293109316378832,0.0,0.0,0.0,-0.012481643818318844,-0.019522257149219513,-0.010293465107679367,0.0,0.0,-0.010293466039001942,0.064394012093544,0.05026323348283768,0.02934996411204338,0.09827778488397598,0.15551410615444183,5.098217661725357e-05,0.0,0.0,0.0,-0.23287656903266907,10.088459968566895,0.0454254150390625,9.800445556640625,0.25309303402900696,-10.0,-9.880027770996094,14.67492389678955,2.0,2.0,17.789152145385742,0.30357420444488525,0.28977540135383606,0.30204102396965027,0.29744139313697815,0.0,0.30469265580177307,0.30469265580177307,0.30469265580177307,0.30469265580177307,0.0,-0.959823727607727,0.6948122978210449,-10.72630786895752,0.0,0.0,0.0,0.0,0.0,0.0,0.0,0.0,0.0,0.0,0.0,0.0,0.0,0.0,0.0,0.30469274520874023,0.30469274520874023,0.304692804813385,0.30469274520874023,0.33220455050468445,0.04114978387951851,0.04114978387951851,0.39053526520729065,0.4118903577327728,1.074061632156372,1.191715955734253,0.0,0.0,0.0,0.0,0.0,0.0,0.0
83708184863,0,-0.02080148085951805,-0.14620105922222137,-0.12788167595863342,-0.02080148085951805,-0.14620105922222137,-0.8278816938400269,-0.017328975722193718,0.00655400799587369,0.007293109316378832,0.0,0.0,0.0,-0.012481643818318844,-0.019522257149219513,-0.010293465107679367,0.0,0.0,-0.010293466039001942,0.064394012093544,0.05026323348283768,0.02934996411204338,0.09827778488397598,0.15551410615444183,5.098217661725357e-05,0.0,0.0,0.0,-0.23287656903266907,10.088459968566895,0.0454254150390625,9.800445556640625,0.25309303402900696,-10.0,-9.880027770996094,14.67492389678955,2.0,2.0,17.789152145385742,0.30357420444488525,0.28977540135383606,0.30357420444488525,0.29744139313697815,0.0,0.30469265580177307,0.30469265580177307,0.30469265580177307,0.30469265580177307,0.0,-0.959823727607727,0.6948122978210449,-10.72630786895752,0.0,0.0,0.0,0.0,0.0,0.0,0.0,0.0,0.0,0.0,0.0,0.0,0.0,0.0,0.0,0.30469274520874023,0.30469274520874023,0.304692804813385,0.30469274520874023,0.33220455050468445,0.04114978387951851,0.04114978387951851,0.39053526520729065,0.4118903577327728,1.074061632156372,1.191715955734253,0.0,0.0,0.0,0.0,0.0,0.0,0.0
83718004539,0,-0.02080148085951805,-0.14620105922222137,-0.12788167595863342,-0.02080148085951805,-0.14620105922222137,-0.8278816938400269,-0.017328975722193718,0.00655400799587369,0.007293109316378832,0.0,0.0,0.0,-0.012481643818318844,-0.019522257149219513,-0.010293465107679367,0.0,0.0,-0.010293466039001942,0.064394012093544,0.05026323348283768,0.02934996411204338,0.09827778488397598,0.15551410615444183,5.098217661725357e-05,0.0,0.0,0.0,-0.23287656903266907,10.088459968566895,0.0454254150390625,9.800445556640625,0.25309303402900696,-10.0,-9.880027770996094,14.67492389678955,2.0,2.0,17.789152145385742,0.30357420444488525,0.28977540135383606,0.30357420444488525,0.29590821266174316,0.0,0.30469265580177307,0.30469265580177307,0.30469265580177307,0.30469265580177307,0.0,-0.959823727607727,0.6948122978210449,-10.72630786895752,0.0,0.0,0.0,0.0,0.0,0.0,0.0,0.0,0.0,0.0,0.0,0.0,0.0,0.0,0.0,0.30469274520874023,0.30469274520874023,0.304692804813385,0.30469274520874023,0.33220455050468445,0.04114978387951851,0.04114978387951851,0.39053526520729065,0.4118903577327728,1.074061632156372,1.191715955734253,0.0,0.0,0.0,0.0,0.0,0.0,0.0
83728079396,0,-0.02080148085951805,-0.14620105922222137,-0.12788167595863342,-0.02080148085951805,-0.14620105922222137,-0.8278816938400269,-0.017328975722193718,0.00655400799587369,0.007293109316378832,0.0,0.0,0.0,-0.012481643818318844,-0.019522257149219513,-0.010293465107679367,0.0,0.0,-0.010293466039001942,0.064394012093544,0.05026323348283768,0.02934996411204338,0.09827778488397598,0.15551410615444183,5.098217661725357e-05,0.0,0.0,0.0,-0.23287656903266907,10.088459968566895,0.0454254150390625,9.800445556640625,0.25309303402900696,-10.0,-9.880027770996094,14.67492389678955,2.0,2.0,17.789152145385742,0.30357420444488525,0.28977540135383606,0.30357420444488525,0.29744139313697815,0.0,0.30469265580177307,0.30469265580177307,0.30469265580177307,0.30469265580177307,0.0,-0.959823727607727,0.6948122978210449,-10.72630786895752,0.0,0.0,0.0,0.0,0.0,0.0,0.0,0.0,0.0,0.0,0.0,0.0,0.0,0.0,0.0,0.30469274520874023,0.30469274520874023,0.304692804813385,0.30469274520874023,0.33220455050468445,0.04114978387951851,0.04114978387951851,0.39053526520729065,0.4118903577327728,1.074061632156372,1.191715955734253,0.0,0.0,0.0,0.0,0.0,0.0,0.0
83737817336,0,-0.02080148085951805,-0.14620105922222137,-0.12788167595863342,-0.02080148085951805,-0.14620105922222137,-0.8278816938400269,-0.017328975722193718,0.00655400799587369,0.007293109316378832,0.0,0.0,0.0,-0.012481643818318844,-0.019522257149219513,-0.010293465107679367,0.0,0.0,-0.010293466039001942,0.064394012093544,0.05026323348283768,0.02934996411204338,0.09827778488397598,0.15551410615444183,5.098217661725357e-05,0.0,0.0,0.0,-0.23287656903266907,10.088459968566895,0.0454254150390625,9.800445556640625,0.25309303402900696,-10.0,-9.880027770996094,14.67492389678955,2.0,2.0,17.789152145385742,0.30357420444488525,0.28977540135383606,0.30357420444488525,0.29590821266174316,0.0,0.30469265580177307,0.30469265580177307,0.30469265580177307,0.30469265580177307,0.0,-0.959823727607727,0.6948122978210449,-10.72630786895752,0.0,0.0,0.0,0.0,0.0,0.0,0.0,0.0,0.0,0.0,0.0,0.0,0.0,0.0,0.0,0.30469274520874023,0.30469274520874023,0.304692804813385,0.30469274520874023,0.33220455050468445,0.04114978387951851,0.04114978387951851,0.39053526520729065,0.4118903577327728,1.074061632156372,1.191715955734253,0.0,0.0,0.0,0.0,0.0,0.0,0.0
83749491691,0,-0.02080148085951805,-0.14620105922222137,-0.12788167595863342,-0.02080148085951805,-0.14620105922222137,-0.8278816938400269,-0.017328975722193718,0.00655400799587369,0.007293109316378832,0.0,0.0,0.0,-0.012481643818318844,-0.019522257149219513,-0.010293465107679367,0.0,0.0,-0.010293466039001942,0.064394012093544,0.05026323348283768,0.02934996411204338,0.09827778488397598,0.15551410615444183,5.098217661725357e-05,0.0,0.0,0.0,-0.23287656903266907,10.088459968566895,0.0454254150390625,9.800445556640625,0.25309303402900696,-10.0,-9.880027770996094,14.67492389678955,2.0,2.0,17.789152145385742,0.30357420444488525,0.28977540135383606,0.30357420444488525,0.29590821266174316,0.0,0.30469265580177307,0.30469265580177307,0.30469265580177307,0.30469265580177307,0.0,-0.959823727607727,0.6948122978210449,-10.72630786895752,0.0,0.0,0.0,0.0,0.0,0.0,0.0,0.0,0.0,0.0,0.0,0.0,0.0,0.0,0.0,0.30469274520874023,0.30469274520874023,0.304692804813385,0.30469274520874023,0.33220455050468445,0.04114978387951851,0.04114978387951851,0.39053526520729065,0.4118903577327728,1.074061632156372,1.191715955734253,0.0,0.0,0.0,0.0,0.0,0.0,0.0
83759062215,0,-0.02080148085951805,-0.14620105922222137,-0.12788167595863342,-0.02080148085951805,-0.14620105922222137,-0.8278816938400269,-0.017328975722193718,0.00655400799587369,0.007293109316378832,0.0,0.0,0.0,-0.012481643818318844,-0.019522257149219513,-0.010293465107679367,0.0,0.0,-0.010293466039001942,0.064394012093544,0.05026323348283768,0.02934996411204338,0.09827778488397598,0.15551410615444183,5.098217661725357e-05,0.0,0.0,0.0,-0.23287656903266907,10.088459968566895,0.0454254150390625,9.800445556640625,0.25309303402900696,-10.0,-9.880027770996094,14.67492389678955,2.0,2.0,17.789152145385742,0.30357420444488525,0.28977540135383606,0.30357420444488525,0.29744139313697815,0.0,0.30469265580177307,0.30469265580177307,0.30469265580177307,0.30469265580177307,0.0,-0.959823727607727,0.6948122978210449,-10.72630786895752,0.0,0.0,0.0,0.0,0.0,0.0,0.0,0.0,0.0,0.0,0.0,0.0,0.0,0.0,0.0,0.30469274520874023,0.30469274520874023,0.304692804813385,0.30469274520874023,0.33220455050468445,0.04114978387951851,0.04114978387951851,0.39053526520729065,0.4118903577327728,1.074061632156372,1.191715955734253,0.0,0.0,0.0,0.0,0.0,0.0,0.0
83768540967,0,-0.02080148085951805,-0.14620105922222137,-0.12788167595863342,-0.02080148085951805,-0.14620105922222137,-0.8278816938400269,-0.017328975722193718,0.00655400799587369,0.007293109316378832,0.0,0.0,0.0,-0.012481643818318844,-0.019522257149219513,-0.010293465107679367,0.0,0.0,-0.010293466039001942,0.064394012093544,0.05026323348283768,0.02934996411204338,0.09827778488397598,0.15551410615444183,5.098217661725357e-05,0.0,0.0,0.0,-0.23287656903266907,10.088459968566895,0.0454254150390625,9.800445556640625,0.25309303402900696,-10.0,-9.880027770996094,14.67492389678955,2.0,2.0,17.789152145385742,0.30357420444488525,0.28977540135383606,0.30357420444488525,0.29590821266174316,0.0,0.30469265580177307,0.30469265580177307,0.30469265580177307,0.30469265580177307,0.0,-0.959823727607727,0.6948122978210449,-10.72630786895752,0.0,0.0,0.0,0.0,0.0,0.0,0.0,0.0,0.0,0.0,0.0,0.0,0.0,0.0,0.0,0.30469274520874023,0.30469274520874023,0.304692804813385,0.30469274520874023,0.33220455050468445,0.04114978387951851,0.04114978387951851,0.39053526520729065,0.4118903577327728,1.074061632156372,1.191715955734253,0.0,0.0,0.0,0.0,0.0,0.0,0.0
83778840205,0,-0.02080148085951805,-0.14620105922222137,-0.12788167595863342,-0.02080148085951805,-0.14620105922222137,-0.8278816938400269,-0.017328975722193718,0.00655400799587369,0.007293109316378832,0.0,0.0,0.0,-0.012481643818318844,-0.019522257149219513,-0.010293465107679367,0.0,0.0,-0.010293466039001942,0.064394012093544,0.05026323348283768,0.02934996411204338,0.09827778488397598,0.15551410615444183,5.098217661725357e-05,0.0,0.0,0.0,-0.23287656903266907,10.088459968566895,0.0454254150390625,9.800445556640625,0.25309303402900696,-10.0,-9.880027770996094,14.67492389678955,2.0,2.0,17.789152145385742,0.30357420444488525,0.28977540135383606,0.30357420444488525,0.29590821266174316,0.0,0.30469265580177307,0.30469265580177307,0.30469265580177307,0.30469265580177307,0.0,-0.959823727607727,0.6948122978210449,-10.72630786895752,0.0,0.0,0.0,0.0,0.0,0.0,0.0,0.0,0.0,0.0,0.0,0.0,0.0,0.0,0.0,0.30469274520874023,0.30469274520874023,0.304692804813385,0.30469274520874023,0.33220455050468445,0.04114978387951851,0.04114978387951851,0.39053526520729065,0.4118903577327728,1.074061632156372,1.191715955734253,0.0,0.0,0.0,0.0,0.0,0.0,0.0
83788927465,0,-0.02080148085951805,-0.14620105922222137,-0.12788167595863342,-0.02080148085951805,-0.14620105922222137,-0.8278816938400269,-0.017328975722193718,0.00655400799587369,0.007293109316378832,0.0,0.0,0.0,-0.012481643818318844,-0.019522257149219513,-0.010293465107679367,0.0,0.0,-0.010293466039001942,0.064394012093544,0.05026323348283768,0.02934996411204338,0.09827778488397598,0.15551410615444183,5.098217661725357e-05,0.0,0.0,0.0,-0.23287656903266907,10.088459968566895,0.0454254150390625,9.800445556640625,0.25309303402900696,-10.0,-9.880027770996094,14.67492389678955,2.0,2.0,17.789152145385742,0.30357420444488525,0.28977540135383606,0.30357420444488525,0.29590821266174316,0.0,0.30469265580177307,0.30469265580177307,0.30469265580177307,0.30469265580177307,0.0,-0.959823727607727,0.6948122978210449,-10.72630786895752,0.0,0.0,0.0,0.0,0.0,0.0,0.0,0.0,0.0,0.0,0.0,0.0,0.0,0.0,0.0,0.30469274520874023,0.30469274520874023,0.304692804813385,0.30469274520874023,0.33220455050468445,0.04114978387951851,0.04114978387951851,0.39053526520729065,0.4118903577327728,1.074061632156372,1.191715955734253,0.0,0.0,0.0,0.0,0.0,0.0,0.0
83798097062,0,-0.02080148085951805,-0.14620105922222137,-0.12788167595863342,-0.02080148085951805,-0.14620105922222137,-0.8278816938400269,-0.017328975722193718,0.00655400799587369,0.007293109316378832,0.0,0.0,0.0,-0.012481643818318844,-0.019522257149219513,-0.010293465107679367,0.0,0.0,-0.010293466039001942,0.064394012093544,0.05026323348283768,0.02934996411204338,0.09827778488397598,0.15551410615444183,5.098217661725357e-05,0.0,0.0,0.0,-0.23287656903266907,10.088459968566895,0.0454254150390625,9.800445556640625,0.25309303402900696,-10.0,-9.880027770996094,14.67492389678955,2.0,2.0,17.789152145385742,0.30357420444488525,0.28977540135383606,0.30357420444488525,0.29744139313697815,0.0,0.30469265580177307,0.30469265580177307,0.30469265580177307,0.30469265580177307,0.0,-0.959823727607727,0.6948122978210449,-10.72630786895752,0.0,0.0,0.0,0.0,0.0,0.0,0.0,0.0,0.0,0.0,0.0,0.0,0.0,0.0,0.0,0.30469274520874023,0.30469274520874023,0.304692804813385,0.30469274520874023,0.33220455050468445,0.04114978387951851,0.04114978387951851,0.39053526520729065,0.4118903577327728,1.074061632156372,1.191715955734253,0.0,0.0,0.0,0.0,0.0,0.0,0.0
83807783641,0,-0.02080148085951805,-0.14620105922222137,-0.12788167595863342,-0.02080148085951805,-0.14620105922222137,-0.8278816938400269,-0.017328975722193718,0.00655400799587369,0.007293109316378832,0.0,0.0,0.0,-0.012481643818318844,-0.019522257149219513,-0.010293465107679367,0.0,0.0,-0.010293466039001942,0.064394012093544,0.05026323348283768,0.02934996411204338,0.09827778488397598,0.15551410615444183,5.098217661725357e-05,0.0,0.0,0.0,-0.23287656903266907,10.088459968566895,0.0454254150390625,9.800445556640625,0.25309303402900696,-10.0,-9.880027770996094,14.67492389678955,2.0,2.0,17.789152145385742,0.30357420444488525,0.28977540135383606,0.30357420444488525,0.29590821266174316,0.0,0.30469265580177307,0.30469265580177307,0.30469265580177307,0.30469265580177307,0.0,-0.959823727607727,0.6948122978210449,-10.72630786895752,0.0,0.0,0.0,0.0,0.0,0.0,0.0,0.0,0.0,0.0,0.0,0.0,0.0,0.0,0.0,0.30469274520874023,0.30469274520874023,0.304692804813385,0.30469274520874023,0.33220455050468445,0.04114978387951851,0.04114978387951851,0.39053526520729065,0.4118903577327728,1.074061632156372,1.191715955734253,0.0,0.0,0.0,0.0,0.0,0.0,0.0
83818347776,0,-0.02080148085951805,-0.14620105922222137,-0.12788167595863342,-0.02080148085951805,-0.14620105922222137,-0.8278816938400269,-0.017328975722193718,0.00655400799587369,0.007293109316378832,0.0,0.0,0.0,-0.012481643818318844,-0.019522257149219513,-0.010293465107679367,0.0,0.0,-0.010293466039001942,0.064394012093544,0.05026323348283768,0.02934996411204338,0.09827778488397598,0.15551410615444183,5.098217661725357e-05,0.0,0.0,0.0,-0.23287656903266907,10.088459968566895,0.0454254150390625,9.800445556640625,0.25309303402900696,-10.0,-9.880027770996094,14.67492389678955,2.0,2.0,17.789152145385742,0.30357420444488525,0.28977540135383606,0.30357420444488525,0.29744139313697815,0.0,0.30469265580177307,0.30469265580177307,0.30469265580177307,0.30469265580177307,0.0,-0.959823727607727,0.6948122978210449,-10.72630786895752,0.0,0.0,0.0,0.0,0.0,0.0,0.0,0.0,0.0,0.0,0.0,0.0,0.0,0.0,0.0,0.30469274520874023,0.30469274520874023,0.304692804813385,0.30469274520874023,0.33220455050468445,0.04114978387951851,0.04114978387951851,0.39053526520729065,0.4118903577327728,1.074061632156372,1.191715955734253,0.0,0.0,0.0,0.0,0.0,0.0,0.0
83829156410,0,-0.02080148085951805,-0.14620105922222137,-0.12788167595863342,-0.02080148085951805,-0.14620105922222137,-0.8278816938400269,-0.017328975722193718,0.00655400799587369,0.007293109316378832,0.0,0.0,0.0,-0.012481643818318844,-0.019522257149219513,-0.010293465107679367,0.0,0.0,-0.010293466039001942,0.064394012093544,0.05026323348283768,0.02934996411204338,0.09827778488397598,0.15551410615444183,5.098217661725357e-05,0.0,0.0,0.0,-0.23287656903266907,10.088459968566895,0.0454254150390625,9.800445556640625,0.25309303402900696,-10.0,-9.880027770996094,14.67492389678955,2.0,2.0,17.789152145385742,0.30357420444488525,0.28977540135383606,0.30357420444488525,0.29744139313697815,0.0,0.30469265580177307,0.30469265580177307,0.30469265580177307,0.30469265580177307,0.0,-0.959823727607727,0.6948122978210449,-10.72630786895752,0.0,0.0,0.0,0.0,0.0,0.0,0.0,0.0,0.0,0.0,0.0,0.0,0.0,0.0,0.0,0.30469274520874023,0.30469274520874023,0.304692804813385,0.30469274520874023,0.33220455050468445,0.04114978387951851,0.04114978387951851,0.39053526520729065,0.4118903577327728,1.074061632156372,1.191715955734253,0.0,0.0,0.0,0.0,0.0,0.0,0.0
83837694036,0,-0.02080148085951805,-0.14620105922222137,-0.12788167595863342,-0.02080148085951805,-0.14620105922222137,-0.8278816938400269,-0.017328975722193718,0.00655400799587369,0.007293109316378832,0.0,0.0,0.0,-0.012481643818318844,-0.019522257149219513,-0.010293465107679367,0.0,0.0,-0.010293466039001942,0.064394012093544,0.05026323348283768,0.02934996411204338,0.09827778488397598,0.15551410615444183,5.098217661725357e-05,0.0,0.0,0.0,-0.23287656903266907,10.088459968566895,0.0454254150390625,9.800445556640625,0.25309303402900696,-10.0,-9.880027770996094,14.67492389678955,2.0,2.0,17.789152145385742,0.30357420444488525,0.28977540135383606,0.30357420444488525,0.29744139313697815,0.0,0.30469265580177307,0.30469265580177307,0.30469265580177307,0.30469265580177307,0.0,-0.959823727607727,0.6948122978210449,-10.72630786895752,0.0,0.0,0.0,0.0,0.0,0.0,0.0,0.0,0.0,0.0,0.0,0.0,0.0,0.0,0.0,0.30469274520874023,0.30469274520874023,0.304692804813385,0.30469274520874023,0.33220455050468445,0.04114978387951851,0.04114978387951851,0.39053526520729065,0.4118903577327728,1.074061632156372,1.191715955734253,0.0,0.0,0.0,0.0,0.0,0.0,0.0
83847276796,0,-0.02080148085951805,-0.14620105922222137,-0.12788167595863342,-0.02080148085951805,-0.14620105922222137,-0.8278816938400269,-0.017328975722193718,0.00655400799587369,0.007293109316378832,0.0,0.0,0.0,-0.012481643818318844,-0.019522257149219513,-0.010293465107679367,0.0,0.0,-0.010293466039001942,0.064394012093544,0.05026323348283768,0.02934996411204338,0.09827778488397598,0.15551410615444183,5.098217661725357e-05,0.0,0.0,0.0,-0.23287656903266907,10.088459968566895,0.0454254150390625,9.800445556640625,0.25309303402900696,-10.0,-9.880027770996094,14.67492389678955,2.0,2.0,17.789152145385742,0.30357420444488525,0.28977540135383606,0.30357420444488525,0.29744139313697815,0.0,0.30469265580177307,0.30469265580177307,0.30469265580177307,0.30469265580177307,0.0,-0.959823727607727,0.6948122978210449,-10.72630786895752,0.0,0.0,0.0,0.0,0.0,0.0,0.0,0.0,0.0,0.0,0.0,0.0,0.0,0.0,0.0,0.30469274520874023,0.30469274520874023,0.304692804813385,0.30469274520874023,0.33220455050468445,0.04114978387951851,0.04114978387951851,0.39053526520729065,0.4118903577327728,1.074061632156372,1.191715955734253,0.0,0.0,0.0,0.0,0.0,0.0,0.0
83857446951,0,-0.02080148085951805,-0.14620105922222137,-0.12788167595863342,-0.02080148085951805,-0.14620105922222137,-0.8278816938400269,-0.017328975722193718,0.00655400799587369,0.007293109316378832,0.0,0.0,0.0,-0.012481643818318844,-0.019522257149219513,-0.010293465107679367,0.0,0.0,-0.010293466039001942,0.064394012093544,0.05026323348283768,0.02934996411204338,0.09827778488397598,0.15551410615444183,5.098217661725357e-05,0.0,0.0,0.0,-0.23287656903266907,10.088459968566895,0.0454254150390625,9.800445556640625,0.25309303402900696,-10.0,-9.880027770996094,14.67492389678955,2.0,2.0,17.789152145385742,0.30357420444488525,0.28977540135383606,0.30357420444488525,0.29744139313697815,0.0,0.30469265580177307,0.30469265580177307,0.30469265580177307,0.30469265580177307,0.0,-0.959823727607727,0.6948122978210449,-10.72630786895752,0.0,0.0,0.0,0.0,0.0,0.0,0.0,0.0,0.0,0.0,0.0,0.0,0.0,0.0,0.0,0.30469274520874023,0.30469274520874023,0.304692804813385,0.30469274520874023,0.33220455050468445,0.04114978387951851,0.04114978387951851,0.39053526520729065,0.4118903577327728,1.074061632156372,1.191715955734253,0.0,0.0,0.0,0.0,0.0,0.0,0.0
83867625419,0,-0.02080148085951805,-0.14620105922222137,-0.12788167595863342,-0.02080148085951805,-0.14620105922222137,-0.8278816938400269,-0.017328975722193718,0.00655400799587369,0.007293109316378832,0.0,0.0,0.0,-0.012481643818318844,-0.019522257149219513,-0.010293465107679367,0.0,0.0,-0.010293466039001942,0.064394012093544,0.05026323348283768,0.02934996411204338,0.09827778488397598,0.15551410615444183,5.098217661725357e-05,0.0,0.0,0.0,-0.23287656903266907,10.088459968566895,0.0454254150390625,9.800445556640625,0.25309303402900696,-10.0,-9.880027770996094,14.67492389678955,2.0,2.0,17.789152145385742,0.30357420444488525,0.28977540135383606,0.30357420444488525,0.29744139313697815,0.0,0.30469265580177307,0.30469265580177307,0.30469265580177307,0.30469265580177307,0.0,-0.959823727607727,0.6948122978210449,-10.72630786895752,0.0,0.0,0.0,0.0,0.0,0.0,0.0,0.0,0.0,0.0,0.0,0.0,0.0,0.0,0.0,0.30469274520874023,0.30469274520874023,0.304692804813385,0.30469274520874023,0.33220455050468445,0.04114978387951851,0.04114978387951851,0.39053526520729065,0.4118903577327728,1.074061632156372,1.191715955734253,0.0,0.0,0.0,0.0,0.0,0.0,0.0
83878252597,0,-0.02080148085951805,-0.14620105922222137,-0.12788167595863342,-0.02080148085951805,-0.14620105922222137,-0.8278816938400269,-0.017328975722193718,0.00655400799587369,0.007293109316378832,0.0,0.0,0.0,-0.012481643818318844,-0.019522257149219513,-0.010293465107679367,0.0,0.0,-0.010293466039001942,0.064394012093544,0.05026323348283768,0.02934996411204338,0.09827778488397598,0.15551410615444183,5.098217661725357e-05,0.0,0.0,0.0,-0.23287656903266907,10.088459968566895,0.0454254150390625,9.800445556640625,0.25309303402900696,-10.0,-9.880027770996094,14.67492389678955,2.0,2.0,17.789152145385742,0.30357420444488525,0.28977540135383606,0.30204102396965027,0.29744139313697815,0.0,0.30469265580177307,0.30469265580177307,0.30469265580177307,0.30469265580177307,0.0,-0.959823727607727,0.6948122978210449,-10.72630786895752,0.0,0.0,0.0,0.0,0.0,0.0,0.0,0.0,0.0,0.0,0.0,0.0,0.0,0.0,0.0,0.30469274520874023,0.30469274520874023,0.304692804813385,0.30469274520874023,0.33220455050468445,0.04114978387951851,0.04114978387951851,0.39053526520729065,0.4118903577327728,1.074061632156372,1.191715955734253,0.0,0.0,0.0,0.0,0.0,0.0,0.0
83888033693,0,-0.02080148085951805,-0.14620105922222137,-0.12788167595863342,-0.02080148085951805,-0.14620105922222137,-0.8278816938400269,-0.017328975722193718,0.00655400799587369,0.007293109316378832,0.0,0.0,0.0,-0.012481643818318844,-0.019522257149219513,-0.010293465107679367,0.0,0.0,-0.010293466039001942,0.064394012093544,0.05026323348283768,0.02934996411204338,0.09827778488397598,0.15551410615444183,5.098217661725357e-05,0.0,0.0,0.0,-0.23287656903266907,10.088459968566895,0.0454254150390625,9.800445556640625,0.25309303402900696,-10.0,-9.880027770996094,14.67492389678955,2.0,2.0,17.789152145385742,0.30357420444488525,0.28977540135383606,0.30357420444488525,0.29590821266174316,0.0,0.30469265580177307,0.30469265580177307,0.30469265580177307,0.30469265580177307,0.0,-0.959823727607727,0.6948122978210449,-10.72630786895752,0.0,0.0,0.0,0.0,0.0,0.0,0.0,0.0,0.0,0.0,0.0,0.0,0.0,0.0,0.0,0.30469274520874023,0.30469274520874023,0.304692804813385,0.30469274520874023,0.33220455050468445,0.04114978387951851,0.04114978387951851,0.39053526520729065,0.4118903577327728,1.074061632156372,1.191715955734253,0.0,0.0,0.0,0.0,0.0,0.0,0.0
83898139623,0,-0.02080148085951805,-0.14620105922222137,-0.12788167595863342,-0.02080148085951805,-0.14620105922222137,-0.8278816938400269,-0.017328975722193718,0.00655400799587369,0.007293109316378832,0.0,0.0,0.0,-0.012481643818318844,-0.019522257149219513,-0.010293465107679367,0.0,0.0,-0.010293466039001942,0.064394012093544,0.05026323348283768,0.02934996411204338,0.09827778488397598,0.15551410615444183,5.098217661725357e-05,0.0,0.0,0.0,-0.23287656903266907,10.088459968566895,0.0454254150390625,9.800445556640625,0.25309303402900696,-10.0,-9.880027770996094,14.67492389678955,2.0,2.0,17.789152145385742,0.30357420444488525,0.28977540135383606,0.30357420444488525,0.29744139313697815,0.0,0.30469265580177307,0.30469265580177307,0.30469265580177307,0.30469265580177307,0.0,-0.959823727607727,0.6948122978210449,-10.72630786895752,0.0,0.0,0.0,0.0,0.0,0.0,0.0,0.0,0.0,0.0,0.0,0.0,0.0,0.0,0.0,0.30469274520874023,0.30469274520874023,0.304692804813385,0.30469274520874023,0.33220455050468445,0.04114978387951851,0.04114978387951851,0.39053526520729065,0.4118903577327728,1.074061632156372,1.191715955734253,0.0,0.0,0.0,0.0,0.0,0.0,0.0
83907595388,0,-0.02080148085951805,-0.14620105922222137,-0.12788167595863342,-0.02080148085951805,-0.14620105922222137,-0.8278816938400269,-0.017328975722193718,0.00655400799587369,0.007293109316378832,0.0,0.0,0.0,-0.012481643818318844,-0.019522257149219513,-0.010293465107679367,0.0,0.0,-0.010293466039001942,0.064394012093544,0.05026323348283768,0.02934996411204338,0.09827778488397598,0.15551410615444183,5.098217661725357e-05,0.0,0.0,0.0,-0.23287656903266907,10.088459968566895,0.0454254150390625,9.800445556640625,0.25309303402900696,-10.0,-9.880027770996094,14.67492389678955,2.0,2.0,17.789152145385742,0.30357420444488525,0.28977540135383606,0.30357420444488525,0.29744139313697815,0.0,0.30469265580177307,0.30469265580177307,0.30469265580177307,0.30469265580177307,0.0,-0.959823727607727,0.6948122978210449,-10.72630786895752,0.0,0.0,0.0,0.0,0.0,0.0,0.0,0.0,0.0,0.0,0.0,0.0,0.0,0.0,0.0,0.30469274520874023,0.30469274520874023,0.304692804813385,0.30469274520874023,0.33220455050468445,0.04114978387951851,0.04114978387951851,0.39053526520729065,0.4118903577327728,1.074061632156372,1.191715955734253,0.0,0.0,0.0,0.0,0.0,0.0,0.0
83917696866,0,-0.02080148085951805,-0.14620105922222137,-0.12788167595863342,-0.02080148085951805,-0.14620105922222137,-0.8278816938400269,-0.017328975722193718,0.00655400799587369,0.007293109316378832,0.0,0.0,0.0,-0.012481643818318844,-0.019522257149219513,-0.010293465107679367,0.0,0.0,-0.010293466039001942,0.064394012093544,0.05026323348283768,0.02934996411204338,0.09827778488397598,0.15551410615444183,5.098217661725357e-05,0.0,0.0,0.0,-0.23287656903266907,10.088459968566895,0.0454254150390625,9.800445556640625,0.25309303402900696,-10.0,-9.880027770996094,14.67492389678955,2.0,2.0,17.789152145385742,0.30357420444488525,0.28977540135383606,0.30357420444488525,0.29590821266174316,0.0,0.30469265580177307,0.30469265580177307,0.30469265580177307,0.30469265580177307,0.0,-0.959823727607727,0.6948122978210449,-10.72630786895752,0.0,0.0,0.0,0.0,0.0,0.0,0.0,0.0,0.0,0.0,0.0,0.0,0.0,0.0,0.0,0.30469274520874023,0.30469274520874023,0.304692804813385,0.30469274520874023,0.33220455050468445,0.04114978387951851,0.04114978387951851,0.39053526520729065,0.4118903577327728,1.074061632156372,1.191715955734253,0.0,0.0,0.0,0.0,0.0,0.0,0.0
83928675672,0,-0.02080148085951805,-0.14620105922222137,-0.12788167595863342,-0.02080148085951805,-0.14620105922222137,-0.8278816938400269,-0.017328975722193718,0.00655400799587369,0.007293109316378832,0.0,0.0,0.0,-0.012481643818318844,-0.019522257149219513,-0.010293465107679367,0.0,0.0,-0.010293466039001942,0.064394012093544,0.05026323348283768,0.02934996411204338,0.09827778488397598,0.15551410615444183,5.098217661725357e-05,0.0,0.0,0.0,-0.23287656903266907,10.088459968566895,0.0454254150390625,9.800445556640625,0.25309303402900696,-10.0,-9.880027770996094,14.67492389678955,2.0,2.0,17.789152145385742,0.30357420444488525,0.28977540135383606,0.30357420444488525,0.29590821266174316,0.0,0.30469265580177307,0.30469265580177307,0.30469265580177307,0.30469265580177307,0.0,-0.959823727607727,0.6948122978210449,-10.72630786895752,0.0,0.0,0.0,0.0,0.0,0.0,0.0,0.0,0.0,0.0,0.0,0.0,0.0,0.0,0.0,0.30469274520874023,0.30469274520874023,0.304692804813385,0.30469274520874023,0.33220455050468445,0.04114978387951851,0.04114978387951851,0.39053526520729065,0.4118903577327728,1.074061632156372,1.191715955734253,0.0,0.0,0.0,0.0,0.0,0.0,0.0
83938680022,0,-0.02080148085951805,-0.14620105922222137,-0.12788167595863342,-0.02080148085951805,-0.14620105922222137,-0.8278816938400269,-0.017328975722193718,0.00655400799587369,0.007293109316378832,0.0,0.0,0.0,-0.012481643818318844,-0.019522257149219513,-0.010293465107679367,0.0,0.0,-0.010293466039001942,0.064394012093544,0.05026323348283768,0.02934996411204338,0.09827778488397598,0.15551410615444183,5.098217661725357e-05,0.0,0.0,0.0,-0.23287656903266907,10.088459968566895,0.0454254150390625,9.800445556640625,0.25309303402900696,-10.0,-9.880027770996094,14.67492389678955,2.0,2.0,17.789152145385742,0.30357420444488525,0.28977540135383606,0.30357420444488525,0.29590821266174316,0.0,0.30469265580177307,0.30469265580177307,0.30469265580177307,0.30469265580177307,0.0,-0.959823727607727,0.6948122978210449,-10.72630786895752,0.0,0.0,0.0,0.0,0.0,0.0,0.0,0.0,0.0,0.0,0.0,0.0,0.0,0.0,0.0,0.30469274520874023,0.30469274520874023,0.304692804813385,0.30469274520874023,0.33220455050468445,0.04114978387951851,0.04114978387951851,0.39053526520729065,0.4118903577327728,1.074061632156372,1.191715955734253,0.0,0.0,0.0,0.0,0.0,0.0,0.0
83949809707,0,-0.02080148085951805,-0.14620105922222137,-0.12788167595863342,-0.02080148085951805,-0.14620105922222137,-0.8278816938400269,-0.017328975722193718,0.00655400799587369,0.007293109316378832,0.0,0.0,0.0,-0.012481643818318844,-0.019522257149219513,-0.010293465107679367,0.0,0.0,-0.010293466039001942,0.064394012093544,0.05026323348283768,0.02934996411204338,0.09827778488397598,0.15551410615444183,5.098217661725357e-05,0.0,0.0,0.0,-0.23287656903266907,10.088459968566895,0.0454254150390625,9.800445556640625,0.25309303402900696,-10.0,-9.880027770996094,14.67492389678955,2.0,2.0,17.789152145385742,0.30357420444488525,0.28977540135383606,0.30357420444488525,0.29744139313697815,0.0,0.30469265580177307,0.30469265580177307,0.30469265580177307,0.30469265580177307,0.0,-0.959823727607727,0.6948122978210449,-10.72630786895752,0.0,0.0,0.0,0.0,0.0,0.0,0.0,0.0,0.0,0.0,0.0,0.0,0.0,0.0,0.0,0.30469274520874023,0.30469274520874023,0.304692804813385,0.30469274520874023,0.33220455050468445,0.04114978387951851,0.04114978387951851,0.39053526520729065,0.4118903577327728,1.074061632156372,1.191715955734253,0.0,0.0,0.0,0.0,0.0,0.0,0.0
83960163884,0,-0.02080148085951805,-0.14620105922222137,-0.12788167595863342,-0.02080148085951805,-0.14620105922222137,-0.8278816938400269,-0.017328975722193718,0.00655400799587369,0.007293109316378832,0.0,0.0,0.0,-0.012481643818318844,-0.019522257149219513,-0.010293465107679367,0.0,0.0,-0.010293466039001942,0.064394012093544,0.05026323348283768,0.02934996411204338,0.09827778488397598,0.15551410615444183,5.098217661725357e-05,0.0,0.0,0.0,-0.23287656903266907,10.088459968566895,0.0454254150390625,9.800445556640625,0.25309303402900696,-10.0,-9.880027770996094,14.67492389678955,2.0,2.0,17.789152145385742,0.30357420444488525,0.28977540135383606,0.30357420444488525,0.29744139313697815,0.0,0.30469265580177307,0.30469265580177307,0.30469265580177307,0.30469265580177307,0.0,-0.959823727607727,0.6948122978210449,-10.72630786895752,0.0,0.0,0.0,0.0,0.0,0.0,0.0,0.0,0.0,0.0,0.0,0.0,0.0,0.0,0.0,0.30469274520874023,0.30469274520874023,0.304692804813385,0.30469274520874023,0.33220455050468445,0.04114978387951851,0.04114978387951851,0.39053526520729065,0.4118903577327728,1.074061632156372,1.191715955734253,0.0,0.0,0.0,0.0,0.0,0.0,0.0
83968754957,0,-0.02080148085951805,-0.14620105922222137,-0.12788167595863342,-0.02080148085951805,-0.14620105922222137,-0.8278816938400269,-0.017328975722193718,0.00655400799587369,0.007293109316378832,0.0,0.0,0.0,-0.012481643818318844,-0.019522257149219513,-0.010293465107679367,0.0,0.0,-0.010293466039001942,0.064394012093544,0.05026323348283768,0.02934996411204338,0.09827778488397598,0.15551410615444183,5.098217661725357e-05,0.0,0.0,0.0,-0.23287656903266907,10.088459968566895,0.0454254150390625,9.800445556640625,0.25309303402900696,-10.0,-9.880027770996094,14.67492389678955,2.0,2.0,17.789152145385742,0.30357420444488525,0.28977540135383606,0.30357420444488525,0.29590821266174316,0.0,0.30469265580177307,0.30469265580177307,0.30469265580177307,0.30469265580177307,0.0,-0.959823727607727,0.6948122978210449,-10.72630786895752,0.0,0.0,0.0,0.0,0.0,0.0,0.0,0.0,0.0,0.0,0.0,0.0,0.0,0.0,0.0,0.30469274520874023,0.30469274520874023,0.304692804813385,0.30469274520874023,0.33220455050468445,0.04114978387951851,0.04114978387951851,0.39053526520729065,0.4118903577327728,1.074061632156372,1.191715955734253,0.0,0.0,0.0,0.0,0.0,0.0,0.0
83978264956,0,-0.02080148085951805,-0.14620105922222137,-0.12788167595863342,-0.02080148085951805,-0.14620105922222137,-0.8278816938400269,-0.017328975722193718,0.00655400799587369,0.007293109316378832,0.0,0.0,0.0,-0.012481643818318844,-0.019522257149219513,-0.010293465107679367,0.0,0.0,-0.010293466039001942,0.064394012093544,0.05026323348283768,0.02934996411204338,0.09827778488397598,0.15551410615444183,5.098217661725357e-05,0.0,0.0,0.0,-0.23287656903266907,10.088459968566895,0.0454254150390625,9.800445556640625,0.25309303402900696,-10.0,-9.880027770996094,14.67492389678955,2.0,2.0,17.789152145385742,0.30357420444488525,0.28977540135383606,0.30357420444488525,0.29744139313697815,0.0,0.30469265580177307,0.30469265580177307,0.30469265580177307,0.30469265580177307,0.0,-0.959823727607727,0.6948122978210449,-10.72630786895752,0.0,0.0,0.0,0.0,0.0,0.0,0.0,0.0,0.0,0.0,0.0,0.0,0.0,0.0,0.0,0.30469274520874023,0.30469274520874023,0.304692804813385,0.30469274520874023,0.33220455050468445,0.04114978387951851,0.04114978387951851,0.39053526520729065,0.4118903577327728,1.074061632156372,1.191715955734253,0.0,0.0,0.0,0.0,0.0,0.0,0.0
83988733942,0,-0.02080148085951805,-0.14620105922222137,-0.12788167595863342,-0.02080148085951805,-0.14620105922222137,-0.8278816938400269,-0.017328975722193718,0.00655400799587369,0.007293109316378832,0.0,0.0,0.0,-0.012481643818318844,-0.019522257149219513,-0.010293465107679367,0.0,0.0,-0.010293466039001942,0.064394012093544,0.05026323348283768,0.02934996411204338,0.09827778488397598,0.15551410615444183,5.098217661725357e-05,0.0,0.0,0.0,-0.23287656903266907,10.088459968566895,0.0454254150390625,9.800445556640625,0.25309303402900696,-10.0,-9.880027770996094,14.67492389678955,2.0,2.0,17.789152145385742,0.30357420444488525,0.28977540135383606,0.30204102396965027,0.29590821266174316,0.0,0.30469265580177307,0.30469265580177307,0.30469265580177307,0.30469265580177307,0.0,-0.959823727607727,0.6948122978210449,-10.72630786895752,0.0,0.0,0.0,0.0,0.0,0.0,0.0,0.0,0.0,0.0,0.0,0.0,0.0,0.0,0.0,0.30469274520874023,0.30469274520874023,0.304692804813385,0.30469274520874023,0.33220455050468445,0.04114978387951851,0.04114978387951851,0.39053526520729065,0.4118903577327728,1.074061632156372,1.191715955734253,0.0,0.0,0.0,0.0,0.0,0.0,0.0
83998926964,0,-0.02080148085951805,-0.14620105922222137,-0.12788167595863342,-0.02080148085951805,-0.14620105922222137,-0.8278816938400269,-0.017328975722193718,0.00655400799587369,0.007293109316378832,0.0,0.0,0.0,-0.012481643818318844,-0.019522257149219513,-0.010293465107679367,0.0,0.0,-0.010293466039001942,0.064394012093544,0.05026323348283768,0.02934996411204338,0.09827778488397598,0.15551410615444183,5.098217661725357e-05,0.0,0.0,0.0,-0.23287656903266907,10.088459968566895,0.0454254150390625,9.800445556640625,0.25309303402900696,-10.0,-9.880027770996094,14.67492389678955,2.0,2.0,17.789152145385742,0.30357420444488525,0.28977540135383606,0.30357420444488525,0.29744139313697815,0.0,0.30469265580177307,0.30469265580177307,0.30469265580177307,0.30469265580177307,0.0,-0.959823727607727,0.6948122978210449,-10.72630786895752,0.0,0.0,0.0,0.0,0.0,0.0,0.0,0.0,0.0,0.0,0.0,0.0,0.0,0.0,0.0,0.30469274520874023,0.30469274520874023,0.304692804813385,0.30469274520874023,0.33220455050468445,0.04114978387951851,0.04114978387951851,0.39053526520729065,0.4118903577327728,1.074061632156372,1.191715955734253,0.0,0.0,0.0,0.0,0.0,0.0,0.0
84010994605,0,-0.02080148085951805,-0.14620105922222137,-0.12788167595863342,-0.02080148085951805,-0.14620105922222137,-0.8278816938400269,-0.017328975722193718,0.00655400799587369,0.007293109316378832,0.0,0.0,0.0,-0.012481643818318844,-0.019522257149219513,-0.010293465107679367,0.0,0.0,-0.010293466039001942,0.064394012093544,0.05026323348283768,0.02934996411204338,0.09827778488397598,0.15551410615444183,5.098217661725357e-05,0.0,0.0,0.0,-0.23287656903266907,10.088459968566895,0.0454254150390625,9.800445556640625,0.25309303402900696,-10.0,-9.880027770996094,14.67492389678955,2.0,2.0,17.789152145385742,0.30357420444488525,0.28977540135383606,0.30357420444488525,0.29590821266174316,0.0,0.30469265580177307,0.30469265580177307,0.30469265580177307,0.30469265580177307,0.0,-0.959823727607727,0.6948122978210449,-10.72630786895752,0.0,0.0,0.0,0.0,0.0,0.0,0.0,0.0,0.0,0.0,0.0,0.0,0.0,0.0,0.0,0.30469274520874023,0.30469274520874023,0.304692804813385,0.30469274520874023,0.33220455050468445,0.04114978387951851,0.04114978387951851,0.39053526520729065,0.4118903577327728,1.074061632156372,1.191715955734253,0.0,0.0,0.0,0.0,0.0,0.0,0.0
84018178394,0,-0.02080148085951805,-0.14620105922222137,-0.12788167595863342,-0.02080148085951805,-0.14620105922222137,-0.8278816938400269,-0.017328975722193718,0.00655400799587369,0.007293109316378832,0.0,0.0,0.0,-0.012481643818318844,-0.019522257149219513,-0.010293465107679367,0.0,0.0,-0.010293466039001942,0.064394012093544,0.05026323348283768,0.02934996411204338,0.09827778488397598,0.15551410615444183,5.098217661725357e-05,0.0,0.0,0.0,-0.23287656903266907,10.088459968566895,0.0454254150390625,9.800445556640625,0.25309303402900696,-10.0,-9.880027770996094,14.67492389678955,2.0,2.0,17.789152145385742,0.30357420444488525,0.28977540135383606,0.30357420444488525,0.29590821266174316,0.0,0.30469265580177307,0.30469265580177307,0.30469265580177307,0.30469265580177307,0.0,-0.959823727607727,0.6948122978210449,-10.72630786895752,0.0,0.0,0.0,0.0,0.0,0.0,0.0,0.0,0.0,0.0,0.0,0.0,0.0,0.0,0.0,0.30469274520874023,0.30469274520874023,0.304692804813385,0.30469274520874023,0.33220455050468445,0.04114978387951851,0.04114978387951851,0.39053526520729065,0.4118903577327728,1.074061632156372,1.191715955734253,0.0,0.0,0.0,0.0,0.0,0.0,0.0
84030592252,0,-0.02080148085951805,-0.14620105922222137,-0.12788167595863342,-0.02080148085951805,-0.14620105922222137,-0.8278816938400269,-0.017328975722193718,0.00655400799587369,0.007293109316378832,0.0,0.0,0.0,-0.012481643818318844,-0.019522257149219513,-0.010293465107679367,0.0,0.0,-0.010293466039001942,0.064394012093544,0.05026323348283768,0.02934996411204338,0.09827778488397598,0.15551410615444183,5.098217661725357e-05,0.0,0.0,0.0,-0.23287656903266907,10.088459968566895,0.0454254150390625,9.800445556640625,0.25309303402900696,-10.0,-9.880027770996094,14.67492389678955,2.0,2.0,17.789152145385742,0.30357420444488525,0.28977540135383606,0.30357420444488525,0.29744139313697815,0.0,0.30469265580177307,0.30469265580177307,0.30469265580177307,0.30469265580177307,0.0,-0.959823727607727,0.6948122978210449,-10.72630786895752,0.0,0.0,0.0,0.0,0.0,0.0,0.0,0.0,0.0,0.0,0.0,0.0,0.0,0.0,0.0,0.30469274520874023,0.30469274520874023,0.304692804813385,0.30469274520874023,0.33220455050468445,0.04114978387951851,0.04114978387951851,0.39053526520729065,0.4118903577327728,1.074061632156372,1.191715955734253,0.0,0.0,0.0,0.0,0.0,0.0,0.0
84038336496,0,-0.02080148085951805,-0.14620105922222137,-0.12788167595863342,-0.02080148085951805,-0.14620105922222137,-0.8278816938400269,-0.017328975722193718,0.00655400799587369,0.007293109316378832,0.0,0.0,0.0,-0.012481643818318844,-0.019522257149219513,-0.010293465107679367,0.0,0.0,-0.010293466039001942,0.064394012093544,0.05026323348283768,0.02934996411204338,0.09827778488397598,0.15551410615444183,5.098217661725357e-05,0.0,0.0,0.0,-0.23287656903266907,10.088459968566895,0.0454254150390625,9.800445556640625,0.25309303402900696,-10.0,-9.880027770996094,14.67492389678955,2.0,2.0,17.789152145385742,0.30357420444488525,0.28977540135383606,0.30357420444488525,0.29590821266174316,0.0,0.30469265580177307,0.30469265580177307,0.30469265580177307,0.30469265580177307,0.0,-0.959823727607727,0.6948122978210449,-10.72630786895752,0.0,0.0,0.0,0.0,0.0,0.0,0.0,0.0,0.0,0.0,0.0,0.0,0.0,0.0,0.0,0.30469274520874023,0.30469274520874023,0.304692804813385,0.30469274520874023,0.33220455050468445,0.04114978387951851,0.04114978387951851,0.39053526520729065,0.4118903577327728,1.074061632156372,1.191715955734253,0.0,0.0,0.0,0.0,0.0,0.0,0.0
84048433753,0,-0.02080148085951805,-0.14620105922222137,-0.12788167595863342,-0.02080148085951805,-0.14620105922222137,-0.8278816938400269,-0.017328975722193718,0.00655400799587369,0.007293109316378832,0.0,0.0,0.0,-0.012481643818318844,-0.019522257149219513,-0.010293465107679367,0.0,0.0,-0.010293466039001942,0.064394012093544,0.05026323348283768,0.02934996411204338,0.09827778488397598,0.15551410615444183,5.098217661725357e-05,0.0,0.0,0.0,-0.23287656903266907,10.088459968566895,0.0454254150390625,9.800445556640625,0.25309303402900696,-10.0,-9.880027770996094,14.67492389678955,2.0,2.0,17.789152145385742,0.30357420444488525,0.28977540135383606,0.30357420444488525,0.29744139313697815,0.0,0.30469265580177307,0.30469265580177307,0.30469265580177307,0.30469265580177307,0.0,-0.959823727607727,0.6948122978210449,-10.72630786895752,0.0,0.0,0.0,0.0,0.0,0.0,0.0,0.0,0.0,0.0,0.0,0.0,0.0,0.0,0.0,0.30469274520874023,0.30469274520874023,0.304692804813385,0.30469274520874023,0.33220455050468445,0.04114978387951851,0.04114978387951851,0.39053526520729065,0.4118903577327728,1.074061632156372,1.191715955734253,0.0,0.0,0.0,0.0,0.0,0.0,0.0
84058588675,0,-0.02080148085951805,-0.14620105922222137,-0.12788167595863342,-0.02080148085951805,-0.14620105922222137,-0.8278816938400269,-0.017328975722193718,0.00655400799587369,0.007293109316378832,0.0,0.0,0.0,-0.012481643818318844,-0.019522257149219513,-0.010293465107679367,0.0,0.0,-0.010293466039001942,0.064394012093544,0.05026323348283768,0.02934996411204338,0.09827778488397598,0.15551410615444183,5.098217661725357e-05,0.0,0.0,0.0,-0.23287656903266907,10.088459968566895,0.0454254150390625,9.800445556640625,0.25309303402900696,-10.0,-9.880027770996094,14.67492389678955,2.0,2.0,17.789152145385742,0.30357420444488525,0.28977540135383606,0.30357420444488525,0.29590821266174316,0.0,0.30469265580177307,0.30469265580177307,0.30469265580177307,0.30469265580177307,0.0,-0.959823727607727,0.6948122978210449,-10.72630786895752,0.0,0.0,0.0,0.0,0.0,0.0,0.0,0.0,0.0,0.0,0.0,0.0,0.0,0.0,0.0,0.30469274520874023,0.30469274520874023,0.304692804813385,0.30469274520874023,0.33220455050468445,0.04114978387951851,0.04114978387951851,0.39053526520729065,0.4118903577327728,1.074061632156372,1.191715955734253,0.0,0.0,0.0,0.0,0.0,0.0,0.0
84069656997,0,-0.02080148085951805,-0.14620105922222137,-0.12788167595863342,-0.02080148085951805,-0.14620105922222137,-0.8278816938400269,-0.017328975722193718,0.00655400799587369,0.007293109316378832,0.0,0.0,0.0,-0.012481643818318844,-0.019522257149219513,-0.010293465107679367,0.0,0.0,-0.010293466039001942,0.064394012093544,0.05026323348283768,0.02934996411204338,0.09827778488397598,0.15551410615444183,5.098217661725357e-05,0.0,0.0,0.0,-0.23287656903266907,10.088459968566895,0.0454254150390625,9.800445556640625,0.25309303402900696,-10.0,-9.880027770996094,14.67492389678955,2.0,2.0,17.789152145385742,0.30357420444488525,0.28977540135383606,0.30357420444488525,0.29744139313697815,0.0,0.30469265580177307,0.30469265580177307,0.30469265580177307,0.30469265580177307,0.0,-0.959823727607727,0.6948122978210449,-10.72630786895752,0.0,0.0,0.0,0.0,0.0,0.0,0.0,0.0,0.0,0.0,0.0,0.0,0.0,0.0,0.0,0.30469274520874023,0.30469274520874023,0.304692804813385,0.30469274520874023,0.33220455050468445,0.04114978387951851,0.04114978387951851,0.39053526520729065,0.4118903577327728,1.074061632156372,1.191715955734253,0.0,0.0,0.0,0.0,0.0,0.0,0.0
84078469219,0,-0.02080148085951805,-0.14620105922222137,-0.12788167595863342,-0.02080148085951805,-0.14620105922222137,-0.8278816938400269,-0.017328975722193718,0.00655400799587369,0.007293109316378832,0.0,0.0,0.0,-0.012481643818318844,-0.019522257149219513,-0.010293465107679367,0.0,0.0,-0.010293466039001942,0.064394012093544,0.05026323348283768,0.02934996411204338,0.09827778488397598,0.15551410615444183,5.098217661725357e-05,0.0,0.0,0.0,-0.23287656903266907,10.088459968566895,0.0454254150390625,9.800445556640625,0.25309303402900696,-10.0,-9.880027770996094,14.67492389678955,2.0,2.0,17.789152145385742,0.30357420444488525,0.28977540135383606,0.30357420444488525,0.29744139313697815,0.0,0.30469265580177307,0.30469265580177307,0.30469265580177307,0.30469265580177307,0.0,-0.959823727607727,0.6948122978210449,-10.72630786895752,0.0,0.0,0.0,0.0,0.0,0.0,0.0,0.0,0.0,0.0,0.0,0.0,0.0,0.0,0.0,0.30469274520874023,0.30469274520874023,0.304692804813385,0.30469274520874023,0.33220455050468445,0.04114978387951851,0.04114978387951851,0.39053526520729065,0.4118903577327728,1.074061632156372,1.191715955734253,0.0,0.0,0.0,0.0,0.0,0.0,0.0
84088207080,0,-0.02080148085951805,-0.14620105922222137,-0.12788167595863342,-0.02080148085951805,-0.14620105922222137,-0.8278816938400269,-0.017328975722193718,0.00655400799587369,0.007293109316378832,0.0,0.0,0.0,-0.012481643818318844,-0.019522257149219513,-0.010293465107679367,0.0,0.0,-0.010293466039001942,0.064394012093544,0.05026323348283768,0.02934996411204338,0.09827778488397598,0.15551410615444183,5.098217661725357e-05,0.0,0.0,0.0,-0.23287656903266907,10.088459968566895,0.0454254150390625,9.800445556640625,0.25309303402900696,-10.0,-9.880027770996094,14.67492389678955,2.0,2.0,17.789152145385742,0.30357420444488525,0.28977540135383606,0.30357420444488525,0.29590821266174316,0.0,0.30469265580177307,0.30469265580177307,0.30469265580177307,0.30469265580177307,0.0,-0.959823727607727,0.6948122978210449,-10.72630786895752,0.0,0.0,0.0,0.0,0.0,0.0,0.0,0.0,0.0,0.0,0.0,0.0,0.0,0.0,0.0,0.30469274520874023,0.30469274520874023,0.304692804813385,0.30469274520874023,0.33220455050468445,0.04114978387951851,0.04114978387951851,0.39053526520729065,0.4118903577327728,1.074061632156372,1.191715955734253,0.0,0.0,0.0,0.0,0.0,0.0,0.0
84098268134,0,-0.02080148085951805,-0.14620105922222137,-0.12788167595863342,-0.02080148085951805,-0.14620105922222137,-0.8278816938400269,-0.017328975722193718,0.00655400799587369,0.007293109316378832,0.0,0.0,0.0,-0.012481643818318844,-0.019522257149219513,-0.010293465107679367,0.0,0.0,-0.010293466039001942,0.064394012093544,0.05026323348283768,0.02934996411204338,0.09827778488397598,0.15551410615444183,5.098217661725357e-05,0.0,0.0,0.0,-0.23287656903266907,10.088459968566895,0.0454254150390625,9.800445556640625,0.25309303402900696,-10.0,-9.880027770996094,14.67492389678955,2.0,2.0,17.789152145385742,0.30357420444488525,0.28977540135383606,0.30357420444488525,0.29744139313697815,0.0,0.30469265580177307,0.30469265580177307,0.30469265580177307,0.30469265580177307,0.0,-0.959823727607727,0.6948122978210449,-10.72630786895752,0.0,0.0,0.0,0.0,0.0,0.0,0.0,0.0,0.0,0.0,0.0,0.0,0.0,0.0,0.0,0.30469274520874023,0.30469274520874023,0.304692804813385,0.30469274520874023,0.33220455050468445,0.04114978387951851,0.04114978387951851,0.39053526520729065,0.4118903577327728,1.074061632156372,1.191715955734253,0.0,0.0,0.0,0.0,0.0,0.0,0.0
84114033379,0,-0.02080148085951805,-0.14620105922222137,-0.12788167595863342,-0.02080148085951805,-0.14620105922222137,-0.8278816938400269,-0.017328975722193718,0.00655400799587369,0.007293109316378832,0.0,0.0,0.0,-0.012481643818318844,-0.019522257149219513,-0.010293465107679367,0.0,0.0,-0.010293466039001942,0.064394012093544,0.05026323348283768,0.02934996411204338,0.09827778488397598,0.15551410615444183,5.098217661725357e-05,0.0,0.0,0.0,-0.23287656903266907,10.088459968566895,0.0454254150390625,9.800445556640625,0.25309303402900696,-10.0,-9.880027770996094,14.67492389678955,2.0,2.0,17.789152145385742,0.30357420444488525,0.28977540135383606,0.30357420444488525,0.29744139313697815,0.0,0.30469265580177307,0.30469265580177307,0.30469265580177307,0.30469265580177307,0.0,-0.959823727607727,0.6948122978210449,-10.72630786895752,0.0,0.0,0.0,0.0,0.0,0.0,0.0,0.0,0.0,0.0,0.0,0.0,0.0,0.0,0.0,0.30469274520874023,0.30469274520874023,0.304692804813385,0.30469274520874023,0.33220455050468445,0.04114978387951851,0.04114978387951851,0.39053526520729065,0.4118903577327728,1.074061632156372,1.191715955734253,0.0,0.0,0.0,0.0,0.0,0.0,0.0
84118301748,0,-0.02080148085951805,-0.14620105922222137,-0.12788167595863342,-0.02080148085951805,-0.14620105922222137,-0.8278816938400269,-0.017328975722193718,0.00655400799587369,0.007293109316378832,0.0,0.0,0.0,-0.012481643818318844,-0.019522257149219513,-0.010293465107679367,0.0,0.0,-0.010293466039001942,0.064394012093544,0.05026323348283768,0.02934996411204338,0.09827778488397598,0.15551410615444183,5.098217661725357e-05,0.0,0.0,0.0,-0.23287656903266907,10.088459968566895,0.0454254150390625,9.800445556640625,0.25309303402900696,-10.0,-9.880027770996094,14.67492389678955,2.0,2.0,17.789152145385742,0.30357420444488525,0.28977540135383606,0.30357420444488525,0.29590821266174316,0.0,0.30469265580177307,0.30469265580177307,0.30469265580177307,0.30469265580177307,0.0,-0.959823727607727,0.6948122978210449,-10.72630786895752,0.0,0.0,0.0,0.0,0.0,0.0,0.0,0.0,0.0,0.0,0.0,0.0,0.0,0.0,0.0,0.30469274520874023,0.30469274520874023,0.304692804813385,0.30469274520874023,0.33220455050468445,0.04114978387951851,0.04114978387951851,0.39053526520729065,0.4118903577327728,1.074061632156372,1.191715955734253,0.0,0.0,0.0,0.0,0.0,0.0,0.0
84128205369,0,-0.02080148085951805,-0.14620105922222137,-0.12788167595863342,-0.02080148085951805,-0.14620105922222137,-0.8278816938400269,-0.017328975722193718,0.00655400799587369,0.007293109316378832,0.0,0.0,0.0,-0.012481643818318844,-0.019522257149219513,-0.010293465107679367,0.0,0.0,-0.010293466039001942,0.064394012093544,0.05026323348283768,0.02934996411204338,0.09827778488397598,0.15551410615444183,5.098217661725357e-05,0.0,0.0,0.0,-0.23287656903266907,10.088459968566895,0.0454254150390625,9.800445556640625,0.25309303402900696,-10.0,-9.880027770996094,14.67492389678955,2.0,2.0,17.789152145385742,0.30357420444488525,0.28977540135383606,0.30357420444488525,0.29590821266174316,0.0,0.30469265580177307,0.30469265580177307,0.30469265580177307,0.30469265580177307,0.0,-0.959823727607727,0.6948122978210449,-10.72630786895752,0.0,0.0,0.0,0.0,0.0,0.0,0.0,0.0,0.0,0.0,0.0,0.0,0.0,0.0,0.0,0.30469274520874023,0.30469274520874023,0.304692804813385,0.30469274520874023,0.33220455050468445,0.04114978387951851,0.04114978387951851,0.39053526520729065,0.4118903577327728,1.074061632156372,1.191715955734253,0.0,0.0,0.0,0.0,0.0,0.0,0.0
84138386888,0,-0.02080148085951805,-0.14620105922222137,-0.12788167595863342,-0.02080148085951805,-0.14620105922222137,-0.8278816938400269,-0.017328975722193718,0.00655400799587369,0.007293109316378832,0.0,0.0,0.0,-0.012481643818318844,-0.019522257149219513,-0.010293465107679367,0.0,0.0,-0.010293466039001942,0.064394012093544,0.05026323348283768,0.02934996411204338,0.09827778488397598,0.15551410615444183,5.098217661725357e-05,0.0,0.0,0.0,-0.23287656903266907,10.088459968566895,0.0454254150390625,9.800445556640625,0.25309303402900696,-10.0,-9.880027770996094,14.67492389678955,2.0,2.0,17.789152145385742,0.30357420444488525,0.28977540135383606,0.30357420444488525,0.29590821266174316,0.0,0.30469265580177307,0.30469265580177307,0.30469265580177307,0.30469265580177307,0.0,-0.959823727607727,0.6948122978210449,-10.72630786895752,0.0,0.0,0.0,0.0,0.0,0.0,0.0,0.0,0.0,0.0,0.0,0.0,0.0,0.0,0.0,0.30469274520874023,0.30469274520874023,0.304692804813385,0.30469274520874023,0.33220455050468445,0.04114978387951851,0.04114978387951851,0.39053526520729065,0.4118903577327728,1.074061632156372,1.191715955734253,0.0,0.0,0.0,0.0,0.0,0.0,0.0
84149293226,0,-0.02080148085951805,-0.14620105922222137,-0.12788167595863342,-0.02080148085951805,-0.14620105922222137,-0.8278816938400269,-0.017328975722193718,0.00655400799587369,0.007293109316378832,0.0,0.0,0.0,-0.012481643818318844,-0.019522257149219513,-0.010293465107679367,0.0,0.0,-0.010293466039001942,0.064394012093544,0.05026323348283768,0.02934996411204338,0.09827778488397598,0.15551410615444183,5.098217661725357e-05,0.0,0.0,0.0,-0.23287656903266907,10.088459968566895,0.0454254150390625,9.800445556640625,0.25309303402900696,-10.0,-9.880027770996094,14.67492389678955,2.0,2.0,17.789152145385742,0.30357420444488525,0.28977540135383606,0.30357420444488525,0.29744139313697815,0.0,0.30469265580177307,0.30469265580177307,0.30469265580177307,0.30469265580177307,0.0,-0.959823727607727,0.6948122978210449,-10.72630786895752,0.0,0.0,0.0,0.0,0.0,0.0,0.0,0.0,0.0,0.0,0.0,0.0,0.0,0.0,0.0,0.30469274520874023,0.30469274520874023,0.304692804813385,0.30469274520874023,0.33220455050468445,0.04114978387951851,0.04114978387951851,0.39053526520729065,0.4118903577327728,1.074061632156372,1.191715955734253,0.0,0.0,0.0,0.0,0.0,0.0,0.0
84159031833,0,-0.02080148085951805,-0.14620105922222137,-0.12788167595863342,-0.02080148085951805,-0.14620105922222137,-0.8278816938400269,-0.017328975722193718,0.00655400799587369,0.007293109316378832,0.0,0.0,0.0,-0.012481643818318844,-0.019522257149219513,-0.010293465107679367,0.0,0.0,-0.010293466039001942,0.064394012093544,0.05026323348283768,0.02934996411204338,0.09827778488397598,0.15551410615444183,5.098217661725357e-05,0.0,0.0,0.0,-0.23287656903266907,10.088459968566895,0.0454254150390625,9.800445556640625,0.25309303402900696,-10.0,-9.880027770996094,14.67492389678955,2.0,2.0,17.789152145385742,0.30357420444488525,0.28977540135383606,0.30357420444488525,0.29590821266174316,0.0,0.30469265580177307,0.30469265580177307,0.30469265580177307,0.30469265580177307,0.0,-0.959823727607727,0.6948122978210449,-10.72630786895752,0.0,0.0,0.0,0.0,0.0,0.0,0.0,0.0,0.0,0.0,0.0,0.0,0.0,0.0,0.0,0.30469274520874023,0.30469274520874023,0.304692804813385,0.30469274520874023,0.33220455050468445,0.04114978387951851,0.04114978387951851,0.39053526520729065,0.4118903577327728,1.074061632156372,1.191715955734253,0.0,0.0,0.0,0.0,0.0,0.0,0.0
84169398387,0,-0.02080148085951805,-0.14620105922222137,-0.12788167595863342,-0.02080148085951805,-0.14620105922222137,-0.8278816938400269,-0.017328975722193718,0.00655400799587369,0.007293109316378832,0.0,0.0,0.0,-0.012481643818318844,-0.019522257149219513,-0.010293465107679367,0.0,0.0,-0.010293466039001942,0.064394012093544,0.05026323348283768,0.02934996411204338,0.09827778488397598,0.15551410615444183,5.098217661725357e-05,0.0,0.0,0.0,-0.23287656903266907,10.088459968566895,0.0454254150390625,9.800445556640625,0.25309303402900696,-10.0,-9.880027770996094,14.67492389678955,2.0,2.0,17.789152145385742,0.30357420444488525,0.28977540135383606,0.30357420444488525,0.29744139313697815,0.0,0.30469265580177307,0.30469265580177307,0.30469265580177307,0.30469265580177307,0.0,-0.959823727607727,0.6948122978210449,-10.72630786895752,0.0,0.0,0.0,0.0,0.0,0.0,0.0,0.0,0.0,0.0,0.0,0.0,0.0,0.0,0.0,0.30469274520874023,0.30469274520874023,0.304692804813385,0.30469274520874023,0.33220455050468445,0.04114978387951851,0.04114978387951851,0.39053526520729065,0.4118903577327728,1.074061632156372,1.191715955734253,0.0,0.0,0.0,0.0,0.0,0.0,0.0
84178396021,0,-0.02080148085951805,-0.14620105922222137,-0.12788167595863342,-0.02080148085951805,-0.14620105922222137,-0.8278816938400269,-0.017328975722193718,0.00655400799587369,0.007293109316378832,0.0,0.0,0.0,-0.012481643818318844,-0.019522257149219513,-0.010293465107679367,0.0,0.0,-0.010293466039001942,0.064394012093544,0.05026323348283768,0.02934996411204338,0.09827778488397598,0.15551410615444183,5.098217661725357e-05,0.0,0.0,0.0,-0.23287656903266907,10.088459968566895,0.0454254150390625,9.800445556640625,0.25309303402900696,-10.0,-9.880027770996094,14.67492389678955,2.0,2.0,17.789152145385742,0.30357420444488525,0.28977540135383606,0.30357420444488525,0.29744139313697815,0.0,0.30469265580177307,0.30469265580177307,0.30469265580177307,0.30469265580177307,0.0,-0.959823727607727,0.6948122978210449,-10.72630786895752,0.0,0.0,0.0,0.0,0.0,0.0,0.0,0.0,0.0,0.0,0.0,0.0,0.0,0.0,0.0,0.30469274520874023,0.30469274520874023,0.304692804813385,0.30469274520874023,0.33220455050468445,0.04114978387951851,0.04114978387951851,0.39053526520729065,0.4118903577327728,1.074061632156372,1.191715955734253,0.0,0.0,0.0,0.0,0.0,0.0,0.0
84188948829,0,-0.02080148085951805,-0.14620105922222137,-0.12788167595863342,-0.02080148085951805,-0.14620105922222137,-0.8278816938400269,-0.017328975722193718,0.00655400799587369,0.007293109316378832,0.0,0.0,0.0,-0.012481643818318844,-0.019522257149219513,-0.010293465107679367,0.0,0.0,-0.010293466039001942,0.064394012093544,0.05026323348283768,0.02934996411204338,0.09827778488397598,0.15551410615444183,5.098217661725357e-05,0.0,0.0,0.0,-0.23287656903266907,10.088459968566895,0.0454254150390625,9.800445556640625,0.25309303402900696,-10.0,-9.880027770996094,14.67492389678955,2.0,2.0,17.789152145385742,0.30357420444488525,0.28977540135383606,0.30357420444488525,0.29590821266174316,0.0,0.30469265580177307,0.30469265580177307,0.30469265580177307,0.30469265580177307,0.0,-0.959823727607727,0.6948122978210449,-10.72630786895752,0.0,0.0,0.0,0.0,0.0,0.0,0.0,0.0,0.0,0.0,0.0,0.0,0.0,0.0,0.0,0.30469274520874023,0.30469274520874023,0.304692804813385,0.30469274520874023,0.33220455050468445,0.04114978387951851,0.04114978387951851,0.39053526520729065,0.4118903577327728,1.074061632156372,1.191715955734253,0.0,0.0,0.0,0.0,0.0,0.0,0.0
84197939975,0,-0.02080148085951805,-0.14620105922222137,-0.12788167595863342,-0.02080148085951805,-0.14620105922222137,-0.8278816938400269,-0.017328975722193718,0.00655400799587369,0.007293109316378832,0.0,0.0,0.0,-0.012481643818318844,-0.019522257149219513,-0.010293465107679367,0.0,0.0,-0.010293466039001942,0.064394012093544,0.05026323348283768,0.02934996411204338,0.09827778488397598,0.15551410615444183,5.098217661725357e-05,0.0,0.0,0.0,-0.23287656903266907,10.088459968566895,0.0454254150390625,9.800445556640625,0.25309303402900696,-10.0,-9.880027770996094,14.67492389678955,2.0,2.0,17.789152145385742,0.30357420444488525,0.28977540135383606,0.30357420444488525,0.29744139313697815,0.0,0.30469265580177307,0.30469265580177307,0.30469265580177307,0.30469265580177307,0.0,-0.959823727607727,0.6948122978210449,-10.72630786895752,0.0,0.0,0.0,0.0,0.0,0.0,0.0,0.0,0.0,0.0,0.0,0.0,0.0,0.0,0.0,0.30469274520874023,0.30469274520874023,0.304692804813385,0.30469274520874023,0.33220455050468445,0.04114978387951851,0.04114978387951851,0.39053526520729065,0.4118903577327728,1.074061632156372,1.191715955734253,0.0,0.0,0.0,0.0,0.0,0.0,0.0
84207689437,0,-0.02080148085951805,-0.14620105922222137,-0.12788167595863342,-0.02080148085951805,-0.14620105922222137,-0.8278816938400269,-0.017328975722193718,0.00655400799587369,0.007293109316378832,0.0,0.0,0.0,-0.012481643818318844,-0.019522257149219513,-0.010293465107679367,0.0,0.0,-0.010293466039001942,0.064394012093544,0.05026323348283768,0.02934996411204338,0.09827778488397598,0.15551410615444183,5.098217661725357e-05,0.0,0.0,0.0,-0.23287656903266907,10.088459968566895,0.0454254150390625,9.800445556640625,0.25309303402900696,-10.0,-9.880027770996094,14.67492389678955,2.0,2.0,17.789152145385742,0.30357420444488525,0.28977540135383606,0.30357420444488525,0.29744139313697815,0.0,0.30469265580177307,0.30469265580177307,0.30469265580177307,0.30469265580177307,0.0,-0.959823727607727,0.6948122978210449,-10.72630786895752,0.0,0.0,0.0,0.0,0.0,0.0,0.0,0.0,0.0,0.0,0.0,0.0,0.0,0.0,0.0,0.30469274520874023,0.30469274520874023,0.304692804813385,0.30469274520874023,0.33220455050468445,0.04114978387951851,0.04114978387951851,0.39053526520729065,0.4118903577327728,1.074061632156372,1.191715955734253,0.0,0.0,0.0,0.0,0.0,0.0,0.0
84217994485,0,-0.02080148085951805,-0.14620105922222137,-0.12788167595863342,-0.02080148085951805,-0.14620105922222137,-0.8278816938400269,-0.017328975722193718,0.00655400799587369,0.007293109316378832,0.0,0.0,0.0,-0.012481643818318844,-0.019522257149219513,-0.010293465107679367,0.0,0.0,-0.010293466039001942,0.064394012093544,0.05026323348283768,0.02934996411204338,0.09827778488397598,0.15551410615444183,5.098217661725357e-05,0.0,0.0,0.0,-0.23287656903266907,10.088459968566895,0.0454254150390625,9.800445556640625,0.25309303402900696,-10.0,-9.880027770996094,14.67492389678955,2.0,2.0,17.789152145385742,0.30357420444488525,0.28977540135383606,0.30357420444488525,0.29744139313697815,0.0,0.30469265580177307,0.30469265580177307,0.30469265580177307,0.30469265580177307,0.0,-0.959823727607727,0.6948122978210449,-10.72630786895752,0.0,0.0,0.0,0.0,0.0,0.0,0.0,0.0,0.0,0.0,0.0,0.0,0.0,0.0,0.0,0.30469274520874023,0.30469274520874023,0.304692804813385,0.30469274520874023,0.33220455050468445,0.04114978387951851,0.04114978387951851,0.39053526520729065,0.4118903577327728,1.074061632156372,1.191715955734253,0.0,0.0,0.0,0.0,0.0,0.0,0.0
84229005499,0,-0.02080148085951805,-0.14620105922222137,-0.12788167595863342,-0.02080148085951805,-0.14620105922222137,-0.8278816938400269,-0.017328975722193718,0.00655400799587369,0.007293109316378832,0.0,0.0,0.0,-0.012481643818318844,-0.019522257149219513,-0.010293465107679367,0.0,0.0,-0.010293466039001942,0.064394012093544,0.05026323348283768,0.02934996411204338,0.09827778488397598,0.15551410615444183,5.098217661725357e-05,0.0,0.0,0.0,-0.23287656903266907,10.088459968566895,0.0454254150390625,9.800445556640625,0.25309303402900696,-10.0,-9.880027770996094,14.67492389678955,2.0,2.0,17.789152145385742,0.30357420444488525,0.28977540135383606,0.30357420444488525,0.29590821266174316,0.0,0.30469265580177307,0.30469265580177307,0.30469265580177307,0.30469265580177307,0.0,-0.959823727607727,0.6948122978210449,-10.72630786895752,0.0,0.0,0.0,0.0,0.0,0.0,0.0,0.0,0.0,0.0,0.0,0.0,0.0,0.0,0.0,0.30469274520874023,0.30469274520874023,0.304692804813385,0.30469274520874023,0.33220455050468445,0.04114978387951851,0.04114978387951851,0.39053526520729065,0.4118903577327728,1.074061632156372,1.191715955734253,0.0,0.0,0.0,0.0,0.0,0.0,0.0
84237746969,0,-0.02080148085951805,-0.14620105922222137,-0.12788167595863342,-0.02080148085951805,-0.14620105922222137,-0.8278816938400269,-0.017328975722193718,0.00655400799587369,0.007293109316378832,0.0,0.0,0.0,-0.012481643818318844,-0.019522257149219513,-0.010293465107679367,0.0,0.0,-0.010293466039001942,0.064394012093544,0.05026323348283768,0.02934996411204338,0.09827778488397598,0.15551410615444183,5.098217661725357e-05,0.0,0.0,0.0,-0.23287656903266907,10.088459968566895,0.0454254150390625,9.800445556640625,0.25309303402900696,-10.0,-9.880027770996094,14.67492389678955,2.0,2.0,17.789152145385742,0.30357420444488525,0.28977540135383606,0.30357420444488525,0.29590821266174316,0.0,0.30469265580177307,0.30469265580177307,0.30469265580177307,0.30469265580177307,0.0,-0.959823727607727,0.6948122978210449,-10.72630786895752,0.0,0.0,0.0,0.0,0.0,0.0,0.0,0.0,0.0,0.0,0.0,0.0,0.0,0.0,0.0,0.30469274520874023,0.30469274520874023,0.304692804813385,0.30469274520874023,0.33220455050468445,0.04114978387951851,0.04114978387951851,0.39053526520729065,0.4118903577327728,1.074061632156372,1.191715955734253,0.0,0.0,0.0,0.0,0.0,0.0,0.0
84248098929,0,-0.02080148085951805,-0.14620105922222137,-0.12788167595863342,-0.02080148085951805,-0.14620105922222137,-0.8278816938400269,-0.017328975722193718,0.00655400799587369,0.007293109316378832,0.0,0.0,0.0,-0.012481643818318844,-0.019522257149219513,-0.010293465107679367,0.0,0.0,-0.010293466039001942,0.064394012093544,0.05026323348283768,0.02934996411204338,0.09827778488397598,0.15551410615444183,5.098217661725357e-05,0.0,0.0,0.0,-0.23287656903266907,10.088459968566895,0.0454254150390625,9.800445556640625,0.25309303402900696,-10.0,-9.880027770996094,14.67492389678955,2.0,2.0,17.789152145385742,0.30357420444488525,0.28977540135383606,0.30357420444488525,0.29590821266174316,0.0,0.30469265580177307,0.30469265580177307,0.30469265580177307,0.30469265580177307,0.0,-0.959823727607727,0.6948122978210449,-10.72630786895752,0.0,0.0,0.0,0.0,0.0,0.0,0.0,0.0,0.0,0.0,0.0,0.0,0.0,0.0,0.0,0.30469274520874023,0.30469274520874023,0.304692804813385,0.30469274520874023,0.33220455050468445,0.04114978387951851,0.04114978387951851,0.39053526520729065,0.4118903577327728,1.074061632156372,1.191715955734253,0.0,0.0,0.0,0.0,0.0,0.0,0.0
84257757069,0,-0.02080148085951805,-0.14620105922222137,-0.12788167595863342,-0.02080148085951805,-0.14620105922222137,-0.8278816938400269,-0.017328975722193718,0.00655400799587369,0.007293109316378832,0.0,0.0,0.0,-0.012481643818318844,-0.019522257149219513,-0.010293465107679367,0.0,0.0,-0.010293466039001942,0.064394012093544,0.05026323348283768,0.02934996411204338,0.09827778488397598,0.15551410615444183,5.098217661725357e-05,0.0,0.0,0.0,-0.23287656903266907,10.088459968566895,0.0454254150390625,9.800445556640625,0.25309303402900696,-10.0,-9.880027770996094,14.67492389678955,2.0,2.0,17.789152145385742,0.30357420444488525,0.28977540135383606,0.30357420444488525,0.29590821266174316,0.0,0.30469265580177307,0.30469265580177307,0.30469265580177307,0.30469265580177307,0.0,-0.959823727607727,0.6948122978210449,-10.72630786895752,0.0,0.0,0.0,0.0,0.0,0.0,0.0,0.0,0.0,0.0,0.0,0.0,0.0,0.0,0.0,0.30469274520874023,0.30469274520874023,0.304692804813385,0.30469274520874023,0.33220455050468445,0.04114978387951851,0.04114978387951851,0.39053526520729065,0.4118903577327728,1.074061632156372,1.191715955734253,0.0,0.0,0.0,0.0,0.0,0.0,0.0
84268482908,0,-0.02080148085951805,-0.14620105922222137,-0.12788167595863342,-0.02080148085951805,-0.14620105922222137,-0.8278816938400269,-0.017328975722193718,0.00655400799587369,0.007293109316378832,0.0,0.0,0.0,-0.012481643818318844,-0.019522257149219513,-0.010293465107679367,0.0,0.0,-0.010293466039001942,0.064394012093544,0.05026323348283768,0.02934996411204338,0.09827778488397598,0.15551410615444183,5.098217661725357e-05,0.0,0.0,0.0,-0.23287656903266907,10.088459968566895,0.0454254150390625,9.800445556640625,0.25309303402900696,-10.0,-9.880027770996094,14.67492389678955,2.0,2.0,17.789152145385742,0.30357420444488525,0.28977540135383606,0.30357420444488525,0.29744139313697815,0.0,0.30469265580177307,0.30469265580177307,0.30469265580177307,0.30469265580177307,0.0,-0.959823727607727,0.6948122978210449,-10.72630786895752,0.0,0.0,0.0,0.0,0.0,0.0,0.0,0.0,0.0,0.0,0.0,0.0,0.0,0.0,0.0,0.30469274520874023,0.30469274520874023,0.304692804813385,0.30469274520874023,0.33220455050468445,0.04114978387951851,0.04114978387951851,0.39053526520729065,0.4118903577327728,1.074061632156372,1.191715955734253,0.0,0.0,0.0,0.0,0.0,0.0,0.0
84278595964,0,-0.02080148085951805,-0.14620105922222137,-0.12788167595863342,-0.02080148085951805,-0.14620105922222137,-0.8278816938400269,-0.017328975722193718,0.00655400799587369,0.007293109316378832,0.0,0.0,0.0,-0.012481643818318844,-0.019522257149219513,-0.010293465107679367,0.0,0.0,-0.010293466039001942,0.064394012093544,0.05026323348283768,0.02934996411204338,0.09827778488397598,0.15551410615444183,5.098217661725357e-05,0.0,0.0,0.0,-0.23287656903266907,10.088459968566895,0.0454254150390625,9.800445556640625,0.25309303402900696,-10.0,-9.880027770996094,14.67492389678955,2.0,2.0,17.789152145385742,0.30357420444488525,0.28977540135383606,0.30357420444488525,0.29590821266174316,0.0,0.30469265580177307,0.30469265580177307,0.30469265580177307,0.30469265580177307,0.0,-0.959823727607727,0.6948122978210449,-10.72630786895752,0.0,0.0,0.0,0.0,0.0,0.0,0.0,0.0,0.0,0.0,0.0,0.0,0.0,0.0,0.0,0.30469274520874023,0.30469274520874023,0.304692804813385,0.30469274520874023,0.33220455050468445,0.04114978387951851,0.04114978387951851,0.39053526520729065,0.4118903577327728,1.074061632156372,1.191715955734253,0.0,0.0,0.0,0.0,0.0,0.0,0.0
84289317239,0,-0.02080148085951805,-0.14620105922222137,-0.12788167595863342,-0.02080148085951805,-0.14620105922222137,-0.8278816938400269,-0.017328975722193718,0.00655400799587369,0.007293109316378832,0.0,0.0,0.0,-0.012481643818318844,-0.019522257149219513,-0.010293465107679367,0.0,0.0,-0.010293466039001942,0.064394012093544,0.05026323348283768,0.02934996411204338,0.09827778488397598,0.15551410615444183,5.098217661725357e-05,0.0,0.0,0.0,-0.23287656903266907,10.088459968566895,0.0454254150390625,9.800445556640625,0.25309303402900696,-10.0,-9.880027770996094,14.67492389678955,2.0,2.0,17.789152145385742,0.30357420444488525,0.28977540135383606,0.30357420444488525,0.29590821266174316,0.0,0.30469265580177307,0.30469265580177307,0.30469265580177307,0.30469265580177307,0.0,-0.959823727607727,0.6948122978210449,-10.72630786895752,0.0,0.0,0.0,0.0,0.0,0.0,0.0,0.0,0.0,0.0,0.0,0.0,0.0,0.0,0.0,0.30469274520874023,0.30469274520874023,0.304692804813385,0.30469274520874023,0.33220455050468445,0.04114978387951851,0.04114978387951851,0.39053526520729065,0.4118903577327728,1.074061632156372,1.191715955734253,0.0,0.0,0.0,0.0,0.0,0.0,0.0
84297715438,0,-0.02080148085951805,-0.14620105922222137,-0.12788167595863342,-0.02080148085951805,-0.14620105922222137,-0.8278816938400269,-0.017328975722193718,0.00655400799587369,0.007293109316378832,0.0,0.0,0.0,-0.012481643818318844,-0.019522257149219513,-0.010293465107679367,0.0,0.0,-0.010293466039001942,0.064394012093544,0.05026323348283768,0.02934996411204338,0.09827778488397598,0.15551410615444183,5.098217661725357e-05,0.0,0.0,0.0,-0.23287656903266907,10.088459968566895,0.0454254150390625,9.800445556640625,0.25309303402900696,-10.0,-9.880027770996094,14.67492389678955,2.0,2.0,17.789152145385742,0.30357420444488525,0.28977540135383606,0.30204102396965027,0.29744139313697815,0.0,0.30469265580177307,0.30469265580177307,0.30469265580177307,0.30469265580177307,0.0,-0.959823727607727,0.6948122978210449,-10.72630786895752,0.0,0.0,0.0,0.0,0.0,0.0,0.0,0.0,0.0,0.0,0.0,0.0,0.0,0.0,0.0,0.30469274520874023,0.30469274520874023,0.304692804813385,0.30469274520874023,0.33220455050468445,0.04114978387951851,0.04114978387951851,0.39053526520729065,0.4118903577327728,1.074061632156372,1.191715955734253,0.0,0.0,0.0,0.0,0.0,0.0,0.0
84307731906,0,-0.02080148085951805,-0.14620105922222137,-0.12788167595863342,-0.02080148085951805,-0.14620105922222137,-0.8278816938400269,-0.017328975722193718,0.00655400799587369,0.007293109316378832,0.0,0.0,0.0,-0.012481643818318844,-0.019522257149219513,-0.010293465107679367,0.0,0.0,-0.010293466039001942,0.064394012093544,0.05026323348283768,0.02934996411204338,0.09827778488397598,0.15551410615444183,5.098217661725357e-05,0.0,0.0,0.0,-0.23287656903266907,10.088459968566895,0.0454254150390625,9.800445556640625,0.25309303402900696,-10.0,-9.880027770996094,14.67492389678955,2.0,2.0,17.789152145385742,0.30357420444488525,0.28977540135383606,0.30357420444488525,0.29590821266174316,0.0,0.30469265580177307,0.30469265580177307,0.30469265580177307,0.30469265580177307,0.0,-0.959823727607727,0.6948122978210449,-10.72630786895752,0.0,0.0,0.0,0.0,0.0,0.0,0.0,0.0,0.0,0.0,0.0,0.0,0.0,0.0,0.0,0.30469274520874023,0.30469274520874023,0.304692804813385,0.30469274520874023,0.33220455050468445,0.04114978387951851,0.04114978387951851,0.39053526520729065,0.4118903577327728,1.074061632156372,1.191715955734253,0.0,0.0,0.0,0.0,0.0,0.0,0.0
84318406659,0,-0.02080148085951805,-0.14620105922222137,-0.12788167595863342,-0.02080148085951805,-0.14620105922222137,-0.8278816938400269,-0.017328975722193718,0.00655400799587369,0.007293109316378832,0.0,0.0,0.0,-0.012481643818318844,-0.019522257149219513,-0.010293465107679367,0.0,0.0,-0.010293466039001942,0.064394012093544,0.05026323348283768,0.02934996411204338,0.09827778488397598,0.15551410615444183,5.098217661725357e-05,0.0,0.0,0.0,-0.23287656903266907,10.088459968566895,0.0454254150390625,9.800445556640625,0.25309303402900696,-10.0,-9.880027770996094,14.67492389678955,2.0,2.0,17.789152145385742,0.30357420444488525,0.28977540135383606,0.30357420444488525,0.29590821266174316,0.0,0.30469265580177307,0.30469265580177307,0.30469265580177307,0.30469265580177307,0.0,-0.959823727607727,0.6948122978210449,-10.72630786895752,0.0,0.0,0.0,0.0,0.0,0.0,0.0,0.0,0.0,0.0,0.0,0.0,0.0,0.0,0.0,0.30469274520874023,0.30469274520874023,0.304692804813385,0.30469274520874023,0.33220455050468445,0.04114978387951851,0.04114978387951851,0.39053526520729065,0.4118903577327728,1.074061632156372,1.191715955734253,0.0,0.0,0.0,0.0,0.0,0.0,0.0
84328004824,0,-0.02080148085951805,-0.14620105922222137,-0.12788167595863342,-0.02080148085951805,-0.14620105922222137,-0.8278816938400269,-0.017328975722193718,0.00655400799587369,0.007293109316378832,0.0,0.0,0.0,-0.012481643818318844,-0.019522257149219513,-0.010293465107679367,0.0,0.0,-0.010293466039001942,0.064394012093544,0.05026323348283768,0.02934996411204338,0.09827778488397598,0.15551410615444183,5.098217661725357e-05,0.0,0.0,0.0,-0.23287656903266907,10.088459968566895,0.0454254150390625,9.800445556640625,0.25309303402900696,-10.0,-9.880027770996094,14.67492389678955,2.0,2.0,17.789152145385742,0.30357420444488525,0.28977540135383606,0.30357420444488525,0.29744139313697815,0.0,0.30469265580177307,0.30469265580177307,0.30469265580177307,0.30469265580177307,0.0,-0.959823727607727,0.6948122978210449,-10.72630786895752,0.0,0.0,0.0,0.0,0.0,0.0,0.0,0.0,0.0,0.0,0.0,0.0,0.0,0.0,0.0,0.30469274520874023,0.30469274520874023,0.304692804813385,0.30469274520874023,0.33220455050468445,0.04114978387951851,0.04114978387951851,0.39053526520729065,0.4118903577327728,1.074061632156372,1.191715955734253,0.0,0.0,0.0,0.0,0.0,0.0,0.0
84337773533,0,-0.02080148085951805,-0.14620105922222137,-0.12788167595863342,-0.02080148085951805,-0.14620105922222137,-0.8278816938400269,-0.017328975722193718,0.00655400799587369,0.007293109316378832,0.0,0.0,0.0,-0.012481643818318844,-0.019522257149219513,-0.010293465107679367,0.0,0.0,-0.010293466039001942,0.064394012093544,0.05026323348283768,0.02934996411204338,0.09827778488397598,0.15551410615444183,5.098217661725357e-05,0.0,0.0,0.0,-0.23287656903266907,10.088459968566895,0.0454254150390625,9.800445556640625,0.25309303402900696,-10.0,-9.880027770996094,14.67492389678955,2.0,2.0,17.789152145385742,0.30357420444488525,0.28977540135383606,0.30357420444488525,0.29744139313697815,0.0,0.30469265580177307,0.30469265580177307,0.30469265580177307,0.30469265580177307,0.0,-0.959823727607727,0.6948122978210449,-10.72630786895752,0.0,0.0,0.0,0.0,0.0,0.0,0.0,0.0,0.0,0.0,0.0,0.0,0.0,0.0,0.0,0.30469274520874023,0.30469274520874023,0.304692804813385,0.30469274520874023,0.33220455050468445,0.04114978387951851,0.04114978387951851,0.39053526520729065,0.4118903577327728,1.074061632156372,1.191715955734253,0.0,0.0,0.0,0.0,0.0,0.0,0.0
84347907402,0,-0.02080148085951805,-0.14620105922222137,-0.12788167595863342,-0.02080148085951805,-0.14620105922222137,-0.8278816938400269,-0.017328975722193718,0.00655400799587369,0.007293109316378832,0.0,0.0,0.0,-0.012481643818318844,-0.019522257149219513,-0.010293465107679367,0.0,0.0,-0.010293466039001942,0.064394012093544,0.05026323348283768,0.02934996411204338,0.09827778488397598,0.15551410615444183,5.098217661725357e-05,0.0,0.0,0.0,-0.23287656903266907,10.088459968566895,0.0454254150390625,9.800445556640625,0.25309303402900696,-10.0,-9.880027770996094,14.67492389678955,2.0,2.0,17.789152145385742,0.30357420444488525,0.28977540135383606,0.30357420444488525,0.29590821266174316,0.0,0.30469265580177307,0.30469265580177307,0.30469265580177307,0.30469265580177307,0.0,-0.959823727607727,0.6948122978210449,-10.72630786895752,0.0,0.0,0.0,0.0,0.0,0.0,0.0,0.0,0.0,0.0,0.0,0.0,0.0,0.0,0.0,0.30469274520874023,0.30469274520874023,0.304692804813385,0.30469274520874023,0.33220455050468445,0.04114978387951851,0.04114978387951851,0.39053526520729065,0.4118903577327728,1.074061632156372,1.191715955734253,0.0,0.0,0.0,0.0,0.0,0.0,0.0
84357757953,0,-0.02080148085951805,-0.14620105922222137,-0.12788167595863342,-0.02080148085951805,-0.14620105922222137,-0.8278816938400269,-0.017328975722193718,0.00655400799587369,0.007293109316378832,0.0,0.0,0.0,-0.012481643818318844,-0.019522257149219513,-0.010293465107679367,0.0,0.0,-0.010293466039001942,0.064394012093544,0.05026323348283768,0.02934996411204338,0.09827778488397598,0.15551410615444183,5.098217661725357e-05,0.0,0.0,0.0,-0.23287656903266907,10.088459968566895,0.0454254150390625,9.800445556640625,0.25309303402900696,-10.0,-9.880027770996094,14.67492389678955,2.0,2.0,17.789152145385742,0.30357420444488525,0.28977540135383606,0.30357420444488525,0.29590821266174316,0.0,0.30469265580177307,0.30469265580177307,0.30469265580177307,0.30469265580177307,0.0,-0.959823727607727,0.6948122978210449,-10.72630786895752,0.0,0.0,0.0,0.0,0.0,0.0,0.0,0.0,0.0,0.0,0.0,0.0,0.0,0.0,0.0,0.30469274520874023,0.30469274520874023,0.304692804813385,0.30469274520874023,0.33220455050468445,0.04114978387951851,0.04114978387951851,0.39053526520729065,0.4118903577327728,1.074061632156372,1.191715955734253,0.0,0.0,0.0,0.0,0.0,0.0,0.0
84368063540,0,-0.02080148085951805,-0.14620105922222137,-0.12788167595863342,-0.02080148085951805,-0.14620105922222137,-0.8278816938400269,-0.017328975722193718,0.00655400799587369,0.007293109316378832,0.0,0.0,0.0,-0.012481643818318844,-0.019522257149219513,-0.010293465107679367,0.0,0.0,-0.010293466039001942,0.064394012093544,0.05026323348283768,0.02934996411204338,0.09827778488397598,0.15551410615444183,5.098217661725357e-05,0.0,0.0,0.0,-0.23287656903266907,10.088459968566895,0.0454254150390625,9.800445556640625,0.25309303402900696,-10.0,-9.880027770996094,14.67492389678955,2.0,2.0,17.789152145385742,0.30357420444488525,0.28977540135383606,0.30357420444488525,0.29590821266174316,0.0,0.30469265580177307,0.30469265580177307,0.30469265580177307,0.30469265580177307,0.0,-0.959823727607727,0.6948122978210449,-10.72630786895752,0.0,0.0,0.0,0.0,0.0,0.0,0.0,0.0,0.0,0.0,0.0,0.0,0.0,0.0,0.0,0.30469274520874023,0.30469274520874023,0.304692804813385,0.30469274520874023,0.33220455050468445,0.04114978387951851,0.04114978387951851,0.39053526520729065,0.4118903577327728,1.074061632156372,1.191715955734253,0.0,0.0,0.0,0.0,0.0,0.0,0.0
84379888286,0,-0.02080148085951805,-0.14620105922222137,-0.12788167595863342,-0.02080148085951805,-0.14620105922222137,-0.8278816938400269,-0.017328975722193718,0.00655400799587369,0.007293109316378832,0.0,0.0,0.0,-0.012481643818318844,-0.019522257149219513,-0.010293465107679367,0.0,0.0,-0.010293466039001942,0.064394012093544,0.05026323348283768,0.02934996411204338,0.09827778488397598,0.15551410615444183,5.098217661725357e-05,0.0,0.0,0.0,-0.23287656903266907,10.088459968566895,0.0454254150390625,9.800445556640625,0.25309303402900696,-10.0,-9.880027770996094,14.67492389678955,2.0,2.0,17.789152145385742,0.30357420444488525,0.28977540135383606,0.30357420444488525,0.29590821266174316,0.0,0.30469265580177307,0.30469265580177307,0.30469265580177307,0.30469265580177307,0.0,-0.959823727607727,0.6948122978210449,-10.72630786895752,0.0,0.0,0.0,0.0,0.0,0.0,0.0,0.0,0.0,0.0,0.0,0.0,0.0,0.0,0.0,0.30469274520874023,0.30469274520874023,0.304692804813385,0.30469274520874023,0.33220455050468445,0.04114978387951851,0.04114978387951851,0.39053526520729065,0.4118903577327728,1.074061632156372,1.191715955734253,0.0,0.0,0.0,0.0,0.0,0.0,0.0
84392045671,0,-0.02080148085951805,-0.14620105922222137,-0.12788167595863342,-0.02080148085951805,-0.14620105922222137,-0.8278816938400269,-0.017328975722193718,0.00655400799587369,0.007293109316378832,0.0,0.0,0.0,-0.012481643818318844,-0.019522257149219513,-0.010293465107679367,0.0,0.0,-0.010293466039001942,0.064394012093544,0.05026323348283768,0.02934996411204338,0.09827778488397598,0.15551410615444183,5.098217661725357e-05,0.0,0.0,0.0,-0.23287656903266907,10.088459968566895,0.0454254150390625,9.800445556640625,0.25309303402900696,-10.0,-9.880027770996094,14.67492389678955,2.0,2.0,17.789152145385742,0.30357420444488525,0.28977540135383606,0.30357420444488525,0.29744139313697815,0.0,0.30469265580177307,0.30469265580177307,0.30469265580177307,0.30469265580177307,0.0,-0.959823727607727,0.6948122978210449,-10.72630786895752,0.0,0.0,0.0,0.0,0.0,0.0,0.0,0.0,0.0,0.0,0.0,0.0,0.0,0.0,0.0,0.30469274520874023,0.30469274520874023,0.304692804813385,0.30469274520874023,0.33220455050468445,0.04114978387951851,0.04114978387951851,0.39053526520729065,0.4118903577327728,1.074061632156372,1.191715955734253,0.0,0.0,0.0,0.0,0.0,0.0,0.0
84397729949,0,-0.02080148085951805,-0.14620105922222137,-0.12788167595863342,-0.02080148085951805,-0.14620105922222137,-0.8278816938400269,-0.017328975722193718,0.00655400799587369,0.007293109316378832,0.0,0.0,0.0,-0.012481643818318844,-0.019522257149219513,-0.010293465107679367,0.0,0.0,-0.010293466039001942,0.064394012093544,0.05026323348283768,0.02934996411204338,0.09827778488397598,0.15551410615444183,5.098217661725357e-05,0.0,0.0,0.0,-0.23287656903266907,10.088459968566895,0.0454254150390625,9.800445556640625,0.25309303402900696,-10.0,-9.880027770996094,14.67492389678955,2.0,2.0,17.789152145385742,0.30357420444488525,0.28977540135383606,0.30357420444488525,0.29590821266174316,0.0,0.30469265580177307,0.30469265580177307,0.30469265580177307,0.30469265580177307,0.0,-0.959823727607727,0.6948122978210449,-10.72630786895752,0.0,0.0,0.0,0.0,0.0,0.0,0.0,0.0,0.0,0.0,0.0,0.0,0.0,0.0,0.0,0.30469274520874023,0.30469274520874023,0.304692804813385,0.30469274520874023,0.33220455050468445,0.04114978387951851,0.04114978387951851,0.39053526520729065,0.4118903577327728,1.074061632156372,1.191715955734253,0.0,0.0,0.0,0.0,0.0,0.0,0.0
84407737484,0,-0.02080148085951805,-0.14620105922222137,-0.12788167595863342,-0.02080148085951805,-0.14620105922222137,-0.8278816938400269,-0.017328975722193718,0.00655400799587369,0.007293109316378832,0.0,0.0,0.0,-0.012481643818318844,-0.019522257149219513,-0.010293465107679367,0.0,0.0,-0.010293466039001942,0.064394012093544,0.05026323348283768,0.02934996411204338,0.09827778488397598,0.15551410615444183,5.098217661725357e-05,0.0,0.0,0.0,-0.23287656903266907,10.088459968566895,0.0454254150390625,9.800445556640625,0.25309303402900696,-10.0,-9.880027770996094,14.67492389678955,2.0,2.0,17.789152145385742,0.30357420444488525,0.28977540135383606,0.30357420444488525,0.29744139313697815,0.0,0.30469265580177307,0.30469265580177307,0.30469265580177307,0.30469265580177307,0.0,-0.959823727607727,0.6948122978210449,-10.72630786895752,0.0,0.0,0.0,0.0,0.0,0.0,0.0,0.0,0.0,0.0,0.0,0.0,0.0,0.0,0.0,0.30469274520874023,0.30469274520874023,0.304692804813385,0.30469274520874023,0.33220455050468445,0.04114978387951851,0.04114978387951851,0.39053526520729065,0.4118903577327728,1.074061632156372,1.191715955734253,0.0,0.0,0.0,0.0,0.0,0.0,0.0
84419035540,0,-0.02080148085951805,-0.14620105922222137,-0.12788167595863342,-0.02080148085951805,-0.14620105922222137,-0.8278816938400269,-0.017328975722193718,0.00655400799587369,0.007293109316378832,0.0,0.0,0.0,-0.012481643818318844,-0.019522257149219513,-0.010293465107679367,0.0,0.0,-0.010293466039001942,0.064394012093544,0.05026323348283768,0.02934996411204338,0.09827778488397598,0.15551410615444183,5.098217661725357e-05,0.0,0.0,0.0,-0.23287656903266907,10.088459968566895,0.0454254150390625,9.800445556640625,0.25309303402900696,-10.0,-9.880027770996094,14.67492389678955,2.0,2.0,17.789152145385742,0.30357420444488525,0.28977540135383606,0.30357420444488525,0.29590821266174316,0.0,0.30469265580177307,0.30469265580177307,0.30469265580177307,0.30469265580177307,0.0,-0.959823727607727,0.6948122978210449,-10.72630786895752,0.0,0.0,0.0,0.0,0.0,0.0,0.0,0.0,0.0,0.0,0.0,0.0,0.0,0.0,0.0,0.30469274520874023,0.30469274520874023,0.304692804813385,0.30469274520874023,0.33220455050468445,0.04114978387951851,0.04114978387951851,0.39053526520729065,0.4118903577327728,1.074061632156372,1.191715955734253,0.0,0.0,0.0,0.0,0.0,0.0,0.0
84428031358,0,-0.02080148085951805,-0.14620105922222137,-0.12788167595863342,-0.02080148085951805,-0.14620105922222137,-0.8278816938400269,-0.017328975722193718,0.00655400799587369,0.007293109316378832,0.0,0.0,0.0,-0.012481643818318844,-0.019522257149219513,-0.010293465107679367,0.0,0.0,-0.010293466039001942,0.064394012093544,0.05026323348283768,0.02934996411204338,0.09827778488397598,0.15551410615444183,5.098217661725357e-05,0.0,0.0,0.0,-0.23287656903266907,10.088459968566895,0.0454254150390625,9.800445556640625,0.25309303402900696,-10.0,-9.880027770996094,14.67492389678955,2.0,2.0,17.789152145385742,0.30357420444488525,0.28977540135383606,0.30357420444488525,0.29744139313697815,0.0,0.30469265580177307,0.30469265580177307,0.30469265580177307,0.30469265580177307,0.0,-0.959823727607727,0.6948122978210449,-10.72630786895752,0.0,0.0,0.0,0.0,0.0,0.0,0.0,0.0,0.0,0.0,0.0,0.0,0.0,0.0,0.0,0.30469274520874023,0.30469274520874023,0.304692804813385,0.30469274520874023,0.33220455050468445,0.04114978387951851,0.04114978387951851,0.39053526520729065,0.4118903577327728,1.074061632156372,1.191715955734253,0.0,0.0,0.0,0.0,0.0,0.0,0.0
84438021316,0,-0.02080148085951805,-0.14620105922222137,-0.12788167595863342,-0.02080148085951805,-0.14620105922222137,-0.8278816938400269,-0.017328975722193718,0.00655400799587369,0.007293109316378832,0.0,0.0,0.0,-0.012481643818318844,-0.019522257149219513,-0.010293465107679367,0.0,0.0,-0.010293466039001942,0.064394012093544,0.05026323348283768,0.02934996411204338,0.09827778488397598,0.15551410615444183,5.098217661725357e-05,0.0,0.0,0.0,-0.23287656903266907,10.088459968566895,0.0454254150390625,9.800445556640625,0.25309303402900696,-10.0,-9.880027770996094,14.67492389678955,2.0,2.0,17.789152145385742,0.30357420444488525,0.28977540135383606,0.30357420444488525,0.29744139313697815,0.0,0.30469265580177307,0.30469265580177307,0.30469265580177307,0.30469265580177307,0.0,-0.959823727607727,0.6948122978210449,-10.72630786895752,0.0,0.0,0.0,0.0,0.0,0.0,0.0,0.0,0.0,0.0,0.0,0.0,0.0,0.0,0.0,0.30469274520874023,0.30469274520874023,0.304692804813385,0.30469274520874023,0.33220455050468445,0.04114978387951851,0.04114978387951851,0.39053526520729065,0.4118903577327728,1.074061632156372,1.191715955734253,0.0,0.0,0.0,0.0,0.0,0.0,0.0
84447838365,0,-0.02080148085951805,-0.14620105922222137,-0.12788167595863342,-0.02080148085951805,-0.14620105922222137,-0.8278816938400269,-0.017328975722193718,0.00655400799587369,0.007293109316378832,0.0,0.0,0.0,-0.012481643818318844,-0.019522257149219513,-0.010293465107679367,0.0,0.0,-0.010293466039001942,0.064394012093544,0.05026323348283768,0.02934996411204338,0.09827778488397598,0.15551410615444183,5.098217661725357e-05,0.0,0.0,0.0,-0.23287656903266907,10.088459968566895,0.0454254150390625,9.800445556640625,0.25309303402900696,-10.0,-9.880027770996094,14.67492389678955,2.0,2.0,17.789152145385742,0.30357420444488525,0.28977540135383606,0.30357420444488525,0.29744139313697815,0.0,0.30469265580177307,0.30469265580177307,0.30469265580177307,0.30469265580177307,0.0,-0.959823727607727,0.6948122978210449,-10.72630786895752,0.0,0.0,0.0,0.0,0.0,0.0,0.0,0.0,0.0,0.0,0.0,0.0,0.0,0.0,0.0,0.30469274520874023,0.30469274520874023,0.304692804813385,0.30469274520874023,0.33220455050468445,0.04114978387951851,0.04114978387951851,0.39053526520729065,0.4118903577327728,1.074061632156372,1.191715955734253,0.0,0.0,0.0,0.0,0.0,0.0,0.0
84459145460,0,-0.02080148085951805,-0.14620105922222137,-0.12788167595863342,-0.02080148085951805,-0.14620105922222137,-0.8278816938400269,-0.017328975722193718,0.00655400799587369,0.007293109316378832,0.0,0.0,0.0,-0.012481643818318844,-0.019522257149219513,-0.010293465107679367,0.0,0.0,-0.010293466039001942,0.064394012093544,0.05026323348283768,0.02934996411204338,0.09827778488397598,0.15551410615444183,5.098217661725357e-05,0.0,0.0,0.0,-0.23287656903266907,10.088459968566895,0.0454254150390625,9.800445556640625,0.25309303402900696,-10.0,-9.880027770996094,14.67492389678955,2.0,2.0,17.789152145385742,0.30357420444488525,0.28977540135383606,0.30357420444488525,0.29590821266174316,0.0,0.30469265580177307,0.30469265580177307,0.30469265580177307,0.30469265580177307,0.0,-0.959823727607727,0.6948122978210449,-10.72630786895752,0.0,0.0,0.0,0.0,0.0,0.0,0.0,0.0,0.0,0.0,0.0,0.0,0.0,0.0,0.0,0.30469274520874023,0.30469274520874023,0.304692804813385,0.30469274520874023,0.33220455050468445,0.04114978387951851,0.04114978387951851,0.39053526520729065,0.4118903577327728,1.074061632156372,1.191715955734253,0.0,0.0,0.0,0.0,0.0,0.0,0.0
84468093750,0,-0.02080148085951805,-0.14620105922222137,-0.12788167595863342,-0.02080148085951805,-0.14620105922222137,-0.8278816938400269,-0.017328975722193718,0.00655400799587369,0.007293109316378832,0.0,0.0,0.0,-0.012481643818318844,-0.019522257149219513,-0.010293465107679367,0.0,0.0,-0.010293466039001942,0.064394012093544,0.05026323348283768,0.02934996411204338,0.09827778488397598,0.15551410615444183,5.098217661725357e-05,0.0,0.0,0.0,-0.23287656903266907,10.088459968566895,0.0454254150390625,9.800445556640625,0.25309303402900696,-10.0,-9.880027770996094,14.67492389678955,2.0,2.0,17.789152145385742,0.30357420444488525,0.28977540135383606,0.30357420444488525,0.29744139313697815,0.0,0.30469265580177307,0.30469265580177307,0.30469265580177307,0.30469265580177307,0.0,-0.959823727607727,0.6948122978210449,-10.72630786895752,0.0,0.0,0.0,0.0,0.0,0.0,0.0,0.0,0.0,0.0,0.0,0.0,0.0,0.0,0.0,0.30469274520874023,0.30469274520874023,0.304692804813385,0.30469274520874023,0.33220455050468445,0.04114978387951851,0.04114978387951851,0.39053526520729065,0.4118903577327728,1.074061632156372,1.191715955734253,0.0,0.0,0.0,0.0,0.0,0.0,0.0
84477836242,0,-0.02080148085951805,-0.14620105922222137,-0.12788167595863342,-0.02080148085951805,-0.14620105922222137,-0.8278816938400269,-0.017328975722193718,0.00655400799587369,0.007293109316378832,0.0,0.0,0.0,-0.012481643818318844,-0.019522257149219513,-0.010293465107679367,0.0,0.0,-0.010293466039001942,0.064394012093544,0.05026323348283768,0.02934996411204338,0.09827778488397598,0.15551410615444183,5.098217661725357e-05,0.0,0.0,0.0,-0.23287656903266907,10.088459968566895,0.0454254150390625,9.800445556640625,0.25309303402900696,-10.0,-9.880027770996094,14.67492389678955,2.0,2.0,17.789152145385742,0.30357420444488525,0.28977540135383606,0.30357420444488525,0.29744139313697815,0.0,0.30469265580177307,0.30469265580177307,0.30469265580177307,0.30469265580177307,0.0,-0.959823727607727,0.6948122978210449,-10.72630786895752,0.0,0.0,0.0,0.0,0.0,0.0,0.0,0.0,0.0,0.0,0.0,0.0,0.0,0.0,0.0,0.30469274520874023,0.30469274520874023,0.304692804813385,0.30469274520874023,0.33220455050468445,0.04114978387951851,0.04114978387951851,0.39053526520729065,0.4118903577327728,1.074061632156372,1.191715955734253,0.0,0.0,0.0,0.0,0.0,0.0,0.0
84489322662,0,-0.02080148085951805,-0.14620105922222137,-0.12788167595863342,-0.02080148085951805,-0.14620105922222137,-0.8278816938400269,-0.017328975722193718,0.00655400799587369,0.007293109316378832,0.0,0.0,0.0,-0.012481643818318844,-0.019522257149219513,-0.010293465107679367,0.0,0.0,-0.010293466039001942,0.064394012093544,0.05026323348283768,0.02934996411204338,0.09827778488397598,0.15551410615444183,5.098217661725357e-05,0.0,0.0,0.0,-0.23287656903266907,10.088459968566895,0.0454254150390625,9.800445556640625,0.25309303402900696,-10.0,-9.880027770996094,14.67492389678955,2.0,2.0,17.789152145385742,0.30357420444488525,0.28977540135383606,0.30357420444488525,0.29744139313697815,0.0,0.30469265580177307,0.30469265580177307,0.30469265580177307,0.30469265580177307,0.0,-0.959823727607727,0.6948122978210449,-10.72630786895752,0.0,0.0,0.0,0.0,0.0,0.0,0.0,0.0,0.0,0.0,0.0,0.0,0.0,0.0,0.0,0.30469274520874023,0.30469274520874023,0.304692804813385,0.30469274520874023,0.33220455050468445,0.04114978387951851,0.04114978387951851,0.39053526520729065,0.4118903577327728,1.074061632156372,1.191715955734253,0.0,0.0,0.0,0.0,0.0,0.0,0.0
84510436001,0,-0.02080148085951805,-0.14620105922222137,-0.12788167595863342,-0.02080148085951805,-0.14620105922222137,-0.8278816938400269,-0.017328975722193718,0.00655400799587369,0.007293109316378832,0.0,0.0,0.0,-0.012481643818318844,-0.019522257149219513,-0.010293465107679367,0.0,0.0,-0.010293466039001942,0.064394012093544,0.05026323348283768,0.02934996411204338,0.09827778488397598,0.15551410615444183,5.098217661725357e-05,0.0,0.0,0.0,-0.23287656903266907,10.088459968566895,0.0454254150390625,9.800445556640625,0.25309303402900696,-10.0,-9.880027770996094,14.67492389678955,2.0,2.0,17.789152145385742,0.30357420444488525,0.28977540135383606,0.30357420444488525,0.29590821266174316,0.0,0.30469265580177307,0.30469265580177307,0.30469265580177307,0.30469265580177307,0.0,-0.959823727607727,0.6948122978210449,-10.72630786895752,0.0,0.0,0.0,0.0,0.0,0.0,0.0,0.0,0.0,0.0,0.0,0.0,0.0,0.0,0.0,0.30469274520874023,0.30469274520874023,0.304692804813385,0.30469274520874023,0.33220455050468445,0.04114978387951851,0.04114978387951851,0.39053526520729065,0.4118903577327728,1.074061632156372,1.191715955734253,0.0,0.0,0.0,0.0,0.0,0.0,0.0
84510472315,0,-0.02080148085951805,-0.14620105922222137,-0.12788167595863342,-0.02080148085951805,-0.14620105922222137,-0.8278816938400269,-0.017328975722193718,0.00655400799587369,0.007293109316378832,0.0,0.0,0.0,-0.012481643818318844,-0.019522257149219513,-0.010293465107679367,0.0,0.0,-0.010293466039001942,0.064394012093544,0.05026323348283768,0.02934996411204338,0.09827778488397598,0.15551410615444183,5.098217661725357e-05,0.0,0.0,0.0,-0.23287656903266907,10.088459968566895,0.0454254150390625,9.800445556640625,0.25309303402900696,-10.0,-9.880027770996094,14.67492389678955,2.0,2.0,17.789152145385742,0.30357420444488525,0.28977540135383606,0.30357420444488525,0.29590821266174316,0.0,0.30469265580177307,0.30469265580177307,0.30469265580177307,0.30469265580177307,0.0,-0.959823727607727,0.6948122978210449,-10.72630786895752,0.0,0.0,0.0,0.0,0.0,0.0,0.0,0.0,0.0,0.0,0.0,0.0,0.0,0.0,0.0,0.30469274520874023,0.30469274520874023,0.304692804813385,0.30469274520874023,0.33220455050468445,0.04114978387951851,0.04114978387951851,0.39053526520729065,0.4118903577327728,1.074061632156372,1.191715955734253,0.0,0.0,0.0,0.0,0.0,0.0,0.0
84517917014,0,-0.02080148085951805,-0.14620105922222137,-0.12788167595863342,-0.02080148085951805,-0.14620105922222137,-0.8278816938400269,-0.017328975722193718,0.00655400799587369,0.007293109316378832,0.0,0.0,0.0,-0.012481643818318844,-0.019522257149219513,-0.010293465107679367,0.0,0.0,-0.010293466039001942,0.064394012093544,0.05026323348283768,0.02934996411204338,0.09827778488397598,0.15551410615444183,5.098217661725357e-05,0.0,0.0,0.0,-0.23287656903266907,10.088459968566895,0.0454254150390625,9.800445556640625,0.25309303402900696,-10.0,-9.880027770996094,14.67492389678955,2.0,2.0,17.789152145385742,0.30357420444488525,0.28977540135383606,0.30357420444488525,0.29590821266174316,0.0,0.30469265580177307,0.30469265580177307,0.30469265580177307,0.30469265580177307,0.0,-0.959823727607727,0.6948122978210449,-10.72630786895752,0.0,0.0,0.0,0.0,0.0,0.0,0.0,0.0,0.0,0.0,0.0,0.0,0.0,0.0,0.0,0.30469274520874023,0.30469274520874023,0.304692804813385,0.30469274520874023,0.33220455050468445,0.04114978387951851,0.04114978387951851,0.39053526520729065,0.4118903577327728,1.074061632156372,1.191715955734253,0.0,0.0,0.0,0.0,0.0,0.0,0.0
84545027141,0,-0.02080148085951805,-0.14620105922222137,-0.12788167595863342,-0.02080148085951805,-0.14620105922222137,-0.8278816938400269,-0.017328975722193718,0.00655400799587369,0.007293109316378832,0.0,0.0,0.0,-0.012481643818318844,-0.019522257149219513,-0.010293465107679367,0.0,0.0,-0.010293466039001942,0.064394012093544,0.05026323348283768,0.02934996411204338,0.09827778488397598,0.15551410615444183,5.098217661725357e-05,0.0,0.0,0.0,-0.23287656903266907,10.088459968566895,0.0454254150390625,9.800445556640625,0.25309303402900696,-10.0,-9.880027770996094,14.67492389678955,2.0,2.0,17.789152145385742,0.30357420444488525,0.28977540135383606,0.30357420444488525,0.29590821266174316,0.0,0.30469265580177307,0.30469265580177307,0.30469265580177307,0.30469265580177307,0.0,-0.959823727607727,0.6948122978210449,-10.72630786895752,0.0,0.0,0.0,0.0,0.0,0.0,0.0,0.0,0.0,0.0,0.0,0.0,0.0,0.0,0.0,0.30469274520874023,0.30469274520874023,0.304692804813385,0.30469274520874023,0.33220455050468445,0.04114978387951851,0.04114978387951851,0.39053526520729065,0.4118903577327728,1.074061632156372,1.191715955734253,0.0,0.0,0.0,0.0,0.0,0.0,0.0
84545063756,0,-0.02080148085951805,-0.14620105922222137,-0.12788167595863342,-0.02080148085951805,-0.14620105922222137,-0.8278816938400269,-0.017328975722193718,0.00655400799587369,0.007293109316378832,0.0,0.0,0.0,-0.012481643818318844,-0.019522257149219513,-0.010293465107679367,0.0,0.0,-0.010293466039001942,0.064394012093544,0.05026323348283768,0.02934996411204338,0.09827778488397598,0.15551410615444183,5.098217661725357e-05,0.0,0.0,0.0,-0.23287656903266907,10.088459968566895,0.0454254150390625,9.800445556640625,0.25309303402900696,-10.0,-9.880027770996094,14.67492389678955,2.0,2.0,17.789152145385742,0.30357420444488525,0.28977540135383606,0.30357420444488525,0.29590821266174316,0.0,0.30469265580177307,0.30469265580177307,0.30469265580177307,0.30469265580177307,0.0,-0.959823727607727,0.6948122978210449,-10.72630786895752,0.0,0.0,0.0,0.0,0.0,0.0,0.0,0.0,0.0,0.0,0.0,0.0,0.0,0.0,0.0,0.30469274520874023,0.30469274520874023,0.304692804813385,0.30469274520874023,0.33220455050468445,0.04114978387951851,0.04114978387951851,0.39053526520729065,0.4118903577327728,1.074061632156372,1.191715955734253,0.0,0.0,0.0,0.0,0.0,0.0,0.0
84551600429,0,-0.02080148085951805,-0.14620105922222137,-0.12788167595863342,-0.02080148085951805,-0.14620105922222137,-0.8278816938400269,-0.017328975722193718,0.00655400799587369,0.007293109316378832,0.0,0.0,0.0,-0.012481643818318844,-0.019522257149219513,-0.010293465107679367,0.0,0.0,-0.010293466039001942,0.064394012093544,0.05026323348283768,0.02934996411204338,0.09827778488397598,0.15551410615444183,5.098217661725357e-05,0.0,0.0,0.0,-0.23287656903266907,10.088459968566895,0.0454254150390625,9.800445556640625,0.25309303402900696,-10.0,-9.880027770996094,14.67492389678955,2.0,2.0,17.789152145385742,0.30357420444488525,0.28977540135383606,0.30357420444488525,0.29744139313697815,0.0,0.30469265580177307,0.30469265580177307,0.30469265580177307,0.30469265580177307,0.0,-0.959823727607727,0.6948122978210449,-10.72630786895752,0.0,0.0,0.0,0.0,0.0,0.0,0.0,0.0,0.0,0.0,0.0,0.0,0.0,0.0,0.0,0.30469274520874023,0.30469274520874023,0.304692804813385,0.30469274520874023,0.33220455050468445,0.04114978387951851,0.04114978387951851,0.39053526520729065,0.4118903577327728,1.074061632156372,1.191715955734253,0.0,0.0,0.0,0.0,0.0,0.0,0.0
84558061305,0,-0.02080148085951805,-0.14620105922222137,-0.12788167595863342,-0.02080148085951805,-0.14620105922222137,-0.8278816938400269,-0.017328975722193718,0.00655400799587369,0.007293109316378832,0.0,0.0,0.0,-0.012481643818318844,-0.019522257149219513,-0.010293465107679367,0.0,0.0,-0.010293466039001942,0.064394012093544,0.05026323348283768,0.02934996411204338,0.09827778488397598,0.15551410615444183,5.098217661725357e-05,0.0,0.0,0.0,-0.23287656903266907,10.088459968566895,0.0454254150390625,9.800445556640625,0.25309303402900696,-10.0,-9.880027770996094,14.67492389678955,2.0,2.0,17.789152145385742,0.30357420444488525,0.28977540135383606,0.30357420444488525,0.29590821266174316,0.0,0.30469265580177307,0.30469265580177307,0.30469265580177307,0.30469265580177307,0.0,-0.959823727607727,0.6948122978210449,-10.72630786895752,0.0,0.0,0.0,0.0,0.0,0.0,0.0,0.0,0.0,0.0,0.0,0.0,0.0,0.0,0.0,0.30469274520874023,0.30469274520874023,0.304692804813385,0.30469274520874023,0.33220455050468445,0.04114978387951851,0.04114978387951851,0.39053526520729065,0.4118903577327728,1.074061632156372,1.191715955734253,0.0,0.0,0.0,0.0,0.0,0.0,0.0
84567877411,0,-0.02080148085951805,-0.14620105922222137,-0.12788167595863342,-0.02080148085951805,-0.14620105922222137,-0.8278816938400269,-0.017328975722193718,0.00655400799587369,0.007293109316378832,0.0,0.0,0.0,-0.012481643818318844,-0.019522257149219513,-0.010293465107679367,0.0,0.0,-0.010293466039001942,0.064394012093544,0.05026323348283768,0.02934996411204338,0.09827778488397598,0.15551410615444183,5.098217661725357e-05,0.0,0.0,0.0,-0.23287656903266907,10.088459968566895,0.0454254150390625,9.800445556640625,0.25309303402900696,-10.0,-9.880027770996094,14.67492389678955,2.0,2.0,17.789152145385742,0.30357420444488525,0.28977540135383606,0.30357420444488525,0.29744139313697815,0.0,0.30469265580177307,0.30469265580177307,0.30469265580177307,0.30469265580177307,0.0,-0.959823727607727,0.6948122978210449,-10.72630786895752,0.0,0.0,0.0,0.0,0.0,0.0,0.0,0.0,0.0,0.0,0.0,0.0,0.0,0.0,0.0,0.30469274520874023,0.30469274520874023,0.304692804813385,0.30469274520874023,0.33220455050468445,0.04114978387951851,0.04114978387951851,0.39053526520729065,0.4118903577327728,1.074061632156372,1.191715955734253,0.0,0.0,0.0,0.0,0.0,0.0,0.0
84578627204,0,-0.02080148085951805,-0.14620105922222137,-0.12788167595863342,-0.02080148085951805,-0.14620105922222137,-0.8278816938400269,-0.017328975722193718,0.00655400799587369,0.007293109316378832,0.0,0.0,0.0,-0.012481643818318844,-0.019522257149219513,-0.010293465107679367,0.0,0.0,-0.010293466039001942,0.064394012093544,0.05026323348283768,0.02934996411204338,0.09827778488397598,0.15551410615444183,5.098217661725357e-05,0.0,0.0,0.0,-0.23287656903266907,10.088459968566895,0.0454254150390625,9.800445556640625,0.25309303402900696,-10.0,-9.880027770996094,14.67492389678955,2.0,2.0,17.789152145385742,0.30357420444488525,0.28977540135383606,0.30357420444488525,0.29590821266174316,0.0,0.30469265580177307,0.30469265580177307,0.30469265580177307,0.30469265580177307,0.0,-0.959823727607727,0.6948122978210449,-10.72630786895752,0.0,0.0,0.0,0.0,0.0,0.0,0.0,0.0,0.0,0.0,0.0,0.0,0.0,0.0,0.0,0.30469274520874023,0.30469274520874023,0.304692804813385,0.30469274520874023,0.33220455050468445,0.04114978387951851,0.04114978387951851,0.39053526520729065,0.4118903577327728,1.074061632156372,1.191715955734253,0.0,0.0,0.0,0.0,0.0,0.0,0.0
84588892710,0,-0.02080148085951805,-0.14620105922222137,-0.12788167595863342,-0.02080148085951805,-0.14620105922222137,-0.8278816938400269,-0.017328975722193718,0.00655400799587369,0.007293109316378832,0.0,0.0,0.0,-0.012481643818318844,-0.019522257149219513,-0.010293465107679367,0.0,0.0,-0.010293466039001942,0.064394012093544,0.05026323348283768,0.02934996411204338,0.09827778488397598,0.15551410615444183,5.098217661725357e-05,0.0,0.0,0.0,-0.23287656903266907,10.088459968566895,0.0454254150390625,9.800445556640625,0.25309303402900696,-10.0,-9.880027770996094,14.67492389678955,2.0,2.0,17.789152145385742,0.30357420444488525,0.28977540135383606,0.30357420444488525,0.29744139313697815,0.0,0.30469265580177307,0.30469265580177307,0.30469265580177307,0.30469265580177307,0.0,-0.959823727607727,0.6948122978210449,-10.72630786895752,0.0,0.0,0.0,0.0,0.0,0.0,0.0,0.0,0.0,0.0,0.0,0.0,0.0,0.0,0.0,0.30469274520874023,0.30469274520874023,0.304692804813385,0.30469274520874023,0.33220455050468445,0.04114978387951851,0.04114978387951851,0.39053526520729065,0.4118903577327728,1.074061632156372,1.191715955734253,0.0,0.0,0.0,0.0,0.0,0.0,0.0
84598162254,0,-0.02080148085951805,-0.14620105922222137,-0.12788167595863342,-0.02080148085951805,-0.14620105922222137,-0.8278816938400269,-0.017328975722193718,0.00655400799587369,0.007293109316378832,0.0,0.0,0.0,-0.012481643818318844,-0.019522257149219513,-0.010293465107679367,0.0,0.0,-0.010293466039001942,0.064394012093544,0.05026323348283768,0.02934996411204338,0.09827778488397598,0.15551410615444183,5.098217661725357e-05,0.0,0.0,0.0,-0.23287656903266907,10.088459968566895,0.0454254150390625,9.800445556640625,0.25309303402900696,-10.0,-9.880027770996094,14.67492389678955,2.0,2.0,17.789152145385742,0.30357420444488525,0.28977540135383606,0.30357420444488525,0.29744139313697815,0.0,0.30469265580177307,0.30469265580177307,0.30469265580177307,0.30469265580177307,0.0,-0.959823727607727,0.6948122978210449,-10.72630786895752,0.0,0.0,0.0,0.0,0.0,0.0,0.0,0.0,0.0,0.0,0.0,0.0,0.0,0.0,0.0,0.30469274520874023,0.30469274520874023,0.304692804813385,0.30469274520874023,0.33220455050468445,0.04114978387951851,0.04114978387951851,0.39053526520729065,0.4118903577327728,1.074061632156372,1.191715955734253,0.0,0.0,0.0,0.0,0.0,0.0,0.0
84608028085,0,-0.02080148085951805,-0.14620105922222137,-0.12788167595863342,-0.02080148085951805,-0.14620105922222137,-0.8278816938400269,-0.017328975722193718,0.00655400799587369,0.007293109316378832,0.0,0.0,0.0,-0.012481643818318844,-0.019522257149219513,-0.010293465107679367,0.0,0.0,-0.010293466039001942,0.064394012093544,0.05026323348283768,0.02934996411204338,0.09827778488397598,0.15551410615444183,5.098217661725357e-05,0.0,0.0,0.0,-0.23287656903266907,10.088459968566895,0.0454254150390625,9.800445556640625,0.25309303402900696,-10.0,-9.880027770996094,14.67492389678955,2.0,2.0,17.789152145385742,0.30357420444488525,0.28977540135383606,0.30357420444488525,0.29744139313697815,0.0,0.30469265580177307,0.30469265580177307,0.30469265580177307,0.30469265580177307,0.0,-0.959823727607727,0.6948122978210449,-10.72630786895752,0.0,0.0,0.0,0.0,0.0,0.0,0.0,0.0,0.0,0.0,0.0,0.0,0.0,0.0,0.0,0.30469274520874023,0.30469274520874023,0.304692804813385,0.30469274520874023,0.33220455050468445,0.04114978387951851,0.04114978387951851,0.39053526520729065,0.4118903577327728,1.074061632156372,1.191715955734253,0.0,0.0,0.0,0.0,0.0,0.0,0.0
84618340590,0,-0.02080148085951805,-0.14620105922222137,-0.12788167595863342,-0.02080148085951805,-0.14620105922222137,-0.8278816938400269,-0.017328975722193718,0.00655400799587369,0.007293109316378832,0.0,0.0,0.0,-0.012481643818318844,-0.019522257149219513,-0.010293465107679367,0.0,0.0,-0.010293466039001942,0.064394012093544,0.05026323348283768,0.02934996411204338,0.09827778488397598,0.15551410615444183,5.098217661725357e-05,0.0,0.0,0.0,-0.23287656903266907,10.088459968566895,0.0454254150390625,9.800445556640625,0.25309303402900696,-10.0,-9.880027770996094,14.67492389678955,2.0,2.0,17.789152145385742,0.30357420444488525,0.28977540135383606,0.30357420444488525,0.29744139313697815,0.0,0.30469265580177307,0.30469265580177307,0.30469265580177307,0.30469265580177307,0.0,-0.959823727607727,0.6948122978210449,-10.72630786895752,0.0,0.0,0.0,0.0,0.0,0.0,0.0,0.0,0.0,0.0,0.0,0.0,0.0,0.0,0.0,0.30469274520874023,0.30469274520874023,0.304692804813385,0.30469274520874023,0.33220455050468445,0.04114978387951851,0.04114978387951851,0.39053526520729065,0.4118903577327728,1.074061632156372,1.191715955734253,0.0,0.0,0.0,0.0,0.0,0.0,0.0
84628224089,0,-0.02080148085951805,-0.14620105922222137,-0.12788167595863342,-0.02080148085951805,-0.14620105922222137,-0.8278816938400269,-0.017328975722193718,0.00655400799587369,0.007293109316378832,0.0,0.0,0.0,-0.012481643818318844,-0.019522257149219513,-0.010293465107679367,0.0,0.0,-0.010293466039001942,0.064394012093544,0.05026323348283768,0.02934996411204338,0.09827778488397598,0.15551410615444183,5.098217661725357e-05,0.0,0.0,0.0,-0.23287656903266907,10.088459968566895,0.0454254150390625,9.800445556640625,0.25309303402900696,-10.0,-9.880027770996094,14.67492389678955,2.0,2.0,17.789152145385742,0.30357420444488525,0.28977540135383606,0.30357420444488525,0.29590821266174316,0.0,0.30469265580177307,0.30469265580177307,0.30469265580177307,0.30469265580177307,0.0,-0.959823727607727,0.6948122978210449,-10.72630786895752,0.0,0.0,0.0,0.0,0.0,0.0,0.0,0.0,0.0,0.0,0.0,0.0,0.0,0.0,0.0,0.30469274520874023,0.30469274520874023,0.304692804813385,0.30469274520874023,0.33220455050468445,0.04114978387951851,0.04114978387951851,0.39053526520729065,0.4118903577327728,1.074061632156372,1.191715955734253,0.0,0.0,0.0,0.0,0.0,0.0,0.0
84638092313,0,-0.02080148085951805,-0.14620105922222137,-0.12788167595863342,-0.02080148085951805,-0.14620105922222137,-0.8278816938400269,-0.017328975722193718,0.00655400799587369,0.007293109316378832,0.0,0.0,0.0,-0.012481643818318844,-0.019522257149219513,-0.010293465107679367,0.0,0.0,-0.010293466039001942,0.064394012093544,0.05026323348283768,0.02934996411204338,0.09827778488397598,0.15551410615444183,5.098217661725357e-05,0.0,0.0,0.0,-0.23287656903266907,10.088459968566895,0.0454254150390625,9.800445556640625,0.25309303402900696,-10.0,-9.880027770996094,14.67492389678955,2.0,2.0,17.789152145385742,0.30357420444488525,0.28977540135383606,0.30204102396965027,0.29590821266174316,0.0,0.30469265580177307,0.30469265580177307,0.30469265580177307,0.30469265580177307,0.0,-0.959823727607727,0.6948122978210449,-10.72630786895752,0.0,0.0,0.0,0.0,0.0,0.0,0.0,0.0,0.0,0.0,0.0,0.0,0.0,0.0,0.0,0.30469274520874023,0.30469274520874023,0.304692804813385,0.30469274520874023,0.33220455050468445,0.04114978387951851,0.04114978387951851,0.39053526520729065,0.4118903577327728,1.074061632156372,1.191715955734253,0.0,0.0,0.0,0.0,0.0,0.0,0.0
84648179312,0,-0.02080148085951805,-0.14620105922222137,-0.12788167595863342,-0.02080148085951805,-0.14620105922222137,-0.8278816938400269,-0.017328975722193718,0.00655400799587369,0.007293109316378832,0.0,0.0,0.0,-0.012481643818318844,-0.019522257149219513,-0.010293465107679367,0.0,0.0,-0.010293466039001942,0.064394012093544,0.05026323348283768,0.02934996411204338,0.09827778488397598,0.15551410615444183,5.098217661725357e-05,0.0,0.0,0.0,-0.23287656903266907,10.088459968566895,0.0454254150390625,9.800445556640625,0.25309303402900696,-10.0,-9.880027770996094,14.67492389678955,2.0,2.0,17.789152145385742,0.30357420444488525,0.28977540135383606,0.30357420444488525,0.29744139313697815,0.0,0.30469265580177307,0.30469265580177307,0.30469265580177307,0.30469265580177307,0.0,-0.959823727607727,0.6948122978210449,-10.72630786895752,0.0,0.0,0.0,0.0,0.0,0.0,0.0,0.0,0.0,0.0,0.0,0.0,0.0,0.0,0.0,0.30469274520874023,0.30469274520874023,0.304692804813385,0.30469274520874023,0.33220455050468445,0.04114978387951851,0.04114978387951851,0.39053526520729065,0.4118903577327728,1.074061632156372,1.191715955734253,0.0,0.0,0.0,0.0,0.0,0.0,0.0
84669595340,0,-0.02080148085951805,-0.14620105922222137,-0.12788167595863342,-0.02080148085951805,-0.14620105922222137,-0.8278816938400269,-0.017328975722193718,0.00655400799587369,0.007293109316378832,0.0,0.0,0.0,-0.012481643818318844,-0.019522257149219513,-0.010293465107679367,0.0,0.0,-0.010293466039001942,0.064394012093544,0.05026323348283768,0.02934996411204338,0.09827778488397598,0.15551410615444183,5.098217661725357e-05,0.0,0.0,0.0,-0.23287656903266907,10.088459968566895,0.0454254150390625,9.800445556640625,0.25309303402900696,-10.0,-9.880027770996094,14.67492389678955,2.0,2.0,17.789152145385742,0.30357420444488525,0.28977540135383606,0.30357420444488525,0.29590821266174316,0.0,0.30469265580177307,0.30469265580177307,0.30469265580177307,0.30469265580177307,0.0,-0.959823727607727,0.6948122978210449,-10.72630786895752,0.0,0.0,0.0,0.0,0.0,0.0,0.0,0.0,0.0,0.0,0.0,0.0,0.0,0.0,0.0,0.30469274520874023,0.30469274520874023,0.304692804813385,0.30469274520874023,0.33220455050468445,0.04114978387951851,0.04114978387951851,0.39053526520729065,0.4118903577327728,1.074061632156372,1.191715955734253,0.0,0.0,0.0,0.0,0.0,0.0,0.0
84669627456,0,-0.02080148085951805,-0.14620105922222137,-0.12788167595863342,-0.02080148085951805,-0.14620105922222137,-0.8278816938400269,-0.017328975722193718,0.00655400799587369,0.007293109316378832,0.0,0.0,0.0,-0.012481643818318844,-0.019522257149219513,-0.010293465107679367,0.0,0.0,-0.010293466039001942,0.064394012093544,0.05026323348283768,0.02934996411204338,0.09827778488397598,0.15551410615444183,5.098217661725357e-05,0.0,0.0,0.0,-0.23287656903266907,10.088459968566895,0.0454254150390625,9.800445556640625,0.25309303402900696,-10.0,-9.880027770996094,14.67492389678955,2.0,2.0,17.789152145385742,0.30357420444488525,0.28977540135383606,0.30357420444488525,0.29744139313697815,0.0,0.30469265580177307,0.30469265580177307,0.30469265580177307,0.30469265580177307,0.0,-0.959823727607727,0.6948122978210449,-10.72630786895752,0.0,0.0,0.0,0.0,0.0,0.0,0.0,0.0,0.0,0.0,0.0,0.0,0.0,0.0,0.0,0.30469274520874023,0.30469274520874023,0.304692804813385,0.30469274520874023,0.33220455050468445,0.04114978387951851,0.04114978387951851,0.39053526520729065,0.4118903577327728,1.074061632156372,1.191715955734253,0.0,0.0,0.0,0.0,0.0,0.0,0.0
84679975333,0,-0.02080148085951805,-0.14620105922222137,-0.12788167595863342,-0.02080148085951805,-0.14620105922222137,-0.8278816938400269,-0.017328975722193718,0.00655400799587369,0.007293109316378832,0.0,0.0,0.0,-0.012481643818318844,-0.019522257149219513,-0.010293465107679367,0.0,0.0,-0.010293466039001942,0.064394012093544,0.05026323348283768,0.02934996411204338,0.09827778488397598,0.15551410615444183,5.098217661725357e-05,0.0,0.0,0.0,-0.23287656903266907,10.088459968566895,0.0454254150390625,9.800445556640625,0.25309303402900696,-10.0,-9.880027770996094,14.67492389678955,2.0,2.0,17.789152145385742,0.30357420444488525,0.28977540135383606,0.30357420444488525,0.29744139313697815,0.0,0.30469265580177307,0.30469265580177307,0.30469265580177307,0.30469265580177307,0.0,-0.959823727607727,0.6948122978210449,-10.72630786895752,0.0,0.0,0.0,0.0,0.0,0.0,0.0,0.0,0.0,0.0,0.0,0.0,0.0,0.0,0.0,0.30469274520874023,0.30469274520874023,0.304692804813385,0.30469274520874023,0.33220455050468445,0.04114978387951851,0.04114978387951851,0.39053526520729065,0.4118903577327728,1.074061632156372,1.191715955734253,0.0,0.0,0.0,0.0,0.0,0.0,0.0
84688717039,0,-0.02080148085951805,-0.14620105922222137,-0.12788167595863342,-0.02080148085951805,-0.14620105922222137,-0.8278816938400269,-0.017328975722193718,0.00655400799587369,0.007293109316378832,0.0,0.0,0.0,-0.012481643818318844,-0.019522257149219513,-0.010293465107679367,0.0,0.0,-0.010293466039001942,0.064394012093544,0.05026323348283768,0.02934996411204338,0.09827778488397598,0.15551410615444183,5.098217661725357e-05,0.0,0.0,0.0,-0.23287656903266907,10.088459968566895,0.0454254150390625,9.800445556640625,0.25309303402900696,-10.0,-9.880027770996094,14.67492389678955,2.0,2.0,17.789152145385742,0.30357420444488525,0.28977540135383606,0.30357420444488525,0.29744139313697815,0.0,0.30469265580177307,0.30469265580177307,0.30469265580177307,0.30469265580177307,0.0,-0.959823727607727,0.6948122978210449,-10.72630786895752,0.0,0.0,0.0,0.0,0.0,0.0,0.0,0.0,0.0,0.0,0.0,0.0,0.0,0.0,0.0,0.30469274520874023,0.30469274520874023,0.304692804813385,0.30469274520874023,0.33220455050468445,0.04114978387951851,0.04114978387951851,0.39053526520729065,0.4118903577327728,1.074061632156372,1.191715955734253,0.0,0.0,0.0,0.0,0.0,0.0,0.0
84698249239,0,-0.02080148085951805,-0.14620105922222137,-0.12788167595863342,-0.02080148085951805,-0.14620105922222137,-0.8278816938400269,-0.017328975722193718,0.00655400799587369,0.007293109316378832,0.0,0.0,0.0,-0.012481643818318844,-0.019522257149219513,-0.010293465107679367,0.0,0.0,-0.010293466039001942,0.064394012093544,0.05026323348283768,0.02934996411204338,0.09827778488397598,0.15551410615444183,5.098217661725357e-05,0.0,0.0,0.0,-0.23287656903266907,10.088459968566895,0.0454254150390625,9.800445556640625,0.25309303402900696,-10.0,-9.880027770996094,14.67492389678955,2.0,2.0,17.789152145385742,0.30357420444488525,0.28977540135383606,0.30357420444488525,0.29744139313697815,0.0,0.30469265580177307,0.30469265580177307,0.30469265580177307,0.30469265580177307,0.0,-0.959823727607727,0.6948122978210449,-10.72630786895752,0.0,0.0,0.0,0.0,0.0,0.0,0.0,0.0,0.0,0.0,0.0,0.0,0.0,0.0,0.0,0.30469274520874023,0.30469274520874023,0.304692804813385,0.30469274520874023,0.33220455050468445,0.04114978387951851,0.04114978387951851,0.39053526520729065,0.4118903577327728,1.074061632156372,1.191715955734253,0.0,0.0,0.0,0.0,0.0,0.0,0.0
84707875316,0,-0.02080148085951805,-0.14620105922222137,-0.12788167595863342,-0.02080148085951805,-0.14620105922222137,-0.8278816938400269,-0.017328975722193718,0.00655400799587369,0.007293109316378832,0.0,0.0,0.0,-0.012481643818318844,-0.019522257149219513,-0.010293465107679367,0.0,0.0,-0.010293466039001942,0.064394012093544,0.05026323348283768,0.02934996411204338,0.09827778488397598,0.15551410615444183,5.098217661725357e-05,0.0,0.0,0.0,-0.23287656903266907,10.088459968566895,0.0454254150390625,9.800445556640625,0.25309303402900696,-10.0,-9.880027770996094,14.67492389678955,2.0,2.0,17.789152145385742,0.30357420444488525,0.28977540135383606,0.30357420444488525,0.29744139313697815,0.0,0.30469265580177307,0.30469265580177307,0.30469265580177307,0.30469265580177307,0.0,-0.959823727607727,0.6948122978210449,-10.72630786895752,0.0,0.0,0.0,0.0,0.0,0.0,0.0,0.0,0.0,0.0,0.0,0.0,0.0,0.0,0.0,0.30469274520874023,0.30469274520874023,0.304692804813385,0.30469274520874023,0.33220455050468445,0.04114978387951851,0.04114978387951851,0.39053526520729065,0.4118903577327728,1.074061632156372,1.191715955734253,0.0,0.0,0.0,0.0,0.0,0.0,0.0
84721396358,0,-0.02080148085951805,-0.14620105922222137,-0.12788167595863342,-0.02080148085951805,-0.14620105922222137,-0.8278816938400269,-0.017328975722193718,0.00655400799587369,0.007293109316378832,0.0,0.0,0.0,-0.012481643818318844,-0.019522257149219513,-0.010293465107679367,0.0,0.0,-0.010293466039001942,0.064394012093544,0.05026323348283768,0.02934996411204338,0.09827778488397598,0.15551410615444183,5.098217661725357e-05,0.0,0.0,0.0,-0.23287656903266907,10.088459968566895,0.0454254150390625,9.800445556640625,0.25309303402900696,-10.0,-9.880027770996094,14.67492389678955,2.0,2.0,17.789152145385742,0.30357420444488525,0.28977540135383606,0.30357420444488525,0.29744139313697815,0.0,0.30469265580177307,0.30469265580177307,0.30469265580177307,0.30469265580177307,0.0,-0.959823727607727,0.6948122978210449,-10.72630786895752,0.0,0.0,0.0,0.0,0.0,0.0,0.0,0.0,0.0,0.0,0.0,0.0,0.0,0.0,0.0,0.30469274520874023,0.30469274520874023,0.304692804813385,0.30469274520874023,0.33220455050468445,0.04114978387951851,0.04114978387951851,0.39053526520729065,0.4118903577327728,1.074061632156372,1.191715955734253,0.0,0.0,0.0,0.0,0.0,0.0,0.0
84728049931,0,-0.02080148085951805,-0.14620105922222137,-0.12788167595863342,-0.02080148085951805,-0.14620105922222137,-0.8278816938400269,-0.017328975722193718,0.00655400799587369,0.007293109316378832,0.0,0.0,0.0,-0.012481643818318844,-0.019522257149219513,-0.010293465107679367,0.0,0.0,-0.010293466039001942,0.064394012093544,0.05026323348283768,0.02934996411204338,0.09827778488397598,0.15551410615444183,5.098217661725357e-05,0.0,0.0,0.0,-0.23287656903266907,10.088459968566895,0.0454254150390625,9.800445556640625,0.25309303402900696,-10.0,-9.880027770996094,14.67492389678955,2.0,2.0,17.789152145385742,0.30357420444488525,0.28977540135383606,0.30357420444488525,0.29744139313697815,0.0,0.30469265580177307,0.30469265580177307,0.30469265580177307,0.30469265580177307,0.0,-0.959823727607727,0.6948122978210449,-10.72630786895752,0.0,0.0,0.0,0.0,0.0,0.0,0.0,0.0,0.0,0.0,0.0,0.0,0.0,0.0,0.0,0.30469274520874023,0.30469274520874023,0.304692804813385,0.30469274520874023,0.33220455050468445,0.04114978387951851,0.04114978387951851,0.39053526520729065,0.4118903577327728,1.074061632156372,1.191715955734253,0.0,0.0,0.0,0.0,0.0,0.0,0.0
84740002849,0,-0.02080148085951805,-0.14620105922222137,-0.12788167595863342,-0.02080148085951805,-0.14620105922222137,-0.8278816938400269,-0.017328975722193718,0.00655400799587369,0.007293109316378832,0.0,0.0,0.0,-0.012481643818318844,-0.019522257149219513,-0.010293465107679367,0.0,0.0,-0.010293466039001942,0.064394012093544,0.05026323348283768,0.02934996411204338,0.09827778488397598,0.15551410615444183,5.098217661725357e-05,0.0,0.0,0.0,-0.23287656903266907,10.088459968566895,0.0454254150390625,9.800445556640625,0.25309303402900696,-10.0,-9.880027770996094,14.67492389678955,2.0,2.0,17.789152145385742,0.30357420444488525,0.28977540135383606,0.30204102396965027,0.29590821266174316,0.0,0.30469265580177307,0.30469265580177307,0.30469265580177307,0.30469265580177307,0.0,-0.959823727607727,0.6948122978210449,-10.72630786895752,0.0,0.0,0.0,0.0,0.0,0.0,0.0,0.0,0.0,0.0,0.0,0.0,0.0,0.0,0.0,0.30469274520874023,0.30469274520874023,0.304692804813385,0.30469274520874023,0.33220455050468445,0.04114978387951851,0.04114978387951851,0.39053526520729065,0.4118903577327728,1.074061632156372,1.191715955734253,0.0,0.0,0.0,0.0,0.0,0.0,0.0
84749710125,0,-0.02080148085951805,-0.14620105922222137,-0.12788167595863342,-0.02080148085951805,-0.14620105922222137,-0.8278816938400269,-0.017328975722193718,0.00655400799587369,0.007293109316378832,0.0,0.0,0.0,-0.012481643818318844,-0.019522257149219513,-0.010293465107679367,0.0,0.0,-0.010293466039001942,0.064394012093544,0.05026323348283768,0.02934996411204338,0.09827778488397598,0.15551410615444183,5.098217661725357e-05,0.0,0.0,0.0,-0.23287656903266907,10.088459968566895,0.0454254150390625,9.800445556640625,0.25309303402900696,-10.0,-9.880027770996094,14.67492389678955,2.0,2.0,17.789152145385742,0.30357420444488525,0.28977540135383606,0.30204102396965027,0.29590821266174316,0.0,0.30469265580177307,0.30469265580177307,0.30469265580177307,0.30469265580177307,0.0,-0.959823727607727,0.6948122978210449,-10.72630786895752,0.0,0.0,0.0,0.0,0.0,0.0,0.0,0.0,0.0,0.0,0.0,0.0,0.0,0.0,0.0,0.30469274520874023,0.30469274520874023,0.304692804813385,0.30469274520874023,0.33220455050468445,0.04114978387951851,0.04114978387951851,0.39053526520729065,0.4118903577327728,1.074061632156372,1.191715955734253,0.0,0.0,0.0,0.0,0.0,0.0,0.0
84763919653,0,-0.02080148085951805,-0.14620105922222137,-0.12788167595863342,-0.02080148085951805,-0.14620105922222137,-0.8278816938400269,-0.017328975722193718,0.00655400799587369,0.007293109316378832,0.0,0.0,0.0,-0.012481643818318844,-0.019522257149219513,-0.010293465107679367,0.0,0.0,-0.010293466039001942,0.064394012093544,0.05026323348283768,0.02934996411204338,0.09827778488397598,0.15551410615444183,5.098217661725357e-05,0.0,0.0,0.0,-0.23287656903266907,10.088459968566895,0.0454254150390625,9.800445556640625,0.25309303402900696,-10.0,-9.880027770996094,14.67492389678955,2.0,2.0,17.789152145385742,0.30357420444488525,0.28977540135383606,0.30204102396965027,0.29590821266174316,0.0,0.30469265580177307,0.30469265580177307,0.30469265580177307,0.30469265580177307,0.0,-0.959823727607727,0.6948122978210449,-10.72630786895752,0.0,0.0,0.0,0.0,0.0,0.0,0.0,0.0,0.0,0.0,0.0,0.0,0.0,0.0,0.0,0.30469274520874023,0.30469274520874023,0.304692804813385,0.30469274520874023,0.33220455050468445,0.04114978387951851,0.04114978387951851,0.39053526520729065,0.4118903577327728,1.074061632156372,1.191715955734253,0.0,0.0,0.0,0.0,0.0,0.0,0.0
84767849154,0,-0.02080148085951805,-0.14620105922222137,-0.12788167595863342,-0.02080148085951805,-0.14620105922222137,-0.8278816938400269,-0.017328975722193718,0.00655400799587369,0.007293109316378832,0.0,0.0,0.0,-0.012481643818318844,-0.019522257149219513,-0.010293465107679367,0.0,0.0,-0.010293466039001942,0.064394012093544,0.05026323348283768,0.02934996411204338,0.09827778488397598,0.15551410615444183,5.098217661725357e-05,0.0,0.0,0.0,-0.23287656903266907,10.088459968566895,0.0454254150390625,9.800445556640625,0.25309303402900696,-10.0,-9.880027770996094,14.67492389678955,2.0,2.0,17.789152145385742,0.30357420444488525,0.28977540135383606,0.30204102396965027,0.29590821266174316,0.0,0.30469265580177307,0.30469265580177307,0.30469265580177307,0.30469265580177307,0.0,-0.959823727607727,0.6948122978210449,-10.72630786895752,0.0,0.0,0.0,0.0,0.0,0.0,0.0,0.0,0.0,0.0,0.0,0.0,0.0,0.0,0.0,0.30469274520874023,0.30469274520874023,0.304692804813385,0.30469274520874023,0.33220455050468445,0.04114978387951851,0.04114978387951851,0.39053526520729065,0.4118903577327728,1.074061632156372,1.191715955734253,0.0,0.0,0.0,0.0,0.0,0.0,0.0
84777594007,0,-0.02080148085951805,-0.14620105922222137,-0.12788167595863342,-0.02080148085951805,-0.14620105922222137,-0.8278816938400269,-0.017328975722193718,0.00655400799587369,0.007293109316378832,0.0,0.0,0.0,-0.012481643818318844,-0.019522257149219513,-0.010293465107679367,0.0,0.0,-0.010293466039001942,0.064394012093544,0.05026323348283768,0.02934996411204338,0.09827778488397598,0.15551410615444183,5.098217661725357e-05,0.0,0.0,0.0,-0.23287656903266907,10.088459968566895,0.0454254150390625,9.800445556640625,0.25309303402900696,-10.0,-9.880027770996094,14.67492389678955,2.0,2.0,17.789152145385742,0.30357420444488525,0.28977540135383606,0.30204102396965027,0.29590821266174316,0.0,0.30469265580177307,0.30469265580177307,0.30469265580177307,0.30469265580177307,0.0,-0.959823727607727,0.6948122978210449,-10.72630786895752,0.0,0.0,0.0,0.0,0.0,0.0,0.0,0.0,0.0,0.0,0.0,0.0,0.0,0.0,0.0,0.30469274520874023,0.30469274520874023,0.304692804813385,0.30469274520874023,0.33220455050468445,0.04114978387951851,0.04114978387951851,0.39053526520729065,0.4118903577327728,1.074061632156372,1.191715955734253,0.0,0.0,0.0,0.0,0.0,0.0,0.0
84787764516,0,-0.02080148085951805,-0.14620105922222137,-0.12788167595863342,-0.02080148085951805,-0.14620105922222137,-0.8278816938400269,-0.017328975722193718,0.00655400799587369,0.007293109316378832,0.0,0.0,0.0,-0.012481643818318844,-0.019522257149219513,-0.010293465107679367,0.0,0.0,-0.010293466039001942,0.064394012093544,0.05026323348283768,0.02934996411204338,0.09827778488397598,0.15551410615444183,5.098217661725357e-05,0.0,0.0,0.0,-0.23287656903266907,10.088459968566895,0.0454254150390625,9.800445556640625,0.25309303402900696,-10.0,-9.880027770996094,14.67492389678955,2.0,2.0,17.789152145385742,0.30357420444488525,0.28977540135383606,0.30204102396965027,0.29590821266174316,0.0,0.30469265580177307,0.30469265580177307,0.30469265580177307,0.30469265580177307,0.0,-0.959823727607727,0.6948122978210449,-10.72630786895752,0.0,0.0,0.0,0.0,0.0,0.0,0.0,0.0,0.0,0.0,0.0,0.0,0.0,0.0,0.0,0.30469274520874023,0.30469274520874023,0.304692804813385,0.30469274520874023,0.33220455050468445,0.04114978387951851,0.04114978387951851,0.39053526520729065,0.4118903577327728,1.074061632156372,1.191715955734253,0.0,0.0,0.0,0.0,0.0,0.0,0.0
84797693849,0,-0.02080148085951805,-0.14620105922222137,-0.12788167595863342,-0.02080148085951805,-0.14620105922222137,-0.8278816938400269,-0.017328975722193718,0.00655400799587369,0.007293109316378832,0.0,0.0,0.0,-0.012481643818318844,-0.019522257149219513,-0.010293465107679367,0.0,0.0,-0.010293466039001942,0.064394012093544,0.05026323348283768,0.02934996411204338,0.09827778488397598,0.15551410615444183,5.098217661725357e-05,0.0,0.0,0.0,-0.23287656903266907,10.088459968566895,0.0454254150390625,9.800445556640625,0.25309303402900696,-10.0,-9.880027770996094,14.67492389678955,2.0,2.0,17.789152145385742,0.30357420444488525,0.28977540135383606,0.30204102396965027,0.29590821266174316,0.0,0.30469265580177307,0.30469265580177307,0.30469265580177307,0.30469265580177307,0.0,-0.959823727607727,0.6948122978210449,-10.72630786895752,0.0,0.0,0.0,0.0,0.0,0.0,0.0,0.0,0.0,0.0,0.0,0.0,0.0,0.0,0.0,0.30469274520874023,0.30469274520874023,0.304692804813385,0.30469274520874023,0.33220455050468445,0.04114978387951851,0.04114978387951851,0.39053526520729065,0.4118903577327728,1.074061632156372,1.191715955734253,0.0,0.0,0.0,0.0,0.0,0.0,0.0
84807695210,0,-0.02080148085951805,-0.14620105922222137,-0.12788167595863342,-0.02080148085951805,-0.14620105922222137,-0.8278816938400269,-0.017328975722193718,0.00655400799587369,0.007293109316378832,0.0,0.0,0.0,-0.012481643818318844,-0.019522257149219513,-0.010293465107679367,0.0,0.0,-0.010293466039001942,0.064394012093544,0.05026323348283768,0.02934996411204338,0.09827778488397598,0.15551410615444183,5.098217661725357e-05,0.0,0.0,0.0,-0.23287656903266907,10.088459968566895,0.0454254150390625,9.800445556640625,0.25309303402900696,-10.0,-9.880027770996094,14.67492389678955,2.0,2.0,17.789152145385742,0.30357420444488525,0.28977540135383606,0.30204102396965027,0.29590821266174316,0.0,0.30469265580177307,0.30469265580177307,0.30469265580177307,0.30469265580177307,0.0,-0.959823727607727,0.6948122978210449,-10.72630786895752,0.0,0.0,0.0,0.0,0.0,0.0,0.0,0.0,0.0,0.0,0.0,0.0,0.0,0.0,0.0,0.30469274520874023,0.30469274520874023,0.304692804813385,0.30469274520874023,0.33220455050468445,0.04114978387951851,0.04114978387951851,0.39053526520729065,0.4118903577327728,1.074061632156372,1.191715955734253,0.0,0.0,0.0,0.0,0.0,0.0,0.0
84818035233,0,-0.02080148085951805,-0.14620105922222137,-0.12788167595863342,-0.02080148085951805,-0.14620105922222137,-0.8278816938400269,-0.017328975722193718,0.00655400799587369,0.007293109316378832,0.0,0.0,0.0,-0.012481643818318844,-0.019522257149219513,-0.010293465107679367,0.0,0.0,-0.010293466039001942,0.064394012093544,0.05026323348283768,0.02934996411204338,0.09827778488397598,0.15551410615444183,5.098217661725357e-05,0.0,0.0,0.0,-0.23287656903266907,10.088459968566895,0.0454254150390625,9.800445556640625,0.25309303402900696,-10.0,-9.880027770996094,14.67492389678955,2.0,2.0,17.789152145385742,0.30357420444488525,0.28977540135383606,0.30204102396965027,0.29590821266174316,0.0,0.30469265580177307,0.30469265580177307,0.30469265580177307,0.30469265580177307,0.0,-0.959823727607727,0.6948122978210449,-10.72630786895752,0.0,0.0,0.0,0.0,0.0,0.0,0.0,0.0,0.0,0.0,0.0,0.0,0.0,0.0,0.0,0.30469274520874023,0.30469274520874023,0.304692804813385,0.30469274520874023,0.33220455050468445,0.04114978387951851,0.04114978387951851,0.39053526520729065,0.4118903577327728,1.074061632156372,1.191715955734253,0.0,0.0,0.0,0.0,0.0,0.0,0.0
84827962107,0,-0.02080148085951805,-0.14620105922222137,-0.12788167595863342,-0.02080148085951805,-0.14620105922222137,-0.8278816938400269,-0.017328975722193718,0.00655400799587369,0.007293109316378832,0.0,0.0,0.0,-0.012481643818318844,-0.019522257149219513,-0.010293465107679367,0.0,0.0,-0.010293466039001942,0.064394012093544,0.05026323348283768,0.02934996411204338,0.09827778488397598,0.15551410615444183,5.098217661725357e-05,0.0,0.0,0.0,-0.23287656903266907,10.088459968566895,0.0454254150390625,9.800445556640625,0.25309303402900696,-10.0,-9.880027770996094,14.67492389678955,2.0,2.0,17.789152145385742,0.30357420444488525,0.28977540135383606,0.30204102396965027,0.29590821266174316,0.0,0.30469265580177307,0.30469265580177307,0.30469265580177307,0.30469265580177307,0.0,-0.959823727607727,0.6948122978210449,-10.72630786895752,0.0,0.0,0.0,0.0,0.0,0.0,0.0,0.0,0.0,0.0,0.0,0.0,0.0,0.0,0.0,0.30469274520874023,0.30469274520874023,0.304692804813385,0.30469274520874023,0.33220455050468445,0.04114978387951851,0.04114978387951851,0.39053526520729065,0.4118903577327728,1.074061632156372,1.191715955734253,0.0,0.0,0.0,0.0,0.0,0.0,0.0
84837566695,0,-0.02080148085951805,-0.14620105922222137,-0.12788167595863342,-0.02080148085951805,-0.14620105922222137,-0.8278816938400269,-0.017328975722193718,0.00655400799587369,0.007293109316378832,0.0,0.0,0.0,-0.012481643818318844,-0.019522257149219513,-0.010293465107679367,0.0,0.0,-0.010293466039001942,0.064394012093544,0.05026323348283768,0.02934996411204338,0.09827778488397598,0.15551410615444183,5.098217661725357e-05,0.0,0.0,0.0,-0.23287656903266907,10.088459968566895,0.0454254150390625,9.800445556640625,0.25309303402900696,-10.0,-9.880027770996094,14.67492389678955,2.0,2.0,17.789152145385742,0.30357420444488525,0.28977540135383606,0.30204102396965027,0.29590821266174316,0.0,0.30469265580177307,0.30469265580177307,0.30469265580177307,0.30469265580177307,0.0,-0.959823727607727,0.6948122978210449,-10.72630786895752,0.0,0.0,0.0,0.0,0.0,0.0,0.0,0.0,0.0,0.0,0.0,0.0,0.0,0.0,0.0,0.30469274520874023,0.30469274520874023,0.304692804813385,0.30469274520874023,0.33220455050468445,0.04114978387951851,0.04114978387951851,0.39053526520729065,0.4118903577327728,1.074061632156372,1.191715955734253,0.0,0.0,0.0,0.0,0.0,0.0,0.0
84848072563,0,-0.02080148085951805,-0.14620105922222137,-0.12788167595863342,-0.02080148085951805,-0.14620105922222137,-0.8278816938400269,-0.017328975722193718,0.00655400799587369,0.007293109316378832,0.0,0.0,0.0,-0.012481643818318844,-0.019522257149219513,-0.010293465107679367,0.0,0.0,-0.010293466039001942,0.064394012093544,0.05026323348283768,0.02934996411204338,0.09827778488397598,0.15551410615444183,5.098217661725357e-05,0.0,0.0,0.0,-0.23287656903266907,10.088459968566895,0.0454254150390625,9.800445556640625,0.25309303402900696,-10.0,-9.880027770996094,14.67492389678955,2.0,2.0,17.789152145385742,0.30357420444488525,0.28977540135383606,0.30204102396965027,0.29590821266174316,0.0,0.30469265580177307,0.30469265580177307,0.30469265580177307,0.30469265580177307,0.0,-0.959823727607727,0.6948122978210449,-10.72630786895752,0.0,0.0,0.0,0.0,0.0,0.0,0.0,0.0,0.0,0.0,0.0,0.0,0.0,0.0,0.0,0.30469274520874023,0.30469274520874023,0.304692804813385,0.30469274520874023,0.33220455050468445,0.04114978387951851,0.04114978387951851,0.39053526520729065,0.4118903577327728,1.074061632156372,1.191715955734253,0.0,0.0,0.0,0.0,0.0,0.0,0.0
84857599171,0,-0.02080148085951805,-0.14620105922222137,-0.12788167595863342,-0.02080148085951805,-0.14620105922222137,-0.8278816938400269,-0.017328975722193718,0.00655400799587369,0.007293109316378832,0.0,0.0,0.0,-0.012481643818318844,-0.019522257149219513,-0.010293465107679367,0.0,0.0,-0.010293466039001942,0.064394012093544,0.05026323348283768,0.02934996411204338,0.09827778488397598,0.15551410615444183,5.098217661725357e-05,0.0,0.0,0.0,-0.23287656903266907,10.088459968566895,0.0454254150390625,9.800445556640625,0.25309303402900696,-10.0,-9.880027770996094,14.67492389678955,2.0,2.0,17.789152145385742,0.30357420444488525,0.28977540135383606,0.30204102396965027,0.29590821266174316,0.0,0.30469265580177307,0.30469265580177307,0.30469265580177307,0.30469265580177307,0.0,-0.959823727607727,0.6948122978210449,-10.72630786895752,0.0,0.0,0.0,0.0,0.0,0.0,0.0,0.0,0.0,0.0,0.0,0.0,0.0,0.0,0.0,0.30469274520874023,0.30469274520874023,0.304692804813385,0.30469274520874023,0.33220455050468445,0.04114978387951851,0.04114978387951851,0.39053526520729065,0.4118903577327728,1.074061632156372,1.191715955734253,0.0,0.0,0.0,0.0,0.0,0.0,0.0
84867721771,0,-0.02080148085951805,-0.14620105922222137,-0.12788167595863342,-0.02080148085951805,-0.14620105922222137,-0.8278816938400269,-0.017328975722193718,0.00655400799587369,0.007293109316378832,0.0,0.0,0.0,-0.012481643818318844,-0.019522257149219513,-0.010293465107679367,0.0,0.0,-0.010293466039001942,0.064394012093544,0.05026323348283768,0.02934996411204338,0.09827778488397598,0.15551410615444183,5.098217661725357e-05,0.0,0.0,0.0,-0.23287656903266907,10.088459968566895,0.0454254150390625,9.800445556640625,0.25309303402900696,-10.0,-9.880027770996094,14.67492389678955,2.0,2.0,17.789152145385742,0.30357420444488525,0.28977540135383606,0.30204102396965027,0.29590821266174316,0.0,0.30469265580177307,0.30469265580177307,0.30469265580177307,0.30469265580177307,0.0,-0.959823727607727,0.6948122978210449,-10.72630786895752,0.0,0.0,0.0,0.0,0.0,0.0,0.0,0.0,0.0,0.0,0.0,0.0,0.0,0.0,0.0,0.30469274520874023,0.30469274520874023,0.304692804813385,0.30469274520874023,0.33220455050468445,0.04114978387951851,0.04114978387951851,0.39053526520729065,0.4118903577327728,1.074061632156372,1.191715955734253,0.0,0.0,0.0,0.0,0.0,0.0,0.0
84884781370,0,-0.02080148085951805,-0.14620105922222137,-0.12788167595863342,-0.02080148085951805,-0.14620105922222137,-0.8278816938400269,-0.017328975722193718,0.00655400799587369,0.007293109316378832,0.0,0.0,0.0,-0.012481643818318844,-0.019522257149219513,-0.010293465107679367,0.0,0.0,-0.010293466039001942,0.064394012093544,0.05026323348283768,0.02934996411204338,0.09827778488397598,0.15551410615444183,5.098217661725357e-05,0.0,0.0,0.0,-0.23287656903266907,10.088459968566895,0.0454254150390625,9.800445556640625,0.25309303402900696,-10.0,-9.880027770996094,14.67492389678955,2.0,2.0,17.789152145385742,0.30357420444488525,0.28977540135383606,0.30204102396965027,0.29590821266174316,0.0,0.30469265580177307,0.30469265580177307,0.30469265580177307,0.30469265580177307,0.0,-0.959823727607727,0.6948122978210449,-10.72630786895752,0.0,0.0,0.0,0.0,0.0,0.0,0.0,0.0,0.0,0.0,0.0,0.0,0.0,0.0,0.0,0.30469274520874023,0.30469274520874023,0.304692804813385,0.30469274520874023,0.33220455050468445,0.04114978387951851,0.04114978387951851,0.39053526520729065,0.4118903577327728,1.074061632156372,1.191715955734253,0.0,0.0,0.0,0.0,0.0,0.0,0.0
84888028327,0,-0.02080148085951805,-0.14620105922222137,-0.12788167595863342,-0.02080148085951805,-0.14620105922222137,-0.8278816938400269,-0.017328975722193718,0.00655400799587369,0.007293109316378832,0.0,0.0,0.0,-0.012481643818318844,-0.019522257149219513,-0.010293465107679367,0.0,0.0,-0.010293466039001942,0.064394012093544,0.05026323348283768,0.02934996411204338,0.09827778488397598,0.15551410615444183,5.098217661725357e-05,0.0,0.0,0.0,-0.23287656903266907,10.088459968566895,0.0454254150390625,9.800445556640625,0.25309303402900696,-10.0,-9.880027770996094,14.67492389678955,2.0,2.0,17.789152145385742,0.30357420444488525,0.28977540135383606,0.30204102396965027,0.29590821266174316,0.0,0.30469265580177307,0.30469265580177307,0.30469265580177307,0.30469265580177307,0.0,-0.959823727607727,0.6948122978210449,-10.72630786895752,0.0,0.0,0.0,0.0,0.0,0.0,0.0,0.0,0.0,0.0,0.0,0.0,0.0,0.0,0.0,0.30469274520874023,0.30469274520874023,0.304692804813385,0.30469274520874023,0.33220455050468445,0.04114978387951851,0.04114978387951851,0.39053526520729065,0.4118903577327728,1.074061632156372,1.191715955734253,0.0,0.0,0.0,0.0,0.0,0.0,0.0
84898165048,0,-0.02080148085951805,-0.14620105922222137,-0.12788167595863342,-0.02080148085951805,-0.14620105922222137,-0.8278816938400269,-0.017328975722193718,0.00655400799587369,0.007293109316378832,0.0,0.0,0.0,-0.012481643818318844,-0.019522257149219513,-0.010293465107679367,0.0,0.0,-0.010293466039001942,0.064394012093544,0.05026323348283768,0.02934996411204338,0.09827778488397598,0.15551410615444183,5.098217661725357e-05,0.0,0.0,0.0,-0.23287656903266907,10.088459968566895,0.0454254150390625,9.800445556640625,0.25309303402900696,-10.0,-9.880027770996094,14.67492389678955,2.0,2.0,17.789152145385742,0.30357420444488525,0.28977540135383606,0.30204102396965027,0.29590821266174316,0.0,0.30469265580177307,0.30469265580177307,0.30469265580177307,0.30469265580177307,0.0,-0.959823727607727,0.6948122978210449,-10.72630786895752,0.0,0.0,0.0,0.0,0.0,0.0,0.0,0.0,0.0,0.0,0.0,0.0,0.0,0.0,0.0,0.30469274520874023,0.30469274520874023,0.304692804813385,0.30469274520874023,0.33220455050468445,0.04114978387951851,0.04114978387951851,0.39053526520729065,0.4118903577327728,1.074061632156372,1.191715955734253,0.0,0.0,0.0,0.0,0.0,0.0,0.0
84908908708,0,-0.02080148085951805,-0.14620105922222137,-0.12788167595863342,-0.02080148085951805,-0.14620105922222137,-0.8278816938400269,-0.017328975722193718,0.00655400799587369,0.007293109316378832,0.0,0.0,0.0,-0.012481643818318844,-0.019522257149219513,-0.010293465107679367,0.0,0.0,-0.010293466039001942,0.064394012093544,0.05026323348283768,0.02934996411204338,0.09827778488397598,0.15551410615444183,5.098217661725357e-05,0.0,0.0,0.0,-0.23287656903266907,10.088459968566895,0.0454254150390625,9.800445556640625,0.25309303402900696,-10.0,-9.880027770996094,14.67492389678955,2.0,2.0,17.789152145385742,0.30357420444488525,0.28977540135383606,0.30204102396965027,0.29590821266174316,0.0,0.30469265580177307,0.30469265580177307,0.30469265580177307,0.30469265580177307,0.0,-0.959823727607727,0.6948122978210449,-10.72630786895752,0.0,0.0,0.0,0.0,0.0,0.0,0.0,0.0,0.0,0.0,0.0,0.0,0.0,0.0,0.0,0.30469274520874023,0.30469274520874023,0.304692804813385,0.30469274520874023,0.33220455050468445,0.04114978387951851,0.04114978387951851,0.39053526520729065,0.4118903577327728,1.074061632156372,1.191715955734253,0.0,0.0,0.0,0.0,0.0,0.0,0.0
84917810759,0,-0.02080148085951805,-0.14620105922222137,-0.12788167595863342,-0.02080148085951805,-0.14620105922222137,-0.8278816938400269,-0.017328975722193718,0.00655400799587369,0.007293109316378832,0.0,0.0,0.0,-0.012481643818318844,-0.019522257149219513,-0.010293465107679367,0.0,0.0,-0.010293466039001942,0.064394012093544,0.05026323348283768,0.02934996411204338,0.09827778488397598,0.15551410615444183,5.098217661725357e-05,0.0,0.0,0.0,-0.23287656903266907,10.088459968566895,0.0454254150390625,9.800445556640625,0.25309303402900696,-10.0,-9.880027770996094,14.67492389678955,2.0,2.0,17.789152145385742,0.30357420444488525,0.28977540135383606,0.30204102396965027,0.29590821266174316,0.0,0.30469265580177307,0.30469265580177307,0.30469265580177307,0.30469265580177307,0.0,-0.959823727607727,0.6948122978210449,-10.72630786895752,0.0,0.0,0.0,0.0,0.0,0.0,0.0,0.0,0.0,0.0,0.0,0.0,0.0,0.0,0.0,0.30469274520874023,0.30469274520874023,0.304692804813385,0.30469274520874023,0.33220455050468445,0.04114978387951851,0.04114978387951851,0.39053526520729065,0.4118903577327728,1.074061632156372,1.191715955734253,0.0,0.0,0.0,0.0,0.0,0.0,0.0
84927657920,0,-0.02080148085951805,-0.14620105922222137,-0.12788167595863342,-0.02080148085951805,-0.14620105922222137,-0.8278816938400269,-0.017328975722193718,0.00655400799587369,0.007293109316378832,0.0,0.0,0.0,-0.012481643818318844,-0.019522257149219513,-0.010293465107679367,0.0,0.0,-0.010293466039001942,0.064394012093544,0.05026323348283768,0.02934996411204338,0.09827778488397598,0.15551410615444183,5.098217661725357e-05,0.0,0.0,0.0,-0.23287656903266907,10.088459968566895,0.0454254150390625,9.800445556640625,0.25309303402900696,-10.0,-9.880027770996094,14.67492389678955,2.0,2.0,17.789152145385742,0.30357420444488525,0.28977540135383606,0.30204102396965027,0.29590821266174316,0.0,0.30469265580177307,0.30469265580177307,0.30469265580177307,0.30469265580177307,0.0,-0.959823727607727,0.6948122978210449,-10.72630786895752,0.0,0.0,0.0,0.0,0.0,0.0,0.0,0.0,0.0,0.0,0.0,0.0,0.0,0.0,0.0,0.30469274520874023,0.30469274520874023,0.304692804813385,0.30469274520874023,0.33220455050468445,0.04114978387951851,0.04114978387951851,0.39053526520729065,0.4118903577327728,1.074061632156372,1.191715955734253,0.0,0.0,0.0,0.0,0.0,0.0,0.0
84937997044,0,-0.02080148085951805,-0.14620105922222137,-0.12788167595863342,-0.02080148085951805,-0.14620105922222137,-0.8278816938400269,-0.017328975722193718,0.00655400799587369,0.007293109316378832,0.0,0.0,0.0,-0.012481643818318844,-0.019522257149219513,-0.010293465107679367,0.0,0.0,-0.010293466039001942,0.064394012093544,0.05026323348283768,0.02934996411204338,0.09827778488397598,0.15551410615444183,5.098217661725357e-05,0.0,0.0,0.0,-0.23287656903266907,10.088459968566895,0.0454254150390625,9.800445556640625,0.25309303402900696,-10.0,-9.880027770996094,14.67492389678955,2.0,2.0,17.789152145385742,0.30357420444488525,0.28977540135383606,0.30204102396965027,0.29590821266174316,0.0,0.30469265580177307,0.30469265580177307,0.30469265580177307,0.30469265580177307,0.0,-0.959823727607727,0.6948122978210449,-10.72630786895752,0.0,0.0,0.0,0.0,0.0,0.0,0.0,0.0,0.0,0.0,0.0,0.0,0.0,0.0,0.0,0.30469274520874023,0.30469274520874023,0.304692804813385,0.30469274520874023,0.33220455050468445,0.04114978387951851,0.04114978387951851,0.39053526520729065,0.4118903577327728,1.074061632156372,1.191715955734253,0.0,0.0,0.0,0.0,0.0,0.0,0.0
84947741134,0,-0.02080148085951805,-0.14620105922222137,-0.12788167595863342,-0.02080148085951805,-0.14620105922222137,-0.8278816938400269,-0.017328975722193718,0.00655400799587369,0.007293109316378832,0.0,0.0,0.0,-0.012481643818318844,-0.019522257149219513,-0.010293465107679367,0.0,0.0,-0.010293466039001942,0.064394012093544,0.05026323348283768,0.02934996411204338,0.09827778488397598,0.15551410615444183,5.098217661725357e-05,0.0,0.0,0.0,-0.23287656903266907,10.088459968566895,0.0454254150390625,9.800445556640625,0.25309303402900696,-10.0,-9.880027770996094,14.67492389678955,2.0,2.0,17.789152145385742,0.30357420444488525,0.28977540135383606,0.30204102396965027,0.29590821266174316,0.0,0.30469265580177307,0.30469265580177307,0.30469265580177307,0.30469265580177307,0.0,-0.959823727607727,0.6948122978210449,-10.72630786895752,0.0,0.0,0.0,0.0,0.0,0.0,0.0,0.0,0.0,0.0,0.0,0.0,0.0,0.0,0.0,0.30469274520874023,0.30469274520874023,0.304692804813385,0.30469274520874023,0.33220455050468445,0.04114978387951851,0.04114978387951851,0.39053526520729065,0.4118903577327728,1.074061632156372,1.191715955734253,0.0,0.0,0.0,0.0,0.0,0.0,0.0
84959104780,0,-0.02080148085951805,-0.14620105922222137,-0.12788167595863342,-0.02080148085951805,-0.14620105922222137,-0.8278816938400269,-0.017328975722193718,0.00655400799587369,0.007293109316378832,0.0,0.0,0.0,-0.012481643818318844,-0.019522257149219513,-0.010293465107679367,0.0,0.0,-0.010293466039001942,0.064394012093544,0.05026323348283768,0.02934996411204338,0.09827778488397598,0.15551410615444183,5.098217661725357e-05,0.0,0.0,0.0,-0.23287656903266907,10.088459968566895,0.0454254150390625,9.800445556640625,0.25309303402900696,-10.0,-9.880027770996094,14.67492389678955,2.0,2.0,17.789152145385742,0.30357420444488525,0.28977540135383606,0.30204102396965027,0.29590821266174316,0.0,0.30469265580177307,0.30469265580177307,0.30469265580177307,0.30469265580177307,0.0,-0.959823727607727,0.6948122978210449,-10.72630786895752,0.0,0.0,0.0,0.0,0.0,0.0,0.0,0.0,0.0,0.0,0.0,0.0,0.0,0.0,0.0,0.30469274520874023,0.30469274520874023,0.304692804813385,0.30469274520874023,0.33220455050468445,0.04114978387951851,0.04114978387951851,0.39053526520729065,0.4118903577327728,1.074061632156372,1.191715955734253,0.0,0.0,0.0,0.0,0.0,0.0,0.0
84970537256,0,-0.02080148085951805,-0.14620105922222137,-0.12788167595863342,-0.02080148085951805,-0.14620105922222137,-0.8278816938400269,-0.017328975722193718,0.00655400799587369,0.007293109316378832,0.0,0.0,0.0,-0.012481643818318844,-0.019522257149219513,-0.010293465107679367,0.0,0.0,-0.010293466039001942,0.064394012093544,0.05026323348283768,0.02934996411204338,0.09827778488397598,0.15551410615444183,5.098217661725357e-05,0.0,0.0,0.0,-0.23287656903266907,10.088459968566895,0.0454254150390625,9.800445556640625,0.25309303402900696,-10.0,-9.880027770996094,14.67492389678955,2.0,2.0,17.789152145385742,0.30357420444488525,0.28977540135383606,0.30204102396965027,0.29590821266174316,0.0,0.30469265580177307,0.30469265580177307,0.30469265580177307,0.30469265580177307,0.0,-0.959823727607727,0.6948122978210449,-10.72630786895752,0.0,0.0,0.0,0.0,0.0,0.0,0.0,0.0,0.0,0.0,0.0,0.0,0.0,0.0,0.0,0.30469274520874023,0.30469274520874023,0.304692804813385,0.30469274520874023,0.33220455050468445,0.04114978387951851,0.04114978387951851,0.39053526520729065,0.4118903577327728,1.074061632156372,1.191715955734253,0.0,0.0,0.0,0.0,0.0,0.0,0.0
84978515198,0,-0.02080148085951805,-0.14620105922222137,-0.12788167595863342,-0.02080148085951805,-0.14620105922222137,-0.8278816938400269,-0.017328975722193718,0.00655400799587369,0.007293109316378832,0.0,0.0,0.0,-0.012481643818318844,-0.019522257149219513,-0.010293465107679367,0.0,0.0,-0.010293466039001942,0.064394012093544,0.05026323348283768,0.02934996411204338,0.09827778488397598,0.15551410615444183,5.098217661725357e-05,0.0,0.0,0.0,-0.23287656903266907,10.088459968566895,0.0454254150390625,9.800445556640625,0.25309303402900696,-10.0,-9.880027770996094,14.67492389678955,2.0,2.0,17.789152145385742,0.30357420444488525,0.28977540135383606,0.30204102396965027,0.29590821266174316,0.0,0.30469265580177307,0.30469265580177307,0.30469265580177307,0.30469265580177307,0.0,-0.959823727607727,0.6948122978210449,-10.72630786895752,0.0,0.0,0.0,0.0,0.0,0.0,0.0,0.0,0.0,0.0,0.0,0.0,0.0,0.0,0.0,0.30469274520874023,0.30469274520874023,0.304692804813385,0.30469274520874023,0.33220455050468445,0.04114978387951851,0.04114978387951851,0.39053526520729065,0.4118903577327728,1.074061632156372,1.191715955734253,0.0,0.0,0.0,0.0,0.0,0.0,0.0
84988587832,0,-0.02080148085951805,-0.14620105922222137,-0.12788167595863342,-0.02080148085951805,-0.14620105922222137,-0.8278816938400269,-0.017328975722193718,0.00655400799587369,0.007293109316378832,0.0,0.0,0.0,-0.012481643818318844,-0.019522257149219513,-0.010293465107679367,0.0,0.0,-0.010293466039001942,0.064394012093544,0.05026323348283768,0.02934996411204338,0.09827778488397598,0.15551410615444183,5.098217661725357e-05,0.0,0.0,0.0,-0.23287656903266907,10.088459968566895,0.0454254150390625,9.800445556640625,0.25309303402900696,-10.0,-9.880027770996094,14.67492389678955,2.0,2.0,17.789152145385742,0.30357420444488525,0.28977540135383606,0.30204102396965027,0.29590821266174316,0.0,0.30469265580177307,0.30469265580177307,0.30469265580177307,0.30469265580177307,0.0,-0.959823727607727,0.6948122978210449,-10.72630786895752,0.0,0.0,0.0,0.0,0.0,0.0,0.0,0.0,0.0,0.0,0.0,0.0,0.0,0.0,0.0,0.30469274520874023,0.30469274520874023,0.304692804813385,0.30469274520874023,0.33220455050468445,0.04114978387951851,0.04114978387951851,0.39053526520729065,0.4118903577327728,1.074061632156372,1.191715955734253,0.0,0.0,0.0,0.0,0.0,0.0,0.0
85000542882,0,-0.02080148085951805,-0.14620105922222137,-0.12788167595863342,-0.02080148085951805,-0.14620105922222137,-0.8278816938400269,-0.017328975722193718,0.00655400799587369,0.007293109316378832,0.0,0.0,0.0,-0.012481643818318844,-0.019522257149219513,-0.010293465107679367,0.0,0.0,-0.010293466039001942,0.064394012093544,0.05026323348283768,0.02934996411204338,0.09827778488397598,0.15551410615444183,5.098217661725357e-05,0.0,0.0,0.0,-0.23287656903266907,10.088459968566895,0.0454254150390625,9.800445556640625,0.25309303402900696,-10.0,-9.880027770996094,14.67492389678955,2.0,2.0,17.789152145385742,0.30357420444488525,0.28977540135383606,0.30204102396965027,0.29590821266174316,0.0,0.30469265580177307,0.30469265580177307,0.30469265580177307,0.30469265580177307,0.0,-0.959823727607727,0.6948122978210449,-10.72630786895752,0.0,0.0,0.0,0.0,0.0,0.0,0.0,0.0,0.0,0.0,0.0,0.0,0.0,0.0,0.0,0.30469274520874023,0.30469274520874023,0.304692804813385,0.30469274520874023,0.33220455050468445,0.04114978387951851,0.04114978387951851,0.39053526520729065,0.4118903577327728,1.074061632156372,1.191715955734253,0.0,0.0,0.0,0.0,0.0,0.0,0.0
85009406976,0,-0.02080148085951805,-0.14620105922222137,-0.12788167595863342,-0.02080148085951805,-0.14620105922222137,-0.8278816938400269,-0.017328975722193718,0.00655400799587369,0.007293109316378832,0.0,0.0,0.0,-0.012481643818318844,-0.019522257149219513,-0.010293465107679367,0.0,0.0,-0.010293466039001942,0.064394012093544,0.05026323348283768,0.02934996411204338,0.09827778488397598,0.15551410615444183,5.098217661725357e-05,0.0,0.0,0.0,-0.23287656903266907,10.088459968566895,0.0454254150390625,9.800445556640625,0.25309303402900696,-10.0,-9.880027770996094,14.67492389678955,2.0,2.0,17.789152145385742,0.30357420444488525,0.28977540135383606,0.30204102396965027,0.29590821266174316,0.0,0.30469265580177307,0.30469265580177307,0.30469265580177307,0.30469265580177307,0.0,-0.959823727607727,0.6948122978210449,-10.72630786895752,0.0,0.0,0.0,0.0,0.0,0.0,0.0,0.0,0.0,0.0,0.0,0.0,0.0,0.0,0.0,0.30469274520874023,0.30469274520874023,0.304692804813385,0.30469274520874023,0.33220455050468445,0.04114978387951851,0.04114978387951851,0.39053526520729065,0.4118903577327728,1.074061632156372,1.191715955734253,0.0,0.0,0.0,0.0,0.0,0.0,0.0
85025741739,0,-0.02080148085951805,-0.14620105922222137,-0.12788167595863342,-0.02080148085951805,-0.14620105922222137,-0.8278816938400269,-0.017328975722193718,0.00655400799587369,0.007293109316378832,0.0,0.0,0.0,-0.012481643818318844,-0.019522257149219513,-0.010293465107679367,0.0,0.0,-0.010293466039001942,0.064394012093544,0.05026323348283768,0.02934996411204338,0.09827778488397598,0.15551410615444183,5.098217661725357e-05,0.0,0.0,0.0,-0.23287656903266907,10.088459968566895,0.0454254150390625,9.800445556640625,0.25309303402900696,-10.0,-9.880027770996094,14.67492389678955,2.0,2.0,17.789152145385742,0.30357420444488525,0.28977540135383606,0.30204102396965027,0.29590821266174316,0.0,0.30469265580177307,0.30469265580177307,0.30469265580177307,0.30469265580177307,0.0,-0.959823727607727,0.6948122978210449,-10.72630786895752,0.0,0.0,0.0,0.0,0.0,0.0,0.0,0.0,0.0,0.0,0.0,0.0,0.0,0.0,0.0,0.30469274520874023,0.30469274520874023,0.304692804813385,0.30469274520874023,0.33220455050468445,0.04114978387951851,0.04114978387951851,0.39053526520729065,0.4118903577327728,1.074061632156372,1.191715955734253,0.0,0.0,0.0,0.0,0.0,0.0,0.0
85040845818,0,-0.02080148085951805,-0.14620105922222137,-0.12788167595863342,-0.02080148085951805,-0.14620105922222137,-0.8278816938400269,-0.017328975722193718,0.00655400799587369,0.007293109316378832,0.0,0.0,0.0,-0.012481643818318844,-0.019522257149219513,-0.010293465107679367,0.0,0.0,-0.010293466039001942,0.064394012093544,0.05026323348283768,0.02934996411204338,0.09827778488397598,0.15551410615444183,5.098217661725357e-05,0.0,0.0,0.0,-0.23287656903266907,10.088459968566895,0.0454254150390625,9.800445556640625,0.25309303402900696,-10.0,-9.880027770996094,14.67492389678955,2.0,2.0,17.789152145385742,0.30357420444488525,0.28977540135383606,0.30204102396965027,0.29590821266174316,0.0,0.30469265580177307,0.30469265580177307,0.30469265580177307,0.30469265580177307,0.0,-0.959823727607727,0.6948122978210449,-10.72630786895752,0.0,0.0,0.0,0.0,0.0,0.0,0.0,0.0,0.0,0.0,0.0,0.0,0.0,0.0,0.0,0.30469274520874023,0.30469274520874023,0.304692804813385,0.30469274520874023,0.33220455050468445,0.04114978387951851,0.04114978387951851,0.39053526520729065,0.4118903577327728,1.074061632156372,1.191715955734253,0.0,0.0,0.0,0.0,0.0,0.0,0.0
85040991418,0,-0.02080148085951805,-0.14620105922222137,-0.12788167595863342,-0.02080148085951805,-0.14620105922222137,-0.8278816938400269,-0.017328975722193718,0.00655400799587369,0.007293109316378832,0.0,0.0,0.0,-0.012481643818318844,-0.019522257149219513,-0.010293465107679367,0.0,0.0,-0.010293466039001942,0.064394012093544,0.05026323348283768,0.02934996411204338,0.09827778488397598,0.15551410615444183,5.098217661725357e-05,0.0,0.0,0.0,-0.23287656903266907,10.088459968566895,0.0454254150390625,9.800445556640625,0.25309303402900696,-10.0,-9.880027770996094,14.67492389678955,2.0,2.0,17.789152145385742,0.30357420444488525,0.28977540135383606,0.30204102396965027,0.29590821266174316,0.0,0.30469265580177307,0.30469265580177307,0.30469265580177307,0.30469265580177307,0.0,-0.959823727607727,0.6948122978210449,-10.72630786895752,0.0,0.0,0.0,0.0,0.0,0.0,0.0,0.0,0.0,0.0,0.0,0.0,0.0,0.0,0.0,0.30469274520874023,0.30469274520874023,0.304692804813385,0.30469274520874023,0.33220455050468445,0.04114978387951851,0.04114978387951851,0.39053526520729065,0.4118903577327728,1.074061632156372,1.191715955734253,0.0,0.0,0.0,0.0,0.0,0.0,0.0
85048826387,0,-0.02080148085951805,-0.14620105922222137,-0.12788167595863342,-0.02080148085951805,-0.14620105922222137,-0.8278816938400269,-0.017328975722193718,0.00655400799587369,0.007293109316378832,0.0,0.0,0.0,-0.012481643818318844,-0.019522257149219513,-0.010293465107679367,0.0,0.0,-0.010293466039001942,0.064394012093544,0.05026323348283768,0.02934996411204338,0.09827778488397598,0.15551410615444183,5.098217661725357e-05,0.0,0.0,0.0,-0.23287656903266907,10.088459968566895,0.0454254150390625,9.800445556640625,0.25309303402900696,-10.0,-9.880027770996094,14.67492389678955,2.0,2.0,17.789152145385742,0.30357420444488525,0.28977540135383606,0.30204102396965027,0.29590821266174316,0.0,0.30469265580177307,0.30469265580177307,0.30469265580177307,0.30469265580177307,0.0,-0.959823727607727,0.6948122978210449,-10.72630786895752,0.0,0.0,0.0,0.0,0.0,0.0,0.0,0.0,0.0,0.0,0.0,0.0,0.0,0.0,0.0,0.30469274520874023,0.30469274520874023,0.304692804813385,0.30469274520874023,0.33220455050468445,0.04114978387951851,0.04114978387951851,0.39053526520729065,0.4118903577327728,1.074061632156372,1.191715955734253,0.0,0.0,0.0,0.0,0.0,0.0,0.0
85058873323,0,-0.02080148085951805,-0.14620105922222137,-0.12788167595863342,-0.02080148085951805,-0.14620105922222137,-0.8278816938400269,-0.017328975722193718,0.00655400799587369,0.007293109316378832,0.0,0.0,0.0,-0.012481643818318844,-0.019522257149219513,-0.010293465107679367,0.0,0.0,-0.010293466039001942,0.064394012093544,0.05026323348283768,0.02934996411204338,0.09827778488397598,0.15551410615444183,5.098217661725357e-05,0.0,0.0,0.0,-0.23287656903266907,10.088459968566895,0.0454254150390625,9.800445556640625,0.25309303402900696,-10.0,-9.880027770996094,14.67492389678955,2.0,2.0,17.789152145385742,0.30357420444488525,0.28977540135383606,0.30204102396965027,0.29590821266174316,0.0,0.30469265580177307,0.30469265580177307,0.30469265580177307,0.30469265580177307,0.0,-0.959823727607727,0.6948122978210449,-10.72630786895752,0.0,0.0,0.0,0.0,0.0,0.0,0.0,0.0,0.0,0.0,0.0,0.0,0.0,0.0,0.0,0.30469274520874023,0.30469274520874023,0.304692804813385,0.30469274520874023,0.33220455050468445,0.04114978387951851,0.04114978387951851,0.39053526520729065,0.4118903577327728,1.074061632156372,1.191715955734253,0.0,0.0,0.0,0.0,0.0,0.0,0.0
85068597691,0,-0.02080148085951805,-0.14620105922222137,-0.12788167595863342,-0.02080148085951805,-0.14620105922222137,-0.8278816938400269,-0.017328975722193718,0.00655400799587369,0.007293109316378832,0.0,0.0,0.0,-0.012481643818318844,-0.019522257149219513,-0.010293465107679367,0.0,0.0,-0.010293466039001942,0.064394012093544,0.05026323348283768,0.02934996411204338,0.09827778488397598,0.15551410615444183,5.098217661725357e-05,0.0,0.0,0.0,-0.23287656903266907,10.088459968566895,0.0454254150390625,9.800445556640625,0.25309303402900696,-10.0,-9.880027770996094,14.67492389678955,2.0,2.0,17.789152145385742,0.30357420444488525,0.28977540135383606,0.30204102396965027,0.29590821266174316,0.0,0.30469265580177307,0.30469265580177307,0.30469265580177307,0.30469265580177307,0.0,-0.959823727607727,0.6948122978210449,-10.72630786895752,0.0,0.0,0.0,0.0,0.0,0.0,0.0,0.0,0.0,0.0,0.0,0.0,0.0,0.0,0.0,0.30469274520874023,0.30469274520874023,0.304692804813385,0.30469274520874023,0.33220455050468445,0.04114978387951851,0.04114978387951851,0.39053526520729065,0.4118903577327728,1.074061632156372,1.191715955734253,0.0,0.0,0.0,0.0,0.0,0.0,0.0
85078658705,0,-0.02080148085951805,-0.14620105922222137,-0.12788167595863342,-0.02080148085951805,-0.14620105922222137,-0.8278816938400269,-0.017328975722193718,0.00655400799587369,0.007293109316378832,0.0,0.0,0.0,-0.012481643818318844,-0.019522257149219513,-0.010293465107679367,0.0,0.0,-0.010293466039001942,0.064394012093544,0.05026323348283768,0.02934996411204338,0.09827778488397598,0.15551410615444183,5.098217661725357e-05,0.0,0.0,0.0,-0.23287656903266907,10.088459968566895,0.0454254150390625,9.800445556640625,0.25309303402900696,-10.0,-9.880027770996094,14.67492389678955,2.0,2.0,17.789152145385742,0.30357420444488525,0.28977540135383606,0.30204102396965027,0.29590821266174316,0.0,0.30469265580177307,0.30469265580177307,0.30469265580177307,0.30469265580177307,0.0,-0.959823727607727,0.6948122978210449,-10.72630786895752,0.0,0.0,0.0,0.0,0.0,0.0,0.0,0.0,0.0,0.0,0.0,0.0,0.0,0.0,0.0,0.30469274520874023,0.30469274520874023,0.304692804813385,0.30469274520874023,0.33220455050468445,0.04114978387951851,0.04114978387951851,0.39053526520729065,0.4118903577327728,1.074061632156372,1.191715955734253,0.0,0.0,0.0,0.0,0.0,0.0,0.0
85089013445,0,-0.02080148085951805,-0.14620105922222137,-0.12788167595863342,-0.02080148085951805,-0.14620105922222137,-0.8278816938400269,-0.017328975722193718,0.00655400799587369,0.007293109316378832,0.0,0.0,0.0,-0.012481643818318844,-0.019522257149219513,-0.010293465107679367,0.0,0.0,-0.010293466039001942,0.064394012093544,0.05026323348283768,0.02934996411204338,0.09827778488397598,0.15551410615444183,5.098217661725357e-05,0.0,0.0,0.0,-0.23287656903266907,10.088459968566895,0.0454254150390625,9.800445556640625,0.25309303402900696,-10.0,-9.880027770996094,14.67492389678955,2.0,2.0,17.789152145385742,0.30357420444488525,0.28977540135383606,0.30204102396965027,0.29590821266174316,0.0,0.30469265580177307,0.30469265580177307,0.30469265580177307,0.30469265580177307,0.0,-0.959823727607727,0.6948122978210449,-10.72630786895752,0.0,0.0,0.0,0.0,0.0,0.0,0.0,0.0,0.0,0.0,0.0,0.0,0.0,0.0,0.0,0.30469274520874023,0.30469274520874023,0.304692804813385,0.30469274520874023,0.33220455050468445,0.04114978387951851,0.04114978387951851,0.39053526520729065,0.4118903577327728,1.074061632156372,1.191715955734253,0.0,0.0,0.0,0.0,0.0,0.0,0.0
85100447754,0,-0.02080148085951805,-0.14620105922222137,-0.12788167595863342,-0.02080148085951805,-0.14620105922222137,-0.8278816938400269,-0.017328975722193718,0.00655400799587369,0.007293109316378832,0.0,0.0,0.0,-0.012481643818318844,-0.019522257149219513,-0.010293465107679367,0.0,0.0,-0.010293466039001942,0.064394012093544,0.05026323348283768,0.02934996411204338,0.09827778488397598,0.15551410615444183,5.098217661725357e-05,0.0,0.0,0.0,-0.23287656903266907,10.088459968566895,0.0454254150390625,9.800445556640625,0.25309303402900696,-10.0,-9.880027770996094,14.67492389678955,2.0,2.0,17.789152145385742,0.30357420444488525,0.28977540135383606,0.30204102396965027,0.29590821266174316,0.0,0.30469265580177307,0.30469265580177307,0.30469265580177307,0.30469265580177307,0.0,-0.959823727607727,0.6948122978210449,-10.72630786895752,0.0,0.0,0.0,0.0,0.0,0.0,0.0,0.0,0.0,0.0,0.0,0.0,0.0,0.0,0.0,0.30469274520874023,0.30469274520874023,0.304692804813385,0.30469274520874023,0.33220455050468445,0.04114978387951851,0.04114978387951851,0.39053526520729065,0.4118903577327728,1.074061632156372,1.191715955734253,0.0,0.0,0.0,0.0,0.0,0.0,0.0
85109034151,0,-0.02080148085951805,-0.14620105922222137,-0.12788167595863342,-0.02080148085951805,-0.14620105922222137,-0.8278816938400269,-0.017328975722193718,0.00655400799587369,0.007293109316378832,0.0,0.0,0.0,-0.012481643818318844,-0.019522257149219513,-0.010293465107679367,0.0,0.0,-0.010293466039001942,0.064394012093544,0.05026323348283768,0.02934996411204338,0.09827778488397598,0.15551410615444183,5.098217661725357e-05,0.0,0.0,0.0,-0.23287656903266907,10.088459968566895,0.0454254150390625,9.800445556640625,0.25309303402900696,-10.0,-9.880027770996094,14.67492389678955,2.0,2.0,17.789152145385742,0.30357420444488525,0.28977540135383606,0.30204102396965027,0.29590821266174316,0.0,0.30469265580177307,0.30469265580177307,0.30469265580177307,0.30469265580177307,0.0,-0.959823727607727,0.6948122978210449,-10.72630786895752,0.0,0.0,0.0,0.0,0.0,0.0,0.0,0.0,0.0,0.0,0.0,0.0,0.0,0.0,0.0,0.30469274520874023,0.30469274520874023,0.304692804813385,0.30469274520874023,0.33220455050468445,0.04114978387951851,0.04114978387951851,0.39053526520729065,0.4118903577327728,1.074061632156372,1.191715955734253,0.0,0.0,0.0,0.0,0.0,0.0,0.0
85119147749,0,-0.02080148085951805,-0.14620105922222137,-0.12788167595863342,-0.02080148085951805,-0.14620105922222137,-0.8278816938400269,-0.017328975722193718,0.00655400799587369,0.007293109316378832,0.0,0.0,0.0,-0.012481643818318844,-0.019522257149219513,-0.010293465107679367,0.0,0.0,-0.010293466039001942,0.064394012093544,0.05026323348283768,0.02934996411204338,0.09827778488397598,0.15551410615444183,5.098217661725357e-05,0.0,0.0,0.0,-0.23287656903266907,10.088459968566895,0.0454254150390625,9.800445556640625,0.25309303402900696,-10.0,-9.880027770996094,14.67492389678955,2.0,2.0,17.789152145385742,0.30357420444488525,0.28977540135383606,0.30204102396965027,0.29590821266174316,0.0,0.30469265580177307,0.30469265580177307,0.30469265580177307,0.30469265580177307,0.0,-0.959823727607727,0.6948122978210449,-10.72630786895752,0.0,0.0,0.0,0.0,0.0,0.0,0.0,0.0,0.0,0.0,0.0,0.0,0.0,0.0,0.0,0.30469274520874023,0.30469274520874023,0.304692804813385,0.30469274520874023,0.33220455050468445,0.04114978387951851,0.04114978387951851,0.39053526520729065,0.4118903577327728,1.074061632156372,1.191715955734253,0.0,0.0,0.0,0.0,0.0,0.0,0.0
85129246674,0,-0.02080148085951805,-0.14620105922222137,-0.12788167595863342,-0.02080148085951805,-0.14620105922222137,-0.8278816938400269,-0.017328975722193718,0.00655400799587369,0.007293109316378832,0.0,0.0,0.0,-0.012481643818318844,-0.019522257149219513,-0.010293465107679367,0.0,0.0,-0.010293466039001942,0.064394012093544,0.05026323348283768,0.02934996411204338,0.09827778488397598,0.15551410615444183,5.098217661725357e-05,0.0,0.0,0.0,-0.23287656903266907,10.088459968566895,0.0454254150390625,9.800445556640625,0.25309303402900696,-10.0,-9.880027770996094,14.67492389678955,2.0,2.0,17.789152145385742,0.30357420444488525,0.28977540135383606,0.30204102396965027,0.29590821266174316,0.0,0.30469265580177307,0.30469265580177307,0.30469265580177307,0.30469265580177307,0.0,-0.959823727607727,0.6948122978210449,-10.72630786895752,0.0,0.0,0.0,0.0,0.0,0.0,0.0,0.0,0.0,0.0,0.0,0.0,0.0,0.0,0.0,0.30469274520874023,0.30469274520874023,0.304692804813385,0.30469274520874023,0.33220455050468445,0.04114978387951851,0.04114978387951851,0.39053526520729065,0.4118903577327728,1.074061632156372,1.191715955734253,0.0,0.0,0.0,0.0,0.0,0.0,0.0
85139143791,0,-0.02080148085951805,-0.14620105922222137,-0.12788167595863342,-0.02080148085951805,-0.14620105922222137,-0.8278816938400269,-0.017328975722193718,0.00655400799587369,0.007293109316378832,0.0,0.0,0.0,-0.012481643818318844,-0.019522257149219513,-0.010293465107679367,0.0,0.0,-0.010293466039001942,0.064394012093544,0.05026323348283768,0.02934996411204338,0.09827778488397598,0.15551410615444183,5.098217661725357e-05,0.0,0.0,0.0,-0.23287656903266907,10.088459968566895,0.0454254150390625,9.800445556640625,0.25309303402900696,-10.0,-9.880027770996094,14.67492389678955,2.0,2.0,17.789152145385742,0.30357420444488525,0.28977540135383606,0.30204102396965027,0.29590821266174316,0.0,0.30469265580177307,0.30469265580177307,0.30469265580177307,0.30469265580177307,0.0,-0.959823727607727,0.6948122978210449,-10.72630786895752,0.0,0.0,0.0,0.0,0.0,0.0,0.0,0.0,0.0,0.0,0.0,0.0,0.0,0.0,0.0,0.30469274520874023,0.30469274520874023,0.304692804813385,0.30469274520874023,0.33220455050468445,0.04114978387951851,0.04114978387951851,0.39053526520729065,0.4118903577327728,1.074061632156372,1.191715955734253,0.0,0.0,0.0,0.0,0.0,0.0,0.0
85150048190,0,-0.02080148085951805,-0.14620105922222137,-0.12788167595863342,-0.02080148085951805,-0.14620105922222137,-0.8278816938400269,-0.017328975722193718,0.00655400799587369,0.007293109316378832,0.0,0.0,0.0,-0.012481643818318844,-0.019522257149219513,-0.010293465107679367,0.0,0.0,-0.010293466039001942,0.064394012093544,0.05026323348283768,0.02934996411204338,0.09827778488397598,0.15551410615444183,5.098217661725357e-05,0.0,0.0,0.0,-0.23287656903266907,10.088459968566895,0.0454254150390625,9.800445556640625,0.25309303402900696,-10.0,-9.880027770996094,14.67492389678955,2.0,2.0,17.789152145385742,0.30357420444488525,0.28977540135383606,0.30204102396965027,0.29590821266174316,0.0,0.30469265580177307,0.30469265580177307,0.30469265580177307,0.30469265580177307,0.0,-0.959823727607727,0.6948122978210449,-10.72630786895752,0.0,0.0,0.0,0.0,0.0,0.0,0.0,0.0,0.0,0.0,0.0,0.0,0.0,0.0,0.0,0.30469274520874023,0.30469274520874023,0.304692804813385,0.30469274520874023,0.33220455050468445,0.04114978387951851,0.04114978387951851,0.39053526520729065,0.4118903577327728,1.074061632156372,1.191715955734253,0.0,0.0,0.0,0.0,0.0,0.0,0.0
85159947979,0,-0.02080148085951805,-0.14620105922222137,-0.12788167595863342,-0.02080148085951805,-0.14620105922222137,-0.8278816938400269,-0.017328975722193718,0.00655400799587369,0.007293109316378832,0.0,0.0,0.0,-0.012481643818318844,-0.019522257149219513,-0.010293465107679367,0.0,0.0,-0.010293466039001942,0.064394012093544,0.05026323348283768,0.02934996411204338,0.09827778488397598,0.15551410615444183,5.098217661725357e-05,0.0,0.0,0.0,-0.23287656903266907,10.088459968566895,0.0454254150390625,9.800445556640625,0.25309303402900696,-10.0,-9.880027770996094,14.67492389678955,2.0,2.0,17.789152145385742,0.30357420444488525,0.28977540135383606,0.30204102396965027,0.29590821266174316,0.0,0.30469265580177307,0.30469265580177307,0.30469265580177307,0.30469265580177307,0.0,-0.959823727607727,0.6948122978210449,-10.72630786895752,0.0,0.0,0.0,0.0,0.0,0.0,0.0,0.0,0.0,0.0,0.0,0.0,0.0,0.0,0.0,0.30469274520874023,0.30469274520874023,0.304692804813385,0.30469274520874023,0.33220455050468445,0.04114978387951851,0.04114978387951851,0.39053526520729065,0.4118903577327728,1.074061632156372,1.191715955734253,0.0,0.0,0.0,0.0,0.0,0.0,0.0
85171093257,0,-0.02080148085951805,-0.14620105922222137,-0.12788167595863342,-0.02080148085951805,-0.14620105922222137,-0.8278816938400269,-0.017328975722193718,0.00655400799587369,0.007293109316378832,0.0,0.0,0.0,-0.012481643818318844,-0.019522257149219513,-0.010293465107679367,0.0,0.0,-0.010293466039001942,0.064394012093544,0.05026323348283768,0.02934996411204338,0.09827778488397598,0.15551410615444183,5.098217661725357e-05,0.0,0.0,0.0,-0.23287656903266907,10.088459968566895,0.0454254150390625,9.800445556640625,0.25309303402900696,-10.0,-9.880027770996094,14.67492389678955,2.0,2.0,17.789152145385742,0.30357420444488525,0.28977540135383606,0.30204102396965027,0.29590821266174316,0.0,0.30469265580177307,0.30469265580177307,0.30469265580177307,0.30469265580177307,0.0,-0.959823727607727,0.6948122978210449,-10.72630786895752,0.0,0.0,0.0,0.0,0.0,0.0,0.0,0.0,0.0,0.0,0.0,0.0,0.0,0.0,0.0,0.30469274520874023,0.30469274520874023,0.304692804813385,0.30469274520874023,0.33220455050468445,0.04114978387951851,0.04114978387951851,0.39053526520729065,0.4118903577327728,1.074061632156372,1.191715955734253,0.0,0.0,0.0,0.0,0.0,0.0,0.0
85179830531,0,-0.02080148085951805,-0.14620105922222137,-0.12788167595863342,-0.02080148085951805,-0.14620105922222137,-0.8278816938400269,-0.017328975722193718,0.00655400799587369,0.007293109316378832,0.0,0.0,0.0,-0.012481643818318844,-0.019522257149219513,-0.010293465107679367,0.0,0.0,-0.010293466039001942,0.064394012093544,0.05026323348283768,0.02934996411204338,0.09827778488397598,0.15551410615444183,5.098217661725357e-05,0.0,0.0,0.0,-0.23287656903266907,10.088459968566895,0.0454254150390625,9.800445556640625,0.25309303402900696,-10.0,-9.880027770996094,14.67492389678955,2.0,2.0,17.789152145385742,0.30357420444488525,0.28977540135383606,0.30204102396965027,0.29590821266174316,0.0,0.30469265580177307,0.30469265580177307,0.30469265580177307,0.30469265580177307,0.0,-0.959823727607727,0.6948122978210449,-10.72630786895752,0.0,0.0,0.0,0.0,0.0,0.0,0.0,0.0,0.0,0.0,0.0,0.0,0.0,0.0,0.0,0.30469274520874023,0.30469274520874023,0.304692804813385,0.30469274520874023,0.33220455050468445,0.04114978387951851,0.04114978387951851,0.39053526520729065,0.4118903577327728,1.074061632156372,1.191715955734253,0.0,0.0,0.0,0.0,0.0,0.0,0.0
85192273268,0,-0.02080148085951805,-0.14620105922222137,-0.12788167595863342,-0.02080148085951805,-0.14620105922222137,-0.8278816938400269,-0.017328975722193718,0.00655400799587369,0.007293109316378832,0.0,0.0,0.0,-0.012481643818318844,-0.019522257149219513,-0.010293465107679367,0.0,0.0,-0.010293466039001942,0.064394012093544,0.05026323348283768,0.02934996411204338,0.09827778488397598,0.15551410615444183,5.098217661725357e-05,0.0,0.0,0.0,-0.23287656903266907,10.088459968566895,0.0454254150390625,9.800445556640625,0.25309303402900696,-10.0,-9.880027770996094,14.67492389678955,2.0,2.0,17.789152145385742,0.30357420444488525,0.28977540135383606,0.30204102396965027,0.29590821266174316,0.0,0.30469265580177307,0.30469265580177307,0.30469265580177307,0.30469265580177307,0.0,-0.959823727607727,0.6948122978210449,-10.72630786895752,0.0,0.0,0.0,0.0,0.0,0.0,0.0,0.0,0.0,0.0,0.0,0.0,0.0,0.0,0.0,0.30469274520874023,0.30469274520874023,0.304692804813385,0.30469274520874023,0.33220455050468445,0.04114978387951851,0.04114978387951851,0.39053526520729065,0.4118903577327728,1.074061632156372,1.191715955734253,0.0,0.0,0.0,0.0,0.0,0.0,0.0
85201042595,0,-0.02080148085951805,-0.14620105922222137,-0.12788167595863342,-0.02080148085951805,-0.14620105922222137,-0.8278816938400269,-0.017328975722193718,0.00655400799587369,0.007293109316378832,0.0,0.0,0.0,-0.012481643818318844,-0.019522257149219513,-0.010293465107679367,0.0,0.0,-0.010293466039001942,0.064394012093544,0.05026323348283768,0.02934996411204338,0.09827778488397598,0.15551410615444183,5.098217661725357e-05,0.0,0.0,0.0,-0.23287656903266907,10.088459968566895,0.0454254150390625,9.800445556640625,0.25309303402900696,-10.0,-9.880027770996094,14.67492389678955,2.0,2.0,17.789152145385742,0.30357420444488525,0.28977540135383606,0.30204102396965027,0.29590821266174316,0.0,0.30469265580177307,0.30469265580177307,0.30469265580177307,0.30469265580177307,0.0,-0.959823727607727,0.6948122978210449,-10.72630786895752,0.0,0.0,0.0,0.0,0.0,0.0,0.0,0.0,0.0,0.0,0.0,0.0,0.0,0.0,0.0,0.30469274520874023,0.30469274520874023,0.304692804813385,0.30469274520874023,0.33220455050468445,0.04114978387951851,0.04114978387951851,0.39053526520729065,0.4118903577327728,1.074061632156372,1.191715955734253,0.0,0.0,0.0,0.0,0.0,0.0,0.0
85210764272,0,-0.02080148085951805,-0.14620105922222137,-0.12788167595863342,-0.02080148085951805,-0.14620105922222137,-0.8278816938400269,-0.017328975722193718,0.00655400799587369,0.007293109316378832,0.0,0.0,0.0,-0.012481643818318844,-0.019522257149219513,-0.010293465107679367,0.0,0.0,-0.010293466039001942,0.064394012093544,0.05026323348283768,0.02934996411204338,0.09827778488397598,0.15551410615444183,5.098217661725357e-05,0.0,0.0,0.0,-0.23287656903266907,10.088459968566895,0.0454254150390625,9.800445556640625,0.25309303402900696,-10.0,-9.880027770996094,14.67492389678955,2.0,2.0,17.789152145385742,0.30357420444488525,0.28977540135383606,0.30204102396965027,0.29590821266174316,0.0,0.30469265580177307,0.30469265580177307,0.30469265580177307,0.30469265580177307,0.0,-0.959823727607727,0.6948122978210449,-10.72630786895752,0.0,0.0,0.0,0.0,0.0,0.0,0.0,0.0,0.0,0.0,0.0,0.0,0.0,0.0,0.0,0.30469274520874023,0.30469274520874023,0.304692804813385,0.30469274520874023,0.33220455050468445,0.04114978387951851,0.04114978387951851,0.39053526520729065,0.4118903577327728,1.074061632156372,1.191715955734253,0.0,0.0,0.0,0.0,0.0,0.0,0.0
85218111126,0,-0.02080148085951805,-0.14620105922222137,-0.12788167595863342,-0.02080148085951805,-0.14620105922222137,-0.8278816938400269,-0.017328975722193718,0.00655400799587369,0.007293109316378832,0.0,0.0,0.0,-0.012481643818318844,-0.019522257149219513,-0.010293465107679367,0.0,0.0,-0.010293466039001942,0.064394012093544,0.05026323348283768,0.02934996411204338,0.09827778488397598,0.15551410615444183,5.098217661725357e-05,0.0,0.0,0.0,-0.23287656903266907,10.088459968566895,0.0454254150390625,9.800445556640625,0.25309303402900696,-10.0,-9.880027770996094,14.67492389678955,2.0,2.0,17.789152145385742,0.30357420444488525,0.28977540135383606,0.30204102396965027,0.29590821266174316,0.0,0.30469265580177307,0.30469265580177307,0.30469265580177307,0.30469265580177307,0.0,-0.959823727607727,0.6948122978210449,-10.72630786895752,0.0,0.0,0.0,0.0,0.0,0.0,0.0,0.0,0.0,0.0,0.0,0.0,0.0,0.0,0.0,0.30469274520874023,0.30469274520874023,0.304692804813385,0.30469274520874023,0.33220455050468445,0.04114978387951851,0.04114978387951851,0.39053526520729065,0.4118903577327728,1.074061632156372,1.191715955734253,0.0,0.0,0.0,0.0,0.0,0.0,0.0
85227686237,0,-0.02080148085951805,-0.14620105922222137,-0.12788167595863342,-0.02080148085951805,-0.14620105922222137,-0.8278816938400269,-0.017328975722193718,0.00655400799587369,0.007293109316378832,0.0,0.0,0.0,-0.012481643818318844,-0.019522257149219513,-0.010293465107679367,0.0,0.0,-0.010293466039001942,0.064394012093544,0.05026323348283768,0.02934996411204338,0.09827778488397598,0.15551410615444183,5.098217661725357e-05,0.0,0.0,0.0,-0.23287656903266907,10.088459968566895,0.0454254150390625,9.800445556640625,0.25309303402900696,-10.0,-9.880027770996094,14.67492389678955,2.0,2.0,17.789152145385742,0.30357420444488525,0.28977540135383606,0.30204102396965027,0.29590821266174316,0.0,0.30469265580177307,0.30469265580177307,0.30469265580177307,0.30469265580177307,0.0,-0.959823727607727,0.6948122978210449,-10.72630786895752,0.0,0.0,0.0,0.0,0.0,0.0,0.0,0.0,0.0,0.0,0.0,0.0,0.0,0.0,0.0,0.30469274520874023,0.30469274520874023,0.304692804813385,0.30469274520874023,0.33220455050468445,0.04114978387951851,0.04114978387951851,0.39053526520729065,0.4118903577327728,1.074061632156372,1.191715955734253,0.0,0.0,0.0,0.0,0.0,0.0,0.0
85237976939,0,-0.02080148085951805,-0.14620105922222137,-0.12788167595863342,-0.02080148085951805,-0.14620105922222137,-0.8278816938400269,-0.017328975722193718,0.00655400799587369,0.007293109316378832,0.0,0.0,0.0,-0.012481643818318844,-0.019522257149219513,-0.010293465107679367,0.0,0.0,-0.010293466039001942,0.064394012093544,0.05026323348283768,0.02934996411204338,0.09827778488397598,0.15551410615444183,5.098217661725357e-05,0.0,0.0,0.0,-0.23287656903266907,10.088459968566895,0.0454254150390625,9.800445556640625,0.25309303402900696,-10.0,-9.880027770996094,14.67492389678955,2.0,2.0,17.789152145385742,0.30357420444488525,0.28977540135383606,0.30204102396965027,0.29590821266174316,0.0,0.30469265580177307,0.30469265580177307,0.30469265580177307,0.30469265580177307,0.0,-0.959823727607727,0.6948122978210449,-10.72630786895752,0.0,0.0,0.0,0.0,0.0,0.0,0.0,0.0,0.0,0.0,0.0,0.0,0.0,0.0,0.0,0.30469274520874023,0.30469274520874023,0.304692804813385,0.30469274520874023,0.33220455050468445,0.04114978387951851,0.04114978387951851,0.39053526520729065,0.4118903577327728,1.074061632156372,1.191715955734253,0.0,0.0,0.0,0.0,0.0,0.0,0.0
85247895526,0,-0.02080148085951805,-0.14620105922222137,-0.12788167595863342,-0.02080148085951805,-0.14620105922222137,-0.8278816938400269,-0.017328975722193718,0.00655400799587369,0.007293109316378832,0.0,0.0,0.0,-0.012481643818318844,-0.019522257149219513,-0.010293465107679367,0.0,0.0,-0.010293466039001942,0.064394012093544,0.05026323348283768,0.02934996411204338,0.09827778488397598,0.15551410615444183,5.098217661725357e-05,0.0,0.0,0.0,-0.23287656903266907,10.088459968566895,0.0454254150390625,9.800445556640625,0.25309303402900696,-10.0,-9.880027770996094,14.67492389678955,2.0,2.0,17.789152145385742,0.30357420444488525,0.28977540135383606,0.30204102396965027,0.29590821266174316,0.0,0.30469265580177307,0.30469265580177307,0.30469265580177307,0.30469265580177307,0.0,-0.959823727607727,0.6948122978210449,-10.72630786895752,0.0,0.0,0.0,0.0,0.0,0.0,0.0,0.0,0.0,0.0,0.0,0.0,0.0,0.0,0.0,0.30469274520874023,0.30469274520874023,0.304692804813385,0.30469274520874023,0.33220455050468445,0.04114978387951851,0.04114978387951851,0.39053526520729065,0.4118903577327728,1.074061632156372,1.191715955734253,0.0,0.0,0.0,0.0,0.0,0.0,0.0
85258235306,0,-0.02080148085951805,-0.14620105922222137,-0.12788167595863342,-0.02080148085951805,-0.14620105922222137,-0.8278816938400269,-0.017328975722193718,0.00655400799587369,0.007293109316378832,0.0,0.0,0.0,-0.012481643818318844,-0.019522257149219513,-0.010293465107679367,0.0,0.0,-0.010293466039001942,0.064394012093544,0.05026323348283768,0.02934996411204338,0.09827778488397598,0.15551410615444183,5.098217661725357e-05,0.0,0.0,0.0,-0.23287656903266907,10.088459968566895,0.0454254150390625,9.800445556640625,0.25309303402900696,-10.0,-9.880027770996094,14.67492389678955,2.0,2.0,17.789152145385742,0.30357420444488525,0.28977540135383606,0.30204102396965027,0.29590821266174316,0.0,0.30469265580177307,0.30469265580177307,0.30469265580177307,0.30469265580177307,0.0,-0.959823727607727,0.6948122978210449,-10.72630786895752,0.0,0.0,0.0,0.0,0.0,0.0,0.0,0.0,0.0,0.0,0.0,0.0,0.0,0.0,0.0,0.30469274520874023,0.30469274520874023,0.304692804813385,0.30469274520874023,0.33220455050468445,0.04114978387951851,0.04114978387951851,0.39053526520729065,0.4118903577327728,1.074061632156372,1.191715955734253,0.0,0.0,0.0,0.0,0.0,0.0,0.0
85268834715,0,-0.02080148085951805,-0.14620105922222137,-0.12788167595863342,-0.02080148085951805,-0.14620105922222137,-0.8278816938400269,-0.017328975722193718,0.00655400799587369,0.007293109316378832,0.0,0.0,0.0,-0.012481643818318844,-0.019522257149219513,-0.010293465107679367,0.0,0.0,-0.010293466039001942,0.064394012093544,0.05026323348283768,0.02934996411204338,0.09827778488397598,0.15551410615444183,5.098217661725357e-05,0.0,0.0,0.0,-0.23287656903266907,10.088459968566895,0.0454254150390625,9.800445556640625,0.25309303402900696,-10.0,-9.880027770996094,14.67492389678955,2.0,2.0,17.789152145385742,0.30357420444488525,0.28977540135383606,0.30204102396965027,0.29590821266174316,0.0,0.30469265580177307,0.30469265580177307,0.30469265580177307,0.30469265580177307,0.0,-0.959823727607727,0.6948122978210449,-10.72630786895752,0.0,0.0,0.0,0.0,0.0,0.0,0.0,0.0,0.0,0.0,0.0,0.0,0.0,0.0,0.0,0.30469274520874023,0.30469274520874023,0.304692804813385,0.30469274520874023,0.33220455050468445,0.04114978387951851,0.04114978387951851,0.39053526520729065,0.4118903577327728,1.074061632156372,1.191715955734253,0.0,0.0,0.0,0.0,0.0,0.0,0.0
85279266517,0,-0.02080148085951805,-0.14620105922222137,-0.12788167595863342,-0.02080148085951805,-0.14620105922222137,-0.8278816938400269,-0.017328975722193718,0.00655400799587369,0.007293109316378832,0.0,0.0,0.0,-0.012481643818318844,-0.019522257149219513,-0.010293465107679367,0.0,0.0,-0.010293466039001942,0.064394012093544,0.05026323348283768,0.02934996411204338,0.09827778488397598,0.15551410615444183,5.098217661725357e-05,0.0,0.0,0.0,-0.23287656903266907,10.088459968566895,0.0454254150390625,9.800445556640625,0.25309303402900696,-10.0,-9.880027770996094,14.67492389678955,2.0,2.0,17.789152145385742,0.30357420444488525,0.28977540135383606,0.30204102396965027,0.29590821266174316,0.0,0.30469265580177307,0.30469265580177307,0.30469265580177307,0.30469265580177307,0.0,-0.959823727607727,0.6948122978210449,-10.72630786895752,0.0,0.0,0.0,0.0,0.0,0.0,0.0,0.0,0.0,0.0,0.0,0.0,0.0,0.0,0.0,0.30469274520874023,0.30469274520874023,0.304692804813385,0.30469274520874023,0.33220455050468445,0.04114978387951851,0.04114978387951851,0.39053526520729065,0.4118903577327728,1.074061632156372,1.191715955734253,0.0,0.0,0.0,0.0,0.0,0.0,0.0
85288707570,0,-0.02080148085951805,-0.14620105922222137,-0.12788167595863342,-0.02080148085951805,-0.14620105922222137,-0.8278816938400269,-0.017328975722193718,0.00655400799587369,0.007293109316378832,0.0,0.0,0.0,-0.012481643818318844,-0.019522257149219513,-0.010293465107679367,0.0,0.0,-0.010293466039001942,0.064394012093544,0.05026323348283768,0.02934996411204338,0.09827778488397598,0.15551410615444183,5.098217661725357e-05,0.0,0.0,0.0,-0.23287656903266907,10.088459968566895,0.0454254150390625,9.800445556640625,0.25309303402900696,-10.0,-9.880027770996094,14.67492389678955,2.0,2.0,17.789152145385742,0.30357420444488525,0.28977540135383606,0.30204102396965027,0.29590821266174316,0.0,0.30469265580177307,0.30469265580177307,0.30469265580177307,0.30469265580177307,0.0,-0.959823727607727,0.6948122978210449,-10.72630786895752,0.0,0.0,0.0,0.0,0.0,0.0,0.0,0.0,0.0,0.0,0.0,0.0,0.0,0.0,0.0,0.30469274520874023,0.30469274520874023,0.304692804813385,0.30469274520874023,0.33220455050468445,0.04114978387951851,0.04114978387951851,0.39053526520729065,0.4118903577327728,1.074061632156372,1.191715955734253,0.0,0.0,0.0,0.0,0.0,0.0,0.0
85298982565,0,-0.02080148085951805,-0.14620105922222137,-0.12788167595863342,-0.02080148085951805,-0.14620105922222137,-0.8278816938400269,-0.017328975722193718,0.00655400799587369,0.007293109316378832,0.0,0.0,0.0,-0.012481643818318844,-0.019522257149219513,-0.010293465107679367,0.0,0.0,-0.010293466039001942,0.064394012093544,0.05026323348283768,0.02934996411204338,0.09827778488397598,0.15551410615444183,5.098217661725357e-05,0.0,0.0,0.0,-0.23287656903266907,10.088459968566895,0.0454254150390625,9.800445556640625,0.25309303402900696,-10.0,-9.880027770996094,14.67492389678955,2.0,2.0,17.789152145385742,0.30357420444488525,0.28977540135383606,0.30204102396965027,0.29590821266174316,0.0,0.30469265580177307,0.30469265580177307,0.30469265580177307,0.30469265580177307,0.0,-0.959823727607727,0.6948122978210449,-10.72630786895752,0.0,0.0,0.0,0.0,0.0,0.0,0.0,0.0,0.0,0.0,0.0,0.0,0.0,0.0,0.0,0.30469274520874023,0.30469274520874023,0.304692804813385,0.30469274520874023,0.33220455050468445,0.04114978387951851,0.04114978387951851,0.39053526520729065,0.4118903577327728,1.074061632156372,1.191715955734253,0.0,0.0,0.0,0.0,0.0,0.0,0.0
85308893215,0,-0.02080148085951805,-0.14620105922222137,-0.12788167595863342,-0.02080148085951805,-0.14620105922222137,-0.8278816938400269,-0.017328975722193718,0.00655400799587369,0.007293109316378832,0.0,0.0,0.0,-0.012481643818318844,-0.019522257149219513,-0.010293465107679367,0.0,0.0,-0.010293466039001942,0.064394012093544,0.05026323348283768,0.02934996411204338,0.09827778488397598,0.15551410615444183,5.098217661725357e-05,0.0,0.0,0.0,-0.23287656903266907,10.088459968566895,0.0454254150390625,9.800445556640625,0.25309303402900696,-10.0,-9.880027770996094,14.67492389678955,2.0,2.0,17.789152145385742,0.30357420444488525,0.28977540135383606,0.30204102396965027,0.29590821266174316,0.0,0.30469265580177307,0.30469265580177307,0.30469265580177307,0.30469265580177307,0.0,-0.959823727607727,0.6948122978210449,-10.72630786895752,0.0,0.0,0.0,0.0,0.0,0.0,0.0,0.0,0.0,0.0,0.0,0.0,0.0,0.0,0.0,0.30469274520874023,0.30469274520874023,0.304692804813385,0.30469274520874023,0.33220455050468445,0.04114978387951851,0.04114978387951851,0.39053526520729065,0.4118903577327728,1.074061632156372,1.191715955734253,0.0,0.0,0.0,0.0,0.0,0.0,0.0
85342534728,0,-0.02080148085951805,-0.14620105922222137,-0.12788167595863342,-0.02080148085951805,-0.14620105922222137,-0.8278816938400269,-0.017328975722193718,0.00655400799587369,0.007293109316378832,0.0,0.0,0.0,-0.012481643818318844,-0.019522257149219513,-0.010293465107679367,0.0,0.0,-0.010293466039001942,0.064394012093544,0.05026323348283768,0.02934996411204338,0.09827778488397598,0.15551410615444183,5.098217661725357e-05,0.0,0.0,0.0,-0.23287656903266907,10.088459968566895,0.0454254150390625,9.800445556640625,0.25309303402900696,-10.0,-9.880027770996094,14.67492389678955,2.0,2.0,17.789152145385742,0.30357420444488525,0.28977540135383606,0.30204102396965027,0.29590821266174316,0.0,0.30469265580177307,0.30469265580177307,0.30469265580177307,0.30469265580177307,0.0,-0.959823727607727,0.6948122978210449,-10.72630786895752,0.0,0.0,0.0,0.0,0.0,0.0,0.0,0.0,0.0,0.0,0.0,0.0,0.0,0.0,0.0,0.30469274520874023,0.30469274520874023,0.304692804813385,0.30469274520874023,0.33220455050468445,0.04114978387951851,0.04114978387951851,0.39053526520729065,0.4118903577327728,1.074061632156372,1.191715955734253,0.0,0.0,0.0,0.0,0.0,0.0,0.0
85342557141,0,-0.02080148085951805,-0.14620105922222137,-0.12788167595863342,-0.02080148085951805,-0.14620105922222137,-0.8278816938400269,-0.017328975722193718,0.00655400799587369,0.007293109316378832,0.0,0.0,0.0,-0.012481643818318844,-0.019522257149219513,-0.010293465107679367,0.0,0.0,-0.010293466039001942,0.064394012093544,0.05026323348283768,0.02934996411204338,0.09827778488397598,0.15551410615444183,5.098217661725357e-05,0.0,0.0,0.0,-0.23287656903266907,10.088459968566895,0.0454254150390625,9.800445556640625,0.25309303402900696,-10.0,-9.880027770996094,14.67492389678955,2.0,2.0,17.789152145385742,0.30357420444488525,0.28977540135383606,0.30204102396965027,0.29590821266174316,0.0,0.30469265580177307,0.30469265580177307,0.30469265580177307,0.30469265580177307,0.0,-0.959823727607727,0.6948122978210449,-10.72630786895752,0.0,0.0,0.0,0.0,0.0,0.0,0.0,0.0,0.0,0.0,0.0,0.0,0.0,0.0,0.0,0.30469274520874023,0.30469274520874023,0.304692804813385,0.30469274520874023,0.33220455050468445,0.04114978387951851,0.04114978387951851,0.39053526520729065,0.4118903577327728,1.074061632156372,1.191715955734253,0.0,0.0,0.0,0.0,0.0,0.0,0.0
85342561332,0,-0.02080148085951805,-0.14620105922222137,-0.12788167595863342,-0.02080148085951805,-0.14620105922222137,-0.8278816938400269,-0.017328975722193718,0.00655400799587369,0.007293109316378832,0.0,0.0,0.0,-0.012481643818318844,-0.019522257149219513,-0.010293465107679367,0.0,0.0,-0.010293466039001942,0.064394012093544,0.05026323348283768,0.02934996411204338,0.09827778488397598,0.15551410615444183,5.098217661725357e-05,0.0,0.0,0.0,-0.23287656903266907,10.088459968566895,0.0454254150390625,9.800445556640625,0.25309303402900696,-10.0,-9.880027770996094,14.67492389678955,2.0,2.0,17.789152145385742,0.30357420444488525,0.28977540135383606,0.30204102396965027,0.29590821266174316,0.0,0.30469265580177307,0.30469265580177307,0.30469265580177307,0.30469265580177307,0.0,-0.959823727607727,0.6948122978210449,-10.72630786895752,0.0,0.0,0.0,0.0,0.0,0.0,0.0,0.0,0.0,0.0,0.0,0.0,0.0,0.0,0.0,0.30469274520874023,0.30469274520874023,0.304692804813385,0.30469274520874023,0.33220455050468445,0.04114978387951851,0.04114978387951851,0.39053526520729065,0.4118903577327728,1.074061632156372,1.191715955734253,0.0,0.0,0.0,0.0,0.0,0.0,0.0
85349420081,0,-0.02080148085951805,-0.14620105922222137,-0.12788167595863342,-0.02080148085951805,-0.14620105922222137,-0.8278816938400269,-0.017328975722193718,0.00655400799587369,0.007293109316378832,0.0,0.0,0.0,-0.012481643818318844,-0.019522257149219513,-0.010293465107679367,0.0,0.0,-0.010293466039001942,0.064394012093544,0.05026323348283768,0.02934996411204338,0.09827778488397598,0.15551410615444183,5.098217661725357e-05,0.0,0.0,0.0,-0.23287656903266907,10.088459968566895,0.0454254150390625,9.800445556640625,0.25309303402900696,-10.0,-9.880027770996094,14.67492389678955,2.0,2.0,17.789152145385742,0.30357420444488525,0.28977540135383606,0.30204102396965027,0.29590821266174316,0.0,0.30469265580177307,0.30469265580177307,0.30469265580177307,0.30469265580177307,0.0,-0.959823727607727,0.6948122978210449,-10.72630786895752,0.0,0.0,0.0,0.0,0.0,0.0,0.0,0.0,0.0,0.0,0.0,0.0,0.0,0.0,0.0,0.30469274520874023,0.30469274520874023,0.304692804813385,0.30469274520874023,0.33220455050468445,0.04114978387951851,0.04114978387951851,0.39053526520729065,0.4118903577327728,1.074061632156372,1.191715955734253,0.0,0.0,0.0,0.0,0.0,0.0,0.0
85366042459,0,-0.02080148085951805,-0.14620105922222137,-0.12788167595863342,-0.02080148085951805,-0.14620105922222137,-0.8278816938400269,-0.017328975722193718,0.00655400799587369,0.007293109316378832,0.0,0.0,0.0,-0.012481643818318844,-0.019522257149219513,-0.010293465107679367,0.0,0.0,-0.010293466039001942,0.064394012093544,0.05026323348283768,0.02934996411204338,0.09827778488397598,0.15551410615444183,5.098217661725357e-05,0.0,0.0,0.0,-0.23287656903266907,10.088459968566895,0.0454254150390625,9.800445556640625,0.25309303402900696,-10.0,-9.880027770996094,14.67492389678955,2.0,2.0,17.789152145385742,0.30357420444488525,0.28977540135383606,0.30204102396965027,0.29590821266174316,0.0,0.30469265580177307,0.30469265580177307,0.30469265580177307,0.30469265580177307,0.0,-0.959823727607727,0.6948122978210449,-10.72630786895752,0.0,0.0,0.0,0.0,0.0,0.0,0.0,0.0,0.0,0.0,0.0,0.0,0.0,0.0,0.0,0.30469274520874023,0.30469274520874023,0.304692804813385,0.30469274520874023,0.33220455050468445,0.04114978387951851,0.04114978387951851,0.39053526520729065,0.4118903577327728,1.074061632156372,1.191715955734253,0.0,0.0,0.0,0.0,0.0,0.0,0.0
85368623134,0,-0.02080148085951805,-0.14620105922222137,-0.12788167595863342,-0.02080148085951805,-0.14620105922222137,-0.8278816938400269,-0.017328975722193718,0.00655400799587369,0.007293109316378832,0.0,0.0,0.0,-0.012481643818318844,-0.019522257149219513,-0.010293465107679367,0.0,0.0,-0.010293466039001942,0.064394012093544,0.05026323348283768,0.02934996411204338,0.09827778488397598,0.15551410615444183,5.098217661725357e-05,0.0,0.0,0.0,-0.23287656903266907,10.088459968566895,0.0454254150390625,9.800445556640625,0.25309303402900696,-10.0,-9.880027770996094,14.67492389678955,2.0,2.0,17.789152145385742,0.30357420444488525,0.28977540135383606,0.30204102396965027,0.29590821266174316,0.0,0.30469265580177307,0.30469265580177307,0.30469265580177307,0.30469265580177307,0.0,-0.959823727607727,0.6948122978210449,-10.72630786895752,0.0,0.0,0.0,0.0,0.0,0.0,0.0,0.0,0.0,0.0,0.0,0.0,0.0,0.0,0.0,0.30469274520874023,0.30469274520874023,0.304692804813385,0.30469274520874023,0.33220455050468445,0.04114978387951851,0.04114978387951851,0.39053526520729065,0.4118903577327728,1.074061632156372,1.191715955734253,0.0,0.0,0.0,0.0,0.0,0.0,0.0
85378612082,0,-0.02080148085951805,-0.14620105922222137,-0.12788167595863342,-0.02080148085951805,-0.14620105922222137,-0.8278816938400269,-0.017328975722193718,0.00655400799587369,0.007293109316378832,0.0,0.0,0.0,-0.012481643818318844,-0.019522257149219513,-0.010293465107679367,0.0,0.0,-0.010293466039001942,0.064394012093544,0.05026323348283768,0.02934996411204338,0.09827778488397598,0.15551410615444183,5.098217661725357e-05,0.0,0.0,0.0,-0.23287656903266907,10.088459968566895,0.0454254150390625,9.800445556640625,0.25309303402900696,-10.0,-9.880027770996094,14.67492389678955,2.0,2.0,17.789152145385742,0.30357420444488525,0.28977540135383606,0.30204102396965027,0.29590821266174316,0.0,0.30469265580177307,0.30469265580177307,0.30469265580177307,0.30469265580177307,0.0,-0.959823727607727,0.6948122978210449,-10.72630786895752,0.0,0.0,0.0,0.0,0.0,0.0,0.0,0.0,0.0,0.0,0.0,0.0,0.0,0.0,0.0,0.30469274520874023,0.30469274520874023,0.304692804813385,0.30469274520874023,0.33220455050468445,0.04114978387951851,0.04114978387951851,0.39053526520729065,0.4118903577327728,1.074061632156372,1.191715955734253,0.0,0.0,0.0,0.0,0.0,0.0,0.0
85389846524,0,-0.02080148085951805,-0.14620105922222137,-0.12788167595863342,-0.02080148085951805,-0.14620105922222137,-0.8278816938400269,-0.017328975722193718,0.00655400799587369,0.007293109316378832,0.0,0.0,0.0,-0.012481643818318844,-0.019522257149219513,-0.010293465107679367,0.0,0.0,-0.010293466039001942,0.064394012093544,0.05026323348283768,0.02934996411204338,0.09827778488397598,0.15551410615444183,5.098217661725357e-05,0.0,0.0,0.0,-0.23287656903266907,10.088459968566895,0.0454254150390625,9.800445556640625,0.25309303402900696,-10.0,-9.880027770996094,14.67492389678955,2.0,2.0,17.789152145385742,0.30357420444488525,0.28977540135383606,0.30204102396965027,0.29590821266174316,0.0,0.30469265580177307,0.30469265580177307,0.30469265580177307,0.30469265580177307,0.0,-0.959823727607727,0.6948122978210449,-10.72630786895752,0.0,0.0,0.0,0.0,0.0,0.0,0.0,0.0,0.0,0.0,0.0,0.0,0.0,0.0,0.0,0.30469274520874023,0.30469274520874023,0.304692804813385,0.30469274520874023,0.33220455050468445,0.04114978387951851,0.04114978387951851,0.39053526520729065,0.4118903577327728,1.074061632156372,1.191715955734253,0.0,0.0,0.0,0.0,0.0,0.0,0.0
85409602853,0,-0.02080148085951805,-0.14620105922222137,-0.12788167595863342,-0.02080148085951805,-0.14620105922222137,-0.8278816938400269,-0.017328975722193718,0.00655400799587369,0.007293109316378832,0.0,0.0,0.0,-0.012481643818318844,-0.019522257149219513,-0.010293465107679367,0.0,0.0,-0.010293466039001942,0.064394012093544,0.05026323348283768,0.02934996411204338,0.09827778488397598,0.15551410615444183,5.098217661725357e-05,0.0,0.0,0.0,-0.23287656903266907,10.088459968566895,0.0454254150390625,9.800445556640625,0.25309303402900696,-10.0,-9.880027770996094,14.67492389678955,2.0,2.0,17.789152145385742,0.30357420444488525,0.28977540135383606,0.30204102396965027,0.29590821266174316,0.0,0.30469265580177307,0.30469265580177307,0.30469265580177307,0.30469265580177307,0.0,-0.959823727607727,0.6948122978210449,-10.72630786895752,0.0,0.0,0.0,0.0,0.0,0.0,0.0,0.0,0.0,0.0,0.0,0.0,0.0,0.0,0.0,0.30469274520874023,0.30469274520874023,0.304692804813385,0.30469274520874023,0.33220455050468445,0.04114978387951851,0.04114978387951851,0.39053526520729065,0.4118903577327728,1.074061632156372,1.191715955734253,0.0,0.0,0.0,0.0,0.0,0.0,0.0
85409668756,0,-0.02080148085951805,-0.14620105922222137,-0.12788167595863342,-0.02080148085951805,-0.14620105922222137,-0.8278816938400269,-0.017328975722193718,0.00655400799587369,0.007293109316378832,0.0,0.0,0.0,-0.012481643818318844,-0.019522257149219513,-0.010293465107679367,0.0,0.0,-0.010293466039001942,0.064394012093544,0.05026323348283768,0.02934996411204338,0.09827778488397598,0.15551410615444183,5.098217661725357e-05,0.0,0.0,0.0,-0.23287656903266907,10.088459968566895,0.0454254150390625,9.800445556640625,0.25309303402900696,-10.0,-9.880027770996094,14.67492389678955,2.0,2.0,17.789152145385742,0.30357420444488525,0.28977540135383606,0.30204102396965027,0.29590821266174316,0.0,0.30469265580177307,0.30469265580177307,0.30469265580177307,0.30469265580177307,0.0,-0.959823727607727,0.6948122978210449,-10.72630786895752,0.0,0.0,0.0,0.0,0.0,0.0,0.0,0.0,0.0,0.0,0.0,0.0,0.0,0.0,0.0,0.30469274520874023,0.30469274520874023,0.304692804813385,0.30469274520874023,0.33220455050468445,0.04114978387951851,0.04114978387951851,0.39053526520729065,0.4118903577327728,1.074061632156372,1.191715955734253,0.0,0.0,0.0,0.0,0.0,0.0,0.0
85419115843,0,-0.02080148085951805,-0.14620105922222137,-0.12788167595863342,-0.02080148085951805,-0.14620105922222137,-0.8278816938400269,-0.017328975722193718,0.00655400799587369,0.007293109316378832,0.0,0.0,0.0,-0.012481643818318844,-0.019522257149219513,-0.010293465107679367,0.0,0.0,-0.010293466039001942,0.064394012093544,0.05026323348283768,0.02934996411204338,0.09827778488397598,0.15551410615444183,5.098217661725357e-05,0.0,0.0,0.0,-0.23287656903266907,10.088459968566895,0.0454254150390625,9.800445556640625,0.25309303402900696,-10.0,-9.880027770996094,14.67492389678955,2.0,2.0,17.789152145385742,0.30357420444488525,0.28977540135383606,0.30204102396965027,0.29590821266174316,0.0,0.30469265580177307,0.30469265580177307,0.30469265580177307,0.30469265580177307,0.0,-0.959823727607727,0.6948122978210449,-10.72630786895752,0.0,0.0,0.0,0.0,0.0,0.0,0.0,0.0,0.0,0.0,0.0,0.0,0.0,0.0,0.0,0.30469274520874023,0.30469274520874023,0.304692804813385,0.30469274520874023,0.33220455050468445,0.04114978387951851,0.04114978387951851,0.39053526520729065,0.4118903577327728,1.074061632156372,1.191715955734253,0.0,0.0,0.0,0.0,0.0,0.0,0.0
85449585091,0,-0.02080148085951805,-0.14620105922222137,-0.12788167595863342,-0.02080148085951805,-0.14620105922222137,-0.8278816938400269,-0.017328975722193718,0.00655400799587369,0.007293109316378832,0.0,0.0,0.0,-0.012481643818318844,-0.019522257149219513,-0.010293465107679367,0.0,0.0,-0.010293466039001942,0.064394012093544,0.05026323348283768,0.02934996411204338,0.09827778488397598,0.15551410615444183,5.098217661725357e-05,0.0,0.0,0.0,-0.23287656903266907,10.088459968566895,0.0454254150390625,9.800445556640625,0.25309303402900696,-10.0,-9.880027770996094,14.67492389678955,2.0,2.0,17.789152145385742,0.30357420444488525,0.28977540135383606,0.30204102396965027,0.29590821266174316,0.0,0.30469265580177307,0.30469265580177307,0.30469265580177307,0.30469265580177307,0.0,-0.959823727607727,0.6948122978210449,-10.72630786895752,0.0,0.0,0.0,0.0,0.0,0.0,0.0,0.0,0.0,0.0,0.0,0.0,0.0,0.0,0.0,0.30469274520874023,0.30469274520874023,0.304692804813385,0.30469274520874023,0.33220455050468445,0.04114978387951851,0.04114978387951851,0.39053526520729065,0.4118903577327728,1.074061632156372,1.191715955734253,0.0,0.0,0.0,0.0,0.0,0.0,0.0
85449610756,0,-0.02080148085951805,-0.14620105922222137,-0.12788167595863342,-0.02080148085951805,-0.14620105922222137,-0.8278816938400269,-0.017328975722193718,0.00655400799587369,0.007293109316378832,0.0,0.0,0.0,-0.012481643818318844,-0.019522257149219513,-0.010293465107679367,0.0,0.0,-0.010293466039001942,0.064394012093544,0.05026323348283768,0.02934996411204338,0.09827778488397598,0.15551410615444183,5.098217661725357e-05,0.0,0.0,0.0,-0.23287656903266907,10.088459968566895,0.0454254150390625,9.800445556640625,0.25309303402900696,-10.0,-9.880027770996094,14.67492389678955,2.0,2.0,17.789152145385742,0.30357420444488525,0.28977540135383606,0.30204102396965027,0.29590821266174316,0.0,0.30469265580177307,0.30469265580177307,0.30469265580177307,0.30469265580177307,0.0,-0.959823727607727,0.6948122978210449,-10.72630786895752,0.0,0.0,0.0,0.0,0.0,0.0,0.0,0.0,0.0,0.0,0.0,0.0,0.0,0.0,0.0,0.30469274520874023,0.30469274520874023,0.304692804813385,0.30469274520874023,0.33220455050468445,0.04114978387951851,0.04114978387951851,0.39053526520729065,0.4118903577327728,1.074061632156372,1.191715955734253,0.0,0.0,0.0,0.0,0.0,0.0,0.0
85449615436,0,-0.02080148085951805,-0.14620105922222137,-0.12788167595863342,-0.02080148085951805,-0.14620105922222137,-0.8278816938400269,-0.017328975722193718,0.00655400799587369,0.007293109316378832,0.0,0.0,0.0,-0.012481643818318844,-0.019522257149219513,-0.010293465107679367,0.0,0.0,-0.010293466039001942,0.064394012093544,0.05026323348283768,0.02934996411204338,0.09827778488397598,0.15551410615444183,5.098217661725357e-05,0.0,0.0,0.0,-0.23287656903266907,10.088459968566895,0.0454254150390625,9.800445556640625,0.25309303402900696,-10.0,-9.880027770996094,14.67492389678955,2.0,2.0,17.789152145385742,0.30357420444488525,0.28977540135383606,0.30204102396965027,0.29590821266174316,0.0,0.30469265580177307,0.30469265580177307,0.30469265580177307,0.30469265580177307,0.0,-0.959823727607727,0.6948122978210449,-10.72630786895752,0.0,0.0,0.0,0.0,0.0,0.0,0.0,0.0,0.0,0.0,0.0,0.0,0.0,0.0,0.0,0.30469274520874023,0.30469274520874023,0.304692804813385,0.30469274520874023,0.33220455050468445,0.04114978387951851,0.04114978387951851,0.39053526520729065,0.4118903577327728,1.074061632156372,1.191715955734253,0.0,0.0,0.0,0.0,0.0,0.0,0.0
85458674228,0,-0.02080148085951805,-0.14620105922222137,-0.12788167595863342,-0.02080148085951805,-0.14620105922222137,-0.8278816938400269,-0.017328975722193718,0.00655400799587369,0.007293109316378832,0.0,0.0,0.0,-0.012481643818318844,-0.019522257149219513,-0.010293465107679367,0.0,0.0,-0.010293466039001942,0.064394012093544,0.05026323348283768,0.02934996411204338,0.09827778488397598,0.15551410615444183,5.098217661725357e-05,0.0,0.0,0.0,-0.23287656903266907,10.088459968566895,0.0454254150390625,9.800445556640625,0.25309303402900696,-10.0,-9.880027770996094,14.67492389678955,2.0,2.0,17.789152145385742,0.30357420444488525,0.28977540135383606,0.30204102396965027,0.29590821266174316,0.0,0.30469265580177307,0.30469265580177307,0.30469265580177307,0.30469265580177307,0.0,-0.959823727607727,0.6948122978210449,-10.72630786895752,0.0,0.0,0.0,0.0,0.0,0.0,0.0,0.0,0.0,0.0,0.0,0.0,0.0,0.0,0.0,0.30469274520874023,0.30469274520874023,0.304692804813385,0.30469274520874023,0.33220455050468445,0.04114978387951851,0.04114978387951851,0.39053526520729065,0.4118903577327728,1.074061632156372,1.191715955734253,0.0,0.0,0.0,0.0,0.0,0.0,0.0
85468597384,0,-0.02080148085951805,-0.14620105922222137,-0.12788167595863342,-0.02080148085951805,-0.14620105922222137,-0.8278816938400269,-0.017328975722193718,0.00655400799587369,0.007293109316378832,0.0,0.0,0.0,-0.012481643818318844,-0.019522257149219513,-0.010293465107679367,0.0,0.0,-0.010293466039001942,0.064394012093544,0.05026323348283768,0.02934996411204338,0.09827778488397598,0.15551410615444183,5.098217661725357e-05,0.0,0.0,0.0,-0.23287656903266907,10.088459968566895,0.0454254150390625,9.800445556640625,0.25309303402900696,-10.0,-9.880027770996094,14.67492389678955,2.0,2.0,17.789152145385742,0.30357420444488525,0.28977540135383606,0.30204102396965027,0.29590821266174316,0.0,0.30469265580177307,0.30469265580177307,0.30469265580177307,0.30469265580177307,0.0,-0.959823727607727,0.6948122978210449,-10.72630786895752,0.0,0.0,0.0,0.0,0.0,0.0,0.0,0.0,0.0,0.0,0.0,0.0,0.0,0.0,0.0,0.30469274520874023,0.30469274520874023,0.304692804813385,0.30469274520874023,0.33220455050468445,0.04114978387951851,0.04114978387951851,0.39053526520729065,0.4118903577327728,1.074061632156372,1.191715955734253,0.0,0.0,0.0,0.0,0.0,0.0,0.0
85478681911,0,-0.02080148085951805,-0.14620105922222137,-0.12788167595863342,-0.02080148085951805,-0.14620105922222137,-0.8278816938400269,-0.017328975722193718,0.00655400799587369,0.007293109316378832,0.0,0.0,0.0,-0.012481643818318844,-0.019522257149219513,-0.010293465107679367,0.0,0.0,-0.010293466039001942,0.064394012093544,0.05026323348283768,0.02934996411204338,0.09827778488397598,0.15551410615444183,5.098217661725357e-05,0.0,0.0,0.0,-0.23287656903266907,10.088459968566895,0.0454254150390625,9.800445556640625,0.25309303402900696,-10.0,-9.880027770996094,14.67492389678955,2.0,2.0,17.789152145385742,0.30357420444488525,0.28977540135383606,0.30204102396965027,0.29590821266174316,0.0,0.30469265580177307,0.30469265580177307,0.30469265580177307,0.30469265580177307,0.0,-0.959823727607727,0.6948122978210449,-10.72630786895752,0.0,0.0,0.0,0.0,0.0,0.0,0.0,0.0,0.0,0.0,0.0,0.0,0.0,0.0,0.0,0.30469274520874023,0.30469274520874023,0.304692804813385,0.30469274520874023,0.33220455050468445,0.04114978387951851,0.04114978387951851,0.39053526520729065,0.4118903577327728,1.074061632156372,1.191715955734253,0.0,0.0,0.0,0.0,0.0,0.0,0.0
